user_id,fold,k_user,k_item,k,ndcg
1,1,10,150,1,1.0
2,1,10,150,1,0.0
3,1,10,150,1,0.0
4,1,10,150,1,0.0
5,1,10,150,1,0.0
6,1,10,150,1,0.0
7,1,10,150,1,0.0
8,1,10,150,1,0.0
9,1,10,150,1,0.0
10,1,10,150,1,0.0
11,1,10,150,1,1.0
12,1,10,150,1,0.0
13,1,10,150,1,0.0
14,1,10,150,1,1.0
15,1,10,150,1,0.0
16,1,10,150,1,0.0
17,1,10,150,1,0.0
18,1,10,150,1,0.0
19,1,10,150,1,0.0
20,1,10,150,1,0.0
21,1,10,150,1,0.0
22,1,10,150,1,0.0
23,1,10,150,1,0.0
24,1,10,150,1,0.0
25,1,10,150,1,0.0
26,1,10,150,1,0.0
27,1,10,150,1,0.0
28,1,10,150,1,1.0
29,1,10,150,1,0.0
30,1,10,150,1,0.0
31,1,10,150,1,0.0
32,1,10,150,1,0.0
33,1,10,150,1,0.0
34,1,10,150,1,0.0
35,1,10,150,1,0.0
36,1,10,150,1,0.0
37,1,10,150,1,0.0
38,1,10,150,1,1.0
39,1,10,150,1,0.0
40,1,10,150,1,0.0
41,1,10,150,1,0.0
42,1,10,150,1,0.0
43,1,10,150,1,1.0
44,1,10,150,1,0.0
45,1,10,150,1,0.0
46,1,10,150,1,0.0
47,1,10,150,1,0.0
48,1,10,150,1,0.0
49,1,10,150,1,0.0
50,1,10,150,1,0.0
51,1,10,150,1,0.0
52,1,10,150,1,0.0
53,1,10,150,1,0.0
54,1,10,150,1,0.0
55,1,10,150,1,0.0
56,1,10,150,1,0.0
57,1,10,150,1,1.0
58,1,10,150,1,0.0
59,1,10,150,1,1.0
60,1,10,150,1,0.0
61,1,10,150,1,0.0
62,1,10,150,1,1.0
63,1,10,150,1,0.0
64,1,10,150,1,1.0
65,1,10,150,1,1.0
66,1,10,150,1,0.0
67,1,10,150,1,0.0
68,1,10,150,1,0.0
69,1,10,150,1,1.0
70,1,10,150,1,0.0
71,1,10,150,1,0.0
72,1,10,150,1,0.0
73,1,10,150,1,0.0
74,1,10,150,1,0.0
75,1,10,150,1,0.0
76,1,10,150,1,0.0
77,1,10,150,1,0.0
78,1,10,150,1,0.0
79,1,10,150,1,1.0
80,1,10,150,1,0.0
81,1,10,150,1,0.0
82,1,10,150,1,1.0
83,1,10,150,1,0.0
84,1,10,150,1,0.0
85,1,10,150,1,0.0
86,1,10,150,1,0.0
87,1,10,150,1,0.0
88,1,10,150,1,0.0
89,1,10,150,1,0.0
90,1,10,150,1,0.0
91,1,10,150,1,0.0
92,1,10,150,1,1.0
93,1,10,150,1,0.0
94,1,10,150,1,1.0
95,1,10,150,1,1.0
96,1,10,150,1,1.0
97,1,10,150,1,0.0
98,1,10,150,1,0.0
99,1,10,150,1,0.0
100,1,10,150,1,0.0
101,1,10,150,1,0.0
102,1,10,150,1,0.0
103,1,10,150,1,0.0
104,1,10,150,1,0.0
105,1,10,150,1,0.0
106,1,10,150,1,1.0
107,1,10,150,1,0.0
108,1,10,150,1,0.0
109,1,10,150,1,1.0
110,1,10,150,1,0.0
111,1,10,150,1,0.0
112,1,10,150,1,0.0
113,1,10,150,1,0.0
114,1,10,150,1,0.0
115,1,10,150,1,0.0
116,1,10,150,1,0.0
117,1,10,150,1,1.0
118,1,10,150,1,0.0
119,1,10,150,1,0.0
120,1,10,150,1,0.0
121,1,10,150,1,0.0
122,1,10,150,1,0.0
123,1,10,150,1,0.0
124,1,10,150,1,0.0
125,1,10,150,1,1.0
126,1,10,150,1,0.0
127,1,10,150,1,0.0
128,1,10,150,1,0.0
129,1,10,150,1,0.0
130,1,10,150,1,1.0
131,1,10,150,1,0.0
132,1,10,150,1,0.0
133,1,10,150,1,0.0
134,1,10,150,1,0.0
135,1,10,150,1,0.0
136,1,10,150,1,0.0
137,1,10,150,1,0.0
138,1,10,150,1,0.0
139,1,10,150,1,0.0
140,1,10,150,1,0.0
141,1,10,150,1,1.0
142,1,10,150,1,0.0
143,1,10,150,1,0.0
144,1,10,150,1,0.0
145,1,10,150,1,1.0
146,1,10,150,1,0.0
147,1,10,150,1,0.0
148,1,10,150,1,1.0
149,1,10,150,1,0.0
150,1,10,150,1,0.0
151,1,10,150,1,0.0
152,1,10,150,1,0.0
153,1,10,150,1,0.0
154,1,10,150,1,0.0
155,1,10,150,1,0.0
156,1,10,150,1,0.0
157,1,10,150,1,0.0
158,1,10,150,1,1.0
159,1,10,150,1,0.0
160,1,10,150,1,1.0
161,1,10,150,1,0.0
162,1,10,150,1,0.0
163,1,10,150,1,0.0
164,1,10,150,1,0.0
165,1,10,150,1,0.0
166,1,10,150,1,0.0
167,1,10,150,1,0.0
168,1,10,150,1,0.0
169,1,10,150,1,0.0
170,1,10,150,1,0.0
171,1,10,150,1,0.0
172,1,10,150,1,0.0
173,1,10,150,1,0.0
174,1,10,150,1,0.0
175,1,10,150,1,0.0
176,1,10,150,1,0.0
177,1,10,150,1,0.0
178,1,10,150,1,0.0
179,1,10,150,1,0.0
180,1,10,150,1,0.0
181,1,10,150,1,0.0
182,1,10,150,1,0.0
183,1,10,150,1,0.0
184,1,10,150,1,0.0
185,1,10,150,1,0.0
186,1,10,150,1,0.0
187,1,10,150,1,0.0
188,1,10,150,1,0.0
189,1,10,150,1,1.0
190,1,10,150,1,0.0
191,1,10,150,1,0.0
192,1,10,150,1,0.0
193,1,10,150,1,0.0
194,1,10,150,1,0.0
195,1,10,150,1,0.0
196,1,10,150,1,0.0
197,1,10,150,1,0.0
198,1,10,150,1,0.0
199,1,10,150,1,0.0
200,1,10,150,1,0.0
201,1,10,150,1,0.0
202,1,10,150,1,0.0
203,1,10,150,1,0.0
204,1,10,150,1,0.0
205,1,10,150,1,1.0
206,1,10,150,1,0.0
207,1,10,150,1,0.0
208,1,10,150,1,0.0
209,1,10,150,1,0.0
210,1,10,150,1,0.0
211,1,10,150,1,0.0
212,1,10,150,1,0.0
213,1,10,150,1,1.0
214,1,10,150,1,0.0
215,1,10,150,1,0.0
216,1,10,150,1,0.0
217,1,10,150,1,0.0
218,1,10,150,1,0.0
219,1,10,150,1,0.0
220,1,10,150,1,0.0
221,1,10,150,1,0.0
222,1,10,150,1,1.0
223,1,10,150,1,0.0
224,1,10,150,1,0.0
225,1,10,150,1,0.0
226,1,10,150,1,1.0
227,1,10,150,1,0.0
228,1,10,150,1,0.0
229,1,10,150,1,0.0
230,1,10,150,1,0.0
231,1,10,150,1,0.0
232,1,10,150,1,0.0
233,1,10,150,1,0.0
234,1,10,150,1,1.0
235,1,10,150,1,1.0
236,1,10,150,1,0.0
237,1,10,150,1,0.0
238,1,10,150,1,0.0
239,1,10,150,1,0.0
240,1,10,150,1,0.0
241,1,10,150,1,0.0
242,1,10,150,1,0.0
243,1,10,150,1,1.0
244,1,10,150,1,0.0
245,1,10,150,1,0.0
246,1,10,150,1,0.0
247,1,10,150,1,0.0
248,1,10,150,1,0.0
249,1,10,150,1,0.0
250,1,10,150,1,0.0
251,1,10,150,1,0.0
252,1,10,150,1,0.0
253,1,10,150,1,0.0
254,1,10,150,1,0.0
255,1,10,150,1,0.0
256,1,10,150,1,1.0
257,1,10,150,1,0.0
258,1,10,150,1,0.0
259,1,10,150,1,0.0
260,1,10,150,1,0.0
261,1,10,150,1,0.0
262,1,10,150,1,0.0
263,1,10,150,1,0.0
264,1,10,150,1,0.0
265,1,10,150,1,1.0
266,1,10,150,1,0.0
267,1,10,150,1,0.0
268,1,10,150,1,0.0
269,1,10,150,1,1.0
270,1,10,150,1,0.0
271,1,10,150,1,0.0
272,1,10,150,1,0.0
273,1,10,150,1,0.0
274,1,10,150,1,1.0
275,1,10,150,1,0.0
276,1,10,150,1,1.0
277,1,10,150,1,0.0
278,1,10,150,1,0.0
279,1,10,150,1,0.0
280,1,10,150,1,1.0
281,1,10,150,1,0.0
282,1,10,150,1,0.0
283,1,10,150,1,0.0
284,1,10,150,1,0.0
285,1,10,150,1,0.0
286,1,10,150,1,1.0
287,1,10,150,1,1.0
288,1,10,150,1,0.0
289,1,10,150,1,0.0
290,1,10,150,1,1.0
291,1,10,150,1,0.0
292,1,10,150,1,0.0
293,1,10,150,1,0.0
294,1,10,150,1,0.0
295,1,10,150,1,1.0
296,1,10,150,1,0.0
297,1,10,150,1,0.0
298,1,10,150,1,0.0
299,1,10,150,1,0.0
300,1,10,150,1,0.0
301,1,10,150,1,1.0
302,1,10,150,1,0.0
303,1,10,150,1,1.0
304,1,10,150,1,0.0
305,1,10,150,1,0.0
306,1,10,150,1,0.0
307,1,10,150,1,0.0
308,1,10,150,1,1.0
309,1,10,150,1,0.0
310,1,10,150,1,0.0
311,1,10,150,1,1.0
312,1,10,150,1,0.0
313,1,10,150,1,1.0
314,1,10,150,1,1.0
315,1,10,150,1,0.0
316,1,10,150,1,0.0
317,1,10,150,1,0.0
318,1,10,150,1,0.0
319,1,10,150,1,0.0
320,1,10,150,1,1.0
321,1,10,150,1,0.0
322,1,10,150,1,0.0
323,1,10,150,1,0.0
324,1,10,150,1,0.0
325,1,10,150,1,0.0
326,1,10,150,1,0.0
327,1,10,150,1,0.0
328,1,10,150,1,0.0
329,1,10,150,1,0.0
330,1,10,150,1,0.0
331,1,10,150,1,0.0
332,1,10,150,1,0.0
333,1,10,150,1,0.0
334,1,10,150,1,0.0
335,1,10,150,1,0.0
336,1,10,150,1,0.0
337,1,10,150,1,0.0
338,1,10,150,1,0.0
339,1,10,150,1,1.0
340,1,10,150,1,1.0
341,1,10,150,1,0.0
342,1,10,150,1,0.0
343,1,10,150,1,0.0
344,1,10,150,1,1.0
345,1,10,150,1,0.0
346,1,10,150,1,0.0
347,1,10,150,1,1.0
348,1,10,150,1,1.0
349,1,10,150,1,1.0
350,1,10,150,1,0.0
351,1,10,150,1,0.0
352,1,10,150,1,0.0
353,1,10,150,1,0.0
354,1,10,150,1,0.0
355,1,10,150,1,0.0
356,1,10,150,1,0.0
357,1,10,150,1,0.0
358,1,10,150,1,0.0
359,1,10,150,1,0.0
360,1,10,150,1,0.0
361,1,10,150,1,1.0
362,1,10,150,1,0.0
363,1,10,150,1,0.0
364,1,10,150,1,0.0
365,1,10,150,1,0.0
366,1,10,150,1,0.0
367,1,10,150,1,0.0
368,1,10,150,1,0.0
369,1,10,150,1,0.0
370,1,10,150,1,0.0
371,1,10,150,1,0.0
372,1,10,150,1,0.0
373,1,10,150,1,0.0
374,1,10,150,1,0.0
375,1,10,150,1,0.0
376,1,10,150,1,0.0
377,1,10,150,1,0.0
378,1,10,150,1,1.0
379,1,10,150,1,0.0
380,1,10,150,1,0.0
381,1,10,150,1,0.0
382,1,10,150,1,0.0
383,1,10,150,1,0.0
384,1,10,150,1,0.0
385,1,10,150,1,0.0
386,1,10,150,1,0.0
387,1,10,150,1,0.0
388,1,10,150,1,0.0
389,1,10,150,1,0.0
390,1,10,150,1,0.0
391,1,10,150,1,0.0
392,1,10,150,1,0.0
393,1,10,150,1,1.0
394,1,10,150,1,0.0
395,1,10,150,1,0.0
396,1,10,150,1,0.0
397,1,10,150,1,0.0
398,1,10,150,1,0.0
399,1,10,150,1,0.0
400,1,10,150,1,0.0
401,1,10,150,1,0.0
402,1,10,150,1,0.0
403,1,10,150,1,0.0
404,1,10,150,1,0.0
405,1,10,150,1,1.0
406,1,10,150,1,1.0
407,1,10,150,1,0.0
408,1,10,150,1,0.0
409,1,10,150,1,0.0
410,1,10,150,1,0.0
411,1,10,150,1,0.0
412,1,10,150,1,0.0
413,1,10,150,1,0.0
414,1,10,150,1,0.0
415,1,10,150,1,0.0
416,1,10,150,1,0.0
417,1,10,150,1,0.0
418,1,10,150,1,0.0
419,1,10,150,1,0.0
420,1,10,150,1,0.0
421,1,10,150,1,0.0
422,1,10,150,1,0.0
423,1,10,150,1,0.0
424,1,10,150,1,0.0
425,1,10,150,1,0.0
426,1,10,150,1,0.0
427,1,10,150,1,0.0
428,1,10,150,1,0.0
429,1,10,150,1,0.0
430,1,10,150,1,0.0
431,1,10,150,1,0.0
432,1,10,150,1,0.0
433,1,10,150,1,0.0
434,1,10,150,1,0.0
435,1,10,150,1,0.0
436,1,10,150,1,0.0
437,1,10,150,1,1.0
438,1,10,150,1,0.0
439,1,10,150,1,0.0
440,1,10,150,1,0.0
442,1,10,150,1,0.0
444,1,10,150,1,0.0
445,1,10,150,1,0.0
446,1,10,150,1,0.0
447,1,10,150,1,0.0
448,1,10,150,1,0.0
449,1,10,150,1,0.0
450,1,10,150,1,0.0
451,1,10,150,1,0.0
452,1,10,150,1,0.0
453,1,10,150,1,0.0
454,1,10,150,1,0.0
455,1,10,150,1,0.0
456,1,10,150,1,0.0
457,1,10,150,1,0.0
458,1,10,150,1,0.0
459,1,10,150,1,0.0
460,1,10,150,1,0.0
462,1,10,150,1,0.0
1,1,10,150,2,1.0
2,1,10,150,2,0.0
3,1,10,150,2,0.0
4,1,10,150,2,0.0
5,1,10,150,2,0.0
6,1,10,150,2,0.38685280723454163
7,1,10,150,2,0.0
8,1,10,150,2,0.0
9,1,10,150,2,0.0
10,1,10,150,2,0.38685280723454163
11,1,10,150,2,0.6131471927654584
12,1,10,150,2,0.0
13,1,10,150,2,0.38685280723454163
14,1,10,150,2,1.0
15,1,10,150,2,0.0
16,1,10,150,2,0.0
17,1,10,150,2,0.0
18,1,10,150,2,0.0
19,1,10,150,2,0.38685280723454163
20,1,10,150,2,0.0
21,1,10,150,2,0.0
22,1,10,150,2,0.0
23,1,10,150,2,0.0
24,1,10,150,2,0.0
25,1,10,150,2,0.0
26,1,10,150,2,0.0
27,1,10,150,2,0.0
28,1,10,150,2,0.6131471927654584
29,1,10,150,2,0.0
30,1,10,150,2,0.0
31,1,10,150,2,0.0
32,1,10,150,2,0.0
33,1,10,150,2,0.0
34,1,10,150,2,0.0
35,1,10,150,2,0.0
36,1,10,150,2,0.0
37,1,10,150,2,0.0
38,1,10,150,2,0.6131471927654584
39,1,10,150,2,0.0
40,1,10,150,2,0.0
41,1,10,150,2,0.0
42,1,10,150,2,0.38685280723454163
43,1,10,150,2,1.0
44,1,10,150,2,0.0
45,1,10,150,2,0.0
46,1,10,150,2,0.0
47,1,10,150,2,0.0
48,1,10,150,2,0.0
49,1,10,150,2,0.0
50,1,10,150,2,0.0
51,1,10,150,2,0.0
52,1,10,150,2,0.0
53,1,10,150,2,0.0
54,1,10,150,2,0.0
55,1,10,150,2,0.0
56,1,10,150,2,0.0
57,1,10,150,2,0.6131471927654584
58,1,10,150,2,0.0
59,1,10,150,2,0.6131471927654584
60,1,10,150,2,0.0
61,1,10,150,2,0.0
62,1,10,150,2,0.6131471927654584
63,1,10,150,2,0.0
64,1,10,150,2,0.6131471927654584
65,1,10,150,2,0.6131471927654584
66,1,10,150,2,0.0
67,1,10,150,2,0.0
68,1,10,150,2,0.0
69,1,10,150,2,0.6131471927654584
70,1,10,150,2,0.0
71,1,10,150,2,0.0
72,1,10,150,2,0.0
73,1,10,150,2,0.0
74,1,10,150,2,0.0
75,1,10,150,2,0.0
76,1,10,150,2,0.0
77,1,10,150,2,0.38685280723454163
78,1,10,150,2,0.0
79,1,10,150,2,1.0
80,1,10,150,2,0.0
81,1,10,150,2,0.0
82,1,10,150,2,1.0
83,1,10,150,2,0.0
84,1,10,150,2,0.0
85,1,10,150,2,0.0
86,1,10,150,2,0.0
87,1,10,150,2,0.0
88,1,10,150,2,0.0
89,1,10,150,2,0.0
90,1,10,150,2,0.0
91,1,10,150,2,0.0
92,1,10,150,2,0.6131471927654584
93,1,10,150,2,0.0
94,1,10,150,2,1.0
95,1,10,150,2,0.6131471927654584
96,1,10,150,2,0.6131471927654584
97,1,10,150,2,0.0
98,1,10,150,2,0.0
99,1,10,150,2,0.38685280723454163
100,1,10,150,2,0.0
101,1,10,150,2,0.0
102,1,10,150,2,0.0
103,1,10,150,2,0.0
104,1,10,150,2,0.0
105,1,10,150,2,0.0
106,1,10,150,2,0.6131471927654584
107,1,10,150,2,0.0
108,1,10,150,2,0.0
109,1,10,150,2,0.6131471927654584
110,1,10,150,2,0.0
111,1,10,150,2,0.0
112,1,10,150,2,0.0
113,1,10,150,2,0.0
114,1,10,150,2,0.0
115,1,10,150,2,0.38685280723454163
116,1,10,150,2,0.0
117,1,10,150,2,0.6131471927654584
118,1,10,150,2,0.0
119,1,10,150,2,0.0
120,1,10,150,2,0.0
121,1,10,150,2,0.0
122,1,10,150,2,0.0
123,1,10,150,2,0.0
124,1,10,150,2,0.38685280723454163
125,1,10,150,2,0.6131471927654584
126,1,10,150,2,0.0
127,1,10,150,2,0.0
128,1,10,150,2,0.0
129,1,10,150,2,0.0
130,1,10,150,2,0.6131471927654584
131,1,10,150,2,0.38685280723454163
132,1,10,150,2,0.0
133,1,10,150,2,0.0
134,1,10,150,2,0.0
135,1,10,150,2,0.0
136,1,10,150,2,0.0
137,1,10,150,2,0.0
138,1,10,150,2,0.0
139,1,10,150,2,0.0
140,1,10,150,2,0.0
141,1,10,150,2,0.6131471927654584
142,1,10,150,2,0.0
143,1,10,150,2,0.0
144,1,10,150,2,0.38685280723454163
145,1,10,150,2,0.6131471927654584
146,1,10,150,2,0.0
147,1,10,150,2,0.0
148,1,10,150,2,0.6131471927654584
149,1,10,150,2,0.0
150,1,10,150,2,0.0
151,1,10,150,2,0.0
152,1,10,150,2,0.0
153,1,10,150,2,0.0
154,1,10,150,2,0.0
155,1,10,150,2,0.0
156,1,10,150,2,0.0
157,1,10,150,2,0.0
158,1,10,150,2,0.6131471927654584
159,1,10,150,2,0.0
160,1,10,150,2,0.6131471927654584
161,1,10,150,2,0.0
162,1,10,150,2,0.0
163,1,10,150,2,0.0
164,1,10,150,2,0.0
165,1,10,150,2,0.0
166,1,10,150,2,0.0
167,1,10,150,2,0.0
168,1,10,150,2,0.0
169,1,10,150,2,0.0
170,1,10,150,2,0.0
171,1,10,150,2,0.0
172,1,10,150,2,0.0
173,1,10,150,2,0.0
174,1,10,150,2,0.0
175,1,10,150,2,0.0
176,1,10,150,2,0.0
177,1,10,150,2,0.38685280723454163
178,1,10,150,2,0.38685280723454163
179,1,10,150,2,0.0
180,1,10,150,2,0.0
181,1,10,150,2,0.0
182,1,10,150,2,0.0
183,1,10,150,2,0.0
184,1,10,150,2,0.38685280723454163
185,1,10,150,2,0.0
186,1,10,150,2,0.0
187,1,10,150,2,0.0
188,1,10,150,2,0.0
189,1,10,150,2,0.6131471927654584
190,1,10,150,2,0.0
191,1,10,150,2,0.0
192,1,10,150,2,0.0
193,1,10,150,2,0.0
194,1,10,150,2,0.38685280723454163
195,1,10,150,2,0.0
196,1,10,150,2,0.0
197,1,10,150,2,0.0
198,1,10,150,2,0.0
199,1,10,150,2,0.0
200,1,10,150,2,0.38685280723454163
201,1,10,150,2,0.0
202,1,10,150,2,0.0
203,1,10,150,2,0.0
204,1,10,150,2,0.0
205,1,10,150,2,0.6131471927654584
206,1,10,150,2,0.0
207,1,10,150,2,0.0
208,1,10,150,2,0.0
209,1,10,150,2,0.0
210,1,10,150,2,0.0
211,1,10,150,2,0.0
212,1,10,150,2,0.0
213,1,10,150,2,1.0
214,1,10,150,2,0.0
215,1,10,150,2,0.0
216,1,10,150,2,0.38685280723454163
217,1,10,150,2,0.0
218,1,10,150,2,0.0
219,1,10,150,2,0.0
220,1,10,150,2,0.0
221,1,10,150,2,0.0
222,1,10,150,2,1.0
223,1,10,150,2,0.38685280723454163
224,1,10,150,2,0.38685280723454163
225,1,10,150,2,0.0
226,1,10,150,2,0.6131471927654584
227,1,10,150,2,0.38685280723454163
228,1,10,150,2,0.0
229,1,10,150,2,0.0
230,1,10,150,2,0.38685280723454163
231,1,10,150,2,0.0
232,1,10,150,2,0.0
233,1,10,150,2,0.0
234,1,10,150,2,1.0
235,1,10,150,2,0.6131471927654584
236,1,10,150,2,0.0
237,1,10,150,2,0.38685280723454163
238,1,10,150,2,0.0
239,1,10,150,2,0.0
240,1,10,150,2,0.0
241,1,10,150,2,0.0
242,1,10,150,2,0.0
243,1,10,150,2,0.6131471927654584
244,1,10,150,2,0.0
245,1,10,150,2,0.0
246,1,10,150,2,0.0
247,1,10,150,2,0.0
248,1,10,150,2,0.0
249,1,10,150,2,0.38685280723454163
250,1,10,150,2,0.0
251,1,10,150,2,0.0
252,1,10,150,2,0.0
253,1,10,150,2,0.0
254,1,10,150,2,0.0
255,1,10,150,2,0.0
256,1,10,150,2,0.6131471927654584
257,1,10,150,2,0.0
258,1,10,150,2,0.0
259,1,10,150,2,0.0
260,1,10,150,2,0.0
261,1,10,150,2,0.0
262,1,10,150,2,0.0
263,1,10,150,2,0.0
264,1,10,150,2,0.0
265,1,10,150,2,0.6131471927654584
266,1,10,150,2,0.0
267,1,10,150,2,0.0
268,1,10,150,2,0.38685280723454163
269,1,10,150,2,0.6131471927654584
270,1,10,150,2,0.0
271,1,10,150,2,0.0
272,1,10,150,2,0.38685280723454163
273,1,10,150,2,0.0
274,1,10,150,2,0.6131471927654584
275,1,10,150,2,0.0
276,1,10,150,2,1.0
277,1,10,150,2,0.38685280723454163
278,1,10,150,2,0.0
279,1,10,150,2,0.0
280,1,10,150,2,1.0
281,1,10,150,2,0.0
282,1,10,150,2,0.0
283,1,10,150,2,0.0
284,1,10,150,2,0.0
285,1,10,150,2,0.0
286,1,10,150,2,0.6131471927654584
287,1,10,150,2,0.6131471927654584
288,1,10,150,2,0.0
289,1,10,150,2,0.0
290,1,10,150,2,0.6131471927654584
291,1,10,150,2,0.0
292,1,10,150,2,0.0
293,1,10,150,2,0.38685280723454163
294,1,10,150,2,0.0
295,1,10,150,2,0.6131471927654584
296,1,10,150,2,0.0
297,1,10,150,2,0.0
298,1,10,150,2,0.38685280723454163
299,1,10,150,2,0.0
300,1,10,150,2,0.0
301,1,10,150,2,1.0
302,1,10,150,2,0.0
303,1,10,150,2,0.6131471927654584
304,1,10,150,2,0.0
305,1,10,150,2,0.0
306,1,10,150,2,0.0
307,1,10,150,2,0.0
308,1,10,150,2,0.6131471927654584
309,1,10,150,2,0.0
310,1,10,150,2,0.0
311,1,10,150,2,0.6131471927654584
312,1,10,150,2,0.0
313,1,10,150,2,0.6131471927654584
314,1,10,150,2,0.6131471927654584
315,1,10,150,2,0.0
316,1,10,150,2,0.0
317,1,10,150,2,0.0
318,1,10,150,2,0.0
319,1,10,150,2,0.0
320,1,10,150,2,0.6131471927654584
321,1,10,150,2,0.38685280723454163
322,1,10,150,2,0.0
323,1,10,150,2,0.38685280723454163
324,1,10,150,2,0.0
325,1,10,150,2,0.0
326,1,10,150,2,0.38685280723454163
327,1,10,150,2,0.0
328,1,10,150,2,0.0
329,1,10,150,2,0.0
330,1,10,150,2,0.0
331,1,10,150,2,0.0
332,1,10,150,2,0.38685280723454163
333,1,10,150,2,0.0
334,1,10,150,2,0.0
335,1,10,150,2,0.0
336,1,10,150,2,0.0
337,1,10,150,2,0.0
338,1,10,150,2,0.0
339,1,10,150,2,1.0
340,1,10,150,2,0.6131471927654584
341,1,10,150,2,0.0
342,1,10,150,2,0.0
343,1,10,150,2,0.38685280723454163
344,1,10,150,2,1.0
345,1,10,150,2,0.0
346,1,10,150,2,0.0
347,1,10,150,2,0.6131471927654584
348,1,10,150,2,0.6131471927654584
349,1,10,150,2,0.6131471927654584
350,1,10,150,2,0.0
351,1,10,150,2,0.0
352,1,10,150,2,0.0
353,1,10,150,2,0.0
354,1,10,150,2,0.0
355,1,10,150,2,0.0
356,1,10,150,2,0.0
357,1,10,150,2,0.0
358,1,10,150,2,0.0
359,1,10,150,2,0.0
360,1,10,150,2,0.0
361,1,10,150,2,0.6131471927654584
362,1,10,150,2,0.0
363,1,10,150,2,0.0
364,1,10,150,2,0.0
365,1,10,150,2,0.38685280723454163
366,1,10,150,2,0.0
367,1,10,150,2,0.0
368,1,10,150,2,0.0
369,1,10,150,2,0.0
370,1,10,150,2,0.38685280723454163
371,1,10,150,2,0.0
372,1,10,150,2,0.0
373,1,10,150,2,0.0
374,1,10,150,2,0.0
375,1,10,150,2,0.0
376,1,10,150,2,0.0
377,1,10,150,2,0.0
378,1,10,150,2,0.6131471927654584
379,1,10,150,2,0.0
380,1,10,150,2,0.0
381,1,10,150,2,0.0
382,1,10,150,2,0.0
383,1,10,150,2,0.0
384,1,10,150,2,0.0
385,1,10,150,2,0.0
386,1,10,150,2,0.0
387,1,10,150,2,0.0
388,1,10,150,2,0.0
389,1,10,150,2,0.0
390,1,10,150,2,0.0
391,1,10,150,2,0.0
392,1,10,150,2,0.0
393,1,10,150,2,0.6131471927654584
394,1,10,150,2,0.0
395,1,10,150,2,0.0
396,1,10,150,2,0.0
397,1,10,150,2,0.0
398,1,10,150,2,0.38685280723454163
399,1,10,150,2,0.0
400,1,10,150,2,0.0
401,1,10,150,2,0.0
402,1,10,150,2,0.0
403,1,10,150,2,0.0
404,1,10,150,2,0.0
405,1,10,150,2,0.6131471927654584
406,1,10,150,2,0.6131471927654584
407,1,10,150,2,0.0
408,1,10,150,2,0.0
409,1,10,150,2,0.0
410,1,10,150,2,0.0
411,1,10,150,2,0.0
412,1,10,150,2,0.0
413,1,10,150,2,0.0
414,1,10,150,2,0.0
415,1,10,150,2,0.0
416,1,10,150,2,0.0
417,1,10,150,2,0.38685280723454163
418,1,10,150,2,0.0
419,1,10,150,2,0.0
420,1,10,150,2,0.0
421,1,10,150,2,0.0
422,1,10,150,2,0.0
423,1,10,150,2,0.0
424,1,10,150,2,0.0
425,1,10,150,2,0.0
426,1,10,150,2,0.0
427,1,10,150,2,0.0
428,1,10,150,2,0.0
429,1,10,150,2,0.38685280723454163
430,1,10,150,2,0.0
431,1,10,150,2,0.0
432,1,10,150,2,0.0
433,1,10,150,2,0.0
434,1,10,150,2,0.0
435,1,10,150,2,0.0
436,1,10,150,2,0.0
437,1,10,150,2,0.6131471927654584
438,1,10,150,2,0.0
439,1,10,150,2,0.0
440,1,10,150,2,0.0
442,1,10,150,2,0.0
444,1,10,150,2,0.0
445,1,10,150,2,0.0
446,1,10,150,2,0.0
447,1,10,150,2,0.0
448,1,10,150,2,0.0
449,1,10,150,2,0.0
450,1,10,150,2,0.0
451,1,10,150,2,0.0
452,1,10,150,2,0.0
453,1,10,150,2,0.0
454,1,10,150,2,0.0
455,1,10,150,2,0.0
456,1,10,150,2,0.0
457,1,10,150,2,0.0
458,1,10,150,2,0.0
459,1,10,150,2,0.0
460,1,10,150,2,0.0
462,1,10,150,2,0.0
1,1,10,150,3,1.0
2,1,10,150,3,0.0
3,1,10,150,3,0.0
4,1,10,150,3,0.0
5,1,10,150,3,0.0
6,1,10,150,3,0.5307212739772434
7,1,10,150,3,0.23463936301137822
8,1,10,150,3,0.23463936301137822
9,1,10,150,3,0.0
10,1,10,150,3,0.2960819109658652
11,1,10,150,3,0.46927872602275644
12,1,10,150,3,0.0
13,1,10,150,3,0.2960819109658652
14,1,10,150,3,1.0
15,1,10,150,3,0.0
16,1,10,150,3,0.23463936301137822
17,1,10,150,3,0.0
18,1,10,150,3,0.0
19,1,10,150,3,0.2960819109658652
20,1,10,150,3,0.0
21,1,10,150,3,0.0
22,1,10,150,3,0.0
23,1,10,150,3,0.0
24,1,10,150,3,0.0
25,1,10,150,3,0.23463936301137822
26,1,10,150,3,0.0
27,1,10,150,3,0.0
28,1,10,150,3,0.46927872602275644
29,1,10,150,3,0.0
30,1,10,150,3,0.0
31,1,10,150,3,0.0
32,1,10,150,3,0.0
33,1,10,150,3,0.0
34,1,10,150,3,0.0
35,1,10,150,3,0.0
36,1,10,150,3,0.0
37,1,10,150,3,0.23463936301137822
38,1,10,150,3,0.46927872602275644
39,1,10,150,3,0.0
40,1,10,150,3,0.0
41,1,10,150,3,0.0
42,1,10,150,3,0.2960819109658652
43,1,10,150,3,1.0
44,1,10,150,3,0.0
45,1,10,150,3,0.0
46,1,10,150,3,0.0
47,1,10,150,3,0.0
48,1,10,150,3,0.23463936301137822
49,1,10,150,3,0.0
50,1,10,150,3,0.0
51,1,10,150,3,0.0
52,1,10,150,3,0.0
53,1,10,150,3,0.0
54,1,10,150,3,0.0
55,1,10,150,3,0.0
56,1,10,150,3,0.0
57,1,10,150,3,0.46927872602275644
58,1,10,150,3,0.23463936301137822
59,1,10,150,3,0.46927872602275644
60,1,10,150,3,0.0
61,1,10,150,3,0.0
62,1,10,150,3,0.7039180890341347
63,1,10,150,3,0.0
64,1,10,150,3,0.46927872602275644
65,1,10,150,3,0.46927872602275644
66,1,10,150,3,0.0
67,1,10,150,3,0.0
68,1,10,150,3,0.0
69,1,10,150,3,0.46927872602275644
70,1,10,150,3,0.0
71,1,10,150,3,0.0
72,1,10,150,3,0.23463936301137822
73,1,10,150,3,0.0
74,1,10,150,3,0.0
75,1,10,150,3,0.0
76,1,10,150,3,0.0
77,1,10,150,3,0.2960819109658652
78,1,10,150,3,0.0
79,1,10,150,3,0.7653606369886217
80,1,10,150,3,0.23463936301137822
81,1,10,150,3,0.0
82,1,10,150,3,0.7653606369886217
83,1,10,150,3,0.0
84,1,10,150,3,0.0
85,1,10,150,3,0.23463936301137822
86,1,10,150,3,0.0
87,1,10,150,3,0.0
88,1,10,150,3,0.0
89,1,10,150,3,0.0
90,1,10,150,3,0.0
91,1,10,150,3,0.0
92,1,10,150,3,0.46927872602275644
93,1,10,150,3,0.0
94,1,10,150,3,1.0
95,1,10,150,3,0.46927872602275644
96,1,10,150,3,0.46927872602275644
97,1,10,150,3,0.0
98,1,10,150,3,0.0
99,1,10,150,3,0.5307212739772434
100,1,10,150,3,0.0
101,1,10,150,3,0.0
102,1,10,150,3,0.0
103,1,10,150,3,0.0
104,1,10,150,3,0.0
105,1,10,150,3,0.0
106,1,10,150,3,0.46927872602275644
107,1,10,150,3,0.0
108,1,10,150,3,0.0
109,1,10,150,3,0.46927872602275644
110,1,10,150,3,0.0
111,1,10,150,3,0.0
112,1,10,150,3,0.0
113,1,10,150,3,0.0
114,1,10,150,3,0.0
115,1,10,150,3,0.5307212739772434
116,1,10,150,3,0.0
117,1,10,150,3,0.46927872602275644
118,1,10,150,3,0.0
119,1,10,150,3,0.0
120,1,10,150,3,0.0
121,1,10,150,3,0.23463936301137822
122,1,10,150,3,0.0
123,1,10,150,3,0.0
124,1,10,150,3,0.2960819109658652
125,1,10,150,3,0.46927872602275644
126,1,10,150,3,0.0
127,1,10,150,3,0.0
128,1,10,150,3,0.23463936301137822
129,1,10,150,3,0.0
130,1,10,150,3,0.46927872602275644
131,1,10,150,3,0.2960819109658652
132,1,10,150,3,0.0
133,1,10,150,3,0.0
134,1,10,150,3,0.0
135,1,10,150,3,0.0
136,1,10,150,3,0.23463936301137822
137,1,10,150,3,0.0
138,1,10,150,3,0.0
139,1,10,150,3,0.0
140,1,10,150,3,0.0
141,1,10,150,3,0.46927872602275644
142,1,10,150,3,0.0
143,1,10,150,3,0.0
144,1,10,150,3,0.5307212739772434
145,1,10,150,3,0.7039180890341347
146,1,10,150,3,0.0
147,1,10,150,3,0.0
148,1,10,150,3,0.7039180890341347
149,1,10,150,3,0.0
150,1,10,150,3,0.0
151,1,10,150,3,0.23463936301137822
152,1,10,150,3,0.0
153,1,10,150,3,0.23463936301137822
154,1,10,150,3,0.0
155,1,10,150,3,0.0
156,1,10,150,3,0.0
157,1,10,150,3,0.0
158,1,10,150,3,0.7039180890341347
159,1,10,150,3,0.0
160,1,10,150,3,0.46927872602275644
161,1,10,150,3,0.23463936301137822
162,1,10,150,3,0.0
163,1,10,150,3,0.0
164,1,10,150,3,0.0
165,1,10,150,3,0.0
166,1,10,150,3,0.0
167,1,10,150,3,0.0
168,1,10,150,3,0.0
169,1,10,150,3,0.0
170,1,10,150,3,0.0
171,1,10,150,3,0.0
172,1,10,150,3,0.0
173,1,10,150,3,0.0
174,1,10,150,3,0.0
175,1,10,150,3,0.0
176,1,10,150,3,0.23463936301137822
177,1,10,150,3,0.2960819109658652
178,1,10,150,3,0.5307212739772434
179,1,10,150,3,0.0
180,1,10,150,3,0.0
181,1,10,150,3,0.0
182,1,10,150,3,0.0
183,1,10,150,3,0.0
184,1,10,150,3,0.2960819109658652
185,1,10,150,3,0.0
186,1,10,150,3,0.0
187,1,10,150,3,0.0
188,1,10,150,3,0.0
189,1,10,150,3,0.46927872602275644
190,1,10,150,3,0.0
191,1,10,150,3,0.0
192,1,10,150,3,0.0
193,1,10,150,3,0.0
194,1,10,150,3,0.2960819109658652
195,1,10,150,3,0.0
196,1,10,150,3,0.0
197,1,10,150,3,0.0
198,1,10,150,3,0.0
199,1,10,150,3,0.0
200,1,10,150,3,0.2960819109658652
201,1,10,150,3,0.0
202,1,10,150,3,0.0
203,1,10,150,3,0.0
204,1,10,150,3,0.0
205,1,10,150,3,0.46927872602275644
206,1,10,150,3,0.0
207,1,10,150,3,0.23463936301137822
208,1,10,150,3,0.0
209,1,10,150,3,0.0
210,1,10,150,3,0.0
211,1,10,150,3,0.0
212,1,10,150,3,0.0
213,1,10,150,3,0.7653606369886217
214,1,10,150,3,0.0
215,1,10,150,3,0.23463936301137822
216,1,10,150,3,0.5307212739772434
217,1,10,150,3,0.0
218,1,10,150,3,0.0
219,1,10,150,3,0.0
220,1,10,150,3,0.0
221,1,10,150,3,0.0
222,1,10,150,3,0.7653606369886217
223,1,10,150,3,0.2960819109658652
224,1,10,150,3,0.2960819109658652
225,1,10,150,3,0.0
226,1,10,150,3,0.46927872602275644
227,1,10,150,3,0.2960819109658652
228,1,10,150,3,0.0
229,1,10,150,3,0.0
230,1,10,150,3,0.5307212739772434
231,1,10,150,3,0.0
232,1,10,150,3,0.0
233,1,10,150,3,0.0
234,1,10,150,3,1.0
235,1,10,150,3,0.46927872602275644
236,1,10,150,3,0.0
237,1,10,150,3,0.2960819109658652
238,1,10,150,3,0.0
239,1,10,150,3,0.0
240,1,10,150,3,0.0
241,1,10,150,3,0.0
242,1,10,150,3,0.0
243,1,10,150,3,0.46927872602275644
244,1,10,150,3,0.0
245,1,10,150,3,0.0
246,1,10,150,3,0.0
247,1,10,150,3,0.0
248,1,10,150,3,0.0
249,1,10,150,3,0.2960819109658652
250,1,10,150,3,0.0
251,1,10,150,3,0.0
252,1,10,150,3,0.23463936301137822
253,1,10,150,3,0.0
254,1,10,150,3,0.23463936301137822
255,1,10,150,3,0.0
256,1,10,150,3,0.7039180890341347
257,1,10,150,3,0.0
258,1,10,150,3,0.0
259,1,10,150,3,0.0
260,1,10,150,3,0.0
261,1,10,150,3,0.0
262,1,10,150,3,0.0
263,1,10,150,3,0.0
264,1,10,150,3,0.0
265,1,10,150,3,0.46927872602275644
266,1,10,150,3,0.0
267,1,10,150,3,0.0
268,1,10,150,3,0.5307212739772434
269,1,10,150,3,0.7039180890341347
270,1,10,150,3,0.0
271,1,10,150,3,0.23463936301137822
272,1,10,150,3,0.2960819109658652
273,1,10,150,3,0.0
274,1,10,150,3,0.46927872602275644
275,1,10,150,3,0.0
276,1,10,150,3,0.7653606369886217
277,1,10,150,3,0.2960819109658652
278,1,10,150,3,0.0
279,1,10,150,3,0.23463936301137822
280,1,10,150,3,0.7653606369886217
281,1,10,150,3,0.0
282,1,10,150,3,0.0
283,1,10,150,3,0.0
284,1,10,150,3,0.0
285,1,10,150,3,0.0
286,1,10,150,3,0.46927872602275644
287,1,10,150,3,0.7039180890341347
288,1,10,150,3,0.0
289,1,10,150,3,0.0
290,1,10,150,3,0.46927872602275644
291,1,10,150,3,0.0
292,1,10,150,3,0.23463936301137822
293,1,10,150,3,0.2960819109658652
294,1,10,150,3,0.0
295,1,10,150,3,0.46927872602275644
296,1,10,150,3,0.0
297,1,10,150,3,0.23463936301137822
298,1,10,150,3,0.2960819109658652
299,1,10,150,3,0.23463936301137822
300,1,10,150,3,0.0
301,1,10,150,3,1.0
302,1,10,150,3,0.0
303,1,10,150,3,0.46927872602275644
304,1,10,150,3,0.0
305,1,10,150,3,0.0
306,1,10,150,3,0.0
307,1,10,150,3,0.0
308,1,10,150,3,0.46927872602275644
309,1,10,150,3,0.0
310,1,10,150,3,0.0
311,1,10,150,3,0.46927872602275644
312,1,10,150,3,0.23463936301137822
313,1,10,150,3,0.46927872602275644
314,1,10,150,3,0.46927872602275644
315,1,10,150,3,0.23463936301137822
316,1,10,150,3,0.23463936301137822
317,1,10,150,3,0.0
318,1,10,150,3,0.0
319,1,10,150,3,0.0
320,1,10,150,3,0.7039180890341347
321,1,10,150,3,0.5307212739772434
322,1,10,150,3,0.23463936301137822
323,1,10,150,3,0.2960819109658652
324,1,10,150,3,0.0
325,1,10,150,3,0.0
326,1,10,150,3,0.2960819109658652
327,1,10,150,3,0.0
328,1,10,150,3,0.23463936301137822
329,1,10,150,3,0.0
330,1,10,150,3,0.0
331,1,10,150,3,0.0
332,1,10,150,3,0.2960819109658652
333,1,10,150,3,0.0
334,1,10,150,3,0.0
335,1,10,150,3,0.0
336,1,10,150,3,0.0
337,1,10,150,3,0.0
338,1,10,150,3,0.0
339,1,10,150,3,0.7653606369886217
340,1,10,150,3,0.46927872602275644
341,1,10,150,3,0.0
342,1,10,150,3,0.0
343,1,10,150,3,0.5307212739772434
344,1,10,150,3,0.7653606369886217
345,1,10,150,3,0.0
346,1,10,150,3,0.0
347,1,10,150,3,0.7039180890341347
348,1,10,150,3,0.46927872602275644
349,1,10,150,3,0.46927872602275644
350,1,10,150,3,0.0
351,1,10,150,3,0.0
352,1,10,150,3,0.0
353,1,10,150,3,0.0
354,1,10,150,3,0.0
355,1,10,150,3,0.0
356,1,10,150,3,0.0
357,1,10,150,3,0.0
358,1,10,150,3,0.0
359,1,10,150,3,0.23463936301137822
360,1,10,150,3,0.0
361,1,10,150,3,0.46927872602275644
362,1,10,150,3,0.0
363,1,10,150,3,0.0
364,1,10,150,3,0.0
365,1,10,150,3,0.2960819109658652
366,1,10,150,3,0.0
367,1,10,150,3,0.0
368,1,10,150,3,0.0
369,1,10,150,3,0.0
370,1,10,150,3,0.2960819109658652
371,1,10,150,3,0.0
372,1,10,150,3,0.23463936301137822
373,1,10,150,3,0.0
374,1,10,150,3,0.0
375,1,10,150,3,0.0
376,1,10,150,3,0.0
377,1,10,150,3,0.0
378,1,10,150,3,0.46927872602275644
379,1,10,150,3,0.0
380,1,10,150,3,0.0
381,1,10,150,3,0.0
382,1,10,150,3,0.0
383,1,10,150,3,0.0
384,1,10,150,3,0.0
385,1,10,150,3,0.23463936301137822
386,1,10,150,3,0.0
387,1,10,150,3,0.0
388,1,10,150,3,0.0
389,1,10,150,3,0.0
390,1,10,150,3,0.0
391,1,10,150,3,0.0
392,1,10,150,3,0.23463936301137822
393,1,10,150,3,0.7039180890341347
394,1,10,150,3,0.0
395,1,10,150,3,0.0
396,1,10,150,3,0.0
397,1,10,150,3,0.0
398,1,10,150,3,0.2960819109658652
399,1,10,150,3,0.0
400,1,10,150,3,0.0
401,1,10,150,3,0.0
402,1,10,150,3,0.0
403,1,10,150,3,0.0
404,1,10,150,3,0.0
405,1,10,150,3,0.46927872602275644
406,1,10,150,3,0.46927872602275644
407,1,10,150,3,0.0
408,1,10,150,3,0.0
409,1,10,150,3,0.0
410,1,10,150,3,0.0
411,1,10,150,3,0.0
412,1,10,150,3,0.0
413,1,10,150,3,0.0
414,1,10,150,3,0.0
415,1,10,150,3,0.0
416,1,10,150,3,0.0
417,1,10,150,3,0.5307212739772434
418,1,10,150,3,0.0
419,1,10,150,3,0.0
420,1,10,150,3,0.23463936301137822
421,1,10,150,3,0.0
422,1,10,150,3,0.0
423,1,10,150,3,0.0
424,1,10,150,3,0.0
425,1,10,150,3,0.0
426,1,10,150,3,0.0
427,1,10,150,3,0.0
428,1,10,150,3,0.0
429,1,10,150,3,0.2960819109658652
430,1,10,150,3,0.0
431,1,10,150,3,0.0
432,1,10,150,3,0.0
433,1,10,150,3,0.0
434,1,10,150,3,0.0
435,1,10,150,3,0.0
436,1,10,150,3,0.0
437,1,10,150,3,0.46927872602275644
438,1,10,150,3,0.0
439,1,10,150,3,0.0
440,1,10,150,3,0.0
442,1,10,150,3,0.23463936301137822
444,1,10,150,3,0.0
445,1,10,150,3,0.0
446,1,10,150,3,0.0
447,1,10,150,3,0.0
448,1,10,150,3,0.0
449,1,10,150,3,0.0
450,1,10,150,3,0.0
451,1,10,150,3,0.0
452,1,10,150,3,0.0
453,1,10,150,3,0.0
454,1,10,150,3,0.0
455,1,10,150,3,0.0
456,1,10,150,3,0.0
457,1,10,150,3,0.0
458,1,10,150,3,0.0
459,1,10,150,3,0.0
460,1,10,150,3,0.0
462,1,10,150,3,0.0
1,1,10,150,4,1.0
2,1,10,150,4,0.0
3,1,10,150,4,0.0
4,1,10,150,4,0.0
5,1,10,150,4,0.0
6,1,10,150,4,0.44149241373678083
7,1,10,150,4,0.36331756126716835
8,1,10,150,4,0.19519002499605084
9,1,10,150,4,0.0
10,1,10,150,4,0.24630238874073
11,1,10,150,4,0.3903800499921017
12,1,10,150,4,0.0
13,1,10,150,4,0.4144299250118475
14,1,10,150,4,0.8318724637288826
15,1,10,150,4,0.0
16,1,10,150,4,0.36331756126716835
17,1,10,150,4,0.16812753627111746
18,1,10,150,4,0.0
19,1,10,150,4,0.24630238874073
20,1,10,150,4,0.0
21,1,10,150,4,0.0
22,1,10,150,4,0.0
23,1,10,150,4,0.0
24,1,10,150,4,0.16812753627111746
25,1,10,150,4,0.19519002499605084
26,1,10,150,4,0.0
27,1,10,150,4,0.0
28,1,10,150,4,0.5585075862632192
29,1,10,150,4,0.0
30,1,10,150,4,0.0
31,1,10,150,4,0.0
32,1,10,150,4,0.0
33,1,10,150,4,0.0
34,1,10,150,4,0.0
35,1,10,150,4,0.0
36,1,10,150,4,0.0
37,1,10,150,4,0.19519002499605084
38,1,10,150,4,0.3903800499921017
39,1,10,150,4,0.0
40,1,10,150,4,0.0
41,1,10,150,4,0.0
42,1,10,150,4,0.24630238874073
43,1,10,150,4,0.8318724637288826
44,1,10,150,4,0.16812753627111746
45,1,10,150,4,0.0
46,1,10,150,4,0.0
47,1,10,150,4,0.0
48,1,10,150,4,0.19519002499605084
49,1,10,150,4,0.0
50,1,10,150,4,0.0
51,1,10,150,4,0.0
52,1,10,150,4,0.0
53,1,10,150,4,0.0
54,1,10,150,4,0.0
55,1,10,150,4,0.0
56,1,10,150,4,0.0
57,1,10,150,4,0.3903800499921017
58,1,10,150,4,0.36331756126716835
59,1,10,150,4,0.3903800499921017
60,1,10,150,4,0.0
61,1,10,150,4,0.0
62,1,10,150,4,0.5855700749881525
63,1,10,150,4,0.0
64,1,10,150,4,0.5585075862632192
65,1,10,150,4,0.3903800499921017
66,1,10,150,4,0.0
67,1,10,150,4,0.0
68,1,10,150,4,0.0
69,1,10,150,4,0.3903800499921017
70,1,10,150,4,0.0
71,1,10,150,4,0.0
72,1,10,150,4,0.19519002499605084
73,1,10,150,4,0.0
74,1,10,150,4,0.0
75,1,10,150,4,0.0
76,1,10,150,4,0.0
77,1,10,150,4,0.24630238874073
78,1,10,150,4,0.0
79,1,10,150,4,0.8048099750039491
80,1,10,150,4,0.19519002499605084
81,1,10,150,4,0.0
82,1,10,150,4,0.6366824387328317
83,1,10,150,4,0.0
84,1,10,150,4,0.0
85,1,10,150,4,0.19519002499605084
86,1,10,150,4,0.0
87,1,10,150,4,0.0
88,1,10,150,4,0.0
89,1,10,150,4,0.16812753627111746
90,1,10,150,4,0.0
91,1,10,150,4,0.0
92,1,10,150,4,0.5585075862632192
93,1,10,150,4,0.0
94,1,10,150,4,0.8318724637288826
95,1,10,150,4,0.3903800499921017
96,1,10,150,4,0.3903800499921017
97,1,10,150,4,0.0
98,1,10,150,4,0.16812753627111746
99,1,10,150,4,0.44149241373678083
100,1,10,150,4,0.0
101,1,10,150,4,0.0
102,1,10,150,4,0.0
103,1,10,150,4,0.16812753627111746
104,1,10,150,4,0.0
105,1,10,150,4,0.0
106,1,10,150,4,0.3903800499921017
107,1,10,150,4,0.0
108,1,10,150,4,0.0
109,1,10,150,4,0.3903800499921017
110,1,10,150,4,0.0
111,1,10,150,4,0.0
112,1,10,150,4,0.0
113,1,10,150,4,0.0
114,1,10,150,4,0.0
115,1,10,150,4,0.44149241373678083
116,1,10,150,4,0.0
117,1,10,150,4,0.3903800499921017
118,1,10,150,4,0.0
119,1,10,150,4,0.0
120,1,10,150,4,0.16812753627111746
121,1,10,150,4,0.19519002499605084
122,1,10,150,4,0.0
123,1,10,150,4,0.0
124,1,10,150,4,0.24630238874073
125,1,10,150,4,0.3903800499921017
126,1,10,150,4,0.0
127,1,10,150,4,0.0
128,1,10,150,4,0.19519002499605084
129,1,10,150,4,0.0
130,1,10,150,4,0.5585075862632192
131,1,10,150,4,0.24630238874073
132,1,10,150,4,0.0
133,1,10,150,4,0.0
134,1,10,150,4,0.0
135,1,10,150,4,0.0
136,1,10,150,4,0.36331756126716835
137,1,10,150,4,0.16812753627111746
138,1,10,150,4,0.0
139,1,10,150,4,0.0
140,1,10,150,4,0.0
141,1,10,150,4,0.3903800499921017
142,1,10,150,4,0.0
143,1,10,150,4,0.0
144,1,10,150,4,0.6096199500078984
145,1,10,150,4,0.5855700749881525
146,1,10,150,4,0.0
147,1,10,150,4,0.0
148,1,10,150,4,0.5855700749881525
149,1,10,150,4,0.0
150,1,10,150,4,0.0
151,1,10,150,4,0.19519002499605084
152,1,10,150,4,0.0
153,1,10,150,4,0.19519002499605084
154,1,10,150,4,0.0
155,1,10,150,4,0.0
156,1,10,150,4,0.0
157,1,10,150,4,0.0
158,1,10,150,4,0.5855700749881525
159,1,10,150,4,0.0
160,1,10,150,4,0.3903800499921017
161,1,10,150,4,0.19519002499605084
162,1,10,150,4,0.0
163,1,10,150,4,0.0
164,1,10,150,4,0.0
165,1,10,150,4,0.0
166,1,10,150,4,0.0
167,1,10,150,4,0.0
168,1,10,150,4,0.0
169,1,10,150,4,0.0
170,1,10,150,4,0.0
171,1,10,150,4,0.0
172,1,10,150,4,0.0
173,1,10,150,4,0.0
174,1,10,150,4,0.0
175,1,10,150,4,0.0
176,1,10,150,4,0.19519002499605084
177,1,10,150,4,0.4144299250118475
178,1,10,150,4,0.6096199500078984
179,1,10,150,4,0.0
180,1,10,150,4,0.0
181,1,10,150,4,0.0
182,1,10,150,4,0.0
183,1,10,150,4,0.0
184,1,10,150,4,0.4144299250118475
185,1,10,150,4,0.0
186,1,10,150,4,0.0
187,1,10,150,4,0.0
188,1,10,150,4,0.0
189,1,10,150,4,0.3903800499921017
190,1,10,150,4,0.0
191,1,10,150,4,0.0
192,1,10,150,4,0.0
193,1,10,150,4,0.0
194,1,10,150,4,0.4144299250118475
195,1,10,150,4,0.0
196,1,10,150,4,0.0
197,1,10,150,4,0.0
198,1,10,150,4,0.0
199,1,10,150,4,0.0
200,1,10,150,4,0.24630238874073
201,1,10,150,4,0.0
202,1,10,150,4,0.0
203,1,10,150,4,0.0
204,1,10,150,4,0.0
205,1,10,150,4,0.5585075862632192
206,1,10,150,4,0.0
207,1,10,150,4,0.19519002499605084
208,1,10,150,4,0.0
209,1,10,150,4,0.0
210,1,10,150,4,0.0
211,1,10,150,4,0.0
212,1,10,150,4,0.0
213,1,10,150,4,0.6366824387328317
214,1,10,150,4,0.16812753627111746
215,1,10,150,4,0.19519002499605084
216,1,10,150,4,0.6096199500078984
217,1,10,150,4,0.0
218,1,10,150,4,0.0
219,1,10,150,4,0.0
220,1,10,150,4,0.0
221,1,10,150,4,0.0
222,1,10,150,4,0.6366824387328317
223,1,10,150,4,0.24630238874073
224,1,10,150,4,0.24630238874073
225,1,10,150,4,0.0
226,1,10,150,4,0.3903800499921017
227,1,10,150,4,0.24630238874073
228,1,10,150,4,0.0
229,1,10,150,4,0.0
230,1,10,150,4,0.44149241373678083
231,1,10,150,4,0.0
232,1,10,150,4,0.0
233,1,10,150,4,0.0
234,1,10,150,4,1.0
235,1,10,150,4,0.3903800499921017
236,1,10,150,4,0.0
237,1,10,150,4,0.24630238874073
238,1,10,150,4,0.0
239,1,10,150,4,0.0
240,1,10,150,4,0.0
241,1,10,150,4,0.0
242,1,10,150,4,0.0
243,1,10,150,4,0.3903800499921017
244,1,10,150,4,0.0
245,1,10,150,4,0.0
246,1,10,150,4,0.0
247,1,10,150,4,0.0
248,1,10,150,4,0.0
249,1,10,150,4,0.24630238874073
250,1,10,150,4,0.0
251,1,10,150,4,0.0
252,1,10,150,4,0.19519002499605084
253,1,10,150,4,0.0
254,1,10,150,4,0.19519002499605084
255,1,10,150,4,0.0
256,1,10,150,4,0.75369761125927
257,1,10,150,4,0.0
258,1,10,150,4,0.0
259,1,10,150,4,0.0
260,1,10,150,4,0.0
261,1,10,150,4,0.0
262,1,10,150,4,0.0
263,1,10,150,4,0.0
264,1,10,150,4,0.0
265,1,10,150,4,0.3903800499921017
266,1,10,150,4,0.0
267,1,10,150,4,0.0
268,1,10,150,4,0.44149241373678083
269,1,10,150,4,0.75369761125927
270,1,10,150,4,0.0
271,1,10,150,4,0.36331756126716835
272,1,10,150,4,0.4144299250118475
273,1,10,150,4,0.0
274,1,10,150,4,0.3903800499921017
275,1,10,150,4,0.0
276,1,10,150,4,0.8048099750039491
277,1,10,150,4,0.24630238874073
278,1,10,150,4,0.0
279,1,10,150,4,0.36331756126716835
280,1,10,150,4,0.6366824387328317
281,1,10,150,4,0.0
282,1,10,150,4,0.0
283,1,10,150,4,0.0
284,1,10,150,4,0.0
285,1,10,150,4,0.0
286,1,10,150,4,0.3903800499921017
287,1,10,150,4,0.5855700749881525
288,1,10,150,4,0.0
289,1,10,150,4,0.0
290,1,10,150,4,0.3903800499921017
291,1,10,150,4,0.0
292,1,10,150,4,0.19519002499605084
293,1,10,150,4,0.4144299250118475
294,1,10,150,4,0.0
295,1,10,150,4,0.3903800499921017
296,1,10,150,4,0.16812753627111746
297,1,10,150,4,0.19519002499605084
298,1,10,150,4,0.24630238874073
299,1,10,150,4,0.19519002499605084
300,1,10,150,4,0.0
301,1,10,150,4,0.8318724637288826
302,1,10,150,4,0.0
303,1,10,150,4,0.3903800499921017
304,1,10,150,4,0.0
305,1,10,150,4,0.16812753627111746
306,1,10,150,4,0.0
307,1,10,150,4,0.0
308,1,10,150,4,0.3903800499921017
309,1,10,150,4,0.0
310,1,10,150,4,0.0
311,1,10,150,4,0.5585075862632192
312,1,10,150,4,0.19519002499605084
313,1,10,150,4,0.3903800499921017
314,1,10,150,4,0.3903800499921017
315,1,10,150,4,0.19519002499605084
316,1,10,150,4,0.19519002499605084
317,1,10,150,4,0.0
318,1,10,150,4,0.0
319,1,10,150,4,0.0
320,1,10,150,4,0.75369761125927
321,1,10,150,4,0.44149241373678083
322,1,10,150,4,0.19519002499605084
323,1,10,150,4,0.24630238874073
324,1,10,150,4,0.16812753627111746
325,1,10,150,4,0.0
326,1,10,150,4,0.24630238874073
327,1,10,150,4,0.0
328,1,10,150,4,0.19519002499605084
329,1,10,150,4,0.0
330,1,10,150,4,0.16812753627111746
331,1,10,150,4,0.0
332,1,10,150,4,0.24630238874073
333,1,10,150,4,0.0
334,1,10,150,4,0.0
335,1,10,150,4,0.0
336,1,10,150,4,0.0
337,1,10,150,4,0.0
338,1,10,150,4,0.0
339,1,10,150,4,0.8048099750039491
340,1,10,150,4,0.3903800499921017
341,1,10,150,4,0.0
342,1,10,150,4,0.0
343,1,10,150,4,0.44149241373678083
344,1,10,150,4,0.8048099750039491
345,1,10,150,4,0.0
346,1,10,150,4,0.0
347,1,10,150,4,0.5855700749881525
348,1,10,150,4,0.3903800499921017
349,1,10,150,4,0.3903800499921017
350,1,10,150,4,0.0
351,1,10,150,4,0.0
352,1,10,150,4,0.0
353,1,10,150,4,0.0
354,1,10,150,4,0.0
355,1,10,150,4,0.0
356,1,10,150,4,0.0
357,1,10,150,4,0.0
358,1,10,150,4,0.0
359,1,10,150,4,0.19519002499605084
360,1,10,150,4,0.0
361,1,10,150,4,0.3903800499921017
362,1,10,150,4,0.0
363,1,10,150,4,0.0
364,1,10,150,4,0.0
365,1,10,150,4,0.24630238874073
366,1,10,150,4,0.0
367,1,10,150,4,0.0
368,1,10,150,4,0.0
369,1,10,150,4,0.0
370,1,10,150,4,0.24630238874073
371,1,10,150,4,0.0
372,1,10,150,4,0.19519002499605084
373,1,10,150,4,0.0
374,1,10,150,4,0.0
375,1,10,150,4,0.0
376,1,10,150,4,0.0
377,1,10,150,4,0.0
378,1,10,150,4,0.5585075862632192
379,1,10,150,4,0.0
380,1,10,150,4,0.0
381,1,10,150,4,0.0
382,1,10,150,4,0.0
383,1,10,150,4,0.16812753627111746
384,1,10,150,4,0.0
385,1,10,150,4,0.19519002499605084
386,1,10,150,4,0.16812753627111746
387,1,10,150,4,0.16812753627111746
388,1,10,150,4,0.0
389,1,10,150,4,0.0
390,1,10,150,4,0.0
391,1,10,150,4,0.0
392,1,10,150,4,0.19519002499605084
393,1,10,150,4,0.5855700749881525
394,1,10,150,4,0.0
395,1,10,150,4,0.0
396,1,10,150,4,0.0
397,1,10,150,4,0.0
398,1,10,150,4,0.24630238874073
399,1,10,150,4,0.0
400,1,10,150,4,0.0
401,1,10,150,4,0.0
402,1,10,150,4,0.0
403,1,10,150,4,0.0
404,1,10,150,4,0.0
405,1,10,150,4,0.5585075862632192
406,1,10,150,4,0.5585075862632192
407,1,10,150,4,0.0
408,1,10,150,4,0.0
409,1,10,150,4,0.0
410,1,10,150,4,0.0
411,1,10,150,4,0.0
412,1,10,150,4,0.0
413,1,10,150,4,0.0
414,1,10,150,4,0.0
415,1,10,150,4,0.0
416,1,10,150,4,0.16812753627111746
417,1,10,150,4,0.6096199500078984
418,1,10,150,4,0.0
419,1,10,150,4,0.0
420,1,10,150,4,0.19519002499605084
421,1,10,150,4,0.0
422,1,10,150,4,0.0
423,1,10,150,4,0.0
424,1,10,150,4,0.0
425,1,10,150,4,0.0
426,1,10,150,4,0.0
427,1,10,150,4,0.0
428,1,10,150,4,0.0
429,1,10,150,4,0.4144299250118475
430,1,10,150,4,0.0
431,1,10,150,4,0.0
432,1,10,150,4,0.0
433,1,10,150,4,0.0
434,1,10,150,4,0.0
435,1,10,150,4,0.0
436,1,10,150,4,0.0
437,1,10,150,4,0.3903800499921017
438,1,10,150,4,0.0
439,1,10,150,4,0.0
440,1,10,150,4,0.0
442,1,10,150,4,0.19519002499605084
444,1,10,150,4,0.0
445,1,10,150,4,0.0
446,1,10,150,4,0.0
447,1,10,150,4,0.0
448,1,10,150,4,0.0
449,1,10,150,4,0.0
450,1,10,150,4,0.0
451,1,10,150,4,0.0
452,1,10,150,4,0.0
453,1,10,150,4,0.0
454,1,10,150,4,0.0
455,1,10,150,4,0.0
456,1,10,150,4,0.0
457,1,10,150,4,0.0
458,1,10,150,4,0.0
459,1,10,150,4,0.0
460,1,10,150,4,0.0
462,1,10,150,4,0.0
1,1,10,150,5,1.0
2,1,10,150,5,0.0
3,1,10,150,5,0.0
4,1,10,150,5,0.0
5,1,10,150,5,0.0
6,1,10,150,5,0.38356636737133565
7,1,10,150,5,0.3156484524795145
8,1,10,150,5,0.16958010263680806
9,1,10,150,5,0.0
10,1,10,150,5,0.21398626473452756
11,1,10,150,5,0.3391602052736161
12,1,10,150,5,0.0
13,1,10,150,5,0.36005461457723403
14,1,10,150,5,0.8539316501572937
15,1,10,150,5,0.0
16,1,10,150,5,0.3156484524795145
17,1,10,150,5,0.14606834984270645
18,1,10,150,5,0.0
19,1,10,150,5,0.21398626473452756
20,1,10,150,5,0.0
21,1,10,150,5,0.0
22,1,10,150,5,0.0
23,1,10,150,5,0.0
24,1,10,150,5,0.14606834984270645
25,1,10,150,5,0.16958010263680806
26,1,10,150,5,0.0
27,1,10,150,5,0.0
28,1,10,150,5,0.48522855511632257
29,1,10,150,5,0.0
30,1,10,150,5,0.0
31,1,10,150,5,0.0
32,1,10,150,5,0.0
33,1,10,150,5,0.0
34,1,10,150,5,0.0
35,1,10,150,5,0.0
36,1,10,150,5,0.0
37,1,10,150,5,0.16958010263680806
38,1,10,150,5,0.3391602052736161
39,1,10,150,5,0.0
40,1,10,150,5,0.0
41,1,10,150,5,0.0
42,1,10,150,5,0.34519134224686937
43,1,10,150,5,0.7227265726449519
44,1,10,150,5,0.14606834984270645
45,1,10,150,5,0.0
46,1,10,150,5,0.0
47,1,10,150,5,0.0
48,1,10,150,5,0.16958010263680806
49,1,10,150,5,0.0
50,1,10,150,5,0.0
51,1,10,150,5,0.0
52,1,10,150,5,0.0
53,1,10,150,5,0.0
54,1,10,150,5,0.13120507751234178
55,1,10,150,5,0.0
56,1,10,150,5,0.0
57,1,10,150,5,0.3391602052736161
58,1,10,150,5,0.3156484524795145
59,1,10,150,5,0.4703652827859579
60,1,10,150,5,0.13120507751234178
61,1,10,150,5,0.0
62,1,10,150,5,0.5087403079104241
63,1,10,150,5,0.0
64,1,10,150,5,0.48522855511632257
65,1,10,150,5,0.3391602052736161
66,1,10,150,5,0.0
67,1,10,150,5,0.0
68,1,10,150,5,0.0
69,1,10,150,5,0.3391602052736161
70,1,10,150,5,0.0
71,1,10,150,5,0.0
72,1,10,150,5,0.16958010263680806
73,1,10,150,5,0.0
74,1,10,150,5,0.0
75,1,10,150,5,0.0
76,1,10,150,5,0.0
77,1,10,150,5,0.34519134224686937
78,1,10,150,5,0.0
79,1,10,150,5,0.6992148198508501
80,1,10,150,5,0.16958010263680806
81,1,10,150,5,0.0
82,1,10,150,5,0.6843515475204855
83,1,10,150,5,0.13120507751234178
84,1,10,150,5,0.0
85,1,10,150,5,0.16958010263680806
86,1,10,150,5,0.0
87,1,10,150,5,0.0
88,1,10,150,5,0.0
89,1,10,150,5,0.14606834984270645
90,1,10,150,5,0.13120507751234178
91,1,10,150,5,0.0
92,1,10,150,5,0.48522855511632257
93,1,10,150,5,0.0
94,1,10,150,5,0.7227265726449519
95,1,10,150,5,0.3391602052736161
96,1,10,150,5,0.3391602052736161
97,1,10,150,5,0.0
98,1,10,150,5,0.14606834984270645
99,1,10,150,5,0.38356636737133565
100,1,10,150,5,0.0
101,1,10,150,5,0.0
102,1,10,150,5,0.0
103,1,10,150,5,0.14606834984270645
104,1,10,150,5,0.0
105,1,10,150,5,0.0
106,1,10,150,5,0.4703652827859579
107,1,10,150,5,0.0
108,1,10,150,5,0.0
109,1,10,150,5,0.3391602052736161
110,1,10,150,5,0.0
111,1,10,150,5,0.0
112,1,10,150,5,0.0
113,1,10,150,5,0.0
114,1,10,150,5,0.0
115,1,10,150,5,0.5147714448836774
116,1,10,150,5,0.0
117,1,10,150,5,0.3391602052736161
118,1,10,150,5,0.0
119,1,10,150,5,0.13120507751234178
120,1,10,150,5,0.14606834984270645
121,1,10,150,5,0.16958010263680806
122,1,10,150,5,0.0
123,1,10,150,5,0.0
124,1,10,150,5,0.21398626473452756
125,1,10,150,5,0.3391602052736161
126,1,10,150,5,0.0
127,1,10,150,5,0.0
128,1,10,150,5,0.16958010263680806
129,1,10,150,5,0.0
130,1,10,150,5,0.48522855511632257
131,1,10,150,5,0.21398626473452756
132,1,10,150,5,0.0
133,1,10,150,5,0.0
134,1,10,150,5,0.0
135,1,10,150,5,0.0
136,1,10,150,5,0.3156484524795145
137,1,10,150,5,0.14606834984270645
138,1,10,150,5,0.0
139,1,10,150,5,0.0
140,1,10,150,5,0.0
141,1,10,150,5,0.3391602052736161
142,1,10,150,5,0.0
143,1,10,150,5,0.0
144,1,10,150,5,0.5296347172140421
145,1,10,150,5,0.5087403079104241
146,1,10,150,5,0.0
147,1,10,150,5,0.0
148,1,10,150,5,0.5087403079104241
149,1,10,150,5,0.0
150,1,10,150,5,0.0
151,1,10,150,5,0.30078518014914984
152,1,10,150,5,0.0
153,1,10,150,5,0.16958010263680806
154,1,10,150,5,0.13120507751234178
155,1,10,150,5,0.0
156,1,10,150,5,0.0
157,1,10,150,5,0.0
158,1,10,150,5,0.639945385422766
159,1,10,150,5,0.0
160,1,10,150,5,0.3391602052736161
161,1,10,150,5,0.16958010263680806
162,1,10,150,5,0.0
163,1,10,150,5,0.0
164,1,10,150,5,0.0
165,1,10,150,5,0.0
166,1,10,150,5,0.0
167,1,10,150,5,0.13120507751234178
168,1,10,150,5,0.0
169,1,10,150,5,0.0
170,1,10,150,5,0.0
171,1,10,150,5,0.0
172,1,10,150,5,0.0
173,1,10,150,5,0.0
174,1,10,150,5,0.0
175,1,10,150,5,0.0
176,1,10,150,5,0.16958010263680806
177,1,10,150,5,0.36005461457723403
178,1,10,150,5,0.5296347172140421
179,1,10,150,5,0.0
180,1,10,150,5,0.0
181,1,10,150,5,0.13120507751234178
182,1,10,150,5,0.0
183,1,10,150,5,0.0
184,1,10,150,5,0.4912596920895758
185,1,10,150,5,0.0
186,1,10,150,5,0.0
187,1,10,150,5,0.0
188,1,10,150,5,0.0
189,1,10,150,5,0.3391602052736161
190,1,10,150,5,0.0
191,1,10,150,5,0.0
192,1,10,150,5,0.0
193,1,10,150,5,0.0
194,1,10,150,5,0.36005461457723403
195,1,10,150,5,0.13120507751234178
196,1,10,150,5,0.0
197,1,10,150,5,0.0
198,1,10,150,5,0.13120507751234178
199,1,10,150,5,0.0
200,1,10,150,5,0.21398626473452756
201,1,10,150,5,0.13120507751234178
202,1,10,150,5,0.0
203,1,10,150,5,0.0
204,1,10,150,5,0.0
205,1,10,150,5,0.48522855511632257
206,1,10,150,5,0.0
207,1,10,150,5,0.16958010263680806
208,1,10,150,5,0.0
209,1,10,150,5,0.0
210,1,10,150,5,0.0
211,1,10,150,5,0.0
212,1,10,150,5,0.0
213,1,10,150,5,0.6843515475204855
214,1,10,150,5,0.14606834984270645
215,1,10,150,5,0.16958010263680806
216,1,10,150,5,0.5296347172140421
217,1,10,150,5,0.0
218,1,10,150,5,0.0
219,1,10,150,5,0.0
220,1,10,150,5,0.0
221,1,10,150,5,0.0
222,1,10,150,5,0.5531464700081437
223,1,10,150,5,0.34519134224686937
224,1,10,150,5,0.21398626473452756
225,1,10,150,5,0.0
226,1,10,150,5,0.3391602052736161
227,1,10,150,5,0.21398626473452756
228,1,10,150,5,0.0
229,1,10,150,5,0.0
230,1,10,150,5,0.38356636737133565
231,1,10,150,5,0.0
232,1,10,150,5,0.0
233,1,10,150,5,0.0
234,1,10,150,5,0.8687949224876582
235,1,10,150,5,0.3391602052736161
236,1,10,150,5,0.0
237,1,10,150,5,0.21398626473452756
238,1,10,150,5,0.0
239,1,10,150,5,0.13120507751234178
240,1,10,150,5,0.0
241,1,10,150,5,0.0
242,1,10,150,5,0.0
243,1,10,150,5,0.3391602052736161
244,1,10,150,5,0.0
245,1,10,150,5,0.0
246,1,10,150,5,0.0
247,1,10,150,5,0.0
248,1,10,150,5,0.0
249,1,10,150,5,0.21398626473452756
250,1,10,150,5,0.0
251,1,10,150,5,0.13120507751234178
252,1,10,150,5,0.16958010263680806
253,1,10,150,5,0.0
254,1,10,150,5,0.16958010263680806
255,1,10,150,5,0.0
256,1,10,150,5,0.6548086577531307
257,1,10,150,5,0.0
258,1,10,150,5,0.0
259,1,10,150,5,0.0
260,1,10,150,5,0.0
261,1,10,150,5,0.0
262,1,10,150,5,0.0
263,1,10,150,5,0.0
264,1,10,150,5,0.0
265,1,10,150,5,0.3391602052736161
266,1,10,150,5,0.0
267,1,10,150,5,0.0
268,1,10,150,5,0.38356636737133565
269,1,10,150,5,0.7860137352654724
270,1,10,150,5,0.0
271,1,10,150,5,0.3156484524795145
272,1,10,150,5,0.4912596920895758
273,1,10,150,5,0.0
274,1,10,150,5,0.3391602052736161
275,1,10,150,5,0.0
276,1,10,150,5,0.6992148198508501
277,1,10,150,5,0.21398626473452756
278,1,10,150,5,0.0
279,1,10,150,5,0.3156484524795145
280,1,10,150,5,0.5531464700081437
281,1,10,150,5,0.0
282,1,10,150,5,0.0
283,1,10,150,5,0.0
284,1,10,150,5,0.0
285,1,10,150,5,0.0
286,1,10,150,5,0.3391602052736161
287,1,10,150,5,0.5087403079104241
288,1,10,150,5,0.0
289,1,10,150,5,0.0
290,1,10,150,5,0.3391602052736161
291,1,10,150,5,0.0
292,1,10,150,5,0.16958010263680806
293,1,10,150,5,0.36005461457723403
294,1,10,150,5,0.0
295,1,10,150,5,0.3391602052736161
296,1,10,150,5,0.27727342735504823
297,1,10,150,5,0.16958010263680806
298,1,10,150,5,0.21398626473452756
299,1,10,150,5,0.16958010263680806
300,1,10,150,5,0.0
301,1,10,150,5,0.8539316501572937
302,1,10,150,5,0.0
303,1,10,150,5,0.4703652827859579
304,1,10,150,5,0.0
305,1,10,150,5,0.27727342735504823
306,1,10,150,5,0.0
307,1,10,150,5,0.0
308,1,10,150,5,0.4703652827859579
309,1,10,150,5,0.0
310,1,10,150,5,0.0
311,1,10,150,5,0.48522855511632257
312,1,10,150,5,0.16958010263680806
313,1,10,150,5,0.3391602052736161
314,1,10,150,5,0.3391602052736161
315,1,10,150,5,0.16958010263680806
316,1,10,150,5,0.16958010263680806
317,1,10,150,5,0.0
318,1,10,150,5,0.0
319,1,10,150,5,0.0
320,1,10,150,5,0.7860137352654724
321,1,10,150,5,0.38356636737133565
322,1,10,150,5,0.30078518014914984
323,1,10,150,5,0.21398626473452756
324,1,10,150,5,0.14606834984270645
325,1,10,150,5,0.0
326,1,10,150,5,0.34519134224686937
327,1,10,150,5,0.0
328,1,10,150,5,0.16958010263680806
329,1,10,150,5,0.0
330,1,10,150,5,0.14606834984270645
331,1,10,150,5,0.0
332,1,10,150,5,0.34519134224686937
333,1,10,150,5,0.0
334,1,10,150,5,0.0
335,1,10,150,5,0.0
336,1,10,150,5,0.0
337,1,10,150,5,0.0
338,1,10,150,5,0.0
339,1,10,150,5,0.830419897363192
340,1,10,150,5,0.3391602052736161
341,1,10,150,5,0.0
342,1,10,150,5,0.0
343,1,10,150,5,0.38356636737133565
344,1,10,150,5,0.6992148198508501
345,1,10,150,5,0.13120507751234178
346,1,10,150,5,0.0
347,1,10,150,5,0.5087403079104241
348,1,10,150,5,0.3391602052736161
349,1,10,150,5,0.3391602052736161
350,1,10,150,5,0.0
351,1,10,150,5,0.0
352,1,10,150,5,0.0
353,1,10,150,5,0.0
354,1,10,150,5,0.0
355,1,10,150,5,0.0
356,1,10,150,5,0.0
357,1,10,150,5,0.13120507751234178
358,1,10,150,5,0.0
359,1,10,150,5,0.16958010263680806
360,1,10,150,5,0.0
361,1,10,150,5,0.3391602052736161
362,1,10,150,5,0.0
363,1,10,150,5,0.0
364,1,10,150,5,0.0
365,1,10,150,5,0.34519134224686937
366,1,10,150,5,0.0
367,1,10,150,5,0.0
368,1,10,150,5,0.0
369,1,10,150,5,0.0
370,1,10,150,5,0.21398626473452756
371,1,10,150,5,0.0
372,1,10,150,5,0.16958010263680806
373,1,10,150,5,0.0
374,1,10,150,5,0.0
375,1,10,150,5,0.0
376,1,10,150,5,0.0
377,1,10,150,5,0.0
378,1,10,150,5,0.48522855511632257
379,1,10,150,5,0.0
380,1,10,150,5,0.0
381,1,10,150,5,0.0
382,1,10,150,5,0.0
383,1,10,150,5,0.14606834984270645
384,1,10,150,5,0.0
385,1,10,150,5,0.16958010263680806
386,1,10,150,5,0.14606834984270645
387,1,10,150,5,0.27727342735504823
388,1,10,150,5,0.0
389,1,10,150,5,0.0
390,1,10,150,5,0.0
391,1,10,150,5,0.13120507751234178
392,1,10,150,5,0.16958010263680806
393,1,10,150,5,0.5087403079104241
394,1,10,150,5,0.0
395,1,10,150,5,0.0
396,1,10,150,5,0.0
397,1,10,150,5,0.0
398,1,10,150,5,0.21398626473452756
399,1,10,150,5,0.0
400,1,10,150,5,0.0
401,1,10,150,5,0.0
402,1,10,150,5,0.0
403,1,10,150,5,0.0
404,1,10,150,5,0.0
405,1,10,150,5,0.48522855511632257
406,1,10,150,5,0.48522855511632257
407,1,10,150,5,0.0
408,1,10,150,5,0.0
409,1,10,150,5,0.0
410,1,10,150,5,0.0
411,1,10,150,5,0.0
412,1,10,150,5,0.0
413,1,10,150,5,0.0
414,1,10,150,5,0.0
415,1,10,150,5,0.0
416,1,10,150,5,0.14606834984270645
417,1,10,150,5,0.5296347172140421
418,1,10,150,5,0.0
419,1,10,150,5,0.0
420,1,10,150,5,0.19519002499605084
421,1,10,150,5,0.0
422,1,10,150,5,0.0
423,1,10,150,5,0.0
424,1,10,150,5,0.0
425,1,10,150,5,0.0
426,1,10,150,5,0.0
427,1,10,150,5,0.0
428,1,10,150,5,0.0
429,1,10,150,5,0.36005461457723403
430,1,10,150,5,0.0
431,1,10,150,5,0.0
432,1,10,150,5,0.0
433,1,10,150,5,0.0
434,1,10,150,5,0.0
435,1,10,150,5,0.0
436,1,10,150,5,0.0
437,1,10,150,5,0.3391602052736161
438,1,10,150,5,0.0
439,1,10,150,5,0.18154179253735267
440,1,10,150,5,0.0
442,1,10,150,5,0.16958010263680806
444,1,10,150,5,0.0
445,1,10,150,5,0.0
446,1,10,150,5,0.0
447,1,10,150,5,0.0
448,1,10,150,5,0.0
449,1,10,150,5,0.0
450,1,10,150,5,0.0
451,1,10,150,5,0.0
452,1,10,150,5,0.0
453,1,10,150,5,0.0
454,1,10,150,5,0.0
455,1,10,150,5,0.0
456,1,10,150,5,0.0
457,1,10,150,5,0.0
458,1,10,150,5,0.0
459,1,10,150,5,0.0
460,1,10,150,5,0.0
462,1,10,150,5,0.0
1,1,10,150,6,1.0
2,1,10,150,6,0.0
3,1,10,150,6,0.0
4,1,10,150,6,0.0
5,1,10,150,6,0.0
6,1,10,150,6,0.3422220729283414
7,1,10,150,6,0.2816249726597774
8,1,10,150,6,0.15130120674940672
9,1,10,150,6,0.0
10,1,10,150,6,0.2987100207034456
11,1,10,150,6,0.4103915680233244
12,1,10,150,6,0.0
13,1,10,150,6,0.42903378661381625
14,1,10,150,6,0.8696762340896295
15,1,10,150,6,0.0
16,1,10,150,6,0.2816249726597774
17,1,10,150,6,0.13032376591037062
18,1,10,150,6,0.10778915452451093
19,1,10,150,6,0.19092086617893467
20,1,10,150,6,0.0
21,1,10,150,6,0.0
22,1,10,150,6,0.0
23,1,10,150,6,0.0
24,1,10,150,6,0.13032376591037062
25,1,10,150,6,0.15130120674940672
26,1,10,150,6,0.0
27,1,10,150,6,0.0
28,1,10,150,6,0.4329261794091841
29,1,10,150,6,0.0
30,1,10,150,6,0.0
31,1,10,150,6,0.0
32,1,10,150,6,0.0
33,1,10,150,6,0.0
34,1,10,150,6,0.0
35,1,10,150,6,0.0
36,1,10,150,6,0.0
37,1,10,150,6,0.15130120674940672
38,1,10,150,6,0.30260241349881345
39,1,10,150,6,0.0
40,1,10,150,6,0.0
41,1,10,150,6,0.0
42,1,10,150,6,0.3079834593168982
43,1,10,150,6,0.644824486427155
44,1,10,150,6,0.13032376591037062
45,1,10,150,6,0.0
46,1,10,150,6,0.0
47,1,10,150,6,0.0
48,1,10,150,6,0.15130120674940672
49,1,10,150,6,0.0
50,1,10,150,6,0.0
51,1,10,150,6,0.0
52,1,10,150,6,0.0
53,1,10,150,6,0.0
54,1,10,150,6,0.11706259313796354
55,1,10,150,6,0.0
56,1,10,150,6,0.0
57,1,10,150,6,0.30260241349881345
58,1,10,150,6,0.2816249726597774
59,1,10,150,6,0.41966500663677697
60,1,10,150,6,0.22485174766247445
61,1,10,150,6,0.0
62,1,10,150,6,0.4539036202482202
63,1,10,150,6,0.0
64,1,10,150,6,0.4329261794091841
65,1,10,150,6,0.4103915680233244
66,1,10,150,6,0.0
67,1,10,150,6,0.0
68,1,10,150,6,0.0
69,1,10,150,6,0.30260241349881345
70,1,10,150,6,0.0
71,1,10,150,6,0.0
72,1,10,150,6,0.15130120674940672
73,1,10,150,6,0.10778915452451093
74,1,10,150,6,0.0
75,1,10,150,6,0.0
76,1,10,150,6,0.10778915452451093
77,1,10,150,6,0.4157726138414091
78,1,10,150,6,0.0
79,1,10,150,6,0.6238470455881188
80,1,10,150,6,0.15130120674940672
81,1,10,150,6,0.0
82,1,10,150,6,0.6105858728157117
83,1,10,150,6,0.11706259313796354
84,1,10,150,6,0.0
85,1,10,150,6,0.15130120674940672
86,1,10,150,6,0.0
87,1,10,150,6,0.0
88,1,10,150,6,0.0
89,1,10,150,6,0.13032376591037062
90,1,10,150,6,0.11706259313796354
91,1,10,150,6,0.0
92,1,10,150,6,0.4329261794091841
93,1,10,150,6,0.0
94,1,10,150,6,0.7526136409516659
95,1,10,150,6,0.30260241349881345
96,1,10,150,6,0.30260241349881345
97,1,10,150,6,0.0
98,1,10,150,6,0.13032376591037062
99,1,10,150,6,0.3422220729283414
100,1,10,150,6,0.0
101,1,10,150,6,0.0
102,1,10,150,6,0.0
103,1,10,150,6,0.13032376591037062
104,1,10,150,6,0.0
105,1,10,150,6,0.0
106,1,10,150,6,0.5274541611612878
107,1,10,150,6,0.0
108,1,10,150,6,0.0
109,1,10,150,6,0.30260241349881345
110,1,10,150,6,0.0
111,1,10,150,6,0.0
112,1,10,150,6,0.0
113,1,10,150,6,0.0
114,1,10,150,6,0.0
115,1,10,150,6,0.5670738205908158
116,1,10,150,6,0.0
117,1,10,150,6,0.4103915680233244
118,1,10,150,6,0.0
119,1,10,150,6,0.11706259313796354
120,1,10,150,6,0.13032376591037062
121,1,10,150,6,0.15130120674940672
122,1,10,150,6,0.0
123,1,10,150,6,0.0
124,1,10,150,6,0.19092086617893467
125,1,10,150,6,0.30260241349881345
126,1,10,150,6,0.0
127,1,10,150,6,0.0
128,1,10,150,6,0.15130120674940672
129,1,10,150,6,0.0
130,1,10,150,6,0.4329261794091841
131,1,10,150,6,0.19092086617893467
132,1,10,150,6,0.0
133,1,10,150,6,0.0
134,1,10,150,6,0.0
135,1,10,150,6,0.0
136,1,10,150,6,0.2816249726597774
137,1,10,150,6,0.13032376591037062
138,1,10,150,6,0.0
139,1,10,150,6,0.0
140,1,10,150,6,0.0
141,1,10,150,6,0.30260241349881345
142,1,10,150,6,0.0
143,1,10,150,6,0.0
144,1,10,150,6,0.47254583883871204
145,1,10,150,6,0.561692774772731
146,1,10,150,6,0.0
147,1,10,150,6,0.0
148,1,10,150,6,0.4539036202482202
149,1,10,150,6,0.0
150,1,10,150,6,0.0
151,1,10,150,6,0.26836379988737025
152,1,10,150,6,0.0
153,1,10,150,6,0.15130120674940672
154,1,10,150,6,0.11706259313796354
155,1,10,150,6,0.0
156,1,10,150,6,0.0
157,1,10,150,6,0.0
158,1,10,150,6,0.5709662133861837
159,1,10,150,6,0.0
160,1,10,150,6,0.30260241349881345
161,1,10,150,6,0.15130120674940672
162,1,10,150,6,0.10778915452451093
163,1,10,150,6,0.0
164,1,10,150,6,0.0
165,1,10,150,6,0.0
166,1,10,150,6,0.0
167,1,10,150,6,0.11706259313796354
168,1,10,150,6,0.0
169,1,10,150,6,0.0
170,1,10,150,6,0.0
171,1,10,150,6,0.0
172,1,10,150,6,0.0
173,1,10,150,6,0.0
174,1,10,150,6,0.10778915452451093
175,1,10,150,6,0.0
176,1,10,150,6,0.15130120674940672
177,1,10,150,6,0.3212446320893053
178,1,10,150,6,0.47254583883871204
179,1,10,150,6,0.0
180,1,10,150,6,0.0
181,1,10,150,6,0.22485174766247445
182,1,10,150,6,0.0
183,1,10,150,6,0.0
184,1,10,150,6,0.43830722522726884
185,1,10,150,6,0.0
186,1,10,150,6,0.0
187,1,10,150,6,0.0
188,1,10,150,6,0.0
189,1,10,150,6,0.4103915680233244
190,1,10,150,6,0.0
191,1,10,150,6,0.0
192,1,10,150,6,0.0
193,1,10,150,6,0.0
194,1,10,150,6,0.3212446320893053
195,1,10,150,6,0.11706259313796354
196,1,10,150,6,0.0
197,1,10,150,6,0.0
198,1,10,150,6,0.11706259313796354
199,1,10,150,6,0.0
200,1,10,150,6,0.19092086617893467
201,1,10,150,6,0.11706259313796354
202,1,10,150,6,0.0
203,1,10,150,6,0.0
204,1,10,150,6,0.0
205,1,10,150,6,0.4329261794091841
206,1,10,150,6,0.0
207,1,10,150,6,0.25909036127391766
208,1,10,150,6,0.0
209,1,10,150,6,0.0
210,1,10,150,6,0.0
211,1,10,150,6,0.0
212,1,10,150,6,0.0
213,1,10,150,6,0.6105858728157117
214,1,10,150,6,0.13032376591037062
215,1,10,150,6,0.15130120674940672
216,1,10,150,6,0.47254583883871204
217,1,10,150,6,0.0
218,1,10,150,6,0.0
219,1,10,150,6,0.0
220,1,10,150,6,0.0
221,1,10,150,6,0.10778915452451093
222,1,10,150,6,0.601312434202259
223,1,10,150,6,0.3079834593168982
224,1,10,150,6,0.19092086617893467
225,1,10,150,6,0.0
226,1,10,150,6,0.30260241349881345
227,1,10,150,6,0.19092086617893467
228,1,10,150,6,0.0
229,1,10,150,6,0.0
230,1,10,150,6,0.3422220729283414
231,1,10,150,6,0.0
232,1,10,150,6,0.0
233,1,10,150,6,0.0
234,1,10,150,6,0.7751482523375255
235,1,10,150,6,0.30260241349881345
236,1,10,150,6,0.0
237,1,10,150,6,0.19092086617893467
238,1,10,150,6,0.0
239,1,10,150,6,0.22485174766247445
240,1,10,150,6,0.0
241,1,10,150,6,0.0
242,1,10,150,6,0.0
243,1,10,150,6,0.30260241349881345
244,1,10,150,6,0.10778915452451093
245,1,10,150,6,0.0
246,1,10,150,6,0.0
247,1,10,150,6,0.0
248,1,10,150,6,0.10778915452451093
249,1,10,150,6,0.2987100207034456
250,1,10,150,6,0.0
251,1,10,150,6,0.11706259313796354
252,1,10,150,6,0.15130120674940672
253,1,10,150,6,0.0
254,1,10,150,6,0.15130120674940672
255,1,10,150,6,0.0
256,1,10,150,6,0.5842273861585908
257,1,10,150,6,0.0
258,1,10,150,6,0.0
259,1,10,150,6,0.0
260,1,10,150,6,0.0
261,1,10,150,6,0.0
262,1,10,150,6,0.0
263,1,10,150,6,0.0
264,1,10,150,6,0.0
265,1,10,150,6,0.30260241349881345
266,1,10,150,6,0.0
267,1,10,150,6,0.0
268,1,10,150,6,0.3422220729283414
269,1,10,150,6,0.8090791338210652
270,1,10,150,6,0.0
271,1,10,150,6,0.2816249726597774
272,1,10,150,6,0.43830722522726884
273,1,10,150,6,0.0
274,1,10,150,6,0.30260241349881345
275,1,10,150,6,0.0
276,1,10,150,6,0.7316362001126298
277,1,10,150,6,0.19092086617893467
278,1,10,150,6,0.0
279,1,10,150,6,0.2816249726597774
280,1,10,150,6,0.4935232796777481
281,1,10,150,6,0.0
282,1,10,150,6,0.0
283,1,10,150,6,0.10778915452451093
284,1,10,150,6,0.0
285,1,10,150,6,0.0
286,1,10,150,6,0.4103915680233244
287,1,10,150,6,0.4539036202482202
288,1,10,150,6,0.10778915452451093
289,1,10,150,6,0.0
290,1,10,150,6,0.30260241349881345
291,1,10,150,6,0.0
292,1,10,150,6,0.15130120674940672
293,1,10,150,6,0.42903378661381625
294,1,10,150,6,0.0
295,1,10,150,6,0.30260241349881345
296,1,10,150,6,0.3551755135728451
297,1,10,150,6,0.15130120674940672
298,1,10,150,6,0.19092086617893467
299,1,10,150,6,0.25909036127391766
300,1,10,150,6,0.0
301,1,10,150,6,0.7618870795651185
302,1,10,150,6,0.10778915452451093
303,1,10,150,6,0.41966500663677697
304,1,10,150,6,0.0
305,1,10,150,6,0.24738635904833417
306,1,10,150,6,0.0
307,1,10,150,6,0.0
308,1,10,150,6,0.41966500663677697
309,1,10,150,6,0.0
310,1,10,150,6,0.0
311,1,10,150,6,0.4329261794091841
312,1,10,150,6,0.15130120674940672
313,1,10,150,6,0.30260241349881345
314,1,10,150,6,0.30260241349881345
315,1,10,150,6,0.25909036127391766
316,1,10,150,6,0.25909036127391766
317,1,10,150,6,0.0
318,1,10,150,6,0.0
319,1,10,150,6,0.0
320,1,10,150,6,0.7012899792965542
321,1,10,150,6,0.3422220729283414
322,1,10,150,6,0.26836379988737025
323,1,10,150,6,0.2987100207034456
324,1,10,150,6,0.13032376591037062
325,1,10,150,6,0.0
326,1,10,150,6,0.3079834593168982
327,1,10,150,6,0.0
328,1,10,150,6,0.15130120674940672
329,1,10,150,6,0.0
330,1,10,150,6,0.23811292043488155
331,1,10,150,6,0.0
332,1,10,150,6,0.3079834593168982
333,1,10,150,6,0.0
334,1,10,150,6,0.10778915452451093
335,1,10,150,6,0.0
336,1,10,150,6,0.0
337,1,10,150,6,0.0
338,1,10,150,6,0.0
339,1,10,150,6,0.7409096387260823
340,1,10,150,6,0.30260241349881345
341,1,10,150,6,0.0
342,1,10,150,6,0.10778915452451093
343,1,10,150,6,0.3422220729283414
344,1,10,150,6,0.6238470455881188
345,1,10,150,6,0.11706259313796354
346,1,10,150,6,0.0
347,1,10,150,6,0.561692774772731
348,1,10,150,6,0.30260241349881345
349,1,10,150,6,0.30260241349881345
350,1,10,150,6,0.0
351,1,10,150,6,0.0
352,1,10,150,6,0.0
353,1,10,150,6,0.0
354,1,10,150,6,0.0
355,1,10,150,6,0.0
356,1,10,150,6,0.0
357,1,10,150,6,0.11706259313796354
358,1,10,150,6,0.0
359,1,10,150,6,0.15130120674940672
360,1,10,150,6,0.0
361,1,10,150,6,0.30260241349881345
362,1,10,150,6,0.0
363,1,10,150,6,0.0
364,1,10,150,6,0.0
365,1,10,150,6,0.3079834593168982
366,1,10,150,6,0.0
367,1,10,150,6,0.0
368,1,10,150,6,0.0
369,1,10,150,6,0.0
370,1,10,150,6,0.19092086617893467
371,1,10,150,6,0.0
372,1,10,150,6,0.15130120674940672
373,1,10,150,6,0.0
374,1,10,150,6,0.0
375,1,10,150,6,0.0
376,1,10,150,6,0.0
377,1,10,150,6,0.0
378,1,10,150,6,0.540715333933695
379,1,10,150,6,0.10778915452451093
380,1,10,150,6,0.0
381,1,10,150,6,0.0
382,1,10,150,6,0.0
383,1,10,150,6,0.13032376591037062
384,1,10,150,6,0.0
385,1,10,150,6,0.15130120674940672
386,1,10,150,6,0.14606834984270645
387,1,10,150,6,0.24738635904833417
388,1,10,150,6,0.0
389,1,10,150,6,0.0
390,1,10,150,6,0.0
391,1,10,150,6,0.22485174766247445
392,1,10,150,6,0.15130120674940672
393,1,10,150,6,0.561692774772731
394,1,10,150,6,0.0
395,1,10,150,6,0.0
396,1,10,150,6,0.0
397,1,10,150,6,0.0
398,1,10,150,6,0.2987100207034456
399,1,10,150,6,0.0
400,1,10,150,6,0.0
401,1,10,150,6,0.0
402,1,10,150,6,0.0
403,1,10,150,6,0.0
404,1,10,150,6,0.0
405,1,10,150,6,0.540715333933695
406,1,10,150,6,0.4329261794091841
407,1,10,150,6,0.0
408,1,10,150,6,0.0
409,1,10,150,6,0.0
410,1,10,150,6,0.0
411,1,10,150,6,0.0
412,1,10,150,6,0.10778915452451093
413,1,10,150,6,0.0
414,1,10,150,6,0.0
415,1,10,150,6,0.0
416,1,10,150,6,0.13032376591037062
417,1,10,150,6,0.47254583883871204
418,1,10,150,6,0.0
419,1,10,150,6,0.0
420,1,10,150,6,0.19519002499605084
421,1,10,150,6,0.0
422,1,10,150,6,0.0
423,1,10,150,6,0.0
424,1,10,150,6,0.0
425,1,10,150,6,0.0
426,1,10,150,6,0.0
427,1,10,150,6,0.0
428,1,10,150,6,0.0
429,1,10,150,6,0.3212446320893053
430,1,10,150,6,0.0
431,1,10,150,6,0.0
432,1,10,150,6,0.0
433,1,10,150,6,0.0
434,1,10,150,6,0.0
435,1,10,150,6,0.0
436,1,10,150,6,0.0
437,1,10,150,6,0.30260241349881345
438,1,10,150,6,0.0
439,1,10,150,6,0.18154179253735267
440,1,10,150,6,0.0
442,1,10,150,6,0.15130120674940672
444,1,10,150,6,0.0
445,1,10,150,6,0.0
446,1,10,150,6,0.0
447,1,10,150,6,0.0
448,1,10,150,6,0.0
449,1,10,150,6,0.0
450,1,10,150,6,0.0
451,1,10,150,6,0.0
452,1,10,150,6,0.0
453,1,10,150,6,0.0
454,1,10,150,6,0.0
455,1,10,150,6,0.0
456,1,10,150,6,0.0
457,1,10,150,6,0.0
458,1,10,150,6,0.0
459,1,10,150,6,0.0
460,1,10,150,6,0.0
462,1,10,150,6,0.0
1,1,10,150,7,1.0
2,1,10,150,7,0.0
3,1,10,150,7,0.0
4,1,10,150,7,0.0
5,1,10,150,7,0.0
6,1,10,150,7,0.3108658234453849
7,1,10,150,7,0.2558209594125084
8,1,10,150,7,0.13743816645714543
9,1,10,150,7,0.0
10,1,10,150,7,0.36296602664297084
11,1,10,150,7,0.3727892582642586
12,1,10,150,7,0.0
13,1,10,150,7,0.38972337529357015
14,1,10,150,7,0.7899917627398735
15,1,10,150,7,0.0
16,1,10,150,7,0.2558209594125084
17,1,10,150,7,0.11838279295536291
18,1,10,150,7,0.18953836965473142
19,1,10,150,7,0.17342765698823945
20,1,10,150,7,0.0
21,1,10,150,7,0.0
22,1,10,150,7,0.0
23,1,10,150,7,0.0
24,1,10,150,7,0.11838279295536291
25,1,10,150,7,0.22906361076190904
26,1,10,150,7,0.0
27,1,10,150,7,0.0
28,1,10,150,7,0.3932591258696538
29,1,10,150,7,0.0
30,1,10,150,7,0.0
31,1,10,150,7,0.0
32,1,10,150,7,0.0
33,1,10,150,7,0.0
34,1,10,150,7,0.0
35,1,10,150,7,0.0
36,1,10,150,7,0.0
37,1,10,150,7,0.13743816645714543
38,1,10,150,7,0.27487633291429087
39,1,10,150,7,0.0
40,1,10,150,7,0.0
41,1,10,150,7,0.0
42,1,10,150,7,0.2797643380184693
43,1,10,150,7,0.5857421563596757
44,1,10,150,7,0.11838279295536291
45,1,10,150,7,0.0
46,1,10,150,7,0.0
47,1,10,150,7,0.0
48,1,10,150,7,0.13743816645714543
49,1,10,150,7,0.0
50,1,10,150,7,0.0
51,1,10,150,7,0.0
52,1,10,150,7,0.0
53,1,10,150,7,0.0
54,1,10,150,7,0.10633668103022985
55,1,10,150,7,0.0
56,1,10,150,7,0.0
57,1,10,150,7,0.27487633291429087
58,1,10,150,7,0.2558209594125084
59,1,10,150,7,0.38121301394452073
60,1,10,150,7,0.20424960638019762
61,1,10,150,7,0.0
62,1,10,150,7,0.41231449937143627
63,1,10,150,7,0.0
64,1,10,150,7,0.4848845701744174
65,1,10,150,7,0.3727892582642586
66,1,10,150,7,0.0
67,1,10,150,7,0.0
68,1,10,150,7,0.0
69,1,10,150,7,0.36650177721905447
70,1,10,150,7,0.0
71,1,10,150,7,0.0
72,1,10,150,7,0.13743816645714543
73,1,10,150,7,0.0979129253499678
74,1,10,150,7,0.0
75,1,10,150,7,0.0
76,1,10,150,7,0.0979129253499678
77,1,10,150,7,0.3776772633684371
78,1,10,150,7,0.0
79,1,10,150,7,0.5666867828578932
80,1,10,150,7,0.13743816645714543
81,1,10,150,7,0.0
82,1,10,150,7,0.6462661152375239
83,1,10,150,7,0.19796212533499344
84,1,10,150,7,0.0
85,1,10,150,7,0.13743816645714543
86,1,10,150,7,0.0
87,1,10,150,7,0.0
88,1,10,150,7,0.0
89,1,10,150,7,0.11838279295536291
90,1,10,150,7,0.19796212533499344
91,1,10,150,7,0.0
92,1,10,150,7,0.3932591258696538
93,1,10,150,7,0.0
94,1,10,150,7,0.6836550817096436
95,1,10,150,7,0.27487633291429087
96,1,10,150,7,0.27487633291429087
97,1,10,150,7,0.0
98,1,10,150,7,0.11838279295536291
99,1,10,150,7,0.3108658234453849
100,1,10,150,7,0.0
101,1,10,150,7,0.0
102,1,10,150,7,0.0
103,1,10,150,7,0.11838279295536291
104,1,10,150,7,0.0
105,1,10,150,7,0.0
106,1,10,150,7,0.570751383599252
107,1,10,150,7,0.0
108,1,10,150,7,0.0
109,1,10,150,7,0.27487633291429087
110,1,10,150,7,0.0
111,1,10,150,7,0.0
112,1,10,150,7,0.0
113,1,10,150,7,0.0
114,1,10,150,7,0.0
115,1,10,150,7,0.5151154298255826
116,1,10,150,7,0.09162544430476362
117,1,10,150,7,0.3727892582642586
118,1,10,150,7,0.0
119,1,10,150,7,0.10633668103022985
120,1,10,150,7,0.11838279295536291
121,1,10,150,7,0.13743816645714543
122,1,10,150,7,0.0
123,1,10,150,7,0.0
124,1,10,150,7,0.17342765698823945
125,1,10,150,7,0.27487633291429087
126,1,10,150,7,0.0
127,1,10,150,7,0.0
128,1,10,150,7,0.22906361076190904
129,1,10,150,7,0.0
130,1,10,150,7,0.3932591258696538
131,1,10,150,7,0.17342765698823945
132,1,10,150,7,0.0
133,1,10,150,7,0.0
134,1,10,150,7,0.0
135,1,10,150,7,0.0
136,1,10,150,7,0.2558209594125084
137,1,10,150,7,0.11838279295536291
138,1,10,150,7,0.0
139,1,10,150,7,0.0
140,1,10,150,7,0.0
141,1,10,150,7,0.27487633291429087
142,1,10,150,7,0.0
143,1,10,150,7,0.0
144,1,10,150,7,0.5208740607055113
145,1,10,150,7,0.510227424721404
146,1,10,150,7,0.0
147,1,10,150,7,0.0
148,1,10,150,7,0.41231449937143627
149,1,10,150,7,0.0
150,1,10,150,7,0.0
151,1,10,150,7,0.33540029179213887
152,1,10,150,7,0.0
153,1,10,150,7,0.13743816645714543
154,1,10,150,7,0.10633668103022985
155,1,10,150,7,0.0
156,1,10,150,7,0.0
157,1,10,150,7,0.0
158,1,10,150,7,0.5186511804016661
159,1,10,150,7,0.0
160,1,10,150,7,0.27487633291429087
161,1,10,150,7,0.13743816645714543
162,1,10,150,7,0.0979129253499678
163,1,10,150,7,0.0
164,1,10,150,7,0.0
165,1,10,150,7,0.0
166,1,10,150,7,0.0
167,1,10,150,7,0.10633668103022985
168,1,10,150,7,0.0
169,1,10,150,7,0.0
170,1,10,150,7,0.0
171,1,10,150,7,0.0
172,1,10,150,7,0.0
173,1,10,150,7,0.0
174,1,10,150,7,0.18953836965473142
175,1,10,150,7,0.0
176,1,10,150,7,0.13743816645714543
177,1,10,150,7,0.2918104499436024
178,1,10,150,7,0.4292486164007478
179,1,10,150,7,0.0
180,1,10,150,7,0.0
181,1,10,150,7,0.20424960638019762
182,1,10,150,7,0.0
183,1,10,150,7,0.0
184,1,10,150,7,0.3981471309738322
185,1,10,150,7,0.0
186,1,10,150,7,0.0
187,1,10,150,7,0.0
188,1,10,150,7,0.0
189,1,10,150,7,0.3727892582642586
190,1,10,150,7,0.0
191,1,10,150,7,0.0
192,1,10,150,7,0.0
193,1,10,150,7,0.0
194,1,10,150,7,0.2918104499436024
195,1,10,150,7,0.10633668103022985
196,1,10,150,7,0.0
197,1,10,150,7,0.0
198,1,10,150,7,0.10633668103022985
199,1,10,150,7,0.0
200,1,10,150,7,0.265053101293003
201,1,10,150,7,0.10633668103022985
202,1,10,150,7,0.0
203,1,10,150,7,0.0
204,1,10,150,7,0.0
205,1,10,150,7,0.3932591258696538
206,1,10,150,7,0.0
207,1,10,150,7,0.3269765361118768
208,1,10,150,7,0.0
209,1,10,150,7,0.0
210,1,10,150,7,0.0
211,1,10,150,7,0.0
212,1,10,150,7,0.0
213,1,10,150,7,0.5546406709327603
214,1,10,150,7,0.11838279295536291
215,1,10,150,7,0.13743816645714543
216,1,10,150,7,0.4292486164007478
217,1,10,150,7,0.0
218,1,10,150,7,0.0
219,1,10,150,7,0.0
220,1,10,150,7,0.0
221,1,10,150,7,0.0979129253499678
222,1,10,150,7,0.546216915252498
223,1,10,150,7,0.2797643380184693
224,1,10,150,7,0.17342765698823945
225,1,10,150,7,0.0
226,1,10,150,7,0.36650177721905447
227,1,10,150,7,0.17342765698823945
228,1,10,150,7,0.0
229,1,10,150,7,0.0
230,1,10,150,7,0.3108658234453849
231,1,10,150,7,0.0
232,1,10,150,7,0.0
233,1,10,150,7,0.0
234,1,10,150,7,0.7041249493150387
235,1,10,150,7,0.36650177721905447
236,1,10,150,7,0.0
237,1,10,150,7,0.17342765698823945
238,1,10,150,7,0.0
239,1,10,150,7,0.2958750506849612
240,1,10,150,7,0.0
241,1,10,150,7,0.0
242,1,10,150,7,0.0
243,1,10,150,7,0.36650177721905447
244,1,10,150,7,0.0979129253499678
245,1,10,150,7,0.0
246,1,10,150,7,0.0
247,1,10,150,7,0.0
248,1,10,150,7,0.0979129253499678
249,1,10,150,7,0.36296602664297084
250,1,10,150,7,0.09162544430476362
251,1,10,150,7,0.10633668103022985
252,1,10,150,7,0.13743816645714543
253,1,10,150,7,0.0
254,1,10,150,7,0.13743816645714543
255,1,10,150,7,0.0
256,1,10,150,7,0.5306972923267992
257,1,10,150,7,0.0
258,1,10,150,7,0.0
259,1,10,150,7,0.0
260,1,10,150,7,0.0
261,1,10,150,7,0.0
262,1,10,150,7,0.0
263,1,10,150,7,0.0
264,1,10,150,7,0.09162544430476362
265,1,10,150,7,0.27487633291429087
266,1,10,150,7,0.0
267,1,10,150,7,0.0
268,1,10,150,7,0.3108658234453849
269,1,10,150,7,0.8265723430117605
270,1,10,150,7,0.0
271,1,10,150,7,0.2558209594125084
272,1,10,150,7,0.3981471309738322
273,1,10,150,7,0.0
274,1,10,150,7,0.27487633291429087
275,1,10,150,7,0.0
276,1,10,150,7,0.7562251525126247
277,1,10,150,7,0.17342765698823945
278,1,10,150,7,0.0
279,1,10,150,7,0.3474464037172719
280,1,10,150,7,0.4483039899025303
281,1,10,150,7,0.0
282,1,10,150,7,0.0
283,1,10,150,7,0.0979129253499678
284,1,10,150,7,0.0
285,1,10,150,7,0.0
286,1,10,150,7,0.3727892582642586
287,1,10,150,7,0.41231449937143627
288,1,10,150,7,0.0979129253499678
289,1,10,150,7,0.0
290,1,10,150,7,0.36650177721905447
291,1,10,150,7,0.0
292,1,10,150,7,0.13743816645714543
293,1,10,150,7,0.48134881959833375
294,1,10,150,7,0.0
295,1,10,150,7,0.27487633291429087
296,1,10,150,7,0.41425784364032414
297,1,10,150,7,0.13743816645714543
298,1,10,150,7,0.17342765698823945
299,1,10,150,7,0.3269765361118768
300,1,10,150,7,0.0
301,1,10,150,7,0.6920788373899056
302,1,10,150,7,0.0979129253499678
303,1,10,150,7,0.38121301394452073
304,1,10,150,7,0.0
305,1,10,150,7,0.22471947398559278
306,1,10,150,7,0.09162544430476362
307,1,10,150,7,0.0
308,1,10,150,7,0.38121301394452073
309,1,10,150,7,0.0
310,1,10,150,7,0.0
311,1,10,150,7,0.4848845701744174
312,1,10,150,7,0.13743816645714543
313,1,10,150,7,0.27487633291429087
314,1,10,150,7,0.27487633291429087
315,1,10,150,7,0.23535109180711322
316,1,10,150,7,0.23535109180711322
317,1,10,150,7,0.0
318,1,10,150,7,0.0
319,1,10,150,7,0.0
320,1,10,150,7,0.7286594176617927
321,1,10,150,7,0.3108658234453849
322,1,10,150,7,0.24377484748737527
323,1,10,150,7,0.27134058233820724
324,1,10,150,7,0.11838279295536291
325,1,10,150,7,0.09162544430476362
326,1,10,150,7,0.2797643380184693
327,1,10,150,7,0.0
328,1,10,150,7,0.22906361076190904
329,1,10,150,7,0.0
330,1,10,150,7,0.2162957183053307
331,1,10,150,7,0.0
332,1,10,150,7,0.2797643380184693
333,1,10,150,7,0.0
334,1,10,150,7,0.0979129253499678
335,1,10,150,7,0.0
336,1,10,150,7,0.0
337,1,10,150,7,0.0
338,1,10,150,7,0.0
339,1,10,150,7,0.6730234638881231
340,1,10,150,7,0.27487633291429087
341,1,10,150,7,0.0
342,1,10,150,7,0.0979129253499678
343,1,10,150,7,0.4024912677501485
344,1,10,150,7,0.5666867828578932
345,1,10,150,7,0.19796212533499344
346,1,10,150,7,0.09162544430476362
347,1,10,150,7,0.510227424721404
348,1,10,150,7,0.27487633291429087
349,1,10,150,7,0.27487633291429087
350,1,10,150,7,0.0
351,1,10,150,7,0.0
352,1,10,150,7,0.0
353,1,10,150,7,0.0
354,1,10,150,7,0.0
355,1,10,150,7,0.0
356,1,10,150,7,0.0
357,1,10,150,7,0.10633668103022985
358,1,10,150,7,0.0
359,1,10,150,7,0.13743816645714543
360,1,10,150,7,0.0
361,1,10,150,7,0.27487633291429087
362,1,10,150,7,0.0
363,1,10,150,7,0.09162544430476362
364,1,10,150,7,0.0
365,1,10,150,7,0.2797643380184693
366,1,10,150,7,0.0
367,1,10,150,7,0.0
368,1,10,150,7,0.0
369,1,10,150,7,0.0
370,1,10,150,7,0.265053101293003
371,1,10,150,7,0.0
372,1,10,150,7,0.13743816645714543
373,1,10,150,7,0.09162544430476362
374,1,10,150,7,0.0
375,1,10,150,7,0.0
376,1,10,150,7,0.0
377,1,10,150,7,0.0
378,1,10,150,7,0.49117205121962154
379,1,10,150,7,0.0979129253499678
380,1,10,150,7,0.0
381,1,10,150,7,0.0
382,1,10,150,7,0.0
383,1,10,150,7,0.11838279295536291
384,1,10,150,7,0.0
385,1,10,150,7,0.13743816645714543
386,1,10,150,7,0.14606834984270645
387,1,10,150,7,0.22471947398559278
388,1,10,150,7,0.0
389,1,10,150,7,0.0
390,1,10,150,7,0.0
391,1,10,150,7,0.20424960638019762
392,1,10,150,7,0.13743816645714543
393,1,10,150,7,0.510227424721404
394,1,10,150,7,0.0
395,1,10,150,7,0.0
396,1,10,150,7,0.0
397,1,10,150,7,0.0
398,1,10,150,7,0.27134058233820724
399,1,10,150,7,0.0
400,1,10,150,7,0.0
401,1,10,150,7,0.0
402,1,10,150,7,0.0
403,1,10,150,7,0.0
404,1,10,150,7,0.0
405,1,10,150,7,0.49117205121962154
406,1,10,150,7,0.3932591258696538
407,1,10,150,7,0.09162544430476362
408,1,10,150,7,0.0
409,1,10,150,7,0.0
410,1,10,150,7,0.0
411,1,10,150,7,0.0
412,1,10,150,7,0.0979129253499678
413,1,10,150,7,0.0
414,1,10,150,7,0.0
415,1,10,150,7,0.0
416,1,10,150,7,0.11838279295536291
417,1,10,150,7,0.4292486164007478
418,1,10,150,7,0.0
419,1,10,150,7,0.0
420,1,10,150,7,0.19519002499605084
421,1,10,150,7,0.0
422,1,10,150,7,0.0
423,1,10,150,7,0.0
424,1,10,150,7,0.0
425,1,10,150,7,0.0
426,1,10,150,7,0.0
427,1,10,150,7,0.0
428,1,10,150,7,0.0
429,1,10,150,7,0.2918104499436024
430,1,10,150,7,0.0
431,1,10,150,7,0.0
432,1,10,150,7,0.0
433,1,10,150,7,0.13012668333070054
434,1,10,150,7,0.0
435,1,10,150,7,0.0
436,1,10,150,7,0.0
437,1,10,150,7,0.27487633291429087
438,1,10,150,7,0.0
439,1,10,150,7,0.18154179253735267
440,1,10,150,7,0.0
442,1,10,150,7,0.13743816645714543
444,1,10,150,7,0.0
445,1,10,150,7,0.0
446,1,10,150,7,0.0
447,1,10,150,7,0.0
448,1,10,150,7,0.0
449,1,10,150,7,0.0
450,1,10,150,7,0.0
451,1,10,150,7,0.0
452,1,10,150,7,0.0
453,1,10,150,7,0.09162544430476362
454,1,10,150,7,0.0
455,1,10,150,7,0.0
456,1,10,150,7,0.0
457,1,10,150,7,0.0
458,1,10,150,7,0.0
459,1,10,150,7,0.0
460,1,10,150,7,0.0
462,1,10,150,7,0.0
1,1,10,150,8,1.0
2,1,10,150,8,0.0
3,1,10,150,8,0.0
4,1,10,150,8,0.0
5,1,10,150,8,0.0
6,1,10,150,8,0.2860604285087249
7,1,10,150,8,0.23540784400158446
8,1,10,150,8,0.12647135138382856
9,1,10,150,8,0.0
10,1,10,150,8,0.4137978585955978
11,1,10,150,8,0.3430427114200248
12,1,10,150,8,0.0
13,1,10,150,8,0.438420116957468
14,1,10,150,8,0.7269547345639102
15,1,10,150,8,0.07979453856244817
16,1,10,150,8,0.23540784400158446
17,1,10,150,8,0.10893649261775588
18,1,10,150,8,0.1744142429082534
19,1,10,150,8,0.15958907712489634
20,1,10,150,8,0.0
21,1,10,150,8,0.0
22,1,10,150,8,0.0
23,1,10,150,8,0.0
24,1,10,150,8,0.10893649261775588
25,1,10,150,8,0.21078558563971425
26,1,10,150,8,0.0
27,1,10,150,8,0.0
28,1,10,150,8,0.361879195385413
29,1,10,150,8,0.0
30,1,10,150,8,0.0
31,1,10,150,8,0.0
32,1,10,150,8,0.0
33,1,10,150,8,0.0
34,1,10,150,8,0.0
35,1,10,150,8,0.0
36,1,10,150,8,0.0
37,1,10,150,8,0.20626588994627673
38,1,10,150,8,0.2529427027676571
39,1,10,150,8,0.0
40,1,10,150,8,0.0
41,1,10,150,8,0.0
42,1,10,150,8,0.25744067176005675
43,1,10,150,8,0.6187976698388302
44,1,10,150,8,0.10893649261775588
45,1,10,150,8,0.0
46,1,10,150,8,0.0
47,1,10,150,8,0.0
48,1,10,150,8,0.12647135138382856
49,1,10,150,8,0.0
50,1,10,150,8,0.0
51,1,10,150,8,0.0
52,1,10,150,8,0.0
53,1,10,150,8,0.0
54,1,10,150,8,0.09785159463516042
55,1,10,150,8,0.0
56,1,10,150,8,0.07979453856244817
57,1,10,150,8,0.3327372413301053
58,1,10,150,8,0.23540784400158446
59,1,10,150,8,0.43058883596526576
60,1,10,150,8,0.26774614184997625
61,1,10,150,8,0.0
62,1,10,150,8,0.4592085927139339
63,1,10,150,8,0.0
64,1,10,150,8,0.4461934296412987
65,1,10,150,8,0.3430427114200248
66,1,10,150,8,0.0
67,1,10,150,8,0.0
68,1,10,150,8,0.0
69,1,10,150,8,0.3372569370235428
70,1,10,150,8,0.0
71,1,10,150,8,0.0
72,1,10,150,8,0.12647135138382856
73,1,10,150,8,0.09010000865236768
74,1,10,150,8,0.0
75,1,10,150,8,0.0
76,1,10,150,8,0.16989454721481587
77,1,10,150,8,0.3475406804124244
78,1,10,150,8,0.0
79,1,10,150,8,0.5214682725103094
80,1,10,150,8,0.12647135138382856
81,1,10,150,8,0.0
82,1,10,150,8,0.6744921473460479
83,1,10,150,8,0.1821658288910461
84,1,10,150,8,0.0
85,1,10,150,8,0.12647135138382856
86,1,10,150,8,0.0
87,1,10,150,8,0.0
88,1,10,150,8,0.0
89,1,10,150,8,0.10893649261775588
90,1,10,150,8,0.26196036745349427
91,1,10,150,8,0.0
92,1,10,150,8,0.44167373394786114
93,1,10,150,8,0.0
94,1,10,150,8,0.6291031399287498
95,1,10,150,8,0.3327372413301053
96,1,10,150,8,0.3327372413301053
97,1,10,150,8,0.0
98,1,10,150,8,0.10893649261775588
99,1,10,150,8,0.2860604285087249
100,1,10,150,8,0.0
101,1,10,150,8,0.0
102,1,10,150,8,0.0
103,1,10,150,8,0.10893649261775588
104,1,10,150,8,0.0
105,1,10,150,8,0.0
106,1,10,150,8,0.5252085403110709
107,1,10,150,8,0.0
108,1,10,150,8,0.0
109,1,10,150,8,0.2529427027676571
110,1,10,150,8,0.0
111,1,10,150,8,0.0
112,1,10,150,8,0.0
113,1,10,150,8,0.0
114,1,10,150,8,0.0
115,1,10,150,8,0.474012031796253
116,1,10,150,8,0.0843142342558857
117,1,10,150,8,0.3430427114200248
118,1,10,150,8,0.0
119,1,10,150,8,0.09785159463516042
120,1,10,150,8,0.10893649261775588
121,1,10,150,8,0.12647135138382856
122,1,10,150,8,0.0
123,1,10,150,8,0.0
124,1,10,150,8,0.15958907712489634
125,1,10,150,8,0.2529427027676571
126,1,10,150,8,0.0
127,1,10,150,8,0.0
128,1,10,150,8,0.2905801242021624
129,1,10,150,8,0.0
130,1,10,150,8,0.361879195385413
131,1,10,150,8,0.15958907712489634
132,1,10,150,8,0.0
133,1,10,150,8,0.0
134,1,10,150,8,0.0
135,1,10,150,8,0.0
136,1,10,150,8,0.23540784400158446
137,1,10,150,8,0.10893649261775588
138,1,10,150,8,0.0
139,1,10,150,8,0.0
140,1,10,150,8,0.0
141,1,10,150,8,0.2529427027676571
142,1,10,150,8,0.0
143,1,10,150,8,0.0
144,1,10,150,8,0.47931115538236646
145,1,10,150,8,0.4695140628038533
146,1,10,150,8,0.0
147,1,10,150,8,0.0
148,1,10,150,8,0.37941405415148566
149,1,10,150,8,0.0
150,1,10,150,8,0.0
151,1,10,150,8,0.3884317188373228
152,1,10,150,8,0.0
153,1,10,150,8,0.12647135138382856
154,1,10,150,8,0.09785159463516042
155,1,10,150,8,0.0
156,1,10,150,8,0.0
157,1,10,150,8,0.0
158,1,10,150,8,0.4772656487866461
159,1,10,150,8,0.0
160,1,10,150,8,0.3327372413301053
161,1,10,150,8,0.12647135138382856
162,1,10,150,8,0.09010000865236768
163,1,10,150,8,0.0
164,1,10,150,8,0.0
165,1,10,150,8,0.0
166,1,10,150,8,0.0
167,1,10,150,8,0.09785159463516042
168,1,10,150,8,0.0
169,1,10,150,8,0.0
170,1,10,150,8,0.0
171,1,10,150,8,0.0
172,1,10,150,8,0.0
173,1,10,150,8,0.0
174,1,10,150,8,0.1744142429082534
175,1,10,150,8,0.0
176,1,10,150,8,0.12647135138382856
177,1,10,150,8,0.26852556974265224
178,1,10,150,8,0.39499692112648077
179,1,10,150,8,0.0
180,1,10,150,8,0.07979453856244817
181,1,10,150,8,0.18795160328752808
182,1,10,150,8,0.0
183,1,10,150,8,0.0
184,1,10,150,8,0.36637716437781265
185,1,10,150,8,0.0
186,1,10,150,8,0.0
187,1,10,150,8,0.0
188,1,10,150,8,0.0
189,1,10,150,8,0.3430427114200248
190,1,10,150,8,0.0
191,1,10,150,8,0.0
192,1,10,150,8,0.0
193,1,10,150,8,0.0
194,1,10,150,8,0.26852556974265224
195,1,10,150,8,0.09785159463516042
196,1,10,150,8,0.0
197,1,10,150,8,0.0
198,1,10,150,8,0.09785159463516042
199,1,10,150,8,0.0
200,1,10,150,8,0.24390331138078203
201,1,10,150,8,0.09785159463516042
202,1,10,150,8,0.0
203,1,10,150,8,0.0
204,1,10,150,8,0.0
205,1,10,150,8,0.361879195385413
206,1,10,150,8,0.0
207,1,10,150,8,0.3008855942920819
208,1,10,150,8,0.0
209,1,10,150,8,0.0
210,1,10,150,8,0.07979453856244817
211,1,10,150,8,0.0
212,1,10,150,8,0.0
213,1,10,150,8,0.5901779130901621
214,1,10,150,8,0.10893649261775588
215,1,10,150,8,0.20626588994627673
216,1,10,150,8,0.39499692112648077
217,1,10,150,8,0.0
218,1,10,150,8,0.0
219,1,10,150,8,0.0
220,1,10,150,8,0.0
221,1,10,150,8,0.09010000865236768
222,1,10,150,8,0.5026317885449211
223,1,10,150,8,0.25744067176005675
224,1,10,150,8,0.15958907712489634
225,1,10,150,8,0.0
226,1,10,150,8,0.3372569370235428
227,1,10,150,8,0.15958907712489634
228,1,10,150,8,0.0
229,1,10,150,8,0.0
230,1,10,150,8,0.2860604285087249
231,1,10,150,8,0.0
232,1,10,150,8,0.0
233,1,10,150,8,0.0
234,1,10,150,8,0.647939623894138
235,1,10,150,8,0.3372569370235428
236,1,10,150,8,0.0
237,1,10,150,8,0.2393836156873445
238,1,10,150,8,0.0
239,1,10,150,8,0.27226583754341377
240,1,10,150,8,0.0
241,1,10,150,8,0.0
242,1,10,150,8,0.0
243,1,10,150,8,0.3372569370235428
244,1,10,150,8,0.09010000865236768
245,1,10,150,8,0.0
246,1,10,150,8,0.0
247,1,10,150,8,0.0
248,1,10,150,8,0.09010000865236768
249,1,10,150,8,0.4137978585955978
250,1,10,150,8,0.0843142342558857
251,1,10,150,8,0.09785159463516042
252,1,10,150,8,0.12647135138382856
253,1,10,150,8,0.07979453856244817
254,1,10,150,8,0.12647135138382856
255,1,10,150,8,0.0
256,1,10,150,8,0.48835054676924156
257,1,10,150,8,0.0
258,1,10,150,8,0.0
259,1,10,150,8,0.0
260,1,10,150,8,0.0
261,1,10,150,8,0.0
262,1,10,150,8,0.0
263,1,10,150,8,0.0
264,1,10,150,8,0.0843142342558857
265,1,10,150,8,0.2529427027676571
266,1,10,150,8,0.0
267,1,10,150,8,0.07979453856244817
268,1,10,150,8,0.36585496707117304
269,1,10,150,8,0.7606163843126554
270,1,10,150,8,0.07979453856244817
271,1,10,150,8,0.3152023825640326
272,1,10,150,8,0.36637716437781265
273,1,10,150,8,0.0
274,1,10,150,8,0.2529427027676571
275,1,10,150,8,0.0
276,1,10,150,8,0.6958825154185628
277,1,10,150,8,0.15958907712489634
278,1,10,150,8,0.0
279,1,10,150,8,0.3197220782574701
280,1,10,150,8,0.41253177989255346
281,1,10,150,8,0.0
282,1,10,150,8,0.0
283,1,10,150,8,0.09010000865236768
284,1,10,150,8,0.0
285,1,10,150,8,0.0
286,1,10,150,8,0.3430427114200248
287,1,10,150,8,0.37941405415148566
288,1,10,150,8,0.09010000865236768
289,1,10,150,8,0.0
290,1,10,150,8,0.3372569370235428
291,1,10,150,8,0.0
292,1,10,150,8,0.12647135138382856
293,1,10,150,8,0.4429398126509056
294,1,10,150,8,0.0
295,1,10,150,8,0.2529427027676571
296,1,10,150,8,0.46099686872361784
297,1,10,150,8,0.20626588994627673
298,1,10,150,8,0.15958907712489634
299,1,10,150,8,0.3806801328545301
300,1,10,150,8,0.0
301,1,10,150,8,0.7166492644739907
302,1,10,150,8,0.16989454721481587
303,1,10,150,8,0.35079429740281753
304,1,10,150,8,0.0
305,1,10,150,8,0.2067880872529163
306,1,10,150,8,0.0843142342558857
307,1,10,150,8,0.07979453856244817
308,1,10,150,8,0.43058883596526576
309,1,10,150,8,0.0
310,1,10,150,8,0.0
311,1,10,150,8,0.4461934296412987
312,1,10,150,8,0.12647135138382856
313,1,10,150,8,0.3327372413301053
314,1,10,150,8,0.2529427027676571
315,1,10,150,8,0.21657136003619623
316,1,10,150,8,0.21657136003619623
317,1,10,150,8,0.0
318,1,10,150,8,0.0
319,1,10,150,8,0.0
320,1,10,150,8,0.6705163756602877
321,1,10,150,8,0.36585496707117304
322,1,10,150,8,0.22432294601898897
323,1,10,150,8,0.249689085777264
324,1,10,150,8,0.10893649261775588
325,1,10,150,8,0.1641087728183339
326,1,10,150,8,0.3372352103225049
327,1,10,150,8,0.0
328,1,10,150,8,0.2905801242021624
329,1,10,150,8,0.0
330,1,10,150,8,0.19903650127012357
331,1,10,150,8,0.0
332,1,10,150,8,0.25744067176005675
333,1,10,150,8,0.0
334,1,10,150,8,0.09010000865236768
335,1,10,150,8,0.0
336,1,10,150,8,0.0
337,1,10,150,8,0.0
338,1,10,150,8,0.0
339,1,10,150,8,0.6193198671454698
340,1,10,150,8,0.2529427027676571
341,1,10,150,8,0.0
342,1,10,150,8,0.09010000865236768
343,1,10,150,8,0.37037466276461056
344,1,10,150,8,0.5214682725103094
345,1,10,150,8,0.1821658288910461
346,1,10,150,8,0.1641087728183339
347,1,10,150,8,0.5493086013663014
348,1,10,150,8,0.2529427027676571
349,1,10,150,8,0.2529427027676571
350,1,10,150,8,0.0
351,1,10,150,8,0.0
352,1,10,150,8,0.0
353,1,10,150,8,0.0
354,1,10,150,8,0.0
355,1,10,150,8,0.0
356,1,10,150,8,0.0
357,1,10,150,8,0.09785159463516042
358,1,10,150,8,0.0
359,1,10,150,8,0.12647135138382856
360,1,10,150,8,0.0
361,1,10,150,8,0.2529427027676571
362,1,10,150,8,0.0
363,1,10,150,8,0.0843142342558857
364,1,10,150,8,0.0
365,1,10,150,8,0.25744067176005675
366,1,10,150,8,0.0
367,1,10,150,8,0.0
368,1,10,150,8,0.0
369,1,10,150,8,0.0
370,1,10,150,8,0.24390331138078203
371,1,10,150,8,0.0
372,1,10,150,8,0.12647135138382856
373,1,10,150,8,0.0843142342558857
374,1,10,150,8,0.0
375,1,10,150,8,0.0
376,1,10,150,8,0.0
377,1,10,150,8,0.0
378,1,10,150,8,0.4519792040377807
379,1,10,150,8,0.09010000865236768
380,1,10,150,8,0.0
381,1,10,150,8,0.0
382,1,10,150,8,0.0
383,1,10,150,8,0.10893649261775588
384,1,10,150,8,0.0
385,1,10,150,8,0.12647135138382856
386,1,10,150,8,0.14606834984270645
387,1,10,150,8,0.2067880872529163
388,1,10,150,8,0.0
389,1,10,150,8,0.0
390,1,10,150,8,0.0
391,1,10,150,8,0.18795160328752808
392,1,10,150,8,0.12647135138382856
393,1,10,150,8,0.5493086013663014
394,1,10,150,8,0.0
395,1,10,150,8,0.0
396,1,10,150,8,0.0
397,1,10,150,8,0.0
398,1,10,150,8,0.249689085777264
399,1,10,150,8,0.0
400,1,10,150,8,0.0
401,1,10,150,8,0.0
402,1,10,150,8,0.0
403,1,10,150,8,0.0
404,1,10,150,8,0.0
405,1,10,150,8,0.4519792040377807
406,1,10,150,8,0.361879195385413
407,1,10,150,8,0.0843142342558857
408,1,10,150,8,0.0
409,1,10,150,8,0.0
410,1,10,150,8,0.0
411,1,10,150,8,0.0
412,1,10,150,8,0.09010000865236768
413,1,10,150,8,0.0
414,1,10,150,8,0.0
415,1,10,150,8,0.0
416,1,10,150,8,0.10893649261775588
417,1,10,150,8,0.39499692112648077
418,1,10,150,8,0.0
419,1,10,150,8,0.0
420,1,10,150,8,0.19519002499605084
421,1,10,150,8,0.0
422,1,10,150,8,0.0
423,1,10,150,8,0.0
424,1,10,150,8,0.0
425,1,10,150,8,0.0
426,1,10,150,8,0.0
427,1,10,150,8,0.0
428,1,10,150,8,0.0
429,1,10,150,8,0.26852556974265224
430,1,10,150,8,0.0
431,1,10,150,8,0.0
432,1,10,150,8,0.0
433,1,10,150,8,0.13012668333070054
434,1,10,150,8,0.0
435,1,10,150,8,0.0
436,1,10,150,8,0.0
437,1,10,150,8,0.2529427027676571
438,1,10,150,8,0.0
439,1,10,150,8,0.18154179253735267
440,1,10,150,8,0.0
442,1,10,150,8,0.12647135138382856
444,1,10,150,8,0.0
445,1,10,150,8,0.0
446,1,10,150,8,0.0
447,1,10,150,8,0.0
448,1,10,150,8,0.0
449,1,10,150,8,0.0
450,1,10,150,8,0.0
451,1,10,150,8,0.0
452,1,10,150,8,0.0
453,1,10,150,8,0.09162544430476362
454,1,10,150,8,0.0
455,1,10,150,8,0.0
456,1,10,150,8,0.0
457,1,10,150,8,0.0
458,1,10,150,8,0.0
459,1,10,150,8,0.0
460,1,10,150,8,0.0
462,1,10,150,8,0.0
1,1,10,150,9,1.0
2,1,10,150,9,0.0
3,1,10,150,9,0.0
4,1,10,150,9,0.0
5,1,10,150,9,0.07075576072108061
6,1,10,150,9,0.26582000527739175
7,1,10,150,9,0.28950714364062347
8,1,10,150,9,0.11752277470724268
9,1,10,150,9,0.0
10,1,10,150,9,0.38451927632591215
11,1,10,150,9,0.3187704634136788
12,1,10,150,9,0.07075576072108061
13,1,10,150,9,0.4073993680667172
14,1,10,150,9,0.6755184993100495
15,1,10,150,9,0.07414861528507455
16,1,10,150,9,0.28950714364062347
17,1,10,150,9,0.10122860821230018
18,1,10,150,9,0.23282919119176917
19,1,10,150,9,0.1482972305701491
20,1,10,150,9,0.0
21,1,10,150,9,0.0
22,1,10,150,9,0.0
23,1,10,150,9,0.0
24,1,10,150,9,0.10122860821230018
25,1,10,150,9,0.19587129117873778
26,1,10,150,9,0.0
27,1,10,150,9,0.0
28,1,10,150,9,0.33627415762678553
29,1,10,150,9,0.0
30,1,10,150,9,0.0
31,1,10,150,9,0.0
32,1,10,150,9,0.0
33,1,10,150,9,0.0
34,1,10,150,9,0.0
35,1,10,150,9,0.0
36,1,10,150,9,0.0
37,1,10,150,9,0.19167138999231723
38,1,10,150,9,0.23504554941448536
39,1,10,150,9,0.0
40,1,10,150,9,0.0
41,1,10,150,9,0.0
42,1,10,150,9,0.23922526118912793
43,1,10,150,9,0.5750141699769518
44,1,10,150,9,0.10122860821230018
45,1,10,150,9,0.0
46,1,10,150,9,0.0
47,1,10,150,9,0.0
48,1,10,150,9,0.11752277470724268
49,1,10,150,9,0.0
50,1,10,150,9,0.0
51,1,10,150,9,0.0
52,1,10,150,9,0.0
53,1,10,150,9,0.0
54,1,10,150,9,0.09092803061897883
55,1,10,150,9,0.0
56,1,10,150,9,0.14490437600615513
57,1,10,150,9,0.3091941646995599
58,1,10,150,9,0.21875138291954288
59,1,10,150,9,0.40012219531853876
60,1,10,150,9,0.2488015599032468
61,1,10,150,9,0.0
62,1,10,150,9,0.49747270012788325
63,1,10,150,9,0.0
64,1,10,150,9,0.48537843481936127
65,1,10,150,9,0.3187704634136788
66,1,10,150,9,0.0
67,1,10,150,9,0.0
68,1,10,150,9,0.0
69,1,10,150,9,0.31339406588598046
70,1,10,150,9,0.0
71,1,10,150,9,0.0
72,1,10,150,9,0.11752277470724268
73,1,10,150,9,0.08372491399919346
74,1,10,150,9,0.0
75,1,10,150,9,0.0
76,1,10,150,9,0.157873529284268
77,1,10,150,9,0.32295017518832136
78,1,10,150,9,0.0
79,1,10,150,9,0.5553271489180153
80,1,10,150,9,0.11752277470724268
81,1,10,150,9,0.07075576072108061
82,1,10,150,9,0.6267679423601831
83,1,10,150,9,0.16927654709047393
84,1,10,150,9,0.0
85,1,10,150,9,0.11752277470724268
86,1,10,150,9,0.0
87,1,10,150,9,0.0
88,1,10,150,9,0.0
89,1,10,150,9,0.10122860821230018
90,1,10,150,9,0.3141809230966291
91,1,10,150,9,0.0
92,1,10,150,9,0.48117853363294066
93,1,10,150,9,0.0
94,1,10,150,9,0.6553462294121513
95,1,10,150,9,0.3091941646995599
96,1,10,150,9,0.3091941646995599
97,1,10,150,9,0.0
98,1,10,150,9,0.1719843689333808
99,1,10,150,9,0.26582000527739175
100,1,10,150,9,0.0
101,1,10,150,9,0.0
102,1,10,150,9,0.0
103,1,10,150,9,0.10122860821230018
104,1,10,150,9,0.0
105,1,10,150,9,0.0
106,1,10,150,9,0.5588027712252334
107,1,10,150,9,0.0
108,1,10,150,9,0.0
109,1,10,150,9,0.23504554941448536
110,1,10,150,9,0.0
111,1,10,150,9,0.0
112,1,10,150,9,0.0
113,1,10,150,9,0.0
114,1,10,150,9,0.0
115,1,10,150,9,0.44047294989556407
116,1,10,150,9,0.07834851647149511
117,1,10,150,9,0.3187704634136788
118,1,10,150,9,0.0
119,1,10,150,9,0.09092803061897883
120,1,10,150,9,0.10122860821230018
121,1,10,150,9,0.11752277470724268
122,1,10,150,9,0.0
123,1,10,150,9,0.0
124,1,10,150,9,0.1482972305701491
125,1,10,150,9,0.23504554941448536
126,1,10,150,9,0.0
127,1,10,150,9,0.0
128,1,10,150,9,0.2700199064638123
129,1,10,150,9,0.0
130,1,10,150,9,0.33627415762678553
131,1,10,150,9,0.1482972305701491
132,1,10,150,9,0.0
133,1,10,150,9,0.0
134,1,10,150,9,0.0
135,1,10,150,9,0.0
136,1,10,150,9,0.21875138291954288
137,1,10,150,9,0.10122860821230018
138,1,10,150,9,0.0
139,1,10,150,9,0.0
140,1,10,150,9,0.0
141,1,10,150,9,0.23504554941448536
142,1,10,150,9,0.0
143,1,10,150,9,0.0
144,1,10,150,9,0.4453971299611871
145,1,10,150,9,0.43629323812092147
146,1,10,150,9,0.0
147,1,10,150,9,0.0
148,1,10,150,9,0.35256832412172806
149,1,10,150,9,0.0
150,1,10,150,9,0.0
151,1,10,150,9,0.36094793708279116
152,1,10,150,9,0.0
153,1,10,150,9,0.11752277470724268
154,1,10,150,9,0.09092803061897883
155,1,10,150,9,0.0
156,1,10,150,9,0.0
157,1,10,150,9,0.0
158,1,10,150,9,0.44349635474070687
159,1,10,150,9,0.0
160,1,10,150,9,0.3091941646995599
161,1,10,150,9,0.11752277470724268
162,1,10,150,9,0.08372491399919346
163,1,10,150,9,0.0
164,1,10,150,9,0.0
165,1,10,150,9,0.0
166,1,10,150,9,0.0
167,1,10,150,9,0.09092803061897883
168,1,10,150,9,0.0
169,1,10,150,9,0.0
170,1,10,150,9,0.0
171,1,10,150,9,0.0
172,1,10,150,9,0.0
173,1,10,150,9,0.0
174,1,10,150,9,0.16207343047068856
175,1,10,150,9,0.0
176,1,10,150,9,0.11752277470724268
177,1,10,150,9,0.3202815995035299
178,1,10,150,9,0.367048613489692
179,1,10,150,9,0.0
180,1,10,150,9,0.07414861528507455
181,1,10,150,9,0.17465294461817227
182,1,10,150,9,0.0
183,1,10,150,9,0.0
184,1,10,150,9,0.34045386940142813
185,1,10,150,9,0.0
186,1,10,150,9,0.07075576072108061
187,1,10,150,9,0.0
188,1,10,150,9,0.0
189,1,10,150,9,0.3895262241347594
190,1,10,150,9,0.0
191,1,10,150,9,0.0
192,1,10,150,9,0.0
193,1,10,150,9,0.0
194,1,10,150,9,0.24952583878244927
195,1,10,150,9,0.09092803061897883
196,1,10,150,9,0.0
197,1,10,150,9,0.0
198,1,10,150,9,0.09092803061897883
199,1,10,150,9,0.0
200,1,10,150,9,0.2266457470416442
201,1,10,150,9,0.09092803061897883
202,1,10,150,9,0.0
203,1,10,150,9,0.0
204,1,10,150,9,0.0
205,1,10,150,9,0.33627415762678553
206,1,10,150,9,0.0
207,1,10,150,9,0.35035196589901185
208,1,10,150,9,0.0
209,1,10,150,9,0.0
210,1,10,150,9,0.14490437600615513
211,1,10,150,9,0.0
212,1,10,150,9,0.0
213,1,10,150,9,0.5484194258886879
214,1,10,150,9,0.10122860821230018
215,1,10,150,9,0.19167138999231723
216,1,10,150,9,0.367048613489692
217,1,10,150,9,0.07075576072108061
218,1,10,150,9,0.0
219,1,10,150,9,0.0
220,1,10,150,9,0.0
221,1,10,150,9,0.08372491399919346
222,1,10,150,9,0.4670676939838279
223,1,10,150,9,0.23922526118912793
224,1,10,150,9,0.1482972305701491
225,1,10,150,9,0.07075576072108061
226,1,10,150,9,0.31339406588598046
227,1,10,150,9,0.1482972305701491
228,1,10,150,9,0.0
229,1,10,150,9,0.0
230,1,10,150,9,0.26582000527739175
231,1,10,150,9,0.0
232,1,10,150,9,0.07075576072108061
233,1,10,150,9,0.0
234,1,10,150,9,0.672849923625258
235,1,10,150,9,0.31339406588598046
236,1,10,150,9,0.07075576072108061
237,1,10,150,9,0.22244584585522365
238,1,10,150,9,0.0
239,1,10,150,9,0.25300146108966737
240,1,10,150,9,0.0
241,1,10,150,9,0.0
242,1,10,150,9,0.0
243,1,10,150,9,0.31339406588598046
244,1,10,150,9,0.08372491399919346
245,1,10,150,9,0.0
246,1,10,150,9,0.07075576072108061
247,1,10,150,9,0.0
248,1,10,150,9,0.08372491399919346
249,1,10,150,9,0.38451927632591215
250,1,10,150,9,0.07834851647149511
251,1,10,150,9,0.09092803061897883
252,1,10,150,9,0.11752277470724268
253,1,10,150,9,0.07414861528507455
254,1,10,150,9,0.1882785354283233
255,1,10,150,9,0.0
256,1,10,150,9,0.45379693233402824
257,1,10,150,9,0.0
258,1,10,150,9,0.0
259,1,10,150,9,0.0
260,1,10,150,9,0.0
261,1,10,150,9,0.0
262,1,10,150,9,0.0
263,1,10,150,9,0.0
264,1,10,150,9,0.07834851647149511
265,1,10,150,9,0.23504554941448536
266,1,10,150,9,0.0
267,1,10,150,9,0.07414861528507455
268,1,10,150,9,0.3399686205624663
269,1,10,150,9,0.7067983934236957
270,1,10,150,9,0.07414861528507455
271,1,10,150,9,0.2928999982046174
272,1,10,150,9,0.34045386940142813
273,1,10,150,9,0.0
274,1,10,150,9,0.23504554941448536
275,1,10,150,9,0.0
276,1,10,150,9,0.7174005793887039
277,1,10,150,9,0.1482972305701491
278,1,10,150,9,0.0
279,1,10,150,9,0.3678556601121186
280,1,10,150,9,0.38334277998463445
281,1,10,150,9,0.0
282,1,10,150,9,0.0
283,1,10,150,9,0.08372491399919346
284,1,10,150,9,0.0
285,1,10,150,9,0.0
286,1,10,150,9,0.3895262241347594
287,1,10,150,9,0.35256832412172806
288,1,10,150,9,0.08372491399919346
289,1,10,150,9,0.0
290,1,10,150,9,0.3841498266070611
291,1,10,150,9,0.0
292,1,10,150,9,0.11752277470724268
293,1,10,150,9,0.41159926925313783
294,1,10,150,9,0.0
295,1,10,150,9,0.23504554941448536
296,1,10,150,9,0.4283786845870421
297,1,10,150,9,0.19167138999231723
298,1,10,150,9,0.2190529912912297
299,1,10,150,9,0.3537448204630058
300,1,10,150,9,0.0
301,1,10,150,9,0.7366979613170112
302,1,10,150,9,0.157873529284268
303,1,10,150,9,0.3259735800334642
304,1,10,150,9,0.0
305,1,10,150,9,0.2629123995523596
306,1,10,150,9,0.07834851647149511
307,1,10,150,9,0.07414861528507455
308,1,10,150,9,0.40012219531853876
309,1,10,150,9,0.0
310,1,10,150,9,0.0
311,1,10,150,9,0.41462267409828063
312,1,10,150,9,0.11752277470724268
313,1,10,150,9,0.3091941646995599
314,1,10,150,9,0.23504554941448536
315,1,10,150,9,0.20124768870643614
316,1,10,150,9,0.20124768870643614
317,1,10,150,9,0.0
318,1,10,150,9,0.0
319,1,10,150,9,0.0
320,1,10,150,9,0.6230734794245022
321,1,10,150,9,0.3399686205624663
322,1,10,150,9,0.2084508053262215
323,1,10,150,9,0.23202214456934253
324,1,10,150,9,0.10122860821230018
325,1,10,150,9,0.15249713175656968
326,1,10,150,9,0.31337387647420245
327,1,10,150,9,0.0
328,1,10,150,9,0.2700199064638123
329,1,10,150,9,0.0
330,1,10,150,9,0.18495352221149364
331,1,10,150,9,0.0
332,1,10,150,9,0.23922526118912793
333,1,10,150,9,0.0
334,1,10,150,9,0.15448067472027407
335,1,10,150,9,0.0
336,1,10,150,9,0.0
337,1,10,150,9,0.0
338,1,10,150,9,0.0
339,1,10,150,9,0.5754994188159135
340,1,10,150,9,0.23504554941448536
341,1,10,150,9,0.0
342,1,10,150,9,0.08372491399919346
343,1,10,150,9,0.34416852174888685
344,1,10,150,9,0.4845713881969346
345,1,10,150,9,0.16927654709047393
346,1,10,150,9,0.15249713175656968
347,1,10,150,9,0.510441853405996
348,1,10,150,9,0.23504554941448536
349,1,10,150,9,0.23504554941448536
350,1,10,150,9,0.0
351,1,10,150,9,0.0
352,1,10,150,9,0.0
353,1,10,150,9,0.0
354,1,10,150,9,0.07075576072108061
355,1,10,150,9,0.0
356,1,10,150,9,0.0
357,1,10,150,9,0.09092803061897883
358,1,10,150,9,0.0
359,1,10,150,9,0.11752277470724268
360,1,10,150,9,0.0
361,1,10,150,9,0.23504554941448536
362,1,10,150,9,0.0
363,1,10,150,9,0.07834851647149511
364,1,10,150,9,0.0
365,1,10,150,9,0.23922526118912793
366,1,10,150,9,0.0
367,1,10,150,9,0.0
368,1,10,150,9,0.0
369,1,10,150,9,0.0
370,1,10,150,9,0.2266457470416442
371,1,10,150,9,0.0
372,1,10,150,9,0.11752277470724268
373,1,10,150,9,0.1491042771925757
374,1,10,150,9,0.0
375,1,10,150,9,0.0
376,1,10,150,9,0.0
377,1,10,150,9,0.0
378,1,10,150,9,0.419999071625979
379,1,10,150,9,0.08372491399919346
380,1,10,150,9,0.0
381,1,10,150,9,0.0
382,1,10,150,9,0.0
383,1,10,150,9,0.10122860821230018
384,1,10,150,9,0.0
385,1,10,150,9,0.11752277470724268
386,1,10,150,9,0.14606834984270645
387,1,10,150,9,0.19215663883127904
388,1,10,150,9,0.0
389,1,10,150,9,0.07075576072108061
390,1,10,150,9,0.0
391,1,10,150,9,0.17465294461817227
392,1,10,150,9,0.1882785354283233
393,1,10,150,9,0.510441853405996
394,1,10,150,9,0.0
395,1,10,150,9,0.0
396,1,10,150,9,0.0
397,1,10,150,9,0.0
398,1,10,150,9,0.23202214456934253
399,1,10,150,9,0.0
400,1,10,150,9,0.0
401,1,10,150,9,0.0
402,1,10,150,9,0.0
403,1,10,150,9,0.0
404,1,10,150,9,0.0
405,1,10,150,9,0.419999071625979
406,1,10,150,9,0.33627415762678553
407,1,10,150,9,0.07834851647149511
408,1,10,150,9,0.0
409,1,10,150,9,0.0
410,1,10,150,9,0.0
411,1,10,150,9,0.0
412,1,10,150,9,0.08372491399919346
413,1,10,150,9,0.0
414,1,10,150,9,0.0
415,1,10,150,9,0.0
416,1,10,150,9,0.1719843689333808
417,1,10,150,9,0.367048613489692
418,1,10,150,9,0.0
419,1,10,150,9,0.0
420,1,10,150,9,0.19519002499605084
421,1,10,150,9,0.0
422,1,10,150,9,0.0
423,1,10,150,9,0.0
424,1,10,150,9,0.0
425,1,10,150,9,0.0
426,1,10,150,9,0.0
427,1,10,150,9,0.0
428,1,10,150,9,0.0
429,1,10,150,9,0.24952583878244927
430,1,10,150,9,0.0
431,1,10,150,9,0.0
432,1,10,150,9,0.0
433,1,10,150,9,0.13012668333070054
434,1,10,150,9,0.0
435,1,10,150,9,0.0
436,1,10,150,9,0.0
437,1,10,150,9,0.23504554941448536
438,1,10,150,9,0.0
439,1,10,150,9,0.18154179253735267
440,1,10,150,9,0.0
442,1,10,150,9,0.11752277470724268
444,1,10,150,9,0.0
445,1,10,150,9,0.0
446,1,10,150,9,0.0
447,1,10,150,9,0.0
448,1,10,150,9,0.0
449,1,10,150,9,0.0
450,1,10,150,9,0.0
451,1,10,150,9,0.0
452,1,10,150,9,0.0
453,1,10,150,9,0.09162544430476362
454,1,10,150,9,0.0
455,1,10,150,9,0.0
456,1,10,150,9,0.0
457,1,10,150,9,0.0
458,1,10,150,9,0.0
459,1,10,150,9,0.0
460,1,10,150,9,0.0
462,1,10,150,9,0.0
1,1,10,150,10,1.0
2,1,10,150,10,0.0
3,1,10,150,10,0.0
4,1,10,150,10,0.0
5,1,10,150,10,0.06625422345438903
6,1,10,150,10,0.2489083270225946
7,1,10,150,10,0.2710884709729799
8,1,10,150,10,0.11004588314904008
9,1,10,150,10,0.0
10,1,10,150,10,0.3600558568883671
11,1,10,150,10,0.2984900352767555
12,1,10,150,10,0.06625422345438903
13,1,10,150,10,0.44510108735750953
14,1,10,150,10,0.6325414799409712
15,1,10,150,10,0.06943122193677727
16,1,10,150,10,0.2710884709729799
17,1,10,150,10,0.10122860821230018
18,1,10,150,10,0.2180164145324244
19,1,10,150,10,0.13886244387355454
20,1,10,150,10,0.0
21,1,10,150,10,0.0
22,1,10,150,10,0.0
23,1,10,150,10,0.0
24,1,10,150,10,0.09478836436955078
25,1,10,150,10,0.18340980524840012
26,1,10,150,10,0.0
27,1,10,150,10,0.0
28,1,10,150,10,0.37850091886658266
29,1,10,150,10,0.0
30,1,10,150,10,0.0
31,1,10,150,10,0.0
32,1,10,150,10,0.0
33,1,10,150,10,0.0
34,1,10,150,10,0.0
35,1,10,150,10,0.0
36,1,10,150,10,0.0
37,1,10,150,10,0.17947710508581735
38,1,10,150,10,0.22009176629808017
39,1,10,150,10,0.0
40,1,10,150,10,0.0
41,1,10,150,10,0.0
42,1,10,150,10,0.28762634971412726
43,1,10,150,10,0.6020521034564038
44,1,10,150,10,0.09478836436955078
45,1,10,150,10,0.0
46,1,10,150,10,0.0
47,1,10,150,10,0.0
48,1,10,150,10,0.11004588314904008
49,1,10,150,10,0.0
50,1,10,150,10,0.0
51,1,10,150,10,0.0
52,1,10,150,10,0.0
53,1,10,150,10,0.06362078819895171
54,1,10,150,10,0.08514311764162098
55,1,10,150,10,0.0
56,1,10,150,10,0.199306233590118
57,1,10,150,10,0.28952298823485745
58,1,10,150,10,0.20483424751859086
59,1,10,150,10,0.43828689407543014
60,1,10,150,10,0.23297260855707355
61,1,10,150,10,0.0
62,1,10,150,10,0.5294438830372382
63,1,10,150,10,0.0
64,1,10,150,10,0.45449827622138
65,1,10,150,10,0.2984900352767555
66,1,10,150,10,0.0
67,1,10,150,10,0.0
68,1,10,150,10,0.0
69,1,10,150,10,0.2934556883974402
70,1,10,150,10,0.0
71,1,10,150,10,0.0
72,1,10,150,10,0.11004588314904008
73,1,10,150,10,0.07839826897867533
74,1,10,150,10,0.0
75,1,10,150,10,0.06362078819895171
76,1,10,150,10,0.1478294909154526
77,1,10,150,10,0.30240383049385083
78,1,10,150,10,0.0
79,1,10,150,10,0.5199967979955745
80,1,10,150,10,0.11004588314904008
81,1,10,150,10,0.06625422345438903
82,1,10,150,10,0.5868924718493931
83,1,10,150,10,0.15850703974098102
84,1,10,150,10,0.0
85,1,10,150,10,0.11004588314904008
86,1,10,150,10,0.0
87,1,10,150,10,0.0
88,1,10,150,10,0.0
89,1,10,150,10,0.09478836436955078
90,1,10,150,10,0.2941924851321473
91,1,10,150,10,0.0
92,1,10,150,10,0.4505655760587972
93,1,10,150,10,0.0
94,1,10,150,10,0.6136525857537393
95,1,10,150,10,0.28952298823485745
96,1,10,150,10,0.28952298823485745
97,1,10,150,10,0.0
98,1,10,150,10,0.1610425878239398
99,1,10,150,10,0.2489083270225946
100,1,10,150,10,0.0
101,1,10,150,10,0.0
102,1,10,150,10,0.0
103,1,10,150,10,0.09478836436955078
104,1,10,150,10,0.0
105,1,10,150,10,0.0
106,1,10,150,10,0.5232512984721256
107,1,10,150,10,0.0
108,1,10,150,10,0.0
109,1,10,150,10,0.22009176629808017
110,1,10,150,10,0.0
111,1,10,150,10,0.0
112,1,10,150,10,0.0
113,1,10,150,10,0.0
114,1,10,150,10,0.0
115,1,10,150,10,0.4760705018418426
116,1,10,150,10,0.07336392209936005
117,1,10,150,10,0.2984900352767555
118,1,10,150,10,0.0
119,1,10,150,10,0.08514311764162098
120,1,10,150,10,0.09478836436955078
121,1,10,150,10,0.11004588314904008
122,1,10,150,10,0.0
123,1,10,150,10,0.0
124,1,10,150,10,0.13886244387355454
125,1,10,150,10,0.22009176629808017
126,1,10,150,10,0.0
127,1,10,150,10,0.0
128,1,10,150,10,0.3164618153841291
129,1,10,150,10,0.0
130,1,10,150,10,0.37850091886658266
131,1,10,150,10,0.13886244387355454
132,1,10,150,10,0.0
133,1,10,150,10,0.0
134,1,10,150,10,0.0
135,1,10,150,10,0.0
136,1,10,150,10,0.20483424751859086
137,1,10,150,10,0.09478836436955078
138,1,10,150,10,0.0
139,1,10,150,10,0.0
140,1,10,150,10,0.0
141,1,10,150,10,0.22009176629808017
142,1,10,150,10,0.0
143,1,10,150,10,0.0
144,1,10,150,10,0.4170606134915054
145,1,10,150,10,0.40853591842579556
146,1,10,150,10,0.0
147,1,10,150,10,0.0
148,1,10,150,10,0.33013764944712026
149,1,10,150,10,0.0
150,1,10,150,10,0.0
151,1,10,150,10,0.33798414482679834
152,1,10,150,10,0.06362078819895171
153,1,10,150,10,0.11004588314904008
154,1,10,150,10,0.08514311764162098
155,1,10,150,10,0.0
156,1,10,150,10,0.0
157,1,10,150,10,0.0
158,1,10,150,10,0.41528076708874123
159,1,10,150,10,0.0
160,1,10,150,10,0.28952298823485745
161,1,10,150,10,0.11004588314904008
162,1,10,150,10,0.07839826897867533
163,1,10,150,10,0.0
164,1,10,150,10,0.0
165,1,10,150,10,0.0
166,1,10,150,10,0.0
167,1,10,150,10,0.08514311764162098
168,1,10,150,10,0.0
169,1,10,150,10,0.0
170,1,10,150,10,0.0
171,1,10,150,10,0.0
172,1,10,150,10,0.0
173,1,10,150,10,0.0
174,1,10,150,10,0.15176219107803537
175,1,10,150,10,0.0
176,1,10,150,10,0.11004588314904008
177,1,10,150,10,0.2999050316974944
178,1,10,150,10,0.3436966913921454
179,1,10,150,10,0.0
180,1,10,150,10,0.06943122193677727
181,1,10,150,10,0.1635413866202963
182,1,10,150,10,0.0
183,1,10,150,10,0.0
184,1,10,150,10,0.3187939258847263
185,1,10,150,10,0.0
186,1,10,150,10,0.06625422345438903
187,1,10,150,10,0.0
188,1,10,150,10,0.0
189,1,10,150,10,0.42836504693009625
190,1,10,150,10,0.0
191,1,10,150,10,0.0
192,1,10,150,10,0.0
193,1,10,150,10,0.0
194,1,10,150,10,0.23365080824310533
195,1,10,150,10,0.08514311764162098
196,1,10,150,10,0.06362078819895171
197,1,10,150,10,0.0
198,1,10,150,10,0.08514311764162098
199,1,10,150,10,0.0
200,1,10,150,10,0.2758471541718663
201,1,10,150,10,0.08514311764162098
202,1,10,150,10,0.0
203,1,10,150,10,0.0
204,1,10,150,10,0.0
205,1,10,150,10,0.31488013066763093
206,1,10,150,10,0.0
207,1,10,150,10,0.3280622976814645
208,1,10,150,10,0.0
209,1,10,150,10,0.0
210,1,10,150,10,0.13568544539116628
211,1,10,150,10,0.0
212,1,10,150,10,0.0
213,1,10,150,10,0.513528549750033
214,1,10,150,10,0.09478836436955078
215,1,10,150,10,0.17947710508581735
216,1,10,150,10,0.3436966913921454
217,1,10,150,10,0.06625422345438903
218,1,10,150,10,0.0
219,1,10,150,10,0.0
220,1,10,150,10,0.0
221,1,10,150,10,0.14201905717762703
222,1,10,150,10,0.43735247915031
223,1,10,150,10,0.22400556151517553
224,1,10,150,10,0.13886244387355454
225,1,10,150,10,0.06625422345438903
226,1,10,150,10,0.3570764765963919
227,1,10,150,10,0.13886244387355454
228,1,10,150,10,0.0
229,1,10,150,10,0.0
230,1,10,150,10,0.2489083270225946
231,1,10,150,10,0.0
232,1,10,150,10,0.06625422345438903
233,1,10,150,10,0.0
234,1,10,150,10,0.6300426811446146
235,1,10,150,10,0.3570764765963919
236,1,10,150,10,0.12987501165334076
237,1,10,150,10,0.2082936658103318
238,1,10,150,10,0.0
239,1,10,150,10,0.23690530871965634
240,1,10,150,10,0.0
241,1,10,150,10,0.0
242,1,10,150,10,0.0
243,1,10,150,10,0.2934556883974402
244,1,10,150,10,0.07839826897867533
245,1,10,150,10,0.0
246,1,10,150,10,0.12987501165334076
247,1,10,150,10,0.0
248,1,10,150,10,0.07839826897867533
249,1,10,150,10,0.42367664508731884
250,1,10,150,10,0.13698471029831175
251,1,10,150,10,0.08514311764162098
252,1,10,150,10,0.11004588314904008
253,1,10,150,10,0.06943122193677727
254,1,10,150,10,0.17630010660342912
255,1,10,150,10,0.06362078819895171
256,1,10,150,10,0.424926013816671
257,1,10,150,10,0.0
258,1,10,150,10,0.0
259,1,10,150,10,0.0
260,1,10,150,10,0.0
261,1,10,150,10,0.0
262,1,10,150,10,0.0
263,1,10,150,10,0.0
264,1,10,150,10,0.07336392209936005
265,1,10,150,10,0.22009176629808017
266,1,10,150,10,0.0
267,1,10,150,10,0.06943122193677727
268,1,10,150,10,0.31833954895937183
269,1,10,150,10,0.725452110735279
270,1,10,150,10,0.13305201013572898
271,1,10,150,10,0.2742654694553681
272,1,10,150,10,0.3187939258847263
273,1,10,150,10,0.0
274,1,10,150,10,0.22009176629808017
275,1,10,150,10,0.0
276,1,10,150,10,0.67175898907361
277,1,10,150,10,0.13886244387355454
278,1,10,150,10,0.0
279,1,10,150,10,0.40807318127129166
280,1,10,150,10,0.3589542101716347
281,1,10,150,10,0.0
282,1,10,150,10,0.0
283,1,10,150,10,0.07839826897867533
284,1,10,150,10,0.0
285,1,10,150,10,0.0
286,1,10,150,10,0.3647442587311445
287,1,10,150,10,0.33013764944712026
288,1,10,150,10,0.07839826897867533
289,1,10,150,10,0.0
290,1,10,150,10,0.35970991185182927
291,1,10,150,10,0.06362078819895171
292,1,10,150,10,0.11004588314904008
293,1,10,150,10,0.44903378752009243
294,1,10,150,10,0.0
295,1,10,150,10,0.22009176629808017
296,1,10,150,10,0.40112489502598436
297,1,10,150,10,0.24309789328476902
298,1,10,150,10,0.2051166673279436
299,1,10,150,10,0.3312392961638527
300,1,10,150,10,0.0
301,1,10,150,10,0.6898286563534621
302,1,10,150,10,0.1478294909154526
303,1,10,150,10,0.30523488393970116
304,1,10,150,10,0.0
305,1,10,150,10,0.3098064936645125
306,1,10,150,10,0.07336392209936005
307,1,10,150,10,0.06943122193677727
308,1,10,150,10,0.43828689407543014
309,1,10,150,10,0.0
310,1,10,150,10,0.0
311,1,10,150,10,0.45186484096594276
312,1,10,150,10,0.11004588314904008
313,1,10,150,10,0.3531437764338092
314,1,10,150,10,0.22009176629808017
315,1,10,150,10,0.1884441521277154
316,1,10,150,10,0.1884441521277154
317,1,10,150,10,0.0
318,1,10,150,10,0.06362078819895171
319,1,10,150,10,0.0
320,1,10,150,10,0.5834330535576521
321,1,10,150,10,0.31833954895937183
322,1,10,150,10,0.19518900079066107
323,1,10,150,10,0.21726071285222986
324,1,10,150,10,0.09478836436955078
325,1,10,150,10,0.14279514403613733
326,1,10,150,10,0.35705757165090446
327,1,10,150,10,0.0
328,1,10,150,10,0.25284102718517737
329,1,10,150,10,0.0
330,1,10,150,10,0.1731866333482261
331,1,10,150,10,0.0
332,1,10,150,10,0.22400556151517553
333,1,10,150,10,0.0
334,1,10,150,10,0.14465249243306436
335,1,10,150,10,0.0
336,1,10,150,10,0.0
337,1,10,150,10,0.0
338,1,10,150,10,0.0
339,1,10,150,10,0.6025064803817581
340,1,10,150,10,0.22009176629808017
341,1,10,150,10,0.0
342,1,10,150,10,0.07839826897867533
343,1,10,150,10,0.3222722491219547
344,1,10,150,10,0.4537425745411855
345,1,10,150,10,0.15850703974098102
346,1,10,150,10,0.14279514403613733
347,1,10,150,10,0.4779671403625728
348,1,10,150,10,0.22009176629808017
349,1,10,150,10,0.22009176629808017
350,1,10,150,10,0.0
351,1,10,150,10,0.0
352,1,10,150,10,0.0
353,1,10,150,10,0.0
354,1,10,150,10,0.06625422345438903
355,1,10,150,10,0.0
356,1,10,150,10,0.0
357,1,10,150,10,0.08514311764162098
358,1,10,150,10,0.0
359,1,10,150,10,0.11004588314904008
360,1,10,150,10,0.0
361,1,10,150,10,0.22009176629808017
362,1,10,150,10,0.0
363,1,10,150,10,0.07336392209936005
364,1,10,150,10,0.0
365,1,10,150,10,0.22400556151517553
366,1,10,150,10,0.0
367,1,10,150,10,0.0
368,1,10,150,10,0.0
369,1,10,150,10,0.0
370,1,10,150,10,0.21222636597291458
371,1,10,150,10,0.0
372,1,10,150,10,0.11004588314904008
373,1,10,150,10,0.13961814555374907
374,1,10,150,10,0.0
375,1,10,150,10,0.0
376,1,10,150,10,0.0
377,1,10,150,10,0.06362078819895171
378,1,10,150,10,0.3932783996463063
379,1,10,150,10,0.14201905717762703
380,1,10,150,10,0.0
381,1,10,150,10,0.0
382,1,10,150,10,0.0
383,1,10,150,10,0.09478836436955078
384,1,10,150,10,0.0
385,1,10,150,10,0.11004588314904008
386,1,10,150,10,0.14606834984270645
387,1,10,150,10,0.17993148201117176
388,1,10,150,10,0.0
389,1,10,150,10,0.12987501165334076
390,1,10,150,10,0.0
391,1,10,150,10,0.1635413866202963
392,1,10,150,10,0.17630010660342912
393,1,10,150,10,0.4779671403625728
394,1,10,150,10,0.0
395,1,10,150,10,0.0
396,1,10,150,10,0.0
397,1,10,150,10,0.0
398,1,10,150,10,0.21726071285222986
399,1,10,150,10,0.0
400,1,10,150,10,0.0
401,1,10,150,10,0.0
402,1,10,150,10,0.0
403,1,10,150,10,0.0
404,1,10,150,10,0.0
405,1,10,150,10,0.3932783996463063
406,1,10,150,10,0.31488013066763093
407,1,10,150,10,0.07336392209936005
408,1,10,150,10,0.0
409,1,10,150,10,0.0
410,1,10,150,10,0.0
411,1,10,150,10,0.0
412,1,10,150,10,0.07839826897867533
413,1,10,150,10,0.0
414,1,10,150,10,0.0
415,1,10,150,10,0.0
416,1,10,150,10,0.1610425878239398
417,1,10,150,10,0.3436966913921454
418,1,10,150,10,0.0
419,1,10,150,10,0.0
420,1,10,150,10,0.19519002499605084
421,1,10,150,10,0.0
422,1,10,150,10,0.0
423,1,10,150,10,0.0
424,1,10,150,10,0.0
425,1,10,150,10,0.0
426,1,10,150,10,0.0
427,1,10,150,10,0.0
428,1,10,150,10,0.0
429,1,10,150,10,0.29727159644205703
430,1,10,150,10,0.0
431,1,10,150,10,0.0
432,1,10,150,10,0.0
433,1,10,150,10,0.13012668333070054
434,1,10,150,10,0.0
435,1,10,150,10,0.0
436,1,10,150,10,0.0
437,1,10,150,10,0.22009176629808017
438,1,10,150,10,0.0
439,1,10,150,10,0.18154179253735267
440,1,10,150,10,0.0
442,1,10,150,10,0.11004588314904008
444,1,10,150,10,0.0
445,1,10,150,10,0.0
446,1,10,150,10,0.0
447,1,10,150,10,0.0
448,1,10,150,10,0.0
449,1,10,150,10,0.0
450,1,10,150,10,0.0
451,1,10,150,10,0.0
452,1,10,150,10,0.0
453,1,10,150,10,0.09162544430476362
454,1,10,150,10,0.0
455,1,10,150,10,0.0
456,1,10,150,10,0.0
457,1,10,150,10,0.0
458,1,10,150,10,0.0
459,1,10,150,10,0.0
460,1,10,150,10,0.0
462,1,10,150,10,0.0
1,1,10,150,11,1.0
2,1,10,150,11,0.0
3,1,10,150,11,0.0
4,1,10,150,11,0.0
5,1,10,150,11,0.06242194984105966
6,1,10,150,11,0.2923529355240327
7,1,10,150,11,0.31325013665252494
8,1,10,150,11,0.1036806144573329
9,1,10,150,11,0.0
10,1,10,150,11,0.3970714753015798
11,1,10,150,11,0.28122478898162157
12,1,10,150,11,0.06242194984105966
13,1,10,150,11,0.4771975236314767
14,1,10,150,11,0.5959540460156021
15,1,10,150,11,0.12325713653699746
16,1,10,150,11,0.2554081846452298
17,1,10,150,11,0.10122860821230018
18,1,10,150,11,0.20540591954623735
19,1,10,150,11,0.13886244387355454
20,1,10,150,11,0.0
21,1,10,150,11,0.0
22,1,10,150,11,0.0
23,1,10,150,11,0.0
24,1,10,150,11,0.14714757235413234
25,1,10,150,11,0.23064297610284995
26,1,10,150,11,0.0
27,1,10,150,11,0.0
28,1,10,150,11,0.3566076868827847
29,1,10,150,11,0.0
30,1,10,150,11,0.0
31,1,10,150,11,0.0
32,1,10,150,11,0.057841952007295125
33,1,10,150,11,0.0
34,1,10,150,11,0.0
35,1,10,150,11,0.0
36,1,10,150,11,0.0
37,1,10,150,11,0.16909579898703525
38,1,10,150,11,0.2073612289146658
39,1,10,150,11,0.0
40,1,10,150,11,0.0
41,1,10,150,11,0.0
42,1,10,150,11,0.27098948019792923
43,1,10,150,11,0.5672282345823875
44,1,10,150,11,0.08930562034683721
45,1,10,150,11,0.057841952007295125
46,1,10,150,11,0.0
47,1,10,150,11,0.0
48,1,10,150,11,0.1036806144573329
49,1,10,150,11,0.0
50,1,10,150,11,0.0
51,1,10,150,11,0.0
52,1,10,150,11,0.0
53,1,10,150,11,0.05994083762128166
54,1,10,150,11,0.138060225524538
55,1,10,150,11,0.0
56,1,10,150,11,0.24561992399933877
57,1,10,150,11,0.27277641344436815
58,1,10,150,11,0.19298623480417013
59,1,10,150,11,0.4129355245828927
60,1,10,150,11,0.21949701811390096
61,1,10,150,11,0.0
62,1,10,150,11,0.49881981536404235
63,1,10,150,11,0.0
64,1,10,150,11,0.4282092087407846
65,1,10,150,11,0.28122478898162157
66,1,10,150,11,0.0
67,1,10,150,11,0.0
68,1,10,150,11,0.0
69,1,10,150,11,0.2764816385528877
70,1,10,150,11,0.0
71,1,10,150,11,0.0
72,1,10,150,11,0.16152256646462804
73,1,10,150,11,0.07386356006695578
74,1,10,150,11,0.0
75,1,10,150,11,0.11778278962857679
76,1,10,150,11,0.13927874459665815
77,1,10,150,11,0.3427541546508984
78,1,10,150,11,0.0
79,1,10,150,11,0.4899191681619674
80,1,10,150,11,0.1036806144573329
81,1,10,150,11,0.06242194984105966
82,1,10,150,11,0.5529454656592377
83,1,10,150,11,0.14933868315546478
84,1,10,150,11,0.0
85,1,10,150,11,0.1036806144573329
86,1,10,150,11,0.0
87,1,10,150,11,0.057841952007295125
88,1,10,150,11,0.0
89,1,10,150,11,0.14714757235413234
90,1,10,150,11,0.3350177695335219
91,1,10,150,11,0.0
92,1,10,150,11,0.42450398363226505
93,1,10,150,11,0.0
94,1,10,150,11,0.578157722339419
95,1,10,150,11,0.3306183654516633
96,1,10,150,11,0.27277641344436815
97,1,10,150,11,0.0
98,1,10,150,11,0.15172757018789687
99,1,10,150,11,0.2923529355240327
100,1,10,150,11,0.0
101,1,10,150,11,0.0
102,1,10,150,11,0.0
103,1,10,150,11,0.08930562034683721
104,1,10,150,11,0.0
105,1,10,150,11,0.0
106,1,10,150,11,0.49298542197814604
107,1,10,150,11,0.0
108,1,10,150,11,0.0
109,1,10,150,11,0.2073612289146658
110,1,10,150,11,0.0
111,1,10,150,11,0.0
112,1,10,150,11,0.0
113,1,10,150,11,0.0
114,1,10,150,11,0.0
115,1,10,150,11,0.5063756067295129
116,1,10,150,11,0.06912040963822193
117,1,10,150,11,0.28122478898162157
118,1,10,150,11,0.0
119,1,10,150,11,0.08021827351724287
120,1,10,150,11,0.08930562034683721
121,1,10,150,11,0.1036806144573329
122,1,10,150,11,0.0
123,1,10,150,11,0.0
124,1,10,150,11,0.13886244387355454
125,1,10,150,11,0.26520318092196093
126,1,10,150,11,0.0
127,1,10,150,11,0.0
128,1,10,150,11,0.2981570462465388
129,1,10,150,11,0.0
130,1,10,150,11,0.3566076868827847
131,1,10,150,11,0.13083036905940468
132,1,10,150,11,0.0
133,1,10,150,11,0.0
134,1,10,150,11,0.0
135,1,10,150,11,0.0
136,1,10,150,11,0.19298623480417013
137,1,10,150,11,0.08930562034683721
138,1,10,150,11,0.0
139,1,10,150,11,0.0
140,1,10,150,11,0.0
141,1,10,150,11,0.2073612289146658
142,1,10,150,11,0.0
143,1,10,150,11,0.0
144,1,10,150,11,0.3929370135017967
145,1,10,150,11,0.38490540343895446
146,1,10,150,11,0.0
147,1,10,150,11,0.0
148,1,10,150,11,0.3110418433719987
149,1,10,150,11,0.0
150,1,10,150,11,0.0
151,1,10,150,11,0.31843448214250003
152,1,10,150,11,0.05994083762128166
153,1,10,150,11,0.11004588314904008
154,1,10,150,11,0.08021827351724287
155,1,10,150,11,0.0
156,1,10,150,11,0.0
157,1,10,150,11,0.0
158,1,10,150,11,0.39126011688924156
159,1,10,150,11,0.0
160,1,10,150,11,0.27277641344436815
161,1,10,150,11,0.1036806144573329
162,1,10,150,11,0.07386356006695578
163,1,10,150,11,0.0
164,1,10,150,11,0.0
165,1,10,150,11,0.0
166,1,10,150,11,0.0
167,1,10,150,11,0.08021827351724287
168,1,10,150,11,0.0
169,1,10,150,11,0.0
170,1,10,150,11,0.0
171,1,10,150,11,0.0
172,1,10,150,11,0.0
173,1,10,150,11,0.0
174,1,10,150,11,0.1429839697051777
175,1,10,150,11,0.0
176,1,10,150,11,0.1036806144573329
177,1,10,150,11,0.2825579392473016
178,1,10,150,11,0.38165855587086994
179,1,10,150,11,0.0
180,1,10,150,11,0.06541518452970234
181,1,10,150,11,0.15408183358419864
182,1,10,150,11,0.0
183,1,10,150,11,0.0
184,1,10,150,11,0.30035426292348477
185,1,10,150,11,0.0
186,1,10,150,11,0.06242194984105966
187,1,10,150,11,0.0
188,1,10,150,11,0.0
189,1,10,150,11,0.4035875764439629
190,1,10,150,11,0.0
191,1,10,150,11,0.0
192,1,10,150,11,0.0
193,1,10,150,11,0.0
194,1,10,150,11,0.2201359894062419
195,1,10,150,11,0.08021827351724287
196,1,10,150,11,0.05994083762128166
197,1,10,150,11,0.0
198,1,10,150,11,0.08021827351724287
199,1,10,150,11,0.0
200,1,10,150,11,0.31773356832620336
201,1,10,150,11,0.08021827351724287
202,1,10,150,11,0.0
203,1,10,150,11,0.0
204,1,10,150,11,0.0
205,1,10,150,11,0.29666684926150305
206,1,10,150,11,0.0
207,1,10,150,11,0.3090865340035703
208,1,10,150,11,0.0
209,1,10,150,11,0.0
210,1,10,150,11,0.127837134370762
211,1,10,150,11,0.0
212,1,10,150,11,0.0
213,1,10,150,11,0.4838250560210158
214,1,10,150,11,0.08930562034683721
215,1,10,150,11,0.16909579898703525
216,1,10,150,11,0.3238166038635748
217,1,10,150,11,0.06242194984105966
218,1,10,150,11,0.0
219,1,10,150,11,0.0
220,1,10,150,11,0.0
221,1,10,150,11,0.13380439768823743
222,1,10,150,11,0.41205515804102627
223,1,10,150,11,0.21104864257664757
224,1,10,150,11,0.13083036905940468
225,1,10,150,11,0.06242194984105966
226,1,10,150,11,0.33642247617416937
227,1,10,150,11,0.13083036905940468
228,1,10,150,11,0.0
229,1,10,150,11,0.0
230,1,10,150,11,0.2345109835167376
231,1,10,150,11,0.0
232,1,10,150,11,0.06242194984105966
233,1,10,150,11,0.0
234,1,10,150,11,0.6514417346265954
235,1,10,150,11,0.33642247617416937
236,1,10,150,11,0.12236278746234133
237,1,10,150,11,0.19624555358910703
238,1,10,150,11,0.0
239,1,10,150,11,0.22320224322242055
240,1,10,150,11,0.0
241,1,10,150,11,0.0
242,1,10,150,11,0.0
243,1,10,150,11,0.2764816385528877
244,1,10,150,11,0.07386356006695578
245,1,10,150,11,0.0
246,1,10,150,11,0.12236278746234133
247,1,10,150,11,0.0
248,1,10,150,11,0.07386356006695578
249,1,10,150,11,0.39917036091556635
250,1,10,150,11,0.12906124725950358
251,1,10,150,11,0.138060225524538
252,1,10,150,11,0.11004588314904008
253,1,10,150,11,0.06541518452970234
254,1,10,150,11,0.16610256429839257
255,1,10,150,11,0.05994083762128166
256,1,10,150,11,0.40034746371883595
257,1,10,150,11,0.057841952007295125
258,1,10,150,11,0.0
259,1,10,150,11,0.0
260,1,10,150,11,0.0
261,1,10,150,11,0.0
262,1,10,150,11,0.0
263,1,10,150,11,0.0
264,1,10,150,11,0.06912040963822193
265,1,10,150,11,0.2073612289146658
266,1,10,150,11,0.0
267,1,10,150,11,0.06541518452970234
268,1,10,150,11,0.2999261680464399
269,1,10,150,11,0.7413324965698332
270,1,10,150,11,0.12535602215098401
271,1,10,150,11,0.3162433713411676
272,1,10,150,11,0.30035426292348477
273,1,10,150,11,0.0
274,1,10,150,11,0.2073612289146658
275,1,10,150,11,0.0
276,1,10,150,11,0.6329031378671451
277,1,10,150,11,0.13083036905940468
278,1,10,150,11,0.0
279,1,10,150,11,0.38446943190473337
280,1,10,150,11,0.3381915979740705
281,1,10,150,11,0.0
282,1,10,150,11,0.0
283,1,10,150,11,0.07386356006695578
284,1,10,150,11,0.0
285,1,10,150,11,0.0
286,1,10,150,11,0.34364673882268126
287,1,10,150,11,0.36888379537929383
288,1,10,150,11,0.07386356006695578
289,1,10,150,11,0.0
290,1,10,150,11,0.3389035883939474
291,1,10,150,11,0.11778278962857679
292,1,10,150,11,0.1036806144573329
293,1,10,150,11,0.4230607967327013
294,1,10,150,11,0.0
295,1,10,150,11,0.2073612289146658
296,1,10,150,11,0.3779230480989601
297,1,10,150,11,0.22903663660831688
298,1,10,150,11,0.19325231890046435
299,1,10,150,11,0.31207976869221293
300,1,10,150,11,0.0
301,1,10,150,11,0.6499276203194083
302,1,10,150,11,0.13927874459665815
303,1,10,150,11,0.3454214544392038
304,1,10,150,11,0.0
305,1,10,150,11,0.34972863333371657
306,1,10,150,11,0.06912040963822193
307,1,10,150,11,0.06541518452970234
308,1,10,150,11,0.4707774765901878
309,1,10,150,11,0.0
310,1,10,150,11,0.0
311,1,10,150,11,0.4835700485283017
312,1,10,150,11,0.1036806144573329
313,1,10,150,11,0.39055920307294495
314,1,10,150,11,0.2073612289146658
315,1,10,150,11,0.17754417452428867
316,1,10,150,11,0.17754417452428867
317,1,10,150,11,0.0
318,1,10,150,11,0.05994083762128166
319,1,10,150,11,0.0
320,1,10,150,11,0.5496861468743007
321,1,10,150,11,0.2999261680464399
322,1,10,150,11,0.18389888797457576
323,1,10,150,11,0.20469392912636045
324,1,10,150,11,0.08930562034683721
325,1,10,150,11,0.1923775461752194
326,1,10,150,11,0.33640466472763153
327,1,10,150,11,0.0
328,1,10,150,11,0.23821620862525714
329,1,10,150,11,0.0
330,1,10,150,11,0.163169180413793
331,1,10,150,11,0.0
332,1,10,150,11,0.21104864257664757
333,1,10,150,11,0.0
334,1,10,150,11,0.19412746191531055
335,1,10,150,11,0.0
336,1,10,150,11,0.0
337,1,10,150,11,0.0
338,1,10,150,11,0.0
339,1,10,150,11,0.5676563294594322
340,1,10,150,11,0.2073612289146658
341,1,10,150,11,0.0
342,1,10,150,11,0.07386356006695578
343,1,10,150,11,0.3036313931549595
344,1,10,150,11,0.4274972183209077
345,1,10,150,11,0.14933868315546478
346,1,10,150,11,0.1345355941679243
347,1,10,150,11,0.4503205879686568
348,1,10,150,11,0.2073612289146658
349,1,10,150,11,0.2073612289146658
350,1,10,150,11,0.0
351,1,10,150,11,0.0
352,1,10,150,11,0.0
353,1,10,150,11,0.0
354,1,10,150,11,0.06242194984105966
355,1,10,150,11,0.0
356,1,10,150,11,0.0
357,1,10,150,11,0.08021827351724287
358,1,10,150,11,0.0
359,1,10,150,11,0.1036806144573329
360,1,10,150,11,0.057841952007295125
361,1,10,150,11,0.2073612289146658
362,1,10,150,11,0.0
363,1,10,150,11,0.06912040963822193
364,1,10,150,11,0.0
365,1,10,150,11,0.21104864257664757
366,1,10,150,11,0.0
367,1,10,150,11,0.0
368,1,10,150,11,0.0
369,1,10,150,11,0.0
370,1,10,150,11,0.19995077869762662
371,1,10,150,11,0.057841952007295125
372,1,10,150,11,0.1036806144573329
373,1,10,150,11,0.18938431148657672
374,1,10,150,11,0.0
375,1,10,150,11,0.0
376,1,10,150,11,0.0
377,1,10,150,11,0.05994083762128166
378,1,10,150,11,0.3705304093284588
379,1,10,150,11,0.13380439768823743
380,1,10,150,11,0.0
381,1,10,150,11,0.0
382,1,10,150,11,0.0
383,1,10,150,11,0.08930562034683721
384,1,10,150,11,0.0
385,1,10,150,11,0.16152256646462804
386,1,10,150,11,0.14606834984270645
387,1,10,150,11,0.1695238938640801
388,1,10,150,11,0.0
389,1,10,150,11,0.12236278746234133
390,1,10,150,11,0.0
391,1,10,150,11,0.15408183358419864
392,1,10,150,11,0.16610256429839257
393,1,10,150,11,0.4503205879686568
394,1,10,150,11,0.0
395,1,10,150,11,0.0
396,1,10,150,11,0.0
397,1,10,150,11,0.0
398,1,10,150,11,0.20469392912636045
399,1,10,150,11,0.0
400,1,10,150,11,0.0
401,1,10,150,11,0.0
402,1,10,150,11,0.0
403,1,10,150,11,0.0
404,1,10,150,11,0.0
405,1,10,150,11,0.3705304093284588
406,1,10,150,11,0.29666684926150305
407,1,10,150,11,0.06912040963822193
408,1,10,150,11,0.0
409,1,10,150,11,0.0
410,1,10,150,11,0.0
411,1,10,150,11,0.0
412,1,10,150,11,0.07386356006695578
413,1,10,150,11,0.0
414,1,10,150,11,0.1309019901681972
415,1,10,150,11,0.0
416,1,10,150,11,0.15172757018789687
417,1,10,150,11,0.38165855587086994
418,1,10,150,11,0.0
419,1,10,150,11,0.0
420,1,10,150,11,0.19519002499605084
421,1,10,150,11,0.0
422,1,10,150,11,0.0
423,1,10,150,11,0.0
424,1,10,150,11,0.0
425,1,10,150,11,0.0
426,1,10,150,11,0.0
427,1,10,150,11,0.0
428,1,10,150,11,0.0
429,1,10,150,11,0.28007682702752357
430,1,10,150,11,0.0
431,1,10,150,11,0.0
432,1,10,150,11,0.0
433,1,10,150,11,0.13012668333070054
434,1,10,150,11,0.0
435,1,10,150,11,0.057841952007295125
436,1,10,150,11,0.0
437,1,10,150,11,0.2073612289146658
438,1,10,150,11,0.0
439,1,10,150,11,0.18154179253735267
440,1,10,150,11,0.0
442,1,10,150,11,0.1036806144573329
444,1,10,150,11,0.0
445,1,10,150,11,0.0
446,1,10,150,11,0.0
447,1,10,150,11,0.0
448,1,10,150,11,0.0
449,1,10,150,11,0.0
450,1,10,150,11,0.0
451,1,10,150,11,0.0
452,1,10,150,11,0.0
453,1,10,150,11,0.09162544430476362
454,1,10,150,11,0.0
455,1,10,150,11,0.0
456,1,10,150,11,0.0
457,1,10,150,11,0.0
458,1,10,150,11,0.0
459,1,10,150,11,0.0
460,1,10,150,11,0.0
462,1,10,150,11,0.0
1,1,10,150,12,1.0
2,1,10,150,12,0.0
3,1,10,150,12,0.0
4,1,10,150,12,0.0
5,1,10,150,12,0.059109628562248356
6,1,10,150,12,0.3299030991366776
7,1,10,150,12,0.2966280174161564
8,1,10,150,12,0.09817896789964464
9,1,10,150,12,0.0
10,1,10,150,12,0.4290649165036879
11,1,10,150,12,0.2663020437766917
12,1,10,150,12,0.059109628562248356
13,1,10,150,12,0.45187579760809476
14,1,10,150,12,0.5643306944087171
15,1,10,150,12,0.11671669303665204
16,1,10,150,12,0.2949187625798853
17,1,10,150,12,0.10122860821230018
18,1,10,150,12,0.19450638180608054
19,1,10,150,12,0.13886244387355454
20,1,10,150,12,0.0
21,1,10,150,12,0.0
22,1,10,150,12,0.0
23,1,10,150,12,0.0
24,1,10,150,12,0.1393394209542634
25,1,10,150,12,0.2184042741799036
26,1,10,150,12,0.0
27,1,10,150,12,0.0
28,1,10,150,12,0.337684868347684
29,1,10,150,12,0.0
30,1,10,150,12,0.0
31,1,10,150,12,0.0
32,1,10,150,12,0.0547726610138292
33,1,10,150,12,0.0
34,1,10,150,12,0.0
35,1,10,150,12,0.0
36,1,10,150,12,0.0
37,1,10,150,12,0.16012299992246748
38,1,10,150,12,0.24942134197684737
39,1,10,150,12,0.0
40,1,10,150,12,0.0
41,1,10,150,12,0.0
42,1,10,150,12,0.30967326151789926
43,1,10,150,12,0.537129172375363
44,1,10,150,12,0.0845667599404342
45,1,10,150,12,0.0547726610138292
46,1,10,150,12,0.0
47,1,10,150,12,0.0
48,1,10,150,12,0.09817896789964464
49,1,10,150,12,0.0
50,1,10,150,12,0.0
51,1,10,150,12,0.0
52,1,10,150,12,0.0
53,1,10,150,12,0.056760172607960534
54,1,10,150,12,0.13073427970056417
55,1,10,150,12,0.0
56,1,10,150,12,0.285649900384419
57,1,10,150,12,0.31136537399967024
58,1,10,150,12,0.23580913401763695
59,1,10,150,12,0.4440871652943657
60,1,10,150,12,0.2078497586869602
61,1,10,150,12,0.0
62,1,10,150,12,0.5254141430695237
63,1,10,150,12,0.0
64,1,10,150,12,0.40548696956840163
65,1,10,150,12,0.2663020437766917
66,1,10,150,12,0.0
67,1,10,150,12,0.0
68,1,10,150,12,0.0
69,1,10,150,12,0.26181058106571903
70,1,10,150,12,0.0
71,1,10,150,12,0.0
72,1,10,150,12,0.15295162891347386
73,1,10,150,12,0.06994410797740244
74,1,10,150,12,0.0
75,1,10,150,12,0.11153283362178974
76,1,10,150,12,0.13188814000022528
77,1,10,150,12,0.32456645172361226
78,1,10,150,12,0.0
79,1,10,150,12,0.4639223883476175
80,1,10,150,12,0.09817896789964464
81,1,10,150,12,0.059109628562248356
82,1,10,150,12,0.5236042958209226
83,1,10,150,12,0.1414142639531647
84,1,10,150,12,0.05306340617755807
85,1,10,150,12,0.09817896789964464
86,1,10,150,12,0.0
87,1,10,150,12,0.10783606719138729
88,1,10,150,12,0.0
89,1,10,150,12,0.1393394209542634
90,1,10,150,12,0.3172405855520651
91,1,10,150,12,0.0
92,1,10,150,12,0.4019783563247947
93,1,10,150,12,0.0
94,1,10,150,12,0.6005421104617886
95,1,10,150,12,0.31307462883594134
96,1,10,150,12,0.2583019678221121
97,1,10,150,12,0.05306340617755807
98,1,10,150,12,0.15172757018789687
99,1,10,150,12,0.3299030991366776
100,1,10,150,12,0.0
101,1,10,150,12,0.0
102,1,10,150,12,0.0
103,1,10,150,12,0.0845667599404342
104,1,10,150,12,0.0
105,1,10,150,12,0.0
106,1,10,150,12,0.4668259362921048
107,1,10,150,12,0.0
108,1,10,150,12,0.0
109,1,10,150,12,0.19635793579928928
110,1,10,150,12,0.0
111,1,10,150,12,0.0
112,1,10,150,12,0.0
113,1,10,150,12,0.0
114,1,10,150,12,0.05306340617755807
115,1,10,150,12,0.47950559223121736
116,1,10,150,12,0.06545264526642976
117,1,10,150,12,0.2663020437766917
118,1,10,150,12,0.0
119,1,10,150,12,0.07596161868673496
120,1,10,150,12,0.0845667599404342
121,1,10,150,12,0.09817896789964464
122,1,10,150,12,0.0
123,1,10,150,12,0.0
124,1,10,150,12,0.13886244387355454
125,1,10,150,12,0.2511305968131185
126,1,10,150,12,0.0
127,1,10,150,12,0.0
128,1,10,150,12,0.33539922397441585
129,1,10,150,12,0.0
130,1,10,150,12,0.337684868347684
131,1,10,150,12,0.12388806404564567
132,1,10,150,12,0.0
133,1,10,150,12,0.0
134,1,10,150,12,0.0
135,1,10,150,12,0.0
136,1,10,150,12,0.23580913401763695
137,1,10,150,12,0.0845667599404342
138,1,10,150,12,0.0
139,1,10,150,12,0.0
140,1,10,150,12,0.0
141,1,10,150,12,0.19635793579928928
142,1,10,150,12,0.0
143,1,10,150,12,0.0
144,1,10,150,12,0.3720864371521543
145,1,10,150,12,0.36448101167633634
146,1,10,150,12,0.0
147,1,10,150,12,0.0
148,1,10,150,12,0.2945369036989339
149,1,10,150,12,0.0
150,1,10,150,12,0.0
151,1,10,150,12,0.35460067005319024
152,1,10,150,12,0.10982357878551863
153,1,10,150,12,0.16952307587808224
154,1,10,150,12,0.07596161868673496
155,1,10,150,12,0.0
156,1,10,150,12,0.0
157,1,10,150,12,0.0
158,1,10,150,12,0.3704985223856689
159,1,10,150,12,0.0
160,1,10,150,12,0.2583019678221121
161,1,10,150,12,0.09817896789964464
162,1,10,150,12,0.06994410797740244
163,1,10,150,12,0.0
164,1,10,150,12,0.0
165,1,10,150,12,0.0
166,1,10,150,12,0.0
167,1,10,150,12,0.07596161868673496
168,1,10,150,12,0.0
169,1,10,150,12,0.0
170,1,10,150,12,0.0
171,1,10,150,12,0.0
172,1,10,150,12,0.0
173,1,10,150,12,0.0
174,1,10,150,12,0.1353967532438322
175,1,10,150,12,0.0
176,1,10,150,12,0.09817896789964464
177,1,10,150,12,0.2675644525483282
178,1,10,150,12,0.41446985907711176
179,1,10,150,12,0.0
180,1,10,150,12,0.06194403202282284
181,1,10,150,12,0.1459057266641374
182,1,10,150,12,0.0
183,1,10,150,12,0.0
184,1,10,150,12,0.28441644267281485
185,1,10,150,12,0.0
186,1,10,150,12,0.059109628562248356
187,1,10,150,12,0.05306340617755807
188,1,10,150,12,0.0
189,1,10,150,12,0.38217184494690065
190,1,10,150,12,0.0
191,1,10,150,12,0.0
192,1,10,150,12,0.0
193,1,10,150,12,0.0
194,1,10,150,12,0.20845482398607987
195,1,10,150,12,0.12902502486429304
196,1,10,150,12,0.056760172607960534
197,1,10,150,12,0.0
198,1,10,150,12,0.07596161868673496
199,1,10,150,12,0.0
200,1,10,150,12,0.30087354293386515
201,1,10,150,12,0.07596161868673496
202,1,10,150,12,0.0
203,1,10,150,12,0.0
204,1,10,150,12,0.0
205,1,10,150,12,0.2809246957397235
206,1,10,150,12,0.0
207,1,10,150,12,0.2926853497057252
208,1,10,150,12,0.0
209,1,10,150,12,0.0
210,1,10,150,12,0.12105366058507118
211,1,10,150,12,0.0
212,1,10,150,12,0.0
213,1,10,150,12,0.4581516505544928
214,1,10,150,12,0.0845667599404342
215,1,10,150,12,0.16012299992246748
216,1,10,150,12,0.30663379188572454
217,1,10,150,12,0.059109628562248356
218,1,10,150,12,0.05306340617755807
219,1,10,150,12,0.0
220,1,10,150,12,0.0
221,1,10,150,12,0.12670428058536298
222,1,10,150,12,0.4432535139998955
223,1,10,150,12,0.19984968273238063
224,1,10,150,12,0.12388806404564567
225,1,10,150,12,0.059109628562248356
226,1,10,150,12,0.3185707536736796
227,1,10,150,12,0.12388806404564567
228,1,10,150,12,0.0
229,1,10,150,12,0.0
230,1,10,150,12,0.22206703194529032
231,1,10,150,12,0.0
232,1,10,150,12,0.059109628562248356
233,1,10,150,12,0.0
234,1,10,150,12,0.6168740172610914
235,1,10,150,12,0.3185707536736796
236,1,10,150,12,0.1158698011702089
237,1,10,150,12,0.1858320960684685
238,1,10,150,12,0.0
239,1,10,150,12,0.21135837193056714
240,1,10,150,12,0.0
241,1,10,150,12,0.0
242,1,10,150,12,0.0
243,1,10,150,12,0.26181058106571903
244,1,10,150,12,0.12300751415496051
245,1,10,150,12,0.0
246,1,10,150,12,0.16893320734776698
247,1,10,150,12,0.0
248,1,10,150,12,0.06994410797740244
249,1,10,150,12,0.3779890219202612
250,1,10,150,12,0.12221281787439028
251,1,10,150,12,0.13073427970056417
252,1,10,150,12,0.11004588314904008
253,1,10,150,12,0.1150074382003809
254,1,10,150,12,0.157288596461893
255,1,10,150,12,0.056760172607960534
256,1,10,150,12,0.37910366363936815
257,1,10,150,12,0.0547726610138292
258,1,10,150,12,0.0
259,1,10,150,12,0.0
260,1,10,150,12,0.0
261,1,10,150,12,0.0
262,1,10,150,12,0.0
263,1,10,150,12,0.0
264,1,10,150,12,0.11851605144398783
265,1,10,150,12,0.19635793579928928
266,1,10,150,12,0.0
267,1,10,150,12,0.06194403202282284
268,1,10,150,12,0.28401106396811315
269,1,10,150,12,0.755058275369283
270,1,10,150,12,0.11870420463078338
271,1,10,150,12,0.352525827054289
272,1,10,150,12,0.28441644267281485
273,1,10,150,12,0.0
274,1,10,150,12,0.19635793579928928
275,1,10,150,12,0.0
276,1,10,150,12,0.5993191415914498
277,1,10,150,12,0.12388806404564567
278,1,10,150,12,0.0
279,1,10,150,12,0.3640681742767175
280,1,10,150,12,0.32024599984493496
281,1,10,150,12,0.0
282,1,10,150,12,0.0
283,1,10,150,12,0.06994410797740244
284,1,10,150,12,0.0
285,1,10,150,12,0.0
286,1,10,150,12,0.3784750785164982
287,1,10,150,12,0.34930956471276314
288,1,10,150,12,0.06994410797740244
289,1,10,150,12,0.0
290,1,10,150,12,0.3209202096279674
291,1,10,150,12,0.11153283362178974
292,1,10,150,12,0.09817896789964464
293,1,10,150,12,0.4006117498378726
294,1,10,150,12,0.0
295,1,10,150,12,0.19635793579928928
296,1,10,150,12,0.41093257007138223
297,1,10,150,12,0.216883172530428
298,1,10,150,12,0.18299769260789403
299,1,10,150,12,0.2955197531662997
300,1,10,150,12,0.0
301,1,10,150,12,0.6154402470163858
302,1,10,150,12,0.13927874459665815
303,1,10,150,12,0.32709221549985346
304,1,10,150,12,0.0
305,1,10,150,12,0.38423424698876535
306,1,10,150,12,0.06545264526642976
307,1,10,150,12,0.1150074382003809
308,1,10,150,12,0.4988598263081949
309,1,10,150,12,0.0
310,1,10,150,12,0.0
311,1,10,150,12,0.457910174627943
312,1,10,150,12,0.09817896789964464
313,1,10,150,12,0.42289820762145997
314,1,10,150,12,0.19635793579928928
315,1,10,150,12,0.16812307587704708
316,1,10,150,12,0.16812307587704708
317,1,10,150,12,0.0
318,1,10,150,12,0.10982357878551863
319,1,10,150,12,0.0
320,1,10,150,12,0.5205179275925329
321,1,10,150,12,0.28401106396811315
322,1,10,150,12,0.1741405865863796
323,1,10,150,12,0.19383217202304812
324,1,10,150,12,0.0845667599404342
325,1,10,150,12,0.23523274448063988
326,1,10,150,12,0.318553887363164
327,1,10,150,12,0.0
328,1,10,150,12,0.2255756451888972
329,1,10,150,12,0.0
330,1,10,150,12,0.15451086791783664
331,1,10,150,12,0.0
332,1,10,150,12,0.19984968273238063
333,1,10,150,12,0.0
334,1,10,150,12,0.23688980373103807
335,1,10,150,12,0.0
336,1,10,150,12,0.0
337,1,10,150,12,0.0
338,1,10,150,12,0.0
339,1,10,150,12,0.5375345510800646
340,1,10,150,12,0.19635793579928928
341,1,10,150,12,0.0
342,1,10,150,12,0.06994410797740244
343,1,10,150,12,0.28751967721172006
344,1,10,150,12,0.4048127597853692
345,1,10,150,12,0.1414142639531647
346,1,10,150,12,0.1273966772892526
347,1,10,150,12,0.4264250436991592
348,1,10,150,12,0.19635793579928928
349,1,10,150,12,0.19635793579928928
350,1,10,150,12,0.0
351,1,10,150,12,0.0
352,1,10,150,12,0.0
353,1,10,150,12,0.0
354,1,10,150,12,0.11217303473980643
355,1,10,150,12,0.0
356,1,10,150,12,0.0
357,1,10,150,12,0.07596161868673496
358,1,10,150,12,0.0
359,1,10,150,12,0.09817896789964464
360,1,10,150,12,0.0547726610138292
361,1,10,150,12,0.19635793579928928
362,1,10,150,12,0.0
363,1,10,150,12,0.06545264526642976
364,1,10,150,12,0.0
365,1,10,150,12,0.19984968273238063
366,1,10,150,12,0.05306340617755807
367,1,10,150,12,0.0
368,1,10,150,12,0.0
369,1,10,150,12,0.0
370,1,10,150,12,0.18934070931207542
371,1,10,150,12,0.0547726610138292
372,1,10,150,12,0.09817896789964464
373,1,10,150,12,0.2323983410200654
374,1,10,150,12,0.0
375,1,10,150,12,0.0
376,1,10,150,12,0.0
377,1,10,150,12,0.056760172607960534
378,1,10,150,12,0.3508688037171259
379,1,10,150,12,0.12670428058536298
380,1,10,150,12,0.0
381,1,10,150,12,0.0
382,1,10,150,12,0.0
383,1,10,150,12,0.0845667599404342
384,1,10,150,12,0.0
385,1,10,150,12,0.15295162891347386
386,1,10,150,12,0.14606834984270645
387,1,10,150,12,0.21359178480472726
388,1,10,150,12,0.0
389,1,10,150,12,0.1158698011702089
390,1,10,150,12,0.0
391,1,10,150,12,0.1459057266641374
392,1,10,150,12,0.157288596461893
393,1,10,150,12,0.4264250436991592
394,1,10,150,12,0.0
395,1,10,150,12,0.0
396,1,10,150,12,0.0
397,1,10,150,12,0.0
398,1,10,150,12,0.19383217202304812
399,1,10,150,12,0.0
400,1,10,150,12,0.0
401,1,10,150,12,0.0
402,1,10,150,12,0.0
403,1,10,150,12,0.0
404,1,10,150,12,0.0
405,1,10,150,12,0.3508688037171259
406,1,10,150,12,0.2809246957397235
407,1,10,150,12,0.06545264526642976
408,1,10,150,12,0.0
409,1,10,150,12,0.0
410,1,10,150,12,0.0
411,1,10,150,12,0.0
412,1,10,150,12,0.12300751415496051
413,1,10,150,12,0.0
414,1,10,150,12,0.1309019901681972
415,1,10,150,12,0.0
416,1,10,150,12,0.14367638850268255
417,1,10,150,12,0.3614064528995537
418,1,10,150,12,0.0
419,1,10,150,12,0.0
420,1,10,150,12,0.19519002499605084
421,1,10,150,12,0.0
422,1,10,150,12,0.0
423,1,10,150,12,0.0
424,1,10,150,12,0.0
425,1,10,150,12,0.0
426,1,10,150,12,0.0
427,1,10,150,12,0.0
428,1,10,150,12,0.0
429,1,10,150,12,0.2652149965940404
430,1,10,150,12,0.0
431,1,10,150,12,0.0
432,1,10,150,12,0.0
433,1,10,150,12,0.13012668333070054
434,1,10,150,12,0.0
435,1,10,150,12,0.0547726610138292
436,1,10,150,12,0.0
437,1,10,150,12,0.19635793579928928
438,1,10,150,12,0.0
439,1,10,150,12,0.18154179253735267
440,1,10,150,12,0.0
442,1,10,150,12,0.09817896789964464
444,1,10,150,12,0.0
445,1,10,150,12,0.0
446,1,10,150,12,0.0
447,1,10,150,12,0.0
448,1,10,150,12,0.0
449,1,10,150,12,0.0
450,1,10,150,12,0.05306340617755807
451,1,10,150,12,0.0
452,1,10,150,12,0.0
453,1,10,150,12,0.09162544430476362
454,1,10,150,12,0.0
455,1,10,150,12,0.0
456,1,10,150,12,0.0
457,1,10,150,12,0.0
458,1,10,150,12,0.0
459,1,10,150,12,0.0
460,1,10,150,12,0.0
462,1,10,150,12,0.0
1,1,10,150,13,1.0
2,1,10,150,13,0.0
3,1,10,150,13,0.0
4,1,10,150,13,0.0
5,1,10,150,13,0.056210658265822395
6,1,10,150,13,0.3627673051650426
7,1,10,150,13,0.2820802046064112
8,1,10,150,13,0.09336388246267398
9,1,10,150,13,0.0
10,1,10,150,13,0.40802187362831643
11,1,10,150,13,0.25324153682437417
12,1,10,150,13,0.056210658265822395
13,1,10,150,13,0.4297140187777623
14,1,10,150,13,0.5366536820463494
15,1,10,150,13,0.11099244413777772
16,1,10,150,13,0.28045477839704736
17,1,10,150,13,0.10122860821230018
18,1,10,150,13,0.23401097910947494
19,1,10,150,13,0.13886244387355454
20,1,10,150,13,0.0
21,1,10,150,13,0.0
22,1,10,150,13,0.0
23,1,10,150,13,0.0
24,1,10,150,13,0.13250566387791482
25,1,10,150,13,0.20769286355425157
26,1,10,150,13,0.0
27,1,10,150,13,0.0
28,1,10,150,13,0.3211234649570076
29,1,10,150,13,0.0
30,1,10,150,13,0.0
31,1,10,150,13,0.0
32,1,10,150,13,0.10113035341930532
33,1,10,150,13,0.0
34,1,10,150,13,0.0
35,1,10,150,13,0.0
36,1,10,150,13,0.0
37,1,10,150,13,0.1522699338173234
38,1,10,150,13,0.2371887314991124
39,1,10,150,13,0.0
40,1,10,150,13,0.0
41,1,10,150,13,0.0
42,1,10,150,13,0.29448565826993883
43,1,10,150,13,0.5107862303888433
44,1,10,150,13,0.12946323173096355
45,1,10,150,13,0.052086392783128294
46,1,10,150,13,0.0
47,1,10,150,13,0.0
48,1,10,150,13,0.09336388246267398
49,1,10,150,13,0.0
50,1,10,150,13,0.0
51,1,10,150,13,0.0
52,1,10,150,13,0.0
53,1,10,150,13,0.056760172607960534
54,1,10,150,13,0.12432255283313073
55,1,10,150,13,0.0
56,1,10,150,13,0.27164049791423767
57,1,10,150,13,0.29609478285376184
58,1,10,150,13,0.22424412013122494
59,1,10,150,13,0.4223073718406374
60,1,10,150,13,0.24669994393985506
61,1,10,150,13,0.0
62,1,10,150,13,0.5486897131553083
63,1,10,150,13,0.0
64,1,10,150,13,0.43464424323058315
65,1,10,150,13,0.25324153682437417
66,1,10,150,13,0.0
67,1,10,150,13,0.0
68,1,10,150,13,0.0
69,1,10,150,13,0.24897035323379726
70,1,10,150,13,0.0
71,1,10,150,13,0.0
72,1,10,150,13,0.14545027524580229
73,1,10,150,13,0.0665137718990262
74,1,10,150,13,0.0
75,1,10,150,13,0.15510678235617842
76,1,10,150,13,0.12541982325367562
77,1,10,150,13,0.35769238807763276
78,1,10,150,13,0.0
79,1,10,150,13,0.4411697969952557
80,1,10,150,13,0.09336388246267398
81,1,10,150,13,0.056210658265822395
82,1,10,150,13,0.4979246673477481
83,1,10,150,13,0.13447874835845175
84,1,10,150,13,0.05046096657376444
85,1,10,150,13,0.09336388246267398
86,1,10,150,13,0.0
87,1,10,150,13,0.10254735935689274
88,1,10,150,13,0.0
89,1,10,150,13,0.13250566387791482
90,1,10,150,13,0.30168185076205184
91,1,10,150,13,0.049043960636177025
92,1,10,150,13,0.43130770627678333
93,1,10,150,13,0.0
94,1,10,150,13,0.6201331074721109
95,1,10,150,13,0.2977202090631257
96,1,10,150,13,0.2456338162799974
97,1,10,150,13,0.05046096657376444
98,1,10,150,13,0.15172757018789687
99,1,10,150,13,0.3137233445288656
100,1,10,150,13,0.0
101,1,10,150,13,0.0
102,1,10,150,13,0.0
103,1,10,150,13,0.08041927109478651
104,1,10,150,13,0.0
105,1,10,150,13,0.0
106,1,10,150,13,0.4439309434486483
107,1,10,150,13,0.0
108,1,10,150,13,0.0
109,1,10,150,13,0.23577172556152498
110,1,10,150,13,0.0
111,1,10,150,13,0.0
112,1,10,150,13,0.0
113,1,10,150,13,0.0
114,1,10,150,13,0.05046096657376444
115,1,10,150,13,0.45598873884100277
116,1,10,150,13,0.062242588308449316
117,1,10,150,13,0.25324153682437417
118,1,10,150,13,0.049043960636177025
119,1,10,150,13,0.07223616005000244
120,1,10,150,13,0.0845667599404342
121,1,10,150,13,0.09336388246267398
122,1,10,150,13,0.0
123,1,10,150,13,0.0
124,1,10,150,13,0.13886244387355454
125,1,10,150,13,0.2878581183446533
126,1,10,150,13,0.0
127,1,10,150,13,0.0
128,1,10,150,13,0.31894991763641023
129,1,10,150,13,0.0
130,1,10,150,13,0.3701674255931846
131,1,10,150,13,0.11781210270929884
132,1,10,150,13,0.0
133,1,10,150,13,0.0
134,1,10,150,13,0.0
135,1,10,150,13,0.0
136,1,10,150,13,0.22424412013122494
137,1,10,150,13,0.12946323173096355
138,1,10,150,13,0.0
139,1,10,150,13,0.0
140,1,10,150,13,0.0
141,1,10,150,13,0.18672776492534796
142,1,10,150,13,0.0
143,1,10,150,13,0.0
144,1,10,150,13,0.35383784457520867
145,1,10,150,13,0.3956493799232252
146,1,10,150,13,0.0
147,1,10,150,13,0.0
148,1,10,150,13,0.28009164738802195
149,1,10,150,13,0.0
150,1,10,150,13,0.0
151,1,10,150,13,0.33720964874953957
152,1,10,150,13,0.10443739551063756
153,1,10,150,13,0.16952307587808224
154,1,10,150,13,0.07223616005000244
155,1,10,150,13,0.0
156,1,10,150,13,0.0
157,1,10,150,13,0.0
158,1,10,150,13,0.40137176807420144
159,1,10,150,13,0.0
160,1,10,150,13,0.2456338162799974
161,1,10,150,13,0.09336388246267398
162,1,10,150,13,0.0665137718990262
163,1,10,150,13,0.0
164,1,10,150,13,0.0
165,1,10,150,13,0.051573320538546435
166,1,10,150,13,0.0
167,1,10,150,13,0.07223616005000244
168,1,10,150,13,0.0
169,1,10,150,13,0.0
170,1,10,150,13,0.0
171,1,10,150,13,0.0
172,1,10,150,13,0.0
173,1,10,150,13,0.0
174,1,10,150,13,0.12875636020747552
175,1,10,150,13,0.0
176,1,10,150,13,0.09336388246267398
177,1,10,150,13,0.3034859927060848
178,1,10,150,13,0.4431865762598291
179,1,10,150,13,0.0
180,1,10,150,13,0.05890605135464942
181,1,10,150,13,0.13874993194902863
182,1,10,150,13,0.0
183,1,10,150,13,0.0
184,1,10,150,13,0.2704675338540878
185,1,10,150,13,0.0
186,1,10,150,13,0.056210658265822395
187,1,10,150,13,0.05046096657376444
188,1,10,150,13,0.0
189,1,10,150,13,0.36342862402706966
190,1,10,150,13,0.0
191,1,10,150,13,0.0
192,1,10,150,13,0.0
193,1,10,150,13,0.0
194,1,10,150,13,0.19823137380408537
195,1,10,150,13,0.12269712662376689
196,1,10,150,13,0.05397642893687311
197,1,10,150,13,0.0
198,1,10,150,13,0.07223616005000244
199,1,10,150,13,0.0
200,1,10,150,13,0.33516147337392654
201,1,10,150,13,0.12128012068617947
202,1,10,150,13,0.0
203,1,10,150,13,0.0
204,1,10,150,13,0.0
205,1,10,150,13,0.2809246957397235
206,1,10,150,13,0.0
207,1,10,150,13,0.2783309009359719
208,1,10,150,13,0.0
209,1,10,150,13,0.0
210,1,10,150,13,0.11511670962047181
211,1,10,150,13,0.0
212,1,10,150,13,0.0
213,1,10,150,13,0.4847260396754758
214,1,10,150,13,0.12946323173096355
215,1,10,150,13,0.1522699338173234
216,1,10,150,13,0.29159525626675936
217,1,10,150,13,0.056210658265822395
218,1,10,150,13,0.05046096657376444
219,1,10,150,13,0.0
220,1,10,150,13,0.0
221,1,10,150,13,0.1204902008358993
222,1,10,150,13,0.42151460610743746
223,1,10,150,13,0.19004826275930128
224,1,10,150,13,0.11781210270929884
225,1,10,150,13,0.059109628562248356
226,1,10,150,13,0.3029467821706704
227,1,10,150,13,0.11781210270929884
228,1,10,150,13,0.0
229,1,10,150,13,0.0
230,1,10,150,13,0.2111759851719728
231,1,10,150,13,0.0
232,1,10,150,13,0.056210658265822395
233,1,10,150,13,0.0
234,1,10,150,13,0.5866200722410579
235,1,10,150,13,0.3029467821706704
236,1,10,150,13,0.11018708720269552
237,1,10,150,13,0.17671815406394825
238,1,10,150,13,0.0
239,1,10,150,13,0.20099252025747794
240,1,10,150,13,0.0
241,1,10,150,13,0.0
242,1,10,150,13,0.0
243,1,10,150,13,0.24897035323379726
244,1,10,150,13,0.11697473847279065
245,1,10,150,13,0.0
246,1,10,150,13,0.16064805377645996
247,1,10,150,13,0.0
248,1,10,150,13,0.0665137718990262
249,1,10,150,13,0.40849490384447384
250,1,10,150,13,0.11621901724532241
251,1,10,150,13,0.12432255283313073
252,1,10,150,13,0.11004588314904008
253,1,10,150,13,0.10936701792841386
254,1,10,150,13,0.14957454072849638
255,1,10,150,13,0.05397642893687311
256,1,10,150,13,0.3605109184828085
257,1,10,150,13,0.10113035341930532
258,1,10,150,13,0.0
259,1,10,150,13,0.0
260,1,10,150,13,0.0
261,1,10,150,13,0.0
262,1,10,150,13,0.0
263,1,10,150,13,0.049043960636177025
264,1,10,150,13,0.11270355488221376
265,1,10,150,13,0.18672776492534796
266,1,10,150,13,0.0
267,1,10,150,13,0.05890605135464942
268,1,10,150,13,0.2700820365266222
269,1,10,150,13,0.7670711876702293
270,1,10,150,13,0.11288248029152252
271,1,10,150,13,0.33523656426900267
272,1,10,150,13,0.2704675338540878
273,1,10,150,13,0.0
274,1,10,150,13,0.18672776492534796
275,1,10,150,13,0.0
276,1,10,150,13,0.5699261572027313
277,1,10,150,13,0.11781210270929884
278,1,10,150,13,0.0
279,1,10,150,13,0.34621282906860534
280,1,10,150,13,0.35358382827082385
281,1,10,150,13,0.0
282,1,10,150,13,0.0
283,1,10,150,13,0.0665137718990262
284,1,10,150,13,0.0
285,1,10,150,13,0.0
286,1,10,150,13,0.35991316166396103
287,1,10,150,13,0.3321780401711502
288,1,10,150,13,0.0665137718990262
289,1,10,150,13,0.0
290,1,10,150,13,0.3051810114996197
291,1,10,150,13,0.1060628217200014
292,1,10,150,13,0.09336388246267398
293,1,10,150,13,0.380964162948434
294,1,10,150,13,0.0
295,1,10,150,13,0.18672776492534796
296,1,10,150,13,0.3907788092806783
297,1,10,150,13,0.2552903233903735
298,1,10,150,13,0.17402276097512126
299,1,10,150,13,0.2810262940247989
300,1,10,150,13,0.0
301,1,10,150,13,0.5852566197677951
302,1,10,150,13,0.13927874459665815
303,1,10,150,13,0.3110503177584787
304,1,10,150,13,0.0
305,1,10,150,13,0.41443383834055425
306,1,10,150,13,0.062242588308449316
307,1,10,150,13,0.10936701792841386
308,1,10,150,13,0.4743937646237657
309,1,10,150,13,0.0
310,1,10,150,13,0.0
311,1,10,150,13,0.4354524460485852
312,1,10,150,13,0.09336388246267398
313,1,10,150,13,0.40215760457376326
314,1,10,150,13,0.23577172556152498
315,1,10,150,13,0.15987765436170018
316,1,10,150,13,0.15987765436170018
317,1,10,150,13,0.0
318,1,10,150,13,0.10443739551063756
319,1,10,150,13,0.0
320,1,10,150,13,0.4949896668412602
321,1,10,150,13,0.2700820365266222
322,1,10,150,13,0.16560004251267643
323,1,10,150,13,0.18432587460832503
324,1,10,150,13,0.08041927109478651
325,1,10,150,13,0.2236959990199915
326,1,10,150,13,0.3029307430508238
327,1,10,150,13,0.0
328,1,10,150,13,0.21451252212577268
329,1,10,150,13,0.0
330,1,10,150,13,0.19597700362998974
331,1,10,150,13,0.0
332,1,10,150,13,0.19004826275930128
333,1,10,150,13,0.0
334,1,10,150,13,0.22527178952174134
335,1,10,150,13,0.0
336,1,10,150,13,0.0
337,1,10,150,13,0.0
338,1,10,150,13,0.0
339,1,10,150,13,0.5602156883524859
340,1,10,150,13,0.23577172556152498
341,1,10,150,13,0.0
342,1,10,150,13,0.0665137718990262
343,1,10,150,13,0.27341857348042214
344,1,10,150,13,0.3849591387294333
345,1,10,150,13,0.13447874835845175
346,1,10,150,13,0.12114863966309874
347,1,10,150,13,0.4055114706416975
348,1,10,150,13,0.18672776492534796
349,1,10,150,13,0.18672776492534796
350,1,10,150,13,0.0
351,1,10,150,13,0.0
352,1,10,150,13,0.0
353,1,10,150,13,0.0
354,1,10,150,13,0.15571558547576386
355,1,10,150,13,0.0
356,1,10,150,13,0.0
357,1,10,150,13,0.07223616005000244
358,1,10,150,13,0.0
359,1,10,150,13,0.09336388246267398
360,1,10,150,13,0.052086392783128294
361,1,10,150,13,0.18672776492534796
362,1,10,150,13,0.0
363,1,10,150,13,0.11128654894462633
364,1,10,150,13,0.0
365,1,10,150,13,0.19004826275930128
366,1,10,150,13,0.05046096657376444
367,1,10,150,13,0.0
368,1,10,150,13,0.0
369,1,10,150,13,0.0
370,1,10,150,13,0.18005469101774815
371,1,10,150,13,0.0547726610138292
372,1,10,150,13,0.09336388246267398
373,1,10,150,13,0.22100060593116447
374,1,10,150,13,0.0
375,1,10,150,13,0.0
376,1,10,150,13,0.0
377,1,10,150,13,0.05397642893687311
378,1,10,150,13,0.3336608079191607
379,1,10,150,13,0.1204902008358993
380,1,10,150,13,0.0
381,1,10,150,13,0.0
382,1,10,150,13,0.0
383,1,10,150,13,0.08041927109478651
384,1,10,150,13,0.0
385,1,10,150,13,0.19449423588197928
386,1,10,150,13,0.14606834984270645
387,1,10,150,13,0.25216035835473044
388,1,10,150,13,0.0
389,1,10,150,13,0.15923104783887254
390,1,10,150,13,0.0
391,1,10,150,13,0.13874993194902863
392,1,10,150,13,0.14957454072849638
393,1,10,150,13,0.4055114706416975
394,1,10,150,13,0.0
395,1,10,150,13,0.0
396,1,10,150,13,0.0
397,1,10,150,13,0.0
398,1,10,150,13,0.18432587460832503
399,1,10,150,13,0.0
400,1,10,150,13,0.0
401,1,10,150,13,0.0
402,1,10,150,13,0.0
403,1,10,150,13,0.0
404,1,10,150,13,0.0
405,1,10,150,13,0.3336608079191607
406,1,10,150,13,0.26714703602013445
407,1,10,150,13,0.062242588308449316
408,1,10,150,13,0.0
409,1,10,150,13,0.0
410,1,10,150,13,0.0
411,1,10,150,13,0.0
412,1,10,150,13,0.11697473847279065
413,1,10,150,13,0.0
414,1,10,150,13,0.1309019901681972
415,1,10,150,13,0.0
416,1,10,150,13,0.13662992936060891
417,1,10,150,13,0.3436816490498876
418,1,10,150,13,0.0
419,1,10,150,13,0.0
420,1,10,150,13,0.19519002499605084
421,1,10,150,13,0.0
422,1,10,150,13,0.0
423,1,10,150,13,0.0
424,1,10,150,13,0.0
425,1,10,150,13,0.0
426,1,10,150,13,0.0
427,1,10,150,13,0.0
428,1,10,150,13,0.0
429,1,10,150,13,0.25220780274095844
430,1,10,150,13,0.0
431,1,10,150,13,0.0
432,1,10,150,13,0.0
433,1,10,150,13,0.13012668333070054
434,1,10,150,13,0.0
435,1,10,150,13,0.10113035341930532
436,1,10,150,13,0.0
437,1,10,150,13,0.18672776492534796
438,1,10,150,13,0.0
439,1,10,150,13,0.18154179253735267
440,1,10,150,13,0.0
442,1,10,150,13,0.09336388246267398
444,1,10,150,13,0.0
445,1,10,150,13,0.0
446,1,10,150,13,0.0
447,1,10,150,13,0.0
448,1,10,150,13,0.0
449,1,10,150,13,0.0
450,1,10,150,13,0.09950492720994147
451,1,10,150,13,0.0
452,1,10,150,13,0.05780700008370542
453,1,10,150,13,0.09162544430476362
454,1,10,150,13,0.0
455,1,10,150,13,0.0
456,1,10,150,13,0.0
457,1,10,150,13,0.0
458,1,10,150,13,0.0
459,1,10,150,13,0.0
460,1,10,150,13,0.0
462,1,10,150,13,0.0
1,1,10,150,14,1.0
2,1,10,150,14,0.0
3,1,10,150,14,0.0
4,1,10,150,14,0.0
5,1,10,150,14,0.0536466452928127
6,1,10,150,14,0.34621990818868503
7,1,10,150,14,0.2692132977536261
8,1,10,150,14,0.13471950502399685
9,1,10,150,14,0.0
10,1,10,150,14,0.3894102186587672
11,1,10,150,14,0.24169008722824994
12,1,10,150,14,0.0536466452928127
13,1,10,150,14,0.41011289057855316
14,1,10,150,14,0.5121745699841287
15,1,10,150,14,0.10592959528570596
16,1,10,150,14,0.3132763702405799
17,1,10,150,14,0.10122860821230018
18,1,10,150,14,0.22333671901762653
19,1,10,150,14,0.13886244387355454
20,1,10,150,14,0.0
21,1,10,150,14,0.04561435592667119
22,1,10,150,14,0.0
23,1,10,150,14,0.0
24,1,10,150,14,0.12646150336348774
25,1,10,150,14,0.1982190873526584
26,1,10,150,14,0.0
27,1,10,150,14,0.0
28,1,10,150,14,0.30647562493005276
29,1,10,150,14,0.0
30,1,10,150,14,0.0
31,1,10,150,14,0.0
32,1,10,150,14,0.09651735748344707
33,1,10,150,14,0.0
34,1,10,150,14,0.0
35,1,10,150,14,0.0
36,1,10,150,14,0.0
37,1,10,150,14,0.14532423885924936
38,1,10,150,14,0.27198387620538744
39,1,10,150,14,0.0
40,1,10,150,14,0.0
41,1,10,150,14,0.0
42,1,10,150,14,0.326667240564985
43,1,10,150,14,0.48748704547344396
44,1,10,150,14,0.16917220572604144
45,1,10,150,14,0.049710505523782283
46,1,10,150,14,0.0
47,1,10,150,14,0.0
48,1,10,150,14,0.08910514909732568
49,1,10,150,14,0.0
50,1,10,150,14,0.0
51,1,10,150,14,0.0
52,1,10,150,14,0.0
53,1,10,150,14,0.056760172607960534
54,1,10,150,14,0.11865165965848792
55,1,10,150,14,0.0
56,1,10,150,14,0.25924979155827943
57,1,10,150,14,0.28258861004063995
58,1,10,150,14,0.21401536902109605
59,1,10,150,14,0.4486584489977127
60,1,10,150,14,0.23544688488989268
61,1,10,150,14,0.0
62,1,10,150,14,0.523661585286139
63,1,10,150,14,0.0
64,1,10,150,14,0.41481822601838475
65,1,10,150,14,0.24169008722824994
66,1,10,150,14,0.0
67,1,10,150,14,0.0
68,1,10,150,14,0.0
69,1,10,150,14,0.2376137309262018
70,1,10,150,14,0.0
71,1,10,150,14,0.0
72,1,10,150,14,0.18443001054777913
73,1,10,150,14,0.0634797890335986
74,1,10,150,14,0.0
75,1,10,150,14,0.148031686379143
76,1,10,150,14,0.11969887879552228
77,1,10,150,14,0.3413764801755987
78,1,10,150,14,0.0
79,1,10,150,14,0.4210461208510169
80,1,10,150,14,0.08910514909732568
81,1,10,150,14,0.0536466452928127
82,1,10,150,14,0.4752121543466786
83,1,10,150,14,0.12834458686625608
84,1,10,150,14,0.048159222084064895
85,1,10,150,14,0.08910514909732568
86,1,10,150,14,0.0
87,1,10,150,14,0.09786972760784719
88,1,10,150,14,0.0
89,1,10,150,14,0.12646150336348774
90,1,10,150,14,0.3335351833714459
91,1,10,150,14,0.046806851959664796
92,1,10,150,14,0.41163388304875803
93,1,10,150,14,0.0
94,1,10,150,14,0.5918461351859654
95,1,10,150,14,0.28413989348035734
96,1,10,150,14,0.2800437438832462
97,1,10,150,14,0.048159222084064895
98,1,10,150,14,0.15172757018789687
99,1,10,150,14,0.2994130562290202
100,1,10,150,14,0.0
101,1,10,150,14,0.0
102,1,10,150,14,0.0
103,1,10,150,14,0.07675099783970546
104,1,10,150,14,0.0
105,1,10,150,14,0.0
106,1,10,150,14,0.42368131938731873
107,1,10,150,14,0.0
108,1,10,150,14,0.0
109,1,10,150,14,0.22501715015431617
110,1,10,150,14,0.0
111,1,10,150,14,0.0
112,1,10,150,14,0.0
113,1,10,150,14,0.0
114,1,10,150,14,0.09377357801073609
115,1,10,150,14,0.43518910620895535
116,1,10,150,14,0.05940343273155045
117,1,10,150,14,0.24169008722824994
118,1,10,150,14,0.046806851959664796
119,1,10,150,14,0.06894115413470564
120,1,10,150,14,0.0845667599404342
121,1,10,150,14,0.08910514909732568
122,1,10,150,14,0.0
123,1,10,150,14,0.0
124,1,10,150,14,0.13886244387355454
125,1,10,150,14,0.2747276556780984
126,1,10,150,14,0.0
127,1,10,150,14,0.0
128,1,10,150,14,0.30440122257056057
129,1,10,150,14,0.0
130,1,10,150,14,0.35328247688971753
131,1,10,150,14,0.11243817952384734
132,1,10,150,14,0.0
133,1,10,150,14,0.0
134,1,10,150,14,0.0
135,1,10,150,14,0.0
136,1,10,150,14,0.21401536902109605
137,1,10,150,14,0.12355784979937026
138,1,10,150,14,0.0
139,1,10,150,14,0.06016179456846956
140,1,10,150,14,0.0
141,1,10,150,14,0.17821029819465137
142,1,10,150,14,0.0
143,1,10,150,14,0.0
144,1,10,150,14,0.33769775919242895
145,1,10,150,14,0.37760208828524044
146,1,10,150,14,0.0
147,1,10,150,14,0.0
148,1,10,150,14,0.26731544729197704
149,1,10,150,14,0.0
150,1,10,150,14,0.0
151,1,10,150,14,0.3218280478095703
152,1,10,150,14,0.09967355097976081
153,1,10,150,14,0.16952307587808224
154,1,10,150,14,0.06894115413470564
155,1,10,150,14,0.0
156,1,10,150,14,0.0
157,1,10,150,14,0.0
158,1,10,150,14,0.3830634533863475
159,1,10,150,14,0.0
160,1,10,150,14,0.23442938795657506
161,1,10,150,14,0.08910514909732568
162,1,10,150,14,0.0634797890335986
163,1,10,150,14,0.0
164,1,10,150,14,0.0
165,1,10,150,14,0.051573320538546435
166,1,10,150,14,0.0
167,1,10,150,14,0.06894115413470564
168,1,10,150,14,0.0
169,1,10,150,14,0.0
170,1,10,150,14,0.0
171,1,10,150,14,0.0
172,1,10,150,14,0.0
173,1,10,150,14,0.0
174,1,10,150,14,0.12288322176514906
175,1,10,150,14,0.0
176,1,10,150,14,0.08910514909732568
177,1,10,150,14,0.2896426746160303
178,1,10,150,14,0.4229709060283905
179,1,10,150,14,0.0
180,1,10,150,14,0.05621908976192367
181,1,10,150,14,0.13242094316830424
182,1,10,150,14,0.0
183,1,10,150,14,0.0
184,1,10,150,14,0.30374468742492966
185,1,10,150,14,0.0
186,1,10,150,14,0.0536466452928127
187,1,10,150,14,0.048159222084064895
188,1,10,150,14,0.0
189,1,10,150,14,0.3468510614167586
190,1,10,150,14,0.0
191,1,10,150,14,0.0
192,1,10,150,14,0.0
193,1,10,150,14,0.0
194,1,10,150,14,0.1891891773635528
195,1,10,150,14,0.11710037621877055
196,1,10,150,14,0.051514328895695904
197,1,10,150,14,0.0
198,1,10,150,14,0.06894115413470564
199,1,10,150,14,0.0
200,1,10,150,14,0.3198732986345408
201,1,10,150,14,0.16136236202104162
202,1,10,150,14,0.0
203,1,10,150,14,0.0
204,1,10,150,14,0.0
205,1,10,150,14,0.33118408514264214
206,1,10,150,14,0.0
207,1,10,150,14,0.2656350161552874
208,1,10,150,14,0.0
209,1,10,150,14,0.0
210,1,10,150,14,0.10986573505473636
211,1,10,150,14,0.0
212,1,10,150,14,0.0
213,1,10,150,14,0.46261557357479294
214,1,10,150,14,0.12355784979937026
215,1,10,150,14,0.19093859478592054
216,1,10,150,14,0.2782943264608785
217,1,10,150,14,0.0536466452928127
218,1,10,150,14,0.048159222084064895
219,1,10,150,14,0.0
220,1,10,150,14,0.0
221,1,10,150,14,0.1149941179292945
222,1,10,150,14,0.4022874888361622
223,1,10,150,14,0.181379333658553
224,1,10,150,14,0.11243817952384734
225,1,10,150,14,0.059109628562248356
226,1,10,150,14,0.2891280598218977
227,1,10,150,14,0.11243817952384734
228,1,10,150,14,0.0
229,1,10,150,14,0.0
230,1,10,150,14,0.20154332862117302
231,1,10,150,14,0.0
232,1,10,150,14,0.0536466452928127
233,1,10,150,14,0.0
234,1,10,150,14,0.5598617754721248
235,1,10,150,14,0.3347424157485689
236,1,10,150,14,0.1051609741885086
237,1,10,150,14,0.16865726928577102
238,1,10,150,14,0.0
239,1,10,150,14,0.19182437589985468
240,1,10,150,14,0.0
241,1,10,150,14,0.0
242,1,10,150,14,0.0
243,1,10,150,14,0.2376137309262018
244,1,10,150,14,0.1116390111176635
245,1,10,150,14,0.06016179456846956
246,1,10,150,14,0.1989345521992447
247,1,10,150,14,0.0
248,1,10,150,14,0.0634797890335986
249,1,10,150,14,0.38986167190628074
250,1,10,150,14,0.11091776162724634
251,1,10,150,14,0.1642660155851591
252,1,10,150,14,0.11004588314904008
253,1,10,150,14,0.10437831184598856
254,1,10,150,14,0.18836615031680956
255,1,10,150,14,0.051514328895695904
256,1,10,150,14,0.3440664451316825
257,1,10,150,14,0.09651735748344707
258,1,10,150,14,0.0
259,1,10,150,14,0.0
260,1,10,150,14,0.0
261,1,10,150,14,0.0
262,1,10,150,14,0.0
263,1,10,150,14,0.046806851959664796
264,1,10,150,14,0.10756265481561535
265,1,10,150,14,0.17821029819465137
266,1,10,150,14,0.0
267,1,10,150,14,0.05621908976192367
268,1,10,150,14,0.25776241838309666
269,1,10,150,14,0.732081729494745
270,1,10,150,14,0.10773341865761958
271,1,10,150,14,0.36555932023347315
272,1,10,150,14,0.2581303314982585
273,1,10,150,14,0.0
274,1,10,150,14,0.17821029819465137
275,1,10,150,14,0.0
276,1,10,150,14,0.5895436985428372
277,1,10,150,14,0.11243817952384734
278,1,10,150,14,0.0
279,1,10,150,14,0.3304205538570902
280,1,10,150,14,0.3374553296781635
281,1,10,150,14,0.0
282,1,10,150,14,0.0
283,1,10,150,14,0.0634797890335986
284,1,10,150,14,0.0
285,1,10,150,14,0.0
286,1,10,150,14,0.34349595460512755
287,1,10,150,14,0.31702595281575935
288,1,10,150,14,0.1090941449602698
289,1,10,150,14,0.0
290,1,10,150,14,0.2912603762190145
291,1,10,150,14,0.10122483441947819
292,1,10,150,14,0.13471950502399685
293,1,10,150,14,0.3635867280243978
294,1,10,150,14,0.0
295,1,10,150,14,0.17821029819465137
296,1,10,150,14,0.3729536855855487
297,1,10,150,14,0.24364541971461004
298,1,10,150,14,0.16608482481666004
299,1,10,150,14,0.26820746062439843
300,1,10,150,14,0.0
301,1,10,150,14,0.5585605160052665
302,1,10,150,14,0.13927874459665815
303,1,10,150,14,0.2968619578531393
304,1,10,150,14,0.0
305,1,10,150,14,0.3955297057304317
306,1,10,150,14,0.05940343273155045
307,1,10,150,14,0.14999266777265974
308,1,10,150,14,0.498368954521495
309,1,10,150,14,0.0
310,1,10,150,14,0.0
311,1,10,150,14,0.4155895631853855
312,1,10,150,14,0.08910514909732568
313,1,10,150,14,0.38381344446011817
314,1,10,150,14,0.22501715015431617
315,1,10,150,14,0.15258493813092427
316,1,10,150,14,0.15258493813092427
317,1,10,150,14,0.0
318,1,10,150,14,0.09967355097976081
319,1,10,150,14,0.0
320,1,10,150,14,0.4724110319979386
321,1,10,150,14,0.25776241838309666
322,1,10,150,14,0.15804630323203134
323,1,10,150,14,0.17591796855744593
324,1,10,150,14,0.07675099783970546
325,1,10,150,14,0.2134922501013213
326,1,10,150,14,0.33472710824284374
327,1,10,150,14,0.0
328,1,10,150,14,0.20472767159079977
329,1,10,150,14,0.0
330,1,10,150,14,0.18703763883296887
331,1,10,150,14,0.04561435592667119
332,1,10,150,14,0.181379333658553
333,1,10,150,14,0.0
334,1,10,150,14,0.26061051786092965
335,1,10,150,14,0.0
336,1,10,150,14,0.04561435592667119
337,1,10,150,14,0.0
338,1,10,150,14,0.0
339,1,10,150,14,0.5802761664749417
340,1,10,150,14,0.22501715015431617
341,1,10,150,14,0.0
342,1,10,150,14,0.0634797890335986
343,1,10,150,14,0.2609467613527235
344,1,10,150,14,0.3673994755582042
345,1,10,150,14,0.12834458686625608
346,1,10,150,14,0.11562252249347413
347,1,10,150,14,0.3870143260874993
348,1,10,150,14,0.17821029819465137
349,1,10,150,14,0.18672776492534796
350,1,10,150,14,0.0
351,1,10,150,14,0.0
352,1,10,150,14,0.0
353,1,10,150,14,0.0
354,1,10,150,14,0.1942270752632136
355,1,10,150,14,0.0
356,1,10,150,14,0.0
357,1,10,150,14,0.06894115413470564
358,1,10,150,14,0.0
359,1,10,150,14,0.09336388246267398
360,1,10,150,14,0.049710505523782283
361,1,10,150,14,0.17821029819465137
362,1,10,150,14,0.0
363,1,10,150,14,0.10621028469121524
364,1,10,150,14,0.0
365,1,10,150,14,0.181379333658553
366,1,10,150,14,0.048159222084064895
367,1,10,150,14,0.0
368,1,10,150,14,0.0
369,1,10,150,14,0.0
370,1,10,150,14,0.1718416122553978
371,1,10,150,14,0.0547726610138292
372,1,10,150,14,0.08910514909732568
373,1,10,150,14,0.21091980563221033
374,1,10,150,14,0.0
375,1,10,150,14,0.0
376,1,10,150,14,0.0
377,1,10,150,14,0.05397642893687311
378,1,10,150,14,0.31844108506795543
379,1,10,150,14,0.1606084738559657
380,1,10,150,14,0.0
381,1,10,150,14,0.04561435592667119
382,1,10,150,14,0.0
383,1,10,150,14,0.07675099783970546
384,1,10,150,14,0.0
385,1,10,150,14,0.18562250658077276
386,1,10,150,14,0.14606834984270645
387,1,10,150,14,0.286272581944812
388,1,10,150,14,0.0
389,1,10,150,14,0.15196782614817342
390,1,10,150,14,0.05307577057513386
391,1,10,150,14,0.13242094316830424
392,1,10,150,14,0.14275179439013838
393,1,10,150,14,0.3870143260874993
394,1,10,150,14,0.0
395,1,10,150,14,0.0
396,1,10,150,14,0.0
397,1,10,150,14,0.0
398,1,10,150,14,0.17591796855744593
399,1,10,150,14,0.0
400,1,10,150,14,0.0
401,1,10,150,14,0.0
402,1,10,150,14,0.0
403,1,10,150,14,0.0
404,1,10,150,14,0.0
405,1,10,150,14,0.31844108506795543
406,1,10,150,14,0.25496129603435685
407,1,10,150,14,0.05940343273155045
408,1,10,150,14,0.0
409,1,10,150,14,0.04561435592667119
410,1,10,150,14,0.0
411,1,10,150,14,0.0
412,1,10,150,14,0.1116390111176635
413,1,10,150,14,0.0
414,1,10,150,14,0.1309019901681972
415,1,10,150,14,0.0
416,1,10,150,14,0.17601199905918935
417,1,10,150,14,0.3280048319846608
418,1,10,150,14,0.0
419,1,10,150,14,0.0
420,1,10,150,14,0.19519002499605084
421,1,10,150,14,0.0
422,1,10,150,14,0.0
423,1,10,150,14,0.0
424,1,10,150,14,0.0
425,1,10,150,14,0.0
426,1,10,150,14,0.0
427,1,10,150,14,0.0
428,1,10,150,14,0.0
429,1,10,150,14,0.24070350625924872
430,1,10,150,14,0.0
431,1,10,150,14,0.0
432,1,10,150,14,0.0
433,1,10,150,14,0.13012668333070054
434,1,10,150,14,0.0
435,1,10,150,14,0.09651735748344707
436,1,10,150,14,0.0
437,1,10,150,14,0.17821029819465137
438,1,10,150,14,0.0
439,1,10,150,14,0.18154179253735267
440,1,10,150,14,0.0
442,1,10,150,14,0.08910514909732568
444,1,10,150,14,0.0
445,1,10,150,14,0.0
446,1,10,150,14,0.0
447,1,10,150,14,0.0
448,1,10,150,14,0.0
449,1,10,150,14,0.0
450,1,10,150,14,0.0949660740437297
451,1,10,150,14,0.0
452,1,10,150,14,0.05780700008370542
453,1,10,150,14,0.09162544430476362
454,1,10,150,14,0.0
455,1,10,150,14,0.0
456,1,10,150,14,0.0
457,1,10,150,14,0.0
458,1,10,150,14,0.0
459,1,10,150,14,0.0
460,1,10,150,14,0.0
462,1,10,150,14,0.0
1,1,10,150,15,1.0
2,1,10,150,15,0.0
3,1,10,150,15,0.0
4,1,10,150,15,0.0
5,1,10,150,15,0.0940107968082948
6,1,10,150,15,0.37410513578619575
7,1,10,150,15,0.2577307301836383
8,1,10,150,15,0.1289734076642407
9,1,10,150,15,0.0
10,1,10,150,15,0.37280097540999896
11,1,10,150,15,0.23138144801632507
12,1,10,150,15,0.051358492238643604
13,1,10,150,15,0.4352729352313079
14,1,10,150,15,0.49032914423233553
15,1,10,150,15,0.10141145392464014
16,1,10,150,15,0.2999144110826039
17,1,10,150,15,0.10122860821230018
18,1,10,150,15,0.2564631978261513
19,1,10,150,15,0.13886244387355454
20,1,10,150,15,0.0
21,1,10,150,15,0.04366879852493834
22,1,10,150,15,0.0
23,1,10,150,15,0.0
24,1,10,150,15,0.1210676288056923
25,1,10,150,15,0.1897645864673745
26,1,10,150,15,0.0
27,1,10,150,15,0.0
28,1,10,150,15,0.33605603780201315
29,1,10,150,15,0.0
30,1,10,150,15,0.0
31,1,10,150,15,0.0
32,1,10,150,15,0.09240066975580519
33,1,10,150,15,0.0
34,1,10,150,15,0.0
35,1,10,150,15,0.0
36,1,10,150,15,0.0
37,1,10,150,15,0.1817781297317231
38,1,10,150,15,0.26038313707944094
39,1,10,150,15,0.0
40,1,10,150,15,0.04668194123133699
41,1,10,150,15,0.0
42,1,10,150,15,0.35538643449713087
43,1,10,150,15,0.5093469041058024
44,1,10,150,15,0.16195662128269464
45,1,10,150,15,0.04759023790187059
46,1,10,150,15,0.0
47,1,10,150,15,0.0
48,1,10,150,15,0.12795691370895354
49,1,10,150,15,0.0
50,1,10,150,15,0.0
51,1,10,150,15,0.0
52,1,10,150,15,0.0
53,1,10,150,15,0.056760172607960534
54,1,10,150,15,0.1135908929330395
55,1,10,150,15,0.0
56,1,10,150,15,0.24819219048911714
57,1,10,150,15,0.2705355545772722
58,1,10,150,15,0.20488712031902198
59,1,10,150,15,0.4295221321833149
60,1,10,150,15,0.22540453264559338
61,1,10,150,15,0.0
62,1,10,150,15,0.5013262118590883
63,1,10,150,15,0.0
64,1,10,150,15,0.3971252727012062
65,1,10,150,15,0.2740337525859763
66,1,10,150,15,0.0
67,1,10,150,15,0.0
68,1,10,150,15,0.0
69,1,10,150,15,0.2274789577048063
70,1,10,150,15,0.0
71,1,10,150,15,0.0
72,1,10,150,15,0.1765636455661113
73,1,10,150,15,0.10342453430737153
74,1,10,150,15,0.0
75,1,10,150,15,0.14171779380574068
76,1,10,150,15,0.11459344576048991
77,1,10,150,15,0.32681598657023353
78,1,10,150,15,0.0
79,1,10,150,15,0.40308753346660914
80,1,10,150,15,0.08530460913930236
81,1,10,150,15,0.051358492238643604
82,1,10,150,15,0.45494326080428393
83,1,10,150,15,0.12287039445737048
84,1,10,150,15,0.04610512027589789
85,1,10,150,15,0.12795691370895354
86,1,10,150,15,0.0
87,1,10,150,15,0.09369535817776849
88,1,10,150,15,0.0
89,1,10,150,15,0.1210676288056923
90,1,10,150,15,0.36196144371524375
91,1,10,150,15,0.0448104318539346
92,1,10,150,15,0.4367290538674254
93,1,10,150,15,0.0
94,1,10,150,15,0.6092548381392938
95,1,10,150,15,0.2720206722032449
96,1,10,150,15,0.26809923282631265
97,1,10,150,15,0.08875742484554908
98,1,10,150,15,0.15172757018789687
99,1,10,150,15,0.28664239936260993
100,1,10,150,15,0.0
101,1,10,150,15,0.0
102,1,10,150,15,0.0
103,1,10,150,15,0.12130357238836831
104,1,10,150,15,0.0
105,1,10,150,15,0.0
106,1,10,150,15,0.40561033471233915
107,1,10,150,15,0.0
108,1,10,150,15,0.0
109,1,10,150,15,0.21541965013253933
110,1,10,150,15,0.0
111,1,10,150,15,0.0
112,1,10,150,15,0.0
113,1,10,150,15,0.0
114,1,10,150,15,0.08977391880083622
115,1,10,150,15,0.4166272879055367
116,1,10,150,15,0.056869739426201577
117,1,10,150,15,0.2740337525859763
118,1,10,150,15,0.0448104318539346
119,1,10,150,15,0.0660006550311689
120,1,10,150,15,0.0845667599404342
121,1,10,150,15,0.08530460913930236
122,1,10,150,15,0.0
123,1,10,150,15,0.0
124,1,10,150,15,0.13886244387355454
125,1,10,150,15,0.26300988803440994
126,1,10,150,15,0.0
127,1,10,150,15,0.0
128,1,10,150,15,0.29141780891410685
129,1,10,150,15,0.0
130,1,10,150,15,0.33821416508629654
131,1,10,150,15,0.15029473661519027
132,1,10,150,15,0.0
133,1,10,150,15,0.0
134,1,10,150,15,0.0
135,1,10,150,15,0.0
136,1,10,150,15,0.20488712031902198
137,1,10,150,15,0.11828782275775632
138,1,10,150,15,0.0
139,1,10,150,15,0.06016179456846956
140,1,10,150,15,0.0
141,1,10,150,15,0.17060921827860473
142,1,10,150,15,0.0
143,1,10,150,15,0.0
144,1,10,150,15,0.3232941715148647
145,1,10,150,15,0.36149648900956205
146,1,10,150,15,0.0
147,1,10,150,15,0.0
148,1,10,150,15,0.2559138274179071
149,1,10,150,15,0.0
150,1,10,150,15,0.0
151,1,10,150,15,0.3081013398953403
152,1,10,150,15,0.09542224432583339
153,1,10,150,15,0.16952307587808224
154,1,10,150,15,0.0660006550311689
155,1,10,150,15,0.0
156,1,10,150,15,0.0
157,1,10,150,15,0.0
158,1,10,150,15,0.36672491430301063
159,1,10,150,15,0.0
160,1,10,150,15,0.2244304343013743
161,1,10,150,15,0.08530460913930236
162,1,10,150,15,0.060772229737720354
163,1,10,150,15,0.0
164,1,10,150,15,0.0
165,1,10,150,15,0.051573320538546435
166,1,10,150,15,0.0
167,1,10,150,15,0.0660006550311689
168,1,10,150,15,0.0
169,1,10,150,15,0.0
170,1,10,150,15,0.0
171,1,10,150,15,0.0
172,1,10,150,15,0.0
173,1,10,150,15,0.0
174,1,10,150,15,0.11764196916392193
175,1,10,150,15,0.0
176,1,10,150,15,0.08530460913930236
177,1,10,150,15,0.277288747041939
178,1,10,150,15,0.4049302221203663
179,1,10,150,15,0.0
180,1,10,150,15,0.05382121602276955
181,1,10,150,15,0.12677288476888926
182,1,10,150,15,0.0
183,1,10,150,15,0.0
184,1,10,150,15,0.29078927650546804
185,1,10,150,15,0.0
186,1,10,150,15,0.051358492238643604
187,1,10,150,15,0.04610512027589789
188,1,10,150,15,0.0
189,1,10,150,15,0.33205706430490417
190,1,10,150,15,0.0
191,1,10,150,15,0.0
192,1,10,150,15,0.0
193,1,10,150,15,0.0
194,1,10,150,15,0.1811198229493608
195,1,10,150,15,0.154758079876718
196,1,10,150,15,0.0493171240499355
197,1,10,150,15,0.0
198,1,10,150,15,0.0660006550311689
199,1,10,150,15,0.0
200,1,10,150,15,0.30622996527748136
201,1,10,150,15,0.15447988541004185
202,1,10,150,15,0.0
203,1,10,150,15,0.0
204,1,10,150,15,0.0
205,1,10,150,15,0.33118408514264214
206,1,10,150,15,0.0
207,1,10,150,15,0.2543050705418679
208,1,10,150,15,0.0
209,1,10,150,15,0.0
210,1,10,150,15,0.10517970826141314
211,1,10,150,15,0.0
212,1,10,150,15,0.0
213,1,10,150,15,0.44288395323201696
214,1,10,150,15,0.11828782275775632
215,1,10,150,15,0.18279462368701027
216,1,10,150,15,0.2664244320886632
217,1,10,150,15,0.051358492238643604
218,1,10,150,15,0.04610512027589789
219,1,10,150,15,0.0
220,1,10,150,15,0.0
221,1,10,150,15,0.11008935378765584
222,1,10,150,15,0.38512900033776204
223,1,10,150,15,0.173643087076708
224,1,10,150,15,0.1076424320455391
225,1,10,150,15,0.059109628562248356
226,1,10,150,15,0.2767960817547418
227,1,10,150,15,0.1076424320455391
228,1,10,150,15,0.0
229,1,10,150,15,0.0
230,1,10,150,15,0.19294704118484146
231,1,10,150,15,0.0
232,1,10,150,15,0.051358492238643604
233,1,10,150,15,0.0
234,1,10,150,15,0.535982380507782
235,1,10,150,15,0.3204648802796801
236,1,10,150,15,0.10067561628857911
237,1,10,150,15,0.16146364806830862
238,1,10,150,15,0.0
239,1,10,150,15,0.1836426241950908
240,1,10,150,15,0.0
241,1,10,150,15,0.0
242,1,10,150,15,0.0
243,1,10,150,15,0.2274789577048063
244,1,10,150,15,0.10687735001361824
245,1,10,150,15,0.06016179456846956
246,1,10,150,15,0.19044953508941534
247,1,10,150,15,0.0
248,1,10,150,15,0.060772229737720354
249,1,10,150,15,0.3732331731361006
250,1,10,150,15,0.10618686347613707
251,1,10,150,15,0.15725969145797783
252,1,10,150,15,0.11004588314904008
253,1,10,150,15,0.14257864086831862
254,1,10,150,15,0.1803318999028843
255,1,10,150,15,0.0493171240499355
256,1,10,150,15,0.3293912183217288
257,1,10,150,15,0.09240066975580519
258,1,10,150,15,0.0
259,1,10,150,15,0.0
260,1,10,150,15,0.0
261,1,10,150,15,0.0
262,1,10,150,15,0.0
263,1,10,150,15,0.08746273642358578
264,1,10,150,15,0.14562716427175065
265,1,10,150,15,0.17060921827860473
266,1,10,150,15,0.0
267,1,10,150,15,0.05382121602276955
268,1,10,150,15,0.24676825720761097
269,1,10,150,15,0.7435090611681094
270,1,10,150,15,0.10313834007270505
271,1,10,150,15,0.3499673727686004
272,1,10,150,15,0.24712047798052972
273,1,10,150,15,0.0
274,1,10,150,15,0.17060921827860473
275,1,10,150,15,0.0
276,1,10,150,15,0.6070506057251207
277,1,10,150,15,0.1076424320455391
278,1,10,150,15,0.0
279,1,10,150,15,0.31632735575790477
280,1,10,150,15,0.3230620821780784
281,1,10,150,15,0.0
282,1,10,150,15,0.0
283,1,10,150,15,0.060772229737720354
284,1,10,150,15,0.0
285,1,10,150,15,0.0
286,1,10,150,15,0.3288450605308666
287,1,10,150,15,0.3035040653197777
288,1,10,150,15,0.10444102826265869
289,1,10,150,15,0.0
290,1,10,150,15,0.2788374499434499
291,1,10,150,15,0.09690736195180609
292,1,10,150,15,0.1289734076642407
293,1,10,150,15,0.34807891616321823
294,1,10,150,15,0.0
295,1,10,150,15,0.17060921827860473
296,1,10,150,15,0.35704635139757995
297,1,10,150,15,0.23325338106594198
298,1,10,150,15,0.1590009242841827
299,1,10,150,15,0.25676779432599384
300,1,10,150,15,0.0
301,1,10,150,15,0.5347366227560283
302,1,10,150,15,0.13927874459665815
303,1,10,150,15,0.28420011121164424
304,1,10,150,15,0.0
305,1,10,150,15,0.3786594522552728
306,1,10,150,15,0.056869739426201577
307,1,10,150,15,0.18624743939325694
308,1,10,150,15,0.4771123700851856
309,1,10,150,15,0.0
310,1,10,150,15,0.04265230456965118
311,1,10,150,15,0.3978637105604341
312,1,10,150,15,0.08530460913930236
313,1,10,150,15,0.3674429165290783
314,1,10,150,15,0.21541965013253933
315,1,10,150,15,0.14607683887702272
316,1,10,150,15,0.14607683887702272
317,1,10,150,15,0.0
318,1,10,150,15,0.09542224432583339
319,1,10,150,15,0.0
320,1,10,150,15,0.45226161277909926
321,1,10,150,15,0.24676825720761097
322,1,10,150,15,0.15130526417047127
323,1,10,150,15,0.16841466178325942
324,1,10,150,15,0.0734773909038217
325,1,10,150,15,0.20438631362673962
326,1,10,150,15,0.32045022567435133
327,1,10,150,15,0.0
328,1,10,150,15,0.19599556458827347
329,1,10,150,15,0.0
330,1,10,150,15,0.17906005249547666
331,1,10,150,15,0.04366879852493834
332,1,10,150,15,0.173643087076708
333,1,10,150,15,0.0
334,1,10,150,15,0.29214718324872196
335,1,10,150,15,0.0
336,1,10,150,15,0.04366879852493834
337,1,10,150,15,0.0
338,1,10,150,15,0.0
339,1,10,150,15,0.5555260506879429
340,1,10,150,15,0.21541965013253933
341,1,10,150,15,0.0
342,1,10,150,15,0.060772229737720354
343,1,10,150,15,0.2924690851806942
344,1,10,150,15,0.35172904122796556
345,1,10,150,15,0.12287039445737048
346,1,10,150,15,0.11069095544897113
347,1,10,150,15,0.370507273178397
348,1,10,150,15,0.17060921827860473
349,1,10,150,15,0.18672776492534796
350,1,10,150,15,0.0
351,1,10,150,15,0.0
352,1,10,150,15,0.0
353,1,10,150,15,0.0
354,1,10,150,15,0.18594284289341445
355,1,10,150,15,0.0
356,1,10,150,15,0.0
357,1,10,150,15,0.0660006550311689
358,1,10,150,15,0.06323567569191428
359,1,10,150,15,0.09336388246267398
360,1,10,150,15,0.04759023790187059
361,1,10,150,15,0.17060921827860473
362,1,10,150,15,0.0
363,1,10,150,15,0.10168017128013616
364,1,10,150,15,0.0
365,1,10,150,15,0.173643087076708
366,1,10,150,15,0.04610512027589789
367,1,10,150,15,0.0
368,1,10,150,15,0.0
369,1,10,150,15,0.0
370,1,10,150,15,0.16451217147174066
371,1,10,150,15,0.0547726610138292
372,1,10,150,15,0.08530460913930236
373,1,10,150,15,0.20192358984261366
374,1,10,150,15,0.0
375,1,10,150,15,0.0
376,1,10,150,15,0.0
377,1,10,150,15,0.05397642893687311
378,1,10,150,15,0.3048588389201468
379,1,10,150,15,0.15375815231259418
380,1,10,150,15,0.0
381,1,10,150,15,0.04366879852493834
382,1,10,150,15,0.0
383,1,10,150,15,0.0734773909038217
384,1,10,150,15,0.0
385,1,10,150,15,0.17770527889510757
386,1,10,150,15,0.14606834984270645
387,1,10,150,15,0.31671470115941264
388,1,10,150,15,0.0
389,1,10,150,15,0.1881383527121649
390,1,10,150,15,0.05307577057513386
391,1,10,150,15,0.12677288476888926
392,1,10,150,15,0.136663101377946
393,1,10,150,15,0.370507273178397
394,1,10,150,15,0.0
395,1,10,150,15,0.0
396,1,10,150,15,0.0
397,1,10,150,15,0.0
398,1,10,150,15,0.16841466178325942
399,1,10,150,15,0.0
400,1,10,150,15,0.0
401,1,10,150,15,0.0
402,1,10,150,15,0.0
403,1,10,150,15,0.0
404,1,10,150,15,0.0
405,1,10,150,15,0.3048588389201468
406,1,10,150,15,0.24408660918242644
407,1,10,150,15,0.056869739426201577
408,1,10,150,15,0.0
409,1,10,150,15,0.04366879852493834
410,1,10,150,15,0.0
411,1,10,150,15,0.0
412,1,10,150,15,0.1116390111176635
413,1,10,150,15,0.0
414,1,10,150,15,0.1309019901681972
415,1,10,150,15,0.0
416,1,10,150,15,0.21115698623705484
417,1,10,150,15,0.31401466999053373
418,1,10,150,15,0.0
419,1,10,150,15,0.0
420,1,10,150,15,0.19519002499605084
421,1,10,150,15,0.0
422,1,10,150,15,0.0
423,1,10,150,15,0.0
424,1,10,150,15,0.0
425,1,10,150,15,0.0
426,1,10,150,15,0.0
427,1,10,150,15,0.0
428,1,10,150,15,0.0
429,1,10,150,15,0.23043694699929632
430,1,10,150,15,0.0
431,1,10,150,15,0.0
432,1,10,150,15,0.0
433,1,10,150,15,0.13012668333070054
434,1,10,150,15,0.0
435,1,10,150,15,0.09240066975580519
436,1,10,150,15,0.0
437,1,10,150,15,0.17060921827860473
438,1,10,150,15,0.0
439,1,10,150,15,0.18154179253735267
440,1,10,150,15,0.0
442,1,10,150,15,0.08530460913930236
444,1,10,150,15,0.0
445,1,10,150,15,0.0
446,1,10,150,15,0.0
447,1,10,150,15,0.0
448,1,10,150,15,0.0
449,1,10,150,15,0.0
450,1,10,150,15,0.0909155521298325
451,1,10,150,15,0.0
452,1,10,150,15,0.05780700008370542
453,1,10,150,15,0.09162544430476362
454,1,10,150,15,0.0
455,1,10,150,15,0.0
456,1,10,150,15,0.0
457,1,10,150,15,0.0
458,1,10,150,15,0.0
459,1,10,150,15,0.0
460,1,10,150,15,0.0
462,1,10,150,15,0.0
1,1,10,150,16,1.0
2,1,10,150,16,0.0
3,1,10,150,16,0.0
4,1,10,150,16,0.0
5,1,10,150,16,0.09024404313926782
6,1,10,150,16,0.35911577349307505
7,1,10,150,16,0.24740416976186166
8,1,10,150,16,0.12380579848508601
9,1,10,150,16,0.0
10,1,10,150,16,0.3979311126632988
11,1,10,150,16,0.22211063075011753
12,1,10,150,16,0.04930069892507246
13,1,10,150,16,0.4178327477052512
14,1,10,150,16,0.5107502515001933
15,1,10,150,16,0.09734817631057045
16,1,10,150,16,0.2878976667650003
17,1,10,150,16,0.10122860821230018
18,1,10,150,16,0.2461874239344358
19,1,10,150,16,0.13886244387355454
20,1,10,150,16,0.0
21,1,10,150,16,0.04191911005669532
22,1,10,150,16,0.0
23,1,10,150,16,0.0
24,1,10,150,16,0.11621678240839849
25,1,10,150,16,0.2222284876395251
26,1,10,150,16,0.0
27,1,10,150,16,0.0
28,1,10,150,16,0.3626584434888556
29,1,10,150,16,0.0
30,1,10,150,16,0.0
31,1,10,150,16,0.0
32,1,10,150,16,0.0886984294425679
33,1,10,150,16,0.0
34,1,10,150,16,0.0
35,1,10,150,16,0.0
36,1,10,150,16,0.0
37,1,10,150,16,0.17449478079349331
38,1,10,150,16,0.24995030201958324
39,1,10,150,16,0.0
40,1,10,150,16,0.04668194123133699
41,1,10,150,16,0.0
42,1,10,150,16,0.38121432443528164
43,1,10,150,16,0.48893877668868874
44,1,10,150,16,0.15546746558833532
45,1,10,150,16,0.045683428159663184
46,1,10,150,16,0.0
47,1,10,150,16,0.0
48,1,10,150,16,0.12283003264258605
49,1,10,150,16,0.0400672454325441
50,1,10,150,16,0.0
51,1,10,150,16,0.0
52,1,10,150,16,0.0
53,1,10,150,16,0.056760172607960534
54,1,10,150,16,0.10903961874698957
55,1,10,150,16,0.0
56,1,10,150,16,0.27831505851089305
57,1,10,150,16,0.2997631855463393
58,1,10,150,16,0.19667785778323255
59,1,10,150,16,0.4523796089269605
60,1,10,150,16,0.2163731939144745
61,1,10,150,16,0.0
62,1,10,150,16,0.4812394514867626
63,1,10,150,16,0.0
64,1,10,150,16,0.381213556932421
65,1,10,150,16,0.2630539749643129
66,1,10,150,16,0.0
67,1,10,150,16,0.0
68,1,10,150,16,0.0
69,1,10,150,16,0.21836450247570852
70,1,10,150,16,0.0
71,1,10,150,16,0.0
72,1,10,150,16,0.1694892266447492
73,1,10,150,16,0.0992805981075315
74,1,10,150,16,0.0
75,1,10,150,16,0.1360395521791674
76,1,10,150,16,0.11000200204424343
77,1,10,150,16,0.313721370225045
78,1,10,150,16,0.0
79,1,10,150,16,0.3869369263324037
80,1,10,150,16,0.08530460913930236
81,1,10,150,16,0.04930069892507246
82,1,10,150,16,0.4767821829483009
83,1,10,150,16,0.11794731620625351
84,1,10,150,16,0.044257815106106525
85,1,10,150,16,0.12283003264258605
86,1,10,150,16,0.0
87,1,10,150,16,0.1300084886983138
88,1,10,150,16,0.0
89,1,10,150,16,0.11621678240839849
90,1,10,150,16,0.38752589114533115
91,1,10,150,16,0.04301500128290471
92,1,10,150,16,0.45929776911114056
93,1,10,150,16,0.0
94,1,10,150,16,0.5848436750086019
95,1,10,150,16,0.30118879859989595
96,1,10,150,16,0.25735723506438396
97,1,10,150,16,0.08520115932030188
98,1,10,150,16,0.15172757018789687
99,1,10,150,16,0.31522467342851906
100,1,10,150,16,0.0
101,1,10,150,16,0.0
102,1,10,150,16,0.0
103,1,10,150,16,0.12130357238836831
104,1,10,150,16,0.0
105,1,10,150,16,0.0
106,1,10,150,16,0.38935864588144353
107,1,10,150,16,0.0
108,1,10,150,16,0.0
109,1,10,150,16,0.2067883781396861
110,1,10,150,16,0.0
111,1,10,150,16,0.0
112,1,10,150,16,0.0
113,1,10,150,16,0.0
114,1,10,150,16,0.08617692516280184
115,1,10,150,16,0.4400014255396745
116,1,10,150,16,0.05459112561892713
117,1,10,150,16,0.2630539749643129
118,1,10,150,16,0.08308224671544881
119,1,10,150,16,0.06335619058732639
120,1,10,150,16,0.0845667599404342
121,1,10,150,16,0.0818866884283907
122,1,10,150,16,0.0
123,1,10,150,16,0.0
124,1,10,150,16,0.13886244387355454
125,1,10,150,16,0.2524718062993493
126,1,10,150,16,0.0
127,1,10,150,16,0.0
128,1,10,150,16,0.2797415000409311
129,1,10,150,16,0.0
130,1,10,150,16,0.3246628551250209
131,1,10,150,16,0.15029473661519027
132,1,10,150,16,0.0
133,1,10,150,16,0.0
134,1,10,150,16,0.0
135,1,10,150,16,0.0
136,1,10,150,16,0.20488712031902198
137,1,10,150,16,0.11354835553164001
138,1,10,150,16,0.0
139,1,10,150,16,0.06016179456846956
140,1,10,150,16,0.0
141,1,10,150,16,0.1637733768567814
142,1,10,150,16,0.0
143,1,10,150,16,0.0
144,1,10,150,16,0.31034066459786763
145,1,10,150,16,0.38707956589395703
146,1,10,150,16,0.0
147,1,10,150,16,0.0
148,1,10,150,16,0.2456600652851721
149,1,10,150,16,0.0
150,1,10,150,16,0.0
151,1,10,150,16,0.295756567891658
152,1,10,150,16,0.09159893784270605
153,1,10,150,16,0.16952307587808224
154,1,10,150,16,0.06335619058732639
155,1,10,150,16,0.0
156,1,10,150,16,0.0
157,1,10,150,16,0.0
158,1,10,150,16,0.35203125715540323
159,1,10,150,16,0.0
160,1,10,150,16,0.2555053704402328
161,1,10,150,16,0.0818866884283907
162,1,10,150,16,0.05833725389333616
163,1,10,150,16,0.0
164,1,10,150,16,0.0
165,1,10,150,16,0.051573320538546435
166,1,10,150,16,0.0
167,1,10,150,16,0.06335619058732639
168,1,10,150,16,0.0400672454325441
169,1,10,150,16,0.0
170,1,10,150,16,0.0
171,1,10,150,16,0.0
172,1,10,150,16,0.0
173,1,10,150,16,0.0
174,1,10,150,16,0.11292837951226328
175,1,10,150,16,0.0
176,1,10,150,16,0.0818866884283907
177,1,10,150,16,0.26617855075852703
178,1,10,150,16,0.428773028960159
179,1,10,150,16,0.0
180,1,10,150,16,0.05166474815090726
181,1,10,150,16,0.12169344448066254
182,1,10,150,16,0.0
183,1,10,150,16,0.0
184,1,10,150,16,0.31920539662711567
185,1,10,150,16,0.0
186,1,10,150,16,0.04930069892507246
187,1,10,150,16,0.044257815106106525
188,1,10,150,16,0.0400672454325441
189,1,10,150,16,0.3588196978443336
190,1,10,150,16,0.0400672454325441
191,1,10,150,16,0.0
192,1,10,150,16,0.0
193,1,10,150,16,0.0
194,1,10,150,16,0.17386285055054984
195,1,10,150,16,0.14855734990762828
196,1,10,150,16,0.04734112273659951
197,1,10,150,16,0.0400672454325441
198,1,10,150,16,0.06335619058732639
199,1,10,150,16,0.0
200,1,10,150,16,0.29396017409990904
201,1,10,150,16,0.1482903019269264
202,1,10,150,16,0.0
203,1,10,150,16,0.0
204,1,10,150,16,0.0
205,1,10,150,16,0.33118408514264214
206,1,10,150,16,0.0
207,1,10,150,16,0.24411576686572642
208,1,10,150,16,0.0
209,1,10,150,16,0.0
210,1,10,150,16,0.10096544707597972
211,1,10,150,16,0.0
212,1,10,150,16,0.0
213,1,10,150,16,0.4251388131797344
214,1,10,150,16,0.11354835553164001
215,1,10,150,16,0.1754705466359933
216,1,10,150,16,0.25574953897894054
217,1,10,150,16,0.04930069892507246
218,1,10,150,16,0.044257815106106525
219,1,10,150,16,0.0
220,1,10,150,16,0.0
221,1,10,150,16,0.10567837662993566
222,1,10,150,16,0.40976518759058267
223,1,10,150,16,0.20675293232168504
224,1,10,150,16,0.10332949630181452
225,1,10,150,16,0.059109628562248356
226,1,10,150,16,0.265705625212308
227,1,10,150,16,0.10332949630181452
228,1,10,150,16,0.0
229,1,10,150,16,0.0
230,1,10,150,16,0.18521618473020524
231,1,10,150,16,0.0
232,1,10,150,16,0.04930069892507246
233,1,10,150,16,0.0
234,1,10,150,16,0.5145070429204576
235,1,10,150,16,0.3076247352690033
236,1,10,150,16,0.09664182166167198
237,1,10,150,16,0.15499424445272178
238,1,10,150,16,0.0
239,1,10,150,16,0.17628457009958967
240,1,10,150,16,0.0
241,1,10,150,16,0.0
242,1,10,150,16,0.0
243,1,10,150,16,0.21836450247570852
244,1,10,150,16,0.10259506899944268
245,1,10,150,16,0.06016179456846956
246,1,10,150,16,0.18281874682447383
247,1,10,150,16,0.0
248,1,10,150,16,0.05833725389333616
249,1,10,150,16,0.3582787479844893
250,1,10,150,16,0.10193224835552663
251,1,10,150,16,0.15095872880368488
252,1,10,150,16,0.11004588314904008
253,1,10,150,16,0.17693315290375325
254,1,10,150,16,0.17310649741015846
255,1,10,150,16,0.04734112273659951
256,1,10,150,16,0.3161934195339074
257,1,10,150,16,0.0886984294425679
258,1,10,150,16,0.0
259,1,10,150,16,0.0
260,1,10,150,16,0.0
261,1,10,150,16,0.0
262,1,10,150,16,0.0
263,1,10,150,16,0.12402559092964416
264,1,10,150,16,0.139792284939229
265,1,10,150,16,0.1637733768567814
266,1,10,150,16,0.0
267,1,10,150,16,0.09173199358345135
268,1,10,150,16,0.23688093288111248
269,1,10,150,16,0.7537859465655105
270,1,10,150,16,0.09900587088750677
271,1,10,150,16,0.33594514415049825
272,1,10,150,16,0.23721904113787623
273,1,10,150,16,0.0
274,1,10,150,16,0.1637733768567814
275,1,10,150,16,0.0
276,1,10,150,16,0.5827277601155577
277,1,10,150,16,0.10332949630181452
278,1,10,150,16,0.0
279,1,10,150,16,0.3036529899577251
280,1,10,150,16,0.3501851198740447
281,1,10,150,16,0.0
282,1,10,150,16,0.0
283,1,10,150,16,0.09840449932588026
284,1,10,150,16,0.0
285,1,10,150,16,0.0
286,1,10,150,16,0.31566914478129654
287,1,10,150,16,0.2913434934448353
288,1,10,150,16,0.10025636395003147
289,1,10,150,16,0.0
290,1,10,150,16,0.267665201400781
291,1,10,150,16,0.1330917963288068
292,1,10,150,16,0.12380579848508601
293,1,10,150,16,0.33413235279941267
294,1,10,150,16,0.0
295,1,10,150,16,0.1637733768567814
296,1,10,150,16,0.34274048760533876
297,1,10,150,16,0.22390756059880215
298,1,10,150,16,0.152630195226887
299,1,10,150,16,0.28654706152410536
300,1,10,150,16,0.0
301,1,10,150,16,0.5133111992502928
302,1,10,150,16,0.13927874459665815
303,1,10,150,16,0.31288024103631507
304,1,10,150,16,0.0
305,1,10,150,16,0.4035548564789522
306,1,10,150,16,0.05459112561892713
307,1,10,150,16,0.17878501752790443
308,1,10,150,16,0.4579957916540796
309,1,10,150,16,0.0
310,1,10,150,16,0.04094334421419535
311,1,10,150,16,0.3819224076207065
312,1,10,150,16,0.0818866884283907
313,1,10,150,16,0.3527204910100579
314,1,10,150,16,0.2468556235722302
315,1,10,150,16,0.18029118775427097
316,1,10,150,16,0.14022394232172686
317,1,10,150,16,0.0
318,1,10,150,16,0.09159893784270605
319,1,10,150,16,0.0
320,1,10,150,16,0.4341407357401609
321,1,10,150,16,0.23688093288111248
322,1,10,150,16,0.1853101244482612
323,1,10,150,16,0.16166675019515067
324,1,10,150,16,0.0734773909038217
325,1,10,150,16,0.1961971170356041
326,1,10,150,16,0.307610667833343
327,1,10,150,16,0.0400672454325441
328,1,10,150,16,0.18814256219822506
329,1,10,150,16,0.0
330,1,10,150,16,0.17188560942497616
331,1,10,150,16,0.04191911005669532
332,1,10,150,16,0.16668568688914093
333,1,10,150,16,0.0
334,1,10,150,16,0.28044165035506896
335,1,10,150,16,0.0
336,1,10,150,16,0.04191911005669532
337,1,10,150,16,0.0
338,1,10,150,16,0.0
339,1,10,150,16,0.5332676520708571
340,1,10,150,16,0.2067883781396861
341,1,10,150,16,0.0
342,1,10,150,16,0.05833725389333616
343,1,10,150,16,0.3208178999958718
344,1,10,150,16,0.33763622740733124
345,1,10,150,16,0.1580145616387976
346,1,10,150,16,0.1062558737698344
347,1,10,150,16,0.35566206732941547
348,1,10,150,16,0.1637733768567814
349,1,10,150,16,0.18672776492534796
350,1,10,150,16,0.0
351,1,10,150,16,0.0
352,1,10,150,16,0.0
353,1,10,150,16,0.0
354,1,10,150,16,0.178492625370779
355,1,10,150,16,0.0
356,1,10,150,16,0.0
357,1,10,150,16,0.06335619058732639
358,1,10,150,16,0.06323567569191428
359,1,10,150,16,0.09336388246267398
360,1,10,150,16,0.045683428159663184
361,1,10,150,16,0.1637733768567814
362,1,10,150,16,0.0
363,1,10,150,16,0.13767337233437593
364,1,10,150,16,0.0
365,1,10,150,16,0.16668568688914093
366,1,10,150,16,0.044257815106106525
367,1,10,150,16,0.0
368,1,10,150,16,0.0
369,1,10,150,16,0.0
370,1,10,150,16,0.15792062192074163
371,1,10,150,16,0.0547726610138292
372,1,10,150,16,0.0818866884283907
373,1,10,150,16,0.1938330678097693
374,1,10,150,16,0.0
375,1,10,150,16,0.0
376,1,10,150,16,0.0
377,1,10,150,16,0.05397642893687311
378,1,10,150,16,0.29264398499885286
379,1,10,150,16,0.14759748668663097
380,1,10,150,16,0.0
381,1,10,150,16,0.04191911005669532
382,1,10,150,16,0.0
383,1,10,150,16,0.0705333542487353
384,1,10,150,16,0.0
385,1,10,150,16,0.1705851178709586
386,1,10,150,16,0.14606834984270645
387,1,10,150,16,0.3440920609285077
388,1,10,150,16,0.0
389,1,10,150,16,0.18060016715877203
390,1,10,150,16,0.05307577057513386
391,1,10,150,16,0.12169344448066254
392,1,10,150,16,0.13118738735346316
393,1,10,150,16,0.35566206732941547
394,1,10,150,16,0.0
395,1,10,150,16,0.0
396,1,10,150,16,0.0
397,1,10,150,16,0.0
398,1,10,150,16,0.20173399562769478
399,1,10,150,16,0.0
400,1,10,150,16,0.0
401,1,10,150,16,0.0
402,1,10,150,16,0.0
403,1,10,150,16,0.0
404,1,10,150,16,0.0
405,1,10,150,16,0.29264398499885286
406,1,10,150,16,0.2343067311055167
407,1,10,150,16,0.05459112561892713
408,1,10,150,16,0.0
409,1,10,150,16,0.08198635548923942
410,1,10,150,16,0.0
411,1,10,150,16,0.0
412,1,10,150,16,0.1116390111176635
413,1,10,150,16,0.0
414,1,10,150,16,0.1309019901681972
415,1,10,150,16,0.0
416,1,10,150,16,0.20269650744469844
417,1,10,150,16,0.30143296713860374
418,1,10,150,16,0.0
419,1,10,150,16,0.0
420,1,10,150,16,0.19519002499605084
421,1,10,150,16,0.0
422,1,10,150,16,0.0
423,1,10,150,16,0.0
424,1,10,150,16,0.0
425,1,10,150,16,0.0
426,1,10,150,16,0.043599246064372175
427,1,10,150,16,0.0
428,1,10,150,16,0.0
429,1,10,150,16,0.22120397328714936
430,1,10,150,16,0.0
431,1,10,150,16,0.0
432,1,10,150,16,0.0
433,1,10,150,16,0.13012668333070054
434,1,10,150,16,0.0
435,1,10,150,16,0.0886984294425679
436,1,10,150,16,0.0
437,1,10,150,16,0.1637733768567814
438,1,10,150,16,0.0
439,1,10,150,16,0.18154179253735267
440,1,10,150,16,0.0
442,1,10,150,16,0.0818866884283907
444,1,10,150,16,0.0
445,1,10,150,16,0.0
446,1,10,150,16,0.0
447,1,10,150,16,0.0
448,1,10,150,16,0.0
449,1,10,150,16,0.0
450,1,10,150,16,0.08727281638901124
451,1,10,150,16,0.0
452,1,10,150,16,0.05780700008370542
453,1,10,150,16,0.09162544430476362
454,1,10,150,16,0.0
455,1,10,150,16,0.0
456,1,10,150,16,0.0
457,1,10,150,16,0.0
458,1,10,150,16,0.0
459,1,10,150,16,0.0
460,1,10,150,16,0.0
462,1,10,150,16,0.0
1,1,10,150,17,1.0
2,1,10,150,17,0.0
3,1,10,150,17,0.0
4,1,10,150,17,0.0
5,1,10,150,17,0.08683366004474159
6,1,10,150,17,0.34554454684702973
7,1,10,150,17,0.23805459976565643
8,1,10,150,17,0.11912709408011753
9,1,10,150,17,0.0
10,1,10,150,17,0.38289302824016846
11,1,10,150,17,0.25150759327547134
12,1,10,150,17,0.04743759234968417
13,1,10,150,17,0.4020425671066895
14,1,10,150,17,0.49144865593057563
15,1,10,150,17,0.0936693232447766
16,1,10,150,17,0.27701782027836086
17,1,10,150,17,0.10122860821230018
18,1,10,150,17,0.23688383558151516
19,1,10,150,17,0.13886244387355454
20,1,10,150,17,0.0
21,1,10,150,17,0.040334958690002705
22,1,10,150,17,0.0
23,1,10,150,17,0.0
24,1,10,150,17,0.11182487202585742
25,1,10,150,17,0.21383032360560242
26,1,10,150,17,0.0
27,1,10,150,17,0.0
28,1,10,150,17,0.3489533369606285
29,1,10,150,17,0.0
30,1,10,150,17,0.0
31,1,10,150,17,0.0
32,1,10,150,17,0.12313712879747227
33,1,10,150,17,0.0
34,1,10,150,17,0.0
35,1,10,150,17,0.0
36,1,10,150,17,0.0
37,1,10,150,17,0.16790050565022632
38,1,10,150,17,0.24050451197265663
39,1,10,150,17,0.0
40,1,10,150,17,0.09146158711483891
41,1,10,150,17,0.0
42,1,10,150,17,0.36680797868413906
43,1,10,150,17,0.4704614514240822
44,1,10,150,17,0.1873829181538873
45,1,10,150,17,0.043957020679722535
46,1,10,150,17,0.0
47,1,10,150,17,0.0
48,1,10,150,17,0.11818820308517224
49,1,10,150,17,0.0763437499438357
50,1,10,150,17,0.0
51,1,10,150,17,0.0
52,1,10,150,17,0.0
53,1,10,150,17,0.056760172607960534
54,1,10,150,17,0.10491893820706252
55,1,10,150,17,0.0
56,1,10,150,17,0.26779734523609167
57,1,10,150,17,0.2884349331233965
58,1,10,150,17,0.189245269238674
59,1,10,150,17,0.4730745518724045
60,1,10,150,17,0.24598697803723824
61,1,10,150,17,0.0
62,1,10,150,17,0.46305308890062763
63,1,10,150,17,0.0
64,1,10,150,17,0.36680724018572775
65,1,10,150,17,0.2909036609705287
66,1,10,150,17,0.0
67,1,10,150,17,0.0
68,1,10,150,17,0.0
69,1,10,150,17,0.2101123610403062
70,1,10,150,17,0.0
71,1,10,150,17,0.0
72,1,10,150,17,0.16308411475984005
73,1,10,150,17,0.1333193901902991
74,1,10,150,17,0.0
75,1,10,150,17,0.13089852599284316
76,1,10,150,17,0.10584495239214857
77,1,10,150,17,0.3018656286138677
78,1,10,150,17,0.0
79,1,10,150,17,0.37231431960615685
80,1,10,150,17,0.08530460913930236
81,1,10,150,17,0.04743759234968417
82,1,10,150,17,0.458764263538497
83,1,10,150,17,0.15128068045556373
84,1,10,150,17,0.04258528250242427
85,1,10,150,17,0.11818820308517224
86,1,10,150,17,0.0
87,1,10,150,17,0.12509538045783533
88,1,10,150,17,0.0
89,1,10,150,17,0.11182487202585742
90,1,10,150,17,0.3728810270426259
91,1,10,150,17,0.041389435449602524
92,1,10,150,17,0.47973127012959843
93,1,10,150,17,0.0
94,1,10,150,17,0.6005327117924627
95,1,10,150,17,0.327597343968842
96,1,10,150,17,0.2854222047034336
97,1,10,150,17,0.08198135019748169
98,1,10,150,17,0.15172757018789687
99,1,10,150,17,0.3033121209780583
100,1,10,150,17,0.0
101,1,10,150,17,0.0
102,1,10,150,17,0.0
103,1,10,150,17,0.12130357238836831
104,1,10,150,17,0.0
105,1,10,150,17,0.0
106,1,10,150,17,0.37464452074442484
107,1,10,150,17,0.0
108,1,10,150,17,0.0
109,1,10,150,17,0.19897370622983218
110,1,10,150,17,0.0
111,1,10,150,17,0.0
112,1,10,150,17,0.0
113,1,10,150,17,0.0
114,1,10,150,17,0.08292024119242698
115,1,10,150,17,0.42337347569358647
116,1,10,150,17,0.05252809026007655
117,1,10,150,17,0.25311298830238155
118,1,10,150,17,0.11773318539343824
119,1,10,150,17,0.0987525901954872
120,1,10,150,17,0.0845667599404342
121,1,10,150,17,0.07879213539011483
122,1,10,150,17,0.0
123,1,10,150,17,0.0
124,1,10,150,17,0.13886244387355454
125,1,10,150,17,0.24293072690955472
126,1,10,150,17,0.0
127,1,10,150,17,0.0
128,1,10,150,17,0.2691698805811878
129,1,10,150,17,0.0
130,1,10,150,17,0.3123936274394852
131,1,10,150,17,0.15029473661519027
132,1,10,150,17,0.0
133,1,10,150,17,0.0
134,1,10,150,17,0.0
135,1,10,150,17,0.0377906726681472
136,1,10,150,17,0.20488712031902198
137,1,10,150,17,0.10925728679573742
138,1,10,150,17,0.0
139,1,10,150,17,0.06016179456846956
140,1,10,150,17,0.0
141,1,10,150,17,0.15758427078022966
142,1,10,150,17,0.0
143,1,10,150,17,0.0
144,1,10,150,17,0.2986126821264344
145,1,10,150,17,0.41024224139087717
146,1,10,150,17,0.0
147,1,10,150,17,0.0
148,1,10,150,17,0.23637640617034447
149,1,10,150,17,0.0
150,1,10,150,17,0.0
151,1,10,150,17,0.2845797282450097
152,1,10,150,17,0.08813735236594238
153,1,10,150,17,0.16952307587808224
154,1,10,150,17,0.060961917527339995
155,1,10,150,17,0.0
156,1,10,150,17,0.0
157,1,10,150,17,0.0
158,1,10,150,17,0.33872775914728703
159,1,10,150,17,0.0
160,1,10,150,17,0.2836403232891194
161,1,10,150,17,0.07879213539011483
162,1,10,150,17,0.0561326498270945
163,1,10,150,17,0.0
164,1,10,150,17,0.0
165,1,10,150,17,0.051573320538546435
166,1,10,150,17,0.0
167,1,10,150,17,0.0987525901954872
168,1,10,150,17,0.03855307727568851
169,1,10,150,17,0.0
170,1,10,150,17,0.0
171,1,10,150,17,0.0
172,1,10,150,17,0.0
173,1,10,150,17,0.0
174,1,10,150,17,0.14645141275531826
175,1,10,150,17,0.0
176,1,10,150,17,0.07879213539011483
177,1,10,150,17,0.2561194842755297
178,1,10,150,17,0.4125694077737957
179,1,10,150,17,0.0
180,1,10,150,17,0.049712302565054066
181,1,10,150,17,0.11709456735443448
182,1,10,150,17,0.0
183,1,10,150,17,0.0
184,1,10,150,17,0.3071424099692742
185,1,10,150,17,0.0
186,1,10,150,17,0.04743759234968417
187,1,10,150,17,0.04258528250242427
188,1,10,150,17,0.03855307727568851
189,1,10,150,17,0.3452596600962149
190,1,10,150,17,0.03855307727568851
191,1,10,150,17,0.0
192,1,10,150,17,0.0
193,1,10,150,17,0.0
194,1,10,150,17,0.16729245647624302
195,1,10,150,17,0.1429432677248217
196,1,10,150,17,0.0455520698635181
197,1,10,150,17,0.03855307727568851
198,1,10,150,17,0.060961917527339995
199,1,10,150,17,0.0
200,1,10,150,17,0.2828512213830278
201,1,10,150,17,0.1426863116669452
202,1,10,150,17,0.0
203,1,10,150,17,0.0
204,1,10,150,17,0.0
205,1,10,150,17,0.33118408514264214
206,1,10,150,17,0.0
207,1,10,150,17,0.23489046782697004
208,1,10,150,17,0.0
209,1,10,150,17,0.0
210,1,10,150,17,0.09714989491473823
211,1,10,150,17,0.0
212,1,10,150,17,0.0
213,1,10,150,17,0.40907253145233446
214,1,10,150,17,0.10925728679573742
215,1,10,150,17,0.1688393966451716
216,1,10,150,17,0.24608459186635784
217,1,10,150,17,0.04743759234968417
218,1,10,150,17,0.04258528250242427
219,1,10,150,17,0.0
220,1,10,150,17,0.0
221,1,10,150,17,0.10168471969061259
222,1,10,150,17,0.39427988551554505
223,1,10,150,17,0.19893959993313665
224,1,10,150,17,0.09942460513010813
225,1,10,150,17,0.059109628562248356
226,1,10,150,17,0.2556644309038243
227,1,10,150,17,0.09942460513010813
228,1,10,150,17,0.0
229,1,10,150,17,0.0
230,1,10,150,17,0.17821674052022296
231,1,10,150,17,0.0
232,1,10,150,17,0.04743759234968417
233,1,10,150,17,0.0
234,1,10,150,17,0.4950634756759942
235,1,10,150,17,0.295999389593827
236,1,10,150,17,0.09298966221320228
237,1,10,150,17,0.1869275803633094
238,1,10,150,17,0.0
239,1,10,150,17,0.169622657614511
240,1,10,150,17,0.0
241,1,10,150,17,0.0
242,1,10,150,17,0.0
243,1,10,150,17,0.2101123610403062
244,1,10,150,17,0.09871793232951877
245,1,10,150,17,0.06016179456846956
246,1,10,150,17,0.17590990340562926
247,1,10,150,17,0.0
248,1,10,150,17,0.0561326498270945
249,1,10,150,17,0.382529825763601
250,1,10,150,17,0.13587083279174184
251,1,10,150,17,0.14525389689706522
252,1,10,150,17,0.11004588314904008
253,1,10,150,17,0.20803740270637144
254,1,10,150,17,0.1665646864298017
255,1,10,150,17,0.0833427425316653
256,1,10,150,17,0.3042442575164794
257,1,10,150,17,0.08534645612932507
258,1,10,150,17,0.0
259,1,10,150,17,0.0
260,1,10,150,17,0.0
261,1,10,150,17,0.0
262,1,10,150,17,0.0
263,1,10,150,17,0.15712925308849565
264,1,10,150,17,0.13450944045755822
265,1,10,150,17,0.15758427078022966
266,1,10,150,17,0.0
267,1,10,150,17,0.08826537984074258
268,1,10,150,17,0.227929043085277
269,1,10,150,17,0.7252998685970037
270,1,10,150,17,0.09526437242857216
271,1,10,150,17,0.3232495511734533
272,1,10,150,17,0.228254374003583
273,1,10,150,17,0.0
274,1,10,150,17,0.15758427078022966
275,1,10,150,17,0.0
276,1,10,150,17,0.5607060860783881
277,1,10,150,17,0.09942460513010813
278,1,10,150,17,0.0
279,1,10,150,17,0.29217773920952855
280,1,10,150,17,0.3369513886356288
281,1,10,150,17,0.0
282,1,10,150,17,0.0
283,1,10,150,17,0.09468572710278302
284,1,10,150,17,0.0
285,1,10,150,17,0.0
286,1,10,150,17,0.3037397954594326
287,1,10,150,17,0.280333426850067
288,1,10,150,17,0.09646760851709721
289,1,10,150,17,0.0
290,1,10,150,17,0.25754995338999037
291,1,10,150,17,0.12806216781892915
292,1,10,150,17,0.11912709408011753
293,1,10,150,17,0.32150526642693217
294,1,10,150,17,0.0
295,1,10,150,17,0.19537494344837683
296,1,10,150,17,0.32978809402812426
297,1,10,150,17,0.2154459432682895
298,1,10,150,17,0.1846528701479395
299,1,10,150,17,0.27571825531802846
300,1,10,150,17,0.0
301,1,10,150,17,0.531703496410678
302,1,10,150,17,0.13927874459665815
303,1,10,150,17,0.3010562862629807
304,1,10,150,17,0.0
305,1,10,150,17,0.388304246994115
306,1,10,150,17,0.05252809026007655
307,1,10,150,17,0.17202861145253845
308,1,10,150,17,0.44068782260829137
309,1,10,150,17,0.0
310,1,10,150,17,0.039396067695057414
311,1,10,150,17,0.4052799755978289
312,1,10,150,17,0.07879213539011483
313,1,10,150,17,0.3771816190590958
314,1,10,150,17,0.2375267835055207
315,1,10,150,17,0.21126853516104502
316,1,10,150,17,0.13492478521720933
317,1,10,150,17,0.0
318,1,10,150,17,0.08813735236594238
319,1,10,150,17,0.06591877139737895
320,1,10,150,17,0.4177342653038959
321,1,10,150,17,0.227929043085277
322,1,10,150,17,0.17830713019314334
323,1,10,150,17,0.1933479276253498
324,1,10,150,17,0.0734773909038217
325,1,10,150,17,0.18878269600727743
326,1,10,150,17,0.295985853776023
327,1,10,150,17,0.03855307727568851
328,1,10,150,17,0.1810325282152454
329,1,10,150,17,0.0
330,1,10,150,17,0.16538993662283188
331,1,10,150,17,0.040334958690002705
332,1,10,150,17,0.16038652265744813
333,1,10,150,17,0.0
334,1,10,150,17,0.2698435717439856
335,1,10,150,17,0.0
336,1,10,150,17,0.040334958690002705
337,1,10,150,17,0.0
338,1,10,150,17,0.0377906726681472
339,1,10,150,17,0.513115108786936
340,1,10,150,17,0.19897370622983218
341,1,10,150,17,0.0
342,1,10,150,17,0.0561326498270945
343,1,10,150,17,0.34648464841919263
344,1,10,150,17,0.32487672725647265
345,1,10,150,17,0.15204308506310504
346,1,10,150,17,0.14003106549327782
347,1,10,150,17,0.342221358562493
348,1,10,150,17,0.19537494344837683
349,1,10,150,17,0.18672776492534796
350,1,10,150,17,0.0
351,1,10,150,17,0.0
352,1,10,150,17,0.0
353,1,10,150,17,0.0
354,1,10,150,17,0.20953794165986087
355,1,10,150,17,0.0
356,1,10,150,17,0.0
357,1,10,150,17,0.060961917527339995
358,1,10,150,17,0.06323567569191428
359,1,10,150,17,0.09336388246267398
360,1,10,150,17,0.08174769334786974
361,1,10,150,17,0.19537494344837683
362,1,10,150,17,0.0
363,1,10,150,17,0.13247060298536759
364,1,10,150,17,0.0
365,1,10,150,17,0.16038652265744813
366,1,10,150,17,0.044257815106106525
367,1,10,150,17,0.0
368,1,10,150,17,0.0
369,1,10,150,17,0.0
370,1,10,150,17,0.15195269539018466
371,1,10,150,17,0.0547726610138292
372,1,10,150,17,0.07879213539011483
373,1,10,150,17,0.18650798579190753
374,1,10,150,17,0.0377906726681472
375,1,10,150,17,0.0
376,1,10,150,17,0.0
377,1,10,150,17,0.05397642893687311
378,1,10,150,17,0.3193754446216062
379,1,10,150,17,0.14201967838061527
380,1,10,150,17,0.0
381,1,10,150,17,0.040334958690002705
382,1,10,150,17,0.0
383,1,10,150,17,0.06786785134613488
384,1,10,150,17,0.0
385,1,10,150,17,0.20192926418758708
386,1,10,150,17,0.14606834984270645
387,1,10,150,17,0.33108859048625033
388,1,10,150,17,0.0
389,1,10,150,17,0.17377516535786222
390,1,10,150,17,0.05307577057513386
391,1,10,150,17,0.11709456735443448
392,1,10,150,17,0.126229727739799
393,1,10,150,17,0.342221358562493
394,1,10,150,17,0.0
395,1,10,150,17,0.0
396,1,10,150,17,0.0
397,1,10,150,17,0.0
398,1,10,150,17,0.19411033223289115
399,1,10,150,17,0.0
400,1,10,150,17,0.0
401,1,10,150,17,0.0
402,1,10,150,17,0.0
403,1,10,150,17,0.0
404,1,10,150,17,0.0
405,1,10,150,17,0.28158477195345905
406,1,10,150,17,0.22545212212636453
407,1,10,150,17,0.05252809026007655
408,1,10,150,17,0.0
409,1,10,150,17,0.07888803596569122
410,1,10,150,17,0.0
411,1,10,150,17,0.0
412,1,10,150,17,0.1116390111176635
413,1,10,150,17,0.0
414,1,10,150,17,0.1309019901681972
415,1,10,150,17,0.0
416,1,10,150,17,0.19503647008087918
417,1,10,150,17,0.29004161254608035
418,1,10,150,17,0.0
419,1,10,150,17,0.0
420,1,10,150,17,0.19519002499605084
421,1,10,150,17,0.0
422,1,10,150,17,0.0
423,1,10,150,17,0.0
424,1,10,150,17,0.0
425,1,10,150,17,0.0
426,1,10,150,17,0.043599246064372175
427,1,10,150,17,0.0
428,1,10,150,17,0.0
429,1,10,150,17,0.21284452633976111
430,1,10,150,17,0.0
431,1,10,150,17,0.0
432,1,10,150,17,0.0
433,1,10,150,17,0.13012668333070054
434,1,10,150,17,0.0
435,1,10,150,17,0.08534645612932507
436,1,10,150,17,0.0
437,1,10,150,17,0.15758427078022966
438,1,10,150,17,0.0
439,1,10,150,17,0.18154179253735267
440,1,10,150,17,0.0
442,1,10,150,17,0.07879213539011483
444,1,10,150,17,0.0
445,1,10,150,17,0.0
446,1,10,150,17,0.0
447,1,10,150,17,0.0
448,1,10,150,17,0.0
449,1,10,150,17,0.0
450,1,10,150,17,0.12176539062017401
451,1,10,150,17,0.0
452,1,10,150,17,0.05780700008370542
453,1,10,150,17,0.09162544430476362
454,1,10,150,17,0.0
455,1,10,150,17,0.0
456,1,10,150,17,0.0
457,1,10,150,17,0.0
458,1,10,150,17,0.0
459,1,10,150,17,0.0
460,1,10,150,17,0.0
462,1,10,150,17,0.0
1,1,10,150,18,1.0
2,1,10,150,18,0.0
3,1,10,150,18,0.0
4,1,10,150,18,0.0
5,1,10,150,18,0.08372763748311092
6,1,10,150,18,0.3689542868260651
7,1,10,150,18,0.22953943459363552
8,1,10,150,18,0.11486594187573396
9,1,10,150,18,0.0
10,1,10,150,18,0.36919702160181794
11,1,10,150,18,0.24251121723036934
12,1,10,150,18,0.045740759208807255
13,1,10,150,18,0.3876615853131562
14,1,10,150,18,0.5096394352621546
15,1,10,150,18,0.09031879038481141
16,1,10,150,18,0.26710894854227374
17,1,10,150,18,0.10122860821230018
18,1,10,150,18,0.2284105484089753
19,1,10,150,18,0.13886244387355454
20,1,10,150,18,0.0
21,1,10,150,18,0.038892185327126634
22,1,10,150,18,0.0
23,1,10,150,18,0.0
24,1,10,150,18,0.10782491883622092
25,1,10,150,18,0.20618165592146273
26,1,10,150,18,0.0
27,1,10,150,18,0.0
28,1,10,150,18,0.3364713462556697
29,1,10,150,18,0.0
30,1,10,150,18,0.0
31,1,10,150,18,0.0
32,1,10,150,18,0.11873253845747851
33,1,10,150,18,0.0
34,1,10,150,18,0.0
35,1,10,150,18,0.0
36,1,10,150,18,0.0
37,1,10,150,18,0.16189473832002174
38,1,10,150,18,0.23190171393355358
39,1,10,150,18,0.0
40,1,10,150,18,0.09146158711483891
41,1,10,150,18,0.0
42,1,10,150,18,0.35368733103445993
43,1,10,150,18,0.4536331398943392
44,1,10,150,18,0.18068026884542465
45,1,10,150,18,0.04238468688770069
46,1,10,150,18,0.0
47,1,10,150,18,0.0
48,1,10,150,18,0.113960634822911
49,1,10,150,18,0.10938274830446466
50,1,10,150,18,0.0
51,1,10,150,18,0.0
52,1,10,150,18,0.0
53,1,10,150,18,0.056760172607960534
54,1,10,150,18,0.10116600888166546
55,1,10,150,18,0.0
56,1,10,150,18,0.29398808698544043
57,1,10,150,18,0.2781176735562875
58,1,10,150,18,0.18247600400633984
59,1,10,150,18,0.4919225692119751
60,1,10,150,18,0.2729578722362498
61,1,10,150,18,0.0
62,1,10,150,18,0.44648977300887494
63,1,10,150,18,0.0
64,1,10,150,18,0.3536866189519883
65,1,10,150,18,0.280498095504673
66,1,10,150,18,0.0
67,1,10,150,18,0.0
68,1,10,150,18,0.0
69,1,10,150,18,0.20259668412961954
70,1,10,150,18,0.0
71,1,10,150,18,0.0
72,1,10,150,18,0.19302042771041297
73,1,10,150,18,0.12855058240745837
74,1,10,150,18,0.0
75,1,10,150,18,0.12621631203562333
76,1,10,150,18,0.10205889972552892
77,1,10,150,18,0.32683775471632476
78,1,10,150,18,0.0
79,1,10,150,18,0.39476651019574194
80,1,10,150,18,0.08530460913930236
81,1,10,150,18,0.045740759208807255
82,1,10,150,18,0.4423543580676664
83,1,10,150,18,0.14586940093110615
84,1,10,150,18,0.041062015509212284
85,1,10,150,18,0.113960634822911
86,1,10,150,18,0.0
87,1,10,150,18,0.1206207438496628
88,1,10,150,18,0.0
89,1,10,150,18,0.10782491883622092
90,1,10,150,18,0.39531294662114674
91,1,10,150,18,0.03990894366504131
92,1,10,150,18,0.4983411779954625
93,1,10,150,18,0.0
94,1,10,150,18,0.614821576377541
95,1,10,150,18,0.3158792528395124
96,1,10,150,18,0.2752127098261885
97,1,10,150,18,0.07904889378351596
98,1,10,150,18,0.15172757018789687
99,1,10,150,18,0.2924627073924916
100,1,10,150,18,0.0
101,1,10,150,18,0.0
102,1,10,150,18,0.0
103,1,10,150,18,0.12130357238836831
104,1,10,150,18,0.0
105,1,10,150,18,0.0
106,1,10,150,18,0.3612435615608097
107,1,10,150,18,0.0
108,1,10,150,18,0.0
109,1,10,150,18,0.22762625570923428
110,1,10,150,18,0.0
111,1,10,150,18,0.0
112,1,10,150,18,0.0
113,1,10,150,18,0.0
114,1,10,150,18,0.07995420083633892
115,1,10,150,18,0.4082294915885435
116,1,10,150,18,0.050649171032404884
117,1,10,150,18,0.27982898654691485
118,1,10,150,18,0.11352189302252763
119,1,10,150,18,0.09522022989870128
120,1,10,150,18,0.0845667599404342
121,1,10,150,18,0.07597375654860733
122,1,10,150,18,0.0
123,1,10,150,18,0.0
124,1,10,150,18,0.13886244387355454
125,1,10,150,18,0.270010942596935
126,1,10,150,18,0.0
127,1,10,150,18,0.0
128,1,10,150,18,0.2595417280702165
129,1,10,150,18,0.0
130,1,10,150,18,0.33698916914063587
131,1,10,150,18,0.15029473661519027
132,1,10,150,18,0.0
133,1,10,150,18,0.0
134,1,10,150,18,0.0
135,1,10,150,18,0.03643890790473651
136,1,10,150,18,0.20488712031902198
137,1,10,150,18,0.10534917561356154
138,1,10,150,18,0.0
139,1,10,150,18,0.06016179456846956
140,1,10,150,18,0.0
141,1,10,150,18,0.15194751309721466
142,1,10,150,18,0.04395738023645723
143,1,10,150,18,0.0
144,1,10,150,18,0.2879313665237539
145,1,10,150,18,0.39556795889676777
146,1,10,150,18,0.0
147,1,10,150,18,0.0
148,1,10,150,18,0.227921269645822
149,1,10,150,18,0.0
150,1,10,150,18,0.0
151,1,10,150,18,0.27440036858129996
152,1,10,150,18,0.08498469699209364
153,1,10,150,18,0.16952307587808224
154,1,10,150,18,0.05878132199396477
155,1,10,150,18,0.0
156,1,10,150,18,0.0
157,1,10,150,18,0.0
158,1,10,150,18,0.36238133425180646
159,1,10,150,18,0.0
160,1,10,150,18,0.2734945659518117
161,1,10,150,18,0.07597375654860733
162,1,10,150,18,0.05412479622841819
163,1,10,150,18,0.0
164,1,10,150,18,0.0
165,1,10,150,18,0.051573320538546435
166,1,10,150,18,0.0
167,1,10,150,18,0.13099002884567962
168,1,10,150,18,0.037174041452749815
169,1,10,150,18,0.0
170,1,10,150,18,0.0
171,1,10,150,18,0.0
172,1,10,150,18,0.0
173,1,10,150,18,0.0
174,1,10,150,18,0.14121287516555958
175,1,10,150,18,0.0
176,1,10,150,18,0.07597375654860733
177,1,10,150,18,0.24695814181659026
178,1,10,150,18,0.3978118830060531
179,1,10,150,18,0.0
180,1,10,150,18,0.08370390244408907
181,1,10,150,18,0.11290611822238296
182,1,10,150,18,0.04195229264874745
183,1,10,150,18,0.0
184,1,10,150,18,0.2961559877165829
185,1,10,150,18,0.0
186,1,10,150,18,0.045740759208807255
187,1,10,150,18,0.041062015509212284
188,1,10,150,18,0.037174041452749815
189,1,10,150,18,0.3329097914700712
190,1,10,150,18,0.037174041452749815
191,1,10,150,18,0.0
192,1,10,150,18,0.0
193,1,10,150,18,0.0
194,1,10,150,18,0.1613084389427417
195,1,10,150,18,0.13783021577748072
196,1,10,150,18,0.043922681482881344
197,1,10,150,18,0.07294384039972815
198,1,10,150,18,0.05878132199396477
199,1,10,150,18,0.0
200,1,10,150,18,0.2727336900622497
201,1,10,150,18,0.1375824509861327
202,1,10,150,18,0.0
203,1,10,150,18,0.0
204,1,10,150,18,0.0
205,1,10,150,18,0.33118408514264214
206,1,10,150,18,0.0
207,1,10,150,18,0.22648848301823765
208,1,10,150,18,0.0
209,1,10,150,18,0.0
210,1,10,150,18,0.09367486270591797
211,1,10,150,18,0.0
212,1,10,150,18,0.0
213,1,10,150,18,0.394440089247553
214,1,10,150,18,0.10534917561356154
215,1,10,150,18,0.1628000453728447
216,1,10,150,18,0.23728219549134902
217,1,10,150,18,0.045740759208807255
218,1,10,150,18,0.041062015509212284
219,1,10,150,18,0.0
220,1,10,150,18,0.0
221,1,10,150,18,0.09804747771129953
222,1,10,150,18,0.38017657328181637
223,1,10,150,18,0.19182357044093606
224,1,10,150,18,0.09586820699422145
225,1,10,150,18,0.059109628562248356
226,1,10,150,18,0.24651936561250087
227,1,10,150,18,0.09586820699422145
228,1,10,150,18,0.0
229,1,10,150,18,0.0
230,1,10,150,18,0.1718419635428288
231,1,10,150,18,0.0
232,1,10,150,18,0.045740759208807255
233,1,10,150,18,0.0
234,1,10,150,18,0.47735515468507156
235,1,10,150,18,0.2854115509396275
236,1,10,150,18,0.0896634406916886
237,1,10,150,18,0.1802412183960687
238,1,10,150,18,0.0
239,1,10,150,18,0.16355528925478782
240,1,10,150,18,0.0
241,1,10,150,18,0.0
242,1,10,150,18,0.0
243,1,10,150,18,0.20259668412961954
244,1,10,150,18,0.09518681173763048
245,1,10,150,18,0.06016179456846956
246,1,10,150,18,0.16961764152802752
247,1,10,150,18,0.0
248,1,10,150,18,0.05412479622841819
249,1,10,150,18,0.36884681080481435
250,1,10,150,18,0.13101076042002274
251,1,10,150,18,0.1400581942087921
252,1,10,150,18,0.11004588314904008
253,1,10,150,18,0.2363657455850913
254,1,10,150,18,0.16060670108454123
255,1,10,150,18,0.08036158938761785
256,1,10,150,18,0.2933615015943422
257,1,10,150,18,0.082293630552742
258,1,10,150,18,0.0
259,1,10,150,18,0.0
260,1,10,150,18,0.0
261,1,10,150,18,0.0
262,1,10,150,18,0.0
263,1,10,150,18,0.1515087712968313
264,1,10,150,18,0.12969806481592083
265,1,10,150,18,0.15194751309721466
266,1,10,150,18,0.0
267,1,10,150,18,0.08510814494986053
268,1,10,150,18,0.2197760670399395
269,1,10,150,18,0.6993560381210191
270,1,10,150,18,0.09185678497999207
271,1,10,150,18,0.31168697971827786
272,1,10,150,18,0.22008976093670646
273,1,10,150,18,0.0
274,1,10,150,18,0.15194751309721466
275,1,10,150,18,0.0
276,1,10,150,18,0.5764195410579954
277,1,10,150,18,0.09586820699422145
278,1,10,150,18,0.0
279,1,10,150,18,0.28172660022122104
280,1,10,150,18,0.3248987052092272
281,1,10,150,18,0.0
282,1,10,150,18,0.0
283,1,10,150,18,0.091298837681168
284,1,10,150,18,0.0
285,1,10,150,18,0.0
286,1,10,150,18,0.29287508404365237
287,1,10,150,18,0.2703059565335227
288,1,10,150,18,0.09301698155554483
289,1,10,150,18,0.0
290,1,10,150,18,0.24833744333842678
291,1,10,150,18,0.12348140982333185
292,1,10,150,18,0.11486594187573396
293,1,10,150,18,0.31000508768644613
294,1,10,150,18,0.0
295,1,10,150,18,0.18838642100195116
296,1,10,150,18,0.3537614391566094
297,1,10,150,18,0.2077394851936407
298,1,10,150,18,0.1780478741077652
299,1,10,150,18,0.26585586875929096
300,1,10,150,18,0.0
301,1,10,150,18,0.5484543681916411
302,1,10,150,18,0.13927874459665815
303,1,10,150,18,0.2902875634316299
304,1,10,150,18,0.0
305,1,10,150,18,0.3744146821488777
306,1,10,150,18,0.05252809026007655
307,1,10,150,18,0.20164498155473162
308,1,10,150,18,0.46069430674218953
309,1,10,150,18,0.0
310,1,10,150,18,0.039396067695057414
311,1,10,150,18,0.39078319235345826
312,1,10,150,18,0.07597375654860733
313,1,10,150,18,0.36368990837885623
314,1,10,150,18,0.2648002971619841
315,1,10,150,18,0.20371150213451183
316,1,10,150,18,0.1300985527770255
317,1,10,150,18,0.0
318,1,10,150,18,0.08498469699209364
319,1,10,150,18,0.06591877139737895
320,1,10,150,18,0.40279199462071186
321,1,10,150,18,0.2197760670399395
322,1,10,150,18,0.17192911999532193
323,1,10,150,18,0.18643191112737614
324,1,10,150,18,0.0734773909038217
325,1,10,150,18,0.1820299769264286
326,1,10,150,18,0.32116829824228327
327,1,10,150,18,0.037174041452749815
328,1,10,150,18,0.1745570310781229
329,1,10,150,18,0.0
330,1,10,150,18,0.15947397184197973
331,1,10,150,18,0.038892185327126634
332,1,10,150,18,0.15464952898818624
333,1,10,150,18,0.0
334,1,10,150,18,0.2601913214355687
335,1,10,150,18,0.0
336,1,10,150,18,0.038892185327126634
337,1,10,150,18,0.0
338,1,10,150,18,0.03643890790473651
339,1,10,150,18,0.49476108450897044
340,1,10,150,18,0.19897370622983218
341,1,10,150,18,0.0
342,1,10,150,18,0.05412479622841819
343,1,10,150,18,0.369860761154002
344,1,10,150,18,0.34902575098693467
345,1,10,150,18,0.14660453447911945
346,1,10,150,18,0.17079198138123047
347,1,10,150,18,0.3299801693713509
348,1,10,150,18,0.18838642100195116
349,1,10,150,18,0.18672776492534796
350,1,10,150,18,0.0
351,1,10,150,18,0.0
352,1,10,150,18,0.0
353,1,10,150,18,0.0
354,1,10,150,18,0.202042811614924
355,1,10,150,18,0.0
356,1,10,150,18,0.0
357,1,10,150,18,0.05878132199396477
358,1,10,150,18,0.06323567569191428
359,1,10,150,18,0.09336388246267398
360,1,10,150,18,0.0788235947924372
361,1,10,150,18,0.18838642100195116
362,1,10,150,18,0.0
363,1,10,150,18,0.16350195509717433
364,1,10,150,18,0.0
365,1,10,150,18,0.15464952898818624
366,1,10,150,18,0.044257815106106525
367,1,10,150,18,0.0
368,1,10,150,18,0.0
369,1,10,150,18,0.0
370,1,10,150,18,0.14651737802662632
371,1,10,150,18,0.0547726610138292
372,1,10,150,18,0.07597375654860733
373,1,10,150,18,0.1798366326381251
374,1,10,150,18,0.03643890790473651
375,1,10,150,18,0.0
376,1,10,150,18,0.0
377,1,10,150,18,0.05397642893687311
378,1,10,150,18,0.30795144917888956
379,1,10,150,18,0.13693966303842617
380,1,10,150,18,0.0
381,1,10,150,18,0.038892185327126634
382,1,10,150,18,0.0
383,1,10,150,18,0.06544023194852022
384,1,10,150,18,0.0
385,1,10,150,18,0.19470629500608583
386,1,10,150,18,0.14606834984270645
387,1,10,150,18,0.31924561817091873
388,1,10,150,18,0.0
389,1,10,150,18,0.16755926263103357
390,1,10,150,18,0.05307577057513386
391,1,10,150,18,0.11290611822238296
392,1,10,150,18,0.12171451575741458
393,1,10,150,18,0.3299801693713509
394,1,10,150,18,0.0
395,1,10,150,18,0.0
396,1,10,150,18,0.0
397,1,10,150,18,0.0
398,1,10,150,18,0.18716704467538947
399,1,10,150,18,0.0
400,1,10,150,18,0.0
401,1,10,150,18,0.0
402,1,10,150,18,0.0
403,1,10,150,18,0.0
404,1,10,150,18,0.0
405,1,10,150,18,0.2715125412741531
406,1,10,150,18,0.21738774504573488
407,1,10,150,18,0.050649171032404884
408,1,10,150,18,0.0
409,1,10,150,18,0.11183602572685479
410,1,10,150,18,0.0
411,1,10,150,18,0.0
412,1,10,150,18,0.1116390111176635
413,1,10,150,18,0.0
414,1,10,150,18,0.1309019901681972
415,1,10,150,18,0.0
416,1,10,150,18,0.2238298537057361
417,1,10,150,18,0.2796668823790497
418,1,10,150,18,0.0
419,1,10,150,18,0.0
420,1,10,150,18,0.19519002499605084
421,1,10,150,18,0.0
422,1,10,150,18,0.0
423,1,10,150,18,0.0
424,1,10,150,18,0.0
425,1,10,150,18,0.0
426,1,10,150,18,0.043599246064372175
427,1,10,150,18,0.0
428,1,10,150,18,0.0
429,1,10,150,18,0.24100091937260135
430,1,10,150,18,0.0
431,1,10,150,18,0.0
432,1,10,150,18,0.0
433,1,10,150,18,0.13012668333070054
434,1,10,150,18,0.0
435,1,10,150,18,0.11806342949972033
436,1,10,150,18,0.0
437,1,10,150,18,0.15194751309721466
438,1,10,150,18,0.0
439,1,10,150,18,0.18154179253735267
440,1,10,150,18,0.0
442,1,10,150,18,0.07597375654860733
444,1,10,150,18,0.0
445,1,10,150,18,0.0
446,1,10,150,18,0.0
447,1,10,150,18,0.0
448,1,10,150,18,0.0
449,1,10,150,18,0.0
450,1,10,150,18,0.11740986707899011
451,1,10,150,18,0.0
452,1,10,150,18,0.05780700008370542
453,1,10,150,18,0.09162544430476362
454,1,10,150,18,0.0
455,1,10,150,18,0.0
456,1,10,150,18,0.0
457,1,10,150,18,0.0
458,1,10,150,18,0.0
459,1,10,150,18,0.0
460,1,10,150,18,0.0
462,1,10,150,18,0.0
1,1,10,150,19,1.0
2,1,10,150,19,0.0
3,1,10,150,19,0.0
4,1,10,150,19,0.0
5,1,10,150,19,0.08088397185450955
6,1,10,150,19,0.3564233871672272
7,1,10,150,19,0.22174352131835431
8,1,10,150,19,0.11096471713527908
9,1,10,150,19,0.0
10,1,10,150,19,0.39062116304438665
11,1,10,150,19,0.23427473960220993
12,1,10,150,19,0.04418725275982313
13,1,10,150,19,0.37449532434100696
14,1,10,150,19,0.49233040578754245
15,1,10,150,19,0.08725126755059853
16,1,10,150,19,0.2580370511509884
17,1,10,150,19,0.10122860821230018
18,1,10,150,19,0.25461626098892687
19,1,10,150,19,0.13886244387355454
20,1,10,150,19,0.0
21,1,10,150,19,0.03757127894590629
22,1,10,150,19,0.0
23,1,10,150,19,0.0
24,1,10,150,19,0.10416283036915835
25,1,10,150,19,0.23314233471602133
26,1,10,150,19,0.0
27,1,10,150,19,0.0
28,1,10,150,19,0.3250436739706433
29,1,10,150,19,0.0
30,1,10,150,19,0.0
31,1,10,150,19,0.0
32,1,10,150,19,0.11469999139467348
33,1,10,150,19,0.0
34,1,10,150,19,0.0
35,1,10,150,19,0.0
36,1,10,150,19,0.0
37,1,10,150,19,0.1563962611546422
38,1,10,150,19,0.22402556989139524
39,1,10,150,19,0.0
40,1,10,150,19,0.09146158711483891
41,1,10,150,19,0.0
42,1,10,150,19,0.3416749473488778
43,1,10,150,19,0.47218955337253776
44,1,10,150,19,0.174543773349707
45,1,10,150,19,0.04094516368001556
46,1,10,150,19,0.0
47,1,10,150,19,0.0
48,1,10,150,19,0.1100901572840592
49,1,10,150,19,0.10566775083092309
50,1,10,150,19,0.0
51,1,10,150,19,0.0
52,1,10,150,19,0.0
53,1,10,150,19,0.056760172607960534
54,1,10,150,19,0.09773007887232292
55,1,10,150,19,0.0
56,1,10,150,19,0.3179665709218537
57,1,10,150,19,0.2686718836979731
58,1,10,150,19,0.2102418046170756
59,1,10,150,19,0.5091785478831926
60,1,10,150,19,0.29765061135341436
61,1,10,150,19,0.0
62,1,10,150,19,0.4313255135218748
63,1,10,150,19,0.0
64,1,10,150,19,0.3416742594510663
65,1,10,150,19,0.2709714586968963
66,1,10,150,19,0.0
67,1,10,150,19,0.0
68,1,10,150,19,0.0
69,1,10,150,19,0.22967912034347743
70,1,10,150,19,0.0
71,1,10,150,19,0.0
72,1,10,150,19,0.1864648198800982
73,1,10,150,19,0.12418458231815073
74,1,10,150,19,0.0
75,1,10,150,19,0.12192959143662248
76,1,10,150,19,0.09859264420982895
77,1,10,150,19,0.315737270847978
78,1,10,150,19,0.0
79,1,10,150,19,0.3813589426336811
80,1,10,150,19,0.08530460913930236
81,1,10,150,19,0.04418725275982313
82,1,10,150,19,0.4273305508576183
83,1,10,150,19,0.14091519686944093
84,1,10,150,19,0.039667414566743345
85,1,10,150,19,0.1100901572840592
86,1,10,150,19,0.0
87,1,10,150,19,0.11652406712866005
88,1,10,150,19,0.0
89,1,10,150,19,0.10416283036915835
90,1,10,150,19,0.3818868202829416
91,1,10,150,19,0.038553504830439546
92,1,10,150,19,0.4814158744543436
93,1,10,150,19,0.0
94,1,10,150,19,0.6279035010210613
95,1,10,150,19,0.33911424086728026
96,1,10,150,19,0.26586558207945327
97,1,10,150,19,0.07636413366142976
98,1,10,150,19,0.15172757018789687
99,1,10,150,19,0.28252971305919883
100,1,10,150,19,0.0
101,1,10,150,19,0.0
102,1,10,150,19,0.0
103,1,10,150,19,0.12130357238836831
104,1,10,150,19,0.0
105,1,10,150,19,0.0
106,1,10,150,19,0.34897454346303725
107,1,10,150,19,0.0
108,1,10,150,19,0.0
109,1,10,150,19,0.2538586054458053
110,1,10,150,19,0.0
111,1,10,150,19,0.0
112,1,10,150,19,0.0
113,1,10,150,19,0.0
114,1,10,150,19,0.07723869351264964
115,1,10,150,19,0.3943646769501761
116,1,10,150,19,0.0489289587929152
117,1,10,150,19,0.3042883600492981
118,1,10,150,19,0.10966631659655907
119,1,10,150,19,0.09198623807652574
120,1,10,150,19,0.0845667599404342
121,1,10,150,19,0.0733934381893728
122,1,10,150,19,0.0
123,1,10,150,19,0.0
124,1,10,150,19,0.18978688349077963
125,1,10,150,19,0.2608404839540043
126,1,10,150,19,0.0
127,1,10,150,19,0.0
128,1,10,150,19,0.2507268383457817
129,1,10,150,19,0.0
130,1,10,150,19,0.3255439098892989
131,1,10,150,19,0.15029473661519027
132,1,10,150,19,0.0
133,1,10,150,19,0.0
134,1,10,150,19,0.0
135,1,10,150,19,0.03520132288421838
136,1,10,150,19,0.20488712031902198
137,1,10,150,19,0.10177117151958236
138,1,10,150,19,0.0
139,1,10,150,19,0.06016179456846956
140,1,10,150,19,0.0
141,1,10,150,19,0.1467868763787456
142,1,10,150,19,0.04395738023645723
143,1,10,150,19,0.0
144,1,10,150,19,0.27815227141259674
145,1,10,150,19,0.41609645667573997
146,1,10,150,19,0.0
147,1,10,150,19,0.0
148,1,10,150,19,0.2201803145681184
149,1,10,150,19,0.0
150,1,10,150,19,0.0
151,1,10,150,19,0.26508083061192167
152,1,10,150,19,0.08209833749291073
153,1,10,150,19,0.16952307587808224
154,1,10,150,19,0.05678491519230736
155,1,10,150,19,0.0
156,1,10,150,19,0.0
157,1,10,150,19,0.0
158,1,10,150,19,0.35007367365566894
159,1,10,150,19,0.0
160,1,10,150,19,0.26420579201544814
161,1,10,150,19,0.10735672336118941
162,1,10,150,19,0.05228654033924596
163,1,10,150,19,0.0
164,1,10,150,19,0.0
165,1,10,150,19,0.051573320538546435
166,1,10,150,19,0.0
167,1,10,150,19,0.1605044623131459
168,1,10,150,19,0.03591148888190114
169,1,10,150,19,0.0
170,1,10,150,19,0.0
171,1,10,150,19,0.0
172,1,10,150,19,0.0
173,1,10,150,19,0.0
174,1,10,150,19,0.13641682201637953
175,1,10,150,19,0.0
176,1,10,150,19,0.0733934381893728
177,1,10,150,19,0.23857063202057147
178,1,10,150,19,0.38430088457878114
179,1,10,150,19,0.0
180,1,10,150,19,0.08086104293538655
181,1,10,150,19,0.10907145553155331
182,1,10,150,19,0.04195229264874745
183,1,10,150,19,0.0
184,1,10,150,19,0.2860975574504236
185,1,10,150,19,0.0
186,1,10,150,19,0.04418725275982313
187,1,10,150,19,0.039667414566743345
188,1,10,150,19,0.03591148888190114
189,1,10,150,19,0.3216030812858832
190,1,10,150,19,0.03591148888190114
191,1,10,150,19,0.0
192,1,10,150,19,0.0
193,1,10,150,19,0.0
194,1,10,150,19,0.15582987443030877
195,1,10,150,19,0.13314904885373713
196,1,10,150,19,0.043922681482881344
197,1,10,150,19,0.0704664279467047
198,1,10,150,19,0.05678491519230736
199,1,10,150,19,0.0
200,1,10,150,19,0.29743404314252025
201,1,10,150,19,0.13290969896865318
202,1,10,150,19,0.0
203,1,10,150,19,0.0
204,1,10,150,19,0.0
205,1,10,150,19,0.33118408514264214
206,1,10,150,19,0.0
207,1,10,150,19,0.2187961900813571
208,1,10,150,19,0.0
209,1,10,150,19,0.0
210,1,10,150,19,0.09049335663040611
211,1,10,150,19,0.0
212,1,10,150,19,0.0
213,1,10,150,19,0.38104360801324155
214,1,10,150,19,0.10177117151958236
215,1,10,150,19,0.1572708210058621
216,1,10,150,19,0.22922331261968157
217,1,10,150,19,0.04418725275982313
218,1,10,150,19,0.039667414566743345
219,1,10,150,19,0.0
220,1,10,150,19,0.0
221,1,10,150,19,0.09471746326541333
222,1,10,150,19,0.367264527907802
223,1,10,150,19,0.18530861181537447
224,1,10,150,19,0.09261220774116596
225,1,10,150,19,0.059109628562248356
226,1,10,150,19,0.23814675809782818
227,1,10,150,19,0.09261220774116596
228,1,10,150,19,0.0
229,1,10,150,19,0.0
230,1,10,150,19,0.16600564593053876
231,1,10,150,19,0.0
232,1,10,150,19,0.04418725275982313
233,1,10,150,19,0.0
234,1,10,150,19,0.46114260543826585
235,1,10,150,19,0.27571803704373443
236,1,10,150,19,0.08661817568599052
237,1,10,150,19,0.17411963449596732
238,1,10,150,19,0.0
239,1,10,150,19,0.1580004143244685
240,1,10,150,19,0.0
241,1,10,150,19,0.047978870624887156
242,1,10,150,19,0.0
243,1,10,150,19,0.1957158351716608
244,1,10,150,19,0.0919539549059893
245,1,10,150,19,0.06016179456846956
246,1,10,150,19,0.16385686919864015
247,1,10,150,19,0.0
248,1,10,150,19,0.08624982551106258
249,1,10,150,19,0.39028284655655193
250,1,10,150,19,0.12656120460330095
251,1,10,150,19,0.1353013578182292
252,1,10,150,19,0.11004588314904008
253,1,10,150,19,0.2623012735347524
254,1,10,150,19,0.15515196989510222
255,1,10,150,19,0.07763224581038576
256,1,10,150,19,0.28339798125726123
257,1,10,150,19,0.0794986685104551
258,1,10,150,19,0.0
259,1,10,150,19,0.0
260,1,10,150,19,0.0
261,1,10,150,19,0.0
262,1,10,150,19,0.0
263,1,10,150,19,0.18032632086306205
264,1,10,150,19,0.12529309245434495
265,1,10,150,19,0.1807501615505622
266,1,10,150,19,0.0
267,1,10,150,19,0.08221759275248412
268,1,10,150,19,0.21231174980112172
269,1,10,150,19,0.6756036095616831
270,1,10,150,19,0.08873702679675036
271,1,10,150,19,0.3011010659417638
272,1,10,150,19,0.21261478962261612
273,1,10,150,19,0.0
274,1,10,150,19,0.1467868763787456
275,1,10,150,19,0.0
276,1,10,150,19,0.5908057249782517
277,1,10,150,19,0.09261220774116596
278,1,10,150,19,0.0
279,1,10,150,19,0.27215823935742134
280,1,10,150,19,0.31386407783225223
281,1,10,150,19,0.0
282,1,10,150,19,0.0
283,1,10,150,19,0.0881980292211471
284,1,10,150,19,0.0
285,1,10,150,19,0.0
286,1,10,150,19,0.28292808404455805
287,1,10,150,19,0.261125478248134
288,1,10,150,19,0.12382110445696887
289,1,10,150,19,0.0
290,1,10,150,19,0.23990308793148393
291,1,10,150,19,0.11928757548808407
292,1,10,150,19,0.11096471713527908
293,1,10,150,19,0.3334395816604539
294,1,10,150,19,0.0
295,1,10,150,19,0.18198819926296397
296,1,10,150,19,0.3417465385157412
297,1,10,150,19,0.2006839698165627
298,1,10,150,19,0.17200078338520747
299,1,10,150,19,0.25682653007401807
300,1,10,150,19,0.0
301,1,10,150,19,0.5637903412528364
302,1,10,150,19,0.13927874459665815
303,1,10,150,19,0.2804284441329697
304,1,10,150,19,0.0
305,1,10,150,19,0.36169832952654024
306,1,10,150,19,0.05252809026007655
307,1,10,150,19,0.19479645554272254
308,1,10,150,19,0.4790108997970888
309,1,10,150,19,0.0
310,1,10,150,19,0.039396067695057414
311,1,10,150,19,0.3775109113512049
312,1,10,150,19,0.0733934381893728
313,1,10,150,19,0.35133780430647327
314,1,10,150,19,0.2558068091558898
315,1,10,150,19,0.19679279029473826
316,1,10,150,19,0.12567997852861876
317,1,10,150,19,0.0
318,1,10,150,19,0.08209833749291073
319,1,10,150,19,0.06591877139737895
320,1,10,150,19,0.38911185524248376
321,1,10,150,19,0.21231174980112172
322,1,10,150,19,0.1660898422635813
323,1,10,150,19,0.18010007096463027
324,1,10,150,19,0.0734773909038217
325,1,10,150,19,0.1758476409102571
326,1,10,150,19,0.34422365291275014
327,1,10,150,19,0.03591148888190114
328,1,10,150,19,0.16862850085287096
329,1,10,150,19,0.0
330,1,10,150,19,0.1540577118588283
331,1,10,150,19,0.03757127894590629
332,1,10,150,19,0.14939712293347332
333,1,10,150,19,0.0
334,1,10,150,19,0.2513543693864207
335,1,10,150,19,0.0
336,1,10,150,19,0.03757127894590629
337,1,10,150,19,0.0
338,1,10,150,19,0.03520132288421838
339,1,10,150,19,0.47795737270387495
340,1,10,150,19,0.19897370622983218
341,1,10,150,19,0.0
342,1,10,150,19,0.05228654033924596
343,1,10,150,19,0.35729907464906346
344,1,10,150,19,0.337171689873858
345,1,10,150,19,0.14162536286712368
346,1,10,150,19,0.16499132461252014
347,1,10,150,19,0.35273624394976394
348,1,10,150,19,0.18198819926296397
349,1,10,150,19,0.18672776492534796
350,1,10,150,19,0.0
351,1,10,150,19,0.0
352,1,10,150,19,0.0
353,1,10,150,19,0.0
354,1,10,150,19,0.19518077398713068
355,1,10,150,19,0.0
356,1,10,150,19,0.0
357,1,10,150,19,0.05678491519230736
358,1,10,150,19,0.06323567569191428
359,1,10,150,19,0.09336388246267398
360,1,10,150,19,0.07614648656423394
361,1,10,150,19,0.18198819926296397
362,1,10,150,19,0.0
363,1,10,150,19,0.15794889157005942
364,1,10,150,19,0.0
365,1,10,150,19,0.14939712293347332
366,1,10,150,19,0.044257815106106525
367,1,10,150,19,0.0
368,1,10,150,19,0.0
369,1,10,150,19,0.0
370,1,10,150,19,0.14154116653408116
371,1,10,150,19,0.0547726610138292
372,1,10,150,19,0.0733934381893728
373,1,10,150,19,0.17372878979949724
374,1,10,150,19,0.03520132288421838
375,1,10,150,19,0.0
376,1,10,150,19,0.0
377,1,10,150,19,0.05397642893687311
378,1,10,150,19,0.33145569146316933
379,1,10,150,19,0.13228874221131962
380,1,10,150,19,0.0
381,1,10,150,19,0.03757127894590629
382,1,10,150,19,0.0
383,1,10,150,19,0.0632176666891428
384,1,10,150,19,0.0
385,1,10,150,19,0.18809342958404626
386,1,10,150,19,0.14606834984270645
387,1,10,150,19,0.3084029882011269
388,1,10,150,19,0.0
389,1,10,150,19,0.16186839961111646
390,1,10,150,19,0.05307577057513386
391,1,10,150,19,0.10907145553155331
392,1,10,150,19,0.11758069094919595
393,1,10,150,19,0.3187729587779473
394,1,10,150,19,0.03396328517181661
395,1,10,150,19,0.0
396,1,10,150,19,0.0
397,1,10,150,19,0.0
398,1,10,150,19,0.18081023696231308
399,1,10,150,19,0.0
400,1,10,150,19,0.0
401,1,10,150,19,0.0
402,1,10,150,19,0.0
403,1,10,150,19,0.0
404,1,10,150,19,0.0
405,1,10,150,19,0.26229108340713436
406,1,10,150,19,0.2100045430678884
407,1,10,150,19,0.0489289587929152
408,1,10,150,19,0.0
409,1,10,150,19,0.108037706892611
410,1,10,150,19,0.0
411,1,10,150,19,0.0
412,1,10,150,19,0.1116390111176635
413,1,10,150,19,0.0
414,1,10,150,19,0.1309019901681972
415,1,10,150,19,0.0
416,1,10,150,19,0.2162278565543622
417,1,10,150,19,0.27016847629969715
418,1,10,150,19,0.0
419,1,10,150,19,0.0
420,1,10,150,19,0.19519002499605084
421,1,10,150,19,0.0
422,1,10,150,19,0.0
423,1,10,150,19,0.0
424,1,10,150,19,0.0
425,1,10,150,19,0.0
426,1,10,150,19,0.043599246064372175
427,1,10,150,19,0.0
428,1,10,150,19,0.0
429,1,10,150,19,0.2328157364212797
430,1,10,150,19,0.0
431,1,10,150,19,0.0
432,1,10,150,19,0.0
433,1,10,150,19,0.13012668333070054
434,1,10,150,19,0.0
435,1,10,150,19,0.11405360757525866
436,1,10,150,19,0.0
437,1,10,150,19,0.1467868763787456
438,1,10,150,19,0.0
439,1,10,150,19,0.18154179253735267
440,1,10,150,19,0.0
442,1,10,150,19,0.0733934381893728
444,1,10,150,19,0.0
445,1,10,150,19,0.0
446,1,10,150,19,0.0
447,1,10,150,19,0.0
448,1,10,150,19,0.0
449,1,10,150,19,0.0
450,1,10,150,19,0.11342224228140128
451,1,10,150,19,0.0
452,1,10,150,19,0.05780700008370542
453,1,10,150,19,0.09162544430476362
454,1,10,150,19,0.0
455,1,10,150,19,0.0
456,1,10,150,19,0.0
457,1,10,150,19,0.0
458,1,10,150,19,0.0
459,1,10,150,19,0.0
460,1,10,150,19,0.0
462,1,10,150,19,0.0
1,1,10,150,20,1.0
2,1,10,150,20,0.0
3,1,10,150,20,0.0
4,1,10,150,20,0.0
5,1,10,150,20,0.0782683224234459
6,1,10,150,20,0.34489726390094316
7,1,10,150,20,0.21457271476570772
8,1,10,150,20,0.10737630780536749
9,1,10,150,20,0.0
10,1,10,150,20,0.377989142145162
11,1,10,150,20,0.2590369860125767
12,1,10,150,20,0.04275831251503158
13,1,10,150,20,0.362384785508783
14,1,10,150,20,0.4764092817840145
15,1,10,150,20,0.08442971065748733
16,1,10,150,20,0.24969257386381385
17,1,10,150,20,0.10122860821230018
18,1,10,150,20,0.2787206973582902
19,1,10,150,20,0.13886244387355454
20,1,10,150,20,0.0
21,1,10,150,20,0.036356287988538835
22,1,10,150,20,0.0
23,1,10,150,20,0.0
24,1,10,150,20,0.10079438243384747
25,1,10,150,20,0.2256029100169756
26,1,10,150,20,0.0
27,1,10,150,20,0.0
28,1,10,150,20,0.3145323170058611
29,1,10,150,20,0.0
30,1,10,150,20,0.0
31,1,10,150,20,0.0
32,1,10,150,20,0.11469999139467348
33,1,10,150,20,0.0
34,1,10,150,20,0.0
35,1,10,150,20,0.0
36,1,10,150,20,0.0
37,1,10,150,20,0.15133867332691472
38,1,10,150,20,0.21678096578757905
39,1,10,150,20,0.0
40,1,10,150,20,0.09146158711483891
41,1,10,150,20,0.0
42,1,10,150,20,0.330625763423423
43,1,10,150,20,0.45691975011838154
44,1,10,150,20,0.16889932598899784
45,1,10,150,20,0.04094516368001556
46,1,10,150,20,0.0
47,1,10,150,20,0.0
48,1,10,150,20,0.10653002972524298
49,1,10,150,20,0.10225063633956458
50,1,10,150,20,0.0
51,1,10,150,20,0.0
52,1,10,150,20,0.0
53,1,10,150,20,0.056760172607960534
54,1,10,150,20,0.09456965512780148
55,1,10,150,20,0.0
56,1,10,150,20,0.34002236652426976
57,1,10,150,20,0.25998349409958055
58,1,10,150,20,0.20344294392782045
59,1,10,150,20,0.4927125837552673
60,1,10,150,20,0.28802509922299224
61,1,10,150,20,0.0
62,1,10,150,20,0.4173771834859059
63,1,10,150,20,0.0
64,1,10,150,20,0.33062509777105115
65,1,10,150,20,0.26220870477267116
66,1,10,150,20,0.0
67,1,10,150,20,0.0
68,1,10,150,20,0.0
69,1,10,150,20,0.22225169007912007
70,1,10,150,20,0.0
71,1,10,150,20,0.0
72,1,10,150,20,0.18043486624589658
73,1,10,150,20,0.12016866513901389
74,1,10,150,20,0.0
75,1,10,150,20,0.1179865968091493
76,1,10,150,20,0.09540432657628879
77,1,10,150,20,0.30552686705692017
78,1,10,150,20,0.0
79,1,10,150,20,0.36902644611477775
80,1,10,150,20,0.08530460913930236
81,1,10,150,20,0.04275831251503158
82,1,10,150,20,0.4135114110874128
83,1,10,150,20,0.13635824020585416
84,1,10,150,20,0.0383846381653829
85,1,10,150,20,0.10653002972524298
86,1,10,150,20,0.0
87,1,10,150,20,0.1450941690683869
88,1,10,150,20,0.0
89,1,10,150,20,0.10079438243384747
90,1,10,150,20,0.3695372531029258
91,1,10,150,20,0.06964504151476446
92,1,10,150,20,0.49818599889113585
93,1,10,150,20,0.0
94,1,10,150,20,0.607598174791993
95,1,10,150,20,0.32814786581357275
96,1,10,150,20,0.2572679434798504
97,1,10,150,20,0.07389464807379724
98,1,10,150,20,0.15172757018789687
99,1,10,150,20,0.27339318494023923
100,1,10,150,20,0.0
101,1,10,150,20,0.0
102,1,10,150,20,0.0
103,1,10,150,20,0.12130357238836831
104,1,10,150,20,0.0
105,1,10,150,20,0.0
106,1,10,150,20,0.33768930307317757
107,1,10,150,20,0.0
108,1,10,150,20,0.0
109,1,10,150,20,0.2779875431007122
110,1,10,150,20,0.0
111,1,10,150,20,0.0
112,1,10,150,20,0.0
113,1,10,150,20,0.0
114,1,10,150,20,0.07474092615392174
115,1,10,150,20,0.413949888356668
116,1,10,150,20,0.04734667987788577
117,1,10,150,20,0.326786485617299
118,1,10,150,20,0.10611989532129572
119,1,10,150,20,0.08901156032796839
120,1,10,150,20,0.0845667599404342
121,1,10,150,20,0.07102001981682865
122,1,10,150,20,0.0
123,1,10,150,20,0.0
124,1,10,150,20,0.18978688349077963
125,1,10,150,20,0.252405348440631
126,1,10,150,20,0.0
127,1,10,150,20,0.0
128,1,10,150,20,0.27495705199697795
129,1,10,150,20,0.0
130,1,10,150,20,0.3150163761497364
131,1,10,150,20,0.15029473661519027
132,1,10,150,20,0.0
133,1,10,150,20,0.0
134,1,10,150,20,0.0
135,1,10,150,20,0.03406297225598251
136,1,10,150,20,0.20488712031902198
137,1,10,150,20,0.09848006574447651
138,1,10,150,20,0.0
139,1,10,150,20,0.06016179456846956
140,1,10,150,20,0.0
141,1,10,150,20,0.1420400396336573
142,1,10,150,20,0.04395738023645723
143,1,10,150,20,0.0
144,1,10,150,20,0.26915730227608975
145,1,10,150,20,0.4026406083139757
146,1,10,150,20,0.0
147,1,10,150,20,0.0
148,1,10,150,20,0.21306005945048595
149,1,10,150,20,0.0
150,1,10,150,20,0.0
151,1,10,150,20,0.28884686068207477
152,1,10,150,20,0.07944341755227197
153,1,10,150,20,0.16952307587808224
154,1,10,150,20,0.05494858807198588
155,1,10,150,20,0.0
156,1,10,150,20,0.0
157,1,10,150,20,0.0
158,1,10,150,20,0.33875288927363
159,1,10,150,20,0.0
160,1,10,150,20,0.25566182819018013
161,1,10,150,20,0.10388499038440566
162,1,10,150,20,0.05059568297461706
163,1,10,150,20,0.05010834716923557
164,1,10,150,20,0.0
165,1,10,150,20,0.09627818061559096
166,1,10,150,20,0.0
167,1,10,150,20,0.15531402228025887
168,1,10,150,20,0.03475017269886857
169,1,10,150,20,0.040573182910334425
170,1,10,150,20,0.0
171,1,10,150,20,0.0
172,1,10,150,20,0.0
173,1,10,150,20,0.0
174,1,10,150,20,0.13200533510848533
175,1,10,150,20,0.03884264315548268
176,1,10,150,20,0.07102001981682865
177,1,10,150,20,0.23085566546285155
178,1,10,150,20,0.3718732506847157
179,1,10,150,20,0.0
180,1,10,150,20,0.07824613498638523
181,1,10,150,20,0.10554427104660292
182,1,10,150,20,0.04195229264874745
183,1,10,150,20,0.0
184,1,10,150,20,0.3091839424890885
185,1,10,150,20,0.0
186,1,10,150,20,0.04275831251503158
187,1,10,150,20,0.0383846381653829
188,1,10,150,20,0.03475017269886857
189,1,10,150,20,0.31120298720906353
190,1,10,150,20,0.03475017269886857
191,1,10,150,20,0.0
192,1,10,150,20,0.03884264315548268
193,1,10,150,20,0.0
194,1,10,150,20,0.15079060258137533
195,1,10,150,20,0.16118152729410296
196,1,10,150,20,0.043922681482881344
197,1,10,150,20,0.06818766408358207
198,1,10,150,20,0.05494858807198588
199,1,10,150,20,0.0
200,1,10,150,20,0.28781553445795555
201,1,10,150,20,0.12861162642696936
202,1,10,150,20,0.0
203,1,10,150,20,0.0
204,1,10,150,20,0.0
205,1,10,150,20,0.33118408514264214
206,1,10,150,20,0.0
207,1,10,150,20,0.21172069518436304
208,1,10,150,20,0.0
209,1,10,150,20,0.0
210,1,10,150,20,0.0875669561167033
211,1,10,150,20,0.0
212,1,10,150,20,0.0
213,1,10,150,20,0.3687213088771031
214,1,10,150,20,0.09848006574447651
215,1,10,150,20,0.18452324255535907
216,1,10,150,20,0.22181062239820398
217,1,10,150,20,0.04275831251503158
218,1,10,150,20,0.0383846381653829
219,1,10,150,20,0.0
220,1,10,150,20,0.0
221,1,10,150,20,0.09165446236150611
222,1,10,150,20,0.35538782067586927
223,1,10,150,20,0.17931604797419792
224,1,10,150,20,0.08961728720334347
225,1,10,150,20,0.059109628562248356
226,1,10,150,20,0.23814675809782818
227,1,10,150,20,0.08961728720334347
228,1,10,150,20,0.0
229,1,10,150,20,0.0
230,1,10,150,20,0.16063730702017212
231,1,10,150,20,0.0
232,1,10,150,20,0.0750966036633514
233,1,10,150,20,0.0
234,1,10,150,20,0.44623004160270846
235,1,10,150,20,0.2668017868869709
236,1,10,150,20,0.08381709190192065
237,1,10,150,20,0.1684889030609977
238,1,10,150,20,0.0
239,1,10,150,20,0.15289095092448868
240,1,10,150,20,0.0
241,1,10,150,20,0.047978870624887156
242,1,10,150,20,0.0
243,1,10,150,20,0.18938671951154307
244,1,10,150,20,0.08898032113999996
245,1,10,150,20,0.06016179456846956
246,1,10,150,20,0.15855801805584238
247,1,10,150,20,0.0
248,1,10,150,20,0.08346065354219406
249,1,10,150,20,0.410000057382731
250,1,10,150,20,0.12246843152075733
251,1,10,150,20,0.13092594311634032
252,1,10,150,20,0.11004588314904008
253,1,10,150,20,0.28615718973093035
254,1,10,150,20,0.15013462032039906
255,1,10,150,20,0.07512175164287158
256,1,10,150,20,0.3065716659768376
257,1,10,150,20,0.10926610857058006
258,1,10,150,20,0.0
259,1,10,150,20,0.0
260,1,10,150,20,0.0
261,1,10,150,20,0.0
262,1,10,150,20,0.0
263,1,10,150,20,0.20683316694560686
264,1,10,150,20,0.12124132795168299
265,1,10,150,20,0.1807501615505622
266,1,10,150,20,0.0
267,1,10,150,20,0.0795588163005403
268,1,10,150,20,0.20544595062184384
269,1,10,150,20,0.6537557433348216
270,1,10,150,20,0.08586742298856079
271,1,10,150,20,0.29136397200626957
272,1,10,150,20,0.20573919065336121
273,1,10,150,20,0.0
274,1,10,150,20,0.1420400396336573
275,1,10,150,20,0.0
276,1,10,150,20,0.6040383685801306
277,1,10,150,20,0.08961728720334347
278,1,10,150,20,0.0
279,1,10,150,20,0.29569539812298673
280,1,10,150,20,0.30371424990231394
281,1,10,150,20,0.0
282,1,10,150,20,0.0
283,1,10,150,20,0.08534585567348563
284,1,10,150,20,0.0
285,1,10,150,20,0.0
286,1,10,150,20,0.2737786732886888
287,1,10,150,20,0.28501941765462135
288,1,10,150,20,0.11981694153073288
289,1,10,150,20,0.0
290,1,10,150,20,0.23214503202657466
291,1,10,150,20,0.11543001914157323
292,1,10,150,20,0.1397145989536873
293,1,10,150,20,0.35499500653666405
294,1,10,150,20,0.0
295,1,10,150,20,0.1761030118896398
296,1,10,150,20,0.3306950394542887
297,1,10,150,20,0.19419419317183406
298,1,10,150,20,0.16643857197435755
299,1,10,150,20,0.2808594901181916
300,1,10,150,20,0.0
301,1,10,150,20,0.5778966161991115
302,1,10,150,20,0.13927874459665815
303,1,10,150,20,0.27135986746032736
304,1,10,150,20,0.0
305,1,10,150,20,0.3500016236384501
306,1,10,150,20,0.05252809026007655
307,1,10,150,20,0.18849707104872127
308,1,10,150,20,0.4635205058562319
309,1,10,150,20,0.0
310,1,10,150,20,0.039396067695057414
311,1,10,150,20,0.3653028535882621
312,1,10,150,20,0.07102001981682865
313,1,10,150,20,0.33997614009939914
314,1,10,150,20,0.24753445408368402
315,1,10,150,20,0.1904288477462968
316,1,10,150,20,0.15395399393976553
317,1,10,150,20,0.0
318,1,10,150,20,0.07944341755227197
319,1,10,150,20,0.06591877139737895
320,1,10,150,20,0.3765286427783895
321,1,10,150,20,0.20544595062184384
322,1,10,150,20,0.16071878058768313
323,1,10,150,20,0.174275942433943
324,1,10,150,20,0.0734773909038217
325,1,10,150,20,0.17016102870075603
326,1,10,150,20,0.36543033935303926
327,1,10,150,20,0.03475017269886857
328,1,10,150,20,0.19551363444470596
329,1,10,150,20,0.0
330,1,10,150,20,0.14907574871909354
331,1,10,150,20,0.036356287988538835
332,1,10,150,20,0.14456587527532935
333,1,10,150,20,0.0
334,1,10,150,20,0.2432259986078003
335,1,10,150,20,0.0
336,1,10,150,20,0.036356287988538835
337,1,10,150,20,0.0
338,1,10,150,20,0.03406297225598251
339,1,10,150,20,0.4625010480288911
340,1,10,150,20,0.19897370622983218
341,1,10,150,20,0.0
342,1,10,150,20,0.05059568297461706
343,1,10,150,20,0.3457446331460368
344,1,10,150,20,0.32626813359974616
345,1,10,150,20,0.13704544064874022
346,1,10,150,20,0.15965578712025352
347,1,10,150,20,0.3736676477426715
348,1,10,150,20,0.1761030118896398
349,1,10,150,20,0.18672776492534796
350,1,10,150,20,0.0
351,1,10,150,20,0.0
352,1,10,150,20,0.0
353,1,10,150,20,0.0
354,1,10,150,20,0.2212072524397003
355,1,10,150,20,0.0
356,1,10,150,20,0.0
357,1,10,150,20,0.05494858807198588
358,1,10,150,20,0.06323567569191428
359,1,10,150,20,0.13587623914185412
360,1,10,150,20,0.07368403931179812
361,1,10,150,20,0.1761030118896398
362,1,10,150,20,0.0
363,1,10,150,20,0.1851793854762323
364,1,10,150,20,0.0
365,1,10,150,20,0.14456587527532935
366,1,10,150,20,0.044257815106106525
367,1,10,150,20,0.0
368,1,10,150,20,0.042512356679180144
369,1,10,150,20,0.0
370,1,10,150,20,0.14154116653408116
371,1,10,150,20,0.0547726610138292
372,1,10,150,20,0.07102001981682865
373,1,10,150,20,0.16811069761411584
374,1,10,150,20,0.03406297225598251
375,1,10,150,20,0.0
376,1,10,150,20,0.0
377,1,10,150,20,0.05397642893687311
378,1,10,150,20,0.35307527195818555
379,1,10,150,20,0.12801075035004494
380,1,10,150,20,0.0
381,1,10,150,20,0.036356287988538835
382,1,10,150,20,0.0
383,1,10,150,20,0.0632176666891428
384,1,10,150,20,0.0
385,1,10,150,20,0.21434910064339122
386,1,10,150,20,0.14606834984270645
387,1,10,150,20,0.298429762577667
388,1,10,150,20,0.0
389,1,10,150,20,0.1566338521767796
390,1,10,150,20,0.05307577057513386
391,1,10,150,20,0.10554427104660292
392,1,10,150,20,0.11377833233186024
393,1,10,150,20,0.30846438602677473
394,1,10,150,20,0.032864970567577
395,1,10,150,20,0.04720998255710776
396,1,10,150,20,0.0
397,1,10,150,20,0.0
398,1,10,150,20,0.1749631428768291
399,1,10,150,20,0.0
400,1,10,150,20,0.0
401,1,10,150,20,0.0
402,1,10,150,20,0.0
403,1,10,150,20,0.0
404,1,10,150,20,0.0
405,1,10,150,20,0.2538090379863062
406,1,10,150,20,0.2032133550116892
407,1,10,150,20,0.04734667987788577
408,1,10,150,20,0.0
409,1,10,150,20,0.10454395207212092
410,1,10,150,20,0.0
411,1,10,150,20,0.0
412,1,10,150,20,0.1116390111176635
413,1,10,150,20,0.0
414,1,10,150,20,0.1309019901681972
415,1,10,150,20,0.0
416,1,10,150,20,0.24157370832304992
417,1,10,150,20,0.26143168945401957
418,1,10,150,20,0.0
419,1,10,150,20,0.0
420,1,10,150,20,0.19519002499605084
421,1,10,150,20,0.0
422,1,10,150,20,0.0
423,1,10,150,20,0.0
424,1,10,150,20,0.0
425,1,10,150,20,0.0
426,1,10,150,20,0.043599246064372175
427,1,10,150,20,0.0
428,1,10,150,20,0.0
429,1,10,150,20,0.2576251645012977
430,1,10,150,20,0.0
431,1,10,150,20,0.0
432,1,10,150,20,0.0
433,1,10,150,20,0.13012668333070054
434,1,10,150,20,0.0
435,1,10,150,20,0.11036530880697375
436,1,10,150,20,0.0
437,1,10,150,20,0.1420400396336573
438,1,10,150,20,0.0
439,1,10,150,20,0.18154179253735267
440,1,10,150,20,0.0
442,1,10,150,20,0.0733934381893728
444,1,10,150,20,0.0
445,1,10,150,20,0.0
446,1,10,150,20,0.0
447,1,10,150,20,0.0
448,1,10,150,20,0.0
449,1,10,150,20,0.0
450,1,10,150,20,0.10975436078781006
451,1,10,150,20,0.0
452,1,10,150,20,0.05780700008370542
453,1,10,150,20,0.09162544430476362
454,1,10,150,20,0.0
455,1,10,150,20,0.0
456,1,10,150,20,0.0
457,1,10,150,20,0.0
458,1,10,150,20,0.0
459,1,10,150,20,0.0
460,1,10,150,20,0.0
462,1,10,150,20,0.0
1,1,10,150,21,1.0
2,1,10,150,21,0.0
3,1,10,150,21,0.0
4,1,10,150,21,0.0
5,1,10,150,21,0.07585230501755721
6,1,10,150,21,0.33425083930633026
7,1,10,150,21,0.20794919968769135
8,1,10,150,21,0.10406177364128634
9,1,10,150,21,0.0
10,1,10,150,21,0.36632122441825693
11,1,10,150,21,0.25104093029555963
12,1,10,150,21,0.04143843208212992
13,1,10,150,21,0.3820669431016838
14,1,10,150,21,0.4617032924197616
15,1,10,150,21,0.08182350109266433
16,1,10,150,21,0.24198496514170062
17,1,10,150,21,0.10122860821230018
18,1,10,150,21,0.30098543097889496
19,1,10,150,21,0.13886244387355454
20,1,10,150,21,0.030868393892711742
21,1,10,150,21,0.035234027770431754
22,1,10,150,21,0.0
23,1,10,150,21,0.0
24,1,10,150,21,0.09768302173470685
25,1,10,150,21,0.2186389105272296
26,1,10,150,21,0.0
27,1,10,150,21,0.0
28,1,10,150,21,0.30482320955253694
29,1,10,150,21,0.0
30,1,10,150,21,0.0
31,1,10,150,21,0.0
32,1,10,150,21,0.11469999139467348
33,1,10,150,21,0.0
34,1,10,150,21,0.0
35,1,10,150,21,0.0
36,1,10,150,21,0.0
37,1,10,150,21,0.15133867332691472
38,1,10,150,21,0.21008928554720557
39,1,10,150,21,0.0527075128660253
40,1,10,150,21,0.13333413520929938
41,1,10,150,21,0.0
42,1,10,150,21,0.3204198771269902
43,1,10,150,21,0.44281537129436793
44,1,10,150,21,0.16368567506615592
45,1,10,150,21,0.04094516368001556
46,1,10,150,21,0.0
47,1,10,150,21,0.0
48,1,10,150,21,0.13411001269899364
49,1,10,150,21,0.09909432342125447
50,1,10,150,21,0.0
51,1,10,150,21,0.0
52,1,10,150,21,0.0
53,1,10,150,21,0.056760172607960534
54,1,10,150,21,0.0916504417630186
55,1,10,150,21,0.0
56,1,10,150,21,0.36039481607477836
57,1,10,150,21,0.2519582211981112
58,1,10,150,21,0.19716298699996362
59,1,10,150,21,0.477503337644014
60,1,10,150,21,0.27913422700918955
61,1,10,150,21,0.0
62,1,10,150,21,0.40449342018423234
63,1,10,150,21,0.030868393892711742
64,1,10,150,21,0.320419232022238
65,1,10,150,21,0.2541147431916506
66,1,10,150,21,0.0
67,1,10,150,21,0.0
68,1,10,150,21,0.0
69,1,10,150,21,0.21539113736643692
70,1,10,150,21,0.0
71,1,10,150,21,0.0
72,1,10,150,21,0.20573352561535121
73,1,10,150,21,0.11645925144994143
74,1,10,150,21,0.0
75,1,10,150,21,0.11434454006478391
76,1,10,150,21,0.092459348244463
77,1,10,150,21,0.3269641372725127
78,1,10,150,21,0.0
79,1,10,150,21,0.38850358631199094
80,1,10,150,21,0.08530460913930236
81,1,10,150,21,0.04143843208212992
82,1,10,150,21,0.40074697797083547
83,1,10,150,21,0.16301747422937457
84,1,10,150,21,0.03719976603506465
85,1,10,150,21,0.1032416188062819
86,1,10,150,21,0.0
87,1,10,150,21,0.17148373899875996
88,1,10,150,21,0.0
89,1,10,150,21,0.09768302173470685
90,1,10,150,21,0.35813023161611396
91,1,10,150,21,0.06749521094061244
92,1,10,150,21,0.513676191138242
93,1,10,150,21,0.0
94,1,10,150,21,0.588842595004021
95,1,10,150,21,0.31801846823658664
96,1,10,150,21,0.24932649526454645
97,1,10,150,21,0.07161363897049194
98,1,10,150,21,0.15172757018789687
99,1,10,150,21,0.2649539764199209
100,1,10,150,21,0.0
101,1,10,150,21,0.0
102,1,10,150,21,0.0
103,1,10,150,21,0.12130357238836831
104,1,10,150,21,0.0
105,1,10,150,21,0.0
106,1,10,150,21,0.3581337705452712
107,1,10,150,21,0.0
108,1,10,150,21,0.0
109,1,10,150,21,0.30027490801572404
110,1,10,150,21,0.0
111,1,10,150,21,0.0
112,1,10,150,21,0.0
113,1,10,150,21,0.0
114,1,10,150,21,0.0724337938054964
115,1,10,150,21,0.40117192015103037
116,1,10,150,21,0.04588516391390306
117,1,10,150,21,0.31669911166044923
118,1,10,150,21,0.10284414459266462
119,1,10,150,21,0.0862639164227598
120,1,10,150,21,0.0845667599404342
121,1,10,150,21,0.06882774587085459
122,1,10,150,21,0.0
123,1,10,150,21,0.0
124,1,10,150,21,0.18978688349077963
125,1,10,150,21,0.24461400072433848
126,1,10,150,21,0.0
127,1,10,150,21,0.0
128,1,10,150,21,0.2664695694123564
129,1,10,150,21,0.0
130,1,10,150,21,0.30529232656809163
131,1,10,150,21,0.15029473661519027
132,1,10,150,21,0.0
133,1,10,150,21,0.0
134,1,10,150,21,0.0
135,1,10,150,21,0.03301150301122833
136,1,10,150,21,0.20488712031902198
137,1,10,150,21,0.09544014428449586
138,1,10,150,21,0.0
139,1,10,150,21,0.06016179456846956
140,1,10,150,21,0.0
141,1,10,150,21,0.13765549174170919
142,1,10,150,21,0.04395738023645723
143,1,10,150,21,0.0
144,1,10,150,21,0.26084884865033175
145,1,10,150,21,0.3902117394193388
146,1,10,150,21,0.0
147,1,10,150,21,0.0
148,1,10,150,21,0.2064832376125638
149,1,10,150,21,0.0
150,1,10,150,21,0.0
151,1,10,150,21,0.27993062201186725
152,1,10,150,21,0.07699112684708527
153,1,10,150,21,0.16952307587808224
154,1,10,150,21,0.05325241341153146
155,1,10,150,21,0.0
156,1,10,150,21,0.0
157,1,10,150,21,0.0
158,1,10,150,21,0.32829613165523747
159,1,10,150,21,0.0
160,1,10,150,21,0.24776995817427486
161,1,10,150,21,0.10067822758167924
162,1,10,150,21,0.049033875503285806
163,1,10,150,21,0.05010834716923557
164,1,10,150,21,0.0
165,1,10,150,21,0.09627818061559096
166,1,10,150,21,0.0
167,1,10,150,21,0.15051972786345044
168,1,10,150,21,0.03367749068016014
169,1,10,150,21,0.040573182910334425
170,1,10,150,21,0.0
171,1,10,150,21,0.0
172,1,10,150,21,0.0
173,1,10,150,21,0.0
174,1,10,150,21,0.1279305424284172
175,1,10,150,21,0.03884264315548268
176,1,10,150,21,0.06882774587085459
177,1,10,150,21,0.25459791574169194
178,1,10,150,21,0.36039412070441673
179,1,10,150,21,0.0
180,1,10,150,21,0.10669919636375495
181,1,10,150,21,0.133154682807529
182,1,10,150,21,0.04195229264874745
183,1,10,150,21,0.0
184,1,10,150,21,0.29963993076703377
185,1,10,150,21,0.0
186,1,10,150,21,0.04143843208212992
187,1,10,150,21,0.03719976603506465
188,1,10,150,21,0.03367749068016014
189,1,10,150,21,0.3324650447120174
190,1,10,150,21,0.03367749068016014
191,1,10,150,21,0.0
192,1,10,150,21,0.03884264315548268
193,1,10,150,21,0.030868393892711742
194,1,10,150,21,0.14613593886557408
195,1,10,150,21,0.1562061124213597
196,1,10,150,21,0.043922681482881344
197,1,10,150,21,0.06608282041002614
198,1,10,150,21,0.05325241341153146
199,1,10,150,21,0.0
200,1,10,150,21,0.278931131171866
201,1,10,150,21,0.12464159208323936
202,1,10,150,21,0.0
203,1,10,150,21,0.0
204,1,10,150,21,0.0
205,1,10,150,21,0.33118408514264214
206,1,10,150,21,0.0
207,1,10,150,21,0.20518521737017337
208,1,10,150,21,0.0
209,1,10,150,21,0.0
210,1,10,150,21,0.0848639048233071
211,1,10,150,21,0.0
212,1,10,150,21,0.0
213,1,10,150,21,0.35733947427804846
214,1,10,150,21,0.09544014428449586
215,1,10,150,21,0.17882730642179984
216,1,10,150,21,0.21496368473642868
217,1,10,150,21,0.04143843208212992
218,1,10,150,21,0.0383846381653829
219,1,10,150,21,0.0
220,1,10,150,21,0.0
221,1,10,150,21,0.08882523631530641
222,1,10,150,21,0.3444175694425741
223,1,10,150,21,0.173780849574046
224,1,10,150,21,0.08685094548235438
225,1,10,150,21,0.059109628562248356
226,1,10,150,21,0.23814675809782818
227,1,10,150,21,0.08685094548235438
228,1,10,150,21,0.0
229,1,10,150,21,0.0
230,1,10,150,21,0.15567869135320897
231,1,10,150,21,0.0
232,1,10,150,21,0.07277849212146621
233,1,10,150,21,0.0
234,1,10,150,21,0.43245563691175487
235,1,10,150,21,0.2585660442380646
236,1,10,150,21,0.11209818678686229
237,1,10,150,21,0.1632879212347599
238,1,10,150,21,0.0
239,1,10,150,21,0.14817145282872032
240,1,10,150,21,0.0
241,1,10,150,21,0.047978870624887156
242,1,10,150,21,0.0
243,1,10,150,21,0.18354065565561223
244,1,10,150,21,0.1171020354310622
245,1,10,150,21,0.06016179456846956
246,1,10,150,21,0.15366358669964694
247,1,10,150,21,0.0
248,1,10,150,21,0.08088435721411047
249,1,10,150,21,0.39734401411540643
250,1,10,150,21,0.11868802773715201
251,1,10,150,21,0.1577528634261621
252,1,10,150,21,0.11004588314904008
253,1,10,150,21,0.2773239768830846
254,1,10,150,21,0.14550020572341626
255,1,10,150,21,0.07280286382324895
256,1,10,150,21,0.29710829103511976
257,1,10,150,21,0.10589323929209958
258,1,10,150,21,0.0
259,1,10,150,21,0.0
260,1,10,150,21,0.0
261,1,10,150,21,0.0
262,1,10,150,21,0.0
263,1,10,150,21,0.23131695317096462
264,1,10,150,21,0.117498802884395
265,1,10,150,21,0.1807501615505622
266,1,10,150,21,0.0
267,1,10,150,21,0.07710296342133732
268,1,10,150,21,0.19910416409438617
269,1,10,150,21,0.6644437474326516
270,1,10,150,21,0.08321683355319781
271,1,10,150,21,0.282370034152235
272,1,10,150,21,0.20573919065336121
273,1,10,150,21,0.0
274,1,10,150,21,0.13765549174170919
275,1,10,150,21,0.0
276,1,10,150,21,0.5853926742924881
277,1,10,150,21,0.08685094548235438
278,1,10,150,21,0.0
279,1,10,150,21,0.3174361499941759
280,1,10,150,21,0.3252074726982116
281,1,10,150,21,0.0
282,1,10,150,21,0.0
283,1,10,150,21,0.08271136618344595
284,1,10,150,21,0.0
285,1,10,150,21,0.0
286,1,10,150,21,0.26532756536218954
287,1,10,150,21,0.27622132600338717
288,1,10,150,21,0.11611838498454222
289,1,10,150,21,0.0
290,1,10,150,21,0.22497908773774217
291,1,10,150,21,0.11186687984366789
292,1,10,150,21,0.1354018336806226
293,1,10,150,21,0.3440368808449445
294,1,10,150,21,0.0
295,1,10,150,21,0.1706669947529375
296,1,10,150,21,0.3513554086107596
297,1,10,150,21,0.21906812421804028
298,1,10,150,21,0.16130088057571262
299,1,10,150,21,0.2721898087487171
300,1,10,150,21,0.0
301,1,10,150,21,0.560057875821012
302,1,10,150,21,0.13927874459665815
303,1,10,150,21,0.26298342418488796
304,1,10,150,21,0.0
305,1,10,150,21,0.33919763565688976
306,1,10,150,21,0.05252809026007655
307,1,10,150,21,0.2135468631046786
308,1,10,150,21,0.48008076619682444
309,1,10,150,21,0.0
310,1,10,150,21,0.039396067695057414
311,1,10,150,21,0.354026541213568
312,1,10,150,21,0.06882774587085459
313,1,10,150,21,0.3603500165853989
314,1,10,150,21,0.23989346305301149
315,1,10,150,21,0.21541900895824062
316,1,10,150,21,0.1492016814134767
317,1,10,150,21,0.0
318,1,10,150,21,0.07699112684708527
319,1,10,150,21,0.06591877139737895
320,1,10,150,21,0.3957742022139297
321,1,10,150,21,0.19910416409438617
322,1,10,150,21,0.1557576499625462
323,1,10,150,21,0.1688963239968685
324,1,10,150,21,0.0734773909038217
325,1,10,150,21,0.16490843104163205
326,1,10,150,21,0.35415009169754236
327,1,10,150,21,0.03367749068016014
328,1,10,150,21,0.18947844256527113
329,1,10,150,21,0.0
330,1,10,150,21,0.14447401978778165
331,1,10,150,21,0.035234027770431754
332,1,10,150,21,0.14010335889388584
333,1,10,150,21,0.0
334,1,10,150,21,0.23571800267782655
335,1,10,150,21,0.0
336,1,10,150,21,0.06610242166314349
337,1,10,150,21,0.0
338,1,10,150,21,0.03301150301122833
339,1,10,150,21,0.479092777395255
340,1,10,150,21,0.19897370622983218
341,1,10,150,21,0.0
342,1,10,150,21,0.07990226939599755
343,1,10,150,21,0.33507205162379383
344,1,10,150,21,0.3161967603371493
345,1,10,150,21,0.16368346189830638
346,1,10,150,21,0.1547274693961746
347,1,10,150,21,0.3621331276071877
348,1,10,150,21,0.1706669947529375
349,1,10,150,21,0.18672776492534796
350,1,10,150,21,0.0
351,1,10,150,21,0.0
352,1,10,150,21,0.0
353,1,10,150,21,0.0
354,1,10,150,21,0.2143789398394671
355,1,10,150,21,0.0
356,1,10,150,21,0.0
357,1,10,150,21,0.05325241341153146
358,1,10,150,21,0.06323567569191428
359,1,10,150,21,0.13587623914185412
360,1,10,150,21,0.07140953136271548
361,1,10,150,21,0.1706669947529375
362,1,10,150,21,0.0
363,1,10,150,21,0.17946319526454166
364,1,10,150,21,0.0
365,1,10,150,21,0.14456587527532935
366,1,10,150,21,0.044257815106106525
367,1,10,150,21,0.0
368,1,10,150,21,0.042512356679180144
369,1,10,150,21,0.0
370,1,10,150,21,0.14154116653408116
371,1,10,150,21,0.098804715452931
372,1,10,150,21,0.06882774587085459
373,1,10,150,21,0.16292139038258477
374,1,10,150,21,0.03301150301122833
375,1,10,150,21,0.0
376,1,10,150,21,0.0
377,1,10,150,21,0.05397642893687311
378,1,10,150,21,0.3421764053896039
379,1,10,150,21,0.1549276579784499
380,1,10,150,21,0.0
381,1,10,150,21,0.035234027770431754
382,1,10,150,21,0.0
383,1,10,150,21,0.0632176666891428
384,1,10,150,21,0.0
385,1,10,150,21,0.20773248817418252
386,1,10,150,21,0.14606834984270645
387,1,10,150,21,0.28921771511711114
388,1,10,150,21,0.0
389,1,10,150,21,0.151798816730854
390,1,10,150,21,0.05307577057513386
391,1,10,150,21,0.10228628891481725
392,1,10,150,21,0.11026617795298452
393,1,10,150,21,0.29894258585702677
394,1,10,150,21,0.031850481710824656
395,1,10,150,21,0.04720998255710776
396,1,10,150,21,0.0
397,1,10,150,21,0.0
398,1,10,150,21,0.16956231166580032
399,1,10,150,21,0.0
400,1,10,150,21,0.0
401,1,10,150,21,0.0
402,1,10,150,21,0.0
403,1,10,150,21,0.0
404,1,10,150,21,0.0
405,1,10,150,21,0.24597436062821468
406,1,10,150,21,0.1969404851249289
407,1,10,150,21,0.04588516391390306
408,1,10,150,21,0.0
409,1,10,150,21,0.13218524207316965
410,1,10,150,21,0.0
411,1,10,150,21,0.0
412,1,10,150,21,0.1116390111176635
413,1,10,150,21,0.04935421935348238
414,1,10,150,21,0.1309019901681972
415,1,10,150,21,0.0
416,1,10,150,21,0.26498510983312273
417,1,10,150,21,0.25336171308791583
418,1,10,150,21,0.0
419,1,10,150,21,0.0
420,1,10,150,21,0.19519002499605084
421,1,10,150,21,0.0
422,1,10,150,21,0.0
423,1,10,150,21,0.0
424,1,10,150,21,0.0
425,1,10,150,21,0.0
426,1,10,150,21,0.043599246064372175
427,1,10,150,21,0.0
428,1,10,150,21,0.0
429,1,10,150,21,0.249672689446797
430,1,10,150,21,0.0
431,1,10,150,21,0.0
432,1,10,150,21,0.0
433,1,10,150,21,0.13012668333070054
434,1,10,150,21,0.0
435,1,10,150,21,0.1069585089826293
436,1,10,150,21,0.032916050504122406
437,1,10,150,21,0.13765549174170919
438,1,10,150,21,0.0
439,1,10,150,21,0.18154179253735267
440,1,10,150,21,0.0
442,1,10,150,21,0.0733934381893728
444,1,10,150,21,0.0
445,1,10,150,21,0.0
446,1,10,150,21,0.0
447,1,10,150,21,0.0
448,1,10,150,21,0.0
449,1,10,150,21,0.0
450,1,10,150,21,0.13723481384028088
451,1,10,150,21,0.0
452,1,10,150,21,0.05780700008370542
453,1,10,150,21,0.09162544430476362
454,1,10,150,21,0.0
455,1,10,150,21,0.0
456,1,10,150,21,0.0
457,1,10,150,21,0.0
458,1,10,150,21,0.0
459,1,10,150,21,0.0
460,1,10,150,21,0.0
462,1,10,150,21,0.0
1,1,10,150,22,1.0
2,1,10,150,22,0.0
3,1,10,150,22,0.0
4,1,10,150,22,0.0
5,1,10,150,22,0.07361222794244351
6,1,10,150,22,0.32437971354035233
7,1,10,150,22,0.20180802527116154
8,1,10,150,22,0.10098861200861663
9,1,10,150,22,0.0
10,1,10,150,22,0.38503508285457244
11,1,10,150,22,0.24362716702574022
12,1,10,150,22,0.04021466858918992
13,1,10,150,22,0.37078370786970566
14,1,10,150,22,0.44806822937698876
15,1,10,150,22,0.07940708211949281
16,1,10,150,22,0.23483864344705146
17,1,10,150,22,0.10122860821230018
18,1,10,150,22,0.32162879192715127
19,1,10,150,22,0.13886244387355454
20,1,10,150,22,0.029956785715628154
21,1,10,150,22,0.03419349330210947
22,1,10,150,22,0.0
23,1,10,150,22,0.0
24,1,10,150,22,0.09479823797546442
25,1,10,150,22,0.21218204661140636
26,1,10,150,22,0.0
27,1,10,150,22,0.0
28,1,10,150,22,0.29582114318786723
29,1,10,150,22,0.0
30,1,10,150,22,0.0
31,1,10,150,22,0.0
32,1,10,150,22,0.11469999139467348
33,1,10,150,22,0.0
34,1,10,150,22,0.0
35,1,10,150,22,0.0
36,1,10,150,22,0.0
37,1,10,150,22,0.15133867332691472
38,1,10,150,22,0.20388490992312427
39,1,10,150,22,0.0527075128660253
40,1,10,150,22,0.13333413520929938
41,1,10,150,22,0.0
42,1,10,150,22,0.31095720857661746
43,1,10,150,22,0.45927019772423494
44,1,10,150,22,0.15885169502882765
45,1,10,150,22,0.04094516368001556
46,1,10,150,22,0.0
47,1,10,150,22,0.0
48,1,10,150,22,0.1301494637753889
49,1,10,150,22,0.09616786097402265
50,1,10,150,22,0.0
51,1,10,150,22,0.0
52,1,10,150,22,0.0
53,1,10,150,22,0.056760172607960534
54,1,10,150,22,0.08894381269657348
55,1,10,150,22,0.0
56,1,10,150,22,0.37928369373384413
57,1,10,150,22,0.27404945810295583
58,1,10,150,22,0.19134035198396337
59,1,10,150,22,0.46340166624854284
60,1,10,150,22,0.2708908099810829
61,1,10,150,22,0.0
62,1,10,150,22,0.39254788421957965
63,1,10,150,22,0.029956785715628154
64,1,10,150,22,0.3109565825231566
65,1,10,150,22,0.24661020380368784
66,1,10,150,22,0.0
67,1,10,150,22,0.0
68,1,10,150,22,0.0
69,1,10,150,22,0.20903018697889705
70,1,10,150,22,0.0
71,1,10,150,22,0.0
72,1,10,150,22,0.2291898743761254
73,1,10,150,22,0.11301996639067352
74,1,10,150,22,0.0
75,1,10,150,22,0.1109677068518149
76,1,10,150,22,0.08972883047925553
77,1,10,150,22,0.3173082030445554
78,1,10,150,22,0.0
79,1,10,150,22,0.37703026355541147
80,1,10,150,22,0.08530460913930236
81,1,10,150,22,0.04021466858918992
82,1,10,150,22,0.38891208227365426
83,1,10,150,22,0.1582032275590903
84,1,10,150,22,0.036101179208000475
85,1,10,150,22,0.10019267805976075
86,1,10,150,22,0.0
87,1,10,150,22,0.16641946583795109
88,1,10,150,22,0.0
89,1,10,150,22,0.09479823797546442
90,1,10,150,22,0.3475538974946561
91,1,10,150,22,0.06550193631734248
92,1,10,150,22,0.4985062597889684
93,1,10,150,22,0.0
94,1,10,150,22,0.5714528426739678
95,1,10,150,22,0.3086267183089521
96,1,10,150,22,0.24196336284383385
97,1,10,150,22,0.06949873856125406
98,1,10,150,22,0.15172757018789687
99,1,10,150,22,0.2571293318240698
100,1,10,150,22,0.0
101,1,10,150,22,0.0
102,1,10,150,22,0.0
103,1,10,150,22,0.12130357238836831
104,1,10,150,22,0.0
105,1,10,150,22,0.0
106,1,10,150,22,0.34755733191184
107,1,10,150,22,0.0
108,1,10,150,22,0.0
109,1,10,150,22,0.32093925219185687
110,1,10,150,22,0.0
111,1,10,150,22,0.0
112,1,10,150,22,0.0
113,1,10,150,22,0.0
114,1,10,150,22,0.0724337938054964
115,1,10,150,22,0.3893244750232697
116,1,10,150,22,0.044530079137671444
117,1,10,150,22,0.3368784147814285
118,1,10,150,22,0.09980694209027023
119,1,10,150,22,0.08371636270579073
120,1,10,150,22,0.0845667599404342
121,1,10,150,22,0.06679511870650716
122,1,10,150,22,0.0
123,1,10,150,22,0.0
124,1,10,150,22,0.18978688349077963
125,1,10,150,22,0.23739003811505976
126,1,10,150,22,0.0
127,1,10,150,22,0.0
128,1,10,150,22,0.25860016618831627
129,1,10,150,22,0.0
130,1,10,150,22,0.3258084958895143
131,1,10,150,22,0.15029473661519027
132,1,10,150,22,0.0
133,1,10,150,22,0.0
134,1,10,150,22,0.0
135,1,10,150,22,0.03203660434343724
136,1,10,150,22,0.20488712031902198
137,1,10,150,22,0.09262159738328095
138,1,10,150,22,0.0
139,1,10,150,22,0.06016179456846956
140,1,10,150,22,0.0
141,1,10,150,22,0.13359023741301432
142,1,10,150,22,0.04395738023645723
143,1,10,150,22,0.0
144,1,10,150,22,0.2531454370559687
145,1,10,150,22,0.4082200610238574
146,1,10,150,22,0.0
147,1,10,150,22,0.0
148,1,10,150,22,0.2003853561195215
149,1,10,150,22,0.0
150,1,10,150,22,0.0
151,1,10,150,22,0.27166368577511135
152,1,10,150,22,0.07471741798355888
153,1,10,150,22,0.16952307587808224
154,1,10,150,22,0.0812118480542252
155,1,10,150,22,0.0
156,1,10,150,22,0.0
157,1,10,150,22,0.029532089691871707
158,1,10,150,22,0.31860086084970046
159,1,10,150,22,0.0
160,1,10,150,22,0.24045279354652088
161,1,10,150,22,0.09770498913471842
162,1,10,150,22,0.0475858026939827
163,1,10,150,22,0.05010834716923557
164,1,10,150,22,0.0
165,1,10,150,22,0.09627818061559096
166,1,10,150,22,0.0
167,1,10,150,22,0.14607456575979091
168,1,10,150,22,0.03268292400479648
169,1,10,150,22,0.040573182910334425
170,1,10,150,22,0.0
171,1,10,150,22,0.0
172,1,10,150,22,0.0
173,1,10,150,22,0.0
174,1,10,150,22,0.12415248617509139
175,1,10,150,22,0.03884264315548268
176,1,10,150,22,0.06882774587085459
177,1,10,150,22,0.24707910725864468
178,1,10,150,22,0.3497509292073507
179,1,10,150,22,0.0
180,1,10,150,22,0.10354814612668992
181,1,10,150,22,0.12922234677196434
182,1,10,150,22,0.04195229264874745
183,1,10,150,22,0.0
184,1,10,150,22,0.2907909374563555
185,1,10,150,22,0.0
186,1,10,150,22,0.04021466858918992
187,1,10,150,22,0.06563326889987217
188,1,10,150,22,0.03268292400479648
189,1,10,150,22,0.32264665719216995
190,1,10,150,22,0.03268292400479648
191,1,10,150,22,0.0
192,1,10,150,22,0.03884264315548268
193,1,10,150,22,0.029956785715628154
194,1,10,150,22,0.14182023921179007
195,1,10,150,22,0.15159301949891352
196,1,10,150,22,0.043922681482881344
197,1,10,150,22,0.09366334632245711
198,1,10,150,22,0.05167975836235349
199,1,10,150,22,0.0
200,1,10,150,22,0.27069371198824327
201,1,10,150,22,0.12096066540649945
202,1,10,150,22,0.0
203,1,10,150,22,0.0
204,1,10,150,22,0.0
205,1,10,150,22,0.33118408514264214
206,1,10,150,22,0.0
207,1,10,150,22,0.19912566912735122
208,1,10,150,22,0.0
209,1,10,150,22,0.0
210,1,10,150,22,0.08235769637446273
211,1,10,150,22,0.0
212,1,10,150,22,0.0
213,1,10,150,22,0.3467864928732229
214,1,10,150,22,0.09262159738328095
215,1,10,150,22,0.17354616236919543
216,1,10,150,22,0.20861535791829725
217,1,10,150,22,0.04021466858918992
218,1,10,150,22,0.0383846381653829
219,1,10,150,22,0.0
220,1,10,150,22,0.0
221,1,10,150,22,0.1157341311614128
222,1,10,150,22,0.33424619889033963
223,1,10,150,22,0.1686487379376956
224,1,10,150,22,0.08428605557054564
225,1,10,150,22,0.059109628562248356
226,1,10,150,22,0.23814675809782818
227,1,10,150,22,0.08428605557054564
228,1,10,150,22,0.0
229,1,10,150,22,0.0
230,1,10,150,22,0.1510811742770528
231,1,10,150,22,0.0
232,1,10,150,22,0.0706291911644959
233,1,10,150,22,0.0
234,1,10,150,22,0.41968431825472147
235,1,10,150,22,0.2509300486283536
236,1,10,150,22,0.10878769308037649
237,1,10,150,22,0.1632879212347599
238,1,10,150,22,0.0
239,1,10,150,22,0.14379564019400762
240,1,10,150,22,0.0
241,1,10,150,22,0.047978870624887156
242,1,10,150,22,0.0
243,1,10,150,22,0.17812031655068578
244,1,10,150,22,0.11364376761761134
245,1,10,150,22,0.06016179456846956
246,1,10,150,22,0.14912557987485828
247,1,10,150,22,0.0
248,1,10,150,22,0.07849567312219397
249,1,10,150,22,0.38560961505202196
250,1,10,150,22,0.11518292225666707
251,1,10,150,22,0.1530940917143111
252,1,10,150,22,0.11004588314904008
253,1,10,150,22,0.26913402032406675
254,1,10,150,22,0.14120328059780654
255,1,10,150,22,0.07065284311899564
256,1,10,150,22,0.2883340623360719
257,1,10,150,22,0.10276599065156247
258,1,10,150,22,0.0
259,1,10,150,22,0.0
260,1,10,150,22,0.0
261,1,10,150,22,0.0
262,1,10,150,22,0.0
263,1,10,150,22,0.2244856801626692
264,1,10,150,22,0.11402881769892549
265,1,10,150,22,0.1807501615505622
266,1,10,150,22,0.0
267,1,10,150,22,0.07482595179006929
268,1,10,150,22,0.1932242020623256
269,1,10,150,22,0.6448213350882671
270,1,10,150,22,0.08075926656083121
271,1,10,150,22,0.30356314666922607
272,1,10,150,22,0.20573919065336121
273,1,10,150,22,0.0
274,1,10,150,22,0.13359023741301432
275,1,10,150,22,0.0
276,1,10,150,22,0.5681048053303177
277,1,10,150,22,0.08428605557054564
278,1,10,150,22,0.0
279,1,10,150,22,0.3080615971411055
280,1,10,150,22,0.3156034164460211
281,1,10,150,22,0.0
282,1,10,150,22,0.0
283,1,10,150,22,0.08026872669877919
284,1,10,150,22,0.0
285,1,10,150,22,0.0
286,1,10,150,22,0.2574918879041874
287,1,10,150,22,0.2680639330290474
288,1,10,150,22,0.11268916642430343
289,1,10,150,22,0.0
290,1,10,150,22,0.2183349851398757
291,1,10,150,22,0.10856321711457487
292,1,10,150,22,0.13140313458392258
293,1,10,150,22,0.33387675282251983
294,1,10,150,22,0.0
295,1,10,150,22,0.16562684175645156
296,1,10,150,22,0.34097914916994243
297,1,10,150,22,0.21259858472500304
298,1,10,150,22,0.1565373285031728
299,1,10,150,22,0.2641514749035366
300,1,10,150,22,0.0
301,1,10,150,22,0.5730502860914984
302,1,10,150,22,0.13927874459665815
303,1,10,150,22,0.28474906380625603
304,1,10,150,22,0.0
305,1,10,150,22,0.3291804206573997
306,1,10,150,22,0.05252809026007655
307,1,10,150,22,0.2072403779900534
308,1,10,150,22,0.4954350676420291
309,1,10,150,22,0.0
310,1,10,150,22,0.039396067695057414
311,1,10,150,22,0.3435713976451458
312,1,10,150,22,0.06679511870650716
313,1,10,150,22,0.37924021726700313
314,1,10,150,22,0.23280890778563626
315,1,10,150,22,0.20905723546435173
316,1,10,150,22,0.14479544397579583
317,1,10,150,22,0.0
318,1,10,150,22,0.07471741798355888
319,1,10,150,22,0.06591877139737895
320,1,10,150,22,0.4136182526682907
321,1,10,150,22,0.1932242020623256
322,1,10,150,22,0.15115780107365714
323,1,10,150,22,0.16390846260796557
324,1,10,150,22,0.0734773909038217
325,1,10,150,22,0.16003834046516474
326,1,10,150,22,0.3732233891170177
327,1,10,150,22,0.03268292400479648
328,1,10,150,22,0.21341483789662907
329,1,10,150,22,0.0
330,1,10,150,22,0.14020740007726365
331,1,10,150,22,0.03419349330210947
332,1,10,150,22,0.1359658139328991
333,1,10,150,22,0.0
334,1,10,150,22,0.22875675748075613
335,1,10,150,22,0.0
336,1,10,150,22,0.09368236870960933
337,1,10,150,22,0.0
338,1,10,150,22,0.06156869403530895
339,1,10,150,22,0.4944762562143622
340,1,10,150,22,0.19897370622983218
341,1,10,150,22,0.0
342,1,10,150,22,0.07754258840961085
343,1,10,150,22,0.35470876343387225
344,1,10,150,22,0.30685880925059333
345,1,10,150,22,0.15884954722044953
346,1,10,150,22,0.17969013358404215
347,1,10,150,22,0.35143857960229424
348,1,10,150,22,0.16562684175645156
349,1,10,150,22,0.18672776492534796
350,1,10,150,22,0.0
351,1,10,150,22,0.0
352,1,10,150,22,0.0
353,1,10,150,22,0.0
354,1,10,150,22,0.23757997145195128
355,1,10,150,22,0.0
356,1,10,150,22,0.0
357,1,10,150,22,0.05167975836235349
358,1,10,150,22,0.06323567569191428
359,1,10,150,22,0.13587623914185412
360,1,10,150,22,0.06930065867765724
361,1,10,150,22,0.16562684175645156
362,1,10,150,22,0.0
363,1,10,150,22,0.17416327208559934
364,1,10,150,22,0.0
365,1,10,150,22,0.14456587527532935
366,1,10,150,22,0.044257815106106525
367,1,10,150,22,0.0
368,1,10,150,22,0.042512356679180144
369,1,10,150,22,0.0
370,1,10,150,22,0.14154116653408116
371,1,10,150,22,0.098804715452931
372,1,10,150,22,0.06679511870650716
373,1,10,150,22,0.15810998126908185
374,1,10,150,22,0.06156869403530895
375,1,10,150,22,0.0
376,1,10,150,22,0.0
377,1,10,150,22,0.05397642893687311
378,1,10,150,22,0.33207122109519593
379,1,10,150,22,0.1503523204872787
380,1,10,150,22,0.0
381,1,10,150,22,0.03419349330210947
382,1,10,150,22,0.0
383,1,10,150,22,0.0632176666891428
384,1,10,150,22,0.0
385,1,10,150,22,0.2015977137015069
386,1,10,150,22,0.14606834984270645
387,1,10,150,22,0.2806765116137944
388,1,10,150,22,0.0
389,1,10,150,22,0.14731588046003843
390,1,10,150,22,0.05307577057513386
391,1,10,150,22,0.09926556105633617
392,1,10,150,22,0.1070097872956971
393,1,10,150,22,0.31964627629064873
394,1,10,150,22,0.03090987042821126
395,1,10,150,22,0.04720998255710776
396,1,10,150,22,0.0
397,1,10,150,22,0.0
398,1,10,150,22,0.16455478226932482
399,1,10,150,22,0.0
400,1,10,150,22,0.0
401,1,10,150,22,0.0
402,1,10,150,22,0.0
403,1,10,150,22,0.0
404,1,10,150,22,0.0
405,1,10,150,22,0.2682423134401132
406,1,10,150,22,0.19112442105425878
407,1,10,150,22,0.044530079137671444
408,1,10,150,22,0.0
409,1,10,150,22,0.12828153564832304
410,1,10,150,22,0.0
411,1,10,150,22,0.0
412,1,10,150,22,0.1116390111176635
413,1,10,150,22,0.04935421935348238
414,1,10,150,22,0.1309019901681972
415,1,10,150,22,0.0
416,1,10,150,22,0.2571595458025205
417,1,10,150,22,0.24587941225251722
418,1,10,150,22,0.0
419,1,10,150,22,0.0
420,1,10,150,22,0.19519002499605084
421,1,10,150,22,0.0
422,1,10,150,22,0.0
423,1,10,150,22,0.0
424,1,10,150,22,0.0
425,1,10,150,22,0.0
426,1,10,150,22,0.043599246064372175
427,1,10,150,22,0.0
428,1,10,150,22,0.0
429,1,10,150,22,0.24229933318844335
430,1,10,150,22,0.0
431,1,10,150,22,0.0
432,1,10,150,22,0.0
433,1,10,150,22,0.13012668333070054
434,1,10,150,22,0.0
435,1,10,150,22,0.10379980070204543
436,1,10,150,22,0.06536545161870184
437,1,10,150,22,0.13359023741301432
438,1,10,150,22,0.0
439,1,10,150,22,0.18154179253735267
440,1,10,150,22,0.0
442,1,10,150,22,0.0733934381893728
444,1,10,150,22,0.0
445,1,10,150,22,0.0
446,1,10,150,22,0.0
447,1,10,150,22,0.0
448,1,10,150,22,0.0
449,1,10,150,22,0.0
450,1,10,150,22,0.1627140727009741
451,1,10,150,22,0.0
452,1,10,150,22,0.05780700008370542
453,1,10,150,22,0.09162544430476362
454,1,10,150,22,0.0
455,1,10,150,22,0.0
456,1,10,150,22,0.0
457,1,10,150,22,0.0
458,1,10,150,22,0.0
459,1,10,150,22,0.0
460,1,10,150,22,0.0
462,1,10,150,22,0.0
1,1,10,150,23,1.0
2,1,10,150,23,0.0
3,1,10,150,23,0.0
4,1,10,150,23,0.0
5,1,10,150,23,0.07152814081804687
6,1,10,150,23,0.34350767066579985
7,1,10,150,23,0.19609449752144595
8,1,10,150,23,0.09812945298190696
9,1,10,150,23,0.0
10,1,10,150,23,0.4024457835167034
11,1,10,150,23,0.2367296683880333
12,1,10,150,23,0.03907612305998601
13,1,10,150,23,0.38859788914831966
14,1,10,150,23,0.4353826572404421
15,1,10,150,23,0.0771589328370049
16,1,10,150,23,0.22818996282973
17,1,10,150,23,0.10122860821230018
18,1,10,150,23,0.31252293488646066
19,1,10,150,23,0.13886244387355454
20,1,10,150,23,0.029956785715628154
21,1,10,150,23,0.03322541746578526
22,1,10,150,23,0.0
23,1,10,150,23,0.0
24,1,10,150,23,0.09211433894533821
25,1,10,150,23,0.20617481270840976
26,1,10,150,23,0.0
27,1,10,150,23,0.0
28,1,10,150,23,0.28744594448957245
29,1,10,150,23,0.0
30,1,10,150,23,0.0
31,1,10,150,23,0.0
32,1,10,150,23,0.11469999139467348
33,1,10,150,23,0.0
34,1,10,150,23,0.0
35,1,10,150,23,0.0
36,1,10,150,23,0.0
37,1,10,150,23,0.15133867332691472
38,1,10,150,23,0.1981125820435526
39,1,10,150,23,0.0527075128660253
40,1,10,150,23,0.13333413520929938
41,1,10,150,23,0.0
42,1,10,150,23,0.3021534821748088
43,1,10,150,23,0.4462674788492598
44,1,10,150,23,0.15435433390348563
45,1,10,150,23,0.04094516368001556
46,1,10,150,23,0.0
47,1,10,150,23,0.0
48,1,10,150,23,0.12646471153675953
49,1,10,150,23,0.09344518559197289
50,1,10,150,23,0.0
51,1,10,150,23,0.0
52,1,10,150,23,0.0
53,1,10,150,23,0.056760172607960534
54,1,10,150,23,0.11473735981004429
55,1,10,150,23,0.0
56,1,10,150,23,0.3685455285580482
57,1,10,150,23,0.26629065276525005
58,1,10,150,23,0.21423487925960938
59,1,10,150,23,0.4502819784867805
60,1,10,150,23,0.2915331287597754
61,1,10,150,23,0.0
62,1,10,150,23,0.38143418729614414
63,1,10,150,23,0.029108658262576942
64,1,10,150,23,0.3021528738459841
65,1,10,150,23,0.23962825033131158
66,1,10,150,23,0.0
67,1,10,150,23,0.03314040476303028
68,1,10,150,23,0.0
69,1,10,150,23,0.20311218757214683
70,1,10,150,23,0.0
71,1,10,150,23,0.0
72,1,10,150,23,0.2510128174260672
73,1,10,150,23,0.13813187672556318
74,1,10,150,23,0.0
75,1,10,150,23,0.10782602271131432
76,1,10,150,23,0.08718845498029358
77,1,10,150,23,0.30832466920901314
78,1,10,150,23,0.0
79,1,10,150,23,0.36635589681299896
80,1,10,150,23,0.08530460913930236
81,1,10,150,23,0.03907612305998601
82,1,10,150,23,0.3779013210748144
83,1,10,150,23,0.1537242256485424
84,1,10,150,23,0.035079093545523896
85,1,10,150,23,0.09735605327418258
86,1,10,150,23,0.0
87,1,10,150,23,0.16170784827526807
88,1,10,150,23,0.0
89,1,10,150,23,0.09211433894533821
90,1,10,150,23,0.3377140567093883
91,1,10,150,23,0.06364746531547634
92,1,10,150,23,0.5127043988231045
93,1,10,150,23,0.0
94,1,10,150,23,0.555274042698672
95,1,10,150,23,0.29988897204245696
96,1,10,150,23,0.235112969326702
97,1,10,150,23,0.06753111130358476
98,1,10,150,23,0.15172757018789687
99,1,10,150,23,0.24984956398198988
100,1,10,150,23,0.0
101,1,10,150,23,0.0
102,1,10,150,23,0.0
103,1,10,150,23,0.12130357238836831
104,1,10,150,23,0.0
105,1,10,150,23,0.0
106,1,10,150,23,0.33771739389239214
107,1,10,150,23,0.0
108,1,10,150,23,0.0
109,1,10,150,23,0.3118529171915155
110,1,10,150,23,0.0
111,1,10,150,23,0.0
112,1,10,150,23,0.0
113,1,10,150,23,0.0
114,1,10,150,23,0.0724337938054964
115,1,10,150,23,0.37830203828568193
116,1,10,150,23,0.04326935701074781
117,1,10,150,23,0.3273408150326194
118,1,10,150,23,0.0969812381447468
119,1,10,150,23,0.10965790780171271
120,1,10,150,23,0.0845667599404342
121,1,10,150,23,0.06490403551612171
122,1,10,150,23,0.0
123,1,10,150,23,0.0
124,1,10,150,23,0.18978688349077963
125,1,10,150,23,0.23066912318388208
126,1,10,150,23,0.0
127,1,10,150,23,0.0
128,1,10,150,23,0.2512787565287513
129,1,10,150,23,0.0
130,1,10,150,23,0.344896001761404
131,1,10,150,23,0.15029473661519027
132,1,10,150,23,0.0
133,1,10,150,23,0.0
134,1,10,150,23,0.0
135,1,10,150,23,0.03112959369469351
136,1,10,150,23,0.20488712031902198
137,1,10,150,23,0.08999932274300686
138,1,10,150,23,0.0
139,1,10,150,23,0.06016179456846956
140,1,10,150,23,0.0
141,1,10,150,23,0.12980807103224343
142,1,10,150,23,0.04395738023645723
143,1,10,150,23,0.0
144,1,10,150,23,0.24597846003714224
145,1,10,150,23,0.3966626581727246
146,1,10,150,23,0.0
147,1,10,150,23,0.0
148,1,10,150,23,0.2230238039748602
149,1,10,150,23,0.0
150,1,10,150,23,0.0
151,1,10,150,23,0.29228412312817503
152,1,10,150,23,0.0726020410531194
153,1,10,150,23,0.16952307587808224
154,1,10,150,23,0.07891260278466748
155,1,10,150,23,0.0
156,1,10,150,23,0.032014847745354055
157,1,10,150,23,0.028695986104143326
158,1,10,150,23,0.30958072967750294
159,1,10,150,23,0.0
160,1,10,150,23,0.2336451668102763
161,1,10,150,23,0.0949387950452773
162,1,10,150,23,0.0475858026939827
163,1,10,150,23,0.05010834716923557
164,1,10,150,23,0.0
165,1,10,150,23,0.09627818061559096
166,1,10,150,23,0.0
167,1,10,150,23,0.14193894685229305
168,1,10,150,23,0.03175761494935955
169,1,10,150,23,0.040573182910334425
170,1,10,150,23,0.0
171,1,10,150,23,0.0
172,1,10,150,23,0.0
173,1,10,150,23,0.0
174,1,10,150,23,0.14894921597825014
175,1,10,150,23,0.03884264315548268
176,1,10,150,23,0.09885099943510027
177,1,10,150,23,0.24008387833352943
178,1,10,150,23,0.3398488867249967
179,1,10,150,23,0.0
180,1,10,150,23,0.10061652234447657
181,1,10,150,23,0.12556384278941488
182,1,10,150,23,0.04195229264874745
183,1,10,150,23,0.02831169742649504
184,1,10,150,23,0.2825581524207243
185,1,10,150,23,0.0
186,1,10,150,23,0.03907612305998601
187,1,10,150,23,0.06563326889987217
188,1,10,150,23,0.03175761494935955
189,1,10,150,23,0.34182368008457026
190,1,10,150,23,0.03175761494935955
191,1,10,150,23,0.0
192,1,10,150,23,0.03884264315548268
193,1,10,150,23,0.029108658262576942
194,1,10,150,23,0.16611676493676777
195,1,10,150,23,0.14730116379889152
196,1,10,150,23,0.07706308624591164
197,1,10,150,23,0.09101157800142269
198,1,10,150,23,0.050216616680524157
199,1,10,150,23,0.0
200,1,10,150,23,0.2913416109456724
201,1,10,150,23,0.11753606364700314
202,1,10,150,23,0.0
203,1,10,150,23,0.0
204,1,10,150,23,0.0
205,1,10,150,23,0.33118408514264214
206,1,10,150,23,0.0
207,1,10,150,23,0.1934880834331693
208,1,10,150,23,0.0
209,1,10,150,23,0.0
210,1,10,150,23,0.10833770762046085
211,1,10,150,23,0.0
212,1,10,150,23,0.0
213,1,10,150,23,0.3369683786154008
214,1,10,150,23,0.11831102016950192
215,1,10,150,23,0.1686327759306694
216,1,10,150,23,0.20270910302639444
217,1,10,150,23,0.03907612305998601
218,1,10,150,23,0.0383846381653829
219,1,10,150,23,0.0
220,1,10,150,23,0.0
221,1,10,150,23,0.1124575014580526
222,1,10,150,23,0.3247831216414002
223,1,10,150,23,0.16387400589784332
224,1,10,150,23,0.08189977426795961
225,1,10,150,23,0.059109628562248356
226,1,10,150,23,0.23814675809782818
227,1,10,150,23,0.08428605557054564
228,1,10,150,23,0.0
229,1,10,150,23,0.0
230,1,10,150,23,0.17511550721057637
231,1,10,150,23,0.0
232,1,10,150,23,0.06862955887476861
233,1,10,150,23,0.0
234,1,10,150,23,0.40780234282164896
235,1,10,150,23,0.272137490442867
236,1,10,150,23,0.10570772883015847
237,1,10,150,23,0.1632879212347599
238,1,10,150,23,0.0
239,1,10,150,23,0.13972454153758573
240,1,10,150,23,0.0
241,1,10,150,23,0.047978870624887156
242,1,10,150,23,0.0
243,1,10,150,23,0.17307742804299123
244,1,10,150,23,0.11042631965441461
245,1,10,150,23,0.06016179456846956
246,1,10,150,23,0.14490358157889066
247,1,10,150,23,0.04522637401768292
248,1,10,150,23,0.07627332737546935
249,1,10,150,23,0.3746923523059219
250,1,10,150,23,0.11192189821303682
251,1,10,150,23,0.14875973811191145
252,1,10,150,23,0.11004588314904008
253,1,10,150,23,0.2615143793734756
254,1,10,150,23,0.13720557604189298
255,1,10,150,23,0.06865254120228902
256,1,10,150,23,0.28017083560546086
257,1,10,150,23,0.09985651101850142
258,1,10,150,23,0.0
259,1,10,150,23,0.0
260,1,10,150,23,0.0
261,1,10,150,23,0.0
262,1,10,150,23,0.0
263,1,10,150,23,0.2181301095093228
264,1,10,150,23,0.11080046831433256
265,1,10,150,23,0.1807501615505622
266,1,10,150,23,0.0
267,1,10,150,23,0.07270750208333936
268,1,10,150,23,0.18775369691806112
269,1,10,150,23,0.6548770459815946
270,1,10,150,23,0.07847283464157531
271,1,10,150,23,0.29496875871089223
272,1,10,150,23,0.20573919065336121
273,1,10,150,23,0.0
274,1,10,150,23,0.12980807103224343
275,1,10,150,23,0.0
276,1,10,150,23,0.5803324914017629
277,1,10,150,23,0.08189977426795961
278,1,10,150,23,0.0
279,1,10,150,23,0.2993398504141237
280,1,10,150,23,0.30666814801283326
281,1,10,150,23,0.0
282,1,10,150,23,0.0
283,1,10,150,23,0.07799618279567333
284,1,10,150,23,0.0
285,1,10,150,23,0.0
286,1,10,150,23,0.2502018554840671
287,1,10,150,23,0.26047458806617285
288,1,10,150,23,0.1094987448412546
289,1,10,150,23,0.0
290,1,10,150,23,0.21215355110297726
291,1,10,150,23,0.10548960815998014
292,1,10,150,23,0.12768288879668957
293,1,10,150,23,0.32442413521886804
294,1,10,150,23,0.0
295,1,10,150,23,0.16093766472693694
296,1,10,150,23,0.3313254506698993
297,1,10,150,23,0.2065795579209677
298,1,10,150,23,0.15210549102263912
299,1,10,150,23,0.2566728982713053
300,1,10,150,23,0.0
301,1,10,150,23,0.5851379572080045
302,1,10,150,23,0.13927874459665815
303,1,10,150,23,0.30499903189579064
304,1,10,150,23,0.0
305,1,10,150,23,0.31986076418902104
306,1,10,150,23,0.05252809026007655
307,1,10,150,23,0.20137305111384657
308,1,10,150,23,0.5097201573389679
309,1,10,150,23,0.0
310,1,10,150,23,0.039396067695057414
311,1,10,150,23,0.36215600561711353
312,1,10,150,23,0.06490403551612171
313,1,10,150,23,0.3968149804102766
314,1,10,150,23,0.22621769243021655
315,1,10,150,23,0.2031384702690655
316,1,10,150,23,0.1406960391772181
317,1,10,150,23,0.0
318,1,10,150,23,0.0726020410531194
319,1,10,150,23,0.06591877139737895
320,1,10,150,23,0.40190801784867053
321,1,10,150,23,0.18775369691806112
322,1,10,150,23,0.14687826714600544
323,1,10,150,23,0.18757963323546192
324,1,10,150,23,0.0734773909038217
325,1,10,150,23,0.1555073833932766
326,1,10,150,23,0.39096849887834073
327,1,10,150,23,0.03175761494935955
328,1,10,150,23,0.20737270157977525
329,1,10,150,23,0.0
330,1,10,150,23,0.13623789058932062
331,1,10,150,23,0.03322541746578526
332,1,10,150,23,0.13211639094848376
333,1,10,150,23,0.0
334,1,10,150,23,0.22228026537869489
335,1,10,150,23,0.0
336,1,10,150,23,0.09103006183250553
337,1,10,150,23,0.0
338,1,10,150,23,0.05982557979883684
339,1,10,150,23,0.48047679406383514
340,1,10,150,23,0.19897370622983218
341,1,10,150,23,0.0
342,1,10,150,23,0.10365892353538576
343,1,10,150,23,0.3729780536755013
344,1,10,150,23,0.32648281291693104
345,1,10,150,23,0.15435224690320845
346,1,10,150,23,0.20291449831797934
347,1,10,150,23,0.3698004542990919
348,1,10,150,23,0.16093766472693694
349,1,10,150,23,0.18672776492534796
350,1,10,150,23,0.0
351,1,10,150,23,0.0
352,1,10,150,23,0.0
353,1,10,150,23,0.0
354,1,10,150,23,0.23085367918560834
355,1,10,150,23,0.0
356,1,10,150,23,0.0
357,1,10,150,23,0.050216616680524157
358,1,10,150,23,0.06323567569191428
359,1,10,150,23,0.13587623914185412
360,1,10,150,23,0.0673386393977186
361,1,10,150,23,0.16093766472693694
362,1,10,150,23,0.0
363,1,10,150,23,0.16923241422350352
364,1,10,150,23,0.0
365,1,10,150,23,0.14456587527532935
366,1,10,150,23,0.044257815106106525
367,1,10,150,23,0.0
368,1,10,150,23,0.042512356679180144
369,1,10,150,23,0.0
370,1,10,150,23,0.14154116653408116
371,1,10,150,23,0.098804715452931
372,1,10,150,23,0.06679511870650716
373,1,10,150,23,0.18194531674577785
374,1,10,150,23,0.08813727722533188
375,1,10,150,23,0.04282650856324445
376,1,10,150,23,0.0
377,1,10,150,23,0.05397642893687311
378,1,10,150,23,0.322669721159502
379,1,10,150,23,0.14609559108227146
380,1,10,150,23,0.0
381,1,10,150,23,0.03322541746578526
382,1,10,150,23,0.0
383,1,10,150,23,0.0632176666891428
384,1,10,150,23,0.0
385,1,10,150,23,0.19589014022931667
386,1,10,150,23,0.14606834984270645
387,1,10,150,23,0.2727300831422606
388,1,10,150,23,0.0
389,1,10,150,23,0.1431451178263361
390,1,10,150,23,0.05307577057513386
391,1,10,150,23,0.09645518452683792
392,1,10,150,23,0.10398015857610773
393,1,10,150,23,0.31059654763280203
394,1,10,150,23,0.030034759529155578
395,1,10,150,23,0.04720998255710776
396,1,10,150,23,0.0
397,1,10,150,23,0.0
398,1,10,150,23,0.15989595706363294
399,1,10,150,23,0.0
400,1,10,150,23,0.0
401,1,10,150,23,0.0
402,1,10,150,23,0.03886843091227488
403,1,10,150,23,0.0
404,1,10,150,23,0.0
405,1,10,150,23,0.26064791822501365
406,1,10,150,23,0.18571336427455656
407,1,10,150,23,0.04326935701074781
408,1,10,150,23,0.0
409,1,10,150,23,0.12464966762564157
410,1,10,150,23,0.0
411,1,10,150,23,0.0
412,1,10,150,23,0.1116390111176635
413,1,10,150,23,0.04935421935348238
414,1,10,150,23,0.1309019901681972
415,1,10,150,23,0.0
416,1,10,150,23,0.24987892255142463
417,1,10,150,23,0.23891814872941955
418,1,10,150,23,0.0
419,1,10,150,23,0.0
420,1,10,150,23,0.19519002499605084
421,1,10,150,23,0.0
422,1,10,150,23,0.0
423,1,10,150,23,0.0
424,1,10,150,23,0.0
425,1,10,150,23,0.0
426,1,10,150,23,0.043599246064372175
427,1,10,150,23,0.0
428,1,10,150,23,0.0
429,1,10,150,23,0.23543942778057067
430,1,10,150,23,0.0
431,1,10,150,23,0.0
432,1,10,150,23,0.0
433,1,10,150,23,0.13012668333070054
434,1,10,150,23,0.0
435,1,10,150,23,0.10086105215163864
436,1,10,150,23,0.06536545161870184
437,1,10,150,23,0.12980807103224343
438,1,10,150,23,0.0
439,1,10,150,23,0.18154179253735267
440,1,10,150,23,0.0
442,1,10,150,23,0.0733934381893728
444,1,10,150,23,0.0
445,1,10,150,23,0.0
446,1,10,150,23,0.0
447,1,10,150,23,0.0
448,1,10,150,23,0.0
449,1,10,150,23,0.0
450,1,10,150,23,0.1581073611076314
451,1,10,150,23,0.0
452,1,10,150,23,0.05780700008370542
453,1,10,150,23,0.1515771522786143
454,1,10,150,23,0.0
455,1,10,150,23,0.0
456,1,10,150,23,0.0
457,1,10,150,23,0.0
458,1,10,150,23,0.0
459,1,10,150,23,0.0
460,1,10,150,23,0.0
462,1,10,150,23,0.0
1,1,10,150,24,1.0
2,1,10,150,24,0.0
3,1,10,150,24,0.0
4,1,10,150,24,0.0
5,1,10,150,24,0.06958310876785745
6,1,10,150,24,0.33416682353501126
7,1,10,150,24,0.21795473252492456
8,1,10,150,24,0.12265360667876177
9,1,10,150,24,0.0
10,1,10,150,24,0.4186948022874051
11,1,10,150,24,0.23029238668352597
12,1,10,150,24,0.03801354390051703
13,1,10,150,24,0.37803092430923446
14,1,10,150,24,0.42354349557981025
15,1,10,150,24,0.07506078523229988
16,1,10,150,24,0.24917744051033683
17,1,10,150,24,0.10122860821230018
18,1,10,150,24,0.3312171845918664
19,1,10,150,24,0.13886244387355454
20,1,10,150,24,0.029956785715628154
21,1,10,150,24,0.03232193387019919
22,1,10,150,24,0.027192543073881765
23,1,10,150,24,0.0
24,1,10,150,24,0.08960951581584496
25,1,10,150,24,0.2005683952330868
26,1,10,150,24,0.0
27,1,10,150,24,0.0
28,1,10,150,24,0.27962955826262714
29,1,10,150,24,0.0
30,1,10,150,24,0.0
31,1,10,150,24,0.0
32,1,10,150,24,0.11469999139467348
33,1,10,150,24,0.0
34,1,10,150,24,0.0
35,1,10,150,24,0.0
36,1,10,150,24,0.0
37,1,10,150,24,0.15133867332691472
38,1,10,150,24,0.19272539712285533
39,1,10,150,24,0.0527075128660253
40,1,10,150,24,0.17354377075669264
41,1,10,150,24,0.0
42,1,10,150,24,0.2939371605958469
43,1,10,150,24,0.43413233120817873
44,1,10,150,24,0.15015704703017474
45,1,10,150,24,0.04094516368001556
46,1,10,150,24,0.0
47,1,10,150,24,0.0
48,1,10,150,24,0.12302581442097016
49,1,10,150,24,0.09090417335771628
50,1,10,150,24,0.0
51,1,10,150,24,0.0
52,1,10,150,24,0.0
53,1,10,150,24,0.056760172607960534
54,1,10,150,24,0.11161735921122619
55,1,10,150,24,0.0
56,1,10,150,24,0.3585238383980469
57,1,10,150,24,0.2590495327197589
58,1,10,150,24,0.2084092880774146
59,1,10,150,24,0.438037666391386
60,1,10,150,24,0.3107981446723934
61,1,10,150,24,0.0
62,1,10,150,24,0.3710620217282426
63,1,10,150,24,0.028317119818948914
64,1,10,150,24,0.29393656880902996
65,1,10,150,24,0.23311214881245845
66,1,10,150,24,0.0
67,1,10,150,24,0.03314040476303028
68,1,10,150,24,0.0
69,1,10,150,24,0.19758905066276086
70,1,10,150,24,0.0
71,1,10,150,24,0.0
72,1,10,150,24,0.2441871405761124
73,1,10,150,24,0.13437571971782716
74,1,10,150,24,0.03272011597426011
75,1,10,150,24,0.1320865020181333
76,1,10,150,24,0.11201012223657851
77,1,10,150,24,0.29994053736080667
78,1,10,150,24,0.0
79,1,10,150,24,0.3563937483085409
80,1,10,150,24,0.08530460913930236
81,1,10,150,24,0.03801354390051703
82,1,10,150,24,0.3676252231238107
83,1,10,150,24,0.1495440730210953
84,1,10,150,24,0.034125203783294505
85,1,10,150,24,0.09470869460202123
86,1,10,150,24,0.0
87,1,10,150,24,0.1573106006456581
88,1,10,150,24,0.0
89,1,10,150,24,0.08960951581584496
90,1,10,150,24,0.3557232957495447
91,1,10,150,24,0.06191672887334185
92,1,10,150,24,0.5259552054478203
93,1,10,150,24,0.0
94,1,10,150,24,0.5673672724486617
95,1,10,150,24,0.31892677132669206
96,1,10,150,24,0.2559121928549392
97,1,10,150,24,0.06569476865063492
98,1,10,150,24,0.15172757018789687
99,1,10,150,24,0.24305551895141903
100,1,10,150,24,0.0
101,1,10,150,24,0.0
102,1,10,150,24,0.0
103,1,10,150,24,0.12130357238836831
104,1,10,150,24,0.0
105,1,10,150,24,0.0
106,1,10,150,24,0.3285339991121741
107,1,10,150,24,0.0
108,1,10,150,24,0.0
109,1,10,150,24,0.30337284330806946
110,1,10,150,24,0.0
111,1,10,150,24,0.0
112,1,10,150,24,0.0
113,1,10,150,24,0.0
114,1,10,150,24,0.0724337938054964
115,1,10,150,24,0.3680150438146612
116,1,10,150,24,0.04209275315645388
117,1,10,150,24,0.3184395858200053
118,1,10,150,24,0.09434407164913738
119,1,10,150,24,0.10667603042042288
120,1,10,150,24,0.0845667599404342
121,1,10,150,24,0.06313912973468082
122,1,10,150,24,0.0
123,1,10,150,24,0.0
124,1,10,150,24,0.18978688349077963
125,1,10,150,24,0.2243966431158898
126,1,10,150,24,0.0
127,1,10,150,24,0.0
128,1,10,150,24,0.2444458481182918
129,1,10,150,24,0.0
130,1,10,150,24,0.3355174023774974
131,1,10,150,24,0.15029473661519027
132,1,10,150,24,0.0
133,1,10,150,24,0.0
134,1,10,150,24,0.0
135,1,10,150,24,0.030283100877278122
136,1,10,150,24,0.20488712031902198
137,1,10,150,24,0.08999932274300686
138,1,10,150,24,0.0
139,1,10,150,24,0.06016179456846956
140,1,10,150,24,0.0
141,1,10,150,24,0.12627825946936164
142,1,10,150,24,0.04395738023645723
143,1,10,150,24,0.0
144,1,10,150,24,0.23928968016733515
145,1,10,150,24,0.38587639175456234
146,1,10,150,24,0.0
147,1,10,150,24,0.0
148,1,10,150,24,0.21695921957877284
149,1,10,150,24,0.0
150,1,10,150,24,0.0
151,1,10,150,24,0.2843361745202004
152,1,10,150,24,0.07062780692453072
153,1,10,150,24,0.16952307587808224
154,1,10,150,24,0.07676676843437329
155,1,10,150,24,0.0
156,1,10,150,24,0.032014847745354055
157,1,10,150,24,0.027915669265958894
158,1,10,150,24,0.30116244235090367
159,1,10,150,24,0.0
160,1,10,150,24,0.22729176054778358
161,1,10,150,24,0.09235716777162616
162,1,10,150,24,0.0475858026939827
163,1,10,150,24,0.05010834716923557
164,1,10,150,24,0.0
165,1,10,150,24,0.09627818061559096
166,1,10,150,24,0.0
167,1,10,150,24,0.1652718090000324
168,1,10,150,24,0.030894044636925338
169,1,10,150,24,0.040573182910334425
170,1,10,150,24,0.0
171,1,10,150,24,0.0
172,1,10,150,24,0.0
173,1,10,150,24,0.0
174,1,10,150,24,0.14489890800694066
175,1,10,150,24,0.03884264315548268
176,1,10,150,24,0.09885099943510027
177,1,10,150,24,0.23355538713060034
178,1,10,150,24,0.3578000743079982
179,1,10,150,24,0.0
180,1,10,150,24,0.09788050322668021
181,1,10,150,24,0.12214944258584158
182,1,10,150,24,0.04195229264874745
183,1,10,150,24,0.02831169742649504
184,1,10,150,24,0.2748746776901473
185,1,10,150,24,0.0
186,1,10,150,24,0.03801354390051703
187,1,10,150,24,0.0944003607204944
188,1,10,150,24,0.0580865877108071
189,1,10,150,24,0.3325286249401978
190,1,10,150,24,0.03175761494935955
191,1,10,150,24,0.0
192,1,10,150,24,0.03884264315548268
193,1,10,150,24,0.028317119818948914
194,1,10,150,24,0.16159962765093083
195,1,10,150,24,0.14329567055745726
196,1,10,150,24,0.07706308624591164
197,1,10,150,24,0.08853674174639706
198,1,10,150,24,0.048851099168414396
199,1,10,150,24,0.0
200,1,10,150,24,0.2834192916408181
201,1,10,150,24,0.1143399591735475
202,1,10,150,24,0.0
203,1,10,150,24,0.0
204,1,10,150,24,0.0
205,1,10,150,24,0.33118408514264214
206,1,10,150,24,0.0
207,1,10,150,24,0.18822665039013
208,1,10,150,24,0.0
209,1,10,150,24,0.0
210,1,10,150,24,0.10539172983946586
211,1,10,150,24,0.0
212,1,10,150,24,0.0
213,1,10,150,24,0.32780535146536544
214,1,10,150,24,0.14228638573130958
215,1,10,150,24,0.16404722190750642
216,1,10,150,24,0.22438947008476304
217,1,10,150,24,0.03801354390051703
218,1,10,150,24,0.0383846381653829
219,1,10,150,24,0.0
220,1,10,150,24,0.0
221,1,10,150,24,0.10939949600567338
222,1,10,150,24,0.31595144261649666
223,1,10,150,24,0.15941785493377666
224,1,10,150,24,0.07967271112843692
225,1,10,150,24,0.059109628562248356
226,1,10,150,24,0.23814675809782818
227,1,10,150,24,0.08428605557054564
228,1,10,150,24,0.0
229,1,10,150,24,0.0
230,1,10,150,24,0.17035367123784811
231,1,10,150,24,0.0
232,1,10,150,24,0.06676334663892496
233,1,10,150,24,0.027192543073881765
234,1,10,150,24,0.39671316004884133
235,1,10,150,24,0.26473738001198127
236,1,10,150,24,0.10283326686070217
237,1,10,150,24,0.1632879212347599
238,1,10,150,24,0.0
239,1,10,150,24,0.13592507592334654
240,1,10,150,24,0.0
241,1,10,150,24,0.047978870624887156
242,1,10,150,24,0.0
243,1,10,150,24,0.16837101262581552
244,1,10,150,24,0.13461609027460344
245,1,10,150,24,0.06016179456846956
246,1,10,150,24,0.14096328469524694
247,1,10,150,24,0.04522637401768292
248,1,10,150,24,0.07419926163542362
249,1,10,150,24,0.364503514376389
250,1,10,150,24,0.1088784571749682
251,1,10,150,24,0.14471458252564393
252,1,10,150,24,0.15744006533381547
253,1,10,150,24,0.2815956814218047
254,1,10,150,24,0.13347460750539705
255,1,10,150,24,0.06678570401851433
256,1,10,150,24,0.27255227809021393
257,1,10,150,24,0.12433370161530503
258,1,10,150,24,0.0
259,1,10,150,24,0.0316088333445714
260,1,10,150,24,0.0
261,1,10,150,24,0.0
262,1,10,150,24,0.0
263,1,10,150,24,0.21219859711077996
264,1,10,150,24,0.1077875218070888
265,1,10,150,24,0.1807501615505622
266,1,10,150,24,0.05919139647768146
267,1,10,150,24,0.0707304002011438
268,1,10,150,24,0.18264819642733618
269,1,10,150,24,0.6370692737006436
270,1,10,150,24,0.07633895870545467
271,1,10,150,24,0.28694780803419684
272,1,10,150,24,0.20573919065336121
273,1,10,150,24,0.0
274,1,10,150,24,0.12627825946936164
275,1,10,150,24,0.0
276,1,10,150,24,0.5917443182060291
277,1,10,150,24,0.07967271112843692
278,1,10,150,24,0.0
279,1,10,150,24,0.2912000386380083
280,1,10,150,24,0.29832906118860675
281,1,10,150,24,0.0
282,1,10,150,24,0.0
283,1,10,150,24,0.07587526823540362
284,1,10,150,24,0.0
285,1,10,150,24,0.0
286,1,10,150,24,0.24339823075165146
287,1,10,150,24,0.28058416468441355
288,1,10,150,24,0.1065211955056228
289,1,10,150,24,0.0
290,1,10,150,24,0.20638455652633256
291,1,10,150,24,0.10262107744624296
292,1,10,150,24,0.12421086634328793
293,1,10,150,24,0.3156022179477221
294,1,10,150,24,0.0
295,1,10,150,24,0.15656136034663976
296,1,10,150,24,0.3223158690810848
297,1,10,150,24,0.20096213439401833
298,1,10,150,24,0.1751618989801138
299,1,10,150,24,0.24969330942916473
300,1,10,150,24,0.0
301,1,10,150,24,0.5964191111763445
302,1,10,150,24,0.13927874459665815
303,1,10,150,24,0.2967053325834721
304,1,10,150,24,0.0
305,1,10,150,24,0.3383554796550481
306,1,10,150,24,0.05252809026007655
307,1,10,150,24,0.1958972057475143
308,1,10,150,24,0.5230521130787841
309,1,10,150,24,0.0
310,1,10,150,24,0.039396067695057414
311,1,10,150,24,0.3523080628349052
312,1,10,150,24,0.06313912973468082
313,1,10,150,24,0.4132171150369903
314,1,10,150,24,0.22006625808473373
315,1,10,150,24,0.19761461866631147
316,1,10,150,24,0.13687015607156702
317,1,10,150,24,0.0
318,1,10,150,24,0.07062780692453072
319,1,10,150,24,0.06591877139737895
320,1,10,150,24,0.3909791167615821
321,1,10,150,24,0.18264819642733618
322,1,10,150,24,0.14288427354002056
323,1,10,150,24,0.18247886597892368
324,1,10,150,24,0.0734773909038217
325,1,10,150,24,0.15127874217204829
326,1,10,150,24,0.3803370711320605
327,1,10,150,24,0.030894044636925338
328,1,10,150,24,0.20173371045971997
329,1,10,150,24,0.0
330,1,10,150,24,0.1597257789550575
331,1,10,150,24,0.03232193387019919
332,1,10,150,24,0.1285238102968513
333,1,10,150,24,0.0
334,1,10,150,24,0.21623589968791082
335,1,10,150,24,0.0
336,1,10,150,24,0.088554722955107
337,1,10,150,24,0.0
338,1,10,150,24,0.058198770143237016
339,1,10,150,24,0.46741140814525367
340,1,10,150,24,0.19897370622983218
341,1,10,150,24,0.0
342,1,10,150,24,0.10084017379215757
343,1,10,150,24,0.36283583188531765
344,1,10,150,24,0.31760491496380533
345,1,10,150,24,0.1501550167807425
346,1,10,150,24,0.19739673708215255
347,1,10,150,24,0.35974463951682284
348,1,10,150,24,0.15656136034663976
349,1,10,150,24,0.18672776492534796
350,1,10,150,24,0.0
351,1,10,150,24,0.0
352,1,10,150,24,0.0
353,1,10,150,24,0.0
354,1,10,150,24,0.2245761805705896
355,1,10,150,24,0.0
356,1,10,150,24,0.0
357,1,10,150,24,0.048851099168414396
358,1,10,150,24,0.06323567569191428
359,1,10,150,24,0.13587623914185412
360,1,10,150,24,0.06550753054535954
361,1,10,150,24,0.15656136034663976
362,1,10,150,24,0.0
363,1,10,150,24,0.1646305545102339
364,1,10,150,24,0.0
365,1,10,150,24,0.14456587527532935
366,1,10,150,24,0.044257815106106525
367,1,10,150,24,0.0
368,1,10,150,24,0.042512356679180144
369,1,10,150,24,0.0
370,1,10,150,24,0.14154116653408116
371,1,10,150,24,0.098804715452931
372,1,10,150,24,0.06679511870650716
373,1,10,150,24,0.17699776088307723
374,1,10,150,24,0.11293314359184915
375,1,10,150,24,0.04282650856324445
376,1,10,150,24,0.0
377,1,10,150,24,0.05397642893687311
378,1,10,150,24,0.3138955108682348
379,1,10,150,24,0.1421228804288626
380,1,10,150,24,0.0
381,1,10,150,24,0.03232193387019919
382,1,10,150,24,0.0
383,1,10,150,24,0.0632176666891428
384,1,10,150,24,0.0
385,1,10,150,24,0.19056338915338222
386,1,10,150,24,0.14606834984270645
387,1,10,150,24,0.2653138586088713
388,1,10,150,24,0.04739418218477539
389,1,10,150,24,0.13925263804402757
390,1,10,150,24,0.05307577057513386
391,1,10,150,24,0.09383232276689267
392,1,10,150,24,0.10115267363519787
393,1,10,150,24,0.32934318070657986
394,1,10,150,24,0.0564105811108271
395,1,10,150,24,0.04720998255710776
396,1,10,150,24,0.0
397,1,10,150,24,0.0
398,1,10,150,24,0.15554797936384054
399,1,10,150,24,0.0
400,1,10,150,24,0.0
401,1,10,150,24,0.0
402,1,10,150,24,0.0772439298321276
403,1,10,150,24,0.0
404,1,10,150,24,0.05446824630887794
405,1,10,150,24,0.25356023848156234
406,1,10,150,24,0.1806633456171252
407,1,10,150,24,0.04209275315645388
408,1,10,150,24,0.0
409,1,10,150,24,0.12126012616958626
410,1,10,150,24,0.0
411,1,10,150,24,0.0
412,1,10,150,24,0.15001451003751623
413,1,10,150,24,0.04935421935348238
414,1,10,150,24,0.1309019901681972
415,1,10,150,24,0.0
416,1,10,150,24,0.24308407918668984
417,1,10,150,24,0.2324213566789627
418,1,10,150,24,0.07303417492135322
419,1,10,150,24,0.0
420,1,10,150,24,0.19519002499605084
421,1,10,150,24,0.0
422,1,10,150,24,0.0
423,1,10,150,24,0.0
424,1,10,150,24,0.0
425,1,10,150,24,0.0
426,1,10,150,24,0.043599246064372175
427,1,10,150,24,0.0
428,1,10,150,24,0.0
429,1,10,150,24,0.2290372309993574
430,1,10,150,24,0.0
431,1,10,150,24,0.0
432,1,10,150,24,0.0
433,1,10,150,24,0.13012668333070054
434,1,10,150,24,0.0
435,1,10,150,24,0.09811838364652817
436,1,10,150,24,0.06536545161870184
437,1,10,150,24,0.1534708025432434
438,1,10,150,24,0.0
439,1,10,150,24,0.18154179253735267
440,1,10,150,24,0.0
442,1,10,150,24,0.0733934381893728
444,1,10,150,24,0.0
445,1,10,150,24,0.0
446,1,10,150,24,0.0
447,1,10,150,24,0.0
448,1,10,150,24,0.0
449,1,10,150,24,0.0
450,1,10,150,24,0.15380801988041434
451,1,10,150,24,0.0
452,1,10,150,24,0.05780700008370542
453,1,10,150,24,0.1515771522786143
454,1,10,150,24,0.0
455,1,10,150,24,0.0
456,1,10,150,24,0.0
457,1,10,150,24,0.0
458,1,10,150,24,0.0
459,1,10,150,24,0.0
460,1,10,150,24,0.0
462,1,10,150,24,0.0
1,1,10,150,25,1.0
2,1,10,150,25,0.0
3,1,10,150,25,0.0
4,1,10,150,25,0.0
5,1,10,150,25,0.06776265149141587
6,1,10,150,25,0.32542423591250064
7,1,10,150,25,0.2384148703786581
8,1,10,150,25,0.11944470074291061
9,1,10,150,25,0.0
10,1,10,150,25,0.40774076454851543
11,1,10,150,25,0.2242673978827844
12,1,10,150,25,0.03701902046196388
13,1,10,150,25,0.3943030936562574
14,1,10,150,25,0.41246260465569085
15,1,10,150,25,0.07309701909607517
16,1,10,150,25,0.2426583744218198
17,1,10,150,25,0.10122860821230018
18,1,10,150,25,0.3225517664401082
19,1,10,150,25,0.13886244387355454
20,1,10,150,25,0.029956785715628154
21,1,10,150,25,0.05763866098878766
22,1,10,150,25,0.026481122388885493
23,1,10,150,25,0.0
24,1,10,150,25,0.08726512077523825
25,1,10,150,25,0.19532105574234324
26,1,10,150,25,0.0
27,1,10,150,25,0.0
28,1,10,150,25,0.2723137933728226
29,1,10,150,25,0.0
30,1,10,150,25,0.0
31,1,10,150,25,0.0
32,1,10,150,25,0.11469999139467348
33,1,10,150,25,0.0
34,1,10,150,25,0.0
35,1,10,150,25,0.0
36,1,10,150,25,0.0
37,1,10,150,25,0.15133867332691472
38,1,10,150,25,0.1876832488521034
39,1,10,150,25,0.0527075128660253
40,1,10,150,25,0.17354377075669264
41,1,10,150,25,0.0
42,1,10,150,25,0.2862470752820607
43,1,10,150,25,0.4227744115164453
44,1,10,150,25,0.14622858660758822
45,1,10,150,25,0.04094516368001556
46,1,10,150,25,0.0
47,1,10,150,25,0.0
48,1,10,150,25,0.11980717065786968
49,1,10,150,25,0.08852590704023888
50,1,10,150,25,0.0
51,1,10,150,25,0.0
52,1,10,150,25,0.0
53,1,10,150,25,0.056760172607960534
54,1,10,150,25,0.10869718738574528
55,1,10,150,25,0.0
56,1,10,150,25,0.3753063588506473
57,1,10,150,25,0.25227218955201125
58,1,10,150,25,0.20295681244537161
59,1,10,150,25,0.42657757397444523
60,1,10,150,25,0.3288292811749887
61,1,10,150,25,0.0
62,1,10,150,25,0.3613541692130595
63,1,10,150,25,0.027576277569513717
64,1,10,150,25,0.2862464989777745
65,1,10,150,25,0.2270133884229456
66,1,10,150,25,0.0
67,1,10,150,25,0.03314040476303028
68,1,10,150,25,0.0
69,1,10,150,25,0.2185820025052939
70,1,10,150,25,0.0
71,1,10,150,25,0.0
72,1,10,150,25,0.23779863243459934
73,1,10,150,25,0.13086013582010986
74,1,10,150,25,0.03272011597426011
75,1,10,150,25,0.1286308094229542
76,1,10,150,25,0.10907967480944541
77,1,10,150,25,0.3182557343284362
78,1,10,150,25,0.0
79,1,10,150,25,0.347069652218625
80,1,10,150,25,0.08530460913930236
81,1,10,150,25,0.03701902046196388
82,1,10,150,25,0.35800728531835946
83,1,10,150,25,0.14563164943582255
84,1,10,150,25,0.03323240843917434
85,1,10,150,25,0.09223089308835596
86,1,10,150,25,0.0
87,1,10,150,25,0.1531949864875987
88,1,10,150,25,0.0
89,1,10,150,25,0.08726512077523825
90,1,10,150,25,0.346416740270578
91,1,10,150,25,0.060296842070253175
92,1,10,150,25,0.5121949840694662
93,1,10,150,25,0.0
94,1,10,150,25,0.5525236142989544
95,1,10,150,25,0.3367452438968715
96,1,10,150,25,0.2492169298541562
97,1,10,150,25,0.06397603946862633
98,1,10,150,25,0.15172757018789687
99,1,10,150,25,0.23669661668491399
100,1,10,150,25,0.0
101,1,10,150,25,0.0
102,1,10,150,25,0.0
103,1,10,150,25,0.12130357238836831
104,1,10,150,25,0.0
105,1,10,150,25,0.0
106,1,10,150,25,0.3199387793838127
107,1,10,150,25,0.0
108,1,10,150,25,0.0
109,1,10,150,25,0.2954358984107461
110,1,10,150,25,0.0
111,1,10,150,25,0.0
112,1,10,150,25,0.0
113,1,10,150,25,0.0
114,1,10,150,25,0.0724337938054964
115,1,10,150,25,0.35838690738592727
116,1,10,150,25,0.04099150803926931
117,1,10,150,25,0.33627080430534045
118,1,10,150,25,0.1180381542205152
119,1,10,150,25,0.10388513534201171
120,1,10,150,25,0.0845667599404342
121,1,10,150,25,0.06148726205890397
122,1,10,150,25,0.02616234469366652
123,1,10,150,25,0.0
124,1,10,150,25,0.18978688349077963
125,1,10,150,25,0.24468824548425674
126,1,10,150,25,0.0
127,1,10,150,25,0.0
128,1,10,150,25,0.23805057158088538
129,1,10,150,25,0.0
130,1,10,150,25,0.35290182513944024
131,1,10,150,25,0.15029473661519027
132,1,10,150,25,0.0
133,1,10,150,25,0.0
134,1,10,150,25,0.0
135,1,10,150,25,0.029490823953733692
136,1,10,150,25,0.20488712031902198
137,1,10,150,25,0.1176154775744913
138,1,10,150,25,0.0
139,1,10,150,25,0.06016179456846956
140,1,10,150,25,0.0
141,1,10,150,25,0.12297452411780795
142,1,10,150,25,0.04395738023645723
143,1,10,150,25,0.0
144,1,10,150,25,0.2330293010731601
145,1,10,150,25,0.37578096058433114
146,1,10,150,25,0.0
147,1,10,150,25,0.0
148,1,10,150,25,0.2112830576916841
149,1,10,150,25,0.0
150,1,10,150,25,0.0
151,1,10,150,25,0.30305961820719085
152,1,10,150,25,0.06878001789481342
153,1,10,150,25,0.16952307587808224
154,1,10,150,25,0.07676676843437329
155,1,10,150,25,0.0
156,1,10,150,25,0.032014847745354055
157,1,10,150,25,0.027915669265958894
158,1,10,150,25,0.2932833267253328
159,1,10,150,25,0.0
160,1,10,150,25,0.22134527516230215
161,1,10,150,25,0.09235716777162616
162,1,10,150,25,0.0475858026939827
163,1,10,150,25,0.05010834716923557
164,1,10,150,25,0.0
165,1,10,150,25,0.09627818061559096
166,1,10,150,25,0.0
167,1,10,150,25,0.16094791096482775
168,1,10,150,25,0.030085783992152577
169,1,10,150,25,0.040573182910334425
170,1,10,150,25,0.0
171,1,10,150,25,0.0
172,1,10,150,25,0.0
173,1,10,150,25,0.0
174,1,10,150,25,0.1411080128299272
175,1,10,150,25,0.03884264315548268
176,1,10,150,25,0.09885099943510027
177,1,10,150,25,0.22744503058742682
178,1,10,150,25,0.37460153012619934
179,1,10,150,25,0.0
180,1,10,150,25,0.12148206445614078
181,1,10,150,25,0.14511607145843808
182,1,10,150,25,0.04195229264874745
183,1,10,150,25,0.02831169742649504
184,1,10,150,25,0.2676833116248572
185,1,10,150,25,0.0
186,1,10,150,25,0.03701902046196388
187,1,10,150,25,0.0944003607204944
188,1,10,150,25,0.0827292510747046
189,1,10,150,25,0.32382889643400137
190,1,10,150,25,0.03175761494935955
191,1,10,150,25,0.0
192,1,10,150,25,0.03884264315548268
193,1,10,150,25,0.027576277569513717
194,1,10,150,25,0.157371802489959
195,1,10,150,25,0.13954671983122297
196,1,10,150,25,0.07706308624591164
197,1,10,150,25,0.08622041299077368
198,1,10,150,25,0.04757303987330585
199,1,10,150,25,0.0
200,1,10,150,25,0.2760043784400762
201,1,10,150,25,0.11134855774938938
202,1,10,150,25,0.0
203,1,10,150,25,0.0
204,1,10,150,25,0.0
205,1,10,150,25,0.33118408514264214
206,1,10,150,25,0.0
207,1,10,150,25,0.18330219988208915
208,1,10,150,25,0.0
209,1,10,150,25,0.0
210,1,10,150,25,0.10263443507554397
211,1,10,150,25,0.0
212,1,10,150,25,0.0
213,1,10,150,25,0.3192291948679
214,1,10,150,25,0.16472618495625757
215,1,10,150,25,0.15975536194192383
216,1,10,150,25,0.24468126011644278
217,1,10,150,25,0.03701902046196388
218,1,10,150,25,0.0383846381653829
219,1,10,150,25,0.0
220,1,10,150,25,0.0
221,1,10,150,25,0.10653734868185954
222,1,10,150,25,0.3076854120683027
223,1,10,150,25,0.15524711006267425
224,1,10,150,25,0.07758828619721583
225,1,10,150,25,0.059109628562248356
226,1,10,150,25,0.23814675809782818
227,1,10,150,25,0.08428605557054564
228,1,10,150,25,0.0
229,1,10,150,25,0.0
230,1,10,150,25,0.16589681977109197
231,1,10,150,25,0.0
232,1,10,150,25,0.09117900564492118
233,1,10,150,25,0.026481122388885493
234,1,10,150,25,0.38633421361112985
235,1,10,150,25,0.2578112294228096
236,1,10,150,25,0.10014290748711667
237,1,10,150,25,0.1632879212347599
238,1,10,150,25,0.0
239,1,10,150,25,0.13236895723452716
240,1,10,150,25,0.0
241,1,10,150,25,0.047978870624887156
242,1,10,150,25,0.0
243,1,10,150,25,0.16396603215707725
244,1,10,150,25,0.15725656241319208
245,1,10,150,25,0.06016179456846956
246,1,10,150,25,0.13727535465189844
247,1,10,150,25,0.04522637401768292
248,1,10,150,25,0.07225803497650211
249,1,10,150,25,0.3549672477912211
250,1,10,150,25,0.10602994144864207
251,1,10,150,25,0.14092850973540796
252,1,10,150,25,0.15744006533381547
253,1,10,150,25,0.2742284781401995
254,1,10,150,25,0.12998259881598898
255,1,10,150,25,0.06503843340937276
256,1,10,150,25,0.26542167144377365
257,1,10,150,25,0.12108084045660593
258,1,10,150,25,0.0
259,1,10,150,25,0.0316088333445714
260,1,10,150,25,0.0
261,1,10,150,25,0.0
262,1,10,150,25,0.0
263,1,10,150,25,0.20664698426965528
264,1,10,150,25,0.13112989220156215
265,1,10,150,25,0.1807501615505622
266,1,10,150,25,0.05919139647768146
267,1,10,150,25,0.09504227178442701
268,1,10,150,25,0.1778696913547277
269,1,10,150,25,0.6204020477683435
270,1,10,150,25,0.07434175255424698
271,1,10,150,25,0.2794405805713141
272,1,10,150,25,0.20573919065336121
273,1,10,150,25,0.0
274,1,10,150,25,0.14913686881147448
275,1,10,150,25,0.0
276,1,10,150,25,0.5762628993826043
277,1,10,150,25,0.07758828619721583
278,1,10,150,25,0.044115283111570695
279,1,10,150,25,0.2835815628523517
280,1,10,150,25,0.29052407345765247
281,1,10,150,25,0.0
282,1,10,150,25,0.0
283,1,10,150,25,0.07389019331410458
284,1,10,150,25,0.0
285,1,10,150,25,0.0
286,1,10,150,25,0.2631927070345647
287,1,10,150,25,0.27324342505235544
288,1,10,150,25,0.10373435127162325
289,1,10,150,25,0.0
290,1,10,150,25,0.20098505261904112
291,1,10,150,25,0.09993626944525891
292,1,10,150,25,0.1471235635369824
293,1,10,150,25,0.3073453239356881
294,1,10,150,25,0.0
295,1,10,150,25,0.15246534807154163
296,1,10,150,25,0.31388333021394677
297,1,10,150,25,0.19570449376362706
298,1,10,150,25,0.17057925300179888
299,1,10,150,25,0.24316074700017656
300,1,10,150,25,0.0
301,1,10,150,25,0.5808153888078587
302,1,10,150,25,0.13927874459665815
303,1,10,150,25,0.28894282539997435
304,1,10,150,25,0.0
305,1,10,150,25,0.35566565166098835
306,1,10,150,25,0.05252809026007655
307,1,10,150,25,0.1907720755262217
308,1,10,150,25,0.5355301880973328
309,1,10,150,25,0.0
310,1,10,150,25,0.039396067695057414
311,1,10,150,25,0.36925320255032695
312,1,10,150,25,0.0876496067525705
313,1,10,150,25,0.4285687311337366
314,1,10,150,25,0.21430880878527553
315,1,10,150,25,0.19244455689625595
316,1,10,150,25,0.13328931187014675
317,1,10,150,25,0.0
318,1,10,150,25,0.09494236258847993
319,1,10,150,25,0.06591877139737895
320,1,10,150,25,0.3807501863408403
321,1,10,150,25,0.1778696913547277
322,1,10,150,25,0.14288427354002056
323,1,10,150,25,0.17770479098787367
324,1,10,150,25,0.0734773909038217
325,1,10,150,25,0.14732093557451884
326,1,10,150,25,0.37038656157732397
327,1,10,150,25,0.030085783992152577
328,1,10,150,25,0.19645588359034044
329,1,10,150,25,0.0
330,1,10,150,25,0.1817093227632374
331,1,10,150,25,0.03147631629512114
332,1,10,150,25,0.12516132607052166
333,1,10,150,25,0.0
334,1,10,150,25,0.2105786615451306
335,1,10,150,25,0.0
336,1,10,150,25,0.08623792376890334
337,1,10,150,25,0.0
338,1,10,150,25,0.056676153858002176
339,1,10,150,25,0.45518282977160546
340,1,10,150,25,0.19897370622983218
341,1,10,150,25,0.0
342,1,10,150,25,0.12436430310010442
343,1,10,150,25,0.3533431957843207
344,1,10,150,25,0.3092956257021196
345,1,10,150,25,0.17238895416790795
346,1,10,150,25,0.1922323756052042
347,1,10,150,25,0.3764952209497514
348,1,10,150,25,0.15246534807154163
349,1,10,150,25,0.18672776492534796
350,1,10,150,25,0.0
351,1,10,150,25,0.0
352,1,10,150,25,0.0
353,1,10,150,25,0.0
354,1,10,150,25,0.2187007411245147
355,1,10,150,25,0.0
356,1,10,150,25,0.0
357,1,10,150,25,0.048851099168414396
358,1,10,150,25,0.06323567569191428
359,1,10,150,25,0.13587623914185412
360,1,10,150,25,0.06379369995120096
361,1,10,150,25,0.15246534807154163
362,1,10,150,25,0.0
363,1,10,150,25,0.16032343319602768
364,1,10,150,25,0.0
365,1,10,150,25,0.14456587527532935
366,1,10,150,25,0.044257815106106525
367,1,10,150,25,0.0
368,1,10,150,25,0.042512356679180144
369,1,10,150,25,0.0
370,1,10,150,25,0.14154116653408116
371,1,10,150,25,0.098804715452931
372,1,10,150,25,0.06679511870650716
373,1,10,150,25,0.17236708445284699
374,1,10,150,25,0.13614089245552638
375,1,10,150,25,0.04282650856324445
376,1,10,150,25,0.0
377,1,10,150,25,0.05397642893687311
378,1,10,150,25,0.3056832683151055
379,1,10,150,25,0.13840461264222592
380,1,10,150,25,0.0
381,1,10,150,25,0.03147631629512114
382,1,10,150,25,0.0
383,1,10,150,25,0.0632176666891428
384,1,10,150,25,0.0
385,1,10,150,25,0.1855778040803581
386,1,10,150,25,0.14606834984270645
387,1,10,150,25,0.2583726259879393
388,1,10,150,25,0.04739418218477539
389,1,10,150,25,0.13560946252801734
390,1,10,150,25,0.05307577057513386
391,1,10,150,25,0.09137744919525784
392,1,10,150,25,0.09850628252086785
393,1,10,150,25,0.3207267908904258
394,1,10,150,25,0.0564105811108271
395,1,10,150,25,0.04720998255710776
396,1,10,150,25,0.0
397,1,10,150,25,0.028420795802875647
398,1,10,150,25,0.1514784795113204
399,1,10,150,25,0.0
400,1,10,150,25,0.0
401,1,10,150,25,0.0
402,1,10,150,25,0.0772439298321276
403,1,10,150,25,0.0
404,1,10,150,25,0.05446824630887794
405,1,10,150,25,0.27308885281546597
406,1,10,150,25,0.17593676889557894
407,1,10,150,25,0.04099150803926931
408,1,10,150,25,0.0
409,1,10,150,25,0.11808767695114004
410,1,10,150,25,0.0
411,1,10,150,25,0.0
412,1,10,150,25,0.15001451003751623
413,1,10,150,25,0.04935421935348238
414,1,10,150,25,0.1309019901681972
415,1,10,150,25,0.0
416,1,10,150,25,0.2367244297174651
417,1,10,150,25,0.22634066903135805
418,1,10,150,25,0.07303417492135322
419,1,10,150,25,0.0
420,1,10,150,25,0.19519002499605084
421,1,10,150,25,0.0
422,1,10,150,25,0.0
423,1,10,150,25,0.0
424,1,10,150,25,0.0
425,1,10,150,25,0.0
426,1,10,150,25,0.043599246064372175
427,1,10,150,25,0.0
428,1,10,150,25,0.0
429,1,10,150,25,0.2230450800142693
430,1,10,150,25,0.0
431,1,10,150,25,0.0
432,1,10,150,25,0.0
433,1,10,150,25,0.13012668333070054
434,1,10,150,25,0.0
435,1,10,150,25,0.09555137667278228
436,1,10,150,25,0.06536545161870184
437,1,10,150,25,0.14945564650669343
438,1,10,150,25,0.0
439,1,10,150,25,0.18154179253735267
440,1,10,150,25,0.0
442,1,10,150,25,0.0733934381893728
444,1,10,150,25,0.0
445,1,10,150,25,0.0
446,1,10,150,25,0.0
447,1,10,150,25,0.0
448,1,10,150,25,0.0
449,1,10,150,25,0.0
450,1,10,150,25,0.14978404144765262
451,1,10,150,25,0.0
452,1,10,150,25,0.05780700008370542
453,1,10,150,25,0.1515771522786143
454,1,10,150,25,0.0
455,1,10,150,25,0.0
456,1,10,150,25,0.0
457,1,10,150,25,0.05381256178894041
458,1,10,150,25,0.0
459,1,10,150,25,0.0
460,1,10,150,25,0.0
462,1,10,150,25,0.0
1,1,10,150,26,1.0
2,1,10,150,26,0.0
3,1,10,150,26,0.0
4,1,10,150,26,0.0
5,1,10,150,26,0.06605430472489804
6,1,10,150,26,0.317220049256108
7,1,10,150,26,0.2324042544429351
8,1,10,150,26,0.11643341113424334
9,1,10,150,26,0.0
10,1,10,150,26,0.3974613170746779
11,1,10,150,26,0.24382419286264564
12,1,10,150,26,0.03608574346476927
13,1,10,150,26,0.3843624198447998
14,1,10,150,26,0.40206411608618237
15,1,10,150,26,0.07125418896079495
16,1,10,150,26,0.23654077659782521
17,1,10,150,26,0.10122860821230018
18,1,10,150,26,0.3144199968722899
19,1,10,150,26,0.13886244387355454
20,1,10,150,26,0.029956785715628154
21,1,10,150,26,0.08139629016885534
22,1,10,150,26,0.025813513627847767
23,1,10,150,26,0.0
24,1,10,150,26,0.08506510227500215
25,1,10,150,26,0.21560760950391933
26,1,10,150,26,0.0
27,1,10,150,26,0.0
28,1,10,150,26,0.26544856041413883
29,1,10,150,26,0.0
30,1,10,150,26,0.0
31,1,10,150,26,0.0
32,1,10,150,26,0.11469999139467348
33,1,10,150,26,0.0
34,1,10,150,26,0.0
35,1,10,150,26,0.0
36,1,10,150,26,0.0
37,1,10,150,26,0.15133867332691472
38,1,10,150,26,0.18295161476977018
39,1,10,150,26,0.0527075128660253
40,1,10,150,26,0.17354377075669264
41,1,10,150,26,0.0
42,1,10,150,26,0.3042413165668635
43,1,10,150,26,0.41211595463814427
44,1,10,150,26,0.142542055345818
45,1,10,150,26,0.04094516368001556
46,1,10,150,26,0.0
47,1,10,150,26,0.0
48,1,10,150,26,0.141997485541125
49,1,10,150,26,0.11150484580962626
50,1,10,150,26,0.0
51,1,10,150,26,0.0
52,1,10,150,26,0.0
53,1,10,150,26,0.09805619395650908
54,1,10,150,26,0.13116759319787175
55,1,10,150,26,0.0
56,1,10,150,26,0.36584460683113984
57,1,10,150,26,0.24591222030909954
58,1,10,150,26,0.1978401204822813
59,1,10,150,26,0.41582323654624437
60,1,10,150,26,0.320539250798848
61,1,10,150,26,0.0
62,1,10,150,26,0.35224416225559757
63,1,10,150,26,0.026881059133079824
64,1,10,150,26,0.2790300121639774
65,1,10,150,26,0.22129021231438195
66,1,10,150,26,0.0
67,1,10,150,26,0.03314040476303028
68,1,10,150,26,0.0
69,1,10,150,26,0.21307138789709462
70,1,10,150,26,0.0
71,1,10,150,26,0.0
72,1,10,150,26,0.2318035523150814
73,1,10,150,26,0.15277179724338746
74,1,10,150,26,0.03272011597426011
75,1,10,150,26,0.12538793119260466
76,1,10,150,26,0.10632969520191576
77,1,10,150,26,0.3354430135481643
78,1,10,150,26,0.0
79,1,10,150,26,0.3635305111703291
80,1,10,150,26,0.08530460913930236
81,1,10,150,26,0.03608574346476927
82,1,10,150,26,0.34898165578937146
83,1,10,150,26,0.1419601674034546
84,1,10,150,26,0.03323240843917434
85,1,10,150,26,0.0899056837803863
86,1,10,150,26,0.0
87,1,10,150,26,0.14933282711141213
88,1,10,150,26,0.0
89,1,10,150,26,0.08506510227500215
90,1,10,150,26,0.36289405961736276
91,1,10,150,26,0.05877671390355943
92,1,10,150,26,0.524492910778572
93,1,10,150,26,0.0
94,1,10,150,26,0.5385940836631595
95,1,10,150,26,0.35346638884955817
96,1,10,150,26,0.24293398597714774
97,1,10,150,26,0.062363156003245844
98,1,10,150,26,0.19533769320769842
99,1,10,150,26,0.23072931920083298
100,1,10,150,26,0.0
101,1,10,150,26,0.0
102,1,10,150,26,0.0
103,1,10,150,26,0.12130357238836831
104,1,10,150,26,0.0
105,1,10,150,26,0.0
106,1,10,150,26,0.337083627787819
107,1,10,150,26,0.0
108,1,10,150,26,0.0
109,1,10,150,26,0.28798774001294153
110,1,10,150,26,0.0
111,1,10,150,26,0.0
112,1,10,150,26,0.0
113,1,10,150,26,0.0
114,1,10,150,26,0.0724337938054964
115,1,10,150,26,0.34935170730269804
116,1,10,150,26,0.03995808168017168
117,1,10,150,26,0.32779316760480265
118,1,10,150,26,0.11506232469421787
119,1,10,150,26,0.10126611393206475
120,1,10,150,26,0.0845667599404342
121,1,10,150,26,0.05993712252025753
122,1,10,150,26,0.025502772555058395
123,1,10,150,26,0.0
124,1,10,150,26,0.18978688349077963
125,1,10,150,26,0.2385194731033397
126,1,10,150,26,0.0
127,1,10,150,26,0.0
128,1,10,150,26,0.2572598825160515
129,1,10,150,26,0.0
130,1,10,150,26,0.36921565068067763
131,1,10,150,26,0.15029473661519027
132,1,10,150,26,0.0
133,1,10,150,26,0.0
134,1,10,150,26,0.0
135,1,10,150,26,0.028747338381158515
136,1,10,150,26,0.20488712031902198
137,1,10,150,26,0.1176154775744913
138,1,10,150,26,0.0
139,1,10,150,26,0.06016179456846956
140,1,10,150,26,0.0
141,1,10,150,26,0.11987424504051505
142,1,10,150,26,0.04395738023645723
143,1,10,150,26,0.0
144,1,10,150,26,0.22715445933910142
145,1,10,150,26,0.36630724350266514
146,1,10,150,26,0.0
147,1,10,150,26,0.0
148,1,10,150,26,0.20595645490263423
149,1,10,150,26,0.0
150,1,10,150,26,0.0
151,1,10,150,26,0.2954192601717328
152,1,10,150,26,0.06704602256574149
153,1,10,150,26,0.16952307587808224
154,1,10,150,26,0.07676676843437329
155,1,10,150,26,0.0
156,1,10,150,26,0.032014847745354055
157,1,10,150,26,0.027915669265958894
158,1,10,150,26,0.28588943625827684
159,1,10,150,26,0.0
160,1,10,150,26,0.215764996398337
161,1,10,150,26,0.09235716777162616
162,1,10,150,26,0.0475858026939827
163,1,10,150,26,0.05010834716923557
164,1,10,150,26,0.0
165,1,10,150,26,0.09627818061559096
166,1,10,150,26,0.0
167,1,10,150,26,0.15689029460503412
168,1,10,150,26,0.029327299035175076
169,1,10,150,26,0.040573182910334425
170,1,10,150,26,0.0
171,1,10,150,26,0.0
172,1,10,150,26,0.0
173,1,10,150,26,0.0
174,1,10,150,26,0.1375505750357715
175,1,10,150,26,0.03884264315548268
176,1,10,150,26,0.09885099943510027
177,1,10,150,26,0.2217109724593472
178,1,10,150,26,0.3651575473622605
179,1,10,150,26,0.0
180,1,10,150,26,0.11841941139526034
181,1,10,150,26,0.14145758752976245
182,1,10,150,26,0.04195229264874745
183,1,10,150,26,0.02831169742649504
184,1,10,150,26,0.26093481654976347
185,1,10,150,26,0.0
186,1,10,150,26,0.03608574346476927
187,1,10,150,26,0.12249571257734294
188,1,10,150,26,0.08064358521808124
189,1,10,150,26,0.3156649294706049
190,1,10,150,26,0.03175761494935955
191,1,10,150,26,0.0
192,1,10,150,26,0.03884264315548268
193,1,10,150,26,0.026881059133079824
194,1,10,150,26,0.1534043424805339
195,1,10,150,26,0.13602864339302398
196,1,10,150,26,0.07706308624591164
197,1,10,150,26,0.08404673234961282
198,1,10,150,26,0.046373688209044577
199,1,10,150,26,0.0
200,1,10,150,26,0.26904610309111643
201,1,10,150,26,0.10854137791800851
202,1,10,150,26,0.0
203,1,10,150,26,0.0
204,1,10,150,26,0.0
205,1,10,150,26,0.33118408514264214
206,1,10,150,26,0.0
207,1,10,150,26,0.1786810152977781
208,1,10,150,26,0.0
209,1,10,150,26,0.0
210,1,10,150,26,0.10004694474811926
211,1,10,150,26,0.0
212,1,10,150,26,0.0
213,1,10,150,26,0.3363919324245095
214,1,10,150,26,0.18578405813094814
215,1,10,150,26,0.15572781062861749
216,1,10,150,26,0.2385126638418359
217,1,10,150,26,0.03608574346476927
218,1,10,150,26,0.0383846381653829
219,1,10,150,26,0.0
220,1,10,150,26,0.0
221,1,10,150,26,0.10385146300400803
222,1,10,150,26,0.2999284343343635
223,1,10,150,26,0.15133321512719636
224,1,10,150,26,0.07563222788297667
225,1,10,150,26,0.10040564991079691
226,1,10,150,26,0.23814675809782818
227,1,10,150,26,0.08428605557054564
228,1,10,150,26,0.0
229,1,10,150,26,0.0
230,1,10,150,26,0.16171443774509586
231,1,10,150,26,0.0
232,1,10,150,26,0.08888031520056121
233,1,10,150,26,0.025813513627847767
234,1,10,150,26,0.37659444118352065
235,1,10,150,26,0.27652235949896975
236,1,10,150,26,0.12282897304813242
237,1,10,150,26,0.1632879212347599
238,1,10,150,26,0.0
239,1,10,150,26,0.1290318375217959
240,1,10,150,26,0.0
241,1,10,150,26,0.047978870624887156
242,1,10,150,26,0.0
243,1,10,150,26,0.15983232672068673
244,1,10,150,26,0.1785027503193416
245,1,10,150,26,0.06016179456846956
246,1,10,150,26,0.13381454101664883
247,1,10,150,26,0.08883649703748449
248,1,10,150,26,0.07043635625392915
249,1,10,150,26,0.37122900249356705
250,1,10,150,26,0.1033568478839546
251,1,10,150,26,0.13737559734756907
252,1,10,150,26,0.15744006533381547
253,1,10,150,26,0.26731497455663233
254,1,10,150,26,0.12670564097116485
255,1,10,150,26,0.06339876620378293
256,1,10,150,26,0.25873019399720165
257,1,10,150,26,0.11802830255071381
258,1,10,150,26,0.0
259,1,10,150,26,0.062479569258293385
260,1,10,150,26,0.0
261,1,10,150,26,0.0
262,1,10,150,26,0.0
263,1,10,150,26,0.22664800296211002
264,1,10,150,26,0.12782401023847592
265,1,10,150,26,0.1807501615505622
266,1,10,150,26,0.05919139647768146
267,1,10,150,26,0.09264618553172181
268,1,10,150,26,0.17338546434472255
269,1,10,150,26,0.6047612514163833
270,1,10,150,26,0.07246754176411276
271,1,10,150,26,0.27239567601480713
272,1,10,150,26,0.20573919065336121
273,1,10,150,26,0.0
274,1,10,150,26,0.14537701759557345
275,1,10,150,26,0.0
276,1,10,150,26,0.561734883740401
277,1,10,150,26,0.07563222788297667
278,1,10,150,26,0.044115283111570695
279,1,10,150,26,0.27643226105733176
280,1,10,150,26,0.3084104884422314
281,1,10,150,26,0.049432410190049694
282,1,10,150,26,0.0
283,1,10,150,26,0.07389019331410458
284,1,10,150,26,0.0
285,1,10,150,26,0.0
286,1,10,150,26,0.2565574234360395
287,1,10,150,26,0.2663547553886605
288,1,10,150,26,0.1263298738677261
289,1,10,150,26,0.0
290,1,10,150,26,0.195918070185456
291,1,10,150,26,0.122627544504765
292,1,10,150,26,0.16862521186984641
293,1,10,150,26,0.3248076627037899
294,1,10,150,26,0.0
295,1,10,150,26,0.17383232604933246
296,1,10,150,26,0.30597009836081046
297,1,10,150,26,0.19077063814027598
298,1,10,150,26,0.1914895659844111
299,1,10,150,26,0.23703048399040583
300,1,10,150,26,0.0
301,1,10,150,26,0.5661726015264401
302,1,10,150,26,0.13927874459665815
303,1,10,150,26,0.28165836219470697
304,1,10,150,26,0.0
305,1,10,150,26,0.3466990564554646
306,1,10,150,26,0.05252809026007655
307,1,10,150,26,0.1859625698295858
308,1,10,150,26,0.5220290743558692
309,1,10,150,26,0.0
310,1,10,150,26,0.039396067695057414
311,1,10,150,26,0.38515479772405076
312,1,10,150,26,0.08543989507531592
313,1,10,150,26,0.41776419515486163
314,1,10,150,26,0.23411666719180868
315,1,10,150,26,0.18759288670225058
316,1,10,150,26,0.12992898933357072
317,1,10,150,26,0.0
318,1,10,150,26,0.0925487951207999
319,1,10,150,26,0.06591877139737895
320,1,10,150,26,0.3711511913875682
321,1,10,150,26,0.19859620697238142
322,1,10,150,26,0.14288427354002056
323,1,10,150,26,0.1984354638662354
324,1,10,150,26,0.0734773909038217
325,1,10,150,26,0.16881760801174261
326,1,10,150,26,0.3610488413006545
327,1,10,150,26,0.029327299035175076
328,1,10,150,26,0.19150308487145504
329,1,10,150,26,0.0
330,1,10,150,26,0.1771282957940072
331,1,10,150,26,0.05589351761379695
332,1,10,150,26,0.12200591609202126
333,1,10,150,26,0.0
334,1,10,150,26,0.20526981710603942
335,1,10,150,26,0.0
336,1,10,150,26,0.10927454429568075
337,1,10,150,26,0.0
338,1,10,150,26,0.055247305929962486
339,1,10,150,26,0.44370733260170403
340,1,10,150,26,0.19897370622983218
341,1,10,150,26,0.0
342,1,10,150,26,0.12122898666257953
343,1,10,150,26,0.3444351514161677
344,1,10,150,26,0.3267087959143416
345,1,10,150,26,0.16804290061252955
346,1,10,150,26,0.18738605465911795
347,1,10,150,26,0.36700349683384365
348,1,10,150,26,0.14862158342167356
349,1,10,150,26,0.2259984658284476
350,1,10,150,26,0.0
351,1,10,150,26,0.0
352,1,10,150,26,0.039270700903099615
353,1,10,150,26,0.0
354,1,10,150,26,0.2131871330275463
355,1,10,150,26,0.0
356,1,10,150,26,0.0
357,1,10,150,26,0.048851099168414396
358,1,10,150,26,0.06323567569191428
359,1,10,150,26,0.13587623914185412
360,1,10,150,26,0.062185413400465135
361,1,10,150,26,0.14862158342167356
362,1,10,150,26,0.0
363,1,10,150,26,0.15628156038453997
364,1,10,150,26,0.0
365,1,10,150,26,0.14456587527532935
366,1,10,150,26,0.044257815106106525
367,1,10,150,26,0.027299924755986534
368,1,10,150,26,0.042512356679180144
369,1,10,150,26,0.0
370,1,10,150,26,0.14154116653408116
371,1,10,150,26,0.098804715452931
372,1,10,150,26,0.06679511870650716
373,1,10,150,26,0.1680215822492263
374,1,10,150,26,0.1327086794547303
375,1,10,150,26,0.04282650856324445
376,1,10,150,26,0.0
377,1,10,150,26,0.05397642893687311
378,1,10,150,26,0.2979767661120318
379,1,10,150,26,0.13491532957442193
380,1,10,150,26,0.0
381,1,10,150,26,0.030682774986138056
382,1,10,150,26,0.0
383,1,10,150,26,0.0632176666891428
384,1,10,150,26,0.0
385,1,10,150,26,0.1808992498242821
386,1,10,150,26,0.14606834984270645
387,1,10,150,26,0.251858860212125
388,1,10,150,26,0.04739418218477539
389,1,10,150,26,0.13219064727034835
390,1,10,150,26,0.05307577057513386
391,1,10,150,26,0.08907375584162422
392,1,10,150,26,0.0960228659850268
393,1,10,150,26,0.3378517729391512
394,1,10,150,26,0.0564105811108271
395,1,10,150,26,0.04720998255710776
396,1,10,150,26,0.0
397,1,10,150,26,0.028420795802875647
398,1,10,150,26,0.1476595945507314
399,1,10,150,26,0.0
400,1,10,150,26,0.0
401,1,10,150,26,0.0
402,1,10,150,26,0.0772439298321276
403,1,10,150,26,0.0
404,1,10,150,26,0.05446824630887794
405,1,10,150,26,0.2662040800326526
406,1,10,150,26,0.1715012722962106
407,1,10,150,26,0.03995808168017168
408,1,10,150,26,0.0
409,1,10,150,26,0.11511059892002673
410,1,10,150,26,0.0
411,1,10,150,26,0.0
412,1,10,150,26,0.15001451003751623
413,1,10,150,26,0.04935421935348238
414,1,10,150,26,0.1309019901681972
415,1,10,150,26,0.0
416,1,10,150,26,0.23075643104617877
417,1,10,150,26,0.22063445267823636
418,1,10,150,26,0.14436292983286242
419,1,10,150,26,0.0
420,1,10,150,26,0.19519002499605084
421,1,10,150,26,0.0
422,1,10,150,26,0.0
423,1,10,150,26,0.0
424,1,10,150,26,0.0
425,1,10,150,26,0.0
426,1,10,150,26,0.043599246064372175
427,1,10,150,26,0.0
428,1,10,150,26,0.0
429,1,10,150,26,0.21742194790766395
430,1,10,150,26,0.0
431,1,10,150,26,0.0
432,1,10,150,26,0.0
433,1,10,150,26,0.13012668333070054
434,1,10,150,26,0.0
435,1,10,150,26,0.09314245550776627
436,1,10,150,26,0.06536545161870184
437,1,10,150,26,0.14945564650669343
438,1,10,150,26,0.0
439,1,10,150,26,0.18154179253735267
440,1,10,150,26,0.0
442,1,10,150,26,0.0733934381893728
444,1,10,150,26,0.0
445,1,10,150,26,0.0
446,1,10,150,26,0.0
447,1,10,150,26,0.0
448,1,10,150,26,0.0
449,1,10,150,26,0.0
450,1,10,150,26,0.14600787452898525
451,1,10,150,26,0.0
452,1,10,150,26,0.05780700008370542
453,1,10,150,26,0.1515771522786143
454,1,10,150,26,0.0
455,1,10,150,26,0.0
456,1,10,150,26,0.0
457,1,10,150,26,0.05381256178894041
458,1,10,150,26,0.0
459,1,10,150,26,0.0
460,1,10,150,26,0.0
462,1,10,150,26,0.0
1,1,10,150,27,1.0
2,1,10,150,27,0.0
3,1,10,150,27,0.0
4,1,10,150,27,0.0
5,1,10,150,27,0.06444727374621988
6,1,10,150,27,0.3095024228525676
7,1,10,150,27,0.2267501061172224
8,1,10,150,27,0.13792964648099204
9,1,10,150,27,0.0
10,1,10,150,27,0.3877915059696271
11,1,10,150,27,0.23789220958141405
12,1,10,150,27,0.03608574346476927
13,1,10,150,27,0.39934022737859026
14,1,10,150,27,0.39228232377671307
15,1,10,150,27,0.06952065032924801
16,1,10,150,27,0.2551149274888936
17,1,10,150,27,0.10122860821230018
18,1,10,150,27,0.3067704927651154
19,1,10,150,27,0.13886244387355454
20,1,10,150,27,0.029956785715628154
21,1,10,150,27,0.07941600500204286
22,1,10,150,27,0.0251854982965041
23,1,10,150,27,0.0
24,1,10,150,27,0.08299555881179124
25,1,10,150,27,0.21036210568468164
26,1,10,150,27,0.0
27,1,10,150,27,0.0
28,1,10,150,27,0.2589904792700306
29,1,10,150,27,0.0
30,1,10,150,27,0.0
31,1,10,150,27,0.0
32,1,10,150,27,0.11469999139467348
33,1,10,150,27,0.0
34,1,10,150,27,0.0
35,1,10,150,27,0.0
36,1,10,150,27,0.0
37,1,10,150,27,0.15133867332691472
38,1,10,150,27,0.17850059656953784
39,1,10,150,27,0.0527075128660253
40,1,10,150,27,0.17354377075669264
41,1,10,150,27,0.0
42,1,10,150,27,0.296839448925488
43,1,10,150,27,0.4020896117878291
44,1,10,150,27,0.13907415874681187
45,1,10,150,27,0.04094516368001556
46,1,10,150,27,0.0
47,1,10,150,27,0.0
48,1,10,150,27,0.1385428377462633
49,1,10,150,27,0.10879205150749717
50,1,10,150,27,0.0
51,1,10,150,27,0.0
52,1,10,150,27,0.0
53,1,10,150,27,0.09805619395650908
54,1,10,150,27,0.15230536156627061
55,1,10,150,27,0.0
56,1,10,150,27,0.3569439966588195
57,1,10,150,27,0.23992943754091922
58,1,10,150,27,0.21735581717466984
59,1,10,150,27,0.4300356358713753
60,1,10,150,27,0.31274087175207144
61,1,10,150,27,0.0
62,1,10,150,27,0.3680033728355934
63,1,10,150,27,0.026227071555033968
64,1,10,150,27,0.27224150874401126
65,1,10,150,27,0.2159064568127752
66,1,10,150,27,0.0
67,1,10,150,27,0.03314040476303028
68,1,10,150,27,0.0
69,1,10,150,27,0.20788758765202875
70,1,10,150,27,0.0
71,1,10,150,27,0.0
72,1,10,150,27,0.25049295483444295
73,1,10,150,27,0.17338395830556422
74,1,10,150,27,0.03272011597426011
75,1,10,150,27,0.12233737618914055
76,1,10,150,27,0.10374280680978835
77,1,10,150,27,0.35161097820653053
78,1,10,150,27,0.0
79,1,10,150,27,0.35468620048416694
80,1,10,150,27,0.08530460913930236
81,1,10,150,27,0.03520781570702453
82,1,10,150,27,0.340491303280483
83,1,10,150,27,0.13850642751919087
84,1,10,150,27,0.03323240843917434
85,1,10,150,27,0.08771837411758601
86,1,10,150,27,0.0
87,1,10,150,27,0.14569971825800576
88,1,10,150,27,0.0
89,1,10,150,27,0.08299555881179124
90,1,10,150,27,0.3540652331205552
91,1,10,150,27,0.05734673896912764
92,1,10,150,27,0.5360614925105643
93,1,10,150,27,0.0
94,1,10,150,27,0.5254906624556508
95,1,10,150,27,0.36919586395648163
96,1,10,150,27,0.26135259688382695
97,1,10,150,27,0.06084592674706416
98,1,10,150,27,0.19533769320769842
99,1,10,150,27,0.22511592026810154
100,1,10,150,27,0.0
101,1,10,150,27,0.0
102,1,10,150,27,0.0
103,1,10,150,27,0.12130357238836831
104,1,10,150,27,0.0
105,1,10,150,27,0.0
106,1,10,150,27,0.3288827416454801
107,1,10,150,27,0.0
108,1,10,150,27,0.0
109,1,10,150,27,0.2809813046018386
110,1,10,150,27,0.0
111,1,10,150,27,0.0
112,1,10,150,27,0.0
113,1,10,150,27,0.0
114,1,10,150,27,0.0724337938054964
115,1,10,150,27,0.3408523518340767
116,1,10,150,27,0.03898594405226045
117,1,10,150,27,0.31981830847739434
118,1,10,150,27,0.11226298071455693
119,1,10,150,27,0.0988024170866139
120,1,10,150,27,0.0845667599404342
121,1,10,150,27,0.058478916078390675
122,1,10,150,27,0.024882317223511866
123,1,10,150,27,0.0
124,1,10,150,27,0.18978688349077963
125,1,10,150,27,0.23271654801175853
126,1,10,150,27,0.0
127,1,10,150,27,0.0
128,1,10,150,27,0.2510010231957358
129,1,10,150,27,0.0
130,1,10,150,27,0.3602330265969362
131,1,10,150,27,0.18578394451531804
132,1,10,150,27,0.0
133,1,10,150,27,0.0
134,1,10,150,27,0.0
135,1,10,150,27,0.02804794621397926
136,1,10,150,27,0.24037632821914973
137,1,10,150,27,0.1176154775744913
138,1,10,150,27,0.0
139,1,10,150,27,0.06016179456846956
140,1,10,150,27,0.0
141,1,10,150,27,0.11695783215678135
142,1,10,150,27,0.04395738023645723
143,1,10,150,27,0.0
144,1,10,150,27,0.22162803294458927
145,1,10,150,27,0.3573953778721864
146,1,10,150,27,0.0
147,1,10,150,27,0.0
148,1,10,150,27,0.20094575340988946
149,1,10,150,27,0.0
150,1,10,150,27,0.0
151,1,10,150,27,0.28823202377932233
152,1,10,150,27,0.0654148641467855
153,1,10,150,27,0.16952307587808224
154,1,10,150,27,0.07676676843437329
155,1,10,150,27,0.0
156,1,10,150,27,0.032014847745354055
157,1,10,150,27,0.027915669265958894
158,1,10,150,27,0.30326298674698116
159,1,10,150,27,0.0
160,1,10,150,27,0.21051566352335463
161,1,10,150,27,0.09235716777162616
162,1,10,150,27,0.0475858026939827
163,1,10,150,27,0.05010834716923557
164,1,10,150,27,0.0
165,1,10,150,27,0.09627818061559096
166,1,10,150,27,0.0
167,1,10,150,27,0.1530733206056212
168,1,10,150,27,0.028613797042129047
169,1,10,150,27,0.040573182910334425
170,1,10,150,27,0.0
171,1,10,150,27,0.0
172,1,10,150,27,0.0
173,1,10,150,27,0.0
174,1,10,150,27,0.13420411584377642
175,1,10,150,27,0.03884264315548268
176,1,10,150,27,0.09885099943510027
177,1,10,150,27,0.2163169803109334
178,1,10,150,27,0.3562736526160624
179,1,10,150,27,0.0
180,1,10,150,27,0.11553839306675638
181,1,10,150,27,0.1380160748792823
182,1,10,150,27,0.04195229264874745
183,1,10,150,27,0.02831169742649504
184,1,10,150,27,0.254586549993063
185,1,10,150,27,0.0
186,1,10,150,27,0.03520781570702453
187,1,10,150,27,0.12249571257734294
188,1,10,150,27,0.07868161256214501
189,1,10,150,27,0.3079851374774223
190,1,10,150,27,0.03175761494935955
191,1,10,150,27,0.0
192,1,10,150,27,0.03884264315548268
193,1,10,150,27,0.026227071555033968
194,1,10,150,27,0.1496721779886556
195,1,10,150,27,0.1327192111791723
196,1,10,150,27,0.07706308624591164
197,1,10,150,27,0.08200196474354961
198,1,10,150,27,0.04524546569791721
199,1,10,150,27,0.0
200,1,10,150,27,0.26250049756001936
201,1,10,150,27,0.10590068163774163
202,1,10,150,27,0.0
203,1,10,150,27,0.0
204,1,10,150,27,0.027001973670935885
205,1,10,150,27,0.33118408514264214
206,1,10,150,27,0.0
207,1,10,150,27,0.17433389624049492
208,1,10,150,27,0.0
209,1,10,150,27,0.0
210,1,10,150,27,0.09761290899220694
211,1,10,150,27,0.0
212,1,10,150,27,0.0
213,1,10,150,27,0.35253681089588323
214,1,10,150,27,0.20559306599753127
215,1,10,150,27,0.17626805502914383
216,1,10,150,27,0.2327099044123448
217,1,10,150,27,0.03520781570702453
218,1,10,150,27,0.0383846381653829
219,1,10,150,27,0.0
220,1,10,150,27,0.0
221,1,10,150,27,0.10132486736541095
222,1,10,150,27,0.2926314945305284
223,1,10,150,27,0.1476514389609762
224,1,10,150,27,0.07379217622092994
225,1,10,150,27,0.10040564991079691
226,1,10,150,27,0.23814675809782818
227,1,10,150,27,0.08428605557054564
228,1,10,150,27,0.0
229,1,10,150,27,0.0
230,1,10,150,27,0.15778009747403807
231,1,10,150,27,0.0
232,1,10,150,27,0.08671795166472729
233,1,10,150,27,0.0251854982965041
234,1,10,150,27,0.3674322989749177
235,1,10,150,27,0.2697948646012069
236,1,10,150,27,0.11984067477461852
237,1,10,150,27,0.1632879212347599
238,1,10,150,27,0.0
239,1,10,150,27,0.1258926301529969
240,1,10,150,27,0.0
241,1,10,150,27,0.047978870624887156
242,1,10,150,27,0.0
243,1,10,150,27,0.1559437762090418
244,1,10,150,27,0.17415996825938135
245,1,10,150,27,0.06016179456846956
246,1,10,150,27,0.13055897555869772
247,1,10,150,27,0.08883649703748449
248,1,10,150,27,0.06872271462229436
249,1,10,150,27,0.3621973957016166
250,1,10,150,27,0.10084228570515638
251,1,10,150,27,0.13403339517662188
252,1,10,150,27,0.15744006533381547
253,1,10,150,27,0.2608114855415531
254,1,10,150,27,0.12362302749030288
255,1,10,150,27,0.06185634165289594
256,1,10,150,27,0.2524355635623711
257,1,10,150,27,0.11802830255071381
258,1,10,150,27,0.0
259,1,10,150,27,0.062479569258293385
260,1,10,150,27,0.0
261,1,10,150,27,0.0
262,1,10,150,27,0.0
263,1,10,150,27,0.22113389811258366
264,1,10,150,27,0.12471418802283647
265,1,10,150,27,0.1807501615505622
266,1,10,150,27,0.05919139647768146
267,1,10,150,27,0.09039220237610589
268,1,10,150,27,0.1691671804097856
269,1,10,150,27,0.5900480533927581
270,1,10,150,27,0.07070448354938165
271,1,10,150,27,0.2657685789370784
272,1,10,150,27,0.20573919065336121
273,1,10,150,27,0.0
274,1,10,150,27,0.1418401493802932
275,1,10,150,27,0.0
276,1,10,150,27,0.5480684714795399
277,1,10,150,27,0.07563222788297667
278,1,10,150,27,0.044115283111570695
279,1,10,150,27,0.2697069581588254
280,1,10,150,27,0.3009071892834544
281,1,10,150,27,0.049432410190049694
282,1,10,150,27,0.0
283,1,10,150,27,0.07389019331410458
284,1,10,150,27,0.0
285,1,10,150,27,0.0
286,1,10,150,27,0.2746445905992155
287,1,10,150,27,0.25987462748465
288,1,10,150,27,0.12325640240082536
289,1,10,150,27,0.0
290,1,10,150,27,0.19115159191606632
291,1,10,150,27,0.11964414677347207
292,1,10,150,27,0.16452273981462442
293,1,10,150,27,0.3169054377352439
294,1,10,150,27,0.0
295,1,10,150,27,0.16960317044440393
296,1,10,150,27,0.29852617129711845
297,1,10,150,27,0.18612939141774304
298,1,10,150,27,0.21115976491329075
299,1,10,150,27,0.23126378442025533
300,1,10,150,27,0.0
301,1,10,150,27,0.552398224311796
302,1,10,150,27,0.13927874459665815
303,1,10,150,27,0.2991348502152127
304,1,10,150,27,0.0
305,1,10,150,27,0.3382642371606002
306,1,10,150,27,0.05252809026007655
307,1,10,150,27,0.1814382982951963
308,1,10,150,27,0.5093286622062829
309,1,10,150,27,0.0
310,1,10,150,27,0.039396067695057414
311,1,10,150,27,0.3757843911456016
312,1,10,150,27,0.08336123330190254
313,1,10,150,27,0.4076004366202365
314,1,10,150,27,0.2527497940864456
315,1,10,150,27,0.2073578876935618
316,1,10,150,27,0.12676795521540085
317,1,10,150,27,0.0
318,1,10,150,27,0.09029718137029738
319,1,10,150,27,0.06591877139737895
320,1,10,150,27,0.36212147765706687
321,1,10,150,27,0.21809350888463852
322,1,10,150,27,0.14288427354002056
323,1,10,150,27,0.19360774008608922
324,1,10,150,27,0.0734773909038217
325,1,10,150,27,0.1647104551630206
326,1,10,150,27,0.35226490700292046
327,1,10,150,27,0.028613797042129047
328,1,10,150,27,0.21117295490019158
329,1,10,150,27,0.0
330,1,10,150,27,0.17281895275078019
331,1,10,150,27,0.054533687778530994
332,1,10,150,27,0.11903764191884715
333,1,10,150,27,0.0
334,1,10,150,27,0.20027582078057865
335,1,10,150,27,0.0
336,1,10,150,27,0.10661601085723996
337,1,10,150,27,0.03884210089598009
338,1,10,150,27,0.05390319773765426
339,1,10,150,27,0.4329124051260868
340,1,10,150,27,0.19897370622983218
341,1,10,150,27,0.0
342,1,10,150,27,0.11827961435608254
343,1,10,150,27,0.33605541052302274
344,1,10,150,27,0.31876031839682584
345,1,10,150,27,0.1639545955708525
346,1,10,150,27,0.18282715125284268
347,1,10,150,27,0.35807469210035153
348,1,10,150,27,0.1450057783707606
349,1,10,150,27,0.2259984658284476
350,1,10,150,27,0.0
351,1,10,150,27,0.0
352,1,10,150,27,0.07811280179907971
353,1,10,150,27,0.0
354,1,10,150,27,0.20800051682656293
355,1,10,150,27,0.0
356,1,10,150,27,0.0
357,1,10,150,27,0.048851099168414396
358,1,10,150,27,0.06323567569191428
359,1,10,150,27,0.13587623914185412
360,1,10,150,27,0.06067250843276229
361,1,10,150,27,0.1450057783707606
362,1,10,150,27,0.0
363,1,10,150,27,0.1524793962412627
364,1,10,150,27,0.0
365,1,10,150,27,0.14456587527532935
366,1,10,150,27,0.044257815106106525
367,1,10,150,27,0.027299924755986534
368,1,10,150,27,0.042512356679180144
369,1,10,150,27,0.0
370,1,10,150,27,0.14154116653408116
371,1,10,150,27,0.098804715452931
372,1,10,150,27,0.06679511870650716
373,1,10,150,27,0.16393379586065426
374,1,10,150,27,0.12948001843238766
375,1,10,150,27,0.04282650856324445
376,1,10,150,27,0.0
377,1,10,150,27,0.05397642893687311
378,1,10,150,27,0.29072730832025406
379,1,10,150,27,0.13163298310165758
380,1,10,150,27,0.0
381,1,10,150,27,0.029936295704887678
382,1,10,150,27,0.0
383,1,10,150,27,0.0632176666891428
384,1,10,150,27,0.0
385,1,10,150,27,0.1764981634802806
386,1,10,150,27,0.14606834984270645
387,1,10,150,27,0.24573140201994306
388,1,10,150,27,0.04739418218477539
389,1,10,150,27,0.1289745894200733
390,1,10,150,27,0.05307577057513386
391,1,10,150,27,0.08907375584162422
392,1,10,150,27,0.09368673178541521
393,1,10,150,27,0.35396113504348825
394,1,10,150,27,0.08267830244963624
395,1,10,150,27,0.04720998255710776
396,1,10,150,27,0.0
397,1,10,150,27,0.05620951529185321
398,1,10,150,27,0.14406719366587825
399,1,10,150,27,0.0
400,1,10,150,27,0.0
401,1,10,150,27,0.0
402,1,10,150,27,0.0772439298321276
403,1,10,150,27,0.0
404,1,10,150,27,0.05446824630887794
405,1,10,150,27,0.2597276178997957
406,1,10,150,27,0.16732882874978955
407,1,10,150,27,0.03898594405226045
408,1,10,150,27,0.0
409,1,10,150,27,0.11231008047979625
410,1,10,150,27,0.0
411,1,10,150,27,0.0
412,1,10,150,27,0.15001451003751623
413,1,10,150,27,0.04935421935348238
414,1,10,150,27,0.1309019901681972
415,1,10,150,27,0.0
416,1,10,150,27,0.24947130891229574
417,1,10,150,27,0.21526665111111185
418,1,10,150,27,0.14436292983286242
419,1,10,150,27,0.0
420,1,10,150,27,0.19519002499605084
421,1,10,150,27,0.0
422,1,10,150,27,0.0
423,1,10,150,27,0.0
424,1,10,150,27,0.0
425,1,10,150,27,0.0
426,1,10,150,27,0.043599246064372175
427,1,10,150,27,0.0
428,1,10,150,27,0.0
429,1,10,150,27,0.21213230316479129
430,1,10,150,27,0.0
431,1,10,150,27,0.0
432,1,10,150,27,0.0
433,1,10,150,27,0.13012668333070054
434,1,10,150,27,0.0
435,1,10,150,27,0.09087639863146534
436,1,10,150,27,0.06536545161870184
437,1,10,150,27,0.14945564650669343
438,1,10,150,27,0.0
439,1,10,150,27,0.18154179253735267
440,1,10,150,27,0.0
442,1,10,150,27,0.0733934381893728
444,1,10,150,27,0.0
445,1,10,150,27,0.0
446,1,10,150,27,0.0
447,1,10,150,27,0.0
448,1,10,150,27,0.0
449,1,10,150,27,0.0
450,1,10,150,27,0.1667845946367034
451,1,10,150,27,0.0
452,1,10,150,27,0.05780700008370542
453,1,10,150,27,0.1515771522786143
454,1,10,150,27,0.0
455,1,10,150,27,0.0
456,1,10,150,27,0.0
457,1,10,150,27,0.05381256178894041
458,1,10,150,27,0.0
459,1,10,150,27,0.0
460,1,10,150,27,0.0
462,1,10,150,27,0.0
1,1,10,150,28,1.0
2,1,10,150,28,0.0
3,1,10,150,28,0.0
4,1,10,150,28,0.0
5,1,10,150,28,0.06293215694027374
6,1,10,150,28,0.3022262062636156
7,1,10,150,28,0.2449287479947865
8,1,10,150,28,0.15819640416678468
9,1,10,150,28,0.0
10,1,10,150,28,0.40218416099024085
11,1,10,150,28,0.255808907279948
12,1,10,150,28,0.03608574346476927
13,1,10,150,28,0.3899519778123758
14,1,10,150,28,0.38306000129694234
15,1,10,150,28,0.0678862614784655
16,1,10,150,28,0.27262672940473787
17,1,10,150,28,0.10122860821230018
18,1,10,150,28,0.2995585022162667
19,1,10,150,28,0.13886244387355454
20,1,10,150,28,0.029956785715628154
21,1,10,150,28,0.0775489822895925
22,1,10,150,28,0.02459340231606863
23,1,10,150,28,0.0
24,1,10,150,28,0.10707095809270382
25,1,10,150,28,0.2054166185735876
26,1,10,150,28,0.0
27,1,10,150,28,0.0
28,1,10,150,28,0.2529017682212551
29,1,10,150,28,0.0
30,1,10,150,28,0.0
31,1,10,150,28,0.038437318942299493
32,1,10,150,28,0.11469999139467348
33,1,10,150,28,0.0
34,1,10,150,28,0.0
35,1,10,150,28,0.0
36,1,10,150,28,0.0
37,1,10,150,28,0.15133867332691472
38,1,10,150,28,0.17430415445471864
39,1,10,150,28,0.0527075128660253
40,1,10,150,28,0.17354377075669264
41,1,10,150,28,0.0
42,1,10,150,28,0.28986093126924384
43,1,10,150,28,0.3926367258408602
44,1,10,150,28,0.1358046085712705
45,1,10,150,28,0.04094516368001556
46,1,10,150,28,0.0
47,1,10,150,28,0.0
48,1,10,150,28,0.13528577860921726
49,1,10,150,28,0.10623441553609139
50,1,10,150,28,0.0
51,1,10,150,28,0.0
52,1,10,150,28,0.0
53,1,10,150,28,0.09805619395650908
54,1,10,150,28,0.14872475373709465
55,1,10,150,28,0.0
56,1,10,150,28,0.34855245708417487
57,1,10,150,28,0.23428884016684062
58,1,10,150,28,0.21224591209523558
59,1,10,150,28,0.4199257556360973
60,1,10,150,28,0.3053885211691175
61,1,10,150,28,0.0
62,1,10,150,28,0.38286123501435215
63,1,10,150,28,0.02561048881112675
64,1,10,150,28,0.2658412739288283
65,1,10,150,28,0.21083062532737418
66,1,10,150,28,0.0
67,1,10,150,28,0.03314040476303028
68,1,10,150,28,0.0
69,1,10,150,28,0.20788758765202875
70,1,10,150,28,0.0
71,1,10,150,28,0.0
72,1,10,150,28,0.24460401549567015
73,1,10,150,28,0.16930780529178938
74,1,10,150,28,0.03272011597426011
75,1,10,150,28,0.1194612977472593
76,1,10,150,28,0.10130387555704853
77,1,10,150,28,0.36685421576501437
78,1,10,150,28,0.05658242244874664
79,1,10,150,28,0.3698571414087665
80,1,10,150,28,0.08530460913930236
81,1,10,150,28,0.034380101046999886
82,1,10,150,28,0.3324865566730437
83,1,10,150,28,0.13525022436477588
84,1,10,150,28,0.03323240843917434
85,1,10,150,28,0.08565616767982151
86,1,10,150,28,0.0
87,1,10,150,28,0.14227440514664594
88,1,10,150,28,0.0
89,1,10,150,28,0.0810443829331993
90,1,10,150,28,0.34574137155249846
91,1,10,150,28,0.055998551483021165
92,1,10,150,28,0.5234590078884593
93,1,10,150,28,0.0
94,1,10,150,28,0.5131366917168804
95,1,10,150,28,0.36051629031976
96,1,10,150,28,0.2552083538647097
97,1,10,150,28,0.05941547545208985
98,1,10,150,28,0.19533769320769842
99,1,10,150,28,0.21982357981275003
100,1,10,150,28,0.0
101,1,10,150,28,0.0
102,1,10,150,28,0.0
103,1,10,150,28,0.12130357238836831
104,1,10,150,28,0.0
105,1,10,150,28,0.0
106,1,10,150,28,0.3211509053692879
107,1,10,150,28,0.0
108,1,10,150,28,0.0
109,1,10,150,28,0.29788500348407604
110,1,10,150,28,0.0
111,1,10,150,28,0.0
112,1,10,150,28,0.0
113,1,10,150,28,0.0
114,1,10,150,28,0.0724337938054964
115,1,10,150,28,0.3328391171913876
116,1,10,150,28,0.03806940785769845
117,1,10,150,28,0.3122995715959636
118,1,10,150,28,0.10962374527635951
119,1,10,150,28,0.09647963143728595
120,1,10,150,28,0.0845667599404342
121,1,10,150,28,0.05710411178654767
122,1,10,150,28,0.024882317223511866
123,1,10,150,28,0.0
124,1,10,150,28,0.18978688349077963
125,1,10,150,28,0.22724552135044737
126,1,10,150,28,0.0
127,1,10,150,28,0.0
128,1,10,150,28,0.24510013947408973
129,1,10,150,28,0.0
130,1,10,150,28,0.3517641638983666
131,1,10,150,28,0.18578394451531804
132,1,10,150,28,0.0
133,1,10,150,28,0.0
134,1,10,150,28,0.0
135,1,10,150,28,0.02738855579742861
136,1,10,150,28,0.24037632821914973
137,1,10,150,28,0.1176154775744913
138,1,10,150,28,0.0
139,1,10,150,28,0.06016179456846956
140,1,10,150,28,0.0
141,1,10,150,28,0.11420822357309535
142,1,10,150,28,0.04395738023645723
143,1,10,150,28,0.0
144,1,10,150,28,0.21641769063119035
145,1,10,150,28,0.3489932265955642
146,1,10,150,28,0.0
147,1,10,150,28,0.0
148,1,10,150,28,0.19622163910097828
149,1,10,150,28,0.0
150,1,10,150,28,0.0
151,1,10,150,28,0.3049652625964178
152,1,10,150,28,0.06387699987004732
153,1,10,150,28,0.16952307587808224
154,1,10,150,28,0.07676676843437329
155,1,10,150,28,0.0
156,1,10,150,28,0.032014847745354055
157,1,10,150,28,0.027915669265958894
158,1,10,150,28,0.3196428566273
159,1,10,150,28,0.0
160,1,10,150,28,0.2055665663594448
161,1,10,150,28,0.09235716777162616
162,1,10,150,28,0.0475858026939827
163,1,10,150,28,0.05010834716923557
164,1,10,150,28,0.0
165,1,10,150,28,0.09627818061559096
166,1,10,150,28,0.0
167,1,10,150,28,0.14947465851938885
168,1,10,150,28,0.02794110381151734
169,1,10,150,28,0.040573182910334425
170,1,10,150,28,0.0
171,1,10,150,28,0.0
172,1,10,150,28,0.0
173,1,10,150,28,0.0
174,1,10,150,28,0.13104905746003873
175,1,10,150,28,0.07396201032668431
176,1,10,150,28,0.09885099943510027
177,1,10,150,28,0.21123149766396823
178,1,10,150,28,0.34789787242836945
179,1,10,150,28,0.0
180,1,10,150,28,0.11282215464592292
181,1,10,150,28,0.13477139962174145
182,1,10,150,28,0.04195229264874745
183,1,10,150,28,0.02831169742649504
184,1,10,150,28,0.2486013726839148
185,1,10,150,28,0.0
186,1,10,150,28,0.057889502110454696
187,1,10,150,28,0.12249571257734294
188,1,10,150,28,0.07683185497610219
189,1,10,150,28,0.3007445913588823
190,1,10,150,28,0.03175761494935955
191,1,10,150,28,0.0
192,1,10,150,28,0.03884264315548268
193,1,10,150,28,0.02561048881112675
194,1,10,150,28,0.1461534747282795
195,1,10,150,28,0.12959906201473576
196,1,10,150,28,0.07706308624591164
197,1,10,150,28,0.08007414766640222
198,1,10,150,28,0.04418177189852209
199,1,10,150,28,0.0
200,1,10,150,28,0.25632926808352446
201,1,10,150,28,0.10341102004022672
202,1,10,150,28,0.0
203,1,10,150,28,0.028335946945814334
204,1,10,150,28,0.027001973670935885
205,1,10,150,28,0.33118408514264214
206,1,10,150,28,0.0
207,1,10,150,28,0.1702354107548224
208,1,10,150,28,0.0
209,1,10,150,28,0.03243822298569767
210,1,10,150,28,0.09531808796573864
211,1,10,150,28,0.0
212,1,10,150,28,0.0
213,1,10,150,28,0.3442488816189006
214,1,10,150,28,0.20075969615313
215,1,10,150,28,0.17212409862878858
216,1,10,150,28,0.22723903393807676
217,1,10,150,28,0.057889502110454696
218,1,10,150,28,0.0383846381653829
219,1,10,150,28,0.0
220,1,10,150,28,0.0
221,1,10,150,28,0.09894278042081614
222,1,10,150,28,0.28575190336181205
223,1,10,150,28,0.14418024206484642
224,1,10,150,28,0.07205736635480697
225,1,10,150,28,0.10040564991079691
226,1,10,150,28,0.23814675809782818
227,1,10,150,28,0.08428605557054564
228,1,10,150,28,0.0
229,1,10,150,28,0.0
230,1,10,150,28,0.1540707818826899
231,1,10,150,28,0.0
232,1,10,150,28,0.08467926455963994
233,1,10,150,28,0.02459340231606863
234,1,10,150,28,0.35879418569464916
235,1,10,150,28,0.26345214892443664
236,1,10,150,28,0.11702329228762696
237,1,10,150,28,0.1632879212347599
238,1,10,150,28,0.0
239,1,10,150,28,0.12293296981979693
240,1,10,150,28,0.0
241,1,10,150,28,0.047978870624887156
242,1,10,150,28,0.0
243,1,10,150,28,0.1522776314307938
244,1,10,150,28,0.1935749727798278
245,1,10,150,28,0.06016179456846956
246,1,10,150,28,0.1274896122398545
247,1,10,150,28,0.08883649703748449
248,1,10,150,28,0.0671070847620695
249,1,10,150,28,0.3536823518619285
250,1,10,150,28,0.09847154396635838
251,1,10,150,28,0.13088235033351817
252,1,10,150,28,0.15744006533381547
253,1,10,150,28,0.25467996372600127
254,1,10,150,28,0.12071672415635486
255,1,10,150,28,0.06040213610865993
256,1,10,150,28,0.2465009546559041
257,1,10,150,28,0.11802830255071381
258,1,10,150,28,0.0
259,1,10,150,28,0.062479569258293385
260,1,10,150,28,0.0
261,1,10,150,28,0.0
262,1,10,150,28,0.0
263,1,10,150,28,0.2159351726131298
264,1,10,150,28,0.1217822321583045
265,1,10,150,28,0.1807501615505622
266,1,10,150,28,0.05919139647768146
267,1,10,150,28,0.08826713583743705
268,1,10,150,28,0.16519016131875813
269,1,10,150,28,0.5761763770588371
270,1,10,150,28,0.0690422634886348
271,1,10,150,28,0.25952051882478216
272,1,10,150,28,0.20573919065336121
273,1,10,150,28,0.0
274,1,10,150,28,0.13850557242161157
275,1,10,150,28,0.0
276,1,10,150,28,0.5351837099732928
277,1,10,150,28,0.07563222788297667
278,1,10,150,28,0.044115283111570695
279,1,10,150,28,0.26336630910986514
280,1,10,150,28,0.2938330414877128
281,1,10,150,28,0.049432410190049694
282,1,10,150,28,0.0
283,1,10,150,28,0.07389019331410458
284,1,10,150,28,0.0
285,1,10,150,28,0.0
286,1,10,150,28,0.26818786076891016
287,1,10,150,28,0.2537651306408975
288,1,10,150,28,0.12035871820314578
289,1,10,150,28,0.0
290,1,10,150,28,0.1866577324777937
291,1,10,150,28,0.14034078560553448
292,1,10,150,28,0.160654908740264
293,1,10,150,28,0.3329645817637911
294,1,10,150,28,0.0
295,1,10,150,28,0.16561590148879296
296,1,10,150,28,0.2915079998081569
297,1,10,150,28,0.18175360090520656
298,1,10,150,28,0.20619552531147936
299,1,10,150,28,0.2258269113608672
300,1,10,150,28,0.0
301,1,10,150,28,0.5394116729097097
302,1,10,150,28,0.13927874459665815
303,1,10,150,28,0.3156117701129016
304,1,10,150,28,0.0
305,1,10,150,28,0.3303118475437681
306,1,10,150,28,0.05252809026007655
307,1,10,150,28,0.1771727925723038
308,1,10,150,28,0.4973546504133625
309,1,10,150,28,0.0
310,1,10,150,28,0.039396067695057414
311,1,10,150,28,0.3904593262442283
312,1,10,150,28,0.1049108616985187
313,1,10,150,28,0.3980179944820921
314,1,10,150,28,0.24680779780856174
315,1,10,150,28,0.22599242901155786
316,1,10,150,28,0.12378771651424791
317,1,10,150,28,0.0
318,1,10,150,28,0.08817434871856354
319,1,10,150,28,0.06591877139737895
320,1,10,150,28,0.353608218605136
321,1,10,150,28,0.23647566217838822
322,1,10,150,28,0.14288427354002056
323,1,10,150,28,0.18905613807541624
324,1,10,150,28,0.0734773909038217
325,1,10,150,28,0.16083821101324897
326,1,10,150,28,0.34398337002360824
327,1,10,150,28,0.02794110381151734
328,1,10,150,28,0.20620840520968814
329,1,10,150,28,0.0
330,1,10,150,28,0.16875608267919584
331,1,10,150,28,0.053251633441076286
332,1,10,150,28,0.11623913825332906
333,1,10,150,28,0.0
334,1,10,150,28,0.19556745618653545
335,1,10,150,28,0.0
336,1,10,150,28,0.12761893336166627
337,1,10,150,28,0.03884210089598009
338,1,10,150,28,0.07614536690689185
339,1,10,150,28,0.4227348937686328
340,1,10,150,28,0.19897370622983218
341,1,10,150,28,0.0
342,1,10,150,28,0.11549893146455463
343,1,10,150,28,0.3281549490974931
344,1,10,150,28,0.31126645422852034
345,1,10,150,28,0.16010012122738082
346,1,10,150,28,0.1785289944287507
347,1,10,150,28,0.3496565705530913
348,1,10,150,28,0.1450057783707606
349,1,10,150,28,0.2259984658284476
350,1,10,150,28,0.0
351,1,10,150,28,0.0
352,1,10,150,28,0.07811280179907971
353,1,10,150,28,0.0
354,1,10,150,28,0.2031105492550814
355,1,10,150,28,0.0
356,1,10,150,28,0.0
357,1,10,150,28,0.048851099168414396
358,1,10,150,28,0.06323567569191428
359,1,10,150,28,0.13587623914185412
360,1,10,150,28,0.05924613409849064
361,1,10,150,28,0.14159677937052395
362,1,10,150,28,0.0
363,1,10,150,28,0.1488946969611134
364,1,10,150,28,0.0
365,1,10,150,28,0.14456587527532935
366,1,10,150,28,0.044257815106106525
367,1,10,150,28,0.027299924755986534
368,1,10,150,28,0.042512356679180144
369,1,10,150,28,0.0
370,1,10,150,28,0.14154116653408116
371,1,10,150,28,0.098804715452931
372,1,10,150,28,0.09429424592561358
373,1,10,150,28,0.16007981050591163
374,1,10,150,28,0.12643602074935714
375,1,10,150,28,0.04282650856324445
376,1,10,150,28,0.0
377,1,10,150,28,0.05397642893687311
378,1,10,150,28,0.28389248342885454
379,1,10,150,28,0.12853837050874176
380,1,10,150,28,0.0
381,1,10,150,28,0.029232511322807294
382,1,10,150,28,0.0
383,1,10,150,28,0.0632176666891428
384,1,10,150,28,0.0
385,1,10,150,28,0.17234879736805947
386,1,10,150,28,0.14606834984270645
387,1,10,150,28,0.23995440393597117
388,1,10,150,28,0.04739418218477539
389,1,10,150,28,0.1259424740704024
390,1,10,150,28,0.05307577057513386
391,1,10,150,28,0.08907375584162422
392,1,10,150,28,0.09148421283354757
393,1,10,150,28,0.3456397207588752
394,1,10,150,28,0.08267830244963624
395,1,10,150,28,0.04720998255710776
396,1,10,150,28,0.0
397,1,10,150,28,0.05620951529185321
398,1,10,150,28,0.1406802602299007
399,1,10,150,28,0.0
400,1,10,150,28,0.0
401,1,10,150,28,0.0
402,1,10,150,28,0.0772439298321276
403,1,10,150,28,0.0
404,1,10,150,28,0.05446824630887794
405,1,10,150,28,0.25362157716333367
406,1,10,150,28,0.1633950282052326
407,1,10,150,28,0.03806940785769845
408,1,10,150,28,0.0
409,1,10,150,28,0.10966973775432784
410,1,10,150,28,0.0
411,1,10,150,28,0.0
412,1,10,150,28,0.15001451003751623
413,1,10,150,28,0.04935421935348238
414,1,10,150,28,0.1309019901681972
415,1,10,150,28,0.0
416,1,10,150,28,0.26711578892070637
417,1,10,150,28,0.21020586107455394
418,1,10,150,28,0.14436292983286242
419,1,10,150,28,0.0
420,1,10,150,28,0.19519002499605084
421,1,10,150,28,0.0
422,1,10,150,28,0.0
423,1,10,150,28,0.0
424,1,10,150,28,0.0
425,1,10,150,28,0.0
426,1,10,150,28,0.043599246064372175
427,1,10,150,28,0.0
428,1,10,150,28,0.0
429,1,10,150,28,0.20714519977117585
430,1,10,150,28,0.0
431,1,10,150,28,0.0
432,1,10,150,28,0.0
433,1,10,150,28,0.13012668333070054
434,1,10,150,28,0.0
435,1,10,150,28,0.08873994892883583
436,1,10,150,28,0.06536545161870184
437,1,10,150,28,0.14945564650669343
438,1,10,150,28,0.0
439,1,10,150,28,0.18154179253735267
440,1,10,150,28,0.0
442,1,10,150,28,0.0733934381893728
444,1,10,150,28,0.0
445,1,10,150,28,0.0
446,1,10,150,28,0.0
447,1,10,150,28,0.0
448,1,10,150,28,0.0
449,1,10,150,28,0.0
450,1,10,150,28,0.16286358871018342
451,1,10,150,28,0.0
452,1,10,150,28,0.05780700008370542
453,1,10,150,28,0.1515771522786143
454,1,10,150,28,0.0
455,1,10,150,28,0.0
456,1,10,150,28,0.0
457,1,10,150,28,0.05381256178894041
458,1,10,150,28,0.0
459,1,10,150,28,0.0
460,1,10,150,28,0.0
462,1,10,150,28,0.0
1,1,10,150,29,1.0
2,1,10,150,29,0.0
3,1,10,150,29,0.0
4,1,10,150,29,0.0
5,1,10,150,29,0.06150072328230334
6,1,10,150,29,0.31809753409609204
7,1,10,150,29,0.26210334452596645
8,1,10,150,29,0.15459812200860068
9,1,10,150,29,0.0
10,1,10,150,29,0.3930362154448437
11,1,10,150,29,0.24999036398360644
12,1,10,150,29,0.03608574346476927
13,1,10,150,29,0.40382792477485446
14,1,10,150,29,0.37434704745048486
15,1,10,150,29,0.06634214342628626
16,1,10,150,29,0.2664256535874463
17,1,10,150,29,0.10122860821230018
18,1,10,150,29,0.29274484536019363
19,1,10,150,29,0.13886244387355454
20,1,10,150,29,0.029956785715628154
21,1,10,150,29,0.07578507924244249
22,1,10,150,29,0.02403400906545054
23,1,10,150,29,0.0
24,1,10,150,29,0.10707095809270382
25,1,10,150,29,0.20074428131345268
26,1,10,150,29,0.0
27,1,10,150,29,0.0
28,1,10,150,29,0.24714934973136127
29,1,10,150,29,0.0
30,1,10,150,29,0.0
31,1,10,150,29,0.038437318942299493
32,1,10,150,29,0.11469999139467348
33,1,10,150,29,0.0
34,1,10,150,29,0.0
35,1,10,150,29,0.0
36,1,10,150,29,0.0
37,1,10,150,29,0.15133867332691472
38,1,10,150,29,0.17033949083056624
39,1,10,150,29,0.0527075128660253
40,1,10,150,29,0.2115979644027589
41,1,10,150,29,0.0
42,1,10,150,29,0.28326785209760164
43,1,10,150,29,0.40645160642840455
44,1,10,150,29,0.1327156426583287
45,1,10,150,29,0.04094516368001556
46,1,10,150,29,0.0
47,1,10,150,29,0.0
48,1,10,150,29,0.13220861382794732
49,1,10,150,29,0.10381804328021124
50,1,10,150,29,0.0
51,1,10,150,29,0.0
52,1,10,150,29,0.0
53,1,10,150,29,0.09805619395650908
54,1,10,150,29,0.14534191055130208
55,1,10,150,29,0.0
56,1,10,150,29,0.34062440022268703
57,1,10,150,29,0.22895978507311573
58,1,10,150,29,0.20741823802348744
59,1,10,150,29,0.43311992913776615
60,1,10,150,29,0.2984422566644041
61,1,10,150,29,0.0
62,1,10,150,29,0.37415280223885117
63,1,10,150,29,0.02502796125345678
64,1,10,150,29,0.25979453779771805
65,1,10,150,29,0.20603514289204364
66,1,10,150,29,0.0
67,1,10,150,29,0.03314040476303028
68,1,10,150,29,0.0
69,1,10,150,29,0.20788758765202875
70,1,10,150,29,0.0
71,1,10,150,29,0.0
72,1,10,150,29,0.2617859982829658
73,1,10,150,29,0.16545678694386
74,1,10,150,29,0.03272011597426011
75,1,10,150,29,0.11674407128094672
76,1,10,150,29,0.09899965170384697
77,1,10,150,29,0.3812555366480114
78,1,10,150,29,0.05658242244874664
79,1,10,150,29,0.3698571414087665
80,1,10,150,29,0.08530460913930236
81,1,10,150,29,0.034380101046999886
82,1,10,150,29,0.32492392937431375
83,1,10,150,29,0.13217386828838196
84,1,10,150,29,0.03323240843917434
85,1,10,150,29,0.08370786132277075
86,1,10,150,29,0.0
87,1,10,150,29,0.1390382794186194
88,1,10,150,29,0.0
89,1,10,150,29,0.0792009746796077
90,1,10,150,29,0.3378772546962657
91,1,10,150,29,0.05472482728083851
92,1,10,150,29,0.5115525854982265
93,1,10,150,29,0.0
94,1,10,150,29,0.5014650572556585
95,1,10,150,29,0.35231610813467945
96,1,10,150,29,0.2552083538647097
97,1,10,150,29,0.05941547545208985
98,1,10,150,29,0.19533769320769842
99,1,10,150,29,0.21482354666184209
100,1,10,150,29,0.0
101,1,10,150,29,0.0
102,1,10,150,29,0.0
103,1,10,150,29,0.12130357238836831
104,1,10,150,29,0.0
105,1,10,150,29,0.0
106,1,10,150,29,0.31384611497938364
107,1,10,150,29,0.0
108,1,10,150,29,0.0
109,1,10,150,29,0.2911094114668437
110,1,10,150,29,0.0
111,1,10,150,29,0.0
112,1,10,150,29,0.0
113,1,10,150,29,0.0
114,1,10,150,29,0.0724337938054964
115,1,10,150,29,0.32526847066978387
116,1,10,150,29,0.03720349392123144
117,1,10,150,29,0.3051961106645918
118,1,10,150,29,0.10713028046710026
119,1,10,150,29,0.11703080160375455
120,1,10,150,29,0.0845667599404342
121,1,10,150,29,0.05710411178654767
122,1,10,150,29,0.024882317223511866
123,1,10,150,29,0.0
124,1,10,150,29,0.18978688349077963
125,1,10,150,29,0.24482233460247246
126,1,10,150,29,0.0
127,1,10,150,29,0.0
128,1,10,150,29,0.23952517420554792
129,1,10,150,29,0.0
130,1,10,150,29,0.36650871802161217
131,1,10,150,29,0.18578394451531804
132,1,10,150,29,0.0
133,1,10,150,29,0.0
134,1,10,150,29,0.0
135,1,10,150,29,0.026765584926608993
136,1,10,150,29,0.24037632821914973
137,1,10,150,29,0.1176154775744913
138,1,10,150,29,0.0
139,1,10,150,29,0.06016179456846956
140,1,10,150,29,0.0
141,1,10,150,29,0.11161048176369433
142,1,10,150,29,0.04395738023645723
143,1,10,150,29,0.0
144,1,10,150,29,0.211495126689139
145,1,10,150,29,0.3410551441391391
146,1,10,150,29,0.0
147,1,10,150,29,0.0
148,1,10,150,29,0.19175844774877612
149,1,10,150,29,0.0
150,1,10,150,29,0.0
151,1,10,150,29,0.2980286253887246
152,1,10,150,29,0.06242407513284288
153,1,10,150,29,0.16952307587808224
154,1,10,150,29,0.07676676843437329
155,1,10,150,29,0.0
156,1,10,150,29,0.032014847745354055
157,1,10,150,29,0.027915669265958894
158,1,10,150,29,0.3123723678064519
159,1,10,150,29,0.0
160,1,10,150,29,0.22363648182427337
161,1,10,150,29,0.09235716777162616
162,1,10,150,29,0.0475858026939827
163,1,10,150,29,0.05010834716923557
164,1,10,150,29,0.0
165,1,10,150,29,0.09627818061559096
166,1,10,150,29,0.0
167,1,10,150,29,0.14607475825184604
168,1,10,150,29,0.0273055648695642
169,1,10,150,29,0.040573182910334425
170,1,10,150,29,0.0
171,1,10,150,29,0.0
172,1,10,150,29,0.0
173,1,10,150,29,0.0
174,1,10,150,29,0.12806825971189184
175,1,10,150,29,0.07396201032668431
176,1,10,150,29,0.09885099943510027
177,1,10,150,29,0.20642689712140844
178,1,10,150,29,0.36273036791594687
179,1,10,150,29,0.0
180,1,10,150,29,0.1102559398937703
181,1,10,150,29,0.1317059347317739
182,1,10,150,29,0.04195229264874745
183,1,10,150,29,0.02831169742649504
184,1,10,150,29,0.24294676954334354
185,1,10,150,29,0.0
186,1,10,150,29,0.056572766981819324
187,1,10,150,29,0.12249571257734294
188,1,10,150,29,0.09782992685225649
189,1,10,150,29,0.29390395611842457
190,1,10,150,29,0.03175761494935955
191,1,10,150,29,0.0
192,1,10,150,29,0.03884264315548268
193,1,10,150,29,0.02502796125345678
194,1,10,150,29,0.14282911698929504
195,1,10,150,29,0.12665124537490016
196,1,10,150,29,0.07706308624591164
197,1,10,150,29,0.07825280805759521
198,1,10,150,29,0.043176828187084765
199,1,10,150,29,0.0
200,1,10,150,29,0.2504988888355051
201,1,10,150,29,0.10105886778790338
202,1,10,150,29,0.0
203,1,10,150,29,0.028335946945814334
204,1,10,150,29,0.027001973670935885
205,1,10,150,29,0.33118408514264214
206,1,10,150,29,0.0
207,1,10,150,29,0.16636329340527511
208,1,10,150,29,0.0
209,1,10,150,29,0.03243822298569767
210,1,10,150,29,0.1158956782090202
211,1,10,150,29,0.0
212,1,10,150,29,0.0
213,1,10,150,29,0.33641871243630567
214,1,10,150,29,0.19619328368278938
215,1,10,150,29,0.16820902182061728
216,1,10,150,29,0.22207033136377366
217,1,10,150,29,0.056572766981819324
218,1,10,150,29,0.0383846381653829
219,1,10,150,29,0.0
220,1,10,150,29,0.0
221,1,10,150,29,0.0966922612428076
222,1,10,150,29,0.30199795014262554
223,1,10,150,29,0.1409007668118083
224,1,10,150,29,0.07041837375515932
225,1,10,150,29,0.10040564991079691
226,1,10,150,29,0.23814675809782818
227,1,10,150,29,0.08428605557054564
228,1,10,150,29,0.0
229,1,10,150,29,0.0
230,1,10,150,29,0.1505663397402411
231,1,10,150,29,0.0
232,1,10,150,29,0.08275317851212236
233,1,10,150,29,0.046779672452276704
234,1,10,150,29,0.35063317392168825
235,1,10,150,29,0.2574597550264654
236,1,10,150,29,0.11436151987283442
237,1,10,150,29,0.1632879212347599
238,1,10,150,29,0.0
239,1,10,150,29,0.12013677786913296
240,1,10,150,29,0.0
241,1,10,150,29,0.047978870624887156
242,1,10,150,29,0.0
243,1,10,150,29,0.14881397568492577
244,1,10,150,29,0.18917198160886378
245,1,10,150,29,0.06016179456846956
246,1,10,150,29,0.12458977643452977
247,1,10,150,29,0.08883649703748449
248,1,10,150,29,0.06558068960120024
249,1,10,150,29,0.345637612140616
250,1,10,150,29,0.09623174337411852
251,1,10,150,29,0.12790534444955529
252,1,10,150,29,0.15744006533381547
253,1,10,150,29,0.24888709899972053
254,1,10,150,29,0.11797094218353406
255,1,10,150,29,0.05902824945288709
256,1,10,150,29,0.2408941269167696
257,1,10,150,29,0.11802830255071381
258,1,10,150,29,0.0
259,1,10,150,29,0.062479569258293385
260,1,10,150,29,0.0
261,1,10,150,29,0.0
262,1,10,150,29,0.0
263,1,10,150,29,0.21102358386349532
264,1,10,150,29,0.11901221449913538
265,1,10,150,29,0.1807501615505622
266,1,10,150,29,0.05919139647768146
267,1,10,150,29,0.08625944127755943
268,1,10,150,29,0.16143280151458614
269,1,10,150,29,0.5630708631348157
270,1,10,150,29,0.06747185140385775
271,1,10,150,29,0.2763632158484453
272,1,10,150,29,0.20573919065336121
273,1,10,150,29,0.0
274,1,10,150,29,0.1353551712941099
275,1,10,150,29,0.0
276,1,10,150,29,0.5230106014561274
277,1,10,150,29,0.07563222788297667
278,1,10,150,29,0.044115283111570695
279,1,10,150,29,0.28012153108224747
280,1,10,150,29,0.2871496140341059
281,1,10,150,29,0.049432410190049694
282,1,10,150,29,0.0
283,1,10,150,29,0.07389019331410458
284,1,10,150,29,0.0
285,1,10,150,29,0.0
286,1,10,150,29,0.26208774996342754
287,1,10,150,29,0.24799307440002563
288,1,10,150,29,0.11762107931322716
289,1,10,150,29,0.0
290,1,10,150,29,0.18241207852630553
291,1,10,150,29,0.1598943047235344
292,1,10,150,29,0.15700070626461665
293,1,10,150,29,0.32539108146725654
294,1,10,150,29,0.0
295,1,10,150,29,0.16184885794202308
296,1,10,150,29,0.28487745696995354
297,1,10,150,29,0.20036515806649932
298,1,10,150,29,0.20150547130087465
299,1,10,150,29,0.22069032845136627
300,1,10,150,29,0.0
301,1,10,150,29,0.5271423965707807
302,1,10,150,29,0.13927874459665815
303,1,10,150,29,0.3311786344158193
304,1,10,150,29,0.0
305,1,10,150,29,0.32279868544685686
306,1,10,150,29,0.05252809026007655
307,1,10,150,29,0.1731428798711502
308,1,10,150,29,0.48604198895118755
309,1,10,150,29,0.0
310,1,10,150,29,0.039396067695057414
311,1,10,150,29,0.40432373323005627
312,1,10,150,29,0.1025245945527023
313,1,10,150,29,0.38896481115770276
314,1,10,150,29,0.24119399071836434
315,1,10,150,29,0.22085208129328976
316,1,10,150,29,0.12097208278299096
317,1,10,150,29,0.0
318,1,10,150,29,0.10891442805008462
319,1,10,150,29,0.06591877139737895
320,1,10,150,29,0.3455651650939283
321,1,10,150,29,0.23109686636730176
322,1,10,150,29,0.14288427354002056
323,1,10,150,29,0.18475593079753946
324,1,10,150,29,0.0734773909038217
325,1,10,150,29,0.15717983920580228
326,1,10,150,29,0.33615924007838516
327,1,10,150,29,0.0273055648695642
328,1,10,150,29,0.2015180582372543
329,1,10,150,29,0.0
330,1,10,150,29,0.16491761362809543
331,1,10,150,29,0.05204038971202691
332,1,10,150,29,0.11359520194224408
333,1,10,150,29,0.0
334,1,10,150,29,0.19111914465869861
335,1,10,150,29,0.0
336,1,10,150,29,0.124716156061636
337,1,10,150,29,0.03884210089598009
338,1,10,150,29,0.0744133900227613
339,1,10,150,29,0.4131195081731058
340,1,10,150,29,0.19897370622983218
341,1,10,150,29,0.0
342,1,10,150,29,0.13561749503474993
343,1,10,150,29,0.3206908470866004
344,1,10,150,29,0.30418649223702743
345,1,10,150,29,0.1792042011485789
346,1,10,150,29,0.17446823401668574
347,1,10,150,29,0.3417033998982986
348,1,10,150,29,0.1450057783707606
349,1,10,150,29,0.2259984658284476
350,1,10,150,29,0.0
351,1,10,150,29,0.0
352,1,10,150,29,0.07811280179907971
353,1,10,150,29,0.0
354,1,10,150,29,0.19849066507141191
355,1,10,150,29,0.0
356,1,10,150,29,0.0
357,1,10,150,29,0.048851099168414396
358,1,10,150,29,0.06323567569191428
359,1,10,150,29,0.13587623914185412
360,1,10,150,29,0.08064420486214177
361,1,10,150,29,0.1383760666903033
362,1,10,150,29,0.0
363,1,10,150,29,0.14550798830395242
364,1,10,150,29,0.0
365,1,10,150,29,0.14456587527532935
366,1,10,150,29,0.044257815106106525
367,1,10,150,29,0.027299924755986534
368,1,10,150,29,0.042512356679180144
369,1,10,150,29,0.0
370,1,10,150,29,0.14154116653408116
371,1,10,150,29,0.098804715452931
372,1,10,150,29,0.09429424592561358
373,1,10,150,29,0.15643868902111724
374,1,10,150,29,0.12356014958142249
375,1,10,150,29,0.04282650856324445
376,1,10,150,29,0.0
377,1,10,150,29,0.05397642893687311
378,1,10,150,29,0.27743516056273165
379,1,10,150,29,0.12561468000085876
380,1,10,150,29,0.0
381,1,10,150,29,0.0513132618471333
382,1,10,150,29,0.0
383,1,10,150,29,0.0632176666891428
384,1,10,150,29,0.0
385,1,10,150,29,0.16842860963800127
386,1,10,150,29,0.14606834984270645
387,1,10,150,29,0.23449648183585703
388,1,10,150,29,0.04739418218477539
389,1,10,150,29,0.12307782894909293
390,1,10,150,29,0.05307577057513386
391,1,10,150,29,0.08907375584162422
392,1,10,150,29,0.08940334372322692
393,1,10,150,29,0.3377779160173772
394,1,10,150,29,0.08267830244963624
395,1,10,150,29,0.04720998255710776
396,1,10,150,29,0.0
397,1,10,150,29,0.05620951529185321
398,1,10,150,29,0.13748039438554027
399,1,10,150,29,0.0
400,1,10,150,29,0.0
401,1,10,150,29,0.0
402,1,10,150,29,0.0772439298321276
403,1,10,150,29,0.0
404,1,10,150,29,0.05446824630887794
405,1,10,150,29,0.27059844952836665
406,1,10,150,29,0.18242416328142158
407,1,10,150,29,0.03720349392123144
408,1,10,150,29,0.0
409,1,10,150,29,0.10717522681564638
410,1,10,150,29,0.0
411,1,10,150,29,0.0
412,1,10,150,29,0.15001451003751623
413,1,10,150,29,0.04935421935348238
414,1,10,150,29,0.1309019901681972
415,1,10,150,29,0.0
416,1,10,150,29,0.26104006310060945
417,1,10,150,29,0.20542458931661417
418,1,10,150,29,0.14436292983286242
419,1,10,150,29,0.0
420,1,10,150,29,0.19519002499605084
421,1,10,150,29,0.0
422,1,10,150,29,0.0
423,1,10,150,29,0.0
424,1,10,150,29,0.0
425,1,10,150,29,0.0
426,1,10,150,29,0.043599246064372175
427,1,10,150,29,0.0
428,1,10,150,29,0.0
429,1,10,150,29,0.2024335447849838
430,1,10,150,29,0.0
431,1,10,150,29,0.0
432,1,10,150,29,0.0
433,1,10,150,29,0.13012668333070054
434,1,10,150,29,0.0
435,1,10,150,29,0.08672149992153637
436,1,10,150,29,0.06536545161870184
437,1,10,150,29,0.14945564650669343
438,1,10,150,29,0.0
439,1,10,150,29,0.18154179253735267
440,1,10,150,29,0.0
442,1,10,150,29,0.0733934381893728
444,1,10,150,29,0.0
445,1,10,150,29,0.0
446,1,10,150,29,0.0
447,1,10,150,29,0.0
448,1,10,150,29,0.0
449,1,10,150,29,0.0
450,1,10,150,29,0.15915914834341105
451,1,10,150,29,0.0
452,1,10,150,29,0.05780700008370542
453,1,10,150,29,0.1515771522786143
454,1,10,150,29,0.0
455,1,10,150,29,0.0
456,1,10,150,29,0.0
457,1,10,150,29,0.10536103181067501
458,1,10,150,29,0.0
459,1,10,150,29,0.0
460,1,10,150,29,0.0
462,1,10,150,29,0.0
1,1,10,150,30,1.0
2,1,10,150,30,0.0
3,1,10,150,30,0.0
4,1,10,150,30,0.0
5,1,10,150,30,0.0601457317407804
6,1,10,150,30,0.3331212935598984
7,1,10,150,30,0.256328651223461
8,1,10,150,30,0.15459812200860068
9,1,10,150,30,0.0
10,1,10,150,30,0.38437679293699173
11,1,10,150,30,0.24448254536649597
12,1,10,150,30,0.03608574346476927
13,1,10,150,30,0.4169628616684292
14,1,10,150,30,0.3660993870032873
15,1,10,150,30,0.06488048511738331
16,1,10,150,30,0.26055573063713217
17,1,10,150,30,0.10122860821230018
18,1,10,150,30,0.3083271783977499
19,1,10,150,30,0.13886244387355454
20,1,10,150,30,0.05692185311373096
21,1,10,150,30,0.07411537300377287
22,1,10,150,30,0.023504488805288947
23,1,10,150,30,0.0
24,1,10,150,30,0.10707095809270382
25,1,10,150,30,0.19632145848029262
26,1,10,150,30,0.0
27,1,10,150,30,0.0
28,1,10,150,30,0.24170412469162172
29,1,10,150,30,0.0
30,1,10,150,30,0.0
31,1,10,150,30,0.038437318942299493
32,1,10,150,30,0.11469999139467348
33,1,10,150,30,0.0
34,1,10,150,30,0.0
35,1,10,150,30,0.0
36,1,10,150,30,0.0
37,1,10,150,30,0.15133867332691472
38,1,10,150,30,0.16658655010166987
39,1,10,150,30,0.0527075128660253
40,1,10,150,30,0.2115979644027589
41,1,10,150,30,0.0
42,1,10,150,30,0.27702685974673497
43,1,10,150,30,0.39749661436724004
44,1,10,150,30,0.12979163520553239
45,1,10,150,30,0.04094516368001556
46,1,10,150,30,0.0
47,1,10,150,30,0.0
48,1,10,150,30,0.12929577729704933
49,1,10,150,30,0.12356283498691654
50,1,10,150,30,0.0
51,1,10,150,30,0.0
52,1,10,150,30,0.0
53,1,10,150,30,0.09805619395650908
54,1,10,150,30,0.1421397196027207
55,1,10,150,30,0.0
56,1,10,150,30,0.3331197213098965
57,1,10,150,30,0.22391531477154036
58,1,10,150,30,0.2028483737506832
59,1,10,150,30,0.44560950096849744
60,1,10,150,30,0.2918669399554111
61,1,10,150,30,0.0
62,1,10,150,30,0.36590942142617977
63,1,10,150,30,0.024476542115760943
64,1,10,150,30,0.2540707124105935
65,1,10,150,30,0.20149575114223114
66,1,10,150,30,0.0
67,1,10,150,30,0.03314040476303028
68,1,10,150,30,0.0
69,1,10,150,30,0.20788758765202875
70,1,10,150,30,0.0
71,1,10,150,30,0.0
72,1,10,150,30,0.27805042046819584
73,1,10,150,30,0.16181142255086914
74,1,10,150,30,0.03272011597426011
75,1,10,150,30,0.11417195146403795
76,1,10,150,30,0.0968184791336208
77,1,10,150,30,0.3728556675123992
78,1,10,150,30,0.05658242244874664
79,1,10,150,30,0.3698571414087665
80,1,10,150,30,0.08530460913930236
81,1,10,150,30,0.034380101046999886
82,1,10,150,30,0.31776516517702696
83,1,10,150,30,0.12926179727550888
84,1,10,150,30,0.03323240843917434
85,1,10,150,30,0.08186359936944886
86,1,10,150,30,0.0
87,1,10,150,30,0.13597497085076157
88,1,10,150,30,0.0
89,1,10,150,30,0.07745600901020196
90,1,10,150,30,0.3304331012334694
91,1,10,150,30,0.0755512467940976
92,1,10,150,30,0.5002819956677205
93,1,10,150,30,0.0
94,1,10,150,30,0.5124488407710402
95,1,10,150,30,0.3445538360671875
96,1,10,150,30,0.2552083538647097
97,1,10,150,30,0.05941547545208985
98,1,10,150,30,0.19533769320769842
99,1,10,150,30,0.2100905277132582
100,1,10,150,30,0.0
101,1,10,150,30,0.0
102,1,10,150,30,0.0
103,1,10,150,30,0.12130357238836831
104,1,10,150,30,0.0
105,1,10,150,30,0.0
106,1,10,150,30,0.30693141855890643
107,1,10,150,30,0.0
108,1,10,150,30,0.0
109,1,10,150,30,0.3067277765862023
110,1,10,150,30,0.0
111,1,10,150,30,0.0
112,1,10,150,30,0.0
113,1,10,150,30,0.0
114,1,10,150,30,0.0724337938054964
115,1,10,150,30,0.3181021154960638
116,1,10,150,30,0.036383821941977264
117,1,10,150,30,0.2984719922089765
118,1,10,150,30,0.10713028046710026
119,1,10,150,30,0.11445236450891201
120,1,10,150,30,0.0845667599404342
121,1,10,150,30,0.05710411178654767
122,1,10,150,30,0.024882317223511866
123,1,10,150,30,0.0
124,1,10,150,30,0.18978688349077963
125,1,10,150,30,0.23942837864784866
126,1,10,150,30,0.0
127,1,10,150,30,0.0
128,1,10,150,30,0.25628004961998274
129,1,10,150,30,0.03443731487202246
130,1,10,150,30,0.38046587629386686
131,1,10,150,30,0.18578394451531804
132,1,10,150,30,0.0
133,1,10,150,30,0.0
134,1,10,150,30,0.0
135,1,10,150,30,0.026175882249243814
136,1,10,150,30,0.2748136430911722
137,1,10,150,30,0.1176154775744913
138,1,10,150,30,0.0
139,1,10,150,30,0.06016179456846956
140,1,10,150,30,0.0
141,1,10,150,30,0.1091514658259318
142,1,10,150,30,0.04395738023645723
143,1,10,150,30,0.0
144,1,10,150,30,0.20683543990103959
145,1,10,150,30,0.33354097502310864
146,1,10,150,30,0.0
147,1,10,150,30,0.0
148,1,10,150,30,0.18753360191204552
149,1,10,150,30,0.0
150,1,10,150,30,0.0
151,1,10,150,30,0.29146242185515364
152,1,10,150,30,0.06104874018915233
153,1,10,150,30,0.16952307587808224
154,1,10,150,30,0.07676676843437329
155,1,10,150,30,0.0
156,1,10,150,30,0.032014847745354055
157,1,10,150,30,0.027915669265958894
158,1,10,150,30,0.30549014116595596
159,1,10,150,30,0.0
160,1,10,150,30,0.2187092951982417
161,1,10,150,30,0.09235716777162616
162,1,10,150,30,0.0475858026939827
163,1,10,150,30,0.05010834716923557
164,1,10,150,30,0.0
165,1,10,150,30,0.09627818061559096
166,1,10,150,30,0.0
167,1,10,150,30,0.14285642111209057
168,1,10,150,30,0.02670396528731324
169,1,10,150,30,0.040573182910334425
170,1,10,150,30,0.0
171,1,10,150,30,0.0
172,1,10,150,30,0.0
173,1,10,150,30,0.0
174,1,10,150,30,0.12524664397494148
175,1,10,150,30,0.07396201032668431
176,1,10,150,30,0.09885099943510027
177,1,10,150,30,0.20187887419396394
178,1,10,150,30,0.37677077126502106
179,1,10,150,30,0.0
180,1,10,150,30,0.1102559398937703
181,1,10,150,30,0.12880417328889215
182,1,10,150,30,0.04195229264874745
183,1,10,150,30,0.02831169742649504
184,1,10,150,30,0.2596262599461266
185,1,10,150,30,0.0
186,1,10,150,30,0.05532634878297887
187,1,10,150,30,0.12249571257734294
188,1,10,150,30,0.09567452580462751
189,1,10,150,30,0.28742862780833967
190,1,10,150,30,0.03175761494935955
191,1,10,150,30,0.0
192,1,10,150,30,0.03884264315548268
193,1,10,150,30,0.024476542115760943
194,1,10,150,30,0.13968228821924422
195,1,10,150,30,0.12386084947307315
196,1,10,150,30,0.07706308624591164
197,1,10,150,30,0.07652873251247118
198,1,10,150,30,0.042225550968526857
199,1,10,150,30,0.0
200,1,10,150,30,0.24497986633596522
201,1,10,150,30,0.09883232631423754
202,1,10,150,30,0.0
203,1,10,150,30,0.028335946945814334
204,1,10,150,30,0.027001973670935885
205,1,10,150,30,0.33118408514264214
206,1,10,150,30,0.0
207,1,10,150,30,0.1626979567498132
208,1,10,150,30,0.0
209,1,10,150,30,0.03243822298569767
210,1,10,150,30,0.11334225029319804
211,1,10,150,30,0.0
212,1,10,150,30,0.0
213,1,10,150,30,0.3290066937569676
214,1,10,150,30,0.19187072899227753
215,1,10,150,30,0.1645030198484361
216,1,10,150,30,0.21717765035838305
217,1,10,150,30,0.05532634878297887
218,1,10,150,30,0.0383846381653829
219,1,10,150,30,0.0
220,1,10,150,30,0.0
221,1,10,150,30,0.094561925384588
222,1,10,150,30,0.29534429395516615
223,1,10,150,30,0.1377964236913586
224,1,10,150,30,0.06886690743551852
225,1,10,150,30,0.10040564991079691
226,1,10,150,30,0.23814675809782818
227,1,10,150,30,0.08428605557054564
228,1,10,150,30,0.0
229,1,10,150,30,0.0
230,1,10,150,30,0.14724904352163223
231,1,10,150,30,0.0
232,1,10,150,30,0.08092995024855608
233,1,10,150,30,0.06778114059934412
234,1,10,150,30,0.34290798046891563
235,1,10,150,30,0.2517873698621138
236,1,10,150,30,0.11184189272321376
237,1,10,150,30,0.1632879212347599
238,1,10,150,30,0.0
239,1,10,150,30,0.13952203319713832
240,1,10,150,30,0.0
241,1,10,150,30,0.047978870624887156
242,1,10,150,30,0.0
243,1,10,150,30,0.14553528776790906
244,1,10,150,30,0.2070362447900733
245,1,10,150,30,0.10760552402297123
246,1,10,150,30,0.12184479907135136
247,1,10,150,30,0.08883649703748449
248,1,10,150,30,0.08616793141320682
249,1,10,150,30,0.33802248152283537
250,1,10,150,30,0.09411155370253693
251,1,10,150,30,0.12508731808181345
252,1,10,150,30,0.15744006533381547
253,1,10,150,30,0.2434035876531825
254,1,10,150,30,0.11537179179516492
255,1,10,150,30,0.05772773176055967
256,1,10,150,30,0.23558671771970247
257,1,10,150,30,0.14222480941686058
258,1,10,150,30,0.0
259,1,10,150,30,0.062479569258293385
260,1,10,150,30,0.0
261,1,10,150,30,0.0
262,1,10,150,30,0.0
263,1,10,150,30,0.20637428616524905
264,1,10,150,30,0.11639012267032847
265,1,10,150,30,0.1807501615505622
266,1,10,150,30,0.05919139647768146
267,1,10,150,30,0.08435896259910428
268,1,10,150,30,0.15787609406624367
269,1,10,150,30,0.5506652162398427
270,1,10,150,30,0.08801742690513674
271,1,10,150,30,0.29230647097341994
272,1,10,150,30,0.20573919065336121
273,1,10,150,30,0.0
274,1,10,150,30,0.13237300941996358
275,1,10,150,30,0.0
276,1,10,150,30,0.5114875672009547
277,1,10,150,30,0.09982873474912346
278,1,10,150,30,0.044115283111570695
279,1,10,150,30,0.2739498588651157
280,1,10,150,30,0.2808230982241731
281,1,10,150,30,0.049432410190049694
282,1,10,150,30,0.0
283,1,10,150,30,0.07389019331410458
284,1,10,150,30,0.0
285,1,10,150,30,0.03305750652500734
286,1,10,150,30,0.2563134002422526
287,1,10,150,30,0.24252926031403754
288,1,10,150,30,0.11502963714688628
289,1,10,150,30,0.0
290,1,10,150,30,0.17839315305220652
291,1,10,150,30,0.1563714936267676
292,1,10,150,30,0.15354164728696562
293,1,10,150,30,0.3182220249172826
294,1,10,150,30,0.0
295,1,10,150,30,0.18031510756307675
296,1,10,150,30,0.27860100160546963
297,1,10,150,30,0.1959506881236046
298,1,10,150,30,0.1970658778357707
299,1,10,150,30,0.21582805184081513
300,1,10,150,30,0.0
301,1,10,150,30,0.5155283300946377
302,1,10,150,30,0.13927874459665815
303,1,10,150,30,0.3459141894595624
304,1,10,150,30,0.0
305,1,10,150,30,0.31568674488662163
306,1,10,150,30,0.05252809026007655
307,1,10,150,30,0.19136029820426118
308,1,10,150,30,0.49736557541491766
309,1,10,150,30,0.0
310,1,10,150,30,0.039396067695057414
311,1,10,150,30,0.41744774641042637
312,1,10,150,30,0.1002657600056791
313,1,10,150,30,0.38039509033264035
314,1,10,150,30,0.23587997488493448
315,1,10,150,30,0.2159862409241204
316,1,10,150,30,0.11830681089376534
317,1,10,150,30,0.0
318,1,10,150,30,0.10651481190117766
319,1,10,150,30,0.06591877139737895
320,1,10,150,30,0.33795163063844025
321,1,10,150,30,0.2260053116263471
322,1,10,150,30,0.14288427354002056
323,1,10,150,30,0.18068536528032222
324,1,10,150,30,0.0734773909038217
325,1,10,150,30,0.1537168335490366
326,1,10,150,30,0.32875293812612727
327,1,10,150,30,0.02670396528731324
328,1,10,150,30,0.21911031113127294
329,1,10,150,30,0.0
330,1,10,150,30,0.1612841283682803
331,1,10,150,30,0.07292595308580271
332,1,10,150,30,0.11109245840404537
333,1,10,150,30,0.0
334,1,10,150,30,0.18690838402671509
335,1,10,150,30,0.0
336,1,10,150,30,0.12196839428688304
337,1,10,150,30,0.03884210089598009
338,1,10,150,30,0.07277390501062482
339,1,10,150,30,0.4260497317521038
340,1,10,150,30,0.19897370622983218
341,1,10,150,30,0.0
342,1,10,150,30,0.13262955361150663
343,1,10,150,30,0.3356574703578691
344,1,10,150,30,0.29748461781947394
345,1,10,150,30,0.1752559520256036
346,1,10,150,30,0.17062432830728608
347,1,10,150,30,0.3562070720072702
348,1,10,150,30,0.1450057783707606
349,1,10,150,30,0.2259984658284476
350,1,10,150,30,0.0
351,1,10,150,30,0.0
352,1,10,150,30,0.07811280179907971
353,1,10,150,30,0.0
354,1,10,150,30,0.19411749419001487
355,1,10,150,30,0.0
356,1,10,150,30,0.0
357,1,10,150,30,0.048851099168414396
358,1,10,150,30,0.06323567569191428
359,1,10,150,30,0.13587623914185412
360,1,10,150,30,0.10089956544292306
361,1,10,150,30,0.1353273480751756
362,1,10,150,30,0.0
363,1,10,150,30,0.14230213830978483
364,1,10,150,30,0.0
365,1,10,150,30,0.14456587527532935
366,1,10,150,30,0.044257815106106525
367,1,10,150,30,0.027299924755986534
368,1,10,150,30,0.042512356679180144
369,1,10,150,30,0.0
370,1,10,150,30,0.14154116653408116
371,1,10,150,30,0.098804715452931
372,1,10,150,30,0.09429424592561358
373,1,10,150,30,0.15299201247688304
374,1,10,150,30,0.12083785708441193
375,1,10,150,30,0.04282650856324445
376,1,10,150,30,0.0
377,1,10,150,30,0.05397642893687311
378,1,10,150,30,0.27132267479312555
379,1,10,150,30,0.12284712183555095
380,1,10,150,30,0.0
381,1,10,150,30,0.05018272171589513
382,1,10,150,30,0.0
383,1,10,150,30,0.0928464636084322
384,1,10,150,30,0.0
385,1,10,150,30,0.16471776967986973
386,1,10,150,30,0.14606834984270645
387,1,10,150,30,0.2293300263464481
388,1,10,150,30,0.04739418218477539
389,1,10,150,30,0.12036616299990537
390,1,10,150,30,0.05307577057513386
391,1,10,150,30,0.08907375584162422
392,1,10,150,30,0.08743359819726335
393,1,10,150,30,0.33033595119664005
394,1,10,150,30,0.08267830244963624
395,1,10,150,30,0.04720998255710776
396,1,10,150,30,0.0
397,1,10,150,30,0.05620951529185321
398,1,10,150,30,0.13445140933340435
399,1,10,150,30,0.0
400,1,10,150,30,0.0
401,1,10,150,30,0.0
402,1,10,150,30,0.0772439298321276
403,1,10,150,30,0.0
404,1,10,150,30,0.05446824630887794
405,1,10,150,30,0.2646365910218072
406,1,10,150,30,0.17840497155450324
407,1,10,150,30,0.036383821941977264
408,1,10,150,30,0.0
409,1,10,150,30,0.10481392896343412
410,1,10,150,30,0.0
411,1,10,150,30,0.0
412,1,10,150,30,0.15001451003751623
413,1,10,150,30,0.04935421935348238
414,1,10,150,30,0.1309019901681972
415,1,10,150,30,0.0
416,1,10,150,30,0.25528879614596994
417,1,10,150,30,0.20089864935868637
418,1,10,150,30,0.14436292983286242
419,1,10,150,30,0.0
420,1,10,150,30,0.19519002499605084
421,1,10,150,30,0.0
422,1,10,150,30,0.0
423,1,10,150,30,0.0
424,1,10,150,30,0.0
425,1,10,150,30,0.0
426,1,10,150,30,0.043599246064372175
427,1,10,150,30,0.0
428,1,10,150,30,0.0
429,1,10,150,30,0.1979735038900975
430,1,10,150,30,0.0
431,1,10,150,30,0.0
432,1,10,150,30,0.0
433,1,10,150,30,0.13012668333070054
434,1,10,150,30,0.0
435,1,10,150,30,0.08481084110989152
436,1,10,150,30,0.09499424853799125
437,1,10,150,30,0.14945564650669343
438,1,10,150,30,0.0
439,1,10,150,30,0.18154179253735267
440,1,10,150,30,0.0
442,1,10,150,30,0.0733934381893728
444,1,10,150,30,0.0
445,1,10,150,30,0.0
446,1,10,150,30,0.0
447,1,10,150,30,0.0
448,1,10,150,30,0.0
449,1,10,150,30,0.0
450,1,10,150,30,0.1556525343029324
451,1,10,150,30,0.0
452,1,10,150,30,0.05780700008370542
453,1,10,150,30,0.1515771522786143
454,1,10,150,30,0.0
455,1,10,150,30,0.0
456,1,10,150,30,0.0
457,1,10,150,30,0.10536103181067501
458,1,10,150,30,0.0
459,1,10,150,30,0.0
460,1,10,150,30,0.0
462,1,10,150,30,0.0
1,1,10,150,31,0.9786360873119493
2,1,10,150,31,0.0
3,1,10,150,31,0.0
4,1,10,150,31,0.0
5,1,10,150,31,0.058860783579311446
6,1,10,150,31,0.347368432017805
7,1,10,150,31,0.25085246829927715
8,1,10,150,31,0.15459812200860068
9,1,10,150,31,0.0
10,1,10,150,31,0.3761650006933729
11,1,10,150,31,0.23925944161353377
12,1,10,150,31,0.03608574346476927
13,1,10,150,31,0.42941881618563593
14,1,10,150,31,0.35827807166420017
15,1,10,150,31,0.06349438409817716
16,1,10,150,31,0.25498924075742924
17,1,10,150,31,0.10122860821230018
18,1,10,150,31,0.3017401034791074
19,1,10,150,31,0.13886244387355454
20,1,10,150,31,0.05692185311373096
21,1,10,150,31,0.07253197864607795
22,1,10,150,31,0.02300234095867549
23,1,10,150,31,0.0
24,1,10,150,31,0.10707095809270382
25,1,10,150,31,0.19212726398252886
26,1,10,150,31,0.0
27,1,10,150,31,0.0
28,1,10,150,31,0.23654037887536822
29,1,10,150,31,0.0
30,1,10,150,31,0.0
31,1,10,150,31,0.038437318942299493
32,1,10,150,31,0.11469999139467348
33,1,10,150,31,0.0
34,1,10,150,31,0.0
35,1,10,150,31,0.0
36,1,10,150,31,0.0
37,1,10,150,31,0.15133867332691472
38,1,10,150,31,0.1630276095902942
39,1,10,150,31,0.0527075128660253
40,1,10,150,31,0.2115979644027589
41,1,10,150,31,0.0
42,1,10,150,31,0.2711084821028608
43,1,10,150,31,0.41036844409215334
44,1,10,150,31,0.12701877804336206
45,1,10,150,31,0.04094516368001556
46,1,10,150,31,0.0
47,1,10,150,31,0.0
48,1,10,150,31,0.1265335135999415
49,1,10,150,31,0.12092304936876803
50,1,10,150,31,0.0
51,1,10,150,31,0.0
52,1,10,150,31,0.02753109834834184
53,1,10,150,31,0.09805619395650908
54,1,10,150,31,0.1391030590436242
55,1,10,150,31,0.0
56,1,10,150,31,0.3260029806691641
57,1,10,150,31,0.2191316075372438
58,1,10,150,31,0.19851473880496054
59,1,10,150,31,0.4574534511848914
60,1,10,150,31,0.28563152013367515
61,1,10,150,31,0.0
62,1,10,150,31,0.35809216449509573
63,1,10,150,31,0.023953627407094433
64,1,10,150,31,0.24864276789406276
65,1,10,150,31,0.19719101350781532
66,1,10,150,31,0.0
67,1,10,150,31,0.03314040476303028
68,1,10,150,31,0.0
69,1,10,150,31,0.20788758765202875
70,1,10,150,31,0.0
71,1,10,150,31,0.0
72,1,10,150,31,0.27211017556243755
73,1,10,150,31,0.15835449744756308
74,1,10,150,31,0.03272011597426011
75,1,10,150,31,0.11173279186153588
76,1,10,150,31,0.09475005759882027
77,1,10,150,31,0.3648900115864194
78,1,10,150,31,0.05658242244874664
79,1,10,150,31,0.3698571414087665
80,1,10,150,31,0.08530460913930236
81,1,10,150,31,0.034380101046999886
82,1,10,150,31,0.310976457932881
83,1,10,150,31,0.12650025952461438
84,1,10,150,31,0.03323240843917434
85,1,10,150,31,0.08011467258019038
86,1,10,150,31,0.0
87,1,10,150,31,0.13307001344574568
88,1,10,150,31,0.0
89,1,10,150,31,0.07580124559654314
90,1,10,150,31,0.32337375730947576
91,1,10,150,31,0.07393717655411512
92,1,10,150,31,0.4895940147928715
93,1,10,150,31,0.0
94,1,10,150,31,0.501500928479715
95,1,10,150,31,0.3371928179971152
96,1,10,150,31,0.2552083538647097
97,1,10,150,31,0.05941547545208985
98,1,10,150,31,0.19533769320769842
99,1,10,150,31,0.20560217202260567
100,1,10,150,31,0.0
101,1,10,150,31,0.0
102,1,10,150,31,0.0
103,1,10,150,31,0.12130357238836831
104,1,10,150,31,0.0
105,1,10,150,31,0.0
106,1,10,150,31,0.3003741625315944
107,1,10,150,31,0.0
108,1,10,150,31,0.0
109,1,10,150,31,0.3001748711482148
110,1,10,150,31,0.0
111,1,10,150,31,0.0
112,1,10,150,31,0.0
113,1,10,150,31,0.0
114,1,10,150,31,0.0724337938054964
115,1,10,150,31,0.31130620967472167
116,1,10,150,31,0.03560652114675128
117,1,10,150,31,0.31345937531564616
118,1,10,150,31,0.10713028046710026
119,1,10,150,31,0.11200721418660266
120,1,10,150,31,0.0845667599404342
121,1,10,150,31,0.05710411178654767
122,1,10,150,31,0.024882317223511866
123,1,10,150,31,0.0
124,1,10,150,31,0.18978688349077963
125,1,10,150,31,0.2556771643594253
126,1,10,150,31,0.0
127,1,10,150,31,0.0
128,1,10,150,31,0.2508049050162121
129,1,10,150,31,0.03443731487202246
130,1,10,150,31,0.3937015492199928
131,1,10,150,31,0.21990578817103898
132,1,10,150,31,0.0
133,1,10,150,31,0.0
134,1,10,150,31,0.0
135,1,10,150,31,0.025616662986338273
136,1,10,150,31,0.2748136430911722
137,1,10,150,31,0.1176154775744913
138,1,10,150,31,0.0
139,1,10,150,31,0.06016179456846956
140,1,10,150,31,0.0
141,1,10,150,31,0.10681956344025385
142,1,10,150,31,0.04395738023645723
143,1,10,150,31,0.0
144,1,10,150,31,0.20241662562219923
145,1,10,150,31,0.32641523475482764
146,1,10,150,31,0.0
147,1,10,150,31,0.0
148,1,10,150,31,0.18352715041472092
149,1,10,150,31,0.0
150,1,10,150,31,0.0
151,1,10,150,31,0.28523564412279234
152,1,10,150,31,0.05974450023403579
153,1,10,150,31,0.16952307587808224
154,1,10,150,31,0.07676676843437329
155,1,10,150,31,0.0
156,1,10,150,31,0.032014847745354055
157,1,10,150,31,0.027915669265958894
158,1,10,150,31,0.29896367646302624
159,1,10,150,31,0.0
160,1,10,150,31,0.21403680891156135
161,1,10,150,31,0.09235716777162616
162,1,10,150,31,0.0475858026939827
163,1,10,150,31,0.05010834716923557
164,1,10,150,31,0.0
165,1,10,150,31,0.09627818061559096
166,1,10,150,31,0.0
167,1,10,150,31,0.13980444900452446
168,1,10,150,31,0.04749737679254112
169,1,10,150,31,0.0762152425492647
170,1,10,150,31,0.0
171,1,10,150,31,0.0
172,1,10,150,31,0.0
173,1,10,150,31,0.0
174,1,10,150,31,0.12257088560858945
175,1,10,150,31,0.07396201032668431
176,1,10,150,31,0.09885099943510027
177,1,10,150,31,0.19756595155212212
178,1,10,150,31,0.39008538609235643
179,1,10,150,31,0.0
180,1,10,150,31,0.1102559398937703
181,1,10,150,31,0.12605241217689173
182,1,10,150,31,0.04195229264874745
183,1,10,150,31,0.02831169742649504
184,1,10,150,31,0.2540796271971124
185,1,10,150,31,0.0
186,1,10,150,31,0.05414436149823067
187,1,10,150,31,0.12249571257734294
188,1,10,150,31,0.0936305435888668
189,1,10,150,31,0.3026519403878469
190,1,10,150,31,0.03175761494935955
191,1,10,150,31,0.0
192,1,10,150,31,0.03884264315548268
193,1,10,150,31,0.023953627407094433
194,1,10,150,31,0.13669812800966116
195,1,10,150,31,0.12121469709946263
196,1,10,150,31,0.07706308624591164
197,1,10,150,31,0.07489377935294755
198,1,10,150,31,0.04132344798443041
199,1,10,150,31,0.0
200,1,10,150,31,0.23974613786123333
201,1,10,150,31,0.09672088112410324
202,1,10,150,31,0.0
203,1,10,150,31,0.028335946945814334
204,1,10,150,31,0.027001973670935885
205,1,10,150,31,0.33118408514264214
206,1,10,150,31,0.0
207,1,10,150,31,0.18058600449533668
208,1,10,150,31,0.0
209,1,10,150,31,0.03243822298569767
210,1,10,150,31,0.13228472904211774
211,1,10,150,31,0.0
212,1,10,150,31,0.0
213,1,10,150,31,0.32197782347775955
214,1,10,150,31,0.20913553217874464
215,1,10,150,31,0.16098859169547344
216,1,10,150,31,0.21253788599833054
217,1,10,150,31,0.07550827418628145
218,1,10,150,31,0.0383846381653829
219,1,10,150,31,0.0
220,1,10,150,31,0.0
221,1,10,150,31,0.0925417126670577
222,1,10,150,31,0.289034584246194
223,1,10,150,31,0.1348525529268908
224,1,10,150,31,0.06739564083797003
225,1,10,150,31,0.10040564991079691
226,1,10,150,31,0.23814675809782818
227,1,10,150,31,0.08428605557054564
228,1,10,150,31,0.0
229,1,10,150,31,0.0
230,1,10,150,31,0.1441032278124371
231,1,10,150,31,0.0
232,1,10,150,31,0.07920096985759764
233,1,10,150,31,0.06633307022968324
234,1,10,150,31,0.3355821243141419
235,1,10,150,31,0.26777211916447646
236,1,10,150,31,0.10945251229220869
237,1,10,150,31,0.19081901958310174
238,1,10,150,31,0.0
239,1,10,150,31,0.13654129666185533
240,1,10,150,31,0.0
241,1,10,150,31,0.047978870624887156
242,1,10,150,31,0.0
243,1,10,150,31,0.14242608458700512
244,1,10,150,31,0.20261314053311627
245,1,10,150,31,0.10760552402297123
246,1,10,150,31,0.1406056301105487
247,1,10,150,31,0.08883649703748449
248,1,10,150,31,0.1056909599380359
249,1,10,150,31,0.3308009987409833
250,1,10,150,31,0.09210096268629914
251,1,10,150,31,0.12241496353993114
252,1,10,150,31,0.15744006533381547
253,1,10,150,31,0.23820353465860164
254,1,10,150,31,0.11290699890858906
255,1,10,150,31,0.056494441539547864
256,1,10,150,31,0.25191757633992506
257,1,10,150,31,0.14222480941686058
258,1,10,150,31,0.0
259,1,10,150,31,0.062479569258293385
260,1,10,150,31,0.0
261,1,10,150,31,0.0
262,1,10,150,31,0.0
263,1,10,150,31,0.22332923662260667
264,1,10,150,31,0.11390357425184806
265,1,10,150,31,0.1807501615505622
266,1,10,150,31,0.05919139647768146
267,1,10,150,31,0.08255672508768248
268,1,10,150,31,0.15450324297708196
269,1,10,150,31,0.5389008526397481
270,1,10,150,31,0.08613703028170851
271,1,10,150,31,0.30742557373744234
272,1,10,150,31,0.20573919065336121
273,1,10,150,31,0.0
274,1,10,150,31,0.12954500400446098
275,1,10,150,31,0.0
276,1,10,150,31,0.50056019147425
277,1,10,150,31,0.09982873474912346
278,1,10,150,31,0.044115283111570695
279,1,10,150,31,0.26809721799941755
280,1,10,150,31,0.2961875307609748
281,1,10,150,31,0.049432410190049694
282,1,10,150,31,0.0
283,1,10,150,31,0.07389019331410458
284,1,10,150,31,0.0
285,1,10,150,31,0.03305750652500734
286,1,10,150,31,0.2508375431386997
287,1,10,150,31,0.2587117990604417
288,1,10,150,31,0.11257215402234207
289,1,10,150,31,0.0
290,1,10,150,31,0.1745819773062531
291,1,10,150,31,0.1530307866900253
292,1,10,150,31,0.1502613969403474
293,1,10,150,31,0.31142355736153504
294,1,10,150,31,0.0
295,1,10,150,31,0.1764628713487627
296,1,10,150,31,0.27264899413236693
297,1,10,150,31,0.19176441473136846
298,1,10,150,31,0.19285577962789324
299,1,10,150,31,0.21121712018565586
300,1,10,150,31,0.0
301,1,10,150,31,0.5045146278622793
302,1,10,150,31,0.13927874459665815
303,1,10,150,31,0.3385241089183905
304,1,10,150,31,0.0
305,1,10,150,31,0.30894244083208894
306,1,10,150,31,0.05252809026007655
307,1,10,150,31,0.187272093501466
308,1,10,150,31,0.4867399006877113
309,1,10,150,31,0.0
310,1,10,150,31,0.039396067695057414
311,1,10,150,31,0.4085294292042905
312,1,10,150,31,0.09812369106331673
313,1,10,150,31,0.37226836283581066
314,1,10,150,31,0.23084065569663315
315,1,10,150,31,0.2113719297311972
316,1,10,150,31,0.11577931451542922
317,1,10,150,31,0.0
318,1,10,150,31,0.10423923875973676
319,1,10,150,31,0.06591877139737895
320,1,10,150,31,0.33073166150869626
321,1,10,150,31,0.22117695388172615
322,1,10,150,31,0.14288427354002056
323,1,10,150,31,0.17682521891246486
324,1,10,150,31,0.0734773909038217
325,1,10,150,31,0.15043284053841136
326,1,10,150,31,0.3217294890600606
327,1,10,150,31,0.026133464104490342
328,1,10,150,31,0.23579317026326357
329,1,10,150,31,0.0
330,1,10,150,31,0.157838468331852
331,1,10,150,31,0.07292595308580271
332,1,10,150,31,0.10871908882240044
333,1,10,150,31,0.0
334,1,10,150,31,0.1829152896297037
335,1,10,150,31,0.0
336,1,10,150,31,0.11936267216063633
337,1,10,150,31,0.03884210089598009
338,1,10,150,31,0.07121916965800934
339,1,10,150,31,0.41694764248218447
340,1,10,150,31,0.19897370622983218
341,1,10,150,31,0.0
342,1,10,150,31,0.12979606740829527
343,1,10,150,31,0.32848651346805163
344,1,10,150,31,0.29112918241834057
345,1,10,150,31,0.1715117991684674
346,1,10,150,31,0.16697912505487192
347,1,10,150,31,0.3699610079100915
348,1,10,150,31,0.1450057783707606
349,1,10,150,31,0.2259984658284476
350,1,10,150,31,0.0
351,1,10,150,31,0.0
352,1,10,150,31,0.07811280179907971
353,1,10,150,31,0.0
354,1,10,150,31,0.21133429768096695
355,1,10,150,31,0.0
356,1,10,150,31,0.0
357,1,10,150,31,0.048851099168414396
358,1,10,150,31,0.06323567569191428
359,1,10,150,31,0.13587623914185412
360,1,10,150,31,0.09874395593653819
361,1,10,150,31,0.1324362264265921
362,1,10,150,31,0.0
363,1,10,150,31,0.13926200785161166
364,1,10,150,31,0.0
365,1,10,150,31,0.14456587527532935
366,1,10,150,31,0.044257815106106525
367,1,10,150,31,0.027299924755986534
368,1,10,150,31,0.042512356679180144
369,1,10,150,31,0.0
370,1,10,150,31,0.14154116653408116
371,1,10,150,31,0.098804715452931
372,1,10,150,31,0.09429424592561358
373,1,10,150,31,0.17108741716840853
374,1,10,150,31,0.1182562876562494
375,1,10,150,31,0.04282650856324445
376,1,10,150,31,0.0
377,1,10,150,31,0.0913219819219427
378,1,10,150,31,0.26552616085855685
379,1,10,150,31,0.14158653933872867
380,1,10,150,31,0.0
381,1,10,150,31,0.049110622430708
382,1,10,150,31,0.0
383,1,10,150,31,0.0928464636084322
384,1,10,150,31,0.0
385,1,10,150,31,0.16119875363025857
386,1,10,150,31,0.14606834984270645
387,1,10,150,31,0.22443063968683424
388,1,10,150,31,0.04739418218477539
389,1,10,150,31,0.1177946708029797
390,1,10,150,31,0.05307577057513386
391,1,10,150,31,0.08907375584162422
392,1,10,150,31,0.08743359819726335
393,1,10,150,31,0.34464259546560166
394,1,10,150,31,0.08267830244963624
395,1,10,150,31,0.04720998255710776
396,1,10,150,31,0.0
397,1,10,150,31,0.05620951529185321
398,1,10,150,31,0.13157900116362012
399,1,10,150,31,0.0
400,1,10,150,31,0.0
401,1,10,150,31,0.0
402,1,10,150,31,0.11288598947105788
403,1,10,150,31,0.0
404,1,10,150,31,0.05446824630887794
405,1,10,150,31,0.2803468306852047
406,1,10,150,31,0.17459354331909868
407,1,10,150,31,0.03560652114675128
408,1,10,150,31,0.0
409,1,10,150,31,0.10257469333656777
410,1,10,150,31,0.0
411,1,10,150,31,0.0
412,1,10,150,31,0.15001451003751623
413,1,10,150,31,0.04935421935348238
414,1,10,150,31,0.1309019901681972
415,1,10,150,31,0.0
416,1,10,150,31,0.24983482859486986
417,1,10,150,31,0.1966066681546401
418,1,10,150,31,0.14436292983286242
419,1,10,150,31,0.0
420,1,10,150,31,0.19519002499605084
421,1,10,150,31,0.0
422,1,10,150,31,0.0
423,1,10,150,31,0.0
424,1,10,150,31,0.0
425,1,10,150,31,0.0
426,1,10,150,31,0.07924130570330246
427,1,10,150,31,0.0
428,1,10,150,31,0.0
429,1,10,150,31,0.19374401523844198
430,1,10,150,31,0.0
431,1,10,150,31,0.0
432,1,10,150,31,0.0
433,1,10,150,31,0.13012668333070054
434,1,10,150,31,0.0
435,1,10,150,31,0.08299894970541966
436,1,10,150,31,0.09499424853799125
437,1,10,150,31,0.14945564650669343
438,1,10,150,31,0.0
439,1,10,150,31,0.18154179253735267
440,1,10,150,31,0.0
442,1,10,150,31,0.0733934381893728
444,1,10,150,31,0.0
445,1,10,150,31,0.0
446,1,10,150,31,0.0
447,1,10,150,31,0.0
448,1,10,150,31,0.0
449,1,10,150,31,0.0
450,1,10,150,31,0.15232718715041074
451,1,10,150,31,0.05497526658285817
452,1,10,150,31,0.05780700008370542
453,1,10,150,31,0.1515771522786143
454,1,10,150,31,0.0
455,1,10,150,31,0.0
456,1,10,150,31,0.0
457,1,10,150,31,0.10536103181067501
458,1,10,150,31,0.0
459,1,10,150,31,0.0
460,1,10,150,31,0.0
462,1,10,150,31,0.0
1,1,10,150,32,0.9583423301411647
2,1,10,150,32,0.0
3,1,10,150,32,0.0
4,1,10,150,32,0.0
5,1,10,150,32,0.057640200704504894
6,1,10,150,32,0.34016513070942145
7,1,10,150,32,0.2456505968954335
8,1,10,150,32,0.15459812200860068
9,1,10,150,32,0.0
10,1,10,150,32,0.3683645513954246
11,1,10,150,32,0.23429797220537074
12,1,10,150,32,0.03608574346476927
13,1,10,150,32,0.44125083029248613
14,1,10,150,32,0.3508485396039824
15,1,10,150,32,0.06217771528808228
16,1,10,150,32,0.2704383618696689
17,1,10,150,32,0.10122860821230018
18,1,10,150,32,0.29548298659155026
19,1,10,150,32,0.13886244387355454
20,1,10,150,32,0.05692185311373096
21,1,10,150,32,0.07102789926371726
22,1,10,150,32,0.02252534657043753
23,1,10,150,32,0.0
24,1,10,150,32,0.10707095809270382
25,1,10,150,32,0.18814316397671552
26,1,10,150,32,0.0
27,1,10,150,32,0.0
28,1,10,150,32,0.2316352940616994
29,1,10,150,32,0.0
30,1,10,150,32,0.0
31,1,10,150,32,0.038437318942299493
32,1,10,150,32,0.11469999139467348
33,1,10,150,32,0.0
34,1,10,150,32,0.0
35,1,10,150,32,0.0
36,1,10,150,32,0.0
37,1,10,150,32,0.15133867332691472
38,1,10,150,32,0.15964694259461215
39,1,10,150,32,0.0993029104208021
40,1,10,150,32,0.2115979644027589
41,1,10,150,32,0.0
42,1,10,150,32,0.26548656628137557
43,1,10,150,32,0.4225955014947603
44,1,10,150,32,0.12438481811570194
45,1,10,150,32,0.04094516368001556
46,1,10,150,32,0.0
47,1,10,150,32,0.0
48,1,10,150,32,0.12390961649226734
49,1,10,150,32,0.11841549520020982
50,1,10,150,32,0.0
51,1,10,150,32,0.0
52,1,10,150,32,0.02753109834834184
53,1,10,150,32,0.1369821642818139
54,1,10,150,32,0.13621851008968314
55,1,10,150,32,0.0
56,1,10,150,32,0.33997950577534763
57,1,10,150,32,0.21458752451245036
58,1,10,150,32,0.19439818316557558
59,1,10,150,32,0.4687041173500269
60,1,10,150,32,0.27970844332804
61,1,10,150,32,0.0
62,1,10,150,32,0.35066648755017055
63,1,10,150,32,0.023456906405016697
64,1,10,150,32,0.2434867185521939
65,1,10,150,32,0.19310190766319002
66,1,10,150,32,0.0
67,1,10,150,32,0.03314040476303028
68,1,10,150,32,0.0
69,1,10,150,32,0.23107329229551446
70,1,10,150,32,0.0
71,1,10,150,32,0.0
72,1,10,150,32,0.2664674878482214
73,1,10,150,32,0.15507073573085653
74,1,10,150,32,0.03272011597426011
75,1,10,150,32,0.10941581400281009
76,1,10,150,32,0.09278524689363789
77,1,10,150,32,0.357323369210172
78,1,10,150,32,0.05658242244874664
79,1,10,150,32,0.3698571414087665
80,1,10,150,32,0.08530460913930236
81,1,10,150,32,0.034380101046999886
82,1,10,150,32,0.3045278088334441
83,1,10,150,32,0.12387705199924602
84,1,10,150,32,0.03323240843917434
85,1,10,150,32,0.0784533525734604
86,1,10,150,32,0.0
87,1,10,150,32,0.13031057040599578
88,1,10,150,32,0.0
89,1,10,150,32,0.074229372158272
90,1,10,150,32,0.31666802819185447
91,1,10,150,32,0.07240395789772568
92,1,10,150,32,0.47944141345587526
93,1,10,150,32,0.0
94,1,10,150,32,0.5118381919819034
95,1,10,150,32,0.33020052611570533
96,1,10,150,32,0.27784897647879286
97,1,10,150,32,0.05941547545208985
98,1,10,150,32,0.19533769320769842
99,1,10,150,32,0.2013386458693108
100,1,10,150,32,0.0
101,1,10,150,32,0.022125646633235106
102,1,10,150,32,0.0
103,1,10,150,32,0.12130357238836831
104,1,10,150,32,0.0
105,1,10,150,32,0.0
106,1,10,150,32,0.3148821466945215
107,1,10,150,32,0.0
108,1,10,150,32,0.0
109,1,10,150,32,0.2939502121326397
110,1,10,150,32,0.0
111,1,10,150,32,0.0
112,1,10,150,32,0.0
113,1,10,150,32,0.0
114,1,10,150,32,0.0724337938054964
115,1,10,150,32,0.3255874984265777
116,1,10,150,32,0.03486815669931573
117,1,10,150,32,0.30695923851501555
118,1,10,150,32,0.10713028046710026
119,1,10,150,32,0.10968454569363667
120,1,10,150,32,0.0845667599404342
121,1,10,150,32,0.07974473440063089
122,1,10,150,32,0.024882317223511866
123,1,10,150,32,0.0
124,1,10,150,32,0.18978688349077963
125,1,10,150,32,0.2711120201541358
126,1,10,150,32,0.0
127,1,10,150,32,0.0
128,1,10,150,32,0.24560401992150754
129,1,10,150,32,0.03443731487202246
130,1,10,150,32,0.4062742242855
131,1,10,150,32,0.25372733625822586
132,1,10,150,32,0.0
133,1,10,150,32,0.0
134,1,10,150,32,0.0
135,1,10,150,32,0.02508545598824107
136,1,10,150,32,0.2748136430911722
137,1,10,150,32,0.1176154775744913
138,1,10,150,32,0.0
139,1,10,150,32,0.06016179456846956
140,1,10,150,32,0.0
141,1,10,150,32,0.10460447009794718
142,1,10,150,32,0.04395738023645723
143,1,10,150,32,0.0
144,1,10,150,32,0.1982191574305351
145,1,10,150,32,0.3196464352012019
146,1,10,150,32,0.0
147,1,10,150,32,0.0
148,1,10,150,32,0.17972138903615525
149,1,10,150,32,0.0
150,1,10,150,32,0.0
151,1,10,150,32,0.279320776509255
152,1,10,150,32,0.058505591925054806
153,1,10,150,32,0.21315403751398063
154,1,10,150,32,0.07676676843437329
155,1,10,150,32,0.0
156,1,10,150,32,0.032014847745354055
157,1,10,150,32,0.027915669265958894
158,1,10,150,32,0.2927641337201356
159,1,10,150,32,0.0
160,1,10,150,32,0.20959837558381478
161,1,10,150,32,0.09235716777162616
162,1,10,150,32,0.0475858026939827
163,1,10,150,32,0.05010834716923557
164,1,10,150,32,0.0
165,1,10,150,32,0.09627818061559096
166,1,10,150,32,0.0
167,1,10,150,32,0.13980444900452446
168,1,10,150,32,0.04651243433704199
169,1,10,150,32,0.0762152425492647
170,1,10,150,32,0.0
171,1,10,150,32,0.0
172,1,10,150,32,0.0
173,1,10,150,32,0.0
174,1,10,150,32,0.14076593646855232
175,1,10,150,32,0.07396201032668431
176,1,10,150,32,0.09885099943510027
177,1,10,150,32,0.19346907070131844
178,1,10,150,32,0.4027330487220395
179,1,10,150,32,0.0
180,1,10,150,32,0.1102559398937703
181,1,10,150,32,0.12343849156158326
182,1,10,150,32,0.04195229264874745
183,1,10,150,32,0.02831169742649504
184,1,10,150,32,0.2488108349226067
185,1,10,150,32,0.0
186,1,10,150,32,0.05302158201088276
187,1,10,150,32,0.12249571257734294
188,1,10,150,32,0.09168894799475773
189,1,10,150,32,0.29637591494271126
190,1,10,150,32,0.03175761494935955
191,1,10,150,32,0.0
192,1,10,150,32,0.03884264315548268
193,1,10,150,32,0.023456906405016697
194,1,10,150,32,0.13386344957148028
195,1,10,150,32,0.11870109509728898
196,1,10,150,32,0.07706308624591164
197,1,10,150,32,0.09407749967799757
198,1,10,150,32,0.040466532906672535
199,1,10,150,32,0.0
200,1,10,150,32,0.23477457594207998
201,1,10,150,32,0.09471520189325836
202,1,10,150,32,0.0
203,1,10,150,32,0.028335946945814334
204,1,10,150,32,0.027001973670935885
205,1,10,150,32,0.33118408514264214
206,1,10,150,32,0.0
207,1,10,150,32,0.17684123300041182
208,1,10,150,32,0.0
209,1,10,150,32,0.03243822298569767
210,1,10,150,32,0.150278346108262
211,1,10,150,32,0.0
212,1,10,150,32,0.0
213,1,10,150,32,0.3360378173663389
214,1,10,150,32,0.2047987355279326
215,1,10,150,32,0.1576502073568085
216,1,10,150,32,0.20813053549903596
217,1,10,150,32,0.0739424760304722
218,1,10,150,32,0.0383846381653829
219,1,10,150,32,0.0
220,1,10,150,32,0.0
221,1,10,150,32,0.09062269591570102
222,1,10,150,32,0.30377771470213705
223,1,10,150,32,0.13205614576549582
224,1,10,150,32,0.06599807254137072
225,1,10,150,32,0.10040564991079691
226,1,10,150,32,0.23814675809782818
227,1,10,150,32,0.08428605557054564
228,1,10,150,32,0.0
229,1,10,150,32,0.0
230,1,10,150,32,0.16185176731882484
231,1,10,150,32,0.0
232,1,10,150,32,0.07755859709940977
233,1,10,150,32,0.06495753622160134
234,1,10,150,32,0.3286232330265816
235,1,10,150,32,0.2622193887533628
236,1,10,150,32,0.1279195959190089
237,1,10,150,32,0.19081901958310174
238,1,10,150,32,0.0
239,1,10,150,32,0.13370987040017845
240,1,10,150,32,0.0
241,1,10,150,32,0.047978870624887156
242,1,10,150,32,0.0
243,1,10,150,32,0.1394726267972629
244,1,10,150,32,0.21914837309504145
245,1,10,150,32,0.10760552402297123
246,1,10,150,32,0.1376899226772103
247,1,10,150,32,0.08883649703748449
248,1,10,150,32,0.10349927019356613
249,1,10,150,32,0.3239412525826928
250,1,10,150,32,0.0901910856684946
251,1,10,150,32,0.11987647188163413
252,1,10,150,32,0.15744006533381547
253,1,10,150,32,0.23326396135627014
254,1,10,150,32,0.11056567178153966
255,1,10,150,32,0.05532292896917887
256,1,10,150,32,0.2466936180293979
257,1,10,150,32,0.14222480941686058
258,1,10,150,32,0.0
259,1,10,150,32,0.062479569258293385
260,1,10,150,32,0.0
261,1,10,150,32,0.0
262,1,10,150,32,0.0
263,1,10,150,32,0.21869810830441375
264,1,10,150,32,0.11154158136529858
265,1,10,150,32,0.2098491718391187
266,1,10,150,32,0.05919139647768146
267,1,10,150,32,0.08084476478551696
268,1,10,150,32,0.15129934386102967
269,1,10,150,32,0.5277257864589792
270,1,10,150,32,0.08435082599329838
271,1,10,150,32,0.30105055852759743
272,1,10,150,32,0.20573919065336121
273,1,10,150,32,0.0
274,1,10,150,32,0.12685865829532625
275,1,10,150,32,0.0
276,1,10,150,32,0.5109169628288446
277,1,10,150,32,0.09982873474912346
278,1,10,150,32,0.044115283111570695
279,1,10,150,32,0.26253774608663816
280,1,10,150,32,0.3107823321684507
281,1,10,150,32,0.049432410190049694
282,1,10,150,32,0.0
283,1,10,150,32,0.07389019331410458
284,1,10,150,32,0.0
285,1,10,150,32,0.03305750652500734
286,1,10,150,32,0.24563598123456531
287,1,10,150,32,0.2533469504763573
288,1,10,150,32,0.11023777049863968
289,1,10,150,32,0.0
290,1,10,150,32,0.170961709977281
291,1,10,150,32,0.17059419740917678
292,1,10,150,32,0.14714546003470347
293,1,10,150,32,0.3049656368614683
294,1,10,150,32,0.0
295,1,10,150,32,0.1728036003416537
296,1,10,150,32,0.2669951330582481
297,1,10,150,32,0.18778783904913987
298,1,10,150,32,0.1888565725564466
299,1,10,150,32,0.20683715811095485
300,1,10,150,32,0.0
301,1,10,150,32,0.4940526211166786
302,1,10,150,32,0.13927874459665815
303,1,10,150,32,0.3522409861948154
304,1,10,150,32,0.0
305,1,10,150,32,0.30253597068932436
306,1,10,150,32,0.05252809026007655
307,1,10,150,32,0.18338867407757978
308,1,10,150,32,0.47664648447513336
309,1,10,150,32,0.0
310,1,10,150,32,0.039396067695057414
311,1,10,150,32,0.42079462184639205
312,1,10,150,32,0.09608892207721731
313,1,10,150,32,0.36454871724364135
314,1,10,150,32,0.22605376476486752
315,1,10,150,32,0.22772553324489855
316,1,10,150,32,0.11577931451542922
317,1,10,150,32,0.0
318,1,10,150,32,0.10207765303192246
319,1,10,150,32,0.06591877139737895
320,1,10,150,32,0.32387335318104904
321,1,10,150,32,0.21659045696827353
322,1,10,150,32,0.14288427354002056
323,1,10,150,32,0.1731584339851515
324,1,10,150,32,0.0734773909038217
325,1,10,150,32,0.14731334844530528
326,1,10,150,32,0.31505785676454695
327,1,10,150,32,0.025591540317452546
328,1,10,150,32,0.25164035598633516
329,1,10,150,32,0.0
330,1,10,150,32,0.1753021832344905
331,1,10,150,32,0.07292595308580271
332,1,10,150,32,0.10646460544804326
333,1,10,150,32,0.0
334,1,10,150,32,0.17912221627108177
335,1,10,150,32,0.0
336,1,10,150,32,0.1168874751844678
337,1,10,150,32,0.03884210089598009
338,1,10,150,32,0.06974231370135398
339,1,10,150,32,0.4290382685225754
340,1,10,150,32,0.19897370622983218
341,1,10,150,32,0.0
342,1,10,150,32,0.1271045154536338
343,1,10,150,32,0.3424115381112952
344,1,10,150,32,0.3058288776615145
345,1,10,150,32,0.16795519743532514
346,1,10,150,32,0.16351651636877562
347,1,10,150,32,0.3622892094197984
348,1,10,150,32,0.1450057783707606
349,1,10,150,32,0.2259984658284476
350,1,10,150,32,0.0
351,1,10,150,32,0.0
352,1,10,150,32,0.07811280179907971
353,1,10,150,32,0.0
354,1,10,150,32,0.2276886815620583
355,1,10,150,32,0.0
356,1,10,150,32,0.0
357,1,10,150,32,0.048851099168414396
358,1,10,150,32,0.06323567569191428
359,1,10,150,32,0.13587623914185412
360,1,10,150,32,0.09669632465680181
361,1,10,150,32,0.12968992608618823
362,1,10,150,32,0.0
363,1,10,150,32,0.13637416281186948
364,1,10,150,32,0.0
365,1,10,150,32,0.14456587527532935
366,1,10,150,32,0.044257815106106525
367,1,10,150,32,0.027299924755986534
368,1,10,150,32,0.042512356679180144
369,1,10,150,32,0.0
370,1,10,150,32,0.14154116653408116
371,1,10,150,32,0.098804715452931
372,1,10,150,32,0.09429424592561358
373,1,10,150,32,0.16753961574967166
374,1,10,150,32,0.11580403352754036
375,1,10,150,32,0.04282650856324445
376,1,10,150,32,0.0
377,1,10,150,32,0.0913219819219427
378,1,10,150,32,0.2600200043813774
379,1,10,150,32,0.1386504910106069
380,1,10,150,32,0.0
381,1,10,150,32,0.048092226462036564
382,1,10,150,32,0.0
383,1,10,150,32,0.0928464636084322
384,1,10,150,32,0.0
385,1,10,150,32,0.15785601121066206
386,1,10,150,32,0.14606834984270645
387,1,10,150,32,0.2405134476594358
388,1,10,150,32,0.04739418218477539
389,1,10,150,32,0.11535198911948054
390,1,10,150,32,0.05307577057513386
391,1,10,150,32,0.08907375584162422
392,1,10,150,32,0.08743359819726335
393,1,10,150,32,0.3582325950580216
394,1,10,150,32,0.08267830244963624
395,1,10,150,32,0.04720998255710776
396,1,10,150,32,0.0
397,1,10,150,32,0.08269242567753186
398,1,10,150,32,0.12885047691133825
399,1,10,150,32,0.0
400,1,10,150,32,0.0
401,1,10,150,32,0.0
402,1,10,150,32,0.11288598947105788
403,1,10,150,32,0.0
404,1,10,150,32,0.05446824630887794
405,1,10,150,32,0.2952701171392886
406,1,10,150,32,0.17097303614831083
407,1,10,150,32,0.03486815669931573
408,1,10,150,32,0.0
409,1,10,150,32,0.10044762491406796
410,1,10,150,32,0.0
411,1,10,150,32,0.0
412,1,10,150,32,0.15001451003751623
413,1,10,150,32,0.04935421935348238
414,1,10,150,32,0.1309019901681972
415,1,10,150,32,0.0
416,1,10,150,32,0.2446540597574616
417,1,10,150,32,0.1925296797486163
418,1,10,150,32,0.14436292983286242
419,1,10,150,32,0.0
420,1,10,150,32,0.19519002499605084
421,1,10,150,32,0.0
422,1,10,150,32,0.0
423,1,10,150,32,0.0
424,1,10,150,32,0.0
425,1,10,150,32,0.0
426,1,10,150,32,0.07924130570330246
427,1,10,150,32,0.0
428,1,10,150,32,0.0
429,1,10,150,32,0.18972638902424696
430,1,10,150,32,0.0
431,1,10,150,32,0.0
432,1,10,150,32,0.0
433,1,10,150,32,0.13012668333070054
434,1,10,150,32,0.0
435,1,10,150,32,0.08127781909048552
436,1,10,150,32,0.09499424853799125
437,1,10,150,32,0.14945564650669343
438,1,10,150,32,0.0
439,1,10,150,32,0.18154179253735267
440,1,10,150,32,0.0
442,1,10,150,32,0.0733934381893728
444,1,10,150,32,0.0
445,1,10,150,32,0.0
446,1,10,150,32,0.0
447,1,10,150,32,0.0
448,1,10,150,32,0.0
449,1,10,150,32,0.0
450,1,10,150,32,0.1491684124162498
451,1,10,150,32,0.05497526658285817
452,1,10,150,32,0.05780700008370542
453,1,10,150,32,0.1515771522786143
454,1,10,150,32,0.0
455,1,10,150,32,0.0
456,1,10,150,32,0.0
457,1,10,150,32,0.10536103181067501
458,1,10,150,32,0.0
459,1,10,150,32,0.0
460,1,10,150,32,0.0
462,1,10,150,32,0.0
1,1,10,150,33,0.9390346275238007
2,1,10,150,33,0.0
3,1,10,150,33,0.0
4,1,10,150,33,0.0
5,1,10,150,33,0.056478924802350165
6,1,10,150,33,0.333311831029372
7,1,10,150,33,0.24070147952530094
8,1,10,150,33,0.15459812200860068
9,1,10,150,33,0.0
10,1,10,150,33,0.3810900973936337
11,1,10,150,33,0.22957757592429825
12,1,10,150,33,0.03608574346476927
13,1,10,150,33,0.45250793797427086
14,1,10,150,33,0.34378000151132365
15,1,10,150,33,0.060925022175765536
16,1,10,150,33,0.26498984592387165
17,1,10,150,33,0.10122860821230018
18,1,10,150,33,0.28952989712219557
19,1,10,150,33,0.13886244387355454
20,1,10,150,33,0.05692185311373096
21,1,10,150,33,0.06959690168238541
22,1,10,150,33,0.022071528890411852
23,1,10,150,33,0.0
24,1,10,150,33,0.10707095809270382
25,1,10,150,33,0.18435264763897088
26,1,10,150,33,0.0
27,1,10,150,33,0.0
28,1,10,150,33,0.2269685427007633
29,1,10,150,33,0.0
30,1,10,150,33,0.0
31,1,10,150,33,0.038437318942299493
32,1,10,150,33,0.11469999139467348
33,1,10,150,33,0.0
34,1,10,150,33,0.0
35,1,10,150,33,0.0
36,1,10,150,33,0.0
37,1,10,150,33,0.15133867332691472
38,1,10,150,33,0.15643053902519652
39,1,10,150,33,0.0993029104208021
40,1,10,150,33,0.2483014786596721
41,1,10,150,33,0.0
42,1,10,150,33,0.2802847928656161
43,1,10,150,33,0.41408147888125985
44,1,10,150,33,0.12187883982093213
45,1,10,150,33,0.04094516368001556
46,1,10,150,33,0.0
47,1,10,150,33,0.0
48,1,10,150,33,0.121413212074535
49,1,10,150,33,0.11602978072772403
50,1,10,150,33,0.0
51,1,10,150,33,0.0
52,1,10,150,33,0.02753109834834184
53,1,10,150,33,0.1369821642818139
54,1,10,150,33,0.13347411865347833
55,1,10,150,33,0.0
56,1,10,150,33,0.33312994587691147
57,1,10,150,33,0.210264234203368
58,1,10,150,33,0.1904816470887815
59,1,10,150,33,0.45926114542996643
60,1,10,150,33,0.27407316324754094
61,1,10,150,33,0.0
62,1,10,150,33,0.34360161725638216
63,1,10,150,33,0.0229843206087442
64,1,10,150,33,0.23858119679318837
65,1,10,150,33,0.19310190766319002
66,1,10,150,33,0.0
67,1,10,150,33,0.03314040476303028
68,1,10,150,33,0.0
69,1,10,150,33,0.23107329229551446
70,1,10,150,33,0.0
71,1,10,150,33,0.0
72,1,10,150,33,0.2812459518264411
73,1,10,150,33,0.15507073573085653
74,1,10,150,33,0.03272011597426011
75,1,10,150,33,0.10721141591669835
76,1,10,150,33,0.09091590449066048
77,1,10,150,33,0.35012438286264386
78,1,10,150,33,0.05658242244874664
79,1,10,150,33,0.3698571414087665
80,1,10,150,33,0.08530460913930236
81,1,10,150,33,0.034380101046999886
82,1,10,150,33,0.29839249352204855
83,1,10,150,33,0.12138130365766452
84,1,10,150,33,0.03323240843917434
85,1,10,150,33,0.07687275454164805
86,1,10,150,33,0.0
87,1,10,150,33,0.12768520610540457
88,1,10,150,33,0.0
89,1,10,150,33,0.07273387457037515
90,1,10,150,33,0.3102881241383053
91,1,10,150,33,0.07094523689225418
92,1,10,150,33,0.4697821174587016
93,1,10,150,33,0.0
94,1,10,150,33,0.5015261987742777
95,1,10,150,33,0.3235479831132481
96,1,10,150,33,0.27784897647879286
97,1,10,150,33,0.05941547545208985
98,1,10,150,33,0.19533769320769842
99,1,10,150,33,0.19728228043749815
100,1,10,150,33,0.0
101,1,10,150,33,0.022125646633235106
102,1,10,150,33,0.0
103,1,10,150,33,0.12130357238836831
104,1,10,150,33,0.0
105,1,10,150,33,0.0
106,1,10,150,33,0.3286852015669076
107,1,10,150,33,0.0
108,1,10,150,33,0.0
109,1,10,150,33,0.2880280034378281
110,1,10,150,33,0.0
111,1,10,150,33,0.0
112,1,10,150,33,0.0
113,1,10,150,33,0.0
114,1,10,150,33,0.0724337938054964
115,1,10,150,33,0.31902789399521986
116,1,10,150,33,0.03416566868517691
117,1,10,150,33,0.3007749372413492
118,1,10,150,33,0.10713028046710026
119,1,10,150,33,0.10747473347584446
120,1,10,150,33,0.0845667599404342
121,1,10,150,33,0.07974473440063089
122,1,10,150,33,0.024882317223511866
123,1,10,150,33,0.0
124,1,10,150,33,0.18978688349077963
125,1,10,150,33,0.26564993202915677
126,1,10,150,33,0.0
127,1,10,150,33,0.0
128,1,10,150,33,0.24065584093668166
129,1,10,150,33,0.03443731487202246
130,1,10,150,33,0.3980890260980744
131,1,10,150,33,0.25372733625822586
132,1,10,150,33,0.06666588353700116
133,1,10,150,33,0.0
134,1,10,150,33,0.0
135,1,10,150,33,0.024580059838025532
136,1,10,150,33,0.2748136430911722
137,1,10,150,33,0.1176154775744913
138,1,10,150,33,0.0
139,1,10,150,33,0.06016179456846956
140,1,10,150,33,0.0
141,1,10,150,33,0.10249700605553073
142,1,10,150,33,0.04395738023645723
143,1,10,150,33,0.0
144,1,10,150,33,0.19422564026619418
145,1,10,150,33,0.3132065252447501
146,1,10,150,33,0.0
147,1,10,150,33,0.0
148,1,10,150,33,0.20028261441745723
149,1,10,150,33,0.0
150,1,10,150,33,0.0
151,1,10,150,33,0.27369330674393905
152,1,10,150,33,0.057326881004317945
153,1,10,150,33,0.21315403751398063
154,1,10,150,33,0.07676676843437329
155,1,10,150,33,0.0
156,1,10,150,33,0.032014847745354055
157,1,10,150,33,0.027915669265958894
158,1,10,150,33,0.2868658209219668
159,1,10,150,33,0.0
160,1,10,150,33,0.20537560155247386
161,1,10,150,33,0.09235716777162616
162,1,10,150,33,0.0475858026939827
163,1,10,150,33,0.05010834716923557
164,1,10,150,33,0.021454990283350312
165,1,10,150,33,0.09627818061559096
166,1,10,150,33,0.0
167,1,10,150,33,0.13980444900452446
168,1,10,150,33,0.04557534930808684
169,1,10,150,33,0.0762152425492647
170,1,10,150,33,0.0
171,1,10,150,33,0.0
172,1,10,150,33,0.0
173,1,10,150,33,0.0
174,1,10,150,33,0.1379299281294558
175,1,10,150,33,0.07396201032668431
176,1,10,150,33,0.09885099943510027
177,1,10,150,33,0.18957125343365316
178,1,10,150,33,0.39461919452365085
179,1,10,150,33,0.0
180,1,10,150,33,0.1102559398937703
181,1,10,150,33,0.14109855769709856
182,1,10,150,33,0.04195229264874745
183,1,10,150,33,0.02831169742649504
184,1,10,150,33,0.24379804830390844
185,1,10,150,33,0.0
186,1,10,150,33,0.05195335732167645
187,1,10,150,33,0.12249571257734294
188,1,10,150,33,0.08984169270246467
189,1,10,150,33,0.29040483566478753
190,1,10,150,33,0.03175761494935955
191,1,10,150,33,0.0
192,1,10,150,33,0.03884264315548268
193,1,10,150,33,0.0229843206087442
194,1,10,150,33,0.1311665054896302
195,1,10,150,33,0.1163096266497288
196,1,10,150,33,0.07706308624591164
197,1,10,150,33,0.11232910109481009
198,1,10,150,33,0.039651254525717876
199,1,10,150,33,0.0
200,1,10,150,33,0.2300445775356236
201,1,10,150,33,0.09280697672780078
202,1,10,150,33,0.0
203,1,10,150,33,0.028335946945814334
204,1,10,150,33,0.027001973670935885
205,1,10,150,33,0.33118408514264214
206,1,10,150,33,0.0
207,1,10,150,33,0.1732784164265504
208,1,10,150,33,0.026258715116272383
209,1,10,150,33,0.03243822298569767
210,1,10,150,33,0.14725069145372927
211,1,10,150,33,0.0
212,1,10,150,33,0.0
213,1,10,150,33,0.3292676705807518
214,1,10,150,33,0.2006726597430896
215,1,10,150,33,0.17462101077916922
216,1,10,150,33,0.20393733401077846
217,1,10,150,33,0.0724527585327826
218,1,10,150,33,0.0383846381653829
219,1,10,150,33,0.0
220,1,10,150,33,0.0
221,1,10,150,33,0.08879692238145004
222,1,10,150,33,0.29765751152130987
223,1,10,150,33,0.12939561339512679
224,1,10,150,33,0.0646684107724282
225,1,10,150,33,0.10040564991079691
226,1,10,150,33,0.23814675809782818
227,1,10,150,33,0.08428605557054564
228,1,10,150,33,0.0
229,1,10,150,33,0.0
230,1,10,150,33,0.178737922001665
231,1,10,150,33,0.0
232,1,10,150,33,0.07599602568717259
233,1,10,150,33,0.06364883811584347
234,1,10,150,33,0.3220024677145669
235,1,10,150,33,0.2569364602847736
236,1,10,150,33,0.14548938133999306
237,1,10,150,33,0.19081901958310174
238,1,10,150,33,0.0
239,1,10,150,33,0.13101602047463815
240,1,10,150,33,0.0
241,1,10,150,33,0.047978870624887156
242,1,10,150,33,0.0
243,1,10,150,33,0.13666267474070765
244,1,10,150,33,0.23488017427546606
245,1,10,150,33,0.10760552402297123
246,1,10,150,33,0.1349158867227849
247,1,10,150,33,0.08883649703748449
248,1,10,150,33,0.10141407259020323
249,1,10,150,33,0.3174148150314665
250,1,10,150,33,0.08837400777674793
251,1,10,150,33,0.11746132314290686
252,1,10,150,33,0.15744006533381547
253,1,10,150,33,0.22856439726986302
254,1,10,150,33,0.10833810753512618
255,1,10,150,33,0.05420833909157103
256,1,10,150,33,0.24172348693458176
257,1,10,150,33,0.14222480941686058
258,1,10,150,33,0.0
259,1,10,150,33,0.062479569258293385
260,1,10,150,33,0.0
261,1,10,150,33,0.0
262,1,10,150,33,0.0
263,1,10,150,33,0.21429200215078106
264,1,10,150,33,0.10929435548918137
265,1,10,150,33,0.2098491718391187
266,1,10,150,33,0.05919139647768146
267,1,10,150,33,0.07921598702254412
268,1,10,150,33,0.14825111918640765
269,1,10,150,33,0.5170937062220938
270,1,10,150,33,0.08265141168946843
271,1,10,150,33,0.29498529930442824
272,1,10,150,33,0.20573919065336121
273,1,10,150,33,0.0
274,1,10,150,33,0.14741988367662823
275,1,10,150,33,0.0
276,1,10,150,33,0.5207705084146966
277,1,10,150,33,0.09982873474912346
278,1,10,150,33,0.044115283111570695
279,1,10,150,33,0.2572484036796017
280,1,10,150,33,0.3045210071079628
281,1,10,150,33,0.049432410190049694
282,1,10,150,33,0.0
283,1,10,150,33,0.07389019331410458
284,1,10,150,33,0.0
285,1,10,150,33,0.03305750652500734
286,1,10,150,33,0.24068715832584253
287,1,10,150,33,0.2482427748337213
288,1,10,150,33,0.13079899587994165
289,1,10,150,33,0.0
290,1,10,150,33,0.16751734802917512
291,1,10,150,33,0.16715723972899263
292,1,10,150,33,0.14418092356950654
293,1,10,150,33,0.31896847944732265
294,1,10,150,33,0.0
295,1,10,150,33,0.16932212986740786
296,1,10,150,33,0.26161598777035
297,1,10,150,33,0.1840044814351815
298,1,10,150,33,0.18505168319116377
299,1,10,150,33,0.20267001426952738
300,1,10,150,33,0.0
301,1,10,150,33,0.4840989534283851
302,1,10,150,33,0.13927874459665815
303,1,10,150,33,0.3451443945101982
304,1,10,150,33,0.0
305,1,10,150,33,0.2964407848988099
306,1,10,150,33,0.05252809026007655
307,1,10,150,33,0.17969394634708183
308,1,10,150,33,0.46704349785290805
309,1,10,150,33,0.0
310,1,10,150,33,0.039396067695057414
311,1,10,150,33,0.4324638603262579
312,1,10,150,33,0.09415302060032367
313,1,10,150,33,0.35720416196239346
314,1,10,150,33,0.24164644316565054
315,1,10,150,33,0.24328453056154042
316,1,10,150,33,0.11577931451542922
317,1,10,150,33,0.0
318,1,10,150,33,0.10002109671939007
319,1,10,150,33,0.06591877139737895
320,1,10,150,33,0.31734828359762884
321,1,10,150,33,0.21222681362144738
322,1,10,150,33,0.14288427354002056
323,1,10,150,33,0.18981679349426187
324,1,10,150,33,0.0734773909038217
325,1,10,150,33,0.14434542953585763
326,1,10,150,33,0.30871039280062307
327,1,10,150,33,0.02507594809698069
328,1,10,150,33,0.24657056306672565
329,1,10,150,33,0.0
330,1,10,150,33,0.1919173526729021
331,1,10,150,33,0.07292595308580271
332,1,10,150,33,0.10431966529814608
333,1,10,150,33,0.0
334,1,10,150,33,0.1755134447756019
335,1,10,150,33,0.0
336,1,10,150,33,0.11453254569885929
337,1,10,150,33,0.03884210089598009
338,1,10,150,33,0.06833721678510453
339,1,10,150,33,0.4203944436182926
340,1,10,150,33,0.19897370622983218
341,1,10,150,33,0.0
342,1,10,150,33,0.12454374347422911
343,1,10,150,33,0.33551298010892333
344,1,10,150,33,0.29966734974401044
345,1,10,150,33,0.16457140763169179
346,1,10,150,33,0.1602221525785311
347,1,10,150,33,0.3549901763947968
348,1,10,150,33,0.1450057783707606
349,1,10,150,33,0.2259984658284476
350,1,10,150,33,0.0
351,1,10,150,33,0.0
352,1,10,150,33,0.07811280179907971
353,1,10,150,33,0.0
354,1,10,150,33,0.22310144251952083
355,1,10,150,33,0.0
356,1,10,150,33,0.0
357,1,10,150,33,0.048851099168414396
358,1,10,150,33,0.06323567569191428
359,1,10,150,33,0.13587623914185412
360,1,10,150,33,0.0947481858530086
361,1,10,150,33,0.12707706589355627
362,1,10,150,33,0.0
363,1,10,150,33,0.13362663544356917
364,1,10,150,33,0.0
365,1,10,150,33,0.14456587527532935
366,1,10,150,33,0.044257815106106525
367,1,10,150,33,0.027299924755986534
368,1,10,150,33,0.042512356679180144
369,1,10,150,33,0.0
370,1,10,150,33,0.14154116653408116
371,1,10,150,33,0.098804715452931
372,1,10,150,33,0.09429424592561358
373,1,10,150,33,0.16416419866145268
374,1,10,150,33,0.11347093211803502
375,1,10,150,33,0.04282650856324445
376,1,10,150,33,0.0
377,1,10,150,33,0.0913219819219427
378,1,10,150,33,0.25478138686312396
379,1,10,150,33,0.1358571025063237
380,1,10,150,33,0.0
381,1,10,150,33,0.04712331339461613
382,1,10,150,33,0.0
383,1,10,150,33,0.0928464636084322
384,1,10,150,33,0.0
385,1,10,150,33,0.15467568949788768
386,1,10,150,33,0.14606834984270645
387,1,10,150,33,0.23566782832610084
388,1,10,150,33,0.04739418218477539
389,1,10,150,33,0.11302799503908521
390,1,10,150,33,0.05307577057513386
391,1,10,150,33,0.08907375584162422
392,1,10,150,33,0.08743359819726335
393,1,10,150,33,0.351015290556604
394,1,10,150,33,0.08267830244963624
395,1,10,150,33,0.04720998255710776
396,1,10,150,33,0.0
397,1,10,150,33,0.08269242567753186
398,1,10,150,33,0.12625452908344342
399,1,10,150,33,0.0
400,1,10,150,33,0.0
401,1,10,150,33,0.0
402,1,10,150,33,0.11288598947105788
403,1,10,150,33,0.09224219235917257
404,1,10,150,33,0.05446824630887794
405,1,10,150,33,0.2893213163462778
406,1,10,150,33,0.16752844601207723
407,1,10,150,33,0.03416566868517691
408,1,10,150,33,0.0
409,1,10,150,33,0.09842390874348447
410,1,10,150,33,0.0
411,1,10,150,33,0.0
412,1,10,150,33,0.15001451003751623
413,1,10,150,33,0.04935421935348238
414,1,10,150,33,0.1309019901681972
415,1,10,150,33,0.0
416,1,10,150,33,0.259871998409183
417,1,10,150,33,0.18865078837056873
418,1,10,150,33,0.14436292983286242
419,1,10,150,33,0.0
420,1,10,150,33,0.19519002499605084
421,1,10,150,33,0.0
422,1,10,150,33,0.0
423,1,10,150,33,0.0
424,1,10,150,33,0.0
425,1,10,150,33,0.0
426,1,10,150,33,0.07924130570330246
427,1,10,150,33,0.0
428,1,10,150,33,0.0
429,1,10,150,33,0.1859039754850194
430,1,10,150,33,0.0
431,1,10,150,33,0.0
432,1,10,150,33,0.0
433,1,10,150,33,0.13012668333070054
434,1,10,150,33,0.0
435,1,10,150,33,0.08127781909048552
436,1,10,150,33,0.09499424853799125
437,1,10,150,33,0.14945564650669343
438,1,10,150,33,0.0
439,1,10,150,33,0.18154179253735267
440,1,10,150,33,0.0
442,1,10,150,33,0.0733934381893728
444,1,10,150,33,0.0
445,1,10,150,33,0.0
446,1,10,150,33,0.0
447,1,10,150,33,0.0
448,1,10,150,33,0.0
449,1,10,150,33,0.04971883051739238
450,1,10,150,33,0.14616311957228975
451,1,10,150,33,0.05497526658285817
452,1,10,150,33,0.05780700008370542
453,1,10,150,33,0.1515771522786143
454,1,10,150,33,0.0
455,1,10,150,33,0.0
456,1,10,150,33,0.0
457,1,10,150,33,0.10536103181067501
458,1,10,150,33,0.0
459,1,10,150,33,0.0
460,1,10,150,33,0.0
462,1,10,150,33,0.0
1,1,10,150,34,0.9206377841013854
2,1,10,150,34,0.0
3,1,10,150,34,0.0
4,1,10,150,34,0.0
5,1,10,150,34,0.05537243319298843
6,1,10,150,34,0.3267818422658528
7,1,10,150,34,0.235985841464064
8,1,10,150,34,0.1763575923663448
9,1,10,150,34,0.0
10,1,10,150,34,0.3736240736218895
11,1,10,150,34,0.2250798688176773
12,1,10,150,34,0.03608574346476927
13,1,10,150,34,0.44364275085730087
14,1,10,150,34,0.35663615847189084
15,1,10,150,34,0.05973142604989069
16,1,10,150,34,0.2597983688887313
17,1,10,150,34,0.10122860821230018
18,1,10,150,34,0.2838576502983371
19,1,10,150,34,0.13886244387355454
20,1,10,150,34,0.05692185311373096
21,1,10,150,34,0.0682334127700411
22,1,10,150,34,0.021639120490137036
23,1,10,150,34,0.0
24,1,10,150,34,0.12987294265280755
25,1,10,150,34,0.18074095250684874
26,1,10,150,34,0.0
27,1,10,150,34,0.0
28,1,10,150,34,0.2225219497642596
29,1,10,150,34,0.0
30,1,10,150,34,0.0
31,1,10,150,34,0.038437318942299493
32,1,10,150,34,0.11469999139467348
33,1,10,150,34,0.0
34,1,10,150,34,0.0
35,1,10,150,34,0.0
36,1,10,150,34,0.0
37,1,10,150,34,0.15133867332691472
38,1,10,150,34,0.15336587234669577
39,1,10,150,34,0.0993029104208021
40,1,10,150,34,0.2483014786596721
41,1,10,150,34,0.0
42,1,10,150,34,0.27479366900617974
43,1,10,150,34,0.40596911336478414
44,1,10,150,34,0.11949108343051672
45,1,10,150,34,0.04094516368001556
46,1,10,150,34,0.0
47,1,10,150,34,0.0
48,1,10,150,34,0.14139592812216276
49,1,10,150,34,0.11375661459963998
50,1,10,150,34,0.0
51,1,10,150,34,0.0
52,1,10,150,34,0.02753109834834184
53,1,10,150,34,0.1369821642818139
54,1,10,150,34,0.13085919648784106
55,1,10,150,34,0.0
56,1,10,150,34,0.32660352046725866
57,1,10,150,34,0.20614489921763515
58,1,10,150,34,0.18674987731839862
59,1,10,150,34,0.45026365467208695
60,1,10,150,34,0.26870373285300175
61,1,10,150,34,0.0
62,1,10,150,34,0.33687003892361816
63,1,10,150,34,0.022534029495918394
64,1,10,150,34,0.23390709767874918
65,1,10,150,34,0.19310190766319002
66,1,10,150,34,0.0
67,1,10,150,34,0.03314040476303028
68,1,10,150,34,0.0
69,1,10,150,34,0.23107329229551446
70,1,10,150,34,0.0
71,1,10,150,34,0.0
72,1,10,150,34,0.27573599768067875
73,1,10,150,34,0.15507073573085653
74,1,10,150,34,0.03272011597426011
75,1,10,150,34,0.10511101240238284
76,1,10,150,34,0.08913475008964288
77,1,10,150,34,0.35012438286264386
78,1,10,150,34,0.05658242244874664
79,1,10,150,34,0.3698571414087665
80,1,10,150,34,0.11856641546096264
81,1,10,150,34,0.034380101046999886
82,1,10,150,34,0.29254661753318884
83,1,10,150,34,0.119003294612687
84,1,10,150,34,0.03323240843917434
85,1,10,150,34,0.07536672272205297
86,1,10,150,34,0.0
87,1,10,150,34,0.1251836958572956
88,1,10,150,34,0.0
89,1,10,150,34,0.07130892850048927
90,1,10,150,34,0.3042091981133301
91,1,10,150,34,0.06955533243461491
92,1,10,150,34,0.46057850791734906
93,1,10,150,34,0.0
94,1,10,150,34,0.5112919136931275
95,1,10,150,34,0.3172092801405275
96,1,10,150,34,0.27784897647879286
97,1,10,150,34,0.05941547545208985
98,1,10,150,34,0.19533769320769842
99,1,10,150,34,0.19341727789462473
100,1,10,150,34,0.0
101,1,10,150,34,0.022125646633235106
102,1,10,150,34,0.0
103,1,10,150,34,0.12130357238836831
104,1,10,150,34,0.0
105,1,10,150,34,0.0
106,1,10,150,34,0.3222458541655913
107,1,10,150,34,0.0
108,1,10,150,34,0.0
109,1,10,150,34,0.2823851805586661
110,1,10,150,34,0.0
111,1,10,150,34,0.038281751104512325
112,1,10,150,34,0.0
113,1,10,150,34,0.02769198719673247
114,1,10,150,34,0.0724337938054964
115,1,10,150,34,0.31277774512830364
116,1,10,150,34,0.03349632120980132
117,1,10,150,34,0.29488238624947893
118,1,10,150,34,0.10713028046710026
119,1,10,150,34,0.1053691712466488
120,1,10,150,34,0.0845667599404342
121,1,10,150,34,0.07974473440063089
122,1,10,150,34,0.024882317223511866
123,1,10,150,34,0.0
124,1,10,150,34,0.18978688349077963
125,1,10,150,34,0.26044552309526814
126,1,10,150,34,0.0
127,1,10,150,34,0.0
128,1,10,150,34,0.235941096991534
129,1,10,150,34,0.03443731487202246
130,1,10,150,34,0.3902899724033027
131,1,10,150,34,0.25372733625822586
132,1,10,150,34,0.06666588353700116
133,1,10,150,34,0.0
134,1,10,150,34,0.0
135,1,10,150,34,0.024098506230842615
136,1,10,150,34,0.2748136430911722
137,1,10,150,34,0.1176154775744913
138,1,10,150,34,0.0
139,1,10,150,34,0.06016179456846956
140,1,10,150,34,0.0
141,1,10,150,34,0.10048896362940396
142,1,10,150,34,0.04395738023645723
143,1,10,150,34,0.0
144,1,10,150,34,0.19042052106412838
145,1,10,150,34,0.30707042415229024
146,1,10,150,34,0.0
147,1,10,150,34,0.0
148,1,10,150,34,0.20028261441745723
149,1,10,150,34,0.0
150,1,10,150,34,0.0
151,1,10,150,34,0.2879225482658607
152,1,10,150,34,0.0562037768899224
153,1,10,150,34,0.21315403751398063
154,1,10,150,34,0.07676676843437329
155,1,10,150,34,0.0
156,1,10,150,34,0.032014847745354055
157,1,10,150,34,0.027915669265958894
158,1,10,150,34,0.2812457666278452
159,1,10,150,34,0.0
160,1,10,150,34,0.20135204089368502
161,1,10,150,34,0.09235716777162616
162,1,10,150,34,0.0475858026939827
163,1,10,150,34,0.05010834716923557
164,1,10,150,34,0.04273505329904702
165,1,10,150,34,0.09627818061559096
166,1,10,150,34,0.0
167,1,10,150,34,0.1606298866119576
168,1,10,150,34,0.044682472154713174
169,1,10,150,34,0.11095894797669394
170,1,10,150,34,0.0
171,1,10,150,34,0.0
172,1,10,150,34,0.0
173,1,10,150,34,0.0
174,1,10,150,34,0.13522771117526974
175,1,10,150,34,0.07396201032668431
176,1,10,150,34,0.09885099943510027
177,1,10,150,34,0.18585731939481331
178,1,10,150,34,0.4064793491578331
179,1,10,150,34,0.0
180,1,10,150,34,0.1102559398937703
181,1,10,150,34,0.1383342633920769
182,1,10,150,34,0.04195229264874745
183,1,10,150,34,0.02831169742649504
184,1,10,150,34,0.23902174465133227
185,1,10,150,34,0.0
186,1,10,150,34,0.07052675720629091
187,1,10,150,34,0.14854033459794289
188,1,10,150,34,0.0880815834317231
189,1,10,150,34,0.2847154477186525
190,1,10,150,34,0.03175761494935955
191,1,10,150,34,0.0
192,1,10,150,34,0.03884264315548268
193,1,10,150,34,0.022534029495918394
194,1,10,150,34,0.12859679230437607
195,1,10,150,34,0.1336222080561142
196,1,10,150,34,0.07706308624591164
197,1,10,150,34,0.11012843583279397
198,1,10,150,34,0.038874437676124675
199,1,10,150,34,0.0
200,1,10,150,34,0.24512895135330548
201,1,10,150,34,0.0909887738955247
202,1,10,150,34,0.0
203,1,10,150,34,0.028335946945814334
204,1,10,150,34,0.027001973670935885
205,1,10,150,34,0.33118408514264214
206,1,10,150,34,0.0
207,1,10,150,34,0.16988367910585184
208,1,10,150,34,0.026258715116272383
209,1,10,150,34,0.03243822298569767
210,1,10,150,34,0.1443658692809197
211,1,10,150,34,0.0
212,1,10,150,34,0.0
213,1,10,150,34,0.32281691189498224
214,1,10,150,34,0.19674123549924863
215,1,10,150,34,0.17119997038363083
216,1,10,150,34,0.19994195078228721
217,1,10,150,34,0.07103331987186284
218,1,10,150,34,0.0383846381653829
219,1,10,150,34,0.0
220,1,10,150,34,0.0
221,1,10,150,34,0.08705728144642766
222,1,10,150,34,0.29182603473391683
223,1,10,150,34,0.12686059416430806
224,1,10,150,34,0.063401477059351
225,1,10,150,34,0.10040564991079691
226,1,10,150,34,0.23814675809782818
227,1,10,150,34,0.08428605557054564
228,1,10,150,34,0.0
229,1,10,150,34,0.0
230,1,10,150,34,0.17523622625122884
231,1,10,150,34,0.0
232,1,10,150,34,0.07450717006426603
233,1,10,150,34,0.06240187908524462
234,1,10,150,34,0.3156940432895836
235,1,10,150,34,0.2519027589804532
236,1,10,150,34,0.14263906539882926
237,1,10,150,34,0.21765619961137353
238,1,10,150,34,0.0
239,1,10,150,34,0.12844925547593336
240,1,10,150,34,0.0
241,1,10,150,34,0.047978870624887156
242,1,10,150,34,0.0
243,1,10,150,34,0.13398528483920527
244,1,10,150,34,0.2498698128049388
245,1,10,150,34,0.10760552402297123
246,1,10,150,34,0.13227271854720823
247,1,10,150,34,0.08883649703748449
248,1,10,150,34,0.11901847622304454
249,1,10,150,34,0.31119626836563463
250,1,10,150,34,0.08664265225904214
251,1,10,150,34,0.11746132314290686
252,1,10,150,34,0.15744006533381547
253,1,10,150,34,0.2240865395793533
254,1,10,150,34,0.10621563074610704
255,1,10,150,34,0.053146331049240825
256,1,10,150,34,0.23698782649106628
257,1,10,150,34,0.14222480941686058
258,1,10,150,34,0.0
259,1,10,150,34,0.062479569258293385
260,1,10,150,34,0.0
261,1,10,150,34,0.0
262,1,10,150,34,0.0
263,1,10,150,34,0.22968498829686976
264,1,10,150,34,0.10715314462649962
265,1,10,150,34,0.2098491718391187
266,1,10,150,34,0.05919139647768146
267,1,10,150,34,0.07766404839633101
268,1,10,150,34,0.14534669740372846
269,1,10,150,34,0.506963204460759
270,1,10,150,34,0.08103216886825075
271,1,10,150,34,0.28920617444134605
272,1,10,150,34,0.20573919065336121
273,1,10,150,34,0.0
274,1,10,150,34,0.14741988367662823
275,1,10,150,34,0.0
276,1,10,150,34,0.5301592036360292
277,1,10,150,34,0.09982873474912346
278,1,10,150,34,0.044115283111570695
279,1,10,150,34,0.2522085910204674
280,1,10,150,34,0.3181462960598226
281,1,10,150,34,0.049432410190049694
282,1,10,150,34,0.0
283,1,10,150,34,0.07389019331410458
284,1,10,150,34,0.0
285,1,10,150,34,0.03305750652500734
286,1,10,150,34,0.23597180083451894
287,1,10,150,34,0.2433793935211444
288,1,10,150,34,0.15119258105595526
289,1,10,150,34,0.0
290,1,10,150,34,0.1642354771248427
291,1,10,150,34,0.16388242378921572
292,1,10,150,34,0.16094747198585738
293,1,10,150,34,0.3127194945844832
294,1,10,150,34,0.0
295,1,10,150,34,0.16600490106687396
296,1,10,150,34,0.2564906087664861
297,1,10,150,34,0.18039960730725701
298,1,10,150,34,0.18142629309271827
299,1,10,150,34,0.19869945939364697
300,1,10,150,34,0.0
301,1,10,150,34,0.47461485945981485
302,1,10,150,34,0.13927874459665815
303,1,10,150,34,0.3579738213336317
304,1,10,150,34,0.0
305,1,10,150,34,0.2906331452825987
306,1,10,150,34,0.05252809026007655
307,1,10,150,34,0.19576475096406018
308,1,10,150,34,0.45789354123830034
309,1,10,150,34,0.0
310,1,10,150,34,0.039396067695057414
311,1,10,150,34,0.42399136134583687
312,1,10,150,34,0.09230844711286973
313,1,10,150,34,0.3502060930468883
314,1,10,150,34,0.23691229210433692
315,1,10,150,34,0.25810951741350385
316,1,10,150,34,0.11577931451542922
317,1,10,150,34,0.0
318,1,10,150,34,0.09806156040267608
319,1,10,150,34,0.06591877139737895
320,1,10,150,34,0.3111310403644235
321,1,10,150,34,0.20806902929082327
322,1,10,150,34,0.14288427354002056
323,1,10,150,34,0.18609804902360563
324,1,10,150,34,0.0734773909038217
325,1,10,150,34,0.14151752501766654
326,1,10,150,34,0.3026623764732577
327,1,10,150,34,0.024584679428832378
328,1,10,150,34,0.24173994243958552
329,1,10,150,34,0.0
330,1,10,150,34,0.2077486857244307
331,1,10,150,34,0.07292595308580271
332,1,10,150,34,0.10227591473547568
333,1,10,150,34,0.0
334,1,10,150,34,0.17207492050032577
335,1,10,150,34,0.0
336,1,10,150,34,0.13187994230698893
337,1,10,150,34,0.03884210089598009
338,1,10,150,34,0.08658963670969522
339,1,10,150,34,0.41215839935729104
340,1,10,150,34,0.19897370622983218
341,1,10,150,34,0.0
342,1,10,150,34,0.12210377834325338
343,1,10,150,34,0.3485310981876984
344,1,10,150,34,0.29379649775361244
345,1,10,150,34,0.16134725132343042
346,1,10,150,34,0.15708320352660715
347,1,10,150,34,0.3480354821798967
348,1,10,150,34,0.1678077629308643
349,1,10,150,34,0.2259984658284476
350,1,10,150,34,0.0
351,1,10,150,34,0.0
352,1,10,150,34,0.07811280179907971
353,1,10,150,34,0.0
354,1,10,150,34,0.21873061083233408
355,1,10,150,34,0.0
356,1,10,150,34,0.0
357,1,10,150,34,0.048851099168414396
358,1,10,150,34,0.06323567569191428
359,1,10,150,34,0.13587623914185412
360,1,10,150,34,0.0947481858530086
361,1,10,150,34,0.1441786999205554
362,1,10,150,34,0.0
363,1,10,150,34,0.1310087252864092
364,1,10,150,34,0.0
365,1,10,150,34,0.14456587527532935
366,1,10,150,34,0.044257815106106525
367,1,10,150,34,0.027299924755986534
368,1,10,150,34,0.042512356679180144
369,1,10,150,34,0.0
370,1,10,150,34,0.14154116653408116
371,1,10,150,34,0.098804715452931
372,1,10,150,34,0.09429424592561358
373,1,10,150,34,0.16094802007780992
374,1,10,150,34,0.1112478969817529
375,1,10,150,34,0.04282650856324445
376,1,10,150,34,0.0
377,1,10,150,34,0.0913219819219427
378,1,10,150,34,0.24978990609800394
379,1,10,150,34,0.1527867248161042
380,1,10,150,34,0.0
381,1,10,150,34,0.046200109720698164
382,1,10,150,34,0.0
383,1,10,150,34,0.0928464636084322
384,1,10,150,34,0.0
385,1,10,150,34,0.15164540248019764
386,1,10,150,34,0.14606834984270645
387,1,10,150,34,0.2310508056835508
388,1,10,150,34,0.04739418218477539
389,1,10,150,34,0.11081363758501904
390,1,10,150,34,0.05307577057513386
391,1,10,150,34,0.08907375584162422
392,1,10,150,34,0.08743359819726335
393,1,10,150,34,0.3441384692446234
394,1,10,150,34,0.08267830244963624
395,1,10,150,34,0.04720998255710776
396,1,10,150,34,0.0
397,1,10,150,34,0.08269242567753186
398,1,10,150,34,0.12378104755801371
399,1,10,150,34,0.0
400,1,10,150,34,0.0
401,1,10,150,34,0.0
402,1,10,150,34,0.11288598947105788
403,1,10,150,34,0.09224219235917257
404,1,10,150,34,0.05446824630887794
405,1,10,150,34,0.28365315587638645
406,1,10,150,34,0.16424635768460857
407,1,10,150,34,0.03349632120980132
408,1,10,150,34,0.0
409,1,10,150,34,0.09649566330385602
410,1,10,150,34,0.0
411,1,10,150,34,0.0
412,1,10,150,34,0.15001451003751623
413,1,10,150,34,0.04935421935348238
414,1,10,150,34,0.1309019901681972
415,1,10,150,34,0.0
416,1,10,150,34,0.2547807863021164
417,1,10,150,34,0.18495488737454224
418,1,10,150,34,0.14436292983286242
419,1,10,150,34,0.0
420,1,10,150,34,0.19519002499605084
421,1,10,150,34,0.0
422,1,10,150,34,0.0
423,1,10,150,34,0.0
424,1,10,150,34,0.0
425,1,10,150,34,0.0
426,1,10,150,34,0.07924130570330246
427,1,10,150,34,0.0
428,1,10,150,34,0.0
429,1,10,150,34,0.18226188793216636
430,1,10,150,34,0.0
431,1,10,150,34,0.0
432,1,10,150,34,0.0
433,1,10,150,34,0.13012668333070054
434,1,10,150,34,0.0
435,1,10,150,34,0.08127781909048552
436,1,10,150,34,0.09499424853799125
437,1,10,150,34,0.14945564650669343
438,1,10,150,34,0.0
439,1,10,150,34,0.18154179253735267
440,1,10,150,34,0.0
442,1,10,150,34,0.0733934381893728
444,1,10,150,34,0.0
445,1,10,150,34,0.0
446,1,10,150,34,0.0
447,1,10,150,34,0.0
448,1,10,150,34,0.0
449,1,10,150,34,0.04971883051739238
450,1,10,150,34,0.14329960427041658
451,1,10,150,34,0.05497526658285817
452,1,10,150,34,0.05780700008370542
453,1,10,150,34,0.1515771522786143
454,1,10,150,34,0.0
455,1,10,150,34,0.0
456,1,10,150,34,0.0
457,1,10,150,34,0.10536103181067501
458,1,10,150,34,0.0
459,1,10,150,34,0.0
460,1,10,150,34,0.0
462,1,10,150,34,0.0
1,1,10,150,35,0.9030843362288785
2,1,10,150,35,0.025839879181176743
3,1,10,150,35,0.0
4,1,10,150,35,0.0
5,1,10,150,35,0.05431666822612286
6,1,10,150,35,0.3205512180910104
7,1,10,150,35,0.23148638984658299
8,1,10,150,35,0.1763575923663448
9,1,10,150,35,0.0
10,1,10,150,35,0.3665003265701247
11,1,10,150,35,0.2207883572018487
12,1,10,150,35,0.03608574346476927
13,1,10,150,35,0.4542506013496095
14,1,10,150,35,0.36890293032325755
15,1,10,150,35,0.058592549836439745
16,1,10,150,35,0.2739115097691467
17,1,10,150,35,0.10122860821230018
18,1,10,150,35,0.27844544524465503
19,1,10,150,35,0.13886244387355454
20,1,10,150,35,0.05692185311373096
21,1,10,150,35,0.06693243243346797
22,1,10,150,35,0.04029315250527886
23,1,10,150,35,0.0
24,1,10,150,35,0.12987294265280755
25,1,10,150,35,0.17729483401916038
26,1,10,150,35,0.0
27,1,10,150,35,0.0
28,1,10,150,35,0.2182792090109153
29,1,10,150,35,0.0
30,1,10,150,35,0.0
31,1,10,150,35,0.038437318942299493
32,1,10,150,35,0.11469999139467348
33,1,10,150,35,0.0
34,1,10,150,35,0.0
35,1,10,150,35,0.0
36,1,10,150,35,0.0
37,1,10,150,35,0.15133867332691472
38,1,10,150,35,0.15044170402322535
39,1,10,150,35,0.0993029104208021
40,1,10,150,35,0.2483014786596721
41,1,10,150,35,0.0
42,1,10,150,35,0.2886209002449426
43,1,10,150,35,0.39822865583375605
44,1,10,150,35,0.11721279272764897
45,1,10,150,35,0.04094516368001556
46,1,10,150,35,0.0
47,1,10,150,35,0.0
48,1,10,150,35,0.14139592812216276
49,1,10,150,35,0.11158766081671798
50,1,10,150,35,0.0
51,1,10,150,35,0.0
52,1,10,150,35,0.02753109834834184
53,1,10,150,35,0.1369821642818139
54,1,10,150,35,0.12836415432918194
55,1,10,150,35,0.0
56,1,10,150,35,0.3203762962858232
57,1,10,150,35,0.20221441341193694
58,1,10,150,35,0.1831891889637432
59,1,10,150,35,0.4416786500941079
60,1,10,150,35,0.26358046173678634
61,1,10,150,35,0.0
62,1,10,150,35,0.3304470669685546
63,1,10,150,35,0.022104381789790163
64,1,10,150,35,0.22944728067251913
65,1,10,150,35,0.19310190766319002
66,1,10,150,35,0.0
67,1,10,150,35,0.03314040476303028
68,1,10,150,35,0.0
69,1,10,150,35,0.23107329229551446
70,1,10,150,35,0.0
71,1,10,150,35,0.0
72,1,10,150,35,0.27047864506551766
73,1,10,150,35,0.15507073573085653
74,1,10,150,35,0.03272011597426011
75,1,10,150,35,0.10310690100385646
76,1,10,150,35,0.08743525196307547
77,1,10,150,35,0.3699500101255028
78,1,10,150,35,0.05658242244874664
79,1,10,150,35,0.3698571414087665
80,1,10,150,35,0.11856641546096264
81,1,10,150,35,0.034380101046999886
82,1,10,150,35,0.2869687432705554
83,1,10,150,35,0.13580092122646018
84,1,10,150,35,0.03323240843917434
85,1,10,150,35,0.07392973429786556
86,1,10,150,35,0.0
87,1,10,150,35,0.12279686629450112
88,1,10,150,35,0.0
89,1,10,150,35,0.06994930848391627
90,1,10,150,35,0.29840895789547756
91,1,10,150,35,0.06822914756231181
92,1,10,150,35,0.451796833984842
93,1,10,150,35,0.0
94,1,10,150,35,0.520609923518494
95,1,10,150,35,0.31116117233984986
96,1,10,150,35,0.27784897647879286
97,1,10,150,35,0.05941547545208985
98,1,10,150,35,0.19533769320769842
99,1,10,150,35,0.1897294647679026
100,1,10,150,35,0.0
101,1,10,150,35,0.022125646633235106
102,1,10,150,35,0.0
103,1,10,150,35,0.12130357238836831
104,1,10,150,35,0.0
105,1,10,150,35,0.0
106,1,10,150,35,0.3161017159378209
107,1,10,150,35,0.0
108,1,10,150,35,0.0
109,1,10,150,35,0.2770010505213103
110,1,10,150,35,0.0
111,1,10,150,35,0.038281751104512325
112,1,10,150,35,0.0
113,1,10,150,35,0.02769198719673247
114,1,10,150,35,0.0724337938054964
115,1,10,150,35,0.3068141317076912
116,1,10,150,35,0.032857659687940244
117,1,10,150,35,0.28925997677971876
118,1,10,150,35,0.10713028046710026
119,1,10,150,35,0.10336013763235645
120,1,10,150,35,0.0845667599404342
121,1,10,150,35,0.07974473440063089
122,1,10,150,35,0.024882317223511866
123,1,10,150,35,0.023786519936652924
124,1,10,150,35,0.18978688349077963
125,1,10,150,35,0.2554797081002395
126,1,10,150,35,0.0
127,1,10,150,35,0.0
128,1,10,150,35,0.25050911533392156
129,1,10,150,35,0.03443731487202246
130,1,10,150,35,0.4019150798794312
131,1,10,150,35,0.25372733625822586
132,1,10,150,35,0.06666588353700116
133,1,10,150,35,0.0
134,1,10,150,35,0.0
135,1,10,150,35,0.023639029246263633
136,1,10,150,35,0.2748136430911722
137,1,10,150,35,0.1176154775744913
138,1,10,150,35,0.0
139,1,10,150,35,0.06016179456846956
140,1,10,150,35,0.0
141,1,10,150,35,0.09857297906382075
142,1,10,150,35,0.04395738023645723
143,1,10,150,35,0.0
144,1,10,150,35,0.18678984595163844
145,1,10,150,35,0.301215630033877
146,1,10,150,35,0.0
147,1,10,150,35,0.0
148,1,10,150,35,0.20028261441745723
149,1,10,150,35,0.0
150,1,10,150,35,0.0
151,1,10,150,35,0.28243283936016195
152,1,10,150,35,0.055132161011329894
153,1,10,150,35,0.21315403751398063
154,1,10,150,35,0.07676676843437329
155,1,10,150,35,0.0
156,1,10,150,35,0.032014847745354055
157,1,10,150,35,0.027915669265958894
158,1,10,150,35,0.2949499781934791
159,1,10,150,35,0.0
160,1,10,150,35,0.21657955551534533
161,1,10,150,35,0.09235716777162616
162,1,10,150,35,0.0475858026939827
163,1,10,150,35,0.05010834716923557
164,1,10,150,35,0.06384782878331045
165,1,10,150,35,0.09627818061559096
166,1,10,150,35,0.0
167,1,10,150,35,0.1606298866119576
168,1,10,150,35,0.044682472154713174
169,1,10,150,35,0.11095894797669394
170,1,10,150,35,0.0
171,1,10,150,35,0.0
172,1,10,150,35,0.0
173,1,10,150,35,0.0
174,1,10,150,35,0.13264937622093104
175,1,10,150,35,0.07396201032668431
176,1,10,150,35,0.09885099943510027
177,1,10,150,35,0.1823136491000892
178,1,10,150,35,0.3987291631564439
179,1,10,150,35,0.0
180,1,10,150,35,0.1102559398937703
181,1,10,150,35,0.13569669699694506
182,1,10,150,35,0.04195229264874745
183,1,10,150,35,0.02831169742649504
184,1,10,150,35,0.23446440863103402
185,1,10,150,35,0.0
186,1,10,150,35,0.06918205055008307
187,1,10,150,35,0.14854033459794289
188,1,10,150,35,0.10546878246444014
189,1,10,150,35,0.279286887370236
190,1,10,150,35,0.03175761494935955
191,1,10,150,35,0.0
192,1,10,150,35,0.03884264315548268
193,1,10,150,35,0.022104381789790163
194,1,10,150,35,0.1261448865394071
195,1,10,150,35,0.13107448461457447
196,1,10,150,35,0.07706308624591164
197,1,10,150,35,0.10802865914422523
198,1,10,150,35,0.038133233668310756
199,1,10,150,35,0.0
200,1,10,150,35,0.2404551715628937
201,1,10,150,35,0.08925392580744913
202,1,10,150,35,0.0
203,1,10,150,35,0.028335946945814334
204,1,10,150,35,0.027001973670935885
205,1,10,150,35,0.33118408514264214
206,1,10,150,35,0.0
207,1,10,150,35,0.16664457208996397
208,1,10,150,35,0.026258715116272383
209,1,10,150,35,0.03243822298569767
210,1,10,150,35,0.14161330056741064
211,1,10,150,35,0.0
212,1,10,150,35,0.0
213,1,10,150,35,0.3166618855282954
214,1,10,150,35,0.19299004574650613
215,1,10,150,35,0.1679357661463074
216,1,10,150,35,0.2151963510518032
217,1,10,150,35,0.06967895477940805
218,1,10,150,35,0.0383846381653829
219,1,10,150,35,0.0
220,1,10,150,35,0.0
221,1,10,150,35,0.0853973936184654
222,1,10,150,35,0.2862618995474143
223,1,10,150,35,0.12444179182402391
224,1,10,150,35,0.062192625389540866
225,1,10,150,35,0.10040564991079691
226,1,10,150,35,0.23814675809782818
227,1,10,150,35,0.08428605557054564
228,1,10,150,35,0.0
229,1,10,150,35,0.0
230,1,10,150,35,0.1718950642698333
231,1,10,150,35,0.0
232,1,10,150,35,0.07308657040125344
233,1,10,150,35,0.08027870320115035
234,1,10,150,35,0.3096748259293559
235,1,10,150,35,0.24709982559550633
236,1,10,150,35,0.13991942099328775
237,1,10,150,35,0.21765619961137353
238,1,10,150,35,0.0
239,1,10,150,35,0.12600016273914122
240,1,10,150,35,0.0
241,1,10,150,35,0.047978870624887156
242,1,10,150,35,0.0
243,1,10,150,35,0.13143063875176098
244,1,10,150,35,0.24510564082576491
245,1,10,150,35,0.10760552402297123
246,1,10,150,35,0.12975072530505655
247,1,10,150,35,0.08883649703748449
248,1,10,150,35,0.11674919654071472
249,1,10,150,35,0.3052628083564881
250,1,10,150,35,0.08499067000692402
251,1,10,150,35,0.11746132314290686
252,1,10,150,35,0.15744006533381547
253,1,10,150,35,0.219813967391502
254,1,10,150,35,0.1041904580128729
255,1,10,150,35,0.05213301031898378
256,1,10,150,35,0.23246927040900184
257,1,10,150,35,0.14222480941686058
258,1,10,150,35,0.0
259,1,10,150,35,0.062479569258293385
260,1,10,150,35,0.0
261,1,10,150,35,0.0
262,1,10,150,35,0.0
263,1,10,150,35,0.2253056726324559
264,1,10,150,35,0.10511009667533133
265,1,10,150,35,0.2098491718391187
266,1,10,150,35,0.05919139647768146
267,1,10,150,35,0.09524987457792425
268,1,10,150,35,0.14257542761622166
269,1,10,150,35,0.4972971312922902
270,1,10,150,35,0.07948715955319925
271,1,10,150,35,0.28369199112720106
272,1,10,150,35,0.23321348468935416
273,1,10,150,35,0.0
274,1,10,150,35,0.14741988367662823
275,1,10,150,35,0.0
276,1,10,150,35,0.5391174780733554
277,1,10,150,35,0.09982873474912346
278,1,10,150,35,0.044115283111570695
279,1,10,150,35,0.24739982645319797
280,1,10,150,35,0.3120803225356442
281,1,10,150,35,0.049432410190049694
282,1,10,150,35,0.0
283,1,10,150,35,0.07389019331410458
284,1,10,150,35,0.0
285,1,10,150,35,0.06473560181867054
286,1,10,150,35,0.23147261692434157
287,1,10,150,35,0.2433793935211444
288,1,10,150,35,0.15119258105595526
289,1,10,150,35,0.0
290,1,10,150,35,0.16110406221192866
291,1,10,150,35,0.1607577404089741
292,1,10,150,35,0.17694536504123248
293,1,10,150,35,0.3067569918046702
294,1,10,150,35,0.0
295,1,10,150,35,0.16283974922564
296,1,10,150,35,0.25160020060757626
297,1,10,150,35,0.17695999711769747
298,1,10,150,35,0.19703372431283364
299,1,10,150,35,0.19491093293623452
300,1,10,150,35,0.0
301,1,10,150,35,0.4655655597906981
302,1,10,150,35,0.13927874459665815
303,1,10,150,35,0.351148471645605
304,1,10,150,35,0.0
305,1,10,150,35,0.28509175446219004
306,1,10,150,35,0.05252809026007655
307,1,10,150,35,0.19203217946779463
308,1,10,150,35,0.44916306053667515
309,1,10,150,35,0.0
310,1,10,150,35,0.039396067695057414
311,1,10,150,35,0.4159072805180639
312,1,10,150,35,0.09054843732121275
313,1,10,150,35,0.3435288476577768
314,1,10,150,35,0.23239517620748204
315,1,10,150,35,0.27225485897788726
316,1,10,150,35,0.11577931451542922
317,1,10,150,35,0.0
318,1,10,150,35,0.09619185820431889
319,1,10,150,35,0.06591877139737895
320,1,10,150,35,0.30519882403258297
321,1,10,150,35,0.20410185683428053
322,1,10,150,35,0.14288427354002056
323,1,10,150,35,0.1825497888292887
324,1,10,150,35,0.0734773909038217
325,1,10,150,35,0.13881926459283672
326,1,10,150,35,0.29689162891092724
327,1,10,150,35,0.024115932766172292
328,1,10,150,35,0.25619739641773454
329,1,10,150,35,0.0
330,1,10,150,35,0.222854237970079
331,1,10,150,35,0.07292595308580271
332,1,10,150,35,0.119392475892007
333,1,10,150,35,0.0
334,1,10,150,35,0.1687940339243783
335,1,10,150,35,0.0
336,1,10,150,35,0.12936543797891106
337,1,10,150,35,0.03884210089598009
338,1,10,150,35,0.10602685554775755
339,1,10,150,35,0.4042999330817668
340,1,10,150,35,0.19897370622983218
341,1,10,150,35,0.0
342,1,10,150,35,0.11977567238757994
343,1,10,150,35,0.34188578928376623
344,1,10,150,35,0.30726140933788293
345,1,10,150,35,0.15827090510520242
346,1,10,150,35,0.1540881582738837
347,1,10,150,35,0.34139962299648213
348,1,10,150,35,0.1678077629308643
349,1,10,150,35,0.2259984658284476
350,1,10,150,35,0.0
351,1,10,150,35,0.0
352,1,10,150,35,0.07811280179907971
353,1,10,150,35,0.0
354,1,10,150,35,0.21456015808569323
355,1,10,150,35,0.0
356,1,10,150,35,0.0
357,1,10,150,35,0.048851099168414396
358,1,10,150,35,0.06323567569191428
359,1,10,150,35,0.13587623914185412
360,1,10,150,35,0.0947481858530086
361,1,10,150,35,0.14142969989352353
362,1,10,150,35,0.0
363,1,10,150,35,0.12851083211944211
364,1,10,150,35,0.0
365,1,10,150,35,0.14456587527532935
366,1,10,150,35,0.044257815106106525
367,1,10,150,35,0.027299924755986534
368,1,10,150,35,0.042512356679180144
369,1,10,150,35,0.0
370,1,10,150,35,0.16993362413023483
371,1,10,150,35,0.098804715452931
372,1,10,150,35,0.09429424592561358
373,1,10,150,35,0.15787928584877037
374,1,10,150,35,0.1281933927905516
375,1,10,150,35,0.04282650856324445
376,1,10,150,35,0.0
377,1,10,150,35,0.0913219819219427
378,1,10,150,35,0.24502725766939368
379,1,10,150,35,0.1689402157108454
380,1,10,150,35,0.0
381,1,10,150,35,0.04531922993095768
382,1,10,150,35,0.0
383,1,10,150,35,0.0928464636084322
384,1,10,150,35,0.0
385,1,10,150,35,0.14875403769644646
386,1,10,150,35,0.14606834984270645
387,1,10,150,35,0.22664544850235968
388,1,10,150,35,0.04739418218477539
389,1,10,150,35,0.10870079641718654
390,1,10,150,35,0.05307577057513386
391,1,10,150,35,0.08907375584162422
392,1,10,150,35,0.10854637368152678
393,1,10,150,35,0.3375769129136434
394,1,10,150,35,0.08267830244963624
395,1,10,150,35,0.04720998255710776
396,1,10,150,35,0.0
397,1,10,150,35,0.08269242567753186
398,1,10,150,35,0.12142096175289471
399,1,10,150,35,0.0
400,1,10,150,35,0.0
401,1,10,150,35,0.0
402,1,10,150,35,0.11288598947105788
403,1,10,150,35,0.09224219235917257
404,1,10,150,35,0.05446824630887794
405,1,10,150,35,0.27824484983949244
406,1,10,150,35,0.18018135215038592
407,1,10,150,35,0.032857659687940244
408,1,10,150,35,0.0
409,1,10,150,35,0.09465581746548372
410,1,10,150,35,0.0
411,1,10,150,35,0.0
412,1,10,150,35,0.15001451003751623
413,1,10,150,35,0.04935421935348238
414,1,10,150,35,0.1309019901681972
415,1,10,150,35,0.0
416,1,10,150,35,0.24992297867298918
417,1,10,150,35,0.1814284234053675
418,1,10,150,35,0.14436292983286242
419,1,10,150,35,0.0
420,1,10,150,35,0.19519002499605084
421,1,10,150,35,0.0
422,1,10,150,35,0.030480958763669998
423,1,10,150,35,0.0
424,1,10,150,35,0.0
425,1,10,150,35,0.0
426,1,10,150,35,0.07924130570330246
427,1,10,150,35,0.0
428,1,10,150,35,0.0
429,1,10,150,35,0.17878677035149398
430,1,10,150,35,0.0
431,1,10,150,35,0.0
432,1,10,150,35,0.0
433,1,10,150,35,0.13012668333070054
434,1,10,150,35,0.0
435,1,10,150,35,0.08127781909048552
436,1,10,150,35,0.09499424853799125
437,1,10,150,35,0.14945564650669343
438,1,10,150,35,0.0
439,1,10,150,35,0.18154179253735267
440,1,10,150,35,0.0
442,1,10,150,35,0.0733934381893728
444,1,10,150,35,0.0
445,1,10,150,35,0.0
446,1,10,150,35,0.0
447,1,10,150,35,0.0
448,1,10,150,35,0.0
449,1,10,150,35,0.04971883051739238
450,1,10,150,35,0.14056736562330646
451,1,10,150,35,0.05497526658285817
452,1,10,150,35,0.05780700008370542
453,1,10,150,35,0.1515771522786143
454,1,10,150,35,0.0
455,1,10,150,35,0.0
456,1,10,150,35,0.0
457,1,10,150,35,0.10536103181067501
458,1,10,150,35,0.0
459,1,10,150,35,0.0
460,1,10,150,35,0.0
462,1,10,150,35,0.0
1,1,10,150,36,0.8863135616344834
2,1,10,150,36,0.025839879181176743
3,1,10,150,36,0.0
4,1,10,150,36,0.0
5,1,10,150,36,0.05330797771628327
6,1,10,150,36,0.3145984050381211
7,1,10,150,36,0.227187559814829
8,1,10,150,36,0.1763575923663448
9,1,10,150,36,0.0
10,1,10,150,36,0.3596942132104949
11,1,10,150,36,0.23525874750588802
12,1,10,150,36,0.03608574346476927
13,1,10,150,36,0.4643854689169202
14,1,10,150,36,0.36205219928577975
15,1,10,150,36,0.0575044538449611
16,1,10,150,36,0.28739537380790925
17,1,10,150,36,0.10122860821230018
18,1,10,150,36,0.2732745596344205
19,1,10,150,36,0.13886244387355454
20,1,10,150,36,0.05692185311373096
21,1,10,150,36,0.06568946021884217
22,1,10,150,36,0.03954488642286021
23,1,10,150,36,0.0
24,1,10,150,36,0.12987294265280755
25,1,10,150,36,0.1740023710909445
26,1,10,150,36,0.0
27,1,10,150,36,0.0
28,1,10,150,36,0.21422564361717653
29,1,10,150,36,0.0
30,1,10,150,36,0.0
31,1,10,150,36,0.038437318942299493
32,1,10,150,36,0.11469999139467348
33,1,10,150,36,0.0
34,1,10,150,36,0.0
35,1,10,150,36,0.0
36,1,10,150,36,0.0
37,1,10,150,36,0.15133867332691472
38,1,10,150,36,0.1476479185410123
39,1,10,150,36,0.0993029104208021
40,1,10,150,36,0.28414550140442774
41,1,10,150,36,0.0
42,1,10,150,36,0.2832610508188613
43,1,10,150,36,0.40940388185142934
44,1,10,150,36,0.11503608646937902
45,1,10,150,36,0.04094516368001556
46,1,10,150,36,0.0
47,1,10,150,36,0.0
48,1,10,150,36,0.14139592812216276
49,1,10,150,36,0.10951541636290794
50,1,10,150,36,0.0
51,1,10,150,36,0.0
52,1,10,150,36,0.02753109834834184
53,1,10,150,36,0.1369821642818139
54,1,10,150,36,0.12836415432918194
55,1,10,150,36,0.0
56,1,10,150,36,0.31442673162740686
57,1,10,150,36,0.1984591801396704
58,1,10,150,36,0.17978726461073086
59,1,10,150,36,0.43347643377086104
60,1,10,150,36,0.2586856270752383
61,1,10,150,36,0.0
62,1,10,150,36,0.32431048253985056
63,1,10,150,36,0.021693891219116516
64,1,10,150,36,0.22518631802364367
65,1,10,150,36,0.21318164785015645
66,1,10,150,36,0.0
67,1,10,150,36,0.03314040476303028
68,1,10,150,36,0.0
69,1,10,150,36,0.23107329229551446
70,1,10,150,36,0.0
71,1,10,150,36,0.0
72,1,10,150,36,0.26545570733200174
73,1,10,150,36,0.15507073573085653
74,1,10,150,36,0.03272011597426011
75,1,10,150,36,0.10310690100385646
76,1,10,150,36,0.08581153107295336
77,1,10,150,36,0.3699500101255028
78,1,10,150,36,0.05658242244874664
79,1,10,150,36,0.3698571414087665
80,1,10,150,36,0.11856641546096264
81,1,10,150,36,0.034380101046999886
82,1,10,150,36,0.2816395753114207
83,1,10,150,36,0.13327902316197754
84,1,10,150,36,0.05683844068224461
85,1,10,150,36,0.07255681832535466
86,1,10,150,36,0.0
87,1,10,150,36,0.13908701267252838
88,1,10,150,36,0.0
89,1,10,150,36,0.06865031121582472
90,1,10,150,36,0.2928673388361641
91,1,10,150,36,0.06696209463200248
92,1,10,150,36,0.4434067174018645
93,1,10,150,36,0.0
94,1,10,150,36,0.5295124618451288
95,1,10,150,36,0.3053827376195329
96,1,10,150,36,0.27784897647879286
97,1,10,150,36,0.05941547545208985
98,1,10,150,36,0.19533769320769842
99,1,10,150,36,0.186206083883206
100,1,10,150,36,0.0
101,1,10,150,36,0.022125646633235106
102,1,10,150,36,0.0
103,1,10,150,36,0.12130357238836831
104,1,10,150,36,0.0
105,1,10,150,36,0.0
106,1,10,150,36,0.31023153259588415
107,1,10,150,36,0.0
108,1,10,150,36,0.0
109,1,10,150,36,0.2718569881183431
110,1,10,150,36,0.0
111,1,10,150,36,0.038281751104512325
112,1,10,150,36,0.0
113,1,10,150,36,0.02769198719673247
114,1,10,150,36,0.0724337938054964
115,1,10,150,36,0.3011164239313261
116,1,10,150,36,0.03224747481126874
117,1,10,150,36,0.283888259349639
118,1,10,150,36,0.10713028046710026
119,1,10,150,36,0.10144068282538193
120,1,10,150,36,0.0845667599404342
121,1,10,150,36,0.07974473440063089
122,1,10,150,36,0.024882317223511866
123,1,10,150,36,0.023786519936652924
124,1,10,150,36,0.18978688349077963
125,1,10,150,36,0.2507353089050517
126,1,10,150,36,0.0
127,1,10,150,36,0.0
128,1,10,150,36,0.24585702278999574
129,1,10,150,36,0.03443731487202246
130,1,10,150,36,0.39445129500315584
131,1,10,150,36,0.25372733625822586
132,1,10,150,36,0.06666588353700116
133,1,10,150,36,0.0
134,1,10,150,36,0.0
135,1,10,150,36,0.023639029246263633
136,1,10,150,36,0.2748136430911722
137,1,10,150,36,0.1176154775744913
138,1,10,150,36,0.024240213052394943
139,1,10,150,36,0.06016179456846956
140,1,10,150,36,0.0
141,1,10,150,36,0.0967424244338062
142,1,10,150,36,0.04395738023645723
143,1,10,150,36,0.0
144,1,10,150,36,0.18332105541092553
145,1,10,150,36,0.29562188952376967
146,1,10,150,36,0.0
147,1,10,150,36,0.0
148,1,10,150,36,0.2203623546044237
149,1,10,150,36,0.0
150,1,10,150,36,0.0
151,1,10,150,36,0.2771879056403019
152,1,10,150,36,0.05410832635034583
153,1,10,150,36,0.21315403751398063
154,1,10,150,36,0.07676676843437329
155,1,10,150,36,0.0
156,1,10,150,36,0.032014847745354055
157,1,10,150,36,0.027915669265958894
158,1,10,150,36,0.28947259429646627
159,1,10,150,36,0.0
160,1,10,150,36,0.21255755362516793
161,1,10,150,36,0.09235716777162616
162,1,10,150,36,0.0475858026939827
163,1,10,150,36,0.05010834716923557
164,1,10,150,36,0.06384782878331045
165,1,10,150,36,0.09627818061559096
166,1,10,150,36,0.0
167,1,10,150,36,0.1606298866119576
168,1,10,150,36,0.044682472154713174
169,1,10,150,36,0.11095894797669394
170,1,10,150,36,0.0
171,1,10,150,36,0.0
172,1,10,150,36,0.0
173,1,10,150,36,0.0
174,1,10,150,36,0.13018600408674252
175,1,10,150,36,0.07396201032668431
176,1,10,150,36,0.09885099943510027
177,1,10,150,36,0.17892798400561197
178,1,10,150,36,0.3913245425122278
179,1,10,150,36,0.0
180,1,10,150,36,0.1102559398937703
181,1,10,150,36,0.13317673443393263
182,1,10,150,36,0.04195229264874745
183,1,10,150,36,0.02831169742649504
184,1,10,150,36,0.23011027514669166
185,1,10,150,36,0.0
186,1,10,150,36,0.06789730168532206
187,1,10,150,36,0.14854033459794289
188,1,10,150,36,0.10351016895903643
189,1,10,150,36,0.27410037571528306
190,1,10,150,36,0.03175761494935955
191,1,10,150,36,0.0
192,1,10,150,36,0.03884264315548268
193,1,10,150,36,0.021693891219116516
194,1,10,150,36,0.12380230636885278
195,1,10,150,36,0.12864035908680047
196,1,10,150,36,0.07706308624591164
197,1,10,150,36,0.1245930592805613
198,1,10,150,36,0.03742507847089344
199,1,10,150,36,0.0
200,1,10,150,36,0.2545603382688622
201,1,10,150,36,0.08759643114019335
202,1,10,150,36,0.0
203,1,10,150,36,0.028335946945814334
204,1,10,150,36,0.027001973670935885
205,1,10,150,36,0.33118408514264214
206,1,10,150,36,0.0
207,1,10,150,36,0.16354989040434129
208,1,10,150,36,0.026258715116272383
209,1,10,150,36,0.03243822298569767
210,1,10,150,36,0.13898346341033868
211,1,10,150,36,0.0
212,1,10,150,36,0.0
213,1,10,150,36,0.32935185149251456
214,1,10,150,36,0.18940611407331145
215,1,10,150,36,0.16481710627436494
216,1,10,150,36,0.21120003603199372
217,1,10,150,36,0.06838497812883491
218,1,10,150,36,0.0383846381653829
219,1,10,150,36,0.0
220,1,10,150,36,0.0
221,1,10,150,36,0.08381151688262846
222,1,10,150,36,0.2809458580663711
223,1,10,150,36,0.12213083906238237
224,1,10,150,36,0.06103767400792671
225,1,10,150,36,0.10040564991079691
226,1,10,150,36,0.23814675809782818
227,1,10,150,36,0.08428605557054564
228,1,10,150,36,0.0
229,1,10,150,36,0.0
230,1,10,150,36,0.1687028780463444
231,1,10,150,36,0.0
232,1,10,150,36,0.07172931244769928
233,1,10,150,36,0.07878788337169909
234,1,10,150,36,0.30392399348229243
235,1,10,150,36,0.24251104544383031
236,1,10,150,36,0.1373210401148689
237,1,10,150,36,0.21765619961137353
238,1,10,150,36,0.0
239,1,10,150,36,0.12366027016944028
240,1,10,150,36,0.0
241,1,10,150,36,0.047978870624887156
242,1,10,150,36,0.0
243,1,10,150,36,0.12898989924507495
244,1,10,150,36,0.2591244457506273
245,1,10,150,36,0.10760552402297123
246,1,10,150,36,0.12734118271832864
247,1,10,150,36,0.08883649703748449
248,1,10,150,36,0.11674919654071472
249,1,10,150,36,0.29959390951103054
250,1,10,150,36,0.10198289831769526
251,1,10,150,36,0.11746132314290686
252,1,10,150,36,0.15744006533381547
253,1,10,150,36,0.21573190068750334
254,1,10,150,36,0.1022555836981247
255,1,10,150,36,0.06973542350642653
256,1,10,150,36,0.2281521877426884
257,1,10,150,36,0.14222480941686058
258,1,10,150,36,0.0
259,1,10,150,36,0.062479569258293385
260,1,10,150,36,0.0
261,1,10,150,36,0.0
262,1,10,150,36,0.0
263,1,10,150,36,0.23969217389555042
264,1,10,150,36,0.10315814416301325
265,1,10,150,36,0.2098491718391187
266,1,10,150,36,0.05919139647768146
267,1,10,150,36,0.093481031832449
268,1,10,150,36,0.13992772322879315
269,1,10,150,36,0.5066326010384027
270,1,10,150,36,0.07801103912619455
271,1,10,150,36,0.2784236742640198
272,1,10,150,36,0.23321348468935416
273,1,10,150,36,0.0
274,1,10,150,36,0.16749962386359465
275,1,10,150,36,0.01857055196464481
276,1,10,150,36,0.5291057689317459
277,1,10,150,36,0.09982873474912346
278,1,10,150,36,0.044115283111570695
279,1,10,150,36,0.24280547512000475
280,1,10,150,36,0.30628481868885293
281,1,10,150,36,0.049432410190049694
282,1,10,150,36,0.0
283,1,10,150,36,0.07389019331410458
284,1,10,150,36,0.0
285,1,10,150,36,0.06473560181867054
286,1,10,150,36,0.22717404266335575
287,1,10,150,36,0.2433793935211444
288,1,10,150,36,0.15119258105595526
289,1,10,150,36,0.0
290,1,10,150,36,0.15811227085290666
291,1,10,150,36,0.17634293240163515
292,1,10,150,36,0.1736593919448312
293,1,10,150,36,0.30106034514784347
294,1,10,150,36,0.0
295,1,10,150,36,0.15981572520073553
296,1,10,150,36,0.2469278460078782
297,1,10,150,36,0.19224430426020467
298,1,10,150,36,0.19337469929669465
299,1,10,150,36,0.19129132932766477
300,1,10,150,36,0.0
301,1,10,150,36,0.47549030233430073
302,1,10,150,36,0.13927874459665815
303,1,10,150,36,0.34462745070560463
304,1,10,150,36,0.0
305,1,10,150,36,0.27979744322125816
306,1,10,150,36,0.05252809026007655
307,1,10,150,36,0.20703658786474874
308,1,10,150,36,0.4408218545803799
309,1,10,150,36,0.0
310,1,10,150,36,0.039396067695057414
311,1,10,150,36,0.40818365275272905
312,1,10,150,36,0.08886690286062178
313,1,10,150,36,0.33714932734099345
314,1,10,150,36,0.22807946951138822
315,1,10,150,36,0.2671989359716113
316,1,10,150,36,0.11577931451542922
317,1,10,150,36,0.0
318,1,10,150,36,0.09440552230295983
319,1,10,150,36,0.06591877139737895
320,1,10,150,36,0.29953111341133737
321,1,10,150,36,0.200311572695859
322,1,10,150,36,0.14288427354002056
323,1,10,150,36,0.19773029045434426
324,1,10,150,36,0.0734773909038217
325,1,10,150,36,0.13624131422602165
326,1,10,150,36,0.2913781874883688
327,1,10,150,36,0.023668086583562207
328,1,10,150,36,0.2514396693543523
329,1,10,150,36,0.0
330,1,10,150,36,0.23728626372795913
331,1,10,150,36,0.07292595308580271
332,1,10,150,36,0.11717529171426687
333,1,10,150,36,0.0
334,1,10,150,36,0.16565943554606363
335,1,10,150,36,0.0
336,1,10,150,36,0.14553360235513949
337,1,10,150,36,0.03884210089598009
338,1,10,150,36,0.10602685554775755
339,1,10,150,36,0.39679186016516943
340,1,10,150,36,0.19897370622983218
341,1,10,150,36,0.0
342,1,10,150,36,0.1175513720394061
343,1,10,150,36,0.3355367814678984
344,1,10,150,36,0.30155539536904374
345,1,10,150,36,0.15533172703745488
346,1,10,150,36,0.15122665612352212
347,1,10,150,36,0.3350596435569158
348,1,10,150,36,0.1678077629308643
349,1,10,150,36,0.2259984658284476
350,1,10,150,36,0.0
351,1,10,150,36,0.0
352,1,10,150,36,0.07811280179907971
353,1,10,150,36,0.0
354,1,10,150,36,0.21057565752042046
355,1,10,150,36,0.0
356,1,10,150,36,0.0
357,1,10,150,36,0.048851099168414396
358,1,10,150,36,0.06323567569191428
359,1,10,150,36,0.13587623914185412
360,1,10,150,36,0.0947481858530086
361,1,10,150,36,0.1388032723023067
362,1,10,150,36,0.05276490902632437
363,1,10,150,36,0.14469486699819306
364,1,10,150,36,0.0
365,1,10,150,36,0.14456587527532935
366,1,10,150,36,0.044257815106106525
367,1,10,150,36,0.027299924755986534
368,1,10,150,36,0.042512356679180144
369,1,10,150,36,0.0
370,1,10,150,36,0.19811064503366002
371,1,10,150,36,0.098804715452931
372,1,10,150,36,0.09429424592561358
373,1,10,150,36,0.15494738036677477
374,1,10,150,36,0.12581277072821054
375,1,10,150,36,0.04282650856324445
376,1,10,150,36,0.0
377,1,10,150,36,0.0913219819219427
378,1,10,150,36,0.24047696624808976
379,1,10,150,36,0.1658029026560688
380,1,10,150,36,0.0
381,1,10,150,36,0.044477626816527144
382,1,10,150,36,0.0
383,1,10,150,36,0.0928464636084322
384,1,10,150,36,0.0
385,1,10,150,36,0.14599159310945387
386,1,10,150,36,0.14606834984270645
387,1,10,150,36,0.22243651742339637
388,1,10,150,36,0.04739418218477539
389,1,10,150,36,0.10668216262872289
390,1,10,150,36,0.05307577057513386
391,1,10,150,36,0.08907375584162422
392,1,10,150,36,0.10854637368152678
393,1,10,150,36,0.3313079233103162
394,1,10,150,36,0.08267830244963624
395,1,10,150,36,0.04720998255710776
396,1,10,150,36,0.0
397,1,10,150,36,0.08269242567753186
398,1,10,150,36,0.13773665943771024
399,1,10,150,36,0.0
400,1,10,150,36,0.0
401,1,10,150,36,0.0
402,1,10,150,36,0.11288598947105788
403,1,10,150,36,0.09224219235917257
404,1,10,150,36,0.05446824630887794
405,1,10,150,36,0.27307768939665333
406,1,10,150,36,0.17683528498721718
407,1,10,150,36,0.03224747481126874
408,1,10,150,36,0.0
409,1,10,150,36,0.09289800668848502
410,1,10,150,36,0.0
411,1,10,150,36,0.0
412,1,10,150,36,0.15001451003751623
413,1,10,150,36,0.04935421935348238
414,1,10,150,36,0.1309019901681972
415,1,10,150,36,0.0
416,1,10,150,36,0.2638523229750284
417,1,10,150,36,0.17805919744065454
418,1,10,150,36,0.14436292983286242
419,1,10,150,36,0.0
420,1,10,150,36,0.19519002499605084
421,1,10,150,36,0.0
422,1,10,150,36,0.030480958763669998
423,1,10,150,36,0.0
424,1,10,150,36,0.0
425,1,10,150,36,0.0
426,1,10,150,36,0.07924130570330246
427,1,10,150,36,0.0
428,1,10,150,36,0.0
429,1,10,150,36,0.17546660134209055
430,1,10,150,36,0.0
431,1,10,150,36,0.0
432,1,10,150,36,0.0
433,1,10,150,36,0.13012668333070054
434,1,10,150,36,0.0
435,1,10,150,36,0.08127781909048552
436,1,10,150,36,0.09499424853799125
437,1,10,150,36,0.14945564650669343
438,1,10,150,36,0.0
439,1,10,150,36,0.18154179253735267
440,1,10,150,36,0.0
442,1,10,150,36,0.0733934381893728
444,1,10,150,36,0.0
445,1,10,150,36,0.0
446,1,10,150,36,0.0
447,1,10,150,36,0.0
448,1,10,150,36,0.0
449,1,10,150,36,0.04971883051739238
450,1,10,150,36,0.1379569520554656
451,1,10,150,36,0.05497526658285817
452,1,10,150,36,0.05780700008370542
453,1,10,150,36,0.1515771522786143
454,1,10,150,36,0.0
455,1,10,150,36,0.0
456,1,10,150,36,0.0
457,1,10,150,36,0.10536103181067501
458,1,10,150,36,0.0
459,1,10,150,36,0.0
460,1,10,150,36,0.0
462,1,10,150,36,0.0
1,1,10,150,37,0.8702706396659222
2,1,10,150,37,0.025839879181176743
3,1,10,150,37,0.0
4,1,10,150,37,0.0
5,1,10,150,37,0.05234306443522392
6,1,10,150,37,0.30890394442967356
7,1,10,150,37,0.24117602869412733
8,1,10,150,37,0.1763575923663448
9,1,10,150,37,0.0
10,1,10,150,37,0.3531834855799289
11,1,10,150,37,0.2310003925714355
12,1,10,150,37,0.05892795017083254
13,1,10,150,37,0.4740804826223937
14,1,10,150,37,0.3554987903872673
15,1,10,150,37,0.05646358128494053
16,1,10,150,37,0.2821933079074134
17,1,10,150,37,0.10122860821230018
18,1,10,150,37,0.26832809077059877
19,1,10,150,37,0.13886244387355454
20,1,10,150,37,0.05692185311373096
21,1,10,150,37,0.06450043307307184
22,1,10,150,37,0.038829095133412254
23,1,10,150,37,0.0
24,1,10,150,37,0.12987294265280755
25,1,10,150,37,0.17085280125179103
26,1,10,150,37,0.0
27,1,10,150,37,0.0
28,1,10,150,37,0.21034800320526947
29,1,10,150,37,0.0
30,1,10,150,37,0.0
31,1,10,150,37,0.038437318942299493
32,1,10,150,37,0.11469999139467348
33,1,10,150,37,0.0
34,1,10,150,37,0.0
35,1,10,150,37,0.0
36,1,10,150,37,0.0
37,1,10,150,37,0.15133867332691472
38,1,10,150,37,0.16307611294590227
39,1,10,150,37,0.0993029104208021
40,1,10,150,37,0.3197267407502473
41,1,10,150,37,0.0
42,1,10,150,37,0.2781338191801631
43,1,10,150,37,0.4019933729587795
44,1,10,150,37,0.11295384939360471
45,1,10,150,37,0.04094516368001556
46,1,10,150,37,0.0
47,1,10,150,37,0.0
48,1,10,150,37,0.14139592812216276
49,1,10,150,37,0.10753310744299865
50,1,10,150,37,0.0
51,1,10,150,37,0.0
52,1,10,150,37,0.02753109834834184
53,1,10,150,37,0.1369821642818139
54,1,10,150,37,0.12836415432918194
55,1,10,150,37,0.0
56,1,10,150,37,0.30873537843291693
57,1,10,150,37,0.19486692421722476
58,1,10,150,37,0.17653298397919914
59,1,10,150,37,0.42563019412924763
60,1,10,150,37,0.27210395796151376
61,1,10,150,37,0.0
62,1,10,150,37,0.318440226244349
63,1,10,150,37,0.02130121596389316
64,1,10,150,37,0.22111028140994377
65,1,10,150,37,0.21318164785015645
66,1,10,150,37,0.0
67,1,10,150,37,0.03314040476303028
68,1,10,150,37,0.0
69,1,10,150,37,0.23107329229551446
70,1,10,150,37,0.0
71,1,10,150,37,0.0
72,1,10,150,37,0.26065076539815285
73,1,10,150,37,0.15507073573085653
74,1,10,150,37,0.03272011597426011
75,1,10,150,37,0.10310690100385646
76,1,10,150,37,0.10235900919628077
77,1,10,150,37,0.3699500101255028
78,1,10,150,37,0.05658242244874664
79,1,10,150,37,0.3698571414087665
80,1,10,150,37,0.11856641546096264
81,1,10,150,37,0.034380101046999886
82,1,10,150,37,0.2765416935621587
83,1,10,150,37,0.14896730505431965
84,1,10,150,37,0.05683844068224461
85,1,10,150,37,0.07124348698860504
86,1,10,150,37,0.0
87,1,10,150,37,0.1365694362890296
88,1,10,150,37,0.0
89,1,10,150,37,0.0870847168332769
90,1,10,150,37,0.2875662263772459
91,1,10,150,37,0.06575003187505726
92,1,10,150,37,0.4353807323830912
93,1,10,150,37,0.0
94,1,10,150,37,0.5380286294730726
95,1,10,150,37,0.31795581674272144
96,1,10,150,37,0.27784897647879286
97,1,10,150,37,0.05941547545208985
98,1,10,150,37,0.19533769320769842
99,1,10,150,37,0.18283561794076839
100,1,10,150,37,0.0
101,1,10,150,37,0.022125646633235106
102,1,10,150,37,0.0
103,1,10,150,37,0.12130357238836831
104,1,10,150,37,0.01810072942918286
105,1,10,150,37,0.0
106,1,10,150,37,0.31023153259588415
107,1,10,150,37,0.0
108,1,10,150,37,0.0
109,1,10,150,37,0.2669361783329804
110,1,10,150,37,0.0
111,1,10,150,37,0.038281751104512325
112,1,10,150,37,0.0
113,1,10,150,37,0.02769198719673247
114,1,10,150,37,0.0724337938054964
115,1,10,150,37,0.3137667264442449
116,1,10,150,37,0.04976450142411843
117,1,10,150,37,0.2787496747790295
118,1,10,150,37,0.10713028046710026
119,1,10,150,37,0.117705261901631
120,1,10,150,37,0.0845667599404342
121,1,10,150,37,0.07974473440063089
122,1,10,150,37,0.024882317223511866
123,1,10,150,37,0.023786519936652924
124,1,10,150,37,0.18978688349077963
125,1,10,150,37,0.26429754634940167
126,1,10,150,37,0.0
127,1,10,150,37,0.0
128,1,10,150,37,0.24140683134220958
129,1,10,150,37,0.03443731487202246
130,1,10,150,37,0.38731143883931296
131,1,10,150,37,0.25372733625822586
132,1,10,150,37,0.06666588353700116
133,1,10,150,37,0.0
134,1,10,150,37,0.0
135,1,10,150,37,0.023639029246263633
136,1,10,150,37,0.2748136430911722
137,1,10,150,37,0.1176154775744913
138,1,10,150,37,0.024240213052394943
139,1,10,150,37,0.06016179456846956
140,1,10,150,37,0.0
141,1,10,150,37,0.09499131598480672
142,1,10,150,37,0.04395738023645723
143,1,10,150,37,0.0
144,1,10,150,37,0.18000281058826012
145,1,10,150,37,0.2902709176881561
146,1,10,150,37,0.0
147,1,10,150,37,0.0
148,1,10,150,37,0.2203623546044237
149,1,10,150,37,0.0
150,1,10,150,37,0.0
151,1,10,150,37,0.27217060235926493
152,1,10,150,37,0.05410832635034583
153,1,10,150,37,0.21315403751398063
154,1,10,150,37,0.07676676843437329
155,1,10,150,37,0.0
156,1,10,150,37,0.032014847745354055
157,1,10,150,37,0.027915669265958894
158,1,10,150,37,0.2842329291899423
159,1,10,150,37,0.0
160,1,10,150,37,0.20871010685886976
161,1,10,150,37,0.09235716777162616
162,1,10,150,37,0.0475858026939827
163,1,10,150,37,0.05010834716923557
164,1,10,150,37,0.08464679476489445
165,1,10,150,37,0.09627818061559096
166,1,10,150,37,0.0
167,1,10,150,37,0.1606298866119576
168,1,10,150,37,0.044682472154713174
169,1,10,150,37,0.11095894797669394
170,1,10,150,37,0.0
171,1,10,150,37,0.0
172,1,10,150,37,0.0
173,1,10,150,37,0.0
174,1,10,150,37,0.1278295424513019
175,1,10,150,37,0.07396201032668431
176,1,10,150,37,0.09885099943510027
177,1,10,150,37,0.17568925697981724
178,1,10,150,37,0.3842412828492152
179,1,10,150,37,0.0
180,1,10,150,37,0.1102559398937703
181,1,10,150,37,0.1307661383976819
182,1,10,150,37,0.04195229264874745
183,1,10,150,37,0.02831169742649504
184,1,10,150,37,0.2259451113173866
185,1,10,150,37,0.0
186,1,10,150,37,0.06666831099854445
187,1,10,150,37,0.14854033459794289
188,1,10,150,37,0.10163655939753992
189,1,10,150,37,0.2691389589780234
190,1,10,150,37,0.03175761494935955
191,1,10,150,37,0.0
192,1,10,150,37,0.0713524706714985
193,1,10,150,37,0.02130121596389316
194,1,10,150,37,0.12156139431856139
195,1,10,150,37,0.1263118747532974
196,1,10,150,37,0.07706308624591164
197,1,10,150,37,0.12233783402576973
198,1,10,150,37,0.03674765725162587
199,1,10,150,37,0.0
200,1,10,150,37,0.2499526104624563
201,1,10,150,37,0.08601087184116267
202,1,10,150,37,0.0
203,1,10,150,37,0.028335946945814334
204,1,10,150,37,0.027001973670935885
205,1,10,150,37,0.33118408514264214
206,1,10,150,37,0.0
207,1,10,150,37,0.1605895180899598
208,1,10,150,37,0.026258715116272383
209,1,10,150,37,0.03243822298569767
210,1,10,150,37,0.15456849077320026
211,1,10,150,37,0.0
212,1,10,150,37,0.0
213,1,10,150,37,0.32339034274164813
214,1,10,150,37,0.1859777252502375
215,1,10,150,37,0.17993452585757466
216,1,10,150,37,0.20737716132434494
217,1,10,150,37,0.06714716014270429
218,1,10,150,37,0.0383846381653829
219,1,10,150,37,0.0
220,1,10,150,37,0.0
221,1,10,150,37,0.08229446729248661
222,1,10,150,37,0.27586053310526215
223,1,10,150,37,0.11992018178955512
224,1,10,150,37,0.05993284758572256
225,1,10,150,37,0.10040564991079691
226,1,10,150,37,0.23814675809782818
227,1,10,150,37,0.08428605557054564
228,1,10,150,37,0.0
229,1,10,150,37,0.0
230,1,10,150,37,0.1656492328969031
231,1,10,150,37,0.0
232,1,10,150,37,0.07043095957094217
233,1,10,150,37,0.07736176521248996
234,1,10,150,37,0.29842274750923276
235,1,10,150,37,0.23812141862666328
236,1,10,150,37,0.13483542912281568
237,1,10,150,37,0.21765619961137353
238,1,10,150,37,0.0
239,1,10,150,37,0.13952265850714646
240,1,10,150,37,0.0
241,1,10,150,37,0.047978870624887156
242,1,10,150,37,0.0
243,1,10,150,37,0.12898989924507495
244,1,10,150,37,0.2544341042696082
245,1,10,150,37,0.10760552402297123
246,1,10,150,37,0.12503621442475205
247,1,10,150,37,0.08883649703748449
248,1,10,150,37,0.11674919654071472
249,1,10,150,37,0.2941710412163403
250,1,10,150,37,0.1001369334688428
251,1,10,150,37,0.1369922724163038
252,1,10,150,37,0.15744006533381547
253,1,10,150,37,0.21182699592391552
254,1,10,150,37,0.10040468304498178
255,1,10,150,37,0.06847316147390722
256,1,10,150,37,0.2421231961528647
257,1,10,150,37,0.14222480941686058
258,1,10,150,37,0.0
259,1,10,150,37,0.062479569258293385
260,1,10,150,37,0.0
261,1,10,150,37,0.0
262,1,10,150,37,0.0
263,1,10,150,37,0.23535357070957444
264,1,10,150,37,0.10129090650710192
265,1,10,150,37,0.2098491718391187
266,1,10,150,37,0.05919139647768146
267,1,10,150,37,0.10988968639767187
268,1,10,150,37,0.13739492937098718
269,1,10,150,37,0.49746218140700343
270,1,10,150,37,0.0765989824144819
271,1,10,150,37,0.27338400266948787
272,1,10,150,37,0.23321348468935416
273,1,10,150,37,0.0
274,1,10,150,37,0.16749962386359465
275,1,10,150,37,0.018234411428182194
276,1,10,150,37,0.5376292979980756
277,1,10,150,37,0.09982873474912346
278,1,10,150,37,0.044115283111570695
279,1,10,150,37,0.2565112483401162
280,1,10,150,37,0.3007408400574997
281,1,10,150,37,0.049432410190049694
282,1,10,150,37,0.0
283,1,10,150,37,0.07389019331410458
284,1,10,150,37,0.0
285,1,10,150,37,0.06473560181867054
286,1,10,150,37,0.2230620267837727
287,1,10,150,37,0.2433793935211444
288,1,10,150,37,0.15119258105595526
289,1,10,150,37,0.0
290,1,10,150,37,0.15525032341876452
291,1,10,150,37,0.19125172612466734
292,1,10,150,37,0.1705160302784014
293,1,10,150,37,0.29561093329846594
294,1,10,150,37,0.0
295,1,10,150,37,0.15692294400034837
296,1,10,150,37,0.24245827187875868
297,1,10,150,37,0.1887645421244892
298,1,10,150,37,0.1898744761862756
299,1,10,150,37,0.187828816733356
300,1,10,150,37,0.0
301,1,10,150,37,0.4668835810255472
302,1,10,150,37,0.13927874459665815
303,1,10,150,37,0.3383894424665135
304,1,10,150,37,0.0
305,1,10,150,37,0.274732905406533
306,1,10,150,37,0.05252809026007655
307,1,10,150,37,0.22138980403505054
308,1,10,150,37,0.4328426574641499
309,1,10,150,37,0.0
310,1,10,150,37,0.039396067695057414
311,1,10,150,37,0.40079523089683644
312,1,10,150,37,0.08725834709673219
313,1,10,150,37,0.33104667858956316
314,1,10,150,37,0.22395106474541102
315,1,10,150,37,0.26236244032782363
316,1,10,150,37,0.11577931451542922
317,1,10,150,37,0.0
318,1,10,150,37,0.09269671348713326
319,1,10,150,37,0.06591877139737895
320,1,10,150,37,0.31221011120103975
321,1,10,150,37,0.1966857871169572
322,1,10,150,37,0.14288427354002056
323,1,10,150,37,0.2122519573960593
324,1,10,150,37,0.0734773909038217
325,1,10,150,37,0.13377524706014016
326,1,10,150,37,0.28610402975507615
327,1,10,150,37,0.023239676952206675
328,1,10,150,37,0.24688842793160598
329,1,10,150,37,0.0
330,1,10,150,37,0.23299120927095765
331,1,10,150,37,0.07292595308580271
332,1,10,150,37,0.11505433346316137
333,1,10,150,37,0.0
334,1,10,150,37,0.16266087892585318
335,1,10,150,37,0.0
336,1,10,150,37,0.1428993379960548
337,1,10,150,37,0.03884210089598009
338,1,10,150,37,0.10602685554775755
339,1,10,150,37,0.38960963806461757
340,1,10,150,37,0.19897370622983218
341,1,10,150,37,0.0
342,1,10,150,37,0.11542360646009162
343,1,10,150,37,0.3294633209730091
344,1,10,150,37,0.29609702274955846
345,1,10,150,37,0.15252010947458222
346,1,10,150,37,0.14848934333855018
347,1,10,150,37,0.32899481960625365
348,1,10,150,37,0.1678077629308643
349,1,10,150,37,0.2259984658284476
350,1,10,150,37,0.0
351,1,10,150,37,0.0
352,1,10,150,37,0.11369404114489928
353,1,10,150,37,0.0
354,1,10,150,37,0.20676408451927106
355,1,10,150,37,0.0
356,1,10,150,37,0.0
357,1,10,150,37,0.048851099168414396
358,1,10,150,37,0.06323567569191428
359,1,10,150,37,0.13587623914185412
360,1,10,150,37,0.0947481858530086
361,1,10,150,37,0.15439156125566034
362,1,10,150,37,0.05276490902632437
363,1,10,150,37,0.14207578436086718
364,1,10,150,37,0.0
365,1,10,150,37,0.14456587527532935
366,1,10,150,37,0.07546506338406846
367,1,10,150,37,0.027299924755986534
368,1,10,150,37,0.042512356679180144
369,1,10,150,37,0.0
370,1,10,150,37,0.19811064503366002
371,1,10,150,37,0.098804715452931
372,1,10,150,37,0.09429424592561358
373,1,10,150,37,0.1521427197589951
374,1,10,150,37,0.12353546780652339
375,1,10,150,37,0.04282650856324445
376,1,10,150,37,0.0
377,1,10,150,37,0.0913219819219427
378,1,10,150,37,0.2542248871772652
379,1,10,150,37,0.16280174917651818
380,1,10,150,37,0.0
381,1,10,150,37,0.04367254932786902
382,1,10,150,37,0.0
383,1,10,150,37,0.0928464636084322
384,1,10,150,37,0.0
385,1,10,150,37,0.16144976821282714
386,1,10,150,37,0.14606834984270645
387,1,10,150,37,0.21841025420634574
388,1,10,150,37,0.04739418218477539
389,1,10,150,37,0.1047511376680603
390,1,10,150,37,0.05307577057513386
391,1,10,150,37,0.08907375584162422
392,1,10,150,37,0.10854637368152678
393,1,10,150,37,0.3434117376619146
394,1,10,150,37,0.08267830244963624
395,1,10,150,37,0.04720998255710776
396,1,10,150,37,0.0
397,1,10,150,37,0.08269242567753186
398,1,10,150,37,0.13524352543274876
399,1,10,150,37,0.0
400,1,10,150,37,0.0
401,1,10,150,37,0.0
402,1,10,150,37,0.11288598947105788
403,1,10,150,37,0.09224219235917257
404,1,10,150,37,0.05446824630887794
405,1,10,150,37,0.2681347840277381
406,1,10,150,37,0.191735166769314
407,1,10,150,37,0.03166377199493557
408,1,10,150,37,0.0
409,1,10,150,37,0.09121648500490634
410,1,10,150,37,0.0
411,1,10,150,37,0.0
412,1,10,150,37,0.15001451003751623
413,1,10,150,37,0.04935421935348238
414,1,10,150,37,0.1309019901681972
415,1,10,150,37,0.0
416,1,10,150,37,0.2590764034675961
417,1,10,150,37,0.17483619608540382
418,1,10,150,37,0.14436292983286242
419,1,10,150,37,0.0
420,1,10,150,37,0.19519002499605084
421,1,10,150,37,0.0
422,1,10,150,37,0.030480958763669998
423,1,10,150,37,0.0
424,1,10,150,37,0.0
425,1,10,150,37,0.0
426,1,10,150,37,0.07924130570330246
427,1,10,150,37,0.0
428,1,10,150,37,0.0
429,1,10,150,37,0.1722905278673391
430,1,10,150,37,0.0
431,1,10,150,37,0.0
432,1,10,150,37,0.0
433,1,10,150,37,0.20451415323992994
434,1,10,150,37,0.0
435,1,10,150,37,0.08127781909048552
436,1,10,150,37,0.09499424853799125
437,1,10,150,37,0.14945564650669343
438,1,10,150,37,0.0
439,1,10,150,37,0.18154179253735267
440,1,10,150,37,0.0
442,1,10,150,37,0.0733934381893728
444,1,10,150,37,0.0
445,1,10,150,37,0.0
446,1,10,150,37,0.0
447,1,10,150,37,0.0
448,1,10,150,37,0.0
449,1,10,150,37,0.04971883051739238
450,1,10,150,37,0.1354598305934349
451,1,10,150,37,0.05497526658285817
452,1,10,150,37,0.05780700008370542
453,1,10,150,37,0.1515771522786143
454,1,10,150,37,0.0
455,1,10,150,37,0.0
456,1,10,150,37,0.0
457,1,10,150,37,0.10536103181067501
458,1,10,150,37,0.0
459,1,10,150,37,0.0
460,1,10,150,37,0.0
462,1,10,150,37,0.0
1,1,10,150,38,0.8549059358037623
2,1,10,150,38,0.051115200127663074
3,1,10,150,38,0.0
4,1,10,150,38,0.0
5,1,10,150,38,0.05141894307845391
6,1,10,150,38,0.30345021841423886
7,1,10,150,38,0.2369180449237458
8,1,10,150,38,0.1763575923663448
9,1,10,150,38,0.0
10,1,10,150,38,0.3469480004128961
11,1,10,150,38,0.22692206054214253
12,1,10,150,38,0.05892795017083254
13,1,10,150,38,0.48336563745990385
14,1,10,150,38,0.34922242831241523
15,1,10,150,38,0.055466711844678655
16,1,10,150,38,0.27721116050376765
17,1,10,150,38,0.10122860821230018
18,1,10,150,38,0.263590734981862
19,1,10,150,38,0.13886244387355454
20,1,10,150,38,0.05692185311373096
21,1,10,150,38,0.06336167231523535
22,1,10,150,38,0.05579865108656802
23,1,10,150,38,0.0
24,1,10,150,38,0.12987294265280755
25,1,10,150,38,0.17085280125179103
26,1,10,150,38,0.0
27,1,10,150,38,0.0
28,1,10,150,38,0.20663429090712013
29,1,10,150,38,0.0
30,1,10,150,38,0.0
31,1,10,150,38,0.038437318942299493
32,1,10,150,38,0.11469999139467348
33,1,10,150,38,0.0
34,1,10,150,38,0.0
35,1,10,150,38,0.0
36,1,10,150,38,0.0
37,1,10,150,38,0.15133867332691472
38,1,10,150,38,0.16019698998322507
39,1,10,150,38,0.0993029104208021
40,1,10,150,38,0.3197267407502473
41,1,10,150,38,0.0
42,1,10,150,38,0.27322334240319723
43,1,10,150,38,0.3948961449833149
44,1,10,150,38,0.1109596393548862
45,1,10,150,38,0.04094516368001556
46,1,10,150,38,0.0
47,1,10,150,38,0.0
48,1,10,150,38,0.14139592812216276
49,1,10,150,38,0.10563460107505573
50,1,10,150,38,0.0
51,1,10,150,38,0.0
52,1,10,150,38,0.02753109834834184
53,1,10,150,38,0.1369821642818139
54,1,10,150,38,0.12836415432918194
55,1,10,150,38,0.0
56,1,10,150,38,0.3032846284648212
57,1,10,150,38,0.20908161872166217
58,1,10,150,38,0.17341627878759913
59,1,10,150,38,0.41811565601947065
60,1,10,150,38,0.26729993890899784
61,1,10,150,38,0.0
62,1,10,150,38,0.31281813634376143
63,1,10,150,38,0.02092514114271481
64,1,10,150,38,0.21720656015370698
65,1,10,150,38,0.21318164785015645
66,1,10,150,38,0.0
67,1,10,150,38,0.03314040476303028
68,1,10,150,38,0.0
69,1,10,150,38,0.23107329229551446
70,1,10,150,38,0.0
71,1,10,150,38,0.0
72,1,10,150,38,0.25604895345684076
73,1,10,150,38,0.15507073573085653
74,1,10,150,38,0.03272011597426011
75,1,10,150,38,0.10310690100385646
76,1,10,150,38,0.10235900919628077
77,1,10,150,38,0.3699500101255028
78,1,10,150,38,0.05658242244874664
79,1,10,150,38,0.3698571414087665
80,1,10,150,38,0.11856641546096264
81,1,10,150,38,0.034380101046999886
82,1,10,150,38,0.2716593259015033
83,1,10,150,38,0.14633727432252075
84,1,10,150,38,0.05683844068224461
85,1,10,150,38,0.06998567702720296
86,1,10,150,38,0.0
87,1,10,150,38,0.13415829100897217
88,1,10,150,38,0.0
89,1,10,150,38,0.0870847168332769
90,1,10,150,38,0.2824892196305385
91,1,10,150,38,0.08224429634775346
92,1,10,150,38,0.4276940476720863
93,1,10,150,38,0.0
94,1,10,150,38,0.5461847742140549
95,1,10,150,38,0.3123422791340317
96,1,10,150,38,0.27784897647879286
97,1,10,150,38,0.05941547545208985
98,1,10,150,38,0.19533769320769842
99,1,10,150,38,0.1972627262043137
100,1,10,150,38,0.0
101,1,10,150,38,0.022125646633235106
102,1,10,150,38,0.0
103,1,10,150,38,0.12130357238836831
104,1,10,150,38,0.01778115947623668
105,1,10,150,38,0.05200670101006268
106,1,10,150,38,0.31023153259588415
107,1,10,150,38,0.0
108,1,10,150,38,0.0
109,1,10,150,38,0.26222339687943463
110,1,10,150,38,0.0
111,1,10,150,38,0.038281751104512325
112,1,10,150,38,0.0
113,1,10,150,38,0.02769198719673247
114,1,10,150,38,0.0724337938054964
115,1,10,150,38,0.30822714758925124
116,1,10,150,38,0.04888590482166021
117,1,10,150,38,0.27382832501788246
118,1,10,150,38,0.10713028046710026
119,1,10,150,38,0.1156271652616814
120,1,10,150,38,0.12171775198765021
121,1,10,150,38,0.07974473440063089
122,1,10,150,38,0.024882317223511866
123,1,10,150,38,0.023786519936652924
124,1,10,150,38,0.18978688349077963
125,1,10,150,38,0.27728643717920753
126,1,10,150,38,0.0
127,1,10,150,38,0.0
128,1,10,150,38,0.2371447727309949
129,1,10,150,38,0.03443731487202246
130,1,10,150,38,0.3804734216881454
131,1,10,150,38,0.25372733625822586
132,1,10,150,38,0.06666588353700116
133,1,10,150,38,0.0
134,1,10,150,38,0.0
135,1,10,150,38,0.023639029246263633
136,1,10,150,38,0.2748136430911722
137,1,10,150,38,0.1176154775744913
138,1,10,150,38,0.024240213052394943
139,1,10,150,38,0.06016179456846956
140,1,10,150,38,0.039232819060514755
141,1,10,150,38,0.0933142360362706
142,1,10,150,38,0.04395738023645723
143,1,10,150,38,0.0
144,1,10,150,38,0.17682484530598108
145,1,10,150,38,0.28514615938102994
146,1,10,150,38,0.0
147,1,10,150,38,0.0
148,1,10,150,38,0.2203623546044237
149,1,10,150,38,0.0
150,1,10,150,38,0.0
151,1,10,150,38,0.26736540669410824
152,1,10,150,38,0.05410832635034583
153,1,10,150,38,0.21315403751398063
154,1,10,150,38,0.07676676843437329
155,1,10,150,38,0.0
156,1,10,150,38,0.032014847745354055
157,1,10,150,38,0.027915669265958894
158,1,10,150,38,0.29686985910119845
159,1,10,150,38,0.0
160,1,10,150,38,0.20502531176322306
161,1,10,150,38,0.09235716777162616
162,1,10,150,38,0.0475858026939827
163,1,10,150,38,0.05010834716923557
164,1,10,150,38,0.08464679476489445
165,1,10,150,38,0.09627818061559096
166,1,10,150,38,0.0
167,1,10,150,38,0.1606298866119576
168,1,10,150,38,0.044682472154713174
169,1,10,150,38,0.11095894797669394
170,1,10,150,38,0.0
171,1,10,150,38,0.0
172,1,10,150,38,0.0
173,1,10,150,38,0.0
174,1,10,150,38,0.12557270075737367
175,1,10,150,38,0.07396201032668431
176,1,10,150,38,0.09885099943510027
177,1,10,150,38,0.17258744786180072
178,1,10,150,38,0.37745746956917514
179,1,10,150,38,0.0
180,1,10,150,38,0.1102559398937703
181,1,10,150,38,0.12845745084681853
182,1,10,150,38,0.04195229264874745
183,1,10,150,38,0.02831169742649504
184,1,10,150,38,0.2219560307184742
185,1,10,150,38,0.0
186,1,10,150,38,0.06549127616731512
187,1,10,150,38,0.14854033459794289
188,1,10,150,38,0.11749724410447973
189,1,10,150,38,0.2820423742466385
190,1,10,150,38,0.03175761494935955
191,1,10,150,38,0.0
192,1,10,150,38,0.10363179610670267
193,1,10,150,38,0.02092514114271481
194,1,10,150,38,0.11941521732528382
195,1,10,150,38,0.12408182761462375
196,1,10,150,38,0.07706308624591164
197,1,10,150,38,0.1201779489219064
198,1,10,150,38,0.03609887416557791
199,1,10,150,38,0.02604446852700291
200,1,10,150,38,0.2455396753773387
201,1,10,150,38,0.08449234241533604
202,1,10,150,38,0.0
203,1,10,150,38,0.028335946945814334
204,1,10,150,38,0.027001973670935885
205,1,10,150,38,0.33118408514264214
206,1,10,150,38,0.0
207,1,10,150,38,0.15775429617581319
208,1,10,150,38,0.026258715116272383
209,1,10,150,38,0.03243822298569767
210,1,10,150,38,0.15183957062019718
211,1,10,150,38,0.0
212,1,10,150,38,0.0
213,1,10,150,38,0.3353359451097149
214,1,10,150,38,0.1826942723297472
215,1,10,150,38,0.17675776614815703
216,1,10,150,38,0.2037158994980847
217,1,10,150,38,0.06596167118817202
218,1,10,150,38,0.0383846381653829
219,1,10,150,38,0.0
220,1,10,150,38,0.0
221,1,10,150,38,0.08084155131231675
222,1,10,150,38,0.2709901913917384
223,1,10,150,38,0.11780298054627265
224,1,10,150,38,0.05887472794707303
225,1,10,150,38,0.10040564991079691
226,1,10,150,38,0.23814675809782818
227,1,10,150,38,0.08428605557054564
228,1,10,150,38,0.0
229,1,10,150,38,0.0
230,1,10,150,38,0.1627246812776138
231,1,10,150,38,0.0
232,1,10,150,38,0.06918749485179376
233,1,10,150,38,0.07599593651671761
234,1,10,150,38,0.29315406793735654
235,1,10,150,38,0.23391736426279253
236,1,10,150,38,0.15010998489625144
237,1,10,150,38,0.21765619961137353
238,1,10,150,38,0.0
239,1,10,150,38,0.13705937383187977
240,1,10,150,38,0.0
241,1,10,150,38,0.047978870624887156
242,1,10,150,38,0.0
243,1,10,150,38,0.12898989924507495
244,1,10,150,38,0.24994204802140807
245,1,10,150,38,0.10760552402297123
246,1,10,150,38,0.12282868918016913
247,1,10,150,38,0.08883649703748449
248,1,10,150,38,0.11674919654071472
249,1,10,150,38,0.30663251289509397
250,1,10,150,38,0.0983690071959259
251,1,10,150,38,0.1369922724163038
252,1,10,150,38,0.15744006533381547
253,1,10,150,38,0.20808717188063708
254,1,10,150,38,0.0986320296300023
255,1,10,150,38,0.06847316147390722
256,1,10,150,38,0.2555035770646943
257,1,10,150,38,0.14222480941686058
258,1,10,150,38,0.0
259,1,10,150,38,0.062479569258293385
260,1,10,150,38,0.0
261,1,10,150,38,0.0
262,1,10,150,38,0.0
263,1,10,150,38,0.24885346994760404
264,1,10,150,38,0.09950260673979185
265,1,10,150,38,0.2098491718391187
266,1,10,150,38,0.05919139647768146
267,1,10,150,38,0.10794957442324744
268,1,10,150,38,0.13496920993874484
269,1,10,150,38,0.4886794433120163
270,1,10,150,38,0.07524662071537516
271,1,10,150,38,0.2862124713223854
272,1,10,150,38,0.23321348468935416
273,1,10,150,38,0.0
274,1,10,150,38,0.16749962386359465
275,1,10,150,38,0.017912481307912533
276,1,10,150,38,0.5457924929709932
277,1,10,150,38,0.09982873474912346
278,1,10,150,38,0.044115283111570695
279,1,10,150,38,0.251982519932627
280,1,10,150,38,0.2954312343599956
281,1,10,150,38,0.049432410190049694
282,1,10,150,38,0.0
283,1,10,150,38,0.09715701748860986
284,1,10,150,38,0.0
285,1,10,150,38,0.06473560181867054
286,1,10,150,38,0.2191238472931472
287,1,10,150,38,0.2433793935211444
288,1,10,150,38,0.15119258105595526
289,1,10,150,38,0.0
290,1,10,150,38,0.1525093654510804
291,1,10,150,38,0.1878751602598687
292,1,10,150,38,0.1675055549279007
293,1,10,150,38,0.2903918965511258
294,1,10,150,38,0.0
295,1,10,150,38,0.17180754277687266
296,1,10,150,38,0.2381776499933895
297,1,10,150,38,0.18543188770961389
298,1,10,150,38,0.1865222257889684
299,1,10,150,38,0.18451268263167497
300,1,10,150,38,0.0
301,1,10,150,38,0.4586407107808196
302,1,10,150,38,0.13927874459665815
303,1,10,150,38,0.33241514741782
304,1,10,150,38,0.0
305,1,10,150,38,0.2698824720581408
306,1,10,150,38,0.05252809026007655
307,1,10,150,38,0.21748114778254732
308,1,10,150,38,0.4252007826866669
309,1,10,150,38,0.0
310,1,10,150,38,0.039396067695057414
311,1,10,150,38,0.39371915622372106
312,1,10,150,38,0.08571779338673052
313,1,10,150,38,0.34285710768208705
314,1,10,150,38,0.21999718921222108
315,1,10,150,38,0.25773040861670204
316,1,10,150,38,0.11577931451542922
317,1,10,150,38,0.0
318,1,10,150,38,0.091060144945338
319,1,10,150,38,0.06591877139737895
320,1,10,150,38,0.30669801452359985
321,1,10,150,38,0.19321328243254318
322,1,10,150,38,0.14288427354002056
323,1,10,150,38,0.2085046306210159
324,1,10,150,38,0.0734773909038217
325,1,10,150,38,0.13141343343403028
326,1,10,150,38,0.2810528382169532
327,1,10,150,38,0.02282937843362171
328,1,10,150,38,0.24252959125567314
329,1,10,150,38,0.0
330,1,10,150,38,0.2288777291996214
331,1,10,150,38,0.07292595308580271
332,1,10,150,38,0.11302303919543989
333,1,10,150,38,0.0
334,1,10,150,38,0.15978908695592783
335,1,10,150,38,0.0
336,1,10,150,38,0.14037643775061975
337,1,10,150,38,0.03884210089598009
338,1,10,150,38,0.10602685554775755
339,1,10,150,38,0.3827310460061699
340,1,10,150,38,0.19897370622983218
341,1,10,150,38,0.0
342,1,10,150,38,0.11338579264548035
343,1,10,150,38,0.341301704382015
344,1,10,150,38,0.308524491056771
345,1,10,150,38,0.14982735367162792
346,1,10,150,38,0.14586775106242877
347,1,10,150,38,0.34084147444765206
348,1,10,150,38,0.1678077629308643
349,1,10,150,38,0.2259984658284476
350,1,10,150,38,0.0
351,1,10,150,38,0.0
352,1,10,150,38,0.11369404114489928
353,1,10,150,38,0.0
354,1,10,150,38,0.20311364661734582
355,1,10,150,38,0.0
356,1,10,150,38,0.0
357,1,10,150,38,0.048851099168414396
358,1,10,150,38,0.06323567569191428
359,1,10,150,38,0.13587623914185412
360,1,10,150,38,0.0947481858530086
361,1,10,150,38,0.15166576480868335
362,1,10,150,38,0.05276490902632437
363,1,10,150,38,0.13956742402651556
364,1,10,150,38,0.0
365,1,10,150,38,0.14456587527532935
366,1,10,150,38,0.10645104516466335
367,1,10,150,38,0.027299924755986534
368,1,10,150,38,0.042512356679180144
369,1,10,150,38,0.0
370,1,10,150,38,0.19811064503366002
371,1,10,150,38,0.098804715452931
372,1,10,150,38,0.09429424592561358
373,1,10,150,38,0.1494566268043047
374,1,10,150,38,0.1390095253801639
375,1,10,150,38,0.04282650856324445
376,1,10,150,38,0.0
377,1,10,150,38,0.0913219819219427
378,1,10,150,38,0.24973652467503354
379,1,10,150,38,0.15992747013006076
380,1,10,150,38,0.0
381,1,10,150,38,0.04290150666970711
382,1,10,150,38,0.0
383,1,10,150,38,0.0928464636084322
384,1,10,150,38,0.0
385,1,10,150,38,0.17625444551401875
386,1,10,150,38,0.14606834984270645
387,1,10,150,38,0.21455420216530735
388,1,10,150,38,0.04739418218477539
389,1,10,150,38,0.10290174721854228
390,1,10,150,38,0.05307577057513386
391,1,10,150,38,0.08907375584162422
392,1,10,150,38,0.10854637368152678
393,1,10,150,38,0.337348773554576
394,1,10,150,38,0.10657019454040408
395,1,10,150,38,0.04720998255710776
396,1,10,150,38,0.0
397,1,10,150,38,0.08269242567753186
398,1,10,150,38,0.13285578922422128
399,1,10,150,38,0.0
400,1,10,150,38,0.0
401,1,10,150,38,0.0
402,1,10,150,38,0.11288598947105788
403,1,10,150,38,0.09224219235917257
404,1,10,150,38,0.05446824630887794
405,1,10,150,38,0.2634008410863654
406,1,10,150,38,0.2060051527239763
407,1,10,150,38,0.031104745345423533
408,1,10,150,38,0.0
409,1,10,150,38,0.08960605002575371
410,1,10,150,38,0.0
411,1,10,150,38,0.0
412,1,10,150,38,0.15001451003751623
413,1,10,150,38,0.04935421935348238
414,1,10,150,38,0.1309019901681972
415,1,10,150,38,0.0
416,1,10,150,38,0.2545023870231471
417,1,10,150,38,0.17174944783169968
418,1,10,150,38,0.14436292983286242
419,1,10,150,38,0.0
420,1,10,150,38,0.19519002499605084
421,1,10,150,38,0.0
422,1,10,150,38,0.030480958763669998
423,1,10,150,38,0.0
424,1,10,150,38,0.0
425,1,10,150,38,0.0
426,1,10,150,38,0.07924130570330246
427,1,10,150,38,0.0
428,1,10,150,38,0.0
429,1,10,150,38,0.16924872360751356
430,1,10,150,38,0.0
431,1,10,150,38,0.0
432,1,10,150,38,0.0
433,1,10,150,38,0.20451415323992994
434,1,10,150,38,0.0
435,1,10,150,38,0.08127781909048552
436,1,10,150,38,0.09499424853799125
437,1,10,150,38,0.14945564650669343
438,1,10,150,38,0.0
439,1,10,150,38,0.18154179253735267
440,1,10,150,38,0.0
442,1,10,150,38,0.0733934381893728
444,1,10,150,38,0.0
445,1,10,150,38,0.0
446,1,10,150,38,0.0
447,1,10,150,38,0.0
448,1,10,150,38,0.0
449,1,10,150,38,0.04971883051739238
450,1,10,150,38,0.13306827549847564
451,1,10,150,38,0.05497526658285817
452,1,10,150,38,0.05780700008370542
453,1,10,150,38,0.1515771522786143
454,1,10,150,38,0.0
455,1,10,150,38,0.0
456,1,10,150,38,0.0
457,1,10,150,38,0.10536103181067501
458,1,10,150,38,0.0
459,1,10,150,38,0.0
460,1,10,150,38,0.0
462,1,10,150,38,0.0
1,1,10,150,39,0.8401743892897958
2,1,10,150,39,0.07621704950089137
3,1,10,150,39,0.0
4,1,10,150,39,0.0
5,1,10,150,39,0.06776467817873606
6,1,10,150,39,0.2982212326041921
7,1,10,150,39,0.250067301285623
8,1,10,150,39,0.1763575923663448
9,1,10,150,39,0.0
10,1,10,150,39,0.34096947062153965
11,1,10,150,39,0.22301179071020044
12,1,10,150,39,0.05892795017083254
13,1,10,150,39,0.49226816442074106
14,1,10,150,39,0.34320470609182047
15,1,10,150,39,0.054510921960323214
16,1,10,150,39,0.27243432022915615
17,1,10,150,39,0.10122860821230018
18,1,10,150,39,0.2590485988117755
19,1,10,150,39,0.13886244387355454
20,1,10,150,39,0.05692185311373096
21,1,10,150,39,0.062269838250430296
22,1,10,150,39,0.05483714129996731
23,1,10,150,39,0.0
24,1,10,150,39,0.12987294265280755
25,1,10,150,39,0.17085280125179103
26,1,10,150,39,0.0
27,1,10,150,39,0.0
28,1,10,150,39,0.20307361535160795
29,1,10,150,39,0.0
30,1,10,150,39,0.0
31,1,10,150,39,0.038437318942299493
32,1,10,150,39,0.11469999139467348
33,1,10,150,39,0.0
34,1,10,150,39,0.0
35,1,10,150,39,0.0
36,1,10,150,39,0.0
37,1,10,150,39,0.15133867332691472
38,1,10,150,39,0.15743651153700103
39,1,10,150,39,0.0993029104208021
40,1,10,150,39,0.3197267407502473
41,1,10,150,39,0.0
42,1,10,150,39,0.28574699405685694
43,1,10,150,39,0.3880913835652785
44,1,10,150,39,0.10904760784373214
45,1,10,150,39,0.04094516368001556
46,1,10,150,39,0.0
47,1,10,150,39,0.0
48,1,10,150,39,0.14139592812216276
49,1,10,150,39,0.10381432942404842
50,1,10,150,39,0.0
51,1,10,150,39,0.0
52,1,10,150,39,0.02753109834834184
53,1,10,150,39,0.1369821642818139
54,1,10,150,39,0.12836415432918194
55,1,10,150,39,0.0
56,1,10,150,39,0.29805849606348284
57,1,10,150,39,0.20547877136452256
58,1,10,150,39,0.1704280085344085
59,1,10,150,39,0.4109107812175693
60,1,10,150,39,0.2626938865723556
61,1,10,150,39,0.0
62,1,10,150,39,0.30742772468212315
63,1,10,150,39,0.020564563824035417
64,1,10,150,39,0.21346370563599376
65,1,10,150,39,0.21318164785015645
66,1,10,150,39,0.0
67,1,10,150,39,0.03314040476303028
68,1,10,150,39,0.0
69,1,10,150,39,0.23107329229551446
70,1,10,150,39,0.0
71,1,10,150,39,0.0
72,1,10,150,39,0.25163677556716973
73,1,10,150,39,0.15507073573085653
74,1,10,150,39,0.03272011597426011
75,1,10,150,39,0.10310690100385646
76,1,10,150,39,0.10235900919628077
77,1,10,150,39,0.3892093845905575
78,1,10,150,39,0.05658242244874664
79,1,10,150,39,0.3698571414087665
80,1,10,150,39,0.11856641546096264
81,1,10,150,39,0.034380101046999886
82,1,10,150,39,0.26697815359017973
83,1,10,150,39,0.14381562337459222
84,1,10,150,39,0.05683844068224461
85,1,10,150,39,0.0687796996052912
86,1,10,150,39,0.0
87,1,10,150,39,0.1318465055581263
88,1,10,150,39,0.0
89,1,10,150,39,0.0870847168332769
90,1,10,150,39,0.27762142902996345
91,1,10,150,39,0.08082708115902482
92,1,10,150,39,0.42032412018280735
93,1,10,150,39,0.0
94,1,10,150,39,0.5540048159606668
95,1,10,150,39,0.3069600673366423
96,1,10,150,39,0.27784897647879286
97,1,10,150,39,0.08087540905826017
98,1,10,150,39,0.19533769320769842
99,1,10,150,39,0.19386353934076886
100,1,10,150,39,0.0
101,1,10,150,39,0.022125646633235106
102,1,10,150,39,0.017231774745038005
103,1,10,150,39,0.12130357238836831
104,1,10,150,39,0.017474758541436573
105,1,10,150,39,0.05200670101006268
106,1,10,150,39,0.31023153259588415
107,1,10,150,39,0.0
108,1,10,150,39,0.0
109,1,10,150,39,0.2577048223715295
110,1,10,150,39,0.0
111,1,10,150,39,0.038281751104512325
112,1,10,150,39,0.0
113,1,10,150,39,0.02769198719673247
114,1,10,150,39,0.0724337938054964
115,1,10,150,39,0.30291584681168765
116,1,10,150,39,0.04804351392156599
117,1,10,150,39,0.2863415517474012
118,1,10,150,39,0.10713028046710026
119,1,10,150,39,0.11363470399548481
120,1,10,150,39,0.12171775198765021
121,1,10,150,39,0.07974473440063089
122,1,10,150,39,0.024882317223511866
123,1,10,150,39,0.023786519936652924
124,1,10,150,39,0.18978688349077963
125,1,10,150,39,0.2725082997538813
126,1,10,150,39,0.0
127,1,10,150,39,0.03689601443280025
128,1,10,150,39,0.23305834742533116
129,1,10,150,39,0.03443731487202246
130,1,10,150,39,0.3739171893891414
131,1,10,150,39,0.25372733625822586
132,1,10,150,39,0.06666588353700116
133,1,10,150,39,0.0
134,1,10,150,39,0.0
135,1,10,150,39,0.023639029246263633
136,1,10,150,39,0.2748136430911722
137,1,10,150,39,0.14200665098341927
138,1,10,150,39,0.024240213052394943
139,1,10,150,39,0.06016179456846956
140,1,10,150,39,0.039232819060514755
141,1,10,150,39,0.09170626614038828
142,1,10,150,39,0.04395738023645723
143,1,10,150,39,0.0
144,1,10,150,39,0.1737778394023422
145,1,10,150,39,0.28023258499316334
146,1,10,150,39,0.0
147,1,10,150,39,0.0
148,1,10,150,39,0.2203623546044237
149,1,10,150,39,0.0
150,1,10,150,39,0.0
151,1,10,150,39,0.2627582262313399
152,1,10,150,39,0.05410832635034583
153,1,10,150,39,0.21315403751398063
154,1,10,150,39,0.07676676843437329
155,1,10,150,39,0.0
156,1,10,150,39,0.032014847745354055
157,1,10,150,39,0.027915669265958894
158,1,10,150,39,0.2917542645605754
159,1,10,150,39,0.0
160,1,10,150,39,0.201492361773888
161,1,10,150,39,0.09235716777162616
162,1,10,150,39,0.0475858026939827
163,1,10,150,39,0.05010834716923557
164,1,10,150,39,0.08464679476489445
165,1,10,150,39,0.09627818061559096
166,1,10,150,39,0.0
167,1,10,150,39,0.1606298866119576
168,1,10,150,39,0.044682472154713174
169,1,10,150,39,0.11095894797669394
170,1,10,150,39,0.0
171,1,10,150,39,0.0
172,1,10,150,39,0.0
173,1,10,150,39,0.0
174,1,10,150,39,0.12340886026379652
175,1,10,150,39,0.07396201032668431
176,1,10,150,39,0.09885099943510027
177,1,10,150,39,0.16961345983642517
178,1,10,150,39,0.3709532074777271
179,1,10,150,39,0.0
180,1,10,150,39,0.1102559398937703
181,1,10,150,39,0.12624390098950436
182,1,10,150,39,0.04195229264874745
183,1,10,150,39,0.02831169742649504
184,1,10,150,39,0.2181313343938307
185,1,10,150,39,0.0
186,1,10,150,39,0.06436274524863486
187,1,10,150,39,0.14854033459794289
188,1,10,150,39,0.11547255806090857
189,1,10,150,39,0.2771822835850647
190,1,10,150,39,0.03175761494935955
191,1,10,150,39,0.0
192,1,10,150,39,0.10363179610670267
193,1,10,150,39,0.020564563824035417
194,1,10,150,39,0.11735748119920476
195,1,10,150,39,0.12194367751121592
196,1,10,150,39,0.07706308624591164
197,1,10,150,39,0.11810706957676342
198,1,10,150,39,0.035476826497407195
199,1,10,150,39,0.02604446852700291
200,1,10,150,39,0.24130859100026664
201,1,10,150,39,0.08303638940315435
202,1,10,150,39,0.0
203,1,10,150,39,0.028335946945814334
204,1,10,150,39,0.027001973670935885
205,1,10,150,39,0.33118408514264214
206,1,10,150,39,0.0
207,1,10,150,39,0.15503590967904957
208,1,10,150,39,0.026258715116272383
209,1,10,150,39,0.03243822298569767
210,1,10,150,39,0.14922310534188662
211,1,10,150,39,0.0
212,1,10,150,39,0.047528395396896204
213,1,10,150,39,0.32955751163966984
214,1,10,150,39,0.17954612578175236
215,1,10,150,39,0.17371191613745587
216,1,10,150,39,0.20020551300595088
217,1,10,150,39,0.06482503452845118
218,1,10,150,39,0.0383846381653829
219,1,10,150,39,0.0
220,1,10,150,39,0.0
221,1,10,150,39,0.07944850791006347
222,1,10,150,39,0.2663205494555612
223,1,10,150,39,0.11577302612120519
224,1,10,150,39,0.05786021189691368
225,1,10,150,39,0.10040564991079691
226,1,10,150,39,0.23814675809782818
227,1,10,150,39,0.08428605557054564
228,1,10,150,39,0.0
229,1,10,150,39,0.0
230,1,10,150,39,0.15992064622437988
231,1,10,150,39,0.0
232,1,10,150,39,0.08522704627037217
233,1,10,150,39,0.07468639165712333
234,1,10,150,39,0.2881025030730684
235,1,10,150,39,0.22988655293286306
236,1,10,150,39,0.14752332344953814
237,1,10,150,39,0.24352191769087017
238,1,10,150,39,0.0
239,1,10,150,39,0.15192937232035086
240,1,10,150,39,0.0
241,1,10,150,39,0.047978870624887156
242,1,10,150,39,0.0
243,1,10,150,39,0.12898989924507495
244,1,10,150,39,0.24563510295058968
245,1,10,150,39,0.10760552402297123
246,1,10,150,39,0.12071213287598816
247,1,10,150,39,0.08883649703748449
248,1,10,150,39,0.1352712391738193
249,1,10,150,39,0.30134869050338076
250,1,10,150,39,0.09667393462203266
251,1,10,150,39,0.1369922724163038
252,1,10,150,39,0.15744006533381547
253,1,10,150,39,0.2045014606074579
254,1,10,150,39,0.09693242471277218
255,1,10,150,39,0.06847316147390722
256,1,10,150,39,0.251100796978164
257,1,10,150,39,0.14222480941686058
258,1,10,150,39,0.0
259,1,10,150,39,0.062479569258293385
260,1,10,150,39,0.0
261,1,10,150,39,0.0
262,1,10,150,39,0.0
263,1,10,150,39,0.2445652830089458
264,1,10,150,39,0.09778800023390764
265,1,10,150,39,0.2098491718391187
266,1,10,150,39,0.05919139647768146
267,1,10,150,39,0.12332118641800133
268,1,10,150,39,0.13264345091556465
269,1,10,150,39,0.49749040396737104
270,1,10,150,39,0.07394998789688251
271,1,10,150,39,0.2812805224873374
272,1,10,150,39,0.23321348468935416
273,1,10,150,39,0.0
274,1,10,150,39,0.16749962386359465
275,1,10,150,39,0.01760381746488988
276,1,10,150,39,0.5363875196745843
277,1,10,150,39,0.09982873474912346
278,1,10,150,39,0.044115283111570695
279,1,10,150,39,0.2476404139094609
280,1,10,150,39,0.2903404298768556
281,1,10,150,39,0.049432410190049694
282,1,10,150,39,0.0
283,1,10,150,39,0.09715701748860986
284,1,10,150,39,0.0
285,1,10,150,39,0.06473560181867054
286,1,10,150,39,0.2325797292603636
287,1,10,150,39,0.2433793935211444
288,1,10,150,39,0.15119258105595526
289,1,10,150,39,0.0
290,1,10,150,39,0.14988135841911868
291,1,10,150,39,0.1846377378180827
292,1,10,150,39,0.16461913693684052
293,1,10,150,39,0.2853879288019724
294,1,10,150,39,0.0
295,1,10,150,39,0.16884699390024308
296,1,10,150,39,0.23407342637940087
297,1,10,150,39,0.18223656719005463
298,1,10,150,39,0.1833081168092298
299,1,10,150,39,0.18133320164696323
300,1,10,150,39,0.0
301,1,10,150,39,0.45073751736374035
302,1,10,150,39,0.13927874459665815
303,1,10,150,39,0.32668704447567753
304,1,10,150,39,0.0
305,1,10,150,39,0.2652319180920009
306,1,10,150,39,0.05252809026007655
307,1,10,150,39,0.21373356163266613
308,1,10,150,39,0.43510559332303433
309,1,10,150,39,0.0
310,1,10,150,39,0.06900643972011666
311,1,10,150,39,0.40416645115590544
312,1,10,150,39,0.08424072367944868
313,1,10,150,39,0.33694907123277407
314,1,10,150,39,0.21620624720317455
315,1,10,150,39,0.25328925627047244
316,1,10,150,39,0.11577931451542922
317,1,10,150,39,0.0
318,1,10,150,39,0.08949101703938941
319,1,10,150,39,0.06591877139737895
320,1,10,150,39,0.3014130634225788
321,1,10,150,39,0.18988387467191617
322,1,10,150,39,0.14288427354002056
323,1,10,150,39,0.20491172579285719
324,1,10,150,39,0.0734773909038217
325,1,10,150,39,0.12914894675062302
326,1,10,150,39,0.27620979901734505
327,1,10,150,39,0.022435987726884307
328,1,10,150,39,0.23835037597014924
329,1,10,150,39,0.0
330,1,10,150,39,0.22493375972589771
331,1,10,150,39,0.07292595308580271
332,1,10,150,39,0.11107545164302447
333,1,10,150,39,0.0
334,1,10,150,39,0.15703563740278798
335,1,10,150,39,0.0
336,1,10,150,39,0.1379575025957902
337,1,10,150,39,0.03884210089598009
338,1,10,150,39,0.10602685554775755
339,1,10,150,39,0.37613591083345876
340,1,10,150,39,0.22858407825489144
341,1,10,150,39,0.0
342,1,10,150,39,0.12866372895236383
343,1,10,150,39,0.33542047029200656
344,1,10,150,39,0.3032080665235532
345,1,10,150,39,0.14724556246251327
346,1,10,150,39,0.14335419083355572
347,1,10,150,39,0.33496817093620346
348,1,10,150,39,0.1678077629308643
349,1,10,150,39,0.2259984658284476
350,1,10,150,39,0.0
351,1,10,150,39,0.0
352,1,10,150,39,0.11369404114489928
353,1,10,150,39,0.0
354,1,10,150,39,0.19961363801119245
355,1,10,150,39,0.0
356,1,10,150,39,0.0
357,1,10,150,39,0.048851099168414396
358,1,10,150,39,0.06323567569191428
359,1,10,150,39,0.13587623914185412
360,1,10,150,39,0.11400756031806328
361,1,10,150,39,0.1662840692580042
362,1,10,150,39,0.05276490902632437
363,1,10,150,39,0.13716242961394542
364,1,10,150,39,0.0
365,1,10,150,39,0.14456587527532935
366,1,10,150,39,0.10645104516466335
367,1,10,150,39,0.027299924755986534
368,1,10,150,39,0.042512356679180144
369,1,10,150,39,0.0
370,1,10,150,39,0.19811064503366002
371,1,10,150,39,0.098804715452931
372,1,10,150,39,0.09429424592561358
373,1,10,150,39,0.1641129986220977
374,1,10,150,39,0.13661414455139825
375,1,10,150,39,0.04282650856324445
376,1,10,150,39,0.0
377,1,10,150,39,0.0913219819219427
378,1,10,150,39,0.2454331211362247
379,1,10,150,39,0.15717163598923575
380,1,10,150,39,0.0
381,1,10,150,39,0.060435421892258714
382,1,10,150,39,0.0
383,1,10,150,39,0.0928464636084322
384,1,10,150,39,0.0
385,1,10,150,39,0.19044904335614762
386,1,10,150,39,0.14606834984270645
387,1,10,150,39,0.2108570524829934
388,1,10,150,39,0.04739418218477539
389,1,10,150,39,0.10112856748960151
390,1,10,150,39,0.05307577057513386
391,1,10,150,39,0.08907375584162422
392,1,10,150,39,0.10854637368152678
393,1,10,150,39,0.3487674302232067
394,1,10,150,39,0.10657019454040408
395,1,10,150,39,0.04720998255710776
396,1,10,150,39,0.0
397,1,10,150,39,0.08269242567753186
398,1,10,150,39,0.14779822293577324
399,1,10,150,39,0.0
400,1,10,150,39,0.0
401,1,10,150,39,0.017231774745038005
402,1,10,150,39,0.11288598947105788
403,1,10,150,39,0.09224219235917257
404,1,10,150,39,0.05446824630887794
405,1,10,150,39,0.25886197712511155
406,1,10,150,39,0.2024553183359196
407,1,10,150,39,0.031104745345423533
408,1,10,150,39,0.0
409,1,10,150,39,0.0880619787559173
410,1,10,150,39,0.0
411,1,10,150,39,0.0
412,1,10,150,39,0.15001451003751623
413,1,10,150,39,0.04935421935348238
414,1,10,150,39,0.1309019901681972
415,1,10,150,39,0.0
416,1,10,150,39,0.25011685921788973
417,1,10,150,39,0.16878990003407918
418,1,10,150,39,0.14436292983286242
419,1,10,150,39,0.0
420,1,10,150,39,0.19519002499605084
421,1,10,150,39,0.0
422,1,10,150,39,0.030480958763669998
423,1,10,150,39,0.0
424,1,10,150,39,0.0
425,1,10,150,39,0.0
426,1,10,150,39,0.07924130570330246
427,1,10,150,39,0.0
428,1,10,150,39,0.0
429,1,10,150,39,0.16633226772642368
430,1,10,150,39,0.0
431,1,10,150,39,0.0
432,1,10,150,39,0.0
433,1,10,150,39,0.20451415323992994
434,1,10,150,39,0.0
435,1,10,150,39,0.08127781909048552
436,1,10,150,39,0.09499424853799125
437,1,10,150,39,0.14945564650669343
438,1,10,150,39,0.0
439,1,10,150,39,0.18154179253735267
440,1,10,150,39,0.0
442,1,10,150,39,0.0733934381893728
444,1,10,150,39,0.0
445,1,10,150,39,0.0
446,1,10,150,39,0.0
447,1,10,150,39,0.0
448,1,10,150,39,0.0
449,1,10,150,39,0.04971883051739238
450,1,10,150,39,0.13077527294937522
451,1,10,150,39,0.05497526658285817
452,1,10,150,39,0.05780700008370542
453,1,10,150,39,0.1515771522786143
454,1,10,150,39,0.0
455,1,10,150,39,0.0
456,1,10,150,39,0.0
457,1,10,150,39,0.10536103181067501
458,1,10,150,39,0.0
459,1,10,150,39,0.0
460,1,10,150,39,0.0
462,1,10,150,39,0.0
1,1,10,150,40,0.8260349867656016
2,1,10,150,40,0.1011519894320134
3,1,10,150,40,0.0
4,1,10,150,40,0.0
5,1,10,150,40,0.06662425772090522
6,1,10,150,40,0.2932024292428847
7,1,10,150,40,0.2626880148283687
8,1,10,150,40,0.1763575923663448
9,1,10,150,40,0.0
10,1,10,150,40,0.3352312516814757
11,1,10,150,40,0.21925869668985268
12,1,10,150,40,0.05892795017083254
13,1,10,150,40,0.4839837203632702
14,1,10,150,40,0.33742887008742617
15,1,10,150,40,0.05359355066528354
16,1,10,150,40,0.2678494881225962
17,1,10,150,40,0.10122860821230018
18,1,10,150,40,0.2546890367272607
19,1,10,150,40,0.13886244387355454
20,1,10,150,40,0.05692185311373096
21,1,10,150,40,0.06122189115829915
22,1,10,150,40,0.05391428001783305
23,1,10,150,40,0.0
24,1,10,150,40,0.12987294265280755
25,1,10,150,40,0.17085280125179103
26,1,10,150,40,0.0
27,1,10,150,40,0.0
28,1,10,150,40,0.19965606344083509
29,1,10,150,40,0.0
30,1,10,150,40,0.0
31,1,10,150,40,0.038437318942299493
32,1,10,150,40,0.11469999139467348
33,1,10,150,40,0.0
34,1,10,150,40,0.0
35,1,10,150,40,0.0
36,1,10,150,40,0.0
37,1,10,150,40,0.15133867332691472
38,1,10,150,40,0.15478699229789603
39,1,10,150,40,0.0993029104208021
40,1,10,150,40,0.3197267407502473
41,1,10,150,40,0.0
42,1,10,150,40,0.29776724947511907
43,1,10,150,40,0.3815601439103309
44,1,10,150,40,0.10721243166928775
45,1,10,150,40,0.04094516368001556
46,1,10,150,40,0.0
47,1,10,150,40,0.0
48,1,10,150,40,0.14139592812216276
49,1,10,150,40,0.10206722476313783
50,1,10,150,40,0.0
51,1,10,150,40,0.0
52,1,10,150,40,0.02753109834834184
53,1,10,150,40,0.1369821642818139
54,1,10,150,40,0.12836415432918194
55,1,10,150,40,0.0
56,1,10,150,40,0.29304243141628505
57,1,10,150,40,0.20202074277482018
58,1,10,150,40,0.16755985372656942
59,1,10,150,40,0.4039955109936369
60,1,10,150,40,0.25827297747272054
61,1,10,150,40,0.0
62,1,10,150,40,0.3022539840851834
63,1,10,150,40,0.020218480142660283
64,1,10,150,40,0.2098712975636116
65,1,10,150,40,0.21318164785015645
66,1,10,150,40,0.0
67,1,10,150,40,0.03314040476303028
68,1,10,150,40,0.0
69,1,10,150,40,0.23107329229551446
70,1,10,150,40,0.0
71,1,10,150,40,0.0
72,1,10,150,40,0.24740194800637952
73,1,10,150,40,0.15507073573085653
74,1,10,150,40,0.03272011597426011
75,1,10,150,40,0.10310690100385646
76,1,10,150,40,0.10235900919628077
77,1,10,150,40,0.3892093845905575
78,1,10,150,40,0.05658242244874664
79,1,10,150,40,0.3698571414087665
80,1,10,150,40,0.11856641546096264
81,1,10,150,40,0.034380101046999886
82,1,10,150,40,0.2624851440115747
83,1,10,150,40,0.14139533180883743
84,1,10,150,40,0.05683844068224461
85,1,10,150,40,0.0676221972217272
86,1,10,150,40,0.0
87,1,10,150,40,0.12962764381078049
88,1,10,150,40,0.0
89,1,10,150,40,0.0870847168332769
90,1,10,150,40,0.27294930240430565
91,1,10,150,40,0.09629596006619676
92,1,10,150,40,0.4300795598900686
93,1,10,150,40,0.0
94,1,10,150,40,0.5446813978785808
95,1,10,150,40,0.30179419700513244
96,1,10,150,40,0.27784897647879286
97,1,10,150,40,0.08087540905826017
98,1,10,150,40,0.19533769320769842
99,1,10,150,40,0.19060098498009478
100,1,10,150,40,0.0
101,1,10,150,40,0.022125646633235106
102,1,10,150,40,0.016941778998402247
103,1,10,150,40,0.12130357238836831
104,1,10,150,40,0.017180673589335935
105,1,10,150,40,0.05200670101006268
106,1,10,150,40,0.31023153259588415
107,1,10,150,40,0.0
108,1,10,150,40,0.0
109,1,10,150,40,0.27019700309264044
110,1,10,150,40,0.0
111,1,10,150,40,0.038281751104512325
112,1,10,150,40,0.0
113,1,10,150,40,0.02769198719673247
114,1,10,150,40,0.0724337938054964
115,1,10,150,40,0.2978180371859407
116,1,10,150,40,0.04723498346565913
117,1,10,150,40,0.28152267305844086
118,1,10,150,40,0.10713028046710026
119,1,10,150,40,0.11172233099174687
120,1,10,150,40,0.12171775198765021
121,1,10,150,40,0.10106197471386547
122,1,10,150,40,0.024882317223511866
123,1,10,150,40,0.023786519936652924
124,1,10,150,40,0.18978688349077963
125,1,10,150,40,0.2679222226364141
126,1,10,150,40,0.0
127,1,10,150,40,0.03689601443280025
128,1,10,150,40,0.24596530683347317
129,1,10,150,40,0.03443731487202246
130,1,10,150,40,0.3844536172850081
131,1,10,150,40,0.25372733625822586
132,1,10,150,40,0.06666588353700116
133,1,10,150,40,0.0
134,1,10,150,40,0.0
135,1,10,150,40,0.023639029246263633
136,1,10,150,40,0.2748136430911722
137,1,10,150,40,0.14200665098341927
138,1,10,150,40,0.024240213052394943
139,1,10,150,40,0.06016179456846956
140,1,10,150,40,0.039232819060514755
141,1,10,150,40,0.0901629296289696
142,1,10,150,40,0.04395738023645723
143,1,10,150,40,0.0
144,1,10,150,40,0.17085330986131264
145,1,10,150,40,0.2923456431086138
146,1,10,150,40,0.0
147,1,10,150,40,0.0
148,1,10,150,40,0.2203623546044237
149,1,10,150,40,0.0
150,1,10,150,40,0.0
151,1,10,150,40,0.25833623435133424
152,1,10,150,40,0.05410832635034583
153,1,10,150,40,0.21315403751398063
154,1,10,150,40,0.07676676843437329
155,1,10,150,40,0.0
156,1,10,150,40,0.032014847745354055
157,1,10,150,40,0.027915669265958894
158,1,10,150,40,0.30367342285328053
159,1,10,150,40,0.0
160,1,10,150,40,0.1981014209823223
161,1,10,150,40,0.09235716777162616
162,1,10,150,40,0.0475858026939827
163,1,10,150,40,0.05010834716923557
164,1,10,150,40,0.08464679476489445
165,1,10,150,40,0.09627818061559096
166,1,10,150,40,0.0
167,1,10,150,40,0.1606298866119576
168,1,10,150,40,0.044682472154713174
169,1,10,150,40,0.11095894797669394
170,1,10,150,40,0.0
171,1,10,150,40,0.0
172,1,10,150,40,0.0
173,1,10,150,40,0.0
174,1,10,150,40,0.13816112495059496
175,1,10,150,40,0.07396201032668431
176,1,10,150,40,0.09885099943510027
177,1,10,150,40,0.16675901317306557
178,1,10,150,40,0.3647103883856072
179,1,10,150,40,0.0
180,1,10,150,40,0.1102559398937703
181,1,10,150,40,0.12411932619280767
182,1,10,150,40,0.04195229264874745
183,1,10,150,40,0.02831169742649504
184,1,10,150,40,0.21446037419860134
185,1,10,150,40,0.0
186,1,10,150,40,0.06327957635627922
187,1,10,150,40,0.14854033459794289
188,1,10,150,40,0.11352925557545468
189,1,10,150,40,0.2893466756140205
190,1,10,150,40,0.03175761494935955
191,1,10,150,40,0.0
192,1,10,150,40,0.10363179610670267
193,1,10,150,40,0.020218480142660283
194,1,10,150,40,0.11538245710057236
195,1,10,150,40,0.11989147172680835
196,1,10,150,40,0.07706308624591164
197,1,10,150,40,0.11611943055921316
198,1,10,150,40,0.03487978243545732
199,1,10,150,40,0.02604446852700291
200,1,10,150,40,0.23724757778182867
201,1,10,150,40,0.08163895935899483
202,1,10,150,40,0.0
203,1,10,150,40,0.028335946945814334
204,1,10,150,40,0.027001973670935885
205,1,10,150,40,0.33118408514264214
206,1,10,150,40,0.019938129083614663
207,1,10,150,40,0.15242679047641627
208,1,10,150,40,0.026258715116272383
209,1,10,150,40,0.03243822298569767
210,1,10,150,40,0.146711810568759
211,1,10,150,40,0.0
212,1,10,150,40,0.047528395396896204
213,1,10,150,40,0.32401134602054876
214,1,10,150,40,0.17652452100963623
215,1,10,150,40,0.1876176242471181
216,1,10,150,40,0.19683622875730006
217,1,10,150,40,0.06482503452845118
218,1,10,150,40,0.0383846381653829
219,1,10,150,40,0.0
220,1,10,150,40,0.0
221,1,10,150,40,0.07811145878358797
222,1,10,150,40,0.2618386067812554
223,1,10,150,40,0.11382466702023866
224,1,10,150,40,0.05688647497208646
225,1,10,150,40,0.10040564991079691
226,1,10,150,40,0.23814675809782818
227,1,10,150,40,0.08428605557054564
228,1,10,150,40,0.0
229,1,10,150,40,0.0
230,1,10,150,40,0.15722932116410618
231,1,10,150,40,0.0
232,1,10,150,40,0.08379274938090907
233,1,10,150,40,0.07342948479566526
234,1,10,150,40,0.2832539891084599
235,1,10,150,40,0.2428468908772051
236,1,10,150,40,0.14504063452382224
237,1,10,150,40,0.24352191769087017
238,1,10,150,40,0.0
239,1,10,150,40,0.14937253343324616
240,1,10,150,40,0.0
241,1,10,150,40,0.047978870624887156
242,1,10,150,40,0.0
243,1,10,150,40,0.12898989924507495
244,1,10,150,40,0.25833040652741035
245,1,10,150,40,0.10760552402297123
246,1,10,150,40,0.11868065291415503
247,1,10,150,40,0.08883649703748449
248,1,10,150,40,0.1352712391738193
249,1,10,150,40,0.3131063829717008
250,1,10,150,40,0.09504699658078386
251,1,10,150,40,0.1369922724163038
252,1,10,150,40,0.15744006533381547
253,1,10,150,40,0.20105987930579658
254,1,10,150,40,0.11213026472825716
255,1,10,150,40,0.06847316147390722
256,1,10,150,40,0.24687498946977113
257,1,10,150,40,0.14222480941686058
258,1,10,150,40,0.0
259,1,10,150,40,0.062479569258293385
260,1,10,150,40,0.0
261,1,10,150,40,0.0
262,1,10,150,40,0.0
263,1,10,150,40,0.240449462503122
264,1,10,150,40,0.09614231343963153
265,1,10,150,40,0.2098491718391187
266,1,10,150,40,0.05919139647768146
267,1,10,150,40,0.13807492657919215
268,1,10,150,40,0.13041117727261448
269,1,10,150,40,0.5059472023905908
270,1,10,150,40,0.08953460228834129
271,1,10,150,40,0.2765468165087179
272,1,10,150,40,0.23321348468935416
273,1,10,150,40,0.0
274,1,10,150,40,0.16749962386359465
275,1,10,150,40,0.01730756056361856
276,1,10,150,40,0.5441897135501941
277,1,10,150,40,0.09982873474912346
278,1,10,150,40,0.044115283111570695
279,1,10,150,40,0.24347284163142022
280,1,10,150,40,0.28545425355512005
281,1,10,150,40,0.049432410190049694
282,1,10,150,40,0.0
283,1,10,150,40,0.09715701748860986
284,1,10,150,40,0.0
285,1,10,150,40,0.06473560181867054
286,1,10,150,40,0.22866561517535774
287,1,10,150,40,0.2433793935211444
288,1,10,150,40,0.15119258105595526
289,1,10,150,40,0.0
290,1,10,150,40,0.14735898582055335
291,1,10,150,40,0.18153044565416265
292,1,10,150,40,0.16184874037392816
293,1,10,150,40,0.2805850987558338
294,1,10,150,40,0.0
295,1,10,150,40,0.16600544619039945
296,1,10,150,40,0.24696330289367183
297,1,10,150,40,0.17916968463451083
298,1,10,150,40,0.1802232010077512
299,1,10,150,40,0.1782815219459733
300,1,10,150,40,0.0
301,1,10,150,40,0.4431519978906353
302,1,10,150,40,0.13927874459665815
303,1,10,150,40,0.33801831453612385
304,1,10,150,40,0.0
305,1,10,150,40,0.26076829613449637
306,1,10,150,40,0.05252809026007655
307,1,10,150,40,0.2269657403387295
308,1,10,150,40,0.4277831455039296
309,1,10,150,40,0.0
310,1,10,150,40,0.06900643972011666
311,1,10,150,40,0.39736468212733617
312,1,10,150,40,0.08282302573933413
313,1,10,150,40,0.3312785121095177
314,1,10,150,40,0.2125676845471107
315,1,10,150,40,0.24902661890004588
316,1,10,150,40,0.11577931451542922
317,1,10,150,40,0.0
318,1,10,150,40,0.08798496123912984
319,1,10,150,40,0.06591877139737895
320,1,10,150,40,0.29634054433117346
321,1,10,150,40,0.1866882945982253
322,1,10,150,40,0.14288427354002056
323,1,10,150,40,0.20146324008578675
324,1,10,150,40,0.0734773909038217
325,1,10,150,40,0.12697548256632862
326,1,10,150,40,0.27156142889416823
327,1,10,150,40,0.02205840961269488
328,1,10,150,40,0.25116827515136864
329,1,10,150,40,0.021317240313234582
330,1,10,150,40,0.237977448862165
331,1,10,150,40,0.07292595308580271
332,1,10,150,40,0.10920614862527243
333,1,10,150,40,0.0
334,1,10,150,40,0.15439286452588757
335,1,10,150,40,0.0
336,1,10,150,40,0.13563579809574788
337,1,10,150,40,0.03884210089598009
338,1,10,150,40,0.10602685554775755
339,1,10,150,40,0.36980587136204107
340,1,10,150,40,0.25799756236935184
341,1,10,150,40,0.0
342,1,10,150,40,0.1264984305606108
343,1,10,150,40,0.329775636189979
344,1,10,150,40,0.29810533909480696
345,1,10,150,40,0.1447675480120624
346,1,10,150,40,0.14094166477519873
347,1,10,150,40,0.3293309486380284
348,1,10,150,40,0.1678077629308643
349,1,10,150,40,0.2259984658284476
350,1,10,150,40,0.0
351,1,10,150,40,0.0
352,1,10,150,40,0.11369404114489928
353,1,10,150,40,0.0
354,1,10,150,40,0.1962543145027184
355,1,10,150,40,0.0
356,1,10,150,40,0.0
357,1,10,150,40,0.048851099168414396
358,1,10,150,40,0.06323567569191428
359,1,10,150,40,0.13587623914185412
360,1,10,150,40,0.13313887364310067
361,1,10,150,40,0.16348565333558202
362,1,10,150,40,0.05276490902632437
363,1,10,150,40,0.1348541054990585
364,1,10,150,40,0.0
365,1,10,150,40,0.14456587527532935
366,1,10,150,40,0.10645104516466335
367,1,10,150,40,0.027299924755986534
368,1,10,150,40,0.042512356679180144
369,1,10,150,40,0.0
370,1,10,150,40,0.19811064503366002
371,1,10,150,40,0.098804715452931
372,1,10,150,40,0.09429424592561358
373,1,10,150,40,0.16135111992578102
374,1,10,150,40,0.13431504759612983
375,1,10,150,40,0.04282650856324445
376,1,10,150,40,0.0
377,1,10,150,40,0.0913219819219427
378,1,10,150,40,0.2581318238908974
379,1,10,150,40,0.15452657437468634
380,1,10,150,40,0.0
381,1,10,150,40,0.060435421892258714
382,1,10,150,40,0.0
383,1,10,150,40,0.0928464636084322
384,1,10,150,40,0.0
385,1,10,150,40,0.1872439519862041
386,1,10,150,40,0.14606834984270645
387,1,10,150,40,0.20730851211074716
388,1,10,150,40,0.04739418218477539
389,1,10,150,40,0.09942666186065308
390,1,10,150,40,0.05307577057513386
391,1,10,150,40,0.08907375584162422
392,1,10,150,40,0.12891975796820207
393,1,10,150,40,0.3597271066407693
394,1,10,150,40,0.10657019454040408
395,1,10,150,40,0.04720998255710776
396,1,10,150,40,0.0
397,1,10,150,40,0.08269242567753186
398,1,10,150,40,0.14531090769135596
399,1,10,150,40,0.0
400,1,10,150,40,0.0
401,1,10,150,40,0.016941778998402247
402,1,10,150,40,0.11288598947105788
403,1,10,150,40,0.09224219235917257
404,1,10,150,40,0.05446824630887794
405,1,10,150,40,0.27133468394050453
406,1,10,150,40,0.19904817182490153
407,1,10,150,40,0.031104745345423533
408,1,10,150,40,0.0
409,1,10,150,40,0.10340910064377536
410,1,10,150,40,0.0
411,1,10,150,40,0.0
412,1,10,150,40,0.15001451003751623
413,1,10,150,40,0.04935421935348238
414,1,10,150,40,0.1309019901681972
415,1,10,150,40,0.0
416,1,10,150,40,0.2459076105242246
417,1,10,150,40,0.16594931316422976
418,1,10,150,40,0.14436292983286242
419,1,10,150,40,0.0
420,1,10,150,40,0.19519002499605084
421,1,10,150,40,0.0
422,1,10,150,40,0.030480958763669998
423,1,10,150,40,0.0
424,1,10,150,40,0.0
425,1,10,150,40,0.0
426,1,10,150,40,0.07924130570330246
427,1,10,150,40,0.0
428,1,10,150,40,0.0
429,1,10,150,40,0.16353304066579646
430,1,10,150,40,0.0
431,1,10,150,40,0.0
432,1,10,150,40,0.0
433,1,10,150,40,0.20451415323992994
434,1,10,150,40,0.0
435,1,10,150,40,0.08127781909048552
436,1,10,150,40,0.09499424853799125
437,1,10,150,40,0.14945564650669343
438,1,10,150,40,0.0
439,1,10,150,40,0.18154179253735267
440,1,10,150,40,0.0
442,1,10,150,40,0.0733934381893728
444,1,10,150,40,0.0
445,1,10,150,40,0.0
446,1,10,150,40,0.0
447,1,10,150,40,0.0
448,1,10,150,40,0.0
449,1,10,150,40,0.04971883051739238
450,1,10,150,40,0.12857443911295513
451,1,10,150,40,0.05497526658285817
452,1,10,150,40,0.05780700008370542
453,1,10,150,40,0.1515771522786143
454,1,10,150,40,0.0
455,1,10,150,40,0.0
456,1,10,150,40,0.0
457,1,10,150,40,0.10536103181067501
458,1,10,150,40,0.0
459,1,10,150,40,0.0
460,1,10,150,40,0.0
462,1,10,150,40,0.0
1,1,10,150,41,0.8124503080079102
2,1,10,150,41,0.1011519894320134
3,1,10,150,41,0.0
4,1,10,150,41,0.0
5,1,10,150,41,0.06552857878101914
6,1,10,150,41,0.2883805259626916
7,1,10,150,41,0.2583679407974709
8,1,10,150,41,0.1763575923663448
9,1,10,150,41,0.0
10,1,10,150,41,0.32971815727676634
11,1,10,150,41,0.2156528458396066
12,1,10,150,41,0.05892795017083254
13,1,10,150,41,0.47602429555630005
14,1,10,150,41,0.3318796344289501
15,1,10,150,41,0.05271217011732071
16,1,10,150,41,0.2634445303304269
17,1,10,150,41,0.10122860821230018
18,1,10,150,41,0.26694615679222317
19,1,10,150,41,0.13886244387355454
20,1,10,150,41,0.05692185311373096
21,1,10,150,41,0.06021505762503642
22,1,10,150,41,0.05302762486856113
23,1,10,150,41,0.0
24,1,10,150,41,0.12987294265280755
25,1,10,150,41,0.17085280125179103
26,1,10,150,41,0.0
27,1,10,150,41,0.0
28,1,10,150,41,0.19965606344083509
29,1,10,150,41,0.0
30,1,10,150,41,0.0
31,1,10,150,41,0.038437318942299493
32,1,10,150,41,0.11469999139467348
33,1,10,150,41,0.0
34,1,10,150,41,0.0
35,1,10,150,41,0.0
36,1,10,150,41,0.0
37,1,10,150,41,0.15133867332691472
38,1,10,150,41,0.1522414202580608
39,1,10,150,41,0.0993029104208021
40,1,10,150,41,0.3197267407502473
41,1,10,150,41,0.0
42,1,10,150,41,0.3093159205143005
43,1,10,150,41,0.39173078669245676
44,1,10,150,41,0.10544925399958512
45,1,10,150,41,0.04094516368001556
46,1,10,150,41,0.0
47,1,10,150,41,0.0
48,1,10,150,41,0.14139592812216276
49,1,10,150,41,0.10038866334345092
50,1,10,150,41,0.0
51,1,10,150,41,0.0
52,1,10,150,41,0.02753109834834184
53,1,10,150,41,0.1369821642818139
54,1,10,150,41,0.12836415432918194
55,1,10,150,41,0.0
56,1,10,150,41,0.28822315940366666
57,1,10,150,41,0.19869838120787012
58,1,10,150,41,0.16480422373264625
59,1,10,150,41,0.39735154394099764
60,1,10,150,41,0.2540255115820839
61,1,10,150,41,0.0
62,1,10,150,41,0.29728322214069597
63,1,10,150,41,0.019885974180918566
64,1,10,150,41,0.20641982855377586
65,1,10,150,41,0.21318164785015645
66,1,10,150,41,0.0
67,1,10,150,41,0.03314040476303028
68,1,10,150,41,0.0
69,1,10,150,41,0.23107329229551446
70,1,10,150,41,0.0
71,1,10,150,41,0.0
72,1,10,150,41,0.24333326321512935
73,1,10,150,41,0.15507073573085653
74,1,10,150,41,0.03272011597426011
75,1,10,150,41,0.10310690100385646
76,1,10,150,41,0.10235900919628077
77,1,10,150,41,0.3892093845905575
78,1,10,150,41,0.05658242244874664
79,1,10,150,41,0.3698571414087665
80,1,10,150,41,0.11856641546096264
81,1,10,150,41,0.034380101046999886
82,1,10,150,41,0.25816840632226
83,1,10,150,41,0.13906999427321887
84,1,10,150,41,0.05683844068224461
85,1,10,150,41,0.06651010652234489
86,1,10,150,41,0.0
87,1,10,150,41,0.12749583350310692
88,1,10,150,41,0.0
89,1,10,150,41,0.10502550496736138
90,1,10,150,41,0.26846047487314123
91,1,10,150,41,0.09471231082116305
92,1,10,150,41,0.4394522695456856
93,1,10,150,41,0.0
94,1,10,150,41,0.5357237605702104
95,1,10,150,41,0.2968309965560775
96,1,10,150,41,0.27784897647879286
97,1,10,150,41,0.08087540905826017
98,1,10,150,41,0.19533769320769842
99,1,10,150,41,0.18746642870422497
100,1,10,150,41,0.022805505402617214
101,1,10,150,41,0.022125646633235106
102,1,10,150,41,0.01666316050286096
103,1,10,150,41,0.12130357238836831
104,1,10,150,41,0.01689812631798396
105,1,10,150,41,0.05200670101006268
106,1,10,150,41,0.31023153259588415
107,1,10,150,41,0.0
108,1,10,150,41,0.030371612799527287
109,1,10,150,41,0.2657534389009144
110,1,10,150,41,0.0
111,1,10,150,41,0.038281751104512325
112,1,10,150,41,0.0
113,1,10,150,41,0.02769198719673247
114,1,10,150,41,0.0724337938054964
115,1,10,150,41,0.29292022725266087
116,1,10,150,41,0.04645817366124835
117,1,10,150,41,0.2768928509107372
118,1,10,150,41,0.10713028046710026
119,1,10,150,41,0.1263306308512445
120,1,10,150,41,0.12171775198765021
121,1,10,150,41,0.12224177824150011
122,1,10,150,41,0.024882317223511866
123,1,10,150,41,0.023786519936652924
124,1,10,150,41,0.18978688349077963
125,1,10,150,41,0.2635160686781978
126,1,10,150,41,0.0
127,1,10,150,41,0.03689601443280025
128,1,10,150,41,0.241920248534002
129,1,10,150,41,0.03443731487202246
130,1,10,150,41,0.3781310292933069
131,1,10,150,41,0.25372733625822586
132,1,10,150,41,0.06666588353700116
133,1,10,150,41,0.0
134,1,10,150,41,0.0
135,1,10,150,41,0.023639029246263633
136,1,10,150,41,0.2748136430911722
137,1,10,150,41,0.14200665098341927
138,1,10,150,41,0.024240213052394943
139,1,10,150,41,0.06016179456846956
140,1,10,150,41,0.039232819060514755
141,1,10,150,41,0.08868014202979319
142,1,10,150,41,0.04395738023645723
143,1,10,150,41,0.0
144,1,10,150,41,0.1680435168545512
145,1,10,150,41,0.3039834759654175
146,1,10,150,41,0.0
147,1,10,150,41,0.0
148,1,10,150,41,0.2203623546044237
149,1,10,150,41,0.0
150,1,10,150,41,0.0
151,1,10,150,41,0.25408772816048153
152,1,10,150,41,0.07204911448443031
153,1,10,150,41,0.21315403751398063
154,1,10,150,41,0.07676676843437329
155,1,10,150,41,0.0
156,1,10,150,41,0.032014847745354055
157,1,10,150,41,0.027915669265958894
158,1,10,150,41,0.2986793173216694
159,1,10,150,41,0.0
160,1,10,150,41,0.1948435151930961
161,1,10,150,41,0.09235716777162616
162,1,10,150,41,0.0475858026939827
163,1,10,150,41,0.05010834716923557
164,1,10,150,41,0.08464679476489445
165,1,10,150,41,0.13269256804942683
166,1,10,150,41,0.0
167,1,10,150,41,0.1606298866119576
168,1,10,150,41,0.044682472154713174
169,1,10,150,41,0.11095894797669394
170,1,10,150,41,0.0
171,1,10,150,41,0.0
172,1,10,150,41,0.0
173,1,10,150,41,0.0
174,1,10,150,41,0.13588897603520322
175,1,10,150,41,0.07396201032668431
176,1,10,150,41,0.09885099943510027
177,1,10,150,41,0.16401655351917616
178,1,10,150,41,0.35871249054206555
179,1,10,150,41,0.0
180,1,10,150,41,0.1102559398937703
181,1,10,150,41,0.12207810372527934
182,1,10,150,41,0.04195229264874745
183,1,10,150,41,0.02831169742649504
184,1,10,150,41,0.21093343486017233
185,1,10,150,41,0.0
186,1,10,150,41,0.06223890286121478
187,1,10,150,41,0.14854033459794289
188,1,10,150,41,0.11166219365761604
189,1,10,150,41,0.28458818269205205
190,1,10,150,41,0.03175761494935955
191,1,10,150,41,0.0
192,1,10,150,41,0.10363179610670267
193,1,10,150,41,0.019885974180918566
194,1,10,150,41,0.11348491808697467
195,1,10,150,41,0.11791977905605021
196,1,10,150,41,0.07706308624591164
197,1,10,150,41,0.13065541727695934
198,1,10,150,41,0.03430616189018335
199,1,10,150,41,0.02604446852700291
200,1,10,150,41,0.23334588816596122
201,1,10,150,41,0.08029635395514058
202,1,10,150,41,0.0
203,1,10,150,41,0.028335946945814334
204,1,10,150,41,0.027001973670935885
205,1,10,150,41,0.33118408514264214
206,1,10,150,41,0.03974771280526578
207,1,10,150,41,0.149920033479602
208,1,10,150,41,0.026258715116272383
209,1,10,150,41,0.03243822298569767
210,1,10,150,41,0.14429904010689307
211,1,10,150,41,0.0
212,1,10,150,41,0.047528395396896204
213,1,10,150,41,0.3186827702095276
214,1,10,150,41,0.17362146127343678
215,1,10,150,41,0.20097777700072617
216,1,10,150,41,0.1935991298711942
217,1,10,150,41,0.06482503452845118
218,1,10,150,41,0.0383846381653829
219,1,10,150,41,0.0
220,1,10,150,41,0.0
221,1,10,150,41,0.07682686540452956
222,1,10,150,41,0.2575325018141856
223,1,10,150,41,0.11195274687043281
224,1,10,150,41,0.055950940157539264
225,1,10,150,41,0.10040564991079691
226,1,10,150,41,0.23814675809782818
227,1,10,150,41,0.08428605557054564
228,1,10,150,41,0.0
229,1,10,150,41,0.0
230,1,10,150,41,0.1710892291847284
231,1,10,150,41,0.0
232,1,10,150,41,0.09886036924512655
233,1,10,150,41,0.07222188950215627
234,1,10,150,41,0.27859569435034093
235,1,10,150,41,0.25529876267756885
236,1,10,150,41,0.1426553476311534
237,1,10,150,41,0.24352191769087017
238,1,10,150,41,0.0
239,1,10,150,41,0.1469160056657498
240,1,10,150,41,0.0
241,1,10,150,41,0.047978870624887156
242,1,10,150,41,0.0
243,1,10,150,41,0.12898989924507495
244,1,10,150,41,0.2540819961788853
245,1,10,150,41,0.10760552402297123
246,1,10,150,41,0.11672887294063997
247,1,10,150,41,0.08883649703748449
248,1,10,150,41,0.1352712391738193
249,1,10,150,41,0.32440279205550393
250,1,10,150,41,0.09348388734676816
251,1,10,150,41,0.1369922724163038
252,1,10,150,41,0.15744006533381547
253,1,10,150,41,0.1977533197590585
254,1,10,150,41,0.1102862101182791
255,1,10,150,41,0.06847316147390722
256,1,10,150,41,0.24281497085193143
257,1,10,150,41,0.14222480941686058
258,1,10,150,41,0.0
259,1,10,150,41,0.062479569258293385
260,1,10,150,41,0.0
261,1,10,150,41,0.0
262,1,10,150,41,0.0
263,1,10,150,41,0.23649511582544142
264,1,10,150,41,0.09456119101258682
265,1,10,150,41,0.2098491718391187
266,1,10,150,41,0.05919139647768146
267,1,10,150,41,0.1358041952516795
268,1,10,150,41,0.1282664812512055
269,1,10,150,41,0.49762657393907556
270,1,10,150,41,0.08806214793801494
271,1,10,150,41,0.2719988255350629
272,1,10,150,41,0.23321348468935416
273,1,10,150,41,0.0
274,1,10,150,41,0.16749962386359465
275,1,10,150,41,0.017022926554039055
276,1,10,150,41,0.5352401623081021
277,1,10,150,41,0.09982873474912346
278,1,10,150,41,0.044115283111570695
279,1,10,150,41,0.23946877353167073
280,1,10,150,41,0.28075977402738633
281,1,10,150,41,0.049432410190049694
282,1,10,150,41,0.0
283,1,10,150,41,0.11996252289122708
284,1,10,150,41,0.0
285,1,10,150,41,0.06473560181867054
286,1,10,150,41,0.22490506147623388
287,1,10,150,41,0.2433793935211444
288,1,10,150,41,0.15119258105595526
289,1,10,150,41,0.0
290,1,10,150,41,0.14493557214376745
291,1,10,150,41,0.19499070599044077
292,1,10,150,41,0.17563267906272068
293,1,10,150,41,0.2759706956229618
294,1,10,150,41,0.0
295,1,10,150,41,0.1797210251679065
296,1,10,150,41,0.24290183190454895
297,1,10,150,41,0.17622312347442357
298,1,10,150,41,0.1772593140906128
299,1,10,150,41,0.17534956719481745
300,1,10,150,41,0.0
301,1,10,150,41,0.43586407712623104
302,1,10,150,41,0.13927874459665815
303,1,10,150,41,0.3489050308188249
304,1,10,150,41,0.0
305,1,10,150,41,0.25647979311715036
306,1,10,150,41,0.05252809026007655
307,1,10,150,41,0.23967878791472527
308,1,10,150,41,0.4371936211770036
309,1,10,150,41,0.0
310,1,10,150,41,0.06900643972011666
311,1,10,150,41,0.39082976333716657
312,1,10,150,41,0.09790659333502254
313,1,10,150,41,0.32583042305949445
314,1,10,150,41,0.20907187171217784
315,1,10,150,41,0.24493121534684126
316,1,10,150,41,0.11577931451542922
317,1,10,150,41,0.0
318,1,10,150,41,0.08653799173651641
319,1,10,150,41,0.06591877139737895
320,1,10,150,41,0.2914670327219603
321,1,10,150,41,0.18361808504224944
322,1,10,150,41,0.14288427354002056
323,1,10,150,41,0.19815004701055725
324,1,10,150,41,0.0734773909038217
325,1,10,150,41,0.12488728876291544
326,1,10,150,41,0.2670954258390776
327,1,10,150,41,0.021695644822710185
328,1,10,150,41,0.247037650678167
329,1,10,150,41,0.04249704384086923
330,1,10,150,41,0.23406375604507754
331,1,10,150,41,0.07292595308580271
332,1,10,150,41,0.12385582872857566
333,1,10,150,41,0.0
334,1,10,150,41,0.15185377417176543
335,1,10,150,41,0.0
336,1,10,150,41,0.13340517981117794
337,1,10,150,41,0.03884210089598009
338,1,10,150,41,0.10602685554775755
339,1,10,150,41,0.3637241750106164
340,1,10,150,41,0.25799756236935184
341,1,10,150,41,0.0
342,1,10,150,41,0.12441808218548117
343,1,10,150,41,0.3243522629049133
344,1,10,150,41,0.30964845003187613
345,1,10,150,41,0.14238675220342117
346,1,10,150,41,0.13862378808689738
347,1,10,150,41,0.32391488852690514
348,1,10,150,41,0.1678077629308643
349,1,10,150,41,0.2259984658284476
350,1,10,150,41,0.0
351,1,10,150,41,0.0
352,1,10,150,41,0.11369404114489928
353,1,10,150,41,0.0
354,1,10,150,41,0.193026785572292
355,1,10,150,41,0.0
356,1,10,150,41,0.0
357,1,10,150,41,0.048851099168414396
358,1,10,150,41,0.06323567569191428
359,1,10,150,41,0.13587623914185412
360,1,10,150,41,0.13313887364310067
361,1,10,150,41,0.16079702619794553
362,1,10,150,41,0.05276490902632437
363,1,10,150,41,0.14908198838976935
364,1,10,150,41,0.0
365,1,10,150,41,0.14456587527532935
366,1,10,150,41,0.10645104516466335
367,1,10,150,41,0.027299924755986534
368,1,10,150,41,0.042512356679180144
369,1,10,150,41,0.0
370,1,10,150,41,0.19811064503366002
371,1,10,150,41,0.098804715452931
372,1,10,150,41,0.09429424592561358
373,1,10,150,41,0.15869759656841326
374,1,10,150,41,0.14855179564214332
375,1,10,150,41,0.04282650856324445
376,1,10,150,41,0.0
377,1,10,150,41,0.0913219819219427
378,1,10,150,41,0.2538866793620617
379,1,10,150,41,0.15198528507575948
380,1,10,150,41,0.0
381,1,10,150,41,0.07774045583593632
382,1,10,150,41,0.0
383,1,10,150,41,0.0928464636084322
384,1,10,150,41,0.0561173220664886
385,1,10,150,41,0.1841646042856751
386,1,10,150,41,0.14606834984270645
387,1,10,150,41,0.20389918976256602
388,1,10,150,41,0.04739418218477539
389,1,10,150,41,0.09779152620300344
390,1,10,150,41,0.05307577057513386
391,1,10,150,41,0.08907375584162422
392,1,10,150,41,0.12891975796820207
393,1,10,150,41,0.35381116208340474
394,1,10,150,41,0.10657019454040408
395,1,10,150,41,0.04720998255710776
396,1,10,150,41,0.0
397,1,10,150,41,0.08269242567753186
398,1,10,150,41,0.142921175981922
399,1,10,150,41,0.0
400,1,10,150,41,0.0
401,1,10,150,41,0.016941778998402247
402,1,10,150,41,0.11288598947105788
403,1,10,150,41,0.09224219235917257
404,1,10,150,41,0.05446824630887794
405,1,10,150,41,0.28331805558835554
406,1,10,150,41,0.19577469610671824
407,1,10,150,41,0.031104745345423533
408,1,10,150,41,0.0
409,1,10,150,41,0.1181541169444955
410,1,10,150,41,0.0
411,1,10,150,41,0.0
412,1,10,150,41,0.15001451003751623
413,1,10,150,41,0.04935421935348238
414,1,10,150,41,0.1309019901681972
415,1,10,150,41,0.0
416,1,10,150,41,0.24186350107781562
417,1,10,150,41,0.1632201695498379
418,1,10,150,41,0.14436292983286242
419,1,10,150,41,0.0
420,1,10,150,41,0.19519002499605084
421,1,10,150,41,0.0
422,1,10,150,41,0.030480958763669998
423,1,10,150,41,0.0
424,1,10,150,41,0.0
425,1,10,150,41,0.0
426,1,10,150,41,0.11229023146606223
427,1,10,150,41,0.0
428,1,10,150,41,0.0
429,1,10,150,41,0.16084363421291492
430,1,10,150,41,0.0
431,1,10,150,41,0.0
432,1,10,150,41,0.0
433,1,10,150,41,0.20451415323992994
434,1,10,150,41,0.0
435,1,10,150,41,0.08127781909048552
436,1,10,150,41,0.09499424853799125
437,1,10,150,41,0.14945564650669343
438,1,10,150,41,0.0
439,1,10,150,41,0.18154179253735267
440,1,10,150,41,0.0
442,1,10,150,41,0.0733934381893728
444,1,10,150,41,0.0
445,1,10,150,41,0.0
446,1,10,150,41,0.0
447,1,10,150,41,0.0
448,1,10,150,41,0.0
449,1,10,150,41,0.04971883051739238
450,1,10,150,41,0.12645994943662925
451,1,10,150,41,0.05497526658285817
452,1,10,150,41,0.05780700008370542
453,1,10,150,41,0.1515771522786143
454,1,10,150,41,0.0
455,1,10,150,41,0.0
456,1,10,150,41,0.0
457,1,10,150,41,0.10536103181067501
458,1,10,150,41,0.0
459,1,10,150,41,0.0
460,1,10,150,41,0.0
462,1,10,150,41,0.0
1,1,10,150,42,0.7993861323805189
2,1,10,150,42,0.1011519894320134
3,1,10,150,42,0.0
4,1,10,150,42,0.0
5,1,10,150,42,0.06447488127685098
6,1,10,150,42,0.28374337609449385
7,1,10,150,42,0.27029336119158975
8,1,10,150,42,0.1763575923663448
9,1,10,150,42,0.0
10,1,10,150,42,0.32441629958559837
11,1,10,150,42,0.21218515480074995
12,1,10,150,42,0.05892795017083254
13,1,10,150,42,0.4844498085505937
14,1,10,150,42,0.3265430202525517
15,1,10,150,42,0.05186456006495687
16,1,10,150,42,0.25920835049470115
17,1,10,150,42,0.10122860821230018
18,1,10,150,42,0.26265367091214303
19,1,10,150,42,0.13886244387355454
20,1,10,150,42,0.05692185311373096
21,1,10,150,42,0.05924680137542552
22,1,10,150,42,0.0682549111420307
23,1,10,150,42,0.0
24,1,10,150,42,0.12987294265280755
25,1,10,150,42,0.17085280125179103
26,1,10,150,42,0.0
27,1,10,150,42,0.0
28,1,10,150,42,0.19965606344083509
29,1,10,150,42,0.0
30,1,10,150,42,0.0
31,1,10,150,42,0.038437318942299493
32,1,10,150,42,0.11469999139467348
33,1,10,150,42,0.0
34,1,10,150,42,0.0
35,1,10,150,42,0.0
36,1,10,150,42,0.0
37,1,10,150,42,0.15133867332691472
38,1,10,150,42,0.14979338296591982
39,1,10,150,42,0.0993029104208021
40,1,10,150,42,0.3197267407502473
41,1,10,150,42,0.0
42,1,10,150,42,0.30434213015430267
43,1,10,150,42,0.4015117366817175
44,1,10,150,42,0.10375363328229374
45,1,10,150,42,0.04094516368001556
46,1,10,150,42,0.0
47,1,10,150,42,0.0
48,1,10,150,42,0.14139592812216276
49,1,10,150,42,0.09877441676616348
50,1,10,150,42,0.0
51,1,10,150,42,0.0
52,1,10,150,42,0.02753109834834184
53,1,10,150,42,0.1369821642818139
54,1,10,150,42,0.12836415432918194
55,1,10,150,42,0.0
56,1,10,150,42,0.28358853998483274
57,1,10,150,42,0.195503317431794
58,1,10,150,42,0.16215417695223663
59,1,10,150,42,0.40704211232890986
60,1,10,150,42,0.2499407892742256
61,1,10,150,42,0.0
62,1,10,150,42,0.2925029171954672
63,1,10,150,42,0.019566208335967027
64,1,10,150,42,0.20310060414506745
65,1,10,150,42,0.21318164785015645
66,1,10,150,42,0.0
67,1,10,150,42,0.03314040476303028
68,1,10,150,42,0.0
69,1,10,150,42,0.23107329229551446
70,1,10,150,42,0.0
71,1,10,150,42,0.0
72,1,10,150,42,0.2555004407561173
73,1,10,150,42,0.15507073573085653
74,1,10,150,42,0.03272011597426011
75,1,10,150,42,0.10310690100385646
76,1,10,150,42,0.10235900919628077
77,1,10,150,42,0.3892093845905575
78,1,10,150,42,0.05658242244874664
79,1,10,150,42,0.3698571414087665
80,1,10,150,42,0.11856641546096264
81,1,10,150,42,0.034380101046999886
82,1,10,150,42,0.2540170663961204
83,1,10,150,42,0.1368337531003397
84,1,10,150,42,0.05683844068224461
85,1,10,150,42,0.06544062608269201
86,1,10,150,42,0.0
87,1,10,150,42,0.12544570447462608
88,1,10,150,42,0.0
89,1,10,150,42,0.10502550496736138
90,1,10,150,42,0.28022360763392373
91,1,10,150,42,0.093189339815493
92,1,10,150,42,0.4323858907498213
93,1,10,150,42,0.0
94,1,10,150,42,0.5431893080280082
95,1,10,150,42,0.2920579633841528
96,1,10,150,42,0.27784897647879286
97,1,10,150,42,0.08087540905826017
98,1,10,150,42,0.19533769320769842
99,1,10,150,42,0.18445197437428953
100,1,10,150,42,0.022805505402617214
101,1,10,150,42,0.022125646633235106
102,1,10,150,42,0.01639521740139233
103,1,10,150,42,0.12130357238836831
104,1,10,150,42,0.016626404973532412
105,1,10,150,42,0.05200670101006268
106,1,10,150,42,0.31023153259588415
107,1,10,150,42,0.0
108,1,10,150,42,0.030371612799527287
109,1,10,150,42,0.2614801318873476
110,1,10,150,42,0.0
111,1,10,150,42,0.038281751104512325
112,1,10,150,42,0.0
113,1,10,150,42,0.02769198719673247
114,1,10,150,42,0.0724337938054964
115,1,10,150,42,0.28821007912923025
116,1,10,150,42,0.045711127676951076
117,1,10,150,42,0.2724404224992857
118,1,10,150,42,0.10713028046710026
119,1,10,150,42,0.12429923824508435
120,1,10,150,42,0.12171775198765021
121,1,10,150,42,0.12224177824150011
122,1,10,150,42,0.024882317223511866
123,1,10,150,42,0.023786519936652924
124,1,10,150,42,0.18978688349077963
125,1,10,150,42,0.2592787385080699
126,1,10,150,42,0.0
127,1,10,150,42,0.03689601443280025
128,1,10,150,42,0.23803017847861646
129,1,10,150,42,0.03443731487202246
130,1,10,150,42,0.37205069412921965
131,1,10,150,42,0.25372733625822586
132,1,10,150,42,0.06666588353700116
133,1,10,150,42,0.0
134,1,10,150,42,0.0
135,1,10,150,42,0.023639029246263633
136,1,10,150,42,0.2748136430911722
137,1,10,150,42,0.14200665098341927
138,1,10,150,42,0.024240213052394943
139,1,10,150,42,0.06016179456846956
140,1,10,150,42,0.039232819060514755
141,1,10,150,42,0.087254168110256
142,1,10,150,42,0.04395738023645723
143,1,10,150,42,0.0
144,1,10,150,42,0.1653413823417153
145,1,10,150,42,0.2990954311475449
146,1,10,150,42,0.0
147,1,10,150,42,0.0
148,1,10,150,42,0.2203623546044237
149,1,10,150,42,0.0
150,1,10,150,42,0.0
151,1,10,150,42,0.250002005411982
152,1,10,150,42,0.07204911448443031
153,1,10,150,42,0.21315403751398063
154,1,10,150,42,0.07676676843437329
155,1,10,150,42,0.0
156,1,10,150,42,0.032014847745354055
157,1,10,150,42,0.027915669265958894
158,1,10,150,42,0.29387656320944916
159,1,10,150,42,0.0
160,1,10,150,42,0.1917104375423752
161,1,10,150,42,0.09235716777162616
162,1,10,150,42,0.0475858026939827
163,1,10,150,42,0.05010834716923557
164,1,10,150,42,0.08464679476489445
165,1,10,150,42,0.13269256804942683
166,1,10,150,42,0.0
167,1,10,150,42,0.1606298866119576
168,1,10,150,42,0.044682472154713174
169,1,10,150,42,0.11095894797669394
170,1,10,150,42,0.0
171,1,10,150,42,0.0
172,1,10,150,42,0.0
173,1,10,150,42,0.0
174,1,10,150,42,0.13370388553643395
175,1,10,150,42,0.07396201032668431
176,1,10,150,42,0.09885099943510027
177,1,10,150,42,0.1613791724512462
178,1,10,150,42,0.3529444048757914
179,1,10,150,42,0.0
180,1,10,150,42,0.1102559398937703
181,1,10,150,42,0.12011509162274667
182,1,10,150,42,0.04195229264874745
183,1,10,150,42,0.02831169742649504
184,1,10,150,42,0.20754163180275337
185,1,10,150,42,0.0
186,1,10,150,42,0.061238103243292624
187,1,10,150,42,0.14854033459794289
188,1,10,150,42,0.1098666690642908
189,1,10,150,42,0.2800120135854328
190,1,10,150,42,0.03175761494935955
191,1,10,150,42,0.0
192,1,10,150,42,0.10363179610670267
193,1,10,150,42,0.019566208335967027
194,1,10,150,42,0.11166008414164257
195,1,10,150,42,0.11602363268457709
196,1,10,150,42,0.07706308624591164
197,1,10,150,42,0.12855448223988425
198,1,10,150,42,0.033754519876367156
199,1,10,150,42,0.02604446852700291
200,1,10,150,42,0.2295936935580172
201,1,10,150,42,0.07900519108650773
202,1,10,150,42,0.0
203,1,10,150,42,0.05370431689540528
204,1,10,150,42,0.027001973670935885
205,1,10,150,42,0.33118408514264214
206,1,10,150,42,0.03974771280526578
207,1,10,150,42,0.14750932401449732
208,1,10,150,42,0.026258715116272383
209,1,10,150,42,0.03243822298569767
210,1,10,150,42,0.14197871604000614
211,1,10,150,42,0.0
212,1,10,150,42,0.047528395396896204
213,1,10,150,42,0.31355836119841024
214,1,10,150,42,0.17082963358821865
215,1,10,150,42,0.21382602943975346
216,1,10,150,42,0.19048606189766001
217,1,10,150,42,0.06482503452845118
218,1,10,150,42,0.0383846381653829
219,1,10,150,42,0.0
220,1,10,150,42,0.0
221,1,10,150,42,0.07559149180364103
222,1,10,150,42,0.2533913872127136
223,1,10,150,42,0.11015255019050248
224,1,10,150,42,0.055051250783886355
225,1,10,150,42,0.10040564991079691
226,1,10,150,42,0.23814675809782818
227,1,10,150,42,0.08428605557054564
228,1,10,150,42,0.0
229,1,10,150,42,0.0
230,1,10,150,42,0.16833811971256296
231,1,10,150,42,0.0
232,1,10,150,42,0.09727069758930079
233,1,10,150,42,0.08714053259863357
234,1,10,150,42,0.274115884269461
235,1,10,150,42,0.25119356653178443
236,1,10,150,42,0.14036145408803988
237,1,10,150,42,0.24352191769087017
238,1,10,150,42,0.0
239,1,10,150,42,0.1445536008742515
240,1,10,150,42,0.0
241,1,10,150,42,0.047978870624887156
242,1,10,150,42,0.0
243,1,10,150,42,0.12898989924507495
244,1,10,150,42,0.2660763344288713
245,1,10,150,42,0.10760552402297123
246,1,10,150,42,0.11485187630238021
247,1,10,150,42,0.08883649703748449
248,1,10,150,42,0.1352712391738193
249,1,10,150,42,0.3352663740998056
250,1,10,150,42,0.09198066935227446
251,1,10,150,42,0.1369922724163038
252,1,10,150,42,0.15744006533381547
253,1,10,150,42,0.2140960796571906
254,1,10,150,42,0.10851281129737478
255,1,10,150,42,0.06847316147390722
256,1,10,150,42,0.2389105136895635
257,1,10,150,42,0.14222480941686058
258,1,10,150,42,0.0
259,1,10,150,42,0.062479569258293385
260,1,10,150,42,0.0
261,1,10,150,42,0.0
262,1,10,150,42,0.0
263,1,10,150,42,0.23269228173489942
264,1,10,150,42,0.09304065000872803
265,1,10,150,42,0.2098491718391187
266,1,10,150,42,0.05919139647768146
267,1,10,150,42,0.13362046802526653
268,1,10,150,42,0.12620396023095753
269,1,10,150,42,0.48962475414195167
270,1,10,150,42,0.08664611134420969
271,1,10,150,42,0.28370506172749776
272,1,10,150,42,0.23321348468935416
273,1,10,150,42,0.0
274,1,10,150,42,0.16749962386359465
275,1,10,150,42,0.016749198425681962
276,1,10,150,42,0.5427134860108801
277,1,10,150,42,0.09982873474912346
278,1,10,150,42,0.044115283111570695
279,1,10,150,42,0.23561812311790625
280,1,10,150,42,0.2762451656127573
281,1,10,150,42,0.049432410190049694
282,1,10,150,42,0.0
283,1,10,150,42,0.11996252289122708
284,1,10,150,42,0.0
285,1,10,150,42,0.06473560181867054
286,1,10,150,42,0.23736856392674674
287,1,10,150,42,0.2433793935211444
288,1,10,150,42,0.15119258105595526
289,1,10,150,42,0.0
290,1,10,150,42,0.14260501266156933
291,1,10,150,42,0.19185526151628673
292,1,10,150,42,0.17280851105814374
293,1,10,150,42,0.27153309543979265
294,1,10,150,42,0.0
295,1,10,150,42,0.19291108551379857
296,1,10,150,42,0.23899597801916253
297,1,10,150,42,0.17338946114211154
298,1,10,150,42,0.17440898984549216
299,1,10,150,42,0.17252995162025134
300,1,10,150,42,0.0
301,1,10,150,42,0.4288553963526219
302,1,10,150,42,0.13927874459665815
303,1,10,150,42,0.34329464879918625
304,1,10,150,42,0.0
305,1,10,150,42,0.25235560603871204
306,1,10,150,42,0.08156911164475483
307,1,10,150,42,0.23582476047622777
308,1,10,150,42,0.44624353020490215
309,1,10,150,42,0.0
310,1,10,150,42,0.06900643972011666
311,1,10,150,42,0.384545232925494
312,1,10,150,42,0.11241222719450067
313,1,10,150,42,0.32059108001335335
314,1,10,150,42,0.20571000253215074
315,1,10,150,42,0.24099272903896188
316,1,10,150,42,0.11577931451542922
317,1,10,150,42,0.0
318,1,10,150,42,0.08514646352692089
319,1,10,150,42,0.06591877139737895
320,1,10,150,42,0.28678025192128487
321,1,10,150,42,0.18066551195843955
322,1,10,150,42,0.14288427354002056
323,1,10,150,42,0.21104376925968157
324,1,10,150,42,0.0734773909038217
325,1,10,150,42,0.12287910505254435
326,1,10,150,42,0.26280053971737694
327,1,10,150,42,0.021346779530248963
328,1,10,150,42,0.24306529295582088
329,1,10,150,42,0.04249704384086923
330,1,10,150,42,0.23030001814401446
331,1,10,150,42,0.07292595308580271
332,1,10,150,42,0.13794419969180463
333,1,10,150,42,0.0
334,1,10,150,42,0.14941197021660854
335,1,10,150,42,0.0
336,1,10,150,42,0.13126002867826708
337,1,10,150,42,0.03884210089598009
338,1,10,150,42,0.10602685554775755
339,1,10,150,42,0.3578755016143101
340,1,10,150,42,0.25799756236935184
341,1,10,150,42,0.0
342,1,10,150,42,0.12241744330224931
343,1,10,150,42,0.3191366886279813
344,1,10,150,42,0.30466931260760116
345,1,10,150,42,0.14009717766641305
346,1,10,150,42,0.13639472189558532
347,1,10,150,42,0.31870634721633784
348,1,10,150,42,0.1678077629308643
349,1,10,150,42,0.2259984658284476
350,1,10,150,42,0.0
351,1,10,150,42,0.0
352,1,10,150,42,0.11369404114489928
353,1,10,150,42,0.0
354,1,10,150,42,0.18992292087724327
355,1,10,150,42,0.0
356,1,10,150,42,0.0
357,1,10,150,42,0.048851099168414396
358,1,10,150,42,0.06323567569191428
359,1,10,150,42,0.13587623914185412
360,1,10,150,42,0.13313887364310067
361,1,10,150,42,0.15821141502898314
362,1,10,150,42,0.05276490902632437
363,1,10,150,42,0.14668475466358596
364,1,10,150,42,0.0
365,1,10,150,42,0.14456587527532935
366,1,10,150,42,0.10645104516466335
367,1,10,150,42,0.027299924755986534
368,1,10,150,42,0.042512356679180144
369,1,10,150,42,0.0
370,1,10,150,42,0.19811064503366002
371,1,10,150,42,0.098804715452931
372,1,10,150,42,0.09429424592561358
373,1,10,150,42,0.15614574416245117
374,1,10,150,42,0.14616308739881478
375,1,10,150,42,0.04282650856324445
376,1,10,150,42,0.0
377,1,10,150,42,0.0913219819219427
378,1,10,150,42,0.24980418947197378
379,1,10,150,42,0.1656213352577659
380,1,10,150,42,0.0
381,1,10,150,42,0.07774045583593632
382,1,10,150,42,0.0
383,1,10,150,42,0.0928464636084322
384,1,10,150,42,0.0561173220664886
385,1,10,150,42,0.1812032431894668
386,1,10,150,42,0.14606834984270645
387,1,10,150,42,0.2006204971470479
388,1,10,150,42,0.04739418218477539
389,1,10,150,42,0.09621904150997747
390,1,10,150,42,0.05307577057513386
391,1,10,150,42,0.08907375584162422
392,1,10,150,42,0.12891975796820207
393,1,10,150,42,0.3481218896259636
394,1,10,150,42,0.10657019454040408
395,1,10,150,42,0.04720998255710776
396,1,10,150,42,0.0
397,1,10,150,42,0.08269242567753186
398,1,10,150,42,0.1406230079272144
399,1,10,150,42,0.0
400,1,10,150,42,0.0
401,1,10,150,42,0.016941778998402247
402,1,10,150,42,0.11288598947105788
403,1,10,150,42,0.09224219235917257
404,1,10,150,42,0.05446824630887794
405,1,10,150,42,0.294842278914372
406,1,10,150,42,0.20870661392433282
407,1,10,150,42,0.031104745345423533
408,1,10,150,42,0.0
409,1,10,150,42,0.11625420242708087
410,1,10,150,42,0.0
411,1,10,150,42,0.0
412,1,10,150,42,0.15001451003751623
413,1,10,150,42,0.04935421935348238
414,1,10,150,42,0.1309019901681972
415,1,10,150,42,0.0
416,1,10,150,42,0.23797434351975663
417,1,10,150,42,0.16059559431131032
418,1,10,150,42,0.14436292983286242
419,1,10,150,42,0.0
420,1,10,150,42,0.19519002499605084
421,1,10,150,42,0.0
422,1,10,150,42,0.030480958763669998
423,1,10,150,42,0.0
424,1,10,150,42,0.0
425,1,10,150,42,0.0
426,1,10,150,42,0.11229023146606223
427,1,10,150,42,0.0
428,1,10,150,42,0.0
429,1,10,150,42,0.15825727358852465
430,1,10,150,42,0.0
431,1,10,150,42,0.0
432,1,10,150,42,0.0
433,1,10,150,42,0.20451415323992994
434,1,10,150,42,0.0
435,1,10,150,42,0.08127781909048552
436,1,10,150,42,0.09499424853799125
437,1,10,150,42,0.14945564650669343
438,1,10,150,42,0.0
439,1,10,150,42,0.18154179253735267
440,1,10,150,42,0.0
442,1,10,150,42,0.0733934381893728
444,1,10,150,42,0.0
445,1,10,150,42,0.0
446,1,10,150,42,0.0
447,1,10,150,42,0.0
448,1,10,150,42,0.0
449,1,10,150,42,0.04971883051739238
450,1,10,150,42,0.12442647739164718
451,1,10,150,42,0.05497526658285817
452,1,10,150,42,0.05780700008370542
453,1,10,150,42,0.1515771522786143
454,1,10,150,42,0.0
455,1,10,150,42,0.0
456,1,10,150,42,0.0
457,1,10,150,42,0.10536103181067501
458,1,10,150,42,0.0
459,1,10,150,42,0.0
460,1,10,150,42,0.0
462,1,10,150,42,0.0
1,1,10,150,43,0.7868110966454162
2,1,10,150,43,0.1011519894320134
3,1,10,150,43,0.0
4,1,10,150,43,0.0
5,1,10,150,43,0.06346063559102894
6,1,10,150,43,0.27927984720719445
7,1,10,150,43,0.2660414126797692
8,1,10,150,43,0.1763575923663448
9,1,10,150,43,0.0
10,1,10,150,43,0.3193129504091621
11,1,10,150,43,0.22457816417348356
12,1,10,150,43,0.05892795017083254
13,1,10,150,43,0.49255985927340173
14,1,10,150,43,0.3214062159193367
15,1,10,150,43,0.051048685646094966
16,1,10,150,43,0.25513077879527574
17,1,10,150,43,0.10122860821230018
18,1,10,150,43,0.258521901340609
19,1,10,150,43,0.13886244387355454
20,1,10,150,43,0.05692185311373096
21,1,10,150,43,0.0583147979113826
22,1,10,150,43,0.08291206781987277
23,1,10,150,43,0.0
24,1,10,150,43,0.12987294265280755
25,1,10,150,43,0.17085280125179103
26,1,10,150,43,0.0
27,1,10,150,43,0.0
28,1,10,150,43,0.19965606344083509
29,1,10,150,43,0.0
30,1,10,150,43,0.0
31,1,10,150,43,0.038437318942299493
32,1,10,150,43,0.11469999139467348
33,1,10,150,43,0.0
34,1,10,150,43,0.0
35,1,10,150,43,0.0
36,1,10,150,43,0.0
37,1,10,150,43,0.15133867332691472
38,1,10,150,43,0.1474370034049322
39,1,10,150,43,0.0993029104208021
40,1,10,150,43,0.3197267407502473
41,1,10,150,43,0.0
42,1,10,150,43,0.29955456503731626
43,1,10,150,43,0.4109264750583454
44,1,10,150,43,0.10212149883146675
45,1,10,150,43,0.04094516368001556
46,1,10,150,43,0.0
47,1,10,150,43,0.0
48,1,10,150,43,0.14139592812216276
49,1,10,150,43,0.0972206097006724
50,1,10,150,43,0.0
51,1,10,150,43,0.0
52,1,10,150,43,0.02753109834834184
53,1,10,150,43,0.1369821642818139
54,1,10,150,43,0.12836415432918194
55,1,10,150,43,0.0
56,1,10,150,43,0.27912744680354973
57,1,10,150,43,0.19242788103947778
58,1,10,150,43,0.17533421690859274
59,1,10,150,43,0.41636985311003916
60,1,10,150,43,0.26173986983899805
61,1,10,150,43,0.0
62,1,10,150,43,0.28790159314522223
63,1,10,150,43,0.019258414944189582
64,1,10,150,43,0.19990565585726122
65,1,10,150,43,0.21318164785015645
66,1,10,150,43,0.0
67,1,10,150,43,0.03314040476303028
68,1,10,150,43,0.0
69,1,10,150,43,0.23107329229551446
70,1,10,150,43,0.0
71,1,10,150,43,0.0
72,1,10,150,43,0.267212063191173
73,1,10,150,43,0.15507073573085653
74,1,10,150,43,0.03272011597426011
75,1,10,150,43,0.10310690100385646
76,1,10,150,43,0.10235900919628077
77,1,10,150,43,0.3892093845905575
78,1,10,150,43,0.05658242244874664
79,1,10,150,43,0.3698571414087665
80,1,10,150,43,0.11856641546096264
81,1,10,150,43,0.034380101046999886
82,1,10,150,43,0.26575202359372685
83,1,10,150,43,0.13468123973376317
84,1,10,150,43,0.05683844068224461
85,1,10,150,43,0.06441118839521705
86,1,10,150,43,0.0
87,1,10,150,43,0.1234723349693459
88,1,10,150,43,0.0
89,1,10,150,43,0.10502550496736138
90,1,10,150,43,0.2915463132559651
91,1,10,150,43,0.09172339084434843
92,1,10,150,43,0.4413149519612207
93,1,10,150,43,0.0
94,1,10,150,43,0.5503753355847014
95,1,10,150,43,0.2874636388424695
96,1,10,150,43,0.27784897647879286
97,1,10,150,43,0.08087540905826017
98,1,10,150,43,0.19533769320769842
99,1,10,150,43,0.1815503851732614
100,1,10,150,43,0.022805505402617214
101,1,10,150,43,0.022125646633235106
102,1,10,150,43,0.016137306441524505
103,1,10,150,43,0.15394621921377785
104,1,10,150,43,0.016364857233060807
105,1,10,150,43,0.05200670101006268
106,1,10,150,43,0.31023153259588415
107,1,10,150,43,0.0
108,1,10,150,43,0.06036985955798015
109,1,10,150,43,0.2573668231003775
110,1,10,150,43,0.0
111,1,10,150,43,0.038281751104512325
112,1,10,150,43,0.0
113,1,10,150,43,0.02769198719673247
114,1,10,150,43,0.0724337938054964
115,1,10,150,43,0.28367628513724025
116,1,10,150,43,0.04499205207537949
117,1,10,150,43,0.26815469885480264
118,1,10,150,43,0.10713028046710026
119,1,10,150,43,0.12234390364586722
120,1,10,150,43,0.12171775198765021
121,1,10,150,43,0.12224177824150011
122,1,10,150,43,0.024882317223511866
123,1,10,150,43,0.023786519936652924
124,1,10,150,43,0.18978688349077963
125,1,10,150,43,0.255200059544273
126,1,10,150,43,0.0
127,1,10,150,43,0.03689601443280025
128,1,10,150,43,0.23428575775481952
129,1,10,150,43,0.03443731487202246
130,1,10,150,43,0.3661980146988018
131,1,10,150,43,0.25372733625822586
132,1,10,150,43,0.06666588353700116
133,1,10,150,43,0.0
134,1,10,150,43,0.0
135,1,10,150,43,0.023639029246263633
136,1,10,150,43,0.2748136430911722
137,1,10,150,43,0.14200665098341927
138,1,10,150,43,0.04737050724607538
139,1,10,150,43,0.06016179456846956
140,1,10,150,43,0.039232819060514755
141,1,10,150,43,0.087254168110256
142,1,10,150,43,0.04395738023645723
143,1,10,150,43,0.0
144,1,10,150,43,0.16274041929367403
145,1,10,150,43,0.2943904011469794
146,1,10,150,43,0.0
147,1,10,150,43,0.0
148,1,10,150,43,0.2203623546044237
149,1,10,150,43,0.0
150,1,10,150,43,0.0
151,1,10,150,43,0.2460692574888462
152,1,10,150,43,0.07204911448443031
153,1,10,150,43,0.21315403751398063
154,1,10,150,43,0.07676676843437329
155,1,10,150,43,0.0
156,1,10,150,43,0.032014847745354055
157,1,10,150,43,0.027915669265958894
158,1,10,150,43,0.2892536305185066
159,1,10,150,43,0.0
160,1,10,150,43,0.18869466643347635
161,1,10,150,43,0.09235716777162616
162,1,10,150,43,0.0475858026939827
163,1,10,150,43,0.05010834716923557
164,1,10,150,43,0.08464679476489445
165,1,10,150,43,0.13269256804942683
166,1,10,150,43,0.0
167,1,10,150,43,0.1606298866119576
168,1,10,150,43,0.044682472154713174
169,1,10,150,43,0.11095894797669394
170,1,10,150,43,0.0
171,1,10,150,43,0.0
172,1,10,150,43,0.0
173,1,10,150,43,0.0
174,1,10,150,43,0.13160060769555387
175,1,10,150,43,0.07396201032668431
176,1,10,150,43,0.09885099943510027
177,1,10,150,43,0.15884053839409476
178,1,10,150,43,0.3473922839119203
179,1,10,150,43,0.0
180,1,10,150,43,0.1102559398937703
181,1,10,150,43,0.11822557727129905
182,1,10,150,43,0.04195229264874745
183,1,10,150,43,0.02831169742649504
184,1,10,150,43,0.20427682230615973
185,1,10,150,43,0.0
186,1,10,150,43,0.06027477487738628
187,1,10,150,43,0.14854033459794289
188,1,10,150,43,0.10813837126974947
189,1,10,150,43,0.27560718225991415
190,1,10,150,43,0.03175761494935955
191,1,10,150,43,0.0
192,1,10,150,43,0.10363179610670267
193,1,10,150,43,0.019258414944189582
194,1,10,150,43,0.10990357437572464
195,1,10,150,43,0.11419848052340538
196,1,10,150,43,0.07706308624591164
197,1,10,150,43,0.1265322089696936
198,1,10,150,43,0.033223532064003525
199,1,10,150,43,0.02604446852700291
200,1,10,150,43,0.22598198604384184
201,1,10,150,43,0.07776237105132286
202,1,10,150,43,0.0
203,1,10,150,43,0.05370431689540528
204,1,10,150,43,0.027001973670935885
205,1,10,150,43,0.33118408514264214
206,1,10,150,43,0.03974771280526578
207,1,10,150,43,0.1451888746776802
208,1,10,150,43,0.026258715116272383
209,1,10,150,43,0.03243822298569767
210,1,10,150,43,0.1397452679533971
211,1,10,150,43,0.0
212,1,10,150,43,0.047528395396896204
213,1,10,150,43,0.3086258167904052
214,1,10,150,43,0.16814233559796055
215,1,10,150,43,0.22619322643423018
216,1,10,150,43,0.18748955127735586
217,1,10,150,43,0.06482503452845118
218,1,10,150,43,0.0383846381653829
219,1,10,150,43,0.0
220,1,10,150,43,0.0
221,1,10,150,43,0.0744023722127497
222,1,10,150,43,0.24940532138032512
223,1,10,150,43,0.10841975523841428
224,1,10,150,43,0.05418524696191869
225,1,10,150,43,0.10040564991079691
226,1,10,150,43,0.23814675809782818
227,1,10,150,43,0.08428605557054564
228,1,10,150,43,0.0
229,1,10,150,43,0.0
230,1,10,150,43,0.16569001539198683
231,1,10,150,43,0.0
232,1,10,150,43,0.09574054532793834
233,1,10,150,43,0.08714053259863357
234,1,10,150,43,0.2698038041612124
235,1,10,150,43,0.24724207432093193
236,1,10,150,43,0.13815344693168366
237,1,10,150,43,0.24352191769087017
238,1,10,150,43,0.0
239,1,10,150,43,0.14227964762062384
240,1,10,150,43,0.0
241,1,10,150,43,0.047978870624887156
242,1,10,150,43,0.0
243,1,10,150,43,0.12898989924507495
244,1,10,150,43,0.26189072339788644
245,1,10,150,43,0.10760552402297123
246,1,10,150,43,0.11304515688326155
247,1,10,150,43,0.08883649703748449
248,1,10,150,43,0.1352712391738193
249,1,10,150,43,0.3299923438604662
250,1,10,150,43,0.09053373381362674
251,1,10,150,43,0.1369922724163038
252,1,10,150,43,0.15744006533381547
253,1,10,150,43,0.2140960796571906
254,1,10,150,43,0.10680581085727782
255,1,10,150,43,0.06847316147390722
256,1,10,150,43,0.23515224453096376
257,1,10,150,43,0.14222480941686058
258,1,10,150,43,0.0
259,1,10,150,43,0.062479569258293385
260,1,10,150,43,0.0
261,1,10,150,43,0.0
262,1,10,150,43,0.0
263,1,10,150,43,0.24476269625193636
264,1,10,150,43,0.09157704005693565
265,1,10,150,43,0.2098491718391187
266,1,10,150,43,0.05919139647768146
267,1,10,150,43,0.14724936791911386
268,1,10,150,43,0.12421866270635605
269,1,10,150,43,0.4819225329865875
270,1,10,150,43,0.08528309302011587
271,1,10,150,43,0.27924213555835253
272,1,10,150,43,0.23321348468935416
273,1,10,150,43,0.0
274,1,10,150,43,0.16749962386359465
275,1,10,150,43,0.016485719037929687
276,1,10,150,43,0.5341761331546506
277,1,10,150,43,0.09982873474912346
278,1,10,150,43,0.044115283111570695
279,1,10,150,43,0.23191164611257944
280,1,10,150,43,0.27189959006607484
281,1,10,150,43,0.049432410190049694
282,1,10,150,43,0.0
283,1,10,150,43,0.11996252289122708
284,1,10,150,43,0.026886842190246972
285,1,10,150,43,0.06473560181867054
286,1,10,150,43,0.24936541647755991
287,1,10,150,43,0.2433793935211444
288,1,10,150,43,0.15119258105595526
289,1,10,150,43,0.0
290,1,10,150,43,0.14036171238704018
291,1,10,150,43,0.1888372122009324
292,1,10,150,43,0.1700900836125552
293,1,10,150,43,0.2672616448352516
294,1,10,150,43,0.0
295,1,10,150,43,0.1898764271731423
296,1,10,150,43,0.2352363644326884
297,1,10,150,43,0.17066189484888694
298,1,10,150,43,0.18739625098843457
299,1,10,150,43,0.18554677166079392
300,1,10,150,43,0.0
301,1,10,150,43,0.43783999529655004
302,1,10,150,43,0.13927874459665815
303,1,10,150,43,0.3536251923553915
304,1,10,150,43,0.0
305,1,10,150,43,0.2483858339406645
306,1,10,150,43,0.08156911164475483
307,1,10,150,43,0.2321150328864089
308,1,10,150,43,0.45495459875381583
309,1,10,150,43,0.0
310,1,10,150,43,0.06900643972011666
311,1,10,150,43,0.37849600358572394
312,1,10,150,43,0.11064388556737766
313,1,10,150,43,0.31554790485153544
314,1,10,150,43,0.2024740061492681
315,1,10,150,43,0.24099272903896188
316,1,10,150,43,0.11577931451542922
317,1,10,150,43,0.0
318,1,10,150,43,0.08380703596094581
319,1,10,150,43,0.06591877139737895
320,1,10,150,43,0.2822689503487986
321,1,10,150,43,0.17782348708841517
322,1,10,150,43,0.166014567733701
323,1,10,150,43,0.20772386810977272
324,1,10,150,43,0.0734773909038217
325,1,10,150,43,0.12094611037757837
326,1,10,150,43,0.25866645977242086
327,1,10,150,43,0.021010976212492056
328,1,10,150,43,0.23924166552338036
329,1,10,150,43,0.04249704384086923
330,1,10,150,43,0.22667719953277382
331,1,10,150,43,0.07292595308580271
332,1,10,150,43,0.13577421803924716
333,1,10,150,43,0.0
334,1,10,150,43,0.14706159060828228
335,1,10,150,43,0.0
336,1,10,150,43,0.12919519482093653
337,1,10,150,43,0.03884210089598009
338,1,10,150,43,0.10602685554775755
339,1,10,150,43,0.3522458102308529
340,1,10,150,43,0.2868621552039377
341,1,10,150,43,0.0
342,1,10,150,43,0.12049171096618606
343,1,10,150,43,0.3141163923014384
344,1,10,150,43,0.29987660062744625
345,1,10,150,43,0.1378933278069016
346,1,10,150,43,0.13424911486984328
347,1,10,150,43,0.3136928205326628
348,1,10,150,43,0.18923084143550442
349,1,10,150,43,0.2259984658284476
350,1,10,150,43,0.0
351,1,10,150,43,0.0
352,1,10,150,43,0.11369404114489928
353,1,10,150,43,0.0
354,1,10,150,43,0.1869352689525917
355,1,10,150,43,0.0
356,1,10,150,43,0.0
357,1,10,150,43,0.048851099168414396
358,1,10,150,43,0.06323567569191428
359,1,10,150,43,0.13587623914185412
360,1,10,150,43,0.13313887364310067
361,1,10,150,43,0.15572261253779404
362,1,10,150,43,0.05276490902632437
363,1,10,150,43,0.14437727651632765
364,1,10,150,43,0.0
365,1,10,150,43,0.14456587527532935
366,1,10,150,43,0.10645104516466335
367,1,10,150,43,0.027299924755986534
368,1,10,150,43,0.042512356679180144
369,1,10,150,43,0.0
370,1,10,150,43,0.19811064503366002
371,1,10,150,43,0.098804715452931
372,1,10,150,43,0.09429424592561358
373,1,10,150,43,0.15368943646184124
374,1,10,150,43,0.143863815529137
375,1,10,150,43,0.04282650856324445
376,1,10,150,43,0.0
377,1,10,150,43,0.0913219819219427
378,1,10,150,43,0.245874553364785
379,1,10,150,43,0.16301596830805445
380,1,10,150,43,0.0
381,1,10,150,43,0.07774045583593632
382,1,10,150,43,0.0
383,1,10,150,43,0.0928464636084322
384,1,10,150,43,0.0561173220664886
385,1,10,150,43,0.17835275934176925
386,1,10,150,43,0.14606834984270645
387,1,10,150,43,0.1974645630888657
388,1,10,150,43,0.04739418218477539
389,1,10,150,43,0.09470543270895646
390,1,10,150,43,0.05307577057513386
391,1,10,150,43,0.08907375584162422
392,1,10,150,43,0.12891975796820207
393,1,10,150,43,0.34264563100088374
394,1,10,150,43,0.10657019454040408
395,1,10,150,43,0.04720998255710776
396,1,10,150,43,0.0
397,1,10,150,43,0.08269242567753186
398,1,10,150,43,0.1406230079272144
399,1,10,150,43,0.0
400,1,10,150,43,0.0
401,1,10,150,43,0.016941778998402247
402,1,10,150,43,0.11288598947105788
403,1,10,150,43,0.09224219235917257
404,1,10,150,43,0.05446824630887794
405,1,10,150,43,0.30593502018463764
406,1,10,150,43,0.2054234782506688
407,1,10,150,43,0.031104745345423533
408,1,10,150,43,0.0
409,1,10,150,43,0.11442542320430028
410,1,10,150,43,0.0
411,1,10,150,43,0.0
412,1,10,150,43,0.15001451003751623
413,1,10,150,43,0.04935421935348238
414,1,10,150,43,0.1309019901681972
415,1,10,150,43,0.0
416,1,10,150,43,0.23423080112818798
417,1,10,150,43,0.15806928661649094
418,1,10,150,43,0.14436292983286242
419,1,10,150,43,0.0
420,1,10,150,43,0.19519002499605084
421,1,10,150,43,0.0
422,1,10,150,43,0.030480958763669998
423,1,10,150,43,0.0
424,1,10,150,43,0.0
425,1,10,150,43,0.0
426,1,10,150,43,0.11229023146606223
427,1,10,150,43,0.0
428,1,10,150,43,0.0
429,1,10,150,43,0.15576774970250315
430,1,10,150,43,0.0
431,1,10,150,43,0.0
432,1,10,150,43,0.0
433,1,10,150,43,0.20451415323992994
434,1,10,150,43,0.0
435,1,10,150,43,0.08127781909048552
436,1,10,150,43,0.09499424853799125
437,1,10,150,43,0.14945564650669343
438,1,10,150,43,0.0
439,1,10,150,43,0.18154179253735267
440,1,10,150,43,0.0
442,1,10,150,43,0.0733934381893728
444,1,10,150,43,0.0
445,1,10,150,43,0.0
446,1,10,150,43,0.0
447,1,10,150,43,0.0
448,1,10,150,43,0.0
449,1,10,150,43,0.04971883051739238
450,1,10,150,43,0.1224691412105285
451,1,10,150,43,0.05497526658285817
452,1,10,150,43,0.05780700008370542
453,1,10,150,43,0.1515771522786143
454,1,10,150,43,0.0
455,1,10,150,43,0.0
456,1,10,150,43,0.0
457,1,10,150,43,0.10536103181067501
458,1,10,150,43,0.0
459,1,10,150,43,0.0
460,1,10,150,43,0.0
462,1,10,150,43,0.0
1,1,10,150,44,0.7746963964006705
2,1,10,150,44,0.1011519894320134
3,1,10,150,44,0.0
4,1,10,150,44,0.0
5,1,10,150,44,0.062483518490362495
6,1,10,150,44,0.2749797151326232
7,1,10,150,44,0.2619451156384013
8,1,10,150,44,0.1763575923663448
9,1,10,150,44,0.0
10,1,10,150,44,0.31439642000565704
11,1,10,150,44,0.22112028571691783
12,1,10,150,44,0.05892795017083254
13,1,10,150,44,0.5003730246230825
14,1,10,150,44,0.31645745505505585
15,1,10,150,44,0.050262678017164185
16,1,10,150,44,0.25120247513828475
17,1,10,150,44,0.10122860821230018
18,1,10,150,44,0.25454138383800107
19,1,10,150,44,0.13886244387355454
20,1,10,150,44,0.05692185311373096
21,1,10,150,44,0.05741691238391438
22,1,10,150,44,0.0970326686144023
23,1,10,150,44,0.0
24,1,10,150,44,0.12987294265280755
25,1,10,150,44,0.17085280125179103
26,1,10,150,44,0.0
27,1,10,150,44,0.0
28,1,10,150,44,0.21607364199719295
29,1,10,150,44,0.0
30,1,10,150,44,0.0
31,1,10,150,44,0.038437318942299493
32,1,10,150,44,0.11469999139467348
33,1,10,150,44,0.0
34,1,10,150,44,0.0
35,1,10,150,44,0.0
36,1,10,150,44,0.0
37,1,10,150,44,0.15133867332691472
38,1,10,150,44,0.14516688404737663
39,1,10,150,44,0.0993029104208021
40,1,10,150,44,0.3197267407502473
41,1,10,150,44,0.0
42,1,10,150,44,0.29494225875713714
43,1,10,150,44,0.4045993514461001
44,1,10,150,44,0.10054911207667634
45,1,10,150,44,0.04094516368001556
46,1,10,150,44,0.0
47,1,10,150,44,0.0
48,1,10,150,44,0.1600593927592689
49,1,10,150,44,0.09572368299341492
50,1,10,150,44,0.0
51,1,10,150,44,0.0
52,1,10,150,44,0.02753109834834184
53,1,10,150,44,0.1369821642818139
54,1,10,150,44,0.12836415432918194
55,1,10,150,44,0.0
56,1,10,150,44,0.27482966127088065
57,1,10,150,44,0.18946502743018834
58,1,10,150,44,0.17263455813464937
59,1,10,150,44,0.42535613242601983
60,1,10,150,44,0.27310702037574003
61,1,10,150,44,0.0
62,1,10,150,44,0.28346871018791575
63,1,10,150,44,0.018961888973429247
64,1,10,150,44,0.19682766533543788
65,1,10,150,44,0.21318164785015645
66,1,10,150,44,0.0
67,1,10,150,44,0.03314040476303028
68,1,10,150,44,0.0
69,1,10,150,44,0.23107329229551446
70,1,10,150,44,0.0
71,1,10,150,44,0.0
72,1,10,150,44,0.278494957186001
73,1,10,150,44,0.15507073573085653
74,1,10,150,44,0.03272011597426011
75,1,10,150,44,0.10310690100385646
76,1,10,150,44,0.10235900919628077
77,1,10,150,44,0.3892093845905575
78,1,10,150,44,0.05658242244874664
79,1,10,150,44,0.3698571414087665
80,1,10,150,44,0.11856641546096264
81,1,10,150,44,0.034380101046999886
82,1,10,150,44,0.26166018233856536
83,1,10,150,44,0.13260752362207928
84,1,10,150,44,0.05683844068224461
85,1,10,150,44,0.06341943542790023
86,1,10,150,44,0.0
87,1,10,150,44,0.12157120478314244
88,1,10,150,44,0.0
89,1,10,150,44,0.10502550496736138
90,1,10,150,44,0.28705731175660204
91,1,10,150,44,0.10570832179683294
92,1,10,150,44,0.4345199304124284
93,1,10,150,44,0.0
94,1,10,150,44,0.5419010877746012
95,1,10,150,44,0.298434714956811
96,1,10,150,44,0.2986449121256191
97,1,10,150,44,0.10167134470508642
98,1,10,150,44,0.19533769320769842
99,1,10,150,44,0.1787550147151305
100,1,10,150,44,0.022805505402617214
101,1,10,150,44,0.022125646633235106
102,1,10,150,44,0.0158888368518985
103,1,10,150,44,0.15394621921377785
104,1,10,150,44,0.016112883994793253
105,1,10,150,44,0.05200670101006268
106,1,10,150,44,0.31023153259588415
107,1,10,150,44,0.0
108,1,10,150,44,0.06036985955798015
109,1,10,150,44,0.2534040905866943
110,1,10,150,44,0.0
111,1,10,150,44,0.038281751104512325
112,1,10,150,44,0.0
113,1,10,150,44,0.02769198719673247
114,1,10,150,44,0.0724337938054964
115,1,10,150,44,0.28367628513724025
116,1,10,150,44,0.04429929974052668
117,1,10,150,44,0.2640258630901617
118,1,10,150,44,0.10713028046710026
119,1,10,150,44,0.1204601481602609
120,1,10,150,44,0.12171775198765021
121,1,10,150,44,0.12224177824150011
122,1,10,150,44,0.04617892332445562
123,1,10,150,44,0.023786519936652924
124,1,10,150,44,0.18978688349077963
125,1,10,150,44,0.2512706891566393
126,1,10,150,44,0.0
127,1,10,150,44,0.03689601443280025
128,1,10,150,44,0.23067840938503434
129,1,10,150,44,0.03443731487202246
130,1,10,150,44,0.3605595848428789
131,1,10,150,44,0.25372733625822586
132,1,10,150,44,0.06666588353700116
133,1,10,150,44,0.0
134,1,10,150,44,0.0
135,1,10,150,44,0.023639029246263633
136,1,10,150,44,0.2748136430911722
137,1,10,150,44,0.14200665098341927
138,1,10,150,44,0.04737050724607538
139,1,10,150,44,0.06016179456846956
140,1,10,150,44,0.039232819060514755
141,1,10,150,44,0.087254168110256
142,1,10,150,44,0.04395738023645723
143,1,10,150,44,0.0
144,1,10,150,44,0.17563188573402302
145,1,10,150,44,0.2898576086126192
146,1,10,150,44,0.0
147,1,10,150,44,0.0
148,1,10,150,44,0.2203623546044237
149,1,10,150,44,0.0
150,1,10,150,44,0.0
151,1,10,150,44,0.24228047603083896
152,1,10,150,44,0.07204911448443031
153,1,10,150,44,0.21315403751398063
154,1,10,150,44,0.07676676843437329
155,1,10,150,44,0.0
156,1,10,150,44,0.032014847745354055
157,1,10,150,44,0.027915669265958894
158,1,10,150,44,0.28479992995000114
159,1,10,150,44,0.0
160,1,10,150,44,0.1857892939350836
161,1,10,150,44,0.09235716777162616
162,1,10,150,44,0.0475858026939827
163,1,10,150,44,0.05010834716923557
164,1,10,150,44,0.08464679476489445
165,1,10,150,44,0.13269256804942683
166,1,10,150,44,0.0
167,1,10,150,44,0.1606298866119576
168,1,10,150,44,0.044682472154713174
169,1,10,150,44,0.11095894797669394
170,1,10,150,44,0.0
171,1,10,150,44,0.0
172,1,10,150,44,0.0
173,1,10,150,44,0.0
174,1,10,150,44,0.1295743247401465
175,1,10,150,44,0.07396201032668431
176,1,10,150,44,0.09885099943510027
177,1,10,150,44,0.15639483634748816
178,1,10,150,44,0.357440625745841
179,1,10,150,44,0.0
180,1,10,150,44,0.13057885818855974
181,1,10,150,44,0.11640523254559514
182,1,10,150,44,0.04195229264874745
183,1,10,150,44,0.02831169742649504
184,1,10,150,44,0.201131527991248
185,1,10,150,44,0.0
186,1,10,150,44,0.059346711161619776
187,1,10,150,44,0.14854033459794289
188,1,10,150,44,0.10647334143161741
189,1,10,150,44,0.27136359900007795
190,1,10,150,44,0.03175761494935955
191,1,10,150,44,0.0
192,1,10,150,44,0.10363179610670267
193,1,10,150,44,0.018961888973429247
194,1,10,150,44,0.10821136532444833
195,1,10,150,44,0.1278373576700953
196,1,10,150,44,0.07706308624591164
197,1,10,150,44,0.12458396524320207
198,1,10,150,44,0.032711982171350594
199,1,10,150,44,0.02604446852700291
200,1,10,150,44,0.22250249263900085
201,1,10,150,44,0.07656504704353498
202,1,10,150,44,0.0
203,1,10,150,44,0.05370431689540528
204,1,10,150,44,0.027001973670935885
205,1,10,150,44,0.33118408514264214
206,1,10,150,44,0.03974771280526578
207,1,10,150,44,0.14295337024327248
208,1,10,150,44,0.026258715116272383
209,1,10,150,44,0.03243822298569767
210,1,10,150,44,0.13759357990642485
211,1,10,150,44,0.0
212,1,10,150,44,0.047528395396896204
213,1,10,150,44,0.3038738384894554
214,1,10,150,44,0.1655534117725271
215,1,10,150,44,0.22619322643423018
216,1,10,150,44,0.19999994999181966
217,1,10,150,44,0.06482503452845118
218,1,10,150,44,0.0383846381653829
219,1,10,150,44,0.0
220,1,10,150,44,0.0
221,1,10,150,44,0.07325678283214941
222,1,10,150,44,0.2455651738266757
223,1,10,150,44,0.1067503928705955
224,1,10,150,44,0.053350945021554734
225,1,10,150,44,0.10040564991079691
226,1,10,150,44,0.23814675809782818
227,1,10,150,44,0.08428605557054564
228,1,10,150,44,0.0
229,1,10,150,44,0.0
230,1,10,150,44,0.1785360662647028
231,1,10,150,44,0.0
232,1,10,150,44,0.09426640749121797
233,1,10,150,44,0.08714053259863357
234,1,10,150,44,0.2656495767663004
235,1,10,150,44,0.24343523474907333
236,1,10,150,44,0.13602626849648936
237,1,10,150,44,0.24352191769087017
238,1,10,150,44,0.0
239,1,10,150,44,0.14008893718300952
240,1,10,150,44,0.0
241,1,10,150,44,0.047978870624887156
242,1,10,150,44,0.0
243,1,10,150,44,0.12898989924507495
244,1,10,150,44,0.25785833541508857
245,1,10,150,44,0.10760552402297123
246,1,10,150,44,0.11130457620817971
247,1,10,150,44,0.08883649703748449
248,1,10,150,44,0.1352712391738193
249,1,10,150,44,0.3249113805314345
250,1,10,150,44,0.10453698217213499
251,1,10,150,44,0.1369922724163038
252,1,10,150,44,0.15744006533381547
253,1,10,150,44,0.2140960796571906
254,1,10,150,44,0.1051612987393761
255,1,10,150,44,0.06847316147390722
256,1,10,150,44,0.231531554677303
257,1,10,150,44,0.14222480941686058
258,1,10,150,44,0.0
259,1,10,150,44,0.062479569258293385
260,1,10,150,44,0.0
261,1,10,150,44,0.0
262,1,10,150,44,0.0
263,1,10,150,44,0.24099403219924284
264,1,10,150,44,0.09016700860933545
265,1,10,150,44,0.2098491718391187
266,1,10,150,44,0.05919139647768146
267,1,10,150,44,0.14498213762562417
268,1,10,150,44,0.12230604115093224
269,1,10,150,44,0.4745022677498452
270,1,10,150,44,0.08396997083324224
271,1,10,150,44,0.2903397999329167
272,1,10,150,44,0.23321348468935416
273,1,10,150,44,0.0
274,1,10,150,44,0.16749962386359465
275,1,10,150,44,0.016231884864371226
276,1,10,150,44,0.5259513079600686
277,1,10,150,44,0.09982873474912346
278,1,10,150,44,0.044115283111570695
279,1,10,150,44,0.22834085245207064
280,1,10,150,44,0.2677130934033261
281,1,10,150,44,0.049432410190049694
282,1,10,150,44,0.0
283,1,10,150,44,0.14235469579912852
284,1,10,150,44,0.026886842190246972
285,1,10,150,44,0.06473560181867054
286,1,10,150,44,0.24552588334830966
287,1,10,150,44,0.2433793935211444
288,1,10,150,44,0.15119258105595526
289,1,10,150,44,0.0
290,1,10,150,44,0.13820053281209765
291,1,10,150,44,0.18592964489459748
292,1,10,150,44,0.1674711698906273
293,1,10,150,44,0.26314655961606603
294,1,10,150,44,0.0
295,1,10,150,44,0.2023500746443634
296,1,10,150,44,0.23161437936674814
297,1,10,150,44,0.1680341768259594
298,1,10,150,44,0.18451087047284034
299,1,10,150,44,0.1826898679775153
300,1,10,150,44,0.0
301,1,10,150,44,0.43109847840540105
302,1,10,150,44,0.13927874459665815
303,1,10,150,44,0.34818034895823907
304,1,10,150,44,0.0
305,1,10,150,44,0.24456138365512356
306,1,10,150,44,0.08156911164475483
307,1,10,150,44,0.22854110763585364
308,1,10,150,44,0.4633467804147341
309,1,10,150,44,0.0
310,1,10,150,44,0.06900643972011666
311,1,10,150,44,0.3726682189410678
312,1,10,150,44,0.12433749357966843
313,1,10,150,44,0.3106893456669582
314,1,10,150,44,0.1993564701837623
315,1,10,150,44,0.24099272903896188
316,1,10,150,44,0.11577931451542922
317,1,10,150,44,0.0
318,1,10,150,44,0.08251664094313758
319,1,10,150,44,0.06591877139737895
320,1,10,150,44,0.27792279440812334
321,1,10,150,44,0.17508550048434166
322,1,10,150,44,0.166014567733701
323,1,10,150,44,0.20452549888676838
324,1,10,150,44,0.0734773909038217
325,1,10,150,44,0.11908387701656033
326,1,10,150,44,0.2546837164724434
327,1,10,150,44,0.02068746567769016
328,1,10,150,44,0.23555800997222381
329,1,10,150,44,0.04249704384086923
330,1,10,150,44,0.22318700177582032
331,1,10,150,44,0.07292595308580271
332,1,10,150,44,0.13368367310473478
333,1,10,150,44,0.0
334,1,10,150,44,0.1447972515625688
335,1,10,150,44,0.0
336,1,10,150,44,0.12720594852663505
337,1,10,150,44,0.03884210089598009
338,1,10,150,44,0.10602685554775755
339,1,10,150,44,0.34682220547793535
340,1,10,150,44,0.2868621552039377
341,1,10,150,44,0.0
342,1,10,150,44,0.11863647409096223
343,1,10,150,44,0.3092798744245079
344,1,10,150,44,0.29525933589579234
345,1,10,150,44,0.1357701544820039
346,1,10,150,44,0.13218205227793944
347,1,10,150,44,0.30886282448166064
348,1,10,150,44,0.18923084143550442
349,1,10,150,44,0.2259984658284476
350,1,10,150,44,0.0
351,1,10,150,44,0.0
352,1,10,150,44,0.11369404114489928
353,1,10,150,44,0.0
354,1,10,150,44,0.18405698627688083
355,1,10,150,44,0.0
356,1,10,150,44,0.0
357,1,10,150,44,0.048851099168414396
358,1,10,150,44,0.06323567569191428
359,1,10,150,44,0.13587623914185412
360,1,10,150,44,0.1518023382802068
361,1,10,150,44,0.15572261253779404
362,1,10,150,44,0.05276490902632437
363,1,10,150,44,0.14215426843394888
364,1,10,150,44,0.0
365,1,10,150,44,0.14456587527532935
366,1,10,150,44,0.10645104516466335
367,1,10,150,44,0.027299924755986534
368,1,10,150,44,0.042512356679180144
369,1,10,150,44,0.0
370,1,10,150,44,0.19811064503366002
371,1,10,150,44,0.098804715452931
372,1,10,150,44,0.09429424592561358
373,1,10,150,44,0.15132304704326627
374,1,10,150,44,0.14164871331638018
375,1,10,150,44,0.04282650856324445
376,1,10,150,44,0.0
377,1,10,150,44,0.0913219819219427
378,1,10,150,44,0.24208876980819205
379,1,10,150,44,0.1605059762660268
380,1,10,150,44,0.0
381,1,10,150,44,0.07774045583593632
382,1,10,150,44,0.0
383,1,10,150,44,0.0928464636084322
384,1,10,150,44,0.0561173220664886
385,1,10,150,44,0.17560662341859667
386,1,10,150,44,0.14606834984270645
387,1,10,150,44,0.19442415859917236
388,1,10,150,44,0.04739418218477539
389,1,10,150,44,0.0932472327246024
390,1,10,150,44,0.05307577057513386
391,1,10,150,44,0.08907375584162422
392,1,10,150,44,0.12891975796820207
393,1,10,150,44,0.3527670580739784
394,1,10,150,44,0.10657019454040408
395,1,10,150,44,0.04720998255710776
396,1,10,150,44,0.0
397,1,10,150,44,0.08269242567753186
398,1,10,150,44,0.1406230079272144
399,1,10,150,44,0.0
400,1,10,150,44,0.0
401,1,10,150,44,0.016941778998402247
402,1,10,150,44,0.11288598947105788
403,1,10,150,44,0.09224219235917257
404,1,10,150,44,0.05446824630887794
405,1,10,150,44,0.30122447265968655
406,1,10,150,44,0.20226052862673713
407,1,10,150,44,0.031104745345423533
408,1,10,150,44,0.0
409,1,10,150,44,0.11266359027081921
410,1,10,150,44,0.0
411,1,10,150,44,0.0
412,1,10,150,44,0.15001451003751623
413,1,10,150,44,0.04935421935348238
414,1,10,150,44,0.1309019901681972
415,1,10,150,44,0.0
416,1,10,150,44,0.2306242989374424
417,1,10,150,44,0.1556354596999362
418,1,10,150,44,0.14436292983286242
419,1,10,150,44,0.0
420,1,10,150,44,0.19519002499605084
421,1,10,150,44,0.0
422,1,10,150,44,0.030480958763669998
423,1,10,150,44,0.0
424,1,10,150,44,0.0
425,1,10,150,44,0.0
426,1,10,150,44,0.11229023146606223
427,1,10,150,44,0.0
428,1,10,150,44,0.0
429,1,10,150,44,0.15336936004647264
430,1,10,150,44,0.0
431,1,10,150,44,0.0
432,1,10,150,44,0.0
433,1,10,150,44,0.20451415323992994
434,1,10,150,44,0.0
435,1,10,150,44,0.08127781909048552
436,1,10,150,44,0.09499424853799125
437,1,10,150,44,0.14945564650669343
438,1,10,150,44,0.0
439,1,10,150,44,0.18154179253735267
440,1,10,150,44,0.0
442,1,10,150,44,0.0733934381893728
444,1,10,150,44,0.0
445,1,10,150,44,0.0
446,1,10,150,44,0.0
447,1,10,150,44,0.0
448,1,10,150,44,0.0
449,1,10,150,44,0.04971883051739238
450,1,10,150,44,0.12058345741511348
451,1,10,150,44,0.05497526658285817
452,1,10,150,44,0.05780700008370542
453,1,10,150,44,0.1515771522786143
454,1,10,150,44,0.0
455,1,10,150,44,0.0
456,1,10,150,44,0.0
457,1,10,150,44,0.10536103181067501
458,1,10,150,44,0.0
459,1,10,150,44,0.0
460,1,10,150,44,0.0
462,1,10,150,44,0.0
1,1,10,150,45,0.7630155247250489
2,1,10,150,45,0.1011519894320134
3,1,10,150,45,0.0
4,1,10,150,45,0.0
5,1,10,150,45,0.06154139204609571
6,1,10,150,45,0.2708335711970292
7,1,10,150,45,0.2730735066233708
8,1,10,150,45,0.1763575923663448
9,1,10,150,45,0.0
10,1,10,150,45,0.30965595102397153
11,1,10,150,45,0.21778623421708326
12,1,10,150,45,0.05892795017083254
13,1,10,150,45,0.5079063997777519
14,1,10,150,45,0.31168590978846333
15,1,10,150,45,0.050262678017164185
16,1,10,150,45,0.26249284364854314
17,1,10,150,45,0.10122860821230018
18,1,10,150,45,0.25070340904612004
19,1,10,150,45,0.13886244387355454
20,1,10,150,45,0.05692185311373096
21,1,10,150,45,0.056551180222666475
22,1,10,150,45,0.09556961011084661
23,1,10,150,45,0.0
24,1,10,150,45,0.12987294265280755
25,1,10,150,45,0.17085280125179103
26,1,10,150,45,0.0
27,1,10,150,45,0.0
28,1,10,150,45,0.23239697291051764
29,1,10,150,45,0.0
30,1,10,150,45,0.0
31,1,10,150,45,0.038437318942299493
32,1,10,150,45,0.11469999139467348
33,1,10,150,45,0.0
34,1,10,150,45,0.0
35,1,10,150,45,0.0
36,1,10,150,45,0.0
37,1,10,150,45,0.15133867332691472
38,1,10,150,45,0.15805605711944298
39,1,10,150,45,0.0993029104208021
40,1,10,150,45,0.3197267407502473
41,1,10,150,45,0.0
42,1,10,150,45,0.29049511960395813
43,1,10,150,45,0.3984988027327725
44,1,10,150,45,0.09903303264127142
45,1,10,150,45,0.04094516368001556
46,1,10,150,45,0.0
47,1,10,150,45,0.0
48,1,10,150,45,0.1600593927592689
49,1,10,150,45,0.10935836061336174
50,1,10,150,45,0.0
51,1,10,150,45,0.0
52,1,10,150,45,0.02753109834834184
53,1,10,150,45,0.1369821642818139
54,1,10,150,45,0.12836415432918194
55,1,10,150,45,0.0
56,1,10,150,45,0.27068577984729986
57,1,10,150,45,0.18660827389072107
58,1,10,150,45,0.17003157439841737
59,1,10,150,45,0.43402061222417154
60,1,10,150,45,0.2689891129302658
61,1,10,150,45,0.0
62,1,10,150,45,0.2791945691913356
63,1,10,150,45,0.018675981625912094
64,1,10,150,45,0.193859897947236
65,1,10,150,45,0.21318164785015645
66,1,10,150,45,0.0
67,1,10,150,45,0.03314040476303028
68,1,10,150,45,0.0
69,1,10,150,45,0.25224764194294225
70,1,10,150,45,0.0
71,1,10,150,45,0.0
72,1,10,150,45,0.2742958104334002
73,1,10,150,45,0.15507073573085653
74,1,10,150,45,0.03272011597426011
75,1,10,150,45,0.10310690100385646
76,1,10,150,45,0.10235900919628077
77,1,10,150,45,0.3892093845905575
78,1,10,150,45,0.05658242244874664
79,1,10,150,45,0.3698571414087665
80,1,10,150,45,0.11856641546096264
81,1,10,150,45,0.034380101046999886
82,1,10,150,45,0.2577148703083081
83,1,10,150,45,0.14568606672108442
84,1,10,150,45,0.05683844068224461
85,1,10,150,45,0.062463197228761196
86,1,10,150,45,0.0
87,1,10,150,45,0.11973815424990082
88,1,10,150,45,0.0
89,1,10,150,45,0.10502550496736138
90,1,10,150,45,0.28272906182829904
91,1,10,150,45,0.10411445180119208
92,1,10,150,45,0.42796823923220695
93,1,10,150,45,0.0
94,1,10,150,45,0.5488083028246622
95,1,10,150,45,0.29393491655171
96,1,10,150,45,0.2986449121256191
97,1,10,150,45,0.10167134470508642
98,1,10,150,45,0.19533769320769842
99,1,10,150,45,0.17605974673923383
100,1,10,150,45,0.022805505402617214
101,1,10,150,45,0.022125646633235106
102,1,10,150,45,0.015649264981932132
103,1,10,150,45,0.15394621921377785
104,1,10,150,45,0.015869933942176753
105,1,10,150,45,0.05200670101006268
106,1,10,150,45,0.31023153259588415
107,1,10,150,45,0.0
108,1,10,150,45,0.06036985955798015
109,1,10,150,45,0.26466126314089633
110,1,10,150,45,0.0
111,1,10,150,45,0.038281751104512325
112,1,10,150,45,0.0
113,1,10,150,45,0.02769198719673247
114,1,10,150,45,0.0973553014914488
115,1,10,150,45,0.28367628513724025
116,1,10,150,45,0.04363135493273728
117,1,10,150,45,0.2600448813273314
118,1,10,150,45,0.10713028046710026
119,1,10,150,45,0.1337218493772389
120,1,10,150,45,0.12171775198765021
121,1,10,150,45,0.12224177824150011
122,1,10,150,45,0.04617892332445562
123,1,10,150,45,0.023786519936652924
124,1,10,150,45,0.18978688349077963
125,1,10,150,45,0.24748202989667584
126,1,10,150,45,0.0
127,1,10,150,45,0.03689601443280025
128,1,10,150,45,0.2272002405038027
129,1,10,150,45,0.03443731487202246
130,1,10,150,45,0.35512306769689383
131,1,10,150,45,0.25372733625822586
132,1,10,150,45,0.06666588353700116
133,1,10,150,45,0.0
134,1,10,150,45,0.0
135,1,10,150,45,0.023639029246263633
136,1,10,150,45,0.2748136430911722
137,1,10,150,45,0.14200665098341927
138,1,10,150,45,0.04737050724607538
139,1,10,150,45,0.06016179456846956
140,1,10,150,45,0.039232819060514755
141,1,10,150,45,0.087254168110256
142,1,10,150,45,0.04395738023645723
143,1,10,150,45,0.0
144,1,10,150,45,0.17298370829452772
145,1,10,150,45,0.30056513504975635
146,1,10,150,45,0.0
147,1,10,150,45,0.0
148,1,10,150,45,0.2203623546044237
149,1,10,150,45,0.0
150,1,10,150,45,0.0
151,1,10,150,45,0.2386273711975475
152,1,10,150,45,0.07204911448443031
153,1,10,150,45,0.21315403751398063
154,1,10,150,45,0.09962851244557022
155,1,10,150,45,0.0
156,1,10,150,45,0.032014847745354055
157,1,10,150,45,0.027915669265958894
158,1,10,150,45,0.2955837160621659
159,1,10,150,45,0.0
160,1,10,150,45,0.1829879631024594
161,1,10,150,45,0.09235716777162616
162,1,10,150,45,0.0475858026939827
163,1,10,150,45,0.05010834716923557
164,1,10,150,45,0.08464679476489445
165,1,10,150,45,0.13269256804942683
166,1,10,150,45,0.0
167,1,10,150,45,0.1606298866119576
168,1,10,150,45,0.044682472154713174
169,1,10,150,45,0.11095894797669394
170,1,10,150,45,0.0
171,1,10,150,45,0.0
172,1,10,150,45,0.0
173,1,10,150,45,0.0
174,1,10,150,45,0.12762060317028112
175,1,10,150,45,0.07396201032668431
176,1,10,150,45,0.09885099943510027
177,1,10,150,45,0.16911471436331452
178,1,10,150,45,0.35205113626274853
179,1,10,150,45,0.0
180,1,10,150,45,0.13057885818855974
181,1,10,150,45,0.11465007453782153
182,1,10,150,45,0.04195229264874745
183,1,10,150,45,0.02831169742649504
184,1,10,150,45,0.1980988669651957
185,1,10,150,45,0.0
186,1,10,150,45,0.059346711161619776
187,1,10,150,45,0.14854033459794289
188,1,10,150,45,0.10486793647050521
189,1,10,150,45,0.2672719788607797
190,1,10,150,45,0.03175761494935955
191,1,10,150,45,0.0
192,1,10,150,45,0.10363179610670267
193,1,10,150,45,0.018675981625912094
194,1,10,150,45,0.10657975444040214
195,1,10,150,45,0.12590982608839085
196,1,10,150,45,0.07706308624591164
197,1,10,150,45,0.12270548831003548
198,1,10,150,45,0.03221875092905481
199,1,10,150,45,0.02604446852700291
200,1,10,150,45,0.2191476002242465
201,1,10,150,45,0.07541059932245521
202,1,10,150,45,0.0
203,1,10,150,45,0.05370431689540528
204,1,10,150,45,0.027001973670935885
205,1,10,150,45,0.33118408514264214
206,1,10,150,45,0.03974771280526578
207,1,10,150,45,0.14079791943548833
208,1,10,150,45,0.026258715116272383
209,1,10,150,45,0.03243822298569767
210,1,10,150,45,0.1355189440132625
211,1,10,150,45,0.0
212,1,10,150,45,0.047528395396896204
213,1,10,150,45,0.2992920289838667
214,1,10,150,45,0.1630571975557566
215,1,10,150,45,0.22619322643423018
216,1,10,150,45,0.19698435089798197
217,1,10,150,45,0.06482503452845118
218,1,10,150,45,0.0383846381653829
219,1,10,150,45,0.0
220,1,10,150,45,0.0
221,1,10,150,45,0.07215221711633234
222,1,10,150,45,0.2418625423225173
223,1,10,150,45,0.10514081052809715
224,1,10,150,45,0.05254651951310353
225,1,10,150,45,0.10040564991079691
226,1,10,150,45,0.23814675809782818
227,1,10,150,45,0.08428605557054564
228,1,10,150,45,0.0
229,1,10,150,45,0.0
230,1,10,150,45,0.17584409959337513
231,1,10,150,45,0.0
232,1,10,150,45,0.09284505867077336
233,1,10,150,45,0.08714053259863357
234,1,10,150,45,0.26164411264989645
235,1,10,150,45,0.2397647184647068
236,1,10,150,45,0.13397526452357378
237,1,10,150,45,0.24352191769087017
238,1,10,150,45,0.0
239,1,10,150,45,0.13797667629472904
240,1,10,150,45,0.0
241,1,10,150,45,0.047978870624887156
242,1,10,150,45,0.0
243,1,10,150,45,0.12898989924507495
244,1,10,150,45,0.25397034762985143
245,1,10,150,45,0.10760552402297123
246,1,10,150,45,0.10962632589278161
247,1,10,150,45,0.08883649703748449
248,1,10,150,45,0.1352712391738193
249,1,10,150,45,0.335090366222245
250,1,10,150,45,0.1029607736344643
251,1,10,150,45,0.1369922724163038
252,1,10,150,45,0.15744006533381547
253,1,10,150,45,0.2140960796571906
254,1,10,150,45,0.10357567675697947
255,1,10,150,45,0.06847316147390722
256,1,10,150,45,0.2280405220720035
257,1,10,150,45,0.14222480941686058
258,1,10,150,45,0.0
259,1,10,150,45,0.062479569258293385
260,1,10,150,45,0.0
261,1,10,150,45,0.0
262,1,10,150,45,0.0
263,1,10,150,45,0.23736032436506563
264,1,10,150,45,0.08880747052211348
265,1,10,150,45,0.2098491718391187
266,1,10,150,45,0.05919139647768146
267,1,10,150,45,0.1427960970647922
268,1,10,150,45,0.12046191075549609
269,1,10,150,45,0.4673477229176645
270,1,10,150,45,0.08270387167689416
271,1,10,150,45,0.2859620566503882
272,1,10,150,45,0.23321348468935416
273,1,10,150,45,0.0
274,1,10,150,45,0.16749962386359465
275,1,10,150,45,0.01598714051673375
276,1,10,150,45,0.5330990137780403
277,1,10,150,45,0.09982873474912346
278,1,10,150,45,0.044115283111570695
279,1,10,150,45,0.22489792925249608
280,1,10,150,45,0.2636765155846388
281,1,10,150,45,0.049432410190049694
282,1,10,150,45,0.0
283,1,10,150,45,0.16461832298320614
284,1,10,150,45,0.026886842190246972
285,1,10,150,45,0.06473560181867054
286,1,10,150,45,0.24182384426595416
287,1,10,150,45,0.2433793935211444
288,1,10,150,45,0.15119258105595526
289,1,10,150,45,0.0
290,1,10,150,45,0.1361167452834853
291,1,10,150,45,0.18312619785031248
292,1,10,150,45,0.1649460397184109
293,1,10,150,45,0.2591788359903493
294,1,10,150,45,0.0
295,1,10,150,45,0.19929904037280238
296,1,10,150,45,0.2432000971701492
297,1,10,150,45,0.16550055763560031
298,1,10,150,45,0.18172881570820737
299,1,10,150,45,0.17993527028712158
300,1,10,150,45,0.0
301,1,10,150,45,0.4245983758759389
302,1,10,150,45,0.13927874459665815
303,1,10,150,45,0.3429304859215058
304,1,10,150,45,0.0
305,1,10,150,45,0.24087388729840825
306,1,10,150,45,0.08156911164475483
307,1,10,150,45,0.2250951649887703
308,1,10,150,45,0.47143843725141127
309,1,10,150,45,0.0
310,1,10,150,45,0.06900643972011666
311,1,10,150,45,0.3821271270586662
312,1,10,150,45,0.1224627329460571
313,1,10,150,45,0.3060047719493316
314,1,10,150,45,0.196350573477981
315,1,10,150,45,0.24099272903896188
316,1,10,150,45,0.11577931451542922
317,1,10,150,45,0.0
318,1,10,150,45,0.08127245509376695
319,1,10,150,45,0.06591877139737895
320,1,10,150,45,0.27373227472545214
321,1,10,150,45,0.17244556144122541
322,1,10,150,45,0.166014567733701
323,1,10,150,45,0.20144166357013524
324,1,10,150,45,0.0734773909038217
325,1,10,150,45,0.11728833040949115
326,1,10,150,45,0.25084359558920855
327,1,10,150,45,0.020375540085938802
328,1,10,150,45,0.23200626647705042
329,1,10,150,45,0.04249704384086923
330,1,10,150,45,0.21982178833282173
331,1,10,150,45,0.07292595308580271
332,1,10,150,45,0.1316679907833541
333,1,10,150,45,0.0
334,1,10,150,45,0.14261399871365496
335,1,10,150,45,0.0
336,1,10,150,45,0.1252879373315154
337,1,10,150,45,0.03884210089598009
338,1,10,150,45,0.12421963847095985
339,1,10,150,45,0.34159282052756496
340,1,10,150,45,0.2868621552039377
341,1,10,150,45,0.0
342,1,10,150,45,0.11684767342486488
343,1,10,150,45,0.3046165527132028
344,1,10,150,45,0.29080741585375786
345,1,10,150,45,0.13372301219600394
346,1,10,150,45,0.1301890113942429
347,1,10,150,45,0.3042057910490766
348,1,10,150,45,0.18923084143550442
349,1,10,150,45,0.2259984658284476
350,1,10,150,45,0.0
351,1,10,150,45,0.0
352,1,10,150,45,0.11369404114489928
353,1,10,150,45,0.0
354,1,10,150,45,0.18128177517780925
355,1,10,150,45,0.0
356,1,10,150,45,0.0
357,1,10,150,45,0.048851099168414396
358,1,10,150,45,0.06323567569191428
359,1,10,150,45,0.13587623914185412
360,1,10,150,45,0.1518023382802068
361,1,10,150,45,0.15572261253779404
362,1,10,150,45,0.05276490902632437
363,1,10,150,45,0.14001086648263783
364,1,10,150,45,0.0
365,1,10,150,45,0.14456587527532935
366,1,10,150,45,0.13610100259425117
367,1,10,150,45,0.027299924755986534
368,1,10,150,45,0.042512356679180144
369,1,10,150,45,0.0
370,1,10,150,45,0.19811064503366002
371,1,10,150,45,0.098804715452931
372,1,10,150,45,0.09429424592561358
373,1,10,150,45,0.14904139825505858
374,1,10,150,45,0.13951293412474727
375,1,10,150,45,0.04282650856324445
376,1,10,150,45,0.0
377,1,10,150,45,0.0913219819219427
378,1,10,150,45,0.23843855552117985
379,1,10,150,45,0.15808586727798377
380,1,10,150,45,0.0
381,1,10,150,45,0.07774045583593632
382,1,10,150,45,0.0
383,1,10,150,45,0.0928464636084322
384,1,10,150,45,0.0561173220664886
385,1,10,150,45,0.17295882688427416
386,1,10,150,45,0.14606834984270645
387,1,10,150,45,0.19149263128371152
388,1,10,150,45,0.04739418218477539
389,1,10,150,45,0.09184125102051355
390,1,10,150,45,0.05307577057513386
391,1,10,150,45,0.08907375584162422
392,1,10,150,45,0.12891975796820207
393,1,10,150,45,0.34744803664068713
394,1,10,150,45,0.10657019454040408
395,1,10,150,45,0.04720998255710776
396,1,10,150,45,0.0
397,1,10,150,45,0.08269242567753186
398,1,10,150,45,0.1406230079272144
399,1,10,150,45,0.015077999239304984
400,1,10,150,45,0.0
401,1,10,150,45,0.016941778998402247
402,1,10,150,45,0.11288598947105788
403,1,10,150,45,0.09224219235917257
404,1,10,150,45,0.05446824630887794
405,1,10,150,45,0.29668261029006376
406,1,10,150,45,0.19921084452996177
407,1,10,150,45,0.031104745345423533
408,1,10,150,45,0.0
409,1,10,150,45,0.11096484874241842
410,1,10,150,45,0.0
411,1,10,150,45,0.0
412,1,10,150,45,0.15001451003751623
413,1,10,150,45,0.04935421935348238
414,1,10,150,45,0.1309019901681972
415,1,10,150,45,0.0
416,1,10,150,45,0.22714694593349838
417,1,10,150,45,0.15328878835697168
418,1,10,150,45,0.14436292983286242
419,1,10,150,45,0.0
420,1,10,150,45,0.19519002499605084
421,1,10,150,45,0.0
422,1,10,150,45,0.030480958763669998
423,1,10,150,45,0.0
424,1,10,150,45,0.0
425,1,10,150,45,0.0
426,1,10,150,45,0.11229023146606223
427,1,10,150,45,0.0
428,1,10,150,45,0.0
429,1,10,150,45,0.15105685695235924
430,1,10,150,45,0.0
431,1,10,150,45,0.0
432,1,10,150,45,0.0
433,1,10,150,45,0.20451415323992994
434,1,10,150,45,0.0
435,1,10,150,45,0.08127781909048552
436,1,10,150,45,0.09499424853799125
437,1,10,150,45,0.14945564650669343
438,1,10,150,45,0.0
439,1,10,150,45,0.18154179253735267
440,1,10,150,45,0.0
442,1,10,150,45,0.0733934381893728
444,1,10,150,45,0.0
445,1,10,150,45,0.0
446,1,10,150,45,0.0
447,1,10,150,45,0.0
448,1,10,150,45,0.0
449,1,10,150,45,0.04971883051739238
450,1,10,150,45,0.13384329937524062
451,1,10,150,45,0.05497526658285817
452,1,10,150,45,0.05780700008370542
453,1,10,150,45,0.1515771522786143
454,1,10,150,45,0.0
455,1,10,150,45,0.0
456,1,10,150,45,0.0
457,1,10,150,45,0.10536103181067501
458,1,10,150,45,0.0
459,1,10,150,45,0.0
460,1,10,150,45,0.0
462,1,10,150,45,0.0
1,1,10,150,46,0.7517440426749196
2,1,10,150,46,0.1011519894320134
3,1,10,150,46,0.0
4,1,10,150,46,0.0
5,1,10,150,46,0.06063228512322216
6,1,10,150,46,0.26683274075859253
7,1,10,150,46,0.2838118712520731
8,1,10,150,46,0.1763575923663448
9,1,10,150,46,0.0
10,1,10,150,46,0.3050816253640315
11,1,10,150,46,0.214569034107521
12,1,10,150,46,0.05892795017083254
13,1,10,150,46,0.5004034621798522
14,1,10,150,46,0.30708159700108606
15,1,10,150,46,0.050262678017164185
16,1,10,150,46,0.25861522480646504
17,1,10,150,46,0.10122860821230018
18,1,10,150,46,0.24699994708053574
19,1,10,150,46,0.13886244387355454
20,1,10,150,46,0.05692185311373096
21,1,10,150,46,0.05571579012621581
22,1,10,150,46,0.09415782868570399
23,1,10,150,46,0.0
24,1,10,150,46,0.12987294265280755
25,1,10,150,46,0.17085280125179103
26,1,10,150,46,0.0
27,1,10,150,46,0.0
28,1,10,150,46,0.23239697291051764
29,1,10,150,46,0.0
30,1,10,150,46,0.0
31,1,10,150,46,0.038437318942299493
32,1,10,150,46,0.11469999139467348
33,1,10,150,46,0.0
34,1,10,150,46,0.0
35,1,10,150,46,0.0
36,1,10,150,46,0.0
37,1,10,150,46,0.15133867332691472
38,1,10,150,46,0.15572120815109733
39,1,10,150,46,0.0993029104208021
40,1,10,150,46,0.3197267407502473
41,1,10,150,46,0.0
42,1,10,150,46,0.2862038431879952
43,1,10,150,46,0.3926120652334025
44,1,10,150,46,0.09757008855479533
45,1,10,150,46,0.04094516368001556
46,1,10,150,46,0.0
47,1,10,150,46,0.0
48,1,10,150,46,0.1600593927592689
49,1,10,150,46,0.10774288784938454
50,1,10,150,46,0.0
51,1,10,150,46,0.0
52,1,10,150,46,0.02753109834834184
53,1,10,150,46,0.1369821642818139
54,1,10,150,46,0.12836415432918194
55,1,10,150,46,0.0
56,1,10,150,46,0.26668713262465843
57,1,10,150,46,0.18385164346655922
58,1,10,150,46,0.16751981968742694
59,1,10,150,46,0.44238142049521856
60,1,10,150,46,0.2650155293532262
61,1,10,150,46,0.0
62,1,10,150,46,0.27507022771575723
63,1,10,150,46,0.033669757978328795
64,1,10,150,46,0.19099614447283642
65,1,10,150,46,0.21318164785015645
66,1,10,150,46,0.0
67,1,10,150,46,0.03314040476303028
68,1,10,150,46,0.0
69,1,10,150,46,0.25224764194294225
70,1,10,150,46,0.0
71,1,10,150,46,0.0
72,1,10,150,46,0.2850161188430504
73,1,10,150,46,0.15507073573085653
74,1,10,150,46,0.03272011597426011
75,1,10,150,46,0.10310690100385646
76,1,10,150,46,0.10235900919628077
77,1,10,150,46,0.3892093845905575
78,1,10,150,46,0.05658242244874664
79,1,10,150,46,0.3698571414087665
80,1,10,150,46,0.11856641546096264
81,1,10,150,46,0.034380101046999886
82,1,10,150,46,0.25390783304549713
83,1,10,150,46,0.14353395076434505
84,1,10,150,46,0.05683844068224461
85,1,10,150,46,0.061540473137909474
86,1,10,150,46,0.0
87,1,10,150,46,0.11796934822615746
88,1,10,150,46,0.0
89,1,10,150,46,0.10502550496736138
90,1,10,150,46,0.27855250782358737
91,1,10,150,46,0.10257644354761287
92,1,10,150,46,0.421646170846679
93,1,10,150,46,0.0
94,1,10,150,46,0.5407011506976079
95,1,10,150,46,0.2895928264782312
96,1,10,150,46,0.3192059701305876
97,1,10,150,46,0.10167134470508642
98,1,10,150,46,0.19533769320769842
99,1,10,150,46,0.18823122618371077
100,1,10,150,46,0.022805505402617214
101,1,10,150,46,0.022125646633235106
102,1,10,150,46,0.01541808959476668
103,1,10,150,46,0.15394621921377785
104,1,10,150,46,0.015635498770454077
105,1,10,150,46,0.05200670101006268
106,1,10,150,46,0.31023153259588415
107,1,10,150,46,0.0
108,1,10,150,46,0.06036985955798015
109,1,10,150,46,0.2755238958196467
110,1,10,150,46,0.0
111,1,10,150,46,0.038281751104512325
112,1,10,150,46,0.0
113,1,10,150,46,0.02769198719673247
114,1,10,150,46,0.0973553014914488
115,1,10,150,46,0.28367628513724025
116,1,10,150,46,0.04298682016508051
117,1,10,150,46,0.25620342447995564
118,1,10,150,46,0.10713028046710026
119,1,10,150,46,0.13174647223729305
120,1,10,150,46,0.12171775198765021
121,1,10,150,46,0.12224177824150011
122,1,10,150,46,0.04617892332445562
123,1,10,150,46,0.023786519936652924
124,1,10,150,46,0.18978688349077963
125,1,10,150,46,0.24382615505885372
126,1,10,150,46,0.0
127,1,10,150,46,0.03689601443280025
128,1,10,150,46,0.2238439740195179
129,1,10,150,46,0.03443731487202246
130,1,10,150,46,0.3646493729049251
131,1,10,150,46,0.25372733625822586
132,1,10,150,46,0.06666588353700116
133,1,10,150,46,0.0
134,1,10,150,46,0.0
135,1,10,150,46,0.023639029246263633
136,1,10,150,46,0.2748136430911722
137,1,10,150,46,0.14200665098341927
138,1,10,150,46,0.04737050724607538
139,1,10,150,46,0.06016179456846956
140,1,10,150,46,0.039232819060514755
141,1,10,150,46,0.087254168110256
142,1,10,150,46,0.04395738023645723
143,1,10,150,46,0.0
144,1,10,150,46,0.17042834382313093
145,1,10,150,46,0.31089738553491153
146,1,10,150,46,0.0
147,1,10,150,46,0.0
148,1,10,150,46,0.2203623546044237
149,1,10,150,46,0.0
150,1,10,150,46,0.0
151,1,10,150,46,0.23510229989301287
152,1,10,150,46,0.07204911448443031
153,1,10,150,46,0.21315403751398063
154,1,10,150,46,0.09962851244557022
155,1,10,150,46,0.0
156,1,10,150,46,0.032014847745354055
157,1,10,150,46,0.027915669265958894
158,1,10,150,46,0.29121726945401094
159,1,10,150,46,0.0
160,1,10,150,46,0.1802848129375367
161,1,10,150,46,0.09235716777162616
162,1,10,150,46,0.0475858026939827
163,1,10,150,46,0.05010834716923557
164,1,10,150,46,0.08464679476489445
165,1,10,150,46,0.13269256804942683
166,1,10,150,46,0.0
167,1,10,150,46,0.1606298866119576
168,1,10,150,46,0.044682472154713174
169,1,10,150,46,0.11095894797669394
170,1,10,150,46,0.0
171,1,10,150,46,0.0
172,1,10,150,46,0.0
173,1,10,150,46,0.0
174,1,10,150,46,0.14050763940170266
175,1,10,150,46,0.10467701423324277
176,1,10,150,46,0.09885099943510027
177,1,10,150,46,0.16661650376917786
178,1,10,150,46,0.34685053688497947
179,1,10,150,46,0.0
180,1,10,150,46,0.13057885818855974
181,1,10,150,46,0.1277287151022141
182,1,10,150,46,0.04195229264874745
183,1,10,150,46,0.02831169742649504
184,1,10,150,46,0.19517249423647073
185,1,10,150,46,0.0
186,1,10,150,46,0.059346711161619776
187,1,10,150,46,0.14854033459794289
188,1,10,150,46,0.1180910815568436
189,1,10,150,46,0.2633237612759312
190,1,10,150,46,0.03175761494935955
191,1,10,150,46,0.0
192,1,10,150,46,0.10363179610670267
193,1,10,150,46,0.01840009472080506
194,1,10,150,46,0.10500532803601795
195,1,10,150,46,0.12404985037531266
196,1,10,150,46,0.07706308624591164
197,1,10,150,46,0.1208928479847455
198,1,10,150,46,0.031742806389256244
199,1,10,150,46,0.02604446852700291
200,1,10,150,46,0.23068257365882291
201,1,10,150,46,0.07429661253043175
202,1,10,150,46,0.0
203,1,10,150,46,0.05370431689540528
204,1,10,150,46,0.027001973670935885
205,1,10,150,46,0.33118408514264214
206,1,10,150,46,0.03974771280526578
207,1,10,150,46,0.13871801257882962
208,1,10,150,46,0.026258715116272383
209,1,10,150,46,0.03243822298569767
210,1,10,150,46,0.1335170196809255
211,1,10,150,46,0.0
212,1,10,150,46,0.047528395396896204
213,1,10,150,46,0.2948708021239623
214,1,10,150,46,0.16064847032041446
215,1,10,150,46,0.22619322643423018
216,1,10,150,46,0.19407444211715727
217,1,10,150,46,0.06482503452845118
218,1,10,150,46,0.0383846381653829
219,1,10,150,46,0.0
220,1,10,150,46,0.0
221,1,10,150,46,0.07108636407173428
222,1,10,150,46,0.2382896801512407
223,1,10,150,46,0.103587640611888
224,1,10,150,46,0.05177028740209617
225,1,10,150,46,0.10040564991079691
226,1,10,150,46,0.23814675809782818
227,1,10,150,46,0.08428605557054564
228,1,10,150,46,0.0
229,1,10,150,46,0.0
230,1,10,150,46,0.17324648060927633
231,1,10,150,46,0.0
232,1,10,150,46,0.0914735250933564
233,1,10,150,46,0.08714053259863357
234,1,10,150,46,0.257779031503195
235,1,10,150,46,0.23622284594330153
236,1,10,150,46,0.13199614386310893
237,1,10,150,46,0.24352191769087017
238,1,10,150,46,0.0
239,1,10,150,46,0.13593844564306182
240,1,10,150,46,0.0
241,1,10,150,46,0.047978870624887156
242,1,10,150,46,0.0
243,1,10,150,46,0.12898989924507495
244,1,10,150,46,0.2502186255196014
245,1,10,150,46,0.10760552402297123
246,1,10,150,46,0.10800689466958681
247,1,10,150,46,0.08883649703748449
248,1,10,150,46,0.1352712391738193
249,1,10,150,46,0.33014031615687267
250,1,10,150,46,0.1014398078424426
251,1,10,150,46,0.1369922724163038
252,1,10,150,46,0.15744006533381547
253,1,10,150,46,0.2140960796571906
254,1,10,150,46,0.10204562744138136
255,1,10,150,46,0.06847316147390722
256,1,10,150,46,0.2246718427097285
257,1,10,150,46,0.14222480941686058
258,1,10,150,46,0.0
259,1,10,150,46,0.062479569258293385
260,1,10,150,46,0.0
261,1,10,150,46,0.0
262,1,10,150,46,0.0
263,1,10,150,46,0.23385397023621904
264,1,10,150,46,0.08749558134362252
265,1,10,150,46,0.2098491718391187
266,1,10,150,46,0.05919139647768146
267,1,10,150,46,0.14068667256065212
268,1,10,150,46,0.1186824131950839
269,1,10,150,46,0.46044392961420133
270,1,10,150,46,0.09625443062361123
271,1,10,150,46,0.28173774392789885
272,1,10,150,46,0.23321348468935416
273,1,10,150,46,0.0
274,1,10,150,46,0.16749962386359465
275,1,10,150,46,0.0157509739362016
276,1,10,150,46,0.5252239237306836
277,1,10,150,46,0.09982873474912346
278,1,10,150,46,0.044115283111570695
279,1,10,150,46,0.22157567316393978
280,1,10,150,46,0.25978141120452297
281,1,10,150,46,0.049432410190049694
282,1,10,150,46,0.0
283,1,10,150,46,0.18675758970511055
284,1,10,150,46,0.026886842190246972
285,1,10,150,46,0.06473560181867054
286,1,10,150,46,0.253023837782825
287,1,10,150,46,0.2433793935211444
288,1,10,150,46,0.17002466258190901
289,1,10,150,46,0.0
290,1,10,150,46,0.1341059900609914
291,1,10,150,46,0.18042100564243174
292,1,10,150,46,0.1625094099701552
293,1,10,150,46,0.2701224566401384
294,1,10,150,46,0.0
295,1,10,150,46,0.19635493834161563
296,1,10,150,46,0.2396074762587584
297,1,10,150,46,0.16305573639117246
298,1,10,150,46,0.19381655005569207
299,1,10,150,46,0.17727721536752175
300,1,10,150,46,0.0
301,1,10,150,46,0.4330983720985147
302,1,10,150,46,0.13927874459665815
303,1,10,150,46,0.3526369034105756
304,1,10,150,46,0.0
305,1,10,150,46,0.23731562981995494
306,1,10,150,46,0.08156911164475483
307,1,10,150,46,0.221769995277897
308,1,10,150,46,0.4792464987833911
309,1,10,150,46,0.0
310,1,10,150,46,0.06900643972011666
311,1,10,150,46,0.3764822366023923
312,1,10,150,46,0.12065367867195348
313,1,10,150,46,0.3162566665731891
314,1,10,150,46,0.193450027037216
315,1,10,150,46,0.24099272903896188
316,1,10,150,46,0.11577931451542922
317,1,10,150,46,0.0
318,1,10,150,46,0.08007187530334993
319,1,10,150,46,0.06591877139737895
320,1,10,150,46,0.26968862381517633
321,1,10,150,46,0.16989814662799516
322,1,10,150,46,0.166014567733701
323,1,10,150,46,0.20144166357013524
324,1,10,150,46,0.0734773909038217
325,1,10,150,46,0.11555571387934045
326,1,10,150,46,0.2471380627481926
327,1,10,150,46,0.020074546820535572
328,1,10,150,46,0.2285790040120358
329,1,10,150,46,0.04249704384086923
330,1,10,150,46,0.21657451843970446
331,1,10,150,46,0.07292595308580271
332,1,10,150,46,0.12972295382591345
333,1,10,150,46,0.03535057968151573
334,1,10,150,46,0.14050726421807916
335,1,10,150,46,0.0
336,1,10,150,46,0.1252879373315154
337,1,10,150,46,0.07245894813912952
338,1,10,150,46,0.12421963847095985
339,1,10,150,46,0.33654671436030587
340,1,10,150,46,0.2868621552039377
341,1,10,150,46,0.0
342,1,10,150,46,0.11512156640485066
343,1,10,150,46,0.300116670476447
344,1,10,150,46,0.2865115261088916
345,1,10,150,46,0.131747617878569
346,1,10,150,46,0.12826582234041195
347,1,10,150,46,0.3144842607297562
348,1,10,150,46,0.18923084143550442
349,1,10,150,46,0.2259984658284476
350,1,10,150,46,0.0
351,1,10,150,46,0.0
352,1,10,150,46,0.11369404114489928
353,1,10,150,46,0.0
354,1,10,150,46,0.19337611333498164
355,1,10,150,46,0.0
356,1,10,150,46,0.0
357,1,10,150,46,0.048851099168414396
358,1,10,150,46,0.06323567569191428
359,1,10,150,46,0.13587623914185412
360,1,10,150,46,0.1518023382802068
361,1,10,150,46,0.15572261253779404
362,1,10,150,46,0.05276490902632437
363,1,10,150,46,0.13794258619574487
364,1,10,150,46,0.0
365,1,10,150,46,0.14456587527532935
366,1,10,150,46,0.13610100259425117
367,1,10,150,46,0.027299924755986534
368,1,10,150,46,0.042512356679180144
369,1,10,150,46,0.0
370,1,10,150,46,0.19811064503366002
371,1,10,150,46,0.098804715452931
372,1,10,150,46,0.09429424592561358
373,1,10,150,46,0.14683971638788632
374,1,10,150,46,0.13745200943607253
375,1,10,150,46,0.04282650856324445
376,1,10,150,46,0.0
377,1,10,150,46,0.0913219819219427
378,1,10,150,46,0.23491627345544572
379,1,10,150,46,0.15575057794550914
380,1,10,150,46,0.0
381,1,10,150,46,0.07774045583593632
382,1,10,150,46,0.0
383,1,10,150,46,0.0928464636084322
384,1,10,150,46,0.0561173220664886
385,1,10,150,46,0.1704038299681367
386,1,10,150,46,0.14606834984270645
387,1,10,150,46,0.18866384774483902
388,1,10,150,46,0.04739418218477539
389,1,10,150,46,0.09048454597481717
390,1,10,150,46,0.05307577057513386
391,1,10,150,46,0.08907375584162422
392,1,10,150,46,0.12891975796820207
393,1,10,150,46,0.3423154355579511
394,1,10,150,46,0.10657019454040408
395,1,10,150,46,0.04720998255710776
396,1,10,150,46,0.0
397,1,10,150,46,0.08269242567753186
398,1,10,150,46,0.1406230079272144
399,1,10,150,46,0.01485526275194592
400,1,10,150,46,0.0
401,1,10,150,46,0.016941778998402247
402,1,10,150,46,0.11288598947105788
403,1,10,150,46,0.09224219235917257
404,1,10,150,46,0.05446824630887794
405,1,10,150,46,0.292299930504256
406,1,10,150,46,0.19626804535281567
407,1,10,150,46,0.031104745345423533
408,1,10,150,46,0.0
409,1,10,150,46,0.10932564447950885
410,1,10,150,46,0.0
411,1,10,150,46,0.0
412,1,10,150,46,0.15001451003751623
413,1,10,150,46,0.04935421935348238
414,1,10,150,46,0.1309019901681972
415,1,10,150,46,0.0
416,1,10,150,46,0.23856375076120784
417,1,10,150,46,0.15102436283683002
418,1,10,150,46,0.14436292983286242
419,1,10,150,46,0.0
420,1,10,150,46,0.19519002499605084
421,1,10,150,46,0.0
422,1,10,150,46,0.030480958763669998
423,1,10,150,46,0.0
424,1,10,150,46,0.0
425,1,10,150,46,0.0
426,1,10,150,46,0.11229023146606223
427,1,10,150,46,0.0
428,1,10,150,46,0.0
429,1,10,150,46,0.1488254021568608
430,1,10,150,46,0.0
431,1,10,150,46,0.0
432,1,10,150,46,0.0
433,1,10,150,46,0.20451415323992994
434,1,10,150,46,0.0
435,1,10,150,46,0.08127781909048552
436,1,10,150,46,0.09499424853799125
437,1,10,150,46,0.14945564650669343
438,1,10,150,46,0.0
439,1,10,150,46,0.18154179253735267
440,1,10,150,46,0.0
442,1,10,150,46,0.0733934381893728
444,1,10,150,46,0.0
445,1,10,150,46,0.0
446,1,10,150,46,0.0
447,1,10,150,46,0.0
448,1,10,150,46,0.0
449,1,10,150,46,0.04971883051739238
450,1,10,150,46,0.13186612814142892
451,1,10,150,46,0.05497526658285817
452,1,10,150,46,0.05780700008370542
453,1,10,150,46,0.1515771522786143
454,1,10,150,46,0.0
455,1,10,150,46,0.0
456,1,10,150,46,0.0
457,1,10,150,46,0.10536103181067501
458,1,10,150,46,0.0
459,1,10,150,46,0.0
460,1,10,150,46,0.0
462,1,10,150,46,0.0
1,1,10,150,47,0.7408593771485196
2,1,10,150,47,0.1011519894320134
3,1,10,150,47,0.0
4,1,10,150,47,0.039407921945699885
5,1,10,150,47,0.0597543770771281
6,1,10,150,47,0.262969211459025
7,1,10,150,47,0.2941817149659799
8,1,10,150,47,0.1763575923663448
9,1,10,150,47,0.0
10,1,10,150,47,0.3006642821436956
11,1,10,150,47,0.21146224238586978
12,1,10,150,47,0.08039170127480796
13,1,10,150,47,0.5076372291319253
14,1,10,150,47,0.3026352957563485
15,1,10,150,47,0.050262678017164185
16,1,10,150,47,0.2548706787079862
17,1,10,150,47,0.10122860821230018
18,1,10,150,47,0.24342358111500892
19,1,10,150,47,0.13886244387355454
20,1,10,150,47,0.05692185311373096
21,1,10,150,47,0.05490906908070537
22,1,10,150,47,0.09279449700130628
23,1,10,150,47,0.0
24,1,10,150,47,0.12987294265280755
25,1,10,150,47,0.17085280125179103
26,1,10,150,47,0.0
27,1,10,150,47,0.0
28,1,10,150,47,0.23239697291051764
29,1,10,150,47,0.0
30,1,10,150,47,0.0
31,1,10,150,47,0.038437318942299493
32,1,10,150,47,0.11469999139467348
33,1,10,150,47,0.0
34,1,10,150,47,0.0
35,1,10,150,47,0.0
36,1,10,150,47,0.0
37,1,10,150,47,0.15133867332691472
38,1,10,150,47,0.15346648690307732
39,1,10,150,47,0.0993029104208021
40,1,10,150,47,0.3197267407502473
41,1,10,150,47,0.0
42,1,10,150,47,0.2820598354824114
43,1,10,150,47,0.38692734973304604
44,1,10,150,47,0.09615735001745859
45,1,10,150,47,0.04094516368001556
46,1,10,150,47,0.0
47,1,10,150,47,0.0
48,1,10,150,47,0.1600593927592689
49,1,10,150,47,0.10618285513809626
50,1,10,150,47,0.0
51,1,10,150,47,0.0
52,1,10,150,47,0.02753109834834184
53,1,10,150,47,0.1369821642818139
54,1,10,150,47,0.12836415432918194
55,1,10,150,47,0.0
56,1,10,150,47,0.2628257116169374
57,1,10,150,47,0.18118961552618246
58,1,10,150,47,0.1650942637763321
59,1,10,150,47,0.43597608367332585
60,1,10,150,47,0.2756575293903954
61,1,10,150,47,0.0
62,1,10,150,47,0.27108742605057473
63,1,10,150,47,0.033669757978328795
64,1,10,150,47,0.18823066974819294
65,1,10,150,47,0.21318164785015645
66,1,10,150,47,0.0
67,1,10,150,47,0.03314040476303028
68,1,10,150,47,0.0
69,1,10,150,47,0.25224764194294225
70,1,10,150,47,0.0
71,1,10,150,47,0.0
72,1,10,150,47,0.2808893084566317
73,1,10,150,47,0.15507073573085653
74,1,10,150,47,0.03272011597426011
75,1,10,150,47,0.10310690100385646
76,1,10,150,47,0.10235900919628077
77,1,10,150,47,0.3892093845905575
78,1,10,150,47,0.05658242244874664
79,1,10,150,47,0.3698571414087665
80,1,10,150,47,0.11856641546096264
81,1,10,150,47,0.034380101046999886
82,1,10,150,47,0.2502314462963595
83,1,10,150,47,0.14145569146721318
84,1,10,150,47,0.05683844068224461
85,1,10,150,47,0.06064941523998582
86,1,10,150,47,0.0
87,1,10,150,47,0.11626124437043539
88,1,10,150,47,0.0
89,1,10,150,47,0.10502550496736138
90,1,10,150,47,0.27451928546719717
91,1,10,150,47,0.11557043444475204
92,1,10,150,47,0.4155410642151416
93,1,10,150,47,0.0
94,1,10,150,47,0.5473514386513746
95,1,10,150,47,0.2853997489463572
96,1,10,150,47,0.3192059701305876
97,1,10,150,47,0.10167134470508642
98,1,10,150,47,0.19533769320769842
99,1,10,150,47,0.18550578531244893
100,1,10,150,47,0.022805505402617214
101,1,10,150,47,0.022125646633235106
102,1,10,150,47,0.015194847721511591
103,1,10,150,47,0.15394621921377785
104,1,10,150,47,0.015409108982449566
105,1,10,150,47,0.05200670101006268
106,1,10,150,47,0.31023153259588415
107,1,10,150,47,0.0
108,1,10,150,47,0.06036985955798015
109,1,10,150,47,0.286013742932785
110,1,10,150,47,0.0
111,1,10,150,47,0.038281751104512325
112,1,10,150,47,0.0
113,1,10,150,47,0.02769198719673247
114,1,10,150,47,0.0973553014914488
115,1,10,150,47,0.28367628513724025
116,1,10,150,47,0.04236440464466548
117,1,10,150,47,0.2669730169005481
118,1,10,150,47,0.10713028046710026
119,1,10,150,47,0.14431810394345962
120,1,10,150,47,0.12171775198765021
121,1,10,150,47,0.12224177824150011
122,1,10,150,47,0.04617892332445562
123,1,10,150,47,0.023786519936652924
124,1,10,150,47,0.18978688349077963
125,1,10,150,47,0.24029574311842758
126,1,10,150,47,0.0
127,1,10,150,47,0.03689601443280025
128,1,10,150,47,0.22060288842523373
129,1,10,150,47,0.03443731487202246
130,1,10,150,47,0.37384875284721325
131,1,10,150,47,0.25372733625822586
132,1,10,150,47,0.06666588353700116
133,1,10,150,47,0.0
134,1,10,150,47,0.0
135,1,10,150,47,0.023639029246263633
136,1,10,150,47,0.2748136430911722
137,1,10,150,47,0.14200665098341927
138,1,10,150,47,0.04737050724607538
139,1,10,150,47,0.06016179456846956
140,1,10,150,47,0.039232819060514755
141,1,10,150,47,0.087254168110256
142,1,10,150,47,0.04395738023645723
143,1,10,150,47,0.0
144,1,10,150,47,0.1679606747583622
145,1,10,150,47,0.3208750521954024
146,1,10,150,47,0.0
147,1,10,150,47,0.0
148,1,10,150,47,0.2203623546044237
149,1,10,150,47,0.0
150,1,10,150,47,0.0
151,1,10,150,47,0.2316982025492985
152,1,10,150,47,0.07204911448443031
153,1,10,150,47,0.21315403751398063
154,1,10,150,47,0.09962851244557022
155,1,10,150,47,0.0
156,1,10,150,47,0.032014847745354055
157,1,10,150,47,0.05052607344558517
158,1,10,150,47,0.3014798887964002
159,1,10,150,47,0.0167081222164377
160,1,10,150,47,0.17767442991230897
161,1,10,150,47,0.09235716777162616
162,1,10,150,47,0.0475858026939827
163,1,10,150,47,0.05010834716923557
164,1,10,150,47,0.10419060831992506
165,1,10,150,47,0.13269256804942683
166,1,10,150,47,0.0
167,1,10,150,47,0.1606298866119576
168,1,10,150,47,0.044682472154713174
169,1,10,150,47,0.11095894797669394
170,1,10,150,47,0.0
171,1,10,150,47,0.0
172,1,10,150,47,0.0
173,1,10,150,47,0.0
174,1,10,150,47,0.15295241626261344
175,1,10,150,47,0.10467701423324277
176,1,10,150,47,0.09885099943510027
177,1,10,150,47,0.16420402716576846
178,1,10,150,47,0.34182841250842777
179,1,10,150,47,0.0
180,1,10,150,47,0.13057885818855974
181,1,10,150,47,0.12587930325046545
182,1,10,150,47,0.04195229264874745
183,1,10,150,47,0.02831169742649504
184,1,10,150,47,0.19234654923508698
185,1,10,150,47,0.0
186,1,10,150,47,0.059346711161619776
187,1,10,150,47,0.14854033459794289
188,1,10,150,47,0.11638121509774497
189,1,10,150,47,0.2595110392536278
190,1,10,150,47,0.03175761494935955
191,1,10,150,47,0.0
192,1,10,150,47,0.10363179610670267
193,1,10,150,47,0.01813367574663216
194,1,10,150,47,0.10348493304878928
195,1,10,150,47,0.12225370560623582
196,1,10,150,47,0.07706308624591164
197,1,10,150,47,0.11914241414004804
198,1,10,150,47,0.045762412927782645
199,1,10,150,47,0.02604446852700291
200,1,10,150,47,0.24182168803019627
201,1,10,150,47,0.07322085571530527
202,1,10,150,47,0.0
203,1,10,150,47,0.05370431689540528
204,1,10,150,47,0.027001973670935885
205,1,10,150,47,0.33118408514264214
206,1,10,150,47,0.03974771280526578
207,1,10,150,47,0.13670948429833293
208,1,10,150,47,0.026258715116272383
209,1,10,150,47,0.03243822298569767
210,1,10,150,47,0.1315837977080085
211,1,10,150,47,0.0
212,1,10,150,47,0.047528395396896204
213,1,10,150,47,0.2906013036345562
214,1,10,150,47,0.17280162370906746
215,1,10,150,47,0.22619322643423018
216,1,10,150,47,0.19126439605127654
217,1,10,150,47,0.06482503452845118
218,1,10,150,47,0.0383846381653829
219,1,10,150,47,0.0
220,1,10,150,47,0.0
221,1,10,150,47,0.07005708914239066
222,1,10,150,47,0.23483943203539273
223,1,10,150,47,0.10208777262927346
224,1,10,150,47,0.05102069414882301
225,1,10,150,47,0.10040564991079691
226,1,10,150,47,0.23814675809782818
227,1,10,150,47,0.08428605557054564
228,1,10,150,47,0.0
229,1,10,150,47,0.0
230,1,10,150,47,0.17073800712893064
231,1,10,150,47,0.0
232,1,10,150,47,0.0914735250933564
233,1,10,150,47,0.08714053259863357
234,1,10,150,47,0.2540465928294575
235,1,10,150,47,0.23280252396956425
236,1,10,150,47,0.13008494298200557
237,1,10,150,47,0.24352191769087017
238,1,10,150,47,0.0
239,1,10,150,47,0.1339701633168881
240,1,10,150,47,0.0
241,1,10,150,47,0.047978870624887156
242,1,10,150,47,0.0
243,1,10,150,47,0.12898989924507495
244,1,10,150,47,0.24659565560877217
245,1,10,150,47,0.10760552402297123
246,1,10,150,47,0.10644303934611743
247,1,10,150,47,0.08883649703748449
248,1,10,150,47,0.1352712391738193
249,1,10,150,47,0.3398393602388294
250,1,10,150,47,0.099971038797731
251,1,10,150,47,0.1369922724163038
252,1,10,150,47,0.15744006533381547
253,1,10,150,47,0.2140960796571906
254,1,10,150,47,0.10056808660290827
255,1,10,150,47,0.06847316147390722
256,1,10,150,47,0.22141877022458634
257,1,10,150,47,0.14222480941686058
258,1,10,150,47,0.0
259,1,10,150,47,0.062479569258293385
260,1,10,150,47,0.0
261,1,10,150,47,0.0
262,1,10,150,47,0.0
263,1,10,150,47,0.23046794772916387
264,1,10,150,47,0.08622871378777934
265,1,10,150,47,0.2098491718391187
266,1,10,150,47,0.05919139647768146
267,1,10,150,47,0.13864963962402124
268,1,10,150,47,0.11696398471655838
269,1,10,150,47,0.453777061793502
270,1,10,150,47,0.09486074178366503
271,1,10,150,47,0.27765840184504603
272,1,10,150,47,0.23321348468935416
273,1,10,150,47,0.0
274,1,10,150,47,0.16749962386359465
275,1,10,150,47,0.015522912158152052
276,1,10,150,47,0.5176190922830947
277,1,10,150,47,0.09982873474912346
278,1,10,150,47,0.044115283111570695
279,1,10,150,47,0.2328466483286708
280,1,10,150,47,0.25601997963949735
281,1,10,150,47,0.049432410190049694
282,1,10,150,47,0.0
283,1,10,150,47,0.18675758970511055
284,1,10,150,47,0.0531693599976256
285,1,10,150,47,0.06473560181867054
286,1,10,150,47,0.2493602505933977
287,1,10,150,47,0.2433793935211444
288,1,10,150,47,0.17002466258190901
289,1,10,150,47,0.0
290,1,10,150,47,0.13216424025781826
291,1,10,150,47,0.17780865065340284
292,1,10,150,47,0.1601564008713087
293,1,10,150,47,0.2662112948286855
294,1,10,150,47,0.0
295,1,10,150,47,0.19351187247480756
296,1,10,150,47,0.2506173650238864
297,1,10,150,47,0.1606948169132296
298,1,10,150,47,0.19101023806507048
299,1,10,150,47,0.1747103800017755
300,1,10,150,47,0.0
301,1,10,150,47,0.42682744655376886
302,1,10,150,47,0.13927874459665815
303,1,10,150,47,0.3475309969743481
304,1,10,150,47,0.0
305,1,10,150,47,0.2338794851907461
306,1,10,150,47,0.08156911164475483
307,1,10,150,47,0.21855893927298092
308,1,10,150,47,0.48678660201091417
309,1,10,150,47,0.0
310,1,10,150,47,0.06900643972011666
311,1,10,150,47,0.3710310683996267
312,1,10,150,47,0.11890670781176424
313,1,10,150,47,0.3261567350376822
314,1,10,150,47,0.19064902201311146
315,1,10,150,47,0.24099272903896188
316,1,10,150,47,0.11577931451542922
317,1,10,150,47,0.0
318,1,10,150,47,0.0789124972021982
319,1,10,150,47,0.06591877139737895
320,1,10,150,47,0.265783743563571
321,1,10,150,47,0.1674381544037526
322,1,10,150,47,0.166014567733701
323,1,10,150,47,0.20144166357013524
324,1,10,150,47,0.0734773909038217
325,1,10,150,47,0.1138825575603819
326,1,10,150,47,0.24355969697586846
327,1,10,150,47,0.019783883090154573
328,1,10,150,47,0.22526935888844346
329,1,10,150,47,0.04249704384086923
330,1,10,150,47,0.22791790641162632
331,1,10,150,47,0.07292595308580271
332,1,10,150,47,0.1278446669578627
333,1,10,150,47,0.03535057968151573
334,1,10,150,47,0.13847282897386845
335,1,10,150,47,0.0
336,1,10,150,47,0.1252879373315154
337,1,10,150,47,0.07245894813912952
338,1,10,150,47,0.12421963847095985
339,1,10,150,47,0.33167378127155656
340,1,10,150,47,0.2868621552039377
341,1,10,150,47,0.0
342,1,10,150,47,0.11345469620161859
343,1,10,150,47,0.29577121591799227
344,1,10,150,47,0.2823630633953636
345,1,10,150,47,0.12984001545925952
346,1,10,150,47,0.12640863359612048
347,1,10,150,47,0.30993077470653435
348,1,10,150,47,0.18923084143550442
349,1,10,150,47,0.2259984658284476
350,1,10,150,47,0.0
351,1,10,150,47,0.0
352,1,10,150,47,0.11369404114489928
353,1,10,150,47,0.0
354,1,10,150,47,0.19057617852345074
355,1,10,150,47,0.0
356,1,10,150,47,0.0
357,1,10,150,47,0.048851099168414396
358,1,10,150,47,0.06323567569191428
359,1,10,150,47,0.13587623914185412
360,1,10,150,47,0.1518023382802068
361,1,10,150,47,0.15572261253779404
362,1,10,150,47,0.05276490902632437
363,1,10,150,47,0.13594528548253315
364,1,10,150,47,0.0
365,1,10,150,47,0.14456587527532935
366,1,10,150,47,0.13610100259425117
367,1,10,150,47,0.027299924755986534
368,1,10,150,47,0.042512356679180144
369,1,10,150,47,0.0
370,1,10,150,47,0.19811064503366002
371,1,10,150,47,0.098804715452931
372,1,10,150,47,0.09429424592561358
373,1,10,150,47,0.14471359219116325
374,1,10,150,47,0.13546181189048295
375,1,10,150,47,0.04282650856324445
376,1,10,150,47,0.0
377,1,10,150,47,0.0913219819219427
378,1,10,150,47,0.2315148696289886
379,1,10,150,47,0.15349543144584682
380,1,10,150,47,0.0
381,1,10,150,47,0.07774045583593632
382,1,10,150,47,0.0
383,1,10,150,47,0.0928464636084322
384,1,10,150,47,0.0561173220664886
385,1,10,150,47,0.16793651584480712
386,1,10,150,47,0.14606834984270645
387,1,10,150,47,0.1859321428518822
388,1,10,150,47,0.04739418218477539
389,1,10,150,47,0.10365361808735385
390,1,10,150,47,0.05307577057513386
391,1,10,150,47,0.08907375584162422
392,1,10,150,47,0.12891975796820207
393,1,10,150,47,0.33735897590006797
394,1,10,150,47,0.10657019454040408
395,1,10,150,47,0.04720998255710776
396,1,10,150,47,0.0
397,1,10,150,47,0.08269242567753186
398,1,10,150,47,0.1406230079272144
399,1,10,150,47,0.01464017017098397
400,1,10,150,47,0.0
401,1,10,150,47,0.016941778998402247
402,1,10,150,47,0.11288598947105788
403,1,10,150,47,0.09224219235917257
404,1,10,150,47,0.05446824630887794
405,1,10,150,47,0.2880676562242926
406,1,10,150,47,0.19342623762849492
407,1,10,150,47,0.031104745345423533
408,1,10,150,47,0.0
409,1,10,150,47,0.1077426946906641
410,1,10,150,47,0.0
411,1,10,150,47,0.0
412,1,10,150,47,0.15001451003751623
413,1,10,150,47,0.04935421935348238
414,1,10,150,47,0.1309019901681972
415,1,10,150,47,0.0
416,1,10,150,47,0.24958875185486432
417,1,10,150,47,0.14883764823385523
418,1,10,150,47,0.14436292983286242
419,1,10,150,47,0.0
420,1,10,150,47,0.19519002499605084
421,1,10,150,47,0.0
422,1,10,150,47,0.030480958763669998
423,1,10,150,47,0.0
424,1,10,150,47,0.0
425,1,10,150,47,0.0
426,1,10,150,47,0.11229023146606223
427,1,10,150,47,0.0
428,1,10,150,47,0.0
429,1,10,150,47,0.14667052678392764
430,1,10,150,47,0.0
431,1,10,150,47,0.0
432,1,10,150,47,0.0
433,1,10,150,47,0.20451415323992994
434,1,10,150,47,0.0
435,1,10,150,47,0.08127781909048552
436,1,10,150,47,0.09499424853799125
437,1,10,150,47,0.14945564650669343
438,1,10,150,47,0.0
439,1,10,150,47,0.18154179253735267
440,1,10,150,47,0.0
442,1,10,150,47,0.0733934381893728
444,1,10,150,47,0.0
445,1,10,150,47,0.0
446,1,10,150,47,0.0
447,1,10,150,47,0.0
448,1,10,150,47,0.0
449,1,10,150,47,0.04971883051739238
450,1,10,150,47,0.14655807355257253
451,1,10,150,47,0.05497526658285817
452,1,10,150,47,0.05780700008370542
453,1,10,150,47,0.1515771522786143
454,1,10,150,47,0.0
455,1,10,150,47,0.0
456,1,10,150,47,0.0
457,1,10,150,47,0.10536103181067501
458,1,10,150,47,0.0
459,1,10,150,47,0.0
460,1,10,150,47,0.0
462,1,10,150,47,0.0
1,1,10,150,48,0.730340642345585
2,1,10,150,48,0.1011519894320134
3,1,10,150,48,0.0
4,1,10,150,48,0.07860705643503756
5,1,10,150,48,0.05890598335333123
6,1,10,150,48,0.25923556985038304
7,1,10,150,48,0.2900049176694272
8,1,10,150,48,0.1763575923663448
9,1,10,150,48,0.0
10,1,10,150,48,0.2963954452413988
11,1,10,150,48,0.20845989765338904
12,1,10,150,48,0.08039170127480796
13,1,10,150,48,0.5146278046356502
14,1,10,150,48,0.2983384743672193
15,1,10,150,48,0.050262678017164185
16,1,10,150,48,0.26545003825490604
17,1,10,150,48,0.10122860821230018
18,1,10,150,48,0.23996744871862286
19,1,10,150,48,0.13886244387355454
20,1,10,150,48,0.05692185311373096
21,1,10,150,48,0.054129469127258106
22,1,10,150,48,0.09147699905873413
23,1,10,150,48,0.0
24,1,10,150,48,0.12987294265280755
25,1,10,150,48,0.17085280125179103
26,1,10,150,48,0.0
27,1,10,150,48,0.0
28,1,10,150,48,0.23239697291051764
29,1,10,150,48,0.0
30,1,10,150,48,0.0
31,1,10,150,48,0.038437318942299493
32,1,10,150,48,0.11469999139467348
33,1,10,150,48,0.0
34,1,10,150,48,0.0
35,1,10,150,48,0.0
36,1,10,150,48,0.0
37,1,10,150,48,0.15133867332691472
38,1,10,150,48,0.15128756695326895
39,1,10,150,48,0.0993029104208021
40,1,10,150,48,0.3197267407502473
41,1,10,150,48,0.0
42,1,10,150,48,0.29225316289091613
43,1,10,150,48,0.38143374824080456
44,1,10,150,48,0.09479210622709237
45,1,10,150,48,0.04094516368001556
46,1,10,150,48,0.0
47,1,10,150,48,0.0
48,1,10,150,48,0.1600593927592689
49,1,10,150,48,0.10467526904515255
50,1,10,150,48,0.0
51,1,10,150,48,0.0
52,1,10,150,48,0.02753109834834184
53,1,10,150,48,0.1369821642818139
54,1,10,150,48,0.12836415432918194
55,1,10,150,48,0.0
56,1,10,150,48,0.2590941074216423
57,1,10,150,48,0.17861708209601773
58,1,10,150,48,0.1627502524406953
59,1,10,150,48,0.44398410541314315
60,1,10,150,48,0.2717437388148481
61,1,10,150,48,0.0
62,1,10,150,48,0.26723852188469754
63,1,10,150,48,0.033669757978328795
64,1,10,150,48,0.18555816730315328
65,1,10,150,48,0.21318164785015645
66,1,10,150,48,0.0
67,1,10,150,48,0.03314040476303028
68,1,10,150,48,0.0
69,1,10,150,48,0.25224764194294225
70,1,10,150,48,0.0
71,1,10,150,48,0.0
72,1,10,150,48,0.27690123698751307
73,1,10,150,48,0.15507073573085653
74,1,10,150,48,0.03272011597426011
75,1,10,150,48,0.10310690100385646
76,1,10,150,48,0.10235900919628077
77,1,10,150,48,0.3892093845905575
78,1,10,150,48,0.05658242244874664
79,1,10,150,48,0.3698571414087665
80,1,10,150,48,0.11856641546096264
81,1,10,150,48,0.034380101046999886
82,1,10,150,48,0.24667865570730482
83,1,10,150,48,0.13944730100769542
84,1,10,150,48,0.05683844068224461
85,1,10,150,48,0.0597883137482049
86,1,10,150,48,0.0
87,1,10,150,48,0.11461056512534214
88,1,10,150,48,0.0
89,1,10,150,48,0.10502550496736138
90,1,10,150,48,0.27062165569940705
91,1,10,150,48,0.11392956333144685
92,1,10,150,48,0.4096412046884503
93,1,10,150,48,0.0
94,1,10,150,48,0.5395801330503869
95,1,10,150,48,0.2813476381617906
96,1,10,150,48,0.3192059701305876
97,1,10,150,48,0.10167134470508642
98,1,10,150,48,0.19533769320769842
99,1,10,150,48,0.18287197082578882
100,1,10,150,48,0.022805505402617214
101,1,10,150,48,0.022125646633235106
102,1,10,150,48,0.014979110999424432
103,1,10,150,48,0.15394621921377785
104,1,10,150,48,0.015190330175114026
105,1,10,150,48,0.05200670101006268
106,1,10,150,48,0.31023153259588415
107,1,10,150,48,0.0
108,1,10,150,48,0.06036985955798015
109,1,10,150,48,0.2819529146505217
110,1,10,150,48,0.0
111,1,10,150,48,0.038281751104512325
112,1,10,150,48,0.0
113,1,10,150,48,0.02769198719673247
114,1,10,150,48,0.0973553014914488
115,1,10,150,48,0.28367628513724025
116,1,10,150,48,0.04176291406320509
117,1,10,150,48,0.2631825291900129
118,1,10,150,48,0.10713028046710026
119,1,10,150,48,0.14226907289996202
120,1,10,150,48,0.12171775198765021
121,1,10,150,48,0.12224177824150011
122,1,10,150,48,0.06700953352586525
123,1,10,150,48,0.023786519936652924
124,1,10,150,48,0.18978688349077963
125,1,10,150,48,0.23688401982234772
126,1,10,150,48,0.0
127,1,10,150,48,0.03689601443280025
128,1,10,150,48,0.21747076463537554
129,1,10,150,48,0.03443731487202246
130,1,10,150,48,0.3685408415095137
131,1,10,150,48,0.25372733625822586
132,1,10,150,48,0.06666588353700116
133,1,10,150,48,0.0
134,1,10,150,48,0.0
135,1,10,150,48,0.023639029246263633
136,1,10,150,48,0.2748136430911722
137,1,10,150,48,0.16512593490657618
138,1,10,150,48,0.04737050724607538
139,1,10,150,48,0.06016179456846956
140,1,10,150,48,0.039232819060514755
141,1,10,150,48,0.087254168110256
142,1,10,150,48,0.04395738023645723
143,1,10,150,48,0.0
144,1,10,150,48,0.16557596606788832
145,1,10,150,48,0.3163192624152798
146,1,10,150,48,0.0
147,1,10,150,48,0.0
148,1,10,150,48,0.23899278663068116
149,1,10,150,48,0.0
150,1,10,150,48,0.0
151,1,10,150,48,0.24260656533078453
152,1,10,150,48,0.07204911448443031
153,1,10,150,48,0.21315403751398063
154,1,10,150,48,0.09962851244557022
155,1,10,150,48,0.0
156,1,10,150,48,0.032014847745354055
157,1,10,150,48,0.05052607344558517
158,1,10,150,48,0.29719947189613355
159,1,10,150,48,0.0167081222164377
160,1,10,150,48,0.17515180515090908
161,1,10,150,48,0.09235716777162616
162,1,10,150,48,0.0475858026939827
163,1,10,150,48,0.08930748165857323
164,1,10,150,48,0.10419060831992506
165,1,10,150,48,0.13269256804942683
166,1,10,150,48,0.0
167,1,10,150,48,0.1606298866119576
168,1,10,150,48,0.044682472154713174
169,1,10,150,48,0.14269884249349324
170,1,10,150,48,0.0
171,1,10,150,48,0.0
172,1,10,150,48,0.0
173,1,10,150,48,0.0
174,1,10,150,48,0.150780795097033
175,1,10,150,48,0.10467701423324277
176,1,10,150,48,0.09885099943510027
177,1,10,150,48,0.16187265542558957
178,1,10,150,48,0.3511731445820051
179,1,10,150,48,0.0
180,1,10,150,48,0.13057885818855974
181,1,10,150,48,0.12409206663186977
182,1,10,150,48,0.04195229264874745
183,1,10,150,48,0.02831169742649504
184,1,10,150,48,0.18961560945883593
185,1,10,150,48,0.0
186,1,10,150,48,0.059346711161619776
187,1,10,150,48,0.14854033459794289
188,1,10,150,48,0.11472883250610093
189,1,10,150,48,0.27002451487780177
190,1,10,150,48,0.03175761494935955
191,1,10,150,48,0.0
192,1,10,150,48,0.10363179610670267
193,1,10,150,48,0.017876213491223612
194,1,10,150,48,0.10201565210234398
195,1,10,150,48,0.12225370560623582
196,1,10,150,48,0.07706308624591164
197,1,10,150,48,0.13164884603603866
198,1,10,150,48,0.04511267736341355
199,1,10,150,48,0.02604446852700291
200,1,10,150,48,0.23838829934072886
201,1,10,150,48,0.07218126468484871
202,1,10,150,48,0.0
203,1,10,150,48,0.05370431689540528
204,1,10,150,48,0.027001973670935885
205,1,10,150,48,0.33118408514264214
206,1,10,150,48,0.03974771280526578
207,1,10,150,48,0.1347684805738274
208,1,10,150,48,0.026258715116272383
209,1,10,150,48,0.03243822298569767
210,1,10,150,48,0.12971556857418723
211,1,10,150,48,0.0
212,1,10,150,48,0.047528395396896204
213,1,10,150,48,0.2864753410826829
214,1,10,150,48,0.17034818313805367
215,1,10,150,48,0.22619322643423018
216,1,10,150,48,0.18854882070545287
217,1,10,150,48,0.06482503452845118
218,1,10,150,48,0.0383846381653829
219,1,10,150,48,0.0
220,1,10,150,48,0.0
221,1,10,150,48,0.06906241732681528
222,1,10,150,48,0.23150517754250957
223,1,10,150,48,0.10063832859167125
224,1,10,150,48,0.050296301412810544
225,1,10,150,48,0.10040564991079691
226,1,10,150,48,0.23814675809782818
227,1,10,150,48,0.08428605557054564
228,1,10,150,48,0.0
229,1,10,150,48,0.0
230,1,10,150,48,0.16831386582335228
231,1,10,150,48,0.0
232,1,10,150,48,0.0914735250933564
233,1,10,150,48,0.10268081349163596
234,1,10,150,48,0.25043963472109515
235,1,10,150,48,0.23280252396956425
236,1,10,150,48,0.12823799461462562
237,1,10,150,48,0.24352191769087017
238,1,10,150,48,0.0
239,1,10,150,48,0.1320680525210985
240,1,10,150,48,0.0
241,1,10,150,48,0.047978870624887156
242,1,10,150,48,0.0
243,1,10,150,48,0.12898989924507495
244,1,10,150,48,0.2430944860414948
245,1,10,150,48,0.10760552402297123
246,1,10,150,48,0.10493175915309413
247,1,10,150,48,0.08883649703748449
248,1,10,150,48,0.1352712391738193
249,1,10,150,48,0.3492123329124159
250,1,10,150,48,0.098551648185258
251,1,10,150,48,0.1369922724163038
252,1,10,150,48,0.15744006533381547
253,1,10,150,48,0.2140960796571906
254,1,10,150,48,0.09914021909492574
255,1,10,150,48,0.06847316147390722
256,1,10,150,48,0.21827506253022125
257,1,10,150,48,0.14222480941686058
258,1,10,150,48,0.0
259,1,10,150,48,0.062479569258293385
260,1,10,150,48,0.0
261,1,10,150,48,0.0
262,1,10,150,48,0.0
263,1,10,150,48,0.22719575964932848
264,1,10,150,48,0.08500443695372913
265,1,10,150,48,0.2098491718391187
266,1,10,150,48,0.05919139647768146
267,1,10,150,48,0.13668108953919839
268,1,10,150,48,0.11530332795135241
269,1,10,150,48,0.4473343268833602
270,1,10,150,48,0.09351390726039491
271,1,10,150,48,0.273716202846289
272,1,10,150,48,0.23321348468935416
273,1,10,150,48,0.0
274,1,10,150,48,0.16749962386359465
275,1,10,150,48,0.015522912158152052
276,1,10,150,48,0.5102699270722586
277,1,10,150,48,0.09982873474912346
278,1,10,150,48,0.044115283111570695
279,1,10,150,48,0.2295406874148084
280,1,10,150,48,0.2523850033496033
281,1,10,150,48,0.049432410190049694
282,1,10,150,48,0.0
283,1,10,150,48,0.18675758970511055
284,1,10,150,48,0.0531693599976256
285,1,10,150,48,0.06473560181867054
286,1,10,150,48,0.2600178472981046
287,1,10,150,48,0.2433793935211444
288,1,10,150,48,0.17002466258190901
289,1,10,150,48,0.0
290,1,10,150,48,0.13028776999020278
291,1,10,150,48,0.17528412022349937
292,1,10,150,48,0.1578824974022836
293,1,10,150,48,0.26243162206186915
294,1,10,150,48,0.0
295,1,10,150,48,0.19076438741817484
296,1,10,150,48,0.24705909515377575
297,1,10,150,48,0.1584132690035275
298,1,10,150,48,0.18829827125892032
299,1,10,150,48,0.17222983887448112
300,1,10,150,48,0.0
301,1,10,150,48,0.420767342767011
302,1,10,150,48,0.13927874459665815
303,1,10,150,48,0.34259674560934206
304,1,10,150,48,0.0
305,1,10,150,48,0.2305588600404821
306,1,10,150,48,0.08156911164475483
307,1,10,150,48,0.22965385355151555
308,1,10,150,48,0.4940732150946788
309,1,10,150,48,0.0
310,1,10,150,48,0.06900643972011666
311,1,10,150,48,0.36576316259654906
312,1,10,150,48,0.11721846822900299
313,1,10,150,48,0.33572397387072905
314,1,10,150,48,0.18794218375898386
315,1,10,150,48,0.24099272903896188
316,1,10,150,48,0.11577931451542922
317,1,10,150,48,0.0
318,1,10,150,48,0.07779209614322526
319,1,10,150,48,0.06591877139737895
320,1,10,150,48,0.2620101411773304
321,1,10,150,48,0.16506086446670046
322,1,10,150,48,0.18850517953294013
323,1,10,150,48,0.20144166357013524
324,1,10,150,48,0.0734773909038217
325,1,10,150,48,0.11226565095353275
326,1,10,150,48,0.2542996500454875
327,1,10,150,48,0.019502991161110556
328,1,10,150,48,0.22207098046675872
329,1,10,150,48,0.04249704384086923
330,1,10,150,48,0.2246819238644238
331,1,10,150,48,0.07292595308580271
332,1,10,150,48,0.12602952606989137
333,1,10,150,48,0.03535057968151573
334,1,10,150,48,0.13650678924984638
335,1,10,150,48,0.04186245699959673
336,1,10,150,48,0.1252879373315154
337,1,10,150,48,0.07245894813912952
338,1,10,150,48,0.12421963847095985
339,1,10,150,48,0.326964670941186
340,1,10,150,48,0.2868621552039377
341,1,10,150,48,0.0
342,1,10,150,48,0.1118438643780604
343,1,10,150,48,0.29157185085824605
344,1,10,150,48,0.2783540675270362
345,1,10,150,48,0.12799654457726636
346,1,10,150,48,0.1246138815357273
347,1,10,150,48,0.30553037197564936
348,1,10,150,48,0.18923084143550442
349,1,10,150,48,0.2259984658284476
350,1,10,150,48,0.0
351,1,10,150,48,0.0
352,1,10,150,48,0.11369404114489928
353,1,10,150,48,0.0
354,1,10,150,48,0.18787037450250355
355,1,10,150,48,0.0
356,1,10,150,48,0.0
357,1,10,150,48,0.048851099168414396
358,1,10,150,48,0.06323567569191428
359,1,10,150,48,0.13587623914185412
360,1,10,150,48,0.1518023382802068
361,1,10,150,48,0.15572261253779404
362,1,10,150,48,0.10172137170130827
363,1,10,150,48,0.13401513186660163
364,1,10,150,48,0.0
365,1,10,150,48,0.14456587527532935
366,1,10,150,48,0.13610100259425117
367,1,10,150,48,0.027299924755986534
368,1,10,150,48,0.042512356679180144
369,1,10,150,48,0.0
370,1,10,150,48,0.19811064503366002
371,1,10,150,48,0.098804715452931
372,1,10,150,48,0.09429424592561358
373,1,10,150,48,0.1426589459983896
374,1,10,150,48,0.1335385226413339
375,1,10,150,48,0.04282650856324445
376,1,10,150,48,0.0
377,1,10,150,48,0.0913219819219427
378,1,10,150,48,0.2282278173331315
379,1,10,150,48,0.15131610054089803
380,1,10,150,48,0.0
381,1,10,150,48,0.07774045583593632
382,1,10,150,48,0.0
383,1,10,150,48,0.0928464636084322
384,1,10,150,48,0.0561173220664886
385,1,10,150,48,0.16555215016302371
386,1,10,150,48,0.14606834984270645
387,1,10,150,48,0.1832922749331851
388,1,10,150,48,0.08659331667411305
389,1,10,150,48,0.116379960189141
390,1,10,150,48,0.05307577057513386
391,1,10,150,48,0.08907375584162422
392,1,10,150,48,0.12891975796820207
393,1,10,150,48,0.3467671651152459
394,1,10,150,48,0.10657019454040408
395,1,10,150,48,0.04720998255710776
396,1,10,150,48,0.0
397,1,10,150,48,0.08269242567753186
398,1,10,150,48,0.1406230079272144
399,1,10,150,48,0.014432308770766393
400,1,10,150,48,0.0
401,1,10,150,48,0.016941778998402247
402,1,10,150,48,0.11288598947105788
403,1,10,150,48,0.09224219235917257
404,1,10,150,48,0.05446824630887794
405,1,10,150,48,0.2839776664440609
406,1,10,150,48,0.19067996841695511
407,1,10,150,48,0.031104745345423533
408,1,10,150,48,0.0
409,1,10,150,48,0.10621296196761125
410,1,10,150,48,0.0
411,1,10,150,48,0.0
412,1,10,150,48,0.15001451003751623
413,1,10,150,48,0.04935421935348238
414,1,10,150,48,0.1309019901681972
415,1,10,150,48,0.0
416,1,10,150,48,0.24604508625308513
417,1,10,150,48,0.14672444861898346
418,1,10,150,48,0.14436292983286242
419,1,10,150,48,0.0
420,1,10,150,48,0.19519002499605084
421,1,10,150,48,0.0
422,1,10,150,48,0.030480958763669998
423,1,10,150,48,0.0
424,1,10,150,48,0.0
425,1,10,150,48,0.0
426,1,10,150,48,0.11229023146606223
427,1,10,150,48,0.0
428,1,10,150,48,0.0
429,1,10,150,48,0.14458809599849998
430,1,10,150,48,0.0
431,1,10,150,48,0.0
432,1,10,150,48,0.0
433,1,10,150,48,0.20451415323992994
434,1,10,150,48,0.0
435,1,10,150,48,0.08127781909048552
436,1,10,150,48,0.09499424853799125
437,1,10,150,48,0.14945564650669343
438,1,10,150,48,0.0
439,1,10,150,48,0.18154179253735267
440,1,10,150,48,0.0
442,1,10,150,48,0.0733934381893728
444,1,10,150,48,0.0
445,1,10,150,48,0.0
446,1,10,150,48,0.0
447,1,10,150,48,0.0
448,1,10,150,48,0.0
449,1,10,150,48,0.04971883051739238
450,1,10,150,48,0.14655807355257253
451,1,10,150,48,0.05497526658285817
452,1,10,150,48,0.05780700008370542
453,1,10,150,48,0.1515771522786143
454,1,10,150,48,0.0
455,1,10,150,48,0.0
456,1,10,150,48,0.0
457,1,10,150,48,0.10536103181067501
458,1,10,150,48,0.0
459,1,10,150,48,0.0
460,1,10,150,48,0.0
462,1,10,150,48,0.0
1,1,10,150,49,0.7201684816375165
2,1,10,150,49,0.1011519894320134
3,1,10,150,49,0.0
4,1,10,150,49,0.07860705643503756
5,1,10,150,49,0.0580855427334412
6,1,10,150,49,0.25562494526663154
7,1,10,150,49,0.29989370607946286
8,1,10,150,49,0.1763575923663448
9,1,10,150,49,0.0
10,1,10,150,49,0.29226725912203944
11,1,10,150,49,0.20555647498022714
12,1,10,150,49,0.08039170127480796
13,1,10,150,49,0.5213880527831688
14,1,10,150,49,0.30811119327066483
15,1,10,150,49,0.050262678017164185
16,1,10,150,49,0.27568082622663875
17,1,10,150,49,0.10122860821230018
18,1,10,150,49,0.2366251898991883
19,1,10,150,49,0.13886244387355454
20,1,10,150,49,0.05692185311373096
21,1,10,150,49,0.05337555564212529
22,1,10,150,49,0.09020291039165847
23,1,10,150,49,0.0
24,1,10,150,49,0.12987294265280755
25,1,10,150,49,0.17085280125179103
26,1,10,150,49,0.0
27,1,10,150,49,0.0
28,1,10,150,49,0.23239697291051764
29,1,10,150,49,0.0
30,1,10,150,49,0.0
31,1,10,150,49,0.038437318942299493
32,1,10,150,49,0.11469999139467348
33,1,10,150,49,0.0
34,1,10,150,49,0.0
35,1,10,150,49,0.0
36,1,10,150,49,0.0
37,1,10,150,49,0.15133867332691472
38,1,10,150,49,0.16310840611150132
39,1,10,150,49,0.0993029104208021
40,1,10,150,49,0.3197267407502473
41,1,10,150,49,0.0
42,1,10,150,49,0.28818267034538275
43,1,10,150,49,0.3761211514036283
44,1,10,150,49,0.0934718448552187
45,1,10,150,49,0.04094516368001556
46,1,10,150,49,0.0
47,1,10,150,49,0.0
48,1,10,150,49,0.1600593927592689
49,1,10,150,49,0.10321735530305551
50,1,10,150,49,0.0
51,1,10,150,49,0.0
52,1,10,150,49,0.02753109834834184
53,1,10,150,49,0.1369821642818139
54,1,10,150,49,0.12836415432918194
55,1,10,150,49,0.0
56,1,10,150,49,0.25548545312199644
57,1,10,150,49,0.19005727665639122
58,1,10,150,49,0.16048347221908724
59,1,10,150,49,0.4378003092360799
60,1,10,150,49,0.28188686832992066
61,1,10,150,49,0.0
62,1,10,150,49,0.26351643244535405
63,1,10,150,49,0.033669757978328795
64,1,10,150,49,0.18297371918529923
65,1,10,150,49,0.21318164785015645
66,1,10,150,49,0.0
67,1,10,150,49,0.03314040476303028
68,1,10,150,49,0.0
69,1,10,150,49,0.25224764194294225
70,1,10,150,49,0.0
71,1,10,150,49,0.0
72,1,10,150,49,0.286972533035814
73,1,10,150,49,0.15507073573085653
74,1,10,150,49,0.03272011597426011
75,1,10,150,49,0.10310690100385646
76,1,10,150,49,0.10235900919628077
77,1,10,150,49,0.3892093845905575
78,1,10,150,49,0.05658242244874664
79,1,10,150,49,0.39009299075234344
80,1,10,150,49,0.11856641546096264
81,1,10,150,49,0.034380101046999886
82,1,10,150,49,0.24324292341525242
83,1,10,150,49,0.137505083535584
84,1,10,150,49,0.05683844068224461
85,1,10,150,49,0.058955584059277935
86,1,10,150,49,0.0
87,1,10,150,49,0.11301427290264274
88,1,10,150,49,0.0
89,1,10,150,49,0.10502550496736138
90,1,10,150,49,0.2668524460823481
91,1,10,150,49,0.11392956333144685
92,1,10,150,49,0.40393573531548066
93,1,10,150,49,0.0
94,1,10,150,49,0.5459928459794627
95,1,10,150,49,0.29135700487918087
96,1,10,150,49,0.3192059701305876
97,1,10,150,49,0.12190719404866333
98,1,10,150,49,0.19533769320769842
99,1,10,150,49,0.19425290343434873
100,1,10,150,49,0.022805505402617214
101,1,10,150,49,0.022125646633235106
102,1,10,150,49,0.014770482428705997
103,1,10,150,49,0.15394621921377785
104,1,10,150,49,0.015190330175114026
105,1,10,150,49,0.05200670101006268
106,1,10,150,49,0.31023153259588415
107,1,10,150,49,0.0
108,1,10,150,49,0.06036985955798015
109,1,10,150,49,0.2780258836274059
110,1,10,150,49,0.0
111,1,10,150,49,0.038281751104512325
112,1,10,150,49,0.0
113,1,10,150,49,0.02769198719673247
114,1,10,150,49,0.0973553014914488
115,1,10,150,49,0.28367628513724025
116,1,10,150,49,0.04118124155471122
117,1,10,150,49,0.2595169314849765
118,1,10,150,49,0.10713028046710026
119,1,10,150,49,0.1542155213499906
120,1,10,150,49,0.12171775198765021
121,1,10,150,49,0.12224177824150011
122,1,10,150,49,0.06700953352586525
123,1,10,150,49,0.023786519936652924
124,1,10,150,49,0.18978688349077963
125,1,10,150,49,0.23358470690027425
126,1,10,150,49,0.0
127,1,10,150,49,0.03689601443280025
128,1,10,150,49,0.2144418389000187
129,1,10,150,49,0.03443731487202246
130,1,10,150,49,0.3634078166578751
131,1,10,150,49,0.25372733625822586
132,1,10,150,49,0.06666588353700116
133,1,10,150,49,0.0
134,1,10,150,49,0.0
135,1,10,150,49,0.023639029246263633
136,1,10,150,49,0.2748136430911722
137,1,10,150,49,0.16512593490657618
138,1,10,150,49,0.04737050724607538
139,1,10,150,49,0.06016179456846956
140,1,10,150,49,0.039232819060514755
141,1,10,150,49,0.087254168110256
142,1,10,150,49,0.04395738023645723
143,1,10,150,49,0.0
144,1,10,150,49,0.1632698293988033
145,1,10,150,49,0.31191357801845915
146,1,10,150,49,0.0
147,1,10,150,49,0.0
148,1,10,150,49,0.23899278663068116
149,1,10,150,49,0.0
150,1,10,150,49,0.0
151,1,10,150,49,0.2531555164502894
152,1,10,150,49,0.07204911448443031
153,1,10,150,49,0.21315403751398063
154,1,10,150,49,0.09962851244557022
155,1,10,150,49,0.0
156,1,10,150,49,0.032014847745354055
157,1,10,150,49,0.05052607344558517
158,1,10,150,49,0.29306008731968264
159,1,10,150,49,0.0167081222164377
160,1,10,150,49,0.18664026397584604
161,1,10,150,49,0.09235716777162616
162,1,10,150,49,0.0475858026939827
163,1,10,150,49,0.08930748165857323
164,1,10,150,49,0.10419060831992506
165,1,10,150,49,0.13269256804942683
166,1,10,150,49,0.0
167,1,10,150,49,0.1606298866119576
168,1,10,150,49,0.044682472154713174
169,1,10,150,49,0.14269884249349324
170,1,10,150,49,0.0
171,1,10,150,49,0.0
172,1,10,150,49,0.0
173,1,10,150,49,0.0
174,1,10,150,49,0.14868072508793218
175,1,10,150,49,0.10467701423324277
176,1,10,150,49,0.09885099943510027
177,1,10,150,49,0.15961809834665905
178,1,10,150,49,0.3462820164481888
179,1,10,150,49,0.0
180,1,10,150,49,0.13057885818855974
181,1,10,150,49,0.1223637163646277
182,1,10,150,49,0.04195229264874745
183,1,10,150,49,0.02831169742649504
184,1,10,150,49,0.18697464941862915
185,1,10,150,49,0.0
186,1,10,150,49,0.059346711161619776
187,1,10,150,49,0.14854033459794289
188,1,10,150,49,0.12705886052843082
189,1,10,150,49,0.2801915896879419
190,1,10,150,49,0.03175761494935955
191,1,10,150,49,0.0
192,1,10,150,49,0.10363179610670267
193,1,10,150,49,0.017627234171244285
194,1,10,150,49,0.10059478141850707
195,1,10,150,49,0.12225370560623582
196,1,10,150,49,0.07706308624591164
197,1,10,150,49,0.12981524519108295
198,1,10,150,49,0.044484349460644654
199,1,10,150,49,0.02604446852700291
200,1,10,150,49,0.24899600233171987
201,1,10,150,49,0.07117592637842801
202,1,10,150,49,0.0
203,1,10,150,49,0.05370431689540528
204,1,10,150,49,0.027001973670935885
205,1,10,150,49,0.33118408514264214
206,1,10,150,49,0.03974771280526578
207,1,10,150,49,0.1328914295605134
208,1,10,150,49,0.026258715116272383
209,1,10,150,49,0.03243822298569767
210,1,10,150,49,0.12790889435482924
211,1,10,150,49,0.0
212,1,10,150,49,0.047528395396896204
213,1,10,150,49,0.28248532185133785
214,1,10,150,49,0.16797557918485914
215,1,10,150,49,0.22619322643423018
216,1,10,150,49,0.18592271886429976
217,1,10,150,49,0.06482503452845118
218,1,10,150,49,0.0383846381653829
219,1,10,150,49,0.0
220,1,10,150,49,0.0
221,1,10,150,49,0.06810051822493887
222,1,10,150,49,0.22828078096073198
223,1,10,150,49,0.09923664122488564
224,1,10,150,49,0.049595776162908764
225,1,10,150,49,0.10040564991079691
226,1,10,150,49,0.23814675809782818
227,1,10,150,49,0.08428605557054564
228,1,10,150,49,0.0
229,1,10,150,49,0.0
230,1,10,150,49,0.16596959577553907
231,1,10,150,49,0.0
232,1,10,150,49,0.0914735250933564
233,1,10,150,49,0.11814084032016131
234,1,10,150,49,0.2469515196356861
235,1,10,150,49,0.23280252396956425
236,1,10,150,49,0.12645189999730982
237,1,10,150,49,0.24352191769087017
238,1,10,150,49,0.0
239,1,10,150,49,0.14415658045111712
240,1,10,150,49,0.0
241,1,10,150,49,0.047978870624887156
242,1,10,150,49,0.0
243,1,10,150,49,0.12898989924507495
244,1,10,150,49,0.23970867394795212
245,1,10,150,49,0.10760552402297123
246,1,10,150,49,0.10347027302511749
247,1,10,150,49,0.08883649703748449
248,1,10,150,49,0.1352712391738193
249,1,10,150,49,0.344348514899747
250,1,10,150,49,0.09717902403529165
251,1,10,150,49,0.1369922724163038
252,1,10,150,49,0.15744006533381547
253,1,10,150,49,0.2140960796571906
254,1,10,150,49,0.09775939734847619
255,1,10,150,49,0.06847316147390722
256,1,10,150,49,0.21523493455994938
257,1,10,150,49,0.14222480941686058
258,1,10,150,49,0.0
259,1,10,150,49,0.062479569258293385
260,1,10,150,49,0.0
261,1,10,150,49,0.0
262,1,10,150,49,0.0
263,1,10,150,49,0.22403138449977855
264,1,10,150,49,0.08382049792109474
265,1,10,150,49,0.2098491718391187
266,1,10,150,49,0.05919139647768146
267,1,10,150,49,0.13477739977043326
268,1,10,150,49,0.11369738695054843
269,1,10,150,49,0.44110386893064496
270,1,10,150,49,0.09221144860214864
271,1,10,150,49,0.26990389247723623
272,1,10,150,49,0.23321348468935416
273,1,10,150,49,0.0
274,1,10,150,49,0.16749962386359465
275,1,10,150,49,0.015522912158152052
276,1,10,150,49,0.5031629041274539
277,1,10,150,49,0.09982873474912346
278,1,10,150,49,0.044115283111570695
279,1,10,150,49,0.22634365218762312
280,1,10,150,49,0.24886979323322064
281,1,10,150,49,0.049432410190049694
282,1,10,150,49,0.0
283,1,10,150,49,0.18675758970511055
284,1,10,150,49,0.0531693599976256
285,1,10,150,49,0.06473560181867054
286,1,10,150,49,0.25639632717950933
287,1,10,150,49,0.2433793935211444
288,1,10,150,49,0.17002466258190901
289,1,10,150,49,0.0
290,1,10,150,49,0.12847312616813666
291,1,10,150,49,0.1728427686991484
292,1,10,150,49,0.1556835151144989
293,1,10,150,49,0.258776482966886
294,1,10,150,49,0.0
295,1,10,150,49,0.20203539470518211
296,1,10,150,49,0.24361806411348888
297,1,10,150,49,0.15620689414614708
298,1,10,150,49,0.18567565906230799
299,1,10,150,49,0.1698310272814013
300,1,10,150,49,0.0
301,1,10,150,49,0.4149069089048247
302,1,10,150,49,0.13927874459665815
303,1,10,150,49,0.3517530367506816
304,1,10,150,49,0.0
305,1,10,150,49,0.22734764373808833
306,1,10,150,49,0.08156911164475483
307,1,10,150,49,0.22645524215005958
308,1,10,150,49,0.4871917794274069
309,1,10,150,49,0.0
310,1,10,150,49,0.06900643972011666
311,1,10,150,49,0.36066882516645027
312,1,10,150,49,0.11558585321671282
313,1,10,150,49,0.33104802128400646
314,1,10,150,49,0.18532453113748684
315,1,10,150,49,0.24099272903896188
316,1,10,150,49,0.11577931451542922
317,1,10,150,49,0.0
318,1,10,150,49,0.07670861035877678
319,1,10,150,49,0.06591877139737895
320,1,10,150,49,0.25836087245439604
321,1,10,150,49,0.16276190211596014
322,1,10,150,49,0.21087964394579084
323,1,10,150,49,0.20144166357013524
324,1,10,150,49,0.0734773909038217
325,1,10,150,49,0.11070201861913653
326,1,10,150,49,0.2646857402614706
327,1,10,150,49,0.019231354134665323
328,1,10,150,49,0.21897798307495078
329,1,10,150,49,0.04249704384086923
330,1,10,150,49,0.2215525613379091
331,1,10,150,49,0.07292595308580271
332,1,10,150,49,0.12427419093062353
333,1,10,150,49,0.03535057968151573
334,1,10,150,49,0.13460552712984125
335,1,10,150,49,0.04186245699959673
336,1,10,150,49,0.1252879373315154
337,1,10,150,49,0.07245894813912952
338,1,10,150,49,0.14202465692828078
339,1,10,150,49,0.3224107176407195
340,1,10,150,49,0.2868621552039377
341,1,10,150,49,0.0
342,1,10,150,49,0.11028610667336633
343,1,10,150,49,0.28751084760454015
344,1,10,150,49,0.27447716112958315
345,1,10,150,49,0.12621381286821637
346,1,10,150,49,0.12287826344747935
347,1,10,150,49,0.30127495489390127
348,1,10,150,49,0.18923084143550442
349,1,10,150,49,0.2259984658284476
350,1,10,150,49,0.0
351,1,10,150,49,0.0
352,1,10,150,49,0.11369404114489928
353,1,10,150,49,0.0
354,1,10,150,49,0.18525372203799478
355,1,10,150,49,0.0
356,1,10,150,49,0.0
357,1,10,150,49,0.048851099168414396
358,1,10,150,49,0.06323567569191428
359,1,10,150,49,0.13587623914185412
360,1,10,150,49,0.1518023382802068
361,1,10,150,49,0.15572261253779404
362,1,10,150,49,0.15042501043191572
363,1,10,150,49,0.13214857346957487
364,1,10,150,49,0.0
365,1,10,150,49,0.14456587527532935
366,1,10,150,49,0.13610100259425117
367,1,10,150,49,0.027299924755986534
368,1,10,150,49,0.042512356679180144
369,1,10,150,49,0.0
370,1,10,150,49,0.19811064503366002
371,1,10,150,49,0.098804715452931
372,1,10,150,49,0.09429424592561358
373,1,10,150,49,0.1545999643085861
374,1,10,150,49,0.13167860244209223
375,1,10,150,49,0.04282650856324445
376,1,10,150,49,0.0
377,1,10,150,49,0.0913219819219427
378,1,10,150,49,0.22504906771773517
379,1,10,150,49,0.14920857481498898
380,1,10,150,49,0.0
381,1,10,150,49,0.07774045583593632
382,1,10,150,49,0.0
383,1,10,150,49,0.0928464636084322
384,1,10,150,49,0.0561173220664886
385,1,10,150,49,0.1632463452010869
386,1,10,150,49,0.14606834984270645
387,1,10,150,49,0.18073938609054882
388,1,10,150,49,0.08659331667411305
389,1,10,150,49,0.11475902388955275
390,1,10,150,49,0.05307577057513386
391,1,10,150,49,0.08907375584162422
392,1,10,150,49,0.12891975796820207
393,1,10,150,49,0.34193740332011285
394,1,10,150,49,0.10657019454040408
395,1,10,150,49,0.04720998255710776
396,1,10,150,49,0.0
397,1,10,150,49,0.08269242567753186
398,1,10,150,49,0.1406230079272144
399,1,10,150,49,0.014231296043700827
400,1,10,150,49,0.0
401,1,10,150,49,0.016941778998402247
402,1,10,150,49,0.11288598947105788
403,1,10,150,49,0.09224219235917257
404,1,10,150,49,0.05446824630887794
405,1,10,150,49,0.28002243474383137
406,1,10,150,49,0.18802418401980403
407,1,10,150,49,0.031104745345423533
408,1,10,150,49,0.0
409,1,10,150,49,0.10621296196761125
410,1,10,150,49,0.0
411,1,10,150,49,0.0
412,1,10,150,49,0.15001451003751623
413,1,10,150,49,0.04935421935348238
414,1,10,150,49,0.1309019901681972
415,1,10,150,49,0.0
416,1,10,150,49,0.2426181782957806
417,1,10,150,49,0.144680875271673
418,1,10,150,49,0.14436292983286242
419,1,10,150,49,0.0
420,1,10,150,49,0.19519002499605084
421,1,10,150,49,0.0
422,1,10,150,49,0.030480958763669998
423,1,10,150,49,0.0
424,1,10,150,49,0.0
425,1,10,150,49,0.0
426,1,10,150,49,0.11229023146606223
427,1,10,150,49,0.0
428,1,10,150,49,0.0
429,1,10,150,49,0.14257427770099046
430,1,10,150,49,0.0
431,1,10,150,49,0.0
432,1,10,150,49,0.0
433,1,10,150,49,0.20451415323992994
434,1,10,150,49,0.0
435,1,10,150,49,0.08127781909048552
436,1,10,150,49,0.09499424853799125
437,1,10,150,49,0.14945564650669343
438,1,10,150,49,0.0
439,1,10,150,49,0.18154179253735267
440,1,10,150,49,0.0
442,1,10,150,49,0.0733934381893728
444,1,10,150,49,0.0
445,1,10,150,49,0.0
446,1,10,150,49,0.0
447,1,10,150,49,0.0
448,1,10,150,49,0.0
449,1,10,150,49,0.04971883051739238
450,1,10,150,49,0.1610967083839385
451,1,10,150,49,0.05497526658285817
452,1,10,150,49,0.05780700008370542
453,1,10,150,49,0.1515771522786143
454,1,10,150,49,0.0
455,1,10,150,49,0.0
456,1,10,150,49,0.0
457,1,10,150,49,0.10536103181067501
458,1,10,150,49,0.0
459,1,10,150,49,0.0
460,1,10,150,49,0.0
462,1,10,150,49,0.0
1,1,10,150,50,0.71032492714897
2,1,10,150,50,0.1011519894320134
3,1,10,150,50,0.0
4,1,10,150,50,0.07860705643503756
5,1,10,150,50,0.057291606009643815
6,1,10,150,50,0.25213095998190715
7,1,10,150,50,0.2957946374422836
8,1,10,150,50,0.1763575923663448
9,1,10,150,50,0.0
10,1,10,150,50,0.288272431850726
11,1,10,150,50,0.20274684582603172
12,1,10,150,50,0.08039170127480796
13,1,10,150,50,0.5142615097059454
14,1,10,150,50,0.3038998046903223
15,1,10,150,50,0.050262678017164185
16,1,10,150,50,0.27191270903795106
17,1,10,150,50,0.10122860821230018
18,1,10,150,50,0.23339090096607765
19,1,10,150,50,0.13886244387355454
20,1,10,150,50,0.05692185311373096
21,1,10,150,50,0.0526459969295237
22,1,10,150,50,0.08896998047858197
23,1,10,150,50,0.0
24,1,10,150,50,0.12987294265280755
25,1,10,150,50,0.17085280125179103
26,1,10,150,50,0.0
27,1,10,150,50,0.0
28,1,10,150,50,0.24829192510351253
29,1,10,150,50,0.0
30,1,10,150,50,0.0
31,1,10,150,50,0.038437318942299493
32,1,10,150,50,0.11469999139467348
33,1,10,150,50,0.0
34,1,10,150,50,0.0
35,1,10,150,50,0.0
36,1,10,150,50,0.0
37,1,10,150,50,0.15133867332691472
38,1,10,150,50,0.16087897435485488
39,1,10,150,50,0.0993029104208021
40,1,10,150,50,0.3197267407502473
41,1,10,150,50,0.0
42,1,10,150,50,0.2842436728878025
43,1,10,150,50,0.3709801751702363
44,1,10,150,50,0.09219423382191548
45,1,10,150,50,0.04094516368001556
46,1,10,150,50,0.0
47,1,10,150,50,0.0
48,1,10,150,50,0.1600593927592689
49,1,10,150,50,0.10180653868583969
50,1,10,150,50,0.0
51,1,10,150,50,0.0
52,1,10,150,50,0.02753109834834184
53,1,10,150,50,0.1369821642818139
54,1,10,150,50,0.12836415432918194
55,1,10,150,50,0.0
56,1,10,150,50,0.2519933744724018
57,1,10,150,50,0.18745949682234733
58,1,10,150,50,0.15828991912202897
59,1,10,150,50,0.4318162772922368
60,1,10,150,50,0.2780339244442037
61,1,10,150,50,0.0
62,1,10,150,50,0.2599145831176729
63,1,10,150,50,0.033669757978328795
64,1,10,150,50,0.18047276028374173
65,1,10,150,50,0.21318164785015645
66,1,10,150,50,0.0
67,1,10,150,50,0.03314040476303028
68,1,10,150,50,0.0
69,1,10,150,50,0.25224764194294225
70,1,10,150,50,0.0
71,1,10,150,50,0.0
72,1,10,150,50,0.28305007622510886
73,1,10,150,50,0.15507073573085653
74,1,10,150,50,0.03272011597426011
75,1,10,150,50,0.10310690100385646
76,1,10,150,50,0.10235900919628077
77,1,10,150,50,0.40727872880865296
78,1,10,150,50,0.05658242244874664
79,1,10,150,50,0.4102269223050506
80,1,10,150,50,0.11856641546096264
81,1,10,150,50,0.034380101046999886
82,1,10,150,50,0.23991818062014
83,1,10,150,50,0.1356256083617233
84,1,10,150,50,0.05683844068224461
85,1,10,150,50,0.05814975525825622
86,1,10,150,50,0.0
87,1,10,150,50,0.12513795306619724
88,1,10,150,50,0.0
89,1,10,150,50,0.12208036573705512
90,1,10,150,50,0.26320499876912945
91,1,10,150,50,0.11392956333144685
92,1,10,150,50,0.3984145780837617
93,1,10,150,50,0.0
94,1,10,150,50,0.5385299946234371
95,1,10,150,50,0.2873746193315286
96,1,10,150,50,0.3393399016832947
97,1,10,150,50,0.14204112560137047
98,1,10,150,50,0.19533769320769842
99,1,10,150,50,0.19159777607419745
100,1,10,150,50,0.022805505402617214
101,1,10,150,50,0.022125646633235106
102,1,10,150,50,0.01456859349255249
103,1,10,150,50,0.15394621921377785
104,1,10,150,50,0.015190330175114026
105,1,10,150,50,0.05200670101006268
106,1,10,150,50,0.31023153259588415
107,1,10,150,50,0.0
108,1,10,150,50,0.06036985955798015
109,1,10,150,50,0.274225713244373
110,1,10,150,50,0.0
111,1,10,150,50,0.038281751104512325
112,1,10,150,50,0.0
113,1,10,150,50,0.02769198719673247
114,1,10,150,50,0.0973553014914488
115,1,10,150,50,0.28367628513724025
116,1,10,150,50,0.04061835966597865
117,1,10,150,50,0.25596974895629354
118,1,10,150,50,0.10713028046710026
119,1,10,150,50,0.1521076411440469
120,1,10,150,50,0.12171775198765021
121,1,10,150,50,0.12224177824150011
122,1,10,150,50,0.06700953352586525
123,1,10,150,50,0.045465875186671466
124,1,10,150,50,0.18978688349077963
125,1,10,150,50,0.23039197652024448
126,1,10,150,50,0.0
127,1,10,150,50,0.071512236588497
128,1,10,150,50,0.22517916601148513
129,1,10,150,50,0.03443731487202246
130,1,10,150,50,0.3721090164513772
131,1,10,150,50,0.25372733625822586
132,1,10,150,50,0.06666588353700116
133,1,10,150,50,0.0
134,1,10,150,50,0.0
135,1,10,150,50,0.023639029246263633
136,1,10,150,50,0.2748136430911722
137,1,10,150,50,0.16512593490657618
138,1,10,150,50,0.04737050724607538
139,1,10,150,50,0.06016179456846956
140,1,10,150,50,0.039232819060514755
141,1,10,150,50,0.087254168110256
142,1,10,150,50,0.04395738023645723
143,1,10,150,50,0.0
144,1,10,150,50,0.16103819124328658
145,1,10,150,50,0.3076502169033477
146,1,10,150,50,0.0
147,1,10,150,50,0.038800293177871176
148,1,10,150,50,0.23899278663068116
149,1,10,150,50,0.0
150,1,10,150,50,0.0
151,1,10,150,50,0.26336368933724486
152,1,10,150,50,0.07204911448443031
153,1,10,150,50,0.21315403751398063
154,1,10,150,50,0.09962851244557022
155,1,10,150,50,0.0
156,1,10,150,50,0.032014847745354055
157,1,10,150,50,0.05052607344558517
158,1,10,150,50,0.28905442335145376
159,1,10,150,50,0.0167081222164377
160,1,10,150,50,0.18408918925507303
161,1,10,150,50,0.09235716777162616
162,1,10,150,50,0.0475858026939827
163,1,10,150,50,0.08930748165857323
164,1,10,150,50,0.10419060831992506
165,1,10,150,50,0.13269256804942683
166,1,10,150,50,0.0
167,1,10,150,50,0.1606298866119576
168,1,10,150,50,0.044682472154713174
169,1,10,150,50,0.14269884249349324
170,1,10,150,50,0.0
171,1,10,150,50,0.0
172,1,10,150,50,0.0
173,1,10,150,50,0.0
174,1,10,150,50,0.14664849671899294
175,1,10,150,50,0.10467701423324277
176,1,10,150,50,0.09885099943510027
177,1,10,150,50,0.15743637353018153
178,1,10,150,50,0.34154889359676804
179,1,10,150,50,0.0
180,1,10,150,50,0.13057885818855974
181,1,10,150,50,0.12069119952979276
182,1,10,150,50,0.04195229264874745
183,1,10,150,50,0.02831169742649504
184,1,10,150,50,0.1844190041821919
185,1,10,150,50,0.0
186,1,10,150,50,0.059346711161619776
187,1,10,150,50,0.14854033459794289
188,1,10,150,50,0.125322168561545
189,1,10,150,50,0.2900302225757766
190,1,10,150,50,0.03175761494935955
191,1,10,150,50,0.0
192,1,10,150,50,0.10363179610670267
193,1,10,150,50,0.017386297995236586
194,1,10,150,50,0.09921981120333608
195,1,10,150,50,0.12225370560623582
196,1,10,150,50,0.07706308624591164
197,1,10,150,50,0.12804087784224133
198,1,10,150,50,0.043876319355234124
199,1,10,150,50,0.02604446852700291
200,1,10,150,50,0.24559262412387406
201,1,10,150,50,0.07020306498912401
202,1,10,150,50,0.0
203,1,10,150,50,0.05370431689540528
204,1,10,150,50,0.027001973670935885
205,1,10,150,50,0.33118408514264214
206,1,10,150,50,0.03974771280526578
207,1,10,150,50,0.13107501567779897
208,1,10,150,50,0.026258715116272383
209,1,10,150,50,0.03243822298569767
210,1,10,150,50,0.1261605837813248
211,1,10,150,50,0.0
212,1,10,150,50,0.047528395396896204
213,1,10,150,50,0.2786241980605055
214,1,10,150,50,0.17934802595380503
215,1,10,150,50,0.22619322643423018
216,1,10,150,50,0.18338145184073038
217,1,10,150,50,0.06482503452845118
218,1,10,150,50,0.0383846381653829
219,1,10,150,50,0.0
220,1,10,150,50,0.034616222155696735
221,1,10,150,50,0.0671696927598738
222,1,10,150,50,0.22516054678863173
223,1,10,150,50,0.09788023461995292
224,1,10,150,50,0.06258628602556346
225,1,10,150,50,0.13502187206649363
226,1,10,150,50,0.23814675809782818
227,1,10,150,50,0.08428605557054564
228,1,10,150,50,0.0
229,1,10,150,50,0.0
230,1,10,150,50,0.16370105611972993
231,1,10,150,50,0.0
232,1,10,150,50,0.0914735250933564
233,1,10,150,50,0.133523002772727
234,1,10,150,50,0.2435760862453829
235,1,10,150,50,0.23280252396956425
236,1,10,150,50,0.12472350421279357
237,1,10,150,50,0.24352191769087017
238,1,10,150,50,0.0
239,1,10,150,50,0.14218618992343593
240,1,10,150,50,0.0
241,1,10,150,50,0.047978870624887156
242,1,10,150,50,0.0
243,1,10,150,50,0.12898989924507495
244,1,10,150,50,0.236432238705995
245,1,10,150,50,0.10760552402297123
246,1,10,150,50,0.10205599942604018
247,1,10,150,50,0.08883649703748449
248,1,10,150,50,0.1352712391738193
249,1,10,150,50,0.3396418199305941
250,1,10,150,50,0.10951914679393314
251,1,10,150,50,0.1369922724163038
252,1,10,150,50,0.15744006533381547
253,1,10,150,50,0.2140960796571906
254,1,10,150,50,0.09642318231115726
255,1,10,150,50,0.06847316147390722
256,1,10,150,50,0.2122930163002636
257,1,10,150,50,0.14222480941686058
258,1,10,150,50,0.0
259,1,10,150,50,0.062479569258293385
260,1,10,150,50,0.0
261,1,10,150,50,0.0
262,1,10,150,50,0.0
263,1,10,150,50,0.22096923279959063
264,1,10,150,50,0.08267480540666075
265,1,10,150,50,0.2357264408253913
266,1,10,150,50,0.05919139647768146
267,1,10,150,50,0.13293520768303693
268,1,10,150,50,0.11214332501616847
269,1,10,150,50,0.4350746825948939
270,1,10,150,50,0.10461947019377003
271,1,10,150,50,0.26621473675880014
272,1,10,150,50,0.23321348468935416
273,1,10,150,50,0.0
274,1,10,150,50,0.16749962386359465
275,1,10,150,50,0.015522912158152052
276,1,10,150,50,0.4962854697635784
277,1,10,150,50,0.09982873474912346
278,1,10,150,50,0.044115283111570695
279,1,10,150,50,0.22324989547616664
280,1,10,150,50,0.259136545120904
281,1,10,150,50,0.049432410190049694
282,1,10,150,50,0.0
283,1,10,150,50,0.18675758970511055
284,1,10,150,50,0.0531693599976256
285,1,10,150,50,0.06473560181867054
286,1,10,150,50,0.2528917983343758
287,1,10,150,50,0.2433793935211444
288,1,10,150,50,0.17002466258190901
289,1,10,150,50,0.0
290,1,10,150,50,0.12671710344568363
291,1,10,150,50,0.1704802837320575
292,1,10,150,50,0.15355556977521737
293,1,10,150,50,0.25523942118844356
294,1,10,150,50,0.0
295,1,10,150,50,0.21294229812074242
296,1,10,150,50,0.24028819374337407
297,1,10,150,50,0.1540717950502828
298,1,10,150,50,0.19953347836770055
299,1,10,150,50,0.167509708015819
300,1,10,150,50,0.0
301,1,10,150,50,0.40923579322895876
302,1,10,150,50,0.13927874459665815
303,1,10,150,50,0.34694513377790215
304,1,10,150,50,0.0
305,1,10,150,50,0.224240164063485
306,1,10,150,50,0.08156911164475483
307,1,10,150,50,0.23702836520025444
308,1,10,150,50,0.48053264486453184
309,1,10,150,50,0.0
310,1,10,150,50,0.06900643972011666
311,1,10,150,50,0.35573905758654534
312,1,10,150,50,0.12767438397899714
313,1,10,150,50,0.34019152786699286
314,1,10,150,50,0.1827914403860446
315,1,10,150,50,0.24099272903896188
316,1,10,150,50,0.11577931451542922
317,1,10,150,50,0.0
318,1,10,150,50,0.07566012600399026
319,1,10,150,50,0.06591877139737895
320,1,10,150,50,0.25482949140876826
321,1,10,150,50,0.16053720651626527
322,1,10,150,50,0.23314141943977604
323,1,10,150,50,0.20144166357013524
324,1,10,150,50,0.0734773909038217
325,1,10,150,50,0.10918889859228975
326,1,10,150,50,0.26106790836096755
327,1,10,150,50,0.0189684921972994
328,1,10,150,50,0.21598490331215822
329,1,10,150,50,0.04249704384086923
330,1,10,150,50,0.23219269621512062
331,1,10,150,50,0.07292595308580271
332,1,10,150,50,0.1225755609556431
333,1,10,150,50,0.03535057968151573
334,1,10,150,50,0.1327656842673081
335,1,10,150,50,0.04186245699959673
336,1,10,150,50,0.1252879373315154
337,1,10,150,50,0.07245894813912952
338,1,10,150,50,0.14202465692828078
339,1,10,150,50,0.31800387736971575
340,1,10,150,50,0.2868621552039377
341,1,10,150,50,0.0
342,1,10,150,50,0.10877867149944635
343,1,10,150,50,0.2972494379107362
344,1,10,150,50,0.28439390114140245
345,1,10,150,50,0.12448867135501025
346,1,10,150,50,0.12119871357471491
347,1,10,150,50,0.297157006788495
348,1,10,150,50,0.18923084143550442
349,1,10,150,50,0.2259984658284476
350,1,10,150,50,0.0
351,1,10,150,50,0.0
352,1,10,150,50,0.11369404114489928
353,1,10,150,50,0.0
354,1,10,150,50,0.1963900041524573
355,1,10,150,50,0.0
356,1,10,150,50,0.0
357,1,10,150,50,0.048851099168414396
358,1,10,150,50,0.06323567569191428
359,1,10,150,50,0.16879474466077368
360,1,10,150,50,0.1518023382802068
361,1,10,150,50,0.15572261253779404
362,1,10,150,50,0.15042501043191572
363,1,10,150,50,0.13034231324478182
364,1,10,150,50,0.0
365,1,10,150,50,0.14456587527532935
366,1,10,150,50,0.13610100259425117
367,1,10,150,50,0.027299924755986534
368,1,10,150,50,0.042512356679180144
369,1,10,150,50,0.0
370,1,10,150,50,0.19811064503366002
371,1,10,150,50,0.098804715452931
372,1,10,150,50,0.09429424592561358
373,1,10,150,50,0.15248682938057784
374,1,10,150,50,0.12987876597164974
375,1,10,150,50,0.04282650856324445
376,1,10,150,50,0.0
377,1,10,150,50,0.0913219819219427
378,1,10,150,50,0.22197300591114372
379,1,10,150,50,0.14716913158219141
380,1,10,150,50,0.0
381,1,10,150,50,0.07774045583593632
382,1,10,150,50,0.0
383,1,10,150,50,0.0928464636084322
384,1,10,150,50,0.0561173220664886
385,1,10,150,50,0.1610150280370961
386,1,10,150,50,0.14606834984270645
387,1,10,150,50,0.1782689669586765
388,1,10,150,50,0.08659331667411305
389,1,10,150,50,0.11319045107150792
390,1,10,150,50,0.05307577057513386
391,1,10,150,50,0.08907375584162422
392,1,10,150,50,0.12891975796820207
393,1,10,150,50,0.33726366440057515
394,1,10,150,50,0.10657019454040408
395,1,10,150,50,0.04720998255710776
396,1,10,150,50,0.0
397,1,10,150,50,0.08269242567753186
398,1,10,150,50,0.1406230079272144
399,1,10,150,50,0.014036776925438005
400,1,10,150,50,0.0
401,1,10,150,50,0.016941778998402247
402,1,10,150,50,0.11288598947105788
403,1,10,150,50,0.09224219235917257
404,1,10,150,50,0.05446824630887794
405,1,10,150,50,0.2761949746914991
406,1,10,150,50,0.18545419331935706
407,1,10,150,50,0.031104745345423533
408,1,10,150,50,0.0
409,1,10,150,50,0.10621296196761125
410,1,10,150,50,0.0
411,1,10,150,50,0.0
412,1,10,150,50,0.15001451003751623
413,1,10,150,50,0.04935421935348238
414,1,10,150,50,0.1309019901681972
415,1,10,150,50,0.0
416,1,10,150,50,0.23930197476999446
417,1,10,150,50,0.14270331847003537
418,1,10,150,50,0.14436292983286242
419,1,10,150,50,0.0
420,1,10,150,50,0.19519002499605084
421,1,10,150,50,0.0
422,1,10,150,50,0.030480958763669998
423,1,10,150,50,0.0
424,1,10,150,50,0.0
425,1,10,150,50,0.0
426,1,10,150,50,0.11229023146606223
427,1,10,150,50,0.0
428,1,10,150,50,0.0
429,1,10,150,50,0.14062551472815982
430,1,10,150,50,0.0
431,1,10,150,50,0.0
432,1,10,150,50,0.0
433,1,10,150,50,0.20451415323992994
434,1,10,150,50,0.0
435,1,10,150,50,0.08127781909048552
436,1,10,150,50,0.09499424853799125
437,1,10,150,50,0.14945564650669343
438,1,10,150,50,0.0
439,1,10,150,50,0.18154179253735267
440,1,10,150,50,0.0
442,1,10,150,50,0.0733934381893728
444,1,10,150,50,0.0
445,1,10,150,50,0.0
446,1,10,150,50,0.0
447,1,10,150,50,0.0
448,1,10,150,50,0.0
449,1,10,150,50,0.04971883051739238
450,1,10,150,50,0.17556211942720856
451,1,10,150,50,0.05497526658285817
452,1,10,150,50,0.05780700008370542
453,1,10,150,50,0.1515771522786143
454,1,10,150,50,0.0
455,1,10,150,50,0.0
456,1,10,150,50,0.0
457,1,10,150,50,0.10536103181067501
458,1,10,150,50,0.0
459,1,10,150,50,0.0
460,1,10,150,50,0.0
462,1,10,150,50,0.0
1,1,10,150,51,0.700793274755217
2,1,10,150,51,0.1011519894320134
3,1,10,150,51,0.0
4,1,10,150,51,0.07860705643503756
5,1,10,150,51,0.05652282590255172
6,1,10,150,51,0.2487476848406326
7,1,10,150,51,0.30524417310289714
8,1,10,150,51,0.1763575923663448
9,1,10,150,51,0.0
10,1,10,150,51,0.28440418436273285
11,1,10,150,51,0.20002624236065697
12,1,10,150,51,0.08039170127480796
13,1,10,150,51,0.5073607777132251
14,1,10,150,51,0.2998218578379376
15,1,10,150,51,0.050262678017164185
16,1,10,150,51,0.28168270964543934
17,1,10,150,51,0.10122860821230018
18,1,10,150,51,0.23025909345820608
19,1,10,150,51,0.13886244387355454
20,1,10,150,51,0.05692185311373096
21,1,10,150,51,0.051939554957018394
22,1,10,150,51,0.10119483861668156
23,1,10,150,51,0.0
24,1,10,150,51,0.15039027779531847
25,1,10,150,51,0.17085280125179103
26,1,10,150,51,0.0
27,1,10,150,51,0.0
28,1,10,150,51,0.24829192510351253
29,1,10,150,51,0.0
30,1,10,150,51,0.0
31,1,10,150,51,0.038437318942299493
32,1,10,150,51,0.11469999139467348
33,1,10,150,51,0.0
34,1,10,150,51,0.0
35,1,10,150,51,0.0
36,1,10,150,51,0.0
37,1,10,150,51,0.15133867332691472
38,1,10,150,51,0.1587201841978365
39,1,10,150,51,0.0993029104208021
40,1,10,150,51,0.3197267407502473
41,1,10,150,51,0.0
42,1,10,150,51,0.28042948619444724
43,1,10,150,51,0.36600209550620294
44,1,10,150,51,0.09095710507151956
45,1,10,150,51,0.04094516368001556
46,1,10,150,51,0.0
47,1,10,150,51,0.0
48,1,10,150,51,0.1600593927592689
49,1,10,150,51,0.10044042509320623
50,1,10,150,51,0.0
51,1,10,150,51,0.0
52,1,10,150,51,0.02753109834834184
53,1,10,150,51,0.1369821642818139
54,1,10,150,51,0.12836415432918194
55,1,10,150,51,0.0
56,1,10,150,51,0.24861194555276594
57,1,10,150,51,0.18494403003619622
58,1,10,150,51,0.15616587077620764
59,1,10,150,51,0.42602185491481287
60,1,10,150,51,0.28772178616672583
61,1,10,150,51,0.0
62,1,10,150,51,0.2564268617050393
63,1,10,150,51,0.033669757978328795
64,1,10,150,51,0.1780510465696108
65,1,10,150,51,0.21318164785015645
66,1,10,150,51,0.0
67,1,10,150,51,0.03314040476303028
68,1,10,150,51,0.0
69,1,10,150,51,0.25224764194294225
70,1,10,150,51,0.0
71,1,10,150,51,0.0
72,1,10,150,51,0.27925190607299033
73,1,10,150,51,0.15507073573085653
74,1,10,150,51,0.03272011597426011
75,1,10,150,51,0.10310690100385646
76,1,10,150,51,0.10235900919628077
77,1,10,150,51,0.40727872880865296
78,1,10,150,51,0.05658242244874664
79,1,10,150,51,0.4102269223050506
80,1,10,150,51,0.11856641546096264
81,1,10,150,51,0.034380101046999886
82,1,10,150,51,0.23669878536423733
83,1,10,150,51,0.13380568609068055
84,1,10,150,51,0.05683844068224461
85,1,10,150,51,0.05736945988536518
86,1,10,150,51,0.0
87,1,10,150,51,0.12345876172107555
88,1,10,150,51,0.0
89,1,10,150,51,0.12208036573705512
90,1,10,150,51,0.2596731241851486
91,1,10,150,51,0.11392956333144685
92,1,10,150,51,0.3930683638066697
93,1,10,150,51,0.0
94,1,10,150,51,0.531303610589636
95,1,10,150,51,0.28351841933971733
96,1,10,150,51,0.3393399016832947
97,1,10,150,51,0.14204112560137047
98,1,10,150,51,0.19533769320769842
99,1,10,150,51,0.18902677887114935
100,1,10,150,51,0.022805505402617214
101,1,10,150,51,0.022125646633235106
102,1,10,150,51,0.014373101593381423
103,1,10,150,51,0.15394621921377785
104,1,10,150,51,0.015190330175114026
105,1,10,150,51,0.05200670101006268
106,1,10,150,51,0.31023153259588415
107,1,10,150,51,0.0
108,1,10,150,51,0.06036985955798015
109,1,10,150,51,0.27054595476177906
110,1,10,150,51,0.0
111,1,10,150,51,0.038281751104512325
112,1,10,150,51,0.0
113,1,10,150,51,0.02769198719673247
114,1,10,150,51,0.0973553014914488
115,1,10,150,51,0.28367628513724025
116,1,10,150,51,0.04007331320858557
117,1,10,150,51,0.25596974895629354
118,1,10,150,51,0.10713028046710026
119,1,10,150,51,0.15006655106483768
120,1,10,150,51,0.12171775198765021
121,1,10,150,51,0.14227676312339244
122,1,10,150,51,0.06700953352586525
123,1,10,150,51,0.045465875186671466
124,1,10,150,51,0.18978688349077963
125,1,10,150,51,0.24071913227514005
126,1,10,150,51,0.0
127,1,10,150,51,0.071512236588497
128,1,10,150,51,0.22215754948825345
129,1,10,150,51,0.03443731487202246
130,1,10,150,51,0.3671157891805398
131,1,10,150,51,0.25372733625822586
132,1,10,150,51,0.06666588353700116
133,1,10,150,51,0.0
134,1,10,150,51,0.0
135,1,10,150,51,0.023639029246263633
136,1,10,150,51,0.2748136430911722
137,1,10,150,51,0.16512593490657618
138,1,10,150,51,0.04737050724607538
139,1,10,150,51,0.06016179456846956
140,1,10,150,51,0.039232819060514755
141,1,10,150,51,0.087254168110256
142,1,10,150,51,0.04395738023645723
143,1,10,150,51,0.0
144,1,10,150,51,0.1588772645991794
145,1,10,150,51,0.3169406658445877
146,1,10,150,51,0.0
147,1,10,150,51,0.038800293177871176
148,1,10,150,51,0.2573430324485702
149,1,10,150,51,0.0
150,1,10,150,51,0.0
151,1,10,150,51,0.2598296853287209
152,1,10,150,51,0.07204911448443031
153,1,10,150,51,0.21315403751398063
154,1,10,150,51,0.09962851244557022
155,1,10,150,51,0.0
156,1,10,150,51,0.032014847745354055
157,1,10,150,51,0.07267844514201649
158,1,10,150,51,0.28517568253727293
159,1,10,150,51,0.03307777800620198
160,1,10,150,51,0.18161894768764011
161,1,10,150,51,0.09235716777162616
162,1,10,150,51,0.0475858026939827
163,1,10,150,51,0.08930748165857323
164,1,10,150,51,0.10419060831992506
165,1,10,150,51,0.13269256804942683
166,1,10,150,51,0.0
167,1,10,150,51,0.1606298866119576
168,1,10,150,51,0.044682472154713174
169,1,10,150,51,0.14269884249349324
170,1,10,150,51,0.0
171,1,10,150,51,0.0
172,1,10,150,51,0.0
173,1,10,150,51,0.0
174,1,10,150,51,0.1446806613786196
175,1,10,150,51,0.10467701423324277
176,1,10,150,51,0.09885099943510027
177,1,10,150,51,0.15532377867497096
178,1,10,150,51,0.3369657441044618
179,1,10,150,51,0.0
180,1,10,150,51,0.13057885818855974
181,1,10,150,51,0.11907167793209188
182,1,10,150,51,0.04195229264874745
183,1,10,150,51,0.02831169742649504
184,1,10,150,51,0.1819443369200953
185,1,10,150,51,0.0
186,1,10,150,51,0.059346711161619776
187,1,10,150,51,0.14854033459794289
188,1,10,150,51,0.12364050527998956
189,1,10,150,51,0.2995571093142714
190,1,10,150,51,0.03175761494935955
191,1,10,150,51,0.0
192,1,10,150,51,0.10363179610670267
193,1,10,150,51,0.0171529961039881
194,1,10,150,51,0.09788840818646624
195,1,10,150,51,0.12225370560623582
196,1,10,150,51,0.07706308624591164
197,1,10,150,51,0.1263227329579252
198,1,10,150,51,0.043287555244012565
199,1,10,150,51,0.02604446852700291
200,1,10,150,51,0.24229708509075287
201,1,10,150,51,0.06926102960943074
202,1,10,150,51,0.0
203,1,10,150,51,0.05370431689540528
204,1,10,150,51,0.027001973670935885
205,1,10,150,51,0.33118408514264214
206,1,10,150,51,0.03974771280526578
207,1,10,150,51,0.12931615654278164
208,1,10,150,51,0.026258715116272383
209,1,10,150,51,0.03243822298569767
210,1,10,150,51,0.12446767003940802
211,1,10,150,51,0.0
212,1,10,150,51,0.047528395396896204
213,1,10,150,51,0.2883041390657435
214,1,10,150,51,0.17694140473644357
215,1,10,150,51,0.22619322643423018
216,1,10,150,51,0.18092070720457742
217,1,10,150,51,0.06482503452845118
218,1,10,150,51,0.0383846381653829
219,1,10,150,51,0.0
220,1,10,150,51,0.034616222155696735
221,1,10,150,51,0.06626836135742392
222,1,10,150,51,0.22213918011156666
223,1,10,150,51,0.09656680700822458
224,1,10,150,51,0.06174645808174338
225,1,10,150,51,0.13502187206649363
226,1,10,150,51,0.23814675809782818
227,1,10,150,51,0.08428605557054564
228,1,10,150,51,0.0
229,1,10,150,51,0.0
230,1,10,150,51,0.17492311876410854
231,1,10,150,51,0.0
232,1,10,150,51,0.0914735250933564
233,1,10,150,51,0.133523002772727
234,1,10,150,51,0.24030760657250938
235,1,10,150,51,0.23280252396956425
236,1,10,150,51,0.1364685957721612
237,1,10,150,51,0.24352191769087017
238,1,10,150,51,0.0
239,1,10,150,51,0.1402782330353369
240,1,10,150,51,0.0
241,1,10,150,51,0.047978870624887156
242,1,10,150,51,0.0
243,1,10,150,51,0.12898989924507495
244,1,10,150,51,0.23325962033391057
245,1,10,150,51,0.10760552402297123
246,1,10,150,51,0.10068653838920112
247,1,10,150,51,0.08883649703748449
248,1,10,150,51,0.1352712391738193
249,1,10,150,51,0.34850298245948963
250,1,10,150,51,0.10804953986082147
251,1,10,150,51,0.1369922724163038
252,1,10,150,51,0.15744006533381547
253,1,10,150,51,0.2140960796571906
254,1,10,150,51,0.09512930647861638
255,1,10,150,51,0.06847316147390722
256,1,10,150,51,0.20944431543161018
257,1,10,150,51,0.14222480941686058
258,1,10,150,51,0.0
259,1,10,150,51,0.062479569258293385
260,1,10,150,51,0.0
261,1,10,150,51,0.0
262,1,10,150,51,0.0
263,1,10,150,51,0.21800410819779237
264,1,10,150,51,0.08156541521530092
265,1,10,150,51,0.2614765379471292
266,1,10,150,51,0.05919139647768146
267,1,10,150,51,0.1311513871495076
268,1,10,150,51,0.1106385049662456
269,1,10,150,51,0.42923653658407934
270,1,10,150,51,0.10321561065654662
271,1,10,150,51,0.2626424753388554
272,1,10,150,51,0.23321348468935416
273,1,10,150,51,0.03860961209670539
274,1,10,150,51,0.16749962386359465
275,1,10,150,51,0.015522912158152052
276,1,10,150,51,0.4896259532450701
277,1,10,150,51,0.09982873474912346
278,1,10,150,51,0.044115283111570695
279,1,10,150,51,0.22025416729700587
280,1,10,150,51,0.2690779855142262
281,1,10,150,51,0.049432410190049694
282,1,10,150,51,0.0
283,1,10,150,51,0.18675758970511055
284,1,10,150,51,0.07891945711936355
285,1,10,150,51,0.06473560181867054
286,1,10,150,51,0.2629170352458563
287,1,10,150,51,0.2433793935211444
288,1,10,150,51,0.17002466258190901
289,1,10,150,51,0.0
290,1,10,150,51,0.12501672192136445
291,1,10,150,51,0.16819265627817603
292,1,10,150,51,0.1514950503449101
293,1,10,150,51,0.2518144344718494
294,1,10,150,51,0.0
295,1,10,150,51,0.2235036062508818
296,1,10,150,51,0.237063833384408
297,1,10,150,51,0.15200434853676228
298,1,10,150,51,0.19953347836770055
299,1,10,150,51,0.1652619418902597
300,1,10,150,51,0.0
301,1,10,150,51,0.4037443720792092
302,1,10,150,51,0.13927874459665815
303,1,10,150,51,0.3422895736412923
304,1,10,150,51,0.0
305,1,10,150,51,0.22123114774591035
306,1,10,150,51,0.08156911164475483
307,1,10,150,51,0.23384774757274643
308,1,10,150,51,0.4740845111166663
309,1,10,150,51,0.0
310,1,10,150,51,0.06900643972011666
311,1,10,150,51,0.35096549423518475
312,1,10,150,51,0.1259611569737746
313,1,10,150,51,0.3490453140181666
314,1,10,150,51,0.1937573344800388
315,1,10,150,51,0.24099272903896188
316,1,10,150,51,0.11577931451542922
317,1,10,150,51,0.0
318,1,10,150,51,0.07464486384216226
319,1,10,150,51,0.06591877139737895
320,1,10,150,51,0.2514100054257347
321,1,10,150,51,0.15838300244670112
322,1,10,150,51,0.23314141943977604
323,1,10,150,51,0.20144166357013524
324,1,10,150,51,0.0734773909038217
325,1,10,150,51,0.10772372316783196
326,1,10,150,51,0.2575647107980598
327,1,10,150,51,0.018713959282645885
328,1,10,150,51,0.21308666203976928
329,1,10,150,51,0.04249704384086923
330,1,10,150,51,0.22907696708313896
331,1,10,150,51,0.07292595308580271
332,1,10,150,51,0.13434947516744225
333,1,10,150,51,0.03535057968151573
334,1,10,150,51,0.13098413852128737
335,1,10,150,51,0.04186245699959673
336,1,10,150,51,0.1252879373315154
337,1,10,150,51,0.10521567817367497
338,1,10,150,51,0.14202465692828078
339,1,10,150,51,0.313736671893597
340,1,10,150,51,0.2868621552039377
341,1,10,150,51,0.0
342,1,10,150,51,0.10731900079811178
343,1,10,150,51,0.3066794520089808
344,1,10,150,51,0.2805776985769461
345,1,10,150,51,0.12281819254036597
346,1,10,150,51,0.1195723817873723
347,1,10,150,51,0.29316953966349296
348,1,10,150,51,0.18923084143550442
349,1,10,150,51,0.2259984658284476
350,1,10,150,51,0.0
351,1,10,150,51,0.0
352,1,10,150,51,0.11369404114489928
353,1,10,150,51,0.0
354,1,10,150,51,0.19375470137531525
355,1,10,150,51,0.0
356,1,10,150,51,0.0
357,1,10,150,51,0.048851099168414396
358,1,10,150,51,0.06323567569191428
359,1,10,150,51,0.16879474466077368
360,1,10,150,51,0.1518023382802068
361,1,10,150,51,0.15572261253779404
362,1,10,150,51,0.15042501043191572
363,1,10,150,51,0.1420120075704148
364,1,10,150,51,0.0
365,1,10,150,51,0.14456587527532935
366,1,10,150,51,0.13610100259425117
367,1,10,150,51,0.027299924755986534
368,1,10,150,51,0.042512356679180144
369,1,10,150,51,0.0
370,1,10,150,51,0.19811064503366002
371,1,10,150,51,0.098804715452931
372,1,10,150,51,0.09429424592561358
373,1,10,150,51,0.1504406510800149
374,1,10,150,51,0.12813595897832045
375,1,10,150,51,0.04282650856324445
376,1,10,150,51,0.0
377,1,10,150,51,0.0913219819219427
378,1,10,150,51,0.2189944119574815
379,1,10,150,51,0.14519430998756963
380,1,10,150,51,0.0
381,1,10,150,51,0.07774045583593632
382,1,10,150,51,0.0
383,1,10,150,51,0.0928464636084322
384,1,10,150,51,0.0561173220664886
385,1,10,150,51,0.15885441221360255
386,1,10,150,51,0.14606834984270645
387,1,10,150,51,0.17587682533348592
388,1,10,150,51,0.08659331667411305
389,1,10,150,51,0.11167157992864087
390,1,10,150,51,0.05307577057513386
391,1,10,150,51,0.08907375584162422
392,1,10,150,51,0.12891975796820207
393,1,10,150,51,0.33273801720554796
394,1,10,150,51,0.10657019454040408
395,1,10,150,51,0.04720998255710776
396,1,10,150,51,0.0
397,1,10,150,51,0.08269242567753186
398,1,10,150,51,0.1406230079272144
399,1,10,150,51,0.01384842132468648
400,1,10,150,51,0.0
401,1,10,150,51,0.016941778998402247
402,1,10,150,51,0.11288598947105788
403,1,10,150,51,0.09224219235917257
404,1,10,150,51,0.05446824630887794
405,1,10,150,51,0.272488791237925
406,1,10,150,51,0.1829656351424972
407,1,10,150,51,0.031104745345423533
408,1,10,150,51,0.0
409,1,10,150,51,0.10621296196761125
410,1,10,150,51,0.0
411,1,10,150,51,0.0
412,1,10,150,51,0.15001451003751623
413,1,10,150,51,0.04935421935348238
414,1,10,150,51,0.1309019901681972
415,1,10,150,51,0.0
416,1,10,150,51,0.2360908482088005
417,1,10,150,51,0.14078842237797393
418,1,10,150,51,0.14436292983286242
419,1,10,150,51,0.0
420,1,10,150,51,0.19519002499605084
421,1,10,150,51,0.0
422,1,10,150,51,0.030480958763669998
423,1,10,150,51,0.0
424,1,10,150,51,0.0
425,1,10,150,51,0.0
426,1,10,150,51,0.11229023146606223
427,1,10,150,51,0.0
428,1,10,150,51,0.04822019817866397
429,1,10,150,51,0.14062551472815982
430,1,10,150,51,0.0
431,1,10,150,51,0.0
432,1,10,150,51,0.0
433,1,10,150,51,0.20451415323992994
434,1,10,150,51,0.0
435,1,10,150,51,0.08127781909048552
436,1,10,150,51,0.09499424853799125
437,1,10,150,51,0.14945564650669343
438,1,10,150,51,0.0
439,1,10,150,51,0.18154179253735267
440,1,10,150,51,0.0
442,1,10,150,51,0.0733934381893728
444,1,10,150,51,0.0
445,1,10,150,51,0.0
446,1,10,150,51,0.0
447,1,10,150,51,0.0
448,1,10,150,51,0.0
449,1,10,150,51,0.04971883051739238
450,1,10,150,51,0.17556211942720856
451,1,10,150,51,0.05497526658285817
452,1,10,150,51,0.05780700008370542
453,1,10,150,51,0.1515771522786143
454,1,10,150,51,0.03637635676678748
455,1,10,150,51,0.0
456,1,10,150,51,0.0
457,1,10,150,51,0.10536103181067501
458,1,10,150,51,0.0
459,1,10,150,51,0.0
460,1,10,150,51,0.0
462,1,10,150,51,0.0
1,1,10,150,52,0.6915579725360772
2,1,10,150,52,0.1011519894320134
3,1,10,150,52,0.0
4,1,10,150,52,0.07860705643503756
5,1,10,150,52,0.055777948064401485
6,1,10,150,52,0.2454695996640632
7,1,10,150,52,0.30122155717493837
8,1,10,150,52,0.1763575923663448
9,1,10,150,52,0.0
10,1,10,150,52,0.29383455971339584
11,1,10,150,52,0.19739022562575775
12,1,10,150,52,0.08039170127480796
13,1,10,150,52,0.5006745975155682
14,1,10,150,52,0.29587069910285335
15,1,10,150,52,0.050262678017164185
16,1,10,150,52,0.27797059503590554
17,1,10,150,52,0.10122860821230018
18,1,10,150,52,0.22722465749342818
19,1,10,150,52,0.13886244387355454
20,1,10,150,52,0.05692185311373096
21,1,10,150,52,0.051255077088244276
22,1,10,150,52,0.0998612571579146
23,1,10,150,52,0.0
24,1,10,150,52,0.15039027779531847
25,1,10,150,52,0.17085280125179103
26,1,10,150,52,0.0
27,1,10,150,52,0.0
28,1,10,150,52,0.24829192510351253
29,1,10,150,52,0.0
30,1,10,150,52,0.0
31,1,10,150,52,0.038437318942299493
32,1,10,150,52,0.11469999139467348
33,1,10,150,52,0.0
34,1,10,150,52,0.0
35,1,10,150,52,0.0
36,1,10,150,52,0.0
37,1,10,150,52,0.15133867332691472
38,1,10,150,52,0.15662851334118258
39,1,10,150,52,0.0993029104208021
40,1,10,150,52,0.3197267407502473
41,1,10,150,52,0.0
42,1,10,150,52,0.27673388700784196
43,1,10,150,52,0.36117879013698556
44,1,10,150,52,0.08975844009488013
45,1,10,150,52,0.04094516368001556
46,1,10,150,52,0.0
47,1,10,150,52,0.0
48,1,10,150,52,0.1600593927592689
49,1,10,150,52,0.09911678556330543
50,1,10,150,52,0.0
51,1,10,150,52,0.0
52,1,10,150,52,0.02753109834834184
53,1,10,150,52,0.1369821642818139
54,1,10,150,52,0.12836415432918194
55,1,10,150,52,0.0
56,1,10,150,52,0.2453356491966542
57,1,10,150,52,0.1825067720422371
58,1,10,150,52,0.15410786156737613
59,1,10,150,52,0.4204075878779736
60,1,10,150,52,0.2971084409846635
61,1,10,150,52,0.0
62,1,10,150,52,0.25304757761333796
63,1,10,150,52,0.033669757978328795
64,1,10,150,52,0.1757046267554668
65,1,10,150,52,0.21318164785015645
66,1,10,150,52,0.0
67,1,10,150,52,0.03314040476303028
68,1,10,150,52,0.0
69,1,10,150,52,0.25224764194294225
70,1,10,150,52,0.0
71,1,10,150,52,0.0
72,1,10,150,52,0.27557182545469994
73,1,10,150,52,0.15507073573085653
74,1,10,150,52,0.03272011597426011
75,1,10,150,52,0.10310690100385646
76,1,10,150,52,0.10235900919628077
77,1,10,150,52,0.40727872880865296
78,1,10,150,52,0.05658242244874664
79,1,10,150,52,0.4102269223050506
80,1,10,150,52,0.11856641546096264
81,1,10,150,52,0.034380101046999886
82,1,10,150,52,0.2335794848565297
83,1,10,150,52,0.1320423473227416
84,1,10,150,52,0.05683844068224461
85,1,10,150,52,0.05661342480444174
86,1,10,150,52,0.0
87,1,10,150,52,0.13501013290949412
88,1,10,150,52,0.0
89,1,10,150,52,0.12208036573705512
90,1,10,150,52,0.2562510596956232
91,1,10,150,52,0.11392956333144685
92,1,10,150,52,0.38788836955828687
93,1,10,150,52,0.0
94,1,10,150,52,0.5243019032521485
95,1,10,150,52,0.2797821130970387
96,1,10,150,52,0.3393399016832947
97,1,10,150,52,0.14204112560137047
98,1,10,150,52,0.19533769320769842
99,1,10,150,52,0.18653571696563184
100,1,10,150,52,0.022805505402617214
101,1,10,150,52,0.04161098736885563
102,1,10,150,52,0.014183687765048605
103,1,10,150,52,0.15394621921377785
104,1,10,150,52,0.015190330175114026
105,1,10,150,52,0.05200670101006268
106,1,10,150,52,0.31023153259588415
107,1,10,150,52,0.0
108,1,10,150,52,0.06036985955798015
109,1,10,150,52,0.26698060425629155
110,1,10,150,52,0.0
111,1,10,150,52,0.038281751104512325
112,1,10,150,52,0.0
113,1,10,150,52,0.02769198719673247
114,1,10,150,52,0.0973553014914488
115,1,10,150,52,0.28367628513724025
116,1,10,150,52,0.0395452128803785
117,1,10,150,52,0.25596974895629354
118,1,10,150,52,0.10713028046710026
119,1,10,150,52,0.14808892085348635
120,1,10,150,52,0.12171775198765021
121,1,10,150,52,0.14227676312339244
122,1,10,150,52,0.06700953352586525
123,1,10,150,52,0.045465875186671466
124,1,10,150,52,0.18978688349077963
125,1,10,150,52,0.25072520472938714
126,1,10,150,52,0.0
127,1,10,150,52,0.071512236588497
128,1,10,150,52,0.21922987854206155
129,1,10,150,52,0.03443731487202246
130,1,10,150,52,0.36227780716125657
131,1,10,150,52,0.25372733625822586
132,1,10,150,52,0.06666588353700116
133,1,10,150,52,0.0
134,1,10,150,52,0.0
135,1,10,150,52,0.023639029246263633
136,1,10,150,52,0.2748136430911722
137,1,10,150,52,0.16512593490657618
138,1,10,150,52,0.04737050724607538
139,1,10,150,52,0.06016179456846956
140,1,10,150,52,0.039232819060514755
141,1,10,150,52,0.087254168110256
142,1,10,150,52,0.04395738023645723
143,1,10,150,52,0.0
144,1,10,150,52,0.1567835236813086
145,1,10,150,52,0.31276390938865195
146,1,10,150,52,0.0
147,1,10,150,52,0.038800293177871176
148,1,10,150,52,0.2573430324485702
149,1,10,150,52,0.0
150,1,10,150,52,0.0
151,1,10,150,52,0.2564055576209416
152,1,10,150,52,0.07204911448443031
153,1,10,150,52,0.21315403751398063
154,1,10,150,52,0.09962851244557022
155,1,10,150,52,0.0
156,1,10,150,52,0.032014847745354055
157,1,10,150,52,0.07267844514201649
158,1,10,150,52,0.2814175362926459
159,1,10,150,52,0.03307777800620198
160,1,10,150,52,0.17922550880767457
161,1,10,150,52,0.09235716777162616
162,1,10,150,52,0.0475858026939827
163,1,10,150,52,0.08930748165857323
164,1,10,150,52,0.10419060831992506
165,1,10,150,52,0.13269256804942683
166,1,10,150,52,0.0
167,1,10,150,52,0.1606298866119576
168,1,10,150,52,0.044682472154713174
169,1,10,150,52,0.14269884249349324
170,1,10,150,52,0.0
171,1,10,150,52,0.0
172,1,10,150,52,0.0
173,1,10,150,52,0.0
174,1,10,150,52,0.14277400833095258
175,1,10,150,52,0.10467701423324277
176,1,10,150,52,0.09885099943510027
177,1,10,150,52,0.15327686685438707
178,1,10,150,52,0.33252509006795006
179,1,10,150,52,0.0
180,1,10,150,52,0.13057885818855974
181,1,10,150,52,0.11750250914715019
182,1,10,150,52,0.04195229264874745
183,1,10,150,52,0.02831169742649504
184,1,10,150,52,0.17954660994546787
185,1,10,150,52,0.0
186,1,10,150,52,0.059346711161619776
187,1,10,150,52,0.14854033459794289
188,1,10,150,52,0.13518948138735726
189,1,10,150,52,0.3087877940479258
190,1,10,150,52,0.03175761494935955
191,1,10,150,52,0.0
192,1,10,150,52,0.10363179610670267
193,1,10,150,52,0.016926947840269543
194,1,10,150,52,0.09659840004010052
195,1,10,150,52,0.12225370560623582
196,1,10,150,52,0.07706308624591164
197,1,10,150,52,0.1246580071992175
198,1,10,150,52,0.0427170964947533
199,1,10,150,52,0.02604446852700291
200,1,10,150,52,0.23910400820454653
201,1,10,150,52,0.0683482832068981
202,1,10,150,52,0.0
203,1,10,150,52,0.05370431689540528
204,1,10,150,52,0.027001973670935885
205,1,10,150,52,0.33118408514264214
206,1,10,150,52,0.03974771280526578
207,1,10,150,52,0.12761198238684765
208,1,10,150,52,0.026258715116272383
209,1,10,150,52,0.03243822298569767
210,1,10,150,52,0.12282739095749529
211,1,10,150,52,0.0
212,1,10,150,52,0.047528395396896204
213,1,10,150,52,0.2845047649118875
214,1,10,150,52,0.17460960817576598
215,1,10,150,52,0.22619322643423018
216,1,10,150,52,0.1785364699852371
217,1,10,150,52,0.06482503452845118
218,1,10,150,52,0.0383846381653829
219,1,10,150,52,0.0
220,1,10,150,52,0.034616222155696735
221,1,10,150,52,0.0653950533980735
222,1,10,150,52,0.219211751243533
223,1,10,150,52,0.09529421539071825
224,1,10,150,52,0.06093274136685976
225,1,10,150,52,0.13502187206649363
226,1,10,150,52,0.23814675809782818
227,1,10,150,52,0.08428605557054564
228,1,10,150,52,0.0
229,1,10,150,52,0.0
230,1,10,150,52,0.17261791989149478
231,1,10,150,52,0.0
232,1,10,150,52,0.0914735250933564
233,1,10,150,52,0.133523002772727
234,1,10,150,52,0.23714074773952404
235,1,10,150,52,0.23280252396956425
236,1,10,150,52,0.13467016423638803
237,1,10,150,52,0.24352191769087017
238,1,10,150,52,0.0
239,1,10,150,52,0.13842959674912142
240,1,10,150,52,0.0
241,1,10,150,52,0.047978870624887156
242,1,10,150,52,0.0
243,1,10,150,52,0.12898989924507495
244,1,10,150,52,0.23018564236222136
245,1,10,150,52,0.10760552402297123
246,1,10,150,52,0.0993596554910339
247,1,10,150,52,0.08883649703748449
248,1,10,150,52,0.1352712391738193
249,1,10,150,52,0.343910286605767
250,1,10,150,52,0.10662562471893852
251,1,10,150,52,0.1369922724163038
252,1,10,150,52,0.15744006533381547
253,1,10,150,52,0.2140960796571906
254,1,10,150,52,0.09387565875271023
255,1,10,150,52,0.06847316147390722
256,1,10,150,52,0.20668418399089766
257,1,10,150,52,0.14222480941686058
258,1,10,150,52,0.0
259,1,10,150,52,0.062479569258293385
260,1,10,150,52,0.0
261,1,10,150,52,0.0
262,1,10,150,52,0.0
263,1,10,150,52,0.22830952729223467
264,1,10,150,52,0.08049051725711767
265,1,10,150,52,0.2614765379471292
266,1,10,150,52,0.05919139647768146
267,1,10,150,52,0.12942302767401437
268,1,10,150,52,0.10918047152436648
269,1,10,150,52,0.4235799053325373
270,1,10,150,52,0.10185539874743657
271,1,10,150,52,0.2591812796871355
272,1,10,150,52,0.23321348468935416
273,1,10,150,52,0.03860961209670539
274,1,10,150,52,0.16749962386359465
275,1,10,150,52,0.015522912158152052
276,1,10,150,52,0.48317348885158384
277,1,10,150,52,0.09982873474912346
278,1,10,150,52,0.044115283111570695
279,1,10,150,52,0.21735157979611505
280,1,10,150,52,0.26553198042790566
281,1,10,150,52,0.049432410190049694
282,1,10,150,52,0.0
283,1,10,150,52,0.18675758970511055
284,1,10,150,52,0.07891945711936355
285,1,10,150,52,0.06473560181867054
286,1,10,150,52,0.27263057586518064
287,1,10,150,52,0.260923101473539
288,1,10,150,52,0.17002466258190901
289,1,10,150,52,0.0
290,1,10,150,52,0.12336920723910205
291,1,10,150,52,0.16597615382627762
292,1,10,150,52,0.14949859486361605
293,1,10,150,52,0.24849593458141936
294,1,10,150,52,0.0
295,1,10,150,52,0.22055819649146952
296,1,10,150,52,0.23393972214447414
297,1,10,150,52,0.15000118134334023
298,1,10,150,52,0.19953347836770055
299,1,10,150,52,0.16308406143155868
300,1,10,150,52,0.0
301,1,10,150,52,0.3984236856089648
302,1,10,150,52,0.13927874459665815
303,1,10,150,52,0.3377787602917463
304,1,10,150,52,0.0
305,1,10,150,52,0.2183156852503059
306,1,10,150,52,0.08156911164475483
307,1,10,150,52,0.23076601905180166
308,1,10,150,52,0.4678368573572821
309,1,10,150,52,0.0
310,1,10,150,52,0.06900643972011666
311,1,10,150,52,0.3463403465282752
312,1,10,150,52,0.13747955071040688
313,1,10,150,52,0.3576238256457323
314,1,10,150,52,0.19120393163563626
315,1,10,150,52,0.25622586099363914
316,1,10,150,52,0.13442824029706346
317,1,10,150,52,0.0
318,1,10,150,52,0.07366116736344006
319,1,10,150,52,0.06591877139737895
320,1,10,150,52,0.24809683524465204
321,1,10,150,52,0.15629577509070092
322,1,10,150,52,0.23314141943977604
323,1,10,150,52,0.20144166357013524
324,1,10,150,52,0.0734773909038217
325,1,10,150,52,0.1063041017538374
326,1,10,150,52,0.25417043172762166
327,1,10,150,52,0.01846734009276813
328,1,10,150,52,0.21027853046417394
329,1,10,150,52,0.04249704384086923
330,1,10,150,52,0.23923646411765312
331,1,10,150,52,0.07292595308580271
332,1,10,150,52,0.13257897015426623
333,1,10,150,52,0.03535057968151573
334,1,10,150,52,0.1292579831075096
335,1,10,150,52,0.04186245699959673
336,1,10,150,52,0.1252879373315154
337,1,10,150,52,0.10521567817367497
338,1,10,150,52,0.14202465692828078
339,1,10,150,52,0.3096021388058236
340,1,10,150,52,0.2868621552039377
341,1,10,150,52,0.0
342,1,10,150,52,0.1059047129589871
343,1,10,150,52,0.31581627598559964
344,1,10,150,52,0.27688014619502016
345,1,10,150,52,0.12119965085770644
346,1,10,150,52,0.11799661454951677
347,1,10,150,52,0.2893060475356837
348,1,10,150,52,0.18923084143550442
349,1,10,150,52,0.25859803951431987
350,1,10,150,52,0.0
351,1,10,150,52,0.0
352,1,10,150,52,0.11369404114489928
353,1,10,150,52,0.0
354,1,10,150,52,0.19120133323090027
355,1,10,150,52,0.0
356,1,10,150,52,0.0
357,1,10,150,52,0.048851099168414396
358,1,10,150,52,0.06323567569191428
359,1,10,150,52,0.16879474466077368
360,1,10,150,52,0.1518023382802068
361,1,10,150,52,0.15572261253779404
362,1,10,150,52,0.15042501043191572
363,1,10,150,52,0.14014052298872035
364,1,10,150,52,0.0
365,1,10,150,52,0.14456587527532935
366,1,10,150,52,0.13610100259425117
367,1,10,150,52,0.027299924755986534
368,1,10,150,52,0.042512356679180144
369,1,10,150,52,0.0
370,1,10,150,52,0.19811064503366002
371,1,10,150,52,0.098804715452931
372,1,10,150,52,0.09429424592561358
373,1,10,150,52,0.14845809084603806
374,1,10,150,52,0.1264473378842932
375,1,10,150,52,0.04282650856324445
376,1,10,150,52,0.0
377,1,10,150,52,0.0913219819219427
378,1,10,150,52,0.21610842595906193
379,1,10,150,52,0.14328088789643575
380,1,10,150,52,0.0
381,1,10,150,52,0.07774045583593632
382,1,10,150,52,0.0
383,1,10,150,52,0.0928464636084322
384,1,10,150,52,0.0561173220664886
385,1,10,150,52,0.15676097245257048
386,1,10,150,52,0.14606834984270645
387,1,10,150,52,0.17355905817759396
388,1,10,150,52,0.08659331667411305
389,1,10,150,52,0.12337828677749811
390,1,10,150,52,0.05307577057513386
391,1,10,150,52,0.08907375584162422
392,1,10,150,52,0.12891975796820207
393,1,10,150,52,0.3415314321717543
394,1,10,150,52,0.10657019454040408
395,1,10,150,52,0.04720998255710776
396,1,10,150,52,0.0
397,1,10,150,52,0.08269242567753186
398,1,10,150,52,0.1406230079272144
399,1,10,150,52,0.013665921918943561
400,1,10,150,52,0.0
401,1,10,150,52,0.016941778998402247
402,1,10,150,52,0.11288598947105788
403,1,10,150,52,0.09224219235917257
404,1,10,150,52,0.05446824630887794
405,1,10,150,52,0.2688978373445827
406,1,10,150,52,0.18055444913782548
407,1,10,150,52,0.031104745345423533
408,1,10,150,52,0.0
409,1,10,150,52,0.10621296196761125
410,1,10,150,52,0.0
411,1,10,150,52,0.0
412,1,10,150,52,0.15001451003751623
413,1,10,150,52,0.04935421935348238
414,1,10,150,52,0.1309019901681972
415,1,10,150,52,0.0
416,1,10,150,52,0.23297955931245237
417,1,10,150,52,0.13893306263572944
418,1,10,150,52,0.14436292983286242
419,1,10,150,52,0.0
420,1,10,150,52,0.19519002499605084
421,1,10,150,52,0.0
422,1,10,150,52,0.030480958763669998
423,1,10,150,52,0.0
424,1,10,150,52,0.0
425,1,10,150,52,0.0
426,1,10,150,52,0.11229023146606223
427,1,10,150,52,0.0
428,1,10,150,52,0.04822019817866397
429,1,10,150,52,0.14062551472815982
430,1,10,150,52,0.0
431,1,10,150,52,0.0
432,1,10,150,52,0.0
433,1,10,150,52,0.20451415323992994
434,1,10,150,52,0.0
435,1,10,150,52,0.08127781909048552
436,1,10,150,52,0.09499424853799125
437,1,10,150,52,0.14945564650669343
438,1,10,150,52,0.0
439,1,10,150,52,0.18154179253735267
440,1,10,150,52,0.0
442,1,10,150,52,0.0733934381893728
444,1,10,150,52,0.0
445,1,10,150,52,0.0
446,1,10,150,52,0.0
447,1,10,150,52,0.0
448,1,10,150,52,0.0
449,1,10,150,52,0.04971883051739238
450,1,10,150,52,0.17556211942720856
451,1,10,150,52,0.05497526658285817
452,1,10,150,52,0.05780700008370542
453,1,10,150,52,0.1515771522786143
454,1,10,150,52,0.03637635676678748
455,1,10,150,52,0.0
456,1,10,150,52,0.0
457,1,10,150,52,0.10536103181067501
458,1,10,150,52,0.0
459,1,10,150,52,0.0
460,1,10,150,52,0.0
462,1,10,150,52,0.0
1,1,10,150,53,0.6826045210088828
2,1,10,150,53,0.1011519894320134
3,1,10,150,53,0.0
4,1,10,150,53,0.07860705643503756
5,1,10,150,53,0.05505580303229438
6,1,10,150,53,0.24229155783781942
7,1,10,150,53,0.31026849056960215
8,1,10,150,53,0.1763575923663448
9,1,10,150,53,0.0
10,1,10,150,53,0.30297713096682205
11,1,10,150,53,0.19483465705845301
12,1,10,150,53,0.08039170127480796
13,1,10,150,53,0.507139255526879
14,1,10,150,53,0.2920401251409628
15,1,10,150,53,0.050262678017164185
16,1,10,150,53,0.2743717698506323
17,1,10,150,53,0.10122860821230018
18,1,10,150,53,0.22428282898816196
19,1,10,150,53,0.13886244387355454
20,1,10,150,53,0.05692185311373096
21,1,10,150,53,0.05059148868863506
22,1,10,150,53,0.09856837505559535
23,1,10,150,53,0.0
24,1,10,150,53,0.15039027779531847
25,1,10,150,53,0.17085280125179103
26,1,10,150,53,0.0
27,1,10,150,53,0.0
28,1,10,150,53,0.24829192510351253
29,1,10,150,53,0.0
30,1,10,150,53,0.0
31,1,10,150,53,0.038437318942299493
32,1,10,150,53,0.11469999139467348
33,1,10,150,53,0.0
34,1,10,150,53,0.0
35,1,10,150,53,0.0
36,1,10,150,53,0.0
37,1,10,150,53,0.15133867332691472
38,1,10,150,53,0.1546006778484703
39,1,10,150,53,0.0993029104208021
40,1,10,150,53,0.3197267407502473
41,1,10,150,53,0.0
42,1,10,150,53,0.27315107321398097
43,1,10,150,53,0.35650268644276706
44,1,10,150,53,0.08859635698043208
45,1,10,150,53,0.04094516368001556
46,1,10,150,53,0.0
47,1,10,150,53,0.0
48,1,10,150,53,0.1600593927592689
49,1,10,150,53,0.09783354197373625
50,1,10,150,53,0.0
51,1,10,150,53,0.0
52,1,10,150,53,0.02753109834834184
53,1,10,150,53,0.1369821642818139
54,1,10,150,53,0.12836415432918194
55,1,10,150,53,0.0
56,1,10,150,53,0.24215934159814637
57,1,10,150,53,0.1825067720422371
58,1,10,150,53,0.15211266040811092
59,1,10,150,53,0.4149646617471006
60,1,10,150,53,0.29326184224627977
61,1,10,150,53,0.0
62,1,10,150,53,0.24977142534525487
63,1,10,150,53,0.033669757978328795
64,1,10,150,53,0.1734298169474188
65,1,10,150,53,0.21318164785015645
66,1,10,150,53,0.0
67,1,10,150,53,0.03314040476303028
68,1,10,150,53,0.0
69,1,10,150,53,0.25224764194294225
70,1,10,150,53,0.0
71,1,10,150,53,0.0
72,1,10,150,53,0.27200405662048205
73,1,10,150,53,0.15507073573085653
74,1,10,150,53,0.03272011597426011
75,1,10,150,53,0.10310690100385646
76,1,10,150,53,0.10235900919628077
77,1,10,150,53,0.40727872880865296
78,1,10,150,53,0.05658242244874664
79,1,10,150,53,0.4102269223050506
80,1,10,150,53,0.11856641546096264
81,1,10,150,53,0.034380101046999886
82,1,10,150,53,0.230555381775568
83,1,10,150,53,0.1303328236049314
84,1,10,150,53,0.05683844068224461
85,1,10,150,53,0.055880463035645714
86,1,10,150,53,0.0
87,1,10,150,53,0.1462089696723878
88,1,10,150,53,0.0
89,1,10,150,53,0.13889084628900983
90,1,10,150,53,0.2529334326377451
91,1,10,150,53,0.11392956333144685
92,1,10,150,53,0.38286646271500857
93,1,10,150,53,0.0
94,1,10,150,53,0.5304606636452817
95,1,10,150,53,0.2761598345791525
96,1,10,150,53,0.35918533281121173
97,1,10,150,53,0.14204112560137047
98,1,10,150,53,0.19533769320769842
99,1,10,150,53,0.18412067937475926
100,1,10,150,53,0.022805505402617214
101,1,10,150,53,0.04161098736885563
102,1,10,150,53,0.014000054626650221
103,1,10,150,53,0.15394621921377785
104,1,10,150,53,0.015190330175114026
105,1,10,150,53,0.05200670101006268
106,1,10,150,53,0.31023153259588415
107,1,10,150,53,0.0
108,1,10,150,53,0.06036985955798015
109,1,10,150,53,0.27647084786409304
110,1,10,150,53,0.01329176515643974
111,1,10,150,53,0.038281751104512325
112,1,10,150,53,0.0
113,1,10,150,53,0.02769198719673247
114,1,10,150,53,0.0973553014914488
115,1,10,150,53,0.28367628513724025
116,1,10,150,53,0.03903322956051506
117,1,10,150,53,0.25596974895629354
118,1,10,150,53,0.10713028046710026
119,1,10,150,53,0.15911842937704015
120,1,10,150,53,0.12171775198765021
121,1,10,150,53,0.14227676312339244
122,1,10,150,53,0.06700953352586525
123,1,10,150,53,0.045465875186671466
124,1,10,150,53,0.18978688349077963
125,1,10,150,53,0.24747911972084025
126,1,10,150,53,0.0
127,1,10,150,53,0.071512236588497
128,1,10,150,53,0.21639155671107915
129,1,10,150,53,0.03443731487202246
130,1,10,150,53,0.35758747473127744
131,1,10,150,53,0.25372733625822586
132,1,10,150,53,0.06666588353700116
133,1,10,150,53,0.0
134,1,10,150,53,0.0
135,1,10,150,53,0.023639029246263633
136,1,10,150,53,0.2748136430911722
137,1,10,150,53,0.16512593490657618
138,1,10,150,53,0.04737050724607538
139,1,10,150,53,0.06016179456846956
140,1,10,150,53,0.039232819060514755
141,1,10,150,53,0.087254168110256
142,1,10,150,53,0.04395738023645723
143,1,10,150,53,0.0
144,1,10,150,53,0.1547536813032423
145,1,10,150,53,0.30871462268619687
146,1,10,150,53,0.0
147,1,10,150,53,0.038800293177871176
148,1,10,150,53,0.2755196640610253
149,1,10,150,53,0.0
150,1,10,150,53,0.0
151,1,10,150,53,0.25308593031183324
152,1,10,150,53,0.08885959503638503
153,1,10,150,53,0.21315403751398063
154,1,10,150,53,0.09962851244557022
155,1,10,150,53,0.0
156,1,10,150,53,0.032014847745354055
157,1,10,150,53,0.07267844514201649
158,1,10,150,53,0.2907208680632302
159,1,10,150,53,0.03307777800620198
160,1,10,150,53,0.1769051149010559
161,1,10,150,53,0.09235716777162616
162,1,10,150,53,0.0475858026939827
163,1,10,150,53,0.08930748165857323
164,1,10,150,53,0.10419060831992506
165,1,10,150,53,0.13269256804942683
166,1,10,150,53,0.0
167,1,10,150,53,0.1606298866119576
168,1,10,150,53,0.044682472154713174
169,1,10,150,53,0.14269884249349324
170,1,10,150,53,0.0
171,1,10,150,53,0.0
172,1,10,150,53,0.0
173,1,10,150,53,0.0
174,1,10,150,53,0.14092554411869487
175,1,10,150,53,0.10467701423324277
176,1,10,150,53,0.09885099943510027
177,1,10,150,53,0.15327686685438707
178,1,10,150,53,0.3282199596324188
179,1,10,150,53,0.0
180,1,10,150,53,0.13057885818855974
181,1,10,150,53,0.11598122957008936
182,1,10,150,53,0.04195229264874745
183,1,10,150,53,0.02831169742649504
184,1,10,150,53,0.17722205881185343
185,1,10,150,53,0.0
186,1,10,150,53,0.059346711161619776
187,1,10,150,53,0.14854033459794289
188,1,10,150,53,0.14638599616429052
189,1,10,150,53,0.3047899852509877
190,1,10,150,53,0.03175761494935955
191,1,10,150,53,0.0
192,1,10,150,53,0.10363179610670267
193,1,10,150,53,0.016707798306882744
194,1,10,150,53,0.09534776144332192
195,1,10,150,53,0.12225370560623582
196,1,10,150,53,0.07706308624591164
197,1,10,150,53,0.12304408693618905
198,1,10,150,53,0.042164047483626024
199,1,10,150,53,0.02604446852700291
200,1,10,150,53,0.23600838031442684
201,1,10,150,53,0.06746339276392371
202,1,10,150,53,0.0
203,1,10,150,53,0.05370431689540528
204,1,10,150,53,0.027001973670935885
205,1,10,150,53,0.33118408514264214
206,1,10,150,53,0.03974771280526578
207,1,10,150,53,0.12595981764583566
208,1,10,150,53,0.026258715116272383
209,1,10,150,53,0.03243822298569767
210,1,10,150,53,0.121237171287094
211,1,10,150,53,0.0
212,1,10,150,53,0.047528395396896204
213,1,10,150,53,0.28082134324218566
214,1,10,150,53,0.17234897533648139
215,1,10,150,53,0.22619322643423018
216,1,10,150,53,0.17622499691525403
217,1,10,150,53,0.06482503452845118
218,1,10,150,53,0.0383846381653829
219,1,10,150,53,0.0
220,1,10,150,53,0.034616222155696735
221,1,10,150,53,0.06454839778282441
222,1,10,150,53,0.21637366410276482
223,1,10,150,53,0.09406046179057692
224,1,10,150,53,0.06014385834054371
225,1,10,150,53,0.13502187206649363
226,1,10,150,53,0.23814675809782818
227,1,10,150,53,0.08428605557054564
228,1,10,150,53,0.0
229,1,10,150,53,0.0
230,1,10,150,53,0.18332985676868024
231,1,10,150,53,0.0
232,1,10,150,53,0.0914735250933564
233,1,10,150,53,0.133523002772727
234,1,10,150,53,0.23407053775810746
235,1,10,150,53,0.23280252396956425
236,1,10,150,53,0.1329266187412388
237,1,10,150,53,0.24352191769087017
238,1,10,150,53,0.0
239,1,10,150,53,0.1366373786941735
240,1,10,150,53,0.0
241,1,10,150,53,0.047978870624887156
242,1,10,150,53,0.0
243,1,10,150,53,0.12898989924507495
244,1,10,150,53,0.24015226238508378
245,1,10,150,53,0.10760552402297123
246,1,10,150,53,0.09807326751702888
247,1,10,150,53,0.08883649703748449
248,1,10,150,53,0.1352712391738193
249,1,10,150,53,0.3394577544926076
250,1,10,150,53,0.10524516581254072
251,1,10,150,53,0.1369922724163038
252,1,10,150,53,0.15744006533381547
253,1,10,150,53,0.2140960796571906
254,1,10,150,53,0.092660270898611
255,1,10,150,53,0.06847316147390722
256,1,10,150,53,0.20400828855437486
257,1,10,150,53,0.16305479870778072
258,1,10,150,53,0.0
259,1,10,150,53,0.062479569258293385
260,1,10,150,53,0.0
261,1,10,150,53,0.0
262,1,10,150,53,0.0
263,1,10,150,53,0.23830043697121508
264,1,10,150,53,0.07944842393554467
265,1,10,150,53,0.2614765379471292
266,1,10,150,53,0.05919139647768146
267,1,10,150,53,0.1277474157212918
268,1,10,150,53,0.10776693556884158
269,1,10,150,53,0.4180959078935654
270,1,10,150,53,0.10053669892517307
271,1,10,150,53,0.2558257157046612
272,1,10,150,53,0.23321348468935416
273,1,10,150,53,0.03860961209670539
274,1,10,150,53,0.16749962386359465
275,1,10,150,53,0.015522912158152052
276,1,10,150,53,0.489864729932309
277,1,10,150,53,0.09982873474912346
278,1,10,150,53,0.044115283111570695
279,1,10,150,53,0.21453757589283112
280,1,10,150,53,0.2620941952962229
281,1,10,150,53,0.049432410190049694
282,1,10,150,53,0.0
283,1,10,150,53,0.18675758970511055
284,1,10,150,53,0.07891945711936355
285,1,10,150,53,0.06473560181867054
286,1,10,150,53,0.2691008867533793
287,1,10,150,53,0.260923101473539
288,1,10,150,53,0.17002466258190901
289,1,10,150,53,0.0
290,1,10,150,53,0.12177197279046574
291,1,10,150,53,0.16382729645354852
292,1,10,150,53,0.1475630688836517
293,1,10,150,53,0.24527871145141844
294,1,10,150,53,0.0
295,1,10,150,53,0.217702677215233
296,1,10,150,53,0.24385773890818194
297,1,10,150,53,0.1480591484849027
298,1,10,150,53,0.19953347836770055
299,1,10,150,53,0.1609726473536749
300,1,10,150,53,0.0
301,1,10,150,53,0.40621216406588473
302,1,10,150,53,0.13927874459665815
303,1,10,150,53,0.33340561172388683
304,1,10,150,53,0.0
305,1,10,150,53,0.21548919928218574
306,1,10,150,53,0.08156911164475483
307,1,10,150,53,0.22777834130422694
308,1,10,150,53,0.4617798747306161
309,1,10,150,53,0.0
310,1,10,150,53,0.06900643972011666
311,1,10,150,53,0.34185635295477784
312,1,10,150,53,0.13569963269608323
313,1,10,150,53,0.3529937473080528
314,1,10,150,53,0.18872845567889085
315,1,10,150,53,0.27138761143228
316,1,10,150,53,0.13442824029706346
317,1,10,150,53,0.0
318,1,10,150,53,0.07270749215815463
319,1,10,150,53,0.06591877139737895
320,1,10,150,53,0.24488477916746257
321,1,10,150,53,0.15427224748816595
322,1,10,150,53,0.23314141943977604
323,1,10,150,53,0.20144166357013524
324,1,10,150,53,0.0734773909038217
325,1,10,150,53,0.10492780553574228
326,1,10,150,53,0.2638265258690666
327,1,10,150,53,0.018228247433984286
328,1,10,150,53,0.20755609980110695
329,1,10,150,53,0.04249704384086923
330,1,10,150,53,0.23613912134946885
331,1,10,150,53,0.07292595308580271
332,1,10,150,53,0.1308624988966962
333,1,10,150,53,0.03535057968151573
334,1,10,150,53,0.12758450795110016
335,1,10,150,53,0.04186245699959673
336,1,10,150,53,0.1252879373315154
337,1,10,150,53,0.10521567817367497
338,1,10,150,53,0.14202465692828078
339,1,10,150,53,0.30559378686339983
340,1,10,150,53,0.2868621552039377
341,1,10,150,53,0.0
342,1,10,150,53,0.10453358754125465
343,1,10,150,53,0.3246742547117993
344,1,10,150,53,0.2862422225740284
345,1,10,150,53,0.11963050518639289
346,1,10,150,53,0.11646893789665738
347,1,10,150,53,0.28556046469808605
348,1,10,150,53,0.18923084143550442
349,1,10,150,53,0.25859803951431987
350,1,10,150,53,0.0
351,1,10,150,53,0.0
352,1,10,150,53,0.11369404114489928
353,1,10,150,53,0.0
354,1,10,150,53,0.18872589091513908
355,1,10,150,53,0.0
356,1,10,150,53,0.0
357,1,10,150,53,0.048851099168414396
358,1,10,150,53,0.06323567569191428
359,1,10,150,53,0.16879474466077368
360,1,10,150,53,0.1518023382802068
361,1,10,150,53,0.15572261253779404
362,1,10,150,53,0.15042501043191572
363,1,10,150,53,0.13832615394172085
364,1,10,150,53,0.0
365,1,10,150,53,0.14456587527532935
366,1,10,150,53,0.13610100259425117
367,1,10,150,53,0.027299924755986534
368,1,10,150,53,0.042512356679180144
369,1,10,150,53,0.0
370,1,10,150,53,0.19811064503366002
371,1,10,150,53,0.098804715452931
372,1,10,150,53,0.09429424592561358
373,1,10,150,53,0.14653603604658957
374,1,10,150,53,0.13775703530275024
375,1,10,150,53,0.04282650856324445
376,1,10,150,53,0.0
377,1,10,150,53,0.0913219819219427
378,1,10,150,53,0.21331051689968542
379,1,10,150,53,0.14142586122405193
380,1,10,150,53,0.0
381,1,10,150,53,0.07774045583593632
382,1,10,150,53,0.0
383,1,10,150,53,0.0928464636084322
384,1,10,150,53,0.0561173220664886
385,1,10,150,53,0.15473142204038617
386,1,10,150,53,0.14606834984270645
387,1,10,150,53,0.17131202658196365
388,1,10,150,53,0.08659331667411305
389,1,10,150,53,0.12178093477804157
390,1,10,150,53,0.05307577057513386
391,1,10,150,53,0.08907375584162422
392,1,10,150,53,0.12891975796820207
393,1,10,150,53,0.3371096985725461
394,1,10,150,53,0.10657019454040408
395,1,10,150,53,0.04720998255710776
396,1,10,150,53,0.0
397,1,10,150,53,0.08269242567753186
398,1,10,150,53,0.1406230079272144
399,1,10,150,53,0.013488992182992463
400,1,10,150,53,0.0
401,1,10,150,53,0.016941778998402247
402,1,10,150,53,0.11288598947105788
403,1,10,150,53,0.09224219235917257
404,1,10,150,53,0.05446824630887794
405,1,10,150,53,0.26541647519123623
406,1,10,150,53,0.17821684972812382
407,1,10,150,53,0.031104745345423533
408,1,10,150,53,0.0
409,1,10,150,53,0.10621296196761125
410,1,10,150,53,0.0
411,1,10,150,53,0.0
412,1,10,150,53,0.15001451003751623
413,1,10,150,53,0.04935421935348238
414,1,10,150,53,0.1309019901681972
415,1,10,150,53,0.0
416,1,10,150,53,0.2299632233377813
417,1,10,150,53,0.1371343263168176
418,1,10,150,53,0.14436292983286242
419,1,10,150,53,0.0
420,1,10,150,53,0.19519002499605084
421,1,10,150,53,0.0
422,1,10,150,53,0.030480958763669998
423,1,10,150,53,0.0
424,1,10,150,53,0.0
425,1,10,150,53,0.0
426,1,10,150,53,0.11229023146606223
427,1,10,150,53,0.0
428,1,10,150,53,0.04822019817866397
429,1,10,150,53,0.14062551472815982
430,1,10,150,53,0.0
431,1,10,150,53,0.0
432,1,10,150,53,0.0
433,1,10,150,53,0.20451415323992994
434,1,10,150,53,0.0
435,1,10,150,53,0.08127781909048552
436,1,10,150,53,0.09499424853799125
437,1,10,150,53,0.14945564650669343
438,1,10,150,53,0.0
439,1,10,150,53,0.18154179253735267
440,1,10,150,53,0.0
442,1,10,150,53,0.0733934381893728
444,1,10,150,53,0.0
445,1,10,150,53,0.0
446,1,10,150,53,0.0
447,1,10,150,53,0.0
448,1,10,150,53,0.0
449,1,10,150,53,0.04971883051739238
450,1,10,150,53,0.17556211942720856
451,1,10,150,53,0.05497526658285817
452,1,10,150,53,0.05780700008370542
453,1,10,150,53,0.1515771522786143
454,1,10,150,53,0.03637635676678748
455,1,10,150,53,0.0
456,1,10,150,53,0.0
457,1,10,150,53,0.10536103181067501
458,1,10,150,53,0.0
459,1,10,150,53,0.0
460,1,10,150,53,0.0
462,1,10,150,53,0.0
1,1,10,150,54,0.6739193836995789
2,1,10,150,54,0.1011519894320134
3,1,10,150,54,0.0
4,1,10,150,54,0.07860705643503756
5,1,10,150,54,0.05435529901526452
6,1,10,150,54,0.23920875456895677
7,1,10,150,54,0.30632078093626325
8,1,10,150,54,0.1763575923663448
9,1,10,150,54,0.0
10,1,10,150,54,0.3118457205219142
11,1,10,150,54,0.19235567296578573
12,1,10,150,54,0.08039170127480796
13,1,10,150,54,0.5006866553262839
14,1,10,150,54,0.30104787198908
15,1,10,150,54,0.050262678017164185
16,1,10,150,54,0.2708807931260312
17,1,10,150,54,0.10122860821230018
18,1,10,150,54,0.22142916027380552
19,1,10,150,54,0.13886244387355454
20,1,10,150,54,0.05692185311373096
21,1,10,150,54,0.049947786497367024
22,1,10,150,54,0.09731423763727363
23,1,10,150,54,0.0
24,1,10,150,54,0.15039027779531847
25,1,10,150,54,0.17085280125179103
26,1,10,150,54,0.0
27,1,10,150,54,0.0
28,1,10,150,54,0.24829192510351253
29,1,10,150,54,0.0
30,1,10,150,54,0.0
31,1,10,150,54,0.038437318942299493
32,1,10,150,54,0.11469999139467348
33,1,10,150,54,0.0
34,1,10,150,54,0.0
35,1,10,150,54,0.0
36,1,10,150,54,0.0
37,1,10,150,54,0.15133867332691472
38,1,10,150,54,0.16535713926660806
39,1,10,150,54,0.0993029104208021
40,1,10,150,54,0.3197267407502473
41,1,10,150,54,0.0
42,1,10,150,54,0.26967562805645284
43,1,10,150,54,0.3519667147525783
44,1,10,150,54,0.08746909880707296
45,1,10,150,54,0.04094516368001556
46,1,10,150,54,0.0
47,1,10,150,54,0.0
48,1,10,150,54,0.1600593927592689
49,1,10,150,54,0.09658875422424758
50,1,10,150,54,0.0
51,1,10,150,54,0.0
52,1,10,150,54,0.02753109834834184
53,1,10,150,54,0.1369821642818139
54,1,10,150,54,0.12836415432918194
55,1,10,150,54,0.0
56,1,10,150,54,0.23907822058622863
57,1,10,150,54,0.1825067720422371
58,1,10,150,54,0.1501772508093357
59,1,10,150,54,0.409684847513735
60,1,10,150,54,0.2895305171684384
61,1,10,150,54,0.0
62,1,10,150,54,0.24659345177740058
63,1,10,150,54,0.033669757978328795
64,1,10,150,54,0.17122317792386013
65,1,10,150,54,0.21318164785015645
66,1,10,150,54,0.0
67,1,10,150,54,0.03314040476303028
68,1,10,150,54,0.0
69,1,10,150,54,0.25224764194294225
70,1,10,150,54,0.0
71,1,10,150,54,0.0
72,1,10,150,54,0.26854320555998074
73,1,10,150,54,0.17316413854286977
74,1,10,150,54,0.03272011597426011
75,1,10,150,54,0.10310690100385646
76,1,10,150,54,0.10235900919628077
77,1,10,150,54,0.40727872880865296
78,1,10,150,54,0.05658242244874664
79,1,10,150,54,0.4102269223050506
80,1,10,150,54,0.11856641546096264
81,1,10,150,54,0.034380101046999886
82,1,10,150,54,0.22762190406411034
83,1,10,150,54,0.12867453035594284
84,1,10,150,54,0.05683844068224461
85,1,10,150,54,0.05516946643448821
86,1,10,150,54,0.0
87,1,10,150,54,0.1570722032192263
88,1,10,150,54,0.0
89,1,10,150,54,0.13889084628900983
90,1,10,150,54,0.2497152271835451
91,1,10,150,54,0.11392956333144685
92,1,10,150,54,0.3907185781706382
93,1,10,150,54,0.0
94,1,10,150,54,0.5237113328700702
95,1,10,150,54,0.27264610736403
96,1,10,150,54,0.35918533281121173
97,1,10,150,54,0.14204112560137047
98,1,10,150,54,0.19533769320769842
99,1,10,150,54,0.1817780148704448
100,1,10,150,54,0.022805505402617214
101,1,10,150,54,0.04161098736885563
102,1,10,150,54,0.02654545192328226
103,1,10,150,54,0.15394621921377785
104,1,10,150,54,0.015190330175114026
105,1,10,150,54,0.05200670101006268
106,1,10,150,54,0.31023153259588415
107,1,10,150,54,0.0
108,1,10,150,54,0.06036985955798015
109,1,10,150,54,0.27295316346292564
110,1,10,150,54,0.01329176515643974
111,1,10,150,54,0.038281751104512325
112,1,10,150,54,0.0
113,1,10,150,54,0.02769198719673247
114,1,10,150,54,0.0973553014914488
115,1,10,150,54,0.28367628513724025
116,1,10,150,54,0.03853658919567013
117,1,10,150,54,0.25596974895629354
118,1,10,150,54,0.10713028046710026
119,1,10,150,54,0.15709388168500635
120,1,10,150,54,0.12171775198765021
121,1,10,150,54,0.16203132420111288
122,1,10,150,54,0.06700953352586525
123,1,10,150,54,0.045465875186671466
124,1,10,150,54,0.18978688349077963
125,1,10,150,54,0.25705383974127455
126,1,10,150,54,0.0
127,1,10,150,54,0.071512236588497
128,1,10,150,54,0.22636182019048784
129,1,10,150,54,0.03443731487202246
130,1,10,150,54,0.3530377007076039
131,1,10,150,54,0.25372733625822586
132,1,10,150,54,0.06666588353700116
133,1,10,150,54,0.0
134,1,10,150,54,0.0
135,1,10,150,54,0.023639029246263633
136,1,10,150,54,0.2748136430911722
137,1,10,150,54,0.16512593490657618
138,1,10,150,54,0.06921281869643399
139,1,10,150,54,0.06016179456846956
140,1,10,150,54,0.039232819060514755
141,1,10,150,54,0.087254168110256
142,1,10,150,54,0.04395738023645723
143,1,10,150,54,0.0
144,1,10,150,54,0.15278466860281012
145,1,10,150,54,0.3175102111083342
146,1,10,150,54,0.0
147,1,10,150,54,0.038800293177871176
148,1,10,150,54,0.2755196640610253
149,1,10,150,54,0.0
150,1,10,150,54,0.0
151,1,10,150,54,0.24986578454930236
152,1,10,150,54,0.10559310224360675
153,1,10,150,54,0.21315403751398063
154,1,10,150,54,0.09962851244557022
155,1,10,150,54,0.0
156,1,10,150,54,0.032014847745354055
157,1,10,150,54,0.07267844514201649
158,1,10,150,54,0.28702187313996586
159,1,10,150,54,0.049218312527514574
160,1,10,150,54,0.17465425782884814
161,1,10,150,54,0.09235716777162616
162,1,10,150,54,0.0475858026939827
163,1,10,150,54,0.08930748165857323
164,1,10,150,54,0.10419060831992506
165,1,10,150,54,0.13269256804942683
166,1,10,150,54,0.0
167,1,10,150,54,0.1606298866119576
168,1,10,150,54,0.044682472154713174
169,1,10,150,54,0.14269884249349324
170,1,10,150,54,0.0
171,1,10,150,54,0.0
172,1,10,150,54,0.0
173,1,10,150,54,0.0
174,1,10,150,54,0.13913247410027452
175,1,10,150,54,0.10467701423324277
176,1,10,150,54,0.09885099943510027
177,1,10,150,54,0.15327686685438707
178,1,10,150,54,0.324043843991039
179,1,10,150,54,0.0
180,1,10,150,54,0.13057885818855974
181,1,10,150,54,0.11450553922067691
182,1,10,150,54,0.04195229264874745
183,1,10,150,54,0.02831169742649504
184,1,10,150,54,0.1749671690951203
185,1,10,150,54,0.0
186,1,10,150,54,0.059346711161619776
187,1,10,150,54,0.14854033459794289
188,1,10,150,54,0.14452344993478855
189,1,10,150,54,0.3009119815300439
190,1,10,150,54,0.03175761494935955
191,1,10,150,54,0.0
192,1,10,150,54,0.10363179610670267
193,1,10,150,54,0.0164952161777504
194,1,10,150,54,0.09413460159046003
195,1,10,150,54,0.12225370560623582
196,1,10,150,54,0.07706308624591164
197,1,10,150,54,0.12147853212773384
198,1,10,150,54,0.04162757207123048
199,1,10,150,54,0.02604446852700291
200,1,10,150,54,0.23300552122678458
201,1,10,150,54,0.06660502043928664
202,1,10,150,54,0.0
203,1,10,150,54,0.05370431689540528
204,1,10,150,54,0.027001973670935885
205,1,10,150,54,0.33118408514264214
206,1,10,150,54,0.03974771280526578
207,1,10,150,54,0.13708069183280303
208,1,10,150,54,0.026258715116272383
209,1,10,150,54,0.03243822298569767
210,1,10,150,54,0.11969460681936424
211,1,10,150,54,0.0
212,1,10,150,54,0.047528395396896204
213,1,10,150,54,0.27724830519398064
214,1,10,150,54,0.17015608843074745
215,1,10,150,54,0.2410481375247905
216,1,10,150,54,0.17398279334285677
217,1,10,150,54,0.06482503452845118
218,1,10,150,54,0.0383846381653829
219,1,10,150,54,0.0
220,1,10,150,54,0.034616222155696735
221,1,10,150,54,0.06372711447662711
222,1,10,150,54,0.21362062786434052
223,1,10,150,54,0.09406046179057692
224,1,10,150,54,0.05937861631251421
225,1,10,150,54,0.13502187206649363
226,1,10,150,54,0.23814675809782818
227,1,10,150,54,0.08428605557054564
228,1,10,150,54,0.0
229,1,10,150,54,0.0
230,1,10,150,54,0.18099725431744293
231,1,10,150,54,0.0
232,1,10,150,54,0.0914735250933564
233,1,10,150,54,0.133523002772727
234,1,10,150,54,0.23109233486327885
235,1,10,150,54,0.23280252396956425
236,1,10,150,54,0.13123532326882845
237,1,10,150,54,0.24352191769087017
238,1,10,150,54,0.0
239,1,10,150,54,0.1476223966408449
240,1,10,150,54,0.0
241,1,10,150,54,0.047978870624887156
242,1,10,150,54,0.0
243,1,10,150,54,0.12898989924507495
244,1,10,150,54,0.23709667850047708
245,1,10,150,54,0.10760552402297123
246,1,10,150,54,0.09682542961302765
247,1,10,150,54,0.08883649703748449
248,1,10,150,54,0.1352712391738193
249,1,10,150,54,0.3478621818356151
250,1,10,150,54,0.10390607606424637
251,1,10,150,54,0.1369922724163038
252,1,10,150,54,0.15744006533381547
253,1,10,150,54,0.2140960796571906
254,1,10,150,54,0.09148130540526458
255,1,10,150,54,0.06847316147390722
256,1,10,150,54,0.21413611088516643
257,1,10,150,54,0.16305479870778072
258,1,10,150,54,0.0
259,1,10,150,54,0.062479569258293385
260,1,10,150,54,0.0
261,1,10,150,54,0.0
262,1,10,150,54,0.0
263,1,10,150,54,0.23526841483795533
264,1,10,150,54,0.07843755973870616
265,1,10,150,54,0.2614765379471292
266,1,10,150,54,0.05919139647768146
267,1,10,150,54,0.1388455453552107
268,1,10,150,54,0.10639576001401968
269,1,10,150,54,0.41277625316413763
270,1,10,150,54,0.09925751748421406
271,1,10,150,54,0.2525707102076833
272,1,10,150,54,0.23321348468935416
273,1,10,150,54,0.03860961209670539
274,1,10,150,54,0.16749962386359465
275,1,10,150,54,0.015522912158152052
276,1,10,150,54,0.4836319226310052
277,1,10,150,54,0.09982873474912346
278,1,10,150,54,0.044115283111570695
279,1,10,150,54,0.2118079011730087
280,1,10,150,54,0.25875943262756257
281,1,10,150,54,0.049432410190049694
282,1,10,150,54,0.0
283,1,10,150,54,0.18675758970511055
284,1,10,150,54,0.07891945711936355
285,1,10,150,54,0.06473560181867054
286,1,10,150,54,0.27840050162908087
287,1,10,150,54,0.260923101473539
288,1,10,150,54,0.18811806539392226
289,1,10,150,54,0.0
290,1,10,150,54,0.12022260376116767
291,1,10,150,54,0.1617428353623619
292,1,10,150,54,0.15840907351210734
293,1,10,150,54,0.24215790105178006
294,1,10,150,54,0.0
295,1,10,150,54,0.2149327312420906
296,1,10,150,54,0.24075500829159646
297,1,10,150,54,0.146175313856047
298,1,10,150,54,0.2131301838673566
299,1,10,150,54,0.1589245074684563
300,1,10,150,54,0.0
301,1,10,150,54,0.40104371247636506
302,1,10,150,54,0.13927874459665815
303,1,10,150,54,0.34188704367108913
304,1,10,150,54,0.0
305,1,10,150,54,0.21274741655611826
306,1,10,150,54,0.08156911164475483
307,1,10,150,54,0.22488019734322767
308,1,10,150,54,0.4559044058532918
309,1,10,150,54,0.0
310,1,10,150,54,0.06900643972011666
311,1,10,150,54,0.3375067342896658
312,1,10,150,54,0.1339730547047074
313,1,10,150,54,0.3485024217010015
314,1,10,150,54,0.18632716400663324
315,1,10,150,54,0.27138761143228
316,1,10,150,54,0.13442824029706346
317,1,10,150,54,0.0
318,1,10,150,54,0.07178239639131823
319,1,10,150,54,0.06591877139737895
320,1,10,150,54,0.24176898097602298
321,1,10,150,54,0.15427224748816595
322,1,10,150,54,0.23314141943977604
323,1,10,150,54,0.20144166357013524
324,1,10,150,54,0.0734773909038217
325,1,10,150,54,0.10359275372961749
326,1,10,150,54,0.27319324921986493
327,1,10,150,54,0.017996319828761088
328,1,10,150,54,0.20491525408345496
329,1,10,150,54,0.04249704384086923
330,1,10,150,54,0.2331345987746882
331,1,10,150,54,0.07292595308580271
332,1,10,150,54,0.12919746630963302
333,1,10,150,54,0.03535057968151573
334,1,10,150,54,0.12596118297156805
335,1,10,150,54,0.04186245699959673
336,1,10,150,54,0.1252879373315154
337,1,10,150,54,0.10521567817367497
338,1,10,150,54,0.14202465692828078
339,1,10,150,54,0.3017055559506365
340,1,10,150,54,0.2868621552039377
341,1,10,150,54,0.0
342,1,10,150,54,0.10320355157857442
343,1,10,150,54,0.32054325294404046
344,1,10,150,54,0.2826002118192485
345,1,10,150,54,0.11810838317877775
346,1,10,150,54,0.11498704217700086
347,1,10,150,54,0.28192712830830374
348,1,10,150,54,0.18923084143550442
349,1,10,150,54,0.25859803951431987
350,1,10,150,54,0.0
351,1,10,150,54,0.0
352,1,10,150,54,0.11369404114489928
353,1,10,150,54,0.0
354,1,10,150,54,0.18632463187572326
355,1,10,150,54,0.0
356,1,10,150,54,0.0
357,1,10,150,54,0.048851099168414396
358,1,10,150,54,0.06323567569191428
359,1,10,150,54,0.16879474466077368
360,1,10,150,54,0.1518023382802068
361,1,10,150,54,0.15572261253779404
362,1,10,150,54,0.15042501043191572
363,1,10,150,54,0.1365661573353753
364,1,10,150,54,0.0
365,1,10,150,54,0.14456587527532935
366,1,10,150,54,0.13610100259425117
367,1,10,150,54,0.027299924755986534
368,1,10,150,54,0.042512356679180144
369,1,10,150,54,0.0
370,1,10,150,54,0.19811064503366002
371,1,10,150,54,0.098804715452931
372,1,10,150,54,0.09429424592561358
373,1,10,150,54,0.14467158078053785
374,1,10,150,54,0.13600427989298725
375,1,10,150,54,0.04282650856324445
376,1,10,150,54,0.0
377,1,10,150,54,0.0913219819219427
378,1,10,150,54,0.21059645469855293
379,1,10,150,54,0.1396264254072454
380,1,10,150,54,0.0
381,1,10,150,54,0.07774045583593632
382,1,10,150,54,0.0
383,1,10,150,54,0.0928464636084322
384,1,10,150,54,0.0561173220664886
385,1,10,150,54,0.1527626925562943
386,1,10,150,54,0.14606834984270645
387,1,10,150,54,0.18185586069701887
388,1,10,150,54,0.08659331667411305
389,1,10,150,54,0.12023145172064924
390,1,10,150,54,0.05307577057513386
391,1,10,150,54,0.08907375584162422
392,1,10,150,54,0.14779965322373992
393,1,10,150,54,0.34554400146933034
394,1,10,150,54,0.10657019454040408
395,1,10,150,54,0.04720998255710776
396,1,10,150,54,0.0
397,1,10,150,54,0.08269242567753186
398,1,10,150,54,0.1406230079272144
399,1,10,150,54,0.013317364621692014
400,1,10,150,54,0.0
401,1,10,150,54,0.016941778998402247
402,1,10,150,54,0.11288598947105788
403,1,10,150,54,0.09224219235917257
404,1,10,150,54,0.05446824630887794
405,1,10,150,54,0.26203944140338453
406,1,10,150,54,0.17594930276193518
407,1,10,150,54,0.031104745345423533
408,1,10,150,54,0.0
409,1,10,150,54,0.10621296196761125
410,1,10,150,54,0.0
411,1,10,150,54,0.0
412,1,10,150,54,0.15001451003751623
413,1,10,150,54,0.04935421935348238
414,1,10,150,54,0.1309019901681972
415,1,10,150,54,0.0
416,1,10,150,54,0.22703727997041712
417,1,10,150,54,0.13538949396188374
418,1,10,150,54,0.14436292983286242
419,1,10,150,54,0.0
420,1,10,150,54,0.19519002499605084
421,1,10,150,54,0.0
422,1,10,150,54,0.030480958763669998
423,1,10,150,54,0.0
424,1,10,150,54,0.0
425,1,10,150,54,0.0
426,1,10,150,54,0.11229023146606223
427,1,10,150,54,0.0
428,1,10,150,54,0.04822019817866397
429,1,10,150,54,0.14062551472815982
430,1,10,150,54,0.0
431,1,10,150,54,0.0
432,1,10,150,54,0.0
433,1,10,150,54,0.20451415323992994
434,1,10,150,54,0.0
435,1,10,150,54,0.08127781909048552
436,1,10,150,54,0.09499424853799125
437,1,10,150,54,0.14945564650669343
438,1,10,150,54,0.0
439,1,10,150,54,0.18154179253735267
440,1,10,150,54,0.0
442,1,10,150,54,0.0733934381893728
444,1,10,150,54,0.0
445,1,10,150,54,0.0
446,1,10,150,54,0.0
447,1,10,150,54,0.0
448,1,10,150,54,0.0
449,1,10,150,54,0.04971883051739238
450,1,10,150,54,0.17556211942720856
451,1,10,150,54,0.05497526658285817
452,1,10,150,54,0.05780700008370542
453,1,10,150,54,0.1515771522786143
454,1,10,150,54,0.03637635676678748
455,1,10,150,54,0.0
456,1,10,150,54,0.0
457,1,10,150,54,0.10536103181067501
458,1,10,150,54,0.0
459,1,10,150,54,0.0
460,1,10,150,54,0.0
462,1,10,150,54,0.0
1,1,10,150,55,0.6654899068105793
2,1,10,150,55,0.1011519894320134
3,1,10,150,55,0.0
4,1,10,150,55,0.07860705643503756
5,1,10,150,55,0.05367541541505028
6,1,10,150,55,0.23621669837194392
7,1,10,150,55,0.3024892782284059
8,1,10,150,55,0.1763575923663448
9,1,10,150,55,0.03789879717220718
10,1,10,150,55,0.32045324945672904
11,1,10,150,55,0.18994966159565443
12,1,10,150,55,0.08039170127480796
13,1,10,150,55,0.49442399737076664
14,1,10,150,55,0.29728232355584827
15,1,10,150,55,0.050262678017164185
16,1,10,150,55,0.2674925786888759
17,1,10,150,55,0.10122860821230018
18,1,10,150,55,0.21865949370206808
19,1,10,150,55,0.13886244387355454
20,1,10,150,55,0.05692185311373096
21,1,10,150,55,0.04932303267351214
22,1,10,150,55,0.10860515604073895
23,1,10,150,55,0.0
24,1,10,150,55,0.15039027779531847
25,1,10,150,55,0.17085280125179103
26,1,10,150,55,0.0
27,1,10,150,55,0.0
28,1,10,150,55,0.24829192510351253
29,1,10,150,55,0.0
30,1,10,150,55,0.0
31,1,10,150,55,0.038437318942299493
32,1,10,150,55,0.11469999139467348
33,1,10,150,55,0.0
34,1,10,150,55,0.0
35,1,10,150,55,0.0
36,1,10,150,55,0.0
37,1,10,150,55,0.15133867332691472
38,1,10,150,55,0.17579696764266348
39,1,10,150,55,0.0993029104208021
40,1,10,150,55,0.3197267407502473
41,1,10,150,55,0.0
42,1,10,150,55,0.26630248799072403
43,1,10,150,55,0.34756426638936794
44,1,10,150,55,0.08637502321772246
45,1,10,150,55,0.04094516368001556
46,1,10,150,55,0.0
47,1,10,150,55,0.0
48,1,10,150,55,0.1600593927592689
49,1,10,150,55,0.09538060872322203
50,1,10,150,55,0.0
51,1,10,150,55,0.0
52,1,10,150,55,0.02753109834834184
53,1,10,150,55,0.1369821642818139
54,1,10,150,55,0.12836415432918194
55,1,10,150,55,0.0
56,1,10,150,55,0.23608779712633132
57,1,10,150,55,0.1825067720422371
58,1,10,150,55,0.16080695133037337
59,1,10,150,55,0.404560452760564
60,1,10,150,55,0.2859090294027453
61,1,10,150,55,0.0
62,1,10,150,55,0.2435090267660214
63,1,10,150,55,0.033669757978328795
64,1,10,150,55,0.1690814947254234
65,1,10,150,55,0.21318164785015645
66,1,10,150,55,0.0
67,1,10,150,55,0.03314040476303028
68,1,10,150,55,0.0
69,1,10,150,55,0.25224764194294225
70,1,10,150,55,0.0
71,1,10,150,55,0.0
72,1,10,150,55,0.26518422999151003
73,1,10,150,55,0.17316413854286977
74,1,10,150,55,0.03272011597426011
75,1,10,150,55,0.10310690100385646
76,1,10,150,55,0.10235900919628077
77,1,10,150,55,0.40727872880865296
78,1,10,150,55,0.05658242244874664
79,1,10,150,55,0.4102269223050506
80,1,10,150,55,0.11856641546096264
81,1,10,150,55,0.034380101046999886
82,1,10,150,55,0.22477477779626903
83,1,10,150,55,0.12706505152795022
84,1,10,150,55,0.05683844068224461
85,1,10,150,55,0.05447939911555312
86,1,10,150,55,0.0
87,1,10,150,55,0.1676156607215948
88,1,10,150,55,0.0
89,1,10,150,55,0.13889084628900983
90,1,10,150,55,0.24659175457348387
91,1,10,150,55,0.11392956333144685
92,1,10,150,55,0.3858314161384205
93,1,10,150,55,0.0
94,1,10,150,55,0.5171606790623391
95,1,10,150,55,0.2692358121321521
96,1,10,150,55,0.35918533281121173
97,1,10,150,55,0.14204112560137047
98,1,10,150,55,0.19533769320769842
99,1,10,150,55,0.17950431031120376
100,1,10,150,55,0.022805505402617214
101,1,10,150,55,0.04161098736885563
102,1,10,150,55,0.026213417738025605
103,1,10,150,55,0.15394621921377785
104,1,10,150,55,0.015190330175114026
105,1,10,150,55,0.05200670101006268
106,1,10,150,55,0.31023153259588415
107,1,10,150,55,0.0
108,1,10,150,55,0.06036985955798015
109,1,10,150,55,0.28204716588227374
110,1,10,150,55,0.01329176515643974
111,1,10,150,55,0.038281751104512325
112,1,10,150,55,0.0
113,1,10,150,55,0.02769198719673247
114,1,10,150,55,0.0973553014914488
115,1,10,150,55,0.29846470183978396
116,1,10,150,55,0.0380545682064199
117,1,10,150,55,0.25596974895629354
118,1,10,150,55,0.10713028046710026
119,1,10,150,55,0.15512892967873299
120,1,10,150,55,0.12171775198765021
121,1,10,150,55,0.16203132420111288
122,1,10,150,55,0.08714913816971953
123,1,10,150,55,0.045465875186671466
124,1,10,150,55,0.18978688349077963
125,1,10,150,55,0.25383857475003396
126,1,10,150,55,0.0
127,1,10,150,55,0.071512236588497
128,1,10,150,55,0.23603859357746482
129,1,10,150,55,0.03443731487202246
130,1,10,150,55,0.3486218563038956
131,1,10,150,55,0.25372733625822586
132,1,10,150,55,0.06666588353700116
133,1,10,150,55,0.0
134,1,10,150,55,0.0
135,1,10,150,55,0.023639029246263633
136,1,10,150,55,0.2748136430911722
137,1,10,150,55,0.18747829200794844
138,1,10,150,55,0.06921281869643399
139,1,10,150,55,0.06016179456846956
140,1,10,150,55,0.039232819060514755
141,1,10,150,55,0.087254168110256
142,1,10,150,55,0.04395738023645723
143,1,10,150,55,0.0
144,1,10,150,55,0.1508736168299545
145,1,10,150,55,0.31353874945981125
146,1,10,150,55,0.0
147,1,10,150,55,0.038800293177871176
148,1,10,150,55,0.2755196640610253
149,1,10,150,55,0.0
150,1,10,150,55,0.0
151,1,10,150,55,0.25924856709827304
152,1,10,150,55,0.10559310224360675
153,1,10,150,55,0.21315403751398063
154,1,10,150,55,0.09962851244557022
155,1,10,150,55,0.0
156,1,10,150,55,0.032014847745354055
157,1,10,150,55,0.07267844514201649
158,1,10,150,55,0.2834317638408553
159,1,10,150,55,0.049218312527514574
160,1,10,150,55,0.17465425782884814
161,1,10,150,55,0.09235716777162616
162,1,10,150,55,0.0475858026939827
163,1,10,150,55,0.08930748165857323
164,1,10,150,55,0.10419060831992506
165,1,10,150,55,0.13269256804942683
166,1,10,150,55,0.0
167,1,10,150,55,0.1606298866119576
168,1,10,150,55,0.044682472154713174
169,1,10,150,55,0.14269884249349324
170,1,10,150,55,0.0
171,1,10,150,55,0.0
172,1,10,150,55,0.0
173,1,10,150,55,0.0
174,1,10,150,55,0.13739218586505672
175,1,10,150,55,0.10467701423324277
176,1,10,150,55,0.09885099943510027
177,1,10,150,55,0.15327686685438707
178,1,10,150,55,0.31999065875848204
179,1,10,150,55,0.0
180,1,10,150,55,0.13057885818855974
181,1,10,150,55,0.11307328809410387
182,1,10,150,55,0.04195229264874745
183,1,10,150,55,0.02831169742649504
184,1,10,150,55,0.17277865553712704
185,1,10,150,55,0.0
186,1,10,150,55,0.059346711161619776
187,1,10,150,55,0.14854033459794289
188,1,10,150,55,0.14452344993478855
189,1,10,150,55,0.309656271184867
190,1,10,150,55,0.03175761494935955
191,1,10,150,55,0.0
192,1,10,150,55,0.10363179610670267
193,1,10,150,55,0.01628889173166297
194,1,10,150,55,0.09295715297011332
195,1,10,150,55,0.12225370560623582
196,1,10,150,55,0.07706308624591164
197,1,10,150,55,0.13246720019254868
198,1,10,150,55,0.04110688864053096
199,1,10,150,55,0.049748115641606416
200,1,10,150,55,0.24259919428203428
201,1,10,150,55,0.0657719156287347
202,1,10,150,55,0.0
203,1,10,150,55,0.05370431689540528
204,1,10,150,55,0.027001973670935885
205,1,10,150,55,0.33118408514264214
206,1,10,150,55,0.03974771280526578
207,1,10,150,55,0.1353660675740537
208,1,10,150,55,0.026258715116272383
209,1,10,150,55,0.03243822298569767
210,1,10,150,55,0.1181974501173521
211,1,10,150,55,0.0
212,1,10,150,55,0.047528395396896204
213,1,10,150,55,0.28628858338631785
214,1,10,150,55,0.1805358908867165
215,1,10,150,55,0.2410481375247905
216,1,10,150,55,0.1843147308443552
217,1,10,150,55,0.06482503452845118
218,1,10,150,55,0.0383846381653829
219,1,10,150,55,0.0
220,1,10,150,55,0.034616222155696735
221,1,10,150,55,0.06293000691201843
222,1,10,150,55,0.210948631496302
223,1,10,150,55,0.09406046179057692
224,1,10,150,55,0.05863590036456302
225,1,10,150,55,0.13502187206649363
226,1,10,150,55,0.23814675809782818
227,1,10,150,55,0.08428605557054564
228,1,10,150,55,0.0
229,1,10,150,55,0.0
230,1,10,150,55,0.17873331561921815
231,1,10,150,55,0.0
232,1,10,150,55,0.0914735250933564
233,1,10,150,55,0.133523002772727
234,1,10,150,55,0.2282017999668626
235,1,10,150,55,0.23280252396956425
236,1,10,150,55,0.13123532326882845
237,1,10,150,55,0.24352191769087017
238,1,10,150,55,0.0
239,1,10,150,55,0.14577591527989706
240,1,10,150,55,0.0
241,1,10,150,55,0.047978870624887156
242,1,10,150,55,0.0
243,1,10,150,55,0.12898989924507495
244,1,10,150,55,0.23413104044313746
245,1,10,150,55,0.10760552402297123
246,1,10,150,55,0.09561432374349488
247,1,10,150,55,0.08883649703748449
248,1,10,150,55,0.1352712391738193
249,1,10,150,55,0.343511073537998
250,1,10,150,55,0.10260640448928444
251,1,10,150,55,0.1369922724163038
252,1,10,150,55,0.15744006533381547
253,1,10,150,55,0.22936639518293309
254,1,10,150,55,0.09033704458068953
255,1,10,150,55,0.06847316147390722
256,1,10,150,55,0.21145766678418562
257,1,10,150,55,0.16305479870778072
258,1,10,150,55,0.0
259,1,10,150,55,0.062479569258293385
260,1,10,150,55,0.0
261,1,10,150,55,0.0
262,1,10,150,55,0.0
263,1,10,150,55,0.23232564495544933
264,1,10,150,55,0.07745645188954879
265,1,10,150,55,0.286752567800448
266,1,10,150,55,0.05919139647768146
267,1,10,150,55,0.1371088460644332
268,1,10,150,55,0.10506494712776276
269,1,10,150,55,0.4076131906813911
270,1,10,150,55,0.09801599072310574
271,1,10,150,55,0.24941152082089607
272,1,10,150,55,0.23321348468935416
273,1,10,150,55,0.03860961209670539
274,1,10,150,55,0.16749962386359465
275,1,10,150,55,0.015522912158152052
276,1,10,150,55,0.47758258763158656
277,1,10,150,55,0.09982873474912346
278,1,10,150,55,0.044115283111570695
279,1,10,150,55,0.20915857864121862
280,1,10,150,55,0.2555228338445292
281,1,10,150,55,0.049432410190049694
282,1,10,150,55,0.0
283,1,10,150,55,0.18675758970511055
284,1,10,150,55,0.07891945711936355
285,1,10,150,55,0.06473560181867054
286,1,10,150,55,0.2749182296376072
287,1,10,150,55,0.260923101473539
288,1,10,150,55,0.18811806539392226
289,1,10,150,55,0.0
290,1,10,150,55,0.11871884280035833
291,1,10,150,55,0.15971973360030295
292,1,10,150,55,0.15642767090450196
293,1,10,150,55,0.23912895652254154
294,1,10,150,55,0.0
295,1,10,150,55,0.21224432290347187
296,1,10,150,55,0.2377436113390945
297,1,10,150,55,0.14434693280677732
298,1,10,150,55,0.2131301838673566
299,1,10,150,55,0.15693665774161392
300,1,10,150,55,0.0
301,1,10,150,55,0.39602740223575456
302,1,10,150,55,0.13927874459665815
303,1,10,150,55,0.35011881157969515
304,1,10,150,55,0.0
305,1,10,150,55,0.21008634243593297
306,1,10,150,55,0.08156911164475483
307,1,10,150,55,0.2220673647223701
308,1,10,150,55,0.462710028821262
309,1,10,150,55,0.0
310,1,10,150,55,0.06900643972011666
311,1,10,150,55,0.33328515336264397
312,1,10,150,55,0.14480543955249486
313,1,10,150,55,0.34414330519457
314,1,10,150,55,0.1965046964120083
315,1,10,150,55,0.27138761143228
316,1,10,150,55,0.13442824029706346
317,1,10,150,55,0.0
318,1,10,150,55,0.08339267059745374
319,1,10,150,55,0.06591877139737895
320,1,10,150,55,0.23874490111289967
321,1,10,150,55,0.15427224748816595
322,1,10,150,55,0.23314141943977604
323,1,10,150,55,0.20144166357013524
324,1,10,150,55,0.0734773909038217
325,1,10,150,55,0.10229700123376569
326,1,10,150,55,0.26977611026195636
327,1,10,150,55,0.017771219370527034
328,1,10,150,55,0.20235214573506832
329,1,10,150,55,0.04249704384086923
330,1,10,150,55,0.230218518958718
331,1,10,150,55,0.07292595308580271
332,1,10,150,55,0.12758144652638276
333,1,10,150,55,0.03535057968151573
334,1,10,150,55,0.1243856430680546
335,1,10,150,55,0.04186245699959673
336,1,10,150,55,0.1252879373315154
337,1,10,150,55,0.10521567817367497
338,1,10,150,55,0.14202465692828078
339,1,10,150,55,0.31043991946681465
340,1,10,150,55,0.2868621552039377
341,1,10,150,55,0.0
342,1,10,150,55,0.10191266727707453
343,1,10,150,55,0.32904199194000355
344,1,10,150,55,0.2790654092716805
345,1,10,150,55,0.1166310671815183
346,1,10,150,55,0.11354876834483352
347,1,10,150,55,0.27840074478241267
348,1,10,150,55,0.18923084143550442
349,1,10,150,55,0.25859803951431987
350,1,10,150,55,0.0
351,1,10,150,55,0.0
352,1,10,150,55,0.11369404114489928
353,1,10,150,55,0.0
354,1,10,150,55,0.18399405760194942
355,1,10,150,55,0.0
356,1,10,150,55,0.0
357,1,10,150,55,0.048851099168414396
358,1,10,150,55,0.06323567569191428
359,1,10,150,55,0.16879474466077368
360,1,10,150,55,0.1518023382802068
361,1,10,150,55,0.15572261253779404
362,1,10,150,55,0.15042501043191572
363,1,10,150,55,0.13485796894530638
364,1,10,150,55,0.0
365,1,10,150,55,0.14456587527532935
366,1,10,150,55,0.13610100259425117
367,1,10,150,55,0.027299924755986534
368,1,10,150,55,0.042512356679180144
369,1,10,150,55,0.0
370,1,10,150,55,0.19811064503366002
371,1,10,150,55,0.098804715452931
372,1,10,150,55,0.11729787480760416
373,1,10,150,55,0.1428620086326202
374,1,10,150,55,0.13430311954370422
375,1,10,150,55,0.04282650856324445
376,1,10,150,55,0.0
377,1,10,150,55,0.0913219819219427
378,1,10,150,55,0.20796228510687065
379,1,10,150,55,0.1378799587607412
380,1,10,150,55,0.014129317957168487
381,1,10,150,55,0.07774045583593632
382,1,10,150,55,0.0
383,1,10,150,55,0.0928464636084322
384,1,10,150,55,0.0561173220664886
385,1,10,150,55,0.1508519156628689
386,1,10,150,55,0.14606834984270645
387,1,10,150,55,0.179581182431409
388,1,10,150,55,0.08659331667411305
389,1,10,150,55,0.11872758008833857
390,1,10,150,55,0.05307577057513386
391,1,10,150,55,0.08907375584162422
392,1,10,150,55,0.1665950372308979
393,1,10,150,55,0.34122188929245817
394,1,10,150,55,0.10657019454040408
395,1,10,150,55,0.04720998255710776
396,1,10,150,55,0.0
397,1,10,150,55,0.08269242567753186
398,1,10,150,55,0.1406230079272144
399,1,10,150,55,0.013150789182527949
400,1,10,150,55,0.0
401,1,10,150,55,0.016941778998402247
402,1,10,150,55,0.11288598947105788
403,1,10,150,55,0.09224219235917257
404,1,10,150,55,0.05446824630887794
405,1,10,150,55,0.25876181581678936
406,1,10,150,55,0.17374850454015783
407,1,10,150,55,0.031104745345423533
408,1,10,150,55,0.0
409,1,10,150,55,0.10621296196761125
410,1,10,150,55,0.0
411,1,10,150,55,0.0
412,1,10,150,55,0.15001451003751623
413,1,10,150,55,0.04935421935348238
414,1,10,150,55,0.1309019901681972
415,1,10,150,55,0.0
416,1,10,150,55,0.2241974662616233
417,1,10,150,55,0.13369602344008347
418,1,10,150,55,0.14436292983286242
419,1,10,150,55,0.0
420,1,10,150,55,0.19519002499605084
421,1,10,150,55,0.0
422,1,10,150,55,0.030480958763669998
423,1,10,150,55,0.0
424,1,10,150,55,0.0
425,1,10,150,55,0.0
426,1,10,150,55,0.11229023146606223
427,1,10,150,55,0.0
428,1,10,150,55,0.04822019817866397
429,1,10,150,55,0.14062551472815982
430,1,10,150,55,0.0
431,1,10,150,55,0.0
432,1,10,150,55,0.0
433,1,10,150,55,0.20451415323992994
434,1,10,150,55,0.0
435,1,10,150,55,0.08127781909048552
436,1,10,150,55,0.09499424853799125
437,1,10,150,55,0.14945564650669343
438,1,10,150,55,0.0
439,1,10,150,55,0.18154179253735267
440,1,10,150,55,0.0
442,1,10,150,55,0.0733934381893728
444,1,10,150,55,0.0
445,1,10,150,55,0.0
446,1,10,150,55,0.0
447,1,10,150,55,0.0
448,1,10,150,55,0.0
449,1,10,150,55,0.04971883051739238
450,1,10,150,55,0.17556211942720856
451,1,10,150,55,0.05497526658285817
452,1,10,150,55,0.05780700008370542
453,1,10,150,55,0.1515771522786143
454,1,10,150,55,0.03637635676678748
455,1,10,150,55,0.0
456,1,10,150,55,0.0
457,1,10,150,55,0.10536103181067501
458,1,10,150,55,0.0
459,1,10,150,55,0.0
460,1,10,150,55,0.0
462,1,10,150,55,0.0
1,1,10,150,56,0.6573042469127817
2,1,10,150,56,0.1011519894320134
3,1,10,150,56,0.0
4,1,10,150,56,0.07860705643503756
5,1,10,150,56,0.05301519699405826
6,1,10,150,56,0.23331118540282875
7,1,10,150,56,0.3110688005999071
8,1,10,150,56,0.1763575923663448
9,1,10,150,56,0.03789879717220718
10,1,10,150,56,0.32881181136379045
11,1,10,150,56,0.1876132424980672
12,1,10,150,56,0.08039170127480796
13,1,10,150,56,0.5006426840370227
14,1,10,150,56,0.29362569109703646
15,1,10,150,56,0.050262678017164185
16,1,10,150,56,0.26420236609222525
17,1,10,150,56,0.10122860821230018
18,1,10,150,56,0.21596993788679225
19,1,10,150,56,0.13886244387355454
20,1,10,150,56,0.05692185311373096
21,1,10,150,56,0.04871634943690484
22,1,10,150,56,0.10726929074601589
23,1,10,150,56,0.0
24,1,10,150,56,0.15039027779531847
25,1,10,150,56,0.17085280125179103
26,1,10,150,56,0.0
27,1,10,150,56,0.0
28,1,10,150,56,0.24829192510351253
29,1,10,150,56,0.0
30,1,10,150,56,0.0
31,1,10,150,56,0.038437318942299493
32,1,10,150,56,0.11469999139467348
33,1,10,150,56,0.0
34,1,10,150,56,0.0
35,1,10,150,56,0.0
36,1,10,150,56,0.0
37,1,10,150,56,0.15133867332691472
38,1,10,150,56,0.17363462953135597
39,1,10,150,56,0.0993029104208021
40,1,10,150,56,0.3197267407502473
41,1,10,150,56,0.0
42,1,10,150,56,0.2630269137493706
43,1,10,150,56,0.34328915590583553
44,1,10,150,56,0.08531259303435096
45,1,10,150,56,0.04094516368001556
46,1,10,150,56,0.0
47,1,10,150,56,0.0
48,1,10,150,56,0.1600593927592689
49,1,10,150,56,0.10650760944579214
50,1,10,150,56,0.0
51,1,10,150,56,0.0
52,1,10,150,56,0.02753109834834184
53,1,10,150,56,0.1369821642818139
54,1,10,150,56,0.12836415432918194
55,1,10,150,56,0.0
56,1,10,150,56,0.23318386966850066
57,1,10,150,56,0.1825067720422371
58,1,10,150,56,0.17112919486059833
59,1,10,150,56,0.3995842777044041
60,1,10,150,56,0.29469249217442206
61,1,10,150,56,0.0
62,1,10,150,56,0.24051381668882676
63,1,10,150,56,0.033669757978328795
64,1,10,150,56,0.16700175828363908
65,1,10,150,56,0.21318164785015645
66,1,10,150,56,0.0
67,1,10,150,56,0.03314040476303028
68,1,10,150,56,0.0
69,1,10,150,56,0.25224764194294225
70,1,10,150,56,0.0
71,1,10,150,56,0.0
72,1,10,150,56,0.2619224105487883
73,1,10,150,56,0.17316413854286977
74,1,10,150,56,0.03272011597426011
75,1,10,150,56,0.10310690100385646
76,1,10,150,56,0.10235900919628077
77,1,10,150,56,0.40727872880865296
78,1,10,150,56,0.05658242244874664
79,1,10,150,56,0.4102269223050506
80,1,10,150,56,0.11856641546096264
81,1,10,150,56,0.034380101046999886
82,1,10,150,56,0.22201000275488436
83,1,10,150,56,0.12550212580051318
84,1,10,150,56,0.05683844068224461
85,1,10,150,56,0.05380929153310525
86,1,10,150,56,0.0
87,1,10,150,56,0.16555395433330822
88,1,10,150,56,0.0
89,1,10,150,56,0.13889084628900983
90,1,10,150,56,0.24355862632332956
91,1,10,150,56,0.11392956333144685
92,1,10,150,56,0.381085612005145
93,1,10,150,56,0.0
94,1,10,150,56,0.510799498542552
95,1,10,150,56,0.27822435883460284
96,1,10,150,56,0.35918533281121173
97,1,10,150,56,0.14204112560137047
98,1,10,150,56,0.19533769320769842
99,1,10,150,56,0.18959657255991294
100,1,10,150,56,0.022805505402617214
101,1,10,150,56,0.04161098736885563
102,1,10,150,56,0.02589098741989991
103,1,10,150,56,0.15394621921377785
104,1,10,150,56,0.015190330175114026
105,1,10,150,56,0.05200670101006268
106,1,10,150,56,0.31023153259588415
107,1,10,150,56,0.0
108,1,10,150,56,0.06036985955798015
109,1,10,150,56,0.2785779289315364
110,1,10,150,56,0.01329176515643974
111,1,10,150,56,0.038281751104512325
112,1,10,150,56,0.0
113,1,10,150,56,0.02769198719673247
114,1,10,150,56,0.0973553014914488
115,1,10,150,56,0.29846470183978396
116,1,10,150,56,0.0380545682064199
117,1,10,150,56,0.25596974895629354
118,1,10,150,56,0.10713028046710026
119,1,10,150,56,0.1532208125973707
120,1,10,150,56,0.12171775198765021
121,1,10,150,56,0.16203132420111288
122,1,10,150,56,0.08714913816971953
123,1,10,150,56,0.045465875186671466
124,1,10,150,56,0.18978688349077963
125,1,10,150,56,0.2507163091520421
126,1,10,150,56,0.0
127,1,10,150,56,0.071512236588497
128,1,10,150,56,0.23313527133319586
129,1,10,150,56,0.03443731487202246
130,1,10,150,56,0.34433373725139305
131,1,10,150,56,0.25372733625822586
132,1,10,150,56,0.06666588353700116
133,1,10,150,56,0.0
134,1,10,150,56,0.0
135,1,10,150,56,0.023639029246263633
136,1,10,150,56,0.2748136430911722
137,1,10,150,56,0.18747829200794844
138,1,10,150,56,0.06921281869643399
139,1,10,150,56,0.06016179456846956
140,1,10,150,56,0.039232819060514755
141,1,10,150,56,0.087254168110256
142,1,10,150,56,0.04395738023645723
143,1,10,150,56,0.0
144,1,10,150,56,0.149017840953744
145,1,10,150,56,0.30968215968798574
146,1,10,150,56,0.0
147,1,10,150,56,0.038800293177871176
148,1,10,150,56,0.2755196640610253
149,1,10,150,56,0.0
150,1,10,150,56,0.0
151,1,10,150,56,0.25605975750470866
152,1,10,150,56,0.10559310224360675
153,1,10,150,56,0.21315403751398063
154,1,10,150,56,0.09962851244557022
155,1,10,150,56,0.0
156,1,10,150,56,0.032014847745354055
157,1,10,150,56,0.07267844514201649
158,1,10,150,56,0.2799454960563395
159,1,10,150,56,0.06521625450990476
160,1,10,150,56,0.17465425782884814
161,1,10,150,56,0.09235716777162616
162,1,10,150,56,0.0475858026939827
163,1,10,150,56,0.08930748165857323
164,1,10,150,56,0.10419060831992506
165,1,10,150,56,0.13269256804942683
166,1,10,150,56,0.0
167,1,10,150,56,0.1606298866119576
168,1,10,150,56,0.044682472154713174
169,1,10,150,56,0.14269884249349324
170,1,10,150,56,0.0
171,1,10,150,56,0.0
172,1,10,150,56,0.0
173,1,10,150,56,0.0
174,1,10,150,56,0.13570223430516556
175,1,10,150,56,0.10467701423324277
176,1,10,150,56,0.09885099943510027
177,1,10,150,56,0.15327686685438707
178,1,10,150,56,0.3160547092027291
179,1,10,150,56,0.0
180,1,10,150,56,0.13057885818855974
181,1,10,150,56,0.11168246387514622
182,1,10,150,56,0.04195229264874745
183,1,10,150,56,0.02831169742649504
184,1,10,150,56,0.17065344327267085
185,1,10,150,56,0.0
186,1,10,150,56,0.059346711161619776
187,1,10,150,56,0.14854033459794289
188,1,10,150,56,0.14452344993478855
189,1,10,150,56,0.3058474366778382
190,1,10,150,56,0.03175761494935955
191,1,10,150,56,0.0
192,1,10,150,56,0.10363179610670267
193,1,10,150,56,0.01608853508242923
194,1,10,150,56,0.09181376126500444
195,1,10,150,56,0.12225370560623582
196,1,10,150,56,0.07706308624591164
197,1,10,150,56,0.13083782694842777
198,1,10,150,56,0.04060126563043803
199,1,10,150,56,0.049748115641606416
200,1,10,150,56,0.23961517532765259
201,1,10,150,56,0.0649629078186182
202,1,10,150,56,0.0
203,1,10,150,56,0.05370431689540528
204,1,10,150,56,0.027001973670935885
205,1,10,150,56,0.36484800394146205
206,1,10,150,56,0.03974771280526578
207,1,10,150,56,0.14600123909882437
208,1,10,150,56,0.026258715116272383
209,1,10,150,56,0.03243822298569767
210,1,10,150,56,0.11674359767339168
211,1,10,150,56,0.0
212,1,10,150,56,0.047528395396896204
213,1,10,150,56,0.28276717614596775
214,1,10,150,56,0.17831526306498577
215,1,10,150,56,0.2410481375247905
216,1,10,150,56,0.18204762253000562
217,1,10,150,56,0.06482503452845118
218,1,10,150,56,0.0383846381653829
219,1,10,150,56,0.0
220,1,10,150,56,0.034616222155696735
221,1,10,150,56,0.06215595515153927
222,1,10,150,56,0.20835392083929113
223,1,10,150,56,0.09406046179057692
224,1,10,150,56,0.05791466697954329
225,1,10,150,56,0.13502187206649363
226,1,10,150,56,0.23814675809782818
227,1,10,150,56,0.08428605557054564
228,1,10,150,56,0.0
229,1,10,150,56,0.0
230,1,10,150,56,0.18883506125793373
231,1,10,150,56,0.0
232,1,10,150,56,0.0914735250933564
233,1,10,150,56,0.133523002772727
234,1,10,150,56,0.22539487186250343
235,1,10,150,56,0.23280252396956425
236,1,10,150,56,0.13123532326882845
237,1,10,150,56,0.24352191769087017
238,1,10,150,56,0.0
239,1,10,150,56,0.14398284215953935
240,1,10,150,56,0.0
241,1,10,150,56,0.047978870624887156
242,1,10,150,56,0.0
243,1,10,150,56,0.12898989924507495
244,1,10,150,56,0.23125118148664311
245,1,10,150,56,0.10760552402297123
246,1,10,150,56,0.09443824830266187
247,1,10,150,56,0.08883649703748449
248,1,10,150,56,0.1352712391738193
249,1,10,150,56,0.35158601956451646
250,1,10,150,56,0.10134432504692228
251,1,10,150,56,0.1369922724163038
252,1,10,150,56,0.15744006533381547
253,1,10,150,56,0.22936639518293309
254,1,10,150,56,0.08922588073651694
255,1,10,150,56,0.06847316147390722
256,1,10,150,56,0.2088566948906031
257,1,10,150,56,0.16305479870778072
258,1,10,150,56,0.0
259,1,10,150,56,0.062479569258293385
260,1,10,150,56,0.0
261,1,10,150,56,0.0
262,1,10,150,56,0.0
263,1,10,150,56,0.22946799272709917
264,1,10,150,56,0.07650372192990654
265,1,10,150,56,0.286752567800448
266,1,10,150,56,0.05919139647768146
267,1,10,150,56,0.13542237964116044
268,1,10,150,56,0.10377262711574378
269,1,10,150,56,0.4025994663339177
270,1,10,150,56,0.10911057571625449
271,1,10,150,56,0.24634370887793683
272,1,10,150,56,0.23321348468935416
273,1,10,150,56,0.03860961209670539
274,1,10,150,56,0.1854331816443728
275,1,10,150,56,0.015522912158152052
276,1,10,150,56,0.47170822560827935
277,1,10,150,56,0.09982873474912346
278,1,10,150,56,0.044115283111570695
279,1,10,150,56,0.20658588599488054
280,1,10,150,56,0.2523798515204289
281,1,10,150,56,0.049432410190049694
282,1,10,150,56,0.0
283,1,10,150,56,0.18675758970511055
284,1,10,150,56,0.07891945711936355
285,1,10,150,56,0.06473560181867054
286,1,10,150,56,0.2715366800386008
287,1,10,150,56,0.260923101473539
288,1,10,150,56,0.20605162317470038
289,1,10,150,56,0.0
290,1,10,150,56,0.1172585771213772
291,1,10,150,56,0.15775514870601837
292,1,10,150,56,0.15450357904446818
293,1,10,150,56,0.23618762219158237
294,1,10,150,56,0.0
295,1,10,150,56,0.2219338764027511
296,1,10,150,56,0.23481931703293013
297,1,10,150,56,0.1425714364586669
298,1,10,150,56,0.2131301838673566
299,1,10,150,56,0.15500630524096273
300,1,10,150,56,0.04336490181597879
301,1,10,150,56,0.39115618541979025
302,1,10,150,56,0.13927874459665815
303,1,10,150,56,0.34581227967578115
304,1,10,150,56,0.0
305,1,10,150,56,0.20750223810804827
306,1,10,150,56,0.08156911164475483
307,1,10,150,56,0.23163609282870434
308,1,10,150,56,0.45701860226697605
309,1,10,150,56,0.0
310,1,10,150,56,0.06900643972011666
311,1,10,150,56,0.32918567884546174
312,1,10,150,56,0.1553245049006375
313,1,10,150,56,0.35221047464436755
314,1,10,150,56,0.19408764906585443
315,1,10,150,56,0.27138761143228
316,1,10,150,56,0.13442824029706346
317,1,10,150,56,0.0
318,1,10,150,56,0.08236692395202172
319,1,10,150,56,0.06591877139737895
320,1,10,150,56,0.23580829074083615
321,1,10,150,56,0.15427224748816595
322,1,10,150,56,0.23314141943977604
323,1,10,150,56,0.20144166357013524
324,1,10,150,56,0.0734773909038217
325,1,10,150,56,0.1010387275137669
326,1,10,150,56,0.27875801118858284
327,1,10,150,56,0.01755262979276249
328,1,10,150,56,0.19986317358443836
329,1,10,150,56,0.04249704384086923
330,1,10,150,56,0.22738678480454827
331,1,10,150,56,0.07292595308580271
332,1,10,150,56,0.1260121690364519
333,1,10,150,56,0.03535057968151573
334,1,10,150,56,0.12285567460436495
335,1,10,150,56,0.04186245699959673
336,1,10,150,56,0.1252879373315154
337,1,10,150,56,0.10521567817367497
338,1,10,150,56,0.14202465692828078
339,1,10,150,56,0.3066214459280742
340,1,10,150,56,0.2868621552039377
341,1,10,150,56,0.0
342,1,10,150,56,0.10065912094215619
343,1,10,150,56,0.3249947091629841
344,1,10,150,56,0.2756328485278436
345,1,10,150,56,0.11519648156317197
346,1,10,150,56,0.11215209562301989
347,1,10,150,56,0.28727656096725
348,1,10,150,56,0.18923084143550442
349,1,10,150,56,0.25859803951431987
350,1,10,150,56,0.0
351,1,10,150,56,0.0
352,1,10,150,56,0.11369404114489928
353,1,10,150,56,0.0
354,1,10,150,56,0.1817308936330719
355,1,10,150,56,0.0
356,1,10,150,56,0.0
357,1,10,150,56,0.048851099168414396
358,1,10,150,56,0.06323567569191428
359,1,10,150,56,0.16879474466077368
360,1,10,150,56,0.1518023382802068
361,1,10,150,56,0.15572261253779404
362,1,10,150,56,0.15042501043191572
363,1,10,150,56,0.13319918876397413
364,1,10,150,56,0.0
365,1,10,150,56,0.14456587527532935
366,1,10,150,56,0.13610100259425117
367,1,10,150,56,0.0495544282211666
368,1,10,150,56,0.042512356679180144
369,1,10,150,56,0.0
370,1,10,150,56,0.19811064503366002
371,1,10,150,56,0.098804715452931
372,1,10,150,56,0.11729787480760416
373,1,10,150,56,0.1534049785725262
374,1,10,150,56,0.14495136554334884
375,1,10,150,56,0.04282650856324445
376,1,10,150,56,0.0
377,1,10,150,56,0.0913219819219427
378,1,10,150,56,0.2054043071119644
379,1,10,150,56,0.1361840074959851
380,1,10,150,56,0.014129317957168487
381,1,10,150,56,0.07774045583593632
382,1,10,150,56,0.0
383,1,10,150,56,0.0928464636084322
384,1,10,150,56,0.0561173220664886
385,1,10,150,56,0.14899640671538464
386,1,10,150,56,0.14606834984270645
387,1,10,150,56,0.1773722977159774
388,1,10,150,56,0.08659331667411305
389,1,10,150,56,0.11726720693895541
390,1,10,150,56,0.05307577057513386
391,1,10,150,56,0.08907375584162422
392,1,10,150,56,0.1665950372308979
393,1,10,150,56,0.33702479132470936
394,1,10,150,56,0.10657019454040408
395,1,10,150,56,0.04720998255710776
396,1,10,150,56,0.0
397,1,10,150,56,0.08269242567753186
398,1,10,150,56,0.1406230079272144
399,1,10,150,56,0.025289233248308663
400,1,10,150,56,0.0
401,1,10,150,56,0.016941778998402247
402,1,10,150,56,0.11288598947105788
403,1,10,150,56,0.09224219235917257
404,1,10,150,56,0.05446824630887794
405,1,10,150,56,0.25557899336202944
406,1,10,150,56,0.17161136293761584
407,1,10,150,56,0.031104745345423533
408,1,10,150,56,0.0
409,1,10,150,56,0.10621296196761125
410,1,10,150,56,0.0
411,1,10,150,56,0.0
412,1,10,150,56,0.15001451003751623
413,1,10,150,56,0.04935421935348238
414,1,10,150,56,0.1309019901681972
415,1,10,150,56,0.0
416,1,10,150,56,0.22143979226839777
417,1,10,150,56,0.13205153542250633
418,1,10,150,56,0.14436292983286242
419,1,10,150,56,0.0
420,1,10,150,56,0.19519002499605084
421,1,10,150,56,0.0
422,1,10,150,56,0.030480958763669998
423,1,10,150,56,0.0
424,1,10,150,56,0.0
425,1,10,150,56,0.0
426,1,10,150,56,0.11229023146606223
427,1,10,150,56,0.0
428,1,10,150,56,0.04822019817866397
429,1,10,150,56,0.14062551472815982
430,1,10,150,56,0.0
431,1,10,150,56,0.0
432,1,10,150,56,0.0
433,1,10,150,56,0.20451415323992994
434,1,10,150,56,0.0
435,1,10,150,56,0.08127781909048552
436,1,10,150,56,0.09499424853799125
437,1,10,150,56,0.14945564650669343
438,1,10,150,56,0.0
439,1,10,150,56,0.18154179253735267
440,1,10,150,56,0.0
442,1,10,150,56,0.0733934381893728
444,1,10,150,56,0.0
445,1,10,150,56,0.0
446,1,10,150,56,0.0
447,1,10,150,56,0.0
448,1,10,150,56,0.0
449,1,10,150,56,0.04971883051739238
450,1,10,150,56,0.17556211942720856
451,1,10,150,56,0.05497526658285817
452,1,10,150,56,0.05780700008370542
453,1,10,150,56,0.1515771522786143
454,1,10,150,56,0.03637635676678748
455,1,10,150,56,0.0
456,1,10,150,56,0.0
457,1,10,150,56,0.10536103181067501
458,1,10,150,56,0.0
459,1,10,150,56,0.0
460,1,10,150,56,0.0
462,1,10,150,56,0.0
1,1,10,150,57,0.6493513057323944
2,1,10,150,57,0.1011519894320134
3,1,10,150,57,0.0
4,1,10,150,57,0.07860705643503756
5,1,10,150,57,0.05237374861556279
6,1,10,150,57,0.23048827631171903
7,1,10,150,57,0.31940440672431053
8,1,10,150,57,0.19541031409018228
9,1,10,150,57,0.03789879717220718
10,1,10,150,57,0.33693273894073145
11,1,10,150,57,0.18534324791145557
12,1,10,150,57,0.08039170127480796
13,1,10,150,57,0.49458524284865635
14,1,10,150,57,0.3021723471644928
15,1,10,150,57,0.050262678017164185
16,1,10,150,57,0.26100569440309584
17,1,10,150,57,0.10122860821230018
18,1,10,150,57,0.22545617656078193
19,1,10,150,57,0.13886244387355454
20,1,10,150,57,0.05692185311373096
21,1,10,150,57,0.04812691423484337
22,1,10,150,57,0.10597140416796352
23,1,10,150,57,0.0
24,1,10,150,57,0.15039027779531847
25,1,10,150,57,0.17085280125179103
26,1,10,150,57,0.0
27,1,10,150,57,0.0
28,1,10,150,57,0.24829192510351253
29,1,10,150,57,0.0
30,1,10,150,57,0.0
31,1,10,150,57,0.038437318942299493
32,1,10,150,57,0.11469999139467348
33,1,10,150,57,0.0
34,1,10,150,57,0.0
35,1,10,150,57,0.0
36,1,10,150,57,0.0
37,1,10,150,57,0.15133867332691472
38,1,10,150,57,0.1836330970838075
39,1,10,150,57,0.0993029104208021
40,1,10,150,57,0.3197267407502473
41,1,10,150,57,0.0
42,1,10,150,57,0.25984446424637037
43,1,10,150,57,0.3391355870256604
44,1,10,150,57,0.08428036779385507
45,1,10,150,57,0.04094516368001556
46,1,10,150,57,0.02795730764456241
47,1,10,150,57,0.0
48,1,10,150,57,0.1775563778366844
49,1,10,150,57,0.10521893870136223
50,1,10,150,57,0.0
51,1,10,150,57,0.0
52,1,10,150,57,0.02753109834834184
53,1,10,150,57,0.1369821642818139
54,1,10,150,57,0.12836415432918194
55,1,10,150,57,0.0
56,1,10,150,57,0.2303625010125109
57,1,10,150,57,0.1825067720422371
58,1,10,150,57,0.16905864621076744
59,1,10,150,57,0.39474957555221746
60,1,10,150,57,0.29112691037942734
61,1,10,150,57,0.0
62,1,10,150,57,0.23760376058287483
63,1,10,150,57,0.033669757978328795
64,1,10,150,57,0.16498114885217857
65,1,10,150,57,0.21318164785015645
66,1,10,150,57,0.0
67,1,10,150,57,0.03314040476303028
68,1,10,150,57,0.0
69,1,10,150,57,0.25224764194294225
70,1,10,150,57,0.012557106047373865
71,1,10,150,57,0.0
72,1,10,150,57,0.25875332479481145
73,1,10,150,57,0.17316413854286977
74,1,10,150,57,0.03272011597426011
75,1,10,150,57,0.10310690100385646
76,1,10,150,57,0.10235900919628077
77,1,10,150,57,0.42477571388606844
78,1,10,150,57,0.05658242244874664
79,1,10,150,57,0.4102269223050506
80,1,10,150,57,0.11856641546096264
81,1,10,150,57,0.034380101046999886
82,1,10,150,57,0.21932383040523046
83,1,10,150,57,0.12398363412912515
84,1,10,150,57,0.05683844068224461
85,1,10,150,57,0.053158235142505235
86,1,10,150,57,0.0
87,1,10,150,57,0.16355086236002903
88,1,10,150,57,0.0
89,1,10,150,57,0.13889084628900983
90,1,10,150,57,0.25271106034382684
91,1,10,150,57,0.11392956333144685
92,1,10,150,57,0.37647473131906456
93,1,10,150,57,0.0
94,1,10,150,57,0.5046191667008512
95,1,10,150,57,0.27485803042404544
96,1,10,150,57,0.35918533281121173
97,1,10,150,57,0.14204112560137047
98,1,10,150,57,0.19533769320769842
99,1,10,150,57,0.19940191129168972
100,1,10,150,57,0.022805505402617214
101,1,10,150,57,0.04161098736885563
102,1,10,150,57,0.025577723811731054
103,1,10,150,57,0.15394621921377785
104,1,10,150,57,0.015190330175114026
105,1,10,150,57,0.05200670101006268
106,1,10,150,57,0.31023153259588415
107,1,10,150,57,0.0
108,1,10,150,57,0.06036985955798015
109,1,10,150,57,0.2752073225595977
110,1,10,150,57,0.01329176515643974
111,1,10,150,57,0.038281751104512325
112,1,10,150,57,0.0
113,1,10,150,57,0.02769198719673247
114,1,10,150,57,0.0973553014914488
115,1,10,150,57,0.3131253135075905
116,1,10,150,57,0.0380545682064199
117,1,10,150,57,0.25596974895629354
118,1,10,150,57,0.10713028046710026
119,1,10,150,57,0.15136694337939235
120,1,10,150,57,0.12171775198765021
121,1,10,150,57,0.16203132420111288
122,1,10,150,57,0.08714913816971953
123,1,10,150,57,0.045465875186671466
124,1,10,150,57,0.18978688349077963
125,1,10,150,57,0.24768280972005907
126,1,10,150,57,0.0
127,1,10,150,57,0.071512236588497
128,1,10,150,57,0.23031449068451623
129,1,10,150,57,0.03443731487202246
130,1,10,150,57,0.34016752963650965
131,1,10,150,57,0.25372733625822586
132,1,10,150,57,0.06666588353700116
133,1,10,150,57,0.0
134,1,10,150,57,0.0
135,1,10,150,57,0.04046615435059731
136,1,10,150,57,0.2748136430911722
137,1,10,150,57,0.18747829200794844
138,1,10,150,57,0.06921281869643399
139,1,10,150,57,0.06016179456846956
140,1,10,150,57,0.039232819060514755
141,1,10,150,57,0.087254168110256
142,1,10,150,57,0.04395738023645723
143,1,10,150,57,0.0
144,1,10,150,57,0.14721482487785567
145,1,10,150,57,0.30593521295489906
146,1,10,150,57,0.0
147,1,10,150,57,0.038800293177871176
148,1,10,150,57,0.2755196640610253
149,1,10,150,57,0.0
150,1,10,150,57,0.0
151,1,10,150,57,0.25296160592625194
152,1,10,150,57,0.10559310224360675
153,1,10,150,57,0.21315403751398063
154,1,10,150,57,0.09962851244557022
155,1,10,150,57,0.0
156,1,10,150,57,0.032014847745354055
157,1,10,150,57,0.07267844514201649
158,1,10,150,57,0.2765583430380724
159,1,10,150,57,0.06521625450990476
160,1,10,150,57,0.17465425782884814
161,1,10,150,57,0.09235716777162616
162,1,10,150,57,0.0475858026939827
163,1,10,150,57,0.08930748165857323
164,1,10,150,57,0.10419060831992506
165,1,10,150,57,0.16621229711010693
166,1,10,150,57,0.0
167,1,10,150,57,0.1606298866119576
168,1,10,150,57,0.044682472154713174
169,1,10,150,57,0.14269884249349324
170,1,10,150,57,0.0
171,1,10,150,57,0.0
172,1,10,150,57,0.0
173,1,10,150,57,0.02795730764456241
174,1,10,150,57,0.13406032815204844
175,1,10,150,57,0.10467701423324277
176,1,10,150,57,0.09885099943510027
177,1,10,150,57,0.15327686685438707
178,1,10,150,57,0.31223065888831325
179,1,10,150,57,0.0
180,1,10,150,57,0.13057885818855974
181,1,10,150,57,0.11033118085780459
182,1,10,150,57,0.04195229264874745
183,1,10,150,57,0.02831169742649504
184,1,10,150,57,0.16858865089843536
185,1,10,150,57,0.0
186,1,10,150,57,0.059346711161619776
187,1,10,150,57,0.14854033459794289
188,1,10,150,57,0.14452344993478855
189,1,10,150,57,0.30214688752499846
190,1,10,150,57,0.03175761494935955
191,1,10,150,57,0.0
192,1,10,150,57,0.10363179610670267
193,1,10,150,57,0.015893874582683314
194,1,10,150,57,0.09070287624285489
195,1,10,150,57,0.12225370560623582
196,1,10,150,57,0.07706308624591164
197,1,10,150,57,0.1292547768665551
198,1,10,150,57,0.04011001750763228
199,1,10,150,57,0.049748115641606416
200,1,10,150,57,0.23671599218033623
201,1,10,150,57,0.06417690014072024
202,1,10,150,57,0.0
203,1,10,150,57,0.05370431689540528
204,1,10,150,57,0.027001973670935885
205,1,10,150,57,0.36484800394146205
206,1,10,150,57,0.03974771280526578
207,1,10,150,57,0.1442347218851136
208,1,10,150,57,0.026258715116272383
209,1,10,150,57,0.03243822298569767
210,1,10,150,57,0.11533107832661424
211,1,10,150,57,0.0
212,1,10,150,57,0.047528395396896204
213,1,10,150,57,0.29144521297220943
214,1,10,150,57,0.17615776780250758
215,1,10,150,57,0.255708749192597
216,1,10,150,57,0.17984496821762205
217,1,10,150,57,0.06482503452845118
218,1,10,150,57,0.0383846381653829
219,1,10,150,57,0.0
220,1,10,150,57,0.034616222155696735
221,1,10,150,57,0.061403909721051475
222,1,10,150,57,0.21793230821898615
223,1,10,150,57,0.10677939756546245
224,1,10,150,57,0.05721393829547754
225,1,10,150,57,0.13502187206649363
226,1,10,150,57,0.23814675809782818
227,1,10,150,57,0.08428605557054564
228,1,10,150,57,0.0
229,1,10,150,57,0.0
230,1,10,150,57,0.19864961376646803
231,1,10,150,57,0.0
232,1,10,150,57,0.0914735250933564
233,1,10,150,57,0.133523002772727
234,1,10,150,57,0.22266774486354876
235,1,10,150,57,0.23280252396956425
236,1,10,150,57,0.13123532326882845
237,1,10,150,57,0.24352191769087017
238,1,10,150,57,0.0
239,1,10,150,57,0.14224074619704097
240,1,10,150,57,0.0
241,1,10,150,57,0.047978870624887156
242,1,10,150,57,0.0
243,1,10,150,57,0.12898989924507495
244,1,10,150,57,0.2284531970633014
245,1,10,150,57,0.10760552402297123
246,1,10,150,57,0.09329560874501797
247,1,10,150,57,0.08883649703748449
248,1,10,150,57,0.1352712391738193
249,1,10,150,57,0.34733206419061474
250,1,10,150,57,0.10011812658578384
251,1,10,150,57,0.1369922724163038
252,1,10,150,57,0.15744006533381547
253,1,10,150,57,0.22936639518293309
254,1,10,150,57,0.08814630733561675
255,1,10,150,57,0.06847316147390722
256,1,10,150,57,0.20632966875712452
257,1,10,150,57,0.16305479870778072
258,1,10,150,57,0.0
259,1,10,150,57,0.062479569258293385
260,1,10,150,57,0.0
261,1,10,150,57,0.0
262,1,10,150,57,0.0
263,1,10,150,57,0.22669158369351763
264,1,10,150,57,0.07557807813033135
265,1,10,150,57,0.286752567800448
266,1,10,150,57,0.05919139647768146
267,1,10,150,57,0.1337838595420546
268,1,10,150,57,0.11461637810971424
269,1,10,150,57,0.3977282824186344
270,1,10,150,57,0.11988974110706906
271,1,10,150,57,0.2433631149808695
272,1,10,150,57,0.23321348468935416
273,1,10,150,57,0.03860961209670539
274,1,10,150,57,0.1854331816443728
275,1,10,150,57,0.015522912158152052
276,1,10,150,57,0.4660008719890272
277,1,10,150,57,0.09982873474912346
278,1,10,150,57,0.044115283111570695
279,1,10,150,57,0.20408633512824287
280,1,10,150,57,0.24932622433988952
281,1,10,150,57,0.049432410190049694
282,1,10,150,57,0.0
283,1,10,150,57,0.18675758970511055
284,1,10,150,57,0.07891945711936355
285,1,10,150,57,0.06473560181867054
286,1,10,150,57,0.2803505983464972
287,1,10,150,57,0.260923101473539
288,1,10,150,57,0.2239083677057859
289,1,10,150,57,0.0
290,1,10,150,57,0.11583982686816918
291,1,10,150,57,0.15584641705784344
292,1,10,150,57,0.15263418921156938
293,1,10,150,57,0.23332991014172486
294,1,10,150,57,0.0
295,1,10,150,57,0.21924862513097496
296,1,10,150,57,0.23197816055911627
297,1,10,150,57,0.14084641755990793
298,1,10,150,57,0.22654904703501674
299,1,10,150,57,0.15313083275777017
300,1,10,150,57,0.04336490181597879
301,1,10,150,57,0.3864234575398181
302,1,10,150,57,0.13927874459665815
303,1,10,150,57,0.34162818268776635
304,1,10,150,57,0.0
305,1,10,150,57,0.20499159999453706
306,1,10,150,57,0.08156911164475483
307,1,10,150,57,0.22883345123590498
308,1,10,150,57,0.4635883135361445
309,1,10,150,57,0.0
310,1,10,150,57,0.06900643972011666
311,1,10,150,57,0.325202752592391
312,1,10,150,57,0.16554451269853493
313,1,10,150,57,0.34794896378220724
314,1,10,150,57,0.1917393184957871
315,1,10,150,57,0.27138761143228
316,1,10,150,57,0.13442824029706346
317,1,10,150,57,0.0
318,1,10,150,57,0.08137033933465992
319,1,10,150,57,0.06591877139737895
320,1,10,150,57,0.23295516834748828
321,1,10,150,57,0.15427224748816595
322,1,10,150,57,0.23314141943977604
323,1,10,150,57,0.20144166357013524
324,1,10,150,57,0.0734773909038217
325,1,10,150,57,0.09981622657811604
326,1,10,150,57,0.2753852259419378
327,1,10,150,57,0.017340254727549388
328,1,10,150,57,0.1974449630356581
329,1,10,150,57,0.04249704384086923
330,1,10,150,57,0.2246355569930111
331,1,10,150,57,0.07292595308580271
332,1,10,150,57,0.12448750618349319
333,1,10,150,57,0.03535057968151573
334,1,10,150,57,0.12136920322007926
335,1,10,150,57,0.04186245699959673
336,1,10,150,57,0.1252879373315154
337,1,10,150,57,0.10521567817367497
338,1,10,150,57,0.14202465692828078
339,1,10,150,57,0.3029115317816731
340,1,10,150,57,0.2868621552039377
341,1,10,150,57,0.0
342,1,10,150,57,0.09944121299179318
343,1,10,150,57,0.32106249083631133
344,1,10,150,57,0.27229787565642166
345,1,10,150,57,0.11380268128519958
346,1,10,150,57,0.11079513037604896
347,1,10,150,57,0.28380070697329335
348,1,10,150,57,0.18923084143550442
349,1,10,150,57,0.25859803951431987
350,1,10,150,57,0.0
351,1,10,150,57,0.0
352,1,10,150,57,0.11369404114489928
353,1,10,150,57,0.0
354,1,10,150,57,0.1795320715282228
355,1,10,150,57,0.0
356,1,10,150,57,0.0
357,1,10,150,57,0.048851099168414396
358,1,10,150,57,0.06323567569191428
359,1,10,150,57,0.16879474466077368
360,1,10,150,57,0.1518023382802068
361,1,10,150,57,0.15572261253779404
362,1,10,150,57,0.15042501043191572
363,1,10,150,57,0.13158756778557545
364,1,10,150,57,0.0
365,1,10,150,57,0.14456587527532935
366,1,10,150,57,0.13610100259425117
367,1,10,150,57,0.07171361090547583
368,1,10,150,57,0.042512356679180144
369,1,10,150,57,0.0
370,1,10,150,57,0.19811064503366002
371,1,10,150,57,0.098804715452931
372,1,10,150,57,0.11729787480760416
373,1,10,150,57,0.15154888106958742
374,1,10,150,57,0.14319755109654211
375,1,10,150,57,0.04282650856324445
376,1,10,150,57,0.0
377,1,10,150,57,0.0913219819219427
378,1,10,150,57,0.20291905255848758
379,1,10,150,57,0.13453627220991035
380,1,10,150,57,0.014129317957168487
381,1,10,150,57,0.09366987522358634
382,1,10,150,57,0.0
383,1,10,150,57,0.0928464636084322
384,1,10,150,57,0.0561173220664886
385,1,10,150,57,0.14719364997942558
386,1,10,150,57,0.14606834984270645
387,1,10,150,57,0.17522621170270314
388,1,10,150,57,0.08659331667411305
389,1,10,150,57,0.11584835227073423
390,1,10,150,57,0.05307577057513386
391,1,10,150,57,0.08907375584162422
392,1,10,150,57,0.1665950372308979
393,1,10,150,57,0.34504634734448836
394,1,10,150,57,0.10657019454040408
395,1,10,150,57,0.04720998255710776
396,1,10,150,57,0.0
397,1,10,150,57,0.08269242567753186
398,1,10,150,57,0.1406230079272144
399,1,10,150,57,0.024983250462611586
400,1,10,150,57,0.0
401,1,10,150,57,0.016941778998402247
402,1,10,150,57,0.11288598947105788
403,1,10,150,57,0.09224219235917257
404,1,10,150,57,0.05446824630887794
405,1,10,150,57,0.2524866587077236
406,1,10,150,57,0.1695349803769688
407,1,10,150,57,0.031104745345423533
408,1,10,150,57,0.0
409,1,10,150,57,0.10621296196761125
410,1,10,150,57,0.0
411,1,10,150,57,0.0
412,1,10,150,57,0.15001451003751623
413,1,10,150,57,0.04935421935348238
414,1,10,150,57,0.1309019901681972
415,1,10,150,57,0.0
416,1,10,150,57,0.23085984936761977
417,1,10,150,57,0.13045380028093748
418,1,10,150,57,0.14436292983286242
419,1,10,150,57,0.0
420,1,10,150,57,0.19519002499605084
421,1,10,150,57,0.0
422,1,10,150,57,0.030480958763669998
423,1,10,150,57,0.0
424,1,10,150,57,0.0
425,1,10,150,57,0.0
426,1,10,150,57,0.11229023146606223
427,1,10,150,57,0.0
428,1,10,150,57,0.04822019817866397
429,1,10,150,57,0.14062551472815982
430,1,10,150,57,0.0
431,1,10,150,57,0.0
432,1,10,150,57,0.0
433,1,10,150,57,0.20451415323992994
434,1,10,150,57,0.0
435,1,10,150,57,0.08127781909048552
436,1,10,150,57,0.09499424853799125
437,1,10,150,57,0.14945564650669343
438,1,10,150,57,0.0
439,1,10,150,57,0.18154179253735267
440,1,10,150,57,0.0
442,1,10,150,57,0.0733934381893728
444,1,10,150,57,0.0
445,1,10,150,57,0.0
446,1,10,150,57,0.0
447,1,10,150,57,0.0
448,1,10,150,57,0.0
449,1,10,150,57,0.04971883051739238
450,1,10,150,57,0.17556211942720856
451,1,10,150,57,0.05497526658285817
452,1,10,150,57,0.05780700008370542
453,1,10,150,57,0.1515771522786143
454,1,10,150,57,0.03637635676678748
455,1,10,150,57,0.0
456,1,10,150,57,0.0
457,1,10,150,57,0.10536103181067501
458,1,10,150,57,0.0
459,1,10,150,57,0.0
460,1,10,150,57,0.0
462,1,10,150,57,0.0
1,1,10,150,58,0.6416206712251769
2,1,10,150,58,0.1011519894320134
3,1,10,150,58,0.0
4,1,10,150,58,0.07860705643503756
5,1,10,150,58,0.051750230491019795
6,1,10,150,58,0.2277442753269905
7,1,10,150,58,0.3275070096333829
8,1,10,150,58,0.19541031409018228
9,1,10,150,58,0.03789879717220718
10,1,10,150,58,0.3448266641607162
11,1,10,150,58,0.18313670594359424
12,1,10,150,58,0.08039170127480796
13,1,10,150,58,0.4886971238730366
14,1,10,150,58,0.31422095291227187
15,1,10,150,58,0.050262678017164185
16,1,10,150,58,0.2578983785173488
17,1,10,150,58,0.10122860821230018
18,1,10,150,58,0.22277208355442338
19,1,10,150,58,0.13886244387355454
20,1,10,150,58,0.05692185311373096
21,1,10,150,58,0.0475539553747851
22,1,10,150,58,0.10470979710471882
23,1,10,150,58,0.0
24,1,10,150,58,0.15039027779531847
25,1,10,150,58,0.17085280125179103
26,1,10,150,58,0.0
27,1,10,150,58,0.0
28,1,10,150,58,0.24829192510351253
29,1,10,150,58,0.0
30,1,10,150,58,0.0
31,1,10,150,58,0.038437318942299493
32,1,10,150,58,0.11469999139467348
33,1,10,150,58,0.0
34,1,10,150,58,0.0
35,1,10,150,58,0.0
36,1,10,150,58,0.0
37,1,10,150,58,0.15133867332691472
38,1,10,150,58,0.18144691474390728
39,1,10,150,58,0.0993029104208021
40,1,10,150,58,0.3197267407502473
41,1,10,150,58,0.0
42,1,10,150,58,0.25675097299736643
43,1,10,150,58,0.33509812186844623
44,1,10,150,58,0.083276996099987
45,1,10,150,58,0.04094516368001556
46,1,10,150,58,0.02795730764456241
47,1,10,150,58,0.0
48,1,10,150,58,0.1949800095606337
49,1,10,150,58,0.10396628986373477
50,1,10,150,58,0.0
51,1,10,150,58,0.0
52,1,10,150,58,0.02753109834834184
53,1,10,150,58,0.1369821642818139
54,1,10,150,58,0.12836415432918194
55,1,10,150,58,0.0
56,1,10,150,58,0.22761999740348582
57,1,10,150,58,0.1825067720422371
58,1,10,150,58,0.16704597511485522
59,1,10,150,58,0.3900500166793335
60,1,10,150,58,0.28766099644425724
61,1,10,150,58,0.0
62,1,10,150,58,0.2347750485830816
63,1,10,150,58,0.033669757978328795
64,1,10,150,58,0.16301702103554389
65,1,10,150,58,0.21318164785015645
66,1,10,150,58,0.0
67,1,10,150,58,0.03314040476303028
68,1,10,150,58,0.0
69,1,10,150,58,0.25224764194294225
70,1,10,150,58,0.012557106047373865
71,1,10,150,58,0.0
72,1,10,150,58,0.25567282374113315
73,1,10,150,58,0.17316413854286977
74,1,10,150,58,0.03272011597426011
75,1,10,150,58,0.10310690100385646
76,1,10,150,58,0.10235900919628077
77,1,10,150,58,0.42477571388606844
78,1,10,150,58,0.05658242244874664
79,1,10,150,58,0.4102269223050506
80,1,10,150,58,0.11856641546096264
81,1,10,150,58,0.034380101046999886
82,1,10,150,58,0.21671274399234727
83,1,10,150,58,0.12250758849424682
84,1,10,150,58,0.05683844068224461
85,1,10,150,58,0.05252537757633474
86,1,10,150,58,0.0
87,1,10,150,58,0.16160376234023374
88,1,10,150,58,0.0
89,1,10,150,58,0.13889084628900983
90,1,10,150,58,0.2616076585531
91,1,10,150,58,0.12748091278361548
92,1,10,150,58,0.3719927374840818
93,1,10,150,58,0.0
94,1,10,150,58,0.49861159220509954
95,1,10,150,58,0.27158580019085077
96,1,10,150,58,0.35918533281121173
97,1,10,150,58,0.16145556611981818
98,1,10,150,58,0.19533769320769842
99,1,10,150,58,0.19702799861510237
100,1,10,150,58,0.022805505402617214
101,1,10,150,58,0.04161098736885563
102,1,10,150,58,0.025273216786690075
103,1,10,150,58,0.15394621921377785
104,1,10,150,58,0.015190330175114026
105,1,10,150,58,0.05200670101006268
106,1,10,150,58,0.31023153259588415
107,1,10,150,58,0.0
108,1,10,150,58,0.06036985955798015
109,1,10,150,58,0.28383609905290075
110,1,10,150,58,0.01329176515643974
111,1,10,150,58,0.038281751104512325
112,1,10,150,58,0.0
113,1,10,150,58,0.02769198719673247
114,1,10,150,58,0.0973553014914488
115,1,10,150,58,0.3131253135075905
116,1,10,150,58,0.0380545682064199
117,1,10,150,58,0.25596974895629354
118,1,10,150,58,0.10713028046710026
119,1,10,150,58,0.1495648949267124
120,1,10,150,58,0.12171775198765021
121,1,10,150,58,0.16203132420111288
122,1,10,150,58,0.08714913816971953
123,1,10,150,58,0.045465875186671466
124,1,10,150,58,0.18978688349077963
125,1,10,150,58,0.24473410497616568
126,1,10,150,58,0.0
127,1,10,150,58,0.071512236588497
128,1,10,150,58,0.22757255864637274
129,1,10,150,58,0.03443731487202246
130,1,10,150,58,0.33611777903213236
131,1,10,150,58,0.25372733625822586
132,1,10,150,58,0.06666588353700116
133,1,10,150,58,0.0
134,1,10,150,58,0.0
135,1,10,150,58,0.04046615435059731
136,1,10,150,58,0.2748136430911722
137,1,10,150,58,0.18747829200794844
138,1,10,150,58,0.06921281869643399
139,1,10,150,58,0.06016179456846956
140,1,10,150,58,0.039232819060514755
141,1,10,150,58,0.087254168110256
142,1,10,150,58,0.04395738023645723
143,1,10,150,58,0.0
144,1,10,150,58,0.1454622080814805
145,1,10,150,58,0.3022930037326129
146,1,10,150,58,0.0
147,1,10,150,58,0.038800293177871176
148,1,10,150,58,0.2755196640610253
149,1,10,150,58,0.0
150,1,10,150,58,0.0
151,1,10,150,58,0.24995005624195737
152,1,10,150,58,0.12203850333662411
153,1,10,150,58,0.21315403751398063
154,1,10,150,58,0.09962851244557022
155,1,10,150,58,0.0
156,1,10,150,58,0.032014847745354055
157,1,10,150,58,0.07267844514201649
158,1,10,150,58,0.2732658703024742
159,1,10,150,58,0.06521625450990476
160,1,10,150,58,0.17465425782884814
161,1,10,150,58,0.09235716777162616
162,1,10,150,58,0.0475858026939827
163,1,10,150,58,0.08930748165857323
164,1,10,150,58,0.10419060831992506
165,1,10,150,58,0.16621229711010693
166,1,10,150,58,0.0
167,1,10,150,58,0.1606298866119576
168,1,10,150,58,0.044682472154713174
169,1,10,150,58,0.14269884249349324
170,1,10,150,58,0.0
171,1,10,150,58,0.0
172,1,10,150,58,0.0
173,1,10,150,58,0.02795730764456241
174,1,10,150,58,0.13246431781109405
175,1,10,150,58,0.10467701423324277
176,1,10,150,58,0.09885099943510027
177,1,10,150,58,0.15327686685438707
178,1,10,150,58,0.30851350134276734
179,1,10,150,58,0.024952538365330408
180,1,10,150,58,0.13057885818855974
181,1,10,150,58,0.1090176699332375
182,1,10,150,58,0.04195229264874745
183,1,10,150,58,0.02831169742649504
184,1,10,150,58,0.16658157517431602
185,1,10,150,58,0.0
186,1,10,150,58,0.059346711161619776
187,1,10,150,58,0.14854033459794289
188,1,10,150,58,0.14452344993478855
189,1,10,150,58,0.29854977894243445
190,1,10,150,58,0.03175761494935955
191,1,10,150,58,0.0
192,1,10,150,58,0.10363179610670267
193,1,10,150,58,0.015704655381585848
194,1,10,150,58,0.0896230435255001
195,1,10,150,58,0.12225370560623582
196,1,10,150,58,0.07706308624591164
197,1,10,150,58,0.12771597740708487
198,1,10,150,58,0.03963250112675757
199,1,10,150,58,0.049748115641606416
200,1,10,150,58,0.24580301431699414
201,1,10,150,58,0.0634128635484868
202,1,10,150,58,0.0
203,1,10,150,58,0.05370431689540528
204,1,10,150,58,0.027001973670935885
205,1,10,150,58,0.36484800394146205
206,1,10,150,58,0.03974771280526578
207,1,10,150,58,0.14251758370690304
208,1,10,150,58,0.026258715116272383
209,1,10,150,58,0.03243822298569767
210,1,10,150,58,0.11395804279716269
211,1,10,150,58,0.0
212,1,10,150,58,0.047528395396896204
213,1,10,150,58,0.2879755095921182
214,1,10,150,58,0.17406058049193074
215,1,10,150,58,0.255708749192597
216,1,10,150,58,0.1777038841773205
217,1,10,150,58,0.06482503452845118
218,1,10,150,58,0.0383846381653829
219,1,10,150,58,0.0
220,1,10,150,58,0.034616222155696735
221,1,10,150,58,0.06067288603760445
222,1,10,150,58,0.21533778810748033
223,1,10,150,58,0.10677939756546245
224,1,10,150,58,0.05653279691364576
225,1,10,150,58,0.13502187206649363
226,1,10,150,58,0.23814675809782818
227,1,10,150,58,0.08428605557054564
228,1,10,150,58,0.0
229,1,10,150,58,0.0
230,1,10,150,58,0.2081898224231702
231,1,10,150,58,0.0
232,1,10,150,58,0.0914735250933564
233,1,10,150,58,0.14835547983755953
234,1,10,150,58,0.2200168485969355
235,1,10,150,58,0.23280252396956425
236,1,10,150,58,0.13123532326882845
237,1,10,150,58,0.24352191769087017
238,1,10,150,58,0.0
239,1,10,150,58,0.14054734662861632
240,1,10,150,58,0.0
241,1,10,150,58,0.047978870624887156
242,1,10,150,58,0.0
243,1,10,150,58,0.12898989924507495
244,1,10,150,58,0.22573342403303115
245,1,10,150,58,0.10760552402297123
246,1,10,150,58,0.09218490911914652
247,1,10,150,58,0.08883649703748449
248,1,10,150,58,0.1352712391738193
249,1,10,150,58,0.3551021837264978
250,1,10,150,58,0.1121667323335629
251,1,10,150,58,0.1369922724163038
252,1,10,150,58,0.15744006533381547
253,1,10,150,58,0.22936639518293309
254,1,10,150,58,0.08709691099321015
255,1,10,150,58,0.06847316147390722
256,1,10,150,58,0.20387327998408963
257,1,10,150,58,0.16305479870778072
258,1,10,150,58,0.0
259,1,10,150,58,0.062479569258293385
260,1,10,150,58,0.0
261,1,10,150,58,0.0
262,1,10,150,58,0.0
263,1,10,150,58,0.22399278296126945
264,1,10,150,58,0.07557807813033135
265,1,10,150,58,0.286752567800448
266,1,10,150,58,0.05919139647768146
267,1,10,150,58,0.13219114060554912
268,1,10,150,58,0.125157016311389
269,1,10,150,58,0.3929932615487003
270,1,10,150,58,0.11846243394454888
271,1,10,150,58,0.24046583691605816
272,1,10,150,58,0.23321348468935416
273,1,10,150,58,0.03860961209670539
274,1,10,150,58,0.1854331816443728
275,1,10,150,58,0.015522912158152052
276,1,10,150,58,0.4604530546679722
277,1,10,150,58,0.09982873474912346
278,1,10,150,58,0.044115283111570695
279,1,10,150,58,0.20165665361245
280,1,10,150,58,0.24635795447360773
281,1,10,150,58,0.049432410190049694
282,1,10,150,58,0.0
283,1,10,150,58,0.18675758970511055
284,1,10,150,58,0.07891945711936355
285,1,10,150,58,0.06473560181867054
286,1,10,150,58,0.28891814329236626
287,1,10,150,58,0.260923101473539
288,1,10,150,58,0.2239083677057859
289,1,10,150,58,0.0
290,1,10,150,58,0.11446073460333246
291,1,10,150,58,0.15399103973142886
292,1,10,150,58,0.15081705398802614
293,1,10,150,58,0.23055207903707634
294,1,10,150,58,0.0
295,1,10,150,58,0.21663843404929872
296,1,10,150,58,0.22921642225643207
297,1,10,150,58,0.1391696177041218
298,1,10,150,58,0.22654904703501674
299,1,10,150,58,0.15130778491081007
300,1,10,150,58,0.04336490181597879
301,1,10,150,58,0.38182302247657246
302,1,10,150,58,0.13927874459665815
303,1,10,150,58,0.33756104276764975
304,1,10,150,58,0.0
305,1,10,150,58,0.20255114115104536
306,1,10,150,58,0.08156911164475483
307,1,10,150,58,0.22610915121692726
308,1,10,150,58,0.4580692181218015
309,1,10,150,58,0.0
310,1,10,150,58,0.06900643972011666
311,1,10,150,58,0.32133116012951407
312,1,10,150,58,0.17547884304933611
313,1,10,150,58,0.3438065739195559
314,1,10,150,58,0.18945663025158302
315,1,10,150,58,0.27138761143228
316,1,10,150,58,0.13442824029706346
317,1,10,150,58,0.0
318,1,10,150,58,0.08040161201006475
319,1,10,150,58,0.06591877139737895
320,1,10,150,58,0.23018179860577265
321,1,10,150,58,0.15427224748816595
322,1,10,150,58,0.23314141943977604
323,1,10,150,58,0.20144166357013524
324,1,10,150,58,0.0734773909038217
325,1,10,150,58,0.09862789792034164
326,1,10,150,58,0.27210671935905895
327,1,10,150,58,0.017133816132019745
328,1,10,150,58,0.19509434815116475
329,1,10,150,58,0.04249704384086923
330,1,10,150,58,0.22196123359809694
331,1,10,150,58,0.07292595308580271
332,1,10,150,58,0.12300546186861477
333,1,10,150,58,0.03535057968151573
334,1,10,150,58,0.11992428281683407
335,1,10,150,58,0.04186245699959673
336,1,10,150,58,0.1252879373315154
337,1,10,150,58,0.10521567817367497
338,1,10,150,58,0.14202465692828078
339,1,10,150,58,0.31121048509002736
340,1,10,150,58,0.2868621552039377
341,1,10,150,58,0.0
342,1,10,150,58,0.09825734893268133
343,1,10,150,58,0.31724018887322686
344,1,10,150,58,0.26905612448843513
345,1,10,150,58,0.11244784157487518
346,1,10,150,58,0.10947609605586585
347,1,10,150,58,0.280422012699281
348,1,10,150,58,0.18923084143550442
349,1,10,150,58,0.25859803951431987
350,1,10,150,58,0.029002136768626934
351,1,10,150,58,0.0
352,1,10,150,58,0.11369404114489928
353,1,10,150,58,0.0
354,1,10,150,58,0.17739471257467002
355,1,10,150,58,0.0
356,1,10,150,58,0.0
357,1,10,150,58,0.048851099168414396
358,1,10,150,58,0.06323567569191428
359,1,10,150,58,0.16879474466077368
360,1,10,150,58,0.1692259700041561
361,1,10,150,58,0.15572261253779404
362,1,10,150,58,0.15042501043191572
363,1,10,150,58,0.13002099606505407
364,1,10,150,58,0.0
365,1,10,150,58,0.14456587527532935
366,1,10,150,58,0.13610100259425117
367,1,10,150,58,0.07171361090547583
368,1,10,150,58,0.042512356679180144
369,1,10,150,58,0.0
370,1,10,150,58,0.19811064503366002
371,1,10,150,58,0.098804715452931
372,1,10,150,58,0.11729787480760416
373,1,10,150,58,0.1497446666186665
374,1,10,150,58,0.14149276060781368
375,1,10,150,58,0.04282650856324445
376,1,10,150,58,0.0
377,1,10,150,58,0.0913219819219427
378,1,10,150,58,0.2005032677344142
379,1,10,150,58,0.13293459567636542
380,1,10,150,58,0.014129317957168487
381,1,10,150,58,0.09366987522358634
382,1,10,150,58,0.0
383,1,10,150,58,0.0928464636084322
384,1,10,150,58,0.0561173220664886
385,1,10,150,58,0.14544128527371236
386,1,10,150,58,0.14606834984270645
387,1,10,150,58,0.17314011472130095
388,1,10,150,58,0.08659331667411305
389,1,10,150,58,0.11446915850957236
390,1,10,150,58,0.05307577057513386
391,1,10,150,58,0.08907375584162422
392,1,10,150,58,0.1665950372308979
393,1,10,150,58,0.34093851360977045
394,1,10,150,58,0.10657019454040408
395,1,10,150,58,0.08245965301555258
396,1,10,150,58,0.0
397,1,10,150,58,0.10540164605552274
398,1,10,150,58,0.1406230079272144
399,1,10,150,58,0.02468582074094361
400,1,10,150,58,0.0
401,1,10,150,58,0.016941778998402247
402,1,10,150,58,0.11288598947105788
403,1,10,150,58,0.09224219235917257
404,1,10,150,58,0.05446824630887794
405,1,10,150,58,0.24948076334848274
406,1,10,150,58,0.16751663844416184
407,1,10,150,58,0.031104745345423533
408,1,10,150,58,0.0
409,1,10,150,58,0.11976431141977988
410,1,10,150,58,0.0
411,1,10,150,58,0.0
412,1,10,150,58,0.15001451003751623
413,1,10,150,58,0.04935421935348238
414,1,10,150,58,0.1309019901681972
415,1,10,150,58,0.0
416,1,10,150,58,0.22811142474431137
417,1,10,150,58,0.1289007262497518
418,1,10,150,58,0.14436292983286242
419,1,10,150,58,0.0
420,1,10,150,58,0.19519002499605084
421,1,10,150,58,0.0
422,1,10,150,58,0.030480958763669998
423,1,10,150,58,0.0
424,1,10,150,58,0.0
425,1,10,150,58,0.0
426,1,10,150,58,0.11229023146606223
427,1,10,150,58,0.0
428,1,10,150,58,0.04822019817866397
429,1,10,150,58,0.14062551472815982
430,1,10,150,58,0.0
431,1,10,150,58,0.0
432,1,10,150,58,0.0
433,1,10,150,58,0.20451415323992994
434,1,10,150,58,0.0
435,1,10,150,58,0.08127781909048552
436,1,10,150,58,0.09499424853799125
437,1,10,150,58,0.14945564650669343
438,1,10,150,58,0.0
439,1,10,150,58,0.18154179253735267
440,1,10,150,58,0.0
442,1,10,150,58,0.0733934381893728
444,1,10,150,58,0.0
445,1,10,150,58,0.0
446,1,10,150,58,0.0
447,1,10,150,58,0.0
448,1,10,150,58,0.0
449,1,10,150,58,0.04971883051739238
450,1,10,150,58,0.17556211942720856
451,1,10,150,58,0.05497526658285817
452,1,10,150,58,0.05780700008370542
453,1,10,150,58,0.1515771522786143
454,1,10,150,58,0.03637635676678748
455,1,10,150,58,0.0
456,1,10,150,58,0.0
457,1,10,150,58,0.10536103181067501
458,1,10,150,58,0.0
459,1,10,150,58,0.0
460,1,10,150,58,0.0
462,1,10,150,58,0.0
1,1,10,150,59,0.6341025642348271
2,1,10,150,59,0.1011519894320134
3,1,10,150,59,0.0
4,1,10,150,59,0.07860705643503756
5,1,10,150,59,0.05114385387777287
6,1,10,150,59,0.2250757113215969
7,1,10,150,59,0.3353868590188184
8,1,10,150,59,0.19541031409018228
9,1,10,150,59,0.03789879717220718
10,1,10,150,59,0.34078620245094093
11,1,10,150,59,0.19270819563621708
12,1,10,150,59,0.08039170127480796
13,1,10,150,59,0.48297087871304506
14,1,10,150,59,0.32622009962228
15,1,10,150,59,0.050262678017164185
16,1,10,150,59,0.2548764877191163
17,1,10,150,59,0.10122860821230018
18,1,10,150,59,0.2318791508510032
19,1,10,150,59,0.13886244387355454
20,1,10,150,59,0.05692185311373096
21,1,10,150,59,0.046996748070913065
22,1,10,150,59,0.10470979710471882
23,1,10,150,59,0.0
24,1,10,150,59,0.17019051452963918
25,1,10,150,59,0.17085280125179103
26,1,10,150,59,0.0
27,1,10,150,59,0.0
28,1,10,150,59,0.24829192510351253
29,1,10,150,59,0.0
30,1,10,150,59,0.0
31,1,10,150,59,0.038437318942299493
32,1,10,150,59,0.11469999139467348
33,1,10,150,59,0.0
34,1,10,150,59,0.0
35,1,10,150,59,0.0
36,1,10,150,59,0.0
37,1,10,150,59,0.15133867332691472
38,1,10,150,59,0.18144691474390728
39,1,10,150,59,0.0993029104208021
40,1,10,150,59,0.3197267407502473
41,1,10,150,59,0.0
42,1,10,150,59,0.2537425267744841
43,1,10,150,59,0.33117165309108965
44,1,10,150,59,0.08230120870005936
45,1,10,150,59,0.04094516368001556
46,1,10,150,59,0.02795730764456241
47,1,10,150,59,0.0
48,1,10,150,59,0.21233211798324983
49,1,10,150,59,0.1027480783477424
50,1,10,150,59,0.0
51,1,10,150,59,0.0
52,1,10,150,59,0.02753109834834184
53,1,10,150,59,0.1369821642818139
54,1,10,150,59,0.12836415432918194
55,1,10,150,59,0.0
56,1,10,150,59,0.2249528896085408
57,1,10,150,59,0.1825067720422371
58,1,10,150,59,0.16508863556901004
59,1,10,150,59,0.3854796562023504
60,1,10,150,59,0.2842903660309806
61,1,10,150,59,0.0
62,1,10,150,59,0.23202410240402263
63,1,10,150,59,0.033669757978328795
64,1,10,150,59,0.16110689023652666
65,1,10,150,59,0.21318164785015645
66,1,10,150,59,0.0
67,1,10,150,59,0.03314040476303028
68,1,10,150,59,0.0
69,1,10,150,59,0.25224764194294225
70,1,10,150,59,0.0250102380952241
71,1,10,150,59,0.0
72,1,10,150,59,0.25267701059231384
73,1,10,150,59,0.17316413854286977
74,1,10,150,59,0.03272011597426011
75,1,10,150,59,0.10310690100385646
76,1,10,150,59,0.10235900919628077
77,1,10,150,59,0.42477571388606844
78,1,10,150,59,0.05658242244874664
79,1,10,150,59,0.4102269223050506
80,1,10,150,59,0.11856641546096264
81,1,10,150,59,0.034380101046999886
82,1,10,150,59,0.2141734405244655
83,1,10,150,59,0.12107212171654656
84,1,10,150,59,0.05683844068224461
85,1,10,150,59,0.0519099182776601
86,1,10,150,59,0.0
87,1,10,150,59,0.1597101912166648
88,1,10,150,59,0.0
89,1,10,150,59,0.13889084628900983
90,1,10,150,59,0.25854230474717993
91,1,10,150,59,0.12748091278361548
92,1,10,150,59,0.36763396083385613
93,1,10,150,59,0.0
94,1,10,150,59,0.4927691755484345
95,1,10,150,59,0.26840352880455687
96,1,10,150,59,0.35918533281121173
97,1,10,150,59,0.16145556611981818
98,1,10,150,59,0.19533769320769842
99,1,10,150,59,0.19471934859786663
100,1,10,150,59,0.022805505402617214
101,1,10,150,59,0.04161098736885563
102,1,10,150,59,0.024977081147185474
103,1,10,150,59,0.15394621921377785
104,1,10,150,59,0.015190330175114026
105,1,10,150,59,0.05200670101006268
106,1,10,150,59,0.31023153259588415
107,1,10,150,59,0.0
108,1,10,150,59,0.06036985955798015
109,1,10,150,59,0.28051028637867925
110,1,10,150,59,0.01329176515643974
111,1,10,150,59,0.038281751104512325
112,1,10,150,59,0.0
113,1,10,150,59,0.02769198719673247
114,1,10,150,59,0.0973553014914488
115,1,10,150,59,0.3131253135075905
116,1,10,150,59,0.0380545682064199
117,1,10,150,59,0.25596974895629354
118,1,10,150,59,0.10713028046710026
119,1,10,150,59,0.14781238767049776
120,1,10,150,59,0.12171775198765021
121,1,10,150,59,0.18136606922889512
122,1,10,150,59,0.08714913816971953
123,1,10,150,59,0.045465875186671466
124,1,10,150,59,0.18978688349077963
125,1,10,150,59,0.2418664648456117
126,1,10,150,59,0.0
127,1,10,150,59,0.071512236588497
128,1,10,150,59,0.2249060067089109
129,1,10,150,59,0.03443731487202246
130,1,10,150,59,0.3321793625542202
131,1,10,150,59,0.25372733625822586
132,1,10,150,59,0.06666588353700116
133,1,10,150,59,0.0
134,1,10,150,59,0.0
135,1,10,150,59,0.04046615435059731
136,1,10,150,59,0.2748136430911722
137,1,10,150,59,0.18747829200794844
138,1,10,150,59,0.06921281869643399
139,1,10,150,59,0.06016179456846956
140,1,10,150,59,0.039232819060514755
141,1,10,150,59,0.10202575845850541
142,1,10,150,59,0.04395738023645723
143,1,10,150,59,0.0
144,1,10,150,59,0.1554751438160368
145,1,10,150,59,0.31046829496167744
146,1,10,150,59,0.0
147,1,10,150,59,0.038800293177871176
148,1,10,150,59,0.2755196640610253
149,1,10,150,59,0.0
150,1,10,150,59,0.0
151,1,10,150,59,0.25873866916883065
152,1,10,150,59,0.12203850333662411
153,1,10,150,59,0.21315403751398063
154,1,10,150,59,0.09962851244557022
155,1,10,150,59,0.0
156,1,10,150,59,0.032014847745354055
157,1,10,150,59,0.07267844514201649
158,1,10,150,59,0.28178128320239176
159,1,10,150,59,0.06521625450990476
160,1,10,150,59,0.17465425782884814
161,1,10,150,59,0.09235716777162616
162,1,10,150,59,0.0475858026939827
163,1,10,150,59,0.08930748165857323
164,1,10,150,59,0.10419060831992506
165,1,10,150,59,0.16621229711010693
166,1,10,150,59,0.0
167,1,10,150,59,0.1606298866119576
168,1,10,150,59,0.044682472154713174
169,1,10,150,59,0.14269884249349324
170,1,10,150,59,0.0
171,1,10,150,59,0.0
172,1,10,150,59,0.0
173,1,10,150,59,0.02795730764456241
174,1,10,150,59,0.13091218434911278
175,1,10,150,59,0.10467701423324277
176,1,10,150,59,0.09885099943510027
177,1,10,150,59,0.15327686685438707
178,1,10,150,59,0.30489853440812453
179,1,10,150,59,0.024952538365330408
180,1,10,150,59,0.13057885818855974
181,1,10,150,59,0.10774026952649614
182,1,10,150,59,0.04195229264874745
183,1,10,150,59,0.02831169742649504
184,1,10,150,59,0.16462967717453666
185,1,10,150,59,0.0
186,1,10,150,59,0.059346711161619776
187,1,10,150,59,0.14854033459794289
188,1,10,150,59,0.14452344993478855
189,1,10,150,59,0.29505156063262133
190,1,10,150,59,0.03175761494935955
191,1,10,150,59,0.0
192,1,10,150,59,0.10363179610670267
193,1,10,150,59,0.015520638119205756
194,1,10,150,59,0.08857289713801096
195,1,10,150,59,0.12225370560623582
196,1,10,150,59,0.07706308624591164
197,1,10,150,59,0.1379368522977017
198,1,10,150,59,0.03916811243554355
199,1,10,150,59,0.049748115641606416
200,1,10,150,59,0.24292284937988742
201,1,10,150,59,0.06266983154515121
202,1,10,150,59,0.0
203,1,10,150,59,0.05370431689540528
204,1,10,150,59,0.027001973670935885
205,1,10,150,59,0.36484800394146205
206,1,10,150,59,0.03974771280526578
207,1,10,150,59,0.14084765240579852
208,1,10,150,59,0.026258715116272383
209,1,10,150,59,0.03243822298569767
210,1,10,150,59,0.11262275421220493
211,1,10,150,59,0.0
212,1,10,150,59,0.047528395396896204
213,1,10,150,59,0.2846011939118271
214,1,10,150,59,0.17202104821744538
215,1,10,150,59,0.255708749192597
216,1,10,150,59,0.1777038841773205
217,1,10,150,59,0.06482503452845118
218,1,10,150,59,0.0383846381653829
219,1,10,150,59,0.0
220,1,10,150,59,0.034616222155696735
221,1,10,150,59,0.059961959365349655
222,1,10,150,59,0.21281459550683368
223,1,10,150,59,0.10677939756546245
224,1,10,150,59,0.05587038119868925
225,1,10,150,59,0.13502187206649363
226,1,10,150,59,0.23814675809782818
227,1,10,150,59,0.08428605557054564
228,1,10,150,59,0.0
229,1,10,150,59,0.0
230,1,10,150,59,0.2081898224231702
231,1,10,150,59,0.0
232,1,10,150,59,0.0914735250933564
233,1,10,150,59,0.14835547983755953
234,1,10,150,59,0.21743882971192544
235,1,10,150,59,0.23280252396956425
236,1,10,150,59,0.13123532326882845
237,1,10,150,59,0.24352191769087017
238,1,10,150,59,0.0
239,1,10,150,59,0.15061787161473902
240,1,10,150,59,0.0
241,1,10,150,59,0.047978870624887156
242,1,10,150,59,0.0
243,1,10,150,59,0.12898989924507495
244,1,10,150,59,0.22308842191684666
245,1,10,150,59,0.10760552402297123
246,1,10,150,59,0.09110474440386387
247,1,10,150,59,0.08883649703748449
248,1,10,150,59,0.1352712391738193
249,1,10,150,59,0.3509413199490499
250,1,10,150,59,0.12416587904357097
251,1,10,150,59,0.1369922724163038
252,1,10,150,59,0.15744006533381547
253,1,10,150,59,0.22936639518293309
254,1,10,150,59,0.08607636423600301
255,1,10,150,59,0.06847316147390722
256,1,10,150,59,0.21320179156013766
257,1,10,150,59,0.18334876608371883
258,1,10,150,59,0.0
259,1,10,150,59,0.062479569258293385
260,1,10,150,59,0.0
261,1,10,150,59,0.0
262,1,10,150,59,0.0
263,1,10,150,59,0.22136817658106447
264,1,10,150,59,0.07557807813033135
265,1,10,150,59,0.286752567800448
266,1,10,150,59,0.05919139647768146
267,1,10,150,59,0.13064220806203994
268,1,10,150,59,0.12369050520689914
269,1,10,150,59,0.3883884139817292
270,1,10,150,59,0.11707436574058698
271,1,10,150,59,0.2376482096628607
272,1,10,150,59,0.23321348468935416
273,1,10,150,59,0.03860961209670539
274,1,10,150,59,0.1854331816443728
275,1,10,150,59,0.015522912158152052
276,1,10,150,59,0.4550577557253478
277,1,10,150,59,0.09982873474912346
278,1,10,150,59,0.044115283111570695
279,1,10,150,59,0.1992937679306665
280,1,10,150,59,0.2434712870971973
281,1,10,150,59,0.049432410190049694
282,1,10,150,59,0.0
283,1,10,150,59,0.18675758970511055
284,1,10,150,59,0.07891945711936355
285,1,10,150,59,0.06473560181867054
286,1,10,150,59,0.2855327824239617
287,1,10,150,59,0.260923101473539
288,1,10,150,59,0.2239083677057859
289,1,10,150,59,0.0
290,1,10,150,59,0.11311955579234013
291,1,10,150,59,0.152186669697581
292,1,10,150,59,0.14904987472042833
293,1,10,150,59,0.22785061495591055
294,1,10,150,59,0.0
295,1,10,150,59,0.21410000129853585
296,1,10,150,59,0.2382479788501674
297,1,10,150,59,0.13753891576038962
298,1,10,150,59,0.22654904703501674
299,1,10,150,59,0.14953485556727733
300,1,10,150,59,0.04336490181597879
301,1,10,150,59,0.37734906073703534
302,1,10,150,59,0.13927874459665815
303,1,10,150,59,0.3336057150341227
304,1,10,150,59,0.0
305,1,10,150,59,0.2001777744275525
306,1,10,150,59,0.08156911164475483
307,1,10,150,59,0.22610915121692726
308,1,10,150,59,0.452701851474699
309,1,10,150,59,0.0
310,1,10,150,59,0.06900643972011666
311,1,10,150,59,0.31756600394061835
312,1,10,150,59,0.17342269246729744
313,1,10,150,59,0.3397780649848653
314,1,10,150,59,0.18723669676106328
315,1,10,150,59,0.27138761143228
316,1,10,150,59,0.13442824029706346
317,1,10,150,59,0.0
318,1,10,150,59,0.0794595165502442
319,1,10,150,59,0.06591877139737895
320,1,10,150,59,0.2274846732375315
321,1,10,150,59,0.15427224748816595
322,1,10,150,59,0.23314141943977604
323,1,10,150,59,0.20144166357013524
324,1,10,150,59,0.0734773909038217
325,1,10,150,59,0.0974722383195022
326,1,10,150,59,0.2689183441699801
327,1,10,150,59,0.01693305286392314
328,1,10,150,59,0.19280835543242605
329,1,10,150,59,0.04249704384086923
330,1,10,150,59,0.21936043163404229
331,1,10,150,59,0.07292595308580271
332,1,10,150,59,0.1215641613242296
333,1,10,150,59,0.03535057968151573
334,1,10,150,59,0.11851908558832784
335,1,10,150,59,0.04186245699959673
336,1,10,150,59,0.1252879373315154
337,1,10,150,59,0.10521567817367497
338,1,10,150,59,0.14202465692828078
339,1,10,150,59,0.3075639165981523
340,1,10,150,59,0.2868621552039377
341,1,10,150,59,0.0
342,1,10,150,59,0.09710603119154083
343,1,10,150,59,0.3252403383992083
344,1,10,150,59,0.2659034942490596
345,1,10,150,59,0.1111302485768511
346,1,10,150,59,0.10819332410049512
347,1,10,150,59,0.28885357442888854
348,1,10,150,59,0.18923084143550442
349,1,10,150,59,0.25859803951431987
350,1,10,150,59,0.029002136768626934
351,1,10,150,59,0.0
352,1,10,150,59,0.11369404114489928
353,1,10,150,59,0.0
354,1,10,150,59,0.17531611303997602
355,1,10,150,59,0.0
356,1,10,150,59,0.0
357,1,10,150,59,0.048851099168414396
358,1,10,150,59,0.06323567569191428
359,1,10,150,59,0.20040659896939605
360,1,10,150,59,0.1692259700041561
361,1,10,150,59,0.15572261253779404
362,1,10,150,59,0.15042501043191572
363,1,10,150,59,0.12849749190870832
364,1,10,150,59,0.0
365,1,10,150,59,0.14456587527532935
366,1,10,150,59,0.13610100259425117
367,1,10,150,59,0.07171361090547583
368,1,10,150,59,0.042512356679180144
369,1,10,150,59,0.0
370,1,10,150,59,0.19811064503366002
371,1,10,150,59,0.098804715452931
372,1,10,150,59,0.11729787480760416
373,1,10,150,59,0.1479900529109696
374,1,10,150,59,0.13983483753844275
375,1,10,150,59,0.04282650856324445
376,1,10,150,59,0.0
377,1,10,150,59,0.0913219819219427
378,1,10,150,59,0.19815389670205072
379,1,10,150,59,0.13137695179449763
380,1,10,150,59,0.014129317957168487
381,1,10,150,59,0.09366987522358634
382,1,10,150,59,0.0
383,1,10,150,59,0.0928464636084322
384,1,10,150,59,0.0561173220664886
385,1,10,150,59,0.1437370958787326
386,1,10,150,59,0.14606834984270645
387,1,10,150,59,0.17111136788508916
388,1,10,150,59,0.08659331667411305
389,1,10,150,59,0.11312788099255135
390,1,10,150,59,0.05307577057513386
391,1,10,150,59,0.08907375584162422
392,1,10,150,59,0.1665950372308979
393,1,10,150,59,0.33694361079974317
394,1,10,150,59,0.10657019454040408
395,1,10,150,59,0.08245965301555258
396,1,10,150,59,0.0
397,1,10,150,59,0.10540164605552274
398,1,10,150,59,0.1406230079272144
399,1,10,150,59,0.024396567838413798
400,1,10,150,59,0.0
401,1,10,150,59,0.016941778998402247
402,1,10,150,59,0.11288598947105788
403,1,10,150,59,0.09224219235917257
404,1,10,150,59,0.05446824630887794
405,1,10,150,59,0.24655750486414105
406,1,10,150,59,0.1655537839618053
407,1,10,150,59,0.031104745345423533
408,1,10,150,59,0.0
409,1,10,150,59,0.11976431141977988
410,1,10,150,59,0.0
411,1,10,150,59,0.0
412,1,10,150,59,0.15001451003751623
413,1,10,150,59,0.04935421935348238
414,1,10,150,59,0.1309019901681972
415,1,10,150,59,0.0
416,1,10,150,59,0.23715592900306556
417,1,10,150,59,0.12739034870965646
418,1,10,150,59,0.14436292983286242
419,1,10,150,59,0.0
420,1,10,150,59,0.19519002499605084
421,1,10,150,59,0.0
422,1,10,150,59,0.030480958763669998
423,1,10,150,59,0.0
424,1,10,150,59,0.0
425,1,10,150,59,0.0
426,1,10,150,59,0.11229023146606223
427,1,10,150,59,0.0
428,1,10,150,59,0.04822019817866397
429,1,10,150,59,0.14062551472815982
430,1,10,150,59,0.0
431,1,10,150,59,0.0
432,1,10,150,59,0.0
433,1,10,150,59,0.20451415323992994
434,1,10,150,59,0.0
435,1,10,150,59,0.08127781909048552
436,1,10,150,59,0.09499424853799125
437,1,10,150,59,0.14945564650669343
438,1,10,150,59,0.0
439,1,10,150,59,0.18154179253735267
440,1,10,150,59,0.0
442,1,10,150,59,0.0733934381893728
444,1,10,150,59,0.0
445,1,10,150,59,0.0
446,1,10,150,59,0.0
447,1,10,150,59,0.0
448,1,10,150,59,0.0
449,1,10,150,59,0.04971883051739238
450,1,10,150,59,0.17556211942720856
451,1,10,150,59,0.05497526658285817
452,1,10,150,59,0.05780700008370542
453,1,10,150,59,0.1515771522786143
454,1,10,150,59,0.07148132875811378
455,1,10,150,59,0.0
456,1,10,150,59,0.0
457,1,10,150,59,0.10536103181067501
458,1,10,150,59,0.0
459,1,10,150,59,0.0
460,1,10,150,59,0.0
462,1,10,150,59,0.0
1,1,10,150,60,0.6267877901214264
2,1,10,150,60,0.1011519894320134
3,1,10,150,60,0.0
4,1,10,150,60,0.07860705643503756
5,1,10,150,60,0.05055387717762166
6,1,10,150,60,0.2224793206435097
7,1,10,150,60,0.3430535919312479
8,1,10,150,60,0.19541031409018228
9,1,10,150,60,0.03789879717220718
10,1,10,150,60,0.3368550180771633
11,1,10,150,60,0.19048518472223194
12,1,10,150,60,0.10060406918415377
13,1,10,150,60,0.48893513661953664
14,1,10,150,60,0.32622009962228
15,1,10,150,60,0.050262678017164185
16,1,10,150,60,0.25193632623793377
17,1,10,150,60,0.10122860821230018
18,1,10,150,60,0.22920427819514344
19,1,10,150,60,0.13886244387355454
20,1,10,150,60,0.05692185311373096
21,1,10,150,60,0.04645461085906002
22,1,10,150,60,0.10470979710471882
23,1,10,150,60,0.0
24,1,10,150,60,0.17019051452963918
25,1,10,150,60,0.17085280125179103
26,1,10,150,60,0.0
27,1,10,150,60,0.0
28,1,10,150,60,0.24829192510351253
29,1,10,150,60,0.0
30,1,10,150,60,0.0
31,1,10,150,60,0.038437318942299493
32,1,10,150,60,0.11469999139467348
33,1,10,150,60,0.0
34,1,10,150,60,0.0
35,1,10,150,60,0.0
36,1,10,150,60,0.0
37,1,10,150,60,0.15133867332691472
38,1,10,150,60,0.18144691474390728
39,1,10,150,60,0.0993029104208021
40,1,10,150,60,0.3197267407502473
41,1,10,150,60,0.0
42,1,10,150,60,0.25081544624996577
43,1,10,150,60,0.32735137862485086
44,1,10,150,60,0.08135181220672197
45,1,10,150,60,0.04094516368001556
46,1,10,150,60,0.02795730764456241
47,1,10,150,60,0.0
48,1,10,150,60,0.22961445578066944
49,1,10,150,60,0.10156281428149994
50,1,10,150,60,0.0
51,1,10,150,60,0.0
52,1,10,150,60,0.02753109834834184
53,1,10,150,60,0.1369821642818139
54,1,10,150,60,0.12836415432918194
55,1,10,150,60,0.0
56,1,10,150,60,0.22235791575659167
57,1,10,150,60,0.1825067720422371
58,1,10,150,60,0.1631842337482509
59,1,10,150,60,0.38103290457340194
60,1,10,150,60,0.2810108968608125
61,1,10,150,60,0.0
62,1,10,150,60,0.22934755764032494
63,1,10,150,60,0.033669757978328795
64,1,10,150,60,0.15924842036641235
65,1,10,150,60,0.21318164785015645
66,1,10,150,60,0.0
67,1,10,150,60,0.03314040476303028
68,1,10,150,60,0.0
69,1,10,150,60,0.25224764194294225
70,1,10,150,60,0.0250102380952241
71,1,10,150,60,0.0
72,1,10,150,60,0.2497622214708371
73,1,10,150,60,0.17316413854286977
74,1,10,150,60,0.03272011597426011
75,1,10,150,60,0.10310690100385646
76,1,10,150,60,0.10235900919628077
77,1,10,150,60,0.442058051683488
78,1,10,150,60,0.05658242244874664
79,1,10,150,60,0.4102269223050506
80,1,10,150,60,0.11856641546096264
81,1,10,150,60,0.034380101046999886
82,1,10,150,60,0.2117028144351091
83,1,10,150,60,0.1196754782210966
84,1,10,150,60,0.05683844068224461
85,1,10,150,60,0.05131110454016264
86,1,10,150,60,0.0
87,1,10,150,60,0.16940346559801014
88,1,10,150,60,0.0
89,1,10,150,60,0.13889084628900983
90,1,10,150,60,0.25555985574815127
91,1,10,150,60,0.12748091278361548
92,1,10,150,60,0.3633930705874029
93,1,10,150,60,0.0
94,1,10,150,60,0.4986204039040467
95,1,10,150,60,0.27684295679427556
96,1,10,150,60,0.35918533281121173
97,1,10,150,60,0.16145556611981818
98,1,10,150,60,0.19533769320769842
99,1,10,150,60,0.19247313776252536
100,1,10,150,60,0.022805505402617214
101,1,10,150,60,0.04161098736885563
102,1,10,150,60,0.024688954719524342
103,1,10,150,60,0.15394621921377785
104,1,10,150,60,0.015190330175114026
105,1,10,150,60,0.05200670101006268
106,1,10,150,60,0.31023153259588415
107,1,10,150,60,0.0
108,1,10,150,60,0.06036985955798015
109,1,10,150,60,0.27727442281799264
110,1,10,150,60,0.01329176515643974
111,1,10,150,60,0.038281751104512325
112,1,10,150,60,0.0
113,1,10,150,60,0.02769198719673247
114,1,10,150,60,0.0973553014914488
115,1,10,150,60,0.32760607359504484
116,1,10,150,60,0.0380545682064199
117,1,10,150,60,0.25596974895629354
118,1,10,150,60,0.10713028046710026
119,1,10,150,60,0.14610727829552334
120,1,10,150,60,0.12171775198765021
121,1,10,150,60,0.18136606922889512
122,1,10,150,60,0.08714913816971953
123,1,10,150,60,0.045465875186671466
124,1,10,150,60,0.18978688349077963
125,1,10,150,60,0.23907638220639807
126,1,10,150,60,0.0
127,1,10,150,60,0.071512236588497
128,1,10,150,60,0.22231157368085985
129,1,10,150,60,0.03443731487202246
130,1,10,150,60,0.32834746352200345
131,1,10,150,60,0.25372733625822586
132,1,10,150,60,0.06666588353700116
133,1,10,150,60,0.0
134,1,10,150,60,0.0
135,1,10,150,60,0.04046615435059731
136,1,10,150,60,0.2748136430911722
137,1,10,150,60,0.20936563309960188
138,1,10,150,60,0.06921281869643399
139,1,10,150,60,0.06016179456846956
140,1,10,150,60,0.039232819060514755
141,1,10,150,60,0.10202575845850541
142,1,10,150,60,0.04395738023645723
143,1,10,150,60,0.0
144,1,10,150,60,0.15368163970265233
145,1,10,150,60,0.30688684682519535
146,1,10,150,60,0.0
147,1,10,150,60,0.038800293177871176
148,1,10,150,60,0.2755196640610253
149,1,10,150,60,0.0
150,1,10,150,60,0.0
151,1,10,150,60,0.2672895874269389
152,1,10,150,60,0.12203850333662411
153,1,10,150,60,0.21315403751398063
154,1,10,150,60,0.12092068107181612
155,1,10,150,60,0.0
156,1,10,150,60,0.056765037818527084
157,1,10,150,60,0.07267844514201649
158,1,10,150,60,0.29006639033443843
159,1,10,150,60,0.06521625450990476
160,1,10,150,60,0.17465425782884814
161,1,10,150,60,0.09235716777162616
162,1,10,150,60,0.0475858026939827
163,1,10,150,60,0.08930748165857323
164,1,10,150,60,0.10419060831992506
165,1,10,150,60,0.16621229711010693
166,1,10,150,60,0.0
167,1,10,150,60,0.1606298866119576
168,1,10,150,60,0.044682472154713174
169,1,10,150,60,0.14269884249349324
170,1,10,150,60,0.0
171,1,10,150,60,0.0
172,1,10,150,60,0.0
173,1,10,150,60,0.02795730764456241
174,1,10,150,60,0.12940202950789845
175,1,10,150,60,0.10467701423324277
176,1,10,150,60,0.09885099943510027
177,1,10,150,60,0.15327686685438707
178,1,10,150,60,0.3013813369821945
179,1,10,150,60,0.024952538365330408
180,1,10,150,60,0.13057885818855974
181,1,10,150,60,0.10649741737772074
182,1,10,150,60,0.04195229264874745
183,1,10,150,60,0.02831169742649504
184,1,10,150,60,0.16273056972912367
185,1,10,150,60,0.0
186,1,10,150,60,0.059346711161619776
187,1,10,150,60,0.14854033459794289
188,1,10,150,60,0.14452344993478855
189,1,10,150,60,0.29164795427686036
190,1,10,150,60,0.03175761494935955
191,1,10,150,60,0.0
192,1,10,150,60,0.10363179610670267
193,1,10,150,60,0.015341597742551824
194,1,10,150,60,0.08755115275204424
195,1,10,150,60,0.12225370560623582
196,1,10,150,60,0.07706308624591164
197,1,10,150,60,0.13634566346898475
198,1,10,150,60,0.038716283486925414
199,1,10,150,60,0.049748115641606416
200,1,10,150,60,0.24012058067696587
201,1,10,150,60,0.06194689540306064
202,1,10,150,60,0.0
203,1,10,150,60,0.05370431689540528
204,1,10,150,60,0.027001973670935885
205,1,10,150,60,0.36484800394146205
206,1,10,150,60,0.03974771280526578
207,1,10,150,60,0.1392228856569139
208,1,10,150,60,0.026258715116272383
209,1,10,150,60,0.03243822298569767
210,1,10,150,60,0.1113235795146772
211,1,10,150,60,0.0
212,1,10,150,60,0.047528395396896204
213,1,10,150,60,0.2846011939118271
214,1,10,150,60,0.17003667663241728
215,1,10,150,60,0.255708749192597
216,1,10,150,60,0.1777038841773205
217,1,10,150,60,0.06482503452845118
218,1,10,150,60,0.0383846381653829
219,1,10,150,60,0.0
220,1,10,150,60,0.034616222155696735
221,1,10,150,60,0.05927026024143313
222,1,10,150,60,0.21035964455415032
223,1,10,150,60,0.10677939756546245
224,1,10,150,60,0.05522588101662302
225,1,10,150,60,0.13502187206649363
226,1,10,150,60,0.23814675809782818
227,1,10,150,60,0.08428605557054564
228,1,10,150,60,0.0
229,1,10,150,60,0.0
230,1,10,150,60,0.2081898224231702
231,1,10,150,60,0.0
232,1,10,150,60,0.0914735250933564
233,1,10,150,60,0.14835547983755953
234,1,10,150,60,0.21493053529311285
235,1,10,150,60,0.23280252396956425
236,1,10,150,60,0.13123532326882845
237,1,10,150,60,0.24352191769087017
238,1,10,150,60,0.0
239,1,10,150,60,0.14888039920815369
240,1,10,150,60,0.0
241,1,10,150,60,0.047978870624887156
242,1,10,150,60,0.0
243,1,10,150,60,0.12898989924507495
244,1,10,150,60,0.22051495587889436
245,1,10,150,60,0.10760552402297123
246,1,10,150,60,0.09005379355843157
247,1,10,150,60,0.08883649703748449
248,1,10,150,60,0.1352712391738193
249,1,10,150,60,0.346892989872379
250,1,10,150,60,0.12416587904357097
251,1,10,150,60,0.1369922724163038
252,1,10,150,60,0.15744006533381547
253,1,10,150,60,0.2443190287228016
254,1,10,150,60,0.08508341893598054
255,1,10,150,60,0.06847316147390722
256,1,10,150,60,0.21074237405609925
257,1,10,150,60,0.18334876608371883
258,1,10,150,60,0.0
259,1,10,150,60,0.062479569258293385
260,1,10,150,60,0.0
261,1,10,150,60,0.0
262,1,10,150,60,0.0
263,1,10,150,60,0.2303501871059512
264,1,10,150,60,0.07557807813033135
265,1,10,150,60,0.286752567800448
266,1,10,150,60,0.05919139647768146
267,1,10,150,60,0.12913516756804214
268,1,10,150,60,0.12226365700190461
269,1,10,150,60,0.3954437404370968
270,1,10,150,60,0.11572383888868022
271,1,10,150,60,0.24644241970992453
272,1,10,150,60,0.23321348468935416
273,1,10,150,60,0.03860961209670539
274,1,10,150,60,0.1854331816443728
275,1,10,150,60,0.015522912158152052
276,1,10,150,60,0.4498083767140853
277,1,10,150,60,0.09982873474912346
278,1,10,150,60,0.044115283111570695
279,1,10,150,60,0.19699478827525307
280,1,10,150,60,0.2406626918183499
281,1,10,150,60,0.049432410190049694
282,1,10,150,60,0.0
283,1,10,150,60,0.18675758970511055
284,1,10,150,60,0.07891945711936355
285,1,10,150,60,0.06473560181867054
286,1,10,150,60,0.28223898119494056
287,1,10,150,60,0.260923101473539
288,1,10,150,60,0.2239083677057859
289,1,10,150,60,0.0
290,1,10,150,60,0.11181465017438591
291,1,10,150,60,0.161966732657862
292,1,10,150,60,0.14733049014969055
293,1,10,150,60,0.2252222140094278
294,1,10,150,60,0.0
295,1,10,150,60,0.22316585482202717
296,1,10,150,60,0.23549963773540433
297,1,10,150,60,0.1359523173813035
298,1,10,150,60,0.23980329198606234
299,1,10,150,60,0.14780987643574747
300,1,10,150,60,0.04336490181597879
301,1,10,150,60,0.3729961006689332
302,1,10,150,60,0.13927874459665815
303,1,10,150,60,0.32975736212396084
304,1,10,150,60,0.0
305,1,10,150,60,0.19786859719811206
306,1,10,150,60,0.08156911164475483
307,1,10,150,60,0.22610915121692726
308,1,10,150,60,0.4474796493089474
309,1,10,150,60,0.0
310,1,10,150,60,0.06900643972011666
311,1,10,150,60,0.3139026792421541
312,1,10,150,60,0.18295778447431485
313,1,10,150,60,0.3358585101143502
314,1,10,150,60,0.1966124354919551
315,1,10,150,60,0.286099807090925
316,1,10,150,60,0.13442824029706346
317,1,10,150,60,0.0
318,1,10,150,60,0.09007853321799905
319,1,10,150,60,0.06591877139737895
320,1,10,150,60,0.22486049366020824
321,1,10,150,60,0.15427224748816595
322,1,10,150,60,0.25443358806602195
323,1,10,150,60,0.20144166357013524
324,1,10,150,60,0.0734773909038217
325,1,10,150,60,0.09634783440466377
326,1,10,150,60,0.26581620099393594
327,1,10,150,60,0.016737719389914345
328,1,10,150,60,0.1905841891118461
329,1,10,150,60,0.04249704384086923
330,1,10,150,60,0.2168299703217507
331,1,10,150,60,0.07292595308580271
332,1,10,150,60,0.12016184184071707
333,1,10,150,60,0.06845909968890802
334,1,10,150,60,0.11715189297927166
335,1,10,150,60,0.08149421541954936
336,1,10,150,60,0.1252879373315154
337,1,10,150,60,0.10521567817367497
338,1,10,150,60,0.15896841246993118
339,1,10,150,60,0.3040159723029528
340,1,10,150,60,0.2868621552039377
341,1,10,150,60,0.0
342,1,10,150,60,0.09598585170752927
343,1,10,150,60,0.3214884853991703
344,1,10,150,60,0.2628361292735798
345,1,10,150,60,0.1098482908757548
346,1,10,150,60,0.10819332410049512
347,1,10,150,60,0.28552146576387255
348,1,10,150,60,0.18923084143550442
349,1,10,150,60,0.25859803951431987
350,1,10,150,60,0.029002136768626934
351,1,10,150,60,0.0
352,1,10,150,60,0.11369404114489928
353,1,10,150,60,0.0
354,1,10,150,60,0.17329373079827298
355,1,10,150,60,0.0
356,1,10,150,60,0.0
357,1,10,150,60,0.048851099168414396
358,1,10,150,60,0.06323567569191428
359,1,10,150,60,0.20040659896939605
360,1,10,150,60,0.1692259700041561
361,1,10,150,60,0.15572261253779404
362,1,10,150,60,0.15042501043191572
363,1,10,150,60,0.12701519207195405
364,1,10,150,60,0.0
365,1,10,150,60,0.14456587527532935
366,1,10,150,60,0.13610100259425117
367,1,10,150,60,0.07171361090547583
368,1,10,150,60,0.042512356679180144
369,1,10,150,60,0.0
370,1,10,150,60,0.19811064503366002
371,1,10,150,60,0.1319132354603233
372,1,10,150,60,0.11729787480760416
373,1,10,150,60,0.14628289405508285
374,1,10,150,60,0.1382217542496027
375,1,10,150,60,0.04282650856324445
376,1,10,150,60,0.0
377,1,10,150,60,0.0913219819219427
378,1,10,150,60,0.19586806618216515
379,1,10,150,60,0.12986143556686097
380,1,10,150,60,0.014129317957168487
381,1,10,150,60,0.09366987522358634
382,1,10,150,60,0.0
383,1,10,150,60,0.0928464636084322
384,1,10,150,60,0.0561173220664886
385,1,10,150,60,0.14207899757197381
386,1,10,150,60,0.14606834984270645
387,1,10,150,60,0.1691374900380175
388,1,10,150,60,0.08659331667411305
389,1,10,150,60,0.11182287933814744
390,1,10,150,60,0.05307577057513386
391,1,10,150,60,0.08907375584162422
392,1,10,150,60,0.18499940411030946
393,1,10,150,60,0.3330567531508896
394,1,10,150,60,0.10657019454040408
395,1,10,150,60,0.08245965301555258
396,1,10,150,60,0.0
397,1,10,150,60,0.10540164605552274
398,1,10,150,60,0.1406230079272144
399,1,10,150,60,0.024115137998912045
400,1,10,150,60,0.0
401,1,10,150,60,0.016941778998402247
402,1,10,150,60,0.11288598947105788
403,1,10,150,60,0.09224219235917257
404,1,10,150,60,0.05446824630887794
405,1,10,150,60,0.24371330811148917
406,1,10,150,60,0.16364401636015452
407,1,10,150,60,0.031104745345423533
408,1,10,150,60,0.0
409,1,10,150,60,0.11976431141977988
410,1,10,150,60,0.0
411,1,10,150,60,0.0
412,1,10,150,60,0.15001451003751623
413,1,10,150,60,0.04935421935348238
414,1,10,150,60,0.1309019901681972
415,1,10,150,60,0.0
416,1,10,150,60,0.24595581781888054
417,1,10,150,60,0.12592082046991035
418,1,10,150,60,0.14436292983286242
419,1,10,150,60,0.0
420,1,10,150,60,0.19519002499605084
421,1,10,150,60,0.0
422,1,10,150,60,0.030480958763669998
423,1,10,150,60,0.0
424,1,10,150,60,0.0
425,1,10,150,60,0.0
426,1,10,150,60,0.11229023146606223
427,1,10,150,60,0.0
428,1,10,150,60,0.04822019817866397
429,1,10,150,60,0.14062551472815982
430,1,10,150,60,0.0
431,1,10,150,60,0.0
432,1,10,150,60,0.0
433,1,10,150,60,0.20451415323992994
434,1,10,150,60,0.0
435,1,10,150,60,0.08127781909048552
436,1,10,150,60,0.09499424853799125
437,1,10,150,60,0.14945564650669343
438,1,10,150,60,0.0
439,1,10,150,60,0.18154179253735267
440,1,10,150,60,0.0
442,1,10,150,60,0.0733934381893728
444,1,10,150,60,0.0
445,1,10,150,60,0.0
446,1,10,150,60,0.0
447,1,10,150,60,0.0
448,1,10,150,60,0.0
449,1,10,150,60,0.04971883051739238
450,1,10,150,60,0.17556211942720856
451,1,10,150,60,0.05497526658285817
452,1,10,150,60,0.05780700008370542
453,1,10,150,60,0.1515771522786143
454,1,10,150,60,0.07148132875811378
455,1,10,150,60,0.0
456,1,10,150,60,0.0
457,1,10,150,60,0.10536103181067501
458,1,10,150,60,0.0
459,1,10,150,60,0.0
460,1,10,150,60,0.0
462,1,10,150,60,0.0
1,1,10,150,61,0.6196676948224233
2,1,10,150,61,0.1011519894320134
3,1,10,150,61,0.020132733082951743
4,1,10,150,61,0.07860705643503756
5,1,10,150,61,0.04997960239289902
6,1,10,150,61,0.21995203151949477
7,1,10,150,61,0.3505162788334307
8,1,10,150,61,0.19541031409018228
9,1,10,150,61,0.03789879717220718
10,1,10,150,61,0.33302846008024994
11,1,10,150,61,0.18832133805890153
12,1,10,150,61,0.10060406918415377
13,1,10,150,61,0.49474065898067887
14,1,10,150,61,0.32622009962228
15,1,10,150,61,0.050262678017164185
16,1,10,150,61,0.2490744155875248
17,1,10,150,61,0.10122860821230018
18,1,10,150,61,0.22660059584936504
19,1,10,150,61,0.13886244387355454
20,1,10,150,61,0.05692185311373096
21,1,10,150,61,0.045926902340152
22,1,10,150,61,0.10470979710471882
23,1,10,150,61,0.0
24,1,10,150,61,0.17019051452963918
25,1,10,150,61,0.17085280125179103
26,1,10,150,61,0.0
27,1,10,150,61,0.0
28,1,10,150,61,0.24829192510351253
29,1,10,150,61,0.0
30,1,10,150,61,0.0
31,1,10,150,61,0.038437318942299493
32,1,10,150,61,0.11469999139467348
33,1,10,150,61,0.0
34,1,10,150,61,0.0
35,1,10,150,61,0.0
36,1,10,150,61,0.0
37,1,10,150,61,0.15133867332691472
38,1,10,150,61,0.18144691474390728
39,1,10,150,61,0.0993029104208021
40,1,10,150,61,0.3197267407502473
41,1,10,150,61,0.0
42,1,10,150,61,0.24796626841353128
43,1,10,150,61,0.32363277872740004
44,1,10,150,61,0.08042768339504515
45,1,10,150,61,0.04094516368001556
46,1,10,150,61,0.02795730764456241
47,1,10,150,61,0.0
48,1,10,150,61,0.22961445578066944
49,1,10,150,61,0.11176875396843051
50,1,10,150,61,0.0
51,1,10,150,61,0.0
52,1,10,150,61,0.02753109834834184
53,1,10,150,61,0.1369821642818139
54,1,10,150,61,0.12836415432918194
55,1,10,150,61,0.0
56,1,10,150,61,0.21983200575064227
57,1,10,150,61,0.1825067720422371
58,1,10,150,61,0.1613305165669426
59,1,10,150,61,0.37670450086902707
60,1,10,150,61,0.277818709014716
61,1,10,150,61,0.0
62,1,10,150,61,0.22674224768896747
63,1,10,150,61,0.033669757978328795
64,1,10,150,61,0.15743941268136336
65,1,10,150,61,0.21318164785015645
66,1,10,150,61,0.0
67,1,10,150,61,0.03314040476303028
68,1,10,150,61,0.0
69,1,10,150,61,0.25224764194294225
70,1,10,150,61,0.0250102380952241
71,1,10,150,61,0.0
72,1,10,150,61,0.24692500790830338
73,1,10,150,61,0.17316413854286977
74,1,10,150,61,0.03272011597426011
75,1,10,150,61,0.10310690100385646
76,1,10,150,61,0.10235900919628077
77,1,10,150,61,0.45927229869726693
78,1,10,150,61,0.05658242244874664
79,1,10,150,61,0.4102269223050506
80,1,10,150,61,0.11856641546096264
81,1,10,150,61,0.034380101046999886
82,1,10,150,61,0.20929794274232594
83,1,10,150,61,0.11831600564789461
84,1,10,150,61,0.05683844068224461
85,1,10,150,61,0.05072822791113276
86,1,10,150,61,0.0
87,1,10,150,61,0.16747910006624772
88,1,10,150,61,0.0
89,1,10,150,61,0.13889084628900983
90,1,10,150,61,0.2526567830396453
91,1,10,150,61,0.12748091278361548
92,1,10,150,61,0.35926504937454806
93,1,10,150,61,0.0
94,1,10,150,61,0.4929562463537913
95,1,10,150,61,0.2850577739060966
96,1,10,150,61,0.35918533281121173
97,1,10,150,61,0.16145556611981818
98,1,10,150,61,0.19533769320769842
99,1,10,150,61,0.19028670863138064
100,1,10,150,61,0.022805505402617214
101,1,10,150,61,0.04161098736885563
102,1,10,150,61,0.02440849662316971
103,1,10,150,61,0.15394621921377785
104,1,10,150,61,0.015190330175114026
105,1,10,150,61,0.05200670101006268
106,1,10,150,61,0.31023153259588415
107,1,10,150,61,0.0
108,1,10,150,61,0.06036985955798015
109,1,10,150,61,0.28548433862309464
110,1,10,150,61,0.01329176515643974
111,1,10,150,61,0.038281751104512325
112,1,10,150,61,0.0
113,1,10,150,61,0.02769198719673247
114,1,10,150,61,0.0973553014914488
115,1,10,150,61,0.32760607359504484
116,1,10,150,61,0.0380545682064199
117,1,10,150,61,0.25596974895629354
118,1,10,150,61,0.10713028046710026
119,1,10,150,61,0.1444475494977742
120,1,10,150,61,0.12171775198765021
121,1,10,150,61,0.18136606922889512
122,1,10,150,61,0.08714913816971953
123,1,10,150,61,0.045465875186671466
124,1,10,150,61,0.18978688349077963
125,1,10,150,61,0.23636055612956805
126,1,10,150,61,0.0
127,1,10,150,61,0.071512236588497
128,1,10,150,61,0.21978619010506875
129,1,10,150,61,0.03443731487202246
130,1,10,150,61,0.3359772070219749
131,1,10,150,61,0.25372733625822586
132,1,10,150,61,0.06666588353700116
133,1,10,150,61,0.0
134,1,10,150,61,0.0
135,1,10,150,61,0.04046615435059731
136,1,10,150,61,0.2748136430911722
137,1,10,150,61,0.23116674012823613
138,1,10,150,61,0.06921281869643399
139,1,10,150,61,0.06016179456846956
140,1,10,150,61,0.039232819060514755
141,1,10,150,61,0.10202575845850541
142,1,10,150,61,0.04395738023645723
143,1,10,150,61,0.0
144,1,10,150,61,0.15193586874534323
145,1,10,150,61,0.3034007170220244
146,1,10,150,61,0.0
147,1,10,150,61,0.038800293177871176
148,1,10,150,61,0.2755196640610253
149,1,10,150,61,0.0
150,1,10,150,61,0.0
151,1,10,150,61,0.2642532689713061
152,1,10,150,61,0.12203850333662411
153,1,10,150,61,0.21315403751398063
154,1,10,150,61,0.12092068107181612
155,1,10,150,61,0.0
156,1,10,150,61,0.056765037818527084
157,1,10,150,61,0.07267844514201649
158,1,10,150,61,0.28677133517419207
159,1,10,150,61,0.06521625450990476
160,1,10,150,61,0.17465425782884814
161,1,10,150,61,0.09235716777162616
162,1,10,150,61,0.0475858026939827
163,1,10,150,61,0.08930748165857323
164,1,10,150,61,0.10419060831992506
165,1,10,150,61,0.16621229711010693
166,1,10,150,61,0.0
167,1,10,150,61,0.1606298866119576
168,1,10,150,61,0.044682472154713174
169,1,10,150,61,0.14269884249349324
170,1,10,150,61,0.0
171,1,10,150,61,0.0
172,1,10,150,61,0.0
173,1,10,150,61,0.02795730764456241
174,1,10,150,61,0.1279320666329003
175,1,10,150,61,0.10467701423324277
176,1,10,150,61,0.09885099943510027
177,1,10,150,61,0.15327686685438707
178,1,10,150,61,0.29795774789115864
179,1,10,150,61,0.024952538365330408
180,1,10,150,61,0.1493237023195794
181,1,10,150,61,0.10528764307646933
182,1,10,150,61,0.04195229264874745
183,1,10,150,61,0.02831169742649504
184,1,10,150,61,0.16088200601618352
185,1,10,150,61,0.0
186,1,10,150,61,0.059346711161619776
187,1,10,150,61,0.14854033459794289
188,1,10,150,61,0.14452344993478855
189,1,10,150,61,0.28833493309020286
190,1,10,150,61,0.03175761494935955
191,1,10,150,61,0.0
192,1,10,150,61,0.10363179610670267
193,1,10,150,61,0.015341597742551824
194,1,10,150,61,0.08655660154834041
195,1,10,150,61,0.12225370560623582
196,1,10,150,61,0.07706308624591164
197,1,10,150,61,0.13479682328287185
198,1,10,150,61,0.03827647972495883
199,1,10,150,61,0.049748115641606416
200,1,10,150,61,0.2373928928620186
201,1,10,150,61,0.07260285840285349
202,1,10,150,61,0.0
203,1,10,150,61,0.05370431689540528
204,1,10,150,61,0.027001973670935885
205,1,10,150,61,0.36484800394146205
206,1,10,150,61,0.03974771280526578
207,1,10,150,61,0.13764136120908224
208,1,10,150,61,0.026258715116272383
209,1,10,150,61,0.03243822298569767
210,1,10,150,61,0.12141864024106204
211,1,10,150,61,0.0
212,1,10,150,61,0.047528395396896204
213,1,10,150,61,0.2846011939118271
214,1,10,150,61,0.1681051180394938
215,1,10,150,61,0.255708749192597
216,1,10,150,61,0.1777038841773205
217,1,10,150,61,0.06482503452845118
218,1,10,150,61,0.0383846381653829
219,1,10,150,61,0.0
220,1,10,150,61,0.034616222155696735
221,1,10,150,61,0.05859697032103765
222,1,10,150,61,0.20797003081263218
223,1,10,150,61,0.10677939756546245
224,1,10,150,61,0.0545985338633966
225,1,10,150,61,0.13502187206649363
226,1,10,150,61,0.23814675809782818
227,1,10,150,61,0.08428605557054564
228,1,10,150,61,0.0
229,1,10,150,61,0.0
230,1,10,150,61,0.2081898224231702
231,1,10,150,61,0.0
232,1,10,150,61,0.0914735250933564
233,1,10,150,61,0.14835547983755953
234,1,10,150,61,0.22384865637515788
235,1,10,150,61,0.23280252396956425
236,1,10,150,61,0.13123532326882845
237,1,10,150,61,0.24352191769087017
238,1,10,150,61,0.0
239,1,10,150,61,0.15854882728540345
240,1,10,150,61,0.0
241,1,10,150,61,0.047978870624887156
242,1,10,150,61,0.0
243,1,10,150,61,0.12898989924507495
244,1,10,150,61,0.21800998126793553
245,1,10,150,61,0.14708113704642112
246,1,10,150,61,0.08903081320961438
247,1,10,150,61,0.08883649703748449
248,1,10,150,61,0.1352712391738193
249,1,10,150,61,0.34295240394301857
250,1,10,150,61,0.12416587904357097
251,1,10,150,61,0.1369922724163038
252,1,10,150,61,0.15744006533381547
253,1,10,150,61,0.2443190287228016
254,1,10,150,61,0.08411690034589789
255,1,10,150,61,0.06847316147390722
256,1,10,150,61,0.2083484126381098
257,1,10,150,61,0.18334876608371883
258,1,10,150,61,0.0
259,1,10,150,61,0.062479569258293385
260,1,10,150,61,0.0
261,1,10,150,61,0.0
262,1,10,150,61,0.0
263,1,10,150,61,0.2277334876261802
264,1,10,150,61,0.07557807813033135
265,1,10,150,61,0.31140524445517653
266,1,10,150,61,0.05919139647768146
267,1,10,150,61,0.1276682361535692
268,1,10,150,61,0.13223444218317643
269,1,10,150,61,0.39095163455743237
270,1,10,150,61,0.11440925558913279
271,1,10,150,61,0.24364291796195392
272,1,10,150,61,0.23321348468935416
273,1,10,150,61,0.03860961209670539
274,1,10,150,61,0.1854331816443728
275,1,10,150,61,0.015522912158152052
276,1,10,150,61,0.444698707127392
277,1,10,150,61,0.09982873474912346
278,1,10,150,61,0.044115283111570695
279,1,10,150,61,0.20611665331983006
280,1,10,150,61,0.23792884580592313
281,1,10,150,61,0.049432410190049694
282,1,10,150,61,0.0
283,1,10,150,61,0.18675758970511055
284,1,10,150,61,0.07891945711936355
285,1,10,150,61,0.06473560181867054
286,1,10,150,61,0.29039250131187117
287,1,10,150,61,0.260923101473539
288,1,10,150,61,0.2239083677057859
289,1,10,150,61,0.0
290,1,10,150,61,0.11054447392396456
291,1,10,150,61,0.16012684587326348
292,1,10,150,61,0.14565686608290487
293,1,10,150,61,0.22266376655324982
294,1,10,150,61,0.0
295,1,10,150,61,0.23199042548591192
296,1,10,150,61,0.23282444225459906
297,1,10,150,61,0.13440794547245116
298,1,10,150,61,0.23980329198606234
299,1,10,150,61,0.1461308067044234
300,1,10,150,61,0.04336490181597879
301,1,10,150,61,0.36875899231300174
302,1,10,150,61,0.13927874459665815
303,1,10,150,61,0.33737108965717916
304,1,10,150,61,0.0
305,1,10,150,61,0.19562087748988727
306,1,10,150,61,0.08156911164475483
307,1,10,150,61,0.22610915121692726
308,1,10,150,61,0.4537560918522789
309,1,10,150,61,0.0
310,1,10,150,61,0.06900643972011666
311,1,10,150,61,0.3103368519780596
312,1,10,150,61,0.18087944650780913
313,1,10,150,61,0.33204327210766843
314,1,10,150,61,0.19437898535183573
315,1,10,150,61,0.286099807090925
316,1,10,150,61,0.13442824029706346
317,1,10,150,61,0.0
318,1,10,150,61,0.08905527183509575
319,1,10,150,61,0.06591877139737895
320,1,10,150,61,0.22230615522369948
321,1,10,150,61,0.15427224748816595
322,1,10,150,61,0.25443358806602195
323,1,10,150,61,0.20144166357013524
324,1,10,150,61,0.0734773909038217
325,1,10,150,61,0.09525335590073365
326,1,10,150,61,0.26279661970514107
327,1,10,150,61,0.016547584612207407
328,1,10,150,61,0.18841921779245158
329,1,10,150,61,0.04249704384086923
330,1,10,150,61,0.21436685588859977
331,1,10,150,61,0.07292595308580271
332,1,10,150,61,0.1187968443428496
333,1,10,150,61,0.1014371752449239
334,1,10,150,61,0.11582108747281879
335,1,10,150,61,0.08149421541954936
336,1,10,150,61,0.1252879373315154
337,1,10,150,61,0.10521567817367497
338,1,10,150,61,0.15896841246993118
339,1,10,150,61,0.3005624546541857
340,1,10,150,61,0.2868621552039377
341,1,10,150,61,0.0
342,1,10,150,61,0.0948954852034511
343,1,10,150,61,0.3178364859670646
344,1,10,150,61,0.27121005916384977
345,1,10,150,61,0.108600451795615
346,1,10,150,61,0.10819332410049512
347,1,10,150,61,0.2822780393950277
348,1,10,150,61,0.18923084143550442
349,1,10,150,61,0.25859803951431987
350,1,10,150,61,0.029002136768626934
351,1,10,150,61,0.0
352,1,10,150,61,0.11369404114489928
353,1,10,150,61,0.0
354,1,10,150,61,0.17132517318204302
355,1,10,150,61,0.0
356,1,10,150,61,0.0
357,1,10,150,61,0.048851099168414396
358,1,10,150,61,0.06323567569191428
359,1,10,150,61,0.20040659896939605
360,1,10,150,61,0.1692259700041561
361,1,10,150,61,0.15572261253779404
362,1,10,150,61,0.15042501043191572
363,1,10,150,61,0.1255723428553184
364,1,10,150,61,0.0
365,1,10,150,61,0.14456587527532935
366,1,10,150,61,0.13610100259425117
367,1,10,150,61,0.07171361090547583
368,1,10,150,61,0.042512356679180144
369,1,10,150,61,0.0
370,1,10,150,61,0.19811064503366002
371,1,10,150,61,0.1319132354603233
372,1,10,150,61,0.11729787480760416
373,1,10,150,61,0.14462117032226354
374,1,10,150,61,0.13665160231275358
375,1,10,150,61,0.04282650856324445
376,1,10,150,61,0.0
377,1,10,150,61,0.0913219819219427
378,1,10,150,61,0.19364307182326376
379,1,10,150,61,0.12986143556686097
380,1,10,150,61,0.014129317957168487
381,1,10,150,61,0.09366987522358634
382,1,10,150,61,0.0
383,1,10,150,61,0.0928464636084322
384,1,10,150,61,0.0561173220664886
385,1,10,150,61,0.14046502866791574
386,1,10,150,61,0.14606834984270645
387,1,10,150,61,0.1672161458978077
388,1,10,150,61,0.08659331667411305
389,1,10,150,61,0.11055260960723536
390,1,10,150,61,0.05307577057513386
391,1,10,150,61,0.08907375584162422
392,1,10,150,61,0.18499940411030946
393,1,10,150,61,0.3292733421467419
394,1,10,150,61,0.10657019454040408
395,1,10,150,61,0.08245965301555258
396,1,10,150,61,0.0
397,1,10,150,61,0.10540164605552274
398,1,10,150,61,0.1406230079272144
399,1,10,150,61,0.02384119826459208
400,1,10,150,61,0.0
401,1,10,150,61,0.016941778998402247
402,1,10,150,61,0.11288598947105788
403,1,10,150,61,0.09224219235917257
404,1,10,150,61,0.05446824630887794
405,1,10,150,61,0.24094480813950836
406,1,10,150,61,0.16178507620535318
407,1,10,150,61,0.031104745345423533
408,1,10,150,61,0.0
409,1,10,150,61,0.11976431141977988
410,1,10,150,61,0.0
411,1,10,150,61,0.0
412,1,10,150,61,0.15001451003751623
413,1,10,150,61,0.04935421935348238
414,1,10,150,61,0.1309019901681972
415,1,10,150,61,0.0
416,1,10,150,61,0.24316184370225744
417,1,10,150,61,0.12449040294103551
418,1,10,150,61,0.14436292983286242
419,1,10,150,61,0.0
420,1,10,150,61,0.19519002499605084
421,1,10,150,61,0.0
422,1,10,150,61,0.030480958763669998
423,1,10,150,61,0.0
424,1,10,150,61,0.0
425,1,10,150,61,0.0
426,1,10,150,61,0.11229023146606223
427,1,10,150,61,0.0
428,1,10,150,61,0.04822019817866397
429,1,10,150,61,0.14062551472815982
430,1,10,150,61,0.0
431,1,10,150,61,0.0
432,1,10,150,61,0.0
433,1,10,150,61,0.20451415323992994
434,1,10,150,61,0.0
435,1,10,150,61,0.08127781909048552
436,1,10,150,61,0.09499424853799125
437,1,10,150,61,0.14945564650669343
438,1,10,150,61,0.0
439,1,10,150,61,0.18154179253735267
440,1,10,150,61,0.0
442,1,10,150,61,0.0733934381893728
444,1,10,150,61,0.0
445,1,10,150,61,0.0
446,1,10,150,61,0.0
447,1,10,150,61,0.0
448,1,10,150,61,0.0
449,1,10,150,61,0.04971883051739238
450,1,10,150,61,0.17556211942720856
451,1,10,150,61,0.05497526658285817
452,1,10,150,61,0.05780700008370542
453,1,10,150,61,0.1515771522786143
454,1,10,150,61,0.07148132875811378
455,1,10,150,61,0.0
456,1,10,150,61,0.0
457,1,10,150,61,0.10536103181067501
458,1,10,150,61,0.0
459,1,10,150,61,0.0
460,1,10,150,61,0.0
462,1,10,150,61,0.0
1,1,10,150,62,0.6127341248745808
2,1,10,150,62,0.1011519894320134
3,1,10,150,62,0.020132733082951743
4,1,10,150,62,0.07860705643503756
5,1,10,150,62,0.049420371902021434
6,1,10,150,62,0.2174909498648387
7,1,10,150,62,0.3577834655018981
8,1,10,150,62,0.19541031409018228
9,1,10,150,62,0.03789879717220718
10,1,10,150,62,0.3293021465385211
11,1,10,150,62,0.18621417775183263
12,1,10,150,62,0.10060406918415377
13,1,10,150,62,0.5003940938975373
14,1,10,150,62,0.32622009962228
15,1,10,150,62,0.050262678017164185
16,1,10,150,62,0.24628747849668775
17,1,10,150,62,0.10122860821230018
18,1,10,150,62,0.22406512224847866
19,1,10,150,62,0.13886244387355454
20,1,10,150,62,0.05692185311373096
21,1,10,150,62,0.0454130182172199
22,1,10,150,62,0.11642647051884243
23,1,10,150,62,0.0
24,1,10,150,62,0.17019051452963918
25,1,10,150,62,0.17085280125179103
26,1,10,150,62,0.0
27,1,10,150,62,0.0
28,1,10,150,62,0.24829192510351253
29,1,10,150,62,0.0
30,1,10,150,62,0.0
31,1,10,150,62,0.038437318942299493
32,1,10,150,62,0.11469999139467348
33,1,10,150,62,0.0
34,1,10,150,62,0.0
35,1,10,150,62,0.0
36,1,10,150,62,0.0
37,1,10,150,62,0.15133867332691472
38,1,10,150,62,0.18144691474390728
39,1,10,150,62,0.0993029104208021
40,1,10,150,62,0.3197267407502473
41,1,10,150,62,0.0
42,1,10,150,62,0.2451917305747572
43,1,10,150,62,0.32001159510354804
44,1,10,150,62,0.07952776401370272
45,1,10,150,62,0.04094516368001556
46,1,10,150,62,0.02795730764456241
47,1,10,150,62,0.0
48,1,10,150,62,0.22961445578066944
49,1,10,150,62,0.110518153880515
50,1,10,150,62,0.0
51,1,10,150,62,0.0
52,1,10,150,62,0.02753109834834184
53,1,10,150,62,0.1369821642818139
54,1,10,150,62,0.12836415432918194
55,1,10,150,62,0.0
56,1,10,150,62,0.2173722670852542
57,1,10,150,62,0.1825067720422371
58,1,10,150,62,0.15952536127050745
59,1,10,150,62,0.3724894884869615
60,1,10,150,62,0.27471014700984203
61,1,10,150,62,0.0
62,1,10,150,62,0.22420518912093446
63,1,10,150,62,0.033669757978328795
64,1,10,150,62,0.15567779562516632
65,1,10,150,62,0.21318164785015645
66,1,10,150,62,0.0
67,1,10,150,62,0.03314040476303028
68,1,10,150,62,0.0
69,1,10,150,62,0.25224764194294225
70,1,10,150,62,0.0250102380952241
71,1,10,150,62,0.0
72,1,10,150,62,0.24416212091498607
73,1,10,150,62,0.17316413854286977
74,1,10,150,62,0.03272011597426011
75,1,10,150,62,0.10310690100385646
76,1,10,150,62,0.10235900919628077
77,1,10,150,62,0.45927229869726693
78,1,10,150,62,0.05658242244874664
79,1,10,150,62,0.4102269223050506
80,1,10,150,62,0.11856641546096264
81,1,10,150,62,0.034380101046999886
82,1,10,150,62,0.20695607154576579
83,1,10,150,62,0.11699214721866974
84,1,10,150,62,0.05683844068224461
85,1,10,150,62,0.050160620918722525
86,1,10,150,62,0.0
87,1,10,150,62,0.16560514719632471
88,1,10,150,62,0.0
89,1,10,150,62,0.13889084628900983
90,1,10,150,62,0.24982976221438785
91,1,10,150,62,0.12748091278361548
92,1,10,150,62,0.3552451700578324
93,1,10,150,62,0.0
94,1,10,150,62,0.48744047290960785
95,1,10,150,62,0.28186821274118773
96,1,10,150,62,0.35918533281121173
97,1,10,150,62,0.16145556611981818
98,1,10,150,62,0.19533769320769842
99,1,10,150,62,0.18815755745008741
100,1,10,150,62,0.022805505402617214
101,1,10,150,62,0.04161098736885563
102,1,10,150,62,0.024135385696018787
103,1,10,150,62,0.15394621921377785
104,1,10,150,62,0.015190330175114026
105,1,10,150,62,0.05200670101006268
106,1,10,150,62,0.31023153259588415
107,1,10,150,62,0.0
108,1,10,150,62,0.06036985955798015
109,1,10,150,62,0.28229000455114656
110,1,10,150,62,0.01329176515643974
111,1,10,150,62,0.038281751104512325
112,1,10,150,62,0.0
113,1,10,150,62,0.02769198719673247
114,1,10,150,62,0.0973553014914488
115,1,10,150,62,0.32760607359504484
116,1,10,150,62,0.0380545682064199
117,1,10,150,62,0.25596974895629354
118,1,10,150,62,0.10713028046710026
119,1,10,150,62,0.14283130066536687
120,1,10,150,62,0.12171775198765021
121,1,10,150,62,0.18136606922889512
122,1,10,150,62,0.08714913816971953
123,1,10,150,62,0.045465875186671466
124,1,10,150,62,0.18978688349077963
125,1,10,150,62,0.24490505109557484
126,1,10,150,62,0.0
127,1,10,150,62,0.071512236588497
128,1,10,150,62,0.21732696407893226
129,1,10,150,62,0.03443731487202246
130,1,10,150,62,0.33221789943626123
131,1,10,150,62,0.25372733625822586
132,1,10,150,62,0.06666588353700116
133,1,10,150,62,0.0
134,1,10,150,62,0.0
135,1,10,150,62,0.04046615435059731
136,1,10,150,62,0.2748136430911722
137,1,10,150,62,0.25288365362293425
138,1,10,150,62,0.06921281869643399
139,1,10,150,62,0.06016179456846956
140,1,10,150,62,0.039232819060514755
141,1,10,150,62,0.11662339638528424
142,1,10,150,62,0.04395738023645723
143,1,10,150,62,0.0
144,1,10,150,62,0.15023583180242345
145,1,10,150,62,0.3000059134663854
146,1,10,150,62,0.0
147,1,10,150,62,0.038800293177871176
148,1,10,150,62,0.2755196640610253
149,1,10,150,62,0.0
150,1,10,150,62,0.0
151,1,10,150,62,0.27248566750701775
152,1,10,150,62,0.12203850333662411
153,1,10,150,62,0.21315403751398063
154,1,10,150,62,0.12092068107181612
155,1,10,150,62,0.0
156,1,10,150,62,0.056765037818527084
157,1,10,150,62,0.07267844514201649
158,1,10,150,62,0.2835626006732976
159,1,10,150,62,0.06521625450990476
160,1,10,150,62,0.17465425782884814
161,1,10,150,62,0.09235716777162616
162,1,10,150,62,0.0475858026939827
163,1,10,150,62,0.08930748165857323
164,1,10,150,62,0.10419060831992506
165,1,10,150,62,0.16621229711010693
166,1,10,150,62,0.0
167,1,10,150,62,0.1606298866119576
168,1,10,150,62,0.044682472154713174
169,1,10,150,62,0.14269884249349324
170,1,10,150,62,0.0
171,1,10,150,62,0.0
172,1,10,150,62,0.0
173,1,10,150,62,0.02795730764456241
174,1,10,150,62,0.12650061241964577
175,1,10,150,62,0.10467701423324277
176,1,10,150,62,0.09885099943510027
177,1,10,150,62,0.15327686685438707
178,1,10,150,62,0.2946238466667338
179,1,10,150,62,0.024952538365330408
180,1,10,150,62,0.1493237023195794
181,1,10,150,62,0.10410956126905256
182,1,10,150,62,0.04195229264874745
183,1,10,150,62,0.02831169742649504
184,1,10,150,62,0.1590818691825503
185,1,10,150,62,0.0
186,1,10,150,62,0.059346711161619776
187,1,10,150,62,0.14854033459794289
188,1,10,150,62,0.14452344993478855
189,1,10,150,62,0.28510870321943266
190,1,10,150,62,0.03175761494935955
191,1,10,150,62,0.0
192,1,10,150,62,0.10363179610670267
193,1,10,150,62,0.015341597742551824
194,1,10,150,62,0.08558810463249758
195,1,10,150,62,0.12225370560623582
196,1,10,150,62,0.07706308624591164
197,1,10,150,62,0.14447773257504157
198,1,10,150,62,0.03784819751540096
199,1,10,150,62,0.049748115641606416
200,1,10,150,62,0.2347366623669769
201,1,10,150,62,0.07179049235350868
202,1,10,150,62,0.0
203,1,10,150,62,0.05370431689540528
204,1,10,150,62,0.027001973670935885
205,1,10,150,62,0.36484800394146205
206,1,10,150,62,0.03974771280526578
207,1,10,150,62,0.14729044247012257
208,1,10,150,62,0.026258715116272383
209,1,10,150,62,0.03243822298569767
210,1,10,150,62,0.12006006589207233
211,1,10,150,62,0.0
212,1,10,150,62,0.047528395396896204
213,1,10,150,62,0.2846011939118271
214,1,10,150,62,0.17741333501049195
215,1,10,150,62,0.255708749192597
216,1,10,150,62,0.1777038841773205
217,1,10,150,62,0.08016750925175155
218,1,10,150,62,0.0383846381653829
219,1,10,150,62,0.0
220,1,10,150,62,0.034616222155696735
221,1,10,150,62,0.05794131859698094
222,1,10,150,62,0.20564301785432784
223,1,10,150,62,0.10677939756546245
224,1,10,150,62,0.05398762134245262
225,1,10,150,62,0.13502187206649363
226,1,10,150,62,0.23814675809782818
227,1,10,150,62,0.08428605557054564
228,1,10,150,62,0.0
229,1,10,150,62,0.0
230,1,10,150,62,0.2081898224231702
231,1,10,150,62,0.0
232,1,10,150,62,0.0914735250933564
233,1,10,150,62,0.14835547983755953
234,1,10,150,62,0.2213439747051662
235,1,10,150,62,0.23280252396956425
236,1,10,150,62,0.13123532326882845
237,1,10,150,62,0.24352191769087017
238,1,10,150,62,0.0
239,1,10,150,62,0.15677479679564751
240,1,10,150,62,0.0
241,1,10,150,62,0.047978870624887156
242,1,10,150,62,0.0
243,1,10,150,62,0.12898989924507495
244,1,10,150,62,0.21557062955236442
245,1,10,150,62,0.14708113704642112
246,1,10,150,62,0.0880346319078296
247,1,10,150,62,0.08883649703748449
248,1,10,150,62,0.1352712391738193
249,1,10,150,62,0.3391150496620259
250,1,10,150,62,0.12416587904357097
251,1,10,150,62,0.1369922724163038
252,1,10,150,62,0.15744006533381547
253,1,10,150,62,0.2443190287228016
254,1,10,150,62,0.08317570167245225
255,1,10,150,62,0.06847316147390722
256,1,10,150,62,0.20601716589954572
257,1,10,150,62,0.18334876608371883
258,1,10,150,62,0.0
259,1,10,150,62,0.062479569258293385
260,1,10,150,62,0.0
261,1,10,150,62,0.0
262,1,10,150,62,0.0
263,1,10,150,62,0.2251853379015528
264,1,10,150,62,0.07557807813033135
265,1,10,150,62,0.31140524445517653
266,1,10,150,62,0.05919139647768146
267,1,10,150,62,0.13742890845081934
268,1,10,150,62,0.1307548479392749
269,1,10,150,62,0.38657720851089766
270,1,10,150,62,0.11312911046790748
271,1,10,150,62,0.24091675484565694
272,1,10,150,62,0.23321348468935416
273,1,10,150,62,0.03860961209670539
274,1,10,150,62,0.1854331816443728
275,1,10,150,62,0.015522912158152052
276,1,10,150,62,0.43972289570887596
277,1,10,150,62,0.09982873474912346
278,1,10,150,62,0.044115283111570695
279,1,10,150,62,0.20381037812564262
280,1,10,150,62,0.23526661843988694
281,1,10,150,62,0.049432410190049694
282,1,10,150,62,0.0
283,1,10,150,62,0.18675758970511055
284,1,10,150,62,0.07891945711936355
285,1,10,150,62,0.06473560181867054
286,1,10,150,62,0.28714324895129456
287,1,10,150,62,0.260923101473539
288,1,10,150,62,0.2239083677057859
289,1,10,150,62,0.0
290,1,10,150,62,0.10930757251906091
291,1,10,150,62,0.1583351586582186
292,1,10,150,62,0.155216260461485
293,1,10,150,62,0.22017234282219755
294,1,10,150,62,0.0
295,1,10,150,62,0.22939464414088429
296,1,10,150,62,0.23021932895043964
297,1,10,150,62,0.13290403152104513
298,1,10,150,62,0.23980329198606234
299,1,10,150,62,0.14449572361346102
300,1,10,150,62,0.04336490181597879
301,1,10,150,62,0.3646328836123846
302,1,10,150,62,0.13927874459665815
303,1,10,150,62,0.34478536014071826
304,1,10,150,62,0.0
305,1,10,150,62,0.19343204136260916
306,1,10,150,62,0.08156911164475483
307,1,10,150,62,0.22610915121692726
308,1,10,150,62,0.44867893577587725
309,1,10,150,62,0.0
310,1,10,150,62,0.06900643972011666
311,1,10,150,62,0.306864438798283
312,1,10,150,62,0.190044729288899
313,1,10,150,62,0.32832798200604585
314,1,10,150,62,0.20339321943759947
315,1,10,150,62,0.286099807090925
316,1,10,150,62,0.13442824029706346
317,1,10,150,62,0.0
318,1,10,150,62,0.08805881686148329
319,1,10,150,62,0.06591877139737895
320,1,10,150,62,0.2198187328682043
321,1,10,150,62,0.15427224748816595
322,1,10,150,62,0.25443358806602195
323,1,10,150,62,0.20144166357013524
324,1,10,150,62,0.0734773909038217
325,1,10,150,62,0.09418754948316053
326,1,10,150,62,0.25985614247838434
327,1,10,150,62,0.01636243080100306
328,1,10,150,62,0.18631096229196736
329,1,10,150,62,0.04249704384086923
330,1,10,150,62,0.2119682677384968
331,1,10,150,62,0.07292595308580271
332,1,10,150,62,0.12865678019081941
333,1,10,150,62,0.1014371752449239
334,1,10,150,62,0.11452514511833134
335,1,10,150,62,0.08149421541954936
336,1,10,150,62,0.1252879373315154
337,1,10,150,62,0.10521567817367497
338,1,10,150,62,0.15896841246993118
339,1,10,150,62,0.30838858337660074
340,1,10,150,62,0.2868621552039377
341,1,10,150,62,0.0
342,1,10,150,62,0.09383368306354588
343,1,10,150,62,0.32546933253940175
344,1,10,150,62,0.26817544249513675
345,1,10,150,62,0.10738530239346974
346,1,10,150,62,0.10819332410049512
347,1,10,150,62,0.27911958116453023
348,1,10,150,62,0.18923084143550442
349,1,10,150,62,0.25859803951431987
350,1,10,150,62,0.029002136768626934
351,1,10,150,62,0.0
352,1,10,150,62,0.11369404114489928
353,1,10,150,62,0.0
354,1,10,150,62,0.16940818592902132
355,1,10,150,62,0.0
356,1,10,150,62,0.0
357,1,10,150,62,0.048851099168414396
358,1,10,150,62,0.06323567569191428
359,1,10,150,62,0.20040659896939605
360,1,10,150,62,0.1692259700041561
361,1,10,150,62,0.15572261253779404
362,1,10,150,62,0.15042501043191572
363,1,10,150,62,0.12416729200310103
364,1,10,150,62,0.0
365,1,10,150,62,0.14456587527532935
366,1,10,150,62,0.13610100259425117
367,1,10,150,62,0.07171361090547583
368,1,10,150,62,0.042512356679180144
369,1,10,150,62,0.0
370,1,10,150,62,0.19811064503366002
371,1,10,150,62,0.1319132354603233
372,1,10,150,62,0.11729787480760416
373,1,10,150,62,0.14300297881616023
374,1,10,150,62,0.1351225836935213
375,1,10,150,62,0.04282650856324445
376,1,10,150,62,0.0
377,1,10,150,62,0.0913219819219427
378,1,10,150,62,0.19147636570864784
379,1,10,150,62,0.12986143556686097
380,1,10,150,62,0.014129317957168487
381,1,10,150,62,0.09366987522358634
382,1,10,150,62,0.0
383,1,10,150,62,0.0928464636084322
384,1,10,150,62,0.0561173220664886
385,1,10,150,62,0.13889334095588518
386,1,10,150,62,0.14606834984270645
387,1,10,150,62,0.16534513526795172
388,1,10,150,62,0.08659331667411305
389,1,10,150,62,0.1093156171707522
390,1,10,150,62,0.05307577057513386
391,1,10,150,62,0.08907375584162422
392,1,10,150,62,0.18499940411030946
393,1,10,150,62,0.3255890452747086
394,1,10,150,62,0.10657019454040408
395,1,10,150,62,0.08245965301555258
396,1,10,150,62,0.0
397,1,10,150,62,0.10540164605552274
398,1,10,150,62,0.1406230079272144
399,1,10,150,62,0.02357443493774913
400,1,10,150,62,0.0
401,1,10,150,62,0.016941778998402247
402,1,10,150,62,0.11288598947105788
403,1,10,150,62,0.09224219235917257
404,1,10,150,62,0.05446824630887794
405,1,10,150,62,0.2382488346447411
406,1,10,150,62,0.15997483476181898
407,1,10,150,62,0.031104745345423533
408,1,10,150,62,0.0
409,1,10,150,62,0.11976431141977988
410,1,10,150,62,0.0
411,1,10,150,62,0.0
412,1,10,150,62,0.15001451003751623
413,1,10,150,62,0.04935421935348238
414,1,10,150,62,0.1309019901681972
415,1,10,150,62,0.0
416,1,10,150,62,0.25163023787502514
417,1,10,150,62,0.12309745810327996
418,1,10,150,62,0.14436292983286242
419,1,10,150,62,0.0
420,1,10,150,62,0.19519002499605084
421,1,10,150,62,0.0
422,1,10,150,62,0.030480958763669998
423,1,10,150,62,0.0
424,1,10,150,62,0.0
425,1,10,150,62,0.0
426,1,10,150,62,0.11229023146606223
427,1,10,150,62,0.0
428,1,10,150,62,0.04822019817866397
429,1,10,150,62,0.14062551472815982
430,1,10,150,62,0.0
431,1,10,150,62,0.0
432,1,10,150,62,0.0
433,1,10,150,62,0.20451415323992994
434,1,10,150,62,0.0
435,1,10,150,62,0.08127781909048552
436,1,10,150,62,0.09499424853799125
437,1,10,150,62,0.14945564650669343
438,1,10,150,62,0.0
439,1,10,150,62,0.18154179253735267
440,1,10,150,62,0.0
442,1,10,150,62,0.0733934381893728
444,1,10,150,62,0.0
445,1,10,150,62,0.0
446,1,10,150,62,0.0
447,1,10,150,62,0.0
448,1,10,150,62,0.0
449,1,10,150,62,0.04971883051739238
450,1,10,150,62,0.17556211942720856
451,1,10,150,62,0.05497526658285817
452,1,10,150,62,0.05780700008370542
453,1,10,150,62,0.1515771522786143
454,1,10,150,62,0.07148132875811378
455,1,10,150,62,0.0
456,1,10,150,62,0.0
457,1,10,150,62,0.10536103181067501
458,1,10,150,62,0.0
459,1,10,150,62,0.0
460,1,10,150,62,0.0
462,1,10,150,62,0.0
1,1,10,150,63,0.6059793909822213
2,1,10,150,63,0.1011519894320134
3,1,10,150,63,0.020132733082951743
4,1,10,150,63,0.11528901748471758
5,1,10,150,63,0.048875565521068
6,1,10,150,63,0.21509334635184
7,1,10,150,63,0.364863211211664
8,1,10,150,63,0.19541031409018228
9,1,10,150,63,0.03789879717220718
10,1,10,150,63,0.3256719449882063
11,1,10,150,63,0.1841613669703936
12,1,10,150,63,0.10060406918415377
13,1,10,150,63,0.49487778787120323
14,1,10,150,63,0.32622009962228
15,1,10,150,63,0.050262678017164185
16,1,10,150,63,0.24357242426561185
17,1,10,150,63,0.10122860821230018
18,1,10,150,63,0.22159504556447276
19,1,10,150,63,0.13886244387355454
20,1,10,150,63,0.05692185311373096
21,1,10,150,63,0.044912388595246454
22,1,10,150,63,0.11642647051884243
23,1,10,150,63,0.0
24,1,10,150,63,0.17019051452963918
25,1,10,150,63,0.17085280125179103
26,1,10,150,63,0.0
27,1,10,150,63,0.0
28,1,10,150,63,0.24829192510351253
29,1,10,150,63,0.0
30,1,10,150,63,0.0
31,1,10,150,63,0.038437318942299493
32,1,10,150,63,0.11469999139467348
33,1,10,150,63,0.0
34,1,10,150,63,0.0
35,1,10,150,63,0.0
36,1,10,150,63,0.0
37,1,10,150,63,0.15133867332691472
38,1,10,150,63,0.18144691474390728
39,1,10,150,63,0.0993029104208021
40,1,10,150,63,0.3197267407502473
41,1,10,150,63,0.0
42,1,10,150,63,0.24248875578454362
43,1,10,150,63,0.31648381187809704
44,1,10,150,63,0.07865105605643516
45,1,10,150,63,0.04094516368001556
46,1,10,150,63,0.02795730764456241
47,1,10,150,63,0.0
48,1,10,150,63,0.22961445578066944
49,1,10,150,63,0.10929981024755592
50,1,10,150,63,0.0
51,1,10,150,63,0.0
52,1,10,150,63,0.02753109834834184
53,1,10,150,63,0.1369821642818139
54,1,10,150,63,0.12836415432918194
55,1,10,150,63,0.0
56,1,10,150,63,0.21497597192209464
57,1,10,150,63,0.1825067720422371
58,1,10,150,63,0.15776676595041597
59,1,10,150,63,0.3683831929987748
60,1,10,150,63,0.2716817634658991
61,1,10,150,63,0.0
62,1,10,150,63,0.2217335683504934
63,1,10,150,63,0.033669757978328795
64,1,10,150,63,0.15396161557299057
65,1,10,150,63,0.2306157261998143
66,1,10,150,63,0.0
67,1,10,150,63,0.03314040476303028
68,1,10,150,63,0.0
69,1,10,150,63,0.25224764194294225
70,1,10,150,63,0.0250102380952241
71,1,10,150,63,0.0
72,1,10,150,63,0.24147049646251673
73,1,10,150,63,0.17316413854286977
74,1,10,150,63,0.03272011597426011
75,1,10,150,63,0.10310690100385646
76,1,10,150,63,0.10235900919628077
77,1,10,150,63,0.45927229869726693
78,1,10,150,63,0.05658242244874664
79,1,10,150,63,0.4102269223050506
80,1,10,150,63,0.11856641546096264
81,1,10,150,63,0.034380101046999886
82,1,10,150,63,0.20467460372155102
83,1,10,150,63,0.1157024347808002
84,1,10,150,63,0.05683844068224461
85,1,10,150,63,0.04960765408951118
86,1,10,150,63,0.0
87,1,10,150,63,0.1637795287835341
88,1,10,150,63,0.0
89,1,10,150,63,0.15501458369464421
90,1,10,150,63,0.24707565811989982
91,1,10,150,63,0.12748091278361548
92,1,10,150,63,0.3513289746104549
93,1,10,150,63,0.0
94,1,10,150,63,0.48206696660531284
95,1,10,150,63,0.27876091923085583
96,1,10,150,63,0.35918533281121173
97,1,10,150,63,0.16145556611981818
98,1,10,150,63,0.19533769320769842
99,1,10,150,63,0.18608332300024047
100,1,10,150,63,0.022805505402617214
101,1,10,150,63,0.04161098736885563
102,1,10,150,63,0.02386931905936878
103,1,10,150,63,0.15394621921377785
104,1,10,150,63,0.015190330175114026
105,1,10,150,63,0.05200670101006268
106,1,10,150,63,0.31023153259588415
107,1,10,150,63,0.0
108,1,10,150,63,0.06036985955798015
109,1,10,150,63,0.2791780612403244
110,1,10,150,63,0.01329176515643974
111,1,10,150,63,0.038281751104512325
112,1,10,150,63,0.0
113,1,10,150,63,0.02769198719673247
114,1,10,150,63,0.0973553014914488
115,1,10,150,63,0.32760607359504484
116,1,10,150,63,0.0380545682064199
117,1,10,150,63,0.25596974895629354
118,1,10,150,63,0.10713028046710026
119,1,10,150,63,0.1412567393861308
120,1,10,150,63,0.12171775198765021
121,1,10,150,63,0.18136606922889512
122,1,10,150,63,0.10664211019584975
123,1,10,150,63,0.045465875186671466
124,1,10,150,63,0.18978688349077963
125,1,10,150,63,0.2532291597689055
126,1,10,150,63,0.0
127,1,10,150,63,0.071512236588497
128,1,10,150,63,0.21493116833263198
129,1,10,150,63,0.03443731487202246
130,1,10,150,63,0.32855555485013277
131,1,10,150,63,0.25372733625822586
132,1,10,150,63,0.06666588353700116
133,1,10,150,63,0.0
134,1,10,150,63,0.0
135,1,10,150,63,0.04046615435059731
136,1,10,150,63,0.2748136430911722
137,1,10,150,63,0.25288365362293425
138,1,10,150,63,0.06921281869643399
139,1,10,150,63,0.06016179456846956
140,1,10,150,63,0.039232819060514755
141,1,10,150,63,0.11662339638528424
142,1,10,150,63,0.04395738023645723
143,1,10,150,63,0.0
144,1,10,150,63,0.14857964354111133
145,1,10,150,63,0.2966986713374858
146,1,10,150,63,0.0
147,1,10,150,63,0.038800293177871176
148,1,10,150,63,0.2755196640610253
149,1,10,150,63,0.0
150,1,10,150,63,0.0
151,1,10,150,63,0.28050572958512304
152,1,10,150,63,0.13816224074225847
153,1,10,150,63,0.21315403751398063
154,1,10,150,63,0.12092068107181612
155,1,10,150,63,0.0
156,1,10,150,63,0.056765037818527084
157,1,10,150,63,0.07267844514201649
158,1,10,150,63,0.28043662836064803
159,1,10,150,63,0.06521625450990476
160,1,10,150,63,0.17465425782884814
161,1,10,150,63,0.09235716777162616
162,1,10,150,63,0.0475858026939827
163,1,10,150,63,0.08930748165857323
164,1,10,150,63,0.10419060831992506
165,1,10,150,63,0.16621229711010693
166,1,10,150,63,0.0
167,1,10,150,63,0.1606298866119576
168,1,10,150,63,0.044682472154713174
169,1,10,150,63,0.14269884249349324
170,1,10,150,63,0.0
171,1,10,150,63,0.0
172,1,10,150,63,0.0
173,1,10,150,63,0.02795730764456241
174,1,10,150,63,0.12510607939230686
175,1,10,150,63,0.10467701423324277
176,1,10,150,63,0.09885099943510027
177,1,10,150,63,0.15327686685438707
178,1,10,150,63,0.29137593602851947
179,1,10,150,63,0.024952538365330408
180,1,10,150,63,0.1493237023195794
181,1,10,150,63,0.10296186546842014
182,1,10,150,63,0.04195229264874745
183,1,10,150,63,0.02831169742649504
184,1,10,150,63,0.15732816288514567
185,1,10,150,63,0.0
186,1,10,150,63,0.059346711161619776
187,1,10,150,63,0.14854033459794289
188,1,10,150,63,0.14452344993478855
189,1,10,150,63,0.29298960992216433
190,1,10,150,63,0.05339229345473345
191,1,10,150,63,0.0
192,1,10,150,63,0.10363179610670267
193,1,10,150,63,0.015341597742551824
194,1,10,150,63,0.08464458794610073
195,1,10,150,63,0.12225370560623582
196,1,10,150,63,0.07706308624591164
197,1,10,150,63,0.14288502115699278
198,1,10,150,63,0.03743096189534418
199,1,10,150,63,0.049748115641606416
200,1,10,150,63,0.24317286657601778
201,1,10,150,63,0.07099907948426679
202,1,10,150,63,0.0
203,1,10,150,63,0.05370431689540528
204,1,10,150,63,0.027001973670935885
205,1,10,150,63,0.36484800394146205
206,1,10,150,63,0.03974771280526578
207,1,10,150,63,0.1566906470854031
208,1,10,150,63,0.026258715116272383
209,1,10,150,63,0.03243822298569767
210,1,10,150,63,0.12006006589207233
211,1,10,150,63,0.0
212,1,10,150,63,0.047528395396896204
213,1,10,150,63,0.2846011939118271
214,1,10,150,63,0.1754575440429215
215,1,10,150,63,0.255708749192597
216,1,10,150,63,0.1777038841773205
217,1,10,150,63,0.08016750925175155
218,1,10,150,63,0.0383846381653829
219,1,10,150,63,0.0
220,1,10,150,63,0.034616222155696735
221,1,10,150,63,0.0573025779546589
222,1,10,150,63,0.20337602503307436
223,1,10,150,63,0.10677939756546245
224,1,10,150,63,0.05339246595474775
225,1,10,150,63,0.1677481946997085
226,1,10,150,63,0.23814675809782818
227,1,10,150,63,0.08428605557054564
228,1,10,150,63,0.0
229,1,10,150,63,0.0
230,1,10,150,63,0.21986212855124454
231,1,10,150,63,0.0
232,1,10,150,63,0.0914735250933564
233,1,10,150,63,0.14835547983755953
234,1,10,150,63,0.21890389574250588
235,1,10,150,63,0.23280252396956425
236,1,10,150,63,0.13123532326882845
237,1,10,150,63,0.24352191769087017
238,1,10,150,63,0.0
239,1,10,150,63,0.15504652348689377
240,1,10,150,63,0.0
241,1,10,150,63,0.047978870624887156
242,1,10,150,63,0.0
243,1,10,150,63,0.12898989924507495
244,1,10,150,63,0.21319419550287733
245,1,10,150,63,0.14708113704642112
246,1,10,150,63,0.0870641448928116
247,1,10,150,63,0.08883649703748449
248,1,10,150,63,0.1352712391738193
249,1,10,150,63,0.33537667142198563
250,1,10,150,63,0.12416587904357097
251,1,10,150,63,0.1369922724163038
252,1,10,150,63,0.15744006533381547
253,1,10,150,63,0.2443190287228016
254,1,10,150,63,0.08225877913084795
255,1,10,150,63,0.06847316147390722
256,1,10,150,63,0.20374604849900213
257,1,10,150,63,0.18334876608371883
258,1,10,150,63,0.0
259,1,10,150,63,0.062479569258293385
260,1,10,150,63,0.0
261,1,10,150,63,0.0
262,1,10,150,63,0.0
263,1,10,150,63,0.22270291204629727
264,1,10,150,63,0.07557807813033135
265,1,10,150,63,0.31140524445517653
266,1,10,150,63,0.05919139647768146
267,1,10,150,63,0.13591390272807993
268,1,10,150,63,0.1293134165465864
269,1,10,150,63,0.382315611080076
270,1,10,150,63,0.11188198385023058
271,1,10,150,63,0.23826090705926786
272,1,10,150,63,0.23321348468935416
273,1,10,150,63,0.03860961209670539
274,1,10,150,63,0.1854331816443728
275,1,10,150,63,0.015522912158152052
276,1,10,150,63,0.43487542430763954
277,1,10,150,63,0.09982873474912346
278,1,10,150,63,0.07867548793068165
279,1,10,150,63,0.201563588183885
280,1,10,150,63,0.23267305732291474
281,1,10,150,63,0.049432410190049694
282,1,10,150,63,0.0
283,1,10,150,63,0.18675758970511055
284,1,10,150,63,0.07891945711936355
285,1,10,150,63,0.06473560181867054
286,1,10,150,63,0.2839778038472692
287,1,10,150,63,0.260923101473539
288,1,10,150,63,0.2239083677057859
289,1,10,150,63,0.0
290,1,10,150,63,0.10810257424197431
291,1,10,150,63,0.15658968404023532
292,1,10,150,63,0.15350516833747596
293,1,10,150,63,0.21774517983935293
294,1,10,150,63,0.011023923131002483
295,1,10,150,63,0.22686581521721152
296,1,10,150,63,0.22768140876481902
297,1,10,150,63,0.1314389076937568
298,1,10,150,63,0.23980329198606234
299,1,10,150,63,0.14290281386358766
300,1,10,150,63,0.04336490181597879
301,1,10,150,63,0.36061319873240594
302,1,10,150,63,0.13927874459665815
303,1,10,150,63,0.340984472833832
304,1,10,150,63,0.0
305,1,10,150,63,0.19129966140755486
306,1,10,150,63,0.08156911164475483
307,1,10,150,63,0.22610915121692726
308,1,10,150,63,0.44373273367738403
309,1,10,150,63,0.0
310,1,10,150,63,0.06900643972011666
311,1,10,150,63,0.30348158881333254
312,1,10,150,63,0.18794969080176602
313,1,10,150,63,0.33573244270165653
314,1,10,150,63,0.20115102822115227
315,1,10,150,63,0.286099807090925
316,1,10,150,63,0.13442824029706346
317,1,10,150,63,0.0
318,1,10,150,63,0.08708806323339527
319,1,10,150,63,0.06591877139737895
320,1,10,150,63,0.21739546805431087
321,1,10,150,63,0.15427224748816595
322,1,10,150,63,0.25443358806602195
323,1,10,150,63,0.20144166357013524
324,1,10,150,63,0.0734773909038217
325,1,10,150,63,0.09314923317776068
326,1,10,150,63,0.2569915083385838
327,1,10,150,63,0.016182052621616455
328,1,10,150,63,0.18425708456519763
329,1,10,150,63,0.04249704384086923
330,1,10,150,63,0.2231150723871018
331,1,10,150,63,0.07292595308580271
332,1,10,150,63,0.12723847773571356
333,1,10,150,63,0.1014371752449239
334,1,10,150,63,0.11326262872197995
335,1,10,150,63,0.08149421541954936
336,1,10,150,63,0.1252879373315154
337,1,10,150,63,0.10521567817367497
338,1,10,150,63,0.15896841246993118
339,1,10,150,63,0.31601285446998084
340,1,10,150,63,0.2868621552039377
341,1,10,150,63,0.0
342,1,10,150,63,0.0927992677543545
343,1,10,150,63,0.3218813836359887
344,1,10,150,63,0.2652190970314478
345,1,10,150,63,0.10620149507448468
346,1,10,150,63,0.10819332410049512
347,1,10,150,63,0.27604258835741485
348,1,10,150,63,0.18923084143550442
349,1,10,150,63,0.25859803951431987
350,1,10,150,63,0.029002136768626934
351,1,10,150,63,0.0
352,1,10,150,63,0.11369404114489928
353,1,10,150,63,0.0
354,1,10,150,63,0.1675406431095772
355,1,10,150,63,0.0
356,1,10,150,63,0.0
357,1,10,150,63,0.048851099168414396
358,1,10,150,63,0.06323567569191428
359,1,10,150,63,0.20040659896939605
360,1,10,150,63,0.1692259700041561
361,1,10,150,63,0.15572261253779404
362,1,10,150,63,0.15042501043191572
363,1,10,150,63,0.12279848132067411
364,1,10,150,63,0.0
365,1,10,150,63,0.14456587527532935
366,1,10,150,63,0.13610100259425117
367,1,10,150,63,0.07171361090547583
368,1,10,150,63,0.042512356679180144
369,1,10,150,63,0.0
370,1,10,150,63,0.19811064503366002
371,1,10,150,63,0.1319132354603233
372,1,10,150,63,0.11729787480760416
373,1,10,150,63,0.14142652497018648
374,1,10,150,63,0.13363300271762146
375,1,10,150,63,0.04282650856324445
376,1,10,150,63,0.0
377,1,10,150,63,0.0913219819219427
378,1,10,150,63,0.189365544971672
379,1,10,150,63,0.12986143556686097
380,1,10,150,63,0.014129317957168487
381,1,10,150,63,0.09366987522358634
382,1,10,150,63,0.0
383,1,10,150,63,0.0928464636084322
384,1,10,150,63,0.0561173220664886
385,1,10,150,63,0.13736219144177939
386,1,10,150,63,0.14606834984270645
387,1,10,150,63,0.16352238320667262
388,1,10,150,63,0.08659331667411305
389,1,10,150,63,0.10811053021004373
390,1,10,150,63,0.05307577057513386
391,1,10,150,63,0.08907375584162422
392,1,10,150,63,0.18499940411030946
393,1,10,150,63,0.3219997766673037
394,1,10,150,63,0.10657019454040408
395,1,10,150,63,0.08245965301555258
396,1,10,150,63,0.0
397,1,10,150,63,0.10540164605552274
398,1,10,150,63,0.1406230079272144
399,1,10,150,63,0.023314552179138564
400,1,10,150,63,0.0
401,1,10,150,63,0.016941778998402247
402,1,10,150,63,0.11288598947105788
403,1,10,150,63,0.09224219235917257
404,1,10,150,63,0.05446824630887794
405,1,10,150,63,0.23562239780556654
406,1,10,150,63,0.15821128448050986
407,1,10,150,63,0.031104745345423533
408,1,10,150,63,0.0
409,1,10,150,63,0.11976431141977988
410,1,10,150,63,0.0
411,1,10,150,63,0.0
412,1,10,150,63,0.15001451003751623
413,1,10,150,63,0.04935421935348238
414,1,10,150,63,0.1309019901681972
415,1,10,150,63,0.0
416,1,10,150,63,0.24885628547525498
417,1,10,150,63,0.12309745810327996
418,1,10,150,63,0.14436292983286242
419,1,10,150,63,0.0
420,1,10,150,63,0.19519002499605084
421,1,10,150,63,0.0
422,1,10,150,63,0.030480958763669998
423,1,10,150,63,0.0
424,1,10,150,63,0.0
425,1,10,150,63,0.0
426,1,10,150,63,0.11229023146606223
427,1,10,150,63,0.0
428,1,10,150,63,0.04822019817866397
429,1,10,150,63,0.14062551472815982
430,1,10,150,63,0.0
431,1,10,150,63,0.0
432,1,10,150,63,0.0
433,1,10,150,63,0.20451415323992994
434,1,10,150,63,0.0
435,1,10,150,63,0.08127781909048552
436,1,10,150,63,0.09499424853799125
437,1,10,150,63,0.14945564650669343
438,1,10,150,63,0.0
439,1,10,150,63,0.18154179253735267
440,1,10,150,63,0.0
442,1,10,150,63,0.0733934381893728
444,1,10,150,63,0.0
445,1,10,150,63,0.0
446,1,10,150,63,0.0
447,1,10,150,63,0.0
448,1,10,150,63,0.0
449,1,10,150,63,0.04971883051739238
450,1,10,150,63,0.17556211942720856
451,1,10,150,63,0.05497526658285817
452,1,10,150,63,0.05780700008370542
453,1,10,150,63,0.1515771522786143
454,1,10,150,63,0.07148132875811378
455,1,10,150,63,0.0
456,1,10,150,63,0.0
457,1,10,150,63,0.14751814893861787
458,1,10,150,63,0.0
459,1,10,150,63,0.0
460,1,10,150,63,0.0
462,1,10,150,63,0.0
1,1,10,150,64,0.5993962347663734
2,1,10,150,64,0.1011519894320134
3,1,10,150,64,0.020132733082951743
4,1,10,150,64,0.11528901748471758
5,1,10,150,64,0.04834459782191642
6,1,10,150,64,0.21275664460736565
7,1,10,150,64,0.37176312358698155
8,1,10,150,64,0.19541031409018228
9,1,10,150,64,0.03789879717220718
10,1,10,150,64,0.3221339545534139
11,1,10,150,64,0.1821606998425477
12,1,10,150,64,0.10060406918415377
13,1,10,150,64,0.48950160209031585
14,1,10,150,64,0.32622009962228
15,1,10,150,64,0.050262678017164185
16,1,10,150,64,0.2409263354007508
17,1,10,150,64,0.10122860821230018
18,1,10,150,64,0.23005137508738457
19,1,10,150,64,0.13886244387355454
20,1,10,150,64,0.05692185311373096
21,1,10,150,64,0.04442447551676677
22,1,10,150,64,0.11642647051884243
23,1,10,150,64,0.0
24,1,10,150,64,0.17019051452963918
25,1,10,150,64,0.17085280125179103
26,1,10,150,64,0.0
27,1,10,150,64,0.0
28,1,10,150,64,0.24829192510351253
29,1,10,150,64,0.0
30,1,10,150,64,0.0
31,1,10,150,64,0.038437318942299493
32,1,10,150,64,0.11469999139467348
33,1,10,150,64,0.0
34,1,10,150,64,0.0
35,1,10,150,64,0.0
36,1,10,150,64,0.0
37,1,10,150,64,0.15133867332691472
38,1,10,150,64,0.18144691474390728
39,1,10,150,64,0.0993029104208021
40,1,10,150,64,0.3197267407502473
41,1,10,150,64,0.0
42,1,10,150,64,0.2398544395294499
43,1,10,150,64,0.3130456382299743
44,1,10,150,64,0.07779661744636679
45,1,10,150,64,0.04094516368001556
46,1,10,150,64,0.02795730764456241
47,1,10,150,64,0.0
48,1,10,150,64,0.22961445578066944
49,1,10,150,64,0.10811241388403287
50,1,10,150,64,0.0
51,1,10,150,64,0.0
52,1,10,150,64,0.02753109834834184
53,1,10,150,64,0.1369821642818139
54,1,10,150,64,0.12836415432918194
55,1,10,150,64,0.0
56,1,10,150,64,0.21264054529393325
57,1,10,150,64,0.1825067720422371
58,1,10,150,64,0.15605284088732552
59,1,10,150,64,0.3643812019362191
60,1,10,150,64,0.26873030419763244
61,1,10,150,64,0.0
62,1,10,150,64,0.21932472946839432
63,1,10,150,64,0.033669757978328795
64,1,10,150,64,0.15228902838331984
65,1,10,150,64,0.2306157261998143
66,1,10,150,64,0.0
67,1,10,150,64,0.03314040476303028
68,1,10,150,64,0.0
69,1,10,150,64,0.25224764194294225
70,1,10,150,64,0.0250102380952241
71,1,10,150,64,0.0
72,1,10,150,64,0.23884724223409404
73,1,10,150,64,0.17316413854286977
74,1,10,150,64,0.03272011597426011
75,1,10,150,64,0.10310690100385646
76,1,10,150,64,0.10235900919628077
77,1,10,150,64,0.45927229869726693
78,1,10,150,64,0.05658242244874664
79,1,10,150,64,0.4102269223050506
80,1,10,150,64,0.11856641546096264
81,1,10,150,64,0.034380101046999886
82,1,10,150,64,0.20245108769152273
83,1,10,150,64,0.11444548245857458
84,1,10,150,64,0.05683844068224461
85,1,10,150,64,0.0490687332264705
86,1,10,150,64,0.0
87,1,10,150,64,0.1620002830880784
88,1,10,150,64,0.0
89,1,10,150,64,0.17107843556110094
90,1,10,150,64,0.24439151130114362
91,1,10,150,64,0.12748091278361548
92,1,10,150,64,0.35837591837847976
93,1,10,150,64,0.0
94,1,10,150,64,0.4768299532763301
95,1,10,150,64,0.2865962179362818
96,1,10,150,64,0.3781493395140278
97,1,10,150,64,0.16145556611981818
98,1,10,150,64,0.19533769320769842
99,1,10,150,64,0.18406177638874752
100,1,10,150,64,0.022805505402617214
101,1,10,150,64,0.04161098736885563
102,1,10,150,64,0.023610010808177193
103,1,10,150,64,0.15394621921377785
104,1,10,150,64,0.015190330175114026
105,1,10,150,64,0.05200670101006268
106,1,10,150,64,0.31023153259588415
107,1,10,150,64,0.0
108,1,10,150,64,0.06036985955798015
109,1,10,150,64,0.2870088282553111
110,1,10,150,64,0.01329176515643974
111,1,10,150,64,0.038281751104512325
112,1,10,150,64,0.0
113,1,10,150,64,0.02769198719673247
114,1,10,150,64,0.0973553014914488
115,1,10,150,64,0.341866508559041
116,1,10,150,64,0.0380545682064199
117,1,10,150,64,0.25596974895629354
118,1,10,150,64,0.10713028046710026
119,1,10,150,64,0.13972217369667236
120,1,10,150,64,0.12171775198765021
121,1,10,150,64,0.18136606922889512
122,1,10,150,64,0.10664211019584975
123,1,10,150,64,0.045465875186671466
124,1,10,150,64,0.18978688349077963
125,1,10,150,64,0.26134182691871216
126,1,10,150,64,0.0
127,1,10,150,64,0.071512236588497
128,1,10,150,64,0.22345989197566285
129,1,10,150,64,0.03443731487202246
130,1,10,150,64,0.3249862378480196
131,1,10,150,64,0.25372733625822586
132,1,10,150,64,0.06666588353700116
133,1,10,150,64,0.0
134,1,10,150,64,0.0
135,1,10,150,64,0.04046615435059731
136,1,10,150,64,0.2748136430911722
137,1,10,150,64,0.25288365362293425
138,1,10,150,64,0.06921281869643399
139,1,10,150,64,0.06016179456846956
140,1,10,150,64,0.039232819060514755
141,1,10,150,64,0.11662339638528424
142,1,10,150,64,0.04395738023645723
143,1,10,150,64,0.0
144,1,10,150,64,0.14696552428477702
145,1,10,150,64,0.2934754367992893
146,1,10,150,64,0.0
147,1,10,150,64,0.038800293177871176
148,1,10,150,64,0.2755196640610253
149,1,10,150,64,0.0
150,1,10,150,64,0.0
151,1,10,150,64,0.28832207325791903
152,1,10,150,64,0.13816224074225847
153,1,10,150,64,0.21315403751398063
154,1,10,150,64,0.12092068107181612
155,1,10,150,64,0.0
156,1,10,150,64,0.056765037818527084
157,1,10,150,64,0.07267844514201649
158,1,10,150,64,0.28825372272589694
159,1,10,150,64,0.06521625450990476
160,1,10,150,64,0.17465425782884814
161,1,10,150,64,0.09235716777162616
162,1,10,150,64,0.0475858026939827
163,1,10,150,64,0.08930748165857323
164,1,10,150,64,0.10419060831992506
165,1,10,150,64,0.16621229711010693
166,1,10,150,64,0.0
167,1,10,150,64,0.1606298866119576
168,1,10,150,64,0.044682472154713174
169,1,10,150,64,0.14269884249349324
170,1,10,150,64,0.0
171,1,10,150,64,0.0
172,1,10,150,64,0.0
173,1,10,150,64,0.02795730764456241
174,1,10,150,64,0.12374696903897144
175,1,10,150,64,0.10467701423324277
176,1,10,150,64,0.09885099943510027
177,1,10,150,64,0.15327686685438707
178,1,10,150,64,0.2882105258958324
179,1,10,150,64,0.024952538365330408
180,1,10,150,64,0.16785636010946767
181,1,10,150,64,0.10184332240451316
182,1,10,150,64,0.04195229264874745
183,1,10,150,64,0.02831169742649504
184,1,10,150,64,0.15561900265818399
185,1,10,150,64,0.0
186,1,10,150,64,0.059346711161619776
187,1,10,150,64,0.14854033459794289
188,1,10,150,64,0.14452344993478855
189,1,10,150,64,0.30067033291930423
190,1,10,150,64,0.05339229345473345
191,1,10,150,64,0.0
192,1,10,150,64,0.10363179610670267
193,1,10,150,64,0.015341597742551824
194,1,10,150,64,0.08372503762216635
195,1,10,150,64,0.12225370560623582
196,1,10,150,64,0.07706308624591164
197,1,10,150,64,0.14133276636222727
198,1,10,150,64,0.03702432451933194
199,1,10,150,64,0.049748115641606416
200,1,10,150,64,0.24053111837146135
201,1,10,150,64,0.07022776937309495
202,1,10,150,64,0.0
203,1,10,150,64,0.05370431689540528
204,1,10,150,64,0.027001973670935885
205,1,10,150,64,0.36484800394146205
206,1,10,150,64,0.03974771280526578
207,1,10,150,64,0.16585207615566222
208,1,10,150,64,0.026258715116272383
209,1,10,150,64,0.03243822298569767
210,1,10,150,64,0.12006006589207233
211,1,10,150,64,0.0
212,1,10,150,64,0.047528395396896204
213,1,10,150,64,0.2846011939118271
214,1,10,150,64,0.17355143231887202
215,1,10,150,64,0.255708749192597
216,1,10,150,64,0.1777038841773205
217,1,10,150,64,0.08016750925175155
218,1,10,150,64,0.0383846381653829
219,1,10,150,64,0.0
220,1,10,150,64,0.034616222155696735
221,1,10,150,64,0.0573025779546589
222,1,10,150,64,0.201166616324998
223,1,10,150,64,0.10677939756546245
224,1,10,150,64,0.05281242816904068
225,1,10,150,64,0.1677481946997085
226,1,10,150,64,0.23814675809782818
227,1,10,150,64,0.08428605557054564
228,1,10,150,64,0.0
229,1,10,150,64,0.0
230,1,10,150,64,0.21986212855124454
231,1,10,150,64,0.0
232,1,10,150,64,0.0914735250933564
233,1,10,150,64,0.14835547983755953
234,1,10,150,64,0.21652579747154851
235,1,10,150,64,0.23280252396956425
236,1,10,150,64,0.13123532326882845
237,1,10,150,64,0.24352191769087017
238,1,10,150,64,0.0
239,1,10,150,64,0.15336215022267444
240,1,10,150,64,0.0
241,1,10,150,64,0.047978870624887156
242,1,10,150,64,0.0
243,1,10,150,64,0.12898989924507495
244,1,10,150,64,0.21087812549423796
245,1,10,150,64,0.14708113704642112
246,1,10,150,64,0.08611830931629211
247,1,10,150,64,0.08883649703748449
248,1,10,150,64,0.1352712391738193
249,1,10,150,64,0.33173325210446825
250,1,10,150,64,0.12416587904357097
251,1,10,150,64,0.1369922724163038
252,1,10,150,64,0.15744006533381547
253,1,10,150,64,0.2443190287228016
254,1,10,150,64,0.0813651474311534
255,1,10,150,64,0.06847316147390722
256,1,10,150,64,0.20153261998049
257,1,10,150,64,0.18334876608371883
258,1,10,150,64,0.0
259,1,10,150,64,0.062479569258293385
260,1,10,150,64,0.0
261,1,10,150,64,0.0
262,1,10,150,64,0.0
263,1,10,150,64,0.22270291204629727
264,1,10,150,64,0.07557807813033135
265,1,10,150,64,0.31140524445517653
266,1,10,150,64,0.05919139647768146
267,1,10,150,64,0.13443737981842416
268,1,10,150,64,0.12790859909800725
269,1,10,150,64,0.3781622629151854
270,1,10,150,64,0.11066653562148603
271,1,10,150,64,0.23567252073022385
272,1,10,150,64,0.23321348468935416
273,1,10,150,64,0.03860961209670539
274,1,10,150,64,0.1854331816443728
275,1,10,150,64,0.015522912158152052
276,1,10,150,64,0.43015108401611574
277,1,10,150,64,0.09982873474912346
278,1,10,150,64,0.07867548793068165
279,1,10,150,64,0.19937386917992583
280,1,10,150,64,0.23014537551331896
281,1,10,150,64,0.049432410190049694
282,1,10,150,64,0.0
283,1,10,150,64,0.18675758970511055
284,1,10,150,64,0.07891945711936355
285,1,10,150,64,0.06473560181867054
286,1,10,150,64,0.28089276453342416
287,1,10,150,64,0.260923101473539
288,1,10,150,64,0.2239083677057859
289,1,10,150,64,0.0
290,1,10,150,64,0.10692818424759395
291,1,10,150,64,0.15488854639897617
292,1,10,150,64,0.15183753983699566
293,1,10,150,64,0.21537966946810594
294,1,10,150,64,0.010904162939215666
295,1,10,150,64,0.22440122133194781
296,1,10,150,64,0.23607161808573962
297,1,10,150,64,0.1300109996244974
298,1,10,150,64,0.23980329198606234
299,1,10,150,64,0.14135036577484425
300,1,10,150,64,0.04336490181597879
301,1,10,150,64,0.35669561827326834
302,1,10,150,64,0.13927874459665815
303,1,10,150,64,0.3372801322485768
304,1,10,150,64,0.0
305,1,10,150,64,0.1892214462506937
306,1,10,150,64,0.08156911164475483
307,1,10,150,64,0.22610915121692726
308,1,10,150,64,0.438912170556997
309,1,10,150,64,0.0
310,1,10,150,64,0.06900643972011666
311,1,10,150,64,0.30018466694185836
312,1,10,150,64,0.18590786859843525
313,1,10,150,64,0.3320851584046596
314,1,10,150,64,0.19896579112981835
315,1,10,150,64,0.286099807090925
316,1,10,150,64,0.13442824029706346
317,1,10,150,64,0.0
318,1,10,150,64,0.08614196781607124
319,1,10,150,64,0.06591877139737895
320,1,10,150,64,0.21503375683423256
321,1,10,150,64,0.15427224748816595
322,1,10,150,64,0.25443358806602195
323,1,10,150,64,0.20144166357013524
324,1,10,150,64,0.0734773909038217
325,1,10,150,64,0.09213729124950187
326,1,10,150,64,0.25419963905933807
327,1,10,150,64,0.01600625624654749
328,1,10,150,64,0.1822553775936069
329,1,10,150,64,0.04249704384086923
330,1,10,150,64,0.2231150723871018
331,1,10,150,64,0.07292595308580271
332,1,10,150,64,0.12585620172424195
333,1,10,150,64,0.1014371752449239
334,1,10,150,64,0.11203218163188039
335,1,10,150,64,0.08149421541954936
336,1,10,150,64,0.1252879373315154
337,1,10,150,64,0.10521567817367497
338,1,10,150,64,0.15896841246993118
339,1,10,150,64,0.31257979714468154
340,1,10,150,64,0.2868621552039377
341,1,10,150,64,0.0
342,1,10,150,64,0.09179112773270624
343,1,10,150,64,0.3183845725843548
344,1,10,150,64,0.26233784599689675
345,1,10,150,64,0.10504775776454298
346,1,10,150,64,0.10819332410049512
347,1,10,150,64,0.2730437545547696
348,1,10,150,64,0.18923084143550442
349,1,10,150,64,0.25859803951431987
350,1,10,150,64,0.029002136768626934
351,1,10,150,64,0.0
352,1,10,150,64,0.11369404114489928
353,1,10,150,64,0.0
354,1,10,150,64,0.16572053793354766
355,1,10,150,64,0.0
356,1,10,150,64,0.0
357,1,10,150,64,0.048851099168414396
358,1,10,150,64,0.06323567569191428
359,1,10,150,64,0.20040659896939605
360,1,10,150,64,0.1692259700041561
361,1,10,150,64,0.15572261253779404
362,1,10,150,64,0.15042501043191572
363,1,10,150,64,0.12146443993637462
364,1,10,150,64,0.0
365,1,10,150,64,0.14456587527532935
366,1,10,150,64,0.13610100259425117
367,1,10,150,64,0.07171361090547583
368,1,10,150,64,0.042512356679180144
369,1,10,150,64,0.0
370,1,10,150,64,0.19811064503366002
371,1,10,150,64,0.1319132354603233
372,1,10,150,64,0.11729787480760416
373,1,10,150,64,0.13989011478726895
374,1,10,150,64,0.13218125873824782
375,1,10,150,64,0.04282650856324445
376,1,10,150,64,0.0
377,1,10,150,64,0.0913219819219427
378,1,10,150,64,0.18730834140501756
379,1,10,150,64,0.12986143556686097
380,1,10,150,64,0.014129317957168487
381,1,10,150,64,0.09366987522358634
382,1,10,150,64,0.0
383,1,10,150,64,0.0928464636084322
384,1,10,150,64,0.0561173220664886
385,1,10,150,64,0.13586993481082907
386,1,10,150,64,0.14606834984270645
387,1,10,150,64,0.16174593105424478
388,1,10,150,64,0.08659331667411305
389,1,10,150,64,0.10693605378470314
390,1,10,150,64,0.05307577057513386
391,1,10,150,64,0.08907375584162422
392,1,10,150,64,0.18499940411030946
393,1,10,150,64,0.3185016794336122
394,1,10,150,64,0.10657019454040408
395,1,10,150,64,0.08245965301555258
396,1,10,150,64,0.0
397,1,10,150,64,0.10540164605552274
398,1,10,150,64,0.1406230079272144
399,1,10,150,64,0.023061270728676975
400,1,10,150,64,0.0
401,1,10,150,64,0.016941778998402247
402,1,10,150,64,0.11288598947105788
403,1,10,150,64,0.09224219235917257
404,1,10,150,64,0.05446824630887794
405,1,10,150,64,0.2330626753533021
406,1,10,150,64,0.15649253031767116
407,1,10,150,64,0.031104745345423533
408,1,10,150,64,0.0
409,1,10,150,64,0.11976431141977988
410,1,10,150,64,0.0
411,1,10,150,64,0.0
412,1,10,150,64,0.15001451003751623
413,1,10,150,64,0.04935421935348238
414,1,10,150,64,0.1309019901681972
415,1,10,150,64,0.0
416,1,10,150,64,0.24615279452001995
417,1,10,150,64,0.12309745810327996
418,1,10,150,64,0.14436292983286242
419,1,10,150,64,0.0
420,1,10,150,64,0.19519002499605084
421,1,10,150,64,0.0
422,1,10,150,64,0.030480958763669998
423,1,10,150,64,0.0
424,1,10,150,64,0.0
425,1,10,150,64,0.0
426,1,10,150,64,0.11229023146606223
427,1,10,150,64,0.0
428,1,10,150,64,0.04822019817866397
429,1,10,150,64,0.14062551472815982
430,1,10,150,64,0.0
431,1,10,150,64,0.0
432,1,10,150,64,0.0
433,1,10,150,64,0.20451415323992994
434,1,10,150,64,0.0
435,1,10,150,64,0.08127781909048552
436,1,10,150,64,0.09499424853799125
437,1,10,150,64,0.14945564650669343
438,1,10,150,64,0.0
439,1,10,150,64,0.18154179253735267
440,1,10,150,64,0.0
442,1,10,150,64,0.0733934381893728
444,1,10,150,64,0.0
445,1,10,150,64,0.0
446,1,10,150,64,0.0
447,1,10,150,64,0.0
448,1,10,150,64,0.0
449,1,10,150,64,0.04971883051739238
450,1,10,150,64,0.17556211942720856
451,1,10,150,64,0.05497526658285817
452,1,10,150,64,0.05780700008370542
453,1,10,150,64,0.1515771522786143
454,1,10,150,64,0.1059131727358383
455,1,10,150,64,0.0
456,1,10,150,64,0.0
457,1,10,150,64,0.14751814893861787
458,1,10,150,64,0.0
459,1,10,150,64,0.0
460,1,10,150,64,0.0
462,1,10,150,64,0.0
1,1,10,150,65,0.5929777983721494
2,1,10,150,65,0.1011519894320134
3,1,10,150,65,0.020132733082951743
4,1,10,150,65,0.11528901748471758
5,1,10,150,65,0.04782691568091122
6,1,10,150,65,0.2104784104249418
7,1,10,150,65,0.3784903904563415
8,1,10,150,65,0.19541031409018228
9,1,10,150,65,0.03789879717220718
10,1,10,150,65,0.3186844896122022
11,1,10,150,65,0.18021009221832324
12,1,10,150,65,0.10060406918415377
13,1,10,150,65,0.4842599360342853
14,1,10,150,65,0.32622009962228
15,1,10,150,65,0.050262678017164185
16,1,10,150,65,0.2383464553985584
17,1,10,150,65,0.10122860821230018
18,1,10,150,65,0.23829611535964876
19,1,10,150,65,0.13886244387355454
20,1,10,150,65,0.05692185311373096
21,1,10,150,65,0.043948770709307874
22,1,10,150,65,0.12801304733456464
23,1,10,150,65,0.0
24,1,10,150,65,0.17019051452963918
25,1,10,150,65,0.17085280125179103
26,1,10,150,65,0.0
27,1,10,150,65,0.0
28,1,10,150,65,0.24829192510351253
29,1,10,150,65,0.0
30,1,10,150,65,0.0
31,1,10,150,65,0.038437318942299493
32,1,10,150,65,0.11469999139467348
33,1,10,150,65,0.0
34,1,10,150,65,0.0
35,1,10,150,65,0.0
36,1,10,150,65,0.0
37,1,10,150,65,0.15133867332691472
38,1,10,150,65,0.18144691474390728
39,1,10,150,65,0.0993029104208021
40,1,10,150,65,0.3197267407502473
41,1,10,150,65,0.0
42,1,10,150,65,0.24799420692744437
43,1,10,150,65,0.3096934925191299
44,1,10,150,65,0.07696355809129775
45,1,10,150,65,0.04094516368001556
46,1,10,150,65,0.02795730764456241
47,1,10,150,65,0.0
48,1,10,150,65,0.22961445578066944
49,1,10,150,65,0.10695472784649686
50,1,10,150,65,0.0
51,1,10,150,65,0.0
52,1,10,150,65,0.02753109834834184
53,1,10,150,65,0.1369821642818139
54,1,10,150,65,0.12836415432918194
55,1,10,150,65,0.0
56,1,10,150,65,0.21036355432261997
57,1,10,150,65,0.1825067720422371
58,1,10,150,65,0.15438180063835957
59,1,10,150,65,0.3604793463151372
60,1,10,150,65,0.26585269458874783
61,1,10,150,65,0.0
62,1,10,150,65,0.21697616312092308
63,1,10,150,65,0.033669757978328795
64,1,10,150,65,0.15065829167607728
65,1,10,150,65,0.2306157261998143
66,1,10,150,65,0.0
67,1,10,150,65,0.03314040476303028
68,1,10,150,65,0.0
69,1,10,150,65,0.25224764194294225
70,1,10,150,65,0.0250102380952241
71,1,10,150,65,0.0
72,1,10,150,65,0.23884724223409404
73,1,10,150,65,0.17316413854286977
74,1,10,150,65,0.03272011597426011
75,1,10,150,65,0.10310690100385646
76,1,10,150,65,0.10235900919628077
77,1,10,150,65,0.45927229869726693
78,1,10,150,65,0.05658242244874664
79,1,10,150,65,0.4102269223050506
80,1,10,150,65,0.11856641546096264
81,1,10,150,65,0.034380101046999886
82,1,10,150,65,0.20028320715787878
83,1,10,150,65,0.11321998085018868
84,1,10,150,65,0.05683844068224461
85,1,10,150,65,0.048543296920915455
86,1,10,150,65,0.0
87,1,10,150,65,0.16026555662078187
88,1,10,150,65,0.0
89,1,10,150,65,0.17107843556110094
90,1,10,150,65,0.2524826949662189
91,1,10,150,65,0.12748091278361548
92,1,10,150,65,0.3545383683507749
93,1,10,150,65,0.0
94,1,10,150,65,0.4717239773818405
95,1,10,150,65,0.28352729709735436
96,1,10,150,65,0.3781493395140278
97,1,10,150,65,0.16145556611981818
98,1,10,150,65,0.19533769320769842
99,1,10,150,65,0.18209081171490446
100,1,10,150,65,0.022805505402617214
101,1,10,150,65,0.04161098736885563
102,1,10,150,65,0.023357190813906973
103,1,10,150,65,0.15394621921377785
104,1,10,150,65,0.015190330175114026
105,1,10,150,65,0.05200670101006268
106,1,10,150,65,0.31023153259588415
107,1,10,150,65,0.0
108,1,10,150,65,0.06036985955798015
109,1,10,150,65,0.2839354891152087
110,1,10,150,65,0.01329176515643974
111,1,10,150,65,0.038281751104512325
112,1,10,150,65,0.0
113,1,10,150,65,0.02769198719673247
114,1,10,150,65,0.0973553014914488
115,1,10,150,65,0.341866508559041
116,1,10,150,65,0.0380545682064199
117,1,10,150,65,0.25596974895629354
118,1,10,150,65,0.10713028046710026
119,1,10,150,65,0.14893417435537076
120,1,10,150,65,0.12171775198765021
121,1,10,150,65,0.18136606922889512
122,1,10,150,65,0.10664211019584975
123,1,10,150,65,0.045465875186671466
124,1,10,150,65,0.18978688349077963
125,1,10,150,65,0.25854333437582544
126,1,10,150,65,0.0
127,1,10,150,65,0.071512236588497
128,1,10,150,65,0.23177521496540554
129,1,10,150,65,0.03443731487202246
130,1,10,150,65,0.3322143995318964
131,1,10,150,65,0.25372733625822586
132,1,10,150,65,0.06666588353700116
133,1,10,150,65,0.0
134,1,10,150,65,0.0
135,1,10,150,65,0.04046615435059731
136,1,10,150,65,0.2748136430911722
137,1,10,150,65,0.2743594324138151
138,1,10,150,65,0.06921281869643399
139,1,10,150,65,0.06016179456846956
140,1,10,150,65,0.039232819060514755
141,1,10,150,65,0.11662339638528424
142,1,10,150,65,0.04395738023645723
143,1,10,150,65,0.0
144,1,10,150,65,0.14539179256099785
145,1,10,150,65,0.30104102147739153
146,1,10,150,65,0.0
147,1,10,150,65,0.038800293177871176
148,1,10,150,65,0.2755196640610253
149,1,10,150,65,0.0
150,1,10,150,65,0.0
151,1,10,150,65,0.28523467166792066
152,1,10,150,65,0.13816224074225847
153,1,10,150,65,0.21315403751398063
154,1,10,150,65,0.12092068107181612
155,1,10,150,65,0.0
156,1,10,150,65,0.056765037818527084
157,1,10,150,65,0.07267844514201649
158,1,10,150,65,0.29587522240263436
159,1,10,150,65,0.06521625450990476
160,1,10,150,65,0.17465425782884814
161,1,10,150,65,0.09235716777162616
162,1,10,150,65,0.0475858026939827
163,1,10,150,65,0.08930748165857323
164,1,10,150,65,0.10419060831992506
165,1,10,150,65,0.16621229711010693
166,1,10,150,65,0.0
167,1,10,150,65,0.1606298866119576
168,1,10,150,65,0.044682472154713174
169,1,10,150,65,0.14269884249349324
170,1,10,150,65,0.0
171,1,10,150,65,0.0
172,1,10,150,65,0.0
173,1,10,150,65,0.02795730764456241
174,1,10,150,65,0.12242186553700461
175,1,10,150,65,0.10467701423324277
176,1,10,150,65,0.12162507554983247
177,1,10,150,65,0.15327686685438707
178,1,10,150,65,0.28512431877387867
179,1,10,150,65,0.024952538365330408
180,1,10,150,65,0.16785636010946767
181,1,10,150,65,0.10075276686025854
182,1,10,150,65,0.04195229264874745
183,1,10,150,65,0.02831169742649504
184,1,10,150,65,0.1539526080224495
185,1,10,150,65,0.0208917977510647
186,1,10,150,65,0.059346711161619776
187,1,10,150,65,0.14854033459794289
188,1,10,150,65,0.14452344993478855
189,1,10,150,65,0.30815887343124254
190,1,10,150,65,0.05339229345473345
191,1,10,150,65,0.0
192,1,10,150,65,0.10363179610670267
193,1,10,150,65,0.015341597742551824
194,1,10,150,65,0.08282849573983146
195,1,10,150,65,0.12225370560623582
196,1,10,150,65,0.07706308624591164
197,1,10,150,65,0.1398193511642335
198,1,10,150,65,0.03662786178202586
199,1,10,150,65,0.049748115641606416
200,1,10,150,65,0.2486636397778148
201,1,10,150,65,0.06947575852503694
202,1,10,150,65,0.0
203,1,10,150,65,0.05370431689540528
204,1,10,150,65,0.027001973670935885
205,1,10,150,65,0.36484800394146205
206,1,10,150,65,0.03974771280526578
207,1,10,150,65,0.1640761040358673
208,1,10,150,65,0.026258715116272383
209,1,10,150,65,0.03243822298569767
210,1,10,150,65,0.12006006589207233
211,1,10,150,65,0.0
212,1,10,150,65,0.047528395396896204
213,1,10,150,65,0.2846011939118271
214,1,10,150,65,0.17169301418933652
215,1,10,150,65,0.255708749192597
216,1,10,150,65,0.1777038841773205
217,1,10,150,65,0.08016750925175155
218,1,10,150,65,0.0383846381653829
219,1,10,150,65,0.0
220,1,10,150,65,0.034616222155696735
221,1,10,150,65,0.0573025779546589
222,1,10,150,65,0.19901249012828184
223,1,10,150,65,0.10677939756546245
224,1,10,150,65,0.052246903744017165
225,1,10,150,65,0.1677481946997085
226,1,10,150,65,0.23814675809782818
227,1,10,150,65,0.08428605557054564
228,1,10,150,65,0.0
229,1,10,150,65,0.0
230,1,10,150,65,0.23144870536696677
231,1,10,150,65,0.0
232,1,10,150,65,0.0914735250933564
233,1,10,150,65,0.14835547983755953
234,1,10,150,65,0.2142072025619201
235,1,10,150,65,0.23280252396956425
236,1,10,150,65,0.13123532326882845
237,1,10,150,65,0.24352191769087017
238,1,10,150,65,0.0
239,1,10,150,65,0.15171992234503465
240,1,10,150,65,0.0
241,1,10,150,65,0.047978870624887156
242,1,10,150,65,0.0
243,1,10,150,65,0.12898989924507495
244,1,10,150,65,0.2086200068126191
245,1,10,150,65,0.14708113704642112
246,1,10,150,65,0.08519613987533763
247,1,10,150,65,0.08883649703748449
248,1,10,150,65,0.1352712391738193
249,1,10,150,65,0.3281809962593652
250,1,10,150,65,0.12416587904357097
251,1,10,150,65,0.1369922724163038
252,1,10,150,65,0.15744006533381547
253,1,10,150,65,0.2443190287228016
254,1,10,150,65,0.08049387565264937
255,1,10,150,65,0.06847316147390722
256,1,10,150,65,0.19937457455464533
257,1,10,150,65,0.18334876608371883
258,1,10,150,65,0.0
259,1,10,150,65,0.062479569258293385
260,1,10,150,65,0.0
261,1,10,150,65,0.0
262,1,10,150,65,0.0
263,1,10,150,65,0.23364586802829987
264,1,10,150,65,0.07557807813033135
265,1,10,150,65,0.31140524445517653
266,1,10,150,65,0.05919139647768146
267,1,10,150,65,0.13299780158732796
268,1,10,150,65,0.12653893215656434
269,1,10,150,65,0.37411283735921247
270,1,10,150,65,0.10948149961582529
271,1,10,150,65,0.2331488994652972
272,1,10,150,65,0.23321348468935416
273,1,10,150,65,0.03860961209670539
274,1,10,150,65,0.1854331816443728
275,1,10,150,65,0.015522912158152052
276,1,10,150,65,0.4255449533590887
277,1,10,150,65,0.09982873474912346
278,1,10,150,65,0.07867548793068165
279,1,10,150,65,0.1972389400232546
280,1,10,150,65,0.22768093985543933
281,1,10,150,65,0.049432410190049694
282,1,10,150,65,0.0
283,1,10,150,65,0.18675758970511055
284,1,10,150,65,0.07891945711936355
285,1,10,150,65,0.06473560181867054
286,1,10,150,65,0.2778849172394581
287,1,10,150,65,0.260923101473539
288,1,10,150,65,0.2239083677057859
289,1,10,150,65,0.0
290,1,10,150,65,0.1057831791415633
291,1,10,150,65,0.15322997361257365
292,1,10,150,65,0.15021163774557017
293,1,10,150,65,0.21307334749124393
294,1,10,150,65,0.01078739931575899
295,1,10,150,65,0.22199829504985885
296,1,10,150,65,0.23354372321873992
297,1,10,150,65,0.12861881982215917
298,1,10,150,65,0.23980329198606234
299,1,10,150,65,0.13983676211935958
300,1,10,150,65,0.04336490181597879
301,1,10,150,65,0.35287606118366177
302,1,10,150,65,0.13927874459665815
303,1,10,150,65,0.333668479471484
304,1,10,150,65,0.0
305,1,10,150,65,0.18719523095813928
306,1,10,150,65,0.08156911164475483
307,1,10,150,65,0.22610915121692726
308,1,10,150,65,0.4342122247015331
309,1,10,150,65,0.0
310,1,10,150,65,0.06900643972011666
311,1,10,150,65,0.2969702386896712
312,1,10,150,65,0.183917135656561
313,1,10,150,65,0.3285291342872961
314,1,10,150,65,0.1968352317420188
315,1,10,150,65,0.286099807090925
316,1,10,150,65,0.13442824029706346
317,1,10,150,65,0.0
318,1,10,150,65,0.09592771439355759
319,1,10,150,65,0.06591877139737895
320,1,10,150,65,0.21273113894843704
321,1,10,150,65,0.15427224748816595
322,1,10,150,65,0.25443358806602195
323,1,10,150,65,0.20144166357013524
324,1,10,150,65,0.0734773909038217
325,1,10,150,65,0.09115066953064586
326,1,10,150,65,0.2514776262736338
327,1,10,150,65,0.015834858543877305
328,1,10,150,65,0.18030375614398972
329,1,10,150,65,0.04249704384086923
330,1,10,150,65,0.2231150723871018
331,1,10,150,65,0.07292595308580271
332,1,10,150,65,0.12450851220146654
333,1,10,150,65,0.1014371752449239
334,1,10,150,65,0.11083252205745772
335,1,10,150,65,0.08149421541954936
336,1,10,150,65,0.1252879373315154
337,1,10,150,65,0.10521567817367497
338,1,10,150,65,0.15896841246993118
339,1,10,150,65,0.31994080909673556
340,1,10,150,65,0.2868621552039377
341,1,10,150,65,0.0
342,1,10,150,65,0.09080821279141352
343,1,10,150,65,0.31497525666025433
344,1,10,150,65,0.2595286879130374
345,1,10,150,65,0.10392288858375746
346,1,10,150,65,0.10819332410049512
347,1,10,150,65,0.2701199557889449
348,1,10,150,65,0.18923084143550442
349,1,10,150,65,0.25859803951431987
350,1,10,150,65,0.029002136768626934
351,1,10,150,65,0.0
352,1,10,150,65,0.11369404114489928
353,1,10,150,65,0.0
354,1,10,150,65,0.16394597434731217
355,1,10,150,65,0.0
356,1,10,150,65,0.0
357,1,10,150,65,0.048851099168414396
358,1,10,150,65,0.06323567569191428
359,1,10,150,65,0.20040659896939605
360,1,10,150,65,0.1692259700041561
361,1,10,150,65,0.15572261253779404
362,1,10,150,65,0.15042501043191572
363,1,10,150,65,0.1201637781426022
364,1,10,150,65,0.0
365,1,10,150,65,0.14456587527532935
366,1,10,150,65,0.13610100259425117
367,1,10,150,65,0.09318938969635672
368,1,10,150,65,0.042512356679180144
369,1,10,150,65,0.0
370,1,10,150,65,0.19811064503366002
371,1,10,150,65,0.1319132354603233
372,1,10,150,65,0.11729787480760416
373,1,10,150,65,0.13839214774666392
374,1,10,150,65,0.13076583943376957
375,1,10,150,65,0.04282650856324445
376,1,10,150,65,0.0
377,1,10,150,65,0.0913219819219427
378,1,10,150,65,0.18530261196314962
379,1,10,150,65,0.12986143556686097
380,1,10,150,65,0.014129317957168487
381,1,10,150,65,0.09366987522358634
382,1,10,150,65,0.0
383,1,10,150,65,0.11713125931833299
384,1,10,150,65,0.0561173220664886
385,1,10,150,65,0.13441501653826005
386,1,10,150,65,0.14606834984270645
387,1,10,150,65,0.16001392823160301
388,1,10,150,65,0.08659331667411305
389,1,10,150,65,0.10579096441033635
390,1,10,150,65,0.05307577057513386
391,1,10,150,65,0.08907375584162422
392,1,10,150,65,0.18499940411030946
393,1,10,150,65,0.3150911095095369
394,1,10,150,65,0.10657019454040408
395,1,10,150,65,0.08245965301555258
396,1,10,150,65,0.0
397,1,10,150,65,0.10540164605552274
398,1,10,150,65,0.1406230079272144
399,1,10,150,65,0.02281432673611138
400,1,10,150,65,0.0
401,1,10,150,65,0.016941778998402247
402,1,10,150,65,0.11288598947105788
403,1,10,150,65,0.09224219235917257
404,1,10,150,65,0.05446824630887794
405,1,10,150,65,0.23056700075466888
406,1,10,150,65,0.15481678179982028
407,1,10,150,65,0.031104745345423533
408,1,10,150,65,0.0
409,1,10,150,65,0.11976431141977988
410,1,10,150,65,0.0
411,1,10,150,65,0.0
412,1,10,150,65,0.15001451003751623
413,1,10,150,65,0.04935421935348238
414,1,10,150,65,0.1309019901681972
415,1,10,150,65,0.0
416,1,10,150,65,0.2542251180661007
417,1,10,150,65,0.12309745810327996
418,1,10,150,65,0.14436292983286242
419,1,10,150,65,0.0
420,1,10,150,65,0.19519002499605084
421,1,10,150,65,0.0
422,1,10,150,65,0.030480958763669998
423,1,10,150,65,0.0
424,1,10,150,65,0.0
425,1,10,150,65,0.0
426,1,10,150,65,0.11229023146606223
427,1,10,150,65,0.0
428,1,10,150,65,0.04822019817866397
429,1,10,150,65,0.14062551472815982
430,1,10,150,65,0.0
431,1,10,150,65,0.0
432,1,10,150,65,0.0
433,1,10,150,65,0.20451415323992994
434,1,10,150,65,0.0
435,1,10,150,65,0.08127781909048552
436,1,10,150,65,0.09499424853799125
437,1,10,150,65,0.14945564650669343
438,1,10,150,65,0.0
439,1,10,150,65,0.18154179253735267
440,1,10,150,65,0.0
442,1,10,150,65,0.0733934381893728
444,1,10,150,65,0.0
445,1,10,150,65,0.0
446,1,10,150,65,0.0
447,1,10,150,65,0.0
448,1,10,150,65,0.0
449,1,10,150,65,0.04971883051739238
450,1,10,150,65,0.17556211942720856
451,1,10,150,65,0.05497526658285817
452,1,10,150,65,0.05780700008370542
453,1,10,150,65,0.1515771522786143
454,1,10,150,65,0.1059131727358383
455,1,10,150,65,0.0
456,1,10,150,65,0.0
457,1,10,150,65,0.14751814893861787
458,1,10,150,65,0.0
459,1,10,150,65,0.0
460,1,10,150,65,0.0
462,1,10,150,65,0.0
1,1,10,150,66,0.5867175966488484
2,1,10,150,66,0.1011519894320134
3,1,10,150,66,0.020132733082951743
4,1,10,150,66,0.11528901748471758
5,1,10,150,66,0.0473219960350362
6,1,10,150,66,0.208256341890037
7,1,10,150,66,0.3744945811678787
8,1,10,150,66,0.19541031409018228
9,1,10,150,66,0.03789879717220718
10,1,10,150,66,0.3153200648453114
11,1,10,150,66,0.17830757321515245
12,1,10,150,66,0.10060406918415377
13,1,10,150,66,0.47914749355429737
14,1,10,150,66,0.32622009962228
15,1,10,150,66,0.050262678017164185
16,1,10,150,66,0.235830177563326
17,1,10,150,66,0.10122860821230018
18,1,10,150,66,0.24633759681875383
19,1,10,150,66,0.13886244387355454
20,1,10,150,66,0.05692185311373096
21,1,10,150,66,0.05404202136658362
22,1,10,150,66,0.12801304733456464
23,1,10,150,66,0.0
24,1,10,150,66,0.1894711133610512
25,1,10,150,66,0.17085280125179103
26,1,10,150,66,0.0
27,1,10,150,66,0.0
28,1,10,150,66,0.24829192510351253
29,1,10,150,66,0.0
30,1,10,150,66,0.0
31,1,10,150,66,0.038437318942299493
32,1,10,150,66,0.11469999139467348
33,1,10,150,66,0.0
34,1,10,150,66,0.0
35,1,10,150,66,0.0
36,1,10,150,66,0.0
37,1,10,150,66,0.15133867332691472
38,1,10,150,66,0.18144691474390728
39,1,10,150,66,0.0993029104208021
40,1,10,150,66,0.3197267407502473
41,1,10,150,66,0.0
42,1,10,150,66,0.24537607558114813
43,1,10,150,66,0.3064239877570872
44,1,10,150,66,0.07615103627291402
45,1,10,150,66,0.04094516368001556
46,1,10,150,66,0.02795730764456241
47,1,10,150,66,0.0
48,1,10,150,66,0.22961445578066944
49,1,10,150,66,0.10582558241572708
50,1,10,150,66,0.0
51,1,10,150,66,0.0
52,1,10,150,66,0.02753109834834184
53,1,10,150,66,0.1369821642818139
54,1,10,150,66,0.12836415432918194
55,1,10,150,66,0.0
56,1,10,150,66,0.20814269834975652
57,1,10,150,66,0.1825067720422371
58,1,10,150,66,0.1527519567941959
59,1,10,150,66,0.3566736837233648
60,1,10,150,66,0.26304602711927844
61,1,10,150,66,0.0
62,1,10,150,66,0.21468549633033882
63,1,10,150,66,0.033669757978328795
64,1,10,150,66,0.14906775776440415
65,1,10,150,66,0.2306157261998143
66,1,10,150,66,0.0
67,1,10,150,66,0.03314040476303028
68,1,10,150,66,0.0
69,1,10,150,66,0.25224764194294225
70,1,10,150,66,0.0250102380952241
71,1,10,150,66,0.0
72,1,10,150,66,0.23884724223409404
73,1,10,150,66,0.17316413854286977
74,1,10,150,66,0.03272011597426011
75,1,10,150,66,0.10310690100385646
76,1,10,150,66,0.10235900919628077
77,1,10,150,66,0.45927229869726693
78,1,10,150,66,0.05658242244874664
79,1,10,150,66,0.4102269223050506
80,1,10,150,66,0.1466914912588887
81,1,10,150,66,0.034380101046999886
82,1,10,150,66,0.19816877170677083
83,1,10,150,66,0.11202469171596441
84,1,10,150,66,0.05683844068224461
85,1,10,150,66,0.04803081427506721
86,1,10,150,66,0.0
87,1,10,150,66,0.1585735966241387
88,1,10,150,66,0.0
89,1,10,150,66,0.17107843556110094
90,1,10,150,66,0.26037440547210344
91,1,10,150,66,0.14062245244143534
92,1,10,150,66,0.35079542601698294
93,1,10,150,66,0.0
94,1,10,150,66,0.46674387987357785
95,1,10,150,66,0.28053403482216577
96,1,10,150,66,0.3781493395140278
97,1,10,150,66,0.16145556611981818
98,1,10,150,66,0.19533769320769842
99,1,10,150,66,0.18016843752749936
100,1,10,150,66,0.022805505402617214
101,1,10,150,66,0.04161098736885563
102,1,10,150,66,0.02311060362871033
103,1,10,150,66,0.15394621921377785
104,1,10,150,66,0.015190330175114026
105,1,10,150,66,0.05200670101006268
106,1,10,150,66,0.31023153259588415
107,1,10,150,66,0.0
108,1,10,150,66,0.06036985955798015
109,1,10,150,66,0.2809379174638839
110,1,10,150,66,0.01329176515643974
111,1,10,150,66,0.038281751104512325
112,1,10,150,66,0.0
113,1,10,150,66,0.02769198719673247
114,1,10,150,66,0.0973553014914488
115,1,10,150,66,0.341866508559041
116,1,10,150,66,0.0380545682064199
117,1,10,150,66,0.25596974895629354
118,1,10,150,66,0.10713028046710026
119,1,10,150,66,0.1579190701861576
120,1,10,150,66,0.12171775198765021
121,1,10,150,66,0.18136606922889512
122,1,10,150,66,0.10664211019584975
123,1,10,150,66,0.045465875186671466
124,1,10,150,66,0.18978688349077963
125,1,10,150,66,0.255813833487511
126,1,10,150,66,0.0
127,1,10,150,66,0.071512236588497
128,1,10,150,66,0.22932831121263758
129,1,10,150,66,0.03443731487202246
130,1,10,150,66,0.32870713642328714
131,1,10,150,66,0.25372733625822586
132,1,10,150,66,0.06666588353700116
133,1,10,150,66,0.0
134,1,10,150,66,0.0
135,1,10,150,66,0.04046615435059731
136,1,10,150,66,0.2748136430911722
137,1,10,150,66,0.2743594324138151
138,1,10,150,66,0.06921281869643399
139,1,10,150,66,0.06016179456846956
140,1,10,150,66,0.039232819060514755
141,1,10,150,66,0.11662339638528424
142,1,10,150,66,0.04395738023645723
143,1,10,150,66,0.0
144,1,10,150,66,0.143856858280418
145,1,10,150,66,0.297862862823542
146,1,10,150,66,0.0
147,1,10,150,66,0.038800293177871176
148,1,10,150,66,0.2755196640610253
149,1,10,150,66,0.0
150,1,10,150,66,0.0
151,1,10,150,66,0.28222338425037713
152,1,10,150,66,0.13816224074225847
153,1,10,150,66,0.21315403751398063
154,1,10,150,66,0.12092068107181612
155,1,10,150,66,0.0
156,1,10,150,66,0.056765037818527084
157,1,10,150,66,0.07267844514201649
158,1,10,150,66,0.2927516002666086
159,1,10,150,66,0.06521625450990476
160,1,10,150,66,0.17465425782884814
161,1,10,150,66,0.09235716777162616
162,1,10,150,66,0.0475858026939827
163,1,10,150,66,0.08930748165857323
164,1,10,150,66,0.10419060831992506
165,1,10,150,66,0.16621229711010693
166,1,10,150,66,0.0
167,1,10,150,66,0.1606298866119576
168,1,10,150,66,0.044682472154713174
169,1,10,150,66,0.14269884249349324
170,1,10,150,66,0.0
171,1,10,150,66,0.0
172,1,10,150,66,0.0
173,1,10,150,66,0.02795730764456241
174,1,10,150,66,0.12112943000955591
175,1,10,150,66,0.10467701423324277
176,1,10,150,66,0.12162507554983247
177,1,10,150,66,0.15327686685438707
178,1,10,150,66,0.28211419637698065
179,1,10,150,66,0.024952538365330408
180,1,10,150,66,0.16785636010946767
181,1,10,150,66,0.11024632478777142
182,1,10,150,66,0.04195229264874745
183,1,10,150,66,0.02831169742649504
184,1,10,150,66,0.15232729526252056
185,1,10,150,66,0.0208917977510647
186,1,10,150,66,0.059346711161619776
187,1,10,150,66,0.14854033459794289
188,1,10,150,66,0.14452344993478855
189,1,10,150,66,0.30490556999256296
190,1,10,150,66,0.05339229345473345
191,1,10,150,66,0.0
192,1,10,150,66,0.10363179610670267
193,1,10,150,66,0.015341597742551824
194,1,10,150,66,0.08195405643840672
195,1,10,150,66,0.12225370560623582
196,1,10,150,66,0.07706308624591164
197,1,10,150,66,0.13834324641712148
198,1,10,150,66,0.03624117309978827
199,1,10,150,66,0.049748115641606416
200,1,10,150,66,0.25659566891946867
201,1,10,150,66,0.06874228711271752
202,1,10,150,66,0.0
203,1,10,150,66,0.05370431689540528
204,1,10,150,66,0.027001973670935885
205,1,10,150,66,0.36484800394146205
206,1,10,150,66,0.03974771280526578
207,1,10,150,66,0.16234391522195624
208,1,10,150,66,0.026258715116272383
209,1,10,150,66,0.03243822298569767
210,1,10,150,66,0.12006006589207233
211,1,10,150,66,0.0
212,1,10,150,66,0.047528395396896204
213,1,10,150,66,0.2846011939118271
214,1,10,150,66,0.17169301418933652
215,1,10,150,66,0.255708749192597
216,1,10,150,66,0.1777038841773205
217,1,10,150,66,0.08016750925175155
218,1,10,150,66,0.0383846381653829
219,1,10,150,66,0.0
220,1,10,150,66,0.034616222155696735
221,1,10,150,66,0.0573025779546589
222,1,10,150,66,0.19691146992637945
223,1,10,150,66,0.10677939756546245
224,1,10,150,66,0.05169532127709626
225,1,10,150,66,0.1677481946997085
226,1,10,150,66,0.23814675809782818
227,1,10,150,66,0.08428605557054564
228,1,10,150,66,0.0
229,1,10,150,66,0.0
230,1,10,150,66,0.23144870536696677
231,1,10,150,66,0.0
232,1,10,150,66,0.0914735250933564
233,1,10,150,66,0.14835547983755953
234,1,10,150,66,0.21194576831884573
235,1,10,150,66,0.23280252396956425
236,1,10,150,66,0.13123532326882845
237,1,10,150,66,0.24352191769087017
238,1,10,150,66,0.0
239,1,10,150,66,0.15011818055650417
240,1,10,150,66,0.0
241,1,10,150,66,0.047978870624887156
242,1,10,150,66,0.0
243,1,10,150,66,0.12898989924507495
244,1,10,150,66,0.20641755786807398
245,1,10,150,66,0.14708113704642112
246,1,10,150,66,0.08429670481532302
247,1,10,150,66,0.08883649703748449
248,1,10,150,66,0.1352712391738193
249,1,10,150,66,0.32471631470808704
250,1,10,150,66,0.12416587904357097
251,1,10,150,66,0.1369922724163038
252,1,10,150,66,0.15744006533381547
253,1,10,150,66,0.2443190287228016
254,1,10,150,66,0.07964408346741203
255,1,10,150,66,0.06847316147390722
256,1,10,150,66,0.20782695958803243
257,1,10,150,66,0.18334876608371883
258,1,10,150,66,0.0
259,1,10,150,66,0.062479569258293385
260,1,10,150,66,0.0
261,1,10,150,66,0.0
262,1,10,150,66,0.0
263,1,10,150,66,0.23364586802829987
264,1,10,150,66,0.07557807813033135
265,1,10,150,66,0.31140524445517653
266,1,10,150,66,0.05919139647768146
267,1,10,150,66,0.13159371349334217
268,1,10,150,66,0.13576025966184488
269,1,10,150,66,0.38072047073926824
270,1,10,150,66,0.10832567847977925
271,1,10,150,66,0.23068749341227937
272,1,10,150,66,0.23321348468935416
273,1,10,150,66,0.03860961209670539
274,1,10,150,66,0.20267731815698697
275,1,10,150,66,0.015522912158152052
276,1,10,150,66,0.4210523783290052
277,1,10,150,66,0.09982873474912346
278,1,10,150,66,0.07867548793068165
279,1,10,150,66,0.19515664359390208
280,1,10,150,66,0.22527726029785952
281,1,10,150,66,0.049432410190049694
282,1,10,150,66,0.0
283,1,10,150,66,0.18675758970511055
284,1,10,150,66,0.07891945711936355
285,1,10,150,66,0.06473560181867054
286,1,10,150,66,0.2855084506970835
287,1,10,150,66,0.260923101473539
288,1,10,150,66,0.2239083677057859
289,1,10,150,66,0.0
290,1,10,150,66,0.10466640201740077
291,1,10,150,66,0.15161228986875702
292,1,10,150,66,0.14862581926120844
293,1,10,150,66,0.21082388361449172
294,1,10,150,66,0.010673514283348269
295,1,10,150,66,0.2302118363113199
296,1,10,150,66,0.23107814892139913
297,1,10,150,66,0.12726096163638895
298,1,10,150,66,0.23980329198606234
299,1,10,150,66,0.1383604735608273
300,1,10,150,66,0.04336490181597879
301,1,10,150,66,0.3491506682053782
302,1,10,150,66,0.13927874459665815
303,1,10,150,66,0.3301458653096504
304,1,10,150,66,0.0
305,1,10,150,66,0.18521896825377676
306,1,10,150,66,0.08156911164475483
307,1,10,150,66,0.22610915121692726
308,1,10,150,66,0.4296281473131096
309,1,10,150,66,0.0
310,1,10,150,66,0.06900643972011666
311,1,10,150,66,0.29383505621721134
312,1,10,150,66,0.19253270839426562
313,1,10,150,66,0.3250607773635362
314,1,10,150,66,0.19475719735297342
315,1,10,150,66,0.286099807090925
316,1,10,150,66,0.13442824029706346
317,1,10,150,66,0.0
318,1,10,150,66,0.09491498365623917
319,1,10,150,66,0.06591877139737895
320,1,10,150,66,0.2104852878452411
321,1,10,150,66,0.15427224748816595
322,1,10,150,66,0.25443358806602195
323,1,10,150,66,0.20144166357013524
324,1,10,150,66,0.0734773909038217
325,1,10,150,66,0.0901883711443618
326,1,10,150,66,0.24882271967562686
327,1,10,150,66,0.015667686334366698
328,1,10,150,66,0.178400248309415
329,1,10,150,66,0.04249704384086923
330,1,10,150,66,0.23414043416332436
331,1,10,150,66,0.09091966573968718
332,1,10,150,66,0.12319404746975311
333,1,10,150,66,0.1014371752449239
334,1,10,150,66,0.10966243786967426
335,1,10,150,66,0.08149421541954936
336,1,10,150,66,0.1252879373315154
337,1,10,150,66,0.10521567817367497
338,1,10,150,66,0.15896841246993118
339,1,10,150,66,0.31656312107880286
340,1,10,150,66,0.2868621552039377
341,1,10,150,66,0.0
342,1,10,150,66,0.08984952979895194
343,1,10,150,66,0.3116499911107603
344,1,10,150,66,0.2567887844229246
345,1,10,150,66,0.10282575097086802
346,1,10,150,66,0.10819332410049512
347,1,10,150,66,0.26726823787071907
348,1,10,150,66,0.18923084143550442
349,1,10,150,66,0.25859803951431987
350,1,10,150,66,0.057127212566552996
351,1,10,150,66,0.0
352,1,10,150,66,0.11369404114489928
353,1,10,150,66,0.0
354,1,10,150,66,0.16221515934217232
355,1,10,150,66,0.0
356,1,10,150,66,0.0
357,1,10,150,66,0.048851099168414396
358,1,10,150,66,0.06323567569191428
359,1,10,150,66,0.20040659896939605
360,1,10,150,66,0.1692259700041561
361,1,10,150,66,0.15572261253779404
362,1,10,150,66,0.15042501043191572
363,1,10,150,66,0.11889518175826579
364,1,10,150,66,0.0
365,1,10,150,66,0.14456587527532935
366,1,10,150,66,0.13610100259425117
367,1,10,150,66,0.09318938969635672
368,1,10,150,66,0.042512356679180144
369,1,10,150,66,0.0
370,1,10,150,66,0.19811064503366002
371,1,10,150,66,0.1319132354603233
372,1,10,150,66,0.11729787480760416
373,1,10,150,66,0.13693111031120958
374,1,10,150,66,0.12938531467277603
375,1,10,150,66,0.04282650856324445
376,1,10,150,66,0.0
377,1,10,150,66,0.0913219819219427
378,1,10,150,66,0.18334633006873735
379,1,10,150,66,0.12986143556686097
380,1,10,150,66,0.027655984250330452
381,1,10,150,66,0.09366987522358634
382,1,10,150,66,0.0
383,1,10,150,66,0.11713125931833299
384,1,10,150,66,0.0561173220664886
385,1,10,150,66,0.13299596658313467
386,1,10,150,66,0.14606834984270645
387,1,10,150,66,0.15832462473319617
388,1,10,150,66,0.08659331667411305
389,1,10,150,66,0.10467410509531756
390,1,10,150,66,0.05307577057513386
391,1,10,150,66,0.08907375584162422
392,1,10,150,66,0.18499940411030946
393,1,10,150,66,0.31176462087511675
394,1,10,150,66,0.10657019454040408
395,1,10,150,66,0.08245965301555258
396,1,10,150,66,0.0
397,1,10,150,66,0.10540164605552274
398,1,10,150,66,0.1406230079272144
399,1,10,150,66,0.022573470690671844
400,1,10,150,66,0.0
401,1,10,150,66,0.016941778998402247
402,1,10,150,66,0.11288598947105788
403,1,10,150,66,0.09224219235917257
404,1,10,150,66,0.05446824630887794
405,1,10,150,66,0.23869008023768395
406,1,10,150,66,0.15318234576042764
407,1,10,150,66,0.031104745345423533
408,1,10,150,66,0.0
409,1,10,150,66,0.11976431141977988
410,1,10,150,66,0.0
411,1,10,150,66,0.0
412,1,10,150,66,0.15001451003751623
413,1,10,150,66,0.04935421935348238
414,1,10,150,66,0.1309019901681972
415,1,10,150,66,0.0
416,1,10,150,66,0.2620984334143208
417,1,10,150,66,0.12309745810327996
418,1,10,150,66,0.14436292983286242
419,1,10,150,66,0.0
420,1,10,150,66,0.19519002499605084
421,1,10,150,66,0.0
422,1,10,150,66,0.030480958763669998
423,1,10,150,66,0.0
424,1,10,150,66,0.0
425,1,10,150,66,0.0
426,1,10,150,66,0.11229023146606223
427,1,10,150,66,0.0
428,1,10,150,66,0.04822019817866397
429,1,10,150,66,0.14062551472815982
430,1,10,150,66,0.0
431,1,10,150,66,0.0
432,1,10,150,66,0.0
433,1,10,150,66,0.20451415323992994
434,1,10,150,66,0.0
435,1,10,150,66,0.08127781909048552
436,1,10,150,66,0.09499424853799125
437,1,10,150,66,0.14945564650669343
438,1,10,150,66,0.0
439,1,10,150,66,0.18154179253735267
440,1,10,150,66,0.0
442,1,10,150,66,0.0733934381893728
444,1,10,150,66,0.0
445,1,10,150,66,0.0
446,1,10,150,66,0.0
447,1,10,150,66,0.0
448,1,10,150,66,0.0
449,1,10,150,66,0.04971883051739238
450,1,10,150,66,0.17556211942720856
451,1,10,150,66,0.05497526658285817
452,1,10,150,66,0.05780700008370542
453,1,10,150,66,0.1515771522786143
454,1,10,150,66,0.1059131727358383
455,1,10,150,66,0.0
456,1,10,150,66,0.0
457,1,10,150,66,0.14751814893861787
458,1,10,150,66,0.0
459,1,10,150,66,0.0
460,1,10,150,66,0.0
462,1,10,150,66,0.0
1,1,10,150,67,0.5806094916496589
2,1,10,150,67,0.1011519894320134
3,1,10,150,67,0.020132733082951743
4,1,10,150,67,0.11528901748471758
5,1,10,150,67,0.04682934382517548
6,1,10,150,67,0.20608826032869126
7,1,10,150,67,0.381006492175169
8,1,10,150,67,0.19541031409018228
9,1,10,150,67,0.03789879717220718
10,1,10,150,67,0.32244802037050774
11,1,10,150,67,0.1764512774681533
12,1,10,150,67,0.10060406918415377
13,1,10,150,67,0.4845699008872846
14,1,10,150,67,0.32622009962228
15,1,10,150,67,0.050262678017164185
16,1,10,150,67,0.23337503475738008
17,1,10,150,67,0.10122860821230018
18,1,10,150,67,0.25418370390479655
19,1,10,150,67,0.13886244387355454
20,1,10,150,67,0.05692185311373096
21,1,10,150,67,0.05347940940000731
22,1,10,150,67,0.12801304733456464
23,1,10,150,67,0.0
24,1,10,150,67,0.1894711133610512
25,1,10,150,67,0.17085280125179103
26,1,10,150,67,0.0
27,1,10,150,67,0.0
28,1,10,150,67,0.24829192510351253
29,1,10,150,67,0.0
30,1,10,150,67,0.0
31,1,10,150,67,0.038437318942299493
32,1,10,150,67,0.11469999139467348
33,1,10,150,67,0.0
34,1,10,150,67,0.0
35,1,10,150,67,0.0
36,1,10,150,67,0.0
37,1,10,150,67,0.15133867332691472
38,1,10,150,67,0.19295151667656757
39,1,10,150,67,0.0993029104208021
40,1,10,150,67,0.3197267407502473
41,1,10,150,67,0.0
42,1,10,150,67,0.2532321927175316
43,1,10,150,67,0.303233918288946
44,1,10,150,67,0.07535825533706213
45,1,10,150,67,0.04094516368001556
46,1,10,150,67,0.02795730764456241
47,1,10,150,67,0.0
48,1,10,150,67,0.22961445578066944
49,1,10,150,67,0.10472387049727151
50,1,10,150,67,0.0
51,1,10,150,67,0.0
52,1,10,150,67,0.02753109834834184
53,1,10,150,67,0.1369821642818139
54,1,10,150,67,0.12836415432918194
55,1,10,150,67,0.0
56,1,10,150,67,0.20597579989026504
57,1,10,150,67,0.1825067720422371
58,1,10,150,67,0.151161711340063
59,1,10,150,67,0.35296048281874987
60,1,10,150,67,0.26030754993290933
61,1,10,150,67,0.0
62,1,10,150,67,0.21245048316407505
63,1,10,150,67,0.033669757978328795
64,1,10,150,67,0.14751586717578136
65,1,10,150,67,0.2306157261998143
66,1,10,150,67,0.0
67,1,10,150,67,0.03314040476303028
68,1,10,150,67,0.0
69,1,10,150,67,0.25224764194294225
70,1,10,150,67,0.0250102380952241
71,1,10,150,67,0.0
72,1,10,150,67,0.23884724223409404
73,1,10,150,67,0.19034772928105353
74,1,10,150,67,0.03272011597426011
75,1,10,150,67,0.10310690100385646
76,1,10,150,67,0.10235900919628077
77,1,10,150,67,0.45927229869726693
78,1,10,150,67,0.05658242244874664
79,1,10,150,67,0.4102269223050506
80,1,10,150,67,0.1466914912588887
81,1,10,150,67,0.034380101046999886
82,1,10,150,67,0.19610570819536602
83,1,10,150,67,0.11085844310946068
84,1,10,150,67,0.05683844068224461
85,1,10,150,67,0.04753078281450703
86,1,10,150,67,0.0
87,1,10,150,67,0.15692274418028562
88,1,10,150,67,0.0
89,1,10,150,67,0.17107843556110094
90,1,10,150,67,0.2576637415738175
91,1,10,150,67,0.15371785092569112
92,1,10,150,67,0.34714342153035166
93,1,10,150,67,0.0
94,1,10,150,67,0.4618847779099066
95,1,10,150,67,0.27761349630358845
96,1,10,150,67,0.3781493395140278
97,1,10,150,67,0.16145556611981818
98,1,10,150,67,0.19533769320769842
99,1,10,150,67,0.178292768994216
100,1,10,150,67,0.022805505402617214
101,1,10,150,67,0.04161098736885563
102,1,10,150,67,0.02287000748098085
103,1,10,150,67,0.15394621921377785
104,1,10,150,67,0.015190330175114026
105,1,10,150,67,0.05200670101006268
106,1,10,150,67,0.31023153259588415
107,1,10,150,67,0.0
108,1,10,150,67,0.06036985955798015
109,1,10,150,67,0.27801317426899036
110,1,10,150,67,0.01329176515643974
111,1,10,150,67,0.038281751104512325
112,1,10,150,67,0.0
113,1,10,150,67,0.02769198719673247
114,1,10,150,67,0.0973553014914488
115,1,10,150,67,0.341866508559041
116,1,10,150,67,0.0380545682064199
117,1,10,150,67,0.25596974895629354
118,1,10,150,67,0.10713028046710026
119,1,10,150,67,0.1562750317806609
120,1,10,150,67,0.12171775198765021
121,1,10,150,67,0.18136606922889512
122,1,10,150,67,0.10664211019584975
123,1,10,150,67,0.045465875186671466
124,1,10,150,67,0.18978688349077963
125,1,10,150,67,0.25315064805705584
126,1,10,150,67,0.0
127,1,10,150,67,0.071512236588497
128,1,10,150,67,0.2373514958280348
129,1,10,150,67,0.03443731487202246
130,1,10,150,67,0.3356957239811735
131,1,10,150,67,0.25372733625822586
132,1,10,150,67,0.12238042572284785
133,1,10,150,67,0.0
134,1,10,150,67,0.0
135,1,10,150,67,0.04046615435059731
136,1,10,150,67,0.2748136430911722
137,1,10,150,67,0.2743594324138151
138,1,10,150,67,0.06921281869643399
139,1,10,150,67,0.06016179456846956
140,1,10,150,67,0.039232819060514755
141,1,10,150,67,0.11662339638528424
142,1,10,150,67,0.04395738023645723
143,1,10,150,67,0.0
144,1,10,150,67,0.14235921648434924
145,1,10,150,67,0.29476192013513947
146,1,10,150,67,0.0
147,1,10,150,67,0.038800293177871176
148,1,10,150,67,0.2755196640610253
149,1,10,150,67,0.0
150,1,10,150,67,0.0
151,1,10,150,67,0.2896958973640166
152,1,10,150,67,0.15405431712229856
153,1,10,150,67,0.21315403751398063
154,1,10,150,67,0.12092068107181612
155,1,10,150,67,0.0
156,1,10,150,67,0.056765037818527084
157,1,10,150,67,0.07267844514201649
158,1,10,150,67,0.3001145079256843
159,1,10,150,67,0.06521625450990476
160,1,10,150,67,0.17465425782884814
161,1,10,150,67,0.11310115632029788
162,1,10,150,67,0.0475858026939827
163,1,10,150,67,0.08930748165857323
164,1,10,150,67,0.10419060831992506
165,1,10,150,67,0.16621229711010693
166,1,10,150,67,0.0
167,1,10,150,67,0.1606298866119576
168,1,10,150,67,0.044682472154713174
169,1,10,150,67,0.14269884249349324
170,1,10,150,67,0.0
171,1,10,150,67,0.0
172,1,10,150,67,0.0
173,1,10,150,67,0.02795730764456241
174,1,10,150,67,0.1198683952609541
175,1,10,150,67,0.10467701423324277
176,1,10,150,67,0.12162507554983247
177,1,10,150,67,0.15327686685438707
178,1,10,150,67,0.2791772073671489
179,1,10,150,67,0.024952538365330408
180,1,10,150,67,0.16785636010946767
181,1,10,150,67,0.1090985901170803
182,1,10,150,67,0.04195229264874745
183,1,10,150,67,0.02831169742649504
184,1,10,150,67,0.15074147080622274
185,1,10,150,67,0.0208917977510647
186,1,10,150,67,0.059346711161619776
187,1,10,150,67,0.14854033459794289
188,1,10,150,67,0.14452344993478855
189,1,10,150,67,0.30173130822337496
190,1,10,150,67,0.05339229345473345
191,1,10,150,67,0.0
192,1,10,150,67,0.10363179610670267
193,1,10,150,67,0.015341597742551824
194,1,10,150,67,0.08110086235543652
195,1,10,150,67,0.12225370560623582
196,1,10,150,67,0.07706308624591164
197,1,10,150,67,0.13834324641712148
198,1,10,150,67,0.035863879335545176
199,1,10,150,67,0.049748115641606416
200,1,10,150,67,0.2539243440826998
201,1,10,150,67,0.06802663598862108
202,1,10,150,67,0.0
203,1,10,150,67,0.05370431689540528
204,1,10,150,67,0.027001973670935885
205,1,10,150,67,0.36484800394146205
206,1,10,150,67,0.03974771280526578
207,1,10,150,67,0.1710644501918601
208,1,10,150,67,0.026258715116272383
209,1,10,150,67,0.03243822298569767
210,1,10,150,67,0.12006006589207233
211,1,10,150,67,0.0
212,1,10,150,67,0.047528395396896204
213,1,10,150,67,0.2846011939118271
214,1,10,150,67,0.17169301418933652
215,1,10,150,67,0.255708749192597
216,1,10,150,67,0.18920848610998078
217,1,10,150,67,0.08016750925175155
218,1,10,150,67,0.0383846381653829
219,1,10,150,67,0.0
220,1,10,150,67,0.034616222155696735
221,1,10,150,67,0.0573025779546589
222,1,10,150,67,0.19486149572972192
223,1,10,150,67,0.10677939756546245
224,1,10,150,67,0.05115713995761502
225,1,10,150,67,0.1677481946997085
226,1,10,150,67,0.23814675809782818
227,1,10,150,67,0.10623119772529849
228,1,10,150,67,0.0
229,1,10,150,67,0.0
230,1,10,150,67,0.23144870536696677
231,1,10,150,67,0.0
232,1,10,150,67,0.0914735250933564
233,1,10,150,67,0.14835547983755953
234,1,10,150,67,0.20973927747142665
235,1,10,150,67,0.23280252396956425
236,1,10,150,67,0.13123532326882845
237,1,10,150,67,0.24352191769087017
238,1,10,150,67,0.0
239,1,10,150,67,0.14855535439556458
240,1,10,150,67,0.0
241,1,10,150,67,0.047978870624887156
242,1,10,150,67,0.0
243,1,10,150,67,0.12898989924507495
244,1,10,150,67,0.2042686192230838
245,1,10,150,67,0.14708113704642112
246,1,10,150,67,0.08341912226617401
247,1,10,150,67,0.08883649703748449
248,1,10,150,67,0.1352712391738193
249,1,10,150,67,0.3213358104305344
250,1,10,150,67,0.12416587904357097
251,1,10,150,67,0.1369922724163038
252,1,10,150,67,0.15744006533381547
253,1,10,150,67,0.2443190287228016
254,1,10,150,67,0.07881493767877068
255,1,10,150,67,0.06847316147390722
256,1,10,150,67,0.2056633481707567
257,1,10,150,67,0.18334876608371883
258,1,10,150,67,0.0
259,1,10,150,67,0.062479569258293385
260,1,10,150,67,0.0
261,1,10,150,67,0.0
262,1,10,150,67,0.0
263,1,10,150,67,0.23364586802829987
264,1,10,150,67,0.07557807813033135
265,1,10,150,67,0.31140524445517653
266,1,10,150,67,0.05919139647768146
267,1,10,150,67,0.13022373886868188
268,1,10,150,67,0.13434690862981835
269,1,10,150,67,0.3871675662587794
270,1,10,150,67,0.10832567847977925
271,1,10,150,67,0.228285889233693
272,1,10,150,67,0.23321348468935416
273,1,10,150,67,0.03860961209670539
274,1,10,150,67,0.20267731815698697
275,1,10,150,67,0.015522912158152052
276,1,10,150,67,0.4166689540859255
277,1,10,150,67,0.09982873474912346
278,1,10,150,67,0.07867548793068165
279,1,10,150,67,0.1931249382604171
280,1,10,150,67,0.2229319801022621
281,1,10,150,67,0.049432410190049694
282,1,10,150,67,0.0
283,1,10,150,67,0.18675758970511055
284,1,10,150,67,0.07891945711936355
285,1,10,150,67,0.06473560181867054
286,1,10,150,67,0.28253612533139755
287,1,10,150,67,0.260923101473539
288,1,10,150,67,0.2239083677057859
289,1,10,150,67,0.0
290,1,10,150,67,0.10357675790742142
291,1,10,150,67,0.1500339090753816
292,1,10,150,67,0.14707852953473147
293,1,10,150,67,0.20862907230354868
294,1,10,150,67,0.010673514283348269
295,1,10,150,67,0.2278151840270228
296,1,10,150,67,0.22867247776939684
297,1,10,150,67,0.12593609372649037
298,1,10,150,67,0.23980329198606234
299,1,10,150,67,0.13692005264099438
300,1,10,150,67,0.04336490181597879
301,1,10,150,67,0.34551578669830113
302,1,10,150,67,0.13927874459665815
303,1,10,150,67,0.32670883594172684
304,1,10,150,67,0.0
305,1,10,150,67,0.18329072046915695
306,1,10,150,67,0.08156911164475483
307,1,10,150,67,0.22610915121692726
308,1,10,150,67,0.42515544383636983
309,1,10,150,67,0.0
310,1,10,150,67,0.06900643972011666
311,1,10,150,67,0.3011866844076873
312,1,10,150,67,0.20093895874146772
313,1,10,150,67,0.32167668700968416
314,1,10,150,67,0.19272965051003835
315,1,10,150,67,0.286099807090925
316,1,10,150,67,0.13442824029706346
317,1,10,150,67,0.0
318,1,10,150,67,0.09392685804098573
319,1,10,150,67,0.06591877139737895
320,1,10,150,67,0.2082940015325641
321,1,10,150,67,0.15427224748816595
322,1,10,150,67,0.25443358806602195
323,1,10,150,67,0.20144166357013524
324,1,10,150,67,0.0734773909038217
325,1,10,150,67,0.0901883711443618
326,1,10,150,67,0.24623231620614947
327,1,10,150,67,0.015504575710497076
328,1,10,150,67,0.1765429877554801
329,1,10,150,67,0.04249704384086923
330,1,10,150,67,0.23414043416332436
331,1,10,150,67,0.09091966573968718
332,1,10,150,67,0.12191151873443251
333,1,10,150,67,0.1014371752449239
334,1,10,150,67,0.10852078183481026
335,1,10,150,67,0.08149421541954936
336,1,10,150,67,0.1252879373315154
337,1,10,150,67,0.10521567817367497
338,1,10,150,67,0.15896841246993118
339,1,10,150,67,0.31326749675550897
340,1,10,150,67,0.2868621552039377
341,1,10,150,67,0.0
342,1,10,150,67,0.08891413879436227
343,1,10,150,67,0.30840551560913276
344,1,10,150,67,0.2541154491303951
345,1,10,150,67,0.10175526921416271
346,1,10,150,67,0.10819332410049512
347,1,10,150,67,0.2644858047731146
348,1,10,150,67,0.18923084143550442
349,1,10,150,67,0.25859803951431987
350,1,10,150,67,0.057127212566552996
351,1,10,150,67,0.0
352,1,10,150,67,0.11369404114489928
353,1,10,150,67,0.0
354,1,10,150,67,0.16052639590405227
355,1,10,150,67,0.0
356,1,10,150,67,0.0
357,1,10,150,67,0.06959508771708611
358,1,10,150,67,0.06323567569191428
359,1,10,150,67,0.20040659896939605
360,1,10,150,67,0.1692259700041561
361,1,10,150,67,0.15572261253779404
362,1,10,150,67,0.15042501043191572
363,1,10,150,67,0.1176574069612848
364,1,10,150,67,0.0
365,1,10,150,67,0.14456587527532935
366,1,10,150,67,0.13610100259425117
367,1,10,150,67,0.09318938969635672
368,1,10,150,67,0.042512356679180144
369,1,10,150,67,0.0
370,1,10,150,67,0.19811064503366002
371,1,10,150,67,0.1319132354603233
372,1,10,150,67,0.11729787480760416
373,1,10,150,67,0.13550556997593813
374,1,10,150,67,0.1280383308906491
375,1,10,150,67,0.04282650856324445
376,1,10,150,67,0.0
377,1,10,150,67,0.0913219819219427
378,1,10,150,67,0.18143757764393806
379,1,10,150,67,0.12986143556686097
380,1,10,150,67,0.04113515715432896
381,1,10,150,67,0.10899879606790715
382,1,10,150,67,0.0
383,1,10,150,67,0.11713125931833299
384,1,10,150,67,0.0561173220664886
385,1,10,150,67,0.13161139360799567
386,1,10,150,67,0.14606834984270645
387,1,10,150,67,0.15667636424578077
388,1,10,150,67,0.08659331667411305
389,1,10,150,67,0.10358438079137607
390,1,10,150,67,0.05307577057513386
391,1,10,150,67,0.08907375584162422
392,1,10,150,67,0.18499940411030946
393,1,10,150,67,0.30851895200441226
394,1,10,150,67,0.10657019454040408
395,1,10,150,67,0.08245965301555258
396,1,10,150,67,0.0
397,1,10,150,67,0.10540164605552274
398,1,10,150,67,0.1406230079272144
399,1,10,150,67,0.022338466439968806
400,1,10,150,67,0.0
401,1,10,150,67,0.016941778998402247
402,1,10,150,67,0.11288598947105788
403,1,10,150,67,0.09224219235917257
404,1,10,150,67,0.05446824630887794
405,1,10,150,67,0.2466158028568674
406,1,10,150,67,0.15158761968220702
407,1,10,150,67,0.031104745345423533
408,1,10,150,67,0.0
409,1,10,150,67,0.11976431141977988
410,1,10,150,67,0.0
411,1,10,150,67,0.0
412,1,10,150,67,0.15001451003751623
413,1,10,150,67,0.04935421935348238
414,1,10,150,67,0.1309019901681972
415,1,10,150,67,0.0
416,1,10,150,67,0.2697804601227668
417,1,10,150,67,0.12309745810327996
418,1,10,150,67,0.14436292983286242
419,1,10,150,67,0.0
420,1,10,150,67,0.19519002499605084
421,1,10,150,67,0.0
422,1,10,150,67,0.030480958763669998
423,1,10,150,67,0.0
424,1,10,150,67,0.0
425,1,10,150,67,0.0
426,1,10,150,67,0.11229023146606223
427,1,10,150,67,0.0
428,1,10,150,67,0.04822019817866397
429,1,10,150,67,0.14062551472815982
430,1,10,150,67,0.0
431,1,10,150,67,0.0
432,1,10,150,67,0.0
433,1,10,150,67,0.20451415323992994
434,1,10,150,67,0.0
435,1,10,150,67,0.08127781909048552
436,1,10,150,67,0.09499424853799125
437,1,10,150,67,0.14945564650669343
438,1,10,150,67,0.0
439,1,10,150,67,0.18154179253735267
440,1,10,150,67,0.0
442,1,10,150,67,0.0733934381893728
444,1,10,150,67,0.0
445,1,10,150,67,0.0
446,1,10,150,67,0.0
447,1,10,150,67,0.0
448,1,10,150,67,0.0
449,1,10,150,67,0.04971883051739238
450,1,10,150,67,0.17556211942720856
451,1,10,150,67,0.05497526658285817
452,1,10,150,67,0.05780700008370542
453,1,10,150,67,0.1515771522786143
454,1,10,150,67,0.1059131727358383
455,1,10,150,67,0.0
456,1,10,150,67,0.0
457,1,10,150,67,0.14751814893861787
458,1,10,150,67,0.0
459,1,10,150,67,0.0
460,1,10,150,67,0.0
462,1,10,150,67,0.0
1,1,10,150,68,0.5746476692261238
2,1,10,150,68,0.1011519894320134
3,1,10,150,68,0.020132733082951743
4,1,10,150,68,0.11528901748471758
5,1,10,150,68,0.046348490108328505
6,1,10,150,68,0.20397210199968427
7,1,10,150,68,0.38736244988520846
8,1,10,150,68,0.19541031409018228
9,1,10,150,68,0.03789879717220718
10,1,10,150,68,0.3294052689917602
11,1,10,150,68,0.1746394380170239
12,1,10,150,68,0.12022816103951169
13,1,10,150,68,0.48986244736964435
14,1,10,150,68,0.32622009962228
15,1,10,150,68,0.050262678017164185
16,1,10,150,68,0.2309786899932656
17,1,10,150,68,0.10122860821230018
18,1,10,150,68,0.2618419051258356
19,1,10,150,68,0.13886244387355454
20,1,10,150,68,0.05692185311373096
21,1,10,150,68,0.05293027138772217
22,1,10,150,68,0.12801304733456464
23,1,10,150,68,0.0
24,1,10,150,68,0.1894711133610512
25,1,10,150,68,0.17085280125179103
26,1,10,150,68,0.0
27,1,10,150,68,0.0
28,1,10,150,68,0.24829192510351253
29,1,10,150,68,0.0
30,1,10,150,68,0.0
31,1,10,150,68,0.038437318942299493
32,1,10,150,68,0.11469999139467348
33,1,10,150,68,0.0
34,1,10,150,68,0.0
35,1,10,150,68,0.0
36,1,10,150,68,0.0
37,1,10,150,68,0.15133867332691472
38,1,10,150,68,0.19295151667656757
39,1,10,150,68,0.0993029104208021
40,1,10,150,68,0.3197267407502473
41,1,10,150,68,0.0
42,1,10,150,68,0.2506319504090312
43,1,10,150,68,0.3001202475694148
44,1,10,150,68,0.0745844606559065
45,1,10,150,68,0.04094516368001556
46,1,10,150,68,0.02795730764456241
47,1,10,150,68,0.0
48,1,10,150,68,0.22961445578066944
49,1,10,150,68,0.10364854339981726
50,1,10,150,68,0.0
51,1,10,150,68,0.0
52,1,10,150,68,0.02753109834834184
53,1,10,150,68,0.1369821642818139
54,1,10,150,68,0.12836415432918194
55,1,10,150,68,0.0
56,1,10,150,68,0.20386079632908946
57,1,10,150,68,0.1825067720422371
58,1,10,150,68,0.14960955056210776
59,1,10,150,68,0.35960442295049705
60,1,10,150,68,0.25763465634345706
61,1,10,150,68,0.0
62,1,10,150,68,0.21026899617043368
63,1,10,150,68,0.033669757978328795
64,1,10,150,68,0.14600114270536835
65,1,10,150,68,0.2306157261998143
66,1,10,150,68,0.0
67,1,10,150,68,0.03314040476303028
68,1,10,150,68,0.0
69,1,10,150,68,0.25224764194294225
70,1,10,150,68,0.0250102380952241
71,1,10,150,68,0.0
72,1,10,150,68,0.23884724223409404
73,1,10,150,68,0.20747207262093745
74,1,10,150,68,0.03272011597426011
75,1,10,150,68,0.10310690100385646
76,1,10,150,68,0.10235900919628077
77,1,10,150,68,0.45927229869726693
78,1,10,150,68,0.05658242244874664
79,1,10,150,68,0.4102269223050506
80,1,10,150,68,0.1466914912588887
81,1,10,150,68,0.034380101046999886
82,1,10,150,68,0.1940920528464317
83,1,10,150,68,0.10972012490854677
84,1,10,150,68,0.05683844068224461
85,1,10,150,68,0.04704272657211495
86,1,10,150,68,0.0
87,1,10,150,68,0.15531142788513072
88,1,10,150,68,0.0
89,1,10,150,68,0.17107843556110094
90,1,10,150,68,0.2550179951739745
91,1,10,150,68,0.15371785092569112
92,1,10,150,68,0.34357887864149517
93,1,10,150,68,0.0
94,1,10,150,68,0.4571420462363183
95,1,10,150,68,0.2747629015559273
96,1,10,150,68,0.3781493395140278
97,1,10,150,68,0.16145556611981818
98,1,10,150,68,0.19533769320769842
99,1,10,150,68,0.1764620207142942
100,1,10,150,68,0.022805505402617214
101,1,10,150,68,0.04161098736885563
102,1,10,150,68,0.022635173353417533
103,1,10,150,68,0.15394621921377785
104,1,10,150,68,0.015190330175114026
105,1,10,150,68,0.05200670101006268
106,1,10,150,68,0.31023153259588415
107,1,10,150,68,0.0
108,1,10,150,68,0.06036985955798015
109,1,10,150,68,0.2751584755425094
110,1,10,150,68,0.01329176515643974
111,1,10,150,68,0.038281751104512325
112,1,10,150,68,0.0
113,1,10,150,68,0.02769198719673247
114,1,10,150,68,0.0973553014914488
115,1,10,150,68,0.341866508559041
116,1,10,150,68,0.0380545682064199
117,1,10,150,68,0.25596974895629354
118,1,10,150,68,0.10713028046710026
119,1,10,150,68,0.15467036633493858
120,1,10,150,68,0.12171775198765021
121,1,10,150,68,0.18136606922889512
122,1,10,150,68,0.10664211019584975
123,1,10,150,68,0.045465875186671466
124,1,10,150,68,0.18978688349077963
125,1,10,150,68,0.2505512430665675
126,1,10,150,68,0.0
127,1,10,150,68,0.071512236588497
128,1,10,150,68,0.23491431991128103
129,1,10,150,68,0.03443731487202246
130,1,10,150,68,0.33224872849884085
131,1,10,150,68,0.25372733625822586
132,1,10,150,68,0.12238042572284785
133,1,10,150,68,0.0
134,1,10,150,68,0.0
135,1,10,150,68,0.04046615435059731
136,1,10,150,68,0.2748136430911722
137,1,10,150,68,0.2743594324138151
138,1,10,150,68,0.06921281869643399
139,1,10,150,68,0.06016179456846956
140,1,10,150,68,0.039232819060514755
141,1,10,150,68,0.11662339638528424
142,1,10,150,68,0.04395738023645723
143,1,10,150,68,0.0
144,1,10,150,68,0.14089744160598502
145,1,10,150,68,0.2917352417043874
146,1,10,150,68,0.0
147,1,10,150,68,0.038800293177871176
148,1,10,150,68,0.2755196640610253
149,1,10,150,68,0.0
150,1,10,150,68,0.0
151,1,10,150,68,0.2867212379384468
152,1,10,150,68,0.15405431712229856
153,1,10,150,68,0.21315403751398063
154,1,10,150,68,0.12092068107181612
155,1,10,150,68,0.0
156,1,10,150,68,0.056765037818527084
157,1,10,150,68,0.07267844514201649
158,1,10,150,68,0.2970328679788486
159,1,10,150,68,0.06521625450990476
160,1,10,150,68,0.17465425782884814
161,1,10,150,68,0.11310115632029788
162,1,10,150,68,0.0475858026939827
163,1,10,150,68,0.08930748165857323
164,1,10,150,68,0.10419060831992506
165,1,10,150,68,0.16621229711010693
166,1,10,150,68,0.0
167,1,10,150,68,0.1606298866119576
168,1,10,150,68,0.044682472154713174
169,1,10,150,68,0.14269884249349324
170,1,10,150,68,0.0
171,1,10,150,68,0.0
172,1,10,150,68,0.0
173,1,10,150,68,0.02795730764456241
174,1,10,150,68,0.11863756094457137
175,1,10,150,68,0.10467701423324277
176,1,10,150,68,0.12162507554983247
177,1,10,150,68,0.15327686685438707
178,1,10,150,68,0.2763105560998877
179,1,10,150,68,0.024952538365330408
180,1,10,150,68,0.16785636010946767
181,1,10,150,68,0.10797834246303652
182,1,10,150,68,0.04195229264874745
183,1,10,150,68,0.02831169742649504
184,1,10,150,68,0.14919362514793738
185,1,10,150,68,0.0208917977510647
186,1,10,150,68,0.059346711161619776
187,1,10,150,68,0.17040981197472238
188,1,10,150,68,0.14452344993478855
189,1,10,150,68,0.29863306662533
190,1,10,150,68,0.05339229345473345
191,1,10,150,68,0.0
192,1,10,150,68,0.10363179610670267
193,1,10,150,68,0.015341597742551824
194,1,10,150,68,0.08026810135736033
195,1,10,150,68,0.12225370560623582
196,1,10,150,68,0.07706308624591164
197,1,10,150,68,0.13834324641712148
198,1,10,150,68,0.035495621353041115
199,1,10,150,68,0.049748115641606416
200,1,10,150,68,0.2513169946159654
201,1,10,150,68,0.06732812394280123
202,1,10,150,68,0.0
203,1,10,150,68,0.05370431689540528
204,1,10,150,68,0.027001973670935885
205,1,10,150,68,0.36484800394146205
206,1,10,150,68,0.03974771280526578
207,1,10,150,68,0.16930792383517607
208,1,10,150,68,0.026258715116272383
209,1,10,150,68,0.03243822298569767
210,1,10,150,68,0.12006006589207233
211,1,10,150,68,0.0
212,1,10,150,68,0.047528395396896204
213,1,10,150,68,0.2846011939118271
214,1,10,150,68,0.17169301418933652
215,1,10,150,68,0.255708749192597
216,1,10,150,68,0.18920848610998078
217,1,10,150,68,0.08016750925175155
218,1,10,150,68,0.0383846381653829
219,1,10,150,68,0.0
220,1,10,150,68,0.034616222155696735
221,1,10,150,68,0.0573025779546589
222,1,10,150,68,0.19286061622045952
223,1,10,150,68,0.10677939756546245
224,1,10,150,68,0.05063184750458143
225,1,10,150,68,0.1677481946997085
226,1,10,150,68,0.23814675809782818
227,1,10,150,68,0.10623119772529849
228,1,10,150,68,0.02917403367304273
229,1,10,150,68,0.0
230,1,10,150,68,0.24291364051848852
231,1,10,150,68,0.0
232,1,10,150,68,0.0914735250933564
233,1,10,150,68,0.14835547983755953
234,1,10,150,68,0.20758562971762845
235,1,10,150,68,0.23280252396956425
236,1,10,150,68,0.13123532326882845
237,1,10,150,68,0.24352191769087017
238,1,10,150,68,0.0
239,1,10,150,68,0.1470299562480846
240,1,10,150,68,0.0
241,1,10,150,68,0.047978870624887156
242,1,10,150,68,0.0
243,1,10,150,68,0.12898989924507495
244,1,10,150,68,0.20217114535807926
245,1,10,150,68,0.14708113704642112
246,1,10,150,68,0.08256255687957474
247,1,10,150,68,0.08883649703748449
248,1,10,150,68,0.1352712391738193
249,1,10,150,68,0.31803626561140563
250,1,10,150,68,0.12416587904357097
251,1,10,150,68,0.1369922724163038
252,1,10,150,68,0.15744006533381547
253,1,10,150,68,0.2443190287228016
254,1,10,150,68,0.07800564904411925
255,1,10,150,68,0.06847316147390722
256,1,10,150,68,0.20355155293065483
257,1,10,150,68,0.18334876608371883
258,1,10,150,68,0.0
259,1,10,150,68,0.062479569258293385
260,1,10,150,68,0.0
261,1,10,150,68,0.0
262,1,10,150,68,0.0
263,1,10,150,68,0.23364586802829987
264,1,10,150,68,0.07557807813033135
265,1,10,150,68,0.31140524445517653
266,1,10,150,68,0.05919139647768146
267,1,10,150,68,0.12888657366964593
268,1,10,150,68,0.14323561969182647
269,1,10,150,68,0.3831920468926925
270,1,10,150,68,0.10832567847977925
271,1,10,150,68,0.22594180090412894
272,1,10,150,68,0.23321348468935416
273,1,10,150,68,0.03860961209670539
274,1,10,150,68,0.20267731815698697
275,1,10,150,68,0.015522912158152052
276,1,10,150,68,0.41239050816076084
277,1,10,150,68,0.09982873474912346
278,1,10,150,68,0.07867548793068165
279,1,10,150,68,0.19114189009461216
280,1,10,150,68,0.22064286685659243
281,1,10,150,68,0.049432410190049694
282,1,10,150,68,0.0
283,1,10,150,68,0.18675758970511055
284,1,10,150,68,0.07891945711936355
285,1,10,150,68,0.06473560181867054
286,1,10,150,68,0.27963498397617514
287,1,10,150,68,0.277373713129501
288,1,10,150,68,0.2239083677057859
289,1,10,150,68,0.0
290,1,10,150,68,0.10251320960734964
291,1,10,150,68,0.14849332881226052
292,1,10,150,68,0.14556829574074134
293,1,10,150,68,0.20648682437383148
294,1,10,150,68,0.010673514283348269
295,1,10,150,68,0.22547592899918106
296,1,10,150,68,0.22632441986607624
297,1,10,150,68,0.12464295498468685
298,1,10,150,68,0.23980329198606234
299,1,10,150,68,0.1355141282601383
300,1,10,150,68,0.04336490181597879
301,1,10,150,68,0.34196795671196967
302,1,10,150,68,0.13927874459665815
303,1,10,150,68,0.3233541197476283
304,1,10,150,68,0.0
305,1,10,150,68,0.18140865215467905
306,1,10,150,68,0.08156911164475483
307,1,10,150,68,0.22610915121692726
308,1,10,150,68,0.4207898568196127
309,1,10,150,68,0.0
310,1,10,150,68,0.06900643972011666
311,1,10,150,68,0.3083622489733404
312,1,10,150,68,0.20914388839222678
313,1,10,150,68,0.3183736419969443
314,1,10,150,68,0.19075066124338655
315,1,10,150,68,0.286099807090925
316,1,10,150,68,0.13442824029706346
317,1,10,150,68,0.0
318,1,10,150,68,0.09296239697637254
319,1,10,150,68,0.06591877139737895
320,1,10,150,68,0.20615519418117823
321,1,10,150,68,0.15427224748816595
322,1,10,150,68,0.25443358806602195
323,1,10,150,68,0.20144166357013524
324,1,10,150,68,0.0734773909038217
325,1,10,150,68,0.0901883711443618
326,1,10,150,68,0.24370395012659077
327,1,10,150,68,0.015345371411449869
328,1,10,150,68,0.1747302066035082
329,1,10,150,68,0.04249704384086923
330,1,10,150,68,0.23414043416332436
331,1,10,150,68,0.09091966573968718
332,1,10,150,68,0.12191151873443251
333,1,10,150,68,0.1014371752449239
334,1,10,150,68,0.10740646723977308
335,1,10,150,68,0.08149421541954936
336,1,10,150,68,0.1252879373315154
337,1,10,150,68,0.10521567817367497
338,1,10,150,68,0.15896841246993118
339,1,10,150,68,0.31005079910660344
340,1,10,150,68,0.2868621552039377
341,1,10,150,68,0.0
342,1,10,150,68,0.08800114940294287
343,1,10,150,68,0.3052387418223723
344,1,10,150,68,0.2515061373561631
345,1,10,150,68,0.10071042434951848
346,1,10,150,68,0.10819332410049512
347,1,10,150,68,0.2617700079694438
348,1,10,150,68,0.18923084143550442
349,1,10,150,68,0.25859803951431987
350,1,10,150,68,0.057127212566552996
351,1,10,150,68,0.0
352,1,10,150,68,0.11369404114489928
353,1,10,150,68,0.0
354,1,10,150,68,0.1588780765423572
355,1,10,150,68,0.0
356,1,10,150,68,0.0
357,1,10,150,68,0.06959508771708611
358,1,10,150,68,0.06323567569191428
359,1,10,150,68,0.20040659896939605
360,1,10,150,68,0.1692259700041561
361,1,10,150,68,0.15572261253779404
362,1,10,150,68,0.15042501043191572
363,1,10,150,68,0.11644927554558268
364,1,10,150,68,0.0
365,1,10,150,68,0.14456587527532935
366,1,10,150,68,0.13610100259425117
367,1,10,150,68,0.09318938969635672
368,1,10,150,68,0.042512356679180144
369,1,10,150,68,0.0
370,1,10,150,68,0.19811064503366002
371,1,10,150,68,0.1319132354603233
372,1,10,150,68,0.13916735218438364
373,1,10,150,68,0.13411416980557384
374,1,10,150,68,0.12672360592808082
375,1,10,150,68,0.04282650856324445
376,1,10,150,68,0.0
377,1,10,150,68,0.0913219819219427
378,1,10,150,68,0.1795745377962839
379,1,10,150,68,0.14106132623401474
380,1,10,150,68,0.04113515715432896
381,1,10,150,68,0.10899879606790715
382,1,10,150,68,0.0
383,1,10,150,68,0.11713125931833299
384,1,10,150,68,0.0561173220664886
385,1,10,150,68,0.13025997967334663
386,1,10,150,68,0.14606834984270645
387,1,10,150,68,0.15506757783248168
388,1,10,150,68,0.08659331667411305
389,1,10,150,68,0.10252075421790169
390,1,10,150,68,0.05307577057513386
391,1,10,150,68,0.08907375584162422
392,1,10,150,68,0.18499940411030946
393,1,10,150,68,0.3053510134284867
394,1,10,150,68,0.10657019454040408
395,1,10,150,68,0.08245965301555258
396,1,10,150,68,0.0
397,1,10,150,68,0.10540164605552274
398,1,10,150,68,0.1406230079272144
399,1,10,150,68,0.022109090289484597
400,1,10,150,68,0.0
401,1,10,150,68,0.016941778998402247
402,1,10,150,68,0.11288598947105788
403,1,10,150,68,0.09224219235917257
404,1,10,150,68,0.05446824630887794
405,1,10,150,68,0.24408349905437055
406,1,10,150,68,0.15003108558631417
407,1,10,150,68,0.031104745345423533
408,1,10,150,68,0.0
409,1,10,150,68,0.11976431141977988
410,1,10,150,68,0.0
411,1,10,150,68,0.0
412,1,10,150,68,0.15001451003751623
413,1,10,150,68,0.04935421935348238
414,1,10,150,68,0.1309019901681972
415,1,10,150,68,0.0
416,1,10,150,68,0.26701029666570425
417,1,10,150,68,0.12309745810327996
418,1,10,150,68,0.14436292983286242
419,1,10,150,68,0.0
420,1,10,150,68,0.19519002499605084
421,1,10,150,68,0.0
422,1,10,150,68,0.030480958763669998
423,1,10,150,68,0.0
424,1,10,150,68,0.0
425,1,10,150,68,0.0
426,1,10,150,68,0.11229023146606223
427,1,10,150,68,0.0
428,1,10,150,68,0.04822019817866397
429,1,10,150,68,0.14062551472815982
430,1,10,150,68,0.0
431,1,10,150,68,0.0
432,1,10,150,68,0.0
433,1,10,150,68,0.20451415323992994
434,1,10,150,68,0.0
435,1,10,150,68,0.08127781909048552
436,1,10,150,68,0.09499424853799125
437,1,10,150,68,0.14945564650669343
438,1,10,150,68,0.0
439,1,10,150,68,0.18154179253735267
440,1,10,150,68,0.0
442,1,10,150,68,0.0733934381893728
444,1,10,150,68,0.0
445,1,10,150,68,0.0
446,1,10,150,68,0.0
447,1,10,150,68,0.0
448,1,10,150,68,0.0
449,1,10,150,68,0.04971883051739238
450,1,10,150,68,0.17556211942720856
451,1,10,150,68,0.05497526658285817
452,1,10,150,68,0.05780700008370542
453,1,10,150,68,0.1515771522786143
454,1,10,150,68,0.1059131727358383
455,1,10,150,68,0.0
456,1,10,150,68,0.0
457,1,10,150,68,0.14751814893861787
458,1,10,150,68,0.0
459,1,10,150,68,0.0
460,1,10,150,68,0.0
462,1,10,150,68,0.0
1,1,10,150,69,0.5688266175172852
2,1,10,150,69,0.1011519894320134
3,1,10,150,69,0.020132733082951743
4,1,10,150,69,0.11528901748471758
5,1,10,150,69,0.04587899032264156
6,1,10,150,69,0.20190591045922332
7,1,10,150,69,0.39356833054734863
8,1,10,150,69,0.19541031409018228
9,1,10,150,69,0.03789879717220718
10,1,10,150,69,0.32606846766696385
11,1,10,150,69,0.17287037976874348
12,1,10,150,69,0.12022816103951169
13,1,10,150,69,0.49503002609919994
14,1,10,150,69,0.32622009962228
15,1,10,150,69,0.050262678017164185
16,1,10,150,69,0.22863892778749303
17,1,10,150,69,0.10122860821230018
18,1,10,150,69,0.2591895054888008
19,1,10,150,69,0.13886244387355454
20,1,10,150,69,0.05692185311373096
21,1,10,150,69,0.052394099637255116
22,1,10,150,69,0.12801304733456464
23,1,10,150,69,0.0
24,1,10,150,69,0.1894711133610512
25,1,10,150,69,0.17085280125179103
26,1,10,150,69,0.0
27,1,10,150,69,0.0
28,1,10,150,69,0.24829192510351253
29,1,10,150,69,0.0
30,1,10,150,69,0.0
31,1,10,150,69,0.038437318942299493
32,1,10,150,69,0.11469999139467348
33,1,10,150,69,0.0
34,1,10,150,69,0.0
35,1,10,150,69,0.0
36,1,10,150,69,0.0
37,1,10,150,69,0.15133867332691472
38,1,10,150,69,0.19295151667656757
39,1,10,150,69,0.0993029104208021
40,1,10,150,69,0.3197267407502473
41,1,10,150,69,0.0224586613737933
42,1,10,150,69,0.25822288029393775
43,1,10,150,69,0.297080096928373
44,1,10,150,69,0.07382893683600039
45,1,10,150,69,0.04094516368001556
46,1,10,150,69,0.02795730764456241
47,1,10,150,69,0.0
48,1,10,150,69,0.22961445578066944
49,1,10,150,69,0.10259860695530222
50,1,10,150,69,0.0
51,1,10,150,69,0.0
52,1,10,150,69,0.02753109834834184
53,1,10,150,69,0.1369821642818139
54,1,10,150,69,0.12836415432918194
55,1,10,150,69,0.0
56,1,10,150,69,0.20179573229005018
57,1,10,150,69,0.1825067720422371
58,1,10,150,69,0.15822381464769392
59,1,10,150,69,0.3559617109848488
60,1,10,150,69,0.25502487519080097
61,1,10,150,69,0.0
62,1,10,150,69,0.20813901850756072
63,1,10,150,69,0.033669757978328795
64,1,10,150,69,0.14452218395072486
65,1,10,150,69,0.2306157261998143
66,1,10,150,69,0.0
67,1,10,150,69,0.03314040476303028
68,1,10,150,69,0.0
69,1,10,150,69,0.25224764194294225
70,1,10,150,69,0.0250102380952241
71,1,10,150,69,0.0
72,1,10,150,69,0.23884724223409404
73,1,10,150,69,0.22453841950176487
74,1,10,150,69,0.03272011597426011
75,1,10,150,69,0.10310690100385646
76,1,10,150,69,0.10235900919628077
77,1,10,150,69,0.45927229869726693
78,1,10,150,69,0.05658242244874664
79,1,10,150,69,0.4102269223050506
80,1,10,150,69,0.1466914912588887
81,1,10,150,69,0.034380101046999886
82,1,10,150,69,0.19212594398286456
83,1,10,150,69,0.10860868470823588
84,1,10,150,69,0.05683844068224461
85,1,10,150,69,0.056695969527764414
86,1,10,150,69,0.0
87,1,10,150,69,0.1537381580345623
88,1,10,150,69,0.0
89,1,10,150,69,0.17107843556110094
90,1,10,150,69,0.2625644954113922
91,1,10,150,69,0.15371785092569112
92,1,10,150,69,0.3400985018371652
93,1,10,150,69,0.0
94,1,10,150,69,0.45251130007317897
95,1,10,150,69,0.27197961512968727
96,1,10,150,69,0.3781493395140278
97,1,10,150,69,0.16145556611981818
98,1,10,150,69,0.19533769320769842
99,1,10,150,69,0.17467450011300584
100,1,10,150,69,0.022805505402617214
101,1,10,150,69,0.04161098736885563
102,1,10,150,69,0.022405884135719655
103,1,10,150,69,0.15394621921377785
104,1,10,150,69,0.015190330175114026
105,1,10,150,69,0.05200670101006268
106,1,10,150,69,0.31023153259588415
107,1,10,150,69,0.0
108,1,10,150,69,0.06036985955798015
109,1,10,150,69,0.27237118204071004
110,1,10,150,69,0.01329176515643974
111,1,10,150,69,0.038281751104512325
112,1,10,150,69,0.0
113,1,10,150,69,0.02769198719673247
114,1,10,150,69,0.0973553014914488
115,1,10,150,69,0.341866508559041
116,1,10,150,69,0.0380545682064199
117,1,10,150,69,0.25596974895629354
118,1,10,150,69,0.10713028046710026
119,1,10,150,69,0.1531035902937634
120,1,10,150,69,0.12171775198765021
121,1,10,150,69,0.18136606922889512
122,1,10,150,69,0.10664211019584975
123,1,10,150,69,0.045465875186671466
124,1,10,150,69,0.18978688349077963
125,1,10,150,69,0.2480132152980596
126,1,10,150,69,0.0
127,1,10,150,69,0.071512236588497
128,1,10,150,69,0.23253469065916604
129,1,10,150,69,0.03443731487202246
130,1,10,150,69,0.32888312356844557
131,1,10,150,69,0.25372733625822586
132,1,10,150,69,0.12238042572284785
133,1,10,150,69,0.0
134,1,10,150,69,0.0
135,1,10,150,69,0.04046615435059731
136,1,10,150,69,0.2748136430911722
137,1,10,150,69,0.2743594324138151
138,1,10,150,69,0.06921281869643399
139,1,10,150,69,0.06016179456846956
140,1,10,150,69,0.039232819060514755
141,1,10,150,69,0.11662339638528424
142,1,10,150,69,0.04395738023645723
143,1,10,150,69,0.0
144,1,10,150,69,0.1394701821961696
145,1,10,150,69,0.2887800292878145
146,1,10,150,69,0.0
147,1,10,150,69,0.038800293177871176
148,1,10,150,69,0.2755196640610253
149,1,10,150,69,0.0
150,1,10,150,69,0.0
151,1,10,150,69,0.29394659145352875
152,1,10,150,69,0.15405431712229856
153,1,10,150,69,0.21315403751398063
154,1,10,150,69,0.12092068107181612
155,1,10,150,69,0.0
156,1,10,150,69,0.056765037818527084
157,1,10,150,69,0.07267844514201649
158,1,10,150,69,0.29402399179901834
159,1,10,150,69,0.06521625450990476
160,1,10,150,69,0.17465425782884814
161,1,10,150,69,0.11310115632029788
162,1,10,150,69,0.0475858026939827
163,1,10,150,69,0.08930748165857323
164,1,10,150,69,0.10419060831992506
165,1,10,150,69,0.16621229711010693
166,1,10,150,69,0.0
167,1,10,150,69,0.1606298866119576
168,1,10,150,69,0.044682472154713174
169,1,10,150,69,0.14269884249349324
170,1,10,150,69,0.0
171,1,10,150,69,0.0
172,1,10,150,69,0.0
173,1,10,150,69,0.02795730764456241
174,1,10,150,69,0.12756556432250002
175,1,10,150,69,0.10467701423324277
176,1,10,150,69,0.12162507554983247
177,1,10,150,69,0.1655922659307943
178,1,10,150,69,0.27351159228102906
179,1,10,150,69,0.024952538365330408
180,1,10,150,69,0.16785636010946767
181,1,10,150,69,0.1068845461273471
182,1,10,150,69,0.04195229264874745
183,1,10,150,69,0.02831169742649504
184,1,10,150,69,0.14768232726381864
185,1,10,150,69,0.0208917977510647
186,1,10,150,69,0.059346711161619776
187,1,10,150,69,0.17040981197472238
188,1,10,150,69,0.14452344993478855
189,1,10,150,69,0.29560798079293454
190,1,10,150,69,0.05339229345473345
191,1,10,150,69,0.0
192,1,10,150,69,0.10363179610670267
193,1,10,150,69,0.015341597742551824
194,1,10,150,69,0.07945500353482723
195,1,10,150,69,0.12225370560623582
196,1,10,150,69,0.07706308624591164
197,1,10,150,69,0.14879162765894735
198,1,10,150,69,0.03513605868812739
199,1,10,150,69,0.049748115641606416
200,1,10,150,69,0.24877120995640253
201,1,10,150,69,0.06664610518257912
202,1,10,150,69,0.0
203,1,10,150,69,0.05370431689540528
204,1,10,150,69,0.027001973670935885
205,1,10,150,69,0.36484800394146205
206,1,10,150,69,0.03974771280526578
207,1,10,150,69,0.16759287262703687
208,1,10,150,69,0.026258715116272383
209,1,10,150,69,0.03243822298569767
210,1,10,150,69,0.12006006589207233
211,1,10,150,69,0.0
212,1,10,150,69,0.047528395396896204
213,1,10,150,69,0.2958934158860559
214,1,10,150,69,0.17169301418933652
215,1,10,150,69,0.255708749192597
216,1,10,150,69,0.18920848610998078
217,1,10,150,69,0.08016750925175155
218,1,10,150,69,0.0383846381653829
219,1,10,150,69,0.0
220,1,10,150,69,0.034616222155696735
221,1,10,150,69,0.0573025779546589
222,1,10,150,69,0.19090698153308733
223,1,10,150,69,0.10677939756546245
224,1,10,150,69,0.0501189582713664
225,1,10,150,69,0.1677481946997085
226,1,10,150,69,0.23814675809782818
227,1,10,150,69,0.10623119772529849
228,1,10,150,69,0.02917403367304273
229,1,10,150,69,0.0
230,1,10,150,69,0.24291364051848852
231,1,10,150,69,0.0
232,1,10,150,69,0.0914735250933564
233,1,10,150,69,0.14835547983755953
234,1,10,150,69,0.20548283395370337
235,1,10,150,69,0.23280252396956425
236,1,10,150,69,0.13123532326882845
237,1,10,150,69,0.24352191769087017
238,1,10,150,69,0.0
239,1,10,150,69,0.14554057584353
240,1,10,150,69,0.0
241,1,10,150,69,0.047978870624887156
242,1,10,150,69,0.0
243,1,10,150,69,0.12898989924507495
244,1,10,150,69,0.20012319710354384
245,1,10,150,69,0.14708113704642112
246,1,10,150,69,0.08172621673839373
247,1,10,150,69,0.08883649703748449
248,1,10,150,69,0.1352712391738193
249,1,10,150,69,0.3148146297351077
250,1,10,150,69,0.12416587904357097
251,1,10,150,69,0.1369922724163038
252,1,10,150,69,0.15744006533381547
253,1,10,150,69,0.2443190287228016
254,1,10,150,69,0.07721546935492148
255,1,10,150,69,0.06847316147390722
256,1,10,150,69,0.20148962145772395
257,1,10,150,69,0.18334876608371883
258,1,10,150,69,0.0
259,1,10,150,69,0.08642802717301845
260,1,10,150,69,0.0
261,1,10,150,69,0.0
262,1,10,150,69,0.0
263,1,10,150,69,0.23364586802829987
264,1,10,150,69,0.07557807813033135
265,1,10,150,69,0.31140524445517653
266,1,10,150,69,0.05919139647768146
267,1,10,150,69,0.1275809816519903
268,1,10,150,69,0.14178467506362238
269,1,10,150,69,0.3793103975989923
270,1,10,150,69,0.10832567847977925
271,1,10,150,69,0.22365306125253995
272,1,10,150,69,0.23321348468935416
273,1,10,150,69,0.03860961209670539
274,1,10,150,69,0.20267731815698697
275,1,10,150,69,0.015522912158152052
276,1,10,150,69,0.4082130850182103
277,1,10,150,69,0.09982873474912346
278,1,10,150,69,0.07867548793068165
279,1,10,150,69,0.18920566571652628
280,1,10,150,69,0.21840780421570807
281,1,10,150,69,0.049432410190049694
282,1,10,150,69,0.0
283,1,10,150,69,0.18675758970511055
284,1,10,150,69,0.07891945711936355
285,1,10,150,69,0.06473560181867054
286,1,10,150,69,0.276802344450259
287,1,10,150,69,0.277373713129501
288,1,10,150,69,0.2239083677057859
289,1,10,150,69,0.0
290,1,10,150,69,0.10147477383893001
291,1,10,150,69,0.146989124772596
292,1,10,150,69,0.14556829574074134
293,1,10,150,69,0.21452493446167903
294,1,10,150,69,0.010673514283348269
295,1,10,150,69,0.22319190852526152
296,1,10,150,69,0.22403180437041526
297,1,10,150,69,0.13351012507099783
298,1,10,150,69,0.2526281925812956
299,1,10,150,69,0.13414140060435098
300,1,10,150,69,0.04336490181597879
301,1,10,150,69,0.3385038981846516
302,1,10,150,69,0.13927874459665815
303,1,10,150,69,0.3200786152043806
304,1,10,150,69,0.0
305,1,10,150,69,0.17957102328889915
306,1,10,150,69,0.08156911164475483
307,1,10,150,69,0.22610915121692726
308,1,10,150,69,0.41652735016331605
309,1,10,150,69,0.0
310,1,10,150,69,0.06900643972011666
311,1,10,150,69,0.31536838391152405
312,1,10,150,69,0.21715508301887423
313,1,10,150,69,0.3151485885737028
314,1,10,150,69,0.18881839992561558
315,1,10,150,69,0.286099807090925
316,1,10,150,69,0.13442824029706346
317,1,10,150,69,0.0
318,1,10,150,69,0.09202070879288825
319,1,10,150,69,0.06591877139737895
320,1,10,150,69,0.20406688840767642
321,1,10,150,69,0.15427224748816595
322,1,10,150,69,0.25443358806602195
323,1,10,150,69,0.20144166357013524
324,1,10,150,69,0.0734773909038217
325,1,10,150,69,0.0901883711443618
326,1,10,150,69,0.24123528389629784
327,1,10,150,69,0.015189926248681391
328,1,10,150,69,0.1729602288898514
329,1,10,150,69,0.04249704384086923
330,1,10,150,69,0.23414043416332436
331,1,10,150,69,0.09091966573968718
332,1,10,150,69,0.12191151873443251
333,1,10,150,69,0.1014371752449239
334,1,10,150,69,0.10631846387153814
335,1,10,150,69,0.08149421541954936
336,1,10,150,69,0.1252879373315154
337,1,10,150,69,0.10521567817367497
338,1,10,150,69,0.15896841246993118
339,1,10,150,69,0.3069100542108715
340,1,10,150,69,0.2868621552039377
341,1,10,150,69,0.0
342,1,10,150,69,0.0871097175420922
343,1,10,150,69,0.30214674198518227
344,1,10,150,69,0.24895843672316123
345,1,10,150,69,0.09969025039049573
346,1,10,150,69,0.10819332410049512
347,1,10,150,69,0.2591183366344408
348,1,10,150,69,0.18923084143550442
349,1,10,150,69,0.25859803951431987
350,1,10,150,69,0.057127212566552996
351,1,10,150,69,0.02907522751061953
352,1,10,150,69,0.11369404114489928
353,1,10,150,69,0.0
354,1,10,150,69,0.15726867734267136
355,1,10,150,69,0.0
356,1,10,150,69,0.0
357,1,10,150,69,0.06959508771708611
358,1,10,150,69,0.06323567569191428
359,1,10,150,69,0.20040659896939605
360,1,10,150,69,0.1692259700041561
361,1,10,150,69,0.15572261253779404
362,1,10,150,69,0.15042501043191572
363,1,10,150,69,0.1152696705620273
364,1,10,150,69,0.0
365,1,10,150,69,0.14456587527532935
366,1,10,150,69,0.13610100259425117
367,1,10,150,69,0.11436773481003104
368,1,10,150,69,0.042512356679180144
369,1,10,150,69,0.0
370,1,10,150,69,0.19811064503366002
371,1,10,150,69,0.1319132354603233
372,1,10,150,69,0.13916735218438364
373,1,10,150,69,0.1327556234142215
374,1,10,150,69,0.12543992428741352
375,1,10,150,69,0.04282650856324445
376,1,10,150,69,0.0
377,1,10,150,69,0.0913219819219427
378,1,10,150,69,0.17775548809664682
379,1,10,150,69,0.14106132623401474
380,1,10,150,69,0.04113515715432896
381,1,10,150,69,0.10899879606790715
382,1,10,150,69,0.0
383,1,10,150,69,0.11713125931833299
384,1,10,150,69,0.0561173220664886
385,1,10,150,69,0.12894047536161432
386,1,10,150,69,0.14606834984270645
387,1,10,150,69,0.15349677812812926
388,1,10,150,69,0.08659331667411305
389,1,10,150,69,0.1014822420242732
390,1,10,150,69,0.05307577057513386
391,1,10,150,69,0.08907375584162422
392,1,10,150,69,0.18499940411030946
393,1,10,150,69,0.3022578763051653
394,1,10,150,69,0.10657019454040408
395,1,10,150,69,0.08245965301555258
396,1,10,150,69,0.0
397,1,10,150,69,0.10540164605552274
398,1,10,150,69,0.1406230079272144
399,1,10,150,69,0.021885130174961232
400,1,10,150,69,0.0
401,1,10,150,69,0.016941778998402247
402,1,10,150,69,0.11288598947105788
403,1,10,150,69,0.09224219235917257
404,1,10,150,69,0.05446824630887794
405,1,10,150,69,0.2517407632794122
406,1,10,150,69,0.15003108558631417
407,1,10,150,69,0.031104745345423533
408,1,10,150,69,0.0
409,1,10,150,69,0.11976431141977988
410,1,10,150,69,0.0
411,1,10,150,69,0.0
412,1,10,150,69,0.15001451003751623
413,1,10,150,69,0.04935421935348238
414,1,10,150,69,0.1309019901681972
415,1,10,150,69,0.0
416,1,10,150,69,0.26430554238422166
417,1,10,150,69,0.12309745810327996
418,1,10,150,69,0.14436292983286242
419,1,10,150,69,0.0
420,1,10,150,69,0.19519002499605084
421,1,10,150,69,0.0
422,1,10,150,69,0.030480958763669998
423,1,10,150,69,0.0
424,1,10,150,69,0.0
425,1,10,150,69,0.0
426,1,10,150,69,0.11229023146606223
427,1,10,150,69,0.0
428,1,10,150,69,0.04822019817866397
429,1,10,150,69,0.14062551472815982
430,1,10,150,69,0.0
431,1,10,150,69,0.0
432,1,10,150,69,0.0
433,1,10,150,69,0.20451415323992994
434,1,10,150,69,0.0
435,1,10,150,69,0.08127781909048552
436,1,10,150,69,0.09499424853799125
437,1,10,150,69,0.14945564650669343
438,1,10,150,69,0.0
439,1,10,150,69,0.18154179253735267
440,1,10,150,69,0.0
442,1,10,150,69,0.0733934381893728
444,1,10,150,69,0.0
445,1,10,150,69,0.0
446,1,10,150,69,0.0
447,1,10,150,69,0.0
448,1,10,150,69,0.0
449,1,10,150,69,0.04971883051739238
450,1,10,150,69,0.17556211942720856
451,1,10,150,69,0.05497526658285817
452,1,10,150,69,0.05780700008370542
453,1,10,150,69,0.1515771522786143
454,1,10,150,69,0.1059131727358383
455,1,10,150,69,0.0
456,1,10,150,69,0.0
457,1,10,150,69,0.14751814893861787
458,1,10,150,69,0.0
459,1,10,150,69,0.0
460,1,10,150,69,0.0
462,1,10,150,69,0.0
1,1,10,150,70,0.5631411071551433
2,1,10,150,70,0.1011519894320134
3,1,10,150,70,0.020132733082951743
4,1,10,150,70,0.11528901748471758
5,1,10,150,70,0.0454204226908692
6,1,10,150,70,0.1998878295348391
7,1,10,150,70,0.39962970924241176
8,1,10,150,70,0.19541031409018228
9,1,10,150,70,0.03789879717220718
10,1,10,150,70,0.3328045179720241
11,1,10,150,70,0.17114251348187315
12,1,10,150,70,0.12022816103951169
13,1,10,150,70,0.5000772793935596
14,1,10,150,70,0.32622009962228
15,1,10,150,70,0.050262678017164185
16,1,10,150,70,0.23634880147125026
17,1,10,150,70,0.10122860821230018
18,1,10,150,70,0.2565988661378386
19,1,10,150,70,0.13886244387355454
20,1,10,150,70,0.05692185311373096
21,1,10,150,70,0.05187041247630109
22,1,10,150,70,0.12801304733456464
23,1,10,150,70,0.0
24,1,10,150,70,0.1894711133610512
25,1,10,150,70,0.17085280125179103
26,1,10,150,70,0.0
27,1,10,150,70,0.0
28,1,10,150,70,0.24829192510351253
29,1,10,150,70,0.0
30,1,10,150,70,0.0
31,1,10,150,70,0.038437318942299493
32,1,10,150,70,0.11469999139467348
33,1,10,150,70,0.0
34,1,10,150,70,0.0
35,1,10,150,70,0.0
36,1,10,150,70,0.0
37,1,10,150,70,0.15133867332691472
38,1,10,150,70,0.19295151667656757
39,1,10,150,70,0.0993029104208021
40,1,10,150,70,0.3197267407502473
41,1,10,150,70,0.0224586613737933
42,1,10,150,70,0.2556419025118833
43,1,10,150,70,0.29411073523281017
44,1,10,150,70,0.07309100514912
45,1,10,150,70,0.04094516368001556
46,1,10,150,70,0.02795730764456241
47,1,10,150,70,0.0
48,1,10,150,70,0.22961445578066944
49,1,10,150,70,0.10157311794859629
50,1,10,150,70,0.0
51,1,10,150,70,0.0
52,1,10,150,70,0.02753109834834184
53,1,10,150,70,0.1369821642818139
54,1,10,150,70,0.12836415432918194
55,1,10,150,70,0.0
56,1,10,150,70,0.19977875261357392
57,1,10,150,70,0.1825067720422371
58,1,10,150,70,0.1566423430533381
59,1,10,150,70,0.3524038184144143
60,1,10,150,70,0.2524758619662973
61,1,10,150,70,0.0
62,1,10,150,70,0.2060586367004368
63,1,10,150,70,0.033669757978328795
64,1,10,150,70,0.14307766228259763
65,1,10,150,70,0.2306157261998143
66,1,10,150,70,0.0
67,1,10,150,70,0.03314040476303028
68,1,10,150,70,0.0
69,1,10,150,70,0.25224764194294225
70,1,10,150,70,0.0250102380952241
71,1,10,150,70,0.0
72,1,10,150,70,0.23884724223409404
73,1,10,150,70,0.22453841950176487
74,1,10,150,70,0.03272011597426011
75,1,10,150,70,0.10310690100385646
76,1,10,150,70,0.10235900919628077
77,1,10,150,70,0.45927229869726693
78,1,10,150,70,0.05658242244874664
79,1,10,150,70,0.4102269223050506
80,1,10,150,70,0.1466914912588887
81,1,10,150,70,0.034380101046999886
82,1,10,150,70,0.19020561534191854
83,1,10,150,70,0.10752312404122207
84,1,10,150,70,0.05683844068224461
85,1,10,150,70,0.0561292845093159
86,1,10,150,70,0.0
87,1,10,150,70,0.1522015212745296
88,1,10,150,70,0.0
89,1,10,150,70,0.17107843556110094
90,1,10,150,70,0.2599401225121288
91,1,10,150,70,0.15371785092569112
92,1,10,150,70,0.3366991645051962
93,1,10,150,70,0.0
94,1,10,150,70,0.4479883793688324
95,1,10,150,70,0.2692611366469812
96,1,10,150,70,0.3781493395140278
97,1,10,150,70,0.16145556611981818
98,1,10,150,70,0.19533769320769842
99,1,10,150,70,0.1729286013631741
100,1,10,150,70,0.022805505402617214
101,1,10,150,70,0.04161098736885563
102,1,10,150,70,0.02218193384488659
103,1,10,150,70,0.15394621921377785
104,1,10,150,70,0.015190330175114026
105,1,10,150,70,0.05200670101006268
106,1,10,150,70,0.31023153259588415
107,1,10,150,70,0.0
108,1,10,150,70,0.06036985955798015
109,1,10,150,70,0.2696487897859309
110,1,10,150,70,0.025730099886965674
111,1,10,150,70,0.038281751104512325
112,1,10,150,70,0.0
113,1,10,150,70,0.02769198719673247
114,1,10,150,70,0.0973553014914488
115,1,10,150,70,0.341866508559041
116,1,10,150,70,0.0380545682064199
117,1,10,150,70,0.25596974895629354
118,1,10,150,70,0.10713028046710026
119,1,10,150,70,0.15157329613682746
120,1,10,150,70,0.12171775198765021
121,1,10,150,70,0.18136606922889512
122,1,10,150,70,0.10664211019584975
123,1,10,150,70,0.045465875186671466
124,1,10,150,70,0.18978688349077963
125,1,10,150,70,0.24553428470286395
126,1,10,150,70,0.0
127,1,10,150,70,0.071512236588497
128,1,10,150,70,0.2302104703210417
129,1,10,150,70,0.03443731487202246
130,1,10,150,70,0.33559104095074704
131,1,10,150,70,0.25372733625822586
132,1,10,150,70,0.12238042572284785
133,1,10,150,70,0.0
134,1,10,150,70,0.0
135,1,10,150,70,0.04046615435059731
136,1,10,150,70,0.2748136430911722
137,1,10,150,70,0.2743594324138151
138,1,10,150,70,0.0897467133453464
139,1,10,150,70,0.06016179456846956
140,1,10,150,70,0.039232819060514755
141,1,10,150,70,0.11662339638528424
142,1,10,150,70,0.04395738023645723
143,1,10,150,70,0.0
144,1,10,150,70,0.13807615606998883
145,1,10,150,70,0.2958887833241418
146,1,10,150,70,0.0
147,1,10,150,70,0.038800293177871176
148,1,10,150,70,0.2755196640610253
149,1,10,150,70,0.0
150,1,10,150,70,0.0
151,1,10,150,70,0.3010037048988127
152,1,10,150,70,0.15405431712229856
153,1,10,150,70,0.21315403751398063
154,1,10,150,70,0.12092068107181612
155,1,10,150,70,0.0
156,1,10,150,70,0.056765037818527084
157,1,10,150,70,0.07267844514201649
158,1,10,150,70,0.291085176348736
159,1,10,150,70,0.06521625450990476
160,1,10,150,70,0.17465425782884814
161,1,10,150,70,0.11310115632029788
162,1,10,150,70,0.0475858026939827
163,1,10,150,70,0.08930748165857323
164,1,10,150,70,0.12193954395985479
165,1,10,150,70,0.16621229711010693
166,1,10,150,70,0.0
167,1,10,150,70,0.17799963554057005
168,1,10,150,70,0.044682472154713174
169,1,10,150,70,0.14269884249349324
170,1,10,150,70,0.0
171,1,10,150,70,0.0
172,1,10,150,70,0.0
173,1,10,150,70,0.02795730764456241
174,1,10,150,70,0.126290526700362
175,1,10,150,70,0.10467701423324277
176,1,10,150,70,0.12162507554983247
177,1,10,150,70,0.1655922659307943
178,1,10,150,70,0.27077780144882974
179,1,10,150,70,0.024952538365330408
180,1,10,150,70,0.16785636010946767
181,1,10,150,70,0.10581621849315125
182,1,10,150,70,0.04195229264874745
183,1,10,150,70,0.02831169742649504
184,1,10,150,70,0.14620621947261078
185,1,10,150,70,0.0208917977510647
186,1,10,150,70,0.059346711161619776
187,1,10,150,70,0.17040981197472238
188,1,10,150,70,0.14452344993478855
189,1,10,150,70,0.2926533331267166
190,1,10,150,70,0.05339229345473345
191,1,10,150,70,0.0
192,1,10,150,70,0.10363179610670267
193,1,10,150,70,0.015341597742551824
194,1,10,150,70,0.07866083843774903
195,1,10,150,70,0.12225370560623582
196,1,10,150,70,0.07706308624591164
197,1,10,150,70,0.14879162765894735
198,1,10,150,70,0.03478486832606578
199,1,10,150,70,0.049748115641606416
200,1,10,150,70,0.2562798583540005
201,1,10,150,70,0.06597996701333207
202,1,10,150,70,0.0
203,1,10,150,70,0.05370431689540528
204,1,10,150,70,0.027001973670935885
205,1,10,150,70,0.36484800394146205
206,1,10,150,70,0.03974771280526578
207,1,10,150,70,0.1659177558434711
208,1,10,150,70,0.026258715116272383
209,1,10,150,70,0.03243822298569767
210,1,10,150,70,0.12006006589207233
211,1,10,150,70,0.0
212,1,10,150,70,0.047528395396896204
213,1,10,150,70,0.2958934158860559
214,1,10,150,70,0.17169301418933652
215,1,10,150,70,0.255708749192597
216,1,10,150,70,0.18920848610998078
217,1,10,150,70,0.08016750925175155
218,1,10,150,70,0.0383846381653829
219,1,10,150,70,0.0
220,1,10,150,70,0.034616222155696735
221,1,10,150,70,0.0573025779546589
222,1,10,150,70,0.1889988366110916
223,1,10,150,70,0.10677939756546245
224,1,10,150,70,0.04961801150161902
225,1,10,150,70,0.1677481946997085
226,1,10,150,70,0.23814675809782818
227,1,10,150,70,0.10623119772529849
228,1,10,150,70,0.02917403367304273
229,1,10,150,70,0.0
230,1,10,150,70,0.24291364051848852
231,1,10,150,70,0.0
232,1,10,150,70,0.0914735250933564
233,1,10,150,70,0.14835547983755953
234,1,10,150,70,0.20342900112361334
235,1,10,150,70,0.23280252396956425
236,1,10,150,70,0.13123532326882845
237,1,10,150,70,0.24352191769087017
238,1,10,150,70,0.0
239,1,10,150,70,0.15408103045740687
240,1,10,150,70,0.0
241,1,10,150,70,0.047978870624887156
242,1,10,150,70,0.0
243,1,10,150,70,0.12898989924507495
244,1,10,150,70,0.1981229346759464
245,1,10,150,70,0.14708113704642112
246,1,10,150,70,0.08090935051270119
247,1,10,150,70,0.08883649703748449
248,1,10,150,70,0.1352712391738193
249,1,10,150,70,0.31166800863055216
250,1,10,150,70,0.12416587904357097
251,1,10,150,70,0.1369922724163038
252,1,10,150,70,0.15744006533381547
253,1,10,150,70,0.2443190287228016
254,1,10,150,70,0.07644368874969738
255,1,10,150,70,0.06847316147390722
256,1,10,150,70,0.19947570140654575
257,1,10,150,70,0.18334876608371883
258,1,10,150,70,0.0
259,1,10,150,70,0.08642802717301845
260,1,10,150,70,0.0
261,1,10,150,70,0.0
262,1,10,150,70,0.0
263,1,10,150,70,0.23364586802829987
264,1,10,150,70,0.07557807813033135
265,1,10,150,70,0.31140524445517653
266,1,10,150,70,0.05919139647768146
267,1,10,150,70,0.12630578993125022
268,1,10,150,70,0.14036751522186683
269,1,10,150,70,0.37551913128056674
270,1,10,150,70,0.10832567847977925
271,1,10,150,70,0.22141761417935962
272,1,10,150,70,0.23321348468935416
273,1,10,150,70,0.03860961209670539
274,1,10,150,70,0.20267731815698697
275,1,10,150,70,0.015522912158152052
276,1,10,150,70,0.40413293185139326
277,1,10,150,70,0.09982873474912346
278,1,10,150,70,0.07867548793068165
279,1,10,150,70,0.18731452571027546
280,1,10,150,70,0.2162247843010267
281,1,10,150,70,0.049432410190049694
282,1,10,150,70,0.0
283,1,10,150,70,0.18675758970511055
284,1,10,150,70,0.07891945711936355
285,1,10,150,70,0.06473560181867054
286,1,10,150,70,0.2740356620391826
287,1,10,150,70,0.277373713129501
288,1,10,150,70,0.2239083677057859
289,1,10,150,70,0.0
290,1,10,150,70,0.10046051771871652
291,1,10,150,70,0.14551994564791948
292,1,10,150,70,0.15576768023747142
293,1,10,150,70,0.2123807244330711
294,1,10,150,70,0.010673514283348269
295,1,10,150,70,0.2209610707451922
296,1,10,150,70,0.22179257170096542
297,1,10,150,70,0.13217567064118388
298,1,10,150,70,0.2526281925812956
299,1,10,150,70,0.13280063647756488
300,1,10,150,70,0.04336490181597879
301,1,10,150,70,0.335120499163779
302,1,10,150,70,0.13927874459665815
303,1,10,150,70,0.3168793797477359
304,1,10,150,70,0.0
305,1,10,150,70,0.1777761830296554
306,1,10,150,70,0.08156911164475483
307,1,10,150,70,0.22610915121692726
308,1,10,150,70,0.41236409462544193
309,1,10,150,70,0.0
310,1,10,150,70,0.06900643972011666
311,1,10,150,70,0.3122162279479955
312,1,10,150,70,0.21498458424706163
313,1,10,150,70,0.3119986294987027
314,1,10,150,70,0.18693113070107456
315,1,10,150,70,0.286099807090925
316,1,10,150,70,0.13442824029706346
317,1,10,150,70,0.0
318,1,10,150,70,0.10109610278781057
319,1,10,150,70,0.06591877139737895
320,1,10,150,70,0.2020272081731687
321,1,10,150,70,0.15427224748816595
322,1,10,150,70,0.25443358806602195
323,1,10,150,70,0.20144166357013524
324,1,10,150,70,0.10121986794608845
325,1,10,150,70,0.0901883711443618
326,1,10,150,70,0.23882409977785252
327,1,10,150,70,0.015038100577330094
328,1,10,150,70,0.171231464547065
329,1,10,150,70,0.04249704384086923
330,1,10,150,70,0.23414043416332436
331,1,10,150,70,0.09091966573968718
332,1,10,150,70,0.1322167192336546
333,1,10,150,70,0.1014371752449239
334,1,10,150,70,0.10525579431738304
335,1,10,150,70,0.08149421541954936
336,1,10,150,70,0.1252879373315154
337,1,10,150,70,0.10521567817367497
338,1,10,150,70,0.15896841246993118
339,1,10,150,70,0.3038424405660011
340,1,10,150,70,0.2868621552039377
341,1,10,150,70,0.0
342,1,10,150,70,0.08623904238998617
343,1,10,150,70,0.2991267383855934
344,1,10,150,70,0.2564652137601553
345,1,10,150,70,0.0986938308592271
346,1,10,150,70,0.10819332410049512
347,1,10,150,70,0.2565284086272281
348,1,10,150,70,0.18923084143550442
349,1,10,150,70,0.25859803951431987
350,1,10,150,70,0.057127212566552996
351,1,10,150,70,0.02907522751061953
352,1,10,150,70,0.11369404114489928
353,1,10,150,70,0.0
354,1,10,150,70,0.15569675249398066
355,1,10,150,70,0.0
356,1,10,150,70,0.0
357,1,10,150,70,0.06959508771708611
358,1,10,150,70,0.06323567569191428
359,1,10,150,70,0.20040659896939605
360,1,10,150,70,0.1692259700041561
361,1,10,150,70,0.15572261253779404
362,1,10,150,70,0.15042501043191572
363,1,10,150,70,0.11411753230717292
364,1,10,150,70,0.0
365,1,10,150,70,0.14456587527532935
366,1,10,150,70,0.13610100259425117
367,1,10,150,70,0.11436773481003104
368,1,10,150,70,0.042512356679180144
369,1,10,150,70,0.0
370,1,10,150,70,0.19811064503366002
371,1,10,150,70,0.1319132354603233
372,1,10,150,70,0.13916735218438364
373,1,10,150,70,0.13142871034561632
374,1,10,150,70,0.13418128803456353
375,1,10,150,70,0.04282650856324445
376,1,10,150,70,0.0
377,1,10,150,70,0.0913219819219427
378,1,10,150,70,0.17597879439354253
379,1,10,150,70,0.14106132623401474
380,1,10,150,70,0.04113515715432896
381,1,10,150,70,0.10899879606790715
382,1,10,150,70,0.0
383,1,10,150,70,0.11713125931833299
384,1,10,150,70,0.0561173220664886
385,1,10,150,70,0.1276516952901619
386,1,10,150,70,0.14606834984270645
387,1,10,150,70,0.15196255399773972
388,1,10,150,70,0.08659331667411305
389,1,10,150,70,0.1014822420242732
390,1,10,150,70,0.05307577057513386
391,1,10,150,70,0.08907375584162422
392,1,10,150,70,0.18499940411030946
393,1,10,150,70,0.2992367619007927
394,1,10,150,70,0.10657019454040408
395,1,10,150,70,0.08245965301555258
396,1,10,150,70,0.0
397,1,10,150,70,0.10540164605552274
398,1,10,150,70,0.1406230079272144
399,1,10,150,70,0.021885130174961232
400,1,10,150,70,0.0
401,1,10,150,70,0.016941778998402247
402,1,10,150,70,0.11288598947105788
403,1,10,150,70,0.09224219235917257
404,1,10,150,70,0.05446824630887794
405,1,10,150,70,0.2492245752633774
406,1,10,150,70,0.15003108558631417
407,1,10,150,70,0.031104745345423533
408,1,10,150,70,0.0
409,1,10,150,70,0.11976431141977988
410,1,10,150,70,0.0
411,1,10,150,70,0.0
412,1,10,150,70,0.15001451003751623
413,1,10,150,70,0.04935421935348238
414,1,10,150,70,0.1309019901681972
415,1,10,150,70,0.0
416,1,10,150,70,0.26166376745013753
417,1,10,150,70,0.12309745810327996
418,1,10,150,70,0.14436292983286242
419,1,10,150,70,0.0
420,1,10,150,70,0.19519002499605084
421,1,10,150,70,0.0
422,1,10,150,70,0.030480958763669998
423,1,10,150,70,0.0
424,1,10,150,70,0.0
425,1,10,150,70,0.0
426,1,10,150,70,0.11229023146606223
427,1,10,150,70,0.0
428,1,10,150,70,0.04822019817866397
429,1,10,150,70,0.14062551472815982
430,1,10,150,70,0.0
431,1,10,150,70,0.0
432,1,10,150,70,0.0
433,1,10,150,70,0.20451415323992994
434,1,10,150,70,0.0
435,1,10,150,70,0.08127781909048552
436,1,10,150,70,0.09499424853799125
437,1,10,150,70,0.14945564650669343
438,1,10,150,70,0.0
439,1,10,150,70,0.18154179253735267
440,1,10,150,70,0.0
442,1,10,150,70,0.0733934381893728
444,1,10,150,70,0.0
445,1,10,150,70,0.0
446,1,10,150,70,0.0
447,1,10,150,70,0.0
448,1,10,150,70,0.0
449,1,10,150,70,0.04971883051739238
450,1,10,150,70,0.17556211942720856
451,1,10,150,70,0.05497526658285817
452,1,10,150,70,0.05780700008370542
453,1,10,150,70,0.1515771522786143
454,1,10,150,70,0.1059131727358383
455,1,10,150,70,0.0
456,1,10,150,70,0.0
457,1,10,150,70,0.14751814893861787
458,1,10,150,70,0.0
459,1,10,150,70,0.0
460,1,10,150,70,0.0
462,1,10,150,70,0.0
1,1,10,150,71,0.5575861730271415
2,1,10,150,71,0.1011519894320134
3,1,10,150,71,0.020132733082951743
4,1,10,150,71,0.11528901748471758
5,1,10,150,71,0.044972386749418614
6,1,10,150,71,0.19791609685195155
7,1,10,150,71,0.4055518793258842
8,1,10,150,71,0.19541031409018228
9,1,10,150,71,0.03789879717220718
10,1,10,150,71,0.3295216690530822
11,1,10,150,71,0.17931852599562648
12,1,10,150,71,0.12022816103951169
13,1,10,150,71,0.49514441920870317
14,1,10,150,71,0.32622009962228
15,1,10,150,71,0.050262678017164185
16,1,10,150,71,0.2340174106231599
17,1,10,150,71,0.10122860821230018
18,1,10,150,71,0.2639319204590685
19,1,10,150,71,0.13886244387355454
20,1,10,150,71,0.05692185311373096
21,1,10,150,71,0.051358752572882325
22,1,10,150,71,0.12801304733456464
23,1,10,150,71,0.0
24,1,10,150,71,0.1894711133610512
25,1,10,150,71,0.17085280125179103
26,1,10,150,71,0.0
27,1,10,150,71,0.0
28,1,10,150,71,0.2629052193668776
29,1,10,150,71,0.0
30,1,10,150,71,0.0
31,1,10,150,71,0.038437318942299493
32,1,10,150,71,0.11469999139467348
33,1,10,150,71,0.0
34,1,10,150,71,0.0
35,1,10,150,71,0.0
36,1,10,150,71,0.0
37,1,10,150,71,0.15133867332691472
38,1,10,150,71,0.19295151667656757
39,1,10,150,71,0.0993029104208021
40,1,10,150,71,0.3197267407502473
41,1,10,150,71,0.0224586613737933
42,1,10,150,71,0.2531202007380873
43,1,10,150,71,0.29120956936195086
44,1,10,150,71,0.07237002116518762
45,1,10,150,71,0.04094516368001556
46,1,10,150,71,0.02795730764456241
47,1,10,150,71,0.0
48,1,10,150,71,0.22961445578066944
49,1,10,150,71,0.1005711808280217
50,1,10,150,71,0.0
51,1,10,150,71,0.0
52,1,10,150,71,0.02753109834834184
53,1,10,150,71,0.1369821642818139
54,1,10,150,71,0.12836415432918194
55,1,10,150,71,0.0
56,1,10,150,71,0.19780809588679185
57,1,10,150,71,0.1825067720422371
58,1,10,150,71,0.15509719231534122
59,1,10,150,71,0.34892763815892275
60,1,10,150,71,0.24998539063626368
61,1,10,150,71,0.0
62,1,10,150,71,0.20402603396759914
63,1,10,150,71,0.033669757978328795
64,1,10,150,71,0.1416663162113023
65,1,10,150,71,0.2306157261998143
66,1,10,150,71,0.0
67,1,10,150,71,0.03314040476303028
68,1,10,150,71,0.0
69,1,10,150,71,0.25224764194294225
70,1,10,150,71,0.03693247192499059
71,1,10,150,71,0.0
72,1,10,150,71,0.23884724223409404
73,1,10,150,71,0.22453841950176487
74,1,10,150,71,0.03272011597426011
75,1,10,150,71,0.10310690100385646
76,1,10,150,71,0.1177548715386271
77,1,10,150,71,0.45927229869726693
78,1,10,150,71,0.05658242244874664
79,1,10,150,71,0.4102269223050506
80,1,10,150,71,0.1466914912588887
81,1,10,150,71,0.034380101046999886
82,1,10,150,71,0.18832938991533232
83,1,10,150,71,0.10646249489570772
84,1,10,150,71,0.05683844068224461
85,1,10,150,71,0.055575614258397375
86,1,10,150,71,0.0
87,1,10,150,71,0.15070017567194557
88,1,10,150,71,0.0
89,1,10,150,71,0.17107843556110094
90,1,10,150,71,0.257376022254781
91,1,10,150,71,0.15371785092569112
92,1,10,150,71,0.33337789803039003
93,1,10,150,71,0.0
94,1,10,150,71,0.44356933429134604
95,1,10,150,71,0.26660509208141764
96,1,10,150,71,0.3781493395140278
97,1,10,150,71,0.16145556611981818
98,1,10,150,71,0.19533769320769842
99,1,10,150,71,0.1712227997848225
100,1,10,150,71,0.022805505402617214
101,1,10,150,71,0.04161098736885563
102,1,10,150,71,0.021963126906848426
103,1,10,150,71,0.15394621921377785
104,1,10,150,71,0.015190330175114026
105,1,10,150,71,0.05200670101006268
106,1,10,150,71,0.31023153259588415
107,1,10,150,71,0.0
108,1,10,150,71,0.06036985955798015
109,1,10,150,71,0.2669889213339132
110,1,10,150,71,0.025730099886965674
111,1,10,150,71,0.038281751104512325
112,1,10,150,71,0.0
113,1,10,150,71,0.02769198719673247
114,1,10,150,71,0.0973553014914488
115,1,10,150,71,0.341866508559041
116,1,10,150,71,0.0380545682064199
117,1,10,150,71,0.25596974895629354
118,1,10,150,71,0.10713028046710026
119,1,10,150,71,0.15007814746999035
120,1,10,150,71,0.12171775198765021
121,1,10,150,71,0.18136606922889512
122,1,10,150,71,0.10664211019584975
123,1,10,150,71,0.045465875186671466
124,1,10,150,71,0.18978688349077963
125,1,10,150,71,0.24311228644992042
126,1,10,150,71,0.0
127,1,10,150,71,0.071512236588497
128,1,10,150,71,0.22793962917312777
129,1,10,150,71,0.03443731487202246
130,1,10,150,71,0.3421449009951997
131,1,10,150,71,0.25372733625822586
132,1,10,150,71,0.12238042572284785
133,1,10,150,71,0.0
134,1,10,150,71,0.0
135,1,10,150,71,0.04046615435059731
136,1,10,150,71,0.302465392219196
137,1,10,150,71,0.2743594324138151
138,1,10,150,71,0.0897467133453464
139,1,10,150,71,0.06016179456846956
140,1,10,150,71,0.039232819060514755
141,1,10,150,71,0.11662339638528424
142,1,10,150,71,0.04395738023645723
143,1,10,150,71,0.0
144,1,10,150,71,0.13671414583512742
145,1,10,150,71,0.3028342742103969
146,1,10,150,71,0.0
147,1,10,150,71,0.038800293177871176
148,1,10,150,71,0.2755196640610253
149,1,10,150,71,0.0
150,1,10,150,71,0.0
151,1,10,150,71,0.29803454542572033
152,1,10,150,71,0.15405431712229856
153,1,10,150,71,0.21315403751398063
154,1,10,150,71,0.12092068107181612
155,1,10,150,71,0.0
156,1,10,150,71,0.056765037818527084
157,1,10,150,71,0.07267844514201649
158,1,10,150,71,0.28821385518302756
159,1,10,150,71,0.06521625450990476
160,1,10,150,71,0.17465425782884814
161,1,10,150,71,0.11310115632029788
162,1,10,150,71,0.0475858026939827
163,1,10,150,71,0.08930748165857323
164,1,10,150,71,0.12193954395985479
165,1,10,150,71,0.16621229711010693
166,1,10,150,71,0.0
167,1,10,150,71,0.17799963554057005
168,1,10,150,71,0.044682472154713174
169,1,10,150,71,0.14269884249349324
170,1,10,150,71,0.0
171,1,10,150,71,0.0
172,1,10,150,71,0.0
173,1,10,150,71,0.02795730764456241
174,1,10,150,71,0.12504477222089386
175,1,10,150,71,0.10467701423324277
176,1,10,150,71,0.12162507554983247
177,1,10,150,71,0.1655922659307943
178,1,10,150,71,0.2681067962047408
179,1,10,150,71,0.024952538365330408
180,1,10,150,71,0.16785636010946767
181,1,10,150,71,0.10477242659812668
182,1,10,150,71,0.04195229264874745
183,1,10,150,71,0.02831169742649504
184,1,10,150,71,0.14476401270071057
185,1,10,150,71,0.0208917977510647
186,1,10,150,71,0.07305178005912392
187,1,10,150,71,0.17040981197472238
188,1,10,150,71,0.14452344993478855
189,1,10,150,71,0.2897665433555497
190,1,10,150,71,0.05339229345473345
191,1,10,150,71,0.0
192,1,10,150,71,0.10363179610670267
193,1,10,150,71,0.015341597742551824
194,1,10,150,71,0.07788491252784256
195,1,10,150,71,0.12225370560623582
196,1,10,150,71,0.07706308624591164
197,1,10,150,71,0.14879162765894735
198,1,10,150,71,0.03444174357500889
199,1,10,150,71,0.049748115641606416
200,1,10,150,71,0.25375186365888425
201,1,10,150,71,0.06532912770171027
202,1,10,150,71,0.0
203,1,10,150,71,0.05370431689540528
204,1,10,150,71,0.027001973670935885
205,1,10,150,71,0.36484800394146205
206,1,10,150,71,0.03974771280526578
207,1,10,150,71,0.17414530638942868
208,1,10,150,71,0.026258715116272383
209,1,10,150,71,0.03243822298569767
210,1,10,150,71,0.12006006589207233
211,1,10,150,71,0.0
212,1,10,150,71,0.047528395396896204
213,1,10,150,71,0.2958934158860559
214,1,10,150,71,0.17169301418933652
215,1,10,150,71,0.255708749192597
216,1,10,150,71,0.18920848610998078
217,1,10,150,71,0.08016750925175155
218,1,10,150,71,0.0383846381653829
219,1,10,150,71,0.0
220,1,10,150,71,0.034616222155696735
221,1,10,150,71,0.06802289283215787
222,1,10,150,71,0.18713451508615922
223,1,10,150,71,0.10677939756546245
224,1,10,150,71,0.04912856972237062
225,1,10,150,71,0.1677481946997085
226,1,10,150,71,0.23814675809782818
227,1,10,150,71,0.10623119772529849
228,1,10,150,71,0.02917403367304273
229,1,10,150,71,0.0
230,1,10,150,71,0.24291364051848852
231,1,10,150,71,0.0
232,1,10,150,71,0.0914735250933564
233,1,10,150,71,0.14835547983755953
234,1,10,150,71,0.20142233763091336
235,1,10,150,71,0.23280252396956425
236,1,10,150,71,0.13123532326882845
237,1,10,150,71,0.24352191769087017
238,1,10,150,71,0.0
239,1,10,150,71,0.15256114500828843
240,1,10,150,71,0.0
241,1,10,150,71,0.047978870624887156
242,1,10,150,71,0.0
243,1,10,150,71,0.12898989924507495
244,1,10,150,71,0.1961686112614632
245,1,10,150,71,0.14708113704642112
246,1,10,150,71,0.08011124483949264
247,1,10,150,71,0.08883649703748449
248,1,10,150,71,0.1352712391738193
249,1,10,150,71,0.3085936543776824
250,1,10,150,71,0.12416587904357097
251,1,10,150,71,0.1369922724163038
252,1,10,150,71,0.15744006533381547
253,1,10,150,71,0.2443190287228016
254,1,10,150,71,0.07568963323836876
255,1,10,150,71,0.06847316147390722
256,1,10,150,71,0.2073722298077772
257,1,10,150,71,0.18334876608371883
258,1,10,150,71,0.0
259,1,10,150,71,0.08642802717301845
260,1,10,150,71,0.0
261,1,10,150,71,0.0
262,1,10,150,71,0.0
263,1,10,150,71,0.23364586802829987
264,1,10,150,71,0.07557807813033135
265,1,10,150,71,0.31140524445517653
266,1,10,150,71,0.05919139647768146
267,1,10,150,71,0.1250598848922845
268,1,10,150,71,0.13898290257174828
269,1,10,150,71,0.3718149370536421
270,1,10,150,71,0.10832567847977925
271,1,10,150,71,0.21923350748581857
272,1,10,150,71,0.23321348468935416
273,1,10,150,71,0.03860961209670539
274,1,10,150,71,0.20267731815698697
275,1,10,150,71,0.015522912158152052
276,1,10,150,71,0.4001464854938691
277,1,10,150,71,0.09982873474912346
278,1,10,150,71,0.07867548793068165
279,1,10,150,71,0.18546681855780892
280,1,10,150,71,0.2239560964695926
281,1,10,150,71,0.049432410190049694
282,1,10,150,71,0.0
283,1,10,150,71,0.18675758970511055
284,1,10,150,71,0.07891945711936355
285,1,10,150,71,0.06473560181867054
286,1,10,150,71,0.2811967163920126
287,1,10,150,71,0.277373713129501
288,1,10,150,71,0.2239083677057859
289,1,10,150,71,0.0
290,1,10,150,71,0.09946955550462497
291,1,10,150,71,0.14408450841537893
292,1,10,150,71,0.15576768023747142
293,1,10,150,71,0.22014995516073216
294,1,10,150,71,0.010673514283348269
295,1,10,150,71,0.218781467485464
296,1,10,150,71,0.21960476635302523
297,1,10,150,71,0.13087186394973954
298,1,10,150,71,0.2526281925812956
299,1,10,150,71,0.13149066500075993
300,1,10,150,71,0.04336490181597879
301,1,10,150,71,0.33181480495295834
302,1,10,150,71,0.13927874459665815
303,1,10,150,71,0.31375361950992786
304,1,10,150,71,0.0
305,1,10,150,71,0.1760225639567269
306,1,10,150,71,0.08156911164475483
307,1,10,150,71,0.22610915121692726
308,1,10,150,71,0.40829645446688684
309,1,10,150,71,0.0
310,1,10,150,71,0.06900643972011666
311,1,10,150,71,0.30913646595245264
312,1,10,150,71,0.2128639342201772
313,1,10,150,71,0.30892101393686333
314,1,10,150,71,0.1850872054320366
315,1,10,150,71,0.286099807090925
316,1,10,150,71,0.13442824029706346
317,1,10,150,71,0.0
318,1,10,150,71,0.10009887103816799
319,1,10,150,71,0.06591877139737895
320,1,10,150,71,0.2000343722405631
321,1,10,150,71,0.15427224748816595
322,1,10,150,71,0.25443358806602195
323,1,10,150,71,0.20144166357013524
324,1,10,150,71,0.10121986794608845
325,1,10,150,71,0.0901883711443618
326,1,10,150,71,0.23646829210267278
327,1,10,150,71,0.014889761809202621
328,1,10,150,71,0.16954240385851863
329,1,10,150,71,0.04249704384086923
330,1,10,150,71,0.23414043416332436
331,1,10,150,71,0.09091966573968718
332,1,10,150,71,0.1322167192336546
333,1,10,150,71,0.1014371752449239
334,1,10,150,71,0.10421753055614337
335,1,10,150,71,0.08149421541954936
336,1,10,150,71,0.1252879373315154
337,1,10,150,71,0.10521567817367497
338,1,10,150,71,0.15896841246993118
339,1,10,150,71,0.3008452792485439
340,1,10,150,71,0.2868621552039377
341,1,10,150,71,0.0
342,1,10,150,71,0.08538836359269789
343,1,10,150,71,0.29617609367764414
344,1,10,150,71,0.2539353906830254
345,1,10,150,71,0.09772029559018464
346,1,10,150,71,0.10819332410049512
347,1,10,150,71,0.2539979621835576
348,1,10,150,71,0.18923084143550442
349,1,10,150,71,0.25859803951431987
350,1,10,150,71,0.057127212566552996
351,1,10,150,71,0.02907522751061953
352,1,10,150,71,0.11369404114489928
353,1,10,150,71,0.0
354,1,10,150,71,0.15416092924638103
355,1,10,150,71,0.0
356,1,10,150,71,0.0
357,1,10,150,71,0.06959508771708611
358,1,10,150,71,0.06323567569191428
359,1,10,150,71,0.20040659896939605
360,1,10,150,71,0.1692259700041561
361,1,10,150,71,0.15572261253779404
362,1,10,150,71,0.15042501043191572
363,1,10,150,71,0.11299185462752552
364,1,10,150,71,0.0
365,1,10,150,71,0.14456587527532935
366,1,10,150,71,0.13610100259425117
367,1,10,150,71,0.11436773481003104
368,1,10,150,71,0.042512356679180144
369,1,10,150,71,0.0
370,1,10,150,71,0.19811064503366002
371,1,10,150,71,0.1319132354603233
372,1,10,150,71,0.13916735218438364
373,1,10,150,71,0.13013227181676107
374,1,10,150,71,0.13285769754050805
375,1,10,150,71,0.04282650856324445
376,1,10,150,71,0.0
377,1,10,150,71,0.0913219819219427
378,1,10,150,71,0.17424290511399826
379,1,10,150,71,0.14106132623401474
380,1,10,150,71,0.04113515715432896
381,1,10,150,71,0.10899879606790715
382,1,10,150,71,0.0
383,1,10,150,71,0.11713125931833299
384,1,10,150,71,0.0561173220664886
385,1,10,150,71,0.12639251397724585
386,1,10,150,71,0.14606834984270645
387,1,10,150,71,0.15046356561515695
388,1,10,150,71,0.08659331667411305
389,1,10,150,71,0.1014822420242732
390,1,10,150,71,0.05307577057513386
391,1,10,150,71,0.08907375584162422
392,1,10,150,71,0.18499940411030946
393,1,10,150,71,0.29628503189935
394,1,10,150,71,0.10657019454040408
395,1,10,150,71,0.11606804029192822
396,1,10,150,71,0.0
397,1,10,150,71,0.10540164605552274
398,1,10,150,71,0.1406230079272144
399,1,10,150,71,0.021885130174961232
400,1,10,150,71,0.0
401,1,10,150,71,0.016941778998402247
402,1,10,150,71,0.11288598947105788
403,1,10,150,71,0.09224219235917257
404,1,10,150,71,0.05446824630887794
405,1,10,150,71,0.24676617526189093
406,1,10,150,71,0.15003108558631417
407,1,10,150,71,0.031104745345423533
408,1,10,150,71,0.0
409,1,10,150,71,0.11976431141977988
410,1,10,150,71,0.0
411,1,10,150,71,0.0
412,1,10,150,71,0.15001451003751623
413,1,10,150,71,0.04935421935348238
414,1,10,150,71,0.1309019901681972
415,1,10,150,71,0.0
416,1,10,150,71,0.2590826648216806
417,1,10,150,71,0.12309745810327996
418,1,10,150,71,0.14436292983286242
419,1,10,150,71,0.0
420,1,10,150,71,0.19519002499605084
421,1,10,150,71,0.0
422,1,10,150,71,0.030480958763669998
423,1,10,150,71,0.0
424,1,10,150,71,0.0
425,1,10,150,71,0.0
426,1,10,150,71,0.11229023146606223
427,1,10,150,71,0.0
428,1,10,150,71,0.04822019817866397
429,1,10,150,71,0.14062551472815982
430,1,10,150,71,0.0
431,1,10,150,71,0.0
432,1,10,150,71,0.0
433,1,10,150,71,0.20451415323992994
434,1,10,150,71,0.0
435,1,10,150,71,0.08127781909048552
436,1,10,150,71,0.09499424853799125
437,1,10,150,71,0.14945564650669343
438,1,10,150,71,0.0
439,1,10,150,71,0.18154179253735267
440,1,10,150,71,0.0
442,1,10,150,71,0.0733934381893728
444,1,10,150,71,0.0
445,1,10,150,71,0.0
446,1,10,150,71,0.0
447,1,10,150,71,0.0
448,1,10,150,71,0.0
449,1,10,150,71,0.04971883051739238
450,1,10,150,71,0.17556211942720856
451,1,10,150,71,0.05497526658285817
452,1,10,150,71,0.05780700008370542
453,1,10,150,71,0.1515771522786143
454,1,10,150,71,0.1059131727358383
455,1,10,150,71,0.0
456,1,10,150,71,0.0
457,1,10,150,71,0.14751814893861787
458,1,10,150,71,0.0
459,1,10,150,71,0.0
460,1,10,150,71,0.0
462,1,10,150,71,0.0
1,1,10,150,72,0.5521570974531985
2,1,10,150,72,0.1011519894320134
3,1,10,150,72,0.020132733082951743
4,1,10,150,72,0.11528901748471758
5,1,10,150,72,0.04453450199148488
6,1,10,150,72,0.19598903786253005
7,1,10,150,72,0.4016031232258873
8,1,10,150,72,0.19541031409018228
9,1,10,150,72,0.03789879717220718
10,1,10,150,72,0.32631319988529683
11,1,10,150,72,0.1775725468509985
12,1,10,150,72,0.12022816103951169
13,1,10,150,72,0.5000600703396529
14,1,10,150,72,0.32622009962228
15,1,10,150,72,0.050262678017164185
16,1,10,150,72,0.2340174106231599
17,1,10,150,72,0.10122860821230018
18,1,10,150,72,0.27109882922529477
19,1,10,150,72,0.13886244387355454
20,1,10,150,72,0.05692185311373096
21,1,10,150,72,0.05085868538580011
22,1,10,150,72,0.12801304733456464
23,1,10,150,72,0.0
24,1,10,150,72,0.1894711133610512
25,1,10,150,72,0.17085280125179103
26,1,10,150,72,0.0
27,1,10,150,72,0.0
28,1,10,150,72,0.2629052193668776
29,1,10,150,72,0.0
30,1,10,150,72,0.0
31,1,10,150,72,0.038437318942299493
32,1,10,150,72,0.11469999139467348
33,1,10,150,72,0.0
34,1,10,150,72,0.0
35,1,10,150,72,0.0
36,1,10,150,72,0.0
37,1,10,150,72,0.15133867332691472
38,1,10,150,72,0.2042658659125204
39,1,10,150,72,0.0993029104208021
40,1,10,150,72,0.3197267407502473
41,1,10,150,72,0.0224586613737933
42,1,10,150,72,0.25065563334819285
43,1,10,150,72,0.28837413542115176
44,1,10,150,72,0.07237002116518762
45,1,10,150,72,0.04094516368001556
46,1,10,150,72,0.02795730764456241
47,1,10,150,72,0.0
48,1,10,150,72,0.22961445578066944
49,1,10,150,72,0.09959194467101348
50,1,10,150,72,0.0
51,1,10,150,72,0.0
52,1,10,150,72,0.02753109834834184
53,1,10,150,72,0.1369821642818139
54,1,10,150,72,0.12836415432918194
55,1,10,150,72,0.0
56,1,10,150,72,0.1958820884754587
57,1,10,150,72,0.1825067720422371
58,1,10,150,72,0.15358705017208296
59,1,10,150,72,0.34553021797700223
60,1,10,150,72,0.24755134609965376
61,1,10,150,72,0.0
62,1,10,150,72,0.20203948406545863
63,1,10,150,72,0.033669757978328795
64,1,10,150,72,0.14028694711249964
65,1,10,150,72,0.2306157261998143
66,1,10,150,72,0.0
67,1,10,150,72,0.03314040476303028
68,1,10,150,72,0.0
69,1,10,150,72,0.25224764194294225
70,1,10,150,72,0.03693247192499059
71,1,10,150,72,0.0
72,1,10,150,72,0.23884724223409404
73,1,10,150,72,0.22453841950176487
74,1,10,150,72,0.03272011597426011
75,1,10,150,72,0.10310690100385646
76,1,10,150,72,0.1177548715386271
77,1,10,150,72,0.45927229869726693
78,1,10,150,72,0.05658242244874664
79,1,10,150,72,0.4102269223050506
80,1,10,150,72,0.1466914912588887
81,1,10,150,72,0.034380101046999886
82,1,10,150,72,0.18649567426723077
83,1,10,150,72,0.10542589650331684
84,1,10,150,72,0.05683844068224461
85,1,10,150,72,0.055034488555370915
86,1,10,150,72,0.0
87,1,10,150,72,0.14923284616790197
88,1,10,150,72,0.0
89,1,10,150,72,0.17107843556110094
90,1,10,150,72,0.2548700170069177
91,1,10,150,72,0.15371785092569112
92,1,10,150,72,0.3301318817361496
93,1,10,150,72,0.0
94,1,10,150,72,0.43925041184555197
95,1,10,150,72,0.2640092257143411
96,1,10,150,72,0.3781493395140278
97,1,10,150,72,0.16145556611981818
98,1,10,150,72,0.19533769320769842
99,1,10,150,72,0.16955564667920078
100,1,10,150,72,0.022805505402617214
101,1,10,150,72,0.04161098736885563
102,1,10,150,72,0.021749277493815045
103,1,10,150,72,0.15394621921377785
104,1,10,150,72,0.015190330175114026
105,1,10,150,72,0.05200670101006268
106,1,10,150,72,0.31023153259588415
107,1,10,150,72,0.0
108,1,10,150,72,0.06036985955798015
109,1,10,150,72,0.2643893177184613
110,1,10,150,72,0.025730099886965674
111,1,10,150,72,0.038281751104512325
112,1,10,150,72,0.0
113,1,10,150,72,0.02769198719673247
114,1,10,150,72,0.0973553014914488
115,1,10,150,72,0.341866508559041
116,1,10,150,72,0.0380545682064199
117,1,10,150,72,0.25596974895629354
118,1,10,150,72,0.10713028046710026
119,1,10,150,72,0.14861687449726138
120,1,10,150,72,0.12171775198765021
121,1,10,150,72,0.18136606922889512
122,1,10,150,72,0.10664211019584975
123,1,10,150,72,0.045465875186671466
124,1,10,150,72,0.18978688349077963
125,1,10,150,72,0.24074516359082027
126,1,10,150,72,0.0
127,1,10,150,72,0.071512236588497
128,1,10,150,72,0.2257202386413306
129,1,10,150,72,0.03443731487202246
130,1,10,150,72,0.34855026974710185
131,1,10,150,72,0.25372733625822586
132,1,10,150,72,0.12238042572284785
133,1,10,150,72,0.0
134,1,10,150,72,0.0
135,1,10,150,72,0.04046615435059731
136,1,10,150,72,0.302465392219196
137,1,10,150,72,0.29533063600730286
138,1,10,150,72,0.0897467133453464
139,1,10,150,72,0.06016179456846956
140,1,10,150,72,0.039232819060514755
141,1,10,150,72,0.11662339638528424
142,1,10,150,72,0.04395738023645723
143,1,10,150,72,0.0
144,1,10,150,72,0.13538299476705773
145,1,10,150,72,0.2998856534579443
146,1,10,150,72,0.0
147,1,10,150,72,0.038800293177871176
148,1,10,150,72,0.2924190881243261
149,1,10,150,72,0.0
150,1,10,150,72,0.0
151,1,10,150,72,0.2951326584187711
152,1,10,150,72,0.15405431712229856
153,1,10,150,72,0.21315403751398063
154,1,10,150,72,0.12092068107181612
155,1,10,150,72,0.0
156,1,10,150,72,0.056765037818527084
157,1,10,150,72,0.07267844514201649
158,1,10,150,72,0.28540758975368385
159,1,10,150,72,0.06521625450990476
160,1,10,150,72,0.17465425782884814
161,1,10,150,72,0.11310115632029788
162,1,10,150,72,0.0475858026939827
163,1,10,150,72,0.08930748165857323
164,1,10,150,72,0.12193954395985479
165,1,10,150,72,0.16621229711010693
166,1,10,150,72,0.0
167,1,10,150,72,0.17799963554057005
168,1,10,150,72,0.044682472154713174
169,1,10,150,72,0.14269884249349324
170,1,10,150,72,0.0
171,1,10,150,72,0.0
172,1,10,150,72,0.0
173,1,10,150,72,0.02795730764456241
174,1,10,150,72,0.12382724289295502
175,1,10,150,72,0.10467701423324277
176,1,10,150,72,0.12162507554983247
177,1,10,150,72,0.1655922659307943
178,1,10,150,72,0.2654963081243407
179,1,10,150,72,0.024952538365330408
180,1,10,150,72,0.16785636010946767
181,1,10,150,72,0.10375228397339387
182,1,10,150,72,0.04195229264874745
183,1,10,150,72,0.02831169742649504
184,1,10,150,72,0.14335448211448287
185,1,10,150,72,0.0208917977510647
186,1,10,150,72,0.07305178005912392
187,1,10,150,72,0.17040981197472238
188,1,10,150,72,0.14452344993478855
189,1,10,150,72,0.29668190693124896
190,1,10,150,72,0.05339229345473345
191,1,10,150,72,0.0
192,1,10,150,72,0.10363179610670267
193,1,10,150,72,0.015341597742551824
194,1,10,150,72,0.077126566828759
195,1,10,150,72,0.12225370560623582
196,1,10,150,72,0.07706308624591164
197,1,10,150,72,0.14879162765894735
198,1,10,150,72,0.03410639302685606
199,1,10,150,72,0.049748115641606416
200,1,10,150,72,0.26101789306401585
201,1,10,150,72,0.06469303450458735
202,1,10,150,72,0.0
203,1,10,150,72,0.05370431689540528
204,1,10,150,72,0.027001973670935885
205,1,10,150,72,0.36484800394146205
206,1,10,150,72,0.03974771280526578
207,1,10,150,72,0.17244969757599124
208,1,10,150,72,0.026258715116272383
209,1,10,150,72,0.03243822298569767
210,1,10,150,72,0.12006006589207233
211,1,10,150,72,0.0
212,1,10,150,72,0.047528395396896204
213,1,10,150,72,0.2958934158860559
214,1,10,150,72,0.17169301418933652
215,1,10,150,72,0.255708749192597
216,1,10,150,72,0.18920848610998078
217,1,10,150,72,0.08016750925175155
218,1,10,150,72,0.06133198316402014
219,1,10,150,72,0.0
220,1,10,150,72,0.034616222155696735
221,1,10,150,72,0.06802289283215787
222,1,10,150,72,0.18531243363212987
223,1,10,150,72,0.10677939756546245
224,1,10,150,72,0.04865021726177347
225,1,10,150,72,0.1677481946997085
226,1,10,150,72,0.23814675809782818
227,1,10,150,72,0.10623119772529849
228,1,10,150,72,0.02917403367304273
229,1,10,150,72,0.0
230,1,10,150,72,0.25422798975444133
231,1,10,150,72,0.0
232,1,10,150,72,0.0914735250933564
233,1,10,150,72,0.14835547983755953
234,1,10,150,72,0.19946113926162512
235,1,10,150,72,0.23280252396956425
236,1,10,150,72,0.13123532326882845
237,1,10,150,72,0.24352191769087017
238,1,10,150,72,0.0
239,1,10,150,72,0.15107569571638685
240,1,10,150,72,0.0
241,1,10,150,72,0.047978870624887156
242,1,10,150,72,0.03797289360605308
243,1,10,150,72,0.12898989924507495
244,1,10,150,72,0.19425856709736214
245,1,10,150,72,0.14708113704642112
246,1,10,150,72,0.07933122190564723
247,1,10,150,72,0.08883649703748449
248,1,10,150,72,0.1352712391738193
249,1,10,150,72,0.3055889559968742
250,1,10,150,72,0.12416587904357097
251,1,10,150,72,0.1369922724163038
252,1,10,150,72,0.15744006533381547
253,1,10,150,72,0.2443190287228016
254,1,10,150,72,0.07495266241862224
255,1,10,150,72,0.06847316147390722
256,1,10,150,72,0.20535309884286945
257,1,10,150,72,0.18334876608371883
258,1,10,150,72,0.0
259,1,10,150,72,0.08642802717301845
260,1,10,150,72,0.0
261,1,10,150,72,0.0
262,1,10,150,72,0.0
263,1,10,150,72,0.23364586802829987
264,1,10,150,72,0.07557807813033135
265,1,10,150,72,0.31140524445517653
266,1,10,150,72,0.05919139647768146
267,1,10,150,72,0.12384220841608576
268,1,10,150,72,0.13762966119301837
269,1,10,150,72,0.3681946690297311
270,1,10,150,72,0.10832567847977925
271,1,10,150,72,0.2170988862594361
272,1,10,150,72,0.23321348468935416
273,1,10,150,72,0.03860961209670539
274,1,10,150,72,0.20267731815698697
275,1,10,150,72,0.015522912158152052
276,1,10,150,72,0.39625036034679134
277,1,10,150,72,0.09982873474912346
278,1,10,150,72,0.07867548793068165
279,1,10,150,72,0.18366097504317766
280,1,10,150,72,0.22177549258844237
281,1,10,150,72,0.049432410190049694
282,1,10,150,72,0.0
283,1,10,150,72,0.18675758970511055
284,1,10,150,72,0.07891945711936355
285,1,10,150,72,0.06473560181867054
286,1,10,150,72,0.2784587750687033
287,1,10,150,72,0.277373713129501
288,1,10,150,72,0.24080779176908668
289,1,10,150,72,0.0
290,1,10,150,72,0.09946955550462497
291,1,10,150,72,0.1426815939905561
292,1,10,150,72,0.15576768023747142
293,1,10,150,72,0.22774315785223634
294,1,10,150,72,0.010673514283348269
295,1,10,150,72,0.21665124765826083
296,1,10,150,72,0.2174665302729303
297,1,10,150,72,0.1295975977030919
298,1,10,150,72,0.2526281925812956
299,1,10,150,72,0.13021037364475027
300,1,10,150,72,0.04336490181597879
301,1,10,150,72,0.3285840081007647
302,1,10,150,72,0.13927874459665815
303,1,10,150,72,0.32043542699055216
304,1,10,150,72,0.0
305,1,10,150,72,0.17430867676104536
306,1,10,150,72,0.08156911164475483
307,1,10,150,72,0.2374235004528801
308,1,10,150,72,0.40432097513274307
309,1,10,150,72,0.0
310,1,10,150,72,0.06900643972011666
311,1,10,150,72,0.30612648235259776
312,1,10,150,72,0.21079133191805385
313,1,10,150,72,0.30591312813880445
314,1,10,150,72,0.18328505811442095
315,1,10,150,72,0.286099807090925
316,1,10,150,72,0.13442824029706346
317,1,10,150,72,0.0
318,1,10,150,72,0.09912423364215397
319,1,10,150,72,0.06591877139737895
320,1,10,150,72,0.19808668813931582
321,1,10,150,72,0.15427224748816595
322,1,10,150,72,0.25443358806602195
323,1,10,150,72,0.20144166357013524
324,1,10,150,72,0.10121986794608845
325,1,10,150,72,0.0901883711443618
326,1,10,150,72,0.23416586013651253
327,1,10,150,72,0.014744783963533846
328,1,10,150,72,0.16789161234312167
329,1,10,150,72,0.04249704384086923
330,1,10,150,72,0.23414043416332436
331,1,10,150,72,0.09091966573968718
332,1,10,150,72,0.1322167192336546
333,1,10,150,72,0.1014371752449239
334,1,10,150,72,0.10320279081385876
335,1,10,150,72,0.08149421541954936
336,1,10,150,72,0.1252879373315154
337,1,10,150,72,0.10521567817367497
338,1,10,150,72,0.15896841246993118
339,1,10,150,72,0.3076527719742537
340,1,10,150,72,0.2868621552039377
341,1,10,150,72,0.0
342,1,10,150,72,0.08455695868793975
343,1,10,150,72,0.29329230194543254
344,1,10,150,72,0.25146288599476835
345,1,10,150,72,0.0967688177818543
346,1,10,150,72,0.10819332410049512
347,1,10,150,72,0.2515248482524219
348,1,10,150,72,0.18923084143550442
349,1,10,150,72,0.25859803951431987
350,1,10,150,72,0.057127212566552996
351,1,10,150,72,0.02907522751061953
352,1,10,150,72,0.11369404114489928
353,1,10,150,72,0.0
354,1,10,150,72,0.1526599032598791
355,1,10,150,72,0.0
356,1,10,150,72,0.0
357,1,10,150,72,0.06959508771708611
358,1,10,150,72,0.06323567569191428
359,1,10,150,72,0.20040659896939605
360,1,10,150,72,0.1692259700041561
361,1,10,150,72,0.15572261253779404
362,1,10,150,72,0.15042501043191572
363,1,10,150,72,0.11189168151045836
364,1,10,150,72,0.0
365,1,10,150,72,0.14456587527532935
366,1,10,150,72,0.13610100259425117
367,1,10,150,72,0.11436773481003104
368,1,10,150,72,0.042512356679180144
369,1,10,150,72,0.0
370,1,10,150,72,0.19811064503366002
371,1,10,150,72,0.1319132354603233
372,1,10,150,72,0.13916735218438364
373,1,10,150,72,0.12886520679169686
374,1,10,150,72,0.1315640957343306
375,1,10,150,72,0.04282650856324445
376,1,10,150,72,0.0
377,1,10,150,72,0.0913219819219427
378,1,10,150,72,0.17254634600645877
379,1,10,150,72,0.14106132623401474
380,1,10,150,72,0.04113515715432896
381,1,10,150,72,0.10899879606790715
382,1,10,150,72,0.0
383,1,10,150,72,0.11713125931833299
384,1,10,150,72,0.0561173220664886
385,1,10,150,72,0.1251618620286192
386,1,10,150,72,0.14606834984270645
387,1,10,150,72,0.1489985399234064
388,1,10,150,72,0.08659331667411305
389,1,10,150,72,0.1014822420242732
390,1,10,150,72,0.05307577057513386
391,1,10,150,72,0.08907375584162422
392,1,10,150,72,0.18499940411030946
393,1,10,150,72,0.2934001794632201
394,1,10,150,72,0.10657019454040408
395,1,10,150,72,0.11606804029192822
396,1,10,150,72,0.0
397,1,10,150,72,0.10540164605552274
398,1,10,150,72,0.1406230079272144
399,1,10,150,72,0.021885130174961232
400,1,10,150,72,0.0
401,1,10,150,72,0.016941778998402247
402,1,10,150,72,0.11288598947105788
403,1,10,150,72,0.09224219235917257
404,1,10,150,72,0.05446824630887794
405,1,10,150,72,0.24436347541136133
406,1,10,150,72,0.15003108558631417
407,1,10,150,72,0.031104745345423533
408,1,10,150,72,0.0
409,1,10,150,72,0.11976431141977988
410,1,10,150,72,0.0
411,1,10,150,72,0.0
412,1,10,150,72,0.15001451003751623
413,1,10,150,72,0.04935421935348238
414,1,10,150,72,0.1309019901681972
415,1,10,150,72,0.0
416,1,10,150,72,0.2565600424266898
417,1,10,150,72,0.12309745810327996
418,1,10,150,72,0.14436292983286242
419,1,10,150,72,0.0
420,1,10,150,72,0.19519002499605084
421,1,10,150,72,0.0
422,1,10,150,72,0.030480958763669998
423,1,10,150,72,0.0
424,1,10,150,72,0.0
425,1,10,150,72,0.0
426,1,10,150,72,0.11229023146606223
427,1,10,150,72,0.0
428,1,10,150,72,0.04822019817866397
429,1,10,150,72,0.14062551472815982
430,1,10,150,72,0.0
431,1,10,150,72,0.0
432,1,10,150,72,0.0
433,1,10,150,72,0.20451415323992994
434,1,10,150,72,0.0
435,1,10,150,72,0.08127781909048552
436,1,10,150,72,0.09499424853799125
437,1,10,150,72,0.14945564650669343
438,1,10,150,72,0.0
439,1,10,150,72,0.18154179253735267
440,1,10,150,72,0.0
442,1,10,150,72,0.0733934381893728
444,1,10,150,72,0.0
445,1,10,150,72,0.0
446,1,10,150,72,0.0
447,1,10,150,72,0.0
448,1,10,150,72,0.0
449,1,10,150,72,0.04971883051739238
450,1,10,150,72,0.17556211942720856
451,1,10,150,72,0.05497526658285817
452,1,10,150,72,0.05780700008370542
453,1,10,150,72,0.1515771522786143
454,1,10,150,72,0.1059131727358383
455,1,10,150,72,0.0
456,1,10,150,72,0.0
457,1,10,150,72,0.14751814893861787
458,1,10,150,72,0.0
459,1,10,150,72,0.0
460,1,10,150,72,0.0
462,1,10,150,72,0.0
1,1,10,150,73,0.546849394649625
2,1,10,150,73,0.1011519894320134
3,1,10,150,73,0.020132733082951743
4,1,10,150,73,0.11528901748471758
5,1,10,150,73,0.04410640661398049
6,1,10,150,73,0.19410506033053648
7,1,10,150,73,0.4073553136716015
8,1,10,150,73,0.19541031409018228
9,1,10,150,73,0.03789879717220718
10,1,10,150,73,0.3231764594651105
11,1,10,150,73,0.1758656009308863
12,1,10,150,73,0.12022816103951169
13,1,10,150,73,0.4952531589560283
14,1,10,150,73,0.32622009962228
15,1,10,150,73,0.050262678017164185
16,1,10,150,73,0.2340174106231599
17,1,10,150,73,0.10122860821230018
18,1,10,150,73,0.2684928462132833
19,1,10,150,73,0.13886244387355454
20,1,10,150,73,0.05692185311373096
21,1,10,150,73,0.050369797733620374
22,1,10,150,73,0.12801304733456464
23,1,10,150,73,0.0
24,1,10,150,73,0.1894711133610512
25,1,10,150,73,0.17085280125179103
26,1,10,150,73,0.0
27,1,10,150,73,0.0
28,1,10,150,73,0.2629052193668776
29,1,10,150,73,0.0
30,1,10,150,73,0.0
31,1,10,150,73,0.038437318942299493
32,1,10,150,73,0.11469999139467348
33,1,10,150,73,0.0
34,1,10,150,73,0.0
35,1,10,150,73,0.0
36,1,10,150,73,0.0
37,1,10,150,73,0.15133867332691472
38,1,10,150,73,0.2042658659125204
39,1,10,150,73,0.0993029104208021
40,1,10,150,73,0.3197267407502473
41,1,10,150,73,0.0224586613737933
42,1,10,150,73,0.24824616398885632
43,1,10,150,73,0.28560209062789854
44,1,10,150,73,0.07237002116518762
45,1,10,150,73,0.04094516368001556
46,1,10,150,73,0.02795730764456241
47,1,10,150,73,0.0
48,1,10,150,73,0.22961445578066944
49,1,10,150,73,0.09863460038189388
50,1,10,150,73,0.0
51,1,10,150,73,0.0
52,1,10,150,73,0.02753109834834184
53,1,10,150,73,0.1369821642818139
54,1,10,150,73,0.12836415432918194
55,1,10,150,73,0.0
56,1,10,150,73,0.1939991390124046
57,1,10,150,73,0.1825067720422371
58,1,10,150,73,0.152110668865837
59,1,10,150,73,0.34220875074397195
60,1,10,150,73,0.24517171722268746
61,1,10,150,73,0.0
62,1,10,150,73,0.20009734560350095
63,1,10,150,73,0.033669757978328795
64,1,10,150,73,0.13893841527993203
65,1,10,150,73,0.2306157261998143
66,1,10,150,73,0.0
67,1,10,150,73,0.03314040476303028
68,1,10,150,73,0.0
69,1,10,150,73,0.25224764194294225
70,1,10,150,73,0.04877881076481323
71,1,10,150,73,0.0
72,1,10,150,73,0.23884724223409404
73,1,10,150,73,0.22453841950176487
74,1,10,150,73,0.03272011597426011
75,1,10,150,73,0.10310690100385646
76,1,10,150,73,0.1177548715386271
77,1,10,150,73,0.45927229869726693
78,1,10,150,73,0.05658242244874664
79,1,10,150,73,0.4102269223050506
80,1,10,150,73,0.1466914912588887
81,1,10,150,73,0.034380101046999886
82,1,10,150,73,0.18470295328668335
83,1,10,150,73,0.10441247237271906
84,1,10,150,73,0.05683844068224461
85,1,10,150,73,0.05450546029412805
86,1,10,150,73,0.0
87,1,10,150,73,0.14779832037869436
88,1,10,150,73,0.0
89,1,10,150,73,0.17107843556110094
90,1,10,150,73,0.2524200361770885
91,1,10,150,73,0.15371785092569112
92,1,10,150,73,0.3269584335955351
93,1,10,150,73,0.0
94,1,10,150,73,0.43502804351382723
95,1,10,150,73,0.26147139270638625
96,1,10,150,73,0.3781493395140278
97,1,10,150,73,0.16145556611981818
98,1,10,150,73,0.19533769320769842
99,1,10,150,73,0.16792576455798583
100,1,10,150,73,0.022805505402617214
101,1,10,150,73,0.04161098736885563
102,1,10,150,73,0.021540208912315187
103,1,10,150,73,0.15394621921377785
104,1,10,150,73,0.015190330175114026
105,1,10,150,73,0.05200670101006268
106,1,10,150,73,0.31023153259588415
107,1,10,150,73,0.0
108,1,10,150,73,0.06036985955798015
109,1,10,150,73,0.26184783101230136
110,1,10,150,73,0.025730099886965674
111,1,10,150,73,0.038281751104512325
112,1,10,150,73,0.0
113,1,10,150,73,0.02769198719673247
114,1,10,150,73,0.0973553014914488
115,1,10,150,73,0.341866508559041
116,1,10,150,73,0.0380545682064199
117,1,10,150,73,0.25596974895629354
118,1,10,150,73,0.10713028046710026
119,1,10,150,73,0.14718826983915625
120,1,10,150,73,0.12171775198765021
121,1,10,150,73,0.18136606922889512
122,1,10,150,73,0.10664211019584975
123,1,10,150,73,0.045465875186671466
124,1,10,150,73,0.18978688349077963
125,1,10,150,73,0.24804362818074127
126,1,10,150,73,0.0
127,1,10,150,73,0.071512236588497
128,1,10,150,73,0.2235504649501368
129,1,10,150,73,0.03443731487202246
130,1,10,150,73,0.34519977175938055
131,1,10,150,73,0.25372733625822586
132,1,10,150,73,0.12238042572284785
133,1,10,150,73,0.0
134,1,10,150,73,0.030071530282993673
135,1,10,150,73,0.04046615435059731
136,1,10,150,73,0.302465392219196
137,1,10,150,73,0.29533063600730286
138,1,10,150,73,0.0897467133453464
139,1,10,150,73,0.06016179456846956
140,1,10,150,73,0.039232819060514755
141,1,10,150,73,0.11662339638528424
142,1,10,150,73,0.04395738023645723
143,1,10,150,73,0.0
144,1,10,150,73,0.13408160299975874
145,1,10,150,73,0.29700295226483847
146,1,10,150,73,0.0
147,1,10,150,73,0.038800293177871176
148,1,10,150,73,0.2924190881243261
149,1,10,150,73,0.0
150,1,10,150,73,0.0
151,1,10,150,73,0.29229564618848247
152,1,10,150,73,0.15405431712229856
153,1,10,150,73,0.21315403751398063
154,1,10,150,73,0.12092068107181612
155,1,10,150,73,0.0
156,1,10,150,73,0.056765037818527084
157,1,10,150,73,0.07267844514201649
158,1,10,150,73,0.29227672927352527
159,1,10,150,73,0.06521625450990476
160,1,10,150,73,0.17465425782884814
161,1,10,150,73,0.11310115632029788
162,1,10,150,73,0.0475858026939827
163,1,10,150,73,0.08930748165857323
164,1,10,150,73,0.12193954395985479
165,1,10,150,73,0.16621229711010693
166,1,10,150,73,0.0
167,1,10,150,73,0.19520236775392877
168,1,10,150,73,0.044682472154713174
169,1,10,150,73,0.14269884249349324
170,1,10,150,73,0.0
171,1,10,150,73,0.0
172,1,10,150,73,0.0
173,1,10,150,73,0.02795730764456241
174,1,10,150,73,0.1226369327306965
175,1,10,150,73,0.10467701423324277
176,1,10,150,73,0.12162507554983247
177,1,10,150,73,0.1655922659307943
178,1,10,150,73,0.27255684818184484
179,1,10,150,73,0.024952538365330408
180,1,10,150,73,0.16785636010946767
181,1,10,150,73,0.1027549477242308
182,1,10,150,73,0.04195229264874745
183,1,10,150,73,0.02831169742649504
184,1,10,150,73,0.14197646308668552
185,1,10,150,73,0.0208917977510647
186,1,10,150,73,0.07305178005912392
187,1,10,150,73,0.17040981197472238
188,1,10,150,73,0.14452344993478855
189,1,10,150,73,0.2938300022895234
190,1,10,150,73,0.05339229345473345
191,1,10,150,73,0.0
192,1,10,150,73,0.10363179610670267
193,1,10,150,73,0.015341597742551824
194,1,10,150,73,0.07638517475596815
195,1,10,150,73,0.12225370560623582
196,1,10,150,73,0.07706308624591164
197,1,10,150,73,0.15910510968855318
198,1,10,150,73,0.033778539597599425
199,1,10,150,73,0.049748115641606416
200,1,10,150,73,0.25850881474339144
201,1,10,150,73,0.06407116184878803
202,1,10,150,73,0.0
203,1,10,150,73,0.05370431689540528
204,1,10,150,73,0.027001973670935885
205,1,10,150,73,0.36484800394146205
206,1,10,150,73,0.03974771280526578
207,1,10,150,73,0.18040466379943332
208,1,10,150,73,0.026258715116272383
209,1,10,150,73,0.03243822298569767
210,1,10,150,73,0.12006006589207233
211,1,10,150,73,0.0
212,1,10,150,73,0.047528395396896204
213,1,10,150,73,0.2958934158860559
214,1,10,150,73,0.17169301418933652
215,1,10,150,73,0.255708749192597
216,1,10,150,73,0.18920848610998078
217,1,10,150,73,0.08016750925175155
218,1,10,150,73,0.06133198316402014
219,1,10,150,73,0.0
220,1,10,150,73,0.034616222155696735
221,1,10,150,73,0.06802289283215787
222,1,10,150,73,0.18353108675084734
223,1,10,150,73,0.10677939756546245
224,1,10,150,73,0.048182558880226246
225,1,10,150,73,0.1677481946997085
226,1,10,150,73,0.23814675809782818
227,1,10,150,73,0.10623119772529849
228,1,10,150,73,0.02917403367304273
229,1,10,150,73,0.0
230,1,10,150,73,0.25422798975444133
231,1,10,150,73,0.0
232,1,10,150,73,0.0914735250933564
233,1,10,150,73,0.14835547983755953
234,1,10,150,73,0.19754378557198496
235,1,10,150,73,0.23280252396956425
236,1,10,150,73,0.13123532326882845
237,1,10,150,73,0.24352191769087017
238,1,10,150,73,0.0
239,1,10,150,73,0.1496234552264896
240,1,10,150,73,0.0
241,1,10,150,73,0.047978870624887156
242,1,10,150,73,0.03797289360605308
243,1,10,150,73,0.12898989924507495
244,1,10,150,73,0.19239122400613576
245,1,10,150,73,0.14708113704642112
246,1,10,150,73,0.07856863721577968
247,1,10,150,73,0.08883649703748449
248,1,10,150,73,0.1352712391738193
249,1,10,150,73,0.3055889559968742
250,1,10,150,73,0.12416587904357097
251,1,10,150,73,0.1369922724163038
252,1,10,150,73,0.15744006533381547
253,1,10,150,73,0.2443190287228016
254,1,10,150,73,0.07423216736696109
255,1,10,150,73,0.06847316147390722
256,1,10,150,73,0.2033791077025252
257,1,10,150,73,0.18334876608371883
258,1,10,150,73,0.0
259,1,10,150,73,0.08642802717301845
260,1,10,150,73,0.0
261,1,10,150,73,0.0
262,1,10,150,73,0.0
263,1,10,150,73,0.23364586802829987
264,1,10,150,73,0.07557807813033135
265,1,10,150,73,0.31140524445517653
266,1,10,150,73,0.05919139647768146
267,1,10,150,73,0.12265175439522351
268,1,10,150,73,0.14591934086229477
269,1,10,150,73,0.36465533595571303
270,1,10,150,73,0.10832567847977925
271,1,10,150,73,0.2150119867654935
272,1,10,150,73,0.23321348468935416
273,1,10,150,73,0.03860961209670539
274,1,10,150,73,0.20267731815698697
275,1,10,150,73,0.015522912158152052
276,1,10,150,73,0.3924413372295834
277,1,10,150,73,0.09982873474912346
278,1,10,150,73,0.07867548793068165
279,1,10,150,73,0.18189550308485272
280,1,10,150,73,0.2196436384309843
281,1,10,150,73,0.049432410190049694
282,1,10,150,73,0.0
283,1,10,150,73,0.18675758970511055
284,1,10,150,73,0.07891945711936355
285,1,10,150,73,0.06473560181867054
286,1,10,150,73,0.285394711236374
287,1,10,150,73,0.277373713129501
288,1,10,150,73,0.24080779176908668
289,1,10,150,73,0.0
290,1,10,150,73,0.09946955550462497
291,1,10,150,73,0.14131004321282442
292,1,10,150,73,0.15576768023747142
293,1,10,150,73,0.2255539385104901
294,1,10,150,73,0.010673514283348269
295,1,10,150,73,0.21456865116552823
296,1,10,150,73,0.21537609673918248
297,1,10,150,73,0.12835181903640835
298,1,10,150,73,0.265287510686088
299,1,10,150,73,0.12895870456644568
300,1,10,150,73,0.04336490181597879
301,1,10,150,73,0.32542543915535027
302,1,10,150,73,0.13927874459665815
303,1,10,150,73,0.31735518764916404
304,1,10,150,73,0.0
305,1,10,150,73,0.17263310534015966
306,1,10,150,73,0.08156911164475483
307,1,10,150,73,0.24870208371048264
308,1,10,150,73,0.4004343718758909
309,1,10,150,73,0.0
310,1,10,150,73,0.06900643972011666
311,1,10,150,73,0.30318379014393937
312,1,10,150,73,0.2183777327440219
313,1,10,150,73,0.30297248683334715
314,1,10,150,73,0.18152319972068817
315,1,10,150,73,0.286099807090925
316,1,10,150,73,0.15163097251042218
317,1,10,150,73,0.0
318,1,10,150,73,0.09817138530382553
319,1,10,150,73,0.06591877139737895
320,1,10,150,73,0.19618254659185208
321,1,10,150,73,0.15427224748816595
322,1,10,150,73,0.25443358806602195
323,1,10,150,73,0.20144166357013524
324,1,10,150,73,0.10121986794608845
325,1,10,150,73,0.0901883711443618
326,1,10,150,73,0.24152756938551892
327,1,10,150,73,0.014603047252111844
328,1,10,150,73,0.166277726031345
329,1,10,150,73,0.04249704384086923
330,1,10,150,73,0.23414043416332436
331,1,10,150,73,0.09091966573968718
332,1,10,150,73,0.1322167192336546
333,1,10,150,73,0.1014371752449239
334,1,10,150,73,0.10221073665994879
335,1,10,150,73,0.08149421541954936
336,1,10,150,73,0.1252879373315154
337,1,10,150,73,0.10521567817367497
338,1,10,150,73,0.15896841246993118
339,1,10,150,73,0.30469540805035106
340,1,10,150,73,0.31224027812414556
341,1,10,150,73,0.0
342,1,10,150,73,0.0837441407258784
343,1,10,150,73,0.2904729804507301
344,1,10,150,73,0.24904565678383309
345,1,10,150,73,0.09583861127394505
346,1,10,150,73,0.10819332410049512
347,1,10,150,73,0.2491070234188818
348,1,10,150,73,0.18923084143550442
349,1,10,150,73,0.25859803951431987
350,1,10,150,73,0.057127212566552996
351,1,10,150,73,0.02907522751061953
352,1,10,150,73,0.11369404114489928
353,1,10,150,73,0.0
354,1,10,150,73,0.15119243430898982
355,1,10,150,73,0.0
356,1,10,150,73,0.0
357,1,10,150,73,0.06959508771708611
358,1,10,150,73,0.06323567569191428
359,1,10,150,73,0.23047812925238975
360,1,10,150,73,0.1692259700041561
361,1,10,150,73,0.15572261253779404
362,1,10,150,73,0.15042501043191572
363,1,10,150,73,0.11081610393590775
364,1,10,150,73,0.0
365,1,10,150,73,0.14456587527532935
366,1,10,150,73,0.13610100259425117
367,1,10,150,73,0.11436773481003104
368,1,10,150,73,0.042512356679180144
369,1,10,150,73,0.0
370,1,10,150,73,0.19811064503366002
371,1,10,150,73,0.1319132354603233
372,1,10,150,73,0.13916735218438364
373,1,10,150,73,0.12762646835561373
374,1,10,150,73,0.130299413775157
375,1,10,150,73,0.04282650856324445
376,1,10,150,73,0.0
377,1,10,150,73,0.0913219819219427
378,1,10,150,73,0.17088771528583768
379,1,10,150,73,0.14106132623401474
380,1,10,150,73,0.04113515715432896
381,1,10,150,73,0.10899879606790715
382,1,10,150,73,0.0
383,1,10,150,73,0.11713125931833299
384,1,10,150,73,0.0561173220664886
385,1,10,150,73,0.1239587226158435
386,1,10,150,73,0.14606834984270645
387,1,10,150,73,0.14756626644231283
388,1,10,150,73,0.08659331667411305
389,1,10,150,73,0.1014822420242732
390,1,10,150,73,0.05307577057513386
391,1,10,150,73,0.08907375584162422
392,1,10,150,73,0.18499940411030946
393,1,10,150,73,0.2905798209777659
394,1,10,150,73,0.10657019454040408
395,1,10,150,73,0.1494624820736264
396,1,10,150,73,0.0
397,1,10,150,73,0.10540164605552274
398,1,10,150,73,0.1406230079272144
399,1,10,150,73,0.021885130174961232
400,1,10,150,73,0.0
401,1,10,150,73,0.016941778998402247
402,1,10,150,73,0.11288598947105788
403,1,10,150,73,0.09224219235917257
404,1,10,150,73,0.05446824630887794
405,1,10,150,73,0.24201449047661316
406,1,10,150,73,0.15003108558631417
407,1,10,150,73,0.04613251518951172
408,1,10,150,73,0.0
409,1,10,150,73,0.11976431141977988
410,1,10,150,73,0.0
411,1,10,150,73,0.0
412,1,10,150,73,0.15001451003751623
413,1,10,150,73,0.04935421935348238
414,1,10,150,73,0.1309019901681972
415,1,10,150,73,0.0
416,1,10,150,73,0.2540938159437666
417,1,10,150,73,0.12309745810327996
418,1,10,150,73,0.14436292983286242
419,1,10,150,73,0.0
420,1,10,150,73,0.19519002499605084
421,1,10,150,73,0.0
422,1,10,150,73,0.030480958763669998
423,1,10,150,73,0.0
424,1,10,150,73,0.0
425,1,10,150,73,0.0
426,1,10,150,73,0.11229023146606223
427,1,10,150,73,0.0
428,1,10,150,73,0.04822019817866397
429,1,10,150,73,0.14062551472815982
430,1,10,150,73,0.0
431,1,10,150,73,0.0
432,1,10,150,73,0.0
433,1,10,150,73,0.20451415323992994
434,1,10,150,73,0.0
435,1,10,150,73,0.08127781909048552
436,1,10,150,73,0.09499424853799125
437,1,10,150,73,0.14945564650669343
438,1,10,150,73,0.0
439,1,10,150,73,0.18154179253735267
440,1,10,150,73,0.0
442,1,10,150,73,0.0733934381893728
444,1,10,150,73,0.0
445,1,10,150,73,0.0
446,1,10,150,73,0.0
447,1,10,150,73,0.0
448,1,10,150,73,0.0
449,1,10,150,73,0.04971883051739238
450,1,10,150,73,0.17556211942720856
451,1,10,150,73,0.05497526658285817
452,1,10,150,73,0.05780700008370542
453,1,10,150,73,0.1515771522786143
454,1,10,150,73,0.1059131727358383
455,1,10,150,73,0.0
456,1,10,150,73,0.0
457,1,10,150,73,0.14751814893861787
458,1,10,150,73,0.0
459,1,10,150,73,0.0
460,1,10,150,73,0.0
462,1,10,150,73,0.0
1,1,10,150,74,0.5416587963653655
2,1,10,150,74,0.1011519894320134
3,1,10,150,74,0.020132733082951743
4,1,10,150,74,0.11528901748471758
5,1,10,150,74,0.043687756359019406
6,1,10,150,74,0.19226264923348604
7,1,10,150,74,0.40348876867234706
8,1,10,150,74,0.19541031409018228
9,1,10,150,74,0.03789879717220718
10,1,10,150,74,0.3201089253461645
11,1,10,150,74,0.17419631557483867
12,1,10,150,74,0.12022816103951169
13,1,10,150,74,0.49055230306718095
14,1,10,150,74,0.32622009962228
15,1,10,150,74,0.050262678017164185
16,1,10,150,74,0.2340174106231599
17,1,10,150,74,0.10122860821230018
18,1,10,150,74,0.26594435933458144
19,1,10,150,74,0.13886244387355454
20,1,10,150,74,0.05692185311373096
21,1,10,150,74,0.049891696471641024
22,1,10,150,74,0.12801304733456464
23,1,10,150,74,0.0
24,1,10,150,74,0.1894711133610512
25,1,10,150,74,0.17085280125179103
26,1,10,150,74,0.0
27,1,10,150,74,0.0
28,1,10,150,74,0.2629052193668776
29,1,10,150,74,0.0
30,1,10,150,74,0.0
31,1,10,150,74,0.038437318942299493
32,1,10,150,74,0.11469999139467348
33,1,10,150,74,0.0
34,1,10,150,74,0.0
35,1,10,150,74,0.0
36,1,10,150,74,0.0
37,1,10,150,74,0.15133867332691472
38,1,10,150,74,0.2042658659125204
39,1,10,150,74,0.0993029104208021
40,1,10,150,74,0.3197267407502473
41,1,10,150,74,0.0224586613737933
42,1,10,150,74,0.2458898550572168
43,1,10,150,74,0.2923830299485707
44,1,10,150,74,0.07237002116518762
45,1,10,150,74,0.04094516368001556
46,1,10,150,74,0.02795730764456241
47,1,10,150,74,0.0
48,1,10,150,74,0.22961445578066944
49,1,10,150,74,0.0976983781010977
50,1,10,150,74,0.0
51,1,10,150,74,0.0
52,1,10,150,74,0.02753109834834184
53,1,10,150,74,0.1369821642818139
54,1,10,150,74,0.12836415432918194
55,1,10,150,74,0.0
56,1,10,150,74,0.19215773330187838
57,1,10,150,74,0.1825067720422371
58,1,10,150,74,0.15066686114737282
59,1,10,150,74,0.3389605654632543
60,1,10,150,74,0.24284459039907563
61,1,10,150,74,0.0
62,1,10,150,74,0.19819805678845182
63,1,10,150,74,0.033669757978328795
64,1,10,150,74,0.137619636276013
65,1,10,150,74,0.2306157261998143
66,1,10,150,74,0.0
67,1,10,150,74,0.03314040476303028
68,1,10,150,74,0.0
69,1,10,150,74,0.25224764194294225
70,1,10,150,74,0.04877881076481323
71,1,10,150,74,0.0
72,1,10,150,74,0.23884724223409404
73,1,10,150,74,0.22453841950176487
74,1,10,150,74,0.03272011597426011
75,1,10,150,74,0.10310690100385646
76,1,10,150,74,0.1177548715386271
77,1,10,150,74,0.45927229869726693
78,1,10,150,74,0.05658242244874664
79,1,10,150,74,0.4102269223050506
80,1,10,150,74,0.1466914912588887
81,1,10,150,74,0.034380101046999886
82,1,10,150,74,0.18294978533622455
83,1,10,150,74,0.1034214075470912
84,1,10,150,74,0.05683844068224461
85,1,10,150,74,0.05398810405042818
86,1,10,150,74,0.0
87,1,10,150,74,0.1463954447136941
88,1,10,150,74,0.0
89,1,10,150,74,0.17107843556110094
90,1,10,150,74,0.25002410958466176
91,1,10,150,74,0.15371785092569112
92,1,10,150,74,0.3238550016432468
93,1,10,150,74,0.0
94,1,10,150,74,0.4308988338294782
95,1,10,150,74,0.25898955222956854
96,1,10,150,74,0.3781493395140278
97,1,10,150,74,0.16145556611981818
98,1,10,150,74,0.19533769320769842
99,1,10,150,74,0.16792576455798583
100,1,10,150,74,0.022805505402617214
101,1,10,150,74,0.04161098736885563
102,1,10,150,74,0.030827577175913064
103,1,10,150,74,0.15394621921377785
104,1,10,150,74,0.015190330175114026
105,1,10,150,74,0.05200670101006268
106,1,10,150,74,0.31023153259588415
107,1,10,150,74,0.0
108,1,10,150,74,0.06036985955798015
109,1,10,150,74,0.2593624174492849
110,1,10,150,74,0.025730099886965674
111,1,10,150,74,0.038281751104512325
112,1,10,150,74,0.0
113,1,10,150,74,0.02769198719673247
114,1,10,150,74,0.0973553014914488
115,1,10,150,74,0.341866508559041
116,1,10,150,74,0.0380545682064199
117,1,10,150,74,0.25596974895629354
118,1,10,150,74,0.10713028046710026
119,1,10,150,74,0.14579118466659288
120,1,10,150,74,0.12171775198765021
121,1,10,150,74,0.18136606922889512
122,1,10,150,74,0.125418998393806
123,1,10,150,74,0.045465875186671466
124,1,10,150,74,0.18978688349077963
125,1,10,150,74,0.24568924168337417
126,1,10,150,74,0.0
127,1,10,150,74,0.071512236588497
128,1,10,150,74,0.22142856325075017
129,1,10,150,74,0.03443731487202246
130,1,10,150,74,0.3514150203716902
131,1,10,150,74,0.25372733625822586
132,1,10,150,74,0.12238042572284785
133,1,10,150,74,0.0
134,1,10,150,74,0.030071530282993673
135,1,10,150,74,0.04046615435059731
136,1,10,150,74,0.302465392219196
137,1,10,150,74,0.29533063600730286
138,1,10,150,74,0.0897467133453464
139,1,10,150,74,0.06016179456846956
140,1,10,150,74,0.039232819060514755
141,1,10,150,74,0.13063153700485167
142,1,10,150,74,0.04395738023645723
143,1,10,150,74,0.0
144,1,10,150,74,0.13280892400387684
145,1,10,150,74,0.2941838524733253
146,1,10,150,74,0.0
147,1,10,150,74,0.038800293177871176
148,1,10,150,74,0.2924190881243261
149,1,10,150,74,0.0
150,1,10,150,74,0.0
151,1,10,150,74,0.2895212273184121
152,1,10,150,74,0.15405431712229856
153,1,10,150,74,0.21315403751398063
154,1,10,150,74,0.14119390874852483
155,1,10,150,74,0.0
156,1,10,150,74,0.056765037818527084
157,1,10,150,74,0.07267844514201649
158,1,10,150,74,0.28950248995948497
159,1,10,150,74,0.06521625450990476
160,1,10,150,74,0.17465425782884814
161,1,10,150,74,0.11310115632029788
162,1,10,150,74,0.0475858026939827
163,1,10,150,74,0.08930748165857323
164,1,10,150,74,0.12193954395985479
165,1,10,150,74,0.16621229711010693
166,1,10,150,74,0.0
167,1,10,150,74,0.19520236775392877
168,1,10,150,74,0.044682472154713174
169,1,10,150,74,0.14269884249349324
170,1,10,150,74,0.0
171,1,10,150,74,0.0
172,1,10,150,74,0.0
173,1,10,150,74,0.02795730764456241
174,1,10,150,74,0.12147288453233165
175,1,10,150,74,0.10467701423324277
176,1,10,150,74,0.12162507554983247
177,1,10,150,74,0.1655922659307943
178,1,10,150,74,0.2699697865111588
179,1,10,150,74,0.024952538365330408
180,1,10,150,74,0.16785636010946767
181,1,10,150,74,0.10177961583107163
182,1,10,150,74,0.04195229264874745
183,1,10,150,74,0.02831169742649504
184,1,10,150,74,0.14062884746726043
185,1,10,150,74,0.0208917977510647
186,1,10,150,74,0.07305178005912392
187,1,10,150,74,0.17040981197472238
188,1,10,150,74,0.14452344993478855
189,1,10,150,74,0.30053284371967626
190,1,10,150,74,0.05339229345473345
191,1,10,150,74,0.0
192,1,10,150,74,0.10363179610670267
193,1,10,150,74,0.015341597742551824
194,1,10,150,74,0.0756601401103959
195,1,10,150,74,0.12225370560623582
196,1,10,150,74,0.07706308624591164
197,1,10,150,74,0.15910510968855318
198,1,10,150,74,0.03345791964008364
199,1,10,150,74,0.049748115641606416
200,1,10,150,74,0.25605509453559505
201,1,10,150,74,0.07295483378667007
202,1,10,150,74,0.0
203,1,10,150,74,0.05370431689540528
204,1,10,150,74,0.027001973670935885
205,1,10,150,74,0.36484800394146205
206,1,10,150,74,0.03974771280526578
207,1,10,150,74,0.17869229445688387
208,1,10,150,74,0.026258715116272383
209,1,10,150,74,0.03243822298569767
210,1,10,150,74,0.13079738723900425
211,1,10,150,74,0.0
212,1,10,150,74,0.047528395396896204
213,1,10,150,74,0.2958934158860559
214,1,10,150,74,0.17169301418933652
215,1,10,150,74,0.255708749192597
216,1,10,150,74,0.18920848610998078
217,1,10,150,74,0.08016750925175155
218,1,10,150,74,0.06133198316402014
219,1,10,150,74,0.0
220,1,10,150,74,0.034616222155696735
221,1,10,150,74,0.06802289283215787
222,1,10,150,74,0.18178904195146048
223,1,10,150,74,0.10677939756546245
224,1,10,150,74,0.04772521850479221
225,1,10,150,74,0.1677481946997085
226,1,10,150,74,0.23814675809782818
227,1,10,150,74,0.10623119772529849
228,1,10,150,74,0.02917403367304273
229,1,10,150,74,0.0
230,1,10,150,74,0.25422798975444133
231,1,10,150,74,0.0
232,1,10,150,74,0.0914735250933564
233,1,10,150,74,0.14835547983755953
234,1,10,150,74,0.19566873469968207
235,1,10,150,74,0.23280252396956425
236,1,10,150,74,0.13123532326882845
237,1,10,150,74,0.24352191769087017
238,1,10,150,74,0.0
239,1,10,150,74,0.15920623744859955
240,1,10,150,74,0.0
241,1,10,150,74,0.047978870624887156
242,1,10,150,74,0.03797289360605308
243,1,10,150,74,0.12898989924507495
244,1,10,150,74,0.19056508034207872
245,1,10,150,74,0.14708113704642112
246,1,10,150,74,0.07782287752852589
247,1,10,150,74,0.08883649703748449
248,1,10,150,74,0.1352712391738193
249,1,10,150,74,0.3055889559968742
250,1,10,150,74,0.12416587904357097
251,1,10,150,74,0.1369922724163038
252,1,10,150,74,0.15744006533381547
253,1,10,150,74,0.2443190287228016
254,1,10,150,74,0.07352756868889418
255,1,10,150,74,0.06847316147390722
256,1,10,150,74,0.20144866897876776
257,1,10,150,74,0.18334876608371883
258,1,10,150,74,0.0
259,1,10,150,74,0.08642802717301845
260,1,10,150,74,0.0
261,1,10,150,74,0.0
262,1,10,150,74,0.0
263,1,10,150,74,0.24426482197007035
264,1,10,150,74,0.07557807813033135
265,1,10,150,74,0.31140524445517653
266,1,10,150,74,0.05919139647768146
267,1,10,150,74,0.12148756551222553
268,1,10,150,74,0.144534300140424
269,1,10,150,74,0.3611940916356557
270,1,10,150,74,0.10832567847977925
271,1,10,150,74,0.2129711307994459
272,1,10,150,74,0.23321348468935416
273,1,10,150,74,0.03860961209670539
274,1,10,150,74,0.20267731815698697
275,1,10,150,74,0.015522912158152052
276,1,10,150,74,0.3887163530719223
277,1,10,150,74,0.09982873474912346
278,1,10,150,74,0.07867548793068165
279,1,10,150,74,0.18016898295798728
280,1,10,150,74,0.21755881964185708
281,1,10,150,74,0.049432410190049694
282,1,10,150,74,0.0
283,1,10,150,74,0.18675758970511055
284,1,10,150,74,0.07891945711936355
285,1,10,150,74,0.06473560181867054
286,1,10,150,74,0.29217761896576044
287,1,10,150,74,0.277373713129501
288,1,10,150,74,0.24080779176908668
289,1,10,150,74,0.0
290,1,10,150,74,0.09946955550462497
291,1,10,150,74,0.13996875313364443
292,1,10,150,74,0.15576768023747142
293,1,10,150,74,0.22341302019240245
294,1,10,150,74,0.010673514283348269
295,1,10,150,74,0.21253200326302985
296,1,10,150,74,0.21537609673918248
297,1,10,150,74,0.12713352614225817
298,1,10,150,74,0.265287510686088
299,1,10,150,74,0.12773465122157215
300,1,10,150,74,0.04336490181597879
301,1,10,150,74,0.32233655811669354
302,1,10,150,74,0.13927874459665815
303,1,10,150,74,0.3143429080185574
304,1,10,150,74,0.0
305,1,10,150,74,0.17099450226378768
306,1,10,150,74,0.08156911164475483
307,1,10,150,74,0.24870208371048264
308,1,10,150,74,0.39663351923903417
309,1,10,150,74,0.0
310,1,10,150,74,0.06900643972011666
311,1,10,150,74,0.3097978470647493
312,1,10,150,74,0.21630492970905124
313,1,10,150,74,0.30009672526952097
314,1,10,150,74,0.17980021343188154
315,1,10,150,74,0.286099807090925
316,1,10,150,74,0.15163097251042218
317,1,10,150,74,0.0
318,1,10,150,74,0.09723955977908869
319,1,10,150,74,0.06591877139737895
320,1,10,150,74,0.19432041636055908
321,1,10,150,74,0.15427224748816595
322,1,10,150,74,0.25443358806602195
323,1,10,150,74,0.20144166357013524
324,1,10,150,74,0.10121986794608845
325,1,10,150,74,0.0901883711443618
326,1,10,150,74,0.23923503217231218
327,1,10,150,74,0.01446443769570859
328,1,10,150,74,0.16469944709770573
329,1,10,150,74,0.04249704384086923
330,1,10,150,74,0.24487775551025628
331,1,10,150,74,0.09091966573968718
332,1,10,150,74,0.1322167192336546
333,1,10,150,74,0.1014371752449239
334,1,10,150,74,0.101240570322506
335,1,10,150,74,0.08149421541954936
336,1,10,150,74,0.1252879373315154
337,1,10,150,74,0.10521567817367497
338,1,10,150,74,0.15896841246993118
339,1,10,150,74,0.3112951169598287
340,1,10,150,74,0.31224027812414556
341,1,10,150,74,0.0
342,1,10,150,74,0.0837441407258784
343,1,10,150,74,0.2877158620033058
344,1,10,150,74,0.24668175920718366
345,1,10,150,74,0.09492892803005469
346,1,10,150,74,0.10819332410049512
347,1,10,150,74,0.24674254336092452
348,1,10,150,74,0.18923084143550442
349,1,10,150,74,0.25859803951431987
350,1,10,150,74,0.057127212566552996
351,1,10,150,74,0.02907522751061953
352,1,10,150,74,0.11369404114489928
353,1,10,150,74,0.0
354,1,10,150,74,0.15924916644995726
355,1,10,150,74,0.0
356,1,10,150,74,0.0
357,1,10,150,74,0.06959508771708611
358,1,10,150,74,0.06323567569191428
359,1,10,150,74,0.23047812925238975
360,1,10,150,74,0.1692259700041561
361,1,10,150,74,0.15572261253779404
362,1,10,150,74,0.15042501043191572
363,1,10,150,74,0.10976425696563435
364,1,10,150,74,0.0
365,1,10,150,74,0.14456587527532935
366,1,10,150,74,0.13610100259425117
367,1,10,150,74,0.11436773481003104
368,1,10,150,74,0.042512356679180144
369,1,10,150,74,0.0
370,1,10,150,74,0.19811064503366002
371,1,10,150,74,0.1319132354603233
372,1,10,150,74,0.13916735218438364
373,1,10,150,74,0.1264150603625644
374,1,10,150,74,0.12906263465425352
375,1,10,150,74,0.04282650856324445
376,1,10,150,74,0.0
377,1,10,150,74,0.12130002016702163
378,1,10,150,74,0.16926567914491444
379,1,10,150,74,0.1520449187020279
380,1,10,150,74,0.04113515715432896
381,1,10,150,74,0.10899879606790715
382,1,10,150,74,0.0
383,1,10,150,74,0.11713125931833299
384,1,10,150,74,0.0561173220664886
385,1,10,150,74,0.12278212822034079
386,1,10,150,74,0.14606834984270645
387,1,10,150,74,0.14616559339246732
388,1,10,150,74,0.08659331667411305
389,1,10,150,74,0.1014822420242732
390,1,10,150,74,0.05307577057513386
391,1,10,150,74,0.08907375584162422
392,1,10,150,74,0.18499940411030946
393,1,10,150,74,0.2878216884188481
394,1,10,150,74,0.10657019454040408
395,1,10,150,74,0.1494624820736264
396,1,10,150,74,0.0
397,1,10,150,74,0.10540164605552274
398,1,10,150,74,0.1406230079272144
399,1,10,150,74,0.021885130174961232
400,1,10,150,74,0.0
401,1,10,150,74,0.016941778998402247
402,1,10,150,74,0.11288598947105788
403,1,10,150,74,0.09224219235917257
404,1,10,150,74,0.05446824630887794
405,1,10,150,74,0.23971733149404043
406,1,10,150,74,0.15003108558631417
407,1,10,150,74,0.04613251518951172
408,1,10,150,74,0.0
409,1,10,150,74,0.11976431141977988
410,1,10,150,74,0.0
411,1,10,150,74,0.0
412,1,10,150,74,0.15001451003751623
413,1,10,150,74,0.04935421935348238
414,1,10,150,74,0.1309019901681972
415,1,10,150,74,0.0
416,1,10,150,74,0.25168200212814795
417,1,10,150,74,0.12309745810327996
418,1,10,150,74,0.14436292983286242
419,1,10,150,74,0.0
420,1,10,150,74,0.19519002499605084
421,1,10,150,74,0.0
422,1,10,150,74,0.030480958763669998
423,1,10,150,74,0.0
424,1,10,150,74,0.0
425,1,10,150,74,0.0
426,1,10,150,74,0.11229023146606223
427,1,10,150,74,0.0
428,1,10,150,74,0.04822019817866397
429,1,10,150,74,0.14062551472815982
430,1,10,150,74,0.0
431,1,10,150,74,0.0
432,1,10,150,74,0.0
433,1,10,150,74,0.20451415323992994
434,1,10,150,74,0.0
435,1,10,150,74,0.08127781909048552
436,1,10,150,74,0.09499424853799125
437,1,10,150,74,0.14945564650669343
438,1,10,150,74,0.0
439,1,10,150,74,0.18154179253735267
440,1,10,150,74,0.0
442,1,10,150,74,0.0733934381893728
444,1,10,150,74,0.0
445,1,10,150,74,0.0
446,1,10,150,74,0.0
447,1,10,150,74,0.0
448,1,10,150,74,0.0
449,1,10,150,74,0.04971883051739238
450,1,10,150,74,0.17556211942720856
451,1,10,150,74,0.05497526658285817
452,1,10,150,74,0.05780700008370542
453,1,10,150,74,0.1515771522786143
454,1,10,150,74,0.1059131727358383
455,1,10,150,74,0.0
456,1,10,150,74,0.0
457,1,10,150,74,0.14751814893861787
458,1,10,150,74,0.0
459,1,10,150,74,0.0
460,1,10,150,74,0.0
462,1,10,150,74,0.0
1,1,10,150,75,0.5365812385876028
2,1,10,150,75,0.1011519894320134
3,1,10,150,75,0.020132733082951743
4,1,10,150,75,0.11528901748471758
5,1,10,150,75,0.043278223441651054
6,1,10,150,75,0.1904603620435809
7,1,10,150,75,0.40908051805862944
8,1,10,150,75,0.21327391470391274
9,1,10,150,75,0.03789879717220718
10,1,10,150,75,0.317108195782592
11,1,10,150,75,0.172563383804987
12,1,10,150,75,0.12022816103951169
13,1,10,150,75,0.495327911131302
14,1,10,150,75,0.32622009962228
15,1,10,150,75,0.050262678017164185
16,1,10,150,75,0.2340174106231599
17,1,10,150,75,0.10122860821230018
18,1,10,150,75,0.26345137323474793
19,1,10,150,75,0.13886244387355454
20,1,10,150,75,0.05692185311373096
21,1,10,150,75,0.058798096291359264
22,1,10,150,75,0.12801304733456464
23,1,10,150,75,0.0
24,1,10,150,75,0.1894711133610512
25,1,10,150,75,0.17085280125179103
26,1,10,150,75,0.0
27,1,10,150,75,0.0
28,1,10,150,75,0.2629052193668776
29,1,10,150,75,0.0
30,1,10,150,75,0.0
31,1,10,150,75,0.038437318942299493
32,1,10,150,75,0.11469999139467348
33,1,10,150,75,0.0
34,1,10,150,75,0.0
35,1,10,150,75,0.0
36,1,10,150,75,0.0
37,1,10,150,75,0.15133867332691472
38,1,10,150,75,0.2042658659125204
39,1,10,150,75,0.0993029104208021
40,1,10,150,75,0.3197267407502473
41,1,10,150,75,0.0224586613737933
42,1,10,150,75,0.24358486166581153
43,1,10,150,75,0.28964220539672536
44,1,10,150,75,0.07237002116518762
45,1,10,150,75,0.04094516368001556
46,1,10,150,75,0.02795730764456241
47,1,10,150,75,0.0
48,1,10,150,75,0.22961445578066944
49,1,10,150,75,0.09678254480727741
50,1,10,150,75,0.0
51,1,10,150,75,0.0
52,1,10,150,75,0.02753109834834184
53,1,10,150,75,0.1369821642818139
54,1,10,150,75,0.12836415432918194
55,1,10,150,75,0.0
56,1,10,150,75,0.19035642960325616
57,1,10,150,75,0.1825067720422371
58,1,10,150,75,0.1601296552456679
59,1,10,150,75,0.33578311894697577
60,1,10,150,75,0.2405681435896774
61,1,10,150,75,0.0
62,1,10,150,75,0.19634013055973268
63,1,10,150,75,0.033669757978328795
64,1,10,150,75,0.1363295775541109
65,1,10,150,75,0.2306157261998143
66,1,10,150,75,0.0
67,1,10,150,75,0.03314040476303028
68,1,10,150,75,0.0
69,1,10,150,75,0.25224764194294225
70,1,10,150,75,0.06055220096837129
71,1,10,150,75,0.0
72,1,10,150,75,0.23884724223409404
73,1,10,150,75,0.22453841950176487
74,1,10,150,75,0.03272011597426011
75,1,10,150,75,0.10310690100385646
76,1,10,150,75,0.1177548715386271
77,1,10,150,75,0.45927229869726693
78,1,10,150,75,0.05658242244874664
79,1,10,150,75,0.4102269223050506
80,1,10,150,75,0.1466914912588887
81,1,10,150,75,0.034380101046999886
82,1,10,150,75,0.18123479776156073
83,1,10,150,75,0.10245192606575718
84,1,10,150,75,0.05683844068224461
85,1,10,150,75,0.053482014756822384
86,1,10,150,75,0.0
87,1,10,150,75,0.15439720980624147
88,1,10,150,75,0.0
89,1,10,150,75,0.17107843556110094
90,1,10,150,75,0.2570544503472702
91,1,10,150,75,0.15371785092569112
92,1,10,150,75,0.3208191560269747
93,1,10,150,75,0.0
94,1,10,150,75,0.4362336388248239
95,1,10,150,75,0.2565617611106822
96,1,10,150,75,0.3781493395140278
97,1,10,150,75,0.16145556611981818
98,1,10,150,75,0.19533769320769842
99,1,10,150,75,0.16792576455798583
100,1,10,150,75,0.022805505402617214
101,1,10,150,75,0.04161098736885563
102,1,10,150,75,0.030538596723071767
103,1,10,150,75,0.15394621921377785
104,1,10,150,75,0.015190330175114026
105,1,10,150,75,0.05200670101006268
106,1,10,150,75,0.31023153259588415
107,1,10,150,75,0.0
108,1,10,150,75,0.06036985955798015
109,1,10,150,75,0.25693113105863497
110,1,10,150,75,0.037972977707794855
111,1,10,150,75,0.038281751104512325
112,1,10,150,75,0.0
113,1,10,150,75,0.02769198719673247
114,1,10,150,75,0.11938748599511304
115,1,10,150,75,0.341866508559041
116,1,10,150,75,0.0380545682064199
117,1,10,150,75,0.25596974895629354
118,1,10,150,75,0.10713028046710026
119,1,10,150,75,0.14442452512261353
120,1,10,150,75,0.12171775198765021
121,1,10,150,75,0.18136606922889512
122,1,10,150,75,0.125418998393806
123,1,10,150,75,0.045465875186671466
124,1,10,150,75,0.18978688349077963
125,1,10,150,75,0.25276021788359654
126,1,10,150,75,0.0
127,1,10,150,75,0.071512236588497
128,1,10,150,75,0.2193528721863808
129,1,10,150,75,0.03443731487202246
130,1,10,150,75,0.3481208246863545
131,1,10,150,75,0.25372733625822586
132,1,10,150,75,0.12238042572284785
133,1,10,150,75,0.0
134,1,10,150,75,0.030071530282993673
135,1,10,150,75,0.04046615435059731
136,1,10,150,75,0.302465392219196
137,1,10,150,75,0.29533063600730286
138,1,10,150,75,0.0897467133453464
139,1,10,150,75,0.06016179456846956
140,1,10,150,75,0.039232819060514755
141,1,10,150,75,0.13063153700485167
142,1,10,150,75,0.04395738023645723
143,1,10,150,75,0.0
144,1,10,150,75,0.1315639613270826
145,1,10,150,75,0.29142614685081647
146,1,10,150,75,0.0
147,1,10,150,75,0.038800293177871176
148,1,10,150,75,0.2924190881243261
149,1,10,150,75,0.0
150,1,10,150,75,0.0
151,1,10,150,75,0.286807229559191
152,1,10,150,75,0.16953823946705157
153,1,10,150,75,0.21315403751398063
154,1,10,150,75,0.14119390874852483
155,1,10,150,75,0.0
156,1,10,150,75,0.056765037818527084
157,1,10,150,75,0.07267844514201649
158,1,10,150,75,0.28950248995948497
159,1,10,150,75,0.06521625450990476
160,1,10,150,75,0.17465425782884814
161,1,10,150,75,0.13331237983363897
162,1,10,150,75,0.0475858026939827
163,1,10,150,75,0.08930748165857323
164,1,10,150,75,0.12193954395985479
165,1,10,150,75,0.16621229711010693
166,1,10,150,75,0.0
167,1,10,150,75,0.19520236775392877
168,1,10,150,75,0.044682472154713174
169,1,10,150,75,0.14269884249349324
170,1,10,150,75,0.0
171,1,10,150,75,0.0
172,1,10,150,75,0.0
173,1,10,150,75,0.02795730764456241
174,1,10,150,75,0.12033418689872327
175,1,10,150,75,0.10467701423324277
176,1,10,150,75,0.12162507554983247
177,1,10,150,75,0.1655922659307943
178,1,10,150,75,0.2674390656986125
179,1,10,150,75,0.024952538365330408
180,1,10,150,75,0.16785636010946767
181,1,10,150,75,0.10082552465144244
182,1,10,150,75,0.04195229264874745
183,1,10,150,75,0.02831169742649504
184,1,10,150,75,0.13931058013175954
185,1,10,150,75,0.0208917977510647
186,1,10,150,75,0.07305178005912392
187,1,10,150,75,0.17040981197472238
188,1,10,150,75,0.14452344993478855
189,1,10,150,75,0.29771562208801156
190,1,10,150,75,0.05339229345473345
191,1,10,150,75,0.0
192,1,10,150,75,0.10363179610670267
193,1,10,150,75,0.015341597742551824
194,1,10,150,75,0.07495089522143258
195,1,10,150,75,0.12225370560623582
196,1,10,150,75,0.07706308624591164
197,1,10,150,75,0.15910510968855318
198,1,10,150,75,0.0331442821228196
199,1,10,150,75,0.049748115641606416
200,1,10,150,75,0.2536548112843692
201,1,10,150,75,0.07227094868002257
202,1,10,150,75,0.0
203,1,10,150,75,0.05370431689540528
204,1,10,150,75,0.027001973670935885
205,1,10,150,75,0.36484800394146205
206,1,10,150,75,0.03974771280526578
207,1,10,150,75,0.17701721698074185
208,1,10,150,75,0.026258715116272383
209,1,10,150,75,0.03243822298569767
210,1,10,150,75,0.13079738723900425
211,1,10,150,75,0.0
212,1,10,150,75,0.047528395396896204
213,1,10,150,75,0.2958934158860559
214,1,10,150,75,0.17169301418933652
215,1,10,150,75,0.255708749192597
216,1,10,150,75,0.18920848610998078
217,1,10,150,75,0.08016750925175155
218,1,10,150,75,0.06133198316402014
219,1,10,150,75,0.0
220,1,10,150,75,0.034616222155696735
221,1,10,150,75,0.06802289283215787
222,1,10,150,75,0.18008493528861946
223,1,10,150,75,0.10677939756546245
224,1,10,150,75,0.04727783805783834
225,1,10,150,75,0.1677481946997085
226,1,10,150,75,0.23814675809782818
227,1,10,150,75,0.10623119772529849
228,1,10,150,75,0.02917403367304273
229,1,10,150,75,0.0
230,1,10,150,75,0.25422798975444133
231,1,10,150,75,0.0
232,1,10,150,75,0.0914735250933564
233,1,10,150,75,0.14835547983755953
234,1,10,150,75,0.19383451856139344
235,1,10,150,75,0.23280252396956425
236,1,10,150,75,0.13123532326882845
237,1,10,150,75,0.24352191769087017
238,1,10,150,75,0.0
239,1,10,150,75,0.15920623744859955
240,1,10,150,75,0.0
241,1,10,150,75,0.047978870624887156
242,1,10,150,75,0.03797289360605308
243,1,10,150,75,0.12898989924507495
244,1,10,150,75,0.188778706314086
245,1,10,150,75,0.18470089958507746
246,1,10,150,75,0.07709335894646949
247,1,10,150,75,0.08883649703748449
248,1,10,150,75,0.1352712391738193
249,1,10,150,75,0.3055889559968742
250,1,10,150,75,0.12416587904357097
251,1,10,150,75,0.1369922724163038
252,1,10,150,75,0.15744006533381547
253,1,10,150,75,0.2443190287228016
254,1,10,150,75,0.07352756868889418
255,1,10,150,75,0.06847316147390722
256,1,10,150,75,0.1995602712219941
257,1,10,150,75,0.18334876608371883
258,1,10,150,75,0.0
259,1,10,150,75,0.08642802717301845
260,1,10,150,75,0.0
261,1,10,150,75,0.0
262,1,10,150,75,0.0
263,1,10,150,75,0.24426482197007035
264,1,10,150,75,0.07557807813033135
265,1,10,150,75,0.31140524445517653
266,1,10,150,75,0.05919139647768146
267,1,10,150,75,0.12034873025780467
268,1,10,150,75,0.14317942274388587
269,1,10,150,75,0.35780822606571955
270,1,10,150,75,0.10832567847977925
271,1,10,150,75,0.21097472045978954
272,1,10,150,75,0.23321348468935416
273,1,10,150,75,0.03860961209670539
274,1,10,150,75,0.20267731815698697
275,1,10,150,75,0.015522912158152052
276,1,10,150,75,0.38507249137314076
277,1,10,150,75,0.09982873474912346
278,1,10,150,75,0.07867548793068165
279,1,10,150,75,0.17848006287237522
280,1,10,150,75,0.21551940389857754
281,1,10,150,75,0.049432410190049694
282,1,10,150,75,0.0
283,1,10,150,75,0.20644004022221485
284,1,10,150,75,0.07891945711936355
285,1,10,150,75,0.06473560181867054
286,1,10,150,75,0.28943871995475445
287,1,10,150,75,0.277373713129501
288,1,10,150,75,0.24080779176908668
289,1,10,150,75,0.0
290,1,10,150,75,0.09946955550462497
291,1,10,150,75,0.1386566735811911
292,1,10,150,75,0.15576768023747142
293,1,10,150,75,0.2306928156759996
294,1,10,150,75,0.010673514283348269
295,1,10,150,75,0.21053970934399274
296,1,10,150,75,0.22492957073253422
297,1,10,150,75,0.12594176515026537
298,1,10,150,75,0.265287510686088
299,1,10,150,75,0.12653725522957132
300,1,10,150,75,0.04336490181597879
301,1,10,150,75,0.31931494652521725
302,1,10,150,75,0.13927874459665815
303,1,10,150,75,0.31139622961472785
304,1,10,150,75,0.0
305,1,10,150,75,0.16939158457695203
306,1,10,150,75,0.08156911164475483
307,1,10,150,75,0.24870208371048264
308,1,10,150,75,0.3929154413197843
309,1,10,150,75,0.0
310,1,10,150,75,0.06900643972011666
311,1,10,150,75,0.3068937744669202
312,1,10,150,75,0.22365135706563
313,1,10,150,75,0.29728359185103304
314,1,10,150,75,0.17811475022463655
315,1,10,150,75,0.286099807090925
316,1,10,150,75,0.15163097251042218
317,1,10,150,75,0.0
318,1,10,150,75,0.10570211651306663
319,1,10,150,75,0.06591877139737895
320,1,10,150,75,0.1924988394784141
321,1,10,150,75,0.15427224748816595
322,1,10,150,75,0.25443358806602195
323,1,10,150,75,0.20144166357013524
324,1,10,150,75,0.10121986794608845
325,1,10,150,75,0.0901883711443618
326,1,10,150,75,0.23923503217231218
327,1,10,150,75,0.01432884676906689
328,1,10,150,75,0.16315553981840794
329,1,10,150,75,0.04249704384086923
330,1,10,150,75,0.24487775551025628
331,1,10,150,75,0.09091966573968718
332,1,10,150,75,0.1322167192336546
333,1,10,150,75,0.1014371752449239
334,1,10,150,75,0.1002915322034621
335,1,10,150,75,0.08149421541954936
336,1,10,150,75,0.1252879373315154
337,1,10,150,75,0.10521567817367497
338,1,10,150,75,0.15896841246993118
339,1,10,150,75,0.3083770088207102
340,1,10,150,75,0.31224027812414556
341,1,10,150,75,0.0
342,1,10,150,75,0.0837441407258784
343,1,10,150,75,0.2850187878992694
344,1,10,150,75,0.24436934243577813
345,1,10,150,75,0.09403905580774788
346,1,10,150,75,0.10819332410049512
347,1,10,150,75,0.24442955679345055
348,1,10,150,75,0.18923084143550442
349,1,10,150,75,0.25859803951431987
350,1,10,150,75,0.057127212566552996
351,1,10,150,75,0.02907522751061953
352,1,10,150,75,0.14358039378320506
353,1,10,150,75,0.0
354,1,10,150,75,0.15775635058665727
355,1,10,150,75,0.0
356,1,10,150,75,0.0
357,1,10,150,75,0.06959508771708611
358,1,10,150,75,0.06323567569191428
359,1,10,150,75,0.23047812925238975
360,1,10,150,75,0.1692259700041561
361,1,10,150,75,0.15572261253779404
362,1,10,150,75,0.15042501043191572
363,1,10,150,75,0.10873531704918508
364,1,10,150,75,0.0
365,1,10,150,75,0.14456587527532935
366,1,10,150,75,0.13610100259425117
367,1,10,150,75,0.11436773481003104
368,1,10,150,75,0.042512356679180144
369,1,10,150,75,0.0
370,1,10,150,75,0.19811064503366002
371,1,10,150,75,0.1319132354603233
372,1,10,150,75,0.13916735218438364
373,1,10,150,75,0.12523003433275115
374,1,10,150,75,0.12785279002733232
375,1,10,150,75,0.04282650856324445
376,1,10,150,75,0.0
377,1,10,150,75,0.12130002016702163
378,1,10,150,75,0.17705305662390375
379,1,10,150,75,0.1520449187020279
380,1,10,150,75,0.05426814629469988
381,1,10,150,75,0.10899879606790715
382,1,10,150,75,0.0
383,1,10,150,75,0.11713125931833299
384,1,10,150,75,0.0561173220664886
385,1,10,150,75,0.1216311576198469
386,1,10,150,75,0.14606834984270645
387,1,10,150,75,0.14479542410776025
388,1,10,150,75,0.08659331667411305
389,1,10,150,75,0.1014822420242732
390,1,10,150,75,0.05307577057513386
391,1,10,150,75,0.08907375584162422
392,1,10,150,75,0.18499940411030946
393,1,10,150,75,0.28512362228857124
394,1,10,150,75,0.10657019454040408
395,1,10,150,75,0.1494624820736264
396,1,10,150,75,0.0
397,1,10,150,75,0.10540164605552274
398,1,10,150,75,0.1406230079272144
399,1,10,150,75,0.021885130174961232
400,1,10,150,75,0.0
401,1,10,150,75,0.016941778998402247
402,1,10,150,75,0.11288598947105788
403,1,10,150,75,0.09224219235917257
404,1,10,150,75,0.05446824630887794
405,1,10,150,75,0.2374701998880191
406,1,10,150,75,0.15003108558631417
407,1,10,150,75,0.04613251518951172
408,1,10,150,75,0.0
409,1,10,150,75,0.11976431141977988
410,1,10,150,75,0.0
411,1,10,150,75,0.0
412,1,10,150,75,0.15001451003751623
413,1,10,150,75,0.04935421935348238
414,1,10,150,75,0.1309019901681972
415,1,10,150,75,0.0
416,1,10,150,75,0.24932271263445965
417,1,10,150,75,0.12309745810327996
418,1,10,150,75,0.14436292983286242
419,1,10,150,75,0.0
420,1,10,150,75,0.19519002499605084
421,1,10,150,75,0.0
422,1,10,150,75,0.030480958763669998
423,1,10,150,75,0.0
424,1,10,150,75,0.0
425,1,10,150,75,0.0
426,1,10,150,75,0.11229023146606223
427,1,10,150,75,0.0
428,1,10,150,75,0.04822019817866397
429,1,10,150,75,0.14062551472815982
430,1,10,150,75,0.0
431,1,10,150,75,0.0
432,1,10,150,75,0.0
433,1,10,150,75,0.20451415323992994
434,1,10,150,75,0.0
435,1,10,150,75,0.08127781909048552
436,1,10,150,75,0.09499424853799125
437,1,10,150,75,0.14945564650669343
438,1,10,150,75,0.0
439,1,10,150,75,0.18154179253735267
440,1,10,150,75,0.0
442,1,10,150,75,0.0733934381893728
444,1,10,150,75,0.0
445,1,10,150,75,0.0
446,1,10,150,75,0.0
447,1,10,150,75,0.0
448,1,10,150,75,0.0
449,1,10,150,75,0.04971883051739238
450,1,10,150,75,0.17556211942720856
451,1,10,150,75,0.05497526658285817
452,1,10,150,75,0.05780700008370542
453,1,10,150,75,0.1515771522786143
454,1,10,150,75,0.1059131727358383
455,1,10,150,75,0.0
456,1,10,150,75,0.0
457,1,10,150,75,0.14751814893861787
458,1,10,150,75,0.0
459,1,10,150,75,0.0
460,1,10,150,75,0.0
462,1,10,150,75,0.0
1,1,10,150,76,0.5316128492240481
2,1,10,150,76,0.1011519894320134
3,1,10,150,76,0.020132733082951743
4,1,10,150,76,0.11528901748471758
5,1,10,150,76,0.042877495556369355
6,1,10,150,76,0.18869682435551913
7,1,10,150,76,0.41455204381775357
8,1,10,150,76,0.21327391470391274
9,1,10,150,76,0.03789879717220718
10,1,10,150,76,0.31417198244951056
11,1,10,150,76,0.1709655603646959
12,1,10,150,76,0.12022816103951169
13,1,10,150,76,0.5000008427548867
14,1,10,150,76,0.32622009962228
15,1,10,150,76,0.050262678017164185
16,1,10,150,76,0.2437291421006829
17,1,10,150,76,0.10122860821230018
18,1,10,150,76,0.26101198678873877
19,1,10,150,76,0.13886244387355454
20,1,10,150,76,0.05692185311373096
21,1,10,150,76,0.0675130068977241
22,1,10,150,76,0.12801304733456464
23,1,10,150,76,0.0
24,1,10,150,76,0.1894711133610512
25,1,10,150,76,0.17085280125179103
26,1,10,150,76,0.0
27,1,10,150,76,0.0
28,1,10,150,76,0.2629052193668776
29,1,10,150,76,0.0
30,1,10,150,76,0.0
31,1,10,150,76,0.038437318942299493
32,1,10,150,76,0.11469999139467348
33,1,10,150,76,0.0
34,1,10,150,76,0.0
35,1,10,150,76,0.0
36,1,10,150,76,0.0
37,1,10,150,76,0.15133867332691472
38,1,10,150,76,0.21544126439045874
39,1,10,150,76,0.0993029104208021
40,1,10,150,76,0.3197267407502473
41,1,10,150,76,0.0224586613737933
42,1,10,150,76,0.24132942605086358
43,1,10,150,76,0.2869603090704253
44,1,10,150,76,0.07237002116518762
45,1,10,150,76,0.04094516368001556
46,1,10,150,76,0.02795730764456241
47,1,10,150,76,0.0
48,1,10,150,76,0.22961445578066944
49,1,10,150,76,0.1051457444024937
50,1,10,150,76,0.0
51,1,10,150,76,0.0
52,1,10,150,76,0.02753109834834184
53,1,10,150,76,0.1369821642818139
54,1,10,150,76,0.12836415432918194
55,1,10,150,76,0.0
56,1,10,150,76,0.18859385426123615
57,1,10,150,76,0.1825067720422371
58,1,10,150,76,0.16956397237404958
59,1,10,150,76,0.33267398810775983
60,1,10,150,76,0.23834064080003986
61,1,10,150,76,0.0
62,1,10,150,76,0.1945221500822944
63,1,10,150,76,0.033669757978328795
64,1,10,150,76,0.13506725532897934
65,1,10,150,76,0.2306157261998143
66,1,10,150,76,0.0
67,1,10,150,76,0.03314040476303028
68,1,10,150,76,0.0
69,1,10,150,76,0.25224764194294225
70,1,10,150,76,0.06055220096837129
71,1,10,150,76,0.0
72,1,10,150,76,0.23884724223409404
73,1,10,150,76,0.22453841950176487
74,1,10,150,76,0.03272011597426011
75,1,10,150,76,0.10310690100385646
76,1,10,150,76,0.1177548715386271
77,1,10,150,76,0.45927229869726693
78,1,10,150,76,0.05658242244874664
79,1,10,150,76,0.4102269223050506
80,1,10,150,76,0.1466914912588887
81,1,10,150,76,0.034380101046999886
82,1,10,150,76,0.17955668273116068
83,1,10,150,76,0.10150328861231088
84,1,10,150,76,0.05683844068224461
85,1,10,150,76,0.052986806474925124
86,1,10,150,76,0.0
87,1,10,150,76,0.15296759318941183
88,1,10,150,76,0.0
89,1,10,150,76,0.17107843556110094
90,1,10,150,76,0.26393363750690907
91,1,10,150,76,0.15371785092569112
92,1,10,150,76,0.3178485816427032
93,1,10,150,76,0.0
94,1,10,150,76,0.4321944022371508
95,1,10,150,76,0.25418616794169163
96,1,10,150,76,0.3781493395140278
97,1,10,150,76,0.16145556611981818
98,1,10,150,76,0.19533769320769842
99,1,10,150,76,0.16792576455798583
100,1,10,150,76,0.022805505402617214
101,1,10,150,76,0.04161098736885563
102,1,10,150,76,0.0302558294024398
103,1,10,150,76,0.15394621921377785
104,1,10,150,76,0.015190330175114026
105,1,10,150,76,0.05200670101006268
106,1,10,150,76,0.32566885821812863
107,1,10,150,76,0.0
108,1,10,150,76,0.06036985955798015
109,1,10,150,76,0.25455211776685843
110,1,10,150,76,0.037972977707794855
111,1,10,150,76,0.038281751104512325
112,1,10,150,76,0.0
113,1,10,150,76,0.02769198719673247
114,1,10,150,76,0.11938748599511304
115,1,10,150,76,0.341866508559041
116,1,10,150,76,0.0380545682064199
117,1,10,150,76,0.25596974895629354
118,1,10,150,76,0.10713028046710026
119,1,10,150,76,0.1430872490069886
120,1,10,150,76,0.12171775198765021
121,1,10,150,76,0.18136606922889512
122,1,10,150,76,0.125418998393806
123,1,10,150,76,0.045465875186671466
124,1,10,150,76,0.18978688349077963
125,1,10,150,76,0.2504198245046402
126,1,10,150,76,0.0
127,1,10,150,76,0.071512236588497
128,1,10,150,76,0.21732180885680064
129,1,10,150,76,0.03443731487202246
130,1,10,150,76,0.34489745480641565
131,1,10,150,76,0.25372733625822586
132,1,10,150,76,0.12238042572284785
133,1,10,150,76,0.0
134,1,10,150,76,0.030071530282993673
135,1,10,150,76,0.04046615435059731
136,1,10,150,76,0.302465392219196
137,1,10,150,76,0.29533063600730286
138,1,10,150,76,0.0897467133453464
139,1,10,150,76,0.06016179456846956
140,1,10,150,76,0.039232819060514755
141,1,10,150,76,0.13063153700485167
142,1,10,150,76,0.04395738023645723
143,1,10,150,76,0.0
144,1,10,150,76,0.1303457655739005
145,1,10,150,76,0.2887277323999375
146,1,10,150,76,0.0
147,1,10,150,76,0.038800293177871176
148,1,10,150,76,0.2924190881243261
149,1,10,150,76,0.0
150,1,10,150,76,0.0
151,1,10,150,76,0.28415158324460255
152,1,10,150,76,0.16953823946705157
153,1,10,150,76,0.21315403751398063
154,1,10,150,76,0.14119390874852483
155,1,10,150,76,0.0
156,1,10,150,76,0.056765037818527084
157,1,10,150,76,0.07267844514201649
158,1,10,150,76,0.29893680708786663
159,1,10,150,76,0.06521625450990476
160,1,10,150,76,0.17465425782884814
161,1,10,150,76,0.13331237983363897
162,1,10,150,76,0.0475858026939827
163,1,10,150,76,0.08930748165857323
164,1,10,150,76,0.12193954395985479
165,1,10,150,76,0.16621229711010693
166,1,10,150,76,0.0
167,1,10,150,76,0.19520236775392877
168,1,10,150,76,0.044682472154713174
169,1,10,150,76,0.14269884249349324
170,1,10,150,76,0.0
171,1,10,150,76,0.0
172,1,10,150,76,0.0
173,1,10,150,76,0.02795730764456241
174,1,10,150,76,0.12847931377792476
175,1,10,150,76,0.10467701423324277
176,1,10,150,76,0.12162507554983247
177,1,10,150,76,0.1655922659307943
178,1,10,150,76,0.26496275584306567
179,1,10,150,76,0.024952538365330408
180,1,10,150,76,0.16785636010946767
181,1,10,150,76,0.09989194660541975
182,1,10,150,76,0.04195229264874745
183,1,10,150,76,0.02831169742649504
184,1,10,150,76,0.13802065578334372
185,1,10,150,76,0.0208917977510647
186,1,10,150,76,0.07305178005912392
187,1,10,150,76,0.17040981197472238
188,1,10,150,76,0.14452344993478855
189,1,10,150,76,0.2949589712329805
190,1,10,150,76,0.05339229345473345
191,1,10,150,76,0.0
192,1,10,150,76,0.10363179610670267
193,1,10,150,76,0.015341597742551824
194,1,10,150,76,0.0742568992263671
195,1,10,150,76,0.12225370560623582
196,1,10,150,76,0.07706308624591164
197,1,10,150,76,0.15910510968855318
198,1,10,150,76,0.0331442821228196
199,1,10,150,76,0.049748115641606416
200,1,10,150,76,0.2513061345588895
201,1,10,150,76,0.07160176722734825
202,1,10,150,76,0.0
203,1,10,150,76,0.05370431689540528
204,1,10,150,76,0.027001973670935885
205,1,10,150,76,0.36484800394146205
206,1,10,150,76,0.03974771280526578
207,1,10,150,76,0.1846374962814204
208,1,10,150,76,0.026258715116272383
209,1,10,150,76,0.03243822298569767
210,1,10,150,76,0.13079738723900425
211,1,10,150,76,0.0
212,1,10,150,76,0.047528395396896204
213,1,10,150,76,0.2958934158860559
214,1,10,150,76,0.17169301418933652
215,1,10,150,76,0.255708749192597
216,1,10,150,76,0.18920848610998078
217,1,10,150,76,0.08016750925175155
218,1,10,150,76,0.06133198316402014
219,1,10,150,76,0.0
220,1,10,150,76,0.034616222155696735
221,1,10,150,76,0.06802289283215787
222,1,10,150,76,0.17841746722846225
223,1,10,150,76,0.10677939756546245
224,1,10,150,76,0.0468400763717296
225,1,10,150,76,0.1677481946997085
226,1,10,150,76,0.23814675809782818
227,1,10,150,76,0.10623119772529849
228,1,10,150,76,0.02917403367304273
229,1,10,150,76,0.0
230,1,10,150,76,0.25422798975444133
231,1,10,150,76,0.0
232,1,10,150,76,0.0914735250933564
233,1,10,150,76,0.14835547983755953
234,1,10,150,76,0.19203973840313612
235,1,10,150,76,0.23280252396956425
236,1,10,150,76,0.13123532326882845
237,1,10,150,76,0.24352191769087017
238,1,10,150,76,0.0
239,1,10,150,76,0.15920623744859955
240,1,10,150,76,0.0
241,1,10,150,76,0.047978870624887156
242,1,10,150,76,0.03797289360605308
243,1,10,150,76,0.12898989924507495
244,1,10,150,76,0.187030739652066
245,1,10,150,76,0.18470089958507746
246,1,10,150,76,0.07637952514639372
247,1,10,150,76,0.08883649703748449
248,1,10,150,76,0.1352712391738193
249,1,10,150,76,0.3055889559968742
250,1,10,150,76,0.12416587904357097
251,1,10,150,76,0.1369922724163038
252,1,10,150,76,0.15744006533381547
253,1,10,150,76,0.2443190287228016
254,1,10,150,76,0.07352756868889418
255,1,10,150,76,0.06847316147390722
256,1,10,150,76,0.19771247435988748
257,1,10,150,76,0.2024772690671989
258,1,10,150,76,0.0
259,1,10,150,76,0.08642802717301845
260,1,10,150,76,0.0
261,1,10,150,76,0.0
262,1,10,150,76,0.0
263,1,10,150,76,0.24426482197007035
264,1,10,150,76,0.0868881245786047
265,1,10,150,76,0.31140524445517653
266,1,10,150,76,0.05919139647768146
267,1,10,150,76,0.11923438016814425
268,1,10,150,76,0.14185367545739275
269,1,10,150,76,0.3544951572203446
270,1,10,150,76,0.10832567847977925
271,1,10,150,76,0.2090212333049452
272,1,10,150,76,0.23321348468935416
273,1,10,150,76,0.03860961209670539
274,1,10,150,76,0.20267731815698697
275,1,10,150,76,0.015522912158152052
276,1,10,150,76,0.38150697336253764
277,1,10,150,76,0.09982873474912346
278,1,10,150,76,0.07867548793068165
279,1,10,150,76,0.17682745487527898
280,1,10,150,76,0.21352383596409688
281,1,10,150,76,0.049432410190049694
282,1,10,150,76,0.0
283,1,10,150,76,0.20644004022221485
284,1,10,150,76,0.07891945711936355
285,1,10,150,76,0.06473560181867054
286,1,10,150,76,0.2867587077698161
287,1,10,150,76,0.277373713129501
288,1,10,150,76,0.24080779176908668
289,1,10,150,76,0.0
290,1,10,150,76,0.09946955550462497
291,1,10,150,76,0.13737280397736373
292,1,10,150,76,0.15576768023747142
293,1,10,150,76,0.22855675192790792
294,1,10,150,76,0.010673514283348269
295,1,10,150,76,0.20859025010597687
296,1,10,150,76,0.22492957073253422
297,1,10,150,76,0.12477562723600111
298,1,10,150,76,0.265287510686088
299,1,10,150,76,0.1253656034688224
300,1,10,150,76,0.04336490181597879
301,1,10,150,76,0.31635830013162386
302,1,10,150,76,0.13927874459665815
303,1,10,150,76,0.3085129053316402
304,1,10,150,76,0.0
305,1,10,150,76,0.16782312991144213
306,1,10,150,76,0.08156911164475483
307,1,10,150,76,0.24870208371048264
308,1,10,150,76,0.38927730275092914
309,1,10,150,76,0.0
310,1,10,150,76,0.06900643972011666
311,1,10,150,76,0.3040521399572677
312,1,10,150,76,0.23083983490007362
313,1,10,150,76,0.2945309413118531
314,1,10,150,76,0.17646552478239477
315,1,10,150,76,0.286099807090925
316,1,10,150,76,0.15163097251042218
317,1,10,150,76,0.0
318,1,10,150,76,0.104723384433706
319,1,10,150,76,0.06591877139737895
320,1,10,150,76,0.1924988394784141
321,1,10,150,76,0.15427224748816595
322,1,10,150,76,0.25443358806602195
323,1,10,150,76,0.20144166357013524
324,1,10,150,76,0.10121986794608845
325,1,10,150,76,0.0901883711443618
326,1,10,150,76,0.23923503217231218
327,1,10,150,76,0.014196171071968668
328,1,10,150,76,0.1616448268259587
329,1,10,150,76,0.04249704384086923
330,1,10,150,76,0.24487775551025628
331,1,10,150,76,0.09091966573968718
332,1,10,150,76,0.1322167192336546
333,1,10,150,76,0.1014371752449239
334,1,10,150,76,0.10862224088322645
335,1,10,150,76,0.08149421541954936
336,1,10,150,76,0.1252879373315154
337,1,10,150,76,0.10521567817367497
338,1,10,150,76,0.15896841246993118
339,1,10,150,76,0.3147809828433764
340,1,10,150,76,0.31224027812414556
341,1,10,150,76,0.0
342,1,10,150,76,0.0837441407258784
343,1,10,150,76,0.28237970137820606
344,1,10,150,76,0.24210664304484786
345,1,10,150,76,0.09316831599980421
346,1,10,150,76,0.10819332410049512
347,1,10,150,76,0.2421662998571708
348,1,10,150,76,0.18923084143550442
349,1,10,150,76,0.25859803951431987
350,1,10,150,76,0.057127212566552996
351,1,10,150,76,0.02907522751061953
352,1,10,150,76,0.14358039378320506
353,1,10,150,76,0.0
354,1,10,150,76,0.15629563053548465
355,1,10,150,76,0.0
356,1,10,150,76,0.0
357,1,10,150,76,0.06959508771708611
358,1,10,150,76,0.06323567569191428
359,1,10,150,76,0.23047812925238975
360,1,10,150,76,0.1692259700041561
361,1,10,150,76,0.15572261253779404
362,1,10,150,76,0.15042501043191572
363,1,10,150,76,0.11698784183469688
364,1,10,150,76,0.0
365,1,10,150,76,0.14456587527532935
366,1,10,150,76,0.13610100259425117
367,1,10,150,76,0.11436773481003104
368,1,10,150,76,0.042512356679180144
369,1,10,150,76,0.0
370,1,10,150,76,0.19811064503366002
371,1,10,150,76,0.1319132354603233
372,1,10,150,76,0.13916735218438364
373,1,10,150,76,0.1333298288846785
374,1,10,150,76,0.12666895727957425
375,1,10,150,76,0.04282650856324445
376,1,10,150,76,0.0
377,1,10,150,76,0.12130002016702163
378,1,10,150,76,0.1846730040730581
379,1,10,150,76,0.1520449187020279
380,1,10,150,76,0.05426814629469988
381,1,10,150,76,0.10899879606790715
382,1,10,150,76,0.0
383,1,10,150,76,0.11713125931833299
384,1,10,150,76,0.0561173220664886
385,1,10,150,76,0.12050493309625757
386,1,10,150,76,0.14606834984270645
387,1,10,150,76,0.1434547137114706
388,1,10,150,76,0.08659331667411305
389,1,10,150,76,0.1014822420242732
390,1,10,150,76,0.05307577057513386
391,1,10,150,76,0.08907375584162422
392,1,10,150,76,0.18499940411030946
393,1,10,150,76,0.2824835650700119
394,1,10,150,76,0.10657019454040408
395,1,10,150,76,0.1494624820736264
396,1,10,150,76,0.0
397,1,10,150,76,0.10540164605552274
398,1,10,150,76,0.1406230079272144
399,1,10,150,76,0.021885130174961232
400,1,10,150,76,0.0
401,1,10,150,76,0.016941778998402247
402,1,10,150,76,0.11288598947105788
403,1,10,150,76,0.09224219235917257
404,1,10,150,76,0.05446824630887794
405,1,10,150,76,0.2352713820195628
406,1,10,150,76,0.15003108558631417
407,1,10,150,76,0.04613251518951172
408,1,10,150,76,0.0
409,1,10,150,76,0.11976431141977988
410,1,10,150,76,0.0
411,1,10,150,76,0.0
412,1,10,150,76,0.15001451003751623
413,1,10,150,76,0.04935421935348238
414,1,10,150,76,0.1309019901681972
415,1,10,150,76,0.0
416,1,10,150,76,0.24701414829328688
417,1,10,150,76,0.12309745810327996
418,1,10,150,76,0.14436292983286242
419,1,10,150,76,0.0
420,1,10,150,76,0.19519002499605084
421,1,10,150,76,0.0
422,1,10,150,76,0.030480958763669998
423,1,10,150,76,0.0
424,1,10,150,76,0.0
425,1,10,150,76,0.0
426,1,10,150,76,0.11229023146606223
427,1,10,150,76,0.0
428,1,10,150,76,0.04822019817866397
429,1,10,150,76,0.14062551472815982
430,1,10,150,76,0.0
431,1,10,150,76,0.0
432,1,10,150,76,0.0
433,1,10,150,76,0.20451415323992994
434,1,10,150,76,0.0
435,1,10,150,76,0.08127781909048552
436,1,10,150,76,0.09499424853799125
437,1,10,150,76,0.14945564650669343
438,1,10,150,76,0.0
439,1,10,150,76,0.18154179253735267
440,1,10,150,76,0.0
442,1,10,150,76,0.0733934381893728
444,1,10,150,76,0.0
445,1,10,150,76,0.0
446,1,10,150,76,0.0
447,1,10,150,76,0.0
448,1,10,150,76,0.0
449,1,10,150,76,0.04971883051739238
450,1,10,150,76,0.17556211942720856
451,1,10,150,76,0.05497526658285817
452,1,10,150,76,0.05780700008370542
453,1,10,150,76,0.1515771522786143
454,1,10,150,76,0.1059131727358383
455,1,10,150,76,0.0
456,1,10,150,76,0.0
457,1,10,150,76,0.14751814893861787
458,1,10,150,76,0.0
459,1,10,150,76,0.0
460,1,10,150,76,0.0
462,1,10,150,76,0.0
1,1,10,150,77,0.5267499366783757
2,1,10,150,77,0.1011519894320134
3,1,10,150,77,0.020132733082951743
4,1,10,150,77,0.11528901748471758
5,1,10,150,77,0.04248527495565885
6,1,10,150,77,0.18697072583132737
7,1,10,150,77,0.41075994146797407
8,1,10,150,77,0.21327391470391274
9,1,10,150,77,0.07291513481207902
10,1,10,150,77,0.3112981036913457
11,1,10,150,77,0.1709655603646959
12,1,10,150,77,0.12022816103951169
13,1,10,150,77,0.4954271000874012
14,1,10,150,77,0.32622009962228
15,1,10,150,77,0.050262678017164185
16,1,10,150,77,0.2437291421006829
17,1,10,150,77,0.10122860821230018
18,1,10,150,77,0.2586243874916591
19,1,10,150,77,0.13886244387355454
20,1,10,150,77,0.05692185311373096
21,1,10,150,77,0.06689543369813304
22,1,10,150,77,0.12801304733456464
23,1,10,150,77,0.0
24,1,10,150,77,0.2080789650281721
25,1,10,150,77,0.17085280125179103
26,1,10,150,77,0.0
27,1,10,150,77,0.0
28,1,10,150,77,0.2629052193668776
29,1,10,150,77,0.0
30,1,10,150,77,0.0
31,1,10,150,77,0.038437318942299493
32,1,10,150,77,0.11469999139467348
33,1,10,150,77,0.0
34,1,10,150,77,0.0
35,1,10,150,77,0.0
36,1,10,150,77,0.0
37,1,10,150,77,0.15133867332691472
38,1,10,150,77,0.2265835643308313
39,1,10,150,77,0.0993029104208021
40,1,10,150,77,0.3197267407502473
41,1,10,150,77,0.0224586613737933
42,1,10,150,77,0.23912187238601965
43,1,10,150,77,0.29348281819270283
44,1,10,150,77,0.07237002116518762
45,1,10,150,77,0.04094516368001556
46,1,10,150,77,0.02795730764456241
47,1,10,150,77,0.0
48,1,10,150,77,0.24592160725427623
49,1,10,150,77,0.10418392686869016
50,1,10,150,77,0.0
51,1,10,150,77,0.0
52,1,10,150,77,0.02753109834834184
53,1,10,150,77,0.1369821642818139
54,1,10,150,77,0.12836415432918194
55,1,10,150,77,0.0
56,1,10,150,77,0.1868686976528842
57,1,10,150,77,0.1825067720422371
58,1,10,150,77,0.16956397237404958
59,1,10,150,77,0.32963086280943527
60,1,10,150,77,0.23616042695836567
61,1,10,150,77,0.0
62,1,10,150,77,0.20189023448308213
63,1,10,150,77,0.033669757978328795
64,1,10,150,77,0.13383173167410992
65,1,10,150,77,0.2306157261998143
66,1,10,150,77,0.0
67,1,10,150,77,0.03314040476303028
68,1,10,150,77,0.0
69,1,10,150,77,0.25224764194294225
70,1,10,150,77,0.06055220096837129
71,1,10,150,77,0.0
72,1,10,150,77,0.23884724223409404
73,1,10,150,77,0.2411808659921475
74,1,10,150,77,0.03272011597426011
75,1,10,150,77,0.10310690100385646
76,1,10,150,77,0.1177548715386271
77,1,10,150,77,0.45927229869726693
78,1,10,150,77,0.05658242244874664
79,1,10,150,77,0.4102269223050506
80,1,10,150,77,0.1466914912588887
81,1,10,150,77,0.034380101046999886
82,1,10,150,77,0.17791419337751324
83,1,10,150,77,0.10057479033327138
84,1,10,150,77,0.05683844068224461
85,1,10,150,77,0.05250211125670733
86,1,10,150,77,0.0
87,1,10,150,77,0.1515683267324632
88,1,10,150,77,0.0
89,1,10,150,77,0.17107843556110094
90,1,10,150,77,0.27066678241459835
91,1,10,150,77,0.15371785092569112
92,1,10,150,77,0.3149410713040224
93,1,10,150,77,0.0
94,1,10,150,77,0.42824091694446803
95,1,10,150,77,0.25186100761717306
96,1,10,150,77,0.3781493395140278
97,1,10,150,77,0.16145556611981818
98,1,10,150,77,0.19533769320769842
99,1,10,150,77,0.16792576455798583
100,1,10,150,77,0.022805505402617214
101,1,10,150,77,0.04161098736885563
102,1,10,150,77,0.02997906511317252
103,1,10,150,77,0.15394621921377785
104,1,10,150,77,0.015190330175114026
105,1,10,150,77,0.05200670101006268
106,1,10,150,77,0.32566885821812863
107,1,10,150,77,0.0
108,1,10,150,77,0.06036985955798015
109,1,10,150,77,0.25222360992732307
110,1,10,150,77,0.037972977707794855
111,1,10,150,77,0.038281751104512325
112,1,10,150,77,0.0
113,1,10,150,77,0.02769198719673247
114,1,10,150,77,0.11938748599511304
115,1,10,150,77,0.341866508559041
116,1,10,150,77,0.0380545682064199
117,1,10,150,77,0.25596974895629354
118,1,10,150,77,0.10713028046710026
119,1,10,150,77,0.14177836270121652
120,1,10,150,77,0.12171775198765021
121,1,10,150,77,0.18136606922889512
122,1,10,150,77,0.125418998393806
123,1,10,150,77,0.045465875186671466
124,1,10,150,77,0.18978688349077963
125,1,10,150,77,0.2572765866102293
126,1,10,150,77,0.0
127,1,10,150,77,0.071512236588497
128,1,10,150,77,0.21533386414801395
129,1,10,150,77,0.03443731487202246
130,1,10,150,77,0.35088998563100676
131,1,10,150,77,0.25372733625822586
132,1,10,150,77,0.12238042572284785
133,1,10,150,77,0.0
134,1,10,150,77,0.030071530282993673
135,1,10,150,77,0.04046615435059731
136,1,10,150,77,0.302465392219196
137,1,10,150,77,0.29533063600730286
138,1,10,150,77,0.0897467133453464
139,1,10,150,77,0.06016179456846956
140,1,10,150,77,0.039232819060514755
141,1,10,150,77,0.13063153700485167
142,1,10,150,77,0.04395738023645723
143,1,10,150,77,0.0
144,1,10,150,77,0.12915343160452827
145,1,10,150,77,0.28608660415365716
146,1,10,150,77,0.0
147,1,10,150,77,0.038800293177871176
148,1,10,150,77,0.2924190881243261
149,1,10,150,77,0.0
150,1,10,150,77,0.0
151,1,10,150,77,0.2815523151850555
152,1,10,150,77,0.1849298438648554
153,1,10,150,77,0.21315403751398063
154,1,10,150,77,0.14119390874852483
155,1,10,150,77,0.0
156,1,10,150,77,0.056765037818527084
157,1,10,150,77,0.07267844514201649
158,1,10,150,77,0.30834318229538543
159,1,10,150,77,0.06521625450990476
160,1,10,150,77,0.17465425782884814
161,1,10,150,77,0.13331237983363897
162,1,10,150,77,0.0475858026939827
163,1,10,150,77,0.08930748165857323
164,1,10,150,77,0.12193954395985479
165,1,10,150,77,0.16621229711010693
166,1,10,150,77,0.0
167,1,10,150,77,0.19520236775392877
168,1,10,150,77,0.044682472154713174
169,1,10,150,77,0.14269884249349324
170,1,10,150,77,0.0
171,1,10,150,77,0.0
172,1,10,150,77,0.0
173,1,10,150,77,0.02795730764456241
174,1,10,150,77,0.1273040531202074
175,1,10,150,77,0.10467701423324277
176,1,10,150,77,0.12162507554983247
177,1,10,150,77,0.1655922659307943
178,1,10,150,77,0.2625390170049132
179,1,10,150,77,0.024952538365330408
180,1,10,150,77,0.16785636010946767
181,1,10,150,77,0.09897818802891399
182,1,10,150,77,0.04195229264874745
183,1,10,150,77,0.02831169742649504
184,1,10,150,77,0.13675811598666568
185,1,10,150,77,0.0208917977510647
186,1,10,150,77,0.07305178005912392
187,1,10,150,77,0.17040981197472238
188,1,10,150,77,0.14452344993478855
189,1,10,150,77,0.29226084291693033
190,1,10,150,77,0.05339229345473345
191,1,10,150,77,0.0
192,1,10,150,77,0.10363179610670267
193,1,10,150,77,0.015341597742551824
194,1,10,150,77,0.07357763647457752
195,1,10,150,77,0.12225370560623582
196,1,10,150,77,0.07706308624591164
197,1,10,150,77,0.16929397007809274
198,1,10,150,77,0.0331442821228196
199,1,10,150,77,0.049748115641606416
200,1,10,150,77,0.24900731925309952
201,1,10,150,77,0.08009426213246572
202,1,10,150,77,0.0
203,1,10,150,77,0.05370431689540528
204,1,10,150,77,0.027001973670935885
205,1,10,150,77,0.36484800394146205
206,1,10,150,77,0.03974771280526578
207,1,10,150,77,0.18294853033866898
208,1,10,150,77,0.026258715116272383
209,1,10,150,77,0.03243822298569767
210,1,10,150,77,0.13079738723900425
211,1,10,150,77,0.0
212,1,10,150,77,0.047528395396896204
213,1,10,150,77,0.2958934158860559
214,1,10,150,77,0.17169301418933652
215,1,10,150,77,0.255708749192597
216,1,10,150,77,0.18920848610998078
217,1,10,150,77,0.08016750925175155
218,1,10,150,77,0.06133198316402014
219,1,10,150,77,0.0
220,1,10,150,77,0.034616222155696735
221,1,10,150,77,0.06802289283215787
222,1,10,150,77,0.1767853988143545
223,1,10,150,77,0.10677939756546245
224,1,10,150,77,0.04641160818221761
225,1,10,150,77,0.1677481946997085
226,1,10,150,77,0.23814675809782818
227,1,10,150,77,0.10623119772529849
228,1,10,150,77,0.02917403367304273
229,1,10,150,77,0.0
230,1,10,150,77,0.25422798975444133
231,1,10,150,77,0.0
232,1,10,150,77,0.0914735250933564
233,1,10,150,77,0.14835547983755953
234,1,10,150,77,0.19028306067325926
235,1,10,150,77,0.23280252396956425
236,1,10,150,77,0.13123532326882845
237,1,10,150,77,0.24352191769087017
238,1,10,150,77,0.0
239,1,10,150,77,0.15920623744859955
240,1,10,150,77,0.0
241,1,10,150,77,0.047978870624887156
242,1,10,150,77,0.03797289360605308
243,1,10,150,77,0.12898989924507495
244,1,10,150,77,0.18531988158757798
245,1,10,150,77,0.18470089958507746
246,1,10,150,77,0.07568084573785602
247,1,10,150,77,0.08883649703748449
248,1,10,150,77,0.1352712391738193
249,1,10,150,77,0.3055889559968742
250,1,10,150,77,0.12416587904357097
251,1,10,150,77,0.1369922724163038
252,1,10,150,77,0.15744006533381547
253,1,10,150,77,0.2443190287228016
254,1,10,150,77,0.07352756868889418
255,1,10,150,77,0.06847316147390722
256,1,10,150,77,0.1959039054485002
257,1,10,150,77,0.2024772690671989
258,1,10,150,77,0.0
259,1,10,150,77,0.08642802717301845
260,1,10,150,77,0.0
261,1,10,150,77,0.0
262,1,10,150,77,0.0
263,1,10,150,77,0.24426482197007035
264,1,10,150,77,0.0868881245786047
265,1,10,150,77,0.31140524445517653
266,1,10,150,77,0.05919139647768146
267,1,10,150,77,0.11814368726250536
268,1,10,150,77,0.1405560732285558
269,1,10,150,77,0.35125242343401275
270,1,10,150,77,0.10832567847977925
271,1,10,150,77,0.20710921786131142
272,1,10,150,77,0.23321348468935416
273,1,10,150,77,0.03860961209670539
274,1,10,150,77,0.20267731815698697
275,1,10,150,77,0.015522912158152052
276,1,10,150,77,0.3871646197174673
277,1,10,150,77,0.09982873474912346
278,1,10,150,77,0.07867548793068165
279,1,10,150,77,0.17520993105133933
280,1,10,150,77,0.2115706330980911
281,1,10,150,77,0.049432410190049694
282,1,10,150,77,0.0
283,1,10,150,77,0.20644004022221485
284,1,10,150,77,0.07891945711936355
285,1,10,150,77,0.06473560181867054
286,1,10,150,77,0.2841355911171053
287,1,10,150,77,0.277373713129501
288,1,10,150,77,0.24080779176908668
289,1,10,150,77,0.0
290,1,10,150,77,0.09946955550462497
291,1,10,150,77,0.13611619038559145
292,1,10,150,77,0.15576768023747142
293,1,10,150,77,0.23561350583218194
294,1,10,150,77,0.010673514283348269
295,1,10,150,77,0.2066821770681903
296,1,10,150,77,0.22492957073253422
297,1,10,150,77,0.12363424593950732
298,1,10,150,77,0.265287510686088
299,1,10,150,77,0.12421882538248723
300,1,10,150,77,0.04336490181597879
301,1,10,150,77,0.3134644220982332
302,1,10,150,77,0.13927874459665815
303,1,10,150,77,0.305690792811168
304,1,10,150,77,0.0
305,1,10,150,77,0.16628797287923047
306,1,10,150,77,0.08156911164475483
307,1,10,150,77,0.2598443836508552
308,1,10,150,77,0.3857164003347138
309,1,10,150,77,0.0
310,1,10,150,77,0.06900643972011666
311,1,10,150,77,0.3012708321538636
312,1,10,150,77,0.23787570437154215
313,1,10,150,77,0.29183672838662994
314,1,10,150,77,0.1748513117030918
315,1,10,150,77,0.286099807090925
316,1,10,150,77,0.15163097251042218
317,1,10,150,77,0.0
318,1,10,150,77,0.10376543042501102
319,1,10,150,77,0.06591877139737895
320,1,10,150,77,0.1924988394784141
321,1,10,150,77,0.15427224748816595
322,1,10,150,77,0.25443358806602195
323,1,10,150,77,0.20144166357013524
324,1,10,150,77,0.10121986794608845
325,1,10,150,77,0.0901883711443618
326,1,10,150,77,0.23923503217231218
327,1,10,150,77,0.014066312024153791
328,1,10,150,77,0.1601661856353585
329,1,10,150,77,0.04249704384086923
330,1,10,150,77,0.24487775551025628
331,1,10,150,77,0.09091966573968718
332,1,10,150,77,0.1322167192336546
333,1,10,150,77,0.1014371752449239
334,1,10,150,77,0.10762862220244945
335,1,10,150,77,0.08149421541954936
336,1,10,150,77,0.1252879373315154
337,1,10,150,77,0.10521567817367497
338,1,10,150,77,0.15896841246993118
339,1,10,150,77,0.3119015332724293
340,1,10,150,77,0.31224027812414556
341,1,10,150,77,0.0
342,1,10,150,77,0.0837441407258784
343,1,10,150,77,0.27979664155472805
344,1,10,150,77,0.2398919798109326
345,1,10,150,77,0.09231606163199514
346,1,10,150,77,0.10819332410049512
347,1,10,150,77,0.24909856083118037
348,1,10,150,77,0.18923084143550442
349,1,10,150,77,0.25859803951431987
350,1,10,150,77,0.057127212566552996
351,1,10,150,77,0.02907522751061953
352,1,10,150,77,0.14358039378320506
353,1,10,150,77,0.0
354,1,10,150,77,0.1640133908738516
355,1,10,150,77,0.0
356,1,10,150,77,0.0
357,1,10,150,77,0.06959508771708611
358,1,10,150,77,0.06323567569191428
359,1,10,150,77,0.23047812925238975
360,1,10,150,77,0.1692259700041561
361,1,10,150,77,0.15572261253779404
362,1,10,150,77,0.15042501043191572
363,1,10,150,77,0.11591769907088019
364,1,10,150,77,0.0
365,1,10,150,77,0.14456587527532935
366,1,10,150,77,0.13610100259425117
367,1,10,150,77,0.11436773481003104
368,1,10,150,77,0.042512356679180144
369,1,10,150,77,0.0
370,1,10,150,77,0.19811064503366002
371,1,10,150,77,0.1319132354603233
372,1,10,150,77,0.13916735218438364
373,1,10,150,77,0.13211019828594103
374,1,10,150,77,0.12551025680346428
375,1,10,150,77,0.04282650856324445
376,1,10,150,77,0.0
377,1,10,150,77,0.12130002016702163
378,1,10,150,77,0.1921311832406717
379,1,10,150,77,0.1520449187020279
380,1,10,150,77,0.05426814629469988
381,1,10,150,77,0.10899879606790715
382,1,10,150,77,0.0
383,1,10,150,77,0.11713125931833299
384,1,10,150,77,0.0561173220664886
385,1,10,150,77,0.11940261784593104
386,1,10,150,77,0.14606834984270645
387,1,10,150,77,0.14214246603336875
388,1,10,150,77,0.08659331667411305
389,1,10,150,77,0.1014822420242732
390,1,10,150,77,0.05307577057513386
391,1,10,150,77,0.08907375584162422
392,1,10,150,77,0.18499940411030946
393,1,10,150,77,0.27989955515653764
394,1,10,150,77,0.10657019454040408
395,1,10,150,77,0.1494624820736264
396,1,10,150,77,0.0
397,1,10,150,77,0.10540164605552274
398,1,10,150,77,0.1406230079272144
399,1,10,150,77,0.021885130174961232
400,1,10,150,77,0.0
401,1,10,150,77,0.016941778998402247
402,1,10,150,77,0.11288598947105788
403,1,10,150,77,0.09224219235917257
404,1,10,150,77,0.05446824630887794
405,1,10,150,77,0.23311924413024995
406,1,10,150,77,0.15003108558631417
407,1,10,150,77,0.04613251518951172
408,1,10,150,77,0.0
409,1,10,150,77,0.11976431141977988
410,1,10,150,77,0.0
411,1,10,150,77,0.0
412,1,10,150,77,0.15001451003751623
413,1,10,150,77,0.04935421935348238
414,1,10,150,77,0.1309019901681972
415,1,10,150,77,0.0
416,1,10,150,77,0.24701414829328688
417,1,10,150,77,0.12309745810327996
418,1,10,150,77,0.14436292983286242
419,1,10,150,77,0.0
420,1,10,150,77,0.19519002499605084
421,1,10,150,77,0.0
422,1,10,150,77,0.030480958763669998
423,1,10,150,77,0.0
424,1,10,150,77,0.0
425,1,10,150,77,0.01907184948017759
426,1,10,150,77,0.11229023146606223
427,1,10,150,77,0.0
428,1,10,150,77,0.04822019817866397
429,1,10,150,77,0.14062551472815982
430,1,10,150,77,0.0
431,1,10,150,77,0.0
432,1,10,150,77,0.0
433,1,10,150,77,0.20451415323992994
434,1,10,150,77,0.0
435,1,10,150,77,0.08127781909048552
436,1,10,150,77,0.09499424853799125
437,1,10,150,77,0.14945564650669343
438,1,10,150,77,0.0
439,1,10,150,77,0.18154179253735267
440,1,10,150,77,0.0
442,1,10,150,77,0.0733934381893728
444,1,10,150,77,0.0
445,1,10,150,77,0.0
446,1,10,150,77,0.0
447,1,10,150,77,0.0
448,1,10,150,77,0.0
449,1,10,150,77,0.04971883051739238
450,1,10,150,77,0.17556211942720856
451,1,10,150,77,0.05497526658285817
452,1,10,150,77,0.05780700008370542
453,1,10,150,77,0.1515771522786143
454,1,10,150,77,0.1059131727358383
455,1,10,150,77,0.0
456,1,10,150,77,0.0
457,1,10,150,77,0.14751814893861787
458,1,10,150,77,0.0
459,1,10,150,77,0.0
460,1,10,150,77,0.0
462,1,10,150,77,0.0
1,1,10,150,78,0.5219889792433935
2,1,10,150,78,0.1011519894320134
3,1,10,150,78,0.020132733082951743
4,1,10,150,78,0.11528901748471758
5,1,10,150,78,0.04210127759449559
6,1,10,150,78,0.18528081643544986
7,1,10,150,78,0.41608570734342454
8,1,10,150,78,0.21327391470391274
9,1,10,150,78,0.07291513481207902
10,1,10,150,78,0.30848447825341785
11,1,10,150,78,0.1709655603646959
12,1,10,150,78,0.12022816103951169
13,1,10,150,78,0.49998761340132347
14,1,10,150,78,0.32622009962228
15,1,10,150,78,0.050262678017164185
16,1,10,150,78,0.2533838795576897
17,1,10,150,78,0.10122860821230018
18,1,10,150,78,0.2562868462510079
19,1,10,150,78,0.13886244387355454
20,1,10,150,78,0.05692185311373096
21,1,10,150,78,0.07532917201154304
22,1,10,150,78,0.12801304733456464
23,1,10,150,78,0.0
24,1,10,150,78,0.2080789650281721
25,1,10,150,78,0.17085280125179103
26,1,10,150,78,0.0
27,1,10,150,78,0.0
28,1,10,150,78,0.2629052193668776
29,1,10,150,78,0.0
30,1,10,150,78,0.0
31,1,10,150,78,0.06805887025963314
32,1,10,150,78,0.11469999139467348
33,1,10,150,78,0.0
34,1,10,150,78,0.0
35,1,10,150,78,0.0
36,1,10,150,78,0.0
37,1,10,150,78,0.15133867332691472
38,1,10,150,78,0.2265835643308313
39,1,10,150,78,0.0993029104208021
40,1,10,150,78,0.3197267407502473
41,1,10,150,78,0.0224586613737933
42,1,10,150,78,0.23696060196730445
43,1,10,150,78,0.2908302137821071
44,1,10,150,78,0.07237002116518762
45,1,10,150,78,0.04094516368001556
46,1,10,150,78,0.02795730764456241
47,1,10,150,78,0.0
48,1,10,150,78,0.24592160725427623
49,1,10,150,78,0.10324227466013187
50,1,10,150,78,0.0
51,1,10,150,78,0.0
52,1,10,150,78,0.02753109834834184
53,1,10,150,78,0.1369821642818139
54,1,10,150,78,0.12836415432918194
55,1,10,150,78,0.0
56,1,10,150,78,0.1851797104247772
57,1,10,150,78,0.1825067720422371
58,1,10,150,78,0.1789429235087137
59,1,10,150,78,0.326651539229468
60,1,10,150,78,0.23402592316010037
61,1,10,150,78,0.0
62,1,10,150,78,0.2000654771438147
63,1,10,150,78,0.033669757978328795
64,1,10,150,78,0.1326221118268475
65,1,10,150,78,0.2306157261998143
66,1,10,150,78,0.0
67,1,10,150,78,0.03314040476303028
68,1,10,150,78,0.0
69,1,10,150,78,0.25224764194294225
70,1,10,150,78,0.07222127569001181
71,1,10,150,78,0.0
72,1,10,150,78,0.23884724223409404
73,1,10,150,78,0.2411808659921475
74,1,10,150,78,0.03272011597426011
75,1,10,150,78,0.10310690100385646
76,1,10,150,78,0.1177548715386271
77,1,10,150,78,0.45927229869726693
78,1,10,150,78,0.05658242244874664
79,1,10,150,78,0.4102269223050506
80,1,10,150,78,0.1466914912588887
81,1,10,150,78,0.034380101046999886
82,1,10,150,78,0.17630614021458194
83,1,10,150,78,0.10057479033327138
84,1,10,150,78,0.05683844068224461
85,1,10,150,78,0.052027578087294725
86,1,10,150,78,0.0
87,1,10,150,78,0.15019839709067698
88,1,10,150,78,0.0
89,1,10,150,78,0.17107843556110094
90,1,10,150,78,0.2682203976304531
91,1,10,150,78,0.15371785092569112
92,1,10,150,78,0.3120945194003595
93,1,10,150,78,0.0
94,1,10,150,78,0.4243703198441684
95,1,10,150,78,0.24958459626274845
96,1,10,150,78,0.3781493395140278
97,1,10,150,78,0.16145556611981818
98,1,10,150,78,0.19533769320769842
99,1,10,150,78,0.16792576455798583
100,1,10,150,78,0.022805505402617214
101,1,10,150,78,0.04161098736885563
102,1,10,150,78,0.0297081034233726
103,1,10,150,78,0.15394621921377785
104,1,10,150,78,0.015190330175114026
105,1,10,150,78,0.05200670101006268
106,1,10,150,78,0.32566885821812863
107,1,10,150,78,0.0
108,1,10,150,78,0.06036985955798015
109,1,10,150,78,0.24994392124139023
110,1,10,150,78,0.05010738025702798
111,1,10,150,78,0.038281751104512325
112,1,10,150,78,0.0
113,1,10,150,78,0.02769198719673247
114,1,10,150,78,0.11938748599511304
115,1,10,150,78,0.341866508559041
116,1,10,150,78,0.0380545682064199
117,1,10,150,78,0.25596974895629354
118,1,10,150,78,0.10713028046710026
119,1,10,150,78,0.1404969183136226
120,1,10,150,78,0.12171775198765021
121,1,10,150,78,0.18136606922889512
122,1,10,150,78,0.125418998393806
123,1,10,150,78,0.045465875186671466
124,1,10,150,78,0.18978688349077963
125,1,10,150,78,0.25495122728395625
126,1,10,150,78,0.0
127,1,10,150,78,0.071512236588497
128,1,10,150,78,0.21338759839621585
129,1,10,150,78,0.03443731487202246
130,1,10,150,78,0.3477185143699276
131,1,10,150,78,0.25372733625822586
132,1,10,150,78,0.12238042572284785
133,1,10,150,78,0.0
134,1,10,150,78,0.030071530282993673
135,1,10,150,78,0.04046615435059731
136,1,10,150,78,0.302465392219196
137,1,10,150,78,0.29533063600730286
138,1,10,150,78,0.0897467133453464
139,1,10,150,78,0.06016179456846956
140,1,10,150,78,0.039232819060514755
141,1,10,150,78,0.13063153700485167
142,1,10,150,78,0.04395738023645723
143,1,10,150,78,0.0
144,1,10,150,78,0.1279860959341559
145,1,10,150,78,0.28350084941454307
146,1,10,150,78,0.0
147,1,10,150,78,0.038800293177871176
148,1,10,150,78,0.2924190881243261
149,1,10,150,78,0.0
150,1,10,150,78,0.0
151,1,10,150,78,0.2790075429981436
152,1,10,150,78,0.1849298438648554
153,1,10,150,78,0.21315403751398063
154,1,10,150,78,0.14119390874852483
155,1,10,150,78,0.0
156,1,10,150,78,0.056765037818527084
157,1,10,150,78,0.07267844514201649
158,1,10,150,78,0.30834318229538543
159,1,10,150,78,0.06521625450990476
160,1,10,150,78,0.17465425782884814
161,1,10,150,78,0.13331237983363897
162,1,10,150,78,0.0475858026939827
163,1,10,150,78,0.08930748165857323
164,1,10,150,78,0.12193954395985479
165,1,10,150,78,0.16621229711010693
166,1,10,150,78,0.0
167,1,10,150,78,0.19520236775392877
168,1,10,150,78,0.044682472154713174
169,1,10,150,78,0.14269884249349324
170,1,10,150,78,0.0
171,1,10,150,78,0.0
172,1,10,150,78,0.0
173,1,10,150,78,0.02795730764456241
174,1,10,150,78,0.12615343280494368
175,1,10,150,78,0.10467701423324277
176,1,10,150,78,0.12162507554983247
177,1,10,150,78,0.1655922659307943
178,1,10,150,78,0.26016609391950307
179,1,10,150,78,0.024952538365330408
180,1,10,150,78,0.16785636010946767
181,1,10,150,78,0.09808358718060854
182,1,10,150,78,0.04195229264874745
183,1,10,150,78,0.02831169742649504
184,1,10,150,78,0.13552204641405857
185,1,10,150,78,0.0208917977510647
186,1,10,150,78,0.08646583277053092
187,1,10,150,78,0.17040981197472238
188,1,10,150,78,0.14452344993478855
189,1,10,150,78,0.29865764672708445
190,1,10,150,78,0.05339229345473345
191,1,10,150,78,0.0
192,1,10,150,78,0.10363179610670267
193,1,10,150,78,0.015341597742551824
194,1,10,150,78,0.08195097860988604
195,1,10,150,78,0.1350818622660359
196,1,10,150,78,0.07706308624591164
197,1,10,150,78,0.16929397007809274
198,1,10,150,78,0.0331442821228196
199,1,10,150,78,0.049748115641606416
200,1,10,150,78,0.24675670057160765
201,1,10,150,78,0.07937034107192689
202,1,10,150,78,0.0
203,1,10,150,78,0.05370431689540528
204,1,10,150,78,0.027001973670935885
205,1,10,150,78,0.36484800394146205
206,1,10,150,78,0.03974771280526578
207,1,10,150,78,0.1903333385719206
208,1,10,150,78,0.026258715116272383
209,1,10,150,78,0.03243822298569767
210,1,10,150,78,0.13079738723900425
211,1,10,150,78,0.0
212,1,10,150,78,0.047528395396896204
213,1,10,150,78,0.2958934158860559
214,1,10,150,78,0.17169301418933652
215,1,10,150,78,0.255708749192597
216,1,10,150,78,0.18920848610998078
217,1,10,150,78,0.08016750925175155
218,1,10,150,78,0.06133198316402014
219,1,10,150,78,0.0
220,1,10,150,78,0.034616222155696735
221,1,10,150,78,0.06802289283215787
222,1,10,150,78,0.17518754810707404
223,1,10,150,78,0.10677939756546245
224,1,10,150,78,0.05553240885866685
225,1,10,150,78,0.19889742777798003
226,1,10,150,78,0.23814675809782818
227,1,10,150,78,0.10623119772529849
228,1,10,150,78,0.02917403367304273
229,1,10,150,78,0.0
230,1,10,150,78,0.25422798975444133
231,1,10,150,78,0.0
232,1,10,150,78,0.0914735250933564
233,1,10,150,78,0.14835547983755953
234,1,10,150,78,0.19760157675477613
235,1,10,150,78,0.23280252396956425
236,1,10,150,78,0.13123532326882845
237,1,10,150,78,0.24352191769087017
238,1,10,150,78,0.0
239,1,10,150,78,0.15920623744859955
240,1,10,150,78,0.0
241,1,10,150,78,0.047978870624887156
242,1,10,150,78,0.03797289360605308
243,1,10,150,78,0.12898989924507495
244,1,10,150,78,0.18364489312216292
245,1,10,150,78,0.18470089958507746
246,1,10,150,78,0.07499681473925073
247,1,10,150,78,0.08883649703748449
248,1,10,150,78,0.1352712391738193
249,1,10,150,78,0.3055889559968742
250,1,10,150,78,0.12416587904357097
251,1,10,150,78,0.1369922724163038
252,1,10,150,78,0.15744006533381547
253,1,10,150,78,0.2443190287228016
254,1,10,150,78,0.07352756868889418
255,1,10,150,78,0.06847316147390722
256,1,10,150,78,0.19413325472746068
257,1,10,150,78,0.2024772690671989
258,1,10,150,78,0.0
259,1,10,150,78,0.08642802717301845
260,1,10,150,78,0.0
261,1,10,150,78,0.0
262,1,10,150,78,0.0
263,1,10,150,78,0.24426482197007035
264,1,10,150,78,0.0868881245786047
265,1,10,150,78,0.31140524445517653
266,1,10,150,78,0.10279639225640967
267,1,10,150,78,0.11707586166424226
268,1,10,150,78,0.14832403990153742
269,1,10,150,78,0.3480776763283007
270,1,10,150,78,0.10832567847977925
271,1,10,150,78,0.20523728945283737
272,1,10,150,78,0.23321348468935416
273,1,10,150,78,0.03860961209670539
274,1,10,150,78,0.20267731815698697
275,1,10,150,78,0.015522912158152052
276,1,10,150,78,0.3836652851253658
277,1,10,150,78,0.09982873474912346
278,1,10,150,78,0.07867548793068165
279,1,10,150,78,0.17362631999448427
280,1,10,150,78,0.20965838079669732
281,1,10,150,78,0.049432410190049694
282,1,10,150,78,0.0
283,1,10,150,78,0.20644004022221485
284,1,10,150,78,0.07891945711936355
285,1,10,150,78,0.06473560181867054
286,1,10,150,78,0.28156747034313356
287,1,10,150,78,0.277373713129501
288,1,10,150,78,0.24080779176908668
289,1,10,150,78,0.0
290,1,10,150,78,0.09946955550462497
291,1,10,150,78,0.13488592276994785
292,1,10,150,78,0.15576768023747142
293,1,10,150,78,0.2334839453058959
294,1,10,150,78,0.010673514283348269
295,1,10,150,78,0.20481410840966113
296,1,10,150,78,0.22492957073253422
297,1,10,150,78,0.12251679467575234
298,1,10,150,78,0.265287510686088
299,1,10,150,78,0.12309609047719458
300,1,10,150,78,0.04336490181597879
301,1,10,150,78,0.31063121668694865
302,1,10,150,78,0.13927874459665815
303,1,10,150,78,0.3029278482875913
304,1,10,150,78,0.0
305,1,10,150,78,0.1647850017240372
306,1,10,150,78,0.08156911164475483
307,1,10,150,78,0.2598443836508552
308,1,10,150,78,0.382230155275914
309,1,10,150,78,0.0
310,1,10,150,78,0.06900643972011666
311,1,10,150,78,0.2985478368416458
312,1,10,150,78,0.23572569727240356
313,1,10,150,78,0.2891990019341604
314,1,10,150,78,0.17327094197828724
315,1,10,150,78,0.286099807090925
316,1,10,150,78,0.15163097251042218
317,1,10,150,78,0.0
318,1,10,150,78,0.10282756073946092
319,1,10,150,78,0.06591877139737895
320,1,10,150,78,0.1924988394784141
321,1,10,150,78,0.15427224748816595
322,1,10,150,78,0.25443358806602195
323,1,10,150,78,0.20144166357013524
324,1,10,150,78,0.10121986794608845
325,1,10,150,78,0.0901883711443618
326,1,10,150,78,0.23923503217231218
327,1,10,150,78,0.013939175582075651
328,1,10,150,78,0.15871854541893646
329,1,10,150,78,0.04249704384086923
330,1,10,150,78,0.24487775551025628
331,1,10,150,78,0.09091966573968718
332,1,10,150,78,0.1322167192336546
333,1,10,150,78,0.1014371752449239
334,1,10,150,78,0.10665583558509764
335,1,10,150,78,0.08149421541954936
336,1,10,150,78,0.1252879373315154
337,1,10,150,78,0.10521567817367497
338,1,10,150,78,0.15896841246993118
339,1,10,150,78,0.31812081738250364
340,1,10,150,78,0.31224027812414556
341,1,10,150,78,0.0
342,1,10,150,78,0.0837441407258784
343,1,10,150,78,0.2772677377843867
344,1,10,150,78,0.23772374888132775
345,1,10,150,78,0.09148167550417396
346,1,10,150,78,0.10819332410049512
347,1,10,150,78,0.24684711747513363
348,1,10,150,78,0.18923084143550442
349,1,10,150,78,0.25859803951431987
350,1,10,150,78,0.057127212566552996
351,1,10,150,78,0.02907522751061953
352,1,10,150,78,0.14358039378320506
353,1,10,150,78,0.0
354,1,10,150,78,0.16253097821777895
355,1,10,150,78,0.0
356,1,10,150,78,0.0
357,1,10,150,78,0.06959508771708611
358,1,10,150,78,0.06323567569191428
359,1,10,150,78,0.23047812925238975
360,1,10,150,78,0.1692259700041561
361,1,10,150,78,0.15572261253779404
362,1,10,150,78,0.15042501043191572
363,1,10,150,78,0.11486999276318205
364,1,10,150,78,0.0
365,1,10,150,78,0.14456587527532935
366,1,10,150,78,0.13610100259425117
367,1,10,150,78,0.11436773481003104
368,1,10,150,78,0.042512356679180144
369,1,10,150,78,0.0
370,1,10,150,78,0.19811064503366002
371,1,10,150,78,0.1319132354603233
372,1,10,150,78,0.13916735218438364
373,1,10,150,78,0.13211019828594103
374,1,10,150,78,0.12437584947147093
375,1,10,150,78,0.04282650856324445
376,1,10,150,78,0.0
377,1,10,150,78,0.12130002016702163
378,1,10,150,78,0.1903946317545723
379,1,10,150,78,0.1520449187020279
380,1,10,150,78,0.05426814629469988
381,1,10,150,78,0.10899879606790715
382,1,10,150,78,0.0
383,1,10,150,78,0.11713125931833299
384,1,10,150,78,0.0561173220664886
385,1,10,150,78,0.11832341357535317
386,1,10,150,78,0.14606834984270645
387,1,10,150,78,0.140857730747484
388,1,10,150,78,0.08659331667411305
389,1,10,150,78,0.1014822420242732
390,1,10,150,78,0.05307577057513386
391,1,10,150,78,0.08907375584162422
392,1,10,150,78,0.18499940411030946
393,1,10,150,78,0.27736972121564746
394,1,10,150,78,0.10657019454040408
395,1,10,150,78,0.1494624820736264
396,1,10,150,78,0.0
397,1,10,150,78,0.10540164605552274
398,1,10,150,78,0.1406230079272144
399,1,10,150,78,0.021885130174961232
400,1,10,150,78,0.0
401,1,10,150,78,0.016941778998402247
402,1,10,150,78,0.11288598947105788
403,1,10,150,78,0.09224219235917257
404,1,10,150,78,0.05446824630887794
405,1,10,150,78,0.2310122276480496
406,1,10,150,78,0.15003108558631417
407,1,10,150,78,0.04613251518951172
408,1,10,150,78,0.0
409,1,10,150,78,0.11976431141977988
410,1,10,150,78,0.0
411,1,10,150,78,0.0
412,1,10,150,78,0.15001451003751623
413,1,10,150,78,0.04935421935348238
414,1,10,150,78,0.1309019901681972
415,1,10,150,78,0.0
416,1,10,150,78,0.24701414829328688
417,1,10,150,78,0.12309745810327996
418,1,10,150,78,0.14436292983286242
419,1,10,150,78,0.0
420,1,10,150,78,0.19519002499605084
421,1,10,150,78,0.0
422,1,10,150,78,0.030480958763669998
423,1,10,150,78,0.0
424,1,10,150,78,0.0
425,1,10,150,78,0.01907184948017759
426,1,10,150,78,0.11229023146606223
427,1,10,150,78,0.0
428,1,10,150,78,0.04822019817866397
429,1,10,150,78,0.14062551472815982
430,1,10,150,78,0.0
431,1,10,150,78,0.0
432,1,10,150,78,0.0
433,1,10,150,78,0.20451415323992994
434,1,10,150,78,0.0
435,1,10,150,78,0.08127781909048552
436,1,10,150,78,0.09499424853799125
437,1,10,150,78,0.14945564650669343
438,1,10,150,78,0.0
439,1,10,150,78,0.18154179253735267
440,1,10,150,78,0.0
442,1,10,150,78,0.0733934381893728
444,1,10,150,78,0.0
445,1,10,150,78,0.0
446,1,10,150,78,0.0
447,1,10,150,78,0.0
448,1,10,150,78,0.0
449,1,10,150,78,0.04971883051739238
450,1,10,150,78,0.17556211942720856
451,1,10,150,78,0.05497526658285817
452,1,10,150,78,0.05780700008370542
453,1,10,150,78,0.1515771522786143
454,1,10,150,78,0.1059131727358383
455,1,10,150,78,0.0
456,1,10,150,78,0.0
457,1,10,150,78,0.14751814893861787
458,1,10,150,78,0.0
459,1,10,150,78,0.0
460,1,10,150,78,0.0
462,1,10,150,78,0.0
1,1,10,150,79,0.5173266152437828
2,1,10,150,79,0.1011519894320134
3,1,10,150,79,0.020132733082951743
4,1,10,150,79,0.11528901748471758
5,1,10,150,79,0.04172523233530504
6,1,10,150,79,0.18362590293589812
7,1,10,150,79,0.42130118331168404
8,1,10,150,79,0.21327391470391274
9,1,10,150,79,0.07291513481207902
10,1,10,150,79,0.3057291194565096
11,1,10,150,79,0.1709655603646959
12,1,10,150,79,0.12022816103951169
13,1,10,150,79,0.4955217638495714
14,1,10,150,79,0.32622009962228
15,1,10,150,79,0.050262678017164185
16,1,10,150,79,0.2533838795576897
17,1,10,150,79,0.10122860821230018
18,1,10,150,79,0.25399771254694686
19,1,10,150,79,0.13886244387355454
20,1,10,150,79,0.05692185311373096
21,1,10,150,79,0.08358825822089663
22,1,10,150,79,0.12801304733456464
23,1,10,150,79,0.0
24,1,10,150,79,0.2080789650281721
25,1,10,150,79,0.17085280125179103
26,1,10,150,79,0.0
27,1,10,150,79,0.0
28,1,10,150,79,0.2629052193668776
29,1,10,150,79,0.0
30,1,10,150,79,0.0
31,1,10,150,79,0.06805887025963314
32,1,10,150,79,0.11469999139467348
33,1,10,150,79,0.0
34,1,10,150,79,0.0
35,1,10,150,79,0.0
36,1,10,150,79,0.0
37,1,10,150,79,0.15133867332691472
38,1,10,150,79,0.2265835643308313
39,1,10,150,79,0.0993029104208021
40,1,10,150,79,0.3197267407502473
41,1,10,150,79,0.0224586613737933
42,1,10,150,79,0.23484408873834736
43,1,10,150,79,0.28823254146974875
44,1,10,150,79,0.07237002116518762
45,1,10,150,79,0.04094516368001556
46,1,10,150,79,0.02795730764456241
47,1,10,150,79,0.0
48,1,10,150,79,0.24592160725427623
49,1,10,150,79,0.10232012288345829
50,1,10,150,79,0.0
51,1,10,150,79,0.0
52,1,10,150,79,0.049305387722659966
53,1,10,150,79,0.1369821642818139
54,1,10,150,79,0.12836415432918194
55,1,10,150,79,0.0
56,1,10,150,79,0.1835256999960623
57,1,10,150,79,0.1825067720422371
58,1,10,150,79,0.1789429235087137
59,1,10,150,79,0.3237339136904606
60,1,10,150,79,0.23193562224857758
61,1,10,150,79,0.0
62,1,10,150,79,0.19827850823203366
63,1,10,150,79,0.033669757978328795
64,1,10,150,79,0.1314375416839489
65,1,10,150,79,0.2306157261998143
66,1,10,150,79,0.0
67,1,10,150,79,0.03314040476303028
68,1,10,150,79,0.0
69,1,10,150,79,0.25224764194294225
70,1,10,150,79,0.07222127569001181
71,1,10,150,79,0.0
72,1,10,150,79,0.23884724223409404
73,1,10,150,79,0.2411808659921475
74,1,10,150,79,0.03272011597426011
75,1,10,150,79,0.10310690100385646
76,1,10,150,79,0.1177548715386271
77,1,10,150,79,0.45927229869726693
78,1,10,150,79,0.05658242244874664
79,1,10,150,79,0.4102269223050506
80,1,10,150,79,0.1466914912588887
81,1,10,150,79,0.034380101046999886
82,1,10,150,79,0.17473138780843295
83,1,10,150,79,0.10057479033327138
84,1,10,150,79,0.05683844068224461
85,1,10,150,79,0.051562871902476916
86,1,10,150,79,0.0
87,1,10,150,79,0.14885683696730073
88,1,10,150,79,0.0
89,1,10,150,79,0.17107843556110094
90,1,10,150,79,0.2747565947714015
91,1,10,150,79,0.16632757227458503
92,1,10,150,79,0.3093069160033737
93,1,10,150,79,0.0
94,1,10,150,79,0.42057987793749707
95,1,10,150,79,0.2473553265219208
96,1,10,150,79,0.3781493395140278
97,1,10,150,79,0.16145556611981818
98,1,10,150,79,0.19533769320769842
99,1,10,150,79,0.16792576455798583
100,1,10,150,79,0.022805505402617214
101,1,10,150,79,0.04161098736885563
102,1,10,150,79,0.029442753009081075
103,1,10,150,79,0.15394621921377785
104,1,10,150,79,0.015190330175114026
105,1,10,150,79,0.05200670101006268
106,1,10,150,79,0.32566885821812863
107,1,10,150,79,0.0
108,1,10,150,79,0.06036985955798015
109,1,10,150,79,0.24771144203846432
110,1,10,150,79,0.05010738025702798
111,1,10,150,79,0.038281751104512325
112,1,10,150,79,0.0
113,1,10,150,79,0.02769198719673247
114,1,10,150,79,0.11938748599511304
115,1,10,150,79,0.341866508559041
116,1,10,150,79,0.0380545682064199
117,1,10,150,79,0.25596974895629354
118,1,10,150,79,0.12478478081707345
119,1,10,150,79,0.13924201102620984
120,1,10,150,79,0.12171775198765021
121,1,10,150,79,0.18136606922889512
122,1,10,150,79,0.125418998393806
123,1,10,150,79,0.045465875186671466
124,1,10,150,79,0.18978688349077963
125,1,10,150,79,0.2616059435978916
126,1,10,150,79,0.0
127,1,10,150,79,0.071512236588497
128,1,10,150,79,0.21148163735817255
129,1,10,150,79,0.03443731487202246
130,1,10,150,79,0.34461272028640816
131,1,10,150,79,0.25372733625822586
132,1,10,150,79,0.12238042572284785
133,1,10,150,79,0.0
134,1,10,150,79,0.030071530282993673
135,1,10,150,79,0.04046615435059731
136,1,10,150,79,0.32945228857706177
137,1,10,150,79,0.29533063600730286
138,1,10,150,79,0.0897467133453464
139,1,10,150,79,0.06016179456846956
140,1,10,150,79,0.039232819060514755
141,1,10,150,79,0.13063153700485167
142,1,10,150,79,0.04395738023645723
143,1,10,150,79,0.0
144,1,10,150,79,0.12684293431607147
145,1,10,150,79,0.28990056277685083
146,1,10,150,79,0.0
147,1,10,150,79,0.038800293177871176
148,1,10,150,79,0.2924190881243261
149,1,10,150,79,0.0
150,1,10,150,79,0.0
151,1,10,150,79,0.27651546983985603
152,1,10,150,79,0.1849298438648554
153,1,10,150,79,0.21315403751398063
154,1,10,150,79,0.14119390874852483
155,1,10,150,79,0.0
156,1,10,150,79,0.056765037818527084
157,1,10,150,79,0.07267844514201649
158,1,10,150,79,0.31769521077679175
159,1,10,150,79,0.06521625450990476
160,1,10,150,79,0.17465425782884814
161,1,10,150,79,0.13331237983363897
162,1,10,150,79,0.0475858026939827
163,1,10,150,79,0.08930748165857323
164,1,10,150,79,0.1392050781746783
165,1,10,150,79,0.16621229711010693
166,1,10,150,79,0.0
167,1,10,150,79,0.19520236775392877
168,1,10,150,79,0.044682472154713174
169,1,10,150,79,0.14269884249349324
170,1,10,150,79,0.0
171,1,10,150,79,0.0
172,1,10,150,79,0.0
173,1,10,150,79,0.02795730764456241
174,1,10,150,79,0.12502664038800487
175,1,10,150,79,0.10467701423324277
176,1,10,150,79,0.12162507554983247
177,1,10,150,79,0.1655922659307943
178,1,10,150,79,0.2578423110841493
179,1,10,150,79,0.024952538365330408
180,1,10,150,79,0.16785636010946767
181,1,10,150,79,0.09720751238974534
182,1,10,150,79,0.04195229264874745
183,1,10,150,79,0.02831169742649504
184,1,10,150,79,0.13431157428633217
185,1,10,150,79,0.0208917977510647
186,1,10,150,79,0.08646583277053092
187,1,10,150,79,0.17040981197472238
188,1,10,150,79,0.14452344993478855
189,1,10,150,79,0.29865764672708445
190,1,10,150,79,0.05339229345473345
191,1,10,150,79,0.0
192,1,10,150,79,0.10363179610670267
193,1,10,150,79,0.015341597742551824
194,1,10,150,79,0.08121899899422937
195,1,10,150,79,0.1350818622660359
196,1,10,150,79,0.07706308624591164
197,1,10,150,79,0.16929397007809274
198,1,10,150,79,0.0331442821228196
199,1,10,150,79,0.049748115641606416
200,1,10,150,79,0.2445526893699241
201,1,10,150,79,0.08759333188100825
202,1,10,150,79,0.0
203,1,10,150,79,0.05370431689540528
204,1,10,150,79,0.027001973670935885
205,1,10,150,79,0.36484800394146205
206,1,10,150,79,0.03974771280526578
207,1,10,150,79,0.1886332963469493
208,1,10,150,79,0.047389964223811386
209,1,10,150,79,0.03243822298569767
210,1,10,150,79,0.13079738723900425
211,1,10,150,79,0.0
212,1,10,150,79,0.047528395396896204
213,1,10,150,79,0.2958934158860559
214,1,10,150,79,0.17169301418933652
215,1,10,150,79,0.255708749192597
216,1,10,150,79,0.18920848610998078
217,1,10,150,79,0.08016750925175155
218,1,10,150,79,0.06133198316402014
219,1,10,150,79,0.0
220,1,10,150,79,0.034616222155696735
221,1,10,150,79,0.06802289283215787
222,1,10,150,79,0.17362278687656224
223,1,10,150,79,0.10677939756546245
224,1,10,150,79,0.05553240885866685
225,1,10,150,79,0.19889742777798003
226,1,10,150,79,0.23814675809782818
227,1,10,150,79,0.10623119772529849
228,1,10,150,79,0.02917403367304273
229,1,10,150,79,0.0
230,1,10,150,79,0.25422798975444133
231,1,10,150,79,0.0
232,1,10,150,79,0.0914735250933564
233,1,10,150,79,0.14835547983755953
234,1,10,150,79,0.1958366152050837
235,1,10,150,79,0.23280252396956425
236,1,10,150,79,0.13123532326882845
237,1,10,150,79,0.24352191769087017
238,1,10,150,79,0.0
239,1,10,150,79,0.15920623744859955
240,1,10,150,79,0.0
241,1,10,150,79,0.047978870624887156
242,1,10,150,79,0.03797289360605308
243,1,10,150,79,0.12898989924507495
244,1,10,150,79,0.18200459155938625
245,1,10,150,79,0.18470089958507746
246,1,10,150,79,0.07432694916156635
247,1,10,150,79,0.08883649703748449
248,1,10,150,79,0.1352712391738193
249,1,10,150,79,0.3055889559968742
250,1,10,150,79,0.13537727623013396
251,1,10,150,79,0.1369922724163038
252,1,10,150,79,0.15744006533381547
253,1,10,150,79,0.2443190287228016
254,1,10,150,79,0.07352756868889418
255,1,10,150,79,0.06847316147390722
256,1,10,150,79,0.19239927195395362
257,1,10,150,79,0.2024772690671989
258,1,10,150,79,0.0
259,1,10,150,79,0.08642802717301845
260,1,10,150,79,0.0
261,1,10,150,79,0.0
262,1,10,150,79,0.0
263,1,10,150,79,0.24426482197007035
264,1,10,150,79,0.0868881245786047
265,1,10,150,79,0.31140524445517653
266,1,10,150,79,0.10279639225640967
267,1,10,150,79,0.11603014938993723
268,1,10,150,79,0.14699922138733024
269,1,10,150,79,0.34496867423876715
270,1,10,150,79,0.10832567847977925
271,1,10,150,79,0.2034041263253139
272,1,10,150,79,0.23321348468935416
273,1,10,150,79,0.03860961209670539
274,1,10,150,79,0.20267731815698697
275,1,10,150,79,0.015522912158152052
276,1,10,150,79,0.38023841734769415
277,1,10,150,79,0.09982873474912346
278,1,10,150,79,0.07867548793068165
279,1,10,150,79,0.17207550352916245
280,1,10,150,79,0.2077857288333167
281,1,10,150,79,0.049432410190049694
282,1,10,150,79,0.0
283,1,10,150,79,0.20644004022221485
284,1,10,150,79,0.07891945711936355
285,1,10,150,79,0.06473560181867054
286,1,10,150,79,0.27905253211763287
287,1,10,150,79,0.277373713129501
288,1,10,150,79,0.24080779176908668
289,1,10,150,79,0.0
290,1,10,150,79,0.09946955550462497
291,1,10,150,79,0.13368113244795976
292,1,10,150,79,0.15576768023747142
293,1,10,150,79,0.23139848529741228
294,1,10,150,79,0.010673514283348269
295,1,10,150,79,0.20298472510151985
296,1,10,150,79,0.22492957073253422
297,1,10,150,79,0.12142248442101881
298,1,10,150,79,0.265287510686088
299,1,10,150,79,0.12199660599848858
300,1,10,150,79,0.04336490181597879
301,1,10,150,79,0.3078566833932846
302,1,10,150,79,0.13927874459665815
303,1,10,150,79,0.3002221208670952
304,1,10,150,79,0.0
305,1,10,150,79,0.16331315520952353
306,1,10,150,79,0.08156911164475483
307,1,10,150,79,0.2598443836508552
308,1,10,150,79,0.3788161059637865
309,1,10,150,79,0.0
310,1,10,150,79,0.06900643972011666
311,1,10,150,79,0.29588123133462974
312,1,10,150,79,0.2425521344895833
313,1,10,150,79,0.28661589947614385
314,1,10,150,79,0.1717232997211094
315,1,10,150,79,0.286099807090925
316,1,10,150,79,0.15163097251042218
317,1,10,150,79,0.0
318,1,10,150,79,0.10282756073946092
319,1,10,150,79,0.06591877139737895
320,1,10,150,79,0.1924988394784141
321,1,10,150,79,0.15427224748816595
322,1,10,150,79,0.25443358806602195
323,1,10,150,79,0.20144166357013524
324,1,10,150,79,0.10121986794608845
325,1,10,150,79,0.0901883711443618
326,1,10,150,79,0.23923503217231218
327,1,10,150,79,0.013814671975673227
328,1,10,150,79,0.15730088400910278
329,1,10,150,79,0.04249704384086923
330,1,10,150,79,0.2554569375078683
331,1,10,150,79,0.09091966573968718
332,1,10,150,79,0.1322167192336546
333,1,10,150,79,0.1014371752449239
334,1,10,150,79,0.10570319415404457
335,1,10,150,79,0.08149421541954936
336,1,10,150,79,0.1252879373315154
337,1,10,150,79,0.10521567817367497
338,1,10,150,79,0.15896841246993118
339,1,10,150,79,0.32421130794751124
340,1,10,150,79,0.33716689361470614
341,1,10,150,79,0.0
342,1,10,150,79,0.0837441407258784
343,1,10,150,79,0.2747912044277377
344,1,10,150,79,0.23560041928489964
345,1,10,150,79,0.09066456846273228
346,1,10,150,79,0.10819332410049512
347,1,10,150,79,0.24684711747513363
348,1,10,150,79,0.18923084143550442
349,1,10,150,79,0.25859803951431987
350,1,10,150,79,0.057127212566552996
351,1,10,150,79,0.02907522751061953
352,1,10,150,79,0.14358039378320506
353,1,10,150,79,0.0
354,1,10,150,79,0.1610792644617482
355,1,10,150,79,0.0
356,1,10,150,79,0.0
357,1,10,150,79,0.06959508771708611
358,1,10,150,79,0.06323567569191428
359,1,10,150,79,0.23047812925238975
360,1,10,150,79,0.1692259700041561
361,1,10,150,79,0.15572261253779404
362,1,10,150,79,0.15042501043191572
363,1,10,150,79,0.11384398313426058
364,1,10,150,79,0.0
365,1,10,150,79,0.14456587527532935
366,1,10,150,79,0.13610100259425117
367,1,10,150,79,0.11436773481003104
368,1,10,150,79,0.042512356679180144
369,1,10,150,79,0.0
370,1,10,150,79,0.19811064503366002
371,1,10,150,79,0.1319132354603233
372,1,10,150,79,0.13916735218438364
373,1,10,150,79,0.14120481734031762
374,1,10,150,79,0.12326493428732793
375,1,10,150,79,0.04282650856324445
376,1,10,150,79,0.0
377,1,10,150,79,0.12130002016702163
378,1,10,150,79,0.18869404206377396
379,1,10,150,79,0.1520449187020279
380,1,10,150,79,0.05426814629469988
381,1,10,150,79,0.10899879606790715
382,1,10,150,79,0.0
383,1,10,150,79,0.11713125931833299
384,1,10,150,79,0.0561173220664886
385,1,10,150,79,0.11726655826671352
386,1,10,150,79,0.14606834984270645
387,1,10,150,79,0.13959960071214142
388,1,10,150,79,0.08659331667411305
389,1,10,150,79,0.1014822420242732
390,1,10,150,79,0.05307577057513386
391,1,10,150,79,0.08907375584162422
392,1,10,150,79,0.18499940411030946
393,1,10,150,79,0.27489227695111074
394,1,10,150,79,0.10657019454040408
395,1,10,150,79,0.1494624820736264
396,1,10,150,79,0.0
397,1,10,150,79,0.10540164605552274
398,1,10,150,79,0.1406230079272144
399,1,10,150,79,0.021885130174961232
400,1,10,150,79,0.0
401,1,10,150,79,0.016941778998402247
402,1,10,150,79,0.11288598947105788
403,1,10,150,79,0.09224219235917257
404,1,10,150,79,0.05446824630887794
405,1,10,150,79,0.22894884482487712
406,1,10,150,79,0.15003108558631417
407,1,10,150,79,0.04613251518951172
408,1,10,150,79,0.0
409,1,10,150,79,0.11976431141977988
410,1,10,150,79,0.0
411,1,10,150,79,0.0
412,1,10,150,79,0.15001451003751623
413,1,10,150,79,0.04935421935348238
414,1,10,150,79,0.1309019901681972
415,1,10,150,79,0.0
416,1,10,150,79,0.24701414829328688
417,1,10,150,79,0.12309745810327996
418,1,10,150,79,0.14436292983286242
419,1,10,150,79,0.0
420,1,10,150,79,0.19519002499605084
421,1,10,150,79,0.0
422,1,10,150,79,0.030480958763669998
423,1,10,150,79,0.0
424,1,10,150,79,0.0
425,1,10,150,79,0.01907184948017759
426,1,10,150,79,0.11229023146606223
427,1,10,150,79,0.0
428,1,10,150,79,0.04822019817866397
429,1,10,150,79,0.14062551472815982
430,1,10,150,79,0.0
431,1,10,150,79,0.0
432,1,10,150,79,0.0
433,1,10,150,79,0.20451415323992994
434,1,10,150,79,0.0
435,1,10,150,79,0.08127781909048552
436,1,10,150,79,0.09499424853799125
437,1,10,150,79,0.14945564650669343
438,1,10,150,79,0.0
439,1,10,150,79,0.18154179253735267
440,1,10,150,79,0.0
442,1,10,150,79,0.0733934381893728
444,1,10,150,79,0.0
445,1,10,150,79,0.0
446,1,10,150,79,0.0
447,1,10,150,79,0.0
448,1,10,150,79,0.0
449,1,10,150,79,0.08972920377238332
450,1,10,150,79,0.17556211942720856
451,1,10,150,79,0.05497526658285817
452,1,10,150,79,0.05780700008370542
453,1,10,150,79,0.1515771522786143
454,1,10,150,79,0.1059131727358383
455,1,10,150,79,0.0
456,1,10,150,79,0.0
457,1,10,150,79,0.14751814893861787
458,1,10,150,79,0.0
459,1,10,150,79,0.0
460,1,10,150,79,0.0
462,1,10,150,79,0.0
1,1,10,150,80,0.5127596338667094
2,1,10,150,80,0.1011519894320134
3,1,10,150,80,0.020132733082951743
4,1,10,150,80,0.11528901748471758
5,1,10,150,80,0.041356880208400455
6,1,10,150,80,0.182004845649562
7,1,10,150,80,0.4175819185346017
8,1,10,150,80,0.21327391470391274
9,1,10,150,80,0.07291513481207902
10,1,10,150,80,0.3118581723384927
11,1,10,150,80,0.1709655603646959
12,1,10,150,80,0.12022816103951169
13,1,10,150,80,0.49997531918917476
14,1,10,150,80,0.33739980368853145
15,1,10,150,80,0.050262678017164185
16,1,10,150,80,0.2533838795576897
17,1,10,150,80,0.10122860821230018
18,1,10,150,80,0.25175540993030204
19,1,10,150,80,0.13886244387355454
20,1,10,150,80,0.05692185311373096
21,1,10,150,80,0.08285033751976097
22,1,10,150,80,0.12801304733456464
23,1,10,150,80,0.0
24,1,10,150,80,0.2080789650281721
25,1,10,150,80,0.17085280125179103
26,1,10,150,80,0.0
27,1,10,150,80,0.0
28,1,10,150,80,0.2629052193668776
29,1,10,150,80,0.0
30,1,10,150,80,0.0
31,1,10,150,80,0.06805887025963314
32,1,10,150,80,0.11469999139467348
33,1,10,150,80,0.0
34,1,10,150,80,0.0
35,1,10,150,80,0.0
36,1,10,150,80,0.0
37,1,10,150,80,0.15133867332691472
38,1,10,150,80,0.2265835643308313
39,1,10,150,80,0.0993029104208021
40,1,10,150,80,0.3197267407502473
41,1,10,150,80,0.0224586613737933
42,1,10,150,80,0.23277087512787348
43,1,10,150,80,0.2856880123263206
44,1,10,150,80,0.07237002116518762
45,1,10,150,80,0.04094516368001556
46,1,10,150,80,0.02795730764456241
47,1,10,150,80,0.0
48,1,10,150,80,0.24592160725427623
49,1,10,150,80,0.10141683648384321
50,1,10,150,80,0.0
51,1,10,150,80,0.0
52,1,10,150,80,0.049305387722659966
53,1,10,150,80,0.1369821642818139
54,1,10,150,80,0.12836415432918194
55,1,10,150,80,0.0
56,1,10,150,80,0.18190552730554377
57,1,10,150,80,0.1825067720422371
58,1,10,150,80,0.1882685150564457
59,1,10,150,80,0.32087597692211034
60,1,10,150,80,0.2298880847040613
61,1,10,150,80,0.0
62,1,10,150,80,0.19652809712252045
63,1,10,150,80,0.033669757978328795
64,1,10,150,80,0.13027720547190996
65,1,10,150,80,0.2306157261998143
66,1,10,150,80,0.0
67,1,10,150,80,0.03314040476303028
68,1,10,150,80,0.0
69,1,10,150,80,0.25224764194294225
70,1,10,150,80,0.08382396164407196
71,1,10,150,80,0.0
72,1,10,150,80,0.23884724223409404
73,1,10,150,80,0.2411808659921475
74,1,10,150,80,0.03272011597426011
75,1,10,150,80,0.10310690100385646
76,1,10,150,80,0.1177548715386271
77,1,10,150,80,0.45927229869726693
78,1,10,150,80,0.05658242244874664
79,1,10,150,80,0.4102269223050506
80,1,10,150,80,0.1466914912588887
81,1,10,150,80,0.034380101046999886
82,1,10,150,80,0.1731888516801975
83,1,10,150,80,0.10057479033327138
84,1,10,150,80,0.05683844068224461
85,1,10,150,80,0.05110767267477807
86,1,10,150,80,0.0
87,1,10,150,80,0.1475427224751257
88,1,10,150,80,0.0
89,1,10,150,80,0.17107843556110094
90,1,10,150,80,0.27233103185896995
91,1,10,150,80,0.16632757227458503
92,1,10,150,80,0.3065763413846258
93,1,10,150,80,0.0
94,1,10,150,80,0.4168669808749572
95,1,10,150,80,0.25399970573235076
96,1,10,150,80,0.3781493395140278
97,1,10,150,80,0.16145556611981818
98,1,10,150,80,0.19533769320769842
99,1,10,150,80,0.16792576455798583
100,1,10,150,80,0.022805505402617214
101,1,10,150,80,0.04161098736885563
102,1,10,150,80,0.029182831132417375
103,1,10,150,80,0.15394621921377785
104,1,10,150,80,0.015190330175114026
105,1,10,150,80,0.05200670101006268
106,1,10,150,80,0.32566885821812863
107,1,10,150,80,0.0
108,1,10,150,80,0.06036985955798015
109,1,10,150,80,0.24552463488541548
110,1,10,150,80,0.05010738025702798
111,1,10,150,80,0.038281751104512325
112,1,10,150,80,0.0
113,1,10,150,80,0.02769198719673247
114,1,10,150,80,0.11938748599511304
115,1,10,150,80,0.341866508559041
116,1,10,150,80,0.0380545682064199
117,1,10,150,80,0.25596974895629354
118,1,10,150,80,0.12478478081707345
119,1,10,150,80,0.13801277662665498
120,1,10,150,80,0.12171775198765021
121,1,10,150,80,0.18136606922889512
122,1,10,150,80,0.125418998393806
123,1,10,150,80,0.045465875186671466
124,1,10,150,80,0.18978688349077963
125,1,10,150,80,0.2592964751937186
126,1,10,150,80,0.0
127,1,10,150,80,0.071512236588497
128,1,10,150,80,0.20961466846280144
129,1,10,150,80,0.03443731487202246
130,1,10,150,80,0.34157046452481554
131,1,10,150,80,0.25372733625822586
132,1,10,150,80,0.12238042572284785
133,1,10,150,80,0.0
134,1,10,150,80,0.030071530282993673
135,1,10,150,80,0.04046615435059731
136,1,10,150,80,0.32945228857706177
137,1,10,150,80,0.29533063600730286
138,1,10,150,80,0.0897467133453464
139,1,10,150,80,0.06016179456846956
140,1,10,150,80,0.039232819060514755
141,1,10,150,80,0.14439434970082324
142,1,10,150,80,0.04395738023645723
143,1,10,150,80,0.0
144,1,10,150,80,0.12572315949342514
145,1,10,150,80,0.28734130827033166
146,1,10,150,80,0.0
147,1,10,150,80,0.038800293177871176
148,1,10,150,80,0.2924190881243261
149,1,10,150,80,0.0
150,1,10,150,80,0.0
151,1,10,150,80,0.2740743795034615
152,1,10,150,80,0.20018926236683707
153,1,10,150,80,0.21315403751398063
154,1,10,150,80,0.14119390874852483
155,1,10,150,80,0.0
156,1,10,150,80,0.056765037818527084
157,1,10,150,80,0.07267844514201649
158,1,10,150,80,0.31769521077679175
159,1,10,150,80,0.06521625450990476
160,1,10,150,80,0.17465425782884814
161,1,10,150,80,0.13331237983363897
162,1,10,150,80,0.0475858026939827
163,1,10,150,80,0.08930748165857323
164,1,10,150,80,0.1392050781746783
165,1,10,150,80,0.16621229711010693
166,1,10,150,80,0.0
167,1,10,150,80,0.19520236775392877
168,1,10,150,80,0.044682472154713174
169,1,10,150,80,0.14269884249349324
170,1,10,150,80,0.0
171,1,10,150,80,0.0
172,1,10,150,80,0.0
173,1,10,150,80,0.02795730764456241
174,1,10,150,80,0.12392289988545797
175,1,10,150,80,0.10467701423324277
176,1,10,150,80,0.12162507554983247
177,1,10,150,80,0.1655922659307943
178,1,10,150,80,0.2555660681879899
179,1,10,150,80,0.024952538365330408
180,1,10,150,80,0.16785636010946767
181,1,10,150,80,0.09634936033316424
182,1,10,150,80,0.04195229264874745
183,1,10,150,80,0.02831169742649504
184,1,10,150,80,0.133125865992159
185,1,10,150,80,0.0208917977510647
186,1,10,150,80,0.08646583277053092
187,1,10,150,80,0.17040981197472238
188,1,10,150,80,0.14452344993478855
189,1,10,150,80,0.29865764672708445
190,1,10,150,80,0.05339229345473345
191,1,10,150,80,0.0
192,1,10,150,80,0.10363179610670267
193,1,10,150,80,0.015341597742551824
194,1,10,150,80,0.08050199421438367
195,1,10,150,80,0.1350818622660359
196,1,10,150,80,0.07706308624591164
197,1,10,150,80,0.16929397007809274
198,1,10,150,80,0.0331442821228196
199,1,10,150,80,0.049748115641606416
200,1,10,150,80,0.25122181038041363
201,1,10,150,80,0.09564809677968528
202,1,10,150,80,0.0
203,1,10,150,80,0.05370431689540528
204,1,10,150,80,0.027001973670935885
205,1,10,150,80,0.36484800394146205
206,1,10,150,80,0.03974771280526578
207,1,10,150,80,0.19579607613900532
208,1,10,150,80,0.047389964223811386
209,1,10,150,80,0.03243822298569767
210,1,10,150,80,0.13079738723900425
211,1,10,150,80,0.0
212,1,10,150,80,0.0874256646781203
213,1,10,150,80,0.2958934158860559
214,1,10,150,80,0.17169301418933652
215,1,10,150,80,0.255708749192597
216,1,10,150,80,0.18920848610998078
217,1,10,150,80,0.08016750925175155
218,1,10,150,80,0.06133198316402014
219,1,10,150,80,0.0
220,1,10,150,80,0.034616222155696735
221,1,10,150,80,0.06802289283215787
222,1,10,150,80,0.172090037524536
223,1,10,150,80,0.10677939756546245
224,1,10,150,80,0.05553240885866685
225,1,10,150,80,0.19889742777798003
226,1,10,150,80,0.23814675809782818
227,1,10,150,80,0.10623119772529849
228,1,10,150,80,0.02917403367304273
229,1,10,150,80,0.0
230,1,10,150,80,0.25422798975444133
231,1,10,150,80,0.0
232,1,10,150,80,0.0914735250933564
233,1,10,150,80,0.14835547983755953
234,1,10,150,80,0.1941077612311407
235,1,10,150,80,0.23280252396956425
236,1,10,150,80,0.13123532326882845
237,1,10,150,80,0.24352191769087017
238,1,10,150,80,0.0
239,1,10,150,80,0.1686211941092258
240,1,10,150,80,0.0
241,1,10,150,80,0.047978870624887156
242,1,10,150,80,0.03797289360605308
243,1,10,150,80,0.12898989924507495
244,1,10,150,80,0.18922588983942817
245,1,10,150,80,0.18470089958507746
246,1,10,150,80,0.07367078769097278
247,1,10,150,80,0.08883649703748449
248,1,10,150,80,0.1352712391738193
249,1,10,150,80,0.3055889559968742
250,1,10,150,80,0.13537727623013396
251,1,10,150,80,0.1369922724163038
252,1,10,150,80,0.15744006533381547
253,1,10,150,80,0.2443190287228016
254,1,10,150,80,0.07352756868889418
255,1,10,150,80,0.06847316147390722
256,1,10,150,80,0.1907007629925268
257,1,10,150,80,0.2024772690671989
258,1,10,150,80,0.0
259,1,10,150,80,0.08642802717301845
260,1,10,150,80,0.0
261,1,10,150,80,0.0
262,1,10,150,80,0.0
263,1,10,150,80,0.24426482197007035
264,1,10,150,80,0.0868881245786047
265,1,10,150,80,0.31140524445517653
266,1,10,150,80,0.10279639225640967
267,1,10,150,80,0.11603014938993723
268,1,10,150,80,0.1457015060045563
269,1,10,150,80,0.34192327610053347
270,1,10,150,80,0.10832567847977925
271,1,10,150,80,0.20160846604112415
272,1,10,150,80,0.23321348468935416
273,1,10,150,80,0.03860961209670539
274,1,10,150,80,0.20267731815698697
275,1,10,150,80,0.015522912158152052
276,1,10,150,80,0.37688165641619553
277,1,10,150,80,0.09982873474912346
278,1,10,150,80,0.07867548793068165
279,1,10,150,80,0.1705564136603803
280,1,10,150,80,0.2059513875757029
281,1,10,150,80,0.049432410190049694
282,1,10,150,80,0.0
283,1,10,150,80,0.20644004022221485
284,1,10,150,80,0.07891945711936355
285,1,10,150,80,0.06473560181867054
286,1,10,150,80,0.27658904448747135
287,1,10,150,80,0.277373713129501
288,1,10,150,80,0.25730730990442935
289,1,10,150,80,0.0
290,1,10,150,80,0.10906936434592127
291,1,10,150,80,0.1325009897211677
292,1,10,150,80,0.1656612321986294
293,1,10,150,80,0.22935568962076172
294,1,10,150,80,0.010673514283348269
295,1,10,150,80,0.20119276730918367
296,1,10,150,80,0.22492957073253422
297,1,10,150,80,0.1203505615607433
298,1,10,150,80,0.265287510686088
299,1,10,150,80,0.12091961476849222
300,1,10,150,80,0.04336490181597879
301,1,10,150,80,0.3051389114897413
302,1,10,150,80,0.13927874459665815
303,1,10,150,80,0.29757174720646423
304,1,10,150,80,0.0
305,1,10,150,80,0.16187141972463742
306,1,10,150,80,0.08156911164475483
307,1,10,150,80,0.2598443836508552
308,1,10,150,80,0.37547190125771934
309,1,10,150,80,0.0
310,1,10,150,80,0.06900643972011666
311,1,10,150,80,0.293269179231542
312,1,10,150,80,0.2404108739231589
313,1,10,150,80,0.28408564211704035
314,1,10,150,80,0.1702073191225347
315,1,10,150,80,0.286099807090925
316,1,10,150,80,0.15163097251042218
317,1,10,150,80,0.0
318,1,10,150,80,0.11181450241843982
319,1,10,150,80,0.06591877139737895
320,1,10,150,80,0.1924988394784141
321,1,10,150,80,0.15427224748816595
322,1,10,150,80,0.25443358806602195
323,1,10,150,80,0.20144166357013524
324,1,10,150,80,0.10121986794608845
325,1,10,150,80,0.0901883711443618
326,1,10,150,80,0.23923503217231218
327,1,10,150,80,0.013692715463512055
328,1,10,150,80,0.1559122251102595
329,1,10,150,80,0.04249704384086923
330,1,10,150,80,0.2554569375078683
331,1,10,150,80,0.09091966573968718
332,1,10,150,80,0.1322167192336546
333,1,10,150,80,0.1014371752449239
334,1,10,150,80,0.10477004185726742
335,1,10,150,80,0.08149421541954936
336,1,10,150,80,0.1252879373315154
337,1,10,150,80,0.10521567817367497
338,1,10,150,80,0.15896841246993118
339,1,10,150,80,0.3213491567223416
340,1,10,150,80,0.33716689361470614
341,1,10,150,80,0.0
342,1,10,150,80,0.0837441407258784
343,1,10,150,80,0.27236533597978696
344,1,10,150,80,0.23352052875617096
345,1,10,150,80,0.0898641777936101
346,1,10,150,80,0.10819332410049512
347,1,10,150,80,0.2558340591541125
348,1,10,150,80,0.18923084143550442
349,1,10,150,80,0.25859803951431987
350,1,10,150,80,0.057127212566552996
351,1,10,150,80,0.02907522751061953
352,1,10,150,80,0.14358039378320506
353,1,10,150,80,0.0
354,1,10,150,80,0.15965724985945903
355,1,10,150,80,0.0
356,1,10,150,80,0.0
357,1,10,150,80,0.06959508771708611
358,1,10,150,80,0.06323567569191428
359,1,10,150,80,0.23047812925238975
360,1,10,150,80,0.1692259700041561
361,1,10,150,80,0.15572261253779404
362,1,10,150,80,0.15042501043191572
363,1,10,150,80,0.11283896360588969
364,1,10,150,80,0.0
365,1,10,150,80,0.14456587527532935
366,1,10,150,80,0.13610100259425117
367,1,10,150,80,0.11436773481003104
368,1,10,150,80,0.042512356679180144
369,1,10,150,80,0.0
370,1,10,150,80,0.19811064503366002
371,1,10,150,80,0.1319132354603233
372,1,10,150,80,0.13916735218438364
373,1,10,150,80,0.14120481734031762
374,1,10,150,80,0.12217674620121698
375,1,10,150,80,0.04282650856324445
376,1,10,150,80,0.0
377,1,10,150,80,0.12130002016702163
378,1,10,150,80,0.18702824302951424
379,1,10,150,80,0.1520449187020279
380,1,10,150,80,0.05426814629469988
381,1,10,150,80,0.10899879606790715
382,1,10,150,80,0.0
383,1,10,150,80,0.11713125931833299
384,1,10,150,80,0.0561173220664886
385,1,10,150,80,0.11726655826671352
386,1,10,150,80,0.14606834984270645
387,1,10,150,80,0.13836720949561995
388,1,10,150,80,0.08659331667411305
389,1,10,150,80,0.1014822420242732
390,1,10,150,80,0.05307577057513386
391,1,10,150,80,0.08907375584162422
392,1,10,150,80,0.18499940411030946
393,1,10,150,80,0.272465516230622
394,1,10,150,80,0.10657019454040408
395,1,10,150,80,0.1494624820736264
396,1,10,150,80,0.0
397,1,10,150,80,0.10540164605552274
398,1,10,150,80,0.1406230079272144
399,1,10,150,80,0.021885130174961232
400,1,10,150,80,0.0
401,1,10,150,80,0.016941778998402247
402,1,10,150,80,0.11288598947105788
403,1,10,150,80,0.09224219235917257
404,1,10,150,80,0.05446824630887794
405,1,10,150,80,0.22692767467857614
406,1,10,150,80,0.15003108558631417
407,1,10,150,80,0.06085119717627998
408,1,10,150,80,0.0
409,1,10,150,80,0.11976431141977988
410,1,10,150,80,0.0
411,1,10,150,80,0.0
412,1,10,150,80,0.15001451003751623
413,1,10,150,80,0.04935421935348238
414,1,10,150,80,0.1309019901681972
415,1,10,150,80,0.0
416,1,10,150,80,0.24701414829328688
417,1,10,150,80,0.12309745810327996
418,1,10,150,80,0.14436292983286242
419,1,10,150,80,0.0
420,1,10,150,80,0.19519002499605084
421,1,10,150,80,0.0
422,1,10,150,80,0.030480958763669998
423,1,10,150,80,0.0
424,1,10,150,80,0.0
425,1,10,150,80,0.01907184948017759
426,1,10,150,80,0.11229023146606223
427,1,10,150,80,0.0
428,1,10,150,80,0.04822019817866397
429,1,10,150,80,0.14062551472815982
430,1,10,150,80,0.0
431,1,10,150,80,0.0
432,1,10,150,80,0.0
433,1,10,150,80,0.20451415323992994
434,1,10,150,80,0.0
435,1,10,150,80,0.08127781909048552
436,1,10,150,80,0.09499424853799125
437,1,10,150,80,0.14945564650669343
438,1,10,150,80,0.0
439,1,10,150,80,0.18154179253735267
440,1,10,150,80,0.0
442,1,10,150,80,0.0733934381893728
444,1,10,150,80,0.0
445,1,10,150,80,0.0
446,1,10,150,80,0.0
447,1,10,150,80,0.0
448,1,10,150,80,0.0
449,1,10,150,80,0.08972920377238332
450,1,10,150,80,0.17556211942720856
451,1,10,150,80,0.05497526658285817
452,1,10,150,80,0.05780700008370542
453,1,10,150,80,0.1515771522786143
454,1,10,150,80,0.1059131727358383
455,1,10,150,80,0.0
456,1,10,150,80,0.0
457,1,10,150,80,0.14751814893861787
458,1,10,150,80,0.0
459,1,10,150,80,0.0
460,1,10,150,80,0.0
462,1,10,150,80,0.0
1,1,10,150,81,0.5082849666243892
2,1,10,150,81,0.1011519894320134
3,1,10,150,81,0.020132733082951743
4,1,10,150,81,0.11528901748471758
5,1,10,150,81,0.04099597372339193
6,1,10,150,81,0.18041655541183368
7,1,10,150,81,0.4139378326736274
8,1,10,150,81,0.21327391470391274
9,1,10,150,81,0.07291513481207902
10,1,10,150,81,0.3091366992430195
11,1,10,150,81,0.1709655603646959
12,1,10,150,81,0.12022816103951169
13,1,10,150,81,0.4956122160215686
14,1,10,150,81,0.33739980368853145
15,1,10,150,81,0.050262678017164185
16,1,10,150,81,0.26295695864001184
17,1,10,150,81,0.10122860821230018
18,1,10,150,81,0.24955843183084253
19,1,10,150,81,0.13886244387355454
20,1,10,150,81,0.05692185311373096
21,1,10,150,81,0.08212733269093073
22,1,10,150,81,0.12801304733456464
23,1,10,150,81,0.0
24,1,10,150,81,0.2080789650281721
25,1,10,150,81,0.17085280125179103
26,1,10,150,81,0.0
27,1,10,150,81,0.0
28,1,10,150,81,0.2629052193668776
29,1,10,150,81,0.0
30,1,10,150,81,0.0
31,1,10,150,81,0.06805887025963314
32,1,10,150,81,0.11469999139467348
33,1,10,150,81,0.0
34,1,10,150,81,0.0
35,1,10,150,81,0.0
36,1,10,150,81,0.0
37,1,10,150,81,0.15133867332691472
38,1,10,150,81,0.2375994139404883
39,1,10,150,81,0.0993029104208021
40,1,10,150,81,0.3197267407502473
41,1,10,150,81,0.0224586613737933
42,1,10,150,81,0.23946620527024548
43,1,10,150,81,0.28319491672002234
44,1,10,150,81,0.07237002116518762
45,1,10,150,81,0.04094516368001556
46,1,10,150,81,0.02795730764456241
47,1,10,150,81,0.0
48,1,10,150,81,0.24592160725427623
49,1,10,150,81,0.100531808556407
50,1,10,150,81,0.0
51,1,10,150,81,0.0
52,1,10,150,81,0.07095766703421214
53,1,10,150,81,0.1369821642818139
54,1,10,150,81,0.12836415432918194
55,1,10,150,81,0.0
56,1,10,150,81,0.18031810378296065
57,1,10,150,81,0.1825067720422371
58,1,10,150,81,0.1882685150564457
59,1,10,150,81,0.3180758087186317
60,1,10,150,81,0.22788193481611516
61,1,10,150,81,0.0
62,1,10,150,81,0.19481306773973117
63,1,10,150,81,0.033669757978328795
64,1,10,150,81,0.1291403235778533
65,1,10,150,81,0.2306157261998143
66,1,10,150,81,0.0
67,1,10,150,81,0.03314040476303028
68,1,10,150,81,0.0
69,1,10,150,81,0.25224764194294225
70,1,10,150,81,0.08382396164407196
71,1,10,150,81,0.0
72,1,10,150,81,0.23884724223409404
73,1,10,150,81,0.2411808659921475
74,1,10,150,81,0.03272011597426011
75,1,10,150,81,0.10310690100385646
76,1,10,150,81,0.1177548715386271
77,1,10,150,81,0.45927229869726693
78,1,10,150,81,0.05658242244874664
79,1,10,150,81,0.4102269223050506
80,1,10,150,81,0.1466914912588887
81,1,10,150,81,0.034380101046999886
82,1,10,150,81,0.1716774954224818
83,1,10,150,81,0.10057479033327138
84,1,10,150,81,0.05683844068224461
85,1,10,150,81,0.05066167456251538
86,1,10,150,81,0.0
87,1,10,150,81,0.1462551706799042
88,1,10,150,81,0.0
89,1,10,150,81,0.17107843556110094
90,1,10,150,81,0.278681134870082
91,1,10,150,81,0.17886663630526328
92,1,10,150,81,0.30390096091109037
93,1,10,150,81,0.0
94,1,10,150,81,0.42195577111165605
95,1,10,150,81,0.2517831424778903
96,1,10,150,81,0.3781493395140278
97,1,10,150,81,0.17941974847965342
98,1,10,150,81,0.19533769320769842
99,1,10,150,81,0.16792576455798583
100,1,10,150,81,0.022805505402617214
101,1,10,150,81,0.04161098736885563
102,1,10,150,81,0.028928163155685926
103,1,10,150,81,0.15394621921377785
104,1,10,150,81,0.015190330175114026
105,1,10,150,81,0.05200670101006268
106,1,10,150,81,0.32566885821812863
107,1,10,150,81,0.0
108,1,10,150,81,0.06036985955798015
109,1,10,150,81,0.24338203049860055
110,1,10,150,81,0.05010738025702798
111,1,10,150,81,0.038281751104512325
112,1,10,150,81,0.0
113,1,10,150,81,0.02769198719673247
114,1,10,150,81,0.11938748599511304
115,1,10,150,81,0.341866508559041
116,1,10,150,81,0.0380545682064199
117,1,10,150,81,0.25596974895629354
118,1,10,150,81,0.12478478081707345
119,1,10,150,81,0.13680838921039926
120,1,10,150,81,0.12171775198765021
121,1,10,150,81,0.18136606922889512
122,1,10,150,81,0.125418998393806
123,1,10,150,81,0.045465875186671466
124,1,10,150,81,0.18978688349077963
125,1,10,150,81,0.26576032605055777
126,1,10,150,81,0.0
127,1,10,150,81,0.071512236588497
128,1,10,150,81,0.20778543732109236
129,1,10,150,81,0.03443731487202246
130,1,10,150,81,0.3385897030381369
131,1,10,150,81,0.25372733625822586
132,1,10,150,81,0.12238042572284785
133,1,10,150,81,0.0
134,1,10,150,81,0.030071530282993673
135,1,10,150,81,0.04046615435059731
136,1,10,150,81,0.35628796654787115
137,1,10,150,81,0.29533063600730286
138,1,10,150,81,0.0897467133453464
139,1,10,150,81,0.06016179456846956
140,1,10,150,81,0.039232819060514755
141,1,10,150,81,0.14439434970082324
142,1,10,150,81,0.04395738023645723
143,1,10,150,81,0.0
144,1,10,150,81,0.12462601910594198
145,1,10,150,81,0.28483378495031747
146,1,10,150,81,0.0
147,1,10,150,81,0.038800293177871176
148,1,10,150,81,0.2924190881243261
149,1,10,150,81,0.0
150,1,10,150,81,0.0
151,1,10,150,81,0.2716826318561765
152,1,10,150,81,0.20018926236683707
153,1,10,150,81,0.21315403751398063
154,1,10,150,81,0.14119390874852483
155,1,10,150,81,0.0
156,1,10,150,81,0.056765037818527084
157,1,10,150,81,0.07267844514201649
158,1,10,150,81,0.31769521077679175
159,1,10,150,81,0.06521625450990476
160,1,10,150,81,0.17465425782884814
161,1,10,150,81,0.13331237983363897
162,1,10,150,81,0.0475858026939827
163,1,10,150,81,0.08930748165857323
164,1,10,150,81,0.1392050781746783
165,1,10,150,81,0.16621229711010693
166,1,10,150,81,0.0
167,1,10,150,81,0.19520236775392877
168,1,10,150,81,0.044682472154713174
169,1,10,150,81,0.14269884249349324
170,1,10,150,81,0.0
171,1,10,150,81,0.0
172,1,10,150,81,0.0239003177617487
173,1,10,150,81,0.02795730764456241
174,1,10,150,81,0.12284146971025245
175,1,10,150,81,0.10467701423324277
176,1,10,150,81,0.12162507554983247
177,1,10,150,81,0.1655922659307943
178,1,10,150,81,0.253335835856818
179,1,10,150,81,0.024952538365330408
180,1,10,150,81,0.16785636010946767
181,1,10,150,81,0.0955085544310885
182,1,10,150,81,0.04195229264874745
183,1,10,150,81,0.02831169742649504
184,1,10,150,81,0.13196412487153195
185,1,10,150,81,0.0208917977510647
186,1,10,150,81,0.08646583277053092
187,1,10,150,81,0.17040981197472238
188,1,10,150,81,0.14452344993478855
189,1,10,150,81,0.29865764672708445
190,1,10,150,81,0.05339229345473345
191,1,10,150,81,0.0
192,1,10,150,81,0.10363179610670267
193,1,10,150,81,0.015341597742551824
194,1,10,150,81,0.07979948252535668
195,1,10,150,81,0.1350818622660359
196,1,10,150,81,0.07706308624591164
197,1,10,150,81,0.16929397007809274
198,1,10,150,81,0.0331442821228196
199,1,10,150,81,0.049748115641606416
200,1,10,150,81,0.24902948881058068
201,1,10,150,81,0.10354004764632059
202,1,10,150,81,0.0
203,1,10,150,81,0.05370431689540528
204,1,10,150,81,0.027001973670935885
205,1,10,150,81,0.36484800394146205
206,1,10,150,81,0.03974771280526578
207,1,10,150,81,0.202814071933857
208,1,10,150,81,0.047389964223811386
209,1,10,150,81,0.03243822298569767
210,1,10,150,81,0.13079738723900425
211,1,10,150,81,0.0
212,1,10,150,81,0.0874256646781203
213,1,10,150,81,0.2958934158860559
214,1,10,150,81,0.17169301418933652
215,1,10,150,81,0.255708749192597
216,1,10,150,81,0.18920848610998078
217,1,10,150,81,0.08016750925175155
218,1,10,150,81,0.06133198316402014
219,1,10,150,81,0.0
220,1,10,150,81,0.034616222155696735
221,1,10,150,81,0.06802289283215787
222,1,10,150,81,0.17058827021919293
223,1,10,150,81,0.10677939756546245
224,1,10,150,81,0.05553240885866685
225,1,10,150,81,0.19889742777798003
226,1,10,150,81,0.23814675809782818
227,1,10,150,81,0.10623119772529849
228,1,10,150,81,0.02917403367304273
229,1,10,150,81,0.0
230,1,10,150,81,0.25422798975444133
231,1,10,150,81,0.0
232,1,10,150,81,0.0914735250933564
233,1,10,150,81,0.14835547983755953
234,1,10,150,81,0.20114049033749737
235,1,10,150,81,0.23280252396956425
236,1,10,150,81,0.13123532326882845
237,1,10,150,81,0.24352191769087017
238,1,10,150,81,0.0
239,1,10,150,81,0.1780099357142763
240,1,10,150,81,0.0
241,1,10,150,81,0.047978870624887156
242,1,10,150,81,0.03797289360605308
243,1,10,150,81,0.12898989924507495
244,1,10,150,81,0.18757458416959943
245,1,10,150,81,0.18470089958507746
246,1,10,150,81,0.0730278894622046
247,1,10,150,81,0.08883649703748449
248,1,10,150,81,0.1352712391738193
249,1,10,150,81,0.3055889559968742
250,1,10,150,81,0.13537727623013396
251,1,10,150,81,0.1369922724163038
252,1,10,150,81,0.15744006533381547
253,1,10,150,81,0.2443190287228016
254,1,10,150,81,0.07352756868889418
255,1,10,150,81,0.0834146540351644
256,1,10,150,81,0.1890365866399281
257,1,10,150,81,0.2024772690671989
258,1,10,150,81,0.0
259,1,10,150,81,0.08642802717301845
260,1,10,150,81,0.0
261,1,10,150,81,0.0
262,1,10,150,81,0.0
263,1,10,150,81,0.24426482197007035
264,1,10,150,81,0.0868881245786047
265,1,10,150,81,0.31140524445517653
266,1,10,150,81,0.10279639225640967
267,1,10,150,81,0.11603014938993723
268,1,10,150,81,0.14443002183728898
269,1,10,150,81,0.33893943575527025
270,1,10,150,81,0.10832567847977925
271,1,10,150,81,0.19984910212246754
272,1,10,150,81,0.23321348468935416
273,1,10,150,81,0.03860961209670539
274,1,10,150,81,0.20267731815698697
275,1,10,150,81,0.015522912158152052
276,1,10,150,81,0.37359274697244754
277,1,10,150,81,0.09982873474912346
278,1,10,150,81,0.07867548793068165
279,1,10,150,81,0.16906802973394172
280,1,10,150,81,0.20415412455687687
281,1,10,150,81,0.049432410190049694
282,1,10,150,81,0.0
283,1,10,150,81,0.20644004022221485
284,1,10,150,81,0.07891945711936355
285,1,10,150,81,0.06473560181867054
286,1,10,150,81,0.27417535227145245
287,1,10,150,81,0.277373713129501
288,1,10,150,81,0.25730730990442935
289,1,10,150,81,0.0
290,1,10,150,81,0.10906936434592127
291,1,10,150,81,0.13134470166898757
292,1,10,150,81,0.1656612321986294
293,1,10,150,81,0.23608082284767037
294,1,10,150,81,0.010673514283348269
295,1,10,150,81,0.19943703104250204
296,1,10,150,81,0.2343183123375847
297,1,10,150,81,0.1193003058856823
298,1,10,150,81,0.265287510686088
299,1,10,150,81,0.1198643931725988
300,1,10,150,81,0.04336490181597879
301,1,10,150,81,0.3024760749452497
302,1,10,150,81,0.13927874459665815
303,1,10,150,81,0.29497494655851986
304,1,10,150,81,0.0
305,1,10,150,81,0.16045882658845853
306,1,10,150,81,0.08156911164475483
307,1,10,150,81,0.2598443836508552
308,1,10,150,81,0.37219529423563386
309,1,10,150,81,0.0
310,1,10,150,81,0.06900643972011666
311,1,10,150,81,0.2907099255328964
312,1,10,150,81,0.24703953256862926
313,1,10,150,81,0.2816065298140522
314,1,10,150,81,0.16872198161744018
315,1,10,150,81,0.286099807090925
316,1,10,150,81,0.15163097251042218
317,1,10,150,81,0.0
318,1,10,150,81,0.11181450241843982
319,1,10,150,81,0.06591877139737895
320,1,10,150,81,0.1924988394784141
321,1,10,150,81,0.15427224748816595
322,1,10,150,81,0.25443358806602195
323,1,10,150,81,0.20144166357013524
324,1,10,150,81,0.10121986794608845
325,1,10,150,81,0.0901883711443618
326,1,10,150,81,0.23923503217231218
327,1,10,150,81,0.013573224104800856
328,1,10,150,81,0.15455163570286576
329,1,10,150,81,0.04249704384086923
330,1,10,150,81,0.2554569375078683
331,1,10,150,81,0.09091966573968718
332,1,10,150,81,0.1322167192336546
333,1,10,150,81,0.1014371752449239
334,1,10,150,81,0.1038557517234284
335,1,10,150,81,0.08149421541954936
336,1,10,150,81,0.1252879373315154
337,1,10,150,81,0.10521567817367497
338,1,10,150,81,0.15896841246993118
339,1,10,150,81,0.3185448592504651
340,1,10,150,81,0.33716689361470614
341,1,10,150,81,0.0
342,1,10,150,81,0.0837441407258784
343,1,10,150,81,0.27236533597978696
344,1,10,150,81,0.23148267984720988
345,1,10,150,81,0.08907996572605947
346,1,10,150,81,0.10819332410049512
347,1,10,150,81,0.2558340591541125
348,1,10,150,81,0.18923084143550442
349,1,10,150,81,0.25859803951431987
350,1,10,150,81,0.057127212566552996
351,1,10,150,81,0.02907522751061953
352,1,10,150,81,0.14358039378320506
353,1,10,150,81,0.0
354,1,10,150,81,0.15826397898016284
355,1,10,150,81,0.0
356,1,10,150,81,0.0
357,1,10,150,81,0.06959508771708611
358,1,10,150,81,0.06323567569191428
359,1,10,150,81,0.23047812925238975
360,1,10,150,81,0.1692259700041561
361,1,10,150,81,0.15572261253779404
362,1,10,150,81,0.15042501043191572
363,1,10,150,81,0.11185425892019304
364,1,10,150,81,0.0
365,1,10,150,81,0.14456587527532935
366,1,10,150,81,0.13610100259425117
367,1,10,150,81,0.11436773481003104
368,1,10,150,81,0.042512356679180144
369,1,10,150,81,0.0
370,1,10,150,81,0.19811064503366002
371,1,10,150,81,0.1319132354603233
372,1,10,150,81,0.13916735218438364
373,1,10,150,81,0.14120481734031762
374,1,10,150,81,0.12217674620121698
375,1,10,150,81,0.04282650856324445
376,1,10,150,81,0.0
377,1,10,150,81,0.12130002016702163
378,1,10,150,81,0.18539611542586118
379,1,10,150,81,0.16280610571298024
380,1,10,150,81,0.06717468077908566
381,1,10,150,81,0.10899879606790715
382,1,10,150,81,0.0
383,1,10,150,81,0.11713125931833299
384,1,10,150,81,0.0561173220664886
385,1,10,150,81,0.11726655826671352
386,1,10,150,81,0.14606834984270645
387,1,10,150,81,0.1371597290723418
388,1,10,150,81,0.08659331667411305
389,1,10,150,81,0.1014822420242732
390,1,10,150,81,0.05307577057513386
391,1,10,150,81,0.08907375584162422
392,1,10,150,81,0.18499940411030946
393,1,10,150,81,0.27881444564542757
394,1,10,150,81,0.10657019454040408
395,1,10,150,81,0.1494624820736264
396,1,10,150,81,0.0
397,1,10,150,81,0.10540164605552274
398,1,10,150,81,0.1406230079272144
399,1,10,150,81,0.021885130174961232
400,1,10,150,81,0.0
401,1,10,150,81,0.016941778998402247
402,1,10,150,81,0.11288598947105788
403,1,10,150,81,0.09224219235917257
404,1,10,150,81,0.05446824630887794
405,1,10,150,81,0.22494735921457826
406,1,10,150,81,0.15003108558631417
407,1,10,150,81,0.06085119717627998
408,1,10,150,81,0.0
409,1,10,150,81,0.11976431141977988
410,1,10,150,81,0.0
411,1,10,150,81,0.0
412,1,10,150,81,0.15001451003751623
413,1,10,150,81,0.04935421935348238
414,1,10,150,81,0.1309019901681972
415,1,10,150,81,0.0
416,1,10,150,81,0.24701414829328688
417,1,10,150,81,0.12309745810327996
418,1,10,150,81,0.14436292983286242
419,1,10,150,81,0.0
420,1,10,150,81,0.25659417075978697
421,1,10,150,81,0.0
422,1,10,150,81,0.030480958763669998
423,1,10,150,81,0.0
424,1,10,150,81,0.0
425,1,10,150,81,0.03792725875617552
426,1,10,150,81,0.11229023146606223
427,1,10,150,81,0.0
428,1,10,150,81,0.04822019817866397
429,1,10,150,81,0.14062551472815982
430,1,10,150,81,0.0
431,1,10,150,81,0.0
432,1,10,150,81,0.0
433,1,10,150,81,0.20451415323992994
434,1,10,150,81,0.0
435,1,10,150,81,0.08127781909048552
436,1,10,150,81,0.09499424853799125
437,1,10,150,81,0.14945564650669343
438,1,10,150,81,0.0
439,1,10,150,81,0.18154179253735267
440,1,10,150,81,0.0
442,1,10,150,81,0.0733934381893728
444,1,10,150,81,0.0
445,1,10,150,81,0.0
446,1,10,150,81,0.0
447,1,10,150,81,0.0
448,1,10,150,81,0.0
449,1,10,150,81,0.08972920377238332
450,1,10,150,81,0.17556211942720856
451,1,10,150,81,0.05497526658285817
452,1,10,150,81,0.05780700008370542
453,1,10,150,81,0.1515771522786143
454,1,10,150,81,0.1059131727358383
455,1,10,150,81,0.0
456,1,10,150,81,0.0
457,1,10,150,81,0.14751814893861787
458,1,10,150,81,0.0
459,1,10,150,81,0.0
460,1,10,150,81,0.0
462,1,10,150,81,0.0
1,1,10,150,82,0.5038996793978628
2,1,10,150,82,0.1011519894320134
3,1,10,150,82,0.020132733082951743
4,1,10,150,82,0.11528901748471758
5,1,10,150,82,0.04064227622747317
6,1,10,150,82,0.17885999075253295
7,1,10,150,82,0.41899415167789544
8,1,10,150,82,0.21327391470391274
9,1,10,150,82,0.07291513481207902
10,1,10,150,82,0.30646958668322055
11,1,10,150,82,0.1709655603646959
12,1,10,150,82,0.12022816103951169
13,1,10,150,82,0.49996387985492186
14,1,10,150,82,0.33739980368853145
15,1,10,150,82,0.050262678017164185
16,1,10,150,82,0.26295695864001184
17,1,10,150,82,0.10122860821230018
18,1,10,150,82,0.2474053376509227
19,1,10,150,82,0.13886244387355454
20,1,10,150,82,0.05692185311373096
21,1,10,150,82,0.08141876964727031
22,1,10,150,82,0.12801304733456464
23,1,10,150,82,0.0
24,1,10,150,82,0.2080789650281721
25,1,10,150,82,0.17085280125179103
26,1,10,150,82,0.0
27,1,10,150,82,0.0
28,1,10,150,82,0.2629052193668776
29,1,10,150,82,0.0
30,1,10,150,82,0.0
31,1,10,150,82,0.06805887025963314
32,1,10,150,82,0.11469999139467348
33,1,10,150,82,0.0
34,1,10,150,82,0.0
35,1,10,150,82,0.0
36,1,10,150,82,0.0
37,1,10,150,82,0.15133867332691472
38,1,10,150,82,0.2375994139404883
39,1,10,150,82,0.0993029104208021
40,1,10,150,82,0.3197267407502473
41,1,10,150,82,0.0224586613737933
42,1,10,150,82,0.2374001829400349
43,1,10,150,82,0.28075161988368835
44,1,10,150,82,0.07237002116518762
45,1,10,150,82,0.04094516368001556
46,1,10,150,82,0.02795730764456241
47,1,10,150,82,0.0
48,1,10,150,82,0.24592160725427623
49,1,10,150,82,0.0996644587725843
50,1,10,150,82,0.0
51,1,10,150,82,0.0
52,1,10,150,82,0.07095766703421214
53,1,10,150,82,0.1369821642818139
54,1,10,150,82,0.12836415432918194
55,1,10,150,82,0.0
56,1,10,150,82,0.17876238852645338
57,1,10,150,82,0.1825067720422371
58,1,10,150,82,0.1882685150564457
59,1,10,150,82,0.31533157295989134
60,1,10,150,82,0.2259158571165485
61,1,10,150,82,0.0
62,1,10,150,82,0.19313229550837233
63,1,10,150,82,0.033669757978328795
64,1,10,150,82,0.1280261505280847
65,1,10,150,82,0.2306157261998143
66,1,10,150,82,0.0
67,1,10,150,82,0.03314040476303028
68,1,10,150,82,0.0
69,1,10,150,82,0.25224764194294225
70,1,10,150,82,0.08382396164407196
71,1,10,150,82,0.0
72,1,10,150,82,0.23884724223409404
73,1,10,150,82,0.2411808659921475
74,1,10,150,82,0.03272011597426011
75,1,10,150,82,0.10310690100385646
76,1,10,150,82,0.1177548715386271
77,1,10,150,82,0.45927229869726693
78,1,10,150,82,0.05658242244874664
79,1,10,150,82,0.4102269223050506
80,1,10,150,82,0.1466914912588887
81,1,10,150,82,0.034380101046999886
82,1,10,150,82,0.1701963280120859
83,1,10,150,82,0.10057479033327138
84,1,10,150,82,0.05683844068224461
85,1,10,150,82,0.05022458511678797
86,1,10,150,82,0.0
87,1,10,150,82,0.14499333731100592
88,1,10,150,82,0.0
89,1,10,150,82,0.17107843556110094
90,1,10,150,82,0.2762767812077343
91,1,10,150,82,0.19137130431912536
92,1,10,150,82,0.3012790202881695
93,1,10,150,82,0.0
94,1,10,150,82,0.41831529898535297
95,1,10,150,82,0.24961085435004002
96,1,10,150,82,0.3781493395140278
97,1,10,150,82,0.17941974847965342
98,1,10,150,82,0.19533769320769842
99,1,10,150,82,0.16792576455798583
100,1,10,150,82,0.022805505402617214
101,1,10,150,82,0.04161098736885563
102,1,10,150,82,0.028678582088561347
103,1,10,150,82,0.15394621921377785
104,1,10,150,82,0.015190330175114026
105,1,10,150,82,0.05200670101006268
106,1,10,150,82,0.32566885821812863
107,1,10,150,82,0.0
108,1,10,150,82,0.06036985955798015
109,1,10,150,82,0.24990983937528263
110,1,10,150,82,0.05010738025702798
111,1,10,150,82,0.038281751104512325
112,1,10,150,82,0.0
113,1,10,150,82,0.02769198719673247
114,1,10,150,82,0.11938748599511304
115,1,10,150,82,0.341866508559041
116,1,10,150,82,0.0380545682064199
117,1,10,150,82,0.25596974895629354
118,1,10,150,82,0.12478478081707345
119,1,10,150,82,0.13562805903917594
120,1,10,150,82,0.12171775198765021
121,1,10,150,82,0.18136606922889512
122,1,10,150,82,0.125418998393806
123,1,10,150,82,0.045465875186671466
124,1,10,150,82,0.18978688349077963
125,1,10,150,82,0.2634674481578929
126,1,10,150,82,0.0
127,1,10,150,82,0.071512236588497
128,1,10,150,82,0.20599274447362576
129,1,10,150,82,0.03443731487202246
130,1,10,150,82,0.3356684812880085
131,1,10,150,82,0.25372733625822586
132,1,10,150,82,0.12238042572284785
133,1,10,150,82,0.0
134,1,10,150,82,0.030071530282993673
135,1,10,150,82,0.04046615435059731
136,1,10,150,82,0.35628796654787115
137,1,10,150,82,0.29533063600730286
138,1,10,150,82,0.0897467133453464
139,1,10,150,82,0.06016179456846956
140,1,10,150,82,0.039232819060514755
141,1,10,150,82,0.14439434970082324
142,1,10,150,82,0.04395738023645723
143,1,10,150,82,0.0
144,1,10,150,82,0.12355079373914106
145,1,10,150,82,0.2823763485891339
146,1,10,150,82,0.0
147,1,10,150,82,0.038800293177871176
148,1,10,150,82,0.2924190881243261
149,1,10,150,82,0.0
150,1,10,150,82,0.0
151,1,10,150,82,0.2693386585864962
152,1,10,150,82,0.20018926236683707
153,1,10,150,82,0.21315403751398063
154,1,10,150,82,0.14119390874852483
155,1,10,150,82,0.0
156,1,10,150,82,0.056765037818527084
157,1,10,150,82,0.07267844514201649
158,1,10,150,82,0.32696932621364294
159,1,10,150,82,0.06521625450990476
160,1,10,150,82,0.17465425782884814
161,1,10,150,82,0.13331237983363897
162,1,10,150,82,0.0475858026939827
163,1,10,150,82,0.08930748165857323
164,1,10,150,82,0.1392050781746783
165,1,10,150,82,0.16621229711010693
166,1,10,150,82,0.0
167,1,10,150,82,0.19520236775392877
168,1,10,150,82,0.044682472154713174
169,1,10,150,82,0.14269884249349324
170,1,10,150,82,0.0
171,1,10,150,82,0.0
172,1,10,150,82,0.0239003177617487
173,1,10,150,82,0.02795730764456241
174,1,10,150,82,0.12284146971025245
175,1,10,150,82,0.10467701423324277
176,1,10,150,82,0.12162507554983247
177,1,10,150,82,0.1655922659307943
178,1,10,150,82,0.2511501516875964
179,1,10,150,82,0.024952538365330408
180,1,10,150,82,0.16785636010946767
181,1,10,150,82,0.09468454335212195
182,1,10,150,82,0.04195229264874745
183,1,10,150,82,0.02831169742649504
184,1,10,150,82,0.1308255891501194
185,1,10,150,82,0.0208917977510647
186,1,10,150,82,0.08646583277053092
187,1,10,150,82,0.17040981197472238
188,1,10,150,82,0.14452344993478855
189,1,10,150,82,0.29865764672708445
190,1,10,150,82,0.05339229345473345
191,1,10,150,82,0.0
192,1,10,150,82,0.10363179610670267
193,1,10,150,82,0.015341597742551824
194,1,10,150,82,0.07911100327772934
195,1,10,150,82,0.1350818622660359
196,1,10,150,82,0.07706308624591164
197,1,10,150,82,0.16929397007809274
198,1,10,150,82,0.0331442821228196
199,1,10,150,82,0.049748115641606416
200,1,10,150,82,0.25550857358872736
201,1,10,150,82,0.11127435937357269
202,1,10,150,82,0.0
203,1,10,150,82,0.05370431689540528
204,1,10,150,82,0.027001973670935885
205,1,10,150,82,0.36484800394146205
206,1,10,150,82,0.03974771280526578
207,1,10,150,82,0.20106427011516864
208,1,10,150,82,0.047389964223811386
209,1,10,150,82,0.03243822298569767
210,1,10,150,82,0.13079738723900425
211,1,10,150,82,0.0
212,1,10,150,82,0.0874256646781203
213,1,10,150,82,0.2958934158860559
214,1,10,150,82,0.17169301418933652
215,1,10,150,82,0.255708749192597
216,1,10,150,82,0.18920848610998078
217,1,10,150,82,0.08016750925175155
218,1,10,150,82,0.06133198316402014
219,1,10,150,82,0.0
220,1,10,150,82,0.034616222155696735
221,1,10,150,82,0.06802289283215787
222,1,10,150,82,0.1691165002249797
223,1,10,150,82,0.10677939756546245
224,1,10,150,82,0.05553240885866685
225,1,10,150,82,0.19889742777798003
226,1,10,150,82,0.23814675809782818
227,1,10,150,82,0.10623119772529849
228,1,10,150,82,0.02917403367304273
229,1,10,150,82,0.0
230,1,10,150,82,0.25422798975444133
231,1,10,150,82,0.0
232,1,10,150,82,0.0914735250933564
233,1,10,150,82,0.14835547983755953
234,1,10,150,82,0.1994051275372317
235,1,10,150,82,0.23280252396956425
236,1,10,150,82,0.13123532326882845
237,1,10,150,82,0.24352191769087017
238,1,10,150,82,0.0
239,1,10,150,82,0.1780099357142763
240,1,10,150,82,0.0
241,1,10,150,82,0.047978870624887156
242,1,10,150,82,0.07484255566002171
243,1,10,150,82,0.12898989924507495
244,1,10,150,82,0.1859562627908604
245,1,10,150,82,0.18470089958507746
246,1,10,150,82,0.07239783291544973
247,1,10,150,82,0.08883649703748449
248,1,10,150,82,0.1352712391738193
249,1,10,150,82,0.3055889559968742
250,1,10,150,82,0.13537727623013396
251,1,10,150,82,0.1369922724163038
252,1,10,150,82,0.15744006533381547
253,1,10,150,82,0.2443190287228016
254,1,10,150,82,0.07352756868889418
255,1,10,150,82,0.09831516045677517
256,1,10,150,82,0.1874056516661011
257,1,10,150,82,0.2024772690671989
258,1,10,150,82,0.0
259,1,10,150,82,0.08642802717301845
260,1,10,150,82,0.0
261,1,10,150,82,0.0
262,1,10,150,82,0.0
263,1,10,150,82,0.24426482197007035
264,1,10,150,82,0.09800611806240321
265,1,10,150,82,0.33443049441002
266,1,10,150,82,0.10279639225640967
267,1,10,150,82,0.12488765669992676
268,1,10,150,82,0.151811550591825
269,1,10,150,82,0.33601519664575125
270,1,10,150,82,0.10832567847977925
271,1,10,150,82,0.1981248809231063
272,1,10,150,82,0.23321348468935416
273,1,10,150,82,0.03860961209670539
274,1,10,150,82,0.20267731815698697
275,1,10,150,82,0.015522912158152052
276,1,10,150,82,0.3703695324199861
277,1,10,150,82,0.09982873474912346
278,1,10,150,82,0.07867548793068165
279,1,10,150,82,0.16760937579001325
280,1,10,150,82,0.20239276127948624
281,1,10,150,82,0.049432410190049694
282,1,10,150,82,0.0
283,1,10,150,82,0.20644004022221485
284,1,10,150,82,0.07891945711936355
285,1,10,150,82,0.06473560181867054
286,1,10,150,82,0.27180987276862695
287,1,10,150,82,0.277373713129501
288,1,10,150,82,0.25730730990442935
289,1,10,150,82,0.0
290,1,10,150,82,0.10906936434592127
291,1,10,150,82,0.13021151009276188
292,1,10,150,82,0.1656612321986294
293,1,10,150,82,0.23404400829512284
294,1,10,150,82,0.010673514283348269
295,1,10,150,82,0.19771636503395312
296,1,10,150,82,0.2343183123375847
297,1,10,150,82,0.11827102872449534
298,1,10,150,82,0.265287510686088
299,1,10,150,82,0.11883024928322511
300,1,10,150,82,0.04336490181597879
301,1,10,150,82,0.29986642769048955
302,1,10,150,82,0.13927874459665815
303,1,10,150,82,0.2924300161548547
304,1,10,150,82,0.0
305,1,10,150,82,0.15907444953852357
306,1,10,150,82,0.08156911164475483
307,1,10,150,82,0.2598443836508552
308,1,10,150,82,0.3689841363679827
309,1,10,150,82,0.0
310,1,10,150,82,0.06900643972011666
311,1,10,150,82,0.2882017920904885
312,1,10,150,82,0.25353578592397613
313,1,10,150,82,0.27917693696911466
314,1,10,150,82,0.17589392868468245
315,1,10,150,82,0.286099807090925
316,1,10,150,82,0.15163097251042218
317,1,10,150,82,0.0
318,1,10,150,82,0.11181450241843982
319,1,10,150,82,0.06591877139737895
320,1,10,150,82,0.1924988394784141
321,1,10,150,82,0.15427224748816595
322,1,10,150,82,0.25443358806602195
323,1,10,150,82,0.20144166357013524
324,1,10,150,82,0.10121986794608845
325,1,10,150,82,0.0901883711443618
326,1,10,150,82,0.23923503217231218
327,1,10,150,82,0.0134561195469288
328,1,10,150,82,0.15321822362422885
329,1,10,150,82,0.04249704384086923
330,1,10,150,82,0.2554569375078683
331,1,10,150,82,0.09091966573968718
332,1,10,150,82,0.14215773650397753
333,1,10,150,82,0.1014371752449239
334,1,10,150,82,0.10295972423621257
335,1,10,150,82,0.08149421541954936
336,1,10,150,82,0.1252879373315154
337,1,10,150,82,0.10521567817367497
338,1,10,150,82,0.15896841246993118
339,1,10,150,82,0.3157965767041136
340,1,10,150,82,0.33716689361470614
341,1,10,150,82,0.0
342,1,10,150,82,0.0837441407258784
343,1,10,150,82,0.28114464883826357
344,1,10,150,82,0.23148267984720988
345,1,10,150,82,0.08831141803826889
346,1,10,150,82,0.11905023331895151
347,1,10,150,82,0.2558340591541125
348,1,10,150,82,0.18923084143550442
349,1,10,150,82,0.25859803951431987
350,1,10,150,82,0.057127212566552996
351,1,10,150,82,0.02907522751061953
352,1,10,150,82,0.14358039378320506
353,1,10,150,82,0.0
354,1,10,150,82,0.15826397898016284
355,1,10,150,82,0.0
356,1,10,150,82,0.0
357,1,10,150,82,0.06959508771708611
358,1,10,150,82,0.06323567569191428
359,1,10,150,82,0.23047812925238975
360,1,10,150,82,0.1692259700041561
361,1,10,150,82,0.15572261253779404
362,1,10,150,82,0.15042501043191572
363,1,10,150,82,0.11088922338878067
364,1,10,150,82,0.0
365,1,10,150,82,0.14456587527532935
366,1,10,150,82,0.13610100259425117
367,1,10,150,82,0.11436773481003104
368,1,10,150,82,0.042512356679180144
369,1,10,150,82,0.0
370,1,10,150,82,0.19811064503366002
371,1,10,150,82,0.1319132354603233
372,1,10,150,82,0.13916735218438364
373,1,10,150,82,0.14120481734031762
374,1,10,150,82,0.12217674620121698
375,1,10,150,82,0.04282650856324445
376,1,10,150,82,0.0
377,1,10,150,82,0.12130002016702163
378,1,10,150,82,0.18379658903769355
379,1,10,150,82,0.16280610571298024
380,1,10,150,82,0.08004581123522198
381,1,10,150,82,0.12363623275220936
382,1,10,150,82,0.0
383,1,10,150,82,0.11713125931833299
384,1,10,150,82,0.0561173220664886
385,1,10,150,82,0.11726655826671352
386,1,10,150,82,0.14606834984270645
387,1,10,150,82,0.13597636767590052
388,1,10,150,82,0.08659331667411305
389,1,10,150,82,0.1014822420242732
390,1,10,150,82,0.05307577057513386
391,1,10,150,82,0.08907375584162422
392,1,10,150,82,0.18499940411030946
393,1,10,150,82,0.2764089418289761
394,1,10,150,82,0.10657019454040408
395,1,10,150,82,0.1494624820736264
396,1,10,150,82,0.0
397,1,10,150,82,0.10540164605552274
398,1,10,150,82,0.1406230079272144
399,1,10,150,82,0.021885130174961232
400,1,10,150,82,0.0
401,1,10,150,82,0.016941778998402247
402,1,10,150,82,0.11288598947105788
403,1,10,150,82,0.09224219235917257
404,1,10,150,82,0.05446824630887794
405,1,10,150,82,0.2316342153458819
406,1,10,150,82,0.15003108558631417
407,1,10,150,82,0.06085119717627998
408,1,10,150,82,0.0
409,1,10,150,82,0.11976431141977988
410,1,10,150,82,0.0
411,1,10,150,82,0.0
412,1,10,150,82,0.15001451003751623
413,1,10,150,82,0.04935421935348238
414,1,10,150,82,0.1309019901681972
415,1,10,150,82,0.0
416,1,10,150,82,0.24701414829328688
417,1,10,150,82,0.12309745810327996
418,1,10,150,82,0.14436292983286242
419,1,10,150,82,0.0
420,1,10,150,82,0.25659417075978697
421,1,10,150,82,0.0
422,1,10,150,82,0.030480958763669998
423,1,10,150,82,0.0
424,1,10,150,82,0.0
425,1,10,150,82,0.03792725875617552
426,1,10,150,82,0.11229023146606223
427,1,10,150,82,0.0
428,1,10,150,82,0.04822019817866397
429,1,10,150,82,0.14062551472815982
430,1,10,150,82,0.0
431,1,10,150,82,0.0
432,1,10,150,82,0.0
433,1,10,150,82,0.20451415323992994
434,1,10,150,82,0.0
435,1,10,150,82,0.08127781909048552
436,1,10,150,82,0.09499424853799125
437,1,10,150,82,0.14945564650669343
438,1,10,150,82,0.0
439,1,10,150,82,0.18154179253735267
440,1,10,150,82,0.0
442,1,10,150,82,0.0733934381893728
444,1,10,150,82,0.0
445,1,10,150,82,0.0
446,1,10,150,82,0.0
447,1,10,150,82,0.0
448,1,10,150,82,0.0
449,1,10,150,82,0.08972920377238332
450,1,10,150,82,0.17556211942720856
451,1,10,150,82,0.05497526658285817
452,1,10,150,82,0.05780700008370542
453,1,10,150,82,0.1515771522786143
454,1,10,150,82,0.1059131727358383
455,1,10,150,82,0.0
456,1,10,150,82,0.0
457,1,10,150,82,0.14751814893861787
458,1,10,150,82,0.0
459,1,10,150,82,0.0
460,1,10,150,82,0.0
462,1,10,150,82,0.0
1,1,10,150,83,0.49960096501587886
2,1,10,150,83,0.1011519894320134
3,1,10,150,83,0.020132733082951743
4,1,10,150,83,0.11528901748471758
5,1,10,150,83,0.040295561306867594
6,1,10,150,83,0.17733415526176977
7,1,10,150,83,0.41541975729062924
8,1,10,150,83,0.21327391470391274
9,1,10,150,83,0.07291513481207902
10,1,10,150,83,0.30385512734978715
11,1,10,150,83,0.1709655603646959
12,1,10,150,83,0.12022816103951169
13,1,10,150,83,0.49569874135875713
14,1,10,150,83,0.33739980368853145
15,1,10,150,83,0.050262678017164185
16,1,10,150,83,0.26295695864001184
17,1,10,150,83,0.10122860821230018
18,1,10,150,83,0.2452947491218518
19,1,10,150,83,0.13886244387355454
20,1,10,150,83,0.05692185311373096
21,1,10,150,83,0.0807241948135169
22,1,10,150,83,0.12801304733456464
23,1,10,150,83,0.0
24,1,10,150,83,0.2080789650281721
25,1,10,150,83,0.17085280125179103
26,1,10,150,83,0.0
27,1,10,150,83,0.0
28,1,10,150,83,0.2629052193668776
29,1,10,150,83,0.0
30,1,10,150,83,0.0
31,1,10,150,83,0.06805887025963314
32,1,10,150,83,0.11469999139467348
33,1,10,150,83,0.0
34,1,10,150,83,0.0
35,1,10,150,83,0.0
36,1,10,150,83,0.0
37,1,10,150,83,0.15133867332691472
38,1,10,150,83,0.2375994139404883
39,1,10,150,83,0.0993029104208021
40,1,10,150,83,0.3197267407502473
41,1,10,150,83,0.0224586613737933
42,1,10,150,83,0.23537494731791775
43,1,10,150,83,0.278356557780054
44,1,10,150,83,0.07237002116518762
45,1,10,150,83,0.04094516368001556
46,1,10,150,83,0.02795730764456241
47,1,10,150,83,0.0
48,1,10,150,83,0.24592160725427623
49,1,10,150,83,0.09881423191232848
50,1,10,150,83,0.0
51,1,10,150,83,0.0
52,1,10,150,83,0.07095766703421214
53,1,10,150,83,0.1369821642818139
54,1,10,150,83,0.12836415432918194
55,1,10,150,83,0.0
56,1,10,150,83,0.1772373856698635
57,1,10,150,83,0.1943154106647398
58,1,10,150,83,0.1882685150564457
59,1,10,150,83,0.3126415129674021
60,1,10,150,83,0.2239885930522696
61,1,10,150,83,0.0
62,1,10,150,83,0.19148470450906963
63,1,10,150,83,0.04669856388131814
64,1,10,150,83,0.12693397310260435
65,1,10,150,83,0.2306157261998143
66,1,10,150,83,0.0
67,1,10,150,83,0.03314040476303028
68,1,10,150,83,0.0
69,1,10,150,83,0.2705442665348323
70,1,10,150,83,0.08382396164407196
71,1,10,150,83,0.0
72,1,10,150,83,0.23884724223409404
73,1,10,150,83,0.2411808659921475
74,1,10,150,83,0.03272011597426011
75,1,10,150,83,0.10310690100385646
76,1,10,150,83,0.1177548715386271
77,1,10,150,83,0.45927229869726693
78,1,10,150,83,0.05658242244874664
79,1,10,150,83,0.4102269223050506
80,1,10,150,83,0.1466914912588887
81,1,10,150,83,0.034380101046999886
82,1,10,150,83,0.1701963280120859
83,1,10,150,83,0.10057479033327138
84,1,10,150,83,0.05683844068224461
85,1,10,150,83,0.049796124541800685
86,1,10,150,83,0.0
87,1,10,150,83,0.15228730789258144
88,1,10,150,83,0.0
89,1,10,150,83,0.17107843556110094
90,1,10,150,83,0.28245078674176377
91,1,10,150,83,0.19137130431912536
92,1,10,150,83,0.2987088411226451
93,1,10,150,83,0.0
94,1,10,150,83,0.4147466958179506
95,1,10,150,83,0.24748145079341138
96,1,10,150,83,0.3781493395140278
97,1,10,150,83,0.17941974847965342
98,1,10,150,83,0.19533769320769842
99,1,10,150,83,0.16792576455798583
100,1,10,150,83,0.022805505402617214
101,1,10,150,83,0.04161098736885563
102,1,10,150,83,0.02843392816572829
103,1,10,150,83,0.15394621921377785
104,1,10,150,83,0.015190330175114026
105,1,10,150,83,0.05200670101006268
106,1,10,150,83,0.32566885821812863
107,1,10,150,83,0.0
108,1,10,150,83,0.06036985955798015
109,1,10,150,83,0.24777788520931537
110,1,10,150,83,0.05010738025702798
111,1,10,150,83,0.038281751104512325
112,1,10,150,83,0.0
113,1,10,150,83,0.02769198719673247
114,1,10,150,83,0.11938748599511304
115,1,10,150,83,0.341866508559041
116,1,10,150,83,0.0380545682064199
117,1,10,150,83,0.25596974895629354
118,1,10,150,83,0.12478478081707345
119,1,10,150,83,0.13447103054356552
120,1,10,150,83,0.12171775198765021
121,1,10,150,83,0.18136606922889512
122,1,10,150,83,0.125418998393806
123,1,10,150,83,0.045465875186671466
124,1,10,150,83,0.18978688349077963
125,1,10,150,83,0.2612198354784518
126,1,10,150,83,0.0
127,1,10,150,83,0.071512236588497
128,1,10,150,83,0.20599274447362576
129,1,10,150,83,0.03443731487202246
130,1,10,150,83,0.34133582256773515
131,1,10,150,83,0.25372733625822586
132,1,10,150,83,0.12238042572284785
133,1,10,150,83,0.0
134,1,10,150,83,0.030071530282993673
135,1,10,150,83,0.04046615435059731
136,1,10,150,83,0.35628796654787115
137,1,10,150,83,0.29533063600730286
138,1,10,150,83,0.0897467133453464
139,1,10,150,83,0.06016179456846956
140,1,10,150,83,0.039232819060514755
141,1,10,150,83,0.14439434970082324
142,1,10,150,83,0.04395738023645723
143,1,10,150,83,0.0
144,1,10,150,83,0.12249679510475685
145,1,10,150,83,0.2799674260983263
146,1,10,150,83,0.0
147,1,10,150,83,0.038800293177871176
148,1,10,150,83,0.2924190881243261
149,1,10,150,83,0.0
150,1,10,150,83,0.0
151,1,10,150,83,0.2670409592375433
152,1,10,150,83,0.20018926236683707
153,1,10,150,83,0.21315403751398063
154,1,10,150,83,0.14119390874852483
155,1,10,150,83,0.0
156,1,10,150,83,0.056765037818527084
157,1,10,150,83,0.07267844514201649
158,1,10,150,83,0.32696932621364294
159,1,10,150,83,0.06521625450990476
160,1,10,150,83,0.17465425782884814
161,1,10,150,83,0.13331237983363897
162,1,10,150,83,0.0475858026939827
163,1,10,150,83,0.08930748165857323
164,1,10,150,83,0.1392050781746783
165,1,10,150,83,0.16621229711010693
166,1,10,150,83,0.0
167,1,10,150,83,0.19520236775392877
168,1,10,150,83,0.044682472154713174
169,1,10,150,83,0.14269884249349324
170,1,10,150,83,0.0
171,1,10,150,83,0.0
172,1,10,150,83,0.0239003177617487
173,1,10,150,83,0.02795730764456241
174,1,10,150,83,0.12284146971025245
175,1,10,150,83,0.10467701423324277
176,1,10,150,83,0.12162507554983247
177,1,10,150,83,0.1655922659307943
178,1,10,150,83,0.24900761654967563
179,1,10,150,83,0.024952538365330408
180,1,10,150,83,0.16785636010946767
181,1,10,150,83,0.09387679961879446
182,1,10,150,83,0.04195229264874745
183,1,10,150,83,0.02831169742649504
184,1,10,150,83,0.12970953001254826
185,1,10,150,83,0.0208917977510647
186,1,10,150,83,0.08646583277053092
187,1,10,150,83,0.1913083732597066
188,1,10,150,83,0.1560309023521532
189,1,10,150,83,0.29865764672708445
190,1,10,150,83,0.05339229345473345
191,1,10,150,83,0.0
192,1,10,150,83,0.10363179610670267
193,1,10,150,83,0.015341597742551824
194,1,10,150,83,0.07843611575255859
195,1,10,150,83,0.1350818622660359
196,1,10,150,83,0.07706308624591164
197,1,10,150,83,0.16929397007809274
198,1,10,150,83,0.0331442821228196
199,1,10,150,83,0.049748115641606416
200,1,10,150,83,0.25332885721875753
201,1,10,150,83,0.11885598295698907
202,1,10,150,83,0.0
203,1,10,150,83,0.05370431689540528
204,1,10,150,83,0.027001973670935885
205,1,10,150,83,0.36484800394146205
206,1,10,150,83,0.03974771280526578
207,1,10,150,83,0.2078799055536368
208,1,10,150,83,0.047389964223811386
209,1,10,150,83,0.03243822298569767
210,1,10,150,83,0.13079738723900425
211,1,10,150,83,0.0
212,1,10,150,83,0.0874256646781203
213,1,10,150,83,0.2958934158860559
214,1,10,150,83,0.17169301418933652
215,1,10,150,83,0.255708749192597
216,1,10,150,83,0.18920848610998078
217,1,10,150,83,0.08016750925175155
218,1,10,150,83,0.06133198316402014
219,1,10,150,83,0.0
220,1,10,150,83,0.034616222155696735
221,1,10,150,83,0.06802289283215787
222,1,10,150,83,0.1676737854119506
223,1,10,150,83,0.10677939756546245
224,1,10,150,83,0.05553240885866685
225,1,10,150,83,0.19889742777798003
226,1,10,150,83,0.23814675809782818
227,1,10,150,83,0.10623119772529849
228,1,10,150,83,0.02917403367304273
229,1,10,150,83,0.0
230,1,10,150,83,0.25422798975444133
231,1,10,150,83,0.0
232,1,10,150,83,0.0914735250933564
233,1,10,150,83,0.14835547983755953
234,1,10,150,83,0.20623491694394622
235,1,10,150,83,0.23280252396956425
236,1,10,150,83,0.13123532326882845
237,1,10,150,83,0.24352191769087017
238,1,10,150,83,0.0
239,1,10,150,83,0.1780099357142763
240,1,10,150,83,0.0
241,1,10,150,83,0.047978870624887156
242,1,10,150,83,0.07484255566002171
243,1,10,150,83,0.12898989924507495
244,1,10,150,83,0.18436988976074795
245,1,10,150,83,0.18470089958507746
246,1,10,150,83,0.07178021473011964
247,1,10,150,83,0.08883649703748449
248,1,10,150,83,0.1352712391738193
249,1,10,150,83,0.31501726697818483
250,1,10,150,83,0.13537727623013396
251,1,10,150,83,0.1369922724163038
252,1,10,150,83,0.15744006533381547
253,1,10,150,83,0.2443190287228016
254,1,10,150,83,0.07352756868889418
255,1,10,150,83,0.09831516045677517
256,1,10,150,83,0.1858069140541923
257,1,10,150,83,0.2024772690671989
258,1,10,150,83,0.0
259,1,10,150,83,0.08642802717301845
260,1,10,150,83,0.0
261,1,10,150,83,0.0
262,1,10,150,83,0.0
263,1,10,150,83,0.24426482197007035
264,1,10,150,83,0.09800611806240321
265,1,10,150,83,0.33443049441002
266,1,10,150,83,0.10279639225640967
267,1,10,150,83,0.12488765669992676
268,1,10,150,83,0.15904735572363338
269,1,10,150,83,0.3331486868672328
270,1,10,150,83,0.10832567847977925
271,1,10,150,83,0.19643469871050645
272,1,10,150,83,0.23321348468935416
273,1,10,150,83,0.03860961209670539
274,1,10,150,83,0.2190414101098042
275,1,10,150,83,0.015522912158152052
276,1,10,150,83,0.367209949469735
277,1,10,150,83,0.09982873474912346
278,1,10,150,83,0.07867548793068165
279,1,10,150,83,0.16617951809467824
280,1,10,150,83,0.20066617023509178
281,1,10,150,83,0.049432410190049694
282,1,10,150,83,0.0
283,1,10,150,83,0.20644004022221485
284,1,10,150,83,0.07891945711936355
285,1,10,150,83,0.06473560181867054
286,1,10,150,83,0.2780219850217818
287,1,10,150,83,0.277373713129501
288,1,10,150,83,0.25730730990442935
289,1,10,150,83,0.0
290,1,10,150,83,0.10906936434592127
291,1,10,150,83,0.1376315828646206
292,1,10,150,83,0.1754735790019927
293,1,10,150,83,0.23204740384068528
294,1,10,150,83,0.010673514283348269
295,1,10,150,83,0.19602966782680134
296,1,10,150,83,0.2343183123375847
297,1,10,150,83,0.11726207120192346
298,1,10,150,83,0.265287510686088
299,1,10,150,83,0.11781652110975425
300,1,10,150,83,0.04336490181597879
301,1,10,150,83,0.29730829920164503
302,1,10,150,83,0.13927874459665815
303,1,10,150,83,0.2899353268991068
304,1,10,150,83,0.0
305,1,10,150,83,0.15771740238807774
306,1,10,150,83,0.08156911164475483
307,1,10,150,83,0.2598443836508552
308,1,10,150,83,0.3658363720835831
309,1,10,150,83,0.0
310,1,10,150,83,0.06900643972011666
311,1,10,150,83,0.28574317336294064
312,1,10,150,83,0.25137289919501177
313,1,10,150,83,0.27679530831735316
314,1,10,150,83,0.17439339635284204
315,1,10,150,83,0.286099807090925
316,1,10,150,83,0.15163097251042218
317,1,10,150,83,0.0
318,1,10,150,83,0.11181450241843982
319,1,10,150,83,0.06591877139737895
320,1,10,150,83,0.1924988394784141
321,1,10,150,83,0.15427224748816595
322,1,10,150,83,0.25443358806602195
323,1,10,150,83,0.20144166357013524
324,1,10,150,83,0.10121986794608845
325,1,10,150,83,0.0901883711443618
326,1,10,150,83,0.23923503217231218
327,1,10,150,83,0.013341326827292225
328,1,10,150,83,0.15191113531200257
329,1,10,150,83,0.04249704384086923
330,1,10,150,83,0.2554569375078683
331,1,10,150,83,0.09091966573968718
332,1,10,150,83,0.14215773650397753
333,1,10,150,83,0.1014371752449239
334,1,10,150,83,0.10208138581800164
335,1,10,150,83,0.08149421541954936
336,1,10,150,83,0.1252879373315154
337,1,10,150,83,0.10521567817367497
338,1,10,150,83,0.15896841246993118
339,1,10,150,83,0.3216334430808482
340,1,10,150,83,0.33716689361470614
341,1,10,150,83,0.0
342,1,10,150,83,0.0837441407258784
343,1,10,150,83,0.28990023182190544
344,1,10,150,83,0.23148267984720988
345,1,10,150,83,0.08755804275676814
346,1,10,150,83,0.11905023331895151
347,1,10,150,83,0.2558340591541125
348,1,10,150,83,0.18923084143550442
349,1,10,150,83,0.25859803951431987
350,1,10,150,83,0.057127212566552996
351,1,10,150,83,0.02907522751061953
352,1,10,150,83,0.14358039378320506
353,1,10,150,83,0.0
354,1,10,150,83,0.15826397898016284
355,1,10,150,83,0.0
356,1,10,150,83,0.0
357,1,10,150,83,0.06959508771708611
358,1,10,150,83,0.06323567569191428
359,1,10,150,83,0.23047812925238975
360,1,10,150,83,0.1692259700041561
361,1,10,150,83,0.15572261253779404
362,1,10,150,83,0.15042501043191572
363,1,10,150,83,0.10994323925964211
364,1,10,150,83,0.0
365,1,10,150,83,0.14456587527532935
366,1,10,150,83,0.13610100259425117
367,1,10,150,83,0.11436773481003104
368,1,10,150,83,0.042512356679180144
369,1,10,150,83,0.0
370,1,10,150,83,0.19811064503366002
371,1,10,150,83,0.1319132354603233
372,1,10,150,83,0.13916735218438364
373,1,10,150,83,0.14120481734031762
374,1,10,150,83,0.12217674620121698
375,1,10,150,83,0.04282650856324445
376,1,10,150,83,0.0
377,1,10,150,83,0.12130002016702163
378,1,10,150,83,0.18222863995385993
379,1,10,150,83,0.1735087666618494
380,1,10,150,83,0.08004581123522198
381,1,10,150,83,0.12363623275220936
382,1,10,150,83,0.0
383,1,10,150,83,0.11713125931833299
384,1,10,150,83,0.0561173220664886
385,1,10,150,83,0.11726655826671352
386,1,10,150,83,0.14606834984270645
387,1,10,150,83,0.1348163677964864
388,1,10,150,83,0.08659331667411305
389,1,10,150,83,0.1014822420242732
390,1,10,150,83,0.05307577057513386
391,1,10,150,83,0.08907375584162422
392,1,10,150,83,0.18499940411030946
393,1,10,150,83,0.2740509266483174
394,1,10,150,83,0.10657019454040408
395,1,10,150,83,0.1494624820736264
396,1,10,150,83,0.0
397,1,10,150,83,0.10540164605552274
398,1,10,150,83,0.1406230079272144
399,1,10,150,83,0.021885130174961232
400,1,10,150,83,0.0
401,1,10,150,83,0.016941778998402247
402,1,10,150,83,0.11288598947105788
403,1,10,150,83,0.09224219235917257
404,1,10,150,83,0.05446824630887794
405,1,10,150,83,0.2296581685778888
406,1,10,150,83,0.15003108558631417
407,1,10,150,83,0.06085119717627998
408,1,10,150,83,0.0
409,1,10,150,83,0.11976431141977988
410,1,10,150,83,0.0
411,1,10,150,83,0.0
412,1,10,150,83,0.15001451003751623
413,1,10,150,83,0.04935421935348238
414,1,10,150,83,0.1309019901681972
415,1,10,150,83,0.0
416,1,10,150,83,0.24701414829328688
417,1,10,150,83,0.12309745810327996
418,1,10,150,83,0.14436292983286242
419,1,10,150,83,0.0
420,1,10,150,83,0.25659417075978697
421,1,10,150,83,0.0
422,1,10,150,83,0.030480958763669998
423,1,10,150,83,0.0
424,1,10,150,83,0.0
425,1,10,150,83,0.03792725875617552
426,1,10,150,83,0.11229023146606223
427,1,10,150,83,0.0
428,1,10,150,83,0.04822019817866397
429,1,10,150,83,0.14062551472815982
430,1,10,150,83,0.0
431,1,10,150,83,0.0
432,1,10,150,83,0.0
433,1,10,150,83,0.20451415323992994
434,1,10,150,83,0.0
435,1,10,150,83,0.08127781909048552
436,1,10,150,83,0.09499424853799125
437,1,10,150,83,0.14945564650669343
438,1,10,150,83,0.0
439,1,10,150,83,0.18154179253735267
440,1,10,150,83,0.0
442,1,10,150,83,0.0733934381893728
444,1,10,150,83,0.0
445,1,10,150,83,0.0
446,1,10,150,83,0.0
447,1,10,150,83,0.0
448,1,10,150,83,0.0
449,1,10,150,83,0.08972920377238332
450,1,10,150,83,0.17556211942720856
451,1,10,150,83,0.05497526658285817
452,1,10,150,83,0.05780700008370542
453,1,10,150,83,0.1515771522786143
454,1,10,150,83,0.1059131727358383
455,1,10,150,83,0.0
456,1,10,150,83,0.0
457,1,10,150,83,0.14751814893861787
458,1,10,150,83,0.0
459,1,10,150,83,0.0
460,1,10,150,83,0.0
462,1,10,150,83,0.0
1,1,10,150,84,0.4953861363269411
2,1,10,150,84,0.1011519894320134
3,1,10,150,84,0.020132733082951743
4,1,10,150,84,0.11528901748471758
5,1,10,150,84,0.03995561222805098
6,1,10,150,84,0.1758380951308569
7,1,10,150,84,0.4119151141182037
8,1,10,150,84,0.21327391470391274
9,1,10,150,84,0.07291513481207902
10,1,10,150,84,0.3012916869289024
11,1,10,150,84,0.1709655603646959
12,1,10,150,84,0.12022816103951169
13,1,10,150,84,0.49151683335126795
14,1,10,150,84,0.34845820963737884
15,1,10,150,84,0.050262678017164185
16,1,10,150,84,0.2724526109908511
17,1,10,150,84,0.10122860821230018
18,1,10,150,84,0.2432253469023991
19,1,10,150,84,0.13886244387355454
20,1,10,150,84,0.05692185311373096
21,1,10,150,84,0.08004317400688056
22,1,10,150,84,0.12801304733456464
23,1,10,150,84,0.0
24,1,10,150,84,0.2080789650281721
25,1,10,150,84,0.17085280125179103
26,1,10,150,84,0.0
27,1,10,150,84,0.0
28,1,10,150,84,0.2629052193668776
29,1,10,150,84,0.0
30,1,10,150,84,0.0
31,1,10,150,84,0.06805887025963314
32,1,10,150,84,0.11469999139467348
33,1,10,150,84,0.0
34,1,10,150,84,0.0
35,1,10,150,84,0.0
36,1,10,150,84,0.0
37,1,10,150,84,0.15133867332691472
38,1,10,150,84,0.2375994139404883
39,1,10,150,84,0.0993029104208021
40,1,10,150,84,0.3197267407502473
41,1,10,150,84,0.0224586613737933
42,1,10,150,84,0.2333892324172645
43,1,10,150,84,0.2760082332417937
44,1,10,150,84,0.07237002116518762
45,1,10,150,84,0.04094516368001556
46,1,10,150,84,0.02795730764456241
47,1,10,150,84,0.0
48,1,10,150,84,0.24592160725427623
49,1,10,150,84,0.09798059649385767
50,1,10,150,84,0.0
51,1,10,150,84,0.0
52,1,10,150,84,0.07095766703421214
53,1,10,150,84,0.1369821642818139
54,1,10,150,84,0.12836415432918194
55,1,10,150,84,0.0
56,1,10,150,84,0.17574214192498816
57,1,10,150,84,0.1943154106647398
58,1,10,150,84,0.1882685150564457
59,1,10,150,84,0.3100039471689333
60,1,10,150,84,0.22209893787924265
61,1,10,150,84,0.0
62,1,10,150,84,0.18986926482305552
63,1,10,150,84,0.04669856388131814
64,1,10,150,84,0.12586310857491734
65,1,10,150,84,0.2306157261998143
66,1,10,150,84,0.0
67,1,10,150,84,0.03314040476303028
68,1,10,150,84,0.0
69,1,10,150,84,0.2705442665348323
70,1,10,150,84,0.08382396164407196
71,1,10,150,84,0.0
72,1,10,150,84,0.23884724223409404
73,1,10,150,84,0.2411808659921475
74,1,10,150,84,0.03272011597426011
75,1,10,150,84,0.10310690100385646
76,1,10,150,84,0.1177548715386271
77,1,10,150,84,0.45927229869726693
78,1,10,150,84,0.05658242244874664
79,1,10,150,84,0.4102269223050506
80,1,10,150,84,0.1466914912588887
81,1,10,150,84,0.034380101046999886
82,1,10,150,84,0.1701963280120859
83,1,10,150,84,0.10057479033327138
84,1,10,150,84,0.05683844068224461
85,1,10,150,84,0.04937602500434277
86,1,10,150,84,0.0
87,1,10,150,84,0.15100255273954374
88,1,10,150,84,0.0
89,1,10,150,84,0.17107843556110094
90,1,10,150,84,0.28006792169038347
91,1,10,150,84,0.2038089528349625
92,1,10,150,84,0.29618881678049225
93,1,10,150,84,0.0
94,1,10,150,84,0.4112477308547422
95,1,10,150,84,0.24539360070538993
96,1,10,150,84,0.3781493395140278
97,1,10,150,84,0.17941974847965342
98,1,10,150,84,0.19533769320769842
99,1,10,150,84,0.16792576455798583
100,1,10,150,84,0.022805505402617214
101,1,10,150,84,0.059024573601270836
102,1,10,150,84,0.028194048452589028
103,1,10,150,84,0.15394621921377785
104,1,10,150,84,0.015190330175114026
105,1,10,150,84,0.05200670101006268
106,1,10,150,84,0.32566885821812863
107,1,10,150,84,0.0
108,1,10,150,84,0.06036985955798015
109,1,10,150,84,0.2456875342848904
110,1,10,150,84,0.05010738025702798
111,1,10,150,84,0.038281751104512325
112,1,10,150,84,0.020842891117750385
113,1,10,150,84,0.02769198719673247
114,1,10,150,84,0.11938748599511304
115,1,10,150,84,0.35526584484273294
116,1,10,150,84,0.0380545682064199
117,1,10,150,84,0.25596974895629354
118,1,10,150,84,0.12478478081707345
119,1,10,150,84,0.13447103054356552
120,1,10,150,84,0.12171775198765021
121,1,10,150,84,0.18136606922889512
122,1,10,150,84,0.125418998393806
123,1,10,150,84,0.045465875186671466
124,1,10,150,84,0.18978688349077963
125,1,10,150,84,0.259016083016406
126,1,10,150,84,0.0
127,1,10,150,84,0.071512236588497
128,1,10,150,84,0.20599274447362576
129,1,10,150,84,0.03443731487202246
130,1,10,150,84,0.3384561803767419
131,1,10,150,84,0.25372733625822586
132,1,10,150,84,0.12238042572284785
133,1,10,150,84,0.0
134,1,10,150,84,0.030071530282993673
135,1,10,150,84,0.04046615435059731
136,1,10,150,84,0.35628796654787115
137,1,10,150,84,0.29533063600730286
138,1,10,150,84,0.0897467133453464
139,1,10,150,84,0.06016179456846956
140,1,10,150,84,0.039232819060514755
141,1,10,150,84,0.14439434970082324
142,1,10,150,84,0.04395738023645723
143,1,10,150,84,0.0
144,1,10,150,84,0.12146336434207998
145,1,10,150,84,0.27760551164636005
146,1,10,150,84,0.0
147,1,10,150,84,0.038800293177871176
148,1,10,150,84,0.2924190881243261
149,1,10,150,84,0.0
150,1,10,150,84,0.0
151,1,10,150,84,0.26478809750401944
152,1,10,150,84,0.2152831184598316
153,1,10,150,84,0.21315403751398063
154,1,10,150,84,0.14119390874852483
155,1,10,150,84,0.0
156,1,10,150,84,0.056765037818527084
157,1,10,150,84,0.07267844514201649
158,1,10,150,84,0.32696932621364294
159,1,10,150,84,0.06521625450990476
160,1,10,150,84,0.17465425782884814
161,1,10,150,84,0.13331237983363897
162,1,10,150,84,0.0475858026939827
163,1,10,150,84,0.08930748165857323
164,1,10,150,84,0.1392050781746783
165,1,10,150,84,0.16621229711010693
166,1,10,150,84,0.0
167,1,10,150,84,0.19520236775392877
168,1,10,150,84,0.044682472154713174
169,1,10,150,84,0.14269884249349324
170,1,10,150,84,0.0
171,1,10,150,84,0.0
172,1,10,150,84,0.0239003177617487
173,1,10,150,84,0.02795730764456241
174,1,10,150,84,0.12284146971025245
175,1,10,150,84,0.10467701423324277
176,1,10,150,84,0.12162507554983247
177,1,10,150,84,0.1655922659307943
178,1,10,150,84,0.24690689113181294
179,1,10,150,84,0.024952538365330408
180,1,10,150,84,0.16785636010946767
181,1,10,150,84,0.10152120851331564
182,1,10,150,84,0.04195229264874745
183,1,10,150,84,0.02831169742649504
184,1,10,150,84,0.1286152498037257
185,1,10,150,84,0.0208917977510647
186,1,10,150,84,0.08646583277053092
187,1,10,150,84,0.1913083732597066
188,1,10,150,84,0.1560309023521532
189,1,10,150,84,0.29865764672708445
190,1,10,150,84,0.05339229345473345
191,1,10,150,84,0.0
192,1,10,150,84,0.10363179610670267
193,1,10,150,84,0.015341597742551824
194,1,10,150,84,0.07777439807370619
195,1,10,150,84,0.1350818622660359
196,1,10,150,84,0.07706308624591164
197,1,10,150,84,0.16929397007809274
198,1,10,150,84,0.0331442821228196
199,1,10,150,84,0.049748115641606416
200,1,10,150,84,0.25119167612842974
201,1,10,150,84,0.11785326750626313
202,1,10,150,84,0.0
203,1,10,150,84,0.05370431689540528
204,1,10,150,84,0.027001973670935885
205,1,10,150,84,0.36484800394146205
206,1,10,150,84,0.03974771280526578
207,1,10,150,84,0.20612614955407968
208,1,10,150,84,0.047389964223811386
209,1,10,150,84,0.03243822298569767
210,1,10,150,84,0.13079738723900425
211,1,10,150,84,0.0
212,1,10,150,84,0.0874256646781203
213,1,10,150,84,0.2958934158860559
214,1,10,150,84,0.17169301418933652
215,1,10,150,84,0.255708749192597
216,1,10,150,84,0.18920848610998078
217,1,10,150,84,0.08016750925175155
218,1,10,150,84,0.06133198316402014
219,1,10,150,84,0.0
220,1,10,150,84,0.034616222155696735
221,1,10,150,84,0.06802289283215787
222,1,10,150,84,0.16625922393063997
223,1,10,150,84,0.10677939756546245
224,1,10,150,84,0.05553240885866685
225,1,10,150,84,0.19889742777798003
226,1,10,150,84,0.23814675809782818
227,1,10,150,84,0.10623119772529849
228,1,10,150,84,0.02917403367304273
229,1,10,150,84,0.0
230,1,10,150,84,0.25422798975444133
231,1,10,150,84,0.0
232,1,10,150,84,0.0914735250933564
233,1,10,150,84,0.14835547983755953
234,1,10,150,84,0.20449503871018737
235,1,10,150,84,0.23280252396956425
236,1,10,150,84,0.13123532326882845
237,1,10,150,84,0.24352191769087017
238,1,10,150,84,0.0
239,1,10,150,84,0.1780099357142763
240,1,10,150,84,0.0
241,1,10,150,84,0.047978870624887156
242,1,10,150,84,0.07484255566002171
243,1,10,150,84,0.12898989924507495
244,1,10,150,84,0.18281447342820506
245,1,10,150,84,0.18470089958507746
246,1,10,150,84,0.07117464882947531
247,1,10,150,84,0.08883649703748449
248,1,10,150,84,0.1352712391738193
249,1,10,150,84,0.31501726697818483
250,1,10,150,84,0.13537727623013396
251,1,10,150,84,0.1369922724163038
252,1,10,150,84,0.15744006533381547
253,1,10,150,84,0.2443190287228016
254,1,10,150,84,0.07352756868889418
255,1,10,150,84,0.09831516045677517
256,1,10,150,84,0.1842393744239722
257,1,10,150,84,0.2024772690671989
258,1,10,150,84,0.0
259,1,10,150,84,0.08642802717301845
260,1,10,150,84,0.0
261,1,10,150,84,0.0
262,1,10,150,84,0.0
263,1,10,150,84,0.25458460733580324
264,1,10,150,84,0.09800611806240321
265,1,10,150,84,0.33443049441002
266,1,10,150,84,0.10279639225640967
267,1,10,150,84,0.12488765669992676
268,1,10,150,84,0.1577055701692713
269,1,10,150,84,0.3303381145476911
270,1,10,150,84,0.10832567847977925
271,1,10,150,84,0.19477749894188395
272,1,10,150,84,0.23321348468935416
273,1,10,150,84,0.03860961209670539
274,1,10,150,84,0.2190414101098042
275,1,10,150,84,0.015522912158152052
276,1,10,150,84,0.36411202304791707
277,1,10,150,84,0.09982873474912346
278,1,10,150,84,0.07867548793068165
279,1,10,150,84,0.16477756283553047
280,1,10,150,84,0.20740966232907623
281,1,10,150,84,0.049432410190049694
282,1,10,150,84,0.0306359742689708
283,1,10,150,84,0.20644004022221485
284,1,10,150,84,0.07891945711936355
285,1,10,150,84,0.06473560181867054
286,1,10,150,84,0.2756764830698631
287,1,10,150,84,0.277373713129501
288,1,10,150,84,0.25730730990442935
289,1,10,150,84,0.0
290,1,10,150,84,0.10906936434592127
291,1,10,150,84,0.1364704691266932
292,1,10,150,84,0.1754735790019927
293,1,10,150,84,0.2300897613952385
294,1,10,150,84,0.020665272679455834
295,1,10,150,84,0.1943758850567599
296,1,10,150,84,0.2343183123375847
297,1,10,150,84,0.11627280261271963
298,1,10,150,84,0.265287510686088
299,1,10,150,84,0.11682257496477744
300,1,10,150,84,0.04336490181597879
301,1,10,150,84,0.29480009037763977
302,1,10,150,84,0.13927874459665815
303,1,10,150,84,0.2959257095539755
304,1,10,150,84,0.0
305,1,10,150,84,0.15638683683901222
306,1,10,150,84,0.08156911164475483
307,1,10,150,84,0.2598443836508552
308,1,10,150,84,0.37118642390411544
309,1,10,150,84,0.0
310,1,10,150,84,0.06900643972011666
311,1,10,150,84,0.28333253245330997
312,1,10,150,84,0.2492522193298019
313,1,10,150,84,0.2744601550887715
314,1,10,150,84,0.17292214561159117
315,1,10,150,84,0.286099807090925
316,1,10,150,84,0.15163097251042218
317,1,10,150,84,0.0
318,1,10,150,84,0.11181450241843982
319,1,10,150,84,0.06591877139737895
320,1,10,150,84,0.1924988394784141
321,1,10,150,84,0.15427224748816595
322,1,10,150,84,0.25443358806602195
323,1,10,150,84,0.20144166357013524
324,1,10,150,84,0.10121986794608845
325,1,10,150,84,0.0901883711443618
326,1,10,150,84,0.23923503217231218
327,1,10,150,84,0.013228774188290859
328,1,10,150,84,0.15062955369764003
329,1,10,150,84,0.04249704384086923
330,1,10,150,84,0.2554569375078683
331,1,10,150,84,0.09091966573968718
332,1,10,150,84,0.14215773650397753
333,1,10,150,84,0.1014371752449239
334,1,10,150,84,0.10122018741431447
335,1,10,150,84,0.08149421541954936
336,1,10,150,84,0.1252879373315154
337,1,10,150,84,0.10521567817367497
338,1,10,150,84,0.15896841246993118
339,1,10,150,84,0.31892001785122337
340,1,10,150,84,0.33716689361470614
341,1,10,150,84,0.0
342,1,10,150,84,0.0837441407258784
343,1,10,150,84,0.28990023182190544
344,1,10,150,84,0.23148267984720988
345,1,10,150,84,0.08681936894226353
346,1,10,150,84,0.11905023331895151
347,1,10,150,84,0.2558340591541125
348,1,10,150,84,0.18923084143550442
349,1,10,150,84,0.25859803951431987
350,1,10,150,84,0.057127212566552996
351,1,10,150,84,0.02907522751061953
352,1,10,150,84,0.14358039378320506
353,1,10,150,84,0.0
354,1,10,150,84,0.15826397898016284
355,1,10,150,84,0.0
356,1,10,150,84,0.0
357,1,10,150,84,0.06959508771708611
358,1,10,150,84,0.06323567569191428
359,1,10,150,84,0.23047812925238975
360,1,10,150,84,0.1692259700041561
361,1,10,150,84,0.15572261253779404
362,1,10,150,84,0.15042501043191572
363,1,10,150,84,0.10901571519256678
364,1,10,150,84,0.0
365,1,10,150,84,0.14456587527532935
366,1,10,150,84,0.13610100259425117
367,1,10,150,84,0.11436773481003104
368,1,10,150,84,0.042512356679180144
369,1,10,150,84,0.0
370,1,10,150,84,0.19811064503366002
371,1,10,150,84,0.1319132354603233
372,1,10,150,84,0.13916735218438364
373,1,10,150,84,0.14120481734031762
374,1,10,150,84,0.12217674620121698
375,1,10,150,84,0.04282650856324445
376,1,10,150,84,0.0
377,1,10,150,84,0.12130002016702163
378,1,10,150,84,0.18069128804021975
379,1,10,150,84,0.1735087666618494
380,1,10,150,84,0.08004581123522198
381,1,10,150,84,0.12363623275220936
382,1,10,150,84,0.0
383,1,10,150,84,0.11713125931833299
384,1,10,150,84,0.0561173220664886
385,1,10,150,84,0.11726655826671352
386,1,10,150,84,0.14606834984270645
387,1,10,150,84,0.13367900431139193
388,1,10,150,84,0.08659331667411305
389,1,10,150,84,0.1014822420242732
390,1,10,150,84,0.05307577057513386
391,1,10,150,84,0.08907375584162422
392,1,10,150,84,0.18499940411030946
393,1,10,150,84,0.2717389260943741
394,1,10,150,84,0.10657019454040408
395,1,10,150,84,0.1494624820736264
396,1,10,150,84,0.0
397,1,10,150,84,0.10540164605552274
398,1,10,150,84,0.1406230079272144
399,1,10,150,84,0.021885130174961232
400,1,10,150,84,0.0
401,1,10,150,84,0.016941778998402247
402,1,10,150,84,0.11288598947105788
403,1,10,150,84,0.09224219235917257
404,1,10,150,84,0.05446824630887794
405,1,10,150,84,0.22772068265341658
406,1,10,150,84,0.15003108558631417
407,1,10,150,84,0.07541018366439421
408,1,10,150,84,0.0
409,1,10,150,84,0.11976431141977988
410,1,10,150,84,0.0
411,1,10,150,84,0.0
412,1,10,150,84,0.15001451003751623
413,1,10,150,84,0.04935421935348238
414,1,10,150,84,0.1309019901681972
415,1,10,150,84,0.0
416,1,10,150,84,0.25606747681121805
417,1,10,150,84,0.12309745810327996
418,1,10,150,84,0.14436292983286242
419,1,10,150,84,0.0
420,1,10,150,84,0.25659417075978697
421,1,10,150,84,0.0
422,1,10,150,84,0.030480958763669998
423,1,10,150,84,0.0
424,1,10,150,84,0.0
425,1,10,150,84,0.03792725875617552
426,1,10,150,84,0.11229023146606223
427,1,10,150,84,0.0
428,1,10,150,84,0.04822019817866397
429,1,10,150,84,0.14062551472815982
430,1,10,150,84,0.0
431,1,10,150,84,0.0
432,1,10,150,84,0.0
433,1,10,150,84,0.20451415323992994
434,1,10,150,84,0.0
435,1,10,150,84,0.08127781909048552
436,1,10,150,84,0.09499424853799125
437,1,10,150,84,0.14945564650669343
438,1,10,150,84,0.0
439,1,10,150,84,0.18154179253735267
440,1,10,150,84,0.0
442,1,10,150,84,0.0733934381893728
444,1,10,150,84,0.0
445,1,10,150,84,0.0
446,1,10,150,84,0.0
447,1,10,150,84,0.0
448,1,10,150,84,0.0
449,1,10,150,84,0.08972920377238332
450,1,10,150,84,0.17556211942720856
451,1,10,150,84,0.05497526658285817
452,1,10,150,84,0.05780700008370542
453,1,10,150,84,0.1515771522786143
454,1,10,150,84,0.1059131727358383
455,1,10,150,84,0.0
456,1,10,150,84,0.0
457,1,10,150,84,0.14751814893861787
458,1,10,150,84,0.0
459,1,10,150,84,0.0
460,1,10,150,84,0.0
462,1,10,150,84,0.0
1,1,10,150,85,0.49125261972632855
2,1,10,150,85,0.1011519894320134
3,1,10,150,85,0.020132733082951743
4,1,10,150,85,0.11528901748471758
5,1,10,150,85,0.03995561222805098
6,1,10,150,85,0.174370896854715
7,1,10,150,85,0.4168221118319173
8,1,10,150,85,0.21327391470391274
9,1,10,150,85,0.07291513481207902
10,1,10,150,85,0.2987777001654027
11,1,10,150,85,0.1709655603646959
12,1,10,150,85,0.12022816103951169
13,1,10,150,85,0.49575963196097195
14,1,10,150,85,0.34845820963737884
15,1,10,150,85,0.050262678017164185
16,1,10,150,85,0.2724526109908511
17,1,10,150,85,0.10122860821230018
18,1,10,150,85,0.24119586740068108
19,1,10,150,85,0.13886244387355454
20,1,10,150,85,0.05692185311373096
21,1,10,150,85,0.08004317400688056
22,1,10,150,85,0.12801304733456464
23,1,10,150,85,0.0
24,1,10,150,85,0.2080789650281721
25,1,10,150,85,0.17085280125179103
26,1,10,150,85,0.0
27,1,10,150,85,0.0
28,1,10,150,85,0.2629052193668776
29,1,10,150,85,0.0
30,1,10,150,85,0.0
31,1,10,150,85,0.09711583757314435
32,1,10,150,85,0.11469999139467348
33,1,10,150,85,0.0
34,1,10,150,85,0.0
35,1,10,150,85,0.0
36,1,10,150,85,0.0
37,1,10,150,85,0.15133867332691472
38,1,10,150,85,0.2375994139404883
39,1,10,150,85,0.0993029104208021
40,1,10,150,85,0.3197267407502473
41,1,10,150,85,0.0224586613737933
42,1,10,150,85,0.2314418257462706
43,1,10,150,85,0.27370521236504924
44,1,10,150,85,0.07237002116518762
45,1,10,150,85,0.04094516368001556
46,1,10,150,85,0.02795730764456241
47,1,10,150,85,0.0
48,1,10,150,85,0.24592160725427623
49,1,10,150,85,0.09716304349338777
50,1,10,150,85,0.0
51,1,10,150,85,0.0
52,1,10,150,85,0.07095766703421214
53,1,10,150,85,0.1369821642818139
54,1,10,150,85,0.12836415432918194
55,1,10,150,85,0.0
56,1,10,150,85,0.17427574428523926
57,1,10,150,85,0.1943154106647398
58,1,10,150,85,0.1882685150564457
59,1,10,150,85,0.3074172650478323
60,1,10,150,85,0.22024573776042386
61,1,10,150,85,0.0
62,1,10,150,85,0.18828499005123542
63,1,10,150,85,0.04669856388131814
64,1,10,150,85,0.12481290306743867
65,1,10,150,85,0.2306157261998143
66,1,10,150,85,0.0
67,1,10,150,85,0.03314040476303028
68,1,10,150,85,0.0
69,1,10,150,85,0.2705442665348323
70,1,10,150,85,0.08382396164407196
71,1,10,150,85,0.0
72,1,10,150,85,0.23884724223409404
73,1,10,150,85,0.2411808659921475
74,1,10,150,85,0.03272011597426011
75,1,10,150,85,0.10310690100385646
76,1,10,150,85,0.1177548715386271
77,1,10,150,85,0.45927229869726693
78,1,10,150,85,0.05658242244874664
79,1,10,150,85,0.4102269223050506
80,1,10,150,85,0.1466914912588887
81,1,10,150,85,0.034380101046999886
82,1,10,150,85,0.1701963280120859
83,1,10,150,85,0.10057479033327138
84,1,10,150,85,0.05683844068224461
85,1,10,150,85,0.048964029988614245
86,1,10,150,85,0.0
87,1,10,150,85,0.14974258296503265
88,1,10,150,85,0.0
89,1,10,150,85,0.17107843556110094
90,1,10,150,85,0.2777310266529288
91,1,10,150,85,0.2038089528349625
92,1,10,150,85,0.2937174085167173
93,1,10,150,85,0.0
94,1,10,150,85,0.4078162676025481
95,1,10,150,85,0.24334602922969084
96,1,10,150,85,0.3781493395140278
97,1,10,150,85,0.17941974847965342
98,1,10,150,85,0.19533769320769842
99,1,10,150,85,0.16792576455798583
100,1,10,150,85,0.022805505402617214
101,1,10,150,85,0.059024573601270836
102,1,10,150,85,0.027958796476864906
103,1,10,150,85,0.15394621921377785
104,1,10,150,85,0.015190330175114026
105,1,10,150,85,0.05200670101006268
106,1,10,150,85,0.32566885821812863
107,1,10,150,85,0.0
108,1,10,150,85,0.06036985955798015
109,1,10,150,85,0.24363751021869423
110,1,10,150,85,0.05010738025702798
111,1,10,150,85,0.038281751104512325
112,1,10,150,85,0.041631053839379054
113,1,10,150,85,0.02769198719673247
114,1,10,150,85,0.11938748599511304
115,1,10,150,85,0.35526584484273294
116,1,10,150,85,0.0380545682064199
117,1,10,150,85,0.25596974895629354
118,1,10,150,85,0.12478478081707345
119,1,10,150,85,0.13447103054356552
120,1,10,150,85,0.12171775198765021
121,1,10,150,85,0.18136606922889512
122,1,10,150,85,0.125418998393806
123,1,10,150,85,0.045465875186671466
124,1,10,150,85,0.18978688349077963
125,1,10,150,85,0.2568548451446474
126,1,10,150,85,0.0
127,1,10,150,85,0.071512236588497
128,1,10,150,85,0.20599274447362576
129,1,10,150,85,0.03443731487202246
130,1,10,150,85,0.3356320919786688
131,1,10,150,85,0.25372733625822586
132,1,10,150,85,0.12238042572284785
133,1,10,150,85,0.0
134,1,10,150,85,0.030071530282993673
135,1,10,150,85,0.04046615435059731
136,1,10,150,85,0.35628796654787115
137,1,10,150,85,0.29533063600730286
138,1,10,150,85,0.10939704900525891
139,1,10,150,85,0.06016179456846956
140,1,10,150,85,0.039232819060514755
141,1,10,150,85,0.14439434970082324
142,1,10,150,85,0.04395738023645723
143,1,10,150,85,0.0
144,1,10,150,85,0.12044987043085173
145,1,10,150,85,0.275289163031278
146,1,10,150,85,0.0
147,1,10,150,85,0.038800293177871176
148,1,10,150,85,0.2924190881243261
149,1,10,150,85,0.0
150,1,10,150,85,0.0
151,1,10,150,85,0.262578697772342
152,1,10,150,85,0.2152831184598316
153,1,10,150,85,0.21315403751398063
154,1,10,150,85,0.14119390874852483
155,1,10,150,85,0.0
156,1,10,150,85,0.056765037818527084
157,1,10,150,85,0.07267844514201649
158,1,10,150,85,0.32696932621364294
159,1,10,150,85,0.06521625450990476
160,1,10,150,85,0.17465425782884814
161,1,10,150,85,0.13331237983363897
162,1,10,150,85,0.0475858026939827
163,1,10,150,85,0.08930748165857323
164,1,10,150,85,0.1392050781746783
165,1,10,150,85,0.16621229711010693
166,1,10,150,85,0.0
167,1,10,150,85,0.19520236775392877
168,1,10,150,85,0.044682472154713174
169,1,10,150,85,0.14269884249349324
170,1,10,150,85,0.0
171,1,10,150,85,0.0
172,1,10,150,85,0.0239003177617487
173,1,10,150,85,0.02795730764456241
174,1,10,150,85,0.13147479735579368
175,1,10,150,85,0.10467701423324277
176,1,10,150,85,0.12162507554983247
177,1,10,150,85,0.1655922659307943
178,1,10,150,85,0.24484669271595452
179,1,10,150,85,0.04779424843825288
180,1,10,150,85,0.16785636010946767
181,1,10,150,85,0.109018142172875
182,1,10,150,85,0.04195229264874745
183,1,10,150,85,0.02831169742649504
184,1,10,150,85,0.12754208034828346
185,1,10,150,85,0.0208917977510647
186,1,10,150,85,0.08646583277053092
187,1,10,150,85,0.1913083732597066
188,1,10,150,85,0.1560309023521532
189,1,10,150,85,0.3075237399249579
190,1,10,150,85,0.05339229345473345
191,1,10,150,85,0.0
192,1,10,150,85,0.10363179610670267
193,1,10,150,85,0.015341597742551824
194,1,10,150,85,0.0771254461915967
195,1,10,150,85,0.1350818622660359
196,1,10,150,85,0.07706308624591164
197,1,10,150,85,0.16929397007809274
198,1,10,150,85,0.04225822793149115
199,1,10,150,85,0.049748115641606416
200,1,10,150,85,0.24909572533959437
201,1,10,150,85,0.116869896350006
202,1,10,150,85,0.0
203,1,10,150,85,0.05370431689540528
204,1,10,150,85,0.027001973670935885
205,1,10,150,85,0.36484800394146205
206,1,10,150,85,0.03974771280526578
207,1,10,150,85,0.2127502564859796
208,1,10,150,85,0.047389964223811386
209,1,10,150,85,0.03243822298569767
210,1,10,150,85,0.13079738723900425
211,1,10,150,85,0.0
212,1,10,150,85,0.0874256646781203
213,1,10,150,85,0.2958934158860559
214,1,10,150,85,0.17169301418933652
215,1,10,150,85,0.255708749192597
216,1,10,150,85,0.18920848610998078
217,1,10,150,85,0.08016750925175155
218,1,10,150,85,0.06133198316402014
219,1,10,150,85,0.0
220,1,10,150,85,0.034616222155696735
221,1,10,150,85,0.06802289283215787
222,1,10,150,85,0.16487195203963026
223,1,10,150,85,0.10677939756546245
224,1,10,150,85,0.05553240885866685
225,1,10,150,85,0.19889742777798003
226,1,10,150,85,0.23814675809782818
227,1,10,150,85,0.10623119772529849
228,1,10,150,85,0.02917403367304273
229,1,10,150,85,0.0
230,1,10,150,85,0.25422798975444133
231,1,10,150,85,0.0
232,1,10,150,85,0.10424205663010026
233,1,10,150,85,0.14835547983755953
234,1,10,150,85,0.20278872604766748
235,1,10,150,85,0.23280252396956425
236,1,10,150,85,0.13123532326882845
237,1,10,150,85,0.24352191769087017
238,1,10,150,85,0.0
239,1,10,150,85,0.1780099357142763
240,1,10,150,85,0.0
241,1,10,150,85,0.047978870624887156
242,1,10,150,85,0.07484255566002171
243,1,10,150,85,0.12898989924507495
244,1,10,150,85,0.18128906404482859
245,1,10,150,85,0.18470089958507746
246,1,10,150,85,0.07117464882947531
247,1,10,150,85,0.08883649703748449
248,1,10,150,85,0.1352712391738193
249,1,10,150,85,0.31501726697818483
250,1,10,150,85,0.13537727623013396
251,1,10,150,85,0.1369922724163038
252,1,10,150,85,0.15744006533381547
253,1,10,150,85,0.2443190287228016
254,1,10,150,85,0.07352756868889418
255,1,10,150,85,0.09831516045677517
256,1,10,150,85,0.1827020756244649
257,1,10,150,85,0.2024772690671989
258,1,10,150,85,0.0
259,1,10,150,85,0.08642802717301845
260,1,10,150,85,0.0
261,1,10,150,85,0.0
262,1,10,150,85,0.0
263,1,10,150,85,0.25458460733580324
264,1,10,150,85,0.09800611806240321
265,1,10,150,85,0.33443049441002
266,1,10,150,85,0.10279639225640967
267,1,10,150,85,0.12488765669992676
268,1,10,150,85,0.16473369985033895
269,1,10,150,85,0.32758176353144713
270,1,10,150,85,0.10832567847977925
271,1,10,150,85,0.19315226971913738
272,1,10,150,85,0.23321348468935416
273,1,10,150,85,0.03860961209670539
274,1,10,150,85,0.2190414101098042
275,1,10,150,85,0.015522912158152052
276,1,10,150,85,0.3610738615383711
277,1,10,150,85,0.09982873474912346
278,1,10,150,85,0.07867548793068165
279,1,10,150,85,0.17174668360023615
280,1,10,150,85,0.20567902996071527
281,1,10,150,85,0.049432410190049694
282,1,10,150,85,0.0306359742689708
283,1,10,150,85,0.20644004022221485
284,1,10,150,85,0.07891945711936355
285,1,10,150,85,0.06473560181867054
286,1,10,150,85,0.2733762303263836
287,1,10,150,85,0.277373713129501
288,1,10,150,85,0.25730730990442935
289,1,10,150,85,0.0
290,1,10,150,85,0.10906936434592127
291,1,10,150,85,0.1353317554884571
292,1,10,150,85,0.18523409118499787
293,1,10,150,85,0.2281698856082211
294,1,10,150,85,0.020665272679455834
295,1,10,150,85,0.19275400691217126
296,1,10,150,85,0.2343183123375847
297,1,10,150,85,0.115302618902366
298,1,10,150,85,0.265287510686088
299,1,10,150,85,0.11584780393762757
300,1,10,150,85,0.04336490181597879
301,1,10,150,85,0.29234026968812044
302,1,10,150,85,0.13927874459665815
303,1,10,150,85,0.29345649666469487
304,1,10,150,85,0.0
305,1,10,150,85,0.15508194043843004
306,1,10,150,85,0.08156911164475483
307,1,10,150,85,0.2598443836508552
308,1,10,150,85,0.36808923338419935
309,1,10,150,85,0.0
310,1,10,150,85,0.06900643972011666
311,1,10,150,85,0.2809683974069137
312,1,10,150,85,0.2555164810575973
313,1,10,150,85,0.27217005142200795
314,1,10,150,85,0.17147927810464236
315,1,10,150,85,0.286099807090925
316,1,10,150,85,0.15163097251042218
317,1,10,150,85,0.0
318,1,10,150,85,0.11181450241843982
319,1,10,150,85,0.06591877139737895
320,1,10,150,85,0.1924988394784141
321,1,10,150,85,0.15427224748816595
322,1,10,150,85,0.25443358806602195
323,1,10,150,85,0.20144166357013524
324,1,10,150,85,0.10121986794608845
325,1,10,150,85,0.0901883711443618
326,1,10,150,85,0.23923503217231218
327,1,10,150,85,0.013118392904473569
328,1,10,150,85,0.14937269623818714
329,1,10,150,85,0.04249704384086923
330,1,10,150,85,0.2554569375078683
331,1,10,150,85,0.09091966573968718
332,1,10,150,85,0.14215773650397753
333,1,10,150,85,0.1014371752449239
334,1,10,150,85,0.10037560317120992
335,1,10,150,85,0.08149421541954936
336,1,10,150,85,0.1252879373315154
337,1,10,150,85,0.10521567817367497
338,1,10,150,85,0.15896841246993118
339,1,10,150,85,0.3162589397721516
340,1,10,150,85,0.33716689361470614
341,1,10,150,85,0.0
342,1,10,150,85,0.0837441407258784
343,1,10,150,85,0.28990023182190544
344,1,10,150,85,0.23148267984720988
345,1,10,150,85,0.08609494555520952
346,1,10,150,85,0.11905023331895151
347,1,10,150,85,0.2558340591541125
348,1,10,150,85,0.18923084143550442
349,1,10,150,85,0.25859803951431987
350,1,10,150,85,0.057127212566552996
351,1,10,150,85,0.02907522751061953
352,1,10,150,85,0.14358039378320506
353,1,10,150,85,0.0
354,1,10,150,85,0.15826397898016284
355,1,10,150,85,0.0
356,1,10,150,85,0.0
357,1,10,150,85,0.06959508771708611
358,1,10,150,85,0.06323567569191428
359,1,10,150,85,0.23047812925238975
360,1,10,150,85,0.1692259700041561
361,1,10,150,85,0.15572261253779404
362,1,10,150,85,0.15042501043191572
363,1,10,150,85,0.10810608483468626
364,1,10,150,85,0.0
365,1,10,150,85,0.14456587527532935
366,1,10,150,85,0.13610100259425117
367,1,10,150,85,0.11436773481003104
368,1,10,150,85,0.042512356679180144
369,1,10,150,85,0.0
370,1,10,150,85,0.19811064503366002
371,1,10,150,85,0.1319132354603233
372,1,10,150,85,0.13916735218438364
373,1,10,150,85,0.14120481734031762
374,1,10,150,85,0.12217674620121698
375,1,10,150,85,0.04282650856324445
376,1,10,150,85,0.0
377,1,10,150,85,0.12130002016702163
378,1,10,150,85,0.18752762421026783
379,1,10,150,85,0.1735087666618494
380,1,10,150,85,0.08004581123522198
381,1,10,150,85,0.13815699085947417
382,1,10,150,85,0.0
383,1,10,150,85,0.11713125931833299
384,1,10,150,85,0.0561173220664886
385,1,10,150,85,0.11726655826671352
386,1,10,150,85,0.14606834984270645
387,1,10,150,85,0.1325635827382904
388,1,10,150,85,0.08659331667411305
389,1,10,150,85,0.1014822420242732
390,1,10,150,85,0.05307577057513386
391,1,10,150,85,0.08907375584162422
392,1,10,150,85,0.18499940411030946
393,1,10,150,85,0.27781555807460806
394,1,10,150,85,0.10657019454040408
395,1,10,150,85,0.1494624820736264
396,1,10,150,85,0.0
397,1,10,150,85,0.10540164605552274
398,1,10,150,85,0.1406230079272144
399,1,10,150,85,0.021885130174961232
400,1,10,150,85,0.0
401,1,10,150,85,0.016941778998402247
402,1,10,150,85,0.11288598947105788
403,1,10,150,85,0.09224219235917257
404,1,10,150,85,0.05446824630887794
405,1,10,150,85,0.23416460416125434
406,1,10,150,85,0.15003108558631417
407,1,10,150,85,0.07541018366439421
408,1,10,150,85,0.0
409,1,10,150,85,0.11976431141977988
410,1,10,150,85,0.0
411,1,10,150,85,0.0
412,1,10,150,85,0.15001451003751623
413,1,10,150,85,0.04935421935348238
414,1,10,150,85,0.1309019901681972
415,1,10,150,85,0.0
416,1,10,150,85,0.25606747681121805
417,1,10,150,85,0.12309745810327996
418,1,10,150,85,0.14436292983286242
419,1,10,150,85,0.0
420,1,10,150,85,0.31734175351483307
421,1,10,150,85,0.0
422,1,10,150,85,0.030480958763669998
423,1,10,150,85,0.0
424,1,10,150,85,0.0
425,1,10,150,85,0.03792725875617552
426,1,10,150,85,0.11229023146606223
427,1,10,150,85,0.0
428,1,10,150,85,0.04822019817866397
429,1,10,150,85,0.14062551472815982
430,1,10,150,85,0.0
431,1,10,150,85,0.0
432,1,10,150,85,0.0
433,1,10,150,85,0.20451415323992994
434,1,10,150,85,0.0
435,1,10,150,85,0.08127781909048552
436,1,10,150,85,0.09499424853799125
437,1,10,150,85,0.14945564650669343
438,1,10,150,85,0.0
439,1,10,150,85,0.18154179253735267
440,1,10,150,85,0.0
442,1,10,150,85,0.0733934381893728
444,1,10,150,85,0.0
445,1,10,150,85,0.0
446,1,10,150,85,0.0
447,1,10,150,85,0.0
448,1,10,150,85,0.0
449,1,10,150,85,0.08972920377238332
450,1,10,150,85,0.17556211942720856
451,1,10,150,85,0.05497526658285817
452,1,10,150,85,0.05780700008370542
453,1,10,150,85,0.1515771522786143
454,1,10,150,85,0.1059131727358383
455,1,10,150,85,0.0
456,1,10,150,85,0.0
457,1,10,150,85,0.14751814893861787
458,1,10,150,85,0.0
459,1,10,150,85,0.0
460,1,10,150,85,0.0
462,1,10,150,85,0.0
1,1,10,150,86,0.48719794910325726
2,1,10,150,86,0.1011519894320134
3,1,10,150,86,0.020132733082951743
4,1,10,150,86,0.11528901748471758
5,1,10,150,86,0.03995561222805098
6,1,10,150,86,0.17293168508340825
7,1,10,150,86,0.4133817711517334
8,1,10,150,86,0.21327391470391274
9,1,10,150,86,0.07291513481207902
10,1,10,150,86,0.296311667181468
11,1,10,150,86,0.1709655603646959
12,1,10,150,86,0.12022816103951169
13,1,10,150,86,0.49166776163784454
14,1,10,150,86,0.34845820963737884
15,1,10,150,86,0.050262678017164185
16,1,10,150,86,0.2724526109908511
17,1,10,150,86,0.10122860821230018
18,1,10,150,86,0.24745883822581277
19,1,10,150,86,0.13886244387355454
20,1,10,150,86,0.05692185311373096
21,1,10,150,86,0.08843563049276622
22,1,10,150,86,0.12801304733456464
23,1,10,150,86,0.0
24,1,10,150,86,0.2080789650281721
25,1,10,150,86,0.17085280125179103
26,1,10,150,86,0.0
27,1,10,150,86,0.0
28,1,10,150,86,0.2629052193668776
29,1,10,150,86,0.0
30,1,10,150,86,0.0
31,1,10,150,86,0.09711583757314435
32,1,10,150,86,0.11469999139467348
33,1,10,150,86,0.0
34,1,10,150,86,0.0
35,1,10,150,86,0.0
36,1,10,150,86,0.0
37,1,10,150,86,0.15133867332691472
38,1,10,150,86,0.2375994139404883
39,1,10,150,86,0.0993029104208021
40,1,10,150,86,0.3197267407502473
41,1,10,150,86,0.0224586613737933
42,1,10,150,86,0.22953156545630782
43,1,10,150,86,0.27144612113704464
44,1,10,150,86,0.07237002116518762
45,1,10,150,86,0.04094516368001556
46,1,10,150,86,0.02795730764456241
47,1,10,150,86,0.0
48,1,10,150,86,0.24592160725427623
49,1,10,150,86,0.09636108514796396
50,1,10,150,86,0.0
51,1,10,150,86,0.0
52,1,10,150,86,0.07095766703421214
53,1,10,150,86,0.1369821642818139
54,1,10,150,86,0.12836415432918194
55,1,10,150,86,0.0
56,1,10,150,86,0.1728373178783513
57,1,10,150,86,0.1943154106647398
58,1,10,150,86,0.19744488788027742
59,1,10,150,86,0.3048799233552653
60,1,10,150,86,0.21842788705206256
61,1,10,150,86,0.0
62,1,10,150,86,0.18673093499428467
63,1,10,150,86,0.04669856388131814
64,1,10,150,86,0.12378273001364465
65,1,10,150,86,0.2306157261998143
66,1,10,150,86,0.0
67,1,10,150,86,0.03314040476303028
68,1,10,150,86,0.0
69,1,10,150,86,0.2705442665348323
70,1,10,150,86,0.08382396164407196
71,1,10,150,86,0.0
72,1,10,150,86,0.23884724223409404
73,1,10,150,86,0.2411808659921475
74,1,10,150,86,0.03272011597426011
75,1,10,150,86,0.10310690100385646
76,1,10,150,86,0.1177548715386271
77,1,10,150,86,0.45927229869726693
78,1,10,150,86,0.05658242244874664
79,1,10,150,86,0.4102269223050506
80,1,10,150,86,0.1466914912588887
81,1,10,150,86,0.034380101046999886
82,1,10,150,86,0.1701963280120859
83,1,10,150,86,0.10057479033327138
84,1,10,150,86,0.05683844068224461
85,1,10,150,86,0.04855989369292871
86,1,10,150,86,0.0
87,1,10,150,86,0.14850664685438278
88,1,10,150,86,0.0
89,1,10,150,86,0.17107843556110094
90,1,10,150,86,0.2836924458303322
91,1,10,150,86,0.2038089528349625
92,1,10,150,86,0.2912931418563974
93,1,10,150,86,0.0
94,1,10,150,86,0.40445025880491603
95,1,10,150,86,0.24133751475803603
96,1,10,150,86,0.3781493395140278
97,1,10,150,86,0.17941974847965342
98,1,10,150,86,0.19533769320769842
99,1,10,150,86,0.16792576455798583
100,1,10,150,86,0.022805505402617214
101,1,10,150,86,0.059024573601270836
102,1,10,150,86,0.0277280318841095
103,1,10,150,86,0.15394621921377785
104,1,10,150,86,0.015190330175114026
105,1,10,150,86,0.05200670101006268
106,1,10,150,86,0.32566885821812863
107,1,10,150,86,0.0
108,1,10,150,86,0.06036985955798015
109,1,10,150,86,0.24162658993920078
110,1,10,150,86,0.05010738025702798
111,1,10,150,86,0.038281751104512325
112,1,10,150,86,0.041631053839379054
113,1,10,150,86,0.02769198719673247
114,1,10,150,86,0.11938748599511304
115,1,10,150,86,0.35526584484273294
116,1,10,150,86,0.0380545682064199
117,1,10,150,86,0.25596974895629354
118,1,10,150,86,0.12478478081707345
119,1,10,150,86,0.13447103054356552
120,1,10,150,86,0.12171775198765021
121,1,10,150,86,0.18136606922889512
122,1,10,150,86,0.125418998393806
123,1,10,150,86,0.045465875186671466
124,1,10,150,86,0.18978688349077963
125,1,10,150,86,0.2547348324400196
126,1,10,150,86,0.0
127,1,10,150,86,0.071512236588497
128,1,10,150,86,0.20599274447362576
129,1,10,150,86,0.03443731487202246
130,1,10,150,86,0.33286187248495086
131,1,10,150,86,0.25372733625822586
132,1,10,150,86,0.12238042572284785
133,1,10,150,86,0.0
134,1,10,150,86,0.030071530282993673
135,1,10,150,86,0.04046615435059731
136,1,10,150,86,0.35628796654787115
137,1,10,150,86,0.29533063600730286
138,1,10,150,86,0.10939704900525891
139,1,10,150,86,0.06016179456846956
140,1,10,150,86,0.039232819060514755
141,1,10,150,86,0.14439434970082324
142,1,10,150,86,0.04395738023645723
143,1,10,150,86,0.0
144,1,10,150,86,0.11945570870717322
145,1,10,150,86,0.2730169982887986
146,1,10,150,86,0.0
147,1,10,150,86,0.038800293177871176
148,1,10,150,86,0.2924190881243261
149,1,10,150,86,0.0
150,1,10,150,86,0.0
151,1,10,150,86,0.2604114418853506
152,1,10,150,86,0.2152831184598316
153,1,10,150,86,0.21315403751398063
154,1,10,150,86,0.14119390874852483
155,1,10,150,86,0.0
156,1,10,150,86,0.056765037818527084
157,1,10,150,86,0.07267844514201649
158,1,10,150,86,0.32696932621364294
159,1,10,150,86,0.06521625450990476
160,1,10,150,86,0.17465425782884814
161,1,10,150,86,0.13331237983363897
162,1,10,150,86,0.0475858026939827
163,1,10,150,86,0.08930748165857323
164,1,10,150,86,0.1392050781746783
165,1,10,150,86,0.16621229711010693
166,1,10,150,86,0.0
167,1,10,150,86,0.21178167867122596
168,1,10,150,86,0.044682472154713174
169,1,10,150,86,0.14269884249349324
170,1,10,150,86,0.0
171,1,10,150,86,0.0
172,1,10,150,86,0.0239003177617487
173,1,10,150,86,0.02795730764456241
174,1,10,150,86,0.13147479735579368
175,1,10,150,86,0.10467701423324277
176,1,10,150,86,0.12162507554983247
177,1,10,150,86,0.1655922659307943
178,1,10,150,86,0.2428257921604224
179,1,10,150,86,0.04779424843825288
180,1,10,150,86,0.16785636010946767
181,1,10,150,86,0.11637207336744786
182,1,10,150,86,0.04195229264874745
183,1,10,150,86,0.02831169742649504
184,1,10,150,86,0.12648938137910204
185,1,10,150,86,0.0208917977510647
186,1,10,150,86,0.08646583277053092
187,1,10,150,86,0.1913083732597066
188,1,10,150,86,0.1560309023521532
189,1,10,150,86,0.3075237399249579
190,1,10,150,86,0.05339229345473345
191,1,10,150,86,0.0
192,1,10,150,86,0.10363179610670267
193,1,10,150,86,0.015341597742551824
194,1,10,150,86,0.07648887293293694
195,1,10,150,86,0.1350818622660359
196,1,10,150,86,0.07706308624591164
197,1,10,150,86,0.16929397007809274
198,1,10,150,86,0.04225822793149115
199,1,10,150,86,0.049748115641606416
200,1,10,150,86,0.2470397543802339
201,1,10,150,86,0.11590528279595362
202,1,10,150,86,0.0
203,1,10,150,86,0.05370431689540528
204,1,10,150,86,0.027001973670935885
205,1,10,150,86,0.36484800394146205
206,1,10,150,86,0.03974771280526578
207,1,10,150,86,0.21924800994289736
208,1,10,150,86,0.047389964223811386
209,1,10,150,86,0.03243822298569767
210,1,10,150,86,0.13079738723900425
211,1,10,150,86,0.0
212,1,10,150,86,0.0874256646781203
213,1,10,150,86,0.2958934158860559
214,1,10,150,86,0.17169301418933652
215,1,10,150,86,0.255708749192597
216,1,10,150,86,0.18920848610998078
217,1,10,150,86,0.08016750925175155
218,1,10,150,86,0.06133198316402014
219,1,10,150,86,0.0
220,1,10,150,86,0.034616222155696735
221,1,10,150,86,0.06802289283215787
222,1,10,150,86,0.16351114207412634
223,1,10,150,86,0.10677939756546245
224,1,10,150,86,0.06445620708058306
225,1,10,150,86,0.19889742777798003
226,1,10,150,86,0.23814675809782818
227,1,10,150,86,0.10623119772529849
228,1,10,150,86,0.02917403367304273
229,1,10,150,86,0.0
230,1,10,150,86,0.25422798975444133
231,1,10,150,86,0.0
232,1,10,150,86,0.10424205663010026
233,1,10,150,86,0.14835547983755953
234,1,10,150,86,0.20111496094763892
235,1,10,150,86,0.23280252396956425
236,1,10,150,86,0.13123532326882845
237,1,10,150,86,0.24352191769087017
238,1,10,150,86,0.0
239,1,10,150,86,0.1780099357142763
240,1,10,150,86,0.0
241,1,10,150,86,0.047978870624887156
242,1,10,150,86,0.07484255566002171
243,1,10,150,86,0.12898989924507495
244,1,10,150,86,0.17979275153116472
245,1,10,150,86,0.18470089958507746
246,1,10,150,86,0.07117464882947531
247,1,10,150,86,0.08883649703748449
248,1,10,150,86,0.1352712391738193
249,1,10,150,86,0.31501726697818483
250,1,10,150,86,0.13537727623013396
251,1,10,150,86,0.1369922724163038
252,1,10,150,86,0.15744006533381547
253,1,10,150,86,0.2443190287228016
254,1,10,150,86,0.07352756868889418
255,1,10,150,86,0.09831516045677517
256,1,10,150,86,0.18119410048283338
257,1,10,150,86,0.2024772690671989
258,1,10,150,86,0.0
259,1,10,150,86,0.08642802717301845
260,1,10,150,86,0.0
261,1,10,150,86,0.0
262,1,10,150,86,0.0
263,1,10,150,86,0.25458460733580324
264,1,10,150,86,0.09800611806240321
265,1,10,150,86,0.33443049441002
266,1,10,150,86,0.10279639225640967
267,1,10,150,86,0.12488765669992676
268,1,10,150,86,0.16337403098224187
269,1,10,150,86,0.3248779893429557
270,1,10,150,86,0.10832567847977925
271,1,10,150,86,0.1915580414089738
272,1,10,150,86,0.23321348468935416
273,1,10,150,86,0.03860961209670539
274,1,10,150,86,0.2190414101098042
275,1,10,150,86,0.015522912158152052
276,1,10,150,86,0.35809365233367696
277,1,10,150,86,0.09982873474912346
278,1,10,150,86,0.07867548793068165
279,1,10,150,86,0.17032913139869932
280,1,10,150,86,0.20398140904822404
281,1,10,150,86,0.08591349210019344
282,1,10,150,86,0.0306359742689708
283,1,10,150,86,0.20644004022221485
284,1,10,150,86,0.07891945711936355
285,1,10,150,86,0.06473560181867054
286,1,10,150,86,0.2711198544300721
287,1,10,150,86,0.277373713129501
288,1,10,150,86,0.25730730990442935
289,1,10,150,86,0.0
290,1,10,150,86,0.10906936434592127
291,1,10,150,86,0.14246850100174652
292,1,10,150,86,0.18523409118499787
293,1,10,150,86,0.2345403694797768
294,1,10,150,86,0.020665272679455834
295,1,10,150,86,0.1911630657590402
296,1,10,150,86,0.2343183123375847
297,1,10,150,86,0.11435094124640346
298,1,10,150,86,0.265287510686088
299,1,10,150,86,0.1148916264669916
300,1,10,150,86,0.04336490181597879
301,1,10,150,86,0.28992736957146453
302,1,10,150,86,0.13927874459665815
303,1,10,150,86,0.2910343835025531
304,1,10,150,86,0.0
305,1,10,150,86,0.15380193466784525
306,1,10,150,86,0.08156911164475483
307,1,10,150,86,0.2598443836508552
308,1,10,150,86,0.3650511211353462
309,1,10,150,86,0.0
310,1,10,150,86,0.06900643972011666
311,1,10,150,86,0.2786493577494522
312,1,10,150,86,0.25340751486005936
313,1,10,150,86,0.26992363101086514
314,1,10,150,86,0.17006393299811917
315,1,10,150,86,0.286099807090925
316,1,10,150,86,0.15163097251042218
317,1,10,150,86,0.0
318,1,10,150,86,0.11181450241843982
319,1,10,150,86,0.06591877139737895
320,1,10,150,86,0.1924988394784141
321,1,10,150,86,0.15427224748816595
322,1,10,150,86,0.25443358806602195
323,1,10,150,86,0.20144166357013524
324,1,10,150,86,0.10121986794608845
325,1,10,150,86,0.0901883711443618
326,1,10,150,86,0.23923503217231218
327,1,10,150,86,0.013010117120903584
328,1,10,150,86,0.14813981307582696
329,1,10,150,86,0.04249704384086923
330,1,10,150,86,0.2554569375078683
331,1,10,150,86,0.09091966573968718
332,1,10,150,86,0.14215773650397753
333,1,10,150,86,0.1014371752449239
334,1,10,150,86,0.09954712919853553
335,1,10,150,86,0.08149421541954936
336,1,10,150,86,0.1252879373315154
337,1,10,150,86,0.10521567817367497
338,1,10,150,86,0.15896841246993118
339,1,10,150,86,0.3136486212091846
340,1,10,150,86,0.33716689361470614
341,1,10,150,86,0.0
342,1,10,150,86,0.0837441407258784
343,1,10,150,86,0.28990023182190544
344,1,10,150,86,0.23148267984720988
345,1,10,150,86,0.08538434039501293
346,1,10,150,86,0.11905023331895151
347,1,10,150,86,0.2646772008433278
348,1,10,150,86,0.18923084143550442
349,1,10,150,86,0.25859803951431987
350,1,10,150,86,0.057127212566552996
351,1,10,150,86,0.02907522751061953
352,1,10,150,86,0.14358039378320506
353,1,10,150,86,0.0
354,1,10,150,86,0.15826397898016284
355,1,10,150,86,0.0
356,1,10,150,86,0.0
357,1,10,150,86,0.06959508771708611
358,1,10,150,86,0.06323567569191428
359,1,10,150,86,0.23047812925238975
360,1,10,150,86,0.1692259700041561
361,1,10,150,86,0.15572261253779404
362,1,10,150,86,0.15042501043191572
363,1,10,150,86,0.10721380548847403
364,1,10,150,86,0.0
365,1,10,150,86,0.14456587527532935
366,1,10,150,86,0.13610100259425117
367,1,10,150,86,0.11436773481003104
368,1,10,150,86,0.042512356679180144
369,1,10,150,86,0.0
370,1,10,150,86,0.19811064503366002
371,1,10,150,86,0.1319132354603233
372,1,10,150,86,0.13916735218438364
373,1,10,150,86,0.14120481734031762
374,1,10,150,86,0.12217674620121698
375,1,10,150,86,0.04282650856324445
376,1,10,150,86,0.0
377,1,10,150,86,0.12130002016702163
378,1,10,150,86,0.19423355867634098
379,1,10,150,86,0.1735087666618494
380,1,10,150,86,0.08004581123522198
381,1,10,150,86,0.13815699085947417
382,1,10,150,86,0.0
383,1,10,150,86,0.11713125931833299
384,1,10,150,86,0.0561173220664886
385,1,10,150,86,0.11726655826671352
386,1,10,150,86,0.14606834984270645
387,1,10,150,86,0.13146943760188895
388,1,10,150,86,0.08659331667411305
389,1,10,150,86,0.1014822420242732
390,1,10,150,86,0.05307577057513386
391,1,10,150,86,0.08907375584162422
392,1,10,150,86,0.18499940411030946
393,1,10,150,86,0.2755225411282866
394,1,10,150,86,0.10657019454040408
395,1,10,150,86,0.1494624820736264
396,1,10,150,86,0.0
397,1,10,150,86,0.10540164605552274
398,1,10,150,86,0.1406230079272144
399,1,10,150,86,0.03152175963521067
400,1,10,150,86,0.0
401,1,10,150,86,0.016941778998402247
402,1,10,150,86,0.11288598947105788
403,1,10,150,86,0.09224219235917257
404,1,10,150,86,0.05446824630887794
405,1,10,150,86,0.2322318707704692
406,1,10,150,86,0.15003108558631417
407,1,10,150,86,0.07541018366439421
408,1,10,150,86,0.0
409,1,10,150,86,0.11976431141977988
410,1,10,150,86,0.0
411,1,10,150,86,0.0
412,1,10,150,86,0.15001451003751623
413,1,10,150,86,0.04935421935348238
414,1,10,150,86,0.1309019901681972
415,1,10,150,86,0.0
416,1,10,150,86,0.25606747681121805
417,1,10,150,86,0.12309745810327996
418,1,10,150,86,0.14436292983286242
419,1,10,150,86,0.0
420,1,10,150,86,0.31734175351483307
421,1,10,150,86,0.0
422,1,10,150,86,0.030480958763669998
423,1,10,150,86,0.0
424,1,10,150,86,0.0
425,1,10,150,86,0.03792725875617552
426,1,10,150,86,0.11229023146606223
427,1,10,150,86,0.0
428,1,10,150,86,0.04822019817866397
429,1,10,150,86,0.14062551472815982
430,1,10,150,86,0.0
431,1,10,150,86,0.0
432,1,10,150,86,0.0
433,1,10,150,86,0.20451415323992994
434,1,10,150,86,0.0
435,1,10,150,86,0.08127781909048552
436,1,10,150,86,0.09499424853799125
437,1,10,150,86,0.14945564650669343
438,1,10,150,86,0.0
439,1,10,150,86,0.18154179253735267
440,1,10,150,86,0.0
442,1,10,150,86,0.0733934381893728
444,1,10,150,86,0.0
445,1,10,150,86,0.0
446,1,10,150,86,0.0
447,1,10,150,86,0.0
448,1,10,150,86,0.0
449,1,10,150,86,0.08972920377238332
450,1,10,150,86,0.17556211942720856
451,1,10,150,86,0.05497526658285817
452,1,10,150,86,0.05780700008370542
453,1,10,150,86,0.1515771522786143
454,1,10,150,86,0.1059131727358383
455,1,10,150,86,0.0
456,1,10,150,86,0.0
457,1,10,150,86,0.14751814893861787
458,1,10,150,86,0.0
459,1,10,150,86,0.0
460,1,10,150,86,0.0
462,1,10,150,86,0.0
1,1,10,150,87,0.4832197601763967
2,1,10,150,87,0.1011519894320134
3,1,10,150,87,0.020132733082951743
4,1,10,150,87,0.11528901748471758
5,1,10,150,87,0.03995561222805098
6,1,10,150,87,0.17151962061152692
7,1,10,150,87,0.4100063242977621
8,1,10,150,87,0.21327391470391274
9,1,10,150,87,0.07291513481207902
10,1,10,150,87,0.29389215003150754
11,1,10,150,87,0.1709655603646959
12,1,10,150,87,0.12022816103951169
13,1,10,150,87,0.4876530746945966
14,1,10,150,87,0.34845820963737884
15,1,10,150,87,0.050262678017164185
16,1,10,150,87,0.2818747013082998
17,1,10,150,87,0.10122860821230018
18,1,10,150,87,0.245438226250956
19,1,10,150,87,0.13886244387355454
20,1,10,150,87,0.05692185311373096
21,1,10,150,87,0.09680666468313012
22,1,10,150,87,0.12801304733456464
23,1,10,150,87,0.0
24,1,10,150,87,0.2080789650281721
25,1,10,150,87,0.17085280125179103
26,1,10,150,87,0.0
27,1,10,150,87,0.0
28,1,10,150,87,0.2629052193668776
29,1,10,150,87,0.0
30,1,10,150,87,0.0
31,1,10,150,87,0.09711583757314435
32,1,10,150,87,0.11469999139467348
33,1,10,150,87,0.0
34,1,10,150,87,0.0
35,1,10,150,87,0.0
36,1,10,150,87,0.0
37,1,10,150,87,0.15133867332691472
38,1,10,150,87,0.2375994139404883
39,1,10,150,87,0.0993029104208021
40,1,10,150,87,0.3197267407502473
41,1,10,150,87,0.0224586613737933
42,1,10,150,87,0.22765733767323945
43,1,10,150,87,0.26922964228007434
44,1,10,150,87,0.07237002116518762
45,1,10,150,87,0.04094516368001556
46,1,10,150,87,0.02795730764456241
47,1,10,150,87,0.0
48,1,10,150,87,0.24592160725427623
49,1,10,150,87,0.09557425383510337
50,1,10,150,87,0.0
51,1,10,150,87,0.0
52,1,10,150,87,0.07095766703421214
53,1,10,150,87,0.1369821642818139
54,1,10,150,87,0.12836415432918194
55,1,10,150,87,0.0
56,1,10,150,87,0.17142602395686107
57,1,10,150,87,0.1943154106647398
58,1,10,150,87,0.19744488788027742
59,1,10,150,87,0.30239044256548275
60,1,10,150,87,0.21664432576411488
61,1,10,150,87,0.0
62,1,10,150,87,0.18520619348159176
63,1,10,150,87,0.04669856388131814
64,1,10,150,87,0.12277198871889325
65,1,10,150,87,0.2306157261998143
66,1,10,150,87,0.0
67,1,10,150,87,0.03314040476303028
68,1,10,150,87,0.0
69,1,10,150,87,0.2705442665348323
70,1,10,150,87,0.08382396164407196
71,1,10,150,87,0.0
72,1,10,150,87,0.23884724223409404
73,1,10,150,87,0.2411808659921475
74,1,10,150,87,0.03272011597426011
75,1,10,150,87,0.10310690100385646
76,1,10,150,87,0.1177548715386271
77,1,10,150,87,0.45927229869726693
78,1,10,150,87,0.05658242244874664
79,1,10,150,87,0.4102269223050506
80,1,10,150,87,0.1466914912588887
81,1,10,150,87,0.034380101046999886
82,1,10,150,87,0.1701963280120859
83,1,10,150,87,0.10057479033327138
84,1,10,150,87,0.05683844068224461
85,1,10,150,87,0.04816338046512406
86,1,10,150,87,0.0
87,1,10,150,87,0.14729402373236694
88,1,10,150,87,0.0
89,1,10,150,87,0.17107843556110094
90,1,10,150,87,0.28954141704515224
91,1,10,150,87,0.2038089528349625
92,1,10,150,87,0.2889146032079148
93,1,10,150,87,0.0
94,1,10,150,87,0.4011477417397167
95,1,10,150,87,0.2393668861242053
96,1,10,150,87,0.3781493395140278
97,1,10,150,87,0.17941974847965342
98,1,10,150,87,0.19533769320769842
99,1,10,150,87,0.16792576455798583
100,1,10,150,87,0.022805505402617214
101,1,10,150,87,0.059024573601270836
102,1,10,150,87,0.027501620115324275
103,1,10,150,87,0.15394621921377785
104,1,10,150,87,0.015190330175114026
105,1,10,150,87,0.05200670101006268
106,1,10,150,87,0.32566885821812863
107,1,10,150,87,0.0
108,1,10,150,87,0.06036985955798015
109,1,10,150,87,0.23965360087736157
110,1,10,150,87,0.05010738025702798
111,1,10,150,87,0.038281751104512325
112,1,10,150,87,0.041631053839379054
113,1,10,150,87,0.02769198719673247
114,1,10,150,87,0.11938748599511304
115,1,10,150,87,0.35526584484273294
116,1,10,150,87,0.0380545682064199
117,1,10,150,87,0.25596974895629354
118,1,10,150,87,0.12478478081707345
119,1,10,150,87,0.13447103054356552
120,1,10,150,87,0.12171775198765021
121,1,10,150,87,0.18136606922889512
122,1,10,150,87,0.125418998393806
123,1,10,150,87,0.045465875186671466
124,1,10,150,87,0.18978688349077963
125,1,10,150,87,0.25265480872160323
126,1,10,150,87,0.0
127,1,10,150,87,0.071512236588497
128,1,10,150,87,0.20599274447362576
129,1,10,150,87,0.03443731487202246
130,1,10,150,87,0.3383093533630043
131,1,10,150,87,0.25372733625822586
132,1,10,150,87,0.12238042572284785
133,1,10,150,87,0.0
134,1,10,150,87,0.030071530282993673
135,1,10,150,87,0.04046615435059731
136,1,10,150,87,0.35628796654787115
137,1,10,150,87,0.29533063600730286
138,1,10,150,87,0.12894648724143637
139,1,10,150,87,0.06016179456846956
140,1,10,150,87,0.039232819060514755
141,1,10,150,87,0.14439434970082324
142,1,10,150,87,0.04395738023645723
143,1,10,150,87,0.0
144,1,10,150,87,0.11848029947463468
145,1,10,150,87,0.27078769251804086
146,1,10,150,87,0.0
147,1,10,150,87,0.038800293177871176
148,1,10,150,87,0.2924190881243261
149,1,10,150,87,0.0
150,1,10,150,87,0.0
151,1,10,150,87,0.2582850661145927
152,1,10,150,87,0.2152831184598316
153,1,10,150,87,0.21315403751398063
154,1,10,150,87,0.14119390874852483
155,1,10,150,87,0.0
156,1,10,150,87,0.056765037818527084
157,1,10,150,87,0.07267844514201649
158,1,10,150,87,0.32696932621364294
159,1,10,150,87,0.06521625450990476
160,1,10,150,87,0.17465425782884814
161,1,10,150,87,0.13331237983363897
162,1,10,150,87,0.0475858026939827
163,1,10,150,87,0.08930748165857323
164,1,10,150,87,0.1392050781746783
165,1,10,150,87,0.16621229711010693
166,1,10,150,87,0.0
167,1,10,150,87,0.21178167867122596
168,1,10,150,87,0.044682472154713174
169,1,10,150,87,0.14269884249349324
170,1,10,150,87,0.0
171,1,10,150,87,0.0
172,1,10,150,87,0.0239003177617487
173,1,10,150,87,0.02795730764456241
174,1,10,150,87,0.14006379596122223
175,1,10,150,87,0.10467701423324277
176,1,10,150,87,0.12162507554983247
177,1,10,150,87,0.1655922659307943
178,1,10,150,87,0.24084301107666212
179,1,10,150,87,0.04779424843825288
180,1,10,150,87,0.16785636010946767
181,1,10,150,87,0.12358729017955586
182,1,10,150,87,0.04195229264874745
183,1,10,150,87,0.02831169742649504
184,1,10,150,87,0.12545653906666213
185,1,10,150,87,0.0208917977510647
186,1,10,150,87,0.08646583277053092
187,1,10,150,87,0.1913083732597066
188,1,10,150,87,0.1560309023521532
189,1,10,150,87,0.3075237399249579
190,1,10,150,87,0.05339229345473345
191,1,10,150,87,0.0
192,1,10,150,87,0.10363179610670267
193,1,10,150,87,0.015341597742551824
194,1,10,150,87,0.07586430711140602
195,1,10,150,87,0.1350818622660359
196,1,10,150,87,0.07706308624591164
197,1,10,150,87,0.16929397007809274
198,1,10,150,87,0.04225822793149115
199,1,10,150,87,0.049748115641606416
200,1,10,150,87,0.24502256441221637
201,1,10,150,87,0.12312431116163261
202,1,10,150,87,0.0
203,1,10,150,87,0.05370431689540528
204,1,10,150,87,0.027001973670935885
205,1,10,150,87,0.36484800394146205
206,1,10,150,87,0.03974771280526578
207,1,10,150,87,0.2256231987695055
208,1,10,150,87,0.047389964223811386
209,1,10,150,87,0.03243822298569767
210,1,10,150,87,0.13079738723900425
211,1,10,150,87,0.0
212,1,10,150,87,0.0874256646781203
213,1,10,150,87,0.2958934158860559
214,1,10,150,87,0.17169301418933652
215,1,10,150,87,0.255708749192597
216,1,10,150,87,0.18920848610998078
217,1,10,150,87,0.08016750925175155
218,1,10,150,87,0.06133198316402014
219,1,10,150,87,0.0
220,1,10,150,87,0.034616222155696735
221,1,10,150,87,0.06802289283215787
222,1,10,150,87,0.16217600054486722
223,1,10,150,87,0.10677939756546245
224,1,10,150,87,0.06445620708058306
225,1,10,150,87,0.19889742777798003
226,1,10,150,87,0.23814675809782818
227,1,10,150,87,0.10623119772529849
228,1,10,150,87,0.02917403367304273
229,1,10,150,87,0.0
230,1,10,150,87,0.25422798975444133
231,1,10,150,87,0.0
232,1,10,150,87,0.10424205663010026
233,1,10,150,87,0.14835547983755953
234,1,10,150,87,0.19947276743647877
235,1,10,150,87,0.23280252396956425
236,1,10,150,87,0.13123532326882845
237,1,10,150,87,0.24352191769087017
238,1,10,150,87,0.0
239,1,10,150,87,0.1780099357142763
240,1,10,150,87,0.0
241,1,10,150,87,0.047978870624887156
242,1,10,150,87,0.07484255566002171
243,1,10,150,87,0.12898989924507495
244,1,10,150,87,0.17832466338632016
245,1,10,150,87,0.18470089958507746
246,1,10,150,87,0.07117464882947531
247,1,10,150,87,0.08883649703748449
248,1,10,150,87,0.1352712391738193
249,1,10,150,87,0.31501726697818483
250,1,10,150,87,0.13537727623013396
251,1,10,150,87,0.1369922724163038
252,1,10,150,87,0.15744006533381547
253,1,10,150,87,0.2443190287228016
254,1,10,150,87,0.07352756868889418
255,1,10,150,87,0.09831516045677517
256,1,10,150,87,0.1797145696976976
257,1,10,150,87,0.2024772690671989
258,1,10,150,87,0.0
259,1,10,150,87,0.08642802717301845
260,1,10,150,87,0.0
261,1,10,150,87,0.0
262,1,10,150,87,0.0
263,1,10,150,87,0.25458460733580324
264,1,10,150,87,0.10897885545498918
265,1,10,150,87,0.33443049441002
266,1,10,150,87,0.10279639225640967
267,1,10,150,87,0.12488765669992676
268,1,10,150,87,0.1620400090263071
269,1,10,150,87,0.3222252154095602
270,1,10,150,87,0.10832567847977925
271,1,10,150,87,0.18999388441572923
272,1,10,150,87,0.23321348468935416
273,1,10,150,87,0.03860961209670539
274,1,10,150,87,0.2190414101098042
275,1,10,150,87,0.015522912158152052
276,1,10,150,87,0.35516965767172287
277,1,10,150,87,0.09982873474912346
278,1,10,150,87,0.07867548793068165
279,1,10,150,87,0.16893831794043396
280,1,10,150,87,0.2023158097076384
281,1,10,150,87,0.08591349210019344
282,1,10,150,87,0.0306359742689708
283,1,10,150,87,0.20644004022221485
284,1,10,150,87,0.07891945711936355
285,1,10,150,87,0.06473560181867054
286,1,10,150,87,0.26890603968653515
287,1,10,150,87,0.277373713129501
288,1,10,150,87,0.25730730990442935
289,1,10,150,87,0.0
290,1,10,150,87,0.10906936434592127
291,1,10,150,87,0.14130518203836667
292,1,10,150,87,0.18523409118499787
293,1,10,150,87,0.23262524257400138
294,1,10,150,87,0.020665272679455834
295,1,10,150,87,0.18960213391844627
296,1,10,150,87,0.2343183123375847
297,1,10,150,87,0.11341721472091246
298,1,10,150,87,0.265287510686088
299,1,10,150,87,0.11395348500510477
300,1,10,150,87,0.04336490181597879
301,1,10,150,87,0.2875599830638942
302,1,10,150,87,0.13927874459665815
303,1,10,150,87,0.2886579577316389
304,1,10,150,87,0.0
305,1,10,150,87,0.15254607315498064
306,1,10,150,87,0.08156911164475483
307,1,10,150,87,0.2598443836508552
308,1,10,150,87,0.36207031563213815
309,1,10,150,87,0.0
310,1,10,150,87,0.06900643972011666
311,1,10,150,87,0.276374061247248
312,1,10,150,87,0.25133832928270816
313,1,10,150,87,0.26771958396599993
314,1,10,150,87,0.16867528500328105
315,1,10,150,87,0.286099807090925
316,1,10,150,87,0.15163097251042218
317,1,10,150,87,0.0
318,1,10,150,87,0.11181450241843982
319,1,10,150,87,0.06591877139737895
320,1,10,150,87,0.1924988394784141
321,1,10,150,87,0.15427224748816595
322,1,10,150,87,0.25443358806602195
323,1,10,150,87,0.20144166357013524
324,1,10,150,87,0.10121986794608845
325,1,10,150,87,0.0901883711443618
326,1,10,150,87,0.23923503217231218
327,1,10,150,87,0.012903883701894325
328,1,10,150,87,0.14693018531550864
329,1,10,150,87,0.04249704384086923
330,1,10,150,87,0.2554569375078683
331,1,10,150,87,0.09091966573968718
332,1,10,150,87,0.14215773650397753
333,1,10,150,87,0.1014371752449239
334,1,10,150,87,0.09873428241252732
335,1,10,150,87,0.08149421541954936
336,1,10,150,87,0.1252879373315154
337,1,10,150,87,0.10521567817367497
338,1,10,150,87,0.15896841246993118
339,1,10,150,87,0.31108754008370754
340,1,10,150,87,0.33716689361470614
341,1,10,150,87,0.0
342,1,10,150,87,0.09298480097837011
343,1,10,150,87,0.28990023182190544
344,1,10,150,87,0.23148267984720988
345,1,10,150,87,0.08468713910729826
346,1,10,150,87,0.11905023331895151
347,1,10,150,87,0.2646772008433278
348,1,10,150,87,0.18923084143550442
349,1,10,150,87,0.28750580972533735
350,1,10,150,87,0.057127212566552996
351,1,10,150,87,0.02907522751061953
352,1,10,150,87,0.14358039378320506
353,1,10,150,87,0.0
354,1,10,150,87,0.15826397898016284
355,1,10,150,87,0.0
356,1,10,150,87,0.0
357,1,10,150,87,0.06959508771708611
358,1,10,150,87,0.06323567569191428
359,1,10,150,87,0.23047812925238975
360,1,10,150,87,0.1692259700041561
361,1,10,150,87,0.15572261253779404
362,1,10,150,87,0.15042501043191572
363,1,10,150,87,0.10633835686520728
364,1,10,150,87,0.0
365,1,10,150,87,0.14456587527532935
366,1,10,150,87,0.13610100259425117
367,1,10,150,87,0.11436773481003104
368,1,10,150,87,0.042512356679180144
369,1,10,150,87,0.0
370,1,10,150,87,0.19811064503366002
371,1,10,150,87,0.1319132354603233
372,1,10,150,87,0.15984877514852935
373,1,10,150,87,0.14120481734031762
374,1,10,150,87,0.12217674620121698
375,1,10,150,87,0.04282650856324445
376,1,10,150,87,0.0
377,1,10,150,87,0.12130002016702163
378,1,10,150,87,0.19264755488922902
379,1,10,150,87,0.1735087666618494
380,1,10,150,87,0.08004581123522198
381,1,10,150,87,0.13815699085947417
382,1,10,150,87,0.0
383,1,10,150,87,0.11713125931833299
384,1,10,150,87,0.0561173220664886
385,1,10,150,87,0.1260083426369828
386,1,10,150,87,0.14606834984270645
387,1,10,150,87,0.13039593090537865
388,1,10,150,87,0.08659331667411305
389,1,10,150,87,0.1014822420242732
390,1,10,150,87,0.05307577057513386
391,1,10,150,87,0.08907375584162422
392,1,10,150,87,0.18499940411030946
393,1,10,150,87,0.2732727764808071
394,1,10,150,87,0.10657019454040408
395,1,10,150,87,0.1494624820736264
396,1,10,150,87,0.0
397,1,10,150,87,0.10540164605552274
398,1,10,150,87,0.1406230079272144
399,1,10,150,87,0.03152175963521067
400,1,10,150,87,0.0
401,1,10,150,87,0.016941778998402247
402,1,10,150,87,0.11288598947105788
403,1,10,150,87,0.09224219235917257
404,1,10,150,87,0.05446824630887794
405,1,10,150,87,0.23033559378805646
406,1,10,150,87,0.15003108558631417
407,1,10,150,87,0.07541018366439421
408,1,10,150,87,0.0
409,1,10,150,87,0.11976431141977988
410,1,10,150,87,0.0
411,1,10,150,87,0.0
412,1,10,150,87,0.15001451003751623
413,1,10,150,87,0.04935421935348238
414,1,10,150,87,0.1309019901681972
415,1,10,150,87,0.0
416,1,10,150,87,0.25606747681121805
417,1,10,150,87,0.12309745810327996
418,1,10,150,87,0.14436292983286242
419,1,10,150,87,0.0
420,1,10,150,87,0.31734175351483307
421,1,10,150,87,0.0
422,1,10,150,87,0.030480958763669998
423,1,10,150,87,0.0
424,1,10,150,87,0.0
425,1,10,150,87,0.03792725875617552
426,1,10,150,87,0.11229023146606223
427,1,10,150,87,0.0
428,1,10,150,87,0.04822019817866397
429,1,10,150,87,0.14062551472815982
430,1,10,150,87,0.0
431,1,10,150,87,0.0
432,1,10,150,87,0.0
433,1,10,150,87,0.20451415323992994
434,1,10,150,87,0.0
435,1,10,150,87,0.08127781909048552
436,1,10,150,87,0.09499424853799125
437,1,10,150,87,0.14945564650669343
438,1,10,150,87,0.0
439,1,10,150,87,0.18154179253735267
440,1,10,150,87,0.0
442,1,10,150,87,0.0733934381893728
444,1,10,150,87,0.0
445,1,10,150,87,0.0
446,1,10,150,87,0.0
447,1,10,150,87,0.0
448,1,10,150,87,0.0
449,1,10,150,87,0.08972920377238332
450,1,10,150,87,0.17556211942720856
451,1,10,150,87,0.05497526658285817
452,1,10,150,87,0.05780700008370542
453,1,10,150,87,0.1515771522786143
454,1,10,150,87,0.1059131727358383
455,1,10,150,87,0.0
456,1,10,150,87,0.0
457,1,10,150,87,0.14751814893861787
458,1,10,150,87,0.0
459,1,10,150,87,0.0
460,1,10,150,87,0.0
462,1,10,150,87,0.0
1,1,10,150,88,0.47931578518868917
2,1,10,150,88,0.1011519894320134
3,1,10,150,88,0.020132733082951743
4,1,10,150,88,0.11528901748471758
5,1,10,150,88,0.03995561222805098
6,1,10,150,88,0.1701338984951051
7,1,10,150,88,0.41477293514994734
8,1,10,150,88,0.21327391470391274
9,1,10,150,88,0.07291513481207902
10,1,10,150,88,0.2915177694755722
11,1,10,150,88,0.1709655603646959
12,1,10,150,88,0.12022816103951169
13,1,10,150,88,0.49179237061389214
14,1,10,150,88,0.3594033245980631
15,1,10,150,88,0.050262678017164185
16,1,10,150,88,0.2818747013082998
17,1,10,150,88,0.10122860821230018
18,1,10,150,88,0.2434553092113853
19,1,10,150,88,0.13886244387355454
20,1,10,150,88,0.05692185311373096
21,1,10,150,88,0.09680666468313012
22,1,10,150,88,0.12801304733456464
23,1,10,150,88,0.0
24,1,10,150,88,0.2080789650281721
25,1,10,150,88,0.17085280125179103
26,1,10,150,88,0.0
27,1,10,150,88,0.0
28,1,10,150,88,0.2629052193668776
29,1,10,150,88,0.0
30,1,10,150,88,0.0
31,1,10,150,88,0.09711583757314435
32,1,10,150,88,0.11469999139467348
33,1,10,150,88,0.0
34,1,10,150,88,0.0
35,1,10,150,88,0.0
36,1,10,150,88,0.0
37,1,10,150,88,0.15133867332691472
38,1,10,150,88,0.2375994139404883
39,1,10,150,88,0.0993029104208021
40,1,10,150,88,0.3197267407502473
41,1,10,150,88,0.0224586613737933
42,1,10,150,88,0.22581807399801232
43,1,10,150,88,0.2670545122956814
44,1,10,150,88,0.07237002116518762
45,1,10,150,88,0.04094516368001556
46,1,10,150,88,0.02795730764456241
47,1,10,150,88,0.0
48,1,10,150,88,0.24592160725427623
49,1,10,150,88,0.09480210102350303
50,1,10,150,88,0.0
51,1,10,150,88,0.0
52,1,10,150,88,0.07095766703421214
53,1,10,150,88,0.1369821642818139
54,1,10,150,88,0.12836415432918194
55,1,10,150,88,0.0
56,1,10,150,88,0.17004105801605304
57,1,10,150,88,0.1943154106647398
58,1,10,150,88,0.2065747960568662
59,1,10,150,88,0.2999474035559304
60,1,10,150,88,0.21489403718174582
61,1,10,150,88,0.0
62,1,10,150,88,0.18370989633791387
63,1,10,150,88,0.04669856388131814
64,1,10,150,88,0.12178010301253327
65,1,10,150,88,0.2306157261998143
66,1,10,150,88,0.0
67,1,10,150,88,0.03314040476303028
68,1,10,150,88,0.0
69,1,10,150,88,0.2705442665348323
70,1,10,150,88,0.08382396164407196
71,1,10,150,88,0.0
72,1,10,150,88,0.23884724223409404
73,1,10,150,88,0.2411808659921475
74,1,10,150,88,0.03272011597426011
75,1,10,150,88,0.10310690100385646
76,1,10,150,88,0.1177548715386271
77,1,10,150,88,0.45927229869726693
78,1,10,150,88,0.05658242244874664
79,1,10,150,88,0.4102269223050506
80,1,10,150,88,0.1466914912588887
81,1,10,150,88,0.034380101046999886
82,1,10,150,88,0.1701963280120859
83,1,10,150,88,0.10057479033327138
84,1,10,150,88,0.05683844068224461
85,1,10,150,88,0.04777426427378568
86,1,10,150,88,0.0
87,1,10,150,88,0.14610402234608247
88,1,10,150,88,0.0
89,1,10,150,88,0.17107843556110094
90,1,10,150,88,0.2952812744894036
91,1,10,150,88,0.2038089528349625
92,1,10,150,88,0.28658043669101696
93,1,10,150,88,0.0
94,1,10,150,88,0.39790683381501696
95,1,10,150,88,0.2374330199760718
96,1,10,150,88,0.3781493395140278
97,1,10,150,88,0.17941974847965342
98,1,10,150,88,0.19533769320769842
99,1,10,150,88,0.16792576455798583
100,1,10,150,88,0.022805505402617214
101,1,10,150,88,0.059024573601270836
102,1,10,150,88,0.027279432105023402
103,1,10,150,88,0.15394621921377785
104,1,10,150,88,0.015190330175114026
105,1,10,150,88,0.05200670101006268
106,1,10,150,88,0.32566885821812863
107,1,10,150,88,0.0
108,1,10,150,88,0.06036985955798015
109,1,10,150,88,0.23771741833549342
110,1,10,150,88,0.05010738025702798
111,1,10,150,88,0.038281751104512325
112,1,10,150,88,0.041631053839379054
113,1,10,150,88,0.02769198719673247
114,1,10,150,88,0.11938748599511304
115,1,10,150,88,0.35526584484273294
116,1,10,150,88,0.0380545682064199
117,1,10,150,88,0.25596974895629354
118,1,10,150,88,0.12478478081707345
119,1,10,150,88,0.13447103054356552
120,1,10,150,88,0.12171775198765021
121,1,10,150,88,0.18136606922889512
122,1,10,150,88,0.125418998393806
123,1,10,150,88,0.045465875186671466
124,1,10,150,88,0.18978688349077963
125,1,10,150,88,0.25061358827686586
126,1,10,150,88,0.0
127,1,10,150,88,0.071512236588497
128,1,10,150,88,0.20599274447362576
129,1,10,150,88,0.03443731487202246
130,1,10,150,88,0.3355761223106265
131,1,10,150,88,0.25372733625822586
132,1,10,150,88,0.12238042572284785
133,1,10,150,88,0.0
134,1,10,150,88,0.030071530282993673
135,1,10,150,88,0.04046615435059731
136,1,10,150,88,0.35628796654787115
137,1,10,150,88,0.29533063600730286
138,1,10,150,88,0.12894648724143637
139,1,10,150,88,0.06016179456846956
140,1,10,150,88,0.039232819060514755
141,1,10,150,88,0.14439434970082324
142,1,10,150,88,0.04395738023645723
143,1,10,150,88,0.0
144,1,10,150,88,0.11752308670354224
145,1,10,150,88,0.26859997490859633
146,1,10,150,88,0.0
147,1,10,150,88,0.038800293177871176
148,1,10,150,88,0.2924190881243261
149,1,10,150,88,0.0
150,1,10,150,88,0.0
151,1,10,150,88,0.2561983583246595
152,1,10,150,88,0.2152831184598316
153,1,10,150,88,0.21315403751398063
154,1,10,150,88,0.14119390874852483
155,1,10,150,88,0.0
156,1,10,150,88,0.056765037818527084
157,1,10,150,88,0.07267844514201649
158,1,10,150,88,0.32696932621364294
159,1,10,150,88,0.06521625450990476
160,1,10,150,88,0.17465425782884814
161,1,10,150,88,0.13331237983363897
162,1,10,150,88,0.0475858026939827
163,1,10,150,88,0.08930748165857323
164,1,10,150,88,0.1392050781746783
165,1,10,150,88,0.16621229711010693
166,1,10,150,88,0.0
167,1,10,150,88,0.2282770400969221
168,1,10,150,88,0.044682472154713174
169,1,10,150,88,0.14269884249349324
170,1,10,150,88,0.0
171,1,10,150,88,0.0
172,1,10,150,88,0.0239003177617487
173,1,10,150,88,0.02795730764456241
174,1,10,150,88,0.14006379596122223
175,1,10,150,88,0.10467701423324277
176,1,10,150,88,0.12162507554983247
177,1,10,150,88,0.1655922659307943
178,1,10,150,88,0.2388972191850718
179,1,10,150,88,0.04779424843825288
180,1,10,150,88,0.16785636010946767
181,1,10,150,88,0.13066790562623992
182,1,10,150,88,0.04195229264874745
183,1,10,150,88,0.02831169742649504
184,1,10,150,88,0.12444296464168039
185,1,10,150,88,0.0208917977510647
186,1,10,150,88,0.08646583277053092
187,1,10,150,88,0.1913083732597066
188,1,10,150,88,0.1560309023521532
189,1,10,150,88,0.3075237399249579
190,1,10,150,88,0.05339229345473345
191,1,10,150,88,0.0
192,1,10,150,88,0.10363179610670267
193,1,10,150,88,0.015341597742551824
194,1,10,150,88,0.07525139269475514
195,1,10,150,88,0.1350818622660359
196,1,10,150,88,0.07706308624591164
197,1,10,150,88,0.16929397007809274
198,1,10,150,88,0.04225822793149115
199,1,10,150,88,0.049748115641606416
200,1,10,150,88,0.24304300554123798
201,1,10,150,88,0.1302086670565656
202,1,10,150,88,0.0
203,1,10,150,88,0.05370431689540528
204,1,10,150,88,0.027001973670935885
205,1,10,150,88,0.36484800394146205
206,1,10,150,88,0.03974771280526578
207,1,10,150,88,0.2238003690815781
208,1,10,150,88,0.047389964223811386
209,1,10,150,88,0.03243822298569767
210,1,10,150,88,0.13079738723900425
211,1,10,150,88,0.0
212,1,10,150,88,0.0874256646781203
213,1,10,150,88,0.2958934158860559
214,1,10,150,88,0.17169301418933652
215,1,10,150,88,0.255708749192597
216,1,10,150,88,0.18920848610998078
217,1,10,150,88,0.08016750925175155
218,1,10,150,88,0.06133198316402014
219,1,10,150,88,0.0
220,1,10,150,88,0.034616222155696735
221,1,10,150,88,0.06802289283215787
222,1,10,150,88,0.16086576635762606
223,1,10,150,88,0.10677939756546245
224,1,10,150,88,0.06445620708058306
225,1,10,150,88,0.19889742777798003
226,1,10,150,88,0.23814675809782818
227,1,10,150,88,0.10623119772529849
228,1,10,150,88,0.02917403367304273
229,1,10,150,88,0.0
230,1,10,150,88,0.25422798975444133
231,1,10,150,88,0.0
232,1,10,150,88,0.10424205663010026
233,1,10,150,88,0.14835547983755953
234,1,10,150,88,0.20594029743104242
235,1,10,150,88,0.23280252396956425
236,1,10,150,88,0.13123532326882845
237,1,10,150,88,0.24352191769087017
238,1,10,150,88,0.0
239,1,10,150,88,0.1780099357142763
240,1,10,150,88,0.0
241,1,10,150,88,0.047978870624887156
242,1,10,150,88,0.07484255566002171
243,1,10,150,88,0.12898989924507495
244,1,10,150,88,0.17688396273016857
245,1,10,150,88,0.18470089958507746
246,1,10,150,88,0.07117464882947531
247,1,10,150,88,0.08883649703748449
248,1,10,150,88,0.1352712391738193
249,1,10,150,88,0.31501726697818483
250,1,10,150,88,0.13537727623013396
251,1,10,150,88,0.1369922724163038
252,1,10,150,88,0.15744006533381547
253,1,10,150,88,0.2443190287228016
254,1,10,150,88,0.07352756868889418
255,1,10,150,88,0.09831516045677517
256,1,10,150,88,0.17826263986608165
257,1,10,150,88,0.2024772690671989
258,1,10,150,88,0.0
259,1,10,150,88,0.08642802717301845
260,1,10,150,88,0.0
261,1,10,150,88,0.0
262,1,10,150,88,0.0
263,1,10,150,88,0.25458460733580324
264,1,10,150,88,0.10897885545498918
265,1,10,150,88,0.33443049441002
266,1,10,150,88,0.10279639225640967
267,1,10,150,88,0.12488765669992676
268,1,10,150,88,0.1607308735265178
269,1,10,150,88,0.3196219295238415
270,1,10,150,88,0.10832567847977925
271,1,10,150,88,0.18845890709546062
272,1,10,150,88,0.23321348468935416
273,1,10,150,88,0.03860961209670539
274,1,10,150,88,0.2190414101098042
275,1,10,150,88,0.015522912158152052
276,1,10,150,88,0.3523002107363639
277,1,10,150,88,0.09982873474912346
278,1,10,150,88,0.07867548793068165
279,1,10,150,88,0.16757345039556354
280,1,10,150,88,0.2006812824680485
281,1,10,150,88,0.08591349210019344
282,1,10,150,88,0.0306359742689708
283,1,10,150,88,0.20644004022221485
284,1,10,150,88,0.07891945711936355
285,1,10,150,88,0.06473560181867054
286,1,10,150,88,0.26673352411598705
287,1,10,150,88,0.277373713129501
288,1,10,150,88,0.25730730990442935
289,1,10,150,88,0.0
290,1,10,150,88,0.10906936434592127
291,1,10,150,88,0.1482426530767458
292,1,10,150,88,0.18523409118499787
293,1,10,150,88,0.2307458427576802
294,1,10,150,88,0.020665272679455834
295,1,10,150,88,0.19614940963026525
296,1,10,150,88,0.2343183123375847
297,1,10,150,88,0.11250090705732631
298,1,10,150,88,0.265287510686088
299,1,10,150,88,0.11303284476667655
300,1,10,150,88,0.04336490181597879
301,1,10,150,88,0.2852367606424079
302,1,10,150,88,0.13927874459665815
303,1,10,150,88,0.28632586467614035
304,1,10,150,88,0.0
305,1,10,150,88,0.15131363999899247
306,1,10,150,88,0.08156911164475483
307,1,10,150,88,0.2598443836508552
308,1,10,150,88,0.35914511767354634
309,1,10,150,88,0.0
310,1,10,150,88,0.06900643972011666
311,1,10,150,88,0.27414121087298654
312,1,10,150,88,0.24930774479126744
313,1,10,150,88,0.26555665387567995
314,1,10,150,88,0.1673125425246687
315,1,10,150,88,0.286099807090925
316,1,10,150,88,0.15163097251042218
317,1,10,150,88,0.0
318,1,10,150,88,0.11181450241843982
319,1,10,150,88,0.06591877139737895
320,1,10,150,88,0.1924988394784141
321,1,10,150,88,0.15427224748816595
322,1,10,150,88,0.27393381314717025
323,1,10,150,88,0.20144166357013524
324,1,10,150,88,0.10121986794608845
325,1,10,150,88,0.0901883711443618
326,1,10,150,88,0.23923503217231218
327,1,10,150,88,0.012799632089340046
328,1,10,150,88,0.14574312341182824
329,1,10,150,88,0.04249704384086923
330,1,10,150,88,0.2554569375078683
331,1,10,150,88,0.09091966573968718
332,1,10,150,88,0.14215773650397753
333,1,10,150,88,0.1014371752449239
334,1,10,150,88,0.10601568749715243
335,1,10,150,88,0.08149421541954936
336,1,10,150,88,0.1252879373315154
337,1,10,150,88,0.10521567817367497
338,1,10,150,88,0.15896841246993118
339,1,10,150,88,0.3085742364575667
340,1,10,150,88,0.33716689361470614
341,1,10,150,88,0.0
342,1,10,150,88,0.09298480097837011
343,1,10,150,88,0.28990023182190544
344,1,10,150,88,0.23148267984720988
345,1,10,150,88,0.08400294425414344
346,1,10,150,88,0.11905023331895151
347,1,10,150,88,0.2646772008433278
348,1,10,150,88,0.18923084143550442
349,1,10,150,88,0.28750580972533735
350,1,10,150,88,0.057127212566552996
351,1,10,150,88,0.02907522751061953
352,1,10,150,88,0.14358039378320506
353,1,10,150,88,0.0
354,1,10,150,88,0.15826397898016284
355,1,10,150,88,0.0
356,1,10,150,88,0.0
357,1,10,150,88,0.06959508771708611
358,1,10,150,88,0.06323567569191428
359,1,10,150,88,0.23047812925238975
360,1,10,150,88,0.1692259700041561
361,1,10,150,88,0.15572261253779404
362,1,10,150,88,0.15042501043191572
363,1,10,150,88,0.10547923991749773
364,1,10,150,88,0.0
365,1,10,150,88,0.14456587527532935
366,1,10,150,88,0.13610100259425117
367,1,10,150,88,0.11436773481003104
368,1,10,150,88,0.042512356679180144
369,1,10,150,88,0.0
370,1,10,150,88,0.19811064503366002
371,1,10,150,88,0.1319132354603233
372,1,10,150,88,0.15984877514852935
373,1,10,150,88,0.14120481734031762
374,1,10,150,88,0.12217674620121698
375,1,10,150,88,0.04282650856324445
376,1,10,150,88,0.0
377,1,10,150,88,0.12130002016702163
378,1,10,150,88,0.19917022637688997
379,1,10,150,88,0.18407356318766013
380,1,10,150,88,0.08004581123522198
381,1,10,150,88,0.13815699085947417
382,1,10,150,88,0.0
383,1,10,150,88,0.11713125931833299
384,1,10,150,88,0.0561173220664886
385,1,10,150,88,0.1260083426369828
386,1,10,150,88,0.14606834984270645
387,1,10,150,88,0.12934245069884157
388,1,10,150,88,0.08659331667411305
389,1,10,150,88,0.1014822420242732
390,1,10,150,88,0.05307577057513386
391,1,10,150,88,0.08907375584162422
392,1,10,150,88,0.2018548641117942
393,1,10,150,88,0.2710649816592273
394,1,10,150,88,0.10657019454040408
395,1,10,150,88,0.1494624820736264
396,1,10,150,88,0.0
397,1,10,150,88,0.10540164605552274
398,1,10,150,88,0.1406230079272144
399,1,10,150,88,0.03152175963521067
400,1,10,150,88,0.0
401,1,10,150,88,0.016941778998402247
402,1,10,150,88,0.11288598947105788
403,1,10,150,88,0.09224219235917257
404,1,10,150,88,0.05446824630887794
405,1,10,150,88,0.2284746922458698
406,1,10,150,88,0.15003108558631417
407,1,10,150,88,0.07541018366439421
408,1,10,150,88,0.0
409,1,10,150,88,0.11976431141977988
410,1,10,150,88,0.0
411,1,10,150,88,0.0
412,1,10,150,88,0.15001451003751623
413,1,10,150,88,0.04935421935348238
414,1,10,150,88,0.1309019901681972
415,1,10,150,88,0.0
416,1,10,150,88,0.25606747681121805
417,1,10,150,88,0.12309745810327996
418,1,10,150,88,0.14436292983286242
419,1,10,150,88,0.0
420,1,10,150,88,0.31734175351483307
421,1,10,150,88,0.0
422,1,10,150,88,0.030480958763669998
423,1,10,150,88,0.0
424,1,10,150,88,0.0
425,1,10,150,88,0.03792725875617552
426,1,10,150,88,0.11229023146606223
427,1,10,150,88,0.0
428,1,10,150,88,0.04822019817866397
429,1,10,150,88,0.14062551472815982
430,1,10,150,88,0.0
431,1,10,150,88,0.0
432,1,10,150,88,0.0
433,1,10,150,88,0.20451415323992994
434,1,10,150,88,0.0
435,1,10,150,88,0.08127781909048552
436,1,10,150,88,0.09499424853799125
437,1,10,150,88,0.14945564650669343
438,1,10,150,88,0.0
439,1,10,150,88,0.18154179253735267
440,1,10,150,88,0.0
442,1,10,150,88,0.0733934381893728
444,1,10,150,88,0.0
445,1,10,150,88,0.0
446,1,10,150,88,0.0
447,1,10,150,88,0.0
448,1,10,150,88,0.0
449,1,10,150,88,0.08972920377238332
450,1,10,150,88,0.17556211942720856
451,1,10,150,88,0.05497526658285817
452,1,10,150,88,0.05780700008370542
453,1,10,150,88,0.1515771522786143
454,1,10,150,88,0.1059131727358383
455,1,10,150,88,0.0
456,1,10,150,88,0.0
457,1,10,150,88,0.14751814893861787
458,1,10,150,88,0.0
459,1,10,150,88,0.0
460,1,10,150,88,0.0
462,1,10,150,88,0.0
1,1,10,150,89,0.4754838479348996
2,1,10,150,89,0.1011519894320134
3,1,10,150,89,0.020132733082951743
4,1,10,150,89,0.11528901748471758
5,1,10,150,89,0.03995561222805098
6,1,10,150,89,0.16877374628664155
7,1,10,150,89,0.4114569920677911
8,1,10,150,89,0.21327391470391274
9,1,10,150,89,0.07291513481207902
10,1,10,150,89,0.28918720195513187
11,1,10,150,89,0.1709655603646959
12,1,10,150,89,0.12022816103951169
13,1,10,150,89,0.4878606880690684
14,1,10,150,89,0.3594033245980631
15,1,10,150,89,0.050262678017164185
16,1,10,150,89,0.2818747013082998
17,1,10,150,89,0.10122860821230018
18,1,10,150,89,0.24150898176332786
19,1,10,150,89,0.13886244387355454
20,1,10,150,89,0.05692185311373096
21,1,10,150,89,0.09680666468313012
22,1,10,150,89,0.138801005060848
23,1,10,150,89,0.0
24,1,10,150,89,0.2080789650281721
25,1,10,150,89,0.17085280125179103
26,1,10,150,89,0.0
27,1,10,150,89,0.0
28,1,10,150,89,0.2629052193668776
29,1,10,150,89,0.0
30,1,10,150,89,0.0
31,1,10,150,89,0.09711583757314435
32,1,10,150,89,0.11469999139467348
33,1,10,150,89,0.0
34,1,10,150,89,0.0
35,1,10,150,89,0.0
36,1,10,150,89,0.0
37,1,10,150,89,0.15133867332691472
38,1,10,150,89,0.2375994139404883
39,1,10,150,89,0.0993029104208021
40,1,10,150,89,0.3197267407502473
41,1,10,150,89,0.0224586613737933
42,1,10,150,89,0.22401274916400682
43,1,10,150,89,0.2729141171869025
44,1,10,150,89,0.07237002116518762
45,1,10,150,89,0.04094516368001556
46,1,10,150,89,0.02795730764456241
47,1,10,150,89,0.0
48,1,10,150,89,0.24592160725427623
49,1,10,150,89,0.09404419628955717
50,1,10,150,89,0.0
51,1,10,150,89,0.0
52,1,10,150,89,0.07095766703421214
53,1,10,150,89,0.1369821642818139
54,1,10,150,89,0.12836415432918194
55,1,10,150,89,0.0
56,1,10,150,89,0.16868164802994337
57,1,10,150,89,0.1943154106647398
58,1,10,150,89,0.2065747960568662
59,1,10,150,89,0.29754944449557746
60,1,10,150,89,0.21317604563600567
61,1,10,150,89,0.0
62,1,10,150,89,0.18224120947755948
63,1,10,150,89,0.05952760695051026
64,1,10,150,89,0.12080651998455026
65,1,10,150,89,0.2306157261998143
66,1,10,150,89,0.0
67,1,10,150,89,0.03314040476303028
68,1,10,150,89,0.0
69,1,10,150,89,0.2705442665348323
70,1,10,150,89,0.08382396164407196
71,1,10,150,89,0.0
72,1,10,150,89,0.2489252548854098
73,1,10,150,89,0.2411808659921475
74,1,10,150,89,0.03272011597426011
75,1,10,150,89,0.10310690100385646
76,1,10,150,89,0.1177548715386271
77,1,10,150,89,0.45927229869726693
78,1,10,150,89,0.05658242244874664
79,1,10,150,89,0.4102269223050506
80,1,10,150,89,0.1466914912588887
81,1,10,150,89,0.034380101046999886
82,1,10,150,89,0.1701963280120859
83,1,10,150,89,0.10057479033327138
84,1,10,150,89,0.05683844068224461
85,1,10,150,89,0.047392328212633346
86,1,10,150,89,0.0
87,1,10,150,89,0.14493597934925928
88,1,10,150,89,0.0
89,1,10,150,89,0.18598056335085358
90,1,10,150,89,0.29292061925745255
91,1,10,150,89,0.2038089528349625
92,1,10,150,89,0.284289341163814
93,1,10,150,89,0.03194176236549506
94,1,10,150,89,0.3947257284411704
95,1,10,150,89,0.2355348383124575
96,1,10,150,89,0.3781493395140278
97,1,10,150,89,0.17941974847965342
98,1,10,150,89,0.19533769320769842
99,1,10,150,89,0.16792576455798583
100,1,10,150,89,0.022805505402617214
101,1,10,150,89,0.07621696537409083
102,1,10,150,89,0.02706134399823528
103,1,10,150,89,0.15394621921377785
104,1,10,150,89,0.015190330175114026
105,1,10,150,89,0.05200670101006268
106,1,10,150,89,0.32566885821812863
107,1,10,150,89,0.0
108,1,10,150,89,0.06036985955798015
109,1,10,150,89,0.23581696302118355
110,1,10,150,89,0.05010738025702798
111,1,10,150,89,0.038281751104512325
112,1,10,150,89,0.041631053839379054
113,1,10,150,89,0.02769198719673247
114,1,10,150,89,0.11938748599511304
115,1,10,150,89,0.35526584484273294
116,1,10,150,89,0.0380545682064199
117,1,10,150,89,0.25596974895629354
118,1,10,150,89,0.12478478081707345
119,1,10,150,89,0.13447103054356552
120,1,10,150,89,0.12171775198765021
121,1,10,150,89,0.18136606922889512
122,1,10,150,89,0.125418998393806
123,1,10,150,89,0.045465875186671466
124,1,10,150,89,0.18978688349077963
125,1,10,150,89,0.24861003326178127
126,1,10,150,89,0.0
127,1,10,150,89,0.071512236588497
128,1,10,150,89,0.20599274447362576
129,1,10,150,89,0.03443731487202246
130,1,10,150,89,0.34088792444170585
131,1,10,150,89,0.25372733625822586
132,1,10,150,89,0.12238042572284785
133,1,10,150,89,0.0
134,1,10,150,89,0.030071530282993673
135,1,10,150,89,0.04046615435059731
136,1,10,150,89,0.35628796654787115
137,1,10,150,89,0.29533063600730286
138,1,10,150,89,0.12894648724143637
139,1,10,150,89,0.06016179456846956
140,1,10,150,89,0.039232819060514755
141,1,10,150,89,0.14439434970082324
142,1,10,150,89,0.04395738023645723
143,1,10,150,89,0.0
144,1,10,150,89,0.11658353681172642
145,1,10,150,89,0.2664526259540569
146,1,10,150,89,0.0
147,1,10,150,89,0.038800293177871176
148,1,10,150,89,0.2924190881243261
149,1,10,150,89,0.0
150,1,10,150,89,0.0
151,1,10,150,89,0.25415015531536883
152,1,10,150,89,0.2152831184598316
153,1,10,150,89,0.21315403751398063
154,1,10,150,89,0.14119390874852483
155,1,10,150,89,0.0
156,1,10,150,89,0.056765037818527084
157,1,10,150,89,0.07267844514201649
158,1,10,150,89,0.33607656427394594
159,1,10,150,89,0.06521625450990476
160,1,10,150,89,0.17465425782884814
161,1,10,150,89,0.13331237983363897
162,1,10,150,89,0.0475858026939827
163,1,10,150,89,0.08930748165857323
164,1,10,150,89,0.1392050781746783
165,1,10,150,89,0.16621229711010693
166,1,10,150,89,0.0
167,1,10,150,89,0.2282770400969221
168,1,10,150,89,0.044682472154713174
169,1,10,150,89,0.14269884249349324
170,1,10,150,89,0.0
171,1,10,150,89,0.0
172,1,10,150,89,0.0239003177617487
173,1,10,150,89,0.02795730764456241
174,1,10,150,89,0.14006379596122223
175,1,10,150,89,0.10467701423324277
176,1,10,150,89,0.12162507554983247
177,1,10,150,89,0.1655922659307943
178,1,10,150,89,0.23698733183666823
179,1,10,150,89,0.04779424843825288
180,1,10,150,89,0.16785636010946767
181,1,10,150,89,0.1296232681848781
182,1,10,150,89,0.04195229264874745
183,1,10,150,89,0.02831169742649504
184,1,10,150,89,0.12344809310413078
185,1,10,150,89,0.0208917977510647
186,1,10,150,89,0.08646583277053092
187,1,10,150,89,0.1913083732597066
188,1,10,150,89,0.1560309023521532
189,1,10,150,89,0.3075237399249579
190,1,10,150,89,0.05339229345473345
191,1,10,150,89,0.0
192,1,10,150,89,0.10363179610670267
193,1,10,150,89,0.015341597742551824
194,1,10,150,89,0.08264438651683008
195,1,10,150,89,0.1350818622660359
196,1,10,150,89,0.07706308624591164
197,1,10,150,89,0.16929397007809274
198,1,10,150,89,0.04225822793149115
199,1,10,150,89,0.049748115641606416
200,1,10,150,89,0.24109997429548038
201,1,10,150,89,0.13716229953586553
202,1,10,150,89,0.0
203,1,10,150,89,0.05370431689540528
204,1,10,150,89,0.027001973670935885
205,1,10,150,89,0.36484800394146205
206,1,10,150,89,0.03974771280526578
207,1,10,150,89,0.2220111749882562
208,1,10,150,89,0.047389964223811386
209,1,10,150,89,0.03243822298569767
210,1,10,150,89,0.13079738723900425
211,1,10,150,89,0.0
212,1,10,150,89,0.0874256646781203
213,1,10,150,89,0.2958934158860559
214,1,10,150,89,0.17169301418933652
215,1,10,150,89,0.255708749192597
216,1,10,150,89,0.18920848610998078
217,1,10,150,89,0.09429387113634759
218,1,10,150,89,0.06133198316402014
219,1,10,150,89,0.0
220,1,10,150,89,0.034616222155696735
221,1,10,150,89,0.06802289283215787
222,1,10,150,89,0.15957970914437877
223,1,10,150,89,0.10677939756546245
224,1,10,150,89,0.06445620708058306
225,1,10,150,89,0.19889742777798003
226,1,10,150,89,0.23814675809782818
227,1,10,150,89,0.10623119772529849
228,1,10,150,89,0.02917403367304273
229,1,10,150,89,0.0
230,1,10,150,89,0.25422798975444133
231,1,10,150,89,0.0
232,1,10,150,89,0.10424205663010026
233,1,10,150,89,0.16179604400552988
234,1,10,150,89,0.20429388743961713
235,1,10,150,89,0.23280252396956425
236,1,10,150,89,0.13123532326882845
237,1,10,150,89,0.24352191769087017
238,1,10,150,89,0.0
239,1,10,150,89,0.1872044464535561
240,1,10,150,89,0.0
241,1,10,150,89,0.047978870624887156
242,1,10,150,89,0.07484255566002171
243,1,10,150,89,0.12898989924507495
244,1,10,150,89,0.17546984646834585
245,1,10,150,89,0.18470089958507746
246,1,10,150,89,0.07117464882947531
247,1,10,150,89,0.08883649703748449
248,1,10,150,89,0.1352712391738193
249,1,10,150,89,0.31501726697818483
250,1,10,150,89,0.13537727623013396
251,1,10,150,89,0.1369922724163038
252,1,10,150,89,0.15744006533381547
253,1,10,150,89,0.2443190287228016
254,1,10,150,89,0.07352756868889418
255,1,10,150,89,0.09831516045677517
256,1,10,150,89,0.17683750163410625
257,1,10,150,89,0.2024772690671989
258,1,10,150,89,0.0
259,1,10,150,89,0.08642802717301845
260,1,10,150,89,0.0
261,1,10,150,89,0.0
262,1,10,150,89,0.0
263,1,10,150,89,0.25458460733580324
264,1,10,150,89,0.10897885545498918
265,1,10,150,89,0.33443049441002
266,1,10,150,89,0.10279639225640967
267,1,10,150,89,0.12488765669992676
268,1,10,150,89,0.15944589472729478
269,1,10,150,89,0.31706668052784115
270,1,10,150,89,0.10832567847977925
271,1,10,150,89,0.18695225380086222
272,1,10,150,89,0.23321348468935416
273,1,10,150,89,0.03860961209670539
274,1,10,150,89,0.2190414101098042
275,1,10,150,89,0.015522912158152052
276,1,10,150,89,0.3494837120026384
277,1,10,150,89,0.09982873474912346
278,1,10,150,89,0.07867548793068165
279,1,10,150,89,0.16623376794161718
280,1,10,150,89,0.1990769161897194
281,1,10,150,89,0.08591349210019344
282,1,10,150,89,0.0306359742689708
283,1,10,150,89,0.20644004022221485
284,1,10,150,89,0.07891945711936355
285,1,10,150,89,0.06473560181867054
286,1,10,150,89,0.27259569517882576
287,1,10,150,89,0.277373713129501
288,1,10,150,89,0.25730730990442935
289,1,10,150,89,0.0
290,1,10,150,89,0.10906936434592127
291,1,10,150,89,0.14705751258590685
292,1,10,150,89,0.18523409118499787
293,1,10,150,89,0.23689572088366123
294,1,10,150,89,0.020665272679455834
295,1,10,150,89,0.1945812738556941
296,1,10,150,89,0.2343183123375847
297,1,10,150,89,0.11160150747534013
298,1,10,150,89,0.265287510686088
299,1,10,150,89,0.112129192556281
300,1,10,150,89,0.04336490181597879
301,1,10,150,89,0.28295640726571775
302,1,10,150,89,0.13927874459665815
303,1,10,150,89,0.28403680434998374
304,1,10,150,89,0.0
305,1,10,150,89,0.15010394820073386
306,1,10,150,89,0.08156911164475483
307,1,10,150,89,0.2598443836508552
308,1,10,150,89,0.35627389665713827
309,1,10,150,89,0.0
310,1,10,150,89,0.06900643972011666
311,1,10,150,89,0.27194956196175857
312,1,10,150,89,0.24731462947054453
313,1,10,150,89,0.263433635050883
314,1,10,150,89,0.1659749459243937
315,1,10,150,89,0.286099807090925
316,1,10,150,89,0.15163097251042218
317,1,10,150,89,0.0
318,1,10,150,89,0.11181450241843982
319,1,10,150,89,0.06591877139737895
320,1,10,150,89,0.1924988394784141
321,1,10,150,89,0.15427224748816595
322,1,10,150,89,0.27393381314717025
323,1,10,150,89,0.20144166357013524
324,1,10,150,89,0.10121986794608845
325,1,10,150,89,0.0901883711443618
326,1,10,150,89,0.23923503217231218
327,1,10,150,89,0.012697304169931686
328,1,10,150,89,0.14457796565708086
329,1,10,150,89,0.04249704384086923
330,1,10,150,89,0.26575920819995197
331,1,10,150,89,0.09091966573968718
332,1,10,150,89,0.15191987624214254
333,1,10,150,89,0.1014371752449239
334,1,10,150,89,0.1131627331343716
335,1,10,150,89,0.08149421541954936
336,1,10,150,89,0.1252879373315154
337,1,10,150,89,0.10521567817367497
338,1,10,150,89,0.15896841246993118
339,1,10,150,89,0.30610730933190167
340,1,10,150,89,0.33716689361470614
341,1,10,150,89,0.0
342,1,10,150,89,0.09298480097837011
343,1,10,150,89,0.28990023182190544
344,1,10,150,89,0.23148267984720988
345,1,10,150,89,0.08333137444262817
346,1,10,150,89,0.11905023331895151
347,1,10,150,89,0.2646772008433278
348,1,10,150,89,0.18923084143550442
349,1,10,150,89,0.28750580972533735
350,1,10,150,89,0.057127212566552996
351,1,10,150,89,0.02907522751061953
352,1,10,150,89,0.1723437934095643
353,1,10,150,89,0.0
354,1,10,150,89,0.15826397898016284
355,1,10,150,89,0.0
356,1,10,150,89,0.0
357,1,10,150,89,0.06959508771708611
358,1,10,150,89,0.06323567569191428
359,1,10,150,89,0.23047812925238975
360,1,10,150,89,0.1692259700041561
361,1,10,150,89,0.15572261253779404
362,1,10,150,89,0.15042501043191572
363,1,10,150,89,0.10463597574504375
364,1,10,150,89,0.0
365,1,10,150,89,0.14456587527532935
366,1,10,150,89,0.13610100259425117
367,1,10,150,89,0.11436773481003104
368,1,10,150,89,0.042512356679180144
369,1,10,150,89,0.0
370,1,10,150,89,0.19811064503366002
371,1,10,150,89,0.1319132354603233
372,1,10,150,89,0.15984877514852935
373,1,10,150,89,0.14120481734031762
374,1,10,150,89,0.1307980851043666
375,1,10,150,89,0.04282650856324445
376,1,10,150,89,0.0
377,1,10,150,89,0.12130002016702163
378,1,10,150,89,0.19757794038530957
379,1,10,150,89,0.19461212668230085
380,1,10,150,89,0.08004581123522198
381,1,10,150,89,0.13815699085947417
382,1,10,150,89,0.0
383,1,10,150,89,0.11713125931833299
384,1,10,150,89,0.0561173220664886
385,1,10,150,89,0.1260083426369828
386,1,10,150,89,0.14606834984270645
387,1,10,150,89,0.12830840973744445
388,1,10,150,89,0.08659331667411305
389,1,10,150,89,0.1014822420242732
390,1,10,150,89,0.05307577057513386
391,1,10,150,89,0.08907375584162422
392,1,10,150,89,0.2018548641117942
393,1,10,150,89,0.2688979259654348
394,1,10,150,89,0.10657019454040408
395,1,10,150,89,0.1494624820736264
396,1,10,150,89,0.0
397,1,10,150,89,0.10540164605552274
398,1,10,150,89,0.1406230079272144
399,1,10,150,89,0.03152175963521067
400,1,10,150,89,0.0
401,1,10,150,89,0.016941778998402247
402,1,10,150,89,0.11288598947105788
403,1,10,150,89,0.09224219235917257
404,1,10,150,89,0.05446824630887794
405,1,10,150,89,0.22664812881562432
406,1,10,150,89,0.15969298558601516
407,1,10,150,89,0.07541018366439421
408,1,10,150,89,0.0
409,1,10,150,89,0.13204397186208772
410,1,10,150,89,0.0
411,1,10,150,89,0.0
412,1,10,150,89,0.15001451003751623
413,1,10,150,89,0.04935421935348238
414,1,10,150,89,0.1309019901681972
415,1,10,150,89,0.0
416,1,10,150,89,0.25606747681121805
417,1,10,150,89,0.12309745810327996
418,1,10,150,89,0.14436292983286242
419,1,10,150,89,0.0
420,1,10,150,89,0.31734175351483307
421,1,10,150,89,0.0
422,1,10,150,89,0.030480958763669998
423,1,10,150,89,0.0
424,1,10,150,89,0.0
425,1,10,150,89,0.03792725875617552
426,1,10,150,89,0.11229023146606223
427,1,10,150,89,0.0
428,1,10,150,89,0.04822019817866397
429,1,10,150,89,0.14062551472815982
430,1,10,150,89,0.0
431,1,10,150,89,0.0
432,1,10,150,89,0.0
433,1,10,150,89,0.20451415323992994
434,1,10,150,89,0.0
435,1,10,150,89,0.08127781909048552
436,1,10,150,89,0.09499424853799125
437,1,10,150,89,0.14945564650669343
438,1,10,150,89,0.0
439,1,10,150,89,0.18154179253735267
440,1,10,150,89,0.0
442,1,10,150,89,0.0733934381893728
444,1,10,150,89,0.0
445,1,10,150,89,0.0
446,1,10,150,89,0.0
447,1,10,150,89,0.0
448,1,10,150,89,0.0
449,1,10,150,89,0.08972920377238332
450,1,10,150,89,0.17556211942720856
451,1,10,150,89,0.05497526658285817
452,1,10,150,89,0.05780700008370542
453,1,10,150,89,0.1515771522786143
454,1,10,150,89,0.1059131727358383
455,1,10,150,89,0.0
456,1,10,150,89,0.0
457,1,10,150,89,0.14751814893861787
458,1,10,150,89,0.0
459,1,10,150,89,0.0
460,1,10,150,89,0.0
462,1,10,150,89,0.0
1,1,10,150,90,0.4717218590975604
2,1,10,150,90,0.1011519894320134
3,1,10,150,90,0.020132733082951743
4,1,10,150,90,0.11528901748471758
5,1,10,150,90,0.03995561222805098
6,1,10,150,90,0.16743842237958592
7,1,10,150,90,0.40820157841299093
8,1,10,150,90,0.21327391470391274
9,1,10,150,90,0.07291513481207902
10,1,10,150,90,0.28689917675641785
11,1,10,150,90,0.1709655603646959
12,1,10,150,90,0.12022816103951169
13,1,10,150,90,0.4840007746973239
14,1,10,150,90,0.3594033245980631
15,1,10,150,90,0.050262678017164185
16,1,10,150,90,0.29122677086105475
17,1,10,150,90,0.10122860821230018
18,1,10,150,90,0.2395981826952695
19,1,10,150,90,0.13886244387355454
20,1,10,150,90,0.07744958098452553
21,1,10,150,90,0.09680666468313012
22,1,10,150,90,0.138801005060848
23,1,10,150,90,0.0
24,1,10,150,90,0.2080789650281721
25,1,10,150,90,0.17085280125179103
26,1,10,150,90,0.0
27,1,10,150,90,0.0
28,1,10,150,90,0.2629052193668776
29,1,10,150,90,0.0
30,1,10,150,90,0.0
31,1,10,150,90,0.09711583757314435
32,1,10,150,90,0.11469999139467348
33,1,10,150,90,0.0
34,1,10,150,90,0.0
35,1,10,150,90,0.0
36,1,10,150,90,0.0
37,1,10,150,90,0.15133867332691472
38,1,10,150,90,0.2375994139404883
39,1,10,150,90,0.0993029104208021
40,1,10,150,90,0.3197267407502473
41,1,10,150,90,0.0224586613737933
42,1,10,150,90,0.22224037883967973
43,1,10,150,90,0.27075484328755023
44,1,10,150,90,0.07237002116518762
45,1,10,150,90,0.04094516368001556
46,1,10,150,90,0.02795730764456241
47,1,10,150,90,0.0
48,1,10,150,90,0.24592160725427623
49,1,10,150,90,0.09330012639487109
50,1,10,150,90,0.0
51,1,10,150,90,0.0
52,1,10,150,90,0.07095766703421214
53,1,10,150,90,0.1369821642818139
54,1,10,150,90,0.12836415432918194
55,1,10,150,90,0.0
56,1,10,150,90,0.1673470527966695
57,1,10,150,90,0.1943154106647398
58,1,10,150,90,0.2065747960568662
59,1,10,150,90,0.3031071751315762
60,1,10,150,90,0.21317604563600567
61,1,10,150,90,0.0
62,1,10,150,90,0.18079933211677132
63,1,10,150,90,0.05952760695051026
64,1,10,150,90,0.11985070880056678
65,1,10,150,90,0.2306157261998143
66,1,10,150,90,0.0
67,1,10,150,90,0.03314040476303028
68,1,10,150,90,0.0
69,1,10,150,90,0.2705442665348323
70,1,10,150,90,0.08382396164407196
71,1,10,150,90,0.0
72,1,10,150,90,0.2489252548854098
73,1,10,150,90,0.2411808659921475
74,1,10,150,90,0.03272011597426011
75,1,10,150,90,0.10310690100385646
76,1,10,150,90,0.1177548715386271
77,1,10,150,90,0.45927229869726693
78,1,10,150,90,0.05658242244874664
79,1,10,150,90,0.4102269223050506
80,1,10,150,90,0.1466914912588887
81,1,10,150,90,0.034380101046999886
82,1,10,150,90,0.1701963280120859
83,1,10,150,90,0.10057479033327138
84,1,10,150,90,0.05683844068224461
85,1,10,150,90,0.04701736403564651
86,1,10,150,90,0.0
87,1,10,150,90,0.14378925788057254
88,1,10,150,90,0.0
89,1,10,150,90,0.18598056335085358
90,1,10,150,90,0.29060305557014954
91,1,10,150,90,0.2038089528349625
92,1,10,150,90,0.28204006743416415
93,1,10,150,90,0.03194176236549506
94,1,10,150,90,0.3916026911589248
95,1,10,150,90,0.23367130617275528
96,1,10,150,90,0.3781493395140278
97,1,10,150,90,0.17941974847965342
98,1,10,150,90,0.19533769320769842
99,1,10,150,90,0.16792576455798583
100,1,10,150,90,0.022805505402617214
101,1,10,150,90,0.07621696537409083
102,1,10,150,90,0.026847236885055917
103,1,10,150,90,0.15394621921377785
104,1,10,150,90,0.015190330175114026
105,1,10,150,90,0.05200670101006268
106,1,10,150,90,0.32566885821812863
107,1,10,150,90,0.0
108,1,10,150,90,0.06036985955798015
109,1,10,150,90,0.24186311593948814
110,1,10,150,90,0.05010738025702798
111,1,10,150,90,0.038281751104512325
112,1,10,150,90,0.041631053839379054
113,1,10,150,90,0.02769198719673247
114,1,10,150,90,0.11938748599511304
115,1,10,150,90,0.35526584484273294
116,1,10,150,90,0.04921644451579891
117,1,10,150,90,0.25596974895629354
118,1,10,150,90,0.12478478081707345
119,1,10,150,90,0.13447103054356552
120,1,10,150,90,0.12171775198765021
121,1,10,150,90,0.18136606922889512
122,1,10,150,90,0.125418998393806
123,1,10,150,90,0.045465875186671466
124,1,10,150,90,0.18978688349077963
125,1,10,150,90,0.2545549684675401
126,1,10,150,90,0.0
127,1,10,150,90,0.071512236588497
128,1,10,150,90,0.20599274447362576
129,1,10,150,90,0.03443731487202246
130,1,10,150,90,0.3461027646125654
131,1,10,150,90,0.25372733625822586
132,1,10,150,90,0.12238042572284785
133,1,10,150,90,0.0
134,1,10,150,90,0.030071530282993673
135,1,10,150,90,0.04046615435059731
136,1,10,150,90,0.35628796654787115
137,1,10,150,90,0.29533063600730286
138,1,10,150,90,0.12894648724143637
139,1,10,150,90,0.06016179456846956
140,1,10,150,90,0.039232819060514755
141,1,10,150,90,0.14439434970082324
142,1,10,150,90,0.04395738023645723
143,1,10,150,90,0.0
144,1,10,150,90,0.11566113752096589
145,1,10,150,90,0.26434447483836193
146,1,10,150,90,0.0
147,1,10,150,90,0.038800293177871176
148,1,10,150,90,0.2924190881243261
149,1,10,150,90,0.0
150,1,10,150,90,0.0
151,1,10,150,90,0.2521393403287884
152,1,10,150,90,0.2152831184598316
153,1,10,150,90,0.21315403751398063
154,1,10,150,90,0.14119390874852483
155,1,10,150,90,0.0
156,1,10,150,90,0.056765037818527084
157,1,10,150,90,0.07267844514201649
158,1,10,150,90,0.33607656427394594
159,1,10,150,90,0.06521625450990476
160,1,10,150,90,0.17465425782884814
161,1,10,150,90,0.13331237983363897
162,1,10,150,90,0.0475858026939827
163,1,10,150,90,0.08930748165857323
164,1,10,150,90,0.15597749830479463
165,1,10,150,90,0.16621229711010693
166,1,10,150,90,0.0
167,1,10,150,90,0.2282770400969221
168,1,10,150,90,0.044682472154713174
169,1,10,150,90,0.14269884249349324
170,1,10,150,90,0.0
171,1,10,150,90,0.0
172,1,10,150,90,0.0239003177617487
173,1,10,150,90,0.02795730764456241
174,1,10,150,90,0.14006379596122223
175,1,10,150,90,0.10467701423324277
176,1,10,150,90,0.12162507554983247
177,1,10,150,90,0.1655922659307943
178,1,10,150,90,0.23511230768846117
179,1,10,150,90,0.04779424843825288
180,1,10,150,90,0.16785636010946767
181,1,10,150,90,0.12859769961911327
182,1,10,150,90,0.04195229264874745
183,1,10,150,90,0.02831169742649504
184,1,10,150,90,0.12247138201233332
185,1,10,150,90,0.0208917977510647
186,1,10,150,90,0.08646583277053092
187,1,10,150,90,0.1913083732597066
188,1,10,150,90,0.1560309023521532
189,1,10,150,90,0.3075237399249579
190,1,10,150,90,0.05339229345473345
191,1,10,150,90,0.0
192,1,10,150,90,0.10363179610670267
193,1,10,150,90,0.015341597742551824
194,1,10,150,90,0.08990242817856631
195,1,10,150,90,0.1350818622660359
196,1,10,150,90,0.07706308624591164
197,1,10,150,90,0.16929397007809274
198,1,10,150,90,0.04225822793149115
199,1,10,150,90,0.049748115641606416
200,1,10,150,90,0.23919241126064403
201,1,10,150,90,0.14398899998358702
202,1,10,150,90,0.0
203,1,10,150,90,0.05370431689540528
204,1,10,150,90,0.027001973670935885
205,1,10,150,90,0.36484800394146205
206,1,10,150,90,0.03974771280526578
207,1,10,150,90,0.220254640953088
208,1,10,150,90,0.047389964223811386
209,1,10,150,90,0.03243822298569767
210,1,10,150,90,0.1410744214094599
211,1,10,150,90,0.0
212,1,10,150,90,0.0874256646781203
213,1,10,150,90,0.2958934158860559
214,1,10,150,90,0.17169301418933652
215,1,10,150,90,0.255708749192597
216,1,10,150,90,0.18920848610998078
217,1,10,150,90,0.09429387113634759
218,1,10,150,90,0.06133198316402014
219,1,10,150,90,0.0
220,1,10,150,90,0.034616222155696735
221,1,10,150,90,0.06802289283215787
222,1,10,150,90,0.1583171276979756
223,1,10,150,90,0.10677939756546245
224,1,10,150,90,0.06445620708058306
225,1,10,150,90,0.19889742777798003
226,1,10,150,90,0.23814675809782818
227,1,10,150,90,0.10623119772529849
228,1,10,150,90,0.02917403367304273
229,1,10,150,90,0.0
230,1,10,150,90,0.25422798975444133
231,1,10,150,90,0.0
232,1,10,150,90,0.10424205663010026
233,1,10,150,90,0.16179604400552988
234,1,10,150,90,0.21058944832198087
235,1,10,150,90,0.23280252396956425
236,1,10,150,90,0.13123532326882845
237,1,10,150,90,0.24352191769087017
238,1,10,150,90,0.0
239,1,10,150,90,0.1872044464535561
240,1,10,150,90,0.0
241,1,10,150,90,0.047978870624887156
242,1,10,150,90,0.07484255566002171
243,1,10,150,90,0.12898989924507495
244,1,10,150,90,0.17408154357105388
245,1,10,150,90,0.18470089958507746
246,1,10,150,90,0.07117464882947531
247,1,10,150,90,0.08883649703748449
248,1,10,150,90,0.1352712391738193
249,1,10,150,90,0.3242782777944955
250,1,10,150,90,0.13537727623013396
251,1,10,150,90,0.1369922724163038
252,1,10,150,90,0.15744006533381547
253,1,10,150,90,0.2443190287228016
254,1,10,150,90,0.07352756868889418
255,1,10,150,90,0.09831516045677517
256,1,10,150,90,0.18335029516772117
257,1,10,150,90,0.2024772690671989
258,1,10,150,90,0.0
259,1,10,150,90,0.08642802717301845
260,1,10,150,90,0.0
261,1,10,150,90,0.0
262,1,10,150,90,0.0
263,1,10,150,90,0.25458460733580324
264,1,10,150,90,0.10897885545498918
265,1,10,150,90,0.33443049441002
266,1,10,150,90,0.10279639225640967
267,1,10,150,90,0.1335644760352865
268,1,10,150,90,0.16609628921482428
269,1,10,150,90,0.31455807520293166
270,1,10,150,90,0.10832567847977925
271,1,10,150,90,0.18547310304743736
272,1,10,150,90,0.23321348468935416
273,1,10,150,90,0.03860961209670539
274,1,10,150,90,0.2190414101098042
275,1,10,150,90,0.015522912158152052
276,1,10,150,90,0.3467186258086573
277,1,10,150,90,0.09982873474912346
278,1,10,150,90,0.07867548793068165
279,1,10,150,90,0.16491854013293075
280,1,10,150,90,0.19750183611133115
281,1,10,150,90,0.08591349210019344
282,1,10,150,90,0.0306359742689708
283,1,10,150,90,0.20644004022221485
284,1,10,150,90,0.07891945711936355
285,1,10,150,90,0.06473560181867054
286,1,10,150,90,0.27043894060803775
287,1,10,150,90,0.277373713129501
288,1,10,150,90,0.25730730990442935
289,1,10,150,90,0.0
290,1,10,150,90,0.10906936434592127
291,1,10,150,90,0.14589400572190334
292,1,10,150,90,0.18523409118499787
293,1,10,150,90,0.23502142155372946
294,1,10,150,90,0.020665272679455834
295,1,10,150,90,0.19304176292723751
296,1,10,150,90,0.2343183123375847
297,1,10,150,90,0.11071852558820368
298,1,10,150,90,0.265287510686088
299,1,10,150,90,0.11124203566847364
300,1,10,150,90,0.04336490181597879
301,1,10,150,90,0.28071767959870986
302,1,10,150,90,0.13927874459665815
303,1,10,150,90,0.28178952867069623
304,1,10,150,90,0.0
305,1,10,150,90,0.14891633819037442
306,1,10,150,90,0.08156911164475483
307,1,10,150,90,0.2598443836508552
308,1,10,150,90,0.35345508708436174
309,1,10,150,90,0.0
310,1,10,150,90,0.06900643972011666
311,1,10,150,90,0.26979791954348764
312,1,10,150,90,0.2532698138038471
313,1,10,150,90,0.2613493699412577
314,1,10,150,90,0.1646617658940785
315,1,10,150,90,0.286099807090925
316,1,10,150,90,0.15163097251042218
317,1,10,150,90,0.0
318,1,10,150,90,0.11181450241843982
319,1,10,150,90,0.06591877139737895
320,1,10,150,90,0.1924988394784141
321,1,10,150,90,0.15427224748816595
322,1,10,150,90,0.27393381314717025
323,1,10,150,90,0.20144166357013524
324,1,10,150,90,0.10121986794608845
325,1,10,150,90,0.0901883711443618
326,1,10,150,90,0.23923503217231218
327,1,10,150,90,0.012596844150608119
328,1,10,150,90,0.14343407676308498
329,1,10,150,90,0.0600464949049256
330,1,10,150,90,0.26575920819995197
331,1,10,150,90,0.09091966573968718
332,1,10,150,90,0.15191987624214254
333,1,10,150,90,0.1014371752449239
334,1,10,150,90,0.12017931616442584
335,1,10,150,90,0.08149421541954936
336,1,10,150,90,0.1252879373315154
337,1,10,150,90,0.10521567817367497
338,1,10,150,90,0.15896841246993118
339,1,10,150,90,0.3115973308498609
340,1,10,150,90,0.33716689361470614
341,1,10,150,90,0.0
342,1,10,150,90,0.09298480097837011
343,1,10,150,90,0.28990023182190544
344,1,10,150,90,0.23148267984720988
345,1,10,150,90,0.08267206350743059
346,1,10,150,90,0.11905023331895151
347,1,10,150,90,0.2646772008433278
348,1,10,150,90,0.18923084143550442
349,1,10,150,90,0.28750580972533735
350,1,10,150,90,0.057127212566552996
351,1,10,150,90,0.02907522751061953
352,1,10,150,90,0.1723437934095643
353,1,10,150,90,0.0
354,1,10,150,90,0.15826397898016284
355,1,10,150,90,0.0
356,1,10,150,90,0.0
357,1,10,150,90,0.06959508771708611
358,1,10,150,90,0.06323567569191428
359,1,10,150,90,0.23047812925238975
360,1,10,150,90,0.1692259700041561
361,1,10,150,90,0.15572261253779404
362,1,10,150,90,0.15042501043191572
363,1,10,150,90,0.1038081045682486
364,1,10,150,90,0.0
365,1,10,150,90,0.14456587527532935
366,1,10,150,90,0.13610100259425117
367,1,10,150,90,0.11436773481003104
368,1,10,150,90,0.042512356679180144
369,1,10,150,90,0.0
370,1,10,150,90,0.19811064503366002
371,1,10,150,90,0.1319132354603233
372,1,10,150,90,0.15984877514852935
373,1,10,150,90,0.14120481734031762
374,1,10,150,90,0.1307980851043666
375,1,10,150,90,0.04282650856324445
376,1,10,150,90,0.0
377,1,10,150,90,0.12130002016702163
378,1,10,150,90,0.20392663728472246
379,1,10,150,90,0.19461212668230085
380,1,10,150,90,0.09265437814927784
381,1,10,150,90,0.13815699085947417
382,1,10,150,90,0.0
383,1,10,150,90,0.11713125931833299
384,1,10,150,90,0.0561173220664886
385,1,10,150,90,0.1260083426369828
386,1,10,150,90,0.14606834984270645
387,1,10,150,90,0.12729324422285246
388,1,10,150,90,0.08659331667411305
389,1,10,150,90,0.1014822420242732
390,1,10,150,90,0.05307577057513386
391,1,10,150,90,0.08907375584162422
392,1,10,150,90,0.2018548641117942
393,1,10,150,90,0.26677042783850763
394,1,10,150,90,0.10657019454040408
395,1,10,150,90,0.1494624820736264
396,1,10,150,90,0.0
397,1,10,150,90,0.10540164605552274
398,1,10,150,90,0.1406230079272144
399,1,10,150,90,0.03152175963521067
400,1,10,150,90,0.0
401,1,10,150,90,0.016941778998402247
402,1,10,150,90,0.11288598947105788
403,1,10,150,90,0.09224219235917257
404,1,10,150,90,0.05446824630887794
405,1,10,150,90,0.224854907585689
406,1,10,150,90,0.15969298558601516
407,1,10,150,90,0.07541018366439421
408,1,10,150,90,0.0
409,1,10,150,90,0.13204397186208772
410,1,10,150,90,0.0
411,1,10,150,90,0.0
412,1,10,150,90,0.15001451003751623
413,1,10,150,90,0.04935421935348238
414,1,10,150,90,0.1309019901681972
415,1,10,150,90,0.0
416,1,10,150,90,0.25606747681121805
417,1,10,150,90,0.12309745810327996
418,1,10,150,90,0.14436292983286242
419,1,10,150,90,0.0
420,1,10,150,90,0.31734175351483307
421,1,10,150,90,0.0
422,1,10,150,90,0.030480958763669998
423,1,10,150,90,0.0
424,1,10,150,90,0.0
425,1,10,150,90,0.03792725875617552
426,1,10,150,90,0.11229023146606223
427,1,10,150,90,0.0
428,1,10,150,90,0.04822019817866397
429,1,10,150,90,0.14062551472815982
430,1,10,150,90,0.0
431,1,10,150,90,0.0
432,1,10,150,90,0.0
433,1,10,150,90,0.20451415323992994
434,1,10,150,90,0.0
435,1,10,150,90,0.08127781909048552
436,1,10,150,90,0.09499424853799125
437,1,10,150,90,0.14945564650669343
438,1,10,150,90,0.0
439,1,10,150,90,0.18154179253735267
440,1,10,150,90,0.0
442,1,10,150,90,0.0733934381893728
444,1,10,150,90,0.0
445,1,10,150,90,0.0
446,1,10,150,90,0.0
447,1,10,150,90,0.0
448,1,10,150,90,0.0
449,1,10,150,90,0.08972920377238332
450,1,10,150,90,0.17556211942720856
451,1,10,150,90,0.05497526658285817
452,1,10,150,90,0.05780700008370542
453,1,10,150,90,0.1515771522786143
454,1,10,150,90,0.1059131727358383
455,1,10,150,90,0.0
456,1,10,150,90,0.0
457,1,10,150,90,0.14751814893861787
458,1,10,150,90,0.0
459,1,10,150,90,0.0
460,1,10,150,90,0.0
462,1,10,150,90,0.0
1,1,10,150,91,0.4680278118690057
2,1,10,150,91,0.1011519894320134
3,1,10,150,91,0.020132733082951743
4,1,10,150,91,0.11528901748471758
5,1,10,150,91,0.03995561222805098
6,1,10,150,91,0.16612721445437303
7,1,10,150,91,0.4050049576070081
8,1,10,150,91,0.21327391470391274
9,1,10,150,91,0.07291513481207902
10,1,10,150,91,0.28689917675641785
11,1,10,150,91,0.1709655603646959
12,1,10,150,91,0.12022816103951169
13,1,10,150,91,0.48021057145380786
14,1,10,150,91,0.3594033245980631
15,1,10,150,91,0.050262678017164185
16,1,10,150,91,0.29122677086105475
17,1,10,150,91,0.10122860821230018
18,1,10,150,91,0.24555287860691588
19,1,10,150,91,0.13886244387355454
20,1,10,150,91,0.07744958098452553
21,1,10,150,91,0.09680666468313012
22,1,10,150,91,0.138801005060848
23,1,10,150,91,0.0
24,1,10,150,91,0.2080789650281721
25,1,10,150,91,0.17085280125179103
26,1,10,150,91,0.0
27,1,10,150,91,0.0
28,1,10,150,91,0.2629052193668776
29,1,10,150,91,0.0
30,1,10,150,91,0.0
31,1,10,150,91,0.09711583757314435
32,1,10,150,91,0.11469999139467348
33,1,10,150,91,0.0
34,1,10,150,91,0.0
35,1,10,150,91,0.0
36,1,10,150,91,0.0
37,1,10,150,91,0.15133867332691472
38,1,10,150,91,0.2375994139404883
39,1,10,150,91,0.0993029104208021
40,1,10,150,91,0.3197267407502473
41,1,10,150,91,0.0224586613737933
42,1,10,150,91,0.22050001756599139
43,1,10,150,91,0.26863456592669704
44,1,10,150,91,0.07237002116518762
45,1,10,150,91,0.04094516368001556
46,1,10,150,91,0.02795730764456241
47,1,10,150,91,0.0
48,1,10,150,91,0.24592160725427623
49,1,10,150,91,0.0925694944203594
50,1,10,150,91,0.0
51,1,10,150,91,0.0
52,1,10,150,91,0.07095766703421214
53,1,10,150,91,0.1369821642818139
54,1,10,150,91,0.12836415432918194
55,1,10,150,91,0.0
56,1,10,150,91,0.16603656038537237
57,1,10,150,91,0.1943154106647398
58,1,10,150,91,0.2065747960568662
59,1,10,150,91,0.3007335471161353
60,1,10,150,91,0.21317604563600567
61,1,10,150,91,0.0
62,1,10,150,91,0.17938349509576024
63,1,10,150,91,0.05952760695051026
64,1,10,150,91,0.11891215958952951
65,1,10,150,91,0.2306157261998143
66,1,10,150,91,0.0
67,1,10,150,91,0.03314040476303028
68,1,10,150,91,0.0
69,1,10,150,91,0.2705442665348323
70,1,10,150,91,0.09509990093533892
71,1,10,150,91,0.0
72,1,10,150,91,0.2489252548854098
73,1,10,150,91,0.2411808659921475
74,1,10,150,91,0.03272011597426011
75,1,10,150,91,0.10310690100385646
76,1,10,150,91,0.1177548715386271
77,1,10,150,91,0.45927229869726693
78,1,10,150,91,0.05658242244874664
79,1,10,150,91,0.4102269223050506
80,1,10,150,91,0.1466914912588887
81,1,10,150,91,0.034380101046999886
82,1,10,150,91,0.1701963280120859
83,1,10,150,91,0.10057479033327138
84,1,10,150,91,0.05683844068224461
85,1,10,150,91,0.04664917172070461
86,1,10,150,91,0.0
87,1,10,150,91,0.14266324622916035
88,1,10,150,91,0.0
89,1,10,150,91,0.18598056335085358
90,1,10,150,91,0.29615833304134737
91,1,10,150,91,0.2038089528349625
92,1,10,150,91,0.27983141564211084
93,1,10,150,91,0.03194176236549506
94,1,10,150,91,0.38853605600502794
95,1,10,150,91,0.23184142946826766
96,1,10,150,91,0.3781493395140278
97,1,10,150,91,0.1969267828793275
98,1,10,150,91,0.22712419731564737
99,1,10,150,91,0.16792576455798583
100,1,10,150,91,0.022805505402617214
101,1,10,150,91,0.07621696537409083
102,1,10,150,91,0.026636996551484517
103,1,10,150,91,0.15394621921377785
104,1,10,150,91,0.015190330175114026
105,1,10,150,91,0.05200670101006268
106,1,10,150,91,0.32566885821812863
107,1,10,150,91,0.0
108,1,10,150,91,0.06036985955798015
109,1,10,150,91,0.2399690892882002
110,1,10,150,91,0.05010738025702798
111,1,10,150,91,0.038281751104512325
112,1,10,150,91,0.041631053839379054
113,1,10,150,91,0.02769198719673247
114,1,10,150,91,0.11938748599511304
115,1,10,150,91,0.35526584484273294
116,1,10,150,91,0.04921644451579891
117,1,10,150,91,0.25596974895629354
118,1,10,150,91,0.12478478081707345
119,1,10,150,91,0.13447103054356552
120,1,10,150,91,0.12171775198765021
121,1,10,150,91,0.18136606922889512
122,1,10,150,91,0.125418998393806
123,1,10,150,91,0.045465875186671466
124,1,10,150,91,0.18978688349077963
125,1,10,150,91,0.2525615520980268
126,1,10,150,91,0.0
127,1,10,150,91,0.071512236588497
128,1,10,150,91,0.20599274447362576
129,1,10,150,91,0.03443731487202246
130,1,10,150,91,0.34339243874202363
131,1,10,150,91,0.25372733625822586
132,1,10,150,91,0.12238042572284785
133,1,10,150,91,0.0
134,1,10,150,91,0.030071530282993673
135,1,10,150,91,0.04046615435059731
136,1,10,150,91,0.35628796654787115
137,1,10,150,91,0.29533063600730286
138,1,10,150,91,0.12894648724143637
139,1,10,150,91,0.06016179456846956
140,1,10,150,91,0.039232819060514755
141,1,10,150,91,0.14439434970082324
142,1,10,150,91,0.04395738023645723
143,1,10,150,91,0.0
144,1,10,150,91,0.11475539678355724
145,1,10,150,91,0.262274396982465
146,1,10,150,91,0.0
147,1,10,150,91,0.038800293177871176
148,1,10,150,91,0.2924190881243261
149,1,10,150,91,0.0
150,1,10,150,91,0.0
151,1,10,150,91,0.257995826611804
152,1,10,150,91,0.2152831184598316
153,1,10,150,91,0.21315403751398063
154,1,10,150,91,0.14119390874852483
155,1,10,150,91,0.0
156,1,10,150,91,0.056765037818527084
157,1,10,150,91,0.07267844514201649
158,1,10,150,91,0.3451395350863708
159,1,10,150,91,0.06521625450990476
160,1,10,150,91,0.17465425782884814
161,1,10,150,91,0.13331237983363897
162,1,10,150,91,0.0475858026939827
163,1,10,150,91,0.08930748165857323
164,1,10,150,91,0.1727093798384078
165,1,10,150,91,0.16621229711010693
166,1,10,150,91,0.0
167,1,10,150,91,0.2282770400969221
168,1,10,150,91,0.044682472154713174
169,1,10,150,91,0.14269884249349324
170,1,10,150,91,0.0
171,1,10,150,91,0.0
172,1,10,150,91,0.0239003177617487
173,1,10,150,91,0.02795730764456241
174,1,10,150,91,0.14006379596122223
175,1,10,150,91,0.10467701423324277
176,1,10,150,91,0.12162507554983247
177,1,10,150,91,0.1655922659307943
178,1,10,150,91,0.2332711465214184
179,1,10,150,91,0.04779424843825288
180,1,10,150,91,0.16785636010946767
181,1,10,150,91,0.12759065284628554
182,1,10,150,91,0.04195229264874745
183,1,10,150,91,0.02831169742649504
184,1,10,150,91,0.12151231034631932
185,1,10,150,91,0.0208917977510647
186,1,10,150,91,0.08646583277053092
187,1,10,150,91,0.1913083732597066
188,1,10,150,91,0.16730684164342016
189,1,10,150,91,0.3075237399249579
190,1,10,150,91,0.05339229345473345
191,1,10,150,91,0.0
192,1,10,150,91,0.10363179610670267
193,1,10,150,91,0.015341597742551824
194,1,10,150,91,0.08919840353088788
195,1,10,150,91,0.1350818622660359
196,1,10,150,91,0.07706308624591164
197,1,10,150,91,0.16929397007809274
198,1,10,150,91,0.05123624164869835
199,1,10,150,91,0.049748115641606416
200,1,10,150,91,0.2373192988600462
201,1,10,150,91,0.15069241005721037
202,1,10,150,91,0.0
203,1,10,150,91,0.05370431689540528
204,1,10,150,91,0.027001973670935885
205,1,10,150,91,0.36484800394146205
206,1,10,150,91,0.03974771280526578
207,1,10,150,91,0.2263608158674243
208,1,10,150,91,0.047389964223811386
209,1,10,150,91,0.03243822298569767
210,1,10,150,91,0.1410744214094599
211,1,10,150,91,0.0
212,1,10,150,91,0.0874256646781203
213,1,10,150,91,0.2958934158860559
214,1,10,150,91,0.17169301418933652
215,1,10,150,91,0.255708749192597
216,1,10,150,91,0.18920848610998078
217,1,10,150,91,0.09429387113634759
218,1,10,150,91,0.06133198316402014
219,1,10,150,91,0.0
220,1,10,150,91,0.034616222155696735
221,1,10,150,91,0.06802289283215787
222,1,10,150,91,0.15707734850282812
223,1,10,150,91,0.10677939756546245
224,1,10,150,91,0.06445620708058306
225,1,10,150,91,0.19889742777798003
226,1,10,150,91,0.23814675809782818
227,1,10,150,91,0.10623119772529849
228,1,10,150,91,0.02917403367304273
229,1,10,150,91,0.0
230,1,10,150,91,0.25422798975444133
231,1,10,150,91,0.0
232,1,10,150,91,0.10424205663010026
233,1,10,150,91,0.16179604400552988
234,1,10,150,91,0.21677131122355756
235,1,10,150,91,0.23280252396956425
236,1,10,150,91,0.13123532326882845
237,1,10,150,91,0.24352191769087017
238,1,10,150,91,0.0
239,1,10,150,91,0.1872044464535561
240,1,10,150,91,0.0
241,1,10,150,91,0.047978870624887156
242,1,10,150,91,0.07484255566002171
243,1,10,150,91,0.12898989924507495
244,1,10,150,91,0.17271831345744115
245,1,10,150,91,0.18470089958507746
246,1,10,150,91,0.07117464882947531
247,1,10,150,91,0.08883649703748449
248,1,10,150,91,0.1352712391738193
249,1,10,150,91,0.3242782777944955
250,1,10,150,91,0.13537727623013396
251,1,10,150,91,0.1369922724163038
252,1,10,150,91,0.15744006533381547
253,1,10,150,91,0.2443190287228016
254,1,10,150,91,0.07352756868889418
255,1,10,150,91,0.09831516045677517
256,1,10,150,91,0.18191448159101997
257,1,10,150,91,0.2024772690671989
258,1,10,150,91,0.0
259,1,10,150,91,0.08642802717301845
260,1,10,150,91,0.0
261,1,10,150,91,0.0
262,1,10,150,91,0.0
263,1,10,150,91,0.25458460733580324
264,1,10,150,91,0.11984372457620064
265,1,10,150,91,0.33443049441002
266,1,10,150,91,0.10279639225640967
267,1,10,150,91,0.1422203236757306
268,1,10,150,91,0.1647955915155041
269,1,10,150,91,0.3120947753504596
270,1,10,150,91,0.11814256780059403
271,1,10,150,91,0.18402066579215615
272,1,10,150,91,0.25498687177304324
273,1,10,150,91,0.03860961209670539
274,1,10,150,91,0.2190414101098042
275,1,10,150,91,0.015522912158152052
276,1,10,150,91,0.344003477137771
277,1,10,150,91,0.09982873474912346
278,1,10,150,91,0.07867548793068165
279,1,10,150,91,0.17145805127269612
280,1,10,150,91,0.1959552020170001
281,1,10,150,91,0.08591349210019344
282,1,10,150,91,0.0306359742689708
283,1,10,150,91,0.20644004022221485
284,1,10,150,91,0.07891945711936355
285,1,10,150,91,0.06473560181867054
286,1,10,150,91,0.27615212297924285
287,1,10,150,91,0.277373713129501
288,1,10,150,91,0.25730730990442935
289,1,10,150,91,0.0
290,1,10,150,91,0.10906936434592127
291,1,10,150,91,0.14475151181981713
292,1,10,150,91,0.18523409118499787
293,1,10,150,91,0.24101195801735492
294,1,10,150,91,0.020665272679455834
295,1,10,150,91,0.19153005560313577
296,1,10,150,91,0.2343183123375847
297,1,10,150,91,0.10985149037516265
298,1,10,150,91,0.265287510686088
299,1,10,150,91,0.11037090085537413
300,1,10,150,91,0.04336490181597879
301,1,10,150,91,0.27851938340715376
302,1,10,150,91,0.13927874459665815
303,1,10,150,91,0.27958283884416774
304,1,10,150,91,0.0
305,1,10,150,91,0.14775017644533456
306,1,10,150,91,0.08156911164475483
307,1,10,150,91,0.2598443836508552
308,1,10,150,91,0.3506871852801918
309,1,10,150,91,0.0
310,1,10,150,91,0.06900643972011666
311,1,10,150,91,0.26768513583898407
312,1,10,150,91,0.25911744736501624
313,1,10,150,91,0.25930274670958686
314,1,10,150,91,0.16337230192666008
315,1,10,150,91,0.286099807090925
316,1,10,150,91,0.15163097251042218
317,1,10,150,91,0.0
318,1,10,150,91,0.11181450241843982
319,1,10,150,91,0.06591877139737895
320,1,10,150,91,0.1924988394784141
321,1,10,150,91,0.15427224748816595
322,1,10,150,91,0.27393381314717025
323,1,10,150,91,0.20144166357013524
324,1,10,150,91,0.10121986794608845
325,1,10,150,91,0.0901883711443618
326,1,10,150,91,0.23923503217231218
327,1,10,150,91,0.0124981984416471
328,1,10,150,91,0.14231084652999673
329,1,10,150,91,0.0600464949049256
330,1,10,150,91,0.27601140298895566
331,1,10,150,91,0.09091966573968718
332,1,10,150,91,0.15191987624214254
333,1,10,150,91,0.1014371752449239
334,1,10,150,91,0.1192381936337547
335,1,10,150,91,0.08149421541954936
336,1,10,150,91,0.1252879373315154
337,1,10,150,91,0.10521567817367497
338,1,10,150,91,0.15896841246993118
339,1,10,150,91,0.309157216544679
340,1,10,150,91,0.33716689361470614
341,1,10,150,91,0.0
342,1,10,150,91,0.09298480097837011
343,1,10,150,91,0.28990023182190544
344,1,10,150,91,0.23148267984720988
345,1,10,150,91,0.0820246597435627
346,1,10,150,91,0.11905023331895151
347,1,10,150,91,0.2646772008433278
348,1,10,150,91,0.18923084143550442
349,1,10,150,91,0.28750580972533735
350,1,10,150,91,0.057127212566552996
351,1,10,150,91,0.02907522751061953
352,1,10,150,91,0.1723437934095643
353,1,10,150,91,0.0
354,1,10,150,91,0.15826397898016284
355,1,10,150,91,0.0
356,1,10,150,91,0.0
357,1,10,150,91,0.06959508771708611
358,1,10,150,91,0.06323567569191428
359,1,10,150,91,0.23047812925238975
360,1,10,150,91,0.1692259700041561
361,1,10,150,91,0.15572261253779404
362,1,10,150,91,0.15042501043191572
363,1,10,150,91,0.10299518476479606
364,1,10,150,91,0.0
365,1,10,150,91,0.14456587527532935
366,1,10,150,91,0.13610100259425117
367,1,10,150,91,0.11436773481003104
368,1,10,150,91,0.042512356679180144
369,1,10,150,91,0.0
370,1,10,150,91,0.19811064503366002
371,1,10,150,91,0.1319132354603233
372,1,10,150,91,0.15984877514852935
373,1,10,150,91,0.14120481734031762
374,1,10,150,91,0.1307980851043666
375,1,10,150,91,0.04282650856324445
376,1,10,150,91,0.0
377,1,10,150,91,0.12130002016702163
378,1,10,150,91,0.20232969066297538
379,1,10,150,91,0.19461212668230085
380,1,10,150,91,0.09265437814927784
381,1,10,150,91,0.13815699085947417
382,1,10,150,91,0.0
383,1,10,150,91,0.11713125931833299
384,1,10,150,91,0.0561173220664886
385,1,10,150,91,0.1260083426369828
386,1,10,150,91,0.14606834984270645
387,1,10,150,91,0.12629641262184346
388,1,10,150,91,0.08659331667411305
389,1,10,150,91,0.1014822420242732
390,1,10,150,91,0.05307577057513386
391,1,10,150,91,0.08907375584162422
392,1,10,150,91,0.2185867456454074
393,1,10,150,91,0.27251233828149457
394,1,10,150,91,0.10657019454040408
395,1,10,150,91,0.1494624820736264
396,1,10,150,91,0.0
397,1,10,150,91,0.10540164605552274
398,1,10,150,91,0.1406230079272144
399,1,10,150,91,0.03152175963521067
400,1,10,150,91,0.0
401,1,10,150,91,0.016941778998402247
402,1,10,150,91,0.11288598947105788
403,1,10,150,91,0.09224219235917257
404,1,10,150,91,0.05446824630887794
405,1,10,150,91,0.22309407197424863
406,1,10,150,91,0.15969298558601516
407,1,10,150,91,0.07541018366439421
408,1,10,150,91,0.0
409,1,10,150,91,0.13204397186208772
410,1,10,150,91,0.0
411,1,10,150,91,0.0
412,1,10,150,91,0.15001451003751623
413,1,10,150,91,0.04935421935348238
414,1,10,150,91,0.1309019901681972
415,1,10,150,91,0.0
416,1,10,150,91,0.25606747681121805
417,1,10,150,91,0.12309745810327996
418,1,10,150,91,0.14436292983286242
419,1,10,150,91,0.0
420,1,10,150,91,0.31734175351483307
421,1,10,150,91,0.0
422,1,10,150,91,0.030480958763669998
423,1,10,150,91,0.0
424,1,10,150,91,0.0
425,1,10,150,91,0.03792725875617552
426,1,10,150,91,0.11229023146606223
427,1,10,150,91,0.0
428,1,10,150,91,0.04822019817866397
429,1,10,150,91,0.14062551472815982
430,1,10,150,91,0.0
431,1,10,150,91,0.0
432,1,10,150,91,0.03178650410794896
433,1,10,150,91,0.20451415323992994
434,1,10,150,91,0.0
435,1,10,150,91,0.08127781909048552
436,1,10,150,91,0.09499424853799125
437,1,10,150,91,0.14945564650669343
438,1,10,150,91,0.0
439,1,10,150,91,0.18154179253735267
440,1,10,150,91,0.0
442,1,10,150,91,0.0733934381893728
444,1,10,150,91,0.0
445,1,10,150,91,0.0
446,1,10,150,91,0.0
447,1,10,150,91,0.0
448,1,10,150,91,0.0
449,1,10,150,91,0.08972920377238332
450,1,10,150,91,0.17556211942720856
451,1,10,150,91,0.05497526658285817
452,1,10,150,91,0.05780700008370542
453,1,10,150,91,0.1515771522786143
454,1,10,150,91,0.1059131727358383
455,1,10,150,91,0.0
456,1,10,150,91,0.0
457,1,10,150,91,0.14751814893861787
458,1,10,150,91,0.0
459,1,10,150,91,0.0
460,1,10,150,91,0.0
462,1,10,150,91,0.0
1,1,10,150,92,0.46439977783902797
2,1,10,150,92,0.1011519894320134
3,1,10,150,92,0.020132733082951743
4,1,10,150,92,0.11528901748471758
5,1,10,150,92,0.03995561222805098
6,1,10,150,92,0.16483943801873982
7,1,10,150,92,0.40186546091205705
8,1,10,150,92,0.21327391470391274
9,1,10,150,92,0.07291513481207902
10,1,10,150,92,0.28689917675641785
11,1,10,150,92,0.1709655603646959
12,1,10,150,92,0.12022816103951169
13,1,10,150,92,0.48423984853385477
14,1,10,150,92,0.3594033245980631
15,1,10,150,92,0.050262678017164185
16,1,10,150,92,0.29122677086105475
17,1,10,150,92,0.10122860821230018
18,1,10,150,92,0.24364941437433682
19,1,10,150,92,0.13886244387355454
20,1,10,150,92,0.07744958098452553
21,1,10,150,92,0.09680666468313012
22,1,10,150,92,0.138801005060848
23,1,10,150,92,0.0
24,1,10,150,92,0.2080789650281721
25,1,10,150,92,0.17085280125179103
26,1,10,150,92,0.0
27,1,10,150,92,0.0
28,1,10,150,92,0.2629052193668776
29,1,10,150,92,0.0
30,1,10,150,92,0.0
31,1,10,150,92,0.09711583757314435
32,1,10,150,92,0.11469999139467348
33,1,10,150,92,0.0
34,1,10,150,92,0.0
35,1,10,150,92,0.0
36,1,10,150,92,0.0
37,1,10,150,92,0.15133867332691472
38,1,10,150,92,0.2375994139404883
39,1,10,150,92,0.0993029104208021
40,1,10,150,92,0.3197267407502473
41,1,10,150,92,0.0224586613737933
42,1,10,150,92,0.22654250562101572
43,1,10,150,92,0.2665521782520878
44,1,10,150,92,0.07237002116518762
45,1,10,150,92,0.04094516368001556
46,1,10,150,92,0.02795730764456241
47,1,10,150,92,0.0
48,1,10,150,92,0.2615959484067528
49,1,10,150,92,0.09185191895288078
50,1,10,150,92,0.0
51,1,10,150,92,0.0
52,1,10,150,92,0.07095766703421214
53,1,10,150,92,0.1369821642818139
54,1,10,150,92,0.12836415432918194
55,1,10,150,92,0.0
56,1,10,150,92,0.17250123547935162
57,1,10,150,92,0.1943154106647398
58,1,10,150,92,0.2065747960568662
59,1,10,150,92,0.30615408500458574
60,1,10,150,92,0.21317604563600567
61,1,10,150,92,0.0
62,1,10,150,92,0.17799295930254563
63,1,10,150,92,0.05952760695051026
64,1,10,150,92,0.11891215958952951
65,1,10,150,92,0.2306157261998143
66,1,10,150,92,0.0
67,1,10,150,92,0.03314040476303028
68,1,10,150,92,0.0
69,1,10,150,92,0.2705442665348323
70,1,10,150,92,0.09509990093533892
71,1,10,150,92,0.0
72,1,10,150,92,0.2489252548854098
73,1,10,150,92,0.2411808659921475
74,1,10,150,92,0.03272011597426011
75,1,10,150,92,0.10310690100385646
76,1,10,150,92,0.1177548715386271
77,1,10,150,92,0.45927229869726693
78,1,10,150,92,0.05658242244874664
79,1,10,150,92,0.4102269223050506
80,1,10,150,92,0.1466914912588887
81,1,10,150,92,0.034380101046999886
82,1,10,150,92,0.1701963280120859
83,1,10,150,92,0.10057479033327138
84,1,10,150,92,0.05683844068224461
85,1,10,150,92,0.0462875590597024
86,1,10,150,92,0.030028011472322282
87,1,10,150,92,0.14155735658110807
88,1,10,150,92,0.0
89,1,10,150,92,0.18598056335085358
90,1,10,150,92,0.3016143368400211
91,1,10,150,92,0.2038089528349625
92,1,10,150,92,0.27766223280113345
93,1,10,150,92,0.03194176236549506
94,1,10,150,92,0.3855242220983409
95,1,10,150,92,0.23004425294512337
96,1,10,150,92,0.3781493395140278
97,1,10,150,92,0.21439206042834352
98,1,10,150,92,0.22712419731564737
99,1,10,150,92,0.16792576455798583
100,1,10,150,92,0.022805505402617214
101,1,10,150,92,0.07621696537409083
102,1,10,150,92,0.02643051324537656
103,1,10,150,92,0.15394621921377785
104,1,10,150,92,0.015190330175114026
105,1,10,150,92,0.05200670101006268
106,1,10,150,92,0.32566885821812863
107,1,10,150,92,0.0
108,1,10,150,92,0.08541488164531355
109,1,10,150,92,0.23810890918778338
110,1,10,150,92,0.05010738025702798
111,1,10,150,92,0.038281751104512325
112,1,10,150,92,0.041631053839379054
113,1,10,150,92,0.02769198719673247
114,1,10,150,92,0.11938748599511304
115,1,10,150,92,0.35526584484273294
116,1,10,150,92,0.04921644451579891
117,1,10,150,92,0.25596974895629354
118,1,10,150,92,0.12478478081707345
119,1,10,150,92,0.13447103054356552
120,1,10,150,92,0.12171775198765021
121,1,10,150,92,0.18136606922889512
122,1,10,150,92,0.125418998393806
123,1,10,150,92,0.045465875186671466
124,1,10,150,92,0.18978688349077963
125,1,10,150,92,0.2506037583891091
126,1,10,150,92,0.0
127,1,10,150,92,0.071512236588497
128,1,10,150,92,0.20599274447362576
129,1,10,150,92,0.03443731487202246
130,1,10,150,92,0.34848229561841665
131,1,10,150,92,0.25372733625822586
132,1,10,150,92,0.12238042572284785
133,1,10,150,92,0.0
134,1,10,150,92,0.030071530282993673
135,1,10,150,92,0.04046615435059731
136,1,10,150,92,0.35628796654787115
137,1,10,150,92,0.29533063600730286
138,1,10,150,92,0.12894648724143637
139,1,10,150,92,0.06016179456846956
140,1,10,150,92,0.039232819060514755
141,1,10,150,92,0.14439434970082324
142,1,10,150,92,0.04395738023645723
143,1,10,150,92,0.0
144,1,10,150,92,0.11386584177401247
145,1,10,150,92,0.26024131173985
146,1,10,150,92,0.03365750437567162
147,1,10,150,92,0.038800293177871176
148,1,10,150,92,0.2924190881243261
149,1,10,150,92,0.0
150,1,10,150,92,0.0
151,1,10,150,92,0.25599590777193415
152,1,10,150,92,0.2152831184598316
153,1,10,150,92,0.21315403751398063
154,1,10,150,92,0.14119390874852483
155,1,10,150,92,0.0
156,1,10,150,92,0.056765037818527084
157,1,10,150,92,0.07267844514201649
158,1,10,150,92,0.3451395350863708
159,1,10,150,92,0.06521625450990476
160,1,10,150,92,0.17465425782884814
161,1,10,150,92,0.13331237983363897
162,1,10,150,92,0.0475858026939827
163,1,10,150,92,0.08930748165857323
164,1,10,150,92,0.18940135337489952
165,1,10,150,92,0.16621229711010693
166,1,10,150,92,0.0
167,1,10,150,92,0.2282770400969221
168,1,10,150,92,0.044682472154713174
169,1,10,150,92,0.14269884249349324
170,1,10,150,92,0.0
171,1,10,150,92,0.0
172,1,10,150,92,0.0239003177617487
173,1,10,150,92,0.02795730764456241
174,1,10,150,92,0.14006379596122223
175,1,10,150,92,0.10467701423324277
176,1,10,150,92,0.12162507554983247
177,1,10,150,92,0.1655922659307943
178,1,10,150,92,0.2314628871908201
179,1,10,150,92,0.04779424843825288
180,1,10,150,92,0.16785636010946767
181,1,10,150,92,0.1266016021559326
182,1,10,150,92,0.04195229264874745
183,1,10,150,92,0.02831169742649504
184,1,10,150,92,0.12057037744015892
185,1,10,150,92,0.0208917977510647
186,1,10,150,92,0.08646583277053092
187,1,10,150,92,0.1913083732597066
188,1,10,150,92,0.16730684164342016
189,1,10,150,92,0.3075237399249579
190,1,10,150,92,0.05339229345473345
191,1,10,150,92,0.0
192,1,10,150,92,0.10363179610670267
193,1,10,150,92,0.015341597742551824
194,1,10,150,92,0.09625870871521497
195,1,10,150,92,0.1350818622660359
196,1,10,150,92,0.07706308624591164
197,1,10,150,92,0.16929397007809274
198,1,10,150,92,0.060192841483380555
199,1,10,150,92,0.049748115641606416
200,1,10,150,92,0.23547965926940648
201,1,10,150,92,0.14952428034807264
202,1,10,150,92,0.0
203,1,10,150,92,0.05370431689540528
204,1,10,150,92,0.027001973670935885
205,1,10,150,92,0.36484800394146205
206,1,10,150,92,0.03974771280526578
207,1,10,150,92,0.2323578724862365
208,1,10,150,92,0.06781923368674067
209,1,10,150,92,0.03243822298569767
210,1,10,150,92,0.1410744214094599
211,1,10,150,92,0.0
212,1,10,150,92,0.0874256646781203
213,1,10,150,92,0.30647783910768517
214,1,10,150,92,0.17169301418933652
215,1,10,150,92,0.255708749192597
216,1,10,150,92,0.18920848610998078
217,1,10,150,92,0.09429387113634759
218,1,10,150,92,0.06133198316402014
219,1,10,150,92,0.030028011472322282
220,1,10,150,92,0.034616222155696735
221,1,10,150,92,0.06802289283215787
222,1,10,150,92,0.15585972435474343
223,1,10,150,92,0.10677939756546245
224,1,10,150,92,0.07324870308396719
225,1,10,150,92,0.19889742777798003
226,1,10,150,92,0.23814675809782818
227,1,10,150,92,0.10623119772529849
228,1,10,150,92,0.02917403367304273
229,1,10,150,92,0.0
230,1,10,150,92,0.25422798975444133
231,1,10,150,92,0.0
232,1,10,150,92,0.10424205663010026
233,1,10,150,92,0.17513937617266395
234,1,10,150,92,0.2150909544714633
235,1,10,150,92,0.23280252396956425
236,1,10,150,92,0.13123532326882845
237,1,10,150,92,0.24352191769087017
238,1,10,150,92,0.0
239,1,10,150,92,0.1872044464535561
240,1,10,150,92,0.0
241,1,10,150,92,0.047978870624887156
242,1,10,150,92,0.07484255566002171
243,1,10,150,92,0.12898989924507495
244,1,10,150,92,0.17137944447800676
245,1,10,150,92,0.18470089958507746
246,1,10,150,92,0.07117464882947531
247,1,10,150,92,0.08883649703748449
248,1,10,150,92,0.1352712391738193
249,1,10,150,92,0.3242782777944955
250,1,10,150,92,0.13537727623013396
251,1,10,150,92,0.1369922724163038
252,1,10,150,92,0.15744006533381547
253,1,10,150,92,0.25788042776378417
254,1,10,150,92,0.07352756868889418
255,1,10,150,92,0.09831516045677517
256,1,10,150,92,0.18050432622627274
257,1,10,150,92,0.2024772690671989
258,1,10,150,92,0.0
259,1,10,150,92,0.08642802717301845
260,1,10,150,92,0.0
261,1,10,150,92,0.0
262,1,10,150,92,0.0
263,1,10,150,92,0.25458460733580324
264,1,10,150,92,0.11984372457620064
265,1,10,150,92,0.33443049441002
266,1,10,150,92,0.10279639225640967
267,1,10,150,92,0.1422203236757306
268,1,10,150,92,0.16351813748639202
269,1,10,150,92,0.3096754950495132
270,1,10,150,92,0.11814256780059403
271,1,10,150,92,0.18259418381655088
272,1,10,150,92,0.25498687177304324
273,1,10,150,92,0.03860961209670539
274,1,10,150,92,0.2190414101098042
275,1,10,150,92,0.015522912158152052
276,1,10,150,92,0.34133684859597013
277,1,10,150,92,0.09982873474912346
278,1,10,150,92,0.07867548793068165
279,1,10,150,92,0.17012895152914256
280,1,10,150,92,0.19443620651451096
281,1,10,150,92,0.08591349210019344
282,1,10,150,92,0.0306359742689708
283,1,10,150,92,0.20644004022221485
284,1,10,150,92,0.07891945711936355
285,1,10,150,92,0.06473560181867054
286,1,10,150,92,0.27401146109075725
287,1,10,150,92,0.277373713129501
288,1,10,150,92,0.25730730990442935
289,1,10,150,92,0.0
290,1,10,150,92,0.10906936434592127
291,1,10,150,92,0.14362943446147414
292,1,10,150,92,0.18523409118499787
293,1,10,150,92,0.24689544266255783
294,1,10,150,92,0.020665272679455834
295,1,10,150,92,0.19004536272405917
296,1,10,150,92,0.2343183123375847
297,1,10,150,92,0.10899994921624448
298,1,10,150,92,0.265287510686088
299,1,10,150,92,0.10951533335688822
300,1,10,150,92,0.04336490181597879
301,1,10,150,92,0.27636037111048195
302,1,10,150,92,0.13927874459665815
303,1,10,150,92,0.277415582908086
304,1,10,150,92,0.0
305,1,10,150,92,0.14660485419207298
306,1,10,150,92,0.08156911164475483
307,1,10,150,92,0.2598443836508552
308,1,10,150,92,0.3479687463118047
309,1,10,150,92,0.035944309689377
310,1,10,150,92,0.06900643972011666
311,1,10,150,92,0.26561010790791983
312,1,10,150,92,0.2648605828048581
313,1,10,150,92,0.25729269695341467
314,1,10,150,92,0.16985762968295495
315,1,10,150,92,0.286099807090925
316,1,10,150,92,0.15163097251042218
317,1,10,150,92,0.0
318,1,10,150,92,0.11181450241843982
319,1,10,150,92,0.06591877139737895
320,1,10,150,92,0.1924988394784141
321,1,10,150,92,0.15427224748816595
322,1,10,150,92,0.27393381314717025
323,1,10,150,92,0.20144166357013524
324,1,10,150,92,0.10121986794608845
325,1,10,150,92,0.0901883711443618
326,1,10,150,92,0.23923503217231218
327,1,10,150,92,0.012401315546849383
328,1,10,150,92,0.1412076885958903
329,1,10,150,92,0.0600464949049256
330,1,10,150,92,0.27601140298895566
331,1,10,150,92,0.09091966573968718
332,1,10,150,92,0.15191987624214254
333,1,10,150,92,0.1014371752449239
334,1,10,150,92,0.11831388910909663
335,1,10,150,92,0.08149421541954936
336,1,10,150,92,0.1252879373315154
337,1,10,150,92,0.10521567817367497
338,1,10,150,92,0.15896841246993118
339,1,10,150,92,0.3067607074616862
340,1,10,150,92,0.33716689361470614
341,1,10,150,92,0.0
342,1,10,150,92,0.09298480097837011
343,1,10,150,92,0.28990023182190544
344,1,10,150,92,0.23148267984720988
345,1,10,150,92,0.08138882518565765
346,1,10,150,92,0.11905023331895151
347,1,10,150,92,0.2646772008433278
348,1,10,150,92,0.18923084143550442
349,1,10,150,92,0.28750580972533735
350,1,10,150,92,0.057127212566552996
351,1,10,150,92,0.02907522751061953
352,1,10,150,92,0.1723437934095643
353,1,10,150,92,0.0
354,1,10,150,92,0.15826397898016284
355,1,10,150,92,0.0
356,1,10,150,92,0.0
357,1,10,150,92,0.06959508771708611
358,1,10,150,92,0.06323567569191428
359,1,10,150,92,0.23047812925238975
360,1,10,150,92,0.1692259700041561
361,1,10,150,92,0.15572261253779404
362,1,10,150,92,0.15042501043191572
363,1,10,150,92,0.1021967919646795
364,1,10,150,92,0.0
365,1,10,150,92,0.14456587527532935
366,1,10,150,92,0.13610100259425117
367,1,10,150,92,0.11436773481003104
368,1,10,150,92,0.042512356679180144
369,1,10,150,92,0.0
370,1,10,150,92,0.19811064503366002
371,1,10,150,92,0.1319132354603233
372,1,10,150,92,0.15984877514852935
373,1,10,150,92,0.14120481734031762
374,1,10,150,92,0.1307980851043666
375,1,10,150,92,0.04282650856324445
376,1,10,150,92,0.03868122950890638
377,1,10,150,92,0.12130002016702163
378,1,10,150,92,0.2007612817257612
379,1,10,150,92,0.19461212668230085
380,1,10,150,92,0.10520246981582287
381,1,10,150,92,0.13815699085947417
382,1,10,150,92,0.0
383,1,10,150,92,0.11713125931833299
384,1,10,150,92,0.0561173220664886
385,1,10,150,92,0.1260083426369828
386,1,10,150,92,0.14606834984270645
387,1,10,150,92,0.1253173945565999
388,1,10,150,92,0.08659331667411305
389,1,10,150,92,0.1014822420242732
390,1,10,150,92,0.05307577057513386
391,1,10,150,92,0.08907375584162422
392,1,10,150,92,0.23527871918189913
393,1,10,150,92,0.2703998910896794
394,1,10,150,92,0.12588128073926708
395,1,10,150,92,0.1494624820736264
396,1,10,150,92,0.0
397,1,10,150,92,0.10540164605552274
398,1,10,150,92,0.1406230079272144
399,1,10,150,92,0.03152175963521067
400,1,10,150,92,0.0
401,1,10,150,92,0.016941778998402247
402,1,10,150,92,0.11288598947105788
403,1,10,150,92,0.09224219235917257
404,1,10,150,92,0.05446824630887794
405,1,10,150,92,0.22911645157112132
406,1,10,150,92,0.15969298558601516
407,1,10,150,92,0.07541018366439421
408,1,10,150,92,0.0
409,1,10,150,92,0.13204397186208772
410,1,10,150,92,0.0
411,1,10,150,92,0.0
412,1,10,150,92,0.15001451003751623
413,1,10,150,92,0.04935421935348238
414,1,10,150,92,0.1309019901681972
415,1,10,150,92,0.0
416,1,10,150,92,0.25606747681121805
417,1,10,150,92,0.12309745810327996
418,1,10,150,92,0.14436292983286242
419,1,10,150,92,0.0
420,1,10,150,92,0.31734175351483307
421,1,10,150,92,0.0
422,1,10,150,92,0.030480958763669998
423,1,10,150,92,0.0
424,1,10,150,92,0.0
425,1,10,150,92,0.03792725875617552
426,1,10,150,92,0.11229023146606223
427,1,10,150,92,0.0
428,1,10,150,92,0.04822019817866397
429,1,10,150,92,0.14062551472815982
430,1,10,150,92,0.0
431,1,10,150,92,0.0
432,1,10,150,92,0.03178650410794896
433,1,10,150,92,0.20451415323992994
434,1,10,150,92,0.0
435,1,10,150,92,0.08127781909048552
436,1,10,150,92,0.09499424853799125
437,1,10,150,92,0.14945564650669343
438,1,10,150,92,0.0
439,1,10,150,92,0.18154179253735267
440,1,10,150,92,0.0
442,1,10,150,92,0.0733934381893728
444,1,10,150,92,0.0
445,1,10,150,92,0.0
446,1,10,150,92,0.0
447,1,10,150,92,0.0
448,1,10,150,92,0.0
449,1,10,150,92,0.08972920377238332
450,1,10,150,92,0.17556211942720856
451,1,10,150,92,0.05497526658285817
452,1,10,150,92,0.05780700008370542
453,1,10,150,92,0.1515771522786143
454,1,10,150,92,0.1059131727358383
455,1,10,150,92,0.0
456,1,10,150,92,0.0
457,1,10,150,92,0.14751814893861787
458,1,10,150,92,0.0
459,1,10,150,92,0.0
460,1,10,150,92,0.0
462,1,10,150,92,0.0
1,1,10,150,93,0.4608359031293575
2,1,10,150,93,0.1011519894320134
3,1,10,150,93,0.020132733082951743
4,1,10,150,93,0.11528901748471758
5,1,10,150,93,0.03995561222805098
6,1,10,150,93,0.1635744350356529
7,1,10,150,93,0.3987814840861013
8,1,10,150,93,0.21327391470391274
9,1,10,150,93,0.07291513481207902
10,1,10,150,93,0.28689917675641785
11,1,10,150,93,0.1709655603646959
12,1,10,150,93,0.12022816103951169
13,1,10,150,93,0.4881978705824852
14,1,10,150,93,0.3594033245980631
15,1,10,150,93,0.050262678017164185
16,1,10,150,93,0.29122677086105475
17,1,10,150,93,0.10122860821230018
18,1,10,150,93,0.24177961161526723
19,1,10,150,93,0.13886244387355454
20,1,10,150,93,0.07744958098452553
21,1,10,150,93,0.09680666468313012
22,1,10,150,93,0.138801005060848
23,1,10,150,93,0.0
24,1,10,150,93,0.2080789650281721
25,1,10,150,93,0.17085280125179103
26,1,10,150,93,0.0
27,1,10,150,93,0.0
28,1,10,150,93,0.2629052193668776
29,1,10,150,93,0.0
30,1,10,150,93,0.0
31,1,10,150,93,0.09711583757314435
32,1,10,150,93,0.11469999139467348
33,1,10,150,93,0.0
34,1,10,150,93,0.0
35,1,10,150,93,0.0
36,1,10,150,93,0.0
37,1,10,150,93,0.15133867332691472
38,1,10,150,93,0.24828411718476903
39,1,10,150,93,0.0993029104208021
40,1,10,150,93,0.3197267407502473
41,1,10,150,93,0.0224586613737933
42,1,10,150,93,0.22480398388828576
43,1,10,150,93,0.26450661619066607
44,1,10,150,93,0.07237002116518762
45,1,10,150,93,0.04094516368001556
46,1,10,150,93,0.02795730764456241
47,1,10,150,93,0.0
48,1,10,150,93,0.2615959484067528
49,1,10,150,93,0.09114703332069096
50,1,10,150,93,0.0
51,1,10,150,93,0.0
52,1,10,150,93,0.07095766703421214
53,1,10,150,93,0.1369821642818139
54,1,10,150,93,0.12836415432918194
55,1,10,150,93,0.0
56,1,10,150,93,0.17117743469423397
57,1,10,150,93,0.1943154106647398
58,1,10,150,93,0.2155948662609122
59,1,10,150,93,0.3114787643581521
60,1,10,150,93,0.21317604563600567
61,1,10,150,93,0.0
62,1,10,150,93,0.17662701419139695
63,1,10,150,93,0.07223385975389779
64,1,10,150,93,0.11891215958952951
65,1,10,150,93,0.2306157261998143
66,1,10,150,93,0.0
67,1,10,150,93,0.03314040476303028
68,1,10,150,93,0.0
69,1,10,150,93,0.2705442665348323
70,1,10,150,93,0.09509990093533892
71,1,10,150,93,0.0
72,1,10,150,93,0.2489252548854098
73,1,10,150,93,0.2411808659921475
74,1,10,150,93,0.03272011597426011
75,1,10,150,93,0.10310690100385646
76,1,10,150,93,0.1177548715386271
77,1,10,150,93,0.45927229869726693
78,1,10,150,93,0.05658242244874664
79,1,10,150,93,0.4102269223050506
80,1,10,150,93,0.1466914912588887
81,1,10,150,93,0.034380101046999886
82,1,10,150,93,0.1701963280120859
83,1,10,150,93,0.10057479033327138
84,1,10,150,93,0.05683844068224461
85,1,10,150,93,0.04593234127326661
86,1,10,150,93,0.030028011472322282
87,1,10,150,93,0.14047102384116847
88,1,10,150,93,0.0
89,1,10,150,93,0.18598056335085358
90,1,10,150,93,0.299299702427102
91,1,10,150,93,0.2159710813022377
92,1,10,150,93,0.27553141048697294
93,1,10,150,93,0.03194176236549506
94,1,10,150,93,0.3902398029170033
95,1,10,150,93,0.22827885826946026
96,1,10,150,93,0.3781493395140278
97,1,10,150,93,0.21439206042834352
98,1,10,150,93,0.22712419731564737
99,1,10,150,93,0.16792576455798583
100,1,10,150,93,0.022805505402617214
101,1,10,150,93,0.07621696537409083
102,1,10,150,93,0.026227681456444354
103,1,10,150,93,0.15394621921377785
104,1,10,150,93,0.015190330175114026
105,1,10,150,93,0.05200670101006268
106,1,10,150,93,0.3404283536835147
107,1,10,150,93,0.0
108,1,10,150,93,0.08541488164531355
109,1,10,150,93,0.23628162511036568
110,1,10,150,93,0.0617774658888535
111,1,10,150,93,0.038281751104512325
112,1,10,150,93,0.041631053839379054
113,1,10,150,93,0.02769198719673247
114,1,10,150,93,0.11938748599511304
115,1,10,150,93,0.35526584484273294
116,1,10,150,93,0.04921644451579891
117,1,10,150,93,0.25596974895629354
118,1,10,150,93,0.12478478081707345
119,1,10,150,93,0.13447103054356552
120,1,10,150,93,0.12171775198765021
121,1,10,150,93,0.18136606922889512
122,1,10,150,93,0.125418998393806
123,1,10,150,93,0.045465875186671466
124,1,10,150,93,0.18978688349077963
125,1,10,150,93,0.2506037583891091
126,1,10,150,93,0.0
127,1,10,150,93,0.071512236588497
128,1,10,150,93,0.20599274447362576
129,1,10,150,93,0.03443731487202246
130,1,10,150,93,0.3458079893431176
131,1,10,150,93,0.25372733625822586
132,1,10,150,93,0.12238042572284785
133,1,10,150,93,0.0
134,1,10,150,93,0.030071530282993673
135,1,10,150,93,0.04046615435059731
136,1,10,150,93,0.35628796654787115
137,1,10,150,93,0.29533063600730286
138,1,10,150,93,0.12894648724143637
139,1,10,150,93,0.06016179456846956
140,1,10,150,93,0.039232819060514755
141,1,10,150,93,0.14439434970082324
142,1,10,150,93,0.04395738023645723
143,1,10,150,93,0.0
144,1,10,150,93,0.11299201794127499
145,1,10,150,93,0.2582441802303629
146,1,10,150,93,0.03365750437567162
147,1,10,150,93,0.038800293177871176
148,1,10,150,93,0.2924190881243261
149,1,10,150,93,0.0
150,1,10,150,93,0.0
151,1,10,150,93,0.2540313561398622
152,1,10,150,93,0.2152831184598316
153,1,10,150,93,0.21315403751398063
154,1,10,150,93,0.14119390874852483
155,1,10,150,93,0.0
156,1,10,150,93,0.056765037818527084
157,1,10,150,93,0.07267844514201649
158,1,10,150,93,0.3451395350863708
159,1,10,150,93,0.06521625450990476
160,1,10,150,93,0.17465425782884814
161,1,10,150,93,0.13331237983363897
162,1,10,150,93,0.0475858026939827
163,1,10,150,93,0.08930748165857323
164,1,10,150,93,0.18940135337489952
165,1,10,150,93,0.16621229711010693
166,1,10,150,93,0.0
167,1,10,150,93,0.2282770400969221
168,1,10,150,93,0.044682472154713174
169,1,10,150,93,0.14269884249349324
170,1,10,150,93,0.0
171,1,10,150,93,0.0
172,1,10,150,93,0.0239003177617487
173,1,10,150,93,0.02795730764456241
174,1,10,150,93,0.14006379596122223
175,1,10,150,93,0.10467701423324277
176,1,10,150,93,0.12162507554983247
177,1,10,150,93,0.1655922659307943
178,1,10,150,93,0.2296866056996334
179,1,10,150,93,0.04779424843825288
180,1,10,150,93,0.18488419881747875
181,1,10,150,93,0.1256300421559972
182,1,10,150,93,0.04195229264874745
183,1,10,150,93,0.02831169742649504
184,1,10,150,93,0.11964510197837058
185,1,10,150,93,0.0208917977510647
186,1,10,150,93,0.09936660338340583
187,1,10,150,93,0.1913083732597066
188,1,10,150,93,0.16730684164342016
189,1,10,150,93,0.3075237399249579
190,1,10,150,93,0.05339229345473345
191,1,10,150,93,0.0
192,1,10,150,93,0.10363179610670267
193,1,10,150,93,0.015341597742551824
194,1,10,150,93,0.10319415719256361
195,1,10,150,93,0.1350818622660359
196,1,10,150,93,0.07706308624591164
197,1,10,150,93,0.16929397007809274
198,1,10,150,93,0.060192841483380555
199,1,10,150,93,0.049748115641606416
200,1,10,150,93,0.23367255245678661
201,1,10,150,93,0.1483768082202998
202,1,10,150,93,0.0
203,1,10,150,93,0.05370431689540528
204,1,10,150,93,0.027001973670935885
205,1,10,150,93,0.36484800394146205
206,1,10,150,93,0.03974771280526578
207,1,10,150,93,0.2305747227414199
208,1,10,150,93,0.06781923368674067
209,1,10,150,93,0.03243822298569767
210,1,10,150,93,0.1410744214094599
211,1,10,150,93,0.0
212,1,10,150,93,0.0874256646781203
213,1,10,150,93,0.30647783910768517
214,1,10,150,93,0.17169301418933652
215,1,10,150,93,0.255708749192597
216,1,10,150,93,0.18920848610998078
217,1,10,150,93,0.09429387113634759
218,1,10,150,93,0.06133198316402014
219,1,10,150,93,0.030028011472322282
220,1,10,150,93,0.034616222155696735
221,1,10,150,93,0.06802289283215787
222,1,10,150,93,0.15466363306359598
223,1,10,150,93,0.10677939756546245
224,1,10,150,93,0.07324870308396719
225,1,10,150,93,0.19889742777798003
226,1,10,150,93,0.23814675809782818
227,1,10,150,93,0.10623119772529849
228,1,10,150,93,0.02917403367304273
229,1,10,150,93,0.0
230,1,10,150,93,0.25422798975444133
231,1,10,150,93,0.0
232,1,10,150,93,0.10424205663010026
233,1,10,150,93,0.17513937617266395
234,1,10,150,93,0.21344031368845795
235,1,10,150,93,0.23280252396956425
236,1,10,150,93,0.13123532326882845
237,1,10,150,93,0.24352191769087017
238,1,10,150,93,0.0
239,1,10,150,93,0.1872044464535561
240,1,10,150,93,0.0
241,1,10,150,93,0.047978870624887156
242,1,10,150,93,0.07484255566002171
243,1,10,150,93,0.12898989924507495
244,1,10,150,93,0.17006425248809104
245,1,10,150,93,0.18470089958507746
246,1,10,150,93,0.07117464882947531
247,1,10,150,93,0.08883649703748449
248,1,10,150,93,0.1352712391738193
249,1,10,150,93,0.3242782777944955
250,1,10,150,93,0.13537727623013396
251,1,10,150,93,0.1369922724163038
252,1,10,150,93,0.15744006533381547
253,1,10,150,93,0.25788042776378417
254,1,10,150,93,0.07352756868889418
255,1,10,150,93,0.09831516045677517
256,1,10,150,93,0.18050432622627274
257,1,10,150,93,0.2024772690671989
258,1,10,150,93,0.0
259,1,10,150,93,0.08642802717301845
260,1,10,150,93,0.0
261,1,10,150,93,0.0
262,1,10,150,93,0.0
263,1,10,150,93,0.25458460733580324
264,1,10,150,93,0.11984372457620064
265,1,10,150,93,0.33443049441002
266,1,10,150,93,0.10279639225640967
267,1,10,150,93,0.15083519787187089
268,1,10,150,93,0.16226327436507038
269,1,10,150,93,0.3072989980792795
270,1,10,150,93,0.12791298775358595
271,1,10,150,93,0.18119292820685873
272,1,10,150,93,0.25498687177304324
273,1,10,150,93,0.03860961209670539
274,1,10,150,93,0.2190414101098042
275,1,10,150,93,0.015522912158152052
276,1,10,150,93,0.338717377570703
277,1,10,150,93,0.09982873474912346
278,1,10,150,93,0.07867548793068165
279,1,10,150,93,0.16882335601279927
280,1,10,150,93,0.19294407341689024
281,1,10,150,93,0.08591349210019344
282,1,10,150,93,0.0306359742689708
283,1,10,150,93,0.20644004022221485
284,1,10,150,93,0.07891945711936355
285,1,10,150,93,0.08972166586674028
286,1,10,150,93,0.27190865535539427
287,1,10,150,93,0.277373713129501
288,1,10,150,93,0.25730730990442935
289,1,10,150,93,0.0
290,1,10,150,93,0.10906936434592127
291,1,10,150,93,0.14252720027991742
292,1,10,150,93,0.18523409118499787
293,1,10,150,93,0.25267488187357906
294,1,10,150,93,0.020665272679455834
295,1,10,150,93,0.18858692563122925
296,1,10,150,93,0.2343183123375847
297,1,10,150,93,0.10816346698497652
298,1,10,150,93,0.265287510686088
299,1,10,150,93,0.10867489598913602
300,1,10,150,93,0.04336490181597879
301,1,10,150,93,0.2742395394814514
302,1,10,150,93,0.13927874459665815
303,1,10,150,93,0.27528665342281544
304,1,10,150,93,0.0
305,1,10,150,93,0.14547978618579335
306,1,10,150,93,0.08156911164475483
307,1,10,150,93,0.2598443836508552
308,1,10,150,93,0.3452983810921938
309,1,10,150,93,0.035944309689377
310,1,10,150,93,0.06900643972011666
311,1,10,150,93,0.26357177543797194
312,1,10,150,93,0.26282800230484327
313,1,10,150,93,0.2553181935634216
314,1,10,150,93,0.1762282688179811
315,1,10,150,93,0.286099807090925
316,1,10,150,93,0.15163097251042218
317,1,10,150,93,0.0
318,1,10,150,93,0.11181450241843982
319,1,10,150,93,0.06591877139737895
320,1,10,150,93,0.1924988394784141
321,1,10,150,93,0.15427224748816595
322,1,10,150,93,0.27393381314717025
323,1,10,150,93,0.20144166357013524
324,1,10,150,93,0.10121986794608845
325,1,10,150,93,0.0901883711443618
326,1,10,150,93,0.23923503217231218
327,1,10,150,93,0.012306145960314008
328,1,10,150,93,0.14012403926138878
329,1,10,150,93,0.0600464949049256
330,1,10,150,93,0.27601140298895566
331,1,10,150,93,0.09091966573968718
332,1,10,150,93,0.15191987624214254
333,1,10,150,93,0.1014371752449239
334,1,10,150,93,0.11740593028284409
335,1,10,150,93,0.08149421541954936
336,1,10,150,93,0.1252879373315154
337,1,10,150,93,0.10521567817367497
338,1,10,150,93,0.15896841246993118
339,1,10,150,93,0.30440657901586626
340,1,10,150,93,0.33716689361470614
341,1,10,150,93,0.0
342,1,10,150,93,0.09298480097837011
343,1,10,150,93,0.28990023182190544
344,1,10,150,93,0.23148267984720988
345,1,10,150,93,0.08076423493051439
346,1,10,150,93,0.11905023331895151
347,1,10,150,93,0.2646772008433278
348,1,10,150,93,0.18923084143550442
349,1,10,150,93,0.28750580972533735
350,1,10,150,93,0.057127212566552996
351,1,10,150,93,0.02907522751061953
352,1,10,150,93,0.1723437934095643
353,1,10,150,93,0.0
354,1,10,150,93,0.15826397898016284
355,1,10,150,93,0.0
356,1,10,150,93,0.0
357,1,10,150,93,0.06959508771708611
358,1,10,150,93,0.06323567569191428
359,1,10,150,93,0.23047812925238975
360,1,10,150,93,0.1692259700041561
361,1,10,150,93,0.15572261253779404
362,1,10,150,93,0.15042501043191572
363,1,10,150,93,0.10141251819954729
364,1,10,150,93,0.0
365,1,10,150,93,0.14456587527532935
366,1,10,150,93,0.13610100259425117
367,1,10,150,93,0.11436773481003104
368,1,10,150,93,0.042512356679180144
369,1,10,150,93,0.0
370,1,10,150,93,0.19811064503366002
371,1,10,150,93,0.1319132354603233
372,1,10,150,93,0.15984877514852935
373,1,10,150,93,0.14120481734031762
374,1,10,150,93,0.1307980851043666
375,1,10,150,93,0.04282650856324445
376,1,10,150,93,0.03868122950890638
377,1,10,150,93,0.12130002016702163
378,1,10,150,93,0.19922060903648298
379,1,10,150,93,0.19461212668230085
380,1,10,150,93,0.10520246981582287
381,1,10,150,93,0.13815699085947417
382,1,10,150,93,0.0
383,1,10,150,93,0.11713125931833299
384,1,10,150,93,0.0561173220664886
385,1,10,150,93,0.1260083426369828
386,1,10,150,93,0.14606834984270645
387,1,10,150,93,0.12435568976160566
388,1,10,150,93,0.08659331667411305
389,1,10,150,93,0.1014822420242732
390,1,10,150,93,0.05307577057513386
391,1,10,150,93,0.08907375584162422
392,1,10,150,93,0.23527871918189913
393,1,10,150,93,0.2683248010932191
394,1,10,150,93,0.12588128073926708
395,1,10,150,93,0.1494624820736264
396,1,10,150,93,0.0
397,1,10,150,93,0.10540164605552274
398,1,10,150,93,0.1406230079272144
399,1,10,150,93,0.03152175963521067
400,1,10,150,93,0.0
401,1,10,150,93,0.016941778998402247
402,1,10,150,93,0.11288598947105788
403,1,10,150,93,0.09224219235917257
404,1,10,150,93,0.05446824630887794
405,1,10,150,93,0.22735817698467914
406,1,10,150,93,0.15969298558601516
407,1,10,150,93,0.07541018366439421
408,1,10,150,93,0.0
409,1,10,150,93,0.13204397186208772
410,1,10,150,93,0.0
411,1,10,150,93,0.0
412,1,10,150,93,0.15001451003751623
413,1,10,150,93,0.04935421935348238
414,1,10,150,93,0.1309019901681972
415,1,10,150,93,0.0
416,1,10,150,93,0.25606747681121805
417,1,10,150,93,0.12309745810327996
418,1,10,150,93,0.14436292983286242
419,1,10,150,93,0.0
420,1,10,150,93,0.31734175351483307
421,1,10,150,93,0.0
422,1,10,150,93,0.030480958763669998
423,1,10,150,93,0.0
424,1,10,150,93,0.0
425,1,10,150,93,0.03792725875617552
426,1,10,150,93,0.11229023146606223
427,1,10,150,93,0.0
428,1,10,150,93,0.04822019817866397
429,1,10,150,93,0.14062551472815982
430,1,10,150,93,0.0
431,1,10,150,93,0.0
432,1,10,150,93,0.03178650410794896
433,1,10,150,93,0.20451415323992994
434,1,10,150,93,0.0
435,1,10,150,93,0.08127781909048552
436,1,10,150,93,0.09499424853799125
437,1,10,150,93,0.14945564650669343
438,1,10,150,93,0.0
439,1,10,150,93,0.18154179253735267
440,1,10,150,93,0.0
442,1,10,150,93,0.0733934381893728
444,1,10,150,93,0.0
445,1,10,150,93,0.0
446,1,10,150,93,0.0
447,1,10,150,93,0.0
448,1,10,150,93,0.0
449,1,10,150,93,0.08972920377238332
450,1,10,150,93,0.17556211942720856
451,1,10,150,93,0.05497526658285817
452,1,10,150,93,0.05780700008370542
453,1,10,150,93,0.1515771522786143
454,1,10,150,93,0.1059131727358383
455,1,10,150,93,0.0
456,1,10,150,93,0.0
457,1,10,150,93,0.14751814893861787
458,1,10,150,93,0.0
459,1,10,150,93,0.0
460,1,10,150,93,0.0
462,1,10,150,93,0.0
1,1,10,150,94,0.4573344047576849
2,1,10,150,94,0.1011519894320134
3,1,10,150,94,0.020132733082951743
4,1,10,150,94,0.11528901748471758
5,1,10,150,94,0.03995561222805098
6,1,10,150,94,0.16233157263271242
7,1,10,150,94,0.39575148423648304
8,1,10,150,94,0.21327391470391274
9,1,10,150,94,0.07291513481207902
10,1,10,150,94,0.28689917675641785
11,1,10,150,94,0.1709655603646959
12,1,10,150,94,0.12022816103951169
13,1,10,150,94,0.4920866177712453
14,1,10,150,94,0.3594033245980631
15,1,10,150,94,0.050262678017164185
16,1,10,150,94,0.29122677086105475
17,1,10,150,94,0.10122860821230018
18,1,10,150,94,0.24754068065799947
19,1,10,150,94,0.13886244387355454
20,1,10,150,94,0.07744958098452553
21,1,10,150,94,0.09680666468313012
22,1,10,150,94,0.138801005060848
23,1,10,150,94,0.0
24,1,10,150,94,0.2080789650281721
25,1,10,150,94,0.17085280125179103
26,1,10,150,94,0.0
27,1,10,150,94,0.0
28,1,10,150,94,0.2629052193668776
29,1,10,150,94,0.0
30,1,10,150,94,0.0
31,1,10,150,94,0.09711583757314435
32,1,10,150,94,0.11469999139467348
33,1,10,150,94,0.033500244056960914
34,1,10,150,94,0.0
35,1,10,150,94,0.0
36,1,10,150,94,0.0
37,1,10,150,94,0.15133867332691472
38,1,10,150,94,0.24828411718476903
39,1,10,150,94,0.0993029104208021
40,1,10,150,94,0.3197267407502473
41,1,10,150,94,0.0224586613737933
42,1,10,150,94,0.22309589044724717
43,1,10,150,94,0.2624968563616272
44,1,10,150,94,0.07237002116518762
45,1,10,150,94,0.04094516368001556
46,1,10,150,94,0.02795730764456241
47,1,10,150,94,0.0
48,1,10,150,94,0.2615959484067528
49,1,10,150,94,0.09045448487429615
50,1,10,150,94,0.0
51,1,10,150,94,0.0
52,1,10,150,94,0.07095766703421214
53,1,10,150,94,0.1369821642818139
54,1,10,150,94,0.12836415432918194
55,1,10,150,94,0.0
56,1,10,150,94,0.16987680359153817
57,1,10,150,94,0.1943154106647398
58,1,10,150,94,0.2155948662609122
59,1,10,150,94,0.3167102490777469
60,1,10,150,94,0.21317604563600567
61,1,10,150,94,0.0
62,1,10,150,94,0.1752849763892534
63,1,10,150,94,0.07223385975389779
64,1,10,150,94,0.11891215958952951
65,1,10,150,94,0.2306157261998143
66,1,10,150,94,0.0
67,1,10,150,94,0.03314040476303028
68,1,10,150,94,0.0
69,1,10,150,94,0.2705442665348323
70,1,10,150,94,0.09509990093533892
71,1,10,150,94,0.0
72,1,10,150,94,0.2489252548854098
73,1,10,150,94,0.2411808659921475
74,1,10,150,94,0.03272011597426011
75,1,10,150,94,0.10310690100385646
76,1,10,150,94,0.1177548715386271
77,1,10,150,94,0.45927229869726693
78,1,10,150,94,0.05658242244874664
79,1,10,150,94,0.4102269223050506
80,1,10,150,94,0.1466914912588887
81,1,10,150,94,0.034380101046999886
82,1,10,150,94,0.1701963280120859
83,1,10,150,94,0.10057479033327138
84,1,10,150,94,0.05683844068224461
85,1,10,150,94,0.04558334064835153
86,1,10,150,94,0.030028011472322282
87,1,10,150,94,0.13940370452445072
88,1,10,150,94,0.0
89,1,10,150,94,0.18598056335085358
90,1,10,150,94,0.29702557965677523
91,1,10,150,94,0.2159710813022377
92,1,10,150,94,0.27343788266369917
93,1,10,150,94,0.03194176236549506
94,1,10,150,94,0.3872747040060962
95,1,10,150,94,0.22654436222631358
96,1,10,150,94,0.3781493395140278
97,1,10,150,94,0.21439206042834352
98,1,10,150,94,0.22712419731564737
99,1,10,150,94,0.16792576455798583
100,1,10,150,94,0.022805505402617214
101,1,10,150,94,0.07621696537409083
102,1,10,150,94,0.02602839970932165
103,1,10,150,94,0.15394621921377785
104,1,10,150,94,0.015190330175114026
105,1,10,150,94,0.05200670101006268
106,1,10,150,94,0.3404283536835147
107,1,10,150,94,0.0
108,1,10,150,94,0.08541488164531355
109,1,10,150,94,0.23448632287813517
110,1,10,150,94,0.0617774658888535
111,1,10,150,94,0.038281751104512325
112,1,10,150,94,0.041631053839379054
113,1,10,150,94,0.02769198719673247
114,1,10,150,94,0.11938748599511304
115,1,10,150,94,0.35526584484273294
116,1,10,150,94,0.04921644451579891
117,1,10,150,94,0.25596974895629354
118,1,10,150,94,0.1417730509431575
119,1,10,150,94,0.13447103054356552
120,1,10,150,94,0.12171775198765021
121,1,10,150,94,0.18136606922889512
122,1,10,150,94,0.125418998393806
123,1,10,150,94,0.045465875186671466
124,1,10,150,94,0.18978688349077963
125,1,10,150,94,0.2506037583891091
126,1,10,150,94,0.0
127,1,10,150,94,0.071512236588497
128,1,10,150,94,0.20599274447362576
129,1,10,150,94,0.03443731487202246
130,1,10,150,94,0.34318048982892196
131,1,10,150,94,0.25372733625822586
132,1,10,150,94,0.12238042572284785
133,1,10,150,94,0.0
134,1,10,150,94,0.030071530282993673
135,1,10,150,94,0.04046615435059731
136,1,10,150,94,0.35628796654787115
137,1,10,150,94,0.29533063600730286
138,1,10,150,94,0.12894648724143637
139,1,10,150,94,0.06016179456846956
140,1,10,150,94,0.039232819060514755
141,1,10,150,94,0.14439434970082324
142,1,10,150,94,0.04395738023645723
143,1,10,150,94,0.051623692436031904
144,1,10,150,94,0.11213348811721673
145,1,10,150,94,0.2562820033026752
146,1,10,150,94,0.03365750437567162
147,1,10,150,94,0.038800293177871176
148,1,10,150,94,0.2924190881243261
149,1,10,150,94,0.0
150,1,10,150,94,0.0
151,1,10,150,94,0.2521011888637508
152,1,10,150,94,0.2152831184598316
153,1,10,150,94,0.21315403751398063
154,1,10,150,94,0.14119390874852483
155,1,10,150,94,0.0
156,1,10,150,94,0.056765037818527084
157,1,10,150,94,0.07267844514201649
158,1,10,150,94,0.3451395350863708
159,1,10,150,94,0.06521625450990476
160,1,10,150,94,0.17465425782884814
161,1,10,150,94,0.13331237983363897
162,1,10,150,94,0.0475858026939827
163,1,10,150,94,0.08930748165857323
164,1,10,150,94,0.18940135337489952
165,1,10,150,94,0.16621229711010693
166,1,10,150,94,0.0
167,1,10,150,94,0.2282770400969221
168,1,10,150,94,0.044682472154713174
169,1,10,150,94,0.14269884249349324
170,1,10,150,94,0.0
171,1,10,150,94,0.0
172,1,10,150,94,0.0239003177617487
173,1,10,150,94,0.02795730764456241
174,1,10,150,94,0.14006379596122223
175,1,10,150,94,0.10467701423324277
176,1,10,150,94,0.12162507554983247
177,1,10,150,94,0.1655922659307943
178,1,10,150,94,0.22794141338629378
179,1,10,150,94,0.04779424843825288
180,1,10,150,94,0.18488419881747875
181,1,10,150,94,0.12467548678161071
182,1,10,150,94,0.04195229264874745
183,1,10,150,94,0.02831169742649504
184,1,10,150,94,0.11873602105192578
185,1,10,150,94,0.0208917977510647
186,1,10,150,94,0.09936660338340583
187,1,10,150,94,0.1913083732597066
188,1,10,150,94,0.16730684164342016
189,1,10,150,94,0.3075237399249579
190,1,10,150,94,0.05339229345473345
191,1,10,150,94,0.0
192,1,10,150,94,0.10363179610670267
193,1,10,150,94,0.015341597742551824
194,1,10,150,94,0.10241007294278574
195,1,10,150,94,0.1350818622660359
196,1,10,150,94,0.07706308624591164
197,1,10,150,94,0.1790416859363959
198,1,10,150,94,0.060192841483380555
199,1,10,150,94,0.049748115641606416
200,1,10,150,94,0.23189707433892315
201,1,10,150,94,0.1472494196013807
202,1,10,150,94,0.0
203,1,10,150,94,0.05370431689540528
204,1,10,150,94,0.027001973670935885
205,1,10,150,94,0.36484800394146205
206,1,10,150,94,0.03974771280526578
207,1,10,150,94,0.23642092816324098
208,1,10,150,94,0.06781923368674067
209,1,10,150,94,0.03243822298569767
210,1,10,150,94,0.1410744214094599
211,1,10,150,94,0.0
212,1,10,150,94,0.0874256646781203
213,1,10,150,94,0.30647783910768517
214,1,10,150,94,0.17169301418933652
215,1,10,150,94,0.255708749192597
216,1,10,150,94,0.18920848610998078
217,1,10,150,94,0.09429387113634759
218,1,10,150,94,0.06133198316402014
219,1,10,150,94,0.030028011472322282
220,1,10,150,94,0.034616222155696735
221,1,10,150,94,0.06802289283215787
222,1,10,150,94,0.15348847623303727
223,1,10,150,94,0.10677939756546245
224,1,10,150,94,0.07324870308396719
225,1,10,150,94,0.19889742777798003
226,1,10,150,94,0.23814675809782818
227,1,10,150,94,0.10623119772529849
228,1,10,150,94,0.02917403367304273
229,1,10,150,94,0.0
230,1,10,150,94,0.25422798975444133
231,1,10,150,94,0.0
232,1,10,150,94,0.10424205663010026
233,1,10,150,94,0.17513937617266395
234,1,10,150,94,0.2194167088480818
235,1,10,150,94,0.23280252396956425
236,1,10,150,94,0.13123532326882845
237,1,10,150,94,0.24352191769087017
238,1,10,150,94,0.0
239,1,10,150,94,0.1872044464535561
240,1,10,150,94,0.0
241,1,10,150,94,0.047978870624887156
242,1,10,150,94,0.07484255566002171
243,1,10,150,94,0.12898989924507495
244,1,10,150,94,0.1687720795060749
245,1,10,150,94,0.18470089958507746
246,1,10,150,94,0.07117464882947531
247,1,10,150,94,0.08883649703748449
248,1,10,150,94,0.1352712391738193
249,1,10,150,94,0.3242782777944955
250,1,10,150,94,0.13537727623013396
251,1,10,150,94,0.1369922724163038
252,1,10,150,94,0.15744006533381547
253,1,10,150,94,0.25788042776378417
254,1,10,150,94,0.07352756868889418
255,1,10,150,94,0.09831516045677517
256,1,10,150,94,0.18050432622627274
257,1,10,150,94,0.2024772690671989
258,1,10,150,94,0.0
259,1,10,150,94,0.08642802717301845
260,1,10,150,94,0.0
261,1,10,150,94,0.0
262,1,10,150,94,0.0
263,1,10,150,94,0.25458460733580324
264,1,10,150,94,0.13063203577847377
265,1,10,150,94,0.33443049441002
266,1,10,150,94,0.10279639225640967
267,1,10,150,94,0.159430053182393
268,1,10,150,94,0.16103037435204323
269,1,10,150,94,0.30496409549446685
270,1,10,150,94,0.12791298775358595
271,1,10,150,94,0.17981619792441628
272,1,10,150,94,0.25498687177304324
273,1,10,150,94,0.03860961209670539
274,1,10,150,94,0.2190414101098042
275,1,10,150,94,0.015522912158152052
276,1,10,150,94,0.3361437535584088
277,1,10,150,94,0.09982873474912346
278,1,10,150,94,0.07867548793068165
279,1,10,150,94,0.17513875732100967
280,1,10,150,94,0.19147805622008454
281,1,10,150,94,0.08591349210019344
282,1,10,150,94,0.0306359742689708
283,1,10,150,94,0.20644004022221485
284,1,10,150,94,0.07891945711936355
285,1,10,150,94,0.08972166586674028
286,1,10,150,94,0.26984265375372796
287,1,10,150,94,0.277373713129501
288,1,10,150,94,0.25730730990442935
289,1,10,150,94,0.0
290,1,10,150,94,0.10906936434592127
291,1,10,150,94,0.14144425783487294
292,1,10,150,94,0.18523409118499787
293,1,10,150,94,0.2507550212866869
294,1,10,150,94,0.020665272679455834
295,1,10,150,94,0.18715401467847492
296,1,10,150,94,0.2343183123375847
297,1,10,150,94,0.10734162519498029
298,1,10,150,94,0.265287510686088
299,1,10,150,94,0.10784916828701113
300,1,10,150,94,0.04336490181597879
301,1,10,150,94,0.27215582748240386
302,1,10,150,94,0.13927874459665815
303,1,10,150,94,0.27319498529939534
304,1,10,150,94,0.0
305,1,10,150,94,0.14437440956261424
306,1,10,150,94,0.08156911164475483
307,1,10,150,94,0.2705042582270391
308,1,10,150,94,0.34267475365577826
309,1,10,150,94,0.035944309689377
310,1,10,150,94,0.06900643972011666
311,1,10,150,94,0.2615691186652512
312,1,10,150,94,0.26282800230484327
313,1,10,150,94,0.25337824870897363
314,1,10,150,94,0.17488926074131303
315,1,10,150,94,0.2993807942711626
316,1,10,150,94,0.15163097251042218
317,1,10,150,94,0.0
318,1,10,150,94,0.11181450241843982
319,1,10,150,94,0.06591877139737895
320,1,10,150,94,0.1924988394784141
321,1,10,150,94,0.15427224748816595
322,1,10,150,94,0.27393381314717025
323,1,10,150,94,0.20144166357013524
324,1,10,150,94,0.10121986794608845
325,1,10,150,94,0.0901883711443618
326,1,10,150,94,0.23923503217231218
327,1,10,150,94,0.01221264206934328
328,1,10,150,94,0.1390593563840909
329,1,10,150,94,0.0600464949049256
330,1,10,150,94,0.27601140298895566
331,1,10,150,94,0.09091966573968718
332,1,10,150,94,0.15191987624214254
333,1,10,150,94,0.1014371752449239
334,1,10,150,94,0.12411200868727566
335,1,10,150,94,0.08149421541954936
336,1,10,150,94,0.1252879373315154
337,1,10,150,94,0.10521567817367497
338,1,10,150,94,0.15896841246993118
339,1,10,150,94,0.30209365345274825
340,1,10,150,94,0.33716689361470614
341,1,10,150,94,0.0
342,1,10,150,94,0.09298480097837011
343,1,10,150,94,0.28990023182190544
344,1,10,150,94,0.23148267984720988
345,1,10,150,94,0.08015057649987081
346,1,10,150,94,0.11905023331895151
347,1,10,150,94,0.2646772008433278
348,1,10,150,94,0.18923084143550442
349,1,10,150,94,0.28750580972533735
350,1,10,150,94,0.057127212566552996
351,1,10,150,94,0.02907522751061953
352,1,10,150,94,0.1723437934095643
353,1,10,150,94,0.0
354,1,10,150,94,0.15826397898016284
355,1,10,150,94,0.0
356,1,10,150,94,0.0
357,1,10,150,94,0.06959508771708611
358,1,10,150,94,0.06323567569191428
359,1,10,150,94,0.23047812925238975
360,1,10,150,94,0.1692259700041561
361,1,10,150,94,0.15572261253779404
362,1,10,150,94,0.15042501043191572
363,1,10,150,94,0.10064197110256198
364,1,10,150,94,0.0
365,1,10,150,94,0.14456587527532935
366,1,10,150,94,0.13610100259425117
367,1,10,150,94,0.11436773481003104
368,1,10,150,94,0.042512356679180144
369,1,10,150,94,0.0
370,1,10,150,94,0.19811064503366002
371,1,10,150,94,0.1319132354603233
372,1,10,150,94,0.15984877514852935
373,1,10,150,94,0.14120481734031762
374,1,10,150,94,0.1307980851043666
375,1,10,150,94,0.04282650856324445
376,1,10,150,94,0.03868122950890638
377,1,10,150,94,0.12130002016702163
378,1,10,150,94,0.19770690180705935
379,1,10,150,94,0.19461212668230085
380,1,10,150,94,0.1176919321534472
381,1,10,150,94,0.13815699085947417
382,1,10,150,94,0.0
383,1,10,150,94,0.11713125931833299
384,1,10,150,94,0.0561173220664886
385,1,10,150,94,0.1260083426369828
386,1,10,150,94,0.14606834984270645
387,1,10,150,94,0.12341081710248418
388,1,10,150,94,0.08659331667411305
389,1,10,150,94,0.1014822420242732
390,1,10,150,94,0.05307577057513386
391,1,10,150,94,0.08907375584162422
392,1,10,150,94,0.25189270163952293
393,1,10,150,94,0.26628603013868357
394,1,10,150,94,0.12588128073926708
395,1,10,150,94,0.1494624820736264
396,1,10,150,94,0.0
397,1,10,150,94,0.10540164605552274
398,1,10,150,94,0.1406230079272144
399,1,10,150,94,0.03152175963521067
400,1,10,150,94,0.0
401,1,10,150,94,0.016941778998402247
402,1,10,150,94,0.11288598947105788
403,1,10,150,94,0.09224219235917257
404,1,10,150,94,0.05446824630887794
405,1,10,150,94,0.22563067641214923
406,1,10,150,94,0.15969298558601516
407,1,10,150,94,0.07541018366439421
408,1,10,150,94,0.0
409,1,10,150,94,0.13204397186208772
410,1,10,150,94,0.0
411,1,10,150,94,0.0
412,1,10,150,94,0.15001451003751623
413,1,10,150,94,0.04935421935348238
414,1,10,150,94,0.1309019901681972
415,1,10,150,94,0.0
416,1,10,150,94,0.25606747681121805
417,1,10,150,94,0.12309745810327996
418,1,10,150,94,0.14436292983286242
419,1,10,150,94,0.0
420,1,10,150,94,0.31734175351483307
421,1,10,150,94,0.0
422,1,10,150,94,0.030480958763669998
423,1,10,150,94,0.0
424,1,10,150,94,0.0
425,1,10,150,94,0.03792725875617552
426,1,10,150,94,0.11229023146606223
427,1,10,150,94,0.0
428,1,10,150,94,0.04822019817866397
429,1,10,150,94,0.14062551472815982
430,1,10,150,94,0.0
431,1,10,150,94,0.0
432,1,10,150,94,0.03178650410794896
433,1,10,150,94,0.20451415323992994
434,1,10,150,94,0.0
435,1,10,150,94,0.08127781909048552
436,1,10,150,94,0.09499424853799125
437,1,10,150,94,0.14945564650669343
438,1,10,150,94,0.0
439,1,10,150,94,0.18154179253735267
440,1,10,150,94,0.0
442,1,10,150,94,0.0733934381893728
444,1,10,150,94,0.0
445,1,10,150,94,0.0
446,1,10,150,94,0.0
447,1,10,150,94,0.0
448,1,10,150,94,0.0
449,1,10,150,94,0.08972920377238332
450,1,10,150,94,0.17556211942720856
451,1,10,150,94,0.05497526658285817
452,1,10,150,94,0.05780700008370542
453,1,10,150,94,0.1515771522786143
454,1,10,150,94,0.1059131727358383
455,1,10,150,94,0.0
456,1,10,150,94,0.0
457,1,10,150,94,0.14751814893861787
458,1,10,150,94,0.0
459,1,10,150,94,0.0
460,1,10,150,94,0.0
462,1,10,150,94,0.0
1,1,10,150,95,0.4538935672153225
2,1,10,150,95,0.1011519894320134
3,1,10,150,95,0.020132733082951743
4,1,10,150,95,0.11528901748471758
5,1,10,150,95,0.03995561222805098
6,1,10,150,95,0.16111024188738762
7,1,10,150,95,0.3927739768584233
8,1,10,150,95,0.21327391470391274
9,1,10,150,95,0.07291513481207902
10,1,10,150,95,0.28689917675641785
11,1,10,150,95,0.1709655603646959
12,1,10,150,95,0.12022816103951169
13,1,10,150,95,0.4883843157119489
14,1,10,150,95,0.3594033245980631
15,1,10,150,95,0.050262678017164185
16,1,10,150,95,0.3004692453783384
17,1,10,150,95,0.10122860821230018
18,1,10,150,95,0.24567826388285813
19,1,10,150,95,0.13886244387355454
20,1,10,150,95,0.07744958098452553
21,1,10,150,95,0.09680666468313012
22,1,10,150,95,0.138801005060848
23,1,10,150,95,0.0
24,1,10,150,95,0.22584031631057844
25,1,10,150,95,0.17085280125179103
26,1,10,150,95,0.0
27,1,10,150,95,0.0
28,1,10,150,95,0.2629052193668776
29,1,10,150,95,0.0
30,1,10,150,95,0.0
31,1,10,150,95,0.09711583757314435
32,1,10,150,95,0.11469999139467348
33,1,10,150,95,0.033500244056960914
34,1,10,150,95,0.0
35,1,10,150,95,0.0
36,1,10,150,95,0.0
37,1,10,150,95,0.15133867332691472
38,1,10,150,95,0.24828411718476903
39,1,10,150,95,0.0993029104208021
40,1,10,150,95,0.3197267407502473
41,1,10,150,95,0.0224586613737933
42,1,10,150,95,0.22141738844212383
43,1,10,150,95,0.2605219141120937
44,1,10,150,95,0.07237002116518762
45,1,10,150,95,0.04094516368001556
46,1,10,150,95,0.02795730764456241
47,1,10,150,95,0.0
48,1,10,150,95,0.2615959484067528
49,1,10,150,95,0.08977393430956127
50,1,10,150,95,0.0
51,1,10,150,95,0.0
52,1,10,150,95,0.07095766703421214
53,1,10,150,95,0.1369821642818139
54,1,10,150,95,0.12836415432918194
55,1,10,150,95,0.0
56,1,10,150,95,0.16859870494579118
57,1,10,150,95,0.1943154106647398
58,1,10,150,95,0.2155948662609122
59,1,10,150,95,0.3143274226300952
60,1,10,150,95,0.21317604563600567
61,1,10,150,95,0.0
62,1,10,150,95,0.17396618838402597
63,1,10,150,95,0.07223385975389779
64,1,10,150,95,0.11891215958952951
65,1,10,150,95,0.2306157261998143
66,1,10,150,95,0.0
67,1,10,150,95,0.03314040476303028
68,1,10,150,95,0.0
69,1,10,150,95,0.2705442665348323
70,1,10,150,95,0.09509990093533892
71,1,10,150,95,0.0
72,1,10,150,95,0.2489252548854098
73,1,10,150,95,0.2411808659921475
74,1,10,150,95,0.03272011597426011
75,1,10,150,95,0.10310690100385646
76,1,10,150,95,0.1177548715386271
77,1,10,150,95,0.45927229869726693
78,1,10,150,95,0.05658242244874664
79,1,10,150,95,0.4102269223050506
80,1,10,150,95,0.1466914912588887
81,1,10,150,95,0.034380101046999886
82,1,10,150,95,0.1701963280120859
83,1,10,150,95,0.10057479033327138
84,1,10,150,95,0.05683844068224461
85,1,10,150,95,0.04524038619712837
86,1,10,150,95,0.030028011472322282
87,1,10,150,95,0.13835487571323046
88,1,10,150,95,0.0
89,1,10,150,95,0.18598056335085358
90,1,10,150,95,0.29479085435534835
91,1,10,150,95,0.2159710813022377
92,1,10,150,95,0.27138062363751275
93,1,10,150,95,0.03194176236549506
94,1,10,150,95,0.38436097320673174
95,1,10,150,95,0.22483991502433262
96,1,10,150,95,0.3781493395140278
97,1,10,150,95,0.23173585298002286
98,1,10,150,95,0.22712419731564737
99,1,10,150,95,0.16792576455798583
100,1,10,150,95,0.022805505402617214
101,1,10,150,95,0.07621696537409083
102,1,10,150,95,0.02583257036878712
103,1,10,150,95,0.15394621921377785
104,1,10,150,95,0.015190330175114026
105,1,10,150,95,0.05200670101006268
106,1,10,150,95,0.3404283536835147
107,1,10,150,95,0.0
108,1,10,150,95,0.08541488164531355
109,1,10,150,95,0.23272212290862468
110,1,10,150,95,0.0617774658888535
111,1,10,150,95,0.038281751104512325
112,1,10,150,95,0.041631053839379054
113,1,10,150,95,0.02769198719673247
114,1,10,150,95,0.11938748599511304
115,1,10,150,95,0.35526584484273294
116,1,10,150,95,0.06024751702574598
117,1,10,150,95,0.25596974895629354
118,1,10,150,95,0.1417730509431575
119,1,10,150,95,0.13447103054356552
120,1,10,150,95,0.12171775198765021
121,1,10,150,95,0.18136606922889512
122,1,10,150,95,0.125418998393806
123,1,10,150,95,0.045465875186671466
124,1,10,150,95,0.18978688349077963
125,1,10,150,95,0.2506037583891091
126,1,10,150,95,0.0
127,1,10,150,95,0.071512236588497
128,1,10,150,95,0.20599274447362576
129,1,10,150,95,0.03443731487202246
130,1,10,150,95,0.3481221893941454
131,1,10,150,95,0.25372733625822586
132,1,10,150,95,0.12238042572284785
133,1,10,150,95,0.0
134,1,10,150,95,0.030071530282993673
135,1,10,150,95,0.04046615435059731
136,1,10,150,95,0.35628796654787115
137,1,10,150,95,0.29533063600730286
138,1,10,150,95,0.1481232493650676
139,1,10,150,95,0.06016179456846956
140,1,10,150,95,0.039232819060514755
141,1,10,150,95,0.14439434970082324
142,1,10,150,95,0.04395738023645723
143,1,10,150,95,0.051623692436031904
144,1,10,150,95,0.11128983167751763
145,1,10,150,95,0.2543538196164666
146,1,10,150,95,0.03365750437567162
147,1,10,150,95,0.038800293177871176
148,1,10,150,95,0.2924190881243261
149,1,10,150,95,0.0
150,1,10,150,95,0.0
151,1,10,150,95,0.25020446028594745
152,1,10,150,95,0.2152831184598316
153,1,10,150,95,0.21315403751398063
154,1,10,150,95,0.14119390874852483
155,1,10,150,95,0.0
156,1,10,150,95,0.056765037818527084
157,1,10,150,95,0.07267844514201649
158,1,10,150,95,0.3451395350863708
159,1,10,150,95,0.06521625450990476
160,1,10,150,95,0.17465425782884814
161,1,10,150,95,0.13331237983363897
162,1,10,150,95,0.0475858026939827
163,1,10,150,95,0.08930748165857323
164,1,10,150,95,0.18940135337489952
165,1,10,150,95,0.16621229711010693
166,1,10,150,95,0.0
167,1,10,150,95,0.2282770400969221
168,1,10,150,95,0.044682472154713174
169,1,10,150,95,0.14269884249349324
170,1,10,150,95,0.0
171,1,10,150,95,0.03569428821937015
172,1,10,150,95,0.0239003177617487
173,1,10,150,95,0.02795730764456241
174,1,10,150,95,0.14006379596122223
175,1,10,150,95,0.10467701423324277
176,1,10,150,95,0.12162507554983247
177,1,10,150,95,0.1655922659307943
178,1,10,150,95,0.22622645521896703
179,1,10,150,95,0.04779424843825288
180,1,10,150,95,0.18488419881747875
181,1,10,150,95,0.12373746836211792
182,1,10,150,95,0.04195229264874745
183,1,10,150,95,0.02831169742649504
184,1,10,150,95,0.11784268926972
185,1,10,150,95,0.0208917977510647
186,1,10,150,95,0.09936660338340583
187,1,10,150,95,0.1913083732597066
188,1,10,150,95,0.16730684164342016
189,1,10,150,95,0.3075237399249579
190,1,10,150,95,0.05339229345473345
191,1,10,150,95,0.0
192,1,10,150,95,0.10363179610670267
193,1,10,150,95,0.015341597742551824
194,1,10,150,95,0.10163957236370878
195,1,10,150,95,0.1350818622660359
196,1,10,150,95,0.07706308624591164
197,1,10,150,95,0.1790416859363959
198,1,10,150,95,0.060192841483380555
199,1,10,150,95,0.049748115641606416
200,1,10,150,95,0.23767603466974146
201,1,10,150,95,0.14614156214350155
202,1,10,150,95,0.0
203,1,10,150,95,0.05370431689540528
204,1,10,150,95,0.027001973670935885
205,1,10,150,95,0.36484800394146205
206,1,10,150,95,0.03974771280526578
207,1,10,150,95,0.23464217284336672
208,1,10,150,95,0.06781923368674067
209,1,10,150,95,0.03243822298569767
210,1,10,150,95,0.1410744214094599
211,1,10,150,95,0.0
212,1,10,150,95,0.0874256646781203
213,1,10,150,95,0.30647783910768517
214,1,10,150,95,0.17169301418933652
215,1,10,150,95,0.255708749192597
216,1,10,150,95,0.18920848610998078
217,1,10,150,95,0.09429387113634759
218,1,10,150,95,0.06133198316402014
219,1,10,150,95,0.030028011472322282
220,1,10,150,95,0.034616222155696735
221,1,10,150,95,0.06802289283215787
222,1,10,150,95,0.15233367811190648
223,1,10,150,95,0.10677939756546245
224,1,10,150,95,0.08198004023370263
225,1,10,150,95,0.19889742777798003
226,1,10,150,95,0.23814675809782818
227,1,10,150,95,0.10623119772529849
228,1,10,150,95,0.02917403367304273
229,1,10,150,95,0.0
230,1,10,150,95,0.25422798975444133
231,1,10,150,95,0.0
232,1,10,150,95,0.10424205663010026
233,1,10,150,95,0.17513937617266395
234,1,10,150,95,0.2252895674504418
235,1,10,150,95,0.23280252396956425
236,1,10,150,95,0.13123532326882845
237,1,10,150,95,0.24352191769087017
238,1,10,150,95,0.0
239,1,10,150,95,0.1872044464535561
240,1,10,150,95,0.0
241,1,10,150,95,0.047978870624887156
242,1,10,150,95,0.07484255566002171
243,1,10,150,95,0.12898989924507495
244,1,10,150,95,0.1675022924504197
245,1,10,150,95,0.18470089958507746
246,1,10,150,95,0.07117464882947531
247,1,10,150,95,0.08883649703748449
248,1,10,150,95,0.1352712391738193
249,1,10,150,95,0.3242782777944955
250,1,10,150,95,0.13537727623013396
251,1,10,150,95,0.1369922724163038
252,1,10,150,95,0.15744006533381547
253,1,10,150,95,0.25788042776378417
254,1,10,150,95,0.07352756868889418
255,1,10,150,95,0.09831516045677517
256,1,10,150,95,0.18050432622627274
257,1,10,150,95,0.2024772690671989
258,1,10,150,95,0.0
259,1,10,150,95,0.08642802717301845
260,1,10,150,95,0.0
261,1,10,150,95,0.0
262,1,10,150,95,0.0
263,1,10,150,95,0.25458460733580324
264,1,10,150,95,0.13063203577847377
265,1,10,150,95,0.33443049441002
266,1,10,150,95,0.10279639225640967
267,1,10,150,95,0.159430053182393
268,1,10,150,95,0.1598188334057093
269,1,10,150,95,0.3026696433431883
270,1,10,150,95,0.12791298775358595
271,1,10,150,95,0.1784633184600536
272,1,10,150,95,0.25498687177304324
273,1,10,150,95,0.03860961209670539
274,1,10,150,95,0.2190414101098042
275,1,10,150,95,0.015522912158152052
276,1,10,150,95,0.33361471564907585
277,1,10,150,95,0.09982873474912346
278,1,10,150,95,0.07867548793068165
279,1,10,150,95,0.17382106942120662
280,1,10,150,95,0.19003743667008646
281,1,10,150,95,0.08591349210019344
282,1,10,150,95,0.0306359742689708
283,1,10,150,95,0.20644004022221485
284,1,10,150,95,0.07891945711936355
285,1,10,150,95,0.08972166586674028
286,1,10,150,95,0.2678124440780345
287,1,10,150,95,0.277373713129501
288,1,10,150,95,0.25730730990442935
289,1,10,150,95,0.0
290,1,10,150,95,0.10906936434592127
291,1,10,150,95,0.14038007655428966
292,1,10,150,95,0.18523409118499787
293,1,10,150,95,0.2488684208424534
294,1,10,150,95,0.020665272679455834
295,1,10,150,95,0.18574592783171615
296,1,10,150,95,0.24338281543923382
297,1,10,150,95,0.10653402119670953
298,1,10,150,95,0.265287510686088
299,1,10,150,95,0.10703774569712063
300,1,10,150,95,0.04336490181597879
301,1,10,150,95,0.2701082142286616
302,1,10,150,95,0.13927874459665815
303,1,10,150,95,0.2711395537551594
304,1,10,150,95,0.0
305,1,10,150,95,0.14328818275918215
306,1,10,150,95,0.08156911164475483
307,1,10,150,95,0.2705042582270391
308,1,10,150,95,0.34009657859408937
309,1,10,150,95,0.035944309689377
310,1,10,150,95,0.06900643972011666
311,1,10,150,95,0.25960115641692016
312,1,10,150,95,0.26282800230484327
313,1,10,150,95,0.2514719119420343
314,1,10,150,95,0.17357344997384286
315,1,10,150,95,0.2993807942711626
316,1,10,150,95,0.15163097251042218
317,1,10,150,95,0.0
318,1,10,150,95,0.11181450241843982
319,1,10,150,95,0.06591877139737895
320,1,10,150,95,0.1924988394784141
321,1,10,150,95,0.15427224748816595
322,1,10,150,95,0.27393381314717025
323,1,10,150,95,0.20144166357013524
324,1,10,150,95,0.10121986794608845
325,1,10,150,95,0.0901883711443618
326,1,10,150,95,0.23923503217231218
327,1,10,150,95,0.01212075806305275
328,1,10,150,95,0.13801311833795776
329,1,10,150,95,0.0600464949049256
330,1,10,150,95,0.27601140298895566
331,1,10,150,95,0.09091966573968718
332,1,10,150,95,0.15191987624214254
333,1,10,150,95,0.1014371752449239
334,1,10,150,95,0.12317822969643971
335,1,10,150,95,0.08149421541954936
336,1,10,150,95,0.1252879373315154
337,1,10,150,95,0.10521567817367497
338,1,10,150,95,0.15896841246993118
339,1,10,150,95,0.2998207975877704
340,1,10,150,95,0.33716689361470614
341,1,10,150,95,0.0
342,1,10,150,95,0.09298480097837011
343,1,10,150,95,0.28990023182190544
344,1,10,150,95,0.23148267984720988
345,1,10,150,95,0.07954754924061865
346,1,10,150,95,0.11905023331895151
347,1,10,150,95,0.2646772008433278
348,1,10,150,95,0.18923084143550442
349,1,10,150,95,0.28750580972533735
350,1,10,150,95,0.057127212566552996
351,1,10,150,95,0.02907522751061953
352,1,10,150,95,0.1723437934095643
353,1,10,150,95,0.0
354,1,10,150,95,0.15826397898016284
355,1,10,150,95,0.0
356,1,10,150,95,0.0
357,1,10,150,95,0.06959508771708611
358,1,10,150,95,0.06323567569191428
359,1,10,150,95,0.23047812925238975
360,1,10,150,95,0.1692259700041561
361,1,10,150,95,0.15572261253779404
362,1,10,150,95,0.15042501043191572
363,1,10,150,95,0.09988477315527321
364,1,10,150,95,0.0
365,1,10,150,95,0.14456587527532935
366,1,10,150,95,0.13610100259425117
367,1,10,150,95,0.11436773481003104
368,1,10,150,95,0.042512356679180144
369,1,10,150,95,0.0
370,1,10,150,95,0.19811064503366002
371,1,10,150,95,0.1319132354603233
372,1,10,150,95,0.15984877514852935
373,1,10,150,95,0.14120481734031762
374,1,10,150,95,0.1307980851043666
375,1,10,150,95,0.04282650856324445
376,1,10,150,95,0.03868122950890638
377,1,10,150,95,0.12130002016702163
378,1,10,150,95,0.19621941841843843
379,1,10,150,95,0.19461212668230085
380,1,10,150,95,0.13015274178978045
381,1,10,150,95,0.13815699085947417
382,1,10,150,95,0.0
383,1,10,150,95,0.11713125931833299
384,1,10,150,95,0.0561173220664886
385,1,10,150,95,0.1260083426369828
386,1,10,150,95,0.14606834984270645
387,1,10,150,95,0.12341081710248418
388,1,10,150,95,0.08659331667411305
389,1,10,150,95,0.1014822420242732
390,1,10,150,95,0.05307577057513386
391,1,10,150,95,0.08907375584162422
392,1,10,150,95,0.25189270163952293
393,1,10,150,95,0.26428257935961236
394,1,10,150,95,0.12588128073926708
395,1,10,150,95,0.1494624820736264
396,1,10,150,95,0.0
397,1,10,150,95,0.10540164605552274
398,1,10,150,95,0.1406230079272144
399,1,10,150,95,0.03152175963521067
400,1,10,150,95,0.0
401,1,10,150,95,0.016941778998402247
402,1,10,150,95,0.11288598947105788
403,1,10,150,95,0.09224219235917257
404,1,10,150,95,0.05446824630887794
405,1,10,150,95,0.22393310348951093
406,1,10,150,95,0.15969298558601516
407,1,10,150,95,0.07541018366439421
408,1,10,150,95,0.0
409,1,10,150,95,0.13204397186208772
410,1,10,150,95,0.0
411,1,10,150,95,0.0
412,1,10,150,95,0.15001451003751623
413,1,10,150,95,0.04935421935348238
414,1,10,150,95,0.1309019901681972
415,1,10,150,95,0.0
416,1,10,150,95,0.25606747681121805
417,1,10,150,95,0.12309745810327996
418,1,10,150,95,0.14436292983286242
419,1,10,150,95,0.0
420,1,10,150,95,0.31734175351483307
421,1,10,150,95,0.0
422,1,10,150,95,0.030480958763669998
423,1,10,150,95,0.0
424,1,10,150,95,0.0
425,1,10,150,95,0.03792725875617552
426,1,10,150,95,0.11229023146606223
427,1,10,150,95,0.0
428,1,10,150,95,0.04822019817866397
429,1,10,150,95,0.14062551472815982
430,1,10,150,95,0.0
431,1,10,150,95,0.0
432,1,10,150,95,0.03178650410794896
433,1,10,150,95,0.20451415323992994
434,1,10,150,95,0.0
435,1,10,150,95,0.08127781909048552
436,1,10,150,95,0.09499424853799125
437,1,10,150,95,0.14945564650669343
438,1,10,150,95,0.0
439,1,10,150,95,0.18154179253735267
440,1,10,150,95,0.0
442,1,10,150,95,0.0733934381893728
444,1,10,150,95,0.0
445,1,10,150,95,0.0
446,1,10,150,95,0.0
447,1,10,150,95,0.0
448,1,10,150,95,0.0
449,1,10,150,95,0.08972920377238332
450,1,10,150,95,0.17556211942720856
451,1,10,150,95,0.05497526658285817
452,1,10,150,95,0.05780700008370542
453,1,10,150,95,0.1515771522786143
454,1,10,150,95,0.1059131727358383
455,1,10,150,95,0.0
456,1,10,150,95,0.0
457,1,10,150,95,0.14751814893861787
458,1,10,150,95,0.0
459,1,10,150,95,0.0
460,1,10,150,95,0.0
462,1,10,150,95,0.0
1,1,10,150,96,0.45051173924385973
2,1,10,150,96,0.1011519894320134
3,1,10,150,96,0.020132733082951743
4,1,10,150,96,0.11528901748471758
5,1,10,150,96,0.03995561222805098
6,1,10,150,96,0.15990985668288565
7,1,10,150,96,0.38984753304572145
8,1,10,150,96,0.23018481707981564
9,1,10,150,96,0.07291513481207902
10,1,10,150,96,0.28689917675641785
11,1,10,150,96,0.1709655603646959
12,1,10,150,96,0.12022816103951169
13,1,10,150,96,0.48474550727976234
14,1,10,150,96,0.3594033245980631
15,1,10,150,96,0.050262678017164185
16,1,10,150,96,0.3004692453783384
17,1,10,150,96,0.10122860821230018
18,1,10,150,96,0.24384778712621066
19,1,10,150,96,0.13886244387355454
20,1,10,150,96,0.07744958098452553
21,1,10,150,96,0.09680666468313012
22,1,10,150,96,0.138801005060848
23,1,10,150,96,0.0
24,1,10,150,96,0.22584031631057844
25,1,10,150,96,0.17085280125179103
26,1,10,150,96,0.0
27,1,10,150,96,0.0
28,1,10,150,96,0.2629052193668776
29,1,10,150,96,0.0
30,1,10,150,96,0.0
31,1,10,150,96,0.09711583757314435
32,1,10,150,96,0.11469999139467348
33,1,10,150,96,0.033500244056960914
34,1,10,150,96,0.0
35,1,10,150,96,0.0
36,1,10,150,96,0.0
37,1,10,150,96,0.15133867332691472
38,1,10,150,96,0.24828411718476903
39,1,10,150,96,0.0993029104208021
40,1,10,150,96,0.3197267407502473
41,1,10,150,96,0.0224586613737933
42,1,10,150,96,0.22141738844212383
43,1,10,150,96,0.25858084166700807
44,1,10,150,96,0.07237002116518762
45,1,10,150,96,0.04094516368001556
46,1,10,150,96,0.02795730764456241
47,1,10,150,96,0.0
48,1,10,150,96,0.2615959484067528
49,1,10,150,96,0.08910505503017657
50,1,10,150,96,0.0
51,1,10,150,96,0.0
52,1,10,150,96,0.07095766703421214
53,1,10,150,96,0.1369821642818139
54,1,10,150,96,0.12836415432918194
55,1,10,150,96,0.0
56,1,10,150,96,0.16859870494579118
57,1,10,150,96,0.1943154106647398
58,1,10,150,96,0.2155948662609122
59,1,10,150,96,0.31198546110689085
60,1,10,150,96,0.21317604563600567
61,1,10,150,96,0.0
62,1,10,150,96,0.17267001728916936
63,1,10,150,96,0.07223385975389779
64,1,10,150,96,0.11891215958952951
65,1,10,150,96,0.2306157261998143
66,1,10,150,96,0.0
67,1,10,150,96,0.03314040476303028
68,1,10,150,96,0.0
69,1,10,150,96,0.2705442665348323
70,1,10,150,96,0.10624539487415599
71,1,10,150,96,0.0
72,1,10,150,96,0.2489252548854098
73,1,10,150,96,0.2411808659921475
74,1,10,150,96,0.03272011597426011
75,1,10,150,96,0.10310690100385646
76,1,10,150,96,0.1177548715386271
77,1,10,150,96,0.45927229869726693
78,1,10,150,96,0.05658242244874664
79,1,10,150,96,0.4102269223050506
80,1,10,150,96,0.1466914912588887
81,1,10,150,96,0.034380101046999886
82,1,10,150,96,0.1701963280120859
83,1,10,150,96,0.10057479033327138
84,1,10,150,96,0.05683844068224461
85,1,10,150,96,0.04490331333570875
86,1,10,150,96,0.030028011472322282
87,1,10,150,96,0.13732403407441673
88,1,10,150,96,0.0
89,1,10,150,96,0.18598056335085358
90,1,10,150,96,0.2925944540778415
91,1,10,150,96,0.2159710813022377
92,1,10,150,96,0.2693586461295236
93,1,10,150,96,0.03194176236549506
94,1,10,150,96,0.381497212219098
95,1,10,150,96,0.22316469869907046
96,1,10,150,96,0.3781493395140278
97,1,10,150,96,0.23173585298002286
98,1,10,150,96,0.22712419731564737
99,1,10,150,96,0.16792576455798583
100,1,10,150,96,0.022805505402617214
101,1,10,150,96,0.07621696537409083
102,1,10,150,96,0.03309080644079545
103,1,10,150,96,0.15394621921377785
104,1,10,150,96,0.015190330175114026
105,1,10,150,96,0.05200670101006268
106,1,10,150,96,0.3404283536835147
107,1,10,150,96,0.0
108,1,10,150,96,0.08541488164531355
109,1,10,150,96,0.2309881785620259
110,1,10,150,96,0.0733674088183329
111,1,10,150,96,0.038281751104512325
112,1,10,150,96,0.041631053839379054
113,1,10,150,96,0.02769198719673247
114,1,10,150,96,0.11938748599511304
115,1,10,150,96,0.35526584484273294
116,1,10,150,96,0.06024751702574598
117,1,10,150,96,0.25596974895629354
118,1,10,150,96,0.1417730509431575
119,1,10,150,96,0.13447103054356552
120,1,10,150,96,0.12171775198765021
121,1,10,150,96,0.18136606922889512
122,1,10,150,96,0.125418998393806
123,1,10,150,96,0.045465875186671466
124,1,10,150,96,0.18978688349077963
125,1,10,150,96,0.2506037583891091
126,1,10,150,96,0.0
127,1,10,150,96,0.071512236588497
128,1,10,150,96,0.20599274447362576
129,1,10,150,96,0.03443731487202246
130,1,10,150,96,0.3455284329661732
131,1,10,150,96,0.25372733625822586
132,1,10,150,96,0.12238042572284785
133,1,10,150,96,0.0
134,1,10,150,96,0.030071530282993673
135,1,10,150,96,0.04046615435059731
136,1,10,150,96,0.35628796654787115
137,1,10,150,96,0.29533063600730286
138,1,10,150,96,0.1672565716511108
139,1,10,150,96,0.06016179456846956
140,1,10,150,96,0.039232819060514755
141,1,10,150,96,0.14439434970082324
142,1,10,150,96,0.04395738023645723
143,1,10,150,96,0.051623692436031904
144,1,10,150,96,0.1104606437513361
145,1,10,150,96,0.25245870383612046
146,1,10,150,96,0.03365750437567162
147,1,10,150,96,0.038800293177871176
148,1,10,150,96,0.2924190881243261
149,1,10,150,96,0.0
150,1,10,150,96,0.0
151,1,10,150,96,0.24834026016614635
152,1,10,150,96,0.2152831184598316
153,1,10,150,96,0.21315403751398063
154,1,10,150,96,0.14119390874852483
155,1,10,150,96,0.0
156,1,10,150,96,0.056765037818527084
157,1,10,150,96,0.07267844514201649
158,1,10,150,96,0.3451395350863708
159,1,10,150,96,0.06521625450990476
160,1,10,150,96,0.17465425782884814
161,1,10,150,96,0.13331237983363897
162,1,10,150,96,0.0475858026939827
163,1,10,150,96,0.08930748165857323
164,1,10,150,96,0.18940135337489952
165,1,10,150,96,0.16621229711010693
166,1,10,150,96,0.0
167,1,10,150,96,0.2282770400969221
168,1,10,150,96,0.044682472154713174
169,1,10,150,96,0.14269884249349324
170,1,10,150,96,0.0
171,1,10,150,96,0.03569428821937015
172,1,10,150,96,0.0239003177617487
173,1,10,150,96,0.02795730764456241
174,1,10,150,96,0.14006379596122223
175,1,10,150,96,0.10467701423324277
176,1,10,150,96,0.12162507554983247
177,1,10,150,96,0.1655922659307943
178,1,10,150,96,0.22454090818899242
179,1,10,150,96,0.04779424843825288
180,1,10,150,96,0.18488419881747875
181,1,10,150,96,0.12281553674235016
182,1,10,150,96,0.04195229264874745
183,1,10,150,96,0.02831169742649504
184,1,10,150,96,0.11696467792170792
185,1,10,150,96,0.0208917977510647
186,1,10,150,96,0.09936660338340583
187,1,10,150,96,0.1913083732597066
188,1,10,150,96,0.16730684164342016
189,1,10,150,96,0.3075237399249579
190,1,10,150,96,0.05339229345473345
191,1,10,150,96,0.0
192,1,10,150,96,0.10363179610670267
193,1,10,150,96,0.02570761433844347
194,1,10,150,96,0.10088228569199871
195,1,10,150,96,0.1350818622660359
196,1,10,150,96,0.07706308624591164
197,1,10,150,96,0.1790416859363959
198,1,10,150,96,0.060192841483380555
199,1,10,150,96,0.049748115641606416
200,1,10,150,96,0.2359051801781836
201,1,10,150,96,0.14505270418571584
202,1,10,150,96,0.0
203,1,10,150,96,0.05370431689540528
204,1,10,150,96,0.027001973670935885
205,1,10,150,96,0.36484800394146205
206,1,10,150,96,0.03974771280526578
207,1,10,150,96,0.24034462975179074
208,1,10,150,96,0.06781923368674067
209,1,10,150,96,0.03243822298569767
210,1,10,150,96,0.1410744214094599
211,1,10,150,96,0.024814475701850174
212,1,10,150,96,0.0874256646781203
213,1,10,150,96,0.31696482977334933
214,1,10,150,96,0.17169301418933652
215,1,10,150,96,0.255708749192597
216,1,10,150,96,0.18920848610998078
217,1,10,150,96,0.09429387113634759
218,1,10,150,96,0.06133198316402014
219,1,10,150,96,0.030028011472322282
220,1,10,150,96,0.034616222155696735
221,1,10,150,96,0.06802289283215787
222,1,10,150,96,0.15119868451242627
223,1,10,150,96,0.10677939756546245
224,1,10,150,96,0.08198004023370263
225,1,10,150,96,0.19889742777798003
226,1,10,150,96,0.23814675809782818
227,1,10,150,96,0.10623119772529849
228,1,10,150,96,0.02917403367304273
229,1,10,150,96,0.0
230,1,10,150,96,0.25422798975444133
231,1,10,150,96,0.0
232,1,10,150,96,0.10424205663010026
233,1,10,150,96,0.17513937617266395
234,1,10,150,96,0.23106170788119
235,1,10,150,96,0.23280252396956425
236,1,10,150,96,0.13123532326882845
237,1,10,150,96,0.24352191769087017
238,1,10,150,96,0.0
239,1,10,150,96,0.1872044464535561
240,1,10,150,96,0.0
241,1,10,150,96,0.047978870624887156
242,1,10,150,96,0.07484255566002171
243,1,10,150,96,0.12898989924507495
244,1,10,150,96,0.16625428195014258
245,1,10,150,96,0.18470089958507746
246,1,10,150,96,0.07117464882947531
247,1,10,150,96,0.08883649703748449
248,1,10,150,96,0.1352712391738193
249,1,10,150,96,0.3242782777944955
250,1,10,150,96,0.14611645545135316
251,1,10,150,96,0.1369922724163038
252,1,10,150,96,0.15744006533381547
253,1,10,150,96,0.25788042776378417
254,1,10,150,96,0.07352756868889418
255,1,10,150,96,0.09831516045677517
256,1,10,150,96,0.18050432622627274
257,1,10,150,96,0.2024772690671989
258,1,10,150,96,0.025850222928408703
259,1,10,150,96,0.08642802717301845
260,1,10,150,96,0.0
261,1,10,150,96,0.0
262,1,10,150,96,0.0
263,1,10,150,96,0.25458460733580324
264,1,10,150,96,0.13063203577847377
265,1,10,150,96,0.33443049441002
266,1,10,150,96,0.10279639225640967
267,1,10,150,96,0.159430053182393
268,1,10,150,96,0.16607877709188376
269,1,10,150,96,0.30041454051754046
270,1,10,150,96,0.12791298775358595
271,1,10,150,96,0.1771336405667294
272,1,10,150,96,0.25498687177304324
273,1,10,150,96,0.03860961209670539
274,1,10,150,96,0.2190414101098042
275,1,10,150,96,0.015522912158152052
276,1,10,150,96,0.33112905015706323
277,1,10,150,96,0.09982873474912346
278,1,10,150,96,0.07867548793068165
279,1,10,150,96,0.17252597956521987
280,1,10,150,96,0.18862152341337557
281,1,10,150,96,0.08591349210019344
282,1,10,150,96,0.0306359742689708
283,1,10,150,96,0.20644004022221485
284,1,10,150,96,0.07891945711936355
285,1,10,150,96,0.08972166586674028
286,1,10,150,96,0.26581705203041106
287,1,10,150,96,0.277373713129501
288,1,10,150,96,0.25730730990442935
289,1,10,150,96,0.0
290,1,10,150,96,0.11829090250338811
291,1,10,150,96,0.13933414573742448
292,1,10,150,96,0.18523409118499787
293,1,10,150,96,0.2470141751610655
294,1,10,150,96,0.020665272679455834
295,1,10,150,96,0.18436198934988124
296,1,10,150,96,0.24338281543923382
297,1,10,150,96,0.10574026742089424
298,1,10,150,96,0.265287510686088
299,1,10,150,96,0.10624023881765186
300,1,10,150,96,0.04336490181597879
301,1,10,150,96,0.2680957170703421
302,1,10,150,96,0.13927874459665815
303,1,10,150,96,0.2691193723882264
304,1,10,150,96,0.0
305,1,10,150,96,0.14222058449510455
306,1,10,150,96,0.08156911164475483
307,1,10,150,96,0.2705042582270391
308,1,10,150,96,0.3375626186405599
309,1,10,150,96,0.035944309689377
310,1,10,150,96,0.06900643972011666
311,1,10,150,96,0.257666944267625
312,1,10,150,96,0.26282800230484327
313,1,10,150,96,0.24959826841132668
314,1,10,150,96,0.17228020505780206
315,1,10,150,96,0.2993807942711626
316,1,10,150,96,0.15163097251042218
317,1,10,150,96,0.0
318,1,10,150,96,0.11181450241843982
319,1,10,150,96,0.06591877139737895
320,1,10,150,96,0.1924988394784141
321,1,10,150,96,0.15427224748816595
322,1,10,150,96,0.27393381314717025
323,1,10,150,96,0.20144166357013524
324,1,10,150,96,0.10121986794608845
325,1,10,150,96,0.0901883711443618
326,1,10,150,96,0.23923503217231218
327,1,10,150,96,0.01948115683077732
328,1,10,150,96,0.13698482303320697
329,1,10,150,96,0.0600464949049256
330,1,10,150,96,0.27601140298895566
331,1,10,150,96,0.09091966573968718
332,1,10,150,96,0.15191987624214254
333,1,10,150,96,0.1014371752449239
334,1,10,150,96,0.12226046480010429
335,1,10,150,96,0.08149421541954936
336,1,10,150,96,0.1252879373315154
337,1,10,150,96,0.10521567817367497
338,1,10,150,96,0.15896841246993118
339,1,10,150,96,0.2975869206770902
340,1,10,150,96,0.33716689361470614
341,1,10,150,96,0.0
342,1,10,150,96,0.10202877086695575
343,1,10,150,96,0.28990023182190544
344,1,10,150,96,0.23148267984720988
345,1,10,150,96,0.07895486375989312
346,1,10,150,96,0.11905023331895151
347,1,10,150,96,0.2646772008433278
348,1,10,150,96,0.18923084143550442
349,1,10,150,96,0.28750580972533735
350,1,10,150,96,0.057127212566552996
351,1,10,150,96,0.02907522751061953
352,1,10,150,96,0.1723437934095643
353,1,10,150,96,0.0
354,1,10,150,96,0.15826397898016284
355,1,10,150,96,0.0
356,1,10,150,96,0.0
357,1,10,150,96,0.06959508771708611
358,1,10,150,96,0.06323567569191428
359,1,10,150,96,0.23047812925238975
360,1,10,150,96,0.1692259700041561
361,1,10,150,96,0.15572261253779404
362,1,10,150,96,0.15042501043191572
363,1,10,150,96,0.09914056097828179
364,1,10,150,96,0.0
365,1,10,150,96,0.14456587527532935
366,1,10,150,96,0.13610100259425117
367,1,10,150,96,0.11436773481003104
368,1,10,150,96,0.042512356679180144
369,1,10,150,96,0.0
370,1,10,150,96,0.19811064503366002
371,1,10,150,96,0.1319132354603233
372,1,10,150,96,0.15984877514852935
373,1,10,150,96,0.14120481734031762
374,1,10,150,96,0.1307980851043666
375,1,10,150,96,0.04282650856324445
376,1,10,150,96,0.03868122950890638
377,1,10,150,96,0.12130002016702163
378,1,10,150,96,0.19475744502713713
379,1,10,150,96,0.19461212668230085
380,1,10,150,96,0.13015274178978045
381,1,10,150,96,0.13815699085947417
382,1,10,150,96,0.0
383,1,10,150,96,0.11713125931833299
384,1,10,150,96,0.0561173220664886
385,1,10,150,96,0.1260083426369828
386,1,10,150,96,0.14606834984270645
387,1,10,150,96,0.12341081710248418
388,1,10,150,96,0.08659331667411305
389,1,10,150,96,0.1014822420242732
390,1,10,150,96,0.05307577057513386
391,1,10,150,96,0.08907375584162422
392,1,10,150,96,0.25189270163952293
393,1,10,150,96,0.2623134872997007
394,1,10,150,96,0.12588128073926708
395,1,10,150,96,0.1494624820736264
396,1,10,150,96,0.0
397,1,10,150,96,0.10540164605552274
398,1,10,150,96,0.1406230079272144
399,1,10,150,96,0.03152175963521067
400,1,10,150,96,0.0
401,1,10,150,96,0.016941778998402247
402,1,10,150,96,0.11288598947105788
403,1,10,150,96,0.09224219235917257
404,1,10,150,96,0.05446824630887794
405,1,10,150,96,0.22226464355128486
406,1,10,150,96,0.15969298558601516
407,1,10,150,96,0.08954889098789084
408,1,10,150,96,0.0
409,1,10,150,96,0.13204397186208772
410,1,10,150,96,0.0
411,1,10,150,96,0.0
412,1,10,150,96,0.15001451003751623
413,1,10,150,96,0.04935421935348238
414,1,10,150,96,0.1309019901681972
415,1,10,150,96,0.0
416,1,10,150,96,0.2648594598467812
417,1,10,150,96,0.12309745810327996
418,1,10,150,96,0.14436292983286242
419,1,10,150,96,0.0
420,1,10,150,96,0.31734175351483307
421,1,10,150,96,0.0
422,1,10,150,96,0.030480958763669998
423,1,10,150,96,0.0
424,1,10,150,96,0.0
425,1,10,150,96,0.03792725875617552
426,1,10,150,96,0.11229023146606223
427,1,10,150,96,0.0
428,1,10,150,96,0.04822019817866397
429,1,10,150,96,0.14062551472815982
430,1,10,150,96,0.0
431,1,10,150,96,0.0
432,1,10,150,96,0.03178650410794896
433,1,10,150,96,0.20451415323992994
434,1,10,150,96,0.0
435,1,10,150,96,0.08127781909048552
436,1,10,150,96,0.09499424853799125
437,1,10,150,96,0.14945564650669343
438,1,10,150,96,0.0
439,1,10,150,96,0.18154179253735267
440,1,10,150,96,0.0
442,1,10,150,96,0.0733934381893728
444,1,10,150,96,0.0
445,1,10,150,96,0.0
446,1,10,150,96,0.0
447,1,10,150,96,0.0
448,1,10,150,96,0.0
449,1,10,150,96,0.08972920377238332
450,1,10,150,96,0.17556211942720856
451,1,10,150,96,0.05497526658285817
452,1,10,150,96,0.05780700008370542
453,1,10,150,96,0.1515771522786143
454,1,10,150,96,0.1059131727358383
455,1,10,150,96,0.0
456,1,10,150,96,0.0
457,1,10,150,96,0.14751814893861787
458,1,10,150,96,0.0
459,1,10,150,96,0.0
460,1,10,150,96,0.0
462,1,10,150,96,0.0
1,1,10,150,97,0.4471873307973115
2,1,10,150,97,0.1011519894320134
3,1,10,150,97,0.020132733082951743
4,1,10,150,97,0.11528901748471758
5,1,10,150,97,0.03995561222805098
6,1,10,150,97,0.15872985262986106
7,1,10,150,97,0.3869707768619682
8,1,10,150,97,0.23018481707981564
9,1,10,150,97,0.07291513481207902
10,1,10,150,97,0.28689917675641785
11,1,10,150,97,0.1709655603646959
12,1,10,150,97,0.12022816103951169
13,1,10,150,97,0.48116848160329073
14,1,10,150,97,0.3594033245980631
15,1,10,150,97,0.050262678017164185
16,1,10,150,97,0.3004692453783384
17,1,10,150,97,0.10122860821230018
18,1,10,150,97,0.2420483897463442
19,1,10,150,97,0.13886244387355454
20,1,10,150,97,0.07744958098452553
21,1,10,150,97,0.09680666468313012
22,1,10,150,97,0.138801005060848
23,1,10,150,97,0.0
24,1,10,150,97,0.22584031631057844
25,1,10,150,97,0.17085280125179103
26,1,10,150,97,0.0
27,1,10,150,97,0.0
28,1,10,150,97,0.2629052193668776
29,1,10,150,97,0.0
30,1,10,150,97,0.0
31,1,10,150,97,0.09711583757314435
32,1,10,150,97,0.11469999139467348
33,1,10,150,97,0.06677332352451841
34,1,10,150,97,0.0
35,1,10,150,97,0.0
36,1,10,150,97,0.0
37,1,10,150,97,0.15133867332691472
38,1,10,150,97,0.24828411718476903
39,1,10,150,97,0.0993029104208021
40,1,10,150,97,0.3197267407502473
41,1,10,150,97,0.0224586613737933
42,1,10,150,97,0.22141738844212383
43,1,10,150,97,0.2566727263854925
44,1,10,150,97,0.07237002116518762
45,1,10,150,97,0.04094516368001556
46,1,10,150,97,0.02795730764456241
47,1,10,150,97,0.0
48,1,10,150,97,0.2615959484067528
49,1,10,150,97,0.0884475325468121
50,1,10,150,97,0.0
51,1,10,150,97,0.0
52,1,10,150,97,0.07095766703421214
53,1,10,150,97,0.1369821642818139
54,1,10,150,97,0.12836415432918194
55,1,10,150,97,0.0
56,1,10,150,97,0.16859870494579118
57,1,10,150,97,0.1943154106647398
58,1,10,150,97,0.22453295319051325
59,1,10,150,97,0.3096832633798243
60,1,10,150,97,0.21317604563600567
61,1,10,150,97,0.0
62,1,10,150,97,0.17139585367934826
63,1,10,150,97,0.07223385975389779
64,1,10,150,97,0.11891215958952951
65,1,10,150,97,0.2306157261998143
66,1,10,150,97,0.02382330812596789
67,1,10,150,97,0.03314040476303028
68,1,10,150,97,0.0
69,1,10,150,97,0.2705442665348323
70,1,10,150,97,0.10624539487415599
71,1,10,150,97,0.0
72,1,10,150,97,0.2588160859539108
73,1,10,150,97,0.2411808659921475
74,1,10,150,97,0.03272011597426011
75,1,10,150,97,0.10310690100385646
76,1,10,150,97,0.1177548715386271
77,1,10,150,97,0.45927229869726693
78,1,10,150,97,0.05658242244874664
79,1,10,150,97,0.4102269223050506
80,1,10,150,97,0.1466914912588887
81,1,10,150,97,0.034380101046999886
82,1,10,150,97,0.1701963280120859
83,1,10,150,97,0.10057479033327138
84,1,10,150,97,0.05683844068224461
85,1,10,150,97,0.04457196358135656
86,1,10,150,97,0.030028011472322282
87,1,10,150,97,0.13631069493356038
88,1,10,150,97,0.0
89,1,10,150,97,0.18598056335085358
90,1,10,150,97,0.29043534613498934
91,1,10,150,97,0.2159710813022377
92,1,10,150,97,0.2673709994594352
93,1,10,150,97,0.03194176236549506
94,1,10,150,97,0.3786820745785907
95,1,10,150,97,0.22151792560815883
96,1,10,150,97,0.3781493395140278
97,1,10,150,97,0.23173585298002286
98,1,10,150,97,0.22712419731564737
99,1,10,150,97,0.16792576455798583
100,1,10,150,97,0.022805505402617214
101,1,10,150,97,0.07621696537409083
102,1,10,150,97,0.03284662333333745
103,1,10,150,97,0.15394621921377785
104,1,10,150,97,0.015190330175114026
105,1,10,150,97,0.05200670101006268
106,1,10,150,97,0.3404283536835147
107,1,10,150,97,0.0
108,1,10,150,97,0.08541488164531355
109,1,10,150,97,0.23666285731506947
110,1,10,150,97,0.0849314252276904
111,1,10,150,97,0.038281751104512325
112,1,10,150,97,0.041631053839379054
113,1,10,150,97,0.02769198719673247
114,1,10,150,97,0.11938748599511304
115,1,10,150,97,0.35526584484273294
116,1,10,150,97,0.06024751702574598
117,1,10,150,97,0.25596974895629354
118,1,10,150,97,0.1417730509431575
119,1,10,150,97,0.13447103054356552
120,1,10,150,97,0.12171775198765021
121,1,10,150,97,0.18136606922889512
122,1,10,150,97,0.125418998393806
123,1,10,150,97,0.045465875186671466
124,1,10,150,97,0.18978688349077963
125,1,10,150,97,0.2506037583891091
126,1,10,150,97,0.0
127,1,10,150,97,0.071512236588497
128,1,10,150,97,0.20599274447362576
129,1,10,150,97,0.03443731487202246
130,1,10,150,97,0.3429787155204008
131,1,10,150,97,0.25372733625822586
132,1,10,150,97,0.12238042572284785
133,1,10,150,97,0.0
134,1,10,150,97,0.030071530282993673
135,1,10,150,97,0.04046615435059731
136,1,10,150,97,0.35628796654787115
137,1,10,150,97,0.29533063600730286
138,1,10,150,97,0.1672565716511108
139,1,10,150,97,0.06016179456846956
140,1,10,150,97,0.039232819060514755
141,1,10,150,97,0.14439434970082324
142,1,10,150,97,0.04395738023645723
143,1,10,150,97,0.051623692436031904
144,1,10,150,97,0.1096455344764603
145,1,10,150,97,0.2505957649283662
146,1,10,150,97,0.03365750437567162
147,1,10,150,97,0.038800293177871176
148,1,10,150,97,0.2924190881243261
149,1,10,150,97,0.0
150,1,10,150,97,0.0
151,1,10,150,97,0.24650771200680208
152,1,10,150,97,0.2152831184598316
153,1,10,150,97,0.21315403751398063
154,1,10,150,97,0.14119390874852483
155,1,10,150,97,0.0
156,1,10,150,97,0.056765037818527084
157,1,10,150,97,0.07267844514201649
158,1,10,150,97,0.3451395350863708
159,1,10,150,97,0.06521625450990476
160,1,10,150,97,0.17465425782884814
161,1,10,150,97,0.13331237983363897
162,1,10,150,97,0.0475858026939827
163,1,10,150,97,0.08930748165857323
164,1,10,150,97,0.18940135337489952
165,1,10,150,97,0.16621229711010693
166,1,10,150,97,0.0
167,1,10,150,97,0.2282770400969221
168,1,10,150,97,0.044682472154713174
169,1,10,150,97,0.14269884249349324
170,1,10,150,97,0.0
171,1,10,150,97,0.03569428821937015
172,1,10,150,97,0.0239003177617487
173,1,10,150,97,0.02795730764456241
174,1,10,150,97,0.14006379596122223
175,1,10,150,97,0.10467701423324277
176,1,10,150,97,0.12162507554983247
177,1,10,150,97,0.1655922659307943
178,1,10,150,97,0.2228839797967779
179,1,10,150,97,0.04779424843825288
180,1,10,150,97,0.18488419881747875
181,1,10,150,97,0.12928844118592586
182,1,10,150,97,0.04195229264874745
183,1,10,150,97,0.02831169742649504
184,1,10,150,97,0.11610157419019729
185,1,10,150,97,0.0208917977510647
186,1,10,150,97,0.09936660338340583
187,1,10,150,97,0.1913083732597066
188,1,10,150,97,0.16730684164342016
189,1,10,150,97,0.3075237399249579
190,1,10,150,97,0.05339229345473345
191,1,10,150,97,0.0
192,1,10,150,97,0.10363179610670267
193,1,10,150,97,0.02570761433844347
194,1,10,150,97,0.10013785687151011
195,1,10,150,97,0.1350818622660359
196,1,10,150,97,0.07706308624591164
197,1,10,150,97,0.1790416859363959
198,1,10,150,97,0.060192841483380555
199,1,10,150,97,0.049748115641606416
200,1,10,150,97,0.2341643927463508
201,1,10,150,97,0.14398233377583705
202,1,10,150,97,0.0
203,1,10,150,97,0.05370431689540528
204,1,10,150,97,0.027001973670935885
205,1,10,150,97,0.36484800394146205
206,1,10,150,97,0.03974771280526578
207,1,10,150,97,0.24595026554178706
208,1,10,150,97,0.06781923368674067
209,1,10,150,97,0.03243822298569767
210,1,10,150,97,0.1410744214094599
211,1,10,150,97,0.024814475701850174
212,1,10,150,97,0.0874256646781203
213,1,10,150,97,0.31696482977334933
214,1,10,150,97,0.17169301418933652
215,1,10,150,97,0.255708749192597
216,1,10,150,97,0.18920848610998078
217,1,10,150,97,0.09429387113634759
218,1,10,150,97,0.06133198316402014
219,1,10,150,97,0.030028011472322282
220,1,10,150,97,0.034616222155696735
221,1,10,150,97,0.06802289283215787
222,1,10,150,97,0.1500829617906527
223,1,10,150,97,0.10677939756546245
224,1,10,150,97,0.08198004023370263
225,1,10,150,97,0.22858246921240963
226,1,10,150,97,0.23814675809782818
227,1,10,150,97,0.10623119772529849
228,1,10,150,97,0.02917403367304273
229,1,10,150,97,0.0
230,1,10,150,97,0.25422798975444133
231,1,10,150,97,0.0
232,1,10,150,97,0.10424205663010026
233,1,10,150,97,0.17513937617266395
234,1,10,150,97,0.23673584404795134
235,1,10,150,97,0.23280252396956425
236,1,10,150,97,0.13123532326882845
237,1,10,150,97,0.24352191769087017
238,1,10,150,97,0.0
239,1,10,150,97,0.19622818512368578
240,1,10,150,97,0.0
241,1,10,150,97,0.047978870624887156
242,1,10,150,97,0.07484255566002171
243,1,10,150,97,0.12898989924507495
244,1,10,150,97,0.16502746122374481
245,1,10,150,97,0.18470089958507746
246,1,10,150,97,0.07934917563476457
247,1,10,150,97,0.08883649703748449
248,1,10,150,97,0.1352712391738193
249,1,10,150,97,0.3242782777944955
250,1,10,150,97,0.14611645545135316
251,1,10,150,97,0.1369922724163038
252,1,10,150,97,0.15744006533381547
253,1,10,150,97,0.25788042776378417
254,1,10,150,97,0.07352756868889418
255,1,10,150,97,0.09831516045677517
256,1,10,150,97,0.18050432622627274
257,1,10,150,97,0.2024772690671989
258,1,10,150,97,0.025850222928408703
259,1,10,150,97,0.08642802717301845
260,1,10,150,97,0.0
261,1,10,150,97,0.0
262,1,10,150,97,0.0
263,1,10,150,97,0.25458460733580324
264,1,10,150,97,0.13063203577847377
265,1,10,150,97,0.33443049441002
266,1,10,150,97,0.10279639225640967
267,1,10,150,97,0.159430053182393
268,1,10,150,97,0.16485325144790536
269,1,10,150,97,0.298197726727874
270,1,10,150,97,0.12791298775358595
271,1,10,150,97,0.17582653906509876
272,1,10,150,97,0.25498687177304324
273,1,10,150,97,0.03860961209670539
274,1,10,150,97,0.2190414101098042
275,1,10,150,97,0.015522912158152052
276,1,10,150,97,0.3286855883882595
277,1,10,150,97,0.09982873474912346
278,1,10,150,97,0.07867548793068165
279,1,10,150,97,0.17863206156754385
280,1,10,150,97,0.18722965072502193
281,1,10,150,97,0.08591349210019344
282,1,10,150,97,0.0306359742689708
283,1,10,150,97,0.20644004022221485
284,1,10,150,97,0.07891945711936355
285,1,10,150,97,0.08972166586674028
286,1,10,150,97,0.27123472216180056
287,1,10,150,97,0.277373713129501
288,1,10,150,97,0.25730730990442935
289,1,10,150,97,0.0
290,1,10,150,97,0.11829090250338811
291,1,10,150,97,0.145685156346756
292,1,10,150,97,0.18523409118499787
293,1,10,150,97,0.252570595156751
294,1,10,150,97,0.020665272679455834
295,1,10,150,97,0.18436198934988124
296,1,10,150,97,0.24338281543923382
297,1,10,150,97,0.10495999066552202
298,1,10,150,97,0.265287510686088
299,1,10,150,97,0.10545627268198247
300,1,10,150,97,0.04336490181597879
301,1,10,150,97,0.2661173897845583
302,1,10,150,97,0.13927874459665815
303,1,10,150,97,0.2671334913627979
304,1,10,150,97,0.0
305,1,10,150,97,0.14117111281394015
306,1,10,150,97,0.08156911164475483
307,1,10,150,97,0.2705042582270391
308,1,10,150,97,0.3350716823943011
309,1,10,150,97,0.035944309689377
310,1,10,150,97,0.06900643972011666
311,1,10,150,97,0.2557655728020173
312,1,10,150,97,0.26282800230484327
313,1,10,150,97,0.24775643717926352
314,1,10,150,97,0.17100891794366715
315,1,10,150,97,0.2993807942711626
316,1,10,150,97,0.15163097251042218
317,1,10,150,97,0.0
318,1,10,150,97,0.11181450241843982
319,1,10,150,97,0.06591877139737895
320,1,10,150,97,0.1924988394784141
321,1,10,150,97,0.15427224748816595
322,1,10,150,97,0.27393381314717025
323,1,10,150,97,0.20144166357013524
324,1,10,150,97,0.10121986794608845
325,1,10,150,97,0.0901883711443618
326,1,10,150,97,0.23923503217231218
327,1,10,150,97,0.026716584546162634
328,1,10,150,97,0.13597398699260824
329,1,10,150,97,0.0600464949049256
330,1,10,150,97,0.28612232689457956
331,1,10,150,97,0.09091966573968718
332,1,10,150,97,0.15191987624214254
333,1,10,150,97,0.1014371752449239
334,1,10,150,97,0.1213582824895111
335,1,10,150,97,0.08149421541954936
336,1,10,150,97,0.1252879373315154
337,1,10,150,97,0.10521567817367497
338,1,10,150,97,0.15896841246993118
339,1,10,150,97,0.2975869206770902
340,1,10,150,97,0.33716689361470614
341,1,10,150,97,0.0
342,1,10,150,97,0.10202877086695575
343,1,10,150,97,0.28990023182190544
344,1,10,150,97,0.23148267984720988
345,1,10,150,97,0.07837224139267135
346,1,10,150,97,0.11905023331895151
347,1,10,150,97,0.27329070976089387
348,1,10,150,97,0.18923084143550442
349,1,10,150,97,0.28750580972533735
350,1,10,150,97,0.057127212566552996
351,1,10,150,97,0.02907522751061953
352,1,10,150,97,0.1723437934095643
353,1,10,150,97,0.0
354,1,10,150,97,0.15826397898016284
355,1,10,150,97,0.0
356,1,10,150,97,0.0
357,1,10,150,97,0.06959508771708611
358,1,10,150,97,0.06323567569191428
359,1,10,150,97,0.23047812925238975
360,1,10,150,97,0.1692259700041561
361,1,10,150,97,0.15572261253779404
362,1,10,150,97,0.15042501043191572
363,1,10,150,97,0.0984089846627236
364,1,10,150,97,0.0
365,1,10,150,97,0.14456587527532935
366,1,10,150,97,0.13610100259425117
367,1,10,150,97,0.11436773481003104
368,1,10,150,97,0.042512356679180144
369,1,10,150,97,0.0
370,1,10,150,97,0.19811064503366002
371,1,10,150,97,0.1319132354603233
372,1,10,150,97,0.15984877514852935
373,1,10,150,97,0.14120481734031762
374,1,10,150,97,0.1307980851043666
375,1,10,150,97,0.04282650856324445
376,1,10,150,97,0.03868122950890638
377,1,10,150,97,0.12130002016702163
378,1,10,150,97,0.19332029425196964
379,1,10,150,97,0.19461212668230085
380,1,10,150,97,0.13015274178978045
381,1,10,150,97,0.13815699085947417
382,1,10,150,97,0.0
383,1,10,150,97,0.11713125931833299
384,1,10,150,97,0.0561173220664886
385,1,10,150,97,0.1260083426369828
386,1,10,150,97,0.14606834984270645
387,1,10,150,97,0.12341081710248418
388,1,10,150,97,0.08659331667411305
389,1,10,150,97,0.1014822420242732
390,1,10,150,97,0.05307577057513386
391,1,10,150,97,0.08907375584162422
392,1,10,150,97,0.25189270163952293
393,1,10,150,97,0.2677570108754496
394,1,10,150,97,0.12588128073926708
395,1,10,150,97,0.1494624820736264
396,1,10,150,97,0.0
397,1,10,150,97,0.10540164605552274
398,1,10,150,97,0.1406230079272144
399,1,10,150,97,0.03152175963521067
400,1,10,150,97,0.0
401,1,10,150,97,0.016941778998402247
402,1,10,150,97,0.11288598947105788
403,1,10,150,97,0.09224219235917257
404,1,10,150,97,0.05446824630887794
405,1,10,150,97,0.22062451213177714
406,1,10,150,97,0.15969298558601516
407,1,10,150,97,0.08954889098789084
408,1,10,150,97,0.0
409,1,10,150,97,0.13204397186208772
410,1,10,150,97,0.0
411,1,10,150,97,0.0
412,1,10,150,97,0.15001451003751623
413,1,10,150,97,0.04935421935348238
414,1,10,150,97,0.1309019901681972
415,1,10,150,97,0.0
416,1,10,150,97,0.2648594598467812
417,1,10,150,97,0.12309745810327996
418,1,10,150,97,0.14436292983286242
419,1,10,150,97,0.0
420,1,10,150,97,0.31734175351483307
421,1,10,150,97,0.0
422,1,10,150,97,0.030480958763669998
423,1,10,150,97,0.0
424,1,10,150,97,0.0
425,1,10,150,97,0.03792725875617552
426,1,10,150,97,0.11229023146606223
427,1,10,150,97,0.0
428,1,10,150,97,0.04822019817866397
429,1,10,150,97,0.14062551472815982
430,1,10,150,97,0.0
431,1,10,150,97,0.0
432,1,10,150,97,0.03178650410794896
433,1,10,150,97,0.20451415323992994
434,1,10,150,97,0.0
435,1,10,150,97,0.08127781909048552
436,1,10,150,97,0.09499424853799125
437,1,10,150,97,0.14945564650669343
438,1,10,150,97,0.0
439,1,10,150,97,0.18154179253735267
440,1,10,150,97,0.0
442,1,10,150,97,0.09558441554710753
444,1,10,150,97,0.0
445,1,10,150,97,0.0
446,1,10,150,97,0.0
447,1,10,150,97,0.0
448,1,10,150,97,0.0
449,1,10,150,97,0.08972920377238332
450,1,10,150,97,0.17556211942720856
451,1,10,150,97,0.05497526658285817
452,1,10,150,97,0.05780700008370542
453,1,10,150,97,0.1515771522786143
454,1,10,150,97,0.1059131727358383
455,1,10,150,97,0.0
456,1,10,150,97,0.0
457,1,10,150,97,0.14751814893861787
458,1,10,150,97,0.0
459,1,10,150,97,0.0
460,1,10,150,97,0.0
462,1,10,150,97,0.0
1,1,10,150,98,0.4439188101773016
2,1,10,150,98,0.1011519894320134
3,1,10,150,98,0.020132733082951743
4,1,10,150,98,0.11528901748471758
5,1,10,150,98,0.03995561222805098
6,1,10,150,98,0.1575696860495449
7,1,10,150,98,0.3841423828614954
8,1,10,150,98,0.23018481707981564
9,1,10,150,98,0.07291513481207902
10,1,10,150,98,0.28689917675641785
11,1,10,150,98,0.1709655603646959
12,1,10,150,98,0.12022816103951169
13,1,10,150,98,0.4776515905925031
14,1,10,150,98,0.3594033245980631
15,1,10,150,98,0.050262678017164185
16,1,10,150,98,0.3004692453783384
17,1,10,150,98,0.10122860821230018
18,1,10,150,98,0.24027924268326542
19,1,10,150,98,0.13886244387355454
20,1,10,150,98,0.07744958098452553
21,1,10,150,98,0.09680666468313012
22,1,10,150,98,0.138801005060848
23,1,10,150,98,0.0
24,1,10,150,98,0.22584031631057844
25,1,10,150,98,0.17085280125179103
26,1,10,150,98,0.0
27,1,10,150,98,0.0
28,1,10,150,98,0.2629052193668776
29,1,10,150,98,0.0
30,1,10,150,98,0.0
31,1,10,150,98,0.09711583757314435
32,1,10,150,98,0.11469999139467348
33,1,10,150,98,0.06677332352451841
34,1,10,150,98,0.0
35,1,10,150,98,0.0
36,1,10,150,98,0.0
37,1,10,150,98,0.15133867332691472
38,1,10,150,98,0.24828411718476903
39,1,10,150,98,0.1347581684321991
40,1,10,150,98,0.3197267407502473
41,1,10,150,98,0.0224586613737933
42,1,10,150,98,0.22141738844212383
43,1,10,150,98,0.2547966891165266
44,1,10,150,98,0.07237002116518762
45,1,10,150,98,0.04094516368001556
46,1,10,150,98,0.02795730764456241
47,1,10,150,98,0.0
48,1,10,150,98,0.2615959484067528
49,1,10,150,98,0.08780106391049629
50,1,10,150,98,0.0
51,1,10,150,98,0.0
52,1,10,150,98,0.07095766703421214
53,1,10,150,98,0.1369821642818139
54,1,10,150,98,0.12836415432918194
55,1,10,150,98,0.0
56,1,10,150,98,0.16859870494579118
57,1,10,150,98,0.1943154106647398
58,1,10,150,98,0.22453295319051325
59,1,10,150,98,0.30741976872709303
60,1,10,150,98,0.21317604563600567
61,1,10,150,98,0.0
62,1,10,150,98,0.17014311049242406
63,1,10,150,98,0.07223385975389779
64,1,10,150,98,0.11891215958952951
65,1,10,150,98,0.2306157261998143
66,1,10,150,98,0.02382330812596789
67,1,10,150,98,0.03314040476303028
68,1,10,150,98,0.0
69,1,10,150,98,0.2705442665348323
70,1,10,150,98,0.10624539487415599
71,1,10,150,98,0.0
72,1,10,150,98,0.2686850644060775
73,1,10,150,98,0.2411808659921475
74,1,10,150,98,0.03272011597426011
75,1,10,150,98,0.10310690100385646
76,1,10,150,98,0.1177548715386271
77,1,10,150,98,0.45927229869726693
78,1,10,150,98,0.05658242244874664
79,1,10,150,98,0.4102269223050506
80,1,10,150,98,0.1466914912588887
81,1,10,150,98,0.034380101046999886
82,1,10,150,98,0.1701963280120859
83,1,10,150,98,0.10057479033327138
84,1,10,150,98,0.05683844068224461
85,1,10,150,98,0.04424618426694654
86,1,10,150,98,0.030028011472322282
87,1,10,150,98,0.1353143914016069
88,1,10,150,98,0.0
89,1,10,150,98,0.2005735970308918
90,1,10,150,98,0.2883125357326254
91,1,10,150,98,0.2159710813022377
92,1,10,150,98,0.2654167678326857
93,1,10,150,98,0.03194176236549506
94,1,10,150,98,0.3832233267808855
95,1,10,150,98,0.21989883701219803
96,1,10,150,98,0.3781493395140278
97,1,10,150,98,0.23173585298002286
98,1,10,150,98,0.22712419731564737
99,1,10,150,98,0.16792576455798583
100,1,10,150,98,0.022805505402617214
101,1,10,150,98,0.07621696537409083
102,1,10,150,98,0.03260654527595758
103,1,10,150,98,0.15394621921377785
104,1,10,150,98,0.015190330175114026
105,1,10,150,98,0.05200670101006268
106,1,10,150,98,0.3404283536835147
107,1,10,150,98,0.0
108,1,10,150,98,0.08541488164531355
109,1,10,150,98,0.23493307345078696
110,1,10,150,98,0.0849314252276904
111,1,10,150,98,0.038281751104512325
112,1,10,150,98,0.041631053839379054
113,1,10,150,98,0.02769198719673247
114,1,10,150,98,0.11938748599511304
115,1,10,150,98,0.35526584484273294
116,1,10,150,98,0.06024751702574598
117,1,10,150,98,0.25596974895629354
118,1,10,150,98,0.1417730509431575
119,1,10,150,98,0.13447103054356552
120,1,10,150,98,0.12171775198765021
121,1,10,150,98,0.18136606922889512
122,1,10,150,98,0.125418998393806
123,1,10,150,98,0.045465875186671466
124,1,10,150,98,0.18978688349077963
125,1,10,150,98,0.2506037583891091
126,1,10,150,98,0.0
127,1,10,150,98,0.071512236588497
128,1,10,150,98,0.20599274447362576
129,1,10,150,98,0.03443731487202246
130,1,10,150,98,0.3477809258430369
131,1,10,150,98,0.25372733625822586
132,1,10,150,98,0.12238042572284785
133,1,10,150,98,0.0
134,1,10,150,98,0.030071530282993673
135,1,10,150,98,0.04046615435059731
136,1,10,150,98,0.35628796654787115
137,1,10,150,98,0.29533063600730286
138,1,10,150,98,0.1672565716511108
139,1,10,150,98,0.06016179456846956
140,1,10,150,98,0.039232819060514755
141,1,10,150,98,0.14439434970082324
142,1,10,150,98,0.04395738023645723
143,1,10,150,98,0.051623692436031904
144,1,10,150,98,0.10884412829688599
145,1,10,150,98,0.24876414455688758
146,1,10,150,98,0.03365750437567162
147,1,10,150,98,0.038800293177871176
148,1,10,150,98,0.2924190881243261
149,1,10,150,98,0.0
150,1,10,150,98,0.0
151,1,10,150,98,0.2447059714739271
152,1,10,150,98,0.22987615213986987
153,1,10,150,98,0.21315403751398063
154,1,10,150,98,0.14119390874852483
155,1,10,150,98,0.0
156,1,10,150,98,0.056765037818527084
157,1,10,150,98,0.07267844514201649
158,1,10,150,98,0.3451395350863708
159,1,10,150,98,0.06521625450990476
160,1,10,150,98,0.17465425782884814
161,1,10,150,98,0.13331237983363897
162,1,10,150,98,0.0475858026939827
163,1,10,150,98,0.08930748165857323
164,1,10,150,98,0.18940135337489952
165,1,10,150,98,0.16621229711010693
166,1,10,150,98,0.0
167,1,10,150,98,0.2282770400969221
168,1,10,150,98,0.044682472154713174
169,1,10,150,98,0.14269884249349324
170,1,10,150,98,0.0
171,1,10,150,98,0.03569428821937015
172,1,10,150,98,0.0239003177617487
173,1,10,150,98,0.02795730764456241
174,1,10,150,98,0.14006379596122223
175,1,10,150,98,0.10467701423324277
176,1,10,150,98,0.12162507554983247
177,1,10,150,98,0.1655922659307943
178,1,10,150,98,0.22125490662393832
179,1,10,150,98,0.04779424843825288
180,1,10,150,98,0.18488419881747875
181,1,10,150,98,0.12834346375288525
182,1,10,150,98,0.04195229264874745
183,1,10,150,98,0.02831169742649504
184,1,10,150,98,0.11525298040606734
185,1,10,150,98,0.0208917977510647
186,1,10,150,98,0.09936660338340583
187,1,10,150,98,0.1913083732597066
188,1,10,150,98,0.16730684164342016
189,1,10,150,98,0.31611821831775166
190,1,10,150,98,0.05339229345473345
191,1,10,150,98,0.0
192,1,10,150,98,0.10363179610670267
193,1,10,150,98,0.02570761433844347
194,1,10,150,98,0.09940594291177302
195,1,10,150,98,0.1350818622660359
196,1,10,150,98,0.07706308624591164
197,1,10,150,98,0.1790416859363959
198,1,10,150,98,0.060192841483380555
199,1,10,150,98,0.049748115641606416
200,1,10,150,98,0.23976193386940392
201,1,10,150,98,0.14292995774804484
202,1,10,150,98,0.0
203,1,10,150,98,0.05370431689540528
204,1,10,150,98,0.027001973670935885
205,1,10,150,98,0.36484800394146205
206,1,10,150,98,0.03974771280526578
207,1,10,150,98,0.2533131448455597
208,1,10,150,98,0.06781923368674067
209,1,10,150,98,0.03243822298569767
210,1,10,150,98,0.1410744214094599
211,1,10,150,98,0.024814475701850174
212,1,10,150,98,0.0874256646781203
213,1,10,150,98,0.31696482977334933
214,1,10,150,98,0.17169301418933652
215,1,10,150,98,0.255708749192597
216,1,10,150,98,0.18920848610998078
217,1,10,150,98,0.09429387113634759
218,1,10,150,98,0.06133198316402014
219,1,10,150,98,0.030028011472322282
220,1,10,150,98,0.034616222155696735
221,1,10,150,98,0.06802289283215787
222,1,10,150,98,0.14898599588499908
223,1,10,150,98,0.10677939756546245
224,1,10,150,98,0.08198004023370263
225,1,10,150,98,0.22858246921240963
226,1,10,150,98,0.23814675809782818
227,1,10,150,98,0.10623119772529849
228,1,10,150,98,0.02917403367304273
229,1,10,150,98,0.02573541115013299
230,1,10,150,98,0.25422798975444133
231,1,10,150,98,0.0
232,1,10,150,98,0.10424205663010026
233,1,10,150,98,0.17513937617266395
234,1,10,150,98,0.2350055267189998
235,1,10,150,98,0.23280252396956425
236,1,10,150,98,0.13123532326882845
237,1,10,150,98,0.24352191769087017
238,1,10,150,98,0.0
239,1,10,150,98,0.19622818512368578
240,1,10,150,98,0.0
241,1,10,150,98,0.047978870624887156
242,1,10,150,98,0.07484255566002171
243,1,10,150,98,0.12898989924507495
244,1,10,150,98,0.16382126502199648
245,1,10,150,98,0.18470089958507746
246,1,10,150,98,0.07934917563476457
247,1,10,150,98,0.08883649703748449
248,1,10,150,98,0.1352712391738193
249,1,10,150,98,0.3242782777944955
250,1,10,150,98,0.14611645545135316
251,1,10,150,98,0.1369922724163038
252,1,10,150,98,0.15744006533381547
253,1,10,150,98,0.27125731289939303
254,1,10,150,98,0.07352756868889418
255,1,10,150,98,0.09831516045677517
256,1,10,150,98,0.18050432622627274
257,1,10,150,98,0.22055960373560832
258,1,10,150,98,0.025850222928408703
259,1,10,150,98,0.08642802717301845
260,1,10,150,98,0.0
261,1,10,150,98,0.0
262,1,10,150,98,0.0
263,1,10,150,98,0.25458460733580324
264,1,10,150,98,0.13063203577847377
265,1,10,150,98,0.33443049441002
266,1,10,150,98,0.10279639225640967
267,1,10,150,98,0.159430053182393
268,1,10,150,98,0.16364832855647984
269,1,10,150,98,0.30332724414347223
270,1,10,150,98,0.12791298775358595
271,1,10,150,98,0.17454141171711554
272,1,10,150,98,0.25498687177304324
273,1,10,150,98,0.03860961209670539
274,1,10,150,98,0.2190414101098042
275,1,10,150,98,0.015522912158152052
276,1,10,150,98,0.3262832045344244
277,1,10,150,98,0.09982873474912346
278,1,10,150,98,0.07867548793068165
279,1,10,150,98,0.17732642847729643
280,1,10,150,98,0.1858611773092369
281,1,10,150,98,0.08591349210019344
282,1,10,150,98,0.0306359742689708
283,1,10,150,98,0.20644004022221485
284,1,10,150,98,0.07891945711936355
285,1,10,150,98,0.08972166586674028
286,1,10,150,98,0.2692522503402759
287,1,10,150,98,0.277373713129501
288,1,10,150,98,0.25730730990442935
289,1,10,150,98,0.0
290,1,10,150,98,0.11829090250338811
291,1,10,150,98,0.14462033428057686
292,1,10,150,98,0.18523409118499787
293,1,10,150,98,0.2580336041766535
294,1,10,150,98,0.020665272679455834
295,1,10,150,98,0.19177960459195684
296,1,10,150,98,0.2523866172306833
297,1,10,150,98,0.10419283142343294
298,1,10,150,98,0.265287510686088
299,1,10,150,98,0.10468548608309586
300,1,10,150,98,0.04336490181597879
301,1,10,150,98,0.26417232087059056
302,1,10,150,98,0.13927874459665815
303,1,10,150,98,0.2651809956978206
304,1,10,150,98,0.0
305,1,10,150,98,0.14117111281394015
306,1,10,150,98,0.08156911164475483
307,1,10,150,98,0.2705042582270391
308,1,10,150,98,0.332622622173533
309,1,10,150,98,0.035944309689377
310,1,10,150,98,0.06900643972011666
311,1,10,150,98,0.25389616597624354
312,1,10,150,98,0.26282800230484327
313,1,10,150,98,0.24594556963474526
314,1,10,150,98,0.16975900289462523
315,1,10,150,98,0.2993807942711626
316,1,10,150,98,0.15163097251042218
317,1,10,150,98,0.0
318,1,10,150,98,0.11181450241843982
319,1,10,150,98,0.06591877139737895
320,1,10,150,98,0.1924988394784141
321,1,10,150,98,0.15427224748816595
322,1,10,150,98,0.27393381314717025
323,1,10,150,98,0.20144166357013524
324,1,10,150,98,0.10121986794608845
325,1,10,150,98,0.0901883711443618
326,1,10,150,98,0.23923503217231218
327,1,10,150,98,0.026521311331848454
328,1,10,150,98,0.1349801444803933
329,1,10,150,98,0.0600464949049256
330,1,10,150,98,0.28612232689457956
331,1,10,150,98,0.09091966573968718
332,1,10,150,98,0.15191987624214254
333,1,10,150,98,0.1014371752449239
334,1,10,150,98,0.12047126709035227
335,1,10,150,98,0.08149421541954936
336,1,10,150,98,0.1252879373315154
337,1,10,150,98,0.10521567817367497
338,1,10,150,98,0.15896841246993118
339,1,10,150,98,0.2975869206770902
340,1,10,150,98,0.33716689361470614
341,1,10,150,98,0.0
342,1,10,150,98,0.10202877086695575
343,1,10,150,98,0.28990023182190544
344,1,10,150,98,0.23148267984720988
345,1,10,150,98,0.0777994136996962
346,1,10,150,98,0.11905023331895151
347,1,10,150,98,0.27329070976089387
348,1,10,150,98,0.18923084143550442
349,1,10,150,98,0.28750580972533735
350,1,10,150,98,0.057127212566552996
351,1,10,150,98,0.02907522751061953
352,1,10,150,98,0.1723437934095643
353,1,10,150,98,0.0
354,1,10,150,98,0.15826397898016284
355,1,10,150,98,0.0
356,1,10,150,98,0.0
357,1,10,150,98,0.06959508771708611
358,1,10,150,98,0.06323567569191428
359,1,10,150,98,0.23047812925238975
360,1,10,150,98,0.1692259700041561
361,1,10,150,98,0.15572261253779404
362,1,10,150,98,0.15042501043191572
363,1,10,150,98,0.09768970713983212
364,1,10,150,98,0.0
365,1,10,150,98,0.14456587527532935
366,1,10,150,98,0.13610100259425117
367,1,10,150,98,0.11436773481003104
368,1,10,150,98,0.042512356679180144
369,1,10,150,98,0.0
370,1,10,150,98,0.19811064503366002
371,1,10,150,98,0.1319132354603233
372,1,10,150,98,0.15984877514852935
373,1,10,150,98,0.14120481734031762
374,1,10,150,98,0.1307980851043666
375,1,10,150,98,0.04282650856324445
376,1,10,150,98,0.03868122950890638
377,1,10,150,98,0.12130002016702163
378,1,10,150,98,0.19190730393557953
379,1,10,150,98,0.19461212668230085
380,1,10,150,98,0.13015274178978045
381,1,10,150,98,0.13815699085947417
382,1,10,150,98,0.0
383,1,10,150,98,0.11713125931833299
384,1,10,150,98,0.0561173220664886
385,1,10,150,98,0.1260083426369828
386,1,10,150,98,0.14606834984270645
387,1,10,150,98,0.12341081710248418
388,1,10,150,98,0.08659331667411305
389,1,10,150,98,0.1014822420242732
390,1,10,150,98,0.05307577057513386
391,1,10,150,98,0.08907375584162422
392,1,10,150,98,0.25189270163952293
393,1,10,150,98,0.26579995786672905
394,1,10,150,98,0.12588128073926708
395,1,10,150,98,0.1494624820736264
396,1,10,150,98,0.0
397,1,10,150,98,0.10540164605552274
398,1,10,150,98,0.1406230079272144
399,1,10,150,98,0.03152175963521067
400,1,10,150,98,0.0
401,1,10,150,98,0.016941778998402247
402,1,10,150,98,0.11288598947105788
403,1,10,150,98,0.09224219235917257
404,1,10,150,98,0.05446824630887794
405,1,10,150,98,0.21901195355169253
406,1,10,150,98,0.15969298558601516
407,1,10,150,98,0.08954889098789084
408,1,10,150,98,0.0
409,1,10,150,98,0.13204397186208772
410,1,10,150,98,0.0
411,1,10,150,98,0.0
412,1,10,150,98,0.15001451003751623
413,1,10,150,98,0.04935421935348238
414,1,10,150,98,0.1309019901681972
415,1,10,150,98,0.0
416,1,10,150,98,0.2648594598467812
417,1,10,150,98,0.12309745810327996
418,1,10,150,98,0.14436292983286242
419,1,10,150,98,0.0
420,1,10,150,98,0.31734175351483307
421,1,10,150,98,0.0
422,1,10,150,98,0.030480958763669998
423,1,10,150,98,0.0
424,1,10,150,98,0.0
425,1,10,150,98,0.03792725875617552
426,1,10,150,98,0.11229023146606223
427,1,10,150,98,0.0
428,1,10,150,98,0.04822019817866397
429,1,10,150,98,0.14062551472815982
430,1,10,150,98,0.0
431,1,10,150,98,0.0
432,1,10,150,98,0.03178650410794896
433,1,10,150,98,0.20451415323992994
434,1,10,150,98,0.0
435,1,10,150,98,0.08127781909048552
436,1,10,150,98,0.09499424853799125
437,1,10,150,98,0.14945564650669343
438,1,10,150,98,0.0
439,1,10,150,98,0.18154179253735267
440,1,10,150,98,0.0
442,1,10,150,98,0.09558441554710753
444,1,10,150,98,0.0
445,1,10,150,98,0.0
446,1,10,150,98,0.0
447,1,10,150,98,0.0
448,1,10,150,98,0.0
449,1,10,150,98,0.12788414357476485
450,1,10,150,98,0.17556211942720856
451,1,10,150,98,0.05497526658285817
452,1,10,150,98,0.05780700008370542
453,1,10,150,98,0.1515771522786143
454,1,10,150,98,0.1059131727358383
455,1,10,150,98,0.0
456,1,10,150,98,0.0
457,1,10,150,98,0.14751814893861787
458,1,10,150,98,0.0
459,1,10,150,98,0.0
460,1,10,150,98,0.0
462,1,10,150,98,0.0
1,1,10,150,99,0.44070470132978046
2,1,10,150,99,0.1011519894320134
3,1,10,150,99,0.020132733082951743
4,1,10,150,99,0.11528901748471758
5,1,10,150,99,0.03995561222805098
6,1,10,150,99,0.15642883301421015
7,1,10,150,99,0.38136107375010664
8,1,10,150,99,0.23018481707981564
9,1,10,150,99,0.07291513481207902
10,1,10,150,99,0.28689917675641785
11,1,10,150,99,0.1709655603646959
12,1,10,150,99,0.12022816103951169
13,1,10,150,99,0.47419324603003066
14,1,10,150,99,0.3594033245980631
15,1,10,150,99,0.050262678017164185
16,1,10,150,99,0.3096297910571948
17,1,10,150,99,0.10122860821230018
18,1,10,150,99,0.23853954699549876
19,1,10,150,99,0.13886244387355454
20,1,10,150,99,0.07744958098452553
21,1,10,150,99,0.09680666468313012
22,1,10,150,99,0.138801005060848
23,1,10,150,99,0.0
24,1,10,150,99,0.22584031631057844
25,1,10,150,99,0.17085280125179103
26,1,10,150,99,0.0
27,1,10,150,99,0.0
28,1,10,150,99,0.2629052193668776
29,1,10,150,99,0.0
30,1,10,150,99,0.0
31,1,10,150,99,0.09711583757314435
32,1,10,150,99,0.11469999139467348
33,1,10,150,99,0.06677332352451841
34,1,10,150,99,0.0
35,1,10,150,99,0.0
36,1,10,150,99,0.0
37,1,10,150,99,0.15133867332691472
38,1,10,150,99,0.24828411718476903
39,1,10,150,99,0.1347581684321991
40,1,10,150,99,0.3197267407502473
41,1,10,150,99,0.0224586613737933
42,1,10,150,99,0.22141738844212383
43,1,10,150,99,0.2529518826473404
44,1,10,150,99,0.07237002116518762
45,1,10,150,99,0.04094516368001556
46,1,10,150,99,0.02795730764456241
47,1,10,150,99,0.0
48,1,10,150,99,0.2615959484067528
49,1,10,150,99,0.08716535717794359
50,1,10,150,99,0.0
51,1,10,150,99,0.0
52,1,10,150,99,0.07095766703421214
53,1,10,150,99,0.1369821642818139
54,1,10,150,99,0.12836415432918194
55,1,10,150,99,0.0
56,1,10,150,99,0.16859870494579118
57,1,10,150,99,0.1943154106647398
58,1,10,150,99,0.22453295319051325
59,1,10,150,99,0.3124342628145668
60,1,10,150,99,0.21317604563600567
61,1,10,150,99,0.0
62,1,10,150,99,0.1689112219933536
63,1,10,150,99,0.07223385975389779
64,1,10,150,99,0.11891215958952951
65,1,10,150,99,0.2306157261998143
66,1,10,150,99,0.02382330812596789
67,1,10,150,99,0.03314040476303028
68,1,10,150,99,0.0
69,1,10,150,99,0.2705442665348323
70,1,10,150,99,0.10624539487415599
71,1,10,150,99,0.0
72,1,10,150,99,0.2686850644060775
73,1,10,150,99,0.2411808659921475
74,1,10,150,99,0.03272011597426011
75,1,10,150,99,0.10310690100385646
76,1,10,150,99,0.1177548715386271
77,1,10,150,99,0.45927229869726693
78,1,10,150,99,0.05658242244874664
79,1,10,150,99,0.4102269223050506
80,1,10,150,99,0.1466914912588887
81,1,10,150,99,0.034380101046999886
82,1,10,150,99,0.1701963280120859
83,1,10,150,99,0.10057479033327138
84,1,10,150,99,0.05683844068224461
85,1,10,150,99,0.04392582827152332
86,1,10,150,99,0.030028011472322282
87,1,10,150,99,0.1353143914016069
88,1,10,150,99,0.0
89,1,10,150,99,0.2005735970308918
90,1,10,150,99,0.28622506421597715
91,1,10,150,99,0.2159710813022377
92,1,10,150,99,0.263495068724169
93,1,10,150,99,0.03194176236549506
94,1,10,150,99,0.3804486719184548
95,1,10,150,99,0.21830670173566352
96,1,10,150,99,0.3781493395140278
97,1,10,150,99,0.23173585298002286
98,1,10,150,99,0.22712419731564737
99,1,10,150,99,0.16792576455798583
100,1,10,150,99,0.022805505402617214
101,1,10,150,99,0.07621696537409083
102,1,10,150,99,0.03237046385012952
103,1,10,150,99,0.15394621921377785
104,1,10,150,99,0.015190330175114026
105,1,10,150,99,0.05200670101006268
106,1,10,150,99,0.3404283536835147
107,1,10,150,99,0.0
108,1,10,150,99,0.08541488164531355
109,1,10,150,99,0.23323208567409887
110,1,10,150,99,0.0849314252276904
111,1,10,150,99,0.038281751104512325
112,1,10,150,99,0.041631053839379054
113,1,10,150,99,0.02769198719673247
114,1,10,150,99,0.11938748599511304
115,1,10,150,99,0.35526584484273294
116,1,10,150,99,0.06024751702574598
117,1,10,150,99,0.25596974895629354
118,1,10,150,99,0.1417730509431575
119,1,10,150,99,0.13447103054356552
120,1,10,150,99,0.12171775198765021
121,1,10,150,99,0.18136606922889512
122,1,10,150,99,0.125418998393806
123,1,10,150,99,0.045465875186671466
124,1,10,150,99,0.18978688349077963
125,1,10,150,99,0.2506037583891091
126,1,10,150,99,0.0
127,1,10,150,99,0.071512236588497
128,1,10,150,99,0.20599274447362576
129,1,10,150,99,0.03443731487202246
130,1,10,150,99,0.3452628848744536
131,1,10,150,99,0.25372733625822586
132,1,10,150,99,0.12238042572284785
133,1,10,150,99,0.0
134,1,10,150,99,0.030071530282993673
135,1,10,150,99,0.04046615435059731
136,1,10,150,99,0.35628796654787115
137,1,10,150,99,0.29533063600730286
138,1,10,150,99,0.1672565716511108
139,1,10,150,99,0.06016179456846956
140,1,10,150,99,0.039232819060514755
141,1,10,150,99,0.14439434970082324
142,1,10,150,99,0.04395738023645723
143,1,10,150,99,0.051623692436031904
144,1,10,150,99,0.10884412829688599
145,1,10,150,99,0.24696301556745148
146,1,10,150,99,0.03365750437567162
147,1,10,150,99,0.038800293177871176
148,1,10,150,99,0.30816362971433514
149,1,10,150,99,0.0
150,1,10,150,99,0.0
151,1,10,150,99,0.2429342249069333
152,1,10,150,99,0.22987615213986987
153,1,10,150,99,0.21315403751398063
154,1,10,150,99,0.16020068069878335
155,1,10,150,99,0.0
156,1,10,150,99,0.056765037818527084
157,1,10,150,99,0.07267844514201649
158,1,10,150,99,0.3451395350863708
159,1,10,150,99,0.06521625450990476
160,1,10,150,99,0.18572603398988688
161,1,10,150,99,0.1523191517838975
162,1,10,150,99,0.0475858026939827
163,1,10,150,99,0.08930748165857323
164,1,10,150,99,0.18940135337489952
165,1,10,150,99,0.16621229711010693
166,1,10,150,99,0.0
167,1,10,150,99,0.2282770400969221
168,1,10,150,99,0.044682472154713174
169,1,10,150,99,0.14269884249349324
170,1,10,150,99,0.0
171,1,10,150,99,0.03569428821937015
172,1,10,150,99,0.0239003177617487
173,1,10,150,99,0.02795730764456241
174,1,10,150,99,0.14006379596122223
175,1,10,150,99,0.10467701423324277
176,1,10,150,99,0.12162507554983247
177,1,10,150,99,0.1655922659307943
178,1,10,150,99,0.21965295298594442
179,1,10,150,99,0.04779424843825288
180,1,10,150,99,0.18488419881747875
181,1,10,150,99,0.1274142175643651
182,1,10,150,99,0.04195229264874745
183,1,10,150,99,0.02831169742649504
184,1,10,150,99,0.11441851334692567
185,1,10,150,99,0.0208917977510647
186,1,10,150,99,0.1120940382979878
187,1,10,150,99,0.1913083732597066
188,1,10,150,99,0.16730684164342016
189,1,10,150,99,0.31611821831775166
190,1,10,150,99,0.05339229345473345
191,1,10,150,99,0.0
192,1,10,150,99,0.10363179610670267
193,1,10,150,99,0.02570761433844347
194,1,10,150,99,0.09868621328265163
195,1,10,150,99,0.1350818622660359
196,1,10,150,99,0.07706308624591164
197,1,10,150,99,0.1790416859363959
198,1,10,150,99,0.060192841483380555
199,1,10,150,99,0.049748115641606416
200,1,10,150,99,0.2380259836567048
201,1,10,150,99,0.14189510085250054
202,1,10,150,99,0.0
203,1,10,150,99,0.05370431689540528
204,1,10,150,99,0.027001973670935885
205,1,10,150,99,0.36484800394146205
206,1,10,150,99,0.03974771280526578
207,1,10,150,99,0.2533131448455597
208,1,10,150,99,0.06781923368674067
209,1,10,150,99,0.03243822298569767
210,1,10,150,99,0.1410744214094599
211,1,10,150,99,0.024814475701850174
212,1,10,150,99,0.0874256646781203
213,1,10,150,99,0.31696482977334933
214,1,10,150,99,0.17169301418933652
215,1,10,150,99,0.255708749192597
216,1,10,150,99,0.18920848610998078
217,1,10,150,99,0.09429387113634759
218,1,10,150,99,0.06133198316402014
219,1,10,150,99,0.059582825753446464
220,1,10,150,99,0.034616222155696735
221,1,10,150,99,0.06802289283215787
222,1,10,150,99,0.14790729140897232
223,1,10,150,99,0.10677939756546245
224,1,10,150,99,0.08198004023370263
225,1,10,150,99,0.22858246921240963
226,1,10,150,99,0.23814675809782818
227,1,10,150,99,0.10623119772529849
228,1,10,150,99,0.02917403367304273
229,1,10,150,99,0.051414657269454794
230,1,10,150,99,0.25422798975444133
231,1,10,150,99,0.0
232,1,10,150,99,0.10424205663010026
233,1,10,150,99,0.17513937617266395
234,1,10,150,99,0.24054432221157013
235,1,10,150,99,0.23280252396956425
236,1,10,150,99,0.14230709942986722
237,1,10,150,99,0.24352191769087017
238,1,10,150,99,0.0
239,1,10,150,99,0.19622818512368578
240,1,10,150,99,0.0
241,1,10,150,99,0.047978870624887156
242,1,10,150,99,0.07484255566002171
243,1,10,150,99,0.12898989924507495
244,1,10,150,99,0.16263514863033243
245,1,10,150,99,0.18470089958507746
246,1,10,150,99,0.07934917563476457
247,1,10,150,99,0.08883649703748449
248,1,10,150,99,0.1352712391738193
249,1,10,150,99,0.3242782777944955
250,1,10,150,99,0.14611645545135316
251,1,10,150,99,0.1369922724163038
252,1,10,150,99,0.15744006533381547
253,1,10,150,99,0.27125731289939303
254,1,10,150,99,0.07352756868889418
255,1,10,150,99,0.1126127781762863
256,1,10,150,99,0.18050432622627274
257,1,10,150,99,0.22055960373560832
258,1,10,150,99,0.025850222928408703
259,1,10,150,99,0.08642802717301845
260,1,10,150,99,0.0
261,1,10,150,99,0.0
262,1,10,150,99,0.0
263,1,10,150,99,0.25458460733580324
264,1,10,150,99,0.13063203577847377
265,1,10,150,99,0.33443049441002
266,1,10,150,99,0.10279639225640967
267,1,10,150,99,0.159430053182393
268,1,10,150,99,0.16246346427806518
269,1,10,150,99,0.3011310615156031
270,1,10,150,99,0.12791298775358595
271,1,10,150,99,0.17327767816314707
272,1,10,150,99,0.25498687177304324
273,1,10,150,99,0.03860961209670539
274,1,10,150,99,0.2190414101098042
275,1,10,150,99,0.015522912158152052
276,1,10,150,99,0.3239208136862583
277,1,10,150,99,0.09982873474912346
278,1,10,150,99,0.07867548793068165
279,1,10,150,99,0.17604253054460786
280,1,10,150,99,0.18451548516755514
281,1,10,150,99,0.08591349210019344
282,1,10,150,99,0.0306359742689708
283,1,10,150,99,0.20644004022221485
284,1,10,150,99,0.07891945711936355
285,1,10,150,99,0.08972166586674028
286,1,10,150,99,0.2673027811576386
287,1,10,150,99,0.277373713129501
288,1,10,150,99,0.25730730990442935
289,1,10,150,99,0.0
290,1,10,150,99,0.11829090250338811
291,1,10,150,99,0.14357323853854914
292,1,10,150,99,0.19467493903568162
293,1,10,150,99,0.25616536144593727
294,1,10,150,99,0.030304416554763146
295,1,10,150,99,0.19177960459195684
296,1,10,150,99,0.2523866172306833
297,1,10,150,99,0.1034384432478281
298,1,10,150,99,0.27711911016190927
299,1,10,150,99,0.10392753093608971
300,1,10,150,99,0.04336490181597879
301,1,10,150,99,0.2622596319411865
302,1,10,150,99,0.13927874459665815
303,1,10,150,99,0.26326100365214355
304,1,10,150,99,0.0
305,1,10,150,99,0.14117111281394015
306,1,10,150,99,0.08156911164475483
307,1,10,150,99,0.2705042582270391
308,1,10,150,99,0.33021433199004957
309,1,10,150,99,0.035944309689377
310,1,10,150,99,0.06900643972011666
311,1,10,150,99,0.25205787957182196
312,1,10,150,99,0.26282800230484327
313,1,10,150,99,0.24416484799545288
314,1,10,150,99,0.1685298954528116
315,1,10,150,99,0.2993807942711626
316,1,10,150,99,0.15163097251042218
317,1,10,150,99,0.0
318,1,10,150,99,0.11181450241843982
319,1,10,150,99,0.06591877139737895
320,1,10,150,99,0.1924988394784141
321,1,10,150,99,0.15427224748816595
322,1,10,150,99,0.27393381314717025
323,1,10,150,99,0.20144166357013524
324,1,10,150,99,0.10121986794608845
325,1,10,150,99,0.0901883711443618
326,1,10,150,99,0.23923503217231218
327,1,10,150,99,0.02632928887313464
328,1,10,150,99,0.13400284668028242
329,1,10,150,99,0.0600464949049256
330,1,10,150,99,0.28612232689457956
331,1,10,150,99,0.09091966573968718
332,1,10,150,99,0.15191987624214254
333,1,10,150,99,0.1014371752449239
334,1,10,150,99,0.11959901802915
335,1,10,150,99,0.08149421541954936
336,1,10,150,99,0.1252879373315154
337,1,10,150,99,0.10521567817367497
338,1,10,150,99,0.15896841246993118
339,1,10,150,99,0.2975869206770902
340,1,10,150,99,0.33716689361470614
341,1,10,150,99,0.0
342,1,10,150,99,0.10202877086695575
343,1,10,150,99,0.28990023182190544
344,1,10,150,99,0.23148267984720988
345,1,10,150,99,0.0777994136996962
346,1,10,150,99,0.11905023331895151
347,1,10,150,99,0.27329070976089387
348,1,10,150,99,0.18923084143550442
349,1,10,150,99,0.28750580972533735
350,1,10,150,99,0.057127212566552996
351,1,10,150,99,0.02907522751061953
352,1,10,150,99,0.1723437934095643
353,1,10,150,99,0.0
354,1,10,150,99,0.15826397898016284
355,1,10,150,99,0.0
356,1,10,150,99,0.0
357,1,10,150,99,0.06959508771708611
358,1,10,150,99,0.06323567569191428
359,1,10,150,99,0.23047812925238975
360,1,10,150,99,0.1692259700041561
361,1,10,150,99,0.15572261253779404
362,1,10,150,99,0.15042501043191572
363,1,10,150,99,0.09698240358604832
364,1,10,150,99,0.0
365,1,10,150,99,0.14456587527532935
366,1,10,150,99,0.13610100259425117
367,1,10,150,99,0.11436773481003104
368,1,10,150,99,0.042512356679180144
369,1,10,150,99,0.0
370,1,10,150,99,0.19811064503366002
371,1,10,150,99,0.1319132354603233
372,1,10,150,99,0.15984877514852935
373,1,10,150,99,0.14120481734031762
374,1,10,150,99,0.1307980851043666
375,1,10,150,99,0.04282650856324445
376,1,10,150,99,0.03868122950890638
377,1,10,150,99,0.12130002016702163
378,1,10,150,99,0.1905178359758035
379,1,10,150,99,0.19461212668230085
380,1,10,150,99,0.13015274178978045
381,1,10,150,99,0.13815699085947417
382,1,10,150,99,0.0
383,1,10,150,99,0.11713125931833299
384,1,10,150,99,0.0561173220664886
385,1,10,150,99,0.1260083426369828
386,1,10,150,99,0.14606834984270645
387,1,10,150,99,0.13092433323318536
388,1,10,150,99,0.08659331667411305
389,1,10,150,99,0.1014822420242732
390,1,10,150,99,0.05307577057513386
391,1,10,150,99,0.08907375584162422
392,1,10,150,99,0.25189270163952293
393,1,10,150,99,0.2638754843443996
394,1,10,150,99,0.12588128073926708
395,1,10,150,99,0.1494624820736264
396,1,10,150,99,0.0
397,1,10,150,99,0.10540164605552274
398,1,10,150,99,0.1406230079272144
399,1,10,150,99,0.03152175963521067
400,1,10,150,99,0.0
401,1,10,150,99,0.016941778998402247
402,1,10,150,99,0.11288598947105788
403,1,10,150,99,0.09224219235917257
404,1,10,150,99,0.05446824630887794
405,1,10,150,99,0.21742623958444202
406,1,10,150,99,0.15969298558601516
407,1,10,150,99,0.08954889098789084
408,1,10,150,99,0.0
409,1,10,150,99,0.13204397186208772
410,1,10,150,99,0.0
411,1,10,150,99,0.0
412,1,10,150,99,0.15001451003751623
413,1,10,150,99,0.04935421935348238
414,1,10,150,99,0.1309019901681972
415,1,10,150,99,0.0
416,1,10,150,99,0.2648594598467812
417,1,10,150,99,0.12309745810327996
418,1,10,150,99,0.14436292983286242
419,1,10,150,99,0.0
420,1,10,150,99,0.31734175351483307
421,1,10,150,99,0.0
422,1,10,150,99,0.030480958763669998
423,1,10,150,99,0.0
424,1,10,150,99,0.0
425,1,10,150,99,0.05597013048856016
426,1,10,150,99,0.11229023146606223
427,1,10,150,99,0.0
428,1,10,150,99,0.04822019817866397
429,1,10,150,99,0.14062551472815982
430,1,10,150,99,0.0
431,1,10,150,99,0.0
432,1,10,150,99,0.03178650410794896
433,1,10,150,99,0.20451415323992994
434,1,10,150,99,0.0
435,1,10,150,99,0.08127781909048552
436,1,10,150,99,0.09499424853799125
437,1,10,150,99,0.14945564650669343
438,1,10,150,99,0.0
439,1,10,150,99,0.18154179253735267
440,1,10,150,99,0.0
442,1,10,150,99,0.09558441554710753
444,1,10,150,99,0.0
445,1,10,150,99,0.0
446,1,10,150,99,0.0
447,1,10,150,99,0.0
448,1,10,150,99,0.0
449,1,10,150,99,0.12788414357476485
450,1,10,150,99,0.17556211942720856
451,1,10,150,99,0.05497526658285817
452,1,10,150,99,0.05780700008370542
453,1,10,150,99,0.1515771522786143
454,1,10,150,99,0.1059131727358383
455,1,10,150,99,0.0
456,1,10,150,99,0.0
457,1,10,150,99,0.14751814893861787
458,1,10,150,99,0.0
459,1,10,150,99,0.0
460,1,10,150,99,0.0
462,1,10,150,99,0.0
1,1,10,150,100,0.43754358129264515
2,1,10,150,100,0.1011519894320134
3,1,10,150,100,0.020132733082951743
4,1,10,150,100,0.11528901748471758
5,1,10,150,100,0.03995561222805098
6,1,10,150,100,0.15530678844120052
7,1,10,150,100,0.37862561817639173
8,1,10,150,100,0.23018481707981564
9,1,10,150,100,0.07291513481207902
10,1,10,150,100,0.28689917675641785
11,1,10,150,100,0.1709655603646959
12,1,10,150,100,0.12022816103951169
13,1,10,150,100,0.47079191682483557
14,1,10,150,100,0.3594033245980631
15,1,10,150,100,0.050262678017164185
16,1,10,150,100,0.3096297910571948
17,1,10,150,100,0.10122860821230018
18,1,10,150,100,0.236828532478564
19,1,10,150,100,0.13886244387355454
20,1,10,150,100,0.07744958098452553
21,1,10,150,100,0.09680666468313012
22,1,10,150,100,0.138801005060848
23,1,10,150,100,0.0
24,1,10,150,100,0.22584031631057844
25,1,10,150,100,0.17085280125179103
26,1,10,150,100,0.0
27,1,10,150,100,0.0
28,1,10,150,100,0.2629052193668776
29,1,10,150,100,0.0
30,1,10,150,100,0.0
31,1,10,150,100,0.09711583757314435
32,1,10,150,100,0.11469999139467348
33,1,10,150,100,0.06677332352451841
34,1,10,150,100,0.0
35,1,10,150,100,0.0
36,1,10,150,100,0.0
37,1,10,150,100,0.15133867332691472
38,1,10,150,100,0.24828411718476903
39,1,10,150,100,0.1347581684321991
40,1,10,150,100,0.3197267407502473
41,1,10,150,100,0.0224586613737933
42,1,10,150,100,0.22141738844212383
43,1,10,150,100,0.2511374902384216
44,1,10,150,100,0.07237002116518762
45,1,10,150,100,0.04094516368001556
46,1,10,150,100,0.02795730764456241
47,1,10,150,100,0.0
48,1,10,150,100,0.2615959484067528
49,1,10,150,100,0.09371300659332107
50,1,10,150,100,0.0
51,1,10,150,100,0.0
52,1,10,150,100,0.07095766703421214
53,1,10,150,100,0.1369821642818139
54,1,10,150,100,0.12836415432918194
55,1,10,150,100,0.0
56,1,10,150,100,0.16859870494579118
57,1,10,150,100,0.1943154106647398
58,1,10,150,100,0.23341264284199822
59,1,10,150,100,0.3101932106871658
60,1,10,150,100,0.21317604563600567
61,1,10,150,100,0.0
62,1,10,150,100,0.16769964279592486
63,1,10,150,100,0.07223385975389779
64,1,10,150,100,0.11891215958952951
65,1,10,150,100,0.2306157261998143
66,1,10,150,100,0.02382330812596789
67,1,10,150,100,0.03314040476303028
68,1,10,150,100,0.0
69,1,10,150,100,0.2705442665348323
70,1,10,150,100,0.10624539487415599
71,1,10,150,100,0.0
72,1,10,150,100,0.27851127341202125
73,1,10,150,100,0.2411808659921475
74,1,10,150,100,0.03272011597426011
75,1,10,150,100,0.10310690100385646
76,1,10,150,100,0.1177548715386271
77,1,10,150,100,0.45927229869726693
78,1,10,150,100,0.05658242244874664
79,1,10,150,100,0.4102269223050506
80,1,10,150,100,0.1466914912588887
81,1,10,150,100,0.034380101046999886
82,1,10,150,100,0.1701963280120859
83,1,10,150,100,0.10057479033327138
84,1,10,150,100,0.05683844068224461
85,1,10,150,100,0.04361075376590108
86,1,10,150,100,0.030028011472322282
87,1,10,150,100,0.1353143914016069
88,1,10,150,100,0.0
89,1,10,150,100,0.2005735970308918
90,1,10,150,100,0.2913448830985613
91,1,10,150,100,0.2159710813022377
92,1,10,150,100,0.26160505135218043
93,1,10,150,100,0.03194176236549506
94,1,10,150,100,0.37771976088965453
95,1,10,150,100,0.2167408149025636
96,1,10,150,100,0.3781493395140278
97,1,10,150,100,0.23173585298002286
98,1,10,150,100,0.22712419731564737
99,1,10,150,100,0.16792576455798583
100,1,10,150,100,0.022805505402617214
101,1,10,150,100,0.07621696537409083
102,1,10,150,100,0.032138274537015205
103,1,10,150,100,0.15394621921377785
104,1,10,150,100,0.015190330175114026
105,1,10,150,100,0.05200670101006268
106,1,10,150,100,0.3404283536835147
107,1,10,150,100,0.0
108,1,10,150,100,0.08541488164531355
109,1,10,150,100,0.2315591409174339
110,1,10,150,100,0.0849314252276904
111,1,10,150,100,0.038281751104512325
112,1,10,150,100,0.041631053839379054
113,1,10,150,100,0.02769198719673247
114,1,10,150,100,0.11938748599511304
115,1,10,150,100,0.35526584484273294
116,1,10,150,100,0.06024751702574598
117,1,10,150,100,0.25596974895629354
118,1,10,150,100,0.1417730509431575
119,1,10,150,100,0.13447103054356552
120,1,10,150,100,0.12171775198765021
121,1,10,150,100,0.18136606922889512
122,1,10,150,100,0.125418998393806
123,1,10,150,100,0.045465875186671466
124,1,10,150,100,0.18978688349077963
125,1,10,150,100,0.2506037583891091
126,1,10,150,100,0.0
127,1,10,150,100,0.071512236588497
128,1,10,150,100,0.20599274447362576
129,1,10,150,100,0.03443731487202246
130,1,10,150,100,0.3499592328086472
131,1,10,150,100,0.25372733625822586
132,1,10,150,100,0.12238042572284785
133,1,10,150,100,0.0
134,1,10,150,100,0.030071530282993673
135,1,10,150,100,0.04046615435059731
136,1,10,150,100,0.35628796654787115
137,1,10,150,100,0.29533063600730286
138,1,10,150,100,0.1672565716511108
139,1,10,150,100,0.06016179456846956
140,1,10,150,100,0.039232819060514755
141,1,10,150,100,0.14439434970082324
142,1,10,150,100,0.04395738023645723
143,1,10,150,100,0.051623692436031904
144,1,10,150,100,0.10884412829688599
145,1,10,150,100,0.2523644562441925
146,1,10,150,100,0.06671319310953529
147,1,10,150,100,0.038800293177871176
148,1,10,150,100,0.30816362971433514
149,1,10,150,100,0.0
150,1,10,150,100,0.0
151,1,10,150,100,0.24836456359824952
152,1,10,150,100,0.22987615213986987
153,1,10,150,100,0.21315403751398063
154,1,10,150,100,0.16020068069878335
155,1,10,150,100,0.0
156,1,10,150,100,0.056765037818527084
157,1,10,150,100,0.07267844514201649
158,1,10,150,100,0.3451395350863708
159,1,10,150,100,0.06521625450990476
160,1,10,150,100,0.1967739390872053
161,1,10,150,100,0.1523191517838975
162,1,10,150,100,0.0475858026939827
163,1,10,150,100,0.08930748165857323
164,1,10,150,100,0.18940135337489952
165,1,10,150,100,0.16621229711010693
166,1,10,150,100,0.0
167,1,10,150,100,0.2282770400969221
168,1,10,150,100,0.044682472154713174
169,1,10,150,100,0.16946433329478544
170,1,10,150,100,0.0
171,1,10,150,100,0.03569428821937015
172,1,10,150,100,0.0239003177617487
173,1,10,150,100,0.02795730764456241
174,1,10,150,100,0.14006379596122223
175,1,10,150,100,0.10467701423324277
176,1,10,150,100,0.12162507554983247
177,1,10,150,100,0.1655922659307943
178,1,10,150,100,0.21807740965998332
179,1,10,150,100,0.04779424843825288
180,1,10,150,100,0.18488419881747875
181,1,10,150,100,0.12650029122107148
182,1,10,150,100,0.04195229264874745
183,1,10,150,100,0.02831169742649504
184,1,10,150,100,0.11359780357444346
185,1,10,150,100,0.0208917977510647
186,1,10,150,100,0.1120940382979878
187,1,10,150,100,0.1913083732597066
188,1,10,150,100,0.16730684164342016
189,1,10,150,100,0.31611821831775166
190,1,10,150,100,0.05339229345473345
191,1,10,150,100,0.0
192,1,10,150,100,0.10363179610670267
193,1,10,150,100,0.02570761433844347
194,1,10,150,100,0.10515122502938694
195,1,10,150,100,0.1350818622660359
196,1,10,150,100,0.07706308624591164
197,1,10,150,100,0.1790416859363959
198,1,10,150,100,0.060192841483380555
199,1,10,150,100,0.049748115641606416
200,1,10,150,100,0.2363186528657564
201,1,10,150,100,0.14805018062014136
202,1,10,150,100,0.0
203,1,10,150,100,0.05370431689540528
204,1,10,150,100,0.027001973670935885
205,1,10,150,100,0.36484800394146205
206,1,10,150,100,0.03974771280526578
207,1,10,150,100,0.26064411544956634
208,1,10,150,100,0.06781923368674067
209,1,10,150,100,0.03243822298569767
210,1,10,150,100,0.1410744214094599
211,1,10,150,100,0.024814475701850174
212,1,10,150,100,0.0874256646781203
213,1,10,150,100,0.31696482977334933
214,1,10,150,100,0.17169301418933652
215,1,10,150,100,0.255708749192597
216,1,10,150,100,0.18920848610998078
217,1,10,150,100,0.09429387113634759
218,1,10,150,100,0.06133198316402014
219,1,10,150,100,0.059582825753446464
220,1,10,150,100,0.034616222155696735
221,1,10,150,100,0.06802289283215787
222,1,10,150,100,0.1468463707945552
223,1,10,150,100,0.10677939756546245
224,1,10,150,100,0.08198004023370263
225,1,10,150,100,0.22858246921240963
226,1,10,150,100,0.23814675809782818
227,1,10,150,100,0.10623119772529849
228,1,10,150,100,0.02917403367304273
229,1,10,150,100,0.051414657269454794
230,1,10,150,100,0.25422798975444133
231,1,10,150,100,0.0
232,1,10,150,100,0.10424205663010026
233,1,10,150,100,0.17513937617266395
234,1,10,150,100,0.23881892769123092
235,1,10,150,100,0.23280252396956425
236,1,10,150,100,0.14230709942986722
237,1,10,150,100,0.24352191769087017
238,1,10,150,100,0.0
239,1,10,150,100,0.19622818512368578
240,1,10,150,100,0.0
241,1,10,150,100,0.047978870624887156
242,1,10,150,100,0.07484255566002171
243,1,10,150,100,0.12898989924507495
244,1,10,150,100,0.1614685869269366
245,1,10,150,100,0.18470089958507746
246,1,10,150,100,0.07934917563476457
247,1,10,150,100,0.08883649703748449
248,1,10,150,100,0.1352712391738193
249,1,10,150,100,0.3242782777944955
250,1,10,150,100,0.14611645545135316
251,1,10,150,100,0.1369922724163038
252,1,10,150,100,0.15744006533381547
253,1,10,150,100,0.27125731289939303
254,1,10,150,100,0.07352756868889418
255,1,10,150,100,0.1126127781762863
256,1,10,150,100,0.18050432622627274
257,1,10,150,100,0.22055960373560832
258,1,10,150,100,0.025850222928408703
259,1,10,150,100,0.08642802717301845
260,1,10,150,100,0.0
261,1,10,150,100,0.0
262,1,10,150,100,0.0
263,1,10,150,100,0.25458460733580324
264,1,10,150,100,0.13063203577847377
265,1,10,150,100,0.33443049441002
266,1,10,150,100,0.10279639225640967
267,1,10,150,100,0.159430053182393
268,1,10,150,100,0.16847100973177778
269,1,10,150,100,0.2989710858459801
270,1,10,150,100,0.12791298775358595
271,1,10,150,100,0.17203477891842148
272,1,10,150,100,0.25498687177304324
273,1,10,150,100,0.03860961209670539
274,1,10,150,100,0.2190414101098042
275,1,10,150,100,0.015522912158152052
276,1,10,150,100,0.3215973699573869
277,1,10,150,100,0.09982873474912346
278,1,10,150,100,0.07867548793068165
279,1,10,150,100,0.17477979935745827
280,1,10,150,100,0.183191978530197
281,1,10,150,100,0.08591349210019344
282,1,10,150,100,0.0306359742689708
283,1,10,150,100,0.20644004022221485
284,1,10,150,100,0.07891945711936355
285,1,10,150,100,0.11431886847603545
286,1,10,150,100,0.2653854515377145
287,1,10,150,100,0.277373713129501
288,1,10,150,100,0.25730730990442935
289,1,10,150,100,0.0
290,1,10,150,100,0.12743169778570174
291,1,10,150,100,0.14254340554659065
292,1,10,150,100,0.19467493903568162
293,1,10,150,100,0.25432791915307457
294,1,10,150,100,0.030304416554763146
295,1,10,150,100,0.19177960459195684
296,1,10,150,100,0.2523866172306833
297,1,10,150,100,0.1034384432478281
298,1,10,150,100,0.27711911016190927
299,1,10,150,100,0.10318207167627066
300,1,10,150,100,0.04336490181597879
301,1,10,150,100,0.26037847620366095
302,1,10,150,100,0.13927874459665815
303,1,10,150,100,0.2613726651998192
304,1,10,150,100,0.0
305,1,10,150,100,0.14117111281394015
306,1,10,150,100,0.08156911164475483
307,1,10,150,100,0.2705042582270391
308,1,10,150,100,0.32784574563675384
309,1,10,150,100,0.035944309689377
310,1,10,150,100,0.06900643972011666
311,1,10,150,100,0.25024989973582723
312,1,10,150,100,0.26282800230484327
313,1,10,150,100,0.24241348389374578
314,1,10,150,100,0.16732105146325418
315,1,10,150,100,0.2993807942711626
316,1,10,150,100,0.15163097251042218
317,1,10,150,100,0.0
318,1,10,150,100,0.11181450241843982
319,1,10,150,100,0.06591877139737895
320,1,10,150,100,0.1924988394784141
321,1,10,150,100,0.15427224748816595
322,1,10,150,100,0.29289960595751996
323,1,10,150,100,0.20144166357013524
324,1,10,150,100,0.10121986794608845
325,1,10,150,100,0.0901883711443618
326,1,10,150,100,0.23923503217231218
327,1,10,150,100,0.026140432157131265
328,1,10,150,100,0.13304166091939526
329,1,10,150,100,0.0600464949049256
330,1,10,150,100,0.28612232689457956
331,1,10,150,100,0.09091966573968718
332,1,10,150,100,0.15191987624214254
333,1,10,150,100,0.1014371752449239
334,1,10,150,100,0.1259140248271807
335,1,10,150,100,0.08149421541954936
336,1,10,150,100,0.1252879373315154
337,1,10,150,100,0.10521567817367497
338,1,10,150,100,0.15896841246993118
339,1,10,150,100,0.2975869206770902
340,1,10,150,100,0.33716689361470614
341,1,10,150,100,0.0
342,1,10,150,100,0.10202877086695575
343,1,10,150,100,0.28990023182190544
344,1,10,150,100,0.23148267984720988
345,1,10,150,100,0.0777994136996962
346,1,10,150,100,0.11905023331895151
347,1,10,150,100,0.27329070976089387
348,1,10,150,100,0.18923084143550442
349,1,10,150,100,0.28750580972533735
350,1,10,150,100,0.057127212566552996
351,1,10,150,100,0.02907522751061953
352,1,10,150,100,0.1723437934095643
353,1,10,150,100,0.0
354,1,10,150,100,0.15826397898016284
355,1,10,150,100,0.0
356,1,10,150,100,0.0
357,1,10,150,100,0.06959508771708611
358,1,10,150,100,0.06323567569191428
359,1,10,150,100,0.23047812925238975
360,1,10,150,100,0.1692259700041561
361,1,10,150,100,0.15572261253779404
362,1,10,150,100,0.15042501043191572
363,1,10,150,100,0.09628676086133867
364,1,10,150,100,0.0
365,1,10,150,100,0.14456587527532935
366,1,10,150,100,0.13610100259425117
367,1,10,150,100,0.11436773481003104
368,1,10,150,100,0.042512356679180144
369,1,10,150,100,0.0
370,1,10,150,100,0.19811064503366002
371,1,10,150,100,0.1319132354603233
372,1,10,150,100,0.15984877514852935
373,1,10,150,100,0.14120481734031762
374,1,10,150,100,0.1307980851043666
375,1,10,150,100,0.04282650856324445
376,1,10,150,100,0.03868122950890638
377,1,10,150,100,0.12130002016702163
378,1,10,150,100,0.18915127522227046
379,1,10,150,100,0.19461212668230085
380,1,10,150,100,0.13015274178978045
381,1,10,150,100,0.13815699085947417
382,1,10,150,100,0.0
383,1,10,150,100,0.11713125931833299
384,1,10,150,100,0.0561173220664886
385,1,10,150,100,0.1260083426369828
386,1,10,150,100,0.14606834984270645
387,1,10,150,100,0.13092433323318536
388,1,10,150,100,0.08659331667411305
389,1,10,150,100,0.1014822420242732
390,1,10,150,100,0.05307577057513386
391,1,10,150,100,0.08907375584162422
392,1,10,150,100,0.25189270163952293
393,1,10,150,100,0.26915561398505017
394,1,10,150,100,0.12588128073926708
395,1,10,150,100,0.1494624820736264
396,1,10,150,100,0.0
397,1,10,150,100,0.10540164605552274
398,1,10,150,100,0.1406230079272144
399,1,10,150,100,0.03152175963521067
400,1,10,150,100,0.0
401,1,10,150,100,0.016941778998402247
402,1,10,150,100,0.11288598947105788
403,1,10,150,100,0.09224219235917257
404,1,10,150,100,0.05446824630887794
405,1,10,150,100,0.21586666819689956
406,1,10,150,100,0.15969298558601516
407,1,10,150,100,0.08954889098789084
408,1,10,150,100,0.0
409,1,10,150,100,0.13204397186208772
410,1,10,150,100,0.0
411,1,10,150,100,0.0
412,1,10,150,100,0.15001451003751623
413,1,10,150,100,0.04935421935348238
414,1,10,150,100,0.1309019901681972
415,1,10,150,100,0.0
416,1,10,150,100,0.2648594598467812
417,1,10,150,100,0.12309745810327996
418,1,10,150,100,0.14436292983286242
419,1,10,150,100,0.0
420,1,10,150,100,0.31734175351483307
421,1,10,150,100,0.0
422,1,10,150,100,0.030480958763669998
423,1,10,150,100,0.0
424,1,10,150,100,0.0
425,1,10,150,100,0.0739741012772699
426,1,10,150,100,0.11229023146606223
427,1,10,150,100,0.0
428,1,10,150,100,0.04822019817866397
429,1,10,150,100,0.14062551472815982
430,1,10,150,100,0.0
431,1,10,150,100,0.0
432,1,10,150,100,0.03178650410794896
433,1,10,150,100,0.20451415323992994
434,1,10,150,100,0.0
435,1,10,150,100,0.08127781909048552
436,1,10,150,100,0.09499424853799125
437,1,10,150,100,0.14945564650669343
438,1,10,150,100,0.0
439,1,10,150,100,0.18154179253735267
440,1,10,150,100,0.0
442,1,10,150,100,0.09558441554710753
444,1,10,150,100,0.0
445,1,10,150,100,0.0
446,1,10,150,100,0.0
447,1,10,150,100,0.0
448,1,10,150,100,0.0
449,1,10,150,100,0.12788414357476485
450,1,10,150,100,0.17556211942720856
451,1,10,150,100,0.05497526658285817
452,1,10,150,100,0.05780700008370542
453,1,10,150,100,0.1515771522786143
454,1,10,150,100,0.1059131727358383
455,1,10,150,100,0.0
456,1,10,150,100,0.0
457,1,10,150,100,0.14751814893861787
458,1,10,150,100,0.0
459,1,10,150,100,0.0
460,1,10,150,100,0.0
462,1,10,150,100,0.0
1,2,10,150,1,1.0
2,2,10,150,1,0.0
3,2,10,150,1,0.0
4,2,10,150,1,0.0
5,2,10,150,1,0.0
6,2,10,150,1,1.0
7,2,10,150,1,0.0
8,2,10,150,1,0.0
9,2,10,150,1,0.0
10,2,10,150,1,0.0
11,2,10,150,1,0.0
12,2,10,150,1,0.0
13,2,10,150,1,1.0
14,2,10,150,1,0.0
15,2,10,150,1,0.0
16,2,10,150,1,1.0
17,2,10,150,1,0.0
18,2,10,150,1,1.0
19,2,10,150,1,0.0
20,2,10,150,1,0.0
21,2,10,150,1,0.0
22,2,10,150,1,0.0
23,2,10,150,1,0.0
24,2,10,150,1,0.0
25,2,10,150,1,0.0
26,2,10,150,1,1.0
27,2,10,150,1,0.0
28,2,10,150,1,0.0
29,2,10,150,1,0.0
30,2,10,150,1,0.0
31,2,10,150,1,0.0
32,2,10,150,1,0.0
33,2,10,150,1,0.0
34,2,10,150,1,0.0
35,2,10,150,1,0.0
36,2,10,150,1,0.0
37,2,10,150,1,0.0
38,2,10,150,1,0.0
39,2,10,150,1,0.0
40,2,10,150,1,0.0
41,2,10,150,1,0.0
42,2,10,150,1,1.0
43,2,10,150,1,0.0
44,2,10,150,1,0.0
45,2,10,150,1,0.0
46,2,10,150,1,0.0
47,2,10,150,1,0.0
48,2,10,150,1,0.0
49,2,10,150,1,0.0
50,2,10,150,1,0.0
51,2,10,150,1,0.0
52,2,10,150,1,0.0
53,2,10,150,1,0.0
54,2,10,150,1,0.0
55,2,10,150,1,0.0
56,2,10,150,1,1.0
57,2,10,150,1,0.0
58,2,10,150,1,0.0
59,2,10,150,1,1.0
60,2,10,150,1,1.0
61,2,10,150,1,0.0
62,2,10,150,1,1.0
63,2,10,150,1,0.0
64,2,10,150,1,0.0
65,2,10,150,1,0.0
66,2,10,150,1,0.0
67,2,10,150,1,0.0
68,2,10,150,1,0.0
69,2,10,150,1,0.0
70,2,10,150,1,0.0
71,2,10,150,1,0.0
72,2,10,150,1,1.0
73,2,10,150,1,0.0
74,2,10,150,1,0.0
75,2,10,150,1,1.0
76,2,10,150,1,0.0
77,2,10,150,1,0.0
78,2,10,150,1,0.0
79,2,10,150,1,0.0
80,2,10,150,1,0.0
81,2,10,150,1,0.0
82,2,10,150,1,0.0
83,2,10,150,1,0.0
84,2,10,150,1,0.0
85,2,10,150,1,1.0
86,2,10,150,1,0.0
87,2,10,150,1,0.0
88,2,10,150,1,0.0
89,2,10,150,1,0.0
90,2,10,150,1,0.0
91,2,10,150,1,0.0
92,2,10,150,1,1.0
93,2,10,150,1,0.0
94,2,10,150,1,1.0
95,2,10,150,1,0.0
96,2,10,150,1,0.0
97,2,10,150,1,1.0
98,2,10,150,1,0.0
99,2,10,150,1,0.0
100,2,10,150,1,0.0
101,2,10,150,1,0.0
102,2,10,150,1,0.0
103,2,10,150,1,0.0
104,2,10,150,1,0.0
105,2,10,150,1,0.0
106,2,10,150,1,0.0
107,2,10,150,1,0.0
108,2,10,150,1,0.0
109,2,10,150,1,1.0
110,2,10,150,1,0.0
111,2,10,150,1,0.0
112,2,10,150,1,0.0
113,2,10,150,1,0.0
114,2,10,150,1,0.0
115,2,10,150,1,0.0
116,2,10,150,1,0.0
117,2,10,150,1,0.0
118,2,10,150,1,0.0
119,2,10,150,1,0.0
120,2,10,150,1,1.0
121,2,10,150,1,0.0
122,2,10,150,1,0.0
123,2,10,150,1,0.0
124,2,10,150,1,0.0
125,2,10,150,1,0.0
126,2,10,150,1,0.0
127,2,10,150,1,0.0
128,2,10,150,1,0.0
129,2,10,150,1,0.0
130,2,10,150,1,0.0
131,2,10,150,1,0.0
132,2,10,150,1,0.0
133,2,10,150,1,0.0
134,2,10,150,1,0.0
135,2,10,150,1,0.0
136,2,10,150,1,0.0
137,2,10,150,1,0.0
138,2,10,150,1,0.0
139,2,10,150,1,0.0
140,2,10,150,1,0.0
141,2,10,150,1,0.0
142,2,10,150,1,0.0
143,2,10,150,1,0.0
144,2,10,150,1,1.0
145,2,10,150,1,0.0
146,2,10,150,1,0.0
147,2,10,150,1,0.0
148,2,10,150,1,0.0
149,2,10,150,1,0.0
150,2,10,150,1,0.0
151,2,10,150,1,0.0
152,2,10,150,1,0.0
153,2,10,150,1,0.0
154,2,10,150,1,0.0
155,2,10,150,1,0.0
156,2,10,150,1,0.0
157,2,10,150,1,0.0
158,2,10,150,1,0.0
159,2,10,150,1,0.0
160,2,10,150,1,0.0
161,2,10,150,1,0.0
162,2,10,150,1,0.0
163,2,10,150,1,0.0
164,2,10,150,1,0.0
165,2,10,150,1,0.0
166,2,10,150,1,0.0
167,2,10,150,1,0.0
168,2,10,150,1,0.0
169,2,10,150,1,0.0
170,2,10,150,1,0.0
171,2,10,150,1,0.0
172,2,10,150,1,0.0
173,2,10,150,1,0.0
174,2,10,150,1,1.0
175,2,10,150,1,0.0
176,2,10,150,1,0.0
177,2,10,150,1,1.0
178,2,10,150,1,0.0
179,2,10,150,1,0.0
180,2,10,150,1,0.0
181,2,10,150,1,0.0
182,2,10,150,1,0.0
183,2,10,150,1,0.0
184,2,10,150,1,0.0
185,2,10,150,1,0.0
186,2,10,150,1,0.0
187,2,10,150,1,0.0
188,2,10,150,1,1.0
189,2,10,150,1,0.0
190,2,10,150,1,0.0
191,2,10,150,1,0.0
192,2,10,150,1,0.0
193,2,10,150,1,0.0
194,2,10,150,1,0.0
195,2,10,150,1,0.0
196,2,10,150,1,0.0
197,2,10,150,1,0.0
198,2,10,150,1,0.0
199,2,10,150,1,1.0
200,2,10,150,1,1.0
201,2,10,150,1,0.0
202,2,10,150,1,1.0
203,2,10,150,1,0.0
204,2,10,150,1,0.0
205,2,10,150,1,0.0
206,2,10,150,1,0.0
207,2,10,150,1,0.0
208,2,10,150,1,0.0
209,2,10,150,1,0.0
210,2,10,150,1,0.0
211,2,10,150,1,0.0
212,2,10,150,1,0.0
213,2,10,150,1,0.0
214,2,10,150,1,0.0
215,2,10,150,1,0.0
216,2,10,150,1,0.0
217,2,10,150,1,0.0
218,2,10,150,1,0.0
219,2,10,150,1,0.0
220,2,10,150,1,0.0
221,2,10,150,1,0.0
222,2,10,150,1,0.0
223,2,10,150,1,0.0
224,2,10,150,1,0.0
225,2,10,150,1,0.0
226,2,10,150,1,0.0
227,2,10,150,1,0.0
228,2,10,150,1,0.0
229,2,10,150,1,0.0
230,2,10,150,1,1.0
231,2,10,150,1,1.0
232,2,10,150,1,0.0
233,2,10,150,1,0.0
234,2,10,150,1,0.0
235,2,10,150,1,0.0
236,2,10,150,1,0.0
237,2,10,150,1,0.0
238,2,10,150,1,0.0
239,2,10,150,1,0.0
240,2,10,150,1,0.0
241,2,10,150,1,0.0
242,2,10,150,1,0.0
243,2,10,150,1,1.0
244,2,10,150,1,0.0
245,2,10,150,1,0.0
246,2,10,150,1,1.0
247,2,10,150,1,0.0
248,2,10,150,1,0.0
249,2,10,150,1,1.0
250,2,10,150,1,0.0
251,2,10,150,1,0.0
252,2,10,150,1,0.0
253,2,10,150,1,0.0
254,2,10,150,1,1.0
255,2,10,150,1,0.0
256,2,10,150,1,1.0
257,2,10,150,1,0.0
258,2,10,150,1,0.0
259,2,10,150,1,0.0
260,2,10,150,1,0.0
261,2,10,150,1,0.0
262,2,10,150,1,0.0
263,2,10,150,1,0.0
264,2,10,150,1,0.0
265,2,10,150,1,0.0
266,2,10,150,1,0.0
267,2,10,150,1,0.0
268,2,10,150,1,0.0
269,2,10,150,1,0.0
270,2,10,150,1,0.0
271,2,10,150,1,0.0
272,2,10,150,1,0.0
273,2,10,150,1,0.0
274,2,10,150,1,0.0
275,2,10,150,1,0.0
276,2,10,150,1,1.0
277,2,10,150,1,0.0
278,2,10,150,1,0.0
279,2,10,150,1,1.0
280,2,10,150,1,0.0
281,2,10,150,1,0.0
282,2,10,150,1,0.0
283,2,10,150,1,0.0
284,2,10,150,1,0.0
285,2,10,150,1,0.0
286,2,10,150,1,0.0
287,2,10,150,1,0.0
288,2,10,150,1,0.0
289,2,10,150,1,0.0
290,2,10,150,1,0.0
291,2,10,150,1,1.0
292,2,10,150,1,1.0
293,2,10,150,1,1.0
294,2,10,150,1,0.0
295,2,10,150,1,0.0
296,2,10,150,1,0.0
297,2,10,150,1,0.0
298,2,10,150,1,1.0
299,2,10,150,1,0.0
300,2,10,150,1,0.0
301,2,10,150,1,0.0
302,2,10,150,1,0.0
303,2,10,150,1,1.0
304,2,10,150,1,0.0
305,2,10,150,1,0.0
306,2,10,150,1,0.0
307,2,10,150,1,0.0
308,2,10,150,1,1.0
309,2,10,150,1,0.0
310,2,10,150,1,0.0
311,2,10,150,1,1.0
312,2,10,150,1,1.0
313,2,10,150,1,1.0
314,2,10,150,1,0.0
315,2,10,150,1,0.0
316,2,10,150,1,0.0
317,2,10,150,1,0.0
318,2,10,150,1,0.0
319,2,10,150,1,0.0
320,2,10,150,1,0.0
321,2,10,150,1,0.0
322,2,10,150,1,0.0
323,2,10,150,1,0.0
324,2,10,150,1,0.0
325,2,10,150,1,0.0
326,2,10,150,1,0.0
327,2,10,150,1,0.0
328,2,10,150,1,1.0
329,2,10,150,1,0.0
330,2,10,150,1,0.0
331,2,10,150,1,0.0
332,2,10,150,1,1.0
333,2,10,150,1,0.0
334,2,10,150,1,1.0
335,2,10,150,1,0.0
336,2,10,150,1,0.0
337,2,10,150,1,0.0
338,2,10,150,1,0.0
339,2,10,150,1,0.0
340,2,10,150,1,0.0
341,2,10,150,1,0.0
342,2,10,150,1,1.0
343,2,10,150,1,1.0
344,2,10,150,1,1.0
345,2,10,150,1,0.0
346,2,10,150,1,1.0
347,2,10,150,1,1.0
348,2,10,150,1,0.0
349,2,10,150,1,0.0
350,2,10,150,1,0.0
351,2,10,150,1,0.0
352,2,10,150,1,0.0
353,2,10,150,1,0.0
354,2,10,150,1,0.0
355,2,10,150,1,0.0
356,2,10,150,1,0.0
357,2,10,150,1,0.0
358,2,10,150,1,0.0
359,2,10,150,1,0.0
360,2,10,150,1,1.0
361,2,10,150,1,0.0
362,2,10,150,1,0.0
363,2,10,150,1,1.0
364,2,10,150,1,0.0
365,2,10,150,1,0.0
366,2,10,150,1,0.0
367,2,10,150,1,0.0
368,2,10,150,1,0.0
369,2,10,150,1,0.0
370,2,10,150,1,0.0
371,2,10,150,1,0.0
372,2,10,150,1,0.0
373,2,10,150,1,0.0
374,2,10,150,1,0.0
375,2,10,150,1,0.0
376,2,10,150,1,0.0
377,2,10,150,1,1.0
378,2,10,150,1,0.0
379,2,10,150,1,0.0
380,2,10,150,1,0.0
381,2,10,150,1,0.0
382,2,10,150,1,0.0
383,2,10,150,1,0.0
384,2,10,150,1,0.0
385,2,10,150,1,0.0
386,2,10,150,1,0.0
387,2,10,150,1,0.0
388,2,10,150,1,0.0
389,2,10,150,1,1.0
390,2,10,150,1,0.0
391,2,10,150,1,0.0
392,2,10,150,1,0.0
393,2,10,150,1,0.0
394,2,10,150,1,1.0
395,2,10,150,1,0.0
396,2,10,150,1,0.0
397,2,10,150,1,0.0
398,2,10,150,1,0.0
399,2,10,150,1,0.0
400,2,10,150,1,0.0
401,2,10,150,1,0.0
402,2,10,150,1,0.0
403,2,10,150,1,1.0
404,2,10,150,1,0.0
405,2,10,150,1,1.0
406,2,10,150,1,0.0
407,2,10,150,1,0.0
408,2,10,150,1,0.0
409,2,10,150,1,0.0
410,2,10,150,1,0.0
411,2,10,150,1,1.0
412,2,10,150,1,0.0
413,2,10,150,1,1.0
414,2,10,150,1,0.0
415,2,10,150,1,0.0
416,2,10,150,1,1.0
417,2,10,150,1,1.0
418,2,10,150,1,0.0
419,2,10,150,1,0.0
420,2,10,150,1,0.0
421,2,10,150,1,1.0
422,2,10,150,1,0.0
423,2,10,150,1,0.0
424,2,10,150,1,0.0
425,2,10,150,1,0.0
426,2,10,150,1,0.0
427,2,10,150,1,0.0
428,2,10,150,1,0.0
429,2,10,150,1,1.0
430,2,10,150,1,0.0
431,2,10,150,1,0.0
432,2,10,150,1,0.0
433,2,10,150,1,0.0
434,2,10,150,1,0.0
435,2,10,150,1,1.0
436,2,10,150,1,0.0
437,2,10,150,1,1.0
438,2,10,150,1,0.0
439,2,10,150,1,0.0
440,2,10,150,1,0.0
441,2,10,150,1,0.0
442,2,10,150,1,0.0
443,2,10,150,1,0.0
444,2,10,150,1,0.0
445,2,10,150,1,0.0
446,2,10,150,1,0.0
447,2,10,150,1,0.0
448,2,10,150,1,0.0
449,2,10,150,1,0.0
450,2,10,150,1,1.0
451,2,10,150,1,0.0
452,2,10,150,1,0.0
453,2,10,150,1,0.0
454,2,10,150,1,0.0
455,2,10,150,1,0.0
456,2,10,150,1,1.0
457,2,10,150,1,1.0
458,2,10,150,1,1.0
459,2,10,150,1,1.0
460,2,10,150,1,0.0
461,2,10,150,1,0.0
462,2,10,150,1,0.0
463,2,10,150,1,1.0
464,2,10,150,1,0.0
465,2,10,150,1,0.0
466,2,10,150,1,0.0
467,2,10,150,1,0.0
468,2,10,150,1,0.0
469,2,10,150,1,0.0
470,2,10,150,1,0.0
471,2,10,150,1,0.0
472,2,10,150,1,1.0
473,2,10,150,1,0.0
474,2,10,150,1,0.0
475,2,10,150,1,0.0
476,2,10,150,1,0.0
477,2,10,150,1,0.0
478,2,10,150,1,0.0
479,2,10,150,1,1.0
480,2,10,150,1,0.0
481,2,10,150,1,0.0
482,2,10,150,1,0.0
483,2,10,150,1,0.0
484,2,10,150,1,1.0
485,2,10,150,1,0.0
486,2,10,150,1,0.0
487,2,10,150,1,1.0
488,2,10,150,1,0.0
489,2,10,150,1,0.0
490,2,10,150,1,0.0
491,2,10,150,1,0.0
492,2,10,150,1,0.0
493,2,10,150,1,0.0
494,2,10,150,1,0.0
495,2,10,150,1,0.0
496,2,10,150,1,0.0
497,2,10,150,1,0.0
498,2,10,150,1,0.0
499,2,10,150,1,0.0
500,2,10,150,1,0.0
501,2,10,150,1,0.0
502,2,10,150,1,0.0
503,2,10,150,1,0.0
504,2,10,150,1,0.0
505,2,10,150,1,0.0
506,2,10,150,1,0.0
507,2,10,150,1,0.0
508,2,10,150,1,1.0
509,2,10,150,1,0.0
510,2,10,150,1,0.0
511,2,10,150,1,0.0
512,2,10,150,1,0.0
513,2,10,150,1,0.0
514,2,10,150,1,1.0
515,2,10,150,1,0.0
516,2,10,150,1,0.0
517,2,10,150,1,0.0
518,2,10,150,1,0.0
519,2,10,150,1,0.0
520,2,10,150,1,0.0
521,2,10,150,1,0.0
522,2,10,150,1,0.0
523,2,10,150,1,1.0
524,2,10,150,1,0.0
525,2,10,150,1,0.0
526,2,10,150,1,0.0
527,2,10,150,1,0.0
528,2,10,150,1,0.0
529,2,10,150,1,0.0
530,2,10,150,1,0.0
531,2,10,150,1,0.0
532,2,10,150,1,0.0
533,2,10,150,1,0.0
534,2,10,150,1,0.0
535,2,10,150,1,1.0
536,2,10,150,1,0.0
537,2,10,150,1,0.0
538,2,10,150,1,0.0
539,2,10,150,1,0.0
540,2,10,150,1,0.0
541,2,10,150,1,0.0
542,2,10,150,1,0.0
543,2,10,150,1,0.0
544,2,10,150,1,0.0
545,2,10,150,1,0.0
546,2,10,150,1,0.0
547,2,10,150,1,0.0
548,2,10,150,1,0.0
549,2,10,150,1,0.0
550,2,10,150,1,0.0
551,2,10,150,1,0.0
552,2,10,150,1,0.0
553,2,10,150,1,0.0
554,2,10,150,1,0.0
555,2,10,150,1,0.0
556,2,10,150,1,0.0
557,2,10,150,1,0.0
558,2,10,150,1,0.0
559,2,10,150,1,0.0
560,2,10,150,1,0.0
561,2,10,150,1,0.0
562,2,10,150,1,0.0
563,2,10,150,1,0.0
564,2,10,150,1,0.0
565,2,10,150,1,0.0
566,2,10,150,1,0.0
567,2,10,150,1,0.0
568,2,10,150,1,0.0
569,2,10,150,1,1.0
570,2,10,150,1,0.0
571,2,10,150,1,0.0
572,2,10,150,1,0.0
573,2,10,150,1,0.0
574,2,10,150,1,0.0
575,2,10,150,1,0.0
576,2,10,150,1,0.0
577,2,10,150,1,0.0
578,2,10,150,1,0.0
579,2,10,150,1,0.0
580,2,10,150,1,0.0
581,2,10,150,1,0.0
582,2,10,150,1,0.0
583,2,10,150,1,0.0
584,2,10,150,1,0.0
585,2,10,150,1,0.0
586,2,10,150,1,0.0
587,2,10,150,1,0.0
588,2,10,150,1,0.0
589,2,10,150,1,0.0
590,2,10,150,1,0.0
591,2,10,150,1,0.0
592,2,10,150,1,1.0
593,2,10,150,1,0.0
594,2,10,150,1,0.0
595,2,10,150,1,0.0
596,2,10,150,1,0.0
597,2,10,150,1,0.0
598,2,10,150,1,0.0
599,2,10,150,1,0.0
600,2,10,150,1,0.0
601,2,10,150,1,0.0
602,2,10,150,1,0.0
603,2,10,150,1,0.0
604,2,10,150,1,0.0
605,2,10,150,1,0.0
606,2,10,150,1,1.0
607,2,10,150,1,0.0
608,2,10,150,1,1.0
609,2,10,150,1,0.0
610,2,10,150,1,0.0
611,2,10,150,1,0.0
612,2,10,150,1,0.0
613,2,10,150,1,0.0
614,2,10,150,1,0.0
615,2,10,150,1,0.0
616,2,10,150,1,0.0
617,2,10,150,1,0.0
618,2,10,150,1,1.0
619,2,10,150,1,0.0
620,2,10,150,1,0.0
621,2,10,150,1,0.0
622,2,10,150,1,1.0
623,2,10,150,1,0.0
624,2,10,150,1,0.0
625,2,10,150,1,0.0
626,2,10,150,1,0.0
627,2,10,150,1,0.0
628,2,10,150,1,0.0
629,2,10,150,1,0.0
630,2,10,150,1,0.0
631,2,10,150,1,0.0
632,2,10,150,1,0.0
633,2,10,150,1,0.0
634,2,10,150,1,0.0
635,2,10,150,1,0.0
636,2,10,150,1,0.0
637,2,10,150,1,0.0
638,2,10,150,1,0.0
639,2,10,150,1,0.0
640,2,10,150,1,0.0
642,2,10,150,1,0.0
643,2,10,150,1,0.0
644,2,10,150,1,0.0
645,2,10,150,1,0.0
647,2,10,150,1,0.0
648,2,10,150,1,0.0
649,2,10,150,1,1.0
650,2,10,150,1,0.0
651,2,10,150,1,0.0
653,2,10,150,1,0.0
654,2,10,150,1,0.0
655,2,10,150,1,0.0
658,2,10,150,1,0.0
1,2,10,150,2,1.0
2,2,10,150,2,0.0
3,2,10,150,2,0.0
4,2,10,150,2,0.0
5,2,10,150,2,0.0
6,2,10,150,2,0.6131471927654584
7,2,10,150,2,0.0
8,2,10,150,2,0.0
9,2,10,150,2,0.0
10,2,10,150,2,0.0
11,2,10,150,2,0.0
12,2,10,150,2,0.0
13,2,10,150,2,0.6131471927654584
14,2,10,150,2,0.0
15,2,10,150,2,0.0
16,2,10,150,2,0.6131471927654584
17,2,10,150,2,0.0
18,2,10,150,2,0.6131471927654584
19,2,10,150,2,0.0
20,2,10,150,2,0.0
21,2,10,150,2,0.0
22,2,10,150,2,0.0
23,2,10,150,2,0.0
24,2,10,150,2,0.0
25,2,10,150,2,0.0
26,2,10,150,2,0.6131471927654584
27,2,10,150,2,0.0
28,2,10,150,2,0.0
29,2,10,150,2,0.0
30,2,10,150,2,0.0
31,2,10,150,2,0.0
32,2,10,150,2,0.38685280723454163
33,2,10,150,2,0.0
34,2,10,150,2,0.0
35,2,10,150,2,0.0
36,2,10,150,2,0.0
37,2,10,150,2,0.0
38,2,10,150,2,0.0
39,2,10,150,2,0.0
40,2,10,150,2,0.0
41,2,10,150,2,0.0
42,2,10,150,2,0.6131471927654584
43,2,10,150,2,0.0
44,2,10,150,2,0.0
45,2,10,150,2,0.0
46,2,10,150,2,0.0
47,2,10,150,2,0.0
48,2,10,150,2,0.0
49,2,10,150,2,0.0
50,2,10,150,2,0.0
51,2,10,150,2,0.0
52,2,10,150,2,0.0
53,2,10,150,2,0.0
54,2,10,150,2,0.0
55,2,10,150,2,0.0
56,2,10,150,2,0.6131471927654584
57,2,10,150,2,0.0
58,2,10,150,2,0.0
59,2,10,150,2,0.6131471927654584
60,2,10,150,2,0.6131471927654584
61,2,10,150,2,0.0
62,2,10,150,2,0.6131471927654584
63,2,10,150,2,0.0
64,2,10,150,2,0.38685280723454163
65,2,10,150,2,0.38685280723454163
66,2,10,150,2,0.0
67,2,10,150,2,0.38685280723454163
68,2,10,150,2,0.0
69,2,10,150,2,0.0
70,2,10,150,2,0.0
71,2,10,150,2,0.0
72,2,10,150,2,0.6131471927654584
73,2,10,150,2,0.0
74,2,10,150,2,0.38685280723454163
75,2,10,150,2,0.6131471927654584
76,2,10,150,2,0.38685280723454163
77,2,10,150,2,0.0
78,2,10,150,2,0.0
79,2,10,150,2,0.0
80,2,10,150,2,0.0
81,2,10,150,2,0.0
82,2,10,150,2,0.0
83,2,10,150,2,0.0
84,2,10,150,2,0.0
85,2,10,150,2,0.6131471927654584
86,2,10,150,2,0.0
87,2,10,150,2,0.0
88,2,10,150,2,0.0
89,2,10,150,2,0.0
90,2,10,150,2,0.0
91,2,10,150,2,0.0
92,2,10,150,2,0.6131471927654584
93,2,10,150,2,0.0
94,2,10,150,2,0.6131471927654584
95,2,10,150,2,0.0
96,2,10,150,2,0.0
97,2,10,150,2,0.6131471927654584
98,2,10,150,2,0.0
99,2,10,150,2,0.0
100,2,10,150,2,0.0
101,2,10,150,2,0.0
102,2,10,150,2,0.0
103,2,10,150,2,0.0
104,2,10,150,2,0.0
105,2,10,150,2,0.0
106,2,10,150,2,0.0
107,2,10,150,2,0.0
108,2,10,150,2,0.0
109,2,10,150,2,0.6131471927654584
110,2,10,150,2,0.0
111,2,10,150,2,0.0
112,2,10,150,2,0.0
113,2,10,150,2,0.0
114,2,10,150,2,0.0
115,2,10,150,2,0.0
116,2,10,150,2,0.0
117,2,10,150,2,0.0
118,2,10,150,2,0.0
119,2,10,150,2,0.38685280723454163
120,2,10,150,2,0.6131471927654584
121,2,10,150,2,0.0
122,2,10,150,2,0.0
123,2,10,150,2,0.38685280723454163
124,2,10,150,2,0.0
125,2,10,150,2,0.0
126,2,10,150,2,0.0
127,2,10,150,2,0.0
128,2,10,150,2,0.0
129,2,10,150,2,0.0
130,2,10,150,2,0.0
131,2,10,150,2,0.0
132,2,10,150,2,0.0
133,2,10,150,2,0.0
134,2,10,150,2,0.0
135,2,10,150,2,0.0
136,2,10,150,2,0.0
137,2,10,150,2,0.0
138,2,10,150,2,0.38685280723454163
139,2,10,150,2,0.0
140,2,10,150,2,0.0
141,2,10,150,2,0.0
142,2,10,150,2,0.0
143,2,10,150,2,0.0
144,2,10,150,2,1.0
145,2,10,150,2,0.38685280723454163
146,2,10,150,2,0.0
147,2,10,150,2,0.0
148,2,10,150,2,0.0
149,2,10,150,2,0.0
150,2,10,150,2,0.0
151,2,10,150,2,0.0
152,2,10,150,2,0.0
153,2,10,150,2,0.0
154,2,10,150,2,0.0
155,2,10,150,2,0.0
156,2,10,150,2,0.0
157,2,10,150,2,0.0
158,2,10,150,2,0.0
159,2,10,150,2,0.0
160,2,10,150,2,0.0
161,2,10,150,2,0.0
162,2,10,150,2,0.0
163,2,10,150,2,0.0
164,2,10,150,2,0.0
165,2,10,150,2,0.0
166,2,10,150,2,0.0
167,2,10,150,2,0.0
168,2,10,150,2,0.0
169,2,10,150,2,0.0
170,2,10,150,2,0.0
171,2,10,150,2,0.0
172,2,10,150,2,0.0
173,2,10,150,2,0.0
174,2,10,150,2,0.6131471927654584
175,2,10,150,2,0.0
176,2,10,150,2,0.0
177,2,10,150,2,1.0
178,2,10,150,2,0.0
179,2,10,150,2,0.0
180,2,10,150,2,0.0
181,2,10,150,2,0.0
182,2,10,150,2,0.0
183,2,10,150,2,0.0
184,2,10,150,2,0.0
185,2,10,150,2,0.0
186,2,10,150,2,0.0
187,2,10,150,2,0.0
188,2,10,150,2,0.6131471927654584
189,2,10,150,2,0.0
190,2,10,150,2,0.0
191,2,10,150,2,0.0
192,2,10,150,2,0.0
193,2,10,150,2,0.0
194,2,10,150,2,0.0
195,2,10,150,2,0.0
196,2,10,150,2,0.0
197,2,10,150,2,0.0
198,2,10,150,2,0.0
199,2,10,150,2,0.6131471927654584
200,2,10,150,2,0.6131471927654584
201,2,10,150,2,0.38685280723454163
202,2,10,150,2,0.6131471927654584
203,2,10,150,2,0.0
204,2,10,150,2,0.0
205,2,10,150,2,0.0
206,2,10,150,2,0.0
207,2,10,150,2,0.0
208,2,10,150,2,0.0
209,2,10,150,2,0.0
210,2,10,150,2,0.0
211,2,10,150,2,0.0
212,2,10,150,2,0.0
213,2,10,150,2,0.0
214,2,10,150,2,0.0
215,2,10,150,2,0.0
216,2,10,150,2,0.0
217,2,10,150,2,0.0
218,2,10,150,2,0.0
219,2,10,150,2,0.0
220,2,10,150,2,0.0
221,2,10,150,2,0.0
222,2,10,150,2,0.0
223,2,10,150,2,0.0
224,2,10,150,2,0.0
225,2,10,150,2,0.0
226,2,10,150,2,0.0
227,2,10,150,2,0.0
228,2,10,150,2,0.0
229,2,10,150,2,0.0
230,2,10,150,2,0.6131471927654584
231,2,10,150,2,0.6131471927654584
232,2,10,150,2,0.0
233,2,10,150,2,0.0
234,2,10,150,2,0.0
235,2,10,150,2,0.0
236,2,10,150,2,0.0
237,2,10,150,2,0.0
238,2,10,150,2,0.0
239,2,10,150,2,0.0
240,2,10,150,2,0.0
241,2,10,150,2,0.0
242,2,10,150,2,0.0
243,2,10,150,2,1.0
244,2,10,150,2,0.0
245,2,10,150,2,0.0
246,2,10,150,2,0.6131471927654584
247,2,10,150,2,0.0
248,2,10,150,2,0.0
249,2,10,150,2,0.6131471927654584
250,2,10,150,2,0.0
251,2,10,150,2,0.0
252,2,10,150,2,0.0
253,2,10,150,2,0.0
254,2,10,150,2,0.6131471927654584
255,2,10,150,2,0.0
256,2,10,150,2,1.0
257,2,10,150,2,0.0
258,2,10,150,2,0.0
259,2,10,150,2,0.0
260,2,10,150,2,0.0
261,2,10,150,2,0.0
262,2,10,150,2,0.38685280723454163
263,2,10,150,2,0.0
264,2,10,150,2,0.0
265,2,10,150,2,0.0
266,2,10,150,2,0.0
267,2,10,150,2,0.0
268,2,10,150,2,0.38685280723454163
269,2,10,150,2,0.0
270,2,10,150,2,0.0
271,2,10,150,2,0.38685280723454163
272,2,10,150,2,0.0
273,2,10,150,2,0.0
274,2,10,150,2,0.0
275,2,10,150,2,0.0
276,2,10,150,2,0.6131471927654584
277,2,10,150,2,0.0
278,2,10,150,2,0.0
279,2,10,150,2,0.6131471927654584
280,2,10,150,2,0.0
281,2,10,150,2,0.0
282,2,10,150,2,0.0
283,2,10,150,2,0.0
284,2,10,150,2,0.0
285,2,10,150,2,0.0
286,2,10,150,2,0.0
287,2,10,150,2,0.0
288,2,10,150,2,0.0
289,2,10,150,2,0.0
290,2,10,150,2,0.0
291,2,10,150,2,1.0
292,2,10,150,2,0.6131471927654584
293,2,10,150,2,0.6131471927654584
294,2,10,150,2,0.0
295,2,10,150,2,0.0
296,2,10,150,2,0.0
297,2,10,150,2,0.0
298,2,10,150,2,0.6131471927654584
299,2,10,150,2,0.0
300,2,10,150,2,0.0
301,2,10,150,2,0.38685280723454163
302,2,10,150,2,0.0
303,2,10,150,2,1.0
304,2,10,150,2,0.0
305,2,10,150,2,0.38685280723454163
306,2,10,150,2,0.0
307,2,10,150,2,0.0
308,2,10,150,2,0.6131471927654584
309,2,10,150,2,0.0
310,2,10,150,2,0.0
311,2,10,150,2,1.0
312,2,10,150,2,0.6131471927654584
313,2,10,150,2,0.6131471927654584
314,2,10,150,2,0.0
315,2,10,150,2,0.0
316,2,10,150,2,0.0
317,2,10,150,2,0.0
318,2,10,150,2,0.0
319,2,10,150,2,0.0
320,2,10,150,2,0.0
321,2,10,150,2,0.38685280723454163
322,2,10,150,2,0.38685280723454163
323,2,10,150,2,0.0
324,2,10,150,2,0.0
325,2,10,150,2,0.0
326,2,10,150,2,0.0
327,2,10,150,2,0.0
328,2,10,150,2,1.0
329,2,10,150,2,0.0
330,2,10,150,2,0.0
331,2,10,150,2,0.0
332,2,10,150,2,0.6131471927654584
333,2,10,150,2,0.0
334,2,10,150,2,0.6131471927654584
335,2,10,150,2,0.0
336,2,10,150,2,0.0
337,2,10,150,2,0.0
338,2,10,150,2,0.0
339,2,10,150,2,0.0
340,2,10,150,2,0.0
341,2,10,150,2,0.0
342,2,10,150,2,1.0
343,2,10,150,2,1.0
344,2,10,150,2,0.6131471927654584
345,2,10,150,2,0.0
346,2,10,150,2,0.6131471927654584
347,2,10,150,2,0.6131471927654584
348,2,10,150,2,0.0
349,2,10,150,2,0.0
350,2,10,150,2,0.0
351,2,10,150,2,0.0
352,2,10,150,2,0.0
353,2,10,150,2,0.0
354,2,10,150,2,0.0
355,2,10,150,2,0.0
356,2,10,150,2,0.0
357,2,10,150,2,0.0
358,2,10,150,2,0.0
359,2,10,150,2,0.0
360,2,10,150,2,0.6131471927654584
361,2,10,150,2,0.0
362,2,10,150,2,0.0
363,2,10,150,2,0.6131471927654584
364,2,10,150,2,0.0
365,2,10,150,2,0.0
366,2,10,150,2,0.0
367,2,10,150,2,0.0
368,2,10,150,2,0.0
369,2,10,150,2,0.38685280723454163
370,2,10,150,2,0.0
371,2,10,150,2,0.0
372,2,10,150,2,0.0
373,2,10,150,2,0.0
374,2,10,150,2,0.0
375,2,10,150,2,0.0
376,2,10,150,2,0.0
377,2,10,150,2,0.6131471927654584
378,2,10,150,2,0.0
379,2,10,150,2,0.38685280723454163
380,2,10,150,2,0.0
381,2,10,150,2,0.0
382,2,10,150,2,0.0
383,2,10,150,2,0.0
384,2,10,150,2,0.0
385,2,10,150,2,0.0
386,2,10,150,2,0.0
387,2,10,150,2,0.0
388,2,10,150,2,0.0
389,2,10,150,2,0.6131471927654584
390,2,10,150,2,0.0
391,2,10,150,2,0.38685280723454163
392,2,10,150,2,0.0
393,2,10,150,2,0.0
394,2,10,150,2,0.6131471927654584
395,2,10,150,2,0.0
396,2,10,150,2,0.0
397,2,10,150,2,0.0
398,2,10,150,2,0.0
399,2,10,150,2,0.0
400,2,10,150,2,0.0
401,2,10,150,2,0.0
402,2,10,150,2,0.0
403,2,10,150,2,0.6131471927654584
404,2,10,150,2,0.0
405,2,10,150,2,0.6131471927654584
406,2,10,150,2,0.0
407,2,10,150,2,0.0
408,2,10,150,2,0.0
409,2,10,150,2,0.38685280723454163
410,2,10,150,2,0.0
411,2,10,150,2,0.6131471927654584
412,2,10,150,2,0.0
413,2,10,150,2,0.6131471927654584
414,2,10,150,2,0.0
415,2,10,150,2,0.0
416,2,10,150,2,0.6131471927654584
417,2,10,150,2,1.0
418,2,10,150,2,0.0
419,2,10,150,2,0.0
420,2,10,150,2,0.0
421,2,10,150,2,0.6131471927654584
422,2,10,150,2,0.0
423,2,10,150,2,0.0
424,2,10,150,2,0.0
425,2,10,150,2,0.0
426,2,10,150,2,0.0
427,2,10,150,2,0.0
428,2,10,150,2,0.0
429,2,10,150,2,1.0
430,2,10,150,2,0.0
431,2,10,150,2,0.0
432,2,10,150,2,0.0
433,2,10,150,2,0.0
434,2,10,150,2,0.0
435,2,10,150,2,1.0
436,2,10,150,2,0.0
437,2,10,150,2,0.6131471927654584
438,2,10,150,2,0.0
439,2,10,150,2,0.0
440,2,10,150,2,0.0
441,2,10,150,2,0.0
442,2,10,150,2,0.0
443,2,10,150,2,0.0
444,2,10,150,2,0.0
445,2,10,150,2,0.0
446,2,10,150,2,0.0
447,2,10,150,2,0.0
448,2,10,150,2,0.0
449,2,10,150,2,0.0
450,2,10,150,2,1.0
451,2,10,150,2,0.0
452,2,10,150,2,0.38685280723454163
453,2,10,150,2,0.0
454,2,10,150,2,0.0
455,2,10,150,2,0.0
456,2,10,150,2,0.6131471927654584
457,2,10,150,2,0.6131471927654584
458,2,10,150,2,0.6131471927654584
459,2,10,150,2,0.6131471927654584
460,2,10,150,2,0.38685280723454163
461,2,10,150,2,0.0
462,2,10,150,2,0.0
463,2,10,150,2,0.6131471927654584
464,2,10,150,2,0.0
465,2,10,150,2,0.0
466,2,10,150,2,0.0
467,2,10,150,2,0.0
468,2,10,150,2,0.38685280723454163
469,2,10,150,2,0.0
470,2,10,150,2,0.0
471,2,10,150,2,0.0
472,2,10,150,2,1.0
473,2,10,150,2,0.38685280723454163
474,2,10,150,2,0.38685280723454163
475,2,10,150,2,0.0
476,2,10,150,2,0.0
477,2,10,150,2,0.0
478,2,10,150,2,0.0
479,2,10,150,2,0.6131471927654584
480,2,10,150,2,0.0
481,2,10,150,2,0.0
482,2,10,150,2,0.0
483,2,10,150,2,0.0
484,2,10,150,2,0.6131471927654584
485,2,10,150,2,0.0
486,2,10,150,2,0.0
487,2,10,150,2,0.6131471927654584
488,2,10,150,2,0.0
489,2,10,150,2,0.0
490,2,10,150,2,0.38685280723454163
491,2,10,150,2,0.0
492,2,10,150,2,0.0
493,2,10,150,2,0.0
494,2,10,150,2,0.0
495,2,10,150,2,0.0
496,2,10,150,2,0.0
497,2,10,150,2,0.38685280723454163
498,2,10,150,2,0.0
499,2,10,150,2,0.0
500,2,10,150,2,0.38685280723454163
501,2,10,150,2,0.0
502,2,10,150,2,0.0
503,2,10,150,2,0.0
504,2,10,150,2,0.0
505,2,10,150,2,0.38685280723454163
506,2,10,150,2,0.0
507,2,10,150,2,0.0
508,2,10,150,2,0.6131471927654584
509,2,10,150,2,0.0
510,2,10,150,2,0.0
511,2,10,150,2,0.0
512,2,10,150,2,0.0
513,2,10,150,2,0.0
514,2,10,150,2,0.6131471927654584
515,2,10,150,2,0.0
516,2,10,150,2,0.0
517,2,10,150,2,0.0
518,2,10,150,2,0.38685280723454163
519,2,10,150,2,0.0
520,2,10,150,2,0.0
521,2,10,150,2,0.0
522,2,10,150,2,0.0
523,2,10,150,2,0.6131471927654584
524,2,10,150,2,0.0
525,2,10,150,2,0.0
526,2,10,150,2,0.0
527,2,10,150,2,0.38685280723454163
528,2,10,150,2,0.0
529,2,10,150,2,0.0
530,2,10,150,2,0.0
531,2,10,150,2,0.0
532,2,10,150,2,0.0
533,2,10,150,2,0.0
534,2,10,150,2,0.0
535,2,10,150,2,0.6131471927654584
536,2,10,150,2,0.0
537,2,10,150,2,0.38685280723454163
538,2,10,150,2,0.0
539,2,10,150,2,0.0
540,2,10,150,2,0.0
541,2,10,150,2,0.0
542,2,10,150,2,0.38685280723454163
543,2,10,150,2,0.0
544,2,10,150,2,0.0
545,2,10,150,2,0.0
546,2,10,150,2,0.0
547,2,10,150,2,0.0
548,2,10,150,2,0.0
549,2,10,150,2,0.0
550,2,10,150,2,0.0
551,2,10,150,2,0.0
552,2,10,150,2,0.0
553,2,10,150,2,0.0
554,2,10,150,2,0.38685280723454163
555,2,10,150,2,0.0
556,2,10,150,2,0.0
557,2,10,150,2,0.0
558,2,10,150,2,0.38685280723454163
559,2,10,150,2,0.0
560,2,10,150,2,0.0
561,2,10,150,2,0.0
562,2,10,150,2,0.0
563,2,10,150,2,0.0
564,2,10,150,2,0.0
565,2,10,150,2,0.0
566,2,10,150,2,0.0
567,2,10,150,2,0.0
568,2,10,150,2,0.0
569,2,10,150,2,0.6131471927654584
570,2,10,150,2,0.0
571,2,10,150,2,0.0
572,2,10,150,2,0.0
573,2,10,150,2,0.0
574,2,10,150,2,0.0
575,2,10,150,2,0.0
576,2,10,150,2,0.0
577,2,10,150,2,0.38685280723454163
578,2,10,150,2,0.0
579,2,10,150,2,0.0
580,2,10,150,2,0.38685280723454163
581,2,10,150,2,0.0
582,2,10,150,2,0.0
583,2,10,150,2,0.0
584,2,10,150,2,0.0
585,2,10,150,2,0.0
586,2,10,150,2,0.38685280723454163
587,2,10,150,2,0.0
588,2,10,150,2,0.0
589,2,10,150,2,0.0
590,2,10,150,2,0.0
591,2,10,150,2,0.0
592,2,10,150,2,0.6131471927654584
593,2,10,150,2,0.0
594,2,10,150,2,0.0
595,2,10,150,2,0.0
596,2,10,150,2,0.0
597,2,10,150,2,0.0
598,2,10,150,2,0.0
599,2,10,150,2,0.0
600,2,10,150,2,0.0
601,2,10,150,2,0.0
602,2,10,150,2,0.0
603,2,10,150,2,0.0
604,2,10,150,2,0.0
605,2,10,150,2,0.0
606,2,10,150,2,0.6131471927654584
607,2,10,150,2,0.0
608,2,10,150,2,0.6131471927654584
609,2,10,150,2,0.0
610,2,10,150,2,0.0
611,2,10,150,2,0.0
612,2,10,150,2,0.0
613,2,10,150,2,0.0
614,2,10,150,2,0.0
615,2,10,150,2,0.0
616,2,10,150,2,0.0
617,2,10,150,2,0.0
618,2,10,150,2,1.0
619,2,10,150,2,0.0
620,2,10,150,2,0.0
621,2,10,150,2,0.0
622,2,10,150,2,0.6131471927654584
623,2,10,150,2,0.0
624,2,10,150,2,0.0
625,2,10,150,2,0.0
626,2,10,150,2,0.0
627,2,10,150,2,0.0
628,2,10,150,2,0.0
629,2,10,150,2,0.0
630,2,10,150,2,0.0
631,2,10,150,2,0.0
632,2,10,150,2,0.0
633,2,10,150,2,0.0
634,2,10,150,2,0.0
635,2,10,150,2,0.0
636,2,10,150,2,0.0
637,2,10,150,2,0.0
638,2,10,150,2,0.0
639,2,10,150,2,0.0
640,2,10,150,2,0.0
642,2,10,150,2,0.0
643,2,10,150,2,0.0
644,2,10,150,2,0.0
645,2,10,150,2,0.0
647,2,10,150,2,0.0
648,2,10,150,2,0.0
649,2,10,150,2,1.0
650,2,10,150,2,0.0
651,2,10,150,2,0.0
653,2,10,150,2,0.0
654,2,10,150,2,0.0
655,2,10,150,2,0.0
658,2,10,150,2,0.0
1,2,10,150,3,1.0
2,2,10,150,3,0.0
3,2,10,150,3,0.0
4,2,10,150,3,0.0
5,2,10,150,3,0.0
6,2,10,150,3,0.46927872602275644
7,2,10,150,3,0.0
8,2,10,150,3,0.0
9,2,10,150,3,0.0
10,2,10,150,3,0.0
11,2,10,150,3,0.0
12,2,10,150,3,0.0
13,2,10,150,3,0.7039180890341347
14,2,10,150,3,0.0
15,2,10,150,3,0.0
16,2,10,150,3,0.46927872602275644
17,2,10,150,3,0.0
18,2,10,150,3,0.46927872602275644
19,2,10,150,3,0.0
20,2,10,150,3,0.0
21,2,10,150,3,0.0
22,2,10,150,3,0.0
23,2,10,150,3,0.0
24,2,10,150,3,0.0
25,2,10,150,3,0.0
26,2,10,150,3,0.46927872602275644
27,2,10,150,3,0.0
28,2,10,150,3,0.0
29,2,10,150,3,0.0
30,2,10,150,3,0.0
31,2,10,150,3,0.0
32,2,10,150,3,0.2960819109658652
33,2,10,150,3,0.0
34,2,10,150,3,0.0
35,2,10,150,3,0.0
36,2,10,150,3,0.0
37,2,10,150,3,0.0
38,2,10,150,3,0.0
39,2,10,150,3,0.0
40,2,10,150,3,0.0
41,2,10,150,3,0.0
42,2,10,150,3,0.46927872602275644
43,2,10,150,3,0.0
44,2,10,150,3,0.0
45,2,10,150,3,0.0
46,2,10,150,3,0.0
47,2,10,150,3,0.0
48,2,10,150,3,0.0
49,2,10,150,3,0.0
50,2,10,150,3,0.0
51,2,10,150,3,0.0
52,2,10,150,3,0.0
53,2,10,150,3,0.0
54,2,10,150,3,0.0
55,2,10,150,3,0.0
56,2,10,150,3,0.46927872602275644
57,2,10,150,3,0.0
58,2,10,150,3,0.0
59,2,10,150,3,0.7039180890341347
60,2,10,150,3,0.7039180890341347
61,2,10,150,3,0.0
62,2,10,150,3,0.46927872602275644
63,2,10,150,3,0.0
64,2,10,150,3,0.2960819109658652
65,2,10,150,3,0.2960819109658652
66,2,10,150,3,0.0
67,2,10,150,3,0.2960819109658652
68,2,10,150,3,0.0
69,2,10,150,3,0.0
70,2,10,150,3,0.0
71,2,10,150,3,0.0
72,2,10,150,3,0.7039180890341347
73,2,10,150,3,0.0
74,2,10,150,3,0.2960819109658652
75,2,10,150,3,0.46927872602275644
76,2,10,150,3,0.2960819109658652
77,2,10,150,3,0.0
78,2,10,150,3,0.0
79,2,10,150,3,0.0
80,2,10,150,3,0.0
81,2,10,150,3,0.0
82,2,10,150,3,0.0
83,2,10,150,3,0.0
84,2,10,150,3,0.0
85,2,10,150,3,0.7039180890341347
86,2,10,150,3,0.0
87,2,10,150,3,0.0
88,2,10,150,3,0.0
89,2,10,150,3,0.23463936301137822
90,2,10,150,3,0.0
91,2,10,150,3,0.0
92,2,10,150,3,0.46927872602275644
93,2,10,150,3,0.0
94,2,10,150,3,0.46927872602275644
95,2,10,150,3,0.0
96,2,10,150,3,0.0
97,2,10,150,3,0.46927872602275644
98,2,10,150,3,0.0
99,2,10,150,3,0.23463936301137822
100,2,10,150,3,0.0
101,2,10,150,3,0.0
102,2,10,150,3,0.0
103,2,10,150,3,0.0
104,2,10,150,3,0.0
105,2,10,150,3,0.0
106,2,10,150,3,0.0
107,2,10,150,3,0.0
108,2,10,150,3,0.0
109,2,10,150,3,0.46927872602275644
110,2,10,150,3,0.0
111,2,10,150,3,0.0
112,2,10,150,3,0.0
113,2,10,150,3,0.0
114,2,10,150,3,0.0
115,2,10,150,3,0.23463936301137822
116,2,10,150,3,0.0
117,2,10,150,3,0.0
118,2,10,150,3,0.0
119,2,10,150,3,0.2960819109658652
120,2,10,150,3,0.46927872602275644
121,2,10,150,3,0.0
122,2,10,150,3,0.0
123,2,10,150,3,0.2960819109658652
124,2,10,150,3,0.0
125,2,10,150,3,0.0
126,2,10,150,3,0.0
127,2,10,150,3,0.0
128,2,10,150,3,0.0
129,2,10,150,3,0.0
130,2,10,150,3,0.0
131,2,10,150,3,0.0
132,2,10,150,3,0.0
133,2,10,150,3,0.0
134,2,10,150,3,0.0
135,2,10,150,3,0.0
136,2,10,150,3,0.0
137,2,10,150,3,0.0
138,2,10,150,3,0.2960819109658652
139,2,10,150,3,0.0
140,2,10,150,3,0.0
141,2,10,150,3,0.0
142,2,10,150,3,0.0
143,2,10,150,3,0.0
144,2,10,150,3,0.7653606369886217
145,2,10,150,3,0.2960819109658652
146,2,10,150,3,0.0
147,2,10,150,3,0.0
148,2,10,150,3,0.0
149,2,10,150,3,0.0
150,2,10,150,3,0.0
151,2,10,150,3,0.0
152,2,10,150,3,0.0
153,2,10,150,3,0.0
154,2,10,150,3,0.0
155,2,10,150,3,0.0
156,2,10,150,3,0.0
157,2,10,150,3,0.0
158,2,10,150,3,0.0
159,2,10,150,3,0.0
160,2,10,150,3,0.0
161,2,10,150,3,0.0
162,2,10,150,3,0.0
163,2,10,150,3,0.0
164,2,10,150,3,0.0
165,2,10,150,3,0.0
166,2,10,150,3,0.0
167,2,10,150,3,0.0
168,2,10,150,3,0.0
169,2,10,150,3,0.0
170,2,10,150,3,0.0
171,2,10,150,3,0.0
172,2,10,150,3,0.0
173,2,10,150,3,0.0
174,2,10,150,3,0.46927872602275644
175,2,10,150,3,0.0
176,2,10,150,3,0.0
177,2,10,150,3,0.7653606369886217
178,2,10,150,3,0.0
179,2,10,150,3,0.0
180,2,10,150,3,0.0
181,2,10,150,3,0.0
182,2,10,150,3,0.0
183,2,10,150,3,0.0
184,2,10,150,3,0.0
185,2,10,150,3,0.0
186,2,10,150,3,0.0
187,2,10,150,3,0.0
188,2,10,150,3,0.46927872602275644
189,2,10,150,3,0.0
190,2,10,150,3,0.0
191,2,10,150,3,0.0
192,2,10,150,3,0.0
193,2,10,150,3,0.0
194,2,10,150,3,0.23463936301137822
195,2,10,150,3,0.0
196,2,10,150,3,0.0
197,2,10,150,3,0.0
198,2,10,150,3,0.0
199,2,10,150,3,0.46927872602275644
200,2,10,150,3,0.46927872602275644
201,2,10,150,3,0.2960819109658652
202,2,10,150,3,0.46927872602275644
203,2,10,150,3,0.0
204,2,10,150,3,0.0
205,2,10,150,3,0.0
206,2,10,150,3,0.0
207,2,10,150,3,0.0
208,2,10,150,3,0.0
209,2,10,150,3,0.0
210,2,10,150,3,0.0
211,2,10,150,3,0.0
212,2,10,150,3,0.0
213,2,10,150,3,0.0
214,2,10,150,3,0.0
215,2,10,150,3,0.0
216,2,10,150,3,0.23463936301137822
217,2,10,150,3,0.0
218,2,10,150,3,0.0
219,2,10,150,3,0.0
220,2,10,150,3,0.0
221,2,10,150,3,0.23463936301137822
222,2,10,150,3,0.0
223,2,10,150,3,0.0
224,2,10,150,3,0.0
225,2,10,150,3,0.0
226,2,10,150,3,0.0
227,2,10,150,3,0.0
228,2,10,150,3,0.0
229,2,10,150,3,0.0
230,2,10,150,3,0.46927872602275644
231,2,10,150,3,0.46927872602275644
232,2,10,150,3,0.0
233,2,10,150,3,0.23463936301137822
234,2,10,150,3,0.0
235,2,10,150,3,0.0
236,2,10,150,3,0.0
237,2,10,150,3,0.0
238,2,10,150,3,0.0
239,2,10,150,3,0.0
240,2,10,150,3,0.0
241,2,10,150,3,0.0
242,2,10,150,3,0.0
243,2,10,150,3,0.7653606369886217
244,2,10,150,3,0.0
245,2,10,150,3,0.0
246,2,10,150,3,0.46927872602275644
247,2,10,150,3,0.0
248,2,10,150,3,0.0
249,2,10,150,3,0.46927872602275644
250,2,10,150,3,0.0
251,2,10,150,3,0.0
252,2,10,150,3,0.0
253,2,10,150,3,0.0
254,2,10,150,3,0.7039180890341347
255,2,10,150,3,0.0
256,2,10,150,3,0.7653606369886217
257,2,10,150,3,0.0
258,2,10,150,3,0.0
259,2,10,150,3,0.0
260,2,10,150,3,0.0
261,2,10,150,3,0.0
262,2,10,150,3,0.2960819109658652
263,2,10,150,3,0.0
264,2,10,150,3,0.0
265,2,10,150,3,0.0
266,2,10,150,3,0.0
267,2,10,150,3,0.0
268,2,10,150,3,0.2960819109658652
269,2,10,150,3,0.0
270,2,10,150,3,0.23463936301137822
271,2,10,150,3,0.2960819109658652
272,2,10,150,3,0.23463936301137822
273,2,10,150,3,0.0
274,2,10,150,3,0.0
275,2,10,150,3,0.0
276,2,10,150,3,0.46927872602275644
277,2,10,150,3,0.0
278,2,10,150,3,0.0
279,2,10,150,3,0.46927872602275644
280,2,10,150,3,0.0
281,2,10,150,3,0.0
282,2,10,150,3,0.0
283,2,10,150,3,0.0
284,2,10,150,3,0.0
285,2,10,150,3,0.0
286,2,10,150,3,0.0
287,2,10,150,3,0.0
288,2,10,150,3,0.0
289,2,10,150,3,0.0
290,2,10,150,3,0.0
291,2,10,150,3,1.0
292,2,10,150,3,0.46927872602275644
293,2,10,150,3,0.46927872602275644
294,2,10,150,3,0.0
295,2,10,150,3,0.0
296,2,10,150,3,0.0
297,2,10,150,3,0.0
298,2,10,150,3,0.46927872602275644
299,2,10,150,3,0.0
300,2,10,150,3,0.0
301,2,10,150,3,0.5307212739772434
302,2,10,150,3,0.0
303,2,10,150,3,0.7653606369886217
304,2,10,150,3,0.0
305,2,10,150,3,0.2960819109658652
306,2,10,150,3,0.0
307,2,10,150,3,0.0
308,2,10,150,3,0.46927872602275644
309,2,10,150,3,0.0
310,2,10,150,3,0.0
311,2,10,150,3,0.7653606369886217
312,2,10,150,3,0.46927872602275644
313,2,10,150,3,0.46927872602275644
314,2,10,150,3,0.23463936301137822
315,2,10,150,3,0.0
316,2,10,150,3,0.0
317,2,10,150,3,0.0
318,2,10,150,3,0.0
319,2,10,150,3,0.0
320,2,10,150,3,0.0
321,2,10,150,3,0.2960819109658652
322,2,10,150,3,0.2960819109658652
323,2,10,150,3,0.0
324,2,10,150,3,0.0
325,2,10,150,3,0.0
326,2,10,150,3,0.0
327,2,10,150,3,0.0
328,2,10,150,3,0.7653606369886217
329,2,10,150,3,0.0
330,2,10,150,3,0.0
331,2,10,150,3,0.0
332,2,10,150,3,0.7039180890341347
333,2,10,150,3,0.0
334,2,10,150,3,0.46927872602275644
335,2,10,150,3,0.0
336,2,10,150,3,0.0
337,2,10,150,3,0.0
338,2,10,150,3,0.0
339,2,10,150,3,0.0
340,2,10,150,3,0.0
341,2,10,150,3,0.0
342,2,10,150,3,0.7653606369886217
343,2,10,150,3,0.7653606369886217
344,2,10,150,3,0.46927872602275644
345,2,10,150,3,0.0
346,2,10,150,3,0.7039180890341347
347,2,10,150,3,0.46927872602275644
348,2,10,150,3,0.0
349,2,10,150,3,0.0
350,2,10,150,3,0.0
351,2,10,150,3,0.0
352,2,10,150,3,0.0
353,2,10,150,3,0.0
354,2,10,150,3,0.23463936301137822
355,2,10,150,3,0.0
356,2,10,150,3,0.0
357,2,10,150,3,0.0
358,2,10,150,3,0.0
359,2,10,150,3,0.0
360,2,10,150,3,0.7039180890341347
361,2,10,150,3,0.0
362,2,10,150,3,0.0
363,2,10,150,3,0.46927872602275644
364,2,10,150,3,0.0
365,2,10,150,3,0.0
366,2,10,150,3,0.0
367,2,10,150,3,0.0
368,2,10,150,3,0.0
369,2,10,150,3,0.2960819109658652
370,2,10,150,3,0.0
371,2,10,150,3,0.0
372,2,10,150,3,0.0
373,2,10,150,3,0.0
374,2,10,150,3,0.0
375,2,10,150,3,0.0
376,2,10,150,3,0.0
377,2,10,150,3,0.46927872602275644
378,2,10,150,3,0.0
379,2,10,150,3,0.2960819109658652
380,2,10,150,3,0.23463936301137822
381,2,10,150,3,0.0
382,2,10,150,3,0.0
383,2,10,150,3,0.0
384,2,10,150,3,0.0
385,2,10,150,3,0.0
386,2,10,150,3,0.0
387,2,10,150,3,0.0
388,2,10,150,3,0.0
389,2,10,150,3,0.46927872602275644
390,2,10,150,3,0.0
391,2,10,150,3,0.2960819109658652
392,2,10,150,3,0.0
393,2,10,150,3,0.0
394,2,10,150,3,0.46927872602275644
395,2,10,150,3,0.0
396,2,10,150,3,0.0
397,2,10,150,3,0.23463936301137822
398,2,10,150,3,0.0
399,2,10,150,3,0.0
400,2,10,150,3,0.0
401,2,10,150,3,0.0
402,2,10,150,3,0.23463936301137822
403,2,10,150,3,0.46927872602275644
404,2,10,150,3,0.0
405,2,10,150,3,0.46927872602275644
406,2,10,150,3,0.0
407,2,10,150,3,0.0
408,2,10,150,3,0.0
409,2,10,150,3,0.2960819109658652
410,2,10,150,3,0.0
411,2,10,150,3,0.46927872602275644
412,2,10,150,3,0.0
413,2,10,150,3,0.46927872602275644
414,2,10,150,3,0.0
415,2,10,150,3,0.23463936301137822
416,2,10,150,3,0.7039180890341347
417,2,10,150,3,1.0
418,2,10,150,3,0.0
419,2,10,150,3,0.23463936301137822
420,2,10,150,3,0.0
421,2,10,150,3,0.46927872602275644
422,2,10,150,3,0.0
423,2,10,150,3,0.0
424,2,10,150,3,0.0
425,2,10,150,3,0.0
426,2,10,150,3,0.0
427,2,10,150,3,0.0
428,2,10,150,3,0.0
429,2,10,150,3,0.7653606369886217
430,2,10,150,3,0.23463936301137822
431,2,10,150,3,0.0
432,2,10,150,3,0.0
433,2,10,150,3,0.0
434,2,10,150,3,0.0
435,2,10,150,3,0.7653606369886217
436,2,10,150,3,0.0
437,2,10,150,3,0.46927872602275644
438,2,10,150,3,0.0
439,2,10,150,3,0.0
440,2,10,150,3,0.0
441,2,10,150,3,0.0
442,2,10,150,3,0.0
443,2,10,150,3,0.0
444,2,10,150,3,0.0
445,2,10,150,3,0.0
446,2,10,150,3,0.0
447,2,10,150,3,0.0
448,2,10,150,3,0.0
449,2,10,150,3,0.0
450,2,10,150,3,0.7653606369886217
451,2,10,150,3,0.0
452,2,10,150,3,0.2960819109658652
453,2,10,150,3,0.23463936301137822
454,2,10,150,3,0.0
455,2,10,150,3,0.0
456,2,10,150,3,0.46927872602275644
457,2,10,150,3,0.7039180890341347
458,2,10,150,3,0.7039180890341347
459,2,10,150,3,0.46927872602275644
460,2,10,150,3,0.2960819109658652
461,2,10,150,3,0.0
462,2,10,150,3,0.0
463,2,10,150,3,0.7039180890341347
464,2,10,150,3,0.0
465,2,10,150,3,0.0
466,2,10,150,3,0.0
467,2,10,150,3,0.0
468,2,10,150,3,0.2960819109658652
469,2,10,150,3,0.0
470,2,10,150,3,0.0
471,2,10,150,3,0.0
472,2,10,150,3,0.7653606369886217
473,2,10,150,3,0.2960819109658652
474,2,10,150,3,0.5307212739772434
475,2,10,150,3,0.0
476,2,10,150,3,0.0
477,2,10,150,3,0.0
478,2,10,150,3,0.23463936301137822
479,2,10,150,3,0.46927872602275644
480,2,10,150,3,0.0
481,2,10,150,3,0.0
482,2,10,150,3,0.0
483,2,10,150,3,0.0
484,2,10,150,3,0.46927872602275644
485,2,10,150,3,0.0
486,2,10,150,3,0.0
487,2,10,150,3,0.46927872602275644
488,2,10,150,3,0.0
489,2,10,150,3,0.0
490,2,10,150,3,0.2960819109658652
491,2,10,150,3,0.0
492,2,10,150,3,0.0
493,2,10,150,3,0.0
494,2,10,150,3,0.0
495,2,10,150,3,0.0
496,2,10,150,3,0.0
497,2,10,150,3,0.2960819109658652
498,2,10,150,3,0.23463936301137822
499,2,10,150,3,0.0
500,2,10,150,3,0.5307212739772434
501,2,10,150,3,0.0
502,2,10,150,3,0.0
503,2,10,150,3,0.0
504,2,10,150,3,0.0
505,2,10,150,3,0.2960819109658652
506,2,10,150,3,0.0
507,2,10,150,3,0.0
508,2,10,150,3,0.46927872602275644
509,2,10,150,3,0.0
510,2,10,150,3,0.0
511,2,10,150,3,0.0
512,2,10,150,3,0.0
513,2,10,150,3,0.0
514,2,10,150,3,0.46927872602275644
515,2,10,150,3,0.0
516,2,10,150,3,0.0
517,2,10,150,3,0.0
518,2,10,150,3,0.2960819109658652
519,2,10,150,3,0.0
520,2,10,150,3,0.0
521,2,10,150,3,0.0
522,2,10,150,3,0.0
523,2,10,150,3,0.46927872602275644
524,2,10,150,3,0.0
525,2,10,150,3,0.0
526,2,10,150,3,0.0
527,2,10,150,3,0.5307212739772434
528,2,10,150,3,0.0
529,2,10,150,3,0.0
530,2,10,150,3,0.0
531,2,10,150,3,0.0
532,2,10,150,3,0.0
533,2,10,150,3,0.0
534,2,10,150,3,0.0
535,2,10,150,3,0.46927872602275644
536,2,10,150,3,0.0
537,2,10,150,3,0.2960819109658652
538,2,10,150,3,0.0
539,2,10,150,3,0.0
540,2,10,150,3,0.0
541,2,10,150,3,0.23463936301137822
542,2,10,150,3,0.2960819109658652
543,2,10,150,3,0.23463936301137822
544,2,10,150,3,0.0
545,2,10,150,3,0.23463936301137822
546,2,10,150,3,0.0
547,2,10,150,3,0.0
548,2,10,150,3,0.0
549,2,10,150,3,0.0
550,2,10,150,3,0.0
551,2,10,150,3,0.0
552,2,10,150,3,0.0
553,2,10,150,3,0.0
554,2,10,150,3,0.2960819109658652
555,2,10,150,3,0.0
556,2,10,150,3,0.0
557,2,10,150,3,0.0
558,2,10,150,3,0.2960819109658652
559,2,10,150,3,0.0
560,2,10,150,3,0.0
561,2,10,150,3,0.23463936301137822
562,2,10,150,3,0.0
563,2,10,150,3,0.0
564,2,10,150,3,0.0
565,2,10,150,3,0.23463936301137822
566,2,10,150,3,0.0
567,2,10,150,3,0.0
568,2,10,150,3,0.0
569,2,10,150,3,0.46927872602275644
570,2,10,150,3,0.0
571,2,10,150,3,0.0
572,2,10,150,3,0.0
573,2,10,150,3,0.0
574,2,10,150,3,0.0
575,2,10,150,3,0.0
576,2,10,150,3,0.0
577,2,10,150,3,0.2960819109658652
578,2,10,150,3,0.0
579,2,10,150,3,0.0
580,2,10,150,3,0.2960819109658652
581,2,10,150,3,0.0
582,2,10,150,3,0.0
583,2,10,150,3,0.0
584,2,10,150,3,0.0
585,2,10,150,3,0.0
586,2,10,150,3,0.2960819109658652
587,2,10,150,3,0.0
588,2,10,150,3,0.0
589,2,10,150,3,0.0
590,2,10,150,3,0.0
591,2,10,150,3,0.0
592,2,10,150,3,0.46927872602275644
593,2,10,150,3,0.0
594,2,10,150,3,0.0
595,2,10,150,3,0.0
596,2,10,150,3,0.0
597,2,10,150,3,0.0
598,2,10,150,3,0.0
599,2,10,150,3,0.0
600,2,10,150,3,0.0
601,2,10,150,3,0.0
602,2,10,150,3,0.0
603,2,10,150,3,0.0
604,2,10,150,3,0.0
605,2,10,150,3,0.23463936301137822
606,2,10,150,3,0.46927872602275644
607,2,10,150,3,0.0
608,2,10,150,3,0.46927872602275644
609,2,10,150,3,0.0
610,2,10,150,3,0.23463936301137822
611,2,10,150,3,0.0
612,2,10,150,3,0.23463936301137822
613,2,10,150,3,0.0
614,2,10,150,3,0.0
615,2,10,150,3,0.0
616,2,10,150,3,0.0
617,2,10,150,3,0.0
618,2,10,150,3,0.7653606369886217
619,2,10,150,3,0.0
620,2,10,150,3,0.0
621,2,10,150,3,0.0
622,2,10,150,3,0.46927872602275644
623,2,10,150,3,0.0
624,2,10,150,3,0.0
625,2,10,150,3,0.0
626,2,10,150,3,0.0
627,2,10,150,3,0.0
628,2,10,150,3,0.0
629,2,10,150,3,0.0
630,2,10,150,3,0.0
631,2,10,150,3,0.0
632,2,10,150,3,0.0
633,2,10,150,3,0.0
634,2,10,150,3,0.0
635,2,10,150,3,0.0
636,2,10,150,3,0.0
637,2,10,150,3,0.0
638,2,10,150,3,0.0
639,2,10,150,3,0.0
640,2,10,150,3,0.0
642,2,10,150,3,0.0
643,2,10,150,3,0.0
644,2,10,150,3,0.0
645,2,10,150,3,0.0
647,2,10,150,3,0.0
648,2,10,150,3,0.0
649,2,10,150,3,1.0
650,2,10,150,3,0.0
651,2,10,150,3,0.0
653,2,10,150,3,0.0
654,2,10,150,3,0.0
655,2,10,150,3,0.0
658,2,10,150,3,0.0
1,2,10,150,4,1.0
2,2,10,150,4,0.16812753627111746
3,2,10,150,4,0.0
4,2,10,150,4,0.0
5,2,10,150,4,0.0
6,2,10,150,4,0.3903800499921017
7,2,10,150,4,0.0
8,2,10,150,4,0.0
9,2,10,150,4,0.0
10,2,10,150,4,0.0
11,2,10,150,4,0.16812753627111746
12,2,10,150,4,0.0
13,2,10,150,4,0.5855700749881525
14,2,10,150,4,0.16812753627111746
15,2,10,150,4,0.0
16,2,10,150,4,0.5585075862632192
17,2,10,150,4,0.0
18,2,10,150,4,0.3903800499921017
19,2,10,150,4,0.0
20,2,10,150,4,0.0
21,2,10,150,4,0.0
22,2,10,150,4,0.0
23,2,10,150,4,0.16812753627111746
24,2,10,150,4,0.0
25,2,10,150,4,0.0
26,2,10,150,4,0.3903800499921017
27,2,10,150,4,0.0
28,2,10,150,4,0.0
29,2,10,150,4,0.0
30,2,10,150,4,0.0
31,2,10,150,4,0.0
32,2,10,150,4,0.24630238874073
33,2,10,150,4,0.0
34,2,10,150,4,0.0
35,2,10,150,4,0.0
36,2,10,150,4,0.0
37,2,10,150,4,0.0
38,2,10,150,4,0.0
39,2,10,150,4,0.0
40,2,10,150,4,0.0
41,2,10,150,4,0.0
42,2,10,150,4,0.3903800499921017
43,2,10,150,4,0.0
44,2,10,150,4,0.16812753627111746
45,2,10,150,4,0.0
46,2,10,150,4,0.0
47,2,10,150,4,0.0
48,2,10,150,4,0.0
49,2,10,150,4,0.0
50,2,10,150,4,0.0
51,2,10,150,4,0.0
52,2,10,150,4,0.0
53,2,10,150,4,0.0
54,2,10,150,4,0.0
55,2,10,150,4,0.0
56,2,10,150,4,0.3903800499921017
57,2,10,150,4,0.0
58,2,10,150,4,0.0
59,2,10,150,4,0.5855700749881525
60,2,10,150,4,0.5855700749881525
61,2,10,150,4,0.0
62,2,10,150,4,0.5585075862632192
63,2,10,150,4,0.0
64,2,10,150,4,0.24630238874073
65,2,10,150,4,0.24630238874073
66,2,10,150,4,0.0
67,2,10,150,4,0.24630238874073
68,2,10,150,4,0.0
69,2,10,150,4,0.0
70,2,10,150,4,0.0
71,2,10,150,4,0.0
72,2,10,150,4,0.5855700749881525
73,2,10,150,4,0.16812753627111746
74,2,10,150,4,0.24630238874073
75,2,10,150,4,0.3903800499921017
76,2,10,150,4,0.24630238874073
77,2,10,150,4,0.0
78,2,10,150,4,0.0
79,2,10,150,4,0.0
80,2,10,150,4,0.0
81,2,10,150,4,0.0
82,2,10,150,4,0.0
83,2,10,150,4,0.0
84,2,10,150,4,0.0
85,2,10,150,4,0.5855700749881525
86,2,10,150,4,0.0
87,2,10,150,4,0.0
88,2,10,150,4,0.0
89,2,10,150,4,0.19519002499605084
90,2,10,150,4,0.16812753627111746
91,2,10,150,4,0.0
92,2,10,150,4,0.3903800499921017
93,2,10,150,4,0.0
94,2,10,150,4,0.5585075862632192
95,2,10,150,4,0.0
96,2,10,150,4,0.0
97,2,10,150,4,0.3903800499921017
98,2,10,150,4,0.0
99,2,10,150,4,0.19519002499605084
100,2,10,150,4,0.0
101,2,10,150,4,0.0
102,2,10,150,4,0.0
103,2,10,150,4,0.0
104,2,10,150,4,0.0
105,2,10,150,4,0.0
106,2,10,150,4,0.0
107,2,10,150,4,0.0
108,2,10,150,4,0.0
109,2,10,150,4,0.3903800499921017
110,2,10,150,4,0.16812753627111746
111,2,10,150,4,0.0
112,2,10,150,4,0.0
113,2,10,150,4,0.0
114,2,10,150,4,0.0
115,2,10,150,4,0.19519002499605084
116,2,10,150,4,0.0
117,2,10,150,4,0.0
118,2,10,150,4,0.0
119,2,10,150,4,0.24630238874073
120,2,10,150,4,0.5585075862632192
121,2,10,150,4,0.0
122,2,10,150,4,0.16812753627111746
123,2,10,150,4,0.24630238874073
124,2,10,150,4,0.0
125,2,10,150,4,0.0
126,2,10,150,4,0.0
127,2,10,150,4,0.0
128,2,10,150,4,0.0
129,2,10,150,4,0.0
130,2,10,150,4,0.16812753627111746
131,2,10,150,4,0.0
132,2,10,150,4,0.0
133,2,10,150,4,0.0
134,2,10,150,4,0.0
135,2,10,150,4,0.0
136,2,10,150,4,0.0
137,2,10,150,4,0.0
138,2,10,150,4,0.24630238874073
139,2,10,150,4,0.0
140,2,10,150,4,0.0
141,2,10,150,4,0.0
142,2,10,150,4,0.0
143,2,10,150,4,0.0
144,2,10,150,4,0.6366824387328317
145,2,10,150,4,0.24630238874073
146,2,10,150,4,0.0
147,2,10,150,4,0.0
148,2,10,150,4,0.0
149,2,10,150,4,0.0
150,2,10,150,4,0.0
151,2,10,150,4,0.16812753627111746
152,2,10,150,4,0.0
153,2,10,150,4,0.0
154,2,10,150,4,0.0
155,2,10,150,4,0.0
156,2,10,150,4,0.0
157,2,10,150,4,0.0
158,2,10,150,4,0.16812753627111746
159,2,10,150,4,0.0
160,2,10,150,4,0.0
161,2,10,150,4,0.0
162,2,10,150,4,0.0
163,2,10,150,4,0.0
164,2,10,150,4,0.0
165,2,10,150,4,0.0
166,2,10,150,4,0.0
167,2,10,150,4,0.0
168,2,10,150,4,0.0
169,2,10,150,4,0.0
170,2,10,150,4,0.0
171,2,10,150,4,0.0
172,2,10,150,4,0.0
173,2,10,150,4,0.0
174,2,10,150,4,0.3903800499921017
175,2,10,150,4,0.16812753627111746
176,2,10,150,4,0.0
177,2,10,150,4,0.6366824387328317
178,2,10,150,4,0.16812753627111746
179,2,10,150,4,0.0
180,2,10,150,4,0.0
181,2,10,150,4,0.0
182,2,10,150,4,0.0
183,2,10,150,4,0.0
184,2,10,150,4,0.0
185,2,10,150,4,0.0
186,2,10,150,4,0.0
187,2,10,150,4,0.0
188,2,10,150,4,0.5585075862632192
189,2,10,150,4,0.0
190,2,10,150,4,0.0
191,2,10,150,4,0.0
192,2,10,150,4,0.0
193,2,10,150,4,0.0
194,2,10,150,4,0.36331756126716835
195,2,10,150,4,0.0
196,2,10,150,4,0.0
197,2,10,150,4,0.0
198,2,10,150,4,0.0
199,2,10,150,4,0.3903800499921017
200,2,10,150,4,0.3903800499921017
201,2,10,150,4,0.24630238874073
202,2,10,150,4,0.3903800499921017
203,2,10,150,4,0.0
204,2,10,150,4,0.0
205,2,10,150,4,0.0
206,2,10,150,4,0.0
207,2,10,150,4,0.0
208,2,10,150,4,0.0
209,2,10,150,4,0.0
210,2,10,150,4,0.0
211,2,10,150,4,0.0
212,2,10,150,4,0.0
213,2,10,150,4,0.0
214,2,10,150,4,0.0
215,2,10,150,4,0.0
216,2,10,150,4,0.19519002499605084
217,2,10,150,4,0.0
218,2,10,150,4,0.0
219,2,10,150,4,0.0
220,2,10,150,4,0.0
221,2,10,150,4,0.19519002499605084
222,2,10,150,4,0.0
223,2,10,150,4,0.0
224,2,10,150,4,0.0
225,2,10,150,4,0.0
226,2,10,150,4,0.0
227,2,10,150,4,0.0
228,2,10,150,4,0.0
229,2,10,150,4,0.0
230,2,10,150,4,0.3903800499921017
231,2,10,150,4,0.3903800499921017
232,2,10,150,4,0.0
233,2,10,150,4,0.19519002499605084
234,2,10,150,4,0.0
235,2,10,150,4,0.0
236,2,10,150,4,0.0
237,2,10,150,4,0.0
238,2,10,150,4,0.0
239,2,10,150,4,0.0
240,2,10,150,4,0.0
241,2,10,150,4,0.0
242,2,10,150,4,0.0
243,2,10,150,4,0.6366824387328317
244,2,10,150,4,0.0
245,2,10,150,4,0.0
246,2,10,150,4,0.3903800499921017
247,2,10,150,4,0.0
248,2,10,150,4,0.0
249,2,10,150,4,0.5585075862632192
250,2,10,150,4,0.0
251,2,10,150,4,0.0
252,2,10,150,4,0.0
253,2,10,150,4,0.16812753627111746
254,2,10,150,4,0.75369761125927
255,2,10,150,4,0.0
256,2,10,150,4,0.6366824387328317
257,2,10,150,4,0.0
258,2,10,150,4,0.0
259,2,10,150,4,0.0
260,2,10,150,4,0.0
261,2,10,150,4,0.0
262,2,10,150,4,0.24630238874073
263,2,10,150,4,0.0
264,2,10,150,4,0.0
265,2,10,150,4,0.0
266,2,10,150,4,0.0
267,2,10,150,4,0.0
268,2,10,150,4,0.4144299250118475
269,2,10,150,4,0.0
270,2,10,150,4,0.19519002499605084
271,2,10,150,4,0.24630238874073
272,2,10,150,4,0.19519002499605084
273,2,10,150,4,0.0
274,2,10,150,4,0.0
275,2,10,150,4,0.0
276,2,10,150,4,0.3903800499921017
277,2,10,150,4,0.0
278,2,10,150,4,0.0
279,2,10,150,4,0.5585075862632192
280,2,10,150,4,0.0
281,2,10,150,4,0.0
282,2,10,150,4,0.0
283,2,10,150,4,0.0
284,2,10,150,4,0.0
285,2,10,150,4,0.0
286,2,10,150,4,0.0
287,2,10,150,4,0.16812753627111746
288,2,10,150,4,0.0
289,2,10,150,4,0.0
290,2,10,150,4,0.0
291,2,10,150,4,0.8318724637288826
292,2,10,150,4,0.5585075862632192
293,2,10,150,4,0.3903800499921017
294,2,10,150,4,0.0
295,2,10,150,4,0.0
296,2,10,150,4,0.0
297,2,10,150,4,0.0
298,2,10,150,4,0.3903800499921017
299,2,10,150,4,0.0
300,2,10,150,4,0.0
301,2,10,150,4,0.44149241373678083
302,2,10,150,4,0.0
303,2,10,150,4,0.6366824387328317
304,2,10,150,4,0.0
305,2,10,150,4,0.4144299250118475
306,2,10,150,4,0.0
307,2,10,150,4,0.0
308,2,10,150,4,0.3903800499921017
309,2,10,150,4,0.0
310,2,10,150,4,0.0
311,2,10,150,4,0.6366824387328317
312,2,10,150,4,0.3903800499921017
313,2,10,150,4,0.3903800499921017
314,2,10,150,4,0.19519002499605084
315,2,10,150,4,0.0
316,2,10,150,4,0.0
317,2,10,150,4,0.0
318,2,10,150,4,0.0
319,2,10,150,4,0.0
320,2,10,150,4,0.0
321,2,10,150,4,0.24630238874073
322,2,10,150,4,0.24630238874073
323,2,10,150,4,0.0
324,2,10,150,4,0.0
325,2,10,150,4,0.0
326,2,10,150,4,0.0
327,2,10,150,4,0.0
328,2,10,150,4,0.6366824387328317
329,2,10,150,4,0.0
330,2,10,150,4,0.0
331,2,10,150,4,0.0
332,2,10,150,4,0.5855700749881525
333,2,10,150,4,0.0
334,2,10,150,4,0.5585075862632192
335,2,10,150,4,0.0
336,2,10,150,4,0.16812753627111746
337,2,10,150,4,0.0
338,2,10,150,4,0.0
339,2,10,150,4,0.0
340,2,10,150,4,0.0
341,2,10,150,4,0.0
342,2,10,150,4,0.6366824387328317
343,2,10,150,4,0.6366824387328317
344,2,10,150,4,0.3903800499921017
345,2,10,150,4,0.0
346,2,10,150,4,0.5855700749881525
347,2,10,150,4,0.3903800499921017
348,2,10,150,4,0.0
349,2,10,150,4,0.16812753627111746
350,2,10,150,4,0.0
351,2,10,150,4,0.0
352,2,10,150,4,0.16812753627111746
353,2,10,150,4,0.0
354,2,10,150,4,0.19519002499605084
355,2,10,150,4,0.0
356,2,10,150,4,0.0
357,2,10,150,4,0.16812753627111746
358,2,10,150,4,0.0
359,2,10,150,4,0.0
360,2,10,150,4,0.5855700749881525
361,2,10,150,4,0.0
362,2,10,150,4,0.0
363,2,10,150,4,0.3903800499921017
364,2,10,150,4,0.0
365,2,10,150,4,0.0
366,2,10,150,4,0.0
367,2,10,150,4,0.0
368,2,10,150,4,0.0
369,2,10,150,4,0.24630238874073
370,2,10,150,4,0.0
371,2,10,150,4,0.0
372,2,10,150,4,0.0
373,2,10,150,4,0.0
374,2,10,150,4,0.0
375,2,10,150,4,0.0
376,2,10,150,4,0.0
377,2,10,150,4,0.3903800499921017
378,2,10,150,4,0.0
379,2,10,150,4,0.24630238874073
380,2,10,150,4,0.19519002499605084
381,2,10,150,4,0.0
382,2,10,150,4,0.0
383,2,10,150,4,0.0
384,2,10,150,4,0.0
385,2,10,150,4,0.16812753627111746
386,2,10,150,4,0.0
387,2,10,150,4,0.0
388,2,10,150,4,0.0
389,2,10,150,4,0.3903800499921017
390,2,10,150,4,0.0
391,2,10,150,4,0.24630238874073
392,2,10,150,4,0.0
393,2,10,150,4,0.0
394,2,10,150,4,0.3903800499921017
395,2,10,150,4,0.0
396,2,10,150,4,0.0
397,2,10,150,4,0.36331756126716835
398,2,10,150,4,0.0
399,2,10,150,4,0.0
400,2,10,150,4,0.0
401,2,10,150,4,0.0
402,2,10,150,4,0.19519002499605084
403,2,10,150,4,0.3903800499921017
404,2,10,150,4,0.0
405,2,10,150,4,0.3903800499921017
406,2,10,150,4,0.0
407,2,10,150,4,0.16812753627111746
408,2,10,150,4,0.0
409,2,10,150,4,0.24630238874073
410,2,10,150,4,0.0
411,2,10,150,4,0.3903800499921017
412,2,10,150,4,0.0
413,2,10,150,4,0.3903800499921017
414,2,10,150,4,0.0
415,2,10,150,4,0.19519002499605084
416,2,10,150,4,0.75369761125927
417,2,10,150,4,0.8318724637288826
418,2,10,150,4,0.0
419,2,10,150,4,0.19519002499605084
420,2,10,150,4,0.0
421,2,10,150,4,0.3903800499921017
422,2,10,150,4,0.0
423,2,10,150,4,0.0
424,2,10,150,4,0.0
425,2,10,150,4,0.0
426,2,10,150,4,0.0
427,2,10,150,4,0.0
428,2,10,150,4,0.0
429,2,10,150,4,0.8048099750039491
430,2,10,150,4,0.19519002499605084
431,2,10,150,4,0.0
432,2,10,150,4,0.0
433,2,10,150,4,0.0
434,2,10,150,4,0.0
435,2,10,150,4,0.6366824387328317
436,2,10,150,4,0.0
437,2,10,150,4,0.3903800499921017
438,2,10,150,4,0.0
439,2,10,150,4,0.0
440,2,10,150,4,0.0
441,2,10,150,4,0.16812753627111746
442,2,10,150,4,0.0
443,2,10,150,4,0.0
444,2,10,150,4,0.0
445,2,10,150,4,0.0
446,2,10,150,4,0.0
447,2,10,150,4,0.0
448,2,10,150,4,0.0
449,2,10,150,4,0.0
450,2,10,150,4,0.8048099750039491
451,2,10,150,4,0.0
452,2,10,150,4,0.24630238874073
453,2,10,150,4,0.36331756126716835
454,2,10,150,4,0.0
455,2,10,150,4,0.16812753627111746
456,2,10,150,4,0.3903800499921017
457,2,10,150,4,0.75369761125927
458,2,10,150,4,0.75369761125927
459,2,10,150,4,0.3903800499921017
460,2,10,150,4,0.24630238874073
461,2,10,150,4,0.0
462,2,10,150,4,0.0
463,2,10,150,4,0.5855700749881525
464,2,10,150,4,0.0
465,2,10,150,4,0.16812753627111746
466,2,10,150,4,0.0
467,2,10,150,4,0.0
468,2,10,150,4,0.24630238874073
469,2,10,150,4,0.0
470,2,10,150,4,0.0
471,2,10,150,4,0.0
472,2,10,150,4,0.6366824387328317
473,2,10,150,4,0.24630238874073
474,2,10,150,4,0.44149241373678083
475,2,10,150,4,0.0
476,2,10,150,4,0.0
477,2,10,150,4,0.0
478,2,10,150,4,0.19519002499605084
479,2,10,150,4,0.3903800499921017
480,2,10,150,4,0.0
481,2,10,150,4,0.0
482,2,10,150,4,0.0
483,2,10,150,4,0.0
484,2,10,150,4,0.3903800499921017
485,2,10,150,4,0.0
486,2,10,150,4,0.0
487,2,10,150,4,0.3903800499921017
488,2,10,150,4,0.0
489,2,10,150,4,0.0
490,2,10,150,4,0.24630238874073
491,2,10,150,4,0.0
492,2,10,150,4,0.16812753627111746
493,2,10,150,4,0.0
494,2,10,150,4,0.0
495,2,10,150,4,0.0
496,2,10,150,4,0.0
497,2,10,150,4,0.4144299250118475
498,2,10,150,4,0.19519002499605084
499,2,10,150,4,0.0
500,2,10,150,4,0.6096199500078984
501,2,10,150,4,0.0
502,2,10,150,4,0.0
503,2,10,150,4,0.0
504,2,10,150,4,0.0
505,2,10,150,4,0.24630238874073
506,2,10,150,4,0.0
507,2,10,150,4,0.0
508,2,10,150,4,0.3903800499921017
509,2,10,150,4,0.0
510,2,10,150,4,0.0
511,2,10,150,4,0.0
512,2,10,150,4,0.0
513,2,10,150,4,0.0
514,2,10,150,4,0.3903800499921017
515,2,10,150,4,0.0
516,2,10,150,4,0.0
517,2,10,150,4,0.0
518,2,10,150,4,0.24630238874073
519,2,10,150,4,0.0
520,2,10,150,4,0.0
521,2,10,150,4,0.0
522,2,10,150,4,0.0
523,2,10,150,4,0.3903800499921017
524,2,10,150,4,0.0
525,2,10,150,4,0.0
526,2,10,150,4,0.0
527,2,10,150,4,0.44149241373678083
528,2,10,150,4,0.0
529,2,10,150,4,0.0
530,2,10,150,4,0.0
531,2,10,150,4,0.0
532,2,10,150,4,0.0
533,2,10,150,4,0.0
534,2,10,150,4,0.0
535,2,10,150,4,0.3903800499921017
536,2,10,150,4,0.0
537,2,10,150,4,0.4144299250118475
538,2,10,150,4,0.0
539,2,10,150,4,0.0
540,2,10,150,4,0.0
541,2,10,150,4,0.19519002499605084
542,2,10,150,4,0.24630238874073
543,2,10,150,4,0.19519002499605084
544,2,10,150,4,0.0
545,2,10,150,4,0.19519002499605084
546,2,10,150,4,0.0
547,2,10,150,4,0.0
548,2,10,150,4,0.16812753627111746
549,2,10,150,4,0.0
550,2,10,150,4,0.0
551,2,10,150,4,0.16812753627111746
552,2,10,150,4,0.0
553,2,10,150,4,0.16812753627111746
554,2,10,150,4,0.24630238874073
555,2,10,150,4,0.0
556,2,10,150,4,0.0
557,2,10,150,4,0.0
558,2,10,150,4,0.24630238874073
559,2,10,150,4,0.0
560,2,10,150,4,0.0
561,2,10,150,4,0.19519002499605084
562,2,10,150,4,0.0
563,2,10,150,4,0.0
564,2,10,150,4,0.0
565,2,10,150,4,0.19519002499605084
566,2,10,150,4,0.0
567,2,10,150,4,0.0
568,2,10,150,4,0.0
569,2,10,150,4,0.3903800499921017
570,2,10,150,4,0.0
571,2,10,150,4,0.0
572,2,10,150,4,0.0
573,2,10,150,4,0.0
574,2,10,150,4,0.0
575,2,10,150,4,0.0
576,2,10,150,4,0.0
577,2,10,150,4,0.24630238874073
578,2,10,150,4,0.0
579,2,10,150,4,0.0
580,2,10,150,4,0.24630238874073
581,2,10,150,4,0.0
582,2,10,150,4,0.0
583,2,10,150,4,0.0
584,2,10,150,4,0.0
585,2,10,150,4,0.0
586,2,10,150,4,0.24630238874073
587,2,10,150,4,0.0
588,2,10,150,4,0.0
589,2,10,150,4,0.0
590,2,10,150,4,0.0
591,2,10,150,4,0.0
592,2,10,150,4,0.3903800499921017
593,2,10,150,4,0.0
594,2,10,150,4,0.0
595,2,10,150,4,0.0
596,2,10,150,4,0.0
597,2,10,150,4,0.0
598,2,10,150,4,0.0
599,2,10,150,4,0.0
600,2,10,150,4,0.0
601,2,10,150,4,0.0
602,2,10,150,4,0.0
603,2,10,150,4,0.0
604,2,10,150,4,0.0
605,2,10,150,4,0.19519002499605084
606,2,10,150,4,0.5585075862632192
607,2,10,150,4,0.0
608,2,10,150,4,0.3903800499921017
609,2,10,150,4,0.0
610,2,10,150,4,0.19519002499605084
611,2,10,150,4,0.0
612,2,10,150,4,0.19519002499605084
613,2,10,150,4,0.0
614,2,10,150,4,0.0
615,2,10,150,4,0.0
616,2,10,150,4,0.0
617,2,10,150,4,0.0
618,2,10,150,4,0.6366824387328317
619,2,10,150,4,0.0
620,2,10,150,4,0.0
621,2,10,150,4,0.0
622,2,10,150,4,0.3903800499921017
623,2,10,150,4,0.0
624,2,10,150,4,0.0
625,2,10,150,4,0.0
626,2,10,150,4,0.0
627,2,10,150,4,0.0
628,2,10,150,4,0.0
629,2,10,150,4,0.0
630,2,10,150,4,0.0
631,2,10,150,4,0.0
632,2,10,150,4,0.16812753627111746
633,2,10,150,4,0.0
634,2,10,150,4,0.0
635,2,10,150,4,0.0
636,2,10,150,4,0.0
637,2,10,150,4,0.0
638,2,10,150,4,0.0
639,2,10,150,4,0.0
640,2,10,150,4,0.0
642,2,10,150,4,0.0
643,2,10,150,4,0.0
644,2,10,150,4,0.0
645,2,10,150,4,0.0
647,2,10,150,4,0.0
648,2,10,150,4,0.0
649,2,10,150,4,1.0
650,2,10,150,4,0.0
651,2,10,150,4,0.0
653,2,10,150,4,0.0
654,2,10,150,4,0.0
655,2,10,150,4,0.16812753627111746
658,2,10,150,4,0.0
1,2,10,150,5,1.0
2,2,10,150,5,0.14606834984270645
3,2,10,150,5,0.0
4,2,10,150,5,0.0
5,2,10,150,5,0.0
6,2,10,150,5,0.4703652827859579
7,2,10,150,5,0.0
8,2,10,150,5,0.0
9,2,10,150,5,0.0
10,2,10,150,5,0.0
11,2,10,150,5,0.14606834984270645
12,2,10,150,5,0.0
13,2,10,150,5,0.5087403079104241
14,2,10,150,5,0.14606834984270645
15,2,10,150,5,0.0
16,2,10,150,5,0.6164336326286644
17,2,10,150,5,0.0
18,2,10,150,5,0.3391602052736161
19,2,10,150,5,0.0
20,2,10,150,5,0.0
21,2,10,150,5,0.0
22,2,10,150,5,0.0
23,2,10,150,5,0.27727342735504823
24,2,10,150,5,0.0
25,2,10,150,5,0.0
26,2,10,150,5,0.3391602052736161
27,2,10,150,5,0.0
28,2,10,150,5,0.0
29,2,10,150,5,0.0
30,2,10,150,5,0.0
31,2,10,150,5,0.0
32,2,10,150,5,0.21398626473452756
33,2,10,150,5,0.0
34,2,10,150,5,0.0
35,2,10,150,5,0.0
36,2,10,150,5,0.0
37,2,10,150,5,0.0
38,2,10,150,5,0.0
39,2,10,150,5,0.0
40,2,10,150,5,0.0
41,2,10,150,5,0.0
42,2,10,150,5,0.3391602052736161
43,2,10,150,5,0.0
44,2,10,150,5,0.14606834984270645
45,2,10,150,5,0.0
46,2,10,150,5,0.0
47,2,10,150,5,0.0
48,2,10,150,5,0.0
49,2,10,150,5,0.0
50,2,10,150,5,0.0
51,2,10,150,5,0.0
52,2,10,150,5,0.0
53,2,10,150,5,0.0
54,2,10,150,5,0.0
55,2,10,150,5,0.0
56,2,10,150,5,0.3391602052736161
57,2,10,150,5,0.0
58,2,10,150,5,0.0
59,2,10,150,5,0.639945385422766
60,2,10,150,5,0.5087403079104241
61,2,10,150,5,0.0
62,2,10,150,5,0.6164336326286644
63,2,10,150,5,0.0
64,2,10,150,5,0.21398626473452756
65,2,10,150,5,0.34519134224686937
66,2,10,150,5,0.0
67,2,10,150,5,0.24630238874073
68,2,10,150,5,0.0
69,2,10,150,5,0.0
70,2,10,150,5,0.0
71,2,10,150,5,0.0
72,2,10,150,5,0.5087403079104241
73,2,10,150,5,0.14606834984270645
74,2,10,150,5,0.21398626473452756
75,2,10,150,5,0.3391602052736161
76,2,10,150,5,0.21398626473452756
77,2,10,150,5,0.0
78,2,10,150,5,0.0
79,2,10,150,5,0.0
80,2,10,150,5,0.0
81,2,10,150,5,0.0
82,2,10,150,5,0.0
83,2,10,150,5,0.0
84,2,10,150,5,0.0
85,2,10,150,5,0.639945385422766
86,2,10,150,5,0.0
87,2,10,150,5,0.0
88,2,10,150,5,0.0
89,2,10,150,5,0.16958010263680806
90,2,10,150,5,0.27727342735504823
91,2,10,150,5,0.0
92,2,10,150,5,0.3391602052736161
93,2,10,150,5,0.0
94,2,10,150,5,0.48522855511632257
95,2,10,150,5,0.0
96,2,10,150,5,0.0
97,2,10,150,5,0.3391602052736161
98,2,10,150,5,0.0
99,2,10,150,5,0.16958010263680806
100,2,10,150,5,0.0
101,2,10,150,5,0.0
102,2,10,150,5,0.0
103,2,10,150,5,0.0
104,2,10,150,5,0.0
105,2,10,150,5,0.0
106,2,10,150,5,0.0
107,2,10,150,5,0.0
108,2,10,150,5,0.0
109,2,10,150,5,0.3391602052736161
110,2,10,150,5,0.14606834984270645
111,2,10,150,5,0.0
112,2,10,150,5,0.0
113,2,10,150,5,0.0
114,2,10,150,5,0.0
115,2,10,150,5,0.16958010263680806
116,2,10,150,5,0.0
117,2,10,150,5,0.0
118,2,10,150,5,0.13120507751234178
119,2,10,150,5,0.21398626473452756
120,2,10,150,5,0.48522855511632257
121,2,10,150,5,0.0
122,2,10,150,5,0.14606834984270645
123,2,10,150,5,0.21398626473452756
124,2,10,150,5,0.0
125,2,10,150,5,0.0
126,2,10,150,5,0.0
127,2,10,150,5,0.0
128,2,10,150,5,0.0
129,2,10,150,5,0.0
130,2,10,150,5,0.14606834984270645
131,2,10,150,5,0.0
132,2,10,150,5,0.0
133,2,10,150,5,0.0
134,2,10,150,5,0.0
135,2,10,150,5,0.0
136,2,10,150,5,0.0
137,2,10,150,5,0.0
138,2,10,150,5,0.21398626473452756
139,2,10,150,5,0.0
140,2,10,150,5,0.0
141,2,10,150,5,0.0
142,2,10,150,5,0.0
143,2,10,150,5,0.0
144,2,10,150,5,0.6843515475204855
145,2,10,150,5,0.21398626473452756
146,2,10,150,5,0.0
147,2,10,150,5,0.0
148,2,10,150,5,0.0
149,2,10,150,5,0.0
150,2,10,150,5,0.0
151,2,10,150,5,0.27727342735504823
152,2,10,150,5,0.0
153,2,10,150,5,0.0
154,2,10,150,5,0.0
155,2,10,150,5,0.0
156,2,10,150,5,0.0
157,2,10,150,5,0.0
158,2,10,150,5,0.14606834984270645
159,2,10,150,5,0.0
160,2,10,150,5,0.0
161,2,10,150,5,0.0
162,2,10,150,5,0.0
163,2,10,150,5,0.0
164,2,10,150,5,0.0
165,2,10,150,5,0.0
166,2,10,150,5,0.0
167,2,10,150,5,0.0
168,2,10,150,5,0.0
169,2,10,150,5,0.0
170,2,10,150,5,0.0
171,2,10,150,5,0.0
172,2,10,150,5,0.0
173,2,10,150,5,0.0
174,2,10,150,5,0.3391602052736161
175,2,10,150,5,0.27727342735504823
176,2,10,150,5,0.0
177,2,10,150,5,0.5531464700081437
178,2,10,150,5,0.27727342735504823
179,2,10,150,5,0.0
180,2,10,150,5,0.0
181,2,10,150,5,0.0
182,2,10,150,5,0.0
183,2,10,150,5,0.0
184,2,10,150,5,0.13120507751234178
185,2,10,150,5,0.0
186,2,10,150,5,0.0
187,2,10,150,5,0.0
188,2,10,150,5,0.48522855511632257
189,2,10,150,5,0.0
190,2,10,150,5,0.0
191,2,10,150,5,0.0
192,2,10,150,5,0.0
193,2,10,150,5,0.0
194,2,10,150,5,0.3156484524795145
195,2,10,150,5,0.0
196,2,10,150,5,0.0
197,2,10,150,5,0.0
198,2,10,150,5,0.0
199,2,10,150,5,0.3391602052736161
200,2,10,150,5,0.3391602052736161
201,2,10,150,5,0.21398626473452756
202,2,10,150,5,0.3391602052736161
203,2,10,150,5,0.0
204,2,10,150,5,0.0
205,2,10,150,5,0.0
206,2,10,150,5,0.0
207,2,10,150,5,0.0
208,2,10,150,5,0.0
209,2,10,150,5,0.0
210,2,10,150,5,0.0
211,2,10,150,5,0.0
212,2,10,150,5,0.0
213,2,10,150,5,0.0
214,2,10,150,5,0.0
215,2,10,150,5,0.0
216,2,10,150,5,0.16958010263680806
217,2,10,150,5,0.0
218,2,10,150,5,0.0
219,2,10,150,5,0.0
220,2,10,150,5,0.0
221,2,10,150,5,0.16958010263680806
222,2,10,150,5,0.0
223,2,10,150,5,0.0
224,2,10,150,5,0.0
225,2,10,150,5,0.0
226,2,10,150,5,0.0
227,2,10,150,5,0.0
228,2,10,150,5,0.0
229,2,10,150,5,0.0
230,2,10,150,5,0.3391602052736161
231,2,10,150,5,0.3903800499921017
232,2,10,150,5,0.0
233,2,10,150,5,0.16958010263680806
234,2,10,150,5,0.0
235,2,10,150,5,0.0
236,2,10,150,5,0.0
237,2,10,150,5,0.0
238,2,10,150,5,0.0
239,2,10,150,5,0.0
240,2,10,150,5,0.0
241,2,10,150,5,0.0
242,2,10,150,5,0.0
243,2,10,150,5,0.5531464700081437
244,2,10,150,5,0.0
245,2,10,150,5,0.0
246,2,10,150,5,0.3391602052736161
247,2,10,150,5,0.0
248,2,10,150,5,0.0
249,2,10,150,5,0.48522855511632257
250,2,10,150,5,0.0
251,2,10,150,5,0.13120507751234178
252,2,10,150,5,0.13120507751234178
253,2,10,150,5,0.14606834984270645
254,2,10,150,5,0.6548086577531307
255,2,10,150,5,0.0
256,2,10,150,5,0.5531464700081437
257,2,10,150,5,0.0
258,2,10,150,5,0.0
259,2,10,150,5,0.0
260,2,10,150,5,0.0
261,2,10,150,5,0.0
262,2,10,150,5,0.21398626473452756
263,2,10,150,5,0.0
264,2,10,150,5,0.0
265,2,10,150,5,0.0
266,2,10,150,5,0.0
267,2,10,150,5,0.0
268,2,10,150,5,0.36005461457723403
269,2,10,150,5,0.0
270,2,10,150,5,0.16958010263680806
271,2,10,150,5,0.21398626473452756
272,2,10,150,5,0.16958010263680806
273,2,10,150,5,0.0
274,2,10,150,5,0.0
275,2,10,150,5,0.0
276,2,10,150,5,0.3391602052736161
277,2,10,150,5,0.0
278,2,10,150,5,0.0
279,2,10,150,5,0.48522855511632257
280,2,10,150,5,0.0
281,2,10,150,5,0.0
282,2,10,150,5,0.0
283,2,10,150,5,0.0
284,2,10,150,5,0.0
285,2,10,150,5,0.0
286,2,10,150,5,0.13120507751234178
287,2,10,150,5,0.14606834984270645
288,2,10,150,5,0.0
289,2,10,150,5,0.0
290,2,10,150,5,0.0
291,2,10,150,5,0.7227265726449519
292,2,10,150,5,0.48522855511632257
293,2,10,150,5,0.3391602052736161
294,2,10,150,5,0.0
295,2,10,150,5,0.0
296,2,10,150,5,0.0
297,2,10,150,5,0.0
298,2,10,150,5,0.4703652827859579
299,2,10,150,5,0.0
300,2,10,150,5,0.0
301,2,10,150,5,0.5147714448836774
302,2,10,150,5,0.0
303,2,10,150,5,0.5531464700081437
304,2,10,150,5,0.0
305,2,10,150,5,0.4912596920895758
306,2,10,150,5,0.0
307,2,10,150,5,0.13120507751234178
308,2,10,150,5,0.3391602052736161
309,2,10,150,5,0.0
310,2,10,150,5,0.0
311,2,10,150,5,0.5531464700081437
312,2,10,150,5,0.3391602052736161
313,2,10,150,5,0.4703652827859579
314,2,10,150,5,0.16958010263680806
315,2,10,150,5,0.0
316,2,10,150,5,0.0
317,2,10,150,5,0.0
318,2,10,150,5,0.0
319,2,10,150,5,0.0
320,2,10,150,5,0.0
321,2,10,150,5,0.21398626473452756
322,2,10,150,5,0.21398626473452756
323,2,10,150,5,0.0
324,2,10,150,5,0.0
325,2,10,150,5,0.0
326,2,10,150,5,0.13120507751234178
327,2,10,150,5,0.0
328,2,10,150,5,0.5531464700081437
329,2,10,150,5,0.0
330,2,10,150,5,0.0
331,2,10,150,5,0.0
332,2,10,150,5,0.639945385422766
333,2,10,150,5,0.0
334,2,10,150,5,0.48522855511632257
335,2,10,150,5,0.0
336,2,10,150,5,0.14606834984270645
337,2,10,150,5,0.13120507751234178
338,2,10,150,5,0.0
339,2,10,150,5,0.13120507751234178
340,2,10,150,5,0.0
341,2,10,150,5,0.0
342,2,10,150,5,0.5531464700081437
343,2,10,150,5,0.5531464700081437
344,2,10,150,5,0.3391602052736161
345,2,10,150,5,0.0
346,2,10,150,5,0.639945385422766
347,2,10,150,5,0.4703652827859579
348,2,10,150,5,0.0
349,2,10,150,5,0.14606834984270645
350,2,10,150,5,0.0
351,2,10,150,5,0.0
352,2,10,150,5,0.14606834984270645
353,2,10,150,5,0.0
354,2,10,150,5,0.16958010263680806
355,2,10,150,5,0.0
356,2,10,150,5,0.0
357,2,10,150,5,0.14606834984270645
358,2,10,150,5,0.0
359,2,10,150,5,0.0
360,2,10,150,5,0.5087403079104241
361,2,10,150,5,0.0
362,2,10,150,5,0.0
363,2,10,150,5,0.3391602052736161
364,2,10,150,5,0.0
365,2,10,150,5,0.0
366,2,10,150,5,0.0
367,2,10,150,5,0.0
368,2,10,150,5,0.0
369,2,10,150,5,0.21398626473452756
370,2,10,150,5,0.0
371,2,10,150,5,0.0
372,2,10,150,5,0.0
373,2,10,150,5,0.0
374,2,10,150,5,0.0
375,2,10,150,5,0.0
376,2,10,150,5,0.0
377,2,10,150,5,0.3391602052736161
378,2,10,150,5,0.0
379,2,10,150,5,0.21398626473452756
380,2,10,150,5,0.16958010263680806
381,2,10,150,5,0.0
382,2,10,150,5,0.0
383,2,10,150,5,0.0
384,2,10,150,5,0.0
385,2,10,150,5,0.14606834984270645
386,2,10,150,5,0.0
387,2,10,150,5,0.0
388,2,10,150,5,0.0
389,2,10,150,5,0.3391602052736161
390,2,10,150,5,0.0
391,2,10,150,5,0.21398626473452756
392,2,10,150,5,0.0
393,2,10,150,5,0.0
394,2,10,150,5,0.3391602052736161
395,2,10,150,5,0.0
396,2,10,150,5,0.0
397,2,10,150,5,0.3156484524795145
398,2,10,150,5,0.13120507751234178
399,2,10,150,5,0.0
400,2,10,150,5,0.0
401,2,10,150,5,0.0
402,2,10,150,5,0.16958010263680806
403,2,10,150,5,0.3391602052736161
404,2,10,150,5,0.0
405,2,10,150,5,0.4703652827859579
406,2,10,150,5,0.13120507751234178
407,2,10,150,5,0.14606834984270645
408,2,10,150,5,0.0
409,2,10,150,5,0.21398626473452756
410,2,10,150,5,0.0
411,2,10,150,5,0.3391602052736161
412,2,10,150,5,0.0
413,2,10,150,5,0.3391602052736161
414,2,10,150,5,0.0
415,2,10,150,5,0.16958010263680806
416,2,10,150,5,0.7860137352654724
417,2,10,150,5,0.7227265726449519
418,2,10,150,5,0.0
419,2,10,150,5,0.16958010263680806
420,2,10,150,5,0.0
421,2,10,150,5,0.3391602052736161
422,2,10,150,5,0.0
423,2,10,150,5,0.0
424,2,10,150,5,0.0
425,2,10,150,5,0.0
426,2,10,150,5,0.0
427,2,10,150,5,0.0
428,2,10,150,5,0.0
429,2,10,150,5,0.830419897363192
430,2,10,150,5,0.16958010263680806
431,2,10,150,5,0.0
432,2,10,150,5,0.0
433,2,10,150,5,0.0
434,2,10,150,5,0.0
435,2,10,150,5,0.5531464700081437
436,2,10,150,5,0.0
437,2,10,150,5,0.3391602052736161
438,2,10,150,5,0.0
439,2,10,150,5,0.0
440,2,10,150,5,0.0
441,2,10,150,5,0.14606834984270645
442,2,10,150,5,0.0
443,2,10,150,5,0.0
444,2,10,150,5,0.0
445,2,10,150,5,0.0
446,2,10,150,5,0.0
447,2,10,150,5,0.0
448,2,10,150,5,0.0
449,2,10,150,5,0.0
450,2,10,150,5,0.6992148198508501
451,2,10,150,5,0.0
452,2,10,150,5,0.21398626473452756
453,2,10,150,5,0.3156484524795145
454,2,10,150,5,0.0
455,2,10,150,5,0.14606834984270645
456,2,10,150,5,0.3391602052736161
457,2,10,150,5,0.6548086577531307
458,2,10,150,5,0.6548086577531307
459,2,10,150,5,0.3391602052736161
460,2,10,150,5,0.21398626473452756
461,2,10,150,5,0.0
462,2,10,150,5,0.0
463,2,10,150,5,0.5087403079104241
464,2,10,150,5,0.0
465,2,10,150,5,0.14606834984270645
466,2,10,150,5,0.0
467,2,10,150,5,0.0
468,2,10,150,5,0.21398626473452756
469,2,10,150,5,0.0
470,2,10,150,5,0.0
471,2,10,150,5,0.0
472,2,10,150,5,0.5531464700081437
473,2,10,150,5,0.34519134224686937
474,2,10,150,5,0.5147714448836774
475,2,10,150,5,0.0
476,2,10,150,5,0.0
477,2,10,150,5,0.0
478,2,10,150,5,0.16958010263680806
479,2,10,150,5,0.3391602052736161
480,2,10,150,5,0.0
481,2,10,150,5,0.0
482,2,10,150,5,0.0
483,2,10,150,5,0.0
484,2,10,150,5,0.3391602052736161
485,2,10,150,5,0.0
486,2,10,150,5,0.0
487,2,10,150,5,0.3391602052736161
488,2,10,150,5,0.0
489,2,10,150,5,0.0
490,2,10,150,5,0.21398626473452756
491,2,10,150,5,0.0
492,2,10,150,5,0.27727342735504823
493,2,10,150,5,0.0
494,2,10,150,5,0.0
495,2,10,150,5,0.0
496,2,10,150,5,0.0
497,2,10,150,5,0.36005461457723403
498,2,10,150,5,0.30078518014914984
499,2,10,150,5,0.0
500,2,10,150,5,0.5296347172140421
501,2,10,150,5,0.0
502,2,10,150,5,0.0
503,2,10,150,5,0.0
504,2,10,150,5,0.0
505,2,10,150,5,0.21398626473452756
506,2,10,150,5,0.0
507,2,10,150,5,0.0
508,2,10,150,5,0.3391602052736161
509,2,10,150,5,0.0
510,2,10,150,5,0.0
511,2,10,150,5,0.0
512,2,10,150,5,0.0
513,2,10,150,5,0.0
514,2,10,150,5,0.3391602052736161
515,2,10,150,5,0.0
516,2,10,150,5,0.0
517,2,10,150,5,0.0
518,2,10,150,5,0.21398626473452756
519,2,10,150,5,0.0
520,2,10,150,5,0.0
521,2,10,150,5,0.0
522,2,10,150,5,0.0
523,2,10,150,5,0.4703652827859579
524,2,10,150,5,0.0
525,2,10,150,5,0.0
526,2,10,150,5,0.0
527,2,10,150,5,0.38356636737133565
528,2,10,150,5,0.0
529,2,10,150,5,0.0
530,2,10,150,5,0.0
531,2,10,150,5,0.0
532,2,10,150,5,0.13120507751234178
533,2,10,150,5,0.0
534,2,10,150,5,0.0
535,2,10,150,5,0.3391602052736161
536,2,10,150,5,0.0
537,2,10,150,5,0.36005461457723403
538,2,10,150,5,0.0
539,2,10,150,5,0.0
540,2,10,150,5,0.0
541,2,10,150,5,0.16958010263680806
542,2,10,150,5,0.21398626473452756
543,2,10,150,5,0.16958010263680806
544,2,10,150,5,0.0
545,2,10,150,5,0.16958010263680806
546,2,10,150,5,0.0
547,2,10,150,5,0.0
548,2,10,150,5,0.14606834984270645
549,2,10,150,5,0.0
550,2,10,150,5,0.0
551,2,10,150,5,0.27727342735504823
552,2,10,150,5,0.0
553,2,10,150,5,0.14606834984270645
554,2,10,150,5,0.21398626473452756
555,2,10,150,5,0.0
556,2,10,150,5,0.0
557,2,10,150,5,0.0
558,2,10,150,5,0.21398626473452756
559,2,10,150,5,0.0
560,2,10,150,5,0.0
561,2,10,150,5,0.16958010263680806
562,2,10,150,5,0.0
563,2,10,150,5,0.0
564,2,10,150,5,0.0
565,2,10,150,5,0.16958010263680806
566,2,10,150,5,0.0
567,2,10,150,5,0.0
568,2,10,150,5,0.0
569,2,10,150,5,0.3391602052736161
570,2,10,150,5,0.0
571,2,10,150,5,0.0
572,2,10,150,5,0.0
573,2,10,150,5,0.0
574,2,10,150,5,0.0
575,2,10,150,5,0.0
576,2,10,150,5,0.0
577,2,10,150,5,0.21398626473452756
578,2,10,150,5,0.0
579,2,10,150,5,0.0
580,2,10,150,5,0.21398626473452756
581,2,10,150,5,0.0
582,2,10,150,5,0.0
583,2,10,150,5,0.0
584,2,10,150,5,0.0
585,2,10,150,5,0.0
586,2,10,150,5,0.21398626473452756
587,2,10,150,5,0.0
588,2,10,150,5,0.0
589,2,10,150,5,0.0
590,2,10,150,5,0.0
591,2,10,150,5,0.0
592,2,10,150,5,0.3391602052736161
593,2,10,150,5,0.0
594,2,10,150,5,0.0
595,2,10,150,5,0.0
596,2,10,150,5,0.0
597,2,10,150,5,0.0
598,2,10,150,5,0.0
599,2,10,150,5,0.0
600,2,10,150,5,0.0
601,2,10,150,5,0.0
602,2,10,150,5,0.0
603,2,10,150,5,0.0
604,2,10,150,5,0.0
605,2,10,150,5,0.16958010263680806
606,2,10,150,5,0.48522855511632257
607,2,10,150,5,0.0
608,2,10,150,5,0.3391602052736161
609,2,10,150,5,0.0
610,2,10,150,5,0.16958010263680806
611,2,10,150,5,0.0
612,2,10,150,5,0.16958010263680806
613,2,10,150,5,0.0
614,2,10,150,5,0.0
615,2,10,150,5,0.0
616,2,10,150,5,0.0
617,2,10,150,5,0.0
618,2,10,150,5,0.5531464700081437
619,2,10,150,5,0.0
620,2,10,150,5,0.0
621,2,10,150,5,0.0
622,2,10,150,5,0.3391602052736161
623,2,10,150,5,0.0
624,2,10,150,5,0.0
625,2,10,150,5,0.0
626,2,10,150,5,0.0
627,2,10,150,5,0.0
628,2,10,150,5,0.0
629,2,10,150,5,0.13120507751234178
630,2,10,150,5,0.0
631,2,10,150,5,0.0
632,2,10,150,5,0.14606834984270645
633,2,10,150,5,0.0
634,2,10,150,5,0.0
635,2,10,150,5,0.0
636,2,10,150,5,0.0
637,2,10,150,5,0.0
638,2,10,150,5,0.0
639,2,10,150,5,0.0
640,2,10,150,5,0.0
642,2,10,150,5,0.0
643,2,10,150,5,0.0
644,2,10,150,5,0.0
645,2,10,150,5,0.0
647,2,10,150,5,0.0
648,2,10,150,5,0.0
649,2,10,150,5,1.0
650,2,10,150,5,0.0
651,2,10,150,5,0.0
653,2,10,150,5,0.0
654,2,10,150,5,0.0
655,2,10,150,5,0.14606834984270645
658,2,10,150,5,0.0
1,2,10,150,6,1.0
2,2,10,150,6,0.23811292043488155
3,2,10,150,6,0.0
4,2,10,150,6,0.0
5,2,10,150,6,0.0
6,2,10,150,6,0.41966500663677697
7,2,10,150,6,0.10778915452451093
8,2,10,150,6,0.0
9,2,10,150,6,0.0
10,2,10,150,6,0.0
11,2,10,150,6,0.23811292043488155
12,2,10,150,6,0.0
13,2,10,150,6,0.4539036202482202
14,2,10,150,6,0.13032376591037062
15,2,10,150,6,0.0
16,2,10,150,6,0.5499887725471476
17,2,10,150,6,0.0
18,2,10,150,6,0.30260241349881345
19,2,10,150,6,0.0
20,2,10,150,6,0.0
21,2,10,150,6,0.0
22,2,10,150,6,0.0
23,2,10,150,6,0.3551755135728451
24,2,10,150,6,0.0
25,2,10,150,6,0.0
26,2,10,150,6,0.30260241349881345
27,2,10,150,6,0.0
28,2,10,150,6,0.0
29,2,10,150,6,0.0
30,2,10,150,6,0.0
31,2,10,150,6,0.0
32,2,10,150,6,0.19092086617893467
33,2,10,150,6,0.0
34,2,10,150,6,0.0
35,2,10,150,6,0.0
36,2,10,150,6,0.0
37,2,10,150,6,0.0
38,2,10,150,6,0.0
39,2,10,150,6,0.0
40,2,10,150,6,0.0
41,2,10,150,6,0.0
42,2,10,150,6,0.30260241349881345
43,2,10,150,6,0.0
44,2,10,150,6,0.23811292043488155
45,2,10,150,6,0.0
46,2,10,150,6,0.0
47,2,10,150,6,0.0
48,2,10,150,6,0.0
49,2,10,150,6,0.0
50,2,10,150,6,0.0
51,2,10,150,6,0.0
52,2,10,150,6,0.0
53,2,10,150,6,0.0
54,2,10,150,6,0.0
55,2,10,150,6,0.0
56,2,10,150,6,0.30260241349881345
57,2,10,150,6,0.0
58,2,10,150,6,0.0
59,2,10,150,6,0.5709662133861837
60,2,10,150,6,0.4539036202482202
61,2,10,150,6,0.0
62,2,10,150,6,0.5499887725471476
63,2,10,150,6,0.0
64,2,10,150,6,0.19092086617893467
65,2,10,150,6,0.3079834593168982
66,2,10,150,6,0.0
67,2,10,150,6,0.24630238874073
68,2,10,150,6,0.0
69,2,10,150,6,0.0
70,2,10,150,6,0.0
71,2,10,150,6,0.0
72,2,10,150,6,0.4539036202482202
73,2,10,150,6,0.13032376591037062
74,2,10,150,6,0.19092086617893467
75,2,10,150,6,0.30260241349881345
76,2,10,150,6,0.19092086617893467
77,2,10,150,6,0.10778915452451093
78,2,10,150,6,0.0
79,2,10,150,6,0.0
80,2,10,150,6,0.0
81,2,10,150,6,0.0
82,2,10,150,6,0.0
83,2,10,150,6,0.0
84,2,10,150,6,0.0
85,2,10,150,6,0.6787553679106947
86,2,10,150,6,0.0
87,2,10,150,6,0.0
88,2,10,150,6,0.0
89,2,10,150,6,0.15130120674940672
90,2,10,150,6,0.24738635904833417
91,2,10,150,6,0.0
92,2,10,150,6,0.4103915680233244
93,2,10,150,6,0.0
94,2,10,150,6,0.540715333933695
95,2,10,150,6,0.0
96,2,10,150,6,0.0
97,2,10,150,6,0.30260241349881345
98,2,10,150,6,0.0
99,2,10,150,6,0.15130120674940672
100,2,10,150,6,0.0
101,2,10,150,6,0.0
102,2,10,150,6,0.0
103,2,10,150,6,0.0
104,2,10,150,6,0.0
105,2,10,150,6,0.0
106,2,10,150,6,0.0
107,2,10,150,6,0.0
108,2,10,150,6,0.0
109,2,10,150,6,0.30260241349881345
110,2,10,150,6,0.13032376591037062
111,2,10,150,6,0.0
112,2,10,150,6,0.0
113,2,10,150,6,0.0
114,2,10,150,6,0.0
115,2,10,150,6,0.15130120674940672
116,2,10,150,6,0.0
117,2,10,150,6,0.0
118,2,10,150,6,0.11706259313796354
119,2,10,150,6,0.19092086617893467
120,2,10,150,6,0.4329261794091841
121,2,10,150,6,0.0
122,2,10,150,6,0.13032376591037062
123,2,10,150,6,0.19092086617893467
124,2,10,150,6,0.0
125,2,10,150,6,0.0
126,2,10,150,6,0.0
127,2,10,150,6,0.0
128,2,10,150,6,0.0
129,2,10,150,6,0.0
130,2,10,150,6,0.13032376591037062
131,2,10,150,6,0.0
132,2,10,150,6,0.0
133,2,10,150,6,0.0
134,2,10,150,6,0.0
135,2,10,150,6,0.0
136,2,10,150,6,0.0
137,2,10,150,6,0.0
138,2,10,150,6,0.19092086617893467
139,2,10,150,6,0.0
140,2,10,150,6,0.0
141,2,10,150,6,0.0
142,2,10,150,6,0.0
143,2,10,150,6,0.0
144,2,10,150,6,0.6105858728157117
145,2,10,150,6,0.19092086617893467
146,2,10,150,6,0.0
147,2,10,150,6,0.0
148,2,10,150,6,0.0
149,2,10,150,6,0.0
150,2,10,150,6,0.0
151,2,10,150,6,0.24738635904833417
152,2,10,150,6,0.0
153,2,10,150,6,0.0
154,2,10,150,6,0.0
155,2,10,150,6,0.0
156,2,10,150,6,0.0
157,2,10,150,6,0.0
158,2,10,150,6,0.13032376591037062
159,2,10,150,6,0.0
160,2,10,150,6,0.0
161,2,10,150,6,0.0
162,2,10,150,6,0.0
163,2,10,150,6,0.0
164,2,10,150,6,0.0
165,2,10,150,6,0.0
166,2,10,150,6,0.0
167,2,10,150,6,0.0
168,2,10,150,6,0.0
169,2,10,150,6,0.0
170,2,10,150,6,0.0
171,2,10,150,6,0.0
172,2,10,150,6,0.0
173,2,10,150,6,0.0
174,2,10,150,6,0.30260241349881345
175,2,10,150,6,0.24738635904833417
176,2,10,150,6,0.0
177,2,10,150,6,0.601312434202259
178,2,10,150,6,0.24738635904833417
179,2,10,150,6,0.0
180,2,10,150,6,0.0
181,2,10,150,6,0.0
182,2,10,150,6,0.0
183,2,10,150,6,0.0
184,2,10,150,6,0.11706259313796354
185,2,10,150,6,0.0
186,2,10,150,6,0.0
187,2,10,150,6,0.0
188,2,10,150,6,0.4329261794091841
189,2,10,150,6,0.0
190,2,10,150,6,0.0
191,2,10,150,6,0.0
192,2,10,150,6,0.0
193,2,10,150,6,0.0
194,2,10,150,6,0.3894141271842883
195,2,10,150,6,0.0
196,2,10,150,6,0.0
197,2,10,150,6,0.10778915452451093
198,2,10,150,6,0.0
199,2,10,150,6,0.30260241349881345
200,2,10,150,6,0.30260241349881345
201,2,10,150,6,0.19092086617893467
202,2,10,150,6,0.30260241349881345
203,2,10,150,6,0.0
204,2,10,150,6,0.0
205,2,10,150,6,0.0
206,2,10,150,6,0.0
207,2,10,150,6,0.0
208,2,10,150,6,0.0
209,2,10,150,6,0.0
210,2,10,150,6,0.10778915452451093
211,2,10,150,6,0.0
212,2,10,150,6,0.0
213,2,10,150,6,0.0
214,2,10,150,6,0.0
215,2,10,150,6,0.0
216,2,10,150,6,0.15130120674940672
217,2,10,150,6,0.0
218,2,10,150,6,0.10778915452451093
219,2,10,150,6,0.0
220,2,10,150,6,0.0
221,2,10,150,6,0.25909036127391766
222,2,10,150,6,0.10778915452451093
223,2,10,150,6,0.0
224,2,10,150,6,0.0
225,2,10,150,6,0.0
226,2,10,150,6,0.0
227,2,10,150,6,0.0
228,2,10,150,6,0.0
229,2,10,150,6,0.0
230,2,10,150,6,0.30260241349881345
231,2,10,150,6,0.3903800499921017
232,2,10,150,6,0.0
233,2,10,150,6,0.15130120674940672
234,2,10,150,6,0.0
235,2,10,150,6,0.0
236,2,10,150,6,0.0
237,2,10,150,6,0.0
238,2,10,150,6,0.0
239,2,10,150,6,0.0
240,2,10,150,6,0.0
241,2,10,150,6,0.0
242,2,10,150,6,0.0
243,2,10,150,6,0.4935232796777481
244,2,10,150,6,0.0
245,2,10,150,6,0.0
246,2,10,150,6,0.30260241349881345
247,2,10,150,6,0.0
248,2,10,150,6,0.0
249,2,10,150,6,0.4329261794091841
250,2,10,150,6,0.0
251,2,10,150,6,0.11706259313796354
252,2,10,150,6,0.13120507751234178
253,2,10,150,6,0.23811292043488155
254,2,10,150,6,0.5842273861585908
255,2,10,150,6,0.0
256,2,10,150,6,0.601312434202259
257,2,10,150,6,0.0
258,2,10,150,6,0.0
259,2,10,150,6,0.0
260,2,10,150,6,0.0
261,2,10,150,6,0.0
262,2,10,150,6,0.19092086617893467
263,2,10,150,6,0.0
264,2,10,150,6,0.0
265,2,10,150,6,0.0
266,2,10,150,6,0.0
267,2,10,150,6,0.0
268,2,10,150,6,0.42903378661381625
269,2,10,150,6,0.0
270,2,10,150,6,0.15130120674940672
271,2,10,150,6,0.2987100207034456
272,2,10,150,6,0.15130120674940672
273,2,10,150,6,0.0
274,2,10,150,6,0.0
275,2,10,150,6,0.0
276,2,10,150,6,0.4103915680233244
277,2,10,150,6,0.0
278,2,10,150,6,0.0
279,2,10,150,6,0.540715333933695
280,2,10,150,6,0.0
281,2,10,150,6,0.0
282,2,10,150,6,0.0
283,2,10,150,6,0.0
284,2,10,150,6,0.0
285,2,10,150,6,0.0
286,2,10,150,6,0.11706259313796354
287,2,10,150,6,0.13032376591037062
288,2,10,150,6,0.0
289,2,10,150,6,0.0
290,2,10,150,6,0.0
291,2,10,150,6,0.644824486427155
292,2,10,150,6,0.4329261794091841
293,2,10,150,6,0.30260241349881345
294,2,10,150,6,0.0
295,2,10,150,6,0.0
296,2,10,150,6,0.0
297,2,10,150,6,0.0
298,2,10,150,6,0.5274541611612878
299,2,10,150,6,0.0
300,2,10,150,6,0.0
301,2,10,150,6,0.4592846660663049
302,2,10,150,6,0.0
303,2,10,150,6,0.4935232796777481
304,2,10,150,6,0.0
305,2,10,150,6,0.43830722522726884
306,2,10,150,6,0.0
307,2,10,150,6,0.11706259313796354
308,2,10,150,6,0.30260241349881345
309,2,10,150,6,0.0
310,2,10,150,6,0.0
311,2,10,150,6,0.4935232796777481
312,2,10,150,6,0.30260241349881345
313,2,10,150,6,0.41966500663677697
314,2,10,150,6,0.15130120674940672
315,2,10,150,6,0.0
316,2,10,150,6,0.0
317,2,10,150,6,0.0
318,2,10,150,6,0.0
319,2,10,150,6,0.0
320,2,10,150,6,0.0
321,2,10,150,6,0.2987100207034456
322,2,10,150,6,0.19092086617893467
323,2,10,150,6,0.0
324,2,10,150,6,0.0
325,2,10,150,6,0.0
326,2,10,150,6,0.11706259313796354
327,2,10,150,6,0.0
328,2,10,150,6,0.4935232796777481
329,2,10,150,6,0.0
330,2,10,150,6,0.0
331,2,10,150,6,0.0
332,2,10,150,6,0.6787553679106947
333,2,10,150,6,0.0
334,2,10,150,6,0.4329261794091841
335,2,10,150,6,0.0
336,2,10,150,6,0.23811292043488155
337,2,10,150,6,0.11706259313796354
338,2,10,150,6,0.0
339,2,10,150,6,0.11706259313796354
340,2,10,150,6,0.0
341,2,10,150,6,0.0
342,2,10,150,6,0.4935232796777481
343,2,10,150,6,0.601312434202259
344,2,10,150,6,0.30260241349881345
345,2,10,150,6,0.0
346,2,10,150,6,0.6787553679106947
347,2,10,150,6,0.41966500663677697
348,2,10,150,6,0.0
349,2,10,150,6,0.23811292043488155
350,2,10,150,6,0.0
351,2,10,150,6,0.0
352,2,10,150,6,0.23811292043488155
353,2,10,150,6,0.0
354,2,10,150,6,0.15130120674940672
355,2,10,150,6,0.0
356,2,10,150,6,0.0
357,2,10,150,6,0.13032376591037062
358,2,10,150,6,0.0
359,2,10,150,6,0.0
360,2,10,150,6,0.4539036202482202
361,2,10,150,6,0.0
362,2,10,150,6,0.0
363,2,10,150,6,0.30260241349881345
364,2,10,150,6,0.0
365,2,10,150,6,0.0
366,2,10,150,6,0.0
367,2,10,150,6,0.0
368,2,10,150,6,0.0
369,2,10,150,6,0.19092086617893467
370,2,10,150,6,0.0
371,2,10,150,6,0.0
372,2,10,150,6,0.0
373,2,10,150,6,0.0
374,2,10,150,6,0.10778915452451093
375,2,10,150,6,0.0
376,2,10,150,6,0.0
377,2,10,150,6,0.30260241349881345
378,2,10,150,6,0.0
379,2,10,150,6,0.19092086617893467
380,2,10,150,6,0.15130120674940672
381,2,10,150,6,0.0
382,2,10,150,6,0.0
383,2,10,150,6,0.0
384,2,10,150,6,0.0
385,2,10,150,6,0.13032376591037062
386,2,10,150,6,0.0
387,2,10,150,6,0.0
388,2,10,150,6,0.0
389,2,10,150,6,0.4103915680233244
390,2,10,150,6,0.0
391,2,10,150,6,0.19092086617893467
392,2,10,150,6,0.0
393,2,10,150,6,0.0
394,2,10,150,6,0.30260241349881345
395,2,10,150,6,0.0
396,2,10,150,6,0.0
397,2,10,150,6,0.2816249726597774
398,2,10,150,6,0.11706259313796354
399,2,10,150,6,0.0
400,2,10,150,6,0.0
401,2,10,150,6,0.0
402,2,10,150,6,0.25909036127391766
403,2,10,150,6,0.30260241349881345
404,2,10,150,6,0.0
405,2,10,150,6,0.5274541611612878
406,2,10,150,6,0.11706259313796354
407,2,10,150,6,0.13032376591037062
408,2,10,150,6,0.0
409,2,10,150,6,0.19092086617893467
410,2,10,150,6,0.0
411,2,10,150,6,0.30260241349881345
412,2,10,150,6,0.0
413,2,10,150,6,0.30260241349881345
414,2,10,150,6,0.0
415,2,10,150,6,0.15130120674940672
416,2,10,150,6,0.8090791338210652
417,2,10,150,6,0.644824486427155
418,2,10,150,6,0.0
419,2,10,150,6,0.15130120674940672
420,2,10,150,6,0.0
421,2,10,150,6,0.30260241349881345
422,2,10,150,6,0.0
423,2,10,150,6,0.0
424,2,10,150,6,0.0
425,2,10,150,6,0.0
426,2,10,150,6,0.0
427,2,10,150,6,0.0
428,2,10,150,6,0.0
429,2,10,150,6,0.8486987932505933
430,2,10,150,6,0.15130120674940672
431,2,10,150,6,0.0
432,2,10,150,6,0.0
433,2,10,150,6,0.10778915452451093
434,2,10,150,6,0.0
435,2,10,150,6,0.601312434202259
436,2,10,150,6,0.0
437,2,10,150,6,0.30260241349881345
438,2,10,150,6,0.0
439,2,10,150,6,0.0
440,2,10,150,6,0.0
441,2,10,150,6,0.23811292043488155
442,2,10,150,6,0.0
443,2,10,150,6,0.0
444,2,10,150,6,0.0
445,2,10,150,6,0.0
446,2,10,150,6,0.0
447,2,10,150,6,0.0
448,2,10,150,6,0.0
449,2,10,150,6,0.0
450,2,10,150,6,0.6238470455881188
451,2,10,150,6,0.0
452,2,10,150,6,0.19092086617893467
453,2,10,150,6,0.2816249726597774
454,2,10,150,6,0.0
455,2,10,150,6,0.13032376591037062
456,2,10,150,6,0.4103915680233244
457,2,10,150,6,0.5842273861585908
458,2,10,150,6,0.5842273861585908
459,2,10,150,6,0.30260241349881345
460,2,10,150,6,0.19092086617893467
461,2,10,150,6,0.0
462,2,10,150,6,0.0
463,2,10,150,6,0.4539036202482202
464,2,10,150,6,0.0
465,2,10,150,6,0.13032376591037062
466,2,10,150,6,0.0
467,2,10,150,6,0.0
468,2,10,150,6,0.2987100207034456
469,2,10,150,6,0.0
470,2,10,150,6,0.0
471,2,10,150,6,0.0
472,2,10,150,6,0.4935232796777481
473,2,10,150,6,0.3079834593168982
474,2,10,150,6,0.4592846660663049
475,2,10,150,6,0.0
476,2,10,150,6,0.0
477,2,10,150,6,0.0
478,2,10,150,6,0.15130120674940672
479,2,10,150,6,0.30260241349881345
480,2,10,150,6,0.0
481,2,10,150,6,0.0
482,2,10,150,6,0.0
483,2,10,150,6,0.0
484,2,10,150,6,0.30260241349881345
485,2,10,150,6,0.0
486,2,10,150,6,0.0
487,2,10,150,6,0.30260241349881345
488,2,10,150,6,0.0
489,2,10,150,6,0.0
490,2,10,150,6,0.19092086617893467
491,2,10,150,6,0.0
492,2,10,150,6,0.24738635904833417
493,2,10,150,6,0.0
494,2,10,150,6,0.0
495,2,10,150,6,0.0
496,2,10,150,6,0.0
497,2,10,150,6,0.42903378661381625
498,2,10,150,6,0.26836379988737025
499,2,10,150,6,0.0
500,2,10,150,6,0.47254583883871204
501,2,10,150,6,0.0
502,2,10,150,6,0.0
503,2,10,150,6,0.10778915452451093
504,2,10,150,6,0.0
505,2,10,150,6,0.19092086617893467
506,2,10,150,6,0.0
507,2,10,150,6,0.0
508,2,10,150,6,0.30260241349881345
509,2,10,150,6,0.0
510,2,10,150,6,0.0
511,2,10,150,6,0.0
512,2,10,150,6,0.0
513,2,10,150,6,0.0
514,2,10,150,6,0.30260241349881345
515,2,10,150,6,0.0
516,2,10,150,6,0.0
517,2,10,150,6,0.0
518,2,10,150,6,0.19092086617893467
519,2,10,150,6,0.0
520,2,10,150,6,0.0
521,2,10,150,6,0.0
522,2,10,150,6,0.0
523,2,10,150,6,0.5274541611612878
524,2,10,150,6,0.0
525,2,10,150,6,0.0
526,2,10,150,6,0.0
527,2,10,150,6,0.3422220729283414
528,2,10,150,6,0.0
529,2,10,150,6,0.0
530,2,10,150,6,0.0
531,2,10,150,6,0.0
532,2,10,150,6,0.11706259313796354
533,2,10,150,6,0.0
534,2,10,150,6,0.0
535,2,10,150,6,0.30260241349881345
536,2,10,150,6,0.10778915452451093
537,2,10,150,6,0.3212446320893053
538,2,10,150,6,0.0
539,2,10,150,6,0.0
540,2,10,150,6,0.0
541,2,10,150,6,0.15130120674940672
542,2,10,150,6,0.19092086617893467
543,2,10,150,6,0.15130120674940672
544,2,10,150,6,0.0
545,2,10,150,6,0.15130120674940672
546,2,10,150,6,0.0
547,2,10,150,6,0.0
548,2,10,150,6,0.13032376591037062
549,2,10,150,6,0.0
550,2,10,150,6,0.0
551,2,10,150,6,0.24738635904833417
552,2,10,150,6,0.0
553,2,10,150,6,0.13032376591037062
554,2,10,150,6,0.19092086617893467
555,2,10,150,6,0.0
556,2,10,150,6,0.0
557,2,10,150,6,0.0
558,2,10,150,6,0.19092086617893467
559,2,10,150,6,0.0
560,2,10,150,6,0.0
561,2,10,150,6,0.15130120674940672
562,2,10,150,6,0.0
563,2,10,150,6,0.0
564,2,10,150,6,0.0
565,2,10,150,6,0.15130120674940672
566,2,10,150,6,0.0
567,2,10,150,6,0.0
568,2,10,150,6,0.0
569,2,10,150,6,0.30260241349881345
570,2,10,150,6,0.0
571,2,10,150,6,0.0
572,2,10,150,6,0.0
573,2,10,150,6,0.0
574,2,10,150,6,0.0
575,2,10,150,6,0.0
576,2,10,150,6,0.0
577,2,10,150,6,0.19092086617893467
578,2,10,150,6,0.0
579,2,10,150,6,0.0
580,2,10,150,6,0.19092086617893467
581,2,10,150,6,0.0
582,2,10,150,6,0.0
583,2,10,150,6,0.0
584,2,10,150,6,0.0
585,2,10,150,6,0.0
586,2,10,150,6,0.19092086617893467
587,2,10,150,6,0.0
588,2,10,150,6,0.0
589,2,10,150,6,0.0
590,2,10,150,6,0.0
591,2,10,150,6,0.0
592,2,10,150,6,0.30260241349881345
593,2,10,150,6,0.0
594,2,10,150,6,0.0
595,2,10,150,6,0.0
596,2,10,150,6,0.0
597,2,10,150,6,0.0
598,2,10,150,6,0.0
599,2,10,150,6,0.0
600,2,10,150,6,0.0
601,2,10,150,6,0.0
602,2,10,150,6,0.0
603,2,10,150,6,0.0
604,2,10,150,6,0.0
605,2,10,150,6,0.15130120674940672
606,2,10,150,6,0.4329261794091841
607,2,10,150,6,0.0
608,2,10,150,6,0.30260241349881345
609,2,10,150,6,0.0
610,2,10,150,6,0.15130120674940672
611,2,10,150,6,0.0
612,2,10,150,6,0.15130120674940672
613,2,10,150,6,0.0
614,2,10,150,6,0.0
615,2,10,150,6,0.0
616,2,10,150,6,0.0
617,2,10,150,6,0.0
618,2,10,150,6,0.4935232796777481
619,2,10,150,6,0.0
620,2,10,150,6,0.0
621,2,10,150,6,0.0
622,2,10,150,6,0.30260241349881345
623,2,10,150,6,0.0
624,2,10,150,6,0.0
625,2,10,150,6,0.0
626,2,10,150,6,0.0
627,2,10,150,6,0.0
628,2,10,150,6,0.0
629,2,10,150,6,0.11706259313796354
630,2,10,150,6,0.0
631,2,10,150,6,0.0
632,2,10,150,6,0.13032376591037062
633,2,10,150,6,0.0
634,2,10,150,6,0.0
635,2,10,150,6,0.0
636,2,10,150,6,0.0
637,2,10,150,6,0.0
638,2,10,150,6,0.0
639,2,10,150,6,0.0
640,2,10,150,6,0.0
642,2,10,150,6,0.0
643,2,10,150,6,0.0
644,2,10,150,6,0.0
645,2,10,150,6,0.0
647,2,10,150,6,0.0
648,2,10,150,6,0.0
649,2,10,150,6,1.0
650,2,10,150,6,0.0
651,2,10,150,6,0.0
653,2,10,150,6,0.0
654,2,10,150,6,0.0
655,2,10,150,6,0.13032376591037062
658,2,10,150,6,0.0
1,2,10,150,7,1.0
2,2,10,150,7,0.2162957183053307
3,2,10,150,7,0.0
4,2,10,150,7,0.0
5,2,10,150,7,0.0
6,2,10,150,7,0.4728384582492843
7,2,10,150,7,0.0979129253499678
8,2,10,150,7,0.0
9,2,10,150,7,0.0
10,2,10,150,7,0.0
11,2,10,150,7,0.2162957183053307
12,2,10,150,7,0.0
13,2,10,150,7,0.41231449937143627
14,2,10,150,7,0.11838279295536291
15,2,10,150,7,0.0
16,2,10,150,7,0.49959580689988364
17,2,10,150,7,0.0
18,2,10,150,7,0.27487633291429087
19,2,10,150,7,0.0
20,2,10,150,7,0.0
21,2,10,150,7,0.0
22,2,10,150,7,0.0
23,2,10,150,7,0.41425784364032414
24,2,10,150,7,0.0
25,2,10,150,7,0.0
26,2,10,150,7,0.27487633291429087
27,2,10,150,7,0.0
28,2,10,150,7,0.0
29,2,10,150,7,0.0
30,2,10,150,7,0.0
31,2,10,150,7,0.0
32,2,10,150,7,0.17342765698823945
33,2,10,150,7,0.0
34,2,10,150,7,0.0
35,2,10,150,7,0.0
36,2,10,150,7,0.0
37,2,10,150,7,0.0
38,2,10,150,7,0.0
39,2,10,150,7,0.0
40,2,10,150,7,0.0
41,2,10,150,7,0.0
42,2,10,150,7,0.27487633291429087
43,2,10,150,7,0.0
44,2,10,150,7,0.3079211626100943
45,2,10,150,7,0.0
46,2,10,150,7,0.0
47,2,10,150,7,0.0
48,2,10,150,7,0.0
49,2,10,150,7,0.0
50,2,10,150,7,0.0
51,2,10,150,7,0.0
52,2,10,150,7,0.0
53,2,10,150,7,0.0
54,2,10,150,7,0.0
55,2,10,150,7,0.0
56,2,10,150,7,0.27487633291429087
57,2,10,150,7,0.0
58,2,10,150,7,0.0
59,2,10,150,7,0.5186511804016661
60,2,10,150,7,0.41231449937143627
61,2,10,150,7,0.0
62,2,10,150,7,0.49959580689988364
63,2,10,150,7,0.0
64,2,10,150,7,0.17342765698823945
65,2,10,150,7,0.2797643380184693
66,2,10,150,7,0.0
67,2,10,150,7,0.24630238874073
68,2,10,150,7,0.0
69,2,10,150,7,0.0
70,2,10,150,7,0.0
71,2,10,150,7,0.0
72,2,10,150,7,0.41231449937143627
73,2,10,150,7,0.11838279295536291
74,2,10,150,7,0.17342765698823945
75,2,10,150,7,0.27487633291429087
76,2,10,150,7,0.17342765698823945
77,2,10,150,7,0.0979129253499678
78,2,10,150,7,0.0
79,2,10,150,7,0.0
80,2,10,150,7,0.0
81,2,10,150,7,0.0
82,2,10,150,7,0.0
83,2,10,150,7,0.0
84,2,10,150,7,0.0
85,2,10,150,7,0.616564105751634
86,2,10,150,7,0.0
87,2,10,150,7,0.0
88,2,10,150,7,0.0
89,2,10,150,7,0.13743816645714543
90,2,10,150,7,0.22471947398559278
91,2,10,150,7,0.0
92,2,10,150,7,0.3727892582642586
93,2,10,150,7,0.0
94,2,10,150,7,0.49117205121962154
95,2,10,150,7,0.0
96,2,10,150,7,0.0
97,2,10,150,7,0.27487633291429087
98,2,10,150,7,0.0
99,2,10,150,7,0.13743816645714543
100,2,10,150,7,0.0
101,2,10,150,7,0.0
102,2,10,150,7,0.0
103,2,10,150,7,0.0
104,2,10,150,7,0.0
105,2,10,150,7,0.0
106,2,10,150,7,0.0
107,2,10,150,7,0.0
108,2,10,150,7,0.0
109,2,10,150,7,0.27487633291429087
110,2,10,150,7,0.11838279295536291
111,2,10,150,7,0.0
112,2,10,150,7,0.0
113,2,10,150,7,0.0
114,2,10,150,7,0.0
115,2,10,150,7,0.13743816645714543
116,2,10,150,7,0.0
117,2,10,150,7,0.0
118,2,10,150,7,0.10633668103022985
119,2,10,150,7,0.17342765698823945
120,2,10,150,7,0.3932591258696538
121,2,10,150,7,0.0
122,2,10,150,7,0.11838279295536291
123,2,10,150,7,0.17342765698823945
124,2,10,150,7,0.0
125,2,10,150,7,0.0
126,2,10,150,7,0.0
127,2,10,150,7,0.0
128,2,10,150,7,0.0
129,2,10,150,7,0.0
130,2,10,150,7,0.11838279295536291
131,2,10,150,7,0.0
132,2,10,150,7,0.0
133,2,10,150,7,0.0
134,2,10,150,7,0.0
135,2,10,150,7,0.0
136,2,10,150,7,0.0
137,2,10,150,7,0.0
138,2,10,150,7,0.17342765698823945
139,2,10,150,7,0.0
140,2,10,150,7,0.0
141,2,10,150,7,0.0
142,2,10,150,7,0.0
143,2,10,150,7,0.0
144,2,10,150,7,0.6462661152375239
145,2,10,150,7,0.17342765698823945
146,2,10,150,7,0.0
147,2,10,150,7,0.0
148,2,10,150,7,0.0
149,2,10,150,7,0.0
150,2,10,150,7,0.0
151,2,10,150,7,0.22471947398559278
152,2,10,150,7,0.0
153,2,10,150,7,0.0
154,2,10,150,7,0.0
155,2,10,150,7,0.0
156,2,10,150,7,0.0
157,2,10,150,7,0.0
158,2,10,150,7,0.11838279295536291
159,2,10,150,7,0.0
160,2,10,150,7,0.0
161,2,10,150,7,0.0
162,2,10,150,7,0.0
163,2,10,150,7,0.0
164,2,10,150,7,0.0
165,2,10,150,7,0.0
166,2,10,150,7,0.0
167,2,10,150,7,0.0
168,2,10,150,7,0.0
169,2,10,150,7,0.0
170,2,10,150,7,0.0
171,2,10,150,7,0.0
172,2,10,150,7,0.0
173,2,10,150,7,0.0
174,2,10,150,7,0.27487633291429087
175,2,10,150,7,0.22471947398559278
176,2,10,150,7,0.0
177,2,10,150,7,0.6378423595572618
178,2,10,150,7,0.22471947398559278
179,2,10,150,7,0.0
180,2,10,150,7,0.09162544430476362
181,2,10,150,7,0.0
182,2,10,150,7,0.0
183,2,10,150,7,0.0
184,2,10,150,7,0.10633668103022985
185,2,10,150,7,0.0
186,2,10,150,7,0.0
187,2,10,150,7,0.0
188,2,10,150,7,0.3932591258696538
189,2,10,150,7,0.0
190,2,10,150,7,0.0
191,2,10,150,7,0.0
192,2,10,150,7,0.0
193,2,10,150,7,0.0
194,2,10,150,7,0.35373388476247614
195,2,10,150,7,0.0
196,2,10,150,7,0.0
197,2,10,150,7,0.0979129253499678
198,2,10,150,7,0.09162544430476362
199,2,10,150,7,0.27487633291429087
200,2,10,150,7,0.27487633291429087
201,2,10,150,7,0.17342765698823945
202,2,10,150,7,0.27487633291429087
203,2,10,150,7,0.0
204,2,10,150,7,0.0
205,2,10,150,7,0.0
206,2,10,150,7,0.0
207,2,10,150,7,0.0
208,2,10,150,7,0.0
209,2,10,150,7,0.0
210,2,10,150,7,0.0979129253499678
211,2,10,150,7,0.0
212,2,10,150,7,0.0
213,2,10,150,7,0.0
214,2,10,150,7,0.0
215,2,10,150,7,0.0
216,2,10,150,7,0.13743816645714543
217,2,10,150,7,0.0
218,2,10,150,7,0.0979129253499678
219,2,10,150,7,0.0
220,2,10,150,7,0.0
221,2,10,150,7,0.23535109180711322
222,2,10,150,7,0.0979129253499678
223,2,10,150,7,0.0
224,2,10,150,7,0.0
225,2,10,150,7,0.0
226,2,10,150,7,0.0
227,2,10,150,7,0.0
228,2,10,150,7,0.0
229,2,10,150,7,0.0
230,2,10,150,7,0.27487633291429087
231,2,10,150,7,0.3903800499921017
232,2,10,150,7,0.0
233,2,10,150,7,0.22906361076190904
234,2,10,150,7,0.0
235,2,10,150,7,0.0
236,2,10,150,7,0.0
237,2,10,150,7,0.0
238,2,10,150,7,0.0
239,2,10,150,7,0.0
240,2,10,150,7,0.0
241,2,10,150,7,0.0
242,2,10,150,7,0.0
243,2,10,150,7,0.4483039899025303
244,2,10,150,7,0.0
245,2,10,150,7,0.0
246,2,10,150,7,0.27487633291429087
247,2,10,150,7,0.0
248,2,10,150,7,0.0
249,2,10,150,7,0.3932591258696538
250,2,10,150,7,0.0
251,2,10,150,7,0.10633668103022985
252,2,10,150,7,0.13120507751234178
253,2,10,150,7,0.2162957183053307
254,2,10,150,7,0.5306972923267992
255,2,10,150,7,0.0
256,2,10,150,7,0.546216915252498
257,2,10,150,7,0.0
258,2,10,150,7,0.0
259,2,10,150,7,0.0
260,2,10,150,7,0.0
261,2,10,150,7,0.0
262,2,10,150,7,0.17342765698823945
263,2,10,150,7,0.0
264,2,10,150,7,0.0
265,2,10,150,7,0.0
266,2,10,150,7,0.0
267,2,10,150,7,0.0
268,2,10,150,7,0.48134881959833375
269,2,10,150,7,0.09162544430476362
270,2,10,150,7,0.13743816645714543
271,2,10,150,7,0.36296602664297084
272,2,10,150,7,0.22906361076190904
273,2,10,150,7,0.0
274,2,10,150,7,0.0
275,2,10,150,7,0.0
276,2,10,150,7,0.3727892582642586
277,2,10,150,7,0.0
278,2,10,150,7,0.0
279,2,10,150,7,0.49117205121962154
280,2,10,150,7,0.0
281,2,10,150,7,0.0
282,2,10,150,7,0.0
283,2,10,150,7,0.0
284,2,10,150,7,0.0
285,2,10,150,7,0.0
286,2,10,150,7,0.10633668103022985
287,2,10,150,7,0.11838279295536291
288,2,10,150,7,0.0
289,2,10,150,7,0.0
290,2,10,150,7,0.0
291,2,10,150,7,0.6773676006644395
292,2,10,150,7,0.3932591258696538
293,2,10,150,7,0.27487633291429087
294,2,10,150,7,0.0
295,2,10,150,7,0.0
296,2,10,150,7,0.0
297,2,10,150,7,0.0
298,2,10,150,7,0.4791259392944885
299,2,10,150,7,0.0
300,2,10,150,7,0.0
301,2,10,150,7,0.41720250447561474
302,2,10,150,7,0.0
303,2,10,150,7,0.4483039899025303
304,2,10,150,7,0.0
305,2,10,150,7,0.3981471309738322
306,2,10,150,7,0.0
307,2,10,150,7,0.10633668103022985
308,2,10,150,7,0.27487633291429087
309,2,10,150,7,0.0
310,2,10,150,7,0.0
311,2,10,150,7,0.4483039899025303
312,2,10,150,7,0.27487633291429087
313,2,10,150,7,0.38121301394452073
314,2,10,150,7,0.22906361076190904
315,2,10,150,7,0.09162544430476362
316,2,10,150,7,0.0
317,2,10,150,7,0.0
318,2,10,150,7,0.0
319,2,10,150,7,0.0
320,2,10,150,7,0.0
321,2,10,150,7,0.27134058233820724
322,2,10,150,7,0.265053101293003
323,2,10,150,7,0.0
324,2,10,150,7,0.0
325,2,10,150,7,0.0
326,2,10,150,7,0.10633668103022985
327,2,10,150,7,0.0
328,2,10,150,7,0.4483039899025303
329,2,10,150,7,0.0
330,2,10,150,7,0.0
331,2,10,150,7,0.0
332,2,10,150,7,0.616564105751634
333,2,10,150,7,0.0
334,2,10,150,7,0.4848845701744174
335,2,10,150,7,0.0
336,2,10,150,7,0.2162957183053307
337,2,10,150,7,0.10633668103022985
338,2,10,150,7,0.0
339,2,10,150,7,0.19796212533499344
340,2,10,150,7,0.0
341,2,10,150,7,0.0
342,2,10,150,7,0.4483039899025303
343,2,10,150,7,0.546216915252498
344,2,10,150,7,0.27487633291429087
345,2,10,150,7,0.0
346,2,10,150,7,0.616564105751634
347,2,10,150,7,0.38121301394452073
348,2,10,150,7,0.0
349,2,10,150,7,0.2162957183053307
350,2,10,150,7,0.0
351,2,10,150,7,0.0
352,2,10,150,7,0.2162957183053307
353,2,10,150,7,0.0
354,2,10,150,7,0.13743816645714543
355,2,10,150,7,0.0
356,2,10,150,7,0.0
357,2,10,150,7,0.11838279295536291
358,2,10,150,7,0.0
359,2,10,150,7,0.0
360,2,10,150,7,0.41231449937143627
361,2,10,150,7,0.09162544430476362
362,2,10,150,7,0.0
363,2,10,150,7,0.27487633291429087
364,2,10,150,7,0.0
365,2,10,150,7,0.0
366,2,10,150,7,0.0
367,2,10,150,7,0.0
368,2,10,150,7,0.0
369,2,10,150,7,0.17342765698823945
370,2,10,150,7,0.0
371,2,10,150,7,0.0
372,2,10,150,7,0.0
373,2,10,150,7,0.0
374,2,10,150,7,0.0979129253499678
375,2,10,150,7,0.0
376,2,10,150,7,0.0
377,2,10,150,7,0.27487633291429087
378,2,10,150,7,0.0
379,2,10,150,7,0.17342765698823945
380,2,10,150,7,0.22906361076190904
381,2,10,150,7,0.09162544430476362
382,2,10,150,7,0.0
383,2,10,150,7,0.0
384,2,10,150,7,0.0
385,2,10,150,7,0.11838279295536291
386,2,10,150,7,0.0
387,2,10,150,7,0.09162544430476362
388,2,10,150,7,0.0
389,2,10,150,7,0.3727892582642586
390,2,10,150,7,0.0
391,2,10,150,7,0.17342765698823945
392,2,10,150,7,0.0
393,2,10,150,7,0.0
394,2,10,150,7,0.27487633291429087
395,2,10,150,7,0.0
396,2,10,150,7,0.0
397,2,10,150,7,0.2558209594125084
398,2,10,150,7,0.10633668103022985
399,2,10,150,7,0.09162544430476362
400,2,10,150,7,0.0
401,2,10,150,7,0.0
402,2,10,150,7,0.23535109180711322
403,2,10,150,7,0.27487633291429087
404,2,10,150,7,0.0
405,2,10,150,7,0.4791259392944885
406,2,10,150,7,0.10633668103022985
407,2,10,150,7,0.21000823726012652
408,2,10,150,7,0.0
409,2,10,150,7,0.17342765698823945
410,2,10,150,7,0.0
411,2,10,150,7,0.27487633291429087
412,2,10,150,7,0.0
413,2,10,150,7,0.27487633291429087
414,2,10,150,7,0.0
415,2,10,150,7,0.13743816645714543
416,2,10,150,7,0.8265723430117605
417,2,10,150,7,0.5857421563596757
418,2,10,150,7,0.0
419,2,10,150,7,0.13743816645714543
420,2,10,150,7,0.0
421,2,10,150,7,0.27487633291429087
422,2,10,150,7,0.0
423,2,10,150,7,0.0
424,2,10,150,7,0.0
425,2,10,150,7,0.0
426,2,10,150,7,0.0
427,2,10,150,7,0.0
428,2,10,150,7,0.0
429,2,10,150,7,0.8625618335428545
430,2,10,150,7,0.13743816645714543
431,2,10,150,7,0.0
432,2,10,150,7,0.0
433,2,10,150,7,0.0979129253499678
434,2,10,150,7,0.0
435,2,10,150,7,0.546216915252498
436,2,10,150,7,0.0
437,2,10,150,7,0.27487633291429087
438,2,10,150,7,0.0
439,2,10,150,7,0.0
440,2,10,150,7,0.0
441,2,10,150,7,0.2162957183053307
442,2,10,150,7,0.0
443,2,10,150,7,0.0
444,2,10,150,7,0.0
445,2,10,150,7,0.0
446,2,10,150,7,0.0
447,2,10,150,7,0.0
448,2,10,150,7,0.0
449,2,10,150,7,0.0
450,2,10,150,7,0.5666867828578932
451,2,10,150,7,0.0
452,2,10,150,7,0.17342765698823945
453,2,10,150,7,0.2558209594125084
454,2,10,150,7,0.0
455,2,10,150,7,0.21000823726012652
456,2,10,150,7,0.3727892582642586
457,2,10,150,7,0.5306972923267992
458,2,10,150,7,0.5306972923267992
459,2,10,150,7,0.27487633291429087
460,2,10,150,7,0.17342765698823945
461,2,10,150,7,0.0
462,2,10,150,7,0.0
463,2,10,150,7,0.41231449937143627
464,2,10,150,7,0.0
465,2,10,150,7,0.11838279295536291
466,2,10,150,7,0.0
467,2,10,150,7,0.0
468,2,10,150,7,0.27134058233820724
469,2,10,150,7,0.0
470,2,10,150,7,0.0
471,2,10,150,7,0.0
472,2,10,150,7,0.5399294342072939
473,2,10,150,7,0.2797643380184693
474,2,10,150,7,0.41720250447561474
475,2,10,150,7,0.0
476,2,10,150,7,0.0
477,2,10,150,7,0.0
478,2,10,150,7,0.13743816645714543
479,2,10,150,7,0.27487633291429087
480,2,10,150,7,0.0
481,2,10,150,7,0.0
482,2,10,150,7,0.0
483,2,10,150,7,0.0
484,2,10,150,7,0.27487633291429087
485,2,10,150,7,0.0
486,2,10,150,7,0.0
487,2,10,150,7,0.27487633291429087
488,2,10,150,7,0.0
489,2,10,150,7,0.0
490,2,10,150,7,0.17342765698823945
491,2,10,150,7,0.0
492,2,10,150,7,0.22471947398559278
493,2,10,150,7,0.0
494,2,10,150,7,0.0
495,2,10,150,7,0.0
496,2,10,150,7,0.0
497,2,10,150,7,0.38972337529357015
498,2,10,150,7,0.24377484748737527
499,2,10,150,7,0.0
500,2,10,150,7,0.4292486164007478
501,2,10,150,7,0.0
502,2,10,150,7,0.0
503,2,10,150,7,0.0979129253499678
504,2,10,150,7,0.09162544430476362
505,2,10,150,7,0.17342765698823945
506,2,10,150,7,0.09162544430476362
507,2,10,150,7,0.0
508,2,10,150,7,0.27487633291429087
509,2,10,150,7,0.0
510,2,10,150,7,0.0
511,2,10,150,7,0.0
512,2,10,150,7,0.0
513,2,10,150,7,0.0
514,2,10,150,7,0.27487633291429087
515,2,10,150,7,0.0
516,2,10,150,7,0.09162544430476362
517,2,10,150,7,0.0
518,2,10,150,7,0.17342765698823945
519,2,10,150,7,0.0
520,2,10,150,7,0.0
521,2,10,150,7,0.0
522,2,10,150,7,0.0
523,2,10,150,7,0.4791259392944885
524,2,10,150,7,0.0
525,2,10,150,7,0.0
526,2,10,150,7,0.0
527,2,10,150,7,0.3108658234453849
528,2,10,150,7,0.0
529,2,10,150,7,0.0
530,2,10,150,7,0.0
531,2,10,150,7,0.0
532,2,10,150,7,0.10633668103022985
533,2,10,150,7,0.0
534,2,10,150,7,0.0
535,2,10,150,7,0.27487633291429087
536,2,10,150,7,0.0979129253499678
537,2,10,150,7,0.2918104499436024
538,2,10,150,7,0.0
539,2,10,150,7,0.0
540,2,10,150,7,0.0
541,2,10,150,7,0.13743816645714543
542,2,10,150,7,0.265053101293003
543,2,10,150,7,0.13743816645714543
544,2,10,150,7,0.0
545,2,10,150,7,0.13743816645714543
546,2,10,150,7,0.0
547,2,10,150,7,0.0
548,2,10,150,7,0.11838279295536291
549,2,10,150,7,0.0
550,2,10,150,7,0.0
551,2,10,150,7,0.3163449182903564
552,2,10,150,7,0.0
553,2,10,150,7,0.11838279295536291
554,2,10,150,7,0.17342765698823945
555,2,10,150,7,0.0
556,2,10,150,7,0.0
557,2,10,150,7,0.0
558,2,10,150,7,0.265053101293003
559,2,10,150,7,0.0
560,2,10,150,7,0.0
561,2,10,150,7,0.13743816645714543
562,2,10,150,7,0.0
563,2,10,150,7,0.0
564,2,10,150,7,0.0
565,2,10,150,7,0.13743816645714543
566,2,10,150,7,0.0
567,2,10,150,7,0.0
568,2,10,150,7,0.0
569,2,10,150,7,0.27487633291429087
570,2,10,150,7,0.0
571,2,10,150,7,0.0
572,2,10,150,7,0.0
573,2,10,150,7,0.0
574,2,10,150,7,0.0
575,2,10,150,7,0.0
576,2,10,150,7,0.0
577,2,10,150,7,0.17342765698823945
578,2,10,150,7,0.0
579,2,10,150,7,0.09162544430476362
580,2,10,150,7,0.17342765698823945
581,2,10,150,7,0.0
582,2,10,150,7,0.0
583,2,10,150,7,0.0
584,2,10,150,7,0.0
585,2,10,150,7,0.0
586,2,10,150,7,0.17342765698823945
587,2,10,150,7,0.0
588,2,10,150,7,0.0
589,2,10,150,7,0.0
590,2,10,150,7,0.0
591,2,10,150,7,0.0
592,2,10,150,7,0.36650177721905447
593,2,10,150,7,0.0
594,2,10,150,7,0.0
595,2,10,150,7,0.0
596,2,10,150,7,0.0
597,2,10,150,7,0.0
598,2,10,150,7,0.0
599,2,10,150,7,0.0
600,2,10,150,7,0.0
601,2,10,150,7,0.0
602,2,10,150,7,0.0
603,2,10,150,7,0.0
604,2,10,150,7,0.0
605,2,10,150,7,0.13743816645714543
606,2,10,150,7,0.3932591258696538
607,2,10,150,7,0.0
608,2,10,150,7,0.27487633291429087
609,2,10,150,7,0.0
610,2,10,150,7,0.13743816645714543
611,2,10,150,7,0.0
612,2,10,150,7,0.15130120674940672
613,2,10,150,7,0.0
614,2,10,150,7,0.0
615,2,10,150,7,0.0
616,2,10,150,7,0.0
617,2,10,150,7,0.0
618,2,10,150,7,0.4483039899025303
619,2,10,150,7,0.0
620,2,10,150,7,0.0
621,2,10,150,7,0.0
622,2,10,150,7,0.27487633291429087
623,2,10,150,7,0.0
624,2,10,150,7,0.0
625,2,10,150,7,0.0
626,2,10,150,7,0.0
627,2,10,150,7,0.0
628,2,10,150,7,0.0
629,2,10,150,7,0.11706259313796354
630,2,10,150,7,0.0
631,2,10,150,7,0.0
632,2,10,150,7,0.11838279295536291
633,2,10,150,7,0.0
634,2,10,150,7,0.0
635,2,10,150,7,0.0
636,2,10,150,7,0.0
637,2,10,150,7,0.0
638,2,10,150,7,0.0
639,2,10,150,7,0.0
640,2,10,150,7,0.0
642,2,10,150,7,0.0
643,2,10,150,7,0.0
644,2,10,150,7,0.0
645,2,10,150,7,0.0
647,2,10,150,7,0.0
648,2,10,150,7,0.0
649,2,10,150,7,1.0
650,2,10,150,7,0.0
651,2,10,150,7,0.0
653,2,10,150,7,0.0
654,2,10,150,7,0.0
655,2,10,150,7,0.11838279295536291
658,2,10,150,7,0.0
1,2,10,150,8,1.0
2,2,10,150,8,0.19903650127012357
3,2,10,150,8,0.0
4,2,10,150,8,0.0
5,2,10,150,8,0.07979453856244817
6,2,10,150,8,0.4351085316587032
7,2,10,150,8,0.09010000865236768
8,2,10,150,8,0.0
9,2,10,150,8,0.0
10,2,10,150,8,0.0
11,2,10,150,8,0.19903650127012357
12,2,10,150,8,0.0
13,2,10,150,8,0.37941405415148566
14,2,10,150,8,0.10893649261775588
15,2,10,150,8,0.0
16,2,10,150,8,0.45973079002057343
17,2,10,150,8,0.0
18,2,10,150,8,0.3327372413301053
19,2,10,150,8,0.0
20,2,10,150,8,0.0
21,2,10,150,8,0.0
22,2,10,150,8,0.0
23,2,10,150,8,0.38120233016116967
24,2,10,150,8,0.0
25,2,10,150,8,0.0
26,2,10,150,8,0.2529427027676571
27,2,10,150,8,0.0
28,2,10,150,8,0.0
29,2,10,150,8,0.0
30,2,10,150,8,0.0
31,2,10,150,8,0.0
32,2,10,150,8,0.15958907712489634
33,2,10,150,8,0.0
34,2,10,150,8,0.0
35,2,10,150,8,0.0
36,2,10,150,8,0.0
37,2,10,150,8,0.0
38,2,10,150,8,0.0
39,2,10,150,8,0.0
40,2,10,150,8,0.0
41,2,10,150,8,0.0
42,2,10,150,8,0.2529427027676571
43,2,10,150,8,0.07979453856244817
44,2,10,150,8,0.28335073552600926
45,2,10,150,8,0.0
46,2,10,150,8,0.0
47,2,10,150,8,0.0
48,2,10,150,8,0.0
49,2,10,150,8,0.0
50,2,10,150,8,0.0
51,2,10,150,8,0.0
52,2,10,150,8,0.0
53,2,10,150,8,0.0
54,2,10,150,8,0.07979453856244817
55,2,10,150,8,0.0
56,2,10,150,8,0.2529427027676571
57,2,10,150,8,0.0
58,2,10,150,8,0.0
59,2,10,150,8,0.5570601873490943
60,2,10,150,8,0.37941405415148566
61,2,10,150,8,0.0
62,2,10,150,8,0.45973079002057343
63,2,10,150,8,0.0
64,2,10,150,8,0.15958907712489634
65,2,10,150,8,0.25744067176005675
66,2,10,150,8,0.0
67,2,10,150,8,0.24630238874073
68,2,10,150,8,0.0
69,2,10,150,8,0.0
70,2,10,150,8,0.0
71,2,10,150,8,0.0
72,2,10,150,8,0.37941405415148566
73,2,10,150,8,0.10893649261775588
74,2,10,150,8,0.17342765698823945
75,2,10,150,8,0.2529427027676571
76,2,10,150,8,0.15958907712489634
77,2,10,150,8,0.09010000865236768
78,2,10,150,8,0.0
79,2,10,150,8,0.0
80,2,10,150,8,0.0
81,2,10,150,8,0.0
82,2,10,150,8,0.0
83,2,10,150,8,0.07979453856244817
84,2,10,150,8,0.0
85,2,10,150,8,0.5673656574390138
86,2,10,150,8,0.0
87,2,10,150,8,0.07979453856244817
88,2,10,150,8,0.0
89,2,10,150,8,0.20626588994627673
90,2,10,150,8,0.2067880872529163
91,2,10,150,8,0.0
92,2,10,150,8,0.3430427114200248
93,2,10,150,8,0.0
94,2,10,150,8,0.4519792040377807
95,2,10,150,8,0.0
96,2,10,150,8,0.0
97,2,10,150,8,0.2529427027676571
98,2,10,150,8,0.0
99,2,10,150,8,0.12647135138382856
100,2,10,150,8,0.0
101,2,10,150,8,0.0
102,2,10,150,8,0.0
103,2,10,150,8,0.0
104,2,10,150,8,0.0
105,2,10,150,8,0.0
106,2,10,150,8,0.0
107,2,10,150,8,0.0
108,2,10,150,8,0.0
109,2,10,150,8,0.2529427027676571
110,2,10,150,8,0.10893649261775588
111,2,10,150,8,0.0
112,2,10,150,8,0.0
113,2,10,150,8,0.0
114,2,10,150,8,0.0
115,2,10,150,8,0.12647135138382856
116,2,10,150,8,0.0
117,2,10,150,8,0.0
118,2,10,150,8,0.09785159463516042
119,2,10,150,8,0.15958907712489634
120,2,10,150,8,0.361879195385413
121,2,10,150,8,0.0
122,2,10,150,8,0.10893649261775588
123,2,10,150,8,0.15958907712489634
124,2,10,150,8,0.0
125,2,10,150,8,0.07979453856244817
126,2,10,150,8,0.0
127,2,10,150,8,0.0
128,2,10,150,8,0.0
129,2,10,150,8,0.0
130,2,10,150,8,0.10893649261775588
131,2,10,150,8,0.0
132,2,10,150,8,0.0
133,2,10,150,8,0.0
134,2,10,150,8,0.0
135,2,10,150,8,0.0
136,2,10,150,8,0.0
137,2,10,150,8,0.0
138,2,10,150,8,0.15958907712489634
139,2,10,150,8,0.0
140,2,10,150,8,0.0
141,2,10,150,8,0.0
142,2,10,150,8,0.0
143,2,10,150,8,0.0
144,2,10,150,8,0.5946976087835997
145,2,10,150,8,0.2393836156873445
146,2,10,150,8,0.0
147,2,10,150,8,0.0
148,2,10,150,8,0.0
149,2,10,150,8,0.0
150,2,10,150,8,0.0
151,2,10,150,8,0.2067880872529163
152,2,10,150,8,0.0
153,2,10,150,8,0.0
154,2,10,150,8,0.0
155,2,10,150,8,0.0
156,2,10,150,8,0.0
157,2,10,150,8,0.0
158,2,10,150,8,0.10893649261775588
159,2,10,150,8,0.0
160,2,10,150,8,0.0
161,2,10,150,8,0.0
162,2,10,150,8,0.0
163,2,10,150,8,0.0
164,2,10,150,8,0.0
165,2,10,150,8,0.0
166,2,10,150,8,0.0
167,2,10,150,8,0.0
168,2,10,150,8,0.0
169,2,10,150,8,0.0
170,2,10,150,8,0.0
171,2,10,150,8,0.0
172,2,10,150,8,0.0
173,2,10,150,8,0.0
174,2,10,150,8,0.3327372413301053
175,2,10,150,8,0.2067880872529163
176,2,10,150,8,0.0
177,2,10,150,8,0.5869460228008069
178,2,10,150,8,0.2865826258153645
179,2,10,150,8,0.0
180,2,10,150,8,0.0843142342558857
181,2,10,150,8,0.0
182,2,10,150,8,0.0
183,2,10,150,8,0.0
184,2,10,150,8,0.09785159463516042
185,2,10,150,8,0.0
186,2,10,150,8,0.0
187,2,10,150,8,0.0
188,2,10,150,8,0.361879195385413
189,2,10,150,8,0.0
190,2,10,150,8,0.0
191,2,10,150,8,0.0
192,2,10,150,8,0.0
193,2,10,150,8,0.0
194,2,10,150,8,0.3255078526539521
195,2,10,150,8,0.0
196,2,10,150,8,0.0
197,2,10,150,8,0.09010000865236768
198,2,10,150,8,0.0843142342558857
199,2,10,150,8,0.2529427027676571
200,2,10,150,8,0.2529427027676571
201,2,10,150,8,0.2393836156873445
202,2,10,150,8,0.27487633291429087
203,2,10,150,8,0.0
204,2,10,150,8,0.0
205,2,10,150,8,0.0
206,2,10,150,8,0.0
207,2,10,150,8,0.0
208,2,10,150,8,0.0
209,2,10,150,8,0.0
210,2,10,150,8,0.09010000865236768
211,2,10,150,8,0.0
212,2,10,150,8,0.0
213,2,10,150,8,0.0
214,2,10,150,8,0.0
215,2,10,150,8,0.0
216,2,10,150,8,0.12647135138382856
217,2,10,150,8,0.07979453856244817
218,2,10,150,8,0.09010000865236768
219,2,10,150,8,0.0
220,2,10,150,8,0.0
221,2,10,150,8,0.21657136003619623
222,2,10,150,8,0.09010000865236768
223,2,10,150,8,0.0
224,2,10,150,8,0.0
225,2,10,150,8,0.0
226,2,10,150,8,0.0
227,2,10,150,8,0.0
228,2,10,150,8,0.0
229,2,10,150,8,0.0
230,2,10,150,8,0.3327372413301053
231,2,10,150,8,0.3903800499921017
232,2,10,150,8,0.0
233,2,10,150,8,0.21078558563971425
234,2,10,150,8,0.0
235,2,10,150,8,0.0
236,2,10,150,8,0.0
237,2,10,150,8,0.0
238,2,10,150,8,0.0
239,2,10,150,8,0.0
240,2,10,150,8,0.0
241,2,10,150,8,0.0
242,2,10,150,8,0.0
243,2,10,150,8,0.41253177989255346
244,2,10,150,8,0.07979453856244817
245,2,10,150,8,0.0
246,2,10,150,8,0.2529427027676571
247,2,10,150,8,0.0
248,2,10,150,8,0.0
249,2,10,150,8,0.361879195385413
250,2,10,150,8,0.0
251,2,10,150,8,0.09785159463516042
252,2,10,150,8,0.13120507751234178
253,2,10,150,8,0.19903650127012357
254,2,10,150,8,0.48835054676924156
255,2,10,150,8,0.0
256,2,10,150,8,0.5026317885449211
257,2,10,150,8,0.0
258,2,10,150,8,0.0
259,2,10,150,8,0.0
260,2,10,150,8,0.0
261,2,10,150,8,0.0
262,2,10,150,8,0.15958907712489634
263,2,10,150,8,0.0
264,2,10,150,8,0.07979453856244817
265,2,10,150,8,0.0
266,2,10,150,8,0.0
267,2,10,150,8,0.0
268,2,10,150,8,0.4429398126509056
269,2,10,150,8,0.0843142342558857
270,2,10,150,8,0.12647135138382856
271,2,10,150,8,0.3340033200331497
272,2,10,150,8,0.21078558563971425
273,2,10,150,8,0.0
274,2,10,150,8,0.0
275,2,10,150,8,0.0
276,2,10,150,8,0.4228372499824729
277,2,10,150,8,0.0
278,2,10,150,8,0.0
279,2,10,150,8,0.5317737426002289
280,2,10,150,8,0.0
281,2,10,150,8,0.0
282,2,10,150,8,0.0
283,2,10,150,8,0.0
284,2,10,150,8,0.0
285,2,10,150,8,0.0
286,2,10,150,8,0.09785159463516042
287,2,10,150,8,0.10893649261775588
288,2,10,150,8,0.0
289,2,10,150,8,0.0
290,2,10,150,8,0.0
291,2,10,150,8,0.6233173655322678
292,2,10,150,8,0.361879195385413
293,2,10,150,8,0.2529427027676571
294,2,10,150,8,0.0
295,2,10,150,8,0.0
296,2,10,150,8,0.0
297,2,10,150,8,0.0
298,2,10,150,8,0.4408943060551852
299,2,10,150,8,0.0
300,2,10,150,8,0.0
301,2,10,150,8,0.38391202314388534
302,2,10,150,8,0.0
303,2,10,150,8,0.4923263184550016
304,2,10,150,8,0.0
305,2,10,150,8,0.36637716437781265
306,2,10,150,8,0.0
307,2,10,150,8,0.09785159463516042
308,2,10,150,8,0.3327372413301053
309,2,10,150,8,0.0
310,2,10,150,8,0.0
311,2,10,150,8,0.41253177989255346
312,2,10,150,8,0.2529427027676571
313,2,10,150,8,0.35079429740281753
314,2,10,150,8,0.21078558563971425
315,2,10,150,8,0.0843142342558857
316,2,10,150,8,0.0
317,2,10,150,8,0.0
318,2,10,150,8,0.0
319,2,10,150,8,0.0
320,2,10,150,8,0.0
321,2,10,150,8,0.249689085777264
322,2,10,150,8,0.24390331138078203
323,2,10,150,8,0.0
324,2,10,150,8,0.07979453856244817
325,2,10,150,8,0.0
326,2,10,150,8,0.17764613319760858
327,2,10,150,8,0.0
328,2,10,150,8,0.41253177989255346
329,2,10,150,8,0.0
330,2,10,150,8,0.0
331,2,10,150,8,0.0
332,2,10,150,8,0.5673656574390138
333,2,10,150,8,0.0
334,2,10,150,8,0.4461934296412987
335,2,10,150,8,0.0
336,2,10,150,8,0.19903650127012357
337,2,10,150,8,0.09785159463516042
338,2,10,150,8,0.0
339,2,10,150,8,0.26196036745349427
340,2,10,150,8,0.07979453856244817
341,2,10,150,8,0.0
342,2,10,150,8,0.41253177989255346
343,2,10,150,8,0.5026317885449211
344,2,10,150,8,0.3327372413301053
345,2,10,150,8,0.0
346,2,10,150,8,0.5673656574390138
347,2,10,150,8,0.35079429740281753
348,2,10,150,8,0.0
349,2,10,150,8,0.19903650127012357
350,2,10,150,8,0.0
351,2,10,150,8,0.0
352,2,10,150,8,0.19903650127012357
353,2,10,150,8,0.0
354,2,10,150,8,0.12647135138382856
355,2,10,150,8,0.0
356,2,10,150,8,0.0
357,2,10,150,8,0.10893649261775588
358,2,10,150,8,0.0
359,2,10,150,8,0.0
360,2,10,150,8,0.37941405415148566
361,2,10,150,8,0.0843142342558857
362,2,10,150,8,0.0
363,2,10,150,8,0.2529427027676571
364,2,10,150,8,0.0
365,2,10,150,8,0.0
366,2,10,150,8,0.0
367,2,10,150,8,0.0
368,2,10,150,8,0.0
369,2,10,150,8,0.15958907712489634
370,2,10,150,8,0.0
371,2,10,150,8,0.0
372,2,10,150,8,0.0
373,2,10,150,8,0.07979453856244817
374,2,10,150,8,0.09010000865236768
375,2,10,150,8,0.0
376,2,10,150,8,0.0
377,2,10,150,8,0.2529427027676571
378,2,10,150,8,0.07979453856244817
379,2,10,150,8,0.15958907712489634
380,2,10,150,8,0.21078558563971425
381,2,10,150,8,0.0843142342558857
382,2,10,150,8,0.0
383,2,10,150,8,0.0
384,2,10,150,8,0.0
385,2,10,150,8,0.18873103118020404
386,2,10,150,8,0.0
387,2,10,150,8,0.0843142342558857
388,2,10,150,8,0.0
389,2,10,150,8,0.3430427114200248
390,2,10,150,8,0.0
391,2,10,150,8,0.15958907712489634
392,2,10,150,8,0.0
393,2,10,150,8,0.0
394,2,10,150,8,0.2529427027676571
395,2,10,150,8,0.0
396,2,10,150,8,0.0
397,2,10,150,8,0.23540784400158446
398,2,10,150,8,0.09785159463516042
399,2,10,150,8,0.0843142342558857
400,2,10,150,8,0.0
401,2,10,150,8,0.0
402,2,10,150,8,0.21657136003619623
403,2,10,150,8,0.2529427027676571
404,2,10,150,8,0.0
405,2,10,150,8,0.5206888446176333
406,2,10,150,8,0.17764613319760858
407,2,10,150,8,0.1932507268736416
408,2,10,150,8,0.0
409,2,10,150,8,0.15958907712489634
410,2,10,150,8,0.0
411,2,10,150,8,0.2529427027676571
412,2,10,150,8,0.0
413,2,10,150,8,0.2529427027676571
414,2,10,150,8,0.0
415,2,10,150,8,0.12647135138382856
416,2,10,150,8,0.7606163843126554
417,2,10,150,8,0.6187976698388302
418,2,10,150,8,0.0
419,2,10,150,8,0.12647135138382856
420,2,10,150,8,0.0
421,2,10,150,8,0.2529427027676571
422,2,10,150,8,0.0
423,2,10,150,8,0.0
424,2,10,150,8,0.0
425,2,10,150,8,0.07979453856244817
426,2,10,150,8,0.0
427,2,10,150,8,0.0
428,2,10,150,8,0.0
429,2,10,150,8,0.7937341100537233
430,2,10,150,8,0.12647135138382856
431,2,10,150,8,0.0
432,2,10,150,8,0.07979453856244817
433,2,10,150,8,0.09010000865236768
434,2,10,150,8,0.0
435,2,10,150,8,0.5824263271073693
436,2,10,150,8,0.07979453856244817
437,2,10,150,8,0.3327372413301053
438,2,10,150,8,0.0
439,2,10,150,8,0.0
440,2,10,150,8,0.0
441,2,10,150,8,0.19903650127012357
442,2,10,150,8,0.0
443,2,10,150,8,0.0
444,2,10,150,8,0.0
445,2,10,150,8,0.0
446,2,10,150,8,0.0
447,2,10,150,8,0.0
448,2,10,150,8,0.0
449,2,10,150,8,0.0
450,2,10,150,8,0.5214682725103094
451,2,10,150,8,0.0
452,2,10,150,8,0.15958907712489634
453,2,10,150,8,0.23540784400158446
454,2,10,150,8,0.0
455,2,10,150,8,0.1932507268736416
456,2,10,150,8,0.3430427114200248
457,2,10,150,8,0.5681450853316897
458,2,10,150,8,0.48835054676924156
459,2,10,150,8,0.2529427027676571
460,2,10,150,8,0.15958907712489634
461,2,10,150,8,0.0
462,2,10,150,8,0.0
463,2,10,150,8,0.37941405415148566
464,2,10,150,8,0.0
465,2,10,150,8,0.10893649261775588
466,2,10,150,8,0.0
467,2,10,150,8,0.0
468,2,10,150,8,0.3294836243397122
469,2,10,150,8,0.0
470,2,10,150,8,0.0
471,2,10,150,8,0.0
472,2,10,150,8,0.49684601414843915
473,2,10,150,8,0.25744067176005675
474,2,10,150,8,0.38391202314388534
475,2,10,150,8,0.0
476,2,10,150,8,0.0
477,2,10,150,8,0.0
478,2,10,150,8,0.12647135138382856
479,2,10,150,8,0.2529427027676571
480,2,10,150,8,0.07979453856244817
481,2,10,150,8,0.0
482,2,10,150,8,0.0
483,2,10,150,8,0.0
484,2,10,150,8,0.2529427027676571
485,2,10,150,8,0.0
486,2,10,150,8,0.0
487,2,10,150,8,0.3327372413301053
488,2,10,150,8,0.0
489,2,10,150,8,0.0
490,2,10,150,8,0.15958907712489634
491,2,10,150,8,0.0
492,2,10,150,8,0.2067880872529163
493,2,10,150,8,0.0
494,2,10,150,8,0.0
495,2,10,150,8,0.0
496,2,10,150,8,0.07979453856244817
497,2,10,150,8,0.3586255783950199
498,2,10,150,8,0.22432294601898897
499,2,10,150,8,0.0
500,2,10,150,8,0.474791459688929
501,2,10,150,8,0.0
502,2,10,150,8,0.0
503,2,10,150,8,0.09010000865236768
504,2,10,150,8,0.1641087728183339
505,2,10,150,8,0.15958907712489634
506,2,10,150,8,0.0843142342558857
507,2,10,150,8,0.0
508,2,10,150,8,0.2529427027676571
509,2,10,150,8,0.0
510,2,10,150,8,0.0
511,2,10,150,8,0.0
512,2,10,150,8,0.0
513,2,10,150,8,0.0
514,2,10,150,8,0.2529427027676571
515,2,10,150,8,0.0
516,2,10,150,8,0.0843142342558857
517,2,10,150,8,0.0
518,2,10,150,8,0.15958907712489634
519,2,10,150,8,0.0
520,2,10,150,8,0.0
521,2,10,150,8,0.0
522,2,10,150,8,0.0
523,2,10,150,8,0.4408943060551852
524,2,10,150,8,0.0
525,2,10,150,8,0.0
526,2,10,150,8,0.0
527,2,10,150,8,0.36585496707117304
528,2,10,150,8,0.07979453856244817
529,2,10,150,8,0.0
530,2,10,150,8,0.0
531,2,10,150,8,0.0
532,2,10,150,8,0.09785159463516042
533,2,10,150,8,0.0
534,2,10,150,8,0.0
535,2,10,150,8,0.2529427027676571
536,2,10,150,8,0.16989454721481587
537,2,10,150,8,0.26852556974265224
538,2,10,150,8,0.0
539,2,10,150,8,0.0
540,2,10,150,8,0.0
541,2,10,150,8,0.12647135138382856
542,2,10,150,8,0.24390331138078203
543,2,10,150,8,0.12647135138382856
544,2,10,150,8,0.0
545,2,10,150,8,0.12647135138382856
546,2,10,150,8,0.0
547,2,10,150,8,0.0
548,2,10,150,8,0.10893649261775588
549,2,10,150,8,0.0
550,2,10,150,8,0.0
551,2,10,150,8,0.291102321508802
552,2,10,150,8,0.0
553,2,10,150,8,0.10893649261775588
554,2,10,150,8,0.15958907712489634
555,2,10,150,8,0.0
556,2,10,150,8,0.0
557,2,10,150,8,0.0
558,2,10,150,8,0.265053101293003
559,2,10,150,8,0.0
560,2,10,150,8,0.0
561,2,10,150,8,0.20626588994627673
562,2,10,150,8,0.0
563,2,10,150,8,0.0
564,2,10,150,8,0.0
565,2,10,150,8,0.12647135138382856
566,2,10,150,8,0.0
567,2,10,150,8,0.0
568,2,10,150,8,0.0
569,2,10,150,8,0.2529427027676571
570,2,10,150,8,0.0
571,2,10,150,8,0.0
572,2,10,150,8,0.0
573,2,10,150,8,0.0
574,2,10,150,8,0.0
575,2,10,150,8,0.0
576,2,10,150,8,0.0
577,2,10,150,8,0.15958907712489634
578,2,10,150,8,0.0
579,2,10,150,8,0.0843142342558857
580,2,10,150,8,0.15958907712489634
581,2,10,150,8,0.0
582,2,10,150,8,0.0
583,2,10,150,8,0.0
584,2,10,150,8,0.0
585,2,10,150,8,0.0
586,2,10,150,8,0.15958907712489634
587,2,10,150,8,0.0
588,2,10,150,8,0.0
589,2,10,150,8,0.0
590,2,10,150,8,0.0
591,2,10,150,8,0.0
592,2,10,150,8,0.3372569370235428
593,2,10,150,8,0.0
594,2,10,150,8,0.0
595,2,10,150,8,0.0
596,2,10,150,8,0.0
597,2,10,150,8,0.0
598,2,10,150,8,0.0
599,2,10,150,8,0.0
600,2,10,150,8,0.0
601,2,10,150,8,0.07979453856244817
602,2,10,150,8,0.0
603,2,10,150,8,0.0
604,2,10,150,8,0.0
605,2,10,150,8,0.12647135138382856
606,2,10,150,8,0.361879195385413
607,2,10,150,8,0.0
608,2,10,150,8,0.2529427027676571
609,2,10,150,8,0.0
610,2,10,150,8,0.12647135138382856
611,2,10,150,8,0.0
612,2,10,150,8,0.15130120674940672
613,2,10,150,8,0.0
614,2,10,150,8,0.0
615,2,10,150,8,0.0
616,2,10,150,8,0.0
617,2,10,150,8,0.0
618,2,10,150,8,0.41253177989255346
619,2,10,150,8,0.0
620,2,10,150,8,0.0
621,2,10,150,8,0.0
622,2,10,150,8,0.2529427027676571
623,2,10,150,8,0.0
624,2,10,150,8,0.0
625,2,10,150,8,0.0
626,2,10,150,8,0.0
627,2,10,150,8,0.0
628,2,10,150,8,0.0
629,2,10,150,8,0.11706259313796354
630,2,10,150,8,0.0
631,2,10,150,8,0.0
632,2,10,150,8,0.10893649261775588
633,2,10,150,8,0.0
634,2,10,150,8,0.0
635,2,10,150,8,0.0
636,2,10,150,8,0.0
637,2,10,150,8,0.0
638,2,10,150,8,0.0
639,2,10,150,8,0.0
640,2,10,150,8,0.0
642,2,10,150,8,0.0
643,2,10,150,8,0.0
644,2,10,150,8,0.0
645,2,10,150,8,0.0
647,2,10,150,8,0.0
648,2,10,150,8,0.0
649,2,10,150,8,1.0
650,2,10,150,8,0.0
651,2,10,150,8,0.0
653,2,10,150,8,0.0
654,2,10,150,8,0.0
655,2,10,150,8,0.10893649261775588
658,2,10,150,8,0.0
1,2,10,150,9,1.0
2,2,10,150,9,0.18495352221149364
3,2,10,150,9,0.0
4,2,10,150,9,0.0
5,2,10,150,9,0.07414861528507455
6,2,10,150,9,0.4043220965049593
7,2,10,150,9,0.08372491399919346
8,2,10,150,9,0.0
9,2,10,150,9,0.0
10,2,10,150,9,0.0
11,2,10,150,9,0.18495352221149364
12,2,10,150,9,0.0
13,2,10,150,9,0.42332408484280865
14,2,10,150,9,0.10122860821230018
15,2,10,150,9,0.0
16,2,10,150,9,0.4272021882457644
17,2,10,150,9,0.0
18,2,10,150,9,0.37994992542064054
19,2,10,150,9,0.0
20,2,10,150,9,0.0
21,2,10,150,9,0.0
22,2,10,150,9,0.0
23,2,10,150,9,0.4249858300230482
24,2,10,150,9,0.0
25,2,10,150,9,0.0
26,2,10,150,9,0.23504554941448536
27,2,10,150,9,0.0
28,2,10,150,9,0.0
29,2,10,150,9,0.0
30,2,10,150,9,0.0
31,2,10,150,9,0.0
32,2,10,150,9,0.1482972305701491
33,2,10,150,9,0.0
34,2,10,150,9,0.0
35,2,10,150,9,0.0
36,2,10,150,9,0.0
37,2,10,150,9,0.0
38,2,10,150,9,0.0
39,2,10,150,9,0.0
40,2,10,150,9,0.0
41,2,10,150,9,0.0
42,2,10,150,9,0.23504554941448536
43,2,10,150,9,0.07414861528507455
44,2,10,150,9,0.26330203868298874
45,2,10,150,9,0.0
46,2,10,150,9,0.0
47,2,10,150,9,0.0
48,2,10,150,9,0.0
49,2,10,150,9,0.0
50,2,10,150,9,0.0
51,2,10,150,9,0.0
52,2,10,150,9,0.0
53,2,10,150,9,0.0
54,2,10,150,9,0.07414861528507455
55,2,10,150,9,0.0
56,2,10,150,9,0.23504554941448536
57,2,10,150,9,0.0
58,2,10,150,9,0.0
59,2,10,150,9,0.588400730746862
60,2,10,150,9,0.35256832412172806
61,2,10,150,9,0.0
62,2,10,150,9,0.4272021882457644
63,2,10,150,9,0.0
64,2,10,150,9,0.1482972305701491
65,2,10,150,9,0.30998102191020854
66,2,10,150,9,0.0
67,2,10,150,9,0.24630238874073
68,2,10,150,9,0.0
69,2,10,150,9,0.0
70,2,10,150,9,0.0
71,2,10,150,9,0.0
72,2,10,150,9,0.35256832412172806
73,2,10,150,9,0.10122860821230018
74,2,10,150,9,0.17342765698823945
75,2,10,150,9,0.23504554941448536
76,2,10,150,9,0.1482972305701491
77,2,10,150,9,0.08372491399919346
78,2,10,150,9,0.0
79,2,10,150,9,0.0
80,2,10,150,9,0.0
81,2,10,150,9,0.0
82,2,10,150,9,0.0
83,2,10,150,9,0.07414861528507455
84,2,10,150,9,0.0
85,2,10,150,9,0.5272212687399004
86,2,10,150,9,0.0
87,2,10,150,9,0.07414861528507455
88,2,10,150,9,0.0
89,2,10,150,9,0.19167138999231723
90,2,10,150,9,0.19215663883127904
91,2,10,150,9,0.0
92,2,10,150,9,0.3187704634136788
93,2,10,150,9,0.0
94,2,10,150,9,0.419999071625979
95,2,10,150,9,0.0
96,2,10,150,9,0.0
97,2,10,150,9,0.23504554941448536
98,2,10,150,9,0.0
99,2,10,150,9,0.11752277470724268
100,2,10,150,9,0.0
101,2,10,150,9,0.0
102,2,10,150,9,0.0
103,2,10,150,9,0.0
104,2,10,150,9,0.0
105,2,10,150,9,0.0
106,2,10,150,9,0.0
107,2,10,150,9,0.0
108,2,10,150,9,0.0
109,2,10,150,9,0.23504554941448536
110,2,10,150,9,0.10122860821230018
111,2,10,150,9,0.0
112,2,10,150,9,0.0
113,2,10,150,9,0.0
114,2,10,150,9,0.0
115,2,10,150,9,0.1882785354283233
116,2,10,150,9,0.0
117,2,10,150,9,0.0
118,2,10,150,9,0.09092803061897883
119,2,10,150,9,0.1482972305701491
120,2,10,150,9,0.361879195385413
121,2,10,150,9,0.0
122,2,10,150,9,0.10122860821230018
123,2,10,150,9,0.1482972305701491
124,2,10,150,9,0.0
125,2,10,150,9,0.07414861528507455
126,2,10,150,9,0.0
127,2,10,150,9,0.0
128,2,10,150,9,0.0
129,2,10,150,9,0.0
130,2,10,150,9,0.10122860821230018
131,2,10,150,9,0.0
132,2,10,150,9,0.0
133,2,10,150,9,0.0
134,2,10,150,9,0.0
135,2,10,150,9,0.0
136,2,10,150,9,0.0
137,2,10,150,9,0.0
138,2,10,150,9,0.1482972305701491
139,2,10,150,9,0.0
140,2,10,150,9,0.0
141,2,10,150,9,0.0
142,2,10,150,9,0.0
143,2,10,150,9,0.0
144,2,10,150,9,0.5526193270751085
145,2,10,150,9,0.22244584585522365
146,2,10,150,9,0.0
147,2,10,150,9,0.0
148,2,10,150,9,0.0
149,2,10,150,9,0.0
150,2,10,150,9,0.0
151,2,10,150,9,0.19215663883127904
152,2,10,150,9,0.0
153,2,10,150,9,0.0
154,2,10,150,9,0.0
155,2,10,150,9,0.0
156,2,10,150,9,0.0
157,2,10,150,9,0.0
158,2,10,150,9,0.1719843689333808
159,2,10,150,9,0.0
160,2,10,150,9,0.0
161,2,10,150,9,0.0
162,2,10,150,9,0.0
163,2,10,150,9,0.0
164,2,10,150,9,0.0
165,2,10,150,9,0.0
166,2,10,150,9,0.0
167,2,10,150,9,0.0
168,2,10,150,9,0.0
169,2,10,150,9,0.0
170,2,10,150,9,0.0
171,2,10,150,9,0.0
172,2,10,150,9,0.0
173,2,10,150,9,0.0
174,2,10,150,9,0.3091941646995599
175,2,10,150,9,0.19215663883127904
176,2,10,150,9,0.0
177,2,10,150,9,0.5454162104553231
178,2,10,150,9,0.33706101483743417
179,2,10,150,9,0.0
180,2,10,150,9,0.07834851647149511
181,2,10,150,9,0.0
182,2,10,150,9,0.0
183,2,10,150,9,0.0
184,2,10,150,9,0.16168379134005945
185,2,10,150,9,0.0
186,2,10,150,9,0.0
187,2,10,150,9,0.0
188,2,10,150,9,0.33627415762678553
189,2,10,150,9,0.0
190,2,10,150,9,0.0
191,2,10,150,9,0.0
192,2,10,150,9,0.0
193,2,10,150,9,0.0
194,2,10,150,9,0.30247629691873634
195,2,10,150,9,0.0
196,2,10,150,9,0.0
197,2,10,150,9,0.08372491399919346
198,2,10,150,9,0.07834851647149511
199,2,10,150,9,0.2529427027676571
200,2,10,150,9,0.305801310135566
201,2,10,150,9,0.22244584585522365
202,2,10,150,9,0.27487633291429087
203,2,10,150,9,0.0
204,2,10,150,9,0.0
205,2,10,150,9,0.0
206,2,10,150,9,0.0
207,2,10,150,9,0.0
208,2,10,150,9,0.0
209,2,10,150,9,0.0
210,2,10,150,9,0.08372491399919346
211,2,10,150,9,0.0
212,2,10,150,9,0.0
213,2,10,150,9,0.0
214,2,10,150,9,0.07075576072108061
215,2,10,150,9,0.0
216,2,10,150,9,0.11752277470724268
217,2,10,150,9,0.07414861528507455
218,2,10,150,9,0.08372491399919346
219,2,10,150,9,0.0
220,2,10,150,9,0.0
221,2,10,150,9,0.20124768870643614
222,2,10,150,9,0.15448067472027407
223,2,10,150,9,0.0
224,2,10,150,9,0.0
225,2,10,150,9,0.0
226,2,10,150,9,0.0
227,2,10,150,9,0.0
228,2,10,150,9,0.0
229,2,10,150,9,0.0
230,2,10,150,9,0.3091941646995599
231,2,10,150,9,0.3903800499921017
232,2,10,150,9,0.0
233,2,10,150,9,0.19587129117873778
234,2,10,150,9,0.0
235,2,10,150,9,0.0
236,2,10,150,9,0.0
237,2,10,150,9,0.0
238,2,10,150,9,0.0
239,2,10,150,9,0.0
240,2,10,150,9,0.0
241,2,10,150,9,0.0
242,2,10,150,9,0.0
243,2,10,150,9,0.38334277998463445
244,2,10,150,9,0.07414861528507455
245,2,10,150,9,0.0
246,2,10,150,9,0.23504554941448536
247,2,10,150,9,0.0
248,2,10,150,9,0.0
249,2,10,150,9,0.33627415762678553
250,2,10,150,9,0.0
251,2,10,150,9,0.09092803061897883
252,2,10,150,9,0.13120507751234178
253,2,10,150,9,0.18495352221149364
254,2,10,150,9,0.45379693233402824
255,2,10,150,9,0.0
256,2,10,150,9,0.4670676939838279
257,2,10,150,9,0.0
258,2,10,150,9,0.0
259,2,10,150,9,0.0
260,2,10,150,9,0.0
261,2,10,150,9,0.0
262,2,10,150,9,0.1482972305701491
263,2,10,150,9,0.0
264,2,10,150,9,0.07414861528507455
265,2,10,150,9,0.0
266,2,10,150,9,0.0
267,2,10,150,9,0.0
268,2,10,150,9,0.41159926925313783
269,2,10,150,9,0.1491042771925757
270,2,10,150,9,0.11752277470724268
271,2,10,150,9,0.38112642176191824
272,2,10,150,9,0.19587129117873778
273,2,10,150,9,0.0
274,2,10,150,9,0.0
275,2,10,150,9,0.0
276,2,10,150,9,0.3929190786987533
277,2,10,150,9,0.0
278,2,10,150,9,0.0
279,2,10,150,9,0.4941476869110536
280,2,10,150,9,0.0
281,2,10,150,9,0.0
282,2,10,150,9,0.0
283,2,10,150,9,0.0
284,2,10,150,9,0.0
285,2,10,150,9,0.0
286,2,10,150,9,0.09092803061897883
287,2,10,150,9,0.10122860821230018
288,2,10,150,9,0.07075576072108061
289,2,10,150,9,0.0
290,2,10,150,9,0.0
291,2,10,150,9,0.5792140711633723
292,2,10,150,9,0.33627415762678553
293,2,10,150,9,0.23504554941448536
294,2,10,150,9,0.07075576072108061
295,2,10,150,9,0.0
296,2,10,150,9,0.0
297,2,10,150,9,0.0
298,2,10,150,9,0.4096984940326576
299,2,10,150,9,0.0
300,2,10,150,9,0.0
301,2,10,150,9,0.3567480358963706
302,2,10,150,9,0.0
303,2,10,150,9,0.5282471559907896
304,2,10,150,9,0.0
305,2,10,150,9,0.34045386940142813
306,2,10,150,9,0.0
307,2,10,150,9,0.09092803061897883
308,2,10,150,9,0.3091941646995599
309,2,10,150,9,0.0
310,2,10,150,9,0.0
311,2,10,150,9,0.38334277998463445
312,2,10,150,9,0.23504554941448536
313,2,10,150,9,0.3259735800334642
314,2,10,150,9,0.19587129117873778
315,2,10,150,9,0.07834851647149511
316,2,10,150,9,0.0
317,2,10,150,9,0.0
318,2,10,150,9,0.0
319,2,10,150,9,0.0
320,2,10,150,9,0.0
321,2,10,150,9,0.23202214456934253
322,2,10,150,9,0.2266457470416442
323,2,10,150,9,0.0
324,2,10,150,9,0.07414861528507455
325,2,10,150,9,0.0
326,2,10,150,9,0.16507664590405338
327,2,10,150,9,0.0
328,2,10,150,9,0.38334277998463445
329,2,10,150,9,0.0
330,2,10,150,9,0.0
331,2,10,150,9,0.0
332,2,10,150,9,0.5272212687399004
333,2,10,150,9,0.0
334,2,10,150,9,0.41462267409828063
335,2,10,150,9,0.0
336,2,10,150,9,0.18495352221149364
337,2,10,150,9,0.09092803061897883
338,2,10,150,9,0.0
339,2,10,150,9,0.24342516237554845
340,2,10,150,9,0.07414861528507455
341,2,10,150,9,0.0
342,2,10,150,9,0.38334277998463445
343,2,10,150,9,0.4670676939838279
344,2,10,150,9,0.3091941646995599
345,2,10,150,9,0.07075576072108061
346,2,10,150,9,0.5272212687399004
347,2,10,150,9,0.3259735800334642
348,2,10,150,9,0.0
349,2,10,150,9,0.18495352221149364
350,2,10,150,9,0.0
351,2,10,150,9,0.0
352,2,10,150,9,0.18495352221149364
353,2,10,150,9,0.0
354,2,10,150,9,0.11752277470724268
355,2,10,150,9,0.0
356,2,10,150,9,0.0
357,2,10,150,9,0.10122860821230018
358,2,10,150,9,0.0
359,2,10,150,9,0.0
360,2,10,150,9,0.35256832412172806
361,2,10,150,9,0.07834851647149511
362,2,10,150,9,0.0
363,2,10,150,9,0.305801310135566
364,2,10,150,9,0.0
365,2,10,150,9,0.0
366,2,10,150,9,0.0
367,2,10,150,9,0.0
368,2,10,150,9,0.0
369,2,10,150,9,0.1482972305701491
370,2,10,150,9,0.0
371,2,10,150,9,0.0
372,2,10,150,9,0.07075576072108061
373,2,10,150,9,0.07414861528507455
374,2,10,150,9,0.15448067472027407
375,2,10,150,9,0.0
376,2,10,150,9,0.0
377,2,10,150,9,0.2529427027676571
378,2,10,150,9,0.07414861528507455
379,2,10,150,9,0.1482972305701491
380,2,10,150,9,0.19587129117873778
381,2,10,150,9,0.07834851647149511
382,2,10,150,9,0.0
383,2,10,150,9,0.0
384,2,10,150,9,0.0
385,2,10,150,9,0.24613298421845534
386,2,10,150,9,0.0
387,2,10,150,9,0.07834851647149511
388,2,10,150,9,0.0
389,2,10,150,9,0.3895262241347594
390,2,10,150,9,0.0
391,2,10,150,9,0.1482972305701491
392,2,10,150,9,0.0
393,2,10,150,9,0.0
394,2,10,150,9,0.23504554941448536
395,2,10,150,9,0.0
396,2,10,150,9,0.07075576072108061
397,2,10,150,9,0.21875138291954288
398,2,10,150,9,0.16168379134005945
399,2,10,150,9,0.07834851647149511
400,2,10,150,9,0.0
401,2,10,150,9,0.0
402,2,10,150,9,0.20124768870643614
403,2,10,150,9,0.23504554941448536
404,2,10,150,9,0.0
405,2,10,150,9,0.48384710931773217
406,2,10,150,9,0.16507664590405338
407,2,10,150,9,0.1795771246837953
408,2,10,150,9,0.0
409,2,10,150,9,0.1482972305701491
410,2,10,150,9,0.0
411,2,10,150,9,0.23504554941448536
412,2,10,150,9,0.0
413,2,10,150,9,0.23504554941448536
414,2,10,150,9,0.0
415,2,10,150,9,0.11752277470724268
416,2,10,150,9,0.7067983934236957
417,2,10,150,9,0.5750141699769518
418,2,10,150,9,0.0
419,2,10,150,9,0.11752277470724268
420,2,10,150,9,0.0
421,2,10,150,9,0.23504554941448536
422,2,10,150,9,0.0
423,2,10,150,9,0.0
424,2,10,150,9,0.0
425,2,10,150,9,0.07414861528507455
426,2,10,150,9,0.0
427,2,10,150,9,0.0
428,2,10,150,9,0.0
429,2,10,150,9,0.8083286100076827
430,2,10,150,9,0.11752277470724268
431,2,10,150,9,0.0
432,2,10,150,9,0.07414861528507455
433,2,10,150,9,0.08372491399919346
434,2,10,150,9,0.0
435,2,10,150,9,0.5412163092689025
436,2,10,150,9,0.07414861528507455
437,2,10,150,9,0.37994992542064054
438,2,10,150,9,0.0
439,2,10,150,9,0.0
440,2,10,150,9,0.0
441,2,10,150,9,0.18495352221149364
442,2,10,150,9,0.0
443,2,10,150,9,0.0
444,2,10,150,9,0.0
445,2,10,150,9,0.0
446,2,10,150,9,0.0
447,2,10,150,9,0.0
448,2,10,150,9,0.0
449,2,10,150,9,0.0
450,2,10,150,9,0.5553271489180153
451,2,10,150,9,0.0
452,2,10,150,9,0.2190529912912297
453,2,10,150,9,0.21875138291954288
454,2,10,150,9,0.0
455,2,10,150,9,0.1795771246837953
456,2,10,150,9,0.3187704634136788
457,2,10,150,9,0.5987013083401834
458,2,10,150,9,0.45379693233402824
459,2,10,150,9,0.23504554941448536
460,2,10,150,9,0.1482972305701491
461,2,10,150,9,0.0
462,2,10,150,9,0.0
463,2,10,150,9,0.35256832412172806
464,2,10,150,9,0.0
465,2,10,150,9,0.10122860821230018
466,2,10,150,9,0.0
467,2,10,150,9,0.0
468,2,10,150,9,0.3061707598544171
469,2,10,150,9,0.0
470,2,10,150,9,0.0
471,2,10,150,9,0.0
472,2,10,150,9,0.46169129645612955
473,2,10,150,9,0.23922526118912793
474,2,10,150,9,0.42750379661745125
475,2,10,150,9,0.0
476,2,10,150,9,0.0
477,2,10,150,9,0.07075576072108061
478,2,10,150,9,0.1882785354283233
479,2,10,150,9,0.305801310135566
480,2,10,150,9,0.07414861528507455
481,2,10,150,9,0.0
482,2,10,150,9,0.0
483,2,10,150,9,0.0
484,2,10,150,9,0.23504554941448536
485,2,10,150,9,0.0
486,2,10,150,9,0.0
487,2,10,150,9,0.37994992542064054
488,2,10,150,9,0.0
489,2,10,150,9,0.0
490,2,10,150,9,0.1482972305701491
491,2,10,150,9,0.0
492,2,10,150,9,0.19215663883127904
493,2,10,150,9,0.0
494,2,10,150,9,0.0
495,2,10,150,9,0.0
496,2,10,150,9,0.07414861528507455
497,2,10,150,9,0.33325075278164273
498,2,10,150,9,0.2084508053262215
499,2,10,150,9,0.0
500,2,10,150,9,0.4411972287747665
501,2,10,150,9,0.0
502,2,10,150,9,0.0
503,2,10,150,9,0.08372491399919346
504,2,10,150,9,0.2232528924776503
505,2,10,150,9,0.1482972305701491
506,2,10,150,9,0.07834851647149511
507,2,10,150,9,0.0
508,2,10,150,9,0.23504554941448536
509,2,10,150,9,0.0
510,2,10,150,9,0.0
511,2,10,150,9,0.0
512,2,10,150,9,0.0
513,2,10,150,9,0.0
514,2,10,150,9,0.23504554941448536
515,2,10,150,9,0.0
516,2,10,150,9,0.0843142342558857
517,2,10,150,9,0.0
518,2,10,150,9,0.1482972305701491
519,2,10,150,9,0.0
520,2,10,150,9,0.0
521,2,10,150,9,0.0
522,2,10,150,9,0.0
523,2,10,150,9,0.4096984940326576
524,2,10,150,9,0.0
525,2,10,150,9,0.0
526,2,10,150,9,0.0
527,2,10,150,9,0.41072438128354694
528,2,10,150,9,0.07414861528507455
529,2,10,150,9,0.0
530,2,10,150,9,0.0
531,2,10,150,9,0.0
532,2,10,150,9,0.09092803061897883
533,2,10,150,9,0.07075576072108061
534,2,10,150,9,0.0
535,2,10,150,9,0.305801310135566
536,2,10,150,9,0.157873529284268
537,2,10,150,9,0.24952583878244927
538,2,10,150,9,0.0
539,2,10,150,9,0.0
540,2,10,150,9,0.0
541,2,10,150,9,0.11752277470724268
542,2,10,150,9,0.2266457470416442
543,2,10,150,9,0.11752277470724268
544,2,10,150,9,0.0
545,2,10,150,9,0.11752277470724268
546,2,10,150,9,0.0
547,2,10,150,9,0.0
548,2,10,150,9,0.10122860821230018
549,2,10,150,9,0.0
550,2,10,150,9,0.0
551,2,10,150,9,0.27050515530277414
552,2,10,150,9,0.0
553,2,10,150,9,0.10122860821230018
554,2,10,150,9,0.1482972305701491
555,2,10,150,9,0.0
556,2,10,150,9,0.0
557,2,10,150,9,0.0
558,2,10,150,9,0.265053101293003
559,2,10,150,9,0.0
560,2,10,150,9,0.0
561,2,10,150,9,0.19167138999231723
562,2,10,150,9,0.0
563,2,10,150,9,0.0
564,2,10,150,9,0.0
565,2,10,150,9,0.12647135138382856
566,2,10,150,9,0.0
567,2,10,150,9,0.0
568,2,10,150,9,0.0
569,2,10,150,9,0.23504554941448536
570,2,10,150,9,0.0
571,2,10,150,9,0.0
572,2,10,150,9,0.0
573,2,10,150,9,0.0
574,2,10,150,9,0.0
575,2,10,150,9,0.0
576,2,10,150,9,0.0
577,2,10,150,9,0.1482972305701491
578,2,10,150,9,0.0
579,2,10,150,9,0.07834851647149511
580,2,10,150,9,0.1482972305701491
581,2,10,150,9,0.0
582,2,10,150,9,0.0
583,2,10,150,9,0.0
584,2,10,150,9,0.0
585,2,10,150,9,0.0
586,2,10,150,9,0.1482972305701491
587,2,10,150,9,0.0
588,2,10,150,9,0.0
589,2,10,150,9,0.0
590,2,10,150,9,0.0
591,2,10,150,9,0.0
592,2,10,150,9,0.3841498266070611
593,2,10,150,9,0.0
594,2,10,150,9,0.0
595,2,10,150,9,0.0
596,2,10,150,9,0.0
597,2,10,150,9,0.0
598,2,10,150,9,0.0
599,2,10,150,9,0.0
600,2,10,150,9,0.0
601,2,10,150,9,0.07414861528507455
602,2,10,150,9,0.0
603,2,10,150,9,0.0
604,2,10,150,9,0.0
605,2,10,150,9,0.11752277470724268
606,2,10,150,9,0.33627415762678553
607,2,10,150,9,0.0
608,2,10,150,9,0.23504554941448536
609,2,10,150,9,0.0
610,2,10,150,9,0.11752277470724268
611,2,10,150,9,0.0
612,2,10,150,9,0.15130120674940672
613,2,10,150,9,0.0
614,2,10,150,9,0.0
615,2,10,150,9,0.07075576072108061
616,2,10,150,9,0.0
617,2,10,150,9,0.0
618,2,10,150,9,0.38334277998463445
619,2,10,150,9,0.0
620,2,10,150,9,0.0
621,2,10,150,9,0.0
622,2,10,150,9,0.23504554941448536
623,2,10,150,9,0.0
624,2,10,150,9,0.07075576072108061
625,2,10,150,9,0.0
626,2,10,150,9,0.0
627,2,10,150,9,0.0
628,2,10,150,9,0.0
629,2,10,150,9,0.11706259313796354
630,2,10,150,9,0.0
631,2,10,150,9,0.0
632,2,10,150,9,0.10122860821230018
633,2,10,150,9,0.0
634,2,10,150,9,0.0
635,2,10,150,9,0.0
636,2,10,150,9,0.0
637,2,10,150,9,0.0
638,2,10,150,9,0.0
639,2,10,150,9,0.0
640,2,10,150,9,0.0
642,2,10,150,9,0.0
643,2,10,150,9,0.0
644,2,10,150,9,0.0
645,2,10,150,9,0.0
647,2,10,150,9,0.0
648,2,10,150,9,0.0
649,2,10,150,9,1.0
650,2,10,150,9,0.0
651,2,10,150,9,0.0
653,2,10,150,9,0.0
654,2,10,150,9,0.0
655,2,10,150,9,0.10122860821230018
658,2,10,150,9,0.0
1,2,10,150,10,1.0
2,2,10,150,10,0.1731866333482261
3,2,10,150,10,0.0
4,2,10,150,10,0.0
5,2,10,150,10,0.06943122193677727
6,2,10,150,10,0.4422195942380129
7,2,10,150,10,0.07839826897867533
8,2,10,150,10,0.0
9,2,10,150,10,0.0
10,2,10,150,10,0.0
11,2,10,150,10,0.23680742154717782
12,2,10,150,10,0.0
13,2,10,150,10,0.3963918729015093
14,2,10,150,10,0.09478836436955078
15,2,10,150,10,0.0
16,2,10,150,10,0.40002324830925196
17,2,10,150,10,0.0
18,2,10,150,10,0.4193979998881982
19,2,10,150,10,0.0
20,2,10,150,10,0.0
21,2,10,150,10,0.0
22,2,10,150,10,0.0
23,2,10,150,10,0.3979478965435962
24,2,10,150,10,0.0
25,2,10,150,10,0.0
26,2,10,150,10,0.22009176629808017
27,2,10,150,10,0.0
28,2,10,150,10,0.0
29,2,10,150,10,0.0
30,2,10,150,10,0.0
31,2,10,150,10,0.0
32,2,10,150,10,0.13886244387355454
33,2,10,150,10,0.0
34,2,10,150,10,0.0
35,2,10,150,10,0.0
36,2,10,150,10,0.0
37,2,10,150,10,0.0
38,2,10,150,10,0.0
39,2,10,150,10,0.0
40,2,10,150,10,0.0
41,2,10,150,10,0.0
42,2,10,150,10,0.22009176629808017
43,2,10,150,10,0.06943122193677727
44,2,10,150,10,0.24655055544758614
45,2,10,150,10,0.0
46,2,10,150,10,0.0
47,2,10,150,10,0.0
48,2,10,150,10,0.0
49,2,10,150,10,0.0
50,2,10,150,10,0.0
51,2,10,150,10,0.0
52,2,10,150,10,0.0
53,2,10,150,10,0.06794340091829075
54,2,10,150,10,0.06943122193677727
55,2,10,150,10,0.0
56,2,10,150,10,0.22009176629808017
57,2,10,150,10,0.0
58,2,10,150,10,0.0
59,2,10,150,10,0.5509662124799075
60,2,10,150,10,0.33013764944712026
61,2,10,150,10,0.0
62,2,10,150,10,0.4636440365082036
63,2,10,150,10,0.0
64,2,10,150,10,0.13886244387355454
65,2,10,150,10,0.29025978496956456
66,2,10,150,10,0.0
67,2,10,150,10,0.24630238874073
68,2,10,150,10,0.0
69,2,10,150,10,0.0
70,2,10,150,10,0.06362078819895171
71,2,10,150,10,0.0
72,2,10,150,10,0.33013764944712026
73,2,10,150,10,0.1584091525685025
74,2,10,150,10,0.17342765698823945
75,2,10,150,10,0.22009176629808017
76,2,10,150,10,0.20248323207250624
77,2,10,150,10,0.07839826897867533
78,2,10,150,10,0.0
79,2,10,150,10,0.0
80,2,10,150,10,0.0
81,2,10,150,10,0.0
82,2,10,150,10,0.0
83,2,10,150,10,0.06943122193677727
84,2,10,150,10,0.0
85,2,10,150,10,0.4936790360674166
86,2,10,150,10,0.0
87,2,10,150,10,0.13305201013572898
88,2,10,150,10,0.0
89,2,10,150,10,0.17947710508581735
90,2,10,150,10,0.17993148201117176
91,2,10,150,10,0.0
92,2,10,150,10,0.2984900352767555
93,2,10,150,10,0.0
94,2,10,150,10,0.3932783996463063
95,2,10,150,10,0.06362078819895171
96,2,10,150,10,0.0
97,2,10,150,10,0.22009176629808017
98,2,10,150,10,0.0
99,2,10,150,10,0.11004588314904008
100,2,10,150,10,0.0
101,2,10,150,10,0.0
102,2,10,150,10,0.0
103,2,10,150,10,0.0
104,2,10,150,10,0.0
105,2,10,150,10,0.0
106,2,10,150,10,0.0
107,2,10,150,10,0.0
108,2,10,150,10,0.0
109,2,10,150,10,0.28371255449703187
110,2,10,150,10,0.09478836436955078
111,2,10,150,10,0.0
112,2,10,150,10,0.0
113,2,10,150,10,0.0
114,2,10,150,10,0.0
115,2,10,150,10,0.17630010660342912
116,2,10,150,10,0.0
117,2,10,150,10,0.0
118,2,10,150,10,0.08514311764162098
119,2,10,150,10,0.13886244387355454
120,2,10,150,10,0.361879195385413
121,2,10,150,10,0.0
122,2,10,150,10,0.09478836436955078
123,2,10,150,10,0.13886244387355454
124,2,10,150,10,0.0
125,2,10,150,10,0.06943122193677727
126,2,10,150,10,0.0
127,2,10,150,10,0.0
128,2,10,150,10,0.0
129,2,10,150,10,0.0
130,2,10,150,10,0.09478836436955078
131,2,10,150,10,0.0
132,2,10,150,10,0.0
133,2,10,150,10,0.0
134,2,10,150,10,0.0
135,2,10,150,10,0.0
136,2,10,150,10,0.0
137,2,10,150,10,0.0
138,2,10,150,10,0.13886244387355454
139,2,10,150,10,0.0
140,2,10,150,10,0.0
141,2,10,150,10,0.0
142,2,10,150,10,0.0
143,2,10,150,10,0.0
144,2,10,150,10,0.5174612499126158
145,2,10,150,10,0.2082936658103318
146,2,10,150,10,0.0
147,2,10,150,10,0.0
148,2,10,150,10,0.0
149,2,10,150,10,0.0
150,2,10,150,10,0.0
151,2,10,150,10,0.17993148201117176
152,2,10,150,10,0.0
153,2,10,150,10,0.0
154,2,10,150,10,0.0
155,2,10,150,10,0.0
156,2,10,150,10,0.0
157,2,10,150,10,0.0
158,2,10,150,10,0.1610425878239398
159,2,10,150,10,0.0
160,2,10,150,10,0.06362078819895171
161,2,10,150,10,0.0
162,2,10,150,10,0.0
163,2,10,150,10,0.0
164,2,10,150,10,0.0
165,2,10,150,10,0.0
166,2,10,150,10,0.0
167,2,10,150,10,0.0
168,2,10,150,10,0.0
169,2,10,150,10,0.0
170,2,10,150,10,0.0
171,2,10,150,10,0.0
172,2,10,150,10,0.0
173,2,10,150,10,0.0
174,2,10,150,10,0.3531437764338092
175,2,10,150,10,0.17993148201117176
176,2,10,150,10,0.0
177,2,10,150,10,0.5107164012496701
178,2,10,150,10,0.31561692740233804
179,2,10,150,10,0.0
180,2,10,150,10,0.07336392209936005
181,2,10,150,10,0.0
182,2,10,150,10,0.0
183,2,10,150,10,0.0
184,2,10,150,10,0.15139734109601002
185,2,10,150,10,0.0
186,2,10,150,10,0.0
187,2,10,150,10,0.0
188,2,10,150,10,0.31488013066763093
189,2,10,150,10,0.0
190,2,10,150,10,0.0
191,2,10,150,10,0.0
192,2,10,150,10,0.0
193,2,10,150,10,0.0
194,2,10,150,10,0.28323251649726616
195,2,10,150,10,0.0
196,2,10,150,10,0.0
197,2,10,150,10,0.14201905717762703
198,2,10,150,10,0.07336392209936005
199,2,10,150,10,0.2529427027676571
200,2,10,150,10,0.2863459897524692
201,2,10,150,10,0.2082936658103318
202,2,10,150,10,0.27487633291429087
203,2,10,150,10,0.0
204,2,10,150,10,0.0
205,2,10,150,10,0.0
206,2,10,150,10,0.0
207,2,10,150,10,0.0
208,2,10,150,10,0.0
209,2,10,150,10,0.0
210,2,10,150,10,0.07839826897867533
211,2,10,150,10,0.0
212,2,10,150,10,0.0
213,2,10,150,10,0.0
214,2,10,150,10,0.06625422345438903
215,2,10,150,10,0.0
216,2,10,150,10,0.11004588314904008
217,2,10,150,10,0.06943122193677727
218,2,10,150,10,0.07839826897867533
219,2,10,150,10,0.0
220,2,10,150,10,0.0
221,2,10,150,10,0.1884441521277154
222,2,10,150,10,0.14465249243306436
223,2,10,150,10,0.0
224,2,10,150,10,0.0
225,2,10,150,10,0.0
226,2,10,150,10,0.0
227,2,10,150,10,0.0
228,2,10,150,10,0.0
229,2,10,150,10,0.0
230,2,10,150,10,0.28952298823485745
231,2,10,150,10,0.3903800499921017
232,2,10,150,10,0.0
233,2,10,150,10,0.18340980524840012
234,2,10,150,10,0.06362078819895171
235,2,10,150,10,0.0
236,2,10,150,10,0.0
237,2,10,150,10,0.0
238,2,10,150,10,0.0
239,2,10,150,10,0.0
240,2,10,150,10,0.0
241,2,10,150,10,0.0
242,2,10,150,10,0.0
243,2,10,150,10,0.3589542101716347
244,2,10,150,10,0.13305201013572898
245,2,10,150,10,0.0
246,2,10,150,10,0.22009176629808017
247,2,10,150,10,0.0
248,2,10,150,10,0.0
249,2,10,150,10,0.31488013066763093
250,2,10,150,10,0.0
251,2,10,150,10,0.08514311764162098
252,2,10,150,10,0.13120507751234178
253,2,10,150,10,0.1731866333482261
254,2,10,150,10,0.424926013816671
255,2,10,150,10,0.0
256,2,10,150,10,0.43735247915031
257,2,10,150,10,0.0
258,2,10,150,10,0.0
259,2,10,150,10,0.0
260,2,10,150,10,0.0
261,2,10,150,10,0.0
262,2,10,150,10,0.13886244387355454
263,2,10,150,10,0.0
264,2,10,150,10,0.06943122193677727
265,2,10,150,10,0.0
266,2,10,150,10,0.0
267,2,10,150,10,0.0
268,2,10,150,10,0.38541299932114065
269,2,10,150,10,0.13961814555374907
270,2,10,150,10,0.11004588314904008
271,2,10,150,10,0.42049964660493067
272,2,10,150,10,0.18340980524840012
273,2,10,150,10,0.0
274,2,10,150,10,0.0
275,2,10,150,10,0.06362078819895171
276,2,10,150,10,0.3679212572135327
277,2,10,150,10,0.0
278,2,10,150,10,0.0
279,2,10,150,10,0.46270962158308354
280,2,10,150,10,0.0
281,2,10,150,10,0.0
282,2,10,150,10,0.0
283,2,10,150,10,0.0
284,2,10,150,10,0.0
285,2,10,150,10,0.0
286,2,10,150,10,0.08514311764162098
287,2,10,150,10,0.09478836436955078
288,2,10,150,10,0.06625422345438903
289,2,10,150,10,0.0
290,2,10,150,10,0.0
291,2,10,150,10,0.5423640154200349
292,2,10,150,10,0.37850091886658266
293,2,10,150,10,0.28371255449703187
294,2,10,150,10,0.06625422345438903
295,2,10,150,10,0.0
296,2,10,150,10,0.0
297,2,10,150,10,0.0
298,2,10,150,10,0.38363315291837646
299,2,10,150,10,0.0
300,2,10,150,10,0.0
301,2,10,150,10,0.3340514446642156
302,2,10,150,10,0.0
303,2,10,150,10,0.5582604437617528
304,2,10,150,10,0.0
305,2,10,150,10,0.3187939258847263
306,2,10,150,10,0.0
307,2,10,150,10,0.08514311764162098
308,2,10,150,10,0.28952298823485745
309,2,10,150,10,0.0
310,2,10,150,10,0.0
311,2,10,150,10,0.3589542101716347
312,2,10,150,10,0.22009176629808017
313,2,10,150,10,0.30523488393970116
314,2,10,150,10,0.18340980524840012
315,2,10,150,10,0.07336392209936005
316,2,10,150,10,0.0
317,2,10,150,10,0.0
318,2,10,150,10,0.0
319,2,10,150,10,0.0
320,2,10,150,10,0.0
321,2,10,150,10,0.21726071285222986
322,2,10,150,10,0.2758471541718663
323,2,10,150,10,0.0
324,2,10,150,10,0.06943122193677727
325,2,10,150,10,0.0
326,2,10,150,10,0.15457433957839825
327,2,10,150,10,0.0
328,2,10,150,10,0.3589542101716347
329,2,10,150,10,0.0
330,2,10,150,10,0.0
331,2,10,150,10,0.0
332,2,10,150,10,0.4936790360674166
333,2,10,150,10,0.0
334,2,10,150,10,0.388244052766991
335,2,10,150,10,0.0
336,2,10,150,10,0.1731866333482261
337,2,10,150,10,0.08514311764162098
338,2,10,150,10,0.06362078819895171
339,2,10,150,10,0.22793826167775827
340,2,10,150,10,0.06943122193677727
341,2,10,150,10,0.0
342,2,10,150,10,0.42257499837058643
343,2,10,150,10,0.43735247915031
344,2,10,150,10,0.28952298823485745
345,2,10,150,10,0.12987501165334076
346,2,10,150,10,0.5572998242663684
347,2,10,150,10,0.36885567213865283
348,2,10,150,10,0.0
349,2,10,150,10,0.1731866333482261
350,2,10,150,10,0.0
351,2,10,150,10,0.0
352,2,10,150,10,0.1731866333482261
353,2,10,150,10,0.0
354,2,10,150,10,0.11004588314904008
355,2,10,150,10,0.0
356,2,10,150,10,0.0
357,2,10,150,10,0.1584091525685025
358,2,10,150,10,0.0
359,2,10,150,10,0.0
360,2,10,150,10,0.33013764944712026
361,2,10,150,10,0.07336392209936005
362,2,10,150,10,0.0
363,2,10,150,10,0.2863459897524692
364,2,10,150,10,0.0
365,2,10,150,10,0.0
366,2,10,150,10,0.0
367,2,10,150,10,0.0
368,2,10,150,10,0.0
369,2,10,150,10,0.1482972305701491
370,2,10,150,10,0.0
371,2,10,150,10,0.0
372,2,10,150,10,0.06625422345438903
373,2,10,150,10,0.06943122193677727
374,2,10,150,10,0.20827328063201608
375,2,10,150,10,0.0
376,2,10,150,10,0.0
377,2,10,150,10,0.2529427027676571
378,2,10,150,10,0.06943122193677727
379,2,10,150,10,0.13886244387355454
380,2,10,150,10,0.18340980524840012
381,2,10,150,10,0.13698471029831175
382,2,10,150,10,0.06362078819895171
383,2,10,150,10,0.0
384,2,10,150,10,0.0
385,2,10,150,10,0.23047380976071707
386,2,10,150,10,0.0
387,2,10,150,10,0.13698471029831175
388,2,10,150,10,0.0
389,2,10,150,10,0.3647442587311445
390,2,10,150,10,0.0
391,2,10,150,10,0.20248323207250624
392,2,10,150,10,0.0
393,2,10,150,10,0.0
394,2,10,150,10,0.22009176629808017
395,2,10,150,10,0.0
396,2,10,150,10,0.06625422345438903
397,2,10,150,10,0.20483424751859086
398,2,10,150,10,0.21501812929496175
399,2,10,150,10,0.07336392209936005
400,2,10,150,10,0.0
401,2,10,150,10,0.0
402,2,10,150,10,0.1884441521277154
403,2,10,150,10,0.22009176629808017
404,2,10,150,10,0.0
405,2,10,150,10,0.4530643748551537
406,2,10,150,10,0.15457433957839825
407,2,10,150,10,0.1681522864689108
408,2,10,150,10,0.0
409,2,10,150,10,0.13886244387355454
410,2,10,150,10,0.0
411,2,10,150,10,0.22009176629808017
412,2,10,150,10,0.0
413,2,10,150,10,0.22009176629808017
414,2,10,150,10,0.0
415,2,10,150,10,0.11004588314904008
416,2,10,150,10,0.6618313225363274
417,2,10,150,10,0.6020521034564038
418,2,10,150,10,0.0
419,2,10,150,10,0.11004588314904008
420,2,10,150,10,0.0
421,2,10,150,10,0.28371255449703187
422,2,10,150,10,0.06362078819895171
423,2,10,150,10,0.0
424,2,10,150,10,0.0
425,2,10,150,10,0.06943122193677727
426,2,10,150,10,0.0
427,2,10,150,10,0.0
428,2,10,150,10,0.0
429,2,10,150,10,0.756902106715231
430,2,10,150,10,0.11004588314904008
431,2,10,150,10,0.0
432,2,10,150,10,0.06943122193677727
433,2,10,150,10,0.07839826897867533
434,2,10,150,10,0.0
435,2,10,150,10,0.5067837010870873
436,2,10,150,10,0.06943122193677727
437,2,10,150,10,0.3557772116892465
438,2,10,150,10,0.0
439,2,10,150,10,0.0
440,2,10,150,10,0.0
441,2,10,150,10,0.1731866333482261
442,2,10,150,10,0.06362078819895171
443,2,10,150,10,0.0
444,2,10,150,10,0.0
445,2,10,150,10,0.0
446,2,10,150,10,0.0
447,2,10,150,10,0.06362078819895171
448,2,10,150,10,0.0
449,2,10,150,10,0.0
450,2,10,150,10,0.5199967979955745
451,2,10,150,10,0.0
452,2,10,150,10,0.2051166673279436
453,2,10,150,10,0.2684550357175426
454,2,10,150,10,0.0
455,2,10,150,10,0.23177307466786254
456,2,10,150,10,0.2984900352767555
457,2,10,150,10,0.624232247406789
458,2,10,150,10,0.424926013816671
459,2,10,150,10,0.28371255449703187
460,2,10,150,10,0.13886244387355454
461,2,10,150,10,0.0
462,2,10,150,10,0.0
463,2,10,150,10,0.33013764944712026
464,2,10,150,10,0.0
465,2,10,150,10,0.09478836436955078
466,2,10,150,10,0.0
467,2,10,150,10,0.0
468,2,10,150,10,0.2866919347890071
469,2,10,150,10,0.0
470,2,10,150,10,0.0
471,2,10,150,10,0.0
472,2,10,150,10,0.43231813227099475
473,2,10,150,10,0.22400556151517553
474,2,10,150,10,0.46392645631755636
475,2,10,150,10,0.07311683844390994
476,2,10,150,10,0.0
477,2,10,150,10,0.07075576072108061
478,2,10,150,10,0.17630010660342912
479,2,10,150,10,0.2863459897524692
480,2,10,150,10,0.06943122193677727
481,2,10,150,10,0.0
482,2,10,150,10,0.0
483,2,10,150,10,0.0
484,2,10,150,10,0.28371255449703187
485,2,10,150,10,0.0
486,2,10,150,10,0.06362078819895171
487,2,10,150,10,0.3557772116892465
488,2,10,150,10,0.0
489,2,10,150,10,0.0
490,2,10,150,10,0.13886244387355454
491,2,10,150,10,0.0
492,2,10,150,10,0.17993148201117176
493,2,10,150,10,0.0
494,2,10,150,10,0.0
495,2,10,150,10,0.0
496,2,10,150,10,0.06943122193677727
497,2,10,150,10,0.31204907722178066
498,2,10,150,10,0.19518900079066107
499,2,10,150,10,0.0
500,2,10,150,10,0.4131279133289227
501,2,10,150,10,0.0
502,2,10,150,10,0.0
503,2,10,150,10,0.07839826897867533
504,2,10,150,10,0.20904936749052638
505,2,10,150,10,0.13886244387355454
506,2,10,150,10,0.13698471029831175
507,2,10,150,10,0.0
508,2,10,150,10,0.22009176629808017
509,2,10,150,10,0.0
510,2,10,150,10,0.0
511,2,10,150,10,0.0
512,2,10,150,10,0.0
513,2,10,150,10,0.0
514,2,10,150,10,0.22009176629808017
515,2,10,150,10,0.0
516,2,10,150,10,0.0843142342558857
517,2,10,150,10,0.0
518,2,10,150,10,0.13886244387355454
519,2,10,150,10,0.0
520,2,10,150,10,0.0
521,2,10,150,10,0.0
522,2,10,150,10,0.0
523,2,10,150,10,0.38363315291837646
524,2,10,150,10,0.06362078819895171
525,2,10,150,10,0.0
526,2,10,150,10,0.0
527,2,10,150,10,0.44821456061271264
528,2,10,150,10,0.06943122193677727
529,2,10,150,10,0.0
530,2,10,150,10,0.0
531,2,10,150,10,0.0
532,2,10,150,10,0.08514311764162098
533,2,10,150,10,0.06625422345438903
534,2,10,150,10,0.0
535,2,10,150,10,0.2863459897524692
536,2,10,150,10,0.2114502791144043
537,2,10,150,10,0.23365080824310533
538,2,10,150,10,0.0
539,2,10,150,10,0.0
540,2,10,150,10,0.0
541,2,10,150,10,0.11004588314904008
542,2,10,150,10,0.21222636597291458
543,2,10,150,10,0.11004588314904008
544,2,10,150,10,0.0
545,2,10,150,10,0.11004588314904008
546,2,10,150,10,0.0
547,2,10,150,10,0.0
548,2,10,150,10,0.09478836436955078
549,2,10,150,10,0.0
550,2,10,150,10,0.0
551,2,10,150,10,0.2532954041105318
552,2,10,150,10,0.0
553,2,10,150,10,0.09478836436955078
554,2,10,150,10,0.13886244387355454
555,2,10,150,10,0.0
556,2,10,150,10,0.0
557,2,10,150,10,0.0
558,2,10,150,10,0.265053101293003
559,2,10,150,10,0.0
560,2,10,150,10,0.0
561,2,10,150,10,0.17947710508581735
562,2,10,150,10,0.0
563,2,10,150,10,0.0
564,2,10,150,10,0.0
565,2,10,150,10,0.12647135138382856
566,2,10,150,10,0.0
567,2,10,150,10,0.0
568,2,10,150,10,0.0
569,2,10,150,10,0.22009176629808017
570,2,10,150,10,0.0
571,2,10,150,10,0.0
572,2,10,150,10,0.0
573,2,10,150,10,0.0
574,2,10,150,10,0.0
575,2,10,150,10,0.0
576,2,10,150,10,0.0
577,2,10,150,10,0.13886244387355454
578,2,10,150,10,0.0
579,2,10,150,10,0.07336392209936005
580,2,10,150,10,0.13886244387355454
581,2,10,150,10,0.0
582,2,10,150,10,0.0
583,2,10,150,10,0.0
584,2,10,150,10,0.0
585,2,10,150,10,0.0
586,2,10,150,10,0.13886244387355454
587,2,10,150,10,0.0
588,2,10,150,10,0.0
589,2,10,150,10,0.0
590,2,10,150,10,0.0
591,2,10,150,10,0.0
592,2,10,150,10,0.35970991185182927
593,2,10,150,10,0.0
594,2,10,150,10,0.0
595,2,10,150,10,0.0
596,2,10,150,10,0.0
597,2,10,150,10,0.0
598,2,10,150,10,0.0
599,2,10,150,10,0.0
600,2,10,150,10,0.0
601,2,10,150,10,0.06943122193677727
602,2,10,150,10,0.0
603,2,10,150,10,0.0
604,2,10,150,10,0.0
605,2,10,150,10,0.11004588314904008
606,2,10,150,10,0.31488013066763093
607,2,10,150,10,0.0
608,2,10,150,10,0.22009176629808017
609,2,10,150,10,0.0
610,2,10,150,10,0.11752277470724268
611,2,10,150,10,0.0
612,2,10,150,10,0.15130120674940672
613,2,10,150,10,0.0
614,2,10,150,10,0.0
615,2,10,150,10,0.06625422345438903
616,2,10,150,10,0.0
617,2,10,150,10,0.0
618,2,10,150,10,0.3589542101716347
619,2,10,150,10,0.0
620,2,10,150,10,0.0
621,2,10,150,10,0.0
622,2,10,150,10,0.22009176629808017
623,2,10,150,10,0.0
624,2,10,150,10,0.06625422345438903
625,2,10,150,10,0.0
626,2,10,150,10,0.0
627,2,10,150,10,0.0
628,2,10,150,10,0.0
629,2,10,150,10,0.11706259313796354
630,2,10,150,10,0.0
631,2,10,150,10,0.0
632,2,10,150,10,0.1584091525685025
633,2,10,150,10,0.0
634,2,10,150,10,0.0
635,2,10,150,10,0.0
636,2,10,150,10,0.0
637,2,10,150,10,0.0
638,2,10,150,10,0.0
639,2,10,150,10,0.0
640,2,10,150,10,0.0
642,2,10,150,10,0.0
643,2,10,150,10,0.0
644,2,10,150,10,0.0
645,2,10,150,10,0.0
647,2,10,150,10,0.0
648,2,10,150,10,0.0
649,2,10,150,10,1.0
650,2,10,150,10,0.0
651,2,10,150,10,0.0
653,2,10,150,10,0.0
654,2,10,150,10,0.0
655,2,10,150,10,0.09478836436955078
658,2,10,150,10,0.0
1,2,10,150,11,1.0
2,2,10,150,11,0.163169180413793
3,2,10,150,11,0.0
4,2,10,150,11,0.0
5,2,10,150,11,0.06541518452970234
6,2,10,150,11,0.47448270169870743
7,2,10,150,11,0.07386356006695578
8,2,10,150,11,0.0
9,2,10,150,11,0.0
10,2,10,150,11,0.0
11,2,10,150,11,0.22311001803507466
12,2,10,150,11,0.0
13,2,10,150,11,0.4313057452203535
14,2,10,150,11,0.08930562034683721
15,2,10,150,11,0.0
16,2,10,150,11,0.3768851227787459
17,2,10,150,11,0.0
18,2,10,150,11,0.3951392009067095
19,2,10,150,11,0.0
20,2,10,150,11,0.0
21,2,10,150,11,0.0
22,2,10,150,11,0.0
23,2,10,150,11,0.4327717654176126
24,2,10,150,11,0.0
25,2,10,150,11,0.0
26,2,10,150,11,0.2073612289146658
27,2,10,150,11,0.0
28,2,10,150,11,0.057841952007295125
29,2,10,150,11,0.0
30,2,10,150,11,0.0
31,2,10,150,11,0.0
32,2,10,150,11,0.13083036905940468
33,2,10,150,11,0.0
34,2,10,150,11,0.0
35,2,10,150,11,0.0
36,2,10,150,11,0.0
37,2,10,150,11,0.0
38,2,10,150,11,0.0
39,2,10,150,11,0.0
40,2,10,150,11,0.06556429791586475
41,2,10,150,11,0.0
42,2,10,150,11,0.26520318092196093
43,2,10,150,11,0.06541518452970234
44,2,10,150,11,0.2322895900520149
45,2,10,150,11,0.0
46,2,10,150,11,0.0
47,2,10,150,11,0.0
48,2,10,150,11,0.0
49,2,10,150,11,0.057841952007295125
50,2,10,150,11,0.0
51,2,10,150,11,0.0
52,2,10,150,11,0.0
53,2,10,150,11,0.06794340091829075
54,2,10,150,11,0.06541518452970234
55,2,10,150,11,0.0
56,2,10,150,11,0.2073612289146658
57,2,10,150,11,0.0
58,2,10,150,11,0.0
59,2,10,150,11,0.5190972512600036
60,2,10,150,11,0.3110418433719987
61,2,10,150,11,0.0
62,2,10,150,11,0.4368259604000276
63,2,10,150,11,0.0
64,2,10,150,11,0.13083036905940468
65,2,10,150,11,0.2734705924177072
66,2,10,150,11,0.0
67,2,10,150,11,0.24630238874073
68,2,10,150,11,0.0
69,2,10,150,11,0.0
70,2,10,150,11,0.05994083762128166
71,2,10,150,11,0.0
72,2,10,150,11,0.3110418433719987
73,2,10,150,11,0.1492464579681189
74,2,10,150,11,0.17342765698823945
75,2,10,150,11,0.2073612289146658
76,2,10,150,11,0.19077120668068634
77,2,10,150,11,0.07386356006695578
78,2,10,150,11,0.0
79,2,10,150,11,0.0
80,2,10,150,11,0.09460634670666435
81,2,10,150,11,0.0
82,2,10,150,11,0.0
83,2,10,150,11,0.06541518452970234
84,2,10,150,11,0.0
85,2,10,150,11,0.4651236769561974
86,2,10,150,11,0.0
87,2,10,150,11,0.18319797415827913
88,2,10,150,11,0.0
89,2,10,150,11,0.16909579898703525
90,2,10,150,11,0.1695238938640801
91,2,10,150,11,0.0
92,2,10,150,11,0.28122478898162157
93,2,10,150,11,0.0
94,2,10,150,11,0.42837236133575396
95,2,10,150,11,0.11778278962857679
96,2,10,150,11,0.0
97,2,10,150,11,0.2073612289146658
98,2,10,150,11,0.0
99,2,10,150,11,0.1036806144573329
100,2,10,150,11,0.0
101,2,10,150,11,0.0
102,2,10,150,11,0.0
103,2,10,150,11,0.0
104,2,10,150,11,0.0
105,2,10,150,11,0.0
106,2,10,150,11,0.0
107,2,10,150,11,0.0
108,2,10,150,11,0.0
109,2,10,150,11,0.26730206653594746
110,2,10,150,11,0.08930562034683721
111,2,10,150,11,0.0
112,2,10,150,11,0.0
113,2,10,150,11,0.0
114,2,10,150,11,0.0
115,2,10,150,11,0.16610256429839257
116,2,10,150,11,0.057841952007295125
117,2,10,150,11,0.0
118,2,10,150,11,0.08021827351724287
119,2,10,150,11,0.18867232106669982
120,2,10,150,11,0.361879195385413
121,2,10,150,11,0.0
122,2,10,150,11,0.08930562034683721
123,2,10,150,11,0.13083036905940468
124,2,10,150,11,0.0
125,2,10,150,11,0.06541518452970234
126,2,10,150,11,0.0
127,2,10,150,11,0.0
128,2,10,150,11,0.0
129,2,10,150,11,0.0
130,2,10,150,11,0.08930562034683721
131,2,10,150,11,0.0
132,2,10,150,11,0.07667481399289292
133,2,10,150,11,0.0
134,2,10,150,11,0.0
135,2,10,150,11,0.0
136,2,10,150,11,0.0
137,2,10,150,11,0.0
138,2,10,150,11,0.13083036905940468
139,2,10,150,11,0.0
140,2,10,150,11,0.0
141,2,10,150,11,0.0
142,2,10,150,11,0.0
143,2,10,150,11,0.0
144,2,10,150,11,0.4875302811295354
145,2,10,150,11,0.19624555358910703
146,2,10,150,11,0.0
147,2,10,150,11,0.0
148,2,10,150,11,0.0
149,2,10,150,11,0.0
150,2,10,150,11,0.0
151,2,10,150,11,0.1695238938640801
152,2,10,150,11,0.0
153,2,10,150,11,0.0
154,2,10,150,11,0.0
155,2,10,150,11,0.0
156,2,10,150,11,0.0
157,2,10,150,11,0.0
158,2,10,150,11,0.15172757018789687
159,2,10,150,11,0.0
160,2,10,150,11,0.05994083762128166
161,2,10,150,11,0.0
162,2,10,150,11,0.0
163,2,10,150,11,0.0
164,2,10,150,11,0.0
165,2,10,150,11,0.0
166,2,10,150,11,0.0
167,2,10,150,11,0.0
168,2,10,150,11,0.0
169,2,10,150,11,0.0
170,2,10,150,11,0.0
171,2,10,150,11,0.0
172,2,10,150,11,0.0
173,2,10,150,11,0.0
174,2,10,150,11,0.39055920307294495
175,2,10,150,11,0.17993148201117176
176,2,10,150,11,0.0
177,2,10,150,11,0.48117556767924824
178,2,10,150,11,0.2973610282348421
179,2,10,150,11,0.0
180,2,10,150,11,0.06912040963822193
181,2,10,150,11,0.0
182,2,10,150,11,0.0
183,2,10,150,11,0.0
184,2,10,150,11,0.14264022335830254
185,2,10,150,11,0.0
186,2,10,150,11,0.0
187,2,10,150,11,0.0
188,2,10,150,11,0.29666684926150305
189,2,10,150,11,0.057841952007295125
190,2,10,150,11,0.0
191,2,10,150,11,0.0
192,2,10,150,11,0.0
193,2,10,150,11,0.0
194,2,10,150,11,0.2668497948711259
195,2,10,150,11,0.0
196,2,10,150,11,0.0
197,2,10,150,11,0.13380439768823743
198,2,10,150,11,0.06912040963822193
199,2,10,150,11,0.2529427027676571
200,2,10,150,11,0.2697831787557255
201,2,10,150,11,0.19624555358910703
202,2,10,150,11,0.27487633291429087
203,2,10,150,11,0.0
204,2,10,150,11,0.0
205,2,10,150,11,0.0
206,2,10,150,11,0.0
207,2,10,150,11,0.0
208,2,10,150,11,0.0
209,2,10,150,11,0.0
210,2,10,150,11,0.13170551207425088
211,2,10,150,11,0.0
212,2,10,150,11,0.0
213,2,10,150,11,0.0
214,2,10,150,11,0.06242194984105966
215,2,10,150,11,0.0
216,2,10,150,11,0.1036806144573329
217,2,10,150,11,0.06541518452970234
218,2,10,150,11,0.07386356006695578
219,2,10,150,11,0.0
220,2,10,150,11,0.0
221,2,10,150,11,0.17754417452428867
222,2,10,150,11,0.13628550990801544
223,2,10,150,11,0.0
224,2,10,150,11,0.0
225,2,10,150,11,0.0
226,2,10,150,11,0.0
227,2,10,150,11,0.0
228,2,10,150,11,0.0
229,2,10,150,11,0.0
230,2,10,150,11,0.27277641344436815
231,2,10,150,11,0.3903800499921017
232,2,10,150,11,0.0
233,2,10,150,11,0.1728010240955548
234,2,10,150,11,0.11778278962857679
235,2,10,150,11,0.0
236,2,10,150,11,0.0
237,2,10,150,11,0.0
238,2,10,150,11,0.0
239,2,10,150,11,0.0
240,2,10,150,11,0.0
241,2,10,150,11,0.0
242,2,10,150,11,0.0
243,2,10,150,11,0.3381915979740705
244,2,10,150,11,0.12535602215098401
245,2,10,150,11,0.0
246,2,10,150,11,0.2073612289146658
247,2,10,150,11,0.0
248,2,10,150,11,0.0
249,2,10,150,11,0.29666684926150305
250,2,10,150,11,0.0
251,2,10,150,11,0.138060225524538
252,2,10,150,11,0.13120507751234178
253,2,10,150,11,0.163169180413793
254,2,10,150,11,0.45818941572613103
255,2,10,150,11,0.0
256,2,10,150,11,0.46989711004832135
257,2,10,150,11,0.057841952007295125
258,2,10,150,11,0.0
259,2,10,150,11,0.0
260,2,10,150,11,0.0
261,2,10,150,11,0.0
262,2,10,150,11,0.13083036905940468
263,2,10,150,11,0.0
264,2,10,150,11,0.12325713653699746
265,2,10,150,11,0.0
266,2,10,150,11,0.0
267,2,10,150,11,0.0
268,2,10,150,11,0.3631199591114196
269,2,10,150,11,0.13154235947928158
270,2,10,150,11,0.1036806144573329
271,2,10,150,11,0.4540190782342189
272,2,10,150,11,0.1728010240955548
273,2,10,150,11,0.0
274,2,10,150,11,0.0
275,2,10,150,11,0.05994083762128166
276,2,10,150,11,0.3466399735113239
277,2,10,150,11,0.0
278,2,10,150,11,0.0
279,2,10,150,11,0.4937875458654563
280,2,10,150,11,0.0
281,2,10,150,11,0.0
282,2,10,150,11,0.0
283,2,10,150,11,0.0
284,2,10,150,11,0.0
285,2,10,150,11,0.0
286,2,10,150,11,0.08021827351724287
287,2,10,150,11,0.08930562034683721
288,2,10,150,11,0.06242194984105966
289,2,10,150,11,0.0
290,2,10,150,11,0.0
291,2,10,150,11,0.5109926220696254
292,2,10,150,11,0.4144496388900798
293,2,10,150,11,0.26730206653594746
294,2,10,150,11,0.06242194984105966
295,2,10,150,11,0.057841952007295125
296,2,10,150,11,0.0
297,2,10,150,11,0.0
298,2,10,150,11,0.36144306249886443
299,2,10,150,11,0.0
300,2,10,150,11,0.0
301,2,10,150,11,0.31472925703398047
302,2,10,150,11,0.0
303,2,10,150,11,0.5259695699661142
304,2,10,150,11,0.0
305,2,10,150,11,0.3581962149307799
306,2,10,150,11,0.0
307,2,10,150,11,0.08021827351724287
308,2,10,150,11,0.27277641344436815
309,2,10,150,11,0.0
310,2,10,150,11,0.0
311,2,10,150,11,0.3381915979740705
312,2,10,150,11,0.2073612289146658
313,2,10,150,11,0.3454214544392038
314,2,10,150,11,0.1728010240955548
315,2,10,150,11,0.06912040963822193
316,2,10,150,11,0.0
317,2,10,150,11,0.0
318,2,10,150,11,0.0
319,2,10,150,11,0.0
320,2,10,150,11,0.0
321,2,10,150,11,0.20469392912636045
322,2,10,150,11,0.2598916163189083
323,2,10,150,11,0.0
324,2,10,150,11,0.06541518452970234
325,2,10,150,11,0.0
326,2,10,150,11,0.14563345804694522
327,2,10,150,11,0.0
328,2,10,150,11,0.3381915979740705
329,2,10,150,11,0.0
330,2,10,150,11,0.0
331,2,10,150,11,0.0
332,2,10,150,11,0.4651236769561974
333,2,10,150,11,0.0
334,2,10,150,11,0.36578725889972497
335,2,10,150,11,0.0
336,2,10,150,11,0.163169180413793
337,2,10,150,11,0.08021827351724287
338,2,10,150,11,0.05994083762128166
339,2,10,150,11,0.2147538676851671
340,2,10,150,11,0.06541518452970234
341,2,10,150,11,0.0
342,2,10,150,11,0.39813243559535216
343,2,10,150,11,0.41205515804102627
344,2,10,150,11,0.27277641344436815
345,2,10,150,11,0.12236278746234133
346,2,10,150,11,0.525064514577479
347,2,10,150,11,0.3475203400531903
348,2,10,150,11,0.0
349,2,10,150,11,0.163169180413793
350,2,10,150,11,0.057841952007295125
351,2,10,150,11,0.0
352,2,10,150,11,0.163169180413793
353,2,10,150,11,0.0
354,2,10,150,11,0.1036806144573329
355,2,10,150,11,0.0
356,2,10,150,11,0.0
357,2,10,150,11,0.1492464579681189
358,2,10,150,11,0.0
359,2,10,150,11,0.0
360,2,10,150,11,0.3110418433719987
361,2,10,150,11,0.06912040963822193
362,2,10,150,11,0.0
363,2,10,150,11,0.2697831787557255
364,2,10,150,11,0.0
365,2,10,150,11,0.0
366,2,10,150,11,0.0
367,2,10,150,11,0.0
368,2,10,150,11,0.0
369,2,10,150,11,0.21386152848601384
370,2,10,150,11,0.0
371,2,10,150,11,0.0
372,2,10,150,11,0.06242194984105966
373,2,10,150,11,0.06541518452970234
374,2,10,150,11,0.1962263475292971
375,2,10,150,11,0.0
376,2,10,150,11,0.0
377,2,10,150,11,0.2529427027676571
378,2,10,150,11,0.06541518452970234
379,2,10,150,11,0.13083036905940468
380,2,10,150,11,0.1728010240955548
381,2,10,150,11,0.12906124725950358
382,2,10,150,11,0.05994083762128166
383,2,10,150,11,0.0
384,2,10,150,11,0.0
385,2,10,150,11,0.27498470672489433
386,2,10,150,11,0.0
387,2,10,150,11,0.18690319926679871
388,2,10,150,11,0.0
389,2,10,150,11,0.34364673882268126
390,2,10,150,11,0.0
391,2,10,150,11,0.19077120668068634
392,2,10,150,11,0.0
393,2,10,150,11,0.0
394,2,10,150,11,0.2073612289146658
395,2,10,150,11,0.0
396,2,10,150,11,0.06242194984105966
397,2,10,150,11,0.19298623480417013
398,2,10,150,11,0.2025810609795842
399,2,10,150,11,0.06912040963822193
400,2,10,150,11,0.0
401,2,10,150,11,0.0
402,2,10,150,11,0.17754417452428867
403,2,10,150,11,0.2073612289146658
404,2,10,150,11,0.0
405,2,10,150,11,0.4268582470285668
406,2,10,150,11,0.20347541005424033
407,2,10,150,11,0.21626798199235428
408,2,10,150,11,0.0
409,2,10,150,11,0.13083036905940468
410,2,10,150,11,0.0
411,2,10,150,11,0.2073612289146658
412,2,10,150,11,0.0
413,2,10,150,11,0.2073612289146658
414,2,10,150,11,0.0
415,2,10,150,11,0.11004588314904008
416,2,10,150,11,0.6235497069412566
417,2,10,150,11,0.6250701865896825
418,2,10,150,11,0.0
419,2,10,150,11,0.1036806144573329
420,2,10,150,11,0.0
421,2,10,150,11,0.26730206653594746
422,2,10,150,11,0.05994083762128166
423,2,10,150,11,0.0
424,2,10,150,11,0.0
425,2,10,150,11,0.06541518452970234
426,2,10,150,11,0.0
427,2,10,150,11,0.0
428,2,10,150,11,0.0
429,2,10,150,11,0.7709633633916831
430,2,10,150,11,0.1036806144573329
431,2,10,150,11,0.0
432,2,10,150,11,0.06541518452970234
433,2,10,150,11,0.07386356006695578
434,2,10,150,11,0.0
435,2,10,150,11,0.4774703425707286
436,2,10,150,11,0.06541518452970234
437,2,10,150,11,0.33519836328542785
438,2,10,150,11,0.0
439,2,10,150,11,0.0
440,2,10,150,11,0.0
441,2,10,150,11,0.1731866333482261
442,2,10,150,11,0.05994083762128166
443,2,10,150,11,0.0
444,2,10,150,11,0.0
445,2,10,150,11,0.0
446,2,10,150,11,0.0
447,2,10,150,11,0.05994083762128166
448,2,10,150,11,0.0
449,2,10,150,11,0.0
450,2,10,150,11,0.4899191681619674
451,2,10,150,11,0.0
452,2,10,150,11,0.2510942709077595
453,2,10,150,11,0.2529270724254518
454,2,10,150,11,0.0
455,2,10,150,11,0.2762088196136359
456,2,10,150,11,0.28122478898162157
457,2,10,150,11,0.6459673877181746
458,2,10,150,11,0.40034746371883595
459,2,10,150,11,0.26730206653594746
460,2,10,150,11,0.13083036905940468
461,2,10,150,11,0.0
462,2,10,150,11,0.0
463,2,10,150,11,0.3110418433719987
464,2,10,150,11,0.0
465,2,10,150,11,0.14714757235413234
466,2,10,150,11,0.0
467,2,10,150,11,0.0
468,2,10,150,11,0.32795106566335797
469,2,10,150,11,0.0
470,2,10,150,11,0.0
471,2,10,150,11,0.0
472,2,10,150,11,0.4073120076122924
473,2,10,150,11,0.21104864257664757
474,2,10,150,11,0.49493399650361686
475,2,10,150,11,0.07311683844390994
476,2,10,150,11,0.0
477,2,10,150,11,0.07075576072108061
478,2,10,150,11,0.16610256429839257
479,2,10,150,11,0.2697831787557255
480,2,10,150,11,0.06541518452970234
481,2,10,150,11,0.0
482,2,10,150,11,0.0
483,2,10,150,11,0.0
484,2,10,150,11,0.26730206653594746
485,2,10,150,11,0.0
486,2,10,150,11,0.05994083762128166
487,2,10,150,11,0.33519836328542785
488,2,10,150,11,0.0
489,2,10,150,11,0.0
490,2,10,150,11,0.13083036905940468
491,2,10,150,11,0.0
492,2,10,150,11,0.1695238938640801
493,2,10,150,11,0.057841952007295125
494,2,10,150,11,0.0
495,2,10,150,11,0.0
496,2,10,150,11,0.06541518452970234
497,2,10,150,11,0.2939995494731977
498,2,10,150,11,0.18389888797457576
499,2,10,150,11,0.0
500,2,10,150,11,0.44707374040057224
501,2,10,150,11,0.0
502,2,10,150,11,0.0
503,2,10,150,11,0.07386356006695578
504,2,10,150,11,0.19695754400898396
505,2,10,150,11,0.13083036905940468
506,2,10,150,11,0.18690319926679871
507,2,10,150,11,0.0
508,2,10,150,11,0.2073612289146658
509,2,10,150,11,0.0
510,2,10,150,11,0.0
511,2,10,150,11,0.0
512,2,10,150,11,0.0
513,2,10,150,11,0.0
514,2,10,150,11,0.26520318092196093
515,2,10,150,11,0.0
516,2,10,150,11,0.0843142342558857
517,2,10,150,11,0.0
518,2,10,150,11,0.13083036905940468
519,2,10,150,11,0.0
520,2,10,150,11,0.0
521,2,10,150,11,0.0
522,2,10,150,11,0.0
523,2,10,150,11,0.36144306249886443
524,2,10,150,11,0.05994083762128166
525,2,10,150,11,0.0
526,2,10,150,11,0.0
527,2,10,150,11,0.42228895550878126
528,2,10,150,11,0.12325713653699746
529,2,10,150,11,0.0
530,2,10,150,11,0.0
531,2,10,150,11,0.0
532,2,10,150,11,0.08021827351724287
533,2,10,150,11,0.06242194984105966
534,2,10,150,11,0.0
535,2,10,150,11,0.2697831787557255
536,2,10,150,11,0.19921958221793978
537,2,10,150,11,0.2201359894062419
538,2,10,150,11,0.0
539,2,10,150,11,0.0
540,2,10,150,11,0.0
541,2,10,150,11,0.1036806144573329
542,2,10,150,11,0.19995077869762662
543,2,10,150,11,0.1036806144573329
544,2,10,150,11,0.0
545,2,10,150,11,0.1036806144573329
546,2,10,150,11,0.0
547,2,10,150,11,0.0
548,2,10,150,11,0.08930562034683721
549,2,10,150,11,0.0
550,2,10,150,11,0.0
551,2,10,150,11,0.2964862555095971
552,2,10,150,11,0.0
553,2,10,150,11,0.08930562034683721
554,2,10,150,11,0.13083036905940468
555,2,10,150,11,0.0
556,2,10,150,11,0.0
557,2,10,150,11,0.0
558,2,10,150,11,0.265053101293003
559,2,10,150,11,0.0
560,2,10,150,11,0.0
561,2,10,150,11,0.16909579898703525
562,2,10,150,11,0.0
563,2,10,150,11,0.0
564,2,10,150,11,0.0
565,2,10,150,11,0.12647135138382856
566,2,10,150,11,0.0
567,2,10,150,11,0.0
568,2,10,150,11,0.0
569,2,10,150,11,0.2073612289146658
570,2,10,150,11,0.0
571,2,10,150,11,0.0
572,2,10,150,11,0.0
573,2,10,150,11,0.0
574,2,10,150,11,0.0
575,2,10,150,11,0.0
576,2,10,150,11,0.0
577,2,10,150,11,0.13083036905940468
578,2,10,150,11,0.0
579,2,10,150,11,0.06912040963822193
580,2,10,150,11,0.13886244387355454
581,2,10,150,11,0.0
582,2,10,150,11,0.0
583,2,10,150,11,0.0
584,2,10,150,11,0.0
585,2,10,150,11,0.0
586,2,10,150,11,0.13083036905940468
587,2,10,150,11,0.0
588,2,10,150,11,0.0
589,2,10,150,11,0.0
590,2,10,150,11,0.06139304560474655
591,2,10,150,11,0.0
592,2,10,150,11,0.3389035883939474
593,2,10,150,11,0.0
594,2,10,150,11,0.0
595,2,10,150,11,0.0
596,2,10,150,11,0.0
597,2,10,150,11,0.0
598,2,10,150,11,0.0
599,2,10,150,11,0.0
600,2,10,150,11,0.0
601,2,10,150,11,0.06541518452970234
602,2,10,150,11,0.0
603,2,10,150,11,0.0
604,2,10,150,11,0.0
605,2,10,150,11,0.1036806144573329
606,2,10,150,11,0.35450880126879813
607,2,10,150,11,0.08440880858250024
608,2,10,150,11,0.2073612289146658
609,2,10,150,11,0.0
610,2,10,150,11,0.11752277470724268
611,2,10,150,11,0.0
612,2,10,150,11,0.15130120674940672
613,2,10,150,11,0.0
614,2,10,150,11,0.0
615,2,10,150,11,0.06242194984105966
616,2,10,150,11,0.0
617,2,10,150,11,0.0
618,2,10,150,11,0.3381915979740705
619,2,10,150,11,0.0
620,2,10,150,11,0.0
621,2,10,150,11,0.0
622,2,10,150,11,0.2073612289146658
623,2,10,150,11,0.0
624,2,10,150,11,0.06242194984105966
625,2,10,150,11,0.0
626,2,10,150,11,0.0
627,2,10,150,11,0.0
628,2,10,150,11,0.0
629,2,10,150,11,0.11706259313796354
630,2,10,150,11,0.0
631,2,10,150,11,0.0
632,2,10,150,11,0.1492464579681189
633,2,10,150,11,0.07667481399289292
634,2,10,150,11,0.0
635,2,10,150,11,0.0
636,2,10,150,11,0.0
637,2,10,150,11,0.0
638,2,10,150,11,0.0
639,2,10,150,11,0.0
640,2,10,150,11,0.0
642,2,10,150,11,0.0
643,2,10,150,11,0.0
644,2,10,150,11,0.0
645,2,10,150,11,0.0
647,2,10,150,11,0.0
648,2,10,150,11,0.0
649,2,10,150,11,1.0
650,2,10,150,11,0.0
651,2,10,150,11,0.0
653,2,10,150,11,0.0
654,2,10,150,11,0.0
655,2,10,150,11,0.14714757235413234
658,2,10,150,11,0.0
1,2,10,150,12,1.0
2,2,10,150,12,0.15451086791783664
3,2,10,150,12,0.0
4,2,10,150,12,0.0
5,2,10,150,12,0.06194403202282284
6,2,10,150,12,0.44930503337424377
7,2,10,150,12,0.12300751415496051
8,2,10,150,12,0.0
9,2,10,150,12,0.0
10,2,10,150,12,0.05306340617755807
11,2,10,150,12,0.21127104052579718
12,2,10,150,12,0.0
13,2,10,150,12,0.40841919327501147
14,2,10,150,12,0.0845667599404342
15,2,10,150,12,0.0
16,2,10,150,12,0.35688631442645846
17,2,10,150,12,0.0
18,2,10,150,12,0.374171768992321
19,2,10,150,12,0.0
20,2,10,150,12,0.0
21,2,10,150,12,0.0
22,2,10,150,12,0.0
23,2,10,150,12,0.40980742144707893
24,2,10,150,12,0.0
25,2,10,150,12,0.0
26,2,10,150,12,0.19635793579928928
27,2,10,150,12,0.0
28,2,10,150,12,0.0547726610138292
29,2,10,150,12,0.0
30,2,10,150,12,0.0
31,2,10,150,12,0.0
32,2,10,150,12,0.12388806404564567
33,2,10,150,12,0.0
34,2,10,150,12,0.0
35,2,10,150,12,0.0
36,2,10,150,12,0.0
37,2,10,150,12,0.0
38,2,10,150,12,0.0
39,2,10,150,12,0.0
40,2,10,150,12,0.06556429791586475
41,2,10,150,12,0.0
42,2,10,150,12,0.2511305968131185
43,2,10,150,12,0.06194403202282284
44,2,10,150,12,0.2730269193618245
45,2,10,150,12,0.0
46,2,10,150,12,0.0
47,2,10,150,12,0.0
48,2,10,150,12,0.0
49,2,10,150,12,0.0547726610138292
50,2,10,150,12,0.0
51,2,10,150,12,0.0
52,2,10,150,12,0.0
53,2,10,150,12,0.06794340091829075
54,2,10,150,12,0.06194403202282284
55,2,10,150,12,0.0
56,2,10,150,12,0.24942134197684737
57,2,10,150,12,0.0
58,2,10,150,12,0.0
59,2,10,150,12,0.4915521829707401
60,2,10,150,12,0.34760030987649204
61,2,10,150,12,0.0
62,2,10,150,12,0.413646487034419
63,2,10,150,12,0.0
64,2,10,150,12,0.12388806404564567
65,2,10,150,12,0.258959311294629
66,2,10,150,12,0.0
67,2,10,150,12,0.24630238874073
68,2,10,150,12,0.0
69,2,10,150,12,0.05306340617755807
70,2,10,150,12,0.056760172607960534
71,2,10,150,12,0.0
72,2,10,150,12,0.2945369036989339
73,2,10,150,12,0.14132693254839473
74,2,10,150,12,0.17342765698823945
75,2,10,150,12,0.19635793579928928
76,2,10,150,12,0.18064823665360621
77,2,10,150,12,0.06994410797740244
78,2,10,150,12,0.0
79,2,10,150,12,0.0
80,2,10,150,12,0.09460634670666435
81,2,10,150,12,0.0
82,2,10,150,12,0.0
83,2,10,150,12,0.06194403202282284
84,2,10,150,12,0.0
85,2,10,150,12,0.44044263036307135
86,2,10,150,12,0.0
87,2,10,150,12,0.17347686564461257
88,2,10,150,12,0.0
89,2,10,150,12,0.16012299992246748
90,2,10,150,12,0.16052837862716918
91,2,10,150,12,0.0
92,2,10,150,12,0.2663020437766917
93,2,10,150,12,0.0
94,2,10,150,12,0.4056414647309552
95,2,10,150,12,0.11153283362178974
96,2,10,150,12,0.05306340617755807
97,2,10,150,12,0.19635793579928928
98,2,10,150,12,0.0
99,2,10,150,12,0.15124237407720273
100,2,10,150,12,0.0
101,2,10,150,12,0.0
102,2,10,150,12,0.0
103,2,10,150,12,0.0
104,2,10,150,12,0.0
105,2,10,150,12,0.0
106,2,10,150,12,0.0
107,2,10,150,12,0.0
108,2,10,150,12,0.0
109,2,10,150,12,0.25311810840724985
110,2,10,150,12,0.0845667599404342
111,2,10,150,12,0.0
112,2,10,150,12,0.0
113,2,10,150,12,0.05306340617755807
114,2,10,150,12,0.0
115,2,10,150,12,0.157288596461893
116,2,10,150,12,0.0547726610138292
117,2,10,150,12,0.0
118,2,10,150,12,0.07596161868673496
119,2,10,150,12,0.17866072505947486
120,2,10,150,12,0.361879195385413
121,2,10,150,12,0.0
122,2,10,150,12,0.0845667599404342
123,2,10,150,12,0.12388806404564567
124,2,10,150,12,0.0
125,2,10,150,12,0.1150074382003809
126,2,10,150,12,0.0
127,2,10,150,12,0.0
128,2,10,150,12,0.0
129,2,10,150,12,0.0
130,2,10,150,12,0.0845667599404342
131,2,10,150,12,0.0
132,2,10,150,12,0.07667481399289292
133,2,10,150,12,0.0
134,2,10,150,12,0.0
135,2,10,150,12,0.0
136,2,10,150,12,0.0
137,2,10,150,12,0.0
138,2,10,150,12,0.12388806404564567
139,2,10,150,12,0.0
140,2,10,150,12,0.0
141,2,10,150,12,0.0
142,2,10,150,12,0.0
143,2,10,150,12,0.0
144,2,10,150,12,0.46166026379809977
145,2,10,150,12,0.1858320960684685
146,2,10,150,12,0.0
147,2,10,150,12,0.0
148,2,10,150,12,0.0
149,2,10,150,12,0.0
150,2,10,150,12,0.0
151,2,10,150,12,0.16052837862716918
152,2,10,150,12,0.0
153,2,10,150,12,0.0
154,2,10,150,12,0.0
155,2,10,150,12,0.0
156,2,10,150,12,0.0
157,2,10,150,12,0.0
158,2,10,150,12,0.14367638850268255
159,2,10,150,12,0.0
160,2,10,150,12,0.056760172607960534
161,2,10,150,12,0.0
162,2,10,150,12,0.0
163,2,10,150,12,0.0
164,2,10,150,12,0.0
165,2,10,150,12,0.0
166,2,10,150,12,0.0
167,2,10,150,12,0.0
168,2,10,150,12,0.0
169,2,10,150,12,0.0
170,2,10,150,12,0.0
171,2,10,150,12,0.0
172,2,10,150,12,0.0
173,2,10,150,12,0.0
174,2,10,150,12,0.3698348014439019
175,2,10,150,12,0.17993148201117176
176,2,10,150,12,0.0
177,2,10,150,12,0.5087061592663252
178,2,10,150,12,0.28158203921224034
179,2,10,150,12,0.0
180,2,10,150,12,0.06545264526642976
181,2,10,150,12,0.0
182,2,10,150,12,0.0
183,2,10,150,12,0.0
184,2,10,150,12,0.1881346534265414
185,2,10,150,12,0.0
186,2,10,150,12,0.0
187,2,10,150,12,0.0
188,2,10,150,12,0.2809246957397235
189,2,10,150,12,0.0547726610138292
190,2,10,150,12,0.0
191,2,10,150,12,0.0
192,2,10,150,12,0.0
193,2,10,150,12,0.0
194,2,10,150,12,0.2526898358174813
195,2,10,150,12,0.0
196,2,10,150,12,0.0
197,2,10,150,12,0.12670428058536298
198,2,10,150,12,0.06545264526642976
199,2,10,150,12,0.2529427027676571
200,2,10,150,12,0.30853097053909573
201,2,10,150,12,0.1858320960684685
202,2,10,150,12,0.27487633291429087
203,2,10,150,12,0.05947719272904215
204,2,10,150,12,0.0
205,2,10,150,12,0.0
206,2,10,150,12,0.0
207,2,10,150,12,0.05306340617755807
208,2,10,150,12,0.0
209,2,10,150,12,0.0
210,2,10,150,12,0.12471676899123163
211,2,10,150,12,0.0
212,2,10,150,12,0.0
213,2,10,150,12,0.0
214,2,10,150,12,0.059109628562248356
215,2,10,150,12,0.0
216,2,10,150,12,0.09817896789964464
217,2,10,150,12,0.06194403202282284
218,2,10,150,12,0.06994410797740244
219,2,10,150,12,0.0
220,2,10,150,12,0.0
221,2,10,150,12,0.16812307587704708
222,2,10,150,12,0.1290537365396508
223,2,10,150,12,0.0
224,2,10,150,12,0.0
225,2,10,150,12,0.0
226,2,10,150,12,0.0
227,2,10,150,12,0.0
228,2,10,150,12,0.0
229,2,10,150,12,0.0
230,2,10,150,12,0.2583019678221121
231,2,10,150,12,0.3903800499921017
232,2,10,150,12,0.0
233,2,10,150,12,0.16363161316607439
234,2,10,150,12,0.11153283362178974
235,2,10,150,12,0.0
236,2,10,150,12,0.0
237,2,10,150,12,0.0
238,2,10,150,12,0.0
239,2,10,150,12,0.0
240,2,10,150,12,0.0
241,2,10,150,12,0.0
242,2,10,150,12,0.0
243,2,10,150,12,0.32024599984493496
244,2,10,150,12,0.11870420463078338
245,2,10,150,12,0.0
246,2,10,150,12,0.19635793579928928
247,2,10,150,12,0.0
248,2,10,150,12,0.0
249,2,10,150,12,0.2809246957397235
250,2,10,150,12,0.0
251,2,10,150,12,0.13073427970056417
252,2,10,150,12,0.13120507751234178
253,2,10,150,12,0.15451086791783664
254,2,10,150,12,0.43387632465319736
255,2,10,150,12,0.0
256,2,10,150,12,0.44496276883616653
257,2,10,150,12,0.0547726610138292
258,2,10,150,12,0.0
259,2,10,150,12,0.0
260,2,10,150,12,0.0
261,2,10,150,12,0.0
262,2,10,150,12,0.12388806404564567
263,2,10,150,12,0.0
264,2,10,150,12,0.11671669303665204
265,2,10,150,12,0.0
266,2,10,150,12,0.0
267,2,10,150,12,0.0
268,2,10,150,12,0.34385157722991205
269,2,10,150,12,0.12456227382867811
270,2,10,150,12,0.09817896789964464
271,2,10,150,12,0.429927279473516
272,2,10,150,12,0.16363161316607439
273,2,10,150,12,0.0
274,2,10,150,12,0.0
275,2,10,150,12,0.056760172607960534
276,2,10,150,12,0.38130948197707265
277,2,10,150,12,0.0
278,2,10,150,12,0.0
279,2,10,150,12,0.46758549675377803
280,2,10,150,12,0.0
281,2,10,150,12,0.0
282,2,10,150,12,0.0
283,2,10,150,12,0.0
284,2,10,150,12,0.0
285,2,10,150,12,0.0
286,2,10,150,12,0.07596161868673496
287,2,10,150,12,0.0845667599404342
288,2,10,150,12,0.059109628562248356
289,2,10,150,12,0.0
290,2,10,150,12,0.0
291,2,10,150,12,0.48387761301100946
292,2,10,150,12,0.39245752936151324
293,2,10,150,12,0.25311810840724985
294,2,10,150,12,0.059109628562248356
295,2,10,150,12,0.0547726610138292
296,2,10,150,12,0.0
297,2,10,150,12,0.0
298,2,10,150,12,0.3422636624634267
299,2,10,150,12,0.0
300,2,10,150,12,0.0
301,2,10,150,12,0.3510920568095834
302,2,10,150,12,0.0
303,2,10,150,12,0.4980598330379667
304,2,10,150,12,0.0
305,2,10,150,12,0.33918910368664407
306,2,10,150,12,0.0
307,2,10,150,12,0.07596161868673496
308,2,10,150,12,0.31136537399967024
309,2,10,150,12,0.0
310,2,10,150,12,0.0
311,2,10,150,12,0.373309406022493
312,2,10,150,12,0.19635793579928928
313,2,10,150,12,0.32709221549985346
314,2,10,150,12,0.16363161316607439
315,2,10,150,12,0.06545264526642976
316,2,10,150,12,0.0
317,2,10,150,12,0.0
318,2,10,150,12,0.0
319,2,10,150,12,0.0
320,2,10,150,12,0.05306340617755807
321,2,10,150,12,0.19383217202304812
322,2,10,150,12,0.24610088192003596
323,2,10,150,12,0.0
324,2,10,150,12,0.06194403202282284
325,2,10,150,12,0.0
326,2,10,150,12,0.1379056507095578
327,2,10,150,12,0.0
328,2,10,150,12,0.32024599984493496
329,2,10,150,12,0.0
330,2,10,150,12,0.05306340617755807
331,2,10,150,12,0.0
332,2,10,150,12,0.44044263036307135
333,2,10,150,12,0.0
334,2,10,150,12,0.34637734100615325
335,2,10,150,12,0.0
336,2,10,150,12,0.20757427409539472
337,2,10,150,12,0.07596161868673496
338,2,10,150,12,0.056760172607960534
339,2,10,150,12,0.2033582959759875
340,2,10,150,12,0.06194403202282284
341,2,10,150,12,0.0
342,2,10,150,12,0.37700617245289547
343,2,10,150,12,0.4432535139998955
344,2,10,150,12,0.2583019678221121
345,2,10,150,12,0.1158698011702089
346,2,10,150,12,0.497202802971032
347,2,10,150,12,0.3290797270939848
348,2,10,150,12,0.0
349,2,10,150,12,0.163169180413793
350,2,10,150,12,0.0547726610138292
351,2,10,150,12,0.0
352,2,10,150,12,0.15451086791783664
353,2,10,150,12,0.0
354,2,10,150,12,0.15124237407720273
355,2,10,150,12,0.0
356,2,10,150,12,0.0
357,2,10,150,12,0.14132693254839473
358,2,10,150,12,0.0
359,2,10,150,12,0.0
360,2,10,150,12,0.2945369036989339
361,2,10,150,12,0.06545264526642976
362,2,10,150,12,0.0
363,2,10,150,12,0.25546756436153767
364,2,10,150,12,0.0
365,2,10,150,12,0.0
366,2,10,150,12,0.0
367,2,10,150,12,0.0
368,2,10,150,12,0.0
369,2,10,150,12,0.21386152848601384
370,2,10,150,12,0.0
371,2,10,150,12,0.0
372,2,10,150,12,0.059109628562248356
373,2,10,150,12,0.06194403202282284
374,2,10,150,12,0.18581390914761134
375,2,10,150,12,0.0
376,2,10,150,12,0.0
377,2,10,150,12,0.2529427027676571
378,2,10,150,12,0.1150074382003809
379,2,10,150,12,0.17695147022320376
380,2,10,150,12,0.16363161316607439
381,2,10,150,12,0.12221281787439028
382,2,10,150,12,0.056760172607960534
383,2,10,150,12,0.0
384,2,10,150,12,0.0
385,2,10,150,12,0.2603930815393346
386,2,10,150,12,0.0
387,2,10,150,12,0.17698547888821947
388,2,10,150,12,0.0
389,2,10,150,12,0.3784750785164982
390,2,10,150,12,0.0
391,2,10,150,12,0.18064823665360621
392,2,10,150,12,0.0
393,2,10,150,12,0.0
394,2,10,150,12,0.19635793579928928
395,2,10,150,12,0.0
396,2,10,150,12,0.059109628562248356
397,2,10,150,12,0.18274572784007886
398,2,10,150,12,0.19183141985694385
399,2,10,150,12,0.06545264526642976
400,2,10,150,12,0.0
401,2,10,150,12,0.0
402,2,10,150,12,0.16812307587704708
403,2,10,150,12,0.19635793579928928
404,2,10,150,12,0.0
405,2,10,150,12,0.4042076944862495
406,2,10,150,12,0.24574171790094507
407,2,10,150,12,0.20479206622069315
408,2,10,150,12,0.0
409,2,10,150,12,0.12388806404564567
410,2,10,150,12,0.0
411,2,10,150,12,0.19635793579928928
412,2,10,150,12,0.05306340617755807
413,2,10,150,12,0.19635793579928928
414,2,10,150,12,0.0
415,2,10,150,12,0.11004588314904008
416,2,10,150,12,0.5904620355699354
417,2,10,150,12,0.5919018333891921
418,2,10,150,12,0.0
419,2,10,150,12,0.09817896789964464
420,2,10,150,12,0.0
421,2,10,150,12,0.3061815145848079
422,2,10,150,12,0.056760172607960534
423,2,10,150,12,0.0
424,2,10,150,12,0.0
425,2,10,150,12,0.06194403202282284
426,2,10,150,12,0.0
427,2,10,150,12,0.0
428,2,10,150,12,0.0
429,2,10,150,12,0.7300534212920139
430,2,10,150,12,0.09817896789964464
431,2,10,150,12,0.0
432,2,10,150,12,0.06194403202282284
433,2,10,150,12,0.06994410797740244
434,2,10,150,12,0.0
435,2,10,150,12,0.5051975460227184
436,2,10,150,12,0.06194403202282284
437,2,10,150,12,0.3174115963843605
438,2,10,150,12,0.0
439,2,10,150,12,0.0
440,2,10,150,12,0.0
441,2,10,150,12,0.1731866333482261
442,2,10,150,12,0.10982357878551863
443,2,10,150,12,0.0
444,2,10,150,12,0.0
445,2,10,150,12,0.0
446,2,10,150,12,0.0
447,2,10,150,12,0.056760172607960534
448,2,10,150,12,0.0
449,2,10,150,12,0.0
450,2,10,150,12,0.5169857945251756
451,2,10,150,12,0.0
452,2,10,150,12,0.23777035362172325
453,2,10,150,12,0.23950590044803938
454,2,10,150,12,0.0
455,2,10,150,12,0.2615522388286537
456,2,10,150,12,0.2663020437766917
457,2,10,150,12,0.664753564023787
458,2,10,150,12,0.37910366363936815
459,2,10,150,12,0.25311810840724985
460,2,10,150,12,0.12388806404564567
461,2,10,150,12,0.0
462,2,10,150,12,0.0
463,2,10,150,12,0.2945369036989339
464,2,10,150,12,0.0
465,2,10,150,12,0.1924028271318215
466,2,10,150,12,0.0
467,2,10,150,12,0.05306340617755807
468,2,10,150,12,0.31054886505970014
469,2,10,150,12,0.0
470,2,10,150,12,0.0
471,2,10,150,12,0.0
472,2,10,150,12,0.3856986451113647
473,2,10,150,12,0.19984968273238063
474,2,10,150,12,0.5217345189936214
475,2,10,150,12,0.07311683844390994
476,2,10,150,12,0.0
477,2,10,150,12,0.07075576072108061
478,2,10,150,12,0.157288596461893
479,2,10,150,12,0.25546756436153767
480,2,10,150,12,0.1150074382003809
481,2,10,150,12,0.0
482,2,10,150,12,0.0
483,2,10,150,12,0.0
484,2,10,150,12,0.25311810840724985
485,2,10,150,12,0.0
486,2,10,150,12,0.056760172607960534
487,2,10,150,12,0.3704750025619186
488,2,10,150,12,0.0
489,2,10,150,12,0.0
490,2,10,150,12,0.12388806404564567
491,2,10,150,12,0.0
492,2,10,150,12,0.16052837862716918
493,2,10,150,12,0.10783606719138729
494,2,10,150,12,0.0
495,2,10,150,12,0.0
496,2,10,150,12,0.06194403202282284
497,2,10,150,12,0.2783989319634823
498,2,10,150,12,0.1741405865863796
499,2,10,150,12,0.0
500,2,10,150,12,0.47641389109993465
501,2,10,150,12,0.0
502,2,10,150,12,0.0
503,2,10,150,12,0.06994410797740244
504,2,10,150,12,0.23956971202905905
505,2,10,150,12,0.12388806404564567
506,2,10,150,12,0.17698547888821947
507,2,10,150,12,0.0
508,2,10,150,12,0.19635793579928928
509,2,10,150,12,0.0
510,2,10,150,12,0.0
511,2,10,150,12,0.0
512,2,10,150,12,0.0
513,2,10,150,12,0.0
514,2,10,150,12,0.2511305968131185
515,2,10,150,12,0.0
516,2,10,150,12,0.0843142342558857
517,2,10,150,12,0.0
518,2,10,150,12,0.12388806404564567
519,2,10,150,12,0.0
520,2,10,150,12,0.0
521,2,10,150,12,0.0
522,2,10,150,12,0.0
523,2,10,150,12,0.3422636624634267
524,2,10,150,12,0.10982357878551863
525,2,10,150,12,0.0
526,2,10,150,12,0.0
527,2,10,150,12,0.39988086513832205
528,2,10,150,12,0.11671669303665204
529,2,10,150,12,0.0
530,2,10,150,12,0.0
531,2,10,150,12,0.0
532,2,10,150,12,0.07596161868673496
533,2,10,150,12,0.059109628562248356
534,2,10,150,12,0.0
535,2,10,150,12,0.25546756436153767
536,2,10,150,12,0.18864831260818582
537,2,10,150,12,0.20845482398607987
538,2,10,150,12,0.05306340617755807
539,2,10,150,12,0.0
540,2,10,150,12,0.0
541,2,10,150,12,0.09817896789964464
542,2,10,150,12,0.18934070931207542
543,2,10,150,12,0.09817896789964464
544,2,10,150,12,0.0
545,2,10,150,12,0.09817896789964464
546,2,10,150,12,0.0
547,2,10,150,12,0.0
548,2,10,150,12,0.0845667599404342
549,2,10,150,12,0.0
550,2,10,150,12,0.0
551,2,10,150,12,0.28075368490742814
552,2,10,150,12,0.0
553,2,10,150,12,0.0845667599404342
554,2,10,150,12,0.12388806404564567
555,2,10,150,12,0.0
556,2,10,150,12,0.05306340617755807
557,2,10,150,12,0.0
558,2,10,150,12,0.265053101293003
559,2,10,150,12,0.0
560,2,10,150,12,0.0
561,2,10,150,12,0.16012299992246748
562,2,10,150,12,0.0
563,2,10,150,12,0.0
564,2,10,150,12,0.0
565,2,10,150,12,0.19482612055561835
566,2,10,150,12,0.0
567,2,10,150,12,0.0
568,2,10,150,12,0.0
569,2,10,150,12,0.19635793579928928
570,2,10,150,12,0.0
571,2,10,150,12,0.0
572,2,10,150,12,0.0
573,2,10,150,12,0.0
574,2,10,150,12,0.0
575,2,10,150,12,0.0
576,2,10,150,12,0.0
577,2,10,150,12,0.12388806404564567
578,2,10,150,12,0.0
579,2,10,150,12,0.06545264526642976
580,2,10,150,12,0.13886244387355454
581,2,10,150,12,0.0
582,2,10,150,12,0.0
583,2,10,150,12,0.0
584,2,10,150,12,0.0
585,2,10,150,12,0.0
586,2,10,150,12,0.12388806404564567
587,2,10,150,12,0.0
588,2,10,150,12,0.0
589,2,10,150,12,0.0
590,2,10,150,12,0.06139304560474655
591,2,10,150,12,0.0
592,2,10,150,12,0.37398361580552547
593,2,10,150,12,0.0
594,2,10,150,12,0.0
595,2,10,150,12,0.0
596,2,10,150,12,0.0
597,2,10,150,12,0.0
598,2,10,150,12,0.0
599,2,10,150,12,0.0
600,2,10,150,12,0.0
601,2,10,150,12,0.06194403202282284
602,2,10,150,12,0.0
603,2,10,150,12,0.0
604,2,10,150,12,0.0
605,2,10,150,12,0.1036806144573329
606,2,10,150,12,0.3356973567535527
607,2,10,150,12,0.08440880858250024
608,2,10,150,12,0.24942134197684737
609,2,10,150,12,0.0
610,2,10,150,12,0.11752277470724268
611,2,10,150,12,0.0
612,2,10,150,12,0.15130120674940672
613,2,10,150,12,0.0
614,2,10,150,12,0.0
615,2,10,150,12,0.059109628562248356
616,2,10,150,12,0.0
617,2,10,150,12,0.05306340617755807
618,2,10,150,12,0.32024599984493496
619,2,10,150,12,0.0
620,2,10,150,12,0.0
621,2,10,150,12,0.0
622,2,10,150,12,0.19635793579928928
623,2,10,150,12,0.0
624,2,10,150,12,0.059109628562248356
625,2,10,150,12,0.0
626,2,10,150,12,0.0
627,2,10,150,12,0.0
628,2,10,150,12,0.0
629,2,10,150,12,0.11706259313796354
630,2,10,150,12,0.0
631,2,10,150,12,0.0
632,2,10,150,12,0.14132693254839473
633,2,10,150,12,0.07667481399289292
634,2,10,150,12,0.0
635,2,10,150,12,0.0
636,2,10,150,12,0.0
637,2,10,150,12,0.0
638,2,10,150,12,0.0
639,2,10,150,12,0.0
640,2,10,150,12,0.0
642,2,10,150,12,0.0
643,2,10,150,12,0.0
644,2,10,150,12,0.0
645,2,10,150,12,0.0
647,2,10,150,12,0.0
648,2,10,150,12,0.05306340617755807
649,2,10,150,12,1.0
650,2,10,150,12,0.0
651,2,10,150,12,0.0
653,2,10,150,12,0.0
654,2,10,150,12,0.0
655,2,10,150,12,0.1393394209542634
658,2,10,150,12,0.0
1,2,10,150,13,1.0
2,2,10,150,13,0.1469330429938127
3,2,10,150,13,0.0
4,2,10,150,13,0.0
5,2,10,150,13,0.05890605135464942
6,2,10,150,13,0.42726933500380115
7,2,10,150,13,0.11697473847279065
8,2,10,150,13,0.0
9,2,10,150,13,0.0
10,2,10,150,13,0.05046096657376444
11,2,10,150,13,0.2009094719306858
12,2,10,150,13,0.0
13,2,10,150,13,0.3883886984369726
14,2,10,150,13,0.08041927109478651
15,2,10,150,13,0.0
16,2,10,150,13,0.3393831960701369
17,2,10,150,13,0.0
18,2,10,150,13,0.40486486411886996
19,2,10,150,13,0.0
20,2,10,150,13,0.0
21,2,10,150,13,0.0
22,2,10,150,13,0.0
23,2,10,150,13,0.38970884240121517
24,2,10,150,13,0.0
25,2,10,150,13,0.0
26,2,10,150,13,0.18672776492534796
27,2,10,150,13,0.0
28,2,10,150,13,0.052086392783128294
29,2,10,150,13,0.0
30,2,10,150,13,0.0
31,2,10,150,13,0.0
32,2,10,150,13,0.11781210270929884
33,2,10,150,13,0.0
34,2,10,150,13,0.0
35,2,10,150,13,0.0
36,2,10,150,13,0.0
37,2,10,150,13,0.0
38,2,10,150,13,0.0
39,2,10,150,13,0.0
40,2,10,150,13,0.06556429791586475
41,2,10,150,13,0.0
42,2,10,150,13,0.23881415770847625
43,2,10,150,13,0.05890605135464942
44,2,10,150,13,0.25963659787602644
45,2,10,150,13,0.0
46,2,10,150,13,0.0
47,2,10,150,13,0.0
48,2,10,150,13,0.0
49,2,10,150,13,0.052086392783128294
50,2,10,150,13,0.0
51,2,10,150,13,0.0
52,2,10,150,13,0.0
53,2,10,150,13,0.06794340091829075
54,2,10,150,13,0.05890605135464942
55,2,10,150,13,0.0
56,2,10,150,13,0.2371887314991124
57,2,10,150,13,0.049043960636177025
58,2,10,150,13,0.0
59,2,10,150,13,0.5164884776946733
60,2,10,150,13,0.33055261396178637
61,2,10,150,13,0.0
62,2,10,150,13,0.39335962500701005
63,2,10,150,13,0.0
64,2,10,150,13,0.11781210270929884
65,2,10,150,13,0.24625892102512367
66,2,10,150,13,0.0
67,2,10,150,13,0.24630238874073
68,2,10,150,13,0.0
69,2,10,150,13,0.05046096657376444
70,2,10,150,13,0.05397642893687311
71,2,10,150,13,0.0
72,2,10,150,13,0.28009164738802195
73,2,10,150,13,0.18343966066783665
74,2,10,150,13,0.17342765698823945
75,2,10,150,13,0.18672776492534796
76,2,10,150,13,0.17178853164617194
77,2,10,150,13,0.0665137718990262
78,2,10,150,13,0.0
79,2,10,150,13,0.0
80,2,10,150,13,0.09460634670666435
81,2,10,150,13,0.0
82,2,10,150,13,0.0
83,2,10,150,13,0.05890605135464942
84,2,10,150,13,0.0
85,2,10,150,13,0.41884157933705063
86,2,10,150,13,0.0
87,2,10,150,13,0.16496887307465083
88,2,10,150,13,0.0
89,2,10,150,13,0.1522699338173234
90,2,10,150,13,0.15265543114478897
91,2,10,150,13,0.0
92,2,10,150,13,0.25324153682437417
93,2,10,150,13,0.0
94,2,10,150,13,0.385747200702289
95,2,10,150,13,0.1060628217200014
96,2,10,150,13,0.05046096657376444
97,2,10,150,13,0.18672776492534796
98,2,10,150,13,0.0
99,2,10,150,13,0.14382484903643844
100,2,10,150,13,0.0
101,2,10,150,13,0.0
102,2,10,150,13,0.049043960636177025
103,2,10,150,13,0.0
104,2,10,150,13,0.0
105,2,10,150,13,0.0
106,2,10,150,13,0.0
107,2,10,150,13,0.0
108,2,10,150,13,0.0
109,2,10,150,13,0.24070419386222106
110,2,10,150,13,0.08041927109478651
111,2,10,150,13,0.0
112,2,10,150,13,0.0
113,2,10,150,13,0.05306340617755807
114,2,10,150,13,0.0
115,2,10,150,13,0.14957454072849638
116,2,10,150,13,0.052086392783128294
117,2,10,150,13,0.0
118,2,10,150,13,0.07223616005000244
119,2,10,150,13,0.16989849549242714
120,2,10,150,13,0.361879195385413
121,2,10,150,13,0.0
122,2,10,150,13,0.08041927109478651
123,2,10,150,13,0.11781210270929884
124,2,10,150,13,0.0
125,2,10,150,13,0.10936701792841386
126,2,10,150,13,0.0
127,2,10,150,13,0.0
128,2,10,150,13,0.0
129,2,10,150,13,0.0
130,2,10,150,13,0.08041927109478651
131,2,10,150,13,0.0
132,2,10,150,13,0.07667481399289292
133,2,10,150,13,0.0
134,2,10,150,13,0.0
135,2,10,150,13,0.0
136,2,10,150,13,0.0
137,2,10,150,13,0.0
138,2,10,150,13,0.11781210270929884
139,2,10,150,13,0.0
140,2,10,150,13,0.0
141,2,10,150,13,0.0
142,2,10,150,13,0.0
143,2,10,150,13,0.0
144,2,10,150,13,0.4390186159930986
145,2,10,150,13,0.17671815406394825
146,2,10,150,13,0.0
147,2,10,150,13,0.0
148,2,10,150,13,0.0
149,2,10,150,13,0.0
150,2,10,150,13,0.0
151,2,10,150,13,0.15265543114478897
152,2,10,150,13,0.0
153,2,10,150,13,0.0
154,2,10,150,13,0.0
155,2,10,150,13,0.0
156,2,10,150,13,0.0
157,2,10,150,13,0.0
158,2,10,150,13,0.13662992936060891
159,2,10,150,13,0.0
160,2,10,150,13,0.05397642893687311
161,2,10,150,13,0.0
162,2,10,150,13,0.0
163,2,10,150,13,0.0
164,2,10,150,13,0.0
165,2,10,150,13,0.0
166,2,10,150,13,0.0
167,2,10,150,13,0.0
168,2,10,150,13,0.0
169,2,10,150,13,0.0
170,2,10,150,13,0.0
171,2,10,150,13,0.0
172,2,10,150,13,0.0
173,2,10,150,13,0.0
174,2,10,150,13,0.3516966379999988
175,2,10,150,13,0.17993148201117176
176,2,10,150,13,0.0
177,2,10,150,13,0.48375719441588677
178,2,10,150,13,0.3168161014014378
179,2,10,150,13,0.0
180,2,10,150,13,0.062242588308449316
181,2,10,150,13,0.0
182,2,10,150,13,0.0
183,2,10,150,13,0.0
184,2,10,150,13,0.1789077848895893
185,2,10,150,13,0.0
186,2,10,150,13,0.0
187,2,10,150,13,0.0
188,2,10,150,13,0.26714703602013445
189,2,10,150,13,0.052086392783128294
190,2,10,150,13,0.0
191,2,10,150,13,0.0
192,2,10,150,13,0.0
193,2,10,150,13,0.0
194,2,10,150,13,0.2402969254564867
195,2,10,150,13,0.0
196,2,10,150,13,0.0
197,2,10,150,13,0.1204902008358993
198,2,10,150,13,0.062242588308449316
199,2,10,150,13,0.2529427027676571
200,2,10,150,13,0.29339938976493485
201,2,10,150,13,0.17671815406394825
202,2,10,150,13,0.27487633291429087
203,2,10,150,13,0.05947719272904215
204,2,10,150,13,0.0
205,2,10,150,13,0.0
206,2,10,150,13,0.0
207,2,10,150,13,0.05046096657376444
208,2,10,150,13,0.0
209,2,10,150,13,0.0
210,2,10,150,13,0.11860016468215448
211,2,10,150,13,0.0
212,2,10,150,13,0.0
213,2,10,150,13,0.049043960636177025
214,2,10,150,13,0.056210658265822395
215,2,10,150,13,0.0
216,2,10,150,13,0.09336388246267398
217,2,10,150,13,0.05890605135464942
218,2,10,150,13,0.0665137718990262
219,2,10,150,13,0.0
220,2,10,150,13,0.0
221,2,10,150,13,0.15987765436170018
222,2,10,150,13,0.1227244301648486
223,2,10,150,13,0.0
224,2,10,150,13,0.049043960636177025
225,2,10,150,13,0.0
226,2,10,150,13,0.0
227,2,10,150,13,0.0
228,2,10,150,13,0.0
229,2,10,150,13,0.0
230,2,10,150,13,0.2456338162799974
231,2,10,150,13,0.3903800499921017
232,2,10,150,13,0.0
233,2,10,150,13,0.1556064707711233
234,2,10,150,13,0.15510678235617842
235,2,10,150,13,0.0
236,2,10,150,13,0.0
237,2,10,150,13,0.0
238,2,10,150,13,0.0
239,2,10,150,13,0.0
240,2,10,150,13,0.0
241,2,10,150,13,0.0
242,2,10,150,13,0.0
243,2,10,150,13,0.3045398676346468
244,2,10,150,13,0.16192644092769956
245,2,10,150,13,0.0
246,2,10,150,13,0.18672776492534796
247,2,10,150,13,0.0
248,2,10,150,13,0.07947838320659593
249,2,10,150,13,0.26714703602013445
250,2,10,150,13,0.0
251,2,10,150,13,0.12432255283313073
252,2,10,150,13,0.13120507751234178
253,2,10,150,13,0.1469330429938127
254,2,10,150,13,0.41259731126593674
255,2,10,150,13,0.0
256,2,10,150,13,0.42314003231680125
257,2,10,150,13,0.052086392783128294
258,2,10,150,13,0.0
259,2,10,150,13,0.0
260,2,10,150,13,0.0
261,2,10,150,13,0.0
262,2,10,150,13,0.11781210270929884
263,2,10,150,13,0.0
264,2,10,150,13,0.11099244413777772
265,2,10,150,13,0.0
266,2,10,150,13,0.0
267,2,10,150,13,0.0
268,2,10,150,13,0.32698773401156084
269,2,10,150,13,0.11845324657427171
270,2,10,150,13,0.09336388246267398
271,2,10,150,13,0.45788590353877523
272,2,10,150,13,0.1556064707711233
273,2,10,150,13,0.0
274,2,10,150,13,0.0
275,2,10,150,13,0.05397642893687311
276,2,10,150,13,0.4116525153889651
277,2,10,150,13,0.0
278,2,10,150,13,0.0
279,2,10,150,13,0.4936972126931155
280,2,10,150,13,0.049043960636177025
281,2,10,150,13,0.0
282,2,10,150,13,0.0
283,2,10,150,13,0.0
284,2,10,150,13,0.0
285,2,10,150,13,0.0
286,2,10,150,13,0.07223616005000244
287,2,10,150,13,0.0845667599404342
288,2,10,150,13,0.056210658265822395
289,2,10,150,13,0.0
290,2,10,150,13,0.0
291,2,10,150,13,0.4601463384057702
292,2,10,150,13,0.3732098577401359
293,2,10,150,13,0.24070419386222106
294,2,10,150,13,0.056210658265822395
295,2,10,150,13,0.052086392783128294
296,2,10,150,13,0.0
297,2,10,150,13,0.049043960636177025
298,2,10,150,13,0.3254776968743766
299,2,10,150,13,0.049043960636177025
300,2,10,150,13,0.0
301,2,10,150,13,0.3338731117957397
302,2,10,150,13,0.0
303,2,10,150,13,0.4736330061919918
304,2,10,150,13,0.0
305,2,10,150,13,0.3225539266372161
306,2,10,150,13,0.0
307,2,10,150,13,0.07223616005000244
308,2,10,150,13,0.29609478285376184
309,2,10,150,13,0.0
310,2,10,150,13,0.0
311,2,10,150,13,0.3550008342084113
312,2,10,150,13,0.18672776492534796
313,2,10,150,13,0.3110503177584787
314,2,10,150,13,0.2046504314073003
315,2,10,150,13,0.062242588308449316
316,2,10,150,13,0.0
317,2,10,150,13,0.0
318,2,10,150,13,0.0
319,2,10,150,13,0.0
320,2,10,150,13,0.05046096657376444
321,2,10,150,13,0.18432587460832503
322,2,10,150,13,0.23403111995462125
323,2,10,150,13,0.0
324,2,10,150,13,0.05890605135464942
325,2,10,150,13,0.0
326,2,10,150,13,0.13114221140465185
327,2,10,150,13,0.0
328,2,10,150,13,0.3045398676346468
329,2,10,150,13,0.0
330,2,10,150,13,0.05046096657376444
331,2,10,150,13,0.0
332,2,10,150,13,0.41884157933705063
333,2,10,150,13,0.0
334,2,10,150,13,0.32938962432858376
335,2,10,150,13,0.0
336,2,10,150,13,0.19739400956757716
337,2,10,150,13,0.07596161868673496
338,2,10,150,13,0.05397642893687311
339,2,10,150,13,0.24242876034927816
340,2,10,150,13,0.06194403202282284
341,2,10,150,13,0.0
342,2,10,150,13,0.3585162965715199
343,2,10,150,13,0.4705585667436145
344,2,10,150,13,0.2456338162799974
345,2,10,150,13,0.11018708720269552
346,2,10,150,13,0.4728180082739238
347,2,10,150,13,0.3129403539122235
348,2,10,150,13,0.0
349,2,10,150,13,0.163169180413793
350,2,10,150,13,0.052086392783128294
351,2,10,150,13,0.0
352,2,10,150,13,0.1469330429938127
353,2,10,150,13,0.0
354,2,10,150,13,0.14382484903643844
355,2,10,150,13,0.0
356,2,10,150,13,0.0
357,2,10,150,13,0.13439570003165963
358,2,10,150,13,0.0
359,2,10,150,13,0.0
360,2,10,150,13,0.28009164738802195
361,2,10,150,13,0.062242588308449316
362,2,10,150,13,0.0
363,2,10,150,13,0.29198238382734737
364,2,10,150,13,0.0
365,2,10,150,13,0.0
366,2,10,150,13,0.0
367,2,10,150,13,0.0
368,2,10,150,13,0.0
369,2,10,150,13,0.21386152848601384
370,2,10,150,13,0.0
371,2,10,150,13,0.0
372,2,10,150,13,0.056210658265822395
373,2,10,150,13,0.10795001199082645
374,2,10,150,13,0.1767008591017217
375,2,10,150,13,0.0
376,2,10,150,13,0.0
377,2,10,150,13,0.2529427027676571
378,2,10,150,13,0.10936701792841386
379,2,10,150,13,0.1682730692830633
380,2,10,150,13,0.1556064707711233
381,2,10,150,13,0.11621901724532241
382,2,10,150,13,0.05397642893687311
383,2,10,150,13,0.0
384,2,10,150,13,0.0
385,2,10,150,13,0.2966663341345636
386,2,10,150,13,0.0
387,2,10,150,13,0.21734937066462773
388,2,10,150,13,0.0
389,2,10,150,13,0.35991316166396103
390,2,10,150,13,0.0
391,2,10,150,13,0.17178853164617194
392,2,10,150,13,0.0
393,2,10,150,13,0.0
394,2,10,150,13,0.18672776492534796
395,2,10,150,13,0.0
396,2,10,150,13,0.10525461890199943
397,2,10,150,13,0.1737831535574605
398,2,10,150,13,0.18242324725269796
399,2,10,150,13,0.062242588308449316
400,2,10,150,13,0.0
401,2,10,150,13,0.0
402,2,10,150,13,0.15987765436170018
403,2,10,150,13,0.18672776492534796
404,2,10,150,13,0.0
405,2,10,150,13,0.384383748229026
406,2,10,150,13,0.2336895707615446
407,2,10,150,13,0.19474825218636413
408,2,10,150,13,0.0
409,2,10,150,13,0.11781210270929884
410,2,10,150,13,0.0
411,2,10,150,13,0.18672776492534796
412,2,10,150,13,0.05046096657376444
413,2,10,150,13,0.18672776492534796
414,2,10,150,13,0.0
415,2,10,150,13,0.11004588314904008
416,2,10,150,13,0.5615034387402864
417,2,10,150,13,0.6119165838081486
418,2,10,150,13,0.0
419,2,10,150,13,0.09817896789964464
420,2,10,150,13,0.0
421,2,10,150,13,0.2911651604359855
422,2,10,150,13,0.05397642893687311
423,2,10,150,13,0.0
424,2,10,150,13,0.0
425,2,10,150,13,0.05890605135464942
426,2,10,150,13,0.0
427,2,10,150,13,0.0
428,2,10,150,13,0.0
429,2,10,150,13,0.694248710035862
430,2,10,150,13,0.09336388246267398
431,2,10,150,13,0.0
432,2,10,150,13,0.05890605135464942
433,2,10,150,13,0.0665137718990262
434,2,10,150,13,0.0
435,2,10,150,13,0.4804206574620869
436,2,10,150,13,0.05890605135464942
437,2,10,150,13,0.3018444745458198
438,2,10,150,13,0.0
439,2,10,150,13,0.0
440,2,10,150,13,0.0
441,2,10,150,13,0.1731866333482261
442,2,10,150,13,0.10443739551063756
443,2,10,150,13,0.0
444,2,10,150,13,0.0
445,2,10,150,13,0.0
446,2,10,150,13,0.0
447,2,10,150,13,0.05397642893687311
448,2,10,150,13,0.0
449,2,10,150,13,0.049043960636177025
450,2,10,150,13,0.4916307635690202
451,2,10,150,13,0.0
452,2,10,150,13,0.22610915375824953
453,2,10,150,13,0.22775958249433362
454,2,10,150,13,0.0
455,2,10,150,13,0.24872468112323723
456,2,10,150,13,0.25324153682437417
457,2,10,150,13,0.6811953770332231
458,2,10,150,13,0.3605109184828085
459,2,10,150,13,0.24070419386222106
460,2,10,150,13,0.11781210270929884
461,2,10,150,13,0.0
462,2,10,150,13,0.0
463,2,10,150,13,0.28009164738802195
464,2,10,150,13,0.0
465,2,10,150,13,0.18296663045167927
466,2,10,150,13,0.0
467,2,10,150,13,0.05046096657376444
468,2,10,150,13,0.29531831874610276
469,2,10,150,13,0.0
470,2,10,150,13,0.0
471,2,10,150,13,0.0
472,2,10,150,13,0.3667824559430961
473,2,10,150,13,0.19004826275930128
474,2,10,150,13,0.49614659178156345
475,2,10,150,13,0.07311683844390994
476,2,10,150,13,0.0
477,2,10,150,13,0.07075576072108061
478,2,10,150,13,0.14957454072849638
479,2,10,150,13,0.24293842319117037
480,2,10,150,13,0.10936701792841386
481,2,10,150,13,0.0
482,2,10,150,13,0.0
483,2,10,150,13,0.0
484,2,10,150,13,0.24070419386222106
485,2,10,150,13,0.0
486,2,10,150,13,0.05397642893687311
487,2,10,150,13,0.40134940175576134
488,2,10,150,13,0.0
489,2,10,150,13,0.0
490,2,10,150,13,0.11781210270929884
491,2,10,150,13,0.0
492,2,10,150,13,0.15265543114478897
493,2,10,150,13,0.10254735935689274
494,2,10,150,13,0.0
495,2,10,150,13,0.0
496,2,10,150,13,0.05890605135464942
497,2,10,150,13,0.3137891063392886
498,2,10,150,13,0.16560004251267643
499,2,10,150,13,0.0
500,2,10,150,13,0.4530486669783015
501,2,10,150,13,0.0
502,2,10,150,13,0.0
503,2,10,150,13,0.0665137718990262
504,2,10,150,13,0.2768642251388626
505,2,10,150,13,0.11781210270929884
506,2,10,150,13,0.1683054100284507
507,2,10,150,13,0.0
508,2,10,150,13,0.18672776492534796
509,2,10,150,13,0.0
510,2,10,150,13,0.0
511,2,10,150,13,0.0
512,2,10,150,13,0.0
513,2,10,150,13,0.0
514,2,10,150,13,0.23881415770847625
515,2,10,150,13,0.0
516,2,10,150,13,0.0843142342558857
517,2,10,150,13,0.0
518,2,10,150,13,0.11781210270929884
519,2,10,150,13,0.0
520,2,10,150,13,0.0
521,2,10,150,13,0.0
522,2,10,150,13,0.0
523,2,10,150,13,0.3254776968743766
524,2,10,150,13,0.10443739551063756
525,2,10,150,13,0.0
526,2,10,150,13,0.0
527,2,10,150,13,0.4293130843654948
528,2,10,150,13,0.11099244413777772
529,2,10,150,13,0.0
530,2,10,150,13,0.0
531,2,10,150,13,0.0
532,2,10,150,13,0.07223616005000244
533,2,10,150,13,0.056210658265822395
534,2,10,150,13,0.0
535,2,10,150,13,0.24293842319117037
536,2,10,150,13,0.17939625219054875
537,2,10,150,13,0.2472753344402624
538,2,10,150,13,0.05046096657376444
539,2,10,150,13,0.0
540,2,10,150,13,0.0
541,2,10,150,13,0.09336388246267398
542,2,10,150,13,0.18005469101774815
543,2,10,150,13,0.09336388246267398
544,2,10,150,13,0.0
545,2,10,150,13,0.09336388246267398
546,2,10,150,13,0.0
547,2,10,150,13,0.0
548,2,10,150,13,0.08041927109478651
549,2,10,150,13,0.0
550,2,10,150,13,0.0
551,2,10,150,13,0.26698441223636654
552,2,10,150,13,0.0
553,2,10,150,13,0.12946323173096355
554,2,10,150,13,0.11781210270929884
555,2,10,150,13,0.0
556,2,10,150,13,0.05046096657376444
557,2,10,150,13,0.0
558,2,10,150,13,0.265053101293003
559,2,10,150,13,0.0
560,2,10,150,13,0.0
561,2,10,150,13,0.1522699338173234
562,2,10,150,13,0.0
563,2,10,150,13,0.0
564,2,10,150,13,0.0
565,2,10,150,13,0.19482612055561835
566,2,10,150,13,0.0
567,2,10,150,13,0.0
568,2,10,150,13,0.0
569,2,10,150,13,0.18672776492534796
570,2,10,150,13,0.0
571,2,10,150,13,0.0
572,2,10,150,13,0.0
573,2,10,150,13,0.0
574,2,10,150,13,0.0
575,2,10,150,13,0.0
576,2,10,150,13,0.0
577,2,10,150,13,0.11781210270929884
578,2,10,150,13,0.0
579,2,10,150,13,0.062242588308449316
580,2,10,150,13,0.13886244387355454
581,2,10,150,13,0.0
582,2,10,150,13,0.0
583,2,10,150,13,0.0
584,2,10,150,13,0.0
585,2,10,150,13,0.0
586,2,10,150,13,0.11781210270929884
587,2,10,150,13,0.0
588,2,10,150,13,0.0
589,2,10,150,13,0.0
590,2,10,150,13,0.06139304560474655
591,2,10,150,13,0.0
592,2,10,150,13,0.40468593870956115
593,2,10,150,13,0.0
594,2,10,150,13,0.0
595,2,10,150,13,0.0
596,2,10,150,13,0.0
597,2,10,150,13,0.0
598,2,10,150,13,0.0
599,2,10,150,13,0.0
600,2,10,150,13,0.0
601,2,10,150,13,0.05890605135464942
602,2,10,150,13,0.0
603,2,10,150,13,0.049043960636177025
604,2,10,150,13,0.0
605,2,10,150,13,0.1036806144573329
606,2,10,150,13,0.3682773894394398
607,2,10,150,13,0.08440880858250024
608,2,10,150,13,0.2371887314991124
609,2,10,150,13,0.0
610,2,10,150,13,0.11752277470724268
611,2,10,150,13,0.0
612,2,10,150,13,0.15130120674940672
613,2,10,150,13,0.0
614,2,10,150,13,0.0
615,2,10,150,13,0.056210658265822395
616,2,10,150,13,0.0
617,2,10,150,13,0.05046096657376444
618,2,10,150,13,0.3045398676346468
619,2,10,150,13,0.0
620,2,10,150,13,0.0
621,2,10,150,13,0.0
622,2,10,150,13,0.18672776492534796
623,2,10,150,13,0.0
624,2,10,150,13,0.056210658265822395
625,2,10,150,13,0.0
626,2,10,150,13,0.0
627,2,10,150,13,0.0
628,2,10,150,13,0.0
629,2,10,150,13,0.11706259313796354
630,2,10,150,13,0.0
631,2,10,150,13,0.0
632,2,10,150,13,0.13439570003165963
633,2,10,150,13,0.07667481399289292
634,2,10,150,13,0.0
635,2,10,150,13,0.0
636,2,10,150,13,0.0
637,2,10,150,13,0.0
638,2,10,150,13,0.0
639,2,10,150,13,0.0
640,2,10,150,13,0.0
642,2,10,150,13,0.0
643,2,10,150,13,0.0
644,2,10,150,13,0.0
645,2,10,150,13,0.0
647,2,10,150,13,0.0
648,2,10,150,13,0.05306340617755807
649,2,10,150,13,1.0
650,2,10,150,13,0.0
651,2,10,150,13,0.0
653,2,10,150,13,0.0
654,2,10,150,13,0.0
655,2,10,150,13,0.13250566387791482
658,2,10,150,13,0.0
1,2,10,150,14,1.0
2,2,10,150,14,0.14023078687330406
3,2,10,150,14,0.0
4,2,10,150,14,0.0
5,2,10,150,14,0.05621908976192367
6,2,10,150,14,0.40777971948038566
7,2,10,150,14,0.1116390111176635
8,2,10,150,14,0.0
9,2,10,150,14,0.0
10,2,10,150,14,0.09377357801073609
11,2,10,150,14,0.19174511576899997
12,2,10,150,14,0.0
13,2,10,150,14,0.370672598108572
14,2,10,150,14,0.07675099783970546
15,2,10,150,14,0.0
16,2,10,150,14,0.3239024501690625
17,2,10,150,14,0.0
18,2,10,150,14,0.3863972141047485
19,2,10,150,14,0.0
20,2,10,150,14,0.0
21,2,10,150,14,0.0
22,2,10,150,14,0.0
23,2,10,150,14,0.37193252455615516
24,2,10,150,14,0.0
25,2,10,150,14,0.0
26,2,10,150,14,0.17821029819465137
27,2,10,150,14,0.0
28,2,10,150,14,0.049710505523782283
29,2,10,150,14,0.0
30,2,10,150,14,0.0
31,2,10,150,14,0.0
32,2,10,150,14,0.11781210270929884
33,2,10,150,14,0.0
34,2,10,150,14,0.0
35,2,10,150,14,0.0
36,2,10,150,14,0.0
37,2,10,150,14,0.0
38,2,10,150,14,0.0
39,2,10,150,14,0.0
40,2,10,150,14,0.06556429791586475
41,2,10,150,14,0.0
42,2,10,150,14,0.22792080371843365
43,2,10,150,14,0.05621908976192367
44,2,10,150,14,0.2477934416889194
45,2,10,150,14,0.0
46,2,10,150,14,0.0
47,2,10,150,14,0.0
48,2,10,150,14,0.0
49,2,10,150,14,0.049710505523782283
50,2,10,150,14,0.0
51,2,10,150,14,0.0
52,2,10,150,14,0.0
53,2,10,150,14,0.12810519548676028
54,2,10,150,14,0.05621908976192367
55,2,10,150,14,0.0
56,2,10,150,14,0.22636952027871626
57,2,10,150,14,0.046806851959664796
58,2,10,150,14,0.0
59,2,10,150,14,0.4929291884410839
60,2,10,150,14,0.31547466937604196
61,2,10,150,14,0.0
62,2,10,150,14,0.3754167790647584
63,2,10,150,14,0.0
64,2,10,150,14,0.11243817952384734
65,2,10,150,14,0.2350259789513657
66,2,10,150,14,0.0
67,2,10,150,14,0.24630238874073
68,2,10,150,14,0.0
69,2,10,150,14,0.09377357801073609
70,2,10,150,14,0.051514328895695904
71,2,10,150,14,0.0
72,2,10,150,14,0.3129298032186482
73,2,10,150,14,0.17507217869506617
74,2,10,150,14,0.17342765698823945
75,2,10,150,14,0.17821029819465137
76,2,10,150,14,0.16395250841954326
77,2,10,150,14,0.0634797890335986
78,2,10,150,14,0.0
79,2,10,150,14,0.0
80,2,10,150,14,0.09460634670666435
81,2,10,150,14,0.0
82,2,10,150,14,0.0
83,2,10,150,14,0.05621908976192367
84,2,10,150,14,0.0
85,2,10,150,14,0.44535074638695255
86,2,10,150,14,0.0
87,2,10,150,14,0.15744392418140185
88,2,10,150,14,0.0
89,2,10,150,14,0.14532423885924936
90,2,10,150,14,0.14569215197441113
91,2,10,150,14,0.0
92,2,10,150,14,0.24169008722824994
93,2,10,150,14,0.0
94,2,10,150,14,0.36815159059173774
95,2,10,150,14,0.10122483441947819
96,2,10,150,14,0.048159222084064895
97,2,10,150,14,0.17821029819465137
98,2,10,150,14,0.0
99,2,10,150,14,0.1372643711813906
100,2,10,150,14,0.0
101,2,10,150,14,0.0
102,2,10,150,14,0.046806851959664796
103,2,10,150,14,0.0
104,2,10,150,14,0.0
105,2,10,150,14,0.0
106,2,10,150,14,0.0
107,2,10,150,14,0.0
108,2,10,150,14,0.0
109,2,10,150,14,0.2753389830170184
110,2,10,150,14,0.07675099783970546
111,2,10,150,14,0.0
112,2,10,150,14,0.0
113,2,10,150,14,0.05306340617755807
114,2,10,150,14,0.0
115,2,10,150,14,0.14275179439013838
116,2,10,150,14,0.049710505523782283
117,2,10,150,14,0.0
118,2,10,150,14,0.06894115413470564
119,2,10,150,14,0.16214868504762964
120,2,10,150,14,0.361879195385413
121,2,10,150,14,0.0
122,2,10,150,14,0.08041927109478651
123,2,10,150,14,0.11243817952384734
124,2,10,150,14,0.0
125,2,10,150,14,0.10437831184598856
126,2,10,150,14,0.0
127,2,10,150,14,0.0
128,2,10,150,14,0.0
129,2,10,150,14,0.0
130,2,10,150,14,0.07675099783970546
131,2,10,150,14,0.0
132,2,10,150,14,0.07667481399289292
133,2,10,150,14,0.0
134,2,10,150,14,0.0
135,2,10,150,14,0.0
136,2,10,150,14,0.0
137,2,10,150,14,0.0
138,2,10,150,14,0.11243817952384734
139,2,10,150,14,0.0
140,2,10,150,14,0.0
141,2,10,150,14,0.0
142,2,10,150,14,0.0
143,2,10,150,14,0.0
144,2,10,150,14,0.4189930645847549
145,2,10,150,14,0.16865726928577102
146,2,10,150,14,0.0
147,2,10,150,14,0.0
148,2,10,150,14,0.0
149,2,10,150,14,0.0
150,2,10,150,14,0.0
151,2,10,150,14,0.14569215197441113
152,2,10,150,14,0.0
153,2,10,150,14,0.0
154,2,10,150,14,0.0
155,2,10,150,14,0.0
156,2,10,150,14,0.0
157,2,10,150,14,0.0
158,2,10,150,14,0.13039764313251814
159,2,10,150,14,0.0
160,2,10,150,14,0.051514328895695904
161,2,10,150,14,0.0
162,2,10,150,14,0.0
163,2,10,150,14,0.0
164,2,10,150,14,0.0
165,2,10,150,14,0.0
166,2,10,150,14,0.0
167,2,10,150,14,0.0
168,2,10,150,14,0.0
169,2,10,150,14,0.0
170,2,10,150,14,0.0
171,2,10,150,14,0.0
172,2,10,150,14,0.0
173,2,10,150,14,0.0
174,2,10,150,14,0.33565422237605325
175,2,10,150,14,0.17993148201117176
176,2,10,150,14,0.0
177,2,10,150,14,0.4616909215677127
178,2,10,150,14,0.3023647389888123
179,2,10,150,14,0.0
180,2,10,150,14,0.05940343273155045
181,2,10,150,14,0.0
182,2,10,150,14,0.0
183,2,10,150,14,0.0
184,2,10,150,14,0.21636137743825443
185,2,10,150,14,0.0
186,2,10,150,14,0.0
187,2,10,150,14,0.0
188,2,10,150,14,0.30057565196102803
189,2,10,150,14,0.049710505523782283
190,2,10,150,14,0.0
191,2,10,150,14,0.0
192,2,10,150,14,0.0
193,2,10,150,14,0.0
194,2,10,150,14,0.22933593597062973
195,2,10,150,14,0.0
196,2,10,150,14,0.0
197,2,10,150,14,0.1149941179292945
198,2,10,150,14,0.05940343273155045
199,2,10,150,14,0.2529427027676571
200,2,10,150,14,0.280016165571529
201,2,10,150,14,0.16865726928577102
202,2,10,150,14,0.27487633291429087
203,2,10,150,14,0.05947719272904215
204,2,10,150,14,0.0
205,2,10,150,14,0.0
206,2,10,150,14,0.0
207,2,10,150,14,0.048159222084064895
208,2,10,150,14,0.0
209,2,10,150,14,0.0
210,2,10,150,14,0.11319029455738087
211,2,10,150,14,0.0
212,2,10,150,14,0.0
213,2,10,150,14,0.046806851959664796
214,2,10,150,14,0.0536466452928127
215,2,10,150,14,0.0
216,2,10,150,14,0.08910514909732568
217,2,10,150,14,0.05621908976192367
218,2,10,150,14,0.0634797890335986
219,2,10,150,14,0.0
220,2,10,150,14,0.0
221,2,10,150,14,0.15258493813092427
222,2,10,150,14,0.1171264343264113
223,2,10,150,14,0.0
224,2,10,150,14,0.046806851959664796
225,2,10,150,14,0.0
226,2,10,150,14,0.04561435592667119
227,2,10,150,14,0.0
228,2,10,150,14,0.0
229,2,10,150,14,0.0
230,2,10,150,14,0.23442938795657506
231,2,10,150,14,0.3903800499921017
232,2,10,150,14,0.0
233,2,10,150,14,0.1485085818288761
234,2,10,150,14,0.19364604230581417
235,2,10,150,14,0.0
236,2,10,150,14,0.0
237,2,10,150,14,0.04561435592667119
238,2,10,150,14,0.0
239,2,10,150,14,0.0
240,2,10,150,14,0.0
241,2,10,150,14,0.0
242,2,10,150,14,0.0
243,2,10,150,14,0.2906484777184987
244,2,10,150,14,0.15454027061728437
245,2,10,150,14,0.0
246,2,10,150,14,0.17821029819465137
247,2,10,150,14,0.0
248,2,10,150,14,0.07947838320659593
249,2,10,150,14,0.30057565196102803
250,2,10,150,14,0.0
251,2,10,150,14,0.11865165965848792
252,2,10,150,14,0.13120507751234178
253,2,10,150,14,0.14023078687330406
254,2,10,150,14,0.3937769506554648
255,2,10,150,14,0.0
256,2,10,150,14,0.40383877227587955
257,2,10,150,14,0.049710505523782283
258,2,10,150,14,0.0
259,2,10,150,14,0.0
260,2,10,150,14,0.0
261,2,10,150,14,0.0
262,2,10,150,14,0.11243817952384734
263,2,10,150,14,0.0
264,2,10,150,14,0.15154395121237715
265,2,10,150,14,0.0
266,2,10,150,14,0.0
267,2,10,150,14,0.0
268,2,10,150,14,0.3120723991287018
269,2,10,150,14,0.11305007802436315
270,2,10,150,14,0.08910514909732568
271,2,10,150,14,0.48261408888762336
272,2,10,150,14,0.1485085818288761
273,2,10,150,14,0.0
274,2,10,150,14,0.0
275,2,10,150,14,0.051514328895695904
276,2,10,150,14,0.39287525103390336
277,2,10,150,14,0.0
278,2,10,150,14,0.0
279,2,10,150,14,0.47117753231332626
280,2,10,150,14,0.09242120788633598
281,2,10,150,14,0.0
282,2,10,150,14,0.0
283,2,10,150,14,0.0
284,2,10,150,14,0.0
285,2,10,150,14,0.0
286,2,10,150,14,0.06894115413470564
287,2,10,150,14,0.0845667599404342
288,2,10,150,14,0.0536466452928127
289,2,10,150,14,0.0
290,2,10,150,14,0.0
291,2,10,150,14,0.4847714154740461
292,2,10,150,14,0.356186130453835
293,2,10,150,14,0.22972462709034727
294,2,10,150,14,0.0536466452928127
295,2,10,150,14,0.049710505523782283
296,2,10,150,14,0.0
297,2,10,150,14,0.046806851959664796
298,2,10,150,14,0.3562455972896268
299,2,10,150,14,0.09242120788633598
300,2,10,150,14,0.0
301,2,10,150,14,0.3186437048399436
302,2,10,150,14,0.0
303,2,10,150,14,0.4976428975956022
304,2,10,150,14,0.0
305,2,10,150,14,0.3534551929487119
306,2,10,150,14,0.0
307,2,10,150,14,0.06894115413470564
308,2,10,150,14,0.28258861004063995
309,2,10,150,14,0.0
310,2,10,150,14,0.0
311,2,10,150,14,0.3388076998025636
312,2,10,150,14,0.17821029819465137
313,2,10,150,14,0.2968619578531393
314,2,10,150,14,0.1953154337885409
315,2,10,150,14,0.05940343273155045
316,2,10,150,14,0.0
317,2,10,150,14,0.0
318,2,10,150,14,0.0
319,2,10,150,14,0.0
320,2,10,150,14,0.048159222084064895
321,2,10,150,14,0.17591796855744593
322,2,10,150,14,0.2233559411510937
323,2,10,150,14,0.0
324,2,10,150,14,0.05621908976192367
325,2,10,150,14,0.0
326,2,10,150,14,0.12516024389662933
327,2,10,150,14,0.0
328,2,10,150,14,0.2906484777184987
329,2,10,150,14,0.0
330,2,10,150,14,0.048159222084064895
331,2,10,150,14,0.0
332,2,10,150,14,0.3997363904602813
333,2,10,150,14,0.0
334,2,10,150,14,0.31436472876590726
335,2,10,150,14,0.0
336,2,10,150,14,0.18839000895736896
337,2,10,150,14,0.07596161868673496
338,2,10,150,14,0.051514328895695904
339,2,10,150,14,0.23137052858784454
340,2,10,150,14,0.06194403202282284
341,2,10,150,14,0.0
342,2,10,150,14,0.3421628066141946
343,2,10,150,14,0.44909434079582705
344,2,10,150,14,0.23442938795657506
345,2,10,150,14,0.1051609741885086
346,2,10,150,14,0.4968650752826485
347,2,10,150,14,0.2986657812250529
348,2,10,150,14,0.0
349,2,10,150,14,0.163169180413793
350,2,10,150,14,0.052086392783128294
351,2,10,150,14,0.0
352,2,10,150,14,0.14023078687330406
353,2,10,150,14,0.0
354,2,10,150,14,0.1372643711813906
355,2,10,150,14,0.0
356,2,10,150,14,0.0
357,2,10,150,14,0.12826532673540136
358,2,10,150,14,0.0
359,2,10,150,14,0.0
360,2,10,150,14,0.26731544729197704
361,2,10,150,14,0.05940343273155045
362,2,10,150,14,0.0
363,2,10,150,14,0.32427815137380006
364,2,10,150,14,0.0
365,2,10,150,14,0.0
366,2,10,150,14,0.0
367,2,10,150,14,0.0
368,2,10,150,14,0.0
369,2,10,150,14,0.21386152848601384
370,2,10,150,14,0.04561435592667119
371,2,10,150,14,0.0
372,2,10,150,14,0.0536466452928127
373,2,10,150,14,0.10302594172158847
374,2,10,150,14,0.21425511914877837
375,2,10,150,14,0.0
376,2,10,150,14,0.0
377,2,10,150,14,0.2529427027676571
378,2,10,150,14,0.10437831184598856
379,2,10,150,14,0.16059740160791225
380,2,10,150,14,0.1485085818288761
381,2,10,150,14,0.11091776162724634
382,2,10,150,14,0.051514328895695904
383,2,10,150,14,0.0
384,2,10,150,14,0.0
385,2,10,150,14,0.2831340903778889
386,2,10,150,14,0.0
387,2,10,150,14,0.20743511911069343
388,2,10,150,14,0.0
389,2,10,150,14,0.34349595460512755
390,2,10,150,14,0.0
391,2,10,150,14,0.16395250841954326
392,2,10,150,14,0.0
393,2,10,150,14,0.0
394,2,10,150,14,0.17821029819465137
395,2,10,150,14,0.0
396,2,10,150,14,0.1004534972524775
397,2,10,150,14,0.16585614693703116
398,2,10,150,14,0.17410212832321426
399,2,10,150,14,0.05940343273155045
400,2,10,150,14,0.0
401,2,10,150,14,0.0
402,2,10,150,14,0.15258493813092427
403,2,10,150,14,0.17821029819465137
404,2,10,150,14,0.0
405,2,10,150,14,0.36685033112487925
406,2,10,150,14,0.2686443274311477
407,2,10,150,14,0.23147929202170936
408,2,10,150,14,0.0
409,2,10,150,14,0.11243817952384734
410,2,10,150,14,0.0
411,2,10,150,14,0.17821029819465137
412,2,10,150,14,0.048159222084064895
413,2,10,150,14,0.17821029819465137
414,2,10,150,14,0.0
415,2,10,150,14,0.11004588314904008
416,2,10,150,14,0.5815051769582085
417,2,10,150,14,0.6296187588835623
418,2,10,150,14,0.0
419,2,10,150,14,0.09817896789964464
420,2,10,150,14,0.0
421,2,10,150,14,0.27788384917441217
422,2,10,150,14,0.051514328895695904
423,2,10,150,14,0.0
424,2,10,150,14,0.0
425,2,10,150,14,0.05621908976192367
426,2,10,150,14,0.0
427,2,10,150,14,0.0
428,2,10,150,14,0.0
429,2,10,150,14,0.6625810022746539
430,2,10,150,14,0.08910514909732568
431,2,10,150,14,0.0
432,2,10,150,14,0.05621908976192367
433,2,10,150,14,0.0634797890335986
434,2,10,150,14,0.0
435,2,10,150,14,0.4585065785980859
436,2,10,150,14,0.05621908976192367
437,2,10,150,14,0.28807603324938774
438,2,10,150,14,0.0
439,2,10,150,14,0.0
440,2,10,150,14,0.0
441,2,10,150,14,0.1731866333482261
442,2,10,150,14,0.09967355097976081
443,2,10,150,14,0.0
444,2,10,150,14,0.0
445,2,10,150,14,0.0
446,2,10,150,14,0.0
447,2,10,150,14,0.051514328895695904
448,2,10,150,14,0.0
449,2,10,150,14,0.046806851959664796
450,2,10,150,14,0.46920534293508176
451,2,10,150,14,0.0
452,2,10,150,14,0.21579533034044232
453,2,10,150,14,0.21737047583272706
454,2,10,150,14,0.0
455,2,10,150,14,0.23737926499073408
456,2,10,150,14,0.24169008722824994
457,2,10,150,14,0.6501230886496268
458,2,10,150,14,0.3440664451316825
459,2,10,150,14,0.22972462709034727
460,2,10,150,14,0.11243817952384734
461,2,10,150,14,0.0
462,2,10,150,14,0.0
463,2,10,150,14,0.26731544729197704
464,2,10,150,14,0.0
465,2,10,150,14,0.22023508137422385
466,2,10,150,14,0.04561435592667119
467,2,10,150,14,0.048159222084064895
468,2,10,150,14,0.2818475638431519
469,2,10,150,14,0.0
470,2,10,150,14,0.0
471,2,10,150,14,0.0
472,2,10,150,14,0.35005191045004913
473,2,10,150,14,0.181379333658553
474,2,10,150,14,0.4735151845522344
475,2,10,150,14,0.07311683844390994
476,2,10,150,14,0.0
477,2,10,150,14,0.07075576072108061
478,2,10,150,14,0.14275179439013838
479,2,10,150,14,0.23185694348746405
480,2,10,150,14,0.10437831184598856
481,2,10,150,14,0.0
482,2,10,150,14,0.0
483,2,10,150,14,0.0
484,2,10,150,14,0.22972462709034727
485,2,10,150,14,0.0
486,2,10,150,14,0.051514328895695904
487,2,10,150,14,0.42865646321978873
488,2,10,150,14,0.0
489,2,10,150,14,0.0
490,2,10,150,14,0.11243817952384734
491,2,10,150,14,0.0
492,2,10,150,14,0.14569215197441113
493,2,10,150,14,0.14348408353451836
494,2,10,150,14,0.0
495,2,10,150,14,0.0
496,2,10,150,14,0.05621908976192367
497,2,10,150,14,0.2994758183568162
498,2,10,150,14,0.15804630323203134
499,2,10,150,14,0.0
500,2,10,150,14,0.43238314383064935
501,2,10,150,14,0.0
502,2,10,150,14,0.0
503,2,10,150,14,0.0634797890335986
504,2,10,150,14,0.26423524183001657
505,2,10,150,14,0.11243817952384734
506,2,10,150,14,0.16062826715102863
507,2,10,150,14,0.0
508,2,10,150,14,0.17821029819465137
509,2,10,150,14,0.0
510,2,10,150,14,0.0
511,2,10,150,14,0.0
512,2,10,150,14,0.0
513,2,10,150,14,0.0
514,2,10,150,14,0.22792080371843365
515,2,10,150,14,0.0
516,2,10,150,14,0.0843142342558857
517,2,10,150,14,0.0
518,2,10,150,14,0.11243817952384734
519,2,10,150,14,0.0
520,2,10,150,14,0.0
521,2,10,150,14,0.0
522,2,10,150,14,0.0
523,2,10,150,14,0.3106312413629556
524,2,10,150,14,0.09967355097976081
525,2,10,150,14,0.0
526,2,10,150,14,0.0
527,2,10,150,14,0.4553446004579414
528,2,10,150,14,0.10592959528570596
529,2,10,150,14,0.0
530,2,10,150,14,0.0
531,2,10,150,14,0.0
532,2,10,150,14,0.06894115413470564
533,2,10,150,14,0.0536466452928127
534,2,10,150,14,0.0
535,2,10,150,14,0.23185694348746405
536,2,10,150,14,0.1712132076912182
537,2,10,150,14,0.2816103852498888
538,2,10,150,14,0.048159222084064895
539,2,10,150,14,0.0
540,2,10,150,14,0.0
541,2,10,150,14,0.08910514909732568
542,2,10,150,14,0.1718416122553978
543,2,10,150,14,0.08910514909732568
544,2,10,150,14,0.0
545,2,10,150,14,0.08910514909732568
546,2,10,150,14,0.0
547,2,10,150,14,0.0
548,2,10,150,14,0.07675099783970546
549,2,10,150,14,0.0
550,2,10,150,14,0.0
551,2,10,150,14,0.2548060902297438
552,2,10,150,14,0.0
553,2,10,150,14,0.12355784979937026
554,2,10,150,14,0.11243817952384734
555,2,10,150,14,0.0
556,2,10,150,14,0.05046096657376444
557,2,10,150,14,0.0
558,2,10,150,14,0.265053101293003
559,2,10,150,14,0.04561435592667119
560,2,10,150,14,0.04561435592667119
561,2,10,150,14,0.14532423885924936
562,2,10,150,14,0.0
563,2,10,150,14,0.0
564,2,10,150,14,0.0
565,2,10,150,14,0.19482612055561835
566,2,10,150,14,0.0
567,2,10,150,14,0.0
568,2,10,150,14,0.0
569,2,10,150,14,0.17821029819465137
570,2,10,150,14,0.0
571,2,10,150,14,0.0
572,2,10,150,14,0.0
573,2,10,150,14,0.0
574,2,10,150,14,0.0
575,2,10,150,14,0.0
576,2,10,150,14,0.0
577,2,10,150,14,0.11243817952384734
578,2,10,150,14,0.0
579,2,10,150,14,0.05940343273155045
580,2,10,150,14,0.13886244387355454
581,2,10,150,14,0.0
582,2,10,150,14,0.0
583,2,10,150,14,0.0
584,2,10,150,14,0.0
585,2,10,150,14,0.04561435592667119
586,2,10,150,14,0.11243817952384734
587,2,10,150,14,0.0
588,2,10,150,14,0.0
589,2,10,150,14,0.0
590,2,10,150,14,0.06139304560474655
591,2,10,150,14,0.0
592,2,10,150,14,0.3862264502627442
593,2,10,150,14,0.0
594,2,10,150,14,0.0
595,2,10,150,14,0.0
596,2,10,150,14,0.0
597,2,10,150,14,0.0
598,2,10,150,14,0.0
599,2,10,150,14,0.0
600,2,10,150,14,0.0
601,2,10,150,14,0.05621908976192367
602,2,10,150,14,0.0
603,2,10,150,14,0.09683843052362062
604,2,10,150,14,0.0
605,2,10,150,14,0.1036806144573329
606,2,10,150,14,0.3514786535178039
607,2,10,150,14,0.08440880858250024
608,2,10,150,14,0.22636952027871626
609,2,10,150,14,0.0
610,2,10,150,14,0.11752277470724268
611,2,10,150,14,0.0
612,2,10,150,14,0.15130120674940672
613,2,10,150,14,0.0
614,2,10,150,14,0.0
615,2,10,150,14,0.0536466452928127
616,2,10,150,14,0.0
617,2,10,150,14,0.048159222084064895
618,2,10,150,14,0.2906484777184987
619,2,10,150,14,0.0
620,2,10,150,14,0.0
621,2,10,150,14,0.0
622,2,10,150,14,0.17821029819465137
623,2,10,150,14,0.0
624,2,10,150,14,0.0536466452928127
625,2,10,150,14,0.0
626,2,10,150,14,0.0
627,2,10,150,14,0.0
628,2,10,150,14,0.0
629,2,10,150,14,0.19451610919980286
630,2,10,150,14,0.0
631,2,10,150,14,0.0
632,2,10,150,14,0.13439570003165963
633,2,10,150,14,0.07667481399289292
634,2,10,150,14,0.0
635,2,10,150,14,0.0
636,2,10,150,14,0.0
637,2,10,150,14,0.0
638,2,10,150,14,0.0
639,2,10,150,14,0.0
640,2,10,150,14,0.0
642,2,10,150,14,0.0
643,2,10,150,14,0.0
644,2,10,150,14,0.0
645,2,10,150,14,0.0
647,2,10,150,14,0.0
648,2,10,150,14,0.05306340617755807
649,2,10,150,14,1.0
650,2,10,150,14,0.0
651,2,10,150,14,0.0
653,2,10,150,14,0.0
654,2,10,150,14,0.0
655,2,10,150,14,0.12646150336348774
658,2,10,150,14,0.0
1,2,10,150,15,1.0
2,2,10,150,15,0.13424962064154206
3,2,10,150,15,0.0
4,2,10,150,15,0.0
5,2,10,150,15,0.05382121602276955
6,2,10,150,15,0.39038697468778133
7,2,10,150,15,0.14952965458326942
8,2,10,150,15,0.0
9,2,10,150,15,0.0
10,2,10,150,15,0.08977391880083622
11,2,10,150,15,0.18356674469147755
12,2,10,150,15,0.0
13,2,10,150,15,0.3548625575584213
14,2,10,150,15,0.0734773909038217
15,2,10,150,15,0.0
16,2,10,150,15,0.31008726421359534
17,2,10,150,15,0.0
18,2,10,150,15,0.36991648244388803
19,2,10,150,15,0.0
20,2,10,150,15,0.0
21,2,10,150,15,0.0
22,2,10,150,15,0.0
23,2,10,150,15,0.3560687452394267
24,2,10,150,15,0.0
25,2,10,150,15,0.0
26,2,10,150,15,0.17060921827860473
27,2,10,150,15,0.0
28,2,10,150,15,0.04759023790187059
29,2,10,150,15,0.0
30,2,10,150,15,0.0
31,2,10,150,15,0.0
32,2,10,150,15,0.11781210270929884
33,2,10,150,15,0.0
34,2,10,150,15,0.0
35,2,10,150,15,0.0
36,2,10,150,15,0.0
37,2,10,150,15,0.0
38,2,10,150,15,0.0
39,2,10,150,15,0.0
40,2,10,150,15,0.06556429791586475
41,2,10,150,15,0.0
42,2,10,150,15,0.21819945618047532
43,2,10,150,15,0.05382121602276955
44,2,10,150,15,0.23722448034364152
45,2,10,150,15,0.0
46,2,10,150,15,0.0
47,2,10,150,15,0.0
48,2,10,150,15,0.0
49,2,10,150,15,0.04759023790187059
50,2,10,150,15,0.0
51,2,10,150,15,0.0
52,2,10,150,15,0.0
53,2,10,150,15,0.12810519548676028
54,2,10,150,15,0.05382121602276955
55,2,10,150,15,0.0
56,2,10,150,15,0.2593666431241538
57,2,10,150,15,0.0448104318539346
58,2,10,150,15,0.0
59,2,10,150,15,0.47190462256442384
60,2,10,150,15,0.302018947693805
61,2,10,150,15,0.0
62,2,10,150,15,0.3594043882635309
63,2,10,150,15,0.0
64,2,10,150,15,0.1076424320455391
65,2,10,150,15,0.2250015793153516
66,2,10,150,15,0.0
67,2,10,150,15,0.24630238874073
68,2,10,150,15,0.0
69,2,10,150,15,0.08977391880083622
70,2,10,150,15,0.0493171240499355
71,2,10,150,15,0.0
72,2,10,150,15,0.2995826259428454
73,2,10,150,15,0.1676049468076918
74,2,10,150,15,0.17342765698823945
75,2,10,150,15,0.17060921827860473
76,2,10,150,15,0.1569595560954746
77,2,10,150,15,0.060772229737720354
78,2,10,150,15,0.0
79,2,10,150,15,0.0
80,2,10,150,15,0.09460634670666435
81,2,10,150,15,0.0
82,2,10,150,15,0.0
83,2,10,150,15,0.05382121602276955
84,2,10,150,15,0.0
85,2,10,150,15,0.4263555107117348
86,2,10,150,15,0.0
87,2,10,150,15,0.15072857797457564
88,2,10,150,15,0.0
89,2,10,150,15,0.13912582516207192
90,2,10,150,15,0.13947804593499064
91,2,10,150,15,0.0
92,2,10,150,15,0.23138144801632507
93,2,10,150,15,0.0
94,2,10,150,15,0.3524490768220174
95,2,10,150,15,0.13955966652145727
96,2,10,150,15,0.04610512027589789
97,2,10,150,15,0.17060921827860473
98,2,10,150,15,0.0
99,2,10,150,15,0.13140972941520027
100,2,10,150,15,0.0
101,2,10,150,15,0.0
102,2,10,150,15,0.0448104318539346
103,2,10,150,15,0.0
104,2,10,150,15,0.0
105,2,10,150,15,0.0
106,2,10,150,15,0.0
107,2,10,150,15,0.0
108,2,10,150,15,0.0
109,2,10,150,15,0.26359514085347857
110,2,10,150,15,0.0734773909038217
111,2,10,150,15,0.0
112,2,10,150,15,0.0
113,2,10,150,15,0.05306340617755807
114,2,10,150,15,0.0
115,2,10,150,15,0.136663101377946
116,2,10,150,15,0.04759023790187059
117,2,10,150,15,0.0
118,2,10,150,15,0.0660006550311689
119,2,10,150,15,0.1552326699474097
120,2,10,150,15,0.361879195385413
121,2,10,150,15,0.0
122,2,10,150,15,0.08041927109478651
123,2,10,150,15,0.1076424320455391
124,2,10,150,15,0.0
125,2,10,150,15,0.09992633629866743
126,2,10,150,15,0.0
127,2,10,150,15,0.0
128,2,10,150,15,0.0
129,2,10,150,15,0.0
130,2,10,150,15,0.0734773909038217
131,2,10,150,15,0.0
132,2,10,150,15,0.07667481399289292
133,2,10,150,15,0.0
134,2,10,150,15,0.0
135,2,10,150,15,0.0
136,2,10,150,15,0.0
137,2,10,150,15,0.0
138,2,10,150,15,0.1076424320455391
139,2,10,150,15,0.0
140,2,10,150,15,0.0
141,2,10,150,15,0.0
142,2,10,150,15,0.0
143,2,10,150,15,0.0
144,2,10,150,15,0.40112204478151436
145,2,10,150,15,0.16146364806830862
146,2,10,150,15,0.0
147,2,10,150,15,0.0
148,2,10,150,15,0.0
149,2,10,150,15,0.0
150,2,10,150,15,0.0
151,2,10,150,15,0.1821303505046418
152,2,10,150,15,0.0
153,2,10,150,15,0.0
154,2,10,150,15,0.0
155,2,10,150,15,0.0
156,2,10,150,15,0.0
157,2,10,150,15,0.0
158,2,10,150,15,0.12483588314246531
159,2,10,150,15,0.0
160,2,10,150,15,0.0493171240499355
161,2,10,150,15,0.0
162,2,10,150,15,0.0
163,2,10,150,15,0.0
164,2,10,150,15,0.0
165,2,10,150,15,0.0
166,2,10,150,15,0.0
167,2,10,150,15,0.0
168,2,10,150,15,0.0
169,2,10,150,15,0.0
170,2,10,150,15,0.0
171,2,10,150,15,0.0
172,2,10,150,15,0.0
173,2,10,150,15,0.0
174,2,10,150,15,0.3213377962531804
175,2,10,150,15,0.17993148201117176
176,2,10,150,15,0.0
177,2,10,150,15,0.48465104433361483
178,2,10,150,15,0.28946818605033836
179,2,10,150,15,0.0
180,2,10,150,15,0.056869739426201577
181,2,10,150,15,0.0
182,2,10,150,15,0.0
183,2,10,150,15,0.0
184,2,10,150,15,0.20713306607064874
185,2,10,150,15,0.0
186,2,10,150,15,0.0
187,2,10,150,15,0.0
188,2,10,150,15,0.2877554077073648
189,2,10,150,15,0.04759023790187059
190,2,10,150,15,0.0
191,2,10,150,15,0.0
192,2,10,150,15,0.0
193,2,10,150,15,0.0
194,2,10,150,15,0.21955422978084443
195,2,10,150,15,0.0
196,2,10,150,15,0.0
197,2,10,150,15,0.11008935378765584
198,2,10,150,15,0.056869739426201577
199,2,10,150,15,0.2529427027676571
200,2,10,150,15,0.31072513536279744
201,2,10,150,15,0.16146364806830862
202,2,10,150,15,0.27487633291429087
203,2,10,150,15,0.05947719272904215
204,2,10,150,15,0.0
205,2,10,150,15,0.0
206,2,10,150,15,0.0
207,2,10,150,15,0.04610512027589789
208,2,10,150,15,0.0
209,2,10,150,15,0.0
210,2,10,150,15,0.10836246763959094
211,2,10,150,15,0.0
212,2,10,150,15,0.0
213,2,10,150,15,0.0448104318539346
214,2,10,150,15,0.0940107968082948
215,2,10,150,15,0.0
216,2,10,150,15,0.08530460913930236
217,2,10,150,15,0.05382121602276955
218,2,10,150,15,0.0634797890335986
219,2,10,150,15,0.0
220,2,10,150,15,0.0
221,2,10,150,15,0.18872914344667388
222,2,10,150,15,0.15478302654601514
223,2,10,150,15,0.0
224,2,10,150,15,0.0448104318539346
225,2,10,150,15,0.0
226,2,10,150,15,0.04366879852493834
227,2,10,150,15,0.0
228,2,10,150,15,0.0
229,2,10,150,15,0.0
230,2,10,150,15,0.2244304343013743
231,2,10,150,15,0.3903800499921017
232,2,10,150,15,0.0
233,2,10,150,15,0.14217434856550393
234,2,10,150,15,0.18538659233067903
235,2,10,150,15,0.0
236,2,10,150,15,0.0
237,2,10,150,15,0.04366879852493834
238,2,10,150,15,0.0
239,2,10,150,15,0.0
240,2,10,150,15,0.0
241,2,10,150,15,0.0
242,2,10,150,15,0.0
243,2,10,150,15,0.27825165032414384
244,2,10,150,15,0.14794877192663963
245,2,10,150,15,0.0
246,2,10,150,15,0.17060921827860473
247,2,10,150,15,0.0
248,2,10,150,15,0.07947838320659593
249,2,10,150,15,0.2877554077073648
250,2,10,150,15,0.0
251,2,10,150,15,0.1135908929330395
252,2,10,150,15,0.13120507751234178
253,2,10,150,15,0.13424962064154206
254,2,10,150,15,0.4196337607932506
255,2,10,150,15,0.0
256,2,10,150,15,0.4292664225333859
257,2,10,150,15,0.04759023790187059
258,2,10,150,15,0.0
259,2,10,150,15,0.0
260,2,10,150,15,0.0
261,2,10,150,15,0.0
262,2,10,150,15,0.1076424320455391
263,2,10,150,15,0.0
264,2,10,150,15,0.14508025244957848
265,2,10,150,15,0.0
266,2,10,150,15,0.0
267,2,10,150,15,0.0
268,2,10,150,15,0.2987617921132827
269,2,10,150,15,0.10822823166484517
270,2,10,150,15,0.08530460913930236
271,2,10,150,15,0.4620294857787837
272,2,10,150,15,0.14217434856550393
273,2,10,150,15,0.0
274,2,10,150,15,0.0
275,2,10,150,15,0.0493171240499355
276,2,10,150,15,0.37611821616892716
277,2,10,150,15,0.0
278,2,10,150,15,0.0
279,2,10,150,15,0.4510807246987216
280,2,10,150,15,0.08847923037887293
281,2,10,150,15,0.0
282,2,10,150,15,0.0
283,2,10,150,15,0.0
284,2,10,150,15,0.0
285,2,10,150,15,0.0
286,2,10,150,15,0.0660006550311689
287,2,10,150,15,0.0845667599404342
288,2,10,150,15,0.051358492238643604
289,2,10,150,15,0.0
290,2,10,150,15,0.04265230456965118
291,2,10,150,15,0.4640947974145862
292,2,10,150,15,0.3409939711342325
293,2,10,150,15,0.21992634232854022
294,2,10,150,15,0.051358492238643604
295,2,10,150,15,0.04759023790187059
296,2,10,150,15,0.0
297,2,10,150,15,0.0448104318539346
298,2,10,150,15,0.34105090157243234
299,2,10,150,15,0.08847923037887293
300,2,10,150,15,0.0
301,2,10,150,15,0.30505281649190824
302,2,10,150,15,0.0
303,2,10,150,15,0.519069585730082
304,2,10,150,15,0.0
305,2,10,150,15,0.33837951440733866
306,2,10,150,15,0.0
307,2,10,150,15,0.0660006550311689
308,2,10,150,15,0.2705355545772722
309,2,10,150,15,0.0
310,2,10,150,15,0.0
311,2,10,150,15,0.3243567706000417
312,2,10,150,15,0.17060921827860473
313,2,10,150,15,0.3268524157812954
314,2,10,150,15,0.18698478041943853
315,2,10,150,15,0.056869739426201577
316,2,10,150,15,0.0
317,2,10,150,15,0.0
318,2,10,150,15,0.0
319,2,10,150,15,0.0
320,2,10,150,15,0.08875742484554908
321,2,10,150,15,0.16841466178325942
322,2,10,150,15,0.21382929552167615
323,2,10,150,15,0.0
324,2,10,150,15,0.05382121602276955
325,2,10,150,15,0.0
326,2,10,150,15,0.11982187105393846
327,2,10,150,15,0.0
328,2,10,150,15,0.27825165032414384
329,2,10,150,15,0.0
330,2,10,150,15,0.04610512027589789
331,2,10,150,15,0.0
332,2,10,150,15,0.3826867121867964
333,2,10,150,15,0.0
334,2,10,150,15,0.300956348608628
335,2,10,150,15,0.0
336,2,10,150,15,0.18035474091743994
337,2,10,150,15,0.07596161868673496
338,2,10,150,15,0.0493171240499355
339,2,10,150,15,0.2641543469037258
340,2,10,150,15,0.06194403202282284
341,2,10,150,15,0.0
342,2,10,150,15,0.32756877437407933
343,2,10,150,15,0.4299394321916967
344,2,10,150,15,0.2244304343013743
345,2,10,150,15,0.10067561628857911
346,2,10,150,15,0.5183249393313215
347,2,10,150,15,0.28592699735970917
348,2,10,150,15,0.0
349,2,10,150,15,0.163169180413793
350,2,10,150,15,0.052086392783128294
351,2,10,150,15,0.0
352,2,10,150,15,0.13424962064154206
353,2,10,150,15,0.0
354,2,10,150,15,0.13140972941520027
355,2,10,150,15,0.0
356,2,10,150,15,0.0
357,2,10,150,15,0.1227945149537572
358,2,10,150,15,0.0
359,2,10,150,15,0.0
360,2,10,150,15,0.2559138274179071
361,2,10,150,15,0.056869739426201577
362,2,10,150,15,0.0
363,2,10,150,15,0.3104469408961213
364,2,10,150,15,0.0
365,2,10,150,15,0.0
366,2,10,150,15,0.0
367,2,10,150,15,0.0
368,2,10,150,15,0.0
369,2,10,150,15,0.21386152848601384
370,2,10,150,15,0.04366879852493834
371,2,10,150,15,0.0
372,2,10,150,15,0.0536466452928127
373,2,10,150,15,0.09863164787670414
374,2,10,150,15,0.2051166445512378
375,2,10,150,15,0.0
376,2,10,150,15,0.0
377,2,10,150,15,0.2529427027676571
378,2,10,150,15,0.09992633629866743
379,2,10,150,15,0.19639985689108816
380,2,10,150,15,0.14217434856550393
381,2,10,150,15,0.10618686347613707
382,2,10,150,15,0.0493171240499355
383,2,10,150,15,0.0
384,2,10,150,15,0.0
385,2,10,150,15,0.31371007349069124
386,2,10,150,15,0.0
387,2,10,150,15,0.19858753323194225
388,2,10,150,15,0.0
389,2,10,150,15,0.3288450605308666
390,2,10,150,15,0.0
391,2,10,150,15,0.1569595560954746
392,2,10,150,15,0.0
393,2,10,150,15,0.0
394,2,10,150,15,0.21326152284825592
395,2,10,150,15,0.0
396,2,10,150,15,0.09616892409257821
397,2,10,150,15,0.15878200004312407
398,2,10,150,15,0.16667627131974802
399,2,10,150,15,0.056869739426201577
400,2,10,150,15,0.0
401,2,10,150,15,0.0
402,2,10,150,15,0.14607683887702272
403,2,10,150,15,0.17060921827860473
404,2,10,150,15,0.0
405,2,10,150,15,0.35120331907026353
406,2,10,150,15,0.25718602775664523
407,2,10,150,15,0.2216061667568322
408,2,10,150,15,0.0
409,2,10,150,15,0.15029473661519027
410,2,10,150,15,0.0
411,2,10,150,15,0.17060921827860473
412,2,10,150,15,0.04610512027589789
413,2,10,150,15,0.17060921827860473
414,2,10,150,15,0.0
415,2,10,150,15,0.11004588314904008
416,2,10,150,15,0.556702641041758
417,2,10,150,15,0.6027640678168948
418,2,10,150,15,0.0
419,2,10,150,15,0.09817896789964464
420,2,10,150,15,0.0
421,2,10,150,15,0.2660314626044381
422,2,10,150,15,0.0493171240499355
423,2,10,150,15,0.0
424,2,10,150,15,0.0
425,2,10,150,15,0.09647352059242073
426,2,10,150,15,0.0
427,2,10,150,15,0.0
428,2,10,150,15,0.0
429,2,10,150,15,0.6343203955635706
430,2,10,150,15,0.08530460913930236
431,2,10,150,15,0.0
432,2,10,150,15,0.05382121602276955
433,2,10,150,15,0.060772229737720354
434,2,10,150,15,0.0
435,2,10,150,15,0.4389502163605316
436,2,10,150,15,0.05382121602276955
437,2,10,150,15,0.3184412311096691
438,2,10,150,15,0.0
439,2,10,150,15,0.0
440,2,10,150,15,0.0
441,2,10,150,15,0.1731866333482261
442,2,10,150,15,0.09542224432583339
443,2,10,150,15,0.0
444,2,10,150,15,0.0
445,2,10,150,15,0.0
446,2,10,150,15,0.0
447,2,10,150,15,0.0493171240499355
448,2,10,150,15,0.0
449,2,10,150,15,0.0448104318539346
450,2,10,150,15,0.44919265374250705
451,2,10,150,15,0.0
452,2,10,150,15,0.2065911621860533
453,2,10,150,15,0.2507514286627108
454,2,10,150,15,0.0
455,2,10,150,15,0.22725449228182937
456,2,10,150,15,0.23138144801632507
457,2,10,150,15,0.6650461452344317
458,2,10,150,15,0.37204352289137993
459,2,10,150,15,0.21992634232854022
460,2,10,150,15,0.1076424320455391
461,2,10,150,15,0.0
462,2,10,150,15,0.0
463,2,10,150,15,0.2559138274179071
464,2,10,150,15,0.0
465,2,10,150,15,0.21084154760652854
466,2,10,150,15,0.08632110309458951
467,2,10,150,15,0.04610512027589789
468,2,10,150,15,0.3124784202775508
469,2,10,150,15,0.0
470,2,10,150,15,0.0
471,2,10,150,15,0.0
472,2,10,150,15,0.3351213897503454
473,2,10,150,15,0.2162953916463592
474,2,10,150,15,0.4533186706823579
475,2,10,150,15,0.07311683844390994
476,2,10,150,15,0.0
477,2,10,150,15,0.07075576072108061
478,2,10,150,15,0.136663101377946
479,2,10,150,15,0.22196771051724834
480,2,10,150,15,0.09992633629866743
481,2,10,150,15,0.0
482,2,10,150,15,0.0
483,2,10,150,15,0.0
484,2,10,150,15,0.21992634232854022
485,2,10,150,15,0.0
486,2,10,150,15,0.0493171240499355
487,2,10,150,15,0.41037327719478883
488,2,10,150,15,0.0
489,2,10,150,15,0.0
490,2,10,150,15,0.1076424320455391
491,2,10,150,15,0.0
492,2,10,150,15,0.13947804593499064
493,2,10,150,15,0.13736415670270682
494,2,10,150,15,0.0
495,2,10,150,15,0.0
496,2,10,150,15,0.05382121602276955
497,2,10,150,15,0.28670248454101577
498,2,10,150,15,0.15130526417047127
499,2,10,150,15,0.0
500,2,10,150,15,0.41394100628920116
501,2,10,150,15,0.0
502,2,10,150,15,0.0
503,2,10,150,15,0.10342453430737153
504,2,10,150,15,0.25296499981744724
505,2,10,150,15,0.1076424320455391
506,2,10,150,15,0.19642940594765884
507,2,10,150,15,0.0
508,2,10,150,15,0.17060921827860473
509,2,10,150,15,0.0
510,2,10,150,15,0.0
511,2,10,150,15,0.0
512,2,10,150,15,0.0
513,2,10,150,15,0.0
514,2,10,150,15,0.21819945618047532
515,2,10,150,15,0.0
516,2,10,150,15,0.0843142342558857
517,2,10,150,15,0.0
518,2,10,150,15,0.1076424320455391
519,2,10,150,15,0.0
520,2,10,150,15,0.0
521,2,10,150,15,0.0
522,2,10,150,15,0.0
523,2,10,150,15,0.29738210304749396
524,2,10,150,15,0.13807454889548457
525,2,10,150,15,0.0
526,2,10,150,15,0.0
527,2,10,150,15,0.4359231038750631
528,2,10,150,15,0.10141145392464014
529,2,10,150,15,0.0
530,2,10,150,15,0.0
531,2,10,150,15,0.0
532,2,10,150,15,0.0660006550311689
533,2,10,150,15,0.051358492238643604
534,2,10,150,15,0.0
535,2,10,150,15,0.22196771051724834
536,2,10,150,15,0.1639105698104254
537,2,10,150,15,0.26959905332823375
538,2,10,150,15,0.04610512027589789
539,2,10,150,15,0.0
540,2,10,150,15,0.0
541,2,10,150,15,0.08530460913930236
542,2,10,150,15,0.16451217147174066
543,2,10,150,15,0.08530460913930236
544,2,10,150,15,0.0
545,2,10,150,15,0.08530460913930236
546,2,10,150,15,0.0
547,2,10,150,15,0.0
548,2,10,150,15,0.0734773909038217
549,2,10,150,15,0.0
550,2,10,150,15,0.0
551,2,10,150,15,0.24393802326306277
552,2,10,150,15,0.0
553,2,10,150,15,0.1609401273274075
554,2,10,150,15,0.1076424320455391
555,2,10,150,15,0.0
556,2,10,150,15,0.05046096657376444
557,2,10,150,15,0.0
558,2,10,150,15,0.265053101293003
559,2,10,150,15,0.04366879852493834
560,2,10,150,15,0.04366879852493834
561,2,10,150,15,0.13912582516207192
562,2,10,150,15,0.0
563,2,10,150,15,0.0
564,2,10,150,15,0.0
565,2,10,150,15,0.19482612055561835
566,2,10,150,15,0.0
567,2,10,150,15,0.0
568,2,10,150,15,0.0
569,2,10,150,15,0.17060921827860473
570,2,10,150,15,0.0
571,2,10,150,15,0.0
572,2,10,150,15,0.0
573,2,10,150,15,0.0
574,2,10,150,15,0.0
575,2,10,150,15,0.0
576,2,10,150,15,0.0
577,2,10,150,15,0.1076424320455391
578,2,10,150,15,0.0
579,2,10,150,15,0.056869739426201577
580,2,10,150,15,0.13886244387355454
581,2,10,150,15,0.0
582,2,10,150,15,0.0
583,2,10,150,15,0.0
584,2,10,150,15,0.0
585,2,10,150,15,0.04366879852493834
586,2,10,150,15,0.1076424320455391
587,2,10,150,15,0.0
588,2,10,150,15,0.0
589,2,10,150,15,0.0
590,2,10,150,15,0.06139304560474655
591,2,10,150,15,0.0
592,2,10,150,15,0.41240530664293357
593,2,10,150,15,0.0
594,2,10,150,15,0.0
595,2,10,150,15,0.0
596,2,10,150,15,0.0
597,2,10,150,15,0.0
598,2,10,150,15,0.0
599,2,10,150,15,0.0
600,2,10,150,15,0.0
601,2,10,150,15,0.05382121602276955
602,2,10,150,15,0.0
603,2,10,150,15,0.1435203717549576
604,2,10,150,15,0.0
605,2,10,150,15,0.1036806144573329
606,2,10,150,15,0.33648727893823166
607,2,10,150,15,0.08440880858250024
608,2,10,150,15,0.21671433855450262
609,2,10,150,15,0.0
610,2,10,150,15,0.11752277470724268
611,2,10,150,15,0.0
612,2,10,150,15,0.15130120674940672
613,2,10,150,15,0.0
614,2,10,150,15,0.0
615,2,10,150,15,0.051358492238643604
616,2,10,150,15,0.0
617,2,10,150,15,0.04610512027589789
618,2,10,150,15,0.27825165032414384
619,2,10,150,15,0.0
620,2,10,150,15,0.0
621,2,10,150,15,0.0
622,2,10,150,15,0.17060921827860473
623,2,10,150,15,0.0
624,2,10,150,15,0.0536466452928127
625,2,10,150,15,0.0
626,2,10,150,15,0.0
627,2,10,150,15,0.0
628,2,10,150,15,0.0
629,2,10,150,15,0.19451610919980286
630,2,10,150,15,0.0
631,2,10,150,15,0.0
632,2,10,150,15,0.13439570003165963
633,2,10,150,15,0.07667481399289292
634,2,10,150,15,0.0
635,2,10,150,15,0.0
636,2,10,150,15,0.0
637,2,10,150,15,0.0
638,2,10,150,15,0.0
639,2,10,150,15,0.0
640,2,10,150,15,0.0
642,2,10,150,15,0.0
643,2,10,150,15,0.0
644,2,10,150,15,0.0
645,2,10,150,15,0.09759501249802542
647,2,10,150,15,0.0
648,2,10,150,15,0.10215289012738041
649,2,10,150,15,1.0
650,2,10,150,15,0.0
651,2,10,150,15,0.0
653,2,10,150,15,0.0
654,2,10,150,15,0.0
655,2,10,150,15,0.1210676288056923
658,2,10,150,15,0.0
1,2,10,150,16,1.0
2,2,10,150,16,0.12887060814207146
3,2,10,150,16,0.0
4,2,10,150,16,0.0
5,2,10,150,16,0.05166474815090726
6,2,10,150,16,0.37474524395929765
7,2,10,150,16,0.14353841321363803
8,2,10,150,16,0.0
9,2,10,150,16,0.0
10,2,10,150,16,0.08617692516280184
11,2,10,150,16,0.17621173087867098
12,2,10,150,16,0.0
13,2,10,150,16,0.34064419236990773
14,2,10,150,16,0.0705333542487353
15,2,10,150,16,0.0
16,2,10,150,16,0.2976629216928431
17,2,10,150,16,0.0
18,2,10,150,16,0.35509494795226537
19,2,10,150,16,0.0
20,2,10,150,16,0.0
21,2,10,150,16,0.0
22,2,10,150,16,0.0
23,2,10,150,16,0.34180205143306064
24,2,10,150,16,0.0
25,2,10,150,16,0.0
26,2,10,150,16,0.1637733768567814
27,2,10,150,16,0.0
28,2,10,150,16,0.045683428159663184
29,2,10,150,16,0.0
30,2,10,150,16,0.0
31,2,10,150,16,0.0
32,2,10,150,16,0.11781210270929884
33,2,10,150,16,0.0
34,2,10,150,16,0.0
35,2,10,150,16,0.0
36,2,10,150,16,0.0
37,2,10,150,16,0.0
38,2,10,150,16,0.0
39,2,10,150,16,0.0
40,2,10,150,16,0.06556429791586475
41,2,10,150,16,0.0
42,2,10,150,16,0.20945680501644456
43,2,10,150,16,0.05166474815090726
44,2,10,150,16,0.2277195488671051
45,2,10,150,16,0.0
46,2,10,150,16,0.0
47,2,10,150,16,0.0
48,2,10,150,16,0.0
49,2,10,150,16,0.045683428159663184
50,2,10,150,16,0.0
51,2,10,150,16,0.0
52,2,10,150,16,0.0
53,2,10,150,16,0.12810519548676028
54,2,10,150,16,0.05166474815090726
55,2,10,150,16,0.0
56,2,10,150,16,0.2890417816096274
57,2,10,150,16,0.04301500128290471
58,2,10,150,16,0.0
59,2,10,150,16,0.452996704231383
60,2,10,150,16,0.3299851258238227
61,2,10,150,16,0.0
62,2,10,150,16,0.3450040444294426
63,2,10,150,16,0.0400672454325441
64,2,10,150,16,0.10332949630181452
65,2,10,150,16,0.2159863858142134
66,2,10,150,16,0.0
67,2,10,150,16,0.24630238874073
68,2,10,150,16,0.0
69,2,10,150,16,0.08617692516280184
70,2,10,150,16,0.04734112273659951
71,2,10,150,16,0.0
72,2,10,150,16,0.2875791753418674
73,2,10,150,16,0.16088947826823952
74,2,10,150,16,0.17342765698823945
75,2,10,150,16,0.1637733768567814
76,2,10,150,16,0.15067061903841403
77,2,10,150,16,0.05833725389333616
78,2,10,150,16,0.0
79,2,10,150,16,0.0
80,2,10,150,16,0.09460634670666435
81,2,10,150,16,0.0
82,2,10,150,16,0.0
83,2,10,150,16,0.05166474815090726
84,2,10,150,16,0.0
85,2,10,150,16,0.4493398652550741
86,2,10,150,16,0.0
87,2,10,150,16,0.14468929904716996
88,2,10,150,16,0.0
89,2,10,150,16,0.13355143657929797
90,2,10,150,16,0.1338895448360617
91,2,10,150,16,0.0
92,2,10,150,16,0.22211063075011753
93,2,10,150,16,0.0
94,2,10,150,16,0.33832741315851605
95,2,10,150,16,0.13396789511045804
96,2,10,150,16,0.044257815106106525
97,2,10,150,16,0.1637733768567814
98,2,10,150,16,0.0
99,2,10,150,16,0.12614450353449722
100,2,10,150,16,0.0
101,2,10,150,16,0.0
102,2,10,150,16,0.08308224671544881
103,2,10,150,16,0.0
104,2,10,150,16,0.0
105,2,10,150,16,0.0
106,2,10,150,16,0.0
107,2,10,150,16,0.0
108,2,10,150,16,0.0
109,2,10,150,16,0.2530336096500762
110,2,10,150,16,0.0705333542487353
111,2,10,150,16,0.0
112,2,10,150,16,0.0
113,2,10,150,16,0.05306340617755807
114,2,10,150,16,0.0
115,2,10,150,16,0.13118738735346316
116,2,10,150,16,0.045683428159663184
117,2,10,150,16,0.0
118,2,10,150,16,0.06335619058732639
119,2,10,150,16,0.1490129244614777
120,2,10,150,16,0.361879195385413
121,2,10,150,16,0.0
122,2,10,150,16,0.08041927109478651
123,2,10,150,16,0.10332949630181452
124,2,10,150,16,0.0
125,2,10,150,16,0.09592256325701377
126,2,10,150,16,0.0
127,2,10,150,16,0.0
128,2,10,150,16,0.0
129,2,10,150,16,0.0
130,2,10,150,16,0.0705333542487353
131,2,10,150,16,0.0
132,2,10,150,16,0.07667481399289292
133,2,10,150,16,0.0
134,2,10,150,16,0.0
135,2,10,150,16,0.0
136,2,10,150,16,0.0
137,2,10,150,16,0.0
138,2,10,150,16,0.10332949630181452
139,2,10,150,16,0.0
140,2,10,150,16,0.0
141,2,10,150,16,0.0
142,2,10,150,16,0.0
143,2,10,150,16,0.0
144,2,10,150,16,0.3850501893648495
145,2,10,150,16,0.15499424445272178
146,2,10,150,16,0.0
147,2,10,150,16,0.0
148,2,10,150,16,0.0
149,2,10,150,16,0.0
150,2,10,150,16,0.0
151,2,10,150,16,0.17483288905025704
152,2,10,150,16,0.0
153,2,10,150,16,0.0
154,2,10,150,16,0.0
155,2,10,150,16,0.0
156,2,10,150,16,0.0
157,2,10,150,16,0.0
158,2,10,150,16,0.11983405317380776
159,2,10,150,16,0.0
160,2,10,150,16,0.04734112273659951
161,2,10,150,16,0.0
162,2,10,150,16,0.0
163,2,10,150,16,0.0
164,2,10,150,16,0.0
165,2,10,150,16,0.0
166,2,10,150,16,0.0
167,2,10,150,16,0.0
168,2,10,150,16,0.0
169,2,10,150,16,0.0
170,2,10,150,16,0.0
171,2,10,150,16,0.0
172,2,10,150,16,0.0
173,2,10,150,16,0.0
174,2,10,150,16,0.3084626759039514
175,2,10,150,16,0.17993148201117176
176,2,10,150,16,0.0
177,2,10,150,16,0.4652324119911611
178,2,10,150,16,0.27786999319494615
179,2,10,150,16,0.0
180,2,10,150,16,0.05459112561892713
181,2,10,150,16,0.0400672454325441
182,2,10,150,16,0.0
183,2,10,150,16,0.0
184,2,10,150,16,0.1988338146752007
185,2,10,150,16,0.0
186,2,10,150,16,0.0
187,2,10,150,16,0.043599246064372175
188,2,10,150,16,0.276225841162212
189,2,10,150,16,0.045683428159663184
190,2,10,150,16,0.0
191,2,10,150,16,0.0
192,2,10,150,16,0.0
193,2,10,150,16,0.0
194,2,10,150,16,0.21075729657046216
195,2,10,150,16,0.0
196,2,10,150,16,0.0
197,2,10,150,16,0.10567837662993566
198,2,10,150,16,0.05459112561892713
199,2,10,150,16,0.2529427027676571
200,2,10,150,16,0.29827523510215576
201,2,10,150,16,0.15499424445272178
202,2,10,150,16,0.27487633291429087
203,2,10,150,16,0.05947719272904215
204,2,10,150,16,0.0
205,2,10,150,16,0.0740318445087683
206,2,10,150,16,0.0
207,2,10,150,16,0.044257815106106525
208,2,10,150,16,0.0
209,2,10,150,16,0.0
210,2,10,150,16,0.10402068205299933
211,2,10,150,16,0.0
212,2,10,150,16,0.0
213,2,10,150,16,0.04301500128290471
214,2,10,150,16,0.09024404313926782
215,2,10,150,16,0.0
216,2,10,150,16,0.0818866884283907
217,2,10,150,16,0.05166474815090726
218,2,10,150,16,0.0634797890335986
219,2,10,150,16,0.0
220,2,10,150,16,0.0
221,2,10,150,16,0.1811672865359222
222,2,10,150,16,0.14858129703260398
223,2,10,150,16,0.0
224,2,10,150,16,0.04301500128290471
225,2,10,150,16,0.0
226,2,10,150,16,0.04191911005669532
227,2,10,150,16,0.0
228,2,10,150,16,0.0
229,2,10,150,16,0.0
230,2,10,150,16,0.21543812500768866
231,2,10,150,16,0.3903800499921017
232,2,10,150,16,0.0
233,2,10,150,16,0.13647781404731782
234,2,10,150,16,0.1779586622358627
235,2,10,150,16,0.0
236,2,10,150,16,0.0400672454325441
237,2,10,150,16,0.04191911005669532
238,2,10,150,16,0.0
239,2,10,150,16,0.0
240,2,10,150,16,0.0
241,2,10,150,16,0.0
242,2,10,150,16,0.0
243,2,10,150,16,0.26710287315859593
244,2,10,150,16,0.14202087217041148
245,2,10,150,16,0.0
246,2,10,150,16,0.1637733768567814
247,2,10,150,16,0.0
248,2,10,150,16,0.07947838320659593
249,2,10,150,16,0.276225841162212
250,2,10,150,16,0.0
251,2,10,150,16,0.10903961874698957
252,2,10,150,16,0.13120507751234178
253,2,10,150,16,0.16893785357461558
254,2,10,150,16,0.44288743734031
255,2,10,150,16,0.0
256,2,10,150,16,0.41206689942579056
257,2,10,150,16,0.04759023790187059
258,2,10,150,16,0.0
259,2,10,150,16,0.0
260,2,10,150,16,0.0
261,2,10,150,16,0.0
262,2,10,150,16,0.10332949630181452
263,2,10,150,16,0.0
264,2,10,150,16,0.13926728636726576
265,2,10,150,16,0.0
266,2,10,150,16,0.0
267,2,10,150,16,0.0
268,2,10,150,16,0.2867912300628131
269,2,10,150,16,0.10389182454399959
270,2,10,150,16,0.0818866884283907
271,2,10,150,16,0.4435172369750131
272,2,10,150,16,0.17654505947986193
273,2,10,150,16,0.0
274,2,10,150,16,0.0
275,2,10,150,16,0.04734112273659951
276,2,10,150,16,0.36104819529003607
277,2,10,150,16,0.0
278,2,10,150,16,0.0
279,2,10,150,16,0.47307440802487216
280,2,10,150,16,0.08493411133960002
281,2,10,150,16,0.0
282,2,10,150,16,0.0
283,2,10,150,16,0.0
284,2,10,150,16,0.0
285,2,10,150,16,0.0
286,2,10,150,16,0.06335619058732639
287,2,10,150,16,0.0845667599404342
288,2,10,150,16,0.04930069892507246
289,2,10,150,16,0.0
290,2,10,150,16,0.04094334421419535
291,2,10,150,16,0.44549979726260913
292,2,10,150,16,0.3273312820017794
293,2,10,150,16,0.2111144995933809
294,2,10,150,16,0.04930069892507246
295,2,10,150,16,0.045683428159663184
296,2,10,150,16,0.0
297,2,10,150,16,0.04301500128290471
298,2,10,150,16,0.3674531768266833
299,2,10,150,16,0.08493411133960002
300,2,10,150,16,0.0
301,2,10,150,16,0.29283019042363817
302,2,10,150,16,0.0
303,2,10,150,16,0.5383391426746099
304,2,10,150,16,0.0
305,2,10,150,16,0.3248215793542347
306,2,10,150,16,0.0
307,2,10,150,16,0.06335619058732639
308,2,10,150,16,0.2596959401137952
309,2,10,150,16,0.0
310,2,10,150,16,0.0
311,2,10,150,16,0.3113606882647025
312,2,10,150,16,0.1637733768567814
313,2,10,150,16,0.3137563398179663
314,2,10,150,16,0.17949281533022252
315,2,10,150,16,0.05459112561892713
316,2,10,150,16,0.0
317,2,10,150,16,0.0
318,2,10,150,16,0.0400672454325441
319,2,10,150,16,0.0
320,2,10,150,16,0.08520115932030188
321,2,10,150,16,0.16166675019515067
322,2,10,150,16,0.21382929552167615
323,2,10,150,16,0.0
324,2,10,150,16,0.05166474815090726
325,2,10,150,16,0.0400672454325441
326,2,10,150,16,0.11502093873823366
327,2,10,150,16,0.0
328,2,10,150,16,0.26710287315859593
329,2,10,150,16,0.0
330,2,10,150,16,0.044257815106106525
331,2,10,150,16,0.0
332,2,10,150,16,0.36735350976583464
333,2,10,150,16,0.0
334,2,10,150,16,0.2888978567244438
335,2,10,150,16,0.0
336,2,10,150,16,0.17312842324817798
337,2,10,150,16,0.07596161868673496
338,2,10,150,16,0.04734112273659951
339,2,10,150,16,0.2535704098542608
340,2,10,150,16,0.06194403202282284
341,2,10,150,16,0.0
342,2,10,150,16,0.31444399589519545
343,2,10,150,16,0.41271294344094334
344,2,10,150,16,0.21543812500768866
345,2,10,150,16,0.09664182166167198
346,2,10,150,16,0.537624332205869
347,2,10,150,16,0.2744706901807073
348,2,10,150,16,0.0
349,2,10,150,16,0.163169180413793
350,2,10,150,16,0.052086392783128294
351,2,10,150,16,0.0
352,2,10,150,16,0.13424962064154206
353,2,10,150,16,0.0
354,2,10,150,16,0.12614450353449722
355,2,10,150,16,0.0
356,2,10,150,16,0.0
357,2,10,150,16,0.11787447698533482
358,2,10,150,16,0.0
359,2,10,150,16,0.0
360,2,10,150,16,0.2456600652851721
361,2,10,150,16,0.05459112561892713
362,2,10,150,16,0.0
363,2,10,150,16,0.2980081871214539
364,2,10,150,16,0.0
365,2,10,150,16,0.0
366,2,10,150,16,0.0
367,2,10,150,16,0.0
368,2,10,150,16,0.0
369,2,10,150,16,0.21386152848601384
370,2,10,150,16,0.04191911005669532
371,2,10,150,16,0.0400672454325441
372,2,10,150,16,0.0536466452928127
373,2,10,150,16,0.09467974943381198
374,2,10,150,16,0.23696543104424755
375,2,10,150,16,0.0
376,2,10,150,16,0.0
377,2,10,150,16,0.2529427027676571
378,2,10,150,16,0.09592256325701377
379,2,10,150,16,0.1885306556221164
380,2,10,150,16,0.13647781404731782
381,2,10,150,16,0.10193224835552663
382,2,10,150,16,0.0493171240499355
383,2,10,150,16,0.0
384,2,10,150,16,0.0
385,2,10,150,16,0.34120782041402237
386,2,10,150,16,0.0
387,2,10,150,16,0.19063067779809453
388,2,10,150,16,0.0
389,2,10,150,16,0.31566914478129654
390,2,10,150,16,0.0
391,2,10,150,16,0.15067061903841403
392,2,10,150,16,0.0
393,2,10,150,16,0.0
394,2,10,150,16,0.20471672107097674
395,2,10,150,16,0.0
396,2,10,150,16,0.09231570020797718
397,2,10,150,16,0.152420042677126
398,2,10,150,16,0.15999801224899837
399,2,10,150,16,0.05459112561892713
400,2,10,150,16,0.0
401,2,10,150,16,0.0
402,2,10,150,16,0.14022394232172686
403,2,10,150,16,0.1637733768567814
404,2,10,150,16,0.0
405,2,10,150,16,0.33713156948835116
406,2,10,150,16,0.2869485374932428
407,2,10,150,16,0.21272701808402092
408,2,10,150,16,0.0
409,2,10,150,16,0.1442728405160099
410,2,10,150,16,0.0
411,2,10,150,16,0.1637733768567814
412,2,10,150,16,0.044257815106106525
413,2,10,150,16,0.1637733768567814
414,2,10,150,16,0.0
415,2,10,150,16,0.11004588314904008
416,2,10,150,16,0.5343970996901924
417,2,10,150,16,0.5786129719737566
418,2,10,150,16,0.0
419,2,10,150,16,0.09817896789964464
420,2,10,150,16,0.0
421,2,10,150,16,0.25537231469948746
422,2,10,150,16,0.04734112273659951
423,2,10,150,16,0.0
424,2,10,150,16,0.0
425,2,10,150,16,0.09260809236510262
426,2,10,150,16,0.0
427,2,10,150,16,0.0
428,2,10,150,16,0.0
429,2,10,150,16,0.6089049245916566
430,2,10,150,16,0.0818866884283907
431,2,10,150,16,0.0
432,2,10,150,16,0.05166474815090726
433,2,10,150,16,0.05833725389333616
434,2,10,150,16,0.0
435,2,10,150,16,0.46142993574148994
436,2,10,150,16,0.05166474815090726
437,2,10,150,16,0.34574941357950056
438,2,10,150,16,0.0
439,2,10,150,16,0.0
440,2,10,150,16,0.0
441,2,10,150,16,0.1731866333482261
442,2,10,150,16,0.09159893784270605
443,2,10,150,16,0.0
444,2,10,150,16,0.0
445,2,10,150,16,0.0
446,2,10,150,16,0.0
447,2,10,150,16,0.04734112273659951
448,2,10,150,16,0.0
449,2,10,150,16,0.04301500128290471
450,2,10,150,16,0.4712619868710543
451,2,10,150,16,0.0
452,2,10,150,16,0.19831362338655018
453,2,10,150,16,0.24070450962792087
454,2,10,150,16,0.0
455,2,10,150,16,0.2181490307639251
456,2,10,150,16,0.22211063075011753
457,2,10,150,16,0.6383995781093563
458,2,10,150,16,0.3571367637481027
459,2,10,150,16,0.251181745025925
460,2,10,150,16,0.10332949630181452
461,2,10,150,16,0.0
462,2,10,150,16,0.0
463,2,10,150,16,0.2456600652851721
464,2,10,150,16,0.0
465,2,10,150,16,0.20239370757120032
466,2,10,150,16,0.08286245427089066
467,2,10,150,16,0.044257815106106525
468,2,10,150,16,0.2999582707199165
469,2,10,150,16,0.0
470,2,10,150,16,0.0400672454325441
471,2,10,150,16,0.0
472,2,10,150,16,0.3617612442100671
473,2,10,150,16,0.20762903110333628
474,2,10,150,16,0.43515544024497327
475,2,10,150,16,0.07311683844390994
476,2,10,150,16,0.0
477,2,10,150,16,0.07075576072108061
478,2,10,150,16,0.13118738735346316
479,2,10,150,16,0.21307407578185386
480,2,10,150,16,0.13598980868955787
481,2,10,150,16,0.0
482,2,10,150,16,0.0
483,2,10,150,16,0.0400672454325441
484,2,10,150,16,0.2111144995933809
485,2,10,150,16,0.0
486,2,10,150,16,0.04734112273659951
487,2,10,150,16,0.43399799581101184
488,2,10,150,16,0.0
489,2,10,150,16,0.0
490,2,10,150,16,0.10332949630181452
491,2,10,150,16,0.0
492,2,10,150,16,0.1338895448360617
493,2,10,150,16,0.131860353322465
494,2,10,150,16,0.0
495,2,10,150,16,0.0
496,2,10,150,16,0.05166474815090726
497,2,10,150,16,0.2752151057267907
498,2,10,150,16,0.14524287901571709
499,2,10,150,16,0.0
500,2,10,150,16,0.3973555303956175
501,2,10,150,16,0.0
502,2,10,150,16,0.0
503,2,10,150,16,0.0992805981075315
504,2,10,150,16,0.2428293890839181
505,2,10,150,16,0.10332949630181452
506,2,10,150,16,0.18855902072938516
507,2,10,150,16,0.0
508,2,10,150,16,0.1637733768567814
509,2,10,150,16,0.0
510,2,10,150,16,0.0
511,2,10,150,16,0.0
512,2,10,150,16,0.0
513,2,10,150,16,0.0
514,2,10,150,16,0.24952405044898868
515,2,10,150,16,0.0
516,2,10,150,16,0.0843142342558857
517,2,10,150,16,0.0
518,2,10,150,16,0.14339674173435862
519,2,10,150,16,0.0
520,2,10,150,16,0.0
521,2,10,150,16,0.0
522,2,10,150,16,0.0
523,2,10,150,16,0.28546682133744394
524,2,10,150,16,0.13254228205690138
525,2,10,150,16,0.0
526,2,10,150,16,0.0
527,2,10,150,16,0.41845686588238457
528,2,10,150,16,0.09734817631057045
529,2,10,150,16,0.0
530,2,10,150,16,0.0
531,2,10,150,16,0.0
532,2,10,150,16,0.06335619058732639
533,2,10,150,16,0.04930069892507246
534,2,10,150,16,0.0
535,2,10,150,16,0.253141321214398
536,2,10,150,16,0.15734312478084295
537,2,10,150,16,0.25879696189014983
538,2,10,150,16,0.044257815106106525
539,2,10,150,16,0.0
540,2,10,150,16,0.0
541,2,10,150,16,0.0818866884283907
542,2,10,150,16,0.15792062192074163
543,2,10,150,16,0.0818866884283907
544,2,10,150,16,0.0
545,2,10,150,16,0.1219539338609348
546,2,10,150,16,0.0
547,2,10,150,16,0.0
548,2,10,150,16,0.0705333542487353
549,2,10,150,16,0.0
550,2,10,150,16,0.0
551,2,10,150,16,0.234164098614652
552,2,10,150,16,0.0
553,2,10,150,16,0.15449169974583538
554,2,10,150,16,0.10332949630181452
555,2,10,150,16,0.0
556,2,10,150,16,0.05046096657376444
557,2,10,150,16,0.0
558,2,10,150,16,0.265053101293003
559,2,10,150,16,0.04191911005669532
560,2,10,150,16,0.04191911005669532
561,2,10,150,16,0.13355143657929797
562,2,10,150,16,0.0
563,2,10,150,16,0.0
564,2,10,150,16,0.0
565,2,10,150,16,0.19482612055561835
566,2,10,150,16,0.0
567,2,10,150,16,0.0400672454325441
568,2,10,150,16,0.0
569,2,10,150,16,0.1637733768567814
570,2,10,150,16,0.0
571,2,10,150,16,0.0
572,2,10,150,16,0.0
573,2,10,150,16,0.0
574,2,10,150,16,0.0
575,2,10,150,16,0.0
576,2,10,150,16,0.0
577,2,10,150,16,0.10332949630181452
578,2,10,150,16,0.0
579,2,10,150,16,0.05459112561892713
580,2,10,150,16,0.13886244387355454
581,2,10,150,16,0.0
582,2,10,150,16,0.0
583,2,10,150,16,0.0
584,2,10,150,16,0.0
585,2,10,150,16,0.04191911005669532
586,2,10,150,16,0.10332949630181452
587,2,10,150,16,0.0
588,2,10,150,16,0.0
589,2,10,150,16,0.0
590,2,10,150,16,0.06139304560474655
591,2,10,150,16,0.0
592,2,10,150,16,0.43594860743653163
593,2,10,150,16,0.0
594,2,10,150,16,0.0
595,2,10,150,16,0.0
596,2,10,150,16,0.0
597,2,10,150,16,0.0
598,2,10,150,16,0.0
599,2,10,150,16,0.0
600,2,10,150,16,0.0
601,2,10,150,16,0.05166474815090726
602,2,10,150,16,0.0
603,2,10,150,16,0.1435203717549576
604,2,10,150,16,0.0
605,2,10,150,16,0.1036806144573329
606,2,10,150,16,0.3230051605480846
607,2,10,150,16,0.08440880858250024
608,2,10,150,16,0.2080311919628879
609,2,10,150,16,0.0
610,2,10,150,16,0.11752277470724268
611,2,10,150,16,0.0
612,2,10,150,16,0.15130120674940672
613,2,10,150,16,0.0
614,2,10,150,16,0.0
615,2,10,150,16,0.051358492238643604
616,2,10,150,16,0.0
617,2,10,150,16,0.044257815106106525
618,2,10,150,16,0.26710287315859593
619,2,10,150,16,0.0
620,2,10,150,16,0.0
621,2,10,150,16,0.0
622,2,10,150,16,0.1637733768567814
623,2,10,150,16,0.0
624,2,10,150,16,0.0536466452928127
625,2,10,150,16,0.0
626,2,10,150,16,0.0
627,2,10,150,16,0.0
628,2,10,150,16,0.0
629,2,10,150,16,0.19451610919980286
630,2,10,150,16,0.0
631,2,10,150,16,0.0
632,2,10,150,16,0.13439570003165963
633,2,10,150,16,0.07667481399289292
634,2,10,150,16,0.0
635,2,10,150,16,0.0
636,2,10,150,16,0.0
637,2,10,150,16,0.0
638,2,10,150,16,0.0
639,2,10,150,16,0.0
640,2,10,150,16,0.0
642,2,10,150,16,0.0400672454325441
643,2,10,150,16,0.0
644,2,10,150,16,0.0
645,2,10,150,16,0.09759501249802542
647,2,10,150,16,0.0
648,2,10,150,16,0.10215289012738041
649,2,10,150,16,1.0
650,2,10,150,16,0.0
651,2,10,150,16,0.0
653,2,10,150,16,0.0
654,2,10,150,16,0.0
655,2,10,150,16,0.11621678240839849
658,2,10,150,16,0.0
1,2,10,150,17,1.0
2,2,10,150,17,0.12400050117322937
3,2,10,150,17,0.0
4,2,10,150,17,0.0
5,2,10,150,17,0.049712302565054066
6,2,10,150,17,0.36058336911088684
7,2,10,150,17,0.1381140000245762
8,2,10,150,17,0.0
9,2,10,150,17,0.0
10,2,10,150,17,0.12071091386057418
11,2,10,150,17,0.16955257103674748
12,2,10,150,17,0.0
13,2,10,150,17,0.32777101919975116
14,2,10,150,17,0.06786785134613488
15,2,10,150,17,0.0
16,2,10,150,17,0.28641403965370454
17,2,10,150,17,0.0
18,2,10,150,17,0.3794663436762357
19,2,10,150,17,0.0
20,2,10,150,17,0.0
21,2,10,150,17,0.0
22,2,10,150,17,0.0
23,2,10,150,17,0.3288851219900526
24,2,10,150,17,0.0
25,2,10,150,17,0.0
26,2,10,150,17,0.15758427078022966
27,2,10,150,17,0.0
28,2,10,150,17,0.043957020679722535
29,2,10,150,17,0.0
30,2,10,150,17,0.0
31,2,10,150,17,0.0
32,2,10,150,17,0.11781210270929884
33,2,10,150,17,0.0
34,2,10,150,17,0.0
35,2,10,150,17,0.0
36,2,10,150,17,0.0
37,2,10,150,17,0.0
38,2,10,150,17,0.0
39,2,10,150,17,0.0
40,2,10,150,17,0.06556429791586475
41,2,10,150,17,0.0
42,2,10,150,17,0.2015412914599522
43,2,10,150,17,0.049712302565054066
44,2,10,150,17,0.2191138739357302
45,2,10,150,17,0.0
46,2,10,150,17,0.0
47,2,10,150,17,0.0
48,2,10,150,17,0.0
49,2,10,150,17,0.043957020679722535
50,2,10,150,17,0.0
51,2,10,150,17,0.0
52,2,10,150,17,0.0
53,2,10,150,17,0.12810519548676028
54,2,10,150,17,0.049712302565054066
55,2,10,150,17,0.0
56,2,10,150,17,0.27811869825339985
57,2,10,150,17,0.041389435449602524
58,2,10,150,17,0.0
59,2,10,150,17,0.4358776540620253
60,2,10,150,17,0.35530543861660446
61,2,10,150,17,0.0
62,2,10,150,17,0.3319661095172226
63,2,10,150,17,0.0763437499438357
64,2,10,150,17,0.09942460513010813
65,2,10,150,17,0.2078241150071323
66,2,10,150,17,0.0
67,2,10,150,17,0.24630238874073
68,2,10,150,17,0.0
69,2,10,150,17,0.08292024119242698
70,2,10,150,17,0.0455520698635181
71,2,10,150,17,0.0
72,2,10,150,17,0.2767113648603472
73,2,10,150,17,0.16088947826823952
74,2,10,150,17,0.17342765698823945
75,2,10,150,17,0.15758427078022966
76,2,10,150,17,0.1827673476617734
77,2,10,150,17,0.05833725389333616
78,2,10,150,17,0.0
79,2,10,150,17,0.0
80,2,10,150,17,0.09460634670666435
81,2,10,150,17,0.0
82,2,10,150,17,0.0
83,2,10,150,17,0.049712302565054066
84,2,10,150,17,0.0
85,2,10,150,17,0.4701496821586174
86,2,10,150,17,0.0
87,2,10,150,17,0.1392213931082947
88,2,10,150,17,0.0
89,2,10,150,17,0.1285044379551689
90,2,10,150,17,0.1288297688734749
91,2,10,150,17,0.0
92,2,10,150,17,0.21371692060732414
93,2,10,150,17,0.0
94,2,10,150,17,0.3255417926331816
95,2,10,150,17,0.12890515823829804
96,2,10,150,17,0.04258528250242427
97,2,10,150,17,0.15758427078022966
98,2,10,150,17,0.0
99,2,10,150,17,0.12137741789253911
100,2,10,150,17,0.0
101,2,10,150,17,0.0
102,2,10,150,17,0.07994251272529103
103,2,10,150,17,0.0
104,2,10,150,17,0.0
105,2,10,150,17,0.0
106,2,10,150,17,0.0
107,2,10,150,17,0.0
108,2,10,150,17,0.0
109,2,10,150,17,0.2812619720018976
110,2,10,150,17,0.06786785134613488
111,2,10,150,17,0.0
112,2,10,150,17,0.0
113,2,10,150,17,0.05306340617755807
114,2,10,150,17,0.0
115,2,10,150,17,0.126229727739799
116,2,10,150,17,0.043957020679722535
117,2,10,150,17,0.0
118,2,10,150,17,0.060961917527339995
119,2,10,150,17,0.18117229847797786
120,2,10,150,17,0.361879195385413
121,2,10,150,17,0.0
122,2,10,150,17,0.08041927109478651
123,2,10,150,17,0.09942460513010813
124,2,10,150,17,0.0
125,2,10,150,17,0.09229758506747833
126,2,10,150,17,0.0
127,2,10,150,17,0.0
128,2,10,150,17,0.0
129,2,10,150,17,0.0
130,2,10,150,17,0.06786785134613488
131,2,10,150,17,0.0
132,2,10,150,17,0.07667481399289292
133,2,10,150,17,0.0
134,2,10,150,17,0.0
135,2,10,150,17,0.0
136,2,10,150,17,0.0
137,2,10,150,17,0.0
138,2,10,150,17,0.10332949630181452
139,2,10,150,17,0.0
140,2,10,150,17,0.0
141,2,10,150,17,0.0
142,2,10,150,17,0.0
143,2,10,150,17,0.0
144,2,10,150,17,0.3704988836977544
145,2,10,150,17,0.1491369076951622
146,2,10,150,17,0.0
147,2,10,150,17,0.0
148,2,10,150,17,0.0
149,2,10,150,17,0.0
150,2,10,150,17,0.0
151,2,10,150,17,0.1682258365685323
152,2,10,150,17,0.0
153,2,10,150,17,0.0
154,2,10,150,17,0.0
155,2,10,150,17,0.0
156,2,10,150,17,0.0
157,2,10,150,17,0.0
158,2,10,150,17,0.11530544369581905
159,2,10,150,17,0.0
160,2,10,150,17,0.0455520698635181
161,2,10,150,17,0.0
162,2,10,150,17,0.0
163,2,10,150,17,0.0
164,2,10,150,17,0.0
165,2,10,150,17,0.0
166,2,10,150,17,0.0
167,2,10,150,17,0.0
168,2,10,150,17,0.0
169,2,10,150,17,0.0
170,2,10,150,17,0.0
171,2,10,150,17,0.0
172,2,10,150,17,0.0
173,2,10,150,17,0.0
174,2,10,150,17,0.29680566388852436
175,2,10,150,17,0.17993148201117176
176,2,10,150,17,0.0
177,2,10,150,17,0.44765096619499056
178,2,10,150,17,0.30515977190596283
179,2,10,150,17,0.0
180,2,10,150,17,0.05459112561892713
181,2,10,150,17,0.03855307727568851
182,2,10,150,17,0.0
183,2,10,150,17,0.0
184,2,10,150,17,0.19131975106945115
185,2,10,150,17,0.0
186,2,10,150,17,0.0
187,2,10,150,17,0.043599246064372175
188,2,10,150,17,0.2657870808163672
189,2,10,150,17,0.043957020679722535
190,2,10,150,17,0.0
191,2,10,150,17,0.0
192,2,10,150,17,0.0
193,2,10,150,17,0.0
194,2,10,150,17,0.2027926365633442
195,2,10,150,17,0.0
196,2,10,150,17,0.0
197,2,10,150,17,0.10168471969061259
198,2,10,150,17,0.05252809026007655
199,2,10,150,17,0.2529427027676571
200,2,10,150,17,0.28700321332739553
201,2,10,150,17,0.1491369076951622
202,2,10,150,17,0.27487633291429087
203,2,10,150,17,0.05947719272904215
204,2,10,150,17,0.0
205,2,10,150,17,0.1465996756793884
206,2,10,150,17,0.0
207,2,10,150,17,0.04258528250242427
208,2,10,150,17,0.0
209,2,10,150,17,0.0
210,2,10,150,17,0.13788034317496423
211,2,10,150,17,0.0
212,2,10,150,17,0.0
213,2,10,150,17,0.041389435449602524
214,2,10,150,17,0.08683366004474159
215,2,10,150,17,0.0
216,2,10,150,17,0.07879213539011483
217,2,10,150,17,0.049712302565054066
218,2,10,150,17,0.0634797890335986
219,2,10,150,17,0.0
220,2,10,150,17,0.0
221,2,10,150,17,0.17432085291226673
222,2,10,150,17,0.1429663098718361
223,2,10,150,17,0.0
224,2,10,150,17,0.041389435449602524
225,2,10,150,17,0.0
226,2,10,150,17,0.040334958690002705
227,2,10,150,17,0.0
228,2,10,150,17,0.0
229,2,10,150,17,0.0
230,2,10,150,17,0.20729657334528373
231,2,10,150,17,0.3903800499921017
232,2,10,150,17,0.0
233,2,10,150,17,0.13132022565019136
234,2,10,150,17,0.17123348468284585
235,2,10,150,17,0.0
236,2,10,150,17,0.03855307727568851
237,2,10,150,17,0.04191911005669532
238,2,10,150,17,0.0
239,2,10,150,17,0.0
240,2,10,150,17,0.0
241,2,10,150,17,0.0
242,2,10,150,17,0.0
243,2,10,150,17,0.2570088759103378
244,2,10,150,17,0.1366538078781747
245,2,10,150,17,0.0
246,2,10,150,17,0.15758427078022966
247,2,10,150,17,0.0
248,2,10,150,17,0.07947838320659593
249,2,10,150,17,0.2657870808163672
250,2,10,150,17,0.0
251,2,10,150,17,0.10491893820706252
252,2,10,150,17,0.13120507751234178
253,2,10,150,17,0.1625535784489179
254,2,10,150,17,0.4261504231669478
255,2,10,150,17,0.0
256,2,10,150,17,0.3964946141122122
257,2,10,150,17,0.04759023790187059
258,2,10,150,17,0.0
259,2,10,150,17,0.0
260,2,10,150,17,0.0
261,2,10,150,17,0.0
262,2,10,150,17,0.09942460513010813
263,2,10,150,17,0.0377906726681472
264,2,10,150,17,0.1340042819347793
265,2,10,150,17,0.0
266,2,10,150,17,0.0
267,2,10,150,17,0.0
268,2,10,150,17,0.27595319656341405
269,2,10,150,17,0.09996568260976071
270,2,10,150,17,0.07879213539011483
271,2,10,150,17,0.4645470949179565
272,2,10,150,17,0.21581995694207878
273,2,10,150,17,0.0
274,2,10,150,17,0.0
275,2,10,150,17,0.0455520698635181
276,2,10,150,17,0.34740394112440504
277,2,10,150,17,0.0
278,2,10,150,17,0.0
279,2,10,150,17,0.45519660792352673
280,2,10,150,17,0.08172439413960522
281,2,10,150,17,0.0
282,2,10,150,17,0.0
283,2,10,150,17,0.0
284,2,10,150,17,0.0
285,2,10,150,17,0.0
286,2,10,150,17,0.060961917527339995
287,2,10,150,17,0.0845667599404342
288,2,10,150,17,0.04743759234968417
289,2,10,150,17,0.0
290,2,10,150,17,0.039396067695057414
291,2,10,150,17,0.42866406025053194
292,2,10,150,17,0.31496121266960514
293,2,10,150,17,0.24092701331189495
294,2,10,150,17,0.04743759234968417
295,2,10,150,17,0.043957020679722535
296,2,10,150,17,0.0
297,2,10,150,17,0.041389435449602524
298,2,10,150,17,0.3913575467685025
299,2,10,150,17,0.08172439413960522
300,2,10,150,17,0.0
301,2,10,150,17,0.2817639405499872
302,2,10,150,17,0.0
303,2,10,150,17,0.5179949443493428
304,2,10,150,17,0.0
305,2,10,150,17,0.3125463533733082
306,2,10,150,17,0.0
307,2,10,150,17,0.060961917527339995
308,2,10,150,17,0.24988185584770803
309,2,10,150,17,0.0
310,2,10,150,17,0.0
311,2,10,150,17,0.29959415841276205
312,2,10,150,17,0.15758427078022966
313,2,10,150,17,0.3396899493504968
314,2,10,150,17,0.21050033376794108
315,2,10,150,17,0.05252809026007655
316,2,10,150,17,0.0
317,2,10,150,17,0.0
318,2,10,150,17,0.03855307727568851
319,2,10,150,17,0.0
320,2,10,150,17,0.08198135019748169
321,2,10,150,17,0.15555725495720263
322,2,10,150,17,0.21382929552167615
323,2,10,150,17,0.0
324,2,10,150,17,0.049712302565054066
325,2,10,150,17,0.0763437499438357
326,2,10,150,17,0.11067422009239405
327,2,10,150,17,0.0
328,2,10,150,17,0.29479954857848495
329,2,10,150,17,0.0
330,2,10,150,17,0.04258528250242427
331,2,10,150,17,0.0
332,2,10,150,17,0.353470973524779
333,2,10,150,17,0.0
334,2,10,150,17,0.3157708850545883
335,2,10,150,17,0.0
336,2,10,150,17,0.20437645634380083
337,2,10,150,17,0.07596161868673496
338,2,10,150,17,0.0455520698635181
339,2,10,150,17,0.28177848616527773
340,2,10,150,17,0.06194403202282284
341,2,10,150,17,0.0
342,2,10,150,17,0.3025609457738559
343,2,10,150,17,0.4349069163576063
344,2,10,150,17,0.20729657334528373
345,2,10,150,17,0.09298966221320228
346,2,10,150,17,0.555097819717193
347,2,10,150,17,0.26409825817108773
348,2,10,150,17,0.0
349,2,10,150,17,0.163169180413793
350,2,10,150,17,0.052086392783128294
351,2,10,150,17,0.0
352,2,10,150,17,0.17516383809619498
353,2,10,150,17,0.0
354,2,10,150,17,0.12137741789253911
355,2,10,150,17,0.0
356,2,10,150,17,0.0
357,2,10,150,17,0.11341992120965298
358,2,10,150,17,0.0
359,2,10,150,17,0.0
360,2,10,150,17,0.2741670788384917
361,2,10,150,17,0.05252809026007655
362,2,10,150,17,0.0
363,2,10,150,17,0.2867462572695191
364,2,10,150,17,0.0
365,2,10,150,17,0.0
366,2,10,150,17,0.0
367,2,10,150,17,0.0
368,2,10,150,17,0.0
369,2,10,150,17,0.21386152848601384
370,2,10,150,17,0.040334958690002705
371,2,10,150,17,0.03855307727568851
372,2,10,150,17,0.0536466452928127
373,2,10,150,17,0.0911017380146566
374,2,10,150,17,0.228010348005988
375,2,10,150,17,0.0
376,2,10,150,17,0.0
377,2,10,150,17,0.2529427027676571
378,2,10,150,17,0.09229758506747833
379,2,10,150,17,0.219196627995737
380,2,10,150,17,0.13132022565019136
381,2,10,150,17,0.09808016012359463
382,2,10,150,17,0.0493171240499355
383,2,10,150,17,0.0
384,2,10,150,17,0.0
385,2,10,150,17,0.36610402002909126
386,2,10,150,17,0.0
387,2,10,150,17,0.1834266162529197
388,2,10,150,17,0.0
389,2,10,150,17,0.3037397954594326
390,2,10,150,17,0.0
391,2,10,150,17,0.14497667499362624
392,2,10,150,17,0.0
393,2,10,150,17,0.0
394,2,10,150,17,0.23477101114343427
395,2,10,150,17,0.0
396,2,10,150,17,0.08882702779928671
397,2,10,150,17,0.14665998673624972
398,2,10,150,17,0.15395157974054227
399,2,10,150,17,0.05252809026007655
400,2,10,150,17,0.0
401,2,10,150,17,0.0
402,2,10,150,17,0.13492478521720933
403,2,10,150,17,0.15758427078022966
404,2,10,150,17,0.0
405,2,10,150,17,0.3243911406997182
406,2,10,150,17,0.31389523190837926
407,2,10,150,17,0.20468792097593666
408,2,10,150,17,0.0
409,2,10,150,17,0.17661134549331273
410,2,10,150,17,0.0
411,2,10,150,17,0.15758427078022966
412,2,10,150,17,0.04258528250242427
413,2,10,150,17,0.1637733768567814
414,2,10,150,17,0.0
415,2,10,150,17,0.11004588314904008
416,2,10,150,17,0.5142018738209931
417,2,10,150,17,0.5567467985483526
418,2,10,150,17,0.0
419,2,10,150,17,0.09817896789964464
420,2,10,150,17,0.0
421,2,10,150,17,0.24572162314617202
422,2,10,150,17,0.0833427425316653
423,2,10,150,17,0.0
424,2,10,150,17,0.0
425,2,10,150,17,0.08910837026011148
426,2,10,150,17,0.0
427,2,10,150,17,0.0
428,2,10,150,17,0.0
429,2,10,150,17,0.5858939979003904
430,2,10,150,17,0.07879213539011483
431,2,10,150,17,0.0
432,2,10,150,17,0.049712302565054066
433,2,10,150,17,0.0561326498270945
434,2,10,150,17,0.0
435,2,10,150,17,0.44399218808059915
436,2,10,150,17,0.049712302565054066
437,2,10,150,17,0.370473983333861
438,2,10,150,17,0.0
439,2,10,150,17,0.0
440,2,10,150,17,0.0
441,2,10,150,17,0.1731866333482261
442,2,10,150,17,0.08813735236594238
443,2,10,150,17,0.0
444,2,10,150,17,0.0
445,2,10,150,17,0.0
446,2,10,150,17,0.0
447,2,10,150,17,0.0833427425316653
448,2,10,150,17,0.0
449,2,10,150,17,0.07918010811774973
450,2,10,150,17,0.4912433520524168
451,2,10,150,17,0.0
452,2,10,150,17,0.19081921815951483
453,2,10,150,17,0.23160812429482522
454,2,10,150,17,0.0
455,2,10,150,17,0.20990503214945205
456,2,10,150,17,0.21371692060732414
457,2,10,150,17,0.6142740286215425
458,2,10,150,17,0.34364032521153676
459,2,10,150,17,0.24168941791943627
460,2,10,150,17,0.09942460513010813
461,2,10,150,17,0.0
462,2,10,150,17,0.0
463,2,10,150,17,0.2741670788384917
464,2,10,150,17,0.0
465,2,10,150,17,0.1947451132182844
466,2,10,150,17,0.1175216990532073
467,2,10,150,17,0.04258528250242427
468,2,10,150,17,0.2886226458970366
469,2,10,150,17,0.0
470,2,10,150,17,0.03855307727568851
471,2,10,150,17,0.0
472,2,10,150,17,0.34809004344610284
473,2,10,150,17,0.19978259035250553
474,2,10,150,17,0.418710623442912
475,2,10,150,17,0.07311683844390994
476,2,10,150,17,0.0
477,2,10,150,17,0.07075576072108061
478,2,10,150,17,0.126229727739799
479,2,10,150,17,0.20502186312991383
480,2,10,150,17,0.16864133501131404
481,2,10,150,17,0.0377906726681472
482,2,10,150,17,0.0
483,2,10,150,17,0.03855307727568851
484,2,10,150,17,0.24092701331189495
485,2,10,150,17,0.0
486,2,10,150,17,0.0455520698635181
487,2,10,150,17,0.41759691961268597
488,2,10,150,17,0.0
489,2,10,150,17,0.0
490,2,10,150,17,0.09942460513010813
491,2,10,150,17,0.0
492,2,10,150,17,0.1338895448360617
493,2,10,150,17,0.1268772618721495
494,2,10,150,17,0.0
495,2,10,150,17,0.0377906726681472
496,2,10,150,17,0.049712302565054066
497,2,10,150,17,0.26481454175294
498,2,10,150,17,0.13975405291745482
499,2,10,150,17,0.0
500,2,10,150,17,0.3823391976135587
501,2,10,150,17,0.0
502,2,10,150,17,0.0
503,2,10,150,17,0.0955287175221519
504,2,10,150,17,0.2714433757949888
505,2,10,150,17,0.09942460513010813
506,2,10,150,17,0.18143324849837458
507,2,10,150,17,0.0
508,2,10,150,17,0.15758427078022966
509,2,10,150,17,0.0
510,2,10,150,17,0.0
511,2,10,150,17,0.0
512,2,10,150,17,0.0
513,2,10,150,17,0.0
514,2,10,150,17,0.2778850414037879
515,2,10,150,17,0.0
516,2,10,150,17,0.0843142342558857
517,2,10,150,17,0.0
518,2,10,150,17,0.13797768240579664
519,2,10,150,17,0.0
520,2,10,150,17,0.0
521,2,10,150,17,0.0
522,2,10,150,17,0.0
523,2,10,150,17,0.27467883813466415
524,2,10,150,17,0.1275334200609998
525,2,10,150,17,0.0
526,2,10,150,17,0.0
527,2,10,150,17,0.40264309943808463
528,2,10,150,17,0.0936693232447766
529,2,10,150,17,0.0
530,2,10,150,17,0.0
531,2,10,150,17,0.0
532,2,10,150,17,0.060961917527339995
533,2,10,150,17,0.04743759234968417
534,2,10,150,17,0.0
535,2,10,150,17,0.24357494040560235
536,2,10,150,17,0.18918769492381385
537,2,10,150,17,0.24901685061584825
538,2,10,150,17,0.04258528250242427
539,2,10,150,17,0.0
540,2,10,150,17,0.0
541,2,10,150,17,0.07879213539011483
542,2,10,150,17,0.15195269539018466
543,2,10,150,17,0.07879213539011483
544,2,10,150,17,0.0
545,2,10,150,17,0.11734521266580333
546,2,10,150,17,0.0
547,2,10,150,17,0.0
548,2,10,150,17,0.06786785134613488
549,2,10,150,17,0.0
550,2,10,150,17,0.0
551,2,10,150,17,0.22531487981327394
552,2,10,150,17,0.0
553,2,10,150,17,0.1486533544907948
554,2,10,150,17,0.09942460513010813
555,2,10,150,17,0.0
556,2,10,150,17,0.05046096657376444
557,2,10,150,17,0.0
558,2,10,150,17,0.265053101293003
559,2,10,150,17,0.040334958690002705
560,2,10,150,17,0.040334958690002705
561,2,10,150,17,0.1285044379551689
562,2,10,150,17,0.0
563,2,10,150,17,0.0
564,2,10,150,17,0.0
565,2,10,150,17,0.19482612055561835
566,2,10,150,17,0.0
567,2,10,150,17,0.03855307727568851
568,2,10,150,17,0.0
569,2,10,150,17,0.15758427078022966
570,2,10,150,17,0.0
571,2,10,150,17,0.0
572,2,10,150,17,0.0
573,2,10,150,17,0.0
574,2,10,150,17,0.0
575,2,10,150,17,0.0
576,2,10,150,17,0.0
577,2,10,150,17,0.09942460513010813
578,2,10,150,17,0.0
579,2,10,150,17,0.05252809026007655
580,2,10,150,17,0.13886244387355454
581,2,10,150,17,0.0
582,2,10,150,17,0.0
583,2,10,150,17,0.0
584,2,10,150,17,0.0
585,2,10,150,17,0.040334958690002705
586,2,10,150,17,0.09942460513010813
587,2,10,150,17,0.0
588,2,10,150,17,0.0
589,2,10,150,17,0.0
590,2,10,150,17,0.06139304560474655
591,2,10,150,17,0.0
592,2,10,150,17,0.4194738163127631
593,2,10,150,17,0.0
594,2,10,150,17,0.0
595,2,10,150,17,0.0
596,2,10,150,17,0.0
597,2,10,150,17,0.0
598,2,10,150,17,0.0
599,2,10,150,17,0.0
600,2,10,150,17,0.0
601,2,10,150,17,0.049712302565054066
602,2,10,150,17,0.0
603,2,10,150,17,0.1435203717549576
604,2,10,150,17,0.0
605,2,10,150,17,0.1036806144573329
606,2,10,150,17,0.3107985782556896
607,2,10,150,17,0.08440880858250024
608,2,10,150,17,0.20016955328265393
609,2,10,150,17,0.0
610,2,10,150,17,0.11752277470724268
611,2,10,150,17,0.0
612,2,10,150,17,0.15130120674940672
613,2,10,150,17,0.0
614,2,10,150,17,0.0
615,2,10,150,17,0.051358492238643604
616,2,10,150,17,0.0
617,2,10,150,17,0.044257815106106525
618,2,10,150,17,0.2570088759103378
619,2,10,150,17,0.0
620,2,10,150,17,0.0
621,2,10,150,17,0.0
622,2,10,150,17,0.15758427078022966
623,2,10,150,17,0.0
624,2,10,150,17,0.0536466452928127
625,2,10,150,17,0.0
626,2,10,150,17,0.0
627,2,10,150,17,0.0
628,2,10,150,17,0.0
629,2,10,150,17,0.19451610919980286
630,2,10,150,17,0.0
631,2,10,150,17,0.0
632,2,10,150,17,0.13439570003165963
633,2,10,150,17,0.07667481399289292
634,2,10,150,17,0.0
635,2,10,150,17,0.0
636,2,10,150,17,0.0
637,2,10,150,17,0.0
638,2,10,150,17,0.0
639,2,10,150,17,0.0
640,2,10,150,17,0.0
642,2,10,150,17,0.03855307727568851
643,2,10,150,17,0.0
644,2,10,150,17,0.0
645,2,10,150,17,0.09759501249802542
647,2,10,150,17,0.0
648,2,10,150,17,0.10215289012738041
649,2,10,150,17,1.0
650,2,10,150,17,0.0
651,2,10,150,17,0.0
653,2,10,150,17,0.0
654,2,10,150,17,0.0
655,2,10,150,17,0.11621678240839849
658,2,10,150,17,0.0
1,2,10,150,18,1.0
2,2,10,150,18,0.11956502817693841
3,2,10,150,18,0.0
4,2,10,150,18,0.0
5,2,10,150,18,0.047934103497110726
6,2,10,150,18,0.34768537449416637
7,2,10,150,18,0.13317369001193413
8,2,10,150,18,0.0
9,2,10,150,18,0.0
10,2,10,150,18,0.15216290768805377
11,2,10,150,18,0.16348770965981976
12,2,10,150,18,0.0
13,2,10,150,18,0.3160467157423299
14,2,10,150,18,0.06786785134613488
15,2,10,150,18,0.0
16,2,10,150,18,0.2761690670396996
17,2,10,150,18,0.0
18,2,10,150,18,0.4016627078027702
19,2,10,150,18,0.0
20,2,10,150,18,0.0
21,2,10,150,18,0.0
22,2,10,150,18,0.0
23,2,10,150,18,0.317120967299816
24,2,10,150,18,0.035769798946978335
25,2,10,150,18,0.0
26,2,10,150,18,0.15194751309721466
27,2,10,150,18,0.0
28,2,10,150,18,0.043957020679722535
29,2,10,150,18,0.0
30,2,10,150,18,0.0
31,2,10,150,18,0.0
32,2,10,150,18,0.11781210270929884
33,2,10,150,18,0.0
34,2,10,150,18,0.0
35,2,10,150,18,0.0
36,2,10,150,18,0.0
37,2,10,150,18,0.0
38,2,10,150,18,0.0
39,2,10,150,18,0.0
40,2,10,150,18,0.12089611529519323
41,2,10,150,18,0.0
42,2,10,150,18,0.19433219998491535
43,2,10,150,18,0.047934103497110726
44,2,10,150,18,0.21127621471855557
45,2,10,150,18,0.0
46,2,10,150,18,0.0
47,2,10,150,18,0.0
48,2,10,150,18,0.0
49,2,10,150,18,0.04238468688770069
50,2,10,150,18,0.0
51,2,10,150,18,0.07984133538066794
52,2,10,150,18,0.0
53,2,10,150,18,0.12810519548676028
54,2,10,150,18,0.047934103497110726
55,2,10,150,18,0.0
56,2,10,150,18,0.2681704483334804
57,2,10,150,18,0.03990894366504131
58,2,10,150,18,0.0
59,2,10,150,18,0.4202863980107461
60,2,10,150,18,0.3425962345125206
61,2,10,150,18,0.0
62,2,10,150,18,0.320091748522581
63,2,10,150,18,0.0763437499438357
64,2,10,150,18,0.09586820699422145
65,2,10,150,18,0.20039028819699348
66,2,10,150,18,0.0488146815731722
67,2,10,150,18,0.24630238874073
68,2,10,150,18,0.0
69,2,10,150,18,0.07995420083633892
70,2,10,150,18,0.043922681482881344
71,2,10,150,18,0.0
72,2,10,150,18,0.3025832539199269
73,2,10,150,18,0.16088947826823952
74,2,10,150,18,0.17342765698823945
75,2,10,150,18,0.15194751309721466
76,2,10,150,18,0.1762297963818393
77,2,10,150,18,0.096890966577576
78,2,10,150,18,0.0
79,2,10,150,18,0.0
80,2,10,150,18,0.1744476820873323
81,2,10,150,18,0.0
82,2,10,150,18,0.0
83,2,10,150,18,0.047934103497110726
84,2,10,150,18,0.0
85,2,10,150,18,0.4533325225528179
86,2,10,150,18,0.0
87,2,10,150,18,0.13424147186769278
88,2,10,150,18,0.0
89,2,10,150,18,0.12390786004571805
90,2,10,150,18,0.12422155394248499
91,2,10,150,18,0.0
92,2,10,150,18,0.20607230932563284
93,2,10,150,18,0.0
94,2,10,150,18,0.3138972281618538
95,2,10,150,18,0.1242942466448857
96,2,10,150,18,0.04258528250242427
97,2,10,150,18,0.15194751309721466
98,2,10,150,18,0.0
99,2,10,150,18,0.11703577205781962
100,2,10,150,18,0.0
101,2,10,150,18,0.0
102,2,10,150,18,0.07708298511779112
103,2,10,150,18,0.0
104,2,10,150,18,0.0
105,2,10,150,18,0.0
106,2,10,150,18,0.0
107,2,10,150,18,0.0
108,2,10,150,18,0.0
109,2,10,150,18,0.2712012878119591
110,2,10,150,18,0.06544023194852022
111,2,10,150,18,0.0
112,2,10,150,18,0.0
113,2,10,150,18,0.05306340617755807
114,2,10,150,18,0.0
115,2,10,150,18,0.12171451575741458
116,2,10,150,18,0.04238468688770069
117,2,10,150,18,0.0
118,2,10,150,18,0.05878132199396477
119,2,10,150,18,0.21046160073363696
120,2,10,150,18,0.361879195385413
121,2,10,150,18,0.0
122,2,10,150,18,0.08041927109478651
123,2,10,150,18,0.09942460513010813
124,2,10,150,18,0.05533181737932847
125,2,10,150,18,0.12476591795330134
126,2,10,150,18,0.0
127,2,10,150,18,0.0
128,2,10,150,18,0.0
129,2,10,150,18,0.0
130,2,10,150,18,0.06544023194852022
131,2,10,150,18,0.0
132,2,10,150,18,0.07667481399289292
133,2,10,150,18,0.0
134,2,10,150,18,0.0
135,2,10,150,18,0.0
136,2,10,150,18,0.0
137,2,10,150,18,0.0
138,2,10,150,18,0.10332949630181452
139,2,10,150,18,0.0
140,2,10,150,18,0.0
141,2,10,150,18,0.0
142,2,10,150,18,0.0
143,2,10,150,18,0.0
144,2,10,150,18,0.3572462131178058
145,2,10,150,18,0.14380231049133219
146,2,10,150,18,0.0
147,2,10,150,18,0.0
148,2,10,150,18,0.0
149,2,10,150,18,0.0
150,2,10,150,18,0.0
151,2,10,150,18,0.19797823116376698
152,2,10,150,18,0.0
153,2,10,150,18,0.0
154,2,10,150,18,0.0
155,2,10,150,18,0.0
156,2,10,150,18,0.0
157,2,10,150,18,0.0
158,2,10,150,18,0.1469507901043058
159,2,10,150,18,0.0
160,2,10,150,18,0.043922681482881344
161,2,10,150,18,0.0
162,2,10,150,18,0.0
163,2,10,150,18,0.0
164,2,10,150,18,0.0
165,2,10,150,18,0.0
166,2,10,150,18,0.0
167,2,10,150,18,0.0
168,2,10,150,18,0.0
169,2,10,150,18,0.0
170,2,10,150,18,0.0
171,2,10,150,18,0.0
172,2,10,150,18,0.0
173,2,10,150,18,0.0
174,2,10,150,18,0.2861889849649074
175,2,10,150,18,0.17993148201117176
176,2,10,150,18,0.0
177,2,10,150,18,0.43163858113577513
178,2,10,150,18,0.2942442682181808
179,2,10,150,18,0.0
180,2,10,150,18,0.05459112561892713
181,2,10,150,18,0.037174041452749815
182,2,10,150,18,0.0
183,2,10,150,18,0.0
184,2,10,150,18,0.18447628203911096
185,2,10,150,18,0.0
186,2,10,150,18,0.0
187,2,10,150,18,0.043599246064372175
188,2,10,150,18,0.2920497293198398
189,2,10,150,18,0.04238468688770069
190,2,10,150,18,0.0
191,2,10,150,18,0.0
192,2,10,150,18,0.0
193,2,10,150,18,0.0
194,2,10,150,18,0.19553878472554573
195,2,10,150,18,0.035769798946978335
196,2,10,150,18,0.0
197,2,10,150,18,0.09804747771129953
198,2,10,150,18,0.050649171032404884
199,2,10,150,18,0.2529427027676571
200,2,10,150,18,0.27673716608953786
201,2,10,150,18,0.14380231049133219
202,2,10,150,18,0.27487633291429087
203,2,10,150,18,0.05947719272904215
204,2,10,150,18,0.0
205,2,10,150,18,0.1465996756793884
206,2,10,150,18,0.0
207,2,10,150,18,0.041062015509212284
208,2,10,150,18,0.0
209,2,10,150,18,0.0
210,2,10,150,18,0.13294839102085537
211,2,10,150,18,0.0
212,2,10,150,18,0.0
213,2,10,150,18,0.03990894366504131
214,2,10,150,18,0.08372763748311092
215,2,10,150,18,0.0
216,2,10,150,18,0.07597375654860733
217,2,10,150,18,0.047934103497110726
218,2,10,150,18,0.0634797890335986
219,2,10,150,18,0.0
220,2,10,150,18,0.0
221,2,10,150,18,0.16808543105132917
222,2,10,150,18,0.1378524337115291
223,2,10,150,18,0.0
224,2,10,150,18,0.03990894366504131
225,2,10,150,18,0.0
226,2,10,150,18,0.040334958690002705
227,2,10,150,18,0.0
228,2,10,150,18,0.0
229,2,10,150,18,0.0
230,2,10,150,18,0.23565141554130373
231,2,10,150,18,0.3903800499921017
232,2,10,150,18,0.0
233,2,10,150,18,0.1266229275810122
234,2,10,150,18,0.16510849736274996
235,2,10,150,18,0.0
236,2,10,150,18,0.037174041452749815
237,2,10,150,18,0.04191911005669532
238,2,10,150,18,0.0
239,2,10,150,18,0.0
240,2,10,150,18,0.0
241,2,10,150,18,0.0
242,2,10,150,18,0.0
243,2,10,150,18,0.2478157200914361
244,2,10,150,18,0.1317657286450334
245,2,10,150,18,0.0
246,2,10,150,18,0.15194751309721466
247,2,10,150,18,0.0
248,2,10,150,18,0.07947838320659593
249,2,10,150,18,0.2562799303728615
250,2,10,150,18,0.0
251,2,10,150,18,0.10116600888166546
252,2,10,150,18,0.13120507751234178
253,2,10,150,18,0.15673906962968823
254,2,10,150,18,0.41090710820909637
255,2,10,150,18,0.0
256,2,10,150,18,0.38231208148185863
257,2,10,150,18,0.04759023790187059
258,2,10,150,18,0.0
259,2,10,150,18,0.0
260,2,10,150,18,0.0
261,2,10,150,18,0.0
262,2,10,150,18,0.09586820699422145
263,2,10,150,18,0.03643890790473651
264,2,10,150,18,0.12921097571193807
265,2,10,150,18,0.0
266,2,10,150,18,0.0
267,2,10,150,18,0.0
268,2,10,150,18,0.2660824062035647
269,2,10,150,18,0.09638993024121213
270,2,10,150,18,0.07597375654860733
271,2,10,150,18,0.44793033873133836
272,2,10,150,18,0.21581995694207878
273,2,10,150,18,0.0
274,2,10,150,18,0.0
275,2,10,150,18,0.043922681482881344
276,2,10,150,18,0.3349773719969972
277,2,10,150,18,0.0
278,2,10,150,18,0.0
279,2,10,150,18,0.4389143167767557
280,2,10,150,18,0.11457092793914628
281,2,10,150,18,0.0
282,2,10,150,18,0.0
283,2,10,150,18,0.0
284,2,10,150,18,0.0
285,2,10,150,18,0.0
286,2,10,150,18,0.05878132199396477
287,2,10,150,18,0.0845667599404342
288,2,10,150,18,0.045740759208807255
289,2,10,150,18,0.0
290,2,10,150,18,0.037986878274303665
291,2,10,150,18,0.413330832999575
292,2,10,150,18,0.30369511341631694
293,2,10,150,18,0.2323091024848325
294,2,10,150,18,0.045740759208807255
295,2,10,150,18,0.07815448583467903
296,2,10,150,18,0.0
297,2,10,150,18,0.03990894366504131
298,2,10,150,18,0.4131285649511889
299,2,10,150,18,0.07880112899216793
300,2,10,150,18,0.0
301,2,10,150,18,0.27168530104600586
302,2,10,150,18,0.0
303,2,10,150,18,0.49946636933441557
304,2,10,150,18,0.0
305,2,10,150,18,0.3013666331515338
306,2,10,150,18,0.0
307,2,10,150,18,0.05878132199396477
308,2,10,150,18,0.276713431050516
309,2,10,150,18,0.0
310,2,10,150,18,0.0
311,2,10,150,18,0.2888777356006484
312,2,10,150,18,0.15194751309721466
313,2,10,150,18,0.3275393081579203
314,2,10,150,18,0.20297077915079
315,2,10,150,18,0.050649171032404884
316,2,10,150,18,0.0
317,2,10,150,18,0.0
318,2,10,150,18,0.037174041452749815
319,2,10,150,18,0.0
320,2,10,150,18,0.07904889378351596
321,2,10,150,18,0.18576280216961796
322,2,10,150,18,0.21382929552167615
323,2,10,150,18,0.0
324,2,10,150,18,0.047934103497110726
325,2,10,150,18,0.07361294935748633
326,2,10,150,18,0.14248522443805384
327,2,10,150,18,0.0
328,2,10,150,18,0.2842546279961726
329,2,10,150,18,0.0
330,2,10,150,18,0.041062015509212284
331,2,10,150,18,0.0
332,2,10,150,18,0.340827387868205
333,2,10,150,18,0.0
334,2,10,150,18,0.30447582398287626
335,2,10,150,18,0.0
336,2,10,150,18,0.1970659515908872
337,2,10,150,18,0.07596161868673496
338,2,10,150,18,0.043922681482881344
339,2,10,150,18,0.27169932636756183
340,2,10,150,18,0.06194403202282284
341,2,10,150,18,0.0
342,2,10,150,18,0.29173840157431746
343,2,10,150,18,0.4551201823458228
344,2,10,150,18,0.1998816165943254
345,2,10,150,18,0.0896634406916886
346,2,10,150,18,0.5352420823100029
347,2,10,150,18,0.25465151657406077
348,2,10,150,18,0.0
349,2,10,150,18,0.163169180413793
350,2,10,150,18,0.052086392783128294
351,2,10,150,18,0.0
352,2,10,150,18,0.17516383809619498
353,2,10,150,18,0.0
354,2,10,150,18,0.15280557100479794
355,2,10,150,18,0.0
356,2,10,150,18,0.0
357,2,10,150,18,0.10936291343140157
358,2,10,150,18,0.0
359,2,10,150,18,0.0
360,2,10,150,18,0.26436017755055846
361,2,10,150,18,0.050649171032404884
362,2,10,150,18,0.0
363,2,10,150,18,0.3122592002451682
364,2,10,150,18,0.0
365,2,10,150,18,0.0
366,2,10,150,18,0.0
367,2,10,150,18,0.0
368,2,10,150,18,0.0
369,2,10,150,18,0.21386152848601384
370,2,10,150,18,0.038892185327126634
371,2,10,150,18,0.037174041452749815
372,2,10,150,18,0.0536466452928127
373,2,10,150,18,0.08784304716215204
374,2,10,150,18,0.2556242626469616
375,2,10,150,18,0.0
376,2,10,150,18,0.0
377,2,10,150,18,0.2529427027676571
378,2,10,150,18,0.088996119006323
379,2,10,150,18,0.2113560086824739
380,2,10,150,18,0.1266229275810122
381,2,10,150,18,0.09457185251528621
382,2,10,150,18,0.0493171240499355
383,2,10,150,18,0.0
384,2,10,150,18,0.0
385,2,10,150,18,0.35300855283897015
386,2,10,150,18,0.0
387,2,10,150,18,0.21263528201500653
388,2,10,150,18,0.0
389,2,10,150,18,0.3286448829906307
390,2,10,150,18,0.0
391,2,10,150,18,0.1397908884771028
392,2,10,150,18,0.0
393,2,10,150,18,0.0
394,2,10,150,18,0.2263732992762548
395,2,10,150,18,0.0
396,2,10,150,18,0.08564970287384857
397,2,10,150,18,0.14141398849712755
398,2,10,150,18,0.1842145616326317
399,2,10,150,18,0.050649171032404884
400,2,10,150,18,0.0
401,2,10,150,18,0.0
402,2,10,150,18,0.1300985527770255
403,2,10,150,18,0.15194751309721466
404,2,10,150,18,0.0
405,2,10,150,18,0.3127877348167083
406,2,10,150,18,0.33843706151957975
407,2,10,150,18,0.19736627519575242
408,2,10,150,18,0.0
409,2,10,150,18,0.1702939931732616
410,2,10,150,18,0.0
411,2,10,150,18,0.15194751309721466
412,2,10,150,18,0.041062015509212284
413,2,10,150,18,0.1637733768567814
414,2,10,150,18,0.0
415,2,10,150,18,0.11004588314904008
416,2,10,150,18,0.531578775123235
417,2,10,150,18,0.5368320774999041
418,2,10,150,18,0.0
419,2,10,150,18,0.09817896789964464
420,2,10,150,18,0.0
421,2,10,150,18,0.2369322100893083
422,2,10,150,18,0.08036158938761785
423,2,10,150,18,0.0
424,2,10,150,18,0.0
425,2,10,150,18,0.0859209817714144
426,2,10,150,18,0.0
427,2,10,150,18,0.0
428,2,10,150,18,0.0
429,2,10,150,18,0.5649366873912521
430,2,10,150,18,0.07597375654860733
431,2,10,150,18,0.0
432,2,10,150,18,0.047934103497110726
433,2,10,150,18,0.05412479622841819
434,2,10,150,18,0.0
435,2,10,150,18,0.46388047572590546
436,2,10,150,18,0.047934103497110726
437,2,10,150,18,0.3572222034349226
438,2,10,150,18,0.0
439,2,10,150,18,0.0
440,2,10,150,18,0.0
441,2,10,150,18,0.1731866333482261
442,2,10,150,18,0.08498469699209364
443,2,10,150,18,0.0
444,2,10,150,18,0.0
445,2,10,150,18,0.0
446,2,10,150,18,0.0
447,2,10,150,18,0.08036158938761785
448,2,10,150,18,0.0
449,2,10,150,18,0.07634785156977782
450,2,10,150,18,0.5094414750624405
451,2,10,150,18,0.0
452,2,10,150,18,0.1839936530907294
453,2,10,150,18,0.22332354825431255
454,2,10,150,18,0.0
455,2,10,150,18,0.20239677135150713
456,2,10,150,18,0.20607230932563284
457,2,10,150,18,0.6280713690663777
458,2,10,150,18,0.3671181788156242
459,2,10,150,18,0.26881403497982415
460,2,10,150,18,0.09586820699422145
461,2,10,150,18,0.0
462,2,10,150,18,0.0
463,2,10,150,18,0.3001299764975368
464,2,10,150,18,0.0
465,2,10,150,18,0.18777911967255984
466,2,10,150,18,0.14908777045314514
467,2,10,150,18,0.07683181445619061
468,2,10,150,18,0.2782986718817547
469,2,10,150,18,0.0
470,2,10,150,18,0.037174041452749815
471,2,10,150,18,0.0
472,2,10,150,18,0.3356389325765908
473,2,10,150,18,0.19978259035250553
474,2,10,150,18,0.4395032275723735
475,2,10,150,18,0.07311683844390994
476,2,10,150,18,0.0
477,2,10,150,18,0.07075576072108061
478,2,10,150,18,0.12171451575741458
479,2,10,150,18,0.19768827230602193
480,2,10,150,18,0.1626090683638093
481,2,10,150,18,0.03643890790473651
482,2,10,150,18,0.0
483,2,10,150,18,0.037174041452749815
484,2,10,150,18,0.2323091024848325
485,2,10,150,18,0.0
486,2,10,150,18,0.043922681482881344
487,2,10,150,18,0.40265956175726275
488,2,10,150,18,0.0
489,2,10,150,18,0.0
490,2,10,150,18,0.09586820699422145
491,2,10,150,18,0.0
492,2,10,150,18,0.1338895448360617
493,2,10,150,18,0.12233888772403961
494,2,10,150,18,0.035769798946978335
495,2,10,150,18,0.03643890790473651
496,2,10,150,18,0.047934103497110726
497,2,10,150,18,0.2553421788362012
498,2,10,150,18,0.1347550785425721
499,2,10,150,18,0.0
500,2,10,150,18,0.3686630013853727
501,2,10,150,18,0.0
502,2,10,150,18,0.0
503,2,10,150,18,0.09211167450272184
504,2,10,150,18,0.2975036997642913
505,2,10,150,18,0.09586820699422145
506,2,10,150,18,0.17494341767729057
507,2,10,150,18,0.0
508,2,10,150,18,0.15194751309721466
509,2,10,150,18,0.0
510,2,10,150,18,0.0
511,2,10,150,18,0.0
512,2,10,150,18,0.04622440829742681
513,2,10,150,18,0.0
514,2,10,150,18,0.26794514934240166
515,2,10,150,18,0.0
516,2,10,150,18,0.0843142342558857
517,2,10,150,18,0.0
518,2,10,150,18,0.13304224844697127
519,2,10,150,18,0.0
520,2,10,150,18,0.0
521,2,10,150,18,0.0
522,2,10,150,18,0.0
523,2,10,150,18,0.2648536313195976
524,2,10,150,18,0.1229715752663973
525,2,10,150,18,0.0
526,2,10,150,18,0.0
527,2,10,150,18,0.38824063672379616
528,2,10,150,18,0.09031879038481141
529,2,10,150,18,0.0
530,2,10,150,18,0.0
531,2,10,150,18,0.0
532,2,10,150,18,0.05878132199396477
533,2,10,150,18,0.045740759208807255
534,2,10,150,18,0.0
535,2,10,150,18,0.23486231375877176
536,2,10,150,18,0.18242048911314676
537,2,10,150,18,0.27587936688188797
538,2,10,150,18,0.041062015509212284
539,2,10,150,18,0.0
540,2,10,150,18,0.0
541,2,10,150,18,0.07597375654860733
542,2,10,150,18,0.14651737802662632
543,2,10,150,18,0.07597375654860733
544,2,10,150,18,0.0
545,2,10,150,18,0.11314779800135714
546,2,10,150,18,0.0
547,2,10,150,18,0.0
548,2,10,150,18,0.06544023194852022
549,2,10,150,18,0.0
550,2,10,150,18,0.0
551,2,10,150,18,0.21725541186259056
552,2,10,150,18,0.0
553,2,10,150,18,0.1433360538878652
554,2,10,150,18,0.09586820699422145
555,2,10,150,18,0.0
556,2,10,150,18,0.09441834681022167
557,2,10,150,18,0.0
558,2,10,150,18,0.265053101293003
559,2,10,150,18,0.038892185327126634
560,2,10,150,18,0.038892185327126634
561,2,10,150,18,0.12390786004571805
562,2,10,150,18,0.0
563,2,10,150,18,0.0
564,2,10,150,18,0.0
565,2,10,150,18,0.19482612055561835
566,2,10,150,18,0.0
567,2,10,150,18,0.037174041452749815
568,2,10,150,18,0.0
569,2,10,150,18,0.15194751309721466
570,2,10,150,18,0.0
571,2,10,150,18,0.0
572,2,10,150,18,0.0
573,2,10,150,18,0.0
574,2,10,150,18,0.0
575,2,10,150,18,0.0
576,2,10,150,18,0.0
577,2,10,150,18,0.09586820699422145
578,2,10,150,18,0.0
579,2,10,150,18,0.050649171032404884
580,2,10,150,18,0.13886244387355454
581,2,10,150,18,0.0
582,2,10,150,18,0.0
583,2,10,150,18,0.0
584,2,10,150,18,0.0
585,2,10,150,18,0.038892185327126634
586,2,10,150,18,0.1316380059411998
587,2,10,150,18,0.0
588,2,10,150,18,0.0
589,2,10,150,18,0.0
590,2,10,150,18,0.06139304560474655
591,2,10,150,18,0.0
592,2,10,150,18,0.40446932223973386
593,2,10,150,18,0.0
594,2,10,150,18,0.0
595,2,10,150,18,0.0
596,2,10,150,18,0.0
597,2,10,150,18,0.0
598,2,10,150,18,0.0
599,2,10,150,18,0.0
600,2,10,150,18,0.0
601,2,10,150,18,0.047934103497110726
602,2,10,150,18,0.0
603,2,10,150,18,0.1435203717549576
604,2,10,150,18,0.0
605,2,10,150,18,0.1036806144573329
606,2,10,150,18,0.2996813755984769
607,2,10,150,18,0.08440880858250024
608,2,10,150,18,0.19300952860642695
609,2,10,150,18,0.0
610,2,10,150,18,0.11752277470724268
611,2,10,150,18,0.0
612,2,10,150,18,0.15130120674940672
613,2,10,150,18,0.0
614,2,10,150,18,0.0
615,2,10,150,18,0.051358492238643604
616,2,10,150,18,0.0
617,2,10,150,18,0.044257815106106525
618,2,10,150,18,0.2478157200914361
619,2,10,150,18,0.0
620,2,10,150,18,0.0
621,2,10,150,18,0.035769798946978335
622,2,10,150,18,0.15194751309721466
623,2,10,150,18,0.0
624,2,10,150,18,0.0536466452928127
625,2,10,150,18,0.0
626,2,10,150,18,0.0
627,2,10,150,18,0.0
628,2,10,150,18,0.0
629,2,10,150,18,0.19451610919980286
630,2,10,150,18,0.0
631,2,10,150,18,0.0
632,2,10,150,18,0.13439570003165963
633,2,10,150,18,0.07667481399289292
634,2,10,150,18,0.0
635,2,10,150,18,0.0
636,2,10,150,18,0.0
637,2,10,150,18,0.0
638,2,10,150,18,0.0
639,2,10,150,18,0.0
640,2,10,150,18,0.0
642,2,10,150,18,0.037174041452749815
643,2,10,150,18,0.0
644,2,10,150,18,0.0
645,2,10,150,18,0.09759501249802542
647,2,10,150,18,0.0
648,2,10,150,18,0.10215289012738041
649,2,10,150,18,1.0
650,2,10,150,18,0.0
651,2,10,150,18,0.0
653,2,10,150,18,0.0
654,2,10,150,18,0.0
655,2,10,150,18,0.11621678240839849
658,2,10,150,18,0.0
1,2,10,150,19,1.0
2,2,10,150,19,0.11550420702838876
3,2,10,150,19,0.0
4,2,10,150,19,0.0
5,2,10,150,19,0.04630610387058298
6,2,10,150,19,0.33587683697015114
7,2,10,150,19,0.16261395917249233
8,2,10,150,19,0.0
9,2,10,150,19,0.0
10,2,10,150,19,0.18095824063348823
11,2,10,150,19,0.15793512995455614
12,2,10,150,19,0.0
13,2,10,150,19,0.3053127310079571
14,2,10,150,19,0.06786785134613488
15,2,10,150,19,0.0
16,2,10,150,19,0.2667894582601958
17,2,10,150,19,0.0
18,2,10,150,19,0.3880209227147806
19,2,10,150,19,0.0
20,2,10,150,19,0.0
21,2,10,150,19,0.0
22,2,10,150,19,0.0
23,2,10,150,19,0.30635049745345
24,2,10,150,19,0.034554939064803565
25,2,10,150,19,0.0
26,2,10,150,19,0.1467868763787456
27,2,10,150,19,0.0
28,2,10,150,19,0.043957020679722535
29,2,10,150,19,0.0
30,2,10,150,19,0.0
31,2,10,150,19,0.0
32,2,10,150,19,0.11781210270929884
33,2,10,150,19,0.0
34,2,10,150,19,0.0
35,2,10,150,19,0.0
36,2,10,150,19,0.0
37,2,10,150,19,0.0
38,2,10,150,19,0.0
39,2,10,150,19,0.0
40,2,10,150,19,0.12089611529519323
41,2,10,150,19,0.0
42,2,10,150,19,0.18773204005876115
43,2,10,150,19,0.04630610387058298
44,2,10,150,19,0.2041005803880473
45,2,10,150,19,0.0
46,2,10,150,19,0.0
47,2,10,150,19,0.0
48,2,10,150,19,0.0
49,2,10,150,19,0.04094516368001556
50,2,10,150,19,0.0
51,2,10,150,19,0.07984133538066794
52,2,10,150,19,0.0
53,2,10,150,19,0.12810519548676028
54,2,10,150,19,0.047934103497110726
55,2,10,150,19,0.0
56,2,10,150,19,0.2590624989220765
57,2,10,150,19,0.038553504830439546
58,2,10,150,19,0.0
59,2,10,150,19,0.40601209122127147
60,2,10,150,19,0.33096054090098126
61,2,10,150,19,0.0
62,2,10,150,19,0.30922038118636314
63,2,10,150,19,0.0763437499438357
64,2,10,150,19,0.09261220774116596
65,2,10,150,19,0.19358437569329648
66,2,10,150,19,0.0488146815731722
67,2,10,150,19,0.24630238874073
68,2,10,150,19,0.0
69,2,10,150,19,0.07723869351264964
70,2,10,150,19,0.042430922926167375
71,2,10,150,19,0.0
72,2,10,150,19,0.2923065325788282
73,2,10,150,19,0.16088947826823952
74,2,10,150,19,0.17342765698823945
75,2,10,150,19,0.1467868763787456
76,2,10,150,19,0.2042077387233683
77,2,10,150,19,0.096890966577576
78,2,10,150,19,0.0
79,2,10,150,19,0.0
80,2,10,150,19,0.1744476820873323
81,2,10,150,19,0.0
82,2,10,150,19,0.0
83,2,10,150,19,0.04630610387058298
84,2,10,150,19,0.0
85,2,10,150,19,0.43793586081169755
86,2,10,150,19,0.0
87,2,10,150,19,0.16364547564858253
88,2,10,150,19,0.0
89,2,10,150,19,0.12390786004571805
90,2,10,150,19,0.12000258188145017
91,2,10,150,19,0.0
92,2,10,150,19,0.19907341671799156
93,2,10,150,19,0.0
94,2,10,150,19,0.33719953225896654
95,2,10,150,19,0.12007280570086933
96,2,10,150,19,0.04258528250242427
97,2,10,150,19,0.15194751309721466
98,2,10,150,19,0.0
99,2,10,150,19,0.11306085275611616
100,2,10,150,19,0.0
101,2,10,150,19,0.0
102,2,10,150,19,0.07446499371234068
103,2,10,150,19,0.0
104,2,10,150,19,0.0
105,2,10,150,19,0.0
106,2,10,150,19,0.0
107,2,10,150,19,0.0
108,2,10,150,19,0.0
109,2,10,150,19,0.26199040113503763
110,2,10,150,19,0.0632176666891428
111,2,10,150,19,0.0
112,2,10,150,19,0.0
113,2,10,150,19,0.05306340617755807
114,2,10,150,19,0.0
115,2,10,150,19,0.15154397612101253
116,2,10,150,19,0.04094516368001556
117,2,10,150,19,0.0
118,2,10,150,19,0.05678491519230736
119,2,10,150,19,0.20331363337020344
120,2,10,150,19,0.361879195385413
121,2,10,150,19,0.0
122,2,10,150,19,0.08041927109478651
123,2,10,150,19,0.09942460513010813
124,2,10,150,19,0.05533181737932847
125,2,10,150,19,0.12052845750212988
126,2,10,150,19,0.0
127,2,10,150,19,0.0
128,2,10,150,19,0.0
129,2,10,150,19,0.0
130,2,10,150,19,0.0632176666891428
131,2,10,150,19,0.07001560573318603
132,2,10,150,19,0.07667481399289292
133,2,10,150,19,0.0
134,2,10,150,19,0.0
135,2,10,150,19,0.0
136,2,10,150,19,0.0
137,2,10,150,19,0.0
138,2,10,150,19,0.10332949630181452
139,2,10,150,19,0.0
140,2,10,150,19,0.0
141,2,10,150,19,0.03396328517181661
142,2,10,150,19,0.0
143,2,10,150,19,0.0
144,2,10,150,19,0.3451129581051342
145,2,10,150,19,0.13891831161174895
146,2,10,150,19,0.0
147,2,10,150,19,0.0
148,2,10,150,19,0.0
149,2,10,150,19,0.0
150,2,10,150,19,0.0
151,2,10,150,19,0.19125424004094013
152,2,10,150,19,0.0
153,2,10,150,19,0.0
154,2,10,150,19,0.047978870624887156
155,2,10,150,19,0.0
156,2,10,150,19,0.0
157,2,10,150,19,0.036461566995213184
158,2,10,150,19,0.1759231436855861
159,2,10,150,19,0.0
160,2,10,150,19,0.042430922926167375
161,2,10,150,19,0.0
162,2,10,150,19,0.0
163,2,10,150,19,0.0
164,2,10,150,19,0.0
165,2,10,150,19,0.0
166,2,10,150,19,0.0
167,2,10,150,19,0.0
168,2,10,150,19,0.0
169,2,10,150,19,0.0
170,2,10,150,19,0.0
171,2,10,150,19,0.0
172,2,10,150,19,0.0
173,2,10,150,19,0.0
174,2,10,150,19,0.27646906685551154
175,2,10,150,19,0.17993148201117176
176,2,10,150,19,0.0
177,2,10,150,19,0.4169787169135025
178,2,10,150,19,0.2842507662265142
179,2,10,150,19,0.054384419234677496
180,2,10,150,19,0.05459112561892713
181,2,10,150,19,0.03591148888190114
182,2,10,150,19,0.0
183,2,10,150,19,0.0
184,2,10,150,19,0.17821086146478013
185,2,10,150,19,0.0
186,2,10,150,19,0.0
187,2,10,150,19,0.043599246064372175
188,2,10,150,19,0.28213076107859825
189,2,10,150,19,0.04094516368001556
190,2,10,150,19,0.0
191,2,10,150,19,0.0
192,2,10,150,19,0.0
193,2,10,150,19,0.0
194,2,10,150,19,0.18889764521776156
195,2,10,150,19,0.034554939064803565
196,2,10,150,19,0.0
197,2,10,150,19,0.09471746326541333
198,2,10,150,19,0.0489289587929152
199,2,10,150,19,0.2529427027676571
200,2,10,150,19,0.2673382627999985
201,2,10,150,19,0.13891831161174895
202,2,10,150,19,0.27487633291429087
203,2,10,150,19,0.05947719272904215
204,2,10,150,19,0.0
205,2,10,150,19,0.1465996756793884
206,2,10,150,19,0.0
207,2,10,150,19,0.039667414566743345
208,2,10,150,19,0.0
209,2,10,150,19,0.0
210,2,10,150,19,0.12843302690347988
211,2,10,150,19,0.0
212,2,10,150,19,0.0
213,2,10,150,19,0.038553504830439546
214,2,10,150,19,0.11484725702632616
215,2,10,150,19,0.0
216,2,10,150,19,0.10735672336118941
217,2,10,150,19,0.04630610387058298
218,2,10,150,19,0.0634797890335986
219,2,10,150,19,0.0
220,2,10,150,19,0.0
221,2,10,150,19,0.16237669762330514
222,2,10,150,19,0.1331705121937555
223,2,10,150,19,0.0
224,2,10,150,19,0.038553504830439546
225,2,10,150,19,0.0
226,2,10,150,19,0.040334958690002705
227,2,10,150,19,0.035157344074502626
228,2,10,150,19,0.0
229,2,10,150,19,0.0
230,2,10,150,19,0.22764791931413214
231,2,10,150,19,0.3903800499921017
232,2,10,150,19,0.0
233,2,10,150,19,0.12232239698228799
234,2,10,150,19,0.15950087038252875
235,2,10,150,19,0.0
236,2,10,150,19,0.03591148888190114
237,2,10,150,19,0.07981270135695724
238,2,10,150,19,0.0
239,2,10,150,19,0.0
240,2,10,150,19,0.0
241,2,10,150,19,0.0
242,2,10,150,19,0.0
243,2,10,150,19,0.23939908411991156
244,2,10,150,19,0.1272905316271899
245,2,10,150,19,0.0
246,2,10,150,19,0.1467868763787456
247,2,10,150,19,0.0
248,2,10,150,19,0.07947838320659593
249,2,10,150,19,0.2815391071856113
250,2,10,150,19,0.0
251,2,10,150,19,0.09773007887232292
252,2,10,150,19,0.13120507751234178
253,2,10,150,19,0.15141569591028992
254,2,10,150,19,0.3969513529138643
255,2,10,150,19,0.0
256,2,10,150,19,0.36932750723385943
257,2,10,150,19,0.04759023790187059
258,2,10,150,19,0.0
259,2,10,150,19,0.0
260,2,10,150,19,0.0
261,2,10,150,19,0.0
262,2,10,150,19,0.09261220774116596
263,2,10,150,19,0.03520132288421838
264,2,10,150,19,0.12482254649650483
265,2,10,150,19,0.0
266,2,10,150,19,0.0
267,2,10,150,19,0.03396328517181661
268,2,10,150,19,0.2570453735624699
269,2,10,150,19,0.09311621155273833
270,2,10,150,19,0.10735672336118941
271,2,10,150,19,0.46668043807171405
272,2,10,150,19,0.21581995694207878
273,2,10,150,19,0.0
274,2,10,150,19,0.0
275,2,10,150,19,0.042430922926167375
276,2,10,150,19,0.35756372515757406
277,2,10,150,19,0.0
278,2,10,150,19,0.0
279,2,10,150,19,0.4240073446700736
280,2,10,150,19,0.1106797228411494
281,2,10,150,19,0.0
282,2,10,150,19,0.0
283,2,10,150,19,0.0
284,2,10,150,19,0.0
285,2,10,150,19,0.0
286,2,10,150,19,0.05678491519230736
287,2,10,150,19,0.0845667599404342
288,2,10,150,19,0.04418725275982313
289,2,10,150,19,0.0
290,2,10,150,19,0.0366967190946864
291,2,10,150,19,0.39929276004810593
292,2,10,150,19,0.29338062967407136
293,2,10,150,19,0.22441912218913135
294,2,10,150,19,0.07815053793163974
295,2,10,150,19,0.07550010274481912
296,2,10,150,19,0.0
297,2,10,150,19,0.038553504830439546
298,2,10,150,19,0.3990973616871283
299,2,10,150,19,0.07612478377634582
300,2,10,150,19,0.0
301,2,10,150,19,0.2624579756895895
302,2,10,150,19,0.0
303,2,10,150,19,0.4825028505989789
304,2,10,150,19,0.0
305,2,10,150,19,0.291131232248538
306,2,10,150,19,0.0
307,2,10,150,19,0.09074820036412398
308,2,10,150,19,0.2673153338808755
309,2,10,150,19,0.0
310,2,10,150,19,0.0
311,2,10,150,19,0.27906649868665495
312,2,10,150,19,0.1467868763787456
313,2,10,150,19,0.3164149972299733
314,2,10,150,19,0.1960772246969459
315,2,10,150,19,0.0489289587929152
316,2,10,150,19,0.0
317,2,10,150,19,0.0
318,2,10,150,19,0.03591148888190114
319,2,10,150,19,0.0
320,2,10,150,19,0.07636413366142976
321,2,10,150,19,0.17945368714521545
322,2,10,150,19,0.21382929552167615
323,2,10,150,19,0.0
324,2,10,150,19,0.04630610387058298
325,2,10,150,19,0.07111281176611951
326,2,10,150,19,0.13764595812769392
327,2,10,150,19,0.0
328,2,10,150,19,0.2746004070041299
329,2,10,150,19,0.0
330,2,10,150,19,0.039667414566743345
331,2,10,150,19,0.0
332,2,10,150,19,0.32925177009967177
333,2,10,150,19,0.0
334,2,10,150,19,0.29413482474502195
335,2,10,150,19,0.0
336,2,10,150,19,0.19037294447935046
337,2,10,150,19,0.07596161868673496
338,2,10,150,19,0.042430922926167375
339,2,10,150,19,0.26247152466514984
340,2,10,150,19,0.06194403202282284
341,2,10,150,19,0.0
342,2,10,150,19,0.28183000704607897
343,2,10,150,19,0.473626090977179
344,2,10,150,19,0.2270562654211452
345,2,10,150,19,0.08661817568599052
346,2,10,150,19,0.5170635028325513
347,2,10,150,19,0.27996599966903696
348,2,10,150,19,0.0
349,2,10,150,19,0.163169180413793
350,2,10,150,19,0.052086392783128294
351,2,10,150,19,0.0
352,2,10,150,19,0.17516383809619498
353,2,10,150,19,0.0
354,2,10,150,19,0.18157907699273634
355,2,10,150,19,0.0
356,2,10,150,19,0.0
357,2,10,150,19,0.10564858961531018
358,2,10,150,19,0.0
359,2,10,150,19,0.0
360,2,10,150,19,0.2553816374523368
361,2,10,150,19,0.0489289587929152
362,2,10,150,19,0.0
363,2,10,150,19,0.30165385197971817
364,2,10,150,19,0.0
365,2,10,150,19,0.0
366,2,10,150,19,0.0
367,2,10,150,19,0.0
368,2,10,150,19,0.0
369,2,10,150,19,0.21386152848601384
370,2,10,150,19,0.03757127894590629
371,2,10,150,19,0.03591148888190114
372,2,10,150,19,0.0536466452928127
373,2,10,150,19,0.08485960870102252
374,2,10,150,19,0.24694242291784746
375,2,10,150,19,0.05852543059818057
376,2,10,150,19,0.0
377,2,10,150,19,0.2529427027676571
378,2,10,150,19,0.11993680360914294
379,2,10,150,19,0.20417766428681408
380,2,10,150,19,0.12232239698228799
381,2,10,150,19,0.09135988171908256
382,2,10,150,19,0.0493171240499355
383,2,10,150,19,0.0
384,2,10,150,19,0.0
385,2,10,150,19,0.3410192226908099
386,2,10,150,19,0.0
387,2,10,150,19,0.23937677446615785
388,2,10,150,19,0.0
389,2,10,150,19,0.3174830231093616
390,2,10,150,19,0.0
391,2,10,150,19,0.13504313066733334
392,2,10,150,19,0.0
393,2,10,150,19,0.0
394,2,10,150,19,0.21868491835765036
395,2,10,150,19,0.0
396,2,10,150,19,0.08274075759026268
397,2,10,150,19,0.1366111048785156
398,2,10,150,19,0.17795802994310142
399,2,10,150,19,0.0489289587929152
400,2,10,150,19,0.0
401,2,10,150,19,0.0
402,2,10,150,19,0.12567997852861876
403,2,10,150,19,0.1467868763787456
404,2,10,150,19,0.0
405,2,10,150,19,0.30216443578088187
406,2,10,150,19,0.3609059122582952
407,2,10,150,19,0.19066306810797984
408,2,10,150,19,0.0
409,2,10,150,19,0.16451024972007072
410,2,10,150,19,0.0
411,2,10,150,19,0.1467868763787456
412,2,10,150,19,0.041062015509212284
413,2,10,150,19,0.1637733768567814
414,2,10,150,19,0.0
415,2,10,150,19,0.11004588314904008
416,2,10,150,19,0.5474878987642563
417,2,10,150,19,0.5185994965623961
418,2,10,150,19,0.0
419,2,10,150,19,0.09817896789964464
420,2,10,150,19,0.0
421,2,10,150,19,0.22888521387165633
422,2,10,150,19,0.07763224581038576
423,2,10,150,19,0.0
424,2,10,150,19,0.0
425,2,10,150,19,0.08300282296526938
426,2,10,150,19,0.0
427,2,10,150,19,0.0
428,2,10,150,19,0.0
429,2,10,150,19,0.5457495815733616
430,2,10,150,19,0.0733934381893728
431,2,10,150,19,0.0
432,2,10,150,19,0.04630610387058298
433,2,10,150,19,0.05228654033924596
434,2,10,150,19,0.0
435,2,10,150,19,0.4820888560150052
436,2,10,150,19,0.04630610387058298
437,2,10,150,19,0.34508976386995766
438,2,10,150,19,0.03947525607388688
439,2,10,150,19,0.0
440,2,10,150,19,0.0
441,2,10,150,19,0.1731866333482261
442,2,10,150,19,0.08209833749291073
443,2,10,150,19,0.0
444,2,10,150,19,0.0
445,2,10,150,19,0.0
446,2,10,150,19,0.0
447,2,10,150,19,0.11159553098220237
448,2,10,150,19,0.0
449,2,10,150,19,0.07375482771465793
450,2,10,150,19,0.5261024541383605
451,2,10,150,19,0.0
452,2,10,150,19,0.17774462418100467
453,2,10,150,19,0.2157387468993694
454,2,10,150,19,0.0
455,2,10,150,19,0.19552271208824093
456,2,10,150,19,0.19907341671799156
457,2,10,150,19,0.606740002050523
458,2,10,150,19,0.35464963941675115
459,2,10,150,19,0.25968422725161766
460,2,10,150,19,0.09261220774116596
461,2,10,150,19,0.0
462,2,10,150,19,0.0
463,2,10,150,19,0.28993657651714033
464,2,10,150,19,0.0
465,2,10,150,19,0.181401523881808
466,2,10,150,19,0.14402425998961463
467,2,10,150,19,0.0742223536315469
468,2,10,150,19,0.3028100198975135
469,2,10,150,19,0.0
470,2,10,150,19,0.03591148888190114
471,2,10,150,19,0.0
472,2,10,150,19,0.32423953179472786
473,2,10,150,19,0.19978259035250553
474,2,10,150,19,0.4245762541203991
475,2,10,150,19,0.07311683844390994
476,2,10,150,19,0.0
477,2,10,150,19,0.07075576072108061
478,2,10,150,19,0.11758069094919595
479,2,10,150,19,0.19097412913856873
480,2,10,150,19,0.15708633020344584
481,2,10,150,19,0.03520132288421838
482,2,10,150,19,0.0
483,2,10,150,19,0.03591148888190114
484,2,10,150,19,0.22441912218913135
485,2,10,150,19,0.0
486,2,10,150,19,0.042430922926167375
487,2,10,150,19,0.4229472054059587
488,2,10,150,19,0.0
489,2,10,150,19,0.0
490,2,10,150,19,0.09261220774116596
491,2,10,150,19,0.0
492,2,10,150,19,0.1338895448360617
493,2,10,150,19,0.1521471423644818
494,2,10,150,19,0.034554939064803565
495,2,10,150,19,0.03520132288421838
496,2,10,150,19,0.04630610387058298
497,2,10,150,19,0.24666991959999426
498,2,10,150,19,0.13017835338168016
499,2,10,150,19,0.0
500,2,10,150,19,0.35614199473702346
501,2,10,150,19,0.0
502,2,10,150,19,0.0
503,2,10,150,19,0.08898325943393234
504,2,10,150,19,0.28739949676952614
505,2,10,150,19,0.09261220774116596
506,2,10,150,19,0.1690017644937845
507,2,10,150,19,0.0
508,2,10,150,19,0.1467868763787456
509,2,10,150,19,0.0
510,2,10,150,19,0.0
511,2,10,150,19,0.0
512,2,10,150,19,0.04622440829742681
513,2,10,150,19,0.0
514,2,10,150,19,0.25884485182488065
515,2,10,150,19,0.0
516,2,10,150,19,0.0843142342558857
517,2,10,150,19,0.0
518,2,10,150,19,0.1285236966230671
519,2,10,150,19,0.0
520,2,10,150,19,0.0
521,2,10,150,19,0.0
522,2,10,150,19,0.0
523,2,10,150,19,0.25585833191029894
524,2,10,150,19,0.11879505658759713
525,2,10,150,19,0.0
526,2,10,150,19,0.0
527,2,10,150,19,0.3750547092634582
528,2,10,150,19,0.09031879038481141
529,2,10,150,19,0.0
530,2,10,150,19,0.0
531,2,10,150,19,0.0
532,2,10,150,19,0.05678491519230736
533,2,10,150,19,0.04418725275982313
534,2,10,150,19,0.0
535,2,10,150,19,0.26084890319228654
536,2,10,150,19,0.21018817519203128
537,2,10,150,19,0.3004728824432748
538,2,10,150,19,0.039667414566743345
539,2,10,150,19,0.0
540,2,10,150,19,0.0
541,2,10,150,19,0.0733934381893728
542,2,10,150,19,0.14154116653408116
543,2,10,150,19,0.0733934381893728
544,2,10,150,19,0.0
545,2,10,150,19,0.10930492707127394
546,2,10,150,19,0.0
547,2,10,150,19,0.0
548,2,10,150,19,0.0632176666891428
549,2,10,150,19,0.0
550,2,10,150,19,0.0
551,2,10,150,19,0.24383998952619754
552,2,10,150,19,0.0
553,2,10,150,19,0.17243117578608536
554,2,10,150,19,0.09261220774116596
555,2,10,150,19,0.0
556,2,10,150,19,0.09441834681022167
557,2,10,150,19,0.0
558,2,10,150,19,0.265053101293003
559,2,10,150,19,0.03757127894590629
560,2,10,150,19,0.03757127894590629
561,2,10,150,19,0.11969954205995578
562,2,10,150,19,0.0
563,2,10,150,19,0.0
564,2,10,150,19,0.0
565,2,10,150,19,0.19482612055561835
566,2,10,150,19,0.0
567,2,10,150,19,0.03591148888190114
568,2,10,150,19,0.0
569,2,10,150,19,0.1467868763787456
570,2,10,150,19,0.0
571,2,10,150,19,0.0
572,2,10,150,19,0.0
573,2,10,150,19,0.0
574,2,10,150,19,0.0
575,2,10,150,19,0.0
576,2,10,150,19,0.0
577,2,10,150,19,0.09261220774116596
578,2,10,150,19,0.0
579,2,10,150,19,0.050649171032404884
580,2,10,150,19,0.13886244387355454
581,2,10,150,19,0.0
582,2,10,150,19,0.0
583,2,10,150,19,0.0
584,2,10,150,19,0.0
585,2,10,150,19,0.03757127894590629
586,2,10,150,19,0.12716714680596952
587,2,10,150,19,0.0
588,2,10,150,19,0.0
589,2,10,150,19,0.0
590,2,10,150,19,0.06139304560474655
591,2,10,150,19,0.0
592,2,10,150,19,0.39073221530525437
593,2,10,150,19,0.0
594,2,10,150,19,0.0
595,2,10,150,19,0.0
596,2,10,150,19,0.0
597,2,10,150,19,0.0
598,2,10,150,19,0.0
599,2,10,150,19,0.0
600,2,10,150,19,0.0
601,2,10,150,19,0.04630610387058298
602,2,10,150,19,0.0
603,2,10,150,19,0.1435203717549576
604,2,10,150,19,0.0
605,2,10,150,19,0.1036806144573329
606,2,10,150,19,0.2895032115783435
607,2,10,150,19,0.08440880858250024
608,2,10,150,19,0.18645429094548896
609,2,10,150,19,0.0
610,2,10,150,19,0.11752277470724268
611,2,10,150,19,0.0
612,2,10,150,19,0.15130120674940672
613,2,10,150,19,0.0
614,2,10,150,19,0.0
615,2,10,150,19,0.09083374831253048
616,2,10,150,19,0.0
617,2,10,150,19,0.044257815106106525
618,2,10,150,19,0.23939908411991156
619,2,10,150,19,0.0
620,2,10,150,19,0.0
621,2,10,150,19,0.034554939064803565
622,2,10,150,19,0.1467868763787456
623,2,10,150,19,0.0
624,2,10,150,19,0.0536466452928127
625,2,10,150,19,0.0
626,2,10,150,19,0.0
627,2,10,150,19,0.0
628,2,10,150,19,0.0
629,2,10,150,19,0.19451610919980286
630,2,10,150,19,0.0
631,2,10,150,19,0.0
632,2,10,150,19,0.13439570003165963
633,2,10,150,19,0.07667481399289292
634,2,10,150,19,0.0
635,2,10,150,19,0.0
636,2,10,150,19,0.0
637,2,10,150,19,0.0
638,2,10,150,19,0.0
639,2,10,150,19,0.0
640,2,10,150,19,0.0
642,2,10,150,19,0.03591148888190114
643,2,10,150,19,0.0
644,2,10,150,19,0.0
645,2,10,150,19,0.09759501249802542
647,2,10,150,19,0.0
648,2,10,150,19,0.10215289012738041
649,2,10,150,19,1.0
650,2,10,150,19,0.0
651,2,10,150,19,0.0
653,2,10,150,19,0.0
654,2,10,150,19,0.0
655,2,10,150,19,0.11621678240839849
658,2,10,150,19,0.0
1,2,10,150,20,1.0
2,2,10,150,20,0.11176899835264892
3,2,10,150,20,0.0
4,2,10,150,20,0.0
5,2,10,150,20,0.044808643601671735
6,2,10,150,20,0.32501515402623365
7,2,10,150,20,0.1573553016159913
8,2,10,150,20,0.0
9,2,10,150,20,0.0
10,2,10,150,20,0.17510636036219476
11,2,10,150,20,0.15282777773953798
12,2,10,150,20,0.0
13,2,10,150,20,0.29543943902133313
14,2,10,150,20,0.06786785134613488
15,2,10,150,20,0.0
16,2,10,150,20,0.25816194308367507
17,2,10,150,20,0.0
18,2,10,150,20,0.4078112802927102
19,2,10,150,20,0.0
20,2,10,150,20,0.0
21,2,10,150,20,0.0
22,2,10,150,20,0.0
23,2,10,150,20,0.29644364587336774
24,2,10,150,20,0.0334374913847135
25,2,10,150,20,0.0
26,2,10,150,20,0.1420400396336573
27,2,10,150,20,0.0
28,2,10,150,20,0.043957020679722535
29,2,10,150,20,0.0
30,2,10,150,20,0.0
31,2,10,150,20,0.0
32,2,10,150,20,0.11781210270929884
33,2,10,150,20,0.0
34,2,10,150,20,0.0
35,2,10,150,20,0.0
36,2,10,150,20,0.0
37,2,10,150,20,0.0
38,2,10,150,20,0.0
39,2,10,150,20,0.0
40,2,10,150,20,0.12089611529519323
41,2,10,150,20,0.0
42,2,10,150,20,0.1816611066894729
43,2,10,150,20,0.07714693474999154
44,2,10,150,20,0.2298386075442374
45,2,10,150,20,0.0
46,2,10,150,20,0.10684080426179023
47,2,10,150,20,0.0
48,2,10,150,20,0.0
49,2,10,150,20,0.039621067055815605
50,2,10,150,20,0.0
51,2,10,150,20,0.07984133538066794
52,2,10,150,20,0.0
53,2,10,150,20,0.12810519548676028
54,2,10,150,20,0.047934103497110726
55,2,10,150,20,0.0
56,2,10,150,20,0.25068486040632315
57,2,10,150,20,0.03730675036644464
58,2,10,150,20,0.0
59,2,10,150,20,0.4252206451539397
60,2,10,150,20,0.32025784257071993
61,2,10,150,20,0.0
62,2,10,150,20,0.29922072247056414
63,2,10,150,20,0.0763437499438357
64,2,10,150,20,0.08961728720334347
65,2,10,150,20,0.18732418779036095
66,2,10,150,20,0.0488146815731722
67,2,10,150,20,0.24630238874073
68,2,10,150,20,0.0
69,2,10,150,20,0.07474092615392174
70,2,10,150,20,0.04105877938688906
71,2,10,150,20,0.0
72,2,10,150,20,0.3151921299720581
73,2,10,150,20,0.16088947826823952
74,2,10,150,20,0.17342765698823945
75,2,10,150,20,0.1420400396336573
76,2,10,150,20,0.197604009413792
77,2,10,150,20,0.096890966577576
78,2,10,150,20,0.0
79,2,10,150,20,0.0
80,2,10,150,20,0.1744476820873323
81,2,10,150,20,0.0
82,2,10,150,20,0.0
83,2,10,150,20,0.044808643601671735
84,2,10,150,20,0.0
85,2,10,150,20,0.42377376344047885
86,2,10,150,20,0.0
87,2,10,150,20,0.1583534606119534
88,2,10,150,20,0.0
89,2,10,150,20,0.12390786004571805
90,2,10,150,20,0.11612190345001776
91,2,10,150,20,0.0
92,2,10,150,20,0.19263572260827436
93,2,10,150,20,0.0
94,2,10,150,20,0.35863336675801866
95,2,10,150,20,0.11618985635111899
96,2,10,150,20,0.04258528250242427
97,2,10,150,20,0.15194751309721466
98,2,10,150,20,0.0
99,2,10,150,20,0.10940465798221156
100,2,10,150,20,0.0
101,2,10,150,20,0.0
102,2,10,150,20,0.07205692306531321
103,2,10,150,20,0.0
104,2,10,150,20,0.0
105,2,10,150,20,0.0
106,2,10,150,20,0.0
107,2,10,150,20,0.0
108,2,10,150,20,0.0
109,2,10,150,20,0.2858563704133875
110,2,10,150,20,0.06117331537803186
111,2,10,150,20,0.0
112,2,10,150,20,0.0
113,2,10,150,20,0.05306340617755807
114,2,10,150,20,0.0
115,2,10,150,20,0.14664330289943722
116,2,10,150,20,0.039621067055815605
117,2,10,150,20,0.0
118,2,10,150,20,0.05494858807198588
119,2,10,150,20,0.19673881789985506
120,2,10,150,20,0.361879195385413
121,2,10,150,20,0.0
122,2,10,150,20,0.08041927109478651
123,2,10,150,20,0.09942460513010813
124,2,10,150,20,0.05533181737932847
125,2,10,150,20,0.11663077315176812
126,2,10,150,20,0.0
127,2,10,150,20,0.0
128,2,10,150,20,0.0
129,2,10,150,20,0.0
130,2,10,150,20,0.06117331537803186
131,2,10,150,20,0.07001560573318603
132,2,10,150,20,0.07667481399289292
133,2,10,150,20,0.0
134,2,10,150,20,0.0
135,2,10,150,20,0.0
136,2,10,150,20,0.0
137,2,10,150,20,0.0
138,2,10,150,20,0.10332949630181452
139,2,10,150,20,0.0
140,2,10,150,20,0.0
141,2,10,150,20,0.06520326171589681
142,2,10,150,20,0.0
143,2,10,150,20,0.0
144,2,10,150,20,0.3339525947868725
145,2,10,150,20,0.1344259308050152
146,2,10,150,20,0.0
147,2,10,150,20,0.0
148,2,10,150,20,0.0
149,2,10,150,20,0.0
150,2,10,150,20,0.0
151,2,10,150,20,0.21740769589146539
152,2,10,150,20,0.0
153,2,10,150,20,0.0
154,2,10,150,20,0.047978870624887156
155,2,10,150,20,0.0
156,2,10,150,20,0.0
157,2,10,150,20,0.036461566995213184
158,2,10,150,20,0.17023408984535393
159,2,10,150,20,0.0
160,2,10,150,20,0.07339707053520887
161,2,10,150,20,0.0
162,2,10,150,20,0.0
163,2,10,150,20,0.0
164,2,10,150,20,0.0
165,2,10,150,20,0.0
166,2,10,150,20,0.0
167,2,10,150,20,0.0
168,2,10,150,20,0.0
169,2,10,150,20,0.0
170,2,10,150,20,0.0
171,2,10,150,20,0.0
172,2,10,150,20,0.0
173,2,10,150,20,0.0
174,2,10,150,20,0.2675285296780337
175,2,10,150,20,0.17993148201117176
176,2,10,150,20,0.0
177,2,10,150,20,0.40349433776330085
178,2,10,150,20,0.2750585821891482
179,2,10,150,20,0.054384419234677496
180,2,10,150,20,0.05459112561892713
181,2,10,150,20,0.03475017269886857
182,2,10,150,20,0.0
183,2,10,150,20,0.0
184,2,10,150,20,0.1724478267409392
185,2,10,150,20,0.0
186,2,10,150,20,0.0
187,2,10,150,20,0.043599246064372175
188,2,10,150,20,0.2730071343849415
189,2,10,150,20,0.039621067055815605
190,2,10,150,20,0.0
191,2,10,150,20,0.0
192,2,10,150,20,0.0
193,2,10,150,20,0.0
194,2,10,150,20,0.18278901816947757
195,2,10,150,20,0.0334374913847135
196,2,10,150,20,0.0
197,2,10,150,20,0.09165446236150611
198,2,10,150,20,0.04734667987788577
199,2,10,150,20,0.2529427027676571
200,2,10,150,20,0.29103129137080597
201,2,10,150,20,0.1344259308050152
202,2,10,150,20,0.27487633291429087
203,2,10,150,20,0.05947719272904215
204,2,10,150,20,0.0
205,2,10,150,20,0.1465996756793884
206,2,10,150,20,0.0
207,2,10,150,20,0.0383846381653829
208,2,10,150,20,0.0
209,2,10,150,20,0.0
210,2,10,150,20,0.12427972228641516
211,2,10,150,20,0.0
212,2,10,150,20,0.0
213,2,10,150,20,0.03730675036644464
214,2,10,150,20,0.14347158413934272
215,2,10,150,20,0.0
216,2,10,150,20,0.10388499038440566
217,2,10,150,20,0.04630610387058298
218,2,10,150,20,0.0634797890335986
219,2,10,150,20,0.0
220,2,10,150,20,0.0
221,2,10,150,20,0.15712571269986003
222,2,10,150,20,0.12886400539806295
223,2,10,150,20,0.0
224,2,10,150,20,0.03730675036644464
225,2,10,150,20,0.0
226,2,10,150,20,0.040334958690002705
227,2,10,150,20,0.035157344074502626
228,2,10,150,20,0.0
229,2,10,150,20,0.0
230,2,10,150,20,0.2526244657683624
231,2,10,150,20,0.3903800499921017
232,2,10,150,20,0.0
233,2,10,150,20,0.11836669969471442
234,2,10,150,20,0.15434288479768812
235,2,10,150,20,0.0
236,2,10,150,20,0.03475017269886857
237,2,10,150,20,0.11709902679588047
238,2,10,150,20,0.0
239,2,10,150,20,0.0
240,2,10,150,20,0.0
241,2,10,150,20,0.0
242,2,10,150,20,0.0
243,2,10,150,20,0.23165732683700077
244,2,10,150,20,0.12317417335500543
245,2,10,150,20,0.0
246,2,10,150,20,0.1420400396336573
247,2,10,150,20,0.0
248,2,10,150,20,0.07947838320659593
249,2,10,150,20,0.27243461356780496
250,2,10,150,20,0.0
251,2,10,150,20,0.09456965512780148
252,2,10,150,20,0.13120507751234178
253,2,10,150,20,0.14651917105151752
254,2,10,150,20,0.3841146244916163
255,2,10,150,20,0.0
256,2,10,150,20,0.3573840867758477
257,2,10,150,20,0.04759023790187059
258,2,10,150,20,0.0
259,2,10,150,20,0.0
260,2,10,150,20,0.0
261,2,10,150,20,0.0
262,2,10,150,20,0.08961728720334347
263,2,10,150,20,0.03406297225598251
264,2,10,150,20,0.12078599864602618
265,2,10,150,20,0.0
266,2,10,150,20,0.0
267,2,10,150,20,0.032864970567577
268,2,10,150,20,0.24873296543387816
269,2,10,150,20,0.09010499239291735
270,2,10,150,20,0.10388499038440566
271,2,10,150,20,0.45158879019212556
272,2,10,150,20,0.21581995694207878
273,2,10,150,20,0.0
274,2,10,150,20,0.0
275,2,10,150,20,0.04105877938688906
276,2,10,150,20,0.3460007253093506
277,2,10,150,20,0.0
278,2,10,150,20,0.0
279,2,10,150,20,0.41029567170910686
280,2,10,150,20,0.10710052973969697
281,2,10,150,20,0.0
282,2,10,150,20,0.0
283,2,10,150,20,0.0
284,2,10,150,20,0.0
285,2,10,150,20,0.0
286,2,10,150,20,0.05494858807198588
287,2,10,150,20,0.0845667599404342
288,2,10,150,20,0.04275831251503158
289,2,10,150,20,0.0
290,2,10,150,20,0.035510009908414325
291,2,10,150,20,0.3863803145202541
292,2,10,150,20,0.28389320145439384
293,2,10,150,20,0.21716179127652888
294,2,10,150,20,0.07562328308260857
295,2,10,150,20,0.07305855844052911
296,2,10,150,20,0.0
297,2,10,150,20,0.03730675036644464
298,2,10,150,20,0.3861912350083636
299,2,10,150,20,0.07366303835498346
300,2,10,150,20,0.0
301,2,10,150,20,0.25397053325754093
302,2,10,150,20,0.0
303,2,10,150,20,0.4668995329364149
304,2,10,150,20,0.0
305,2,10,150,20,0.28171654569771565
306,2,10,150,20,0.0
307,2,10,150,20,0.08781355863956289
308,2,10,150,20,0.2586708127854255
309,2,10,150,20,0.0
310,2,10,150,20,0.0
311,2,10,150,20,0.30238025615070346
312,2,10,150,20,0.1420400396336573
313,2,10,150,20,0.30618267692585566
314,2,10,150,20,0.18973642231714155
315,2,10,150,20,0.04734667987788577
316,2,10,150,20,0.0
317,2,10,150,20,0.0
318,2,10,150,20,0.03475017269886857
319,2,10,150,20,0.0
320,2,10,150,20,0.07389464807379724
321,2,10,150,20,0.173650461562674
322,2,10,150,20,0.21382929552167615
323,2,10,150,20,0.0
324,2,10,150,20,0.044808643601671735
325,2,10,150,20,0.06881314495485108
326,2,10,150,20,0.13319472305837113
327,2,10,150,20,0.0
328,2,10,150,20,0.29805859024130305
329,2,10,150,20,0.0
330,2,10,150,20,0.0383846381653829
331,2,10,150,20,0.0
332,2,10,150,20,0.3186043304970889
333,2,10,150,20,0.0
334,2,10,150,20,0.28462300714555744
335,2,10,150,20,0.0
336,2,10,150,20,0.18421660877401433
337,2,10,150,20,0.07596161868673496
338,2,10,150,20,0.04105877938688906
339,2,10,150,20,0.25398364408238483
340,2,10,150,20,0.06194403202282284
341,2,10,150,20,0.0
342,2,10,150,20,0.2727161062238898
343,2,10,150,20,0.4583098325517184
344,2,10,150,20,0.25205194495122585
345,2,10,150,20,0.08381709190192065
346,2,10,150,20,0.5003425527357822
347,2,10,150,20,0.2709123776601093
348,2,10,150,20,0.0
349,2,10,150,20,0.163169180413793
350,2,10,150,20,0.052086392783128294
351,2,10,150,20,0.0
352,2,10,150,20,0.17516383809619498
353,2,10,150,20,0.0
354,2,10,150,20,0.17570711993450205
355,2,10,150,20,0.0
356,2,10,150,20,0.0
357,2,10,150,20,0.10223209476492093
358,2,10,150,20,0.0
359,2,10,150,20,0.0
360,2,10,150,20,0.24712303170646846
361,2,10,150,20,0.04734667987788577
362,2,10,150,20,0.0
363,2,10,150,20,0.29189888188838586
364,2,10,150,20,0.0
365,2,10,150,20,0.0
366,2,10,150,20,0.0
367,2,10,150,20,0.0
368,2,10,150,20,0.0
369,2,10,150,20,0.21386152848601384
370,2,10,150,20,0.036356287988538835
371,2,10,150,20,0.03591148888190114
372,2,10,150,20,0.0536466452928127
373,2,10,150,20,0.08211539396811637
374,2,10,150,20,0.23895672694865858
375,2,10,150,20,0.11611295864337252
376,2,10,150,20,0.0
377,2,10,150,20,0.2529427027676571
378,2,10,150,20,0.11605825233463163
379,2,10,150,20,0.1975749075331232
380,2,10,150,20,0.11836669969471442
381,2,10,150,20,0.08840545926477482
382,2,10,150,20,0.0493171240499355
383,2,10,150,20,0.0
384,2,10,150,20,0.0
385,2,10,150,20,0.3299912437802608
386,2,10,150,20,0.0
387,2,10,150,20,0.2639740297876454
388,2,10,150,20,0.0
389,2,10,150,20,0.33955445582172217
390,2,10,150,20,0.0
391,2,10,150,20,0.13067606659023254
392,2,10,150,20,0.0
393,2,10,150,20,0.0
394,2,10,150,20,0.21161302179805414
395,2,10,150,20,0.0
396,2,10,150,20,0.08006506288147622
397,2,10,150,20,0.1321933351948605
398,2,10,150,20,0.17220317135862
399,2,10,150,20,0.04734667987788577
400,2,10,150,20,0.0
401,2,10,150,20,0.0
402,2,10,150,20,0.1216157027914457
403,2,10,150,20,0.1420400396336573
404,2,10,150,20,0.0
405,2,10,150,20,0.29239295428193196
406,2,10,150,20,0.3492348317905365
407,2,10,150,20,0.18449735030027206
408,2,10,150,20,0.0
409,2,10,150,20,0.19152856051606013
410,2,10,150,20,0.0
411,2,10,150,20,0.1420400396336573
412,2,10,150,20,0.041062015509212284
413,2,10,150,20,0.1637733768567814
414,2,10,150,20,0.0
415,2,10,150,20,0.11004588314904008
416,2,10,150,20,0.5621213668421557
417,2,10,150,20,0.5018288750531893
418,2,10,150,20,0.0
419,2,10,150,20,0.09817896789964464
420,2,10,150,20,0.0
421,2,10,150,20,0.22148345718592927
422,2,10,150,20,0.07512175164287158
423,2,10,150,20,0.0
424,2,10,150,20,0.0
425,2,10,150,20,0.08031865351008606
426,2,10,150,20,0.0
427,2,10,150,20,0.0
428,2,10,150,20,0.0
429,2,10,150,20,0.5281009727103686
430,2,10,150,20,0.07102001981682865
431,2,10,150,20,0.0
432,2,10,150,20,0.044808643601671735
433,2,10,150,20,0.05059568297461706
434,2,10,150,20,0.0
435,2,10,150,20,0.49883721737815134
436,2,10,150,20,0.044808643601671735
437,2,10,150,20,0.333930150613626
438,2,10,150,20,0.03947525607388688
439,2,10,150,20,0.0
440,2,10,150,20,0.0
441,2,10,150,20,0.1731866333482261
442,2,10,150,20,0.07944341755227197
443,2,10,150,20,0.0
444,2,10,150,20,0.0
445,2,10,150,20,0.0
446,2,10,150,20,0.0
447,2,10,150,20,0.10798672221044857
448,2,10,150,20,0.0
449,2,10,150,20,0.07136972262242715
450,2,10,150,20,0.5090891998025887
451,2,10,150,20,0.0
452,2,10,150,20,0.2043349579225105
453,2,10,150,20,0.2087621244901639
454,2,10,150,20,0.0
455,2,10,150,20,0.1891998416986223
456,2,10,150,20,0.19263572260827436
457,2,10,150,20,0.6194573583612009
458,2,10,150,20,0.34318087612164566
459,2,10,150,20,0.25128648310412843
460,2,10,150,20,0.08961728720334347
461,2,10,150,20,0.0
462,2,10,150,20,0.0
463,2,10,150,20,0.28056052309118196
464,2,10,150,20,0.0
465,2,10,150,20,0.1755353085877692
466,2,10,150,20,0.13936676153764918
467,2,10,150,20,0.0718221295500964
468,2,10,150,20,0.2930176613114392
469,2,10,150,20,0.0
470,2,10,150,20,0.03475017269886857
471,2,10,150,20,0.0
472,2,10,150,20,0.3137541794137551
473,2,10,150,20,0.19978259035250553
474,2,10,150,20,0.44318447474831046
475,2,10,150,20,0.07311683844390994
476,2,10,150,20,0.0
477,2,10,150,20,0.07075576072108061
478,2,10,150,20,0.14611662348018006
479,2,10,150,20,0.1847983521486889
480,2,10,150,20,0.1520064267219057
481,2,10,150,20,0.03406297225598251
482,2,10,150,20,0.0
483,2,10,150,20,0.03475017269886857
484,2,10,150,20,0.21716179127652888
485,2,10,150,20,0.0
486,2,10,150,20,0.04105877938688906
487,2,10,150,20,0.44160810668549244
488,2,10,150,20,0.0
489,2,10,150,20,0.0
490,2,10,150,20,0.08961728720334347
491,2,10,150,20,0.0
492,2,10,150,20,0.1338895448360617
493,2,10,150,20,0.1472269637773143
494,2,10,150,20,0.0334374913847135
495,2,10,150,20,0.03406297225598251
496,2,10,150,20,0.044808643601671735
497,2,10,150,20,0.238693035922437
498,2,10,150,20,0.12596860788881453
499,2,10,150,20,0.0
500,2,10,150,20,0.3446249712210742
501,2,10,150,20,0.0
502,2,10,150,20,0.0
503,2,10,150,20,0.08610569288303137
504,2,10,150,20,0.2781054881671126
505,2,10,150,20,0.08961728720334347
506,2,10,150,20,0.16353653622900474
507,2,10,150,20,0.0
508,2,10,150,20,0.1420400396336573
509,2,10,150,20,0.0
510,2,10,150,20,0.0
511,2,10,150,20,0.0
512,2,10,150,20,0.04622440829742681
513,2,10,150,20,0.0
514,2,10,150,20,0.250474251644324
515,2,10,150,20,0.0
516,2,10,150,20,0.0843142342558857
517,2,10,150,20,0.0
518,2,10,150,20,0.12436745990221204
519,2,10,150,20,0.0
520,2,10,150,20,0.0
521,2,10,150,20,0.0
522,2,10,150,20,0.0
523,2,10,150,20,0.24758431068026024
524,2,10,150,20,0.14729171860900614
525,2,10,150,20,0.0
526,2,10,150,20,0.0
527,2,10,150,20,0.36292608087874806
528,2,10,150,20,0.09031879038481141
529,2,10,150,20,0.0
530,2,10,150,20,0.0
531,2,10,150,20,0.0
532,2,10,150,20,0.05494858807198588
533,2,10,150,20,0.04275831251503158
534,2,10,150,20,0.0
535,2,10,150,20,0.28475178656345435
536,2,10,150,20,0.20339104878673733
537,2,10,150,20,0.3230943940369691
538,2,10,150,20,0.0383846381653829
539,2,10,150,20,0.037286325438923226
540,2,10,150,20,0.0
541,2,10,150,20,0.07102001981682865
542,2,10,150,20,0.13696396708122924
543,2,10,150,20,0.07102001981682865
544,2,10,150,20,0.0
545,2,10,150,20,0.10577019251569722
546,2,10,150,20,0.0
547,2,10,150,20,0.0
548,2,10,150,20,0.06117331537803186
549,2,10,150,20,0.0
550,2,10,150,20,0.0
551,2,10,150,20,0.268292912099616
552,2,10,150,20,0.0
553,2,10,150,20,0.16685504622046782
554,2,10,150,20,0.08961728720334347
555,2,10,150,20,0.0
556,2,10,150,20,0.09441834681022167
557,2,10,150,20,0.04470486007704452
558,2,10,150,20,0.265053101293003
559,2,10,150,20,0.036356287988538835
560,2,10,150,20,0.036356287988538835
561,2,10,150,20,0.11582866341850039
562,2,10,150,20,0.0
563,2,10,150,20,0.0
564,2,10,150,20,0.0
565,2,10,150,20,0.19482612055561835
566,2,10,150,20,0.0
567,2,10,150,20,0.03475017269886857
568,2,10,150,20,0.0
569,2,10,150,20,0.1467868763787456
570,2,10,150,20,0.0
571,2,10,150,20,0.0
572,2,10,150,20,0.0
573,2,10,150,20,0.0
574,2,10,150,20,0.0
575,2,10,150,20,0.0
576,2,10,150,20,0.0
577,2,10,150,20,0.08961728720334347
578,2,10,150,20,0.0
579,2,10,150,20,0.050649171032404884
580,2,10,150,20,0.13886244387355454
581,2,10,150,20,0.0
582,2,10,150,20,0.0
583,2,10,150,20,0.0
584,2,10,150,20,0.0
585,2,10,150,20,0.036356287988538835
586,2,10,150,20,0.12305477858805697
587,2,10,150,20,0.03459392809572638
588,2,10,150,20,0.0
589,2,10,150,20,0.0
590,2,10,150,20,0.06139304560474655
591,2,10,150,20,0.0
592,2,10,150,20,0.37809660316568505
593,2,10,150,20,0.0
594,2,10,150,20,0.0
595,2,10,150,20,0.0
596,2,10,150,20,0.0
597,2,10,150,20,0.0
598,2,10,150,20,0.0
599,2,10,150,20,0.0
600,2,10,150,20,0.0
601,2,10,150,20,0.044808643601671735
602,2,10,150,20,0.0
603,2,10,150,20,0.1435203717549576
604,2,10,150,20,0.0
605,2,10,150,20,0.1036806144573329
606,2,10,150,20,0.2801411724339494
607,2,10,150,20,0.08440880858250024
608,2,10,150,20,0.18042467779904023
609,2,10,150,20,0.0
610,2,10,150,20,0.11752277470724268
611,2,10,150,20,0.0
612,2,10,150,20,0.15130120674940672
613,2,10,150,20,0.0
614,2,10,150,20,0.0
615,2,10,150,20,0.09083374831253048
616,2,10,150,20,0.0
617,2,10,150,20,0.044257815106106525
618,2,10,150,20,0.23165732683700077
619,2,10,150,20,0.0
620,2,10,150,20,0.0
621,2,10,150,20,0.0334374913847135
622,2,10,150,20,0.1420400396336573
623,2,10,150,20,0.0
624,2,10,150,20,0.0536466452928127
625,2,10,150,20,0.0
626,2,10,150,20,0.0
627,2,10,150,20,0.0
628,2,10,150,20,0.0
629,2,10,150,20,0.19451610919980286
630,2,10,150,20,0.0
631,2,10,150,20,0.0
632,2,10,150,20,0.13439570003165963
633,2,10,150,20,0.07667481399289292
634,2,10,150,20,0.0
635,2,10,150,20,0.0
636,2,10,150,20,0.0
637,2,10,150,20,0.0
638,2,10,150,20,0.0
639,2,10,150,20,0.0
640,2,10,150,20,0.0
642,2,10,150,20,0.03475017269886857
643,2,10,150,20,0.0
644,2,10,150,20,0.0
645,2,10,150,20,0.09759501249802542
647,2,10,150,20,0.0
648,2,10,150,20,0.10215289012738041
649,2,10,150,20,1.0
650,2,10,150,20,0.0
651,2,10,150,20,0.0
653,2,10,150,20,0.0
654,2,10,150,20,0.0
655,2,10,150,20,0.11621678240839849
658,2,10,150,20,0.0
1,2,10,150,21,1.0
2,2,10,150,21,0.1083188688865055
3,2,10,150,21,0.0
4,2,10,150,21,0.0
5,2,10,150,21,0.04342547274117719
6,2,10,150,21,0.31498245823065146
7,2,10,150,21,0.1524979961846024
8,2,10,150,21,0.0
9,2,10,150,21,0.0
10,2,10,150,21,0.1697011082574154
11,2,10,150,21,0.1481102296985261
12,2,10,150,21,0.0
13,2,10,150,21,0.3171880919388926
14,2,10,150,21,0.06786785134613488
15,2,10,150,21,0.0
16,2,10,150,21,0.2501928985364604
17,2,10,150,21,0.0
18,2,10,150,21,0.39522280105874374
19,2,10,150,21,0.0
20,2,10,150,21,0.0
21,2,10,150,21,0.0
22,2,10,150,21,0.0
23,2,10,150,21,0.28729290664555707
24,2,10,150,21,0.032405329729866005
25,2,10,150,21,0.0
26,2,10,150,21,0.13765549174170919
27,2,10,150,21,0.0
28,2,10,150,21,0.043957020679722535
29,2,10,150,21,0.0
30,2,10,150,21,0.0
31,2,10,150,21,0.0
32,2,10,150,21,0.11781210270929884
33,2,10,150,21,0.0
34,2,10,150,21,0.0
35,2,10,150,21,0.0
36,2,10,150,21,0.0
37,2,10,150,21,0.0
38,2,10,150,21,0.0
39,2,10,150,21,0.0
40,2,10,150,21,0.12089611529519323
41,2,10,150,21,0.0
42,2,10,150,21,0.17605352009319633
43,2,10,150,21,0.07476553278051348
44,2,10,150,21,0.2227438588748095
45,2,10,150,21,0.0
46,2,10,150,21,0.10684080426179023
47,2,10,150,21,0.0
48,2,10,150,21,0.0
49,2,10,150,21,0.03839802835148714
50,2,10,150,21,0.0
51,2,10,150,21,0.07984133538066794
52,2,10,150,21,0.0
53,2,10,150,21,0.12810519548676028
54,2,10,150,21,0.047934103497110726
55,2,10,150,21,0.0
56,2,10,150,21,0.24294662139236128
57,2,10,150,21,0.036155150901276155
58,2,10,150,21,0.0
59,2,10,150,21,0.4429631606807266
60,2,10,150,21,0.3103719973390169
61,2,10,150,21,0.0
62,2,10,150,21,0.289984259348481
63,2,10,150,21,0.0763437499438357
64,2,10,150,21,0.08685094548235438
65,2,10,150,21,0.18154179097601578
66,2,10,150,21,0.0488146815731722
67,2,10,150,21,0.24630238874073
68,2,10,150,21,0.0
69,2,10,150,21,0.07474092615392174
70,2,10,150,21,0.039791360812020615
71,2,10,150,21,0.0
72,2,10,150,21,0.30546265515219784
73,2,10,150,21,0.19761464659963035
74,2,10,150,21,0.17342765698823945
75,2,10,150,21,0.13765549174170919
76,2,10,150,21,0.19150429101642796
77,2,10,150,21,0.096890966577576
78,2,10,150,21,0.0
79,2,10,150,21,0.0
80,2,10,150,21,0.1744476820873323
81,2,10,150,21,0.0
82,2,10,150,21,0.0
83,2,10,150,21,0.04342547274117719
84,2,10,150,21,0.0
85,2,10,150,21,0.441560941881913
86,2,10,150,21,0.0
87,2,10,150,21,0.1534653436155096
88,2,10,150,21,0.0
89,2,10,150,21,0.12390786004571805
90,2,10,150,21,0.14340580068746292
91,2,10,150,21,0.0
92,2,10,150,21,0.186689367244995
93,2,10,150,21,0.0
94,2,10,150,21,0.37843132462257456
95,2,10,150,21,0.1434716559916468
96,2,10,150,21,0.04258528250242427
97,2,10,150,21,0.15194751309721466
98,2,10,150,21,0.0
99,2,10,150,21,0.10602751190591925
100,2,10,150,21,0.0
101,2,10,150,21,0.0
102,2,10,150,21,0.10070103547414802
103,2,10,150,21,0.0
104,2,10,150,21,0.0
105,2,10,150,21,0.0
106,2,10,150,21,0.0
107,2,10,150,21,0.0
108,2,10,150,21,0.0
109,2,10,150,21,0.27703244337472616
110,2,10,150,21,0.05928499338321969
111,2,10,150,21,0.0
112,2,10,150,21,0.0
113,2,10,150,21,0.05306340617755807
114,2,10,150,21,0.0
115,2,10,150,21,0.14664330289943722
116,2,10,150,21,0.03839802835148714
117,2,10,150,21,0.0
118,2,10,150,21,0.05325241341153146
119,2,10,150,21,0.19066580657493584
120,2,10,150,21,0.361879195385413
121,2,10,150,21,0.0
122,2,10,150,21,0.08041927109478651
123,2,10,150,21,0.09942460513010813
124,2,10,150,21,0.05533181737932847
125,2,10,150,21,0.11303056850610783
126,2,10,150,21,0.0
127,2,10,150,21,0.0
128,2,10,150,21,0.0
129,2,10,150,21,0.0
130,2,10,150,21,0.05928499338321969
131,2,10,150,21,0.13787232815362804
132,2,10,150,21,0.07667481399289292
133,2,10,150,21,0.0
134,2,10,150,21,0.0
135,2,10,150,21,0.0
136,2,10,150,21,0.0
137,2,10,150,21,0.0
138,2,10,150,21,0.10332949630181452
139,2,10,150,21,0.0
140,2,10,150,21,0.0
141,2,10,150,21,0.06319054175016094
142,2,10,150,21,0.0
143,2,10,150,21,0.0
144,2,10,150,21,0.32364401454949815
145,2,10,150,21,0.1302764182235316
146,2,10,150,21,0.0
147,2,10,150,21,0.0
148,2,10,150,21,0.0
149,2,10,150,21,0.0
150,2,10,150,21,0.0
151,2,10,150,21,0.21069666949938076
152,2,10,150,21,0.0
153,2,10,150,21,0.0
154,2,10,150,21,0.047978870624887156
155,2,10,150,21,0.0
156,2,10,150,21,0.0
157,2,10,150,21,0.036461566995213184
158,2,10,150,21,0.16497923690604024
159,2,10,150,21,0.0
160,2,10,150,21,0.10199981474406863
161,2,10,150,21,0.0
162,2,10,150,21,0.0
163,2,10,150,21,0.0
164,2,10,150,21,0.0
165,2,10,150,21,0.0
166,2,10,150,21,0.0
167,2,10,150,21,0.0
168,2,10,150,21,0.0
169,2,10,150,21,0.0
170,2,10,150,21,0.0
171,2,10,150,21,0.0
172,2,10,150,21,0.0
173,2,10,150,21,0.0
174,2,10,150,21,0.25927035364639417
175,2,10,150,21,0.17993148201117176
176,2,10,150,21,0.0
177,2,10,150,21,0.3910391156117444
178,2,10,150,21,0.2665679655305627
179,2,10,150,21,0.054384419234677496
180,2,10,150,21,0.05459112561892713
181,2,10,150,21,0.03367749068016014
182,2,10,150,21,0.0
183,2,10,150,21,0.0
184,2,10,150,21,0.16712463929915777
185,2,10,150,21,0.0
186,2,10,150,21,0.030868393892711742
187,2,10,150,21,0.043599246064372175
188,2,10,150,21,0.2645798426252266
189,2,10,150,21,0.06926642224419889
190,2,10,150,21,0.0
191,2,10,150,21,0.0
192,2,10,150,21,0.0
193,2,10,150,21,0.0
194,2,10,150,21,0.1771466147573601
195,2,10,150,21,0.032405329729866005
196,2,10,150,21,0.0
197,2,10,150,21,0.08882523631530641
198,2,10,150,21,0.04588516391390306
199,2,10,150,21,0.2529427027676571
200,2,10,150,21,0.28204762283366736
201,2,10,150,21,0.1302764182235316
202,2,10,150,21,0.27487633291429087
203,2,10,150,21,0.05947719272904215
204,2,10,150,21,0.0
205,2,10,150,21,0.1465996756793884
206,2,10,150,21,0.0
207,2,10,150,21,0.03719976603506465
208,2,10,150,21,0.0
209,2,10,150,21,0.0
210,2,10,150,21,0.12044340686600127
211,2,10,150,21,0.0
212,2,10,150,21,0.0
213,2,10,150,21,0.036155150901276155
214,2,10,150,21,0.13904284676771816
215,2,10,150,21,0.030868393892711742
216,2,10,150,21,0.10067822758167924
217,2,10,150,21,0.04630610387058298
218,2,10,150,21,0.0634797890335986
219,2,10,150,21,0.0
220,2,10,150,21,0.0
221,2,10,150,21,0.1522754943095677
222,2,10,150,21,0.12488618052084302
223,2,10,150,21,0.0
224,2,10,150,21,0.036155150901276155
225,2,10,150,21,0.0
226,2,10,150,21,0.040334958690002705
227,2,10,150,21,0.035157344074502626
228,2,10,150,21,0.0
229,2,10,150,21,0.0
230,2,10,150,21,0.24482635425208868
231,2,10,150,21,0.3903800499921017
232,2,10,150,21,0.0
233,2,10,150,21,0.11471290978475765
234,2,10,150,21,0.14957856783521567
235,2,10,150,21,0.030868393892711742
236,2,10,150,21,0.03367749068016014
237,2,10,150,21,0.11709902679588047
238,2,10,150,21,0.0
239,2,10,150,21,0.0
240,2,10,150,21,0.0
241,2,10,150,21,0.0
242,2,10,150,21,0.0
243,2,10,150,21,0.23165732683700077
244,2,10,150,21,0.11937198445447396
245,2,10,150,21,0.0
246,2,10,150,21,0.13765549174170919
247,2,10,150,21,0.0
248,2,10,150,21,0.07947838320659593
249,2,10,150,21,0.2640249946061853
250,2,10,150,21,0.0
251,2,10,150,21,0.0916504417630186
252,2,10,150,21,0.13120507751234178
253,2,10,150,21,0.1728647534593774
254,2,10,150,21,0.372257622962858
255,2,10,150,21,0.0
256,2,10,150,21,0.34635221401426375
257,2,10,150,21,0.04759023790187059
258,2,10,150,21,0.0
259,2,10,150,21,0.0
260,2,10,150,21,0.0
261,2,10,150,21,0.0
262,2,10,150,21,0.08685094548235438
263,2,10,150,21,0.06387989690394007
264,2,10,150,21,0.11705752886309609
265,2,10,150,21,0.0
266,2,10,150,21,0.0
267,2,10,150,21,0.031850481710824656
268,2,10,150,21,0.24105497828276293
269,2,10,150,21,0.08732359599603297
270,2,10,150,21,0.10067822758167924
271,2,10,150,21,0.4376489695389419
272,2,10,150,21,0.21581995694207878
273,2,10,150,21,0.0
274,2,10,150,21,0.0
275,2,10,150,21,0.04105877938688906
276,2,10,150,21,0.3661886325260494
277,2,10,150,21,0.0
278,2,10,150,21,0.0
279,2,10,150,21,0.39763050330231536
280,2,10,150,21,0.1037945084015739
281,2,10,150,21,0.0
282,2,10,150,21,0.0
283,2,10,150,21,0.0
284,2,10,150,21,0.0
285,2,10,150,21,0.07605458145297357
286,2,10,150,21,0.05325241341153146
287,2,10,150,21,0.0845667599404342
288,2,10,150,21,0.04143843208212992
289,2,10,150,21,0.0
290,2,10,150,21,0.034413872935427296
291,2,10,150,21,0.37445337477925306
292,2,10,150,21,0.27512987428843666
293,2,10,150,21,0.21045835556495812
294,2,10,150,21,0.07328891379295456
295,2,10,150,21,0.07080335808135314
296,2,10,150,21,0.0
297,2,10,150,21,0.0670235447939879
298,2,10,150,21,0.4051385257409244
299,2,10,150,21,0.0713891786717079
300,2,10,150,21,0.0
301,2,10,150,21,0.24613087079980508
302,2,10,150,21,0.0
303,2,10,150,21,0.4524870942454105
304,2,10,150,21,0.0
305,2,10,150,21,0.2730204083990244
306,2,10,150,21,0.0
307,2,10,150,21,0.08510289512235611
308,2,10,150,21,0.25068606024781703
309,2,10,150,21,0.0
310,2,10,150,21,0.0
311,2,10,150,21,0.32391465719117624
312,2,10,150,21,0.13765549174170919
313,2,10,150,21,0.29673130945138343
314,2,10,150,21,0.18387956369726213
315,2,10,150,21,0.04734667987788577
316,2,10,150,21,0.0
317,2,10,150,21,0.0
318,2,10,150,21,0.03367749068016014
319,2,10,150,21,0.0
320,2,10,150,21,0.07161363897049194
321,2,10,150,21,0.16829015071550618
322,2,10,150,21,0.21382929552167615
323,2,10,150,21,0.0
324,2,10,150,21,0.04342547274117719
325,2,10,150,21,0.06668899369138848
326,2,10,150,21,0.12908321588257465
327,2,10,150,21,0.0
328,2,10,150,21,0.28885800027462816
329,2,10,150,21,0.0
330,2,10,150,21,0.03719976603506465
331,2,10,150,21,0.0
332,2,10,150,21,0.30876952652738104
333,2,10,150,21,0.0
334,2,10,150,21,0.27583715205006026
335,2,10,150,21,0.0
336,2,10,150,21,0.17853013793279848
337,2,10,150,21,0.07596161868673496
338,2,10,150,21,0.04105877938688906
339,2,10,150,21,0.2770119708072552
340,2,10,150,21,0.06194403202282284
341,2,10,150,21,0.0
342,2,10,150,21,0.26429779803608416
343,2,10,150,21,0.4441625441156092
344,2,10,150,21,0.24427150623304733
345,2,10,150,21,0.08122979289415054
346,2,10,150,21,0.4848977817366492
347,2,10,150,21,0.2625497476760859
348,2,10,150,21,0.0
349,2,10,150,21,0.163169180413793
350,2,10,150,21,0.052086392783128294
351,2,10,150,21,0.0
352,2,10,150,21,0.17516383809619498
353,2,10,150,21,0.0
354,2,10,150,21,0.20115171723932165
355,2,10,150,21,0.0
356,2,10,150,21,0.0
357,2,10,150,21,0.09907635419524032
358,2,10,150,21,0.0
359,2,10,150,21,0.0
360,2,10,150,21,0.23949474062379209
361,2,10,150,21,0.0767535578066148
362,2,10,150,21,0.0
363,2,10,150,21,0.28288843222541304
364,2,10,150,21,0.0
365,2,10,150,21,0.0
366,2,10,150,21,0.0
367,2,10,150,21,0.0
368,2,10,150,21,0.0
369,2,10,150,21,0.21386152848601384
370,2,10,150,21,0.035234027770431754
371,2,10,150,21,0.03591148888190114
372,2,10,150,21,0.0536466452928127
373,2,10,150,21,0.07958062364245334
374,2,10,150,21,0.262448910470606
375,2,10,150,21,0.11611295864337252
376,2,10,150,21,0.0
377,2,10,150,21,0.2529427027676571
378,2,10,150,21,0.11247572048706649
379,2,10,150,21,0.19147608746407466
380,2,10,150,21,0.11471290978475765
381,2,10,150,21,0.08567652472592367
382,2,10,150,21,0.0493171240499355
383,2,10,150,21,0.0
384,2,10,150,21,0.0
385,2,10,150,21,0.3198049440861058
386,2,10,150,21,0.0
387,2,10,150,21,0.28669396935142566
388,2,10,150,21,0.0
389,2,10,150,21,0.32907295513139184
390,2,10,150,21,0.0527075128660253
391,2,10,150,21,0.15751070018708674
392,2,10,150,21,0.0
393,2,10,150,21,0.0
394,2,10,150,21,0.2050808676883648
395,2,10,150,21,0.0
396,2,10,150,21,0.08006506288147622
397,2,10,150,21,0.1281127392540743
398,2,10,150,21,0.16688753603554798
399,2,10,150,21,0.04588516391390306
400,2,10,150,21,0.0
401,2,10,150,21,0.0
402,2,10,150,21,0.11786162137414039
403,2,10,150,21,0.13765549174170919
404,2,10,150,21,0.0
405,2,10,150,21,0.28336725339770363
406,2,10,150,21,0.36932290733448303
407,2,10,150,21,0.17880221341904165
408,2,10,150,21,0.0
409,2,10,150,21,0.1856163814683463
410,2,10,150,21,0.0
411,2,10,150,21,0.13765549174170919
412,2,10,150,21,0.041062015509212284
413,2,10,150,21,0.1637733768567814
414,2,10,150,21,0.0
415,2,10,150,21,0.11004588314904008
416,2,10,150,21,0.5447695830749626
417,2,10,150,21,0.4863382236713111
418,2,10,150,21,0.0
419,2,10,150,21,0.09817896789964464
420,2,10,150,21,0.0
421,2,10,150,21,0.2455150124815062
422,2,10,150,21,0.07280286382324895
423,2,10,150,21,0.0
424,2,10,150,21,0.0
425,2,10,150,21,0.07783934567660449
426,2,10,150,21,0.0
427,2,10,150,21,0.0
428,2,10,150,21,0.0
429,2,10,150,21,0.5117993438696207
430,2,10,150,21,0.06882774587085459
431,2,10,150,21,0.0
432,2,10,150,21,0.04342547274117719
433,2,10,150,21,0.049033875503285806
434,2,10,150,21,0.034073291417269544
435,2,10,150,21,0.4834389136637783
436,2,10,150,21,0.04342547274117719
437,2,10,150,21,0.32362226319183207
438,2,10,150,21,0.03947525607388688
439,2,10,150,21,0.0
440,2,10,150,21,0.0
441,2,10,150,21,0.1731866333482261
442,2,10,150,21,0.07699112684708527
443,2,10,150,21,0.0
444,2,10,150,21,0.0
445,2,10,150,21,0.0
446,2,10,150,21,0.0
447,2,10,150,21,0.1046533455340736
448,2,10,150,21,0.0
449,2,10,150,21,0.10003504780521623
450,2,10,150,21,0.5242428277492687
451,2,10,150,21,0.0
452,2,10,150,21,0.19802746595530774
453,2,10,150,21,0.2023179730015222
454,2,10,150,21,0.0
455,2,10,150,21,0.18335954646063052
456,2,10,150,21,0.186689367244995
457,2,10,150,21,0.6003357046235687
458,2,10,150,21,0.3325874336610768
459,2,10,150,21,0.24352967296375594
460,2,10,150,21,0.08685094548235438
461,2,10,150,21,0.0
462,2,10,150,21,0.0
463,2,10,150,21,0.2719000703536581
464,2,10,150,21,0.0
465,2,10,150,21,0.17011681554020325
466,2,10,150,21,0.13506473344695338
467,2,10,150,21,0.06960509576493064
468,2,10,150,21,0.2839726767245565
469,2,10,150,21,0.0
470,2,10,150,21,0.03367749068016014
471,2,10,150,21,0.0
472,2,10,150,21,0.30406909181812675
473,2,10,150,21,0.19978259035250553
474,2,10,150,21,0.4603724757073568
475,2,10,150,21,0.07311683844390994
476,2,10,150,21,0.0
477,2,10,150,21,0.07075576072108061
478,2,10,150,21,0.1416062379923208
479,2,10,150,21,0.20996231771655086
480,2,10,150,21,0.14731423246763029
481,2,10,150,21,0.03301150301122833
482,2,10,150,21,0.0
483,2,10,150,21,0.03367749068016014
484,2,10,150,21,0.21045835556495812
485,2,10,150,21,0.0
486,2,10,150,21,0.039791360812020615
487,2,10,150,21,0.42797637370211
488,2,10,150,21,0.0
489,2,10,150,21,0.0
490,2,10,150,21,0.08961728720334347
491,2,10,150,21,0.0
492,2,10,150,21,0.1338895448360617
493,2,10,150,21,0.17355069776051993
494,2,10,150,21,0.032405329729866005
495,2,10,150,21,0.03301150301122833
496,2,10,150,21,0.04342547274117719
497,2,10,150,21,0.23132496527013605
498,2,10,150,21,0.12208015928238605
499,2,10,150,21,0.0
500,2,10,150,21,0.33398695186415767
501,2,10,150,21,0.0
502,2,10,150,21,0.0
503,2,10,150,21,0.11431614233142484
504,2,10,150,21,0.2695208184146453
505,2,10,150,21,0.08685094548235438
506,2,10,150,21,0.1584884260128381
507,2,10,150,21,0.0
508,2,10,150,21,0.13765549174170919
509,2,10,150,21,0.0
510,2,10,150,21,0.0
511,2,10,150,21,0.0
512,2,10,150,21,0.04622440829742681
513,2,10,150,21,0.0
514,2,10,150,21,0.2427425137845848
515,2,10,150,21,0.0
516,2,10,150,21,0.0843142342558857
517,2,10,150,21,0.0
518,2,10,150,21,0.12052843616251452
519,2,10,150,21,0.0
520,2,10,150,21,0.0
521,2,10,150,21,0.0
522,2,10,150,21,0.0
523,2,10,150,21,0.23994178065652644
524,2,10,150,21,0.1736134537145606
525,2,10,150,21,0.0
526,2,10,150,21,0.0
527,2,10,150,21,0.38259152955295644
528,2,10,150,21,0.09031879038481141
529,2,10,150,21,0.0
530,2,10,150,21,0.0
531,2,10,150,21,0.0
532,2,10,150,21,0.05325241341153146
533,2,10,150,21,0.04143843208212992
534,2,10,150,21,0.0
535,2,10,150,21,0.2759619562541602
536,2,10,150,21,0.19711269377853657
537,2,10,150,21,0.3439893829100207
538,2,10,150,21,0.03719976603506465
539,2,10,150,21,0.037286325438923226
540,2,10,150,21,0.0
541,2,10,150,21,0.06882774587085459
542,2,10,150,21,0.13273610939625743
543,2,10,150,21,0.06882774587085459
544,2,10,150,21,0.0
545,2,10,150,21,0.10250523655101473
546,2,10,150,21,0.0
547,2,10,150,21,0.0
548,2,10,150,21,0.05928499338321969
549,2,10,150,21,0.0
550,2,10,150,21,0.0
551,2,10,150,21,0.2600111408103023
552,2,10,150,21,0.030868393892711742
553,2,10,150,21,0.1617044989307478
554,2,10,150,21,0.08685094548235438
555,2,10,150,21,0.0382580635535654
556,2,10,150,21,0.09441834681022167
557,2,10,150,21,0.04470486007704452
558,2,10,150,21,0.265053101293003
559,2,10,150,21,0.035234027770431754
560,2,10,150,21,0.035234027770431754
561,2,10,150,21,0.11225321861203179
562,2,10,150,21,0.04187254809446048
563,2,10,150,21,0.0
564,2,10,150,21,0.0
565,2,10,150,21,0.19482612055561835
566,2,10,150,21,0.0
567,2,10,150,21,0.03367749068016014
568,2,10,150,21,0.0
569,2,10,150,21,0.1467868763787456
570,2,10,150,21,0.0
571,2,10,150,21,0.0
572,2,10,150,21,0.0
573,2,10,150,21,0.0
574,2,10,150,21,0.0
575,2,10,150,21,0.0
576,2,10,150,21,0.0
577,2,10,150,21,0.11771933937506614
578,2,10,150,21,0.0
579,2,10,150,21,0.050649171032404884
580,2,10,150,21,0.13886244387355454
581,2,10,150,21,0.0
582,2,10,150,21,0.0
583,2,10,150,21,0.0
584,2,10,150,21,0.0
585,2,10,150,21,0.035234027770431754
586,2,10,150,21,0.11925627521222039
587,2,10,150,21,0.03459392809572638
588,2,10,150,21,0.0
589,2,10,150,21,0.0
590,2,10,150,21,0.06139304560474655
591,2,10,150,21,0.0
592,2,10,150,21,0.3664253682896704
593,2,10,150,21,0.0
594,2,10,150,21,0.0
595,2,10,150,21,0.0
596,2,10,150,21,0.0
597,2,10,150,21,0.0
598,2,10,150,21,0.0
599,2,10,150,21,0.0
600,2,10,150,21,0.0
601,2,10,150,21,0.04342547274117719
602,2,10,150,21,0.0
603,2,10,150,21,0.1435203717549576
604,2,10,150,21,0.0
605,2,10,150,21,0.1036806144573329
606,2,10,150,21,0.2714936643776922
607,2,10,150,21,0.08440880858250024
608,2,10,150,21,0.17485525777677383
609,2,10,150,21,0.0
610,2,10,150,21,0.11752277470724268
611,2,10,150,21,0.0
612,2,10,150,21,0.15130120674940672
613,2,10,150,21,0.0
614,2,10,150,21,0.0
615,2,10,150,21,0.09083374831253048
616,2,10,150,21,0.0
617,2,10,150,21,0.044257815106106525
618,2,10,150,21,0.22450643722406358
619,2,10,150,21,0.0
620,2,10,150,21,0.0
621,2,10,150,21,0.032405329729866005
622,2,10,150,21,0.13765549174170919
623,2,10,150,21,0.0
624,2,10,150,21,0.0536466452928127
625,2,10,150,21,0.0
626,2,10,150,21,0.0
627,2,10,150,21,0.0
628,2,10,150,21,0.0
629,2,10,150,21,0.19451610919980286
630,2,10,150,21,0.0
631,2,10,150,21,0.0
632,2,10,150,21,0.13439570003165963
633,2,10,150,21,0.07667481399289292
634,2,10,150,21,0.0
635,2,10,150,21,0.0
636,2,10,150,21,0.0
637,2,10,150,21,0.0
638,2,10,150,21,0.0
639,2,10,150,21,0.0
640,2,10,150,21,0.0
642,2,10,150,21,0.03367749068016014
643,2,10,150,21,0.0
644,2,10,150,21,0.0
645,2,10,150,21,0.09759501249802542
647,2,10,150,21,0.0
648,2,10,150,21,0.10215289012738041
649,2,10,150,21,1.0
650,2,10,150,21,0.0
651,2,10,150,21,0.0
653,2,10,150,21,0.0
654,2,10,150,21,0.0
655,2,10,150,21,0.11621678240839849
658,2,10,150,21,0.0
1,2,10,150,22,0.9704679103081283
2,2,10,150,22,0.1083188688865055
3,2,10,150,22,0.0
4,2,10,150,22,0.0
5,2,10,150,22,0.07167511747714453
6,2,10,150,22,0.3056803680228177
7,2,10,150,22,0.14799441168344804
8,2,10,150,22,0.0
9,2,10,150,22,0.0
10,2,10,150,22,0.1646894799075474
11,2,10,150,22,0.14373622511078551
12,2,10,150,22,0.0
13,2,10,150,22,0.3373529544504313
14,2,10,150,22,0.06786785134613488
15,2,10,150,22,0.0
16,2,10,150,22,0.24280417941661225
17,2,10,150,22,0.0
18,2,10,150,22,0.38355104584960414
19,2,10,150,22,0.0
20,2,10,150,22,0.0
21,2,10,150,22,0.0
22,2,10,150,22,0.0
23,2,10,150,22,0.27880854675866196
24,2,10,150,22,0.03144833262578892
25,2,10,150,22,0.0
26,2,10,150,22,0.13359023741301432
27,2,10,150,22,0.0
28,2,10,150,22,0.043957020679722535
29,2,10,150,22,0.0
30,2,10,150,22,0.0
31,2,10,150,22,0.0
32,2,10,150,22,0.11781210270929884
33,2,10,150,22,0.0
34,2,10,150,22,0.0
35,2,10,150,22,0.0
36,2,10,150,22,0.0
37,2,10,150,22,0.0
38,2,10,150,22,0.0
39,2,10,150,22,0.0
40,2,10,150,22,0.17285639608669676
41,2,10,150,22,0.0
42,2,10,150,22,0.17085429174723432
43,2,10,150,22,0.07255755036057879
44,2,10,150,22,0.21616576725620504
45,2,10,150,22,0.0
46,2,10,150,22,0.10684080426179023
47,2,10,150,22,0.0
48,2,10,150,22,0.0
49,2,10,150,22,0.03726405433421999
50,2,10,150,22,0.0
51,2,10,150,22,0.07984133538066794
52,2,10,150,22,0.0
53,2,10,150,22,0.12810519548676028
54,2,10,150,22,0.047934103497110726
55,2,10,150,22,0.0
56,2,10,150,22,0.2357718999790649
57,2,10,150,22,0.03508741374203651
58,2,10,150,22,0.0
59,2,10,150,22,0.4298815328893084
60,2,10,150,22,0.30120606367575564
61,2,10,150,22,0.0
62,2,10,150,22,0.2814204181921707
63,2,10,150,22,0.0763437499438357
64,2,10,150,22,0.08428605557054564
65,2,10,150,22,0.18154179097601578
66,2,10,150,22,0.0488146815731722
67,2,10,150,22,0.24630238874073
68,2,10,150,22,0.0
69,2,10,150,22,0.07474092615392174
70,2,10,150,22,0.03861623877555839
71,2,10,150,22,0.0
72,2,10,150,22,0.29644170462272584
73,2,10,150,22,0.19761464659963035
74,2,10,150,22,0.17342765698823945
75,2,10,150,22,0.13359023741301432
76,2,10,150,22,0.1858487691177525
77,2,10,150,22,0.096890966577576
78,2,10,150,22,0.0
79,2,10,150,22,0.0
80,2,10,150,22,0.1744476820873323
81,2,10,150,22,0.0
82,2,10,150,22,0.0
83,2,10,150,22,0.04214302778527282
84,2,10,150,22,0.0
85,2,10,150,22,0.42852072454182905
86,2,10,150,22,0.0
87,2,10,150,22,0.14893319132326246
88,2,10,150,22,0.0
89,2,10,150,22,0.12390786004571805
90,2,10,150,22,0.1391707277192261
91,2,10,150,22,0.0
92,2,10,150,22,0.21070812979886872
93,2,10,150,22,0.0
94,2,10,150,22,0.3967875464934786
95,2,10,150,22,0.16876672787053182
96,2,10,150,22,0.04258528250242427
97,2,10,150,22,0.15194751309721466
98,2,10,150,22,0.0
99,2,10,150,22,0.10289629791450765
100,2,10,150,22,0.0
101,2,10,150,22,0.0
102,2,10,150,22,0.09772712346246114
103,2,10,150,22,0.0
104,2,10,150,22,0.0
105,2,10,150,22,0.0
106,2,10,150,22,0.0
107,2,10,150,22,0.0
108,2,10,150,22,0.0
109,2,10,150,22,0.2688510964094254
110,2,10,150,22,0.057534183641244435
111,2,10,150,22,0.0
112,2,10,150,22,0.0
113,2,10,150,22,0.05306340617755807
114,2,10,150,22,0.0
115,2,10,150,22,0.14664330289943722
116,2,10,150,22,0.03726405433421999
117,2,10,150,22,0.0
118,2,10,150,22,0.05167975836235349
119,2,10,150,22,0.18503504687399178
120,2,10,150,22,0.361879195385413
121,2,10,150,22,0.0
122,2,10,150,22,0.08041927109478651
123,2,10,150,22,0.09942460513010813
124,2,10,150,22,0.05533181737932847
125,2,10,150,22,0.10969253961906221
126,2,10,150,22,0.0
127,2,10,150,22,0.0
128,2,10,150,22,0.0
129,2,10,150,22,0.0
130,2,10,150,22,0.08706627333311613
131,2,10,150,22,0.13787232815362804
132,2,10,150,22,0.07667481399289292
133,2,10,150,22,0.0
134,2,10,150,22,0.0
135,2,10,150,22,0.0
136,2,10,150,22,0.0
137,2,10,150,22,0.0
138,2,10,150,22,0.10332949630181452
139,2,10,150,22,0.0
140,2,10,150,22,0.0
141,2,10,150,22,0.061324393003517226
142,2,10,150,22,0.0
143,2,10,150,22,0.0
144,2,10,150,22,0.31408613048358497
145,2,10,150,22,0.12642908335581846
146,2,10,150,22,0.0
147,2,10,150,22,0.0
148,2,10,150,22,0.0
149,2,10,150,22,0.0
150,2,10,150,22,0.0
151,2,10,150,22,0.2044743565579464
152,2,10,150,22,0.0
153,2,10,150,22,0.0
154,2,10,150,22,0.047978870624887156
155,2,10,150,22,0.0
156,2,10,150,22,0.0
157,2,10,150,22,0.036461566995213184
158,2,10,150,22,0.16010705528443453
159,2,10,150,22,0.0
160,2,10,150,22,0.0989875470664925
161,2,10,150,22,0.0
162,2,10,150,22,0.0
163,2,10,150,22,0.0
164,2,10,150,22,0.0
165,2,10,150,22,0.0
166,2,10,150,22,0.0
167,2,10,150,22,0.0
168,2,10,150,22,0.0
169,2,10,150,22,0.0
170,2,10,150,22,0.0
171,2,10,150,22,0.0
172,2,10,150,22,0.0
173,2,10,150,22,0.0
174,2,10,150,22,0.25161355830806553
175,2,10,150,22,0.17993148201117176
176,2,10,150,22,0.0
177,2,10,150,22,0.3794909133764682
178,2,10,150,22,0.25869565646353443
179,2,10,150,22,0.054384419234677496
180,2,10,150,22,0.05459112561892713
181,2,10,150,22,0.03268292400479648
182,2,10,150,22,0.0
183,2,10,150,22,0.0
184,2,10,150,22,0.16218909946165336
185,2,10,150,22,0.0
186,2,10,150,22,0.030868393892711742
187,2,10,150,22,0.043599246064372175
188,2,10,150,22,0.25676624698215716
189,2,10,150,22,0.06722084004984816
190,2,10,150,22,0.0
191,2,10,150,22,0.0
192,2,10,150,22,0.0
193,2,10,150,22,0.0
194,2,10,150,22,0.1719151050417343
195,2,10,150,22,0.03144833262578892
196,2,10,150,22,0.0
197,2,10,150,22,0.0862020414695411
198,2,10,150,22,0.044530079137671444
199,2,10,150,22,0.2529427027676571
200,2,10,150,22,0.2737181671387643
201,2,10,150,22,0.12642908335581846
202,2,10,150,22,0.27487633291429087
203,2,10,150,22,0.05947719272904215
204,2,10,150,22,0.0
205,2,10,150,22,0.1465996756793884
206,2,10,150,22,0.0
207,2,10,150,22,0.036101179208000475
208,2,10,150,22,0.0
209,2,10,150,22,0.0
210,2,10,150,22,0.14641855106351165
211,2,10,150,22,0.0
212,2,10,150,22,0.0
213,2,10,150,22,0.03508741374203651
214,2,10,150,22,0.13493662094596073
215,2,10,150,22,0.029956785715628154
216,2,10,150,22,0.09770498913471842
217,2,10,150,22,0.04630610387058298
218,2,10,150,22,0.0634797890335986
219,2,10,150,22,0.0
220,2,10,150,22,0.0
221,2,10,150,22,0.14777848075374345
222,2,10,150,22,0.1211980306364262
223,2,10,150,22,0.0
224,2,10,150,22,0.03508741374203651
225,2,10,150,22,0.0
226,2,10,150,22,0.040334958690002705
227,2,10,150,22,0.035157344074502626
228,2,10,150,22,0.0
229,2,10,150,22,0.0
230,2,10,150,22,0.23759612039938205
231,2,10,150,22,0.3903800499921017
232,2,10,150,22,0.0
233,2,10,150,22,0.1113251978441786
234,2,10,150,22,0.14516120015392436
235,2,10,150,22,0.05948887540749986
236,2,10,150,22,0.03268292400479648
237,2,10,150,22,0.11709902679588047
238,2,10,150,22,0.0
239,2,10,150,22,0.0
240,2,10,150,22,0.0
241,2,10,150,22,0.0
242,2,10,150,22,0.0
243,2,10,150,22,0.23165732683700077
244,2,10,150,22,0.11584668030286772
245,2,10,150,22,0.0
246,2,10,150,22,0.13359023741301432
247,2,10,150,22,0.0
248,2,10,150,22,0.07947838320659593
249,2,10,150,22,0.25622778478457947
250,2,10,150,22,0.0
251,2,10,150,22,0.08894381269657348
252,2,10,150,22,0.13120507751234178
253,2,10,150,22,0.16775969605565177
254,2,10,150,22,0.36126407745303596
255,2,10,150,22,0.0
256,2,10,150,22,0.33612370936501623
257,2,10,150,22,0.04759023790187059
258,2,10,150,22,0.0
259,2,10,150,22,0.0
260,2,10,150,22,0.0
261,2,10,150,22,0.0
262,2,10,150,22,0.08428605557054564
263,2,10,150,22,0.061993390059065394
264,2,10,150,22,0.11360057542160229
265,2,10,150,22,0.0
266,2,10,150,22,0.0
267,2,10,150,22,0.03090987042821126
268,2,10,150,22,0.23393612104344422
269,2,10,150,22,0.11427683741873307
270,2,10,150,22,0.09770498913471842
271,2,10,150,22,0.4247242809169626
272,2,10,150,22,0.21581995694207878
273,2,10,150,22,0.0
274,2,10,150,22,0.029532089691871707
275,2,10,150,22,0.04105877938688906
276,2,10,150,22,0.384906406678018
277,2,10,150,22,0.0
278,2,10,150,22,0.0
279,2,10,150,22,0.38588764361456734
280,2,10,150,22,0.1007292396699349
281,2,10,150,22,0.0
282,2,10,150,22,0.0
283,2,10,150,22,0.0
284,2,10,150,22,0.0
285,2,10,150,22,0.07605458145297357
286,2,10,150,22,0.0812118480542252
287,2,10,150,22,0.0845667599404342
288,2,10,150,22,0.04143843208212992
289,2,10,150,22,0.0
290,2,10,150,22,0.03339755935325358
291,2,10,150,22,0.3633949841298481
292,2,10,150,22,0.26700471416403715
293,2,10,150,22,0.20424308053200996
294,2,10,150,22,0.07112453901740118
295,2,10,150,22,0.06871238696000892
296,2,10,150,22,0.0
297,2,10,150,22,0.06504419945766467
298,2,10,150,22,0.39317393846111076
299,2,10,150,22,0.06928090704414597
300,2,10,150,22,0.0
301,2,10,150,22,0.23886211184740677
302,2,10,150,22,0.0
303,2,10,150,22,0.46865629448561236
304,2,10,150,22,0.0
305,2,10,150,22,0.264957545210473
306,2,10,150,22,0.0
307,2,10,150,22,0.08258962879056475
308,2,10,150,22,0.24328277703207657
309,2,10,150,22,0.0
310,2,10,150,22,0.0
311,2,10,150,22,0.3438808701743663
312,2,10,150,22,0.13359023741301432
313,2,10,150,22,0.28796821380627863
314,2,10,150,22,0.17844921592965235
315,2,10,150,22,0.04734667987788577
316,2,10,150,22,0.0
317,2,10,150,22,0.0
318,2,10,150,22,0.03268292400479648
319,2,10,150,22,0.0
320,2,10,150,22,0.06949873856125406
321,2,10,150,22,0.16332019089031724
322,2,10,150,22,0.21382929552167615
323,2,10,150,22,0.0
324,2,10,150,22,0.04342547274117719
325,2,10,150,22,0.06471952834823372
326,2,10,150,22,0.12527111877341524
327,2,10,150,22,0.0
328,2,10,150,22,0.28032741990230314
329,2,10,150,22,0.0
330,2,10,150,22,0.036101179208000475
331,2,10,150,22,0.0
332,2,10,150,22,0.2996509171758577
333,2,10,150,22,0.0
334,2,10,150,22,0.26769110453536743
335,2,10,150,22,0.0
336,2,10,150,22,0.17325776988666486
337,2,10,150,22,0.07596161868673496
338,2,10,150,22,0.04105877938688906
339,2,10,150,22,0.2688312284396532
340,2,10,150,22,0.06194403202282284
341,2,10,150,22,0.0
342,2,10,150,22,0.25649253175911835
343,2,10,150,22,0.4310454960250171
344,2,10,150,22,0.23705765820180438
345,2,10,150,22,0.10836299705662003
346,2,10,150,22,0.47057773695501287
347,2,10,150,22,0.25479610497913746
348,2,10,150,22,0.0
349,2,10,150,22,0.163169180413793
350,2,10,150,22,0.052086392783128294
351,2,10,150,22,0.0
352,2,10,150,22,0.17516383809619498
353,2,10,150,22,0.0
354,2,10,150,22,0.195211286684136
355,2,10,150,22,0.0
356,2,10,150,22,0.0
357,2,10,150,22,0.09615042241680283
358,2,10,150,22,0.0
359,2,10,150,22,0.0
360,2,10,150,22,0.23242196046295874
361,2,10,150,22,0.0744868648532996
362,2,10,150,22,0.0
363,2,10,150,22,0.2745341456721392
364,2,10,150,22,0.0
365,2,10,150,22,0.0
366,2,10,150,22,0.0
367,2,10,150,22,0.0
368,2,10,150,22,0.0
369,2,10,150,22,0.21386152848601384
370,2,10,150,22,0.03419349330210947
371,2,10,150,22,0.03591148888190114
372,2,10,150,22,0.0536466452928127
373,2,10,150,22,0.07723044152730933
374,2,10,150,22,0.2842303353989257
375,2,10,150,22,0.11611295864337252
376,2,10,150,22,0.0
377,2,10,150,22,0.2529427027676571
378,2,10,150,22,0.10915407742148454
379,2,10,150,22,0.18582139847523693
380,2,10,150,22,0.1113251978441786
381,2,10,150,22,0.08314631791322982
382,2,10,150,22,0.0493171240499355
383,2,10,150,22,0.0
384,2,10,150,22,0.0
385,2,10,150,22,0.31036043579345096
386,2,10,150,22,0.0
387,2,10,150,22,0.27822729733442064
388,2,10,150,22,0.0
389,2,10,150,22,0.31935474310528233
390,2,10,150,22,0.10466779365752882
391,2,10,150,22,0.15285908006173218
392,2,10,150,22,0.0
393,2,10,150,22,0.0
394,2,10,150,22,0.19902440110970515
395,2,10,150,22,0.0
396,2,10,150,22,0.08006506288147622
397,2,10,150,22,0.12432930234775161
398,2,10,150,22,0.1619589983528907
399,2,10,150,22,0.044530079137671444
400,2,10,150,22,0.0
401,2,10,150,22,0.0
402,2,10,150,22,0.11438092140048986
403,2,10,150,22,0.13359023741301432
404,2,10,150,22,0.0
405,2,10,150,22,0.2749988262546233
406,2,10,150,22,0.38794811980169003
407,2,10,150,22,0.1735218104152453
408,2,10,150,22,0.0
409,2,10,150,22,0.18013474184254244
410,2,10,150,22,0.0
411,2,10,150,22,0.13359023741301432
412,2,10,150,22,0.041062015509212284
413,2,10,150,22,0.1637733768567814
414,2,10,150,22,0.0
415,2,10,150,22,0.11004588314904008
416,2,10,150,22,0.5286813988861893
417,2,10,150,22,0.47197563962926437
418,2,10,150,22,0.0
419,2,10,150,22,0.09817896789964464
420,2,10,150,22,0.0
421,2,10,150,22,0.26779653080407306
422,2,10,150,22,0.07065284311899564
423,2,10,150,22,0.0
424,2,10,150,22,0.0
425,2,10,150,22,0.10507267683039812
426,2,10,150,22,0.0
427,2,10,150,22,0.0
428,2,10,150,22,0.0
429,2,10,150,22,0.496684839742222
430,2,10,150,22,0.06679511870650716
431,2,10,150,22,0.0
432,2,10,150,22,0.04214302778527282
433,2,10,150,22,0.0475858026939827
434,2,10,150,22,0.034073291417269544
435,2,10,150,22,0.49869404199679035
436,2,10,150,22,0.04214302778527282
437,2,10,150,22,0.31406502148896437
438,2,10,150,22,0.03947525607388688
439,2,10,150,22,0.0
440,2,10,150,22,0.0
441,2,10,150,22,0.1731866333482261
442,2,10,150,22,0.07471741798355888
443,2,10,150,22,0.0
444,2,10,150,22,0.0
445,2,10,150,22,0.0
446,2,10,150,22,0.029532089691871707
447,2,10,150,22,0.1015627135472069
448,2,10,150,22,0.0
449,2,10,150,22,0.09708080380110191
450,2,10,150,22,0.5087608415398569
451,2,10,150,22,0.0
452,2,10,150,22,0.19217930106926154
453,2,10,150,22,0.1963431004765636
454,2,10,150,22,0.0
455,2,10,150,22,0.17794455588869426
456,2,10,150,22,0.18117604010699703
457,2,10,150,22,0.612138626441264
458,2,10,150,22,0.32276543173980843
459,2,10,150,22,0.23633773281915813
460,2,10,150,22,0.08428605557054564
461,2,10,150,22,0.0
462,2,10,150,22,0.0
463,2,10,150,22,0.26387029308874765
464,2,10,150,22,0.0
465,2,10,150,22,0.16509291048557437
466,2,10,150,22,0.13107598962458922
467,2,10,150,22,0.06754951183378939
468,2,10,150,22,0.27558637016548604
469,2,10,150,22,0.0
470,2,10,150,22,0.03268292400479648
471,2,10,150,22,0.0
472,2,10,150,22,0.29508929612602786
473,2,10,150,22,0.19978259035250553
474,2,10,150,22,0.47630880415496984
475,2,10,150,22,0.07311683844390994
476,2,10,150,22,0.029532089691871707
477,2,10,150,22,0.07075576072108061
478,2,10,150,22,0.13742430987100307
479,2,10,150,22,0.20376169171783243
480,2,10,150,22,0.142963735341507
481,2,10,150,22,0.03203660434343724
482,2,10,150,22,0.0
483,2,10,150,22,0.03268292400479648
484,2,10,150,22,0.20424308053200996
485,2,10,150,22,0.0
486,2,10,150,22,0.03861623877555839
487,2,10,150,22,0.4153373370479373
488,2,10,150,22,0.0
489,2,10,150,22,0.0
490,2,10,150,22,0.08961728720334347
491,2,10,150,22,0.0
492,2,10,150,22,0.1338895448360617
493,2,10,150,22,0.16842538298816934
494,2,10,150,22,0.032405329729866005
495,2,10,150,22,0.06156869403530895
496,2,10,150,22,0.04214302778527282
497,2,10,150,22,0.2244934556478093
498,2,10,150,22,0.11847487706886065
499,2,10,150,22,0.0
500,2,10,150,22,0.32412361924579053
501,2,10,150,22,0.0
502,2,10,150,22,0.0
503,2,10,150,22,0.11094014776286444
504,2,10,150,22,0.26156130543139733
505,2,10,150,22,0.08428605557054564
506,2,10,150,22,0.1538079316007034
507,2,10,150,22,0.0
508,2,10,150,22,0.16312232710488603
509,2,10,150,22,0.0
510,2,10,150,22,0.0
511,2,10,150,22,0.0
512,2,10,150,22,0.04622440829742681
513,2,10,150,22,0.0
514,2,10,150,22,0.23557382009546804
515,2,10,150,22,0.0
516,2,10,150,22,0.0843142342558857
517,2,10,150,22,0.0
518,2,10,150,22,0.11696897957534211
519,2,10,150,22,0.0
520,2,10,150,22,0.0
521,2,10,150,22,0.0
522,2,10,150,22,0.0559167101555819
523,2,10,150,22,0.2328557984693505
524,2,10,150,22,0.1684862856277466
525,2,10,150,22,0.0
526,2,10,150,22,0.0
527,2,10,150,22,0.3712928021868482
528,2,10,150,22,0.09031879038481141
529,2,10,150,22,0.0
530,2,10,150,22,0.0
531,2,10,150,22,0.0
532,2,10,150,22,0.05167975836235349
533,2,10,150,22,0.04021466858918992
534,2,10,150,22,0.0
535,2,10,150,22,0.267812223010518
536,2,10,150,22,0.1912915440264624
537,2,10,150,22,0.3633627472927421
538,2,10,150,22,0.036101179208000475
539,2,10,150,22,0.037286325438923226
540,2,10,150,22,0.0
541,2,10,150,22,0.06679511870650716
542,2,10,150,22,0.12881613470821707
543,2,10,150,22,0.06679511870650716
544,2,10,150,22,0.0
545,2,10,150,22,0.09947804271130364
546,2,10,150,22,0.0
547,2,10,150,22,0.0
548,2,10,150,22,0.057534183641244435
549,2,10,150,22,0.0
550,2,10,150,22,0.0
551,2,10,150,22,0.2523324684790066
552,2,10,150,22,0.029956785715628154
553,2,10,150,22,0.15692902716474577
554,2,10,150,22,0.08428605557054564
555,2,10,150,22,0.0382580635535654
556,2,10,150,22,0.09441834681022167
557,2,10,150,22,0.04470486007704452
558,2,10,150,22,0.265053101293003
559,2,10,150,22,0.035234027770431754
560,2,10,150,22,0.03419349330210947
561,2,10,150,22,0.10893814649177998
562,2,10,150,22,0.04187254809446048
563,2,10,150,22,0.0
564,2,10,150,22,0.0
565,2,10,150,22,0.19482612055561835
566,2,10,150,22,0.029532089691871707
567,2,10,150,22,0.03268292400479648
568,2,10,150,22,0.0
569,2,10,150,22,0.1467868763787456
570,2,10,150,22,0.0
571,2,10,150,22,0.0
572,2,10,150,22,0.0
573,2,10,150,22,0.0
574,2,10,150,22,0.0
575,2,10,150,22,0.0
576,2,10,150,22,0.0
577,2,10,150,22,0.1142428412861738
578,2,10,150,22,0.0
579,2,10,150,22,0.050649171032404884
580,2,10,150,22,0.13886244387355454
581,2,10,150,22,0.0
582,2,10,150,22,0.0
583,2,10,150,22,0.0
584,2,10,150,22,0.0
585,2,10,150,22,0.03419349330210947
586,2,10,150,22,0.11573438819633457
587,2,10,150,22,0.03459392809572638
588,2,10,150,22,0.0
589,2,10,150,22,0.0
590,2,10,150,22,0.06139304560474655
591,2,10,150,22,0.0
592,2,10,150,22,0.35560406144796275
593,2,10,150,22,0.0
594,2,10,150,22,0.0
595,2,10,150,22,0.0
596,2,10,150,22,0.0
597,2,10,150,22,0.0
598,2,10,150,22,0.0
599,2,10,150,22,0.0
600,2,10,150,22,0.0
601,2,10,150,22,0.04214302778527282
602,2,10,150,22,0.0
603,2,10,150,22,0.1435203717549576
604,2,10,150,22,0.0
605,2,10,150,22,0.1036806144573329
606,2,10,150,22,0.2634758891305153
607,2,10,150,22,0.08440880858250024
608,2,10,150,22,0.1696914166210148
609,2,10,150,22,0.0
610,2,10,150,22,0.11752277470724268
611,2,10,150,22,0.0
612,2,10,150,22,0.15130120674940672
613,2,10,150,22,0.0
614,2,10,150,22,0.0
615,2,10,150,22,0.09083374831253048
616,2,10,150,22,0.0
617,2,10,150,22,0.044257815106106525
618,2,10,150,22,0.21787629298355995
619,2,10,150,22,0.0
620,2,10,150,22,0.0
621,2,10,150,22,0.03144833262578892
622,2,10,150,22,0.13359023741301432
623,2,10,150,22,0.0
624,2,10,150,22,0.0536466452928127
625,2,10,150,22,0.0
626,2,10,150,22,0.0
627,2,10,150,22,0.0
628,2,10,150,22,0.0
629,2,10,150,22,0.19451610919980286
630,2,10,150,22,0.0
631,2,10,150,22,0.0
632,2,10,150,22,0.13439570003165963
633,2,10,150,22,0.07667481399289292
634,2,10,150,22,0.0
635,2,10,150,22,0.0
636,2,10,150,22,0.0
637,2,10,150,22,0.0
638,2,10,150,22,0.0
639,2,10,150,22,0.0
640,2,10,150,22,0.0
642,2,10,150,22,0.03268292400479648
643,2,10,150,22,0.0
644,2,10,150,22,0.0
645,2,10,150,22,0.09759501249802542
647,2,10,150,22,0.0
648,2,10,150,22,0.10215289012738041
649,2,10,150,22,1.0
650,2,10,150,22,0.0
651,2,10,150,22,0.0
653,2,10,150,22,0.0
654,2,10,150,22,0.0
655,2,10,150,22,0.11621678240839849
658,2,10,150,22,0.0
1,2,10,150,23,0.9429923164693618
2,2,10,150,23,0.1083188688865055
3,2,10,150,23,0.0
4,2,10,150,23,0.0
5,2,10,150,23,0.06964587323812313
6,2,10,150,23,0.297026037934136
7,2,10,150,23,0.14380443867905413
8,2,10,150,23,0.0
9,2,10,150,23,0.0
10,2,10,150,23,0.16002684118307808
11,2,10,150,23,0.16797850602271744
12,2,10,150,23,0.0
13,2,10,150,23,0.3278019196780965
14,2,10,150,23,0.06786785134613488
15,2,10,150,23,0.0
16,2,10,150,23,0.23592998095508072
17,2,10,150,23,0.0
18,2,10,150,23,0.3726920646918945
19,2,10,150,23,0.0
20,2,10,150,23,0.0
21,2,10,150,23,0.0
22,2,10,150,23,0.0
23,2,10,150,23,0.2709150035429099
24,2,10,150,23,0.06058493677293348
25,2,10,150,23,0.0
26,2,10,150,23,0.12980807103224343
27,2,10,150,23,0.0
28,2,10,150,23,0.043957020679722535
29,2,10,150,23,0.0
30,2,10,150,23,0.0
31,2,10,150,23,0.0
32,2,10,150,23,0.11781210270929884
33,2,10,150,23,0.0
34,2,10,150,23,0.0
35,2,10,150,23,0.0
36,2,10,150,23,0.0
37,2,10,150,23,0.0
38,2,10,150,23,0.0
39,2,10,150,23,0.0
40,2,10,150,23,0.17285639608669676
41,2,10,150,23,0.0
42,2,10,150,23,0.16601711673526853
43,2,10,150,23,0.0705033229487624
44,2,10,150,23,0.21004574745968121
45,2,10,150,23,0.0
46,2,10,150,23,0.10684080426179023
47,2,10,150,23,0.0
48,2,10,150,23,0.0
49,2,10,150,23,0.036209045703025085
50,2,10,150,23,0.0
51,2,10,150,23,0.07984133538066794
52,2,10,150,23,0.0
53,2,10,150,23,0.12810519548676028
54,2,10,150,23,0.047934103497110726
55,2,10,150,23,0.0
56,2,10,150,23,0.22909679728518775
57,2,10,150,23,0.034094029500693734
58,2,10,150,23,0.0
59,2,10,150,23,0.4177108570009085
60,2,10,150,23,0.2926784087379421
61,2,10,150,23,0.0
62,2,10,150,23,0.2734529284626762
63,2,10,150,23,0.0763437499438357
64,2,10,150,23,0.08189977426795961
65,2,10,150,23,0.18154179097601578
66,2,10,150,23,0.0488146815731722
67,2,10,150,23,0.24630238874073
68,2,10,150,23,0.0
69,2,10,150,23,0.07474092615392174
70,2,10,150,23,0.0375229475075955
71,2,10,150,23,0.0
72,2,10,150,23,0.28804893677685284
73,2,10,150,23,0.19761464659963035
74,2,10,150,23,0.17342765698823945
75,2,10,150,23,0.12980807103224343
76,2,10,150,23,0.1858487691177525
77,2,10,150,23,0.096890966577576
78,2,10,150,23,0.0
79,2,10,150,23,0.0
80,2,10,150,23,0.1744476820873323
81,2,10,150,23,0.0
82,2,10,150,23,0.0
83,2,10,150,23,0.040949887133979804
84,2,10,150,23,0.029136604147144557
85,2,10,150,23,0.41638857544761837
86,2,10,150,23,0.0
87,2,10,150,23,0.17302833730025102
88,2,10,150,23,0.0
89,2,10,150,23,0.12390786004571805
90,2,10,150,23,0.13523056818541423
91,2,10,150,23,0.0
92,2,10,150,23,0.20474262498270052
93,2,10,150,23,0.0
94,2,10,150,23,0.41386551496104895
95,2,10,150,23,0.19230035276189678
96,2,10,150,23,0.04258528250242427
97,2,10,150,23,0.15194751309721466
98,2,10,150,23,0.0
99,2,10,150,23,0.09998312906164562
100,2,10,150,23,0.0
101,2,10,150,23,0.0
102,2,10,150,23,0.09496030271263022
103,2,10,150,23,0.0
104,2,10,150,23,0.0
105,2,10,150,23,0.0
106,2,10,150,23,0.0
107,2,10,150,23,0.0
108,2,10,150,23,0.0
109,2,10,150,23,0.2612394655151003
110,2,10,150,23,0.05590529324231312
111,2,10,150,23,0.0
112,2,10,150,23,0.0
113,2,10,150,23,0.09588991474080252
114,2,10,150,23,0.0
115,2,10,150,23,0.14664330289943722
116,2,10,150,23,0.036209045703025085
117,2,10,150,23,0.0
118,2,10,150,23,0.050216616680524157
119,2,10,150,23,0.179796390613598
120,2,10,150,23,0.361879195385413
121,2,10,150,23,0.0
122,2,10,150,23,0.08041927109478651
123,2,10,150,23,0.09942460513010813
124,2,10,150,23,0.05533181737932847
125,2,10,150,23,0.10658695762742351
126,2,10,150,23,0.0
127,2,10,150,23,0.0
128,2,10,150,23,0.02831169742649504
129,2,10,150,23,0.0
130,2,10,150,23,0.11291297677295149
131,2,10,150,23,0.13787232815362804
132,2,10,150,23,0.07667481399289292
133,2,10,150,23,0.0
134,2,10,150,23,0.0
135,2,10,150,23,0.0
136,2,10,150,23,0.0
137,2,10,150,23,0.0
138,2,10,150,23,0.10332949630181452
139,2,10,150,23,0.0
140,2,10,150,23,0.0
141,2,10,150,23,0.05958819534393818
142,2,10,150,23,0.0
143,2,10,150,23,0.0
144,2,10,150,23,0.3051938189914751
145,2,10,150,23,0.12284966140193941
146,2,10,150,23,0.0
147,2,10,150,23,0.0
148,2,10,150,23,0.0
149,2,10,150,23,0.0
150,2,10,150,23,0.0
151,2,10,150,23,0.19868534044360056
152,2,10,150,23,0.0
153,2,10,150,23,0.0
154,2,10,150,23,0.047978870624887156
155,2,10,150,23,0.0
156,2,10,150,23,0.0
157,2,10,150,23,0.036461566995213184
158,2,10,150,23,0.1555741527793745
159,2,10,150,23,0.0
160,2,10,150,23,0.09618504158495504
161,2,10,150,23,0.0
162,2,10,150,23,0.0
163,2,10,150,23,0.0
164,2,10,150,23,0.0
165,2,10,150,23,0.0
166,2,10,150,23,0.0
167,2,10,150,23,0.0
168,2,10,150,23,0.0
169,2,10,150,23,0.0
170,2,10,150,23,0.0
171,2,10,150,23,0.0
172,2,10,150,23,0.0
173,2,10,150,23,0.0
174,2,10,150,23,0.2728016488033389
175,2,10,150,23,0.17993148201117176
176,2,10,150,23,0.0
177,2,10,150,23,0.3687468814608494
178,2,10,150,23,0.27968324073868533
179,2,10,150,23,0.054384419234677496
180,2,10,150,23,0.05459112561892713
181,2,10,150,23,0.03175761494935955
182,2,10,150,23,0.0
183,2,10,150,23,0.0
184,2,10,150,23,0.18590894817831438
185,2,10,150,23,0.0
186,2,10,150,23,0.030868393892711742
187,2,10,150,23,0.043599246064372175
188,2,10,150,23,0.24949675868826163
189,2,10,150,23,0.06531770396560203
190,2,10,150,23,0.0
191,2,10,150,23,0.0
192,2,10,150,23,0.0
193,2,10,150,23,0.0
194,2,10,150,23,0.1670478966047486
195,2,10,150,23,0.03055797694791982
196,2,10,150,23,0.0
197,2,10,150,23,0.08376151535390927
198,2,10,150,23,0.04326935701074781
199,2,10,150,23,0.2529427027676571
200,2,10,150,23,0.2659687412105968
201,2,10,150,23,0.12284966140193941
202,2,10,150,23,0.27487633291429087
203,2,10,150,23,0.05947719272904215
204,2,10,150,23,0.0
205,2,10,150,23,0.1465996756793884
206,2,10,150,23,0.0
207,2,10,150,23,0.035079093545523896
208,2,10,150,23,0.0
209,2,10,150,23,0.0
210,2,10,150,23,0.1422731933481757
211,2,10,150,23,0.0
212,2,10,150,23,0.0
213,2,10,150,23,0.034094029500693734
214,2,10,150,23,0.13111633616198504
215,2,10,150,23,0.029108658262576942
216,2,10,150,23,0.0949387950452773
217,2,10,150,23,0.04630610387058298
218,2,10,150,23,0.1023482199458735
219,2,10,150,23,0.0
220,2,10,150,23,0.0
221,2,10,150,23,0.14359462112049634
222,2,10,150,23,0.11776670866436063
223,2,10,150,23,0.0
224,2,10,150,23,0.034094029500693734
225,2,10,150,23,0.0
226,2,10,150,23,0.040334958690002705
227,2,10,150,23,0.035157344074502626
228,2,10,150,23,0.0
229,2,10,150,23,0.0
230,2,10,150,23,0.23086937092892568
231,2,10,150,23,0.3903800499921017
232,2,10,150,23,0.032014847745354055
233,2,10,150,23,0.10817339252686953
234,2,10,150,23,0.14105144017709959
235,2,10,150,23,0.05780464436672027
236,2,10,150,23,0.03175761494935955
237,2,10,150,23,0.15281870320130841
238,2,10,150,23,0.0
239,2,10,150,23,0.0
240,2,10,150,23,0.0
241,2,10,150,23,0.0
242,2,10,150,23,0.0
243,2,10,150,23,0.23165732683700077
244,2,10,150,23,0.11256686414226905
245,2,10,150,23,0.0
246,2,10,150,23,0.12980807103224343
247,2,10,150,23,0.0
248,2,10,150,23,0.07947838320659593
249,2,10,150,23,0.2489735412694974
250,2,10,150,23,0.0
251,2,10,150,23,0.08642566238354925
252,2,10,150,23,0.13120507751234178
253,2,10,150,23,0.1630101343005634
254,2,10,150,23,0.35103607820112376
255,2,10,150,23,0.0
256,2,10,150,23,0.3549191740340978
257,2,10,150,23,0.04759023790187059
258,2,10,150,23,0.0
259,2,10,150,23,0.0
260,2,10,150,23,0.0
261,2,10,150,23,0.0
262,2,10,150,23,0.08189977426795961
263,2,10,150,23,0.06023825195727045
264,2,10,150,23,0.11038435030279016
265,2,10,150,23,0.0
266,2,10,150,23,0.0
267,2,10,150,23,0.030034759529155578
268,2,10,150,23,0.2273129923673343
269,2,10,150,23,0.11104146617487715
270,2,10,150,23,0.0949387950452773
271,2,10,150,23,0.4126996155859559
272,2,10,150,23,0.21581995694207878
273,2,10,150,23,0.0
274,2,10,150,23,0.029532089691871707
275,2,10,150,23,0.04105877938688906
276,2,10,150,23,0.3740090529546305
277,2,10,150,23,0.0
278,2,10,150,23,0.0
279,2,10,150,23,0.3749625094079286
280,2,10,150,23,0.09787742391439881
281,2,10,150,23,0.05516788910004661
282,2,10,150,23,0.0
283,2,10,150,23,0.0
284,2,10,150,23,0.0
285,2,10,150,23,0.15002687789384317
286,2,10,150,23,0.07891260278466748
287,2,10,150,23,0.0845667599404342
288,2,10,150,23,0.04143843208212992
289,2,10,150,23,0.0
290,2,10,150,23,0.03245201775806086
291,2,10,150,23,0.3531066552928579
292,2,10,150,23,0.2877570549116722
293,2,10,150,23,0.19846061223453243
294,2,10,150,23,0.06911088258914158
295,2,10,150,23,0.0667670226509449
296,2,10,150,23,0.0
297,2,10,150,23,0.06320268776327068
298,2,10,150,23,0.3820425168794164
299,2,10,150,23,0.06731944696647899
300,2,10,150,23,0.0
301,2,10,150,23,0.23209952001012937
302,2,10,150,23,0.0
303,2,10,150,23,0.4553878392791134
304,2,10,150,23,0.0
305,2,10,150,23,0.25745614735960726
306,2,10,150,23,0.0
307,2,10,150,23,0.08025137620967973
308,2,10,150,23,0.26470672608616197
309,2,10,150,23,0.0
310,2,10,150,23,0.0
311,2,10,150,23,0.3341450190272298
312,2,10,150,23,0.12980807103224343
313,2,10,150,23,0.2798153448685471
314,2,10,150,23,0.17339701572225677
315,2,10,150,23,0.04734667987788577
316,2,10,150,23,0.0
317,2,10,150,23,0.0
318,2,10,150,23,0.03175761494935955
319,2,10,150,23,0.0
320,2,10,150,23,0.06753111130358476
321,2,10,150,23,0.15869631906219317
322,2,10,150,23,0.25103989828053624
323,2,10,150,23,0.0
324,2,10,150,23,0.04342547274117719
325,2,10,150,23,0.06288720864405306
326,2,10,150,23,0.12172448076242379
327,2,10,150,23,0.0
328,2,10,150,23,0.2723908748096791
329,2,10,150,23,0.0
330,2,10,150,23,0.035079093545523896
331,2,10,150,23,0.0
332,2,10,150,23,0.2911672910752031
333,2,10,150,23,0.0
334,2,10,150,23,0.26011231497999787
335,2,10,150,23,0.0
336,2,10,150,23,0.1683525483288443
337,2,10,150,23,0.07596161868673496
338,2,10,150,23,0.04105877938688906
339,2,10,150,23,0.2895318574677718
340,2,10,150,23,0.06194403202282284
341,2,10,150,23,0.0
342,2,10,150,23,0.24923079280779856
343,2,10,150,23,0.4188418663645034
344,2,10,150,23,0.23034615351016144
345,2,10,150,23,0.10529505667172484
346,2,10,150,23,0.4572548824506978
347,2,10,150,23,0.24758239474951868
348,2,10,150,23,0.0
349,2,10,150,23,0.163169180413793
350,2,10,150,23,0.052086392783128294
351,2,10,150,23,0.030979542277895667
352,2,10,150,23,0.17516383809619498
353,2,10,150,23,0.0
354,2,10,150,23,0.18968452380129797
355,2,10,150,23,0.0
356,2,10,150,23,0.0
357,2,10,150,23,0.09342824074990863
358,2,10,150,23,0.0
359,2,10,150,23,0.0
360,2,10,150,23,0.22584170024305866
361,2,10,150,23,0.07237801527332476
362,2,10,150,23,0.0
363,2,10,150,23,0.2667616180066283
364,2,10,150,23,0.0
365,2,10,150,23,0.0
366,2,10,150,23,0.0
367,2,10,150,23,0.0
368,2,10,150,23,0.0
369,2,10,150,23,0.21386152848601384
370,2,10,150,23,0.03322541746578526
371,2,10,150,23,0.03591148888190114
372,2,10,150,23,0.0536466452928127
373,2,10,150,23,0.07504391663467354
374,2,10,150,23,0.27618329214368015
375,2,10,150,23,0.11611295864337252
376,2,10,150,23,0.0
377,2,10,150,23,0.2529427027676571
378,2,10,150,23,0.10606374020865927
379,2,10,150,23,0.18056047926623786
380,2,10,150,23,0.10817339252686953
381,2,10,150,23,0.08079230451834331
382,2,10,150,23,0.0493171240499355
383,2,10,150,23,0.0
384,2,10,150,23,0.0
385,2,10,150,23,0.30157360504211167
386,2,10,150,23,0.0
387,2,10,150,23,0.2703502102764971
388,2,10,150,23,0.0
389,2,10,150,23,0.3386249656732646
390,2,10,150,23,0.10466779365752882
391,2,10,150,23,0.14853138003813207
392,2,10,150,23,0.0
393,2,10,150,23,0.0
394,2,10,150,23,0.22170137991149286
395,2,10,150,23,0.03571967640542795
396,2,10,150,23,0.08006506288147622
397,2,10,150,23,0.12080932875843485
398,2,10,150,23,0.15737366419602547
399,2,10,150,23,0.04326935701074781
400,2,10,150,23,0.0
401,2,10,150,23,0.0
402,2,10,150,23,0.11114260336243548
403,2,10,150,23,0.13359023741301432
404,2,10,150,23,0.0
405,2,10,150,23,0.2955248401195562
406,2,10,150,23,0.37696465001668694
407,2,10,150,23,0.16860911342187127
408,2,10,150,23,0.0
409,2,10,150,23,0.17503482153549657
410,2,10,150,23,0.0
411,2,10,150,23,0.13359023741301432
412,2,10,150,23,0.041062015509212284
413,2,10,150,23,0.1637733768567814
414,2,10,150,23,0.0
415,2,10,150,23,0.11004588314904008
416,2,10,150,23,0.5420252285124023
417,2,10,150,23,0.4586132081274042
418,2,10,150,23,0.0
419,2,10,150,23,0.09817896789964464
420,2,10,150,23,0.0
421,2,10,150,23,0.2602147564520831
422,2,10,150,23,0.06865254120228902
423,2,10,150,23,0.0
424,2,10,150,23,0.0
425,2,10,150,23,0.102097890996184
426,2,10,150,23,0.0
427,2,10,150,23,0.0
428,2,10,150,23,0.0
429,2,10,150,23,0.482622848843113
430,2,10,150,23,0.09321573294261677
431,2,10,150,23,0.0
432,2,10,150,23,0.040949887133979804
433,2,10,150,23,0.0475858026939827
434,2,10,150,23,0.06721369618029983
435,2,10,150,23,0.48457516717138144
436,2,10,150,23,0.040949887133979804
437,2,10,150,23,0.3334850050548182
438,2,10,150,23,0.07668585883274698
439,2,10,150,23,0.0
440,2,10,150,23,0.032014847745354055
441,2,10,150,23,0.1731866333482261
442,2,10,150,23,0.0726020410531194
443,2,10,150,23,0.0
444,2,10,150,23,0.0
445,2,10,150,23,0.0
446,2,10,150,23,0.028695986104143326
447,2,10,150,23,0.09868730073144459
448,2,10,150,23,0.0
449,2,10,150,23,0.09433228145796418
450,2,10,150,23,0.49435695853173145
451,2,10,150,23,0.0
452,2,10,150,23,0.21505007627224837
453,2,10,150,23,0.19078429402409122
454,2,10,150,23,0.0
455,2,10,150,23,0.1729066434636815
456,2,10,150,23,0.1760466388785572
457,2,10,150,23,0.6231196402928838
458,2,10,150,23,0.341939091923154
459,2,10,150,23,0.22964661043711831
460,2,10,150,23,0.08189977426795961
461,2,10,150,23,0.0
462,2,10,150,23,0.0
463,2,10,150,23,0.2847113746174735
464,2,10,150,23,0.0
465,2,10,150,23,0.16041884995664737
466,2,10,150,23,0.12736500586645946
467,2,10,150,23,0.06754951183378939
468,2,10,150,23,0.2677840522384947
469,2,10,150,23,0.0
470,2,10,150,23,0.03175761494935955
471,2,10,150,23,0.0
472,2,10,150,23,0.28673481726031036
473,2,10,150,23,0.19978259035250553
474,2,10,150,23,0.4628236934101587
475,2,10,150,23,0.07311683844390994
476,2,10,150,23,0.028695986104143326
477,2,10,150,23,0.07075576072108061
478,2,10,150,23,0.13353359439089035
479,2,10,150,23,0.22630454978130146
480,2,10,150,23,0.13891618932355676
481,2,10,150,23,0.03112959369469351
482,2,10,150,23,0.0
483,2,10,150,23,0.03175761494935955
484,2,10,150,23,0.19846061223453243
485,2,10,150,23,0.0
486,2,10,150,23,0.0375229475075955
487,2,10,150,23,0.4035784320315099
488,2,10,150,23,0.0
489,2,10,150,23,0.0
490,2,10,150,23,0.08961728720334347
491,2,10,150,23,0.0
492,2,10,150,23,0.1338895448360617
493,2,10,150,23,0.16365697450606675
494,2,10,150,23,0.032405329729866005
495,2,10,150,23,0.08813727722533188
496,2,10,150,23,0.040949887133979804
497,2,10,150,23,0.21813766485728023
498,2,10,150,23,0.11512065219664587
499,2,10,150,23,0.0
500,2,10,150,23,0.3149471294089232
501,2,10,150,23,0.0
502,2,10,150,23,0.0
503,2,10,150,23,0.10779924386695157
504,2,10,150,23,0.2541560608935446
505,2,10,150,23,0.08189977426795961
506,2,10,150,23,0.14945336797942926
507,2,10,150,23,0.0
508,2,10,150,23,0.15850405713638674
509,2,10,150,23,0.0
510,2,10,150,23,0.0
511,2,10,150,23,0.0
512,2,10,150,23,0.04622440829742681
513,2,10,150,23,0.0
514,2,10,150,23,0.2572160228058166
515,2,10,150,23,0.0
516,2,10,150,23,0.0843142342558857
517,2,10,150,23,0.0
518,2,10,150,23,0.11365738921731916
519,2,10,150,23,0.0
520,2,10,150,23,0.0
521,2,10,150,23,0.0
522,2,10,150,23,0.0559167101555819
523,2,10,150,23,0.22626325555908136
524,2,10,150,23,0.1920278503150349
525,2,10,150,23,0.0
526,2,10,150,23,0.0
527,2,10,150,23,0.3890925701411937
528,2,10,150,23,0.09031879038481141
529,2,10,150,23,0.0
530,2,10,150,23,0.0
531,2,10,150,23,0.0
532,2,10,150,23,0.050216616680524157
533,2,10,150,23,0.03907612305998601
534,2,10,150,23,0.02831169742649504
535,2,10,150,23,0.26023000438552724
536,2,10,150,23,0.18587575571173814
537,2,10,150,23,0.35307533113533
538,2,10,150,23,0.035079093545523896
539,2,10,150,23,0.037286325438923226
540,2,10,150,23,0.0
541,2,10,150,23,0.06490403551612171
542,2,10,150,23,0.1251691312787074
543,2,10,150,23,0.06490403551612171
544,2,10,150,23,0.0
545,2,10,150,23,0.09666165046548127
546,2,10,150,23,0.0
547,2,10,150,23,0.0
548,2,10,150,23,0.05590529324231312
549,2,10,150,23,0.0
550,2,10,150,23,0.0
551,2,10,150,23,0.2451885079805484
552,2,10,150,23,0.029108658262576942
553,2,10,150,23,0.15248610003022328
554,2,10,150,23,0.08189977426795961
555,2,10,150,23,0.0382580635535654
556,2,10,150,23,0.09441834681022167
557,2,10,150,23,0.04470486007704452
558,2,10,150,23,0.265053101293003
559,2,10,150,23,0.035234027770431754
560,2,10,150,23,0.03322541746578526
561,2,10,150,23,0.10585392265010152
562,2,10,150,23,0.04187254809446048
563,2,10,150,23,0.0
564,2,10,150,23,0.0
565,2,10,150,23,0.19482612055561835
566,2,10,150,23,0.028695986104143326
567,2,10,150,23,0.03175761494935955
568,2,10,150,23,0.0
569,2,10,150,23,0.1467868763787456
570,2,10,150,23,0.0
571,2,10,150,23,0.0
572,2,10,150,23,0.0
573,2,10,150,23,0.0
574,2,10,150,23,0.0
575,2,10,150,23,0.0
576,2,10,150,23,0.0
577,2,10,150,23,0.11100843253053656
578,2,10,150,23,0.0
579,2,10,150,23,0.050649171032404884
580,2,10,150,23,0.13886244387355454
581,2,10,150,23,0.0
582,2,10,150,23,0.0
583,2,10,150,23,0.0
584,2,10,150,23,0.0
585,2,10,150,23,0.03322541746578526
586,2,10,150,23,0.11245775121587943
587,2,10,150,23,0.03459392809572638
588,2,10,150,23,0.0
589,2,10,150,23,0.0
590,2,10,150,23,0.06139304560474655
591,2,10,150,23,0.0
592,2,10,150,23,0.3455363068566153
593,2,10,150,23,0.0
594,2,10,150,23,0.0
595,2,10,150,23,0.0
596,2,10,150,23,0.0
597,2,10,150,23,0.0
598,2,10,150,23,0.0
599,2,10,150,23,0.0
600,2,10,150,23,0.0
601,2,10,150,23,0.040949887133979804
602,2,10,150,23,0.0
603,2,10,150,23,0.1435203717549576
604,2,10,150,23,0.0
605,2,10,150,23,0.1036806144573329
606,2,10,150,23,0.2560164394782754
607,2,10,150,23,0.08440880858250024
608,2,10,150,23,0.16488716457776734
609,2,10,150,23,0.0
610,2,10,150,23,0.11752277470724268
611,2,10,150,23,0.0
612,2,10,150,23,0.15130120674940672
613,2,10,150,23,0.0
614,2,10,150,23,0.0
615,2,10,150,23,0.09083374831253048
616,2,10,150,23,0.0
617,2,10,150,23,0.044257815106106525
618,2,10,150,23,0.21170784530020303
619,2,10,150,23,0.0
620,2,10,150,23,0.0
621,2,10,150,23,0.03055797694791982
622,2,10,150,23,0.12980807103224343
623,2,10,150,23,0.0
624,2,10,150,23,0.0536466452928127
625,2,10,150,23,0.0
626,2,10,150,23,0.0
627,2,10,150,23,0.0
628,2,10,150,23,0.0
629,2,10,150,23,0.19451610919980286
630,2,10,150,23,0.0
631,2,10,150,23,0.0
632,2,10,150,23,0.13439570003165963
633,2,10,150,23,0.07667481399289292
634,2,10,150,23,0.0
635,2,10,150,23,0.0
636,2,10,150,23,0.0
637,2,10,150,23,0.0
638,2,10,150,23,0.0
639,2,10,150,23,0.0
640,2,10,150,23,0.0
642,2,10,150,23,0.03175761494935955
643,2,10,150,23,0.0
644,2,10,150,23,0.0
645,2,10,150,23,0.09759501249802542
647,2,10,150,23,0.0
648,2,10,150,23,0.10215289012738041
649,2,10,150,23,1.0
650,2,10,150,23,0.0
651,2,10,150,23,0.0
653,2,10,150,23,0.0
654,2,10,150,23,0.0
655,2,10,150,23,0.11621678240839849
658,2,10,150,23,0.0
1,2,10,150,24,0.917349957285429
2,2,10,150,24,0.1083188688865055
3,2,10,150,24,0.0
4,2,10,150,24,0.0
5,2,10,150,24,0.06775202483017735
6,2,10,150,24,0.31614168767742934
7,2,10,150,24,0.1670865733599403
8,2,10,150,24,0.0
9,2,10,150,24,0.0
10,2,10,150,24,0.15567530441122998
11,2,10,150,24,0.1634107432622084
12,2,10,150,24,0.0
13,2,10,150,24,0.3460806949314305
14,2,10,150,24,0.06786785134613488
15,2,10,150,24,0.0
16,2,10,150,24,0.25670698785942136
17,2,10,150,24,0.0
18,2,10,150,24,0.36255761966946615
19,2,10,150,24,0.0
20,2,10,150,24,0.0
21,2,10,150,24,0.0
22,2,10,150,24,0.0
23,2,10,150,24,0.2635481356397085
24,2,10,150,24,0.06058493677293348
25,2,10,150,24,0.0
26,2,10,150,24,0.12627825946936164
27,2,10,150,24,0.0
28,2,10,150,24,0.043957020679722535
29,2,10,150,24,0.0
30,2,10,150,24,0.0
31,2,10,150,24,0.0
32,2,10,150,24,0.11781210270929884
33,2,10,150,24,0.0
34,2,10,150,24,0.0
35,2,10,150,24,0.0
36,2,10,150,24,0.0
37,2,10,150,24,0.0
38,2,10,150,24,0.0
39,2,10,150,24,0.0
40,2,10,150,24,0.17285639608669676
41,2,10,150,24,0.0
42,2,10,150,24,0.16150268913744306
43,2,10,150,24,0.06858615830262638
44,2,10,150,24,0.20433406942439813
45,2,10,150,24,0.0
46,2,10,150,24,0.10684080426179023
47,2,10,150,24,0.0
48,2,10,150,24,0.0316088333445714
49,2,10,150,24,0.035224429668081425
50,2,10,150,24,0.0
51,2,10,150,24,0.07984133538066794
52,2,10,150,24,0.0
53,2,10,150,24,0.12810519548676028
54,2,10,150,24,0.047934103497110726
55,2,10,150,24,0.0
56,2,10,150,24,0.2228670727569219
57,2,10,150,24,0.033166926134933924
58,2,10,150,24,0.0
59,2,10,150,24,0.40635223652948316
60,2,10,150,24,0.2847197385015404
61,2,10,150,24,0.0
62,2,10,150,24,0.2660170479267758
63,2,10,150,24,0.0763437499438357
64,2,10,150,24,0.07967271112843692
65,2,10,150,24,0.18154179097601578
66,2,10,150,24,0.0488146815731722
67,2,10,150,24,0.24630238874073
68,2,10,150,24,0.0
69,2,10,150,24,0.07474092615392174
70,2,10,150,24,0.036502603141236205
71,2,10,150,24,0.0
72,2,10,150,24,0.2802161536561624
73,2,10,150,24,0.232881323723998
74,2,10,150,24,0.17342765698823945
75,2,10,150,24,0.12627825946936164
76,2,10,150,24,0.1858487691177525
77,2,10,150,24,0.096890966577576
78,2,10,150,24,0.0
79,2,10,150,24,0.0
80,2,10,150,24,0.1744476820873323
81,2,10,150,24,0.0
82,2,10,150,24,0.0
83,2,10,150,24,0.03983635556421846
84,2,10,150,24,0.029136604147144557
85,2,10,150,24,0.40506591117428675
86,2,10,150,24,0.0
87,2,10,150,24,0.1683232567852118
88,2,10,150,24,0.0
89,2,10,150,24,0.12390786004571805
90,2,10,150,24,0.13155330513512686
91,2,10,150,24,0.0
92,2,10,150,24,0.1991751523337988
93,2,10,150,24,0.0
94,2,10,150,24,0.4298040021925581
95,2,10,150,24,0.1870712171362962
96,2,10,150,24,0.07651920817549171
97,2,10,150,24,0.15194751309721466
98,2,10,150,24,0.0
99,2,10,150,24,0.09726433351797534
100,2,10,150,24,0.0
101,2,10,150,24,0.0
102,2,10,150,24,0.09237809059080816
103,2,10,150,24,0.0
104,2,10,150,24,0.0
105,2,10,150,24,0.0
106,2,10,150,24,0.0
107,2,10,150,24,0.0
108,2,10,150,24,0.0
109,2,10,150,24,0.25413570009648306
110,2,10,150,24,0.05438508614776353
111,2,10,150,24,0.0
112,2,10,150,24,0.0
113,2,10,150,24,0.09588991474080252
114,2,10,150,24,0.0
115,2,10,150,24,0.14664330289943722
116,2,10,150,24,0.035224429668081425
117,2,10,150,24,0.0
118,2,10,150,24,0.048851099168414396
119,2,10,150,24,0.17490726951730926
120,2,10,150,24,0.361879195385413
121,2,10,150,24,0.0
122,2,10,150,24,0.08041927109478651
123,2,10,150,24,0.09942460513010813
124,2,10,150,24,0.05533181737932847
125,2,10,150,24,0.10368858719102578
126,2,10,150,24,0.0
127,2,10,150,24,0.0
128,2,10,150,24,0.027541830374730368
129,2,10,150,24,0.0
130,2,10,150,24,0.1098425857884528
131,2,10,150,24,0.13787232815362804
132,2,10,150,24,0.07667481399289292
133,2,10,150,24,0.0
134,2,10,150,24,0.0
135,2,10,150,24,0.0
136,2,10,150,24,0.0
137,2,10,150,24,0.0
138,2,10,150,24,0.10332949630181452
139,2,10,150,24,0.0
140,2,10,150,24,0.0
141,2,10,150,24,0.05796784077535325
142,2,10,150,24,0.0
143,2,10,150,24,0.0
144,2,10,150,24,0.2968948229226669
145,2,10,150,24,0.14670160976653715
146,2,10,150,24,0.0
147,2,10,150,24,0.0
148,2,10,150,24,0.0
149,2,10,150,24,0.0
150,2,10,150,24,0.0
151,2,10,150,24,0.19328258076543908
152,2,10,150,24,0.0
153,2,10,150,24,0.0
154,2,10,150,24,0.047978870624887156
155,2,10,150,24,0.0
156,2,10,150,24,0.0
157,2,10,150,24,0.036461566995213184
158,2,10,150,24,0.1513436959287387
159,2,10,150,24,0.0
160,2,10,150,24,0.09356952569859303
161,2,10,150,24,0.0
162,2,10,150,24,0.0
163,2,10,150,24,0.0
164,2,10,150,24,0.0
165,2,10,150,24,0.0
166,2,10,150,24,0.0
167,2,10,150,24,0.0
168,2,10,150,24,0.0
169,2,10,150,24,0.0
170,2,10,150,24,0.0
171,2,10,150,24,0.0
172,2,10,150,24,0.0
173,2,10,150,24,0.0
174,2,10,150,24,0.26538347821762814
175,2,10,150,24,0.22732566419594713
176,2,10,150,24,0.0
177,2,10,150,24,0.35871971600336566
178,2,10,150,24,0.2720779421678558
179,2,10,150,24,0.054384419234677496
180,2,10,150,24,0.05459112561892713
181,2,10,150,24,0.030894044636925338
182,2,10,150,24,0.0
183,2,10,150,24,0.0
184,2,10,150,24,0.20804615417103725
185,2,10,150,24,0.0
186,2,10,150,24,0.030868393892711742
187,2,10,150,24,0.043599246064372175
188,2,10,150,24,0.26990485040471895
189,2,10,150,24,0.06354154948703035
190,2,10,150,24,0.0
191,2,10,150,24,0.0
192,2,10,150,24,0.0
193,2,10,150,24,0.0
194,2,10,150,24,0.16250543948092264
195,2,10,150,24,0.02972702784351282
196,2,10,150,24,0.0
197,2,10,150,24,0.08148382673971448
198,2,10,150,24,0.04209275315645388
199,2,10,150,24,0.2529427027676571
200,2,10,150,24,0.25873637475892153
201,2,10,150,24,0.11950906669265537
202,2,10,150,24,0.27487633291429087
203,2,10,150,24,0.05947719272904215
204,2,10,150,24,0.0
205,2,10,150,24,0.1465996756793884
206,2,10,150,24,0.0
207,2,10,150,24,0.034125203783294505
208,2,10,150,24,0.05919139647768146
209,2,10,150,24,0.0
210,2,10,150,24,0.13840442340979672
211,2,10,150,24,0.0
212,2,10,150,24,0.0
213,2,10,150,24,0.033166926134933924
214,2,10,150,24,0.1275509495432107
215,2,10,150,24,0.028317119818948914
216,2,10,150,24,0.09235716777162616
217,2,10,150,24,0.04630610387058298
218,2,10,150,24,0.1023482199458735
219,2,10,150,24,0.0
220,2,10,150,24,0.0
221,2,10,150,24,0.1396899182004995
222,2,10,150,24,0.11456433236633572
223,2,10,150,24,0.0
224,2,10,150,24,0.033166926134933924
225,2,10,150,24,0.0
226,2,10,150,24,0.040334958690002705
227,2,10,150,24,0.035157344074502626
228,2,10,150,24,0.0
229,2,10,150,24,0.0
230,2,10,150,24,0.2517839886893826
231,2,10,150,24,0.3903800499921017
232,2,10,150,24,0.032014847745354055
233,2,10,150,24,0.10523188289113469
234,2,10,150,24,0.13721589281445074
235,2,10,150,24,0.05780464436672027
236,2,10,150,24,0.030894044636925338
237,2,10,150,24,0.15281870320130841
238,2,10,150,24,0.0
239,2,10,150,24,0.027192543073881765
240,2,10,150,24,0.0
241,2,10,150,24,0.0
242,2,10,150,24,0.0
243,2,10,150,24,0.23165732683700077
244,2,10,150,24,0.10950588484038859
245,2,10,150,24,0.0
246,2,10,150,24,0.12627825946936164
247,2,10,150,24,0.0
248,2,10,150,24,0.07947838320659593
249,2,10,150,24,0.26939586059815146
250,2,10,150,24,0.0
251,2,10,150,24,0.08407552883649581
252,2,10,150,24,0.13120507751234178
253,2,10,150,24,0.18577001727599782
254,2,10,150,24,0.3414905145241532
255,2,10,150,24,0.0
256,2,10,150,24,0.345268019106429
257,2,10,150,24,0.04759023790187059
258,2,10,150,24,0.0
259,2,10,150,24,0.0
260,2,10,150,24,0.0
261,2,10,150,24,0.0
262,2,10,150,24,0.07967271112843692
263,2,10,150,24,0.05860022069622703
264,2,10,150,24,0.10738271910249908
265,2,10,150,24,0.0
266,2,10,150,24,0.0
267,2,10,150,24,0.0564105811108271
268,2,10,150,24,0.2211317740311326
269,2,10,150,24,0.1080219663229298
270,2,10,150,24,0.09235716777162616
271,2,10,150,24,0.40147726351256036
272,2,10,150,24,0.21581995694207878
273,2,10,150,24,0.0
274,2,10,150,24,0.05829918151249392
275,2,10,150,24,0.04105877938688906
276,2,10,150,24,0.36383879567214
277,2,10,150,24,0.0
278,2,10,150,24,0.0
279,2,10,150,24,0.36476632521976265
280,2,10,150,24,0.09521588784864593
281,2,10,150,24,0.05516788910004661
282,2,10,150,24,0.0
283,2,10,150,24,0.0
284,2,10,150,24,0.0
285,2,10,150,24,0.15002687789384317
286,2,10,150,24,0.07676676843437329
287,2,10,150,24,0.0845667599404342
288,2,10,150,24,0.04143843208212992
289,2,10,150,24,0.0
290,2,10,150,24,0.03156956486734041
291,2,10,150,24,0.34350478735913254
292,2,10,150,24,0.27993220880117314
293,2,10,150,24,0.19306396348787597
294,2,10,150,24,0.06723158193746236
295,2,10,150,24,0.06495145751159424
296,2,10,150,24,0.027192543073881765
297,2,10,150,24,0.061484045953882835
298,2,10,150,24,0.3716538092831187
299,2,10,150,24,0.0654888600051331
300,2,10,150,24,0.0
301,2,10,150,24,0.22578814381482665
302,2,10,150,24,0.0
303,2,10,150,24,0.47019722891807586
304,2,10,150,24,0.0
305,2,10,150,24,0.2504552599828955
306,2,10,150,24,0.0
307,2,10,150,24,0.07806913720535973
308,2,10,150,24,0.2575086770351178
309,2,10,150,24,0.0
310,2,10,150,24,0.0
311,2,10,150,24,0.35225130927829057
312,2,10,150,24,0.12627825946936164
313,2,10,150,24,0.272206454050476
314,2,10,150,24,0.16868190990334672
315,2,10,150,24,0.04734667987788577
316,2,10,150,24,0.0
317,2,10,150,24,0.0
318,2,10,150,24,0.030894044636925338
319,2,10,150,24,0.0
320,2,10,150,24,0.06569476865063492
321,2,10,150,24,0.154380962570428
322,2,10,150,24,0.25103989828053624
323,2,10,150,24,0.0
324,2,10,150,24,0.04342547274117719
325,2,10,150,24,0.06117714551420346
326,2,10,150,24,0.11841448257614567
327,2,10,150,24,0.0
328,2,10,150,24,0.26498387421348457
329,2,10,150,24,0.0
330,2,10,150,24,0.034125203783294505
331,2,10,150,24,0.0
332,2,10,150,24,0.2832497119709352
333,2,10,150,24,0.0
334,2,10,150,24,0.2530391996508572
335,2,10,150,24,0.0
336,2,10,150,24,0.16377461440681443
337,2,10,150,24,0.07596161868673496
338,2,10,150,24,0.04105877938688906
339,2,10,150,24,0.28165874996231843
340,2,10,150,24,0.06194403202282284
341,2,10,150,24,0.0
342,2,10,150,24,0.24245357373903478
343,2,10,150,24,0.40745249087224156
344,2,10,150,24,0.22408245580893338
345,2,10,150,24,0.10243181630771214
346,2,10,150,24,0.44482095936391447
347,2,10,150,24,0.2408499998159576
348,2,10,150,24,0.0
349,2,10,150,24,0.163169180413793
350,2,10,150,24,0.052086392783128294
351,2,10,150,24,0.030979542277895667
352,2,10,150,24,0.21190253354810581
353,2,10,150,24,0.0
354,2,10,150,24,0.18452651921738242
355,2,10,150,24,0.0
356,2,10,150,24,0.05061430410615009
357,2,10,150,24,0.09088768928899973
358,2,10,150,24,0.0
359,2,10,150,24,0.0
360,2,10,150,24,0.2197004900813206
361,2,10,150,24,0.09760241604928456
362,2,10,150,24,0.0
363,2,10,150,24,0.2595076912185246
364,2,10,150,24,0.0
365,2,10,150,24,0.0
366,2,10,150,24,0.0
367,2,10,150,24,0.0
368,2,10,150,24,0.0
369,2,10,150,24,0.21386152848601384
370,2,10,150,24,0.03232193387019919
371,2,10,150,24,0.03591148888190114
372,2,10,150,24,0.0536466452928127
373,2,10,150,24,0.10019582477303415
374,2,10,150,24,0.2686731660757767
375,2,10,150,24,0.11611295864337252
376,2,10,150,24,0.0
377,2,10,150,24,0.2529427027676571
378,2,10,150,24,0.1031795973844583
379,2,10,150,24,0.17565058065634995
380,2,10,150,24,0.10523188289113469
381,2,10,150,24,0.07859535629769007
382,2,10,150,24,0.0493171240499355
383,2,10,150,24,0.0
384,2,10,150,24,0.0
385,2,10,150,24,0.2933730517970582
386,2,10,150,24,0.0
387,2,10,150,24,0.2629987005385204
388,2,10,150,24,0.0
389,2,10,150,24,0.3294168917083026
390,2,10,150,24,0.10466779365752882
391,2,10,150,24,0.14449243408862206
392,2,10,150,24,0.0
393,2,10,150,24,0.0
394,2,10,150,24,0.21567275558871055
395,2,10,150,24,0.03571967640542795
396,2,10,150,24,0.08006506288147622
397,2,10,150,24,0.11752421588244436
398,2,10,150,24,0.15309427405368045
399,2,10,150,24,0.04209275315645388
400,2,10,150,24,0.0
401,2,10,150,24,0.0
402,2,10,150,24,0.13531289640704086
403,2,10,150,24,0.13359023741301432
404,2,10,150,24,0.0
405,2,10,150,24,0.28748876817520314
406,2,10,150,24,0.39390656560765913
407,2,10,150,24,0.16402420284249802
408,2,10,150,24,0.0
409,2,10,150,24,0.19746772268534513
410,2,10,150,24,0.0
411,2,10,150,24,0.13359023741301432
412,2,10,150,24,0.041062015509212284
413,2,10,150,24,0.1637733768567814
414,2,10,150,24,0.0
415,2,10,150,24,0.11004588314904008
416,2,10,150,24,0.5272861841389482
417,2,10,150,24,0.4461423487111486
418,2,10,150,24,0.0
419,2,10,150,24,0.09817896789964464
420,2,10,150,24,0.04465281017341861
421,2,10,150,24,0.2803313985526819
422,2,10,150,24,0.06678570401851433
423,2,10,150,24,0.0
424,2,10,150,24,0.0
425,2,10,150,24,0.09932158969751777
426,2,10,150,24,0.0
427,2,10,150,24,0.0
428,2,10,150,24,0.0
429,2,10,150,24,0.49669164931138887
430,2,10,150,24,0.0906809601094112
431,2,10,150,24,0.0
432,2,10,150,24,0.040949887133979804
433,2,10,150,24,0.0475858026939827
434,2,10,150,24,0.06721369618029983
435,2,10,150,24,0.47139833606554016
436,2,10,150,24,0.03983635556421846
437,2,10,150,24,0.3244166996903714
438,2,10,150,24,0.11342455428465782
439,2,10,150,24,0.0
440,2,10,150,24,0.032014847745354055
441,2,10,150,24,0.1731866333482261
442,2,10,150,24,0.07062780692453072
443,2,10,150,24,0.0
444,2,10,150,24,0.0
445,2,10,150,24,0.0
446,2,10,150,24,0.028695986104143326
447,2,10,150,24,0.09600374205545967
448,2,10,150,24,0.0
449,2,10,150,24,0.09176714683116095
450,2,10,150,24,0.508106678716866
451,2,10,150,24,0.0
452,2,10,150,24,0.20920231781017368
453,2,10,150,24,0.18559638389102098
454,2,10,150,24,0.0
455,2,10,150,24,0.16820487211353505
456,2,10,150,24,0.17125948306783992
457,2,10,150,24,0.6061754326340377
458,2,10,150,24,0.3326408984373896
459,2,10,150,24,0.223401935091036
460,2,10,150,24,0.07967271112843692
461,2,10,150,24,0.0
462,2,10,150,24,0.0
463,2,10,150,24,0.27696934829956377
464,2,10,150,24,0.0
465,2,10,150,24,0.15605665346933864
466,2,10,150,24,0.12390162745833054
467,2,10,150,24,0.06754951183378939
468,2,10,150,24,0.26050232286350083
469,2,10,150,24,0.0
470,2,10,150,24,0.030894044636925338
471,2,10,150,24,0.0
472,2,10,150,24,0.2789377683911778
473,2,10,150,24,0.19978259035250553
474,2,10,150,24,0.4502383401914899
475,2,10,150,24,0.07311683844390994
476,2,10,150,24,0.027915669265958894
477,2,10,150,24,0.07075576072108061
478,2,10,150,24,0.1299024763736058
479,2,10,150,24,0.22015075356355798
480,2,10,150,24,0.13513870486171642
481,2,10,150,24,0.030283100877278122
482,2,10,150,24,0.0
483,2,10,150,24,0.030894044636925338
484,2,10,150,24,0.19306396348787597
485,2,10,150,24,0.0
486,2,10,150,24,0.036502603141236205
487,2,10,150,24,0.3926041081348034
488,2,10,150,24,0.0
489,2,10,150,24,0.0
490,2,10,150,24,0.08961728720334347
491,2,10,150,24,0.0
492,2,10,150,24,0.1338895448360617
493,2,10,150,24,0.15920672517746937
494,2,10,150,24,0.032405329729866005
495,2,10,150,24,0.08574060051796738
496,2,10,150,24,0.03983635556421846
497,2,10,150,24,0.21220594700961265
498,2,10,150,24,0.11199022890309522
499,2,10,150,24,0.0
500,2,10,150,24,0.30638291602647566
501,2,10,150,24,0.0
502,2,10,150,24,0.0
503,2,10,150,24,0.10486790828476761
504,2,10,150,24,0.24724491126020873
505,2,10,150,24,0.07967271112843692
506,2,10,150,24,0.1453893508331119
507,2,10,150,24,0.0
508,2,10,150,24,0.18138647180920228
509,2,10,150,24,0.0
510,2,10,150,24,0.0
511,2,10,150,24,0.0
512,2,10,150,24,0.04622440829742681
513,2,10,150,24,0.0
514,2,10,150,24,0.2502216650263769
515,2,10,150,24,0.0
516,2,10,150,24,0.0843142342558857
517,2,10,150,24,0.0
518,2,10,150,24,0.11056675576536225
519,2,10,150,24,0.0
520,2,10,150,24,0.0
521,2,10,150,24,0.0
522,2,10,150,24,0.0559167101555819
523,2,10,150,24,0.22011058223625432
524,2,10,150,24,0.18680612472395836
525,2,10,150,24,0.0
526,2,10,150,24,0.0
527,2,10,150,24,0.3785121536679019
528,2,10,150,24,0.09031879038481141
529,2,10,150,24,0.0
530,2,10,150,24,0.0
531,2,10,150,24,0.0
532,2,10,150,24,0.048851099168414396
533,2,10,150,24,0.0652060869743988
534,2,10,150,24,0.027541830374730368
535,2,10,150,24,0.2803462318560391
536,2,10,150,24,0.1808213212181564
537,2,10,150,24,0.37066685805898925
538,2,10,150,24,0.034125203783294505
539,2,10,150,24,0.037286325438923226
540,2,10,150,24,0.0
541,2,10,150,24,0.06313912973468082
542,2,10,150,24,0.1217654642848908
543,2,10,150,24,0.06313912973468082
544,2,10,150,24,0.0
545,2,10,150,24,0.09403317437160616
546,2,10,150,24,0.0
547,2,10,150,24,0.0
548,2,10,150,24,0.05438508614776353
549,2,10,150,24,0.0
550,2,10,150,24,0.0
551,2,10,150,24,0.2385212089160665
552,2,10,150,24,0.028317119818948914
553,2,10,150,24,0.1483396151869832
554,2,10,150,24,0.07967271112843692
555,2,10,150,24,0.0382580635535654
556,2,10,150,24,0.09441834681022167
557,2,10,150,24,0.04470486007704452
558,2,10,150,24,0.265053101293003
559,2,10,150,24,0.035234027770431754
560,2,10,150,24,0.03232193387019919
561,2,10,150,24,0.10297548529889929
562,2,10,150,24,0.04187254809446048
563,2,10,150,24,0.0
564,2,10,150,24,0.0
565,2,10,150,24,0.19482612055561835
566,2,10,150,24,0.027915669265958894
567,2,10,150,24,0.030894044636925338
568,2,10,150,24,0.0
569,2,10,150,24,0.1467868763787456
570,2,10,150,24,0.0
571,2,10,150,24,0.0
572,2,10,150,24,0.0
573,2,10,150,24,0.0
574,2,10,150,24,0.0
575,2,10,150,24,0.0
576,2,10,150,24,0.0
577,2,10,150,24,0.10798983094738585
578,2,10,150,24,0.0
579,2,10,150,24,0.050649171032404884
580,2,10,150,24,0.13886244387355454
581,2,10,150,24,0.0
582,2,10,150,24,0.0
583,2,10,150,24,0.0
584,2,10,150,24,0.0
585,2,10,150,24,0.03322541746578526
586,2,10,150,24,0.10939973897194974
587,2,10,150,24,0.03459392809572638
588,2,10,150,24,0.0
589,2,10,150,24,0.0
590,2,10,150,24,0.06139304560474655
591,2,10,150,24,0.0
592,2,10,150,24,0.3361402959488267
593,2,10,150,24,0.0
594,2,10,150,24,0.0
595,2,10,150,24,0.0
596,2,10,150,24,0.0
597,2,10,150,24,0.0
598,2,10,150,24,0.0
599,2,10,150,24,0.0
600,2,10,150,24,0.0
601,2,10,150,24,0.03983635556421846
602,2,10,150,24,0.0
603,2,10,150,24,0.1435203717549576
604,2,10,150,24,0.0
605,2,10,150,24,0.1036806144573329
606,2,10,150,24,0.24905470142014052
607,2,10,150,24,0.08440880858250024
608,2,10,150,24,0.16040346325265617
609,2,10,150,24,0.0
610,2,10,150,24,0.11752277470724268
611,2,10,150,24,0.0
612,2,10,150,24,0.15130120674940672
613,2,10,150,24,0.0
614,2,10,150,24,0.0
615,2,10,150,24,0.09083374831253048
616,2,10,150,24,0.0
617,2,10,150,24,0.044257815106106525
618,2,10,150,24,0.20595097059779857
619,2,10,150,24,0.0
620,2,10,150,24,0.0
621,2,10,150,24,0.02972702784351282
622,2,10,150,24,0.12627825946936164
623,2,10,150,24,0.0
624,2,10,150,24,0.0536466452928127
625,2,10,150,24,0.0
626,2,10,150,24,0.0
627,2,10,150,24,0.0
628,2,10,150,24,0.0
629,2,10,150,24,0.19451610919980286
630,2,10,150,24,0.0
631,2,10,150,24,0.0
632,2,10,150,24,0.13439570003165963
633,2,10,150,24,0.07667481399289292
634,2,10,150,24,0.0
635,2,10,150,24,0.0
636,2,10,150,24,0.0
637,2,10,150,24,0.0
638,2,10,150,24,0.0
639,2,10,150,24,0.0
640,2,10,150,24,0.0
642,2,10,150,24,0.030894044636925338
643,2,10,150,24,0.0
644,2,10,150,24,0.0
645,2,10,150,24,0.09759501249802542
647,2,10,150,24,0.0
648,2,10,150,24,0.10215289012738041
649,2,10,150,24,1.0
650,2,10,150,24,0.0
651,2,10,150,24,0.0
653,2,10,150,24,0.0
654,2,10,150,24,0.0
655,2,10,150,24,0.11621678240839849
658,2,10,150,24,0.0
1,2,10,150,25,0.8933499314982073
2,2,10,150,25,0.1083188688865055
3,2,10,150,25,0.0
4,2,10,150,25,0.0
5,2,10,150,25,0.0659794730028764
6,2,10,150,25,0.30787067987237493
7,2,10,150,25,0.18887754152768046
8,2,10,150,25,0.0
9,2,10,150,25,0.0
10,2,10,150,25,0.15160247343693192
11,2,10,150,25,0.15913553507033423
12,2,10,150,25,0.0
13,2,10,150,25,0.3370264124988107
14,2,10,150,25,0.06786785134613488
15,2,10,150,25,0.0
16,2,10,150,25,0.2499909311577703
17,2,10,150,25,0.0
18,2,10,150,25,0.3530722622523583
19,2,10,150,25,0.0
20,2,10,150,25,0.0
21,2,10,150,25,0.0
22,2,10,150,25,0.0
23,2,10,150,25,0.2566530984717293
24,2,10,150,25,0.06058493677293348
25,2,10,150,25,0.0
26,2,10,150,25,0.12297452411780795
27,2,10,150,25,0.0
28,2,10,150,25,0.043957020679722535
29,2,10,150,25,0.0
30,2,10,150,25,0.0
31,2,10,150,25,0.0
32,2,10,150,25,0.11781210270929884
33,2,10,150,25,0.0
34,2,10,150,25,0.0
35,2,10,150,25,0.0
36,2,10,150,25,0.0
37,2,10,150,25,0.0
38,2,10,150,25,0.0
39,2,10,150,25,0.0
40,2,10,150,25,0.17285639608669676
41,2,10,150,25,0.0
42,2,10,150,25,0.15727740011527522
43,2,10,150,25,0.06679178358789868
44,2,10,150,25,0.19898821106745743
45,2,10,150,25,0.0
46,2,10,150,25,0.10684080426179023
47,2,10,150,25,0.0
48,2,10,150,25,0.0316088333445714
49,2,10,150,25,0.03430287599746726
50,2,10,150,25,0.0
51,2,10,150,25,0.07984133538066794
52,2,10,150,25,0.0
53,2,10,150,25,0.12810519548676028
54,2,10,150,25,0.047934103497110726
55,2,10,150,25,0.0
56,2,10,150,25,0.21703634757858686
57,2,10,150,25,0.0322992015809624
58,2,10,150,25,0.02616234469366652
59,2,10,150,25,0.39572110925035653
60,2,10,150,25,0.2772708025617725
61,2,10,150,25,0.0
62,2,10,150,25,0.2590574182245238
63,2,10,150,25,0.0763437499438357
64,2,10,150,25,0.07758828619721583
65,2,10,150,25,0.18154179097601578
66,2,10,150,25,0.0488146815731722
67,2,10,150,25,0.24630238874073
68,2,10,150,25,0.0
69,2,10,150,25,0.10495938403254562
70,2,10,150,25,0.03554760945563907
71,2,10,150,25,0.0
72,2,10,150,25,0.2728850420554764
73,2,10,150,25,0.232881323723998
74,2,10,150,25,0.17342765698823945
75,2,10,150,25,0.12297452411780795
76,2,10,150,25,0.1858487691177525
77,2,10,150,25,0.096890966577576
78,2,10,150,25,0.0
79,2,10,150,25,0.0
80,2,10,150,25,0.1744476820873323
81,2,10,150,25,0.0
82,2,10,150,25,0.0
83,2,10,150,25,0.06495648779227443
84,2,10,150,25,0.029136604147144557
85,2,10,150,25,0.3944684371824909
86,2,10,150,25,0.0
87,2,10,150,25,0.16391952572123653
88,2,10,150,25,0.0
89,2,10,150,25,0.12390786004571805
90,2,10,150,25,0.12811156222059056
91,2,10,150,25,0.0
92,2,10,150,25,0.19396426334402841
93,2,10,150,25,0.0
94,2,10,150,25,0.4447216664301455
95,2,10,150,25,0.1821769954713127
96,2,10,150,25,0.07651920817549171
97,2,10,150,25,0.15194751309721466
98,2,10,150,25,0.0
99,2,10,150,25,0.09471967049807832
100,2,10,150,25,0.0
101,2,10,150,25,0.0
102,2,10,150,25,0.08996126314262869
103,2,10,150,25,0.0
104,2,10,150,25,0.0
105,2,10,150,25,0.0
106,2,10,150,25,0.0
107,2,10,150,25,0.0
108,2,10,150,25,0.0
109,2,10,150,25,0.24748691431159262
110,2,10,150,25,0.052962244777770985
111,2,10,150,25,0.0
112,2,10,150,25,0.0
113,2,10,150,25,0.13766429066598598
114,2,10,150,25,0.0
115,2,10,150,25,0.14664330289943722
116,2,10,150,25,0.03430287599746726
117,2,10,150,25,0.0
118,2,10,150,25,0.04757303987330585
119,2,10,150,25,0.1703312852427694
120,2,10,150,25,0.361879195385413
121,2,10,150,25,0.03232623375868038
122,2,10,150,25,0.08041927109478651
123,2,10,150,25,0.09942460513010813
124,2,10,150,25,0.05533181737932847
125,2,10,150,25,0.12713819532580137
126,2,10,150,25,0.0
127,2,10,150,25,0.0
128,2,10,150,25,0.026821271514972177
129,2,10,150,25,0.0
130,2,10,150,25,0.10696884619701165
131,2,10,150,25,0.13787232815362804
132,2,10,150,25,0.07667481399289292
133,2,10,150,25,0.0
134,2,10,150,25,0.0
135,2,10,150,25,0.0
136,2,10,150,25,0.0
137,2,10,150,25,0.0
138,2,10,150,25,0.10332949630181452
139,2,10,150,25,0.0
140,2,10,150,25,0.0
141,2,10,150,25,0.056451266143840884
142,2,10,150,25,0.0
143,2,10,150,25,0.0
144,2,10,150,25,0.289127358227599
145,2,10,150,25,0.14286355168470924
146,2,10,150,25,0.0
147,2,10,150,25,0.0
148,2,10,150,25,0.046823654699505654
149,2,10,150,25,0.05381256178894041
150,2,10,150,25,0.0
151,2,10,150,25,0.1882258552641722
152,2,10,150,25,0.0
153,2,10,150,25,0.0
154,2,10,150,25,0.047978870624887156
155,2,10,150,25,0.0
156,2,10,150,25,0.06437746926759551
157,2,10,150,25,0.036461566995213184
158,2,10,150,25,0.1473841899886376
159,2,10,150,25,0.0
160,2,10,150,25,0.09112152751444355
161,2,10,150,25,0.0
162,2,10,150,25,0.0
163,2,10,150,25,0.0
164,2,10,150,25,0.0
165,2,10,150,25,0.0
166,2,10,150,25,0.0
167,2,10,150,25,0.0
168,2,10,150,25,0.0
169,2,10,150,25,0.0
170,2,10,150,25,0.0
171,2,10,150,25,0.0
172,2,10,150,25,0.0
173,2,10,150,25,0.0
174,2,10,150,25,0.25844042418449437
175,2,10,150,25,0.22732566419594713
176,2,10,150,25,0.0
177,2,10,150,25,0.34933476714487144
178,2,10,150,25,0.2649597452613169
179,2,10,150,25,0.054384419234677496
180,2,10,150,25,0.05459112561892713
181,2,10,150,25,0.030085783992152577
182,2,10,150,25,0.0
183,2,10,150,25,0.0
184,2,10,150,25,0.20260317897342286
185,2,10,150,25,0.0
186,2,10,150,25,0.030868393892711742
187,2,10,150,25,0.043599246064372175
188,2,10,150,25,0.26990485040471895
189,2,10,150,25,0.0880414982606475
190,2,10,150,25,0.0
191,2,10,150,25,0.0
192,2,10,150,25,0.0
193,2,10,150,25,0.0
194,2,10,150,25,0.15825391615862697
195,2,10,150,25,0.028949299094352617
196,2,10,150,25,0.0
197,2,10,150,25,0.07935201877759106
198,2,10,150,25,0.04099150803926931
199,2,10,150,25,0.2529427027676571
200,2,10,150,25,0.25196722453768894
201,2,10,150,25,0.11638242929582374
202,2,10,150,25,0.27487633291429087
203,2,10,150,25,0.05947719272904215
204,2,10,150,25,0.0
205,2,10,150,25,0.1465996756793884
206,2,10,150,25,0.0
207,2,10,150,25,0.03323240843917434
208,2,10,150,25,0.05919139647768146
209,2,10,150,25,0.0
210,2,10,150,25,0.13478343917742144
211,2,10,150,25,0.0
212,2,10,150,25,0.0
213,2,10,150,25,0.0322992015809624
214,2,10,150,25,0.15037626232892326
215,2,10,150,25,0.027576277569513717
216,2,10,150,25,0.08994088771345408
217,2,10,150,25,0.04630610387058298
218,2,10,150,25,0.1023482199458735
219,2,10,150,25,0.0
220,2,10,150,25,0.0
221,2,10,150,25,0.13603530241030795
222,2,10,150,25,0.11156706081336787
223,2,10,150,25,0.0
224,2,10,150,25,0.0322992015809624
225,2,10,150,25,0.0
226,2,10,150,25,0.07386039040058112
227,2,10,150,25,0.035157344074502626
228,2,10,150,25,0.0
229,2,10,150,25,0.0
230,2,10,150,25,0.27135907388261127
231,2,10,150,25,0.3903800499921017
232,2,10,150,25,0.032014847745354055
233,2,10,150,25,0.10247877009817327
234,2,10,150,25,0.13362600332918986
235,2,10,150,25,0.05780464436672027
236,2,10,150,25,0.030085783992152577
237,2,10,150,25,0.18766084280469636
238,2,10,150,25,0.0
239,2,10,150,25,0.026481122388885493
240,2,10,150,25,0.0
241,2,10,150,25,0.0
242,2,10,150,25,0.0
243,2,10,150,25,0.23165732683700077
244,2,10,150,25,0.10664095413520938
245,2,10,150,25,0.0
246,2,10,150,25,0.14913686881147448
247,2,10,150,25,0.0
248,2,10,150,25,0.07947838320659593
249,2,10,150,25,0.26234783323413563
250,2,10,150,25,0.0
251,2,10,150,25,0.10803826056443963
252,2,10,150,25,0.13120507751234178
253,2,10,150,25,0.18090983805027477
254,2,10,150,25,0.3325563219735547
255,2,10,150,25,0.0
256,2,10,150,25,0.33623499817886715
257,2,10,150,25,0.04759023790187059
258,2,10,150,25,0.0
259,2,10,150,25,0.0
260,2,10,150,25,0.0
261,2,10,150,25,0.0
262,2,10,150,25,0.07758828619721583
263,2,10,150,25,0.057067101523247406
264,2,10,150,25,0.10457333539119631
265,2,10,150,25,0.0
266,2,10,150,25,0.0
267,2,10,150,25,0.05493474804343561
268,2,10,150,25,0.2153464483362081
269,2,10,150,25,0.10519585840550168
270,2,10,150,25,0.08994088771345408
271,2,10,150,25,0.3909736769578747
272,2,10,150,25,0.21581995694207878
273,2,10,150,25,0.0
274,2,10,150,25,0.05829918151249392
275,2,10,150,25,0.04105877938688906
276,2,10,150,25,0.3543199196868369
277,2,10,150,25,0.0
278,2,10,150,25,0.0
279,2,10,150,25,0.3552231828867211
280,2,10,150,25,0.09272481697043615
281,2,10,150,25,0.05516788910004661
282,2,10,150,25,0.0
283,2,10,150,25,0.0
284,2,10,150,25,0.0
285,2,10,150,25,0.15002687789384317
286,2,10,150,25,0.07475836977757433
287,2,10,150,25,0.0845667599404342
288,2,10,150,25,0.04143843208212992
289,2,10,150,25,0.0
290,2,10,150,25,0.030743631029451986
291,2,10,150,25,0.3345178967083183
292,2,10,150,25,0.27993220880117314
293,2,10,150,25,0.1880129575271807
294,2,10,150,25,0.06547264611651397
295,2,10,150,25,0.06325217509181988
296,2,10,150,25,0.026481122388885493
297,2,10,150,25,0.05987547915047612
298,2,10,150,25,0.3619304742179395
299,2,10,150,25,0.06377551787608354
300,2,10,150,25,0.0
301,2,10,150,25,0.2198809965686
302,2,10,150,25,0.0
303,2,10,150,25,0.45789576694111433
304,2,10,150,25,0.0
305,2,10,150,25,0.24390276314088105
306,2,10,150,25,0.0
307,2,10,150,25,0.07806913720535973
308,2,10,150,25,0.250771646264915
309,2,10,150,25,0.0
310,2,10,150,25,0.0
311,2,10,150,25,0.3691979337998231
312,2,10,150,25,0.12297452411780795
313,2,10,150,25,0.26508489497176674
314,2,10,150,25,0.16426879563286936
315,2,10,150,25,0.04734667987788577
316,2,10,150,25,0.0
317,2,10,150,25,0.0
318,2,10,150,25,0.030085783992152577
319,2,10,150,25,0.0
320,2,10,150,25,0.06397603946862633
321,2,10,150,25,0.15034199461352044
322,2,10,150,25,0.28733633616913373
323,2,10,150,25,0.0
324,2,10,150,25,0.04342547274117719
325,2,10,150,25,0.05957660794588627
326,2,10,150,25,0.11531648206626638
327,2,10,150,25,0.0
328,2,10,150,25,0.25805127475804823
329,2,10,150,25,0.0
330,2,10,150,25,0.03323240843917434
331,2,10,150,25,0.0
332,2,10,150,25,0.2758392353719698
333,2,10,150,25,0.0
334,2,10,150,25,0.24641910088858193
335,2,10,150,25,0.0
336,2,10,150,25,0.15948988649263102
337,2,10,150,25,0.07596161868673496
338,2,10,150,25,0.07127723726551295
339,2,10,150,25,0.30045224135348353
340,2,10,150,25,0.10371840794800628
341,2,10,150,25,0.0
342,2,10,150,25,0.23611041977066283
343,2,10,150,25,0.39679257835974896
344,2,10,150,25,0.21821993336025675
345,2,10,150,25,0.09975195982187143
346,2,10,150,25,0.43318340009806827
347,2,10,150,25,0.23454879910130297
348,2,10,150,25,0.0
349,2,10,150,25,0.163169180413793
350,2,10,150,25,0.052086392783128294
351,2,10,150,25,0.030979542277895667
352,2,10,150,25,0.21190253354810581
353,2,10,150,25,0.0
354,2,10,150,25,0.17969887281649477
355,2,10,150,25,0.0
356,2,10,150,25,0.10061931714936387
357,2,10,150,25,0.08850985423341007
358,2,10,150,25,0.0
359,2,10,150,25,0.0
360,2,10,150,25,0.2139526101304456
361,2,10,150,25,0.09504890799766852
362,2,10,150,25,0.0
363,2,10,150,25,0.252718361550208
364,2,10,150,25,0.0
365,2,10,150,25,0.0
366,2,10,150,25,0.0
367,2,10,150,25,0.0
368,2,10,150,25,0.0
369,2,10,150,25,0.21386152848601384
370,2,10,150,25,0.03147631629512114
371,2,10,150,25,0.03591148888190114
372,2,10,150,25,0.0536466452928127
373,2,10,150,25,0.12373681176212234
374,2,10,150,25,0.26164404609496345
375,2,10,150,25,0.11611295864337252
376,2,10,150,25,0.0
377,2,10,150,25,0.3067552645565975
378,2,10,150,25,0.10048017719233235
379,2,10,150,25,0.17105514961957585
380,2,10,150,25,0.10247877009817327
381,2,10,150,25,0.07653911749490837
382,2,10,150,25,0.0493171240499355
383,2,10,150,25,0.0
384,2,10,150,25,0.0
385,2,10,150,25,0.28569772489211065
386,2,10,150,25,0.0
387,2,10,150,25,0.25611803788104526
388,2,10,150,25,0.0
389,2,10,150,25,0.32079857343951373
390,2,10,150,25,0.10466779365752882
391,2,10,150,25,0.16687451791603514
392,2,10,150,25,0.02616234469366652
393,2,10,150,25,0.0
394,2,10,150,25,0.23619259530963232
395,2,10,150,25,0.03571967640542795
396,2,10,150,25,0.08006506288147622
397,2,10,150,25,0.14061185153034148
398,2,10,150,25,0.1490889688852614
399,2,10,150,25,0.04099150803926931
400,2,10,150,25,0.0
401,2,10,150,25,0.0
402,2,10,150,25,0.13177279376974144
403,2,10,150,25,0.16201103321588997
404,2,10,150,25,0.0
405,2,10,150,25,0.2799673879266459
406,2,10,150,25,0.38360104626113317
407,2,10,150,25,0.15973294510962868
408,2,10,150,25,0.0
409,2,10,150,25,0.19230150405857777
410,2,10,150,25,0.0
411,2,10,150,25,0.13359023741301432
412,2,10,150,25,0.041062015509212284
413,2,10,150,25,0.1637733768567814
414,2,10,150,25,0.0
415,2,10,150,25,0.11004588314904008
416,2,10,150,25,0.5396534859309634
417,2,10,150,25,0.43447021880172554
418,2,10,150,25,0.0
419,2,10,150,25,0.09817896789964464
420,2,10,150,25,0.04465281017341861
421,2,10,150,25,0.27299727187528905
422,2,10,150,25,0.06503843340937276
423,2,10,150,25,0.0
424,2,10,150,25,0.0
425,2,10,150,25,0.09672310403232838
426,2,10,150,25,0.0
427,2,10,150,25,0.0
428,2,10,150,25,0.0
429,2,10,150,25,0.48369703117563856
430,2,10,150,25,0.08830853357387615
431,2,10,150,25,0.0
432,2,10,150,25,0.040949887133979804
433,2,10,150,25,0.07600659849685834
434,2,10,150,25,0.06721369618029983
435,2,10,150,25,0.48522779500303914
436,2,10,150,25,0.03879414309860792
437,2,10,150,25,0.31592919816869014
438,2,10,150,25,0.11342455428465782
439,2,10,150,25,0.0
440,2,10,150,25,0.032014847745354055
441,2,10,150,25,0.1731866333482261
442,2,10,150,25,0.06878001789481342
443,2,10,150,25,0.0
444,2,10,150,25,0.0
445,2,10,150,25,0.0
446,2,10,150,25,0.028695986104143326
447,2,10,150,25,0.09349205906392287
448,2,10,150,25,0.0
449,2,10,150,25,0.08936630310420982
450,2,10,150,25,0.49481341664712125
451,2,10,150,25,0.0
452,2,10,150,25,0.20372909466090994
453,2,10,150,25,0.180740747321766
454,2,10,150,25,0.0
455,2,10,150,25,0.16380423827014662
456,2,10,150,25,0.16677893343975994
457,2,10,150,25,0.6164788067143001
458,2,10,150,25,0.32393823259325966
459,2,10,150,25,0.2175572166599522
460,2,10,150,25,0.07758828619721583
461,2,10,150,25,0.0
462,2,10,150,25,0.0
463,2,10,150,25,0.2958855254334369
464,2,10,150,25,0.0
465,2,10,150,25,0.15197384550953374
466,2,10,150,25,0.12066007037265944
467,2,10,150,25,0.06754951183378939
468,2,10,150,25,0.27984931599291163
469,2,10,150,25,0.028420795802875647
470,2,10,150,25,0.030085783992152577
471,2,10,150,25,0.0
472,2,10,150,25,0.27164010234644564
473,2,10,150,25,0.19978259035250553
474,2,10,150,25,0.4384590495410958
475,2,10,150,25,0.07311683844390994
476,2,10,150,25,0.02718532990426848
477,2,10,150,25,0.07075576072108061
478,2,10,150,25,0.12650392301015864
479,2,10,150,25,0.21439109366425774
480,2,10,150,25,0.13513870486171642
481,2,10,150,25,0.029490823953733692
482,2,10,150,25,0.0
483,2,10,150,25,0.030085783992152577
484,2,10,150,25,0.2141753022208472
485,2,10,150,25,0.0
486,2,10,150,25,0.03554760945563907
487,2,10,150,25,0.38233266412963113
488,2,10,150,25,0.0
489,2,10,150,25,0.0
490,2,10,150,25,0.08961728720334347
491,2,10,150,25,0.0
492,2,10,150,25,0.1338895448360617
493,2,10,150,25,0.15504150395582655
494,2,10,150,25,0.032405329729866005
495,2,10,150,25,0.08349742537297435
496,2,10,150,25,0.03879414309860792
497,2,10,150,25,0.2066541418779012
498,2,10,150,25,0.10906030193220982
499,2,10,150,25,0.0
500,2,10,150,25,0.2983672205691403
501,2,10,150,25,0.0
502,2,10,150,25,0.0
503,2,10,150,25,0.1021243179209177
504,2,10,150,25,0.24077640466806416
505,2,10,150,25,0.07758828619721583
506,2,10,150,25,0.14158562452182763
507,2,10,150,25,0.0
508,2,10,150,25,0.1766409764109619
509,2,10,150,25,0.0
510,2,10,150,25,0.0
511,2,10,150,25,0.0
512,2,10,150,25,0.04622440829742681
513,2,10,150,25,0.0
514,2,10,150,25,0.24367527957613366
515,2,10,150,25,0.0
516,2,10,150,25,0.0843142342558857
517,2,10,150,25,0.0
518,2,10,150,25,0.10767407018936839
519,2,10,150,25,0.0
520,2,10,150,25,0.0
521,2,10,150,25,0.0
522,2,10,150,25,0.0559167101555819
523,2,10,150,25,0.2405143180067323
524,2,10,150,25,0.18191883849804208
525,2,10,150,25,0.0
526,2,10,150,25,0.0
527,2,10,150,25,0.3686093882329002
528,2,10,150,25,0.09031879038481141
529,2,10,150,25,0.0
530,2,10,150,25,0.0
531,2,10,150,25,0.0
532,2,10,150,25,0.04757303987330585
533,2,10,150,25,0.06350014285084937
534,2,10,150,25,0.026821271514972177
535,2,10,150,25,0.29917406179831735
536,2,10,150,25,0.17609061148448277
537,2,10,150,25,0.3871316886455981
538,2,10,150,25,0.03323240843917434
539,2,10,150,25,0.037286325438923226
540,2,10,150,25,0.0
541,2,10,150,25,0.06148726205890397
542,2,10,150,25,0.11857979423648513
543,2,10,150,25,0.06148726205890397
544,2,10,150,25,0.0
545,2,10,150,25,0.09157304605105654
546,2,10,150,25,0.0
547,2,10,150,25,0.0
548,2,10,150,25,0.052962244777770985
549,2,10,150,25,0.0
550,2,10,150,25,0.0
551,2,10,150,25,0.2584432795253208
552,2,10,150,25,0.027576277569513717
553,2,10,150,25,0.14445870304273548
554,2,10,150,25,0.07758828619721583
555,2,10,150,25,0.0382580635535654
556,2,10,150,25,0.09441834681022167
557,2,10,150,25,0.04470486007704452
558,2,10,150,25,0.265053101293003
559,2,10,150,25,0.035234027770431754
560,2,10,150,25,0.03147631629512114
561,2,10,150,25,0.10028140515751188
562,2,10,150,25,0.04187254809446048
563,2,10,150,25,0.0
564,2,10,150,25,0.0
565,2,10,150,25,0.19482612055561835
566,2,10,150,25,0.02718532990426848
567,2,10,150,25,0.030085783992152577
568,2,10,150,25,0.0
569,2,10,150,25,0.1467868763787456
570,2,10,150,25,0.0
571,2,10,150,25,0.0
572,2,10,150,25,0.0
573,2,10,150,25,0.0
574,2,10,150,25,0.0
575,2,10,150,25,0.0
576,2,10,150,25,0.0
577,2,10,150,25,0.10516456376672954
578,2,10,150,25,0.0
579,2,10,150,25,0.08297540479108526
580,2,10,150,25,0.13886244387355454
581,2,10,150,25,0.0
582,2,10,150,25,0.0
583,2,10,150,25,0.0
584,2,10,150,25,0.0
585,2,10,150,25,0.03322541746578526
586,2,10,150,25,0.10653758529156844
587,2,10,150,25,0.03459392809572638
588,2,10,150,25,0.0
589,2,10,150,25,0.0
590,2,10,150,25,0.06139304560474655
591,2,10,150,25,0.0
592,2,10,150,25,0.32734607766078244
593,2,10,150,25,0.0
594,2,10,150,25,0.0
595,2,10,150,25,0.0
596,2,10,150,25,0.0
597,2,10,150,25,0.0
598,2,10,150,25,0.0
599,2,10,150,25,0.0
600,2,10,150,25,0.0
601,2,10,150,25,0.03879414309860792
602,2,10,150,25,0.0
603,2,10,150,25,0.1435203717549576
604,2,10,150,25,0.0
605,2,10,150,25,0.1477958975689036
606,2,10,150,25,0.2425388464740086
607,2,10,150,25,0.08440880858250024
608,2,10,150,25,0.1562069325569823
609,2,10,150,25,0.0
610,2,10,150,25,0.11752277470724268
611,2,10,150,25,0.0
612,2,10,150,25,0.15130120674940672
613,2,10,150,25,0.0
614,2,10,150,25,0.0
615,2,10,150,25,0.09083374831253048
616,2,10,150,25,0.0
617,2,10,150,25,0.044257815106106525
618,2,10,150,25,0.20056281031502377
619,2,10,150,25,0.0
620,2,10,150,25,0.0
621,2,10,150,25,0.028949299094352617
622,2,10,150,25,0.12297452411780795
623,2,10,150,25,0.0
624,2,10,150,25,0.0536466452928127
625,2,10,150,25,0.0
626,2,10,150,25,0.0
627,2,10,150,25,0.0
628,2,10,150,25,0.0
629,2,10,150,25,0.19451610919980286
630,2,10,150,25,0.0
631,2,10,150,25,0.0
632,2,10,150,25,0.13439570003165963
633,2,10,150,25,0.07667481399289292
634,2,10,150,25,0.0
635,2,10,150,25,0.0
636,2,10,150,25,0.0
637,2,10,150,25,0.0
638,2,10,150,25,0.0
639,2,10,150,25,0.0
640,2,10,150,25,0.0
642,2,10,150,25,0.030085783992152577
643,2,10,150,25,0.0
644,2,10,150,25,0.0
645,2,10,150,25,0.09759501249802542
647,2,10,150,25,0.0
648,2,10,150,25,0.10215289012738041
649,2,10,150,25,1.0
650,2,10,150,25,0.0
651,2,10,150,25,0.0
653,2,10,150,25,0.0
654,2,10,150,25,0.0
655,2,10,150,25,0.11621678240839849
658,2,10,150,25,0.0
1,2,10,150,26,0.8708279162987693
2,2,10,150,26,0.1083188688865055
3,2,10,150,26,0.0
4,2,10,150,26,0.0
5,2,10,150,26,0.0895268241179512
6,2,10,150,26,0.3001090313995101
7,2,10,150,26,0.20932654106774004
8,2,10,150,26,0.0
9,2,10,150,26,0.0
10,2,10,150,26,0.14778046249739693
11,2,10,150,26,0.15512361005276126
12,2,10,150,26,0.0
13,2,10,150,26,0.35374046898223893
14,2,10,150,26,0.06786785134613488
15,2,10,150,26,0.0
16,2,10,150,26,0.24368847413310296
17,2,10,150,26,0.0
18,2,10,150,26,0.36938179094740775
19,2,10,150,26,0.0
20,2,10,150,26,0.0
21,2,10,150,26,0.0
22,2,10,150,26,0.0
23,2,10,150,26,0.25018268326156734
24,2,10,150,26,0.06058493677293348
25,2,10,150,26,0.0
26,2,10,150,26,0.11987424504051505
27,2,10,150,26,0.0
28,2,10,150,26,0.043957020679722535
29,2,10,150,26,0.0
30,2,10,150,26,0.0
31,2,10,150,26,0.046287481291184845
32,2,10,150,26,0.11781210270929884
33,2,10,150,26,0.0
34,2,10,150,26,0.0
35,2,10,150,26,0.0
36,2,10,150,26,0.0
37,2,10,150,26,0.0
38,2,10,150,26,0.0
39,2,10,150,26,0.08210079624691
40,2,10,150,26,0.17285639608669676
41,2,10,150,26,0.0
42,2,10,150,26,0.15331232005982168
43,2,10,150,26,0.06510791312222187
44,2,10,150,26,0.1939715704922975
45,2,10,150,26,0.0
46,2,10,150,26,0.10684080426179023
47,2,10,150,26,0.0
48,2,10,150,26,0.0316088333445714
49,2,10,150,26,0.033438075019306616
50,2,10,150,26,0.0
51,2,10,150,26,0.07984133538066794
52,2,10,150,26,0.0
53,2,10,150,26,0.12810519548676028
54,2,10,150,26,0.047934103497110726
55,2,10,150,26,0.0
56,2,10,150,26,0.211564700078936
57,2,10,150,26,0.031484914722825885
58,2,10,150,26,0.025502772555058395
59,2,10,150,26,0.410955428840373
60,2,10,150,26,0.2702805997202232
61,2,10,150,26,0.0
62,2,10,150,26,0.2777371309555385
63,2,10,150,26,0.0763437499438357
64,2,10,150,26,0.07563222788297667
65,2,10,150,26,0.18154179097601578
66,2,10,150,26,0.0488146815731722
67,2,10,150,26,0.24630238874073
68,2,10,150,26,0.0
69,2,10,150,26,0.10495938403254562
70,2,10,150,26,0.03465142782262442
71,2,10,150,26,0.0
72,2,10,150,26,0.26600540749327795
73,2,10,150,26,0.232881323723998
74,2,10,150,26,0.17342765698823945
75,2,10,150,26,0.11987424504051505
76,2,10,150,26,0.1858487691177525
77,2,10,150,26,0.096890966577576
78,2,10,150,26,0.0
79,2,10,150,26,0.043610123019801564
80,2,10,150,26,0.1744476820873323
81,2,10,150,26,0.0
82,2,10,150,26,0.0
83,2,10,150,26,0.06331888649654674
84,2,10,150,26,0.029136604147144557
85,2,10,150,26,0.3845235949379483
86,2,10,150,26,0.0
87,2,10,150,26,0.15978699274663052
88,2,10,150,26,0.0
89,2,10,150,26,0.12390786004571805
90,2,10,150,26,0.12488177459781995
91,2,10,150,26,0.0
92,2,10,150,26,0.18907428022189865
93,2,10,150,26,0.0
94,2,10,150,26,0.43350990295683156
95,2,10,150,26,0.20279492075346414
96,2,10,150,26,0.07651920817549171
97,2,10,150,26,0.15194751309721466
98,2,10,150,26,0.0
99,2,10,150,26,0.09233171726337461
100,2,10,150,26,0.0
101,2,10,150,26,0.0
102,2,10,150,26,0.08769327289108078
103,2,10,150,26,0.0
104,2,10,150,26,0.0
105,2,10,150,26,0.0
106,2,10,150,26,0.0
107,2,10,150,26,0.0
108,2,10,150,26,0.0
109,2,10,150,26,0.24124758541116958
110,2,10,150,26,0.05162702725569553
111,2,10,150,26,0.0
112,2,10,150,26,0.0
113,2,10,150,26,0.13766429066598598
114,2,10,150,26,0.0
115,2,10,150,26,0.14664330289943722
116,2,10,150,26,0.033438075019306616
117,2,10,150,26,0.0
118,2,10,150,26,0.046373688209044577
119,2,10,150,26,0.16603710704907557
120,2,10,150,26,0.361879195385413
121,2,10,150,26,0.03232623375868038
122,2,10,150,26,0.08041927109478651
123,2,10,150,26,0.09942460513010813
124,2,10,150,26,0.05533181737932847
125,2,10,150,26,0.12393294700529757
126,2,10,150,26,0.0
127,2,10,150,26,0.0
128,2,10,150,26,0.026145087341861654
129,2,10,150,26,0.0
130,2,10,150,26,0.10427208214636116
131,2,10,150,26,0.13787232815362804
132,2,10,150,26,0.07667481399289292
133,2,10,150,26,0.0
134,2,10,150,26,0.0
135,2,10,150,26,0.0
136,2,10,150,26,0.0
137,2,10,150,26,0.0
138,2,10,150,26,0.10332949630181452
139,2,10,150,26,0.0
140,2,10,150,26,0.0
141,2,10,150,26,0.055028087802083035
142,2,10,150,26,0.0
143,2,10,150,26,0.0
144,2,10,150,26,0.28183824281270803
145,2,10,150,26,0.1392618554523128
146,2,10,150,26,0.0
147,2,10,150,26,0.0
148,2,10,150,26,0.046823654699505654
149,2,10,150,26,0.05381256178894041
150,2,10,150,26,0.0
151,2,10,150,26,0.1834805416712362
152,2,10,150,26,0.0
153,2,10,150,26,0.0
154,2,10,150,26,0.047978870624887156
155,2,10,150,26,0.0
156,2,10,150,26,0.06437746926759551
157,2,10,150,26,0.036461566995213184
158,2,10,150,26,0.14366852510744804
159,2,10,150,26,0.0
160,2,10,150,26,0.08882428613643778
161,2,10,150,26,0.0
162,2,10,150,26,0.0
163,2,10,150,26,0.0
164,2,10,150,26,0.0
165,2,10,150,26,0.0
166,2,10,150,26,0.0
167,2,10,150,26,0.0
168,2,10,150,26,0.0
169,2,10,150,26,0.0
170,2,10,150,26,0.0
171,2,10,150,26,0.0
172,2,10,150,26,0.0
173,2,10,150,26,0.0
174,2,10,150,26,0.2519249491657961
175,2,10,150,26,0.22732566419594713
176,2,10,150,26,0.0
177,2,10,150,26,0.34052777823948893
178,2,10,150,26,0.25827991331684375
179,2,10,150,26,0.054384419234677496
180,2,10,150,26,0.05459112561892713
181,2,10,150,26,0.029327299035175076
182,2,10,150,26,0.0
183,2,10,150,26,0.0
184,2,10,150,26,0.1974954023727784
185,2,10,150,26,0.0
186,2,10,150,26,0.030868393892711742
187,2,10,150,26,0.043599246064372175
188,2,10,150,26,0.26990485040471895
189,2,10,150,26,0.08582190670744484
190,2,10,150,26,0.0
191,2,10,150,26,0.0
192,2,10,150,26,0.0
193,2,10,150,26,0.0
194,2,10,150,26,0.15426421740853272
195,2,10,150,26,0.028219465765633774
196,2,10,150,26,0.0
197,2,10,150,26,0.07735149545520406
198,2,10,150,26,0.03995808168017168
199,2,10,150,26,0.2529427027676571
200,2,10,150,26,0.24561494368926373
201,2,10,150,26,0.11344834182446502
202,2,10,150,26,0.27487633291429087
203,2,10,150,26,0.05947719272904215
204,2,10,150,26,0.0
205,2,10,150,26,0.1465996756793884
206,2,10,150,26,0.0
207,2,10,150,26,0.032394594743117074
208,2,10,150,26,0.05919139647768146
209,2,10,150,26,0.0
210,2,10,150,26,0.13138544858184875
211,2,10,150,26,0.0
212,2,10,150,26,0.0
213,2,10,150,26,0.031484914722825885
214,2,10,150,26,0.17179590770969838
215,2,10,150,26,0.026881059133079824
216,2,10,150,26,0.08767341114160702
217,2,10,150,26,0.04630610387058298
218,2,10,150,26,0.1023482199458735
219,2,10,150,26,0.0
220,2,10,150,26,0.0
221,2,10,150,26,0.13260575141296593
222,2,10,150,26,0.10875437235747767
223,2,10,150,26,0.0
224,2,10,150,26,0.031484914722825885
225,2,10,150,26,0.0
226,2,10,150,26,0.07386039040058112
227,2,10,150,26,0.06711341307257644
228,2,10,150,26,0.0
229,2,10,150,26,0.0
230,2,10,150,26,0.2645179101112769
231,2,10,150,26,0.3903800499921017
232,2,10,150,26,0.06288558365907605
233,2,10,150,26,0.0998952042004292
234,2,10,150,26,0.13025719255089496
235,2,10,150,26,0.05780464436672027
236,2,10,150,26,0.029327299035175076
237,2,10,150,26,0.18766084280469636
238,2,10,150,26,0.0
239,2,10,150,26,0.025813513627847767
240,2,10,150,26,0.0
241,2,10,150,26,0.0
242,2,10,150,26,0.0
243,2,10,150,26,0.23165732683700077
244,2,10,150,26,0.10395245648693864
245,2,10,150,26,0.0
246,2,10,150,26,0.14537701759557345
247,2,10,150,26,0.0
248,2,10,150,26,0.07947838320659593
249,2,10,150,26,0.2557338495315459
250,2,10,150,26,0.0
251,2,10,150,26,0.10803826056443963
252,2,10,150,26,0.13120507751234178
253,2,10,150,26,0.17634896668437786
254,2,10,150,26,0.32417233013107855
255,2,10,150,26,0.0
256,2,10,150,26,0.32775826417736836
257,2,10,150,26,0.04759023790187059
258,2,10,150,26,0.0
259,2,10,150,26,0.0
260,2,10,150,26,0.0
261,2,10,150,26,0.0
262,2,10,150,26,0.07563222788297667
263,2,10,150,26,0.055628397514238336
264,2,10,150,26,0.10193696394693301
265,2,10,150,26,0.0
266,2,10,150,26,0.0
267,2,10,150,26,0.07876054487685615
268,2,10,150,26,0.20991740445142354
269,2,10,150,26,0.10254379269374492
270,2,10,150,26,0.08767341114160702
271,2,10,150,26,0.3811169402139003
272,2,10,150,26,0.21581995694207878
273,2,10,150,26,0.0
274,2,10,150,26,0.05829918151249392
275,2,10,150,26,0.04105877938688906
276,2,10,150,26,0.3453872513837593
277,2,10,150,26,0.0
278,2,10,150,26,0.0
279,2,10,150,26,0.3462677426475862
280,2,10,150,26,0.1155978981022566
281,2,10,150,26,0.05516788910004661
282,2,10,150,26,0.0
283,2,10,150,26,0.0
284,2,10,150,26,0.0
285,2,10,150,26,0.15002687789384317
286,2,10,150,26,0.09808439838550743
287,2,10,150,26,0.0845667599404342
288,2,10,150,26,0.04143843208212992
289,2,10,150,26,0.0
290,2,10,150,26,0.029968561260128763
291,2,10,150,26,0.32608445211005904
292,2,10,150,26,0.27993220880117314
293,2,10,150,26,0.18327301124429798
294,2,10,150,26,0.06382203208611875
295,2,10,150,26,0.061657540784940394
296,2,10,150,26,0.025813513627847767
297,2,10,150,26,0.05836597385590571
298,2,10,150,26,0.3528059381833245
299,2,10,150,26,0.062167689708963934
300,2,10,150,26,0.0
301,2,10,150,26,0.21433763335539588
302,2,10,150,26,0.0
303,2,10,150,26,0.4715626172381263
304,2,10,150,26,0.0
305,2,10,150,26,0.23775379335316146
306,2,10,150,26,0.0
307,2,10,150,26,0.07806913720535973
308,2,10,150,26,0.24444950683261588
309,2,10,150,26,0.0
310,2,10,150,26,0.0
311,2,10,150,26,0.3851009223397912
312,2,10,150,26,0.11987424504051505
313,2,10,150,26,0.25840190791015355
314,2,10,150,26,0.1601274573044136
315,2,10,150,26,0.04734667987788577
316,2,10,150,26,0.0
317,2,10,150,26,0.0
318,2,10,150,26,0.05453804166283397
319,2,10,150,26,0.0
320,2,10,150,26,0.062363156003245844
321,2,10,150,26,0.14655176128119007
322,2,10,150,26,0.28733633616913373
323,2,10,150,26,0.0
324,2,10,150,26,0.04342547274117719
325,2,10,150,26,0.05807463741633359
326,2,10,150,26,0.11240926791616669
327,2,10,150,26,0.0
328,2,10,150,26,0.25154561048538376
329,2,10,150,26,0.0
330,2,10,150,26,0.032394594743117074
331,2,10,150,26,0.0
332,2,10,150,26,0.26888512340239684
333,2,10,150,26,0.0
334,2,10,150,26,0.24020669235754077
335,2,10,150,26,0.0
336,2,10,150,26,0.15546902801255078
337,2,10,150,26,0.07596161868673496
338,2,10,150,26,0.07127723726551295
339,2,10,150,26,0.2928776172248176
340,2,10,150,26,0.10371840794800628
341,2,10,150,26,0.0
342,2,10,150,26,0.23015790074611614
343,2,10,150,26,0.38678914279015614
344,2,10,150,26,0.21271844678408644
345,2,10,150,26,0.09723713883619767
346,2,10,150,26,0.42226252488762167
347,2,10,150,26,0.22863564969353356
348,2,10,150,26,0.0
349,2,10,150,26,0.163169180413793
350,2,10,150,26,0.052086392783128294
351,2,10,150,26,0.030979542277895667
352,2,10,150,26,0.21190253354810581
353,2,10,150,26,0.0
354,2,10,150,26,0.17516853078343772
355,2,10,150,26,0.0
356,2,10,150,26,0.10061931714936387
357,2,10,150,26,0.08627845507831995
358,2,10,150,26,0.0
359,2,10,150,26,0.0
360,2,10,150,26,0.2085587059419311
361,2,10,150,26,0.09265265444109927
362,2,10,150,26,0.0
363,2,10,150,26,0.24634714397988206
364,2,10,150,26,0.0
365,2,10,150,26,0.0
366,2,10,150,26,0.0
367,2,10,150,26,0.0
368,2,10,150,26,0.0
369,2,10,150,26,0.21386152848601384
370,2,10,150,26,0.030682774986138056
371,2,10,150,26,0.03591148888190114
372,2,10,150,26,0.0536466452928127
373,2,10,150,26,0.1206173148472204
374,2,10,150,26,0.255047805388804
375,2,10,150,26,0.11611295864337252
376,2,10,150,26,0.0
377,2,10,150,26,0.3067552645565975
378,2,10,150,26,0.09794699730595491
379,2,10,150,26,0.19195346489503992
380,2,10,150,26,0.0998952042004292
381,2,10,150,26,0.07460950950279609
382,2,10,150,26,0.0493171240499355
383,2,10,150,26,0.0
384,2,10,150,26,0.0
385,2,10,150,26,0.278495073080548
386,2,10,150,26,0.0
387,2,10,150,26,0.24966111194572524
388,2,10,150,26,0.0
389,2,10,150,26,0.33792174579686896
390,2,10,150,26,0.10466779365752882
391,2,10,150,26,0.16266748739373932
392,2,10,150,26,0.025502772555058395
393,2,10,150,26,0.0
394,2,10,150,26,0.23023800457872237
395,2,10,150,26,0.03571967640542795
396,2,10,150,26,0.08006506288147622
397,2,10,150,26,0.13706692233101148
398,2,10,150,26,0.14533032526207204
399,2,10,150,26,0.03995808168017168
400,2,10,150,26,0.0
401,2,10,150,26,0.0
402,2,10,150,26,0.15763555583548006
403,2,10,150,26,0.16201103321588997
404,2,10,150,26,0.0
405,2,10,150,26,0.27290920216548925
406,2,10,150,26,0.3739301790121431
407,2,10,150,26,0.15570595894131187
408,2,10,150,26,0.0
409,2,10,150,26,0.18745344033284525
410,2,10,150,26,0.0
411,2,10,150,26,0.13359023741301432
412,2,10,150,26,0.041062015509212284
413,2,10,150,26,0.1637733768567814
414,2,10,150,26,0.0
415,2,10,150,26,0.11004588314904008
416,2,10,150,26,0.5512591634166978
417,2,10,150,26,0.4235169019361326
418,2,10,150,26,0.0
419,2,10,150,26,0.09817896789964464
420,2,10,150,26,0.08826293319322016
421,2,10,150,26,0.26611480791598807
422,2,10,150,26,0.06339876620378293
423,2,10,150,26,0.0
424,2,10,150,26,0.039270700903099615
425,2,10,150,26,0.09428464275042107
426,2,10,150,26,0.0
427,2,10,150,26,0.0
428,2,10,150,26,0.0
429,2,10,150,26,0.47150266981290684
430,2,10,150,26,0.08608220986211919
431,2,10,150,26,0.0
432,2,10,150,26,0.040949887133979804
433,2,10,150,26,0.07600659849685834
434,2,10,150,26,0.09916976517837364
435,2,10,150,26,0.4729948419474311
436,2,10,150,26,0.03781611394148834
437,2,10,150,26,0.3331751310927556
438,2,10,150,26,0.11342455428465782
439,2,10,150,26,0.0
440,2,10,150,26,0.032014847745354055
441,2,10,150,26,0.1731866333482261
442,2,10,150,26,0.06704602256574149
443,2,10,150,26,0.0
444,2,10,150,26,0.0
445,2,10,150,26,0.0
446,2,10,150,26,0.05599591086012986
447,2,10,150,26,0.09113505482513243
448,2,10,150,26,0.0
449,2,10,150,26,0.08711331223706421
450,2,10,150,26,0.507549545578977
451,2,10,150,26,0.0
452,2,10,150,26,0.22380367551730668
453,2,10,150,26,0.17618413885870624
454,2,10,150,26,0.0
455,2,10,150,26,0.15967461177779824
456,2,10,150,26,0.1625743126730947
457,2,10,150,26,0.6009369181828196
458,2,10,150,26,0.34098225181175124
459,2,10,150,26,0.21207243766394832
460,2,10,150,26,0.07563222788297667
461,2,10,150,26,0.0
462,2,10,150,26,0.0
463,2,10,150,26,0.2884260316044849
464,2,10,150,26,0.0
465,2,10,150,26,0.1481424720042573
466,2,10,150,26,0.142828883020718
467,2,10,150,26,0.06754951183378939
468,2,10,150,26,0.27279410691288797
469,2,10,150,26,0.05651614765972419
470,2,10,150,26,0.029327299035175076
471,2,10,150,26,0.0
472,2,10,150,26,0.26479185363883845
473,2,10,150,26,0.19978259035250553
474,2,10,150,26,0.42740517129034733
475,2,10,150,26,0.07311683844390994
476,2,10,150,26,0.02649996754880397
477,2,10,150,26,0.07075576072108061
478,2,10,150,26,0.12331466516576035
479,2,10,150,26,0.2089861349802258
480,2,10,150,26,0.13513870486171642
481,2,10,150,26,0.028747338381158515
482,2,10,150,26,0.0
483,2,10,150,26,0.029327299035175076
484,2,10,150,26,0.20877578379935638
485,2,10,150,26,0.0
486,2,10,150,26,0.03465142782262442
487,2,10,150,26,0.3979045163637707
488,2,10,150,26,0.0
489,2,10,150,26,0.0
490,2,10,150,26,0.08961728720334347
491,2,10,150,26,0.0
492,2,10,150,26,0.1338895448360617
493,2,10,150,26,0.15113279250299105
494,2,10,150,26,0.032405329729866005
495,2,10,150,26,0.10660313589948303
496,2,10,150,26,0.03781611394148834
497,2,10,150,26,0.20144423749407775
498,2,10,150,26,0.10631081072930211
499,2,10,150,26,0.0
500,2,10,150,26,0.2908451613628418
501,2,10,150,26,0.0
502,2,10,150,26,0.0
503,2,10,150,26,0.09954968802578823
504,2,10,150,26,0.23470625269916454
505,2,10,150,26,0.07563222788297667
506,2,10,150,26,0.13801614578223148
507,2,10,150,26,0.0
508,2,10,150,26,0.17218772621716677
509,2,10,150,26,0.0
510,2,10,150,26,0.0
511,2,10,150,26,0.0
512,2,10,150,26,0.04622440829742681
513,2,10,150,26,0.0
514,2,10,150,26,0.2627427874456758
515,2,10,150,26,0.0
516,2,10,150,26,0.0843142342558857
517,2,10,150,26,0.0
518,2,10,150,26,0.10495952691815175
519,2,10,150,26,0.0
520,2,10,150,26,0.0
521,2,10,150,26,0.0
522,2,10,150,26,0.0559167101555819
523,2,10,150,26,0.23445077343719767
524,2,10,150,26,0.17733252948154532
525,2,10,150,26,0.0
526,2,10,150,26,0.0
527,2,10,150,26,0.3593164718160217
528,2,10,150,26,0.09031879038481141
529,2,10,150,26,0.0
530,2,10,150,26,0.0
531,2,10,150,26,0.0
532,2,10,150,26,0.046373688209044577
533,2,10,150,26,0.06189925709261703
534,2,10,150,26,0.026145087341861654
535,2,10,150,26,0.2916316615254486
536,2,10,150,26,0.19686197902685929
537,2,10,150,26,0.40258255390780184
538,2,10,150,26,0.032394594743117074
539,2,10,150,26,0.037286325438923226
540,2,10,150,26,0.0
541,2,10,150,26,0.05993712252025753
542,2,10,150,26,0.11559030956314835
543,2,10,150,26,0.05993712252025753
544,2,10,150,26,0.0
545,2,10,150,26,0.0892644215554326
546,2,10,150,26,0.03314153504336938
547,2,10,150,26,0.0
548,2,10,150,26,0.05162702725569553
549,2,10,150,26,0.0
550,2,10,150,26,0.0
551,2,10,150,26,0.25192773252135986
552,2,10,150,26,0.026881059133079824
553,2,10,150,26,0.14081679185999968
554,2,10,150,26,0.07563222788297667
555,2,10,150,26,0.0382580635535654
556,2,10,150,26,0.09441834681022167
557,2,10,150,26,0.04470486007704452
558,2,10,150,26,0.265053101293003
559,2,10,150,26,0.035234027770431754
560,2,10,150,26,0.030682774986138056
561,2,10,150,26,0.09775323646174587
562,2,10,150,26,0.04187254809446048
563,2,10,150,26,0.0
564,2,10,150,26,0.0
565,2,10,150,26,0.19482612055561835
566,2,10,150,26,0.02649996754880397
567,2,10,150,26,0.029327299035175076
568,2,10,150,26,0.0
569,2,10,150,26,0.1467868763787456
570,2,10,150,26,0.0
571,2,10,150,26,0.0
572,2,10,150,26,0.0
573,2,10,150,26,0.0
574,2,10,150,26,0.0
575,2,10,150,26,0.0
576,2,10,150,26,0.0
577,2,10,150,26,0.10251328701605651
578,2,10,150,26,0.0
579,2,10,150,26,0.08297540479108526
580,2,10,150,26,0.13886244387355454
581,2,10,150,26,0.0
582,2,10,150,26,0.0
583,2,10,150,26,0.0
584,2,10,150,26,0.0
585,2,10,150,26,0.03322541746578526
586,2,10,150,26,0.10385169364861045
587,2,10,150,26,0.03459392809572638
588,2,10,150,26,0.0
589,2,10,150,26,0.0
590,2,10,150,26,0.06139304560474655
591,2,10,150,26,0.0
592,2,10,150,26,0.3443041825743617
593,2,10,150,26,0.0
594,2,10,150,26,0.0
595,2,10,150,26,0.0
596,2,10,150,26,0.0
597,2,10,150,26,0.0
598,2,10,150,26,0.0
599,2,10,150,26,0.0
600,2,10,150,26,0.0
601,2,10,150,26,0.03781611394148834
602,2,10,150,26,0.0
603,2,10,150,26,0.1435203717549576
604,2,10,150,26,0.0
605,2,10,150,26,0.1477958975689036
606,2,10,150,26,0.2364242620383431
607,2,10,150,26,0.08440880858250024
608,2,10,150,26,0.15226883978363215
609,2,10,150,26,0.0
610,2,10,150,26,0.11752277470724268
611,2,10,150,26,0.0
612,2,10,150,26,0.15130120674940672
613,2,10,150,26,0.0
614,2,10,150,26,0.0
615,2,10,150,26,0.09083374831253048
616,2,10,150,26,0.0
617,2,10,150,26,0.044257815106106525
618,2,10,150,26,0.19550647292349174
619,2,10,150,26,0.05319635904163211
620,2,10,150,26,0.030870735913721987
621,2,10,150,26,0.028219465765633774
622,2,10,150,26,0.11987424504051505
623,2,10,150,26,0.0
624,2,10,150,26,0.0536466452928127
625,2,10,150,26,0.0
626,2,10,150,26,0.0
627,2,10,150,26,0.0
628,2,10,150,26,0.0
629,2,10,150,26,0.19451610919980286
630,2,10,150,26,0.0
631,2,10,150,26,0.0
632,2,10,150,26,0.13439570003165963
633,2,10,150,26,0.07667481399289292
634,2,10,150,26,0.0
635,2,10,150,26,0.0
636,2,10,150,26,0.0
637,2,10,150,26,0.0
638,2,10,150,26,0.0
639,2,10,150,26,0.0
640,2,10,150,26,0.0
642,2,10,150,26,0.029327299035175076
643,2,10,150,26,0.0
644,2,10,150,26,0.0
645,2,10,150,26,0.09759501249802542
647,2,10,150,26,0.0
648,2,10,150,26,0.10215289012738041
649,2,10,150,26,1.0
650,2,10,150,26,0.0
651,2,10,150,26,0.0
653,2,10,150,26,0.0
654,2,10,150,26,0.0
655,2,10,150,26,0.11621678240839849
658,2,10,150,26,0.0
1,2,10,150,27,0.8496415993067387
2,2,10,150,27,0.1083188688865055
3,2,10,150,27,0.0
4,2,10,150,27,0.0
5,2,10,150,27,0.08734873170778329
6,2,10,150,27,0.29280769786116284
7,2,10,150,27,0.22856278536422742
8,2,10,150,27,0.0
9,2,10,150,27,0.0
10,2,10,150,27,0.14418512102395642
11,2,10,150,27,0.15134961760946158
12,2,10,150,27,0.0
13,2,10,150,27,0.34513433960983597
14,2,10,150,27,0.06786785134613488
15,2,10,150,27,0.0
16,2,10,150,27,0.23775979274421088
17,2,10,150,27,0.0
18,2,10,150,27,0.3603951248476834
19,2,10,150,27,0.0
20,2,10,150,27,0.0
21,2,10,150,27,0.0
22,2,10,150,27,0.0
23,2,10,150,27,0.2440960046718127
24,2,10,150,27,0.06058493677293348
25,2,10,150,27,0.0
26,2,10,150,27,0.11695783215678135
27,2,10,150,27,0.0
28,2,10,150,27,0.07673684936621814
29,2,10,150,27,0.0
30,2,10,150,27,0.0
31,2,10,150,27,0.046287481291184845
32,2,10,150,27,0.11781210270929884
33,2,10,150,27,0.0
34,2,10,150,27,0.0
35,2,10,150,27,0.0
36,2,10,150,27,0.0
37,2,10,150,27,0.0
38,2,10,150,27,0.0
39,2,10,150,27,0.08210079624691
40,2,10,150,27,0.17285639608669676
41,2,10,150,27,0.0
42,2,10,150,27,0.17391133077677398
43,2,10,150,27,0.06352390684465586
44,2,10,150,27,0.18925244849014763
45,2,10,150,27,0.0
46,2,10,150,27,0.10684080426179023
47,2,10,150,27,0.0
48,2,10,150,27,0.0316088333445714
49,2,10,150,27,0.03262456221878303
50,2,10,150,27,0.0
51,2,10,150,27,0.07984133538066794
52,2,10,150,27,0.0
53,2,10,150,27,0.12810519548676028
54,2,10,150,27,0.047934103497110726
55,2,10,150,27,0.0
56,2,10,150,27,0.20641755594597458
57,2,10,150,27,0.030718920234936747
58,2,10,150,27,0.049211253624721465
59,2,10,150,27,0.4009573203483837
60,2,10,150,27,0.26370496019914913
61,2,10,150,27,0.0
62,2,10,150,27,0.2709800819602668
63,2,10,150,27,0.0763437499438357
64,2,10,150,27,0.07379217622092994
65,2,10,150,27,0.18154179097601578
66,2,10,150,27,0.0488146815731722
67,2,10,150,27,0.24630238874073
68,2,10,150,27,0.0
69,2,10,150,27,0.10495938403254562
70,2,10,150,27,0.033808395438916686
71,2,10,150,27,0.0
72,2,10,150,27,0.25953377885199613
73,2,10,150,27,0.232881323723998
74,2,10,150,27,0.17342765698823945
75,2,10,150,27,0.11695783215678135
76,2,10,150,27,0.1858487691177525
77,2,10,150,27,0.096890966577576
78,2,10,150,27,0.0
79,2,10,150,27,0.043610123019801564
80,2,10,150,27,0.1744476820873323
81,2,10,150,27,0.0
82,2,10,150,27,0.0
83,2,10,150,27,0.06177840533397684
84,2,10,150,27,0.029136604147144557
85,2,10,150,27,0.37516854485193846
86,2,10,150,27,0.0
87,2,10,150,27,0.1558995451623572
88,2,10,150,27,0.06294571929989644
89,2,10,150,27,0.12390786004571805
90,2,10,150,27,0.12184353384595939
91,2,10,150,27,0.0
92,2,10,150,27,0.18447430408327561
93,2,10,150,27,0.0
94,2,10,150,27,0.42296306809850026
95,2,10,150,27,0.22219007242517438
96,2,10,150,27,0.07651920817549171
97,2,10,150,27,0.15194751309721466
98,2,10,150,27,0.0
99,2,10,150,27,0.0900853847862595
100,2,10,150,27,0.0
101,2,10,150,27,0.0
102,2,10,150,27,0.08555978883209975
103,2,10,150,27,0.0
104,2,10,150,27,0.0
105,2,10,150,27,0.0
106,2,10,150,27,0.0
107,2,10,150,27,0.0
108,2,10,150,27,0.0
109,2,10,150,27,0.23537828824875587
110,2,10,150,27,0.0503709965930082
111,2,10,150,27,0.0
112,2,10,150,27,0.0
113,2,10,150,27,0.178509607681865
114,2,10,150,27,0.0
115,2,10,150,27,0.14664330289943722
116,2,10,150,27,0.03262456221878303
117,2,10,150,27,0.0
118,2,10,150,27,0.04524546569791721
119,2,10,150,27,0.16199760083143777
120,2,10,150,27,0.361879195385413
121,2,10,150,27,0.03232623375868038
122,2,10,150,27,0.08041927109478651
123,2,10,150,27,0.09942460513010813
124,2,10,150,27,0.05533181737932847
125,2,10,150,27,0.1209177902195912
126,2,10,150,27,0.0
127,2,10,150,27,0.0
128,2,10,150,27,0.02550900517471743
129,2,10,150,27,0.0
130,2,10,150,27,0.10173525329140064
131,2,10,150,27,0.13787232815362804
132,2,10,150,27,0.07667481399289292
133,2,10,150,27,0.0
134,2,10,150,27,0.0
135,2,10,150,27,0.0
136,2,10,150,27,0.0
137,2,10,150,27,0.0
138,2,10,150,27,0.10332949630181452
139,2,10,150,27,0.0
140,2,10,150,27,0.0
141,2,10,150,27,0.05368931295366598
142,2,10,150,27,0.0
143,2,10,150,27,0.0
144,2,10,150,27,0.274981418127889
145,2,10,150,27,0.13587376262789902
146,2,10,150,27,0.0
147,2,10,150,27,0.0
148,2,10,150,27,0.046823654699505654
149,2,10,150,27,0.05381256178894041
150,2,10,150,27,0.0
151,2,10,150,27,0.1790166552420572
152,2,10,150,27,0.0
153,2,10,150,27,0.0
154,2,10,150,27,0.047978870624887156
155,2,10,150,27,0.0
156,2,10,150,27,0.06437746926759551
157,2,10,150,27,0.036461566995213184
158,2,10,150,27,0.14017322269725335
159,2,10,150,27,0.0
160,2,10,150,27,0.11099222212935114
161,2,10,150,27,0.0
162,2,10,150,27,0.0
163,2,10,150,27,0.0
164,2,10,150,27,0.0
165,2,10,150,27,0.0
166,2,10,150,27,0.0
167,2,10,150,27,0.0
168,2,10,150,27,0.0
169,2,10,150,27,0.0
170,2,10,150,27,0.0
171,2,10,150,27,0.0
172,2,10,150,27,0.0
173,2,10,150,27,0.0
174,2,10,150,27,0.2457958830996635
175,2,10,150,27,0.22732566419594713
176,2,10,150,27,0.0
177,2,10,150,27,0.3322430995798552
178,2,10,150,27,0.2519962377320483
179,2,10,150,27,0.054384419234677496
180,2,10,150,27,0.05459112561892713
181,2,10,150,27,0.028613797042129047
182,2,10,150,27,0.0
183,2,10,150,27,0.0
184,2,10,150,27,0.19269054928891977
185,2,10,150,27,0.0
186,2,10,150,27,0.030868393892711742
187,2,10,150,27,0.043599246064372175
188,2,10,150,27,0.26990485040471895
189,2,10,150,27,0.08373395099732887
190,2,10,150,27,0.0
191,2,10,150,27,0.0
192,2,10,150,27,0.0
193,2,10,150,27,0.0
194,2,10,150,27,0.15051113307421815
195,2,10,150,27,0.02753291617774556
196,2,10,150,27,0.0
197,2,10,150,27,0.07735149545520406
198,2,10,150,27,0.03898594405226045
199,2,10,150,27,0.2529427027676571
200,2,10,150,27,0.26396832974627055
201,2,10,150,27,0.11068826433139492
202,2,10,150,27,0.27487633291429087
203,2,10,150,27,0.05947719272904215
204,2,10,150,27,0.0
205,2,10,150,27,0.1465996756793884
206,2,10,150,27,0.0
207,2,10,150,27,0.03160646870786882
208,2,10,150,27,0.05919139647768146
209,2,10,150,27,0.0
210,2,10,150,27,0.12818898035925655
211,2,10,150,27,0.0
212,2,10,150,27,0.0
213,2,10,150,27,0.030718920234936747
214,2,10,150,27,0.19194523239825065
215,2,10,150,27,0.026227071555033968
216,2,10,150,27,0.08554041029786576
217,2,10,150,27,0.04630610387058298
218,2,10,150,27,0.1023482199458735
219,2,10,150,27,0.0
220,2,10,150,27,0.0
221,2,10,150,27,0.12937959452040526
222,2,10,150,27,0.10610849414903914
223,2,10,150,27,0.0
224,2,10,150,27,0.030718920234936747
225,2,10,150,27,0.0
226,2,10,150,27,0.07386039040058112
227,2,10,150,27,0.06711341307257644
228,2,10,150,27,0.0
229,2,10,150,27,0.0
230,2,10,150,27,0.25808247069919876
231,2,10,150,27,0.3903800499921017
232,2,10,150,27,0.06288558365907605
233,2,10,150,27,0.09746486013065112
234,2,10,150,27,0.12708817359752414
235,2,10,150,27,0.05780464436672027
236,2,10,150,27,0.05294273344333865
237,2,10,150,27,0.18766084280469636
238,2,10,150,27,0.0
239,2,10,150,27,0.0251854982965041
240,2,10,150,27,0.0
241,2,10,150,27,0.0
242,2,10,150,27,0.0
243,2,10,150,27,0.23165732683700077
244,2,10,150,27,0.1014234037843184
245,2,10,150,27,0.0
246,2,10,150,27,0.16616908578150283
247,2,10,150,27,0.0
248,2,10,150,27,0.07947838320659593
249,2,10,150,27,0.2495121169706564
250,2,10,150,27,0.0
251,2,10,150,27,0.10803826056443963
252,2,10,150,27,0.13120507751234178
253,2,10,150,27,0.1720585838894946
254,2,10,150,27,0.3162855621282876
255,2,10,150,27,0.0
256,2,10,150,27,0.3197842542132263
257,2,10,150,27,0.04759023790187059
258,2,10,150,27,0.0
259,2,10,150,27,0.0
260,2,10,150,27,0.0
261,2,10,150,27,0.0
262,2,10,150,27,0.07379217622092994
263,2,10,150,27,0.05427501776901322
264,2,10,150,27,0.09945694603413568
265,2,10,150,27,0.0
266,2,10,150,27,0.0
267,2,10,150,27,0.0768443845896225
268,2,10,150,27,0.20481033726901784
269,2,10,150,27,0.10004901128295998
270,2,10,150,27,0.08554041029786576
271,2,10,150,27,0.3718447704140127
272,2,10,150,27,0.21581995694207878
273,2,10,150,27,0.0
274,2,10,150,27,0.05829918151249392
275,2,10,150,27,0.04105877938688906
276,2,10,150,27,0.3369843469110552
277,2,10,150,27,0.0
278,2,10,150,27,0.0
279,2,10,150,27,0.33784341675892265
280,2,10,150,27,0.1127855241912133
281,2,10,150,27,0.05516788910004661
282,2,10,150,27,0.0
283,2,10,150,27,0.0
284,2,10,150,27,0.0
285,2,10,150,27,0.15002687789384317
286,2,10,150,27,0.09569810929523552
287,2,10,150,27,0.0845667599404342
288,2,10,150,27,0.04143843208212992
289,2,10,150,27,0.0
290,2,10,150,27,0.05356839444040493
291,2,10,150,27,0.3181511642132502
292,2,10,150,27,0.27993220880117314
293,2,10,150,27,0.1788141738096773
294,2,10,150,27,0.062269309926499615
295,2,10,150,27,0.08448641479773818
296,2,10,150,27,0.0251854982965041
297,2,10,150,27,0.056945991789970715
298,2,10,150,27,0.34422254495129334
299,2,10,150,27,0.06065521593982442
300,2,10,150,27,0.0
301,2,10,150,27,0.20912302670510666
302,2,10,150,27,0.0
303,2,10,150,27,0.460090000314152
304,2,10,150,27,0.0
305,2,10,150,27,0.23196949643552606
306,2,10,150,27,0.0
307,2,10,150,27,0.07806913720535973
308,2,10,150,27,0.23850231032757813
309,2,10,150,27,0.0
310,2,10,150,27,0.0
311,2,10,150,27,0.40006076289334885
312,2,10,150,27,0.11695783215678135
313,2,10,150,27,0.2521152643266562
314,2,10,150,27,0.1562317265795671
315,2,10,150,27,0.04734667987788577
316,2,10,150,27,0.029546401698350686
317,2,10,150,27,0.0
318,2,10,150,27,0.05321118911577236
319,2,10,150,27,0.0
320,2,10,150,27,0.06084592674706416
321,2,10,150,27,0.14298631280149476
322,2,10,150,27,0.28733633616913373
323,2,10,150,27,0.0
324,2,10,150,27,0.04342547274117719
325,2,10,150,27,0.0566617432561083
326,2,10,150,27,0.10967446998612775
327,2,10,150,27,0.0
328,2,10,150,27,0.24542577332588142
329,2,10,150,27,0.0
330,2,10,150,27,0.03160646870786882
331,2,10,150,27,0.0
332,2,10,150,27,0.2623434343359085
333,2,10,150,27,0.0
334,2,10,150,27,0.23436271901602923
335,2,10,150,27,0.0
336,2,10,150,27,0.15168663191767554
337,2,10,150,27,0.07596161868673496
338,2,10,150,27,0.07127723726551295
339,2,10,150,27,0.3100811527032268
340,2,10,150,27,0.10371840794800628
341,2,10,150,27,0.0
342,2,10,150,27,0.22455840381662798
343,2,10,150,27,0.37737897433453604
344,2,10,150,27,0.2075432332209123
345,2,10,150,27,0.09487146266961623
346,2,10,150,27,0.41198932677501654
347,2,10,150,27,0.22307318751309035
348,2,10,150,27,0.0
349,2,10,150,27,0.163169180413793
350,2,10,150,27,0.052086392783128294
351,2,10,150,27,0.030979542277895667
352,2,10,150,27,0.21190253354810581
353,2,10,150,27,0.0
354,2,10,150,27,0.17090686673851413
355,2,10,150,27,0.0
356,2,10,150,27,0.10061931714936387
357,2,10,150,27,0.08417939203192489
358,2,10,150,27,0.0
359,2,10,150,27,0.0
360,2,10,150,27,0.20348469444915127
361,2,10,150,27,0.09039851390379852
362,2,10,150,27,0.0
363,2,10,150,27,0.2403537799813759
364,2,10,150,27,0.0
365,2,10,150,27,0.0
366,2,10,150,27,0.0
367,2,10,150,27,0.0
368,2,10,150,27,0.0
369,2,10,150,27,0.21386152848601384
370,2,10,150,27,0.030682774986138056
371,2,10,150,27,0.03591148888190114
372,2,10,150,27,0.0536466452928127
373,2,10,150,27,0.1420117602666273
374,2,10,150,27,0.24884276355223173
375,2,10,150,27,0.11611295864337252
376,2,10,150,27,0.0
377,2,10,150,27,0.3067552645565975
378,2,10,150,27,0.09556405103780888
379,2,10,150,27,0.1872834412556167
380,2,10,150,27,0.09746486013065112
381,2,10,150,27,0.07279433949117713
382,2,10,150,27,0.0493171240499355
383,2,10,150,27,0.0
384,2,10,150,27,0.0
385,2,10,150,27,0.2717195841595211
386,2,10,150,27,0.0
387,2,10,150,27,0.24358712263134244
388,2,10,150,27,0.0
389,2,10,150,27,0.35402940553600076
390,2,10,150,27,0.10466779365752882
391,2,10,150,27,0.15870996043839247
392,2,10,150,27,0.024882317223511866
393,2,10,150,27,0.0
394,2,10,150,27,0.22463655880818523
395,2,10,150,27,0.03571967640542795
396,2,10,150,27,0.08006506288147622
397,2,10,150,27,0.15806116629612035
398,2,10,150,27,0.14179459302160397
399,2,10,150,27,0.03898594405226045
400,2,10,150,27,0.0
401,2,10,150,27,0.0
402,2,10,150,27,0.15763555583548006
403,2,10,150,27,0.16201103321588997
404,2,10,150,27,0.0
405,2,10,150,27,0.26626961154270024
406,2,10,150,27,0.3648328554684637
407,2,10,150,27,0.15191779856893936
408,2,10,150,27,0.0
409,2,10,150,27,0.20722183390600912
410,2,10,150,27,0.0
411,2,10,150,27,0.13359023741301432
412,2,10,150,27,0.041062015509212284
413,2,10,150,27,0.1637733768567814
414,2,10,150,27,0.0
415,2,10,150,27,0.15582818336744758
416,2,10,150,27,0.5378476142893489
417,2,10,150,27,0.41321318616409114
418,2,10,150,27,0.0
419,2,10,150,27,0.09817896789964464
420,2,10,150,27,0.08826293319322016
421,2,10,150,27,0.25964051767877994
422,2,10,150,27,0.06185634165289594
423,2,10,150,27,0.0
424,2,10,150,27,0.039270700903099615
425,2,10,150,27,0.09199079767333532
426,2,10,150,27,0.0
427,2,10,150,27,0.0
428,2,10,150,27,0.0
429,2,10,150,27,0.4600315113460281
430,2,10,150,27,0.08398792125310811
431,2,10,150,27,0.0
432,2,10,150,27,0.040949887133979804
433,2,10,150,27,0.07600659849685834
434,2,10,150,27,0.1307770659832369
435,2,10,150,27,0.4858163169208014
436,2,10,150,27,0.03689608811046497
437,2,10,150,27,0.3493982709191448
438,2,10,150,27,0.11342455428465782
439,2,10,150,27,0.0
440,2,10,150,27,0.032014847745354055
441,2,10,150,27,0.1731866333482261
442,2,10,150,27,0.0654148641467855
443,2,10,150,27,0.0
444,2,10,150,27,0.0
445,2,10,150,27,0.0
446,2,10,150,27,0.05599591086012986
447,2,10,150,27,0.08891783587237104
448,2,10,150,27,0.0
449,2,10,150,27,0.10932287440515957
450,2,10,150,27,0.5195303413653328
451,2,10,150,27,0.0
452,2,10,150,27,0.2426877065304988
453,2,10,150,27,0.1718977661495109
454,2,10,150,27,0.0
455,2,10,150,27,0.15578989830296835
456,2,10,150,27,0.1586190525596006
457,2,10,150,27,0.5863167621192109
458,2,10,150,27,0.3326865162934819
459,2,10,150,27,0.20691294081557263
460,2,10,150,27,0.07379217622092994
461,2,10,150,27,0.0
462,2,10,150,27,0.0
463,2,10,150,27,0.2814089330251261
464,2,10,150,27,0.0
465,2,10,150,27,0.14453832322454774
466,2,10,150,27,0.13935400820945115
467,2,10,150,27,0.06754951183378939
468,2,10,150,27,0.26615731643517954
469,2,10,150,27,0.05651614765972419
470,2,10,150,27,0.028613797042129047
471,2,10,150,27,0.0
472,2,10,150,27,0.25834974947210076
473,2,10,150,27,0.19978259035250553
474,2,10,150,27,0.4170068580604763
475,2,10,150,27,0.07311683844390994
476,2,10,150,27,0.025855251523675002
477,2,10,150,27,0.07075576072108061
478,2,10,150,27,0.12031455051960611
479,2,10,150,27,0.2282306609947669
480,2,10,150,27,0.13513870486171642
481,2,10,150,27,0.02804794621397926
482,2,10,150,27,0.0
483,2,10,150,27,0.028613797042129047
484,2,10,150,27,0.22802542743439874
485,2,10,150,27,0.0
486,2,10,150,27,0.033808395438916686
487,2,10,150,27,0.3882239226914025
488,2,10,150,27,0.0
489,2,10,150,27,0.0
490,2,10,150,27,0.08961728720334347
491,2,10,150,27,0.0
492,2,10,150,27,0.1338895448360617
493,2,10,150,27,0.1474558924060486
494,2,10,150,27,0.06103968146247971
495,2,10,150,27,0.104009594986015
496,2,10,150,27,0.03689608811046497
497,2,10,150,27,0.19654331345169415
498,2,10,150,27,0.10372438177630788
499,2,10,150,27,0.0
500,2,10,150,27,0.28376920792944565
501,2,10,150,27,0.0
502,2,10,150,27,0.0
503,2,10,150,27,0.09712774999704857
504,2,10,150,27,0.22899609920428032
505,2,10,150,27,0.07379217622092994
506,2,10,150,27,0.1346583597491555
507,2,10,150,27,0.0
508,2,10,150,27,0.16799858197696044
509,2,10,150,27,0.0
510,2,10,150,27,0.0
511,2,10,150,27,0.0
512,2,10,150,27,0.04622440829742681
513,2,10,150,27,0.0
514,2,10,150,27,0.25635053488003345
515,2,10,150,27,0.0
516,2,10,150,27,0.0843142342558857
517,2,10,150,27,0.0
518,2,10,150,27,0.10240597326305899
519,2,10,150,27,0.0
520,2,10,150,27,0.0
521,2,10,150,27,0.0
522,2,10,150,27,0.0559167101555819
523,2,10,150,27,0.2287468354810297
524,2,10,150,27,0.17301821764992317
525,2,10,150,27,0.0
526,2,10,150,27,0.0
527,2,10,150,27,0.3505746842253027
528,2,10,150,27,0.09031879038481141
529,2,10,150,27,0.0
530,2,10,150,27,0.0
531,2,10,150,27,0.0
532,2,10,150,27,0.04524546569791721
533,2,10,150,27,0.060393314003528625
534,2,10,150,27,0.02550900517471743
535,2,10,150,27,0.2845365733796169
536,2,10,150,27,0.1920725364592986
537,2,10,150,27,0.417117084958752
538,2,10,150,27,0.032394594743117074
539,2,10,150,27,0.037286325438923226
540,2,10,150,27,0.0
541,2,10,150,27,0.058478916078390675
542,2,10,150,27,0.11277812027319038
543,2,10,150,27,0.058478916078390675
544,2,10,150,27,0.0
545,2,10,150,27,0.08709271312051972
546,2,10,150,27,0.03314153504336938
547,2,10,150,27,0.0
548,2,10,150,27,0.0503709965930082
549,2,10,150,27,0.0
550,2,10,150,27,0.0
551,2,10,150,27,0.27012753514035637
552,2,10,150,27,0.026227071555033968
553,2,10,150,27,0.13739086908661538
554,2,10,150,27,0.07379217622092994
555,2,10,150,27,0.0382580635535654
556,2,10,150,27,0.09441834681022167
557,2,10,150,27,0.04470486007704452
558,2,10,150,27,0.265053101293003
559,2,10,150,27,0.035234027770431754
560,2,10,150,27,0.029936295704887678
561,2,10,150,27,0.09537500418885565
562,2,10,150,27,0.04187254809446048
563,2,10,150,27,0.0
564,2,10,150,27,0.0
565,2,10,150,27,0.19482612055561835
566,2,10,150,27,0.025855251523675002
567,2,10,150,27,0.028613797042129047
568,2,10,150,27,0.0
569,2,10,150,27,0.1467868763787456
570,2,10,150,27,0.0
571,2,10,150,27,0.0
572,2,10,150,27,0.0
573,2,10,150,27,0.0
574,2,10,150,27,0.0
575,2,10,150,27,0.0
576,2,10,150,27,0.0
577,2,10,150,27,0.10001924777596392
578,2,10,150,27,0.0
579,2,10,150,27,0.08297540479108526
580,2,10,150,27,0.13886244387355454
581,2,10,150,27,0.0
582,2,10,150,27,0.0
583,2,10,150,27,0.0
584,2,10,150,27,0.0
585,2,10,150,27,0.06022739113672114
586,2,10,150,27,0.10132509239867551
587,2,10,150,27,0.03459392809572638
588,2,10,150,27,0.0
589,2,10,150,27,0.0
590,2,10,150,27,0.06139304560474655
591,2,10,150,27,0.0
592,2,10,150,27,0.3359276280138396
593,2,10,150,27,0.0
594,2,10,150,27,0.0
595,2,10,150,27,0.0
596,2,10,150,27,0.0
597,2,10,150,27,0.0
598,2,10,150,27,0.0
599,2,10,150,27,0.0
600,2,10,150,27,0.0
601,2,10,150,27,0.03689608811046497
602,2,10,150,27,0.0
603,2,10,150,27,0.1435203717549576
604,2,10,150,27,0.0
605,2,10,150,27,0.1477958975689036
606,2,10,150,27,0.23067231120350934
607,2,10,150,27,0.08440880858250024
608,2,10,150,27,0.14856430086465017
609,2,10,150,27,0.0
610,2,10,150,27,0.11752277470724268
611,2,10,150,27,0.0
612,2,10,150,27,0.15130120674940672
613,2,10,150,27,0.0
614,2,10,150,27,0.0
615,2,10,150,27,0.09083374831253048
616,2,10,150,27,0.0
617,2,10,150,27,0.044257815106106525
618,2,10,150,27,0.1907500083777113
619,2,10,150,27,0.05319635904163211
620,2,10,150,27,0.030870735913721987
621,2,10,150,27,0.02753291617774556
622,2,10,150,27,0.11695783215678135
623,2,10,150,27,0.0
624,2,10,150,27,0.0536466452928127
625,2,10,150,27,0.0
626,2,10,150,27,0.0
627,2,10,150,27,0.0
628,2,10,150,27,0.0
629,2,10,150,27,0.19451610919980286
630,2,10,150,27,0.0
631,2,10,150,27,0.0
632,2,10,150,27,0.13439570003165963
633,2,10,150,27,0.07667481399289292
634,2,10,150,27,0.0
635,2,10,150,27,0.0
636,2,10,150,27,0.0
637,2,10,150,27,0.0
638,2,10,150,27,0.0
639,2,10,150,27,0.0
640,2,10,150,27,0.0
642,2,10,150,27,0.028613797042129047
643,2,10,150,27,0.0
644,2,10,150,27,0.0
645,2,10,150,27,0.09759501249802542
647,2,10,150,27,0.0
648,2,10,150,27,0.14299820714325945
649,2,10,150,27,1.0
650,2,10,150,27,0.0
651,2,10,150,27,0.0
653,2,10,150,27,0.0
654,2,10,150,27,0.0
655,2,10,150,27,0.11621678240839849
658,2,10,150,27,0.0
1,2,10,150,28,0.8296670341884415
2,2,10,150,28,0.1083188688865055
3,2,10,150,28,0.0
4,2,10,150,28,0.0
5,2,10,150,28,0.0852952153416809
6,2,10,150,28,0.28592396425767785
7,2,10,150,28,0.24669881223837428
8,2,10,150,28,0.0
9,2,10,150,28,0.0
10,2,10,150,28,0.14079541518642147
11,2,10,150,28,0.14779147874828025
12,2,10,150,28,0.0
13,2,10,150,28,0.33702043799917775
14,2,10,150,28,0.06786785134613488
15,2,10,150,28,0.0
16,2,10,150,28,0.2556796034832782
17,2,10,150,28,0.0
18,2,10,150,28,0.3519224513163253
19,2,10,150,28,0.0
20,2,10,150,28,0.0
21,2,10,150,28,0.0
22,2,10,150,28,0.0
23,2,10,150,28,0.23835745379999612
24,2,10,150,28,0.06058493677293348
25,2,10,150,28,0.0
26,2,10,150,28,0.11420822357309535
27,2,10,150,28,0.0
28,2,10,150,28,0.07673684936621814
29,2,10,150,28,0.0
30,2,10,150,28,0.0
31,2,10,150,28,0.046287481291184845
32,2,10,150,28,0.11781210270929884
33,2,10,150,28,0.0
34,2,10,150,28,0.0
35,2,10,150,28,0.0
36,2,10,150,28,0.0
37,2,10,150,28,0.0
38,2,10,150,28,0.0
39,2,10,150,28,0.08210079624691
40,2,10,150,28,0.2212397779175911
41,2,10,150,28,0.0
42,2,10,150,28,0.16982277955206365
43,2,10,150,28,0.06203049784152731
44,2,10,150,28,0.18480323677635194
45,2,10,150,28,0.0
46,2,10,150,28,0.10684080426179023
47,2,10,150,28,0.0
48,2,10,150,28,0.0316088333445714
49,2,10,150,28,0.03185757830106203
50,2,10,150,28,0.0
51,2,10,150,28,0.07984133538066794
52,2,10,150,28,0.0
53,2,10,150,28,0.12810519548676028
54,2,10,150,28,0.047934103497110726
55,2,10,150,28,0.0
56,2,10,150,28,0.20156480283670256
57,2,10,150,28,0.029996736818897345
58,2,10,150,28,0.0480543265264225
59,2,10,150,28,0.3915310538949855
60,2,10,150,28,0.25750541452740494
61,2,10,150,28,0.0
62,2,10,150,28,0.264609502533255
63,2,10,150,28,0.0763437499438357
64,2,10,150,28,0.07205736635480697
65,2,10,150,28,0.18154179097601578
66,2,10,150,28,0.09149933372035922
67,2,10,150,28,0.24630238874073
68,2,10,150,28,0.0
69,2,10,150,28,0.10495938403254562
70,2,10,150,28,0.03301358031123131
71,2,10,150,28,0.0
72,2,10,150,28,0.25343229515545057
73,2,10,150,28,0.232881323723998
74,2,10,150,28,0.17342765698823945
75,2,10,150,28,0.11695783215678135
76,2,10,150,28,0.1858487691177525
77,2,10,150,28,0.096890966577576
78,2,10,150,28,0.0
79,2,10,150,28,0.043610123019801564
80,2,10,150,28,0.1744476820873323
81,2,10,150,28,0.0
82,2,10,150,28,0.0
83,2,10,150,28,0.060326032025919706
84,2,10,150,28,0.029136604147144557
85,2,10,150,28,0.36634855706462155
86,2,10,150,28,0.0
87,2,10,150,28,0.15223444022952518
88,2,10,150,28,0.06294571929989644
89,2,10,150,28,0.12390786004571805
90,2,10,150,28,0.11897906534178611
91,2,10,150,28,0.0
92,2,10,150,28,0.18013742368268015
93,2,10,150,28,0.0
94,2,10,150,28,0.41301945969554327
95,2,10,150,28,0.2169665169002129
96,2,10,150,28,0.07651920817549171
97,2,10,150,28,0.15194751309721466
98,2,10,150,28,0.0
99,2,10,150,28,0.08796753134536368
100,2,10,150,28,0.0
101,2,10,150,28,0.0
102,2,10,150,28,0.08354832944154142
103,2,10,150,28,0.0
104,2,10,150,28,0.0
105,2,10,150,28,0.0
106,2,10,150,28,0.0
107,2,10,150,28,0.0
108,2,10,150,28,0.0
109,2,10,150,28,0.2298446856686864
110,2,10,150,28,0.04918680463213726
111,2,10,150,28,0.0
112,2,10,150,28,0.0
113,2,10,150,28,0.178509607681865
114,2,10,150,28,0.0
115,2,10,150,28,0.14664330289943722
116,2,10,150,28,0.03185757830106203
117,2,10,150,28,0.0
118,2,10,150,28,0.04524546569791721
119,2,10,150,28,0.15818913426217404
120,2,10,150,28,0.361879195385413
121,2,10,150,28,0.03232623375868038
122,2,10,150,28,0.08041927109478651
123,2,10,150,28,0.09942460513010813
124,2,10,150,28,0.05533181737932847
125,2,10,150,28,0.11807508539361214
126,2,10,150,28,0.0
127,2,10,150,28,0.0
128,2,10,150,28,0.024909303741335254
129,2,10,150,28,0.0
130,2,10,150,28,0.12285291948293575
131,2,10,150,28,0.13787232815362804
132,2,10,150,28,0.07667481399289292
133,2,10,150,28,0.0
134,2,10,150,28,0.0
135,2,10,150,28,0.0
136,2,10,150,28,0.0
137,2,10,150,28,0.0
138,2,10,150,28,0.10332949630181452
139,2,10,150,28,0.0
140,2,10,150,28,0.0
141,2,10,150,28,0.05242710936261691
142,2,10,150,28,0.0
143,2,10,150,28,0.0
144,2,10,150,28,0.2685167696841229
145,2,10,150,28,0.1326794518482791
146,2,10,150,28,0.0
147,2,10,150,28,0.0
148,2,10,150,28,0.046823654699505654
149,2,10,150,28,0.05381256178894041
150,2,10,150,28,0.0
151,2,10,150,28,0.17480808089693348
152,2,10,150,28,0.0
153,2,10,150,28,0.0
154,2,10,150,28,0.047978870624887156
155,2,10,150,28,0.0
156,2,10,150,28,0.06437746926759551
157,2,10,150,28,0.036461566995213184
158,2,10,150,28,0.13687783418650667
159,2,10,150,28,0.0
160,2,10,150,28,0.10838286146438816
161,2,10,150,28,0.0
162,2,10,150,28,0.0
163,2,10,150,28,0.0
164,2,10,150,28,0.0
165,2,10,150,28,0.0
166,2,10,150,28,0.0
167,2,10,150,28,0.040419659112753054
168,2,10,150,28,0.0
169,2,10,150,28,0.0
170,2,10,150,28,0.0
171,2,10,150,28,0.0
172,2,10,150,28,0.0
173,2,10,150,28,0.0
174,2,10,150,28,0.24001736910412746
175,2,10,150,28,0.22732566419594713
176,2,10,150,28,0.0
177,2,10,150,28,0.324432263301267
178,2,10,150,28,0.2460719571127239
179,2,10,150,28,0.054384419234677496
180,2,10,150,28,0.05459112561892713
181,2,10,150,28,0.02794110381151734
182,2,10,150,28,0.0
183,2,10,150,28,0.0
184,2,10,150,28,0.18816050988454916
185,2,10,150,28,0.0
186,2,10,150,28,0.030868393892711742
187,2,10,150,28,0.043599246064372175
188,2,10,150,28,0.26990485040471895
189,2,10,150,28,0.081765415960705
190,2,10,150,28,0.0
191,2,10,150,28,0.0
192,2,10,150,28,0.0
193,2,10,150,28,0.0
194,2,10,150,28,0.14697270648226135
195,2,10,150,28,0.026885633808876454
196,2,10,150,28,0.0
197,2,10,150,28,0.07735149545520406
198,2,10,150,28,0.03806940785769845
199,2,10,150,28,0.2529427027676571
200,2,10,150,28,0.28127199347767
201,2,10,150,28,0.10808604953221046
202,2,10,150,28,0.27487633291429087
203,2,10,150,28,0.05947719272904215
204,2,10,150,28,0.0
205,2,10,150,28,0.1465996756793884
206,2,10,150,28,0.0
207,2,10,150,28,0.030863419558816
208,2,10,150,28,0.05919139647768146
209,2,10,150,28,0.0
210,2,10,150,28,0.12517533420807547
211,2,10,150,28,0.0
212,2,10,150,28,0.0
213,2,10,150,28,0.029996736818897345
214,2,10,150,28,0.21094211601103696
215,2,10,150,28,0.026227071555033968
216,2,10,150,28,0.08352940648504076
217,2,10,150,28,0.04630610387058298
218,2,10,150,28,0.1023482199458735
219,2,10,150,28,0.0
220,2,10,150,28,0.0
221,2,10,150,28,0.1263379577433979
222,2,10,150,28,0.12712334806730494
223,2,10,150,28,0.0
224,2,10,150,28,0.029996736818897345
225,2,10,150,28,0.0
226,2,10,150,28,0.07386039040058112
227,2,10,150,28,0.06711341307257644
228,2,10,150,28,0.0
229,2,10,150,28,0.0
230,2,10,150,28,0.252015106388084
231,2,10,150,28,0.3903800499921017
232,2,10,150,28,0.06288558365907605
233,2,10,150,28,0.09517351964424611
234,2,10,150,28,0.12410040675399797
235,2,10,150,28,0.05780464436672027
236,2,10,150,28,0.05169808148942362
237,2,10,150,28,0.18766084280469636
238,2,10,150,28,0.0
239,2,10,150,28,0.02459340231606863
240,2,10,150,28,0.0
241,2,10,150,28,0.0
242,2,10,150,28,0.0
243,2,10,150,28,0.23165732683700077
244,2,10,150,28,0.09903900030753214
245,2,10,150,28,0.0
246,2,10,150,28,0.16226255009951784
247,2,10,150,28,0.0
248,2,10,150,28,0.14176813152020928
249,2,10,150,28,0.26715563760605643
250,2,10,150,28,0.0
251,2,10,150,28,0.10803826056443963
252,2,10,150,28,0.13120507751234178
253,2,10,150,28,0.1680135896344264
254,2,10,150,28,0.30884987799763347
255,2,10,150,28,0.0
256,2,10,150,28,0.3122663179271498
257,2,10,150,28,0.04759023790187059
258,2,10,150,28,0.0
259,2,10,150,28,0.0
260,2,10,150,28,0.0
261,2,10,150,28,0.0
262,2,10,150,28,0.07205736635480697
263,2,10,150,28,0.05299904460855536
264,2,10,150,28,0.09711877280127282
265,2,10,150,28,0.0
266,2,10,150,28,0.0
267,2,10,150,28,0.0985472201962855
268,2,10,150,28,0.1999953689082191
269,2,10,150,28,0.09769691895070677
270,2,10,150,28,0.08352940648504076
271,2,10,150,28,0.38661232363645626
272,2,10,150,28,0.21581995694207878
273,2,10,150,28,0.0
274,2,10,150,28,0.05829918151249392
275,2,10,150,28,0.04105877938688906
276,2,10,150,28,0.32906204674741685
277,2,10,150,28,0.0
278,2,10,150,28,0.0
279,2,10,150,28,0.32990092037768926
280,2,10,150,28,0.11013400406885007
281,2,10,150,28,0.05516788910004661
282,2,10,150,28,0.0
283,2,10,150,28,0.0
284,2,10,150,28,0.0
285,2,10,150,28,0.15002687789384317
286,2,10,150,28,0.09344830406279951
287,2,10,150,28,0.0845667599404342
288,2,10,150,28,0.04143843208212992
289,2,10,150,28,0.0
290,2,10,150,28,0.07581843463463492
291,2,10,150,28,0.3106716208949558
292,2,10,150,28,0.27993220880117314
293,2,10,150,28,0.17461035968175526
294,2,10,150,28,0.06080539574549297
295,2,10,150,28,0.08250018978784475
296,2,10,150,28,0.0251854982965041
297,2,10,150,28,0.05560722563002409
298,2,10,150,28,0.33613007908695025
299,2,10,150,28,0.05922924814170463
300,2,10,150,28,0.0
301,2,10,150,28,0.20420666959869274
302,2,10,150,28,0.0
303,2,10,150,28,0.44927355997148155
304,2,10,150,28,0.0
305,2,10,150,28,0.22651603250933564
306,2,10,150,28,0.0
307,2,10,150,28,0.07806913720535973
308,2,10,150,28,0.23289526385952655
309,2,10,150,28,0.0
310,2,10,150,28,0.0
311,2,10,150,28,0.39065557396873746
312,2,10,150,28,0.13771762463655016
313,2,10,150,28,0.24618818546338192
314,2,10,150,28,0.15255881226057205
315,2,10,150,28,0.04734667987788577
316,2,10,150,28,0.029546401698350686
317,2,10,150,28,0.0
318,2,10,150,28,0.05196022592978633
319,2,10,150,28,0.0
320,2,10,150,28,0.05941547545208985
321,2,10,150,28,0.13962479022725982
322,2,10,150,28,0.28733633616913373
323,2,10,150,28,0.0
324,2,10,150,28,0.04342547274117719
325,2,10,150,28,0.05532965960894595
326,2,10,150,28,0.10709608888480203
327,2,10,150,28,0.0
328,2,10,150,28,0.23965596038945475
329,2,10,150,28,0.0
330,2,10,150,28,0.030863419558816
331,2,10,150,28,0.0
332,2,10,150,28,0.25617589732174156
333,2,10,150,28,0.05206745415870339
334,2,10,150,28,0.22885299186035965
335,2,10,150,28,0.0
336,2,10,150,28,0.14812057005195828
337,2,10,150,28,0.07596161868673496
338,2,10,150,28,0.07127723726551295
339,2,10,150,28,0.3263007315855631
340,2,10,150,28,0.10371840794800628
341,2,10,150,28,0.0
342,2,10,150,28,0.21927917023913365
343,2,10,150,28,0.36850702067399027
344,2,10,150,28,0.20266401611311577
345,2,10,150,28,0.09264109140423964
346,2,10,150,28,0.40230370445799996
347,2,10,150,28,0.21782887048134186
348,2,10,150,28,0.0
349,2,10,150,28,0.163169180413793
350,2,10,150,28,0.052086392783128294
351,2,10,150,28,0.030979542277895667
352,2,10,150,28,0.2470219007193075
353,2,10,150,28,0.0
354,2,10,150,28,0.16688894866385998
355,2,10,150,28,0.0
356,2,10,150,28,0.10061931714936387
357,2,10,150,28,0.08220038494336858
358,2,10,150,28,0.0
359,2,10,150,28,0.0
360,2,10,150,28,0.19870089115707162
361,2,10,150,28,0.08827329898489383
362,2,10,150,28,0.0
363,2,10,150,28,0.23470320657067634
364,2,10,150,28,0.0
365,2,10,150,28,0.0
366,2,10,150,28,0.0
367,2,10,150,28,0.0
368,2,10,150,28,0.0
369,2,10,150,28,0.21386152848601384
370,2,10,150,28,0.030682774986138056
371,2,10,150,28,0.03591148888190114
372,2,10,150,28,0.0536466452928127
373,2,10,150,28,0.1621825499022468
374,2,10,150,28,0.24299261922214385
375,2,10,150,28,0.11611295864337252
376,2,10,150,28,0.0
377,2,10,150,28,0.3067552645565975
378,2,10,150,28,0.09331739743471257
379,2,10,150,28,0.18288051972259442
380,2,10,150,28,0.09517351964424611
381,2,10,150,28,0.07108298816892976
382,2,10,150,28,0.0493171240499355
383,2,10,150,28,0.0
384,2,10,150,28,0.0
385,2,10,150,28,0.26533161947871975
386,2,10,150,28,0.0
387,2,10,150,28,0.23786053527150927
388,2,10,150,28,0.0
389,2,10,150,28,0.3457063862529985
390,2,10,150,28,0.10466779365752882
391,2,10,150,28,0.15497878432568127
392,2,10,150,28,0.02429734884851622
393,2,10,150,28,0.0
394,2,10,150,28,0.21935548785364928
395,2,10,150,28,0.03571967640542795
396,2,10,150,28,0.08006506288147622
397,2,10,150,28,0.15434524294510743
398,2,10,150,28,0.13846108706562973
399,2,10,150,28,0.03806940785769845
400,2,10,150,28,0.0
401,2,10,150,28,0.0
402,2,10,150,28,0.15763555583548006
403,2,10,150,28,0.16201103321588997
404,2,10,150,28,0.0
405,2,10,150,28,0.2600097724539326
406,2,10,150,28,0.3562558535481302
407,2,10,150,28,0.14834630211370503
408,2,10,150,28,0.0
409,2,10,150,28,0.20235017270360817
410,2,10,150,28,0.040419659112753054
411,2,10,150,28,0.13359023741301432
412,2,10,150,28,0.041062015509212284
413,2,10,150,28,0.1637733768567814
414,2,10,150,28,0.0
415,2,10,150,28,0.15582818336744758
416,2,10,150,28,0.5252031390139983
417,2,10,150,28,0.4034987916458515
418,2,10,150,28,0.0
419,2,10,150,28,0.09817896789964464
420,2,10,150,28,0.08826293319322016
421,2,10,150,28,0.25353652461634646
422,2,10,150,28,0.06040213610865993
423,2,10,150,28,0.0
424,2,10,150,28,0.039270700903099615
425,2,10,150,28,0.08982814911668575
426,2,10,150,28,0.0
427,2,10,150,28,0.0
428,2,10,150,28,0.0
429,2,10,150,28,0.4492164460439671
430,2,10,150,28,0.08201341552788294
431,2,10,150,28,0.0
432,2,10,150,28,0.040949887133979804
433,2,10,150,28,0.07600659849685834
434,2,10,150,28,0.1307770659832369
435,2,10,150,28,0.4743950662831398
436,2,10,150,28,0.03602868317740349
437,2,10,150,28,0.3646935279006839
438,2,10,150,28,0.11342455428465782
439,2,10,150,28,0.0
440,2,10,150,28,0.032014847745354055
441,2,10,150,28,0.1731866333482261
442,2,10,150,28,0.06387699987004732
443,2,10,150,28,0.0
444,2,10,150,28,0.0
445,2,10,150,28,0.0
446,2,10,150,28,0.05599591086012986
447,2,10,150,28,0.08682743080715302
448,2,10,150,28,0.0
449,2,10,150,28,0.10675275910535899
450,2,10,150,28,0.5073164942055417
451,2,10,150,28,0.0
452,2,10,150,28,0.2604916649679581
453,2,10,150,28,0.1678565526231901
454,2,10,150,28,0.0
455,2,10,150,28,0.15212737110212904
456,2,10,150,28,0.15489001363667174
457,2,10,150,28,0.5960422072717789
458,2,10,150,28,0.32486525555353485
459,2,10,150,28,0.20204854150472046
460,2,10,150,28,0.07205736635480697
461,2,10,150,28,0.0
462,2,10,150,28,0.0
463,2,10,150,28,0.29830257861925435
464,2,10,150,28,0.0
465,2,10,150,28,0.1411403138148226
466,2,10,150,28,0.1360778789406552
467,2,10,150,28,0.06754951183378939
468,2,10,150,28,0.25990011733713203
469,2,10,150,28,0.05651614765972419
470,2,10,150,28,0.02794110381151734
471,2,10,150,28,0.0
472,2,10,150,28,0.2522761015971181
473,2,10,150,28,0.19978259035250553
474,2,10,150,28,0.4307126776515763
475,2,10,150,28,0.07311683844390994
476,2,10,150,28,0.025247410046008424
477,2,10,150,28,0.07075576072108061
478,2,10,150,28,0.11748602749767141
479,2,10,150,28,0.24637449591391836
480,2,10,150,28,0.13513870486171642
481,2,10,150,28,0.02738855579742861
482,2,10,150,28,0.0
483,2,10,150,28,0.02794110381151734
484,2,10,150,28,0.24617408727163256
485,2,10,150,28,0.0
486,2,10,150,28,0.03301358031123131
487,2,10,150,28,0.3790970107904227
488,2,10,150,28,0.0
489,2,10,150,28,0.0
490,2,10,150,28,0.08961728720334347
491,2,10,150,28,0.0
492,2,10,150,28,0.1338895448360617
493,2,10,150,28,0.16749869375575996
494,2,10,150,28,0.06103968146247971
495,2,10,150,28,0.10156439170304128
496,2,10,150,28,0.03602868317740349
497,2,10,150,28,0.19192269786941799
498,2,10,150,28,0.10128588368506976
499,2,10,150,28,0.023509401063454803
500,2,10,150,28,0.2770979638107734
501,2,10,150,28,0.0
502,2,10,150,28,0.0
503,2,10,150,28,0.09484433476797699
504,2,10,150,28,0.22361253806612025
505,2,10,150,28,0.07205736635480697
506,2,10,150,28,0.13149262236326562
507,2,10,150,28,0.0
508,2,10,150,28,0.1640490359351724
509,2,10,150,28,0.0
510,2,10,150,28,0.0
511,2,10,150,28,0.0
512,2,10,150,28,0.04622440829742681
513,2,10,150,28,0.0
514,2,10,150,28,0.2503238873427076
515,2,10,150,28,0.0
516,2,10,150,28,0.0843142342558857
517,2,10,150,28,0.0
518,2,10,150,28,0.09999847016632431
519,2,10,150,28,0.0
520,2,10,150,28,0.0
521,2,10,150,28,0.0
522,2,10,150,28,0.0559167101555819
523,2,10,150,28,0.22336913438371006
524,2,10,150,28,0.16895066297990702
525,2,10,150,28,0.0
526,2,10,150,28,0.0
527,2,10,150,28,0.3423328833711561
528,2,10,150,28,0.09031879038481141
529,2,10,150,28,0.0
530,2,10,150,28,0.0
531,2,10,150,28,0.0
532,2,10,150,28,0.06769117296197688
533,2,10,150,28,0.058973503363068516
534,2,10,150,28,0.024909303741335254
535,2,10,150,28,0.2778472889588144
536,2,10,150,28,0.18755702616640188
537,2,10,150,28,0.4308203131814924
538,2,10,150,28,0.032394594743117074
539,2,10,150,28,0.037286325438923226
540,2,10,150,28,0.0
541,2,10,150,28,0.05710411178654767
542,2,10,150,28,0.11012677421250541
543,2,10,150,28,0.05710411178654767
544,2,10,150,28,0.0
545,2,10,150,28,0.08504521559806501
546,2,10,150,28,0.03314153504336938
547,2,10,150,28,0.0
548,2,10,150,28,0.04918680463213726
549,2,10,150,28,0.0
550,2,10,150,28,0.0
551,2,10,150,28,0.26377699857845927
552,2,10,150,28,0.02561048881112675
553,2,10,150,28,0.13416089204280152
554,2,10,150,28,0.07205736635480697
555,2,10,150,28,0.0382580635535654
556,2,10,150,28,0.09441834681022167
557,2,10,150,28,0.04470486007704452
558,2,10,150,28,0.265053101293003
559,2,10,150,28,0.035234027770431754
560,2,10,150,28,0.029232511322807294
561,2,10,150,28,0.09313279496395116
562,2,10,150,28,0.04187254809446048
563,2,10,150,28,0.0
564,2,10,150,28,0.0
565,2,10,150,28,0.19482612055561835
566,2,10,150,28,0.025247410046008424
567,2,10,150,28,0.02794110381151734
568,2,10,150,28,0.0
569,2,10,150,28,0.1467868763787456
570,2,10,150,28,0.0
571,2,10,150,28,0.0
572,2,10,150,28,0.0
573,2,10,150,28,0.0
574,2,10,150,28,0.0
575,2,10,150,28,0.0
576,2,10,150,28,0.0
577,2,10,150,28,0.09766785516593374
578,2,10,150,28,0.0
579,2,10,150,28,0.08297540479108526
580,2,10,150,28,0.13886244387355454
581,2,10,150,28,0.0
582,2,10,150,28,0.0
583,2,10,150,28,0.0
584,2,10,150,28,0.0
585,2,10,150,28,0.06022739113672114
586,2,10,150,28,0.10132509239867551
587,2,10,150,28,0.03459392809572638
588,2,10,150,28,0.0
589,2,10,150,28,0.0
590,2,10,150,28,0.06139304560474655
591,2,10,150,28,0.0
592,2,10,150,28,0.3280301706785672
593,2,10,150,28,0.0
594,2,10,150,28,0.0
595,2,10,150,28,0.0
596,2,10,150,28,0.0
597,2,10,150,28,0.0
598,2,10,150,28,0.0
599,2,10,150,28,0.0
600,2,10,150,28,0.0
601,2,10,150,28,0.03602868317740349
602,2,10,150,28,0.0
603,2,10,150,28,0.1435203717549576
604,2,10,150,28,0.0
605,2,10,150,28,0.1477958975689036
606,2,10,150,28,0.22524934332519198
607,2,10,150,28,0.08440880858250024
608,2,10,150,28,0.16858104419536618
609,2,10,150,28,0.0
610,2,10,150,28,0.11752277470724268
611,2,10,150,28,0.0
612,2,10,150,28,0.15130120674940672
613,2,10,150,28,0.0
614,2,10,150,28,0.0
615,2,10,150,28,0.09083374831253048
616,2,10,150,28,0.0
617,2,10,150,28,0.044257815106106525
618,2,10,150,28,0.18626558992790232
619,2,10,150,28,0.05319635904163211
620,2,10,150,28,0.030870735913721987
621,2,10,150,28,0.050395034872331254
622,2,10,150,28,0.11420822357309535
623,2,10,150,28,0.0
624,2,10,150,28,0.0536466452928127
625,2,10,150,28,0.0
626,2,10,150,28,0.0
627,2,10,150,28,0.0
628,2,10,150,28,0.0
629,2,10,150,28,0.19451610919980286
630,2,10,150,28,0.0
631,2,10,150,28,0.0
632,2,10,150,28,0.13439570003165963
633,2,10,150,28,0.07667481399289292
634,2,10,150,28,0.0
635,2,10,150,28,0.0
636,2,10,150,28,0.0
637,2,10,150,28,0.0
638,2,10,150,28,0.0
639,2,10,150,28,0.0
640,2,10,150,28,0.0
642,2,10,150,28,0.051450504874972144
643,2,10,150,28,0.0
644,2,10,150,28,0.0
645,2,10,150,28,0.09759501249802542
647,2,10,150,28,0.0
648,2,10,150,28,0.14299820714325945
649,2,10,150,28,1.0
650,2,10,150,28,0.0
651,2,10,150,28,0.0
653,2,10,150,28,0.0
654,2,10,150,28,0.0
655,2,10,150,28,0.11621678240839849
658,2,10,150,28,0.0
1,2,10,150,29,0.8107957071056446
2,2,10,150,29,0.1083188688865055
3,2,10,150,29,0.0
4,2,10,150,29,0.06166887310869151
5,2,10,150,29,0.10610078247183834
6,2,10,150,29,0.27942043401244576
7,2,10,150,29,0.24108748409727035
8,2,10,150,29,0.0
9,2,10,150,29,0.0
10,2,10,150,29,0.16033859345300883
11,2,10,150,29,0.14442986352123058
12,2,10,150,29,0.0
13,2,10,150,29,0.3293546845619677
14,2,10,150,29,0.09998274523051486
15,2,10,150,29,0.0
16,2,10,150,29,0.2498640012875703
17,2,10,150,29,0.0
18,2,10,150,29,0.34391774170041745
19,2,10,150,29,0.0
20,2,10,150,29,0.0
21,2,10,150,29,0.0
22,2,10,150,29,0.0
23,2,10,150,29,0.25568151877694656
24,2,10,150,29,0.06058493677293348
25,2,10,150,29,0.0
26,2,10,150,29,0.11161048176369433
27,2,10,150,29,0.0
28,2,10,150,29,0.07673684936621814
29,2,10,150,29,0.0
30,2,10,150,29,0.0
31,2,10,150,29,0.046287481291184845
32,2,10,150,29,0.11781210270929884
33,2,10,150,29,0.0
34,2,10,150,29,0.0
35,2,10,150,29,0.0
36,2,10,150,29,0.0
37,2,10,150,29,0.0
38,2,10,150,29,0.0
39,2,10,150,29,0.08210079624691
40,2,10,150,29,0.2212397779175911
41,2,10,150,29,0.0
42,2,10,150,29,0.16596004777295723
43,2,10,150,29,0.06061957301790668
44,2,10,150,29,0.18059976455984109
45,2,10,150,29,0.0
46,2,10,150,29,0.10684080426179023
47,2,10,150,29,0.0
48,2,10,150,29,0.0316088333445714
49,2,10,150,29,0.031132956548706608
50,2,10,150,29,0.0
51,2,10,150,29,0.07984133538066794
52,2,10,150,29,0.028947056565878558
53,2,10,150,29,0.12810519548676028
54,2,10,150,29,0.047934103497110726
55,2,10,150,29,0.0
56,2,10,150,29,0.1969800776807469
57,2,10,150,29,0.029996736818897345
58,2,10,150,29,0.04696129899097185
59,2,10,150,29,0.3826254203376008
60,2,10,150,29,0.2743939464351056
61,2,10,150,29,0.0
62,2,10,150,29,0.25859078385967804
63,2,10,150,29,0.0763437499438357
64,2,10,150,29,0.07041837375515932
65,2,10,150,29,0.18154179097601578
66,2,10,150,29,0.09149933372035922
67,2,10,150,29,0.24630238874073
68,2,10,150,29,0.0
69,2,10,150,29,0.10495938403254562
70,2,10,150,29,0.032262664526278094
71,2,10,150,29,0.0
72,2,10,150,29,0.24766780947849393
73,2,10,150,29,0.232881323723998
74,2,10,150,29,0.17342765698823945
75,2,10,150,29,0.11695783215678135
76,2,10,150,29,0.1858487691177525
77,2,10,150,29,0.096890966577576
78,2,10,150,29,0.0
79,2,10,150,29,0.043610123019801564
80,2,10,150,29,0.1744476820873323
81,2,10,150,29,0.0
82,2,10,150,29,0.0
83,2,10,150,29,0.05895387640799524
84,2,10,150,29,0.029136604147144557
85,2,10,150,29,0.3580157161033801
86,2,10,150,29,0.0
87,2,10,150,29,0.17151743028300864
88,2,10,150,29,0.06294571929989644
89,2,10,150,29,0.12390786004571805
90,2,10,150,29,0.11627280757144264
91,2,10,150,29,0.0
92,2,10,150,29,0.17604007848022382
93,2,10,150,29,0.0
94,2,10,150,29,0.40362505809309956
95,2,10,150,29,0.2120314695405885
96,2,10,150,29,0.07651920817549171
97,2,10,150,29,0.15194751309721466
98,2,10,150,29,0.0
99,2,10,150,29,0.08596665148841195
100,2,10,150,29,0.0
101,2,10,150,29,0.0
102,2,10,150,29,0.08164796726353246
103,2,10,150,29,0.0
104,2,10,150,29,0.0
105,2,10,150,29,0.0
106,2,10,150,29,0.0
107,2,10,150,29,0.0
108,2,10,150,29,0.04485361187694993
109,2,10,150,29,0.22461671581721557
110,2,10,150,29,0.04806801813090108
111,2,10,150,29,0.0
112,2,10,150,29,0.0
113,2,10,150,29,0.178509607681865
114,2,10,150,29,0.0
115,2,10,150,29,0.14664330289943722
116,2,10,150,29,0.031132956548706608
117,2,10,150,29,0.0
118,2,10,150,29,0.04524546569791721
119,2,10,150,29,0.15459101746279316
120,2,10,150,29,0.361879195385413
121,2,10,150,29,0.03232623375868038
122,2,10,150,29,0.08041927109478651
123,2,10,150,29,0.09942460513010813
124,2,10,150,29,0.05533181737932847
125,2,10,150,29,0.11538938924687828
126,2,10,150,29,0.0
127,2,10,150,29,0.0
128,2,10,150,29,0.02434272510323463
129,2,10,150,29,0.0
130,2,10,150,29,0.1428042117171142
131,2,10,150,29,0.13787232815362804
132,2,10,150,29,0.07667481399289292
133,2,10,150,29,0.0
134,2,10,150,29,0.0
135,2,10,150,29,0.0
136,2,10,150,29,0.0
137,2,10,150,29,0.0
138,2,10,150,29,0.10332949630181452
139,2,10,150,29,0.0
140,2,10,150,29,0.0
141,2,10,150,29,0.0512346199807105
142,2,10,150,29,0.0
143,2,10,150,29,0.0
144,2,10,150,29,0.2624091776271699
145,2,10,150,29,0.1296615696981895
146,2,10,150,29,0.0
147,2,10,150,29,0.0
148,2,10,150,29,0.046823654699505654
149,2,10,150,29,0.05381256178894041
150,2,10,150,29,0.0
151,2,10,150,29,0.17083195513155472
152,2,10,150,29,0.0
153,2,10,150,29,0.0
154,2,10,150,29,0.047978870624887156
155,2,10,150,29,0.0
156,2,10,150,29,0.06437746926759551
157,2,10,150,29,0.06857646087959317
158,2,10,150,29,0.13376445704498258
159,2,10,150,29,0.0
160,2,10,150,29,0.10591762138061817
161,2,10,150,29,0.0
162,2,10,150,29,0.0
163,2,10,150,29,0.0
164,2,10,150,29,0.0
165,2,10,150,29,0.0
166,2,10,150,29,0.0
167,2,10,150,29,0.040419659112753054
168,2,10,150,29,0.0
169,2,10,150,29,0.0
170,2,10,150,29,0.0
171,2,10,150,29,0.0
172,2,10,150,29,0.0
173,2,10,150,29,0.0
174,2,10,150,29,0.23455801481949334
175,2,10,150,29,0.22732566419594713
176,2,10,150,29,0.0
177,2,10,150,29,0.3170528362483902
178,2,10,150,29,0.24047488720730034
179,2,10,150,29,0.054384419234677496
180,2,10,150,29,0.05459112561892713
181,2,10,150,29,0.050051228256390363
182,2,10,150,29,0.0
183,2,10,150,29,0.0
184,2,10,150,29,0.1838806742640216
185,2,10,150,29,0.0
186,2,10,150,29,0.030868393892711742
187,2,10,150,29,0.043599246064372175
188,2,10,150,29,0.26990485040471895
189,2,10,150,29,0.10265127071940515
190,2,10,150,29,0.0
191,2,10,150,29,0.0
192,2,10,150,29,0.0
193,2,10,150,29,0.0
194,2,10,150,29,0.143629714773565
195,2,10,150,29,0.026274102232318276
196,2,10,150,29,0.04485361187694993
197,2,10,150,29,0.07735149545520406
198,2,10,150,29,0.03720349392123144
199,2,10,150,29,0.2529427027676571
200,2,10,150,29,0.27487427539388537
201,2,10,150,29,0.10562756063273898
202,2,10,150,29,0.27487633291429087
203,2,10,150,29,0.05947719272904215
204,2,10,150,29,0.0
205,2,10,150,29,0.1465996756793884
206,2,10,150,29,0.0
207,2,10,150,29,0.03016141060656478
208,2,10,150,29,0.05919139647768146
209,2,10,150,29,0.0
210,2,10,150,29,0.1223281381918451
211,2,10,150,29,0.0
212,2,10,150,29,0.0
213,2,10,150,29,0.029314441140511488
214,2,10,150,29,0.20614409764614505
215,2,10,150,29,0.026227071555033968
216,2,10,150,29,0.08162947472223064
217,2,10,150,29,0.04630610387058298
218,2,10,150,29,0.1023482199458735
219,2,10,150,29,0.0
220,2,10,150,29,0.0
221,2,10,150,29,0.1234643170835875
222,2,10,150,29,0.12423184318355968
223,2,10,150,29,0.0
224,2,10,150,29,0.029996736818897345
225,2,10,150,29,0.0
226,2,10,150,29,0.07386039040058112
227,2,10,150,29,0.06711341307257644
228,2,10,150,29,0.0
229,2,10,150,29,0.0
230,2,10,150,29,0.24628285560978544
231,2,10,150,29,0.3903800499921017
232,2,10,150,29,0.06288558365907605
233,2,10,150,29,0.0930087348030786
234,2,10,150,29,0.12127766067580331
235,2,10,150,29,0.05780464436672027
236,2,10,150,29,0.050522174330120476
237,2,10,150,29,0.18766084280469636
238,2,10,150,29,0.0
239,2,10,150,29,0.02403400906545054
240,2,10,150,29,0.0
241,2,10,150,29,0.0
242,2,10,150,29,0.0
243,2,10,150,29,0.23165732683700077
244,2,10,150,29,0.11953195593119541
245,2,10,150,29,0.0
246,2,10,150,29,0.1585717807546662
247,2,10,150,29,0.0
248,2,10,150,29,0.14176813152020928
249,2,10,150,29,0.2610790054011761
250,2,10,150,29,0.023835426911994775
251,2,10,150,29,0.10803826056443963
252,2,10,150,29,0.13120507751234178
253,2,10,150,29,0.16419200908018936
254,2,10,150,29,0.30182488263563695
255,2,10,150,29,0.0
256,2,10,150,29,0.3051636133725352
257,2,10,150,29,0.04759023790187059
258,2,10,150,29,0.0
259,2,10,150,29,0.0
260,2,10,150,29,0.0
261,2,10,150,29,0.0
262,2,10,150,29,0.07041837375515932
263,2,10,150,29,0.07453920956689195
264,2,10,150,29,0.0949097418865934
265,2,10,150,29,0.0
266,2,10,150,29,0.0
267,2,10,150,29,0.09630569829799335
268,2,10,150,29,0.21819200495493474
269,2,10,150,29,0.09547473771832395
270,2,10,150,29,0.08162947472223064
271,2,10,150,29,0.37781856986182266
272,2,10,150,29,0.21581995694207878
273,2,10,150,29,0.0
274,2,10,150,29,0.05829918151249392
275,2,10,150,29,0.04105877938688906
276,2,10,150,29,0.3443229755855462
277,2,10,150,29,0.0
278,2,10,150,29,0.0
279,2,10,150,29,0.32239710509177416
280,2,10,150,29,0.10762893308485666
281,2,10,150,29,0.05516788910004661
282,2,10,150,29,0.0
283,2,10,150,29,0.03337620304869898
284,2,10,150,29,0.0
285,2,10,150,29,0.15002687789384317
286,2,10,150,29,0.09132276039451728
287,2,10,150,29,0.0845667599404342
288,2,10,150,29,0.04143843208212992
289,2,10,150,29,0.0
290,2,10,150,29,0.07409389404191942
291,2,10,150,29,0.30360518878223947
292,2,10,150,29,0.27993220880117314
293,2,10,150,29,0.1706387312165814
294,2,10,150,29,0.05942233668176323
295,2,10,150,29,0.08062366824158115
296,2,10,150,29,0.0251854982965041
297,2,10,150,29,0.054342402393968266
298,2,10,150,29,0.32848457745385123
299,2,10,150,29,0.05788203960081861
300,2,10,150,29,0.0
301,2,10,150,29,0.19956185343065602
302,2,10,150,29,0.0
303,2,10,150,29,0.46180019819459533
304,2,10,150,29,0.0
305,2,10,150,29,0.2213637750821589
306,2,10,150,29,0.0
307,2,10,150,29,0.07806913720535973
308,2,10,150,29,0.22759790658339166
309,2,10,150,29,0.0
310,2,10,150,29,0.0
311,2,10,150,29,0.4045155171698833
312,2,10,150,29,0.1345851459041339
313,2,10,150,29,0.2405884718670183
314,2,10,150,29,0.14908876087019907
315,2,10,150,29,0.07629373644376432
316,2,10,150,29,0.029546401698350686
317,2,10,150,29,0.0
318,2,10,150,29,0.05077835612128397
319,2,10,150,29,0.0
320,2,10,150,29,0.05806403104748837
321,2,10,150,29,0.13644893174829434
322,2,10,150,29,0.28733633616913373
323,2,10,150,29,0.0
324,2,10,150,29,0.04342547274117719
325,2,10,150,29,0.05407114979617319
326,2,10,150,29,0.1046601172969827
327,2,10,150,29,0.0
328,2,10,150,29,0.23420482658578964
329,2,10,150,29,0.0
330,2,10,150,29,0.03016141060656478
331,2,10,150,29,0.0
332,2,10,150,29,0.25034900659344306
333,2,10,150,29,0.05206745415870339
334,2,10,150,29,0.22364757874243582
335,2,10,150,29,0.0
336,2,10,150,29,0.14475146942489162
337,2,10,150,29,0.07596161868673496
338,2,10,150,29,0.07127723726551295
339,2,10,150,29,0.3416244683688689
340,2,10,150,29,0.10371840794800628
341,2,10,150,29,0.0
342,2,10,150,29,0.21429152004513174
343,2,10,150,29,0.38287074741288357
344,2,10,150,29,0.1980542886219845
345,2,10,150,29,0.0905339083233706
346,2,10,150,29,0.39315303981712507
347,2,10,150,29,0.21287420831744067
348,2,10,150,29,0.0
349,2,10,150,29,0.163169180413793
350,2,10,150,29,0.052086392783128294
351,2,10,150,29,0.030979542277895667
352,2,10,150,29,0.2470219007193075
353,2,10,150,29,0.0
354,2,10,150,29,0.16309294881457048
355,2,10,150,29,0.0
356,2,10,150,29,0.10061931714936387
357,2,10,150,29,0.08220038494336858
358,2,10,150,29,0.0
359,2,10,150,29,0.0
360,2,10,150,29,0.19418130757215046
361,2,10,150,29,0.08626546424013876
362,2,10,150,29,0.0
363,2,10,150,29,0.229364726438211
364,2,10,150,29,0.0
365,2,10,150,29,0.0
366,2,10,150,29,0.0
367,2,10,150,29,0.0
368,2,10,150,29,0.0
369,2,10,150,29,0.21386152848601384
370,2,10,150,29,0.030682774986138056
371,2,10,150,29,0.03591148888190114
372,2,10,150,29,0.0536466452928127
373,2,10,150,29,0.18123926360177928
374,2,10,150,29,0.26021125428665987
375,2,10,150,29,0.1676614286651071
376,2,10,150,29,0.0
377,2,10,150,29,0.3067552645565975
378,2,10,150,29,0.09119483132452791
379,2,10,150,29,0.17872078098097646
380,2,10,150,29,0.0930087348030786
381,2,10,150,29,0.06946615844750953
382,2,10,150,29,0.0493171240499355
383,2,10,150,29,0.0
384,2,10,150,29,0.0
385,2,10,150,29,0.2592964757761753
386,2,10,150,29,0.0
387,2,10,150,29,0.2324502396032132
388,2,10,150,29,0.0
389,2,10,150,29,0.33784306516061163
390,2,10,150,29,0.10466779365752882
391,2,10,150,29,0.15145368906530976
392,2,10,150,29,0.02374468953041558
393,2,10,150,29,0.0
394,2,10,150,29,0.2143661017648771
395,2,10,150,29,0.03571967640542795
396,2,10,150,29,0.08006506288147622
397,2,10,150,29,0.15434524294510743
398,2,10,150,29,0.1353116977870609
399,2,10,150,29,0.03720349392123144
400,2,10,150,29,0.0
401,2,10,150,29,0.0
402,2,10,150,29,0.15763555583548006
403,2,10,150,29,0.16201103321588997
404,2,10,150,29,0.0
405,2,10,150,29,0.25409567769241015
406,2,10,150,29,0.34815257782373793
407,2,10,150,29,0.14497206706114626
408,2,10,150,29,0.0
409,2,10,150,29,0.1977475837890257
410,2,10,150,29,0.040419659112753054
411,2,10,150,29,0.13359023741301432
412,2,10,150,29,0.041062015509212284
413,2,10,150,29,0.1637733768567814
414,2,10,150,29,0.0
415,2,10,150,29,0.15582818336744758
416,2,10,150,29,0.5132570452042814
417,2,10,150,29,0.3943209439540838
418,2,10,150,29,0.0
419,2,10,150,29,0.09817896789964464
420,2,10,150,29,0.08826293319322016
421,2,10,150,29,0.24776966817115725
422,2,10,150,29,0.05902824945288709
423,2,10,150,29,0.0
424,2,10,150,29,0.039270700903099615
425,2,10,150,29,0.08778494827421598
426,2,10,150,29,0.022745663386826168
427,2,10,150,29,0.0
428,2,10,150,29,0.0
429,2,10,150,29,0.43899871997442463
430,2,10,150,29,0.0801479659850818
431,2,10,150,29,0.0
432,2,10,150,29,0.040949887133979804
433,2,10,150,29,0.07600659849685834
434,2,10,150,29,0.1307770659832369
435,2,10,150,29,0.4636046357930924
436,2,10,150,29,0.03520918687757966
437,2,10,150,29,0.3563983316757008
438,2,10,150,29,0.11342455428465782
439,2,10,150,29,0.0
440,2,10,150,29,0.032014847745354055
441,2,10,150,29,0.1731866333482261
442,2,10,150,29,0.06242407513284288
443,2,10,150,29,0.0
444,2,10,150,29,0.0
445,2,10,150,29,0.0
446,2,10,150,29,0.08245015280887369
447,2,10,150,29,0.08485248329327057
448,2,10,150,29,0.0
449,2,10,150,29,0.10432459678113354
450,2,10,150,29,0.5185229073845837
451,2,10,150,29,0.0
452,2,10,150,29,0.2773122726283492
453,2,10,150,29,0.1640385439799499
454,2,10,150,29,0.0
455,2,10,150,29,0.1486671331271172
456,2,10,150,29,0.15136693752451108
457,2,10,150,29,0.5824848318608341
458,2,10,150,29,0.3174759798046388
459,2,10,150,29,0.1974528133918549
460,2,10,150,29,0.07041837375515932
461,2,10,150,29,0.0
462,2,10,150,29,0.0
463,2,10,150,29,0.2915174885785585
464,2,10,150,29,0.0
465,2,10,150,29,0.1379299837464796
466,2,10,150,29,0.13298269731187776
467,2,10,150,29,0.06754951183378939
468,2,10,150,29,0.253988516753985
469,2,10,150,29,0.05651614765972419
470,2,10,150,29,0.02794110381151734
471,2,10,150,29,0.0
472,2,10,150,29,0.24653791430964925
473,2,10,150,29,0.19978259035250553
474,2,10,150,29,0.44366149545610106
475,2,10,150,29,0.07311683844390994
476,2,10,150,29,0.02467314095571274
477,2,10,150,29,0.07075576072108061
478,2,10,150,29,0.11481372986355395
479,2,10,150,29,0.24077054456276137
480,2,10,150,29,0.13513870486171642
481,2,10,150,29,0.02738855579742861
482,2,10,150,29,0.0
483,2,10,150,29,0.0273055648695642
484,2,10,150,29,0.2405746943479928
485,2,10,150,29,0.0
486,2,10,150,29,0.032262664526278094
487,2,10,150,29,0.37047419779203167
488,2,10,150,29,0.0
489,2,10,150,29,0.0
490,2,10,150,29,0.08961728720334347
491,2,10,150,29,0.0
492,2,10,150,29,0.1338895448360617
493,2,10,150,29,0.18643448823668451
494,2,10,150,29,0.06103968146247971
495,2,10,150,29,0.12199990562410229
496,2,10,150,29,0.03520918687757966
497,2,10,150,29,0.18755728878738864
498,2,10,150,29,0.09898206906893194
499,2,10,150,29,0.022974664140439565
500,2,10,150,29,0.2707951868007586
501,2,10,150,29,0.0
502,2,10,150,29,0.0
503,2,10,150,29,0.11543270084202328
504,2,10,150,29,0.2185263225461944
505,2,10,150,29,0.07041837375515932
506,2,10,150,29,0.12850173543713972
507,2,10,150,29,0.0
508,2,10,150,29,0.16031763178485758
509,2,10,150,29,0.0
510,2,10,150,29,0.0
511,2,10,150,29,0.0
512,2,10,150,29,0.04622440829742681
513,2,10,150,29,0.0
514,2,10,150,29,0.24463010446352854
515,2,10,150,29,0.0
516,2,10,150,29,0.0843142342558857
517,2,10,150,29,0.0
518,2,10,150,29,0.0977239386247235
519,2,10,150,29,0.0
520,2,10,150,29,0.0
521,2,10,150,29,0.0
522,2,10,150,29,0.0559167101555819
523,2,10,150,29,0.21828845524201143
524,2,10,150,29,0.16510776807078492
525,2,10,150,29,0.0
526,2,10,150,29,0.0
527,2,10,150,29,0.3345462948397541
528,2,10,150,29,0.09031879038481141
529,2,10,150,29,0.0
530,2,10,150,29,0.0
531,2,10,150,29,0.0
532,2,10,150,29,0.06615149232752432
533,2,10,150,29,0.05763211190683029
534,2,10,150,29,0.024909303741335254
535,2,10,150,29,0.29427313143804107
536,2,10,150,29,0.2060365805702129
537,2,10,150,29,0.4437666827444852
538,2,10,150,29,0.032394594743117074
539,2,10,150,29,0.07066252848762221
540,2,10,150,29,0.0
541,2,10,150,29,0.055805240881847164
542,2,10,150,29,0.10762186767639075
543,2,10,150,29,0.055805240881847164
544,2,10,150,29,0.0
545,2,10,150,29,0.08311080575141136
546,2,10,150,29,0.03314153504336938
547,2,10,150,29,0.0
548,2,10,150,29,0.04806801813090108
549,2,10,150,29,0.0
550,2,10,150,29,0.0
551,2,10,150,29,0.25777721575960627
552,2,10,150,29,0.02561048881112675
553,2,10,150,29,0.13110931355271963
554,2,10,150,29,0.07041837375515932
555,2,10,150,29,0.0382580635535654
556,2,10,150,29,0.09441834681022167
557,2,10,150,29,0.04470486007704452
558,2,10,150,29,0.265053101293003
559,2,10,150,29,0.035234027770431754
560,2,10,150,29,0.028567598460307132
561,2,10,150,29,0.09101442775942682
562,2,10,150,29,0.04187254809446048
563,2,10,150,29,0.0
564,2,10,150,29,0.0
565,2,10,150,29,0.19482612055561835
566,2,10,150,29,0.02467314095571274
567,2,10,150,29,0.0273055648695642
568,2,10,150,29,0.0
569,2,10,150,29,0.1467868763787456
570,2,10,150,29,0.0
571,2,10,150,29,0.0
572,2,10,150,29,0.0
573,2,10,150,29,0.0
574,2,10,150,29,0.0
575,2,10,150,29,0.05154847002173459
576,2,10,150,29,0.0
577,2,10,150,29,0.0954463350086161
578,2,10,150,29,0.0
579,2,10,150,29,0.08297540479108526
580,2,10,150,29,0.13886244387355454
581,2,10,150,29,0.0
582,2,10,150,29,0.0
583,2,10,150,29,0.0
584,2,10,150,29,0.0
585,2,10,150,29,0.08668163308546498
586,2,10,150,29,0.10132509239867551
587,2,10,150,29,0.03459392809572638
588,2,10,150,29,0.0
589,2,10,150,29,0.0
590,2,10,150,29,0.06139304560474655
591,2,10,150,29,0.0
592,2,10,150,29,0.32056890683558936
593,2,10,150,29,0.0
594,2,10,150,29,0.0
595,2,10,150,29,0.0
596,2,10,150,29,0.0
597,2,10,150,29,0.0
598,2,10,150,29,0.0
599,2,10,150,29,0.0
600,2,10,150,29,0.0
601,2,10,150,29,0.03520918687757966
602,2,10,150,29,0.0
603,2,10,150,29,0.1435203717549576
604,2,10,150,29,0.0
605,2,10,150,29,0.19005508898031315
606,2,10,150,29,0.2201258975838135
607,2,10,150,29,0.08440880858250024
608,2,10,150,29,0.16858104419536618
609,2,10,150,29,0.0
610,2,10,150,29,0.11752277470724268
611,2,10,150,29,0.0
612,2,10,150,29,0.15130120674940672
613,2,10,150,29,0.0
614,2,10,150,29,0.0
615,2,10,150,29,0.09083374831253048
616,2,10,150,29,0.0
617,2,10,150,29,0.044257815106106525
618,2,10,150,29,0.18202885551885364
619,2,10,150,29,0.05319635904163211
620,2,10,150,29,0.030870735913721987
621,2,10,150,29,0.04924876637275784
622,2,10,150,29,0.11161048176369433
623,2,10,150,29,0.0
624,2,10,150,29,0.0536466452928127
625,2,10,150,29,0.0
626,2,10,150,29,0.0
627,2,10,150,29,0.0
628,2,10,150,29,0.0
629,2,10,150,29,0.19451610919980286
630,2,10,150,29,0.0
631,2,10,150,29,0.0
632,2,10,150,29,0.13439570003165963
633,2,10,150,29,0.07667481399289292
634,2,10,150,29,0.0
635,2,10,150,29,0.0
636,2,10,150,29,0.0
637,2,10,150,29,0.0
638,2,10,150,29,0.0
639,2,10,150,29,0.0
640,2,10,150,29,0.0
642,2,10,150,29,0.050280229010003764
643,2,10,150,29,0.0
644,2,10,150,29,0.0
645,2,10,150,29,0.09759501249802542
647,2,10,150,29,0.0
648,2,10,150,29,0.14299820714325945
649,2,10,150,29,1.0
650,2,10,150,29,0.0
651,2,10,150,29,0.0
653,2,10,150,29,0.0
654,2,10,150,29,0.0
655,2,10,150,29,0.11621678240839849
658,2,10,150,29,0.0
1,2,10,150,30,0.7929321558106733
2,2,10,150,30,0.1083188688865055
3,2,10,150,30,0.0
4,2,10,150,30,0.06166887310869151
5,2,10,150,30,0.10376315691029189
6,2,10,150,30,0.2732642084526648
7,2,10,150,30,0.23577581483088877
8,2,10,150,30,0.0
9,2,10,150,30,0.0
10,2,10,150,30,0.1568059937320064
11,2,10,150,30,0.14124776690561414
12,2,10,150,30,0.0
13,2,10,150,30,0.3441304250944698
14,2,10,150,30,0.09998274523051486
15,2,10,150,30,0.0
16,2,10,150,30,0.24435896670900695
17,2,10,150,30,0.0
18,2,10,150,30,0.33634050348088207
19,2,10,150,30,0.0
20,2,10,150,30,0.0
21,2,10,150,30,0.0
22,2,10,150,30,0.0
23,2,10,150,30,0.25004831193356963
24,2,10,150,30,0.06058493677293348
25,2,10,150,30,0.0
26,2,10,150,30,0.11161048176369433
27,2,10,150,30,0.0
28,2,10,150,30,0.10854509048291378
29,2,10,150,30,0.0
30,2,10,150,30,0.0
31,2,10,150,30,0.046287481291184845
32,2,10,150,30,0.11781210270929884
33,2,10,150,30,0.0
34,2,10,150,30,0.0
35,2,10,150,30,0.0
36,2,10,150,30,0.0
37,2,10,150,30,0.0
38,2,10,150,30,0.0
39,2,10,150,30,0.08210079624691
40,2,10,150,30,0.2212397779175911
41,2,10,150,30,0.0
42,2,10,150,30,0.16230359547513834
43,2,10,150,30,0.05928399508798612
44,2,10,150,30,0.17662076821119108
45,2,10,150,30,0.0
46,2,10,150,30,0.10684080426179023
47,2,10,150,30,0.0
48,2,10,150,30,0.0316088333445714
49,2,10,150,30,0.030447031399624055
50,2,10,150,30,0.0
51,2,10,150,30,0.07984133538066794
52,2,10,150,30,0.028947056565878558
53,2,10,150,30,0.12810519548676028
54,2,10,150,30,0.047934103497110726
55,2,10,150,30,0.0
56,2,10,150,30,0.1926401882475645
57,2,10,150,30,0.029996736818897345
58,2,10,150,30,0.04592664184361426
59,2,10,150,30,0.37419536975511775
60,2,10,150,30,0.26834846507128474
61,2,10,150,30,0.0
62,2,10,150,30,0.25289347972819193
63,2,10,150,30,0.0763437499438357
64,2,10,150,30,0.06886690743551852
65,2,10,150,30,0.18154179097601578
66,2,10,150,30,0.09149933372035922
67,2,10,150,30,0.24630238874073
68,2,10,150,30,0.0
69,2,10,150,30,0.10495938403254562
70,2,10,150,30,0.03155184951131585
71,2,10,150,30,0.0
72,2,10,150,30,0.2422111616694845
73,2,10,150,30,0.232881323723998
74,2,10,150,30,0.17342765698823945
75,2,10,150,30,0.11695783215678135
76,2,10,150,30,0.1858487691177525
77,2,10,150,30,0.096890966577576
78,2,10,150,30,0.0
79,2,10,150,30,0.043610123019801564
80,2,10,150,30,0.1744476820873323
81,2,10,150,30,0.0
82,2,10,150,30,0.0
83,2,10,150,30,0.05765499731179104
84,2,10,150,30,0.029136604147144557
85,2,10,150,30,0.35012786956821673
86,2,10,150,30,0.0
87,2,10,150,30,0.16773853704641312
88,2,10,150,30,0.06294571929989644
89,2,10,150,30,0.12390786004571805
90,2,10,150,30,0.1137110706948657
91,2,10,150,30,0.0
92,2,10,150,30,0.17216154169920395
93,2,10,150,30,0.0
94,2,10,150,30,0.3947323408944349
95,2,10,150,30,0.20735996598045317
96,2,10,150,30,0.07651920817549171
97,2,10,150,30,0.15194751309721466
98,2,10,150,30,0.0
99,2,10,150,30,0.08407262359080238
100,2,10,150,30,0.0
101,2,10,150,30,0.0
102,2,10,150,30,0.07984908915088329
103,2,10,150,30,0.0
104,2,10,150,30,0.0
105,2,10,150,30,0.0
106,2,10,150,30,0.0
107,2,10,150,30,0.0
108,2,10,150,30,0.04485361187694993
109,2,10,150,30,0.21966793255461992
110,2,10,150,30,0.047008977610577894
111,2,10,150,30,0.0
112,2,10,150,30,0.0
113,2,10,150,30,0.178509607681865
114,2,10,150,30,0.0
115,2,10,150,30,0.14664330289943722
116,2,10,150,30,0.030447031399624055
117,2,10,150,30,0.0
118,2,10,150,30,0.04524546569791721
119,2,10,150,30,0.15118504904684474
120,2,10,150,30,0.361879195385413
121,2,10,150,30,0.03232623375868038
122,2,10,150,30,0.08041927109478651
123,2,10,150,30,0.09942460513010813
124,2,10,150,30,0.05533181737932847
125,2,10,150,30,0.11284711595208585
126,2,10,150,30,0.0
127,2,10,150,30,0.0
128,2,10,150,30,0.045838526849209416
129,2,10,150,30,0.0
130,2,10,150,30,0.13965793166310025
131,2,10,150,30,0.13787232815362804
132,2,10,150,30,0.07667481399289292
133,2,10,150,30,0.0
134,2,10,150,30,0.0
135,2,10,150,30,0.0
136,2,10,150,30,0.0
137,2,10,150,30,0.0
138,2,10,150,30,0.10332949630181452
139,2,10,150,30,0.0
140,2,10,150,30,0.0
141,2,10,150,30,0.05010581249679947
142,2,10,150,30,0.0
143,2,10,150,30,0.0
144,2,10,150,30,0.2566277461719545
145,2,10,150,30,0.12680484995856672
146,2,10,150,30,0.0
147,2,10,150,30,0.0
148,2,10,150,30,0.046823654699505654
149,2,10,150,30,0.10486881530019958
150,2,10,150,30,0.0
151,2,10,150,30,0.16706816436827293
152,2,10,150,30,0.0
153,2,10,150,30,0.0
154,2,10,150,30,0.047978870624887156
155,2,10,150,30,0.0
156,2,10,150,30,0.06437746926759551
157,2,10,150,30,0.06857646087959317
158,2,10,150,30,0.1308173419839063
159,2,10,150,30,0.0
160,2,10,150,30,0.10358403124688613
161,2,10,150,30,0.0
162,2,10,150,30,0.0
163,2,10,150,30,0.0
164,2,10,150,30,0.0
165,2,10,150,30,0.0
166,2,10,150,30,0.0
167,2,10,150,30,0.040419659112753054
168,2,10,150,30,0.0
169,2,10,150,30,0.0
170,2,10,150,30,0.0
171,2,10,150,30,0.0
172,2,10,150,30,0.0
173,2,10,150,30,0.0
174,2,10,150,30,0.2293902036277788
175,2,10,150,30,0.22732566419594713
176,2,10,150,30,0.0
177,2,10,150,30,0.3100674889483196
178,2,10,150,30,0.23517671475136215
179,2,10,150,30,0.054384419234677496
180,2,10,150,30,0.05459112561892713
181,2,10,150,30,0.04894849340530679
182,2,10,150,30,0.0
183,2,10,150,30,0.0
184,2,10,150,30,0.17982939250699911
185,2,10,150,30,0.0
186,2,10,150,30,0.030868393892711742
187,2,10,150,30,0.043599246064372175
188,2,10,150,30,0.26990485040471895
189,2,10,150,30,0.10038964522741034
190,2,10,150,30,0.0
191,2,10,150,30,0.0
192,2,10,150,30,0.0
193,2,10,150,30,0.0
194,2,10,150,30,0.14046524713411637
195,2,10,150,30,0.025695227962458354
196,2,10,150,30,0.04485361187694993
197,2,10,150,30,0.07735149545520406
198,2,10,150,30,0.036383821941977264
199,2,10,150,30,0.2529427027676571
200,2,10,150,30,0.29085033503910107
201,2,10,150,30,0.10330036115327779
202,2,10,150,30,0.27487633291429087
203,2,10,150,30,0.05947719272904215
204,2,10,150,30,0.0
205,2,10,150,30,0.1465996756793884
206,2,10,150,30,0.0
207,2,10,150,30,0.029496890677836472
208,2,10,150,30,0.05919139647768146
209,2,10,150,30,0.0
210,2,10,150,30,0.11963298952214003
211,2,10,150,30,0.0
212,2,10,150,30,0.0
213,2,10,150,30,0.028668581747809112
214,2,10,150,30,0.2016023053917151
215,2,10,150,30,0.026227071555033968
216,2,10,150,30,0.08162947472223064
217,2,10,150,30,0.04630610387058298
218,2,10,150,30,0.1023482199458735
219,2,10,150,30,0.0
220,2,10,150,30,0.0
221,2,10,150,30,0.12074413598002143
222,2,10,150,30,0.1214947518500344
223,2,10,150,30,0.0
224,2,10,150,30,0.029996736818897345
225,2,10,150,30,0.0
226,2,10,150,30,0.07386039040058112
227,2,10,150,30,0.06711341307257644
228,2,10,150,30,0.0
229,2,10,150,30,0.0
230,2,10,150,30,0.24085672127569704
231,2,10,150,30,0.3903800499921017
232,2,10,150,30,0.06288558365907605
233,2,10,150,30,0.09095955485494316
234,2,10,150,30,0.1186056562566506
235,2,10,150,30,0.08400628493556295
236,2,10,150,30,0.04940906353689572
237,2,10,150,30,0.18766084280469636
238,2,10,150,30,0.0
239,2,10,150,30,0.023504488805288947
240,2,10,150,30,0.0
241,2,10,150,30,0.0
242,2,10,150,30,0.0
243,2,10,150,30,0.23165732683700077
244,2,10,150,30,0.1389305367709394
245,2,10,150,30,0.0
246,2,10,150,30,0.15507810766954608
247,2,10,150,30,0.0
248,2,10,150,30,0.14176813152020928
249,2,10,150,30,0.2553268804649543
250,2,10,150,30,0.023835426911994775
251,2,10,150,30,0.10803826056443963
252,2,10,150,30,0.13120507751234178
253,2,10,150,30,0.16057451042951362
254,2,10,150,30,0.29517503949289586
255,2,10,150,30,0.0
256,2,10,150,30,0.2984402109012777
257,2,10,150,30,0.04759023790187059
258,2,10,150,30,0.0
259,2,10,150,30,0.0
260,2,10,150,30,0.0
261,2,10,150,30,0.0
262,2,10,150,30,0.06886690743551852
263,2,10,150,30,0.07289695248299831
264,2,10,150,30,0.0928186787152849
265,2,10,150,30,0.0
266,2,10,150,30,0.0
267,2,10,150,30,0.09418387924238249
268,2,10,150,30,0.2133847717166398
269,2,10,150,30,0.1154033501650359
270,2,10,150,30,0.07983100403953852
271,2,10,150,30,0.3694944244035143
272,2,10,150,30,0.21581995694207878
273,2,10,150,30,0.0
274,2,10,150,30,0.05829918151249392
275,2,10,150,30,0.04105877938688906
276,2,10,150,30,0.3367368092029359
277,2,10,150,30,0.0
278,2,10,150,30,0.0
279,2,10,150,30,0.31529401219958797
280,2,10,150,30,0.12728976279607018
281,2,10,150,30,0.05516788910004661
282,2,10,150,30,0.0
283,2,10,150,30,0.03337620304869898
284,2,10,150,30,0.0
285,2,10,150,30,0.15002687789384317
286,2,10,150,30,0.08931072604306595
287,2,10,150,30,0.0845667599404342
288,2,10,150,30,0.04143843208212992
289,2,10,150,30,0.0
290,2,10,150,30,0.09449357188080848
291,2,10,150,30,0.29691612171429516
292,2,10,150,30,0.27993220880117314
293,2,10,150,30,0.18891132126255308
294,2,10,150,30,0.05942233668176323
295,2,10,150,30,0.10087948128772652
296,2,10,150,30,0.0251854982965041
297,2,10,150,30,0.07517724753963168
298,2,10,150,30,0.32124736461770914
299,2,10,150,30,0.05660677534571069
300,2,10,150,30,0.0
301,2,10,150,30,0.19516508199484775
302,2,10,150,30,0.0
303,2,10,150,30,0.45162575911434233
304,2,10,150,30,0.0
305,2,10,150,30,0.21648666101214892
306,2,10,150,30,0.0
307,2,10,150,30,0.10355828853442778
308,2,10,150,30,0.22258344135713368
309,2,10,150,30,0.0
310,2,10,150,30,0.0
311,2,10,150,30,0.39560318126671046
312,2,10,150,30,0.13161994932461324
313,2,10,150,30,0.2573199205758711
314,2,10,150,30,0.1458040188519961
315,2,10,150,30,0.07629373644376432
316,2,10,150,30,0.029546401698350686
317,2,10,150,30,0.0
318,2,10,150,30,0.049659601099152746
319,2,10,150,30,0.0
320,2,10,150,30,0.05678475713431943
321,2,10,150,30,0.13344267200854945
322,2,10,150,30,0.28733633616913373
323,2,10,150,30,0.0
324,2,10,150,30,0.04342547274117719
325,2,10,150,30,0.052879847536557056
326,2,10,150,30,0.10235423264874448
327,2,10,150,30,0.0
328,2,10,150,30,0.22904479688092097
329,2,10,150,30,0.0
330,2,10,150,30,0.05152901435389809
331,2,10,150,30,0.0
332,2,10,150,30,0.24483328631799717
333,2,10,150,30,0.05206745415870339
334,2,10,150,30,0.21872014762773076
335,2,10,150,30,0.0
336,2,10,150,30,0.14156228714823077
337,2,10,150,30,0.07596161868673496
338,2,10,150,30,0.07127723726551295
339,2,10,150,30,0.3340977558309972
340,2,10,150,30,0.10371840794800628
341,2,10,150,30,0.0
342,2,10,150,30,0.20957022277276618
343,2,10,150,30,0.3744352917539368
344,2,10,150,30,0.19369073204049056
345,2,10,150,30,0.08853925405831288
346,2,10,150,30,0.3844910434202546
347,2,10,150,30,0.20818413743234715
348,2,10,150,30,0.0
349,2,10,150,30,0.163169180413793
350,2,10,150,30,0.052086392783128294
351,2,10,150,30,0.030979542277895667
352,2,10,150,30,0.2470219007193075
353,2,10,150,30,0.0
354,2,10,150,30,0.1594996647955943
355,2,10,150,30,0.0
356,2,10,150,30,0.10061931714936387
357,2,10,150,30,0.08220038494336858
358,2,10,150,30,0.0
359,2,10,150,30,0.0
360,2,10,150,30,0.18990308098814151
361,2,10,150,30,0.08436485286302717
362,2,10,150,30,0.0
363,2,10,150,30,0.22431133441839832
364,2,10,150,30,0.0
365,2,10,150,30,0.0
366,2,10,150,30,0.0
367,2,10,150,30,0.0
368,2,10,150,30,0.03597158591011401
369,2,10,150,30,0.21386152848601384
370,2,10,150,30,0.030682774986138056
371,2,10,150,30,0.03591148888190114
372,2,10,150,30,0.0536466452928127
373,2,10,150,30,0.19927830140720817
374,2,10,150,30,0.2544782477503131
375,2,10,150,30,0.1676614286651071
376,2,10,150,30,0.0
377,2,10,150,30,0.3067552645565975
378,2,10,150,30,0.08918561552216835
379,2,10,150,30,0.1968153063069829
380,2,10,150,30,0.09095955485494316
381,2,10,150,30,0.06793567145329311
382,2,10,150,30,0.0493171240499355
383,2,10,150,30,0.0
384,2,10,150,30,0.0
385,2,10,150,30,0.2535836237531077
386,2,10,150,30,0.0
387,2,10,150,30,0.24936099085180669
388,2,10,150,30,0.0
389,2,10,150,30,0.35243178864195496
390,2,10,150,30,0.10466779365752882
391,2,10,150,30,0.1481168426566271
392,2,10,150,30,0.02322154359403178
393,2,10,150,30,0.0
394,2,10,150,30,0.20964316129883814
395,2,10,150,30,0.03571967640542795
396,2,10,150,30,0.08006506288147622
397,2,10,150,30,0.15434524294510743
398,2,10,150,30,0.1323304937265985
399,2,10,150,30,0.036383821941977264
400,2,10,150,30,0.0
401,2,10,150,30,0.0
402,2,10,150,30,0.15763555583548006
403,2,10,150,30,0.16201103321588997
404,2,10,150,30,0.0
405,2,10,150,30,0.24849741029593828
406,2,10,150,30,0.34048203717098574
407,2,10,150,30,0.1417780245500808
408,2,10,150,30,0.0
409,2,10,150,30,0.19339078456634357
410,2,10,150,30,0.040419659112753054
411,2,10,150,30,0.13359023741301432
412,2,10,150,30,0.041062015509212284
413,2,10,150,30,0.1637733768567814
414,2,10,150,30,0.0
415,2,10,150,30,0.15582818336744758
416,2,10,150,30,0.5019489025067307
417,2,10,150,30,0.3856332161488261
418,2,10,150,30,0.0
419,2,10,150,30,0.09817896789964464
420,2,10,150,30,0.13011860784218718
421,2,10,150,30,0.24776966817115725
422,2,10,150,30,0.05772773176055967
423,2,10,150,30,0.0
424,2,10,150,30,0.039270700903099615
425,2,10,150,30,0.08585085943694179
426,2,10,150,30,0.02224452811799355
427,2,10,150,30,0.0
428,2,10,150,30,0.0
429,2,10,150,30,0.4293266458823154
430,2,10,150,30,0.0783821360861137
431,2,10,150,30,0.0
432,2,10,150,30,0.040949887133979804
433,2,10,150,30,0.07600659849685834
434,2,10,150,30,0.1307770659832369
435,2,10,150,30,0.45339044112050353
436,2,10,150,30,0.05646557739382089
437,2,10,150,30,0.3485461195542797
438,2,10,150,30,0.11342455428465782
439,2,10,150,30,0.0
440,2,10,150,30,0.032014847745354055
441,2,10,150,30,0.1731866333482261
442,2,10,150,30,0.06104874018915233
443,2,10,150,30,0.0
444,2,10,150,30,0.0
445,2,10,150,30,0.0
446,2,10,150,30,0.10865179337771637
447,2,10,150,30,0.08298300288713228
448,2,10,150,30,0.0
449,2,10,150,30,0.10202610436239636
450,2,10,150,30,0.5291308702362773
451,2,10,150,30,0.0
452,2,10,150,30,0.27120249434091165
453,2,10,150,30,0.16042442649134261
454,2,10,150,30,0.0
455,2,10,150,30,0.14539168046349507
456,2,10,150,30,0.14803200243650438
457,2,10,150,30,0.5916835776819079
458,2,10,150,30,0.3325134334294659
459,2,10,150,30,0.19310250858701924
460,2,10,150,30,0.07041837375515932
461,2,10,150,30,0.0
462,2,10,150,30,0.0
463,2,10,150,30,0.28509473921646084
464,2,10,150,30,0.0
465,2,10,150,30,0.13489109328594
466,2,10,150,30,0.13005280607792621
467,2,10,150,30,0.06754951183378939
468,2,10,150,30,0.2483926103405618
469,2,10,150,30,0.05651614765972419
470,2,10,150,30,0.02794110381151734
471,2,10,150,30,0.0
472,2,10,150,30,0.24110616049074082
473,2,10,150,30,0.19978259035250553
474,2,10,150,30,0.45591881419396746
475,2,10,150,30,0.07311683844390994
476,2,10,150,30,0.02412953926269958
477,2,10,150,30,0.07075576072108061
478,2,10,150,30,0.11228413956749021
479,2,10,150,30,0.23546585814740192
480,2,10,150,30,0.13513870486171642
481,2,10,150,30,0.02738855579742861
482,2,10,150,30,0.0
483,2,10,150,30,0.0273055648695642
484,2,10,150,30,0.25730644660484875
485,2,10,150,30,0.0
486,2,10,150,30,0.03155184951131585
487,2,10,150,30,0.362311864447488
488,2,10,150,30,0.0
489,2,10,150,30,0.0
490,2,10,150,30,0.08961728720334347
491,2,10,150,30,0.0
492,2,10,150,30,0.1338895448360617
493,2,10,150,30,0.18232694053437062
494,2,10,150,30,0.06103968146247971
495,2,10,150,30,0.11931198861492423
496,2,10,150,30,0.03443345371775926
497,2,10,150,30,0.18342500340447812
498,2,10,150,30,0.09680128388149276
499,2,10,150,30,0.044500607174743044
500,2,10,150,30,0.2648289937542821
501,2,10,150,30,0.0
502,2,10,150,30,0.0
503,2,10,150,30,0.11288947330081002
504,2,10,150,30,0.2137117235813817
505,2,10,150,30,0.06886690743551852
506,2,10,150,30,0.12567056930940013
507,2,10,150,30,0.0
508,2,10,150,30,0.15678549389392032
509,2,10,150,30,0.0
510,2,10,150,30,0.0
511,2,10,150,30,0.0
512,2,10,150,30,0.04622440829742681
513,2,10,150,30,0.0
514,2,10,150,30,0.23924038374710024
515,2,10,150,30,0.0
516,2,10,150,30,0.0843142342558857
517,2,10,150,30,0.0
518,2,10,150,30,0.09557087272283175
519,2,10,150,30,0.0
520,2,10,150,30,0.0
521,2,10,150,30,0.0
522,2,10,150,30,0.0559167101555819
523,2,10,150,30,0.213479096999063
524,2,10,150,30,0.1614700933047709
525,2,10,150,30,0.0
526,2,10,150,30,0.0
527,2,10,150,30,0.3492076531725381
528,2,10,150,30,0.09031879038481141
529,2,10,150,30,0.0
530,2,10,150,30,0.03067046672709443
531,2,10,150,30,0.0
532,2,10,150,30,0.06469403446720827
533,2,10,150,30,0.05636235408958639
534,2,10,150,30,0.024909303741335254
535,2,10,150,30,0.28778966941165623
536,2,10,150,30,0.20149715714529717
537,2,10,150,30,0.4339895603069432
538,2,10,150,30,0.032394594743117074
539,2,10,150,30,0.07066252848762221
540,2,10,150,30,0.0
541,2,10,150,30,0.0545757329129659
542,2,10,150,30,0.10525072937749579
543,2,10,150,30,0.0545757329129659
544,2,10,150,30,0.0
545,2,10,150,30,0.08127969820027914
546,2,10,150,30,0.03314153504336938
547,2,10,150,30,0.0
548,2,10,150,30,0.047008977610577894
549,2,10,150,30,0.0
550,2,10,150,30,0.0
551,2,10,150,30,0.2520978362611198
552,2,10,150,30,0.02561048881112675
553,2,10,150,30,0.12822069694144256
554,2,10,150,30,0.07041837375515932
555,2,10,150,30,0.0382580635535654
556,2,10,150,30,0.09441834681022167
557,2,10,150,30,0.04470486007704452
558,2,10,150,30,0.265053101293003
559,2,10,150,30,0.035234027770431754
560,2,10,150,30,0.028567598460307132
561,2,10,150,30,0.08900918663072516
562,2,10,150,30,0.04187254809446048
563,2,10,150,30,0.0
564,2,10,150,30,0.0
565,2,10,150,30,0.19482612055561835
566,2,10,150,30,0.02412953926269958
567,2,10,150,30,0.02670396528731324
568,2,10,150,30,0.0
569,2,10,150,30,0.1467868763787456
570,2,10,150,30,0.0
571,2,10,150,30,0.0
572,2,10,150,30,0.0
573,2,10,150,30,0.0
574,2,10,150,30,0.0
575,2,10,150,30,0.05154847002173459
576,2,10,150,30,0.0
577,2,10,150,30,0.09334344955127948
578,2,10,150,30,0.0
579,2,10,150,30,0.08297540479108526
580,2,10,150,30,0.13886244387355454
581,2,10,150,30,0.0
582,2,10,150,30,0.0
583,2,10,150,30,0.0
584,2,10,150,30,0.0
585,2,10,150,30,0.08668163308546498
586,2,10,150,30,0.10132509239867551
587,2,10,150,30,0.03459392809572638
588,2,10,150,30,0.0
589,2,10,150,30,0.0
590,2,10,150,30,0.06139304560474655
591,2,10,150,30,0.0
592,2,10,150,30,0.3355382167095494
593,2,10,150,30,0.0
594,2,10,150,30,0.0
595,2,10,150,30,0.0
596,2,10,150,30,0.0
597,2,10,150,30,0.0
598,2,10,150,30,0.0
599,2,10,150,30,0.0
600,2,10,150,30,0.0
601,2,10,150,30,0.03443345371775926
602,2,10,150,30,0.0
603,2,10,150,30,0.1435203717549576
604,2,10,150,30,0.0
605,2,10,150,30,0.19005508898031315
606,2,10,150,30,0.21527605658394286
607,2,10,150,30,0.08440880858250024
608,2,10,150,30,0.16858104419536618
609,2,10,150,30,0.0
610,2,10,150,30,0.11752277470724268
611,2,10,150,30,0.0
612,2,10,150,30,0.15130120674940672
613,2,10,150,30,0.0
614,2,10,150,30,0.0
615,2,10,150,30,0.09083374831253048
616,2,10,150,30,0.0
617,2,10,150,30,0.044257815106106525
618,2,10,150,30,0.1780183732614503
619,2,10,150,30,0.05319635904163211
620,2,10,150,30,0.030870735913721987
621,2,10,150,30,0.04816371146113978
622,2,10,150,30,0.1091514658259318
623,2,10,150,30,0.0
624,2,10,150,30,0.0536466452928127
625,2,10,150,30,0.0
626,2,10,150,30,0.0
627,2,10,150,30,0.0
628,2,10,150,30,0.0
629,2,10,150,30,0.19451610919980286
630,2,10,150,30,0.0
631,2,10,150,30,0.0
632,2,10,150,30,0.13439570003165963
633,2,10,150,30,0.07667481399289292
634,2,10,150,30,0.0
635,2,10,150,30,0.0
636,2,10,150,30,0.0
637,2,10,150,30,0.0
638,2,10,150,30,0.0
639,2,10,150,30,0.0
640,2,10,150,30,0.0
642,2,10,150,30,0.050280229010003764
643,2,10,150,30,0.0
644,2,10,150,30,0.0
645,2,10,150,30,0.09759501249802542
647,2,10,150,30,0.0
648,2,10,150,30,0.14299820714325945
649,2,10,150,30,1.0
650,2,10,150,30,0.0
651,2,10,150,30,0.0
653,2,10,150,30,0.0
654,2,10,150,30,0.0
655,2,10,150,30,0.11621678240839849
658,2,10,150,30,0.0
1,2,10,150,31,0.7759920224663863
2,2,10,150,31,0.1083188688865055
3,2,10,150,31,0.0
4,2,10,150,31,0.06166887310869151
5,2,10,150,31,0.10154636988582393
6,2,10,150,31,0.2674262157625128
7,2,10,150,31,0.23073872090888767
8,2,10,150,31,0.0
9,2,10,150,31,0.0
10,2,10,150,31,0.1534560041729528
11,2,10,150,31,0.13823016194606044
12,2,10,150,31,0.0
13,2,10,150,31,0.35814236542750055
14,2,10,150,31,0.09998274523051486
15,2,10,150,31,0.0
16,2,10,150,31,0.23913850307969345
17,2,10,150,31,0.0
18,2,10,150,31,0.32915495433106146
19,2,10,150,31,0.0
20,2,10,150,31,0.0
21,2,10,150,31,0.0
22,2,10,150,31,0.0
23,2,10,150,31,0.2660702143176772
24,2,10,150,31,0.06058493677293348
25,2,10,150,31,0.0
26,2,10,150,31,0.11161048176369433
27,2,10,150,31,0.0
28,2,10,150,31,0.10854509048291378
29,2,10,150,31,0.0
30,2,10,150,31,0.0
31,2,10,150,31,0.046287481291184845
32,2,10,150,31,0.11781210270929884
33,2,10,150,31,0.0
34,2,10,150,31,0.0
35,2,10,150,31,0.0
36,2,10,150,31,0.0
37,2,10,150,31,0.0
38,2,10,150,31,0.0
39,2,10,150,31,0.08210079624691
40,2,10,150,31,0.2212397779175911
41,2,10,150,31,0.0
42,2,10,150,31,0.1588361556324508
43,2,10,150,31,0.058017456993127554
44,2,10,150,31,0.17284745754023076
45,2,10,150,31,0.0
46,2,10,150,31,0.10684080426179023
47,2,10,150,31,0.0
48,2,10,150,31,0.0316088333445714
49,2,10,150,31,0.02979656367919215
50,2,10,150,31,0.0
51,2,10,150,31,0.07984133538066794
52,2,10,150,31,0.028947056565878558
53,2,10,150,31,0.12810519548676028
54,2,10,150,31,0.047934103497110726
55,2,10,150,31,0.0
56,2,10,150,31,0.18852464008563385
57,2,10,150,31,0.029996736818897345
58,2,10,150,31,0.044945469077211905
59,2,10,150,31,0.3662010925473966
60,2,10,150,31,0.2626154918935294
61,2,10,150,31,0.0
62,2,10,150,31,0.24749068550790151
63,2,10,150,31,0.0763437499438357
64,2,10,150,31,0.06739564083797003
65,2,10,150,31,0.18154179097601578
66,2,10,150,31,0.09149933372035922
67,2,10,150,31,0.24630238874073
68,2,10,150,31,0.0
69,2,10,150,31,0.10495938403254562
70,2,10,150,31,0.03155184951131585
71,2,10,150,31,0.0
72,2,10,150,31,0.25840049624755707
73,2,10,150,31,0.232881323723998
74,2,10,150,31,0.17342765698823945
75,2,10,150,31,0.11695783215678135
76,2,10,150,31,0.1858487691177525
77,2,10,150,31,0.096890966577576
78,2,10,150,31,0.0
79,2,10,150,31,0.08508236880273473
80,2,10,150,31,0.1744476820873323
81,2,10,150,31,0.0
82,2,10,150,31,0.0
83,2,10,150,31,0.056423260983192135
84,2,10,150,31,0.029136604147144557
85,2,10,150,31,0.34264776833310817
86,2,10,150,31,0.0
87,2,10,150,31,0.1641549855865322
88,2,10,150,31,0.06294571929989644
89,2,10,150,31,0.12390786004571805
90,2,10,150,31,0.11128175730887584
91,2,10,150,31,0.0
92,2,10,150,31,0.16848349755410197
93,2,10,150,31,0.0
94,2,10,150,31,0.38629931362841635
95,2,10,150,31,0.20292994577224963
96,2,10,150,31,0.07651920817549171
97,2,10,150,31,0.15194751309721466
98,2,10,150,31,0.0
99,2,10,150,31,0.08227650340095313
100,2,10,150,31,0.0
101,2,10,150,31,0.0
102,2,10,150,31,0.07814320018204345
103,2,10,150,31,0.0
104,2,10,150,31,0.0
105,2,10,150,31,0.0
106,2,10,150,31,0.0
107,2,10,150,31,0.0
108,2,10,150,31,0.04485361187694993
109,2,10,150,31,0.2149749660231584
110,2,10,150,31,0.04600468191735098
111,2,10,150,31,0.0
112,2,10,150,31,0.0
113,2,10,150,31,0.178509607681865
114,2,10,150,31,0.0
115,2,10,150,31,0.14664330289943722
116,2,10,150,31,0.02979656367919215
117,2,10,150,31,0.0
118,2,10,150,31,0.06863703212927347
119,2,10,150,31,0.14795514485926928
120,2,10,150,31,0.361879195385413
121,2,10,150,31,0.03232623375868038
122,2,10,150,31,0.08041927109478651
123,2,10,150,31,0.09942460513010813
124,2,10,150,31,0.05533181737932847
125,2,10,150,31,0.11043626001978715
126,2,10,150,31,0.0
127,2,10,150,31,0.0
128,2,10,150,31,0.044859236563854044
129,2,10,150,31,0.0
130,2,10,150,31,0.13667429180485602
131,2,10,150,31,0.13787232815362804
132,2,10,150,31,0.07667481399289292
133,2,10,150,31,0.0
134,2,10,150,31,0.0
135,2,10,150,31,0.0
136,2,10,150,31,0.03734555298506959
137,2,10,150,31,0.0
138,2,10,150,31,0.10332949630181452
139,2,10,150,31,0.0
140,2,10,150,31,0.0
141,2,10,150,31,0.049035356293454006
142,2,10,150,31,0.0
143,2,10,150,31,0.0
144,2,10,150,31,0.2511451734094056
145,2,10,150,31,0.12409580221563055
146,2,10,150,31,0.0
147,2,10,150,31,0.0
148,2,10,150,31,0.046823654699505654
149,2,10,150,31,0.10486881530019958
150,2,10,150,31,0.0
151,2,10,150,31,0.16349893469175625
152,2,10,150,31,0.02136391268805077
153,2,10,150,31,0.0
154,2,10,150,31,0.047978870624887156
155,2,10,150,31,0.0
156,2,10,150,31,0.06437746926759551
157,2,10,150,31,0.06857646087959317
158,2,10,150,31,0.12802257171167924
159,2,10,150,31,0.0
160,2,10,150,31,0.10137107104745134
161,2,10,150,31,0.0
162,2,10,150,31,0.0
163,2,10,150,31,0.0
164,2,10,150,31,0.0
165,2,10,150,31,0.0
166,2,10,150,31,0.0
167,2,10,150,31,0.040419659112753054
168,2,10,150,31,0.0
169,2,10,150,31,0.0
170,2,10,150,31,0.0
171,2,10,150,31,0.0
172,2,10,150,31,0.0
173,2,10,150,31,0.0
174,2,10,150,31,0.22448953134598076
175,2,10,150,31,0.22732566419594713
176,2,10,150,31,0.0
177,2,10,150,31,0.30344323418702457
178,2,10,150,31,0.25151633263920226
179,2,10,150,31,0.054384419234677496
180,2,10,150,31,0.05459112561892713
181,2,10,150,31,0.04790276206598419
182,2,10,150,31,0.0
183,2,10,150,31,0.0
184,2,10,150,31,0.17598753306673437
185,2,10,150,31,0.0
186,2,10,150,31,0.030868393892711742
187,2,10,150,31,0.043599246064372175
188,2,10,150,31,0.26990485040471895
189,2,10,150,31,0.09824492961198755
190,2,10,150,31,0.0
191,2,10,150,31,0.0
192,2,10,150,31,0.0
193,2,10,150,31,0.0
194,2,10,150,31,0.13746435985863764
195,2,10,150,31,0.025695227962458354
196,2,10,150,31,0.04485361187694993
197,2,10,150,31,0.07735149545520406
198,2,10,150,31,0.03560652114675128
199,2,10,150,31,0.2529427027676571
200,2,10,150,31,0.28463663387603544
201,2,10,150,31,0.10109346125695505
202,2,10,150,31,0.27487633291429087
203,2,10,150,31,0.05947719272904215
204,2,10,150,31,0.0
205,2,10,150,31,0.1465996756793884
206,2,10,150,31,0.0
207,2,10,150,31,0.0288667216808262
208,2,10,150,31,0.05919139647768146
209,2,10,150,31,0.0
210,2,10,150,31,0.11707716077937855
211,2,10,150,31,0.0
212,2,10,150,31,0.06052048269976269
213,2,10,150,31,0.028056108670458674
214,2,10,150,31,0.19729529134161675
215,2,10,150,31,0.026227071555033968
216,2,10,150,31,0.08162947472223064
217,2,10,150,31,0.04630610387058298
218,2,10,150,31,0.1023482199458735
219,2,10,150,31,0.0
220,2,10,150,31,0.0
221,2,10,150,31,0.11816456880135012
222,2,10,150,31,0.11889914857945388
223,2,10,150,31,0.0
224,2,10,150,31,0.029996736818897345
225,2,10,150,31,0.0
226,2,10,150,31,0.07386039040058112
227,2,10,150,31,0.06711341307257644
228,2,10,150,31,0.0
229,2,10,150,31,0.0
230,2,10,150,31,0.25707499200008366
231,2,10,150,31,0.3903800499921017
232,2,10,150,31,0.06288558365907605
233,2,10,150,31,0.11278984802012952
234,2,10,150,31,0.11607177537207455
235,2,10,150,31,0.08400628493556295
236,2,10,150,31,0.0697174053055459
237,2,10,150,31,0.18766084280469636
238,2,10,150,31,0.0
239,2,10,150,31,0.02300234095867549
240,2,10,150,31,0.0
241,2,10,150,31,0.0
242,2,10,150,31,0.0
243,2,10,150,31,0.23165732683700077
244,2,10,150,31,0.13596243691366103
245,2,10,150,31,0.0
246,2,10,150,31,0.15176503251746576
247,2,10,150,31,0.0
248,2,10,150,31,0.14176813152020928
249,2,10,150,31,0.24987209928378862
250,2,10,150,31,0.023835426911994775
251,2,10,150,31,0.10803826056443963
252,2,10,150,31,0.13120507751234178
253,2,10,150,31,0.157144010608771
254,2,10,150,31,0.2888689457214777
255,2,10,150,31,0.0
256,2,10,150,31,0.29206436029297933
257,2,10,150,31,0.04759023790187059
258,2,10,150,31,0.0
259,2,10,150,31,0.0
260,2,10,150,31,0.0
261,2,10,150,31,0.0
262,2,10,150,31,0.06739564083797003
263,2,10,150,31,0.07289695248299831
264,2,10,150,31,0.09083570856739133
265,2,10,150,31,0.0
266,2,10,150,31,0.0
267,2,10,150,31,0.11353565575767709
268,2,10,150,31,0.20882603808472588
269,2,10,150,31,0.11293788306820153
270,2,10,150,31,0.07812550143943839
271,2,10,150,31,0.3616005777818361
272,2,10,150,31,0.21581995694207878
273,2,10,150,31,0.0
274,2,10,150,31,0.05829918151249392
275,2,10,150,31,0.04105877938688906
276,2,10,150,31,0.3295427934122716
277,2,10,150,31,0.0
278,2,10,150,31,0.0
279,2,10,150,31,0.3085580984518908
280,2,10,150,31,0.12457035541761224
281,2,10,150,31,0.05516788910004661
282,2,10,150,31,0.0
283,2,10,150,31,0.03337620304869898
284,2,10,150,31,0.0
285,2,10,150,31,0.15002687789384317
286,2,10,150,31,0.10876661217782622
287,2,10,150,31,0.0845667599404342
288,2,10,150,31,0.04143843208212992
289,2,10,150,31,0.0
290,2,10,150,31,0.09449357188080848
291,2,10,150,31,0.2905728316143163
292,2,10,150,31,0.27993220880117314
293,2,10,150,31,0.1848754362893156
294,2,10,150,31,0.05942233668176323
295,2,10,150,31,0.09872430085747967
296,2,10,150,31,0.0251854982965041
297,2,10,150,31,0.07357116738706701
298,2,10,150,31,0.31438426396875
299,2,10,150,31,0.055397433139672825
300,2,10,150,31,0.0
301,2,10,150,31,0.19099559222335358
302,2,10,150,31,0.0
303,2,10,150,31,0.4633411785169997
304,2,10,150,31,0.05058854055353143
305,2,10,150,31,0.21186165888815772
306,2,10,150,31,0.0
307,2,10,150,31,0.1288139404283001
308,2,10,150,31,0.21782818815017402
309,2,10,150,31,0.0
310,2,10,150,31,0.0
311,2,10,150,31,0.38715154944301333
312,2,10,150,31,0.12880803221923653
313,2,10,150,31,0.25182256025979205
314,2,10,150,31,0.14268907452367513
315,2,10,150,31,0.07629373644376432
316,2,10,150,31,0.029546401698350686
317,2,10,150,31,0.0
318,2,10,150,31,0.0699625904051978
319,2,10,150,31,0.0
320,2,10,150,31,0.055571612540889666
321,2,10,150,31,0.13059181441489862
322,2,10,150,31,0.28733633616913373
323,2,10,150,31,0.0
324,2,10,150,31,0.04342547274117719
325,2,10,150,31,0.051750127090828615
326,2,10,150,31,0.10016754575918427
327,2,10,150,31,0.0
328,2,10,150,31,0.22415150383870466
329,2,10,150,31,0.0
330,2,10,150,31,0.0504281529903401
331,2,10,150,31,0.0
332,2,10,150,31,0.23960268936597096
333,2,10,150,31,0.05206745415870339
334,2,10,150,31,0.21404742949069439
335,2,10,150,31,0.0
336,2,10,150,31,0.1385379628056752
337,2,10,150,31,0.07596161868673496
338,2,10,150,31,0.07127723726551295
339,2,10,150,31,0.34832403323420086
340,2,10,150,31,0.10371840794800628
341,2,10,150,31,0.0
342,2,10,150,31,0.20509298283143346
343,2,10,150,31,0.3664358888735809
344,2,10,150,31,0.18955274015269288
345,2,10,150,31,0.10801162185319672
346,2,10,150,31,0.3762768103392868
347,2,10,150,31,0.20373650969720533
348,2,10,150,31,0.0
349,2,10,150,31,0.163169180413793
350,2,10,150,31,0.052086392783128294
351,2,10,150,31,0.030979542277895667
352,2,10,150,31,0.2470219007193075
353,2,10,150,31,0.0
354,2,10,150,31,0.15609212788312787
355,2,10,150,31,0.0
356,2,10,150,31,0.10061931714936387
357,2,10,150,31,0.08220038494336858
358,2,10,150,31,0.0
359,2,10,150,31,0.0
360,2,10,150,31,0.2072099208347698
361,2,10,150,31,0.08256248951252121
362,2,10,150,31,0.0
363,2,10,150,31,0.2195191666549435
364,2,10,150,31,0.0
365,2,10,150,31,0.0
366,2,10,150,31,0.0
367,2,10,150,31,0.0
368,2,10,150,31,0.03597158591011401
369,2,10,150,31,0.21386152848601384
370,2,10,150,31,0.030682774986138056
371,2,10,150,31,0.03591148888190114
372,2,10,150,31,0.0536466452928127
373,2,10,150,31,0.19502093717532154
374,2,10,150,31,0.2490415966843673
375,2,10,150,31,0.1676614286651071
376,2,10,150,31,0.0
377,2,10,150,31,0.3067552645565975
378,2,10,150,31,0.08728026181912268
379,2,10,150,31,0.19261056128736856
380,2,10,150,31,0.0890163028668782
381,2,10,150,31,0.06648429969996086
382,2,10,150,31,0.08343896770565645
383,2,10,150,31,0.02671804748260287
384,2,10,150,31,0.0
385,2,10,150,31,0.26952999804417765
386,2,10,150,31,0.0
387,2,10,150,31,0.24403366441544289
388,2,10,150,31,0.0
389,2,10,150,31,0.3449024666809147
390,2,10,150,31,0.10466779365752882
391,2,10,150,31,0.14495248736248117
392,2,10,150,31,0.02272544056420712
393,2,10,150,31,0.0
394,2,10,150,31,0.20516436310520283
395,2,10,150,31,0.03571967640542795
396,2,10,150,31,0.08006506288147622
397,2,10,150,31,0.1771868876597265
398,2,10,150,31,0.1295033966126568
399,2,10,150,31,0.03560652114675128
400,2,10,150,31,0.0
401,2,10,150,31,0.0
402,2,10,150,31,0.15763555583548006
403,2,10,150,31,0.16201103321588997
404,2,10,150,31,0.0
405,2,10,150,31,0.24318853331916915
406,2,10,150,31,0.33320800865701516
407,2,10,150,31,0.13874909121250856
408,2,10,150,31,0.0
409,2,10,150,31,0.1892592007301946
410,2,10,150,31,0.040419659112753054
411,2,10,150,31,0.13359023741301432
412,2,10,150,31,0.041062015509212284
413,2,10,150,31,0.1637733768567814
414,2,10,150,31,0.0
415,2,10,150,31,0.15582818336744758
416,2,10,150,31,0.5125892226677649
417,2,10,150,31,0.3987584944774612
418,2,10,150,31,0.0
419,2,10,150,31,0.09817896789964464
420,2,10,150,31,0.13011860784218718
421,2,10,150,31,0.24776966817115725
422,2,10,150,31,0.056494441539547864
423,2,10,150,31,0.0
424,2,10,150,31,0.039270700903099615
425,2,10,150,31,0.08401674917173686
426,2,10,150,31,0.021769297961493846
427,2,10,150,31,0.0
428,2,10,150,31,0.0
429,2,10,150,31,0.42015454890503195
430,2,10,150,31,0.07670758697446707
431,2,10,150,31,0.0
432,2,10,150,31,0.040949887133979804
433,2,10,150,31,0.07600659849685834
434,2,10,150,31,0.1307770659832369
435,2,10,150,31,0.4437042473228083
436,2,10,150,31,0.05525925172849893
437,2,10,150,31,0.34109981068836326
438,2,10,150,31,0.11342455428465782
439,2,10,150,31,0.0
440,2,10,150,31,0.032014847745354055
441,2,10,150,31,0.1731866333482261
442,2,10,150,31,0.05974450023403579
443,2,10,150,31,0.0
444,2,10,150,31,0.0
445,2,10,150,31,0.0
446,2,10,150,31,0.10865179337771637
447,2,10,150,31,0.08121016125885933
448,2,10,150,31,0.0
449,2,10,150,31,0.09984642757689617
450,2,10,150,31,0.5391904772120479
451,2,10,150,31,0.0
452,2,10,150,31,0.26540854793103086
453,2,10,150,31,0.15699713305075097
454,2,10,150,31,0.0
455,2,10,150,31,0.142285545296504
456,2,10,150,31,0.1448694596614136
457,2,10,150,31,0.6004068140774089
458,2,10,150,31,0.3254096454700748
459,2,10,150,31,0.1889770834537226
460,2,10,150,31,0.07041837375515932
461,2,10,150,31,0.0
462,2,10,150,31,0.0
463,2,10,150,31,0.2790040001000178
464,2,10,150,31,0.0
465,2,10,150,31,0.1320092917465835
466,2,10,150,31,0.1272743692840414
467,2,10,150,31,0.06754951183378939
468,2,10,150,31,0.2644498849889398
469,2,10,150,31,0.05651614765972419
470,2,10,150,31,0.02794110381151734
471,2,10,150,31,0.0
472,2,10,150,31,0.23595518952946548
473,2,10,150,31,0.23129944450855147
474,2,10,150,31,0.4675425171427387
475,2,10,150,31,0.07311683844390994
476,2,10,150,31,0.023614037892688376
477,2,10,150,31,0.07075576072108061
478,2,10,150,31,0.10988531101351746
479,2,10,150,31,0.2304353861129239
480,2,10,150,31,0.13513870486171642
481,2,10,150,31,0.02738855579742861
482,2,10,150,31,0.0
483,2,10,150,31,0.0273055648695642
484,2,10,150,31,0.2518093741455102
485,2,10,150,31,0.0
486,2,10,150,31,0.030877778553209584
487,2,10,150,31,0.35457146540958695
488,2,10,150,31,0.0
489,2,10,150,31,0.0
490,2,10,150,31,0.08961728720334347
491,2,10,150,31,0.0
492,2,10,150,31,0.1338895448360617
493,2,10,150,31,0.1997956363841657
494,2,10,150,31,0.06103968146247971
495,2,10,150,31,0.11676301770751729
496,2,10,150,31,0.03369782041898502
497,2,10,150,31,0.17950632764693944
498,2,10,150,31,0.09473322970455733
499,2,10,150,31,0.043549900088496594
500,2,10,150,31,0.2591712102544513
501,2,10,150,31,0.0
502,2,10,150,31,0.0
503,2,10,150,31,0.11047771244981149
504,2,10,150,31,0.20914600497837627
505,2,10,150,31,0.06739564083797003
506,2,10,150,31,0.14434966692726722
507,2,10,150,31,0.0
508,2,10,150,31,0.1534359422916177
509,2,10,150,31,0.0
510,2,10,150,31,0.0
511,2,10,150,31,0.0
512,2,10,150,31,0.04622440829742681
513,2,10,150,31,0.0
514,2,10,150,31,0.23412927307727144
515,2,10,150,31,0.0
516,2,10,150,31,0.0843142342558857
517,2,10,150,31,0.0
518,2,10,150,31,0.09352910494246038
519,2,10,150,31,0.0
520,2,10,150,31,0.0
521,2,10,150,31,0.0
522,2,10,150,31,0.0559167101555819
523,2,10,150,31,0.20891834821005112
524,2,10,150,31,0.15802046032967637
525,2,10,150,31,0.0
526,2,10,150,31,0.0
527,2,10,150,31,0.3417472113601609
528,2,10,150,31,0.09031879038481141
529,2,10,150,31,0.0
530,2,10,150,31,0.03067046672709443
531,2,10,150,31,0.0
532,2,10,150,31,0.06331191676341309
533,2,10,150,31,0.05515823367792347
534,2,10,150,31,0.024909303741335254
535,2,10,150,31,0.28164135604182267
536,2,10,150,31,0.2185563021612054
537,2,10,150,31,0.4460817579210709
538,2,10,150,31,0.032394594743117074
539,2,10,150,31,0.07066252848762221
540,2,10,150,31,0.0
541,2,10,150,31,0.05340978172012693
542,2,10,150,31,0.10300216198472131
543,2,10,150,31,0.05340978172012693
544,2,10,150,31,0.0
545,2,10,150,31,0.07954324582461726
546,2,10,150,31,0.03314153504336938
547,2,10,150,31,0.0
548,2,10,150,31,0.04600468191735098
549,2,10,150,31,0.0
550,2,10,150,31,0.0
551,2,10,150,31,0.24671204009839076
552,2,10,150,31,0.02561048881112675
553,2,10,150,31,0.1254814011671846
554,2,10,150,31,0.07041837375515932
555,2,10,150,31,0.0382580635535654
556,2,10,150,31,0.09441834681022167
557,2,10,150,31,0.04470486007704452
558,2,10,150,31,0.265053101293003
559,2,10,150,31,0.035234027770431754
560,2,10,150,31,0.028567598460307132
561,2,10,150,31,0.08710760213911194
562,2,10,150,31,0.04187254809446048
563,2,10,150,31,0.0
564,2,10,150,31,0.0
565,2,10,150,31,0.19482612055561835
566,2,10,150,31,0.023614037892688376
567,2,10,150,31,0.026133464104490342
568,2,10,150,31,0.0
569,2,10,150,31,0.1467868763787456
570,2,10,150,31,0.0
571,2,10,150,31,0.0
572,2,10,150,31,0.0
573,2,10,150,31,0.0
574,2,10,150,31,0.05058854055353143
575,2,10,150,31,0.05154847002173459
576,2,10,150,31,0.0
577,2,10,150,31,0.09134926824506447
578,2,10,150,31,0.0
579,2,10,150,31,0.08297540479108526
580,2,10,150,31,0.13886244387355454
581,2,10,150,31,0.0
582,2,10,150,31,0.0
583,2,10,150,31,0.0
584,2,10,150,31,0.0
585,2,10,150,31,0.08668163308546498
586,2,10,150,31,0.10132509239867551
587,2,10,150,31,0.03459392809572638
588,2,10,150,31,0.0
589,2,10,150,31,0.0
590,2,10,150,31,0.06139304560474655
591,2,10,150,31,0.0
592,2,10,150,31,0.32836980754426237
593,2,10,150,31,0.0
594,2,10,150,31,0.0
595,2,10,150,31,0.0
596,2,10,150,31,0.0
597,2,10,150,31,0.0
598,2,10,150,31,0.0
599,2,10,150,31,0.0
600,2,10,150,31,0.0
601,2,10,150,31,0.03369782041898502
602,2,10,150,31,0.0
603,2,10,150,31,0.1435203717549576
604,2,10,150,31,0.0
605,2,10,150,31,0.19005508898031315
606,2,10,150,31,0.23204083039530643
607,2,10,150,31,0.08440880858250024
608,2,10,150,31,0.19142268890998523
609,2,10,150,31,0.0
610,2,10,150,31,0.11752277470724268
611,2,10,150,31,0.0
612,2,10,150,31,0.15130120674940672
613,2,10,150,31,0.0
614,2,10,150,31,0.0
615,2,10,150,31,0.09083374831253048
616,2,10,150,31,0.0
617,2,10,150,31,0.044257815106106525
618,2,10,150,31,0.19557911696627464
619,2,10,150,31,0.05319635904163211
620,2,10,150,31,0.030870735913721987
621,2,10,150,31,0.04713474613475152
622,2,10,150,31,0.1091514658259318
623,2,10,150,31,0.0
624,2,10,150,31,0.0536466452928127
625,2,10,150,31,0.0
626,2,10,150,31,0.0
627,2,10,150,31,0.0
628,2,10,150,31,0.0
629,2,10,150,31,0.19451610919980286
630,2,10,150,31,0.0
631,2,10,150,31,0.0
632,2,10,150,31,0.13439570003165963
633,2,10,150,31,0.07667481399289292
634,2,10,150,31,0.0
635,2,10,150,31,0.0
636,2,10,150,31,0.0
637,2,10,150,31,0.0
638,2,10,150,31,0.0
639,2,10,150,31,0.0
640,2,10,150,31,0.0
642,2,10,150,31,0.07260232536274262
643,2,10,150,31,0.0
644,2,10,150,31,0.0
645,2,10,150,31,0.09759501249802542
647,2,10,150,31,0.0
648,2,10,150,31,0.14299820714325945
649,2,10,150,31,1.0
650,2,10,150,31,0.0
651,2,10,150,31,0.0
653,2,10,150,31,0.0
654,2,10,150,31,0.0
655,2,10,150,31,0.11621678240839849
658,2,10,150,31,0.0
1,2,10,150,32,0.7599004498434577
2,2,10,150,32,0.1083188688865055
3,2,10,150,32,0.0
4,2,10,150,32,0.06166887310869151
5,2,10,150,32,0.12017740141545848
6,2,10,150,32,0.26188065827270773
7,2,10,150,32,0.22595394377596573
8,2,10,150,32,0.0
9,2,10,150,32,0.0
10,2,10,150,32,0.15027382141323187
11,2,10,150,32,0.13536371406356232
12,2,10,150,32,0.0
13,2,10,150,32,0.3714524233163392
14,2,10,150,32,0.09998274523051486
15,2,10,150,32,0.0
16,2,10,150,32,0.23417954154679702
17,2,10,150,32,0.0
18,2,10,150,32,0.322329341826721
19,2,10,150,32,0.0
20,2,10,150,32,0.0
21,2,10,150,32,0.0
22,2,10,150,32,0.0
23,2,10,150,32,0.2605527759258714
24,2,10,150,32,0.06058493677293348
25,2,10,150,32,0.0
26,2,10,150,32,0.11161048176369433
27,2,10,150,32,0.0
28,2,10,150,32,0.10854509048291378
29,2,10,150,32,0.0
30,2,10,150,32,0.0
31,2,10,150,32,0.046287481291184845
32,2,10,150,32,0.11781210270929884
33,2,10,150,32,0.0
34,2,10,150,32,0.0
35,2,10,150,32,0.0
36,2,10,150,32,0.0
37,2,10,150,32,0.0
38,2,10,150,32,0.0
39,2,10,150,32,0.08210079624691
40,2,10,150,32,0.2212397779175911
41,2,10,150,32,0.0
42,2,10,150,32,0.15554240587793305
43,2,10,150,32,0.05681436199269797
44,2,10,150,32,0.1692631585588354
45,2,10,150,32,0.0
46,2,10,150,32,0.10684080426179023
47,2,10,150,32,0.0
48,2,10,150,32,0.0316088333445714
49,2,10,150,32,0.029178679017396923
50,2,10,150,32,0.0
51,2,10,150,32,0.07984133538066794
52,2,10,150,32,0.028947056565878558
53,2,10,150,32,0.12810519548676028
54,2,10,150,32,0.047934103497110726
55,2,10,150,32,0.0
56,2,10,150,32,0.18461524688400355
57,2,10,150,32,0.029996736818897345
58,2,10,150,32,0.044013444959968
59,2,10,150,32,0.37934403841840025
60,2,10,150,32,0.25716969330621997
61,2,10,150,32,0.0
62,2,10,150,32,0.24235852664022284
63,2,10,150,32,0.0763437499438357
64,2,10,150,32,0.06599807254137072
65,2,10,150,32,0.18154179097601578
66,2,10,150,32,0.09149933372035922
67,2,10,150,32,0.24630238874073
68,2,10,150,32,0.0
69,2,10,150,32,0.10495938403254562
70,2,10,150,32,0.03155184951131585
71,2,10,150,32,0.0
72,2,10,150,32,0.2530421030801216
73,2,10,150,32,0.232881323723998
74,2,10,150,32,0.17342765698823945
75,2,10,150,32,0.11695783215678135
76,2,10,150,32,0.1858487691177525
77,2,10,150,32,0.096890966577576
78,2,10,150,32,0.0
79,2,10,150,32,0.08508236880273473
80,2,10,150,32,0.1744476820873323
81,2,10,150,32,0.0
82,2,10,150,32,0.0
83,2,10,150,32,0.05525322446806441
84,2,10,150,32,0.029136604147144557
85,2,10,150,32,0.3355423583693666
86,2,10,150,32,0.0
87,2,10,150,32,0.16075094044752963
88,2,10,150,32,0.06294571929989644
89,2,10,150,32,0.12390786004571805
90,2,10,150,32,0.1089741324525643
91,2,10,150,32,0.0
92,2,10,150,32,0.16498969303271038
93,2,10,150,32,0.0
94,2,10,150,32,0.37828871135484926
95,2,10,150,32,0.19872183297570015
96,2,10,150,32,0.07651920817549171
97,2,10,150,32,0.15194751309721466
98,2,10,150,32,0.0
99,2,10,150,32,0.08227650340095313
100,2,10,150,32,0.0
101,2,10,150,32,0.0
102,2,10,150,32,0.07652276215650708
103,2,10,150,32,0.0
104,2,10,150,32,0.0
105,2,10,150,32,0.0
106,2,10,150,32,0.0
107,2,10,150,32,0.0
108,2,10,150,32,0.04485361187694993
109,2,10,150,32,0.21051707834168665
110,2,10,150,32,0.04505069314087506
111,2,10,150,32,0.0
112,2,10,150,32,0.0
113,2,10,150,32,0.178509607681865
114,2,10,150,32,0.0
115,2,10,150,32,0.14664330289943722
116,2,10,150,32,0.029178679017396923
117,2,10,150,32,0.0
118,2,10,150,32,0.09182273677275919
119,2,10,150,32,0.14488703218605944
120,2,10,150,32,0.361879195385413
121,2,10,150,32,0.03232623375868038
122,2,10,150,32,0.08041927109478651
123,2,10,150,32,0.09942460513010813
124,2,10,150,32,0.10192721493410528
125,2,10,150,32,0.10814616805123214
126,2,10,150,32,0.0
127,2,10,150,32,0.0
128,2,10,150,32,0.04392900063090969
129,2,10,150,32,0.0
130,2,10,150,32,0.13384010765271104
131,2,10,150,32,0.13787232815362804
132,2,10,150,32,0.07667481399289292
133,2,10,150,32,0.0
134,2,10,150,32,0.0
135,2,10,150,32,0.0
136,2,10,150,32,0.03734555298506959
137,2,10,150,32,0.0
138,2,10,150,32,0.10332949630181452
139,2,10,150,32,0.0
140,2,10,150,32,0.0
141,2,10,150,32,0.04801852110179909
142,2,10,150,32,0.0
143,2,10,150,32,0.0
144,2,10,150,32,0.24593723224530623
145,2,10,150,32,0.12152245538249361
146,2,10,150,32,0.0
147,2,10,150,32,0.0
148,2,10,150,32,0.046823654699505654
149,2,10,150,32,0.10486881530019958
150,2,10,150,32,0.0
151,2,10,150,32,0.1808452697723438
152,2,10,150,32,0.02092089401958944
153,2,10,150,32,0.0
154,2,10,150,32,0.047978870624887156
155,2,10,150,32,0.0
156,2,10,150,32,0.06437746926759551
157,2,10,150,32,0.06857646087959317
158,2,10,150,32,0.12536779633973036
159,2,10,150,32,0.0
160,2,10,150,32,0.09926896187055606
161,2,10,150,32,0.0
162,2,10,150,32,0.0
163,2,10,150,32,0.0
164,2,10,150,32,0.0
165,2,10,150,32,0.0
166,2,10,150,32,0.0
167,2,10,150,32,0.040419659112753054
168,2,10,150,32,0.0
169,2,10,150,32,0.0
170,2,10,150,32,0.0
171,2,10,150,32,0.0
172,2,10,150,32,0.0
173,2,10,150,32,0.0
174,2,10,150,32,0.21983434225620177
175,2,10,150,32,0.22732566419594713
176,2,10,150,32,0.0
177,2,10,150,32,0.29715079985975246
178,2,10,150,32,0.2670374706685999
179,2,10,150,32,0.054384419234677496
180,2,10,150,32,0.05459112561892713
181,2,10,150,32,0.046909413226941137
182,2,10,150,32,0.0
183,2,10,150,32,0.0
184,2,10,150,32,0.17233811904302762
185,2,10,150,32,0.0
186,2,10,150,32,0.030868393892711742
187,2,10,150,32,0.043599246064372175
188,2,10,150,32,0.26990485040471895
189,2,10,150,32,0.09620764652928127
190,2,10,150,32,0.0
191,2,10,150,32,0.0
192,2,10,150,32,0.0
193,2,10,150,32,0.0
194,2,10,150,32,0.13461379224236364
195,2,10,150,32,0.025695227962458354
196,2,10,150,32,0.04485361187694993
197,2,10,150,32,0.07735149545520406
198,2,10,150,32,0.03486815669931573
199,2,10,150,32,0.2529427027676571
200,2,10,150,32,0.27873418780371056
201,2,10,150,32,0.09899710881205608
202,2,10,150,32,0.27487633291429087
203,2,10,150,32,0.05947719272904215
204,2,10,150,32,0.0
205,2,10,150,32,0.1465996756793884
206,2,10,150,32,0.0
207,2,10,150,32,0.028268118944117
208,2,10,150,32,0.05919139647768146
209,2,10,150,32,0.0
210,2,10,150,32,0.11464935794040121
211,2,10,150,32,0.0
212,2,10,150,32,0.06052048269976269
213,2,10,150,32,0.027474315434037846
214,2,10,150,32,0.1932040231109269
215,2,10,150,32,0.026227071555033968
216,2,10,150,32,0.08162947472223064
217,2,10,150,32,0.07540511415913949
218,2,10,150,32,0.1023482199458735
219,2,10,150,32,0.0
220,2,10,150,32,0.0
221,2,10,150,32,0.11571421662597538
222,2,10,150,32,0.11643356358788455
223,2,10,150,32,0.0
224,2,10,150,32,0.029996736818897345
225,2,10,150,32,0.0
226,2,10,150,32,0.07386039040058112
227,2,10,150,32,0.06711341307257644
228,2,10,150,32,0.0
229,2,10,150,32,0.0
230,2,10,150,32,0.251744085517102
231,2,10,150,32,0.3903800499921017
232,2,10,150,32,0.06288558365907605
233,2,10,150,32,0.11278984802012952
234,2,10,150,32,0.11366482098492053
235,2,10,150,32,0.08400628493556295
236,2,10,150,32,0.06827169109963094
237,2,10,150,32,0.18766084280469636
238,2,10,150,32,0.0
239,2,10,150,32,0.04326212240968357
240,2,10,150,32,0.0
241,2,10,150,32,0.0
242,2,10,150,32,0.0
243,2,10,150,32,0.23165732683700077
244,2,10,150,32,0.13314301433682482
245,2,10,150,32,0.0
246,2,10,150,32,0.1486179150579152
247,2,10,150,32,0.0
248,2,10,150,32,0.14176813152020928
249,2,10,150,32,0.2446905575724589
250,2,10,150,32,0.023835426911994775
251,2,10,150,32,0.10803826056443963
252,2,10,150,32,0.13120507751234178
253,2,10,150,32,0.1538853504862968
254,2,10,150,32,0.2828787351471321
255,2,10,150,32,0.0
256,2,10,150,32,0.3067446629621971
257,2,10,150,32,0.04759023790187059
258,2,10,150,32,0.0
259,2,10,150,32,0.0
260,2,10,150,32,0.0
261,2,10,150,32,0.0
262,2,10,150,32,0.06599807254137072
263,2,10,150,32,0.07289695248299831
264,2,10,150,32,0.08895206884063026
265,2,10,150,32,0.0
266,2,10,150,32,0.0
267,2,10,150,32,0.1319180681537144
268,2,10,150,32,0.20449565934356506
269,2,10,150,32,0.11059591550325727
270,2,10,150,32,0.07650543042876007
271,2,10,150,32,0.3541021476570323
272,2,10,150,32,0.21581995694207878
273,2,10,150,32,0.0
274,2,10,150,32,0.05829918151249392
275,2,10,150,32,0.04105877938688906
276,2,10,150,32,0.3227091383758424
277,2,10,150,32,0.0
278,2,10,150,32,0.0
279,2,10,150,32,0.30215959833090994
280,2,10,150,32,0.12198716788110202
281,2,10,150,32,0.05516788910004661
282,2,10,150,32,0.0
283,2,10,150,32,0.03337620304869898
284,2,10,150,32,0.0
285,2,10,150,32,0.15002687789384317
286,2,10,150,32,0.10651114332230044
287,2,10,150,32,0.0845667599404342
288,2,10,150,32,0.04143843208212992
289,2,10,150,32,0.0
290,2,10,150,32,0.09449357188080848
291,2,10,150,32,0.28454728794015527
292,2,10,150,32,0.27993220880117314
293,2,10,150,32,0.18104171580880127
294,2,10,150,32,0.05942233668176323
295,2,10,150,32,0.11741385299995787
296,2,10,150,32,0.0251854982965041
297,2,10,150,32,0.07204553858072976
298,2,10,150,32,0.30786494795944375
299,2,10,150,32,0.05424866898658581
300,2,10,150,32,0.0
301,2,10,150,32,0.18703495944113385
302,2,10,150,32,0.0
303,2,10,150,32,0.4537329763610006
304,2,10,150,32,0.05058854055353143
305,2,10,150,32,0.2074683311588632
306,2,10,150,32,0.0
307,2,10,150,32,0.1288139404283001
308,2,10,150,32,0.21331113384103478
309,2,10,150,32,0.0
310,2,10,150,32,0.0
311,2,10,150,32,0.3791232745463968
312,2,10,150,32,0.12613696892881185
313,2,10,150,32,0.2673373481156658
314,2,10,150,32,0.13973016317056822
315,2,10,150,32,0.07629373644376432
316,2,10,150,32,0.029546401698350686
317,2,10,150,32,0.0
318,2,10,150,32,0.06851179185083223
319,2,10,150,32,0.0
320,2,10,150,32,0.054419236468603804
321,2,10,150,32,0.12788376123293643
322,2,10,150,32,0.28733633616913373
323,2,10,150,32,0.0
324,2,10,150,32,0.04342547274117719
325,2,10,150,32,0.05067699630569361
326,2,10,150,32,0.09809039381640865
327,2,10,150,32,0.0
328,2,10,150,32,0.21950332434957157
329,2,10,150,32,0.0
330,2,10,150,32,0.04938243568579222
331,2,10,150,32,0.0
332,2,10,150,32,0.23463410210610833
333,2,10,150,32,0.05206745415870339
334,2,10,150,32,0.20960877592637903
335,2,10,150,32,0.0
336,2,10,150,32,0.1356651321257481
337,2,10,150,32,0.07596161868673496
338,2,10,150,32,0.07127723726551295
339,2,10,150,32,0.3618376916768472
340,2,10,150,32,0.10371840794800628
341,2,10,150,32,0.0
342,2,10,150,32,0.20084001562025572
343,2,10,150,32,0.3588371899865546
344,2,10,150,32,0.18562202747043166
345,2,10,150,32,0.10577180906279358
346,2,10,150,32,0.3684740424697745
347,2,10,150,32,0.199511671365344
348,2,10,150,32,0.0
349,2,10,150,32,0.163169180413793
350,2,10,150,32,0.052086392783128294
351,2,10,150,32,0.030979542277895667
352,2,10,150,32,0.2470219007193075
353,2,10,150,32,0.0
354,2,10,150,32,0.15285528041694454
355,2,10,150,32,0.0
356,2,10,150,32,0.10061931714936387
357,2,10,150,32,0.08220038494336858
358,2,10,150,32,0.0
359,2,10,150,32,0.0
360,2,10,150,32,0.2072099208347698
361,2,10,150,32,0.08085040967476996
362,2,10,150,32,0.0
363,2,10,150,32,0.21496704690360185
364,2,10,150,32,0.0
365,2,10,150,32,0.0
366,2,10,150,32,0.050143326786652107
367,2,10,150,32,0.0
368,2,10,150,32,0.03597158591011401
369,2,10,150,32,0.21386152848601384
370,2,10,150,32,0.030682774986138056
371,2,10,150,32,0.03591148888190114
372,2,10,150,32,0.0536466452928127
373,2,10,150,32,0.19097683171715724
374,2,10,150,32,0.24387727691927566
375,2,10,150,32,0.1676614286651071
376,2,10,150,32,0.038925970325304815
377,2,10,150,32,0.3067552645565975
378,2,10,150,32,0.08547035059458884
379,2,10,150,32,0.2093532150929271
380,2,10,150,32,0.08717039174828932
381,2,10,150,32,0.08584240551949956
382,2,10,150,32,0.08343896770565645
383,2,10,150,32,0.02671804748260287
384,2,10,150,32,0.0
385,2,10,150,32,0.26394081489278315
386,2,10,150,32,0.0
387,2,10,150,32,0.23897319301923006
388,2,10,150,32,0.0
389,2,10,150,32,0.33775030154294955
390,2,10,150,32,0.10466779365752882
391,2,10,150,32,0.14194664012470426
392,2,10,150,32,0.02225418819737905
393,2,10,150,32,0.0
394,2,10,150,32,0.20090991569728858
395,2,10,150,32,0.03571967640542795
396,2,10,150,32,0.08006506288147622
397,2,10,150,32,0.1771868876597265
398,2,10,150,32,0.1268179137066792
399,2,10,150,32,0.03486815669931573
400,2,10,150,32,0.0
401,2,10,150,32,0.0
402,2,10,150,32,0.15763555583548006
403,2,10,150,32,0.18849394360156863
404,2,10,150,32,0.0
405,2,10,150,32,0.23814558721705453
406,2,10,150,32,0.3262983488736531
407,2,10,150,32,0.13587188241013567
408,2,10,150,32,0.0
409,2,10,150,32,0.18533457510913767
410,2,10,150,32,0.040419659112753054
411,2,10,150,32,0.13359023741301432
412,2,10,150,32,0.041062015509212284
413,2,10,150,32,0.1637733768567814
414,2,10,150,32,0.0
415,2,10,150,32,0.15582818336744758
416,2,10,150,32,0.5226965506989362
417,2,10,150,32,0.3904895289634869
418,2,10,150,32,0.0
419,2,10,150,32,0.09817896789964464
420,2,10,150,32,0.13011860784218718
421,2,10,150,32,0.24776966817115725
422,2,10,150,32,0.05532292896917887
423,2,10,150,32,0.0
424,2,10,150,32,0.039270700903099615
425,2,10,150,32,0.08227451267742039
426,2,10,150,32,0.021317872909488594
427,2,10,150,32,0.0
428,2,10,150,32,0.0
429,2,10,150,32,0.41144189820654875
430,2,10,150,32,0.07670758697446707
431,2,10,150,32,0.0
432,2,10,150,32,0.06668302137384614
433,2,10,150,32,0.07600659849685834
434,2,10,150,32,0.1307770659832369
435,2,10,150,32,0.4345032518071539
436,2,10,150,32,0.07485012885160662
437,2,10,150,32,0.3340265003753094
438,2,10,150,32,0.11342455428465782
439,2,10,150,32,0.0
440,2,10,150,32,0.032014847745354055
441,2,10,150,32,0.1731866333482261
442,2,10,150,32,0.058505591925054806
443,2,10,150,32,0.0
444,2,10,150,32,0.0
445,2,10,150,32,0.0
446,2,10,150,32,0.10865179337771637
447,2,10,150,32,0.07952612434896535
448,2,10,150,32,0.0
449,2,10,150,32,0.09777593458988457
450,2,10,150,32,0.5487461809906917
451,2,10,150,32,0.0
452,2,10,150,32,0.2599048303667653
453,2,10,150,32,0.15374151869527325
454,2,10,150,32,0.0
455,2,10,150,32,0.1393350018385255
456,2,10,150,32,0.14186533415046218
457,2,10,150,32,0.5879563125615299
458,2,10,150,32,0.3186616985960333
459,2,10,150,32,0.18505830803538828
460,2,10,150,32,0.07041837375515932
461,2,10,150,32,0.0
462,2,10,150,32,0.0
463,2,10,150,32,0.27321835669169076
464,2,10,150,32,0.0
465,2,10,150,32,0.12927184465493696
466,2,10,150,32,0.14537188505736287
467,2,10,150,32,0.06754951183378939
468,2,10,150,32,0.2589660470032098
469,2,10,150,32,0.05651614765972419
470,2,10,150,32,0.02794110381151734
471,2,10,150,32,0.0
472,2,10,150,32,0.23106223965608616
473,2,10,150,32,0.23129944450855147
474,2,10,150,32,0.478583968608679
475,2,10,150,32,0.07311683844390994
476,2,10,150,32,0.023124358882248234
477,2,10,150,32,0.07075576072108061
478,2,10,150,32,0.10760664395100432
479,2,10,150,32,0.2256568991656701
480,2,10,150,32,0.13513870486171642
481,2,10,150,32,0.02738855579742861
482,2,10,150,32,0.0
483,2,10,150,32,0.0273055648695642
484,2,10,150,32,0.2465876595996339
485,2,10,150,32,0.0
486,2,10,150,32,0.0302374729809378
487,2,10,150,32,0.3472187964123954
488,2,10,150,32,0.0
489,2,10,150,32,0.0
490,2,10,150,32,0.08961728720334347
491,2,10,150,32,0.0
492,2,10,150,32,0.1338895448360617
493,2,10,150,32,0.19565251905880776
494,2,10,150,32,0.06103968146247971
495,2,10,150,32,0.1143417291830026
496,2,10,150,32,0.03299903627068536
497,2,10,150,32,0.1757839451687986
498,2,10,150,32,0.09276876795564613
499,2,10,150,32,0.04264681557253988
500,2,10,150,32,0.25379683496341865
501,2,10,150,32,0.0
502,2,10,150,32,0.0
503,2,10,150,32,0.10818676089150707
504,2,10,150,32,0.20480899115546586
505,2,10,150,32,0.06599807254137072
506,2,10,150,32,0.14135632024172667
507,2,10,150,32,0.0
508,2,10,150,32,0.15025417555063295
509,2,10,150,32,0.0
510,2,10,150,32,0.0
511,2,10,150,32,0.0
512,2,10,150,32,0.04622440829742681
513,2,10,150,32,0.0
514,2,10,150,32,0.22927418682406245
515,2,10,150,32,0.0
516,2,10,150,32,0.0843142342558857
517,2,10,150,32,0.0
518,2,10,150,32,0.09158961285882326
519,2,10,150,32,0.0
520,2,10,150,32,0.0
521,2,10,150,32,0.0
522,2,10,150,32,0.0559167101555819
523,2,10,150,32,0.20458605525451376
524,2,10,150,32,0.15474362546580542
525,2,10,150,32,0.0
526,2,10,150,32,0.0
527,2,10,150,32,0.33466047604449783
528,2,10,150,32,0.09031879038481141
529,2,10,150,32,0.0
530,2,10,150,32,0.03067046672709443
531,2,10,150,32,0.0
532,2,10,150,32,0.08273580757678324
533,2,10,150,32,0.05401442975045562
534,2,10,150,32,0.024909303741335254
535,2,10,150,32,0.2758010223745221
536,2,10,150,32,0.21402414911503395
537,2,10,150,32,0.45756823634033095
538,2,10,150,32,0.032394594743117074
539,2,10,150,32,0.07066252848762221
540,2,10,150,32,0.0
541,2,10,150,32,0.05230223504897359
542,2,10,150,32,0.10086622924068644
543,2,10,150,32,0.05230223504897359
544,2,10,150,32,0.0
545,2,10,150,32,0.07789377536642614
546,2,10,150,32,0.03314153504336938
547,2,10,150,32,0.0
548,2,10,150,32,0.04505069314087506
549,2,10,150,32,0.0
550,2,10,150,32,0.0
551,2,10,150,32,0.2623328036652734
552,2,10,150,32,0.02561048881112675
553,2,10,150,32,0.12287932147918618
554,2,10,150,32,0.07041837375515932
555,2,10,150,32,0.0382580635535654
556,2,10,150,32,0.09441834681022167
557,2,10,150,32,0.04470486007704452
558,2,10,150,32,0.265053101293003
559,2,10,150,32,0.035234027770431754
560,2,10,150,32,0.028567598460307132
561,2,10,150,32,0.08530127131965895
562,2,10,150,32,0.04187254809446048
563,2,10,150,32,0.0
564,2,10,150,32,0.0
565,2,10,150,32,0.19482612055561835
566,2,10,150,32,0.023124358882248234
567,2,10,150,32,0.025591540317452546
568,2,10,150,32,0.0
569,2,10,150,32,0.1467868763787456
570,2,10,150,32,0.0
571,2,10,150,32,0.0
572,2,10,150,32,0.0
573,2,10,150,32,0.03246641181906899
574,2,10,150,32,0.05058854055353143
575,2,10,150,32,0.05154847002173459
576,2,10,150,32,0.0
577,2,10,150,32,0.08945497894638742
578,2,10,150,32,0.0
579,2,10,150,32,0.08297540479108526
580,2,10,150,32,0.13886244387355454
581,2,10,150,32,0.0
582,2,10,150,32,0.0
583,2,10,150,32,0.0
584,2,10,150,32,0.0
585,2,10,150,32,0.08668163308546498
586,2,10,150,32,0.10132509239867551
587,2,10,150,32,0.03459392809572638
588,2,10,150,32,0.0
589,2,10,150,32,0.0
590,2,10,150,32,0.06139304560474655
591,2,10,150,32,0.0
592,2,10,150,32,0.32156047645284064
593,2,10,150,32,0.0
594,2,10,150,32,0.0
595,2,10,150,32,0.0
596,2,10,150,32,0.0
597,2,10,150,32,0.0
598,2,10,150,32,0.0
599,2,10,150,32,0.0
600,2,10,150,32,0.0
601,2,10,150,32,0.03369782041898502
602,2,10,150,32,0.0
603,2,10,150,32,0.1435203717549576
604,2,10,150,32,0.0
605,2,10,150,32,0.19005508898031315
606,2,10,150,32,0.23204083039530643
607,2,10,150,32,0.08440880858250024
608,2,10,150,32,0.19142268890998523
609,2,10,150,32,0.0
610,2,10,150,32,0.11752277470724268
611,2,10,150,32,0.0
612,2,10,150,32,0.15130120674940672
613,2,10,150,32,0.0
614,2,10,150,32,0.0
615,2,10,150,32,0.09083374831253048
616,2,10,150,32,0.0
617,2,10,150,32,0.044257815106106525
618,2,10,150,32,0.19152343665890734
619,2,10,150,32,0.05319635904163211
620,2,10,150,32,0.030870735913721987
621,2,10,150,32,0.04615732346991541
622,2,10,150,32,0.1091514658259318
623,2,10,150,32,0.0
624,2,10,150,32,0.0536466452928127
625,2,10,150,32,0.0
626,2,10,150,32,0.0
627,2,10,150,32,0.0
628,2,10,150,32,0.0
629,2,10,150,32,0.19451610919980286
630,2,10,150,32,0.0
631,2,10,150,32,0.0
632,2,10,150,32,0.13439570003165963
633,2,10,150,32,0.07667481399289292
634,2,10,150,32,0.0
635,2,10,150,32,0.0
636,2,10,150,32,0.0
637,2,10,150,32,0.0
638,2,10,150,32,0.0
639,2,10,150,32,0.0
640,2,10,150,32,0.0
642,2,10,150,32,0.07260232536274262
643,2,10,150,32,0.0
644,2,10,150,32,0.0
645,2,10,150,32,0.09759501249802542
647,2,10,150,32,0.0
648,2,10,150,32,0.14299820714325945
649,2,10,150,32,1.0
650,2,10,150,32,0.0
651,2,10,150,32,0.0
653,2,10,150,32,0.0
654,2,10,150,32,0.0
655,2,10,150,32,0.11621678240839849
658,2,10,150,32,0.0
1,2,10,150,33,0.74459075158332
2,2,10,150,33,0.1083188688865055
3,2,10,150,33,0.0
4,2,10,150,33,0.06166887310869151
5,2,10,150,33,0.11775618985579019
6,2,10,150,33,0.25660455419993433
7,2,10,150,33,0.22140165445884427
8,2,10,150,33,0.0
9,2,10,150,33,0.0
10,2,10,150,33,0.14724625791763407
11,2,10,150,33,0.132636544184782
12,2,10,150,33,0.0
13,2,10,150,33,0.36396877921513937
14,2,10,150,33,0.09998274523051486
15,2,10,150,33,0.0
16,2,10,150,33,0.2294615312856932
17,2,10,150,33,0.0
18,2,10,150,33,0.3158353794073377
19,2,10,150,33,0.0
20,2,10,150,33,0.0
21,2,10,150,33,0.0
22,2,10,150,33,0.0
23,2,10,150,33,0.25530342467060085
24,2,10,150,33,0.06058493677293348
25,2,10,150,33,0.0
26,2,10,150,33,0.11161048176369433
27,2,10,150,33,0.0
28,2,10,150,33,0.10854509048291378
29,2,10,150,33,0.0
30,2,10,150,33,0.0
31,2,10,150,33,0.046287481291184845
32,2,10,150,33,0.11781210270929884
33,2,10,150,33,0.0
34,2,10,150,33,0.0
35,2,10,150,33,0.0
36,2,10,150,33,0.0
37,2,10,150,33,0.0
38,2,10,150,33,0.0
39,2,10,150,33,0.08210079624691
40,2,10,150,33,0.2212397779175911
41,2,10,150,33,0.0
42,2,10,150,33,0.15240869632277015
43,2,10,150,33,0.055669724245569874
44,2,10,150,33,0.16585301729016336
45,2,10,150,33,0.0
46,2,10,150,33,0.10684080426179023
47,2,10,150,33,0.0
48,2,10,150,33,0.06046150135593519
49,2,10,150,33,0.02859081678955144
50,2,10,150,33,0.0
51,2,10,150,33,0.07984133538066794
52,2,10,150,33,0.028947056565878558
53,2,10,150,33,0.12810519548676028
54,2,10,150,33,0.047934103497110726
55,2,10,150,33,0.0
56,2,10,150,33,0.18089580741716657
57,2,10,150,33,0.0524456916588361
58,2,10,150,33,0.043126707017037316
59,2,10,150,33,0.3717014021149684
60,2,10,150,33,0.2519885009447975
61,2,10,150,33,0.0
62,2,10,150,33,0.23747573453976056
63,2,10,150,33,0.0763437499438357
64,2,10,150,33,0.0646684107724282
65,2,10,150,33,0.18154179097601578
66,2,10,150,33,0.09149933372035922
67,2,10,150,33,0.24630238874073
68,2,10,150,33,0.0
69,2,10,150,33,0.10495938403254562
70,2,10,150,33,0.03155184951131585
71,2,10,150,33,0.0
72,2,10,150,33,0.2530421030801216
73,2,10,150,33,0.232881323723998
74,2,10,150,33,0.17342765698823945
75,2,10,150,33,0.11695783215678135
76,2,10,150,33,0.1858487691177525
77,2,10,150,33,0.096890966577576
78,2,10,150,33,0.0
79,2,10,150,33,0.08508236880273473
80,2,10,150,33,0.1744476820873323
81,2,10,150,33,0.0
82,2,10,150,33,0.0
83,2,10,150,33,0.05414003892556343
84,2,10,150,33,0.029136604147144557
85,2,10,150,33,0.3287821935856923
86,2,10,150,33,0.0
87,2,10,150,33,0.17765927346601842
88,2,10,150,33,0.06294571929989644
89,2,10,150,33,0.12390786004571805
90,2,10,150,33,0.10677863291528579
91,2,10,150,33,0.0
92,2,10,150,33,0.16166564918343526
93,2,10,150,33,0.0
94,2,10,150,33,0.3706673367034036
95,2,10,150,33,0.19471818841780286
96,2,10,150,33,0.07651920817549171
97,2,10,150,33,0.15194751309721466
98,2,10,150,33,0.0
99,2,10,150,33,0.08227650340095313
100,2,10,150,33,0.0
101,2,10,150,33,0.0
102,2,10,150,33,0.07498105968891444
103,2,10,150,33,0.0
104,2,10,150,33,0.0
105,2,10,150,33,0.0
106,2,10,150,33,0.0
107,2,10,150,33,0.0
108,2,10,150,33,0.04485361187694993
109,2,10,150,33,0.2264227740346035
110,2,10,150,33,0.044143057780823704
111,2,10,150,33,0.0
112,2,10,150,33,0.0
113,2,10,150,33,0.178509607681865
114,2,10,150,33,0.0
115,2,10,150,33,0.14664330289943722
116,2,10,150,33,0.02859081678955144
117,2,10,150,33,0.0
118,2,10,150,33,0.11481215916390865
119,2,10,150,33,0.14196799621887138
120,2,10,150,33,0.361879195385413
121,2,10,150,33,0.03232623375868038
122,2,10,150,33,0.08041927109478651
123,2,10,150,33,0.09942460513010813
124,2,10,150,33,0.10192721493410528
125,2,10,150,33,0.10596734949520209
126,2,10,150,33,0.0
127,2,10,150,33,0.0
128,2,10,150,33,0.043043963986087105
129,2,10,150,33,0.0
130,2,10,150,33,0.13114363384000377
131,2,10,150,33,0.13787232815362804
132,2,10,150,33,0.07667481399289292
133,2,10,150,33,0.0
134,2,10,150,33,0.0
135,2,10,150,33,0.0
136,2,10,150,33,0.03734555298506959
137,2,10,150,33,0.0
138,2,10,150,33,0.10332949630181452
139,2,10,150,33,0.0
140,2,10,150,33,0.0
141,2,10,150,33,0.04801852110179909
142,2,10,150,33,0.0
143,2,10,150,33,0.0
144,2,10,150,33,0.24098234003885377
145,2,10,150,33,0.13922112385830676
146,2,10,150,33,0.0
147,2,10,150,33,0.0
148,2,10,150,33,0.046823654699505654
149,2,10,150,33,0.10486881530019958
150,2,10,150,33,0.0
151,2,10,150,33,0.19734876276373942
152,2,10,150,33,0.02092089401958944
153,2,10,150,33,0.0
154,2,10,150,33,0.047978870624887156
155,2,10,150,33,0.0
156,2,10,150,33,0.06437746926759551
157,2,10,150,33,0.06857646087959317
158,2,10,150,33,0.14298899281276373
159,2,10,150,33,0.0
160,2,10,150,33,0.09926896187055606
161,2,10,150,33,0.0
162,2,10,150,33,0.0
163,2,10,150,33,0.0
164,2,10,150,33,0.0
165,2,10,150,33,0.0
166,2,10,150,33,0.0
167,2,10,150,33,0.040419659112753054
168,2,10,150,33,0.0
169,2,10,150,33,0.0
170,2,10,150,33,0.0
171,2,10,150,33,0.0
172,2,10,150,33,0.0
173,2,10,150,33,0.0
174,2,10,150,33,0.21540534442122006
175,2,10,150,33,0.22732566419594713
176,2,10,150,33,0.0
177,2,10,150,33,0.29715079985975246
178,2,10,150,33,0.2616574724057632
179,2,10,150,33,0.054384419234677496
180,2,10,150,33,0.05459112561892713
181,2,10,150,33,0.0661113090819561
182,2,10,150,33,0.0
183,2,10,150,33,0.0
184,2,10,150,33,0.16886602661064126
185,2,10,150,33,0.0
186,2,10,150,33,0.030868393892711742
187,2,10,150,33,0.043599246064372175
188,2,10,150,33,0.26990485040471895
189,2,10,150,33,0.09426935311336776
190,2,10,150,33,0.0
191,2,10,150,33,0.0
192,2,10,150,33,0.0
193,2,10,150,33,0.0
194,2,10,150,33,0.1319017310226236
195,2,10,150,33,0.025695227962458354
196,2,10,150,33,0.04485361187694993
197,2,10,150,33,0.07735149545520406
198,2,10,150,33,0.03416566868517691
199,2,10,150,33,0.2529427027676571
200,2,10,150,33,0.27311853602861497
201,2,10,150,33,0.0970026161586423
202,2,10,150,33,0.27487633291429087
203,2,10,150,33,0.05947719272904215
204,2,10,150,33,0.0
205,2,10,150,33,0.1465996756793884
206,2,10,150,33,0.0
207,2,10,150,33,0.027698601750772444
208,2,10,150,33,0.05919139647768146
209,2,10,150,33,0.0
210,2,10,150,33,0.11233951975548152
211,2,10,150,33,0.0
212,2,10,150,33,0.06052048269976269
213,2,10,150,33,0.04706776979244219
214,2,10,150,33,0.1893115457514487
215,2,10,150,33,0.026227071555033968
216,2,10,150,33,0.08162947472223064
217,2,10,150,33,0.07540511415913949
218,2,10,150,33,0.1023482199458735
219,2,10,150,33,0.0
220,2,10,150,33,0.0
221,2,10,150,33,0.11338292475568257
222,2,10,150,33,0.11408777904959366
223,2,10,150,33,0.0
224,2,10,150,33,0.029996736818897345
225,2,10,150,33,0.0
226,2,10,150,33,0.07386039040058112
227,2,10,150,33,0.06711341307257644
228,2,10,150,33,0.0
229,2,10,150,33,0.0
230,2,10,150,33,0.24667220276083424
231,2,10,150,33,0.3903800499921017
232,2,10,150,33,0.06288558365907605
233,2,10,150,33,0.11278984802012952
234,2,10,150,33,0.11137481824517984
235,2,10,150,33,0.08400628493556295
236,2,10,150,33,0.06827169109963094
237,2,10,150,33,0.18766084280469636
238,2,10,150,33,0.0
239,2,10,150,33,0.04239052134625238
240,2,10,150,33,0.0
241,2,10,150,33,0.0
242,2,10,150,33,0.07673373981757839
243,2,10,150,33,0.23165732683700077
244,2,10,150,33,0.1506075636576334
245,2,10,150,33,0.0
246,2,10,150,33,0.14562371307256805
247,2,10,150,33,0.0
248,2,10,150,33,0.14176813152020928
249,2,10,150,33,0.23976078209422233
250,2,10,150,33,0.023835426911994775
251,2,10,150,33,0.10803826056443963
252,2,10,150,33,0.13120507751234178
253,2,10,150,33,0.15078502559099496
254,2,10,150,33,0.2771795832645346
255,2,10,150,33,0.0
256,2,10,150,33,0.30056468473764636
257,2,10,150,33,0.04759023790187059
258,2,10,150,33,0.0
259,2,10,150,33,0.0
260,2,10,150,33,0.0
261,2,10,150,33,0.0
262,2,10,150,33,0.0646684107724282
263,2,10,150,33,0.07289695248299831
264,2,10,150,33,0.08715995339465889
265,2,10,150,33,0.0
266,2,10,150,33,0.0
267,2,10,150,33,0.12926031763006396
268,2,10,150,33,0.2003756896281861
269,2,10,150,33,0.10836774193722325
270,2,10,150,33,0.07496407714311909
271,2,10,150,33,0.34696805919187523
272,2,10,150,33,0.21581995694207878
273,2,10,150,33,0.0
274,2,10,150,33,0.05829918151249392
275,2,10,150,33,0.04105877938688906
276,2,10,150,33,0.3162075242034321
277,2,10,150,33,0.0
278,2,10,150,33,0.0
279,2,10,150,33,0.2960719953063248
280,2,10,150,33,0.1195294949948007
281,2,10,150,33,0.05516788910004661
282,2,10,150,33,0.0
283,2,10,150,33,0.03337620304869898
284,2,10,150,33,0.0
285,2,10,150,33,0.15002687789384317
286,2,10,150,33,0.10436526557483677
287,2,10,150,33,0.0845667599404342
288,2,10,150,33,0.04143843208212992
289,2,10,150,33,0.0
290,2,10,150,33,0.09449357188080848
291,2,10,150,33,0.2788145197597946
292,2,10,150,33,0.27993220880117314
293,2,10,150,33,0.1773942721968106
294,2,10,150,33,0.05942233668176323
295,2,10,150,33,0.115048318591655
296,2,10,150,33,0.0251854982965041
297,2,10,150,33,0.0705940386416426
298,2,10,150,33,0.3016623993767931
299,2,10,150,33,0.0531557222020829
300,2,10,150,33,0.0
301,2,10,150,33,0.1832667700766839
302,2,10,150,33,0.0
303,2,10,150,33,0.44459162770119637
304,2,10,150,33,0.05058854055353143
305,2,10,150,33,0.20328847108741457
306,2,10,150,33,0.0
307,2,10,150,33,0.1288139404283001
308,2,10,150,33,0.20901355894776177
309,2,10,150,33,0.0
310,2,10,150,33,0.0
311,2,10,150,33,0.3714850859680161
312,2,10,150,33,0.12359569008873972
313,2,10,150,33,0.2820982870375103
314,2,10,150,33,0.15706200134340997
315,2,10,150,33,0.07629373644376432
316,2,10,150,33,0.029546401698350686
317,2,10,150,33,0.0
318,2,10,150,33,0.06713148623222957
319,2,10,150,33,0.0
320,2,10,150,33,0.053322853264655135
321,2,10,150,33,0.12530728980532893
322,2,10,150,33,0.28733633616913373
323,2,10,150,33,0.0
324,2,10,150,33,0.04342547274117719
325,2,10,150,33,0.04965600793500623
326,2,10,150,33,0.09611416873079821
327,2,10,150,33,0.0
328,2,10,150,33,0.2150809955253402
329,2,10,150,33,0.0
330,2,10,150,33,0.04838752880048128
331,2,10,150,33,0.0
332,2,10,150,33,0.22990693382304853
333,2,10,150,33,0.05206745415870339
334,2,10,150,33,0.20538579235955687
335,2,10,150,33,0.0
336,2,10,150,33,0.1329318895836562
337,2,10,150,33,0.07596161868673496
338,2,10,150,33,0.07127723726551295
339,2,10,150,33,0.3746947341794975
340,2,10,150,33,0.1423148443105824
341,2,10,150,33,0.0
342,2,10,150,33,0.21694067489075705
343,2,10,150,33,0.3516077047239237
344,2,10,150,33,0.18188230441645434
345,2,10,150,33,0.10364082666698915
346,2,10,150,33,0.3610504037443763
347,2,10,150,33,0.19549211395014784
348,2,10,150,33,0.0
349,2,10,150,33,0.163169180413793
350,2,10,150,33,0.052086392783128294
351,2,10,150,33,0.030979542277895667
352,2,10,150,33,0.2470219007193075
353,2,10,150,33,0.0
354,2,10,150,33,0.14977570832150197
355,2,10,150,33,0.0
356,2,10,150,33,0.10061931714936387
357,2,10,150,33,0.08220038494336858
358,2,10,150,33,0.0
359,2,10,150,33,0.0
360,2,10,150,33,0.2072099208347698
361,2,10,150,33,0.07922151818433297
362,2,10,150,33,0.0
363,2,10,150,33,0.21063611036494737
364,2,10,150,33,0.0
365,2,10,150,33,0.0
366,2,10,150,33,0.050143326786652107
367,2,10,150,33,0.0
368,2,10,150,33,0.03597158591011401
369,2,10,150,33,0.21386152848601384
370,2,10,150,33,0.030682774986138056
371,2,10,150,33,0.03591148888190114
372,2,10,150,33,0.0536466452928127
373,2,10,150,33,0.18712922553549344
374,2,10,150,33,0.23896388658912476
375,2,10,150,33,0.1676614286651071
376,2,10,150,33,0.038925970325304815
377,2,10,150,33,0.3067552645565975
378,2,10,150,33,0.08374838125234026
379,2,10,150,33,0.20513538030480097
380,2,10,150,33,0.08541417171294227
381,2,10,150,33,0.08411294039456292
382,2,10,150,33,0.08343896770565645
383,2,10,150,33,0.02671804748260287
384,2,10,150,33,0.0
385,2,10,150,33,0.2586232048882413
386,2,10,150,33,0.0
387,2,10,150,33,0.23415860516349218
388,2,10,150,33,0.0
389,2,10,150,33,0.330945653374945
390,2,10,150,33,0.10466779365752882
391,2,10,150,33,0.13908684417406722
392,2,10,150,33,0.021805833539349333
393,2,10,150,33,0.0
394,2,10,150,33,0.19686218788316656
395,2,10,150,33,0.03571967640542795
396,2,10,150,33,0.08006506288147622
397,2,10,150,33,0.1771868876597265
398,2,10,150,33,0.12426291588659708
399,2,10,150,33,0.03416566868517691
400,2,10,150,33,0.0
401,2,10,150,33,0.0
402,2,10,150,33,0.15763555583548006
403,2,10,150,33,0.18849394360156863
404,2,10,150,33,0.0
405,2,10,150,33,0.2534946519271281
406,2,10,150,33,0.3197244229534015
407,2,10,150,33,0.1331344744744454
408,2,10,150,33,0.043261596824555576
409,2,10,150,33,0.18160064335179202
410,2,10,150,33,0.040419659112753054
411,2,10,150,33,0.13359023741301432
412,2,10,150,33,0.041062015509212284
413,2,10,150,33,0.1637733768567814
414,2,10,150,33,0.0
415,2,10,150,33,0.15582818336744758
416,2,10,150,33,0.5323127731775879
417,2,10,150,33,0.4027693235074771
418,2,10,150,33,0.0
419,2,10,150,33,0.09817896789964464
420,2,10,150,33,0.13011860784218718
421,2,10,150,33,0.2697080066409207
422,2,10,150,33,0.07435531790082366
423,2,10,150,33,0.0
424,2,10,150,33,0.039270700903099615
425,2,10,150,33,0.08061692981396681
426,2,10,150,33,0.020888382175722784
427,2,10,150,33,0.0
428,2,10,150,33,0.0
429,2,10,150,33,0.40315258700214274
430,2,10,150,33,0.07670758697446707
431,2,10,150,33,0.0
432,2,10,150,33,0.06668302137384614
433,2,10,150,33,0.07600659849685834
434,2,10,150,33,0.1307770659832369
435,2,10,150,33,0.42574932400044374
436,2,10,150,33,0.07334212489176346
437,2,10,150,33,0.3474438543597718
438,2,10,150,33,0.11342455428465782
439,2,10,150,33,0.0
440,2,10,150,33,0.032014847745354055
441,2,10,150,33,0.1731866333482261
442,2,10,150,33,0.057326881004317945
443,2,10,150,33,0.0
444,2,10,150,33,0.0
445,2,10,150,33,0.0
446,2,10,150,33,0.10865179337771637
447,2,10,150,33,0.07792391320692475
448,2,10,150,33,0.0
449,2,10,150,33,0.09580604490764728
450,2,10,150,33,0.5578375821198666
451,2,10,150,33,0.020146978809252626
452,2,10,150,33,0.25466853325694366
453,2,10,150,33,0.15064409157601727
454,2,10,150,33,0.0
455,2,10,150,33,0.13652782250909756
456,2,10,150,33,0.13900717626956524
457,2,10,150,33,0.596257748000839
458,2,10,150,33,0.3122416281070986
459,2,10,150,33,0.20147692103417578
460,2,10,150,33,0.07041837375515932
461,2,10,150,33,0.0
462,2,10,150,33,0.0
463,2,10,150,33,0.26771383224912443
464,2,10,150,33,0.0
465,2,10,150,33,0.12666740754004094
466,2,10,150,33,0.14244308076965106
467,2,10,150,33,0.06754951183378939
468,2,10,150,33,0.25374866354192016
469,2,10,150,33,0.05651614765972419
470,2,10,150,33,0.02794110381151734
471,2,10,150,33,0.0
472,2,10,150,33,0.24655401241936914
473,2,10,150,33,0.2622744659873325
474,2,10,150,33,0.4890889263439245
475,2,10,150,33,0.07311683844390994
476,2,10,150,33,0.022658472913870027
477,2,10,150,33,0.07075576072108061
478,2,10,150,33,0.10543869517558864
479,2,10,150,33,0.2412575732092703
480,2,10,150,33,0.13513870486171642
481,2,10,150,33,0.02738855579742861
482,2,10,150,33,0.0
483,2,10,150,33,0.0273055648695642
484,2,10,150,33,0.2416196632470569
485,2,10,150,33,0.0
486,2,10,150,33,0.029628279253545494
487,2,10,150,33,0.3402233866789006
488,2,10,150,33,0.0
489,2,10,150,33,0.0
490,2,10,150,33,0.08961728720334347
491,2,10,150,33,0.03859643636257609
492,2,10,150,33,0.1338895448360617
493,2,10,150,33,0.21185769071260568
494,2,10,150,33,0.06103968146247971
495,2,10,150,33,0.11203808878813934
496,2,10,150,33,0.0323342053862141
497,2,10,150,33,0.172242429750476
498,2,10,150,33,0.09089975755348324
499,2,10,150,33,0.041787611082917814
500,2,10,150,33,0.24868359550755526
501,2,10,150,33,0.0
502,2,10,150,33,0.0
503,2,10,150,33,0.10600712451238418
504,2,10,150,33,0.20068270875071226
505,2,10,150,33,0.0646684107724282
506,2,10,150,33,0.1586553962625153
507,2,10,150,33,0.0
508,2,10,150,33,0.1472270078598126
509,2,10,150,33,0.0
510,2,10,150,33,0.0
511,2,10,150,33,0.0
512,2,10,150,33,0.04622440829742681
513,2,10,150,33,0.0
514,2,10,150,33,0.22465500464060942
515,2,10,150,33,0.0
516,2,10,150,33,0.1340330647732781
517,2,10,150,33,0.0
518,2,10,150,33,0.10989133767866152
519,2,10,150,33,0.0
520,2,10,150,33,0.0
521,2,10,150,33,0.0
522,2,10,150,33,0.0559167101555819
523,2,10,150,33,0.20046426433463246
524,2,10,150,33,0.1516260089226789
525,2,10,150,33,0.0
526,2,10,150,33,0.0
527,2,10,150,33,0.34806505733458754
528,2,10,150,33,0.09031879038481141
529,2,10,150,33,0.0
530,2,10,150,33,0.03067046672709443
531,2,10,150,33,0.0
532,2,10,150,33,0.08106893101476738
533,2,10,150,33,0.05292620217887932
534,2,10,150,33,0.024909303741335254
535,2,10,150,33,0.2702444650211724
536,2,10,150,33,0.20971220911814503
537,2,10,150,33,0.46849659758824774
538,2,10,150,33,0.032394594743117074
539,2,10,150,33,0.07066252848762221
540,2,10,150,33,0.0
541,2,10,150,33,0.05124850302776537
542,2,10,150,33,0.0988340794576051
543,2,10,150,33,0.05124850302776537
544,2,10,150,33,0.0
545,2,10,150,33,0.07632445112474606
546,2,10,150,33,0.03314153504336938
547,2,10,150,33,0.0
548,2,10,150,33,0.044143057780823704
549,2,10,150,33,0.0
550,2,10,150,33,0.0
551,2,10,150,33,0.25704759022885726
552,2,10,150,33,0.048059443651065493
553,2,10,150,33,0.12040367439324966
554,2,10,150,33,0.07041837375515932
555,2,10,150,33,0.0382580635535654
556,2,10,150,33,0.09441834681022167
557,2,10,150,33,0.04470486007704452
558,2,10,150,33,0.265053101293003
559,2,10,150,33,0.035234027770431754
560,2,10,150,33,0.028567598460307132
561,2,10,150,33,0.08358270841397947
562,2,10,150,33,0.04187254809446048
563,2,10,150,33,0.0
564,2,10,150,33,0.0
565,2,10,150,33,0.19482612055561835
566,2,10,150,33,0.022658472913870027
567,2,10,150,33,0.02507594809698069
568,2,10,150,33,0.0
569,2,10,150,33,0.17563954439010937
570,2,10,150,33,0.0
571,2,10,150,33,0.0
572,2,10,150,33,0.0
573,2,10,150,33,0.03246641181906899
574,2,10,150,33,0.05058854055353143
575,2,10,150,33,0.05154847002173459
576,2,10,150,33,0.0
577,2,10,150,33,0.08765273138117241
578,2,10,150,33,0.0
579,2,10,150,33,0.08297540479108526
580,2,10,150,33,0.13886244387355454
581,2,10,150,33,0.0
582,2,10,150,33,0.0
583,2,10,150,33,0.0
584,2,10,150,33,0.0
585,2,10,150,33,0.08668163308546498
586,2,10,150,33,0.10132509239867551
587,2,10,150,33,0.03459392809572638
588,2,10,150,33,0.0
589,2,10,150,33,0.0
590,2,10,150,33,0.06139304560474655
591,2,10,150,33,0.0
592,2,10,150,33,0.31508200434785205
593,2,10,150,33,0.0
594,2,10,150,33,0.0
595,2,10,150,33,0.0
596,2,10,150,33,0.0
597,2,10,150,33,0.0
598,2,10,150,33,0.0
599,2,10,150,33,0.0
600,2,10,150,33,0.0
601,2,10,150,33,0.03369782041898502
602,2,10,150,33,0.0
603,2,10,150,33,0.1435203717549576
604,2,10,150,33,0.0
605,2,10,150,33,0.19005508898031315
606,2,10,150,33,0.23204083039530643
607,2,10,150,33,0.08440880858250024
608,2,10,150,33,0.19142268890998523
609,2,10,150,33,0.0
610,2,10,150,33,0.11752277470724268
611,2,10,150,33,0.0
612,2,10,150,33,0.15130120674940672
613,2,10,150,33,0.0
614,2,10,150,33,0.0
615,2,10,150,33,0.09083374831253048
616,2,10,150,33,0.0
617,2,10,150,33,0.044257815106106525
618,2,10,150,33,0.18766481803906507
619,2,10,150,33,0.05319635904163211
620,2,10,150,33,0.030870735913721987
621,2,10,150,33,0.04522739285207521
622,2,10,150,33,0.1091514658259318
623,2,10,150,33,0.0
624,2,10,150,33,0.0536466452928127
625,2,10,150,33,0.0
626,2,10,150,33,0.0
627,2,10,150,33,0.0
628,2,10,150,33,0.0
629,2,10,150,33,0.19451610919980286
630,2,10,150,33,0.0
631,2,10,150,33,0.0
632,2,10,150,33,0.13439570003165963
633,2,10,150,33,0.07667481399289292
634,2,10,150,33,0.030975021478781034
635,2,10,150,33,0.0
636,2,10,150,33,0.0
637,2,10,150,33,0.0
638,2,10,150,33,0.0
639,2,10,150,33,0.0
640,2,10,150,33,0.0
642,2,10,150,33,0.07260232536274262
643,2,10,150,33,0.0
644,2,10,150,33,0.0
645,2,10,150,33,0.09759501249802542
647,2,10,150,33,0.0
648,2,10,150,33,0.18159464350583557
649,2,10,150,33,1.0
650,2,10,150,33,0.0
651,2,10,150,33,0.0
653,2,10,150,33,0.0
654,2,10,150,33,0.0
655,2,10,150,33,0.11621678240839849
658,2,10,150,33,0.0
1,2,10,150,34,0.7300033028682728
2,2,10,150,34,0.1083188688865055
3,2,10,150,34,0.0
4,2,10,150,34,0.06166887310869151
5,2,10,150,34,0.11544920124929998
6,2,10,150,34,0.2515773553440804
7,2,10,150,34,0.21706412371060801
8,2,10,150,34,0.0
9,2,10,150,34,0.0
10,2,10,150,34,0.1443615226032501
11,2,10,150,34,0.1300380311332536
12,2,10,150,34,0.0
13,2,10,150,34,0.35683818312676574
14,2,10,150,34,0.09998274523051486
15,2,10,150,34,0.0
16,2,10,150,34,0.2294615312856932
17,2,10,150,34,0.0
18,2,10,150,34,0.3096477758281836
19,2,10,150,34,0.0
20,2,10,150,34,0.0
21,2,10,150,34,0.0
22,2,10,150,34,0.0
23,2,10,150,34,0.2503017165426944
24,2,10,150,34,0.06058493677293348
25,2,10,150,34,0.0
26,2,10,150,34,0.11161048176369433
27,2,10,150,34,0.0
28,2,10,150,34,0.10854509048291378
29,2,10,150,34,0.0
30,2,10,150,34,0.0
31,2,10,150,34,0.046287481291184845
32,2,10,150,34,0.11781210270929884
33,2,10,150,34,0.0
34,2,10,150,34,0.0
35,2,10,150,34,0.0
36,2,10,150,34,0.0
37,2,10,150,34,0.0
38,2,10,150,34,0.0
39,2,10,150,34,0.15820890896021753
40,2,10,150,34,0.2212397779175911
41,2,10,150,34,0.0
42,2,10,150,34,0.16901405255022786
43,2,10,150,34,0.05457908587048096
44,2,10,150,34,0.16260375267223537
45,2,10,150,34,0.0
46,2,10,150,34,0.10684080426179023
47,2,10,150,34,0.0
48,2,10,150,34,0.06046150135593519
49,2,10,150,34,0.028030687520215192
50,2,10,150,34,0.0
51,2,10,150,34,0.07984133538066794
52,2,10,150,34,0.028947056565878558
53,2,10,150,34,0.12810519548676028
54,2,10,150,34,0.047934103497110726
55,2,10,150,34,0.0
56,2,10,150,34,0.17735183603711152
57,2,10,150,34,0.0524456916588361
58,2,10,150,34,0.042281801778123
59,2,10,150,34,0.3840105444927035
60,2,10,150,34,0.24705173625023563
61,2,10,150,34,0.0
62,2,10,150,34,0.23282329279065125
63,2,10,150,34,0.0763437499438357
64,2,10,150,34,0.063401477059351
65,2,10,150,34,0.18154179097601578
66,2,10,150,34,0.09149933372035922
67,2,10,150,34,0.24630238874073
68,2,10,150,34,0.0
69,2,10,150,34,0.10495938403254562
70,2,10,150,34,0.03155184951131585
71,2,10,150,34,0.0
72,2,10,150,34,0.2530421030801216
73,2,10,150,34,0.232881323723998
74,2,10,150,34,0.17342765698823945
75,2,10,150,34,0.11695783215678135
76,2,10,150,34,0.1858487691177525
77,2,10,150,34,0.096890966577576
78,2,10,150,34,0.0
79,2,10,150,34,0.08508236880273473
80,2,10,150,34,0.1744476820873323
81,2,10,150,34,0.0
82,2,10,150,34,0.0
83,2,10,150,34,0.05307936896749864
84,2,10,150,34,0.029136604147144557
85,2,10,150,34,0.322340945991422
86,2,10,150,34,0.0
87,2,10,150,34,0.17417870976719832
88,2,10,150,34,0.06294571929989644
89,2,10,150,34,0.1535313985783443
90,2,10,150,34,0.124277938212626
91,2,10,150,34,0.0
92,2,10,150,34,0.15849842025743338
93,2,10,150,34,0.0
94,2,10,150,34,0.3829967376945141
95,2,10,150,34,0.19090341959158308
96,2,10,150,34,0.07651920817549171
97,2,10,150,34,0.15194751309721466
98,2,10,150,34,0.0
99,2,10,150,34,0.08227650340095313
100,2,10,150,34,0.0
101,2,10,150,34,0.0
102,2,10,150,34,0.07351208849838317
103,2,10,150,34,0.0
104,2,10,150,34,0.0
105,2,10,150,34,0.0
106,2,10,150,34,0.0
107,2,10,150,34,0.0
108,2,10,150,34,0.04485361187694993
109,2,10,150,34,0.2415781034379071
110,2,10,150,34,0.04327824098027407
111,2,10,150,34,0.0
112,2,10,150,34,0.0
113,2,10,150,34,0.178509607681865
114,2,10,150,34,0.0
115,2,10,150,34,0.14664330289943722
116,2,10,150,34,0.028030687520215192
117,2,10,150,34,0.0
118,2,10,150,34,0.11481215916390865
119,2,10,150,34,0.1391866685437464
120,2,10,150,34,0.361879195385413
121,2,10,150,34,0.03232623375868038
122,2,10,150,34,0.08041927109478651
123,2,10,150,34,0.09942460513010813
124,2,10,150,34,0.10192721493410528
125,2,10,150,34,0.10389131877236042
126,2,10,150,34,0.0
127,2,10,150,34,0.0
128,2,10,150,34,0.04220067978492802
129,2,10,150,34,0.0
130,2,10,150,34,0.12857436873849934
131,2,10,150,34,0.13787232815362804
132,2,10,150,34,0.07667481399289292
133,2,10,150,34,0.0
134,2,10,150,34,0.0
135,2,10,150,34,0.0
136,2,10,150,34,0.03734555298506959
137,2,10,150,34,0.0
138,2,10,150,34,0.10332949630181452
139,2,10,150,34,0.0
140,2,10,150,34,0.0
141,2,10,150,34,0.04801852110179909
142,2,10,150,34,0.0
143,2,10,150,34,0.0
144,2,10,150,34,0.23626119957468097
145,2,10,150,34,0.1364936107915439
146,2,10,150,34,0.0
147,2,10,150,34,0.0
148,2,10,150,34,0.046823654699505654
149,2,10,150,34,0.10486881530019958
150,2,10,150,34,0.0
151,2,10,150,34,0.21307368781062652
152,2,10,150,34,0.02092089401958944
153,2,10,150,34,0.0
154,2,10,150,34,0.047978870624887156
155,2,10,150,34,0.0
156,2,10,150,34,0.06437746926759551
157,2,10,150,34,0.06857646087959317
158,2,10,150,34,0.140187662558477
159,2,10,150,34,0.0
160,2,10,150,34,0.09926896187055606
161,2,10,150,34,0.0
162,2,10,150,34,0.0
163,2,10,150,34,0.0
164,2,10,150,34,0.0
165,2,10,150,34,0.0
166,2,10,150,34,0.0
167,2,10,150,34,0.040419659112753054
168,2,10,150,34,0.0
169,2,10,150,34,0.0
170,2,10,150,34,0.0
171,2,10,150,34,0.0
172,2,10,150,34,0.0
173,2,10,150,34,0.0
174,2,10,150,34,0.21118528876244386
175,2,10,150,34,0.22732566419594713
176,2,10,150,34,0.0
177,2,10,150,34,0.29715079985975246
178,2,10,150,34,0.2565312806668629
179,2,10,150,34,0.054384419234677496
180,2,10,150,34,0.05459112561892713
181,2,10,150,34,0.06481610721614331
182,2,10,150,34,0.0
183,2,10,150,34,0.0
184,2,10,150,34,0.16555773343394195
185,2,10,150,34,0.0
186,2,10,150,34,0.030868393892711742
187,2,10,150,34,0.043599246064372175
188,2,10,150,34,0.26990485040471895
189,2,10,150,34,0.09242250052888727
190,2,10,150,34,0.0
191,2,10,150,34,0.0
192,2,10,150,34,0.0
193,2,10,150,34,0.0
194,2,10,150,34,0.1293176138648064
195,2,10,150,34,0.025695227962458354
196,2,10,150,34,0.04485361187694993
197,2,10,150,34,0.10072206101855893
198,2,10,150,34,0.03349632120980132
199,2,10,150,34,0.2529427027676571
200,2,10,150,34,0.28735903801585244
201,2,10,150,34,0.0951022155890265
202,2,10,150,34,0.27487633291429087
203,2,10,150,34,0.10238606821339166
204,2,10,150,34,0.0
205,2,10,150,34,0.1465996756793884
206,2,10,150,34,0.0
207,2,10,150,34,0.027155952071524183
208,2,10,150,34,0.05919139647768146
209,2,10,150,34,0.0
210,2,10,150,34,0.11013865037908725
211,2,10,150,34,0.0
212,2,10,150,34,0.06052048269976269
213,2,10,150,34,0.0461456542860128
214,2,10,150,34,0.18560269970555937
215,2,10,150,34,0.026227071555033968
216,2,10,150,34,0.08162947472223064
217,2,10,150,34,0.07540511415913949
218,2,10,150,34,0.1023482199458735
219,2,10,150,34,0.0
220,2,10,150,34,0.0
221,2,10,150,34,0.11116161379188329
222,2,10,150,34,0.13144388918347222
223,2,10,150,34,0.0
224,2,10,150,34,0.029996736818897345
225,2,10,150,34,0.0
226,2,10,150,34,0.07386039040058112
227,2,10,150,34,0.06711341307257644
228,2,10,150,34,0.0
229,2,10,150,34,0.0
230,2,10,150,34,0.24667220276083424
231,2,10,150,34,0.3903800499921017
232,2,10,150,34,0.06288558365907605
233,2,10,150,34,0.11278984802012952
234,2,10,150,34,0.10919284855801342
235,2,10,150,34,0.08400628493556295
236,2,10,150,34,0.06827169109963094
237,2,10,150,34,0.18766084280469636
238,2,10,150,34,0.0
239,2,10,150,34,0.04156003889018151
240,2,10,150,34,0.0
241,2,10,150,34,0.0
242,2,10,150,34,0.07673373981757839
243,2,10,150,34,0.23165732683700077
244,2,10,150,34,0.14765697622919408
245,2,10,150,34,0.0
246,2,10,150,34,0.14277076540752695
247,2,10,150,34,0.0
248,2,10,150,34,0.14176813152020928
249,2,10,150,34,0.25465480351308367
250,2,10,150,34,0.023835426911994775
251,2,10,150,34,0.10803826056443963
252,2,10,150,34,0.13120507751234178
253,2,10,150,34,0.15078502559099496
254,2,10,150,34,0.27174929428077854
255,2,10,150,34,0.0
256,2,10,150,34,0.2946762528509469
257,2,10,150,34,0.04759023790187059
258,2,10,150,34,0.0
259,2,10,150,34,0.0
260,2,10,150,34,0.0
261,2,10,150,34,0.0
262,2,10,150,34,0.063401477059351
263,2,10,150,34,0.07289695248299831
264,2,10,150,34,0.08545238269565833
265,2,10,150,34,0.0
266,2,10,150,34,0.0
267,2,10,150,34,0.14631917907001363
268,2,10,150,34,0.19645008339418726
269,2,10,150,34,0.1062446845738149
270,2,10,150,34,0.09308666872185836
271,2,10,150,34,0.3401705281206683
272,2,10,150,34,0.24774905430631936
273,2,10,150,34,0.0
274,2,10,150,34,0.05829918151249392
275,2,10,150,34,0.04105877938688906
276,2,10,150,34,0.3296038599102708
277,2,10,150,34,0.0
278,2,10,150,34,0.0
279,2,10,150,34,0.2902715807318639
280,2,10,150,34,0.11718776515936502
281,2,10,150,34,0.05516788910004661
282,2,10,150,34,0.0
283,2,10,150,34,0.03337620304869898
284,2,10,150,34,0.0
285,2,10,150,34,0.15002687789384317
286,2,10,150,34,0.12191185170696377
287,2,10,150,34,0.0845667599404342
288,2,10,150,34,0.04143843208212992
289,2,10,150,34,0.0
290,2,10,150,34,0.09449357188080848
291,2,10,150,34,0.2733522003590259
292,2,10,150,34,0.30455129475376963
293,2,10,150,34,0.1739189001988218
294,2,10,150,34,0.05942233668176323
295,2,10,150,34,0.11279438051407417
296,2,10,150,34,0.0251854982965041
297,2,10,150,34,0.06921101458972784
298,2,10,150,34,0.3016623993767931
299,2,10,150,34,0.05211433621940002
300,2,10,150,34,0.0
301,2,10,150,34,0.17967634862170184
302,2,10,150,34,0.0
303,2,10,150,34,0.435881530840015
304,2,10,150,34,0.05058854055353143
305,2,10,150,34,0.19930579988173255
306,2,10,150,34,0.0
307,2,10,150,34,0.1288139404283001
308,2,10,150,34,0.20491872622869223
309,2,10,150,34,0.0
310,2,10,150,34,0.0
311,2,10,150,34,0.3837984662451519
312,2,10,150,34,0.12117429848974857
313,2,10,150,34,0.29616286465684816
314,2,10,150,34,0.15398496354135868
315,2,10,150,34,0.07629373644376432
316,2,10,150,34,0.029546401698350686
317,2,10,150,34,0.0
318,2,10,150,34,0.08540752790147237
319,2,10,150,34,0.0
320,2,10,150,34,0.052278192978875176
321,2,10,150,34,0.12530728980532893
322,2,10,150,34,0.28733633616913373
323,2,10,150,34,0.0
324,2,10,150,34,0.04342547274117719
325,2,10,150,34,0.06827441571998386
326,2,10,150,34,0.0942311739391378
327,2,10,150,34,0.0
328,2,10,150,34,0.21086729426040302
329,2,10,150,34,0.0
330,2,10,150,34,0.04743955759170122
331,2,10,150,34,0.0
332,2,10,150,34,0.22540277419006097
333,2,10,150,34,0.05206745415870339
334,2,10,150,34,0.20136203205032197
335,2,10,150,34,0.0
336,2,10,150,34,0.1303275903524712
337,2,10,150,34,0.07596161868673496
338,2,10,150,34,0.07127723726551295
339,2,10,150,34,0.3869452335001095
340,2,10,150,34,0.1423148443105824
341,2,10,150,34,0.0
342,2,10,150,34,0.21269054021953354
343,2,10,150,34,0.34471927728970014
344,2,10,150,34,0.17831900634673245
345,2,10,150,34,0.10161037538811557
346,2,10,150,34,0.3539769822212528
347,2,10,150,34,0.19166218297077436
348,2,10,150,34,0.0
349,2,10,150,34,0.163169180413793
350,2,10,150,34,0.052086392783128294
351,2,10,150,34,0.030979542277895667
352,2,10,150,34,0.2470219007193075
353,2,10,150,34,0.0
354,2,10,150,34,0.1468414179623297
355,2,10,150,34,0.0
356,2,10,150,34,0.10061931714936387
357,2,10,150,34,0.08220038494336858
358,2,10,150,34,0.0
359,2,10,150,34,0.0
360,2,10,150,34,0.2072099208347698
361,2,10,150,34,0.07766947119585675
362,2,10,150,34,0.0
363,2,10,150,34,0.20650948986777906
364,2,10,150,34,0.0
365,2,10,150,34,0.0
366,2,10,150,34,0.050143326786652107
367,2,10,150,34,0.0
368,2,10,150,34,0.03597158591011401
369,2,10,150,34,0.21386152848601384
370,2,10,150,34,0.030682774986138056
371,2,10,150,34,0.03591148888190114
372,2,10,150,34,0.0536466452928127
373,2,10,150,34,0.18346313382702015
374,2,10,150,34,0.23428229011085164
375,2,10,150,34,0.1676614286651071
376,2,10,150,34,0.038925970325304815
377,2,10,150,34,0.3067552645565975
378,2,10,150,34,0.08210764744804719
379,2,10,150,34,0.20111652587574064
380,2,10,150,34,0.08374080302450329
381,2,10,150,34,0.10205629448855286
382,2,10,150,34,0.11670077402731671
383,2,10,150,34,0.02671804748260287
384,2,10,150,34,0.0
385,2,10,150,34,0.2535564581823414
386,2,10,150,34,0.0
387,2,10,150,34,0.22957115005913317
388,2,10,150,34,0.0
389,2,10,150,34,0.3440532510025261
390,2,10,150,34,0.10466779365752882
391,2,10,150,34,0.13636196181149074
392,2,10,150,34,0.021378630437823138
393,2,10,150,34,0.0
394,2,10,150,34,0.19300541547017167
395,2,10,150,34,0.03571967640542795
396,2,10,150,34,0.08006506288147622
397,2,10,150,34,0.19945281121976402
398,2,10,150,34,0.12182845251349793
399,2,10,150,34,0.03349632120980132
400,2,10,150,34,0.0
401,2,10,150,34,0.0
402,2,10,150,34,0.15763555583548006
403,2,10,150,34,0.18849394360156863
404,2,10,150,34,0.0
405,2,10,150,34,0.26811960994247463
406,2,10,150,34,0.3134606282274218
407,2,10,150,34,0.13052620635605822
408,2,10,150,34,0.043261596824555576
409,2,10,150,34,0.17804286336878697
410,2,10,150,34,0.040419659112753054
411,2,10,150,34,0.13359023741301432
412,2,10,150,34,0.041062015509212284
413,2,10,150,34,0.1637733768567814
414,2,10,150,34,0.0
415,2,10,150,34,0.15582818336744758
416,2,10,150,34,0.5414753412345336
417,2,10,150,34,0.3948785770294071
418,2,10,150,34,0.0
419,2,10,150,34,0.09817896789964464
420,2,10,150,34,0.13011860784218718
421,2,10,150,34,0.2697080066409207
422,2,10,150,34,0.07289860576162122
423,2,10,150,34,0.0
424,2,10,150,34,0.039270700903099615
425,2,10,150,34,0.07903754499522561
426,2,10,150,34,0.020479153074930544
427,2,10,150,34,0.0
428,2,10,150,34,0.0
429,2,10,150,34,0.395254331920775
430,2,10,150,34,0.07670758697446707
431,2,10,150,34,0.0
432,2,10,150,34,0.06668302137384614
433,2,10,150,34,0.07600659849685834
434,2,10,150,34,0.1307770659832369
435,2,10,150,34,0.41740837104593004
436,2,10,150,34,0.07190526244989702
437,2,10,150,34,0.34063700187596907
438,2,10,150,34,0.11342455428465782
439,2,10,150,34,0.0
440,2,10,150,34,0.032014847745354055
441,2,10,150,34,0.1731866333482261
442,2,10,150,34,0.0562037768899224
443,2,10,150,34,0.0
444,2,10,150,34,0.0
445,2,10,150,34,0.0
446,2,10,150,34,0.10865179337771637
447,2,10,150,34,0.07639728789608834
448,2,10,150,34,0.0
449,2,10,150,34,0.09392908664069327
450,2,10,150,34,0.5665000877725785
451,2,10,150,34,0.019752274712380388
452,2,10,150,34,0.24967926343278546
453,2,10,150,34,0.14769278852072526
454,2,10,150,34,0.0
455,2,10,150,34,0.1338530745286888
456,2,10,150,34,0.1362838546992343
457,2,10,150,34,0.6041675553448217
458,2,10,150,34,0.32571566059675583
459,2,10,150,34,0.19752974032235254
460,2,10,150,34,0.07041837375515932
461,2,10,150,34,0.0
462,2,10,150,34,0.0
463,2,10,150,34,0.26246898897120485
464,2,10,150,34,0.0
465,2,10,150,34,0.12418583721778108
466,2,10,150,34,0.13965244560379367
467,2,10,150,34,0.06754951183378939
468,2,10,150,34,0.24877741509697449
469,2,10,150,34,0.05651614765972419
470,2,10,150,34,0.02794110381151734
471,2,10,150,34,0.0
472,2,10,150,34,0.2613149461000779
473,2,10,150,34,0.2622744659873325
474,2,10,150,34,0.49909830272828004
475,2,10,150,34,0.07311683844390994
476,2,10,150,34,0.02221456555819912
477,2,10,150,34,0.07075576072108061
478,2,10,150,34,0.1033730214411449
479,2,10,150,34,0.23653104058873564
480,2,10,150,34,0.13513870486171642
481,2,10,150,34,0.02738855579742861
482,2,10,150,34,0.04290887548434951
483,2,10,150,34,0.0273055648695642
484,2,10,150,34,0.23688603683728943
485,2,10,150,34,0.0
486,2,10,150,34,0.029047824818398207
487,2,10,150,34,0.33355799203857683
488,2,10,150,34,0.0
489,2,10,150,34,0.0
490,2,10,150,34,0.08961728720334347
491,2,10,150,34,0.03859643636257609
492,2,10,150,34,0.1338895448360617
493,2,10,150,34,0.20770713795380924
494,2,10,150,34,0.06103968146247971
495,2,10,150,34,0.10984312481517358
496,2,10,150,34,0.0317007385296755
497,2,10,150,34,0.1688679886830878
498,2,10,150,34,0.08911891949082665
499,2,10,150,34,0.04096894038052165
500,2,10,150,34,0.24381157797574193
501,2,10,150,34,0.0
502,2,10,150,34,0.0
503,2,10,150,34,0.10393031454803024
504,2,10,150,34,0.19675108763445107
505,2,10,150,34,0.063401477059351
506,2,10,150,34,0.15554714189402688
507,2,10,150,34,0.0
508,2,10,150,34,0.1443426496777401
509,2,10,150,34,0.0
510,2,10,150,34,0.0
511,2,10,150,34,0.0
512,2,10,150,34,0.04622440829742681
513,2,10,150,34,0.0
514,2,10,150,34,0.22025373676049548
515,2,10,150,34,0.034743705427429224
516,2,10,150,34,0.1340330647732781
517,2,10,150,34,0.0
518,2,10,150,34,0.10773843120056376
519,2,10,150,34,0.0
520,2,10,150,34,0.0
521,2,10,150,34,0.0
522,2,10,150,34,0.0559167101555819
523,2,10,150,34,0.1965369228131821
524,2,10,150,34,0.14865546889874823
525,2,10,150,34,0.0
526,2,10,150,34,0.0
527,2,10,150,34,0.341246034720391
528,2,10,150,34,0.11994232891743768
529,2,10,150,34,0.0
530,2,10,150,34,0.03067046672709443
531,2,10,150,34,0.0
532,2,10,150,34,0.07948069093651375
533,2,10,150,34,0.05188931277577447
534,2,10,150,34,0.024909303741335254
535,2,10,150,34,0.2649500435344175
536,2,10,150,34,0.20560368898285583
537,2,10,150,34,0.4593181729624244
538,2,10,150,34,0.032394594743117074
539,2,10,150,34,0.07066252848762221
540,2,10,150,34,0.0
541,2,10,150,34,0.05024448181470198
542,2,10,150,34,0.0968977982691523
543,2,10,150,34,0.05024448181470198
544,2,10,150,34,0.0
545,2,10,150,34,0.07482916124353435
546,2,10,150,34,0.03314153504336938
547,2,10,150,34,0.0
548,2,10,150,34,0.04327824098027407
549,2,10,150,34,0.0
550,2,10,150,34,0.0
551,2,10,150,34,0.25201171175223575
552,2,10,150,34,0.048059443651065493
553,2,10,150,34,0.11804481830810498
554,2,10,150,34,0.07041837375515932
555,2,10,150,34,0.0382580635535654
556,2,10,150,34,0.09441834681022167
557,2,10,150,34,0.04470486007704452
558,2,10,150,34,0.265053101293003
559,2,10,150,34,0.035234027770431754
560,2,10,150,34,0.028567598460307132
561,2,10,150,34,0.08194522034437747
562,2,10,150,34,0.04187254809446048
563,2,10,150,34,0.0
564,2,10,150,34,0.0
565,2,10,150,34,0.19482612055561835
566,2,10,150,34,0.02221456555819912
567,2,10,150,34,0.024584679428832378
568,2,10,150,34,0.0
569,2,10,150,34,0.17563954439010937
570,2,10,150,34,0.0
571,2,10,150,34,0.0
572,2,10,150,34,0.0
573,2,10,150,34,0.03246641181906899
574,2,10,150,34,0.05058854055353143
575,2,10,150,34,0.05154847002173459
576,2,10,150,34,0.0
577,2,10,150,34,0.0859355065552694
578,2,10,150,34,0.0
579,2,10,150,34,0.08297540479108526
580,2,10,150,34,0.13886244387355454
581,2,10,150,34,0.0
582,2,10,150,34,0.0
583,2,10,150,34,0.0
584,2,10,150,34,0.0
585,2,10,150,34,0.08668163308546498
586,2,10,150,34,0.10132509239867551
587,2,10,150,34,0.03459392809572638
588,2,10,150,34,0.019591230060308863
589,2,10,150,34,0.0
590,2,10,150,34,0.06139304560474655
591,2,10,150,34,0.0
592,2,10,150,34,0.30890916031281
593,2,10,150,34,0.0
594,2,10,150,34,0.0
595,2,10,150,34,0.0
596,2,10,150,34,0.0
597,2,10,150,34,0.0
598,2,10,150,34,0.0
599,2,10,150,34,0.0
600,2,10,150,34,0.0
601,2,10,150,34,0.03369782041898502
602,2,10,150,34,0.0
603,2,10,150,34,0.1435203717549576
604,2,10,150,34,0.0
605,2,10,150,34,0.19005508898031315
606,2,10,150,34,0.23204083039530643
607,2,10,150,34,0.08440880858250024
608,2,10,150,34,0.19142268890998523
609,2,10,150,34,0.0
610,2,10,150,34,0.11752277470724268
611,2,10,150,34,0.0
612,2,10,150,34,0.15130120674940672
613,2,10,150,34,0.0
614,2,10,150,34,0.0
615,2,10,150,34,0.09083374831253048
616,2,10,150,34,0.0
617,2,10,150,34,0.044257815106106525
618,2,10,150,34,0.18766481803906507
619,2,10,150,34,0.05319635904163211
620,2,10,150,34,0.030870735913721987
621,2,10,150,34,0.044341332593682226
622,2,10,150,34,0.1091514658259318
623,2,10,150,34,0.0
624,2,10,150,34,0.0536466452928127
625,2,10,150,34,0.0
626,2,10,150,34,0.0
627,2,10,150,34,0.0
628,2,10,150,34,0.0
629,2,10,150,34,0.19451610919980286
630,2,10,150,34,0.0
631,2,10,150,34,0.0
632,2,10,150,34,0.13439570003165963
633,2,10,150,34,0.07667481399289292
634,2,10,150,34,0.030975021478781034
635,2,10,150,34,0.0
636,2,10,150,34,0.0
637,2,10,150,34,0.0
638,2,10,150,34,0.0
639,2,10,150,34,0.0
640,2,10,150,34,0.0
642,2,10,150,34,0.07260232536274262
643,2,10,150,34,0.0
644,2,10,150,34,0.0
645,2,10,150,34,0.09759501249802542
647,2,10,150,34,0.0
648,2,10,150,34,0.18159464350583557
649,2,10,150,34,1.0
650,2,10,150,34,0.0
651,2,10,150,34,0.0
653,2,10,150,34,0.0
654,2,10,150,34,0.0
655,2,10,150,34,0.11621678240839849
658,2,10,150,34,0.0
1,2,10,150,35,0.7160846096048157
2,2,10,150,35,0.1083188688865055
3,2,10,150,35,0.0
4,2,10,150,35,0.06166887310869151
5,2,10,150,35,0.11324797556527029
6,2,10,150,35,0.24678062630558467
7,2,10,150,35,0.21292544523537618
8,2,10,150,35,0.0
9,2,10,150,35,0.0
10,2,10,150,35,0.1416090367661787
11,2,10,150,35,0.1275586458197679
12,2,10,150,35,0.0
13,2,10,150,35,0.3500344862172916
14,2,10,150,35,0.09998274523051486
15,2,10,150,35,0.0
16,2,10,150,35,0.2294615312856932
17,2,10,150,35,0.0
18,2,10,150,35,0.3037438403329192
19,2,10,150,35,0.0
20,2,10,150,35,0.0
21,2,10,150,35,0.0
22,2,10,150,35,0.0
23,2,10,150,35,0.24552930962044348
24,2,10,150,35,0.06058493677293348
25,2,10,150,35,0.0
26,2,10,150,35,0.11161048176369433
27,2,10,150,35,0.0
28,2,10,150,35,0.10854509048291378
29,2,10,150,35,0.0
30,2,10,150,35,0.0
31,2,10,150,35,0.046287481291184845
32,2,10,150,35,0.11781210270929884
33,2,10,150,35,0.0
34,2,10,150,35,0.0
35,2,10,150,35,0.0
36,2,10,150,35,0.0
37,2,10,150,35,0.0
38,2,10,150,35,0.0
39,2,10,150,35,0.15820890896021753
40,2,10,150,35,0.2212397779175911
41,2,10,150,35,0.0
42,2,10,150,35,0.16579152637066488
43,2,10,150,35,0.05353844735303004
44,2,10,150,35,0.15950344922423812
45,2,10,150,35,0.0
46,2,10,150,35,0.10684080426179023
47,2,10,150,35,0.0
48,2,10,150,35,0.08885395895208888
49,2,10,150,35,0.046562853975824686
50,2,10,150,35,0.0
51,2,10,150,35,0.07984133538066794
52,2,10,150,35,0.028947056565878558
53,2,10,150,35,0.12810519548676028
54,2,10,150,35,0.047934103497110726
55,2,10,150,35,0.0
56,2,10,150,35,0.17397033653455798
57,2,10,150,35,0.0524456916588361
58,2,10,150,35,0.04147563086456182
59,2,10,150,35,0.3766887625805858
60,2,10,150,35,0.24234129545693958
61,2,10,150,35,0.0
62,2,10,150,35,0.22838414027694556
63,2,10,150,35,0.0763437499438357
64,2,10,150,35,0.062192625389540866
65,2,10,150,35,0.18154179097601578
66,2,10,150,35,0.09149933372035922
67,2,10,150,35,0.24630238874073
68,2,10,150,35,0.0
69,2,10,150,35,0.10495938403254562
70,2,10,150,35,0.03155184951131585
71,2,10,150,35,0.0
72,2,10,150,35,0.2530421030801216
73,2,10,150,35,0.232881323723998
74,2,10,150,35,0.17342765698823945
75,2,10,150,35,0.11695783215678135
76,2,10,150,35,0.1858487691177525
77,2,10,150,35,0.096890966577576
78,2,10,150,35,0.0
79,2,10,150,35,0.08508236880273473
80,2,10,150,35,0.1744476820873323
81,2,10,150,35,0.0
82,2,10,150,35,0.0
83,2,10,150,35,0.052067324977596585
84,2,10,150,35,0.029136604147144557
85,2,10,150,35,0.3161949946842444
86,2,10,150,35,0.0
87,2,10,150,35,0.1708577110473996
88,2,10,150,35,0.06294571929989644
89,2,10,150,35,0.1535313985783443
90,2,10,150,35,0.12190837838378704
91,2,10,150,35,0.025108308340262078
92,2,10,150,35,0.155476391609566
93,2,10,150,35,0.0
94,2,10,150,35,0.3756942856481613
95,2,10,150,35,0.1872635372379004
96,2,10,150,35,0.07651920817549171
97,2,10,150,35,0.15194751309721466
98,2,10,150,35,0.0
99,2,10,150,35,0.08227650340095313
100,2,10,150,35,0.0
101,2,10,150,35,0.0
102,2,10,150,35,0.07211046167430599
103,2,10,150,35,0.0
104,2,10,150,35,0.0
105,2,10,150,35,0.0
106,2,10,150,35,0.0
107,2,10,150,35,0.0
108,2,10,150,35,0.04485361187694993
109,2,10,150,35,0.25603864313828995
110,2,10,150,35,0.042453071342246955
111,2,10,150,35,0.09077089626867633
112,2,10,150,35,0.0
113,2,10,150,35,0.178509607681865
114,2,10,150,35,0.0
115,2,10,150,35,0.14664330289943722
116,2,10,150,35,0.02749623714166931
117,2,10,150,35,0.0
118,2,10,150,35,0.11481215916390865
119,2,10,150,35,0.13653284966620022
120,2,10,150,35,0.361879195385413
121,2,10,150,35,0.03232623375868038
122,2,10,150,35,0.08041927109478651
123,2,10,150,35,0.12990556389377814
124,2,10,150,35,0.14739123024359468
125,2,10,150,35,0.10191046280493274
126,2,10,150,35,0.0
127,2,10,150,35,0.0
128,2,10,150,35,0.041396055593327916
129,2,10,150,35,0.0
130,2,10,150,35,0.12612289051506897
131,2,10,150,35,0.13787232815362804
132,2,10,150,35,0.07667481399289292
133,2,10,150,35,0.0
134,2,10,150,35,0.0
135,2,10,150,35,0.0
136,2,10,150,35,0.03734555298506959
137,2,10,150,35,0.0
138,2,10,150,35,0.10332949630181452
139,2,10,150,35,0.0
140,2,10,150,35,0.0
141,2,10,150,35,0.04801852110179909
142,2,10,150,35,0.0
143,2,10,150,35,0.0
144,2,10,150,35,0.23175649780961266
145,2,10,150,35,0.13389113941427122
146,2,10,150,35,0.0
147,2,10,150,35,0.0
148,2,10,150,35,0.046823654699505654
149,2,10,150,35,0.10486881530019958
150,2,10,150,35,0.0
151,2,10,150,35,0.22807771028185625
152,2,10,150,35,0.02092089401958944
153,2,10,150,35,0.0
154,2,10,150,35,0.047978870624887156
155,2,10,150,35,0.0
156,2,10,150,35,0.06437746926759551
157,2,10,150,35,0.06857646087959317
158,2,10,150,35,0.15658137494575405
159,2,10,150,35,0.0
160,2,10,150,35,0.09926896187055606
161,2,10,150,35,0.0
162,2,10,150,35,0.0
163,2,10,150,35,0.0
164,2,10,150,35,0.0
165,2,10,150,35,0.0
166,2,10,150,35,0.0
167,2,10,150,35,0.040419659112753054
168,2,10,150,35,0.0
169,2,10,150,35,0.0
170,2,10,150,35,0.0
171,2,10,150,35,0.0
172,2,10,150,35,0.0
173,2,10,150,35,0.0
174,2,10,150,35,0.2071586997805999
175,2,10,150,35,0.22732566419594713
176,2,10,150,35,0.0
177,2,10,150,35,0.29715079985975246
178,2,10,150,35,0.2516400970324127
179,2,10,150,35,0.054384419234677496
180,2,10,150,35,0.05459112561892713
181,2,10,150,35,0.06358028333517157
182,2,10,150,35,0.0
183,2,10,150,35,0.0
184,2,10,150,35,0.16240110756662576
185,2,10,150,35,0.0
186,2,10,150,35,0.030868393892711742
187,2,10,150,35,0.043599246064372175
188,2,10,150,35,0.26990485040471895
189,2,10,150,35,0.09066031612444847
190,2,10,150,35,0.0
191,2,10,150,35,0.0
192,2,10,150,35,0.0
193,2,10,150,35,0.0
194,2,10,150,35,0.12685196447133887
195,2,10,150,35,0.025695227962458354
196,2,10,150,35,0.04485361187694993
197,2,10,150,35,0.10072206101855893
198,2,10,150,35,0.032857659687940244
199,2,10,150,35,0.2529427027676571
200,2,10,150,35,0.2818800733441727
201,2,10,150,35,0.0932889380843113
202,2,10,150,35,0.27487633291429087
203,2,10,150,35,0.10238606821339166
204,2,10,150,35,0.0
205,2,10,150,35,0.1465996756793884
206,2,10,150,35,0.0
207,2,10,150,35,0.026638179938609747
208,2,10,150,35,0.05919139647768146
209,2,10,150,35,0.0
210,2,10,150,35,0.1080386789336782
211,2,10,150,35,0.0
212,2,10,150,35,0.06052048269976269
213,2,10,150,35,0.045265812777179996
214,2,10,150,35,0.18206388414688868
215,2,10,150,35,0.026227071555033968
216,2,10,150,35,0.10321788881577303
217,2,10,150,35,0.07540511415913949
218,2,10,150,35,0.1023482199458735
219,2,10,150,35,0.0
220,2,10,150,35,0.0
221,2,10,150,35,0.1090421378950471
222,2,10,150,35,0.1289376989132198
223,2,10,150,35,0.0
224,2,10,150,35,0.029996736818897345
225,2,10,150,35,0.0
226,2,10,150,35,0.07386039040058112
227,2,10,150,35,0.06711341307257644
228,2,10,150,35,0.0
229,2,10,150,35,0.0
230,2,10,150,35,0.24667220276083424
231,2,10,150,35,0.3903800499921017
232,2,10,150,35,0.06288558365907605
233,2,10,150,35,0.11278984802012952
234,2,10,150,35,0.10711091035352784
235,2,10,150,35,0.08400628493556295
236,2,10,150,35,0.06827169109963094
237,2,10,150,35,0.18766084280469636
238,2,10,150,35,0.0
239,2,10,150,35,0.04076762955304983
240,2,10,150,35,0.0
241,2,10,150,35,0.0
242,2,10,150,35,0.07673373981757839
243,2,10,150,35,0.23165732683700077
244,2,10,150,35,0.16390827407469744
245,2,10,150,35,0.0
246,2,10,150,35,0.14004860992838258
247,2,10,150,35,0.0
248,2,10,150,35,0.14176813152020928
249,2,10,150,35,0.2497993979495226
250,2,10,150,35,0.023835426911994775
251,2,10,150,35,0.10803826056443963
252,2,10,150,35,0.13120507751234178
253,2,10,150,35,0.15078502559099496
254,2,10,150,35,0.26656795461177485
255,2,10,150,35,0.0
256,2,10,150,35,0.28905777364771323
257,2,10,150,35,0.04759023790187059
258,2,10,150,35,0.0
259,2,10,150,35,0.0
260,2,10,150,35,0.0
261,2,10,150,35,0.0
262,2,10,150,35,0.062192625389540866
263,2,10,150,35,0.07289695248299831
264,2,10,150,35,0.0838230948572346
265,2,10,150,35,0.0
266,2,10,150,35,0.0
267,2,10,150,35,0.16259598418135288
268,2,10,150,35,0.19270444492707242
269,2,10,150,35,0.12328557471653567
270,2,10,150,35,0.09131182087697073
271,2,10,150,35,0.3336846270027193
272,2,10,150,35,0.24774905430631936
273,2,10,150,35,0.0
274,2,10,150,35,0.05829918151249392
275,2,10,150,35,0.04105877938688906
276,2,10,150,35,0.3233194294063031
277,2,10,150,35,0.0
278,2,10,150,35,0.0
279,2,10,150,35,0.28473708372420486
280,2,10,150,35,0.11495339094342043
281,2,10,150,35,0.05516788910004661
282,2,10,150,35,0.0
283,2,10,150,35,0.03337620304869898
284,2,10,150,35,0.0
285,2,10,150,35,0.15002687789384317
286,2,10,150,35,0.11958740514292472
287,2,10,150,35,0.0845667599404342
288,2,10,150,35,0.04143843208212992
289,2,10,150,35,0.0
290,2,10,150,35,0.09449357188080848
291,2,10,150,35,0.26814029869400713
292,2,10,150,35,0.30455129475376963
293,2,10,150,35,0.17060285516851317
294,2,10,150,35,0.05942233668176323
295,2,10,150,35,0.1106437732797664
296,2,10,150,35,0.04780823114546271
297,2,10,150,35,0.06789139469384237
298,2,10,150,35,0.3016623993767931
299,2,10,150,35,0.051120692139138384
300,2,10,150,35,0.0
301,2,10,150,35,0.17625052852837175
302,2,10,150,35,0.0
303,2,10,150,35,0.4275707447064034
304,2,10,150,35,0.05058854055353143
305,2,10,150,35,0.19550571256256274
306,2,10,150,35,0.0
307,2,10,150,35,0.1288139404283001
308,2,10,150,35,0.2010116193935466
309,2,10,150,35,0.0
310,2,10,150,35,0.0
311,2,10,150,35,0.3764807279477191
312,2,10,150,35,0.11886391457029698
313,2,10,150,35,0.30958265763008563
314,2,10,150,35,0.1510489912432942
315,2,10,150,35,0.10376803047975726
316,2,10,150,35,0.029546401698350686
317,2,10,150,35,0.0
318,2,10,150,35,0.10284571212637794
319,2,10,150,35,0.0
320,2,10,150,35,0.05128142470456494
321,2,10,150,35,0.12530728980532893
322,2,10,150,35,0.28733633616913373
323,2,10,150,35,0.0
324,2,10,150,35,0.04342547274117719
325,2,10,150,35,0.06697265359587509
326,2,10,150,35,0.09243450425180762
327,2,10,150,35,0.0
328,2,10,150,35,0.20684676835788482
329,2,10,150,35,0.0
330,2,10,150,35,0.046535045724318415
331,2,10,150,35,0.0
332,2,10,150,35,0.22110510586122345
333,2,10,150,35,0.05206745415870339
334,2,10,150,35,0.19752273934027156
335,2,10,150,35,0.0
336,2,10,150,35,0.1278426841243019
337,2,10,150,35,0.07596161868673496
338,2,10,150,35,0.07127723726551295
339,2,10,150,35,0.37956749699716014
340,2,10,150,35,0.1423148443105824
341,2,10,150,35,0.0
342,2,10,150,35,0.20863525118491819
343,2,10,150,35,0.33814664691427054
344,2,10,150,35,0.174919066178472
345,2,10,150,35,0.11873962612837106
346,2,10,150,35,0.34722783873312957
347,2,10,150,35,0.18800783356647285
348,2,10,150,35,0.0
349,2,10,150,35,0.163169180413793
350,2,10,150,35,0.052086392783128294
351,2,10,150,35,0.030979542277895667
352,2,10,150,35,0.2470219007193075
353,2,10,150,35,0.0
354,2,10,150,35,0.1440416489106579
355,2,10,150,35,0.0
356,2,10,150,35,0.10061931714936387
357,2,10,150,35,0.08220038494336858
358,2,10,150,35,0.0
359,2,10,150,35,0.0
360,2,10,150,35,0.2072099208347698
361,2,10,150,35,0.0761885771488539
362,2,10,150,35,0.0
363,2,10,150,35,0.20257205255185323
364,2,10,150,35,0.0
365,2,10,150,35,0.0
366,2,10,150,35,0.050143326786652107
367,2,10,150,35,0.0
368,2,10,150,35,0.03597158591011401
369,2,10,150,35,0.21386152848601384
370,2,10,150,35,0.030682774986138056
371,2,10,150,35,0.03591148888190114
372,2,10,150,35,0.0536466452928127
373,2,10,150,35,0.179965112551147
374,2,10,150,35,0.2298153194542796
375,2,10,150,35,0.1676614286651071
376,2,10,150,35,0.038925970325304815
377,2,10,150,35,0.3067552645565975
378,2,10,150,35,0.08054213239500137
379,2,10,150,35,0.19728191413785143
380,2,10,150,35,0.08214414921985061
381,2,10,150,35,0.10011042622602591
382,2,10,150,35,0.11670077402731671
383,2,10,150,35,0.02671804748260287
384,2,10,150,35,0.0
385,2,10,150,35,0.24872199434835315
386,2,10,150,35,0.0
387,2,10,150,35,0.2251940049047793
388,2,10,150,35,0.0
389,2,10,150,35,0.33749331949511546
390,2,10,150,35,0.10466779365752882
391,2,10,150,35,0.13376200053487733
392,2,10,150,35,0.020971012282826156
393,2,10,150,35,0.0
394,2,10,150,35,0.20839207200064033
395,2,10,150,35,0.03571967640542795
396,2,10,150,35,0.08006506288147622
397,2,10,150,35,0.19945281121976402
398,2,10,150,35,0.11950559608992499
399,2,10,150,35,0.032857659687940244
400,2,10,150,35,0.0
401,2,10,150,35,0.0
402,2,10,150,35,0.15763555583548006
403,2,10,150,35,0.18849394360156863
404,2,10,150,35,0.0
405,2,10,150,35,0.2820740929081337
406,2,10,150,35,0.307483994536416
407,2,10,150,35,0.12803751319265136
408,2,10,150,35,0.043261596824555576
409,2,10,150,35,0.17464818831287843
410,2,10,150,35,0.07840046845612053
411,2,10,150,35,0.13359023741301432
412,2,10,150,35,0.041062015509212284
413,2,10,150,35,0.1637733768567814
414,2,10,150,35,0.0
415,2,10,150,35,0.15582818336744758
416,2,10,150,35,0.5311512383780712
417,2,10,150,35,0.3873495785051709
418,2,10,150,35,0.0
419,2,10,150,35,0.09817896789964464
420,2,10,150,35,0.13011860784218718
421,2,10,150,35,0.29129642073446305
422,2,10,150,35,0.07150867597782024
423,2,10,150,35,0.0
424,2,10,150,35,0.039270700903099615
425,2,10,150,35,0.07753056640928933
426,2,10,150,35,0.02008868491016283
427,2,10,150,35,0.0
428,2,10,150,35,0.0
429,2,10,150,35,0.38771816902200157
430,2,10,150,35,0.07670758697446707
431,2,10,150,35,0.0
432,2,10,150,35,0.06668302137384614
433,2,10,150,35,0.07600659849685834
434,2,10,150,35,0.1307770659832369
435,2,10,150,35,0.42851642240598375
436,2,10,150,35,0.07053427236240546
437,2,10,150,35,0.3532088235158199
438,2,10,150,35,0.11342455428465782
439,2,10,150,35,0.0
440,2,10,150,35,0.032014847745354055
441,2,10,150,35,0.1731866333482261
442,2,10,150,35,0.055132161011329894
443,2,10,150,35,0.0
444,2,10,150,35,0.04010913675862143
445,2,10,150,35,0.0
446,2,10,150,35,0.10865179337771637
447,2,10,150,35,0.07494065008060496
448,2,10,150,35,0.0
449,2,10,150,35,0.092138176736133
450,2,10,150,35,0.5747654644966589
451,2,10,150,35,0.019375665658836454
452,2,10,150,35,0.24491872458547842
453,2,10,150,35,0.14487678671283266
454,2,10,150,35,0.0
455,2,10,150,35,0.13130094924457666
456,2,10,150,35,0.1336853826610023
457,2,10,150,35,0.611714740897589
458,2,10,150,35,0.3385719817334291
459,2,10,150,35,0.19376351645027604
460,2,10,150,35,0.07041837375515932
461,2,10,150,35,0.0
462,2,10,150,35,0.04010913675862143
463,2,10,150,35,0.25746459332764277
464,2,10,150,35,0.0
465,2,10,150,35,0.12181803344332087
466,2,10,150,35,0.13698974593351343
467,2,10,150,35,0.06754951183378939
468,2,10,150,35,0.2631006882804843
469,2,10,150,35,0.05651614765972419
470,2,10,150,35,0.02794110381151734
471,2,10,150,35,0.0
472,2,10,150,35,0.2753991709839051
473,2,10,150,35,0.2622744659873325
474,2,10,150,35,0.508648803461738
475,2,10,150,35,0.07311683844390994
476,2,10,150,35,0.021791008948563714
477,2,10,150,35,0.07075576072108061
478,2,10,150,35,0.10140204765033767
479,2,10,150,35,0.25108781070260155
480,2,10,150,35,0.13513870486171642
481,2,10,150,35,0.02738855579742861
482,2,10,150,35,0.04290887548434951
483,2,10,150,35,0.0273055648695642
484,2,10,150,35,0.23236942153955123
485,2,10,150,35,0.0
486,2,10,150,35,0.02849398107272014
487,2,10,150,35,0.34626478644656244
488,2,10,150,35,0.0
489,2,10,150,35,0.0
490,2,10,150,35,0.08961728720334347
491,2,10,150,35,0.03859643636257609
492,2,10,150,35,0.1338895448360617
493,2,10,150,35,0.20374686554072494
494,2,10,150,35,0.06103968146247971
495,2,10,150,35,0.12681540487661175
496,2,10,150,35,0.031096312694770433
497,2,10,150,35,0.1656482474473129
498,2,10,150,35,0.08741972320022112
499,2,10,150,35,0.040187801292184896
500,2,10,150,35,0.23916291603874767
501,2,10,150,35,0.0
502,2,10,150,35,0.0
503,2,10,150,35,0.1210153318972451
504,2,10,150,35,0.1929997100348217
505,2,10,150,35,0.062192625389540866
506,2,10,150,35,0.15258138413988548
507,2,10,150,35,0.0
508,2,10,150,35,0.1415905236835079
509,2,10,150,35,0.0
510,2,10,150,35,0.0
511,2,10,150,35,0.0
512,2,10,150,35,0.04622440829742681
513,2,10,150,35,0.0
514,2,10,150,35,0.2160542431553922
515,2,10,150,35,0.034743705427429224
516,2,10,150,35,0.1340330647732781
517,2,10,150,35,0.0
518,2,10,150,35,0.1271756500386261
519,2,10,150,35,0.0
520,2,10,150,35,0.0
521,2,10,150,35,0.0
522,2,10,150,35,0.0559167101555819
523,2,10,150,35,0.1927896286121392
524,2,10,150,35,0.14582111203295411
525,2,10,150,35,0.0
526,2,10,150,35,0.0
527,2,10,150,35,0.33473962733020246
528,2,10,150,35,0.11994232891743768
529,2,10,150,35,0.0
530,2,10,150,35,0.03067046672709443
531,2,10,150,35,0.0
532,2,10,150,35,0.07796526305671332
533,2,10,150,35,0.05089995913129114
534,2,10,150,35,0.024909303741335254
535,2,10,150,35,0.259898342574154
536,2,10,150,35,0.2016835222253309
537,2,10,150,35,0.469627146187741
538,2,10,150,35,0.032394594743117074
539,2,10,150,35,0.07066252848762221
540,2,10,150,35,0.0
541,2,10,150,35,0.05024448181470198
542,2,10,150,35,0.0950502850774811
543,2,10,150,35,0.04928648953191037
544,2,10,150,35,0.0
545,2,10,150,35,0.07340242229808266
546,2,10,150,35,0.03314153504336938
547,2,10,150,35,0.0
548,2,10,150,35,0.042453071342246955
549,2,10,150,35,0.0
550,2,10,150,35,0.0
551,2,10,150,35,0.26627331784069164
552,2,10,150,35,0.048059443651065493
553,2,10,150,35,0.11579410298816686
554,2,10,150,35,0.07041837375515932
555,2,10,150,35,0.0382580635535654
556,2,10,150,35,0.09441834681022167
557,2,10,150,35,0.04470486007704452
558,2,10,150,35,0.265053101293003
559,2,10,150,35,0.035234027770431754
560,2,10,150,35,0.028567598460307132
561,2,10,150,35,0.0803828022266808
562,2,10,150,35,0.04187254809446048
563,2,10,150,35,0.0
564,2,10,150,35,0.0
565,2,10,150,35,0.19482612055561835
566,2,10,150,35,0.021791008948563714
567,2,10,150,35,0.024584679428832378
568,2,10,150,35,0.0
569,2,10,150,35,0.17563954439010937
570,2,10,150,35,0.0
571,2,10,150,35,0.0
572,2,10,150,35,0.0
573,2,10,150,35,0.03246641181906899
574,2,10,150,35,0.05058854055353143
575,2,10,150,35,0.05154847002173459
576,2,10,150,35,0.0
577,2,10,150,35,0.08429700717933103
578,2,10,150,35,0.0
579,2,10,150,35,0.08297540479108526
580,2,10,150,35,0.13886244387355454
581,2,10,150,35,0.0
582,2,10,150,35,0.0
583,2,10,150,35,0.0
584,2,10,150,35,0.0
585,2,10,150,35,0.08668163308546498
586,2,10,150,35,0.10132509239867551
587,2,10,150,35,0.03459392809572638
588,2,10,150,35,0.038284308417594545
589,2,10,150,35,0.0
590,2,10,150,35,0.06139304560474655
591,2,10,150,35,0.0
592,2,10,150,35,0.30301930771656505
593,2,10,150,35,0.023186844104522288
594,2,10,150,35,0.0
595,2,10,150,35,0.0
596,2,10,150,35,0.0
597,2,10,150,35,0.0
598,2,10,150,35,0.0
599,2,10,150,35,0.0
600,2,10,150,35,0.0
601,2,10,150,35,0.03369782041898502
602,2,10,150,35,0.0
603,2,10,150,35,0.1435203717549576
604,2,10,150,35,0.0
605,2,10,150,35,0.19005508898031315
606,2,10,150,35,0.23204083039530643
607,2,10,150,35,0.08440880858250024
608,2,10,150,35,0.19142268890998523
609,2,10,150,35,0.0
610,2,10,150,35,0.1629867900167321
611,2,10,150,35,0.0
612,2,10,150,35,0.15130120674940672
613,2,10,150,35,0.0
614,2,10,150,35,0.0
615,2,10,150,35,0.09083374831253048
616,2,10,150,35,0.0
617,2,10,150,35,0.044257815106106525
618,2,10,150,35,0.18766481803906507
619,2,10,150,35,0.05319635904163211
620,2,10,150,35,0.030870735913721987
621,2,10,150,35,0.044341332593682226
622,2,10,150,35,0.1091514658259318
623,2,10,150,35,0.0
624,2,10,150,35,0.0536466452928127
625,2,10,150,35,0.0
626,2,10,150,35,0.0
627,2,10,150,35,0.0
628,2,10,150,35,0.0
629,2,10,150,35,0.19451610919980286
630,2,10,150,35,0.0
631,2,10,150,35,0.0
632,2,10,150,35,0.13439570003165963
633,2,10,150,35,0.07667481399289292
634,2,10,150,35,0.030975021478781034
635,2,10,150,35,0.0
636,2,10,150,35,0.0
637,2,10,150,35,0.0
638,2,10,150,35,0.0
639,2,10,150,35,0.0
640,2,10,150,35,0.0
642,2,10,150,35,0.07260232536274262
643,2,10,150,35,0.0
644,2,10,150,35,0.0
645,2,10,150,35,0.09759501249802542
647,2,10,150,35,0.0
648,2,10,150,35,0.18159464350583557
649,2,10,150,35,1.0
650,2,10,150,35,0.0
651,2,10,150,35,0.0
653,2,10,150,35,0.0
654,2,10,150,35,0.0
655,2,10,150,35,0.11621678240839849
658,2,10,150,35,0.0
1,2,10,150,36,0.7027865231510669
2,2,10,150,36,0.1083188688865055
3,2,10,150,36,0.0
4,2,10,150,36,0.06166887310869151
5,2,10,150,36,0.11114489815014461
6,2,10,150,36,0.2421977738609092
7,2,10,150,36,0.20897130219003748
8,2,10,150,36,0.0
9,2,10,150,36,0.0
10,2,10,150,36,0.13897927879024907
11,2,10,150,36,0.12518981135903218
12,2,10,150,36,0.0
13,2,10,150,36,0.3435341526015756
14,2,10,150,36,0.09998274523051486
15,2,10,150,36,0.0
16,2,10,150,36,0.2491367253726175
17,2,10,150,36,0.0
18,2,10,150,36,0.2981031495620759
19,2,10,150,36,0.0
20,2,10,150,36,0.0
21,2,10,150,36,0.0
22,2,10,150,36,0.0
23,2,10,150,36,0.24096969481729366
24,2,10,150,36,0.06058493677293348
25,2,10,150,36,0.0
26,2,10,150,36,0.11161048176369433
27,2,10,150,36,0.0
28,2,10,150,36,0.10854509048291378
29,2,10,150,36,0.0
30,2,10,150,36,0.0
31,2,10,150,36,0.046287481291184845
32,2,10,150,36,0.11781210270929884
33,2,10,150,36,0.0
34,2,10,150,36,0.0
35,2,10,150,36,0.0
36,2,10,150,36,0.0
37,2,10,150,36,0.0
38,2,10,150,36,0.0
39,2,10,150,36,0.15820890896021753
40,2,10,150,36,0.2212397779175911
41,2,10,150,36,0.0
42,2,10,150,36,0.16271268621490068
43,2,10,150,36,0.07111476079899899
44,2,10,150,36,0.1565413821318793
45,2,10,150,36,0.0
46,2,10,150,36,0.10684080426179023
47,2,10,150,36,0.0
48,2,10,150,36,0.08885395895208888
49,2,10,150,36,0.045698156076444466
50,2,10,150,36,0.0
51,2,10,150,36,0.07984133538066794
52,2,10,150,36,0.028947056565878558
53,2,10,150,36,0.12810519548676028
54,2,10,150,36,0.047934103497110726
55,2,10,150,36,0.0
56,2,10,150,36,0.17073961135963622
57,2,10,150,36,0.0524456916588361
58,2,10,150,36,0.05927595747096986
59,2,10,150,36,0.38826399630523
60,2,10,150,36,0.25641143580112197
61,2,10,150,36,0.0
62,2,10,150,36,0.2241429207320318
63,2,10,150,36,0.0763437499438357
64,2,10,150,36,0.06103767400792671
65,2,10,150,36,0.18154179097601578
66,2,10,150,36,0.09149933372035922
67,2,10,150,36,0.24630238874073
68,2,10,150,36,0.0
69,2,10,150,36,0.10495938403254562
70,2,10,150,36,0.03155184951131585
71,2,10,150,36,0.0
72,2,10,150,36,0.2530421030801216
73,2,10,150,36,0.232881323723998
74,2,10,150,36,0.17342765698823945
75,2,10,150,36,0.11695783215678135
76,2,10,150,36,0.1858487691177525
77,2,10,150,36,0.096890966577576
78,2,10,150,36,0.0
79,2,10,150,36,0.08508236880273473
80,2,10,150,36,0.1744476820873323
81,2,10,150,36,0.0
82,2,10,150,36,0.0
83,2,10,150,36,0.051100406013440076
84,2,10,150,36,0.029136604147144557
85,2,10,150,36,0.3103230791045
86,2,10,150,36,0.0
87,2,10,150,36,0.1676847890458336
88,2,10,150,36,0.06294571929989644
89,2,10,150,36,0.1535313985783443
90,2,10,150,36,0.11964447250808534
91,2,10,150,36,0.025108308340262078
92,2,10,150,36,0.15258910919990507
93,2,10,150,36,0.0
94,2,10,150,36,0.368717435393712
95,2,10,150,36,0.18378594998854075
96,2,10,150,36,0.07651920817549171
97,2,10,150,36,0.15194751309721466
98,2,10,150,36,0.0
99,2,10,150,36,0.08227650340095313
100,2,10,150,36,0.0
101,2,10,150,36,0.0
102,2,10,150,36,0.07077133059858876
103,2,10,150,36,0.0
104,2,10,150,36,0.0
105,2,10,150,36,0.0
106,2,10,150,36,0.0
107,2,10,150,36,0.0
108,2,10,150,36,0.04485361187694993
109,2,10,150,36,0.2512838642109332
110,2,10,150,36,0.04166469437482698
111,2,10,150,36,0.09077089626867633
112,2,10,150,36,0.0
113,2,10,150,36,0.178509607681865
114,2,10,150,36,0.0
115,2,10,150,36,0.14664330289943722
116,2,10,150,36,0.026985616840997744
117,2,10,150,36,0.0
118,2,10,150,36,0.11481215916390865
119,2,10,150,36,0.133997359286593
120,2,10,150,36,0.361879195385413
121,2,10,150,36,0.03232623375868038
122,2,10,150,36,0.08041927109478651
123,2,10,150,36,0.12990556389377814
124,2,10,150,36,0.14739123024359468
125,2,10,150,36,0.10001792925967273
126,2,10,150,36,0.0
127,2,10,150,36,0.0
128,2,10,150,36,0.04062730799180069
129,2,10,150,36,0.0
130,2,10,150,36,0.12378071882282767
131,2,10,150,36,0.13787232815362804
132,2,10,150,36,0.07667481399289292
133,2,10,150,36,0.0
134,2,10,150,36,0.0
135,2,10,150,36,0.0
136,2,10,150,36,0.03734555298506959
137,2,10,150,36,0.0
138,2,10,150,36,0.10332949630181452
139,2,10,150,36,0.0
140,2,10,150,36,0.0
141,2,10,150,36,0.04801852110179909
142,2,10,150,36,0.0
143,2,10,150,36,0.0
144,2,10,150,36,0.22745265172389514
145,2,10,150,36,0.131404707052173
146,2,10,150,36,0.0
147,2,10,150,36,0.0
148,2,10,150,36,0.046823654699505654
149,2,10,150,36,0.10486881530019958
150,2,10,150,36,0.0
151,2,10,150,36,0.24241273327573465
152,2,10,150,36,0.02092089401958944
153,2,10,150,36,0.0
154,2,10,150,36,0.047978870624887156
155,2,10,150,36,0.0
156,2,10,150,36,0.06437746926759551
157,2,10,150,36,0.06857646087959317
158,2,10,150,36,0.1536735723856284
159,2,10,150,36,0.0
160,2,10,150,36,0.09926896187055606
161,2,10,150,36,0.0
162,2,10,150,36,0.0
163,2,10,150,36,0.0
164,2,10,150,36,0.0
165,2,10,150,36,0.0
166,2,10,150,36,0.0
167,2,10,150,36,0.040419659112753054
168,2,10,150,36,0.0
169,2,10,150,36,0.0
170,2,10,150,36,0.0
171,2,10,150,36,0.0
172,2,10,150,36,0.0
173,2,10,150,36,0.0
174,2,10,150,36,0.203311648381396
175,2,10,150,36,0.22732566419594713
176,2,10,150,36,0.0
177,2,10,150,36,0.29715079985975246
178,2,10,150,36,0.24696700153408402
179,2,10,150,36,0.054384419234677496
180,2,10,150,36,0.05459112561892713
181,2,10,150,36,0.06239956237956893
182,2,10,150,36,0.0
183,2,10,150,36,0.0
184,2,10,150,36,0.15938522935944385
185,2,10,150,36,0.0
186,2,10,150,36,0.030868393892711742
187,2,10,150,36,0.043599246064372175
188,2,10,150,36,0.26990485040471895
189,2,10,150,36,0.10754725597737308
190,2,10,150,36,0.0
191,2,10,150,36,0.0
192,2,10,150,36,0.0
193,2,10,150,36,0.0
194,2,10,150,36,0.12449625347330659
195,2,10,150,36,0.025695227962458354
196,2,10,150,36,0.04485361187694993
197,2,10,150,36,0.10072206101855893
198,2,10,150,36,0.03224747481126874
199,2,10,150,36,0.2529427027676571
200,2,10,150,36,0.27664540479433686
201,2,10,150,36,0.09155651101189005
202,2,10,150,36,0.27487633291429087
203,2,10,150,36,0.10238606821339166
204,2,10,150,36,0.0
205,2,10,150,36,0.1465996756793884
206,2,10,150,36,0.0
207,2,10,150,36,0.026143494233816233
208,2,10,150,36,0.05919139647768146
209,2,10,150,36,0.0
210,2,10,150,36,0.10603234103234875
211,2,10,150,36,0.0
212,2,10,150,36,0.06052048269976269
213,2,10,150,36,0.044425201648779486
214,2,10,150,36,0.1786828573254538
215,2,10,150,36,0.04867814731059182
216,2,10,150,36,0.10321788881577303
217,2,10,150,36,0.07540511415913949
218,2,10,150,36,0.1023482199458735
219,2,10,150,36,0.0
220,2,10,150,36,0.0
221,2,10,150,36,0.10701716520693116
222,2,10,150,36,0.1265432546753501
223,2,10,150,36,0.0
224,2,10,150,36,0.029996736818897345
225,2,10,150,36,0.0
226,2,10,150,36,0.07386039040058112
227,2,10,150,36,0.06711341307257644
228,2,10,150,36,0.0
229,2,10,150,36,0.0
230,2,10,150,36,0.24667220276083424
231,2,10,150,36,0.3903800499921017
232,2,10,150,36,0.06288558365907605
233,2,10,150,36,0.11278984802012952
234,2,10,150,36,0.10512180162682723
235,2,10,150,36,0.08400628493556295
236,2,10,150,36,0.08835143128659738
237,2,10,150,36,0.18766084280469636
238,2,10,150,36,0.0
239,2,10,150,36,0.04001055216995953
240,2,10,150,36,0.0
241,2,10,150,36,0.0
242,2,10,150,36,0.07673373981757839
243,2,10,150,36,0.23165732683700077
244,2,10,150,36,0.17943495891820282
245,2,10,150,36,0.0
246,2,10,150,36,0.13744782994013127
247,2,10,150,36,0.0
248,2,10,150,36,0.14176813152020928
249,2,10,150,36,0.24516048524916398
250,2,10,150,36,0.023835426911994775
251,2,10,150,36,0.10803826056443963
252,2,10,150,36,0.13120507751234178
253,2,10,150,36,0.1704602196779193
254,2,10,150,36,0.2616176405585478
255,2,10,150,36,0.0
256,2,10,150,36,0.2836898112414038
257,2,10,150,36,0.04759023790187059
258,2,10,150,36,0.0
259,2,10,150,36,0.0
260,2,10,150,36,0.0
261,2,10,150,36,0.0
262,2,10,150,36,0.06103767400792671
263,2,10,150,36,0.07289695248299831
264,2,10,150,36,0.08226645371835098
265,2,10,150,36,0.0
266,2,10,150,36,0.0
267,2,10,150,36,0.1595764870078705
268,2,10,150,36,0.18912581701873618
269,2,10,150,36,0.12099609354477114
270,2,10,150,36,0.08961610996238861
271,2,10,150,36,0.32748791929716214
272,2,10,150,36,0.27918678209889913
273,2,10,150,36,0.0
274,2,10,150,36,0.05829918151249392
275,2,10,150,36,0.04105877938688906
276,2,10,150,36,0.317315209141334
277,2,10,150,36,0.0
278,2,10,150,36,0.0
279,2,10,150,36,0.27944935891464306
280,2,10,150,36,0.1128186430233935
281,2,10,150,36,0.05516788910004661
282,2,10,150,36,0.0
283,2,10,150,36,0.03337620304869898
284,2,10,150,36,0.0
285,2,10,150,36,0.15002687789384317
286,2,10,150,36,0.117366601021401
287,2,10,150,36,0.0845667599404342
288,2,10,150,36,0.04143843208212992
289,2,10,150,36,0.06510475888148554
290,2,10,150,36,0.09449357188080848
291,2,10,150,36,0.2631607853432947
292,2,10,150,36,0.30455129475376963
293,2,10,150,36,0.16743466598128953
294,2,10,150,36,0.05942233668176323
295,2,10,150,36,0.10858905733851013
296,2,10,150,36,0.04780823114546271
297,2,10,150,36,0.06663061402072815
298,2,10,150,36,0.32133759346371743
299,2,10,150,36,0.0501713526692999
300,2,10,150,36,0.0
301,2,10,150,36,0.1729774589295395
302,2,10,150,36,0.0
303,2,10,150,36,0.4196305199732712
304,2,10,150,36,0.05058854055353143
305,2,10,150,36,0.19187506356803474
306,2,10,150,36,0.0
307,2,10,150,36,0.1288139404283001
308,2,10,150,36,0.19727872267010133
309,2,10,150,36,0.0
310,2,10,150,36,0.0
311,2,10,150,36,0.36948927302567863
312,2,10,150,36,0.11665654606804816
313,2,10,150,36,0.3224040887638581
314,2,10,150,36,0.14824392810220344
315,2,10,150,36,0.10376803047975726
316,2,10,150,36,0.029546401698350686
317,2,10,150,36,0.0
318,2,10,150,36,0.10093581048499413
319,2,10,150,36,0.0
320,2,10,150,36,0.05032910034226779
321,2,10,150,36,0.12530728980532893
322,2,10,150,36,0.28733633616913373
323,2,10,150,36,0.0
324,2,10,150,36,0.04342547274117719
325,2,10,150,36,0.06572893445206274
326,2,10,150,36,0.09071794448727323
327,2,10,150,36,0.0
328,2,10,150,36,0.20300550969737588
329,2,10,150,36,0.0
330,2,10,150,36,0.045670864239517835
331,2,10,150,36,0.0
332,2,10,150,36,0.21699906200317928
333,2,10,150,36,0.05206745415870339
334,2,10,150,36,0.19385463304515405
335,2,10,150,36,0.0
336,2,10,150,36,0.12546857491547186
337,2,10,150,36,0.07596161868673496
338,2,10,150,36,0.07127723726551295
339,2,10,150,36,0.3725187190700842
340,2,10,150,36,0.1423148443105824
341,2,10,150,36,0.0
342,2,10,150,36,0.22333133137577676
343,2,10,150,36,0.35043762900072345
344,2,10,150,36,0.17167072257039753
345,2,10,150,36,0.11653456573109165
346,2,10,150,36,0.34077962611036466
347,2,10,150,36,0.18451642432346635
348,2,10,150,36,0.0
349,2,10,150,36,0.163169180413793
350,2,10,150,36,0.08793041552788394
351,2,10,150,36,0.030979542277895667
352,2,10,150,36,0.2470219007193075
353,2,10,150,36,0.0
354,2,10,150,36,0.1413667159844894
355,2,10,150,36,0.0
356,2,10,150,36,0.10061931714936387
357,2,10,150,36,0.08220038494336858
358,2,10,150,36,0.0
359,2,10,150,36,0.0
360,2,10,150,36,0.2072099208347698
361,2,10,150,36,0.07477371321779874
362,2,10,150,36,0.0
363,2,10,150,36,0.19881017772335427
364,2,10,150,36,0.0
365,2,10,150,36,0.0
366,2,10,150,36,0.050143326786652107
367,2,10,150,36,0.0
368,2,10,150,36,0.03597158591011401
369,2,10,150,36,0.21386152848601384
370,2,10,150,36,0.030682774986138056
371,2,10,150,36,0.03591148888190114
372,2,10,150,36,0.0536466452928127
373,2,10,150,36,0.17662306107669276
374,2,10,150,36,0.22554752212208246
375,2,10,150,36,0.1676614286651071
376,2,10,150,36,0.038925970325304815
377,2,10,150,36,0.3067552645565975
378,2,10,150,36,0.07904642054001669
379,2,10,150,36,0.21218883206431466
380,2,10,150,36,0.08061868702817183
381,2,10,150,36,0.11682187231823757
382,2,10,150,36,0.11670077402731671
383,2,10,150,36,0.02671804748260287
384,2,10,150,36,0.0
385,2,10,150,36,0.24410308962755695
386,2,10,150,36,0.0
387,2,10,150,36,0.22101202793456862
388,2,10,150,36,0.0
389,2,10,150,36,0.33122588226771094
390,2,10,150,36,0.10466779365752882
391,2,10,150,36,0.13127796635304953
392,2,10,150,36,0.020971012282826156
393,2,10,150,36,0.0
394,2,10,150,36,0.20452211619853244
395,2,10,150,36,0.03571967640542795
396,2,10,150,36,0.08006506288147622
397,2,10,150,36,0.19945281121976402
398,2,10,150,36,0.11728631120767118
399,2,10,150,36,0.03224747481126874
400,2,10,150,36,0.0
401,2,10,150,36,0.0
402,2,10,150,36,0.15763555583548006
403,2,10,150,36,0.18849394360156863
404,2,10,150,36,0.0
405,2,10,150,36,0.27683582130790313
406,2,10,150,36,0.3017738470375809
407,2,10,150,36,0.12565978590048332
408,2,10,150,36,0.043261596824555576
409,2,10,150,36,0.17140487505628305
410,2,10,150,36,0.07840046845612053
411,2,10,150,36,0.13359023741301432
412,2,10,150,36,0.041062015509212284
413,2,10,150,36,0.1637733768567814
414,2,10,150,36,0.0
415,2,10,150,36,0.15582818336744758
416,2,10,150,36,0.5212874667046857
417,2,10,150,36,0.38015628302905735
418,2,10,150,36,0.0
419,2,10,150,36,0.09817896789964464
420,2,10,150,36,0.13011860784218718
421,2,10,150,36,0.29129642073446305
422,2,10,150,36,0.07018072039465117
423,2,10,150,36,0.0
424,2,10,150,36,0.039270700903099615
425,2,10,150,36,0.07609078099693728
426,2,10,150,36,0.019715626943137273
427,2,10,150,36,0.0
428,2,10,150,36,0.0
429,2,10,150,36,0.38051802861654155
430,2,10,150,36,0.07670758697446707
431,2,10,150,36,0.0
432,2,10,150,36,0.06668302137384614
433,2,10,150,36,0.07600659849685834
434,2,10,150,36,0.1307770659832369
435,2,10,150,36,0.42055863591598974
436,2,10,150,36,0.069224411992211
437,2,10,150,36,0.3466495407043483
438,2,10,150,36,0.11342455428465782
439,2,10,150,36,0.0
440,2,10,150,36,0.032014847745354055
441,2,10,150,36,0.1731866333482261
442,2,10,150,36,0.05410832635034583
443,2,10,150,36,0.0
444,2,10,150,36,0.04010913675862143
445,2,10,150,36,0.0
446,2,10,150,36,0.13356958453958645
447,2,10,150,36,0.07354896084401882
448,2,10,150,36,0.0
449,2,10,150,36,0.09042711993712702
450,2,10,150,36,0.5640917525707404
451,2,10,150,36,0.019015848852869447
452,2,10,150,36,0.24037044868344923
453,2,10,150,36,0.14218634481671122
454,2,10,150,36,0.0
455,2,10,150,36,0.12886261814362304
456,2,10,150,36,0.13120277131538272
457,2,10,150,36,0.6003548605142112
458,2,10,150,36,0.35085506511752046
459,2,10,150,36,0.19016522099918387
460,2,10,150,36,0.07041837375515932
461,2,10,150,36,0.0
462,2,10,150,36,0.04010913675862143
463,2,10,150,36,0.2526833337181956
464,2,10,150,36,0.024240213052394943
465,2,10,150,36,0.11955580532303084
466,2,10,150,36,0.13444577073803163
467,2,10,150,36,0.06754951183378939
468,2,10,150,36,0.2582147632768377
469,2,10,150,36,0.05651614765972419
470,2,10,150,36,0.02794110381151734
471,2,10,150,36,0.0
472,2,10,150,36,0.2702848563681284
473,2,10,150,36,0.2622744659873325
474,2,10,150,36,0.5177734663899421
475,2,10,150,36,0.07311683844390994
476,2,10,150,36,0.021791008948563714
477,2,10,150,36,0.07075576072108061
478,2,10,150,36,0.09951895565512567
479,2,10,150,36,0.2649955234309048
480,2,10,150,36,0.13513870486171642
481,2,10,150,36,0.02738855579742861
482,2,10,150,36,0.04290887548434951
483,2,10,150,36,0.0273055648695642
484,2,10,150,36,0.2280541931218565
485,2,10,150,36,0.0
486,2,10,150,36,0.027964832116529587
487,2,10,150,36,0.3584050102009747
488,2,10,150,36,0.0
489,2,10,150,36,0.0
490,2,10,150,36,0.08961728720334347
491,2,10,150,36,0.03859643636257609
492,2,10,150,36,0.1338895448360617
493,2,10,150,36,0.1999631737865674
494,2,10,150,36,0.06103968146247971
495,2,10,150,36,0.12446037281043315
496,2,10,150,36,0.030518837003963354
497,2,10,150,36,0.16257206806024022
498,2,10,150,36,0.08579629068779655
499,2,10,150,36,0.03944149163994355
500,2,10,150,36,0.23472152867843413
501,2,10,150,36,0.0
502,2,10,150,36,0.0
503,2,10,150,36,0.11876801038772856
504,2,10,150,36,0.18941559889045864
505,2,10,150,36,0.06103767400792671
506,2,10,150,36,0.14974786361687828
507,2,10,150,36,0.0
508,2,10,150,36,0.13896110950574206
509,2,10,150,36,0.0
510,2,10,150,36,0.0
511,2,10,150,36,0.0
512,2,10,150,36,0.04622440829742681
513,2,10,150,36,0.0
514,2,10,150,36,0.21204199660569298
515,2,10,150,36,0.034743705427429224
516,2,10,150,36,0.1340330647732781
517,2,10,150,36,0.039804796081446554
518,2,10,150,36,0.1271756500386261
519,2,10,150,36,0.0
520,2,10,150,36,0.0
521,2,10,150,36,0.0
522,2,10,150,36,0.0559167101555819
523,2,10,150,36,0.18920941879575287
524,2,10,150,36,0.14311313349440385
525,2,10,150,36,0.0
526,2,10,150,36,0.0
527,2,10,150,36,0.3285233276862411
528,2,10,150,36,0.14910997903975903
529,2,10,150,36,0.0
530,2,10,150,36,0.03067046672709443
531,2,10,150,36,0.0
532,2,10,150,36,0.07651740508768143
533,2,10,150,36,0.0499547187952452
534,2,10,150,36,0.024909303741335254
535,2,10,150,36,0.2550718868978556
536,2,10,150,36,0.19793814789543276
537,2,10,150,36,0.4794764628300984
538,2,10,150,36,0.032394594743117074
539,2,10,150,36,0.07066252848762221
540,2,10,150,36,0.0
541,2,10,150,36,0.05024448181470198
542,2,10,150,36,0.09328514881919543
543,2,10,150,36,0.0483712122169031
544,2,10,150,36,0.0
545,2,10,150,36,0.0720392988004653
546,2,10,150,36,0.03314153504336938
547,2,10,150,36,0.04855455745827926
548,2,10,150,36,0.04166469437482698
549,2,10,150,36,0.0
550,2,10,150,36,0.0
551,2,10,150,36,0.26132847535493264
552,2,10,150,36,0.048059443651065493
553,2,10,150,36,0.11579410298816686
554,2,10,150,36,0.07041837375515932
555,2,10,150,36,0.0382580635535654
556,2,10,150,36,0.09441834681022167
557,2,10,150,36,0.04470486007704452
558,2,10,150,36,0.265053101293003
559,2,10,150,36,0.035234027770431754
560,2,10,150,36,0.028567598460307132
561,2,10,150,36,0.07889004922086645
562,2,10,150,36,0.04187254809446048
563,2,10,150,36,0.0
564,2,10,150,36,0.0
565,2,10,150,36,0.19482612055561835
566,2,10,150,36,0.02138633788452237
567,2,10,150,36,0.024584679428832378
568,2,10,150,36,0.0
569,2,10,150,36,0.17563954439010937
570,2,10,150,36,0.0
571,2,10,150,36,0.0
572,2,10,150,36,0.0
573,2,10,150,36,0.03246641181906899
574,2,10,150,36,0.05058854055353143
575,2,10,150,36,0.05154847002173459
576,2,10,150,36,0.0
577,2,10,150,36,0.08273156522704322
578,2,10,150,36,0.0
579,2,10,150,36,0.08297540479108526
580,2,10,150,36,0.13886244387355454
581,2,10,150,36,0.0
582,2,10,150,36,0.0
583,2,10,150,36,0.0
584,2,10,150,36,0.0
585,2,10,150,36,0.08668163308546498
586,2,10,150,36,0.10132509239867551
587,2,10,150,36,0.03459392809572638
588,2,10,150,36,0.037573347678695114
589,2,10,150,36,0.0
590,2,10,150,36,0.06139304560474655
591,2,10,150,36,0.0
592,2,10,150,36,0.2973920719163239
593,2,10,150,36,0.023186844104522288
594,2,10,150,36,0.0
595,2,10,150,36,0.0
596,2,10,150,36,0.0
597,2,10,150,36,0.0
598,2,10,150,36,0.0
599,2,10,150,36,0.0
600,2,10,150,36,0.0
601,2,10,150,36,0.03369782041898502
602,2,10,150,36,0.0
603,2,10,150,36,0.1435203717549576
604,2,10,150,36,0.0
605,2,10,150,36,0.19005508898031315
606,2,10,150,36,0.23204083039530643
607,2,10,150,36,0.08440880858250024
608,2,10,150,36,0.19142268890998523
609,2,10,150,36,0.0
610,2,10,150,36,0.1629867900167321
611,2,10,150,36,0.0
612,2,10,150,36,0.15130120674940672
613,2,10,150,36,0.0
614,2,10,150,36,0.0
615,2,10,150,36,0.09083374831253048
616,2,10,150,36,0.0
617,2,10,150,36,0.044257815106106525
618,2,10,150,36,0.18766481803906507
619,2,10,150,36,0.05319635904163211
620,2,10,150,36,0.030870735913721987
621,2,10,150,36,0.044341332593682226
622,2,10,150,36,0.1091514658259318
623,2,10,150,36,0.0
624,2,10,150,36,0.0536466452928127
625,2,10,150,36,0.0
626,2,10,150,36,0.0
627,2,10,150,36,0.0
628,2,10,150,36,0.0
629,2,10,150,36,0.19451610919980286
630,2,10,150,36,0.0
631,2,10,150,36,0.0
632,2,10,150,36,0.13439570003165963
633,2,10,150,36,0.07667481399289292
634,2,10,150,36,0.030975021478781034
635,2,10,150,36,0.0
636,2,10,150,36,0.0
637,2,10,150,36,0.0
638,2,10,150,36,0.0
639,2,10,150,36,0.0
640,2,10,150,36,0.0
642,2,10,150,36,0.07260232536274262
643,2,10,150,36,0.0
644,2,10,150,36,0.0
645,2,10,150,36,0.09759501249802542
647,2,10,150,36,0.0
648,2,10,150,36,0.18159464350583557
649,2,10,150,36,1.0
650,2,10,150,36,0.0
651,2,10,150,36,0.0
653,2,10,150,36,0.0
654,2,10,150,36,0.058087171966128066
655,2,10,150,36,0.11621678240839849
658,2,10,150,36,0.0
1,2,10,150,37,0.6900655744490334
2,2,10,150,37,0.1083188688865055
3,2,10,150,37,0.0
4,2,10,150,37,0.06166887310869151
5,2,10,150,37,0.10913309442129476
6,2,10,150,37,0.2378138174879025
7,2,10,150,37,0.22328949861981445
8,2,10,150,37,0.0
9,2,10,150,37,0.0
10,2,10,150,37,0.15456438189778665
11,2,10,150,37,0.1229237844563319
12,2,10,150,37,0.0
13,2,10,150,37,0.35541666328483373
14,2,10,150,37,0.09998274523051486
15,2,10,150,37,0.0
16,2,10,150,37,0.2491367253726175
17,2,10,150,37,0.0
18,2,10,150,37,0.29270726510986556
19,2,10,150,37,0.0
20,2,10,150,37,0.0
21,2,10,150,37,0.0
22,2,10,150,37,0.0
23,2,10,150,37,0.23660796757077307
24,2,10,150,37,0.06058493677293348
25,2,10,150,37,0.0
26,2,10,150,37,0.11161048176369433
27,2,10,150,37,0.0
28,2,10,150,37,0.10854509048291378
29,2,10,150,37,0.0
30,2,10,150,37,0.0
31,2,10,150,37,0.046287481291184845
32,2,10,150,37,0.11781210270929884
33,2,10,150,37,0.0
34,2,10,150,37,0.0
35,2,10,150,37,0.0
36,2,10,150,37,0.0
37,2,10,150,37,0.0
38,2,10,150,37,0.0
39,2,10,150,37,0.15820890896021753
40,2,10,150,37,0.2212397779175911
41,2,10,150,37,0.0
42,2,10,150,37,0.15976746790702923
43,2,10,150,37,0.06982753175535526
44,2,10,150,37,0.1565413821318793
45,2,10,150,37,0.0
46,2,10,150,37,0.10684080426179023
47,2,10,150,37,0.0
48,2,10,150,37,0.08885395895208888
49,2,10,150,37,0.04487098611789218
50,2,10,150,37,0.0
51,2,10,150,37,0.07984133538066794
52,2,10,150,37,0.028947056565878558
53,2,10,150,37,0.12810519548676028
54,2,10,150,37,0.047934103497110726
55,2,10,150,37,0.0
56,2,10,150,37,0.16764909985157161
57,2,10,150,37,0.0524456916588361
58,2,10,150,37,0.07771036308842202
59,2,10,150,37,0.3812361347610158
60,2,10,150,37,0.25177020177913756
61,2,10,150,37,0.0
62,2,10,150,37,0.22008577037039453
63,2,10,150,37,0.0763437499438357
64,2,10,150,37,0.05993284758572256
65,2,10,150,37,0.18154179097601578
66,2,10,150,37,0.09149933372035922
67,2,10,150,37,0.24630238874073
68,2,10,150,37,0.0
69,2,10,150,37,0.10495938403254562
70,2,10,150,37,0.03155184951131585
71,2,10,150,37,0.0
72,2,10,150,37,0.2530421030801216
73,2,10,150,37,0.232881323723998
74,2,10,150,37,0.17342765698823945
75,2,10,150,37,0.11695783215678135
76,2,10,150,37,0.1858487691177525
77,2,10,150,37,0.096890966577576
78,2,10,150,37,0.0
79,2,10,150,37,0.08508236880273473
80,2,10,150,37,0.1744476820873323
81,2,10,150,37,0.0
82,2,10,150,37,0.0
83,2,10,150,37,0.05017545139046942
84,2,10,150,37,0.029136604147144557
85,2,10,150,37,0.3047060050139986
86,2,10,150,37,0.0
87,2,10,150,37,0.16464957204992536
88,2,10,150,37,0.06294571929989644
89,2,10,150,37,0.1535313985783443
90,2,10,150,37,0.13557954971270203
91,2,10,150,37,0.025108308340262078
92,2,10,150,37,0.14982713502043757
93,2,10,150,37,0.0
94,2,10,150,37,0.36204338085982823
95,2,10,150,37,0.18045929023491286
96,2,10,150,37,0.07651920817549171
97,2,10,150,37,0.15194751309721466
98,2,10,150,37,0.0
99,2,10,150,37,0.08227650340095313
100,2,10,150,37,0.0
101,2,10,150,37,0.0
102,2,10,150,37,0.06949031789208045
103,2,10,150,37,0.0
104,2,10,150,37,0.0
105,2,10,150,37,0.0
106,2,10,150,37,0.0
107,2,10,150,37,0.0
108,2,10,150,37,0.04485361187694993
109,2,10,150,37,0.24673544297493158
110,2,10,150,37,0.04091053301519864
111,2,10,150,37,0.09077089626867633
112,2,10,150,37,0.0
113,2,10,150,37,0.178509607681865
114,2,10,150,37,0.0
115,2,10,150,37,0.1737092330727855
116,2,10,150,37,0.026497157492079246
117,2,10,150,37,0.0
118,2,10,150,37,0.11481215916390865
119,2,10,150,37,0.1315719093419214
120,2,10,150,37,0.361879195385413
121,2,10,150,37,0.03232623375868038
122,2,10,150,37,0.08041927109478651
123,2,10,150,37,0.12990556389377814
124,2,10,150,37,0.14739123024359468
125,2,10,150,37,0.09820753178407625
126,2,10,150,37,0.0
127,2,10,150,37,0.06462745615384195
128,2,10,150,37,0.03989192408240503
129,2,10,150,37,0.0
130,2,10,150,37,0.1215401975228659
131,2,10,150,37,0.19553364544957744
132,2,10,150,37,0.07667481399289292
133,2,10,150,37,0.0
134,2,10,150,37,0.0
135,2,10,150,37,0.0
136,2,10,150,37,0.03734555298506959
137,2,10,150,37,0.0
138,2,10,150,37,0.10332949630181452
139,2,10,150,37,0.0
140,2,10,150,37,0.0
141,2,10,150,37,0.04801852110179909
142,2,10,150,37,0.0
143,2,10,150,37,0.0
144,2,10,150,37,0.22333559281709076
145,2,10,150,37,0.12902618600410057
146,2,10,150,37,0.0
147,2,10,150,37,0.0
148,2,10,150,37,0.046823654699505654
149,2,10,150,37,0.10486881530019958
150,2,10,150,37,0.0
151,2,10,150,37,0.2380248859805219
152,2,10,150,37,0.02092089401958944
153,2,10,150,37,0.0
154,2,10,150,37,0.047978870624887156
155,2,10,150,37,0.0
156,2,10,150,37,0.06437746926759551
157,2,10,150,37,0.06857646087959317
158,2,10,150,37,0.15089196863146018
159,2,10,150,37,0.0
160,2,10,150,37,0.09926896187055606
161,2,10,150,37,0.0
162,2,10,150,37,0.0
163,2,10,150,37,0.0
164,2,10,150,37,0.0
165,2,10,150,37,0.0
166,2,10,150,37,0.0
167,2,10,150,37,0.040419659112753054
168,2,10,150,37,0.0
169,2,10,150,37,0.0
170,2,10,150,37,0.0
171,2,10,150,37,0.0
172,2,10,150,37,0.0
173,2,10,150,37,0.0
174,2,10,150,37,0.1996315592442432
175,2,10,150,37,0.22732566419594713
176,2,10,150,37,0.0
177,2,10,150,37,0.29715079985975246
178,2,10,150,37,0.24249671866137898
179,2,10,150,37,0.054384419234677496
180,2,10,150,37,0.05459112561892713
181,2,10,150,37,0.06127008478443694
182,2,10,150,37,0.0
183,2,10,150,37,0.0
184,2,10,150,37,0.1565002404478003
185,2,10,150,37,0.0
186,2,10,150,37,0.030868393892711742
187,2,10,150,37,0.043599246064372175
188,2,10,150,37,0.26990485040471895
189,2,10,150,37,0.10560057219607558
190,2,10,150,37,0.0
191,2,10,150,37,0.0
192,2,10,150,37,0.0
193,2,10,150,37,0.0
194,2,10,150,37,0.12224278047423931
195,2,10,150,37,0.025695227962458354
196,2,10,150,37,0.04485361187694993
197,2,10,150,37,0.10072206101855893
198,2,10,150,37,0.03166377199493557
199,2,10,150,37,0.2529427027676571
200,2,10,150,37,0.2716379211743278
201,2,10,150,37,0.08989927137858383
202,2,10,150,37,0.27487633291429087
203,2,10,150,37,0.10238606821339166
204,2,10,150,37,0.0
205,2,10,150,37,0.1465996756793884
206,2,10,150,37,0.0
207,2,10,150,37,0.025670277918356525
208,2,10,150,37,0.05919139647768146
209,2,10,150,37,0.0
210,2,10,150,37,0.10411307831657937
211,2,10,150,37,0.0
212,2,10,150,37,0.06052048269976269
213,2,10,150,37,0.044425201648779486
214,2,10,150,37,0.17544856727137248
215,2,10,150,37,0.04867814731059182
216,2,10,150,37,0.10321788881577303
217,2,10,150,37,0.07540511415913949
218,2,10,150,37,0.1023482199458735
219,2,10,150,37,0.0
220,2,10,150,37,0.0
221,2,10,150,37,0.10508007645524234
222,2,10,150,37,0.12425272946138342
223,2,10,150,37,0.0
224,2,10,150,37,0.029996736818897345
225,2,10,150,37,0.0
226,2,10,150,37,0.07386039040058112
227,2,10,150,37,0.06711341307257644
228,2,10,150,37,0.0
229,2,10,150,37,0.0
230,2,10,150,37,0.24667220276083424
231,2,10,150,37,0.3903800499921017
232,2,10,150,37,0.06288558365907605
233,2,10,150,37,0.11278984802012952
234,2,10,150,37,0.1032190203384718
235,2,10,150,37,0.08400628493556295
236,2,10,150,37,0.08835143128659738
237,2,10,150,37,0.18766084280469636
238,2,10,150,37,0.0
239,2,10,150,37,0.04001055216995953
240,2,10,150,37,0.0
241,2,10,150,37,0.0
242,2,10,150,37,0.07673373981757839
243,2,10,150,37,0.23165732683700077
244,2,10,150,37,0.1761870552766879
245,2,10,150,37,0.0
246,2,10,150,37,0.13495992395975662
247,2,10,150,37,0.0
248,2,10,150,37,0.14176813152020928
249,2,10,150,37,0.2407229016389417
250,2,10,150,37,0.023835426911994775
251,2,10,150,37,0.10803826056443963
252,2,10,150,37,0.13120507751234178
253,2,10,150,37,0.1704602196779193
254,2,10,150,37,0.2568821704328963
255,2,10,150,37,0.0
256,2,10,150,37,0.29665554815549006
257,2,10,150,37,0.04759023790187059
258,2,10,150,37,0.0
259,2,10,150,37,0.0
260,2,10,150,37,0.0
261,2,10,150,37,0.0
262,2,10,150,37,0.05993284758572256
263,2,10,150,37,0.07289695248299831
264,2,10,150,37,0.08077737089849671
265,2,10,150,37,0.0
266,2,10,150,37,0.0
267,2,10,150,37,0.15668803619328153
268,2,10,150,37,0.18570250177680692
269,2,10,150,37,0.11880597599352914
270,2,10,150,37,0.08961610996238861
271,2,10,150,37,0.32156014907863817
272,2,10,150,37,0.27918678209889913
273,2,10,150,37,0.0
274,2,10,150,37,0.05829918151249392
275,2,10,150,37,0.04105877938688906
276,2,10,150,37,0.31157157239690214
277,2,10,150,37,0.0
278,2,10,150,37,0.0
279,2,10,150,37,0.27439112167977053
280,2,10,150,37,0.1107765432914595
281,2,10,150,37,0.05516788910004661
282,2,10,150,37,0.0
283,2,10,150,37,0.03337620304869898
284,2,10,150,37,0.0
285,2,10,150,37,0.15002687789384317
286,2,10,150,37,0.11524217993228977
287,2,10,150,37,0.0845667599404342
288,2,10,150,37,0.04143843208212992
289,2,10,150,37,0.06510475888148554
290,2,10,150,37,0.09449357188080848
291,2,10,150,37,0.25839738317142447
292,2,10,150,37,0.30455129475376963
293,2,10,150,37,0.1644039763952966
294,2,10,150,37,0.05942233668176323
295,2,10,150,37,0.10662351619265574
296,2,10,150,37,0.04780823114546271
297,2,10,150,37,0.06542455130463863
298,2,10,150,37,0.32133759346371743
299,2,10,150,37,0.049263214589536794
300,2,10,150,37,0.0
301,2,10,150,37,0.1698464407481083
302,2,10,150,37,0.0
303,2,10,150,37,0.43013563090019064
304,2,10,150,37,0.05058854055353143
305,2,10,150,37,0.1884019849581825
306,2,10,150,37,0.0
307,2,10,150,37,0.1288139404283001
308,2,10,150,37,0.19370783388891502
309,2,10,150,37,0.0
310,2,10,150,37,0.0
311,2,10,150,37,0.36280124766765537
312,2,10,150,37,0.11454497749152744
313,2,10,150,37,0.3165683395862813
314,2,10,150,37,0.14556060487010622
315,2,10,150,37,0.13083396065310554
316,2,10,150,37,0.029546401698350686
317,2,10,150,37,0.0
318,2,10,150,37,0.09910879868968998
319,2,10,150,37,0.0
320,2,10,150,37,0.04941810691455821
321,2,10,150,37,0.12530728980532893
322,2,10,150,37,0.3198461636851495
323,2,10,150,37,0.0
324,2,10,150,37,0.04342547274117719
325,2,10,150,37,0.06453919279387746
326,2,10,150,37,0.08907588351973747
327,2,10,150,37,0.0
328,2,10,150,37,0.19933096189371033
329,2,10,150,37,0.0
330,2,10,150,37,0.04484418828312138
331,2,10,150,37,0.0
332,2,10,150,37,0.21307122069547327
333,2,10,150,37,0.05206745415870339
334,2,10,150,37,0.1903457227838102
335,2,10,150,37,0.0
336,2,10,150,37,0.12319750218906174
337,2,10,150,37,0.07596161868673496
338,2,10,150,37,0.07127723726551295
339,2,10,150,37,0.36577585852889083
340,2,10,150,37,0.1423148443105824
341,2,10,150,37,0.0
342,2,10,150,37,0.23738960080266752
343,2,10,150,37,0.36219518172555987
344,2,10,150,37,0.16856335727023844
345,2,10,150,37,0.11442520508764584
346,2,10,150,37,0.33461126630316285
347,2,10,150,37,0.18117654245154702
348,2,10,150,37,0.0
349,2,10,150,37,0.163169180413793
350,2,10,150,37,0.08793041552788394
351,2,10,150,37,0.030979542277895667
352,2,10,150,37,0.2470219007193075
353,2,10,150,37,0.0
354,2,10,150,37,0.13880787530816202
355,2,10,150,37,0.0
356,2,10,150,37,0.10061931714936387
357,2,10,150,37,0.08220038494336858
358,2,10,150,37,0.0
359,2,10,150,37,0.0
360,2,10,150,37,0.2072099208347698
361,2,10,150,37,0.07342025446642805
362,2,10,150,37,0.0
363,2,10,150,37,0.1952115684886161
364,2,10,150,37,0.0
365,2,10,150,37,0.0
366,2,10,150,37,0.050143326786652107
367,2,10,150,37,0.0
368,2,10,150,37,0.03597158591011401
369,2,10,150,37,0.21386152848601384
370,2,10,150,37,0.030682774986138056
371,2,10,150,37,0.03591148888190114
372,2,10,150,37,0.0536466452928127
373,2,10,150,37,0.1734260548371895
374,2,10,150,37,0.221464947450728
375,2,10,150,37,0.1676614286651071
376,2,10,150,37,0.038925970325304815
377,2,10,150,37,0.3067552645565975
378,2,10,150,37,0.07761562266947644
379,2,10,150,37,0.22644878885640704
380,2,10,150,37,0.07915942998733892
381,2,10,150,37,0.1147073112159946
382,2,10,150,37,0.11670077402731671
383,2,10,150,37,0.02671804748260287
384,2,10,150,37,0.0
385,2,10,150,37,0.239684645649381
386,2,10,150,37,0.0
387,2,10,150,37,0.21701154901633
388,2,10,150,37,0.0
389,2,10,150,37,0.32523045219284075
390,2,10,150,37,0.10466779365752882
391,2,10,150,37,0.12890173940407962
392,2,10,150,37,0.020971012282826156
393,2,10,150,37,0.0
394,2,10,150,37,0.2008201167109389
395,2,10,150,37,0.03571967640542795
396,2,10,150,37,0.08006506288147622
397,2,10,150,37,0.19945281121976402
398,2,10,150,37,0.11516334342275418
399,2,10,150,37,0.03166377199493557
400,2,10,150,37,0.0
401,2,10,150,37,0.0
402,2,10,150,37,0.15763555583548006
403,2,10,150,37,0.18849394360156863
404,2,10,150,37,0.0
405,2,10,150,37,0.2718248910101032
406,2,10,150,37,0.29631152028355007
407,2,10,150,37,0.12338525211576963
408,2,10,150,37,0.043261596824555576
409,2,10,150,37,0.16830232179004637
410,2,10,150,37,0.07840046845612053
411,2,10,150,37,0.13359023741301432
412,2,10,150,37,0.041062015509212284
413,2,10,150,37,0.1637733768567814
414,2,10,150,37,0.0
415,2,10,150,37,0.15582818336744758
416,2,10,150,37,0.529952512744223
417,2,10,150,37,0.37327517700914453
418,2,10,150,37,0.0
419,2,10,150,37,0.09817896789964464
420,2,10,150,37,0.13011860784218718
421,2,10,150,37,0.29129642073446305
422,2,10,150,37,0.06891039816364246
423,2,10,150,37,0.0
424,2,10,150,37,0.039270700903099615
425,2,10,150,37,0.07471348235805651
426,2,10,150,37,0.019358759714312838
427,2,10,150,37,0.0
428,2,10,150,37,0.0
429,2,10,150,37,0.3736303747376275
430,2,10,150,37,0.07670758697446707
431,2,10,150,37,0.0
432,2,10,150,37,0.06668302137384614
433,2,10,150,37,0.07600659849685834
434,2,10,150,37,0.1307770659832369
435,2,10,150,37,0.4129462178381682
436,2,10,150,37,0.0679713996408457
437,2,10,150,37,0.3403749311613084
438,2,10,150,37,0.11342455428465782
439,2,10,150,37,0.0
440,2,10,150,37,0.032014847745354055
441,2,10,150,37,0.1731866333482261
442,2,10,150,37,0.05312892617521229
443,2,10,150,37,0.0
444,2,10,150,37,0.0796221118108625
445,2,10,150,37,0.01810072942918286
446,2,10,150,37,0.13356958453958645
447,2,10,150,37,0.07221767100398369
448,2,10,150,37,0.0
449,2,10,150,37,0.09042711993712702
450,2,10,150,37,0.5719820098134067
451,2,10,150,37,0.01867164811791742
452,2,10,150,37,0.2541202976582417
453,2,10,150,37,0.13961266826065946
454,2,10,150,37,0.0
455,2,10,150,37,0.12653011075906923
456,2,10,150,37,0.128827905451444
457,2,10,150,37,0.5894879996225486
458,2,10,150,37,0.3445043325149699
459,2,10,150,37,0.1867230917870369
460,2,10,150,37,0.07041837375515932
461,2,10,150,37,0.0
462,2,10,150,37,0.04010913675862143
463,2,10,150,37,0.24810958106329867
464,2,10,150,37,0.024240213052394943
465,2,10,150,37,0.1173917580391906
466,2,10,150,37,0.13201220421900456
467,2,10,150,37,0.09300532025926726
468,2,10,150,37,0.25354088771214317
469,2,10,150,37,0.05651614765972419
470,2,10,150,37,0.02794110381151734
471,2,10,150,37,0.0
472,2,10,150,37,0.26539250331420333
473,2,10,150,37,0.2622744659873325
474,2,10,150,37,0.5084013889692077
475,2,10,150,37,0.07311683844390994
476,2,10,150,37,0.021791008948563714
477,2,10,150,37,0.07075576072108061
478,2,10,150,37,0.0977175899657374
479,2,10,150,37,0.2601989111613373
480,2,10,150,37,0.15920120556239784
481,2,10,150,37,0.02738855579742861
482,2,10,150,37,0.04290887548434951
483,2,10,150,37,0.0273055648695642
484,2,10,150,37,0.2239262458769672
485,2,10,150,37,0.0
486,2,10,150,37,0.02745864825685576
487,2,10,150,37,0.3519176180852634
488,2,10,150,37,0.0
489,2,10,150,37,0.0
490,2,10,150,37,0.08961728720334347
491,2,10,150,37,0.03859643636257609
492,2,10,150,37,0.1338895448360617
493,2,10,150,37,0.19634369448205607
494,2,10,150,37,0.06103968146247971
495,2,10,150,37,0.12220754927753628
496,2,10,150,37,0.02996642379286128
497,2,10,150,37,0.15962939504353912
498,2,10,150,37,0.08424331524402923
499,2,10,150,37,0.03944149163994355
500,2,10,150,37,0.2304728977966216
501,2,10,150,37,0.0
502,2,10,150,37,0.0
503,2,10,150,37,0.11661822276685792
504,2,10,150,37,0.18598703838527583
505,2,10,150,37,0.05993284758572256
506,2,10,150,37,0.16513804748413385
507,2,10,150,37,0.0
508,2,10,150,37,0.15454654149058242
509,2,10,150,37,0.0
510,2,10,150,37,0.0
511,2,10,150,37,0.0
512,2,10,150,37,0.08364069030518707
513,2,10,150,37,0.0
514,2,10,150,37,0.20820388179750962
515,2,10,150,37,0.034743705427429224
516,2,10,150,37,0.1340330647732781
517,2,10,150,37,0.07931777113368761
518,2,10,150,37,0.1271756500386261
519,2,10,150,37,0.0
520,2,10,150,37,0.0
521,2,10,150,37,0.0
522,2,10,150,37,0.0559167101555819
523,2,10,150,37,0.18578459030067804
524,2,10,150,37,0.14052268138725912
525,2,10,150,37,0.0
526,2,10,150,37,0.0
527,2,10,150,37,0.32257681582061765
528,2,10,150,37,0.14910997903975903
529,2,10,150,37,0.0
530,2,10,150,37,0.03067046672709443
531,2,10,150,37,0.0
532,2,10,150,37,0.07513238424156612
533,2,10,150,37,0.049050501946621555
534,2,10,150,37,0.024909303741335254
535,2,10,150,37,0.2504548996881264
536,2,10,150,37,0.19435532303666397
537,2,10,150,37,0.4707975891087492
538,2,10,150,37,0.032394594743117074
539,2,10,150,37,0.07066252848762221
540,2,10,150,37,0.0
541,2,10,150,37,0.05024448181470198
542,2,10,150,37,0.09159661958065812
543,2,10,150,37,0.04749565799240336
544,2,10,150,37,0.0
545,2,10,150,37,0.07073533494461004
546,2,10,150,37,0.03314153504336938
547,2,10,150,37,0.04855455745827926
548,2,10,150,37,0.04091053301519864
549,2,10,150,37,0.0
550,2,10,150,37,0.0
551,2,10,150,37,0.274698968759575
552,2,10,150,37,0.048059443651065493
553,2,10,150,37,0.11579410298816686
554,2,10,150,37,0.07041837375515932
555,2,10,150,37,0.0382580635535654
556,2,10,150,37,0.09441834681022167
557,2,10,150,37,0.04470486007704452
558,2,10,150,37,0.265053101293003
559,2,10,150,37,0.035234027770431754
560,2,10,150,37,0.028567598460307132
561,2,10,150,37,0.07746208178526465
562,2,10,150,37,0.04187254809446048
563,2,10,150,37,0.0
564,2,10,150,37,0.0
565,2,10,150,37,0.19482612055561835
566,2,10,150,37,0.020999229568993548
567,2,10,150,37,0.024584679428832378
568,2,10,150,37,0.0
569,2,10,150,37,0.17563954439010937
570,2,10,150,37,0.0
571,2,10,150,37,0.0
572,2,10,150,37,0.0
573,2,10,150,37,0.03246641181906899
574,2,10,150,37,0.05058854055353143
575,2,10,150,37,0.05154847002173459
576,2,10,150,37,0.0
577,2,10,150,37,0.08123406354961572
578,2,10,150,37,0.0
579,2,10,150,37,0.08297540479108526
580,2,10,150,37,0.18080124080515705
581,2,10,150,37,0.0
582,2,10,150,37,0.0
583,2,10,150,37,0.0
584,2,10,150,37,0.0
585,2,10,150,37,0.08668163308546498
586,2,10,150,37,0.10132509239867551
587,2,10,150,37,0.03459392809572638
588,2,10,150,37,0.037573347678695114
589,2,10,150,37,0.0
590,2,10,150,37,0.06139304560474655
591,2,10,150,37,0.0
592,2,10,150,37,0.2920090584881824
593,2,10,150,37,0.023186844104522288
594,2,10,150,37,0.0
595,2,10,150,37,0.0
596,2,10,150,37,0.0
597,2,10,150,37,0.0
598,2,10,150,37,0.0
599,2,10,150,37,0.0
600,2,10,150,37,0.0
601,2,10,150,37,0.03369782041898502
602,2,10,150,37,0.0
603,2,10,150,37,0.1435203717549576
604,2,10,150,37,0.0
605,2,10,150,37,0.19005508898031315
606,2,10,150,37,0.23204083039530643
607,2,10,150,37,0.08440880858250024
608,2,10,150,37,0.19142268890998523
609,2,10,150,37,0.0
610,2,10,150,37,0.1629867900167321
611,2,10,150,37,0.0
612,2,10,150,37,0.15130120674940672
613,2,10,150,37,0.0
614,2,10,150,37,0.0
615,2,10,150,37,0.09083374831253048
616,2,10,150,37,0.0
617,2,10,150,37,0.044257815106106525
618,2,10,150,37,0.18766481803906507
619,2,10,150,37,0.05319635904163211
620,2,10,150,37,0.030870735913721987
621,2,10,150,37,0.044341332593682226
622,2,10,150,37,0.1091514658259318
623,2,10,150,37,0.0
624,2,10,150,37,0.0536466452928127
625,2,10,150,37,0.0
626,2,10,150,37,0.0
627,2,10,150,37,0.0
628,2,10,150,37,0.0
629,2,10,150,37,0.19451610919980286
630,2,10,150,37,0.0
631,2,10,150,37,0.0
632,2,10,150,37,0.13439570003165963
633,2,10,150,37,0.07667481399289292
634,2,10,150,37,0.030975021478781034
635,2,10,150,37,0.0
636,2,10,150,37,0.0
637,2,10,150,37,0.0
638,2,10,150,37,0.0
639,2,10,150,37,0.0
640,2,10,150,37,0.0
642,2,10,150,37,0.09386986030444722
643,2,10,150,37,0.0
644,2,10,150,37,0.0
645,2,10,150,37,0.09759501249802542
647,2,10,150,37,0.0
648,2,10,150,37,0.18159464350583557
649,2,10,150,37,1.0
650,2,10,150,37,0.0
651,2,10,150,37,0.0
653,2,10,150,37,0.0
654,2,10,150,37,0.058087171966128066
655,2,10,150,37,0.11621678240839849
658,2,10,150,37,0.0
1,2,10,150,38,0.6778824066922183
2,2,10,150,38,0.1083188688865055
3,2,10,150,38,0.03098598178059488
4,2,10,150,38,0.06166887310869151
5,2,10,150,38,0.1072063401440414
6,2,10,150,38,0.23361519384889975
7,2,10,150,38,0.2370023901002367
8,2,10,150,38,0.0
9,2,10,150,38,0.0
10,2,10,150,38,0.15183553428733648
11,2,10,150,38,0.12075355434663573
12,2,10,150,38,0.0
13,2,10,150,38,0.3491417511711207
14,2,10,150,38,0.09998274523051486
15,2,10,150,38,0.0
16,2,10,150,38,0.2491367253726175
17,2,10,150,38,0.0
18,2,10,150,38,0.287539492877032
19,2,10,150,38,0.0
20,2,10,150,38,0.0
21,2,10,150,38,0.0
22,2,10,150,38,0.0
23,2,10,150,38,0.23243063331697353
24,2,10,150,38,0.06058493677293348
25,2,10,150,38,0.0
26,2,10,150,38,0.11161048176369433
27,2,10,150,38,0.0
28,2,10,150,38,0.10854509048291378
29,2,10,150,38,0.0
30,2,10,150,38,0.0
31,2,10,150,38,0.046287481291184845
32,2,10,150,38,0.11781210270929884
33,2,10,150,38,0.0
34,2,10,150,38,0.0
35,2,10,150,38,0.0
36,2,10,150,38,0.0
37,2,10,150,38,0.0
38,2,10,150,38,0.0
39,2,10,150,38,0.15820890896021753
40,2,10,150,38,0.2212397779175911
41,2,10,150,38,0.0
42,2,10,150,38,0.15694675936038563
43,2,10,150,38,0.06859472060679295
44,2,10,150,38,0.1565413821318793
45,2,10,150,38,0.0
46,2,10,150,38,0.10684080426179023
47,2,10,150,38,0.0
48,2,10,150,38,0.08885395895208888
49,2,10,150,38,0.04407878495393109
50,2,10,150,38,0.0
51,2,10,150,38,0.07984133538066794
52,2,10,150,38,0.028947056565878558
53,2,10,150,38,0.12810519548676028
54,2,10,150,38,0.047934103497110726
55,2,10,150,38,0.0
56,2,10,150,38,0.18562149098687766
57,2,10,150,38,0.0524456916588361
58,2,10,150,38,0.0960140645718318
59,2,10,150,38,0.37450537763193914
60,2,10,150,38,0.24732517696118245
61,2,10,150,38,0.06416923277158361
62,2,10,150,38,0.2162001369456997
63,2,10,150,38,0.0763437499438357
64,2,10,150,38,0.05887472794707303
65,2,10,150,38,0.18154179097601578
66,2,10,150,38,0.09149933372035922
67,2,10,150,38,0.24630238874073
68,2,10,150,38,0.0
69,2,10,150,38,0.10495938403254562
70,2,10,150,38,0.03155184951131585
71,2,10,150,38,0.0
72,2,10,150,38,0.2530421030801216
73,2,10,150,38,0.26386730550459286
74,2,10,150,38,0.17342765698823945
75,2,10,150,38,0.11695783215678135
76,2,10,150,38,0.1858487691177525
77,2,10,150,38,0.096890966577576
78,2,10,150,38,0.0
79,2,10,150,38,0.08508236880273473
80,2,10,150,38,0.1744476820873323
81,2,10,150,38,0.0
82,2,10,150,38,0.0
83,2,10,150,38,0.049289599430600115
84,2,10,150,38,0.029136604147144557
85,2,10,150,38,0.2993263939841939
86,2,10,150,38,0.0
87,2,10,150,38,0.16174266952986607
88,2,10,150,38,0.06294571929989644
89,2,10,150,38,0.1535313985783443
90,2,10,150,38,0.13318588096627582
91,2,10,150,38,0.025108308340262078
92,2,10,150,38,0.1471819239157764
93,2,10,150,38,0.0
94,2,10,150,38,0.35565147347076376
95,2,10,150,38,0.17727326576475563
96,2,10,150,38,0.07651920817549171
97,2,10,150,38,0.15194751309721466
98,2,10,150,38,0.0
99,2,10,150,38,0.08227650340095313
100,2,10,150,38,0.0
101,2,10,150,38,0.0
102,2,10,150,38,0.06826346028361392
103,2,10,150,38,0.0
104,2,10,150,38,0.0
105,2,10,150,38,0.0
106,2,10,150,38,0.0
107,2,10,150,38,0.0
108,2,10,150,38,0.04485361187694993
109,2,10,150,38,0.24237930726171944
110,2,10,150,38,0.040188253995349206
111,2,10,150,38,0.09077089626867633
112,2,10,150,38,0.0
113,2,10,150,38,0.178509607681865
114,2,10,150,38,0.0
115,2,10,150,38,0.1737092330727855
116,2,10,150,38,0.026497157492079246
117,2,10,150,38,0.0
118,2,10,150,38,0.11481215916390865
119,2,10,150,38,0.1292489958349305
120,2,10,150,38,0.361879195385413
121,2,10,150,38,0.03232623375868038
122,2,10,150,38,0.08041927109478651
123,2,10,150,38,0.12990556389377814
124,2,10,150,38,0.14739123024359468
125,2,10,150,38,0.09647366926577362
126,2,10,150,38,0.0
127,2,10,150,38,0.06462745615384195
128,2,10,150,38,0.039187628691889256
129,2,10,150,38,0.0
130,2,10,150,38,0.13704948176696508
131,2,10,150,38,0.19553364544957744
132,2,10,150,38,0.07667481399289292
133,2,10,150,38,0.0
134,2,10,150,38,0.0
135,2,10,150,38,0.0
136,2,10,150,38,0.03734555298506959
137,2,10,150,38,0.0
138,2,10,150,38,0.10332949630181452
139,2,10,150,38,0.0
140,2,10,150,38,0.0
141,2,10,150,38,0.06780972445140239
142,2,10,150,38,0.0
143,2,10,150,38,0.0
144,2,10,150,38,0.21939258349434512
145,2,10,150,38,0.12674821746413237
146,2,10,150,38,0.0
147,2,10,150,38,0.0
148,2,10,150,38,0.046823654699505654
149,2,10,150,38,0.10486881530019958
150,2,10,150,38,0.0
151,2,10,150,38,0.23382253590891772
152,2,10,150,38,0.02092089401958944
153,2,10,150,38,0.0
154,2,10,150,38,0.047978870624887156
155,2,10,150,38,0.0
156,2,10,150,38,0.06437746926759551
157,2,10,150,38,0.06857646087959317
158,2,10,150,38,0.14822795779674938
159,2,10,150,38,0.0
160,2,10,150,38,0.09926896187055606
161,2,10,150,38,0.0
162,2,10,150,38,0.0
163,2,10,150,38,0.0
164,2,10,150,38,0.0
165,2,10,150,38,0.0
166,2,10,150,38,0.0
167,2,10,150,38,0.040419659112753054
168,2,10,150,38,0.0
169,2,10,150,38,0.0
170,2,10,150,38,0.0
171,2,10,150,38,0.0
172,2,10,150,38,0.0
173,2,10,150,38,0.0
174,2,10,150,38,0.1961070466966218
175,2,10,150,38,0.22732566419594713
176,2,10,150,38,0.0
177,2,10,150,38,0.29715079985975246
178,2,10,150,38,0.23821541799471752
179,2,10,150,38,0.054384419234677496
180,2,10,150,38,0.05459112561892713
181,2,10,150,38,0.06018835610669631
182,2,10,150,38,0.0
183,2,10,150,38,0.0
184,2,10,150,38,0.15373721508621813
185,2,10,150,38,0.0
186,2,10,150,38,0.030868393892711742
187,2,10,150,38,0.043599246064372175
188,2,10,150,38,0.26990485040471895
189,2,10,150,38,0.10373618490605946
190,2,10,150,38,0.0
191,2,10,150,38,0.0
192,2,10,150,38,0.0
193,2,10,150,38,0.0
194,2,10,150,38,0.12008457354909849
195,2,10,150,38,0.025695227962458354
196,2,10,150,38,0.04485361187694993
197,2,10,150,38,0.10072206101855893
198,2,10,150,38,0.031104745345423533
199,2,10,150,38,0.2529427027676571
200,2,10,150,38,0.2668421300418377
201,2,10,150,38,0.08831209192060956
202,2,10,150,38,0.27487633291429087
203,2,10,150,38,0.10238606821339166
204,2,10,150,38,0.0
205,2,10,150,38,0.1465996756793884
206,2,10,150,38,0.0
207,2,10,150,38,0.02521706692823706
208,2,10,150,38,0.05919139647768146
209,2,10,150,38,0.0
210,2,10,150,38,0.10411307831657937
211,2,10,150,38,0.0
212,2,10,150,38,0.06052048269976269
213,2,10,150,38,0.06272890313218925
214,2,10,150,38,0.17235100755110005
215,2,10,150,38,0.07080661120296859
216,2,10,150,38,0.10321788881577303
217,2,10,150,38,0.07540511415913949
218,2,10,150,38,0.1023482199458735
219,2,10,150,38,0.0
220,2,10,150,38,0.0
221,2,10,150,38,0.10322487856281694
222,2,10,150,38,0.12205903671199675
223,2,10,150,38,0.0
224,2,10,150,38,0.029996736818897345
225,2,10,150,38,0.0
226,2,10,150,38,0.07386039040058112
227,2,10,150,38,0.06711341307257644
228,2,10,150,38,0.0
229,2,10,150,38,0.0
230,2,10,150,38,0.24667220276083424
231,2,10,150,38,0.3903800499921017
232,2,10,150,38,0.06288558365907605
233,2,10,150,38,0.11278984802012952
234,2,10,150,38,0.10139667955371122
235,2,10,150,38,0.08400628493556295
236,2,10,150,38,0.08835143128659738
237,2,10,150,38,0.18766084280469636
238,2,10,150,38,0.0
239,2,10,150,38,0.04001055216995953
240,2,10,150,38,0.0
241,2,10,150,38,0.0
242,2,10,150,38,0.07673373981757839
243,2,10,150,38,0.23165732683700077
244,2,10,150,38,0.17307645748642866
245,2,10,150,38,0.0
246,2,10,150,38,0.13257719475990987
247,2,10,150,38,0.0
248,2,10,150,38,0.14176813152020928
249,2,10,150,38,0.23647291786614427
250,2,10,150,38,0.023835426911994775
251,2,10,150,38,0.10803826056443963
252,2,10,150,38,0.13120507751234178
253,2,10,150,38,0.1704602196779193
254,2,10,150,38,0.2523468933635866
255,2,10,150,38,0.0
256,2,10,150,38,0.30907315564806576
257,2,10,150,38,0.04759023790187059
258,2,10,150,38,0.0
259,2,10,150,38,0.0
260,2,10,150,38,0.0
261,2,10,150,38,0.0
262,2,10,150,38,0.05887472794707303
263,2,10,150,38,0.07289695248299831
264,2,10,150,38,0.07935123938715939
265,2,10,150,38,0.0
266,2,10,150,38,0.0
267,2,10,150,38,0.1539216952814735
268,2,10,150,38,0.18242390795068614
269,2,10,150,38,0.11670844615051823
270,2,10,150,38,0.08961610996238861
271,2,10,150,38,0.31588297666895887
272,2,10,150,38,0.27918678209889913
273,2,10,150,38,0.0
274,2,10,150,38,0.05829918151249392
275,2,10,150,38,0.04105877938688906
276,2,10,150,38,0.30607074917760607
277,2,10,150,38,0.0
278,2,10,150,38,0.0
279,2,10,150,38,0.2695467225528116
280,2,10,150,38,0.10882077378141329
281,2,10,150,38,0.05516788910004661
282,2,10,150,38,0.0
283,2,10,150,38,0.03337620304869898
284,2,10,150,38,0.0
285,2,10,150,38,0.15002687789384317
286,2,10,150,38,0.11320756921881206
287,2,10,150,38,0.0845667599404342
288,2,10,150,38,0.04143843208212992
289,2,10,150,38,0.06510475888148554
290,2,10,150,38,0.09449357188080848
291,2,10,150,38,0.25383535488938325
292,2,10,150,38,0.30455129475376963
293,2,10,150,38,0.1615014098878881
294,2,10,150,38,0.05942233668176323
295,2,10,150,38,0.10474106873737762
296,2,10,150,38,0.04780823114546271
297,2,10,150,38,0.0642694751590199
298,2,10,150,38,0.32133759346371743
299,2,10,150,38,0.04839346824975813
300,2,10,150,38,0.0
301,2,10,150,38,0.1668477870590233
302,2,10,150,38,0.0
303,2,10,150,38,0.4225415489122222
304,2,10,150,38,0.05058854055353143
305,2,10,150,38,0.18507573152162302
306,2,10,150,38,0.0
307,2,10,150,38,0.1288139404283001
308,2,10,150,38,0.1902879052278422
309,2,10,150,38,0.0
310,2,10,150,38,0.0
311,2,10,150,38,0.3563959600741597
312,2,10,150,38,0.11252267594780224
313,2,10,150,38,0.3286343850136119
314,2,10,150,38,0.14299071972646332
315,2,10,150,38,0.13083396065310554
316,2,10,150,38,0.029546401698350686
317,2,10,150,38,0.0
318,2,10,150,38,0.09735902422575302
319,2,10,150,38,0.0
320,2,10,150,38,0.048545625937304715
321,2,10,150,38,0.12530728980532893
322,2,10,150,38,0.3198461636851495
323,2,10,150,38,0.0
324,2,10,150,38,0.04342547274117719
325,2,10,150,38,0.06453919279387746
326,2,10,150,38,0.10515832805215536
327,2,10,150,38,0.0
328,2,10,150,38,0.1958117564184664
329,2,10,150,38,0.0
330,2,10,150,38,0.044052460237264744
331,2,10,150,38,0.0
332,2,10,150,38,0.20930942975559783
333,2,10,150,38,0.05206745415870339
334,2,10,150,38,0.1869851524868222
335,2,10,150,38,0.0
336,2,10,150,38,0.12102243956897912
337,2,10,150,38,0.07596161868673496
338,2,10,150,38,0.07127723726551295
339,2,10,150,38,0.35931805392183075
340,2,10,150,38,0.1423148443105824
341,2,10,150,38,0.0
342,2,10,150,38,0.23319846674615202
343,2,10,150,38,0.35580059427900335
344,2,10,150,38,0.16558735653159132
345,2,10,150,38,0.11240501813613211
346,2,10,150,38,0.32870367528335775
347,2,10,150,38,0.1779778548310998
348,2,10,150,38,0.0
349,2,10,150,38,0.163169180413793
350,2,10,150,38,0.08793041552788394
351,2,10,150,38,0.057853568842374095
352,2,10,150,38,0.2470219007193075
353,2,10,150,38,0.0
354,2,10,150,38,0.13635721019246394
355,2,10,150,38,0.0
356,2,10,150,38,0.10061931714936387
357,2,10,150,38,0.08220038494336858
358,2,10,150,38,0.0
359,2,10,150,38,0.0
360,2,10,150,38,0.2072099208347698
361,2,10,150,38,0.07212401348581295
362,2,10,150,38,0.0
363,2,10,150,38,0.19176509126235147
364,2,10,150,38,0.0
365,2,10,150,38,0.0
366,2,10,150,38,0.050143326786652107
367,2,10,150,38,0.0
368,2,10,150,38,0.03597158591011401
369,2,10,150,38,0.21386152848601384
370,2,10,150,38,0.030682774986138056
371,2,10,150,38,0.03591148888190114
372,2,10,150,38,0.0536466452928127
373,2,10,150,38,0.1703642027499135
374,2,10,150,38,0.2175549645346831
375,2,10,150,38,0.1676614286651071
376,2,10,150,38,0.038925970325304815
377,2,10,150,38,0.3067552645565975
378,2,10,150,38,0.07624531209821388
379,2,10,150,38,0.2224508157867202
380,2,10,150,38,0.07776186336355884
381,2,10,150,38,0.11268214365623992
382,2,10,150,38,0.11670077402731671
383,2,10,150,38,0.02671804748260287
384,2,10,150,38,0.0
385,2,10,150,38,0.23545299237641387
386,2,10,150,38,0.0
387,2,10,150,38,0.23083527824322167
388,2,10,150,38,0.0
389,2,10,150,38,0.31948848026234145
390,2,10,150,38,0.10466779365752882
391,2,10,150,38,0.1266259679796624
392,2,10,150,38,0.020971012282826156
393,2,10,150,38,0.0
394,2,10,150,38,0.19727462007783125
395,2,10,150,38,0.03571967640542795
396,2,10,150,38,0.08006506288147622
397,2,10,150,38,0.19945281121976402
398,2,10,150,38,0.13078521158081605
399,2,10,150,38,0.031104745345423533
400,2,10,150,38,0.0
401,2,10,150,38,0.0
402,2,10,150,38,0.15763555583548006
403,2,10,150,38,0.18849394360156863
404,2,10,150,38,0.0
405,2,10,150,38,0.267025798908895
406,2,10,150,38,0.2910801146120329
407,2,10,150,38,0.1212068747543956
408,2,10,150,38,0.08490303813485527
409,2,10,150,38,0.16533092965551374
410,2,10,150,38,0.07840046845612053
411,2,10,150,38,0.13359023741301432
412,2,10,150,38,0.041062015509212284
413,2,10,150,38,0.19475935863737628
414,2,10,150,38,0.0
415,2,10,150,38,0.15582818336744758
416,2,10,150,38,0.52059615502262
417,2,10,150,38,0.3666849712818291
418,2,10,150,38,0.0
419,2,10,150,38,0.09817896789964464
420,2,10,150,38,0.13011860784218718
421,2,10,150,38,0.29129642073446305
422,2,10,150,38,0.06769377908843806
423,2,10,150,38,0.0
424,2,10,150,38,0.039270700903099615
425,2,10,150,38,0.07339440932649598
426,2,10,150,38,0.01901697912722638
427,2,10,150,38,0.0
428,2,10,150,38,0.0
429,2,10,150,38,0.36703389796351127
430,2,10,150,38,0.07670758697446707
431,2,10,150,38,0.0
432,2,10,150,38,0.06668302137384614
433,2,10,150,38,0.07600659849685834
434,2,10,150,38,0.15952559008892425
435,2,10,150,38,0.42331070343949806
436,2,10,150,38,0.06677135866625988
437,2,10,150,38,0.3343655821369587
438,2,10,150,38,0.11342455428465782
439,2,10,150,38,0.0
440,2,10,150,38,0.032014847745354055
441,2,10,150,38,0.1731866333482261
442,2,10,150,38,0.05219093036104802
443,2,10,150,38,0.0
444,2,10,150,38,0.0796221118108625
445,2,10,150,38,0.01778115947623668
446,2,10,150,38,0.13356958453958645
447,2,10,150,38,0.07094266173903013
448,2,10,150,38,0.0
449,2,10,150,38,0.09042711993712702
450,2,10,150,38,0.5618836176642247
451,2,10,150,38,0.018341998545848226
452,2,10,150,38,0.2496337816930683
453,2,10,150,38,0.13714779445536313
454,2,10,150,38,0.0
455,2,10,150,38,0.12429621064472583
456,2,10,150,38,0.12655343757188459
457,2,10,150,38,0.5967356247062625
458,2,10,150,38,0.3384220785504382
459,2,10,150,38,0.20108156636159238
460,2,10,150,38,0.07041837375515932
461,2,10,150,38,0.0
462,2,10,150,38,0.04010913675862143
463,2,10,150,38,0.24372918482257802
464,2,10,150,38,0.024240213052394943
465,2,10,150,38,0.11531919633720913
466,2,10,150,38,0.12968151726765043
467,2,10,150,38,0.09300532025926726
468,2,10,150,38,0.24906460127998034
469,2,10,150,38,0.05651614765972419
470,2,10,150,38,0.02794110381151734
471,2,10,150,38,0.0
472,2,10,150,38,0.27836206258352775
473,2,10,150,38,0.2622744659873325
474,2,10,150,38,0.4994255182129321
475,2,10,150,38,0.07311683844390994
476,2,10,150,38,0.021791008948563714
477,2,10,150,38,0.07075576072108061
478,2,10,150,38,0.09599237741286547
479,2,10,150,38,0.2556050767458903
480,2,10,150,38,0.15920120556239784
481,2,10,150,38,0.02738855579742861
482,2,10,150,38,0.04290887548434951
483,2,10,150,38,0.0273055648695642
484,2,10,150,38,0.219972808523059
485,2,10,150,38,0.0
486,2,10,150,38,0.026973863432810958
487,2,10,150,38,0.34570448191898706
488,2,10,150,38,0.0
489,2,10,150,38,0.0
490,2,10,150,38,0.08961728720334347
491,2,10,150,38,0.03859643636257609
492,2,10,150,38,0.1338895448360617
493,2,10,150,38,0.21053231647897985
494,2,10,150,38,0.06103968146247971
495,2,10,150,38,0.12004996436223858
496,2,10,150,38,0.029437363973536516
497,2,10,150,38,0.15681112418531362
498,2,10,150,38,0.08275599218371321
499,2,10,150,38,0.057745193123353314
500,2,10,150,38,0.22640387873347326
501,2,10,150,38,0.0
502,2,10,150,38,0.0
503,2,10,150,38,0.11455931789741178
504,2,10,150,38,0.1827034210405761
505,2,10,150,38,0.05887472794707303
506,2,10,150,38,0.16222252088778327
507,2,10,150,38,0.0
508,2,10,150,38,0.16947309586017814
509,2,10,150,38,0.0
510,2,10,150,38,0.0
511,2,10,150,38,0.0
512,2,10,150,38,0.08364069030518707
513,2,10,150,38,0.0
514,2,10,150,38,0.2045280241493659
515,2,10,150,38,0.034743705427429224
516,2,10,150,38,0.1340330647732781
517,2,10,150,38,0.07931777113368761
518,2,10,150,38,0.1271756500386261
519,2,10,150,38,0.0
520,2,10,150,38,0.0
521,2,10,150,38,0.0
522,2,10,150,38,0.0559167101555819
523,2,10,150,38,0.18578459030067804
524,2,10,150,38,0.13804174122103596
525,2,10,150,38,0.0
526,2,10,150,38,0.0
527,2,10,150,38,0.3168816940711526
528,2,10,150,38,0.14910997903975903
529,2,10,150,38,0.0
530,2,10,150,38,0.03067046672709443
531,2,10,150,38,0.0
532,2,10,150,38,0.07380591546080521
533,2,10,150,38,0.048184511067060856
534,2,10,150,38,0.024909303741335254
535,2,10,150,38,0.24603309664302736
536,2,10,150,38,0.19092396289835215
537,2,10,150,38,0.4801407037168745
538,2,10,150,38,0.032394594743117074
539,2,10,150,38,0.07066252848762221
540,2,10,150,38,0.0
541,2,10,150,38,0.05024448181470198
542,2,10,150,38,0.08997947329249656
543,2,10,150,38,0.0466571180181353
544,2,10,150,38,0.0
545,2,10,150,38,0.069486496451757
546,2,10,150,38,0.03314153504336938
547,2,10,150,38,0.04855455745827926
548,2,10,150,38,0.040188253995349206
549,2,10,150,38,0.0
550,2,10,150,38,0.0
551,2,10,150,38,0.2698491345656376
552,2,10,150,38,0.048059443651065493
553,2,10,150,38,0.11579410298816686
554,2,10,150,38,0.07041837375515932
555,2,10,150,38,0.0382580635535654
556,2,10,150,38,0.09441834681022167
557,2,10,150,38,0.04470486007704452
558,2,10,150,38,0.265053101293003
559,2,10,150,38,0.06127849629743466
560,2,10,150,38,0.028567598460307132
561,2,10,150,38,0.07609448199167182
562,2,10,150,38,0.07720150835011791
563,2,10,150,38,0.0
564,2,10,150,38,0.0
565,2,10,150,38,0.19482612055561835
566,2,10,150,38,0.02062848634389181
567,2,10,150,38,0.04359722747499328
568,2,10,150,38,0.0
569,2,10,150,38,0.17563954439010937
570,2,10,150,38,0.0
571,2,10,150,38,0.0
572,2,10,150,38,0.0
573,2,10,150,38,0.03246641181906899
574,2,10,150,38,0.05058854055353143
575,2,10,150,38,0.05154847002173459
576,2,10,150,38,0.0
577,2,10,150,38,0.07979986908978785
578,2,10,150,38,0.0
579,2,10,150,38,0.08297540479108526
580,2,10,150,38,0.18080124080515705
581,2,10,150,38,0.0
582,2,10,150,38,0.0
583,2,10,150,38,0.0
584,2,10,150,38,0.0
585,2,10,150,38,0.08668163308546498
586,2,10,150,38,0.10132509239867551
587,2,10,150,38,0.03459392809572638
588,2,10,150,38,0.037573347678695114
589,2,10,150,38,0.0
590,2,10,150,38,0.06139304560474655
591,2,10,150,38,0.0
592,2,10,150,38,0.3045087001601074
593,2,10,150,38,0.04586709436300111
594,2,10,150,38,0.0
595,2,10,150,38,0.0
596,2,10,150,38,0.0
597,2,10,150,38,0.0
598,2,10,150,38,0.0
599,2,10,150,38,0.0
600,2,10,150,38,0.0
601,2,10,150,38,0.03369782041898502
602,2,10,150,38,0.0
603,2,10,150,38,0.1435203717549576
604,2,10,150,38,0.0
605,2,10,150,38,0.19005508898031315
606,2,10,150,38,0.23204083039530643
607,2,10,150,38,0.08440880858250024
608,2,10,150,38,0.19142268890998523
609,2,10,150,38,0.0
610,2,10,150,38,0.1629867900167321
611,2,10,150,38,0.0
612,2,10,150,38,0.15130120674940672
613,2,10,150,38,0.0
614,2,10,150,38,0.0
615,2,10,150,38,0.09083374831253048
616,2,10,150,38,0.0
617,2,10,150,38,0.044257815106106525
618,2,10,150,38,0.18766481803906507
619,2,10,150,38,0.05319635904163211
620,2,10,150,38,0.030870735913721987
621,2,10,150,38,0.06335388063984314
622,2,10,150,38,0.12980296240199146
623,2,10,150,38,0.0
624,2,10,150,38,0.0536466452928127
625,2,10,150,38,0.0
626,2,10,150,38,0.0
627,2,10,150,38,0.0
628,2,10,150,38,0.0
629,2,10,150,38,0.19451610919980286
630,2,10,150,38,0.0
631,2,10,150,38,0.0
632,2,10,150,38,0.13439570003165963
633,2,10,150,38,0.07667481399289292
634,2,10,150,38,0.030975021478781034
635,2,10,150,38,0.0
636,2,10,150,38,0.0
637,2,10,150,38,0.0
638,2,10,150,38,0.0
639,2,10,150,38,0.0
640,2,10,150,38,0.0
642,2,10,150,38,0.09386986030444722
643,2,10,150,38,0.0
644,2,10,150,38,0.0
645,2,10,150,38,0.09759501249802542
647,2,10,150,38,0.0
648,2,10,150,38,0.18159464350583557
649,2,10,150,38,1.0
650,2,10,150,38,0.0
651,2,10,150,38,0.0
653,2,10,150,38,0.0
654,2,10,150,38,0.058087171966128066
655,2,10,150,38,0.11621678240839849
658,2,10,150,38,0.0
1,2,10,150,39,0.6662012897564737
2,2,10,150,39,0.1083188688865055
3,2,10,150,39,0.03098598178059488
4,2,10,150,39,0.06166887310869151
5,2,10,150,39,0.10535898463943935
6,2,10,150,39,0.22958958945147712
7,2,10,150,39,0.23291841829999377
8,2,10,150,39,0.0
9,2,10,150,39,0.0
10,2,10,150,39,0.1492191385622046
11,2,10,150,39,0.1186727562984718
12,2,10,150,39,0.0
13,2,10,150,39,0.3431254191608518
14,2,10,150,39,0.09998274523051486
15,2,10,150,39,0.0
16,2,10,150,39,0.2491367253726175
17,2,10,150,39,0.0
18,2,10,150,39,0.2825846771054725
19,2,10,150,39,0.0
20,2,10,150,39,0.0
21,2,10,150,39,0.0
22,2,10,150,39,0.0
23,2,10,150,39,0.2284254409998089
24,2,10,150,39,0.06058493677293348
25,2,10,150,39,0.0
26,2,10,150,39,0.11161048176369433
27,2,10,150,39,0.0
28,2,10,150,39,0.10854509048291378
29,2,10,150,39,0.0
30,2,10,150,39,0.0
31,2,10,150,39,0.046287481291184845
32,2,10,150,39,0.11781210270929884
33,2,10,150,39,0.0
34,2,10,150,39,0.0
35,2,10,150,39,0.0
36,2,10,150,39,0.0
37,2,10,150,39,0.0
38,2,10,150,39,0.0
39,2,10,150,39,0.15820890896021753
40,2,10,150,39,0.2212397779175911
41,2,10,150,39,0.0
42,2,10,150,39,0.15424228815612379
43,2,10,150,39,0.06741271183259787
44,2,10,150,39,0.1565413821318793
45,2,10,150,39,0.0
46,2,10,150,39,0.10684080426179023
47,2,10,150,39,0.0
48,2,10,150,39,0.08885395895208888
49,2,10,150,39,0.04407878495393109
50,2,10,150,39,0.0
51,2,10,150,39,0.07984133538066794
52,2,10,150,39,0.028947056565878558
53,2,10,150,39,0.12810519548676028
54,2,10,150,39,0.047934103497110726
55,2,10,150,39,0.0
56,2,10,150,39,0.20347053259194225
57,2,10,150,39,0.0524456916588361
58,2,10,150,39,0.0960140645718318
59,2,10,150,39,0.38528376006881815
60,2,10,150,39,0.24306332522301066
61,2,10,150,39,0.06416923277158361
62,2,10,150,39,0.21247462488600502
63,2,10,150,39,0.0763437499438357
64,2,10,150,39,0.05786021189691368
65,2,10,150,39,0.18154179097601578
66,2,10,150,39,0.09149933372035922
67,2,10,150,39,0.24630238874073
68,2,10,150,39,0.0
69,2,10,150,39,0.10495938403254562
70,2,10,150,39,0.03155184951131585
71,2,10,150,39,0.04416548762473651
72,2,10,150,39,0.2530421030801216
73,2,10,150,39,0.26386730550459286
74,2,10,150,39,0.17342765698823945
75,2,10,150,39,0.11695783215678135
76,2,10,150,39,0.1858487691177525
77,2,10,150,39,0.096890966577576
78,2,10,150,39,0.0
79,2,10,150,39,0.08508236880273473
80,2,10,150,39,0.1744476820873323
81,2,10,150,39,0.0
82,2,10,150,39,0.0
83,2,10,150,39,0.048440252155938855
84,2,10,150,39,0.029136604147144557
85,2,10,150,39,0.2941684689878138
86,2,10,150,39,0.0
87,2,10,150,39,0.15895555628186628
88,2,10,150,39,0.06294571929989644
89,2,10,150,39,0.1535313985783443
90,2,10,150,39,0.1308908518662455
91,2,10,150,39,0.025108308340262078
92,2,10,150,39,0.1446457181563184
93,2,10,150,39,0.0
94,2,10,150,39,0.3495229673921747
95,2,10,150,39,0.1742185327807801
96,2,10,150,39,0.07651920817549171
97,2,10,150,39,0.15194751309721466
98,2,10,150,39,0.0
99,2,10,150,39,0.08227650340095313
100,2,10,150,39,0.0
101,2,10,150,39,0.0
102,2,10,150,39,0.06708715971268983
103,2,10,150,39,0.0
104,2,10,150,39,0.0
105,2,10,150,39,0.0
106,2,10,150,39,0.0
107,2,10,150,39,0.0
108,2,10,150,39,0.04485361187694993
109,2,10,150,39,0.23820268163612712
110,2,10,150,39,0.03949573905510497
111,2,10,150,39,0.09077089626867633
112,2,10,150,39,0.0
113,2,10,150,39,0.178509607681865
114,2,10,150,39,0.0
115,2,10,150,39,0.1737092330727855
116,2,10,150,39,0.026497157492079246
117,2,10,150,39,0.0
118,2,10,150,39,0.11481215916390865
119,2,10,150,39,0.1270218062526806
120,2,10,150,39,0.361879195385413
121,2,10,150,39,0.03232623375868038
122,2,10,150,39,0.08041927109478651
123,2,10,150,39,0.12990556389377814
124,2,10,150,39,0.14739123024359468
125,2,10,150,39,0.09481125672815852
126,2,10,150,39,0.0
127,2,10,150,39,0.06462745615384195
128,2,10,150,39,0.03851235630147843
129,2,10,150,39,0.0
130,2,10,150,39,0.13468787596823253
131,2,10,150,39,0.2523931911073844
132,2,10,150,39,0.07667481399289292
133,2,10,150,39,0.0
134,2,10,150,39,0.0
135,2,10,150,39,0.0
136,2,10,150,39,0.03734555298506959
137,2,10,150,39,0.0
138,2,10,150,39,0.10332949630181452
139,2,10,150,39,0.0
140,2,10,150,39,0.0
141,2,10,150,39,0.08746509525553595
142,2,10,150,39,0.0
143,2,10,150,39,0.0
144,2,10,150,39,0.21561205991483862
145,2,10,150,39,0.12456412073145534
146,2,10,150,39,0.0
147,2,10,150,39,0.0
148,2,10,150,39,0.046823654699505654
149,2,10,150,39,0.10486881530019958
150,2,10,150,39,0.0
151,2,10,150,39,0.22979335863982167
152,2,10,150,39,0.02092089401958944
153,2,10,150,39,0.0
154,2,10,150,39,0.047978870624887156
155,2,10,150,39,0.0
156,2,10,150,39,0.06437746926759551
157,2,10,150,39,0.06857646087959317
158,2,10,150,39,0.14567372701707879
159,2,10,150,39,0.0
160,2,10,150,39,0.09926896187055606
161,2,10,150,39,0.0
162,2,10,150,39,0.0
163,2,10,150,39,0.0
164,2,10,150,39,0.0
165,2,10,150,39,0.0
166,2,10,150,39,0.0
167,2,10,150,39,0.040419659112753054
168,2,10,150,39,0.0
169,2,10,150,39,0.0
170,2,10,150,39,0.0
171,2,10,150,39,0.0
172,2,10,150,39,0.0
173,2,10,150,39,0.0
174,2,10,150,39,0.20995954898706898
175,2,10,150,39,0.22732566419594713
176,2,10,150,39,0.0
177,2,10,150,39,0.29715079985975246
178,2,10,150,39,0.23411054357103747
179,2,10,150,39,0.054384419234677496
180,2,10,150,39,0.05459112561892713
181,2,10,150,39,0.059151203911991586
182,2,10,150,39,0.0
183,2,10,150,39,0.0
184,2,10,150,39,0.16831982477096097
185,2,10,150,39,0.0
186,2,10,150,39,0.030868393892711742
187,2,10,150,39,0.043599246064372175
188,2,10,150,39,0.26990485040471895
189,2,10,150,39,0.11918040107988663
190,2,10,150,39,0.0
191,2,10,150,39,0.0
192,2,10,150,39,0.0
193,2,10,150,39,0.0
194,2,10,150,39,0.11801530322734648
195,2,10,150,39,0.025695227962458354
196,2,10,150,39,0.04485361187694993
197,2,10,150,39,0.10072206101855893
198,2,10,150,39,0.030568755380129424
199,2,10,150,39,0.2529427027676571
200,2,10,150,39,0.26224396656447063
201,2,10,150,39,0.08679031784537052
202,2,10,150,39,0.27487633291429087
203,2,10,150,39,0.10238606821339166
204,2,10,150,39,0.0
205,2,10,150,39,0.1465996756793884
206,2,10,150,39,0.0
207,2,10,150,39,0.02478253211119913
208,2,10,150,39,0.05919139647768146
209,2,10,150,39,0.0
210,2,10,150,39,0.12196211992164398
211,2,10,150,39,0.0
212,2,10,150,39,0.11738002835756964
213,2,10,150,39,0.06272890313218925
214,2,10,150,39,0.17235100755110005
215,2,10,150,39,0.09278320127924934
216,2,10,150,39,0.10321788881577303
217,2,10,150,39,0.10298663607405599
218,2,10,150,39,0.1023482199458735
219,2,10,150,39,0.0
220,2,10,150,39,0.0
221,2,10,150,39,0.10144613070733857
222,2,10,150,39,0.1199557428857793
223,2,10,150,39,0.0
224,2,10,150,39,0.029996736818897345
225,2,10,150,39,0.0
226,2,10,150,39,0.07386039040058112
227,2,10,150,39,0.06711341307257644
228,2,10,150,39,0.0
229,2,10,150,39,0.0
230,2,10,150,39,0.24667220276083424
231,2,10,150,39,0.3903800499921017
232,2,10,150,39,0.06288558365907605
233,2,10,150,39,0.11278984802012952
234,2,10,150,39,0.09964943481174686
235,2,10,150,39,0.08400628493556295
236,2,10,150,39,0.08835143128659738
237,2,10,150,39,0.18766084280469636
238,2,10,150,39,0.0
239,2,10,150,39,0.04001055216995953
240,2,10,150,39,0.0
241,2,10,150,39,0.0
242,2,10,150,39,0.07673373981757839
243,2,10,150,39,0.23165732683700077
244,2,10,150,39,0.17009404295735336
245,2,10,150,39,0.0
246,2,10,150,39,0.13029265440347806
247,2,10,150,39,0.0
248,2,10,150,39,0.14176813152020928
249,2,10,150,39,0.23239806981217298
250,2,10,150,39,0.023835426911994775
251,2,10,150,39,0.10803826056443963
252,2,10,150,39,0.13120507751234178
253,2,10,150,39,0.1704602196779193
254,2,10,150,39,0.24799850853953515
255,2,10,150,39,0.0
256,2,10,150,39,0.30374727665020024
257,2,10,150,39,0.04759023790187059
258,2,10,150,39,0.0
259,2,10,150,39,0.0
260,2,10,150,39,0.0
261,2,10,150,39,0.0
262,2,10,150,39,0.05887472794707303
263,2,10,150,39,0.09340671208136468
264,2,10,150,39,0.07935123938715939
265,2,10,150,39,0.0
266,2,10,150,39,0.0
267,2,10,150,39,0.15126935130000876
268,2,10,150,39,0.17928042026077035
269,2,10,150,39,0.1146973524956091
270,2,10,150,39,0.08961610996238861
271,2,10,150,39,0.3104397523692073
272,2,10,150,39,0.27918678209889913
273,2,10,150,39,0.0
274,2,10,150,39,0.05829918151249392
275,2,10,150,39,0.04105877938688906
276,2,10,150,39,0.30079660697173255
277,2,10,150,39,0.0
278,2,10,150,39,0.0
279,2,10,150,39,0.2649019541465183
280,2,10,150,39,0.10694559872003123
281,2,10,150,39,0.05516788910004661
282,2,10,150,39,0.0
283,2,10,150,39,0.03337620304869898
284,2,10,150,39,0.0
285,2,10,150,39,0.15002687789384317
286,2,10,150,39,0.11125680188660018
287,2,10,150,39,0.0845667599404342
288,2,10,150,39,0.06730415016162657
289,2,10,150,39,0.06510475888148554
290,2,10,150,39,0.09449357188080848
291,2,10,150,39,0.2494613212316026
292,2,10,150,39,0.30455129475376963
293,2,10,150,39,0.15871845397169396
294,2,10,150,39,0.05942233668176323
295,2,10,150,39,0.10293619423434058
296,2,10,150,39,0.04780823114546271
297,2,10,150,39,0.06316199804009785
298,2,10,150,39,0.32133759346371743
299,2,10,150,39,0.04755956290574715
300,2,10,150,39,0.0
301,2,10,150,39,0.16397270357571414
302,2,10,150,39,0.0
303,2,10,150,39,0.4324921828659853
304,2,10,150,39,0.09811693595042764
305,2,10,150,39,0.18188654820526926
306,2,10,150,39,0.0
307,2,10,150,39,0.1288139404283001
308,2,10,150,39,0.18700890690825087
309,2,10,150,39,0.0
310,2,10,150,39,0.0
311,2,10,150,39,0.3502546251701202
312,2,10,150,39,0.1278154852871988
313,2,10,150,39,0.32297143131758327
314,2,10,150,39,0.14052673585350603
315,2,10,150,39,0.13083396065310554
316,2,10,150,39,0.029546401698350686
317,2,10,150,39,0.0
318,2,10,150,39,0.09568135545089815
319,2,10,150,39,0.0
320,2,10,150,39,0.0477090986462962
321,2,10,150,39,0.12530728980532893
322,2,10,150,39,0.35190394711189377
323,2,10,150,39,0.0
324,2,10,150,39,0.04342547274117719
325,2,10,150,39,0.06453919279387746
326,2,10,150,39,0.1033462634305958
327,2,10,150,39,0.0
328,2,10,150,39,0.19243757233943312
329,2,10,150,39,0.0
330,2,10,150,39,0.04329335816549145
331,2,10,150,39,0.0
332,2,10,150,39,0.205702656810037
333,2,10,150,39,0.05206745415870339
334,2,10,150,39,0.18376306645850268
335,2,10,150,39,0.0
336,2,10,150,39,0.1189370081512315
337,2,10,150,39,0.07596161868673496
338,2,10,150,39,0.07127723726551295
339,2,10,150,39,0.37035814089986235
340,2,10,150,39,0.1423148443105824
341,2,10,150,39,0.0
342,2,10,150,39,0.22918004329629407
343,2,10,150,39,0.34966951858423684
344,2,10,150,39,0.16273399250321263
345,2,10,150,39,0.11046808018339836
346,2,10,150,39,0.3230395275930088
347,2,10,150,39,0.17491098052704518
348,2,10,150,39,0.0
349,2,10,150,39,0.163169180413793
350,2,10,150,39,0.12301690328121011
351,2,10,150,39,0.057853568842374095
352,2,10,150,39,0.2470219007193075
353,2,10,150,39,0.0
354,2,10,150,39,0.1340075334615656
355,2,10,150,39,0.0
356,2,10,150,39,0.10061931714936387
357,2,10,150,39,0.08220038494336858
358,2,10,150,39,0.0
359,2,10,150,39,0.0
360,2,10,150,39,0.22728151171982378
361,2,10,150,39,0.07088118873171732
362,2,10,150,39,0.0
363,2,10,150,39,0.18846063840575697
364,2,10,150,39,0.0
365,2,10,150,39,0.0
366,2,10,150,39,0.050143326786652107
367,2,10,150,39,0.0
368,2,10,150,39,0.03597158591011401
369,2,10,150,39,0.21386152848601384
370,2,10,150,39,0.053207364364877524
371,2,10,150,39,0.03591148888190114
372,2,10,150,39,0.0536466452928127
373,2,10,150,39,0.167428525183509
374,2,10,150,39,0.2138061063911567
375,2,10,150,39,0.1676614286651071
376,2,10,150,39,0.038925970325304815
377,2,10,150,39,0.3067552645565975
378,2,10,150,39,0.07493147005477233
379,2,10,150,39,0.23584936818227153
380,2,10,150,39,0.07642188845032355
381,2,10,150,39,0.11074043033896758
382,2,10,150,39,0.11670077402731671
383,2,10,150,39,0.05181989685583115
384,2,10,150,39,0.0
385,2,10,150,39,0.23139571944873835
386,2,10,150,39,0.0
387,2,10,150,39,0.2268575767253263
388,2,10,150,39,0.0
389,2,10,150,39,0.31398312673682627
390,2,10,150,39,0.10466779365752882
391,2,10,150,39,0.12444397782256446
392,2,10,150,39,0.020971012282826156
393,2,10,150,39,0.0
394,2,10,150,39,0.21110700300677512
395,2,10,150,39,0.03571967640542795
396,2,10,150,39,0.08006506288147622
397,2,10,150,39,0.19945281121976402
398,2,10,150,39,0.12853155027487329
399,2,10,150,39,0.030568755380129424
400,2,10,150,39,0.0
401,2,10,150,39,0.0
402,2,10,150,39,0.15763555583548006
403,2,10,150,39,0.18849394360156863
404,2,10,150,39,0.0
405,2,10,150,39,0.26242447049098305
406,2,10,150,39,0.2860642876442785
407,2,10,150,39,0.11911826519107781
408,2,10,150,39,0.08490303813485527
409,2,10,150,39,0.16248198431730218
410,2,10,150,39,0.11529648288892078
411,2,10,150,39,0.13359023741301432
412,2,10,150,39,0.041062015509212284
413,2,10,150,39,0.19475935863737628
414,2,10,150,39,0.0
415,2,10,150,39,0.15582818336744758
416,2,10,150,39,0.5116253593461374
417,2,10,150,39,0.3603663384543098
418,2,10,150,39,0.0
419,2,10,150,39,0.09817896789964464
420,2,10,150,39,0.13011860784218718
421,2,10,150,39,0.29129642073446305
422,2,10,150,39,0.06652729513554573
423,2,10,150,39,0.0
424,2,10,150,39,0.039270700903099615
425,2,10,150,39,0.07212969339743668
426,2,10,150,39,0.01868928282657492
427,2,10,150,39,0.0
428,2,10,150,39,0.02439117340892799
429,2,10,150,39,0.3607092525100108
430,2,10,150,39,0.09677917785952103
431,2,10,150,39,0.0
432,2,10,150,39,0.06668302137384614
433,2,10,150,39,0.07600659849685834
434,2,10,150,39,0.15952559008892425
435,2,10,150,39,0.41601630875066503
436,2,10,150,39,0.06562076965430275
437,2,10,150,39,0.3458356444881191
438,2,10,150,39,0.11342455428465782
439,2,10,150,39,0.0
440,2,10,150,39,0.032014847745354055
441,2,10,150,39,0.1731866333482261
442,2,10,150,39,0.05129158800533248
443,2,10,150,39,0.0
444,2,10,150,39,0.0796221118108625
445,2,10,150,39,0.017474758541436573
446,2,10,150,39,0.13356958453958645
447,2,10,150,39,0.06972019377212973
448,2,10,150,39,0.0
449,2,10,150,39,0.09042711993712702
450,2,10,150,39,0.5522013657317076
451,2,10,150,39,0.018025933358532354
452,2,10,150,39,0.24533214859818134
453,2,10,150,39,0.1347844945545295
454,2,10,150,39,0.0
455,2,10,150,39,0.12215436634123411
456,2,10,150,39,0.12437269724243563
457,2,10,150,39,0.5864528108389847
458,2,10,150,39,0.3325904655241095
459,2,10,150,39,0.19761657410467
460,2,10,150,39,0.07041837375515932
461,2,10,150,39,0.0
462,2,10,150,39,0.04010913675862143
463,2,10,150,39,0.2395292984109236
464,2,10,150,39,0.024240213052394943
465,2,10,150,39,0.11333204192214753
466,2,10,150,39,0.12744687457349949
467,2,10,150,39,0.09300532025926726
468,2,10,150,39,0.26200455091879904
469,2,10,150,39,0.05651614765972419
470,2,10,150,39,0.02794110381151734
471,2,10,150,39,0.0
472,2,10,150,39,0.27356539022352416
473,2,10,150,39,0.2622744659873325
474,2,10,150,39,0.4908195301811629
475,2,10,150,39,0.07311683844390994
476,2,10,150,39,0.021791008948563714
477,2,10,150,39,0.07075576072108061
478,2,10,150,39,0.0943382583880463
479,2,10,150,39,0.25120054763971694
480,2,10,150,39,0.15920120556239784
481,2,10,150,39,0.02738855579742861
482,2,10,150,39,0.04290887548434951
483,2,10,150,39,0.0273055648695642
484,2,10,150,39,0.21618228663655628
485,2,10,150,39,0.0
486,2,10,150,39,0.02650905589413334
487,2,10,150,39,0.356979154903247
488,2,10,150,39,0.0
489,2,10,150,39,0.0
490,2,10,150,39,0.11630686983226163
491,2,10,150,39,0.03859643636257609
492,2,10,150,39,0.1338895448360617
493,2,10,150,39,0.206904471024863
494,2,10,150,39,0.06103968146247971
495,2,10,150,39,0.11798129041819864
496,2,10,150,39,0.02893010594845684
497,2,10,150,39,0.15410899021583613
498,2,10,150,39,0.08132995956760133
499,2,10,150,39,0.07592327120124845
500,2,10,150,39,0.22250253809373513
501,2,10,150,39,0.0
502,2,10,150,39,0.0
503,2,10,150,39,0.11258525753645837
504,2,10,150,39,0.17955511684405706
505,2,10,150,39,0.05786021189691368
506,2,10,150,39,0.15942713894927277
507,2,10,150,39,0.0
508,2,10,150,39,0.16947309586017814
509,2,10,150,39,0.0
510,2,10,150,39,0.0
511,2,10,150,39,0.0
512,2,10,150,39,0.08364069030518707
513,2,10,150,39,0.0
514,2,10,150,39,0.20100364330817633
515,2,10,150,39,0.034743705427429224
516,2,10,150,39,0.1340330647732781
517,2,10,150,39,0.07931777113368761
518,2,10,150,39,0.1271756500386261
519,2,10,150,39,0.0
520,2,10,150,39,0.0
521,2,10,150,39,0.0
522,2,10,150,39,0.0559167101555819
523,2,10,150,39,0.18578459030067804
524,2,10,150,39,0.13566303703090224
525,2,10,150,39,0.0
526,2,10,150,39,0.0
527,2,10,150,39,0.3114212600980924
528,2,10,150,39,0.17766119401073668
529,2,10,150,39,0.0
530,2,10,150,39,0.03067046672709443
531,2,10,150,39,0.0
532,2,10,150,39,0.07253410855073329
533,2,10,150,39,0.04735420642615347
534,2,10,150,39,0.024909303741335254
535,2,10,150,39,0.24179350974185054
536,2,10,150,39,0.18763400417625772
537,2,10,150,39,0.4718670272645013
538,2,10,150,39,0.032394594743117074
539,2,10,150,39,0.07066252848762221
540,2,10,150,39,0.0
541,2,10,150,39,0.05024448181470198
542,2,10,150,39,0.0884289672770431
543,2,10,150,39,0.04585313307019414
544,2,10,150,39,0.0
545,2,10,150,39,0.06828912079707844
546,2,10,150,39,0.03314153504336938
547,2,10,150,39,0.04855455745827926
548,2,10,150,39,0.03949573905510497
549,2,10,150,39,0.0
550,2,10,150,39,0.0
551,2,10,150,39,0.26519915506365904
552,2,10,150,39,0.048059443651065493
553,2,10,150,39,0.11579410298816686
554,2,10,150,39,0.07041837375515932
555,2,10,150,39,0.0382580635535654
556,2,10,150,39,0.12950483456354783
557,2,10,150,39,0.04470486007704452
558,2,10,150,39,0.265053101293003
559,2,10,150,39,0.06127849629743466
560,2,10,150,39,0.028567598460307132
561,2,10,150,39,0.07478323901865097
562,2,10,150,39,0.07720150835011791
563,2,10,150,39,0.0
564,2,10,150,39,0.0
565,2,10,150,39,0.19482612055561835
566,2,10,150,39,0.02027302091388277
567,2,10,150,39,0.04359722747499328
568,2,10,150,39,0.0
569,2,10,150,39,0.17563954439010937
570,2,10,150,39,0.0
571,2,10,150,39,0.0
572,2,10,150,39,0.0
573,2,10,150,39,0.03246641181906899
574,2,10,150,39,0.05058854055353143
575,2,10,150,39,0.05154847002173459
576,2,10,150,39,0.0
577,2,10,150,39,0.0784247757209491
578,2,10,150,39,0.0
579,2,10,150,39,0.08297540479108526
580,2,10,150,39,0.18080124080515705
581,2,10,150,39,0.0
582,2,10,150,39,0.0
583,2,10,150,39,0.0
584,2,10,150,39,0.0
585,2,10,150,39,0.08668163308546498
586,2,10,150,39,0.10132509239867551
587,2,10,150,39,0.03459392809572638
588,2,10,150,39,0.037573347678695114
589,2,10,150,39,0.0
590,2,10,150,39,0.06139304560474655
591,2,10,150,39,0.0
592,2,10,150,39,0.3164932495760821
593,2,10,150,39,0.04586709436300111
594,2,10,150,39,0.0
595,2,10,150,39,0.0
596,2,10,150,39,0.0
597,2,10,150,39,0.0
598,2,10,150,39,0.0
599,2,10,150,39,0.0
600,2,10,150,39,0.0
601,2,10,150,39,0.03369782041898502
602,2,10,150,39,0.0
603,2,10,150,39,0.1435203717549576
604,2,10,150,39,0.0
605,2,10,150,39,0.19005508898031315
606,2,10,150,39,0.23204083039530643
607,2,10,150,39,0.08440880858250024
608,2,10,150,39,0.19142268890998523
609,2,10,150,39,0.0
610,2,10,150,39,0.1629867900167321
611,2,10,150,39,0.0
612,2,10,150,39,0.15130120674940672
613,2,10,150,39,0.0
614,2,10,150,39,0.0
615,2,10,150,39,0.09083374831253048
616,2,10,150,39,0.0
617,2,10,150,39,0.044257815106106525
618,2,10,150,39,0.18766481803906507
619,2,10,150,39,0.05319635904163211
620,2,10,150,39,0.030870735913721987
621,2,10,150,39,0.06335388063984314
622,2,10,150,39,0.12980296240199146
623,2,10,150,39,0.0
624,2,10,150,39,0.0536466452928127
625,2,10,150,39,0.0
626,2,10,150,39,0.0
627,2,10,150,39,0.0
628,2,10,150,39,0.0
629,2,10,150,39,0.19451610919980286
630,2,10,150,39,0.0
631,2,10,150,39,0.0
632,2,10,150,39,0.13439570003165963
633,2,10,150,39,0.07667481399289292
634,2,10,150,39,0.030975021478781034
635,2,10,150,39,0.0
636,2,10,150,39,0.0
637,2,10,150,39,0.0
638,2,10,150,39,0.0
639,2,10,150,39,0.0
640,2,10,150,39,0.0
642,2,10,150,39,0.09386986030444722
643,2,10,150,39,0.0
644,2,10,150,39,0.0
645,2,10,150,39,0.09759501249802542
647,2,10,150,39,0.0
648,2,10,150,39,0.18159464350583557
649,2,10,150,39,1.0
650,2,10,150,39,0.0
651,2,10,150,39,0.0
653,2,10,150,39,0.0
654,2,10,150,39,0.058087171966128066
655,2,10,150,39,0.11621678240839849
658,2,10,150,39,0.0
1,2,10,150,40,0.6549897028310896
2,2,10,150,40,0.1083188688865055
3,2,10,150,40,0.03098598178059488
4,2,10,150,40,0.06166887310869151
5,2,10,150,40,0.10358588477785384
6,2,10,150,40,0.22572579681270957
7,2,10,150,40,0.24582773259332774
8,2,10,150,40,0.0
9,2,10,150,40,0.0
10,2,10,150,40,0.14670791054652085
11,2,10,150,40,0.11667559726654976
12,2,10,150,40,0.0
13,2,10,150,40,0.35418004570599926
14,2,10,150,40,0.12939622934497527
15,2,10,150,40,0.0
16,2,10,150,40,0.2491367253726175
17,2,10,150,40,0.0
18,2,10,150,40,0.27782902334156623
19,2,10,150,40,0.0
20,2,10,150,40,0.0
21,2,10,150,40,0.0
22,2,10,150,40,0.0
23,2,10,150,40,0.22458123996460116
24,2,10,150,40,0.06058493677293348
25,2,10,150,40,0.0
26,2,10,150,40,0.11161048176369433
27,2,10,150,40,0.0
28,2,10,150,40,0.10854509048291378
29,2,10,150,40,0.0
30,2,10,150,40,0.0
31,2,10,150,40,0.046287481291184845
32,2,10,150,40,0.11781210270929884
33,2,10,150,40,0.0
34,2,10,150,40,0.0
35,2,10,150,40,0.0
36,2,10,150,40,0.0
37,2,10,150,40,0.0
38,2,10,150,40,0.0
39,2,10,150,40,0.15820890896021753
40,2,10,150,40,0.2212397779175911
41,2,10,150,40,0.0
42,2,10,150,40,0.15424228815612379
43,2,10,150,40,0.06627821466153516
44,2,10,150,40,0.1565413821318793
45,2,10,150,40,0.0
46,2,10,150,40,0.10684080426179023
47,2,10,150,40,0.0
48,2,10,150,40,0.08885395895208888
49,2,10,150,40,0.04407878495393109
50,2,10,150,40,0.0
51,2,10,150,40,0.07984133538066794
52,2,10,150,40,0.028947056565878558
53,2,10,150,40,0.12810519548676028
54,2,10,150,40,0.047934103497110726
55,2,10,150,40,0.0
56,2,10,150,40,0.20347053259194225
57,2,10,150,40,0.0524456916588361
58,2,10,150,40,0.0960140645718318
59,2,10,150,40,0.39562889848929916
60,2,10,150,40,0.2389727813573468
61,2,10,150,40,0.06416923277158361
62,2,10,150,40,0.20889886218038398
63,2,10,150,40,0.0763437499438357
64,2,10,150,40,0.05688647497208646
65,2,10,150,40,0.18154179097601578
66,2,10,150,40,0.09149933372035922
67,2,10,150,40,0.24630238874073
68,2,10,150,40,0.0
69,2,10,150,40,0.10495938403254562
70,2,10,150,40,0.03155184951131585
71,2,10,150,40,0.04416548762473651
72,2,10,150,40,0.2530421030801216
73,2,10,150,40,0.26386730550459286
74,2,10,150,40,0.17342765698823945
75,2,10,150,40,0.1387882935421242
76,2,10,150,40,0.1858487691177525
77,2,10,150,40,0.096890966577576
78,2,10,150,40,0.0
79,2,10,150,40,0.08508236880273473
80,2,10,150,40,0.1744476820873323
81,2,10,150,40,0.0
82,2,10,150,40,0.0
83,2,10,150,40,0.04762504494141611
84,2,10,150,40,0.029136604147144557
85,2,10,150,40,0.28921787010505023
86,2,10,150,40,0.0
87,2,10,150,40,0.17310960106359297
88,2,10,150,40,0.06294571929989644
89,2,10,150,40,0.1535313985783443
90,2,10,150,40,0.1286880729374139
91,2,10,150,40,0.025108308340262078
92,2,10,150,40,0.1422114568190475
93,2,10,150,40,0.0
94,2,10,150,40,0.3436408005582317
95,2,10,150,40,0.17128658675437924
96,2,10,150,40,0.07651920817549171
97,2,10,150,40,0.15194751309721466
98,2,10,150,40,0.0
99,2,10,150,40,0.08227650340095313
100,2,10,150,40,0.0
101,2,10,150,40,0.0
102,2,10,150,40,0.06595814129999522
103,2,10,150,40,0.0
104,2,10,150,40,0.0
105,2,10,150,40,0.0
106,2,10,150,40,0.0
107,2,10,150,40,0.0
108,2,10,150,40,0.04485361187694993
109,2,10,150,40,0.23419393816461676
110,2,10,150,40,0.03883106019841818
111,2,10,150,40,0.09077089626867633
112,2,10,150,40,0.0
113,2,10,150,40,0.178509607681865
114,2,10,150,40,0.0
115,2,10,150,40,0.1737092330727855
116,2,10,150,40,0.026497157492079246
117,2,10,150,40,0.0
118,2,10,150,40,0.11481215916390865
119,2,10,150,40,0.12488413998856722
120,2,10,150,40,0.361879195385413
121,2,10,150,40,0.060687603460036425
122,2,10,150,40,0.08041927109478651
123,2,10,150,40,0.12990556389377814
124,2,10,150,40,0.14739123024359468
125,2,10,150,40,0.1100447941516319
126,2,10,150,40,0.0
127,2,10,150,40,0.06462745615384195
128,2,10,150,40,0.03786422691924138
129,2,10,150,40,0.0
130,2,10,150,40,0.13242119643393563
131,2,10,150,40,0.2523931911073844
132,2,10,150,40,0.07667481399289292
133,2,10,150,40,0.0
134,2,10,150,40,0.0
135,2,10,150,40,0.0
136,2,10,150,40,0.03734555298506959
137,2,10,150,40,0.0
138,2,10,150,40,0.10332949630181452
139,2,10,150,40,0.0
140,2,10,150,40,0.0
141,2,10,150,40,0.08746509525553595
142,2,10,150,40,0.0
143,2,10,150,40,0.0
144,2,10,150,40,0.2119834969128366
145,2,10,150,40,0.12246781517210216
146,2,10,150,40,0.0
147,2,10,150,40,0.0
148,2,10,150,40,0.08790431357288034
149,2,10,150,40,0.10486881530019958
150,2,10,150,40,0.0
151,2,10,150,40,0.2259261367432563
152,2,10,150,40,0.02092089401958944
153,2,10,150,40,0.0
154,2,10,150,40,0.047978870624887156
155,2,10,150,40,0.0
156,2,10,150,40,0.06437746926759551
157,2,10,150,40,0.06857646087959317
158,2,10,150,40,0.14322216518687927
159,2,10,150,40,0.0
160,2,10,150,40,0.09926896187055606
161,2,10,150,40,0.0
162,2,10,150,40,0.0
163,2,10,150,40,0.0
164,2,10,150,40,0.0
165,2,10,150,40,0.0
166,2,10,150,40,0.0
167,2,10,150,40,0.040419659112753054
168,2,10,150,40,0.0
169,2,10,150,40,0.03870447337439288
170,2,10,150,40,0.0
171,2,10,150,40,0.0
172,2,10,150,40,0.0
173,2,10,150,40,0.0
174,2,10,150,40,0.2064261128162332
175,2,10,150,40,0.22732566419594713
176,2,10,150,40,0.0
177,2,10,150,40,0.29715079985975246
178,2,10,150,40,0.23017066721571686
179,2,10,150,40,0.054384419234677496
180,2,10,150,40,0.05459112561892713
181,2,10,150,40,0.05815574071701212
182,2,10,150,40,0.0
183,2,10,150,40,0.0
184,2,10,150,40,0.18231627707760178
185,2,10,150,40,0.0
186,2,10,150,40,0.030868393892711742
187,2,10,150,40,0.043599246064372175
188,2,10,150,40,0.26990485040471895
189,2,10,150,40,0.11717469882884815
190,2,10,150,40,0.0
191,2,10,150,40,0.0
192,2,10,150,40,0.0
193,2,10,150,40,0.0
194,2,10,150,40,0.11602920855745678
195,2,10,150,40,0.04606861224913365
196,2,10,150,40,0.04485361187694993
197,2,10,150,40,0.12309687790081901
198,2,10,150,40,0.0300543098763232
199,2,10,150,40,0.2529427027676571
200,2,10,150,40,0.25783062922633687
201,2,10,150,40,0.08532971245812969
202,2,10,150,40,0.27487633291429087
203,2,10,150,40,0.10238606821339166
204,2,10,150,40,0.0
205,2,10,150,40,0.1465996756793884
206,2,10,150,40,0.0
207,2,10,150,40,0.02436546370069305
208,2,10,150,40,0.05919139647768146
209,2,10,150,40,0.0
210,2,10,150,40,0.12196211992164398
211,2,10,150,40,0.0
212,2,10,150,40,0.11738002835756964
213,2,10,150,40,0.06272890313218925
214,2,10,150,40,0.18976833471018986
215,2,10,150,40,0.09278320127924934
216,2,10,150,40,0.12405025435650667
217,2,10,150,40,0.10298663607405599
218,2,10,150,40,0.1023482199458735
219,2,10,150,40,0.0
220,2,10,150,40,0.0
221,2,10,150,40,0.10144613070733857
222,2,10,150,40,0.11793699230807542
223,2,10,150,40,0.0
224,2,10,150,40,0.029996736818897345
225,2,10,150,40,0.0
226,2,10,150,40,0.07386039040058112
227,2,10,150,40,0.06711341307257644
228,2,10,150,40,0.0
229,2,10,150,40,0.0
230,2,10,150,40,0.24667220276083424
231,2,10,150,40,0.3903800499921017
232,2,10,150,40,0.06288558365907605
233,2,10,150,40,0.11278984802012952
234,2,10,150,40,0.09797242169628788
235,2,10,150,40,0.08400628493556295
236,2,10,150,40,0.08835143128659738
237,2,10,150,40,0.21822953849175877
238,2,10,150,40,0.0
239,2,10,150,40,0.04001055216995953
240,2,10,150,40,0.0
241,2,10,150,40,0.0
242,2,10,150,40,0.07673373981757839
243,2,10,150,40,0.23165732683700077
244,2,10,150,40,0.16723150849903148
245,2,10,150,40,0.0
246,2,10,150,40,0.12809994261644803
247,2,10,150,40,0.0
248,2,10,150,40,0.14176813152020928
249,2,10,150,40,0.22848701289731305
250,2,10,150,40,0.023835426911994775
251,2,10,150,40,0.10803826056443963
252,2,10,150,40,0.13120507751234178
253,2,10,150,40,0.1704602196779193
254,2,10,150,40,0.24382490984105015
255,2,10,150,40,0.0
256,2,10,150,40,0.29863547478509533
257,2,10,150,40,0.04759023790187059
258,2,10,150,40,0.0
259,2,10,150,40,0.0
260,2,10,150,40,0.0
261,2,10,150,40,0.0
262,2,10,150,40,0.05887472794707303
263,2,10,150,40,0.09340671208136468
264,2,10,150,40,0.07935123938715939
265,2,10,150,40,0.0
266,2,10,150,40,0.0
267,2,10,150,40,0.14872361999128303
268,2,10,150,40,0.1762632870809355
269,2,10,150,40,0.11276709604401018
270,2,10,150,40,0.08961610996238861
271,2,10,150,40,0.30521532197212053
272,2,10,150,40,0.3097554777859615
273,2,10,150,40,0.0
274,2,10,150,40,0.05829918151249392
275,2,10,150,40,0.04105877938688906
276,2,10,150,40,0.2957344623049803
277,2,10,150,40,0.0
278,2,10,150,40,0.0
279,2,10,150,40,0.26044388519456013
280,2,10,150,40,0.1051457975266484
281,2,10,150,40,0.05516788910004661
282,2,10,150,40,0.0
283,2,10,150,40,0.03337620304869898
284,2,10,150,40,0.0
285,2,10,150,40,0.15002687789384317
286,2,10,150,40,0.1262135751219607
287,2,10,150,40,0.0845667599404342
288,2,10,150,40,0.06730415016162657
289,2,10,150,40,0.06510475888148554
290,2,10,150,40,0.09449357188080848
291,2,10,150,40,0.24526310467076157
292,2,10,150,40,0.30455129475376963
293,2,10,150,40,0.15604736075898537
294,2,10,150,40,0.05942233668176323
295,2,10,150,40,0.10120386782313173
296,2,10,150,40,0.04780823114546271
297,2,10,150,40,0.06209903667647401
298,2,10,150,40,0.32133759346371743
299,2,10,150,40,0.04675917692353752
300,2,10,150,40,0.0
301,2,10,150,40,0.17804231414233598
302,2,10,150,40,0.0
303,2,10,150,40,0.4252137164665527
304,2,10,150,40,0.09811693595042764
305,2,10,150,40,0.1788255561640997
306,2,10,150,40,0.07286537763060504
307,2,10,150,40,0.1288139404283001
308,2,10,150,40,0.183861710035682
309,2,10,150,40,0.0
310,2,10,150,40,0.0
311,2,10,150,40,0.3443601451736193
312,2,10,150,40,0.1256644620968483
313,2,10,150,40,0.31753610368866725
314,2,10,150,40,0.1381617933975435
315,2,10,150,40,0.15734607654320276
316,2,10,150,40,0.029546401698350686
317,2,10,150,40,0.0
318,2,10,150,40,0.09407112165178848
319,2,10,150,40,0.0
320,2,10,150,40,0.046906196107935456
321,2,10,150,40,0.12530728980532893
322,2,10,150,40,0.35190394711189377
323,2,10,150,40,0.028361369701356044
324,2,10,150,40,0.04342547274117719
325,2,10,150,40,0.06453919279387746
326,2,10,150,40,0.10160703591230426
327,2,10,150,40,0.0
328,2,10,150,40,0.1891990157602615
329,2,10,150,40,0.0
330,2,10,150,40,0.059393896909481055
331,2,10,150,40,0.0
332,2,10,150,40,0.20224086042346553
333,2,10,150,40,0.05206745415870339
334,2,10,150,40,0.18067049425104303
335,2,10,150,40,0.0
336,2,10,150,40,0.1169354019909971
337,2,10,150,40,0.07596161868673496
338,2,10,150,40,0.07127723726551295
339,2,10,150,40,0.36412533625948057
340,2,10,150,40,0.17896552649342137
341,2,10,150,40,0.0
342,2,10,150,40,0.24215227118189833
343,2,10,150,40,0.3437848854214919
344,2,10,150,40,0.15999532127768631
345,2,10,150,40,0.10860899869781732
346,2,10,150,40,0.31760305396314237
347,2,10,150,40,0.17196738120873706
348,2,10,150,40,0.0
349,2,10,150,40,0.163169180413793
350,2,10,150,40,0.12301690328121011
351,2,10,150,40,0.057853568842374095
352,2,10,150,40,0.2470219007193075
353,2,10,150,40,0.0
354,2,10,150,40,0.13175230349854664
355,2,10,150,40,0.0
356,2,10,150,40,0.10061931714936387
357,2,10,150,40,0.08220038494336858
358,2,10,150,40,0.0
359,2,10,150,40,0.0
360,2,10,150,40,0.22728151171982378
361,2,10,150,40,0.06968832011819258
362,2,10,150,40,0.0
363,2,10,150,40,0.1852890101576761
364,2,10,150,40,0.0
365,2,10,150,40,0.0
366,2,10,150,40,0.050143326786652107
367,2,10,150,40,0.0
368,2,10,150,40,0.03597158591011401
369,2,10,150,40,0.21386152848601384
370,2,10,150,40,0.053207364364877524
371,2,10,150,40,0.06330961329622671
372,2,10,150,40,0.0536466452928127
373,2,10,150,40,0.1646108490655748
374,2,10,150,40,0.21020793601256338
375,2,10,150,40,0.1676614286651071
376,2,10,150,40,0.038925970325304815
377,2,10,150,40,0.3067552645565975
378,2,10,150,40,0.07367043873753637
379,2,10,150,40,0.24870935714423137
380,2,10,150,40,0.075135774690808
381,2,10,150,40,0.10887676543769782
382,2,10,150,40,0.11670077402731671
383,2,10,150,40,0.05181989685583115
384,2,10,150,40,0.0
385,2,10,150,40,0.2275015312166656
386,2,10,150,40,0.0
387,2,10,150,40,0.22303976147902477
388,2,10,150,40,0.0
389,2,10,150,40,0.3086990644381768
390,2,10,150,40,0.10466779365752882
391,2,10,150,40,0.12234969416362967
392,2,10,150,40,0.020971012282826156
393,2,10,150,40,0.0
394,2,10,150,40,0.20755425618511558
395,2,10,150,40,0.03571967640542795
396,2,10,150,40,0.08006506288147622
397,2,10,150,40,0.19945281121976402
398,2,10,150,40,0.12636847633503162
399,2,10,150,40,0.0300543098763232
400,2,10,150,40,0.0
401,2,10,150,40,0.0
402,2,10,150,40,0.15763555583548006
403,2,10,150,40,0.21342888353269066
404,2,10,150,40,0.0
405,2,10,150,40,0.2580080954291259
406,2,10,150,40,0.2812500750684603
407,2,10,150,40,0.11711360863287913
408,2,10,150,40,0.08490303813485527
409,2,10,150,40,0.15974755416984893
410,2,10,150,40,0.11529648288892078
411,2,10,150,40,0.13359023741301432
412,2,10,150,40,0.041062015509212284
413,2,10,150,40,0.19475935863737628
414,2,10,150,40,0.0
415,2,10,150,40,0.15582818336744758
416,2,10,150,40,0.5030151505732949
417,2,10,150,40,0.3543016871384293
418,2,10,150,40,0.05130633033097092
419,2,10,150,40,0.09817896789964464
420,2,10,150,40,0.13011860784218718
421,2,10,150,40,0.29129642073446305
422,2,10,150,40,0.0654076987556055
423,2,10,150,40,0.0
424,2,10,150,40,0.039270700903099615
425,2,10,150,40,0.07091581353880974
426,2,10,150,40,0.018374758489553857
427,2,10,150,40,0.0
428,2,10,150,40,0.02439117340892799
429,2,10,150,40,0.35463883024951853
430,2,10,150,40,0.1167173069431357
431,2,10,150,40,0.0
432,2,10,150,40,0.06668302137384614
433,2,10,150,40,0.07600659849685834
434,2,10,150,40,0.15952559008892425
435,2,10,150,40,0.4090151169492494
436,2,10,150,40,0.0645164293079207
437,2,10,150,40,0.3400155320841156
438,2,10,150,40,0.11342455428465782
439,2,10,150,40,0.0
440,2,10,150,40,0.032014847745354055
441,2,10,150,40,0.1731866333482261
442,2,10,150,40,0.0504283952942031
443,2,10,150,40,0.0
444,2,10,150,40,0.0796221118108625
445,2,10,150,40,0.017180673589335935
446,2,10,150,40,0.13356958453958645
447,2,10,150,40,0.0685468636916422
448,2,10,150,40,0.0
449,2,10,150,40,0.10848432672679821
450,2,10,150,40,0.5429082981447626
451,2,10,150,40,0.018025933358532354
452,2,10,150,40,0.24120342241302906
453,2,10,150,40,0.13251618901365542
454,2,10,150,40,0.0
455,2,10,150,40,0.12009861484749174
456,2,10,150,40,0.1222796131735234
457,2,10,150,40,0.5765833212906221
458,2,10,150,40,0.326993257935183
459,2,10,150,40,0.1942908594407416
460,2,10,150,40,0.07041837375515932
461,2,10,150,40,0.0
462,2,10,150,40,0.04010913675862143
463,2,10,150,40,0.2354982291356119
464,2,10,150,40,0.024240213052394943
465,2,10,150,40,0.111424762457249
466,2,10,150,40,0.12530205478011297
467,2,10,150,40,0.09300532025926726
468,2,10,150,40,0.2575952427372641
469,2,10,150,40,0.05651614765972419
470,2,10,150,40,0.02794110381151734
471,2,10,150,40,0.0
472,2,10,150,40,0.26896152319500366
473,2,10,150,40,0.2622744659873325
474,2,10,150,40,0.4993885935946676
475,2,10,150,40,0.07311683844390994
476,2,10,150,40,0.021791008948563714
477,2,10,150,40,0.07075576072108061
478,2,10,150,40,0.09275062774161875
479,2,10,150,40,0.2469730614146508
480,2,10,150,40,0.15920120556239784
481,2,10,150,40,0.048705796110663196
482,2,10,150,40,0.04290887548434951
483,2,10,150,40,0.0273055648695642
484,2,10,150,40,0.21254412721594024
485,2,10,150,40,0.0
486,2,10,150,40,0.026062931593510044
487,2,10,150,40,0.35097150693365065
488,2,10,150,40,0.0
489,2,10,150,40,0.0
490,2,10,150,40,0.11630686983226163
491,2,10,150,40,0.03859643636257609
492,2,10,150,40,0.1338895448360617
493,2,10,150,40,0.2034224491527741
494,2,10,150,40,0.06103968146247971
495,2,10,150,40,0.13282489637384956
496,2,10,150,40,0.02844323748604323
497,2,10,150,40,0.15151547025969853
498,2,10,150,40,0.07996124724994212
499,2,10,150,40,0.07592327120124845
500,2,10,150,40,0.21875801435096603
501,2,10,150,40,0.0
502,2,10,150,40,0.0
503,2,10,150,40,0.110690545801739
504,2,10,150,40,0.17653336076020057
505,2,10,150,40,0.05688647497208646
506,2,10,150,40,0.15674411918620917
507,2,10,150,40,0.0
508,2,10,150,40,0.16947309586017814
509,2,10,150,40,0.0
510,2,10,150,40,0.0
511,2,10,150,40,0.0
512,2,10,150,40,0.08364069030518707
513,2,10,150,40,0.0
514,2,10,150,40,0.1976209272223334
515,2,10,150,40,0.034743705427429224
516,2,10,150,40,0.1340330647732781
517,2,10,150,40,0.07931777113368761
518,2,10,150,40,0.1271756500386261
519,2,10,150,40,0.0
520,2,10,150,40,0.0
521,2,10,150,40,0.0
522,2,10,150,40,0.0559167101555819
523,2,10,150,40,0.18578459030067804
524,2,10,150,40,0.1333799463860469
525,2,10,150,40,0.0
526,2,10,150,40,0.0
527,2,10,150,40,0.3061803117815877
528,2,10,150,40,0.17766119401073668
529,2,10,150,40,0.0
530,2,10,150,40,0.03067046672709443
531,2,10,150,40,0.0
532,2,10,150,40,0.07131342273763758
533,2,10,150,40,0.04655727641446965
534,2,10,150,40,0.024909303741335254
535,2,10,150,40,0.23772433576373436
536,2,10,150,40,0.18447628746161585
537,2,10,150,40,0.4639259165600587
538,2,10,150,40,0.032394594743117074
539,2,10,150,40,0.07066252848762221
540,2,10,150,40,0.0
541,2,10,150,40,0.05024448181470198
542,2,10,150,40,0.08694078484840966
543,2,10,150,40,0.0450814648144848
544,2,10,150,40,0.0
545,2,10,150,40,0.06713987442717967
546,2,10,150,40,0.03314153504336938
547,2,10,150,40,0.04855455745827926
548,2,10,150,40,0.03883106019841818
549,2,10,150,40,0.0
550,2,10,150,40,0.0
551,2,10,150,40,0.2607360844793593
552,2,10,150,40,0.048059443651065493
553,2,10,150,40,0.11579410298816686
554,2,10,150,40,0.07041837375515932
555,2,10,150,40,0.0382580635535654
556,2,10,150,40,0.12950483456354783
557,2,10,150,40,0.04470486007704452
558,2,10,150,40,0.265053101293003
559,2,10,150,40,0.06127849629743466
560,2,10,150,40,0.028567598460307132
561,2,10,150,40,0.07352470230052803
562,2,10,150,40,0.07720150835011791
563,2,10,150,40,0.0
564,2,10,150,40,0.0
565,2,10,150,40,0.2420384859324969
566,2,10,150,40,0.019931843645524115
567,2,10,150,40,0.04359722747499328
568,2,10,150,40,0.0
569,2,10,150,40,0.17563954439010937
570,2,10,150,40,0.0
571,2,10,150,40,0.0
572,2,10,150,40,0.0
573,2,10,150,40,0.03246641181906899
574,2,10,150,40,0.05058854055353143
575,2,10,150,40,0.05154847002173459
576,2,10,150,40,0.0
577,2,10,150,40,0.0784247757209491
578,2,10,150,40,0.0
579,2,10,150,40,0.08297540479108526
580,2,10,150,40,0.18080124080515705
581,2,10,150,40,0.0
582,2,10,150,40,0.0
583,2,10,150,40,0.0
584,2,10,150,40,0.0
585,2,10,150,40,0.08668163308546498
586,2,10,150,40,0.10132509239867551
587,2,10,150,40,0.03459392809572638
588,2,10,150,40,0.037573347678695114
589,2,10,150,40,0.0
590,2,10,150,40,0.06139304560474655
591,2,10,150,40,0.0
592,2,10,150,40,0.3111669440983238
593,2,10,150,40,0.04586709436300111
594,2,10,150,40,0.0
595,2,10,150,40,0.0
596,2,10,150,40,0.0
597,2,10,150,40,0.0
598,2,10,150,40,0.0
599,2,10,150,40,0.0
600,2,10,150,40,0.0
601,2,10,150,40,0.03369782041898502
602,2,10,150,40,0.0
603,2,10,150,40,0.1435203717549576
604,2,10,150,40,0.0
605,2,10,150,40,0.19005508898031315
606,2,10,150,40,0.23204083039530643
607,2,10,150,40,0.08440880858250024
608,2,10,150,40,0.19142268890998523
609,2,10,150,40,0.0
610,2,10,150,40,0.1629867900167321
611,2,10,150,40,0.0
612,2,10,150,40,0.15130120674940672
613,2,10,150,40,0.0
614,2,10,150,40,0.0
615,2,10,150,40,0.09083374831253048
616,2,10,150,40,0.0
617,2,10,150,40,0.044257815106106525
618,2,10,150,40,0.18766481803906507
619,2,10,150,40,0.05319635904163211
620,2,10,150,40,0.030870735913721987
621,2,10,150,40,0.06335388063984314
622,2,10,150,40,0.12980296240199146
623,2,10,150,40,0.0
624,2,10,150,40,0.0536466452928127
625,2,10,150,40,0.0
626,2,10,150,40,0.0
627,2,10,150,40,0.0
628,2,10,150,40,0.0
629,2,10,150,40,0.19451610919980286
630,2,10,150,40,0.0
631,2,10,150,40,0.0
632,2,10,150,40,0.13439570003165963
633,2,10,150,40,0.07667481399289292
634,2,10,150,40,0.030975021478781034
635,2,10,150,40,0.0
636,2,10,150,40,0.0
637,2,10,150,40,0.0
638,2,10,150,40,0.0
639,2,10,150,40,0.0
640,2,10,150,40,0.0
642,2,10,150,40,0.09386986030444722
643,2,10,150,40,0.0
644,2,10,150,40,0.0
645,2,10,150,40,0.09759501249802542
647,2,10,150,40,0.0
648,2,10,150,40,0.18159464350583557
649,2,10,150,40,1.0
650,2,10,150,40,0.0
651,2,10,150,40,0.0
653,2,10,150,40,0.0
654,2,10,150,40,0.058087171966128066
655,2,10,150,40,0.11621678240839849
658,2,10,150,40,0.0
1,2,10,150,41,0.6442179742177578
2,2,10,150,41,0.1083188688865055
3,2,10,150,41,0.03098598178059488
4,2,10,150,41,0.06166887310869151
5,2,10,150,41,0.10188234801357185
6,2,10,150,41,0.22201359032490528
7,2,10,150,41,0.24178493679107238
8,2,10,150,41,0.0
9,2,10,150,41,0.0
10,2,10,150,41,0.16074084995880036
11,2,10,150,41,0.11475679172789571
12,2,10,150,41,0.0
13,2,10,150,41,0.364800971883404
14,2,10,150,41,0.12939622934497527
15,2,10,150,41,0.0
16,2,10,150,41,0.2491367253726175
17,2,10,150,41,0.0
18,2,10,150,41,0.2732599456485782
19,2,10,150,41,0.0
20,2,10,150,41,0.0
21,2,10,150,41,0.0
22,2,10,150,41,0.0
23,2,10,150,41,0.22088785645324532
24,2,10,150,41,0.06058493677293348
25,2,10,150,41,0.0
26,2,10,150,41,0.11161048176369433
27,2,10,150,41,0.0
28,2,10,150,41,0.10854509048291378
29,2,10,150,41,0.0
30,2,10,150,41,0.0
31,2,10,150,41,0.046287481291184845
32,2,10,150,41,0.11781210270929884
33,2,10,150,41,0.0
34,2,10,150,41,0.07239559903187814
35,2,10,150,41,0.0
36,2,10,150,41,0.0
37,2,10,150,41,0.0
38,2,10,150,41,0.0
39,2,10,150,41,0.15820890896021753
40,2,10,150,41,0.2212397779175911
41,2,10,150,41,0.0
42,2,10,150,41,0.15424228815612379
43,2,10,150,41,0.0651882266232128
44,2,10,150,41,0.1565413821318793
45,2,10,150,41,0.0
46,2,10,150,41,0.10684080426179023
47,2,10,150,41,0.0
48,2,10,150,41,0.08885395895208888
49,2,10,150,41,0.04407878495393109
50,2,10,150,41,0.0
51,2,10,150,41,0.07984133538066794
52,2,10,150,41,0.028947056565878558
53,2,10,150,41,0.12810519548676028
54,2,10,150,41,0.047934103497110726
55,2,10,150,41,0.0
56,2,10,150,41,0.20347053259194225
57,2,10,150,41,0.0524456916588361
58,2,10,150,41,0.0960140645718318
59,2,10,150,41,0.40556817151767593
60,2,10,150,41,0.2350427196546543
61,2,10,150,41,0.06416923277158361
62,2,10,150,41,0.20546338549836174
63,2,10,150,41,0.0763437499438357
64,2,10,150,41,0.055950940157539264
65,2,10,150,41,0.18154179097601578
66,2,10,150,41,0.12995427111679475
67,2,10,150,41,0.24630238874073
68,2,10,150,41,0.04358896759704514
69,2,10,150,41,0.10495938403254562
70,2,10,150,41,0.03155184951131585
71,2,10,150,41,0.04416548762473651
72,2,10,150,41,0.2530421030801216
73,2,10,150,41,0.26386730550459286
74,2,10,150,41,0.17342765698823945
75,2,10,150,41,0.1387882935421242
76,2,10,150,41,0.1858487691177525
77,2,10,150,41,0.096890966577576
78,2,10,150,41,0.0
79,2,10,150,41,0.08508236880273473
80,2,10,150,41,0.1744476820873323
81,2,10,150,41,0.0
82,2,10,150,41,0.0
83,2,10,150,41,0.046841820324159865
84,2,10,150,41,0.029136604147144557
85,2,10,150,41,0.2844614954728511
86,2,10,150,41,0.0
87,2,10,150,41,0.1867083476268035
88,2,10,150,41,0.06294571929989644
89,2,10,150,41,0.1535313985783443
90,2,10,150,41,0.12657171447946738
91,2,10,150,41,0.025108308340262078
92,2,10,150,41,0.13987269758063492
93,2,10,150,41,0.0
94,2,10,150,41,0.33798940569189756
95,2,10,150,41,0.16846966822932896
96,2,10,150,41,0.07651920817549171
97,2,10,150,41,0.15194751309721466
98,2,10,150,41,0.0
99,2,10,150,41,0.08227650340095313
100,2,10,150,41,0.0
101,2,10,150,41,0.0
102,2,10,150,41,0.06487341707478621
103,2,10,150,41,0.0
104,2,10,150,41,0.0
105,2,10,150,41,0.0
106,2,10,150,41,0.0
107,2,10,150,41,0.0
108,2,10,150,41,0.04485361187694993
109,2,10,150,41,0.23034246762409866
110,2,10,150,41,0.03819245833885097
111,2,10,150,41,0.09077089626867633
112,2,10,150,41,0.0
113,2,10,150,41,0.178509607681865
114,2,10,150,41,0.0
115,2,10,150,41,0.1737092330727855
116,2,10,150,41,0.026497157492079246
117,2,10,150,41,0.0
118,2,10,150,41,0.11481215916390865
119,2,10,150,41,0.13927598540006136
120,2,10,150,41,0.361879195385413
121,2,10,150,41,0.08886612137430887
122,2,10,150,41,0.11504775274472687
123,2,10,150,41,0.12990556389377814
124,2,10,150,41,0.14739123024359468
125,2,10,150,41,0.10823503645194937
126,2,10,150,41,0.0
127,2,10,150,41,0.06462745615384195
128,2,10,150,41,0.03724152525726905
129,2,10,150,41,0.0
130,2,10,150,41,0.13024344434947746
131,2,10,150,41,0.2523931911073844
132,2,10,150,41,0.07667481399289292
133,2,10,150,41,0.0
134,2,10,150,41,0.0
135,2,10,150,41,0.0
136,2,10,150,41,0.03734555298506959
137,2,10,150,41,0.0
138,2,10,150,41,0.10332949630181452
139,2,10,150,41,0.0
140,2,10,150,41,0.0
141,2,10,150,41,0.08746509525553595
142,2,10,150,41,0.0
143,2,10,150,41,0.0
144,2,10,150,41,0.20849729142078022
145,2,10,150,41,0.12045375286974906
146,2,10,150,41,0.0
147,2,10,150,41,0.0
148,2,10,150,41,0.08790431357288034
149,2,10,150,41,0.10486881530019958
150,2,10,150,41,0.0
151,2,10,150,41,0.22221063553592751
152,2,10,150,41,0.02092089401958944
153,2,10,150,41,0.0
154,2,10,150,41,0.047978870624887156
155,2,10,150,41,0.0
156,2,10,150,41,0.06437746926759551
157,2,10,150,41,0.06857646087959317
158,2,10,150,41,0.14322216518687927
159,2,10,150,41,0.0
160,2,10,150,41,0.09926896187055606
161,2,10,150,41,0.0
162,2,10,150,41,0.0
163,2,10,150,41,0.0
164,2,10,150,41,0.0
165,2,10,150,41,0.0
166,2,10,150,41,0.0
167,2,10,150,41,0.040419659112753054
168,2,10,150,41,0.0
169,2,10,150,41,0.03870447337439288
170,2,10,150,41,0.0
171,2,10,150,41,0.0
172,2,10,150,41,0.0
173,2,10,150,41,0.0
174,2,10,150,41,0.2030313020942471
175,2,10,150,41,0.22732566419594713
176,2,10,150,41,0.0
177,2,10,150,41,0.29715079985975246
178,2,10,150,41,0.22638536196392334
179,2,10,150,41,0.054384419234677496
180,2,10,150,41,0.05459112561892713
181,2,10,150,41,0.05719933200767935
182,2,10,150,41,0.0
183,2,10,150,41,0.0
184,2,10,150,41,0.17931796817292062
185,2,10,150,41,0.0
186,2,10,150,41,0.030868393892711742
187,2,10,150,41,0.043599246064372175
188,2,10,150,41,0.26990485040471895
189,2,10,150,41,0.11524768524271438
190,2,10,150,41,0.0
191,2,10,150,41,0.0
192,2,10,150,41,0.0
193,2,10,150,41,0.0
194,2,10,150,41,0.11412103329852008
195,2,10,150,41,0.04606861224913365
196,2,10,150,41,0.04485361187694993
197,2,10,150,41,0.12309687790081901
198,2,10,150,41,0.02956004734326439
199,2,10,150,41,0.2529427027676571
200,2,10,150,41,0.2535904380382521
201,2,10,150,41,0.0839264102363089
202,2,10,150,41,0.27487633291429087
203,2,10,150,41,0.10238606821339166
204,2,10,150,41,0.0
205,2,10,150,41,0.1465996756793884
206,2,10,150,41,0.0
207,2,10,150,41,0.0239647579164839
208,2,10,150,41,0.05919139647768146
209,2,10,150,41,0.0
210,2,10,150,41,0.12196211992164398
211,2,10,150,41,0.0
212,2,10,150,41,0.11738002835756964
213,2,10,150,41,0.06272890313218925
214,2,10,150,41,0.18976833471018986
215,2,10,150,41,0.09278320127924934
216,2,10,150,41,0.12405025435650667
217,2,10,150,41,0.10298663607405599
218,2,10,150,41,0.1023482199458735
219,2,10,150,41,0.0
220,2,10,150,41,0.0
221,2,10,150,41,0.10144613070733857
222,2,10,150,41,0.11599744231343559
223,2,10,150,41,0.0
224,2,10,150,41,0.029996736818897345
225,2,10,150,41,0.0
226,2,10,150,41,0.07386039040058112
227,2,10,150,41,0.06711341307257644
228,2,10,150,41,0.0
229,2,10,150,41,0.0
230,2,10,150,41,0.24667220276083424
231,2,10,150,41,0.3903800499921017
232,2,10,150,41,0.06288558365907605
233,2,10,150,41,0.11278984802012952
234,2,10,150,41,0.0963612019571961
235,2,10,150,41,0.08400628493556295
236,2,10,150,41,0.08835143128659738
237,2,10,150,41,0.21822953849175877
238,2,10,150,41,0.0
239,2,10,150,41,0.04001055216995953
240,2,10,150,41,0.0
241,2,10,150,41,0.0
242,2,10,150,41,0.07673373981757839
243,2,10,150,41,0.23165732683700077
244,2,10,150,41,0.16448127835439944
245,2,10,150,41,0.0
246,2,10,150,41,0.12599325634140657
247,2,10,150,41,0.0
248,2,10,150,41,0.14176813152020928
249,2,10,150,41,0.22472939642798148
250,2,10,150,41,0.023835426911994775
251,2,10,150,41,0.10803826056443963
252,2,10,150,41,0.13120507751234178
253,2,10,150,41,0.1704602196779193
254,2,10,150,41,0.2398150517522503
255,2,10,150,41,0.0
256,2,10,150,41,0.2937242215626487
257,2,10,150,41,0.04759023790187059
258,2,10,150,41,0.0
259,2,10,150,41,0.0
260,2,10,150,41,0.0
261,2,10,150,41,0.0
262,2,10,150,41,0.05887472794707303
263,2,10,150,41,0.09340671208136468
264,2,10,150,41,0.07935123938715939
265,2,10,150,41,0.0
266,2,10,150,41,0.0
267,2,10,150,41,0.1462777640243664
268,2,10,150,41,0.17336452350538162
269,2,10,150,41,0.11091256833181981
270,2,10,150,41,0.08961610996238861
271,2,10,150,41,0.3001958589138407
272,2,10,150,41,0.3097554777859615
273,2,10,150,41,0.0
274,2,10,150,41,0.05829918151249392
275,2,10,150,41,0.04105877938688906
276,2,10,150,41,0.2908709181060567
277,2,10,150,41,0.0
278,2,10,150,41,0.0
279,2,10,150,41,0.25616071732460505
280,2,10,150,41,0.10341660698992104
281,2,10,150,41,0.05516788910004661
282,2,10,150,41,0.0
283,2,10,150,41,0.03337620304869898
284,2,10,150,41,0.0
285,2,10,150,41,0.15002687789384317
286,2,10,150,41,0.12413791137846103
287,2,10,150,41,0.0845667599404342
288,2,10,150,41,0.06730415016162657
289,2,10,150,41,0.06510475888148554
290,2,10,150,41,0.09449357188080848
291,2,10,150,41,0.24122959453929324
292,2,10,150,41,0.32796947465095533
293,2,10,150,41,0.15348106114594254
294,2,10,150,41,0.05942233668176323
295,2,10,150,41,0.11598515060158504
296,2,10,150,41,0.04780823114546271
297,2,10,150,41,0.061077777918760665
298,2,10,150,41,0.32133759346371743
299,2,10,150,41,0.045990192064957226
300,2,10,150,41,0.0
301,2,10,150,41,0.17511429331797598
302,2,10,150,41,0.0
303,2,10,150,41,0.41822080232355724
304,2,10,150,41,0.09811693595042764
305,2,10,150,41,0.17588465441892442
306,2,10,150,41,0.07286537763060504
307,2,10,150,41,0.1288139404283001
308,2,10,150,41,0.18083798548806387
309,2,10,150,41,0.0
310,2,10,150,41,0.0
311,2,10,150,41,0.33869692022057857
312,2,10,150,41,0.12359782887162851
313,2,10,150,41,0.31231401741908943
314,2,10,150,41,0.13588963348911004
315,2,10,150,41,0.15734607654320276
316,2,10,150,41,0.029546401698350686
317,2,10,150,41,0.0
318,2,10,150,41,0.09252406131113745
319,2,10,150,41,0.0
320,2,10,150,41,0.046134793423932195
321,2,10,150,41,0.12530728980532893
322,2,10,150,41,0.35190394711189377
323,2,10,150,41,0.028361369701356044
324,2,10,150,41,0.04342547274117719
325,2,10,150,41,0.06453919279387746
326,2,10,150,41,0.09993604259542972
327,2,10,150,41,0.0
328,2,10,150,41,0.18608751577351348
329,2,10,150,41,0.0
330,2,10,150,41,0.058417125922041395
331,2,10,150,41,0.027221482874630852
332,2,10,150,41,0.19891487887964565
333,2,10,150,41,0.05206745415870339
334,2,10,150,41,0.17769925130768546
335,2,10,150,41,0.0
336,2,10,150,41,0.11501232379588432
337,2,10,150,41,0.07596161868673496
338,2,10,150,41,0.07127723726551295
339,2,10,150,41,0.35813705997594214
340,2,10,150,41,0.17896552649342137
341,2,10,150,41,0.0
342,2,10,150,41,0.2381699207159308
343,2,10,150,41,0.33813112098654075
344,2,10,150,41,0.15736409490457415
345,2,10,150,41,0.10682285358151723
346,2,10,150,41,0.31237986665306866
347,2,10,150,41,0.16913926657927153
348,2,10,150,41,0.0
349,2,10,150,41,0.163169180413793
350,2,10,150,41,0.12301690328121011
351,2,10,150,41,0.057853568842374095
352,2,10,150,41,0.2470219007193075
353,2,10,150,41,0.0
354,2,10,150,41,0.12958555179033904
355,2,10,150,41,0.0
356,2,10,150,41,0.10061931714936387
357,2,10,150,41,0.08220038494336858
358,2,10,150,41,0.0
359,2,10,150,41,0.0
360,2,10,150,41,0.22728151171982378
361,2,10,150,41,0.06854225069360845
362,2,10,150,41,0.04690797720830594
363,2,10,150,41,0.19868745847365443
364,2,10,150,41,0.0
365,2,10,150,41,0.0
366,2,10,150,41,0.050143326786652107
367,2,10,150,41,0.0
368,2,10,150,41,0.03597158591011401
369,2,10,150,41,0.21386152848601384
370,2,10,150,41,0.053207364364877524
371,2,10,150,41,0.06330961329622671
372,2,10,150,41,0.0536466452928127
373,2,10,150,41,0.16190371735757947
374,2,10,150,41,0.20675093076605516
375,2,10,150,41,0.1676614286651071
376,2,10,150,41,0.038925970325304815
377,2,10,150,41,0.3067552645565975
378,2,10,150,41,0.07245888080086073
379,2,10,150,41,0.26106481690122973
380,2,10,150,41,0.07390011835816097
381,2,10,150,41,0.10708621672445384
382,2,10,150,41,0.11670077402731671
383,2,10,150,41,0.05181989685583115
384,2,10,150,41,0.0
385,2,10,150,41,0.22376012162993306
386,2,10,150,41,0.0
387,2,10,150,41,0.219371728576752
388,2,10,150,41,0.0
389,2,10,150,41,0.30362230898546555
390,2,10,150,41,0.10466779365752882
391,2,10,150,41,0.12033757443753586
392,2,10,150,41,0.020971012282826156
393,2,10,150,41,0.0
394,2,10,150,41,0.22058653815270707
395,2,10,150,41,0.03571967640542795
396,2,10,150,41,0.08006506288147622
397,2,10,150,41,0.19945281121976402
398,2,10,150,41,0.12429026514105776
399,2,10,150,41,0.02956004734326439
400,2,10,150,41,0.0
401,2,10,150,41,0.0
402,2,10,150,41,0.15763555583548006
403,2,10,150,41,0.21342888353269066
404,2,10,150,41,0.0
405,2,10,150,41,0.25376498569474
406,2,10,150,41,0.29307038170648947
407,2,10,150,41,0.1151875997144662
408,2,10,150,41,0.08490303813485527
409,2,10,150,41,0.1735660482225786
410,2,10,150,41,0.11529648288892078
411,2,10,150,41,0.13359023741301432
412,2,10,150,41,0.041062015509212284
413,2,10,150,41,0.19475935863737628
414,2,10,150,41,0.04690797720830594
415,2,10,150,41,0.15582818336744758
416,2,10,150,41,0.5111883873430072
417,2,10,150,41,0.3484749671081681
418,2,10,150,41,0.05130633033097092
419,2,10,150,41,0.09817896789964464
420,2,10,150,41,0.13011860784218718
421,2,10,150,41,0.29129642073446305
422,2,10,150,41,0.0654076987556055
423,2,10,150,41,0.0
424,2,10,150,41,0.039270700903099615
425,2,10,150,41,0.06974955719228716
426,2,10,150,41,0.018072573720954478
427,2,10,150,41,0.0
428,2,10,150,41,0.02439117340892799
429,2,10,150,41,0.34880656568309015
430,2,10,150,41,0.1167173069431357
431,2,10,150,41,0.0
432,2,10,150,41,0.06668302137384614
433,2,10,150,41,0.07600659849685834
434,2,10,150,41,0.1877041080031967
435,2,10,150,41,0.402288599235331
436,2,10,150,41,0.06345541496738634
437,2,10,150,41,0.3344237570988038
438,2,10,150,41,0.11342455428465782
439,2,10,150,41,0.0
440,2,10,150,41,0.032014847745354055
441,2,10,150,41,0.1731866333482261
442,2,10,150,41,0.0495990677701717
443,2,10,150,41,0.0
444,2,10,150,41,0.0796221118108625
445,2,10,150,41,0.01689812631798396
446,2,10,150,41,0.13356958453958645
447,2,10,150,41,0.06741956625507192
448,2,10,150,41,0.0
449,2,10,150,41,0.10848432672679821
450,2,10,150,41,0.5339798206064686
451,2,10,150,41,0.035032770855337264
452,2,10,150,41,0.23723667637777118
453,2,10,150,41,0.13033687471488364
454,2,10,150,41,0.0
455,2,10,150,41,0.11812351557435423
456,2,10,150,41,0.1202686459745657
457,2,10,150,41,0.5835466819872892
458,2,10,150,41,0.32161564265719855
459,2,10,150,41,0.19109562079668255
460,2,10,150,41,0.07041837375515932
461,2,10,150,41,0.0
462,2,10,150,41,0.04010913675862143
463,2,10,150,41,0.23162530868784845
464,2,10,150,41,0.024240213052394943
465,2,10,150,41,0.1095923102876857
466,2,10,150,41,0.12324138157723626
467,2,10,150,41,0.09300532025926726
468,2,10,150,41,0.25335892263198956
469,2,10,150,41,0.05651614765972419
470,2,10,150,41,0.02794110381151734
471,2,10,150,41,0.0
472,2,10,150,41,0.26453827726798784
473,2,10,150,41,0.2622744659873325
474,2,10,150,41,0.5076214714356908
475,2,10,150,41,0.07311683844390994
476,2,10,150,41,0.021791008948563714
477,2,10,150,41,0.07075576072108061
478,2,10,150,41,0.09122528377601061
479,2,10,150,41,0.242911429940349
480,2,10,150,41,0.15920120556239784
481,2,10,150,41,0.048705796110663196
482,2,10,150,41,0.04290887548434951
483,2,10,150,41,0.0273055648695642
484,2,10,150,41,0.2090487017965303
485,2,10,150,41,0.0
486,2,10,150,41,0.025634309853687795
487,2,10,150,41,0.3616451996030349
488,2,10,150,41,0.0
489,2,10,150,41,0.0
490,2,10,150,41,0.11630686983226163
491,2,10,150,41,0.03859643636257609
492,2,10,150,41,0.1338895448360617
493,2,10,150,41,0.20007703561930665
494,2,10,150,41,0.06103968146247971
495,2,10,150,41,0.130640505183196
496,2,10,150,41,0.027975470078769632
497,2,10,150,41,0.14902370051232022
498,2,10,150,41,0.07864623290507995
499,2,10,150,41,0.07592327120124845
500,2,10,150,41,0.21516039754509142
501,2,10,150,41,0.0
502,2,10,150,41,0.0
503,2,10,150,41,0.10887016829918553
504,2,10,150,41,0.17363015564859496
505,2,10,150,41,0.05688647497208646
506,2,10,150,41,0.15416636093090882
507,2,10,150,41,0.0
508,2,10,150,41,0.16947309586017814
509,2,10,150,41,0.0
510,2,10,150,41,0.0
511,2,10,150,41,0.0
512,2,10,150,41,0.08364069030518707
513,2,10,150,41,0.0
514,2,10,150,41,0.19437092346326224
515,2,10,150,41,0.034743705427429224
516,2,10,150,41,0.1340330647732781
517,2,10,150,41,0.07931777113368761
518,2,10,150,41,0.1271756500386261
519,2,10,150,41,0.0
520,2,10,150,41,0.0
521,2,10,150,41,0.0
522,2,10,150,41,0.0559167101555819
523,2,10,150,41,0.18578459030067804
524,2,10,150,41,0.13118642703952713
525,2,10,150,41,0.0
526,2,10,150,41,0.0
527,2,10,150,41,0.3175906245785241
528,2,10,150,41,0.17766119401073668
529,2,10,150,41,0.0
530,2,10,150,41,0.03067046672709443
531,2,10,150,41,0.0
532,2,10,150,41,0.0701406274510898
533,2,10,150,41,0.04579161194013536
534,2,10,150,41,0.024909303741335254
535,2,10,150,41,0.2338148055549948
536,2,10,150,41,0.1814424557913736
537,2,10,150,41,0.45629635528867357
538,2,10,150,41,0.032394594743117074
539,2,10,150,41,0.07066252848762221
540,2,10,150,41,0.0
541,2,10,150,41,0.05024448181470198
542,2,10,150,41,0.08551098750080366
543,2,10,150,41,0.04434007101489659
544,2,10,150,41,0.0
545,2,10,150,41,0.06603571583760677
546,2,10,150,41,0.03314153504336938
547,2,10,150,41,0.04855455745827926
548,2,10,150,41,0.03883106019841818
549,2,10,150,41,0.0
550,2,10,150,41,0.0
551,2,10,150,41,0.2564481112034822
552,2,10,150,41,0.048059443651065493
553,2,10,150,41,0.11579410298816686
554,2,10,150,41,0.07041837375515932
555,2,10,150,41,0.0382580635535654
556,2,10,150,41,0.12950483456354783
557,2,10,150,41,0.04470486007704452
558,2,10,150,41,0.265053101293003
559,2,10,150,41,0.06127849629743466
560,2,10,150,41,0.028567598460307132
561,2,10,150,41,0.07231554109366622
562,2,10,150,41,0.07720150835011791
563,2,10,150,41,0.0
564,2,10,150,41,0.0
565,2,10,150,41,0.2420384859324969
566,2,10,150,41,0.019604051606069237
567,2,10,150,41,0.04359722747499328
568,2,10,150,41,0.0
569,2,10,150,41,0.17563954439010937
570,2,10,150,41,0.0
571,2,10,150,41,0.0
572,2,10,150,41,0.0
573,2,10,150,41,0.03246641181906899
574,2,10,150,41,0.05058854055353143
575,2,10,150,41,0.05154847002173459
576,2,10,150,41,0.0
577,2,10,150,41,0.0784247757209491
578,2,10,150,41,0.0
579,2,10,150,41,0.08297540479108526
580,2,10,150,41,0.18080124080515705
581,2,10,150,41,0.0
582,2,10,150,41,0.0
583,2,10,150,41,0.0
584,2,10,150,41,0.0
585,2,10,150,41,0.08668163308546498
586,2,10,150,41,0.10132509239867551
587,2,10,150,41,0.03459392809572638
588,2,10,150,41,0.037573347678695114
589,2,10,150,41,0.0
590,2,10,150,41,0.06139304560474655
591,2,10,150,41,0.0
592,2,10,150,41,0.32249524850676464
593,2,10,150,41,0.04586709436300111
594,2,10,150,41,0.0
595,2,10,150,41,0.0
596,2,10,150,41,0.0
597,2,10,150,41,0.0
598,2,10,150,41,0.0
599,2,10,150,41,0.0
600,2,10,150,41,0.0
601,2,10,150,41,0.03369782041898502
602,2,10,150,41,0.0
603,2,10,150,41,0.1435203717549576
604,2,10,150,41,0.0
605,2,10,150,41,0.19005508898031315
606,2,10,150,41,0.23204083039530643
607,2,10,150,41,0.08440880858250024
608,2,10,150,41,0.19142268890998523
609,2,10,150,41,0.0
610,2,10,150,41,0.1629867900167321
611,2,10,150,41,0.0
612,2,10,150,41,0.15130120674940672
613,2,10,150,41,0.0
614,2,10,150,41,0.0
615,2,10,150,41,0.09083374831253048
616,2,10,150,41,0.0
617,2,10,150,41,0.044257815106106525
618,2,10,150,41,0.18766481803906507
619,2,10,150,41,0.05319635904163211
620,2,10,150,41,0.05809221878835284
621,2,10,150,41,0.06335388063984314
622,2,10,150,41,0.12980296240199146
623,2,10,150,41,0.0
624,2,10,150,41,0.0536466452928127
625,2,10,150,41,0.0
626,2,10,150,41,0.0
627,2,10,150,41,0.0
628,2,10,150,41,0.0
629,2,10,150,41,0.19451610919980286
630,2,10,150,41,0.0
631,2,10,150,41,0.0
632,2,10,150,41,0.13439570003165963
633,2,10,150,41,0.07667481399289292
634,2,10,150,41,0.030975021478781034
635,2,10,150,41,0.0
636,2,10,150,41,0.0
637,2,10,150,41,0.0
638,2,10,150,41,0.0
639,2,10,150,41,0.0
640,2,10,150,41,0.0
642,2,10,150,41,0.09386986030444722
643,2,10,150,41,0.0
644,2,10,150,41,0.0
645,2,10,150,41,0.09759501249802542
647,2,10,150,41,0.0
648,2,10,150,41,0.18159464350583557
649,2,10,150,41,1.0
650,2,10,150,41,0.0
651,2,10,150,41,0.0
653,2,10,150,41,0.0
654,2,10,150,41,0.058087171966128066
655,2,10,150,41,0.11621678240839849
658,2,10,150,41,0.0
1,2,10,150,42,0.6338589692736412
2,2,10,150,42,0.1083188688865055
3,2,10,150,42,0.03098598178059488
4,2,10,150,42,0.06166887310869151
5,2,10,150,42,0.1002440830333494
6,2,10,150,42,0.2184436187129996
7,2,10,150,42,0.23789704254429525
8,2,10,150,42,0.0
9,2,10,150,42,0.0
10,2,10,150,42,0.15815614210201231
11,2,10,150,42,0.11291150609406395
12,2,10,150,42,0.0
13,2,10,150,42,0.3750149524553489
14,2,10,150,42,0.12939622934497527
15,2,10,150,42,0.0
16,2,10,150,42,0.2491367253726175
17,2,10,150,42,0.0
18,2,10,150,42,0.26886593424049876
19,2,10,150,42,0.0
20,2,10,150,42,0.0
21,2,10,150,42,0.0
22,2,10,150,42,0.0
23,2,10,150,42,0.217335986606905
24,2,10,150,42,0.06058493677293348
25,2,10,150,42,0.0
26,2,10,150,42,0.11161048176369433
27,2,10,150,42,0.0
28,2,10,150,42,0.10854509048291378
29,2,10,150,42,0.0
30,2,10,150,42,0.0
31,2,10,150,42,0.046287481291184845
32,2,10,150,42,0.11781210270929884
33,2,10,150,42,0.0
34,2,10,150,42,0.07239559903187814
35,2,10,150,42,0.0
36,2,10,150,42,0.0
37,2,10,150,42,0.0
38,2,10,150,42,0.0
39,2,10,150,42,0.15820890896021753
40,2,10,150,42,0.2212397779175911
41,2,10,150,42,0.0
42,2,10,150,42,0.15424228815612379
43,2,10,150,42,0.06414000197113287
44,2,10,150,42,0.1565413821318793
45,2,10,150,42,0.0
46,2,10,150,42,0.10684080426179023
47,2,10,150,42,0.0
48,2,10,150,42,0.11590514112147128
49,2,10,150,42,0.04407878495393109
50,2,10,150,42,0.0
51,2,10,150,42,0.07984133538066794
52,2,10,150,42,0.028947056565878558
53,2,10,150,42,0.12810519548676028
54,2,10,150,42,0.047934103497110726
55,2,10,150,42,0.0
56,2,10,150,42,0.20347053259194225
57,2,10,150,42,0.0524456916588361
58,2,10,150,42,0.0960140645718318
59,2,10,150,42,0.4151266167902806
60,2,10,150,42,0.23126324004926507
61,2,10,150,42,0.06416923277158361
62,2,10,150,42,0.20215954066417052
63,2,10,150,42,0.0763437499438357
64,2,10,150,42,0.055051250783886355
65,2,10,150,42,0.18154179097601578
66,2,10,150,42,0.12995427111679475
67,2,10,150,42,0.24630238874073
68,2,10,150,42,0.04358896759704514
69,2,10,150,42,0.10495938403254562
70,2,10,150,42,0.03155184951131585
71,2,10,150,42,0.04416548762473651
72,2,10,150,42,0.2530421030801216
73,2,10,150,42,0.26386730550459286
74,2,10,150,42,0.17342765698823945
75,2,10,150,42,0.1387882935421242
76,2,10,150,42,0.21046795809065558
77,2,10,150,42,0.096890966577576
78,2,10,150,42,0.0
79,2,10,150,42,0.08508236880273473
80,2,10,150,42,0.1744476820873323
81,2,10,150,42,0.0
82,2,10,150,42,0.0
83,2,10,150,42,0.046841820324159865
84,2,10,150,42,0.029136604147144557
85,2,10,150,42,0.27988736349276755
86,2,10,150,42,0.0
87,2,10,150,42,0.1837060832169624
88,2,10,150,42,0.06294571929989644
89,2,10,150,42,0.1535313985783443
90,2,10,150,42,0.12453644525608037
91,2,10,150,42,0.025108308340262078
92,2,10,150,42,0.13762354896359408
93,2,10,150,42,0.0
94,2,10,150,42,0.3325545465840424
95,2,10,150,42,0.16576068121567045
96,2,10,150,42,0.07651920817549171
97,2,10,150,42,0.15194751309721466
98,2,10,150,42,0.0
99,2,10,150,42,0.08227650340095313
100,2,10,150,42,0.0
101,2,10,150,42,0.0
102,2,10,150,42,0.06383025455043184
103,2,10,150,42,0.0
104,2,10,150,42,0.0
105,2,10,150,42,0.0
106,2,10,150,42,0.0
107,2,10,150,42,0.0
108,2,10,150,42,0.04485361187694993
109,2,10,150,42,0.22663856792484638
110,2,10,150,42,0.037578324799282276
111,2,10,150,42,0.09077089626867633
112,2,10,150,42,0.0
113,2,10,150,42,0.178509607681865
114,2,10,150,42,0.0
115,2,10,150,42,0.1737092330727855
116,2,10,150,42,0.026497157492079246
117,2,10,150,42,0.0
118,2,10,150,42,0.11481215916390865
119,2,10,150,42,0.13703643189628367
120,2,10,150,42,0.361879195385413
121,2,10,150,42,0.08886612137430887
122,2,10,150,42,0.11504775274472687
123,2,10,150,42,0.12990556389377814
124,2,10,150,42,0.14739123024359468
125,2,10,150,42,0.10649462043966128
126,2,10,150,42,0.0
127,2,10,150,42,0.06462745615384195
128,2,10,150,42,0.03664268269201009
129,2,10,150,42,0.0
130,2,10,150,42,0.12814913382423437
131,2,10,150,42,0.2523931911073844
132,2,10,150,42,0.07667481399289292
133,2,10,150,42,0.0
134,2,10,150,42,0.0
135,2,10,150,42,0.0
136,2,10,150,42,0.03734555298506959
137,2,10,150,42,0.0
138,2,10,150,42,0.10332949630181452
139,2,10,150,42,0.0
140,2,10,150,42,0.0
141,2,10,150,42,0.08746509525553595
142,2,10,150,42,0.0
143,2,10,150,42,0.0
144,2,10,150,42,0.20514466147392824
145,2,10,150,42,0.11851686027833969
146,2,10,150,42,0.0
147,2,10,150,42,0.0
148,2,10,150,42,0.08790431357288034
149,2,10,150,42,0.10486881530019958
150,2,10,150,42,0.0
151,2,10,150,42,0.21863749544317082
152,2,10,150,42,0.04019832975607886
153,2,10,150,42,0.071942683897578
154,2,10,150,42,0.047978870624887156
155,2,10,150,42,0.0
156,2,10,150,42,0.06437746926759551
157,2,10,150,42,0.06857646087959317
158,2,10,150,42,0.14322216518687927
159,2,10,150,42,0.0
160,2,10,150,42,0.09926896187055606
161,2,10,150,42,0.0
162,2,10,150,42,0.0
163,2,10,150,42,0.0
164,2,10,150,42,0.0
165,2,10,150,42,0.0
166,2,10,150,42,0.0
167,2,10,150,42,0.040419659112753054
168,2,10,150,42,0.0
169,2,10,150,42,0.03870447337439288
170,2,10,150,42,0.0
171,2,10,150,42,0.0
172,2,10,150,42,0.0
173,2,10,150,42,0.0
174,2,10,150,42,0.19976656508538213
175,2,10,150,42,0.22732566419594713
176,2,10,150,42,0.0
177,2,10,150,42,0.29715079985975246
178,2,10,150,42,0.22274509240033738
179,2,10,150,42,0.054384419234677496
180,2,10,150,42,0.05459112561892713
181,2,10,150,42,0.05627956853199055
182,2,10,150,42,0.0
183,2,10,150,42,0.0
184,2,10,150,42,0.19251450966272812
185,2,10,150,42,0.0
186,2,10,150,42,0.030868393892711742
187,2,10,150,42,0.043599246064372175
188,2,10,150,42,0.26990485040471895
189,2,10,150,42,0.11339450605646625
190,2,10,150,42,0.0
191,2,10,150,42,0.0
192,2,10,150,42,0.0
193,2,10,150,42,0.0
194,2,10,150,42,0.11228597064041507
195,2,10,150,42,0.04606861224913365
196,2,10,150,42,0.04485361187694993
197,2,10,150,42,0.12309687790081901
198,2,10,150,42,0.029084722703418667
199,2,10,150,42,0.2529427027676571
200,2,10,150,42,0.24951271169941666
201,2,10,150,42,0.08257687617582952
202,2,10,150,42,0.27487633291429087
203,2,10,150,42,0.10238606821339166
204,2,10,150,42,0.0
205,2,10,150,42,0.1465996756793884
206,2,10,150,42,0.0
207,2,10,150,42,0.023579405356206683
208,2,10,150,42,0.05919139647768146
209,2,10,150,42,0.0
210,2,10,150,42,0.12196211992164398
211,2,10,150,42,0.0
212,2,10,150,42,0.11738002835756964
213,2,10,150,42,0.06272890313218925
214,2,10,150,42,0.18976833471018986
215,2,10,150,42,0.11433722369502479
216,2,10,150,42,0.12405025435650667
217,2,10,150,42,0.10298663607405599
218,2,10,150,42,0.1023482199458735
219,2,10,150,42,0.0
220,2,10,150,42,0.0
221,2,10,150,42,0.10144613070733857
222,2,10,150,42,0.1141322070568614
223,2,10,150,42,0.0
224,2,10,150,42,0.029996736818897345
225,2,10,150,42,0.0
226,2,10,150,42,0.07386039040058112
227,2,10,150,42,0.06711341307257644
228,2,10,150,42,0.0
229,2,10,150,42,0.0
230,2,10,150,42,0.24667220276083424
231,2,10,150,42,0.3903800499921017
232,2,10,150,42,0.06288558365907605
233,2,10,150,42,0.11278984802012952
234,2,10,150,42,0.09481171683345721
235,2,10,150,42,0.08400628493556295
236,2,10,150,42,0.08835143128659738
237,2,10,150,42,0.21822953849175877
238,2,10,150,42,0.0
239,2,10,150,42,0.04001055216995953
240,2,10,150,42,0.0
241,2,10,150,42,0.0
242,2,10,150,42,0.07673373981757839
243,2,10,150,42,0.23165732683700077
244,2,10,150,42,0.1618364245256053
245,2,10,150,42,0.0
246,2,10,150,42,0.12396728870684812
247,2,10,150,42,0.0
248,2,10,150,42,0.14176813152020928
249,2,10,150,42,0.22111575473859438
250,2,10,150,42,0.04538944932777023
251,2,10,150,42,0.10803826056443963
252,2,10,150,42,0.13120507751234178
253,2,10,150,42,0.1704602196779193
254,2,10,150,42,0.23595883319549293
255,2,10,150,42,0.0
256,2,10,150,42,0.3050811140641754
257,2,10,150,42,0.04759023790187059
258,2,10,150,42,0.0
259,2,10,150,42,0.0
260,2,10,150,42,0.0
261,2,10,150,42,0.0
262,2,10,150,42,0.05887472794707303
263,2,10,150,42,0.09340671208136468
264,2,10,150,42,0.07935123938715939
265,2,10,150,42,0.0
266,2,10,150,42,0.0
267,2,10,150,42,0.14392562213856652
268,2,10,150,42,0.17057682737146462
269,2,10,150,42,0.10912909769036636
270,2,10,150,42,0.08961610996238861
271,2,10,150,42,0.29536871886009136
272,2,10,150,42,0.3097554777859615
273,2,10,150,42,0.0
274,2,10,150,42,0.05829918151249392
275,2,10,150,42,0.04105877938688906
276,2,10,150,42,0.2861937228098232
277,2,10,150,42,0.0
278,2,10,150,42,0.0
279,2,10,150,42,0.2681216298033649
280,2,10,150,42,0.10175367117318421
281,2,10,150,42,0.05516788910004661
282,2,10,150,42,0.0
283,2,10,150,42,0.03337620304869898
284,2,10,150,42,0.0
285,2,10,150,42,0.15002687789384317
286,2,10,150,42,0.12214177763307268
287,2,10,150,42,0.0845667599404342
288,2,10,150,42,0.06730415016162657
289,2,10,150,42,0.06510475888148554
290,2,10,150,42,0.09449357188080848
291,2,10,150,42,0.2373506301786138
292,2,10,150,42,0.32796947465095533
293,2,10,150,42,0.151013090466966
294,2,10,150,42,0.05942233668176323
295,2,10,150,42,0.11412011299535427
296,2,10,150,42,0.04780823114546271
297,2,10,150,42,0.060095649153719045
298,2,10,150,42,0.32133759346371743
299,2,10,150,42,0.04525067121014058
300,2,10,150,42,0.0
301,2,10,150,42,0.1722984609400156
302,2,10,150,42,0.0
303,2,10,150,42,0.411495824858806
304,2,10,150,42,0.09811693595042764
305,2,10,150,42,0.1730564346584742
306,2,10,150,42,0.07286537763060504
307,2,10,150,42,0.1288139404283001
308,2,10,150,42,0.17793011631842515
309,2,10,150,42,0.0
310,2,10,150,42,0.0
311,2,10,150,42,0.33325068430115656
312,2,10,150,42,0.1216103796361148
313,2,10,150,42,0.3072920177543181
314,2,10,150,42,0.13370453241850244
315,2,10,150,42,0.15734607654320276
316,2,10,150,42,0.029546401698350686
317,2,10,150,42,0.0
318,2,10,150,42,0.09103627728937738
319,2,10,150,42,0.0
320,2,10,150,42,0.04539294738377069
321,2,10,150,42,0.12530728980532893
322,2,10,150,42,0.35190394711189377
323,2,10,150,42,0.028361369701356044
324,2,10,150,42,0.04342547274117719
325,2,10,150,42,0.06453919279387746
326,2,10,150,42,0.09832907414566154
327,2,10,150,42,0.0
328,2,10,150,42,0.18309523432052097
329,2,10,150,42,0.0
330,2,10,150,42,0.05747778035817024
331,2,10,150,42,0.05427266504401326
332,2,10,150,42,0.19571633382775597
333,2,10,150,42,0.05206745415870339
334,2,10,150,42,0.17484185288582785
335,2,10,150,42,0.0
336,2,10,150,42,0.11501232379588432
337,2,10,150,42,0.07596161868673496
338,2,10,150,42,0.07127723726551295
339,2,10,150,42,0.35237822721523415
340,2,10,150,42,0.17896552649342137
341,2,10,150,42,0.0
342,2,10,150,42,0.2343401558149561
343,2,10,150,42,0.3487739519295653
344,2,10,150,42,0.1548336851637992
345,2,10,150,42,0.10510514542576568
346,2,10,150,42,0.30735680813466754
347,2,10,150,42,0.18249948127341853
348,2,10,150,42,0.0
349,2,10,150,42,0.163169180413793
350,2,10,150,42,0.12301690328121011
351,2,10,150,42,0.057853568842374095
352,2,10,150,42,0.2470219007193075
353,2,10,150,42,0.0
354,2,10,150,42,0.12750182015693934
355,2,10,150,42,0.0
356,2,10,150,42,0.10061931714936387
357,2,10,150,42,0.08220038494336858
358,2,10,150,42,0.0
359,2,10,150,42,0.0
360,2,10,150,42,0.22728151171982378
361,2,10,150,42,0.06744009343902684
362,2,10,150,42,0.04690797720830594
363,2,10,150,42,0.19549257033480402
364,2,10,150,42,0.0
365,2,10,150,42,0.0
366,2,10,150,42,0.050143326786652107
367,2,10,150,42,0.0
368,2,10,150,42,0.03597158591011401
369,2,10,150,42,0.21386152848601384
370,2,10,150,42,0.053207364364877524
371,2,10,150,42,0.06330961329622671
372,2,10,150,42,0.0536466452928127
373,2,10,150,42,0.15930031062926747
374,2,10,150,42,0.2034263822440943
375,2,10,150,42,0.1676614286651071
376,2,10,150,42,0.038925970325304815
377,2,10,150,42,0.3067552645565975
378,2,10,150,42,0.07129374425624213
379,2,10,150,42,0.256866902783266
380,2,10,150,42,0.07271180675854667
381,2,10,150,42,0.12144424252597347
382,2,10,150,42,0.11670077402731671
383,2,10,150,42,0.05181989685583115
384,2,10,150,42,0.0
385,2,10,150,42,0.2201620658490847
386,2,10,150,42,0.0
387,2,10,150,42,0.21584423801940558
388,2,10,150,42,0.0
389,2,10,150,42,0.2987400717213724
390,2,10,150,42,0.10466779365752882
391,2,10,150,42,0.12033757443753586
392,2,10,150,42,0.020971012282826156
393,2,10,150,42,0.0
394,2,10,150,42,0.21703951349524683
395,2,10,150,42,0.03571967640542795
396,2,10,150,42,0.08006506288147622
397,2,10,150,42,0.19945281121976402
398,2,10,150,42,0.12229168155191596
399,2,10,150,42,0.029084722703418667
400,2,10,150,42,0.0
401,2,10,150,42,0.0
402,2,10,150,42,0.15763555583548006
403,2,10,150,42,0.21342888353269066
404,2,10,150,42,0.0
405,2,10,150,42,0.24968445263502914
406,2,10,150,42,0.2883578191041218
407,2,10,150,42,0.11333538670163935
408,2,10,150,42,0.08490303813485527
409,2,10,150,42,0.18685508040589108
410,2,10,150,42,0.11529648288892078
411,2,10,150,42,0.13359023741301432
412,2,10,150,42,0.041062015509212284
413,2,10,150,42,0.19475935863737628
414,2,10,150,42,0.04690797720830594
415,2,10,150,42,0.15582818336744758
416,2,10,150,42,0.5029684940090915
417,2,10,150,42,0.34287150049959103
418,2,10,150,42,0.05130633033097092
419,2,10,150,42,0.09817896789964464
420,2,10,150,42,0.13011860784218718
421,2,10,150,42,0.29129642073446305
422,2,10,150,42,0.0654076987556055
423,2,10,150,42,0.0
424,2,10,150,42,0.039270700903099615
425,2,10,150,42,0.06862798648684047
426,2,10,150,42,0.01778196729887257
427,2,10,150,42,0.0
428,2,10,150,42,0.0483133513527445
429,2,10,150,42,0.34319776697976473
430,2,10,150,42,0.1167173069431357
431,2,10,150,42,0.0
432,2,10,150,42,0.06668302137384614
433,2,10,150,42,0.07600659849685834
434,2,10,150,42,0.1877041080031967
435,2,10,150,42,0.3958198110996061
436,2,10,150,42,0.062435053872717576
437,2,10,150,42,0.3290462335091786
438,2,10,150,42,0.11342455428465782
439,2,10,150,42,0.0
440,2,10,150,42,0.032014847745354055
441,2,10,150,42,0.1731866333482261
442,2,10,150,42,0.04880151630650963
443,2,10,150,42,0.0
444,2,10,150,42,0.0796221118108625
445,2,10,150,42,0.016626404973532412
446,2,10,150,42,0.13356958453958645
447,2,10,150,42,0.06633546173126612
448,2,10,150,42,0.0
449,2,10,150,42,0.10848432672679821
450,2,10,150,42,0.5253934417361219
451,2,10,150,42,0.035032770855337264
452,2,10,150,42,0.23342191801666337
453,2,10,150,42,0.12824106183227724
454,2,10,150,42,0.0
455,2,10,150,42,0.11622409312601759
456,2,10,150,42,0.11833472989626079
457,2,10,150,42,0.5741632695310173
458,2,10,150,42,0.3164440731485449
459,2,10,150,42,0.20410277799942825
460,2,10,150,42,0.07041837375515932
461,2,10,150,42,0.0
462,2,10,150,42,0.04010913675862143
463,2,10,150,42,0.24398074977267942
464,2,10,150,42,0.024240213052394943
465,2,10,150,42,0.10783006935442738
466,2,10,150,42,0.12125966400310534
467,2,10,150,42,0.09300532025926726
468,2,10,150,42,0.24928491905367012
469,2,10,150,42,0.05651614765972419
470,2,10,150,42,0.02794110381151734
471,2,10,150,42,0.0
472,2,10,150,42,0.26028451001559993
473,2,10,150,42,0.2622744659873325
474,2,10,150,42,0.4994589339983784
475,2,10,150,42,0.07311683844390994
476,2,10,150,42,0.021791008948563714
477,2,10,150,42,0.07075576072108061
478,2,10,150,42,0.10583835288493054
479,2,10,150,42,0.2390054217188461
480,2,10,150,42,0.15920120556239784
481,2,10,150,42,0.048705796110663196
482,2,10,150,42,0.04290887548434951
483,2,10,150,42,0.0273055648695642
484,2,10,150,42,0.20568720518802455
485,2,10,150,42,0.0
486,2,10,150,42,0.025222110950302946
487,2,10,150,42,0.35582995606647755
488,2,10,150,42,0.0
489,2,10,150,42,0.0
490,2,10,150,42,0.11630686983226163
491,2,10,150,42,0.03859643636257609
492,2,10,150,42,0.1338895448360617
493,2,10,150,42,0.1968598031232695
494,2,10,150,42,0.06103968146247971
495,2,10,150,42,0.12853980993212377
496,2,10,150,42,0.027525625391943177
497,2,10,150,42,0.14662740405338928
498,2,10,150,42,0.07738160393149517
499,2,10,150,42,0.07592327120124845
500,2,10,150,42,0.2117006250594602
501,2,10,150,42,0.0
502,2,10,150,42,0.0
503,2,10,150,42,0.10711953938659195
504,2,10,150,42,0.1708381881580953
505,2,10,150,42,0.05688647497208646
506,2,10,150,42,0.16776733948115205
507,2,10,150,42,0.0
508,2,10,150,42,0.16947309586017814
509,2,10,150,42,0.0
510,2,10,150,42,0.0
511,2,10,150,42,0.0
512,2,10,150,42,0.08364069030518707
513,2,10,150,42,0.0
514,2,10,150,42,0.19124544507282562
515,2,10,150,42,0.034743705427429224
516,2,10,150,42,0.1340330647732781
517,2,10,150,42,0.07931777113368761
518,2,10,150,42,0.1271756500386261
519,2,10,150,42,0.0
520,2,10,150,42,0.0
521,2,10,150,42,0.0
522,2,10,150,42,0.0559167101555819
523,2,10,150,42,0.2032904290827781
524,2,10,150,42,0.12907695338202235
525,2,10,150,42,0.0
526,2,10,150,42,0.0
527,2,10,150,42,0.31248377723510934
528,2,10,150,42,0.17766119401073668
529,2,10,150,42,0.0
530,2,10,150,42,0.03067046672709443
531,2,10,150,42,0.0
532,2,10,150,42,0.06901276834807185
533,2,10,150,42,0.04505528424753579
534,2,10,150,42,0.024909303741335254
535,2,10,150,42,0.23005507077005202
536,2,10,150,42,0.17852486675809998
537,2,10,150,42,0.44895912411911915
538,2,10,150,42,0.032394594743117074
539,2,10,150,42,0.07066252848762221
540,2,10,150,42,0.0
541,2,10,150,42,0.05024448181470198
542,2,10,150,42,0.08413597348730502
543,2,10,150,42,0.043627084055128
544,2,10,150,42,0.0
545,2,10,150,42,0.06497386358537696
546,2,10,150,42,0.03314153504336938
547,2,10,150,42,0.04855455745827926
548,2,10,150,42,0.03883106019841818
549,2,10,150,42,0.0
550,2,10,150,42,0.0
551,2,10,150,42,0.2523244335692281
552,2,10,150,42,0.048059443651065493
553,2,10,150,42,0.11579410298816686
554,2,10,150,42,0.07041837375515932
555,2,10,150,42,0.0382580635535654
556,2,10,150,42,0.12950483456354783
557,2,10,150,42,0.04470486007704452
558,2,10,150,42,0.265053101293003
559,2,10,150,42,0.06127849629743466
560,2,10,150,42,0.028567598460307132
561,2,10,150,42,0.07115270944707118
562,2,10,150,42,0.07720150835011791
563,2,10,150,42,0.0
564,2,10,150,42,0.0
565,2,10,150,42,0.2420384859324969
566,2,10,150,42,0.019604051606069237
567,2,10,150,42,0.04359722747499328
568,2,10,150,42,0.0
569,2,10,150,42,0.17563954439010937
570,2,10,150,42,0.0
571,2,10,150,42,0.0
572,2,10,150,42,0.0
573,2,10,150,42,0.03246641181906899
574,2,10,150,42,0.05058854055353143
575,2,10,150,42,0.05154847002173459
576,2,10,150,42,0.0
577,2,10,150,42,0.0784247757209491
578,2,10,150,42,0.0
579,2,10,150,42,0.08297540479108526
580,2,10,150,42,0.18080124080515705
581,2,10,150,42,0.0
582,2,10,150,42,0.0
583,2,10,150,42,0.0
584,2,10,150,42,0.0
585,2,10,150,42,0.08668163308546498
586,2,10,150,42,0.10132509239867551
587,2,10,150,42,0.03459392809572638
588,2,10,150,42,0.037573347678695114
589,2,10,150,42,0.0
590,2,10,150,42,0.06139304560474655
591,2,10,150,42,0.0
592,2,10,150,42,0.3333895037918689
593,2,10,150,42,0.04586709436300111
594,2,10,150,42,0.0
595,2,10,150,42,0.0
596,2,10,150,42,0.0
597,2,10,150,42,0.0
598,2,10,150,42,0.0
599,2,10,150,42,0.0
600,2,10,150,42,0.0
601,2,10,150,42,0.03369782041898502
602,2,10,150,42,0.0
603,2,10,150,42,0.1435203717549576
604,2,10,150,42,0.0
605,2,10,150,42,0.19005508898031315
606,2,10,150,42,0.23204083039530643
607,2,10,150,42,0.08440880858250024
608,2,10,150,42,0.19142268890998523
609,2,10,150,42,0.0
610,2,10,150,42,0.1629867900167321
611,2,10,150,42,0.0
612,2,10,150,42,0.15130120674940672
613,2,10,150,42,0.0
614,2,10,150,42,0.046614515546531544
615,2,10,150,42,0.09083374831253048
616,2,10,150,42,0.0
617,2,10,150,42,0.044257815106106525
618,2,10,150,42,0.18766481803906507
619,2,10,150,42,0.05319635904163211
620,2,10,150,42,0.05809221878835284
621,2,10,150,42,0.06335388063984314
622,2,10,150,42,0.12980296240199146
623,2,10,150,42,0.0
624,2,10,150,42,0.0536466452928127
625,2,10,150,42,0.0
626,2,10,150,42,0.0
627,2,10,150,42,0.0
628,2,10,150,42,0.0
629,2,10,150,42,0.19451610919980286
630,2,10,150,42,0.0
631,2,10,150,42,0.0
632,2,10,150,42,0.13439570003165963
633,2,10,150,42,0.07667481399289292
634,2,10,150,42,0.030975021478781034
635,2,10,150,42,0.0
636,2,10,150,42,0.0
637,2,10,150,42,0.0
638,2,10,150,42,0.0
639,2,10,150,42,0.0
640,2,10,150,42,0.0
642,2,10,150,42,0.09386986030444722
643,2,10,150,42,0.0
644,2,10,150,42,0.0
645,2,10,150,42,0.09759501249802542
647,2,10,150,42,0.0
648,2,10,150,42,0.18159464350583557
649,2,10,150,42,1.0
650,2,10,150,42,0.0
651,2,10,150,42,0.0
653,2,10,150,42,0.0
654,2,10,150,42,0.058087171966128066
655,2,10,150,42,0.11621678240839849
658,2,10,150,42,0.0
1,2,10,150,43,0.6238878190788099
2,2,10,150,43,0.1083188688865055
3,2,10,150,43,0.03098598178059488
4,2,10,150,43,0.06166887310869151
5,2,10,150,43,0.09866715684547187
6,2,10,150,43,0.21500731152658278
7,2,10,150,43,0.234154716163975
8,2,10,150,43,0.0
9,2,10,150,43,0.0
10,2,10,150,43,0.15815614210201231
11,2,10,150,43,0.11113531037772237
12,2,10,150,43,0.0
13,2,10,150,43,0.3848465081809588
14,2,10,150,43,0.12939622934497527
15,2,10,150,43,0.0
16,2,10,150,43,0.2491367253726175
17,2,10,150,43,0.0
18,2,10,150,43,0.26463644039006423
19,2,10,150,43,0.0
20,2,10,150,43,0.0
21,2,10,150,43,0.0
22,2,10,150,43,0.0
23,2,10,150,43,0.21391710343217823
24,2,10,150,43,0.06058493677293348
25,2,10,150,43,0.0
26,2,10,150,43,0.11161048176369433
27,2,10,150,43,0.0
28,2,10,150,43,0.10854509048291378
29,2,10,150,43,0.0
30,2,10,150,43,0.0
31,2,10,150,43,0.046287481291184845
32,2,10,150,43,0.11781210270929884
33,2,10,150,43,0.0
34,2,10,150,43,0.07239559903187814
35,2,10,150,43,0.0
36,2,10,150,43,0.0
37,2,10,150,43,0.0
38,2,10,150,43,0.0
39,2,10,150,43,0.15820890896021753
40,2,10,150,43,0.2212397779175911
41,2,10,150,43,0.0
42,2,10,150,43,0.15424228815612379
43,2,10,150,43,0.0631310242266295
44,2,10,150,43,0.1565413821318793
45,2,10,150,43,0.0
46,2,10,150,43,0.10684080426179023
47,2,10,150,43,0.0
48,2,10,150,43,0.11590514112147128
49,2,10,150,43,0.04407878495393109
50,2,10,150,43,0.0
51,2,10,150,43,0.07984133538066794
52,2,10,150,43,0.028947056565878558
53,2,10,150,43,0.12810519548676028
54,2,10,150,43,0.047934103497110726
55,2,10,150,43,0.0
56,2,10,150,43,0.20347053259194225
57,2,10,150,43,0.0524456916588361
58,2,10,150,43,0.11373430198694089
59,2,10,150,43,0.4243271813190529
60,2,10,150,43,0.24335613462885985
61,2,10,150,43,0.06416923277158361
62,2,10,150,43,0.21471026162449247
63,2,10,150,43,0.0763437499438357
64,2,10,150,43,0.05418524696191869
65,2,10,150,43,0.18154179097601578
66,2,10,150,43,0.12995427111679475
67,2,10,150,43,0.24630238874073
68,2,10,150,43,0.04358896759704514
69,2,10,150,43,0.10495938403254562
70,2,10,150,43,0.03155184951131585
71,2,10,150,43,0.04416548762473651
72,2,10,150,43,0.2530421030801216
73,2,10,150,43,0.26386730550459286
74,2,10,150,43,0.17342765698823945
75,2,10,150,43,0.16021137204676433
76,2,10,150,43,0.21046795809065558
77,2,10,150,43,0.096890966577576
78,2,10,150,43,0.0
79,2,10,150,43,0.08508236880273473
80,2,10,150,43,0.1744476820873323
81,2,10,150,43,0.0
82,2,10,150,43,0.0
83,2,10,150,43,0.046841820324159865
84,2,10,150,43,0.029136604147144557
85,2,10,150,43,0.27548449302109185
86,2,10,150,43,0.0
87,2,10,150,43,0.18081622752941162
88,2,10,150,43,0.06294571929989644
89,2,10,150,43,0.1535313985783443
90,2,10,150,43,0.13830824469035485
91,2,10,150,43,0.025108308340262078
92,2,10,150,43,0.1354586114245162
93,2,10,150,43,0.0
94,2,10,150,43,0.32732317573862646
95,2,10,150,43,0.16315312223343656
96,2,10,150,43,0.07651920817549171
97,2,10,150,43,0.17977962524942098
98,2,10,150,43,0.0
99,2,10,150,43,0.08227650340095313
100,2,10,150,43,0.0
101,2,10,150,43,0.0
102,2,10,150,43,0.06282614940094408
103,2,10,150,43,0.0
104,2,10,150,43,0.0
105,2,10,150,43,0.0
106,2,10,150,43,0.0
107,2,10,150,43,0.0
108,2,10,150,43,0.04485361187694993
109,2,10,150,43,0.22307334709455703
110,2,10,150,43,0.037578324799282276
111,2,10,150,43,0.09077089626867633
112,2,10,150,43,0.0
113,2,10,150,43,0.178509607681865
114,2,10,150,43,0.0
115,2,10,150,43,0.1737092330727855
116,2,10,150,43,0.026497157492079246
117,2,10,150,43,0.0
118,2,10,150,43,0.11481215916390865
119,2,10,150,43,0.13703643189628367
120,2,10,150,43,0.361879195385413
121,2,10,150,43,0.08886612137430887
122,2,10,150,43,0.11504775274472687
123,2,10,150,43,0.12990556389377814
124,2,10,150,43,0.14739123024359468
125,2,10,150,43,0.10481936788851058
126,2,10,150,43,0.0
127,2,10,150,43,0.06462745615384195
128,2,10,150,43,0.036066261578836814
129,2,10,150,43,0.0
130,2,10,150,43,0.12613323703545304
131,2,10,150,43,0.2523931911073844
132,2,10,150,43,0.07667481399289292
133,2,10,150,43,0.0
134,2,10,150,43,0.0
135,2,10,150,43,0.0
136,2,10,150,43,0.03734555298506959
137,2,10,150,43,0.03125036271105264
138,2,10,150,43,0.10332949630181452
139,2,10,150,43,0.0
140,2,10,150,43,0.0
141,2,10,150,43,0.10662541768559451
142,2,10,150,43,0.0
143,2,10,150,43,0.0
144,2,10,150,43,0.201917558395197
145,2,10,150,43,0.11665248748921694
146,2,10,150,43,0.0
147,2,10,150,43,0.0
148,2,10,150,43,0.08790431357288034
149,2,10,150,43,0.10486881530019958
150,2,10,150,43,0.0
151,2,10,150,43,0.21519813840798707
152,2,10,150,43,0.04019832975607886
153,2,10,150,43,0.071942683897578
154,2,10,150,43,0.047978870624887156
155,2,10,150,43,0.0
156,2,10,150,43,0.06437746926759551
157,2,10,150,43,0.06857646087959317
158,2,10,150,43,0.14322216518687927
159,2,10,150,43,0.0
160,2,10,150,43,0.09926896187055606
161,2,10,150,43,0.0
162,2,10,150,43,0.0
163,2,10,150,43,0.0
164,2,10,150,43,0.0
165,2,10,150,43,0.0
166,2,10,150,43,0.0
167,2,10,150,43,0.040419659112753054
168,2,10,150,43,0.0
169,2,10,150,43,0.03870447337439288
170,2,10,150,43,0.0
171,2,10,150,43,0.0
172,2,10,150,43,0.0
173,2,10,150,43,0.0
174,2,10,150,43,0.19662406411761246
175,2,10,150,43,0.22732566419594713
176,2,10,150,43,0.0
177,2,10,150,43,0.29715079985975246
178,2,10,150,43,0.2192411193098714
179,2,10,150,43,0.054384419234677496
180,2,10,150,43,0.05459112561892713
181,2,10,150,43,0.05539424220872996
182,2,10,150,43,0.0
183,2,10,150,43,0.0
184,2,10,150,43,0.1894860898034476
185,2,10,150,43,0.0
186,2,10,150,43,0.030868393892711742
187,2,10,150,43,0.07624189288978174
188,2,10,150,43,0.26990485040471895
189,2,10,150,43,0.11161071233267718
190,2,10,150,43,0.0
191,2,10,150,43,0.0
192,2,10,150,43,0.0
193,2,10,150,43,0.0
194,2,10,150,43,0.1105196151381635
195,2,10,150,43,0.04606861224913365
196,2,10,150,43,0.04485361187694993
197,2,10,150,43,0.12309687790081901
198,2,10,150,43,0.028627194842318685
199,2,10,150,43,0.2529427027676571
200,2,10,150,43,0.2455876607898657
201,2,10,150,43,0.09700873594795649
202,2,10,150,43,0.27487633291429087
203,2,10,150,43,0.10238606821339166
204,2,10,150,43,0.0
205,2,10,150,43,0.1465996756793884
206,2,10,150,43,0.0
207,2,10,150,43,0.023208480901858466
208,2,10,150,43,0.05919139647768146
209,2,10,150,43,0.0
210,2,10,150,43,0.12196211992164398
211,2,10,150,43,0.0
212,2,10,150,43,0.11738002835756964
213,2,10,150,43,0.06272890313218925
214,2,10,150,43,0.18976833471018986
215,2,10,150,43,0.11433722369502479
216,2,10,150,43,0.12405025435650667
217,2,10,150,43,0.10298663607405599
218,2,10,150,43,0.1023482199458735
219,2,10,150,43,0.0
220,2,10,150,43,0.0
221,2,10,150,43,0.10144613070733857
222,2,10,150,43,0.11233680865785214
223,2,10,150,43,0.0
224,2,10,150,43,0.029996736818897345
225,2,10,150,43,0.0
226,2,10,150,43,0.07386039040058112
227,2,10,150,43,0.06711341307257644
228,2,10,150,43,0.0
229,2,10,150,43,0.0
230,2,10,150,43,0.24667220276083424
231,2,10,150,43,0.3903800499921017
232,2,10,150,43,0.08977242584932303
233,2,10,150,43,0.11278984802012952
234,2,10,150,43,0.09332024646764452
235,2,10,150,43,0.08400628493556295
236,2,10,150,43,0.08835143128659738
237,2,10,150,43,0.21822953849175877
238,2,10,150,43,0.0
239,2,10,150,43,0.04001055216995953
240,2,10,150,43,0.0
241,2,10,150,43,0.0
242,2,10,150,43,0.07673373981757839
243,2,10,150,43,0.23165732683700077
244,2,10,150,43,0.17502146300264868
245,2,10,150,43,0.0
246,2,10,150,43,0.12201717596117145
247,2,10,150,43,0.0
248,2,10,150,43,0.14176813152020928
249,2,10,150,43,0.2176374125397476
250,2,10,150,43,0.04538944932777023
251,2,10,150,43,0.10803826056443963
252,2,10,150,43,0.13120507751234178
253,2,10,150,43,0.1704602196779193
254,2,10,150,43,0.2322469965257594
255,2,10,150,43,0.0
256,2,10,150,43,0.3002819240906923
257,2,10,150,43,0.04759023790187059
258,2,10,150,43,0.0
259,2,10,150,43,0.0
260,2,10,150,43,0.0
261,2,10,150,43,0.0
262,2,10,150,43,0.05887472794707303
263,2,10,150,43,0.09340671208136468
264,2,10,150,43,0.07935123938715939
265,2,10,150,43,0.0
266,2,10,150,43,0.0
267,2,10,150,43,0.14166154753396998
268,2,10,150,43,0.16789350624180113
269,2,10,150,43,0.10741240253190863
270,2,10,150,43,0.08961610996238861
271,2,10,150,43,0.2907223132692959
272,2,10,150,43,0.3097554777859615
273,2,10,150,43,0.0
274,2,10,150,43,0.05829918151249392
275,2,10,150,43,0.04105877938688906
276,2,10,150,43,0.2816916478479041
277,2,10,150,43,0.0
278,2,10,150,43,0.04305311721683474
279,2,10,150,43,0.2796347100110042
280,2,10,150,43,0.10015299785731087
281,2,10,150,43,0.05516788910004661
282,2,10,150,43,0.0
283,2,10,150,43,0.03337620304869898
284,2,10,150,43,0.0
285,2,10,150,43,0.15002687789384317
286,2,10,150,43,0.12022038175657561
287,2,10,150,43,0.0845667599404342
288,2,10,150,43,0.06730415016162657
289,2,10,150,43,0.06510475888148554
290,2,10,150,43,0.09449357188080848
291,2,10,150,43,0.23361689933772842
292,2,10,150,43,0.32796947465095533
293,2,10,150,43,0.14863752385132392
294,2,10,150,43,0.05942233668176323
295,2,10,150,43,0.11232490484639998
296,2,10,150,43,0.04780823114546271
297,2,10,150,43,0.060095649153719045
298,2,10,150,43,0.32133759346371743
299,2,10,150,43,0.04453883898731933
300,2,10,150,43,0.0
301,2,10,150,43,0.1695880570242362
302,2,10,150,43,0.0
303,2,10,150,43,0.4207535048871292
304,2,10,150,43,0.09811693595042764
305,2,10,150,43,0.17033410716007333
306,2,10,150,43,0.07286537763060504
307,2,10,150,43,0.1288139404283001
308,2,10,150,43,0.175131121589317
309,2,10,150,43,0.0
310,2,10,150,43,0.0
311,2,10,150,43,0.32800836260693966
312,2,10,150,43,0.11969734311003755
313,2,10,150,43,0.3024580483522407
314,2,10,150,43,0.13160124440160756
315,2,10,150,43,0.15734607654320276
316,2,10,150,43,0.029546401698350686
317,2,10,150,43,0.0
318,2,10,150,43,0.08960419785525515
319,2,10,150,43,0.0
320,2,10,150,43,0.04539294738377069
321,2,10,150,43,0.12530728980532893
322,2,10,150,43,0.35190394711189377
323,2,10,150,43,0.028361369701356044
324,2,10,150,43,0.04342547274117719
325,2,10,150,43,0.06453919279387746
326,2,10,150,43,0.09678227270503725
327,2,10,150,43,0.0
328,2,10,150,43,0.18021498781480402
329,2,10,150,43,0.0
330,2,10,150,43,0.05747778035817024
331,2,10,150,43,0.05427266504401326
332,2,10,150,43,0.1926375465031645
333,2,10,150,43,0.05206745415870339
334,2,10,150,43,0.17209143921342215
335,2,10,150,43,0.0
336,2,10,150,43,0.11501232379588432
337,2,10,150,43,0.07596161868673496
338,2,10,150,43,0.07127723726551295
339,2,10,150,43,0.3468350127159933
340,2,10,150,43,0.17896552649342137
341,2,10,150,43,0.0
342,2,10,150,43,0.2306537823413919
343,2,10,150,43,0.359018301305165
344,2,10,150,43,0.1523980172868318
345,2,10,150,43,0.10345175051918125
346,2,10,150,43,0.30252181952383084
347,2,10,150,43,0.17962860647875978
348,2,10,150,43,0.0
349,2,10,150,43,0.163169180413793
350,2,10,150,43,0.12301690328121011
351,2,10,150,43,0.08387093650181394
352,2,10,150,43,0.2470219007193075
353,2,10,150,43,0.0
354,2,10,150,43,0.12549610617239781
355,2,10,150,43,0.0
356,2,10,150,43,0.10061931714936387
357,2,10,150,43,0.08220038494336858
358,2,10,150,43,0.0
359,2,10,150,43,0.0
360,2,10,150,43,0.22728151171982378
361,2,10,150,43,0.08342237405087469
362,2,10,150,43,0.04690797720830594
363,2,10,150,43,0.1924173030036251
364,2,10,150,43,0.0
365,2,10,150,43,0.0
366,2,10,150,43,0.050143326786652107
367,2,10,150,43,0.0
368,2,10,150,43,0.03597158591011401
369,2,10,150,43,0.21386152848601384
370,2,10,150,43,0.053207364364877524
371,2,10,150,43,0.06330961329622671
372,2,10,150,43,0.0536466452928127
373,2,10,150,43,0.15679437886784126
374,2,10,150,43,0.21595717468990622
375,2,10,150,43,0.1676614286651071
376,2,10,150,43,0.038925970325304815
377,2,10,150,43,0.3067552645565975
378,2,10,150,43,0.07017223195399372
379,2,10,150,43,0.25282616408287634
380,2,10,150,43,0.07156798710579672
381,2,10,150,43,0.11953381948043125
382,2,10,150,43,0.11670077402731671
383,2,10,150,43,0.05181989685583115
384,2,10,150,43,0.0
385,2,10,150,43,0.21669872600189252
386,2,10,150,43,0.0
387,2,10,150,43,0.21244882134107615
388,2,10,150,43,0.0
389,2,10,150,43,0.29404063183214596
390,2,10,150,43,0.10466779365752882
391,2,10,150,43,0.12033757443753586
392,2,10,150,43,0.03902655101827149
393,2,10,150,43,0.0
394,2,10,150,43,0.21362529409916545
395,2,10,150,43,0.03571967640542795
396,2,10,150,43,0.08006506288147622
397,2,10,150,43,0.19945281121976402
398,2,10,150,43,0.1360987930621113
399,2,10,150,43,0.028627194842318685
400,2,10,150,43,0.0
401,2,10,150,43,0.0
402,2,10,150,43,0.15763555583548006
403,2,10,150,43,0.21342888353269066
404,2,10,150,43,0.0
405,2,10,150,43,0.24575670009191836
406,2,10,150,43,0.2838217010344571
407,2,10,150,43,0.1115525229764698
408,2,10,150,43,0.08490303813485527
409,2,10,150,43,0.19964655377216384
410,2,10,150,43,0.11529648288892078
411,2,10,150,43,0.13359023741301432
412,2,10,150,43,0.041062015509212284
413,2,10,150,43,0.19475935863737628
414,2,10,150,43,0.04690797720830594
415,2,10,150,43,0.15582818336744758
416,2,10,150,43,0.4950563642765426
417,2,10,150,43,0.3374778350397075
418,2,10,150,43,0.05130633033097092
419,2,10,150,43,0.09817896789964464
420,2,10,150,43,0.13011860784218718
421,2,10,150,43,0.29129642073446305
422,2,10,150,43,0.0654076987556055
423,2,10,150,43,0.0
424,2,10,150,43,0.039270700903099615
425,2,10,150,43,0.06754840886153164
426,2,10,150,43,0.017502241562878298
427,2,10,150,43,0.0
428,2,10,150,43,0.0483133513527445
429,2,10,150,43,0.3377989690657628
430,2,10,150,43,0.1167173069431357
431,2,10,150,43,0.0
432,2,10,150,43,0.06668302137384614
433,2,10,150,43,0.10047622221317463
434,2,10,150,43,0.1877041080031967
435,2,10,150,43,0.4053240883920311
436,2,10,150,43,0.061452896437443526
437,2,10,150,43,0.32387005146489306
438,2,10,150,43,0.11342455428465782
439,2,10,150,43,0.0
440,2,10,150,43,0.032014847745354055
441,2,10,150,43,0.1731866333482261
442,2,10,150,43,0.048033826217048034
443,2,10,150,43,0.0
444,2,10,150,43,0.0796221118108625
445,2,10,150,43,0.016364857233060807
446,2,10,150,43,0.13356958453958645
447,2,10,150,43,0.06529194750455429
448,2,10,150,43,0.0
449,2,10,150,43,0.10848432672679821
450,2,10,150,43,0.5328594136719992
451,2,10,150,43,0.035032770855337264
452,2,10,150,43,0.22974998921840578
453,2,10,150,43,0.12622371893636522
454,2,10,150,43,0.0
455,2,10,150,43,0.11439578754860248
456,2,10,150,43,0.11647322217568293
457,2,10,150,43,0.5808620498651471
458,2,10,150,43,0.31146613399396594
459,2,10,150,43,0.2166229301545848
460,2,10,150,43,0.07041837375515932
461,2,10,150,43,0.0
462,2,10,150,43,0.04010913675862143
463,2,10,150,43,0.25587358691725565
464,2,10,150,43,0.024240213052394943
465,2,10,150,43,0.10783006935442738
466,2,10,150,43,0.11935214453748147
467,2,10,150,43,0.09300532025926726
468,2,10,150,43,0.24536345151959246
469,2,10,150,43,0.05651614765972419
470,2,10,150,43,0.02794110381151734
471,2,10,150,43,0.0
472,2,10,150,43,0.25619000939548925
473,2,10,150,43,0.2622744659873325
474,2,10,150,43,0.49160201268234
475,2,10,150,43,0.07311683844390994
476,2,10,150,43,0.021791008948563714
477,2,10,150,43,0.07075576072108061
478,2,10,150,43,0.10417342399041866
479,2,10,150,43,0.23524565957480237
480,2,10,150,43,0.15920120556239784
481,2,10,150,43,0.048705796110663196
482,2,10,150,43,0.04290887548434951
483,2,10,150,43,0.0273055648695642
484,2,10,150,43,0.20245156742709625
485,2,10,150,43,0.0
486,2,10,150,43,0.02482534531518956
487,2,10,150,43,0.3502324428849178
488,2,10,150,43,0.0
489,2,10,150,43,0.0
490,2,10,150,43,0.11630686983226163
491,2,10,150,43,0.03859643636257609
492,2,10,150,43,0.1338895448360617
493,2,10,150,43,0.19376302803698112
494,2,10,150,43,0.06103968146247971
495,2,10,150,43,0.14224863297511164
496,2,10,150,43,0.027092623480959345
497,2,10,150,43,0.1443208280808666
498,2,10,150,43,0.07616432432748156
499,2,10,150,43,0.07592327120124845
500,2,10,150,43,0.20837039099930876
501,2,10,150,43,0.0
502,2,10,150,43,0.0
503,2,10,150,43,0.10543445631953552
504,2,10,150,43,0.16815075559704898
505,2,10,150,43,0.05688647497208646
506,2,10,150,43,0.1651282140276292
507,2,10,150,43,0.0
508,2,10,150,43,0.18656539457451982
509,2,10,150,43,0.0
510,2,10,150,43,0.0
511,2,10,150,43,0.0
512,2,10,150,43,0.08364069030518707
513,2,10,150,43,0.0
514,2,10,150,43,0.18823698869792613
515,2,10,150,43,0.034743705427429224
516,2,10,150,43,0.1340330647732781
517,2,10,150,43,0.07931777113368761
518,2,10,150,43,0.1271756500386261
519,2,10,150,43,0.0
520,2,10,150,43,0.0
521,2,10,150,43,0.0
522,2,10,150,43,0.0559167101555819
523,2,10,150,43,0.2032904290827781
524,2,10,150,43,0.12704646118856447
525,2,10,150,43,0.0
526,2,10,150,43,0.0
527,2,10,150,43,0.3075681369629049
528,2,10,150,43,0.17766119401073668
529,2,10,150,43,0.0
530,2,10,150,43,0.03067046672709443
531,2,10,150,43,0.0
532,2,10,150,43,0.06792713777105519
533,2,10,150,43,0.04434652563074472
534,2,10,150,43,0.024909303741335254
535,2,10,150,43,0.22643610539300701
536,2,10,150,43,0.17571651608981623
537,2,10,150,43,0.4418966085203234
538,2,10,150,43,0.032394594743117074
539,2,10,150,43,0.07066252848762221
540,2,10,150,43,0.0
541,2,10,150,43,0.05024448181470198
542,2,10,150,43,0.08281244180423737
543,2,10,150,43,0.04294079226347803
544,2,10,150,43,0.0
545,2,10,150,43,0.06395176847597009
546,2,10,150,43,0.03314153504336938
547,2,10,150,43,0.04855455745827926
548,2,10,150,43,0.03883106019841818
549,2,10,150,43,0.0
550,2,10,150,43,0.0
551,2,10,150,43,0.2483551518411055
552,2,10,150,43,0.048059443651065493
553,2,10,150,43,0.11579410298816686
554,2,10,150,43,0.07041837375515932
555,2,10,150,43,0.0382580635535654
556,2,10,150,43,0.12950483456354783
557,2,10,150,43,0.04470486007704452
558,2,10,150,43,0.265053101293003
559,2,10,150,43,0.06127849629743466
560,2,10,150,43,0.028567598460307132
561,2,10,150,43,0.07003341574443737
562,2,10,150,43,0.07720150835011791
563,2,10,150,43,0.0
564,2,10,150,43,0.0
565,2,10,150,43,0.2420384859324969
566,2,10,150,43,0.019604051606069237
567,2,10,150,43,0.04359722747499328
568,2,10,150,43,0.0
569,2,10,150,43,0.17563954439010937
570,2,10,150,43,0.0
571,2,10,150,43,0.0
572,2,10,150,43,0.0
573,2,10,150,43,0.03246641181906899
574,2,10,150,43,0.05058854055353143
575,2,10,150,43,0.05154847002173459
576,2,10,150,43,0.0
577,2,10,150,43,0.0784247757209491
578,2,10,150,43,0.0
579,2,10,150,43,0.08297540479108526
580,2,10,150,43,0.18080124080515705
581,2,10,150,43,0.0
582,2,10,150,43,0.0
583,2,10,150,43,0.0
584,2,10,150,43,0.0
585,2,10,150,43,0.08668163308546498
586,2,10,150,43,0.10132509239867551
587,2,10,150,43,0.03459392809572638
588,2,10,150,43,0.037573347678695114
589,2,10,150,43,0.0
590,2,10,150,43,0.06139304560474655
591,2,10,150,43,0.0
592,2,10,150,43,0.32814499834691413
593,2,10,150,43,0.04586709436300111
594,2,10,150,43,0.0
595,2,10,150,43,0.0
596,2,10,150,43,0.0
597,2,10,150,43,0.0
598,2,10,150,43,0.0
599,2,10,150,43,0.0
600,2,10,150,43,0.0
601,2,10,150,43,0.03369782041898502
602,2,10,150,43,0.0
603,2,10,150,43,0.1435203717549576
604,2,10,150,43,0.0
605,2,10,150,43,0.19005508898031315
606,2,10,150,43,0.23204083039530643
607,2,10,150,43,0.08440880858250024
608,2,10,150,43,0.19142268890998523
609,2,10,150,43,0.0
610,2,10,150,43,0.1629867900167321
611,2,10,150,43,0.0
612,2,10,150,43,0.15130120674940672
613,2,10,150,43,0.0
614,2,10,150,43,0.046614515546531544
615,2,10,150,43,0.09083374831253048
616,2,10,150,43,0.0
617,2,10,150,43,0.044257815106106525
618,2,10,150,43,0.18766481803906507
619,2,10,150,43,0.05319635904163211
620,2,10,150,43,0.05809221878835284
621,2,10,150,43,0.06335388063984314
622,2,10,150,43,0.12980296240199146
623,2,10,150,43,0.0
624,2,10,150,43,0.0536466452928127
625,2,10,150,43,0.0
626,2,10,150,43,0.0
627,2,10,150,43,0.0
628,2,10,150,43,0.0
629,2,10,150,43,0.19451610919980286
630,2,10,150,43,0.0
631,2,10,150,43,0.0859574327152926
632,2,10,150,43,0.13439570003165963
633,2,10,150,43,0.07667481399289292
634,2,10,150,43,0.030975021478781034
635,2,10,150,43,0.0
636,2,10,150,43,0.0
637,2,10,150,43,0.0
638,2,10,150,43,0.0
639,2,10,150,43,0.0
640,2,10,150,43,0.0
642,2,10,150,43,0.11431346864321287
643,2,10,150,43,0.0
644,2,10,150,43,0.0
645,2,10,150,43,0.09759501249802542
647,2,10,150,43,0.0
648,2,10,150,43,0.18159464350583557
649,2,10,150,43,1.0
650,2,10,150,43,0.0
651,2,10,150,43,0.0
653,2,10,150,43,0.0
654,2,10,150,43,0.058087171966128066
655,2,10,150,43,0.11621678240839849
658,2,10,150,43,0.0
1,2,10,150,44,0.6142816836967436
2,2,10,150,44,0.1083188688865055
3,2,10,150,44,0.03098598178059488
4,2,10,150,44,0.06166887310869151
5,2,10,150,44,0.09714795733966866
6,2,10,150,44,0.21169679755356105
7,2,10,150,44,0.23054938546984213
8,2,10,150,44,0.0
9,2,10,150,44,0.0
10,2,10,150,44,0.17404407038045985
11,2,10,150,44,0.10942413602142115
12,2,10,150,44,0.0
13,2,10,150,44,0.37892094344664434
14,2,10,150,44,0.12939622934497527
15,2,10,150,44,0.0
16,2,10,150,44,0.2491367253726175
17,2,10,150,44,0.0
18,2,10,150,44,0.2605617760102265
19,2,10,150,44,0.0
20,2,10,150,44,0.0
21,2,10,150,44,0.0
22,2,10,150,44,0.0
23,2,10,150,44,0.21391710343217823
24,2,10,150,44,0.08491010262674986
25,2,10,150,44,0.0
26,2,10,150,44,0.11161048176369433
27,2,10,150,44,0.0
28,2,10,150,44,0.10854509048291378
29,2,10,150,44,0.0
30,2,10,150,44,0.0
31,2,10,150,44,0.046287481291184845
32,2,10,150,44,0.11781210270929884
33,2,10,150,44,0.0
34,2,10,150,44,0.07239559903187814
35,2,10,150,44,0.0
36,2,10,150,44,0.0
37,2,10,150,44,0.0
38,2,10,150,44,0.0
39,2,10,150,44,0.15820890896021753
40,2,10,150,44,0.2212397779175911
41,2,10,150,44,0.0
42,2,10,150,44,0.15424228815612379
43,2,10,150,44,0.07755619801800935
44,2,10,150,44,0.1565413821318793
45,2,10,150,44,0.0
46,2,10,150,44,0.10684080426179023
47,2,10,150,44,0.0
48,2,10,150,44,0.11590514112147128
49,2,10,150,44,0.04407878495393109
50,2,10,150,44,0.0
51,2,10,150,44,0.07984133538066794
52,2,10,150,44,0.028947056565878558
53,2,10,150,44,0.12810519548676028
54,2,10,150,44,0.047934103497110726
55,2,10,150,44,0.0
56,2,10,150,44,0.20347053259194225
57,2,10,150,44,0.0524456916588361
58,2,10,150,44,0.11373430198694089
59,2,10,150,44,0.4177937241407096
60,2,10,150,44,0.23960912770900547
61,2,10,150,44,0.06416923277158361
62,2,10,150,44,0.21140432139291504
63,2,10,150,44,0.0763437499438357
64,2,10,150,44,0.053350945021554734
65,2,10,150,44,0.18154179097601578
66,2,10,150,44,0.12995427111679475
67,2,10,150,44,0.24630238874073
68,2,10,150,44,0.04358896759704514
69,2,10,150,44,0.10495938403254562
70,2,10,150,44,0.03155184951131585
71,2,10,150,44,0.04416548762473651
72,2,10,150,44,0.2530421030801216
73,2,10,150,44,0.26386730550459286
74,2,10,150,44,0.17342765698823945
75,2,10,150,44,0.16021137204676433
76,2,10,150,44,0.21046795809065558
77,2,10,150,44,0.096890966577576
78,2,10,150,44,0.0
79,2,10,150,44,0.08508236880273473
80,2,10,150,44,0.1744476820873323
81,2,10,150,44,0.0
82,2,10,150,44,0.0
83,2,10,150,44,0.046841820324159865
84,2,10,150,44,0.029136604147144557
85,2,10,150,44,0.2712427988339415
86,2,10,150,44,0.0
87,2,10,150,44,0.17803216105495043
88,2,10,150,44,0.06294571929989644
89,2,10,150,44,0.1535313985783443
90,2,10,150,44,0.15157589859540596
91,2,10,150,44,0.025108308340262078
92,2,10,150,44,0.13337292595315706
93,2,10,150,44,0.0
94,2,10,150,44,0.32228331016715916
95,2,10,150,44,0.1606410184028227
96,2,10,150,44,0.07651920817549171
97,2,10,150,44,0.17977962524942098
98,2,10,150,44,0.0
99,2,10,150,44,0.08227650340095313
100,2,10,150,44,0.0
101,2,10,150,44,0.0
102,2,10,150,44,0.061858801621065156
103,2,10,150,44,0.0
104,2,10,150,44,0.0
105,2,10,150,44,0.0
106,2,10,150,44,0.0
107,2,10,150,44,0.0
108,2,10,150,44,0.04485361187694993
109,2,10,150,44,0.2350358544260274
110,2,10,150,44,0.037578324799282276
111,2,10,150,44,0.09077089626867633
112,2,10,150,44,0.0
113,2,10,150,44,0.178509607681865
114,2,10,150,44,0.0
115,2,10,150,44,0.1737092330727855
116,2,10,150,44,0.026497157492079246
117,2,10,150,44,0.0
118,2,10,150,44,0.13610876526485238
119,2,10,150,44,0.13703643189628367
120,2,10,150,44,0.361879195385413
121,2,10,150,44,0.08886612137430887
122,2,10,150,44,0.11504775274472687
123,2,10,150,44,0.12990556389377814
124,2,10,150,44,0.14739123024359468
125,2,10,150,44,0.12045736530405556
126,2,10,150,44,0.0
127,2,10,150,44,0.06462745615384195
128,2,10,150,44,0.03551094156639792
129,2,10,150,44,0.0
130,2,10,150,44,0.12419113636592906
131,2,10,150,44,0.3074934292585194
132,2,10,150,44,0.07667481399289292
133,2,10,150,44,0.0
134,2,10,150,44,0.0
135,2,10,150,44,0.0
136,2,10,150,44,0.07134641965977037
137,2,10,150,44,0.03125036271105264
138,2,10,150,44,0.10332949630181452
139,2,10,150,44,0.0
140,2,10,150,44,0.0
141,2,10,150,44,0.10662541768559451
142,2,10,150,44,0.0
143,2,10,150,44,0.0
144,2,10,150,44,0.1988085901758391
145,2,10,150,44,0.11485636396635224
146,2,10,150,44,0.0
147,2,10,150,44,0.0
148,2,10,150,44,0.08790431357288034
149,2,10,150,44,0.10486881530019958
150,2,10,150,44,0.0
151,2,10,150,44,0.22728190202703316
152,2,10,150,44,0.04019832975607886
153,2,10,150,44,0.071942683897578
154,2,10,150,44,0.047978870624887156
155,2,10,150,44,0.0
156,2,10,150,44,0.06437746926759551
157,2,10,150,44,0.06857646087959317
158,2,10,150,44,0.14322216518687927
159,2,10,150,44,0.0
160,2,10,150,44,0.09926896187055606
161,2,10,150,44,0.0
162,2,10,150,44,0.0
163,2,10,150,44,0.0
164,2,10,150,44,0.0
165,2,10,150,44,0.0
166,2,10,150,44,0.06175696970122604
167,2,10,150,44,0.040419659112753054
168,2,10,150,44,0.0
169,2,10,150,44,0.03870447337439288
170,2,10,150,44,0.0
171,2,10,150,44,0.0
172,2,10,150,44,0.0
173,2,10,150,44,0.0
174,2,10,150,44,0.19359660097195475
175,2,10,150,44,0.22732566419594713
176,2,10,150,44,0.0
177,2,10,150,44,0.29715079985975246
178,2,10,150,44,0.21586541648477692
179,2,10,150,44,0.054384419234677496
180,2,10,150,44,0.05459112561892713
181,2,10,150,44,0.05454132510765604
182,2,10,150,44,0.05005165434923901
183,2,10,150,44,0.0
184,2,10,150,44,0.18656853158864242
185,2,10,150,44,0.0
186,2,10,150,44,0.030868393892711742
187,2,10,150,44,0.07624189288978174
188,2,10,150,44,0.26990485040471895
189,2,10,150,44,0.10989221810988628
190,2,10,150,44,0.0
191,2,10,150,44,0.0
192,2,10,150,44,0.0
193,2,10,150,44,0.0
194,2,10,150,44,0.10881792077432956
195,2,10,150,44,0.04606861224913365
196,2,10,150,44,0.04485361187694993
197,2,10,150,44,0.12309687790081901
198,2,10,150,44,0.028186415745733433
199,2,10,150,44,0.2529427027676571
200,2,10,150,44,0.2418062945801587
201,2,10,150,44,0.09551507150659083
202,2,10,150,44,0.27487633291429087
203,2,10,150,44,0.10238606821339166
204,2,10,150,44,0.0
205,2,10,150,44,0.1465996756793884
206,2,10,150,44,0.028694189013458257
207,2,10,150,44,0.022851134913144444
208,2,10,150,44,0.05919139647768146
209,2,10,150,44,0.0
210,2,10,150,44,0.12196211992164398
211,2,10,150,44,0.0
212,2,10,150,44,0.11738002835756964
213,2,10,150,44,0.06272890313218925
214,2,10,150,44,0.18976833471018986
215,2,10,150,44,0.11433722369502479
216,2,10,150,44,0.12405025435650667
217,2,10,150,44,0.10298663607405599
218,2,10,150,44,0.1023482199458735
219,2,10,150,44,0.0
220,2,10,150,44,0.0
221,2,10,150,44,0.10144613070733857
222,2,10,150,44,0.11060713457325476
223,2,10,150,44,0.0
224,2,10,150,44,0.029996736818897345
225,2,10,150,44,0.0
226,2,10,150,44,0.07386039040058112
227,2,10,150,44,0.0947812167140767
228,2,10,150,44,0.0
229,2,10,150,44,0.0
230,2,10,150,44,0.24667220276083424
231,2,10,150,44,0.3903800499921017
232,2,10,150,44,0.08977242584932303
233,2,10,150,44,0.11278984802012952
234,2,10,150,44,0.09188337449476384
235,2,10,150,44,0.08400628493556295
236,2,10,150,44,0.08835143128659738
237,2,10,150,44,0.21822953849175877
238,2,10,150,44,0.0
239,2,10,150,44,0.04001055216995953
240,2,10,150,44,0.0
241,2,10,150,44,0.0
242,2,10,150,44,0.07673373981757839
243,2,10,150,44,0.23165732683700077
244,2,10,150,44,0.17232661976808575
245,2,10,150,44,0.0
246,2,10,150,44,0.13553566696697275
247,2,10,150,44,0.0
248,2,10,150,44,0.14176813152020928
249,2,10,150,44,0.21428640233386423
250,2,10,150,44,0.04538944932777023
251,2,10,150,44,0.10803826056443963
252,2,10,150,44,0.13120507751234178
253,2,10,150,44,0.1704602196779193
254,2,10,150,44,0.228671039402572
255,2,10,150,44,0.0
256,2,10,150,44,0.2956584185062081
257,2,10,150,44,0.04759023790187059
258,2,10,150,44,0.0
259,2,10,150,44,0.0
260,2,10,150,44,0.0
261,2,10,150,44,0.0
262,2,10,150,44,0.05887472794707303
263,2,10,150,44,0.09340671208136468
264,2,10,150,44,0.07935123938715939
265,2,10,150,44,0.0
266,2,10,150,44,0.0
267,2,10,150,44,0.1394803541167726
268,2,10,150,44,0.16530841369566057
269,2,10,150,44,0.10575855059109333
270,2,10,150,44,0.08961610996238861
271,2,10,150,44,0.2862459990755425
272,2,10,150,44,0.33957662813068484
273,2,10,150,44,0.0
274,2,10,150,44,0.05829918151249392
275,2,10,150,44,0.04105877938688906
276,2,10,150,44,0.277354380758414
277,2,10,150,44,0.0
278,2,10,150,44,0.04305311721683474
279,2,10,150,44,0.2753291140372652
280,2,10,150,44,0.0986109205368117
281,2,10,150,44,0.05516788910004661
282,2,10,150,44,0.0
283,2,10,150,44,0.03337620304869898
284,2,10,150,44,0.0
285,2,10,150,44,0.15002687789384317
286,2,10,150,44,0.11836932259574356
287,2,10,150,44,0.0845667599404342
288,2,10,150,44,0.06730415016162657
289,2,10,150,44,0.06510475888148554
290,2,10,150,44,0.09449357188080848
291,2,10,150,44,0.2300198495253273
292,2,10,150,44,0.32796947465095533
293,2,10,150,44,0.14634891982138923
294,2,10,150,44,0.05942233668176323
295,2,10,150,44,0.12599262984209653
296,2,10,150,44,0.04780823114546271
297,2,10,150,44,0.060095649153719045
298,2,10,150,44,0.32133759346371743
299,2,10,150,44,0.043853064872184384
300,2,10,150,44,0.0
301,2,10,150,44,0.16697687311402334
302,2,10,150,44,0.0
303,2,10,150,44,0.429672288170729
304,2,10,150,44,0.09811693595042764
305,2,10,150,44,0.1677114361549253
306,2,10,150,44,0.07286537763060504
307,2,10,150,44,0.1288139404283001
308,2,10,150,44,0.17243458991783142
309,2,10,150,44,0.0
310,2,10,150,44,0.0
311,2,10,150,44,0.3229579470654012
312,2,10,150,44,0.11785433728811523
313,2,10,150,44,0.2978010365129053
314,2,10,150,44,0.12957495164269967
315,2,10,150,44,0.15734607654320276
316,2,10,150,44,0.029546401698350686
317,2,10,150,44,0.0
318,2,10,150,44,0.0882245426847632
319,2,10,150,44,0.0
320,2,10,150,44,0.04539294738377069
321,2,10,150,44,0.12530728980532893
322,2,10,150,44,0.35190394711189377
323,2,10,150,44,0.028361369701356044
324,2,10,150,44,0.04342547274117719
325,2,10,150,44,0.06453919279387746
326,2,10,150,44,0.0952920951670924
327,2,10,150,44,0.0
328,2,10,150,44,0.19283739455271323
329,2,10,150,44,0.0
330,2,10,150,44,0.0733657086366178
331,2,10,150,44,0.05427266504401326
332,2,10,150,44,0.18967146462948598
333,2,10,150,44,0.05206745415870339
334,2,10,150,44,0.16944171018742568
335,2,10,150,44,0.0
336,2,10,150,44,0.11501232379588432
337,2,10,150,44,0.07596161868673496
338,2,10,150,44,0.07127723726551295
339,2,10,150,44,0.34149471918003366
340,2,10,150,44,0.17896552649342137
341,2,10,150,44,0.0
342,2,10,150,44,0.22710235628080844
343,2,10,150,44,0.3534904190457083
344,2,10,150,44,0.1523980172868318
345,2,10,150,44,0.10185888159209379
346,2,10,150,44,0.29786382578600495
347,2,10,150,44,0.17686282606189785
348,2,10,150,44,0.0
349,2,10,150,44,0.163169180413793
350,2,10,150,44,0.12301690328121011
351,2,10,150,44,0.10973470910137342
352,2,10,150,44,0.2470219007193075
353,2,10,150,44,0.0
354,2,10,150,44,0.1235638155442618
355,2,10,150,44,0.0
356,2,10,150,44,0.10061931714936387
357,2,10,150,44,0.08220038494336858
358,2,10,150,44,0.0
359,2,10,150,44,0.0
360,2,10,150,44,0.22728151171982378
361,2,10,150,44,0.08342237405087469
362,2,10,150,44,0.04690797720830594
363,2,10,150,44,0.2048518280613766
364,2,10,150,44,0.0
365,2,10,150,44,0.0
366,2,10,150,44,0.050143326786652107
367,2,10,150,44,0.0
368,2,10,150,44,0.03597158591011401
369,2,10,150,44,0.21386152848601384
370,2,10,150,44,0.053207364364877524
371,2,10,150,44,0.06330961329622671
372,2,10,150,44,0.0536466452928127
373,2,10,150,44,0.15438018198101083
374,2,10,150,44,0.21263203546878331
375,2,10,150,44,0.1676614286651071
376,2,10,150,44,0.038925970325304815
377,2,10,150,44,0.3067552645565975
378,2,10,150,44,0.06909177495579952
379,2,10,150,44,0.24893334507593592
380,2,10,150,44,0.07046603936433357
381,2,10,150,44,0.11769333146712152
382,2,10,150,44,0.11670077402731671
383,2,10,150,44,0.05181989685583115
384,2,10,150,44,0.0
385,2,10,150,44,0.2133621689551961
386,2,10,150,44,0.0
387,2,10,150,44,0.2091777009935494
388,2,10,150,44,0.0
389,2,10,150,44,0.2895132247714047
390,2,10,150,44,0.10466779365752882
391,2,10,150,44,0.12033757443753586
392,2,10,150,44,0.03902655101827149
393,2,10,150,44,0.015397215794740229
394,2,10,150,44,0.21033605934670577
395,2,10,150,44,0.03571967640542795
396,2,10,150,44,0.08006506288147622
397,2,10,150,44,0.19945281121976402
398,2,10,150,44,0.1340032505759303
399,2,10,150,44,0.028186415745733433
400,2,10,150,44,0.0
401,2,10,150,44,0.0
402,2,10,150,44,0.15763555583548006
403,2,10,150,44,0.21342888353269066
404,2,10,150,44,0.0
405,2,10,150,44,0.24197273114759985
406,2,10,150,44,0.29484885285113954
407,2,10,150,44,0.10983492470775338
408,2,10,150,44,0.08490303813485527
409,2,10,150,44,0.19657255270105764
410,2,10,150,44,0.1510508871592243
411,2,10,150,44,0.13359023741301432
412,2,10,150,44,0.041062015509212284
413,2,10,150,44,0.19475935863737628
414,2,10,150,44,0.04690797720830594
415,2,10,150,44,0.15582818336744758
416,2,10,150,44,0.5028310903999573
417,2,10,150,44,0.3322816159876594
418,2,10,150,44,0.05130633033097092
419,2,10,150,44,0.09817896789964464
420,2,10,150,44,0.13011860784218718
421,2,10,150,44,0.29129642073446305
422,2,10,150,44,0.0654076987556055
423,2,10,150,44,0.0
424,2,10,150,44,0.039270700903099615
425,2,10,150,44,0.0665083514336993
426,2,10,150,44,0.01723275577264299
427,2,10,150,44,0.0
428,2,10,150,44,0.07194983047105831
429,2,10,150,44,0.33259780544381645
430,2,10,150,44,0.1167173069431357
431,2,10,150,44,0.0
432,2,10,150,44,0.06668302137384614
433,2,10,150,44,0.10047622221317463
434,2,10,150,44,0.1877041080031967
435,2,10,150,44,0.3990832259362526
436,2,10,150,44,0.06050669292978439
437,2,10,150,44,0.3188833543930345
438,2,10,150,44,0.11342455428465782
439,2,10,150,44,0.0
440,2,10,150,44,0.032014847745354055
441,2,10,150,44,0.1731866333482261
442,2,10,150,44,0.0472942390293371
443,2,10,150,44,0.0
444,2,10,150,44,0.0796221118108625
445,2,10,150,44,0.016112883994793253
446,2,10,150,44,0.13356958453958645
447,2,10,150,44,0.06428663329916781
448,2,10,150,44,0.0
449,2,10,150,44,0.10848432672679821
450,2,10,150,44,0.5400520780861728
451,2,10,150,44,0.035032770855337264
452,2,10,150,44,0.22621247905557074
453,2,10,150,44,0.12428022509748737
454,2,10,150,44,0.0
455,2,10,150,44,0.1126344109217074
456,2,10,150,44,0.11467985883953521
457,2,10,150,44,0.5873156073311385
458,2,10,150,44,0.3066704227161074
459,2,10,150,44,0.2132875401529057
460,2,10,150,44,0.07041837375515932
461,2,10,150,44,0.0
462,2,10,150,44,0.04010913675862143
463,2,10,150,44,0.26733106187805666
464,2,10,150,44,0.024240213052394943
465,2,10,150,44,0.10783006935442738
466,2,10,150,44,0.11751445381247284
467,2,10,150,44,0.09300532025926726
468,2,10,150,44,0.241585537508403
469,2,10,150,44,0.05651614765972419
470,2,10,150,44,0.02794110381151734
471,2,10,150,44,0.0
472,2,10,150,44,0.2522453965363704
473,2,10,150,44,0.2622744659873325
474,2,10,150,44,0.4840327104079414
475,2,10,150,44,0.07311683844390994
476,2,10,150,44,0.021791008948563714
477,2,10,150,44,0.07075576072108061
478,2,10,150,44,0.10256944330116122
479,2,10,150,44,0.23162353138955313
480,2,10,150,44,0.15920120556239784
481,2,10,150,44,0.048705796110663196
482,2,10,150,44,0.04290887548434951
483,2,10,150,44,0.0273055648695642
484,2,10,150,44,0.21473159275017809
485,2,10,150,44,0.0
486,2,10,150,44,0.024443104116192646
487,2,10,150,44,0.3448398383834997
488,2,10,150,44,0.0
489,2,10,150,44,0.0
490,2,10,150,44,0.11630686983226163
491,2,10,150,44,0.03859643636257609
492,2,10,150,44,0.1338895448360617
493,2,10,150,44,0.19077961688125342
494,2,10,150,44,0.06103968146247971
495,2,10,150,44,0.14005840007668705
496,2,10,150,44,0.026675472510777367
497,2,10,150,44,0.1420986891472299
498,2,10,150,44,0.07499160578995075
499,2,10,150,44,0.07592327120124845
500,2,10,150,44,0.205162067123858
501,2,10,150,44,0.0
502,2,10,150,44,0.0
503,2,10,150,44,0.10381105924338252
504,2,10,150,44,0.1655617021270726
505,2,10,150,44,0.05688647497208646
506,2,10,150,44,0.16258569928244576
507,2,10,150,44,0.0
508,2,10,150,44,0.18656539457451982
509,2,10,150,44,0.0
510,2,10,150,44,0.0
511,2,10,150,44,0.0
512,2,10,150,44,0.08364069030518707
513,2,10,150,44,0.0
514,2,10,150,44,0.1853386631623921
515,2,10,150,44,0.034743705427429224
516,2,10,150,44,0.1340330647732781
517,2,10,150,44,0.07931777113368761
518,2,10,150,44,0.1271756500386261
519,2,10,150,44,0.02766780364150026
520,2,10,150,44,0.0
521,2,10,150,44,0.0
522,2,10,150,44,0.0559167101555819
523,2,10,150,44,0.2032904290827781
524,2,10,150,44,0.12509029940968605
525,2,10,150,44,0.0
526,2,10,150,44,0.0
527,2,10,150,44,0.30283244398650083
528,2,10,150,44,0.17766119401073668
529,2,10,150,44,0.0
530,2,10,150,44,0.03067046672709443
531,2,10,150,44,0.0
532,2,10,150,44,0.0668812489724752
533,2,10,150,44,0.04366371260586117
534,2,10,150,44,0.024909303741335254
535,2,10,150,44,0.22294961981455036
536,2,10,150,44,0.1730109709728814
537,2,10,150,44,0.43509263107997215
538,2,10,150,44,0.032394594743117074
539,2,10,150,44,0.07066252848762221
540,2,10,150,44,0.0
541,2,10,150,44,0.05024448181470198
542,2,10,150,44,0.08153736076728817
543,2,10,150,44,0.04227962361860015
544,2,10,150,44,0.0
545,2,10,150,44,0.06296708929629032
546,2,10,150,44,0.03314153504336938
547,2,10,150,44,0.04855455745827926
548,2,10,150,44,0.03883106019841818
549,2,10,150,44,0.0
550,2,10,150,44,0.0
551,2,10,150,44,0.24453117397447252
552,2,10,150,44,0.048059443651065493
553,2,10,150,44,0.11579410298816686
554,2,10,150,44,0.07041837375515932
555,2,10,150,44,0.06932393791073393
556,2,10,150,44,0.12950483456354783
557,2,10,150,44,0.04470486007704452
558,2,10,150,44,0.265053101293003
559,2,10,150,44,0.06127849629743466
560,2,10,150,44,0.028567598460307132
561,2,10,150,44,0.06895509612937752
562,2,10,150,44,0.07720150835011791
563,2,10,150,44,0.0
564,2,10,150,44,0.0
565,2,10,150,44,0.2420384859324969
566,2,10,150,44,0.019604051606069237
567,2,10,150,44,0.04359722747499328
568,2,10,150,44,0.0
569,2,10,150,44,0.17563954439010937
570,2,10,150,44,0.0
571,2,10,150,44,0.0
572,2,10,150,44,0.0
573,2,10,150,44,0.03246641181906899
574,2,10,150,44,0.05058854055353143
575,2,10,150,44,0.05154847002173459
576,2,10,150,44,0.0
577,2,10,150,44,0.0784247757209491
578,2,10,150,44,0.0
579,2,10,150,44,0.08297540479108526
580,2,10,150,44,0.18080124080515705
581,2,10,150,44,0.0
582,2,10,150,44,0.0
583,2,10,150,44,0.0
584,2,10,150,44,0.0
585,2,10,150,44,0.08668163308546498
586,2,10,150,44,0.10132509239867551
587,2,10,150,44,0.03459392809572638
588,2,10,150,44,0.037573347678695114
589,2,10,150,44,0.0
590,2,10,150,44,0.06139304560474655
591,2,10,150,44,0.0
592,2,10,150,44,0.3384896947901422
593,2,10,150,44,0.04586709436300111
594,2,10,150,44,0.0
595,2,10,150,44,0.0
596,2,10,150,44,0.0
597,2,10,150,44,0.0
598,2,10,150,44,0.0
599,2,10,150,44,0.0
600,2,10,150,44,0.024325165853816375
601,2,10,150,44,0.03369782041898502
602,2,10,150,44,0.0
603,2,10,150,44,0.1435203717549576
604,2,10,150,44,0.0
605,2,10,150,44,0.2278130597922509
606,2,10,150,44,0.23204083039530643
607,2,10,150,44,0.08440880858250024
608,2,10,150,44,0.19142268890998523
609,2,10,150,44,0.0
610,2,10,150,44,0.1629867900167321
611,2,10,150,44,0.0
612,2,10,150,44,0.15130120674940672
613,2,10,150,44,0.0
614,2,10,150,44,0.046614515546531544
615,2,10,150,44,0.09083374831253048
616,2,10,150,44,0.0
617,2,10,150,44,0.044257815106106525
618,2,10,150,44,0.18766481803906507
619,2,10,150,44,0.05319635904163211
620,2,10,150,44,0.05809221878835284
621,2,10,150,44,0.06335388063984314
622,2,10,150,44,0.12980296240199146
623,2,10,150,44,0.0
624,2,10,150,44,0.0536466452928127
625,2,10,150,44,0.0
626,2,10,150,44,0.0
627,2,10,150,44,0.0
628,2,10,150,44,0.0
629,2,10,150,44,0.19451610919980286
630,2,10,150,44,0.0
631,2,10,150,44,0.0859574327152926
632,2,10,150,44,0.13439570003165963
633,2,10,150,44,0.07667481399289292
634,2,10,150,44,0.030975021478781034
635,2,10,150,44,0.0
636,2,10,150,44,0.0
637,2,10,150,44,0.0
638,2,10,150,44,0.0
639,2,10,150,44,0.0
640,2,10,150,44,0.0
642,2,10,150,44,0.11431346864321287
643,2,10,150,44,0.0
644,2,10,150,44,0.0
645,2,10,150,44,0.09759501249802542
647,2,10,150,44,0.0
648,2,10,150,44,0.18159464350583557
649,2,10,150,44,1.0
650,2,10,150,44,0.0
651,2,10,150,44,0.0
653,2,10,150,44,0.0
654,2,10,150,44,0.058087171966128066
655,2,10,150,44,0.11621678240839849
658,2,10,150,44,0.0
1,2,10,150,45,0.6050195449372451
2,2,10,150,45,0.1083188688865055
3,2,10,150,45,0.03098598178059488
4,2,10,150,45,0.06166887310869151
5,2,10,150,45,0.09714795733966866
6,2,10,150,45,0.20850483340108517
7,2,10,150,45,0.2421511612504106
8,2,10,150,45,0.0
9,2,10,150,45,0.0
10,2,10,150,45,0.1898407915550228
11,2,10,150,45,0.10777423898172855
12,2,10,150,45,0.0
13,2,10,150,45,0.3732075737495991
14,2,10,150,45,0.12939622934497527
15,2,10,150,45,0.0
16,2,10,150,45,0.2491367253726175
17,2,10,150,45,0.0
18,2,10,150,45,0.25663302574975233
19,2,10,150,45,0.0
20,2,10,150,45,0.0
21,2,10,150,45,0.0
22,2,10,150,45,0.0
23,2,10,150,45,0.21391710343217823
24,2,10,150,45,0.08491010262674986
25,2,10,150,45,0.0
26,2,10,150,45,0.11161048176369433
27,2,10,150,45,0.0
28,2,10,150,45,0.10854509048291378
29,2,10,150,45,0.0
30,2,10,150,45,0.0
31,2,10,150,45,0.046287481291184845
32,2,10,150,45,0.11781210270929884
33,2,10,150,45,0.0
34,2,10,150,45,0.07239559903187814
35,2,10,150,45,0.0
36,2,10,150,45,0.0
37,2,10,150,45,0.0
38,2,10,150,45,0.0
39,2,10,150,45,0.15820890896021753
40,2,10,150,45,0.2212397779175911
41,2,10,150,45,0.0
42,2,10,150,45,0.17084502871918114
43,2,10,150,45,0.07638680572329042
44,2,10,150,45,0.1565413821318793
45,2,10,150,45,0.0
46,2,10,150,45,0.10684080426179023
47,2,10,150,45,0.0
48,2,10,150,45,0.11590514112147128
49,2,10,150,45,0.04407878495393109
50,2,10,150,45,0.0
51,2,10,150,45,0.07984133538066794
52,2,10,150,45,0.028947056565878558
53,2,10,150,45,0.12810519548676028
54,2,10,150,45,0.047934103497110726
55,2,10,150,45,0.0
56,2,10,150,45,0.20347053259194225
57,2,10,150,45,0.0524456916588361
58,2,10,150,45,0.11373430198694089
59,2,10,150,45,0.41149423068592955
60,2,10,150,45,0.23599630146367853
61,2,10,150,45,0.06416923277158361
62,2,10,150,45,0.20821676719576687
63,2,10,150,45,0.0763437499438357
64,2,10,150,45,0.05254651951310353
65,2,10,150,45,0.18154179097601578
66,2,10,150,45,0.12995427111679475
67,2,10,150,45,0.24630238874073
68,2,10,150,45,0.04358896759704514
69,2,10,150,45,0.10495938403254562
70,2,10,150,45,0.03155184951131585
71,2,10,150,45,0.04416548762473651
72,2,10,150,45,0.2530421030801216
73,2,10,150,45,0.26386730550459286
74,2,10,150,45,0.17342765698823945
75,2,10,150,45,0.16021137204676433
76,2,10,150,45,0.21046795809065558
77,2,10,150,45,0.096890966577576
78,2,10,150,45,0.0
79,2,10,150,45,0.08508236880273473
80,2,10,150,45,0.1744476820873323
81,2,10,150,45,0.0
82,2,10,150,45,0.0
83,2,10,150,45,0.046841820324159865
84,2,10,150,45,0.029136604147144557
85,2,10,150,45,0.26715300011945636
86,2,10,150,45,0.0
87,2,10,150,45,0.17534779226599206
88,2,10,150,45,0.06294571929989644
89,2,10,150,45,0.1535313985783443
90,2,10,150,45,0.14929043731168745
91,2,10,150,45,0.025108308340262078
92,2,10,150,45,0.14643992831639646
93,2,10,150,45,0.0
94,2,10,150,45,0.317423922661618
95,2,10,150,45,0.15821887324954376
96,2,10,150,45,0.10504867376923349
97,2,10,150,45,0.17977962524942098
98,2,10,150,45,0.0
99,2,10,150,45,0.08227650340095313
100,2,10,150,45,0.0
101,2,10,150,45,0.0
102,2,10,150,45,0.06092609465727842
103,2,10,150,45,0.04579340374561851
104,2,10,150,45,0.0
105,2,10,150,45,0.0
106,2,10,150,45,0.0
107,2,10,150,45,0.0
108,2,10,150,45,0.04485361187694993
109,2,10,150,45,0.23149198399178236
110,2,10,150,45,0.037578324799282276
111,2,10,150,45,0.09077089626867633
112,2,10,150,45,0.0
113,2,10,150,45,0.178509607681865
114,2,10,150,45,0.0
115,2,10,150,45,0.1737092330727855
116,2,10,150,45,0.026497157492079246
117,2,10,150,45,0.0
118,2,10,150,45,0.13610876526485238
119,2,10,150,45,0.13703643189628367
120,2,10,150,45,0.361879195385413
121,2,10,150,45,0.08886612137430887
122,2,10,150,45,0.11504775274472687
123,2,10,150,45,0.12990556389377814
124,2,10,150,45,0.14739123024359468
125,2,10,150,45,0.12045736530405556
126,2,10,150,45,0.0
127,2,10,150,45,0.06462745615384195
128,2,10,150,45,0.034975507616472765
129,2,10,150,45,0.0
130,2,10,150,45,0.12231858250627516
131,2,10,150,45,0.36227735599025207
132,2,10,150,45,0.12643913909707097
133,2,10,150,45,0.0
134,2,10,150,45,0.0
135,2,10,150,45,0.0
136,2,10,150,45,0.07134641965977037
137,2,10,150,45,0.03125036271105264
138,2,10,150,45,0.10332949630181452
139,2,10,150,45,0.0
140,2,10,150,45,0.0
141,2,10,150,45,0.12556328258692692
142,2,10,150,45,0.0
143,2,10,150,45,0.0
144,2,10,150,45,0.1958109544044005
145,2,10,150,45,0.11312455979783824
146,2,10,150,45,0.0
147,2,10,150,45,0.0
148,2,10,150,45,0.08790431357288034
149,2,10,150,45,0.10486881530019958
150,2,10,150,45,0.0
151,2,10,150,45,0.22385494568116177
152,2,10,150,45,0.04019832975607886
153,2,10,150,45,0.071942683897578
154,2,10,150,45,0.047978870624887156
155,2,10,150,45,0.0
156,2,10,150,45,0.06437746926759551
157,2,10,150,45,0.06857646087959317
158,2,10,150,45,0.14322216518687927
159,2,10,150,45,0.0
160,2,10,150,45,0.09926896187055606
161,2,10,150,45,0.0
162,2,10,150,45,0.0
163,2,10,150,45,0.0
164,2,10,150,45,0.029649957429587842
165,2,10,150,45,0.0
166,2,10,150,45,0.06175696970122604
167,2,10,150,45,0.040419659112753054
168,2,10,150,45,0.0
169,2,10,150,45,0.03870447337439288
170,2,10,150,45,0.0
171,2,10,150,45,0.0
172,2,10,150,45,0.0
173,2,10,150,45,0.0
174,2,10,150,45,0.19359660097195475
175,2,10,150,45,0.22732566419594713
176,2,10,150,45,0.0
177,2,10,150,45,0.29715079985975246
178,2,10,150,45,0.2126105978992272
179,2,10,150,45,0.054384419234677496
180,2,10,150,45,0.05459112561892713
181,2,10,150,45,0.05371895104917212
182,2,10,150,45,0.05005165434923901
183,2,10,150,45,0.0
184,2,10,150,45,0.18375545141127061
185,2,10,150,45,0.0
186,2,10,150,45,0.030868393892711742
187,2,10,150,45,0.07624189288978174
188,2,10,150,45,0.26990485040471895
189,2,10,150,45,0.10989221810988628
190,2,10,150,45,0.0
191,2,10,150,45,0.0
192,2,10,150,45,0.0
193,2,10,150,45,0.0
194,2,10,150,45,0.10717716424767147
195,2,10,150,45,0.04606861224913365
196,2,10,150,45,0.04485361187694993
197,2,10,150,45,0.12309687790081901
198,2,10,150,45,0.028186415745733433
199,2,10,150,45,0.2529427027676571
200,2,10,150,45,0.2381603394544199
201,2,10,150,45,0.0940748953310723
202,2,10,150,45,0.27487633291429087
203,2,10,150,45,0.10238606821339166
204,2,10,150,45,0.0
205,2,10,150,45,0.1465996756793884
206,2,10,150,45,0.028694189013458257
207,2,10,150,45,0.0225065855183068
208,2,10,150,45,0.05919139647768146
209,2,10,150,45,0.0
210,2,10,150,45,0.1391595944390867
211,2,10,150,45,0.0
212,2,10,150,45,0.11738002835756964
213,2,10,150,45,0.06272890313218925
214,2,10,150,45,0.18976833471018986
215,2,10,150,45,0.11433722369502479
216,2,10,150,45,0.14425650580287722
217,2,10,150,45,0.10298663607405599
218,2,10,150,45,0.1023482199458735
219,2,10,150,45,0.0
220,2,10,150,45,0.0
221,2,10,150,45,0.10144613070733857
222,2,10,150,45,0.10893940028229752
223,2,10,150,45,0.0
224,2,10,150,45,0.029996736818897345
225,2,10,150,45,0.0
226,2,10,150,45,0.07386039040058112
227,2,10,150,45,0.0947812167140767
228,2,10,150,45,0.0
229,2,10,150,45,0.0
230,2,10,150,45,0.24667220276083424
231,2,10,150,45,0.3903800499921017
232,2,10,150,45,0.08977242584932303
233,2,10,150,45,0.11278984802012952
234,2,10,150,45,0.09049795704402702
235,2,10,150,45,0.1075070751982482
236,2,10,150,45,0.08835143128659738
237,2,10,150,45,0.21822953849175877
238,2,10,150,45,0.0
239,2,10,150,45,0.05752505190825261
240,2,10,150,45,0.0
241,2,10,150,45,0.0
242,2,10,150,45,0.07673373981757839
243,2,10,150,45,0.23165732683700077
244,2,10,150,45,0.16972827912631056
245,2,10,150,45,0.0
246,2,10,150,45,0.13349206028354604
247,2,10,150,45,0.0
248,2,10,150,45,0.14176813152020928
249,2,10,150,45,0.2110553921224808
250,2,10,150,45,0.04538944932777023
251,2,10,150,45,0.10803826056443963
252,2,10,150,45,0.13120507751234178
253,2,10,150,45,0.1704602196779193
254,2,10,150,45,0.228671039402572
255,2,10,150,45,0.024185523485714195
256,2,10,150,45,0.2912004810968774
257,2,10,150,45,0.04759023790187059
258,2,10,150,45,0.0
259,2,10,150,45,0.0
260,2,10,150,45,0.0
261,2,10,150,45,0.0
262,2,10,150,45,0.05887472794707303
263,2,10,150,45,0.09340671208136468
264,2,10,150,45,0.07935123938715939
265,2,10,150,45,0.042553256627589686
266,2,10,150,45,0.0
267,2,10,150,45,0.1373772694435019
268,2,10,150,45,0.1628158935597067
269,2,10,150,45,0.10416392324573083
270,2,10,150,45,0.08961610996238861
271,2,10,150,45,0.2819299821192274
272,2,10,150,45,0.33957662813068484
273,2,10,150,45,0.0
274,2,10,150,45,0.05829918151249392
275,2,10,150,45,0.04105877938688906
276,2,10,150,45,0.27317243161632077
277,2,10,150,45,0.0
278,2,10,150,45,0.04305311721683474
279,2,10,150,45,0.27117770186525275
280,2,10,150,45,0.09712406515197049
281,2,10,150,45,0.05516788910004661
282,2,10,150,45,0.0
283,2,10,150,45,0.03337620304869898
284,2,10,150,45,0.0
285,2,10,150,45,0.15002687789384317
286,2,10,150,45,0.1165845500396879
287,2,10,150,45,0.0845667599404342
288,2,10,150,45,0.06730415016162657
289,2,10,150,45,0.06510475888148554
290,2,10,150,45,0.09449357188080848
291,2,10,150,45,0.2265516104091594
292,2,10,150,45,0.32796947465095533
293,2,10,150,45,0.1441422709196492
294,2,10,150,45,0.05942233668176323
295,2,10,150,45,0.12409291306517937
296,2,10,150,45,0.06898258079289049
297,2,10,150,45,0.060095649153719045
298,2,10,150,45,0.33989391760219023
299,2,10,150,45,0.0431918483934004
300,2,10,150,45,0.0
301,2,10,150,45,0.16445919594822855
302,2,10,150,45,0.0
303,2,10,150,45,0.4231936897365403
304,2,10,150,45,0.09811693595042764
305,2,10,150,45,0.16518268324815857
306,2,10,150,45,0.07286537763060504
307,2,10,150,45,0.1288139404283001
308,2,10,150,45,0.1698346213022205
309,2,10,150,45,0.0
310,2,10,150,45,0.0
311,2,10,150,45,0.3180883873852216
312,2,10,150,45,0.11607732968013623
313,2,10,150,45,0.2933107927108995
314,2,10,150,45,0.14269921985970305
315,2,10,150,45,0.15734607654320276
316,2,10,150,45,0.029546401698350686
317,2,10,150,45,0.0
318,2,10,150,45,0.10353336838635137
319,2,10,150,45,0.0
320,2,10,150,45,0.04539294738377069
321,2,10,150,45,0.12530728980532893
322,2,10,150,45,0.35190394711189377
323,2,10,150,45,0.028361369701356044
324,2,10,150,45,0.04342547274117719
325,2,10,150,45,0.06453919279387746
326,2,10,150,45,0.0938552810286512
327,2,10,150,45,0.0
328,2,10,150,45,0.1899297924643379
329,2,10,150,45,0.0
330,2,10,150,45,0.08916242981118074
331,2,10,150,45,0.05427266504401326
332,2,10,150,45,0.18967146462948598
333,2,10,150,45,0.05206745415870339
334,2,10,150,45,0.16688686821011314
335,2,10,150,45,0.0
336,2,10,150,45,0.11501232379588432
337,2,10,150,45,0.07596161868673496
338,2,10,150,45,0.07127723726551295
339,2,10,150,45,0.33634566206401045
340,2,10,150,45,0.17896552649342137
341,2,10,150,45,0.0
342,2,10,150,45,0.22367810712556205
343,2,10,150,45,0.3632384900155405
344,2,10,150,45,0.1523980172868318
345,2,10,150,45,0.10032305345293174
346,2,10,150,45,0.2933726352473871
347,2,10,150,45,0.1892740877443802
348,2,10,150,45,0.0
349,2,10,150,45,0.163169180413793
350,2,10,150,45,0.12301690328121011
351,2,10,150,45,0.13545000672339058
352,2,10,150,45,0.2470219007193075
353,2,10,150,45,0.0
354,2,10,150,45,0.12170072042747979
355,2,10,150,45,0.0
356,2,10,150,45,0.10061931714936387
357,2,10,150,45,0.08220038494336858
358,2,10,150,45,0.0
359,2,10,150,45,0.0
360,2,10,150,45,0.22728151171982378
361,2,10,150,45,0.08342237405087469
362,2,10,150,45,0.04690797720830594
363,2,10,150,45,0.20176307235369695
364,2,10,150,45,0.0
365,2,10,150,45,0.0
366,2,10,150,45,0.050143326786652107
367,2,10,150,45,0.0
368,2,10,150,45,0.03597158591011401
369,2,10,150,45,0.21386152848601384
370,2,10,150,45,0.053207364364877524
371,2,10,150,45,0.06330961329622671
372,2,10,150,45,0.0536466452928127
373,2,10,150,45,0.1520524377145374
374,2,10,150,45,0.20942596979973313
375,2,10,150,45,0.1676614286651071
376,2,10,150,45,0.038925970325304815
377,2,10,150,45,0.3067552645565975
378,2,10,150,45,0.06805000922557373
379,2,10,150,45,0.2451799282882433
380,2,10,150,45,0.06940355247640133
381,2,10,150,45,0.115918751504789
382,2,10,150,45,0.11670077402731671
383,2,10,150,45,0.05181989685583115
384,2,10,150,45,0.0
385,2,10,150,45,0.2101450943339932
386,2,10,150,45,0.0
387,2,10,150,45,0.2060237197770891
388,2,10,150,45,0.0
389,2,10,150,45,0.2851479445885327
390,2,10,150,45,0.10466779365752882
391,2,10,150,45,0.12033757443753586
392,2,10,150,45,0.03902655101827149
393,2,10,150,45,0.015165056586699721
394,2,10,150,45,0.20716461240387773
395,2,10,150,45,0.03571967640542795
396,2,10,150,45,0.08006506288147622
397,2,10,150,45,0.19945281121976402
398,2,10,150,45,0.13198274966568205
399,2,10,150,45,0.027761420990560528
400,2,10,150,45,0.0
401,2,10,150,45,0.0
402,2,10,150,45,0.1798991830195577
403,2,10,150,45,0.21342888353269066
404,2,10,150,45,0.0
405,2,10,150,45,0.2383242664914238
406,2,10,150,45,0.2904031220721401
407,2,10,150,45,0.10817883379656075
408,2,10,150,45,0.08490303813485527
409,2,10,150,45,0.19360863190096286
410,2,10,150,45,0.1510508871592243
411,2,10,150,45,0.13359023741301432
412,2,10,150,45,0.041062015509212284
413,2,10,150,45,0.19475935863737628
414,2,10,150,45,0.04690797720830594
415,2,10,150,45,0.15582818336744758
416,2,10,150,45,0.4952494036014079
417,2,10,150,45,0.3272714740345624
418,2,10,150,45,0.05130633033097092
419,2,10,150,45,0.09817896789964464
420,2,10,150,45,0.13011860784218718
421,2,10,150,45,0.29129642073446305
422,2,10,150,45,0.0654076987556055
423,2,10,150,45,0.0
424,2,10,150,45,0.039270700903099615
425,2,10,150,45,0.06550553856137456
426,2,10,150,45,0.01723275577264299
427,2,10,150,45,0.0
428,2,10,150,45,0.09545062073374358
429,2,10,150,45,0.3275828959863401
430,2,10,150,45,0.1360561980952695
431,2,10,150,45,0.0
432,2,10,150,45,0.06668302137384614
433,2,10,150,45,0.10047622221317463
434,2,10,150,45,0.1877041080031967
435,2,10,150,45,0.39306584935916644
436,2,10,150,45,0.07467237229912123
437,2,10,150,45,0.31407523141806926
438,2,10,150,45,0.11342455428465782
439,2,10,150,45,0.0
440,2,10,150,45,0.032014847745354055
441,2,10,150,45,0.1731866333482261
442,2,10,150,45,0.046581136529229246
443,2,10,150,45,0.0
444,2,10,150,45,0.0796221118108625
445,2,10,150,45,0.030947933181481736
446,2,10,150,45,0.13356958453958645
447,2,10,150,45,0.06331731949118548
448,2,10,150,45,0.0
449,2,10,150,45,0.10848432672679821
450,2,10,150,45,0.5319091732636044
451,2,10,150,45,0.05163551141839463
452,2,10,150,45,0.22280164746844955
453,2,10,150,45,0.12240632795800681
454,2,10,150,45,0.0
455,2,10,150,45,0.11093610935951033
456,2,10,150,45,0.11295071601518909
457,2,10,150,45,0.5935380622898726
458,2,10,150,45,0.30204644631567656
459,2,10,150,45,0.21007159078472698
460,2,10,150,45,0.07041837375515932
461,2,10,150,45,0.0
462,2,10,150,45,0.04010913675862143
463,2,10,150,45,0.26330024433041677
464,2,10,150,45,0.024240213052394943
465,2,10,150,45,0.10783006935442738
466,2,10,150,45,0.11574257096728105
467,2,10,150,45,0.09300532025926726
468,2,10,150,45,0.23794291095762424
469,2,10,150,45,0.05651614765972419
470,2,10,150,45,0.02794110381151734
471,2,10,150,45,0.0
472,2,10,150,45,0.24844204063927683
473,2,10,150,45,0.2622744659873325
474,2,10,150,45,0.4767344655686117
475,2,10,150,45,0.07311683844390994
476,2,10,150,45,0.021791008948563714
477,2,10,150,45,0.07075576072108061
478,2,10,150,45,0.10102290131309037
479,2,10,150,45,0.22813111195945632
480,2,10,150,45,0.15920120556239784
481,2,10,150,45,0.048705796110663196
482,2,10,150,45,0.04290887548434951
483,2,10,150,45,0.0273055648695642
484,2,10,150,45,0.21149386995803615
485,2,10,150,45,0.0
486,2,10,150,45,0.02407455101092244
487,2,10,150,45,0.33964034356267125
488,2,10,150,45,0.0
489,2,10,150,45,0.0
490,2,10,150,45,0.11630686983226163
491,2,10,150,45,0.03859643636257609
492,2,10,150,45,0.1338895448360617
493,2,10,150,45,0.187903041963043
494,2,10,150,45,0.08596118914843212
495,2,10,150,45,0.13794659962687247
496,2,10,150,45,0.026273259756551766
497,2,10,150,45,0.13995612522036174
498,2,10,150,45,0.0738608824148956
499,2,10,150,45,0.07592327120124845
500,2,10,150,45,0.20206863363183025
501,2,10,150,45,0.0
502,2,10,150,45,0.0
503,2,10,150,45,0.10224579617107936
504,2,10,150,45,0.16306536290834256
505,2,10,150,45,0.05688647497208646
506,2,10,150,45,0.16013423223234316
507,2,10,150,45,0.0
508,2,10,150,45,0.20345924618307185
509,2,10,150,45,0.0
510,2,10,150,45,0.0
511,2,10,150,45,0.0
512,2,10,150,45,0.08364069030518707
513,2,10,150,45,0.0
514,2,10,150,45,0.18254412694021574
515,2,10,150,45,0.034743705427429224
516,2,10,150,45,0.1340330647732781
517,2,10,150,45,0.07931777113368761
518,2,10,150,45,0.1271756500386261
519,2,10,150,45,0.02766780364150026
520,2,10,150,45,0.0
521,2,10,150,45,0.0
522,2,10,150,45,0.0559167101555819
523,2,10,150,45,0.2032904290827781
524,2,10,150,45,0.12320418797034237
525,2,10,150,45,0.0
526,2,10,150,45,0.0
527,2,10,150,45,0.29826633662643554
528,2,10,150,45,0.17766119401073668
529,2,10,150,45,0.0
530,2,10,150,45,0.03067046672709443
531,2,10,150,45,0.0
532,2,10,150,45,0.06587281355134446
533,2,10,150,45,0.04300535118040476
534,2,10,150,45,0.024909303741335254
535,2,10,150,45,0.21958798561658324
536,2,10,150,45,0.17040231168416087
537,2,10,150,45,0.4436103039588261
538,2,10,150,45,0.032394594743117074
539,2,10,150,45,0.07066252848762221
540,2,10,150,45,0.0
541,2,10,150,45,0.05024448181470198
542,2,10,150,45,0.08030794050366406
543,2,10,150,45,0.0416421314858408
544,2,10,150,45,0.0
545,2,10,150,45,0.06201767157177959
546,2,10,150,45,0.03314153504336938
547,2,10,150,45,0.04855455745827926
548,2,10,150,45,0.03883106019841818
549,2,10,150,45,0.0
550,2,10,150,45,0.0
551,2,10,150,45,0.2408441331192991
552,2,10,150,45,0.048059443651065493
553,2,10,150,45,0.11579410298816686
554,2,10,150,45,0.07041837375515932
555,2,10,150,45,0.06932393791073393
556,2,10,150,45,0.12950483456354783
557,2,10,150,45,0.04470486007704452
558,2,10,150,45,0.265053101293003
559,2,10,150,45,0.08620000398338708
560,2,10,150,45,0.028567598460307132
561,2,10,150,45,0.06791539124239257
562,2,10,150,45,0.07720150835011791
563,2,10,150,45,0.0
564,2,10,150,45,0.0
565,2,10,150,45,0.2420384859324969
566,2,10,150,45,0.019604051606069237
567,2,10,150,45,0.04359722747499328
568,2,10,150,45,0.0
569,2,10,150,45,0.17563954439010937
570,2,10,150,45,0.0
571,2,10,150,45,0.0
572,2,10,150,45,0.0
573,2,10,150,45,0.03246641181906899
574,2,10,150,45,0.05058854055353143
575,2,10,150,45,0.05154847002173459
576,2,10,150,45,0.0
577,2,10,150,45,0.0784247757209491
578,2,10,150,45,0.0
579,2,10,150,45,0.08297540479108526
580,2,10,150,45,0.18080124080515705
581,2,10,150,45,0.0
582,2,10,150,45,0.0
583,2,10,150,45,0.0
584,2,10,150,45,0.0
585,2,10,150,45,0.08668163308546498
586,2,10,150,45,0.10132509239867551
587,2,10,150,45,0.03459392809572638
588,2,10,150,45,0.037573347678695114
589,2,10,150,45,0.0
590,2,10,150,45,0.06139304560474655
591,2,10,150,45,0.0
592,2,10,150,45,0.3333859474295839
593,2,10,150,45,0.04586709436300111
594,2,10,150,45,0.0
595,2,10,150,45,0.0
596,2,10,150,45,0.0
597,2,10,150,45,0.0
598,2,10,150,45,0.0
599,2,10,150,45,0.0
600,2,10,150,45,0.024325165853816375
601,2,10,150,45,0.03369782041898502
602,2,10,150,45,0.0
603,2,10,150,45,0.1435203717549576
604,2,10,150,45,0.0
605,2,10,150,45,0.2278130597922509
606,2,10,150,45,0.23204083039530643
607,2,10,150,45,0.08440880858250024
608,2,10,150,45,0.2120992422792938
609,2,10,150,45,0.0
610,2,10,150,45,0.1629867900167321
611,2,10,150,45,0.0
612,2,10,150,45,0.15130120674940672
613,2,10,150,45,0.0
614,2,10,150,45,0.046614515546531544
615,2,10,150,45,0.09083374831253048
616,2,10,150,45,0.0
617,2,10,150,45,0.044257815106106525
618,2,10,150,45,0.18766481803906507
619,2,10,150,45,0.05319635904163211
620,2,10,150,45,0.05809221878835284
621,2,10,150,45,0.06335388063984314
622,2,10,150,45,0.12980296240199146
623,2,10,150,45,0.0
624,2,10,150,45,0.0536466452928127
625,2,10,150,45,0.0
626,2,10,150,45,0.0
627,2,10,150,45,0.0
628,2,10,150,45,0.0
629,2,10,150,45,0.19451610919980286
630,2,10,150,45,0.0
631,2,10,150,45,0.0859574327152926
632,2,10,150,45,0.13439570003165963
633,2,10,150,45,0.07667481399289292
634,2,10,150,45,0.030975021478781034
635,2,10,150,45,0.0
636,2,10,150,45,0.0
637,2,10,150,45,0.0
638,2,10,150,45,0.0
639,2,10,150,45,0.0
640,2,10,150,45,0.0
642,2,10,150,45,0.11431346864321287
643,2,10,150,45,0.0
644,2,10,150,45,0.0
645,2,10,150,45,0.09759501249802542
647,2,10,150,45,0.0
648,2,10,150,45,0.18159464350583557
649,2,10,150,45,1.0
650,2,10,150,45,0.0
651,2,10,150,45,0.0
653,2,10,150,45,0.0
654,2,10,150,45,0.058087171966128066
655,2,10,150,45,0.11621678240839849
658,2,10,150,45,0.0
1,2,10,150,46,0.5960820243760547
2,2,10,150,46,0.1083188688865055
3,2,10,150,46,0.03098598178059488
4,2,10,150,46,0.06166887310869151
5,2,10,150,46,0.09714795733966866
6,2,10,150,46,0.20542474078056813
7,2,10,150,46,0.25334631954781944
8,2,10,150,46,0.03361684724314943
9,2,10,150,46,0.0
10,2,10,150,46,0.1898407915550228
11,2,10,150,46,0.10618216731243107
12,2,10,150,46,0.0
13,2,10,150,46,0.38246672949768723
14,2,10,150,46,0.12939622934497527
15,2,10,150,46,0.0
16,2,10,150,46,0.2491367253726175
17,2,10,150,46,0.0
18,2,10,150,46,0.2528419698020361
19,2,10,150,46,0.0
20,2,10,150,46,0.0
21,2,10,150,46,0.0
22,2,10,150,46,0.0
23,2,10,150,46,0.21391710343217823
24,2,10,150,46,0.08491010262674986
25,2,10,150,46,0.0
26,2,10,150,46,0.11161048176369433
27,2,10,150,46,0.0
28,2,10,150,46,0.10854509048291378
29,2,10,150,46,0.0
30,2,10,150,46,0.0
31,2,10,150,46,0.046287481291184845
32,2,10,150,46,0.11781210270929884
33,2,10,150,46,0.0
34,2,10,150,46,0.07239559903187814
35,2,10,150,46,0.0
36,2,10,150,46,0.0
37,2,10,150,46,0.0
38,2,10,150,46,0.0
39,2,10,150,46,0.15820890896021753
40,2,10,150,46,0.2212397779175911
41,2,10,150,46,0.0
42,2,10,150,46,0.17084502871918114
43,2,10,150,46,0.07525839813304244
44,2,10,150,46,0.1565413821318793
45,2,10,150,46,0.0
46,2,10,150,46,0.10684080426179023
47,2,10,150,46,0.0
48,2,10,150,46,0.11590514112147128
49,2,10,150,46,0.04407878495393109
50,2,10,150,46,0.0
51,2,10,150,46,0.07984133538066794
52,2,10,150,46,0.028947056565878558
53,2,10,150,46,0.12810519548676028
54,2,10,150,46,0.047934103497110726
55,2,10,150,46,0.0
56,2,10,150,46,0.20347053259194225
57,2,10,150,46,0.0524456916588361
58,2,10,150,46,0.13115096900174386
59,2,10,150,46,0.4201878050632155
60,2,10,150,46,0.23251009706855394
61,2,10,150,46,0.06416923277158361
62,2,10,150,46,0.20514092997105413
63,2,10,150,46,0.0763437499438357
64,2,10,150,46,0.05177028740209617
65,2,10,150,46,0.18154179097601578
66,2,10,150,46,0.12995427111679475
67,2,10,150,46,0.24630238874073
68,2,10,150,46,0.04358896759704514
69,2,10,150,46,0.10495938403254562
70,2,10,150,46,0.03155184951131585
71,2,10,150,46,0.04416548762473651
72,2,10,150,46,0.2530421030801216
73,2,10,150,46,0.26386730550459286
74,2,10,150,46,0.17342765698823945
75,2,10,150,46,0.16021137204676433
76,2,10,150,46,0.21046795809065558
77,2,10,150,46,0.096890966577576
78,2,10,150,46,0.0
79,2,10,150,46,0.08508236880273473
80,2,10,150,46,0.1744476820873323
81,2,10,150,46,0.0
82,2,10,150,46,0.0
83,2,10,150,46,0.046841820324159865
84,2,10,150,46,0.029136604147144557
85,2,10,150,46,0.26320654012236816
86,2,10,150,46,0.07028063830038406
87,2,10,150,46,0.18752978890416383
88,2,10,150,46,0.06294571929989644
89,2,10,150,46,0.18088671094342104
90,2,10,150,46,0.14708507656883624
91,2,10,150,46,0.04847782757894306
92,2,10,150,46,0.14427667610205222
93,2,10,150,46,0.0
94,2,10,150,46,0.32750713034777834
95,2,10,150,46,0.15588161911507967
96,2,10,150,46,0.10504867376923349
97,2,10,150,46,0.17977962524942098
98,2,10,150,46,0.0
99,2,10,150,46,0.08227650340095313
100,2,10,150,46,0.0
101,2,10,150,46,0.0
102,2,10,150,46,0.06002607708219506
103,2,10,150,46,0.04579340374561851
104,2,10,150,46,0.0
105,2,10,150,46,0.0
106,2,10,150,46,0.0
107,2,10,150,46,0.0
108,2,10,150,46,0.04485361187694993
109,2,10,150,46,0.2280723186537115
110,2,10,150,46,0.037578324799282276
111,2,10,150,46,0.09077089626867633
112,2,10,150,46,0.0
113,2,10,150,46,0.178509607681865
114,2,10,150,46,0.0
115,2,10,150,46,0.1737092330727855
116,2,10,150,46,0.026497157492079246
117,2,10,150,46,0.0
118,2,10,150,46,0.13610876526485238
119,2,10,150,46,0.13703643189628367
120,2,10,150,46,0.361879195385413
121,2,10,150,46,0.08886612137430887
122,2,10,150,46,0.11504775274472687
123,2,10,150,46,0.12990556389377814
124,2,10,150,46,0.14739123024359468
125,2,10,150,46,0.12045736530405556
126,2,10,150,46,0.0
127,2,10,150,46,0.06462745615384195
128,2,10,150,46,0.03445883948388753
129,2,10,150,46,0.0
130,2,10,150,46,0.12051165766341097
131,2,10,150,46,0.36227735599025207
132,2,10,150,46,0.12643913909707097
133,2,10,150,46,0.0
134,2,10,150,46,0.0
135,2,10,150,46,0.0
136,2,10,150,46,0.07134641965977037
137,2,10,150,46,0.03125036271105264
138,2,10,150,46,0.10332949630181452
139,2,10,150,46,0.0
140,2,10,150,46,0.0
141,2,10,150,46,0.12556328258692692
142,2,10,150,46,0.0
143,2,10,150,46,0.0
144,2,10,150,46,0.19291837936985817
145,2,10,150,46,0.11145345166979644
146,2,10,150,46,0.0
147,2,10,150,46,0.0
148,2,10,150,46,0.08790431357288034
149,2,10,150,46,0.10486881530019958
150,2,10,150,46,0.0
151,2,10,150,46,0.22054809684215929
152,2,10,150,46,0.04019832975607886
153,2,10,150,46,0.071942683897578
154,2,10,150,46,0.047978870624887156
155,2,10,150,46,0.0
156,2,10,150,46,0.06437746926759551
157,2,10,150,46,0.06857646087959317
158,2,10,150,46,0.14322216518687927
159,2,10,150,46,0.024782300799839303
160,2,10,150,46,0.09926896187055606
161,2,10,150,46,0.0
162,2,10,150,46,0.0
163,2,10,150,46,0.0
164,2,10,150,46,0.029649957429587842
165,2,10,150,46,0.0
166,2,10,150,46,0.06175696970122604
167,2,10,150,46,0.040419659112753054
168,2,10,150,46,0.0
169,2,10,150,46,0.03870447337439288
170,2,10,150,46,0.0
171,2,10,150,46,0.0
172,2,10,150,46,0.0
173,2,10,150,46,0.0
174,2,10,150,46,0.19359660097195475
175,2,10,150,46,0.22732566419594713
176,2,10,150,46,0.0
177,2,10,150,46,0.29715079985975246
178,2,10,150,46,0.20946985375938554
179,2,10,150,46,0.054384419234677496
180,2,10,150,46,0.05459112561892713
181,2,10,150,46,0.05292539944650885
182,2,10,150,46,0.05005165434923901
183,2,10,150,46,0.0
184,2,10,150,46,0.18104096369106087
185,2,10,150,46,0.0
186,2,10,150,46,0.030868393892711742
187,2,10,150,46,0.10832532929764963
188,2,10,150,46,0.26990485040471895
189,2,10,150,46,0.10989221810988628
190,2,10,150,46,0.0
191,2,10,150,46,0.0
192,2,10,150,46,0.0
193,2,10,150,46,0.0
194,2,10,150,46,0.1055939127359323
195,2,10,150,46,0.04606861224913365
196,2,10,150,46,0.04485361187694993
197,2,10,150,46,0.12309687790081901
198,2,10,150,46,0.028186415745733433
199,2,10,150,46,0.2529427027676571
200,2,10,150,46,0.23464216727544554
201,2,10,150,46,0.09268519425719955
202,2,10,150,46,0.27487633291429087
203,2,10,150,46,0.10238606821339166
204,2,10,150,46,0.0
205,2,10,150,46,0.1465996756793884
206,2,10,150,46,0.028694189013458257
207,2,10,150,46,0.022174111844496937
208,2,10,150,46,0.05919139647768146
209,2,10,150,46,0.0
210,2,10,150,46,0.1391595944390867
211,2,10,150,46,0.0
212,2,10,150,46,0.11738002835756964
213,2,10,150,46,0.06272890313218925
214,2,10,150,46,0.18976833471018986
215,2,10,150,46,0.11433722369502479
216,2,10,150,46,0.14425650580287722
217,2,10,150,46,0.10298663607405599
218,2,10,150,46,0.1023482199458735
219,2,10,150,46,0.0
220,2,10,150,46,0.0
221,2,10,150,46,0.10144613070733857
222,2,10,150,46,0.1073301165193279
223,2,10,150,46,0.0
224,2,10,150,46,0.029996736818897345
225,2,10,150,46,0.0
226,2,10,150,46,0.07386039040058112
227,2,10,150,46,0.0947812167140767
228,2,10,150,46,0.0
229,2,10,150,46,0.0
230,2,10,150,46,0.24667220276083424
231,2,10,150,46,0.3903800499921017
232,2,10,150,46,0.08977242584932303
233,2,10,150,46,0.11278984802012952
234,2,10,150,46,0.08916109551848637
235,2,10,150,46,0.1075070751982482
236,2,10,150,46,0.10718351281255113
237,2,10,150,46,0.21822953849175877
238,2,10,150,46,0.0
239,2,10,150,46,0.05752505190825261
240,2,10,150,46,0.0
241,2,10,150,46,0.0
242,2,10,150,46,0.07673373981757839
243,2,10,150,46,0.23165732683700077
244,2,10,150,46,0.16722100477922444
245,2,10,150,46,0.0
246,2,10,150,46,0.1315200776533591
247,2,10,150,46,0.0
248,2,10,150,46,0.14176813152020928
249,2,10,150,46,0.20793762192409754
250,2,10,150,46,0.04538944932777023
251,2,10,150,46,0.10803826056443963
252,2,10,150,46,0.13120507751234178
253,2,10,150,46,0.1704602196779193
254,2,10,150,46,0.228671039402572
255,2,10,150,46,0.024185523485714195
256,2,10,150,46,0.2868987848805976
257,2,10,150,46,0.04759023790187059
258,2,10,150,46,0.0
259,2,10,150,46,0.0
260,2,10,150,46,0.0
261,2,10,150,46,0.0
262,2,10,150,46,0.05887472794707303
263,2,10,150,46,0.09340671208136468
264,2,10,150,46,0.07935123938715939
265,2,10,150,46,0.042553256627589686
266,2,10,150,46,0.0
267,2,10,150,46,0.1353478934000902
268,2,10,150,46,0.16041073093553163
269,2,10,150,46,0.10262518418592155
270,2,10,150,46,0.08961610996238861
271,2,10,150,46,0.2777652323469403
272,2,10,150,46,0.33957662813068484
273,2,10,150,46,0.0
274,2,10,150,46,0.05829918151249392
275,2,10,150,46,0.04105877938688906
276,2,10,150,46,0.269137050867465
277,2,10,150,46,0.0
278,2,10,150,46,0.04305311721683474
279,2,10,150,46,0.26717178783084183
280,2,10,150,46,0.09568932087544936
281,2,10,150,46,0.05516788910004661
282,2,10,150,46,0.0
283,2,10,150,46,0.06286054135527182
284,2,10,150,46,0.0
285,2,10,150,46,0.15002687789384317
286,2,10,150,46,0.11486232995305432
287,2,10,150,46,0.0845667599404342
288,2,10,150,46,0.06730415016162657
289,2,10,150,46,0.06510475888148554
290,2,10,150,46,0.09449357188080848
291,2,10,150,46,0.22320492567286268
292,2,10,150,46,0.32796947465095533
293,2,10,150,46,0.15678524438243668
294,2,10,150,46,0.05942233668176323
295,2,10,150,46,0.12225977730733689
296,2,10,150,46,0.06898258079289049
297,2,10,150,46,0.060095649153719045
298,2,10,150,46,0.33989391760219023
299,2,10,150,46,0.042553806141175515
300,2,10,150,46,0.0
301,2,10,150,46,0.16202975799442398
302,2,10,150,46,0.0
303,2,10,150,46,0.43171443638173956
304,2,10,150,46,0.09811693595042764
305,2,10,150,46,0.16274255773446772
306,2,10,150,46,0.07286537763060504
307,2,10,150,46,0.1288139404283001
308,2,10,150,46,0.16732577603830756
309,2,10,150,46,0.0
310,2,10,150,46,0.0
311,2,10,150,46,0.31338949538029276
312,2,10,150,46,0.11436260239671947
313,2,10,150,46,0.28897792237206665
314,2,10,150,46,0.1405912264531525
315,2,10,150,46,0.15734607654320276
316,2,10,150,46,0.029546401698350686
317,2,10,150,46,0.0
318,2,10,150,46,0.10353336838635137
319,2,10,150,46,0.0
320,2,10,150,46,0.04539294738377069
321,2,10,150,46,0.12530728980532893
322,2,10,150,46,0.35190394711189377
323,2,10,150,46,0.028361369701356044
324,2,10,150,46,0.04342547274117719
325,2,10,150,46,0.06453919279387746
326,2,10,150,46,0.10724110818909528
327,2,10,150,46,0.0
328,2,10,150,46,0.1871240956243974
329,2,10,150,46,0.0
330,2,10,150,46,0.08916242981118074
331,2,10,150,46,0.05427266504401326
332,2,10,150,46,0.18967146462948598
333,2,10,150,46,0.05206745415870339
334,2,10,150,46,0.16442156799212554
335,2,10,150,46,0.0
336,2,10,150,46,0.11501232379588432
337,2,10,150,46,0.07596161868673496
338,2,10,150,46,0.07127723726551295
339,2,10,150,46,0.3313770684119226
340,2,10,150,46,0.17896552649342137
341,2,10,150,46,0.0
342,2,10,150,46,0.22037387059593025
343,2,10,150,46,0.35787262787059715
344,2,10,150,46,0.1523980172868318
345,2,10,150,46,0.09884105281262189
346,2,10,150,46,0.2890388513530402
347,2,10,150,46,0.18647807716080242
348,2,10,150,46,0.0
349,2,10,150,46,0.163169180413793
350,2,10,150,46,0.15663375052435954
351,2,10,150,46,0.1610216634970071
352,2,10,150,46,0.2470219007193075
353,2,10,150,46,0.0
354,2,10,150,46,0.1199029228187346
355,2,10,150,46,0.0
356,2,10,150,46,0.10061931714936387
357,2,10,150,46,0.08220038494336858
358,2,10,150,46,0.0
359,2,10,150,46,0.0
360,2,10,150,46,0.22728151171982378
361,2,10,150,46,0.08342237405087469
362,2,10,150,46,0.04690797720830594
363,2,10,150,46,0.2135548549716953
364,2,10,150,46,0.0
365,2,10,150,46,0.0
366,2,10,150,46,0.050143326786652107
367,2,10,150,46,0.0
368,2,10,150,46,0.03597158591011401
369,2,10,150,46,0.21386152848601384
370,2,10,150,46,0.053207364364877524
371,2,10,150,46,0.06330961329622671
372,2,10,150,46,0.0536466452928127
373,2,10,150,46,0.1498062759172458
374,2,10,150,46,0.20633226989070544
375,2,10,150,46,0.1676614286651071
376,2,10,150,46,0.038925970325304815
377,2,10,150,46,0.3067552645565975
378,2,10,150,46,0.06704475516108588
379,2,10,150,46,0.24155806074924566
380,2,10,150,46,0.06837830348656608
381,2,10,150,46,0.11420636678321934
382,2,10,150,46,0.11670077402731671
383,2,10,150,46,0.05181989685583115
384,2,10,150,46,0.0
385,2,10,150,46,0.20704077131309284
386,2,10,150,46,0.0
387,2,10,150,46,0.20298027887173514
388,2,10,150,46,0.0
389,2,10,150,46,0.28093565816065286
390,2,10,150,46,0.10466779365752882
391,2,10,150,46,0.13630277805526345
392,2,10,150,46,0.03902655101827149
393,2,10,150,46,0.014941034063478091
394,2,10,150,46,0.21887660193805822
395,2,10,150,46,0.06520401471200078
396,2,10,150,46,0.08006506288147622
397,2,10,150,46,0.19945281121976402
398,2,10,150,46,0.13003306300063086
399,2,10,150,46,0.02735132139462643
400,2,10,150,46,0.0
401,2,10,150,46,0.0
402,2,10,150,46,0.1798991830195577
403,2,10,150,46,0.21342888353269066
404,2,10,150,46,0.0
405,2,10,150,46,0.2348036727356987
406,2,10,150,46,0.30088548869931175
407,2,10,150,46,0.10658078533774172
408,2,10,150,46,0.08490303813485527
409,2,10,150,46,0.1907485901999658
410,2,10,150,46,0.1510508871592243
411,2,10,150,46,0.13359023741301432
412,2,10,150,46,0.041062015509212284
413,2,10,150,46,0.19475935863737628
414,2,10,150,46,0.04690797720830594
415,2,10,150,46,0.15582818336744758
416,2,10,150,46,0.487933438745985
417,2,10,150,46,0.32243692686538233
418,2,10,150,46,0.05130633033097092
419,2,10,150,46,0.09817896789964464
420,2,10,150,46,0.13011860784218718
421,2,10,150,46,0.29129642073446305
422,2,10,150,46,0.0654076987556055
423,2,10,150,46,0.0
424,2,10,150,46,0.039270700903099615
425,2,10,150,46,0.0645378721402429
426,2,10,150,46,0.01723275577264299
427,2,10,150,46,0.0
428,2,10,150,46,0.09545062073374358
429,2,10,150,46,0.32274374840363534
430,2,10,150,46,0.15528706581430715
431,2,10,150,46,0.0
432,2,10,150,46,0.06668302137384614
433,2,10,150,46,0.10047622221317463
434,2,10,150,46,0.1877041080031967
435,2,10,150,46,0.40203165301961463
436,2,10,150,46,0.07356929080636468
437,2,10,150,46,0.30943562289294174
438,2,10,150,46,0.11342455428465782
439,2,10,150,46,0.0
440,2,10,150,46,0.032014847745354055
441,2,10,150,46,0.1731866333482261
442,2,10,150,46,0.0458930267500042
443,2,10,150,46,0.0
444,2,10,150,46,0.0796221118108625
445,2,10,150,46,0.0304907615224
446,2,10,150,46,0.13356958453958645
447,2,10,150,46,0.06238197806367734
448,2,10,150,46,0.0
449,2,10,150,46,0.10848432672679821
450,2,10,150,46,0.5240516598782768
451,2,10,150,46,0.05163551141839463
452,2,10,150,46,0.219510358249813
453,2,10,150,46,0.12059810691440735
454,2,10,150,46,0.0
455,2,10,150,46,0.1092973296429279
456,2,10,150,46,0.11128217595688134
457,2,10,150,46,0.5847701494514286
458,2,10,150,46,0.3123568144500755
459,2,10,150,46,0.22174063760859808
460,2,10,150,46,0.07041837375515932
461,2,10,150,46,0.0
462,2,10,150,46,0.04010913675862143
463,2,10,150,46,0.25941069833614044
464,2,10,150,46,0.024240213052394943
465,2,10,150,46,0.10783006935442738
466,2,10,150,46,0.11403278883465191
467,2,10,150,46,0.09300532025926726
468,2,10,150,46,0.24920023472362512
469,2,10,150,46,0.05651614765972419
470,2,10,150,46,0.02794110381151734
471,2,10,150,46,0.0
472,2,10,150,46,0.24477198425009367
473,2,10,150,46,0.2622744659873325
474,2,10,150,46,0.4696920086365972
475,2,10,150,46,0.07311683844390994
476,2,10,150,46,0.021791008948563714
477,2,10,150,46,0.07075576072108061
478,2,10,150,46,0.09953056232141284
479,2,10,150,46,0.22476109437763367
480,2,10,150,46,0.15920120556239784
481,2,10,150,46,0.048705796110663196
482,2,10,150,46,0.04290887548434951
483,2,10,150,46,0.0273055648695642
484,2,10,150,46,0.20836962244052543
485,2,10,150,46,0.0
486,2,10,150,46,0.023718914905507264
487,2,10,150,46,0.34939536396916304
488,2,10,150,46,0.0
489,2,10,150,46,0.0
490,2,10,150,46,0.11630686983226163
491,2,10,150,46,0.03859643636257609
492,2,10,150,46,0.1338895448360617
493,2,10,150,46,0.18512728485716454
494,2,10,150,46,0.08596118914843212
495,2,10,150,46,0.13590881327628548
496,2,10,150,46,0.025885143701048084
497,2,10,150,46,0.13788865358694324
498,2,10,150,46,0.07276978848119589
499,2,10,150,46,0.07592327120124845
500,2,10,150,46,0.19908361838237504
501,2,10,150,46,0.0
502,2,10,150,46,0.0
503,2,10,150,46,0.10073539222922143
504,2,10,150,46,0.16065651505209283
505,2,10,150,46,0.05688647497208646
506,2,10,150,46,0.15776868387096676
507,2,10,150,46,0.0
508,2,10,150,46,0.20345924618307185
509,2,10,150,46,0.0
510,2,10,150,46,0.0
511,2,10,150,46,0.0
512,2,10,150,46,0.08364069030518707
513,2,10,150,46,0.0
514,2,10,150,46,0.17984753324914424
515,2,10,150,46,0.034743705427429224
516,2,10,150,46,0.1340330647732781
517,2,10,150,46,0.07931777113368761
518,2,10,150,46,0.1271756500386261
519,2,10,150,46,0.02766780364150026
520,2,10,150,46,0.0
521,2,10,150,46,0.0
522,2,10,150,46,0.0559167101555819
523,2,10,150,46,0.2032904290827781
524,2,10,150,46,0.12138418071202493
525,2,10,150,46,0.0
526,2,10,150,46,0.0
527,2,10,150,46,0.29386026158536194
528,2,10,150,46,0.17766119401073668
529,2,10,150,46,0.0
530,2,10,150,46,0.03067046672709443
531,2,10,150,46,0.0
532,2,10,150,46,0.06489972163974404
533,2,10,150,46,0.042370063917980955
534,2,10,150,46,0.024909303741335254
535,2,10,150,46,0.2163441695235971
536,2,10,150,46,0.16788508033668512
537,2,10,150,46,0.43705716655034926
538,2,10,150,46,0.032394594743117074
539,2,10,150,46,0.07066252848762221
540,2,10,150,46,0.0
541,2,10,150,46,0.06833564325125971
542,2,10,150,46,0.0791216087967226
543,2,10,150,46,0.04102698209193965
544,2,10,150,46,0.0
545,2,10,150,46,0.06110152891247522
546,2,10,150,46,0.03314153504336938
547,2,10,150,46,0.04855455745827926
548,2,10,150,46,0.03883106019841818
549,2,10,150,46,0.0
550,2,10,150,46,0.0
551,2,10,150,46,0.23728631517803062
552,2,10,150,46,0.048059443651065493
553,2,10,150,46,0.11579410298816686
554,2,10,150,46,0.07041837375515932
555,2,10,150,46,0.06932393791073393
556,2,10,150,46,0.12950483456354783
557,2,10,150,46,0.04470486007704452
558,2,10,150,46,0.265053101293003
559,2,10,150,46,0.08620000398338708
560,2,10,150,46,0.028567598460307132
561,2,10,150,46,0.06691212579298773
562,2,10,150,46,0.07720150835011791
563,2,10,150,46,0.0
564,2,10,150,46,0.0
565,2,10,150,46,0.2420384859324969
566,2,10,150,46,0.019604051606069237
567,2,10,150,46,0.04359722747499328
568,2,10,150,46,0.0
569,2,10,150,46,0.17563954439010937
570,2,10,150,46,0.0
571,2,10,150,46,0.0
572,2,10,150,46,0.0
573,2,10,150,46,0.03246641181906899
574,2,10,150,46,0.05058854055353143
575,2,10,150,46,0.05154847002173459
576,2,10,150,46,0.0
577,2,10,150,46,0.0784247757209491
578,2,10,150,46,0.0
579,2,10,150,46,0.08297540479108526
580,2,10,150,46,0.18080124080515705
581,2,10,150,46,0.0
582,2,10,150,46,0.0
583,2,10,150,46,0.0
584,2,10,150,46,0.0
585,2,10,150,46,0.08668163308546498
586,2,10,150,46,0.10132509239867551
587,2,10,150,46,0.03459392809572638
588,2,10,150,46,0.037573347678695114
589,2,10,150,46,0.0
590,2,10,150,46,0.06139304560474655
591,2,10,150,46,0.0
592,2,10,150,46,0.3284610755227219
593,2,10,150,46,0.04586709436300111
594,2,10,150,46,0.0
595,2,10,150,46,0.0
596,2,10,150,46,0.0
597,2,10,150,46,0.0
598,2,10,150,46,0.0
599,2,10,150,46,0.0
600,2,10,150,46,0.024325165853816375
601,2,10,150,46,0.03369782041898502
602,2,10,150,46,0.0
603,2,10,150,46,0.1435203717549576
604,2,10,150,46,0.0
605,2,10,150,46,0.2278130597922509
606,2,10,150,46,0.23204083039530643
607,2,10,150,46,0.08440880858250024
608,2,10,150,46,0.2120992422792938
609,2,10,150,46,0.0
610,2,10,150,46,0.1629867900167321
611,2,10,150,46,0.0
612,2,10,150,46,0.15130120674940672
613,2,10,150,46,0.0
614,2,10,150,46,0.046614515546531544
615,2,10,150,46,0.09083374831253048
616,2,10,150,46,0.0
617,2,10,150,46,0.044257815106106525
618,2,10,150,46,0.18766481803906507
619,2,10,150,46,0.05319635904163211
620,2,10,150,46,0.05809221878835284
621,2,10,150,46,0.06335388063984314
622,2,10,150,46,0.12980296240199146
623,2,10,150,46,0.0
624,2,10,150,46,0.0536466452928127
625,2,10,150,46,0.0
626,2,10,150,46,0.0
627,2,10,150,46,0.0
628,2,10,150,46,0.0
629,2,10,150,46,0.19451610919980286
630,2,10,150,46,0.0
631,2,10,150,46,0.0859574327152926
632,2,10,150,46,0.13439570003165963
633,2,10,150,46,0.07667481399289292
634,2,10,150,46,0.030975021478781034
635,2,10,150,46,0.0
636,2,10,150,46,0.0
637,2,10,150,46,0.0
638,2,10,150,46,0.0
639,2,10,150,46,0.0
640,2,10,150,46,0.0
642,2,10,150,46,0.11431346864321287
643,2,10,150,46,0.0
644,2,10,150,46,0.0
645,2,10,150,46,0.09759501249802542
647,2,10,150,46,0.0
648,2,10,150,46,0.18159464350583557
649,2,10,150,46,1.0
650,2,10,150,46,0.0
651,2,10,150,46,0.0
653,2,10,150,46,0.0
654,2,10,150,46,0.058087171966128066
655,2,10,150,46,0.11621678240839849
658,2,10,150,46,0.0
1,2,10,150,47,0.5874512230749284
2,2,10,150,47,0.1083188688865055
3,2,10,150,47,0.03098598178059488
4,2,10,150,47,0.06166887310869151
5,2,10,150,47,0.09714795733966866
6,2,10,150,47,0.20245035127122446
7,2,10,150,47,0.2641572806122517
8,2,10,150,47,0.03361684724314943
9,2,10,150,47,0.0
10,2,10,150,47,0.1898407915550228
11,2,10,150,47,0.10464473261331256
12,2,10,150,47,0.0
13,2,10,150,47,0.3769289105204391
14,2,10,150,47,0.12939622934497527
15,2,10,150,47,0.0
16,2,10,150,47,0.2491367253726175
17,2,10,150,47,0.0
18,2,10,150,47,0.24918101591866576
19,2,10,150,47,0.0
20,2,10,150,47,0.0
21,2,10,150,47,0.0
22,2,10,150,47,0.0
23,2,10,150,47,0.21391710343217823
24,2,10,150,47,0.08491010262674986
25,2,10,150,47,0.0
26,2,10,150,47,0.11161048176369433
27,2,10,150,47,0.0
28,2,10,150,47,0.10854509048291378
29,2,10,150,47,0.0
30,2,10,150,47,0.0
31,2,10,150,47,0.046287481291184845
32,2,10,150,47,0.11781210270929884
33,2,10,150,47,0.0
34,2,10,150,47,0.07239559903187814
35,2,10,150,47,0.0
36,2,10,150,47,0.0
37,2,10,150,47,0.0
38,2,10,150,47,0.022018862991815775
39,2,10,150,47,0.15820890896021753
40,2,10,150,47,0.2212397779175911
41,2,10,150,47,0.0
42,2,10,150,47,0.17084502871918114
43,2,10,150,47,0.07416871541495133
44,2,10,150,47,0.1565413821318793
45,2,10,150,47,0.0
46,2,10,150,47,0.10684080426179023
47,2,10,150,47,0.0
48,2,10,150,47,0.11590514112147128
49,2,10,150,47,0.04407878495393109
50,2,10,150,47,0.0
51,2,10,150,47,0.07984133538066794
52,2,10,150,47,0.028947056565878558
53,2,10,150,47,0.12810519548676028
54,2,10,150,47,0.047934103497110726
55,2,10,150,47,0.0
56,2,10,150,47,0.22047893971599028
57,2,10,150,47,0.0524456916588361
58,2,10,150,47,0.13115096900174386
59,2,10,150,47,0.41410381442710614
60,2,10,150,47,0.2291435327934362
61,2,10,150,47,0.06416923277158361
62,2,10,150,47,0.20217064982016086
63,2,10,150,47,0.0763437499438357
64,2,10,150,47,0.05102069414882301
65,2,10,150,47,0.18154179097601578
66,2,10,150,47,0.12995427111679475
67,2,10,150,47,0.24630238874073
68,2,10,150,47,0.04358896759704514
69,2,10,150,47,0.10495938403254562
70,2,10,150,47,0.03155184951131585
71,2,10,150,47,0.04416548762473651
72,2,10,150,47,0.2530421030801216
73,2,10,150,47,0.26386730550459286
74,2,10,150,47,0.17342765698823945
75,2,10,150,47,0.16021137204676433
76,2,10,150,47,0.21046795809065558
77,2,10,150,47,0.096890966577576
78,2,10,150,47,0.0
79,2,10,150,47,0.08508236880273473
80,2,10,150,47,0.1744476820873323
81,2,10,150,47,0.0
82,2,10,150,47,0.0
83,2,10,150,47,0.046841820324159865
84,2,10,150,47,0.029136604147144557
85,2,10,150,47,0.25939551537064715
86,2,10,150,47,0.07028063830038406
87,2,10,150,47,0.19929372183334823
88,2,10,150,47,0.06294571929989644
89,2,10,150,47,0.18088671094342104
90,2,10,150,47,0.14495539974867816
91,2,10,150,47,0.04847782757894306
92,2,10,150,47,0.1421876627231851
93,2,10,150,47,0.0
94,2,10,150,47,0.3227650833623948
95,2,10,150,47,0.15362457524181675
96,2,10,150,47,0.10504867376923349
97,2,10,150,47,0.17977962524942098
98,2,10,150,47,0.0
99,2,10,150,47,0.08227650340095313
100,2,10,150,47,0.0
101,2,10,150,47,0.0
102,2,10,150,47,0.059156946454200006
103,2,10,150,47,0.04579340374561851
104,2,10,150,47,0.0
105,2,10,150,47,0.0
106,2,10,150,47,0.0
107,2,10,150,47,0.0
108,2,10,150,47,0.04485361187694993
109,2,10,150,47,0.2247700099376454
110,2,10,150,47,0.037578324799282276
111,2,10,150,47,0.09077089626867633
112,2,10,150,47,0.0
113,2,10,150,47,0.178509607681865
114,2,10,150,47,0.0
115,2,10,150,47,0.1737092330727855
116,2,10,150,47,0.026497157492079246
117,2,10,150,47,0.0
118,2,10,150,47,0.13610876526485238
119,2,10,150,47,0.13703643189628367
120,2,10,150,47,0.361879195385413
121,2,10,150,47,0.08886612137430887
122,2,10,150,47,0.11504775274472687
123,2,10,150,47,0.12990556389377814
124,2,10,150,47,0.14739123024359468
125,2,10,150,47,0.12045736530405556
126,2,10,150,47,0.0
127,2,10,150,47,0.06462745615384195
128,2,10,150,47,0.03395990245091098
129,2,10,150,47,0.0
130,2,10,150,47,0.1187667431562993
131,2,10,150,47,0.36227735599025207
132,2,10,150,47,0.12643913909707097
133,2,10,150,47,0.0
134,2,10,150,47,0.0
135,2,10,150,47,0.0
136,2,10,150,47,0.07134641965977037
137,2,10,150,47,0.03125036271105264
138,2,10,150,47,0.10332949630181452
139,2,10,150,47,0.0
140,2,10,150,47,0.0
141,2,10,150,47,0.12556328258692692
142,2,10,150,47,0.0
143,2,10,150,47,0.0
144,2,10,150,47,0.19012507218798258
145,2,10,150,47,0.10983969289776567
146,2,10,150,47,0.0
147,2,10,150,47,0.0
148,2,10,150,47,0.08790431357288034
149,2,10,150,47,0.10486881530019958
150,2,10,150,47,0.0
151,2,10,150,47,0.21735473297050295
152,2,10,150,47,0.04019832975607886
153,2,10,150,47,0.071942683897578
154,2,10,150,47,0.047978870624887156
155,2,10,150,47,0.0
156,2,10,150,47,0.06437746926759551
157,2,10,150,47,0.06857646087959317
158,2,10,150,47,0.14322216518687927
159,2,10,150,47,0.024782300799839303
160,2,10,150,47,0.09926896187055606
161,2,10,150,47,0.0
162,2,10,150,47,0.0
163,2,10,150,47,0.0
164,2,10,150,47,0.029649957429587842
165,2,10,150,47,0.0
166,2,10,150,47,0.06175696970122604
167,2,10,150,47,0.040419659112753054
168,2,10,150,47,0.0
169,2,10,150,47,0.03870447337439288
170,2,10,150,47,0.0
171,2,10,150,47,0.0
172,2,10,150,47,0.0
173,2,10,150,47,0.0
174,2,10,150,47,0.19359660097195475
175,2,10,150,47,0.22732566419594713
176,2,10,150,47,0.0
177,2,10,150,47,0.29715079985975246
178,2,10,150,47,0.20643689417925784
179,2,10,150,47,0.054384419234677496
180,2,10,150,47,0.08391511424653819
181,2,10,150,47,0.05215908107466446
182,2,10,150,47,0.05005165434923901
183,2,10,150,47,0.0
184,2,10,150,47,0.17841963219458173
185,2,10,150,47,0.0
186,2,10,150,47,0.030868393892711742
187,2,10,150,47,0.14023428091042053
188,2,10,150,47,0.26990485040471895
189,2,10,150,47,0.10989221810988628
190,2,10,150,47,0.0
191,2,10,150,47,0.0
192,2,10,150,47,0.0
193,2,10,150,47,0.0
194,2,10,150,47,0.10406499550279434
195,2,10,150,47,0.04606861224913365
196,2,10,150,47,0.04485361187694993
197,2,10,150,47,0.12309687790081901
198,2,10,150,47,0.028186415745733433
199,2,10,150,47,0.2529427027676571
200,2,10,150,47,0.231244732291997
201,2,10,150,47,0.10582240270453211
202,2,10,150,47,0.27487633291429087
203,2,10,150,47,0.10238606821339166
204,2,10,150,47,0.0
205,2,10,150,47,0.1465996756793884
206,2,10,150,47,0.028694189013458257
207,2,10,150,47,0.021853048055399903
208,2,10,150,47,0.05919139647768146
209,2,10,150,47,0.0
210,2,10,150,47,0.15616800156313473
211,2,10,150,47,0.0
212,2,10,150,47,0.11738002835756964
213,2,10,150,47,0.06272890313218925
214,2,10,150,47,0.18976833471018986
215,2,10,150,47,0.11433722369502479
216,2,10,150,47,0.14425650580287722
217,2,10,150,47,0.10298663607405599
218,2,10,150,47,0.1023482199458735
219,2,10,150,47,0.0
220,2,10,150,47,0.0
221,2,10,150,47,0.10144613070733857
222,2,10,150,47,0.10577606041392074
223,2,10,150,47,0.0
224,2,10,150,47,0.029996736818897345
225,2,10,150,47,0.0
226,2,10,150,47,0.07386039040058112
227,2,10,150,47,0.0947812167140767
228,2,10,150,47,0.0
229,2,10,150,47,0.0
230,2,10,150,47,0.24667220276083424
231,2,10,150,47,0.3903800499921017
232,2,10,150,47,0.11605494365670165
233,2,10,150,47,0.11278984802012952
234,2,10,150,47,0.08787011262059358
235,2,10,150,47,0.1075070751982482
236,2,10,150,47,0.10718351281255113
237,2,10,150,47,0.21822953849175877
238,2,10,150,47,0.0
239,2,10,150,47,0.05752505190825261
240,2,10,150,47,0.0
241,2,10,150,47,0.0
242,2,10,150,47,0.07673373981757839
243,2,10,150,47,0.23165732683700077
244,2,10,150,47,0.16479977547418895
245,2,10,150,47,0.0
246,2,10,150,47,0.12961576983846895
247,2,10,150,47,0.0
248,2,10,150,47,0.14176813152020928
249,2,10,150,47,0.20492684786203083
250,2,10,150,47,0.04538944932777023
251,2,10,150,47,0.10803826056443963
252,2,10,150,47,0.13120507751234178
253,2,10,150,47,0.1704602196779193
254,2,10,150,47,0.228671039402572
255,2,10,150,47,0.024185523485714195
256,2,10,150,47,0.2972239325005576
257,2,10,150,47,0.04759023790187059
258,2,10,150,47,0.0
259,2,10,150,47,0.0
260,2,10,150,47,0.0
261,2,10,150,47,0.0
262,2,10,150,47,0.05887472794707303
263,2,10,150,47,0.09340671208136468
264,2,10,150,47,0.07935123938715939
265,2,10,150,47,0.042553256627589686
266,2,10,150,47,0.0
267,2,10,150,47,0.13338816180830973
268,2,10,150,47,0.1580881090669688
269,2,10,150,47,0.10113925181926894
270,2,10,150,47,0.08961610996238861
271,2,10,150,47,0.27374340912343836
272,2,10,150,47,0.33957662813068484
273,2,10,150,47,0.0
274,2,10,150,47,0.05829918151249392
275,2,10,150,47,0.04105877938688906
276,2,10,150,47,0.2652401569605573
277,2,10,150,47,0.0
278,2,10,150,47,0.04305311721683474
279,2,10,150,47,0.2633033493949598
280,2,10,150,47,0.09430381438247935
281,2,10,150,47,0.05516788910004661
282,2,10,150,47,0.0
283,2,10,150,47,0.06286054135527182
284,2,10,150,47,0.0
285,2,10,150,47,0.15002687789384317
286,2,10,150,47,0.11319921329080145
287,2,10,150,47,0.0845667599404342
288,2,10,150,47,0.06730415016162657
289,2,10,150,47,0.06510475888148554
290,2,10,150,47,0.09449357188080848
291,2,10,150,47,0.21997309299860673
292,2,10,150,47,0.32796947465095533
293,2,10,150,47,0.15451511672235535
294,2,10,150,47,0.05942233668176323
295,2,10,150,47,0.12048955139561926
296,2,10,150,47,0.06898258079289049
297,2,10,150,47,0.07571870268344093
298,2,10,150,47,0.33989391760219023
299,2,10,150,47,0.041937660325009396
300,2,10,150,47,0.0
301,2,10,150,47,0.15968369388087636
302,2,10,150,47,0.0
303,2,10,150,47,0.4254635491432948
304,2,10,150,47,0.09811693595042764
305,2,10,150,47,0.16038617283842335
306,2,10,150,47,0.07286537763060504
307,2,10,150,47,0.1288139404283001
308,2,10,150,47,0.1649030297274201
309,2,10,150,47,0.0
310,2,10,150,47,0.0
311,2,10,150,47,0.3088518607027183
312,2,10,150,47,0.11270672139846426
313,2,10,150,47,0.28479374817051056
314,2,10,150,47,0.13855557550147524
315,2,10,150,47,0.15734607654320276
316,2,10,150,47,0.029546401698350686
317,2,10,150,47,0.0
318,2,10,150,47,0.10353336838635137
319,2,10,150,47,0.0
320,2,10,150,47,0.04539294738377069
321,2,10,150,47,0.12530728980532893
322,2,10,150,47,0.35190394711189377
323,2,10,150,47,0.028361369701356044
324,2,10,150,47,0.04342547274117719
325,2,10,150,47,0.06453919279387746
326,2,10,150,47,0.10568834085466422
327,2,10,150,47,0.0
328,2,10,150,47,0.1844146851373463
329,2,10,150,47,0.0
330,2,10,150,47,0.08916242981118074
331,2,10,150,47,0.05427266504401326
332,2,10,150,47,0.18967146462948598
333,2,10,150,47,0.05206745415870339
334,2,10,150,47,0.16204087234131287
335,2,10,150,47,0.0
336,2,10,150,47,0.11501232379588432
337,2,10,150,47,0.07596161868673496
338,2,10,150,47,0.07127723726551295
339,2,10,150,47,0.3265789877514517
340,2,10,150,47,0.17896552649342137
341,2,10,150,47,0.0
342,2,10,150,47,0.2316622469214806
343,2,10,150,47,0.3526909122409467
344,2,10,150,47,0.1523980172868318
345,2,10,150,47,0.09740991170731371
346,2,10,150,47,0.2848537949475142
347,2,10,150,47,0.1982572380531057
348,2,10,150,47,0.0
349,2,10,150,47,0.163169180413793
350,2,10,150,47,0.15663375052435954
351,2,10,150,47,0.1610216634970071
352,2,10,150,47,0.2470219007193075
353,2,10,150,47,0.0
354,2,10,150,47,0.11816682231586165
355,2,10,150,47,0.0
356,2,10,150,47,0.10061931714936387
357,2,10,150,47,0.08220038494336858
358,2,10,150,47,0.0
359,2,10,150,47,0.0
360,2,10,150,47,0.22728151171982378
361,2,10,150,47,0.08342237405087469
362,2,10,150,47,0.04690797720830594
363,2,10,150,47,0.22494196530786045
364,2,10,150,47,0.0
365,2,10,150,47,0.0
366,2,10,150,47,0.050143326786652107
367,2,10,150,47,0.0
368,2,10,150,47,0.06788053752288492
369,2,10,150,47,0.21386152848601384
370,2,10,150,47,0.07467111546885295
371,2,10,150,47,0.06330961329622671
372,2,10,150,47,0.0536466452928127
373,2,10,150,47,0.1476371982597592
374,2,10,150,47,0.21782395760744125
375,2,10,150,47,0.1676614286651071
376,2,10,150,47,0.038925970325304815
377,2,10,150,47,0.3067552645565975
378,2,10,150,47,0.06607399956636098
379,2,10,150,47,0.23806048903972385
380,2,10,150,47,0.06738823915553979
381,2,10,150,47,0.1125527479543991
382,2,10,150,47,0.11670077402731671
383,2,10,150,47,0.05181989685583115
384,2,10,150,47,0.0
385,2,10,150,47,0.2040429829461215
386,2,10,150,47,0.0
387,2,10,150,47,0.20004128325813153
388,2,10,150,47,0.0
389,2,10,150,47,0.27686792965210777
390,2,10,150,47,0.10466779365752882
391,2,10,150,47,0.13630277805526345
392,2,10,150,47,0.03902655101827149
393,2,10,150,47,0.014724699581037991
394,2,10,150,47,0.21570744000473116
395,2,10,150,47,0.06520401471200078
396,2,10,150,47,0.08006506288147622
397,2,10,150,47,0.19945281121976402
398,2,10,150,47,0.128150285994379
399,2,10,150,47,0.026955295662215918
400,2,10,150,47,0.0
401,2,10,150,47,0.0
402,2,10,150,47,0.1798991830195577
403,2,10,150,47,0.21342888353269066
404,2,10,150,47,0.0
405,2,10,150,47,0.23140389927955765
406,2,10,150,47,0.29652890225456136
407,2,10,150,47,0.10503757896152037
408,2,10,150,47,0.08490303813485527
409,2,10,150,47,0.20246591740497832
410,2,10,150,47,0.1510508871592243
411,2,10,150,47,0.13359023741301432
412,2,10,150,47,0.041062015509212284
413,2,10,150,47,0.19475935863737628
414,2,10,150,47,0.04690797720830594
415,2,10,150,47,0.15582818336744758
416,2,10,150,47,0.48086854434256787
417,2,10,150,47,0.31776829245917976
418,2,10,150,47,0.05130633033097092
419,2,10,150,47,0.09817896789964464
420,2,10,150,47,0.13011860784218718
421,2,10,150,47,0.29129642073446305
422,2,10,150,47,0.0654076987556055
423,2,10,150,47,0.0
424,2,10,150,47,0.039270700903099615
425,2,10,150,47,0.0636034142501178
426,2,10,150,47,0.01723275577264299
427,2,10,150,47,0.0
428,2,10,150,47,0.09545062073374358
429,2,10,150,47,0.3180706714616352
430,2,10,150,47,0.17441334704295655
431,2,10,150,47,0.0
432,2,10,150,47,0.06668302137384614
433,2,10,150,47,0.10047622221317463
434,2,10,150,47,0.1877041080031967
435,2,10,150,47,0.39621054925858823
436,2,10,150,47,0.0725040650407007
437,2,10,150,47,0.3049552371952271
438,2,10,150,47,0.11342455428465782
439,2,10,150,47,0.0
440,2,10,150,47,0.032014847745354055
441,2,10,150,47,0.1731866333482261
442,2,10,150,47,0.04522853163223719
443,2,10,150,47,0.0
444,2,10,150,47,0.0796221118108625
445,2,10,150,47,0.03004927915343354
446,2,10,150,47,0.13356958453958645
447,2,10,150,47,0.06147873583287463
448,2,10,150,47,0.0
449,2,10,150,47,0.10848432672679821
450,2,10,150,47,0.5164638018940182
451,2,10,150,47,0.05163551141839463
452,2,10,150,47,0.21633202002098229
453,2,10,150,47,0.11885194068978455
454,2,10,150,47,0.0
455,2,10,150,47,0.10771478983076153
456,2,10,150,47,0.10967089712315677
457,2,10,150,47,0.5763031352480927
458,2,10,150,47,0.3078341321843365
459,2,10,150,47,0.21853000667976213
460,2,10,150,47,0.07041837375515932
461,2,10,150,47,0.0
462,2,10,150,47,0.04010913675862143
463,2,10,150,47,0.2556546344033801
464,2,10,150,47,0.024240213052394943
465,2,10,150,47,0.10783006935442738
466,2,10,150,47,0.11403278883465191
467,2,10,150,47,0.09300532025926726
468,2,10,150,47,0.24559201031466898
469,2,10,150,47,0.05651614765972419
470,2,10,150,47,0.02794110381151734
471,2,10,150,47,0.0
472,2,10,150,47,0.24122787744305427
473,2,10,150,47,0.2622744659873325
474,2,10,150,47,0.4628912358679288
475,2,10,150,47,0.07311683844390994
476,2,10,150,47,0.021791008948563714
477,2,10,150,47,0.07075576072108061
478,2,10,150,47,0.09808943765793271
479,2,10,150,47,0.2215067295981763
480,2,10,150,47,0.15920120556239784
481,2,10,150,47,0.048705796110663196
482,2,10,150,47,0.04290887548434951
483,2,10,150,47,0.0273055648695642
484,2,10,150,47,0.20535259334900505
485,2,10,150,47,0.0
486,2,10,150,47,0.023375483576837285
487,2,10,150,47,0.3588156100251509
488,2,10,150,47,0.0
489,2,10,150,47,0.0
490,2,10,150,47,0.11630686983226163
491,2,10,150,47,0.03859643636257609
492,2,10,150,47,0.1338895448360617
493,2,10,150,47,0.18244678662759334
494,2,10,150,47,0.08596118914843212
495,2,10,150,47,0.14842017754108328
496,2,10,150,47,0.025510347074411504
497,2,10,150,47,0.13589213377570675
498,2,10,150,47,0.07171613888361976
499,2,10,150,47,0.07592327120124845
500,2,10,150,47,0.19620104336366662
501,2,10,150,47,0.0
502,2,10,150,47,0.0
503,2,10,150,47,0.09927682257141048
504,2,10,150,47,0.15833033442183905
505,2,10,150,47,0.05688647497208646
506,2,10,150,47,0.15548431677659605
507,2,10,150,47,0.0
508,2,10,150,47,0.20345924618307185
509,2,10,150,47,0.0
510,2,10,150,47,0.0
511,2,10,150,47,0.0
512,2,10,150,47,0.08364069030518707
513,2,10,150,47,0.0
514,2,10,150,47,0.1772434816916495
515,2,10,150,47,0.034743705427429224
516,2,10,150,47,0.1340330647732781
517,2,10,150,47,0.07931777113368761
518,2,10,150,47,0.1271756500386261
519,2,10,150,47,0.02766780364150026
520,2,10,150,47,0.0
521,2,10,150,47,0.0
522,2,10,150,47,0.0559167101555819
523,2,10,150,47,0.2032904290827781
524,2,10,150,47,0.11962663275388591
525,2,10,150,47,0.0
526,2,10,150,47,0.0
527,2,10,150,47,0.2896053949322447
528,2,10,150,47,0.17766119401073668
529,2,10,150,47,0.0
530,2,10,150,47,0.03067046672709443
531,2,10,150,47,0.0
532,2,10,150,47,0.06396002445199984
533,2,10,150,47,0.04175657854543529
534,2,10,150,47,0.024909303741335254
535,2,10,150,47,0.2276908927675848
536,2,10,150,47,0.16545423573719178
537,2,10,150,47,0.44520813829703587
538,2,10,150,47,0.032394594743117074
539,2,10,150,47,0.07066252848762221
540,2,10,150,47,0.0
541,2,10,150,47,0.06833564325125971
542,2,10,150,47,0.07797598981103891
543,2,10,150,47,0.04043294349332388
544,2,10,150,47,0.0
545,2,10,150,47,0.060216826583478454
546,2,10,150,47,0.03314153504336938
547,2,10,150,47,0.04855455745827926
548,2,10,150,47,0.03883106019841818
549,2,10,150,47,0.0
550,2,10,150,47,0.0
551,2,10,150,47,0.24832981253938605
552,2,10,150,47,0.048059443651065493
553,2,10,150,47,0.11579410298816686
554,2,10,150,47,0.07041837375515932
555,2,10,150,47,0.06932393791073393
556,2,10,150,47,0.12950483456354783
557,2,10,150,47,0.04470486007704452
558,2,10,150,47,0.265053101293003
559,2,10,150,47,0.08620000398338708
560,2,10,150,47,0.028567598460307132
561,2,10,150,47,0.06594329056773539
562,2,10,150,47,0.07720150835011791
563,2,10,150,47,0.0
564,2,10,150,47,0.0
565,2,10,150,47,0.2420384859324969
566,2,10,150,47,0.03548242894850303
567,2,10,150,47,0.04359722747499328
568,2,10,150,47,0.0
569,2,10,150,47,0.17563954439010937
570,2,10,150,47,0.0
571,2,10,150,47,0.0
572,2,10,150,47,0.0
573,2,10,150,47,0.03246641181906899
574,2,10,150,47,0.05058854055353143
575,2,10,150,47,0.05154847002173459
576,2,10,150,47,0.0
577,2,10,150,47,0.0784247757209491
578,2,10,150,47,0.0
579,2,10,150,47,0.08297540479108526
580,2,10,150,47,0.18080124080515705
581,2,10,150,47,0.0
582,2,10,150,47,0.0
583,2,10,150,47,0.0
584,2,10,150,47,0.0
585,2,10,150,47,0.08668163308546498
586,2,10,150,47,0.10132509239867551
587,2,10,150,47,0.03459392809572638
588,2,10,150,47,0.037573347678695114
589,2,10,150,47,0.0
590,2,10,150,47,0.06139304560474655
591,2,10,150,47,0.0
592,2,10,150,47,0.3381844336951183
593,2,10,150,47,0.04586709436300111
594,2,10,150,47,0.0
595,2,10,150,47,0.0
596,2,10,150,47,0.0
597,2,10,150,47,0.0
598,2,10,150,47,0.0
599,2,10,150,47,0.0
600,2,10,150,47,0.024325165853816375
601,2,10,150,47,0.03369782041898502
602,2,10,150,47,0.0
603,2,10,150,47,0.1435203717549576
604,2,10,150,47,0.0
605,2,10,150,47,0.2278130597922509
606,2,10,150,47,0.23204083039530643
607,2,10,150,47,0.08440880858250024
608,2,10,150,47,0.2120992422792938
609,2,10,150,47,0.0
610,2,10,150,47,0.1629867900167321
611,2,10,150,47,0.0
612,2,10,150,47,0.15130120674940672
613,2,10,150,47,0.0
614,2,10,150,47,0.046614515546531544
615,2,10,150,47,0.09083374831253048
616,2,10,150,47,0.0
617,2,10,150,47,0.044257815106106525
618,2,10,150,47,0.18766481803906507
619,2,10,150,47,0.05319635904163211
620,2,10,150,47,0.05809221878835284
621,2,10,150,47,0.06335388063984314
622,2,10,150,47,0.12980296240199146
623,2,10,150,47,0.0
624,2,10,150,47,0.0536466452928127
625,2,10,150,47,0.0
626,2,10,150,47,0.0
627,2,10,150,47,0.0
628,2,10,150,47,0.0
629,2,10,150,47,0.19451610919980286
630,2,10,150,47,0.0
631,2,10,150,47,0.0859574327152926
632,2,10,150,47,0.13439570003165963
633,2,10,150,47,0.07667481399289292
634,2,10,150,47,0.030975021478781034
635,2,10,150,47,0.0
636,2,10,150,47,0.0
637,2,10,150,47,0.0
638,2,10,150,47,0.0
639,2,10,150,47,0.0
640,2,10,150,47,0.0
642,2,10,150,47,0.11431346864321287
643,2,10,150,47,0.0
644,2,10,150,47,0.0
645,2,10,150,47,0.09759501249802542
647,2,10,150,47,0.0
648,2,10,150,47,0.18159464350583557
649,2,10,150,47,1.0
650,2,10,150,47,0.0
651,2,10,150,47,0.0
653,2,10,150,47,0.0
654,2,10,150,47,0.058087171966128066
655,2,10,150,47,0.11621678240839849
658,2,10,150,47,0.0
1,2,10,150,48,0.5791105800112367
2,2,10,150,48,0.1083188688865055
3,2,10,150,48,0.03098598178059488
4,2,10,150,48,0.06166887310869151
5,2,10,150,48,0.09714795733966866
6,2,10,150,48,0.19957595753137705
7,2,10,150,48,0.26040677077633767
8,2,10,150,48,0.03361684724314943
9,2,10,150,48,0.0
10,2,10,150,48,0.1898407915550228
11,2,10,150,48,0.10464473261331256
12,2,10,150,48,0.0
13,2,10,150,48,0.3857752850899779
14,2,10,150,48,0.12939622934497527
15,2,10,150,48,0.0
16,2,10,150,48,0.2491367253726175
17,2,10,150,48,0.0
18,2,10,150,48,0.24564313935906487
19,2,10,150,48,0.0
20,2,10,150,48,0.0
21,2,10,150,48,0.0
22,2,10,150,48,0.0
23,2,10,150,48,0.21391710343217823
24,2,10,150,48,0.08491010262674986
25,2,10,150,48,0.0
26,2,10,150,48,0.11161048176369433
27,2,10,150,48,0.0
28,2,10,150,48,0.10854509048291378
29,2,10,150,48,0.0
30,2,10,150,48,0.0
31,2,10,150,48,0.046287481291184845
32,2,10,150,48,0.11781210270929884
33,2,10,150,48,0.0
34,2,10,150,48,0.07239559903187814
35,2,10,150,48,0.0
36,2,10,150,48,0.0
37,2,10,150,48,0.0
38,2,10,150,48,0.022018862991815775
39,2,10,150,48,0.15820890896021753
40,2,10,150,48,0.2212397779175911
41,2,10,150,48,0.0
42,2,10,150,48,0.17084502871918114
43,2,10,150,48,0.07311566665537844
44,2,10,150,48,0.1565413821318793
45,2,10,150,48,0.0
46,2,10,150,48,0.10684080426179023
47,2,10,150,48,0.0
48,2,10,150,48,0.11590514112147128
49,2,10,150,48,0.04407878495393109
50,2,10,150,48,0.0
51,2,10,150,48,0.07984133538066794
52,2,10,150,48,0.028947056565878558
53,2,10,150,48,0.12810519548676028
54,2,10,150,48,0.047934103497110726
55,2,10,150,48,0.0
56,2,10,150,48,0.22047893971599028
57,2,10,150,48,0.0524456916588361
58,2,10,150,48,0.13115096900174386
59,2,10,150,48,0.4082243609988354
60,2,10,150,48,0.22589014878075261
61,2,10,150,48,0.06416923277158361
62,2,10,150,48,0.19930022728656188
63,2,10,150,48,0.0763437499438357
64,2,10,150,48,0.050296301412810544
65,2,10,150,48,0.18154179097601578
66,2,10,150,48,0.12995427111679475
67,2,10,150,48,0.24630238874073
68,2,10,150,48,0.04358896759704514
69,2,10,150,48,0.10495938403254562
70,2,10,150,48,0.03155184951131585
71,2,10,150,48,0.04416548762473651
72,2,10,150,48,0.2530421030801216
73,2,10,150,48,0.26386730550459286
74,2,10,150,48,0.17342765698823945
75,2,10,150,48,0.16021137204676433
76,2,10,150,48,0.21046795809065558
77,2,10,150,48,0.096890966577576
78,2,10,150,48,0.0
79,2,10,150,48,0.08508236880273473
80,2,10,150,48,0.1744476820873323
81,2,10,150,48,0.0
82,2,10,150,48,0.0
83,2,10,150,48,0.046841820324159865
84,2,10,150,48,0.029136604147144557
85,2,10,150,48,0.2557126131635426
86,2,10,150,48,0.07028063830038406
87,2,10,150,48,0.19646414597520998
88,2,10,150,48,0.06294571929989644
89,2,10,150,48,0.20794910905763014
90,2,10,150,48,0.14289732036784034
91,2,10,150,48,0.04847782757894306
92,2,10,150,48,0.15436689776402254
93,2,10,150,48,0.0
94,2,10,150,48,0.3181824588856643
95,2,10,150,48,0.15144341075092282
96,2,10,150,48,0.10504867376923349
97,2,10,150,48,0.17977962524942098
98,2,10,150,48,0.0
99,2,10,150,48,0.08227650340095313
100,2,10,150,48,0.0
101,2,10,150,48,0.0
102,2,10,150,48,0.058317035061165985
103,2,10,150,48,0.04579340374561851
104,2,10,150,48,0.0
105,2,10,150,48,0.0
106,2,10,150,48,0.0
107,2,10,150,48,0.0
108,2,10,150,48,0.04485361187694993
109,2,10,150,48,0.22157872128137307
110,2,10,150,48,0.037578324799282276
111,2,10,150,48,0.09077089626867633
112,2,10,150,48,0.0
113,2,10,150,48,0.178509607681865
114,2,10,150,48,0.0
115,2,10,150,48,0.1737092330727855
116,2,10,150,48,0.026497157492079246
117,2,10,150,48,0.0
118,2,10,150,48,0.13610876526485238
119,2,10,150,48,0.13703643189628367
120,2,10,150,48,0.361879195385413
121,2,10,150,48,0.08886612137430887
122,2,10,150,48,0.11504775274472687
123,2,10,150,48,0.12990556389377814
124,2,10,150,48,0.14739123024359468
125,2,10,150,48,0.135753184128419
126,2,10,150,48,0.0
127,2,10,150,48,0.12503310750358904
128,2,10,150,48,0.03347773914322695
129,2,10,150,48,0.0
130,2,10,150,48,0.11708049079424152
131,2,10,150,48,0.36227735599025207
132,2,10,150,48,0.12643913909707097
133,2,10,150,48,0.0
134,2,10,150,48,0.0
135,2,10,150,48,0.0
136,2,10,150,48,0.07134641965977037
137,2,10,150,48,0.03125036271105264
138,2,10,150,48,0.10332949630181452
139,2,10,150,48,0.0
140,2,10,150,48,0.0
141,2,10,150,48,0.12556328258692692
142,2,10,150,48,0.0
143,2,10,150,48,0.0
144,2,10,150,48,0.18742567298292498
145,2,10,150,48,0.10828018695633551
146,2,10,150,48,0.0
147,2,10,150,48,0.0
148,2,10,150,48,0.08790431357288034
149,2,10,150,48,0.10486881530019958
150,2,10,150,48,0.0
151,2,10,150,48,0.2142687265503925
152,2,10,150,48,0.04019832975607886
153,2,10,150,48,0.071942683897578
154,2,10,150,48,0.08491065065836505
155,2,10,150,48,0.0
156,2,10,150,48,0.06437746926759551
157,2,10,150,48,0.06857646087959317
158,2,10,150,48,0.14322216518687927
159,2,10,150,48,0.024782300799839303
160,2,10,150,48,0.09926896187055606
161,2,10,150,48,0.0
162,2,10,150,48,0.0
163,2,10,150,48,0.0
164,2,10,150,48,0.029649957429587842
165,2,10,150,48,0.0
166,2,10,150,48,0.06175696970122604
167,2,10,150,48,0.040419659112753054
168,2,10,150,48,0.0
169,2,10,150,48,0.03870447337439288
170,2,10,150,48,0.0
171,2,10,150,48,0.0
172,2,10,150,48,0.0
173,2,10,150,48,0.0
174,2,10,150,48,0.19359660097195475
175,2,10,150,48,0.22732566419594713
176,2,10,150,48,0.0
177,2,10,150,48,0.29715079985975246
178,2,10,150,48,0.20350589943127914
179,2,10,150,48,0.054384419234677496
180,2,10,150,48,0.08391511424653819
181,2,10,150,48,0.05141852550054075
182,2,10,150,48,0.05005165434923901
183,2,10,150,48,0.0
184,2,10,150,48,0.1758864270377336
185,2,10,150,48,0.0
186,2,10,150,48,0.030868393892711742
187,2,10,150,48,0.14023428091042053
188,2,10,150,48,0.26990485040471895
189,2,10,150,48,0.10989221810988628
190,2,10,150,48,0.0
191,2,10,150,48,0.0
192,2,10,150,48,0.0
193,2,10,150,48,0.0
194,2,10,150,48,0.1025874788191619
195,2,10,150,48,0.04606861224913365
196,2,10,150,48,0.04485361187694993
197,2,10,150,48,0.12309687790081901
198,2,10,150,48,0.028186415745733433
199,2,10,150,48,0.2529427027676571
200,2,10,150,48,0.22796151541092416
201,2,10,150,48,0.10431993432174323
202,2,10,150,48,0.27487633291429087
203,2,10,150,48,0.10238606821339166
204,2,10,150,48,0.0
205,2,10,150,48,0.1465996756793884
206,2,10,150,48,0.028694189013458257
207,2,10,150,48,0.02154277808484859
208,2,10,150,48,0.05919139647768146
209,2,10,150,48,0.0
210,2,10,150,48,0.17308629629645342
211,2,10,150,48,0.0
212,2,10,150,48,0.11738002835756964
213,2,10,150,48,0.06272890313218925
214,2,10,150,48,0.18976833471018986
215,2,10,150,48,0.11433722369502479
216,2,10,150,48,0.14425650580287722
217,2,10,150,48,0.10298663607405599
218,2,10,150,48,0.1023482199458735
219,2,10,150,48,0.0
220,2,10,150,48,0.0
221,2,10,150,48,0.10144613070733857
222,2,10,150,48,0.10427424999981004
223,2,10,150,48,0.0
224,2,10,150,48,0.029996736818897345
225,2,10,150,48,0.0
226,2,10,150,48,0.07386039040058112
227,2,10,150,48,0.0947812167140767
228,2,10,150,48,0.0
229,2,10,150,48,0.0
230,2,10,150,48,0.24667220276083424
231,2,10,150,48,0.3903800499921017
232,2,10,150,48,0.11605494365670165
233,2,10,150,48,0.11278984802012952
234,2,10,150,48,0.08662253117630185
235,2,10,150,48,0.1075070751982482
236,2,10,150,48,0.10718351281255113
237,2,10,150,48,0.21822953849175877
238,2,10,150,48,0.0
239,2,10,150,48,0.05752505190825261
240,2,10,150,48,0.0
241,2,10,150,48,0.0
242,2,10,150,48,0.07673373981757839
243,2,10,150,48,0.23165732683700077
244,2,10,150,48,0.16245994528877894
245,2,10,150,48,0.0
246,2,10,150,48,0.12777548279984552
247,2,10,150,48,0.0
248,2,10,150,48,0.14176813152020928
249,2,10,150,48,0.20201729277890756
250,2,10,150,48,0.04538944932777023
251,2,10,150,48,0.10803826056443963
252,2,10,150,48,0.13120507751234178
253,2,10,150,48,0.1704602196779193
254,2,10,150,48,0.228671039402572
255,2,10,150,48,0.024185523485714195
256,2,10,150,48,0.29300394174456296
257,2,10,150,48,0.04759023790187059
258,2,10,150,48,0.0
259,2,10,150,48,0.0
260,2,10,150,48,0.0
261,2,10,150,48,0.0
262,2,10,150,48,0.05887472794707303
263,2,10,150,48,0.09340671208136468
264,2,10,150,48,0.07935123938715939
265,2,10,150,48,0.042553256627589686
266,2,10,150,48,0.0
267,2,10,150,48,0.13338816180830973
268,2,10,150,48,0.15584357124229672
269,2,10,150,48,0.09970327489723987
270,2,10,150,48,0.08961610996238861
271,2,10,150,48,0.26985679526197487
272,2,10,150,48,0.33957662813068484
273,2,10,150,48,0.0
274,2,10,150,48,0.05829918151249392
275,2,10,150,48,0.04105877938688906
276,2,10,150,48,0.2614742724267134
277,2,10,150,48,0.0
278,2,10,150,48,0.04305311721683474
279,2,10,150,48,0.27376298173132835
280,2,10,150,48,0.09296488712449905
281,2,10,150,48,0.05516788910004661
282,2,10,150,48,0.0
283,2,10,150,48,0.06286054135527182
284,2,10,150,48,0.0
285,2,10,150,48,0.15002687789384317
286,2,10,150,48,0.11159200881822033
287,2,10,150,48,0.0845667599404342
288,2,10,150,48,0.06730415016162657
289,2,10,150,48,0.06510475888148554
290,2,10,150,48,0.09449357188080848
291,2,10,150,48,0.21684991105557822
292,2,10,150,48,0.32796947465095533
293,2,10,150,48,0.15232130830745408
294,2,10,150,48,0.05942233668176323
295,2,10,150,48,0.11877883857109764
296,2,10,150,48,0.06898258079289049
297,2,10,150,48,0.07571870268344093
298,2,10,150,48,0.3581490027092075
299,2,10,150,48,0.04134222866709857
300,2,10,150,48,0.0
301,2,10,150,48,0.15741650191422976
302,2,10,150,48,0.0
303,2,10,150,48,0.41942280999657755
304,2,10,150,48,0.09811693595042764
305,2,10,150,48,0.15810900706286377
306,2,10,150,48,0.07286537763060504
307,2,10,150,48,0.1288139404283001
308,2,10,150,48,0.16256173353625988
309,2,10,150,48,0.0
310,2,10,150,48,0.0
311,2,10,150,48,0.30446677641232467
312,2,10,150,48,0.11110650933465581
313,2,10,150,48,0.2807502413958925
314,2,10,150,48,0.13658836094076135
315,2,10,150,48,0.15734607654320276
316,2,10,150,48,0.029546401698350686
317,2,10,150,48,0.0
318,2,10,150,48,0.10353336838635137
319,2,10,150,48,0.0
320,2,10,150,48,0.04539294738377069
321,2,10,150,48,0.12530728980532893
322,2,10,150,48,0.35190394711189377
323,2,10,150,48,0.028361369701356044
324,2,10,150,48,0.04342547274117719
325,2,10,150,48,0.06453919279387746
326,2,10,150,48,0.10568834085466422
327,2,10,150,48,0.0
328,2,10,150,48,0.1817963621106573
329,2,10,150,48,0.0
330,2,10,150,48,0.08916242981118074
331,2,10,150,48,0.05427266504401326
332,2,10,150,48,0.18967146462948598
333,2,10,150,48,0.05206745415870339
334,2,10,150,48,0.1597402131123581
335,2,10,150,48,0.0
336,2,10,150,48,0.11501232379588432
337,2,10,150,48,0.07596161868673496
338,2,10,150,48,0.07127723726551295
339,2,10,150,48,0.32194221339139706
340,2,10,150,48,0.17896552649342137
341,2,10,150,48,0.0
342,2,10,150,48,0.2283731021601658
343,2,10,150,48,0.3476834003058931
344,2,10,150,48,0.1523980172868318
345,2,10,150,48,0.0960268840234769
346,2,10,150,48,0.28080943562767297
347,2,10,150,48,0.195442378210379
348,2,10,150,48,0.0
349,2,10,150,48,0.163169180413793
350,2,10,150,48,0.15663375052435954
351,2,10,150,48,0.1610216634970071
352,2,10,150,48,0.2470219007193075
353,2,10,150,48,0.0
354,2,10,150,48,0.11648908764071984
355,2,10,150,48,0.0
356,2,10,150,48,0.10061931714936387
357,2,10,150,48,0.08220038494336858
358,2,10,150,48,0.0
359,2,10,150,48,0.0
360,2,10,150,48,0.22728151171982378
361,2,10,150,48,0.08342237405087469
362,2,10,150,48,0.04690797720830594
363,2,10,150,48,0.22174823522613948
364,2,10,150,48,0.0
365,2,10,150,48,0.0
366,2,10,150,48,0.050143326786652107
367,2,10,150,48,0.0
368,2,10,150,48,0.06788053752288492
369,2,10,150,48,0.21386152848601384
370,2,10,150,48,0.07467111546885295
371,2,10,150,48,0.06330961329622671
372,2,10,150,48,0.0536466452928127
373,2,10,150,48,0.14554104265527754
374,2,10,150,48,0.21473128912747003
375,2,10,150,48,0.1676614286651071
376,2,10,150,48,0.038925970325304815
377,2,10,150,48,0.3067552645565975
378,2,10,150,48,0.06513587972844681
379,2,10,150,48,0.23468050192138065
380,2,10,150,48,0.06643145972022767
381,2,10,150,48,0.11095472200832739
382,2,10,150,48,0.11670077402731671
383,2,10,150,48,0.05181989685583115
384,2,10,150,48,0.0
385,2,10,150,48,0.20114597699302053
386,2,10,150,48,0.0
387,2,10,150,48,0.1972010935093971
388,2,10,150,48,0.0
389,2,10,150,48,0.27293695379180727
390,2,10,150,48,0.10466779365752882
391,2,10,150,48,0.15209703002764974
392,2,10,150,48,0.03902655101827149
393,2,10,150,48,0.014515638030731434
394,2,10,150,48,0.2126448218798683
395,2,10,150,48,0.06520401471200078
396,2,10,150,48,0.08006506288147622
397,2,10,150,48,0.19945281121976402
398,2,10,150,48,0.12633080592181342
399,2,10,150,48,0.026572583888091066
400,2,10,150,48,0.0
401,2,10,150,48,0.0
402,2,10,150,48,0.1798991830195577
403,2,10,150,48,0.21342888353269066
404,2,10,150,48,0.0
405,2,10,150,48,0.22811842254272383
406,2,10,150,48,0.29231877955053875
407,2,10,150,48,0.10354625352039414
408,2,10,150,48,0.08490303813485527
409,2,10,150,48,0.19959130265688305
410,2,10,150,48,0.1510508871592243
411,2,10,150,48,0.13359023741301432
412,2,10,150,48,0.041062015509212284
413,2,10,150,48,0.19475935863737628
414,2,10,150,48,0.04690797720830594
415,2,10,150,48,0.15582818336744758
416,2,10,150,48,0.4740411640744247
417,2,10,150,48,0.3132566125098425
418,2,10,150,48,0.05130633033097092
419,2,10,150,48,0.09817896789964464
420,2,10,150,48,0.13011860784218718
421,2,10,150,48,0.29129642073446305
422,2,10,150,48,0.0654076987556055
423,2,10,150,48,0.0
424,2,10,150,48,0.039270700903099615
425,2,10,150,48,0.0627003718270966
426,2,10,150,48,0.01723275577264299
427,2,10,150,48,0.0
428,2,10,150,48,0.09545062073374358
429,2,10,150,48,0.31355469832976574
430,2,10,150,48,0.17441334704295655
431,2,10,150,48,0.0
432,2,10,150,48,0.08980230529700303
433,2,10,150,48,0.10047622221317463
434,2,10,150,48,0.1877041080031967
435,2,10,150,48,0.3905851447320007
436,2,10,150,48,0.07147465101717412
437,2,10,150,48,0.3006254772356936
438,2,10,150,48,0.11342455428465782
439,2,10,150,48,0.0
440,2,10,150,48,0.032014847745354055
441,2,10,150,48,0.1731866333482261
442,2,10,150,48,0.04458637612413424
443,2,10,150,48,0.0
444,2,10,150,48,0.0796221118108625
445,2,10,150,48,0.02962263894588042
446,2,10,150,48,0.13356958453958645
447,2,10,150,48,0.06060585963235373
448,2,10,150,48,0.0
449,2,10,150,48,0.10848432672679821
450,2,10,150,48,0.5233290575584227
451,2,10,150,48,0.05163551141839463
452,2,10,150,48,0.21326053409778034
453,2,10,150,48,0.11716447869160924
454,2,10,150,48,0.0
455,2,10,150,48,0.10618545330141303
456,2,10,150,48,0.10811378774717982
457,2,10,150,48,0.5681207729364942
458,2,10,150,48,0.30346349762180813
459,2,10,150,48,0.21542731370232396
460,2,10,150,48,0.07041837375515932
461,2,10,150,48,0.0
462,2,10,150,48,0.04010913675862143
463,2,10,150,48,0.25202484529173974
464,2,10,150,48,0.024240213052394943
465,2,10,150,48,0.10783006935442738
466,2,10,150,48,0.11403278883465191
467,2,10,150,48,0.09300532025926726
468,2,10,150,48,0.25630310856283783
469,2,10,150,48,0.05651614765972419
470,2,10,150,48,0.02794110381151734
471,2,10,150,48,0.0
472,2,10,150,48,0.2520009377284696
473,2,10,150,48,0.2622744659873325
474,2,10,150,48,0.4705171157912986
475,2,10,150,48,0.07311683844390994
476,2,10,150,48,0.021791008948563714
477,2,10,150,48,0.07075576072108061
478,2,10,150,48,0.09669676205238938
479,2,10,150,48,0.21836177305503807
480,2,10,150,48,0.15920120556239784
481,2,10,150,48,0.048705796110663196
482,2,10,150,48,0.04290887548434951
483,2,10,150,48,0.0273055648695642
484,2,10,150,48,0.20243699352377664
485,2,10,150,48,0.0
486,2,10,150,48,0.023043598039285653
487,2,10,150,48,0.35372113952045875
488,2,10,150,48,0.0
489,2,10,150,48,0.0
490,2,10,150,48,0.11630686983226163
491,2,10,150,48,0.03859643636257609
492,2,10,150,48,0.1338895448360617
493,2,10,150,48,0.1798564038594496
494,2,10,150,48,0.08596118914843212
495,2,10,150,48,0.14631290518263926
496,2,10,150,48,0.025148150706405272
497,2,10,150,48,0.13396273480866766
498,2,10,150,48,0.07069791184988675
499,2,10,150,48,0.07592327120124845
500,2,10,150,48,0.19341537741023732
501,2,10,150,48,0.0
502,2,10,150,48,0.0
503,2,10,150,48,0.11206530649489674
504,2,10,150,48,0.15608235747720844
505,2,10,150,48,0.05688647497208646
506,2,10,150,48,0.1532767476418389
507,2,10,150,48,0.0
508,2,10,150,48,0.20345924618307185
509,2,10,150,48,0.0
510,2,10,150,48,0.0
511,2,10,150,48,0.0
512,2,10,150,48,0.08364069030518707
513,2,10,150,48,0.0
514,2,10,150,48,0.17472697554086145
515,2,10,150,48,0.034743705427429224
516,2,10,150,48,0.1340330647732781
517,2,10,150,48,0.07931777113368761
518,2,10,150,48,0.1271756500386261
519,2,10,150,48,0.02766780364150026
520,2,10,150,48,0.0
521,2,10,150,48,0.0
522,2,10,150,48,0.0559167101555819
523,2,10,150,48,0.2032904290827781
524,2,10,150,48,0.11792817166380794
525,2,10,150,48,0.0
526,2,10,150,48,0.0
527,2,10,150,48,0.2854935723100945
528,2,10,150,48,0.17766119401073668
529,2,10,150,48,0.0
530,2,10,150,48,0.03067046672709443
531,2,10,150,48,0.0
532,2,10,150,48,0.07724993691235185
533,2,10,150,48,0.04116371788989783
534,2,10,150,48,0.024909303741335254
535,2,10,150,48,0.224458133364196
536,2,10,150,48,0.16310511351316026
537,2,10,150,48,0.43888706511729275
538,2,10,150,48,0.032394594743117074
539,2,10,150,48,0.07066252848762221
540,2,10,150,48,0.0
541,2,10,150,48,0.06833564325125971
542,2,10,150,48,0.07797598981103891
543,2,10,150,48,0.039858875832136605
544,2,10,150,48,0.0
545,2,10,150,48,0.060216826583478454
546,2,10,150,48,0.03314153504336938
547,2,10,150,48,0.04855455745827926
548,2,10,150,48,0.03883106019841818
549,2,10,150,48,0.0
550,2,10,150,48,0.0
551,2,10,150,48,0.2448040213807211
552,2,10,150,48,0.048059443651065493
553,2,10,150,48,0.11579410298816686
554,2,10,150,48,0.07041837375515932
555,2,10,150,48,0.06932393791073393
556,2,10,150,48,0.12950483456354783
557,2,10,150,48,0.04470486007704452
558,2,10,150,48,0.265053101293003
559,2,10,150,48,0.08620000398338708
560,2,10,150,48,0.028567598460307132
561,2,10,150,48,0.06500702653854187
562,2,10,150,48,0.07720150835011791
563,2,10,150,48,0.0
564,2,10,150,48,0.0
565,2,10,150,48,0.2420384859324969
566,2,10,150,48,0.03548242894850303
567,2,10,150,48,0.04359722747499328
568,2,10,150,48,0.0
569,2,10,150,48,0.17563954439010937
570,2,10,150,48,0.0
571,2,10,150,48,0.0
572,2,10,150,48,0.0
573,2,10,150,48,0.03246641181906899
574,2,10,150,48,0.05058854055353143
575,2,10,150,48,0.05154847002173459
576,2,10,150,48,0.0
577,2,10,150,48,0.0784247757209491
578,2,10,150,48,0.0
579,2,10,150,48,0.08297540479108526
580,2,10,150,48,0.18080124080515705
581,2,10,150,48,0.0
582,2,10,150,48,0.0
583,2,10,150,48,0.0
584,2,10,150,48,0.0
585,2,10,150,48,0.08668163308546498
586,2,10,150,48,0.10132509239867551
587,2,10,150,48,0.03459392809572638
588,2,10,150,48,0.037573347678695114
589,2,10,150,48,0.0
590,2,10,150,48,0.06139304560474655
591,2,10,150,48,0.0
592,2,10,150,48,0.33338288500417634
593,2,10,150,48,0.04586709436300111
594,2,10,150,48,0.0
595,2,10,150,48,0.0
596,2,10,150,48,0.0
597,2,10,150,48,0.0
598,2,10,150,48,0.0
599,2,10,150,48,0.0
600,2,10,150,48,0.024325165853816375
601,2,10,150,48,0.03369782041898502
602,2,10,150,48,0.0
603,2,10,150,48,0.1435203717549576
604,2,10,150,48,0.0
605,2,10,150,48,0.2278130597922509
606,2,10,150,48,0.23204083039530643
607,2,10,150,48,0.08440880858250024
608,2,10,150,48,0.2120992422792938
609,2,10,150,48,0.0
610,2,10,150,48,0.1629867900167321
611,2,10,150,48,0.0
612,2,10,150,48,0.15130120674940672
613,2,10,150,48,0.0
614,2,10,150,48,0.046614515546531544
615,2,10,150,48,0.09083374831253048
616,2,10,150,48,0.0
617,2,10,150,48,0.044257815106106525
618,2,10,150,48,0.18766481803906507
619,2,10,150,48,0.05319635904163211
620,2,10,150,48,0.05809221878835284
621,2,10,150,48,0.06335388063984314
622,2,10,150,48,0.12980296240199146
623,2,10,150,48,0.0
624,2,10,150,48,0.0536466452928127
625,2,10,150,48,0.0
626,2,10,150,48,0.0
627,2,10,150,48,0.0
628,2,10,150,48,0.0
629,2,10,150,48,0.19451610919980286
630,2,10,150,48,0.0
631,2,10,150,48,0.0859574327152926
632,2,10,150,48,0.13439570003165963
633,2,10,150,48,0.07667481399289292
634,2,10,150,48,0.030975021478781034
635,2,10,150,48,0.0
636,2,10,150,48,0.0
637,2,10,150,48,0.0
638,2,10,150,48,0.0
639,2,10,150,48,0.0
640,2,10,150,48,0.0
642,2,10,150,48,0.11431346864321287
643,2,10,150,48,0.0
644,2,10,150,48,0.0
645,2,10,150,48,0.09759501249802542
647,2,10,150,48,0.0
648,2,10,150,48,0.18159464350583557
649,2,10,150,48,1.0
650,2,10,150,48,0.0
651,2,10,150,48,0.0
653,2,10,150,48,0.0
654,2,10,150,48,0.058087171966128066
655,2,10,150,48,0.11621678240839849
658,2,10,150,48,0.0
1,2,10,150,49,0.5710447466917352
2,2,10,150,49,0.1083188688865055
3,2,10,150,49,0.03098598178059488
4,2,10,150,49,0.06166887310869151
5,2,10,150,49,0.09714795733966866
6,2,10,150,49,0.19679627008723338
7,2,10,150,49,0.27070780121345067
8,2,10,150,49,0.03361684724314943
9,2,10,150,49,0.0
10,2,10,150,49,0.1898407915550228
11,2,10,150,49,0.10464473261331256
12,2,10,150,49,0.0
13,2,10,150,49,0.3804022194687997
14,2,10,150,49,0.12939622934497527
15,2,10,150,49,0.0
16,2,10,150,49,0.2491367253726175
17,2,10,150,49,0.0
18,2,10,150,49,0.24222182970502465
19,2,10,150,49,0.0
20,2,10,150,49,0.0
21,2,10,150,49,0.0
22,2,10,150,49,0.0
23,2,10,150,49,0.21391710343217823
24,2,10,150,49,0.08491010262674986
25,2,10,150,49,0.0
26,2,10,150,49,0.11161048176369433
27,2,10,150,49,0.0
28,2,10,150,49,0.10854509048291378
29,2,10,150,49,0.0
30,2,10,150,49,0.0
31,2,10,150,49,0.046287481291184845
32,2,10,150,49,0.11781210270929884
33,2,10,150,49,0.0
34,2,10,150,49,0.07239559903187814
35,2,10,150,49,0.0
36,2,10,150,49,0.0
37,2,10,150,49,0.0
38,2,10,150,49,0.022018862991815775
39,2,10,150,49,0.15820890896021753
40,2,10,150,49,0.2212397779175911
41,2,10,150,49,0.0
42,2,10,150,49,0.17084502871918114
43,2,10,150,49,0.07209731402870899
44,2,10,150,49,0.1565413821318793
45,2,10,150,49,0.0
46,2,10,150,49,0.10684080426179023
47,2,10,150,49,0.0
48,2,10,150,49,0.11590514112147128
49,2,10,150,49,0.04407878495393109
50,2,10,150,49,0.0
51,2,10,150,49,0.07984133538066794
52,2,10,150,49,0.028947056565878558
53,2,10,150,49,0.12810519548676028
54,2,10,150,49,0.047934103497110726
55,2,10,150,49,0.0
56,2,10,150,49,0.22047893971599028
57,2,10,150,49,0.0524456916588361
58,2,10,150,49,0.13115096900174386
59,2,10,150,49,0.40253862537868373
60,2,10,150,49,0.22274395813690775
61,2,10,150,49,0.06416923277158361
62,2,10,150,49,0.1965243802042983
63,2,10,150,49,0.0763437499438357
64,2,10,150,49,0.049595776162908764
65,2,10,150,49,0.18154179097601578
66,2,10,150,49,0.12995427111679475
67,2,10,150,49,0.24630238874073
68,2,10,150,49,0.04358896759704514
69,2,10,150,49,0.10495938403254562
70,2,10,150,49,0.03155184951131585
71,2,10,150,49,0.04416548762473651
72,2,10,150,49,0.2530421030801216
73,2,10,150,49,0.26386730550459286
74,2,10,150,49,0.17342765698823945
75,2,10,150,49,0.16021137204676433
76,2,10,150,49,0.21046795809065558
77,2,10,150,49,0.096890966577576
78,2,10,150,49,0.0
79,2,10,150,49,0.08508236880273473
80,2,10,150,49,0.1744476820873323
81,2,10,150,49,0.0
82,2,10,150,49,0.0
83,2,10,150,49,0.046841820324159865
84,2,10,150,49,0.029136604147144557
85,2,10,150,49,0.25215105620592104
86,2,10,150,49,0.07028063830038406
87,2,10,150,49,0.1937277997411911
88,2,10,150,49,0.06294571929989644
89,2,10,150,49,0.20794910905763014
90,2,10,150,49,0.15483501860757365
91,2,10,150,49,0.04847782757894306
92,2,10,150,49,0.15221688063363448
93,2,10,150,49,0.0
94,2,10,150,49,0.3137508239490153
95,2,10,150,49,0.14933411185255005
96,2,10,150,49,0.13297005685935076
97,2,10,150,49,0.17977962524942098
98,2,10,150,49,0.0
99,2,10,150,49,0.10120320171650989
100,2,10,150,49,0.0
101,2,10,150,49,0.0
102,2,10,150,49,0.05750479729393031
103,2,10,150,49,0.04579340374561851
104,2,10,150,49,0.0
105,2,10,150,49,0.0
106,2,10,150,49,0.0
107,2,10,150,49,0.0
108,2,10,150,49,0.04485361187694993
109,2,10,150,49,0.21849258005948563
110,2,10,150,49,0.037578324799282276
111,2,10,150,49,0.09077089626867633
112,2,10,150,49,0.0
113,2,10,150,49,0.178509607681865
114,2,10,150,49,0.0
115,2,10,150,49,0.1737092330727855
116,2,10,150,49,0.026497157492079246
117,2,10,150,49,0.0
118,2,10,150,49,0.13610876526485238
119,2,10,150,49,0.13703643189628367
120,2,10,150,49,0.361879195385413
121,2,10,150,49,0.08886612137430887
122,2,10,150,49,0.11504775274472687
123,2,10,150,49,0.12990556389377814
124,2,10,150,49,0.18903749859471425
125,2,10,150,49,0.135753184128419
126,2,10,150,49,0.0
127,2,10,150,49,0.12503310750358904
128,2,10,150,49,0.03301146228149568
129,2,10,150,49,0.0
130,2,10,150,49,0.1154497975271742
131,2,10,150,49,0.36227735599025207
132,2,10,150,49,0.12643913909707097
133,2,10,150,49,0.0
134,2,10,150,49,0.0
135,2,10,150,49,0.0
136,2,10,150,49,0.07134641965977037
137,2,10,150,49,0.03125036271105264
138,2,10,150,49,0.10332949630181452
139,2,10,150,49,0.0
140,2,10,150,49,0.0
141,2,10,150,49,0.12556328258692692
142,2,10,150,49,0.0
143,2,10,150,49,0.0
144,2,10,150,49,0.18481521430671444
145,2,10,150,49,0.10677206403484216
146,2,10,150,49,0.0
147,2,10,150,49,0.0
148,2,10,150,49,0.08790431357288034
149,2,10,150,49,0.10486881530019958
150,2,10,150,49,0.0
151,2,10,150,49,0.21128439869731863
152,2,10,150,49,0.04019832975607886
153,2,10,150,49,0.071942683897578
154,2,10,150,49,0.08491065065836505
155,2,10,150,49,0.0
156,2,10,150,49,0.06437746926759551
157,2,10,150,49,0.06857646087959317
158,2,10,150,49,0.14322216518687927
159,2,10,150,49,0.024782300799839303
160,2,10,150,49,0.09926896187055606
161,2,10,150,49,0.0
162,2,10,150,49,0.0
163,2,10,150,49,0.0
164,2,10,150,49,0.029649957429587842
165,2,10,150,49,0.0
166,2,10,150,49,0.06175696970122604
167,2,10,150,49,0.040419659112753054
168,2,10,150,49,0.0
169,2,10,150,49,0.03870447337439288
170,2,10,150,49,0.0
171,2,10,150,49,0.0
172,2,10,150,49,0.0
173,2,10,150,49,0.0
174,2,10,150,49,0.19359660097195475
175,2,10,150,49,0.22732566419594713
176,2,10,150,49,0.0
177,2,10,150,49,0.29715079985975246
178,2,10,150,49,0.20067147588419756
179,2,10,150,49,0.054384419234677496
180,2,10,150,49,0.08391511424653819
181,2,10,150,49,0.05070236995005185
182,2,10,150,49,0.05005165434923901
183,2,10,150,49,0.0
184,2,10,150,49,0.17343668660366748
185,2,10,150,49,0.0
186,2,10,150,49,0.030868393892711742
187,2,10,150,49,0.14023428091042053
188,2,10,150,49,0.26990485040471895
189,2,10,150,49,0.12487474856316055
190,2,10,150,49,0.0
191,2,10,150,49,0.0
192,2,10,150,49,0.0
193,2,10,150,49,0.0
194,2,10,150,49,0.11508661122067626
195,2,10,150,49,0.04606861224913365
196,2,10,150,49,0.04485361187694993
197,2,10,150,49,0.12309687790081901
198,2,10,150,49,0.028186415745733433
199,2,10,150,49,0.2529427027676571
200,2,10,150,49,0.22478647484003736
201,2,10,150,49,0.10286696967011454
202,2,10,150,49,0.27487633291429087
203,2,10,150,49,0.10238606821339166
204,2,10,150,49,0.0
205,2,10,150,49,0.1465996756793884
206,2,10,150,49,0.028694189013458257
207,2,10,150,49,0.021242730972485305
208,2,10,150,49,0.05919139647768146
209,2,10,150,49,0.0
210,2,10,150,49,0.17308629629645342
211,2,10,150,49,0.0
212,2,10,150,49,0.11738002835756964
213,2,10,150,49,0.07987009546254657
214,2,10,150,49,0.18976833471018986
215,2,10,150,49,0.11433722369502479
216,2,10,150,49,0.14425650580287722
217,2,10,150,49,0.10298663607405599
218,2,10,150,49,0.1023482199458735
219,2,10,150,49,0.0
220,2,10,150,49,0.0
221,2,10,150,49,0.10144613070733857
222,2,10,150,49,0.10282192163793108
223,2,10,150,49,0.0
224,2,10,150,49,0.029996736818897345
225,2,10,150,49,0.0
226,2,10,150,49,0.07386039040058112
227,2,10,150,49,0.0947812167140767
228,2,10,150,49,0.0
229,2,10,150,49,0.0
230,2,10,150,49,0.24667220276083424
231,2,10,150,49,0.3903800499921017
232,2,10,150,49,0.11605494365670165
233,2,10,150,49,0.13212972170856394
234,2,10,150,49,0.08541605537997327
235,2,10,150,49,0.1075070751982482
236,2,10,150,49,0.10718351281255113
237,2,10,150,49,0.21822953849175877
238,2,10,150,49,0.0
239,2,10,150,49,0.05752505190825261
240,2,10,150,49,0.0
241,2,10,150,49,0.0
242,2,10,150,49,0.07673373981757839
243,2,10,150,49,0.2568245236714982
244,2,10,150,49,0.1601972084557389
245,2,10,150,49,0.0
246,2,10,150,49,0.12599583003204012
247,2,10,150,49,0.0
248,2,10,150,49,0.14176813152020928
249,2,10,150,49,0.20201729277890756
250,2,10,150,49,0.06611248482408215
251,2,10,150,49,0.10803826056443963
252,2,10,150,49,0.13120507751234178
253,2,10,150,49,0.1704602196779193
254,2,10,150,49,0.228671039402572
255,2,10,150,49,0.024185523485714195
256,2,10,150,49,0.28892299237557945
257,2,10,150,49,0.04759023790187059
258,2,10,150,49,0.0
259,2,10,150,49,0.0
260,2,10,150,49,0.0
261,2,10,150,49,0.0
262,2,10,150,49,0.05887472794707303
263,2,10,150,49,0.09340671208136468
264,2,10,150,49,0.07935123938715939
265,2,10,150,49,0.042553256627589686
266,2,10,150,49,0.0
267,2,10,150,49,0.13338816180830973
268,2,10,150,49,0.15367298705174054
269,2,10,150,49,0.11224257839715349
270,2,10,150,49,0.08961610996238861
271,2,10,150,49,0.266098238596207
272,2,10,150,49,0.33957662813068484
273,2,10,150,49,0.0
274,2,10,150,49,0.05829918151249392
275,2,10,150,49,0.04105877938688906
276,2,10,150,49,0.25783246726630543
277,2,10,150,49,0.0
278,2,10,150,49,0.04305311721683474
279,2,10,150,49,0.2699500198274865
280,2,10,150,49,0.0916700752008455
281,2,10,150,49,0.05516788910004661
282,2,10,150,49,0.0
283,2,10,150,49,0.06286054135527182
284,2,10,150,49,0.0
285,2,10,150,49,0.15002687789384317
286,2,10,150,49,0.11003775894957066
287,2,10,150,49,0.0845667599404342
288,2,10,150,49,0.06730415016162657
289,2,10,150,49,0.06510475888148554
290,2,10,150,49,0.09449357188080848
291,2,10,150,49,0.21382963254868395
292,2,10,150,49,0.32796947465095533
293,2,10,150,49,0.16412774954973372
294,2,10,150,49,0.05942233668176323
295,2,10,150,49,0.1329035343435913
296,2,10,150,49,0.06898258079289049
297,2,10,150,49,0.07571870268344093
298,2,10,150,49,0.3581490027092075
299,2,10,150,49,0.04076641545111647
300,2,10,150,49,0.0
301,2,10,150,49,0.1552240099964435
302,2,10,150,49,0.0
303,2,10,150,49,0.41358110274307913
304,2,10,150,49,0.09811693595042764
305,2,10,150,49,0.155906869955895
306,2,10,150,49,0.07286537763060504
307,2,10,150,49,0.1288139404283001
308,2,10,150,49,0.16029757899982017
309,2,10,150,49,0.0
310,2,10,150,49,0.0
311,2,10,150,49,0.300226173054983
312,2,10,150,49,0.10955902148701957
313,2,10,150,49,0.2768399611667433
314,2,10,150,49,0.13468596269289873
315,2,10,150,49,0.15734607654320276
316,2,10,150,49,0.029546401698350686
317,2,10,150,49,0.0
318,2,10,150,49,0.10353336838635137
319,2,10,150,49,0.0
320,2,10,150,49,0.04539294738377069
321,2,10,150,49,0.12530728980532893
322,2,10,150,49,0.35190394711189377
323,2,10,150,49,0.028361369701356044
324,2,10,150,49,0.04342547274117719
325,2,10,150,49,0.06453919279387746
326,2,10,150,49,0.10568834085466422
327,2,10,150,49,0.0
328,2,10,150,49,0.17926430829315007
329,2,10,150,49,0.0
330,2,10,150,49,0.08916242981118074
331,2,10,150,49,0.05427266504401326
332,2,10,150,49,0.18967146462948598
333,2,10,150,49,0.05206745415870339
334,2,10,150,49,0.15751535662059632
335,2,10,150,49,0.0
336,2,10,150,49,0.11501232379588432
337,2,10,150,49,0.07596161868673496
338,2,10,150,49,0.07127723726551295
339,2,10,150,49,0.31745821271629976
340,2,10,150,49,0.17896552649342137
341,2,10,150,49,0.0
342,2,10,150,49,0.22519232902242475
343,2,10,150,49,0.34284087721683054
344,2,10,150,49,0.1523980172868318
345,2,10,150,49,0.0946894247066234
346,2,10,150,49,0.27689833094318916
347,2,10,150,49,0.19272026312454982
348,2,10,150,49,0.0
349,2,10,150,49,0.163169180413793
350,2,10,150,49,0.15663375052435954
351,2,10,150,49,0.1610216634970071
352,2,10,150,49,0.2470219007193075
353,2,10,150,49,0.0
354,2,10,150,49,0.11486663141753599
355,2,10,150,49,0.0
356,2,10,150,49,0.10061931714936387
357,2,10,150,49,0.08220038494336858
358,2,10,150,49,0.0
359,2,10,150,49,0.0
360,2,10,150,49,0.22728151171982378
361,2,10,150,49,0.09888240087940003
362,2,10,150,49,0.04690797720830594
363,2,10,150,49,0.2325877004888049
364,2,10,150,49,0.0
365,2,10,150,49,0.0
366,2,10,150,49,0.050143326786652107
367,2,10,150,49,0.0
368,2,10,150,49,0.06788053752288492
369,2,10,150,49,0.21386152848601384
370,2,10,150,49,0.07467111546885295
371,2,10,150,49,0.06330961329622671
372,2,10,150,49,0.0536466452928127
373,2,10,150,49,0.1435139517477325
374,2,10,150,49,0.2117405187178701
375,2,10,150,49,0.1676614286651071
376,2,10,150,49,0.038925970325304815
377,2,10,150,49,0.3067552645565975
378,2,10,150,49,0.0642286693145073
379,2,10,150,49,0.2314118795249498
380,2,10,150,49,0.06550620451030881
381,2,10,150,49,0.1094093482496345
382,2,10,150,49,0.11670077402731671
383,2,10,150,49,0.05181989685583115
384,2,10,150,49,0.0
385,2,10,150,49,0.198344422368889
386,2,10,150,49,0.0
387,2,10,150,49,0.19445448309409552
388,2,10,150,49,0.0
389,2,10,150,49,0.2691354967782358
390,2,10,150,49,0.10466779365752882
391,2,10,150,49,0.16780971636265235
392,2,10,150,49,0.03902655101827149
393,2,10,150,49,0.014313464696443838
394,2,10,150,49,0.20968311171821866
395,2,10,150,49,0.06520401471200078
396,2,10,150,49,0.08006506288147622
397,2,10,150,49,0.19945281121976402
398,2,10,150,49,0.12633080592181342
399,2,10,150,49,0.026202481804123524
400,2,10,150,49,0.0
401,2,10,150,49,0.0
402,2,10,150,49,0.1798991830195577
403,2,10,150,49,0.21342888353269066
404,2,10,150,49,0.0
405,2,10,150,49,0.2249411965744096
406,2,10,150,49,0.2882473730983048
407,2,10,150,49,0.10210406466979823
408,2,10,150,49,0.08490303813485527
409,2,10,150,49,0.19681140148633053
410,2,10,150,49,0.1510508871592243
411,2,10,150,49,0.13359023741301432
412,2,10,150,49,0.041062015509212284
413,2,10,150,49,0.19475935863737628
414,2,10,150,49,0.04690797720830594
415,2,10,150,49,0.15582818336744758
416,2,10,150,49,0.46743873416210546
417,2,10,150,49,0.3088935846012745
418,2,10,150,49,0.05130633033097092
419,2,10,150,49,0.09817896789964464
420,2,10,150,49,0.13011860784218718
421,2,10,150,49,0.29129642073446305
422,2,10,150,49,0.0654076987556055
423,2,10,150,49,0.0
424,2,10,150,49,0.039270700903099615
425,2,10,150,49,0.06182708308797823
426,2,10,150,49,0.01723275577264299
427,2,10,150,49,0.0
428,2,10,150,49,0.09545062073374358
429,2,10,150,49,0.3091875186915948
430,2,10,150,49,0.17441334704295655
431,2,10,150,49,0.0
432,2,10,150,49,0.08980230529700303
433,2,10,150,49,0.10047622221317463
434,2,10,150,49,0.1877041080031967
435,2,10,150,49,0.3990730550114579
436,2,10,150,49,0.07047915440293014
437,2,10,150,49,0.2964383753683238
438,2,10,150,49,0.11342455428465782
439,2,10,150,49,0.0
440,2,10,150,49,0.032014847745354055
441,2,10,150,49,0.1731866333482261
442,2,10,150,49,0.043965378527905066
443,2,10,150,49,0.0
444,2,10,150,49,0.0796221118108625
445,2,10,150,49,0.02921005579428853
446,2,10,150,49,0.13356958453958645
447,2,10,150,49,0.0597617431909477
448,2,10,150,49,0.0
449,2,10,150,49,0.10848432672679821
450,2,10,150,49,0.5299681149382911
451,2,10,150,49,0.05163551141839463
452,2,10,150,49,0.2102902483163892
453,2,10,150,49,0.11553261564383958
454,2,10,150,49,0.0
455,2,10,150,49,0.10470650576212222
456,2,10,150,49,0.1066079824284585
457,2,10,150,49,0.5602080052924232
458,2,10,150,49,0.2992368678988234
459,2,10,150,49,0.2124268490850877
460,2,10,150,49,0.07041837375515932
461,2,10,150,49,0.0
462,2,10,150,49,0.07685019144572583
463,2,10,150,49,0.24851465144507082
464,2,10,150,49,0.024240213052394943
465,2,10,150,49,0.10783006935442738
466,2,10,150,49,0.11403278883465191
467,2,10,150,49,0.09300532025926726
468,2,10,150,49,0.25273332720450414
469,2,10,150,49,0.05651614765972419
470,2,10,150,49,0.02794110381151734
471,2,10,150,49,0.0
472,2,10,150,49,0.24849107686556418
473,2,10,150,49,0.2622744659873325
474,2,10,150,49,0.4639637687088269
475,2,10,150,49,0.07311683844390994
476,2,10,150,49,0.021791008948563714
477,2,10,150,49,0.07075576072108061
478,2,10,150,49,0.09534997269614082
479,2,10,150,49,0.21532043738339732
480,2,10,150,49,0.15920120556239784
481,2,10,150,49,0.048705796110663196
482,2,10,150,49,0.04290887548434951
483,2,10,150,49,0.0273055648695642
484,2,10,150,49,0.19961745766340247
485,2,10,150,49,0.0
486,2,10,150,49,0.022722647555419754
487,2,10,150,49,0.362722490465289
488,2,10,150,49,0.0
489,2,10,150,49,0.0
490,2,10,150,49,0.11630686983226163
491,2,10,150,49,0.03859643636257609
492,2,10,150,49,0.1338895448360617
493,2,10,150,49,0.1773513697173569
494,2,10,150,49,0.08596118914843212
495,2,10,150,49,0.14427506379892238
496,2,10,150,49,0.024797888081454382
497,2,10,150,49,0.1320969061961593
498,2,10,150,49,0.06971323363349684
499,2,10,150,49,0.07592327120124845
500,2,10,150,49,0.19072149432561267
501,2,10,150,49,0.0
502,2,10,150,49,0.0
503,2,10,150,49,0.11050446455160305
504,2,10,150,49,0.1539084474797403
505,2,10,150,49,0.05688647497208646
506,2,10,150,49,0.1511419140868892
507,2,10,150,49,0.0
508,2,10,150,49,0.20345924618307185
509,2,10,150,49,0.0
510,2,10,150,49,0.0
511,2,10,150,49,0.0
512,2,10,150,49,0.08364069030518707
513,2,10,150,49,0.0600937008083393
514,2,10,150,49,0.17229338390952595
515,2,10,150,49,0.034743705427429224
516,2,10,150,49,0.1340330647732781
517,2,10,150,49,0.07931777113368761
518,2,10,150,49,0.1271756500386261
519,2,10,150,49,0.02766780364150026
520,2,10,150,49,0.0
521,2,10,150,49,0.0
522,2,10,150,49,0.0559167101555819
523,2,10,150,49,0.2032904290827781
524,2,10,150,49,0.11628567192516498
525,2,10,150,49,0.0
526,2,10,150,49,0.0
527,2,10,150,49,0.2854935723100945
528,2,10,150,49,0.17766119401073668
529,2,10,150,49,0.0
530,2,10,150,49,0.03067046672709443
531,2,10,150,49,0.0
532,2,10,150,49,0.07617400230403415
533,2,10,150,49,0.040590390966213495
534,2,10,150,49,0.024909303741335254
535,2,10,150,49,0.2352598552537496
536,2,10,150,49,0.16083339079807885
537,2,10,150,49,0.4327742603516596
538,2,10,150,49,0.032394594743117074
539,2,10,150,49,0.07066252848762221
540,2,10,150,49,0.0
541,2,10,150,49,0.06833564325125971
542,2,10,150,49,0.07797598981103891
543,2,10,150,49,0.03930372270618529
544,2,10,150,49,0.0
545,2,10,150,49,0.060216826583478454
546,2,10,150,49,0.03314153504336938
547,2,10,150,49,0.04855455745827926
548,2,10,150,49,0.03883106019841818
549,2,10,150,49,0.0
550,2,10,150,49,0.0
551,2,10,150,49,0.24139439893458614
552,2,10,150,49,0.048059443651065493
553,2,10,150,49,0.11579410298816686
554,2,10,150,49,0.07041837375515932
555,2,10,150,49,0.06932393791073393
556,2,10,150,49,0.16258997327839542
557,2,10,150,49,0.04470486007704452
558,2,10,150,49,0.265053101293003
559,2,10,150,49,0.08620000398338708
560,2,10,150,49,0.028567598460307132
561,2,10,150,49,0.06410161078763967
562,2,10,150,49,0.07720150835011791
563,2,10,150,49,0.0
564,2,10,150,49,0.0
565,2,10,150,49,0.2420384859324969
566,2,10,150,49,0.03548242894850303
567,2,10,150,49,0.04359722747499328
568,2,10,150,49,0.0
569,2,10,150,49,0.17563954439010937
570,2,10,150,49,0.0
571,2,10,150,49,0.0
572,2,10,150,49,0.0
573,2,10,150,49,0.03246641181906899
574,2,10,150,49,0.05058854055353143
575,2,10,150,49,0.05154847002173459
576,2,10,150,49,0.0
577,2,10,150,49,0.0784247757209491
578,2,10,150,49,0.0
579,2,10,150,49,0.08297540479108526
580,2,10,150,49,0.18080124080515705
581,2,10,150,49,0.0
582,2,10,150,49,0.0
583,2,10,150,49,0.0
584,2,10,150,49,0.0
585,2,10,150,49,0.08668163308546498
586,2,10,150,49,0.10132509239867551
587,2,10,150,49,0.03459392809572638
588,2,10,150,49,0.037573347678695114
589,2,10,150,49,0.0
590,2,10,150,49,0.06139304560474655
591,2,10,150,49,0.0
592,2,10,150,49,0.32873953902702974
593,2,10,150,49,0.04586709436300111
594,2,10,150,49,0.0
595,2,10,150,49,0.0
596,2,10,150,49,0.0
597,2,10,150,49,0.0
598,2,10,150,49,0.0
599,2,10,150,49,0.0
600,2,10,150,49,0.024325165853816375
601,2,10,150,49,0.03369782041898502
602,2,10,150,49,0.0
603,2,10,150,49,0.1435203717549576
604,2,10,150,49,0.0
605,2,10,150,49,0.2645541144793553
606,2,10,150,49,0.23204083039530643
607,2,10,150,49,0.08440880858250024
608,2,10,150,49,0.2120992422792938
609,2,10,150,49,0.0
610,2,10,150,49,0.1629867900167321
611,2,10,150,49,0.0
612,2,10,150,49,0.15130120674940672
613,2,10,150,49,0.0
614,2,10,150,49,0.046614515546531544
615,2,10,150,49,0.09083374831253048
616,2,10,150,49,0.0
617,2,10,150,49,0.044257815106106525
618,2,10,150,49,0.18766481803906507
619,2,10,150,49,0.05319635904163211
620,2,10,150,49,0.05809221878835284
621,2,10,150,49,0.06335388063984314
622,2,10,150,49,0.12980296240199146
623,2,10,150,49,0.0
624,2,10,150,49,0.0536466452928127
625,2,10,150,49,0.0
626,2,10,150,49,0.0
627,2,10,150,49,0.0
628,2,10,150,49,0.0
629,2,10,150,49,0.19451610919980286
630,2,10,150,49,0.0
631,2,10,150,49,0.0859574327152926
632,2,10,150,49,0.13439570003165963
633,2,10,150,49,0.07667481399289292
634,2,10,150,49,0.030975021478781034
635,2,10,150,49,0.0
636,2,10,150,49,0.0
637,2,10,150,49,0.0
638,2,10,150,49,0.0
639,2,10,150,49,0.0
640,2,10,150,49,0.0
642,2,10,150,49,0.11431346864321287
643,2,10,150,49,0.0
644,2,10,150,49,0.0
645,2,10,150,49,0.09759501249802542
647,2,10,150,49,0.0
648,2,10,150,49,0.18159464350583557
649,2,10,150,49,1.0
650,2,10,150,49,0.0
651,2,10,150,49,0.0
653,2,10,150,49,0.0
654,2,10,150,49,0.058087171966128066
655,2,10,150,49,0.11621678240839849
658,2,10,150,49,0.0
1,2,10,150,50,0.5632394758102922
2,2,10,150,50,0.1083188688865055
3,2,10,150,50,0.03098598178059488
4,2,10,150,50,0.06166887310869151
5,2,10,150,50,0.09714795733966866
6,2,10,150,50,0.19410637896156005
7,2,10,150,50,0.2806760623632641
8,2,10,150,50,0.06653535276206901
9,2,10,150,50,0.0
10,2,10,150,50,0.1898407915550228
11,2,10,150,50,0.10464473261331256
12,2,10,150,50,0.0
13,2,10,150,50,0.37520272786318143
14,2,10,150,50,0.12939622934497527
15,2,10,150,50,0.01616702920033762
16,2,10,150,50,0.2491367253726175
17,2,10,150,50,0.0
18,2,10,150,50,0.23891104363230542
19,2,10,150,50,0.0
20,2,10,150,50,0.0
21,2,10,150,50,0.0
22,2,10,150,50,0.0
23,2,10,150,50,0.21391710343217823
24,2,10,150,50,0.08491010262674986
25,2,10,150,50,0.0
26,2,10,150,50,0.11161048176369433
27,2,10,150,50,0.0
28,2,10,150,50,0.10854509048291378
29,2,10,150,50,0.0
30,2,10,150,50,0.0
31,2,10,150,50,0.046287481291184845
32,2,10,150,50,0.11781210270929884
33,2,10,150,50,0.0
34,2,10,150,50,0.07239559903187814
35,2,10,150,50,0.0
36,2,10,150,50,0.0
37,2,10,150,50,0.0
38,2,10,150,50,0.022018862991815775
39,2,10,150,50,0.15820890896021753
40,2,10,150,50,0.2212397779175911
41,2,10,150,50,0.0
42,2,10,150,50,0.17084502871918114
43,2,10,150,50,0.07111185873982194
44,2,10,150,50,0.1565413821318793
45,2,10,150,50,0.0
46,2,10,150,50,0.10684080426179023
47,2,10,150,50,0.0
48,2,10,150,50,0.11590514112147128
49,2,10,150,50,0.04407878495393109
50,2,10,150,50,0.0
51,2,10,150,50,0.07984133538066794
52,2,10,150,50,0.028947056565878558
53,2,10,150,50,0.12810519548676028
54,2,10,150,50,0.047934103497110726
55,2,10,150,50,0.0
56,2,10,150,50,0.22047893971599028
57,2,10,150,50,0.0524456916588361
58,2,10,150,50,0.13115096900174386
59,2,10,150,50,0.39703656441143625
60,2,10,150,50,0.21969940350167896
61,2,10,150,50,0.06416923277158361
62,2,10,150,50,0.19383820537966534
63,2,10,150,50,0.0763437499438357
64,2,10,150,50,0.04891788100710955
65,2,10,150,50,0.18154179097601578
66,2,10,150,50,0.12995427111679475
67,2,10,150,50,0.24630238874073
68,2,10,150,50,0.04358896759704514
69,2,10,150,50,0.10495938403254562
70,2,10,150,50,0.03155184951131585
71,2,10,150,50,0.04416548762473651
72,2,10,150,50,0.2530421030801216
73,2,10,150,50,0.26386730550459286
74,2,10,150,50,0.17342765698823945
75,2,10,150,50,0.16021137204676433
76,2,10,150,50,0.21046795809065558
77,2,10,150,50,0.096890966577576
78,2,10,150,50,0.0
79,2,10,150,50,0.08508236880273473
80,2,10,150,50,0.1744476820873323
81,2,10,150,50,0.0
82,2,10,150,50,0.017054860769693734
83,2,10,150,50,0.046841820324159865
84,2,10,150,50,0.029136604147144557
85,2,10,150,50,0.2487045534438676
86,2,10,150,50,0.07028063830038406
87,2,10,150,50,0.1910798497109946
88,2,10,150,50,0.06294571929989644
89,2,10,150,50,0.20794910905763014
90,2,10,150,50,0.1527186708622055
91,2,10,150,50,0.04847782757894306
92,2,10,150,50,0.1501363186584883
93,2,10,150,50,0.0
94,2,10,150,50,0.30946235061240657
95,2,10,150,50,0.1472929527286783
96,2,10,150,50,0.13297005685935076
97,2,10,150,50,0.2065666702851524
98,2,10,150,50,0.0
99,2,10,150,50,0.10120320171650989
100,2,10,150,50,0.0
101,2,10,150,50,0.0
102,2,10,150,50,0.05671879843401278
103,2,10,150,50,0.04579340374561851
104,2,10,150,50,0.0
105,2,10,150,50,0.0
106,2,10,150,50,0.0
107,2,10,150,50,0.0
108,2,10,150,50,0.04485361187694993
109,2,10,150,50,0.21550613498170562
110,2,10,150,50,0.037578324799282276
111,2,10,150,50,0.09077089626867633
112,2,10,150,50,0.0
113,2,10,150,50,0.178509607681865
114,2,10,150,50,0.0
115,2,10,150,50,0.1737092330727855
116,2,10,150,50,0.026497157492079246
117,2,10,150,50,0.0
118,2,10,150,50,0.13610876526485238
119,2,10,150,50,0.13703643189628367
120,2,10,150,50,0.361879195385413
121,2,10,150,50,0.08886612137430887
122,2,10,150,50,0.11504775274472687
123,2,10,150,50,0.12990556389377814
124,2,10,150,50,0.18903749859471425
125,2,10,150,50,0.1508933718522661
126,2,10,150,50,0.0
127,2,10,150,50,0.12503310750358904
128,2,10,150,50,0.032560248244780786
129,2,10,150,50,0.0
130,2,10,150,50,0.1138717829352743
131,2,10,150,50,0.36227735599025207
132,2,10,150,50,0.12643913909707097
133,2,10,150,50,0.0
134,2,10,150,50,0.0
135,2,10,150,50,0.0
136,2,10,150,50,0.10426492517868997
137,2,10,150,50,0.03125036271105264
138,2,10,150,50,0.10332949630181452
139,2,10,150,50,0.0
140,2,10,150,50,0.0
141,2,10,150,50,0.12556328258692692
142,2,10,150,50,0.0
143,2,10,150,50,0.06882065896991112
144,2,10,150,50,0.18228908510399794
145,2,10,150,50,0.10531266021895765
146,2,10,150,50,0.0
147,2,10,150,50,0.0
148,2,10,150,50,0.08790431357288034
149,2,10,150,50,0.10486881530019958
150,2,10,150,50,0.0
151,2,10,150,50,0.20839647796184319
152,2,10,150,50,0.04019832975607886
153,2,10,150,50,0.071942683897578
154,2,10,150,50,0.08491065065836505
155,2,10,150,50,0.0
156,2,10,150,50,0.06437746926759551
157,2,10,150,50,0.06857646087959317
158,2,10,150,50,0.15911711737987416
159,2,10,150,50,0.024782300799839303
160,2,10,150,50,0.09926896187055606
161,2,10,150,50,0.0
162,2,10,150,50,0.0
163,2,10,150,50,0.0
164,2,10,150,50,0.029649957429587842
165,2,10,150,50,0.0
166,2,10,150,50,0.06175696970122604
167,2,10,150,50,0.040419659112753054
168,2,10,150,50,0.0
169,2,10,150,50,0.03870447337439288
170,2,10,150,50,0.0
171,2,10,150,50,0.0
172,2,10,150,50,0.0
173,2,10,150,50,0.0
174,2,10,150,50,0.19359660097195475
175,2,10,150,50,0.22732566419594713
176,2,10,150,50,0.0
177,2,10,150,50,0.29715079985975246
178,2,10,150,50,0.19792861687616148
179,2,10,150,50,0.054384419234677496
180,2,10,150,50,0.08391511424653819
181,2,10,150,50,0.05000934942217905
182,2,10,150,50,0.05005165434923901
183,2,10,150,50,0.0
184,2,10,150,50,0.1710660837261099
185,2,10,150,50,0.0
186,2,10,150,50,0.030868393892711742
187,2,10,150,50,0.14023428091042053
188,2,10,150,50,0.26990485040471895
189,2,10,150,50,0.1397818195494507
190,2,10,150,50,0.0
191,2,10,150,50,0.0
192,2,10,150,50,0.0
193,2,10,150,50,0.0
194,2,10,150,50,0.11351356080631073
195,2,10,150,50,0.04606861224913365
196,2,10,150,50,0.04485361187694993
197,2,10,150,50,0.12309687790081901
198,2,10,150,50,0.028186415745733433
199,2,10,150,50,0.2529427027676571
200,2,10,150,50,0.22171400225925322
201,2,10,150,50,0.10146094226564241
202,2,10,150,50,0.27487633291429087
203,2,10,150,50,0.10238606821339166
204,2,10,150,50,0.0
205,2,10,150,50,0.1465996756793884
206,2,10,150,50,0.028694189013458257
207,2,10,150,50,0.020952376721855324
208,2,10,150,50,0.05919139647768146
209,2,10,150,50,0.0
210,2,10,150,50,0.17308629629645342
211,2,10,150,50,0.0
212,2,10,150,50,0.11738002835756964
213,2,10,150,50,0.07987009546254657
214,2,10,150,50,0.18976833471018986
215,2,10,150,50,0.11433722369502479
216,2,10,150,50,0.14425650580287722
217,2,10,150,50,0.10298663607405599
218,2,10,150,50,0.1023482199458735
219,2,10,150,50,0.0
220,2,10,150,50,0.0
221,2,10,150,50,0.10144613070733857
222,2,10,150,50,0.10141650996820811
223,2,10,150,50,0.0
224,2,10,150,50,0.029996736818897345
225,2,10,150,50,0.0
226,2,10,150,50,0.07386039040058112
227,2,10,150,50,0.0947812167140767
228,2,10,150,50,0.0
229,2,10,150,50,0.0
230,2,10,150,50,0.24667220276083424
231,2,10,150,50,0.3903800499921017
232,2,10,150,50,0.11605494365670165
233,2,10,150,50,0.13212972170856394
234,2,10,150,50,0.0842485541399611
235,2,10,150,50,0.1075070751982482
236,2,10,150,50,0.10718351281255113
237,2,10,150,50,0.21822953849175877
238,2,10,150,50,0.0
239,2,10,150,50,0.05752505190825261
240,2,10,150,50,0.0
241,2,10,150,50,0.0
242,2,10,150,50,0.07673373981757839
243,2,10,150,50,0.2568245236714982
244,2,10,150,50,0.1716759731461941
245,2,10,150,50,0.0
246,2,10,150,50,0.12427366799652594
247,2,10,150,50,0.0
248,2,10,150,50,0.14176813152020928
249,2,10,150,50,0.20201729277890756
250,2,10,150,50,0.06611248482408215
251,2,10,150,50,0.10803826056443963
252,2,10,150,50,0.13120507751234178
253,2,10,150,50,0.18852956389601477
254,2,10,150,50,0.228671039402572
255,2,10,150,50,0.024185523485714195
256,2,10,150,50,0.28497387589664636
257,2,10,150,50,0.07766718171217171
258,2,10,150,50,0.0
259,2,10,150,50,0.0
260,2,10,150,50,0.0
261,2,10,150,50,0.0
262,2,10,150,50,0.05887472794707303
263,2,10,150,50,0.09340671208136468
264,2,10,150,50,0.07935123938715939
265,2,10,150,50,0.042553256627589686
266,2,10,150,50,0.0
267,2,10,150,50,0.13338816180830973
268,2,10,150,50,0.15157252242432176
269,2,10,150,50,0.11070840137530563
270,2,10,150,50,0.08961610996238861
271,2,10,150,50,0.2624611000963769
272,2,10,150,50,0.33957662813068484
273,2,10,150,50,0.0
274,2,10,150,50,0.05829918151249392
275,2,10,150,50,0.04105877938688906
276,2,10,150,50,0.2543083086768023
277,2,10,150,50,0.0
278,2,10,150,50,0.04305311721683474
279,2,10,150,50,0.2662602336217448
280,2,10,150,50,0.09041709148492821
281,2,10,150,50,0.05516788910004661
282,2,10,150,50,0.0
283,2,10,150,50,0.06286054135527182
284,2,10,150,50,0.0
285,2,10,150,50,0.15002687789384317
286,2,10,150,50,0.10853371829292494
287,2,10,150,50,0.0845667599404342
288,2,10,150,50,0.06730415016162657
289,2,10,150,50,0.06510475888148554
290,2,10,150,50,0.09449357188080848
291,2,10,150,50,0.21090692252606139
292,2,10,150,50,0.32796947465095533
293,2,10,150,50,0.1618843849941206
294,2,10,150,50,0.05942233668176323
295,2,10,150,50,0.1329035343435913
296,2,10,150,50,0.06898258079289049
297,2,10,150,50,0.07571870268344093
298,2,10,150,50,0.3581490027092075
299,2,10,150,50,0.04020920357358005
300,2,10,150,50,0.0
301,2,10,150,50,0.1531023453592236
302,2,10,150,50,0.0
303,2,10,150,50,0.407928108722808
304,2,10,150,50,0.09811693595042764
305,2,10,150,50,0.15377587171217844
306,2,10,150,50,0.07286537763060504
307,2,10,150,50,0.15107571592228533
308,2,10,150,50,0.158106566766573
309,2,10,150,50,0.0
310,2,10,150,50,0.0
311,2,10,150,50,0.2961225601245271
312,2,10,150,50,0.1080615244079095
313,2,10,150,50,0.2730560004522232
314,2,10,150,50,0.13284502040451182
315,2,10,150,50,0.15734607654320276
316,2,10,150,50,0.029546401698350686
317,2,10,150,50,0.0
318,2,10,150,50,0.10353336838635137
319,2,10,150,50,0.0
320,2,10,150,50,0.04539294738377069
321,2,10,150,50,0.12530728980532893
322,2,10,150,50,0.35190394711189377
323,2,10,150,50,0.028361369701356044
324,2,10,150,50,0.04342547274117719
325,2,10,150,50,0.06453919279387746
326,2,10,150,50,0.11994430406466959
327,2,10,150,50,0.0
328,2,10,150,50,0.17681405112204632
329,2,10,150,50,0.0
330,2,10,150,50,0.08916242981118074
331,2,10,150,50,0.05427266504401326
332,2,10,150,50,0.18967146462948598
333,2,10,150,50,0.05206745415870339
334,2,10,150,50,0.1553623729296798
335,2,10,150,50,0.0
336,2,10,150,50,0.11501232379588432
337,2,10,150,50,0.07596161868673496
338,2,10,150,50,0.07127723726551295
339,2,10,150,50,0.3131190652884589
340,2,10,150,50,0.17896552649342137
341,2,10,150,50,0.0
342,2,10,150,50,0.22211430906229734
343,2,10,150,50,0.3381547892501489
344,2,10,150,50,0.1523980172868318
345,2,10,150,50,0.09339517129876888
346,2,10,150,50,0.2731135724069238
347,2,10,150,50,0.1900860845129005
348,2,10,150,50,0.0
349,2,10,150,50,0.163169180413793
350,2,10,150,50,0.15663375052435954
351,2,10,150,50,0.1610216634970071
352,2,10,150,50,0.2770988445296086
353,2,10,150,50,0.0
354,2,10,150,50,0.11329658777621565
355,2,10,150,50,0.0
356,2,10,150,50,0.10061931714936387
357,2,10,150,50,0.1023343164960757
358,2,10,150,50,0.0
359,2,10,150,50,0.0
360,2,10,150,50,0.22728151171982378
361,2,10,150,50,0.09888240087940003
362,2,10,150,50,0.04690797720830594
363,2,10,150,50,0.2294085975962131
364,2,10,150,50,0.0
365,2,10,150,50,0.0
366,2,10,150,50,0.050143326786652107
367,2,10,150,50,0.0
368,2,10,150,50,0.06788053752288492
369,2,10,150,50,0.21386152848601384
370,2,10,150,50,0.07467111546885295
371,2,10,150,50,0.06330961329622671
372,2,10,150,50,0.0536466452928127
373,2,10,150,50,0.14155234492944563
374,2,10,150,50,0.20884636354921676
375,2,10,150,50,0.1676614286651071
376,2,10,150,50,0.038925970325304815
377,2,10,150,50,0.3067552645565975
378,2,10,150,50,0.06335076584852027
379,2,10,150,50,0.24191725324797506
380,2,10,150,50,0.06461083917584023
381,2,10,150,50,0.12158230198340733
382,2,10,150,50,0.11670077402731671
383,2,10,150,50,0.05181989685583115
384,2,10,150,50,0.0
385,2,10,150,50,0.19563337047079973
386,2,10,150,50,0.0
387,2,10,150,50,0.19179660046151134
388,2,10,150,50,0.0
389,2,10,150,50,0.2654568438034281
390,2,10,150,50,0.10466779365752882
391,2,10,150,50,0.18344326580289438
392,2,10,150,50,0.05640412288941769
393,2,10,150,50,0.014117822463755503
394,2,10,150,50,0.22048548304017826
395,2,10,150,50,0.06520401471200078
396,2,10,150,50,0.08006506288147622
397,2,10,150,50,0.19945281121976402
398,2,10,150,50,0.12633080592181342
399,2,10,150,50,0.025844335670336095
400,2,10,150,50,0.0
401,2,10,150,50,0.0
402,2,10,150,50,0.1798991830195577
403,2,10,150,50,0.21342888353269066
404,2,10,150,50,0.0
405,2,10,150,50,0.22186660919429496
406,2,10,150,50,0.28430749125729177
407,2,10,150,50,0.10070846495986101
408,2,10,150,50,0.08490303813485527
409,2,10,150,50,0.19412130353856585
410,2,10,150,50,0.1510508871592243
411,2,10,150,50,0.13359023741301432
412,2,10,150,50,0.041062015509212284
413,2,10,150,50,0.19475935863737628
414,2,10,150,50,0.04690797720830594
415,2,10,150,50,0.15582818336744758
416,2,10,150,50,0.47471799724071834
417,2,10,150,50,0.30467150197934223
418,2,10,150,50,0.05130633033097092
419,2,10,150,50,0.09817896789964464
420,2,10,150,50,0.13011860784218718
421,2,10,150,50,0.29129642073446305
422,2,10,150,50,0.0654076987556055
423,2,10,150,50,0.0
424,2,10,150,50,0.039270700903099615
425,2,10,150,50,0.06098200547522214
426,2,10,150,50,0.01723275577264299
427,2,10,150,50,0.0
428,2,10,150,50,0.09545062073374358
429,2,10,150,50,0.3049614184594673
430,2,10,150,50,0.17441334704295655
431,2,10,150,50,0.0
432,2,10,150,50,0.08980230529700303
433,2,10,150,50,0.10047622221317463
434,2,10,150,50,0.1877041080031967
435,2,10,150,50,0.39361836286360957
436,2,10,150,50,0.06951581677519274
437,2,10,150,50,0.2923865355907771
438,2,10,150,50,0.11342455428465782
439,2,10,150,50,0.0
440,2,10,150,50,0.032014847745354055
441,2,10,150,50,0.1731866333482261
442,2,10,150,50,0.043364441927396025
443,2,10,150,50,0.0
444,2,10,150,50,0.0796221118108625
445,2,10,150,50,0.02881080092108056
446,2,10,150,50,0.13356958453958645
447,2,10,150,50,0.058944895480405005
448,2,10,150,50,0.0
449,2,10,150,50,0.10848432672679821
450,2,10,150,50,0.5363927011149019
451,2,10,150,50,0.05163551141839463
452,2,10,150,50,0.20741591603096957
453,2,10,150,50,0.11395346906037822
454,2,10,150,50,0.0
455,2,10,150,50,0.10327533483329845
456,2,10,150,50,0.10515082134642612
457,2,10,150,50,0.5525508553815063
458,2,10,150,50,0.2951467771919287
459,2,10,150,50,0.20952331287499876
460,2,10,150,50,0.07041837375515932
461,2,10,150,50,0.0
462,2,10,150,50,0.11340619992773358
463,2,10,150,50,0.24511785253609972
464,2,10,150,50,0.024240213052394943
465,2,10,150,50,0.10783006935442738
466,2,10,150,50,0.11403278883465191
467,2,10,150,50,0.09300532025926726
468,2,10,150,50,0.24927886572661154
469,2,10,150,50,0.05651614765972419
470,2,10,150,50,0.02794110381151734
471,2,10,150,50,0.0
472,2,10,150,50,0.2587630052019478
473,2,10,150,50,0.2622744659873325
474,2,10,150,50,0.4712905290226803
475,2,10,150,50,0.07311683844390994
476,2,10,150,50,0.021791008948563714
477,2,10,150,50,0.07075576072108061
478,2,10,150,50,0.09404669065083145
479,2,10,150,50,0.21237735043649042
480,2,10,150,50,0.15920120556239784
481,2,10,150,50,0.048705796110663196
482,2,10,150,50,0.04290887548434951
483,2,10,150,50,0.0273055648695642
484,2,10,150,50,0.19688900540330503
485,2,10,150,50,0.036556008482007775
486,2,10,150,50,0.022412065205540694
487,2,10,150,50,0.35776465255630713
488,2,10,150,50,0.0
489,2,10,150,50,0.0
490,2,10,150,50,0.11630686983226163
491,2,10,150,50,0.03859643636257609
492,2,10,150,50,0.1338895448360617
493,2,10,150,50,0.18859566438393643
494,2,10,150,50,0.08596118914843212
495,2,10,150,50,0.15597145881130936
496,2,10,150,50,0.024458940503554776
497,2,10,150,50,0.1302913521805855
498,2,10,150,50,0.08242876993950202
499,2,10,150,50,0.07592327120124845
500,2,10,150,50,0.18811463569544545
501,2,10,150,50,0.0
502,2,10,150,50,0.0
503,2,10,150,50,0.12266244979221827
504,2,10,150,50,0.15180476448382577
505,2,10,150,50,0.05688647497208646
506,2,10,150,50,0.14907604518988526
507,2,10,150,50,0.0
508,2,10,150,50,0.20345924618307185
509,2,10,150,50,0.0
510,2,10,150,50,0.0
511,2,10,150,50,0.0
512,2,10,150,50,0.08364069030518707
513,2,10,150,50,0.0600937008083393
514,2,10,150,50,0.16993840815625058
515,2,10,150,50,0.034743705427429224
516,2,10,150,50,0.1340330647732781
517,2,10,150,50,0.07931777113368761
518,2,10,150,50,0.1271756500386261
519,2,10,150,50,0.02766780364150026
520,2,10,150,50,0.0
521,2,10,150,50,0.0
522,2,10,150,50,0.0559167101555819
523,2,10,150,50,0.2032904290827781
524,2,10,150,50,0.11469623226344877
525,2,10,150,50,0.0
526,2,10,150,50,0.0
527,2,10,150,50,0.2854935723100945
528,2,10,150,50,0.17766119401073668
529,2,10,150,50,0.0
530,2,10,150,50,0.03067046672709443
531,2,10,150,50,0.0
532,2,10,150,50,0.07513282518866597
533,2,10,150,50,0.0400355850626299
534,2,10,150,50,0.024909303741335254
535,2,10,150,50,0.2320442282675585
536,2,10,150,50,0.15863505487215943
537,2,10,150,50,0.4405273314980652
538,2,10,150,50,0.032394594743117074
539,2,10,150,50,0.09953437200841515
540,2,10,150,50,0.0
541,2,10,150,50,0.06833564325125971
542,2,10,150,50,0.07797598981103891
543,2,10,150,50,0.038766503505504146
544,2,10,150,50,0.0
545,2,10,150,50,0.060216826583478454
546,2,10,150,50,0.03314153504336938
547,2,10,150,50,0.04855455745827926
548,2,10,150,50,0.03883106019841818
549,2,10,150,50,0.0
550,2,10,150,50,0.0
551,2,10,150,50,0.2517633275392159
552,2,10,150,50,0.048059443651065493
553,2,10,150,50,0.13317167485931308
554,2,10,150,50,0.07041837375515932
555,2,10,150,50,0.06932393791073393
556,2,10,150,50,0.16258997327839542
557,2,10,150,50,0.04470486007704452
558,2,10,150,50,0.265053101293003
559,2,10,150,50,0.08620000398338708
560,2,10,150,50,0.028567598460307132
561,2,10,150,50,0.06322544400905893
562,2,10,150,50,0.07720150835011791
563,2,10,150,50,0.0
564,2,10,150,50,0.0
565,2,10,150,50,0.28663011782160785
566,2,10,150,50,0.03548242894850303
567,2,10,150,50,0.04359722747499328
568,2,10,150,50,0.0
569,2,10,150,50,0.17563954439010937
570,2,10,150,50,0.0
571,2,10,150,50,0.0
572,2,10,150,50,0.0
573,2,10,150,50,0.03246641181906899
574,2,10,150,50,0.05058854055353143
575,2,10,150,50,0.05154847002173459
576,2,10,150,50,0.0
577,2,10,150,50,0.0784247757209491
578,2,10,150,50,0.0
579,2,10,150,50,0.08297540479108526
580,2,10,150,50,0.18080124080515705
581,2,10,150,50,0.0
582,2,10,150,50,0.0
583,2,10,150,50,0.0
584,2,10,150,50,0.0
585,2,10,150,50,0.08668163308546498
586,2,10,150,50,0.10132509239867551
587,2,10,150,50,0.03459392809572638
588,2,10,150,50,0.037573347678695114
589,2,10,150,50,0.0
590,2,10,150,50,0.06139304560474655
591,2,10,150,50,0.0
592,2,10,150,50,0.32424619386202846
593,2,10,150,50,0.04586709436300111
594,2,10,150,50,0.0
595,2,10,150,50,0.0
596,2,10,150,50,0.0
597,2,10,150,50,0.0
598,2,10,150,50,0.0
599,2,10,150,50,0.0
600,2,10,150,50,0.024325165853816375
601,2,10,150,50,0.03369782041898502
602,2,10,150,50,0.0
603,2,10,150,50,0.1435203717549576
604,2,10,150,50,0.0
605,2,10,150,50,0.2645541144793553
606,2,10,150,50,0.23204083039530643
607,2,10,150,50,0.08440880858250024
608,2,10,150,50,0.2120992422792938
609,2,10,150,50,0.0
610,2,10,150,50,0.1629867900167321
611,2,10,150,50,0.0
612,2,10,150,50,0.15130120674940672
613,2,10,150,50,0.0
614,2,10,150,50,0.046614515546531544
615,2,10,150,50,0.09083374831253048
616,2,10,150,50,0.0
617,2,10,150,50,0.044257815106106525
618,2,10,150,50,0.18766481803906507
619,2,10,150,50,0.05319635904163211
620,2,10,150,50,0.08396948777462541
621,2,10,150,50,0.06335388063984314
622,2,10,150,50,0.12980296240199146
623,2,10,150,50,0.0
624,2,10,150,50,0.0536466452928127
625,2,10,150,50,0.0
626,2,10,150,50,0.0
627,2,10,150,50,0.0
628,2,10,150,50,0.0
629,2,10,150,50,0.19451610919980286
630,2,10,150,50,0.0
631,2,10,150,50,0.16868725245403154
632,2,10,150,50,0.13439570003165963
633,2,10,150,50,0.07667481399289292
634,2,10,150,50,0.030975021478781034
635,2,10,150,50,0.0
636,2,10,150,50,0.0
637,2,10,150,50,0.0
638,2,10,150,50,0.0
639,2,10,150,50,0.0
640,2,10,150,50,0.0
642,2,10,150,50,0.11431346864321287
643,2,10,150,50,0.0
644,2,10,150,50,0.0
645,2,10,150,50,0.09759501249802542
647,2,10,150,50,0.0
648,2,10,150,50,0.18159464350583557
649,2,10,150,50,1.0
650,2,10,150,50,0.0
651,2,10,150,50,0.0
653,2,10,150,50,0.0
654,2,10,150,50,0.058087171966128066
655,2,10,150,50,0.11621678240839849
658,2,10,150,50,0.0
1,2,10,150,51,0.5556815221292758
2,2,10,150,51,0.1083188688865055
3,2,10,150,51,0.03098598178059488
4,2,10,150,51,0.06166887310869151
5,2,10,150,51,0.09714795733966866
6,2,10,150,51,0.19150171951493522
7,2,10,150,51,0.2903284699728045
8,2,10,150,51,0.06653535276206901
9,2,10,150,51,0.0
10,2,10,150,51,0.1898407915550228
11,2,10,150,51,0.10464473261331256
12,2,10,150,51,0.0
13,2,10,150,51,0.3701679869404126
14,2,10,150,51,0.12939622934497527
15,2,10,150,51,0.01616702920033762
16,2,10,150,51,0.2491367253726175
17,2,10,150,51,0.0
18,2,10,150,51,0.23570516286718582
19,2,10,150,51,0.0
20,2,10,150,51,0.0
21,2,10,150,51,0.0
22,2,10,150,51,0.017292171119733427
23,2,10,150,51,0.21391710343217823
24,2,10,150,51,0.08491010262674986
25,2,10,150,51,0.0
26,2,10,150,51,0.11161048176369433
27,2,10,150,51,0.0
28,2,10,150,51,0.10854509048291378
29,2,10,150,51,0.0
30,2,10,150,51,0.0
31,2,10,150,51,0.046287481291184845
32,2,10,150,51,0.11781210270929884
33,2,10,150,51,0.0
34,2,10,150,51,0.07239559903187814
35,2,10,150,51,0.0
36,2,10,150,51,0.0
37,2,10,150,51,0.0
38,2,10,150,51,0.022018862991815775
39,2,10,150,51,0.15820890896021753
40,2,10,150,51,0.2212397779175911
41,2,10,150,51,0.0
42,2,10,150,51,0.17084502871918114
43,2,10,150,51,0.07015762850985918
44,2,10,150,51,0.1565413821318793
45,2,10,150,51,0.0
46,2,10,150,51,0.10684080426179023
47,2,10,150,51,0.0
48,2,10,150,51,0.11590514112147128
49,2,10,150,51,0.04407878495393109
50,2,10,150,51,0.0
51,2,10,150,51,0.07984133538066794
52,2,10,150,51,0.028947056565878558
53,2,10,150,51,0.12810519548676028
54,2,10,150,51,0.047934103497110726
55,2,10,150,51,0.0
56,2,10,150,51,0.22047893971599028
57,2,10,150,51,0.0524456916588361
58,2,10,150,51,0.13115096900174386
59,2,10,150,51,0.39170884131607875
60,2,10,150,51,0.21675131838562098
61,2,10,150,51,0.06416923277158361
62,2,10,150,51,0.19123714447965787
63,2,10,150,51,0.0763437499438357
64,2,10,150,51,0.048261465584001434
65,2,10,150,51,0.18154179097601578
66,2,10,150,51,0.12995427111679475
67,2,10,150,51,0.24630238874073
68,2,10,150,51,0.04358896759704514
69,2,10,150,51,0.10495938403254562
70,2,10,150,51,0.03155184951131585
71,2,10,150,51,0.04416548762473651
72,2,10,150,51,0.2530421030801216
73,2,10,150,51,0.26386730550459286
74,2,10,150,51,0.17342765698823945
75,2,10,150,51,0.16021137204676433
76,2,10,150,51,0.21046795809065558
77,2,10,150,51,0.096890966577576
78,2,10,150,51,0.0
79,2,10,150,51,0.08508236880273473
80,2,10,150,51,0.1744476820873323
81,2,10,150,51,0.0
82,2,10,150,51,0.017054860769693734
83,2,10,150,51,0.046841820324159865
84,2,10,150,51,0.029136604147144557
85,2,10,150,51,0.2453672562977781
86,2,10,150,51,0.07028063830038406
87,2,10,150,51,0.1885158024175877
88,2,10,150,51,0.06294571929989644
89,2,10,150,51,0.20794910905763014
90,2,10,150,51,0.1506693815453613
91,2,10,150,51,0.04847782757894306
92,2,10,150,51,0.14812168120676011
93,2,10,150,51,0.0
94,2,10,150,51,0.30530976150529143
95,2,10,150,51,0.1453164696125722
96,2,10,150,51,0.16061428758048849
97,2,10,150,51,0.2065666702851524
98,2,10,150,51,0.0
99,2,10,150,51,0.10120320171650989
100,2,10,150,51,0.0
101,2,10,150,51,0.0
102,2,10,150,51,0.05671879843401278
103,2,10,150,51,0.04579340374561851
104,2,10,150,51,0.0
105,2,10,150,51,0.0
106,2,10,150,51,0.0
107,2,10,150,51,0.0
108,2,10,150,51,0.04485361187694993
109,2,10,150,51,0.21261431816822074
110,2,10,150,51,0.037578324799282276
111,2,10,150,51,0.09077089626867633
112,2,10,150,51,0.0
113,2,10,150,51,0.178509607681865
114,2,10,150,51,0.0
115,2,10,150,51,0.1737092330727855
116,2,10,150,51,0.026497157492079246
117,2,10,150,51,0.0
118,2,10,150,51,0.13610876526485238
119,2,10,150,51,0.13703643189628367
120,2,10,150,51,0.361879195385413
121,2,10,150,51,0.08886612137430887
122,2,10,150,51,0.11504775274472687
123,2,10,150,51,0.12990556389377814
124,2,10,150,51,0.18903749859471425
125,2,10,150,51,0.1508933718522661
126,2,10,150,51,0.0
127,2,10,150,51,0.12503310750358904
128,2,10,150,51,0.04616148092938704
129,2,10,150,51,0.0
130,2,10,150,51,0.11234376918985733
131,2,10,150,51,0.36227735599025207
132,2,10,150,51,0.12643913909707097
133,2,10,150,51,0.0
134,2,10,150,51,0.0
135,2,10,150,51,0.0
136,2,10,150,51,0.10426492517868997
137,2,10,150,51,0.03125036271105264
138,2,10,150,51,0.10332949630181452
139,2,10,150,51,0.0
140,2,10,150,51,0.0
141,2,10,150,51,0.12556328258692692
142,2,10,150,51,0.0
143,2,10,150,51,0.06882065896991112
144,2,10,150,51,0.1798429986328946
145,2,10,150,51,0.10389949895781835
146,2,10,150,51,0.0
147,2,10,150,51,0.0
148,2,10,150,51,0.08790431357288034
149,2,10,150,51,0.10486881530019958
150,2,10,150,51,0.0
151,2,10,150,51,0.2056000636560869
152,2,10,150,51,0.04019832975607886
153,2,10,150,51,0.071942683897578
154,2,10,150,51,0.08491065065836505
155,2,10,150,51,0.0
156,2,10,150,51,0.06437746926759551
157,2,10,150,51,0.06857646087959317
158,2,10,150,51,0.15911711737987416
159,2,10,150,51,0.024782300799839303
160,2,10,150,51,0.09926896187055606
161,2,10,150,51,0.0
162,2,10,150,51,0.0
163,2,10,150,51,0.0
164,2,10,150,51,0.029649957429587842
165,2,10,150,51,0.0
166,2,10,150,51,0.06175696970122604
167,2,10,150,51,0.040419659112753054
168,2,10,150,51,0.0
169,2,10,150,51,0.03870447337439288
170,2,10,150,51,0.0
171,2,10,150,51,0.0
172,2,10,150,51,0.08232325035020067
173,2,10,150,51,0.0
174,2,10,150,51,0.19359660097195475
175,2,10,150,51,0.22732566419594713
176,2,10,150,51,0.0
177,2,10,150,51,0.29715079985975246
178,2,10,150,51,0.19527266788333636
179,2,10,150,51,0.054384419234677496
180,2,10,150,51,0.08391511424653819
181,2,10,150,51,0.04933828788834952
182,2,10,150,51,0.05005165434923901
183,2,10,150,51,0.0
184,2,10,150,51,0.16877059558523555
185,2,10,150,51,0.0
186,2,10,150,51,0.030868393892711742
187,2,10,150,51,0.14023428091042053
188,2,10,150,51,0.29205722210115026
189,2,10,150,51,0.1397818195494507
190,2,10,150,51,0.0
191,2,10,150,51,0.0
192,2,10,150,51,0.0
193,2,10,150,51,0.0
194,2,10,150,51,0.12540907547462526
195,2,10,150,51,0.04606861224913365
196,2,10,150,51,0.04485361187694993
197,2,10,150,51,0.12309687790081901
198,2,10,150,51,0.028186415745733433
199,2,10,150,51,0.2529427027676571
200,2,10,150,51,0.21873888380347117
201,2,10,150,51,0.10009946613513358
202,2,10,150,51,0.27487633291429087
203,2,10,150,51,0.10238606821339166
204,2,10,150,51,0.0
205,2,10,150,51,0.1465996756793884
206,2,10,150,51,0.028694189013458257
207,2,10,150,51,0.020671222613217657
208,2,10,150,51,0.05919139647768146
209,2,10,150,51,0.0
210,2,10,150,51,0.17308629629645342
211,2,10,150,51,0.0
212,2,10,150,51,0.11738002835756964
213,2,10,150,51,0.07987009546254657
214,2,10,150,51,0.18976833471018986
215,2,10,150,51,0.11433722369502479
216,2,10,150,51,0.14425650580287722
217,2,10,150,51,0.10298663607405599
218,2,10,150,51,0.1023482199458735
219,2,10,150,51,0.0
220,2,10,150,51,0.0
221,2,10,150,51,0.10144613070733857
222,2,10,150,51,0.11347435159306231
223,2,10,150,51,0.0
224,2,10,150,51,0.029996736818897345
225,2,10,150,51,0.0
226,2,10,150,51,0.07386039040058112
227,2,10,150,51,0.0947812167140767
228,2,10,150,51,0.0
229,2,10,150,51,0.0
230,2,10,150,51,0.24667220276083424
231,2,10,150,51,0.3903800499921017
232,2,10,150,51,0.11605494365670165
233,2,10,150,51,0.13212972170856394
234,2,10,150,51,0.08311804625258977
235,2,10,150,51,0.1075070751982482
236,2,10,150,51,0.10718351281255113
237,2,10,150,51,0.21822953849175877
238,2,10,150,51,0.0
239,2,10,150,51,0.05752505190825261
240,2,10,150,51,0.0
241,2,10,150,51,0.0
242,2,10,150,51,0.07673373981757839
243,2,10,150,51,0.2568245236714982
244,2,10,150,51,0.16937230106902706
245,2,10,150,51,0.0
246,2,10,150,51,0.12260607425207731
247,2,10,150,51,0.0
248,2,10,150,51,0.14176813152020928
249,2,10,150,51,0.20201729277890756
250,2,10,150,51,0.06611248482408215
251,2,10,150,51,0.10803826056443963
252,2,10,150,51,0.13120507751234178
253,2,10,150,51,0.18852956389601477
254,2,10,150,51,0.228671039402572
255,2,10,150,51,0.024185523485714195
256,2,10,150,51,0.2811498908124545
257,2,10,150,51,0.07766718171217171
258,2,10,150,51,0.0
259,2,10,150,51,0.0
260,2,10,150,51,0.0
261,2,10,150,51,0.0
262,2,10,150,51,0.05887472794707303
263,2,10,150,51,0.09340671208136468
264,2,10,150,51,0.07935123938715939
265,2,10,150,51,0.042553256627589686
266,2,10,150,51,0.0
267,2,10,150,51,0.13338816180830973
268,2,10,150,51,0.14953861295419843
269,2,10,150,51,0.10922283616613737
270,2,10,150,51,0.08961610996238861
271,2,10,150,51,0.2589392076815328
272,2,10,150,51,0.33957662813068484
273,2,10,150,51,0.0
274,2,10,150,51,0.05829918151249392
275,2,10,150,51,0.04105877938688906
276,2,10,150,51,0.25089581629971563
277,2,10,150,51,0.0
278,2,10,150,51,0.04305311721683474
279,2,10,150,51,0.26268736169206564
280,2,10,150,51,0.10262253124340959
281,2,10,150,51,0.05516788910004661
282,2,10,150,51,0.0
283,2,10,150,51,0.06286054135527182
284,2,10,150,51,0.0
285,2,10,150,51,0.15002687789384317
286,2,10,150,51,0.10707733455045675
287,2,10,150,51,0.0845667599404342
288,2,10,150,51,0.09145237355282111
289,2,10,150,51,0.06510475888148554
290,2,10,150,51,0.09449357188080848
291,2,10,150,51,0.2080768212637795
292,2,10,150,51,0.32796947465095533
293,2,10,150,51,0.15971210351170992
294,2,10,150,51,0.05942233668176323
295,2,10,150,51,0.1329035343435913
296,2,10,150,51,0.06898258079289049
297,2,10,150,51,0.07571870268344093
298,2,10,150,51,0.3581490027092075
299,2,10,150,51,0.039669647467853474
300,2,10,150,51,0.0
301,2,10,150,51,0.15104790762114548
302,2,10,150,51,0.0
303,2,10,150,51,0.4024542350272965
304,2,10,150,51,0.09811693595042764
305,2,10,150,51,0.15377587171217844
306,2,10,150,51,0.07286537763060504
307,2,10,150,51,0.15107571592228533
308,2,10,150,51,0.15598497877495152
309,2,10,150,51,0.0
310,2,10,150,51,0.0
311,2,10,150,51,0.2921489739512472
312,2,10,150,51,0.10661147690369285
313,2,10,150,51,0.2693919380198581
314,2,10,150,51,0.13106241006895863
315,2,10,150,51,0.15734607654320276
316,2,10,150,51,0.029546401698350686
317,2,10,150,51,0.0
318,2,10,150,51,0.10353336838635137
319,2,10,150,51,0.0
320,2,10,150,51,0.04539294738377069
321,2,10,150,51,0.12530728980532893
322,2,10,150,51,0.35190394711189377
323,2,10,150,51,0.028361369701356044
324,2,10,150,51,0.04342547274117719
325,2,10,150,51,0.06453919279387746
326,2,10,150,51,0.11994430406466959
327,2,10,150,51,0.0
328,2,10,150,51,0.17444143260731812
329,2,10,150,51,0.0
330,2,10,150,51,0.08916242981118074
331,2,10,150,51,0.05427266504401326
332,2,10,150,51,0.18967146462948598
333,2,10,150,51,0.05206745415870339
334,2,10,150,51,0.15327760851098196
335,2,10,150,51,0.0
336,2,10,150,51,0.11501232379588432
337,2,10,150,51,0.07596161868673496
338,2,10,150,51,0.09619462024943062
339,2,10,150,51,0.3089174077453885
340,2,10,150,51,0.17896552649342137
341,2,10,150,51,0.0
342,2,10,150,51,0.21913381900099838
343,2,10,150,51,0.3336171842989162
344,2,10,150,51,0.1523980172868318
345,2,10,150,51,0.09339517129876888
346,2,10,150,51,0.26944873743253056
347,2,10,150,51,0.18753537227795378
348,2,10,150,51,0.0
349,2,10,150,51,0.163169180413793
350,2,10,150,51,0.18939048055890495
351,2,10,150,51,0.1610216634970071
352,2,10,150,51,0.2770988445296086
353,2,10,150,51,0.0
354,2,10,150,51,0.11177629241446393
355,2,10,150,51,0.0
356,2,10,150,51,0.10061931714936387
357,2,10,150,51,0.1023343164960757
358,2,10,150,51,0.0
359,2,10,150,51,0.0
360,2,10,150,51,0.22728151171982378
361,2,10,150,51,0.09888240087940003
362,2,10,150,51,0.04690797720830594
363,2,10,150,51,0.22633022750831266
364,2,10,150,51,0.0
365,2,10,150,51,0.0
366,2,10,150,51,0.050143326786652107
367,2,10,150,51,0.0
368,2,10,150,51,0.06788053752288492
369,2,10,150,51,0.21386152848601384
370,2,10,150,51,0.0957000625269241
371,2,10,150,51,0.06330961329622671
372,2,10,150,51,0.0536466452928127
373,2,10,150,51,0.1396528934308146
374,2,10,150,51,0.20604391235404282
375,2,10,150,51,0.1676614286651071
376,2,10,150,51,0.038925970325304815
377,2,10,150,51,0.3067552645565975
378,2,10,150,51,0.06250067956284007
379,2,10,150,51,0.23867103299315975
380,2,10,150,51,0.06374384431707242
381,2,10,150,51,0.12158230198340733
382,2,10,150,51,0.11670077402731671
383,2,10,150,51,0.05181989685583115
384,2,10,150,51,0.0
385,2,10,150,51,0.1930082207503326
386,2,10,150,51,0.0
387,2,10,150,51,0.18922293528937634
388,2,10,150,51,0.03275673003454543
389,2,10,150,51,0.2618947523380016
390,2,10,150,51,0.10466779365752882
391,2,10,150,51,0.18344326580289438
392,2,10,150,51,0.05640412288941769
393,2,10,150,51,0.013928379335493988
394,2,10,150,51,0.21752684974169212
395,2,10,150,51,0.06520401471200078
396,2,10,150,51,0.08006506288147622
397,2,10,150,51,0.19945281121976402
398,2,10,150,51,0.12633080592181342
399,2,10,150,51,0.02549753772682897
400,2,10,150,51,0.0
401,2,10,150,51,0.0
402,2,10,150,51,0.1798991830195577
403,2,10,150,51,0.21342888353269066
404,2,10,150,51,0.0
405,2,10,150,51,0.23230816447928468
406,2,10,150,51,0.2804924482030078
407,2,10,150,51,0.09935708611277667
408,2,10,150,51,0.08490303813485527
409,2,10,150,51,0.1915164438231982
410,2,10,150,51,0.1510508871592243
411,2,10,150,51,0.13359023741301432
412,2,10,150,51,0.041062015509212284
413,2,10,150,51,0.19475935863737628
414,2,10,150,51,0.04690797720830594
415,2,10,150,51,0.15582818336744758
416,2,10,150,51,0.4817666101608528
417,2,10,150,51,0.30058319993593013
418,2,10,150,51,0.05130633033097092
419,2,10,150,51,0.09817896789964464
420,2,10,150,51,0.13011860784218718
421,2,10,150,51,0.29129642073446305
422,2,10,150,51,0.0654076987556055
423,2,10,150,51,0.0
424,2,10,150,51,0.039270700903099615
425,2,10,150,51,0.06016370492536427
426,2,10,150,51,0.03206656709567107
427,2,10,150,51,0.0
428,2,10,150,51,0.09545062073374358
429,2,10,150,51,0.30086922610754124
430,2,10,150,51,0.17441334704295655
431,2,10,150,51,0.0
432,2,10,150,51,0.08980230529700303
433,2,10,150,51,0.10047622221317463
434,2,10,150,51,0.21435951014939544
435,2,10,150,51,0.3883365076629583
436,2,10,150,51,0.06858300338790471
437,2,10,150,51,0.2884630820903476
438,2,10,150,51,0.11342455428465782
439,2,10,150,51,0.0
440,2,10,150,51,0.032014847745354055
441,2,10,150,51,0.1731866333482261
442,2,10,150,51,0.04278254655683649
443,2,10,150,51,0.0
444,2,10,150,51,0.0796221118108625
445,2,10,150,51,0.02881080092108056
446,2,10,150,51,0.13356958453958645
447,2,10,150,51,0.05815393034229507
448,2,10,150,51,0.0
449,2,10,150,51,0.10848432672679821
450,2,10,150,51,0.5426137183582581
451,2,10,150,51,0.05163551141839463
452,2,10,150,51,0.2046326596127073
453,2,10,150,51,0.11242435919159557
454,2,10,150,51,0.0
455,2,10,150,51,0.10188951187417682
456,2,10,150,51,0.10373983175605017
457,2,10,150,51,0.5451363293215714
458,2,10,150,51,0.2911862847780958
459,2,10,150,51,0.22013049941606846
460,2,10,150,51,0.07041837375515932
461,2,10,150,51,0.0
462,2,10,150,51,0.14978255669452106
463,2,10,150,51,0.2418286843307056
464,2,10,150,51,0.024240213052394943
465,2,10,150,51,0.10783006935442738
466,2,10,150,51,0.11403278883465191
467,2,10,150,51,0.09300532025926726
468,2,10,150,51,0.24593386204392823
469,2,10,150,51,0.05651614765972419
470,2,10,150,51,0.02794110381151734
471,2,10,150,51,0.0
472,2,10,150,51,0.2552907364926863
473,2,10,150,51,0.2622744659873325
474,2,10,150,51,0.46496641265365135
475,2,10,150,51,0.07311683844390994
476,2,10,150,51,0.021791008948563714
477,2,10,150,51,0.07075576072108061
478,2,10,150,51,0.0927847042981006
479,2,10,150,51,0.20952751791154745
480,2,10,150,51,0.15920120556239784
481,2,10,150,51,0.048705796110663196
482,2,10,150,51,0.04290887548434951
483,2,10,150,51,0.0273055648695642
484,2,10,150,51,0.2076657281980711
485,2,10,150,51,0.036556008482007775
486,2,10,150,51,0.02211132394361883
487,2,10,150,51,0.35296390831011326
488,2,10,150,51,0.0
489,2,10,150,51,0.0
490,2,10,150,51,0.11630686983226163
491,2,10,150,51,0.03859643636257609
492,2,10,150,51,0.1338895448360617
493,2,10,150,51,0.1860649516816641
494,2,10,150,51,0.08596118914843212
495,2,10,150,51,0.1538785212387776
496,2,10,150,51,0.024130732792000717
497,2,10,150,51,0.12854300880781105
498,2,10,150,51,0.08132268122956267
499,2,10,150,51,0.07592327120124845
500,2,10,150,51,0.1855903777831923
501,2,10,150,51,0.0
502,2,10,150,51,0.0
503,2,10,150,51,0.12101647653617852
504,2,10,150,51,0.14976773862217824
505,2,10,150,51,0.05688647497208646
506,2,10,150,51,0.14707563525257866
507,2,10,150,51,0.0
508,2,10,150,51,0.20345924618307185
509,2,10,150,51,0.0
510,2,10,150,51,0.0
511,2,10,150,51,0.0
512,2,10,150,51,0.08364069030518707
513,2,10,150,51,0.0600937008083393
514,2,10,150,51,0.18107677351056195
515,2,10,150,51,0.034743705427429224
516,2,10,150,51,0.1340330647732781
517,2,10,150,51,0.07931777113368761
518,2,10,150,51,0.1271756500386261
519,2,10,150,51,0.02766780364150026
520,2,10,150,51,0.0
521,2,10,150,51,0.0
522,2,10,150,51,0.0559167101555819
523,2,10,150,51,0.2032904290827781
524,2,10,150,51,0.11315715546208086
525,2,10,150,51,0.0
526,2,10,150,51,0.0
527,2,10,150,51,0.29947806396441007
528,2,10,150,51,0.17766119401073668
529,2,10,150,51,0.0
530,2,10,150,51,0.03067046672709443
531,2,10,150,51,0.0
532,2,10,150,51,0.07412463872964174
533,2,10,150,51,0.03949835869535435
534,2,10,150,51,0.024909303741335254
535,2,10,150,51,0.2289304913856214
536,2,10,150,51,0.16992509677655354
537,2,10,150,51,0.4480347394407509
538,2,10,150,51,0.032394594743117074
539,2,10,150,51,0.09953437200841515
540,2,10,150,51,0.0
541,2,10,150,51,0.06833564325125971
542,2,10,150,51,0.07797598981103891
543,2,10,150,51,0.03824630659024346
544,2,10,150,51,0.0
545,2,10,150,51,0.060216826583478454
546,2,10,150,51,0.03314153504336938
547,2,10,150,51,0.04855455745827926
548,2,10,150,51,0.03883106019841818
549,2,10,150,51,0.0
550,2,10,150,51,0.0
551,2,10,150,51,0.2483849855553155
552,2,10,150,51,0.048059443651065493
553,2,10,150,51,0.13317167485931308
554,2,10,150,51,0.07041837375515932
555,2,10,150,51,0.06932393791073393
556,2,10,150,51,0.16258997327839542
557,2,10,150,51,0.04470486007704452
558,2,10,150,51,0.265053101293003
559,2,10,150,51,0.08620000398338708
560,2,10,150,51,0.028567598460307132
561,2,10,150,51,0.06237703938224417
562,2,10,150,51,0.07720150835011791
563,2,10,150,51,0.0
564,2,10,150,51,0.0
565,2,10,150,51,0.28663011782160785
566,2,10,150,51,0.03548242894850303
567,2,10,150,51,0.04359722747499328
568,2,10,150,51,0.0
569,2,10,150,51,0.17563954439010937
570,2,10,150,51,0.0
571,2,10,150,51,0.0
572,2,10,150,51,0.0
573,2,10,150,51,0.03246641181906899
574,2,10,150,51,0.05058854055353143
575,2,10,150,51,0.05154847002173459
576,2,10,150,51,0.0
577,2,10,150,51,0.0784247757209491
578,2,10,150,51,0.0
579,2,10,150,51,0.08297540479108526
580,2,10,150,51,0.18080124080515705
581,2,10,150,51,0.0
582,2,10,150,51,0.0
583,2,10,150,51,0.0
584,2,10,150,51,0.0
585,2,10,150,51,0.08668163308546498
586,2,10,150,51,0.10132509239867551
587,2,10,150,51,0.03459392809572638
588,2,10,150,51,0.037573347678695114
589,2,10,150,51,0.0
590,2,10,150,51,0.06139304560474655
591,2,10,150,51,0.0
592,2,10,150,51,0.31989522447919266
593,2,10,150,51,0.04586709436300111
594,2,10,150,51,0.0
595,2,10,150,51,0.0
596,2,10,150,51,0.0
597,2,10,150,51,0.0
598,2,10,150,51,0.0
599,2,10,150,51,0.0
600,2,10,150,51,0.024325165853816375
601,2,10,150,51,0.03369782041898502
602,2,10,150,51,0.0
603,2,10,150,51,0.1435203717549576
604,2,10,150,51,0.0
605,2,10,150,51,0.2645541144793553
606,2,10,150,51,0.23204083039530643
607,2,10,150,51,0.08440880858250024
608,2,10,150,51,0.2120992422792938
609,2,10,150,51,0.0
610,2,10,150,51,0.1629867900167321
611,2,10,150,51,0.0
612,2,10,150,51,0.15130120674940672
613,2,10,150,51,0.0
614,2,10,150,51,0.046614515546531544
615,2,10,150,51,0.09083374831253048
616,2,10,150,51,0.0
617,2,10,150,51,0.044257815106106525
618,2,10,150,51,0.18766481803906507
619,2,10,150,51,0.05319635904163211
620,2,10,150,51,0.08396948777462541
621,2,10,150,51,0.06335388063984314
622,2,10,150,51,0.12980296240199146
623,2,10,150,51,0.0
624,2,10,150,51,0.0536466452928127
625,2,10,150,51,0.0
626,2,10,150,51,0.0
627,2,10,150,51,0.0
628,2,10,150,51,0.0
629,2,10,150,51,0.19451610919980286
630,2,10,150,51,0.0
631,2,10,150,51,0.16868725245403154
632,2,10,150,51,0.13439570003165963
633,2,10,150,51,0.07667481399289292
634,2,10,150,51,0.030975021478781034
635,2,10,150,51,0.0
636,2,10,150,51,0.0
637,2,10,150,51,0.0
638,2,10,150,51,0.0
639,2,10,150,51,0.0
640,2,10,150,51,0.0
642,2,10,150,51,0.11431346864321287
643,2,10,150,51,0.0
644,2,10,150,51,0.0
645,2,10,150,51,0.09759501249802542
647,2,10,150,51,0.0
648,2,10,150,51,0.18159464350583557
649,2,10,150,51,1.0
650,2,10,150,51,0.0
651,2,10,150,51,0.0
653,2,10,150,51,0.0
654,2,10,150,51,0.058087171966128066
655,2,10,150,51,0.11621678240839849
658,2,10,150,51,0.0
1,2,10,150,52,0.5483585540310901
2,2,10,150,52,0.1083188688865055
3,2,10,150,52,0.03098598178059488
4,2,10,150,52,0.06166887310869151
5,2,10,150,52,0.09714795733966866
6,2,10,150,52,0.18897804196420084
7,2,10,150,52,0.2996807729874272
8,2,10,150,52,0.06653535276206901
9,2,10,150,52,0.0
10,2,10,150,52,0.1898407915550228
11,2,10,150,52,0.10464473261331256
12,2,10,150,52,0.0
13,2,10,150,52,0.3652897819769882
14,2,10,150,52,0.12939622934497527
15,2,10,150,52,0.01616702920033762
16,2,10,150,52,0.2491367253726175
17,2,10,150,52,0.0
18,2,10,150,52,0.2325989566690022
19,2,10,150,52,0.0
20,2,10,150,52,0.0
21,2,10,150,52,0.0
22,2,10,150,52,0.017292171119733427
23,2,10,150,52,0.21391710343217823
24,2,10,150,52,0.08491010262674986
25,2,10,150,52,0.0
26,2,10,150,52,0.11161048176369433
27,2,10,150,52,0.0
28,2,10,150,52,0.10854509048291378
29,2,10,150,52,0.0
30,2,10,150,52,0.0
31,2,10,150,52,0.046287481291184845
32,2,10,150,52,0.11781210270929884
33,2,10,150,52,0.0
34,2,10,150,52,0.07239559903187814
35,2,10,150,52,0.0
36,2,10,150,52,0.0
37,2,10,150,52,0.0
38,2,10,150,52,0.022018862991815775
39,2,10,150,52,0.15820890896021753
40,2,10,150,52,0.2212397779175911
41,2,10,150,52,0.0
42,2,10,150,52,0.17084502871918114
43,2,10,150,52,0.08351197129224688
44,2,10,150,52,0.1565413821318793
45,2,10,150,52,0.0
46,2,10,150,52,0.10684080426179023
47,2,10,150,52,0.0
48,2,10,150,52,0.11590514112147128
49,2,10,150,52,0.04407878495393109
50,2,10,150,52,0.0
51,2,10,150,52,0.07984133538066794
52,2,10,150,52,0.028947056565878558
53,2,10,150,52,0.12810519548676028
54,2,10,150,52,0.047934103497110726
55,2,10,150,52,0.0
56,2,10,150,52,0.22047893971599028
57,2,10,150,52,0.0524456916588361
58,2,10,150,52,0.13115096900174386
59,2,10,150,52,0.38654676333705323
60,2,10,150,52,0.21389489266951028
61,2,10,150,52,0.06416923277158361
62,2,10,150,52,0.18871695359253518
63,2,10,150,52,0.0763437499438357
64,2,10,150,52,0.04762545888093689
65,2,10,150,52,0.18154179097601578
66,2,10,150,52,0.12995427111679475
67,2,10,150,52,0.24630238874073
68,2,10,150,52,0.04358896759704514
69,2,10,150,52,0.10495938403254562
70,2,10,150,52,0.03155184951131585
71,2,10,150,52,0.04416548762473651
72,2,10,150,52,0.2530421030801216
73,2,10,150,52,0.26386730550459286
74,2,10,150,52,0.17342765698823945
75,2,10,150,52,0.16021137204676433
76,2,10,150,52,0.21046795809065558
77,2,10,150,52,0.096890966577576
78,2,10,150,52,0.0
79,2,10,150,52,0.08508236880273473
80,2,10,150,52,0.1744476820873323
81,2,10,150,52,0.0
82,2,10,150,52,0.017054860769693734
83,2,10,150,52,0.046841820324159865
84,2,10,150,52,0.029136604147144557
85,2,10,150,52,0.24213371960697205
86,2,10,150,52,0.07028063830038406
87,2,10,150,52,0.186031474340926
88,2,10,150,52,0.06294571929989644
89,2,10,150,52,0.20794910905763014
90,2,10,150,52,0.16186216153905822
91,2,10,150,52,0.04847782757894306
92,2,10,150,52,0.14616968117989151
93,2,10,150,52,0.0
94,2,10,150,52,0.30128628123011364
95,2,10,150,52,0.14340143765859215
96,2,10,150,52,0.16061428758048849
97,2,10,150,52,0.2065666702851524
98,2,10,150,52,0.0
99,2,10,150,52,0.10120320171650989
100,2,10,150,52,0.0
101,2,10,150,52,0.0
102,2,10,150,52,0.05671879843401278
103,2,10,150,52,0.04579340374561851
104,2,10,150,52,0.0
105,2,10,150,52,0.0
106,2,10,150,52,0.0
107,2,10,150,52,0.0
108,2,10,150,52,0.04485361187694993
109,2,10,150,52,0.20981241130761946
110,2,10,150,52,0.037578324799282276
111,2,10,150,52,0.09077089626867633
112,2,10,150,52,0.0
113,2,10,150,52,0.178509607681865
114,2,10,150,52,0.0
115,2,10,150,52,0.1737092330727855
116,2,10,150,52,0.026497157492079246
117,2,10,150,52,0.0
118,2,10,150,52,0.13610876526485238
119,2,10,150,52,0.13703643189628367
120,2,10,150,52,0.361879195385413
121,2,10,150,52,0.08886612137430887
122,2,10,150,52,0.11504775274472687
123,2,10,150,52,0.12990556389377814
124,2,10,150,52,0.18903749859471425
125,2,10,150,52,0.1508933718522661
126,2,10,150,52,0.0
127,2,10,150,52,0.12503310750358904
128,2,10,150,52,0.04616148092938704
129,2,10,150,52,0.0
130,2,10,150,52,0.11086326317149119
131,2,10,150,52,0.36227735599025207
132,2,10,150,52,0.12643913909707097
133,2,10,150,52,0.0
134,2,10,150,52,0.0
135,2,10,150,52,0.0
136,2,10,150,52,0.10426492517868997
137,2,10,150,52,0.03125036271105264
138,2,10,150,52,0.10332949630181452
139,2,10,150,52,0.0
140,2,10,150,52,0.0
141,2,10,150,52,0.12556328258692692
142,2,10,150,52,0.0
143,2,10,150,52,0.06882065896991112
144,2,10,150,52,0.1774729638391799
145,2,10,150,52,0.10253027452622286
146,2,10,150,52,0.0
147,2,10,150,52,0.0
148,2,10,150,52,0.08790431357288034
149,2,10,150,52,0.10486881530019958
150,2,10,150,52,0.0
151,2,10,150,52,0.2160689476469672
152,2,10,150,52,0.04019832975607886
153,2,10,150,52,0.071942683897578
154,2,10,150,52,0.08491065065836505
155,2,10,150,52,0.0
156,2,10,150,52,0.06437746926759551
157,2,10,150,52,0.06857646087959317
158,2,10,150,52,0.15911711737987416
159,2,10,150,52,0.024782300799839303
160,2,10,150,52,0.09926896187055606
161,2,10,150,52,0.0
162,2,10,150,52,0.0
163,2,10,150,52,0.0
164,2,10,150,52,0.029649957429587842
165,2,10,150,52,0.0
166,2,10,150,52,0.06175696970122604
167,2,10,150,52,0.040419659112753054
168,2,10,150,52,0.0
169,2,10,150,52,0.03870447337439288
170,2,10,150,52,0.0
171,2,10,150,52,0.0
172,2,10,150,52,0.08232325035020067
173,2,10,150,52,0.0
174,2,10,150,52,0.19359660097195475
175,2,10,150,52,0.22732566419594713
176,2,10,150,52,0.0
177,2,10,150,52,0.29715079985975246
178,2,10,150,52,0.19269929543813097
179,2,10,150,52,0.054384419234677496
180,2,10,150,52,0.08391511424653819
181,2,10,150,52,0.04868809043920449
182,2,10,150,52,0.05005165434923901
183,2,10,150,52,0.0
184,2,10,150,52,0.16654647684425833
185,2,10,150,52,0.0
186,2,10,150,52,0.030868393892711742
187,2,10,150,52,0.14023428091042053
188,2,10,150,52,0.29205722210115026
189,2,10,150,52,0.1397818195494507
190,2,10,150,52,0.0
191,2,10,150,52,0.0
192,2,10,150,52,0.0
193,2,10,150,52,0.0
194,2,10,150,52,0.12375639021814126
195,2,10,150,52,0.04606861224913365
196,2,10,150,52,0.04485361187694993
197,2,10,150,52,0.12309687790081901
198,2,10,150,52,0.028186415745733433
199,2,10,150,52,0.2529427027676571
200,2,10,150,52,0.22903461976449002
201,2,10,150,52,0.09878031988325864
202,2,10,150,52,0.27487633291429087
203,2,10,150,52,0.10238606821339166
204,2,10,150,52,0.0
205,2,10,150,52,0.1465996756793884
206,2,10,150,52,0.028694189013458257
207,2,10,150,52,0.020398809913282908
208,2,10,150,52,0.05919139647768146
209,2,10,150,52,0.0
210,2,10,150,52,0.17308629629645342
211,2,10,150,52,0.0
212,2,10,150,52,0.11738002835756964
213,2,10,150,52,0.07987009546254657
214,2,10,150,52,0.18976833471018986
215,2,10,150,52,0.11433722369502479
216,2,10,150,52,0.14425650580287722
217,2,10,150,52,0.10298663607405599
218,2,10,150,52,0.1023482199458735
219,2,10,150,52,0.0
220,2,10,150,52,0.0
221,2,10,150,52,0.10144613070733857
222,2,10,150,52,0.11197894635897397
223,2,10,150,52,0.0
224,2,10,150,52,0.029996736818897345
225,2,10,150,52,0.0
226,2,10,150,52,0.07386039040058112
227,2,10,150,52,0.0947812167140767
228,2,10,150,52,0.0
229,2,10,150,52,0.0
230,2,10,150,52,0.24667220276083424
231,2,10,150,52,0.3903800499921017
232,2,10,150,52,0.11605494365670165
233,2,10,150,52,0.13212972170856394
234,2,10,150,52,0.08202268717216019
235,2,10,150,52,0.1075070751982482
236,2,10,150,52,0.10718351281255113
237,2,10,150,52,0.21822953849175877
238,2,10,150,52,0.0
239,2,10,150,52,0.05752505190825261
240,2,10,150,52,0.0
241,2,10,150,52,0.0
242,2,10,150,52,0.07673373981757839
243,2,10,150,52,0.2568245236714982
244,2,10,150,52,0.1671402528398685
245,2,10,150,52,0.0
246,2,10,150,52,0.12099032793942079
247,2,10,150,52,0.0
248,2,10,150,52,0.14176813152020928
249,2,10,150,52,0.20201729277890756
250,2,10,150,52,0.06611248482408215
251,2,10,150,52,0.10803826056443963
252,2,10,150,52,0.1904168294848087
253,2,10,150,52,0.18852956389601477
254,2,10,150,52,0.228671039402572
255,2,10,150,52,0.024185523485714195
256,2,10,150,52,0.27744479787839615
257,2,10,150,52,0.07766718171217171
258,2,10,150,52,0.0
259,2,10,150,52,0.0
260,2,10,150,52,0.0
261,2,10,150,52,0.0
262,2,10,150,52,0.05887472794707303
263,2,10,150,52,0.09340671208136468
264,2,10,150,52,0.07935123938715939
265,2,10,150,52,0.042553256627589686
266,2,10,150,52,0.0
267,2,10,150,52,0.13338816180830973
268,2,10,150,52,0.14756794009843308
269,2,10,150,52,0.10778345890958733
270,2,10,150,52,0.08961610996238861
271,2,10,150,52,0.2555268150038792
272,2,10,150,52,0.33957662813068484
273,2,10,150,52,0.0
274,2,10,150,52,0.05829918151249392
275,2,10,150,52,0.04105877938688906
276,2,10,150,52,0.2475894222852254
277,2,10,150,52,0.0
278,2,10,150,52,0.04305311721683474
279,2,10,150,52,0.27240392903090543
280,2,10,150,52,0.10127013514506367
281,2,10,150,52,0.05516788910004661
282,2,10,150,52,0.0
283,2,10,150,52,0.06286054135527182
284,2,10,150,52,0.0
285,2,10,150,52,0.15002687789384317
286,2,10,150,52,0.10566623147481888
287,2,10,150,52,0.0845667599404342
288,2,10,150,52,0.09145237355282111
289,2,10,150,52,0.06510475888148554
290,2,10,150,52,0.09449357188080848
291,2,10,150,52,0.20533471114601307
292,2,10,150,52,0.3500155663296135
293,2,10,150,52,0.1576073607906837
294,2,10,150,52,0.05942233668176323
295,2,10,150,52,0.1329035343435913
296,2,10,150,52,0.06898258079289049
297,2,10,150,52,0.07571870268344093
298,2,10,150,52,0.3581490027092075
299,2,10,150,52,0.03914686678988488
300,2,10,150,52,0.0
301,2,10,150,52,0.14905734474518573
302,2,10,150,52,0.0
303,2,10,150,52,0.3971505504405001
304,2,10,150,52,0.09811693595042764
305,2,10,150,52,0.15377587171217844
306,2,10,150,52,0.07286537763060504
307,2,10,150,52,0.15107571592228533
308,2,10,150,52,0.15392935342504221
309,2,10,150,52,0.0
310,2,10,150,52,0.0
311,2,10,150,52,0.28829893120020367
312,2,10,150,52,0.10520651306527935
313,2,10,150,52,0.2658417955561163
314,2,10,150,52,0.12933522316497692
315,2,10,150,52,0.15734607654320276
316,2,10,150,52,0.05434423902175483
317,2,10,150,52,0.0
318,2,10,150,52,0.10353336838635137
319,2,10,150,52,0.0
320,2,10,150,52,0.04539294738377069
321,2,10,150,52,0.12530728980532893
322,2,10,150,52,0.35190394711189377
323,2,10,150,52,0.028361369701356044
324,2,10,150,52,0.04342547274117719
325,2,10,150,52,0.0811231025632827
326,2,10,150,52,0.11994430406466959
327,2,10,150,52,0.0
328,2,10,150,52,0.17214258156564535
329,2,10,150,52,0.0
330,2,10,150,52,0.08916242981118074
331,2,10,150,52,0.05427266504401326
332,2,10,150,52,0.18967146462948598
333,2,10,150,52,0.05206745415870339
334,2,10,150,52,0.151257661846225
335,2,10,150,52,0.0
336,2,10,150,52,0.11501232379588432
337,2,10,150,52,0.07596161868673496
338,2,10,150,52,0.09619462024943062
339,2,10,150,52,0.30484638462908015
340,2,10,150,52,0.17896552649342137
341,2,10,150,52,0.0
342,2,10,150,52,0.2162459958471369
343,2,10,150,52,0.32922065877064943
344,2,10,150,52,0.1523980172868318
345,2,10,150,52,0.09339517129876888
346,2,10,150,52,0.2658978464459921
347,2,10,150,52,0.19824231917608845
348,2,10,150,52,0.0
349,2,10,150,52,0.163169180413793
350,2,10,150,52,0.18939048055890495
351,2,10,150,52,0.1610216634970071
352,2,10,150,52,0.2770988445296086
353,2,10,150,52,0.0
354,2,10,150,52,0.11030326480622513
355,2,10,150,52,0.0
356,2,10,150,52,0.10061931714936387
357,2,10,150,52,0.1023343164960757
358,2,10,150,52,0.0
359,2,10,150,52,0.0
360,2,10,150,52,0.22728151171982378
361,2,10,150,52,0.09888240087940003
362,2,10,150,52,0.04690797720830594
363,2,10,150,52,0.22334756753187945
364,2,10,150,52,0.0
365,2,10,150,52,0.0
366,2,10,150,52,0.050143326786652107
367,2,10,150,52,0.0
368,2,10,150,52,0.06788053752288492
369,2,10,150,52,0.21386152848601384
370,2,10,150,52,0.0957000625269241
371,2,10,150,52,0.06330961329622671
372,2,10,150,52,0.0536466452928127
373,2,10,150,52,0.1378124980916022
374,2,10,150,52,0.20332859263059339
375,2,10,150,52,0.1676614286651071
376,2,10,150,52,0.038925970325304815
377,2,10,150,52,0.3067552645565975
378,2,10,150,52,0.061677023449892836
379,2,10,150,52,0.23552574150699923
380,2,10,150,52,0.06290380533826859
381,2,10,150,52,0.12158230198340733
382,2,10,150,52,0.11670077402731671
383,2,10,150,52,0.05181989685583115
384,2,10,150,52,0.0
385,2,10,150,52,0.1904646899922351
386,2,10,150,52,0.0
387,2,10,150,52,0.1867292883650383
388,2,10,150,52,0.03275673003454543
389,2,10,150,52,0.2584434104450688
390,2,10,150,52,0.10466779365752882
391,2,10,150,52,0.18344326580289438
392,2,10,150,52,0.05640412288941769
393,2,10,150,52,0.026923180733573367
394,2,10,150,52,0.21466020379843068
395,2,10,150,52,0.06520401471200078
396,2,10,150,52,0.08006506288147622
397,2,10,150,52,0.19945281121976402
398,2,10,150,52,0.12633080592181342
399,2,10,150,52,0.025161522135307438
400,2,10,150,52,0.0
401,2,10,150,52,0.0
402,2,10,150,52,0.1798991830195577
403,2,10,150,52,0.21342888353269066
404,2,10,150,52,0.0
405,2,10,150,52,0.22924672513015673
406,2,10,150,52,0.2767960192807325
407,2,10,150,52,0.09804772320802405
408,2,10,150,52,0.08490303813485527
409,2,10,150,52,0.1889925722303095
410,2,10,150,52,0.1510508871592243
411,2,10,150,52,0.13359023741301432
412,2,10,150,52,0.041062015509212284
413,2,10,150,52,0.19475935863737628
414,2,10,150,52,0.04690797720830594
415,2,10,150,52,0.15582818336744758
416,2,10,150,52,0.48859607349565093
417,2,10,150,52,0.29662200796476845
418,2,10,150,52,0.05130633033097092
419,2,10,150,52,0.09817896789964464
420,2,10,150,52,0.13011860784218718
421,2,10,150,52,0.29129642073446305
422,2,10,150,52,0.0654076987556055
423,2,10,150,52,0.0
424,2,10,150,52,0.039270700903099615
425,2,10,150,52,0.059370846292691216
426,2,10,150,52,0.03206656709567107
427,2,10,150,52,0.0
428,2,10,150,52,0.09545062073374358
429,2,10,150,52,0.2969042647820884
430,2,10,150,52,0.17441334704295655
431,2,10,150,52,0.0
432,2,10,150,52,0.08980230529700303
433,2,10,150,52,0.10047622221317463
434,2,10,150,52,0.21435951014939544
435,2,10,150,52,0.3832188714923694
436,2,10,150,52,0.06767919225529241
437,2,10,150,52,0.28466161332896506
438,2,10,150,52,0.11342455428465782
439,2,10,150,52,0.0
440,2,10,150,52,0.032014847745354055
441,2,10,150,52,0.1731866333482261
442,2,10,150,52,0.04221874299109192
443,2,10,150,52,0.0
444,2,10,150,52,0.0796221118108625
445,2,10,150,52,0.02881080092108056
446,2,10,150,52,0.13356958453958645
447,2,10,150,52,0.05738755723158064
448,2,10,150,52,0.0
449,2,10,150,52,0.10848432672679821
450,2,10,150,52,0.5354629624109495
451,2,10,150,52,0.05163551141839463
452,2,10,150,52,0.20193593787819888
453,2,10,150,52,0.11094279112961584
454,2,10,150,52,0.0
455,2,10,150,52,0.10054677576494783
456,2,10,150,52,0.1023727114754446
457,2,10,150,52,0.5379523295126751
458,2,10,150,52,0.28734892868626755
459,2,10,150,52,0.21722954165435523
460,2,10,150,52,0.07041837375515932
461,2,10,150,52,0.0
462,2,10,150,52,0.14978255669452106
463,2,10,150,52,0.23864178019577204
464,2,10,150,52,0.024240213052394943
465,2,10,150,52,0.10783006935442738
466,2,10,150,52,0.11403278883465191
467,2,10,150,52,0.09300532025926726
468,2,10,150,52,0.24269285842172697
469,2,10,150,52,0.05651614765972419
470,2,10,150,52,0.02794110381151734
471,2,10,150,52,0.0
472,2,10,150,52,0.2519264246618111
473,2,10,150,52,0.2622744659873325
474,2,10,150,52,0.4588389204283504
475,2,10,150,52,0.07311683844390994
476,2,10,150,52,0.021791008948563714
477,2,10,150,52,0.07075576072108061
478,2,10,150,52,0.0927847042981006
479,2,10,150,52,0.20676628999905747
480,2,10,150,52,0.15920120556239784
481,2,10,150,52,0.048705796110663196
482,2,10,150,52,0.04290887548434951
483,2,10,150,52,0.0273055648695642
484,2,10,150,52,0.20492903561046483
485,2,10,150,52,0.036556008482007775
486,2,10,150,52,0.02181993307780901
487,2,10,150,52,0.3483124247940489
488,2,10,150,52,0.0
489,2,10,150,52,0.0
490,2,10,150,52,0.11630686983226163
491,2,10,150,52,0.03859643636257609
492,2,10,150,52,0.1338895448360617
493,2,10,150,52,0.18361292178487315
494,2,10,150,52,0.08596118914843212
495,2,10,150,52,0.1650290100518942
496,2,10,150,52,0.023812729440468444
497,2,10,150,52,0.12684902346682395
498,2,10,150,52,0.08025098210589725
499,2,10,150,52,0.07592327120124845
500,2,10,150,52,0.1831446019894808
501,2,10,150,52,0.0
502,2,10,150,52,0.0
503,2,10,150,52,0.11942167850576443
504,2,10,150,52,0.1477940462671309
505,2,10,150,52,0.05688647497208646
506,2,10,150,52,0.14513742039013727
507,2,10,150,52,0.0
508,2,10,150,52,0.20345924618307185
509,2,10,150,52,0.0
510,2,10,150,52,0.0
511,2,10,150,52,0.0
512,2,10,150,52,0.08364069030518707
513,2,10,150,52,0.0600937008083393
514,2,10,150,52,0.1786904795941129
515,2,10,150,52,0.034743705427429224
516,2,10,150,52,0.1340330647732781
517,2,10,150,52,0.07931777113368761
518,2,10,150,52,0.1271756500386261
519,2,10,150,52,0.02766780364150026
520,2,10,150,52,0.0
521,2,10,150,52,0.0
522,2,10,150,52,0.0559167101555819
523,2,10,150,52,0.2032904290827781
524,2,10,150,52,0.11166593035105858
525,2,10,150,52,0.0
526,2,10,150,52,0.0
527,2,10,150,52,0.3133954624856771
528,2,10,150,52,0.17766119401073668
529,2,10,150,52,0.0
530,2,10,150,52,0.03067046672709443
531,2,10,150,52,0.0
532,2,10,150,52,0.07314779796188192
533,2,10,150,52,0.03897783532155484
534,2,10,150,52,0.024909303741335254
535,2,10,150,52,0.22591356420997052
536,2,10,150,52,0.1676857636095847
537,2,10,150,52,0.45530873332648203
538,2,10,150,52,0.032394594743117074
539,2,10,150,52,0.09953437200841515
540,2,10,150,52,0.0
541,2,10,150,52,0.06833564325125971
542,2,10,150,52,0.07797598981103891
543,2,10,150,52,0.037742283202961156
544,2,10,150,52,0.0
545,2,10,150,52,0.060216826583478454
546,2,10,150,52,0.03314153504336938
547,2,10,150,52,0.04855455745827926
548,2,10,150,52,0.03883106019841818
549,2,10,150,52,0.0
550,2,10,150,52,0.0
551,2,10,150,52,0.24511168015851173
552,2,10,150,52,0.048059443651065493
553,2,10,150,52,0.13317167485931308
554,2,10,150,52,0.07041837375515932
555,2,10,150,52,0.06932393791073393
556,2,10,150,52,0.16258997327839542
557,2,10,150,52,0.04470486007704452
558,2,10,150,52,0.265053101293003
559,2,10,150,52,0.08620000398338708
560,2,10,150,52,0.028567598460307132
561,2,10,150,52,0.0615550126434296
562,2,10,150,52,0.07720150835011791
563,2,10,150,52,0.0
564,2,10,150,52,0.0
565,2,10,150,52,0.28663011782160785
566,2,10,150,52,0.03548242894850303
567,2,10,150,52,0.04359722747499328
568,2,10,150,52,0.0
569,2,10,150,52,0.17563954439010937
570,2,10,150,52,0.0
571,2,10,150,52,0.0
572,2,10,150,52,0.0
573,2,10,150,52,0.03246641181906899
574,2,10,150,52,0.05058854055353143
575,2,10,150,52,0.05154847002173459
576,2,10,150,52,0.0
577,2,10,150,52,0.0784247757209491
578,2,10,150,52,0.0
579,2,10,150,52,0.08297540479108526
580,2,10,150,52,0.18080124080515705
581,2,10,150,52,0.0
582,2,10,150,52,0.0
583,2,10,150,52,0.0
584,2,10,150,52,0.0
585,2,10,150,52,0.08668163308546498
586,2,10,150,52,0.10132509239867551
587,2,10,150,52,0.03459392809572638
588,2,10,150,52,0.037573347678695114
589,2,10,150,52,0.0
590,2,10,150,52,0.06139304560474655
591,2,10,150,52,0.0
592,2,10,150,52,0.31567953180212344
593,2,10,150,52,0.04586709436300111
594,2,10,150,52,0.0
595,2,10,150,52,0.0
596,2,10,150,52,0.0
597,2,10,150,52,0.0
598,2,10,150,52,0.0
599,2,10,150,52,0.0
600,2,10,150,52,0.024325165853816375
601,2,10,150,52,0.03369782041898502
602,2,10,150,52,0.0
603,2,10,150,52,0.1435203717549576
604,2,10,150,52,0.0
605,2,10,150,52,0.2645541144793553
606,2,10,150,52,0.23204083039530643
607,2,10,150,52,0.08440880858250024
608,2,10,150,52,0.2120992422792938
609,2,10,150,52,0.0
610,2,10,150,52,0.1629867900167321
611,2,10,150,52,0.0
612,2,10,150,52,0.15130120674940672
613,2,10,150,52,0.0
614,2,10,150,52,0.046614515546531544
615,2,10,150,52,0.09083374831253048
616,2,10,150,52,0.0
617,2,10,150,52,0.044257815106106525
618,2,10,150,52,0.18766481803906507
619,2,10,150,52,0.05319635904163211
620,2,10,150,52,0.08396948777462541
621,2,10,150,52,0.06335388063984314
622,2,10,150,52,0.12980296240199146
623,2,10,150,52,0.0
624,2,10,150,52,0.0536466452928127
625,2,10,150,52,0.0
626,2,10,150,52,0.0
627,2,10,150,52,0.0
628,2,10,150,52,0.0
629,2,10,150,52,0.19451610919980286
630,2,10,150,52,0.0
631,2,10,150,52,0.16868725245403154
632,2,10,150,52,0.13439570003165963
633,2,10,150,52,0.07667481399289292
634,2,10,150,52,0.030975021478781034
635,2,10,150,52,0.0
636,2,10,150,52,0.0
637,2,10,150,52,0.0
638,2,10,150,52,0.0
639,2,10,150,52,0.0
640,2,10,150,52,0.0
642,2,10,150,52,0.11431346864321287
643,2,10,150,52,0.0
644,2,10,150,52,0.0
645,2,10,150,52,0.09759501249802542
647,2,10,150,52,0.0
648,2,10,150,52,0.18159464350583557
649,2,10,150,52,1.0
650,2,10,150,52,0.0
651,2,10,150,52,0.0
653,2,10,150,52,0.0
654,2,10,150,52,0.058087171966128066
655,2,10,150,52,0.11621678240839849
658,2,10,150,52,0.0
1,2,10,150,53,0.5412590744096855
2,2,10,150,53,0.13223862260714028
3,2,10,150,53,0.03098598178059488
4,2,10,150,53,0.06166887310869151
5,2,10,150,53,0.09714795733966866
6,2,10,150,53,0.18653138411970274
7,2,10,150,53,0.29580087082284745
8,2,10,150,53,0.06653535276206901
9,2,10,150,53,0.0
10,2,10,150,53,0.1898407915550228
11,2,10,150,53,0.10464473261331256
12,2,10,150,53,0.0
13,2,10,150,53,0.3605604541603824
14,2,10,150,53,0.12939622934497527
15,2,10,150,53,0.01616702920033762
16,2,10,150,53,0.2491367253726175
17,2,10,150,53,0.0
18,2,10,150,53,0.22958754827445396
19,2,10,150,53,0.0
20,2,10,150,53,0.0
21,2,10,150,53,0.0
22,2,10,150,53,0.017292171119733427
23,2,10,150,53,0.21391710343217823
24,2,10,150,53,0.08491010262674986
25,2,10,150,53,0.0
26,2,10,150,53,0.11161048176369433
27,2,10,150,53,0.0
28,2,10,150,53,0.10854509048291378
29,2,10,150,53,0.0
30,2,10,150,53,0.0
31,2,10,150,53,0.046287481291184845
32,2,10,150,53,0.11781210270929884
33,2,10,150,53,0.0
34,2,10,150,53,0.07239559903187814
35,2,10,150,53,0.0
36,2,10,150,53,0.0
37,2,10,150,53,0.0
38,2,10,150,53,0.022018862991815775
39,2,10,150,53,0.15820890896021753
40,2,10,150,53,0.2212397779175911
41,2,10,150,53,0.0
42,2,10,150,53,0.17084502871918114
43,2,10,150,53,0.08351197129224688
44,2,10,150,53,0.1565413821318793
45,2,10,150,53,0.0
46,2,10,150,53,0.10684080426179023
47,2,10,150,53,0.0
48,2,10,150,53,0.11590514112147128
49,2,10,150,53,0.04407878495393109
50,2,10,150,53,0.0
51,2,10,150,53,0.07984133538066794
52,2,10,150,53,0.028947056565878558
53,2,10,150,53,0.12810519548676028
54,2,10,150,53,0.047934103497110726
55,2,10,150,53,0.0
56,2,10,150,53,0.22047893971599028
57,2,10,150,53,0.0524456916588361
58,2,10,150,53,0.13115096900174386
59,2,10,150,53,0.39448900973834927
60,2,10,150,53,0.21112564174697682
61,2,10,150,53,0.06416923277158361
62,2,10,150,53,0.18627367600272704
63,2,10,150,53,0.0763437499438357
64,2,10,150,53,0.04700886236338519
65,2,10,150,53,0.18154179097601578
66,2,10,150,53,0.12995427111679475
67,2,10,150,53,0.24630238874073
68,2,10,150,53,0.04358896759704514
69,2,10,150,53,0.10495938403254562
70,2,10,150,53,0.03155184951131585
71,2,10,150,53,0.04416548762473651
72,2,10,150,53,0.2712187346925767
73,2,10,150,53,0.26386730550459286
74,2,10,150,53,0.17342765698823945
75,2,10,150,53,0.16021137204676433
76,2,10,150,53,0.21046795809065558
77,2,10,150,53,0.096890966577576
78,2,10,150,53,0.0
79,2,10,150,53,0.08508236880273473
80,2,10,150,53,0.1744476820873323
81,2,10,150,53,0.0
82,2,10,150,53,0.017054860769693734
83,2,10,150,53,0.046841820324159865
84,2,10,150,53,0.029136604147144557
85,2,10,150,53,0.23899886669847317
86,2,10,150,53,0.07028063830038406
87,2,10,150,53,0.18362296507027756
88,2,10,150,53,0.06294571929989644
89,2,10,150,53,0.20794910905763014
90,2,10,150,53,0.17271335089379608
91,2,10,150,53,0.04847782757894306
92,2,10,150,53,0.1442772539255425
93,2,10,150,53,0.0
94,2,10,150,53,0.3103323766564311
95,2,10,150,53,0.14154485025450547
96,2,10,150,53,0.18799697242376096
97,2,10,150,53,0.2065666702851524
98,2,10,150,53,0.0
99,2,10,150,53,0.10120320171650989
100,2,10,150,53,0.0
101,2,10,150,53,0.0
102,2,10,150,53,0.05671879843401278
103,2,10,150,53,0.04579340374561851
104,2,10,150,53,0.0
105,2,10,150,53,0.0
106,2,10,150,53,0.0
107,2,10,150,53,0.0
108,2,10,150,53,0.04485361187694993
109,2,10,150,53,0.2070960153884783
110,2,10,150,53,0.037578324799282276
111,2,10,150,53,0.09077089626867633
112,2,10,150,53,0.0
113,2,10,150,53,0.178509607681865
114,2,10,150,53,0.0
115,2,10,150,53,0.1737092330727855
116,2,10,150,53,0.026497157492079246
117,2,10,150,53,0.0
118,2,10,150,53,0.13610876526485238
119,2,10,150,53,0.13703643189628367
120,2,10,150,53,0.361879195385413
121,2,10,150,53,0.115269333086109
122,2,10,150,53,0.11504775274472687
123,2,10,150,53,0.12990556389377814
124,2,10,150,53,0.18903749859471425
125,2,10,150,53,0.1508933718522661
126,2,10,150,53,0.0
127,2,10,150,53,0.12503310750358904
128,2,10,150,53,0.04616148092938704
129,2,10,150,53,0.0
130,2,10,150,53,0.10942794047639962
131,2,10,150,53,0.36227735599025207
132,2,10,150,53,0.12643913909707097
133,2,10,150,53,0.0
134,2,10,150,53,0.0
135,2,10,150,53,0.0
136,2,10,150,53,0.10426492517868997
137,2,10,150,53,0.03125036271105264
138,2,10,150,53,0.10332949630181452
139,2,10,150,53,0.0
140,2,10,150,53,0.0
141,2,10,150,53,0.12556328258692692
142,2,10,150,53,0.0
143,2,10,150,53,0.06882065896991112
144,2,10,150,53,0.17517525975329615
145,2,10,150,53,0.10120283723318726
146,2,10,150,53,0.0
147,2,10,150,53,0.0
148,2,10,150,53,0.08790431357288034
149,2,10,150,53,0.10486881530019958
150,2,10,150,53,0.0
151,2,10,150,53,0.21327154970476053
152,2,10,150,53,0.04019832975607886
153,2,10,150,53,0.071942683897578
154,2,10,150,53,0.08491065065836505
155,2,10,150,53,0.0
156,2,10,150,53,0.06437746926759551
157,2,10,150,53,0.06857646087959317
158,2,10,150,53,0.15911711737987416
159,2,10,150,53,0.024782300799839303
160,2,10,150,53,0.09926896187055606
161,2,10,150,53,0.0
162,2,10,150,53,0.0
163,2,10,150,53,0.0
164,2,10,150,53,0.029649957429587842
165,2,10,150,53,0.0
166,2,10,150,53,0.06175696970122604
167,2,10,150,53,0.040419659112753054
168,2,10,150,53,0.0
169,2,10,150,53,0.03870447337439288
170,2,10,150,53,0.0
171,2,10,150,53,0.0
172,2,10,150,53,0.08232325035020067
173,2,10,150,53,0.0
174,2,10,150,53,0.19359660097195475
175,2,10,150,53,0.22732566419594713
176,2,10,150,53,0.0
177,2,10,150,53,0.29715079985975246
178,2,10,150,53,0.1902044593295937
179,2,10,150,53,0.054384419234677496
180,2,10,150,53,0.08391511424653819
181,2,10,150,53,0.048057736260652476
182,2,10,150,53,0.05005165434923901
183,2,10,150,53,0.0
184,2,10,150,53,0.16439023562274266
185,2,10,150,53,0.0
186,2,10,150,53,0.05478814761334652
187,2,10,150,53,0.14023428091042053
188,2,10,150,53,0.29205722210115026
189,2,10,150,53,0.1397818195494507
190,2,10,150,53,0.0
191,2,10,150,53,0.0
192,2,10,150,53,0.0
193,2,10,150,53,0.0
194,2,10,150,53,0.13510092675413862
195,2,10,150,53,0.04606861224913365
196,2,10,150,53,0.04485361187694993
197,2,10,150,53,0.12309687790081901
198,2,10,150,53,0.028186415745733433
199,2,10,150,53,0.2529427027676571
200,2,10,150,53,0.2260693580690885
201,2,10,150,53,0.09750143244209133
202,2,10,150,53,0.27487633291429087
203,2,10,150,53,0.10238606821339166
204,2,10,150,53,0.0
205,2,10,150,53,0.1465996756793884
206,2,10,150,53,0.028694189013458257
207,2,10,150,53,0.020134710932395945
208,2,10,150,53,0.05919139647768146
209,2,10,150,53,0.0
210,2,10,150,53,0.17308629629645342
211,2,10,150,53,0.0
212,2,10,150,53,0.11738002835756964
213,2,10,150,53,0.09668057601450128
214,2,10,150,53,0.18976833471018986
215,2,10,150,53,0.11433722369502479
216,2,10,150,53,0.14425650580287722
217,2,10,150,53,0.10298663607405599
218,2,10,150,53,0.1023482199458735
219,2,10,150,53,0.0
220,2,10,150,53,0.0
221,2,10,150,53,0.10144613070733857
222,2,10,150,53,0.11052917915491058
223,2,10,150,53,0.0
224,2,10,150,53,0.029996736818897345
225,2,10,150,53,0.0
226,2,10,150,53,0.07386039040058112
227,2,10,150,53,0.0947812167140767
228,2,10,150,53,0.0
229,2,10,150,53,0.0
230,2,10,150,53,0.24667220276083424
231,2,10,150,53,0.3903800499921017
232,2,10,150,53,0.11605494365670165
233,2,10,150,53,0.13212972170856394
234,2,10,150,53,0.08096075717801518
235,2,10,150,53,0.1075070751982482
236,2,10,150,53,0.10718351281255113
237,2,10,150,53,0.21822953849175877
238,2,10,150,53,0.0
239,2,10,150,53,0.05752505190825261
240,2,10,150,53,0.0
241,2,10,150,53,0.0
242,2,10,150,53,0.07673373981757839
243,2,10,150,53,0.2568245236714982
244,2,10,150,53,0.16497632412893645
245,2,10,150,53,0.0
246,2,10,150,53,0.11942389232666607
247,2,10,150,53,0.0
248,2,10,150,53,0.14176813152020928
249,2,10,150,53,0.20201729277890756
250,2,10,150,53,0.06611248482408215
251,2,10,150,53,0.10803826056443963
252,2,10,150,53,0.1904168294848087
253,2,10,150,53,0.18852956389601477
254,2,10,150,53,0.228671039402572
255,2,10,150,53,0.024185523485714195
256,2,10,150,53,0.2738527800752222
257,2,10,150,53,0.07766718171217171
258,2,10,150,53,0.0
259,2,10,150,53,0.0
260,2,10,150,53,0.0
261,2,10,150,53,0.0
262,2,10,150,53,0.05887472794707303
263,2,10,150,53,0.09340671208136468
264,2,10,150,53,0.07935123938715939
265,2,10,150,53,0.08339602711200374
266,2,10,150,53,0.0
267,2,10,150,53,0.13338816180830973
268,2,10,150,53,0.1456574098882267
269,2,10,150,53,0.1063880097742945
270,2,10,150,53,0.08961610996238861
271,2,10,150,53,0.25221856458541375
272,2,10,150,53,0.33957662813068484
273,2,10,150,53,0.0
274,2,10,150,53,0.05829918151249392
275,2,10,150,53,0.04105877938688906
276,2,10,150,53,0.24438393557389812
277,2,10,150,53,0.0
278,2,10,150,53,0.04305311721683474
279,2,10,150,53,0.2688771742666571
280,2,10,150,53,0.09995901260410207
281,2,10,150,53,0.05516788910004661
282,2,10,150,53,0.0
283,2,10,150,53,0.06286054135527182
284,2,10,150,53,0.0
285,2,10,150,53,0.15002687789384317
286,2,10,150,53,0.10429819362529248
287,2,10,150,53,0.0845667599404342
288,2,10,150,53,0.09145237355282111
289,2,10,150,53,0.06510475888148554
290,2,10,150,53,0.09449357188080848
291,2,10,150,53,0.20267628704260157
292,2,10,150,53,0.3500155663296135
293,2,10,150,53,0.15556685237170972
294,2,10,150,53,0.05942233668176323
295,2,10,150,53,0.1329035343435913
296,2,10,150,53,0.06898258079289049
297,2,10,150,53,0.09088045312208184
298,2,10,150,53,0.3581490027092075
299,2,10,150,53,0.038640040770716276
300,2,10,150,53,0.0
301,2,10,150,53,0.14712753153508829
302,2,10,150,53,0.0
303,2,10,150,53,0.3920087281442036
304,2,10,150,53,0.09811693595042764
305,2,10,150,53,0.15377587171217844
306,2,10,150,53,0.07286537763060504
307,2,10,150,53,0.15107571592228533
308,2,10,150,53,0.151936463372095
309,2,10,150,53,0.0
310,2,10,150,53,0.0
311,2,10,150,53,0.2845663872800216
312,2,10,150,53,0.10384442709059126
313,2,10,150,53,0.2623999993149634
314,2,10,150,53,0.12766074799824592
315,2,10,150,53,0.15734607654320276
316,2,10,150,53,0.07902587521017022
317,2,10,150,53,0.0
318,2,10,150,53,0.10353336838635137
319,2,10,150,53,0.0
320,2,10,150,53,0.04539294738377069
321,2,10,150,53,0.12530728980532893
322,2,10,150,53,0.35190394711189377
323,2,10,150,53,0.028361369701356044
324,2,10,150,53,0.04342547274117719
325,2,10,150,53,0.0811231025632827
326,2,10,150,53,0.13399599264350756
327,2,10,150,53,0.0
328,2,10,150,53,0.16991388878640953
329,2,10,150,53,0.0
330,2,10,150,53,0.08916242981118074
331,2,10,150,53,0.05427266504401326
332,2,10,150,53,0.18967146462948598
333,2,10,150,53,0.05206745415870339
334,2,10,150,53,0.1492993616064193
335,2,10,150,53,0.0
336,2,10,150,53,0.11501232379588432
337,2,10,150,53,0.07596161868673496
338,2,10,150,53,0.09619462024943062
339,2,10,150,53,0.3138463881665317
340,2,10,150,53,0.17896552649342137
341,2,10,150,53,0.0
342,2,10,150,53,0.21344630570016776
343,2,10,150,53,0.3249583100925706
344,2,10,150,53,0.1523980172868318
345,2,10,150,53,0.10686772084589051
346,2,10,150,53,0.26245532452608844
347,2,10,150,53,0.1956757187378452
348,2,10,150,53,0.0
349,2,10,150,53,0.163169180413793
350,2,10,150,53,0.18939048055890495
351,2,10,150,53,0.1610216634970071
352,2,10,150,53,0.2770988445296086
353,2,10,150,53,0.0
354,2,10,150,53,0.10887519228887402
355,2,10,150,53,0.0
356,2,10,150,53,0.10061931714936387
357,2,10,150,53,0.1023343164960757
358,2,10,150,53,0.0
359,2,10,150,53,0.0
360,2,10,150,53,0.22728151171982378
361,2,10,150,53,0.09888240087940003
362,2,10,150,53,0.04690797720830594
363,2,10,150,53,0.23340271863089773
364,2,10,150,53,0.0
365,2,10,150,53,0.0
366,2,10,150,53,0.050143326786652107
367,2,10,150,53,0.0
368,2,10,150,53,0.06788053752288492
369,2,10,150,53,0.21386152848601384
370,2,10,150,53,0.0957000625269241
371,2,10,150,53,0.06330961329622671
372,2,10,150,53,0.08461341886182785
373,2,10,150,53,0.13602826947953112
374,2,10,150,53,0.20069614130979585
375,2,10,150,53,0.1676614286651071
376,2,10,150,53,0.038925970325304815
377,2,10,150,53,0.3067552645565975
378,2,10,150,53,0.0608785043643921
379,2,10,150,53,0.2324764406620445
380,2,10,150,53,0.062089403372939674
381,2,10,150,53,0.12158230198340733
382,2,10,150,53,0.11670077402731671
383,2,10,150,53,0.05181989685583115
384,2,10,150,53,0.0
385,2,10,150,53,0.1879987848371924
386,2,10,150,53,0.0
387,2,10,150,53,0.1843117446471157
388,2,10,150,53,0.03275673003454543
389,2,10,150,53,0.255097399496114
390,2,10,150,53,0.10466779365752882
391,2,10,150,53,0.18344326580289438
392,2,10,150,53,0.05640412288941769
393,2,10,150,53,0.03952139589345139
394,2,10,150,53,0.21188104455820275
395,2,10,150,53,0.06520401471200078
396,2,10,150,53,0.08006506288147622
397,2,10,150,53,0.19945281121976402
398,2,10,150,53,0.12633080592181342
399,2,10,150,53,0.02483576134917587
400,2,10,150,53,0.0
401,2,10,150,53,0.0
402,2,10,150,53,0.1798991830195577
403,2,10,150,53,0.21342888353269066
404,2,10,150,53,0.0
405,2,10,150,53,0.22627871735245184
406,2,10,150,53,0.2861591848327083
407,2,10,150,53,0.09677832053759353
408,2,10,150,53,0.08490303813485527
409,2,10,150,53,0.18654572626559812
410,2,10,150,53,0.1510508871592243
411,2,10,150,53,0.13359023741301432
412,2,10,150,53,0.041062015509212284
413,2,10,150,53,0.19475935863737628
414,2,10,150,53,0.04690797720830594
415,2,10,150,53,0.15582818336744758
416,2,10,150,53,0.4952171095455748
417,2,10,150,53,0.2927817069695065
418,2,10,150,53,0.05130633033097092
419,2,10,150,53,0.09817896789964464
420,2,10,150,53,0.13011860784218718
421,2,10,150,53,0.29129642073446305
422,2,10,150,53,0.0654076987556055
423,2,10,150,53,0.0
424,2,10,150,53,0.039270700903099615
425,2,10,150,53,0.058602184784154576
426,2,10,150,53,0.03206656709567107
427,2,10,150,53,0.0
428,2,10,150,53,0.09545062073374358
429,2,10,150,53,0.29306030946884815
430,2,10,150,53,0.17441334704295655
431,2,10,150,53,0.0
432,2,10,150,53,0.08980230529700303
433,2,10,150,53,0.10047622221317463
434,2,10,150,53,0.21435951014939544
435,2,10,150,53,0.3782574196308133
436,2,10,150,53,0.06767919225529241
437,2,10,150,53,0.28097616097672445
438,2,10,150,53,0.11342455428465782
439,2,10,150,53,0.0
440,2,10,150,53,0.032014847745354055
441,2,10,150,53,0.1731866333482261
442,2,10,150,53,0.04167214605501206
443,2,10,150,53,0.0
444,2,10,150,53,0.0796221118108625
445,2,10,150,53,0.02881080092108056
446,2,10,150,53,0.13356958453958645
447,2,10,150,53,0.05664457293764967
448,2,10,150,53,0.0
449,2,10,150,53,0.10848432672679821
450,2,10,150,53,0.5285304392256944
451,2,10,150,53,0.05163551141839463
452,2,10,150,53,0.19932151695733144
453,2,10,150,53,0.10950643880324765
454,2,10,150,53,0.0
455,2,10,150,53,0.09924501840146059
456,2,10,150,53,0.10104731411715584
457,2,10,150,53,0.5309875770298574
458,2,10,150,53,0.2836286842432038
459,2,10,150,53,0.21441711775250302
460,2,10,150,53,0.07041837375515932
461,2,10,150,53,0.0
462,2,10,150,53,0.14978255669452106
463,2,10,150,53,0.23555213667172928
464,2,10,150,53,0.024240213052394943
465,2,10,150,53,0.10783006935442738
466,2,10,150,53,0.11403278883465191
467,2,10,150,53,0.09300532025926726
468,2,10,150,53,0.23955076646390225
469,2,10,150,53,0.05651614765972419
470,2,10,150,53,0.02794110381151734
471,2,10,150,53,0.0
472,2,10,150,53,0.24866478771855213
473,2,10,150,53,0.2622744659873325
474,2,10,150,53,0.45289843214537984
475,2,10,150,53,0.07311683844390994
476,2,10,150,53,0.021791008948563714
477,2,10,150,53,0.07075576072108061
478,2,10,150,53,0.0927847042981006
479,2,10,150,53,0.2040893315538017
480,2,10,150,53,0.15920120556239784
481,2,10,150,53,0.048705796110663196
482,2,10,150,53,0.04290887548434951
483,2,10,150,53,0.0273055648695642
484,2,10,150,53,0.20227586370048836
485,2,10,150,53,0.036556008482007775
486,2,10,150,53,0.02153743512261611
487,2,10,150,53,0.34380289914968887
488,2,10,150,53,0.0
489,2,10,150,53,0.0
490,2,10,150,53,0.11630686983226163
491,2,10,150,53,0.03859643636257609
492,2,10,150,53,0.1338895448360617
493,2,10,150,53,0.18123572499117754
494,2,10,150,53,0.08596118914843212
495,2,10,150,53,0.16289241514480066
496,2,10,150,53,0.023504431181692594
497,2,10,150,53,0.12520673658996648
498,2,10,150,53,0.07921198999412978
499,2,10,150,53,0.07592327120124845
500,2,10,150,53,0.18077346843090614
501,2,10,150,53,0.0
502,2,10,150,53,0.0
503,2,10,150,53,0.13082233561695925
504,2,10,150,53,0.14588058870925183
505,2,10,150,53,0.05688647497208646
506,2,10,150,53,0.14325835759301603
507,2,10,150,53,0.0
508,2,10,150,53,0.20345924618307185
509,2,10,150,53,0.0
510,2,10,150,53,0.0
511,2,10,150,53,0.0
512,2,10,150,53,0.08364069030518707
513,2,10,150,53,0.0600937008083393
514,2,10,150,53,0.17637701259502694
515,2,10,150,53,0.034743705427429224
516,2,10,150,53,0.1340330647732781
517,2,10,150,53,0.07931777113368761
518,2,10,150,53,0.1271756500386261
519,2,10,150,53,0.02766780364150026
520,2,10,150,53,0.0
521,2,10,150,53,0.0
522,2,10,150,53,0.0559167101555819
523,2,10,150,53,0.2032904290827781
524,2,10,150,53,0.11022021569756275
525,2,10,150,53,0.0
526,2,10,150,53,0.0
527,2,10,150,53,0.3133954624856771
528,2,10,150,53,0.17766119401073668
529,2,10,150,53,0.0
530,2,10,150,53,0.03067046672709443
531,2,10,150,53,0.0
532,2,10,150,53,0.08514755299816533
533,2,10,150,53,0.03847319771625516
534,2,10,150,53,0.024909303741335254
535,2,10,150,53,0.222988710145933
536,2,10,150,53,0.16551477228867897
537,2,10,150,53,0.44941394961254794
538,2,10,150,53,0.032394594743117074
539,2,10,150,53,0.09953437200841515
540,2,10,150,53,0.0
541,2,10,150,53,0.06833564325125971
542,2,10,150,53,0.07797598981103891
543,2,10,150,53,0.03725364202376381
544,2,10,150,53,0.0
545,2,10,150,53,0.060216826583478454
546,2,10,150,53,0.03314153504336938
547,2,10,150,53,0.04855455745827926
548,2,10,150,53,0.03883106019841818
549,2,10,150,53,0.0
550,2,10,150,53,0.0
551,2,10,150,53,0.24193827223870942
552,2,10,150,53,0.048059443651065493
553,2,10,150,53,0.13317167485931308
554,2,10,150,53,0.07041837375515932
555,2,10,150,53,0.06932393791073393
556,2,10,150,53,0.16258997327839542
557,2,10,150,53,0.04470486007704452
558,2,10,150,53,0.265053101293003
559,2,10,150,53,0.08620000398338708
560,2,10,150,53,0.028567598460307132
561,2,10,150,53,0.060758073205456405
562,2,10,150,53,0.07720150835011791
563,2,10,150,53,0.0
564,2,10,150,53,0.0
565,2,10,150,53,0.28663011782160785
566,2,10,150,53,0.03548242894850303
567,2,10,150,53,0.04359722747499328
568,2,10,150,53,0.0
569,2,10,150,53,0.17563954439010937
570,2,10,150,53,0.0
571,2,10,150,53,0.0
572,2,10,150,53,0.0
573,2,10,150,53,0.03246641181906899
574,2,10,150,53,0.05058854055353143
575,2,10,150,53,0.05154847002173459
576,2,10,150,53,0.0
577,2,10,150,53,0.0784247757209491
578,2,10,150,53,0.0
579,2,10,150,53,0.08297540479108526
580,2,10,150,53,0.18080124080515705
581,2,10,150,53,0.0
582,2,10,150,53,0.0
583,2,10,150,53,0.0
584,2,10,150,53,0.0
585,2,10,150,53,0.08668163308546498
586,2,10,150,53,0.10132509239867551
587,2,10,150,53,0.03459392809572638
588,2,10,150,53,0.037573347678695114
589,2,10,150,53,0.0
590,2,10,150,53,0.06139304560474655
591,2,10,150,53,0.0
592,2,10,150,53,0.3115924971667584
593,2,10,150,53,0.04586709436300111
594,2,10,150,53,0.0
595,2,10,150,53,0.0
596,2,10,150,53,0.0
597,2,10,150,53,0.0
598,2,10,150,53,0.0
599,2,10,150,53,0.0
600,2,10,150,53,0.024325165853816375
601,2,10,150,53,0.03369782041898502
602,2,10,150,53,0.0
603,2,10,150,53,0.1435203717549576
604,2,10,150,53,0.0
605,2,10,150,53,0.2645541144793553
606,2,10,150,53,0.23204083039530643
607,2,10,150,53,0.08440880858250024
608,2,10,150,53,0.2120992422792938
609,2,10,150,53,0.0
610,2,10,150,53,0.1629867900167321
611,2,10,150,53,0.0
612,2,10,150,53,0.15130120674940672
613,2,10,150,53,0.0
614,2,10,150,53,0.046614515546531544
615,2,10,150,53,0.12047971762374059
616,2,10,150,53,0.0
617,2,10,150,53,0.044257815106106525
618,2,10,150,53,0.18766481803906507
619,2,10,150,53,0.05319635904163211
620,2,10,150,53,0.08396948777462541
621,2,10,150,53,0.06335388063984314
622,2,10,150,53,0.12980296240199146
623,2,10,150,53,0.0
624,2,10,150,53,0.0536466452928127
625,2,10,150,53,0.0
626,2,10,150,53,0.0
627,2,10,150,53,0.0
628,2,10,150,53,0.0
629,2,10,150,53,0.19451610919980286
630,2,10,150,53,0.0
631,2,10,150,53,0.16868725245403154
632,2,10,150,53,0.13439570003165963
633,2,10,150,53,0.07667481399289292
634,2,10,150,53,0.030975021478781034
635,2,10,150,53,0.0
636,2,10,150,53,0.0
637,2,10,150,53,0.0
638,2,10,150,53,0.0
639,2,10,150,53,0.0
640,2,10,150,53,0.0
642,2,10,150,53,0.11431346864321287
643,2,10,150,53,0.0
644,2,10,150,53,0.0
645,2,10,150,53,0.09759501249802542
647,2,10,150,53,0.0
648,2,10,150,53,0.18159464350583557
649,2,10,150,53,1.0
650,2,10,150,53,0.0
651,2,10,150,53,0.0
653,2,10,150,53,0.0
654,2,10,150,53,0.058087171966128066
655,2,10,150,53,0.11621678240839849
658,2,10,150,53,0.0
1,2,10,150,54,0.5343723497595074
2,2,10,150,54,0.15604885040176858
3,2,10,150,54,0.03098598178059488
4,2,10,150,54,0.06166887310869151
5,2,10,150,54,0.09714795733966866
6,2,10,150,54,0.18415804694757312
7,2,10,150,54,0.2920372403454064
8,2,10,150,54,0.06653535276206901
9,2,10,150,54,0.0
10,2,10,150,54,0.1898407915550228
11,2,10,150,54,0.10464473261331256
12,2,10,150,54,0.0
13,2,10,150,54,0.36869638072648214
14,2,10,150,54,0.12939622934497527
15,2,10,150,54,0.01616702920033762
16,2,10,150,54,0.2491367253726175
17,2,10,150,54,0.0
18,2,10,150,54,0.2266663848190421
19,2,10,150,54,0.0
20,2,10,150,54,0.0
21,2,10,150,54,0.0
22,2,10,150,54,0.017292171119733427
23,2,10,150,54,0.21391710343217823
24,2,10,150,54,0.08491010262674986
25,2,10,150,54,0.0
26,2,10,150,54,0.11161048176369433
27,2,10,150,54,0.0
28,2,10,150,54,0.1358023930187833
29,2,10,150,54,0.0
30,2,10,150,54,0.0
31,2,10,150,54,0.046287481291184845
32,2,10,150,54,0.11781210270929884
33,2,10,150,54,0.0
34,2,10,150,54,0.07239559903187814
35,2,10,150,54,0.0
36,2,10,150,54,0.0
37,2,10,150,54,0.0
38,2,10,150,54,0.022018862991815775
39,2,10,150,54,0.15820890896021753
40,2,10,150,54,0.2212397779175911
41,2,10,150,54,0.0
42,2,10,150,54,0.17084502871918114
43,2,10,150,54,0.08351197129224688
44,2,10,150,54,0.1565413821318793
45,2,10,150,54,0.0
46,2,10,150,54,0.10684080426179023
47,2,10,150,54,0.0
48,2,10,150,54,0.11590514112147128
49,2,10,150,54,0.04407878495393109
50,2,10,150,54,0.0
51,2,10,150,54,0.07984133538066794
52,2,10,150,54,0.028947056565878558
53,2,10,150,54,0.12810519548676028
54,2,10,150,54,0.047934103497110726
55,2,10,150,54,0.0
56,2,10,150,54,0.22047893971599028
57,2,10,150,54,0.0524456916588361
58,2,10,150,54,0.13115096900174386
59,2,10,150,54,0.3894697180238365
60,2,10,150,54,0.20843937886466063
61,2,10,150,54,0.06416923277158361
62,2,10,150,54,0.18390361778687847
63,2,10,150,54,0.0763437499438357
64,2,10,150,54,0.04641074381624059
65,2,10,150,54,0.18154179097601578
66,2,10,150,54,0.12995427111679475
67,2,10,150,54,0.24630238874073
68,2,10,150,54,0.04358896759704514
69,2,10,150,54,0.10495938403254562
70,2,10,150,54,0.03155184951131585
71,2,10,150,54,0.04416548762473651
72,2,10,150,54,0.2712187346925767
73,2,10,150,54,0.26386730550459286
74,2,10,150,54,0.17342765698823945
75,2,10,150,54,0.16021137204676433
76,2,10,150,54,0.21046795809065558
77,2,10,150,54,0.096890966577576
78,2,10,150,54,0.0
79,2,10,150,54,0.08508236880273473
80,2,10,150,54,0.1744476820873323
81,2,10,150,54,0.0
82,2,10,150,54,0.017054860769693734
83,2,10,150,54,0.046841820324159865
84,2,10,150,54,0.029136604147144557
85,2,10,150,54,0.23595795807545916
86,2,10,150,54,0.07028063830038406
87,2,10,150,54,0.18128663324754105
88,2,10,150,54,0.06294571929989644
89,2,10,150,54,0.20794910905763014
90,2,10,150,54,0.1705158278456839
91,2,10,150,54,0.04847782757894306
92,2,10,150,54,0.14244153833564188
93,2,10,150,54,0.0
94,2,10,150,54,0.30638385416671754
95,2,10,150,54,0.13974390047751267
96,2,10,150,54,0.18799697242376096
97,2,10,150,54,0.2065666702851524
98,2,10,150,54,0.0
99,2,10,150,54,0.10120320171650989
100,2,10,150,54,0.0
101,2,10,150,54,0.0
102,2,10,150,54,0.05671879843401278
103,2,10,150,54,0.04579340374561851
104,2,10,150,54,0.0
105,2,10,150,54,0.0
106,2,10,150,54,0.0
107,2,10,150,54,0.0
108,2,10,150,54,0.04485361187694993
109,2,10,150,54,0.20446102356744517
110,2,10,150,54,0.037578324799282276
111,2,10,150,54,0.09077089626867633
112,2,10,150,54,0.0
113,2,10,150,54,0.178509607681865
114,2,10,150,54,0.02951022367272685
115,2,10,150,54,0.1737092330727855
116,2,10,150,54,0.026497157492079246
117,2,10,150,54,0.0
118,2,10,150,54,0.13610876526485238
119,2,10,150,54,0.15212875834435738
120,2,10,150,54,0.361879195385413
121,2,10,150,54,0.115269333086109
122,2,10,150,54,0.11504775274472687
123,2,10,150,54,0.12990556389377814
124,2,10,150,54,0.18903749859471425
125,2,10,150,54,0.1508933718522661
126,2,10,150,54,0.0
127,2,10,150,54,0.12503310750358904
128,2,10,150,54,0.04616148092938704
129,2,10,150,54,0.0
130,2,10,150,54,0.10803563108016652
131,2,10,150,54,0.36227735599025207
132,2,10,150,54,0.12643913909707097
133,2,10,150,54,0.0
134,2,10,150,54,0.0
135,2,10,150,54,0.0
136,2,10,150,54,0.10426492517868997
137,2,10,150,54,0.03125036271105264
138,2,10,150,54,0.10332949630181452
139,2,10,150,54,0.0
140,2,10,150,54,0.0
141,2,10,150,54,0.12556328258692692
142,2,10,150,54,0.0
143,2,10,150,54,0.06882065896991112
144,2,10,150,54,0.17294641254041554
145,2,10,150,54,0.09991518016323075
146,2,10,150,54,0.0
147,2,10,150,54,0.0
148,2,10,150,54,0.08790431357288034
149,2,10,150,54,0.10486881530019958
150,2,10,150,54,0.0
151,2,10,150,54,0.2232815106787241
152,2,10,150,54,0.04019832975607886
153,2,10,150,54,0.071942683897578
154,2,10,150,54,0.08491065065836505
155,2,10,150,54,0.0
156,2,10,150,54,0.06437746926759551
157,2,10,150,54,0.06857646087959317
158,2,10,150,54,0.15911711737987416
159,2,10,150,54,0.024782300799839303
160,2,10,150,54,0.09926896187055606
161,2,10,150,54,0.0
162,2,10,150,54,0.0
163,2,10,150,54,0.0
164,2,10,150,54,0.029649957429587842
165,2,10,150,54,0.0
166,2,10,150,54,0.06175696970122604
167,2,10,150,54,0.040419659112753054
168,2,10,150,54,0.0
169,2,10,150,54,0.03870447337439288
170,2,10,150,54,0.0
171,2,10,150,54,0.0
172,2,10,150,54,0.08232325035020067
173,2,10,150,54,0.0
174,2,10,150,54,0.19359660097195475
175,2,10,150,54,0.22732566419594713
176,2,10,150,54,0.0
177,2,10,150,54,0.3152442026717657
178,2,10,150,54,0.18778438768448089
179,2,10,150,54,0.054384419234677496
180,2,10,150,54,0.08391511424653819
181,2,10,150,54,0.047446272337763155
182,2,10,150,54,0.05005165434923901
183,2,10,150,54,0.0
184,2,10,150,54,0.1622986119596264
185,2,10,150,54,0.0
186,2,10,150,54,0.05478814761334652
187,2,10,150,54,0.14023428091042053
188,2,10,150,54,0.29205722210115026
189,2,10,150,54,0.1397818195494507
190,2,10,150,54,0.0
191,2,10,150,54,0.0
192,2,10,150,54,0.0
193,2,10,150,54,0.0
194,2,10,150,54,0.13338196641420463
195,2,10,150,54,0.04606861224913365
196,2,10,150,54,0.04485361187694993
197,2,10,150,54,0.12309687790081901
198,2,10,150,54,0.028186415745733433
199,2,10,150,54,0.2529427027676571
200,2,10,150,54,0.22319295840306483
201,2,10,150,54,0.09626087029732001
202,2,10,150,54,0.27487633291429087
203,2,10,150,54,0.10238606821339166
204,2,10,150,54,0.0
205,2,10,150,54,0.1465996756793884
206,2,10,150,54,0.028694189013458257
207,2,10,150,54,0.019878526386661412
208,2,10,150,54,0.05919139647768146
209,2,10,150,54,0.0
210,2,10,150,54,0.17308629629645342
211,2,10,150,54,0.0
212,2,10,150,54,0.11738002835756964
213,2,10,150,54,0.09668057601450128
214,2,10,150,54,0.18976833471018986
215,2,10,150,54,0.11433722369502479
216,2,10,150,54,0.14425650580287722
217,2,10,150,54,0.10298663607405599
218,2,10,150,54,0.1023482199458735
219,2,10,150,54,0.0
220,2,10,150,54,0.0
221,2,10,150,54,0.10144613070733857
222,2,10,150,54,0.10912285811820512
223,2,10,150,54,0.0
224,2,10,150,54,0.029996736818897345
225,2,10,150,54,0.0
226,2,10,150,54,0.10111769293645066
227,2,10,150,54,0.0947812167140767
228,2,10,150,54,0.0
229,2,10,150,54,0.0
230,2,10,150,54,0.26440107816980657
231,2,10,150,54,0.3903800499921017
232,2,10,150,54,0.11605494365670165
233,2,10,150,54,0.13212972170856394
234,2,10,150,54,0.07993065076776608
235,2,10,150,54,0.1075070751982482
236,2,10,150,54,0.1252769156245644
237,2,10,150,54,0.24655736878982118
238,2,10,150,54,0.0
239,2,10,150,54,0.05752505190825261
240,2,10,150,54,0.0
241,2,10,150,54,0.0
242,2,10,150,54,0.07673373981757839
243,2,10,150,54,0.2568245236714982
244,2,10,150,54,0.16287724335266748
245,2,10,150,54,0.0
246,2,10,150,54,0.11790439916342768
247,2,10,150,54,0.0
248,2,10,150,54,0.14176813152020928
249,2,10,150,54,0.21580604760725444
250,2,10,150,54,0.06611248482408215
251,2,10,150,54,0.10803826056443963
252,2,10,150,54,0.1904168294848087
253,2,10,150,54,0.18852956389601477
254,2,10,150,54,0.228671039402572
255,2,10,150,54,0.024185523485714195
256,2,10,150,54,0.2738527800752222
257,2,10,150,54,0.07766718171217171
258,2,10,150,54,0.0
259,2,10,150,54,0.0
260,2,10,150,54,0.0
261,2,10,150,54,0.0
262,2,10,150,54,0.05887472794707303
263,2,10,150,54,0.09340671208136468
264,2,10,150,54,0.07935123938715939
265,2,10,150,54,0.08339602711200374
266,2,10,150,54,0.0
267,2,10,150,54,0.13338816180830973
268,2,10,150,54,0.14380413384615323
269,2,10,150,54,0.1050343790195675
270,2,10,150,54,0.08961610996238861
271,2,10,150,54,0.24900945477444703
272,2,10,150,54,0.33957662813068484
273,2,10,150,54,0.0
274,2,10,150,54,0.05829918151249392
275,2,10,150,54,0.04105877938688906
276,2,10,150,54,0.2412745098796318
277,2,10,150,54,0.0
278,2,10,150,54,0.04305311721683474
279,2,10,150,54,0.26545610817938287
280,2,10,150,54,0.09868718137086334
281,2,10,150,54,0.05516788910004661
282,2,10,150,54,0.0
283,2,10,150,54,0.06286054135527182
284,2,10,150,54,0.0
285,2,10,150,54,0.15002687789384317
286,2,10,150,54,0.11569468007847053
287,2,10,150,54,0.11853073131207159
288,2,10,150,54,0.09145237355282111
289,2,10,150,54,0.06510475888148554
290,2,10,150,54,0.09449357188080848
291,2,10,150,54,0.20009752975616693
292,2,10,150,54,0.3500155663296135
293,2,10,150,54,0.16631102064185208
294,2,10,150,54,0.05942233668176323
295,2,10,150,54,0.1329035343435913
296,2,10,150,54,0.08921274081617625
297,2,10,150,54,0.09088045312208184
298,2,10,150,54,0.3581490027092075
299,2,10,150,54,0.038148403154201864
300,2,10,150,54,0.0
301,2,10,150,54,0.1452555503599965
302,2,10,150,54,0.0
303,2,10,150,54,0.38702099436045145
304,2,10,150,54,0.09811693595042764
305,2,10,150,54,0.15377587171217844
306,2,10,150,54,0.07286537763060504
307,2,10,150,54,0.15107571592228533
308,2,10,150,54,0.1500032956211309
309,2,10,150,54,0.0
310,2,10,150,54,0.0
311,2,10,150,54,0.2809456990614808
312,2,10,150,54,0.10252315967977076
313,2,10,150,54,0.2590613457404992
314,2,10,150,54,0.12603645297638688
315,2,10,150,54,0.15734607654320276
316,2,10,150,54,0.10359449689641041
317,2,10,150,54,0.0
318,2,10,150,54,0.10353336838635137
319,2,10,150,54,0.0
320,2,10,150,54,0.04539294738377069
321,2,10,150,54,0.12530728980532893
322,2,10,150,54,0.35190394711189377
323,2,10,150,54,0.028361369701356044
324,2,10,150,54,0.04342547274117719
325,2,10,150,54,0.0811231025632827
326,2,10,150,54,0.13399599264350756
327,2,10,150,54,0.0
328,2,10,150,54,0.16775198477105574
329,2,10,150,54,0.0
330,2,10,150,54,0.08916242981118074
331,2,10,150,54,0.05427266504401326
332,2,10,150,54,0.18967146462948598
333,2,10,150,54,0.05206745415870339
334,2,10,150,54,0.14739974709196124
335,2,10,150,54,0.0
336,2,10,150,54,0.11501232379588432
337,2,10,150,54,0.07596161868673496
338,2,10,150,54,0.09619462024943062
339,2,10,150,54,0.30985315505517363
340,2,10,150,54,0.17896552649342137
341,2,10,150,54,0.0
342,2,10,150,54,0.21073051578651514
343,2,10,150,54,0.3208236941383985
344,2,10,150,54,0.1523980172868318
345,2,10,150,54,0.10686772084589051
346,2,10,150,54,0.259115967019786
347,2,10,150,54,0.19318603337387616
348,2,10,150,54,0.0
349,2,10,150,54,0.163169180413793
350,2,10,150,54,0.18939048055890495
351,2,10,150,54,0.1610216634970071
352,2,10,150,54,0.2770988445296086
353,2,10,150,54,0.0
354,2,10,150,54,0.10748991579933634
355,2,10,150,54,0.0
356,2,10,150,54,0.10061931714936387
357,2,10,150,54,0.1023343164960757
358,2,10,150,54,0.0
359,2,10,150,54,0.0
360,2,10,150,54,0.22728151171982378
361,2,10,150,54,0.09888240087940003
362,2,10,150,54,0.04690797720830594
363,2,10,150,54,0.23043301275101566
364,2,10,150,54,0.0
365,2,10,150,54,0.0
366,2,10,150,54,0.050143326786652107
367,2,10,150,54,0.0
368,2,10,150,54,0.06788053752288492
369,2,10,150,54,0.21386152848601384
370,2,10,150,54,0.0957000625269241
371,2,10,150,54,0.06330961329622671
372,2,10,150,54,0.08461341886182785
373,2,10,150,54,0.13429751006904467
374,2,10,150,54,0.1981425784617989
375,2,10,150,54,0.1676614286651071
376,2,10,150,54,0.038925970325304815
377,2,10,150,54,0.3067552645565975
378,2,10,150,54,0.06010391504756729
379,2,10,150,54,0.22951852030525594
380,2,10,150,54,0.061299407149431336
381,2,10,150,54,0.12158230198340733
382,2,10,150,54,0.11670077402731671
383,2,10,150,54,0.05181989685583115
384,2,10,150,54,0.0
385,2,10,150,54,0.1856067771518638
386,2,10,150,54,0.0
387,2,10,150,54,0.181966649118578
388,2,10,150,54,0.03275673003454543
389,2,10,150,54,0.25185166075035303
390,2,10,150,54,0.10466779365752882
391,2,10,150,54,0.18344326580289438
392,2,10,150,54,0.05640412288941769
393,2,10,150,54,0.039018544330905826
394,2,10,150,54,0.20918517028753883
395,2,10,150,54,0.06520401471200078
396,2,10,150,54,0.08006506288147622
397,2,10,150,54,0.19945281121976402
398,2,10,150,54,0.12633080592181342
399,2,10,150,54,0.024519762859772535
400,2,10,150,54,0.0
401,2,10,150,54,0.0
402,2,10,150,54,0.1798991830195577
403,2,10,150,54,0.21342888353269066
404,2,10,150,54,0.0
405,2,10,150,54,0.23612318127277973
406,2,10,150,54,0.2825182306109032
407,2,10,150,54,0.09554695892693421
408,2,10,150,54,0.08490303813485527
409,2,10,150,54,0.1841722066107826
410,2,10,150,54,0.1510508871592243
411,2,10,150,54,0.13359023741301432
412,2,10,150,54,0.041062015509212284
413,2,10,150,54,0.19475935863737628
414,2,10,150,54,0.04690797720830594
415,2,10,150,54,0.15582818336744758
416,2,10,150,54,0.48891620109574063
417,2,10,150,54,0.3017800182809275
418,2,10,150,54,0.05130633033097092
419,2,10,150,54,0.09817896789964464
420,2,10,150,54,0.13011860784218718
421,2,10,150,54,0.29129642073446305
422,2,10,150,54,0.0654076987556055
423,2,10,150,54,0.0
424,2,10,150,54,0.039270700903099615
425,2,10,150,54,0.05785655828182299
426,2,10,150,54,0.03206656709567107
427,2,10,150,54,0.0
428,2,10,150,54,0.09545062073374358
429,2,10,150,54,0.2893315485988173
430,2,10,150,54,0.17441334704295655
431,2,10,150,54,0.0
432,2,10,150,54,0.08980230529700303
433,2,10,150,54,0.10047622221317463
434,2,10,150,54,0.21435951014939544
435,2,10,150,54,0.3734446509973723
436,2,10,150,54,0.08073573433990566
437,2,10,150,54,0.27740115310083585
438,2,10,150,54,0.11342455428465782
439,2,10,150,54,0.0
440,2,10,150,54,0.032014847745354055
441,2,10,150,54,0.1731866333482261
442,2,10,150,54,0.04114192936390925
443,2,10,150,54,0.0
444,2,10,150,54,0.0796221118108625
445,2,10,150,54,0.02881080092108056
446,2,10,150,54,0.13356958453958645
447,2,10,150,54,0.055923854163236565
448,2,10,150,54,0.0
449,2,10,150,54,0.10848432672679821
450,2,10,150,54,0.5345291950886499
451,2,10,150,54,0.05163551141839463
452,2,10,150,54,0.1967854441799133
453,2,10,150,54,0.10811313063140401
454,2,10,150,54,0.0
455,2,10,150,54,0.0979822716930047
456,2,10,150,54,0.0997616358498236
457,2,10,150,54,0.5242315420577731
458,2,10,150,54,0.28001992691492156
459,2,10,150,54,0.2116889756851266
460,2,10,150,54,0.07041837375515932
461,2,10,150,54,0.0
462,2,10,150,54,0.18564976427020158
463,2,10,150,54,0.23255508261256452
464,2,10,150,54,0.024240213052394943
465,2,10,150,54,0.10783006935442738
466,2,10,150,54,0.11403278883465191
467,2,10,150,54,0.09300532025926726
468,2,10,150,54,0.2365028357291146
469,2,10,150,54,0.05651614765972419
470,2,10,150,54,0.02794110381151734
471,2,10,150,54,0.0
472,2,10,150,54,0.2455008944848353
473,2,10,150,54,0.2622744659873325
474,2,10,150,54,0.44713596654591764
475,2,10,150,54,0.07311683844390994
476,2,10,150,54,0.021791008948563714
477,2,10,150,54,0.07075576072108061
478,2,10,150,54,0.0927847042981006
479,2,10,150,54,0.20149259535684685
480,2,10,150,54,0.15920120556239784
481,2,10,150,54,0.048705796110663196
482,2,10,150,54,0.04290887548434951
483,2,10,150,54,0.0273055648695642
484,2,10,150,54,0.19970220121140866
485,2,10,150,54,0.036556008482007775
486,2,10,150,54,0.02126340297724784
487,2,10,150,54,0.33942851355077935
488,2,10,150,54,0.0
489,2,10,150,54,0.0
490,2,10,150,54,0.11630686983226163
491,2,10,150,54,0.03859643636257609
492,2,10,150,54,0.1338895448360617
493,2,10,150,54,0.19165329465786263
494,2,10,150,54,0.08596118914843212
495,2,10,150,54,0.17354337641646286
496,2,10,150,54,0.023205371908120297
497,2,10,150,54,0.12361366524943905
498,2,10,150,54,0.0782041340710172
499,2,10,150,54,0.07592327120124845
500,2,10,150,54,0.17847339225666542
501,2,10,150,54,0.02184231145035861
502,2,10,150,54,0.0
503,2,10,150,54,0.12915781404848528
504,2,10,150,54,0.14402447304533955
505,2,10,150,54,0.05688647497208646
506,2,10,150,54,0.14143560595849453
507,2,10,150,54,0.0
508,2,10,150,54,0.20345924618307185
509,2,10,150,54,0.0
510,2,10,150,54,0.0
511,2,10,150,54,0.0
512,2,10,150,54,0.08364069030518707
513,2,10,150,54,0.0600937008083393
514,2,10,150,54,0.17413287484696668
515,2,10,150,54,0.034743705427429224
516,2,10,150,54,0.1340330647732781
517,2,10,150,54,0.07931777113368761
518,2,10,150,54,0.1271756500386261
519,2,10,150,54,0.02766780364150026
520,2,10,150,54,0.0
521,2,10,150,54,0.0
522,2,10,150,54,0.0559167101555819
523,2,10,150,54,0.2032904290827781
524,2,10,150,54,0.12154135314078937
525,2,10,150,54,0.0
526,2,10,150,54,0.0
527,2,10,150,54,0.327184217314024
528,2,10,150,54,0.17766119401073668
529,2,10,150,54,0.0
530,2,10,150,54,0.03067046672709443
531,2,10,150,54,0.0
532,2,10,150,54,0.09678770315160999
533,2,10,150,54,0.0379836829319115
534,2,10,150,54,0.024909303741335254
535,2,10,150,54,0.23287503456301675
536,2,10,150,54,0.16340884055250954
537,2,10,150,54,0.45641934629690434
538,2,10,150,54,0.032394594743117074
539,2,10,150,54,0.09953437200841515
540,2,10,150,54,0.0
541,2,10,150,54,0.06833564325125971
542,2,10,150,54,0.07797598981103891
543,2,10,150,54,0.03725364202376381
544,2,10,150,54,0.0
545,2,10,150,54,0.060216826583478454
546,2,10,150,54,0.03314153504336938
547,2,10,150,54,0.04855455745827926
548,2,10,150,54,0.03883106019841818
549,2,10,150,54,0.0
550,2,10,150,54,0.0
551,2,10,150,54,0.2515834913837629
552,2,10,150,54,0.048059443651065493
553,2,10,150,54,0.13317167485931308
554,2,10,150,54,0.07041837375515932
555,2,10,150,54,0.06932393791073393
556,2,10,150,54,0.16258997327839542
557,2,10,150,54,0.04470486007704452
558,2,10,150,54,0.265053101293003
559,2,10,150,54,0.08620000398338708
560,2,10,150,54,0.028567598460307132
561,2,10,150,54,0.0599850161977791
562,2,10,150,54,0.07720150835011791
563,2,10,150,54,0.0
564,2,10,150,54,0.0
565,2,10,150,54,0.28663011782160785
566,2,10,150,54,0.03548242894850303
567,2,10,150,54,0.04359722747499328
568,2,10,150,54,0.0
569,2,10,150,54,0.17563954439010937
570,2,10,150,54,0.0
571,2,10,150,54,0.0
572,2,10,150,54,0.0
573,2,10,150,54,0.03246641181906899
574,2,10,150,54,0.05058854055353143
575,2,10,150,54,0.05154847002173459
576,2,10,150,54,0.0
577,2,10,150,54,0.0784247757209491
578,2,10,150,54,0.0
579,2,10,150,54,0.08297540479108526
580,2,10,150,54,0.18080124080515705
581,2,10,150,54,0.0
582,2,10,150,54,0.0437514209980628
583,2,10,150,54,0.0
584,2,10,150,54,0.0
585,2,10,150,54,0.08668163308546498
586,2,10,150,54,0.10132509239867551
587,2,10,150,54,0.03459392809572638
588,2,10,150,54,0.037573347678695114
589,2,10,150,54,0.0
590,2,10,150,54,0.06139304560474655
591,2,10,150,54,0.0
592,2,10,150,54,0.30762794149923606
593,2,10,150,54,0.04586709436300111
594,2,10,150,54,0.0
595,2,10,150,54,0.0
596,2,10,150,54,0.0
597,2,10,150,54,0.0
598,2,10,150,54,0.0
599,2,10,150,54,0.0
600,2,10,150,54,0.024325165853816375
601,2,10,150,54,0.03369782041898502
602,2,10,150,54,0.0
603,2,10,150,54,0.1435203717549576
604,2,10,150,54,0.0
605,2,10,150,54,0.2645541144793553
606,2,10,150,54,0.23204083039530643
607,2,10,150,54,0.08440880858250024
608,2,10,150,54,0.2120992422792938
609,2,10,150,54,0.0
610,2,10,150,54,0.1629867900167321
611,2,10,150,54,0.0
612,2,10,150,54,0.15130120674940672
613,2,10,150,54,0.0
614,2,10,150,54,0.046614515546531544
615,2,10,150,54,0.12047971762374059
616,2,10,150,54,0.0
617,2,10,150,54,0.044257815106106525
618,2,10,150,54,0.18766481803906507
619,2,10,150,54,0.05319635904163211
620,2,10,150,54,0.08396948777462541
621,2,10,150,54,0.06335388063984314
622,2,10,150,54,0.12980296240199146
623,2,10,150,54,0.0
624,2,10,150,54,0.0536466452928127
625,2,10,150,54,0.0
626,2,10,150,54,0.0
627,2,10,150,54,0.0
628,2,10,150,54,0.0
629,2,10,150,54,0.19451610919980286
630,2,10,150,54,0.0
631,2,10,150,54,0.16868725245403154
632,2,10,150,54,0.13439570003165963
633,2,10,150,54,0.07667481399289292
634,2,10,150,54,0.030975021478781034
635,2,10,150,54,0.0
636,2,10,150,54,0.0
637,2,10,150,54,0.0
638,2,10,150,54,0.0
639,2,10,150,54,0.0
640,2,10,150,54,0.040655755922716606
642,2,10,150,54,0.11431346864321287
643,2,10,150,54,0.0
644,2,10,150,54,0.0
645,2,10,150,54,0.09759501249802542
647,2,10,150,54,0.0
648,2,10,150,54,0.18159464350583557
649,2,10,150,54,1.0
650,2,10,150,54,0.0
651,2,10,150,54,0.0
653,2,10,150,54,0.0
654,2,10,150,54,0.058087171966128066
655,2,10,150,54,0.11621678240839849
658,2,10,150,54,0.0
1,2,10,150,55,0.5343723497595074
2,2,10,150,55,0.17975249751637207
3,2,10,150,55,0.03098598178059488
4,2,10,150,55,0.06166887310869151
5,2,10,150,55,0.11170867359898075
6,2,10,150,55,0.1818545726178306
7,2,10,150,55,0.3008925364907998
8,2,10,150,55,0.06653535276206901
9,2,10,150,55,0.0
10,2,10,150,55,0.1898407915550228
11,2,10,150,55,0.10464473261331256
12,2,10,150,55,0.0
13,2,10,150,55,0.3640846753866976
14,2,10,150,55,0.12939622934497527
15,2,10,150,55,0.01616702920033762
16,2,10,150,55,0.2491367253726175
17,2,10,150,55,0.052106753859569234
18,2,10,150,55,0.22383121031811554
19,2,10,150,55,0.0
20,2,10,150,55,0.0
21,2,10,150,55,0.0
22,2,10,150,55,0.017292171119733427
23,2,10,150,55,0.21391710343217823
24,2,10,150,55,0.08491010262674986
25,2,10,150,55,0.0
26,2,10,150,55,0.11161048176369433
27,2,10,150,55,0.0
28,2,10,150,55,0.1358023930187833
29,2,10,150,55,0.0
30,2,10,150,55,0.0
31,2,10,150,55,0.046287481291184845
32,2,10,150,55,0.11781210270929884
33,2,10,150,55,0.0
34,2,10,150,55,0.07239559903187814
35,2,10,150,55,0.0
36,2,10,150,55,0.0
37,2,10,150,55,0.0
38,2,10,150,55,0.0431945145179045
39,2,10,150,55,0.15820890896021753
40,2,10,150,55,0.2212397779175911
41,2,10,150,55,0.0
42,2,10,150,55,0.17084502871918114
43,2,10,150,55,0.08351197129224688
44,2,10,150,55,0.1565413821318793
45,2,10,150,55,0.0
46,2,10,150,55,0.10684080426179023
47,2,10,150,55,0.0
48,2,10,150,55,0.11590514112147128
49,2,10,150,55,0.04407878495393109
50,2,10,150,55,0.0
51,2,10,150,55,0.07984133538066794
52,2,10,150,55,0.028947056565878558
53,2,10,150,55,0.12810519548676028
54,2,10,150,55,0.047934103497110726
55,2,10,150,55,0.0
56,2,10,150,55,0.22047893971599028
57,2,10,150,55,0.0524456916588361
58,2,10,150,55,0.13115096900174386
59,2,10,150,55,0.38459817690711645
60,2,10,150,55,0.21834032862733574
61,2,10,150,55,0.06416923277158361
62,2,10,150,55,0.18160332589227857
63,2,10,150,55,0.0763437499438357
64,2,10,150,55,0.04583023181159601
65,2,10,150,55,0.18154179097601578
66,2,10,150,55,0.12995427111679475
67,2,10,150,55,0.24630238874073
68,2,10,150,55,0.04358896759704514
69,2,10,150,55,0.10495938403254562
70,2,10,150,55,0.03155184951131585
71,2,10,150,55,0.04416548762473651
72,2,10,150,55,0.2712187346925767
73,2,10,150,55,0.26386730550459286
74,2,10,150,55,0.17342765698823945
75,2,10,150,55,0.16021137204676433
76,2,10,150,55,0.21046795809065558
77,2,10,150,55,0.096890966577576
78,2,10,150,55,0.0
79,2,10,150,55,0.08508236880273473
80,2,10,150,55,0.1744476820873323
81,2,10,150,55,0.0
82,2,10,150,55,0.017054860769693734
83,2,10,150,55,0.046841820324159865
84,2,10,150,55,0.029136604147144557
85,2,10,150,55,0.23300656329073924
86,2,10,150,55,0.07028063830038406
87,2,10,150,55,0.18128663324754105
88,2,10,150,55,0.06294571929989644
89,2,10,150,55,0.20794910905763014
90,2,10,150,55,0.16838299227988784
91,2,10,150,55,0.04847782757894306
92,2,10,150,55,0.14065985986715449
93,2,10,150,55,0.0
94,2,10,150,55,0.30255156253016735
95,2,10,150,55,0.1379959644365767
96,2,10,150,55,0.18799697242376096
97,2,10,150,55,0.2065666702851524
98,2,10,150,55,0.0
99,2,10,150,55,0.10120320171650989
100,2,10,150,55,0.0
101,2,10,150,55,0.0
102,2,10,150,55,0.05671879843401278
103,2,10,150,55,0.04579340374561851
104,2,10,150,55,0.0
105,2,10,150,55,0.0
106,2,10,150,55,0.0
107,2,10,150,55,0.0
108,2,10,150,55,0.04485361187694993
109,2,10,150,55,0.20190359679719622
110,2,10,150,55,0.037578324799282276
111,2,10,150,55,0.09077089626867633
112,2,10,150,55,0.0
113,2,10,150,55,0.178509607681865
114,2,10,150,55,0.02951022367272685
115,2,10,150,55,0.1737092330727855
116,2,10,150,55,0.026497157492079246
117,2,10,150,55,0.0
118,2,10,150,55,0.13610876526485238
119,2,10,150,55,0.15212875834435738
120,2,10,150,55,0.361879195385413
121,2,10,150,55,0.115269333086109
122,2,10,150,55,0.11504775274472687
123,2,10,150,55,0.12990556389377814
124,2,10,150,55,0.18903749859471425
125,2,10,150,55,0.1656817885548098
126,2,10,150,55,0.0
127,2,10,150,55,0.12503310750358904
128,2,10,150,55,0.04616148092938704
129,2,10,150,55,0.0
130,2,10,150,55,0.10668430645973578
131,2,10,150,55,0.36227735599025207
132,2,10,150,55,0.12643913909707097
133,2,10,150,55,0.0
134,2,10,150,55,0.0
135,2,10,150,55,0.0
136,2,10,150,55,0.10426492517868997
137,2,10,150,55,0.03125036271105264
138,2,10,150,55,0.10332949630181452
139,2,10,150,55,0.0
140,2,10,150,55,0.0
141,2,10,150,55,0.12556328258692692
142,2,10,150,55,0.0
143,2,10,150,55,0.06882065896991112
144,2,10,150,55,0.170783174884983
145,2,10,150,55,0.09866542726634475
146,2,10,150,55,0.0
147,2,10,150,55,0.0
148,2,10,150,55,0.08790431357288034
149,2,10,150,55,0.10486881530019958
150,2,10,150,55,0.0
151,2,10,150,55,0.22048867465184666
152,2,10,150,55,0.04019832975607886
153,2,10,150,55,0.071942683897578
154,2,10,150,55,0.08491065065836505
155,2,10,150,55,0.0
156,2,10,150,55,0.06437746926759551
157,2,10,150,55,0.06857646087959317
158,2,10,150,55,0.15911711737987416
159,2,10,150,55,0.024782300799839303
160,2,10,150,55,0.09926896187055606
161,2,10,150,55,0.0
162,2,10,150,55,0.0
163,2,10,150,55,0.0
164,2,10,150,55,0.029649957429587842
165,2,10,150,55,0.0
166,2,10,150,55,0.06175696970122604
167,2,10,150,55,0.040419659112753054
168,2,10,150,55,0.03215366848272267
169,2,10,150,55,0.03870447337439288
170,2,10,150,55,0.0
171,2,10,150,55,0.0
172,2,10,150,55,0.08232325035020067
173,2,10,150,55,0.0
174,2,10,150,55,0.19359660097195475
175,2,10,150,55,0.22732566419594713
176,2,10,150,55,0.0
177,2,10,150,55,0.3152442026717657
178,2,10,150,55,0.18543555458309186
179,2,10,150,55,0.054384419234677496
180,2,10,150,55,0.08391511424653819
181,2,10,150,55,0.04685280779910456
182,2,10,150,55,0.05005165434923901
183,2,10,150,55,0.0
184,2,10,150,55,0.1602685584669964
185,2,10,150,55,0.0
186,2,10,150,55,0.05478814761334652
187,2,10,150,55,0.14023428091042053
188,2,10,150,55,0.29205722210115026
189,2,10,150,55,0.1397818195494507
190,2,10,150,55,0.0
191,2,10,150,55,0.0
192,2,10,150,55,0.0
193,2,10,150,55,0.0
194,2,10,150,55,0.13171360632471496
195,2,10,150,55,0.04606861224913365
196,2,10,150,55,0.04485361187694993
197,2,10,150,55,0.12309687790081901
198,2,10,150,55,0.028186415745733433
199,2,10,150,55,0.2529427027676571
200,2,10,150,55,0.23290936835169532
201,2,10,150,55,0.10756496436520831
202,2,10,150,55,0.27487633291429087
203,2,10,150,55,0.10238606821339166
204,2,10,150,55,0.0
205,2,10,150,55,0.1465996756793884
206,2,10,150,55,0.028694189013458257
207,2,10,150,55,0.03213802137978788
208,2,10,150,55,0.05919139647768146
209,2,10,150,55,0.0
210,2,10,150,55,0.17308629629645342
211,2,10,150,55,0.0
212,2,10,150,55,0.11738002835756964
213,2,10,150,55,0.11333917975617329
214,2,10,150,55,0.18976833471018986
215,2,10,150,55,0.11433722369502479
216,2,10,150,55,0.14425650580287722
217,2,10,150,55,0.10298663607405599
218,2,10,150,55,0.1023482199458735
219,2,10,150,55,0.0
220,2,10,150,55,0.0
221,2,10,150,55,0.10144613070733857
222,2,10,150,55,0.10775793431156322
223,2,10,150,55,0.0
224,2,10,150,55,0.029996736818897345
225,2,10,150,55,0.0
226,2,10,150,55,0.10111769293645066
227,2,10,150,55,0.0947812167140767
228,2,10,150,55,0.0
229,2,10,150,55,0.0
230,2,10,150,55,0.26440107816980657
231,2,10,150,55,0.3903800499921017
232,2,10,150,55,0.11605494365670165
233,2,10,150,55,0.13212972170856394
234,2,10,150,55,0.09143900548083864
235,2,10,150,55,0.1075070751982482
236,2,10,150,55,0.1252769156245644
237,2,10,150,55,0.24655736878982118
238,2,10,150,55,0.0
239,2,10,150,55,0.05752505190825261
240,2,10,150,55,0.0
241,2,10,150,55,0.0
242,2,10,150,55,0.07673373981757839
243,2,10,150,55,0.2568245236714982
244,2,10,150,55,0.16083995225851888
245,2,10,150,55,0.0
246,2,10,150,55,0.11642963462645371
247,2,10,150,55,0.0
248,2,10,150,55,0.14176813152020928
249,2,10,150,55,0.21580604760725444
250,2,10,150,55,0.06611248482408215
251,2,10,150,55,0.10803826056443963
252,2,10,150,55,0.1904168294848087
253,2,10,150,55,0.18852956389601477
254,2,10,150,55,0.228671039402572
255,2,10,150,55,0.024185523485714195
256,2,10,150,55,0.2738527800752222
257,2,10,150,55,0.07766718171217171
258,2,10,150,55,0.0
259,2,10,150,55,0.0
260,2,10,150,55,0.0
261,2,10,150,55,0.0
262,2,10,150,55,0.05887472794707303
263,2,10,150,55,0.09340671208136468
264,2,10,150,55,0.07935123938715939
265,2,10,150,55,0.08339602711200374
266,2,10,150,55,0.0
267,2,10,150,55,0.13338816180830973
268,2,10,150,55,0.15451355019589602
269,2,10,150,55,0.10372059447513814
270,2,10,150,55,0.10627471370406062
271,2,10,150,55,0.2458948100633234
272,2,10,150,55,0.33957662813068484
273,2,10,150,55,0.0
274,2,10,150,55,0.05829918151249392
275,2,10,150,55,0.04105877938688906
276,2,10,150,55,0.23825661492939293
277,2,10,150,55,0.0
278,2,10,150,55,0.04305311721683474
279,2,10,150,55,0.2621357464520529
280,2,10,150,55,0.0974527884527676
281,2,10,150,55,0.05516788910004661
282,2,10,150,55,0.0
283,2,10,150,55,0.06286054135527182
284,2,10,150,55,0.0
285,2,10,150,55,0.15002687789384317
286,2,10,150,55,0.11424755501352891
287,2,10,150,55,0.11853073131207159
288,2,10,150,55,0.09145237355282111
289,2,10,150,55,0.06510475888148554
290,2,10,150,55,0.09449357188080848
291,2,10,150,55,0.1975946821702049
292,2,10,150,55,0.3500155663296135
293,2,10,150,55,0.16423077938630248
294,2,10,150,55,0.05942233668176323
295,2,10,150,55,0.1329035343435913
296,2,10,150,55,0.08921274081617625
297,2,10,150,55,0.09088045312208184
298,2,10,150,55,0.37579851912953594
299,2,10,150,55,0.03767123764966441
300,2,10,150,55,0.0
301,2,10,150,55,0.14343867383978598
302,2,10,150,55,0.0
303,2,10,150,55,0.39468822056949
304,2,10,150,55,0.09811693595042764
305,2,10,150,55,0.15377587171217844
306,2,10,150,55,0.07286537763060504
307,2,10,150,55,0.15107571592228533
308,2,10,150,55,0.14812703364633695
309,2,10,150,55,0.0
310,2,10,150,55,0.0
311,2,10,150,55,0.27743159138839113
312,2,10,150,55,0.10124078581427426
313,2,10,150,55,0.2558209705864791
314,2,10,150,55,0.12445997158523946
315,2,10,150,55,0.15734607654320276
316,2,10,150,55,0.1280531431372589
317,2,10,150,55,0.0
318,2,10,150,55,0.11809408464566347
319,2,10,150,55,0.0
320,2,10,150,55,0.04539294738377069
321,2,10,150,55,0.12530728980532893
322,2,10,150,55,0.35190394711189377
323,2,10,150,55,0.028361369701356044
324,2,10,150,55,0.04342547274117719
325,2,10,150,55,0.0811231025632827
326,2,10,150,55,0.13399599264350756
327,2,10,150,55,0.0
328,2,10,150,55,0.16565371973681867
329,2,10,150,55,0.0
330,2,10,150,55,0.10418719913926942
331,2,10,150,55,0.05427266504401326
332,2,10,150,55,0.18967146462948598
333,2,10,150,55,0.05206745415870339
334,2,10,150,55,0.1455560506623747
335,2,10,150,55,0.0
336,2,10,150,55,0.11501232379588432
337,2,10,150,55,0.07596161868673496
338,2,10,150,55,0.12065326649027912
339,2,10,150,55,0.305977468923128
340,2,10,150,55,0.17896552649342137
341,2,10,150,55,0.0
342,2,10,150,55,0.22060280769158971
343,2,10,150,55,0.3168107869857105
344,2,10,150,55,0.1523980172868318
345,2,10,150,55,0.10686772084589051
346,2,10,150,55,0.25587490865524765
347,2,10,150,55,0.19318603337387616
348,2,10,150,55,0.0
349,2,10,150,55,0.163169180413793
350,2,10,150,55,0.18939048055890495
351,2,10,150,55,0.1610216634970071
352,2,10,150,55,0.2770988445296086
353,2,10,150,55,0.0
354,2,10,150,55,0.1061454170611387
355,2,10,150,55,0.0
356,2,10,150,55,0.10061931714936387
357,2,10,150,55,0.1023343164960757
358,2,10,150,55,0.0
359,2,10,150,55,0.0
360,2,10,150,55,0.22728151171982378
361,2,10,150,55,0.09888240087940003
362,2,10,150,55,0.04690797720830594
363,2,10,150,55,0.22755072474679774
364,2,10,150,55,0.0
365,2,10,150,55,0.0
366,2,10,150,55,0.050143326786652107
367,2,10,150,55,0.0
368,2,10,150,55,0.06788053752288492
369,2,10,150,55,0.21386152848601384
370,2,10,150,55,0.0957000625269241
371,2,10,150,55,0.06330961329622671
372,2,10,150,55,0.08461341886182785
373,2,10,150,55,0.13261769823285352
374,2,10,150,55,0.19566418367709706
375,2,10,150,55,0.1676614286651071
376,2,10,150,55,0.038925970325304815
377,2,10,150,55,0.3067552645565975
378,2,10,150,55,0.059352126962691966
379,2,10,150,55,0.22664767089907087
380,2,10,150,55,0.060532665683947905
381,2,10,150,55,0.12158230198340733
382,2,10,150,55,0.11670077402731671
383,2,10,150,55,0.05181989685583115
384,2,10,150,55,0.0
385,2,10,150,55,0.1832851819042922
386,2,10,150,55,0.0
387,2,10,150,55,0.1796905850960635
388,2,10,150,55,0.03275673003454543
389,2,10,150,55,0.24870146533365964
390,2,10,150,55,0.10466779365752882
391,2,10,150,55,0.18344326580289438
392,2,10,150,55,0.07337793977968886
393,2,10,150,55,0.03853049498014491
394,2,10,150,55,0.21907679158791532
395,2,10,150,55,0.06520401471200078
396,2,10,150,55,0.08006506288147622
397,2,10,150,55,0.19945281121976402
398,2,10,150,55,0.12633080592181342
399,2,10,150,55,0.02421306627357916
400,2,10,150,55,0.0
401,2,10,150,55,0.0
402,2,10,150,55,0.1798991830195577
403,2,10,150,55,0.21342888353269066
404,2,10,150,55,0.0
405,2,10,150,55,0.23316971985344884
406,2,10,150,55,0.2789844534956314
407,2,10,150,55,0.0943518443456213
408,2,10,150,55,0.08490303813485527
409,2,10,150,55,0.18186855517001366
410,2,10,150,55,0.1510508871592243
411,2,10,150,55,0.13359023741301432
412,2,10,150,55,0.041062015509212284
413,2,10,150,55,0.19475935863737628
414,2,10,150,55,0.04690797720830594
415,2,10,150,55,0.15582818336744758
416,2,10,150,55,0.4953089079615904
417,2,10,150,55,0.29800531206058384
418,2,10,150,55,0.05130633033097092
419,2,10,150,55,0.09817896789964464
420,2,10,150,55,0.13011860784218718
421,2,10,150,55,0.29129642073446305
422,2,10,150,55,0.0654076987556055
423,2,10,150,55,0.0
424,2,10,150,55,0.039270700903099615
425,2,10,150,55,0.057132880446298544
426,2,10,150,55,0.03206656709567107
427,2,10,150,55,0.0
428,2,10,150,55,0.09545062073374358
429,2,10,150,55,0.28571254955952063
430,2,10,150,55,0.17441334704295655
431,2,10,150,55,0.0
432,2,10,150,55,0.08980230529700303
433,2,10,150,55,0.10047622221317463
434,2,10,150,55,0.21435951014939544
435,2,10,150,55,0.3687735536361096
436,2,10,150,55,0.08073573433990566
437,2,10,150,55,0.27393138109901477
438,2,10,150,55,0.11342455428465782
439,2,10,150,55,0.0
440,2,10,150,55,0.032014847745354055
441,2,10,150,55,0.1731866333482261
442,2,10,150,55,0.04062732041938225
443,2,10,150,55,0.0
444,2,10,150,55,0.0796221118108625
445,2,10,150,55,0.02881080092108056
446,2,10,150,55,0.13356958453958645
447,2,10,150,55,0.055923854163236565
448,2,10,150,55,0.0
449,2,10,150,55,0.10848432672679821
450,2,10,150,55,0.5278432299636227
451,2,10,150,55,0.05163551141839463
452,2,10,150,55,0.1943240246185707
453,2,10,150,55,0.10676083663586422
454,2,10,150,55,0.0
455,2,10,150,55,0.09675669588268486
456,2,10,150,55,0.09851380350645275
457,2,10,150,55,0.5301825197529432
458,2,10,150,55,0.2890255372793155
459,2,10,150,55,0.20904114068979243
460,2,10,150,55,0.07041837375515932
461,2,10,150,55,0.0
462,2,10,150,55,0.18564976427020158
463,2,10,150,55,0.22964625146492704
464,2,10,150,55,0.024240213052394943
465,2,10,150,55,0.10783006935442738
466,2,10,150,55,0.12816210679182038
467,2,10,150,55,0.09300532025926726
468,2,10,150,55,0.23354462553931815
469,2,10,150,55,0.05651614765972419
470,2,10,150,55,0.04760723841253984
471,2,10,150,55,0.0
472,2,10,150,55,0.24243013533122834
473,2,10,150,55,0.2622744659873325
474,2,10,150,55,0.45405126636587023
475,2,10,150,55,0.07311683844390994
476,2,10,150,55,0.021791008948563714
477,2,10,150,55,0.07075576072108061
478,2,10,150,55,0.10595638300675868
479,2,10,150,55,0.21148043644873488
480,2,10,150,55,0.15920120556239784
481,2,10,150,55,0.048705796110663196
482,2,10,150,55,0.04290887548434951
483,2,10,150,55,0.0273055648695642
484,2,10,150,55,0.19720429844957874
485,2,10,150,55,0.036556008482007775
486,2,10,150,55,0.02099743739098701
487,2,10,150,55,0.33518289474287866
488,2,10,150,55,0.0
489,2,10,150,55,0.0
490,2,10,150,55,0.11630686983226163
491,2,10,150,55,0.03859643636257609
492,2,10,150,55,0.1338895448360617
493,2,10,150,55,0.20176420708417453
494,2,10,150,55,0.08596118914843212
495,2,10,150,55,0.17137267185427793
496,2,10,150,55,0.023205371908120297
497,2,10,150,55,0.12206748842237633
498,2,10,150,55,0.07722594594240606
499,2,10,150,55,0.07592327120124845
500,2,10,150,55,0.1762410223742767
501,2,10,150,55,0.02184231145035861
502,2,10,150,55,0.0
503,2,10,150,55,0.12915781404848528
504,2,10,150,55,0.142222995010502
505,2,10,150,55,0.05688647497208646
506,2,10,150,55,0.13966650983135265
507,2,10,150,55,0.0
508,2,10,150,55,0.20345924618307185
509,2,10,150,55,0.0
510,2,10,150,55,0.0
511,2,10,150,55,0.0
512,2,10,150,55,0.08364069030518707
513,2,10,150,55,0.0600937008083393
514,2,10,150,55,0.17195479675685507
515,2,10,150,55,0.034743705427429224
516,2,10,150,55,0.1340330647732781
517,2,10,150,55,0.07931777113368761
518,2,10,150,55,0.1271756500386261
519,2,10,150,55,0.05383247157320954
520,2,10,150,55,0.0
521,2,10,150,55,0.0
522,2,10,150,55,0.0559167101555819
523,2,10,150,55,0.2032904290827781
524,2,10,150,55,0.13252923543168155
525,2,10,150,55,0.0
526,2,10,150,55,0.0
527,2,10,150,55,0.327184217314024
528,2,10,150,55,0.17766119401073668
529,2,10,150,55,0.0
530,2,10,150,55,0.03067046672709443
531,2,10,150,55,0.0
532,2,10,150,55,0.09557706916987613
533,2,10,150,55,0.03750857777070372
534,2,10,150,55,0.024909303741335254
535,2,10,150,55,0.24247033976350985
536,2,10,150,55,0.16340884055250954
537,2,10,150,55,0.4507103899671705
538,2,10,150,55,0.032394594743117074
539,2,10,150,55,0.09953437200841515
540,2,10,150,55,0.0
541,2,10,150,55,0.06833564325125971
542,2,10,150,55,0.07797598981103891
543,2,10,150,55,0.03725364202376381
544,2,10,150,55,0.0
545,2,10,150,55,0.060216826583478454
546,2,10,150,55,0.03314153504336938
547,2,10,150,55,0.04855455745827926
548,2,10,150,55,0.03883106019841818
549,2,10,150,55,0.0
550,2,10,150,55,0.0
551,2,10,150,55,0.2484366502666084
552,2,10,150,55,0.048059443651065493
553,2,10,150,55,0.13317167485931308
554,2,10,150,55,0.07041837375515932
555,2,10,150,55,0.06932393791073393
556,2,10,150,55,0.16258997327839542
557,2,10,150,55,0.04470486007704452
558,2,10,150,55,0.265053101293003
559,2,10,150,55,0.08620000398338708
560,2,10,150,55,0.028567598460307132
561,2,10,150,55,0.05923471531616675
562,2,10,150,55,0.07720150835011791
563,2,10,150,55,0.0
564,2,10,150,55,0.0
565,2,10,150,55,0.28663011782160785
566,2,10,150,55,0.03548242894850303
567,2,10,150,55,0.04359722747499328
568,2,10,150,55,0.0
569,2,10,150,55,0.17563954439010937
570,2,10,150,55,0.0
571,2,10,150,55,0.0
572,2,10,150,55,0.0
573,2,10,150,55,0.03246641181906899
574,2,10,150,55,0.05058854055353143
575,2,10,150,55,0.05154847002173459
576,2,10,150,55,0.0
577,2,10,150,55,0.0784247757209491
578,2,10,150,55,0.0
579,2,10,150,55,0.08297540479108526
580,2,10,150,55,0.18080124080515705
581,2,10,150,55,0.0
582,2,10,150,55,0.0437514209980628
583,2,10,150,55,0.0
584,2,10,150,55,0.0
585,2,10,150,55,0.08668163308546498
586,2,10,150,55,0.10132509239867551
587,2,10,150,55,0.03459392809572638
588,2,10,150,55,0.037573347678695114
589,2,10,150,55,0.0
590,2,10,150,55,0.06139304560474655
591,2,10,150,55,0.0
592,2,10,150,55,0.31628822699760206
593,2,10,150,55,0.04586709436300111
594,2,10,150,55,0.0
595,2,10,150,55,0.0
596,2,10,150,55,0.0
597,2,10,150,55,0.0
598,2,10,150,55,0.0
599,2,10,150,55,0.0
600,2,10,150,55,0.024325165853816375
601,2,10,150,55,0.03369782041898502
602,2,10,150,55,0.0
603,2,10,150,55,0.1435203717549576
604,2,10,150,55,0.0
605,2,10,150,55,0.2645541144793553
606,2,10,150,55,0.23204083039530643
607,2,10,150,55,0.08440880858250024
608,2,10,150,55,0.2120992422792938
609,2,10,150,55,0.0
610,2,10,150,55,0.1629867900167321
611,2,10,150,55,0.0
612,2,10,150,55,0.15130120674940672
613,2,10,150,55,0.0
614,2,10,150,55,0.046614515546531544
615,2,10,150,55,0.12047971762374059
616,2,10,150,55,0.0
617,2,10,150,55,0.044257815106106525
618,2,10,150,55,0.18766481803906507
619,2,10,150,55,0.05319635904163211
620,2,10,150,55,0.08396948777462541
621,2,10,150,55,0.06335388063984314
622,2,10,150,55,0.12980296240199146
623,2,10,150,55,0.0
624,2,10,150,55,0.0536466452928127
625,2,10,150,55,0.0
626,2,10,150,55,0.0
627,2,10,150,55,0.0
628,2,10,150,55,0.0
629,2,10,150,55,0.2466228630593721
630,2,10,150,55,0.0
631,2,10,150,55,0.16868725245403154
632,2,10,150,55,0.13439570003165963
633,2,10,150,55,0.07667481399289292
634,2,10,150,55,0.030975021478781034
635,2,10,150,55,0.0
636,2,10,150,55,0.0
637,2,10,150,55,0.0
638,2,10,150,55,0.0
639,2,10,150,55,0.0
640,2,10,150,55,0.040655755922716606
642,2,10,150,55,0.11431346864321287
643,2,10,150,55,0.0
644,2,10,150,55,0.0
645,2,10,150,55,0.09759501249802542
647,2,10,150,55,0.0
648,2,10,150,55,0.18159464350583557
649,2,10,150,55,1.0
650,2,10,150,55,0.0
651,2,10,150,55,0.0
653,2,10,150,55,0.0
654,2,10,150,55,0.058087171966128066
655,2,10,150,55,0.11621678240839849
658,2,10,150,55,0.0
1,2,10,150,56,0.5343723497595074
2,2,10,150,56,0.20335237534835982
3,2,10,150,56,0.03098598178059488
4,2,10,150,56,0.06166887310869151
5,2,10,150,56,0.12620564628865164
6,2,10,150,56,0.17961772474519622
7,2,10,150,56,0.3094916991072918
8,2,10,150,56,0.06653535276206901
9,2,10,150,56,0.0
10,2,10,150,56,0.1898407915550228
11,2,10,150,56,0.10464473261331256
12,2,10,150,56,0.0
13,2,10,150,56,0.35960636054493117
14,2,10,150,56,0.12939622934497527
15,2,10,150,56,0.01616702920033762
16,2,10,150,56,0.2491367253726175
17,2,10,150,56,0.052106753859569234
18,2,10,150,56,0.221078041346767
19,2,10,150,56,0.0
20,2,10,150,56,0.0
21,2,10,150,56,0.0
22,2,10,150,56,0.017292171119733427
23,2,10,150,56,0.21391710343217823
24,2,10,150,56,0.08491010262674986
25,2,10,150,56,0.0
26,2,10,150,56,0.11161048176369433
27,2,10,150,56,0.0
28,2,10,150,56,0.1358023930187833
29,2,10,150,56,0.0
30,2,10,150,56,0.0
31,2,10,150,56,0.046287481291184845
32,2,10,150,56,0.11781210270929884
33,2,10,150,56,0.0
34,2,10,150,56,0.07239559903187814
35,2,10,150,56,0.0
36,2,10,150,56,0.0
37,2,10,150,56,0.0
38,2,10,150,56,0.0431945145179045
39,2,10,150,56,0.15820890896021753
40,2,10,150,56,0.2212397779175911
41,2,10,150,56,0.0
42,2,10,150,56,0.17084502871918114
43,2,10,150,56,0.09662598732799078
44,2,10,150,56,0.1565413821318793
45,2,10,150,56,0.0
46,2,10,150,56,0.10684080426179023
47,2,10,150,56,0.0
48,2,10,150,56,0.11590514112147128
49,2,10,150,56,0.04407878495393109
50,2,10,150,56,0.0
51,2,10,150,56,0.07984133538066794
52,2,10,150,56,0.028947056565878558
53,2,10,150,56,0.12810519548676028
54,2,10,150,56,0.047934103497110726
55,2,10,150,56,0.0
56,2,10,150,56,0.22047893971599028
57,2,10,150,56,0.0524456916588361
58,2,10,150,56,0.13115096900174386
59,2,10,150,56,0.37986754186478705
60,2,10,150,56,0.21565469860676587
61,2,10,150,56,0.06416923277158361
62,2,10,150,56,0.18160332589227857
63,2,10,150,56,0.0763437499438357
64,2,10,150,56,0.04583023181159601
65,2,10,150,56,0.18154179097601578
66,2,10,150,56,0.12995427111679475
67,2,10,150,56,0.24630238874073
68,2,10,150,56,0.04358896759704514
69,2,10,150,56,0.10495938403254562
70,2,10,150,56,0.03155184951131585
71,2,10,150,56,0.04416548762473651
72,2,10,150,56,0.2712187346925767
73,2,10,150,56,0.26386730550459286
74,2,10,150,56,0.17342765698823945
75,2,10,150,56,0.16021137204676433
76,2,10,150,56,0.21046795809065558
77,2,10,150,56,0.096890966577576
78,2,10,150,56,0.0
79,2,10,150,56,0.08508236880273473
80,2,10,150,56,0.1744476820873323
81,2,10,150,56,0.0
82,2,10,150,56,0.03364053685802635
83,2,10,150,56,0.046841820324159865
84,2,10,150,56,0.029136604147144557
85,2,10,150,56,0.23014053562971334
86,2,10,150,56,0.07028063830038406
87,2,10,150,56,0.18128663324754105
88,2,10,150,56,0.06294571929989644
89,2,10,150,56,0.20794910905763014
90,2,10,150,56,0.16631184755887712
91,2,10,150,56,0.04847782757894306
92,2,10,150,56,0.13892971525885747
93,2,10,150,56,0.0
94,2,10,150,56,0.298830117370633
95,2,10,150,56,0.14859878770022034
96,2,10,150,56,0.18799697242376096
97,2,10,150,56,0.2065666702851524
98,2,10,150,56,0.0
99,2,10,150,56,0.10120320171650989
100,2,10,150,56,0.0
101,2,10,150,56,0.0
102,2,10,150,56,0.05671879843401278
103,2,10,150,56,0.04579340374561851
104,2,10,150,56,0.0
105,2,10,150,56,0.0
106,2,10,150,56,0.0
107,2,10,150,56,0.0
108,2,10,150,56,0.04485361187694993
109,2,10,150,56,0.19942014188884952
110,2,10,150,56,0.037578324799282276
111,2,10,150,56,0.09077089626867633
112,2,10,150,56,0.0
113,2,10,150,56,0.178509607681865
114,2,10,150,56,0.02951022367272685
115,2,10,150,56,0.1737092330727855
116,2,10,150,56,0.026497157492079246
117,2,10,150,56,0.027016499607835556
118,2,10,150,56,0.13610876526485238
119,2,10,150,56,0.15212875834435738
120,2,10,150,56,0.361879195385413
121,2,10,150,56,0.115269333086109
122,2,10,150,56,0.11504775274472687
123,2,10,150,56,0.12990556389377814
124,2,10,150,56,0.18903749859471425
125,2,10,150,56,0.1656817885548098
126,2,10,150,56,0.0
127,2,10,150,56,0.12503310750358904
128,2,10,150,56,0.04616148092938704
129,2,10,150,56,0.0
130,2,10,150,56,0.10537206800175962
131,2,10,150,56,0.36227735599025207
132,2,10,150,56,0.12643913909707097
133,2,10,150,56,0.0
134,2,10,150,56,0.0
135,2,10,150,56,0.0
136,2,10,150,56,0.10426492517868997
137,2,10,150,56,0.06049988016540081
138,2,10,150,56,0.10332949630181452
139,2,10,150,56,0.0
140,2,10,150,56,0.0
141,2,10,150,56,0.12556328258692692
142,2,10,150,56,0.0
143,2,10,150,56,0.06882065896991112
144,2,10,150,56,0.16868250743448104
145,2,10,150,56,0.0974518226376226
146,2,10,150,56,0.0
147,2,10,150,56,0.0
148,2,10,150,56,0.08790431357288034
149,2,10,150,56,0.10486881530019958
150,2,10,150,56,0.0
151,2,10,150,56,0.21777661954245206
152,2,10,150,56,0.04019832975607886
153,2,10,150,56,0.071942683897578
154,2,10,150,56,0.08491065065836505
155,2,10,150,56,0.0
156,2,10,150,56,0.06437746926759551
157,2,10,150,56,0.06857646087959317
158,2,10,150,56,0.15911711737987416
159,2,10,150,56,0.024782300799839303
160,2,10,150,56,0.09926896187055606
161,2,10,150,56,0.0
162,2,10,150,56,0.0
163,2,10,150,56,0.0
164,2,10,150,56,0.029649957429587842
165,2,10,150,56,0.0
166,2,10,150,56,0.06175696970122604
167,2,10,150,56,0.040419659112753054
168,2,10,150,56,0.0641665753731138
169,2,10,150,56,0.03870447337439288
170,2,10,150,56,0.0
171,2,10,150,56,0.0
172,2,10,150,56,0.08232325035020067
173,2,10,150,56,0.0
174,2,10,150,56,0.19359660097195475
175,2,10,150,56,0.22732566419594713
176,2,10,150,56,0.0
177,2,10,150,56,0.3152442026717657
178,2,10,150,56,0.1831546599109977
179,2,10,150,56,0.054384419234677496
180,2,10,150,56,0.08391511424653819
181,2,10,150,56,0.04627650882600907
182,2,10,150,56,0.05005165434923901
183,2,10,150,56,0.0
184,2,10,150,56,0.1582972229163063
185,2,10,150,56,0.0
186,2,10,150,56,0.05478814761334652
187,2,10,150,56,0.14023428091042053
188,2,10,150,56,0.29205722210115026
189,2,10,150,56,0.1397818195494507
190,2,10,150,56,0.0
191,2,10,150,56,0.0
192,2,10,150,56,0.0
193,2,10,150,56,0.0
194,2,10,150,56,0.13009350243695847
195,2,10,150,56,0.04606861224913365
196,2,10,150,56,0.04485361187694993
197,2,10,150,56,0.12309687790081901
198,2,10,150,56,0.028186415745733433
199,2,10,150,56,0.2529427027676571
200,2,10,150,56,0.23004453620799684
201,2,10,150,56,0.10624189363761133
202,2,10,150,56,0.27487633291429087
203,2,10,150,56,0.10238606821339166
204,2,10,150,56,0.0
205,2,10,150,56,0.1465996756793884
206,2,10,150,56,0.028694189013458257
207,2,10,150,56,0.03174271724352549
208,2,10,150,56,0.05919139647768146
209,2,10,150,56,0.0
210,2,10,150,56,0.18937175954951105
211,2,10,150,56,0.0
212,2,10,150,56,0.11738002835756964
213,2,10,150,56,0.1299248558445059
214,2,10,150,56,0.20576627669258005
215,2,10,150,56,0.11433722369502479
216,2,10,150,56,0.14425650580287722
217,2,10,150,56,0.10298663607405599
218,2,10,150,56,0.1023482199458735
219,2,10,150,56,0.0
220,2,10,150,56,0.0
221,2,10,150,56,0.10144613070733857
222,2,10,150,56,0.10643249001475777
223,2,10,150,56,0.0
224,2,10,150,56,0.029996736818897345
225,2,10,150,56,0.0
226,2,10,150,56,0.10111769293645066
227,2,10,150,56,0.0947812167140767
228,2,10,150,56,0.0
229,2,10,150,56,0.0
230,2,10,150,56,0.26440107816980657
231,2,10,150,56,0.3903800499921017
232,2,10,150,56,0.11605494365670165
233,2,10,150,56,0.13212972170856394
234,2,10,150,56,0.10261448871721403
235,2,10,150,56,0.1075070751982482
236,2,10,150,56,0.1252769156245644
237,2,10,150,56,0.24655736878982118
238,2,10,150,56,0.0
239,2,10,150,56,0.05752505190825261
240,2,10,150,56,0.0
241,2,10,150,56,0.0
242,2,10,150,56,0.07673373981757839
243,2,10,150,56,0.2568245236714982
244,2,10,150,56,0.158861588449102
245,2,10,150,56,0.0
246,2,10,150,56,0.11499752666910754
247,2,10,150,56,0.0
248,2,10,150,56,0.14176813152020928
249,2,10,150,56,0.21580604760725444
250,2,10,150,56,0.06611248482408215
251,2,10,150,56,0.10803826056443963
252,2,10,150,56,0.1904168294848087
253,2,10,150,56,0.18852956389601477
254,2,10,150,56,0.228671039402572
255,2,10,150,56,0.024185523485714195
256,2,10,150,56,0.2738527800752222
257,2,10,150,56,0.07766718171217171
258,2,10,150,56,0.0
259,2,10,150,56,0.0
260,2,10,150,56,0.0
261,2,10,150,56,0.0
262,2,10,150,56,0.05887472794707303
263,2,10,150,56,0.09340671208136468
264,2,10,150,56,0.07935123938715939
265,2,10,150,56,0.08339602711200374
266,2,10,150,56,0.0
267,2,10,150,56,0.13338816180830973
268,2,10,150,56,0.16491320382770183
269,2,10,150,56,0.10244481027152808
270,2,10,150,56,0.10627471370406062
271,2,10,150,56,0.24287025437102372
272,2,10,150,56,0.33957662813068484
273,2,10,150,56,0.0
274,2,10,150,56,0.05829918151249392
275,2,10,150,56,0.04105877938688906
276,2,10,150,56,0.2353260105757379
277,2,10,150,56,0.0
278,2,10,150,56,0.04305311721683474
279,2,10,150,56,0.25891142397089684
280,2,10,150,56,0.09625409952570407
281,2,10,150,56,0.05516788910004661
282,2,10,150,56,0.0
283,2,10,150,56,0.06286054135527182
284,2,10,150,56,0.0
285,2,10,150,56,0.15002687789384317
286,2,10,150,56,0.11284228707493964
287,2,10,150,56,0.11853073131207159
288,2,10,150,56,0.09145237355282111
289,2,10,150,56,0.06510475888148554
290,2,10,150,56,0.09449357188080848
291,2,10,150,56,0.1951642277796786
292,2,10,150,56,0.3500155663296135
293,2,10,150,56,0.16221070772022814
294,2,10,150,56,0.05942233668176323
295,2,10,150,56,0.14657047328306805
296,2,10,150,56,0.08921274081617625
297,2,10,150,56,0.09088045312208184
298,2,10,150,56,0.37579851912953594
299,2,10,150,56,0.03720787383877338
300,2,10,150,56,0.0
301,2,10,150,56,0.14167434925991249
302,2,10,150,56,0.0
303,2,10,150,56,0.38983347595776086
304,2,10,150,56,0.09811693595042764
305,2,10,150,56,0.15377587171217844
306,2,10,150,56,0.07286537763060504
307,2,10,150,56,0.15107571592228533
308,2,10,150,56,0.14630504129650607
309,2,10,150,56,0.0
310,2,10,150,56,0.0
311,2,10,150,56,0.2740191269336048
312,2,10,150,56,0.0999955037566798
313,2,10,150,56,0.25267432112040167
314,2,10,150,56,0.12292908886581706
315,2,10,150,56,0.15734607654320276
316,2,10,150,56,0.1280531431372589
317,2,10,150,56,0.0
318,2,10,150,56,0.11809408464566347
319,2,10,150,56,0.0
320,2,10,150,56,0.04539294738377069
321,2,10,150,56,0.12530728980532893
322,2,10,150,56,0.35190394711189377
323,2,10,150,56,0.028361369701356044
324,2,10,150,56,0.04342547274117719
325,2,10,150,56,0.0811231025632827
326,2,10,150,56,0.13399599264350756
327,2,10,150,56,0.012300201421578526
328,2,10,150,56,0.1636161456178221
329,2,10,150,56,0.0
330,2,10,150,56,0.10418719913926942
331,2,10,150,56,0.05427266504401326
332,2,10,150,56,0.18967146462948598
333,2,10,150,56,0.05206745415870339
334,2,10,150,56,0.143765681921098
335,2,10,150,56,0.0
336,2,10,150,56,0.11501232379588432
337,2,10,150,56,0.07596161868673496
338,2,10,150,56,0.12065326649027912
339,2,10,150,56,0.3022138844249087
340,2,10,150,56,0.17896552649342137
341,2,10,150,56,0.0
342,2,10,150,56,0.2178893487228174
343,2,10,150,56,0.3129139504932575
344,2,10,150,56,0.1523980172868318
345,2,10,150,56,0.10686772084589051
346,2,10,150,56,0.2527275957400601
347,2,10,150,56,0.19318603337387616
348,2,10,150,56,0.0
349,2,10,150,56,0.163169180413793
350,2,10,150,56,0.18939048055890495
351,2,10,150,56,0.1610216634970071
352,2,10,150,56,0.2770988445296086
353,2,10,150,56,0.0
354,2,10,150,56,0.10483980705130923
355,2,10,150,56,0.0
356,2,10,150,56,0.10061931714936387
357,2,10,150,56,0.1023343164960757
358,2,10,150,56,0.0
359,2,10,150,56,0.0
360,2,10,150,56,0.22728151171982378
361,2,10,150,56,0.09888240087940003
362,2,10,150,56,0.04690797720830594
363,2,10,150,56,0.22475180499878594
364,2,10,150,56,0.0
365,2,10,150,56,0.0
366,2,10,150,56,0.050143326786652107
367,2,10,150,56,0.0
368,2,10,150,56,0.06788053752288492
369,2,10,150,56,0.21386152848601384
370,2,10,150,56,0.0957000625269241
371,2,10,150,56,0.06330961329622671
372,2,10,150,56,0.08461341886182785
373,2,10,150,56,0.1309864738325233
374,2,10,150,56,0.19325747480688002
375,2,10,150,56,0.1676614286651071
376,2,10,150,56,0.038925970325304815
377,2,10,150,56,0.3067552645565975
378,2,10,150,56,0.058622083846251755
379,2,10,150,56,0.22385985889528065
380,2,10,150,56,0.05978810170345027
381,2,10,150,56,0.12158230198340733
382,2,10,150,56,0.11670077402731671
383,2,10,150,56,0.05181989685583115
384,2,10,150,56,0.0
385,2,10,150,56,0.18103073724927873
386,2,10,150,56,0.0
387,2,10,150,56,0.17748035470582063
388,2,10,150,56,0.03275673003454543
389,2,10,150,56,0.2579425886377924
390,2,10,150,56,0.10466779365752882
391,2,10,150,56,0.18344326580289438
392,2,10,150,56,0.07337793977968886
393,2,10,150,56,0.038056562131016006
394,2,10,150,56,0.21638210292459076
395,2,10,150,56,0.06520401471200078
396,2,10,150,56,0.08006506288147622
397,2,10,150,56,0.19945281121976402
398,2,10,150,56,0.12633080592181342
399,2,10,150,56,0.02391524068138011
400,2,10,150,56,0.0
401,2,10,150,56,0.0
402,2,10,150,56,0.1798991830195577
403,2,10,150,56,0.21342888353269066
404,2,10,150,56,0.0
405,2,10,150,56,0.23030168533383838
406,2,10,150,56,0.2755528885241461
407,2,10,150,56,0.09319129765567273
408,2,10,150,56,0.08490303813485527
409,2,10,150,56,0.179631535309171
410,2,10,150,56,0.1510508871592243
411,2,10,150,56,0.13359023741301432
412,2,10,150,56,0.041062015509212284
413,2,10,150,56,0.19475935863737628
414,2,10,150,56,0.04690797720830594
415,2,10,150,56,0.15582818336744758
416,2,10,150,56,0.5015167100493393
417,2,10,150,56,0.30663998811911686
418,2,10,150,56,0.05130633033097092
419,2,10,150,56,0.09817896789964464
420,2,10,150,56,0.13011860784218718
421,2,10,150,56,0.29129642073446305
422,2,10,150,56,0.0654076987556055
423,2,10,150,56,0.0
424,2,10,150,56,0.039270700903099615
425,2,10,150,56,0.0564301345090141
426,2,10,150,56,0.03206656709567107
427,2,10,150,56,0.0
428,2,10,150,56,0.09545062073374358
429,2,10,150,56,0.2821982276512658
430,2,10,150,56,0.17441334704295655
431,2,10,150,56,0.0
432,2,10,150,56,0.08980230529700303
433,2,10,150,56,0.10047622221317463
434,2,10,150,56,0.21435951014939544
435,2,10,150,56,0.3642375646474342
436,2,10,150,56,0.08073573433990566
437,2,10,150,56,0.27056196993580567
438,2,10,150,56,0.11342455428465782
439,2,10,150,56,0.0
440,2,10,150,56,0.032014847745354055
441,2,10,150,56,0.1731866333482261
442,2,10,150,56,0.04062732041938225
443,2,10,150,56,0.0
444,2,10,150,56,0.0796221118108625
445,2,10,150,56,0.02881080092108056
446,2,10,150,56,0.13356958453958645
447,2,10,150,56,0.055923854163236565
448,2,10,150,56,0.0
449,2,10,150,56,0.10848432672679821
450,2,10,150,56,0.5213506519160535
451,2,10,150,56,0.05163551141839463
452,2,10,150,56,0.1919337999747105
453,2,10,150,56,0.10544765684130686
454,2,10,150,56,0.0
455,2,10,150,56,0.09556656903444141
456,2,10,150,56,0.09730206388051757
457,2,10,150,56,0.5359613693913605
458,2,10,150,56,0.2854704649548
459,2,10,150,56,0.20646989255391146
460,2,10,150,56,0.07041837375515932
461,2,10,150,56,0.035550340982103974
462,2,10,150,56,0.18564976427020158
463,2,10,150,56,0.22682155631619794
464,2,10,150,56,0.04588955997351025
465,2,10,150,56,0.10783006935442738
466,2,10,150,56,0.12816210679182038
467,2,10,150,56,0.09300532025926726
468,2,10,150,56,0.2306719796042574
469,2,10,150,56,0.05651614765972419
470,2,10,150,56,0.04760723841253984
471,2,10,150,56,0.0
472,2,10,150,56,0.2394481958359937
473,2,10,150,56,0.2622744659873325
474,2,10,150,56,0.44846634433384724
475,2,10,150,56,0.07311683844390994
476,2,10,150,56,0.021791008948563714
477,2,10,150,56,0.07075576072108061
478,2,10,150,56,0.10595638300675868
479,2,10,150,56,0.22117938590527061
480,2,10,150,56,0.15920120556239784
481,2,10,150,56,0.048705796110663196
482,2,10,150,56,0.04290887548434951
483,2,10,150,56,0.0273055648695642
484,2,10,150,56,0.1947786458574478
485,2,10,150,56,0.036556008482007775
486,2,10,150,56,0.020739164681740883
487,2,10,150,56,0.3310600776244735
488,2,10,150,56,0.0
489,2,10,150,56,0.0
490,2,10,150,56,0.11630686983226163
491,2,10,150,56,0.03859643636257609
492,2,10,150,56,0.1338895448360617
493,2,10,150,56,0.1992824666973741
494,2,10,150,56,0.08596118914843212
495,2,10,150,56,0.16926475347231623
496,2,10,150,56,0.023205371908120297
497,2,10,150,56,0.1205660337277549
498,2,10,150,56,0.07627605125234253
499,2,10,150,56,0.09250894728958106
500,2,10,150,56,0.17407322230032815
501,2,10,150,56,0.02184231145035861
502,2,10,150,56,0.0
503,2,10,150,56,0.1417689362196019
504,2,10,150,56,0.14047362352509268
505,2,10,150,56,0.05688647497208646
506,2,10,150,56,0.13794858362857812
507,2,10,150,56,0.0
508,2,10,150,56,0.20345924618307185
509,2,10,150,56,0.0
510,2,10,150,56,0.0
511,2,10,150,56,0.0
512,2,10,150,56,0.08364069030518707
513,2,10,150,56,0.0600937008083393
514,2,10,150,56,0.16983971812133916
515,2,10,150,56,0.034743705427429224
516,2,10,150,56,0.1340330647732781
517,2,10,150,56,0.07931777113368761
518,2,10,150,56,0.1271756500386261
519,2,10,150,56,0.0798825964218217
520,2,10,150,56,0.0
521,2,10,150,56,0.0
522,2,10,150,56,0.0559167101555819
523,2,10,150,56,0.2032904290827781
524,2,10,150,56,0.13089909914162404
525,2,10,150,56,0.0
526,2,10,150,56,0.0
527,2,10,150,56,0.327184217314024
528,2,10,150,56,0.17766119401073668
529,2,10,150,56,0.0
530,2,10,150,56,0.03067046672709443
531,2,10,150,56,0.0
532,2,10,150,56,0.09440145196780252
533,2,10,150,56,0.037047214709087124
534,2,10,150,56,0.024909303741335254
535,2,10,150,56,0.2394879057456601
536,2,10,150,56,0.16340884055250954
537,2,10,150,56,0.4574667628093546
538,2,10,150,56,0.032394594743117074
539,2,10,150,56,0.09953437200841515
540,2,10,150,56,0.0
541,2,10,150,56,0.06833564325125971
542,2,10,150,56,0.07797598981103891
543,2,10,150,56,0.03725364202376381
544,2,10,150,56,0.0
545,2,10,150,56,0.060216826583478454
546,2,10,150,56,0.03314153504336938
547,2,10,150,56,0.04855455745827926
548,2,10,150,56,0.03883106019841818
549,2,10,150,56,0.0
550,2,10,150,56,0.0
551,2,10,150,56,0.24538082942782685
552,2,10,150,56,0.048059443651065493
553,2,10,150,56,0.13317167485931308
554,2,10,150,56,0.07041837375515932
555,2,10,150,56,0.06932393791073393
556,2,10,150,56,0.16258997327839542
557,2,10,150,56,0.04470486007704452
558,2,10,150,56,0.265053101293003
559,2,10,150,56,0.08620000398338708
560,2,10,150,56,0.028567598460307132
561,2,10,150,56,0.07080631780820656
562,2,10,150,56,0.07720150835011791
563,2,10,150,56,0.0
564,2,10,150,56,0.0
565,2,10,150,56,0.28663011782160785
566,2,10,150,56,0.03548242894850303
567,2,10,150,56,0.04359722747499328
568,2,10,150,56,0.0
569,2,10,150,56,0.17563954439010937
570,2,10,150,56,0.0
571,2,10,150,56,0.0
572,2,10,150,56,0.0
573,2,10,150,56,0.03246641181906899
574,2,10,150,56,0.05058854055353143
575,2,10,150,56,0.05154847002173459
576,2,10,150,56,0.0
577,2,10,150,56,0.0784247757209491
578,2,10,150,56,0.0
579,2,10,150,56,0.08297540479108526
580,2,10,150,56,0.18080124080515705
581,2,10,150,56,0.0
582,2,10,150,56,0.0437514209980628
583,2,10,150,56,0.0
584,2,10,150,56,0.0
585,2,10,150,56,0.08668163308546498
586,2,10,150,56,0.10132509239867551
587,2,10,150,56,0.03459392809572638
588,2,10,150,56,0.037573347678695114
589,2,10,150,56,0.0336639187988199
590,2,10,150,56,0.06139304560474655
591,2,10,150,56,0.0
592,2,10,150,56,0.3246980195198362
593,2,10,150,56,0.04586709436300111
594,2,10,150,56,0.0
595,2,10,150,56,0.0
596,2,10,150,56,0.0
597,2,10,150,56,0.0
598,2,10,150,56,0.0
599,2,10,150,56,0.0
600,2,10,150,56,0.024325165853816375
601,2,10,150,56,0.03369782041898502
602,2,10,150,56,0.0
603,2,10,150,56,0.1435203717549576
604,2,10,150,56,0.0
605,2,10,150,56,0.2645541144793553
606,2,10,150,56,0.23204083039530643
607,2,10,150,56,0.08440880858250024
608,2,10,150,56,0.2120992422792938
609,2,10,150,56,0.0
610,2,10,150,56,0.1629867900167321
611,2,10,150,56,0.08045389590462838
612,2,10,150,56,0.15130120674940672
613,2,10,150,56,0.0
614,2,10,150,56,0.046614515546531544
615,2,10,150,56,0.12047971762374059
616,2,10,150,56,0.0
617,2,10,150,56,0.044257815106106525
618,2,10,150,56,0.18766481803906507
619,2,10,150,56,0.05319635904163211
620,2,10,150,56,0.08396948777462541
621,2,10,150,56,0.06335388063984314
622,2,10,150,56,0.12980296240199146
623,2,10,150,56,0.0
624,2,10,150,56,0.0536466452928127
625,2,10,150,56,0.0
626,2,10,150,56,0.0
627,2,10,150,56,0.0
628,2,10,150,56,0.0
629,2,10,150,56,0.2466228630593721
630,2,10,150,56,0.0
631,2,10,150,56,0.16868725245403154
632,2,10,150,56,0.13439570003165963
633,2,10,150,56,0.07667481399289292
634,2,10,150,56,0.030975021478781034
635,2,10,150,56,0.0
636,2,10,150,56,0.0
637,2,10,150,56,0.0
638,2,10,150,56,0.0
639,2,10,150,56,0.0
640,2,10,150,56,0.040655755922716606
642,2,10,150,56,0.11431346864321287
643,2,10,150,56,0.0
644,2,10,150,56,0.0
645,2,10,150,56,0.09759501249802542
647,2,10,150,56,0.0
648,2,10,150,56,0.18159464350583557
649,2,10,150,56,1.0
650,2,10,150,56,0.0
651,2,10,150,56,0.0
653,2,10,150,56,0.0
654,2,10,150,56,0.058087171966128066
655,2,10,150,56,0.11621678240839849
658,2,10,150,56,0.0
1,2,10,150,57,0.5343723497595074
2,2,10,150,57,0.2268511698743587
3,2,10,150,57,0.03098598178059488
4,2,10,150,57,0.06166887310869151
5,2,10,150,57,0.12620564628865164
6,2,10,150,57,0.17961772474519622
7,2,10,150,57,0.31784638710354557
8,2,10,150,57,0.06653535276206901
9,2,10,150,57,0.0
10,2,10,150,57,0.1898407915550228
11,2,10,150,57,0.10464473261331256
12,2,10,150,57,0.0
13,2,10,150,57,0.3552553644165181
14,2,10,150,57,0.12939622934497527
15,2,10,150,57,0.01616702920033762
16,2,10,150,57,0.2491367253726175
17,2,10,150,57,0.052106753859569234
18,2,10,150,57,0.2184031451060017
19,2,10,150,57,0.0
20,2,10,150,57,0.0
21,2,10,150,57,0.0
22,2,10,150,57,0.017292171119733427
23,2,10,150,57,0.21391710343217823
24,2,10,150,57,0.08491010262674986
25,2,10,150,57,0.0
26,2,10,150,57,0.11161048176369433
27,2,10,150,57,0.0
28,2,10,150,57,0.1358023930187833
29,2,10,150,57,0.0
30,2,10,150,57,0.0
31,2,10,150,57,0.046287481291184845
32,2,10,150,57,0.11781210270929884
33,2,10,150,57,0.0
34,2,10,150,57,0.07239559903187814
35,2,10,150,57,0.0
36,2,10,150,57,0.0
37,2,10,150,57,0.0
38,2,10,150,57,0.0431945145179045
39,2,10,150,57,0.15820890896021753
40,2,10,150,57,0.2212397779175911
41,2,10,150,57,0.0
42,2,10,150,57,0.17084502871918114
43,2,10,150,57,0.09662598732799078
44,2,10,150,57,0.1565413821318793
45,2,10,150,57,0.0
46,2,10,150,57,0.10684080426179023
47,2,10,150,57,0.0
48,2,10,150,57,0.14096272947842173
49,2,10,150,57,0.04407878495393109
50,2,10,150,57,0.0
51,2,10,150,57,0.07984133538066794
52,2,10,150,57,0.028947056565878558
53,2,10,150,57,0.12810519548676028
54,2,10,150,57,0.047934103497110726
55,2,10,150,57,0.0
56,2,10,150,57,0.22047893971599028
57,2,10,150,57,0.0524456916588361
58,2,10,150,57,0.13115096900174386
59,2,10,150,57,0.3752713990116437
60,2,10,150,57,0.21304542118105446
61,2,10,150,57,0.06416923277158361
62,2,10,150,57,0.18160332589227857
63,2,10,150,57,0.0763437499438357
64,2,10,150,57,0.04583023181159601
65,2,10,150,57,0.18154179097601578
66,2,10,150,57,0.12995427111679475
67,2,10,150,57,0.24630238874073
68,2,10,150,57,0.04358896759704514
69,2,10,150,57,0.10495938403254562
70,2,10,150,57,0.03155184951131585
71,2,10,150,57,0.04416548762473651
72,2,10,150,57,0.28907547922366217
73,2,10,150,57,0.26386730550459286
74,2,10,150,57,0.17342765698823945
75,2,10,150,57,0.16021137204676433
76,2,10,150,57,0.21046795809065558
77,2,10,150,57,0.096890966577576
78,2,10,150,57,0.0
79,2,10,150,57,0.08508236880273473
80,2,10,150,57,0.1744476820873323
81,2,10,150,57,0.0
82,2,10,150,57,0.03364053685802635
83,2,10,150,57,0.046841820324159865
84,2,10,150,57,0.029136604147144557
85,2,10,150,57,0.22735598927742304
86,2,10,150,57,0.07028063830038406
87,2,10,150,57,0.19384373929491494
88,2,10,150,57,0.06294571929989644
89,2,10,150,57,0.20794910905763014
90,2,10,150,57,0.16429958558514188
91,2,10,150,57,0.04847782757894306
92,2,10,150,57,0.13724875874769674
93,2,10,150,57,0.0
94,2,10,150,57,0.2952144730817985
95,2,10,150,57,0.14680084188805292
96,2,10,150,57,0.18799697242376096
97,2,10,150,57,0.2065666702851524
98,2,10,150,57,0.0
99,2,10,150,57,0.10120320171650989
100,2,10,150,57,0.0
101,2,10,150,57,0.0
102,2,10,150,57,0.05671879843401278
103,2,10,150,57,0.04579340374561851
104,2,10,150,57,0.0
105,2,10,150,57,0.0
106,2,10,150,57,0.0
107,2,10,150,57,0.0
108,2,10,150,57,0.04485361187694993
109,2,10,150,57,0.1970072917268804
110,2,10,150,57,0.037578324799282276
111,2,10,150,57,0.09077089626867633
112,2,10,150,57,0.0
113,2,10,150,57,0.178509607681865
114,2,10,150,57,0.02951022367272685
115,2,10,150,57,0.1737092330727855
116,2,10,150,57,0.026497157492079246
117,2,10,150,57,0.027016499607835556
118,2,10,150,57,0.13610876526485238
119,2,10,150,57,0.15212875834435738
120,2,10,150,57,0.361879195385413
121,2,10,150,57,0.115269333086109
122,2,10,150,57,0.11504775274472687
123,2,10,150,57,0.12990556389377814
124,2,10,150,57,0.18903749859471425
125,2,10,150,57,0.1656817885548098
126,2,10,150,57,0.0
127,2,10,150,57,0.12503310750358904
128,2,10,150,57,0.04616148092938704
129,2,10,150,57,0.0
130,2,10,150,57,0.10409713654831207
131,2,10,150,57,0.36227735599025207
132,2,10,150,57,0.12643913909707097
133,2,10,150,57,0.0
134,2,10,150,57,0.0
135,2,10,150,57,0.0
136,2,10,150,57,0.10426492517868997
137,2,10,150,57,0.06049988016540081
138,2,10,150,57,0.10332949630181452
139,2,10,150,57,0.05165643482805862
140,2,10,150,57,0.0
141,2,10,150,57,0.12556328258692692
142,2,10,150,57,0.0
143,2,10,150,57,0.06882065896991112
144,2,10,150,57,0.16664156206392014
145,2,10,150,57,0.09627272084876502
146,2,10,150,57,0.0
147,2,10,150,57,0.06664071636913875
148,2,10,150,57,0.08790431357288034
149,2,10,150,57,0.10486881530019958
150,2,10,150,57,0.0
151,2,10,150,57,0.2272409985783721
152,2,10,150,57,0.04019832975607886
153,2,10,150,57,0.071942683897578
154,2,10,150,57,0.08491065065836505
155,2,10,150,57,0.0
156,2,10,150,57,0.06437746926759551
157,2,10,150,57,0.06857646087959317
158,2,10,150,57,0.15911711737987416
159,2,10,150,57,0.024782300799839303
160,2,10,150,57,0.09926896187055606
161,2,10,150,57,0.0
162,2,10,150,57,0.0
163,2,10,150,57,0.0
164,2,10,150,57,0.029649957429587842
165,2,10,150,57,0.0
166,2,10,150,57,0.06175696970122604
167,2,10,150,57,0.040419659112753054
168,2,10,150,57,0.0641665753731138
169,2,10,150,57,0.03870447337439288
170,2,10,150,57,0.0
171,2,10,150,57,0.0
172,2,10,150,57,0.08232325035020067
173,2,10,150,57,0.0375712667011285
174,2,10,150,57,0.19359660097195475
175,2,10,150,57,0.22732566419594713
176,2,10,150,57,0.0
177,2,10,150,57,0.3152442026717657
178,2,10,150,57,0.1809386111877049
179,2,10,150,57,0.054384419234677496
180,2,10,150,57,0.08391511424653819
181,2,10,150,57,0.04571659406133882
182,2,10,150,57,0.05005165434923901
183,2,10,150,57,0.0
184,2,10,150,57,0.15638193253322275
185,2,10,150,57,0.0
186,2,10,150,57,0.05478814761334652
187,2,10,150,57,0.14023428091042053
188,2,10,150,57,0.29205722210115026
189,2,10,150,57,0.1397818195494507
190,2,10,150,57,0.025938546612492997
191,2,10,150,57,0.0
192,2,10,150,57,0.0
193,2,10,150,57,0.0
194,2,10,150,57,0.12851945818318844
195,2,10,150,57,0.04606861224913365
196,2,10,150,57,0.04485361187694993
197,2,10,150,57,0.12309687790081901
198,2,10,150,57,0.028186415745733433
199,2,10,150,57,0.2529427027676571
200,2,10,150,57,0.2272611513844169
201,2,10,150,57,0.10495643787650623
202,2,10,150,57,0.27487633291429087
203,2,10,150,57,0.10238606821339166
204,2,10,150,57,0.0
205,2,10,150,57,0.1465996756793884
206,2,10,150,57,0.028694189013458257
207,2,10,150,57,0.03135865162348862
208,2,10,150,57,0.05919139647768146
209,2,10,150,57,0.0
210,2,10,150,57,0.18937175954951105
211,2,10,150,57,0.0
212,2,10,150,57,0.11738002835756964
213,2,10,150,57,0.1299248558445059
214,2,10,150,57,0.20576627669258005
215,2,10,150,57,0.11433722369502479
216,2,10,150,57,0.14425650580287722
217,2,10,150,57,0.10298663607405599
218,2,10,150,57,0.1023482199458735
219,2,10,150,57,0.0
220,2,10,150,57,0.0
221,2,10,150,57,0.10144613070733857
222,2,10,150,57,0.10514472816513466
223,2,10,150,57,0.0
224,2,10,150,57,0.029996736818897345
225,2,10,150,57,0.0
226,2,10,150,57,0.10111769293645066
227,2,10,150,57,0.0947812167140767
228,2,10,150,57,0.0
229,2,10,150,57,0.0
230,2,10,150,57,0.28189806324722205
231,2,10,150,57,0.3903800499921017
232,2,10,150,57,0.11605494365670165
233,2,10,150,57,0.13212972170856394
234,2,10,150,57,0.11347225241018273
235,2,10,150,57,0.1075070751982482
236,2,10,150,57,0.1252769156245644
237,2,10,150,57,0.24655736878982118
238,2,10,150,57,0.0
239,2,10,150,57,0.05752505190825261
240,2,10,150,57,0.0
241,2,10,150,57,0.0
242,2,10,150,57,0.07673373981757839
243,2,10,150,57,0.2568245236714982
244,2,10,150,57,0.158861588449102
245,2,10,150,57,0.0
246,2,10,150,57,0.11360613361211001
247,2,10,150,57,0.0
248,2,10,150,57,0.14176813152020928
249,2,10,150,57,0.21580604760725444
250,2,10,150,57,0.06611248482408215
251,2,10,150,57,0.10803826056443963
252,2,10,150,57,0.1904168294848087
253,2,10,150,57,0.18852956389601477
254,2,10,150,57,0.228671039402572
255,2,10,150,57,0.024185523485714195
256,2,10,150,57,0.2738527800752222
257,2,10,150,57,0.07766718171217171
258,2,10,150,57,0.0
259,2,10,150,57,0.0
260,2,10,150,57,0.0
261,2,10,150,57,0.0
262,2,10,150,57,0.05887472794707303
263,2,10,150,57,0.112039661883817
264,2,10,150,57,0.07935123938715939
265,2,10,150,57,0.08339602711200374
266,2,10,150,57,0.0
267,2,10,150,57,0.13338816180830973
268,2,10,150,57,0.17501719479028813
269,2,10,150,57,0.10120529667618461
270,2,10,150,57,0.10627471370406062
271,2,10,150,57,0.23993168694726152
272,2,10,150,57,0.33957662813068484
273,2,10,150,57,0.0
274,2,10,150,57,0.05829918151249392
275,2,10,150,57,0.04105877938688906
276,2,10,150,57,0.2324787234493969
277,2,10,150,57,0.0
278,2,10,150,57,0.04305311721683474
279,2,10,150,57,0.25577876913800623
280,2,10,150,57,0.09508948938436622
281,2,10,150,57,0.05516788910004661
282,2,10,150,57,0.0
283,2,10,150,57,0.06286054135527182
284,2,10,150,57,0.0
285,2,10,150,57,0.15002687789384317
286,2,10,150,57,0.12357630125750141
287,2,10,150,57,0.11853073131207159
288,2,10,150,57,0.11495116807881998
289,2,10,150,57,0.06510475888148554
290,2,10,150,57,0.09449357188080848
291,2,10,150,57,0.19280287132817608
292,2,10,150,57,0.3500155663296135
293,2,10,150,57,0.160248066791941
294,2,10,150,57,0.05942233668176323
295,2,10,150,57,0.14657047328306805
296,2,10,150,57,0.08921274081617625
297,2,10,150,57,0.09088045312208184
298,2,10,150,57,0.37579851912953594
299,2,10,150,57,0.04885701376790613
300,2,10,150,57,0.0
301,2,10,150,57,0.13996018451546466
302,2,10,150,57,0.0
303,2,10,150,57,0.3972160822603079
304,2,10,150,57,0.09811693595042764
305,2,10,150,57,0.15377587171217844
306,2,10,150,57,0.07286537763060504
307,2,10,150,57,0.15107571592228533
308,2,10,150,57,0.1445348482796646
309,2,10,150,57,0.0
310,2,10,150,57,0.0
311,2,10,150,57,0.27070367901273784
312,2,10,150,57,0.09878562512982592
313,2,10,150,57,0.24961713105491368
314,2,10,150,57,0.12144172921813451
315,2,10,150,57,0.15734607654320276
316,2,10,150,57,0.15230041190644752
317,2,10,150,57,0.0
318,2,10,150,57,0.11809408464566347
319,2,10,150,57,0.0
320,2,10,150,57,0.04539294738377069
321,2,10,150,57,0.12530728980532893
322,2,10,150,57,0.35190394711189377
323,2,10,150,57,0.028361369701356044
324,2,10,150,57,0.04342547274117719
325,2,10,150,57,0.0811231025632827
326,2,10,150,57,0.13399599264350756
327,2,10,150,57,0.024250707505889316
328,2,10,150,57,0.16163649983221853
329,2,10,150,57,0.0
330,2,10,150,57,0.10418719913926942
331,2,10,150,57,0.05427266504401326
332,2,10,150,57,0.18967146462948598
333,2,10,150,57,0.05206745415870339
334,2,10,150,57,0.14202621345204905
335,2,10,150,57,0.0
336,2,10,150,57,0.11501232379588432
337,2,10,150,57,0.07596161868673496
338,2,10,150,57,0.12065326649027912
339,2,10,150,57,0.2985572988208809
340,2,10,150,57,0.17896552649342137
341,2,10,150,57,0.0
342,2,10,150,57,0.21525303352728303
343,2,10,150,57,0.30912790125580947
344,2,10,150,57,0.1523980172868318
345,2,10,150,57,0.10686772084589051
346,2,10,150,57,0.2496697610873531
347,2,10,150,57,0.19318603337387616
348,2,10,150,57,0.0
349,2,10,150,57,0.163169180413793
350,2,10,150,57,0.18939048055890495
351,2,10,150,57,0.1610216634970071
352,2,10,150,57,0.2770988445296086
353,2,10,150,57,0.0
354,2,10,150,57,0.10357131559889839
355,2,10,150,57,0.0
356,2,10,150,57,0.10061931714936387
357,2,10,150,57,0.1023343164960757
358,2,10,150,57,0.0
359,2,10,150,57,0.0
360,2,10,150,57,0.22728151171982378
361,2,10,150,57,0.09888240087940003
362,2,10,150,57,0.04690797720830594
363,2,10,150,57,0.22203245867821003
364,2,10,150,57,0.0
365,2,10,150,57,0.0
366,2,10,150,57,0.050143326786652107
367,2,10,150,57,0.0
368,2,10,150,57,0.06788053752288492
369,2,10,150,57,0.21386152848601384
370,2,10,150,57,0.0957000625269241
371,2,10,150,57,0.06330961329622671
372,2,10,150,57,0.08461341886182785
373,2,10,150,57,0.1294016252229043
374,2,10,150,57,0.19091918878936517
375,2,10,150,57,0.1676614286651071
376,2,10,150,57,0.038925970325304815
377,2,10,150,57,0.3067552645565975
378,2,10,150,57,0.05791279589186732
379,2,10,150,57,0.22115130452520645
380,2,10,150,57,0.0590647057138947
381,2,10,150,57,0.12158230198340733
382,2,10,150,57,0.14582500956521116
383,2,10,150,57,0.05181989685583115
384,2,10,150,57,0.0
385,2,10,150,57,0.1788403865677675
386,2,10,150,57,0.0
387,2,10,150,57,0.17533296127533676
388,2,10,150,57,0.03275673003454543
389,2,10,150,57,0.2669209863474563
390,2,10,150,57,0.10466779365752882
391,2,10,150,57,0.18344326580289438
392,2,10,150,57,0.07337793977968886
393,2,10,150,57,0.049695433500192863
394,2,10,150,57,0.2137640243937881
395,2,10,150,57,0.06520401471200078
396,2,10,150,57,0.08006506288147622
397,2,10,150,57,0.19945281121976402
398,2,10,150,57,0.12633080592181342
399,2,10,150,57,0.02362588228555788
400,2,10,150,57,0.0
401,2,10,150,57,0.0
402,2,10,150,57,0.1798991830195577
403,2,10,150,57,0.21342888353269066
404,2,10,150,57,0.0
405,2,10,150,57,0.2275151891780527
406,2,10,150,57,0.27221888311521847
407,2,10,150,57,0.09206374536575443
408,2,10,150,57,0.08490303813485527
409,2,10,150,57,0.17745811403406694
410,2,10,150,57,0.1510508871592243
411,2,10,150,57,0.13359023741301432
412,2,10,150,57,0.041062015509212284
413,2,10,150,57,0.19475935863737628
414,2,10,150,57,0.04690797720830594
415,2,10,150,57,0.15582818336744758
416,2,10,150,57,0.4954486937315732
417,2,10,150,57,0.3029298496246221
418,2,10,150,57,0.05130633033097092
419,2,10,150,57,0.09817896789964464
420,2,10,150,57,0.13011860784218718
421,2,10,150,57,0.29129642073446305
422,2,10,150,57,0.0654076987556055
423,2,10,150,57,0.0
424,2,10,150,57,0.039270700903099615
425,2,10,150,57,0.05574736767362641
426,2,10,150,57,0.03206656709567107
427,2,10,150,57,0.0
428,2,10,150,57,0.09545062073374358
429,2,10,150,57,0.2787838180893908
430,2,10,150,57,0.17441334704295655
431,2,10,150,57,0.0
432,2,10,150,57,0.08980230529700303
433,2,10,150,57,0.10047622221317463
434,2,10,150,57,0.21435951014939544
435,2,10,150,57,0.35983053405097293
436,2,10,150,57,0.08073573433990566
437,2,10,150,57,0.26728835129929823
438,2,10,150,57,0.11342455428465782
439,2,10,150,57,0.0
440,2,10,150,57,0.032014847745354055
441,2,10,150,57,0.1731866333482261
442,2,10,150,57,0.04062732041938225
443,2,10,150,57,0.0
444,2,10,150,57,0.0796221118108625
445,2,10,150,57,0.02881080092108056
446,2,10,150,57,0.13356958453958645
447,2,10,150,57,0.055923854163236565
448,2,10,150,57,0.0
449,2,10,150,57,0.10848432672679821
450,2,10,150,57,0.5150426581848109
451,2,10,150,57,0.05163551141839463
452,2,10,150,57,0.18961152953617852
453,2,10,150,57,0.10417181081352385
454,2,10,150,57,0.0
455,2,10,150,57,0.09441027755159759
456,2,10,150,57,0.09612477407232511
457,2,10,150,57,0.5294765957636999
458,2,10,150,57,0.28201646351302234
459,2,10,150,57,0.2039717451302268
460,2,10,150,57,0.07041837375515932
461,2,10,150,57,0.035550340982103974
462,2,10,150,57,0.18564976427020158
463,2,10,150,57,0.22407716739082717
464,2,10,150,57,0.04588955997351025
465,2,10,150,57,0.10783006935442738
466,2,10,150,57,0.12816210679182038
467,2,10,150,57,0.09300532025926726
468,2,10,150,57,0.22788100313579168
469,2,10,150,57,0.05651614765972419
470,2,10,150,57,0.04760723841253984
471,2,10,150,57,0.0
472,2,10,150,57,0.23655103302869757
473,2,10,150,57,0.2622744659873325
474,2,10,150,57,0.4430402019125529
475,2,10,150,57,0.07311683844390994
476,2,10,150,57,0.021791008948563714
477,2,10,150,57,0.07075576072108061
478,2,10,150,57,0.10595638300675868
479,2,10,150,57,0.21850326346321952
480,2,10,150,57,0.15920120556239784
481,2,10,150,57,0.048705796110663196
482,2,10,150,57,0.04290887548434951
483,2,10,150,57,0.0273055648695642
484,2,10,150,57,0.19242195468897388
485,2,10,150,57,0.036556008482007775
486,2,10,150,57,0.02048823467844496
487,2,10,150,57,0.3270544724014918
488,2,10,150,57,0.0
489,2,10,150,57,0.0
490,2,10,150,57,0.11630686983226163
491,2,10,150,57,0.03859643636257609
492,2,10,150,57,0.1338895448360617
493,2,10,150,57,0.19687128231301854
494,2,10,150,57,0.08596118914843212
495,2,10,150,57,0.16721676331463708
496,2,10,150,57,0.023205371908120297
497,2,10,150,57,0.11910726546466675
498,2,10,150,57,0.07535316211549115
499,2,10,150,57,0.09250894728958106
500,2,10,150,57,0.17196705289013922
501,2,10,150,57,0.02184231145035861
502,2,10,150,57,0.03351972906068008
503,2,10,150,57,0.1417689362196019
504,2,10,150,57,0.13877398675789077
505,2,10,150,57,0.05688647497208646
506,2,10,150,57,0.1362794981530641
507,2,10,150,57,0.0
508,2,10,150,57,0.20345924618307185
509,2,10,150,57,0.0
510,2,10,150,57,0.0
511,2,10,150,57,0.0
512,2,10,150,57,0.08364069030518707
513,2,10,150,57,0.0600937008083393
514,2,10,150,57,0.16778477127646996
515,2,10,150,57,0.034743705427429224
516,2,10,150,57,0.1340330647732781
517,2,10,150,57,0.07931777113368761
518,2,10,150,57,0.1271756500386261
519,2,10,150,57,0.0798825964218217
520,2,10,150,57,0.0
521,2,10,150,57,0.0
522,2,10,150,57,0.0559167101555819
523,2,10,150,57,0.21950613822622128
524,2,10,150,57,0.1293153077072487
525,2,10,150,57,0.0
526,2,10,150,57,0.02505758835695044
527,2,10,150,57,0.327184217314024
528,2,10,150,57,0.17766119401073668
529,2,10,150,57,0.0
530,2,10,150,57,0.03067046672709443
531,2,10,150,57,0.0
532,2,10,150,57,0.09325925762116731
533,2,10,150,57,0.036598968222224484
534,2,10,150,57,0.024909303741335254
535,2,10,150,57,0.23659026247505135
536,2,10,150,57,0.16340884055250954
537,2,10,150,57,0.46403105163610064
538,2,10,150,57,0.032394594743117074
539,2,10,150,57,0.09953437200841515
540,2,10,150,57,0.0
541,2,10,150,57,0.06833564325125971
542,2,10,150,57,0.07797598981103891
543,2,10,150,57,0.03725364202376381
544,2,10,150,57,0.0
545,2,10,150,57,0.060216826583478454
546,2,10,150,57,0.03314153504336938
547,2,10,150,57,0.04855455745827926
548,2,10,150,57,0.03883106019841818
549,2,10,150,57,0.0
550,2,10,150,57,0.0
551,2,10,150,57,0.24241188572724998
552,2,10,150,57,0.048059443651065493
553,2,10,150,57,0.13317167485931308
554,2,10,150,57,0.07041837375515932
555,2,10,150,57,0.06932393791073393
556,2,10,150,57,0.16258997327839542
557,2,10,150,57,0.04470486007704452
558,2,10,150,57,0.265053101293003
559,2,10,150,57,0.08620000398338708
560,2,10,150,57,0.028567598460307132
561,2,10,150,57,0.08204893906672908
562,2,10,150,57,0.07720150835011791
563,2,10,150,57,0.0
564,2,10,150,57,0.0
565,2,10,150,57,0.28663011782160785
566,2,10,150,57,0.03548242894850303
567,2,10,150,57,0.04359722747499328
568,2,10,150,57,0.0
569,2,10,150,57,0.17563954439010937
570,2,10,150,57,0.0
571,2,10,150,57,0.0
572,2,10,150,57,0.0
573,2,10,150,57,0.03246641181906899
574,2,10,150,57,0.05058854055353143
575,2,10,150,57,0.05154847002173459
576,2,10,150,57,0.0
577,2,10,150,57,0.0784247757209491
578,2,10,150,57,0.0
579,2,10,150,57,0.08297540479108526
580,2,10,150,57,0.18080124080515705
581,2,10,150,57,0.0
582,2,10,150,57,0.0437514209980628
583,2,10,150,57,0.0
584,2,10,150,57,0.0
585,2,10,150,57,0.08668163308546498
586,2,10,150,57,0.10132509239867551
587,2,10,150,57,0.03459392809572638
588,2,10,150,57,0.037573347678695114
589,2,10,150,57,0.0336639187988199
590,2,10,150,57,0.06139304560474655
591,2,10,150,57,0.0
592,2,10,150,57,0.33286872122301625
593,2,10,150,57,0.04586709436300111
594,2,10,150,57,0.0
595,2,10,150,57,0.0
596,2,10,150,57,0.0
597,2,10,150,57,0.0
598,2,10,150,57,0.0
599,2,10,150,57,0.0
600,2,10,150,57,0.024325165853816375
601,2,10,150,57,0.03369782041898502
602,2,10,150,57,0.0
603,2,10,150,57,0.1435203717549576
604,2,10,150,57,0.0
605,2,10,150,57,0.2645541144793553
606,2,10,150,57,0.23204083039530643
607,2,10,150,57,0.08440880858250024
608,2,10,150,57,0.2120992422792938
609,2,10,150,57,0.0
610,2,10,150,57,0.1629867900167321
611,2,10,150,57,0.08045389590462838
612,2,10,150,57,0.15130120674940672
613,2,10,150,57,0.0
614,2,10,150,57,0.046614515546531544
615,2,10,150,57,0.12047971762374059
616,2,10,150,57,0.0
617,2,10,150,57,0.044257815106106525
618,2,10,150,57,0.18766481803906507
619,2,10,150,57,0.09637551974188778
620,2,10,150,57,0.08396948777462541
621,2,10,150,57,0.06335388063984314
622,2,10,150,57,0.12980296240199146
623,2,10,150,57,0.0
624,2,10,150,57,0.0536466452928127
625,2,10,150,57,0.0
626,2,10,150,57,0.0
627,2,10,150,57,0.0
628,2,10,150,57,0.0
629,2,10,150,57,0.2466228630593721
630,2,10,150,57,0.0
631,2,10,150,57,0.16868725245403154
632,2,10,150,57,0.13439570003165963
633,2,10,150,57,0.07667481399289292
634,2,10,150,57,0.030975021478781034
635,2,10,150,57,0.0
636,2,10,150,57,0.0
637,2,10,150,57,0.0
638,2,10,150,57,0.0
639,2,10,150,57,0.0
640,2,10,150,57,0.040655755922716606
642,2,10,150,57,0.11431346864321287
643,2,10,150,57,0.0
644,2,10,150,57,0.0
645,2,10,150,57,0.09759501249802542
647,2,10,150,57,0.0
648,2,10,150,57,0.18159464350583557
649,2,10,150,57,1.0
650,2,10,150,57,0.0
651,2,10,150,57,0.0
653,2,10,150,57,0.0
654,2,10,150,57,0.058087171966128066
655,2,10,150,57,0.11621678240839849
658,2,10,150,57,0.0
1,2,10,150,58,0.5343723497595074
2,2,10,150,58,0.2268511698743587
3,2,10,150,58,0.03098598178059488
4,2,10,150,58,0.06166887310869151
5,2,10,150,58,0.12620564628865164
6,2,10,150,58,0.17961772474519622
7,2,10,150,58,0.31406237338640103
8,2,10,150,58,0.06653535276206901
9,2,10,150,58,0.0
10,2,10,150,58,0.1898407915550228
11,2,10,150,58,0.10464473261331256
12,2,10,150,58,0.0
13,2,10,150,58,0.35102599064797707
14,2,10,150,58,0.12939622934497527
15,2,10,150,58,0.01616702920033762
16,2,10,150,58,0.2491367253726175
17,2,10,150,58,0.052106753859569234
18,2,10,150,58,0.21580301960361747
19,2,10,150,58,0.0
20,2,10,150,58,0.031742154565302834
21,2,10,150,58,0.0
22,2,10,150,58,0.034048751153008455
23,2,10,150,58,0.21391710343217823
24,2,10,150,58,0.08491010262674986
25,2,10,150,58,0.0
26,2,10,150,58,0.11161048176369433
27,2,10,150,58,0.0
28,2,10,150,58,0.1358023930187833
29,2,10,150,58,0.0
30,2,10,150,58,0.0
31,2,10,150,58,0.046287481291184845
32,2,10,150,58,0.11781210270929884
33,2,10,150,58,0.0
34,2,10,150,58,0.07239559903187814
35,2,10,150,58,0.0
36,2,10,150,58,0.0
37,2,10,150,58,0.0
38,2,10,150,58,0.0431945145179045
39,2,10,150,58,0.15820890896021753
40,2,10,150,58,0.2212397779175911
41,2,10,150,58,0.0
42,2,10,150,58,0.17084502871918114
43,2,10,150,58,0.09662598732799078
44,2,10,150,58,0.1565413821318793
45,2,10,150,58,0.0
46,2,10,150,58,0.10684080426179023
47,2,10,150,58,0.0
48,2,10,150,58,0.14096272947842173
49,2,10,150,58,0.04407878495393109
50,2,10,150,58,0.046726672111120165
51,2,10,150,58,0.07984133538066794
52,2,10,150,58,0.028947056565878558
53,2,10,150,58,0.12810519548676028
54,2,10,150,58,0.047934103497110726
55,2,10,150,58,0.0
56,2,10,150,58,0.22047893971599028
57,2,10,150,58,0.0524456916588361
58,2,10,150,58,0.1475963700947612
59,2,10,150,58,0.3708037310464594
60,2,10,150,58,0.21050908026659468
61,2,10,150,58,0.06416923277158361
62,2,10,150,58,0.18160332589227857
63,2,10,150,58,0.0763437499438357
64,2,10,150,58,0.04583023181159601
65,2,10,150,58,0.18154179097601578
66,2,10,150,58,0.12995427111679475
67,2,10,150,58,0.24630238874073
68,2,10,150,58,0.04358896759704514
69,2,10,150,58,0.10495938403254562
70,2,10,150,58,0.03155184951131585
71,2,10,150,58,0.04416548762473651
72,2,10,150,58,0.28907547922366217
73,2,10,150,58,0.26386730550459286
74,2,10,150,58,0.17342765698823945
75,2,10,150,58,0.16021137204676433
76,2,10,150,58,0.21046795809065558
77,2,10,150,58,0.096890966577576
78,2,10,150,58,0.0
79,2,10,150,58,0.08508236880273473
80,2,10,150,58,0.1744476820873323
81,2,10,150,58,0.0
82,2,10,150,58,0.03364053685802635
83,2,10,150,58,0.046841820324159865
84,2,10,150,58,0.029136604147144557
85,2,10,150,58,0.2246492786870004
86,2,10,150,58,0.07028063830038406
87,2,10,150,58,0.19384373929491494
88,2,10,150,58,0.06294571929989644
89,2,10,150,58,0.20794910905763014
90,2,10,150,58,0.16234357189173215
91,2,10,150,58,0.07054411138080068
92,2,10,150,58,0.13561478961406884
93,2,10,150,58,0.0
94,2,10,150,58,0.2916998960377712
95,2,10,150,58,0.14505315362752286
96,2,10,150,58,0.18799697242376096
97,2,10,150,58,0.2065666702851524
98,2,10,150,58,0.0
99,2,10,150,58,0.11936163195678119
100,2,10,150,58,0.0
101,2,10,150,58,0.0
102,2,10,150,58,0.05671879843401278
103,2,10,150,58,0.04579340374561851
104,2,10,150,58,0.0
105,2,10,150,58,0.0
106,2,10,150,58,0.0
107,2,10,150,58,0.0
108,2,10,150,58,0.04485361187694993
109,2,10,150,58,0.19466188739158066
110,2,10,150,58,0.037578324799282276
111,2,10,150,58,0.09077089626867633
112,2,10,150,58,0.0
113,2,10,150,58,0.178509607681865
114,2,10,150,58,0.02951022367272685
115,2,10,150,58,0.1737092330727855
116,2,10,150,58,0.026497157492079246
117,2,10,150,58,0.027016499607835556
118,2,10,150,58,0.15599061619059726
119,2,10,150,58,0.15212875834435738
120,2,10,150,58,0.361879195385413
121,2,10,150,58,0.115269333086109
122,2,10,150,58,0.1467899073100297
123,2,10,150,58,0.12990556389377814
124,2,10,150,58,0.18903749859471425
125,2,10,150,58,0.1656817885548098
126,2,10,150,58,0.0
127,2,10,150,58,0.12503310750358904
128,2,10,150,58,0.04616148092938704
129,2,10,150,58,0.0
130,2,10,150,58,0.1147630080575762
131,2,10,150,58,0.36227735599025207
132,2,10,150,58,0.12643913909707097
133,2,10,150,58,0.0
134,2,10,150,58,0.0
135,2,10,150,58,0.0
136,2,10,150,58,0.10426492517868997
137,2,10,150,58,0.06049988016540081
138,2,10,150,58,0.10332949630181452
139,2,10,150,58,0.05165643482805862
140,2,10,150,58,0.0
141,2,10,150,58,0.12556328258692692
142,2,10,150,58,0.0
143,2,10,150,58,0.06882065896991112
144,2,10,150,58,0.16664156206392014
145,2,10,150,58,0.0951265782117563
146,2,10,150,58,0.0
147,2,10,150,58,0.06664071636913875
148,2,10,150,58,0.08790431357288034
149,2,10,150,58,0.10486881530019958
150,2,10,150,58,0.0
151,2,10,150,58,0.22453565697120745
152,2,10,150,58,0.04019832975607886
153,2,10,150,58,0.071942683897578
154,2,10,150,58,0.08491065065836505
155,2,10,150,58,0.0
156,2,10,150,58,0.06437746926759551
157,2,10,150,58,0.06857646087959317
158,2,10,150,58,0.15911711737987416
159,2,10,150,58,0.024782300799839303
160,2,10,150,58,0.11705084481334227
161,2,10,150,58,0.0
162,2,10,150,58,0.0
163,2,10,150,58,0.0
164,2,10,150,58,0.029649957429587842
165,2,10,150,58,0.0
166,2,10,150,58,0.06175696970122604
167,2,10,150,58,0.040419659112753054
168,2,10,150,58,0.0641665753731138
169,2,10,150,58,0.03870447337439288
170,2,10,150,58,0.0
171,2,10,150,58,0.0
172,2,10,150,58,0.08232325035020067
173,2,10,150,58,0.0375712667011285
174,2,10,150,58,0.2079709640818112
175,2,10,150,58,0.22732566419594713
176,2,10,150,58,0.0
177,2,10,150,58,0.3152442026717657
178,2,10,150,58,0.1787845071472764
179,2,10,150,58,0.054384419234677496
180,2,10,150,58,0.08391511424653819
181,2,10,150,58,0.04517233046090696
182,2,10,150,58,0.05005165434923901
183,2,10,150,58,0.0
184,2,10,150,58,0.15452017980665642
185,2,10,150,58,0.0
186,2,10,150,58,0.05478814761334652
187,2,10,150,58,0.14023428091042053
188,2,10,150,58,0.29205722210115026
189,2,10,150,58,0.15415618265930717
190,2,10,150,58,0.025938546612492997
191,2,10,150,58,0.0
192,2,10,150,58,0.0
193,2,10,150,58,0.0
194,2,10,150,58,0.12698941281405
195,2,10,150,58,0.04606861224913365
196,2,10,150,58,0.04485361187694993
197,2,10,150,58,0.12309687790081901
198,2,10,150,58,0.028186415745733433
199,2,10,150,58,0.2529427027676571
200,2,10,150,58,0.2272611513844169
201,2,10,150,58,0.10370691415453942
202,2,10,150,58,0.27487633291429087
203,2,10,150,58,0.10238606821339166
204,2,10,150,58,0.0
205,2,10,150,58,0.1465996756793884
206,2,10,150,58,0.028694189013458257
207,2,10,150,58,0.030985321698376773
208,2,10,150,58,0.05919139647768146
209,2,10,150,58,0.0
210,2,10,150,58,0.18937175954951105
211,2,10,150,58,0.0
212,2,10,150,58,0.11738002835756964
213,2,10,150,58,0.1299248558445059
214,2,10,150,58,0.20576627669258005
215,2,10,150,58,0.11433722369502479
216,2,10,150,58,0.14425650580287722
217,2,10,150,58,0.10298663607405599
218,2,10,150,58,0.1023482199458735
219,2,10,150,58,0.0
220,2,10,150,58,0.0
221,2,10,150,58,0.10144613070733857
222,2,10,150,58,0.10389296281619367
223,2,10,150,58,0.0
224,2,10,150,58,0.029996736818897345
225,2,10,150,58,0.0
226,2,10,150,58,0.10111769293645066
227,2,10,150,58,0.0947812167140767
228,2,10,150,58,0.0
229,2,10,150,58,0.0
230,2,10,150,58,0.28189806324722205
231,2,10,150,58,0.3903800499921017
232,2,10,150,58,0.11605494365670165
233,2,10,150,58,0.13212972170856394
234,2,10,150,58,0.12402651161721363
235,2,10,150,58,0.1075070751982482
236,2,10,150,58,0.1252769156245644
237,2,10,150,58,0.24655736878982118
238,2,10,150,58,0.0
239,2,10,150,58,0.05752505190825261
240,2,10,150,58,0.0
241,2,10,150,58,0.0
242,2,10,150,58,0.07673373981757839
243,2,10,150,58,0.2568245236714982
244,2,10,150,58,0.1710577597010571
245,2,10,150,58,0.0
246,2,10,150,58,0.11225363383428516
247,2,10,150,58,0.0
248,2,10,150,58,0.14176813152020928
249,2,10,150,58,0.21580604760725444
250,2,10,150,58,0.06611248482408215
251,2,10,150,58,0.10803826056443963
252,2,10,150,58,0.1904168294848087
253,2,10,150,58,0.18852956389601477
254,2,10,150,58,0.228671039402572
255,2,10,150,58,0.024185523485714195
256,2,10,150,58,0.2738527800752222
257,2,10,150,58,0.07766718171217171
258,2,10,150,58,0.0
259,2,10,150,58,0.0
260,2,10,150,58,0.0
261,2,10,150,58,0.0
262,2,10,150,58,0.05887472794707303
263,2,10,150,58,0.112039661883817
264,2,10,150,58,0.07935123938715939
265,2,10,150,58,0.08339602711200374
266,2,10,150,58,0.0
267,2,10,150,58,0.13338816180830973
268,2,10,150,58,0.1729335861897384
269,2,10,150,58,0.10000043090954745
270,2,10,150,58,0.10627471370406062
271,2,10,150,58,0.23707526059974324
272,2,10,150,58,0.33957662813068484
273,2,10,150,58,0.0
274,2,10,150,58,0.05829918151249392
275,2,10,150,58,0.04105877938688906
276,2,10,150,58,0.22971102586285744
277,2,10,150,58,0.0
278,2,10,150,58,0.04305311721683474
279,2,10,150,58,0.25273368066054225
280,2,10,150,58,0.09395743331330102
281,2,10,150,58,0.05516788910004661
282,2,10,150,58,0.0
283,2,10,150,58,0.06286054135527182
284,2,10,150,58,0.0
285,2,10,150,58,0.15002687789384317
286,2,10,150,58,0.12210510498771328
287,2,10,150,58,0.11853073131207159
288,2,10,150,58,0.11495116807881998
289,2,10,150,58,0.06510475888148554
290,2,10,150,58,0.09449357188080848
291,2,10,150,58,0.19050752131190235
292,2,10,150,58,0.3500155663296135
293,2,10,150,58,0.15834028709869866
294,2,10,150,58,0.05942233668176323
295,2,10,150,58,0.14657047328306805
296,2,10,150,58,0.08921274081617625
297,2,10,150,58,0.09088045312208184
298,2,10,150,58,0.37579851912953594
299,2,10,150,58,0.06018052805940428
300,2,10,150,58,0.0
301,2,10,150,58,0.13829393541039597
302,2,10,150,58,0.0
303,2,10,150,58,0.3924871592178265
304,2,10,150,58,0.09811693595042764
305,2,10,150,58,0.15377587171217844
306,2,10,150,58,0.07286537763060504
307,2,10,150,58,0.15107571592228533
308,2,10,150,58,0.1428141370471739
309,2,10,150,58,0.0
310,2,10,150,58,0.0
311,2,10,150,58,0.27938607212604954
312,2,10,150,58,0.09760956595245296
313,2,10,150,58,0.24664539789615877
314,2,10,150,58,0.11999594538090792
315,2,10,150,58,0.15734607654320276
316,2,10,150,58,0.17644602782123026
317,2,10,150,58,0.0
318,2,10,150,58,0.11809408464566347
319,2,10,150,58,0.0
320,2,10,150,58,0.04539294738377069
321,2,10,150,58,0.12530728980532893
322,2,10,150,58,0.35190394711189377
323,2,10,150,58,0.028361369701356044
324,2,10,150,58,0.04342547274117719
325,2,10,150,58,0.0811231025632827
326,2,10,150,58,0.14774251547484274
327,2,10,150,58,0.03586716393611122
328,2,10,150,58,0.15971219061439157
329,2,10,150,58,0.0
330,2,10,150,58,0.10418719913926942
331,2,10,150,58,0.05427266504401326
332,2,10,150,58,0.18967146462948598
333,2,10,150,58,0.05206745415870339
334,2,10,150,58,0.1403353679313744
335,2,10,150,58,0.0
336,2,10,150,58,0.11501232379588432
337,2,10,150,58,0.10934082156401825
338,2,10,150,58,0.12065326649027912
339,2,10,150,58,0.3069080899915479
340,2,10,150,58,0.17896552649342137
341,2,10,150,58,0.0
342,2,10,150,58,0.21525303352728303
343,2,10,150,58,0.30544768255216564
344,2,10,150,58,0.1523980172868318
345,2,10,150,58,0.10686772084589051
346,2,10,150,58,0.2466974013593724
347,2,10,150,58,0.19318603337387616
348,2,10,150,58,0.0
349,2,10,150,58,0.163169180413793
350,2,10,150,58,0.18939048055890495
351,2,10,150,58,0.1610216634970071
352,2,10,150,58,0.2770988445296086
353,2,10,150,58,0.0
354,2,10,150,58,0.10233828198633993
355,2,10,150,58,0.0
356,2,10,150,58,0.10061931714936387
357,2,10,150,58,0.1023343164960757
358,2,10,150,58,0.0
359,2,10,150,58,0.0
360,2,10,150,58,0.22728151171982378
361,2,10,150,58,0.09888240087940003
362,2,10,150,58,0.04690797720830594
363,2,10,150,58,0.21938912559852342
364,2,10,150,58,0.0
365,2,10,150,58,0.0
366,2,10,150,58,0.050143326786652107
367,2,10,150,58,0.02784010103665015
368,2,10,150,58,0.06788053752288492
369,2,10,150,58,0.21386152848601384
370,2,10,150,58,0.0957000625269241
371,2,10,150,58,0.06330961329622671
372,2,10,150,58,0.08461341886182785
373,2,10,150,58,0.12786107750950604
374,2,10,150,58,0.18864626432472523
375,2,10,150,58,0.1676614286651071
376,2,10,150,58,0.038925970325304815
377,2,10,150,58,0.3067552645565975
378,2,10,150,58,0.05722333449496421
379,2,10,150,58,0.2185184617311961
380,2,10,150,58,0.0590647057138947
381,2,10,150,58,0.12158230198340733
382,2,10,150,58,0.14582500956521116
383,2,10,150,58,0.05181989685583115
384,2,10,150,58,0.0
385,2,10,150,58,0.17671126223787098
386,2,10,150,58,0.0
387,2,10,150,58,0.17324559342264725
388,2,10,150,58,0.03275673003454543
389,2,10,150,58,0.2756484130414974
390,2,10,150,58,0.10466779365752882
391,2,10,150,58,0.18344326580289438
392,2,10,150,58,0.07337793977968886
393,2,10,150,58,0.049103801159307035
394,2,10,150,58,0.21121912838943427
395,2,10,150,58,0.06520401471200078
396,2,10,150,58,0.08006506288147622
397,2,10,150,58,0.19945281121976402
398,2,10,150,58,0.12633080592181342
399,2,10,150,58,0.023344612256148773
400,2,10,150,58,0.0
401,2,10,150,58,0.0
402,2,10,150,58,0.1798991830195577
403,2,10,150,58,0.21342888353269066
404,2,10,150,58,0.0
405,2,10,150,58,0.22480658328652806
406,2,10,150,58,0.2689780723664772
407,2,10,150,58,0.09096771127680245
408,2,10,150,58,0.08490303813485527
409,2,10,150,58,0.17534544588690706
410,2,10,150,58,0.1510508871592243
411,2,10,150,58,0.13359023741301432
412,2,10,150,58,0.041062015509212284
413,2,10,150,58,0.19475935863737628
414,2,10,150,58,0.04690797720830594
415,2,10,150,58,0.15582818336744758
416,2,10,150,58,0.4895502952306305
417,2,10,150,58,0.2993234197489895
418,2,10,150,58,0.05130633033097092
419,2,10,150,58,0.09817896789964464
420,2,10,150,58,0.13011860784218718
421,2,10,150,58,0.3102692669240346
422,2,10,150,58,0.0654076987556055
423,2,10,150,58,0.0
424,2,10,150,58,0.039270700903099615
425,2,10,150,58,0.055083686057188906
426,2,10,150,58,0.03206656709567107
427,2,10,150,58,0.0
428,2,10,150,58,0.09545062073374358
429,2,10,150,58,0.275464850705865
430,2,10,150,58,0.17441334704295655
431,2,10,150,58,0.0
432,2,10,150,58,0.08980230529700303
433,2,10,150,58,0.10047622221317463
434,2,10,150,58,0.21435951014939544
435,2,10,150,58,0.355546692132541
436,2,10,150,58,0.08073573433990566
437,2,10,150,58,0.264106239345891
438,2,10,150,58,0.11342455428465782
439,2,10,150,58,0.0
440,2,10,150,58,0.032014847745354055
441,2,10,150,58,0.1731866333482261
442,2,10,150,58,0.04062732041938225
443,2,10,150,58,0.0
444,2,10,150,58,0.0796221118108625
445,2,10,150,58,0.02881080092108056
446,2,10,150,58,0.13356958453958645
447,2,10,150,58,0.055923854163236565
448,2,10,150,58,0.024952538365330408
449,2,10,150,58,0.10848432672679821
450,2,10,150,58,0.5089109903019509
451,2,10,150,58,0.05163551141839463
452,2,10,150,58,0.18735417297085152
453,2,10,150,58,0.10293162820628929
454,2,10,150,58,0.0
455,2,10,150,58,0.09328630760954414
456,2,10,150,58,0.09498039276611696
457,2,10,150,58,0.5231730894708184
458,2,10,150,58,0.2786590109519957
459,2,10,150,58,0.20154342782727996
460,2,10,150,58,0.07041837375515932
461,2,10,150,58,0.035550340982103974
462,2,10,150,58,0.18564976427020158
463,2,10,150,58,0.22140949171632107
464,2,10,150,58,0.04588955997351025
465,2,10,150,58,0.10783006935442738
466,2,10,150,58,0.12816210679182038
467,2,10,150,58,0.09300532025926726
468,2,10,150,58,0.2251680421687017
469,2,10,150,58,0.05651614765972419
470,2,10,150,58,0.04760723841253984
471,2,10,150,58,0.0
472,2,10,150,58,0.23373485392424953
473,2,10,150,58,0.2622744659873325
474,2,10,150,58,0.43776573515972667
475,2,10,150,58,0.07311683844390994
476,2,10,150,58,0.021791008948563714
477,2,10,150,58,0.07075576072108061
478,2,10,150,58,0.10595638300675868
479,2,10,150,58,0.2159019460352624
480,2,10,150,58,0.15920120556239784
481,2,10,150,58,0.048705796110663196
482,2,10,150,58,0.04290887548434951
483,2,10,150,58,0.0273055648695642
484,2,10,150,58,0.19013113954818187
485,2,10,150,58,0.036556008482007775
486,2,10,150,58,0.020244318861846244
487,2,10,150,58,0.3350660000155976
488,2,10,150,58,0.0
489,2,10,150,58,0.0
490,2,10,150,58,0.11630686983226163
491,2,10,150,58,0.03859643636257609
492,2,10,150,58,0.1338895448360617
493,2,10,150,58,0.19452749719224693
494,2,10,150,58,0.08596118914843212
495,2,10,150,58,0.17713118524575325
496,2,10,150,58,0.023205371908120297
497,2,10,150,58,0.1295944389109037
498,2,10,150,58,0.07445607027916852
499,2,10,150,58,0.09250894728958106
500,2,10,150,58,0.16991975673251067
501,2,10,150,58,0.02184231145035861
502,2,10,150,58,0.06689893193796337
503,2,10,150,58,0.1417689362196019
504,2,10,150,58,0.1371218595329756
505,2,10,150,58,0.05688647497208646
506,2,10,150,58,0.134657068226847
507,2,10,150,58,0.0
508,2,10,150,58,0.20345924618307185
509,2,10,150,58,0.0
510,2,10,150,58,0.0
511,2,10,150,58,0.0
512,2,10,150,58,0.08364069030518707
513,2,10,150,58,0.0600937008083393
514,2,10,150,58,0.16578726587197626
515,2,10,150,58,0.034743705427429224
516,2,10,150,58,0.1340330647732781
517,2,10,150,58,0.07931777113368761
518,2,10,150,58,0.1271756500386261
519,2,10,150,58,0.0798825964218217
520,2,10,150,58,0.0
521,2,10,150,58,0.0
522,2,10,150,58,0.0559167101555819
523,2,10,150,58,0.21950613822622128
524,2,10,150,58,0.12777578761812594
525,2,10,150,58,0.0
526,2,10,150,58,0.02505758835695044
527,2,10,150,58,0.327184217314024
528,2,10,150,58,0.17766119401073668
529,2,10,150,58,0.0
530,2,10,150,58,0.03067046672709443
531,2,10,150,58,0.0
532,2,10,150,58,0.09214899076142714
533,2,10,150,58,0.036163251462791514
534,2,10,150,58,0.024909303741335254
535,2,10,150,58,0.23377361633756744
536,2,10,150,58,0.16340884055250954
537,2,10,150,58,0.4704118504586206
538,2,10,150,58,0.032394594743117074
539,2,10,150,58,0.09953437200841515
540,2,10,150,58,0.0
541,2,10,150,58,0.06833564325125971
542,2,10,150,58,0.07797598981103891
543,2,10,150,58,0.03725364202376381
544,2,10,150,58,0.0
545,2,10,150,58,0.060216826583478454
546,2,10,150,58,0.03314153504336938
547,2,10,150,58,0.04855455745827926
548,2,10,150,58,0.03883106019841818
549,2,10,150,58,0.0
550,2,10,150,58,0.0
551,2,10,150,58,0.23952593220375762
552,2,10,150,58,0.048059443651065493
553,2,10,150,58,0.13317167485931308
554,2,10,150,58,0.07041837375515932
555,2,10,150,58,0.06932393791073393
556,2,10,150,58,0.16258997327839542
557,2,10,150,58,0.04470486007704452
558,2,10,150,58,0.265053101293003
559,2,10,150,58,0.08620000398338708
560,2,10,150,58,0.028567598460307132
561,2,10,150,58,0.09297729800732413
562,2,10,150,58,0.07720150835011791
563,2,10,150,58,0.0
564,2,10,150,58,0.0
565,2,10,150,58,0.28663011782160785
566,2,10,150,58,0.03548242894850303
567,2,10,150,58,0.04359722747499328
568,2,10,150,58,0.0
569,2,10,150,58,0.17563954439010937
570,2,10,150,58,0.0
571,2,10,150,58,0.0
572,2,10,150,58,0.0
573,2,10,150,58,0.03246641181906899
574,2,10,150,58,0.05058854055353143
575,2,10,150,58,0.05154847002173459
576,2,10,150,58,0.0
577,2,10,150,58,0.0784247757209491
578,2,10,150,58,0.0
579,2,10,150,58,0.08297540479108526
580,2,10,150,58,0.18080124080515705
581,2,10,150,58,0.0
582,2,10,150,58,0.0437514209980628
583,2,10,150,58,0.0
584,2,10,150,58,0.0
585,2,10,150,58,0.08668163308546498
586,2,10,150,58,0.10132509239867551
587,2,10,150,58,0.03459392809572638
588,2,10,150,58,0.037573347678695114
589,2,10,150,58,0.0336639187988199
590,2,10,150,58,0.06139304560474655
591,2,10,150,58,0.0
592,2,10,150,58,0.32890586413788625
593,2,10,150,58,0.04586709436300111
594,2,10,150,58,0.0
595,2,10,150,58,0.0
596,2,10,150,58,0.0
597,2,10,150,58,0.0
598,2,10,150,58,0.0
599,2,10,150,58,0.0
600,2,10,150,58,0.024325165853816375
601,2,10,150,58,0.03369782041898502
602,2,10,150,58,0.0
603,2,10,150,58,0.1435203717549576
604,2,10,150,58,0.0
605,2,10,150,58,0.2645541144793553
606,2,10,150,58,0.23204083039530643
607,2,10,150,58,0.08440880858250024
608,2,10,150,58,0.2120992422792938
609,2,10,150,58,0.0
610,2,10,150,58,0.1629867900167321
611,2,10,150,58,0.08045389590462838
612,2,10,150,58,0.15130120674940672
613,2,10,150,58,0.0
614,2,10,150,58,0.046614515546531544
615,2,10,150,58,0.12047971762374059
616,2,10,150,58,0.0
617,2,10,150,58,0.044257815106106525
618,2,10,150,58,0.18766481803906507
619,2,10,150,58,0.09637551974188778
620,2,10,150,58,0.08396948777462541
621,2,10,150,58,0.06335388063984314
622,2,10,150,58,0.12980296240199146
623,2,10,150,58,0.0
624,2,10,150,58,0.0536466452928127
625,2,10,150,58,0.0
626,2,10,150,58,0.0
627,2,10,150,58,0.0
628,2,10,150,58,0.0
629,2,10,150,58,0.2466228630593721
630,2,10,150,58,0.0
631,2,10,150,58,0.16868725245403154
632,2,10,150,58,0.13439570003165963
633,2,10,150,58,0.07667481399289292
634,2,10,150,58,0.030975021478781034
635,2,10,150,58,0.0
636,2,10,150,58,0.0
637,2,10,150,58,0.0
638,2,10,150,58,0.0
639,2,10,150,58,0.0
640,2,10,150,58,0.040655755922716606
642,2,10,150,58,0.11431346864321287
643,2,10,150,58,0.0
644,2,10,150,58,0.0
645,2,10,150,58,0.09759501249802542
647,2,10,150,58,0.0
648,2,10,150,58,0.18159464350583557
649,2,10,150,58,1.0
650,2,10,150,58,0.0
651,2,10,150,58,0.0
653,2,10,150,58,0.0
654,2,10,150,58,0.058087171966128066
655,2,10,150,58,0.11621678240839849
658,2,10,150,58,0.0
1,2,10,150,59,0.5343723497595074
2,2,10,150,59,0.2268511698743587
3,2,10,150,59,0.03098598178059488
4,2,10,150,59,0.06166887310869151
5,2,10,150,59,0.12620564628865164
6,2,10,150,59,0.17961772474519622
7,2,10,150,59,0.32209975855315437
8,2,10,150,59,0.06653535276206901
9,2,10,150,59,0.0
10,2,10,150,59,0.1898407915550228
11,2,10,150,59,0.10464473261331256
12,2,10,150,59,0.0
13,2,10,150,59,0.3586302594240252
14,2,10,150,59,0.12939622934497527
15,2,10,150,59,0.01616702920033762
16,2,10,150,59,0.2491367253726175
17,2,10,150,59,0.052106753859569234
18,2,10,150,59,0.22499174600308233
19,2,10,150,59,0.0
20,2,10,150,59,0.031742154565302834
21,2,10,150,59,0.0
22,2,10,150,59,0.034048751153008455
23,2,10,150,59,0.21391710343217823
24,2,10,150,59,0.08491010262674986
25,2,10,150,59,0.0
26,2,10,150,59,0.11161048176369433
27,2,10,150,59,0.0
28,2,10,150,59,0.1358023930187833
29,2,10,150,59,0.0
30,2,10,150,59,0.0
31,2,10,150,59,0.046287481291184845
32,2,10,150,59,0.11781210270929884
33,2,10,150,59,0.0
34,2,10,150,59,0.07239559903187814
35,2,10,150,59,0.0
36,2,10,150,59,0.0
37,2,10,150,59,0.0
38,2,10,150,59,0.0431945145179045
39,2,10,150,59,0.15820890896021753
40,2,10,150,59,0.2212397779175911
41,2,10,150,59,0.0
42,2,10,150,59,0.17084502871918114
43,2,10,150,59,0.09662598732799078
44,2,10,150,59,0.1565413821318793
45,2,10,150,59,0.0
46,2,10,150,59,0.10684080426179023
47,2,10,150,59,0.057417722536754784
48,2,10,150,59,0.14096272947842173
49,2,10,150,59,0.04407878495393109
50,2,10,150,59,0.046726672111120165
51,2,10,150,59,0.07984133538066794
52,2,10,150,59,0.028947056565878558
53,2,10,150,59,0.12810519548676028
54,2,10,150,59,0.047934103497110726
55,2,10,150,59,0.0
56,2,10,150,59,0.22047893971599028
57,2,10,150,59,0.0524456916588361
58,2,10,150,59,0.1475963700947612
59,2,10,150,59,0.3664588864249404
60,2,10,150,59,0.20804246742374108
61,2,10,150,59,0.06416923277158361
62,2,10,150,59,0.18160332589227857
63,2,10,150,59,0.0763437499438357
64,2,10,150,59,0.04583023181159601
65,2,10,150,59,0.18154179097601578
66,2,10,150,59,0.12995427111679475
67,2,10,150,59,0.24630238874073
68,2,10,150,59,0.04358896759704514
69,2,10,150,59,0.10495938403254562
70,2,10,150,59,0.03155184951131585
71,2,10,150,59,0.04416548762473651
72,2,10,150,59,0.28907547922366217
73,2,10,150,59,0.26386730550459286
74,2,10,150,59,0.17342765698823945
75,2,10,150,59,0.16021137204676433
76,2,10,150,59,0.21046795809065558
77,2,10,150,59,0.096890966577576
78,2,10,150,59,0.0
79,2,10,150,59,0.08508236880273473
80,2,10,150,59,0.1744476820873323
81,2,10,150,59,0.0
82,2,10,150,59,0.03364053685802635
83,2,10,150,59,0.046841820324159865
84,2,10,150,59,0.029136604147144557
85,2,10,150,59,0.22201697990328334
86,2,10,150,59,0.07028063830038406
87,2,10,150,59,0.19384373929491494
88,2,10,150,59,0.06294571929989644
89,2,10,150,59,0.20794910905763014
90,2,10,150,59,0.16044133214570436
91,2,10,150,59,0.07054411138080068
92,2,10,150,59,0.13402574090738445
93,2,10,150,59,0.0
94,2,10,150,59,0.288281940342394
95,2,10,150,59,0.1433535121147627
96,2,10,150,59,0.21467501364182343
97,2,10,150,59,0.2065666702851524
98,2,10,150,59,0.0
99,2,10,150,59,0.11936163195678119
100,2,10,150,59,0.0
101,2,10,150,59,0.0
102,2,10,150,59,0.05671879843401278
103,2,10,150,59,0.04579340374561851
104,2,10,150,59,0.0
105,2,10,150,59,0.0
106,2,10,150,59,0.0
107,2,10,150,59,0.0
108,2,10,150,59,0.04485361187694993
109,2,10,150,59,0.19238096197569785
110,2,10,150,59,0.037578324799282276
111,2,10,150,59,0.09077089626867633
112,2,10,150,59,0.0
113,2,10,150,59,0.178509607681865
114,2,10,150,59,0.02951022367272685
115,2,10,150,59,0.1737092330727855
116,2,10,150,59,0.026497157492079246
117,2,10,150,59,0.027016499607835556
118,2,10,150,59,0.15599061619059726
119,2,10,150,59,0.15212875834435738
120,2,10,150,59,0.361879195385413
121,2,10,150,59,0.115269333086109
122,2,10,150,59,0.1467899073100297
123,2,10,150,59,0.12990556389377814
124,2,10,150,59,0.18903749859471425
125,2,10,150,59,0.1656817885548098
126,2,10,150,59,0.0
127,2,10,150,59,0.12503310750358904
128,2,10,150,59,0.04616148092938704
129,2,10,150,59,0.0
130,2,10,150,59,0.11341828739659172
131,2,10,150,59,0.36227735599025207
132,2,10,150,59,0.12643913909707097
133,2,10,150,59,0.0
134,2,10,150,59,0.0
135,2,10,150,59,0.0
136,2,10,150,59,0.10426492517868997
137,2,10,150,59,0.06049988016540081
138,2,10,150,59,0.10332949630181452
139,2,10,150,59,0.05165643482805862
140,2,10,150,59,0.0
141,2,10,150,59,0.12556328258692692
142,2,10,150,59,0.0
143,2,10,150,59,0.06882065896991112
144,2,10,150,59,0.16664156206392014
145,2,10,150,59,0.09401194487044541
146,2,10,150,59,0.0
147,2,10,150,59,0.06664071636913875
148,2,10,150,59,0.08790431357288034
149,2,10,150,59,0.10486881530019958
150,2,10,150,59,0.0
151,2,10,150,59,0.2336220598250295
152,2,10,150,59,0.04019832975607886
153,2,10,150,59,0.071942683897578
154,2,10,150,59,0.08491065065836505
155,2,10,150,59,0.0
156,2,10,150,59,0.06437746926759551
157,2,10,150,59,0.06857646087959317
158,2,10,150,59,0.15911711737987416
159,2,10,150,59,0.024782300799839303
160,2,10,150,59,0.11705084481334227
161,2,10,150,59,0.0
162,2,10,150,59,0.0
163,2,10,150,59,0.0
164,2,10,150,59,0.029649957429587842
165,2,10,150,59,0.0
166,2,10,150,59,0.06175696970122604
167,2,10,150,59,0.040419659112753054
168,2,10,150,59,0.0641665753731138
169,2,10,150,59,0.03870447337439288
170,2,10,150,59,0.0
171,2,10,150,59,0.0
172,2,10,150,59,0.08232325035020067
173,2,10,150,59,0.0375712667011285
174,2,10,150,59,0.2079709640818112
175,2,10,150,59,0.22732566419594713
176,2,10,150,59,0.0
177,2,10,150,59,0.3152442026717657
178,2,10,150,59,0.17668962287494838
179,2,10,150,59,0.054384419234677496
180,2,10,150,59,0.08391511424653819
181,2,10,150,59,0.0446430295380423
182,2,10,150,59,0.05005165434923901
183,2,10,150,59,0.0
184,2,10,150,59,0.1527096096426119
185,2,10,150,59,0.0
186,2,10,150,59,0.05478814761334652
187,2,10,150,59,0.14023428091042053
188,2,10,150,59,0.29205722210115026
189,2,10,150,59,0.16847153959177952
190,2,10,150,59,0.025938546612492997
191,2,10,150,59,0.0
192,2,10,150,59,0.0
193,2,10,150,59,0.0
194,2,10,150,59,0.12550143084122067
195,2,10,150,59,0.04606861224913365
196,2,10,150,59,0.04485361187694993
197,2,10,150,59,0.12309687790081901
198,2,10,150,59,0.028186415745733433
199,2,10,150,59,0.2529427027676571
200,2,10,150,59,0.2272611513844169
201,2,10,150,59,0.10249174183977587
202,2,10,150,59,0.27487633291429087
203,2,10,150,59,0.10238606821339166
204,2,10,150,59,0.0
205,2,10,150,59,0.1465996756793884
206,2,10,150,59,0.028694189013458257
207,2,10,150,59,0.04233962550030984
208,2,10,150,59,0.05919139647768146
209,2,10,150,59,0.0
210,2,10,150,59,0.18937175954951105
211,2,10,150,59,0.0
212,2,10,150,59,0.11738002835756964
213,2,10,150,59,0.1299248558445059
214,2,10,150,59,0.20576627669258005
215,2,10,150,59,0.11433722369502479
216,2,10,150,59,0.14425650580287722
217,2,10,150,59,0.10298663607405599
218,2,10,150,59,0.1023482199458735
219,2,10,150,59,0.0
220,2,10,150,59,0.0
221,2,10,150,59,0.10144613070733857
222,2,10,150,59,0.1026756105003696
223,2,10,150,59,0.0
224,2,10,150,59,0.029996736818897345
225,2,10,150,59,0.0
226,2,10,150,59,0.10111769293645066
227,2,10,150,59,0.0947812167140767
228,2,10,150,59,0.0
229,2,10,150,59,0.0
230,2,10,150,59,0.28189806324722205
231,2,10,150,59,0.3903800499921017
232,2,10,150,59,0.11605494365670165
233,2,10,150,59,0.13212972170856394
234,2,10,150,59,0.1225732470548398
235,2,10,150,59,0.1075070751982482
236,2,10,150,59,0.1252769156245644
237,2,10,150,59,0.24655736878982118
238,2,10,150,59,0.0
239,2,10,150,59,0.05752505190825261
240,2,10,150,59,0.0
241,2,10,150,59,0.0
242,2,10,150,59,0.07673373981757839
243,2,10,150,59,0.2568245236714982
244,2,10,150,59,0.1710577597010571
245,2,10,150,59,0.0
246,2,10,150,59,0.11225363383428516
247,2,10,150,59,0.0
248,2,10,150,59,0.14176813152020928
249,2,10,150,59,0.21580604760725444
250,2,10,150,59,0.06611248482408215
251,2,10,150,59,0.10803826056443963
252,2,10,150,59,0.1904168294848087
253,2,10,150,59,0.18852956389601477
254,2,10,150,59,0.228671039402572
255,2,10,150,59,0.024185523485714195
256,2,10,150,59,0.2738527800752222
257,2,10,150,59,0.07766718171217171
258,2,10,150,59,0.0
259,2,10,150,59,0.0
260,2,10,150,59,0.0
261,2,10,150,59,0.0
262,2,10,150,59,0.05887472794707303
263,2,10,150,59,0.112039661883817
264,2,10,150,59,0.07935123938715939
265,2,10,150,59,0.08339602711200374
266,2,10,150,59,0.0
267,2,10,150,59,0.13338816180830973
268,2,10,150,59,0.17090725932480633
269,2,10,150,59,0.09882868883143849
270,2,10,150,59,0.10627471370406062
271,2,10,150,59,0.23429736198473994
272,2,10,150,59,0.33957662813068484
273,2,10,150,59,0.0
274,2,10,150,59,0.05829918151249392
275,2,10,150,59,0.04105877938688906
276,2,10,150,59,0.22701941671316742
277,2,10,150,59,0.0
278,2,10,150,59,0.04305311721683474
279,2,10,150,59,0.24977230653953297
280,2,10,150,59,0.09285649927568779
281,2,10,150,59,0.05516788910004661
282,2,10,150,59,0.0
283,2,10,150,59,0.06286054135527182
284,2,10,150,59,0.0
285,2,10,150,59,0.15002687789384317
286,2,10,150,59,0.12067435425829462
287,2,10,150,59,0.11853073131207159
288,2,10,150,59,0.11495116807881998
289,2,10,150,59,0.06510475888148554
290,2,10,150,59,0.09449357188080848
291,2,10,150,59,0.1882752741416946
292,2,10,150,59,0.3713936936921286
293,2,10,150,59,0.16820232561278864
294,2,10,150,59,0.05942233668176323
295,2,10,150,59,0.14657047328306805
296,2,10,150,59,0.08921274081617625
297,2,10,150,59,0.09088045312208184
298,2,10,150,59,0.37579851912953594
299,2,10,150,59,0.0594753705278952
300,2,10,150,59,0.0
301,2,10,150,59,0.1366734941603556
302,2,10,150,59,0.0
303,2,10,150,59,0.38788824183927084
304,2,10,150,59,0.09811693595042764
305,2,10,150,59,0.15377587171217844
306,2,10,150,59,0.07286537763060504
307,2,10,150,59,0.15107571592228533
308,2,10,150,59,0.14114073092077076
309,2,10,150,59,0.0
310,2,10,150,59,0.0
311,2,10,150,59,0.28782977235495183
312,2,10,150,59,0.09646583852435925
313,2,10,150,59,0.24375536243872892
314,2,10,150,59,0.11858990845560254
315,2,10,150,59,0.15734607654320276
316,2,10,150,59,0.17644602782123026
317,2,10,150,59,0.0
318,2,10,150,59,0.11809408464566347
319,2,10,150,59,0.0
320,2,10,150,59,0.04539294738377069
321,2,10,150,59,0.12530728980532893
322,2,10,150,59,0.35190394711189377
323,2,10,150,59,0.028361369701356044
324,2,10,150,59,0.04342547274117719
325,2,10,150,59,0.0811231025632827
326,2,10,150,59,0.14774251547484274
327,2,10,150,59,0.047164265384848254
328,2,10,150,59,0.15784078373716406
329,2,10,150,59,0.0
330,2,10,150,59,0.10418719913926942
331,2,10,150,59,0.05427266504401326
332,2,10,150,59,0.18967146462948598
333,2,10,150,59,0.05206745415870339
334,2,10,150,59,0.13869100646056404
335,2,10,150,59,0.0
336,2,10,150,59,0.11501232379588432
337,2,10,150,59,0.10934082156401825
338,2,10,150,59,0.12065326649027912
339,2,10,150,59,0.31502930454599704
340,2,10,150,59,0.17896552649342137
341,2,10,150,59,0.0
342,2,10,150,59,0.21525303352728303
343,2,10,150,59,0.3018686389515338
344,2,10,150,59,0.1523980172868318
345,2,10,150,59,0.10686772084589051
346,2,10,150,59,0.24380675655810774
347,2,10,150,59,0.19318603337387616
348,2,10,150,59,0.0
349,2,10,150,59,0.163169180413793
350,2,10,150,59,0.18939048055890495
351,2,10,150,59,0.1610216634970071
352,2,10,150,59,0.2770988445296086
353,2,10,150,59,0.0
354,2,10,150,59,0.10113914644148174
355,2,10,150,59,0.0
356,2,10,150,59,0.10061931714936387
357,2,10,150,59,0.1023343164960757
358,2,10,150,59,0.0
359,2,10,150,59,0.0
360,2,10,150,59,0.22728151171982378
361,2,10,150,59,0.09888240087940003
362,2,10,150,59,0.04690797720830594
363,2,10,150,59,0.2168184619763252
364,2,10,150,59,0.0
365,2,10,150,59,0.0
366,2,10,150,59,0.050143326786652107
367,2,10,150,59,0.02784010103665015
368,2,10,150,59,0.06788053752288492
369,2,10,150,59,0.21386152848601384
370,2,10,150,59,0.0957000625269241
371,2,10,150,59,0.06330961329622671
372,2,10,150,59,0.08461341886182785
373,2,10,150,59,0.12636288191867148
374,2,10,150,59,0.18643582619184074
375,2,10,150,59,0.1676614286651071
376,2,10,150,59,0.07216815292900357
377,2,10,150,59,0.3067552645565975
378,2,10,150,59,0.056552827495468354
379,2,10,150,59,0.2185184617311961
380,2,10,150,59,0.0590647057138947
381,2,10,150,59,0.12158230198340733
382,2,10,150,59,0.14582500956521116
383,2,10,150,59,0.05181989685583115
384,2,10,150,59,0.0
385,2,10,150,59,0.17464067094384797
386,2,10,150,59,0.0
387,2,10,150,59,0.1712156106534341
388,2,10,150,59,0.03275673003454543
389,2,10,150,59,0.2841359088059105
390,2,10,150,59,0.10466779365752882
391,2,10,150,59,0.18344326580289438
392,2,10,150,59,0.09006573473175804
393,2,10,150,59,0.060245804028307835
394,2,10,150,59,0.20874419564980176
395,2,10,150,59,0.06520401471200078
396,2,10,150,59,0.08006506288147622
397,2,10,150,59,0.19945281121976402
398,2,10,150,59,0.12633080592181342
399,2,10,150,59,0.023071074790071155
400,2,10,150,59,0.0
401,2,10,150,59,0.0
402,2,10,150,59,0.1798991830195577
403,2,10,150,59,0.21342888353269066
404,2,10,150,59,0.0
405,2,10,150,59,0.22217244130657005
406,2,10,150,59,0.26582635669271654
407,2,10,150,59,0.08990180891935451
408,2,10,150,59,0.08490303813485527
409,2,10,150,59,0.1732908583688162
410,2,10,150,59,0.1510508871592243
411,2,10,150,59,0.13359023741301432
412,2,10,150,59,0.041062015509212284
413,2,10,150,59,0.19475935863737628
414,2,10,150,59,0.04690797720830594
415,2,10,150,59,0.15582818336744758
416,2,10,150,59,0.4955314234357436
417,2,10,150,59,0.29581613640337473
418,2,10,150,59,0.05130633033097092
419,2,10,150,59,0.09817896789964464
420,2,10,150,59,0.13011860784218718
421,2,10,150,59,0.3102692669240346
422,2,10,150,59,0.0654076987556055
423,2,10,150,59,0.0
424,2,10,150,59,0.039270700903099615
425,2,10,150,59,0.0544382501107285
426,2,10,150,59,0.03206656709567107
427,2,10,150,59,0.0
428,2,10,150,59,0.09545062073374358
429,2,10,150,59,0.27223712704831377
430,2,10,150,59,0.17441334704295655
431,2,10,150,59,0.0
432,2,10,150,59,0.08980230529700303
433,2,10,150,59,0.10047622221317463
434,2,10,150,59,0.21435951014939544
435,2,10,150,59,0.3513806198855025
436,2,10,150,59,0.08073573433990566
437,2,10,150,59,0.2610116087436228
438,2,10,150,59,0.11342455428465782
439,2,10,150,59,0.0
440,2,10,150,59,0.032014847745354055
441,2,10,150,59,0.1731866333482261
442,2,10,150,59,0.04062732041938225
443,2,10,150,59,0.0
444,2,10,150,59,0.0796221118108625
445,2,10,150,59,0.02881080092108056
446,2,10,150,59,0.13356958453958645
447,2,10,150,59,0.055923854163236565
448,2,10,150,59,0.024952538365330408
449,2,10,150,59,0.10848432672679821
450,2,10,150,59,0.514665262073845
451,2,10,150,59,0.05163551141839463
452,2,10,150,59,0.19687624504063084
453,2,10,150,59,0.10172554020406188
454,2,10,150,59,0.0
455,2,10,150,59,0.09219323740031285
456,2,10,150,59,0.09386747233380362
457,2,10,150,59,0.5170428766558186
458,2,10,150,59,0.2753938601360755
459,2,10,150,59,0.20154342782727996
460,2,10,150,59,0.07041837375515932
461,2,10,150,59,0.035550340982103974
462,2,10,150,59,0.18564976427020158
463,2,10,150,59,0.21881515471619958
464,2,10,150,59,0.06726768733602535
465,2,10,150,59,0.10783006935442738
466,2,10,150,59,0.12816210679182038
467,2,10,150,59,0.09300532025926726
468,2,10,150,59,0.22252966484117673
469,2,10,150,59,0.05651614765972419
470,2,10,150,59,0.04760723841253984
471,2,10,150,59,0.0
472,2,10,150,59,0.2427134663810038
473,2,10,150,59,0.2622744659873325
474,2,10,150,59,0.4326362719406639
475,2,10,150,59,0.07311683844390994
476,2,10,150,59,0.021791008948563714
477,2,10,150,59,0.07075576072108061
478,2,10,150,59,0.11890610874526404
479,2,10,150,59,0.213372142987274
480,2,10,150,59,0.15920120556239784
481,2,10,150,59,0.048705796110663196
482,2,10,150,59,0.04290887548434951
483,2,10,150,59,0.0273055648695642
484,2,10,150,59,0.19013113954818187
485,2,10,150,59,0.036556008482007775
486,2,10,150,59,0.02000710868147676
487,2,10,150,59,0.3311399076218853
488,2,10,150,59,0.0
489,2,10,150,59,0.0
490,2,10,150,59,0.11630686983226163
491,2,10,150,59,0.03859643636257609
492,2,10,150,59,0.1338895448360617
493,2,10,150,59,0.20396551676591523
494,2,10,150,59,0.08596118914843212
495,2,10,150,59,0.18677304384817586
496,2,10,150,59,0.023205371908120297
497,2,10,150,59,0.12807593288268287
498,2,10,150,59,0.07358364093338247
499,2,10,150,59,0.09250894728958106
500,2,10,150,59,0.1679287440233193
501,2,10,150,59,0.02184231145035861
502,2,10,150,59,0.06689893193796337
503,2,10,150,59,0.1417689362196019
504,2,10,150,59,0.13551515192999875
505,2,10,150,59,0.05688647497208646
506,2,10,150,59,0.1330792414962912
507,2,10,150,59,0.0
508,2,10,150,59,0.20345924618307185
509,2,10,150,59,0.031611854308622345
510,2,10,150,59,0.0
511,2,10,150,59,0.0
512,2,10,150,59,0.08364069030518707
513,2,10,150,59,0.0600937008083393
514,2,10,150,59,0.16578726587197626
515,2,10,150,59,0.034743705427429224
516,2,10,150,59,0.1340330647732781
517,2,10,150,59,0.07931777113368761
518,2,10,150,59,0.1271756500386261
519,2,10,150,59,0.10560636946921488
520,2,10,150,59,0.0
521,2,10,150,59,0.0
522,2,10,150,59,0.0559167101555819
523,2,10,150,59,0.21950613822622128
524,2,10,150,59,0.12627859140053066
525,2,10,150,59,0.0
526,2,10,150,59,0.02505758835695044
527,2,10,150,59,0.3406799390264829
528,2,10,150,59,0.17766119401073668
529,2,10,150,59,0.0
530,2,10,150,59,0.03067046672709443
531,2,10,150,59,0.0
532,2,10,150,59,0.09106924691484208
533,2,10,150,59,0.035739513254518025
534,2,10,150,59,0.024909303741335254
535,2,10,150,59,0.23103440431094932
536,2,10,150,59,0.16340884055250954
537,2,10,150,59,0.4648998606180765
538,2,10,150,59,0.032394594743117074
539,2,10,150,59,0.09953437200841515
540,2,10,150,59,0.0
541,2,10,150,59,0.06833564325125971
542,2,10,150,59,0.07797598981103891
543,2,10,150,59,0.03725364202376381
544,2,10,150,59,0.0
545,2,10,150,59,0.060216826583478454
546,2,10,150,59,0.03314153504336938
547,2,10,150,59,0.04855455745827926
548,2,10,150,59,0.03883106019841818
549,2,10,150,59,0.0
550,2,10,150,59,0.0
551,2,10,150,59,0.23671931816211134
552,2,10,150,59,0.048059443651065493
553,2,10,150,59,0.13317167485931308
554,2,10,150,59,0.07041837375515932
555,2,10,150,59,0.06932393791073393
556,2,10,150,59,0.16258997327839542
557,2,10,150,59,0.04470486007704452
558,2,10,150,59,0.265053101293003
559,2,10,150,59,0.08620000398338708
560,2,10,150,59,0.028567598460307132
561,2,10,150,59,0.09188784857802515
562,2,10,150,59,0.07720150835011791
563,2,10,150,59,0.0
564,2,10,150,59,0.0
565,2,10,150,59,0.28663011782160785
566,2,10,150,59,0.03548242894850303
567,2,10,150,59,0.04359722747499328
568,2,10,150,59,0.0
569,2,10,150,59,0.17563954439010937
570,2,10,150,59,0.0
571,2,10,150,59,0.0
572,2,10,150,59,0.0
573,2,10,150,59,0.03246641181906899
574,2,10,150,59,0.05058854055353143
575,2,10,150,59,0.05154847002173459
576,2,10,150,59,0.0
577,2,10,150,59,0.0784247757209491
578,2,10,150,59,0.0
579,2,10,150,59,0.08297540479108526
580,2,10,150,59,0.18080124080515705
581,2,10,150,59,0.0
582,2,10,150,59,0.0437514209980628
583,2,10,150,59,0.0
584,2,10,150,59,0.0
585,2,10,150,59,0.08668163308546498
586,2,10,150,59,0.10132509239867551
587,2,10,150,59,0.03459392809572638
588,2,10,150,59,0.037573347678695114
589,2,10,150,59,0.0336639187988199
590,2,10,150,59,0.06139304560474655
591,2,10,150,59,0.0
592,2,10,150,59,0.33676932262711085
593,2,10,150,59,0.04586709436300111
594,2,10,150,59,0.0
595,2,10,150,59,0.0
596,2,10,150,59,0.0
597,2,10,150,59,0.0
598,2,10,150,59,0.0
599,2,10,150,59,0.0
600,2,10,150,59,0.024325165853816375
601,2,10,150,59,0.03369782041898502
602,2,10,150,59,0.0
603,2,10,150,59,0.1435203717549576
604,2,10,150,59,0.0
605,2,10,150,59,0.2645541144793553
606,2,10,150,59,0.23204083039530643
607,2,10,150,59,0.08440880858250024
608,2,10,150,59,0.2120992422792938
609,2,10,150,59,0.0
610,2,10,150,59,0.1629867900167321
611,2,10,150,59,0.08045389590462838
612,2,10,150,59,0.15130120674940672
613,2,10,150,59,0.0
614,2,10,150,59,0.046614515546531544
615,2,10,150,59,0.12047971762374059
616,2,10,150,59,0.0
617,2,10,150,59,0.044257815106106525
618,2,10,150,59,0.18766481803906507
619,2,10,150,59,0.09637551974188778
620,2,10,150,59,0.08396948777462541
621,2,10,150,59,0.06335388063984314
622,2,10,150,59,0.12980296240199146
623,2,10,150,59,0.0
624,2,10,150,59,0.0536466452928127
625,2,10,150,59,0.0
626,2,10,150,59,0.0
627,2,10,150,59,0.0
628,2,10,150,59,0.0
629,2,10,150,59,0.2466228630593721
630,2,10,150,59,0.0
631,2,10,150,59,0.16868725245403154
632,2,10,150,59,0.13439570003165963
633,2,10,150,59,0.07667481399289292
634,2,10,150,59,0.030975021478781034
635,2,10,150,59,0.0
636,2,10,150,59,0.0
637,2,10,150,59,0.0
638,2,10,150,59,0.0
639,2,10,150,59,0.0
640,2,10,150,59,0.040655755922716606
642,2,10,150,59,0.11431346864321287
643,2,10,150,59,0.0
644,2,10,150,59,0.0
645,2,10,150,59,0.09759501249802542
647,2,10,150,59,0.0
648,2,10,150,59,0.18159464350583557
649,2,10,150,59,1.0
650,2,10,150,59,0.0
651,2,10,150,59,0.0
653,2,10,150,59,0.0
654,2,10,150,59,0.058087171966128066
655,2,10,150,59,0.11621678240839849
658,2,10,150,59,0.0
1,2,10,150,60,0.5343723497595074
2,2,10,150,60,0.2268511698743587
3,2,10,150,60,0.03098598178059488
4,2,10,150,60,0.06166887310869151
5,2,10,150,60,0.12620564628865164
6,2,10,150,60,0.17961772474519622
7,2,10,150,60,0.31838413412788436
8,2,10,150,60,0.06653535276206901
9,2,10,150,60,0.0
10,2,10,150,60,0.1898407915550228
11,2,10,150,60,0.10464473261331256
12,2,10,150,60,0.0
13,2,10,150,60,0.3544932325676797
14,2,10,150,60,0.12939622934497527
15,2,10,150,60,0.01616702920033762
16,2,10,150,60,0.2491367253726175
17,2,10,150,60,0.10312948447052589
18,2,10,150,60,0.22239632391804764
19,2,10,150,60,0.0
20,2,10,150,60,0.031742154565302834
21,2,10,150,60,0.0
22,2,10,150,60,0.034048751153008455
23,2,10,150,60,0.21391710343217823
24,2,10,150,60,0.08491010262674986
25,2,10,150,60,0.0
26,2,10,150,60,0.11161048176369433
27,2,10,150,60,0.0
28,2,10,150,60,0.1358023930187833
29,2,10,150,60,0.0
30,2,10,150,60,0.0
31,2,10,150,60,0.046287481291184845
32,2,10,150,60,0.11781210270929884
33,2,10,150,60,0.0
34,2,10,150,60,0.07239559903187814
35,2,10,150,60,0.0
36,2,10,150,60,0.0
37,2,10,150,60,0.0
38,2,10,150,60,0.0431945145179045
39,2,10,150,60,0.15820890896021753
40,2,10,150,60,0.2212397779175911
41,2,10,150,60,0.0
42,2,10,150,60,0.17084502871918114
43,2,10,150,60,0.09662598732799078
44,2,10,150,60,0.1565413821318793
45,2,10,150,60,0.0
46,2,10,150,60,0.10684080426179023
47,2,10,150,60,0.057417722536754784
48,2,10,150,60,0.14096272947842173
49,2,10,150,60,0.04407878495393109
50,2,10,150,60,0.046726672111120165
51,2,10,150,60,0.07984133538066794
52,2,10,150,60,0.028947056565878558
53,2,10,150,60,0.12810519548676028
54,2,10,150,60,0.047934103497110726
55,2,10,150,60,0.0
56,2,10,150,60,0.22047893971599028
57,2,10,150,60,0.0524456916588361
58,2,10,150,60,0.1475963700947612
59,2,10,150,60,0.36223155140496377
60,2,10,150,60,0.2056425659866044
61,2,10,150,60,0.06416923277158361
62,2,10,150,60,0.18160332589227857
63,2,10,150,60,0.0763437499438357
64,2,10,150,60,0.04583023181159601
65,2,10,150,60,0.18154179097601578
66,2,10,150,60,0.12995427111679475
67,2,10,150,60,0.24630238874073
68,2,10,150,60,0.04358896759704514
69,2,10,150,60,0.10495938403254562
70,2,10,150,60,0.03155184951131585
71,2,10,150,60,0.04416548762473651
72,2,10,150,60,0.28907547922366217
73,2,10,150,60,0.26386730550459286
74,2,10,150,60,0.17342765698823945
75,2,10,150,60,0.16021137204676433
76,2,10,150,60,0.21046795809065558
77,2,10,150,60,0.096890966577576
78,2,10,150,60,0.0
79,2,10,150,60,0.08508236880273473
80,2,10,150,60,0.1744476820873323
81,2,10,150,60,0.0
82,2,10,150,60,0.03364053685802635
83,2,10,150,60,0.046841820324159865
84,2,10,150,60,0.029136604147144557
85,2,10,150,60,0.21945587362658558
86,2,10,150,60,0.07028063830038406
87,2,10,150,60,0.19384373929491494
88,2,10,150,60,0.06294571929989644
89,2,10,150,60,0.20794910905763014
90,2,10,150,60,0.1585905399090965
91,2,10,150,60,0.07054411138080068
92,2,10,150,60,0.13247966922211737
93,2,10,150,60,0.0
94,2,10,150,60,0.2849564258380928
95,2,10,150,60,0.14169983868931693
96,2,10,150,60,0.24124578584280335
97,2,10,150,60,0.2065666702851524
98,2,10,150,60,0.0
99,2,10,150,60,0.11936163195678119
100,2,10,150,60,0.0
101,2,10,150,60,0.0
102,2,10,150,60,0.05671879843401278
103,2,10,150,60,0.04579340374561851
104,2,10,150,60,0.0
105,2,10,150,60,0.0
106,2,10,150,60,0.0
107,2,10,150,60,0.0
108,2,10,150,60,0.04485361187694993
109,2,10,150,60,0.19016172590894406
110,2,10,150,60,0.037578324799282276
111,2,10,150,60,0.09077089626867633
112,2,10,150,60,0.0
113,2,10,150,60,0.178509607681865
114,2,10,150,60,0.02951022367272685
115,2,10,150,60,0.1737092330727855
116,2,10,150,60,0.026497157492079246
117,2,10,150,60,0.027016499607835556
118,2,10,150,60,0.15599061619059726
119,2,10,150,60,0.15212875834435738
120,2,10,150,60,0.361879195385413
121,2,10,150,60,0.115269333086109
122,2,10,150,60,0.1467899073100297
123,2,10,150,60,0.12990556389377814
124,2,10,150,60,0.18903749859471425
125,2,10,150,60,0.1656817885548098
126,2,10,150,60,0.0
127,2,10,150,60,0.12503310750358904
128,2,10,150,60,0.04616148092938704
129,2,10,150,60,0.0
130,2,10,150,60,0.11210993572065116
131,2,10,150,60,0.36227735599025207
132,2,10,150,60,0.12643913909707097
133,2,10,150,60,0.0
134,2,10,150,60,0.0
135,2,10,150,60,0.0
136,2,10,150,60,0.10426492517868997
137,2,10,150,60,0.06049988016540081
138,2,10,150,60,0.10332949630181452
139,2,10,150,60,0.05165643482805862
140,2,10,150,60,0.0
141,2,10,150,60,0.12556328258692692
142,2,10,150,60,0.0
143,2,10,150,60,0.06882065896991112
144,2,10,150,60,0.16664156206392014
145,2,10,150,60,0.0929274576289869
146,2,10,150,60,0.0
147,2,10,150,60,0.06664071636913875
148,2,10,150,60,0.12501466828444513
149,2,10,150,60,0.10486881530019958
150,2,10,150,60,0.0
151,2,10,150,60,0.24246271405679076
152,2,10,150,60,0.04019832975607886
153,2,10,150,60,0.071942683897578
154,2,10,150,60,0.08491065065836505
155,2,10,150,60,0.0
156,2,10,150,60,0.06437746926759551
157,2,10,150,60,0.06857646087959317
158,2,10,150,60,0.15911711737987416
159,2,10,150,60,0.024782300799839303
160,2,10,150,60,0.11705084481334227
161,2,10,150,60,0.0
162,2,10,150,60,0.0
163,2,10,150,60,0.0
164,2,10,150,60,0.029649957429587842
165,2,10,150,60,0.0
166,2,10,150,60,0.06175696970122604
167,2,10,150,60,0.040419659112753054
168,2,10,150,60,0.0641665753731138
169,2,10,150,60,0.03870447337439288
170,2,10,150,60,0.0
171,2,10,150,60,0.0
172,2,10,150,60,0.08232325035020067
173,2,10,150,60,0.0375712667011285
174,2,10,150,60,0.2079709640818112
175,2,10,150,60,0.22732566419594713
176,2,10,150,60,0.0
177,2,10,150,60,0.3152442026717657
178,2,10,150,60,0.1746513963286296
179,2,10,150,60,0.054384419234677496
180,2,10,150,60,0.08391511424653819
181,2,10,150,60,0.04412804395806327
182,2,10,150,60,0.05005165434923901
183,2,10,150,60,0.0
184,2,10,150,60,0.15094800771496594
185,2,10,150,60,0.0
186,2,10,150,60,0.05478814761334652
187,2,10,150,60,0.14023428091042053
188,2,10,150,60,0.29205722210115026
189,2,10,150,60,0.16847153959177952
190,2,10,150,60,0.025938546612492997
191,2,10,150,60,0.0
192,2,10,150,60,0.0
193,2,10,150,60,0.0
194,2,10,150,60,0.1240536924637235
195,2,10,150,60,0.04606861224913365
196,2,10,150,60,0.04485361187694993
197,2,10,150,60,0.14330924581016483
198,2,10,150,60,0.028186415745733433
199,2,10,150,60,0.2529427027676571
200,2,10,150,60,0.2272611513844169
201,2,10,150,60,0.10130943477727151
202,2,10,150,60,0.27487633291429087
203,2,10,150,60,0.10238606821339166
204,2,10,150,60,0.0
205,2,10,150,60,0.1465996756793884
206,2,10,150,60,0.028694189013458257
207,2,10,150,60,0.04233962550030984
208,2,10,150,60,0.05919139647768146
209,2,10,150,60,0.0
210,2,10,150,60,0.18937175954951105
211,2,10,150,60,0.0
212,2,10,150,60,0.11738002835756964
213,2,10,150,60,0.14623689580302487
214,2,10,150,60,0.20576627669258005
215,2,10,150,60,0.11433722369502479
216,2,10,150,60,0.14425650580287722
217,2,10,150,60,0.10298663607405599
218,2,10,150,60,0.1023482199458735
219,2,10,150,60,0.0
220,2,10,150,60,0.0
221,2,10,150,60,0.10144613070733857
222,2,10,150,60,0.1014911823965785
223,2,10,150,60,0.0
224,2,10,150,60,0.029996736818897345
225,2,10,150,60,0.0
226,2,10,150,60,0.10111769293645066
227,2,10,150,60,0.0947812167140767
228,2,10,150,60,0.0
229,2,10,150,60,0.0
230,2,10,150,60,0.28189806324722205
231,2,10,150,60,0.3903800499921017
232,2,10,150,60,0.11605494365670165
233,2,10,150,60,0.13212972170856394
234,2,10,150,60,0.12115928712923353
235,2,10,150,60,0.1075070751982482
236,2,10,150,60,0.1252769156245644
237,2,10,150,60,0.24655736878982118
238,2,10,150,60,0.0
239,2,10,150,60,0.05752505190825261
240,2,10,150,60,0.0
241,2,10,150,60,0.0
242,2,10,150,60,0.07673373981757839
243,2,10,150,60,0.2568245236714982
244,2,10,150,60,0.1710577597010571
245,2,10,150,60,0.0
246,2,10,150,60,0.11225363383428516
247,2,10,150,60,0.0
248,2,10,150,60,0.14176813152020928
249,2,10,150,60,0.21580604760725444
250,2,10,150,60,0.06611248482408215
251,2,10,150,60,0.10803826056443963
252,2,10,150,60,0.1904168294848087
253,2,10,150,60,0.18852956389601477
254,2,10,150,60,0.228671039402572
255,2,10,150,60,0.024185523485714195
256,2,10,150,60,0.2738527800752222
257,2,10,150,60,0.07766718171217171
258,2,10,150,60,0.0
259,2,10,150,60,0.0
260,2,10,150,60,0.0
261,2,10,150,60,0.0
262,2,10,150,60,0.05887472794707303
263,2,10,150,60,0.112039661883817
264,2,10,150,60,0.07935123938715939
265,2,10,150,60,0.08339602711200374
266,2,10,150,60,0.0
267,2,10,150,60,0.13338816180830973
268,2,10,150,60,0.16893573599906497
269,2,10,150,60,0.09768863740206463
270,2,10,150,60,0.10627471370406062
271,2,10,150,60,0.23159459373406716
272,2,10,150,60,0.33957662813068484
273,2,10,150,60,0.0
274,2,10,150,60,0.05829918151249392
275,2,10,150,60,0.04105877938688906
276,2,10,150,60,0.22440060416410182
277,2,10,150,60,0.0
278,2,10,150,60,0.04305311721683474
279,2,10,150,60,0.24689102501637045
280,2,10,150,60,0.09178534082992051
281,2,10,150,60,0.05516788910004661
282,2,10,150,60,0.0
283,2,10,150,60,0.06286054135527182
284,2,10,150,60,0.0
285,2,10,150,60,0.15002687789384317
286,2,10,150,60,0.1192822992620416
287,2,10,150,60,0.11853073131207159
288,2,10,150,60,0.11495116807881998
289,2,10,150,60,0.06510475888148554
290,2,10,150,60,0.09449357188080848
291,2,10,150,60,0.1861033997807275
292,2,10,150,60,0.3713936936921286
293,2,10,150,60,0.17779763785306735
294,2,10,150,60,0.05942233668176323
295,2,10,150,60,0.1600119304117413
296,2,10,150,60,0.08921274081617625
297,2,10,150,60,0.09088045312208184
298,2,10,150,60,0.37579851912953594
299,2,10,150,60,0.05878928451395936
300,2,10,150,60,0.0
301,2,10,150,60,0.1350968789667574
302,2,10,150,60,0.0
303,2,10,150,60,0.38341370565170274
304,2,10,150,60,0.09811693595042764
305,2,10,150,60,0.15377587171217844
306,2,10,150,60,0.07286537763060504
307,2,10,150,60,0.15107571592228533
308,2,10,150,60,0.13951258332585992
309,2,10,150,60,0.0
310,2,10,150,60,0.0
311,2,10,150,60,0.28450947389435716
312,2,10,150,60,0.10688867651258056
313,2,10,150,60,0.24094349017115496
314,2,10,150,60,0.11722189885998076
315,2,10,150,60,0.18129588776381328
316,2,10,150,60,0.17644602782123026
317,2,10,150,60,0.0
318,2,10,150,60,0.11809408464566347
319,2,10,150,60,0.0
320,2,10,150,60,0.04539294738377069
321,2,10,150,60,0.12530728980532893
322,2,10,150,60,0.35190394711189377
323,2,10,150,60,0.028361369701356044
324,2,10,150,60,0.04342547274117719
325,2,10,150,60,0.0811231025632827
326,2,10,150,60,0.14774251547484274
327,2,10,150,60,0.04662019575483349
328,2,10,150,60,0.1560199904711524
329,2,10,150,60,0.0
330,2,10,150,60,0.10418719913926942
331,2,10,150,60,0.05427266504401326
332,2,10,150,60,0.18967146462948598
333,2,10,150,60,0.05206745415870339
334,2,10,150,60,0.1370911179866175
335,2,10,150,60,0.0
336,2,10,150,60,0.11501232379588432
337,2,10,150,60,0.10934082156401825
338,2,10,150,60,0.12065326649027912
339,2,10,150,60,0.3113952422793724
340,2,10,150,60,0.17896552649342137
341,2,10,150,60,0.0
342,2,10,150,60,0.21525303352728303
343,2,10,150,60,0.2983863932859375
344,2,10,150,60,0.1523980172868318
345,2,10,150,60,0.10686772084589051
346,2,10,150,60,0.2409942914268628
347,2,10,150,60,0.19318603337387616
348,2,10,150,60,0.0
349,2,10,150,60,0.163169180413793
350,2,10,150,60,0.18939048055890495
351,2,10,150,60,0.1610216634970071
352,2,10,150,60,0.2770988445296086
353,2,10,150,60,0.0
354,2,10,150,60,0.09997244242233883
355,2,10,150,60,0.0
356,2,10,150,60,0.10061931714936387
357,2,10,150,60,0.1023343164960757
358,2,10,150,60,0.0
359,2,10,150,60,0.0
360,2,10,150,60,0.22728151171982378
361,2,10,150,60,0.09888240087940003
362,2,10,150,60,0.04690797720830594
363,2,10,150,60,0.2143173238916912
364,2,10,150,60,0.0
365,2,10,150,60,0.0
366,2,10,150,60,0.050143326786652107
367,2,10,150,60,0.02784010103665015
368,2,10,150,60,0.06788053752288492
369,2,10,150,60,0.21386152848601384
370,2,10,150,60,0.0957000625269241
371,2,10,150,60,0.08805980336939974
372,2,10,150,60,0.08461341886182785
373,2,10,150,60,0.12490520615817555
374,2,10,150,60,0.18428517102632475
375,2,10,150,60,0.1676614286651071
376,2,10,150,60,0.07216815292900357
377,2,10,150,60,0.3067552645565975
378,2,10,150,60,0.05590045486375907
379,2,10,150,60,0.2185184617311961
380,2,10,150,60,0.0590647057138947
381,2,10,150,60,0.12158230198340733
382,2,10,150,60,0.14582500956521116
383,2,10,150,60,0.05181989685583115
384,2,10,150,60,0.0
385,2,10,150,60,0.1726260803539037
386,2,10,150,60,0.0
387,2,10,150,60,0.16924053030010178
388,2,10,150,60,0.03275673003454543
389,2,10,150,60,0.28085822139751926
390,2,10,150,60,0.10466779365752882
391,2,10,150,60,0.18344326580289438
392,2,10,150,60,0.09006573473175804
393,2,10,150,60,0.059550830576687974
394,2,10,150,60,0.22041445188115516
395,2,10,150,60,0.06520401471200078
396,2,10,150,60,0.08006506288147622
397,2,10,150,60,0.21870981369224696
398,2,10,150,60,0.12633080592181342
399,2,10,150,60,0.022804935351183393
400,2,10,150,60,0.0
401,2,10,150,60,0.0
402,2,10,150,60,0.1798991830195577
403,2,10,150,60,0.21342888353269066
404,2,10,150,60,0.0
405,2,10,150,60,0.21960954168426458
406,2,10,150,60,0.26275988154773444
407,2,10,150,60,0.08886473469552647
408,2,10,150,60,0.08490303813485527
409,2,10,150,60,0.18282747116553738
410,2,10,150,60,0.1510508871592243
411,2,10,150,60,0.13359023741301432
412,2,10,150,60,0.041062015509212284
413,2,10,150,60,0.19475935863737628
414,2,10,150,60,0.04690797720830594
415,2,10,150,60,0.15582818336744758
416,2,10,150,60,0.48981515507007567
417,2,10,150,60,0.292403710182546
418,2,10,150,60,0.05130633033097092
419,2,10,150,60,0.09817896789964464
420,2,10,150,60,0.13011860784218718
421,2,10,150,60,0.3102692669240346
422,2,10,150,60,0.0654076987556055
423,2,10,150,60,0.0
424,2,10,150,60,0.039270700903099615
425,2,10,150,60,0.05381027046650595
426,2,10,150,60,0.03206656709567107
427,2,10,150,60,0.0
428,2,10,150,60,0.09545062073374358
429,2,10,150,60,0.2690966996128206
430,2,10,150,60,0.17441334704295655
431,2,10,150,60,0.0
432,2,10,150,60,0.08980230529700303
433,2,10,150,60,0.10047622221317463
434,2,10,150,60,0.21435951014939544
435,2,10,150,60,0.3473272222062316
436,2,10,150,60,0.08073573433990566
437,2,10,150,60,0.2580006747612964
438,2,10,150,60,0.11342455428465782
439,2,10,150,60,0.0
440,2,10,150,60,0.032014847745354055
441,2,10,150,60,0.1731866333482261
442,2,10,150,60,0.04062732041938225
443,2,10,150,60,0.0
444,2,10,150,60,0.0796221118108625
445,2,10,150,60,0.02881080092108056
446,2,10,150,60,0.13356958453958645
447,2,10,150,60,0.055923854163236565
448,2,10,150,60,0.024952538365330408
449,2,10,150,60,0.10848432672679821
450,2,10,150,60,0.5087282727783874
451,2,10,150,60,0.05163551141839463
452,2,10,150,60,0.19460515304070408
453,2,10,150,60,0.10055207176200584
454,2,10,150,60,0.0
455,2,10,150,60,0.09112973009975463
456,2,10,150,60,0.09278465167442618
457,2,10,150,60,0.5110784600724476
458,2,10,150,60,0.27221701778795515
459,2,10,150,60,0.20154342782727996
460,2,10,150,60,0.07041837375515932
461,2,10,150,60,0.035550340982103974
462,2,10,150,60,0.18564976427020158
463,2,10,150,60,0.21881515471619958
464,2,10,150,60,0.06726768733602535
465,2,10,150,60,0.10783006935442738
466,2,10,150,60,0.12816210679182038
467,2,10,150,60,0.09300532025926726
468,2,10,150,60,0.21996264441947536
469,2,10,150,60,0.05651614765972419
470,2,10,150,60,0.04760723841253984
471,2,10,150,60,0.0
472,2,10,150,60,0.23991361304339756
473,2,10,150,60,0.2622744659873325
474,2,10,150,60,0.42764553892521145
475,2,10,150,60,0.07311683844390994
476,2,10,150,60,0.021791008948563714
477,2,10,150,60,0.07075576072108061
478,2,10,150,60,0.13180376528048332
479,2,10,150,60,0.21091076037178566
480,2,10,150,60,0.15920120556239784
481,2,10,150,60,0.048705796110663196
482,2,10,150,60,0.04290887548434951
483,2,10,150,60,0.0273055648695642
484,2,10,150,60,0.20193976177882433
485,2,10,150,60,0.036556008482007775
486,2,10,150,60,0.01977631402944147
487,2,10,150,60,0.327319999359711
488,2,10,150,60,0.0
489,2,10,150,60,0.0
490,2,10,150,60,0.11630686983226163
491,2,10,150,60,0.03859643636257609
492,2,10,150,60,0.1338895448360617
493,2,10,150,60,0.2156357729972686
494,2,10,150,60,0.08596118914843212
495,2,10,150,60,0.18461849866372243
496,2,10,150,60,0.023205371908120297
497,2,10,150,60,0.13813412844083703
498,2,10,150,60,0.07358364093338247
499,2,10,150,60,0.09250894728958106
500,2,10,150,60,0.1659915797553275
501,2,10,150,60,0.02184231145035861
502,2,10,150,60,0.06689893193796337
503,2,10,150,60,0.1417689362196019
504,2,10,150,60,0.13395189894661538
505,2,10,150,60,0.05688647497208646
506,2,10,150,60,0.13154408828033984
507,2,10,150,60,0.0
508,2,10,150,60,0.20345924618307185
509,2,10,150,60,0.031611854308622345
510,2,10,150,60,0.0
511,2,10,150,60,0.0
512,2,10,150,60,0.08364069030518707
513,2,10,150,60,0.0600937008083393
514,2,10,150,60,0.16578726587197626
515,2,10,150,60,0.034743705427429224
516,2,10,150,60,0.1340330647732781
517,2,10,150,60,0.07931777113368761
518,2,10,150,60,0.1271756500386261
519,2,10,150,60,0.10560636946921488
520,2,10,150,60,0.0
521,2,10,150,60,0.0
522,2,10,150,60,0.0559167101555819
523,2,10,150,60,0.21950613822622128
524,2,10,150,60,0.1248218879844706
525,2,10,150,60,0.0
526,2,10,150,60,0.02505758835695044
527,2,10,150,60,0.3406799390264829
528,2,10,150,60,0.17766119401073668
529,2,10,150,60,0.0
530,2,10,150,60,0.03067046672709443
531,2,10,150,60,0.0
532,2,10,150,60,0.10155433800032619
533,2,10,150,60,0.03532723536585319
534,2,10,150,60,0.024909303741335254
535,2,10,150,60,0.22836927634068477
536,2,10,150,60,0.16340884055250954
537,2,10,150,60,0.45953694670228695
538,2,10,150,60,0.032394594743117074
539,2,10,150,60,0.09953437200841515
540,2,10,150,60,0.0
541,2,10,150,60,0.06833564325125971
542,2,10,150,60,0.07797598981103891
543,2,10,150,60,0.03725364202376381
544,2,10,150,60,0.0
545,2,10,150,60,0.060216826583478454
546,2,10,150,60,0.03314153504336938
547,2,10,150,60,0.04855455745827926
548,2,10,150,60,0.03883106019841818
549,2,10,150,60,0.0
550,2,10,150,60,0.0
551,2,10,150,60,0.23398861111517869
552,2,10,150,60,0.048059443651065493
553,2,10,150,60,0.13317167485931308
554,2,10,150,60,0.07041837375515932
555,2,10,150,60,0.09809088686968297
556,2,10,150,60,0.16258997327839542
557,2,10,150,60,0.04470486007704452
558,2,10,150,60,0.265053101293003
559,2,10,150,60,0.08620000398338708
560,2,10,150,60,0.028567598460307132
561,2,10,150,60,0.10236349657560398
562,2,10,150,60,0.07720150835011791
563,2,10,150,60,0.0
564,2,10,150,60,0.0
565,2,10,150,60,0.28663011782160785
566,2,10,150,60,0.03548242894850303
567,2,10,150,60,0.04359722747499328
568,2,10,150,60,0.0
569,2,10,150,60,0.17563954439010937
570,2,10,150,60,0.0
571,2,10,150,60,0.0
572,2,10,150,60,0.0
573,2,10,150,60,0.03246641181906899
574,2,10,150,60,0.05058854055353143
575,2,10,150,60,0.05154847002173459
576,2,10,150,60,0.0
577,2,10,150,60,0.0784247757209491
578,2,10,150,60,0.0
579,2,10,150,60,0.08297540479108526
580,2,10,150,60,0.18080124080515705
581,2,10,150,60,0.0
582,2,10,150,60,0.0437514209980628
583,2,10,150,60,0.0
584,2,10,150,60,0.0
585,2,10,150,60,0.08668163308546498
586,2,10,150,60,0.10132509239867551
587,2,10,150,60,0.03459392809572638
588,2,10,150,60,0.037573347678695114
589,2,10,150,60,0.0336639187988199
590,2,10,150,60,0.06139304560474655
591,2,10,150,60,0.0
592,2,10,150,60,0.33288447550255634
593,2,10,150,60,0.04586709436300111
594,2,10,150,60,0.0
595,2,10,150,60,0.0
596,2,10,150,60,0.0
597,2,10,150,60,0.0
598,2,10,150,60,0.0
599,2,10,150,60,0.0
600,2,10,150,60,0.024325165853816375
601,2,10,150,60,0.03369782041898502
602,2,10,150,60,0.0
603,2,10,150,60,0.1435203717549576
604,2,10,150,60,0.0
605,2,10,150,60,0.2645541144793553
606,2,10,150,60,0.23204083039530643
607,2,10,150,60,0.08440880858250024
608,2,10,150,60,0.2120992422792938
609,2,10,150,60,0.0
610,2,10,150,60,0.1629867900167321
611,2,10,150,60,0.08045389590462838
612,2,10,150,60,0.15130120674940672
613,2,10,150,60,0.0
614,2,10,150,60,0.046614515546531544
615,2,10,150,60,0.12047971762374059
616,2,10,150,60,0.0
617,2,10,150,60,0.044257815106106525
618,2,10,150,60,0.18766481803906507
619,2,10,150,60,0.09637551974188778
620,2,10,150,60,0.08396948777462541
621,2,10,150,60,0.06335388063984314
622,2,10,150,60,0.12980296240199146
623,2,10,150,60,0.0
624,2,10,150,60,0.0536466452928127
625,2,10,150,60,0.0
626,2,10,150,60,0.0
627,2,10,150,60,0.0
628,2,10,150,60,0.0
629,2,10,150,60,0.2466228630593721
630,2,10,150,60,0.0
631,2,10,150,60,0.16868725245403154
632,2,10,150,60,0.13439570003165963
633,2,10,150,60,0.07667481399289292
634,2,10,150,60,0.030975021478781034
635,2,10,150,60,0.0
636,2,10,150,60,0.0
637,2,10,150,60,0.0
638,2,10,150,60,0.0
639,2,10,150,60,0.0
640,2,10,150,60,0.040655755922716606
642,2,10,150,60,0.11431346864321287
643,2,10,150,60,0.0
644,2,10,150,60,0.0
645,2,10,150,60,0.09759501249802542
647,2,10,150,60,0.0
648,2,10,150,60,0.18159464350583557
649,2,10,150,60,1.0
650,2,10,150,60,0.0
651,2,10,150,60,0.0
653,2,10,150,60,0.0
654,2,10,150,60,0.058087171966128066
655,2,10,150,60,0.11621678240839849
658,2,10,150,60,0.0
1,2,10,150,61,0.5343723497595074
2,2,10,150,61,0.2268511698743587
3,2,10,150,61,0.03098598178059488
4,2,10,150,61,0.06166887310869151
5,2,10,150,61,0.12620564628865164
6,2,10,150,61,0.17961772474519622
7,2,10,150,61,0.32612705764811073
8,2,10,150,61,0.06653535276206901
9,2,10,150,61,0.0
10,2,10,150,61,0.1898407915550228
11,2,10,150,61,0.10464473261331256
12,2,10,150,61,0.03482606519924978
13,2,10,150,61,0.350466310476162
14,2,10,150,61,0.12939622934497527
15,2,10,150,61,0.01616702920033762
16,2,10,150,61,0.2491367253726175
17,2,10,150,61,0.10312948447052589
18,2,10,150,61,0.23122963619026973
19,2,10,150,61,0.0
20,2,10,150,61,0.031742154565302834
21,2,10,150,61,0.0
22,2,10,150,61,0.034048751153008455
23,2,10,150,61,0.21391710343217823
24,2,10,150,61,0.08491010262674986
25,2,10,150,61,0.0
26,2,10,150,61,0.11161048176369433
27,2,10,150,61,0.0
28,2,10,150,61,0.1358023930187833
29,2,10,150,61,0.0
30,2,10,150,61,0.0
31,2,10,150,61,0.046287481291184845
32,2,10,150,61,0.11781210270929884
33,2,10,150,61,0.0
34,2,10,150,61,0.07239559903187814
35,2,10,150,61,0.0
36,2,10,150,61,0.0
37,2,10,150,61,0.0
38,2,10,150,61,0.0431945145179045
39,2,10,150,61,0.15820890896021753
40,2,10,150,61,0.2212397779175911
41,2,10,150,61,0.0
42,2,10,150,61,0.17084502871918114
43,2,10,150,61,0.09662598732799078
44,2,10,150,61,0.1565413821318793
45,2,10,150,61,0.0
46,2,10,150,61,0.10684080426179023
47,2,10,150,61,0.11437926488327832
48,2,10,150,61,0.14096272947842173
49,2,10,150,61,0.04407878495393109
50,2,10,150,61,0.046726672111120165
51,2,10,150,61,0.07984133538066794
52,2,10,150,61,0.028947056565878558
53,2,10,150,61,0.12810519548676028
54,2,10,150,61,0.047934103497110726
55,2,10,150,61,0.0
56,2,10,150,61,0.22047893971599028
57,2,10,150,61,0.0524456916588361
58,2,10,150,61,0.1475963700947612
59,2,10,150,61,0.3581167246534577
60,2,10,150,61,0.20330653664711698
61,2,10,150,61,0.06416923277158361
62,2,10,150,61,0.18160332589227857
63,2,10,150,61,0.0763437499438357
64,2,10,150,61,0.04583023181159601
65,2,10,150,61,0.18154179097601578
66,2,10,150,61,0.12995427111679475
67,2,10,150,61,0.24630238874073
68,2,10,150,61,0.04358896759704514
69,2,10,150,61,0.10495938403254562
70,2,10,150,61,0.03155184951131585
71,2,10,150,61,0.04416548762473651
72,2,10,150,61,0.28907547922366217
73,2,10,150,61,0.26386730550459286
74,2,10,150,61,0.17342765698823945
75,2,10,150,61,0.16021137204676433
76,2,10,150,61,0.21046795809065558
77,2,10,150,61,0.096890966577576
78,2,10,150,61,0.0
79,2,10,150,61,0.08508236880273473
80,2,10,150,61,0.1744476820873323
81,2,10,150,61,0.0
82,2,10,150,61,0.03364053685802635
83,2,10,150,61,0.046841820324159865
84,2,10,150,61,0.029136604147144557
85,2,10,150,61,0.21696292982842297
86,2,10,150,61,0.07028063830038406
87,2,10,150,61,0.19384373929491494
88,2,10,150,61,0.06294571929989644
89,2,10,150,61,0.2334685083478665
90,2,10,150,61,0.1567890055214302
91,2,10,150,61,0.07054411138080068
92,2,10,150,61,0.13097474541072798
93,2,10,150,61,0.0
94,2,10,150,61,0.28171941812988993
95,2,10,150,61,0.14009017690071407
96,2,10,150,61,0.24124578584280335
97,2,10,150,61,0.2065666702851524
98,2,10,150,61,0.0
99,2,10,150,61,0.11936163195678119
100,2,10,150,61,0.0
101,2,10,150,61,0.0
102,2,10,150,61,0.05671879843401278
103,2,10,150,61,0.04579340374561851
104,2,10,150,61,0.0
105,2,10,150,61,0.0
106,2,10,150,61,0.0
107,2,10,150,61,0.0
108,2,10,150,61,0.04485361187694993
109,2,10,150,61,0.19016172590894406
110,2,10,150,61,0.037578324799282276
111,2,10,150,61,0.09077089626867633
112,2,10,150,61,0.0
113,2,10,150,61,0.178509607681865
114,2,10,150,61,0.02951022367272685
115,2,10,150,61,0.1737092330727855
116,2,10,150,61,0.026497157492079246
117,2,10,150,61,0.027016499607835556
118,2,10,150,61,0.15599061619059726
119,2,10,150,61,0.15212875834435738
120,2,10,150,61,0.361879195385413
121,2,10,150,61,0.115269333086109
122,2,10,150,61,0.1467899073100297
123,2,10,150,61,0.12990556389377814
124,2,10,150,61,0.18903749859471425
125,2,10,150,61,0.1656817885548098
126,2,10,150,61,0.0
127,2,10,150,61,0.12503310750358904
128,2,10,150,61,0.04616148092938704
129,2,10,150,61,0.0
130,2,10,150,61,0.11083640512724012
131,2,10,150,61,0.36227735599025207
132,2,10,150,61,0.12643913909707097
133,2,10,150,61,0.0
134,2,10,150,61,0.0
135,2,10,150,61,0.0
136,2,10,150,61,0.13562562529527972
137,2,10,150,61,0.06049988016540081
138,2,10,150,61,0.10332949630181452
139,2,10,150,61,0.05165643482805862
140,2,10,150,61,0.0
141,2,10,150,61,0.12556328258692692
142,2,10,150,61,0.0
143,2,10,150,61,0.06882065896991112
144,2,10,150,61,0.16664156206392014
145,2,10,150,61,0.0918718334374495
146,2,10,150,61,0.0
147,2,10,150,61,0.06664071636913875
148,2,10,150,61,0.12501466828444513
149,2,10,150,61,0.10486881530019958
150,2,10,150,61,0.0
151,2,10,150,61,0.23970842040629572
152,2,10,150,61,0.04019832975607886
153,2,10,150,61,0.071942683897578
154,2,10,150,61,0.08491065065836505
155,2,10,150,61,0.0
156,2,10,150,61,0.06437746926759551
157,2,10,150,61,0.06857646087959317
158,2,10,150,61,0.15911711737987416
159,2,10,150,61,0.024782300799839303
160,2,10,150,61,0.11705084481334227
161,2,10,150,61,0.0
162,2,10,150,61,0.0
163,2,10,150,61,0.0
164,2,10,150,61,0.029649957429587842
165,2,10,150,61,0.0
166,2,10,150,61,0.06175696970122604
167,2,10,150,61,0.040419659112753054
168,2,10,150,61,0.0641665753731138
169,2,10,150,61,0.03870447337439288
170,2,10,150,61,0.0
171,2,10,150,61,0.0
172,2,10,150,61,0.08232325035020067
173,2,10,150,61,0.0375712667011285
174,2,10,150,61,0.2079709640818112
175,2,10,150,61,0.22732566419594713
176,2,10,150,61,0.0
177,2,10,150,61,0.3152442026717657
178,2,10,150,61,0.17266741609550657
179,2,10,150,61,0.054384419234677496
180,2,10,150,61,0.08391511424653819
181,2,10,150,61,0.04362676444481823
182,2,10,150,61,0.05005165434923901
183,2,10,150,61,0.0
184,2,10,150,61,0.14923328988372517
185,2,10,150,61,0.0
186,2,10,150,61,0.05478814761334652
187,2,10,150,61,0.14023428091042053
188,2,10,150,61,0.29205722210115026
189,2,10,150,61,0.18267316191479394
190,2,10,150,61,0.025938546612492997
191,2,10,150,61,0.0
192,2,10,150,61,0.0
193,2,10,150,61,0.0
194,2,10,150,61,0.1226444848715274
195,2,10,150,61,0.04606861224913365
196,2,10,150,61,0.04485361187694993
197,2,10,150,61,0.14330924581016483
198,2,10,150,61,0.028186415745733433
199,2,10,150,61,0.2529427027676571
200,2,10,150,61,0.2272611513844169
201,2,10,150,61,0.10015859418708938
202,2,10,150,61,0.27487633291429087
203,2,10,150,61,0.10238606821339166
204,2,10,150,61,0.0
205,2,10,150,61,0.1465996756793884
206,2,10,150,61,0.028694189013458257
207,2,10,150,61,0.04233962550030984
208,2,10,150,61,0.05919139647768146
209,2,10,150,61,0.0
210,2,10,150,61,0.18937175954951105
211,2,10,150,61,0.0
212,2,10,150,61,0.11738002835756964
213,2,10,150,61,0.14623689580302487
214,2,10,150,61,0.20576627669258005
215,2,10,150,61,0.11433722369502479
216,2,10,150,61,0.14425650580287722
217,2,10,150,61,0.10298663607405599
218,2,10,150,61,0.1023482199458735
219,2,10,150,61,0.0
220,2,10,150,61,0.0
221,2,10,150,61,0.10144613070733857
222,2,10,150,61,0.10033827721549299
223,2,10,150,61,0.0
224,2,10,150,61,0.029996736818897345
225,2,10,150,61,0.0
226,2,10,150,61,0.10111769293645066
227,2,10,150,61,0.0947812167140767
228,2,10,150,61,0.0
229,2,10,150,61,0.0
230,2,10,150,61,0.28189806324722205
231,2,10,150,61,0.3903800499921017
232,2,10,150,61,0.11605494365670165
233,2,10,150,61,0.13212972170856394
234,2,10,150,61,0.11978295899343451
235,2,10,150,61,0.1075070751982482
236,2,10,150,61,0.1252769156245644
237,2,10,150,61,0.24655736878982118
238,2,10,150,61,0.0
239,2,10,150,61,0.05752505190825261
240,2,10,150,61,0.0
241,2,10,150,61,0.0
242,2,10,150,61,0.07673373981757839
243,2,10,150,61,0.2568245236714982
244,2,10,150,61,0.1710577597010571
245,2,10,150,61,0.0
246,2,10,150,61,0.11225363383428516
247,2,10,150,61,0.0
248,2,10,150,61,0.14176813152020928
249,2,10,150,61,0.21580604760725444
250,2,10,150,61,0.06611248482408215
251,2,10,150,61,0.10803826056443963
252,2,10,150,61,0.1904168294848087
253,2,10,150,61,0.18852956389601477
254,2,10,150,61,0.24287266172558641
255,2,10,150,61,0.04662184073981129
256,2,10,150,61,0.2738527800752222
257,2,10,150,61,0.07766718171217171
258,2,10,150,61,0.0
259,2,10,150,61,0.0
260,2,10,150,61,0.0
261,2,10,150,61,0.0
262,2,10,150,61,0.05887472794707303
263,2,10,150,61,0.112039661883817
264,2,10,150,61,0.07935123938715939
265,2,10,150,61,0.08339602711200374
266,2,10,150,61,0.0
267,2,10,150,61,0.13338816180830973
268,2,10,150,61,0.16701668371585515
269,2,10,150,61,0.0965789278338586
270,2,10,150,61,0.10627471370406062
271,2,10,150,61,0.2289637582198639
272,2,10,150,61,0.33957662813068484
273,2,10,150,61,0.0
274,2,10,150,61,0.05829918151249392
275,2,10,150,61,0.04105877938688906
276,2,10,150,61,0.2218514899152542
277,2,10,150,61,0.0
278,2,10,150,61,0.04305311721683474
279,2,10,150,61,0.24408642726528065
280,2,10,150,61,0.090742690695281
281,2,10,150,61,0.05516788910004661
282,2,10,150,61,0.0
283,2,10,150,61,0.06286054135527182
284,2,10,150,61,0.0
285,2,10,150,61,0.15002687789384317
286,2,10,150,61,0.11792729306757602
287,2,10,150,61,0.11853073131207159
288,2,10,150,61,0.11495116807881998
289,2,10,150,61,0.06510475888148554
290,2,10,150,61,0.09449357188080848
291,2,10,150,61,0.18398932869831136
292,2,10,150,61,0.3713936936921286
293,2,10,150,61,0.17577791739041088
294,2,10,150,61,0.05942233668176323
295,2,10,150,61,0.1600119304117413
296,2,10,150,61,0.08921274081617625
297,2,10,150,61,0.09088045312208184
298,2,10,150,61,0.37579851912953594
299,2,10,150,61,0.0581214583136141
300,2,10,150,61,0.0
301,2,10,150,61,0.133562224546232
302,2,10,150,61,0.0
303,2,10,150,61,0.3790582568599272
304,2,10,150,61,0.09811693595042764
305,2,10,150,61,0.15377587171217844
306,2,10,150,61,0.07286537763060504
307,2,10,150,61,0.15107571592228533
308,2,10,150,61,0.13792776801141707
309,2,10,150,61,0.0
310,2,10,150,61,0.0
311,2,10,150,61,0.28127754340763755
312,2,10,150,61,0.10567445764114014
313,2,10,150,61,0.23820645438531002
314,2,10,150,61,0.11589029811062433
315,2,10,150,61,0.18129588776381328
316,2,10,150,61,0.20030147904071285
317,2,10,150,61,0.0
318,2,10,150,61,0.11809408464566347
319,2,10,150,61,0.0
320,2,10,150,61,0.04539294738377069
321,2,10,150,61,0.12530728980532893
322,2,10,150,61,0.35190394711189377
323,2,10,150,61,0.028361369701356044
324,2,10,150,61,0.04342547274117719
325,2,10,150,61,0.0811231025632827
326,2,10,150,61,0.14774251547484274
327,2,10,150,61,0.057450264829815564
328,2,10,150,61,0.15424765664746873
329,2,10,150,61,0.0
330,2,10,150,61,0.10418719913926942
331,2,10,150,61,0.05427266504401326
332,2,10,150,61,0.18967146462948598
333,2,10,150,61,0.05206745415870339
334,2,10,150,61,0.13553380969169607
335,2,10,150,61,0.0
336,2,10,150,61,0.11501232379588432
337,2,10,150,61,0.10934082156401825
338,2,10,150,61,0.12065326649027912
339,2,10,150,61,0.30785789864309043
340,2,10,150,61,0.17896552649342137
341,2,10,150,61,0.0
342,2,10,150,61,0.2271568477722098
343,2,10,150,61,0.2949968257327628
344,2,10,150,61,0.1523980172868318
345,2,10,150,61,0.10686772084589051
346,2,10,150,61,0.23825667855609747
347,2,10,150,61,0.19318603337387616
348,2,10,150,61,0.0
349,2,10,150,61,0.163169180413793
350,2,10,150,61,0.18939048055890495
351,2,10,150,61,0.1610216634970071
352,2,10,150,61,0.3057524544183157
353,2,10,150,61,0.0
354,2,10,150,61,0.09883678960883516
355,2,10,150,61,0.0
356,2,10,150,61,0.10061931714936387
357,2,10,150,61,0.1023343164960757
358,2,10,150,61,0.0
359,2,10,150,61,0.0
360,2,10,150,61,0.22728151171982378
361,2,10,150,61,0.09888240087940003
362,2,10,150,61,0.04690797720830594
363,2,10,150,61,0.21188275226412245
364,2,10,150,61,0.0
365,2,10,150,61,0.0
366,2,10,150,61,0.050143326786652107
367,2,10,150,61,0.05534563970541805
368,2,10,150,61,0.06788053752288492
369,2,10,150,61,0.21386152848601384
370,2,10,150,61,0.0957000625269241
371,2,10,150,61,0.08805980336939974
372,2,10,150,61,0.08461341886182785
373,2,10,150,61,0.12348632566113278
374,2,10,150,61,0.18219175440178215
375,2,10,150,61,0.1676614286651071
376,2,10,150,61,0.07216815292900357
377,2,10,150,61,0.3067552645565975
378,2,10,150,61,0.055265444781940995
379,2,10,150,61,0.2185184617311961
380,2,10,150,61,0.0590647057138947
381,2,10,150,61,0.13460387583977396
382,2,10,150,61,0.14582500956521116
383,2,10,150,61,0.05181989685583115
384,2,10,150,61,0.0
385,2,10,150,61,0.17066510701877374
386,2,10,150,61,0.0
387,2,10,150,61,0.16731801565769452
388,2,10,150,61,0.03275673003454543
389,2,10,150,61,0.2776677678925596
390,2,10,150,61,0.10466779365752882
391,2,10,150,61,0.18344326580289438
392,2,10,150,61,0.09006573473175804
393,2,10,150,61,0.058874353473075826
394,2,10,150,61,0.23203872840181228
395,2,10,150,61,0.06520401471200078
396,2,10,150,61,0.08006506288147622
397,2,10,150,61,0.21870981369224696
398,2,10,150,61,0.12633080592181342
399,2,10,150,61,0.02254587907161456
400,2,10,150,61,0.0
401,2,10,150,61,0.0
402,2,10,150,61,0.1798991830195577
403,2,10,150,61,0.21342888353269066
404,2,10,150,61,0.0
405,2,10,150,61,0.21711485226943184
406,2,10,150,61,0.2711346775861376
407,2,10,150,61,0.08785526164942552
408,2,10,150,61,0.08490303813485527
409,2,10,150,61,0.18075061351372804
410,2,10,150,61,0.1510508871592243
411,2,10,150,61,0.13359023741301432
412,2,10,150,61,0.041062015509212284
413,2,10,150,61,0.19475935863737628
414,2,10,150,61,0.04690797720830594
415,2,10,150,61,0.15582818336744758
416,2,10,150,61,0.4842510221403017
417,2,10,150,61,0.28908210386682875
418,2,10,150,61,0.05130633033097092
419,2,10,150,61,0.09817896789964464
420,2,10,150,61,0.13011860784218718
421,2,10,150,61,0.3102692669240346
422,2,10,150,61,0.0654076987556055
423,2,10,150,61,0.0
424,2,10,150,61,0.039270700903099615
425,2,10,150,61,0.053199004165813614
426,2,10,150,61,0.03206656709567107
427,2,10,150,61,0.0
428,2,10,150,61,0.09545062073374358
429,2,10,150,61,0.26603985297973726
430,2,10,150,61,0.17441334704295655
431,2,10,150,61,0.0
432,2,10,150,61,0.08980230529700303
433,2,10,150,61,0.10047622221317463
434,2,10,150,61,0.21435951014939544
435,2,10,150,61,0.34338170354581343
436,2,10,150,61,0.08073573433990566
437,2,10,150,61,0.25506987518214114
438,2,10,150,61,0.11342455428465782
439,2,10,150,61,0.0
440,2,10,150,61,0.032014847745354055
441,2,10,150,61,0.1731866333482261
442,2,10,150,61,0.04062732041938225
443,2,10,150,61,0.0
444,2,10,150,61,0.0796221118108625
445,2,10,150,61,0.02881080092108056
446,2,10,150,61,0.13356958453958645
447,2,10,150,61,0.055923854163236565
448,2,10,150,61,0.024952538365330408
449,2,10,150,61,0.10848432672679821
450,2,10,150,61,0.5029492932887301
451,2,10,150,61,0.05163551141839463
452,2,10,150,61,0.1923945049439081
453,2,10,150,61,0.09940983455709958
454,2,10,150,61,0.0
455,2,10,150,61,0.09009452747917235
456,2,10,150,61,0.09173064970977603
457,2,10,150,61,0.516632441839299
458,2,10,150,61,0.26912472540573573
459,2,10,150,61,0.20154342782727996
460,2,10,150,61,0.07041837375515932
461,2,10,150,61,0.035550340982103974
462,2,10,150,61,0.18564976427020158
463,2,10,150,61,0.21881515471619958
464,2,10,150,61,0.06726768733602535
465,2,10,150,61,0.10783006935442738
466,2,10,150,61,0.12816210679182038
467,2,10,150,61,0.09300532025926726
468,2,10,150,61,0.2288236024598987
469,2,10,150,61,0.05651614765972419
470,2,10,150,61,0.04760723841253984
471,2,10,150,61,0.0
472,2,10,150,61,0.2371882763101051
473,2,10,150,61,0.2622744659873325
474,2,10,150,61,0.422787631609003
475,2,10,150,61,0.07311683844390994
476,2,10,150,61,0.021791008948563714
477,2,10,150,61,0.07075576072108061
478,2,10,150,61,0.13180376528048332
479,2,10,150,61,0.20851488614274016
480,2,10,150,61,0.15920120556239784
481,2,10,150,61,0.048705796110663196
482,2,10,150,61,0.04290887548434951
483,2,10,150,61,0.0273055648695642
484,2,10,150,61,0.20193976177882433
485,2,10,150,61,0.036556008482007775
486,2,10,150,61,0.019551661854061098
487,2,10,150,61,0.3349614145017711
488,2,10,150,61,0.0
489,2,10,150,61,0.0
490,2,10,150,61,0.11630686983226163
491,2,10,150,61,0.03859643636257609
492,2,10,150,61,0.1338895448360617
493,2,10,150,61,0.2156357729972686
494,2,10,150,61,0.08596118914843212
495,2,10,150,61,0.18252129555102314
496,2,10,150,61,0.023205371908120297
497,2,10,150,61,0.13656497190325842
498,2,10,150,61,0.07358364093338247
499,2,10,150,61,0.09250894728958106
500,2,10,150,61,0.16410597208185795
501,2,10,150,61,0.02184231145035861
502,2,10,150,61,0.06689893193796337
503,2,10,150,61,0.1417689362196019
504,2,10,150,61,0.13243025110820175
505,2,10,150,61,0.05688647497208646
506,2,10,150,61,0.13004979234902467
507,2,10,150,61,0.0
508,2,10,150,61,0.20345924618307185
509,2,10,150,61,0.031611854308622345
510,2,10,150,61,0.0
511,2,10,150,61,0.0
512,2,10,150,61,0.08364069030518707
513,2,10,150,61,0.0600937008083393
514,2,10,150,61,0.16578726587197626
515,2,10,150,61,0.034743705427429224
516,2,10,150,61,0.1340330647732781
517,2,10,150,61,0.07931777113368761
518,2,10,150,61,0.1271756500386261
519,2,10,150,61,0.10560636946921488
520,2,10,150,61,0.0
521,2,10,150,61,0.0
522,2,10,150,61,0.0559167101555819
523,2,10,150,61,0.21950613822622128
524,2,10,150,61,0.12340395395343477
525,2,10,150,61,0.0
526,2,10,150,61,0.02505758835695044
527,2,10,150,61,0.3406799390264829
528,2,10,150,61,0.17766119401073668
529,2,10,150,61,0.0
530,2,10,150,61,0.03067046672709443
531,2,10,150,61,0.0
532,2,10,150,61,0.10040071539314457
533,2,10,150,61,0.03492593003345918
534,2,10,150,61,0.024909303741335254
535,2,10,150,61,0.22577507933088817
536,2,10,150,61,0.16340884055250954
537,2,10,150,61,0.45431676388203884
538,2,10,150,61,0.032394594743117074
539,2,10,150,61,0.09953437200841515
540,2,10,150,61,0.0
541,2,10,150,61,0.06833564325125971
542,2,10,150,61,0.07797598981103891
543,2,10,150,61,0.03725364202376381
544,2,10,150,61,0.0
545,2,10,150,61,0.060216826583478454
546,2,10,150,61,0.03314153504336938
547,2,10,150,61,0.04855455745827926
548,2,10,150,61,0.03883106019841818
549,2,10,150,61,0.0
550,2,10,150,61,0.0
551,2,10,150,61,0.23133058038088716
552,2,10,150,61,0.048059443651065493
553,2,10,150,61,0.13317167485931308
554,2,10,150,61,0.07041837375515932
555,2,10,150,61,0.09809088686968297
556,2,10,150,61,0.16258997327839542
557,2,10,150,61,0.04470486007704452
558,2,10,150,61,0.265053101293003
559,2,10,150,61,0.08620000398338708
560,2,10,150,61,0.028567598460307132
561,2,10,150,61,0.11256034078504107
562,2,10,150,61,0.07720150835011791
563,2,10,150,61,0.0
564,2,10,150,61,0.0
565,2,10,150,61,0.28663011782160785
566,2,10,150,61,0.03548242894850303
567,2,10,150,61,0.04359722747499328
568,2,10,150,61,0.0
569,2,10,150,61,0.17563954439010937
570,2,10,150,61,0.0
571,2,10,150,61,0.0
572,2,10,150,61,0.0
573,2,10,150,61,0.03246641181906899
574,2,10,150,61,0.05058854055353143
575,2,10,150,61,0.05154847002173459
576,2,10,150,61,0.0
577,2,10,150,61,0.0784247757209491
578,2,10,150,61,0.0
579,2,10,150,61,0.08297540479108526
580,2,10,150,61,0.18080124080515705
581,2,10,150,61,0.0
582,2,10,150,61,0.0437514209980628
583,2,10,150,61,0.0
584,2,10,150,61,0.0
585,2,10,150,61,0.08668163308546498
586,2,10,150,61,0.10132509239867551
587,2,10,150,61,0.03459392809572638
588,2,10,150,61,0.053821119735696775
589,2,10,150,61,0.06664199435483577
590,2,10,150,61,0.06139304560474655
591,2,10,150,61,0.0
592,2,10,150,61,0.32910302151367493
593,2,10,150,61,0.04586709436300111
594,2,10,150,61,0.0
595,2,10,150,61,0.0
596,2,10,150,61,0.0
597,2,10,150,61,0.0
598,2,10,150,61,0.0
599,2,10,150,61,0.0
600,2,10,150,61,0.024325165853816375
601,2,10,150,61,0.03369782041898502
602,2,10,150,61,0.0
603,2,10,150,61,0.1435203717549576
604,2,10,150,61,0.0
605,2,10,150,61,0.2645541144793553
606,2,10,150,61,0.23204083039530643
607,2,10,150,61,0.08440880858250024
608,2,10,150,61,0.2120992422792938
609,2,10,150,61,0.0
610,2,10,150,61,0.1629867900167321
611,2,10,150,61,0.08045389590462838
612,2,10,150,61,0.15130120674940672
613,2,10,150,61,0.0
614,2,10,150,61,0.046614515546531544
615,2,10,150,61,0.12047971762374059
616,2,10,150,61,0.0
617,2,10,150,61,0.044257815106106525
618,2,10,150,61,0.18766481803906507
619,2,10,150,61,0.09637551974188778
620,2,10,150,61,0.08396948777462541
621,2,10,150,61,0.06335388063984314
622,2,10,150,61,0.12980296240199146
623,2,10,150,61,0.0
624,2,10,150,61,0.0536466452928127
625,2,10,150,61,0.0
626,2,10,150,61,0.0
627,2,10,150,61,0.0
628,2,10,150,61,0.0
629,2,10,150,61,0.2466228630593721
630,2,10,150,61,0.0
631,2,10,150,61,0.16868725245403154
632,2,10,150,61,0.13439570003165963
633,2,10,150,61,0.07667481399289292
634,2,10,150,61,0.030975021478781034
635,2,10,150,61,0.0
636,2,10,150,61,0.0
637,2,10,150,61,0.0
638,2,10,150,61,0.0
639,2,10,150,61,0.0
640,2,10,150,61,0.040655755922716606
642,2,10,150,61,0.11431346864321287
643,2,10,150,61,0.0
644,2,10,150,61,0.0
645,2,10,150,61,0.09759501249802542
647,2,10,150,61,0.0
648,2,10,150,61,0.18159464350583557
649,2,10,150,61,1.0
650,2,10,150,61,0.0
651,2,10,150,61,0.0
653,2,10,150,61,0.0
654,2,10,150,61,0.058087171966128066
655,2,10,150,61,0.11621678240839849
658,2,10,150,61,0.0
1,2,10,150,62,0.5343723497595074
2,2,10,150,62,0.2268511698743587
3,2,10,150,62,0.03098598178059488
4,2,10,150,62,0.06166887310869151
5,2,10,150,62,0.12620564628865164
6,2,10,150,62,0.17961772474519622
7,2,10,150,62,0.3224779651022499
8,2,10,150,62,0.06653535276206901
9,2,10,150,62,0.0
10,2,10,150,62,0.1898407915550228
11,2,10,150,62,0.10464473261331256
12,2,10,150,62,0.03482606519924978
13,2,10,150,62,0.3577340562492966
14,2,10,150,62,0.12939622934497527
15,2,10,150,62,0.01616702920033762
16,2,10,150,62,0.2662844928132153
17,2,10,150,62,0.10312948447052589
18,2,10,150,62,0.2398315419146445
19,2,10,150,62,0.0
20,2,10,150,62,0.031742154565302834
21,2,10,150,62,0.0
22,2,10,150,62,0.034048751153008455
23,2,10,150,62,0.21391710343217823
24,2,10,150,62,0.08491010262674986
25,2,10,150,62,0.0
26,2,10,150,62,0.11161048176369433
27,2,10,150,62,0.0
28,2,10,150,62,0.1358023930187833
29,2,10,150,62,0.0
30,2,10,150,62,0.0
31,2,10,150,62,0.046287481291184845
32,2,10,150,62,0.11781210270929884
33,2,10,150,62,0.0
34,2,10,150,62,0.07239559903187814
35,2,10,150,62,0.0
36,2,10,150,62,0.0
37,2,10,150,62,0.0
38,2,10,150,62,0.06376817439190983
39,2,10,150,62,0.15820890896021753
40,2,10,150,62,0.2212397779175911
41,2,10,150,62,0.0
42,2,10,150,62,0.17084502871918114
43,2,10,150,62,0.09662598732799078
44,2,10,150,62,0.1565413821318793
45,2,10,150,62,0.0
46,2,10,150,62,0.10684080426179023
47,2,10,150,62,0.11437926488327832
48,2,10,150,62,0.14096272947842173
49,2,10,150,62,0.04407878495393109
50,2,10,150,62,0.046726672111120165
51,2,10,150,62,0.07984133538066794
52,2,10,150,62,0.028947056565878558
53,2,10,150,62,0.12810519548676028
54,2,10,150,62,0.047934103497110726
55,2,10,150,62,0.0
56,2,10,150,62,0.22047893971599028
57,2,10,150,62,0.0524456916588361
58,2,10,150,62,0.1475963700947612
59,2,10,150,62,0.354109694142389
60,2,10,150,62,0.20103170433864823
61,2,10,150,62,0.06416923277158361
62,2,10,150,62,0.18160332589227857
63,2,10,150,62,0.0763437499438357
64,2,10,150,62,0.04583023181159601
65,2,10,150,62,0.18154179097601578
66,2,10,150,62,0.12995427111679475
67,2,10,150,62,0.24630238874073
68,2,10,150,62,0.04358896759704514
69,2,10,150,62,0.10495938403254562
70,2,10,150,62,0.03155184951131585
71,2,10,150,62,0.04416548762473651
72,2,10,150,62,0.28907547922366217
73,2,10,150,62,0.26386730550459286
74,2,10,150,62,0.17342765698823945
75,2,10,150,62,0.16021137204676433
76,2,10,150,62,0.21046795809065558
77,2,10,150,62,0.096890966577576
78,2,10,150,62,0.0
79,2,10,150,62,0.08508236880273473
80,2,10,150,62,0.1744476820873323
81,2,10,150,62,0.0
82,2,10,150,62,0.03364053685802635
83,2,10,150,62,0.046841820324159865
84,2,10,150,62,0.029136604147144557
85,2,10,150,62,0.21453529375408265
86,2,10,150,62,0.07028063830038406
87,2,10,150,62,0.19384373929491494
88,2,10,150,62,0.06294571929989644
89,2,10,150,62,0.2334685083478665
90,2,10,150,62,0.15503466598441912
91,2,10,150,62,0.07054411138080068
92,2,10,150,62,0.12950924613378667
93,2,10,150,62,0.0
94,2,10,150,62,0.27856721041018806
95,2,10,150,62,0.13852268347050534
96,2,10,150,62,0.24124578584280335
97,2,10,150,62,0.2065666702851524
98,2,10,150,62,0.0
99,2,10,150,62,0.11936163195678119
100,2,10,150,62,0.0
101,2,10,150,62,0.0
102,2,10,150,62,0.05671879843401278
103,2,10,150,62,0.04579340374561851
104,2,10,150,62,0.0
105,2,10,150,62,0.0
106,2,10,150,62,0.0
107,2,10,150,62,0.0
108,2,10,150,62,0.04485361187694993
109,2,10,150,62,0.19016172590894406
110,2,10,150,62,0.037578324799282276
111,2,10,150,62,0.09077089626867633
112,2,10,150,62,0.0
113,2,10,150,62,0.178509607681865
114,2,10,150,62,0.02951022367272685
115,2,10,150,62,0.1737092330727855
116,2,10,150,62,0.026497157492079246
117,2,10,150,62,0.027016499607835556
118,2,10,150,62,0.15599061619059726
119,2,10,150,62,0.15212875834435738
120,2,10,150,62,0.361879195385413
121,2,10,150,62,0.115269333086109
122,2,10,150,62,0.1467899073100297
123,2,10,150,62,0.12990556389377814
124,2,10,150,62,0.18903749859471425
125,2,10,150,62,0.1656817885548098
126,2,10,150,62,0.0
127,2,10,150,62,0.12503310750358904
128,2,10,150,62,0.04616148092938704
129,2,10,150,62,0.0
130,2,10,150,62,0.10959623725317116
131,2,10,150,62,0.36227735599025207
132,2,10,150,62,0.12643913909707097
133,2,10,150,62,0.0
134,2,10,150,62,0.0
135,2,10,150,62,0.0
136,2,10,150,62,0.13562562529527972
137,2,10,150,62,0.06049988016540081
138,2,10,150,62,0.10332949630181452
139,2,10,150,62,0.05165643482805862
140,2,10,150,62,0.0
141,2,10,150,62,0.12556328258692692
142,2,10,150,62,0.0
143,2,10,150,62,0.06882065896991112
144,2,10,150,62,0.16664156206392014
145,2,10,150,62,0.0908438634646762
146,2,10,150,62,0.0
147,2,10,150,62,0.06664071636913875
148,2,10,150,62,0.12501466828444513
149,2,10,150,62,0.10486881530019958
150,2,10,150,62,0.0
151,2,10,150,62,0.24821545553482424
152,2,10,150,62,0.04019832975607886
153,2,10,150,62,0.071942683897578
154,2,10,150,62,0.08491065065836505
155,2,10,150,62,0.0
156,2,10,150,62,0.06437746926759551
157,2,10,150,62,0.06857646087959317
158,2,10,150,62,0.15911711737987416
159,2,10,150,62,0.024782300799839303
160,2,10,150,62,0.11705084481334227
161,2,10,150,62,0.0
162,2,10,150,62,0.0
163,2,10,150,62,0.0
164,2,10,150,62,0.029649957429587842
165,2,10,150,62,0.0
166,2,10,150,62,0.06175696970122604
167,2,10,150,62,0.040419659112753054
168,2,10,150,62,0.0641665753731138
169,2,10,150,62,0.03870447337439288
170,2,10,150,62,0.0
171,2,10,150,62,0.0
172,2,10,150,62,0.08232325035020067
173,2,10,150,62,0.0375712667011285
174,2,10,150,62,0.2079709640818112
175,2,10,150,62,0.22732566419594713
176,2,10,150,62,0.0
177,2,10,150,62,0.3152442026717657
178,2,10,150,62,0.17073541025235137
179,2,10,150,62,0.054384419234677496
180,2,10,150,62,0.08391511424653819
181,2,10,150,62,0.043138616966091135
182,2,10,150,62,0.05005165434923901
183,2,10,150,62,0.0
184,2,10,150,62,0.14756349256719412
185,2,10,150,62,0.0
186,2,10,150,62,0.05478814761334652
187,2,10,150,62,0.14023428091042053
188,2,10,150,62,0.29205722210115026
189,2,10,150,62,0.18267316191479394
190,2,10,150,62,0.025938546612492997
191,2,10,150,62,0.0
192,2,10,150,62,0.0
193,2,10,150,62,0.0
194,2,10,150,62,0.12127219433310013
195,2,10,150,62,0.04606861224913365
196,2,10,150,62,0.04485361187694993
197,2,10,150,62,0.14330924581016483
198,2,10,150,62,0.028186415745733433
199,2,10,150,62,0.2529427027676571
200,2,10,150,62,0.2272611513844169
201,2,10,150,62,0.09903790220253664
202,2,10,150,62,0.27487633291429087
203,2,10,150,62,0.10238606821339166
204,2,10,150,62,0.0
205,2,10,150,62,0.1465996756793884
206,2,10,150,62,0.028694189013458257
207,2,10,150,62,0.04233962550030984
208,2,10,150,62,0.05919139647768146
209,2,10,150,62,0.0
210,2,10,150,62,0.18937175954951105
211,2,10,150,62,0.0
212,2,10,150,62,0.11738002835756964
213,2,10,150,62,0.1624219207093304
214,2,10,150,62,0.20576627669258005
215,2,10,150,62,0.11433722369502479
216,2,10,150,62,0.14425650580287722
217,2,10,150,62,0.10298663607405599
218,2,10,150,62,0.1023482199458735
219,2,10,150,62,0.0
220,2,10,150,62,0.0
221,2,10,150,62,0.10144613070733857
222,2,10,150,62,0.09921557472618699
223,2,10,150,62,0.0
224,2,10,150,62,0.029996736818897345
225,2,10,150,62,0.0
226,2,10,150,62,0.10111769293645066
227,2,10,150,62,0.0947812167140767
228,2,10,150,62,0.0
229,2,10,150,62,0.0
230,2,10,150,62,0.28189806324722205
231,2,10,150,62,0.3903800499921017
232,2,10,150,62,0.11605494365670165
233,2,10,150,62,0.13212972170856394
234,2,10,150,62,0.11844268656729401
235,2,10,150,62,0.1075070751982482
236,2,10,150,62,0.14277726217629444
237,2,10,150,62,0.24655736878982118
238,2,10,150,62,0.0
239,2,10,150,62,0.05752505190825261
240,2,10,150,62,0.0
241,2,10,150,62,0.0
242,2,10,150,62,0.07673373981757839
243,2,10,150,62,0.2568245236714982
244,2,10,150,62,0.1710577597010571
245,2,10,150,62,0.0
246,2,10,150,62,0.11225363383428516
247,2,10,150,62,0.0
248,2,10,150,62,0.14176813152020928
249,2,10,150,62,0.21580604760725444
250,2,10,150,62,0.06611248482408215
251,2,10,150,62,0.10803826056443963
252,2,10,150,62,0.1904168294848087
253,2,10,150,62,0.18852956389601477
254,2,10,150,62,0.24287266172558641
255,2,10,150,62,0.04662184073981129
256,2,10,150,62,0.2738527800752222
257,2,10,150,62,0.07766718171217171
258,2,10,150,62,0.0
259,2,10,150,62,0.0
260,2,10,150,62,0.0
261,2,10,150,62,0.0
262,2,10,150,62,0.05887472794707303
263,2,10,150,62,0.112039661883817
264,2,10,150,62,0.07935123938715939
265,2,10,150,62,0.08339602711200374
266,2,10,150,62,0.0
267,2,10,150,62,0.13338816180830973
268,2,10,150,62,0.16514790490315226
269,2,10,150,62,0.09549828936065953
270,2,10,150,62,0.10627471370406062
271,2,10,150,62,0.2264018427829243
272,2,10,150,62,0.33957662813068484
273,2,10,150,62,0.0
274,2,10,150,62,0.05829918151249392
275,2,10,150,62,0.04105877938688906
276,2,10,150,62,0.2193691548892185
277,2,10,150,62,0.0
278,2,10,150,62,0.04305311721683474
279,2,10,150,62,0.24135530164601177
280,2,10,150,62,0.08972735489764598
281,2,10,150,62,0.05516788910004661
282,2,10,150,62,0.0
283,2,10,150,62,0.06286054135527182
284,2,10,150,62,0.0
285,2,10,150,62,0.15002687789384317
286,2,10,150,62,0.11660778401122916
287,2,10,150,62,0.11853073131207159
288,2,10,150,62,0.11495116807881998
289,2,10,150,62,0.06510475888148554
290,2,10,150,62,0.09449357188080848
291,2,10,150,62,0.19311981446500534
292,2,10,150,62,0.3713936936921286
293,2,10,150,62,0.17381110760559265
294,2,10,150,62,0.05942233668176323
295,2,10,150,62,0.1600119304117413
296,2,10,150,62,0.08921274081617625
297,2,10,150,62,0.10547809104886068
298,2,10,150,62,0.37579851912953594
299,2,10,150,62,0.05747112717636877
300,2,10,150,62,0.0
301,2,10,150,62,0.13206777351381838
302,2,10,150,62,0.0
303,2,10,150,62,0.38600608235667305
304,2,10,150,62,0.09811693595042764
305,2,10,150,62,0.15377587171217844
306,2,10,150,62,0.07286537763060504
307,2,10,150,62,0.15107571592228533
308,2,10,150,62,0.13638447015153587
309,2,10,150,62,0.0
310,2,10,150,62,0.0
311,2,10,150,62,0.27813027990129474
312,2,10,150,62,0.10449204769807358
313,2,10,150,62,0.2467302952736882
314,2,10,150,62,0.11459358134623562
315,2,10,150,62,0.18129588776381328
316,2,10,150,62,0.20030147904071285
317,2,10,150,62,0.0
318,2,10,150,62,0.11809408464566347
319,2,10,150,62,0.0
320,2,10,150,62,0.04539294738377069
321,2,10,150,62,0.12530728980532893
322,2,10,150,62,0.35190394711189377
323,2,10,150,62,0.028361369701356044
324,2,10,150,62,0.04342547274117719
325,2,10,150,62,0.0811231025632827
326,2,10,150,62,0.14774251547484274
327,2,10,150,62,0.05680744379356039
328,2,10,150,62,0.15252175270638543
329,2,10,150,62,0.0
330,2,10,150,62,0.11878483706604824
331,2,10,150,62,0.05427266504401326
332,2,10,150,62,0.18967146462948598
333,2,10,150,62,0.05206745415870339
334,2,10,150,62,0.13401729824911673
335,2,10,150,62,0.0
336,2,10,150,62,0.11501232379588432
337,2,10,150,62,0.10934082156401825
338,2,10,150,62,0.12065326649027912
339,2,10,150,62,0.30441322290467004
340,2,10,150,62,0.17896552649342137
341,2,10,150,62,0.0
342,2,10,150,62,0.23901469076497567
343,2,10,150,62,0.30288522924818845
344,2,10,150,62,0.1523980172868318
345,2,10,150,62,0.10686772084589051
346,2,10,150,62,0.23559078301222416
347,2,10,150,62,0.19318603337387616
348,2,10,150,62,0.0
349,2,10,150,62,0.163169180413793
350,2,10,150,62,0.18939048055890495
351,2,10,150,62,0.1610216634970071
352,2,10,150,62,0.3057524544183157
353,2,10,150,62,0.0
354,2,10,150,62,0.09773088752631746
355,2,10,150,62,0.0
356,2,10,150,62,0.10061931714936387
357,2,10,150,62,0.1023343164960757
358,2,10,150,62,0.0
359,2,10,150,62,0.0
360,2,10,150,62,0.22728151171982378
361,2,10,150,62,0.09888240087940003
362,2,10,150,62,0.04690797720830594
363,2,10,150,62,0.2095119591828635
364,2,10,150,62,0.0
365,2,10,150,62,0.0
366,2,10,150,62,0.050143326786652107
367,2,10,150,62,0.05534563970541805
368,2,10,150,62,0.06788053752288492
369,2,10,150,62,0.21386152848601384
370,2,10,150,62,0.0957000625269241
371,2,10,150,62,0.11261727403455081
372,2,10,150,62,0.08461341886182785
373,2,10,150,62,0.12210461561923865
374,2,10,150,62,0.18015317907565206
375,2,10,150,62,0.1676614286651071
376,2,10,150,62,0.07216815292900357
377,2,10,150,62,0.3067552645565975
378,2,10,150,62,0.05464707007837665
379,2,10,150,62,0.2185184617311961
380,2,10,150,62,0.0590647057138947
381,2,10,150,62,0.13460387583977396
382,2,10,150,62,0.14582500956521116
383,2,10,150,62,0.05181989685583115
384,2,10,150,62,0.0
385,2,10,150,62,0.16875550536121145
386,2,10,150,62,0.0
387,2,10,150,62,0.17663503965456462
388,2,10,150,62,0.03275673003454543
389,2,10,150,62,0.2745608947942354
390,2,10,150,62,0.10466779365752882
391,2,10,150,62,0.18344326580289438
392,2,10,150,62,0.09006573473175804
393,2,10,150,62,0.05821559806053724
394,2,10,150,62,0.23203872840181228
395,2,10,150,62,0.09260332994448633
396,2,10,150,62,0.08006506288147622
397,2,10,150,62,0.21870981369224696
398,2,10,150,62,0.12633080592181342
399,2,10,150,62,0.022293609297210012
400,2,10,150,62,0.0
401,2,10,150,62,0.0
402,2,10,150,62,0.1798991830195577
403,2,10,150,62,0.21342888353269066
404,2,10,150,62,0.0
405,2,10,150,62,0.22587469077363606
406,2,10,150,62,0.2681009043750491
407,2,10,150,62,0.08687223379914058
408,2,10,150,62,0.08490303813485527
409,2,10,150,62,0.17872816336442338
410,2,10,150,62,0.1510508871592243
411,2,10,150,62,0.13359023741301432
412,2,10,150,62,0.041062015509212284
413,2,10,150,62,0.19475935863737628
414,2,10,150,62,0.04690797720830594
415,2,10,150,62,0.15582818336744758
416,2,10,150,62,0.478832652968602
417,2,10,150,62,0.28584751377188355
418,2,10,150,62,0.05130633033097092
419,2,10,150,62,0.09817896789964464
420,2,10,150,62,0.13011860784218718
421,2,10,150,62,0.3102692669240346
422,2,10,150,62,0.0654076987556055
423,2,10,150,62,0.0
424,2,10,150,62,0.039270700903099615
425,2,10,150,62,0.052603751226825174
426,2,10,150,62,0.03206656709567107
427,2,10,150,62,0.0
428,2,10,150,62,0.09545062073374358
429,2,10,150,62,0.2630630866500396
430,2,10,150,62,0.17441334704295655
431,2,10,150,62,0.0
432,2,10,150,62,0.08980230529700303
433,2,10,150,62,0.10047622221317463
434,2,10,150,62,0.21435951014939544
435,2,10,150,62,0.3395395457566672
436,2,10,150,62,0.08073573433990566
437,2,10,150,62,0.25221585384790063
438,2,10,150,62,0.11342455428465782
439,2,10,150,62,0.0
440,2,10,150,62,0.032014847745354055
441,2,10,150,62,0.1731866333482261
442,2,10,150,62,0.04062732041938225
443,2,10,150,62,0.0
444,2,10,150,62,0.0796221118108625
445,2,10,150,62,0.02881080092108056
446,2,10,150,62,0.13356958453958645
447,2,10,150,62,0.055923854163236565
448,2,10,150,62,0.024952538365330408
449,2,10,150,62,0.10848432672679821
450,2,10,150,62,0.5085108803641943
451,2,10,150,62,0.05163551141839463
452,2,10,150,62,0.1902417692619368
453,2,10,150,62,0.09829752057467933
454,2,10,150,62,0.0
455,2,10,150,62,0.10027561855808653
456,2,10,150,62,0.09070425946636332
457,2,10,150,62,0.510851751313155
458,2,10,150,62,0.26611344190026054
459,2,10,150,62,0.20154342782727996
460,2,10,150,62,0.07041837375515932
461,2,10,150,62,0.035550340982103974
462,2,10,150,62,0.18564976427020158
463,2,10,150,62,0.21881515471619958
464,2,10,150,62,0.06726768733602535
465,2,10,150,62,0.10783006935442738
466,2,10,150,62,0.12816210679182038
467,2,10,150,62,0.09300532025926726
468,2,10,150,62,0.2288236024598987
469,2,10,150,62,0.05651614765972419
470,2,10,150,62,0.04760723841253984
471,2,10,150,62,0.0
472,2,10,150,62,0.23453433530536127
473,2,10,150,62,0.2622744659873325
474,2,10,150,62,0.4180569870371833
475,2,10,150,62,0.07311683844390994
476,2,10,150,62,0.021791008948563714
477,2,10,150,62,0.07075576072108061
478,2,10,150,62,0.13180376528048332
479,2,10,150,62,0.20618177670308893
480,2,10,150,62,0.15920120556239784
481,2,10,150,62,0.048705796110663196
482,2,10,150,62,0.04290887548434951
483,2,10,150,62,0.0273055648695642
484,2,10,150,62,0.20193976177882433
485,2,10,150,62,0.036556008482007775
486,2,10,150,62,0.019332894898490587
487,2,10,150,62,0.3312134727957865
488,2,10,150,62,0.0
489,2,10,150,62,0.0
490,2,10,150,62,0.11630686983226163
491,2,10,150,62,0.03859643636257609
492,2,10,150,62,0.1338895448360617
493,2,10,150,62,0.2156357729972686
494,2,10,150,62,0.08596118914843212
495,2,10,150,62,0.1804790329314807
496,2,10,150,62,0.023205371908120297
497,2,10,150,62,0.14622609707203416
498,2,10,150,62,0.07358364093338247
499,2,10,150,62,0.09250894728958106
500,2,10,150,62,0.16226976172944588
501,2,10,150,62,0.02184231145035861
502,2,10,150,62,0.06689893193796337
503,2,10,150,62,0.1417689362196019
504,2,10,150,62,0.13094846592407625
505,2,10,150,62,0.05688647497208646
506,2,10,150,62,0.12859464253326292
507,2,10,150,62,0.0
508,2,10,150,62,0.20345924618307185
509,2,10,150,62,0.031611854308622345
510,2,10,150,62,0.0
511,2,10,150,62,0.0
512,2,10,150,62,0.08364069030518707
513,2,10,150,62,0.0600937008083393
514,2,10,150,62,0.16578726587197626
515,2,10,150,62,0.034743705427429224
516,2,10,150,62,0.1340330647732781
517,2,10,150,62,0.07931777113368761
518,2,10,150,62,0.1271756500386261
519,2,10,150,62,0.10560636946921488
520,2,10,150,62,0.0
521,2,10,150,62,0.0
522,2,10,150,62,0.0559167101555819
523,2,10,150,62,0.21950613822622128
524,2,10,150,62,0.12202316558294908
525,2,10,150,62,0.0
526,2,10,150,62,0.02505758835695044
527,2,10,150,62,0.3406799390264829
528,2,10,150,62,0.17766119401073668
529,2,10,150,62,0.0
530,2,10,150,62,0.03067046672709443
531,2,10,150,62,0.0
532,2,10,150,62,0.09927731427217555
533,2,10,150,62,0.034535137708953965
534,2,10,150,62,0.024909303741335254
535,2,10,150,62,0.22324884257835095
536,2,10,150,62,0.16340884055250954
537,2,10,150,62,0.44923333434847845
538,2,10,150,62,0.032394594743117074
539,2,10,150,62,0.09953437200841515
540,2,10,150,62,0.0
541,2,10,150,62,0.06833564325125971
542,2,10,150,62,0.07797598981103891
543,2,10,150,62,0.03725364202376381
544,2,10,150,62,0.0
545,2,10,150,62,0.060216826583478454
546,2,10,150,62,0.03314153504336938
547,2,10,150,62,0.04855455745827926
548,2,10,150,62,0.03883106019841818
549,2,10,150,62,0.0
550,2,10,150,62,0.0
551,2,10,150,62,0.22874218215785966
552,2,10,150,62,0.048059443651065493
553,2,10,150,62,0.13317167485931308
554,2,10,150,62,0.07041837375515932
555,2,10,150,62,0.09809088686968297
556,2,10,150,62,0.16258997327839542
557,2,10,150,62,0.04470486007704452
558,2,10,150,62,0.265053101293003
559,2,10,150,62,0.08620000398338708
560,2,10,150,62,0.028567598460307132
561,2,10,150,62,0.11130088349413012
562,2,10,150,62,0.07720150835011791
563,2,10,150,62,0.0
564,2,10,150,62,0.0
565,2,10,150,62,0.28663011782160785
566,2,10,150,62,0.03548242894850303
567,2,10,150,62,0.04359722747499328
568,2,10,150,62,0.0
569,2,10,150,62,0.17563954439010937
570,2,10,150,62,0.0
571,2,10,150,62,0.0
572,2,10,150,62,0.0
573,2,10,150,62,0.03246641181906899
574,2,10,150,62,0.05058854055353143
575,2,10,150,62,0.05154847002173459
576,2,10,150,62,0.0
577,2,10,150,62,0.0784247757209491
578,2,10,150,62,0.0
579,2,10,150,62,0.08297540479108526
580,2,10,150,62,0.18080124080515705
581,2,10,150,62,0.0
582,2,10,150,62,0.0437514209980628
583,2,10,150,62,0.0
584,2,10,150,62,0.0
585,2,10,150,62,0.08668163308546498
586,2,10,150,62,0.10132509239867551
587,2,10,150,62,0.03459392809572638
588,2,10,150,62,0.053821119735696775
589,2,10,150,62,0.06664199435483577
590,2,10,150,62,0.06139304560474655
591,2,10,150,62,0.0
592,2,10,150,62,0.32542063038892005
593,2,10,150,62,0.04586709436300111
594,2,10,150,62,0.0
595,2,10,150,62,0.0
596,2,10,150,62,0.0
597,2,10,150,62,0.0
598,2,10,150,62,0.0
599,2,10,150,62,0.0
600,2,10,150,62,0.024325165853816375
601,2,10,150,62,0.03369782041898502
602,2,10,150,62,0.0
603,2,10,150,62,0.1435203717549576
604,2,10,150,62,0.0
605,2,10,150,62,0.2645541144793553
606,2,10,150,62,0.23204083039530643
607,2,10,150,62,0.08440880858250024
608,2,10,150,62,0.2120992422792938
609,2,10,150,62,0.0
610,2,10,150,62,0.1629867900167321
611,2,10,150,62,0.08045389590462838
612,2,10,150,62,0.15130120674940672
613,2,10,150,62,0.0
614,2,10,150,62,0.046614515546531544
615,2,10,150,62,0.12047971762374059
616,2,10,150,62,0.0
617,2,10,150,62,0.044257815106106525
618,2,10,150,62,0.18766481803906507
619,2,10,150,62,0.09637551974188778
620,2,10,150,62,0.08396948777462541
621,2,10,150,62,0.06335388063984314
622,2,10,150,62,0.12980296240199146
623,2,10,150,62,0.0
624,2,10,150,62,0.0536466452928127
625,2,10,150,62,0.0
626,2,10,150,62,0.0
627,2,10,150,62,0.0
628,2,10,150,62,0.0
629,2,10,150,62,0.2466228630593721
630,2,10,150,62,0.0
631,2,10,150,62,0.16868725245403154
632,2,10,150,62,0.13439570003165963
633,2,10,150,62,0.07667481399289292
634,2,10,150,62,0.030975021478781034
635,2,10,150,62,0.0
636,2,10,150,62,0.0
637,2,10,150,62,0.0
638,2,10,150,62,0.0
639,2,10,150,62,0.0
640,2,10,150,62,0.040655755922716606
642,2,10,150,62,0.11431346864321287
643,2,10,150,62,0.0
644,2,10,150,62,0.0
645,2,10,150,62,0.09759501249802542
647,2,10,150,62,0.0
648,2,10,150,62,0.18159464350583557
649,2,10,150,62,1.0
650,2,10,150,62,0.0
651,2,10,150,62,0.0
653,2,10,150,62,0.0
654,2,10,150,62,0.058087171966128066
655,2,10,150,62,0.11621678240839849
658,2,10,150,62,0.0
1,2,10,150,63,0.5343723497595074
2,2,10,150,63,0.2268511698743587
3,2,10,150,63,0.03098598178059488
4,2,10,150,63,0.06166887310869151
5,2,10,150,63,0.12620564628865164
6,2,10,150,63,0.17961772474519622
7,2,10,150,63,0.31892299280352066
8,2,10,150,63,0.06653535276206901
9,2,10,150,63,0.0
10,2,10,150,63,0.2043831529067321
11,2,10,150,63,0.10464473261331256
12,2,10,150,63,0.03482606519924978
13,2,10,150,63,0.3537904235118627
14,2,10,150,63,0.12939622934497527
15,2,10,150,63,0.01616702920033762
16,2,10,150,63,0.2662844928132153
17,2,10,150,63,0.10312948447052589
18,2,10,150,63,0.23718765743218767
19,2,10,150,63,0.0
20,2,10,150,63,0.031742154565302834
21,2,10,150,63,0.0
22,2,10,150,63,0.034048751153008455
23,2,10,150,63,0.21391710343217823
24,2,10,150,63,0.10717514219558558
25,2,10,150,63,0.0
26,2,10,150,63,0.11161048176369433
27,2,10,150,63,0.0
28,2,10,150,63,0.1358023930187833
29,2,10,150,63,0.0
30,2,10,150,63,0.0
31,2,10,150,63,0.046287481291184845
32,2,10,150,63,0.11781210270929884
33,2,10,150,63,0.0
34,2,10,150,63,0.07239559903187814
35,2,10,150,63,0.0
36,2,10,150,63,0.0
37,2,10,150,63,0.0
38,2,10,150,63,0.06376817439190983
39,2,10,150,63,0.15820890896021753
40,2,10,150,63,0.2212397779175911
41,2,10,150,63,0.0
42,2,10,150,63,0.18612940640924586
43,2,10,150,63,0.09662598732799078
44,2,10,150,63,0.1565413821318793
45,2,10,150,63,0.0
46,2,10,150,63,0.10684080426179023
47,2,10,150,63,0.11437926488327832
48,2,10,150,63,0.14096272947842173
49,2,10,150,63,0.04407878495393109
50,2,10,150,63,0.046726672111120165
51,2,10,150,63,0.07984133538066794
52,2,10,150,63,0.028947056565878558
53,2,10,150,63,0.12810519548676028
54,2,10,150,63,0.047934103497110726
55,2,10,150,63,0.0
56,2,10,150,63,0.22047893971599028
57,2,10,150,63,0.0524456916588361
58,2,10,150,63,0.1475963700947612
59,2,10,150,63,0.35020601609422053
60,2,10,150,63,0.19881554628312456
61,2,10,150,63,0.06416923277158361
62,2,10,150,63,0.18160332589227857
63,2,10,150,63,0.0763437499438357
64,2,10,150,63,0.04583023181159601
65,2,10,150,63,0.18154179097601578
66,2,10,150,63,0.12995427111679475
67,2,10,150,63,0.24630238874073
68,2,10,150,63,0.04358896759704514
69,2,10,150,63,0.10495938403254562
70,2,10,150,63,0.03155184951131585
71,2,10,150,63,0.04416548762473651
72,2,10,150,63,0.28907547922366217
73,2,10,150,63,0.26386730550459286
74,2,10,150,63,0.17342765698823945
75,2,10,150,63,0.16021137204676433
76,2,10,150,63,0.21046795809065558
77,2,10,150,63,0.096890966577576
78,2,10,150,63,0.0
79,2,10,150,63,0.08508236880273473
80,2,10,150,63,0.1744476820873323
81,2,10,150,63,0.0
82,2,10,150,63,0.03364053685802635
83,2,10,150,63,0.046841820324159865
84,2,10,150,63,0.029136604147144557
85,2,10,150,63,0.2121702731668506
86,2,10,150,63,0.07028063830038406
87,2,10,150,63,0.19384373929491494
88,2,10,150,63,0.06294571929989644
89,2,10,150,63,0.2334685083478665
90,2,10,150,63,0.15332557574396624
91,2,10,150,63,0.07054411138080068
92,2,10,150,63,0.12808154615965373
93,2,10,150,63,0.0
94,2,10,150,63,0.27549630689580834
95,2,10,150,63,0.13699562005602628
96,2,10,150,63,0.24124578584280335
97,2,10,150,63,0.2065666702851524
98,2,10,150,63,0.0
99,2,10,150,63,0.11936163195678119
100,2,10,150,63,0.0
101,2,10,150,63,0.0
102,2,10,150,63,0.05671879843401278
103,2,10,150,63,0.04579340374561851
104,2,10,150,63,0.0
105,2,10,150,63,0.0
106,2,10,150,63,0.0
107,2,10,150,63,0.0
108,2,10,150,63,0.04485361187694993
109,2,10,150,63,0.19016172590894406
110,2,10,150,63,0.037578324799282276
111,2,10,150,63,0.09077089626867633
112,2,10,150,63,0.0
113,2,10,150,63,0.178509607681865
114,2,10,150,63,0.02951022367272685
115,2,10,150,63,0.1737092330727855
116,2,10,150,63,0.026497157492079246
117,2,10,150,63,0.027016499607835556
118,2,10,150,63,0.15599061619059726
119,2,10,150,63,0.15212875834435738
120,2,10,150,63,0.361879195385413
121,2,10,150,63,0.115269333086109
122,2,10,150,63,0.1467899073100297
123,2,10,150,63,0.12990556389377814
124,2,10,150,63,0.18903749859471425
125,2,10,150,63,0.1656817885548098
126,2,10,150,63,0.0
127,2,10,150,63,0.12503310750358904
128,2,10,150,63,0.04616148092938704
129,2,10,150,63,0.0
130,2,10,150,63,0.10838805675824509
131,2,10,150,63,0.36227735599025207
132,2,10,150,63,0.12643913909707097
133,2,10,150,63,0.0
134,2,10,150,63,0.0
135,2,10,150,63,0.0
136,2,10,150,63,0.13562562529527972
137,2,10,150,63,0.06049988016540081
138,2,10,150,63,0.10332949630181452
139,2,10,150,63,0.05165643482805862
140,2,10,150,63,0.0
141,2,10,150,63,0.12556328258692692
142,2,10,150,63,0.0
143,2,10,150,63,0.06882065896991112
144,2,10,150,63,0.16664156206392014
145,2,10,150,63,0.08984240769691831
146,2,10,150,63,0.0
147,2,10,150,63,0.06664071636913875
148,2,10,150,63,0.12501466828444513
149,2,10,150,63,0.10486881530019958
150,2,10,150,63,0.0
151,2,10,150,63,0.24547914743308158
152,2,10,150,63,0.04019832975607886
153,2,10,150,63,0.071942683897578
154,2,10,150,63,0.08491065065836505
155,2,10,150,63,0.0
156,2,10,150,63,0.06437746926759551
157,2,10,150,63,0.06857646087959317
158,2,10,150,63,0.15911711737987416
159,2,10,150,63,0.024782300799839303
160,2,10,150,63,0.11705084481334227
161,2,10,150,63,0.0
162,2,10,150,63,0.0
163,2,10,150,63,0.0
164,2,10,150,63,0.029649957429587842
165,2,10,150,63,0.0
166,2,10,150,63,0.06175696970122604
167,2,10,150,63,0.040419659112753054
168,2,10,150,63,0.0641665753731138
169,2,10,150,63,0.03870447337439288
170,2,10,150,63,0.0
171,2,10,150,63,0.0
172,2,10,150,63,0.08232325035020067
173,2,10,150,63,0.0375712667011285
174,2,10,150,63,0.2220641719546779
175,2,10,150,63,0.22732566419594713
176,2,10,150,63,0.0
177,2,10,150,63,0.3152442026717657
178,2,10,150,63,0.16885323621398926
179,2,10,150,63,0.054384419234677496
180,2,10,150,63,0.08391511424653819
181,2,10,150,63,0.042663060168679184
182,2,10,150,63,0.05005165434923901
183,2,10,150,63,0.0
184,2,10,150,63,0.1459367639681911
185,2,10,150,63,0.0
186,2,10,150,63,0.05478814761334652
187,2,10,150,63,0.14023428091042053
188,2,10,150,63,0.29205722210115026
189,2,10,150,63,0.18267316191479394
190,2,10,150,63,0.025938546612492997
191,2,10,150,63,0.0
192,2,10,150,63,0.0
193,2,10,150,63,0.0
194,2,10,150,63,0.13095922211584654
195,2,10,150,63,0.04606861224913365
196,2,10,150,63,0.04485361187694993
197,2,10,150,63,0.14330924581016483
198,2,10,150,63,0.028186415745733433
199,2,10,150,63,0.2529427027676571
200,2,10,150,63,0.2272611513844169
201,2,10,150,63,0.09794611598160013
202,2,10,150,63,0.27487633291429087
203,2,10,150,63,0.10238606821339166
204,2,10,150,63,0.0
205,2,10,150,63,0.1465996756793884
206,2,10,150,63,0.028694189013458257
207,2,10,150,63,0.04233962550030984
208,2,10,150,63,0.05919139647768146
209,2,10,150,63,0.0
210,2,10,150,63,0.18937175954951105
211,2,10,150,63,0.0
212,2,10,150,63,0.11738002835756964
213,2,10,150,63,0.1624219207093304
214,2,10,150,63,0.20576627669258005
215,2,10,150,63,0.11433722369502479
216,2,10,150,63,0.14425650580287722
217,2,10,150,63,0.10298663607405599
218,2,10,150,63,0.1023482199458735
219,2,10,150,63,0.0
220,2,10,150,63,0.0
221,2,10,150,63,0.10144613070733857
222,2,10,150,63,0.09812182985700728
223,2,10,150,63,0.0
224,2,10,150,63,0.029996736818897345
225,2,10,150,63,0.0
226,2,10,150,63,0.10111769293645066
227,2,10,150,63,0.0947812167140767
228,2,10,150,63,0.0
229,2,10,150,63,0.04581272215238181
230,2,10,150,63,0.28189806324722205
231,2,10,150,63,0.3903800499921017
232,2,10,150,63,0.11605494365670165
233,2,10,150,63,0.13212972170856394
234,2,10,150,63,0.11713698349514674
235,2,10,150,63,0.1075070751982482
236,2,10,150,63,0.14277726217629444
237,2,10,150,63,0.24655736878982118
238,2,10,150,63,0.0
239,2,10,150,63,0.05752505190825261
240,2,10,150,63,0.0
241,2,10,150,63,0.0
242,2,10,150,63,0.07673373981757839
243,2,10,150,63,0.2568245236714982
244,2,10,150,63,0.1710577597010571
245,2,10,150,63,0.0
246,2,10,150,63,0.11225363383428516
247,2,10,150,63,0.0
248,2,10,150,63,0.14176813152020928
249,2,10,150,63,0.21580604760725444
250,2,10,150,63,0.06611248482408215
251,2,10,150,63,0.10803826056443963
252,2,10,150,63,0.1904168294848087
253,2,10,150,63,0.18852956389601477
254,2,10,150,63,0.24287266172558641
255,2,10,150,63,0.04662184073981129
256,2,10,150,63,0.2738527800752222
257,2,10,150,63,0.07766718171217171
258,2,10,150,63,0.0
259,2,10,150,63,0.0
260,2,10,150,63,0.0
261,2,10,150,63,0.0
262,2,10,150,63,0.05887472794707303
263,2,10,150,63,0.112039661883817
264,2,10,150,63,0.07935123938715939
265,2,10,150,63,0.08339602711200374
266,2,10,150,63,0.0
267,2,10,150,63,0.13338816180830973
268,2,10,150,63,0.16332732709425382
269,2,10,150,63,0.0944455235596054
270,2,10,150,63,0.122398451109695
271,2,10,150,63,0.22390600627136803
272,2,10,150,63,0.33957662813068484
273,2,10,150,63,0.0
274,2,10,150,63,0.05829918151249392
275,2,10,150,63,0.04105877938688906
276,2,10,150,63,0.21695084618840677
277,2,10,150,63,0.0
278,2,10,150,63,0.04305311721683474
279,2,10,150,63,0.23869461935340625
280,2,10,150,63,0.08873820743450617
281,2,10,150,63,0.05516788910004661
282,2,10,150,63,0.0
283,2,10,150,63,0.06286054135527182
284,2,10,150,63,0.0
285,2,10,150,63,0.15002687789384317
286,2,10,150,63,0.11532230876381283
287,2,10,150,63,0.11853073131207159
288,2,10,150,63,0.11495116807881998
289,2,10,150,63,0.06510475888148554
290,2,10,150,63,0.09449357188080848
291,2,10,150,63,0.19099087647526966
292,2,10,150,63,0.3713936936921286
293,2,10,150,63,0.1718950273160342
294,2,10,150,63,0.05942233668176323
295,2,10,150,63,0.1600119304117413
296,2,10,150,63,0.08921274081617625
297,2,10,150,63,0.10547809104886068
298,2,10,150,63,0.37579851912953594
299,2,10,150,63,0.05683756988812441
300,2,10,150,63,0.0
301,2,10,150,63,0.1306118685305194
302,2,10,150,63,0.0
303,2,10,150,63,0.3817507809766737
304,2,10,150,63,0.09811693595042764
305,2,10,150,63,0.15377587171217844
306,2,10,150,63,0.07286537763060504
307,2,10,150,63,0.15107571592228533
308,2,10,150,63,0.13488097823632286
309,2,10,150,63,0.0
310,2,10,150,63,0.0
311,2,10,150,63,0.2750641930752587
312,2,10,150,63,0.10334013539644897
313,2,10,150,63,0.24401035946450153
314,2,10,150,63,0.11459358134623562
315,2,10,150,63,0.18129588776381328
316,2,10,150,63,0.20030147904071285
317,2,10,150,63,0.0
318,2,10,150,63,0.11809408464566347
319,2,10,150,63,0.0
320,2,10,150,63,0.04539294738377069
321,2,10,150,63,0.12530728980532893
322,2,10,150,63,0.35190394711189377
323,2,10,150,63,0.028361369701356044
324,2,10,150,63,0.04342547274117719
325,2,10,150,63,0.0811231025632827
326,2,10,150,63,0.14774251547484274
327,2,10,150,63,0.05618120289991144
328,2,10,150,63,0.15084036462874448
329,2,10,150,63,0.0
330,2,10,150,63,0.11878483706604824
331,2,10,150,63,0.05427266504401326
332,2,10,150,63,0.18967146462948598
333,2,10,150,63,0.05206745415870339
334,2,10,150,63,0.13253990185499384
335,2,10,150,63,0.0
336,2,10,150,63,0.11501232379588432
337,2,10,150,63,0.10934082156401825
338,2,10,150,63,0.12065326649027912
339,2,10,150,63,0.30105739493530825
340,2,10,150,63,0.17896552649342137
341,2,10,150,63,0.0
342,2,10,150,63,0.23901469076497567
343,2,10,150,63,0.29954624576344036
344,2,10,150,63,0.1523980172868318
345,2,10,150,63,0.10686772084589051
346,2,10,150,63,0.23299364832992472
347,2,10,150,63,0.19318603337387616
348,2,10,150,63,0.0
349,2,10,150,63,0.163169180413793
350,2,10,150,63,0.18939048055890495
351,2,10,150,63,0.1610216634970071
352,2,10,150,63,0.3057524544183157
353,2,10,150,63,0.0
354,2,10,150,63,0.09665350973470269
355,2,10,150,63,0.0
356,2,10,150,63,0.10061931714936387
357,2,10,150,63,0.12136902042492494
358,2,10,150,63,0.0
359,2,10,150,63,0.0
360,2,10,150,63,0.22728151171982378
361,2,10,150,63,0.11342476223110938
362,2,10,150,63,0.04690797720830594
363,2,10,150,63,0.20720231544980589
364,2,10,150,63,0.0
365,2,10,150,63,0.0
366,2,10,150,63,0.050143326786652107
367,2,10,150,63,0.05534563970541805
368,2,10,150,63,0.06788053752288492
369,2,10,150,63,0.21386152848601384
370,2,10,150,63,0.0957000625269241
371,2,10,150,63,0.11261727403455081
372,2,10,150,63,0.08461341886182785
373,2,10,150,63,0.12075854372271157
374,2,10,150,63,0.17816718427771636
375,2,10,150,63,0.1676614286651071
376,2,10,150,63,0.07216815292900357
377,2,10,150,63,0.3067552645565975
378,2,10,150,63,0.05404464497849812
379,2,10,150,63,0.2185184617311961
380,2,10,150,63,0.0590647057138947
381,2,10,150,63,0.13460387583977396
382,2,10,150,63,0.14582500956521116
383,2,10,150,63,0.05181989685583115
384,2,10,150,63,0.0
385,2,10,150,63,0.166895157642176
386,2,10,150,63,0.0
387,2,10,150,63,0.17468782855517115
388,2,10,150,63,0.03275673003454543
389,2,10,150,63,0.2715341565952445
390,2,10,150,63,0.10466779365752882
391,2,10,150,63,0.18344326580289438
392,2,10,150,63,0.09006573473175804
393,2,10,150,63,0.06859775691349503
394,2,10,150,63,0.23203872840181228
395,2,10,150,63,0.09260332994448633
396,2,10,150,63,0.08006506288147622
397,2,10,150,63,0.21870981369224696
398,2,10,150,63,0.12633080592181342
399,2,10,150,63,0.022047846262004966
400,2,10,150,63,0.0
401,2,10,150,63,0.0
402,2,10,150,63,0.1798991830195577
403,2,10,150,63,0.21342888353269066
404,2,10,150,63,0.0
405,2,10,150,63,0.23440858867631104
406,2,10,150,63,0.26514538061386633
407,2,10,150,63,0.08591456097152039
408,2,10,150,63,0.08490303813485527
409,2,10,150,63,0.17675787783014874
410,2,10,150,63,0.1510508871592243
411,2,10,150,63,0.13359023741301432
412,2,10,150,63,0.041062015509212284
413,2,10,150,63,0.19475935863737628
414,2,10,150,63,0.04690797720830594
415,2,10,150,63,0.15582818336744758
416,2,10,150,63,0.48457796174066464
417,2,10,150,63,0.28269635275287414
418,2,10,150,63,0.05130633033097092
419,2,10,150,63,0.09817896789964464
420,2,10,150,63,0.13011860784218718
421,2,10,150,63,0.3102692669240346
422,2,10,150,63,0.0654076987556055
423,2,10,150,63,0.0
424,2,10,150,63,0.039270700903099615
425,2,10,150,63,0.05202385151689828
426,2,10,150,63,0.03206656709567107
427,2,10,150,63,0.0
428,2,10,150,63,0.09545062073374358
429,2,10,150,63,0.2601630994042053
430,2,10,150,63,0.17441334704295655
431,2,10,150,63,0.0
432,2,10,150,63,0.08980230529700303
433,2,10,150,63,0.10047622221317463
434,2,10,150,63,0.21435951014939544
435,2,10,150,63,0.3357964879043102
436,2,10,150,63,0.08073573433990566
437,2,10,150,63,0.2494354456626612
438,2,10,150,63,0.11342455428465782
439,2,10,150,63,0.0
440,2,10,150,63,0.032014847745354055
441,2,10,150,63,0.1731866333482261
442,2,10,150,63,0.04062732041938225
443,2,10,150,63,0.0
444,2,10,150,63,0.0796221118108625
445,2,10,150,63,0.02881080092108056
446,2,10,150,63,0.13356958453958645
447,2,10,150,63,0.055923854163236565
448,2,10,150,63,0.024952538365330408
449,2,10,150,63,0.10848432672679821
450,2,10,150,63,0.5029050955077812
451,2,10,150,63,0.05163551141839463
452,2,10,150,63,0.18814455862128732
453,2,10,150,63,0.09721389626389593
454,2,10,150,63,0.0
455,2,10,150,63,0.11019411097819094
456,2,10,150,63,0.08970434268235163
457,2,10,150,63,0.5052201608753407
458,2,10,150,63,0.2631798277726256
459,2,10,150,63,0.20154342782727996
460,2,10,150,63,0.07041837375515932
461,2,10,150,63,0.035550340982103974
462,2,10,150,63,0.18564976427020158
463,2,10,150,63,0.21881515471619958
464,2,10,150,63,0.06726768733602535
465,2,10,150,63,0.10783006935442738
466,2,10,150,63,0.12816210679182038
467,2,10,150,63,0.09300532025926726
468,2,10,150,63,0.2288236024598987
469,2,10,150,63,0.05651614765972419
470,2,10,150,63,0.04760723841253984
471,2,10,150,63,0.0
472,2,10,150,63,0.2319488468213742
473,2,10,150,63,0.2622744659873325
474,2,10,150,63,0.41344835894770693
475,2,10,150,63,0.07311683844390994
476,2,10,150,63,0.021791008948563714
477,2,10,150,63,0.07075576072108061
478,2,10,150,63,0.13180376528048332
479,2,10,150,63,0.20390884464570058
480,2,10,150,63,0.15920120556239784
481,2,10,150,63,0.048705796110663196
482,2,10,150,63,0.04290887548434951
483,2,10,150,63,0.0273055648695642
484,2,10,150,63,0.20193976177882433
485,2,10,150,63,0.036556008482007775
486,2,10,150,63,0.01911977055122988
487,2,10,150,63,0.33858612406273586
488,2,10,150,63,0.0
489,2,10,150,63,0.0
490,2,10,150,63,0.11630686983226163
491,2,10,150,63,0.03859643636257609
492,2,10,150,63,0.1338895448360617
493,2,10,150,63,0.2156357729972686
494,2,10,150,63,0.08596118914843212
495,2,10,150,63,0.17848944594568641
496,2,10,150,63,0.023205371908120297
497,2,10,150,63,0.14461411181816555
498,2,10,150,63,0.07358364093338247
499,2,10,150,63,0.09250894728958106
500,2,10,150,63,0.16048091234965436
501,2,10,150,63,0.02184231145035861
502,2,10,150,63,0.06689893193796337
503,2,10,150,63,0.1417689362196019
504,2,10,150,63,0.12950490010160653
505,2,10,150,63,0.05688647497208646
506,2,10,150,63,0.12717702507891748
507,2,10,150,63,0.0
508,2,10,150,63,0.20345924618307185
509,2,10,150,63,0.031611854308622345
510,2,10,150,63,0.0
511,2,10,150,63,0.0
512,2,10,150,63,0.08364069030518707
513,2,10,150,63,0.0600937008083393
514,2,10,150,63,0.16578726587197626
515,2,10,150,63,0.034743705427429224
516,2,10,150,63,0.1340330647732781
517,2,10,150,63,0.07931777113368761
518,2,10,150,63,0.1271756500386261
519,2,10,150,63,0.10560636946921488
520,2,10,150,63,0.0
521,2,10,150,63,0.0
522,2,10,150,63,0.0559167101555819
523,2,10,150,63,0.21950613822622128
524,2,10,150,63,0.12067799158536106
525,2,10,150,63,0.0
526,2,10,150,63,0.02505758835695044
527,2,10,150,63,0.3406799390264829
528,2,10,150,63,0.17766119401073668
529,2,10,150,63,0.0
530,2,10,150,63,0.03067046672709443
531,2,10,150,63,0.0
532,2,10,150,63,0.09818288879098672
533,2,10,150,63,0.034154425005531876
534,2,10,150,63,0.024909303741335254
535,2,10,150,63,0.22078776449868195
536,2,10,150,63,0.16340884055250954
537,2,10,150,63,0.44428102060273694
538,2,10,150,63,0.032394594743117074
539,2,10,150,63,0.09953437200841515
540,2,10,150,63,0.0
541,2,10,150,63,0.06833564325125971
542,2,10,150,63,0.07797598981103891
543,2,10,150,63,0.03725364202376381
544,2,10,150,63,0.0
545,2,10,150,63,0.060216826583478454
546,2,10,150,63,0.03314153504336938
547,2,10,150,63,0.04855455745827926
548,2,10,150,63,0.03883106019841818
549,2,10,150,63,0.0
550,2,10,150,63,0.0
551,2,10,150,63,0.22622054592493365
552,2,10,150,63,0.048059443651065493
553,2,10,150,63,0.13317167485931308
554,2,10,150,63,0.07041837375515932
555,2,10,150,63,0.09809088686968297
556,2,10,150,63,0.16258997327839542
557,2,10,150,63,0.04470486007704452
558,2,10,150,63,0.265053101293003
559,2,10,150,63,0.08620000398338708
560,2,10,150,63,0.028567598460307132
561,2,10,150,63,0.11007391111007817
562,2,10,150,63,0.07720150835011791
563,2,10,150,63,0.0
564,2,10,150,63,0.0
565,2,10,150,63,0.28663011782160785
566,2,10,150,63,0.03548242894850303
567,2,10,150,63,0.04359722747499328
568,2,10,150,63,0.0
569,2,10,150,63,0.17563954439010937
570,2,10,150,63,0.0
571,2,10,150,63,0.0
572,2,10,150,63,0.0
573,2,10,150,63,0.03246641181906899
574,2,10,150,63,0.05058854055353143
575,2,10,150,63,0.05154847002173459
576,2,10,150,63,0.0
577,2,10,150,63,0.0784247757209491
578,2,10,150,63,0.0
579,2,10,150,63,0.08297540479108526
580,2,10,150,63,0.18080124080515705
581,2,10,150,63,0.0
582,2,10,150,63,0.0437514209980628
583,2,10,150,63,0.04215711712794285
584,2,10,150,63,0.0
585,2,10,150,63,0.08668163308546498
586,2,10,150,63,0.10132509239867551
587,2,10,150,63,0.03459392809572638
588,2,10,150,63,0.053821119735696775
589,2,10,150,63,0.06664199435483577
590,2,10,150,63,0.06139304560474655
591,2,10,150,63,0.0
592,2,10,150,63,0.33285714150527274
593,2,10,150,63,0.04586709436300111
594,2,10,150,63,0.0
595,2,10,150,63,0.0
596,2,10,150,63,0.0
597,2,10,150,63,0.0
598,2,10,150,63,0.0
599,2,10,150,63,0.0
600,2,10,150,63,0.024325165853816375
601,2,10,150,63,0.03369782041898502
602,2,10,150,63,0.0
603,2,10,150,63,0.1435203717549576
604,2,10,150,63,0.0
605,2,10,150,63,0.2645541144793553
606,2,10,150,63,0.23204083039530643
607,2,10,150,63,0.08440880858250024
608,2,10,150,63,0.2120992422792938
609,2,10,150,63,0.0
610,2,10,150,63,0.1629867900167321
611,2,10,150,63,0.08045389590462838
612,2,10,150,63,0.15130120674940672
613,2,10,150,63,0.0
614,2,10,150,63,0.046614515546531544
615,2,10,150,63,0.12047971762374059
616,2,10,150,63,0.0
617,2,10,150,63,0.044257815106106525
618,2,10,150,63,0.18766481803906507
619,2,10,150,63,0.09637551974188778
620,2,10,150,63,0.08396948777462541
621,2,10,150,63,0.06335388063984314
622,2,10,150,63,0.12980296240199146
623,2,10,150,63,0.0
624,2,10,150,63,0.0536466452928127
625,2,10,150,63,0.0
626,2,10,150,63,0.0
627,2,10,150,63,0.0
628,2,10,150,63,0.0
629,2,10,150,63,0.2466228630593721
630,2,10,150,63,0.0
631,2,10,150,63,0.16868725245403154
632,2,10,150,63,0.13439570003165963
633,2,10,150,63,0.07667481399289292
634,2,10,150,63,0.030975021478781034
635,2,10,150,63,0.0
636,2,10,150,63,0.0
637,2,10,150,63,0.0
638,2,10,150,63,0.0
639,2,10,150,63,0.0
640,2,10,150,63,0.040655755922716606
642,2,10,150,63,0.1329152156038286
643,2,10,150,63,0.0
644,2,10,150,63,0.0
645,2,10,150,63,0.09759501249802542
647,2,10,150,63,0.0
648,2,10,150,63,0.18159464350583557
649,2,10,150,63,1.0
650,2,10,150,63,0.0
651,2,10,150,63,0.0
653,2,10,150,63,0.0
654,2,10,150,63,0.058087171966128066
655,2,10,150,63,0.11621678240839849
658,2,10,150,63,0.0
1,2,10,150,64,0.5343723497595074
2,2,10,150,64,0.2268511698743587
3,2,10,150,64,0.03098598178059488
4,2,10,150,64,0.06166887310869151
5,2,10,150,64,0.12620564628865164
6,2,10,150,64,0.17961772474519622
7,2,10,150,64,0.3154583207145107
8,2,10,150,64,0.06653535276206901
9,2,10,150,64,0.0
10,2,10,150,64,0.2043831529067321
11,2,10,150,64,0.10464473261331256
12,2,10,150,64,0.03482606519924978
13,2,10,150,64,0.34994696338713055
14,2,10,150,64,0.12939622934497527
15,2,10,150,64,0.01616702920033762
16,2,10,150,64,0.2662844928132153
17,2,10,150,64,0.10312948447052589
18,2,10,150,64,0.23461093052598678
19,2,10,150,64,0.0
20,2,10,150,64,0.031742154565302834
21,2,10,150,64,0.0
22,2,10,150,64,0.034048751153008455
23,2,10,150,64,0.21391710343217823
24,2,10,150,64,0.10717514219558558
25,2,10,150,64,0.0
26,2,10,150,64,0.11161048176369433
27,2,10,150,64,0.0
28,2,10,150,64,0.1358023930187833
29,2,10,150,64,0.0
30,2,10,150,64,0.0
31,2,10,150,64,0.046287481291184845
32,2,10,150,64,0.11781210270929884
33,2,10,150,64,0.0
34,2,10,150,64,0.07239559903187814
35,2,10,150,64,0.0
36,2,10,150,64,0.0
37,2,10,150,64,0.0
38,2,10,150,64,0.06376817439190983
39,2,10,150,64,0.15820890896021753
40,2,10,150,64,0.2212397779175911
41,2,10,150,64,0.0
42,2,10,150,64,0.18612940640924586
43,2,10,150,64,0.09662598732799078
44,2,10,150,64,0.1565413821318793
45,2,10,150,64,0.0
46,2,10,150,64,0.10684080426179023
47,2,10,150,64,0.11437926488327832
48,2,10,150,64,0.14096272947842173
49,2,10,150,64,0.04407878495393109
50,2,10,150,64,0.046726672111120165
51,2,10,150,64,0.07984133538066794
52,2,10,150,64,0.028947056565878558
53,2,10,150,64,0.12810519548676028
54,2,10,150,64,0.047934103497110726
55,2,10,150,64,0.0
56,2,10,150,64,0.22047893971599028
57,2,10,150,64,0.0524456916588361
58,2,10,150,64,0.16366022196121796
59,2,10,150,64,0.34640149576566426
60,2,10,150,64,0.20751934462184024
61,2,10,150,64,0.06416923277158361
62,2,10,150,64,0.18160332589227857
63,2,10,150,64,0.0763437499438357
64,2,10,150,64,0.04583023181159601
65,2,10,150,64,0.18154179097601578
66,2,10,150,64,0.12995427111679475
67,2,10,150,64,0.24630238874073
68,2,10,150,64,0.04358896759704514
69,2,10,150,64,0.10495938403254562
70,2,10,150,64,0.03155184951131585
71,2,10,150,64,0.04416548762473651
72,2,10,150,64,0.28907547922366217
73,2,10,150,64,0.26386730550459286
74,2,10,150,64,0.17342765698823945
75,2,10,150,64,0.16021137204676433
76,2,10,150,64,0.21046795809065558
77,2,10,150,64,0.1240851503174803
78,2,10,150,64,0.0
79,2,10,150,64,0.08508236880273473
80,2,10,150,64,0.1744476820873323
81,2,10,150,64,0.0
82,2,10,150,64,0.03364053685802635
83,2,10,150,64,0.046841820324159865
84,2,10,150,64,0.029136604147144557
85,2,10,150,64,0.209865326705961
86,2,10,150,64,0.07028063830038406
87,2,10,150,64,0.19384373929491494
88,2,10,150,64,0.06294571929989644
89,2,10,150,64,0.2334685083478665
90,2,10,150,64,0.15165989827699614
91,2,10,150,64,0.07054411138080068
92,2,10,150,64,0.1266901113364832
93,2,10,150,64,0.0
94,2,10,150,64,0.27250340771116016
95,2,10,150,64,0.13550734573327422
96,2,10,150,64,0.24124578584280335
97,2,10,150,64,0.23179719718331027
98,2,10,150,64,0.0
99,2,10,150,64,0.11936163195678119
100,2,10,150,64,0.0
101,2,10,150,64,0.0
102,2,10,150,64,0.05671879843401278
103,2,10,150,64,0.04579340374561851
104,2,10,150,64,0.0
105,2,10,150,64,0.0
106,2,10,150,64,0.0
107,2,10,150,64,0.0502464185007399
108,2,10,150,64,0.04485361187694993
109,2,10,150,64,0.19016172590894406
110,2,10,150,64,0.037578324799282276
111,2,10,150,64,0.09077089626867633
112,2,10,150,64,0.0
113,2,10,150,64,0.178509607681865
114,2,10,150,64,0.02951022367272685
115,2,10,150,64,0.1737092330727855
116,2,10,150,64,0.026497157492079246
117,2,10,150,64,0.027016499607835556
118,2,10,150,64,0.15599061619059726
119,2,10,150,64,0.15212875834435738
120,2,10,150,64,0.361879195385413
121,2,10,150,64,0.115269333086109
122,2,10,150,64,0.1467899073100297
123,2,10,150,64,0.12990556389377814
124,2,10,150,64,0.18903749859471425
125,2,10,150,64,0.1656817885548098
126,2,10,150,64,0.0
127,2,10,150,64,0.12503310750358904
128,2,10,150,64,0.04616148092938704
129,2,10,150,64,0.0
130,2,10,150,64,0.1072105653778614
131,2,10,150,64,0.36227735599025207
132,2,10,150,64,0.12643913909707097
133,2,10,150,64,0.0
134,2,10,150,64,0.0
135,2,10,150,64,0.0
136,2,10,150,64,0.13562562529527972
137,2,10,150,64,0.06049988016540081
138,2,10,150,64,0.10332949630181452
139,2,10,150,64,0.05165643482805862
140,2,10,150,64,0.0
141,2,10,150,64,0.12556328258692692
142,2,10,150,64,0.0
143,2,10,150,64,0.06882065896991112
144,2,10,150,64,0.16664156206392014
145,2,10,150,64,0.08886639000806912
146,2,10,150,64,0.0
147,2,10,150,64,0.06664071636913875
148,2,10,150,64,0.12501466828444513
149,2,10,150,64,0.10486881530019958
150,2,10,150,64,0.0
151,2,10,150,64,0.24281234456926512
152,2,10,150,64,0.04019832975607886
153,2,10,150,64,0.071942683897578
154,2,10,150,64,0.08491065065836505
155,2,10,150,64,0.0
156,2,10,150,64,0.06437746926759551
157,2,10,150,64,0.06857646087959317
158,2,10,150,64,0.15911711737987416
159,2,10,150,64,0.024782300799839303
160,2,10,150,64,0.11705084481334227
161,2,10,150,64,0.0
162,2,10,150,64,0.042000540422067044
163,2,10,150,64,0.0
164,2,10,150,64,0.029649957429587842
165,2,10,150,64,0.0
166,2,10,150,64,0.06175696970122604
167,2,10,150,64,0.040419659112753054
168,2,10,150,64,0.0641665753731138
169,2,10,150,64,0.03870447337439288
170,2,10,150,64,0.0
171,2,10,150,64,0.0
172,2,10,150,64,0.08232325035020067
173,2,10,150,64,0.0375712667011285
174,2,10,150,64,0.2220641719546779
175,2,10,150,64,0.22732566419594713
176,2,10,150,64,0.0
177,2,10,150,64,0.3152442026717657
178,2,10,150,64,0.16701887146810837
179,2,10,150,64,0.054384419234677496
180,2,10,150,64,0.08391511424653819
181,2,10,150,64,0.04219958303741685
182,2,10,150,64,0.05005165434923901
183,2,10,150,64,0.0
184,2,10,150,64,0.1459367639681911
185,2,10,150,64,0.0
186,2,10,150,64,0.05478814761334652
187,2,10,150,64,0.14023428091042053
188,2,10,150,64,0.29205722210115026
189,2,10,150,64,0.18267316191479394
190,2,10,150,64,0.025938546612492997
191,2,10,150,64,0.0
192,2,10,150,64,0.0
193,2,10,150,64,0.0
194,2,10,150,64,0.14040018872938148
195,2,10,150,64,0.04606861224913365
196,2,10,150,64,0.04485361187694993
197,2,10,150,64,0.14330924581016483
198,2,10,150,64,0.028186415745733433
199,2,10,150,64,0.2529427027676571
200,2,10,150,64,0.23903021781429204
201,2,10,150,64,0.09688206233251927
202,2,10,150,64,0.27487633291429087
203,2,10,150,64,0.10238606821339166
204,2,10,150,64,0.0
205,2,10,150,64,0.1465996756793884
206,2,10,150,64,0.028694189013458257
207,2,10,150,64,0.04233962550030984
208,2,10,150,64,0.05919139647768146
209,2,10,150,64,0.0
210,2,10,150,64,0.18937175954951105
211,2,10,150,64,0.0
212,2,10,150,64,0.11738002835756964
213,2,10,150,64,0.1624219207093304
214,2,10,150,64,0.22126088594484122
215,2,10,150,64,0.11433722369502479
216,2,10,150,64,0.14425650580287722
217,2,10,150,64,0.10298663607405599
218,2,10,150,64,0.1023482199458735
219,2,10,150,64,0.0
220,2,10,150,64,0.0
221,2,10,150,64,0.10144613070733857
222,2,10,150,64,0.09705586731150466
223,2,10,150,64,0.0
224,2,10,150,64,0.029996736818897345
225,2,10,150,64,0.0
226,2,10,150,64,0.10111769293645066
227,2,10,150,64,0.0947812167140767
228,2,10,150,64,0.0
229,2,10,150,64,0.04581272215238181
230,2,10,150,64,0.28189806324722205
231,2,10,150,64,0.3903800499921017
232,2,10,150,64,0.11605494365670165
233,2,10,150,64,0.13212972170856394
234,2,10,150,64,0.12672811025842756
235,2,10,150,64,0.1075070751982482
236,2,10,150,64,0.14277726217629444
237,2,10,150,64,0.24655736878982118
238,2,10,150,64,0.0
239,2,10,150,64,0.05752505190825261
240,2,10,150,64,0.0
241,2,10,150,64,0.0
242,2,10,150,64,0.07673373981757839
243,2,10,150,64,0.2568245236714982
244,2,10,150,64,0.1710577597010571
245,2,10,150,64,0.0
246,2,10,150,64,0.11225363383428516
247,2,10,150,64,0.0
248,2,10,150,64,0.14176813152020928
249,2,10,150,64,0.21580604760725444
250,2,10,150,64,0.06611248482408215
251,2,10,150,64,0.10803826056443963
252,2,10,150,64,0.1904168294848087
253,2,10,150,64,0.18852956389601477
254,2,10,150,64,0.25691352569511505
255,2,10,150,64,0.04662184073981129
256,2,10,150,64,0.2738527800752222
257,2,10,150,64,0.07766718171217171
258,2,10,150,64,0.0
259,2,10,150,64,0.0
260,2,10,150,64,0.0
261,2,10,150,64,0.0
262,2,10,150,64,0.05887472794707303
263,2,10,150,64,0.112039661883817
264,2,10,150,64,0.07935123938715939
265,2,10,150,64,0.08339602711200374
266,2,10,150,64,0.0
267,2,10,150,64,0.14681575200160665
268,2,10,150,64,0.17241665750587368
269,2,10,150,64,0.09341949916878799
270,2,10,150,64,0.122398451109695
271,2,10,150,64,0.22147356675463487
272,2,10,150,64,0.33957662813068484
273,2,10,150,64,0.0
274,2,10,150,64,0.05829918151249392
275,2,10,150,64,0.04105877938688906
276,2,10,150,64,0.21459396519068222
277,2,10,150,64,0.0
278,2,10,150,64,0.04305311721683474
279,2,10,150,64,0.2361015213199255
280,2,10,150,64,0.08777418540578866
281,2,10,150,64,0.05516788910004661
282,2,10,150,64,0.0
283,2,10,150,64,0.06286054135527182
284,2,10,150,64,0.0
285,2,10,150,64,0.15002687789384317
286,2,10,150,64,0.1140694860027386
287,2,10,150,64,0.11853073131207159
288,2,10,150,64,0.11495116807881998
289,2,10,150,64,0.06510475888148554
290,2,10,150,64,0.09449357188080848
291,2,10,150,64,0.18891601585401907
292,2,10,150,64,0.3713936936921286
293,2,10,150,64,0.18089128111513245
294,2,10,150,64,0.05942233668176323
295,2,10,150,64,0.17324887543722053
296,2,10,150,64,0.10863331355232851
297,2,10,150,64,0.10547809104886068
298,2,10,150,64,0.37579851912953594
299,2,10,150,64,0.05622010565242456
300,2,10,150,64,0.0
301,2,10,150,64,0.12919294513646384
302,2,10,150,64,0.0
303,2,10,150,64,0.3884672324760547
304,2,10,150,64,0.09811693595042764
305,2,10,150,64,0.15377587171217844
306,2,10,150,64,0.07286537763060504
307,2,10,150,64,0.15107571592228533
308,2,10,150,64,0.1334156766708078
309,2,10,150,64,0.0
310,2,10,150,64,0.0
311,2,10,150,64,0.272075988229768
312,2,10,150,64,0.1130811464753875
313,2,10,150,64,0.24135951301898742
314,2,10,150,64,0.12569898539461405
315,2,10,150,64,0.18129588776381328
316,2,10,150,64,0.20030147904071285
317,2,10,150,64,0.0
318,2,10,150,64,0.11809408464566347
319,2,10,150,64,0.0
320,2,10,150,64,0.04539294738377069
321,2,10,150,64,0.12530728980532893
322,2,10,150,64,0.35190394711189377
323,2,10,150,64,0.028361369701356044
324,2,10,150,64,0.04342547274117719
325,2,10,150,64,0.0811231025632827
326,2,10,150,64,0.14774251547484274
327,2,10,150,64,0.05557086921433034
328,2,10,150,64,0.14920168565915617
329,2,10,150,64,0.0
330,2,10,150,64,0.133273186303286
331,2,10,150,64,0.05427266504401326
332,2,10,150,64,0.18967146462948598
333,2,10,150,64,0.05206745415870339
334,2,10,150,64,0.13110003295560715
335,2,10,150,64,0.0
336,2,10,150,64,0.11501232379588432
337,2,10,150,64,0.10934082156401825
338,2,10,150,64,0.12065326649027912
339,2,10,150,64,0.2977868086904808
340,2,10,150,64,0.17896552649342137
341,2,10,150,64,0.0
342,2,10,150,64,0.2507837571948508
343,2,10,150,64,0.29629207613477493
344,2,10,150,64,0.1523980172868318
345,2,10,150,64,0.10686772084589051
346,2,10,150,64,0.2304624837274948
347,2,10,150,64,0.19318603337387616
348,2,10,150,64,0.0
349,2,10,150,64,0.163169180413793
350,2,10,150,64,0.18939048055890495
351,2,10,150,64,0.1610216634970071
352,2,10,150,64,0.3057524544183157
353,2,10,150,64,0.0
354,2,10,150,64,0.0956034985249779
355,2,10,150,64,0.0
356,2,10,150,64,0.10061931714936387
357,2,10,150,64,0.12136902042492494
358,2,10,150,64,0.0
359,2,10,150,64,0.0
360,2,10,150,64,0.22728151171982378
361,2,10,150,64,0.11342476223110938
362,2,10,150,64,0.04690797720830594
363,2,10,150,64,0.20495133921003555
364,2,10,150,64,0.0
365,2,10,150,64,0.0
366,2,10,150,64,0.050143326786652107
367,2,10,150,64,0.05534563970541805
368,2,10,150,64,0.06788053752288492
369,2,10,150,64,0.21386152848601384
370,2,10,150,64,0.0957000625269241
371,2,10,150,64,0.11261727403455081
372,2,10,150,64,0.08461341886182785
373,2,10,150,64,0.11944666353411908
374,2,10,150,64,0.17623163593384142
375,2,10,150,64,0.1676614286651071
376,2,10,150,64,0.07216815292900357
377,2,10,150,64,0.3067552645565975
378,2,10,150,64,0.05345752213930913
379,2,10,150,64,0.2185184617311961
380,2,10,150,64,0.0590647057138947
381,2,10,150,64,0.13460387583977396
382,2,10,150,64,0.14582500956521116
383,2,10,150,64,0.05181989685583115
384,2,10,150,64,0.0
385,2,10,150,64,0.1650820648030843
386,2,10,150,64,0.0
387,2,10,150,64,0.17279007876120217
388,2,10,150,64,0.03275673003454543
389,2,10,150,64,0.26858430087835683
390,2,10,150,64,0.10466779365752882
391,2,10,150,64,0.18344326580289438
392,2,10,150,64,0.09006573473175804
393,2,10,150,64,0.07871619750285419
394,2,10,150,64,0.23203872840181228
395,2,10,150,64,0.09260332994448633
396,2,10,150,64,0.08006506288147622
397,2,10,150,64,0.21870981369224696
398,2,10,150,64,0.12633080592181342
399,2,10,150,64,0.02180832587843133
400,2,10,150,64,0.0
401,2,10,150,64,0.0
402,2,10,150,64,0.1798991830195577
403,2,10,150,64,0.23561122801255002
404,2,10,150,64,0.0
405,2,10,150,64,0.2318620526380287
406,2,10,150,64,0.2622649304096732
407,2,10,150,64,0.08498121408793288
408,2,10,150,64,0.08490303813485527
409,2,10,150,64,0.174837639717345
410,2,10,150,64,0.1510508871592243
411,2,10,150,64,0.13359023741301432
412,2,10,150,64,0.041062015509212284
413,2,10,150,64,0.19475935863737628
414,2,10,150,64,0.04690797720830594
415,2,10,150,64,0.15582818336744758
416,2,10,150,64,0.4901773333454516
417,2,10,150,64,0.27962523469256173
418,2,10,150,64,0.05130633033097092
419,2,10,150,64,0.09817896789964464
420,2,10,150,64,0.13011860784218718
421,2,10,150,64,0.3102692669240346
422,2,10,150,64,0.0654076987556055
423,2,10,150,64,0.0
424,2,10,150,64,0.039270700903099615
425,2,10,150,64,0.05145868189796009
426,2,10,150,64,0.03206656709567107
427,2,10,150,64,0.0
428,2,10,150,64,0.09545062073374358
429,2,10,150,64,0.25733677502673596
430,2,10,150,64,0.17441334704295655
431,2,10,150,64,0.0
432,2,10,150,64,0.08980230529700303
433,2,10,150,64,0.10047622221317463
434,2,10,150,64,0.21435951014939544
435,2,10,150,64,0.3321485078417803
436,2,10,150,64,0.08073573433990566
437,2,10,150,64,0.24672566290601441
438,2,10,150,64,0.11342455428465782
439,2,10,150,64,0.0
440,2,10,150,64,0.056388463063434605
441,2,10,150,64,0.1731866333482261
442,2,10,150,64,0.04062732041938225
443,2,10,150,64,0.0
444,2,10,150,64,0.0796221118108625
445,2,10,150,64,0.02881080092108056
446,2,10,150,64,0.13356958453958645
447,2,10,150,64,0.055923854163236565
448,2,10,150,64,0.049326153683410964
449,2,10,150,64,0.12454817859325495
450,2,10,150,64,0.49744170375759733
451,2,10,150,64,0.05163551141839463
452,2,10,150,64,0.1861006194395305
453,2,10,150,64,0.09615779720346561
454,2,10,150,64,0.0
455,2,10,150,64,0.11986066277249757
456,2,10,150,64,0.08872982488536733
457,2,10,150,64,0.49973161903393054
458,2,10,150,64,0.26032073067316996
459,2,10,150,64,0.20154342782727996
460,2,10,150,64,0.07041837375515932
461,2,10,150,64,0.035550340982103974
462,2,10,150,64,0.18564976427020158
463,2,10,150,64,0.21881515471619958
464,2,10,150,64,0.06726768733602535
465,2,10,150,64,0.10783006935442738
466,2,10,150,64,0.12816210679182038
467,2,10,150,64,0.09300532025926726
468,2,10,150,64,0.2288236024598987
469,2,10,150,64,0.05651614765972419
470,2,10,150,64,0.04760723841253984
471,2,10,150,64,0.0
472,2,10,150,64,0.22942903259099934
473,2,10,150,64,0.2622744659873325
474,2,10,150,64,0.4089567950849045
475,2,10,150,64,0.07311683844390994
476,2,10,150,64,0.021791008948563714
477,2,10,150,64,0.07075576072108061
478,2,10,150,64,0.13180376528048332
479,2,10,150,64,0.20169364756462507
480,2,10,150,64,0.15920120556239784
481,2,10,150,64,0.048705796110663196
482,2,10,150,64,0.04290887548434951
483,2,10,150,64,0.0273055648695642
484,2,10,150,64,0.20193976177882433
485,2,10,150,64,0.036556008482007775
486,2,10,150,64,0.01891205979699796
487,2,10,150,64,0.33490783833158155
488,2,10,150,64,0.0
489,2,10,150,64,0.0
490,2,10,150,64,0.11630686983226163
491,2,10,150,64,0.03859643636257609
492,2,10,150,64,0.1338895448360617
493,2,10,150,64,0.2156357729972686
494,2,10,150,64,0.08596118914843212
495,2,10,150,64,0.17655039665947878
496,2,10,150,64,0.023205371908120297
497,2,10,150,64,0.1430430727642268
498,2,10,150,64,0.07358364093338247
499,2,10,150,64,0.09250894728958106
500,2,10,150,64,0.1587375017132841
501,2,10,150,64,0.02184231145035861
502,2,10,150,64,0.06689893193796337
503,2,10,150,64,0.1417689362196019
504,2,10,150,64,0.12809800244011219
505,2,10,150,64,0.05688647497208646
506,2,10,150,64,0.12579541666843294
507,2,10,150,64,0.0
508,2,10,150,64,0.20345924618307185
509,2,10,150,64,0.031611854308622345
510,2,10,150,64,0.0
511,2,10,150,64,0.0
512,2,10,150,64,0.08364069030518707
513,2,10,150,64,0.0600937008083393
514,2,10,150,64,0.16578726587197626
515,2,10,150,64,0.034743705427429224
516,2,10,150,64,0.1340330647732781
517,2,10,150,64,0.07931777113368761
518,2,10,150,64,0.1271756500386261
519,2,10,150,64,0.10560636946921488
520,2,10,150,64,0.0
521,2,10,150,64,0.0
522,2,10,150,64,0.0559167101555819
523,2,10,150,64,0.21950613822622128
524,2,10,150,64,0.11936698648808618
525,2,10,150,64,0.0
526,2,10,150,64,0.02505758835695044
527,2,10,150,64,0.3406799390264829
528,2,10,150,64,0.17766119401073668
529,2,10,150,64,0.0
530,2,10,150,64,0.03067046672709443
531,2,10,150,64,0.0
532,2,10,150,64,0.09711626292176924
533,2,10,150,64,0.03378338282386719
534,2,10,150,64,0.024909303741335254
535,2,10,150,64,0.21838920051140384
536,2,10,150,64,0.16340884055250954
537,2,10,150,64,0.4394545010776694
538,2,10,150,64,0.032394594743117074
539,2,10,150,64,0.09953437200841515
540,2,10,150,64,0.0
541,2,10,150,64,0.06833564325125971
542,2,10,150,64,0.07797598981103891
543,2,10,150,64,0.03725364202376381
544,2,10,150,64,0.0
545,2,10,150,64,0.060216826583478454
546,2,10,150,64,0.03314153504336938
547,2,10,150,64,0.04855455745827926
548,2,10,150,64,0.03883106019841818
549,2,10,150,64,0.0
550,2,10,150,64,0.0
551,2,10,150,64,0.22376296202815402
552,2,10,150,64,0.048059443651065493
553,2,10,150,64,0.13317167485931308
554,2,10,150,64,0.07041837375515932
555,2,10,150,64,0.09809088686968297
556,2,10,150,64,0.16258997327839542
557,2,10,150,64,0.04470486007704452
558,2,10,150,64,0.265053101293003
559,2,10,150,64,0.08620000398338708
560,2,10,150,64,0.028567598460307132
561,2,10,150,64,0.1088781051752386
562,2,10,150,64,0.07720150835011791
563,2,10,150,64,0.0
564,2,10,150,64,0.0
565,2,10,150,64,0.28663011782160785
566,2,10,150,64,0.03548242894850303
567,2,10,150,64,0.04359722747499328
568,2,10,150,64,0.0
569,2,10,150,64,0.17563954439010937
570,2,10,150,64,0.0
571,2,10,150,64,0.0
572,2,10,150,64,0.0
573,2,10,150,64,0.03246641181906899
574,2,10,150,64,0.05058854055353143
575,2,10,150,64,0.05154847002173459
576,2,10,150,64,0.0
577,2,10,150,64,0.0784247757209491
578,2,10,150,64,0.0
579,2,10,150,64,0.08297540479108526
580,2,10,150,64,0.18080124080515705
581,2,10,150,64,0.0
582,2,10,150,64,0.0437514209980628
583,2,10,150,64,0.04215711712794285
584,2,10,150,64,0.0
585,2,10,150,64,0.08668163308546498
586,2,10,150,64,0.10132509239867551
587,2,10,150,64,0.03459392809572638
588,2,10,150,64,0.053821119735696775
589,2,10,150,64,0.06664199435483577
590,2,10,150,64,0.06139304560474655
591,2,10,150,64,0.0
592,2,10,150,64,0.3292410935130497
593,2,10,150,64,0.04586709436300111
594,2,10,150,64,0.0
595,2,10,150,64,0.0
596,2,10,150,64,0.0
597,2,10,150,64,0.0
598,2,10,150,64,0.0
599,2,10,150,64,0.0
600,2,10,150,64,0.024325165853816375
601,2,10,150,64,0.03369782041898502
602,2,10,150,64,0.0
603,2,10,150,64,0.1435203717549576
604,2,10,150,64,0.0
605,2,10,150,64,0.2645541144793553
606,2,10,150,64,0.23204083039530643
607,2,10,150,64,0.08440880858250024
608,2,10,150,64,0.2120992422792938
609,2,10,150,64,0.0
610,2,10,150,64,0.1629867900167321
611,2,10,150,64,0.08045389590462838
612,2,10,150,64,0.15130120674940672
613,2,10,150,64,0.0
614,2,10,150,64,0.08861505596859857
615,2,10,150,64,0.12047971762374059
616,2,10,150,64,0.0
617,2,10,150,64,0.044257815106106525
618,2,10,150,64,0.18766481803906507
619,2,10,150,64,0.09637551974188778
620,2,10,150,64,0.08396948777462541
621,2,10,150,64,0.06335388063984314
622,2,10,150,64,0.12980296240199146
623,2,10,150,64,0.0
624,2,10,150,64,0.0536466452928127
625,2,10,150,64,0.0
626,2,10,150,64,0.0
627,2,10,150,64,0.0
628,2,10,150,64,0.0
629,2,10,150,64,0.2466228630593721
630,2,10,150,64,0.0
631,2,10,150,64,0.16868725245403154
632,2,10,150,64,0.13439570003165963
633,2,10,150,64,0.07667481399289292
634,2,10,150,64,0.030975021478781034
635,2,10,150,64,0.0
636,2,10,150,64,0.0
637,2,10,150,64,0.0
638,2,10,150,64,0.0
639,2,10,150,64,0.0
640,2,10,150,64,0.040655755922716606
642,2,10,150,64,0.1329152156038286
643,2,10,150,64,0.0
644,2,10,150,64,0.0
645,2,10,150,64,0.09759501249802542
647,2,10,150,64,0.0
648,2,10,150,64,0.18159464350583557
649,2,10,150,64,1.0
650,2,10,150,64,0.0
651,2,10,150,64,0.0
653,2,10,150,64,0.0
654,2,10,150,64,0.058087171966128066
655,2,10,150,64,0.11621678240839849
658,2,10,150,64,0.0
1,2,10,150,65,0.5343723497595074
2,2,10,150,65,0.2268511698743587
3,2,10,150,65,0.03098598178059488
4,2,10,150,65,0.06166887310869151
5,2,10,150,65,0.12620564628865164
6,2,10,150,65,0.17961772474519622
7,2,10,150,65,0.31208033959101567
8,2,10,150,65,0.06653535276206901
9,2,10,150,65,0.0
10,2,10,150,65,0.2043831529067321
11,2,10,150,65,0.10464473261331256
12,2,10,150,65,0.03482606519924978
13,2,10,150,65,0.35690784139464443
14,2,10,150,65,0.12939622934497527
15,2,10,150,65,0.01616702920033762
16,2,10,150,65,0.2662844928132153
17,2,10,150,65,0.10312948447052589
18,2,10,150,65,0.24280684630641877
19,2,10,150,65,0.0
20,2,10,150,65,0.031742154565302834
21,2,10,150,65,0.0
22,2,10,150,65,0.05035691655673683
23,2,10,150,65,0.21391710343217823
24,2,10,150,65,0.10717514219558558
25,2,10,150,65,0.0
26,2,10,150,65,0.11161048176369433
27,2,10,150,65,0.0
28,2,10,150,65,0.1358023930187833
29,2,10,150,65,0.0
30,2,10,150,65,0.0
31,2,10,150,65,0.046287481291184845
32,2,10,150,65,0.11781210270929884
33,2,10,150,65,0.0
34,2,10,150,65,0.07239559903187814
35,2,10,150,65,0.0
36,2,10,150,65,0.0
37,2,10,150,65,0.0
38,2,10,150,65,0.06376817439190983
39,2,10,150,65,0.15820890896021753
40,2,10,150,65,0.2212397779175911
41,2,10,150,65,0.0
42,2,10,150,65,0.20130152528989256
43,2,10,150,65,0.09662598732799078
44,2,10,150,65,0.1565413821318793
45,2,10,150,65,0.0
46,2,10,150,65,0.10684080426179023
47,2,10,150,65,0.11437926488327832
48,2,10,150,65,0.14096272947842173
49,2,10,150,65,0.04407878495393109
50,2,10,150,65,0.046726672111120165
51,2,10,150,65,0.07984133538066794
52,2,10,150,65,0.05244652348163508
53,2,10,150,65,0.12810519548676028
54,2,10,150,65,0.047934103497110726
55,2,10,150,65,0.0
56,2,10,150,65,0.22047893971599028
57,2,10,150,65,0.0524456916588361
58,2,10,150,65,0.16366022196121796
59,2,10,150,65,0.3426921698832576
60,2,10,150,65,0.20529719233463828
61,2,10,150,65,0.06416923277158361
62,2,10,150,65,0.18160332589227857
63,2,10,150,65,0.0763437499438357
64,2,10,150,65,0.04583023181159601
65,2,10,150,65,0.18154179097601578
66,2,10,150,65,0.12995427111679475
67,2,10,150,65,0.24630238874073
68,2,10,150,65,0.04358896759704514
69,2,10,150,65,0.10495938403254562
70,2,10,150,65,0.03155184951131585
71,2,10,150,65,0.04416548762473651
72,2,10,150,65,0.28907547922366217
73,2,10,150,65,0.26386730550459286
74,2,10,150,65,0.17342765698823945
75,2,10,150,65,0.16021137204676433
76,2,10,150,65,0.21046795809065558
77,2,10,150,65,0.1240851503174803
78,2,10,150,65,0.0
79,2,10,150,65,0.08508236880273473
80,2,10,150,65,0.1744476820873323
81,2,10,150,65,0.0
82,2,10,150,65,0.03364053685802635
83,2,10,150,65,0.046841820324159865
84,2,10,150,65,0.029136604147144557
85,2,10,150,65,0.20761805324529226
86,2,10,150,65,0.07028063830038406
87,2,10,150,65,0.19384373929491494
88,2,10,150,65,0.06294571929989644
89,2,10,150,65,0.2334685083478665
90,2,10,150,65,0.15003589840148007
91,2,10,150,65,0.07054411138080068
92,2,10,150,65,0.1253334921683509
93,2,10,150,65,0.0
94,2,10,150,65,0.2695853950708487
95,2,10,150,65,0.1340563101259549
96,2,10,150,65,0.24124578584280335
97,2,10,150,65,0.23179719718331027
98,2,10,150,65,0.0
99,2,10,150,65,0.11936163195678119
100,2,10,150,65,0.0
101,2,10,150,65,0.0
102,2,10,150,65,0.05671879843401278
103,2,10,150,65,0.04579340374561851
104,2,10,150,65,0.0
105,2,10,150,65,0.0
106,2,10,150,65,0.0
107,2,10,150,65,0.0502464185007399
108,2,10,150,65,0.04485361187694993
109,2,10,150,65,0.19016172590894406
110,2,10,150,65,0.037578324799282276
111,2,10,150,65,0.09077089626867633
112,2,10,150,65,0.0
113,2,10,150,65,0.178509607681865
114,2,10,150,65,0.02951022367272685
115,2,10,150,65,0.1737092330727855
116,2,10,150,65,0.026497157492079246
117,2,10,150,65,0.053087643823189194
118,2,10,150,65,0.15599061619059726
119,2,10,150,65,0.15212875834435738
120,2,10,150,65,0.361879195385413
121,2,10,150,65,0.115269333086109
122,2,10,150,65,0.1467899073100297
123,2,10,150,65,0.12990556389377814
124,2,10,150,65,0.18903749859471425
125,2,10,150,65,0.1656817885548098
126,2,10,150,65,0.0
127,2,10,150,65,0.12503310750358904
128,2,10,150,65,0.04616148092938704
129,2,10,150,65,0.0
130,2,10,150,65,0.10606253648686444
131,2,10,150,65,0.36227735599025207
132,2,10,150,65,0.12643913909707097
133,2,10,150,65,0.0
134,2,10,150,65,0.0
135,2,10,150,65,0.0
136,2,10,150,65,0.13562562529527972
137,2,10,150,65,0.06049988016540081
138,2,10,150,65,0.10332949630181452
139,2,10,150,65,0.05165643482805862
140,2,10,150,65,0.0
141,2,10,150,65,0.12556328258692692
142,2,10,150,65,0.0
143,2,10,150,65,0.06882065896991112
144,2,10,150,65,0.16664156206392014
145,2,10,150,65,0.08791479365365856
146,2,10,150,65,0.0
147,2,10,150,65,0.06664071636913875
148,2,10,150,65,0.12501466828444513
149,2,10,150,65,0.10486881530019958
150,2,10,150,65,0.0
151,2,10,150,65,0.24021226886148614
152,2,10,150,65,0.04019832975607886
153,2,10,150,65,0.071942683897578
154,2,10,150,65,0.08491065065836505
155,2,10,150,65,0.0
156,2,10,150,65,0.06437746926759551
157,2,10,150,65,0.06857646087959317
158,2,10,150,65,0.15911711737987416
159,2,10,150,65,0.024782300799839303
160,2,10,150,65,0.11705084481334227
161,2,10,150,65,0.0
162,2,10,150,65,0.042000540422067044
163,2,10,150,65,0.0
164,2,10,150,65,0.029649957429587842
165,2,10,150,65,0.0
166,2,10,150,65,0.06175696970122604
167,2,10,150,65,0.040419659112753054
168,2,10,150,65,0.0641665753731138
169,2,10,150,65,0.03870447337439288
170,2,10,150,65,0.0
171,2,10,150,65,0.0
172,2,10,150,65,0.08232325035020067
173,2,10,150,65,0.0375712667011285
174,2,10,150,65,0.2220641719546779
175,2,10,150,65,0.22732566419594713
176,2,10,150,65,0.0
177,2,10,150,65,0.3152442026717657
178,2,10,150,65,0.16523040510650208
179,2,10,150,65,0.054384419234677496
180,2,10,150,65,0.08391511424653819
181,2,10,150,65,0.04174770275542942
182,2,10,150,65,0.05005165434923901
183,2,10,150,65,0.0
184,2,10,150,65,0.1459367639681911
185,2,10,150,65,0.0
186,2,10,150,65,0.05478814761334652
187,2,10,150,65,0.14023428091042053
188,2,10,150,65,0.29205722210115026
189,2,10,150,65,0.18267316191479394
190,2,10,150,65,0.025938546612492997
191,2,10,150,65,0.0
192,2,10,150,65,0.0
193,2,10,150,65,0.0
194,2,10,150,65,0.1496049290882826
195,2,10,150,65,0.04606861224913365
196,2,10,150,65,0.04485361187694993
197,2,10,150,65,0.14330924581016483
198,2,10,150,65,0.028186415745733433
199,2,10,150,65,0.2529427027676571
200,2,10,150,65,0.23903021781429204
201,2,10,150,65,0.09584463280134296
202,2,10,150,65,0.27487633291429087
203,2,10,150,65,0.10238606821339166
204,2,10,150,65,0.04184748674107046
205,2,10,150,65,0.1465996756793884
206,2,10,150,65,0.028694189013458257
207,2,10,150,65,0.04233962550030984
208,2,10,150,65,0.05919139647768146
209,2,10,150,65,0.0
210,2,10,150,65,0.18937175954951105
211,2,10,150,65,0.0
212,2,10,150,65,0.11738002835756964
213,2,10,150,65,0.1624219207093304
214,2,10,150,65,0.23669903147168767
215,2,10,150,65,0.11433722369502479
216,2,10,150,65,0.14425650580287722
217,2,10,150,65,0.10298663607405599
218,2,10,150,65,0.1023482199458735
219,2,10,150,65,0.0
220,2,10,150,65,0.0
221,2,10,150,65,0.10144613070733857
222,2,10,150,65,0.09601657664717818
223,2,10,150,65,0.0
224,2,10,150,65,0.029996736818897345
225,2,10,150,65,0.0
226,2,10,150,65,0.10111769293645066
227,2,10,150,65,0.0947812167140767
228,2,10,150,65,0.0
229,2,10,150,65,0.04581272215238181
230,2,10,150,65,0.29885542969810625
231,2,10,150,65,0.3903800499921017
232,2,10,150,65,0.11605494365670165
233,2,10,150,65,0.13212972170856394
234,2,10,150,65,0.12537108419140372
235,2,10,150,65,0.1075070751982482
236,2,10,150,65,0.14277726217629444
237,2,10,150,65,0.24655736878982118
238,2,10,150,65,0.0
239,2,10,150,65,0.07353036567890302
240,2,10,150,65,0.0
241,2,10,150,65,0.0
242,2,10,150,65,0.07673373981757839
243,2,10,150,65,0.2568245236714982
244,2,10,150,65,0.1710577597010571
245,2,10,150,65,0.0
246,2,10,150,65,0.11225363383428516
247,2,10,150,65,0.0
248,2,10,150,65,0.14176813152020928
249,2,10,150,65,0.21580604760725444
250,2,10,150,65,0.06611248482408215
251,2,10,150,65,0.10803826056443963
252,2,10,150,65,0.1904168294848087
253,2,10,150,65,0.18852956389601477
254,2,10,150,65,0.25691352569511505
255,2,10,150,65,0.04662184073981129
256,2,10,150,65,0.2738527800752222
257,2,10,150,65,0.07766718171217171
258,2,10,150,65,0.0
259,2,10,150,65,0.0
260,2,10,150,65,0.0
261,2,10,150,65,0.0
262,2,10,150,65,0.05887472794707303
263,2,10,150,65,0.13009795915406797
264,2,10,150,65,0.07935123938715939
265,2,10,150,65,0.08339602711200374
266,2,10,150,65,0.0
267,2,10,150,65,0.14681575200160665
268,2,10,150,65,0.17057039073721855
269,2,10,150,65,0.09241914735038052
270,2,10,150,65,0.122398451109695
271,2,10,150,65,0.2191019902935805
272,2,10,150,65,0.33957662813068484
273,2,10,150,65,0.0
274,2,10,150,65,0.05829918151249392
275,2,10,150,65,0.04105877938688906
276,2,10,150,65,0.2122960566682879
277,2,10,150,65,0.0
278,2,10,150,65,0.04305311721683474
279,2,10,150,65,0.2335733062440298
280,2,10,150,65,0.08683428456323254
281,2,10,150,65,0.05516788910004661
282,2,10,150,65,0.0
283,2,10,150,65,0.06286054135527182
284,2,10,150,65,0.0
285,2,10,150,65,0.15002687789384317
286,2,10,150,65,0.11284801062807967
287,2,10,150,65,0.11853073131207159
288,2,10,150,65,0.11495116807881998
289,2,10,150,65,0.06510475888148554
290,2,10,150,65,0.09449357188080848
291,2,10,150,65,0.18689307116187925
292,2,10,150,65,0.3713936936921286
293,2,10,150,65,0.17895426664162692
294,2,10,150,65,0.05942233668176323
295,2,10,150,65,0.17324887543722053
296,2,10,150,65,0.10863331355232851
297,2,10,150,65,0.10547809104886068
298,2,10,150,65,0.37579851912953594
299,2,10,150,65,0.05561809123979268
300,2,10,150,65,0.0
301,2,10,150,65,0.12780952520012728
302,2,10,150,65,0.0
303,2,10,150,65,0.38430745956079837
304,2,10,150,65,0.09811693595042764
305,2,10,150,65,0.15377587171217844
306,2,10,150,65,0.07286537763060504
307,2,10,150,65,0.15107571592228533
308,2,10,150,65,0.13198703901004954
309,2,10,150,65,0.0
310,2,10,150,65,0.0
311,2,10,150,65,0.27987072182731326
312,2,10,150,65,0.12390522186546782
313,2,10,150,65,0.23877499447749698
314,2,10,150,65,0.12569898539461405
315,2,10,150,65,0.18129588776381328
316,2,10,150,65,0.20030147904071285
317,2,10,150,65,0.0
318,2,10,150,65,0.11809408464566347
319,2,10,150,65,0.0
320,2,10,150,65,0.04539294738377069
321,2,10,150,65,0.12530728980532893
322,2,10,150,65,0.35190394711189377
323,2,10,150,65,0.028361369701356044
324,2,10,150,65,0.04342547274117719
325,2,10,150,65,0.0811231025632827
326,2,10,150,65,0.14774251547484274
327,2,10,150,65,0.054975806935430735
328,2,10,150,65,0.1476040087406691
329,2,10,150,65,0.0
330,2,10,150,65,0.133273186303286
331,2,10,150,65,0.05427266504401326
332,2,10,150,65,0.18967146462948598
333,2,10,150,65,0.05206745415870339
334,2,10,150,65,0.1296961915999233
335,2,10,150,65,0.0
336,2,10,150,65,0.11501232379588432
337,2,10,150,65,0.10934082156401825
338,2,10,150,65,0.12065326649027912
339,2,10,150,65,0.29459805711054504
340,2,10,150,65,0.17896552649342137
341,2,10,150,65,0.0
342,2,10,150,65,0.2507837571948508
343,2,10,150,65,0.29311933040419014
344,2,10,150,65,0.1523980172868318
345,2,10,150,65,0.10686772084589051
346,2,10,150,65,0.22799465242115308
347,2,10,150,65,0.19318603337387616
348,2,10,150,65,0.0
349,2,10,150,65,0.163169180413793
350,2,10,150,65,0.18939048055890495
351,2,10,150,65,0.1610216634970071
352,2,10,150,65,0.3057524544183157
353,2,10,150,65,0.0
354,2,10,150,65,0.09457976007158733
355,2,10,150,65,0.0
356,2,10,150,65,0.10061931714936387
357,2,10,150,65,0.12136902042492494
358,2,10,150,65,0.0
359,2,10,150,65,0.0
360,2,10,150,65,0.22728151171982378
361,2,10,150,65,0.12786031464335298
362,2,10,150,65,0.04690797720830594
363,2,10,150,65,0.2027566855596946
364,2,10,150,65,0.0
365,2,10,150,65,0.0
366,2,10,150,65,0.050143326786652107
367,2,10,150,65,0.05534563970541805
368,2,10,150,65,0.06788053752288492
369,2,10,150,65,0.21386152848601384
370,2,10,150,65,0.0957000625269241
371,2,10,150,65,0.11261727403455081
372,2,10,150,65,0.08461341886182785
373,2,10,150,65,0.1181676084317879
374,2,10,150,65,0.1743445177300838
375,2,10,150,65,0.1676614286651071
376,2,10,150,65,0.07216815292900357
377,2,10,150,65,0.3067552645565975
378,2,10,150,65,0.052885089938800374
379,2,10,150,65,0.2185184617311961
380,2,10,150,65,0.0590647057138947
381,2,10,150,65,0.13460387583977396
382,2,10,150,65,0.14582500956521116
383,2,10,150,65,0.05181989685583115
384,2,10,150,65,0.0
385,2,10,150,65,0.1633143380952601
386,2,10,150,65,0.0
387,2,10,150,65,0.18164798269216645
388,2,10,150,65,0.03275673003454543
389,2,10,150,65,0.2657082546977418
390,2,10,150,65,0.10466779365752882
391,2,10,150,65,0.18344326580289438
392,2,10,150,65,0.09006573473175804
393,2,10,150,65,0.08858146048646558
394,2,10,150,65,0.23203872840181228
395,2,10,150,65,0.11969841567562063
396,2,10,150,65,0.08006506288147622
397,2,10,150,65,0.21870981369224696
398,2,10,150,65,0.12633080592181342
399,2,10,150,65,0.02157479863151798
400,2,10,150,65,0.0
401,2,10,150,65,0.0
402,2,10,150,65,0.1798991830195577
403,2,10,150,65,0.23561122801255002
404,2,10,150,65,0.0
405,2,10,150,65,0.22937923451076525
406,2,10,150,65,0.25945655311827065
407,2,10,150,65,0.08407122085525945
408,2,10,150,65,0.08490303813485527
409,2,10,150,65,0.174837639717345
410,2,10,150,65,0.1510508871592243
411,2,10,150,65,0.13359023741301432
412,2,10,150,65,0.041062015509212284
413,2,10,150,65,0.19475935863737628
414,2,10,150,65,0.04690797720830594
415,2,10,150,65,0.15582818336744758
416,2,10,150,65,0.495636600802364
417,2,10,150,65,0.27663096032279744
418,2,10,150,65,0.05130633033097092
419,2,10,150,65,0.09817896789964464
420,2,10,150,65,0.13011860784218718
421,2,10,150,65,0.3102692669240346
422,2,10,150,65,0.0654076987556055
423,2,10,150,65,0.0
424,2,10,150,65,0.039270700903099615
425,2,10,150,65,0.05090765361727461
426,2,10,150,65,0.03206656709567107
427,2,10,150,65,0.0
428,2,10,150,65,0.09545062073374358
429,2,10,150,65,0.2545811692577948
430,2,10,150,65,0.17441334704295655
431,2,10,150,65,0.0
432,2,10,150,65,0.08980230529700303
433,2,10,150,65,0.10047622221317463
434,2,10,150,65,0.21435951014939544
435,2,10,150,65,0.3285918053679154
436,2,10,150,65,0.08073573433990566
437,2,10,150,65,0.24408368272273506
438,2,10,150,65,0.11342455428465782
439,2,10,150,65,0.0
440,2,10,150,65,0.056388463063434605
441,2,10,150,65,0.1731866333482261
442,2,10,150,65,0.04062732041938225
443,2,10,150,65,0.0
444,2,10,150,65,0.0796221118108625
445,2,10,150,65,0.02881080092108056
446,2,10,150,65,0.13356958453958645
447,2,10,150,65,0.055923854163236565
448,2,10,150,65,0.049326153683410964
449,2,10,150,65,0.12454817859325495
450,2,10,150,65,0.5028231831058597
451,2,10,150,65,0.05163551141839463
452,2,10,150,65,0.18410782248900598
453,2,10,150,65,0.09615779720346561
454,2,10,150,65,0.0
455,2,10,150,65,0.11857717449620792
456,2,10,150,65,0.08777969089341901
457,2,10,150,65,0.4943804082239359
458,2,10,150,65,0.25753317220181104
459,2,10,150,65,0.20154342782727996
460,2,10,150,65,0.07041837375515932
461,2,10,150,65,0.035550340982103974
462,2,10,150,65,0.18564976427020158
463,2,10,150,65,0.21881515471619958
464,2,10,150,65,0.06726768733602535
465,2,10,150,65,0.10783006935442738
466,2,10,150,65,0.12816210679182038
467,2,10,150,65,0.09300532025926726
468,2,10,150,65,0.2288236024598987
469,2,10,150,65,0.05651614765972419
470,2,10,150,65,0.04760723841253984
471,2,10,150,65,0.0
472,2,10,150,65,0.2376804370121133
473,2,10,150,65,0.2622744659873325
474,2,10,150,65,0.4045776164631682
475,2,10,150,65,0.07311683844390994
476,2,10,150,65,0.021791008948563714
477,2,10,150,65,0.07075576072108061
478,2,10,150,65,0.13180376528048332
479,2,10,150,65,0.19953387782813822
480,2,10,150,65,0.15920120556239784
481,2,10,150,65,0.048705796110663196
482,2,10,150,65,0.04290887548434951
483,2,10,150,65,0.0273055648695642
484,2,10,150,65,0.20193976177882433
485,2,10,150,65,0.036556008482007775
486,2,10,150,65,0.01870954625778945
487,2,10,150,65,0.3313215884795181
488,2,10,150,65,0.0
489,2,10,150,65,0.0
490,2,10,150,65,0.11630686983226163
491,2,10,150,65,0.03859643636257609
492,2,10,150,65,0.1338895448360617
493,2,10,150,65,0.22708658560204953
494,2,10,150,65,0.08596118914843212
495,2,10,150,65,0.17465986511188647
496,2,10,150,65,0.023205371908120297
497,2,10,150,65,0.15221951267329012
498,2,10,150,65,0.07358364093338247
499,2,10,150,65,0.09250894728958106
500,2,10,150,65,0.1570377136615259
501,2,10,150,65,0.02184231145035861
502,2,10,150,65,0.06689893193796337
503,2,10,150,65,0.1417689362196019
504,2,10,150,65,0.12672630733560508
505,2,10,150,65,0.05688647497208646
506,2,10,150,65,0.12444837804232955
507,2,10,150,65,0.0
508,2,10,150,65,0.20345924618307185
509,2,10,150,65,0.031611854308622345
510,2,10,150,65,0.0
511,2,10,150,65,0.0
512,2,10,150,65,0.08364069030518707
513,2,10,150,65,0.0600937008083393
514,2,10,150,65,0.16578726587197626
515,2,10,150,65,0.034743705427429224
516,2,10,150,65,0.1340330647732781
517,2,10,150,65,0.07931777113368761
518,2,10,150,65,0.1271756500386261
519,2,10,150,65,0.10560636946921488
520,2,10,150,65,0.0
521,2,10,150,65,0.0
522,2,10,150,65,0.0559167101555819
523,2,10,150,65,0.21950613822622128
524,2,10,150,65,0.11808878458105786
525,2,10,150,65,0.0
526,2,10,150,65,0.02505758835695044
527,2,10,150,65,0.3406799390264829
528,2,10,150,65,0.17766119401073668
529,2,10,150,65,0.0
530,2,10,150,65,0.03067046672709443
531,2,10,150,65,0.0
532,2,10,150,65,0.09607632553101958
533,2,10,150,65,0.033421624639114446
534,2,10,150,65,0.024909303741335254
535,2,10,150,65,0.21605065196644305
536,2,10,150,65,0.16340884055250954
537,2,10,150,65,0.43474874785514234
538,2,10,150,65,0.032394594743117074
539,2,10,150,65,0.09953437200841515
540,2,10,150,65,0.0
541,2,10,150,65,0.06833564325125971
542,2,10,150,65,0.07797598981103891
543,2,10,150,65,0.03725364202376381
544,2,10,150,65,0.0
545,2,10,150,65,0.060216826583478454
546,2,10,150,65,0.03314153504336938
547,2,10,150,65,0.04855455745827926
548,2,10,150,65,0.03883106019841818
549,2,10,150,65,0.0
550,2,10,150,65,0.03248595838090891
551,2,10,150,65,0.22136687033478417
552,2,10,150,65,0.048059443651065493
553,2,10,150,65,0.13317167485931308
554,2,10,150,65,0.07041837375515932
555,2,10,150,65,0.09809088686968297
556,2,10,150,65,0.16258997327839542
557,2,10,150,65,0.04470486007704452
558,2,10,150,65,0.265053101293003
559,2,10,150,65,0.08620000398338708
560,2,10,150,65,0.028567598460307132
561,2,10,150,65,0.1184203893433439
562,2,10,150,65,0.07720150835011791
563,2,10,150,65,0.0
564,2,10,150,65,0.0
565,2,10,150,65,0.28663011782160785
566,2,10,150,65,0.03548242894850303
567,2,10,150,65,0.04359722747499328
568,2,10,150,65,0.0
569,2,10,150,65,0.17563954439010937
570,2,10,150,65,0.0
571,2,10,150,65,0.0
572,2,10,150,65,0.0
573,2,10,150,65,0.03246641181906899
574,2,10,150,65,0.05058854055353143
575,2,10,150,65,0.05154847002173459
576,2,10,150,65,0.0
577,2,10,150,65,0.0784247757209491
578,2,10,150,65,0.0
579,2,10,150,65,0.08297540479108526
580,2,10,150,65,0.18080124080515705
581,2,10,150,65,0.0
582,2,10,150,65,0.0437514209980628
583,2,10,150,65,0.04215711712794285
584,2,10,150,65,0.0
585,2,10,150,65,0.08668163308546498
586,2,10,150,65,0.10132509239867551
587,2,10,150,65,0.03459392809572638
588,2,10,150,65,0.053821119735696775
589,2,10,150,65,0.06664199435483577
590,2,10,150,65,0.06139304560474655
591,2,10,150,65,0.0
592,2,10,150,65,0.33642369348187295
593,2,10,150,65,0.04586709436300111
594,2,10,150,65,0.0
595,2,10,150,65,0.0
596,2,10,150,65,0.0
597,2,10,150,65,0.0
598,2,10,150,65,0.0
599,2,10,150,65,0.0
600,2,10,150,65,0.024325165853816375
601,2,10,150,65,0.03369782041898502
602,2,10,150,65,0.0
603,2,10,150,65,0.1435203717549576
604,2,10,150,65,0.0
605,2,10,150,65,0.2645541144793553
606,2,10,150,65,0.23204083039530643
607,2,10,150,65,0.08440880858250024
608,2,10,150,65,0.2120992422792938
609,2,10,150,65,0.0
610,2,10,150,65,0.1629867900167321
611,2,10,150,65,0.08045389590462838
612,2,10,150,65,0.15130120674940672
613,2,10,150,65,0.0
614,2,10,150,65,0.08861505596859857
615,2,10,150,65,0.12047971762374059
616,2,10,150,65,0.0
617,2,10,150,65,0.044257815106106525
618,2,10,150,65,0.18766481803906507
619,2,10,150,65,0.09637551974188778
620,2,10,150,65,0.08396948777462541
621,2,10,150,65,0.06335388063984314
622,2,10,150,65,0.12980296240199146
623,2,10,150,65,0.0
624,2,10,150,65,0.0536466452928127
625,2,10,150,65,0.0
626,2,10,150,65,0.0
627,2,10,150,65,0.0
628,2,10,150,65,0.0
629,2,10,150,65,0.2466228630593721
630,2,10,150,65,0.0
631,2,10,150,65,0.16868725245403154
632,2,10,150,65,0.13439570003165963
633,2,10,150,65,0.07667481399289292
634,2,10,150,65,0.030975021478781034
635,2,10,150,65,0.0
636,2,10,150,65,0.0
637,2,10,150,65,0.0
638,2,10,150,65,0.0
639,2,10,150,65,0.0
640,2,10,150,65,0.040655755922716606
642,2,10,150,65,0.1329152156038286
643,2,10,150,65,0.0
644,2,10,150,65,0.0
645,2,10,150,65,0.09759501249802542
647,2,10,150,65,0.0
648,2,10,150,65,0.18159464350583557
649,2,10,150,65,1.0
650,2,10,150,65,0.0
651,2,10,150,65,0.0
653,2,10,150,65,0.0
654,2,10,150,65,0.058087171966128066
655,2,10,150,65,0.11621678240839849
658,2,10,150,65,0.0
1,2,10,150,66,0.5343723497595074
2,2,10,150,66,0.2268511698743587
3,2,10,150,66,0.03098598178059488
4,2,10,150,66,0.06166887310869151
5,2,10,150,66,0.12620564628865164
6,2,10,150,66,0.17961772474519622
7,2,10,150,66,0.30878563634060846
8,2,10,150,66,0.06653535276206901
9,2,10,150,66,0.0
10,2,10,150,66,0.2043831529067321
11,2,10,150,66,0.10464473261331256
12,2,10,150,66,0.03482606519924978
13,2,10,150,66,0.36369711183713743
14,2,10,150,66,0.12939622934497527
15,2,10,150,66,0.01616702920033762
16,2,10,150,66,0.2662844928132153
17,2,10,150,66,0.10312948447052589
18,2,10,150,66,0.2402434791081029
19,2,10,150,66,0.0
20,2,10,150,66,0.031742154565302834
21,2,10,150,66,0.0
22,2,10,150,66,0.05035691655673683
23,2,10,150,66,0.22807475621810358
24,2,10,150,66,0.10717514219558558
25,2,10,150,66,0.03078223202175778
26,2,10,150,66,0.11161048176369433
27,2,10,150,66,0.0
28,2,10,150,66,0.1358023930187833
29,2,10,150,66,0.0
30,2,10,150,66,0.0
31,2,10,150,66,0.046287481291184845
32,2,10,150,66,0.11781210270929884
33,2,10,150,66,0.0
34,2,10,150,66,0.07239559903187814
35,2,10,150,66,0.0
36,2,10,150,66,0.0
37,2,10,150,66,0.0
38,2,10,150,66,0.06376817439190983
39,2,10,150,66,0.15820890896021753
40,2,10,150,66,0.2212397779175911
41,2,10,150,66,0.0
42,2,10,150,66,0.20130152528989256
43,2,10,150,66,0.09662598732799078
44,2,10,150,66,0.1565413821318793
45,2,10,150,66,0.0
46,2,10,150,66,0.10684080426179023
47,2,10,150,66,0.11437926488327832
48,2,10,150,66,0.14096272947842173
49,2,10,150,66,0.04407878495393109
50,2,10,150,66,0.046726672111120165
51,2,10,150,66,0.07984133538066794
52,2,10,150,66,0.05244652348163508
53,2,10,150,66,0.12810519548676028
54,2,10,150,66,0.047934103497110726
55,2,10,150,66,0.0
56,2,10,150,66,0.22047893971599028
57,2,10,150,66,0.0524456916588361
58,2,10,150,66,0.16366022196121796
59,2,10,150,66,0.3390742905657616
60,2,10,150,66,0.20529719233463828
61,2,10,150,66,0.06416923277158361
62,2,10,150,66,0.18160332589227857
63,2,10,150,66,0.0763437499438357
64,2,10,150,66,0.04583023181159601
65,2,10,150,66,0.18154179097601578
66,2,10,150,66,0.12995427111679475
67,2,10,150,66,0.24630238874073
68,2,10,150,66,0.04358896759704514
69,2,10,150,66,0.10495938403254562
70,2,10,150,66,0.03155184951131585
71,2,10,150,66,0.04416548762473651
72,2,10,150,66,0.28907547922366217
73,2,10,150,66,0.26386730550459286
74,2,10,150,66,0.17342765698823945
75,2,10,150,66,0.16021137204676433
76,2,10,150,66,0.21046795809065558
77,2,10,150,66,0.1240851503174803
78,2,10,150,66,0.0
79,2,10,150,66,0.08508236880273473
80,2,10,150,66,0.1744476820873323
81,2,10,150,66,0.0
82,2,10,150,66,0.03364053685802635
83,2,10,150,66,0.046841820324159865
84,2,10,150,66,0.029136604147144557
85,2,10,150,66,0.20542618215284558
86,2,10,150,66,0.07028063830038406
87,2,10,150,66,0.19384373929491494
88,2,10,150,66,0.06294571929989644
89,2,10,150,66,0.2334685083478665
90,2,10,150,66,0.14845193523741487
91,2,10,150,66,0.07054411138080068
92,2,10,150,66,0.12401031793516111
93,2,10,150,66,0.0
94,2,10,150,66,0.2667393206319198
95,2,10,150,66,0.132641047116153
96,2,10,150,66,0.24124578584280335
97,2,10,150,66,0.25684587489418775
98,2,10,150,66,0.0
99,2,10,150,66,0.11936163195678119
100,2,10,150,66,0.0
101,2,10,150,66,0.0
102,2,10,150,66,0.05671879843401278
103,2,10,150,66,0.04579340374561851
104,2,10,150,66,0.0
105,2,10,150,66,0.0
106,2,10,150,66,0.0
107,2,10,150,66,0.0502464185007399
108,2,10,150,66,0.04485361187694993
109,2,10,150,66,0.19016172590894406
110,2,10,150,66,0.037578324799282276
111,2,10,150,66,0.09077089626867633
112,2,10,150,66,0.0
113,2,10,150,66,0.178509607681865
114,2,10,150,66,0.02951022367272685
115,2,10,150,66,0.1737092330727855
116,2,10,150,66,0.026497157492079246
117,2,10,150,66,0.053087643823189194
118,2,10,150,66,0.15599061619059726
119,2,10,150,66,0.15212875834435738
120,2,10,150,66,0.361879195385413
121,2,10,150,66,0.115269333086109
122,2,10,150,66,0.1467899073100297
123,2,10,150,66,0.12990556389377814
124,2,10,150,66,0.18903749859471425
125,2,10,150,66,0.1656817885548098
126,2,10,150,66,0.0
127,2,10,150,66,0.12503310750358904
128,2,10,150,66,0.04616148092938704
129,2,10,150,66,0.0
130,2,10,150,66,0.10494281012355793
131,2,10,150,66,0.36227735599025207
132,2,10,150,66,0.12643913909707097
133,2,10,150,66,0.0
134,2,10,150,66,0.0
135,2,10,150,66,0.0
136,2,10,150,66,0.13562562529527972
137,2,10,150,66,0.06049988016540081
138,2,10,150,66,0.10332949630181452
139,2,10,150,66,0.05165643482805862
140,2,10,150,66,0.0
141,2,10,150,66,0.12556328258692692
142,2,10,150,66,0.0
143,2,10,150,66,0.06882065896991112
144,2,10,150,66,0.16664156206392014
145,2,10,150,66,0.08698665714627977
146,2,10,150,66,0.0
147,2,10,150,66,0.06664071636913875
148,2,10,150,66,0.12501466828444513
149,2,10,150,66,0.10486881530019958
150,2,10,150,66,0.0
151,2,10,150,66,0.23767629320841294
152,2,10,150,66,0.04019832975607886
153,2,10,150,66,0.071942683897578
154,2,10,150,66,0.08491065065836505
155,2,10,150,66,0.0
156,2,10,150,66,0.06437746926759551
157,2,10,150,66,0.06857646087959317
158,2,10,150,66,0.15911711737987416
159,2,10,150,66,0.024782300799839303
160,2,10,150,66,0.11705084481334227
161,2,10,150,66,0.0
162,2,10,150,66,0.042000540422067044
163,2,10,150,66,0.0
164,2,10,150,66,0.029649957429587842
165,2,10,150,66,0.0
166,2,10,150,66,0.06175696970122604
167,2,10,150,66,0.040419659112753054
168,2,10,150,66,0.0641665753731138
169,2,10,150,66,0.03870447337439288
170,2,10,150,66,0.0
171,2,10,150,66,0.0
172,2,10,150,66,0.08232325035020067
173,2,10,150,66,0.0375712667011285
174,2,10,150,66,0.2220641719546779
175,2,10,150,66,0.22732566419594713
176,2,10,150,66,0.0
177,2,10,150,66,0.3152442026717657
178,2,10,150,66,0.1634860300731888
179,2,10,150,66,0.054384419234677496
180,2,10,150,66,0.08391511424653819
181,2,10,150,66,0.04130696274551529
182,2,10,150,66,0.05005165434923901
183,2,10,150,66,0.0
184,2,10,150,66,0.1459367639681911
185,2,10,150,66,0.0
186,2,10,150,66,0.05478814761334652
187,2,10,150,66,0.14023428091042053
188,2,10,150,66,0.29205722210115026
189,2,10,150,66,0.19661282626562737
190,2,10,150,66,0.025938546612492997
191,2,10,150,66,0.0
192,2,10,150,66,0.0
193,2,10,150,66,0.0
194,2,10,150,66,0.15858274360852725
195,2,10,150,66,0.04606861224913365
196,2,10,150,66,0.04485361187694993
197,2,10,150,66,0.14330924581016483
198,2,10,150,66,0.028186415745733433
199,2,10,150,66,0.2529427027676571
200,2,10,150,66,0.23903021781429204
201,2,10,150,66,0.09483277917532312
202,2,10,150,66,0.27487633291429087
203,2,10,150,66,0.10238606821339166
204,2,10,150,66,0.04184748674107046
205,2,10,150,66,0.1465996756793884
206,2,10,150,66,0.028694189013458257
207,2,10,150,66,0.05374948483424263
208,2,10,150,66,0.05919139647768146
209,2,10,150,66,0.0
210,2,10,150,66,0.18937175954951105
211,2,10,150,66,0.0
212,2,10,150,66,0.11738002835756964
213,2,10,150,66,0.1624219207093304
214,2,10,150,66,0.23669903147168767
215,2,10,150,66,0.11433722369502479
216,2,10,150,66,0.14425650580287722
217,2,10,150,66,0.10298663607405599
218,2,10,150,66,0.1023482199458735
219,2,10,150,66,0.0
220,2,10,150,66,0.0
221,2,10,150,66,0.10144613070733857
222,2,10,150,66,0.09500290777080164
223,2,10,150,66,0.0
224,2,10,150,66,0.029996736818897345
225,2,10,150,66,0.0
226,2,10,150,66,0.10111769293645066
227,2,10,150,66,0.0947812167140767
228,2,10,150,66,0.0
229,2,10,150,66,0.04581272215238181
230,2,10,150,66,0.29885542969810625
231,2,10,150,66,0.3903800499921017
232,2,10,150,66,0.11605494365670165
233,2,10,150,66,0.13212972170856394
234,2,10,150,66,0.12404751309066146
235,2,10,150,66,0.1075070751982482
236,2,10,150,66,0.14277726217629444
237,2,10,150,66,0.24655736878982118
238,2,10,150,66,0.0
239,2,10,150,66,0.07353036567890302
240,2,10,150,66,0.0
241,2,10,150,66,0.0
242,2,10,150,66,0.07673373981757839
243,2,10,150,66,0.2568245236714982
244,2,10,150,66,0.1710577597010571
245,2,10,150,66,0.0
246,2,10,150,66,0.12379877182510346
247,2,10,150,66,0.0
248,2,10,150,66,0.14176813152020928
249,2,10,150,66,0.21580604760725444
250,2,10,150,66,0.06611248482408215
251,2,10,150,66,0.10803826056443963
252,2,10,150,66,0.1904168294848087
253,2,10,150,66,0.18852956389601477
254,2,10,150,66,0.25691352569511505
255,2,10,150,66,0.04662184073981129
256,2,10,150,66,0.2861353696824985
257,2,10,150,66,0.07766718171217171
258,2,10,150,66,0.0
259,2,10,150,66,0.0
260,2,10,150,66,0.0
261,2,10,150,66,0.0
262,2,10,150,66,0.05887472794707303
263,2,10,150,66,0.13009795915406797
264,2,10,150,66,0.07935123938715939
265,2,10,150,66,0.08339602711200374
266,2,10,150,66,0.0
267,2,10,150,66,0.14681575200160665
268,2,10,150,66,0.16876964025892305
269,2,10,150,66,0.09144345735473965
270,2,10,150,66,0.122398451109695
271,2,10,150,66,0.2167888806611795
272,2,10,150,66,0.33957662813068484
273,2,10,150,66,0.0
274,2,10,150,66,0.05829918151249392
275,2,10,150,66,0.04105877938688906
276,2,10,150,66,0.210054798827854
277,2,10,150,66,0.0
278,2,10,150,66,0.04305311721683474
279,2,10,150,66,0.23110741963195078
280,2,10,150,66,0.0859175552365079
281,2,10,150,66,0.05516788910004661
282,2,10,150,66,0.0
283,2,10,150,66,0.06286054135527182
284,2,10,150,66,0.0
285,2,10,150,66,0.15002687789384317
286,2,10,150,66,0.11165664846824104
287,2,10,150,66,0.11853073131207159
288,2,10,150,66,0.11495116807881998
289,2,10,150,66,0.06510475888148554
290,2,10,150,66,0.09449357188080848
291,2,10,150,66,0.18491999842733087
292,2,10,150,66,0.3713936936921286
293,2,10,150,66,0.1770650056752005
294,2,10,150,66,0.05942233668176323
295,2,10,150,66,0.17324887543722053
296,2,10,150,66,0.10863331355232851
297,2,10,150,66,0.10547809104886068
298,2,10,150,66,0.37579851912953594
299,2,10,150,66,0.05503091837837713
300,2,10,150,66,0.0
301,2,10,150,66,0.12646021092207405
302,2,10,150,66,0.0
303,2,10,150,66,0.38025023814842085
304,2,10,150,66,0.09811693595042764
305,2,10,150,66,0.15377587171217844
306,2,10,150,66,0.07286537763060504
307,2,10,150,66,0.15107571592228533
308,2,10,150,66,0.13059362176688735
309,2,10,150,66,0.0
310,2,10,150,66,0.0
311,2,10,150,66,0.27691606285037584
312,2,10,150,66,0.13469058547967422
313,2,10,150,66,0.23625419245756857
314,2,10,150,66,0.12569898539461405
315,2,10,150,66,0.18129588776381328
316,2,10,150,66,0.20030147904071285
317,2,10,150,66,0.0
318,2,10,150,66,0.11809408464566347
319,2,10,150,66,0.0
320,2,10,150,66,0.04539294738377069
321,2,10,150,66,0.12530728980532893
322,2,10,150,66,0.35190394711189377
323,2,10,150,66,0.028361369701356044
324,2,10,150,66,0.04342547274117719
325,2,10,150,66,0.0811231025632827
326,2,10,150,66,0.14774251547484274
327,2,10,150,66,0.054395414815756375
328,2,10,150,66,0.1460457195898423
329,2,10,150,66,0.0
330,2,10,150,66,0.133273186303286
331,2,10,150,66,0.05427266504401326
332,2,10,150,66,0.18967146462948598
333,2,10,150,66,0.05206745415870339
334,2,10,150,66,0.12832695935482352
335,2,10,150,66,0.0
336,2,10,150,66,0.11501232379588432
337,2,10,150,66,0.10934082156401825
338,2,10,150,66,0.12065326649027912
339,2,10,150,66,0.29148791829950116
340,2,10,150,66,0.17896552649342137
341,2,10,150,66,0.0
342,2,10,150,66,0.2507837571948508
343,2,10,150,66,0.2900248028479029
344,2,10,150,66,0.1523980172868318
345,2,10,150,66,0.10686772084589051
346,2,10,150,66,0.2255876609285398
347,2,10,150,66,0.19318603337387616
348,2,10,150,66,0.0
349,2,10,150,66,0.163169180413793
350,2,10,150,66,0.18939048055890495
351,2,10,150,66,0.1610216634970071
352,2,10,150,66,0.3057524544183157
353,2,10,150,66,0.0
354,2,10,150,66,0.09358125999516802
355,2,10,150,66,0.0
356,2,10,150,66,0.10061931714936387
357,2,10,150,66,0.14019634392566574
358,2,10,150,66,0.0
359,2,10,150,66,0.0
360,2,10,150,66,0.22728151171982378
361,2,10,150,66,0.12786031464335298
362,2,10,150,66,0.04690797720830594
363,2,10,150,66,0.20061613703353376
364,2,10,150,66,0.0
365,2,10,150,66,0.0
366,2,10,150,66,0.09184114803951915
367,2,10,150,66,0.05534563970541805
368,2,10,150,66,0.06788053752288492
369,2,10,150,66,0.21386152848601384
370,2,10,150,66,0.0957000625269241
371,2,10,150,66,0.11261727403455081
372,2,10,150,66,0.08461341886182785
373,2,10,150,66,0.116920086065902
374,2,10,150,66,0.1725039229332159
375,2,10,150,66,0.1676614286651071
376,2,10,150,66,0.07216815292900357
377,2,10,150,66,0.3067552645565975
378,2,10,150,66,0.05232676999481484
379,2,10,150,66,0.2185184617311961
380,2,10,150,66,0.0590647057138947
381,2,10,150,66,0.13460387583977396
382,2,10,150,66,0.14582500956521116
383,2,10,150,66,0.07384236194308337
384,2,10,150,66,0.0
385,2,10,150,66,0.16159019141794712
386,2,10,150,66,0.0
387,2,10,150,66,0.1797302835516499
388,2,10,150,66,0.03275673003454543
389,2,10,150,66,0.2734603399561884
390,2,10,150,66,0.10466779365752882
391,2,10,150,66,0.18344326580289438
392,2,10,150,66,0.09006573473175804
393,2,10,150,66,0.09820351366851449
394,2,10,150,66,0.23203872840181228
395,2,10,150,66,0.11969841567562063
396,2,10,150,66,0.08006506288147622
397,2,10,150,66,0.21870981369224696
398,2,10,150,66,0.12633080592181342
399,2,10,150,66,0.021347028566696537
400,2,10,150,66,0.0
401,2,10,150,66,0.0
402,2,10,150,66,0.1798991830195577
403,2,10,150,66,0.23561122801255002
404,2,10,150,66,0.0
405,2,10,150,66,0.22695762566956448
406,2,10,150,66,0.25671741117162167
407,2,10,150,66,0.08318366182164483
408,2,10,150,66,0.08490303813485527
409,2,10,150,66,0.174837639717345
410,2,10,150,66,0.1510508871592243
411,2,10,150,66,0.13359023741301432
412,2,10,150,66,0.041062015509212284
413,2,10,150,66,0.19475935863737628
414,2,10,150,66,0.04690797720830594
415,2,10,150,66,0.15582818336744758
416,2,10,150,66,0.4904040522803252
417,2,10,150,66,0.2737105042462204
418,2,10,150,66,0.05130633033097092
419,2,10,150,66,0.09817896789964464
420,2,10,150,66,0.16430228407972985
421,2,10,150,66,0.3102692669240346
422,2,10,150,66,0.0654076987556055
423,2,10,150,66,0.0
424,2,10,150,66,0.039270700903099615
425,2,10,150,66,0.050370209919080595
426,2,10,150,66,0.03206656709567107
427,2,10,150,66,0.0
428,2,10,150,66,0.09545062073374358
429,2,10,150,66,0.25189349784938325
430,2,10,150,66,0.17441334704295655
431,2,10,150,66,0.0
432,2,10,150,66,0.08980230529700303
433,2,10,150,66,0.10047622221317463
434,2,10,150,66,0.21435951014939544
435,2,10,150,66,0.3251227868112782
436,2,10,150,66,0.08073573433990566
437,2,10,150,66,0.2415068356714538
438,2,10,150,66,0.11342455428465782
439,2,10,150,66,0.0
440,2,10,150,66,0.056388463063434605
441,2,10,150,66,0.1731866333482261
442,2,10,150,66,0.04062732041938225
443,2,10,150,66,0.0
444,2,10,150,66,0.0796221118108625
445,2,10,150,66,0.041592183551090546
446,2,10,150,66,0.13356958453958645
447,2,10,150,66,0.055923854163236565
448,2,10,150,66,0.049326153683410964
449,2,10,150,66,0.12454817859325495
450,2,10,150,66,0.49751476419702984
451,2,10,150,66,0.05163551141839463
452,2,10,150,66,0.1927213821023738
453,2,10,150,66,0.09615779720346561
454,2,10,150,66,0.0
455,2,10,150,66,0.11732532824806313
456,2,10,150,66,0.08685298069666231
457,2,10,150,66,0.49971834945623944
458,2,10,150,66,0.2548143358257261
459,2,10,150,66,0.20154342782727996
460,2,10,150,66,0.07041837375515932
461,2,10,150,66,0.035550340982103974
462,2,10,150,66,0.18564976427020158
463,2,10,150,66,0.21881515471619958
464,2,10,150,66,0.06726768733602535
465,2,10,150,66,0.10783006935442738
466,2,10,150,66,0.12816210679182038
467,2,10,150,66,0.09300532025926726
468,2,10,150,66,0.2288236024598987
469,2,10,150,66,0.05651614765972419
470,2,10,150,66,0.04760723841253984
471,2,10,150,66,0.0
472,2,10,150,66,0.23517119048473428
473,2,10,150,66,0.2622744659873325
474,2,10,150,66,0.40030639838595744
475,2,10,150,66,0.07311683844390994
476,2,10,150,66,0.021791008948563714
477,2,10,150,66,0.07075576072108061
478,2,10,150,66,0.13180376528048332
479,2,10,150,66,0.2079845810605709
480,2,10,150,66,0.15920120556239784
481,2,10,150,66,0.048705796110663196
482,2,10,150,66,0.04290887548434951
483,2,10,150,66,0.0273055648695642
484,2,10,150,66,0.20193976177882433
485,2,10,150,66,0.036556008482007775
486,2,10,150,66,0.018512025315105377
487,2,10,150,66,0.32782375098060956
488,2,10,150,66,0.0
489,2,10,150,66,0.0
490,2,10,150,66,0.11630686983226163
491,2,10,150,66,0.03859643636257609
492,2,10,150,66,0.1338895448360617
493,2,10,150,66,0.22708658560204953
494,2,10,150,66,0.08596118914843212
495,2,10,150,66,0.1833731689639362
496,2,10,150,66,0.023205371908120297
497,2,10,150,66,0.15061249659583603
498,2,10,150,66,0.07358364093338247
499,2,10,150,66,0.09250894728958106
500,2,10,150,66,0.15537983073844527
501,2,10,150,66,0.02184231145035861
502,2,10,150,66,0.06689893193796337
503,2,10,150,66,0.15389524796177503
504,2,10,150,66,0.13594565667842837
505,2,10,150,66,0.05688647497208646
506,2,10,150,66,0.1231345481606353
507,2,10,150,66,0.0
508,2,10,150,66,0.20345924618307185
509,2,10,150,66,0.031611854308622345
510,2,10,150,66,0.0
511,2,10,150,66,0.0
512,2,10,150,66,0.08364069030518707
513,2,10,150,66,0.0600937008083393
514,2,10,150,66,0.16578726587197626
515,2,10,150,66,0.034743705427429224
516,2,10,150,66,0.1340330647732781
517,2,10,150,66,0.07931777113368761
518,2,10,150,66,0.1271756500386261
519,2,10,150,66,0.10560636946921488
520,2,10,150,66,0.0
521,2,10,150,66,0.0
522,2,10,150,66,0.0559167101555819
523,2,10,150,66,0.21950613822622128
524,2,10,150,66,0.11684209437652358
525,2,10,150,66,0.0
526,2,10,150,66,0.02505758835695044
527,2,10,150,66,0.3406799390264829
528,2,10,150,66,0.17766119401073668
529,2,10,150,66,0.0
530,2,10,150,66,0.03067046672709443
531,2,10,150,66,0.0
532,2,10,150,66,0.09506202587206296
533,2,10,150,66,0.033068784932913514
534,2,10,150,66,0.024909303741335254
535,2,10,150,66,0.224326983851065
536,2,10,150,66,0.16340884055250954
537,2,10,150,66,0.4407162341126202
538,2,10,150,66,0.032394594743117074
539,2,10,150,66,0.09953437200841515
540,2,10,150,66,0.0
541,2,10,150,66,0.06833564325125971
542,2,10,150,66,0.07797598981103891
543,2,10,150,66,0.03725364202376381
544,2,10,150,66,0.0
545,2,10,150,66,0.060216826583478454
546,2,10,150,66,0.03314153504336938
547,2,10,150,66,0.04855455745827926
548,2,10,150,66,0.03883106019841818
549,2,10,150,66,0.0
550,2,10,150,66,0.03248595838090891
551,2,10,150,66,0.21902984984775095
552,2,10,150,66,0.048059443651065493
553,2,10,150,66,0.1494215149076395
554,2,10,150,66,0.07041837375515932
555,2,10,150,66,0.09809088686968297
556,2,10,150,66,0.16258997327839542
557,2,10,150,66,0.04470486007704452
558,2,10,150,66,0.265053101293003
559,2,10,150,66,0.08620000398338708
560,2,10,150,66,0.028567598460307132
561,2,10,150,66,0.11717019831178031
562,2,10,150,66,0.07720150835011791
563,2,10,150,66,0.0
564,2,10,150,66,0.0
565,2,10,150,66,0.28663011782160785
566,2,10,150,66,0.03548242894850303
567,2,10,150,66,0.04359722747499328
568,2,10,150,66,0.0
569,2,10,150,66,0.17563954439010937
570,2,10,150,66,0.0
571,2,10,150,66,0.0
572,2,10,150,66,0.0
573,2,10,150,66,0.03246641181906899
574,2,10,150,66,0.05058854055353143
575,2,10,150,66,0.05154847002173459
576,2,10,150,66,0.0
577,2,10,150,66,0.0784247757209491
578,2,10,150,66,0.0
579,2,10,150,66,0.08297540479108526
580,2,10,150,66,0.18080124080515705
581,2,10,150,66,0.0
582,2,10,150,66,0.0437514209980628
583,2,10,150,66,0.04215711712794285
584,2,10,150,66,0.0
585,2,10,150,66,0.08668163308546498
586,2,10,150,66,0.10132509239867551
587,2,10,150,66,0.03459392809572638
588,2,10,150,66,0.053821119735696775
589,2,10,150,66,0.06664199435483577
590,2,10,150,66,0.06139304560474655
591,2,10,150,66,0.0
592,2,10,150,66,0.3328719918979753
593,2,10,150,66,0.04586709436300111
594,2,10,150,66,0.0
595,2,10,150,66,0.0
596,2,10,150,66,0.0
597,2,10,150,66,0.0
598,2,10,150,66,0.0
599,2,10,150,66,0.0
600,2,10,150,66,0.024325165853816375
601,2,10,150,66,0.03369782041898502
602,2,10,150,66,0.0
603,2,10,150,66,0.1435203717549576
604,2,10,150,66,0.0
605,2,10,150,66,0.2645541144793553
606,2,10,150,66,0.23204083039530643
607,2,10,150,66,0.08440880858250024
608,2,10,150,66,0.2120992422792938
609,2,10,150,66,0.0
610,2,10,150,66,0.1629867900167321
611,2,10,150,66,0.08045389590462838
612,2,10,150,66,0.15130120674940672
613,2,10,150,66,0.0
614,2,10,150,66,0.08861505596859857
615,2,10,150,66,0.12047971762374059
616,2,10,150,66,0.0
617,2,10,150,66,0.044257815106106525
618,2,10,150,66,0.18766481803906507
619,2,10,150,66,0.09637551974188778
620,2,10,150,66,0.08396948777462541
621,2,10,150,66,0.06335388063984314
622,2,10,150,66,0.12980296240199146
623,2,10,150,66,0.0
624,2,10,150,66,0.0536466452928127
625,2,10,150,66,0.0
626,2,10,150,66,0.0
627,2,10,150,66,0.0
628,2,10,150,66,0.0
629,2,10,150,66,0.2466228630593721
630,2,10,150,66,0.0
631,2,10,150,66,0.16868725245403154
632,2,10,150,66,0.13439570003165963
633,2,10,150,66,0.07667481399289292
634,2,10,150,66,0.030975021478781034
635,2,10,150,66,0.0
636,2,10,150,66,0.0
637,2,10,150,66,0.0
638,2,10,150,66,0.0
639,2,10,150,66,0.0
640,2,10,150,66,0.040655755922716606
642,2,10,150,66,0.1329152156038286
643,2,10,150,66,0.0
644,2,10,150,66,0.0
645,2,10,150,66,0.09759501249802542
647,2,10,150,66,0.0
648,2,10,150,66,0.18159464350583557
649,2,10,150,66,1.0
650,2,10,150,66,0.0
651,2,10,150,66,0.0
653,2,10,150,66,0.0
654,2,10,150,66,0.058087171966128066
655,2,10,150,66,0.11621678240839849
658,2,10,150,66,0.0
1,2,10,150,67,0.5343723497595074
2,2,10,150,67,0.2268511698743587
3,2,10,150,67,0.03098598178059488
4,2,10,150,67,0.06166887310869151
5,2,10,150,67,0.12620564628865164
6,2,10,150,67,0.17961772474519622
7,2,10,150,67,0.30557098060199966
8,2,10,150,67,0.06653535276206901
9,2,10,150,67,0.0
10,2,10,150,67,0.2043831529067321
11,2,10,150,67,0.10464473261331256
12,2,10,150,67,0.03482606519924978
13,2,10,150,67,0.3703214313980051
14,2,10,150,67,0.12939622934497527
15,2,10,150,67,0.01616702920033762
16,2,10,150,67,0.2662844928132153
17,2,10,150,67,0.10312948447052589
18,2,10,150,67,0.23774239101368677
19,2,10,150,67,0.0
20,2,10,150,67,0.031742154565302834
21,2,10,150,67,0.0
22,2,10,150,67,0.05035691655673683
23,2,10,150,67,0.22807475621810358
24,2,10,150,67,0.10717514219558558
25,2,10,150,67,0.03078223202175778
26,2,10,150,67,0.12994496440026843
27,2,10,150,67,0.0
28,2,10,150,67,0.1358023930187833
29,2,10,150,67,0.0
30,2,10,150,67,0.0
31,2,10,150,67,0.046287481291184845
32,2,10,150,67,0.11781210270929884
33,2,10,150,67,0.0
34,2,10,150,67,0.07239559903187814
35,2,10,150,67,0.0
36,2,10,150,67,0.0
37,2,10,150,67,0.0
38,2,10,150,67,0.06376817439190983
39,2,10,150,67,0.15820890896021753
40,2,10,150,67,0.2212397779175911
41,2,10,150,67,0.0
42,2,10,150,67,0.20130152528989256
43,2,10,150,67,0.09662598732799078
44,2,10,150,67,0.1565413821318793
45,2,10,150,67,0.0
46,2,10,150,67,0.10684080426179023
47,2,10,150,67,0.11437926488327832
48,2,10,150,67,0.14096272947842173
49,2,10,150,67,0.04407878495393109
50,2,10,150,67,0.046726672111120165
51,2,10,150,67,0.07984133538066794
52,2,10,150,67,0.05244652348163508
53,2,10,150,67,0.12810519548676028
54,2,10,150,67,0.047934103497110726
55,2,10,150,67,0.0
56,2,10,150,67,0.22047893971599028
57,2,10,150,67,0.0524456916588361
58,2,10,150,67,0.16366022196121796
59,2,10,150,67,0.3355443105870958
60,2,10,150,67,0.20529719233463828
61,2,10,150,67,0.06416923277158361
62,2,10,150,67,0.18160332589227857
63,2,10,150,67,0.0763437499438357
64,2,10,150,67,0.04583023181159601
65,2,10,150,67,0.18154179097601578
66,2,10,150,67,0.12995427111679475
67,2,10,150,67,0.24630238874073
68,2,10,150,67,0.04358896759704514
69,2,10,150,67,0.10495938403254562
70,2,10,150,67,0.03155184951131585
71,2,10,150,67,0.04416548762473651
72,2,10,150,67,0.28907547922366217
73,2,10,150,67,0.26386730550459286
74,2,10,150,67,0.17342765698823945
75,2,10,150,67,0.16021137204676433
76,2,10,150,67,0.21046795809065558
77,2,10,150,67,0.1240851503174803
78,2,10,150,67,0.0
79,2,10,150,67,0.08508236880273473
80,2,10,150,67,0.1744476820873323
81,2,10,150,67,0.0
82,2,10,150,67,0.03364053685802635
83,2,10,150,67,0.046841820324159865
84,2,10,150,67,0.029136604147144557
85,2,10,150,67,0.20328756436238038
86,2,10,150,67,0.07028063830038406
87,2,10,150,67,0.19384373929491494
88,2,10,150,67,0.06294571929989644
89,2,10,150,67,0.2334685083478665
90,2,10,150,67,0.14690645575470948
91,2,10,150,67,0.07054411138080068
92,2,10,150,67,0.12271929130283023
93,2,10,150,67,0.0
94,2,10,150,67,0.26396239390066417
95,2,10,150,67,0.1312601690794017
96,2,10,150,67,0.24124578584280335
97,2,10,150,67,0.25684587489418775
98,2,10,150,67,0.0
99,2,10,150,67,0.11936163195678119
100,2,10,150,67,0.0
101,2,10,150,67,0.0
102,2,10,150,67,0.05671879843401278
103,2,10,150,67,0.04579340374561851
104,2,10,150,67,0.0
105,2,10,150,67,0.0
106,2,10,150,67,0.0
107,2,10,150,67,0.09995553728965398
108,2,10,150,67,0.04485361187694993
109,2,10,150,67,0.19016172590894406
110,2,10,150,67,0.037578324799282276
111,2,10,150,67,0.09077089626867633
112,2,10,150,67,0.0
113,2,10,150,67,0.178509607681865
114,2,10,150,67,0.02951022367272685
115,2,10,150,67,0.1737092330727855
116,2,10,150,67,0.026497157492079246
117,2,10,150,67,0.053087643823189194
118,2,10,150,67,0.15599061619059726
119,2,10,150,67,0.15212875834435738
120,2,10,150,67,0.361879195385413
121,2,10,150,67,0.115269333086109
122,2,10,150,67,0.1467899073100297
123,2,10,150,67,0.12990556389377814
124,2,10,150,67,0.18903749859471425
125,2,10,150,67,0.1656817885548098
126,2,10,150,67,0.0
127,2,10,150,67,0.12503310750358904
128,2,10,150,67,0.04616148092938704
129,2,10,150,67,0.0
130,2,10,150,67,0.1038502884286132
131,2,10,150,67,0.36227735599025207
132,2,10,150,67,0.12643913909707097
133,2,10,150,67,0.0
134,2,10,150,67,0.0
135,2,10,150,67,0.0
136,2,10,150,67,0.13562562529527972
137,2,10,150,67,0.06049988016540081
138,2,10,150,67,0.10332949630181452
139,2,10,150,67,0.05165643482805862
140,2,10,150,67,0.0
141,2,10,150,67,0.12556328258692692
142,2,10,150,67,0.0
143,2,10,150,67,0.06882065896991112
144,2,10,150,67,0.16664156206392014
145,2,10,150,67,0.08608107047491909
146,2,10,150,67,0.0
147,2,10,150,67,0.06664071636913875
148,2,10,150,67,0.12501466828444513
149,2,10,150,67,0.10486881530019958
150,2,10,150,67,0.0
151,2,10,150,67,0.23520193115923102
152,2,10,150,67,0.04019832975607886
153,2,10,150,67,0.071942683897578
154,2,10,150,67,0.08491065065836505
155,2,10,150,67,0.0
156,2,10,150,67,0.06437746926759551
157,2,10,150,67,0.06857646087959317
158,2,10,150,67,0.15911711737987416
159,2,10,150,67,0.024782300799839303
160,2,10,150,67,0.11705084481334227
161,2,10,150,67,0.0
162,2,10,150,67,0.042000540422067044
163,2,10,150,67,0.0
164,2,10,150,67,0.029649957429587842
165,2,10,150,67,0.0
166,2,10,150,67,0.06175696970122604
167,2,10,150,67,0.040419659112753054
168,2,10,150,67,0.0641665753731138
169,2,10,150,67,0.03870447337439288
170,2,10,150,67,0.0
171,2,10,150,67,0.0
172,2,10,150,67,0.08232325035020067
173,2,10,150,67,0.0375712667011285
174,2,10,150,67,0.2220641719546779
175,2,10,150,67,0.22732566419594713
176,2,10,150,67,0.0
177,2,10,150,67,0.3152442026717657
178,2,10,150,67,0.1617840360588771
179,2,10,150,67,0.09299583347145139
180,2,10,150,67,0.08391511424653819
181,2,10,150,67,0.04087693087483625
182,2,10,150,67,0.05005165434923901
183,2,10,150,67,0.0
184,2,10,150,67,0.1459367639681911
185,2,10,150,67,0.0
186,2,10,150,67,0.05478814761334652
187,2,10,150,67,0.14023428091042053
188,2,10,150,67,0.29205722210115026
189,2,10,150,67,0.19661282626562737
190,2,10,150,67,0.025938546612492997
191,2,10,150,67,0.0
192,2,10,150,67,0.0
193,2,10,150,67,0.0
194,2,10,150,67,0.15693179593872325
195,2,10,150,67,0.04606861224913365
196,2,10,150,67,0.04485361187694993
197,2,10,150,67,0.14330924581016483
198,2,10,150,67,0.028186415745733433
199,2,10,150,67,0.2529427027676571
200,2,10,150,67,0.23903021781429204
201,2,10,150,67,0.09384550936123144
202,2,10,150,67,0.27487633291429087
203,2,10,150,67,0.10238606821339166
204,2,10,150,67,0.04184748674107046
205,2,10,150,67,0.1465996756793884
206,2,10,150,67,0.028694189013458257
207,2,10,150,67,0.05374948483424263
208,2,10,150,67,0.05919139647768146
209,2,10,150,67,0.0
210,2,10,150,67,0.18937175954951105
211,2,10,150,67,0.0
212,2,10,150,67,0.11738002835756964
213,2,10,150,67,0.1624219207093304
214,2,10,150,67,0.23669903147168767
215,2,10,150,67,0.11433722369502479
216,2,10,150,67,0.14425650580287722
217,2,10,150,67,0.10298663607405599
218,2,10,150,67,0.1023482199458735
219,2,10,150,67,0.0
220,2,10,150,67,0.0
221,2,10,150,67,0.10144613070733857
222,2,10,150,67,0.09401386680934626
223,2,10,150,67,0.0
224,2,10,150,67,0.029996736818897345
225,2,10,150,67,0.0
226,2,10,150,67,0.10111769293645066
227,2,10,150,67,0.0947812167140767
228,2,10,150,67,0.0
229,2,10,150,67,0.09096722084626334
230,2,10,150,67,0.29885542969810625
231,2,10,150,67,0.3903800499921017
232,2,10,150,67,0.11605494365670165
233,2,10,150,67,0.13212972170856394
234,2,10,150,67,0.1227560992330001
235,2,10,150,67,0.1075070751982482
236,2,10,150,67,0.14277726217629444
237,2,10,150,67,0.27346075713529205
238,2,10,150,67,0.0
239,2,10,150,67,0.07353036567890302
240,2,10,150,67,0.0
241,2,10,150,67,0.0
242,2,10,150,67,0.07673373981757839
243,2,10,150,67,0.2568245236714982
244,2,10,150,67,0.1710577597010571
245,2,10,150,67,0.0
246,2,10,150,67,0.12379877182510346
247,2,10,150,67,0.0
248,2,10,150,67,0.14176813152020928
249,2,10,150,67,0.21580604760725444
250,2,10,150,67,0.06611248482408215
251,2,10,150,67,0.10803826056443963
252,2,10,150,67,0.1904168294848087
253,2,10,150,67,0.18852956389601477
254,2,10,150,67,0.25691352569511505
255,2,10,150,67,0.04662184073981129
256,2,10,150,67,0.2861353696824985
257,2,10,150,67,0.07766718171217171
258,2,10,150,67,0.0
259,2,10,150,67,0.0
260,2,10,150,67,0.0
261,2,10,150,67,0.0
262,2,10,150,67,0.05887472794707303
263,2,10,150,67,0.13009795915406797
264,2,10,150,67,0.07935123938715939
265,2,10,150,67,0.08339602711200374
266,2,10,150,67,0.0
267,2,10,150,67,0.14681575200160665
268,2,10,150,67,0.16701264048720169
269,2,10,150,67,0.09049147254603115
270,2,10,150,67,0.122398451109695
271,2,10,150,67,0.21453196992030776
272,2,10,150,67,0.33957662813068484
273,2,10,150,67,0.0
274,2,10,150,67,0.05829918151249392
275,2,10,150,67,0.04105877938688906
276,2,10,150,67,0.20786799418086116
277,2,10,150,67,0.0
278,2,10,150,67,0.04305311721683474
279,2,10,150,67,0.22870144375315235
280,2,10,150,67,0.08502309859901193
281,2,10,150,67,0.05516788910004661
282,2,10,150,67,0.0
283,2,10,150,67,0.06286054135527182
284,2,10,150,67,0.0
285,2,10,150,67,0.15002687789384317
286,2,10,150,67,0.11049423142706648
287,2,10,150,67,0.11853073131207159
288,2,10,150,67,0.11495116807881998
289,2,10,150,67,0.06510475888148554
290,2,10,150,67,0.09449357188080848
291,2,10,150,67,0.18299486310959792
292,2,10,150,67,0.3713936936921286
293,2,10,150,67,0.17522164585009284
294,2,10,150,67,0.05942233668176323
295,2,10,150,67,0.17324887543722053
296,2,10,150,67,0.10863331355232851
297,2,10,150,67,0.10547809104886068
298,2,10,150,67,0.37579851912953594
299,2,10,150,67,0.05445801136216209
300,2,10,150,67,0.0
301,2,10,150,67,0.12514367933866224
302,2,10,150,67,0.0
303,2,10,150,67,0.3762915902506189
304,2,10,150,67,0.09811693595042764
305,2,10,150,67,0.15377587171217844
306,2,10,150,67,0.07286537763060504
307,2,10,150,67,0.15107571592228533
308,2,10,150,67,0.12923405873599705
309,2,10,150,67,0.0
310,2,10,150,67,0.0
311,2,10,150,67,0.2740331897313264
312,2,10,150,67,0.13469058547967422
313,2,10,150,67,0.23379463538569634
314,2,10,150,67,0.12569898539461405
315,2,10,150,67,0.18129588776381328
316,2,10,150,67,0.20030147904071285
317,2,10,150,67,0.0
318,2,10,150,67,0.11809408464566347
319,2,10,150,67,0.0
320,2,10,150,67,0.04539294738377069
321,2,10,150,67,0.12530728980532893
322,2,10,150,67,0.35190394711189377
323,2,10,150,67,0.028361369701356044
324,2,10,150,67,0.04342547274117719
325,2,10,150,67,0.0811231025632827
326,2,10,150,67,0.14774251547484274
327,2,10,150,67,0.05382912379761266
328,2,10,150,67,0.14452529034921252
329,2,10,150,67,0.0
330,2,10,150,67,0.133273186303286
331,2,10,150,67,0.05427266504401326
332,2,10,150,67,0.18967146462948598
333,2,10,150,67,0.05206745415870339
334,2,10,150,67,0.1269909937276751
335,2,10,150,67,0.0
336,2,10,150,67,0.11501232379588432
337,2,10,150,67,0.10934082156401825
338,2,10,150,67,0.12065326649027912
339,2,10,150,67,0.2988639816951437
340,2,10,150,67,0.17896552649342137
341,2,10,150,67,0.0
342,2,10,150,67,0.2507837571948508
343,2,10,150,67,0.29741609821009174
344,2,10,150,67,0.1523980172868318
345,2,10,150,67,0.10686772084589051
346,2,10,150,67,0.22323914926408095
347,2,10,150,67,0.19318603337387616
348,2,10,150,67,0.0
349,2,10,150,67,0.163169180413793
350,2,10,150,67,0.18939048055890495
351,2,10,150,67,0.1610216634970071
352,2,10,150,67,0.3057524544183157
353,2,10,150,67,0.0
354,2,10,150,67,0.092607019295261
355,2,10,150,67,0.0
356,2,10,150,67,0.10061931714936387
357,2,10,150,67,0.14019634392566574
358,2,10,150,67,0.0
359,2,10,150,67,0.0
360,2,10,150,67,0.22728151171982378
361,2,10,150,67,0.12786031464335298
362,2,10,150,67,0.04690797720830594
363,2,10,150,67,0.19852759488560495
364,2,10,150,67,0.0
365,2,10,150,67,0.0
366,2,10,150,67,0.09184114803951915
367,2,10,150,67,0.05534563970541805
368,2,10,150,67,0.06788053752288492
369,2,10,150,67,0.21386152848601384
370,2,10,150,67,0.0957000625269241
371,2,10,150,67,0.11261727403455081
372,2,10,150,67,0.08461341886182785
373,2,10,150,67,0.11570287327684664
374,2,10,150,67,0.17070804689324978
375,2,10,150,67,0.1676614286651071
376,2,10,150,67,0.07216815292900357
377,2,10,150,67,0.3067552645565975
378,2,10,150,67,0.05178201489078809
379,2,10,150,67,0.2300230636638564
380,2,10,150,67,0.0590647057138947
381,2,10,150,67,0.13460387583977396
382,2,10,150,67,0.14582500956521116
383,2,10,150,67,0.07384236194308337
384,2,10,150,67,0.0
385,2,10,150,67,0.15990793429517214
386,2,10,150,67,0.0
387,2,10,150,67,0.177859176481165
388,2,10,150,67,0.03275673003454543
389,2,10,150,67,0.270613443120118
390,2,10,150,67,0.10466779365752882
391,2,10,150,67,0.18344326580289438
392,2,10,150,67,0.09006573473175804
393,2,10,150,67,0.10759179119397881
394,2,10,150,67,0.23203872840181228
395,2,10,150,67,0.11969841567562063
396,2,10,150,67,0.08006506288147622
397,2,10,150,67,0.21870981369224696
398,2,10,150,67,0.12633080592181342
399,2,10,150,67,0.021124792362003125
400,2,10,150,67,0.0
401,2,10,150,67,0.0
402,2,10,150,67,0.1798991830195577
403,2,10,150,67,0.23561122801255002
404,2,10,150,67,0.0
405,2,10,150,67,0.23500549063595144
406,2,10,150,67,0.2540448189202342
407,2,10,150,67,0.08231766676111527
408,2,10,150,67,0.08490303813485527
409,2,10,150,67,0.174837639717345
410,2,10,150,67,0.1510508871592243
411,2,10,150,67,0.13359023741301432
412,2,10,150,67,0.041062015509212284
413,2,10,150,67,0.19475935863737628
414,2,10,150,67,0.04690797720830594
415,2,10,150,67,0.15582818336744758
416,2,10,150,67,0.4957092716458459
417,2,10,150,67,0.27086100304007604
418,2,10,150,67,0.05130633033097092
419,2,10,150,67,0.13043508853971056
420,2,10,150,67,0.16430228407972985
421,2,10,150,67,0.3102692669240346
422,2,10,150,67,0.0654076987556055
423,2,10,150,67,0.0
424,2,10,150,67,0.039270700903099615
425,2,10,150,67,0.04984582385536909
426,2,10,150,67,0.03206656709567107
427,2,10,150,67,0.0
428,2,10,150,67,0.09545062073374358
429,2,10,150,67,0.24927112561738424
430,2,10,150,67,0.17441334704295655
431,2,10,150,67,0.0
432,2,10,150,67,0.08980230529700303
433,2,10,150,67,0.10047622221317463
434,2,10,150,67,0.21435951014939544
435,2,10,150,67,0.3217380508994611
436,2,10,150,67,0.08073573433990566
437,2,10,150,67,0.23899259522813177
438,2,10,150,67,0.11342455428465782
439,2,10,150,67,0.0
440,2,10,150,67,0.056388463063434605
441,2,10,150,67,0.1731866333482261
442,2,10,150,67,0.04062732041938225
443,2,10,150,67,0.0
444,2,10,150,67,0.0796221118108625
445,2,10,150,67,0.041592183551090546
446,2,10,150,67,0.13356958453958645
447,2,10,150,67,0.055923854163236565
448,2,10,150,67,0.049326153683410964
449,2,10,150,67,0.12454817859325495
450,2,10,150,67,0.4923353176699109
451,2,10,150,67,0.05163551141839463
452,2,10,150,67,0.20112566823574235
453,2,10,150,67,0.09615779720346561
454,2,10,150,67,0.0
455,2,10,150,67,0.11610389662900697
456,2,10,150,67,0.08594878568253987
457,2,10,150,67,0.4945159621988359
458,2,10,150,67,0.25216155580444816
459,2,10,150,67,0.20154342782727996
460,2,10,150,67,0.07041837375515932
461,2,10,150,67,0.06961399513856609
462,2,10,150,67,0.18564976427020158
463,2,10,150,67,0.21881515471619958
464,2,10,150,67,0.06726768733602535
465,2,10,150,67,0.10783006935442738
466,2,10,150,67,0.12816210679182038
467,2,10,150,67,0.09300532025926726
468,2,10,150,67,0.2288236024598987
469,2,10,150,67,0.05651614765972419
470,2,10,150,67,0.04760723841253984
471,2,10,150,67,0.0
472,2,10,150,67,0.23272290815526314
473,2,10,150,67,0.2622744659873325
474,2,10,150,67,0.3961389530474257
475,2,10,150,67,0.07311683844390994
476,2,10,150,67,0.021791008948563714
477,2,10,150,67,0.07075576072108061
478,2,10,150,67,0.13180376528048332
479,2,10,150,67,0.20581932870307135
480,2,10,150,67,0.15920120556239784
481,2,10,150,67,0.048705796110663196
482,2,10,150,67,0.04290887548434951
483,2,10,150,67,0.0273055648695642
484,2,10,150,67,0.20193976177882433
485,2,10,150,67,0.036556008482007775
486,2,10,150,67,0.018319303305371633
487,2,10,150,67,0.32441089630630854
488,2,10,150,67,0.0
489,2,10,150,67,0.0
490,2,10,150,67,0.11630686983226163
491,2,10,150,67,0.03859643636257609
492,2,10,150,67,0.1338895448360617
493,2,10,150,67,0.22708658560204953
494,2,10,150,67,0.08596118914843212
495,2,10,150,67,0.18146413712909218
496,2,10,150,67,0.023205371908120297
497,2,10,150,67,0.14904452428913864
498,2,10,150,67,0.07358364093338247
499,2,10,150,67,0.09250894728958106
500,2,10,150,67,0.1537622274377644
501,2,10,150,67,0.02184231145035861
502,2,10,150,67,0.06689893193796337
503,2,10,150,67,0.15389524796177503
504,2,10,150,67,0.13453037554502037
505,2,10,150,67,0.05688647497208646
506,2,10,150,67,0.1218526388511331
507,2,10,150,67,0.0
508,2,10,150,67,0.20345924618307185
509,2,10,150,67,0.031611854308622345
510,2,10,150,67,0.0
511,2,10,150,67,0.0
512,2,10,150,67,0.08364069030518707
513,2,10,150,67,0.0600937008083393
514,2,10,150,67,0.16578726587197626
515,2,10,150,67,0.034743705427429224
516,2,10,150,67,0.1340330647732781
517,2,10,150,67,0.07931777113368761
518,2,10,150,67,0.1271756500386261
519,2,10,150,67,0.10560636946921488
520,2,10,150,67,0.0
521,2,10,150,67,0.0
522,2,10,150,67,0.0559167101555819
523,2,10,150,67,0.21950613822622128
524,2,10,150,67,0.11562569353077878
525,2,10,150,67,0.0
526,2,10,150,67,0.02505758835695044
527,2,10,150,67,0.3406799390264829
528,2,10,150,67,0.17766119401073668
529,2,10,150,67,0.0
530,2,10,150,67,0.03067046672709443
531,2,10,150,67,0.0
532,2,10,150,67,0.0940723694534065
533,2,10,150,67,0.032724517756132825
534,2,10,150,67,0.024909303741335254
535,2,10,150,67,0.22199159664035234
536,2,10,150,67,0.16340884055250954
537,2,10,150,67,0.4465387354077821
538,2,10,150,67,0.032394594743117074
539,2,10,150,67,0.09953437200841515
540,2,10,150,67,0.0
541,2,10,150,67,0.06833564325125971
542,2,10,150,67,0.07797598981103891
543,2,10,150,67,0.03725364202376381
544,2,10,150,67,0.0
545,2,10,150,67,0.060216826583478454
546,2,10,150,67,0.03314153504336938
547,2,10,150,67,0.04855455745827926
548,2,10,150,67,0.03883106019841818
549,2,10,150,67,0.0
550,2,10,150,67,0.06474207902097481
551,2,10,150,67,0.22716024802501522
552,2,10,150,67,0.048059443651065493
553,2,10,150,67,0.1494215149076395
554,2,10,150,67,0.07041837375515932
555,2,10,150,67,0.09809088686968297
556,2,10,150,67,0.16258997327839542
557,2,10,150,67,0.04470486007704452
558,2,10,150,67,0.265053101293003
559,2,10,150,67,0.08620000398338708
560,2,10,150,67,0.028567598460307132
561,2,10,150,67,0.11595038169446391
562,2,10,150,67,0.07720150835011791
563,2,10,150,67,0.0
564,2,10,150,67,0.0
565,2,10,150,67,0.28663011782160785
566,2,10,150,67,0.03548242894850303
567,2,10,150,67,0.04359722747499328
568,2,10,150,67,0.0
569,2,10,150,67,0.17563954439010937
570,2,10,150,67,0.0
571,2,10,150,67,0.0
572,2,10,150,67,0.0
573,2,10,150,67,0.03246641181906899
574,2,10,150,67,0.05058854055353143
575,2,10,150,67,0.05154847002173459
576,2,10,150,67,0.0
577,2,10,150,67,0.0784247757209491
578,2,10,150,67,0.0
579,2,10,150,67,0.08297540479108526
580,2,10,150,67,0.18080124080515705
581,2,10,150,67,0.0
582,2,10,150,67,0.0437514209980628
583,2,10,150,67,0.04215711712794285
584,2,10,150,67,0.0
585,2,10,150,67,0.08668163308546498
586,2,10,150,67,0.10132509239867551
587,2,10,150,67,0.03459392809572638
588,2,10,150,67,0.053821119735696775
589,2,10,150,67,0.06664199435483577
590,2,10,150,67,0.06139304560474655
591,2,10,150,67,0.0
592,2,10,150,67,0.3294065818107113
593,2,10,150,67,0.04586709436300111
594,2,10,150,67,0.0
595,2,10,150,67,0.0
596,2,10,150,67,0.0
597,2,10,150,67,0.0
598,2,10,150,67,0.0
599,2,10,150,67,0.0
600,2,10,150,67,0.024325165853816375
601,2,10,150,67,0.03369782041898502
602,2,10,150,67,0.0
603,2,10,150,67,0.1435203717549576
604,2,10,150,67,0.0
605,2,10,150,67,0.2645541144793553
606,2,10,150,67,0.23204083039530643
607,2,10,150,67,0.08440880858250024
608,2,10,150,67,0.2120992422792938
609,2,10,150,67,0.0
610,2,10,150,67,0.1629867900167321
611,2,10,150,67,0.08045389590462838
612,2,10,150,67,0.15130120674940672
613,2,10,150,67,0.0
614,2,10,150,67,0.08861505596859857
615,2,10,150,67,0.12047971762374059
616,2,10,150,67,0.0
617,2,10,150,67,0.044257815106106525
618,2,10,150,67,0.18766481803906507
619,2,10,150,67,0.09637551974188778
620,2,10,150,67,0.08396948777462541
621,2,10,150,67,0.06335388063984314
622,2,10,150,67,0.12980296240199146
623,2,10,150,67,0.0
624,2,10,150,67,0.0536466452928127
625,2,10,150,67,0.0
626,2,10,150,67,0.0
627,2,10,150,67,0.0
628,2,10,150,67,0.0
629,2,10,150,67,0.2466228630593721
630,2,10,150,67,0.0
631,2,10,150,67,0.16868725245403154
632,2,10,150,67,0.13439570003165963
633,2,10,150,67,0.07667481399289292
634,2,10,150,67,0.030975021478781034
635,2,10,150,67,0.0
636,2,10,150,67,0.0
637,2,10,150,67,0.0
638,2,10,150,67,0.0
639,2,10,150,67,0.0
640,2,10,150,67,0.040655755922716606
642,2,10,150,67,0.1329152156038286
643,2,10,150,67,0.0
644,2,10,150,67,0.0
645,2,10,150,67,0.09759501249802542
647,2,10,150,67,0.0
648,2,10,150,67,0.18159464350583557
649,2,10,150,67,1.0
650,2,10,150,67,0.0
651,2,10,150,67,0.0
653,2,10,150,67,0.0
654,2,10,150,67,0.058087171966128066
655,2,10,150,67,0.11621678240839849
658,2,10,150,67,0.0
1,2,10,150,68,0.5343723497595074
2,2,10,150,68,0.2268511698743587
3,2,10,150,68,0.03098598178059488
4,2,10,150,68,0.06166887310869151
5,2,10,150,68,0.12620564628865164
6,2,10,150,68,0.17961772474519622
7,2,10,150,68,0.30243331242685745
8,2,10,150,68,0.06653535276206901
9,2,10,150,68,0.0
10,2,10,150,68,0.2043831529067321
11,2,10,150,68,0.10464473261331256
12,2,10,150,68,0.03482606519924978
13,2,10,150,68,0.37678710559710354
14,2,10,150,68,0.12939622934497527
15,2,10,150,68,0.01616702920033762
16,2,10,150,68,0.2662844928132153
17,2,10,150,68,0.10312948447052589
18,2,10,150,68,0.23530120130157384
19,2,10,150,68,0.0
20,2,10,150,68,0.031742154565302834
21,2,10,150,68,0.0
22,2,10,150,68,0.05035691655673683
23,2,10,150,68,0.22807475621810358
24,2,10,150,68,0.10717514219558558
25,2,10,150,68,0.03078223202175778
26,2,10,150,68,0.12994496440026843
27,2,10,150,68,0.0
28,2,10,150,68,0.1358023930187833
29,2,10,150,68,0.0
30,2,10,150,68,0.0
31,2,10,150,68,0.046287481291184845
32,2,10,150,68,0.11781210270929884
33,2,10,150,68,0.0
34,2,10,150,68,0.07239559903187814
35,2,10,150,68,0.0
36,2,10,150,68,0.0
37,2,10,150,68,0.0
38,2,10,150,68,0.06376817439190983
39,2,10,150,68,0.15820890896021753
40,2,10,150,68,0.2212397779175911
41,2,10,150,68,0.0
42,2,10,150,68,0.20130152528989256
43,2,10,150,68,0.09662598732799078
44,2,10,150,68,0.1565413821318793
45,2,10,150,68,0.0
46,2,10,150,68,0.10684080426179023
47,2,10,150,68,0.11437926488327832
48,2,10,150,68,0.14096272947842173
49,2,10,150,68,0.04407878495393109
50,2,10,150,68,0.046726672111120165
51,2,10,150,68,0.07984133538066794
52,2,10,150,68,0.05244652348163508
53,2,10,150,68,0.12810519548676028
54,2,10,150,68,0.047934103497110726
55,2,10,150,68,0.0
56,2,10,150,68,0.22047893971599028
57,2,10,150,68,0.0524456916588361
58,2,10,150,68,0.16366022196121796
59,2,10,150,68,0.33209886984987325
60,2,10,150,68,0.20529719233463828
61,2,10,150,68,0.06416923277158361
62,2,10,150,68,0.18160332589227857
63,2,10,150,68,0.0763437499438357
64,2,10,150,68,0.04583023181159601
65,2,10,150,68,0.18154179097601578
66,2,10,150,68,0.12995427111679475
67,2,10,150,68,0.24630238874073
68,2,10,150,68,0.04358896759704514
69,2,10,150,68,0.1282121418202379
70,2,10,150,68,0.03155184951131585
71,2,10,150,68,0.04416548762473651
72,2,10,150,68,0.28907547922366217
73,2,10,150,68,0.26386730550459286
74,2,10,150,68,0.17342765698823945
75,2,10,150,68,0.16021137204676433
76,2,10,150,68,0.21046795809065558
77,2,10,150,68,0.1240851503174803
78,2,10,150,68,0.0
79,2,10,150,68,0.08508236880273473
80,2,10,150,68,0.1744476820873323
81,2,10,150,68,0.0
82,2,10,150,68,0.03364053685802635
83,2,10,150,68,0.046841820324159865
84,2,10,150,68,0.029136604147144557
85,2,10,150,68,0.201200164178484
86,2,10,150,68,0.07028063830038406
87,2,10,150,68,0.19384373929491494
88,2,10,150,68,0.06294571929989644
89,2,10,150,68,0.2334685083478665
90,2,10,150,68,0.1453979888510906
91,2,10,150,68,0.07054411138080068
92,2,10,150,68,0.1214591833762257
93,2,10,150,68,0.0
94,2,10,150,68,0.261251971591763
95,2,10,150,68,0.12991236159332156
96,2,10,150,68,0.24124578584280335
97,2,10,150,68,0.25684587489418775
98,2,10,150,68,0.0
99,2,10,150,68,0.11936163195678119
100,2,10,150,68,0.0
101,2,10,150,68,0.0
102,2,10,150,68,0.05671879843401278
103,2,10,150,68,0.04579340374561851
104,2,10,150,68,0.0
105,2,10,150,68,0.0
106,2,10,150,68,0.0
107,2,10,150,68,0.09995553728965398
108,2,10,150,68,0.04485361187694993
109,2,10,150,68,0.19016172590894406
110,2,10,150,68,0.037578324799282276
111,2,10,150,68,0.09077089626867633
112,2,10,150,68,0.0
113,2,10,150,68,0.178509607681865
114,2,10,150,68,0.02951022367272685
115,2,10,150,68,0.1737092330727855
116,2,10,150,68,0.026497157492079246
117,2,10,150,68,0.053087643823189194
118,2,10,150,68,0.15599061619059726
119,2,10,150,68,0.15212875834435738
120,2,10,150,68,0.361879195385413
121,2,10,150,68,0.115269333086109
122,2,10,150,68,0.1467899073100297
123,2,10,150,68,0.12990556389377814
124,2,10,150,68,0.18903749859471425
125,2,10,150,68,0.1656817885548098
126,2,10,150,68,0.0
127,2,10,150,68,0.12503310750358904
128,2,10,150,68,0.04616148092938704
129,2,10,150,68,0.0
130,2,10,150,68,0.10278393145865534
131,2,10,150,68,0.36227735599025207
132,2,10,150,68,0.12643913909707097
133,2,10,150,68,0.0
134,2,10,150,68,0.0
135,2,10,150,68,0.0
136,2,10,150,68,0.13562562529527972
137,2,10,150,68,0.06049988016540081
138,2,10,150,68,0.10332949630181452
139,2,10,150,68,0.05165643482805862
140,2,10,150,68,0.0
141,2,10,150,68,0.12556328258692692
142,2,10,150,68,0.0
143,2,10,150,68,0.06882065896991112
144,2,10,150,68,0.16664156206392014
145,2,10,150,68,0.09546538548474594
146,2,10,150,68,0.0
147,2,10,150,68,0.06664071636913875
148,2,10,150,68,0.12501466828444513
149,2,10,150,68,0.10486881530019958
150,2,10,150,68,0.0
151,2,10,150,68,0.2327868274321807
152,2,10,150,68,0.04019832975607886
153,2,10,150,68,0.071942683897578
154,2,10,150,68,0.08491065065836505
155,2,10,150,68,0.0
156,2,10,150,68,0.06437746926759551
157,2,10,150,68,0.06857646087959317
158,2,10,150,68,0.15911711737987416
159,2,10,150,68,0.024782300799839303
160,2,10,150,68,0.11705084481334227
161,2,10,150,68,0.0
162,2,10,150,68,0.042000540422067044
163,2,10,150,68,0.0
164,2,10,150,68,0.029649957429587842
165,2,10,150,68,0.0
166,2,10,150,68,0.06175696970122604
167,2,10,150,68,0.040419659112753054
168,2,10,150,68,0.0641665753731138
169,2,10,150,68,0.03870447337439288
170,2,10,150,68,0.0
171,2,10,150,68,0.0
172,2,10,150,68,0.08232325035020067
173,2,10,150,68,0.07360153356105094
174,2,10,150,68,0.2220641719546779
175,2,10,150,68,0.22732566419594713
176,2,10,150,68,0.0
177,2,10,150,68,0.3152442026717657
178,2,10,150,68,0.1601228029791261
179,2,10,150,68,0.09299583347145139
180,2,10,150,68,0.08391511424653819
181,2,10,150,68,0.040457197807086225
182,2,10,150,68,0.05005165434923901
183,2,10,150,68,0.0
184,2,10,150,68,0.1459367639681911
185,2,10,150,68,0.0
186,2,10,150,68,0.05478814761334652
187,2,10,150,68,0.14023428091042053
188,2,10,150,68,0.29205722210115026
189,2,10,150,68,0.19661282626562737
190,2,10,150,68,0.025938546612492997
191,2,10,150,68,0.0
192,2,10,150,68,0.0
193,2,10,150,68,0.0
194,2,10,150,68,0.155320386698177
195,2,10,150,68,0.04606861224913365
196,2,10,150,68,0.04485361187694993
197,2,10,150,68,0.14330924581016483
198,2,10,150,68,0.028186415745733433
199,2,10,150,68,0.2529427027676571
200,2,10,150,68,0.23903021781429204
201,2,10,150,68,0.10315009745214924
202,2,10,150,68,0.27487633291429087
203,2,10,150,68,0.10238606821339166
204,2,10,150,68,0.08325563768773413
205,2,10,150,68,0.1465996756793884
206,2,10,150,68,0.028694189013458257
207,2,10,150,68,0.0650800810952452
208,2,10,150,68,0.05919139647768146
209,2,10,150,68,0.0
210,2,10,150,68,0.18937175954951105
211,2,10,150,68,0.0
212,2,10,150,68,0.11738002835756964
213,2,10,150,68,0.1624219207093304
214,2,10,150,68,0.23669903147168767
215,2,10,150,68,0.11433722369502479
216,2,10,150,68,0.14425650580287722
217,2,10,150,68,0.10298663607405599
218,2,10,150,68,0.1023482199458735
219,2,10,150,68,0.0
220,2,10,150,68,0.0
221,2,10,150,68,0.10144613070733857
222,2,10,150,68,0.09304851232009273
223,2,10,150,68,0.0
224,2,10,150,68,0.029996736818897345
225,2,10,150,68,0.0
226,2,10,150,68,0.10111769293645066
227,2,10,150,68,0.0947812167140767
228,2,10,150,68,0.0
229,2,10,150,68,0.09096722084626334
230,2,10,150,68,0.29885542969810625
231,2,10,150,68,0.3903800499921017
232,2,10,150,68,0.11605494365670165
233,2,10,150,68,0.13212972170856394
234,2,10,150,68,0.13176382720458807
235,2,10,150,68,0.1075070751982482
236,2,10,150,68,0.14277726217629444
237,2,10,150,68,0.27346075713529205
238,2,10,150,68,0.0
239,2,10,150,68,0.07353036567890302
240,2,10,150,68,0.0
241,2,10,150,68,0.0
242,2,10,150,68,0.07673373981757839
243,2,10,150,68,0.2568245236714982
244,2,10,150,68,0.18280294015368334
245,2,10,150,68,0.0
246,2,10,150,68,0.12379877182510346
247,2,10,150,68,0.0
248,2,10,150,68,0.14176813152020928
249,2,10,150,68,0.21580604760725444
250,2,10,150,68,0.06611248482408215
251,2,10,150,68,0.10803826056443963
252,2,10,150,68,0.1904168294848087
253,2,10,150,68,0.18852956389601477
254,2,10,150,68,0.25691352569511505
255,2,10,150,68,0.04662184073981129
256,2,10,150,68,0.2861353696824985
257,2,10,150,68,0.10559687561546657
258,2,10,150,68,0.0
259,2,10,150,68,0.0
260,2,10,150,68,0.0
261,2,10,150,68,0.0
262,2,10,150,68,0.05887472794707303
263,2,10,150,68,0.13009795915406797
264,2,10,150,68,0.07935123938715939
265,2,10,150,68,0.08339602711200374
266,2,10,150,68,0.0
267,2,10,150,68,0.14681575200160665
268,2,10,150,68,0.175565932828935
269,2,10,150,68,0.08956228675433697
270,2,10,150,68,0.122398451109695
271,2,10,150,68,0.21232910977552766
272,2,10,150,68,0.33957662813068484
273,2,10,150,68,0.0
274,2,10,150,68,0.05829918151249392
275,2,10,150,68,0.04105877938688906
276,2,10,150,68,0.20573356116406422
277,2,10,150,68,0.0
278,2,10,150,68,0.04305311721683474
279,2,10,150,68,0.2263530884209162
280,2,10,150,68,0.0841500632404169
281,2,10,150,68,0.05516788910004661
282,2,10,150,68,0.0
283,2,10,150,68,0.06286054135527182
284,2,10,150,68,0.0
285,2,10,150,68,0.15002687789384317
286,2,10,150,68,0.10935965302959402
287,2,10,150,68,0.11853073131207159
288,2,10,150,68,0.13748615058002994
289,2,10,150,68,0.06510475888148554
290,2,10,150,68,0.09449357188080848
291,2,10,150,68,0.18111583272175705
292,2,10,150,68,0.3713936936921286
293,2,10,150,68,0.17342243251937423
294,2,10,150,68,0.05942233668176323
295,2,10,150,68,0.17324887543722053
296,2,10,150,68,0.10863331355232851
297,2,10,150,68,0.10547809104886068
298,2,10,150,68,0.37579851912953594
299,2,10,150,68,0.05389882485565562
300,2,10,150,68,0.0
301,2,10,150,68,0.12514367933866224
302,2,10,150,68,0.0
303,2,10,150,68,0.38269596158190095
304,2,10,150,68,0.09811693595042764
305,2,10,150,68,0.15377587171217844
306,2,10,150,68,0.07286537763060504
307,2,10,150,68,0.15107571592228533
308,2,10,150,68,0.12790705578420647
309,2,10,150,68,0.0
310,2,10,150,68,0.0
311,2,10,150,68,0.27121935833719746
312,2,10,150,68,0.13469058547967422
313,2,10,150,68,0.23139398207259873
314,2,10,150,68,0.12569898539461405
315,2,10,150,68,0.18129588776381328
316,2,10,150,68,0.20030147904071285
317,2,10,150,68,0.0
318,2,10,150,68,0.11809408464566347
319,2,10,150,68,0.0
320,2,10,150,68,0.04539294738377069
321,2,10,150,68,0.12530728980532893
322,2,10,150,68,0.35190394711189377
323,2,10,150,68,0.028361369701356044
324,2,10,150,68,0.04342547274117719
325,2,10,150,68,0.0811231025632827
326,2,10,150,68,0.14774251547484274
327,2,10,150,68,0.05327639484310653
328,2,10,150,68,0.14304127376118922
329,2,10,150,68,0.0
330,2,10,150,68,0.133273186303286
331,2,10,150,68,0.05427266504401326
332,2,10,150,68,0.18967146462948598
333,2,10,150,68,0.05206745415870339
334,2,10,150,68,0.1256870230470692
335,2,10,150,68,0.0
336,2,10,150,68,0.11501232379588432
337,2,10,150,68,0.10934082156401825
338,2,10,150,68,0.12065326649027912
339,2,10,150,68,0.2957951824190681
340,2,10,150,68,0.17896552649342137
341,2,10,150,68,0.0
342,2,10,150,68,0.2623868288299371
343,2,10,150,68,0.29436216611127036
344,2,10,150,68,0.1523980172868318
345,2,10,150,68,0.10686772084589051
346,2,10,150,68,0.22094688193976963
347,2,10,150,68,0.19318603337387616
348,2,10,150,68,0.0
349,2,10,150,68,0.163169180413793
350,2,10,150,68,0.18939048055890495
351,2,10,150,68,0.1610216634970071
352,2,10,150,68,0.3057524544183157
353,2,10,150,68,0.0
354,2,10,150,68,0.09165611061713629
355,2,10,150,68,0.0
356,2,10,150,68,0.10061931714936387
357,2,10,150,68,0.14019634392566574
358,2,10,150,68,0.0
359,2,10,150,68,0.0
360,2,10,150,68,0.22728151171982378
361,2,10,150,68,0.12786031464335298
362,2,10,150,68,0.04690797720830594
363,2,10,150,68,0.19648907108621505
364,2,10,150,68,0.0
365,2,10,150,68,0.0
366,2,10,150,68,0.09184114803951915
367,2,10,150,68,0.05534563970541805
368,2,10,150,68,0.06788053752288492
369,2,10,150,68,0.21386152848601384
370,2,10,150,68,0.0957000625269241
371,2,10,150,68,0.1366471158428892
372,2,10,150,68,0.08461341886182785
373,2,10,150,68,0.11451481143099315
374,2,10,150,68,0.16895518016185268
375,2,10,150,68,0.1676614286651071
376,2,10,150,68,0.07216815292900357
377,2,10,150,68,0.3067552645565975
378,2,10,150,68,0.05125030608831124
379,2,10,150,68,0.2300230636638564
380,2,10,150,68,0.0590647057138947
381,2,10,150,68,0.13460387583977396
382,2,10,150,68,0.14582500956521116
383,2,10,150,68,0.07384236194308337
384,2,10,150,68,0.0
385,2,10,150,68,0.158265965429535
386,2,10,150,68,0.0
387,2,10,150,68,0.1760328804218909
388,2,10,150,68,0.03275673003454543
389,2,10,150,68,0.2678347264155053
390,2,10,150,68,0.10466779365752882
391,2,10,150,68,0.18344326580289438
392,2,10,150,68,0.09006573473175804
393,2,10,150,68,0.11675522952339709
394,2,10,150,68,0.23203872840181228
395,2,10,150,68,0.14650904367843634
396,2,10,150,68,0.08006506288147622
397,2,10,150,68,0.21870981369224696
398,2,10,150,68,0.12633080592181342
399,2,10,150,68,0.020907878476495535
400,2,10,150,68,0.0
401,2,10,150,68,0.0
402,2,10,150,68,0.1798991830195577
403,2,10,150,68,0.23561122801255002
404,2,10,150,68,0.0
405,2,10,150,68,0.2428606178520938
406,2,10,150,68,0.25143623239210444
407,2,10,150,68,0.08147241135518808
408,2,10,150,68,0.08490303813485527
409,2,10,150,68,0.174837639717345
410,2,10,150,68,0.1510508871592243
411,2,10,150,68,0.13359023741301432
412,2,10,150,68,0.041062015509212284
413,2,10,150,68,0.19475935863737628
414,2,10,150,68,0.04690797720830594
415,2,10,150,68,0.15582818336744758
416,2,10,150,68,0.5008874366871036
417,2,10,150,68,0.2680797443372646
418,2,10,150,68,0.05130633033097092
419,2,10,150,68,0.13043508853971056
420,2,10,150,68,0.16430228407972985
421,2,10,150,68,0.3102692669240346
422,2,10,150,68,0.0654076987556055
423,2,10,150,68,0.0
424,2,10,150,68,0.039270700903099615
425,2,10,150,68,0.04933399627649817
426,2,10,150,68,0.03206656709567107
427,2,10,150,68,0.0
428,2,10,150,68,0.09545062073374358
429,2,10,150,68,0.24671155639294193
430,2,10,150,68,0.17441334704295655
431,2,10,150,68,0.0
432,2,10,150,68,0.08980230529700303
433,2,10,150,68,0.10047622221317463
434,2,10,150,68,0.21435951014939544
435,2,10,150,68,0.3184343757891784
436,2,10,150,68,0.08073573433990566
437,2,10,150,68,0.2365385681517889
438,2,10,150,68,0.11342455428465782
439,2,10,150,68,0.0
440,2,10,150,68,0.056388463063434605
441,2,10,150,68,0.1731866333482261
442,2,10,150,68,0.04062732041938225
443,2,10,150,68,0.0
444,2,10,150,68,0.0796221118108625
445,2,10,150,68,0.041592183551090546
446,2,10,150,68,0.13356958453958645
447,2,10,150,68,0.055923854163236565
448,2,10,150,68,0.049326153683410964
449,2,10,150,68,0.12454817859325495
450,2,10,150,68,0.4975481271921131
451,2,10,150,68,0.05163551141839463
452,2,10,150,68,0.2093286807134864
453,2,10,150,68,0.10686823604973998
454,2,10,150,68,0.0
455,2,10,150,68,0.11491171698961469
456,2,10,150,68,0.0850662451710131
457,2,10,150,68,0.48943816654679373
458,2,10,150,68,0.24957230702472688
459,2,10,150,68,0.20154342782727996
460,2,10,150,68,0.07041837375515932
461,2,10,150,68,0.06961399513856609
462,2,10,150,68,0.18564976427020158
463,2,10,150,68,0.21881515471619958
464,2,10,150,68,0.06726768733602535
465,2,10,150,68,0.10783006935442738
466,2,10,150,68,0.12816210679182038
467,2,10,150,68,0.09300532025926726
468,2,10,150,68,0.2288236024598987
469,2,10,150,68,0.05651614765972419
470,2,10,150,68,0.04760723841253984
471,2,10,150,68,0.0
472,2,10,150,68,0.24060147341644725
473,2,10,150,68,0.2622744659873325
474,2,10,150,68,0.3920713135632628
475,2,10,150,68,0.07311683844390994
476,2,10,150,68,0.021791008948563714
477,2,10,150,68,0.07075576072108061
478,2,10,150,68,0.13180376528048332
479,2,10,150,68,0.20370593182150723
480,2,10,150,68,0.15920120556239784
481,2,10,150,68,0.048705796110663196
482,2,10,150,68,0.04290887548434951
483,2,10,150,68,0.0273055648695642
484,2,10,150,68,0.20193976177882433
485,2,10,150,68,0.036556008482007775
486,2,10,150,68,0.018131196781451066
487,2,10,150,68,0.32107977584780056
488,2,10,150,68,0.0
489,2,10,150,68,0.0
490,2,10,150,68,0.11630686983226163
491,2,10,150,68,0.03859643636257609
492,2,10,150,68,0.1338895448360617
493,2,10,150,68,0.22708658560204953
494,2,10,150,68,0.08596118914843212
495,2,10,150,68,0.17960082456296472
496,2,10,150,68,0.023205371908120297
497,2,10,150,68,0.1475141032405825
498,2,10,150,68,0.07358364093338247
499,2,10,150,68,0.09250894728958106
500,2,10,150,68,0.1521833640043979
501,2,10,150,68,0.02184231145035861
502,2,10,150,68,0.06689893193796337
503,2,10,150,68,0.15389524796177503
504,2,10,150,68,0.13314898887961796
505,2,10,150,68,0.05688647497208646
506,2,10,150,68,0.12060142989723613
507,2,10,150,68,0.02186947737677948
508,2,10,150,68,0.20345924618307185
509,2,10,150,68,0.031611854308622345
510,2,10,150,68,0.0
511,2,10,150,68,0.0
512,2,10,150,68,0.08364069030518707
513,2,10,150,68,0.0600937008083393
514,2,10,150,68,0.16578726587197626
515,2,10,150,68,0.034743705427429224
516,2,10,150,68,0.1340330647732781
517,2,10,150,68,0.07931777113368761
518,2,10,150,68,0.1271756500386261
519,2,10,150,68,0.10560636946921488
520,2,10,150,68,0.0
521,2,10,150,68,0.0
522,2,10,150,68,0.0559167101555819
523,2,10,150,68,0.21950613822622128
524,2,10,150,68,0.1144384241830628
525,2,10,150,68,0.0
526,2,10,150,68,0.02505758835695044
527,2,10,150,68,0.3406799390264829
528,2,10,150,68,0.17766119401073668
529,2,10,150,68,0.0
530,2,10,150,68,0.05554513395194445
531,2,10,150,68,0.0
532,2,10,150,68,0.09310641424649296
533,2,10,150,68,0.0323884954096783
534,2,10,150,68,0.024909303741335254
535,2,10,150,68,0.2197121394531705
536,2,10,150,68,0.16340884055250954
537,2,10,150,68,0.44195358018035513
538,2,10,150,68,0.032394594743117074
539,2,10,150,68,0.09953437200841515
540,2,10,150,68,0.0
541,2,10,150,68,0.06833564325125971
542,2,10,150,68,0.07797598981103891
543,2,10,150,68,0.049450905794207176
544,2,10,150,68,0.0
545,2,10,150,68,0.060216826583478454
546,2,10,150,68,0.03314153504336938
547,2,10,150,68,0.04855455745827926
548,2,10,150,68,0.03883106019841818
549,2,10,150,68,0.0
550,2,10,150,68,0.09688698360286704
551,2,10,150,68,0.22482771802010013
552,2,10,150,68,0.048059443651065493
553,2,10,150,68,0.1494215149076395
554,2,10,150,68,0.07041837375515932
555,2,10,150,68,0.09809088686968297
556,2,10,150,68,0.16258997327839542
557,2,10,150,68,0.04470486007704452
558,2,10,150,68,0.265053101293003
559,2,10,150,68,0.08620000398338708
560,2,10,150,68,0.028567598460307132
561,2,10,150,68,0.11475977837924867
562,2,10,150,68,0.07720150835011791
563,2,10,150,68,0.0
564,2,10,150,68,0.0
565,2,10,150,68,0.28663011782160785
566,2,10,150,68,0.03548242894850303
567,2,10,150,68,0.060047839130955294
568,2,10,150,68,0.0
569,2,10,150,68,0.17563954439010937
570,2,10,150,68,0.0
571,2,10,150,68,0.0
572,2,10,150,68,0.0
573,2,10,150,68,0.03246641181906899
574,2,10,150,68,0.05058854055353143
575,2,10,150,68,0.05154847002173459
576,2,10,150,68,0.0
577,2,10,150,68,0.0784247757209491
578,2,10,150,68,0.0
579,2,10,150,68,0.08297540479108526
580,2,10,150,68,0.18080124080515705
581,2,10,150,68,0.0
582,2,10,150,68,0.0437514209980628
583,2,10,150,68,0.08356526807460651
584,2,10,150,68,0.0
585,2,10,150,68,0.08668163308546498
586,2,10,150,68,0.10132509239867551
587,2,10,150,68,0.03459392809572638
588,2,10,150,68,0.053821119735696775
589,2,10,150,68,0.098786898936728
590,2,10,150,68,0.06139304560474655
591,2,10,150,68,0.0
592,2,10,150,68,0.32602416458511735
593,2,10,150,68,0.04586709436300111
594,2,10,150,68,0.0
595,2,10,150,68,0.0
596,2,10,150,68,0.0
597,2,10,150,68,0.0
598,2,10,150,68,0.0
599,2,10,150,68,0.0
600,2,10,150,68,0.024325165853816375
601,2,10,150,68,0.03369782041898502
602,2,10,150,68,0.0
603,2,10,150,68,0.1435203717549576
604,2,10,150,68,0.0
605,2,10,150,68,0.2645541144793553
606,2,10,150,68,0.23204083039530643
607,2,10,150,68,0.08440880858250024
608,2,10,150,68,0.2120992422792938
609,2,10,150,68,0.0
610,2,10,150,68,0.1629867900167321
611,2,10,150,68,0.08045389590462838
612,2,10,150,68,0.15130120674940672
613,2,10,150,68,0.0
614,2,10,150,68,0.08861505596859857
615,2,10,150,68,0.12047971762374059
616,2,10,150,68,0.0
617,2,10,150,68,0.044257815106106525
618,2,10,150,68,0.18766481803906507
619,2,10,150,68,0.09637551974188778
620,2,10,150,68,0.08396948777462541
621,2,10,150,68,0.06335388063984314
622,2,10,150,68,0.12980296240199146
623,2,10,150,68,0.0
624,2,10,150,68,0.0536466452928127
625,2,10,150,68,0.0
626,2,10,150,68,0.0
627,2,10,150,68,0.0
628,2,10,150,68,0.0
629,2,10,150,68,0.2466228630593721
630,2,10,150,68,0.0
631,2,10,150,68,0.16868725245403154
632,2,10,150,68,0.13439570003165963
633,2,10,150,68,0.07667481399289292
634,2,10,150,68,0.030975021478781034
635,2,10,150,68,0.0
636,2,10,150,68,0.0
637,2,10,150,68,0.0
638,2,10,150,68,0.0
639,2,10,150,68,0.0
640,2,10,150,68,0.040655755922716606
642,2,10,150,68,0.1329152156038286
643,2,10,150,68,0.0
644,2,10,150,68,0.0
645,2,10,150,68,0.09759501249802542
647,2,10,150,68,0.0
648,2,10,150,68,0.18159464350583557
649,2,10,150,68,1.0
650,2,10,150,68,0.0
651,2,10,150,68,0.0
653,2,10,150,68,0.0
654,2,10,150,68,0.058087171966128066
655,2,10,150,68,0.11621678240839849
658,2,10,150,68,0.0
1,2,10,150,69,0.5343723497595074
2,2,10,150,69,0.2268511698743587
3,2,10,150,69,0.03098598178059488
4,2,10,150,69,0.06166887310869151
5,2,10,150,69,0.12620564628865164
6,2,10,150,69,0.17961772474519622
7,2,10,150,69,0.2993697309587853
8,2,10,150,69,0.06653535276206901
9,2,10,150,69,0.0
10,2,10,150,69,0.2043831529067321
11,2,10,150,69,0.10464473261331256
12,2,10,150,69,0.03482606519924978
13,2,10,150,69,0.3729703369189011
14,2,10,150,69,0.12939622934497527
15,2,10,150,69,0.01616702920033762
16,2,10,150,69,0.2662844928132153
17,2,10,150,69,0.10312948447052589
18,2,10,150,69,0.23291765302794587
19,2,10,150,69,0.0
20,2,10,150,69,0.031742154565302834
21,2,10,150,69,0.0
22,2,10,150,69,0.05035691655673683
23,2,10,150,69,0.22807475621810358
24,2,10,150,69,0.10717514219558558
25,2,10,150,69,0.03078223202175778
26,2,10,150,69,0.12994496440026843
27,2,10,150,69,0.0
28,2,10,150,69,0.1358023930187833
29,2,10,150,69,0.0
30,2,10,150,69,0.0
31,2,10,150,69,0.046287481291184845
32,2,10,150,69,0.11781210270929884
33,2,10,150,69,0.0
34,2,10,150,69,0.07239559903187814
35,2,10,150,69,0.0
36,2,10,150,69,0.0
37,2,10,150,69,0.0
38,2,10,150,69,0.08383161799172952
39,2,10,150,69,0.15820890896021753
40,2,10,150,69,0.2212397779175911
41,2,10,150,69,0.0
42,2,10,150,69,0.20130152528989256
43,2,10,150,69,0.09662598732799078
44,2,10,150,69,0.1565413821318793
45,2,10,150,69,0.0
46,2,10,150,69,0.10684080426179023
47,2,10,150,69,0.11437926488327832
48,2,10,150,69,0.14096272947842173
49,2,10,150,69,0.04407878495393109
50,2,10,150,69,0.046726672111120165
51,2,10,150,69,0.07984133538066794
52,2,10,150,69,0.05244652348163508
53,2,10,150,69,0.12810519548676028
54,2,10,150,69,0.047934103497110726
55,2,10,150,69,0.0
56,2,10,150,69,0.22047893971599028
57,2,10,150,69,0.0524456916588361
58,2,10,150,69,0.16366022196121796
59,2,10,150,69,0.3388645581545546
60,2,10,150,69,0.2158570564681132
61,2,10,150,69,0.06416923277158361
62,2,10,150,69,0.18160332589227857
63,2,10,150,69,0.0763437499438357
64,2,10,150,69,0.04583023181159601
65,2,10,150,69,0.18154179097601578
66,2,10,150,69,0.12995427111679475
67,2,10,150,69,0.24630238874073
68,2,10,150,69,0.04358896759704514
69,2,10,150,69,0.1513861475303633
70,2,10,150,69,0.03155184951131585
71,2,10,150,69,0.04416548762473651
72,2,10,150,69,0.28907547922366217
73,2,10,150,69,0.26386730550459286
74,2,10,150,69,0.17342765698823945
75,2,10,150,69,0.16021137204676433
76,2,10,150,69,0.21046795809065558
77,2,10,150,69,0.1240851503174803
78,2,10,150,69,0.0
79,2,10,150,69,0.08508236880273473
80,2,10,150,69,0.1744476820873323
81,2,10,150,69,0.0
82,2,10,150,69,0.03364053685802635
83,2,10,150,69,0.046841820324159865
84,2,10,150,69,0.029136604147144557
85,2,10,150,69,0.19916205174502197
86,2,10,150,69,0.07028063830038406
87,2,10,150,69,0.19384373929491494
88,2,10,150,69,0.06294571929989644
89,2,10,150,69,0.2334685083478665
90,2,10,150,69,0.14392513990940234
91,2,10,150,69,0.07054411138080068
92,2,10,150,69,0.12022882915256994
93,2,10,150,69,0.0
94,2,10,150,69,0.2586055478488117
95,2,10,150,69,0.12859637857459558
96,2,10,150,69,0.24124578584280335
97,2,10,150,69,0.25684587489418775
98,2,10,150,69,0.0
99,2,10,150,69,0.11936163195678119
100,2,10,150,69,0.0
101,2,10,150,69,0.0
102,2,10,150,69,0.05671879843401278
103,2,10,150,69,0.04579340374561851
104,2,10,150,69,0.0
105,2,10,150,69,0.0
106,2,10,150,69,0.0
107,2,10,150,69,0.09995553728965398
108,2,10,150,69,0.04485361187694993
109,2,10,150,69,0.19016172590894406
110,2,10,150,69,0.037578324799282276
111,2,10,150,69,0.09077089626867633
112,2,10,150,69,0.0
113,2,10,150,69,0.178509607681865
114,2,10,150,69,0.02951022367272685
115,2,10,150,69,0.1737092330727855
116,2,10,150,69,0.026497157492079246
117,2,10,150,69,0.053087643823189194
118,2,10,150,69,0.15599061619059726
119,2,10,150,69,0.15212875834435738
120,2,10,150,69,0.361879195385413
121,2,10,150,69,0.115269333086109
122,2,10,150,69,0.1467899073100297
123,2,10,150,69,0.12990556389377814
124,2,10,150,69,0.18903749859471425
125,2,10,150,69,0.1656817885548098
126,2,10,150,69,0.0
127,2,10,150,69,0.12503310750358904
128,2,10,150,69,0.04616148092938704
129,2,10,150,69,0.0
130,2,10,150,69,0.1017427533387401
131,2,10,150,69,0.36227735599025207
132,2,10,150,69,0.12643913909707097
133,2,10,150,69,0.0
134,2,10,150,69,0.0
135,2,10,150,69,0.0
136,2,10,150,69,0.16609048789162614
137,2,10,150,69,0.06049988016540081
138,2,10,150,69,0.10332949630181452
139,2,10,150,69,0.05165643482805862
140,2,10,150,69,0.0
141,2,10,150,69,0.12556328258692692
142,2,10,150,69,0.0
143,2,10,150,69,0.06882065896991112
144,2,10,150,69,0.16664156206392014
145,2,10,150,69,0.09449834259034201
146,2,10,150,69,0.0
147,2,10,150,69,0.06664071636913875
148,2,10,150,69,0.12501466828444513
149,2,10,150,69,0.10486881530019958
150,2,10,150,69,0.0
151,2,10,150,69,0.2304287492006201
152,2,10,150,69,0.04019832975607886
153,2,10,150,69,0.071942683897578
154,2,10,150,69,0.08491065065836505
155,2,10,150,69,0.0
156,2,10,150,69,0.06437746926759551
157,2,10,150,69,0.06857646087959317
158,2,10,150,69,0.15911711737987416
159,2,10,150,69,0.024782300799839303
160,2,10,150,69,0.11705084481334227
161,2,10,150,69,0.0
162,2,10,150,69,0.042000540422067044
163,2,10,150,69,0.0
164,2,10,150,69,0.029649957429587842
165,2,10,150,69,0.0
166,2,10,150,69,0.06175696970122604
167,2,10,150,69,0.040419659112753054
168,2,10,150,69,0.0641665753731138
169,2,10,150,69,0.03870447337439288
170,2,10,150,69,0.0
171,2,10,150,69,0.0
172,2,10,150,69,0.08232325035020067
173,2,10,150,69,0.10950977367488092
174,2,10,150,69,0.2220641719546779
175,2,10,150,69,0.22732566419594713
176,2,10,150,69,0.0
177,2,10,150,69,0.3152442026717657
178,2,10,150,69,0.15850079498044947
179,2,10,150,69,0.09299583347145139
180,2,10,150,69,0.08391511424653819
181,2,10,150,69,0.040047375488052185
182,2,10,150,69,0.05005165434923901
183,2,10,150,69,0.0
184,2,10,150,69,0.1459367639681911
185,2,10,150,69,0.0
186,2,10,150,69,0.05478814761334652
187,2,10,150,69,0.14023428091042053
188,2,10,150,69,0.29205722210115026
189,2,10,150,69,0.19661282626562737
190,2,10,150,69,0.025938546612492997
191,2,10,150,69,0.0
192,2,10,150,69,0.0
193,2,10,150,69,0.0
194,2,10,150,69,0.15374702609684635
195,2,10,150,69,0.04606861224913365
196,2,10,150,69,0.04485361187694993
197,2,10,150,69,0.14330924581016483
198,2,10,150,69,0.028186415745733433
199,2,10,150,69,0.2529427027676571
200,2,10,150,69,0.23903021781429204
201,2,10,150,69,0.10210521015303377
202,2,10,150,69,0.27487633291429087
203,2,10,150,69,0.10238606821339166
204,2,10,150,69,0.08325563768773413
205,2,10,150,69,0.1465996756793884
206,2,10,150,69,0.028694189013458257
207,2,10,150,69,0.0650800810952452
208,2,10,150,69,0.05919139647768146
209,2,10,150,69,0.0
210,2,10,150,69,0.18937175954951105
211,2,10,150,69,0.0
212,2,10,150,69,0.11738002835756964
213,2,10,150,69,0.1624219207093304
214,2,10,150,69,0.23669903147168767
215,2,10,150,69,0.11433722369502479
216,2,10,150,69,0.14425650580287722
217,2,10,150,69,0.10298663607405599
218,2,10,150,69,0.1023482199458735
219,2,10,150,69,0.0
220,2,10,150,69,0.0
221,2,10,150,69,0.10144613070733857
222,2,10,150,69,0.09210595180753522
223,2,10,150,69,0.0
224,2,10,150,69,0.029996736818897345
225,2,10,150,69,0.0
226,2,10,150,69,0.10111769293645066
227,2,10,150,69,0.0947812167140767
228,2,10,150,69,0.0
229,2,10,150,69,0.09096722084626334
230,2,10,150,69,0.29885542969810625
231,2,10,150,69,0.3903800499921017
232,2,10,150,69,0.11605494365670165
233,2,10,150,69,0.13212972170856394
234,2,10,150,69,0.1405588644560789
235,2,10,150,69,0.1075070751982482
236,2,10,150,69,0.14277726217629444
237,2,10,150,69,0.27346075713529205
238,2,10,150,69,0.0
239,2,10,150,69,0.07353036567890302
240,2,10,150,69,0.0
241,2,10,150,69,0.0
242,2,10,150,69,0.07673373981757839
243,2,10,150,69,0.2568245236714982
244,2,10,150,69,0.18280294015368334
245,2,10,150,69,0.0
246,2,10,150,69,0.12379877182510346
247,2,10,150,69,0.0
248,2,10,150,69,0.14176813152020928
249,2,10,150,69,0.21580604760725444
250,2,10,150,69,0.06611248482408215
251,2,10,150,69,0.10803826056443963
252,2,10,150,69,0.1904168294848087
253,2,10,150,69,0.18852956389601477
254,2,10,150,69,0.25691352569511505
255,2,10,150,69,0.04662184073981129
256,2,10,150,69,0.2861353696824985
257,2,10,150,69,0.10559687561546657
258,2,10,150,69,0.0
259,2,10,150,69,0.0
260,2,10,150,69,0.0
261,2,10,150,69,0.0
262,2,10,150,69,0.05887472794707303
263,2,10,150,69,0.1479061539338118
264,2,10,150,69,0.07935123938715939
265,2,10,150,69,0.08339602711200374
266,2,10,150,69,0.0
267,2,10,150,69,0.14681575200160665
268,2,10,150,69,0.17378748939648536
269,2,10,150,69,0.08865504092305934
270,2,10,150,69,0.122398451109695
271,2,10,150,69,0.21017826362494732
272,2,10,150,69,0.366296454316556
273,2,10,150,69,0.0
274,2,10,150,69,0.05829918151249392
275,2,10,150,69,0.04105877938688906
276,2,10,150,69,0.2137793016388936
277,2,10,150,69,0.0
278,2,10,150,69,0.04305311721683474
279,2,10,150,69,0.22406018251923931
280,2,10,150,69,0.0841500632404169
281,2,10,150,69,0.05516788910004661
282,2,10,150,69,0.0
283,2,10,150,69,0.06286054135527182
284,2,10,150,69,0.0
285,2,10,150,69,0.15002687789384317
286,2,10,150,69,0.10825186432838309
287,2,10,150,69,0.11853073131207159
288,2,10,150,69,0.13748615058002994
289,2,10,150,69,0.06510475888148554
290,2,10,150,69,0.09449357188080848
291,2,10,150,69,0.17928117005100702
292,2,10,150,69,0.3713936936921286
293,2,10,150,69,0.171665702263203
294,2,10,150,69,0.05942233668176323
295,2,10,150,69,0.18625492385167394
296,2,10,150,69,0.10863331355232851
297,2,10,150,69,0.10547809104886068
298,2,10,150,69,0.37579851912953594
299,2,10,150,69,0.05389882485565562
300,2,10,150,69,0.0
301,2,10,150,69,0.12514367933866224
302,2,10,150,69,0.0
303,2,10,150,69,0.37881933752087943
304,2,10,150,69,0.09811693595042764
305,2,10,150,69,0.15377587171217844
306,2,10,150,69,0.07286537763060504
307,2,10,150,69,0.17167816797422253
308,2,10,150,69,0.12661138606253539
309,2,10,150,69,0.0
310,2,10,150,69,0.0
311,2,10,150,69,0.2684719672071769
312,2,10,150,69,0.14536475037863886
313,2,10,150,69,0.22905001305141995
314,2,10,150,69,0.12569898539461405
315,2,10,150,69,0.18129588776381328
316,2,10,150,69,0.20030147904071285
317,2,10,150,69,0.0
318,2,10,150,69,0.11809408464566347
319,2,10,150,69,0.0
320,2,10,150,69,0.04539294738377069
321,2,10,150,69,0.12530728980532893
322,2,10,150,69,0.35190394711189377
323,2,10,150,69,0.028361369701356044
324,2,10,150,69,0.04342547274117719
325,2,10,150,69,0.0811231025632827
326,2,10,150,69,0.14774251547484274
327,2,10,150,69,0.06286649214049542
328,2,10,150,69,0.14304127376118922
329,2,10,150,69,0.0
330,2,10,150,69,0.133273186303286
331,2,10,150,69,0.05427266504401326
332,2,10,150,69,0.18967146462948598
333,2,10,150,69,0.05206745415870339
334,2,10,150,69,0.12441384175796338
335,2,10,150,69,0.0
336,2,10,150,69,0.11501232379588432
337,2,10,150,69,0.10934082156401825
338,2,10,150,69,0.12065326649027912
339,2,10,150,69,0.2927988437157275
340,2,10,150,69,0.17896552649342137
341,2,10,150,69,0.0
342,2,10,150,69,0.2623868288299371
343,2,10,150,69,0.3015101187416373
344,2,10,150,69,0.1523980172868318
345,2,10,150,69,0.10686772084589051
346,2,10,150,69,0.2187087396944351
347,2,10,150,69,0.19318603337387616
348,2,10,150,69,0.0
349,2,10,150,69,0.163169180413793
350,2,10,150,69,0.18939048055890495
351,2,10,150,69,0.1610216634970071
352,2,10,150,69,0.3057524544183157
353,2,10,150,69,0.0
354,2,10,150,69,0.09072765482081874
355,2,10,150,69,0.0
356,2,10,150,69,0.10061931714936387
357,2,10,150,69,0.14019634392566574
358,2,10,150,69,0.0
359,2,10,150,69,0.0
360,2,10,150,69,0.22728151171982378
361,2,10,150,69,0.12786031464335298
362,2,10,150,69,0.04690797720830594
363,2,10,150,69,0.19449868096672704
364,2,10,150,69,0.0
365,2,10,150,69,0.0
366,2,10,150,69,0.09184114803951915
367,2,10,150,69,0.05534563970541805
368,2,10,150,69,0.06788053752288492
369,2,10,150,69,0.21386152848601384
370,2,10,150,69,0.0957000625269241
371,2,10,150,69,0.1366471158428892
372,2,10,150,69,0.08461341886182785
373,2,10,150,69,0.1133548021340523
374,2,10,150,69,0.1672437021678277
375,2,10,150,69,0.1676614286651071
376,2,10,150,69,0.07216815292900357
377,2,10,150,69,0.3067552645565975
378,2,10,150,69,0.05073115200867211
379,2,10,150,69,0.2300230636638564
380,2,10,150,69,0.0590647057138947
381,2,10,150,69,0.13460387583977396
382,2,10,150,69,0.14582500956521116
383,2,10,150,69,0.07384236194308337
384,2,10,150,69,0.0
385,2,10,150,69,0.15666276677781987
386,2,10,150,69,0.0
387,2,10,150,69,0.17424970691529415
388,2,10,150,69,0.03275673003454543
389,2,10,150,69,0.2651216208459885
390,2,10,150,69,0.10466779365752882
391,2,10,150,69,0.18344326580289438
392,2,10,150,69,0.09006573473175804
393,2,10,150,69,0.11557252529482472
394,2,10,150,69,0.23203872840181228
395,2,10,150,69,0.14650904367843634
396,2,10,150,69,0.08006506288147622
397,2,10,150,69,0.21870981369224696
398,2,10,150,69,0.12633080592181342
399,2,10,150,69,0.020696086367606115
400,2,10,150,69,0.0
401,2,10,150,69,0.0
402,2,10,150,69,0.1798991830195577
403,2,10,150,69,0.23561122801255002
404,2,10,150,69,0.0
405,2,10,150,69,0.240400494388161
406,2,10,150,69,0.24888923988067388
407,2,10,150,69,0.08064711414310509
408,2,10,150,69,0.08490303813485527
409,2,10,150,69,0.174837639717345
410,2,10,150,69,0.1510508871592243
411,2,10,150,69,0.13359023741301432
412,2,10,150,69,0.041062015509212284
413,2,10,150,69,0.19475935863737628
414,2,10,150,69,0.04690797720830594
415,2,10,150,69,0.15582818336744758
416,2,10,150,69,0.5059433347532837
417,2,10,150,69,0.2653641567912802
418,2,10,150,69,0.05130633033097092
419,2,10,150,69,0.13043508853971056
420,2,10,150,69,0.16430228407972985
421,2,10,150,69,0.3102692669240346
422,2,10,150,69,0.0654076987556055
423,2,10,150,69,0.0
424,2,10,150,69,0.039270700903099615
425,2,10,150,69,0.04883425398446751
426,2,10,150,69,0.03206656709567107
427,2,10,150,69,0.0
428,2,10,150,69,0.09545062073374358
429,2,10,150,69,0.24421242378727878
430,2,10,150,69,0.17441334704295655
431,2,10,150,69,0.0
432,2,10,150,69,0.08980230529700303
433,2,10,150,69,0.10047622221317463
434,2,10,150,69,0.21435951014939544
435,2,10,150,69,0.3152087071462745
436,2,10,150,69,0.08073573433990566
437,2,10,150,69,0.23414248563012752
438,2,10,150,69,0.11342455428465782
439,2,10,150,69,0.0
440,2,10,150,69,0.056388463063434605
441,2,10,150,69,0.1731866333482261
442,2,10,150,69,0.04062732041938225
443,2,10,150,69,0.0
444,2,10,150,69,0.0796221118108625
445,2,10,150,69,0.041592183551090546
446,2,10,150,69,0.13356958453958645
447,2,10,150,69,0.055923854163236565
448,2,10,150,69,0.049326153683410964
449,2,10,150,69,0.12454817859325495
450,2,10,150,69,0.4925080765121523
451,2,10,150,69,0.05163551141839463
452,2,10,150,69,0.20720822823481
453,2,10,150,69,0.1175424009487046
454,2,10,150,69,0.0
455,2,10,150,69,0.12387746232923977
456,2,10,150,69,0.08420454323026731
457,2,10,150,69,0.4844802679450561
458,2,10,150,69,0.24704419565825866
459,2,10,150,69,0.20154342782727996
460,2,10,150,69,0.07041837375515932
461,2,10,150,69,0.06961399513856609
462,2,10,150,69,0.18564976427020158
463,2,10,150,69,0.21881515471619958
464,2,10,150,69,0.06726768733602535
465,2,10,150,69,0.10783006935442738
466,2,10,150,69,0.12816210679182038
467,2,10,150,69,0.09300532025926726
468,2,10,150,69,0.2288236024598987
469,2,10,150,69,0.05651614765972419
470,2,10,150,69,0.04760723841253984
471,2,10,150,69,0.0
472,2,10,150,69,0.23816423457779332
473,2,10,150,69,0.2622744659873325
474,2,10,150,69,0.3880997192942432
475,2,10,150,69,0.07311683844390994
476,2,10,150,69,0.021791008948563714
477,2,10,150,69,0.07075576072108061
478,2,10,150,69,0.13180376528048332
479,2,10,150,69,0.2016424365251163
480,2,10,150,69,0.15920120556239784
481,2,10,150,69,0.048705796110663196
482,2,10,150,69,0.04290887548434951
483,2,10,150,69,0.0273055648695642
484,2,10,150,69,0.20193976177882433
485,2,10,150,69,0.036556008482007775
486,2,10,150,69,0.017947531833936207
487,2,10,150,69,0.31782730989698704
488,2,10,150,69,0.0
489,2,10,150,69,0.0
490,2,10,150,69,0.11630686983226163
491,2,10,150,69,0.03859643636257609
492,2,10,150,69,0.1338895448360617
493,2,10,150,69,0.22708658560204953
494,2,10,150,69,0.10841985052222541
495,2,10,150,69,0.17778150858429043
496,2,10,150,69,0.023205371908120297
497,2,10,150,69,0.14601981853582985
498,2,10,150,69,0.07358364093338247
499,2,10,150,69,0.09250894728958106
500,2,10,150,69,0.15064178073775455
501,2,10,150,69,0.02184231145035861
502,2,10,150,69,0.06689893193796337
503,2,10,150,69,0.15389524796177503
504,2,10,150,69,0.1318002195540735
505,2,10,150,69,0.05688647497208646
506,2,10,150,69,0.1193797645235001
507,2,10,150,69,0.02186947737677948
508,2,10,150,69,0.20345924618307185
509,2,10,150,69,0.031611854308622345
510,2,10,150,69,0.0
511,2,10,150,69,0.0
512,2,10,150,69,0.08364069030518707
513,2,10,150,69,0.0600937008083393
514,2,10,150,69,0.16578726587197626
515,2,10,150,69,0.034743705427429224
516,2,10,150,69,0.1340330647732781
517,2,10,150,69,0.07931777113368761
518,2,10,150,69,0.1271756500386261
519,2,10,150,69,0.10560636946921488
520,2,10,150,69,0.0
521,2,10,150,69,0.0
522,2,10,150,69,0.0559167101555819
523,2,10,150,69,0.21950613822622128
524,2,10,150,69,0.11327918867177167
525,2,10,150,69,0.0
526,2,10,150,69,0.02505758835695044
527,2,10,150,69,0.3406799390264829
528,2,10,150,69,0.17766119401073668
529,2,10,150,69,0.0
530,2,10,150,69,0.05554513395194445
531,2,10,150,69,0.0
532,2,10,150,69,0.09216326720043734
533,2,10,150,69,0.03206040723209096
534,2,10,150,69,0.024909303741335254
535,2,10,150,69,0.21748650487165588
536,2,10,150,69,0.16340884055250954
537,2,10,150,69,0.44760646496465606
538,2,10,150,69,0.032394594743117074
539,2,10,150,69,0.09953437200841515
540,2,10,150,69,0.0
541,2,10,150,69,0.06833564325125971
542,2,10,150,69,0.07797598981103891
543,2,10,150,69,0.049450905794207176
544,2,10,150,69,0.0
545,2,10,150,69,0.060216826583478454
546,2,10,150,69,0.03314153504336938
547,2,10,150,69,0.04855455745827926
548,2,10,150,69,0.03883106019841818
549,2,10,150,69,0.0
550,2,10,150,69,0.09688698360286704
551,2,10,150,69,0.22255026377768125
552,2,10,150,69,0.048059443651065493
553,2,10,150,69,0.1494215149076395
554,2,10,150,69,0.07041837375515932
555,2,10,150,69,0.09809088686968297
556,2,10,150,69,0.16258997327839542
557,2,10,150,69,0.04470486007704452
558,2,10,150,69,0.265053101293003
559,2,10,150,69,0.08620000398338708
560,2,10,150,69,0.028567598460307132
561,2,10,150,69,0.12372706282284106
562,2,10,150,69,0.07720150835011791
563,2,10,150,69,0.0
564,2,10,150,69,0.0
565,2,10,150,69,0.28663011782160785
566,2,10,150,69,0.03548242894850303
567,2,10,150,69,0.0764427361118245
568,2,10,150,69,0.0
569,2,10,150,69,0.17563954439010937
570,2,10,150,69,0.0
571,2,10,150,69,0.0
572,2,10,150,69,0.0
573,2,10,150,69,0.03246641181906899
574,2,10,150,69,0.05058854055353143
575,2,10,150,69,0.05154847002173459
576,2,10,150,69,0.0
577,2,10,150,69,0.0784247757209491
578,2,10,150,69,0.0
579,2,10,150,69,0.08297540479108526
580,2,10,150,69,0.18080124080515705
581,2,10,150,69,0.0
582,2,10,150,69,0.0437514209980628
583,2,10,150,69,0.08356526807460651
584,2,10,150,69,0.0
585,2,10,150,69,0.08668163308546498
586,2,10,150,69,0.10132509239867551
587,2,10,150,69,0.03459392809572638
588,2,10,150,69,0.053821119735696775
589,2,10,150,69,0.098786898936728
590,2,10,150,69,0.06139304560474655
591,2,10,150,69,0.0
592,2,10,150,69,0.33285138828854083
593,2,10,150,69,0.04586709436300111
594,2,10,150,69,0.0
595,2,10,150,69,0.0
596,2,10,150,69,0.0
597,2,10,150,69,0.0
598,2,10,150,69,0.0
599,2,10,150,69,0.0
600,2,10,150,69,0.024325165853816375
601,2,10,150,69,0.03369782041898502
602,2,10,150,69,0.0
603,2,10,150,69,0.1435203717549576
604,2,10,150,69,0.0
605,2,10,150,69,0.2645541144793553
606,2,10,150,69,0.23204083039530643
607,2,10,150,69,0.08440880858250024
608,2,10,150,69,0.2120992422792938
609,2,10,150,69,0.0
610,2,10,150,69,0.1629867900167321
611,2,10,150,69,0.08045389590462838
612,2,10,150,69,0.15130120674940672
613,2,10,150,69,0.0
614,2,10,150,69,0.08861505596859857
615,2,10,150,69,0.12047971762374059
616,2,10,150,69,0.0
617,2,10,150,69,0.044257815106106525
618,2,10,150,69,0.18766481803906507
619,2,10,150,69,0.09637551974188778
620,2,10,150,69,0.08396948777462541
621,2,10,150,69,0.06335388063984314
622,2,10,150,69,0.12980296240199146
623,2,10,150,69,0.0
624,2,10,150,69,0.0536466452928127
625,2,10,150,69,0.0
626,2,10,150,69,0.0
627,2,10,150,69,0.0
628,2,10,150,69,0.0
629,2,10,150,69,0.2466228630593721
630,2,10,150,69,0.0
631,2,10,150,69,0.16868725245403154
632,2,10,150,69,0.13439570003165963
633,2,10,150,69,0.07667481399289292
634,2,10,150,69,0.030975021478781034
635,2,10,150,69,0.0
636,2,10,150,69,0.0
637,2,10,150,69,0.0
638,2,10,150,69,0.0
639,2,10,150,69,0.0
640,2,10,150,69,0.040655755922716606
642,2,10,150,69,0.1329152156038286
643,2,10,150,69,0.0
644,2,10,150,69,0.0
645,2,10,150,69,0.09759501249802542
647,2,10,150,69,0.0
648,2,10,150,69,0.18159464350583557
649,2,10,150,69,1.0
650,2,10,150,69,0.0
651,2,10,150,69,0.0
653,2,10,150,69,0.0
654,2,10,150,69,0.058087171966128066
655,2,10,150,69,0.14293660859426963
658,2,10,150,69,0.0
1,2,10,150,70,0.5343723497595074
2,2,10,150,70,0.2268511698743587
3,2,10,150,70,0.03098598178059488
4,2,10,150,70,0.06166887310869151
5,2,10,150,70,0.12620564628865164
6,2,10,150,70,0.17961772474519622
7,2,10,150,70,0.29637748401558367
8,2,10,150,70,0.06653535276206901
9,2,10,150,70,0.0
10,2,10,150,70,0.2043831529067321
11,2,10,150,70,0.10464473261331256
12,2,10,150,70,0.03482606519924978
13,2,10,150,70,0.36924244049137583
14,2,10,150,70,0.12939622934497527
15,2,10,150,70,0.01616702920033762
16,2,10,150,70,0.2662844928132153
17,2,10,150,70,0.10312948447052589
18,2,10,150,70,0.23058960492148411
19,2,10,150,70,0.0
20,2,10,150,70,0.031742154565302834
21,2,10,150,70,0.0
22,2,10,150,70,0.05035691655673683
23,2,10,150,70,0.22807475621810358
24,2,10,150,70,0.10717514219558558
25,2,10,150,70,0.03078223202175778
26,2,10,150,70,0.12994496440026843
27,2,10,150,70,0.0
28,2,10,150,70,0.1358023930187833
29,2,10,150,70,0.0
30,2,10,150,70,0.0
31,2,10,150,70,0.046287481291184845
32,2,10,150,70,0.11781210270929884
33,2,10,150,70,0.0
34,2,10,150,70,0.07239559903187814
35,2,10,150,70,0.0
36,2,10,150,70,0.0
37,2,10,150,70,0.0
38,2,10,150,70,0.08383161799172952
39,2,10,150,70,0.15820890896021753
40,2,10,150,70,0.2212397779175911
41,2,10,150,70,0.0
42,2,10,150,70,0.20130152528989256
43,2,10,150,70,0.09662598732799078
44,2,10,150,70,0.1565413821318793
45,2,10,150,70,0.0
46,2,10,150,70,0.10684080426179023
47,2,10,150,70,0.11437926488327832
48,2,10,150,70,0.14096272947842173
49,2,10,150,70,0.04407878495393109
50,2,10,150,70,0.046726672111120165
51,2,10,150,70,0.07984133538066794
52,2,10,150,70,0.05244652348163508
53,2,10,150,70,0.12810519548676028
54,2,10,150,70,0.047934103497110726
55,2,10,150,70,0.0
56,2,10,150,70,0.22047893971599028
57,2,10,150,70,0.0524456916588361
58,2,10,150,70,0.16366022196121796
59,2,10,150,70,0.3354775542812842
60,2,10,150,70,0.2158570564681132
61,2,10,150,70,0.06416923277158361
62,2,10,150,70,0.18160332589227857
63,2,10,150,70,0.0763437499438357
64,2,10,150,70,0.04583023181159601
65,2,10,150,70,0.18154179097601578
66,2,10,150,70,0.12995427111679475
67,2,10,150,70,0.24630238874073
68,2,10,150,70,0.04358896759704514
69,2,10,150,70,0.1513861475303633
70,2,10,150,70,0.03155184951131585
71,2,10,150,70,0.04416548762473651
72,2,10,150,70,0.28907547922366217
73,2,10,150,70,0.26386730550459286
74,2,10,150,70,0.17342765698823945
75,2,10,150,70,0.16021137204676433
76,2,10,150,70,0.21046795809065558
77,2,10,150,70,0.1240851503174803
78,2,10,150,70,0.0
79,2,10,150,70,0.08508236880273473
80,2,10,150,70,0.1744476820873323
81,2,10,150,70,0.0
82,2,10,150,70,0.03364053685802635
83,2,10,150,70,0.046841820324159865
84,2,10,150,70,0.029136604147144557
85,2,10,150,70,0.1971713961145172
86,2,10,150,70,0.07028063830038406
87,2,10,150,70,0.19384373929491494
88,2,10,150,70,0.06294571929989644
89,2,10,150,70,0.2334685083478665
90,2,10,150,70,0.14248658578916945
91,2,10,150,70,0.07054411138080068
92,2,10,150,70,0.11902712333760893
93,2,10,150,70,0.0
94,2,10,150,70,0.2560207452451306
95,2,10,150,70,0.1273110378039563
96,2,10,150,70,0.2668702981549327
97,2,10,150,70,0.25684587489418775
98,2,10,150,70,0.0
99,2,10,150,70,0.11936163195678119
100,2,10,150,70,0.0
101,2,10,150,70,0.0
102,2,10,150,70,0.05671879843401278
103,2,10,150,70,0.04579340374561851
104,2,10,150,70,0.0
105,2,10,150,70,0.0
106,2,10,150,70,0.0
107,2,10,150,70,0.09995553728965398
108,2,10,150,70,0.04485361187694993
109,2,10,150,70,0.19016172590894406
110,2,10,150,70,0.037578324799282276
111,2,10,150,70,0.09077089626867633
112,2,10,150,70,0.0
113,2,10,150,70,0.178509607681865
114,2,10,150,70,0.02951022367272685
115,2,10,150,70,0.1737092330727855
116,2,10,150,70,0.026497157492079246
117,2,10,150,70,0.053087643823189194
118,2,10,150,70,0.15599061619059726
119,2,10,150,70,0.15212875834435738
120,2,10,150,70,0.361879195385413
121,2,10,150,70,0.115269333086109
122,2,10,150,70,0.1467899073100297
123,2,10,150,70,0.12990556389377814
124,2,10,150,70,0.18903749859471425
125,2,10,150,70,0.1656817885548098
126,2,10,150,70,0.0
127,2,10,150,70,0.12503310750358904
128,2,10,150,70,0.04616148092938704
129,2,10,150,70,0.0
130,2,10,150,70,0.1007258187218176
131,2,10,150,70,0.36227735599025207
132,2,10,150,70,0.12643913909707097
133,2,10,150,70,0.0
134,2,10,150,70,0.0
135,2,10,150,70,0.0
136,2,10,150,70,0.16609048789162614
137,2,10,150,70,0.06049988016540081
138,2,10,150,70,0.10332949630181452
139,2,10,150,70,0.05165643482805862
140,2,10,150,70,0.0
141,2,10,150,70,0.12556328258692692
142,2,10,150,70,0.0
143,2,10,150,70,0.06882065896991112
144,2,10,150,70,0.16664156206392014
145,2,10,150,70,0.09355381698366838
146,2,10,150,70,0.0
147,2,10,150,70,0.06664071636913875
148,2,10,150,70,0.12501466828444513
149,2,10,150,70,0.10486881530019958
150,2,10,150,70,0.0
151,2,10,150,70,0.22812557807435732
152,2,10,150,70,0.04019832975607886
153,2,10,150,70,0.071942683897578
154,2,10,150,70,0.08491065065836505
155,2,10,150,70,0.0
156,2,10,150,70,0.06437746926759551
157,2,10,150,70,0.06857646087959317
158,2,10,150,70,0.15911711737987416
159,2,10,150,70,0.024782300799839303
160,2,10,150,70,0.11705084481334227
161,2,10,150,70,0.0
162,2,10,150,70,0.042000540422067044
163,2,10,150,70,0.0
164,2,10,150,70,0.029649957429587842
165,2,10,150,70,0.0
166,2,10,150,70,0.06175696970122604
167,2,10,150,70,0.040419659112753054
168,2,10,150,70,0.0641665753731138
169,2,10,150,70,0.03870447337439288
170,2,10,150,70,0.0
171,2,10,150,70,0.0
172,2,10,150,70,0.08232325035020067
173,2,10,150,70,0.10950977367488092
174,2,10,150,70,0.2220641719546779
175,2,10,150,70,0.22732566419594713
176,2,10,150,70,0.0
177,2,10,150,70,0.3152442026717657
178,2,10,150,70,0.15691655492466183
179,2,10,150,70,0.09299583347145139
180,2,10,150,70,0.08391511424653819
181,2,10,150,70,0.03964709575200944
182,2,10,150,70,0.05005165434923901
183,2,10,150,70,0.0
184,2,10,150,70,0.1459367639681911
185,2,10,150,70,0.0
186,2,10,150,70,0.05478814761334652
187,2,10,150,70,0.14023428091042053
188,2,10,150,70,0.29205722210115026
189,2,10,150,70,0.19661282626562737
190,2,10,150,70,0.025938546612492997
191,2,10,150,70,0.0
192,2,10,150,70,0.0
193,2,10,150,70,0.0
194,2,10,150,70,0.1622054559662496
195,2,10,150,70,0.04606861224913365
196,2,10,150,70,0.04485361187694993
197,2,10,150,70,0.14330924581016483
198,2,10,150,70,0.028186415745733433
199,2,10,150,70,0.2529427027676571
200,2,10,150,70,0.23903021781429204
201,2,10,150,70,0.1010846527239748
202,2,10,150,70,0.27487633291429087
203,2,10,150,70,0.10238606821339166
204,2,10,150,70,0.08325563768773413
205,2,10,150,70,0.1465996756793884
206,2,10,150,70,0.028694189013458257
207,2,10,150,70,0.0650800810952452
208,2,10,150,70,0.05919139647768146
209,2,10,150,70,0.0
210,2,10,150,70,0.18937175954951105
211,2,10,150,70,0.0
212,2,10,150,70,0.11738002835756964
213,2,10,150,70,0.1624219207093304
214,2,10,150,70,0.23669903147168767
215,2,10,150,70,0.11433722369502479
216,2,10,150,70,0.14425650580287722
217,2,10,150,70,0.10298663607405599
218,2,10,150,70,0.1023482199458735
219,2,10,150,70,0.0
220,2,10,150,70,0.0
221,2,10,150,70,0.10144613070733857
222,2,10,150,70,0.0911853385181953
223,2,10,150,70,0.0
224,2,10,150,70,0.029996736818897345
225,2,10,150,70,0.0
226,2,10,150,70,0.10111769293645066
227,2,10,150,70,0.0947812167140767
228,2,10,150,70,0.0
229,2,10,150,70,0.09096722084626334
230,2,10,150,70,0.29885542969810625
231,2,10,150,70,0.3903800499921017
232,2,10,150,70,0.11605494365670165
233,2,10,150,70,0.13212972170856394
234,2,10,150,70,0.14914911204876918
235,2,10,150,70,0.1075070751982482
236,2,10,150,70,0.14277726217629444
237,2,10,150,70,0.27346075713529205
238,2,10,150,70,0.0
239,2,10,150,70,0.07353036567890302
240,2,10,150,70,0.0
241,2,10,150,70,0.0
242,2,10,150,70,0.07673373981757839
243,2,10,150,70,0.2568245236714982
244,2,10,150,70,0.18280294015368334
245,2,10,150,70,0.0
246,2,10,150,70,0.12379877182510346
247,2,10,150,70,0.0
248,2,10,150,70,0.14176813152020928
249,2,10,150,70,0.21580604760725444
250,2,10,150,70,0.08513080051804543
251,2,10,150,70,0.12803494038364374
252,2,10,150,70,0.1904168294848087
253,2,10,150,70,0.18852956389601477
254,2,10,150,70,0.25691352569511505
255,2,10,150,70,0.04662184073981129
256,2,10,150,70,0.2861353696824985
257,2,10,150,70,0.10559687561546657
258,2,10,150,70,0.0
259,2,10,150,70,0.0
260,2,10,150,70,0.0
261,2,10,150,70,0.0
262,2,10,150,70,0.05887472794707303
263,2,10,150,70,0.16565508957374153
264,2,10,150,70,0.07935123938715939
265,2,10,150,70,0.08339602711200374
266,2,10,150,70,0.0
267,2,10,150,70,0.14681575200160665
268,2,10,150,70,0.1720504564564888
269,2,10,150,70,0.08776892002382267
270,2,10,150,70,0.122398451109695
271,2,10,150,70,0.20807749924624747
272,2,10,150,70,0.366296454316556
273,2,10,150,70,0.0
274,2,10,150,70,0.05829918151249392
275,2,10,150,70,0.04105877938688906
276,2,10,150,70,0.21164254432612165
277,2,10,150,70,0.0
278,2,10,150,70,0.04305311721683474
279,2,10,150,70,0.2218206662057858
280,2,10,150,70,0.0841500632404169
281,2,10,150,70,0.05516788910004661
282,2,10,150,70,0.0
283,2,10,150,70,0.06286054135527182
284,2,10,150,70,0.0
285,2,10,150,70,0.15002687789384317
286,2,10,150,70,0.10716987013646836
287,2,10,150,70,0.11853073131207159
288,2,10,150,70,0.13748615058002994
289,2,10,150,70,0.06510475888148554
290,2,10,150,70,0.09449357188080848
291,2,10,150,70,0.17748922691988067
292,2,10,150,70,0.3713936936921286
293,2,10,150,70,0.16994987691504732
294,2,10,150,70,0.05942233668176323
295,2,10,150,70,0.18625492385167394
296,2,10,150,70,0.10863331355232851
297,2,10,150,70,0.10547809104886068
298,2,10,150,70,0.39246538429712124
299,2,10,150,70,0.05389882485565562
300,2,10,150,70,0.0
301,2,10,150,70,0.12514367933866224
302,2,10,150,70,0.0
303,2,10,150,70,0.37503297942418007
304,2,10,150,70,0.09811693595042764
305,2,10,150,70,0.15377587171217844
306,2,10,150,70,0.07286537763060504
307,2,10,150,70,0.17167816797422253
308,2,10,150,70,0.1253458856002582
309,2,10,150,70,0.0
310,2,10,150,70,0.0
311,2,10,150,70,0.2657885482100787
312,2,10,150,70,0.1560033955723234
313,2,10,150,70,0.22676062260704077
314,2,10,150,70,0.12569898539461405
315,2,10,150,70,0.18129588776381328
316,2,10,150,70,0.20030147904071285
317,2,10,150,70,0.0
318,2,10,150,70,0.11809408464566347
319,2,10,150,70,0.0
320,2,10,150,70,0.04539294738377069
321,2,10,150,70,0.12530728980532893
322,2,10,150,70,0.35190394711189377
323,2,10,150,70,0.028361369701356044
324,2,10,150,70,0.04342547274117719
325,2,10,150,70,0.0811231025632827
326,2,10,150,70,0.14774251547484274
327,2,10,150,70,0.06223813179045353
328,2,10,150,70,0.14304127376118922
329,2,10,150,70,0.0
330,2,10,150,70,0.133273186303286
331,2,10,150,70,0.05427266504401326
332,2,10,150,70,0.18967146462948598
333,2,10,150,70,0.05206745415870339
334,2,10,150,70,0.12317030609221671
335,2,10,150,70,0.0
336,2,10,150,70,0.11501232379588432
337,2,10,150,70,0.10934082156401825
338,2,10,150,70,0.12065326649027912
339,2,10,150,70,0.29986742907785824
340,2,10,150,70,0.17896552649342137
341,2,10,150,70,0.0
342,2,10,150,70,0.2623868288299371
343,2,10,150,70,0.29849647829021425
344,2,10,150,70,0.1523980172868318
345,2,10,150,70,0.10686772084589051
346,2,10,150,70,0.21652271188291847
347,2,10,150,70,0.19318603337387616
348,2,10,150,70,0.0
349,2,10,150,70,0.163169180413793
350,2,10,150,70,0.18939048055890495
351,2,10,150,70,0.1610216634970071
352,2,10,150,70,0.3057524544183157
353,2,10,150,70,0.0
354,2,10,150,70,0.08982081782386522
355,2,10,150,70,0.0
356,2,10,150,70,0.10061931714936387
357,2,10,150,70,0.14019634392566574
358,2,10,150,70,0.0
359,2,10,150,70,0.0
360,2,10,150,70,0.22728151171982378
361,2,10,150,70,0.12786031464335298
362,2,10,150,70,0.04690797720830594
363,2,10,150,70,0.19255463645121937
364,2,10,150,70,0.0
365,2,10,150,70,0.0
366,2,10,150,70,0.09184114803951915
367,2,10,150,70,0.05534563970541805
368,2,10,150,70,0.06788053752288492
369,2,10,150,70,0.21386152848601384
370,2,10,150,70,0.0957000625269241
371,2,10,150,70,0.1366471158428892
372,2,10,150,70,0.11359189468068477
373,2,10,150,70,0.11222180328645158
374,2,10,150,70,0.1655720753972164
375,2,10,150,70,0.1676614286651071
376,2,10,150,70,0.07216815292900357
377,2,10,150,70,0.3067552645565975
378,2,10,150,70,0.05022408626746682
379,2,10,150,70,0.2300230636638564
380,2,10,150,70,0.0590647057138947
381,2,10,150,70,0.13460387583977396
382,2,10,150,70,0.14582500956521116
383,2,10,150,70,0.07384236194308337
384,2,10,150,70,0.0
385,2,10,150,70,0.15509689809930283
386,2,10,150,70,0.0
387,2,10,150,70,0.17250805403942993
388,2,10,150,70,0.03275673003454543
389,2,10,150,70,0.26247168908096885
390,2,10,150,70,0.10466779365752882
391,2,10,150,70,0.18344326580289438
392,2,10,150,70,0.09006573473175804
393,2,10,150,70,0.11441735995989263
394,2,10,150,70,0.23203872840181228
395,2,10,150,70,0.14650904367843634
396,2,10,150,70,0.08006506288147622
397,2,10,150,70,0.21870981369224696
398,2,10,150,70,0.12633080592181342
399,2,10,150,70,0.020489225770940676
400,2,10,150,70,0.0
401,2,10,150,70,0.0
402,2,10,150,70,0.1798991830195577
403,2,10,150,70,0.23561122801255002
404,2,10,150,70,0.0
405,2,10,150,70,0.24799280938756024
406,2,10,150,70,0.2464015532837572
407,2,10,150,70,0.07984103371540159
408,2,10,150,70,0.08490303813485527
409,2,10,150,70,0.174837639717345
410,2,10,150,70,0.1510508871592243
411,2,10,150,70,0.13359023741301432
412,2,10,150,70,0.041062015509212284
413,2,10,150,70,0.19475935863737628
414,2,10,150,70,0.04690797720830594
415,2,10,150,70,0.15582818336744758
416,2,10,150,70,0.5108815078331681
417,2,10,150,70,0.26271180084182955
418,2,10,150,70,0.05130633033097092
419,2,10,150,70,0.13043508853971056
420,2,10,150,70,0.16430228407972985
421,2,10,150,70,0.3102692669240346
422,2,10,150,70,0.0654076987556055
423,2,10,150,70,0.0
424,2,10,150,70,0.039270700903099615
425,2,10,150,70,0.04834614803353999
426,2,10,150,70,0.03206656709567107
427,2,10,150,70,0.0
428,2,10,150,70,0.09545062073374358
429,2,10,150,70,0.24177148269337126
430,2,10,150,70,0.17441334704295655
431,2,10,150,70,0.0
432,2,10,150,70,0.11091017664679254
433,2,10,150,70,0.10047622221317463
434,2,10,150,70,0.21435951014939544
435,2,10,150,70,0.3120581471768071
436,2,10,150,70,0.08073573433990566
437,2,10,150,70,0.23180219513163075
438,2,10,150,70,0.11342455428465782
439,2,10,150,70,0.0
440,2,10,150,70,0.056388463063434605
441,2,10,150,70,0.1731866333482261
442,2,10,150,70,0.04062732041938225
443,2,10,150,70,0.0
444,2,10,150,70,0.0796221118108625
445,2,10,150,70,0.041592183551090546
446,2,10,150,70,0.13356958453958645
447,2,10,150,70,0.055923854163236565
448,2,10,150,70,0.049326153683410964
449,2,10,150,70,0.12454817859325495
450,2,10,150,70,0.48758538181711486
451,2,10,150,70,0.05163551141839463
452,2,10,150,70,0.20513714982098336
453,2,10,150,70,0.1175424009487046
454,2,10,150,70,0.0
455,2,10,150,70,0.12263928785916527
456,2,10,150,70,0.08336290574648596
457,2,10,150,70,0.47963781244310133
458,2,10,150,70,0.24457495056481968
459,2,10,150,70,0.20154342782727996
460,2,10,150,70,0.07041837375515932
461,2,10,150,70,0.06961399513856609
462,2,10,150,70,0.18564976427020158
463,2,10,150,70,0.21881515471619958
464,2,10,150,70,0.06726768733602535
465,2,10,150,70,0.10783006935442738
466,2,10,150,70,0.12816210679182038
467,2,10,150,70,0.09300532025926726
468,2,10,150,70,0.2288236024598987
469,2,10,150,70,0.05651614765972419
470,2,10,150,70,0.04760723841253984
471,2,10,150,70,0.0
472,2,10,150,70,0.23578374607411937
473,2,10,150,70,0.2622744659873325
474,2,10,150,70,0.3842206023407811
475,2,10,150,70,0.07311683844390994
476,2,10,150,70,0.021791008948563714
477,2,10,150,70,0.07075576072108061
478,2,10,150,70,0.13180376528048332
479,2,10,150,70,0.19962698906361234
480,2,10,150,70,0.15920120556239784
481,2,10,150,70,0.048705796110663196
482,2,10,150,70,0.04290887548434951
483,2,10,150,70,0.0273055648695642
484,2,10,150,70,0.20193976177882433
485,2,10,150,70,0.036556008482007775
486,2,10,150,70,0.017947531833936207
487,2,10,150,70,0.31465057658644346
488,2,10,150,70,0.0
489,2,10,150,70,0.0
490,2,10,150,70,0.11630686983226163
491,2,10,150,70,0.03859643636257609
492,2,10,150,70,0.1338895448360617
493,2,10,150,70,0.22708658560204953
494,2,10,150,70,0.10841985052222541
495,2,10,150,70,0.1859997100694674
496,2,10,150,70,0.023205371908120297
497,2,10,150,70,0.14456032777749114
498,2,10,150,70,0.07358364093338247
499,2,10,150,70,0.09250894728958106
500,2,10,150,70,0.14913609274956896
501,2,10,150,70,0.02184231145035861
502,2,10,150,70,0.06689893193796337
503,2,10,150,70,0.16585659972955993
504,2,10,150,70,0.1304828558953933
505,2,10,150,70,0.05688647497208646
506,2,10,150,70,0.11818654524133844
507,2,10,150,70,0.02186947737677948
508,2,10,150,70,0.20345924618307185
509,2,10,150,70,0.031611854308622345
510,2,10,150,70,0.0
511,2,10,150,70,0.0
512,2,10,150,70,0.08364069030518707
513,2,10,150,70,0.0600937008083393
514,2,10,150,70,0.16578726587197626
515,2,10,150,70,0.034743705427429224
516,2,10,150,70,0.1340330647732781
517,2,10,150,70,0.07931777113368761
518,2,10,150,70,0.1271756500386261
519,2,10,150,70,0.10560636946921488
520,2,10,150,70,0.0
521,2,10,150,70,0.0
522,2,10,150,70,0.0559167101555819
523,2,10,150,70,0.21950613822622128
524,2,10,150,70,0.11214694559246673
525,2,10,150,70,0.0
526,2,10,150,70,0.02505758835695044
527,2,10,150,70,0.3406799390264829
528,2,10,150,70,0.2023691226693468
529,2,10,150,70,0.0
530,2,10,150,70,0.05554513395194445
531,2,10,150,70,0.0
532,2,10,150,70,0.10123723630194159
533,2,10,150,70,0.0317399584838799
534,2,10,150,70,0.024909303741335254
535,2,10,150,70,0.2153126934869658
536,2,10,150,70,0.16340884055250954
537,2,10,150,70,0.44313256884877866
538,2,10,150,70,0.032394594743117074
539,2,10,150,70,0.09953437200841515
540,2,10,150,70,0.0
541,2,10,150,70,0.06833564325125971
542,2,10,150,70,0.07797598981103891
543,2,10,150,70,0.049450905794207176
544,2,10,150,70,0.0
545,2,10,150,70,0.060216826583478454
546,2,10,150,70,0.03314153504336938
547,2,10,150,70,0.04855455745827926
548,2,10,150,70,0.03883106019841818
549,2,10,150,70,0.0
550,2,10,150,70,0.09688698360286704
551,2,10,150,70,0.2203258393364903
552,2,10,150,70,0.048059443651065493
553,2,10,150,70,0.1494215149076395
554,2,10,150,70,0.08856716582657766
555,2,10,150,70,0.09809088686968297
556,2,10,150,70,0.16258997327839542
557,2,10,150,70,0.04470486007704452
558,2,10,150,70,0.265053101293003
559,2,10,150,70,0.08620000398338708
560,2,10,150,70,0.046716390531725466
561,2,10,150,70,0.1224903916191851
562,2,10,150,70,0.07720150835011791
563,2,10,150,70,0.0
564,2,10,150,70,0.0
565,2,10,150,70,0.28663011782160785
566,2,10,150,70,0.03548242894850303
567,2,10,150,70,0.0764427361118245
568,2,10,150,70,0.0
569,2,10,150,70,0.17563954439010937
570,2,10,150,70,0.0
571,2,10,150,70,0.0
572,2,10,150,70,0.0
573,2,10,150,70,0.03246641181906899
574,2,10,150,70,0.05058854055353143
575,2,10,150,70,0.05154847002173459
576,2,10,150,70,0.0
577,2,10,150,70,0.0784247757209491
578,2,10,150,70,0.0
579,2,10,150,70,0.08297540479108526
580,2,10,150,70,0.18080124080515705
581,2,10,150,70,0.0
582,2,10,150,70,0.0437514209980628
583,2,10,150,70,0.08356526807460651
584,2,10,150,70,0.0
585,2,10,150,70,0.08668163308546498
586,2,10,150,70,0.10132509239867551
587,2,10,150,70,0.03459392809572638
588,2,10,150,70,0.053821119735696775
589,2,10,150,70,0.098786898936728
590,2,10,150,70,0.06139304560474655
591,2,10,150,70,0.0
592,2,10,150,70,0.32952448698172865
593,2,10,150,70,0.04586709436300111
594,2,10,150,70,0.0
595,2,10,150,70,0.0
596,2,10,150,70,0.0
597,2,10,150,70,0.0
598,2,10,150,70,0.0
599,2,10,150,70,0.0
600,2,10,150,70,0.024325165853816375
601,2,10,150,70,0.03369782041898502
602,2,10,150,70,0.0
603,2,10,150,70,0.1435203717549576
604,2,10,150,70,0.0
605,2,10,150,70,0.2645541144793553
606,2,10,150,70,0.23204083039530643
607,2,10,150,70,0.08440880858250024
608,2,10,150,70,0.2120992422792938
609,2,10,150,70,0.0
610,2,10,150,70,0.1629867900167321
611,2,10,150,70,0.08045389590462838
612,2,10,150,70,0.15130120674940672
613,2,10,150,70,0.0
614,2,10,150,70,0.08861505596859857
615,2,10,150,70,0.12047971762374059
616,2,10,150,70,0.0
617,2,10,150,70,0.044257815106106525
618,2,10,150,70,0.18766481803906507
619,2,10,150,70,0.09637551974188778
620,2,10,150,70,0.08396948777462541
621,2,10,150,70,0.06335388063984314
622,2,10,150,70,0.12980296240199146
623,2,10,150,70,0.0
624,2,10,150,70,0.0536466452928127
625,2,10,150,70,0.0
626,2,10,150,70,0.0
627,2,10,150,70,0.0
628,2,10,150,70,0.0
629,2,10,150,70,0.2466228630593721
630,2,10,150,70,0.0
631,2,10,150,70,0.16868725245403154
632,2,10,150,70,0.13439570003165963
633,2,10,150,70,0.07667481399289292
634,2,10,150,70,0.030975021478781034
635,2,10,150,70,0.0
636,2,10,150,70,0.0
637,2,10,150,70,0.0
638,2,10,150,70,0.0
639,2,10,150,70,0.0
640,2,10,150,70,0.07887611601996505
642,2,10,150,70,0.1329152156038286
643,2,10,150,70,0.0
644,2,10,150,70,0.0
645,2,10,150,70,0.09759501249802542
647,2,10,150,70,0.0
648,2,10,150,70,0.18159464350583557
649,2,10,150,70,1.0
650,2,10,150,70,0.0
651,2,10,150,70,0.0
653,2,10,150,70,0.0
654,2,10,150,70,0.058087171966128066
655,2,10,150,70,0.16956752099997716
658,2,10,150,70,0.0
1,2,10,150,71,0.5343723497595074
2,2,10,150,71,0.2268511698743587
3,2,10,150,71,0.03098598178059488
4,2,10,150,71,0.06166887310869151
5,2,10,150,71,0.12620564628865164
6,2,10,150,71,0.17961772474519622
7,2,10,150,71,0.29345395849096606
8,2,10,150,71,0.06653535276206901
9,2,10,150,71,0.0
10,2,10,150,71,0.2043831529067321
11,2,10,150,71,0.10464473261331256
12,2,10,150,71,0.03482606519924978
13,2,10,150,71,0.37546435654277205
14,2,10,150,71,0.12939622934497527
15,2,10,150,71,0.01616702920033762
16,2,10,150,71,0.2662844928132153
17,2,10,150,71,0.10312948447052589
18,2,10,150,71,0.22831502391564765
19,2,10,150,71,0.0
20,2,10,150,71,0.031742154565302834
21,2,10,150,71,0.0
22,2,10,150,71,0.05035691655673683
23,2,10,150,71,0.22807475621810358
24,2,10,150,71,0.10717514219558558
25,2,10,150,71,0.03078223202175778
26,2,10,150,71,0.12994496440026843
27,2,10,150,71,0.0
28,2,10,150,71,0.1358023930187833
29,2,10,150,71,0.0
30,2,10,150,71,0.0
31,2,10,150,71,0.046287481291184845
32,2,10,150,71,0.11781210270929884
33,2,10,150,71,0.0
34,2,10,150,71,0.07239559903187814
35,2,10,150,71,0.0
36,2,10,150,71,0.0
37,2,10,150,71,0.0
38,2,10,150,71,0.08383161799172952
39,2,10,150,71,0.15820890896021753
40,2,10,150,71,0.2212397779175911
41,2,10,150,71,0.0
42,2,10,150,71,0.20130152528989256
43,2,10,150,71,0.09662598732799078
44,2,10,150,71,0.1565413821318793
45,2,10,150,71,0.0
46,2,10,150,71,0.10684080426179023
47,2,10,150,71,0.11437926488327832
48,2,10,150,71,0.14096272947842173
49,2,10,150,71,0.05920283200708927
50,2,10,150,71,0.046726672111120165
51,2,10,150,71,0.07984133538066794
52,2,10,150,71,0.05244652348163508
53,2,10,150,71,0.12810519548676028
54,2,10,150,71,0.047934103497110726
55,2,10,150,71,0.0
56,2,10,150,71,0.22047893971599028
57,2,10,150,71,0.0524456916588361
58,2,10,150,71,0.16366022196121796
59,2,10,150,71,0.3321683380088832
60,2,10,150,71,0.2158570564681132
61,2,10,150,71,0.06416923277158361
62,2,10,150,71,0.18160332589227857
63,2,10,150,71,0.0763437499438357
64,2,10,150,71,0.04583023181159601
65,2,10,150,71,0.18154179097601578
66,2,10,150,71,0.12995427111679475
67,2,10,150,71,0.24630238874073
68,2,10,150,71,0.04358896759704514
69,2,10,150,71,0.1513861475303633
70,2,10,150,71,0.03155184951131585
71,2,10,150,71,0.04416548762473651
72,2,10,150,71,0.28907547922366217
73,2,10,150,71,0.26386730550459286
74,2,10,150,71,0.17342765698823945
75,2,10,150,71,0.16021137204676433
76,2,10,150,71,0.21046795809065558
77,2,10,150,71,0.1240851503174803
78,2,10,150,71,0.0
79,2,10,150,71,0.08508236880273473
80,2,10,150,71,0.1744476820873323
81,2,10,150,71,0.0
82,2,10,150,71,0.03364053685802635
83,2,10,150,71,0.046841820324159865
84,2,10,150,71,0.029136604147144557
85,2,10,150,71,0.19522645886268813
86,2,10,150,71,0.07028063830038406
87,2,10,150,71,0.19384373929491494
88,2,10,150,71,0.06294571929989644
89,2,10,150,71,0.2334685083478665
90,2,10,150,71,0.14108107021212127
91,2,10,150,71,0.07054411138080068
92,2,10,150,71,0.11785301649087893
93,2,10,150,71,0.0
94,2,10,150,71,0.26335950226402577
95,2,10,150,71,0.12605521680317525
96,2,10,150,71,0.2668702981549327
97,2,10,150,71,0.25684587489418775
98,2,10,150,71,0.0
99,2,10,150,71,0.11936163195678119
100,2,10,150,71,0.0
101,2,10,150,71,0.0
102,2,10,150,71,0.05671879843401278
103,2,10,150,71,0.04579340374561851
104,2,10,150,71,0.0
105,2,10,150,71,0.0
106,2,10,150,71,0.0
107,2,10,150,71,0.09995553728965398
108,2,10,150,71,0.04485361187694993
109,2,10,150,71,0.19016172590894406
110,2,10,150,71,0.037578324799282276
111,2,10,150,71,0.09077089626867633
112,2,10,150,71,0.0
113,2,10,150,71,0.178509607681865
114,2,10,150,71,0.02951022367272685
115,2,10,150,71,0.19673058902127
116,2,10,150,71,0.026497157492079246
117,2,10,150,71,0.053087643823189194
118,2,10,150,71,0.15599061619059726
119,2,10,150,71,0.15212875834435738
120,2,10,150,71,0.361879195385413
121,2,10,150,71,0.115269333086109
122,2,10,150,71,0.1467899073100297
123,2,10,150,71,0.12990556389377814
124,2,10,150,71,0.18903749859471425
125,2,10,150,71,0.1656817885548098
126,2,10,150,71,0.0
127,2,10,150,71,0.12503310750358904
128,2,10,150,71,0.04616148092938704
129,2,10,150,71,0.0
130,2,10,150,71,0.09973223952669306
131,2,10,150,71,0.36227735599025207
132,2,10,150,71,0.12643913909707097
133,2,10,150,71,0.0
134,2,10,150,71,0.0
135,2,10,150,71,0.0
136,2,10,150,71,0.16609048789162614
137,2,10,150,71,0.06049988016540081
138,2,10,150,71,0.10332949630181452
139,2,10,150,71,0.05165643482805862
140,2,10,150,71,0.0
141,2,10,150,71,0.12556328258692692
142,2,10,150,71,0.0
143,2,10,150,71,0.06882065896991112
144,2,10,150,71,0.16664156206392014
145,2,10,150,71,0.10249517958934162
146,2,10,150,71,0.0
147,2,10,150,71,0.06664071636913875
148,2,10,150,71,0.1606863768135813
149,2,10,150,71,0.10486881530019958
150,2,10,150,71,0.0
151,2,10,150,71,0.22587530271172732
152,2,10,150,71,0.04019832975607886
153,2,10,150,71,0.071942683897578
154,2,10,150,71,0.08491065065836505
155,2,10,150,71,0.0
156,2,10,150,71,0.06437746926759551
157,2,10,150,71,0.06857646087959317
158,2,10,150,71,0.15911711737987416
159,2,10,150,71,0.024782300799839303
160,2,10,150,71,0.11705084481334227
161,2,10,150,71,0.0
162,2,10,150,71,0.08299661455725149
163,2,10,150,71,0.0
164,2,10,150,71,0.029649957429587842
165,2,10,150,71,0.0
166,2,10,150,71,0.06175696970122604
167,2,10,150,71,0.040419659112753054
168,2,10,150,71,0.0641665753731138
169,2,10,150,71,0.03870447337439288
170,2,10,150,71,0.0
171,2,10,150,71,0.0
172,2,10,150,71,0.08232325035020067
173,2,10,150,71,0.10950977367488092
174,2,10,150,71,0.2220641719546779
175,2,10,150,71,0.22732566419594713
176,2,10,150,71,0.027651749128023803
177,2,10,150,71,0.3152442026717657
178,2,10,150,71,0.1553686993070833
179,2,10,150,71,0.09299583347145139
180,2,10,150,71,0.08391511424653819
181,2,10,150,71,0.0392560090377371
182,2,10,150,71,0.05005165434923901
183,2,10,150,71,0.0
184,2,10,150,71,0.1459367639681911
185,2,10,150,71,0.0
186,2,10,150,71,0.05478814761334652
187,2,10,150,71,0.14023428091042053
188,2,10,150,71,0.29205722210115026
189,2,10,150,71,0.19661282626562737
190,2,10,150,71,0.025938546612492997
191,2,10,150,71,0.0
192,2,10,150,71,0.0
193,2,10,150,71,0.0
194,2,10,150,71,0.16060542959338037
195,2,10,150,71,0.04606861224913365
196,2,10,150,71,0.04485361187694993
197,2,10,150,71,0.14330924581016483
198,2,10,150,71,0.028186415745733433
199,2,10,150,71,0.2529427027676571
200,2,10,150,71,0.23903021781429204
201,2,10,150,71,0.10995172969158205
202,2,10,150,71,0.27487633291429087
203,2,10,150,71,0.10238606821339166
204,2,10,150,71,0.08325563768773413
205,2,10,150,71,0.1465996756793884
206,2,10,150,71,0.028694189013458257
207,2,10,150,71,0.0650800810952452
208,2,10,150,71,0.05919139647768146
209,2,10,150,71,0.0
210,2,10,150,71,0.18937175954951105
211,2,10,150,71,0.0
212,2,10,150,71,0.11738002835756964
213,2,10,150,71,0.1624219207093304
214,2,10,150,71,0.23669903147168767
215,2,10,150,71,0.11433722369502479
216,2,10,150,71,0.14425650580287722
217,2,10,150,71,0.10298663607405599
218,2,10,150,71,0.1023482199458735
219,2,10,150,71,0.0
220,2,10,150,71,0.0
221,2,10,150,71,0.10144613070733857
222,2,10,150,71,0.09028586848755417
223,2,10,150,71,0.0
224,2,10,150,71,0.029996736818897345
225,2,10,150,71,0.0
226,2,10,150,71,0.10111769293645066
227,2,10,150,71,0.0947812167140767
228,2,10,150,71,0.0
229,2,10,150,71,0.09096722084626334
230,2,10,150,71,0.29885542969810625
231,2,10,150,71,0.3903800499921017
232,2,10,150,71,0.11605494365670165
233,2,10,150,71,0.13212972170856394
234,2,10,150,71,0.14767787600836302
235,2,10,150,71,0.1075070751982482
236,2,10,150,71,0.14277726217629444
237,2,10,150,71,0.27346075713529205
238,2,10,150,71,0.0
239,2,10,150,71,0.07353036567890302
240,2,10,150,71,0.0
241,2,10,150,71,0.0
242,2,10,150,71,0.07673373981757839
243,2,10,150,71,0.2568245236714982
244,2,10,150,71,0.18280294015368334
245,2,10,150,71,0.0
246,2,10,150,71,0.12379877182510346
247,2,10,150,71,0.0
248,2,10,150,71,0.14176813152020928
249,2,10,150,71,0.21580604760725444
250,2,10,150,71,0.08513080051804543
251,2,10,150,71,0.12803494038364374
252,2,10,150,71,0.1904168294848087
253,2,10,150,71,0.18852956389601477
254,2,10,150,71,0.25691352569511505
255,2,10,150,71,0.04662184073981129
256,2,10,150,71,0.2861353696824985
257,2,10,150,71,0.10559687561546657
258,2,10,150,71,0.0
259,2,10,150,71,0.0
260,2,10,150,71,0.0
261,2,10,150,71,0.0
262,2,10,150,71,0.07399877500023122
263,2,10,150,71,0.16565508957374153
264,2,10,150,71,0.07935123938715939
265,2,10,150,71,0.08339602711200374
266,2,10,150,71,0.0
267,2,10,150,71,0.14681575200160665
268,2,10,150,71,0.17035331707141255
269,2,10,150,71,0.08690315021404767
270,2,10,150,71,0.122398451109695
271,2,10,150,71,0.206024982058022
272,2,10,150,71,0.366296454316556
273,2,10,150,71,0.0
274,2,10,150,71,0.05829918151249392
275,2,10,150,71,0.04105877938688906
276,2,10,150,71,0.20955486083529382
277,2,10,150,71,0.0
278,2,10,150,71,0.04305311721683474
279,2,10,150,71,0.21963258372814998
280,2,10,150,71,0.0841500632404169
281,2,10,150,71,0.05516788910004661
282,2,10,150,71,0.0
283,2,10,150,71,0.06286054135527182
284,2,10,150,71,0.0
285,2,10,150,71,0.15002687789384317
286,2,10,150,71,0.10716987013646836
287,2,10,150,71,0.11853073131207159
288,2,10,150,71,0.13748615058002994
289,2,10,150,71,0.06510475888148554
290,2,10,150,71,0.09449357188080848
291,2,10,150,71,0.17748922691988067
292,2,10,150,71,0.3713936936921286
293,2,10,150,71,0.1682734580578016
294,2,10,150,71,0.05942233668176323
295,2,10,150,71,0.1991752999738534
296,2,10,150,71,0.10863331355232851
297,2,10,150,71,0.10547809104886068
298,2,10,150,71,0.39246538429712124
299,2,10,150,71,0.05389882485565562
300,2,10,150,71,0.0
301,2,10,150,71,0.12514367933866224
302,2,10,150,71,0.0
303,2,10,150,71,0.3713335806943416
304,2,10,150,71,0.09811693595042764
305,2,10,150,71,0.15377587171217844
306,2,10,150,71,0.07286537763060504
307,2,10,150,71,0.17167816797422253
308,2,10,150,71,0.12410944924553535
309,2,10,150,71,0.0
310,2,10,150,71,0.0
311,2,10,150,71,0.2631667579366908
312,2,10,150,71,0.1666072485559496
313,2,10,150,71,0.22676062260704077
314,2,10,150,71,0.12569898539461405
315,2,10,150,71,0.18129588776381328
316,2,10,150,71,0.20030147904071285
317,2,10,150,71,0.0
318,2,10,150,71,0.11809408464566347
319,2,10,150,71,0.0
320,2,10,150,71,0.04539294738377069
321,2,10,150,71,0.12530728980532893
322,2,10,150,71,0.35190394711189377
323,2,10,150,71,0.028361369701356044
324,2,10,150,71,0.06573619640629956
325,2,10,150,71,0.0811231025632827
326,2,10,150,71,0.14774251547484274
327,2,10,150,71,0.061624202674015194
328,2,10,150,71,0.14304127376118922
329,2,10,150,71,0.0
330,2,10,150,71,0.133273186303286
331,2,10,150,71,0.07806337179400324
332,2,10,150,71,0.18967146462948598
333,2,10,150,71,0.05206745415870339
334,2,10,150,71,0.12195533007967783
335,2,10,150,71,0.0
336,2,10,150,71,0.11501232379588432
337,2,10,150,71,0.10934082156401825
338,2,10,150,71,0.12065326649027912
339,2,10,150,71,0.30677367382349285
340,2,10,150,71,0.17896552649342137
341,2,10,150,71,0.0
342,2,10,150,71,0.2623868288299371
343,2,10,150,71,0.29555205059123285
344,2,10,150,71,0.1523980172868318
345,2,10,150,71,0.10686772084589051
346,2,10,150,71,0.21438688946391227
347,2,10,150,71,0.19318603337387616
348,2,10,150,71,0.0
349,2,10,150,71,0.163169180413793
350,2,10,150,71,0.18939048055890495
351,2,10,150,71,0.1610216634970071
352,2,10,150,71,0.3057524544183157
353,2,10,150,71,0.0
354,2,10,150,71,0.08982081782386522
355,2,10,150,71,0.0
356,2,10,150,71,0.10061931714936387
357,2,10,150,71,0.14019634392566574
358,2,10,150,71,0.0
359,2,10,150,71,0.0
360,2,10,150,71,0.22728151171982378
361,2,10,150,71,0.12786031464335298
362,2,10,150,71,0.04690797720830594
363,2,10,150,71,0.19065523982053942
364,2,10,150,71,0.0
365,2,10,150,71,0.0
366,2,10,150,71,0.09184114803951915
367,2,10,150,71,0.05534563970541805
368,2,10,150,71,0.06788053752288492
369,2,10,150,71,0.21386152848601384
370,2,10,150,71,0.0957000625269241
371,2,10,150,71,0.1366471158428892
372,2,10,150,71,0.11359189468068477
373,2,10,150,71,0.11111482544899444
374,2,10,150,71,0.1639388400311917
375,2,10,150,71,0.1676614286651071
376,2,10,150,71,0.07216815292900357
377,2,10,150,71,0.3067552645565975
378,2,10,150,71,0.049728666048075874
379,2,10,150,71,0.2300230636638564
380,2,10,150,71,0.0590647057138947
381,2,10,150,71,0.13460387583977396
382,2,10,150,71,0.14582500956521116
383,2,10,150,71,0.07384236194308337
384,2,10,150,71,0.0
385,2,10,150,71,0.15356699193288673
386,2,10,150,71,0.0
387,2,10,150,71,0.17080640082221094
388,2,10,150,71,0.03275673003454543
389,2,10,150,71,0.2598826169553773
390,2,10,150,71,0.10466779365752882
391,2,10,150,71,0.18344326580289438
392,2,10,150,71,0.09006573473175804
393,2,10,150,71,0.11328872472158108
394,2,10,150,71,0.23203872840181228
395,2,10,150,71,0.14650904367843634
396,2,10,150,71,0.08006506288147622
397,2,10,150,71,0.21870981369224696
398,2,10,150,71,0.12633080592181342
399,2,10,150,71,0.020287116036728045
400,2,10,150,71,0.0
401,2,10,150,71,0.0
402,2,10,150,71,0.1798991830195577
403,2,10,150,71,0.23561122801255002
404,2,10,150,71,0.0
405,2,10,150,71,0.2455465597658176
406,2,10,150,71,0.2439710001237452
407,2,10,150,71,0.07905346612822767
408,2,10,150,71,0.08490303813485527
409,2,10,150,71,0.1854414927009712
410,2,10,150,71,0.1510508871592243
411,2,10,150,71,0.13359023741301432
412,2,10,150,71,0.041062015509212284
413,2,10,150,71,0.19475935863737628
414,2,10,150,71,0.04690797720830594
415,2,10,150,71,0.15582818336744758
416,2,10,150,71,0.515706268395401
417,2,10,150,71,0.2601203602068218
418,2,10,150,71,0.05130633033097092
419,2,10,150,71,0.13043508853971056
420,2,10,150,71,0.1979106713561055
421,2,10,150,71,0.3102692669240346
422,2,10,150,71,0.0654076987556055
423,2,10,150,71,0.0
424,2,10,150,71,0.039270700903099615
425,2,10,150,71,0.057733447936114
426,2,10,150,71,0.03206656709567107
427,2,10,150,71,0.0
428,2,10,150,71,0.09545062073374358
429,2,10,150,71,0.23938660145609902
430,2,10,150,71,0.17441334704295655
431,2,10,150,71,0.0
432,2,10,150,71,0.11091017664679254
433,2,10,150,71,0.10047622221317463
434,2,10,150,71,0.21435951014939544
435,2,10,150,71,0.308979944520939
436,2,10,150,71,0.08073573433990566
437,2,10,150,71,0.2295156528985707
438,2,10,150,71,0.11342455428465782
439,2,10,150,71,0.0
440,2,10,150,71,0.056388463063434605
441,2,10,150,71,0.1731866333482261
442,2,10,150,71,0.04062732041938225
443,2,10,150,71,0.0
444,2,10,150,71,0.0796221118108625
445,2,10,150,71,0.041592183551090546
446,2,10,150,71,0.13356958453958645
447,2,10,150,71,0.055923854163236565
448,2,10,150,71,0.049326153683410964
449,2,10,150,71,0.12454817859325495
450,2,10,150,71,0.49263993992708954
451,2,10,150,71,0.05163551141839463
452,2,10,150,71,0.2129778325867041
453,2,10,150,71,0.1175424009487046
454,2,10,150,71,0.0
455,2,10,150,71,0.13129374568601407
456,2,10,150,71,0.08254059772411497
457,2,10,150,71,0.4749065711617109
458,2,10,150,71,0.24216241537162417
459,2,10,150,71,0.20154342782727996
460,2,10,150,71,0.07041837375515932
461,2,10,150,71,0.06961399513856609
462,2,10,150,71,0.18564976427020158
463,2,10,150,71,0.21881515471619958
464,2,10,150,71,0.06726768733602535
465,2,10,150,71,0.10783006935442738
466,2,10,150,71,0.12816210679182038
467,2,10,150,71,0.09300532025926726
468,2,10,150,71,0.2288236024598987
469,2,10,150,71,0.05651614765972419
470,2,10,150,71,0.04760723841253984
471,2,10,150,71,0.0
472,2,10,150,71,0.2334579290430881
473,2,10,150,71,0.2622744659873325
474,2,10,150,71,0.3804305750998178
475,2,10,150,71,0.07311683844390994
476,2,10,150,71,0.021791008948563714
477,2,10,150,71,0.07075576072108061
478,2,10,150,71,0.13180376528048332
479,2,10,150,71,0.20752202513377666
480,2,10,150,71,0.15920120556239784
481,2,10,150,71,0.048705796110663196
482,2,10,150,71,0.04290887548434951
483,2,10,150,71,0.0273055648695642
484,2,10,150,71,0.20193976177882433
485,2,10,150,71,0.036556008482007775
486,2,10,150,71,0.02801058107494064
487,2,10,150,71,0.3115468016993547
488,2,10,150,71,0.0
489,2,10,150,71,0.0
490,2,10,150,71,0.11630686983226163
491,2,10,150,71,0.03859643636257609
492,2,10,150,71,0.1338895448360617
493,2,10,150,71,0.22708658560204953
494,2,10,150,71,0.10841985052222541
495,2,10,150,71,0.18416497251588532
496,2,10,150,71,0.023205371908120297
497,2,10,150,71,0.14313435640349043
498,2,10,150,71,0.07358364093338247
499,2,10,150,71,0.09250894728958106
500,2,10,150,71,0.14766498513407894
501,2,10,150,71,0.02184231145035861
502,2,10,150,71,0.06689893193796337
503,2,10,150,71,0.16585659972955993
504,2,10,150,71,0.12919574746000645
505,2,10,150,71,0.05688647497208646
506,2,10,150,71,0.12688492579308994
507,2,10,150,71,0.02186947737677948
508,2,10,150,71,0.20345924618307185
509,2,10,150,71,0.031611854308622345
510,2,10,150,71,0.0
511,2,10,150,71,0.0
512,2,10,150,71,0.08364069030518707
513,2,10,150,71,0.11506360809154491
514,2,10,150,71,0.16578726587197626
515,2,10,150,71,0.034743705427429224
516,2,10,150,71,0.1340330647732781
517,2,10,150,71,0.07931777113368761
518,2,10,150,71,0.1271756500386261
519,2,10,150,71,0.10560636946921488
520,2,10,150,71,0.0
521,2,10,150,71,0.0
522,2,10,150,71,0.0559167101555819
523,2,10,150,71,0.21950613822622128
524,2,10,150,71,0.12090490193753664
525,2,10,150,71,0.0
526,2,10,150,71,0.02505758835695044
527,2,10,150,71,0.35360031514866236
528,2,10,150,71,0.2269962474823218
529,2,10,150,71,0.0
530,2,10,150,71,0.05554513395194445
531,2,10,150,71,0.0
532,2,10,150,71,0.11010280815526424
533,2,10,150,71,0.03142686931961314
534,2,10,150,71,0.024909303741335254
535,2,10,150,71,0.21318880692630449
536,2,10,150,71,0.16340884055250954
537,2,10,150,71,0.4486256182084704
538,2,10,150,71,0.032394594743117074
539,2,10,150,71,0.09953437200841515
540,2,10,150,71,0.0
541,2,10,150,71,0.06833564325125971
542,2,10,150,71,0.07797598981103891
543,2,10,150,71,0.049450905794207176
544,2,10,150,71,0.0
545,2,10,150,71,0.060216826583478454
546,2,10,150,71,0.03314153504336938
547,2,10,150,71,0.04855455745827926
548,2,10,150,71,0.03883106019841818
549,2,10,150,71,0.0
550,2,10,150,71,0.09688698360286704
551,2,10,150,71,0.22801669789531634
552,2,10,150,71,0.048059443651065493
553,2,10,150,71,0.1494215149076395
554,2,10,150,71,0.08856716582657766
555,2,10,150,71,0.09809088686968297
556,2,10,150,71,0.16258997327839542
557,2,10,150,71,0.04470486007704452
558,2,10,150,71,0.265053101293003
559,2,10,150,71,0.10851072764850944
560,2,10,150,71,0.046716390531725466
561,2,10,150,71,0.12128212241611613
562,2,10,150,71,0.07720150835011791
563,2,10,150,71,0.0
564,2,10,150,71,0.0
565,2,10,150,71,0.28663011782160785
566,2,10,150,71,0.03548242894850303
567,2,10,150,71,0.09272963807674517
568,2,10,150,71,0.0
569,2,10,150,71,0.17563954439010937
570,2,10,150,71,0.0
571,2,10,150,71,0.0
572,2,10,150,71,0.0
573,2,10,150,71,0.03246641181906899
574,2,10,150,71,0.05058854055353143
575,2,10,150,71,0.05154847002173459
576,2,10,150,71,0.0
577,2,10,150,71,0.0784247757209491
578,2,10,150,71,0.0
579,2,10,150,71,0.08297540479108526
580,2,10,150,71,0.18080124080515705
581,2,10,150,71,0.0
582,2,10,150,71,0.0437514209980628
583,2,10,150,71,0.08356526807460651
584,2,10,150,71,0.0
585,2,10,150,71,0.08668163308546498
586,2,10,150,71,0.10132509239867551
587,2,10,150,71,0.03459392809572638
588,2,10,150,71,0.053821119735696775
589,2,10,150,71,0.13061191070808464
590,2,10,150,71,0.06139304560474655
591,2,10,150,71,0.0
592,2,10,150,71,0.3361381887021905
593,2,10,150,71,0.04586709436300111
594,2,10,150,71,0.0
595,2,10,150,71,0.0
596,2,10,150,71,0.0
597,2,10,150,71,0.0
598,2,10,150,71,0.0
599,2,10,150,71,0.0
600,2,10,150,71,0.024325165853816375
601,2,10,150,71,0.03369782041898502
602,2,10,150,71,0.0
603,2,10,150,71,0.1435203717549576
604,2,10,150,71,0.0
605,2,10,150,71,0.2645541144793553
606,2,10,150,71,0.23204083039530643
607,2,10,150,71,0.08440880858250024
608,2,10,150,71,0.2120992422792938
609,2,10,150,71,0.0
610,2,10,150,71,0.1629867900167321
611,2,10,150,71,0.08045389590462838
612,2,10,150,71,0.15130120674940672
613,2,10,150,71,0.0
614,2,10,150,71,0.08861505596859857
615,2,10,150,71,0.12047971762374059
616,2,10,150,71,0.0
617,2,10,150,71,0.044257815106106525
618,2,10,150,71,0.18766481803906507
619,2,10,150,71,0.09637551974188778
620,2,10,150,71,0.08396948777462541
621,2,10,150,71,0.06335388063984314
622,2,10,150,71,0.12980296240199146
623,2,10,150,71,0.0
624,2,10,150,71,0.0536466452928127
625,2,10,150,71,0.0
626,2,10,150,71,0.0
627,2,10,150,71,0.0
628,2,10,150,71,0.0
629,2,10,150,71,0.2466228630593721
630,2,10,150,71,0.0
631,2,10,150,71,0.16868725245403154
632,2,10,150,71,0.13439570003165963
633,2,10,150,71,0.07667481399289292
634,2,10,150,71,0.030975021478781034
635,2,10,150,71,0.0
636,2,10,150,71,0.0
637,2,10,150,71,0.0
638,2,10,150,71,0.0
639,2,10,150,71,0.0
640,2,10,150,71,0.07887611601996505
642,2,10,150,71,0.1329152156038286
643,2,10,150,71,0.0
644,2,10,150,71,0.0
645,2,10,150,71,0.09759501249802542
647,2,10,150,71,0.0
648,2,10,150,71,0.18159464350583557
649,2,10,150,71,1.0
650,2,10,150,71,0.0
651,2,10,150,71,0.0
653,2,10,150,71,0.0
654,2,10,150,71,0.058087171966128066
655,2,10,150,71,0.16956752099997716
658,2,10,150,71,0.0
1,2,10,150,72,0.5343723497595074
2,2,10,150,72,0.2268511698743587
3,2,10,150,72,0.03098598178059488
4,2,10,150,72,0.06166887310869151
5,2,10,150,72,0.12620564628865164
6,2,10,150,72,0.17961772474519622
7,2,10,150,72,0.3003334186379021
8,2,10,150,72,0.06653535276206901
9,2,10,150,72,0.0
10,2,10,150,72,0.2043831529067321
11,2,10,150,72,0.10464473261331256
12,2,10,150,72,0.06832640546611278
13,2,10,150,72,0.3718085550440979
14,2,10,150,72,0.12939622934497527
15,2,10,150,72,0.01616702920033762
16,2,10,150,72,0.2662844928132153
17,2,10,150,72,0.10312948447052589
18,2,10,150,72,0.22609197826016592
19,2,10,150,72,0.0
20,2,10,150,72,0.031742154565302834
21,2,10,150,72,0.0
22,2,10,150,72,0.05035691655673683
23,2,10,150,72,0.22807475621810358
24,2,10,150,72,0.10717514219558558
25,2,10,150,72,0.03078223202175778
26,2,10,150,72,0.12994496440026843
27,2,10,150,72,0.0
28,2,10,150,72,0.1358023930187833
29,2,10,150,72,0.0
30,2,10,150,72,0.0
31,2,10,150,72,0.046287481291184845
32,2,10,150,72,0.11781210270929884
33,2,10,150,72,0.0
34,2,10,150,72,0.07239559903187814
35,2,10,150,72,0.0
36,2,10,150,72,0.0
37,2,10,150,72,0.0
38,2,10,150,72,0.08383161799172952
39,2,10,150,72,0.15820890896021753
40,2,10,150,72,0.2212397779175911
41,2,10,150,72,0.0
42,2,10,150,72,0.20130152528989256
43,2,10,150,72,0.09662598732799078
44,2,10,150,72,0.1565413821318793
45,2,10,150,72,0.0
46,2,10,150,72,0.10684080426179023
47,2,10,150,72,0.11437926488327832
48,2,10,150,72,0.14096272947842173
49,2,10,150,72,0.05920283200708927
50,2,10,150,72,0.046726672111120165
51,2,10,150,72,0.07984133538066794
52,2,10,150,72,0.05244652348163508
53,2,10,150,72,0.12810519548676028
54,2,10,150,72,0.07248205500233205
55,2,10,150,72,0.0
56,2,10,150,72,0.22047893971599028
57,2,10,150,72,0.0524456916588361
58,2,10,150,72,0.16366022196121796
59,2,10,150,72,0.3289340988947194
60,2,10,150,72,0.2158570564681132
61,2,10,150,72,0.06416923277158361
62,2,10,150,72,0.18160332589227857
63,2,10,150,72,0.0763437499438357
64,2,10,150,72,0.04583023181159601
65,2,10,150,72,0.18154179097601578
66,2,10,150,72,0.12995427111679475
67,2,10,150,72,0.24630238874073
68,2,10,150,72,0.04358896759704514
69,2,10,150,72,0.17433349252900054
70,2,10,150,72,0.03155184951131585
71,2,10,150,72,0.04416548762473651
72,2,10,150,72,0.28907547922366217
73,2,10,150,72,0.26386730550459286
74,2,10,150,72,0.17342765698823945
75,2,10,150,72,0.16021137204676433
76,2,10,150,72,0.21046795809065558
77,2,10,150,72,0.1240851503174803
78,2,10,150,72,0.0
79,2,10,150,72,0.08508236880273473
80,2,10,150,72,0.1744476820873323
81,2,10,150,72,0.0
82,2,10,150,72,0.03364053685802635
83,2,10,150,72,0.046841820324159865
84,2,10,150,72,0.029136604147144557
85,2,10,150,72,0.19332558819825862
86,2,10,150,72,0.07028063830038406
87,2,10,150,72,0.19384373929491494
88,2,10,150,72,0.06294571929989644
89,2,10,150,72,0.2334685083478665
90,2,10,150,72,0.13970739950562566
91,2,10,150,72,0.07054411138080068
92,2,10,150,72,0.11670551146995548
93,2,10,150,72,0.0
94,2,10,150,72,0.26079523738431215
95,2,10,150,72,0.12482784903184263
96,2,10,150,72,0.2668702981549327
97,2,10,150,72,0.25684587489418775
98,2,10,150,72,0.0
99,2,10,150,72,0.11936163195678119
100,2,10,150,72,0.0
101,2,10,150,72,0.0
102,2,10,150,72,0.05671879843401278
103,2,10,150,72,0.04579340374561851
104,2,10,150,72,0.0
105,2,10,150,72,0.0
106,2,10,150,72,0.0
107,2,10,150,72,0.09995553728965398
108,2,10,150,72,0.04485361187694993
109,2,10,150,72,0.19016172590894406
110,2,10,150,72,0.037578324799282276
111,2,10,150,72,0.09077089626867633
112,2,10,150,72,0.0
113,2,10,150,72,0.178509607681865
114,2,10,150,72,0.02951022367272685
115,2,10,150,72,0.19673058902127
116,2,10,150,72,0.026497157492079246
117,2,10,150,72,0.053087643823189194
118,2,10,150,72,0.15599061619059726
119,2,10,150,72,0.15212875834435738
120,2,10,150,72,0.361879195385413
121,2,10,150,72,0.115269333086109
122,2,10,150,72,0.1467899073100297
123,2,10,150,72,0.12990556389377814
124,2,10,150,72,0.18903749859471425
125,2,10,150,72,0.1656817885548098
126,2,10,150,72,0.0
127,2,10,150,72,0.12503310750358904
128,2,10,150,72,0.058687362119311595
129,2,10,150,72,0.0
130,2,10,150,72,0.09876117192899879
131,2,10,150,72,0.36227735599025207
132,2,10,150,72,0.12643913909707097
133,2,10,150,72,0.0
134,2,10,150,72,0.0
135,2,10,150,72,0.0
136,2,10,150,72,0.16609048789162614
137,2,10,150,72,0.06049988016540081
138,2,10,150,72,0.10332949630181452
139,2,10,150,72,0.05165643482805862
140,2,10,150,72,0.0
141,2,10,150,72,0.12556328258692692
142,2,10,150,72,0.0
143,2,10,150,72,0.06882065896991112
144,2,10,150,72,0.16664156206392014
145,2,10,150,72,0.1014972099429022
146,2,10,150,72,0.0
147,2,10,150,72,0.06664071636913875
148,2,10,150,72,0.1606863768135813
149,2,10,150,72,0.10486881530019958
150,2,10,150,72,0.0
151,2,10,150,72,0.22367601200469336
152,2,10,150,72,0.04019832975607886
153,2,10,150,72,0.071942683897578
154,2,10,150,72,0.08491065065836505
155,2,10,150,72,0.0
156,2,10,150,72,0.06437746926759551
157,2,10,150,72,0.06857646087959317
158,2,10,150,72,0.17368343162211233
159,2,10,150,72,0.024782300799839303
160,2,10,150,72,0.11705084481334227
161,2,10,150,72,0.0
162,2,10,150,72,0.08299661455725149
163,2,10,150,72,0.0
164,2,10,150,72,0.029649957429587842
165,2,10,150,72,0.0
166,2,10,150,72,0.06175696970122604
167,2,10,150,72,0.040419659112753054
168,2,10,150,72,0.0641665753731138
169,2,10,150,72,0.03870447337439288
170,2,10,150,72,0.0
171,2,10,150,72,0.0
172,2,10,150,72,0.08232325035020067
173,2,10,150,72,0.10950977367488092
174,2,10,150,72,0.2220641719546779
175,2,10,150,72,0.22732566419594713
176,2,10,150,72,0.027651749128023803
177,2,10,150,72,0.3152442026717657
178,2,10,150,72,0.15385591356890052
179,2,10,150,72,0.09299583347145139
180,2,10,150,72,0.08391511424653819
181,2,10,150,72,0.03887378320412251
182,2,10,150,72,0.05005165434923901
183,2,10,150,72,0.0
184,2,10,150,72,0.1459367639681911
185,2,10,150,72,0.0
186,2,10,150,72,0.05478814761334652
187,2,10,150,72,0.16902512893841318
188,2,10,150,72,0.29205722210115026
189,2,10,150,72,0.19661282626562737
190,2,10,150,72,0.025938546612492997
191,2,10,150,72,0.0
192,2,10,150,72,0.0
193,2,10,150,72,0.0
194,2,10,150,72,0.15904165513657437
195,2,10,150,72,0.04606861224913365
196,2,10,150,72,0.04485361187694993
197,2,10,150,72,0.14330924581016483
198,2,10,150,72,0.028186415745733433
199,2,10,150,72,0.2529427027676571
200,2,10,150,72,0.23903021781429204
201,2,10,150,72,0.1186179046394433
202,2,10,150,72,0.27487633291429087
203,2,10,150,72,0.10238606821339166
204,2,10,150,72,0.08325563768773413
205,2,10,150,72,0.1465996756793884
206,2,10,150,72,0.028694189013458257
207,2,10,150,72,0.0650800810952452
208,2,10,150,72,0.05919139647768146
209,2,10,150,72,0.0
210,2,10,150,72,0.18937175954951105
211,2,10,150,72,0.0
212,2,10,150,72,0.11738002835756964
213,2,10,150,72,0.1624219207093304
214,2,10,150,72,0.23669903147168767
215,2,10,150,72,0.11433722369502479
216,2,10,150,72,0.14425650580287722
217,2,10,150,72,0.10298663607405599
218,2,10,150,72,0.1023482199458735
219,2,10,150,72,0.0
220,2,10,150,72,0.0
221,2,10,150,72,0.10144613070733857
222,2,10,150,72,0.0894067778160318
223,2,10,150,72,0.0
224,2,10,150,72,0.029996736818897345
225,2,10,150,72,0.0
226,2,10,150,72,0.10111769293645066
227,2,10,150,72,0.0947812167140767
228,2,10,150,72,0.0
229,2,10,150,72,0.1353749952992483
230,2,10,150,72,0.29885542969810625
231,2,10,150,72,0.3903800499921017
232,2,10,150,72,0.11605494365670165
233,2,10,150,72,0.13212972170856394
234,2,10,150,72,0.1559767210090782
235,2,10,150,72,0.1075070751982482
236,2,10,150,72,0.14277726217629444
237,2,10,150,72,0.27346075713529205
238,2,10,150,72,0.0
239,2,10,150,72,0.07353036567890302
240,2,10,150,72,0.0
241,2,10,150,72,0.0
242,2,10,150,72,0.07673373981757839
243,2,10,150,72,0.2568245236714982
244,2,10,150,72,0.18280294015368334
245,2,10,150,72,0.0
246,2,10,150,72,0.12379877182510346
247,2,10,150,72,0.0
248,2,10,150,72,0.14176813152020928
249,2,10,150,72,0.21580604760725444
250,2,10,150,72,0.08513080051804543
251,2,10,150,72,0.12803494038364374
252,2,10,150,72,0.1904168294848087
253,2,10,150,72,0.18852956389601477
254,2,10,150,72,0.25691352569511505
255,2,10,150,72,0.04662184073981129
256,2,10,150,72,0.2981724287847049
257,2,10,150,72,0.10559687561546657
258,2,10,150,72,0.0
259,2,10,150,72,0.0
260,2,10,150,72,0.0
261,2,10,150,72,0.0
262,2,10,150,72,0.07399877500023122
263,2,10,150,72,0.16565508957374153
264,2,10,150,72,0.07935123938715939
265,2,10,150,72,0.08339602711200374
266,2,10,150,72,0.0
267,2,10,150,72,0.14681575200160665
268,2,10,150,72,0.16869462989911146
269,2,10,150,72,0.08605699621499069
270,2,10,150,72,0.122398451109695
271,2,10,150,72,0.20401896890378474
272,2,10,150,72,0.366296454316556
273,2,10,150,72,0.0
274,2,10,150,72,0.05829918151249392
275,2,10,150,72,0.04105877938688906
276,2,10,150,72,0.20751447814397742
277,2,10,150,72,0.0
278,2,10,150,72,0.04305311721683474
279,2,10,150,72,0.21749407679730745
280,2,10,150,72,0.0841500632404169
281,2,10,150,72,0.05516788910004661
282,2,10,150,72,0.0
283,2,10,150,72,0.06286054135527182
284,2,10,150,72,0.0
285,2,10,150,72,0.15002687789384317
286,2,10,150,72,0.10716987013646836
287,2,10,150,72,0.11853073131207159
288,2,10,150,72,0.13748615058002994
289,2,10,150,72,0.06510475888148554
290,2,10,150,72,0.09449357188080848
291,2,10,150,72,0.17748922691988067
292,2,10,150,72,0.3713936936921286
293,2,10,150,72,0.16663502194679697
294,2,10,150,72,0.05942233668176323
295,2,10,150,72,0.1991752999738534
296,2,10,150,72,0.10863331355232851
297,2,10,150,72,0.10547809104886068
298,2,10,150,72,0.39246538429712124
299,2,10,150,72,0.05389882485565562
300,2,10,150,72,0.0
301,2,10,150,72,0.12514367933866224
302,2,10,150,72,0.0
303,2,10,150,72,0.36771799951558387
304,2,10,150,72,0.09811693595042764
305,2,10,150,72,0.15377587171217844
306,2,10,150,72,0.07286537763060504
307,2,10,150,72,0.17167816797422253
308,2,10,150,72,0.12290102692089916
309,2,10,150,72,0.0
310,2,10,150,72,0.0
311,2,10,150,72,0.2606043697597546
312,2,10,150,72,0.1666072485559496
313,2,10,150,72,0.22676062260704077
314,2,10,150,72,0.12569898539461405
315,2,10,150,72,0.18129588776381328
316,2,10,150,72,0.20030147904071285
317,2,10,150,72,0.0
318,2,10,150,72,0.11809408464566347
319,2,10,150,72,0.0
320,2,10,150,72,0.04539294738377069
321,2,10,150,72,0.12530728980532893
322,2,10,150,72,0.35190394711189377
323,2,10,150,72,0.028361369701356044
324,2,10,150,72,0.06573619640629956
325,2,10,150,72,0.0811231025632827
326,2,10,150,72,0.14774251547484274
327,2,10,150,72,0.06102418339504909
328,2,10,150,72,0.14304127376118922
329,2,10,150,72,0.0
330,2,10,150,72,0.1473695742186882
331,2,10,150,72,0.07806337179400324
332,2,10,150,72,0.18967146462948598
333,2,10,150,72,0.05206745415870339
334,2,10,150,72,0.1207678818686629
335,2,10,150,72,0.0
336,2,10,150,72,0.11501232379588432
337,2,10,150,72,0.10934082156401825
338,2,10,150,72,0.12065326649027912
339,2,10,150,72,0.30378669613313536
340,2,10,150,72,0.17896552649342137
341,2,10,150,72,0.0
342,2,10,150,72,0.2623868288299371
343,2,10,150,72,0.29555205059123285
344,2,10,150,72,0.1523980172868318
345,2,10,150,72,0.10686772084589051
346,2,10,150,72,0.2122994585316795
347,2,10,150,72,0.19318603337387616
348,2,10,150,72,0.0
349,2,10,150,72,0.163169180413793
350,2,10,150,72,0.18939048055890495
351,2,10,150,72,0.1610216634970071
352,2,10,150,72,0.3057524544183157
353,2,10,150,72,0.0
354,2,10,150,72,0.08982081782386522
355,2,10,150,72,0.0
356,2,10,150,72,0.10061931714936387
357,2,10,150,72,0.14019634392566574
358,2,10,150,72,0.0
359,2,10,150,72,0.0
360,2,10,150,72,0.22728151171982378
361,2,10,150,72,0.12786031464335298
362,2,10,150,72,0.04690797720830594
363,2,10,150,72,0.18879887796003186
364,2,10,150,72,0.0
365,2,10,150,72,0.0
366,2,10,150,72,0.09184114803951915
367,2,10,150,72,0.05534563970541805
368,2,10,150,72,0.06788053752288492
369,2,10,150,72,0.21386152848601384
370,2,10,150,72,0.0957000625269241
371,2,10,150,72,0.1366471158428892
372,2,10,150,72,0.11359189468068477
373,2,10,150,72,0.11003292849040772
374,2,10,150,72,0.16234260899984837
375,2,10,150,72,0.1676614286651071
376,2,10,150,72,0.07216815292900357
377,2,10,150,72,0.3067552645565975
378,2,10,150,72,0.0492444706012974
379,2,10,150,72,0.2300230636638564
380,2,10,150,72,0.0590647057138947
381,2,10,150,72,0.13460387583977396
382,2,10,150,72,0.14582500956521116
383,2,10,150,72,0.07384236194308337
384,2,10,150,72,0.0
385,2,10,150,72,0.15207174896382164
386,2,10,150,72,0.0
387,2,10,150,72,0.16914330208799636
388,2,10,150,72,0.03275673003454543
389,2,10,150,72,0.2573522056287389
390,2,10,150,72,0.10466779365752882
391,2,10,150,72,0.18344326580289438
392,2,10,150,72,0.09006573473175804
393,2,10,150,72,0.12192240819263726
394,2,10,150,72,0.23203872840181228
395,2,10,150,72,0.14650904367843634
396,2,10,150,72,0.08006506288147622
397,2,10,150,72,0.21870981369224696
398,2,10,150,72,0.12633080592181342
399,2,10,150,72,0.020089585517736163
400,2,10,150,72,0.0
401,2,10,150,72,0.0
402,2,10,150,72,0.1798991830195577
403,2,10,150,72,0.23561122801255002
404,2,10,150,72,0.0
405,2,10,150,72,0.24315573500297782
406,2,10,150,72,0.2415955161867398
407,2,10,150,72,0.07828374251822093
408,2,10,150,72,0.08490303813485527
409,2,10,150,72,0.1854414927009712
410,2,10,150,72,0.1510508871592243
411,2,10,150,72,0.13359023741301432
412,2,10,150,72,0.041062015509212284
413,2,10,150,72,0.19475935863737628
414,2,10,150,72,0.04690797720830594
415,2,10,150,72,0.15582818336744758
416,2,10,150,72,0.5106849668629857
417,2,10,150,72,0.25758763403426055
418,2,10,150,72,0.05130633033097092
419,2,10,150,72,0.13043508853971056
420,2,10,150,72,0.1979106713561055
421,2,10,150,72,0.3102692669240346
422,2,10,150,72,0.0654076987556055
423,2,10,150,72,0.0
424,2,10,150,72,0.039270700903099615
425,2,10,150,72,0.05717131195220356
426,2,10,150,72,0.03206656709567107
427,2,10,150,72,0.0
428,2,10,150,72,0.09545062073374358
429,2,10,150,72,0.23705575464969644
430,2,10,150,72,0.17441334704295655
431,2,10,150,72,0.0
432,2,10,150,72,0.11091017664679254
433,2,10,150,72,0.10047622221317463
434,2,10,150,72,0.21435951014939544
435,2,10,150,72,0.3059714849306843
436,2,10,150,72,0.08073573433990566
437,2,10,150,72,0.2272809170222767
438,2,10,150,72,0.11342455428465782
439,2,10,150,72,0.0
440,2,10,150,72,0.056388463063434605
441,2,10,150,72,0.1731866333482261
442,2,10,150,72,0.04062732041938225
443,2,10,150,72,0.0
444,2,10,150,72,0.0796221118108625
445,2,10,150,72,0.05411806474101511
446,2,10,150,72,0.13356958453958645
447,2,10,150,72,0.055923854163236565
448,2,10,150,72,0.049326153683410964
449,2,10,150,72,0.12454817859325495
450,2,10,150,72,0.4878432294023529
451,2,10,150,72,0.05163551141839463
452,2,10,150,72,0.21090412128498656
453,2,10,150,72,0.1175424009487046
454,2,10,150,72,0.0
455,2,10,150,72,0.13001537168357852
456,2,10,150,72,0.08173692079552507
457,2,10,150,72,0.4702825259645328
458,2,10,150,72,0.2398045411670263
459,2,10,150,72,0.20154342782727996
460,2,10,150,72,0.07041837375515932
461,2,10,150,72,0.06961399513856609
462,2,10,150,72,0.18564976427020158
463,2,10,150,72,0.21881515471619958
464,2,10,150,72,0.06726768733602535
465,2,10,150,72,0.10783006935442738
466,2,10,150,72,0.12816210679182038
467,2,10,150,72,0.09300532025926726
468,2,10,150,72,0.2288236024598987
469,2,10,150,72,0.05651614765972419
470,2,10,150,72,0.04760723841253984
471,2,10,150,72,0.0
472,2,10,150,72,0.23118480822083007
473,2,10,150,72,0.2622744659873325
474,2,10,150,72,0.37672641878682583
475,2,10,150,72,0.07311683844390994
476,2,10,150,72,0.021791008948563714
477,2,10,150,72,0.07075576072108061
478,2,10,150,72,0.13180376528048332
479,2,10,150,72,0.21523818278681908
480,2,10,150,72,0.15920120556239784
481,2,10,150,72,0.06715675905584885
482,2,10,150,72,0.04290887548434951
483,2,10,150,72,0.0273055648695642
484,2,10,150,72,0.20193976177882433
485,2,10,150,72,0.036556008482007775
486,2,10,150,72,0.02801058107494064
487,2,10,150,72,0.3085133492698166
488,2,10,150,72,0.0
489,2,10,150,72,0.013455028035035455
490,2,10,150,72,0.11630686983226163
491,2,10,150,72,0.03859643636257609
492,2,10,150,72,0.1338895448360617
493,2,10,150,72,0.22708658560204953
494,2,10,150,72,0.10841985052222541
495,2,10,150,72,0.18237180474697579
496,2,10,150,72,0.023205371908120297
497,2,10,150,72,0.14174069336854922
498,2,10,150,72,0.07358364093338247
499,2,10,150,72,0.09250894728958106
500,2,10,150,72,0.14622720851281565
501,2,10,150,72,0.02184231145035861
502,2,10,150,72,0.06689893193796337
503,2,10,150,72,0.17774050498076585
504,2,10,150,72,0.12793780113579176
505,2,10,150,72,0.05688647497208646
506,2,10,150,72,0.12564947935512508
507,2,10,150,72,0.02186947737677948
508,2,10,150,72,0.20345924618307185
509,2,10,150,72,0.031611854308622345
510,2,10,150,72,0.0
511,2,10,150,72,0.0
512,2,10,150,72,0.08364069030518707
513,2,10,150,72,0.11506360809154491
514,2,10,150,72,0.16578726587197626
515,2,10,150,72,0.034743705427429224
516,2,10,150,72,0.1340330647732781
517,2,10,150,72,0.07931777113368761
518,2,10,150,72,0.14341019153063672
519,2,10,150,72,0.10560636946921488
520,2,10,150,72,0.0
521,2,10,150,72,0.0
522,2,10,150,72,0.0559167101555819
523,2,10,150,72,0.21950613822622128
524,2,10,150,72,0.1197276814797275
525,2,10,150,72,0.0
526,2,10,150,72,0.02505758835695044
527,2,10,150,72,0.35360031514866236
528,2,10,150,72,0.2269962474823218
529,2,10,150,72,0.0
530,2,10,150,72,0.05554513395194445
531,2,10,150,72,0.0
532,2,10,150,72,0.109030764953165
533,2,10,150,72,0.03112087383973543
534,2,10,150,72,0.024909303741335254
535,2,10,150,72,0.21111304142078985
536,2,10,150,72,0.16340884055250954
537,2,10,150,72,0.4442574640047216
538,2,10,150,72,0.032394594743117074
539,2,10,150,72,0.09953437200841515
540,2,10,150,72,0.0
541,2,10,150,72,0.06833564325125971
542,2,10,150,72,0.07797598981103891
543,2,10,150,72,0.049450905794207176
544,2,10,150,72,0.0
545,2,10,150,72,0.060216826583478454
546,2,10,150,72,0.03314153504336938
547,2,10,150,72,0.04855455745827926
548,2,10,150,72,0.03883106019841818
549,2,10,150,72,0.0
550,2,10,150,72,0.09688698360286704
551,2,10,150,72,0.22579655696485904
552,2,10,150,72,0.048059443651065493
553,2,10,150,72,0.1494215149076395
554,2,10,150,72,0.08856716582657766
555,2,10,150,72,0.09809088686968297
556,2,10,150,72,0.16258997327839542
557,2,10,150,72,0.04470486007704452
558,2,10,150,72,0.265053101293003
559,2,10,150,72,0.10851072764850944
560,2,10,150,72,0.046716390531725466
561,2,10,150,72,0.1201012290578921
562,2,10,150,72,0.07720150835011791
563,2,10,150,72,0.0
564,2,10,150,72,0.0
565,2,10,150,72,0.28663011782160785
566,2,10,150,72,0.03548242894850303
567,2,10,150,72,0.09272963807674517
568,2,10,150,72,0.0
569,2,10,150,72,0.17563954439010937
570,2,10,150,72,0.0
571,2,10,150,72,0.0
572,2,10,150,72,0.0
573,2,10,150,72,0.03246641181906899
574,2,10,150,72,0.05058854055353143
575,2,10,150,72,0.05154847002173459
576,2,10,150,72,0.0
577,2,10,150,72,0.0784247757209491
578,2,10,150,72,0.0
579,2,10,150,72,0.08297540479108526
580,2,10,150,72,0.18080124080515705
581,2,10,150,72,0.0
582,2,10,150,72,0.0437514209980628
583,2,10,150,72,0.08356526807460651
584,2,10,150,72,0.0
585,2,10,150,72,0.08668163308546498
586,2,10,150,72,0.10132509239867551
587,2,10,150,72,0.03459392809572638
588,2,10,150,72,0.053821119735696775
589,2,10,150,72,0.13061191070808464
590,2,10,150,72,0.06139304560474655
591,2,10,150,72,0.0
592,2,10,150,72,0.3426020432928154
593,2,10,150,72,0.04586709436300111
594,2,10,150,72,0.0
595,2,10,150,72,0.0
596,2,10,150,72,0.0
597,2,10,150,72,0.0
598,2,10,150,72,0.0
599,2,10,150,72,0.0
600,2,10,150,72,0.024325165853816375
601,2,10,150,72,0.03369782041898502
602,2,10,150,72,0.0
603,2,10,150,72,0.1435203717549576
604,2,10,150,72,0.0
605,2,10,150,72,0.2645541144793553
606,2,10,150,72,0.23204083039530643
607,2,10,150,72,0.08440880858250024
608,2,10,150,72,0.2120992422792938
609,2,10,150,72,0.0
610,2,10,150,72,0.1629867900167321
611,2,10,150,72,0.08045389590462838
612,2,10,150,72,0.15130120674940672
613,2,10,150,72,0.0
614,2,10,150,72,0.08861505596859857
615,2,10,150,72,0.12047971762374059
616,2,10,150,72,0.0
617,2,10,150,72,0.044257815106106525
618,2,10,150,72,0.18766481803906507
619,2,10,150,72,0.09637551974188778
620,2,10,150,72,0.08396948777462541
621,2,10,150,72,0.06335388063984314
622,2,10,150,72,0.12980296240199146
623,2,10,150,72,0.0
624,2,10,150,72,0.0536466452928127
625,2,10,150,72,0.0
626,2,10,150,72,0.0
627,2,10,150,72,0.0
628,2,10,150,72,0.0
629,2,10,150,72,0.2466228630593721
630,2,10,150,72,0.0
631,2,10,150,72,0.16868725245403154
632,2,10,150,72,0.13439570003165963
633,2,10,150,72,0.07667481399289292
634,2,10,150,72,0.030975021478781034
635,2,10,150,72,0.0
636,2,10,150,72,0.0
637,2,10,150,72,0.0
638,2,10,150,72,0.0
639,2,10,150,72,0.0
640,2,10,150,72,0.07887611601996505
642,2,10,150,72,0.1329152156038286
643,2,10,150,72,0.0
644,2,10,150,72,0.0
645,2,10,150,72,0.09759501249802542
647,2,10,150,72,0.0
648,2,10,150,72,0.18159464350583557
649,2,10,150,72,1.0
650,2,10,150,72,0.0
651,2,10,150,72,0.0
653,2,10,150,72,0.0
654,2,10,150,72,0.058087171966128066
655,2,10,150,72,0.1960260054527925
658,2,10,150,72,0.0
1,2,10,150,73,0.5343723497595074
2,2,10,150,73,0.2268511698743587
3,2,10,150,73,0.03098598178059488
4,2,10,150,73,0.06166887310869151
5,2,10,150,73,0.12620564628865164
6,2,10,150,73,0.17961772474519622
7,2,10,150,73,0.2974464132268264
8,2,10,150,73,0.06653535276206901
9,2,10,150,73,0.0
10,2,10,150,73,0.2043831529067321
11,2,10,150,73,0.10464473261331256
12,2,10,150,73,0.06832640546611278
13,2,10,150,73,0.36823448288401406
14,2,10,150,73,0.12939622934497527
15,2,10,150,73,0.01616702920033762
16,2,10,150,73,0.2662844928132153
17,2,10,150,73,0.10312948447052589
18,2,10,150,73,0.22391863115947294
19,2,10,150,73,0.0
20,2,10,150,73,0.031742154565302834
21,2,10,150,73,0.0
22,2,10,150,73,0.05035691655673683
23,2,10,150,73,0.22807475621810358
24,2,10,150,73,0.10717514219558558
25,2,10,150,73,0.03078223202175778
26,2,10,150,73,0.12994496440026843
27,2,10,150,73,0.0
28,2,10,150,73,0.1358023930187833
29,2,10,150,73,0.0
30,2,10,150,73,0.0
31,2,10,150,73,0.046287481291184845
32,2,10,150,73,0.11781210270929884
33,2,10,150,73,0.0
34,2,10,150,73,0.07239559903187814
35,2,10,150,73,0.0
36,2,10,150,73,0.0
37,2,10,150,73,0.0
38,2,10,150,73,0.10363602216013926
39,2,10,150,73,0.15820890896021753
40,2,10,150,73,0.2212397779175911
41,2,10,150,73,0.0
42,2,10,150,73,0.20130152528989256
43,2,10,150,73,0.09662598732799078
44,2,10,150,73,0.1565413821318793
45,2,10,150,73,0.0
46,2,10,150,73,0.10684080426179023
47,2,10,150,73,0.11437926488327832
48,2,10,150,73,0.14096272947842173
49,2,10,150,73,0.05920283200708927
50,2,10,150,73,0.046726672111120165
51,2,10,150,73,0.07984133538066794
52,2,10,150,73,0.05244652348163508
53,2,10,150,73,0.12810519548676028
54,2,10,150,73,0.07248205500233205
55,2,10,150,73,0.0
56,2,10,150,73,0.22047893971599028
57,2,10,150,73,0.0524456916588361
58,2,10,150,73,0.16366022196121796
59,2,10,150,73,0.32577216464276965
60,2,10,150,73,0.2158570564681132
61,2,10,150,73,0.06416923277158361
62,2,10,150,73,0.18160332589227857
63,2,10,150,73,0.0763437499438357
64,2,10,150,73,0.04583023181159601
65,2,10,150,73,0.18154179097601578
66,2,10,150,73,0.12995427111679475
67,2,10,150,73,0.24630238874073
68,2,10,150,73,0.04358896759704514
69,2,10,150,73,0.17433349252900054
70,2,10,150,73,0.03155184951131585
71,2,10,150,73,0.04416548762473651
72,2,10,150,73,0.28907547922366217
73,2,10,150,73,0.26386730550459286
74,2,10,150,73,0.17342765698823945
75,2,10,150,73,0.16021137204676433
76,2,10,150,73,0.21046795809065558
77,2,10,150,73,0.1240851503174803
78,2,10,150,73,0.0
79,2,10,150,73,0.08508236880273473
80,2,10,150,73,0.1744476820873323
81,2,10,150,73,0.0
82,2,10,150,73,0.03364053685802635
83,2,10,150,73,0.046841820324159865
84,2,10,150,73,0.029136604147144557
85,2,10,150,73,0.19146721352334217
86,2,10,150,73,0.07028063830038406
87,2,10,150,73,0.19384373929491494
88,2,10,150,73,0.06294571929989644
89,2,10,150,73,0.2334685083478665
90,2,10,150,73,0.14797710656653068
91,2,10,150,73,0.07054411138080068
92,2,10,150,73,0.1155836601467022
93,2,10,150,73,0.0
94,2,10,150,73,0.2582882993787916
95,2,10,150,73,0.12362792037507747
96,2,10,150,73,0.2668702981549327
97,2,10,150,73,0.25684587489418775
98,2,10,150,73,0.0
99,2,10,150,73,0.13656436417013992
100,2,10,150,73,0.0
101,2,10,150,73,0.0
102,2,10,150,73,0.05671879843401278
103,2,10,150,73,0.04579340374561851
104,2,10,150,73,0.0
105,2,10,150,73,0.0
106,2,10,150,73,0.0
107,2,10,150,73,0.09995553728965398
108,2,10,150,73,0.04485361187694993
109,2,10,150,73,0.19016172590894406
110,2,10,150,73,0.037578324799282276
111,2,10,150,73,0.09077089626867633
112,2,10,150,73,0.0
113,2,10,150,73,0.178509607681865
114,2,10,150,73,0.02951022367272685
115,2,10,150,73,0.21960539478434868
116,2,10,150,73,0.026497157492079246
117,2,10,150,73,0.053087643823189194
118,2,10,150,73,0.15599061619059726
119,2,10,150,73,0.15212875834435738
120,2,10,150,73,0.361879195385413
121,2,10,150,73,0.115269333086109
122,2,10,150,73,0.1467899073100297
123,2,10,150,73,0.12990556389377814
124,2,10,150,73,0.18903749859471425
125,2,10,150,73,0.1656817885548098
126,2,10,150,73,0.0
127,2,10,150,73,0.12503310750358904
128,2,10,150,73,0.07117364753699024
129,2,10,150,73,0.0
130,2,10,150,73,0.09781181358234424
131,2,10,150,73,0.36227735599025207
132,2,10,150,73,0.12643913909707097
133,2,10,150,73,0.0
134,2,10,150,73,0.0
135,2,10,150,73,0.0
136,2,10,150,73,0.16609048789162614
137,2,10,150,73,0.06049988016540081
138,2,10,150,73,0.10332949630181452
139,2,10,150,73,0.05165643482805862
140,2,10,150,73,0.0
141,2,10,150,73,0.12556328258692692
142,2,10,150,73,0.0
143,2,10,150,73,0.06882065896991112
144,2,10,150,73,0.16664156206392014
145,2,10,150,73,0.11013421886627098
146,2,10,150,73,0.0
147,2,10,150,73,0.06664071636913875
148,2,10,150,73,0.1606863768135813
149,2,10,150,73,0.10486881530019958
150,2,10,150,73,0.0
151,2,10,150,73,0.22152588878525928
152,2,10,150,73,0.05704433276770658
153,2,10,150,73,0.071942683897578
154,2,10,150,73,0.08491065065836505
155,2,10,150,73,0.0
156,2,10,150,73,0.06437746926759551
157,2,10,150,73,0.06857646087959317
158,2,10,150,73,0.17368343162211233
159,2,10,150,73,0.024782300799839303
160,2,10,150,73,0.11705084481334227
161,2,10,150,73,0.0
162,2,10,150,73,0.08299661455725149
163,2,10,150,73,0.0
164,2,10,150,73,0.029649957429587842
165,2,10,150,73,0.0
166,2,10,150,73,0.06175696970122604
167,2,10,150,73,0.040419659112753054
168,2,10,150,73,0.0641665753731138
169,2,10,150,73,0.03870447337439288
170,2,10,150,73,0.0
171,2,10,150,73,0.0
172,2,10,150,73,0.08232325035020067
173,2,10,150,73,0.10950977367488092
174,2,10,150,73,0.2220641719546779
175,2,10,150,73,0.22732566419594713
176,2,10,150,73,0.027651749128023803
177,2,10,150,73,0.3152442026717657
178,2,10,150,73,0.15237694776811184
179,2,10,150,73,0.09299583347145139
180,2,10,150,73,0.11028996034222072
181,2,10,150,73,0.03850010243636689
182,2,10,150,73,0.05005165434923901
183,2,10,150,73,0.0
184,2,10,150,73,0.1459367639681911
185,2,10,150,73,0.0
186,2,10,150,73,0.05478814761334652
187,2,10,150,73,0.16902512893841318
188,2,10,150,73,0.29205722210115026
189,2,10,150,73,0.19661282626562737
190,2,10,150,73,0.025938546612492997
191,2,10,150,73,0.0
192,2,10,150,73,0.0
193,2,10,150,73,0.0
194,2,10,150,73,0.16712550841910592
195,2,10,150,73,0.04606861224913365
196,2,10,150,73,0.04485361187694993
197,2,10,150,73,0.16261436624219067
198,2,10,150,73,0.028186415745733433
199,2,10,150,73,0.2529427027676571
200,2,10,150,73,0.23903021781429204
201,2,10,150,73,0.12709033801056596
202,2,10,150,73,0.27487633291429087
203,2,10,150,73,0.10238606821339166
204,2,10,150,73,0.08325563768773413
205,2,10,150,73,0.1465996756793884
206,2,10,150,73,0.028694189013458257
207,2,10,150,73,0.0650800810952452
208,2,10,150,73,0.05919139647768146
209,2,10,150,73,0.0
210,2,10,150,73,0.18937175954951105
211,2,10,150,73,0.0
212,2,10,150,73,0.11738002835756964
213,2,10,150,73,0.1624219207093304
214,2,10,150,73,0.23669903147168767
215,2,10,150,73,0.11433722369502479
216,2,10,150,73,0.14425650580287722
217,2,10,150,73,0.10298663607405599
218,2,10,150,73,0.1023482199458735
219,2,10,150,73,0.0
220,2,10,150,73,0.0
221,2,10,150,73,0.10144613070733857
222,2,10,150,73,0.08854734015334224
223,2,10,150,73,0.0
224,2,10,150,73,0.029996736818897345
225,2,10,150,73,0.0
226,2,10,150,73,0.10111769293645066
227,2,10,150,73,0.0947812167140767
228,2,10,150,73,0.0
229,2,10,150,73,0.1353749952992483
230,2,10,150,73,0.29885542969810625
231,2,10,150,73,0.3903800499921017
232,2,10,150,73,0.11605494365670165
233,2,10,150,73,0.13212972170856394
234,2,10,150,73,0.1640900364854968
235,2,10,150,73,0.1075070751982482
236,2,10,150,73,0.14277726217629444
237,2,10,150,73,0.27346075713529205
238,2,10,150,73,0.0
239,2,10,150,73,0.07353036567890302
240,2,10,150,73,0.0
241,2,10,150,73,0.0
242,2,10,150,73,0.07673373981757839
243,2,10,150,73,0.2568245236714982
244,2,10,150,73,0.18280294015368334
245,2,10,150,73,0.0
246,2,10,150,73,0.12379877182510346
247,2,10,150,73,0.0
248,2,10,150,73,0.14176813152020928
249,2,10,150,73,0.21580604760725444
250,2,10,150,73,0.08513080051804543
251,2,10,150,73,0.12803494038364374
252,2,10,150,73,0.1904168294848087
253,2,10,150,73,0.18852956389601477
254,2,10,150,73,0.25691352569511505
255,2,10,150,73,0.04662184073981129
256,2,10,150,73,0.2981724287847049
257,2,10,150,73,0.10559687561546657
258,2,10,150,73,0.0
259,2,10,150,73,0.0
260,2,10,150,73,0.0
261,2,10,150,73,0.0
262,2,10,150,73,0.07399877500023122
263,2,10,150,73,0.16565508957374153
264,2,10,150,73,0.07935123938715939
265,2,10,150,73,0.08339602711200374
266,2,10,150,73,0.0
267,2,10,150,73,0.14681575200160665
268,2,10,150,73,0.17668569234105388
269,2,10,150,73,0.08522975889035204
270,2,10,150,73,0.122398451109695
271,2,10,150,73,0.20401896890378474
272,2,10,150,73,0.366296454316556
273,2,10,150,73,0.0
274,2,10,150,73,0.05829918151249392
275,2,10,150,73,0.04105877938688906
276,2,10,150,73,0.20551971038221692
277,2,10,150,73,0.0
278,2,10,150,73,0.04305311721683474
279,2,10,150,73,0.22501604636276765
280,2,10,150,73,0.0841500632404169
281,2,10,150,73,0.05516788910004661
282,2,10,150,73,0.0
283,2,10,150,73,0.06286054135527182
284,2,10,150,73,0.0
285,2,10,150,73,0.15002687789384317
286,2,10,150,73,0.10716987013646836
287,2,10,150,73,0.11853073131207159
288,2,10,150,73,0.13748615058002994
289,2,10,150,73,0.06510475888148554
290,2,10,150,73,0.09449357188080848
291,2,10,150,73,0.17748922691988067
292,2,10,150,73,0.3713936936921286
293,2,10,150,73,0.16503321482117997
294,2,10,150,73,0.05942233668176323
295,2,10,150,73,0.21201342709556317
296,2,10,150,73,0.10863331355232851
297,2,10,150,73,0.10547809104886068
298,2,10,150,73,0.39246538429712124
299,2,10,150,73,0.05389882485565562
300,2,10,150,73,0.0
301,2,10,150,73,0.12514367933866224
302,2,10,150,73,0.0
303,2,10,150,73,0.3641832485073009
304,2,10,150,73,0.09811693595042764
305,2,10,150,73,0.15377587171217844
306,2,10,150,73,0.07286537763060504
307,2,10,150,73,0.17167816797422253
308,2,10,150,73,0.12171962016517886
309,2,10,150,73,0.0
310,2,10,150,73,0.0
311,2,10,150,73,0.25809926650132076
312,2,10,150,73,0.1666072485559496
313,2,10,150,73,0.22676062260704077
314,2,10,150,73,0.12569898539461405
315,2,10,150,73,0.18129588776381328
316,2,10,150,73,0.20030147904071285
317,2,10,150,73,0.0
318,2,10,150,73,0.11809408464566347
319,2,10,150,73,0.0
320,2,10,150,73,0.04539294738377069
321,2,10,150,73,0.12530728980532893
322,2,10,150,73,0.35190394711189377
323,2,10,150,73,0.028361369701356044
324,2,10,150,73,0.06573619640629956
325,2,10,150,73,0.0811231025632827
326,2,10,150,73,0.14774251547484274
327,2,10,150,73,0.06043757818652121
328,2,10,150,73,0.14304127376118922
329,2,10,150,73,0.0
330,2,10,150,73,0.1473695742186882
331,2,10,150,73,0.07806337179400324
332,2,10,150,73,0.18967146462948598
333,2,10,150,73,0.05206745415870339
334,2,10,150,73,0.11960698032790118
335,2,10,150,73,0.0
336,2,10,150,73,0.11501232379588432
337,2,10,150,73,0.10934082156401825
338,2,10,150,73,0.12065326649027912
339,2,10,150,73,0.30086649551234945
340,2,10,150,73,0.17896552649342137
341,2,10,150,73,0.0
342,2,10,150,73,0.2623868288299371
343,2,10,150,73,0.29555205059123285
344,2,10,150,73,0.1523980172868318
345,2,10,150,73,0.10686772084589051
346,2,10,150,73,0.2102586943425689
347,2,10,150,73,0.19318603337387616
348,2,10,150,73,0.0
349,2,10,150,73,0.163169180413793
350,2,10,150,73,0.18939048055890495
351,2,10,150,73,0.1610216634970071
352,2,10,150,73,0.3057524544183157
353,2,10,150,73,0.0
354,2,10,150,73,0.08982081782386522
355,2,10,150,73,0.0
356,2,10,150,73,0.10061931714936387
357,2,10,150,73,0.14019634392566574
358,2,10,150,73,0.0
359,2,10,150,73,0.0
360,2,10,150,73,0.22728151171982378
361,2,10,150,73,0.12786031464335298
362,2,10,150,73,0.04690797720830594
363,2,10,150,73,0.18698401704729148
364,2,10,150,73,0.0
365,2,10,150,73,0.0
366,2,10,150,73,0.09184114803951915
367,2,10,150,73,0.05534563970541805
368,2,10,150,73,0.06788053752288492
369,2,10,150,73,0.21386152848601384
370,2,10,150,73,0.0957000625269241
371,2,10,150,73,0.1366471158428892
372,2,10,150,73,0.11359189468068477
373,2,10,150,73,0.10897521849133732
374,2,10,150,73,0.1607820634143577
375,2,10,150,73,0.1676614286651071
376,2,10,150,73,0.07216815292900357
377,2,10,150,73,0.34749036439127307
378,2,10,150,73,0.048771099859751955
379,2,10,150,73,0.2300230636638564
380,2,10,150,73,0.0590647057138947
381,2,10,150,73,0.13460387583977396
382,2,10,150,73,0.14582500956521116
383,2,10,150,73,0.07384236194308337
384,2,10,150,73,0.0
385,2,10,150,73,0.15060993374485127
386,2,10,150,73,0.0
387,2,10,150,73,0.1675173836983949
388,2,10,150,73,0.03275673003454543
389,2,10,150,73,0.25487836434403593
390,2,10,150,73,0.10466779365752882
391,2,10,150,73,0.18344326580289438
392,2,10,150,73,0.09006573473175804
393,2,10,150,73,0.13036307646854592
394,2,10,150,73,0.23203872840181228
395,2,10,150,73,0.14650904367843634
396,2,10,150,73,0.08006506288147622
397,2,10,150,73,0.21870981369224696
398,2,10,150,73,0.12633080592181342
399,2,10,150,73,0.01989647100401001
400,2,10,150,73,0.0
401,2,10,150,73,0.0
402,2,10,150,73,0.1798991830195577
403,2,10,150,73,0.23561122801255002
404,2,10,150,73,0.0
405,2,10,150,73,0.24081835967567858
406,2,10,150,73,0.23927313872476427
407,2,10,150,73,0.07753122689983136
408,2,10,150,73,0.08490303813485527
409,2,10,150,73,0.1854414927009712
410,2,10,150,73,0.1510508871592243
411,2,10,150,73,0.13359023741301432
412,2,10,150,73,0.041062015509212284
413,2,10,150,73,0.19475935863737628
414,2,10,150,73,0.04690797720830594
415,2,10,150,73,0.15582818336744758
416,2,10,150,73,0.5057759218776656
417,2,10,150,73,0.2551115296544823
418,2,10,150,73,0.05130633033097092
419,2,10,150,73,0.13043508853971056
420,2,10,150,73,0.1979106713561055
421,2,10,150,73,0.3102692669240346
422,2,10,150,73,0.0654076987556055
423,2,10,150,73,0.0
424,2,10,150,73,0.039270700903099615
425,2,10,150,73,0.056621743117297105
426,2,10,150,73,0.03206656709567107
427,2,10,150,73,0.0
428,2,10,150,73,0.09545062073374358
429,2,10,150,73,0.23477701640769807
430,2,10,150,73,0.17441334704295655
431,2,10,150,73,0.0
432,2,10,150,73,0.13181508781832452
433,2,10,150,73,0.10047622221317463
434,2,10,150,73,0.21435951014939544
435,2,10,150,73,0.3030302826607673
436,2,10,150,73,0.08073573433990566
437,2,10,150,73,0.22509614104811632
438,2,10,150,73,0.11342455428465782
439,2,10,150,73,0.0
440,2,10,150,73,0.056388463063434605
441,2,10,150,73,0.1731866333482261
442,2,10,150,73,0.04062732041938225
443,2,10,150,73,0.0
444,2,10,150,73,0.0796221118108625
445,2,10,150,73,0.05411806474101511
446,2,10,150,73,0.13356958453958645
447,2,10,150,73,0.055923854163236565
448,2,10,150,73,0.049326153683410964
449,2,10,150,73,0.12454817859325495
450,2,10,150,73,0.4831537544533821
451,2,10,150,73,0.05163551141839463
452,2,10,150,73,0.2088767700094297
453,2,10,150,73,0.1175424009487046
454,2,10,150,73,0.0
455,2,10,150,73,0.12876557709436548
456,2,10,150,73,0.08095121092117423
457,2,10,150,73,0.46576185622570876
458,2,10,150,73,0.23749937975312313
459,2,10,150,73,0.20154342782727996
460,2,10,150,73,0.07041837375515932
461,2,10,150,73,0.06961399513856609
462,2,10,150,73,0.18564976427020158
463,2,10,150,73,0.21881515471619958
464,2,10,150,73,0.06726768733602535
465,2,10,150,73,0.10783006935442738
466,2,10,150,73,0.12816210679182038
467,2,10,150,73,0.09300532025926726
468,2,10,150,73,0.2397162903073084
469,2,10,150,73,0.05651614765972419
470,2,10,150,73,0.04760723841253984
471,2,10,150,73,0.0
472,2,10,150,73,0.23857517333187905
473,2,10,150,73,0.2622744659873325
474,2,10,150,73,0.3731050728358313
475,2,10,150,73,0.07311683844390994
476,2,10,150,73,0.021791008948563714
477,2,10,150,73,0.07075576072108061
478,2,10,150,73,0.13180376528048332
479,2,10,150,73,0.21316916961740945
480,2,10,150,73,0.15920120556239784
481,2,10,150,73,0.06715675905584885
482,2,10,150,73,0.04290887548434951
483,2,10,150,73,0.0273055648695642
484,2,10,150,73,0.20193976177882433
485,2,10,150,73,0.036556008482007775
486,2,10,150,73,0.02801058107494064
487,2,10,150,73,0.30554771290217386
488,2,10,150,73,0.0
489,2,10,150,73,0.026867523156213612
490,2,10,150,73,0.11630686983226163
491,2,10,150,73,0.03859643636257609
492,2,10,150,73,0.1338895448360617
493,2,10,150,73,0.22708658560204953
494,2,10,150,73,0.10841985052222541
495,2,10,150,73,0.18061872515456806
496,2,10,150,73,0.023205371908120297
497,2,10,150,73,0.1403781871560189
498,2,10,150,73,0.07358364093338247
499,2,10,150,73,0.09250894728958106
500,2,10,150,73,0.14482157492019848
501,2,10,150,73,0.02184231145035861
502,2,10,150,73,0.06689893193796337
503,2,10,150,73,0.17774050498076585
504,2,10,150,73,0.1267079775422826
505,2,10,150,73,0.05688647497208646
506,2,10,150,73,0.12444165263892991
507,2,10,150,73,0.02186947737677948
508,2,10,150,73,0.20345924618307185
509,2,10,150,73,0.031611854308622345
510,2,10,150,73,0.0
511,2,10,150,73,0.0
512,2,10,150,73,0.08364069030518707
513,2,10,150,73,0.11506360809154491
514,2,10,150,73,0.16578726587197626
515,2,10,150,73,0.034743705427429224
516,2,10,150,73,0.1340330647732781
517,2,10,150,73,0.07931777113368761
518,2,10,150,73,0.14341019153063672
519,2,10,150,73,0.10560636946921488
520,2,10,150,73,0.0
521,2,10,150,73,0.0
522,2,10,150,73,0.0559167101555819
523,2,10,150,73,0.21950613822622128
524,2,10,150,73,0.11857677903984866
525,2,10,150,73,0.0
526,2,10,150,73,0.02505758835695044
527,2,10,150,73,0.35360031514866236
528,2,10,150,73,0.2269962474823218
529,2,10,150,73,0.0
530,2,10,150,73,0.05554513395194445
531,2,10,150,73,0.0
532,2,10,150,73,0.10798268841935439
533,2,10,150,73,0.030821719214918133
534,2,10,150,73,0.024909303741335254
535,2,10,150,73,0.20908368186535095
536,2,10,150,73,0.16340884055250954
537,2,10,150,73,0.4495996324382573
538,2,10,150,73,0.032394594743117074
539,2,10,150,73,0.09953437200841515
540,2,10,150,73,0.0
541,2,10,150,73,0.06833564325125971
542,2,10,150,73,0.07797598981103891
543,2,10,150,73,0.049450905794207176
544,2,10,150,73,0.0
545,2,10,150,73,0.060216826583478454
546,2,10,150,73,0.03314153504336938
547,2,10,150,73,0.04855455745827926
548,2,10,150,73,0.03883106019841818
549,2,10,150,73,0.0
550,2,10,150,73,0.09688698360286704
551,2,10,150,73,0.22362604965096688
552,2,10,150,73,0.048059443651065493
553,2,10,150,73,0.1494215149076395
554,2,10,150,73,0.08856716582657766
555,2,10,150,73,0.09809088686968297
556,2,10,150,73,0.16258997327839542
557,2,10,150,73,0.04470486007704452
558,2,10,150,73,0.265053101293003
559,2,10,150,73,0.1306794248970741
560,2,10,150,73,0.046716390531725466
561,2,10,150,73,0.128559403724
562,2,10,150,73,0.07720150835011791
563,2,10,150,73,0.0
564,2,10,150,73,0.0
565,2,10,150,73,0.28663011782160785
566,2,10,150,73,0.049763902181020156
567,2,10,150,73,0.09272963807674517
568,2,10,150,73,0.0
569,2,10,150,73,0.17563954439010937
570,2,10,150,73,0.0
571,2,10,150,73,0.16104477175644444
572,2,10,150,73,0.0
573,2,10,150,73,0.03246641181906899
574,2,10,150,73,0.05058854055353143
575,2,10,150,73,0.05154847002173459
576,2,10,150,73,0.0
577,2,10,150,73,0.0784247757209491
578,2,10,150,73,0.0
579,2,10,150,73,0.08297540479108526
580,2,10,150,73,0.18080124080515705
581,2,10,150,73,0.0
582,2,10,150,73,0.0437514209980628
583,2,10,150,73,0.08356526807460651
584,2,10,150,73,0.0
585,2,10,150,73,0.08668163308546498
586,2,10,150,73,0.10132509239867551
587,2,10,150,73,0.03459392809572638
588,2,10,150,73,0.053821119735696775
589,2,10,150,73,0.13061191070808464
590,2,10,150,73,0.06139304560474655
591,2,10,150,73,0.0
592,2,10,150,73,0.3393087236305622
593,2,10,150,73,0.04586709436300111
594,2,10,150,73,0.0
595,2,10,150,73,0.0
596,2,10,150,73,0.0
597,2,10,150,73,0.0
598,2,10,150,73,0.0
599,2,10,150,73,0.0
600,2,10,150,73,0.024325165853816375
601,2,10,150,73,0.03369782041898502
602,2,10,150,73,0.0
603,2,10,150,73,0.1435203717549576
604,2,10,150,73,0.0
605,2,10,150,73,0.2645541144793553
606,2,10,150,73,0.23204083039530643
607,2,10,150,73,0.08440880858250024
608,2,10,150,73,0.2120992422792938
609,2,10,150,73,0.0
610,2,10,150,73,0.1629867900167321
611,2,10,150,73,0.08045389590462838
612,2,10,150,73,0.15130120674940672
613,2,10,150,73,0.0
614,2,10,150,73,0.08861505596859857
615,2,10,150,73,0.1479554402409639
616,2,10,150,73,0.0
617,2,10,150,73,0.044257815106106525
618,2,10,150,73,0.18766481803906507
619,2,10,150,73,0.09637551974188778
620,2,10,150,73,0.08396948777462541
621,2,10,150,73,0.06335388063984314
622,2,10,150,73,0.12980296240199146
623,2,10,150,73,0.0
624,2,10,150,73,0.0536466452928127
625,2,10,150,73,0.0
626,2,10,150,73,0.0
627,2,10,150,73,0.0
628,2,10,150,73,0.0
629,2,10,150,73,0.2466228630593721
630,2,10,150,73,0.0
631,2,10,150,73,0.16868725245403154
632,2,10,150,73,0.13439570003165963
633,2,10,150,73,0.07667481399289292
634,2,10,150,73,0.030975021478781034
635,2,10,150,73,0.0
636,2,10,150,73,0.0
637,2,10,150,73,0.0
638,2,10,150,73,0.0
639,2,10,150,73,0.0
640,2,10,150,73,0.07887611601996505
642,2,10,150,73,0.1329152156038286
643,2,10,150,73,0.0
644,2,10,150,73,0.0
645,2,10,150,73,0.09759501249802542
647,2,10,150,73,0.0
648,2,10,150,73,0.18159464350583557
649,2,10,150,73,1.0
650,2,10,150,73,0.0
651,2,10,150,73,0.0
653,2,10,150,73,0.0
654,2,10,150,73,0.058087171966128066
655,2,10,150,73,0.1960260054527925
658,2,10,150,73,0.0
1,2,10,150,74,0.5343723497595074
2,2,10,150,74,0.2268511698743587
3,2,10,150,74,0.03098598178059488
4,2,10,150,74,0.06166887310869151
5,2,10,150,74,0.12620564628865164
6,2,10,150,74,0.17961772474519622
7,2,10,150,74,0.2946231041818497
8,2,10,150,74,0.06653535276206901
9,2,10,150,74,0.0
10,2,10,150,74,0.2043831529067321
11,2,10,150,74,0.10464473261331256
12,2,10,150,74,0.06832640546611278
13,2,10,150,74,0.36473926593074746
14,2,10,150,74,0.12939622934497527
15,2,10,150,74,0.01616702920033762
16,2,10,150,74,0.2662844928132153
17,2,10,150,74,0.10312948447052589
18,2,10,150,74,0.22391863115947294
19,2,10,150,74,0.0
20,2,10,150,74,0.031742154565302834
21,2,10,150,74,0.0
22,2,10,150,74,0.05035691655673683
23,2,10,150,74,0.22807475621810358
24,2,10,150,74,0.10717514219558558
25,2,10,150,74,0.03078223202175778
26,2,10,150,74,0.12994496440026843
27,2,10,150,74,0.0
28,2,10,150,74,0.1358023930187833
29,2,10,150,74,0.0
30,2,10,150,74,0.0
31,2,10,150,74,0.046287481291184845
32,2,10,150,74,0.14779014095437779
33,2,10,150,74,0.0
34,2,10,150,74,0.07239559903187814
35,2,10,150,74,0.0
36,2,10,150,74,0.0
37,2,10,150,74,0.0
38,2,10,150,74,0.10363602216013926
39,2,10,150,74,0.15820890896021753
40,2,10,150,74,0.2212397779175911
41,2,10,150,74,0.0
42,2,10,150,74,0.20130152528989256
43,2,10,150,74,0.09662598732799078
44,2,10,150,74,0.1565413821318793
45,2,10,150,74,0.0
46,2,10,150,74,0.10684080426179023
47,2,10,150,74,0.11437926488327832
48,2,10,150,74,0.14096272947842173
49,2,10,150,74,0.05920283200708927
50,2,10,150,74,0.046726672111120165
51,2,10,150,74,0.07984133538066794
52,2,10,150,74,0.05244652348163508
53,2,10,150,74,0.12810519548676028
54,2,10,150,74,0.07248205500233205
55,2,10,150,74,0.0
56,2,10,150,74,0.22047893971599028
57,2,10,150,74,0.0524456916588361
58,2,10,150,74,0.16366022196121796
59,2,10,150,74,0.32267999254676194
60,2,10,150,74,0.2158570564681132
61,2,10,150,74,0.06416923277158361
62,2,10,150,74,0.18160332589227857
63,2,10,150,74,0.0763437499438357
64,2,10,150,74,0.04583023181159601
65,2,10,150,74,0.18154179097601578
66,2,10,150,74,0.12995427111679475
67,2,10,150,74,0.24630238874073
68,2,10,150,74,0.04358896759704514
69,2,10,150,74,0.17433349252900054
70,2,10,150,74,0.03155184951131585
71,2,10,150,74,0.08190066039082215
72,2,10,150,74,0.28907547922366217
73,2,10,150,74,0.26386730550459286
74,2,10,150,74,0.17342765698823945
75,2,10,150,74,0.16021137204676433
76,2,10,150,74,0.23191508057904175
77,2,10,150,74,0.1240851503174803
78,2,10,150,74,0.0
79,2,10,150,74,0.11837298765331451
80,2,10,150,74,0.1744476820873323
81,2,10,150,74,0.0
82,2,10,150,74,0.03364053685802635
83,2,10,150,74,0.046841820324159865
84,2,10,150,74,0.029136604147144557
85,2,10,150,74,0.18964984040428995
86,2,10,150,74,0.07028063830038406
87,2,10,150,74,0.19384373929491494
88,2,10,150,74,0.06294571929989644
89,2,10,150,74,0.2334685083478665
90,2,10,150,74,0.1560643580329772
91,2,10,150,74,0.07054411138080068
92,2,10,150,74,0.11448656037130553
93,2,10,150,74,0.0
94,2,10,150,74,0.2558366722640558
95,2,10,150,74,0.12245446589626874
96,2,10,150,74,0.2668702981549327
97,2,10,150,74,0.25684587489418775
98,2,10,150,74,0.0
99,2,10,150,74,0.13656436417013992
100,2,10,150,74,0.0
101,2,10,150,74,0.0
102,2,10,150,74,0.05671879843401278
103,2,10,150,74,0.04579340374561851
104,2,10,150,74,0.0
105,2,10,150,74,0.0
106,2,10,150,74,0.0
107,2,10,150,74,0.09995553728965398
108,2,10,150,74,0.04485361187694993
109,2,10,150,74,0.19016172590894406
110,2,10,150,74,0.037578324799282276
111,2,10,150,74,0.09077089626867633
112,2,10,150,74,0.0
113,2,10,150,74,0.178509607681865
114,2,10,150,74,0.02951022367272685
115,2,10,150,74,0.21960539478434868
116,2,10,150,74,0.026497157492079246
117,2,10,150,74,0.053087643823189194
118,2,10,150,74,0.15599061619059726
119,2,10,150,74,0.15212875834435738
120,2,10,150,74,0.361879195385413
121,2,10,150,74,0.115269333086109
122,2,10,150,74,0.1467899073100297
123,2,10,150,74,0.12990556389377814
124,2,10,150,74,0.18903749859471425
125,2,10,150,74,0.1656817885548098
126,2,10,150,74,0.0
127,2,10,150,74,0.12503310750358904
128,2,10,150,74,0.07117364753699024
129,2,10,150,74,0.0
130,2,10,150,74,0.09688340104915286
131,2,10,150,74,0.36227735599025207
132,2,10,150,74,0.12643913909707097
133,2,10,150,74,0.0
134,2,10,150,74,0.0
135,2,10,150,74,0.0
136,2,10,150,74,0.16609048789162614
137,2,10,150,74,0.06049988016540081
138,2,10,150,74,0.12962234330772782
139,2,10,150,74,0.05165643482805862
140,2,10,150,74,0.0
141,2,10,150,74,0.12556328258692692
142,2,10,150,74,0.0
143,2,10,150,74,0.06882065896991112
144,2,10,150,74,0.16664156206392014
145,2,10,150,74,0.10908884422916124
146,2,10,150,74,0.0
147,2,10,150,74,0.06664071636913875
148,2,10,150,74,0.1606863768135813
149,2,10,150,74,0.10486881530019958
150,2,10,150,74,0.0
151,2,10,150,74,0.21942320400678464
152,2,10,150,74,0.05704433276770658
153,2,10,150,74,0.071942683897578
154,2,10,150,74,0.08491065065836505
155,2,10,150,74,0.0
156,2,10,150,74,0.06437746926759551
157,2,10,150,74,0.06857646087959317
158,2,10,150,74,0.17368343162211233
159,2,10,150,74,0.024782300799839303
160,2,10,150,74,0.11705084481334227
161,2,10,150,74,0.0
162,2,10,150,74,0.08299661455725149
163,2,10,150,74,0.0
164,2,10,150,74,0.029649957429587842
165,2,10,150,74,0.0
166,2,10,150,74,0.06175696970122604
167,2,10,150,74,0.040419659112753054
168,2,10,150,74,0.0641665753731138
169,2,10,150,74,0.03870447337439288
170,2,10,150,74,0.0
171,2,10,150,74,0.0
172,2,10,150,74,0.08232325035020067
173,2,10,150,74,0.1448442050067646
174,2,10,150,74,0.2220641719546779
175,2,10,150,74,0.22732566419594713
176,2,10,150,74,0.027651749128023803
177,2,10,150,74,0.3152442026717657
178,2,10,150,74,0.1509306125771355
179,2,10,150,74,0.09299583347145139
180,2,10,150,74,0.11028996034222072
181,2,10,150,74,0.047626490373226776
182,2,10,150,74,0.05005165434923901
183,2,10,150,74,0.0
184,2,10,150,74,0.1459367639681911
185,2,10,150,74,0.0
186,2,10,150,74,0.05478814761334652
187,2,10,150,74,0.16902512893841318
188,2,10,150,74,0.29205722210115026
189,2,10,150,74,0.19661282626562737
190,2,10,150,74,0.025938546612492997
191,2,10,150,74,0.0
192,2,10,150,74,0.0
193,2,10,150,74,0.0
194,2,10,150,74,0.16553918248413432
195,2,10,150,74,0.04606861224913365
196,2,10,150,74,0.04485361187694993
197,2,10,150,74,0.16261436624219067
198,2,10,150,74,0.028186415745733433
199,2,10,150,74,0.2529427027676571
200,2,10,150,74,0.23903021781429204
201,2,10,150,74,0.1258840188724671
202,2,10,150,74,0.27487633291429087
203,2,10,150,74,0.10238606821339166
204,2,10,150,74,0.08325563768773413
205,2,10,150,74,0.1465996756793884
206,2,10,150,74,0.028694189013458257
207,2,10,150,74,0.0650800810952452
208,2,10,150,74,0.05919139647768146
209,2,10,150,74,0.0
210,2,10,150,74,0.18937175954951105
211,2,10,150,74,0.0
212,2,10,150,74,0.11738002835756964
213,2,10,150,74,0.1624219207093304
214,2,10,150,74,0.25168008015410515
215,2,10,150,74,0.11433722369502479
216,2,10,150,74,0.14425650580287722
217,2,10,150,74,0.10298663607405599
218,2,10,150,74,0.1023482199458735
219,2,10,150,74,0.0
220,2,10,150,74,0.0
221,2,10,150,74,0.10144613070733857
222,2,10,150,74,0.08770686437267476
223,2,10,150,74,0.0
224,2,10,150,74,0.029996736818897345
225,2,10,150,74,0.0
226,2,10,150,74,0.10111769293645066
227,2,10,150,74,0.0947812167140767
228,2,10,150,74,0.0
229,2,10,150,74,0.1353749952992483
230,2,10,150,74,0.29885542969810625
231,2,10,150,74,0.3903800499921017
232,2,10,150,74,0.11605494365670165
233,2,10,150,74,0.13212972170856394
234,2,10,150,74,0.1720243468547965
235,2,10,150,74,0.1075070751982482
236,2,10,150,74,0.14277726217629444
237,2,10,150,74,0.27346075713529205
238,2,10,150,74,0.0
239,2,10,150,74,0.08906178973229836
240,2,10,150,74,0.0
241,2,10,150,74,0.0
242,2,10,150,74,0.07673373981757839
243,2,10,150,74,0.2568245236714982
244,2,10,150,74,0.18280294015368334
245,2,10,150,74,0.0
246,2,10,150,74,0.12379877182510346
247,2,10,150,74,0.0
248,2,10,150,74,0.14176813152020928
249,2,10,150,74,0.21580604760725444
250,2,10,150,74,0.08513080051804543
251,2,10,150,74,0.12803494038364374
252,2,10,150,74,0.1904168294848087
253,2,10,150,74,0.18852956389601477
254,2,10,150,74,0.25691352569511505
255,2,10,150,74,0.04662184073981129
256,2,10,150,74,0.2981724287847049
257,2,10,150,74,0.10559687561546657
258,2,10,150,74,0.0
259,2,10,150,74,0.0
260,2,10,150,74,0.0
261,2,10,150,74,0.0
262,2,10,150,74,0.07399877500023122
263,2,10,150,74,0.16565508957374153
264,2,10,150,74,0.07935123938715939
265,2,10,150,74,0.08339602711200374
266,2,10,150,74,0.0
267,2,10,150,74,0.14681575200160665
268,2,10,150,74,0.17500862282156346
269,2,10,150,74,0.08442077300759805
270,2,10,150,74,0.122398451109695
271,2,10,150,74,0.20401896890378474
272,2,10,150,74,0.366296454316556
273,2,10,150,74,0.06267320809766952
274,2,10,150,74,0.05829918151249392
275,2,10,150,74,0.04105877938688906
276,2,10,150,74,0.20356895343427345
277,2,10,150,74,0.0
278,2,10,150,74,0.04305311721683474
279,2,10,150,74,0.22288023362235165
280,2,10,150,74,0.0841500632404169
281,2,10,150,74,0.05516788910004661
282,2,10,150,74,0.0
283,2,10,150,74,0.06286054135527182
284,2,10,150,74,0.0
285,2,10,150,74,0.15002687789384317
286,2,10,150,74,0.10716987013646836
287,2,10,150,74,0.11853073131207159
288,2,10,150,74,0.13748615058002994
289,2,10,150,74,0.06510475888148554
290,2,10,150,74,0.09449357188080848
291,2,10,150,74,0.17748922691988067
292,2,10,150,74,0.3713936936921286
293,2,10,150,74,0.163466748569086
294,2,10,150,74,0.05942233668176323
295,2,10,150,74,0.21201342709556317
296,2,10,150,74,0.10863331355232851
297,2,10,150,74,0.10547809104886068
298,2,10,150,74,0.4089206723940318
299,2,10,150,74,0.05389882485565562
300,2,10,150,74,0.0
301,2,10,150,74,0.12514367933866224
302,2,10,150,74,0.0
303,2,10,150,74,0.3607264851582819
304,2,10,150,74,0.09811693595042764
305,2,10,150,74,0.15377587171217844
306,2,10,150,74,0.07286537763060504
307,2,10,150,74,0.17167816797422253
308,2,10,150,74,0.12056427893636594
309,2,10,150,74,0.0
310,2,10,150,74,0.0
311,2,10,150,74,0.25564943365341436
312,2,10,150,74,0.1666072485559496
313,2,10,150,74,0.22676062260704077
314,2,10,150,74,0.12569898539461405
315,2,10,150,74,0.18129588776381328
316,2,10,150,74,0.20030147904071285
317,2,10,150,74,0.0
318,2,10,150,74,0.13166957165834908
319,2,10,150,74,0.0
320,2,10,150,74,0.04539294738377069
321,2,10,150,74,0.12530728980532893
322,2,10,150,74,0.35190394711189377
323,2,10,150,74,0.028361369701356044
324,2,10,150,74,0.06573619640629956
325,2,10,150,74,0.0811231025632827
326,2,10,150,74,0.14774251547484274
327,2,10,150,74,0.06935573946151802
328,2,10,150,74,0.14304127376118922
329,2,10,150,74,0.0
330,2,10,150,74,0.1473695742186882
331,2,10,150,74,0.07806337179400324
332,2,10,150,74,0.18967146462948598
333,2,10,150,74,0.05206745415870339
334,2,10,150,74,0.1184716919048917
335,2,10,150,74,0.0
336,2,10,150,74,0.11501232379588432
337,2,10,150,74,0.10934082156401825
338,2,10,150,74,0.12065326649027912
339,2,10,150,74,0.29801072364777936
340,2,10,150,74,0.17896552649342137
341,2,10,150,74,0.0
342,2,10,150,74,0.2623868288299371
343,2,10,150,74,0.305322980061864
344,2,10,150,74,0.1523980172868318
345,2,10,150,74,0.10686772084589051
346,2,10,150,74,0.2102586943425689
347,2,10,150,74,0.19318603337387616
348,2,10,150,74,0.0
349,2,10,150,74,0.163169180413793
350,2,10,150,74,0.18939048055890495
351,2,10,150,74,0.1610216634970071
352,2,10,150,74,0.3057524544183157
353,2,10,150,74,0.0
354,2,10,150,74,0.08982081782386522
355,2,10,150,74,0.0
356,2,10,150,74,0.10061931714936387
357,2,10,150,74,0.14019634392566574
358,2,10,150,74,0.0
359,2,10,150,74,0.0
360,2,10,150,74,0.22728151171982378
361,2,10,150,74,0.12786031464335298
362,2,10,150,74,0.04690797720830594
363,2,10,150,74,0.1947010217792684
364,2,10,150,74,0.0
365,2,10,150,74,0.0
366,2,10,150,74,0.09184114803951915
367,2,10,150,74,0.05534563970541805
368,2,10,150,74,0.06788053752288492
369,2,10,150,74,0.21386152848601384
370,2,10,150,74,0.0957000625269241
371,2,10,150,74,0.1366471158428892
372,2,10,150,74,0.11359189468068477
373,2,10,150,74,0.1079408448819629
374,2,10,150,74,0.15925594834380344
375,2,10,150,74,0.1676614286651071
376,2,10,150,74,0.07216815292900357
377,2,10,150,74,0.34749036439127307
378,2,10,150,74,0.04830817315684196
379,2,10,150,74,0.2300230636638564
380,2,10,150,74,0.0590647057138947
381,2,10,150,74,0.13460387583977396
382,2,10,150,74,0.14582500956521116
383,2,10,150,74,0.09528948443146955
384,2,10,150,74,0.0
385,2,10,150,74,0.14918037074023396
386,2,10,150,74,0.0
387,2,10,150,74,0.17541916229068819
388,2,10,150,74,0.03275673003454543
389,2,10,150,74,0.25245910373297376
390,2,10,150,74,0.10466779365752882
391,2,10,150,74,0.18344326580289438
392,2,10,150,74,0.09006573473175804
393,2,10,150,74,0.12912569307255262
394,2,10,150,74,0.23203872840181228
395,2,10,150,74,0.17280189068434965
396,2,10,150,74,0.08006506288147622
397,2,10,150,74,0.21870981369224696
398,2,10,150,74,0.12633080592181342
399,2,10,150,74,0.029199441338763305
400,2,10,150,74,0.0
401,2,10,150,74,0.0
402,2,10,150,74,0.1798991830195577
403,2,10,150,74,0.23561122801255002
404,2,10,150,74,0.0
405,2,10,150,74,0.24802437829481508
406,2,10,150,74,0.23700200017092185
407,2,10,150,74,0.076795314128856
408,2,10,150,74,0.08490303813485527
409,2,10,150,74,0.1854414927009712
410,2,10,150,74,0.1510508871592243
411,2,10,150,74,0.13359023741301432
412,2,10,150,74,0.041062015509212284
413,2,10,150,74,0.19475935863737628
414,2,10,150,74,0.04690797720830594
415,2,10,150,74,0.15582818336744758
416,2,10,150,74,0.510467009912215
417,2,10,150,74,0.25269005587929816
418,2,10,150,74,0.05130633033097092
419,2,10,150,74,0.13043508853971056
420,2,10,150,74,0.1979106713561055
421,2,10,150,74,0.3102692669240346
422,2,10,150,74,0.0654076987556055
423,2,10,150,74,0.0
424,2,10,150,74,0.039270700903099615
425,2,10,150,74,0.05608429948921238
426,2,10,150,74,0.03206656709567107
427,2,10,150,74,0.0
428,2,10,150,74,0.09545062073374358
429,2,10,150,74,0.23254855425619445
430,2,10,150,74,0.17441334704295655
431,2,10,150,74,0.0
432,2,10,150,74,0.13181508781832452
433,2,10,150,74,0.10047622221317463
434,2,10,150,74,0.21435951014939544
435,2,10,150,74,0.3001539725091113
436,2,10,150,74,0.08073573433990566
437,2,10,150,74,0.22295956806303255
438,2,10,150,74,0.11342455428465782
439,2,10,150,74,0.0
440,2,10,150,74,0.056388463063434605
441,2,10,150,74,0.1731866333482261
442,2,10,150,74,0.04062732041938225
443,2,10,150,74,0.0
444,2,10,150,74,0.0796221118108625
445,2,10,150,74,0.06656553044254701
446,2,10,150,74,0.15440950258541247
447,2,10,150,74,0.055923854163236565
448,2,10,150,74,0.049326153683410964
449,2,10,150,74,0.1400796026466503
450,2,10,150,74,0.4785677439842545
451,2,10,150,74,0.05163551141839463
452,2,10,150,74,0.20689414844188223
453,2,10,150,74,0.1175424009487046
454,2,10,150,74,0.0
455,2,10,150,74,0.1370351810199934
456,2,10,150,74,0.08018283626331181
457,2,10,150,74,0.46134092659599296
458,2,10,150,74,0.23524507740750364
459,2,10,150,74,0.20154342782727996
460,2,10,150,74,0.07041837375515932
461,2,10,150,74,0.06961399513856609
462,2,10,150,74,0.18564976427020158
463,2,10,150,74,0.21881515471619958
464,2,10,150,74,0.06726768733602535
465,2,10,150,74,0.10783006935442738
466,2,10,150,74,0.12816210679182038
467,2,10,150,74,0.09300532025926726
468,2,10,150,74,0.2397162903073084
469,2,10,150,74,0.05651614765972419
470,2,10,150,74,0.04760723841253984
471,2,10,150,74,0.0
472,2,10,150,74,0.23631065974280066
473,2,10,150,74,0.2622744659873325
474,2,10,150,74,0.3695636250992913
475,2,10,150,74,0.07311683844390994
476,2,10,150,74,0.021791008948563714
477,2,10,150,74,0.07075576072108061
478,2,10,150,74,0.13180376528048332
479,2,10,150,74,0.21114580534765087
480,2,10,150,74,0.15920120556239784
481,2,10,150,74,0.08549221385843568
482,2,10,150,74,0.04290887548434951
483,2,10,150,74,0.0273055648695642
484,2,10,150,74,0.20193976177882433
485,2,10,150,74,0.036556008482007775
486,2,10,150,74,0.02801058107494064
487,2,10,150,74,0.30264750774538546
488,2,10,150,74,0.0
489,2,10,150,74,0.026867523156213612
490,2,10,150,74,0.11630686983226163
491,2,10,150,74,0.03859643636257609
492,2,10,150,74,0.1338895448360617
493,2,10,150,74,0.22708658560204953
494,2,10,150,74,0.10841985052222541
495,2,10,150,74,0.18839614811778094
496,2,10,150,74,0.023205371908120297
497,2,10,150,74,0.14853756622915262
498,2,10,150,74,0.07358364093338247
499,2,10,150,74,0.10804037134297641
500,2,10,150,74,0.14344695399959534
501,2,10,150,74,0.02184231145035861
502,2,10,150,74,0.06689893193796337
503,2,10,150,74,0.17774050498076585
504,2,10,150,74,0.12550528770250624
505,2,10,150,74,0.05688647497208646
506,2,10,150,74,0.12326047435657686
507,2,10,150,74,0.02186947737677948
508,2,10,150,74,0.20345924618307185
509,2,10,150,74,0.031611854308622345
510,2,10,150,74,0.0
511,2,10,150,74,0.0
512,2,10,150,74,0.08364069030518707
513,2,10,150,74,0.11506360809154491
514,2,10,150,74,0.16578726587197626
515,2,10,150,74,0.034743705427429224
516,2,10,150,74,0.1340330647732781
517,2,10,150,74,0.07931777113368761
518,2,10,150,74,0.14341019153063672
519,2,10,150,74,0.10560636946921488
520,2,10,150,74,0.0
521,2,10,150,74,0.0
522,2,10,150,74,0.0559167101555819
523,2,10,150,74,0.21950613822622128
524,2,10,150,74,0.11745126910629262
525,2,10,150,74,0.0
526,2,10,150,74,0.02505758835695044
527,2,10,150,74,0.35360031514866236
528,2,10,150,74,0.2269962474823218
529,2,10,150,74,0.0
530,2,10,150,74,0.05554513395194445
531,2,10,150,74,0.0
532,2,10,150,74,0.10695773573087541
533,2,10,150,74,0.030529164876483897
534,2,10,150,74,0.024909303741335254
535,2,10,150,74,0.20709909632685491
536,2,10,150,74,0.16340884055250954
537,2,10,150,74,0.4548239359329192
538,2,10,150,74,0.032394594743117074
539,2,10,150,74,0.09953437200841515
540,2,10,150,74,0.0
541,2,10,150,74,0.06833564325125971
542,2,10,150,74,0.07797598981103891
543,2,10,150,74,0.049450905794207176
544,2,10,150,74,0.0
545,2,10,150,74,0.060216826583478454
546,2,10,150,74,0.03314153504336938
547,2,10,150,74,0.04855455745827926
548,2,10,150,74,0.03883106019841818
549,2,10,150,74,0.0
550,2,10,150,74,0.09688698360286704
551,2,10,150,74,0.2215034305148924
552,2,10,150,74,0.048059443651065493
553,2,10,150,74,0.16524682367994753
554,2,10,150,74,0.08856716582657766
555,2,10,150,74,0.09809088686968297
556,2,10,150,74,0.16258997327839542
557,2,10,150,74,0.04470486007704452
558,2,10,150,74,0.265053101293003
559,2,10,150,74,0.1306794248970741
560,2,10,150,74,0.046716390531725466
561,2,10,150,74,0.12733914047250133
562,2,10,150,74,0.07720150835011791
563,2,10,150,74,0.0
564,2,10,150,74,0.0
565,2,10,150,74,0.28663011782160785
566,2,10,150,74,0.049763902181020156
567,2,10,150,74,0.09272963807674517
568,2,10,150,74,0.0
569,2,10,150,74,0.17563954439010937
570,2,10,150,74,0.0
571,2,10,150,74,0.16104477175644444
572,2,10,150,74,0.0
573,2,10,150,74,0.03246641181906899
574,2,10,150,74,0.05058854055353143
575,2,10,150,74,0.05154847002173459
576,2,10,150,74,0.0
577,2,10,150,74,0.0784247757209491
578,2,10,150,74,0.0
579,2,10,150,74,0.08297540479108526
580,2,10,150,74,0.18080124080515705
581,2,10,150,74,0.0
582,2,10,150,74,0.0437514209980628
583,2,10,150,74,0.08356526807460651
584,2,10,150,74,0.0
585,2,10,150,74,0.08668163308546498
586,2,10,150,74,0.10132509239867551
587,2,10,150,74,0.03459392809572638
588,2,10,150,74,0.053821119735696775
589,2,10,150,74,0.13061191070808464
590,2,10,150,74,0.06139304560474655
591,2,10,150,74,0.0
592,2,10,150,74,0.3360880648972019
593,2,10,150,74,0.04586709436300111
594,2,10,150,74,0.0
595,2,10,150,74,0.0
596,2,10,150,74,0.0
597,2,10,150,74,0.0
598,2,10,150,74,0.0
599,2,10,150,74,0.0
600,2,10,150,74,0.024325165853816375
601,2,10,150,74,0.03369782041898502
602,2,10,150,74,0.0
603,2,10,150,74,0.1435203717549576
604,2,10,150,74,0.0
605,2,10,150,74,0.2645541144793553
606,2,10,150,74,0.23204083039530643
607,2,10,150,74,0.08440880858250024
608,2,10,150,74,0.2120992422792938
609,2,10,150,74,0.0
610,2,10,150,74,0.1629867900167321
611,2,10,150,74,0.08045389590462838
612,2,10,150,74,0.15130120674940672
613,2,10,150,74,0.0
614,2,10,150,74,0.08861505596859857
615,2,10,150,74,0.1479554402409639
616,2,10,150,74,0.0
617,2,10,150,74,0.044257815106106525
618,2,10,150,74,0.18766481803906507
619,2,10,150,74,0.09637551974188778
620,2,10,150,74,0.08396948777462541
621,2,10,150,74,0.06335388063984314
622,2,10,150,74,0.12980296240199146
623,2,10,150,74,0.0
624,2,10,150,74,0.0536466452928127
625,2,10,150,74,0.0
626,2,10,150,74,0.0
627,2,10,150,74,0.0
628,2,10,150,74,0.0
629,2,10,150,74,0.2466228630593721
630,2,10,150,74,0.0
631,2,10,150,74,0.16868725245403154
632,2,10,150,74,0.13439570003165963
633,2,10,150,74,0.07667481399289292
634,2,10,150,74,0.030975021478781034
635,2,10,150,74,0.0
636,2,10,150,74,0.0
637,2,10,150,74,0.0
638,2,10,150,74,0.0
639,2,10,150,74,0.0
640,2,10,150,74,0.07887611601996505
642,2,10,150,74,0.1329152156038286
643,2,10,150,74,0.0
644,2,10,150,74,0.0
645,2,10,150,74,0.09759501249802542
647,2,10,150,74,0.0
648,2,10,150,74,0.18159464350583557
649,2,10,150,74,1.0
650,2,10,150,74,0.0
651,2,10,150,74,0.0
653,2,10,150,74,0.0
654,2,10,150,74,0.058087171966128066
655,2,10,150,74,0.1960260054527925
658,2,10,150,74,0.0
1,2,10,150,75,0.5343723497595074
2,2,10,150,75,0.2268511698743587
3,2,10,150,75,0.03098598178059488
4,2,10,150,75,0.06166887310869151
5,2,10,150,75,0.12620564628865164
6,2,10,150,75,0.17961772474519622
7,2,10,150,75,0.2918612809747213
8,2,10,150,75,0.06653535276206901
9,2,10,150,75,0.0
10,2,10,150,75,0.2043831529067321
11,2,10,150,75,0.10464473261331256
12,2,10,150,75,0.06832640546611278
13,2,10,150,75,0.36132016758136354
14,2,10,150,75,0.15461807617997098
15,2,10,150,75,0.01616702920033762
16,2,10,150,75,0.2662844928132153
17,2,10,150,75,0.10312948447052589
18,2,10,150,75,0.22391863115947294
19,2,10,150,75,0.0
20,2,10,150,75,0.031742154565302834
21,2,10,150,75,0.0
22,2,10,150,75,0.05035691655673683
23,2,10,150,75,0.22807475621810358
24,2,10,150,75,0.10717514219558558
25,2,10,150,75,0.03078223202175778
26,2,10,150,75,0.12994496440026843
27,2,10,150,75,0.0
28,2,10,150,75,0.1358023930187833
29,2,10,150,75,0.0
30,2,10,150,75,0.0
31,2,10,150,75,0.046287481291184845
32,2,10,150,75,0.14779014095437779
33,2,10,150,75,0.0
34,2,10,150,75,0.07239559903187814
35,2,10,150,75,0.0
36,2,10,150,75,0.0
37,2,10,150,75,0.0
38,2,10,150,75,0.10363602216013926
39,2,10,150,75,0.15820890896021753
40,2,10,150,75,0.2212397779175911
41,2,10,150,75,0.0
42,2,10,150,75,0.20130152528989256
43,2,10,150,75,0.09662598732799078
44,2,10,150,75,0.1565413821318793
45,2,10,150,75,0.0
46,2,10,150,75,0.10684080426179023
47,2,10,150,75,0.11437926488327832
48,2,10,150,75,0.14096272947842173
49,2,10,150,75,0.05920283200708927
50,2,10,150,75,0.046726672111120165
51,2,10,150,75,0.07984133538066794
52,2,10,150,75,0.05244652348163508
53,2,10,150,75,0.12810519548676028
54,2,10,150,75,0.07248205500233205
55,2,10,150,75,0.0
56,2,10,150,75,0.22047893971599028
57,2,10,150,75,0.0524456916588361
58,2,10,150,75,0.16366022196121796
59,2,10,150,75,0.31965516157036433
60,2,10,150,75,0.2158570564681132
61,2,10,150,75,0.06416923277158361
62,2,10,150,75,0.18160332589227857
63,2,10,150,75,0.0763437499438357
64,2,10,150,75,0.04583023181159601
65,2,10,150,75,0.18154179097601578
66,2,10,150,75,0.12995427111679475
67,2,10,150,75,0.24630238874073
68,2,10,150,75,0.04358896759704514
69,2,10,150,75,0.17433349252900054
70,2,10,150,75,0.03155184951131585
71,2,10,150,75,0.08190066039082215
72,2,10,150,75,0.28907547922366217
73,2,10,150,75,0.26386730550459286
74,2,10,150,75,0.17342765698823945
75,2,10,150,75,0.16021137204676433
76,2,10,150,75,0.23191508057904175
77,2,10,150,75,0.15029758260072817
78,2,10,150,75,0.0
79,2,10,150,75,0.11837298765331451
80,2,10,150,75,0.1744476820873323
81,2,10,150,75,0.0
82,2,10,150,75,0.03364053685802635
83,2,10,150,75,0.046841820324159865
84,2,10,150,75,0.029136604147144557
85,2,10,150,75,0.1878720459169524
86,2,10,150,75,0.07028063830038406
87,2,10,150,75,0.19384373929491494
88,2,10,150,75,0.06294571929989644
89,2,10,150,75,0.2334685083478665
90,2,10,150,75,0.15460139684730234
91,2,10,150,75,0.07054411138080068
92,2,10,150,75,0.11341335316233314
93,2,10,150,75,0.0
94,2,10,150,75,0.2534384365226482
95,2,10,150,75,0.12130656683157051
96,2,10,150,75,0.2668702981549327
97,2,10,150,75,0.25684587489418775
98,2,10,150,75,0.0
99,2,10,150,75,0.13656436417013992
100,2,10,150,75,0.0
101,2,10,150,75,0.0
102,2,10,150,75,0.05671879843401278
103,2,10,150,75,0.04579340374561851
104,2,10,150,75,0.0
105,2,10,150,75,0.0
106,2,10,150,75,0.0
107,2,10,150,75,0.09995553728965398
108,2,10,150,75,0.04485361187694993
109,2,10,150,75,0.19016172590894406
110,2,10,150,75,0.037578324799282276
111,2,10,150,75,0.09077089626867633
112,2,10,150,75,0.0
113,2,10,150,75,0.178509607681865
114,2,10,150,75,0.02951022367272685
115,2,10,150,75,0.21960539478434868
116,2,10,150,75,0.026497157492079246
117,2,10,150,75,0.053087643823189194
118,2,10,150,75,0.15599061619059726
119,2,10,150,75,0.15212875834435738
120,2,10,150,75,0.361879195385413
121,2,10,150,75,0.115269333086109
122,2,10,150,75,0.1467899073100297
123,2,10,150,75,0.12990556389377814
124,2,10,150,75,0.18903749859471425
125,2,10,150,75,0.1656817885548098
126,2,10,150,75,0.0
127,2,10,150,75,0.12503310750358904
128,2,10,150,75,0.07117364753699024
129,2,10,150,75,0.0
130,2,10,150,75,0.10534929644677189
131,2,10,150,75,0.36227735599025207
132,2,10,150,75,0.12643913909707097
133,2,10,150,75,0.0
134,2,10,150,75,0.0
135,2,10,150,75,0.0
136,2,10,150,75,0.16609048789162614
137,2,10,150,75,0.06049988016540081
138,2,10,150,75,0.12962234330772782
139,2,10,150,75,0.05165643482805862
140,2,10,150,75,0.0
141,2,10,150,75,0.12556328258692692
142,2,10,150,75,0.0
143,2,10,150,75,0.06882065896991112
144,2,10,150,75,0.16664156206392014
145,2,10,150,75,0.1080662356918316
146,2,10,150,75,0.0
147,2,10,150,75,0.06664071636913875
148,2,10,150,75,0.1606863768135813
149,2,10,150,75,0.10486881530019958
150,2,10,150,75,0.0
151,2,10,150,75,0.2173663113584933
152,2,10,150,75,0.05704433276770658
153,2,10,150,75,0.071942683897578
154,2,10,150,75,0.08491065065836505
155,2,10,150,75,0.0
156,2,10,150,75,0.06437746926759551
157,2,10,150,75,0.06857646087959317
158,2,10,150,75,0.17368343162211233
159,2,10,150,75,0.024782300799839303
160,2,10,150,75,0.11705084481334227
161,2,10,150,75,0.0
162,2,10,150,75,0.08299661455725149
163,2,10,150,75,0.0
164,2,10,150,75,0.029649957429587842
165,2,10,150,75,0.0
166,2,10,150,75,0.06175696970122604
167,2,10,150,75,0.040419659112753054
168,2,10,150,75,0.0641665753731138
169,2,10,150,75,0.03870447337439288
170,2,10,150,75,0.0
171,2,10,150,75,0.0
172,2,10,150,75,0.08232325035020067
173,2,10,150,75,0.1448442050067646
174,2,10,150,75,0.2220641719546779
175,2,10,150,75,0.22732566419594713
176,2,10,150,75,0.027651749128023803
177,2,10,150,75,0.3152442026717657
178,2,10,150,75,0.1509306125771355
179,2,10,150,75,0.09299583347145139
180,2,10,150,75,0.11028996034222072
181,2,10,150,75,0.04718003541256738
182,2,10,150,75,0.05005165434923901
183,2,10,150,75,0.0
184,2,10,150,75,0.1459367639681911
185,2,10,150,75,0.0
186,2,10,150,75,0.05478814761334652
187,2,10,150,75,0.16902512893841318
188,2,10,150,75,0.29205722210115026
189,2,10,150,75,0.19661282626562737
190,2,10,150,75,0.025938546612492997
191,2,10,150,75,0.0
192,2,10,150,75,0.0
193,2,10,150,75,0.0
194,2,10,150,75,0.16398740345056756
195,2,10,150,75,0.04606861224913365
196,2,10,150,75,0.04485361187694993
197,2,10,150,75,0.16261436624219067
198,2,10,150,75,0.028186415745733433
199,2,10,150,75,0.2529427027676571
200,2,10,150,75,0.23903021781429204
201,2,10,150,75,0.13407805989685936
202,2,10,150,75,0.27487633291429087
203,2,10,150,75,0.10238606821339166
204,2,10,150,75,0.08325563768773413
205,2,10,150,75,0.1465996756793884
206,2,10,150,75,0.028694189013458257
207,2,10,150,75,0.0650800810952452
208,2,10,150,75,0.10318619832562911
209,2,10,150,75,0.0
210,2,10,150,75,0.18937175954951105
211,2,10,150,75,0.0
212,2,10,150,75,0.11738002835756964
213,2,10,150,75,0.1624219207093304
214,2,10,150,75,0.25168008015410515
215,2,10,150,75,0.11433722369502479
216,2,10,150,75,0.14425650580287722
217,2,10,150,75,0.10298663607405599
218,2,10,150,75,0.1023482199458735
219,2,10,150,75,0.0
220,2,10,150,75,0.0
221,2,10,150,75,0.10144613070733857
222,2,10,150,75,0.08688469241802925
223,2,10,150,75,0.0
224,2,10,150,75,0.029996736818897345
225,2,10,150,75,0.0
226,2,10,150,75,0.10111769293645066
227,2,10,150,75,0.0947812167140767
228,2,10,150,75,0.0
229,2,10,150,75,0.1353749952992483
230,2,10,150,75,0.29885542969810625
231,2,10,150,75,0.3903800499921017
232,2,10,150,75,0.11605494365670165
233,2,10,150,75,0.13212972170856394
234,2,10,150,75,0.17978586433708574
235,2,10,150,75,0.1075070751982482
236,2,10,150,75,0.14277726217629444
237,2,10,150,75,0.27346075713529205
238,2,10,150,75,0.0
239,2,10,150,75,0.08906178973229836
240,2,10,150,75,0.0
241,2,10,150,75,0.0
242,2,10,150,75,0.07673373981757839
243,2,10,150,75,0.2568245236714982
244,2,10,150,75,0.18280294015368334
245,2,10,150,75,0.0
246,2,10,150,75,0.12379877182510346
247,2,10,150,75,0.0
248,2,10,150,75,0.14176813152020928
249,2,10,150,75,0.21580604760725444
250,2,10,150,75,0.08513080051804543
251,2,10,150,75,0.12803494038364374
252,2,10,150,75,0.1904168294848087
253,2,10,150,75,0.18852956389601477
254,2,10,150,75,0.25691352569511505
255,2,10,150,75,0.04662184073981129
256,2,10,150,75,0.2981724287847049
257,2,10,150,75,0.10559687561546657
258,2,10,150,75,0.0
259,2,10,150,75,0.0
260,2,10,150,75,0.0
261,2,10,150,75,0.0
262,2,10,150,75,0.07399877500023122
263,2,10,150,75,0.16565508957374153
264,2,10,150,75,0.07935123938715939
265,2,10,150,75,0.08339602711200374
266,2,10,150,75,0.0
267,2,10,150,75,0.14681575200160665
268,2,10,150,75,0.17336807641126614
269,2,10,150,75,0.08362940516594977
270,2,10,150,75,0.122398451109695
271,2,10,150,75,0.20401896890378474
272,2,10,150,75,0.366296454316556
273,2,10,150,75,0.06267320809766952
274,2,10,150,75,0.05829918151249392
275,2,10,150,75,0.04105877938688906
276,2,10,150,75,0.20166067994225764
277,2,10,150,75,0.0
278,2,10,150,75,0.04305311721683474
279,2,10,150,75,0.22079093447068537
280,2,10,150,75,0.0841500632404169
281,2,10,150,75,0.05516788910004661
282,2,10,150,75,0.0
283,2,10,150,75,0.06286054135527182
284,2,10,150,75,0.0
285,2,10,150,75,0.15002687789384317
286,2,10,150,75,0.10716987013646836
287,2,10,150,75,0.11853073131207159
288,2,10,150,75,0.13748615058002994
289,2,10,150,75,0.06510475888148554
290,2,10,150,75,0.09449357188080848
291,2,10,150,75,0.17748922691988067
292,2,10,150,75,0.3713936936921286
293,2,10,150,75,0.16193439671553525
294,2,10,150,75,0.05942233668176323
295,2,10,150,75,0.21201342709556317
296,2,10,150,75,0.10863331355232851
297,2,10,150,75,0.10547809104886068
298,2,10,150,75,0.4089206723940318
299,2,10,150,75,0.05389882485565562
300,2,10,150,75,0.0
301,2,10,150,75,0.12514367933866224
302,2,10,150,75,0.0
303,2,10,150,75,0.36671909199709474
304,2,10,150,75,0.09811693595042764
305,2,10,150,75,0.15377587171217844
306,2,10,150,75,0.07286537763060504
307,2,10,150,75,0.17167816797422253
308,2,10,150,75,0.11943409865250185
309,2,10,150,75,0.0
310,2,10,150,75,0.0
311,2,10,150,75,0.25325295310341156
312,2,10,150,75,0.1666072485559496
313,2,10,150,75,0.22676062260704077
314,2,10,150,75,0.1364034674404962
315,2,10,150,75,0.18129588776381328
316,2,10,150,75,0.20030147904071285
317,2,10,150,75,0.0
318,2,10,150,75,0.13166957165834908
319,2,10,150,75,0.0
320,2,10,150,75,0.04539294738377069
321,2,10,150,75,0.12530728980532893
322,2,10,150,75,0.35190394711189377
323,2,10,150,75,0.028361369701356044
324,2,10,150,75,0.06573619640629956
325,2,10,150,75,0.0811231025632827
326,2,10,150,75,0.14774251547484274
327,2,10,150,75,0.07807968160948214
328,2,10,150,75,0.14304127376118922
329,2,10,150,75,0.0
330,2,10,150,75,0.1473695742186882
331,2,10,150,75,0.07806337179400324
332,2,10,150,75,0.18967146462948598
333,2,10,150,75,0.05206745415870339
334,2,10,150,75,0.126735216742153
335,2,10,150,75,0.0
336,2,10,150,75,0.11501232379588432
337,2,10,150,75,0.10934082156401825
338,2,10,150,75,0.12065326649027912
339,2,10,150,75,0.30459123361819973
340,2,10,150,75,0.17896552649342137
341,2,10,150,75,0.0
342,2,10,150,75,0.2623868288299371
343,2,10,150,75,0.305322980061864
344,2,10,150,75,0.1523980172868318
345,2,10,150,75,0.10686772084589051
346,2,10,150,75,0.2102586943425689
347,2,10,150,75,0.19318603337387616
348,2,10,150,75,0.0
349,2,10,150,75,0.163169180413793
350,2,10,150,75,0.18939048055890495
351,2,10,150,75,0.1610216634970071
352,2,10,150,75,0.3057524544183157
353,2,10,150,75,0.0
354,2,10,150,75,0.08982081782386522
355,2,10,150,75,0.0
356,2,10,150,75,0.10061931714936387
357,2,10,150,75,0.14019634392566574
358,2,10,150,75,0.0
359,2,10,150,75,0.0
360,2,10,150,75,0.22728151171982378
361,2,10,150,75,0.12786031464335298
362,2,10,150,75,0.04690797720830594
363,2,10,150,75,0.1928758770680454
364,2,10,150,75,0.0
365,2,10,150,75,0.0
366,2,10,150,75,0.09184114803951915
367,2,10,150,75,0.05534563970541805
368,2,10,150,75,0.06788053752288492
369,2,10,150,75,0.21386152848601384
370,2,10,150,75,0.0957000625269241
371,2,10,150,75,0.1366471158428892
372,2,10,150,75,0.11359189468068477
373,2,10,150,75,0.1069289977927134
374,2,10,150,75,0.15776306890642677
375,2,10,150,75,0.1676614286651071
376,2,10,150,75,0.07216815292900357
377,2,10,150,75,0.34749036439127307
378,2,10,150,75,0.04785532804108283
379,2,10,150,75,0.2300230636638564
380,2,10,150,75,0.0590647057138947
381,2,10,150,75,0.13460387583977396
382,2,10,150,75,0.14582500956521116
383,2,10,150,75,0.09528948443146955
384,2,10,150,75,0.0
385,2,10,150,75,0.1477819406642814
386,2,10,150,75,0.0
387,2,10,150,75,0.17377476744685943
388,2,10,150,75,0.03275673003454543
389,2,10,150,75,0.25009252961966116
390,2,10,150,75,0.10466779365752882
391,2,10,150,75,0.18344326580289438
392,2,10,150,75,0.09006573473175804
393,2,10,150,75,0.12791525733040457
394,2,10,150,75,0.23203872840181228
395,2,10,150,75,0.17280189068434965
396,2,10,150,75,0.08006506288147622
397,2,10,150,75,0.21870981369224696
398,2,10,150,75,0.12633080592181342
399,2,10,150,75,0.028925723176202615
400,2,10,150,75,0.0
401,2,10,150,75,0.0
402,2,10,150,75,0.1798991830195577
403,2,10,150,75,0.23561122801255002
404,2,10,150,75,0.0
405,2,10,150,75,0.24569937569255673
406,2,10,150,75,0.2347803223224531
407,2,10,150,75,0.0760754280175859
408,2,10,150,75,0.08490303813485527
409,2,10,150,75,0.1854414927009712
410,2,10,150,75,0.1510508871592243
411,2,10,150,75,0.13359023741301432
412,2,10,150,75,0.041062015509212284
413,2,10,150,75,0.19475935863737628
414,2,10,150,75,0.04690797720830594
415,2,10,150,75,0.15582818336744758
416,2,10,150,75,0.505681846717482
417,2,10,150,75,0.2503213168000056
418,2,10,150,75,0.05130633033097092
419,2,10,150,75,0.13043508853971056
420,2,10,150,75,0.1979106713561055
421,2,10,150,75,0.3102692669240346
422,2,10,150,75,0.0654076987556055
423,2,10,150,75,0.0
424,2,10,150,75,0.039270700903099615
425,2,10,150,75,0.055558560272951724
426,2,10,150,75,0.03206656709567107
427,2,10,150,75,0.0
428,2,10,150,75,0.09545062073374358
429,2,10,150,75,0.23036862340619393
430,2,10,150,75,0.17441334704295655
431,2,10,150,75,0.0
432,2,10,150,75,0.13181508781832452
433,2,10,150,75,0.10047622221317463
434,2,10,150,75,0.21435951014939544
435,2,10,150,75,0.29734030244990306
436,2,10,150,75,0.08073573433990566
437,2,10,150,75,0.23024361424725856
438,2,10,150,75,0.11342455428465782
439,2,10,150,75,0.0
440,2,10,150,75,0.056388463063434605
441,2,10,150,75,0.1731866333482261
442,2,10,150,75,0.04062732041938225
443,2,10,150,75,0.0
444,2,10,150,75,0.0796221118108625
445,2,10,150,75,0.06656553044254701
446,2,10,150,75,0.15440950258541247
447,2,10,150,75,0.055923854163236565
448,2,10,150,75,0.049326153683410964
449,2,10,150,75,0.1400796026466503
450,2,10,150,75,0.4740816073481303
451,2,10,150,75,0.05163551141839463
452,2,10,150,75,0.21432879329984483
453,2,10,150,75,0.1175424009487046
454,2,10,150,75,0.0
455,2,10,150,75,0.13575060103369177
456,2,10,150,75,0.07943119521798256
457,2,10,150,75,0.4570162756796666
458,2,10,150,75,0.23524507740750364
459,2,10,150,75,0.20154342782727996
460,2,10,150,75,0.07041837375515932
461,2,10,150,75,0.06961399513856609
462,2,10,150,75,0.18564976427020158
463,2,10,150,75,0.21881515471619958
464,2,10,150,75,0.06726768733602535
465,2,10,150,75,0.10783006935442738
466,2,10,150,75,0.12816210679182038
467,2,10,150,75,0.09300532025926726
468,2,10,150,75,0.2397162903073084
469,2,10,150,75,0.05651614765972419
470,2,10,150,75,0.04760723841253984
471,2,10,150,75,0.0
472,2,10,150,75,0.23409546258105102
473,2,10,150,75,0.2622744659873325
474,2,10,150,75,0.3754733918015795
475,2,10,150,75,0.07311683844390994
476,2,10,150,75,0.021791008948563714
477,2,10,150,75,0.07075576072108061
478,2,10,150,75,0.13180376528048332
479,2,10,150,75,0.2091665057712774
480,2,10,150,75,0.15920120556239784
481,2,10,150,75,0.08549221385843568
482,2,10,150,75,0.04290887548434951
483,2,10,150,75,0.0273055648695642
484,2,10,150,75,0.20193976177882433
485,2,10,150,75,0.036556008482007775
486,2,10,150,75,0.02801058107494064
487,2,10,150,75,0.2998104630648879
488,2,10,150,75,0.0
489,2,10,150,75,0.026867523156213612
490,2,10,150,75,0.11630686983226163
491,2,10,150,75,0.03859643636257609
492,2,10,150,75,0.1338895448360617
493,2,10,150,75,0.22708658560204953
494,2,10,150,75,0.10841985052222541
495,2,10,150,75,0.1960041948775477
496,2,10,150,75,0.023205371908120297
497,2,10,150,75,0.14714516185991197
498,2,10,150,75,0.07358364093338247
499,2,10,150,75,0.10804037134297641
500,2,10,150,75,0.14210226948258123
501,2,10,150,75,0.02184231145035861
502,2,10,150,75,0.06689893193796337
503,2,10,150,75,0.1895138951843239
504,2,10,150,75,0.12432878996259997
505,2,10,150,75,0.05688647497208646
506,2,10,150,75,0.1221050196968176
507,2,10,150,75,0.02186947737677948
508,2,10,150,75,0.20345924618307185
509,2,10,150,75,0.031611854308622345
510,2,10,150,75,0.0
511,2,10,150,75,0.0
512,2,10,150,75,0.08364069030518707
513,2,10,150,75,0.11506360809154491
514,2,10,150,75,0.16578726587197626
515,2,10,150,75,0.034743705427429224
516,2,10,150,75,0.1340330647732781
517,2,10,150,75,0.07931777113368761
518,2,10,150,75,0.14341019153063672
519,2,10,150,75,0.10560636946921488
520,2,10,150,75,0.0
521,2,10,150,75,0.0
522,2,10,150,75,0.0559167101555819
523,2,10,150,75,0.21950613822622128
524,2,10,150,75,0.11635027045370823
525,2,10,150,75,0.0
526,2,10,150,75,0.02505758835695044
527,2,10,150,75,0.35360031514866236
528,2,10,150,75,0.2269962474823218
529,2,10,150,75,0.0
530,2,10,150,75,0.05554513395194445
531,2,10,150,75,0.0
532,2,10,150,75,0.10595510439432852
533,2,10,150,75,0.030242981767103303
534,2,10,150,75,0.024909303741335254
535,2,10,150,75,0.20515773096109663
536,2,10,150,75,0.16340884055250954
537,2,10,150,75,0.4599344648912389
538,2,10,150,75,0.032394594743117074
539,2,10,150,75,0.09953437200841515
540,2,10,150,75,0.0
541,2,10,150,75,0.06833564325125971
542,2,10,150,75,0.07797598981103891
543,2,10,150,75,0.049450905794207176
544,2,10,150,75,0.0
545,2,10,150,75,0.060216826583478454
546,2,10,150,75,0.03314153504336938
547,2,10,150,75,0.04855455745827926
548,2,10,150,75,0.03883106019841818
549,2,10,150,75,0.0
550,2,10,150,75,0.09688698360286704
551,2,10,150,75,0.22880112666212585
552,2,10,150,75,0.048059443651065493
553,2,10,150,75,0.16524682367994753
554,2,10,150,75,0.08856716582657766
555,2,10,150,75,0.09809088686968297
556,2,10,150,75,0.16258997327839542
557,2,10,150,75,0.04470486007704452
558,2,10,150,75,0.265053101293003
559,2,10,150,75,0.1306794248970741
560,2,10,150,75,0.046716390531725466
561,2,10,150,75,0.12614545203347222
562,2,10,150,75,0.07720150835011791
563,2,10,150,75,0.0
564,2,10,150,75,0.0
565,2,10,150,75,0.28663011782160785
566,2,10,150,75,0.049763902181020156
567,2,10,150,75,0.09272963807674517
568,2,10,150,75,0.0
569,2,10,150,75,0.17563954439010937
570,2,10,150,75,0.0
571,2,10,150,75,0.16104477175644444
572,2,10,150,75,0.0
573,2,10,150,75,0.03246641181906899
574,2,10,150,75,0.05058854055353143
575,2,10,150,75,0.05154847002173459
576,2,10,150,75,0.0
577,2,10,150,75,0.0784247757209491
578,2,10,150,75,0.0
579,2,10,150,75,0.08297540479108526
580,2,10,150,75,0.21602760439924668
581,2,10,150,75,0.0
582,2,10,150,75,0.0437514209980628
583,2,10,150,75,0.08356526807460651
584,2,10,150,75,0.0
585,2,10,150,75,0.08668163308546498
586,2,10,150,75,0.10132509239867551
587,2,10,150,75,0.03459392809572638
588,2,10,150,75,0.053821119735696775
589,2,10,150,75,0.13061191070808464
590,2,10,150,75,0.06139304560474655
591,2,10,150,75,0.0
592,2,10,150,75,0.332937545456951
593,2,10,150,75,0.04586709436300111
594,2,10,150,75,0.0
595,2,10,150,75,0.0
596,2,10,150,75,0.0
597,2,10,150,75,0.0
598,2,10,150,75,0.0
599,2,10,150,75,0.0
600,2,10,150,75,0.024325165853816375
601,2,10,150,75,0.03369782041898502
602,2,10,150,75,0.0
603,2,10,150,75,0.1435203717549576
604,2,10,150,75,0.0
605,2,10,150,75,0.2645541144793553
606,2,10,150,75,0.23204083039530643
607,2,10,150,75,0.08440880858250024
608,2,10,150,75,0.2120992422792938
609,2,10,150,75,0.0
610,2,10,150,75,0.1629867900167321
611,2,10,150,75,0.08045389590462838
612,2,10,150,75,0.15130120674940672
613,2,10,150,75,0.0
614,2,10,150,75,0.08861505596859857
615,2,10,150,75,0.1479554402409639
616,2,10,150,75,0.0
617,2,10,150,75,0.044257815106106525
618,2,10,150,75,0.18766481803906507
619,2,10,150,75,0.09637551974188778
620,2,10,150,75,0.08396948777462541
621,2,10,150,75,0.06335388063984314
622,2,10,150,75,0.12980296240199146
623,2,10,150,75,0.0
624,2,10,150,75,0.0536466452928127
625,2,10,150,75,0.0
626,2,10,150,75,0.0
627,2,10,150,75,0.0
628,2,10,150,75,0.0
629,2,10,150,75,0.2466228630593721
630,2,10,150,75,0.0
631,2,10,150,75,0.16868725245403154
632,2,10,150,75,0.13439570003165963
633,2,10,150,75,0.07667481399289292
634,2,10,150,75,0.030975021478781034
635,2,10,150,75,0.0
636,2,10,150,75,0.0
637,2,10,150,75,0.0
638,2,10,150,75,0.0
639,2,10,150,75,0.0
640,2,10,150,75,0.07887611601996505
642,2,10,150,75,0.1329152156038286
643,2,10,150,75,0.0
644,2,10,150,75,0.0
645,2,10,150,75,0.09759501249802542
647,2,10,150,75,0.0
648,2,10,150,75,0.18159464350583557
649,2,10,150,75,1.0
650,2,10,150,75,0.0
651,2,10,150,75,0.0
653,2,10,150,75,0.040484256935344326
654,2,10,150,75,0.058087171966128066
655,2,10,150,75,0.1960260054527925
658,2,10,150,75,0.0
1,2,10,150,76,0.5343723497595074
2,2,10,150,76,0.2268511698743587
3,2,10,150,76,0.03098598178059488
4,2,10,150,76,0.06166887310869151
5,2,10,150,76,0.12620564628865164
6,2,10,150,76,0.17961772474519622
7,2,10,150,76,0.28915883746803966
8,2,10,150,76,0.06653535276206901
9,2,10,150,76,0.0
10,2,10,150,76,0.2043831529067321
11,2,10,150,76,0.10464473261331256
12,2,10,150,76,0.06832640546611278
13,2,10,150,76,0.3672339227742552
14,2,10,150,76,0.15461807617997098
15,2,10,150,76,0.01616702920033762
16,2,10,150,76,0.2662844928132153
17,2,10,150,76,0.10312948447052589
18,2,10,150,76,0.22391863115947294
19,2,10,150,76,0.0
20,2,10,150,76,0.031742154565302834
21,2,10,150,76,0.012720674487092647
22,2,10,150,76,0.05035691655673683
23,2,10,150,76,0.22807475621810358
24,2,10,150,76,0.10717514219558558
25,2,10,150,76,0.03078223202175778
26,2,10,150,76,0.12994496440026843
27,2,10,150,76,0.0
28,2,10,150,76,0.1358023930187833
29,2,10,150,76,0.0
30,2,10,150,76,0.0
31,2,10,150,76,0.046287481291184845
32,2,10,150,76,0.14779014095437779
33,2,10,150,76,0.0
34,2,10,150,76,0.07239559903187814
35,2,10,150,76,0.0
36,2,10,150,76,0.0
37,2,10,150,76,0.0
38,2,10,150,76,0.10363602216013926
39,2,10,150,76,0.15820890896021753
40,2,10,150,76,0.2212397779175911
41,2,10,150,76,0.0
42,2,10,150,76,0.20130152528989256
43,2,10,150,76,0.09662598732799078
44,2,10,150,76,0.1565413821318793
45,2,10,150,76,0.0
46,2,10,150,76,0.10684080426179023
47,2,10,150,76,0.11437926488327832
48,2,10,150,76,0.16438571914394637
49,2,10,150,76,0.05920283200708927
50,2,10,150,76,0.046726672111120165
51,2,10,150,76,0.07984133538066794
52,2,10,150,76,0.05244652348163508
53,2,10,150,76,0.12810519548676028
54,2,10,150,76,0.09672853477478108
55,2,10,150,76,0.0
56,2,10,150,76,0.22047893971599028
57,2,10,150,76,0.0524456916588361
58,2,10,150,76,0.16366022196121796
59,2,10,150,76,0.3166953650092099
60,2,10,150,76,0.2158570564681132
61,2,10,150,76,0.06416923277158361
62,2,10,150,76,0.18160332589227857
63,2,10,150,76,0.0763437499438357
64,2,10,150,76,0.04583023181159601
65,2,10,150,76,0.18154179097601578
66,2,10,150,76,0.12995427111679475
67,2,10,150,76,0.24630238874073
68,2,10,150,76,0.04358896759704514
69,2,10,150,76,0.19699902273515738
70,2,10,150,76,0.03155184951131585
71,2,10,150,76,0.08190066039082215
72,2,10,150,76,0.28907547922366217
73,2,10,150,76,0.26386730550459286
74,2,10,150,76,0.17342765698823945
75,2,10,150,76,0.16021137204676433
76,2,10,150,76,0.23191508057904175
77,2,10,150,76,0.15029758260072817
78,2,10,150,76,0.0
79,2,10,150,76,0.11837298765331451
80,2,10,150,76,0.1744476820873323
81,2,10,150,76,0.0
82,2,10,150,76,0.03364053685802635
83,2,10,150,76,0.046841820324159865
84,2,10,150,76,0.029136604147144557
85,2,10,150,76,0.1861324743339056
86,2,10,150,76,0.07028063830038406
87,2,10,150,76,0.19384373929491494
88,2,10,150,76,0.06294571929989644
89,2,10,150,76,0.2334685083478665
90,2,10,150,76,0.15460139684730234
91,2,10,150,76,0.07054411138080068
92,2,10,150,76,0.11236322010322727
93,2,10,150,76,0.0
94,2,10,150,76,0.26035110559207575
95,2,10,150,76,0.1294426901121214
96,2,10,150,76,0.2668702981549327
97,2,10,150,76,0.25684587489418775
98,2,10,150,76,0.0
99,2,10,150,76,0.13656436417013992
100,2,10,150,76,0.0
101,2,10,150,76,0.0
102,2,10,150,76,0.05671879843401278
103,2,10,150,76,0.04579340374561851
104,2,10,150,76,0.0
105,2,10,150,76,0.0
106,2,10,150,76,0.0
107,2,10,150,76,0.09995553728965398
108,2,10,150,76,0.04485361187694993
109,2,10,150,76,0.19016172590894406
110,2,10,150,76,0.037578324799282276
111,2,10,150,76,0.09077089626867633
112,2,10,150,76,0.0
113,2,10,150,76,0.178509607681865
114,2,10,150,76,0.02951022367272685
115,2,10,150,76,0.21960539478434868
116,2,10,150,76,0.026497157492079246
117,2,10,150,76,0.053087643823189194
118,2,10,150,76,0.17465374304154188
119,2,10,150,76,0.15212875834435738
120,2,10,150,76,0.361879195385413
121,2,10,150,76,0.115269333086109
122,2,10,150,76,0.1467899073100297
123,2,10,150,76,0.12990556389377814
124,2,10,150,76,0.18903749859471425
125,2,10,150,76,0.1656817885548098
126,2,10,150,76,0.0
127,2,10,150,76,0.12503310750358904
128,2,10,150,76,0.07117364753699024
129,2,10,150,76,0.0
130,2,10,150,76,0.10437383124917786
131,2,10,150,76,0.36227735599025207
132,2,10,150,76,0.12643913909707097
133,2,10,150,76,0.0
134,2,10,150,76,0.0
135,2,10,150,76,0.0
136,2,10,150,76,0.16609048789162614
137,2,10,150,76,0.06049988016540081
138,2,10,150,76,0.12962234330772782
139,2,10,150,76,0.05165643482805862
140,2,10,150,76,0.0
141,2,10,150,76,0.12556328258692692
142,2,10,150,76,0.0
143,2,10,150,76,0.06882065896991112
144,2,10,150,76,0.16664156206392014
145,2,10,150,76,0.11632495573066232
146,2,10,150,76,0.0
147,2,10,150,76,0.06664071636913875
148,2,10,150,76,0.1606863768135813
149,2,10,150,76,0.10486881530019958
150,2,10,150,76,0.0
151,2,10,150,76,0.21535364227563206
152,2,10,150,76,0.07373621614663974
153,2,10,150,76,0.071942683897578
154,2,10,150,76,0.08491065065836505
155,2,10,150,76,0.0
156,2,10,150,76,0.06437746926759551
157,2,10,150,76,0.06857646087959317
158,2,10,150,76,0.17368343162211233
159,2,10,150,76,0.024782300799839303
160,2,10,150,76,0.11705084481334227
161,2,10,150,76,0.0
162,2,10,150,76,0.08299661455725149
163,2,10,150,76,0.0
164,2,10,150,76,0.029649957429587842
165,2,10,150,76,0.0
166,2,10,150,76,0.06175696970122604
167,2,10,150,76,0.040419659112753054
168,2,10,150,76,0.0641665753731138
169,2,10,150,76,0.03870447337439288
170,2,10,150,76,0.0
171,2,10,150,76,0.0
172,2,10,150,76,0.08232325035020067
173,2,10,150,76,0.1448442050067646
174,2,10,150,76,0.23555741074430225
175,2,10,150,76,0.22732566419594713
176,2,10,150,76,0.027651749128023803
177,2,10,150,76,0.3152442026717657
178,2,10,150,76,0.1509306125771355
179,2,10,150,76,0.09299583347145139
180,2,10,150,76,0.11028996034222072
181,2,10,150,76,0.04674317931462972
182,2,10,150,76,0.05005165434923901
183,2,10,150,76,0.0
184,2,10,150,76,0.1459367639681911
185,2,10,150,76,0.0
186,2,10,150,76,0.05478814761334652
187,2,10,150,76,0.16902512893841318
188,2,10,150,76,0.29205722210115026
189,2,10,150,76,0.19661282626562737
190,2,10,150,76,0.025938546612492997
191,2,10,150,76,0.0
192,2,10,150,76,0.0
193,2,10,150,76,0.0
194,2,10,150,76,0.16246898794799547
195,2,10,150,76,0.04606861224913365
196,2,10,150,76,0.04485361187694993
197,2,10,150,76,0.16261436624219067
198,2,10,150,76,0.028186415745733433
199,2,10,150,76,0.2529427027676571
200,2,10,150,76,0.23903021781429204
201,2,10,150,76,0.13283658524442638
202,2,10,150,76,0.27487633291429087
203,2,10,150,76,0.10238606821339166
204,2,10,150,76,0.08325563768773413
205,2,10,150,76,0.1465996756793884
206,2,10,150,76,0.028694189013458257
207,2,10,150,76,0.0650800810952452
208,2,10,150,76,0.10318619832562911
209,2,10,150,76,0.0
210,2,10,150,76,0.18937175954951105
211,2,10,150,76,0.0
212,2,10,150,76,0.11738002835756964
213,2,10,150,76,0.1624219207093304
214,2,10,150,76,0.25168008015410515
215,2,10,150,76,0.11433722369502479
216,2,10,150,76,0.14425650580287722
217,2,10,150,76,0.10298663607405599
218,2,10,150,76,0.1023482199458735
219,2,10,150,76,0.0
220,2,10,150,76,0.0
221,2,10,150,76,0.10144613070733857
222,2,10,150,76,0.0860801973096991
223,2,10,150,76,0.0
224,2,10,150,76,0.029996736818897345
225,2,10,150,76,0.0
226,2,10,150,76,0.10111769293645066
227,2,10,150,76,0.0947812167140767
228,2,10,150,76,0.0
229,2,10,150,76,0.1353749952992483
230,2,10,150,76,0.29885542969810625
231,2,10,150,76,0.3903800499921017
232,2,10,150,76,0.11605494365670165
233,2,10,150,76,0.14954717563285674
234,2,10,150,76,0.18738050778416473
235,2,10,150,76,0.1075070751982482
236,2,10,150,76,0.14277726217629444
237,2,10,150,76,0.27346075713529205
238,2,10,150,76,0.0
239,2,10,150,76,0.08906178973229836
240,2,10,150,76,0.0
241,2,10,150,76,0.0
242,2,10,150,76,0.07673373981757839
243,2,10,150,76,0.2568245236714982
244,2,10,150,76,0.18280294015368334
245,2,10,150,76,0.0
246,2,10,150,76,0.12379877182510346
247,2,10,150,76,0.0
248,2,10,150,76,0.14176813152020928
249,2,10,150,76,0.21580604760725444
250,2,10,150,76,0.08513080051804543
251,2,10,150,76,0.12803494038364374
252,2,10,150,76,0.1904168294848087
253,2,10,150,76,0.18852956389601477
254,2,10,150,76,0.27040676448473944
255,2,10,150,76,0.04662184073981129
256,2,10,150,76,0.2981724287847049
257,2,10,150,76,0.10559687561546657
258,2,10,150,76,0.0
259,2,10,150,76,0.0
260,2,10,150,76,0.0
261,2,10,150,76,0.0
262,2,10,150,76,0.07399877500023122
263,2,10,150,76,0.16565508957374153
264,2,10,150,76,0.07935123938715939
265,2,10,150,76,0.08339602711200374
266,2,10,150,76,0.0
267,2,10,150,76,0.14681575200160665
268,2,10,150,76,0.17176280204668165
269,2,10,150,76,0.08285505187659399
270,2,10,150,76,0.122398451109695
271,2,10,150,76,0.20401896890378474
272,2,10,150,76,0.366296454316556
273,2,10,150,76,0.06267320809766952
274,2,10,150,76,0.05829918151249392
275,2,10,150,76,0.04105877938688906
276,2,10,150,76,0.1997934346768257
277,2,10,150,76,0.0
278,2,10,150,76,0.04305311721683474
279,2,10,150,76,0.21874655563015616
280,2,10,150,76,0.0841500632404169
281,2,10,150,76,0.05516788910004661
282,2,10,150,76,0.0
283,2,10,150,76,0.06286054135527182
284,2,10,150,76,0.0
285,2,10,150,76,0.15002687789384317
286,2,10,150,76,0.10716987013646836
287,2,10,150,76,0.11853073131207159
288,2,10,150,76,0.13748615058002994
289,2,10,150,76,0.06510475888148554
290,2,10,150,76,0.09449357188080848
291,2,10,150,76,0.17748922691988067
292,2,10,150,76,0.3713936936921286
293,2,10,150,76,0.16969433301200312
294,2,10,150,76,0.05942233668176323
295,2,10,150,76,0.21201342709556317
296,2,10,150,76,0.10863331355232851
297,2,10,150,76,0.10547809104886068
298,2,10,150,76,0.4089206723940318
299,2,10,150,76,0.05389882485565562
300,2,10,150,76,0.0
301,2,10,150,76,0.12514367933866224
302,2,10,150,76,0.0
303,2,10,150,76,0.36332351439381005
304,2,10,150,76,0.09811693595042764
305,2,10,150,76,0.15377587171217844
306,2,10,150,76,0.07286537763060504
307,2,10,150,76,0.17167816797422253
308,2,10,150,76,0.11832821744995967
309,2,10,150,76,0.0
310,2,10,150,76,0.0
311,2,10,150,76,0.25325295310341156
312,2,10,150,76,0.1666072485559496
313,2,10,150,76,0.22676062260704077
314,2,10,150,76,0.1364034674404962
315,2,10,150,76,0.18129588776381328
316,2,10,150,76,0.20030147904071285
317,2,10,150,76,0.0
318,2,10,150,76,0.13166957165834908
319,2,10,150,76,0.0
320,2,10,150,76,0.04539294738377069
321,2,10,150,76,0.12530728980532893
322,2,10,150,76,0.35190394711189377
323,2,10,150,76,0.028361369701356044
324,2,10,150,76,0.06573619640629956
325,2,10,150,76,0.0811231025632827
326,2,10,150,76,0.14774251547484274
327,2,10,150,76,0.08661605741716637
328,2,10,150,76,0.14304127376118922
329,2,10,150,76,0.0
330,2,10,150,76,0.1473695742186882
331,2,10,150,76,0.07806337179400324
332,2,10,150,76,0.18967146462948598
333,2,10,150,76,0.05206745415870339
334,2,10,150,76,0.12556173198799547
335,2,10,150,76,0.0
336,2,10,150,76,0.11501232379588432
337,2,10,150,76,0.10934082156401825
338,2,10,150,76,0.12065326649027912
339,2,10,150,76,0.30177091912244125
340,2,10,150,76,0.17896552649342137
341,2,10,150,76,0.0
342,2,10,150,76,0.27369687527821046
343,2,10,150,76,0.305322980061864
344,2,10,150,76,0.1523980172868318
345,2,10,150,76,0.10686772084589051
346,2,10,150,76,0.2102586943425689
347,2,10,150,76,0.19318603337387616
348,2,10,150,76,0.0
349,2,10,150,76,0.163169180413793
350,2,10,150,76,0.18939048055890495
351,2,10,150,76,0.1610216634970071
352,2,10,150,76,0.3057524544183157
353,2,10,150,76,0.0
354,2,10,150,76,0.08982081782386522
355,2,10,150,76,0.0
356,2,10,150,76,0.10061931714936387
357,2,10,150,76,0.14019634392566574
358,2,10,150,76,0.0
359,2,10,150,76,0.0
360,2,10,150,76,0.22728151171982378
361,2,10,150,76,0.12786031464335298
362,2,10,150,76,0.04690797720830594
363,2,10,150,76,0.1910899732995246
364,2,10,150,76,0.0
365,2,10,150,76,0.0
366,2,10,150,76,0.09184114803951915
367,2,10,150,76,0.05534563970541805
368,2,10,150,76,0.06788053752288492
369,2,10,150,76,0.21386152848601384
370,2,10,150,76,0.0957000625269241
371,2,10,150,76,0.1366471158428892
372,2,10,150,76,0.11359189468068477
373,2,10,150,76,0.10593890559961458
374,2,10,150,76,0.15630228664803167
375,2,10,150,76,0.1676614286651071
376,2,10,150,76,0.07216815292900357
377,2,10,150,76,0.34749036439127307
378,2,10,150,76,0.047412219177540404
379,2,10,150,76,0.2300230636638564
380,2,10,150,76,0.0590647057138947
381,2,10,150,76,0.13460387583977396
382,2,10,150,76,0.14582500956521116
383,2,10,150,76,0.09528948443146955
384,2,10,150,76,0.0
385,2,10,150,76,0.1464135770888896
386,2,10,150,76,0.0
387,2,10,150,76,0.17216572739076322
388,2,10,150,76,0.03275673003454543
389,2,10,150,76,0.24777683727950872
390,2,10,150,76,0.10466779365752882
391,2,10,150,76,0.18344326580289438
392,2,10,150,76,0.09006573473175804
393,2,10,150,76,0.12673084617650435
394,2,10,150,76,0.23203872840181228
395,2,10,150,76,0.17280189068434965
396,2,10,150,76,0.08006506288147622
397,2,10,150,76,0.2369341816089546
398,2,10,150,76,0.12633080592181342
399,2,10,150,76,0.028657890003838893
400,2,10,150,76,0.0
401,2,10,150,76,0.0
402,2,10,150,76,0.1798991830195577
403,2,10,150,76,0.23561122801255002
404,2,10,150,76,0.0
405,2,10,150,76,0.24342436106842238
406,2,10,150,76,0.23260641095114007
407,2,10,150,76,0.07537101958842549
408,2,10,150,76,0.08490303813485527
409,2,10,150,76,0.1854414927009712
410,2,10,150,76,0.1510508871592243
411,2,10,150,76,0.13359023741301432
412,2,10,150,76,0.041062015509212284
413,2,10,150,76,0.19475935863737628
414,2,10,150,76,0.04690797720830594
415,2,10,150,76,0.15582818336744758
416,2,10,150,76,0.5102589077072502
417,2,10,150,76,0.24800350604103494
418,2,10,150,76,0.05130633033097092
419,2,10,150,76,0.13043508853971056
420,2,10,150,76,0.1979106713561055
421,2,10,150,76,0.3102692669240346
422,2,10,150,76,0.0654076987556055
423,2,10,150,76,0.0
424,2,10,150,76,0.039270700903099615
425,2,10,150,76,0.05504412454530471
426,2,10,150,76,0.03206656709567107
427,2,10,150,76,0.0
428,2,10,150,76,0.09545062073374358
429,2,10,150,76,0.22823556146530163
430,2,10,150,76,0.17441334704295655
431,2,10,150,76,0.0
432,2,10,150,76,0.13181508781832452
433,2,10,150,76,0.10047622221317463
434,2,10,150,76,0.21435951014939544
435,2,10,150,76,0.29458712680787574
436,2,10,150,76,0.08073573433990566
437,2,10,150,76,0.2281117098089603
438,2,10,150,76,0.11342455428465782
439,2,10,150,76,0.0
440,2,10,150,76,0.056388463063434605
441,2,10,150,76,0.1731866333482261
442,2,10,150,76,0.04062732041938225
443,2,10,150,76,0.0
444,2,10,150,76,0.0796221118108625
445,2,10,150,76,0.06656553044254701
446,2,10,150,76,0.15440950258541247
447,2,10,150,76,0.055923854163236565
448,2,10,150,76,0.049326153683410964
449,2,10,150,76,0.1400796026466503
450,2,10,150,76,0.4789512657712002
451,2,10,150,76,0.05163551141839463
452,2,10,150,76,0.21234424963645207
453,2,10,150,76,0.1175424009487046
454,2,10,150,76,0.0
455,2,10,150,76,0.14375298205727233
456,2,10,150,76,0.07869571459161133
457,2,10,150,76,0.45278460554331396
458,2,10,150,76,0.23524507740750364
459,2,10,150,76,0.2127188263052183
460,2,10,150,76,0.07041837375515932
461,2,10,150,76,0.06961399513856609
462,2,10,150,76,0.18564976427020158
463,2,10,150,76,0.21881515471619958
464,2,10,150,76,0.06726768733602535
465,2,10,150,76,0.10783006935442738
466,2,10,150,76,0.12816210679182038
467,2,10,150,76,0.09300532025926726
468,2,10,150,76,0.2397162903073084
469,2,10,150,76,0.05651614765972419
470,2,10,150,76,0.04760723841253984
471,2,10,150,76,0.0
472,2,10,150,76,0.23192789256051588
473,2,10,150,76,0.2622744659873325
474,2,10,150,76,0.3812560974466696
475,2,10,150,76,0.07311683844390994
476,2,10,150,76,0.021791008948563714
477,2,10,150,76,0.07075576072108061
478,2,10,150,76,0.13180376528048332
479,2,10,150,76,0.20722976149519842
480,2,10,150,76,0.15920120556239784
481,2,10,150,76,0.08549221385843568
482,2,10,150,76,0.04290887548434951
483,2,10,150,76,0.0273055648695642
484,2,10,150,76,0.20193976177882433
485,2,10,150,76,0.036556008482007775
486,2,10,150,76,0.02801058107494064
487,2,10,150,76,0.2970344153601734
488,2,10,150,76,0.0
489,2,10,150,76,0.026867523156213612
490,2,10,150,76,0.11630686983226163
491,2,10,150,76,0.03859643636257609
492,2,10,150,76,0.1338895448360617
493,2,10,150,76,0.23813103779788555
494,2,10,150,76,0.10841985052222541
495,2,10,150,76,0.19418932494358385
496,2,10,150,76,0.023205371908120297
497,2,10,150,76,0.1550420367443655
498,2,10,150,76,0.07358364093338247
499,2,10,150,76,0.10804037134297641
500,2,10,150,76,0.14078649592685155
501,2,10,150,76,0.02184231145035861
502,2,10,150,76,0.06689893193796337
503,2,10,150,76,0.1895138951843239
504,2,10,150,76,0.12317758713773086
505,2,10,150,76,0.05688647497208646
506,2,10,150,76,0.12097440752205134
507,2,10,150,76,0.02186947737677948
508,2,10,150,76,0.20345924618307185
509,2,10,150,76,0.031611854308622345
510,2,10,150,76,0.0
511,2,10,150,76,0.0
512,2,10,150,76,0.08364069030518707
513,2,10,150,76,0.11506360809154491
514,2,10,150,76,0.16578726587197626
515,2,10,150,76,0.034743705427429224
516,2,10,150,76,0.1340330647732781
517,2,10,150,76,0.07931777113368761
518,2,10,150,76,0.14341019153063672
519,2,10,150,76,0.10560636946921488
520,2,10,150,76,0.0
521,2,10,150,76,0.0
522,2,10,150,76,0.0559167101555819
523,2,10,150,76,0.21950613822622128
524,2,10,150,76,0.11527294347207441
525,2,10,150,76,0.0
526,2,10,150,76,0.02505758835695044
527,2,10,150,76,0.35360031514866236
528,2,10,150,76,0.2269962474823218
529,2,10,150,76,0.0
530,2,10,150,76,0.05554513395194445
531,2,10,150,76,0.0
532,2,10,150,76,0.10497402981357579
533,2,10,150,76,0.0299629516465397
534,2,10,150,76,0.024909303741335254
535,2,10,150,76,0.20325810530321645
536,2,10,150,76,0.16340884055250954
537,2,10,150,76,0.45567577424206
538,2,10,150,76,0.032394594743117074
539,2,10,150,76,0.09953437200841515
540,2,10,150,76,0.0
541,2,10,150,76,0.06833564325125971
542,2,10,150,76,0.07797598981103891
543,2,10,150,76,0.06134013858739336
544,2,10,150,76,0.0
545,2,10,150,76,0.060216826583478454
546,2,10,150,76,0.03314153504336938
547,2,10,150,76,0.04855455745827926
548,2,10,150,76,0.05321848652026187
549,2,10,150,76,0.0
550,2,10,150,76,0.09688698360286704
551,2,10,150,76,0.23594192101707376
552,2,10,150,76,0.048059443651065493
553,2,10,150,76,0.18097625349596458
554,2,10,150,76,0.08856716582657766
555,2,10,150,76,0.09809088686968297
556,2,10,150,76,0.16258997327839542
557,2,10,150,76,0.04470486007704452
558,2,10,150,76,0.265053101293003
559,2,10,150,76,0.1306794248970741
560,2,10,150,76,0.046716390531725466
561,2,10,150,76,0.1249774281126329
562,2,10,150,76,0.07720150835011791
563,2,10,150,76,0.0
564,2,10,150,76,0.0
565,2,10,150,76,0.28663011782160785
566,2,10,150,76,0.049763902181020156
567,2,10,150,76,0.09272963807674517
568,2,10,150,76,0.0
569,2,10,150,76,0.17563954439010937
570,2,10,150,76,0.0
571,2,10,150,76,0.16104477175644444
572,2,10,150,76,0.0
573,2,10,150,76,0.03246641181906899
574,2,10,150,76,0.05058854055353143
575,2,10,150,76,0.05154847002173459
576,2,10,150,76,0.0
577,2,10,150,76,0.0784247757209491
578,2,10,150,76,0.0
579,2,10,150,76,0.08297540479108526
580,2,10,150,76,0.21602760439924668
581,2,10,150,76,0.0
582,2,10,150,76,0.0437514209980628
583,2,10,150,76,0.08356526807460651
584,2,10,150,76,0.0
585,2,10,150,76,0.08668163308546498
586,2,10,150,76,0.10132509239867551
587,2,10,150,76,0.03459392809572638
588,2,10,150,76,0.053821119735696775
589,2,10,150,76,0.13061191070808464
590,2,10,150,76,0.06139304560474655
591,2,10,150,76,0.0
592,2,10,150,76,0.32985476275673875
593,2,10,150,76,0.04586709436300111
594,2,10,150,76,0.0
595,2,10,150,76,0.0
596,2,10,150,76,0.0
597,2,10,150,76,0.0
598,2,10,150,76,0.0
599,2,10,150,76,0.0
600,2,10,150,76,0.024325165853816375
601,2,10,150,76,0.03369782041898502
602,2,10,150,76,0.0
603,2,10,150,76,0.1435203717549576
604,2,10,150,76,0.0
605,2,10,150,76,0.2645541144793553
606,2,10,150,76,0.23204083039530643
607,2,10,150,76,0.08440880858250024
608,2,10,150,76,0.2120992422792938
609,2,10,150,76,0.0
610,2,10,150,76,0.1629867900167321
611,2,10,150,76,0.08045389590462838
612,2,10,150,76,0.15130120674940672
613,2,10,150,76,0.0
614,2,10,150,76,0.08861505596859857
615,2,10,150,76,0.1479554402409639
616,2,10,150,76,0.0
617,2,10,150,76,0.044257815106106525
618,2,10,150,76,0.18766481803906507
619,2,10,150,76,0.09637551974188778
620,2,10,150,76,0.08396948777462541
621,2,10,150,76,0.06335388063984314
622,2,10,150,76,0.12980296240199146
623,2,10,150,76,0.0
624,2,10,150,76,0.0536466452928127
625,2,10,150,76,0.0
626,2,10,150,76,0.0
627,2,10,150,76,0.0
628,2,10,150,76,0.0
629,2,10,150,76,0.2466228630593721
630,2,10,150,76,0.0
631,2,10,150,76,0.16868725245403154
632,2,10,150,76,0.13439570003165963
633,2,10,150,76,0.07667481399289292
634,2,10,150,76,0.030975021478781034
635,2,10,150,76,0.0
636,2,10,150,76,0.0
637,2,10,150,76,0.0
638,2,10,150,76,0.0
639,2,10,150,76,0.0
640,2,10,150,76,0.07887611601996505
642,2,10,150,76,0.1329152156038286
643,2,10,150,76,0.0
644,2,10,150,76,0.0
645,2,10,150,76,0.09759501249802542
647,2,10,150,76,0.0
648,2,10,150,76,0.18159464350583557
649,2,10,150,76,1.0
650,2,10,150,76,0.0
651,2,10,150,76,0.0
653,2,10,150,76,0.040484256935344326
654,2,10,150,76,0.058087171966128066
655,2,10,150,76,0.1960260054527925
658,2,10,150,76,0.0
1,2,10,150,77,0.5343723497595074
2,2,10,150,77,0.2268511698743587
3,2,10,150,77,0.03098598178059488
4,2,10,150,77,0.06166887310869151
5,2,10,150,77,0.12620564628865164
6,2,10,150,77,0.17961772474519622
7,2,10,150,77,0.28651376570111786
8,2,10,150,77,0.06653535276206901
9,2,10,150,77,0.0
10,2,10,150,77,0.2043831529067321
11,2,10,150,77,0.10464473261331256
12,2,10,150,77,0.06832640546611278
13,2,10,150,77,0.36387466151324155
14,2,10,150,77,0.15461807617997098
15,2,10,150,77,0.01616702920033762
16,2,10,150,77,0.2662844928132153
17,2,10,150,77,0.10312948447052589
18,2,10,150,77,0.22391863115947294
19,2,10,150,77,0.0
20,2,10,150,77,0.031742154565302834
21,2,10,150,77,0.012720674487092647
22,2,10,150,77,0.05035691655673683
23,2,10,150,77,0.22807475621810358
24,2,10,150,77,0.10717514219558558
25,2,10,150,77,0.03078223202175778
26,2,10,150,77,0.12994496440026843
27,2,10,150,77,0.0
28,2,10,150,77,0.1358023930187833
29,2,10,150,77,0.0
30,2,10,150,77,0.0
31,2,10,150,77,0.046287481291184845
32,2,10,150,77,0.14779014095437779
33,2,10,150,77,0.0
34,2,10,150,77,0.07239559903187814
35,2,10,150,77,0.0
36,2,10,150,77,0.0
37,2,10,150,77,0.0
38,2,10,150,77,0.10363602216013926
39,2,10,150,77,0.15820890896021753
40,2,10,150,77,0.2212397779175911
41,2,10,150,77,0.0
42,2,10,150,77,0.20130152528989256
43,2,10,150,77,0.09662598732799078
44,2,10,150,77,0.1565413821318793
45,2,10,150,77,0.0
46,2,10,150,77,0.10684080426179023
47,2,10,150,77,0.11437926488327832
48,2,10,150,77,0.16438571914394637
49,2,10,150,77,0.05920283200708927
50,2,10,150,77,0.046726672111120165
51,2,10,150,77,0.07984133538066794
52,2,10,150,77,0.05244652348163508
53,2,10,150,77,0.12810519548676028
54,2,10,150,77,0.09672853477478108
55,2,10,150,77,0.0
56,2,10,150,77,0.22047893971599028
57,2,10,150,77,0.0524456916588361
58,2,10,150,77,0.16366022196121796
59,2,10,150,77,0.31379840368499157
60,2,10,150,77,0.2158570564681132
61,2,10,150,77,0.06416923277158361
62,2,10,150,77,0.18160332589227857
63,2,10,150,77,0.0763437499438357
64,2,10,150,77,0.04583023181159601
65,2,10,150,77,0.18154179097601578
66,2,10,150,77,0.12995427111679475
67,2,10,150,77,0.24630238874073
68,2,10,150,77,0.04358896759704514
69,2,10,150,77,0.19699902273515738
70,2,10,150,77,0.048917717601407604
71,2,10,150,77,0.08190066039082215
72,2,10,150,77,0.28907547922366217
73,2,10,150,77,0.26386730550459286
74,2,10,150,77,0.17342765698823945
75,2,10,150,77,0.16021137204676433
76,2,10,150,77,0.23191508057904175
77,2,10,150,77,0.15029758260072817
78,2,10,150,77,0.0
79,2,10,150,77,0.11837298765331451
80,2,10,150,77,0.1744476820873323
81,2,10,150,77,0.0
82,2,10,150,77,0.049032141255830185
83,2,10,150,77,0.046841820324159865
84,2,10,150,77,0.029136604147144557
85,2,10,150,77,0.18442983312439273
86,2,10,150,77,0.07028063830038406
87,2,10,150,77,0.19384373929491494
88,2,10,150,77,0.06294571929989644
89,2,10,150,77,0.2334685083478665
90,2,10,150,77,0.16391959585623272
91,2,10,150,77,0.07054411138080068
92,2,10,150,77,0.11133538092757587
93,2,10,150,77,0.0
94,2,10,150,77,0.2671170216026821
95,2,10,150,77,0.12825861699836838
96,2,10,150,77,0.2668702981549327
97,2,10,150,77,0.25684587489418775
98,2,10,150,77,0.0
99,2,10,150,77,0.13656436417013992
100,2,10,150,77,0.0
101,2,10,150,77,0.0
102,2,10,150,77,0.05671879843401278
103,2,10,150,77,0.04579340374561851
104,2,10,150,77,0.0
105,2,10,150,77,0.0
106,2,10,150,77,0.0
107,2,10,150,77,0.09995553728965398
108,2,10,150,77,0.04485361187694993
109,2,10,150,77,0.19016172590894406
110,2,10,150,77,0.037578324799282276
111,2,10,150,77,0.09077089626867633
112,2,10,150,77,0.0
113,2,10,150,77,0.178509607681865
114,2,10,150,77,0.02951022367272685
115,2,10,150,77,0.24220379575977083
116,2,10,150,77,0.041610162623197416
117,2,10,150,77,0.053087643823189194
118,2,10,150,77,0.19326159470866278
119,2,10,150,77,0.15212875834435738
120,2,10,150,77,0.361879195385413
121,2,10,150,77,0.115269333086109
122,2,10,150,77,0.1467899073100297
123,2,10,150,77,0.12990556389377814
124,2,10,150,77,0.18903749859471425
125,2,10,150,77,0.1656817885548098
126,2,10,150,77,0.0
127,2,10,150,77,0.12503310750358904
128,2,10,150,77,0.07117364753699024
129,2,10,150,77,0.0
130,2,10,150,77,0.10341907476772266
131,2,10,150,77,0.36227735599025207
132,2,10,150,77,0.12643913909707097
133,2,10,150,77,0.0
134,2,10,150,77,0.0
135,2,10,150,77,0.0
136,2,10,150,77,0.16609048789162614
137,2,10,150,77,0.06049988016540081
138,2,10,150,77,0.12962234330772782
139,2,10,150,77,0.05165643482805862
140,2,10,150,77,0.0
141,2,10,150,77,0.12556328258692692
142,2,10,150,77,0.0
143,2,10,150,77,0.06882065896991112
144,2,10,150,77,0.16664156206392014
145,2,10,150,77,0.11526087669754057
146,2,10,150,77,0.0
147,2,10,150,77,0.06664071636913875
148,2,10,150,77,0.1606863768135813
149,2,10,150,77,0.10486881530019958
150,2,10,150,77,0.0
151,2,10,150,77,0.2133837013114379
152,2,10,150,77,0.07373621614663974
153,2,10,150,77,0.071942683897578
154,2,10,150,77,0.08491065065836505
155,2,10,150,77,0.0
156,2,10,150,77,0.06437746926759551
157,2,10,150,77,0.06857646087959317
158,2,10,150,77,0.17368343162211233
159,2,10,150,77,0.024782300799839303
160,2,10,150,77,0.11705084481334227
161,2,10,150,77,0.0
162,2,10,150,77,0.08299661455725149
163,2,10,150,77,0.0
164,2,10,150,77,0.029649957429587842
165,2,10,150,77,0.0
166,2,10,150,77,0.06175696970122604
167,2,10,150,77,0.040419659112753054
168,2,10,150,77,0.0641665753731138
169,2,10,150,77,0.03870447337439288
170,2,10,150,77,0.0
171,2,10,150,77,0.0
172,2,10,150,77,0.08232325035020067
173,2,10,150,77,0.1448442050067646
174,2,10,150,77,0.24901068617406574
175,2,10,150,77,0.22732566419594713
176,2,10,150,77,0.027651749128023803
177,2,10,150,77,0.3152442026717657
178,2,10,150,77,0.1509306125771355
179,2,10,150,77,0.09299583347145139
180,2,10,150,77,0.11028996034222072
181,2,10,150,77,0.04631559748803258
182,2,10,150,77,0.05005165434923901
183,2,10,150,77,0.0
184,2,10,150,77,0.1459367639681911
185,2,10,150,77,0.0
186,2,10,150,77,0.05478814761334652
187,2,10,150,77,0.16902512893841318
188,2,10,150,77,0.29205722210115026
189,2,10,150,77,0.19661282626562737
190,2,10,150,77,0.025938546612492997
191,2,10,150,77,0.0
192,2,10,150,77,0.0
193,2,10,150,77,0.0
194,2,10,150,77,0.16098280776832483
195,2,10,150,77,0.04606861224913365
196,2,10,150,77,0.04485361187694993
197,2,10,150,77,0.16261436624219067
198,2,10,150,77,0.028186415745733433
199,2,10,150,77,0.2529427027676571
200,2,10,150,77,0.23903021781429204
201,2,10,150,77,0.13162146657704976
202,2,10,150,77,0.27487633291429087
203,2,10,150,77,0.10238606821339166
204,2,10,150,77,0.08325563768773413
205,2,10,150,77,0.1465996756793884
206,2,10,150,77,0.028694189013458257
207,2,10,150,77,0.0650800810952452
208,2,10,150,77,0.10318619832562911
209,2,10,150,77,0.0
210,2,10,150,77,0.18937175954951105
211,2,10,150,77,0.0
212,2,10,150,77,0.11738002835756964
213,2,10,150,77,0.1624219207093304
214,2,10,150,77,0.25168008015410515
215,2,10,150,77,0.11433722369502479
216,2,10,150,77,0.14425650580287722
217,2,10,150,77,0.10298663607405599
218,2,10,150,77,0.1023482199458735
219,2,10,150,77,0.0
220,2,10,150,77,0.0
221,2,10,150,77,0.10144613070733857
222,2,10,150,77,0.08529278129437462
223,2,10,150,77,0.0
224,2,10,150,77,0.029996736818897345
225,2,10,150,77,0.0
226,2,10,150,77,0.10111769293645066
227,2,10,150,77,0.0947812167140767
228,2,10,150,77,0.0
229,2,10,150,77,0.1353749952992483
230,2,10,150,77,0.29885542969810625
231,2,10,150,77,0.3903800499921017
232,2,10,150,77,0.11605494365670165
233,2,10,150,77,0.1669130437229485
234,2,10,150,77,0.19481392014303134
235,2,10,150,77,0.1075070751982482
236,2,10,150,77,0.14277726217629444
237,2,10,150,77,0.27346075713529205
238,2,10,150,77,0.0
239,2,10,150,77,0.08906178973229836
240,2,10,150,77,0.0
241,2,10,150,77,0.0
242,2,10,150,77,0.07673373981757839
243,2,10,150,77,0.2568245236714982
244,2,10,150,77,0.18280294015368334
245,2,10,150,77,0.0
246,2,10,150,77,0.12379877182510346
247,2,10,150,77,0.0
248,2,10,150,77,0.14176813152020928
249,2,10,150,77,0.21580604760725444
250,2,10,150,77,0.08513080051804543
251,2,10,150,77,0.12803494038364374
252,2,10,150,77,0.1904168294848087
253,2,10,150,77,0.18852956389601477
254,2,10,150,77,0.27040676448473944
255,2,10,150,77,0.04662184073981129
256,2,10,150,77,0.2981724287847049
257,2,10,150,77,0.10559687561546657
258,2,10,150,77,0.0
259,2,10,150,77,0.0
260,2,10,150,77,0.0
261,2,10,150,77,0.0
262,2,10,150,77,0.07399877500023122
263,2,10,150,77,0.16565508957374153
264,2,10,150,77,0.07935123938715939
265,2,10,150,77,0.08339602711200374
266,2,10,150,77,0.0
267,2,10,150,77,0.14681575200160665
268,2,10,150,77,0.17019160698213076
269,2,10,150,77,0.08209713778209621
270,2,10,150,77,0.122398451109695
271,2,10,150,77,0.20401896890378474
272,2,10,150,77,0.366296454316556
273,2,10,150,77,0.06267320809766952
274,2,10,150,77,0.05829918151249392
275,2,10,150,77,0.04105877938688906
276,2,10,150,77,0.19796583024354109
277,2,10,150,77,0.0
278,2,10,150,77,0.04305311721683474
279,2,10,150,77,0.21674557809312112
280,2,10,150,77,0.0841500632404169
281,2,10,150,77,0.05516788910004661
282,2,10,150,77,0.0
283,2,10,150,77,0.06286054135527182
284,2,10,150,77,0.0
285,2,10,150,77,0.15002687789384317
286,2,10,150,77,0.10716987013646836
287,2,10,150,77,0.11853073131207159
288,2,10,150,77,0.15938697521279735
289,2,10,150,77,0.06510475888148554
290,2,10,150,77,0.09449357188080848
291,2,10,150,77,0.17748922691988067
292,2,10,150,77,0.3713936936921286
293,2,10,150,77,0.1681420592057208
294,2,10,150,77,0.05942233668176323
295,2,10,150,77,0.21201342709556317
296,2,10,150,77,0.10863331355232851
297,2,10,150,77,0.10547809104886068
298,2,10,150,77,0.4252278238676385
299,2,10,150,77,0.05389882485565562
300,2,10,150,77,0.0
301,2,10,150,77,0.12514367933866224
302,2,10,150,77,0.0
303,2,10,150,77,0.36000002347581905
304,2,10,150,77,0.09811693595042764
305,2,10,150,77,0.15377587171217844
306,2,10,150,77,0.07286537763060504
307,2,10,150,77,0.17167816797422253
308,2,10,150,77,0.12639328355734597
309,2,10,150,77,0.0
310,2,10,150,77,0.0
311,2,10,150,77,0.25325295310341156
312,2,10,150,77,0.1666072485559496
313,2,10,150,77,0.22676062260704077
314,2,10,150,77,0.1364034674404962
315,2,10,150,77,0.18129588776381328
316,2,10,150,77,0.20030147904071285
317,2,10,150,77,0.0
318,2,10,150,77,0.13166957165834908
319,2,10,150,77,0.0
320,2,10,150,77,0.04539294738377069
321,2,10,150,77,0.12530728980532893
322,2,10,150,77,0.35190394711189377
323,2,10,150,77,0.028361369701356044
324,2,10,150,77,0.06573619640629956
325,2,10,150,77,0.0811231025632827
326,2,10,150,77,0.14774251547484274
327,2,10,150,77,0.0858237396376292
328,2,10,150,77,0.14304127376118922
329,2,10,150,77,0.0
330,2,10,150,77,0.1473695742186882
331,2,10,150,77,0.07806337179400324
332,2,10,150,77,0.18967146462948598
333,2,10,150,77,0.05206745415870339
334,2,10,150,77,0.12441315982193135
335,2,10,150,77,0.0
336,2,10,150,77,0.11501232379588432
337,2,10,150,77,0.10934082156401825
338,2,10,150,77,0.12065326649027912
339,2,10,150,77,0.2990104787179973
340,2,10,150,77,0.17896552649342137
341,2,10,150,77,0.0
342,2,10,150,77,0.27369687527821046
343,2,10,150,77,0.305322980061864
344,2,10,150,77,0.1523980172868318
345,2,10,150,77,0.10686772084589051
346,2,10,150,77,0.2102586943425689
347,2,10,150,77,0.19318603337387616
348,2,10,150,77,0.0
349,2,10,150,77,0.163169180413793
350,2,10,150,77,0.18939048055890495
351,2,10,150,77,0.1610216634970071
352,2,10,150,77,0.3057524544183157
353,2,10,150,77,0.0
354,2,10,150,77,0.08982081782386522
355,2,10,150,77,0.0
356,2,10,150,77,0.10061931714936387
357,2,10,150,77,0.14019634392566574
358,2,10,150,77,0.0
359,2,10,150,77,0.0
360,2,10,150,77,0.22728151171982378
361,2,10,150,77,0.12786031464335298
362,2,10,150,77,0.04690797720830594
363,2,10,150,77,0.1893419835173611
364,2,10,150,77,0.0
365,2,10,150,77,0.0
366,2,10,150,77,0.09184114803951915
367,2,10,150,77,0.05534563970541805
368,2,10,150,77,0.06788053752288492
369,2,10,150,77,0.21386152848601384
370,2,10,150,77,0.0957000625269241
371,2,10,150,77,0.1366471158428892
372,2,10,150,77,0.11359189468068477
373,2,10,150,77,0.10496983264762118
374,2,10,150,77,0.15487251618298847
375,2,10,150,77,0.1676614286651071
376,2,10,150,77,0.07216815292900357
377,2,10,150,77,0.34749036439127307
378,2,10,150,77,0.046978517328924135
379,2,10,150,77,0.2300230636638564
380,2,10,150,77,0.0590647057138947
381,2,10,150,77,0.13460387583977396
382,2,10,150,77,0.14582500956521116
383,2,10,150,77,0.09528948443146955
384,2,10,150,77,0.0
385,2,10,150,77,0.14507426329705486
386,2,10,150,77,0.0
387,2,10,150,77,0.17059084657874862
388,2,10,150,77,0.03275673003454543
389,2,10,150,77,0.24551030611440938
390,2,10,150,77,0.10466779365752882
391,2,10,150,77,0.18344326580289438
392,2,10,150,77,0.1057485781889368
393,2,10,150,77,0.1255715795735715
394,2,10,150,77,0.23203872840181228
395,2,10,150,77,0.17280189068434965
396,2,10,150,77,0.08006506288147622
397,2,10,150,77,0.2369341816089546
398,2,10,150,77,0.12633080592181342
399,2,10,150,77,0.028395742817149214
400,2,10,150,77,0.0
401,2,10,150,77,0.0
402,2,10,150,77,0.1798991830195577
403,2,10,150,77,0.23561122801255002
404,2,10,150,77,0.0
405,2,10,150,77,0.2503451139653485
406,2,10,150,77,0.23047865080450483
407,2,10,150,77,0.07468156545414024
408,2,10,150,77,0.08490303813485527
409,2,10,150,77,0.1854414927009712
410,2,10,150,77,0.1510508871592243
411,2,10,150,77,0.13359023741301432
412,2,10,150,77,0.041062015509212284
413,2,10,150,77,0.19475935863737628
414,2,10,150,77,0.04690797720830594
415,2,10,150,77,0.15582818336744758
416,2,10,150,77,0.5055913296992083
417,2,10,150,77,0.24573490143025845
418,2,10,150,77,0.05130633033097092
419,2,10,150,77,0.13043508853971056
420,2,10,150,77,0.1979106713561055
421,2,10,150,77,0.3102692669240346
422,2,10,150,77,0.0654076987556055
423,2,10,150,77,0.0
424,2,10,150,77,0.039270700903099615
425,2,10,150,77,0.05454061007192879
426,2,10,150,77,0.03206656709567107
427,2,10,150,77,0.0
428,2,10,150,77,0.09545062073374358
429,2,10,150,77,0.22614778353284903
430,2,10,150,77,0.17441334704295655
431,2,10,150,77,0.0
432,2,10,150,77,0.13181508781832452
433,2,10,150,77,0.10047622221317463
434,2,10,150,77,0.21435951014939544
435,2,10,150,77,0.29189239992751803
436,2,10,150,77,0.08073573433990566
437,2,10,150,77,0.22602506480580828
438,2,10,150,77,0.11342455428465782
439,2,10,150,77,0.0
440,2,10,150,77,0.056388463063434605
441,2,10,150,77,0.1731866333482261
442,2,10,150,77,0.04062732041938225
443,2,10,150,77,0.0
444,2,10,150,77,0.0796221118108625
445,2,10,150,77,0.06656553044254701
446,2,10,150,77,0.15440950258541247
447,2,10,150,77,0.055923854163236565
448,2,10,150,77,0.049326153683410964
449,2,10,150,77,0.1400796026466503
450,2,10,150,77,0.47457007347593483
451,2,10,150,77,0.05163551141839463
452,2,10,150,77,0.21040183700089274
453,2,10,150,77,0.1175424009487046
454,2,10,150,77,0.0
455,2,10,150,77,0.14243800597845013
456,2,10,150,77,0.07797584790980183
457,2,10,150,77,0.4486427719853069
458,2,10,150,77,0.23524507740750364
459,2,10,150,77,0.2127188263052183
460,2,10,150,77,0.07041837375515932
461,2,10,150,77,0.06961399513856609
462,2,10,150,77,0.18564976427020158
463,2,10,150,77,0.21881515471619958
464,2,10,150,77,0.06726768733602535
465,2,10,150,77,0.10783006935442738
466,2,10,150,77,0.12816210679182038
467,2,10,150,77,0.09300532025926726
468,2,10,150,77,0.2397162903073084
469,2,10,150,77,0.05651614765972419
470,2,10,150,77,0.04760723841253984
471,2,10,150,77,0.0
472,2,10,150,77,0.22980633914044687
473,2,10,150,77,0.2622744659873325
474,2,10,150,77,0.38691603868149255
475,2,10,150,77,0.07311683844390994
476,2,10,150,77,0.021791008948563714
477,2,10,150,77,0.07075576072108061
478,2,10,150,77,0.13180376528048332
479,2,10,150,77,0.20533413348605112
480,2,10,150,77,0.15920120556239784
481,2,10,150,77,0.08549221385843568
482,2,10,150,77,0.04290887548434951
483,2,10,150,77,0.0273055648695642
484,2,10,150,77,0.20193976177882433
485,2,10,150,77,0.036556008482007775
486,2,10,150,77,0.02801058107494064
487,2,10,150,77,0.2943173019814057
488,2,10,150,77,0.0
489,2,10,150,77,0.026867523156213612
490,2,10,150,77,0.11630686983226163
491,2,10,150,77,0.03859643636257609
492,2,10,150,77,0.1338895448360617
493,2,10,150,77,0.23813103779788555
494,2,10,150,77,0.10841985052222541
495,2,10,150,77,0.19241298393549466
496,2,10,150,77,0.023205371908120297
497,2,10,150,77,0.16277126429422464
498,2,10,150,77,0.07358364093338247
499,2,10,150,77,0.10804037134297641
500,2,10,150,77,0.13949865569066605
501,2,10,150,77,0.02184231145035861
502,2,10,150,77,0.06689893193796337
503,2,10,150,77,0.20121709030500673
504,2,10,150,77,0.12205082386496188
505,2,10,150,77,0.05688647497208646
506,2,10,150,77,0.11986779776853813
507,2,10,150,77,0.02186947737677948
508,2,10,150,77,0.20345924618307185
509,2,10,150,77,0.031611854308622345
510,2,10,150,77,0.0
511,2,10,150,77,0.0
512,2,10,150,77,0.08364069030518707
513,2,10,150,77,0.11506360809154491
514,2,10,150,77,0.16578726587197626
515,2,10,150,77,0.034743705427429224
516,2,10,150,77,0.1340330647732781
517,2,10,150,77,0.07931777113368761
518,2,10,150,77,0.14341019153063672
519,2,10,150,77,0.10560636946921488
520,2,10,150,77,0.0
521,2,10,150,77,0.0
522,2,10,150,77,0.0559167101555819
523,2,10,150,77,0.21950613822622128
524,2,10,150,77,0.1142184876894402
525,2,10,150,77,0.0
526,2,10,150,77,0.02505758835695044
527,2,10,150,77,0.35360031514866236
528,2,10,150,77,0.2269962474823218
529,2,10,150,77,0.0
530,2,10,150,77,0.05554513395194445
531,2,10,150,77,0.0
532,2,10,150,77,0.1131612529506295
533,2,10,150,77,0.029688866447733817
534,2,10,150,77,0.024909303741335254
535,2,10,150,77,0.20139880789960526
536,2,10,150,77,0.16340884055250954
537,2,10,150,77,0.4606549637221775
538,2,10,150,77,0.032394594743117074
539,2,10,150,77,0.09953437200841515
540,2,10,150,77,0.0
541,2,10,150,77,0.06833564325125971
542,2,10,150,77,0.07797598981103891
543,2,10,150,77,0.06134013858739336
544,2,10,150,77,0.0
545,2,10,150,77,0.060216826583478454
546,2,10,150,77,0.03314153504336938
547,2,10,150,77,0.04855455745827926
548,2,10,150,77,0.06756330113823399
549,2,10,150,77,0.0
550,2,10,150,77,0.09688698360286704
551,2,10,150,77,0.242931119309274
552,2,10,150,77,0.048059443651065493
553,2,10,150,77,0.19665909695314335
554,2,10,150,77,0.08856716582657766
555,2,10,150,77,0.09809088686968297
556,2,10,150,77,0.16258997327839542
557,2,10,150,77,0.04470486007704452
558,2,10,150,77,0.265053101293003
559,2,10,150,77,0.1306794248970741
560,2,10,150,77,0.046716390531725466
561,2,10,150,77,0.13298167076551182
562,2,10,150,77,0.07720150835011791
563,2,10,150,77,0.0
564,2,10,150,77,0.0
565,2,10,150,77,0.28663011782160785
566,2,10,150,77,0.049763902181020156
567,2,10,150,77,0.09272963807674517
568,2,10,150,77,0.0
569,2,10,150,77,0.17563954439010937
570,2,10,150,77,0.0
571,2,10,150,77,0.16104477175644444
572,2,10,150,77,0.0
573,2,10,150,77,0.03246641181906899
574,2,10,150,77,0.05058854055353143
575,2,10,150,77,0.05154847002173459
576,2,10,150,77,0.0
577,2,10,150,77,0.0784247757209491
578,2,10,150,77,0.0
579,2,10,150,77,0.08297540479108526
580,2,10,150,77,0.21602760439924668
581,2,10,150,77,0.0
582,2,10,150,77,0.0437514209980628
583,2,10,150,77,0.08356526807460651
584,2,10,150,77,0.0
585,2,10,150,77,0.08668163308546498
586,2,10,150,77,0.10132509239867551
587,2,10,150,77,0.03459392809572638
588,2,10,150,77,0.053821119735696775
589,2,10,150,77,0.13061191070808464
590,2,10,150,77,0.06139304560474655
591,2,10,150,77,0.0
592,2,10,150,77,0.3268374262375014
593,2,10,150,77,0.04586709436300111
594,2,10,150,77,0.0
595,2,10,150,77,0.0
596,2,10,150,77,0.0
597,2,10,150,77,0.0
598,2,10,150,77,0.0
599,2,10,150,77,0.0
600,2,10,150,77,0.024325165853816375
601,2,10,150,77,0.03369782041898502
602,2,10,150,77,0.0
603,2,10,150,77,0.1435203717549576
604,2,10,150,77,0.0
605,2,10,150,77,0.2645541144793553
606,2,10,150,77,0.23204083039530643
607,2,10,150,77,0.08440880858250024
608,2,10,150,77,0.2120992422792938
609,2,10,150,77,0.0
610,2,10,150,77,0.1629867900167321
611,2,10,150,77,0.08045389590462838
612,2,10,150,77,0.15130120674940672
613,2,10,150,77,0.0
614,2,10,150,77,0.08861505596859857
615,2,10,150,77,0.1479554402409639
616,2,10,150,77,0.0
617,2,10,150,77,0.044257815106106525
618,2,10,150,77,0.18766481803906507
619,2,10,150,77,0.09637551974188778
620,2,10,150,77,0.08396948777462541
621,2,10,150,77,0.06335388063984314
622,2,10,150,77,0.12980296240199146
623,2,10,150,77,0.0
624,2,10,150,77,0.0536466452928127
625,2,10,150,77,0.0
626,2,10,150,77,0.0
627,2,10,150,77,0.0
628,2,10,150,77,0.0
629,2,10,150,77,0.2466228630593721
630,2,10,150,77,0.0
631,2,10,150,77,0.16868725245403154
632,2,10,150,77,0.13439570003165963
633,2,10,150,77,0.07667481399289292
634,2,10,150,77,0.030975021478781034
635,2,10,150,77,0.0
636,2,10,150,77,0.0
637,2,10,150,77,0.0
638,2,10,150,77,0.0
639,2,10,150,77,0.0
640,2,10,150,77,0.07887611601996505
642,2,10,150,77,0.1329152156038286
643,2,10,150,77,0.0
644,2,10,150,77,0.0
645,2,10,150,77,0.09759501249802542
647,2,10,150,77,0.0
648,2,10,150,77,0.18159464350583557
649,2,10,150,77,1.0
650,2,10,150,77,0.0
651,2,10,150,77,0.0
653,2,10,150,77,0.040484256935344326
654,2,10,150,77,0.058087171966128066
655,2,10,150,77,0.1960260054527925
658,2,10,150,77,0.0
1,2,10,150,78,0.5343723497595074
2,2,10,150,78,0.2268511698743587
3,2,10,150,78,0.03098598178059488
4,2,10,150,78,0.06166887310869151
5,2,10,150,78,0.12620564628865164
6,2,10,150,78,0.17961772474519622
7,2,10,150,78,0.28392415012063726
8,2,10,150,78,0.06653535276206901
9,2,10,150,78,0.0
10,2,10,150,78,0.2043831529067321
11,2,10,150,78,0.10464473261331256
12,2,10,150,78,0.06832640546611278
13,2,10,150,78,0.3696241935947201
14,2,10,150,78,0.15461807617997098
15,2,10,150,78,0.01616702920033762
16,2,10,150,78,0.2662844928132153
17,2,10,150,78,0.10312948447052589
18,2,10,150,78,0.22391863115947294
19,2,10,150,78,0.0
20,2,10,150,78,0.031742154565302834
21,2,10,150,78,0.012720674487092647
22,2,10,150,78,0.05035691655673683
23,2,10,150,78,0.22807475621810358
24,2,10,150,78,0.10717514219558558
25,2,10,150,78,0.03078223202175778
26,2,10,150,78,0.12994496440026843
27,2,10,150,78,0.0
28,2,10,150,78,0.16080076733974918
29,2,10,150,78,0.0
30,2,10,150,78,0.0
31,2,10,150,78,0.046287481291184845
32,2,10,150,78,0.14779014095437779
33,2,10,150,78,0.0
34,2,10,150,78,0.07239559903187814
35,2,10,150,78,0.0
36,2,10,150,78,0.0
37,2,10,150,78,0.0
38,2,10,150,78,0.10363602216013926
39,2,10,150,78,0.15820890896021753
40,2,10,150,78,0.2212397779175911
41,2,10,150,78,0.0
42,2,10,150,78,0.20130152528989256
43,2,10,150,78,0.09662598732799078
44,2,10,150,78,0.1565413821318793
45,2,10,150,78,0.0
46,2,10,150,78,0.10684080426179023
47,2,10,150,78,0.11437926488327832
48,2,10,150,78,0.16438571914394637
49,2,10,150,78,0.05920283200708927
50,2,10,150,78,0.046726672111120165
51,2,10,150,78,0.07984133538066794
52,2,10,150,78,0.05244652348163508
53,2,10,150,78,0.12810519548676028
54,2,10,150,78,0.09672853477478108
55,2,10,150,78,0.0
56,2,10,150,78,0.22047893971599028
57,2,10,150,78,0.0524456916588361
58,2,10,150,78,0.16366022196121796
59,2,10,150,78,0.3109621796267022
60,2,10,150,78,0.2158570564681132
61,2,10,150,78,0.06416923277158361
62,2,10,150,78,0.18160332589227857
63,2,10,150,78,0.0763437499438357
64,2,10,150,78,0.04583023181159601
65,2,10,150,78,0.18154179097601578
66,2,10,150,78,0.12995427111679475
67,2,10,150,78,0.24630238874073
68,2,10,150,78,0.04358896759704514
69,2,10,150,78,0.19699902273515738
70,2,10,150,78,0.048917717601407604
71,2,10,150,78,0.08190066039082215
72,2,10,150,78,0.28907547922366217
73,2,10,150,78,0.26386730550459286
74,2,10,150,78,0.17342765698823945
75,2,10,150,78,0.16021137204676433
76,2,10,150,78,0.23191508057904175
77,2,10,150,78,0.15029758260072817
78,2,10,150,78,0.0
79,2,10,150,78,0.11837298765331451
80,2,10,150,78,0.1744476820873323
81,2,10,150,78,0.0
82,2,10,150,78,0.06437887178128218
83,2,10,150,78,0.046841820324159865
84,2,10,150,78,0.029136604147144557
85,2,10,150,78,0.18442983312439273
86,2,10,150,78,0.07028063830038406
87,2,10,150,78,0.19384373929491494
88,2,10,150,78,0.06294571929989644
89,2,10,150,78,0.2334685083478665
90,2,10,150,78,0.16391959585623272
91,2,10,150,78,0.07054411138080068
92,2,10,150,78,0.11032909127722257
93,2,10,150,78,0.0
94,2,10,150,78,0.2647027208473199
95,2,10,150,78,0.12709936898772883
96,2,10,150,78,0.2668702981549327
97,2,10,150,78,0.25684587489418775
98,2,10,150,78,0.0
99,2,10,150,78,0.13656436417013992
100,2,10,150,78,0.0
101,2,10,150,78,0.0
102,2,10,150,78,0.05671879843401278
103,2,10,150,78,0.04579340374561851
104,2,10,150,78,0.0
105,2,10,150,78,0.0
106,2,10,150,78,0.0
107,2,10,150,78,0.09995553728965398
108,2,10,150,78,0.04485361187694993
109,2,10,150,78,0.19016172590894406
110,2,10,150,78,0.037578324799282276
111,2,10,150,78,0.09077089626867633
112,2,10,150,78,0.0
113,2,10,150,78,0.178509607681865
114,2,10,150,78,0.02951022367272685
115,2,10,150,78,0.24220379575977083
116,2,10,150,78,0.041610162623197416
117,2,10,150,78,0.053087643823189194
118,2,10,150,78,0.19326159470866278
119,2,10,150,78,0.15212875834435738
120,2,10,150,78,0.361879195385413
121,2,10,150,78,0.115269333086109
122,2,10,150,78,0.1467899073100297
123,2,10,150,78,0.12990556389377814
124,2,10,150,78,0.18903749859471425
125,2,10,150,78,0.1656817885548098
126,2,10,150,78,0.0
127,2,10,150,78,0.12503310750358904
128,2,10,150,78,0.07117364753699024
129,2,10,150,78,0.0
130,2,10,150,78,0.10248433557052557
131,2,10,150,78,0.36227735599025207
132,2,10,150,78,0.12643913909707097
133,2,10,150,78,0.0
134,2,10,150,78,0.0
135,2,10,150,78,0.0
136,2,10,150,78,0.16609048789162614
137,2,10,150,78,0.08756446649764923
138,2,10,150,78,0.12962234330772782
139,2,10,150,78,0.05165643482805862
140,2,10,150,78,0.0
141,2,10,150,78,0.12556328258692692
142,2,10,150,78,0.0
143,2,10,150,78,0.06882065896991112
144,2,10,150,78,0.16664156206392014
145,2,10,150,78,0.11421910698924959
146,2,10,150,78,0.0
147,2,10,150,78,0.06664071636913875
148,2,10,150,78,0.1606863768135813
149,2,10,150,78,0.10486881530019958
150,2,10,150,78,0.0
151,2,10,150,78,0.22049342540430694
152,2,10,150,78,0.07373621614663974
153,2,10,150,78,0.071942683897578
154,2,10,150,78,0.08491065065836505
155,2,10,150,78,0.0
156,2,10,150,78,0.06437746926759551
157,2,10,150,78,0.06857646087959317
158,2,10,150,78,0.17368343162211233
159,2,10,150,78,0.024782300799839303
160,2,10,150,78,0.11705084481334227
161,2,10,150,78,0.0
162,2,10,150,78,0.08299661455725149
163,2,10,150,78,0.0
164,2,10,150,78,0.029649957429587842
165,2,10,150,78,0.0
166,2,10,150,78,0.06175696970122604
167,2,10,150,78,0.040419659112753054
168,2,10,150,78,0.0641665753731138
169,2,10,150,78,0.03870447337439288
170,2,10,150,78,0.0
171,2,10,150,78,0.0
172,2,10,150,78,0.08232325035020067
173,2,10,150,78,0.1448442050067646
174,2,10,150,78,0.24901068617406574
175,2,10,150,78,0.22732566419594713
176,2,10,150,78,0.027651749128023803
177,2,10,150,78,0.3152442026717657
178,2,10,150,78,0.1509306125771355
179,2,10,150,78,0.09299583347145139
180,2,10,150,78,0.11028996034222072
181,2,10,150,78,0.04589698027925458
182,2,10,150,78,0.05005165434923901
183,2,10,150,78,0.0
184,2,10,150,78,0.1459367639681911
185,2,10,150,78,0.0
186,2,10,150,78,0.05478814761334652
187,2,10,150,78,0.16902512893841318
188,2,10,150,78,0.29205722210115026
189,2,10,150,78,0.19661282626562737
190,2,10,150,78,0.025938546612492997
191,2,10,150,78,0.0
192,2,10,150,78,0.0
193,2,10,150,78,0.0
194,2,10,150,78,0.1685661501881119
195,2,10,150,78,0.04606861224913365
196,2,10,150,78,0.04485361187694993
197,2,10,150,78,0.16261436624219067
198,2,10,150,78,0.028186415745733433
199,2,10,150,78,0.2529427027676571
200,2,10,150,78,0.23903021781429204
201,2,10,150,78,0.13947018747324852
202,2,10,150,78,0.27487633291429087
203,2,10,150,78,0.10238606821339166
204,2,10,150,78,0.08325563768773413
205,2,10,150,78,0.1465996756793884
206,2,10,150,78,0.028694189013458257
207,2,10,150,78,0.0650800810952452
208,2,10,150,78,0.10318619832562911
209,2,10,150,78,0.0
210,2,10,150,78,0.18937175954951105
211,2,10,150,78,0.0
212,2,10,150,78,0.11738002835756964
213,2,10,150,78,0.1777686512347824
214,2,10,150,78,0.25168008015410515
215,2,10,150,78,0.11433722369502479
216,2,10,150,78,0.14425650580287722
217,2,10,150,78,0.10298663607405599
218,2,10,150,78,0.1023482199458735
219,2,10,150,78,0.0
220,2,10,150,78,0.0
221,2,10,150,78,0.10144613070733857
222,2,10,150,78,0.08452187412765634
223,2,10,150,78,0.0
224,2,10,150,78,0.029996736818897345
225,2,10,150,78,0.0
226,2,10,150,78,0.10111769293645066
227,2,10,150,78,0.0947812167140767
228,2,10,150,78,0.0
229,2,10,150,78,0.1353749952992483
230,2,10,150,78,0.29885542969810625
231,2,10,150,78,0.3903800499921017
232,2,10,150,78,0.11605494365670165
233,2,10,150,78,0.1669130437229485
234,2,10,150,78,0.20209148466940327
235,2,10,150,78,0.1075070751982482
236,2,10,150,78,0.14277726217629444
237,2,10,150,78,0.27346075713529205
238,2,10,150,78,0.0
239,2,10,150,78,0.08906178973229836
240,2,10,150,78,0.0
241,2,10,150,78,0.0
242,2,10,150,78,0.07673373981757839
243,2,10,150,78,0.2568245236714982
244,2,10,150,78,0.18280294015368334
245,2,10,150,78,0.0
246,2,10,150,78,0.12379877182510346
247,2,10,150,78,0.0
248,2,10,150,78,0.14176813152020928
249,2,10,150,78,0.21580604760725444
250,2,10,150,78,0.08513080051804543
251,2,10,150,78,0.12803494038364374
252,2,10,150,78,0.1904168294848087
253,2,10,150,78,0.18852956389601477
254,2,10,150,78,0.27040676448473944
255,2,10,150,78,0.04662184073981129
256,2,10,150,78,0.2981724287847049
257,2,10,150,78,0.10559687561546657
258,2,10,150,78,0.0
259,2,10,150,78,0.0
260,2,10,150,78,0.0
261,2,10,150,78,0.0
262,2,10,150,78,0.07399877500023122
263,2,10,150,78,0.16565508957374153
264,2,10,150,78,0.07935123938715939
265,2,10,150,78,0.08339602711200374
266,2,10,150,78,0.0
267,2,10,150,78,0.14681575200160665
268,2,10,150,78,0.17769171692663613
269,2,10,150,78,0.08135511400326265
270,2,10,150,78,0.122398451109695
271,2,10,150,78,0.20401896890378474
272,2,10,150,78,0.366296454316556
273,2,10,150,78,0.06267320809766952
274,2,10,150,78,0.05829918151249392
275,2,10,150,78,0.04105877938688906
276,2,10,150,78,0.20521490666050377
277,2,10,150,78,0.0
278,2,10,150,78,0.04305311721683474
279,2,10,150,78,0.21478655275743888
280,2,10,150,78,0.0841500632404169
281,2,10,150,78,0.05516788910004661
282,2,10,150,78,0.0
283,2,10,150,78,0.06286054135527182
284,2,10,150,78,0.0
285,2,10,150,78,0.15002687789384317
286,2,10,150,78,0.10716987013646836
287,2,10,150,78,0.11853073131207159
288,2,10,150,78,0.15938697521279735
289,2,10,150,78,0.06510475888148554
290,2,10,150,78,0.09449357188080848
291,2,10,150,78,0.17748922691988067
292,2,10,150,78,0.3713936936921286
293,2,10,150,78,0.17566069370817106
294,2,10,150,78,0.05942233668176323
295,2,10,150,78,0.21201342709556317
296,2,10,150,78,0.10863331355232851
297,2,10,150,78,0.10547809104886068
298,2,10,150,78,0.4252278238676385
299,2,10,150,78,0.05389882485565562
300,2,10,150,78,0.0
301,2,10,150,78,0.12514367933866224
302,2,10,150,78,0.0
303,2,10,150,78,0.3567462123806172
304,2,10,150,78,0.09811693595042764
305,2,10,150,78,0.15377587171217844
306,2,10,150,78,0.07286537763060504
307,2,10,150,78,0.17167816797422253
308,2,10,150,78,0.12525089510851437
309,2,10,150,78,0.0
310,2,10,150,78,0.0
311,2,10,150,78,0.25325295310341156
312,2,10,150,78,0.1666072485559496
313,2,10,150,78,0.22676062260704077
314,2,10,150,78,0.1364034674404962
315,2,10,150,78,0.18129588776381328
316,2,10,150,78,0.20030147904071285
317,2,10,150,78,0.0
318,2,10,150,78,0.13166957165834908
319,2,10,150,78,0.0
320,2,10,150,78,0.04539294738377069
321,2,10,150,78,0.12530728980532893
322,2,10,150,78,0.35190394711189377
323,2,10,150,78,0.028361369701356044
324,2,10,150,78,0.06573619640629956
325,2,10,150,78,0.0811231025632827
326,2,10,150,78,0.14774251547484274
327,2,10,150,78,0.08504803347636727
328,2,10,150,78,0.14304127376118922
329,2,10,150,78,0.0
330,2,10,150,78,0.1473695742186882
331,2,10,150,78,0.07806337179400324
332,2,10,150,78,0.20308551734089297
333,2,10,150,78,0.05206745415870339
334,2,10,150,78,0.12328866845132201
335,2,10,150,78,0.0
336,2,10,150,78,0.11501232379588432
337,2,10,150,78,0.10934082156401825
338,2,10,150,78,0.12065326649027912
339,2,10,150,78,0.3053462768658572
340,2,10,150,78,0.17896552649342137
341,2,10,150,78,0.0
342,2,10,150,78,0.27369687527821046
343,2,10,150,78,0.305322980061864
344,2,10,150,78,0.1523980172868318
345,2,10,150,78,0.10686772084589051
346,2,10,150,78,0.2102586943425689
347,2,10,150,78,0.20485510809551669
348,2,10,150,78,0.0
349,2,10,150,78,0.163169180413793
350,2,10,150,78,0.18939048055890495
351,2,10,150,78,0.1610216634970071
352,2,10,150,78,0.3057524544183157
353,2,10,150,78,0.0
354,2,10,150,78,0.08982081782386522
355,2,10,150,78,0.0
356,2,10,150,78,0.10061931714936387
357,2,10,150,78,0.14019634392566574
358,2,10,150,78,0.0
359,2,10,150,78,0.0
360,2,10,150,78,0.22728151171982378
361,2,10,150,78,0.12786031464335298
362,2,10,150,78,0.04690797720830594
363,2,10,150,78,0.1876306418324134
364,2,10,150,78,0.0
365,2,10,150,78,0.0
366,2,10,150,78,0.09184114803951915
367,2,10,150,78,0.05534563970541805
368,2,10,150,78,0.06788053752288492
369,2,10,150,78,0.21386152848601384
370,2,10,150,78,0.0957000625269241
371,2,10,150,78,0.1366471158428892
372,2,10,150,78,0.11359189468068477
373,2,10,150,78,0.10496983264762118
374,2,10,150,78,0.15347272207566426
375,2,10,150,78,0.1676614286651071
376,2,10,150,78,0.07216815292900357
377,2,10,150,78,0.34749036439127307
378,2,10,150,78,0.046553908409610406
379,2,10,150,78,0.2300230636638564
380,2,10,150,78,0.0590647057138947
381,2,10,150,78,0.13460387583977396
382,2,10,150,78,0.14582500956521116
383,2,10,150,78,0.09528948443146955
384,2,10,150,78,0.0
385,2,10,150,78,0.14376302936160515
386,2,10,150,78,0.0
387,2,10,150,78,0.16904898448668937
388,2,10,150,78,0.03275673003454543
389,2,10,150,78,0.24329129470905286
390,2,10,150,78,0.10466779365752882
391,2,10,150,78,0.18344326580289438
392,2,10,150,78,0.12138569867291392
393,2,10,150,78,0.13347498154802848
394,2,10,150,78,0.23203872840181228
395,2,10,150,78,0.17280189068434965
396,2,10,150,78,0.08006506288147622
397,2,10,150,78,0.2369341816089546
398,2,10,150,78,0.12633080592181342
399,2,10,150,78,0.02813909176989965
400,2,10,150,78,0.0
401,2,10,150,78,0.0
402,2,10,150,78,0.1798991830195577
403,2,10,150,78,0.23561122801255002
404,2,10,150,78,0.0
405,2,10,150,78,0.24808240380887336
406,2,10,150,78,0.22839550096480707
407,2,10,150,78,0.07400656631404146
408,2,10,150,78,0.08490303813485527
409,2,10,150,78,0.1854414927009712
410,2,10,150,78,0.1510508871592243
411,2,10,150,78,0.13359023741301432
412,2,10,150,78,0.041062015509212284
413,2,10,150,78,0.19475935863737628
414,2,10,150,78,0.04690797720830594
415,2,10,150,78,0.15582818336744758
416,2,10,150,78,0.5010216114466104
417,2,10,150,78,0.24351386005078252
418,2,10,150,78,0.05130633033097092
419,2,10,150,78,0.13043508853971056
420,2,10,150,78,0.1979106713561055
421,2,10,150,78,0.3102692669240346
422,2,10,150,78,0.0654076987556055
423,2,10,150,78,0.0
424,2,10,150,78,0.039270700903099615
425,2,10,150,78,0.05404765220909955
426,2,10,150,78,0.03206656709567107
427,2,10,150,78,0.0
428,2,10,150,78,0.09545062073374358
429,2,10,150,78,0.22410377764609968
430,2,10,150,78,0.17441334704295655
431,2,10,150,78,0.0
432,2,10,150,78,0.13181508781832452
433,2,10,150,78,0.10047622221317463
434,2,10,150,78,0.21435951014939544
435,2,10,150,78,0.2892541702954218
436,2,10,150,78,0.08073573433990566
437,2,10,150,78,0.23302053165947129
438,2,10,150,78,0.11342455428465782
439,2,10,150,78,0.0
440,2,10,150,78,0.056388463063434605
441,2,10,150,78,0.1731866333482261
442,2,10,150,78,0.04062732041938225
443,2,10,150,78,0.0
444,2,10,150,78,0.0796221118108625
445,2,10,150,78,0.06656553044254701
446,2,10,150,78,0.15440950258541247
447,2,10,150,78,0.055923854163236565
448,2,10,150,78,0.049326153683410964
449,2,10,150,78,0.1400796026466503
450,2,10,150,78,0.47931910017923435
451,2,10,150,78,0.05163551141839463
452,2,10,150,78,0.20850014870355757
453,2,10,150,78,0.1175424009487046
454,2,10,150,78,0.0
455,2,10,150,78,0.14115059949509406
456,2,10,150,78,0.07727107384718646
457,2,10,150,78,0.4445877755017693
458,2,10,150,78,0.23524507740750364
459,2,10,150,78,0.2127188263052183
460,2,10,150,78,0.07041837375515932
461,2,10,150,78,0.06961399513856609
462,2,10,150,78,0.18564976427020158
463,2,10,150,78,0.21881515471619958
464,2,10,150,78,0.06726768733602535
465,2,10,150,78,0.10783006935442738
466,2,10,150,78,0.12816210679182038
467,2,10,150,78,0.09300532025926726
468,2,10,150,78,0.2504459841080331
469,2,10,150,78,0.07770822948326245
470,2,10,150,78,0.04760723841253984
471,2,10,150,78,0.0
472,2,10,150,78,0.22772926589799714
473,2,10,150,78,0.2622744659873325
474,2,10,150,78,0.3924573144191105
475,2,10,150,78,0.07311683844390994
476,2,10,150,78,0.021791008948563714
477,2,10,150,78,0.07075576072108061
478,2,10,150,78,0.13180376528048332
479,2,10,150,78,0.20347824893551736
480,2,10,150,78,0.15920120556239784
481,2,10,150,78,0.08549221385843568
482,2,10,150,78,0.04290887548434951
483,2,10,150,78,0.0273055648695642
484,2,10,150,78,0.20193976177882433
485,2,10,150,78,0.036556008482007775
486,2,10,150,78,0.02801058107494064
487,2,10,150,78,0.2916571552029395
488,2,10,150,78,0.0
489,2,10,150,78,0.026867523156213612
490,2,10,150,78,0.11630686983226163
491,2,10,150,78,0.03859643636257609
492,2,10,150,78,0.1338895448360617
493,2,10,150,78,0.23813103779788555
494,2,10,150,78,0.10841985052222541
495,2,10,150,78,0.19067388543226288
496,2,10,150,78,0.023205371908120297
497,2,10,150,78,0.17033844199371234
498,2,10,150,78,0.07358364093338247
499,2,10,150,78,0.10804037134297641
500,2,10,150,78,0.13823781612385275
501,2,10,150,78,0.02184231145035861
502,2,10,150,78,0.06689893193796337
503,2,10,150,78,0.20121709030500673
504,2,10,150,78,0.1209476841455918
505,2,10,150,78,0.05688647497208646
506,2,10,150,78,0.11878438903269711
507,2,10,150,78,0.02186947737677948
508,2,10,150,78,0.20345924618307185
509,2,10,150,78,0.031611854308622345
510,2,10,150,78,0.0
511,2,10,150,78,0.0
512,2,10,150,78,0.08364069030518707
513,2,10,150,78,0.11506360809154491
514,2,10,150,78,0.16578726587197626
515,2,10,150,78,0.034743705427429224
516,2,10,150,78,0.1340330647732781
517,2,10,150,78,0.07931777113368761
518,2,10,150,78,0.14341019153063672
519,2,10,150,78,0.10560636946921488
520,2,10,150,78,0.0
521,2,10,150,78,0.0
522,2,10,150,78,0.0559167101555819
523,2,10,150,78,0.21950613822622128
524,2,10,150,78,0.11318613947197952
525,2,10,150,78,0.0
526,2,10,150,78,0.02505758835695044
527,2,10,150,78,0.35360031514866236
528,2,10,150,78,0.2269962474823218
529,2,10,150,78,0.0
530,2,10,150,78,0.05554513395194445
531,2,10,150,78,0.0
532,2,10,150,78,0.1121384604051106
533,2,10,150,78,0.029420527678977904
534,2,10,150,78,0.024909303741335254
535,2,10,150,78,0.20139880789960526
536,2,10,150,78,0.16340884055250954
537,2,10,150,78,0.4564913966825223
538,2,10,150,78,0.032394594743117074
539,2,10,150,78,0.09953437200841515
540,2,10,150,78,0.0
541,2,10,150,78,0.06833564325125971
542,2,10,150,78,0.07797598981103891
543,2,10,150,78,0.06134013858739336
544,2,10,150,78,0.0
545,2,10,150,78,0.060216826583478454
546,2,10,150,78,0.03314153504336938
547,2,10,150,78,0.04855455745827926
548,2,10,150,78,0.06756330113823399
549,2,10,150,78,0.0
550,2,10,150,78,0.09688698360286704
551,2,10,150,78,0.24073541953196162
552,2,10,150,78,0.048059443651065493
553,2,10,150,78,0.2122962174371205
554,2,10,150,78,0.08856716582657766
555,2,10,150,78,0.09809088686968297
556,2,10,150,78,0.16258997327839542
557,2,10,150,78,0.04470486007704452
558,2,10,150,78,0.265053101293003
559,2,10,150,78,0.1306794248970741
560,2,10,150,78,0.046716390531725466
561,2,10,150,78,0.13177973407779278
562,2,10,150,78,0.07720150835011791
563,2,10,150,78,0.0
564,2,10,150,78,0.0
565,2,10,150,78,0.28663011782160785
566,2,10,150,78,0.049763902181020156
567,2,10,150,78,0.09272963807674517
568,2,10,150,78,0.0
569,2,10,150,78,0.17563954439010937
570,2,10,150,78,0.0
571,2,10,150,78,0.16104477175644444
572,2,10,150,78,0.0
573,2,10,150,78,0.03246641181906899
574,2,10,150,78,0.05058854055353143
575,2,10,150,78,0.05154847002173459
576,2,10,150,78,0.0
577,2,10,150,78,0.0784247757209491
578,2,10,150,78,0.0
579,2,10,150,78,0.08297540479108526
580,2,10,150,78,0.21602760439924668
581,2,10,150,78,0.0
582,2,10,150,78,0.0437514209980628
583,2,10,150,78,0.08356526807460651
584,2,10,150,78,0.0
585,2,10,150,78,0.08668163308546498
586,2,10,150,78,0.10132509239867551
587,2,10,150,78,0.03459392809572638
588,2,10,150,78,0.053821119735696775
589,2,10,150,78,0.13061191070808464
590,2,10,150,78,0.06139304560474655
591,2,10,150,78,0.0
592,2,10,150,78,0.323883350752864
593,2,10,150,78,0.04586709436300111
594,2,10,150,78,0.0
595,2,10,150,78,0.0
596,2,10,150,78,0.0
597,2,10,150,78,0.0
598,2,10,150,78,0.0
599,2,10,150,78,0.0
600,2,10,150,78,0.024325165853816375
601,2,10,150,78,0.03369782041898502
602,2,10,150,78,0.0
603,2,10,150,78,0.1435203717549576
604,2,10,150,78,0.0
605,2,10,150,78,0.2645541144793553
606,2,10,150,78,0.23204083039530643
607,2,10,150,78,0.08440880858250024
608,2,10,150,78,0.2120992422792938
609,2,10,150,78,0.0
610,2,10,150,78,0.1629867900167321
611,2,10,150,78,0.08045389590462838
612,2,10,150,78,0.15130120674940672
613,2,10,150,78,0.0
614,2,10,150,78,0.08861505596859857
615,2,10,150,78,0.1479554402409639
616,2,10,150,78,0.0
617,2,10,150,78,0.044257815106106525
618,2,10,150,78,0.18766481803906507
619,2,10,150,78,0.09637551974188778
620,2,10,150,78,0.08396948777462541
621,2,10,150,78,0.06335388063984314
622,2,10,150,78,0.12980296240199146
623,2,10,150,78,0.0
624,2,10,150,78,0.0536466452928127
625,2,10,150,78,0.0
626,2,10,150,78,0.0
627,2,10,150,78,0.0
628,2,10,150,78,0.0
629,2,10,150,78,0.2466228630593721
630,2,10,150,78,0.0
631,2,10,150,78,0.16868725245403154
632,2,10,150,78,0.13439570003165963
633,2,10,150,78,0.07667481399289292
634,2,10,150,78,0.030975021478781034
635,2,10,150,78,0.0
636,2,10,150,78,0.0
637,2,10,150,78,0.0
638,2,10,150,78,0.0
639,2,10,150,78,0.0
640,2,10,150,78,0.07887611601996505
642,2,10,150,78,0.1329152156038286
643,2,10,150,78,0.0
644,2,10,150,78,0.0
645,2,10,150,78,0.09759501249802542
647,2,10,150,78,0.0
648,2,10,150,78,0.18159464350583557
649,2,10,150,78,1.0
650,2,10,150,78,0.0
651,2,10,150,78,0.0
653,2,10,150,78,0.040484256935344326
654,2,10,150,78,0.058087171966128066
655,2,10,150,78,0.1960260054527925
658,2,10,150,78,0.0
1,2,10,150,79,0.5343723497595074
2,2,10,150,79,0.2268511698743587
3,2,10,150,79,0.03098598178059488
4,2,10,150,79,0.06166887310869151
5,2,10,150,79,0.12620564628865164
6,2,10,150,79,0.17961772474519622
7,2,10,150,79,0.28138816221901286
8,2,10,150,79,0.06653535276206901
9,2,10,150,79,0.0
10,2,10,150,79,0.2043831529067321
11,2,10,150,79,0.10464473261331256
12,2,10,150,79,0.06832640546611278
13,2,10,150,79,0.36632273972858853
14,2,10,150,79,0.15461807617997098
15,2,10,150,79,0.01616702920033762
16,2,10,150,79,0.2662844928132153
17,2,10,150,79,0.10312948447052589
18,2,10,150,79,0.22391863115947294
19,2,10,150,79,0.0
20,2,10,150,79,0.031742154565302834
21,2,10,150,79,0.012720674487092647
22,2,10,150,79,0.05035691655673683
23,2,10,150,79,0.22807475621810358
24,2,10,150,79,0.10717514219558558
25,2,10,150,79,0.03078223202175778
26,2,10,150,79,0.12994496440026843
27,2,10,150,79,0.0
28,2,10,150,79,0.16080076733974918
29,2,10,150,79,0.0
30,2,10,150,79,0.0
31,2,10,150,79,0.046287481291184845
32,2,10,150,79,0.14779014095437779
33,2,10,150,79,0.0
34,2,10,150,79,0.07239559903187814
35,2,10,150,79,0.0
36,2,10,150,79,0.0
37,2,10,150,79,0.0
38,2,10,150,79,0.10363602216013926
39,2,10,150,79,0.15820890896021753
40,2,10,150,79,0.2212397779175911
41,2,10,150,79,0.0
42,2,10,150,79,0.20130152528989256
43,2,10,150,79,0.09662598732799078
44,2,10,150,79,0.1565413821318793
45,2,10,150,79,0.0
46,2,10,150,79,0.10684080426179023
47,2,10,150,79,0.11437926488327832
48,2,10,150,79,0.16438571914394637
49,2,10,150,79,0.05920283200708927
50,2,10,150,79,0.046726672111120165
51,2,10,150,79,0.07984133538066794
52,2,10,150,79,0.05244652348163508
53,2,10,150,79,0.12810519548676028
54,2,10,150,79,0.09672853477478108
55,2,10,150,79,0.0
56,2,10,150,79,0.22047893971599028
57,2,10,150,79,0.0524456916588361
58,2,10,150,79,0.16366022196121796
59,2,10,150,79,0.30818469019841294
60,2,10,150,79,0.2158570564681132
61,2,10,150,79,0.06416923277158361
62,2,10,150,79,0.18160332589227857
63,2,10,150,79,0.0763437499438357
64,2,10,150,79,0.04583023181159601
65,2,10,150,79,0.18154179097601578
66,2,10,150,79,0.12995427111679475
67,2,10,150,79,0.24630238874073
68,2,10,150,79,0.04358896759704514
69,2,10,150,79,0.19699902273515738
70,2,10,150,79,0.048917717601407604
71,2,10,150,79,0.08190066039082215
72,2,10,150,79,0.28907547922366217
73,2,10,150,79,0.26386730550459286
74,2,10,150,79,0.17342765698823945
75,2,10,150,79,0.16021137204676433
76,2,10,150,79,0.23191508057904175
77,2,10,150,79,0.15029758260072817
78,2,10,150,79,0.0
79,2,10,150,79,0.11837298765331451
80,2,10,150,79,0.1744476820873323
81,2,10,150,79,0.0
82,2,10,150,79,0.06437887178128218
83,2,10,150,79,0.046841820324159865
84,2,10,150,79,0.029136604147144557
85,2,10,150,79,0.18442983312439273
86,2,10,150,79,0.07028063830038406
87,2,10,150,79,0.19384373929491494
88,2,10,150,79,0.06294571929989644
89,2,10,150,79,0.2334685083478665
90,2,10,150,79,0.16391959585623272
91,2,10,150,79,0.07054411138080068
92,2,10,150,79,0.10934364061880773
93,2,10,150,79,0.0
94,2,10,150,79,0.26233841722147244
95,2,10,150,79,0.1259641275441249
96,2,10,150,79,0.2668702981549327
97,2,10,150,79,0.25684587489418775
98,2,10,150,79,0.0
99,2,10,150,79,0.13656436417013992
100,2,10,150,79,0.0
101,2,10,150,79,0.0
102,2,10,150,79,0.05671879843401278
103,2,10,150,79,0.04579340374561851
104,2,10,150,79,0.0
105,2,10,150,79,0.0
106,2,10,150,79,0.0
107,2,10,150,79,0.09995553728965398
108,2,10,150,79,0.04485361187694993
109,2,10,150,79,0.19016172590894406
110,2,10,150,79,0.037578324799282276
111,2,10,150,79,0.09077089626867633
112,2,10,150,79,0.0
113,2,10,150,79,0.178509607681865
114,2,10,150,79,0.02951022367272685
115,2,10,150,79,0.24220379575977083
116,2,10,150,79,0.041610162623197416
117,2,10,150,79,0.053087643823189194
118,2,10,150,79,0.19326159470866278
119,2,10,150,79,0.15212875834435738
120,2,10,150,79,0.361879195385413
121,2,10,150,79,0.115269333086109
122,2,10,150,79,0.1467899073100297
123,2,10,150,79,0.12990556389377814
124,2,10,150,79,0.18903749859471425
125,2,10,150,79,0.1656817885548098
126,2,10,150,79,0.0
127,2,10,150,79,0.12503310750358904
128,2,10,150,79,0.07117364753699024
129,2,10,150,79,0.0
130,2,10,150,79,0.10156895364545
131,2,10,150,79,0.36227735599025207
132,2,10,150,79,0.12643913909707097
133,2,10,150,79,0.0
134,2,10,150,79,0.0
135,2,10,150,79,0.0
136,2,10,150,79,0.16609048789162614
137,2,10,150,79,0.08756446649764923
138,2,10,150,79,0.12962234330772782
139,2,10,150,79,0.05165643482805862
140,2,10,150,79,0.0
141,2,10,150,79,0.12556328258692692
142,2,10,150,79,0.0
143,2,10,150,79,0.06882065896991112
144,2,10,150,79,0.16664156206392014
145,2,10,150,79,0.11319891102023459
146,2,10,150,79,0.0
147,2,10,150,79,0.06664071636913875
148,2,10,150,79,0.1606863768135813
149,2,10,150,79,0.10486881530019958
150,2,10,150,79,0.0
151,2,10,150,79,0.21852399568522365
152,2,10,150,79,0.07373621614663974
153,2,10,150,79,0.071942683897578
154,2,10,150,79,0.08491065065836505
155,2,10,150,79,0.0
156,2,10,150,79,0.06437746926759551
157,2,10,150,79,0.06857646087959317
158,2,10,150,79,0.17368343162211233
159,2,10,150,79,0.024782300799839303
160,2,10,150,79,0.11705084481334227
161,2,10,150,79,0.0
162,2,10,150,79,0.08299661455725149
163,2,10,150,79,0.0
164,2,10,150,79,0.029649957429587842
165,2,10,150,79,0.0
166,2,10,150,79,0.06175696970122604
167,2,10,150,79,0.040419659112753054
168,2,10,150,79,0.0641665753731138
169,2,10,150,79,0.03870447337439288
170,2,10,150,79,0.0
171,2,10,150,79,0.0
172,2,10,150,79,0.08232325035020067
173,2,10,150,79,0.1448442050067646
174,2,10,150,79,0.24901068617406574
175,2,10,150,79,0.22732566419594713
176,2,10,150,79,0.027651749128023803
177,2,10,150,79,0.3152442026717657
178,2,10,150,79,0.1509306125771355
179,2,10,150,79,0.09299583347145139
180,2,10,150,79,0.11028996034222072
181,2,10,150,79,0.045487032105913816
182,2,10,150,79,0.05005165434923901
183,2,10,150,79,0.0
184,2,10,150,79,0.15639932187667255
185,2,10,150,79,0.0
186,2,10,150,79,0.05478814761334652
187,2,10,150,79,0.16902512893841318
188,2,10,150,79,0.29205722210115026
189,2,10,150,79,0.19661282626562737
190,2,10,150,79,0.025938546612492997
191,2,10,150,79,0.0
192,2,10,150,79,0.0
193,2,10,150,79,0.0
194,2,10,150,79,0.17599245113231865
195,2,10,150,79,0.04606861224913365
196,2,10,150,79,0.04485361187694993
197,2,10,150,79,0.16261436624219067
198,2,10,150,79,0.028186415745733433
199,2,10,150,79,0.2529427027676571
200,2,10,150,79,0.23903021781429204
201,2,10,150,79,0.14715637123967965
202,2,10,150,79,0.27487633291429087
203,2,10,150,79,0.10238606821339166
204,2,10,150,79,0.08325563768773413
205,2,10,150,79,0.1465996756793884
206,2,10,150,79,0.028694189013458257
207,2,10,150,79,0.07602820061374894
208,2,10,150,79,0.10318619832562911
209,2,10,150,79,0.0
210,2,10,150,79,0.18937175954951105
211,2,10,150,79,0.0
212,2,10,150,79,0.11738002835756964
213,2,10,150,79,0.19307132835824467
214,2,10,150,79,0.25168008015410515
215,2,10,150,79,0.11433722369502479
216,2,10,150,79,0.14425650580287722
217,2,10,150,79,0.10298663607405599
218,2,10,150,79,0.1023482199458735
219,2,10,150,79,0.0
220,2,10,150,79,0.0
221,2,10,150,79,0.10144613070733857
222,2,10,150,79,0.08376693147794062
223,2,10,150,79,0.0
224,2,10,150,79,0.029996736818897345
225,2,10,150,79,0.0
226,2,10,150,79,0.10111769293645066
227,2,10,150,79,0.0947812167140767
228,2,10,150,79,0.0
229,2,10,150,79,0.1353749952992483
230,2,10,150,79,0.29885542969810625
231,2,10,150,79,0.3903800499921017
232,2,10,150,79,0.11605494365670165
233,2,10,150,79,0.1669130437229485
234,2,10,150,79,0.20028641961972302
235,2,10,150,79,0.1075070751982482
236,2,10,150,79,0.14277726217629444
237,2,10,150,79,0.27346075713529205
238,2,10,150,79,0.0
239,2,10,150,79,0.10436446685576063
240,2,10,150,79,0.0
241,2,10,150,79,0.0
242,2,10,150,79,0.07673373981757839
243,2,10,150,79,0.2568245236714982
244,2,10,150,79,0.18280294015368334
245,2,10,150,79,0.0
246,2,10,150,79,0.12379877182510346
247,2,10,150,79,0.0
248,2,10,150,79,0.14176813152020928
249,2,10,150,79,0.21580604760725444
250,2,10,150,79,0.08513080051804543
251,2,10,150,79,0.12803494038364374
252,2,10,150,79,0.1904168294848087
253,2,10,150,79,0.204742498386431
254,2,10,150,79,0.27040676448473944
255,2,10,150,79,0.04662184073981129
256,2,10,150,79,0.2981724287847049
257,2,10,150,79,0.10559687561546657
258,2,10,150,79,0.0
259,2,10,150,79,0.0
260,2,10,150,79,0.0
261,2,10,150,79,0.0
262,2,10,150,79,0.07399877500023122
263,2,10,150,79,0.16565508957374153
264,2,10,150,79,0.07935123938715939
265,2,10,150,79,0.08339602711200374
266,2,10,150,79,0.0
267,2,10,150,79,0.14681575200160665
268,2,10,150,79,0.1761045886596206
269,2,10,150,79,0.08062845660282704
270,2,10,150,79,0.122398451109695
271,2,10,150,79,0.20401896890378474
272,2,10,150,79,0.366296454316556
273,2,10,150,79,0.06267320809766952
274,2,10,150,79,0.05829918151249392
275,2,10,150,79,0.04105877938688906
276,2,10,150,79,0.20338194345429922
277,2,10,150,79,0.0
278,2,10,150,79,0.04305311721683474
279,2,10,150,79,0.21286809637043183
280,2,10,150,79,0.0841500632404169
281,2,10,150,79,0.05516788910004661
282,2,10,150,79,0.0
283,2,10,150,79,0.06286054135527182
284,2,10,150,79,0.0
285,2,10,150,79,0.15002687789384317
286,2,10,150,79,0.10716987013646836
287,2,10,150,79,0.11853073131207159
288,2,10,150,79,0.15938697521279735
289,2,10,150,79,0.06510475888148554
290,2,10,150,79,0.09449357188080848
291,2,10,150,79,0.17748922691988067
292,2,10,150,79,0.3713936936921286
293,2,10,150,79,0.17409170637882412
294,2,10,150,79,0.05942233668176323
295,2,10,150,79,0.21201342709556317
296,2,10,150,79,0.10863331355232851
297,2,10,150,79,0.10547809104886068
298,2,10,150,79,0.4252278238676385
299,2,10,150,79,0.05389882485565562
300,2,10,150,79,0.0
301,2,10,150,79,0.12514367933866224
302,2,10,150,79,0.0
303,2,10,150,79,0.3535597836172902
304,2,10,150,79,0.09811693595042764
305,2,10,150,79,0.15377587171217844
306,2,10,150,79,0.07286537763060504
307,2,10,150,79,0.17167816797422253
308,2,10,150,79,0.12413216408641617
309,2,10,150,79,0.0
310,2,10,150,79,0.0
311,2,10,150,79,0.25325295310341156
312,2,10,150,79,0.1769561447555448
313,2,10,150,79,0.22676062260704077
314,2,10,150,79,0.1364034674404962
315,2,10,150,79,0.18129588776381328
316,2,10,150,79,0.20030147904071285
317,2,10,150,79,0.0
318,2,10,150,79,0.13166957165834908
319,2,10,150,79,0.0
320,2,10,150,79,0.04539294738377069
321,2,10,150,79,0.12530728980532893
322,2,10,150,79,0.35190394711189377
323,2,10,150,79,0.028361369701356044
324,2,10,150,79,0.06573619640629956
325,2,10,150,79,0.0811231025632827
326,2,10,150,79,0.14774251547484274
327,2,10,150,79,0.08428839121324391
328,2,10,150,79,0.14304127376118922
329,2,10,150,79,0.0
330,2,10,150,79,0.1473695742186882
331,2,10,150,79,0.07806337179400324
332,2,10,150,79,0.20308551734089297
333,2,10,150,79,0.05206745415870339
334,2,10,150,79,0.13111938425721537
335,2,10,150,79,0.0
336,2,10,150,79,0.11501232379588432
337,2,10,150,79,0.10934082156401825
338,2,10,150,79,0.12065326649027912
339,2,10,150,79,0.30261894823386565
340,2,10,150,79,0.17896552649342137
341,2,10,150,79,0.0
342,2,10,150,79,0.27369687527821046
343,2,10,150,79,0.305322980061864
344,2,10,150,79,0.1523980172868318
345,2,10,150,79,0.10686772084589051
346,2,10,150,79,0.2102586943425689
347,2,10,150,79,0.20485510809551669
348,2,10,150,79,0.0
349,2,10,150,79,0.163169180413793
350,2,10,150,79,0.18939048055890495
351,2,10,150,79,0.1610216634970071
352,2,10,150,79,0.3057524544183157
353,2,10,150,79,0.0
354,2,10,150,79,0.08982081782386522
355,2,10,150,79,0.0
356,2,10,150,79,0.10061931714936387
357,2,10,150,79,0.14019634392566574
358,2,10,150,79,0.0
359,2,10,150,79,0.0
360,2,10,150,79,0.22728151171982378
361,2,10,150,79,0.12786031464335298
362,2,10,150,79,0.04690797720830594
363,2,10,150,79,0.18595473987951913
364,2,10,150,79,0.0
365,2,10,150,79,0.0
366,2,10,150,79,0.09184114803951915
367,2,10,150,79,0.05534563970541805
368,2,10,150,79,0.06788053752288492
369,2,10,150,79,0.21386152848601384
370,2,10,150,79,0.0957000625269241
371,2,10,150,79,0.1366471158428892
372,2,10,150,79,0.11359189468068477
373,2,10,150,79,0.10496983264762118
374,2,10,150,79,0.15210191594223785
375,2,10,150,79,0.1676614286651071
376,2,10,150,79,0.07216815292900357
377,2,10,150,79,0.34749036439127307
378,2,10,150,79,0.046138092606516724
379,2,10,150,79,0.2300230636638564
380,2,10,150,79,0.0590647057138947
381,2,10,150,79,0.13460387583977396
382,2,10,150,79,0.14582500956521116
383,2,10,150,79,0.09528948443146955
384,2,10,150,79,0.0
385,2,10,150,79,0.1424789494303735
386,2,10,150,79,0.0
387,2,10,150,79,0.1675390524176562
388,2,10,150,79,0.03275673003454543
389,2,10,150,79,0.24111823623660325
390,2,10,150,79,0.10466779365752882
391,2,10,150,79,0.18344326580289438
392,2,10,150,79,0.12138569867291392
393,2,10,150,79,0.1322827936406894
394,2,10,150,79,0.23203872840181228
395,2,10,150,79,0.17280189068434965
396,2,10,150,79,0.08006506288147622
397,2,10,150,79,0.2369341816089546
398,2,10,150,79,0.12633080592181342
399,2,10,150,79,0.027887755642765535
400,2,10,150,79,0.0
401,2,10,150,79,0.0
402,2,10,150,79,0.1798991830195577
403,2,10,150,79,0.23561122801255002
404,2,10,150,79,0.0
405,2,10,150,79,0.24586655153143275
406,2,10,150,79,0.22635549053601436
407,2,10,150,79,0.07334554555644324
408,2,10,150,79,0.08490303813485527
409,2,10,150,79,0.1854414927009712
410,2,10,150,79,0.1510508871592243
411,2,10,150,79,0.13359023741301432
412,2,10,150,79,0.041062015509212284
413,2,10,150,79,0.19475935863737628
414,2,10,150,79,0.04690797720830594
415,2,10,150,79,0.15582818336744758
416,2,10,150,79,0.5054784466823796
417,2,10,150,79,0.24133881364242218
418,2,10,150,79,0.05130633033097092
419,2,10,150,79,0.13043508853971056
420,2,10,150,79,0.1979106713561055
421,2,10,150,79,0.3102692669240346
422,2,10,150,79,0.0654076987556055
423,2,10,150,79,0.0
424,2,10,150,79,0.039270700903099615
425,2,10,150,79,0.05356490288307271
426,2,10,150,79,0.03206656709567107
427,2,10,150,79,0.0
428,2,10,150,79,0.09545062073374358
429,2,10,150,79,0.22210210054826435
430,2,10,150,79,0.17441334704295655
431,2,10,150,79,0.0
432,2,10,150,79,0.13181508781832452
433,2,10,150,79,0.10047622221317463
434,2,10,150,79,0.21435951014939544
435,2,10,150,79,0.28667057507799515
436,2,10,150,79,0.08073573433990566
437,2,10,150,79,0.2398711312005089
438,2,10,150,79,0.11342455428465782
439,2,10,150,79,0.0
440,2,10,150,79,0.056388463063434605
441,2,10,150,79,0.1731866333482261
442,2,10,150,79,0.04062732041938225
443,2,10,150,79,0.0
444,2,10,150,79,0.0796221118108625
445,2,10,150,79,0.06656553044254701
446,2,10,150,79,0.15440950258541247
447,2,10,150,79,0.06755943234053442
448,2,10,150,79,0.049326153683410964
449,2,10,150,79,0.1400796026466503
450,2,10,150,79,0.48396978051759715
451,2,10,150,79,0.05163551141839463
452,2,10,150,79,0.20663784197700946
453,2,10,150,79,0.1175424009487046
454,2,10,150,79,0.0
455,2,10,150,79,0.13988985357941727
456,2,10,150,79,0.07658089476823621
457,2,10,150,79,0.4406167528909644
458,2,10,150,79,0.23524507740750364
459,2,10,150,79,0.2127188263052183
460,2,10,150,79,0.07041837375515932
461,2,10,150,79,0.06961399513856609
462,2,10,150,79,0.18564976427020158
463,2,10,150,79,0.21881515471619958
464,2,10,150,79,0.06726768733602535
465,2,10,150,79,0.10783006935442738
466,2,10,150,79,0.12816210679182038
467,2,10,150,79,0.09300532025926726
468,2,10,150,79,0.2504459841080331
469,2,10,150,79,0.07770822948326245
470,2,10,150,79,0.04760723841253984
471,2,10,150,79,0.0
472,2,10,150,79,0.22569520622777273
473,2,10,150,79,0.2622744659873325
474,2,10,150,79,0.3978838373115764
475,2,10,150,79,0.07311683844390994
476,2,10,150,79,0.021791008948563714
477,2,10,150,79,0.07075576072108061
478,2,10,150,79,0.13180376528048332
479,2,10,150,79,0.20166079741783227
480,2,10,150,79,0.15920120556239784
481,2,10,150,79,0.08549221385843568
482,2,10,150,79,0.04290887548434951
483,2,10,150,79,0.0273055648695642
484,2,10,150,79,0.20193976177882433
485,2,10,150,79,0.036556008482007775
486,2,10,150,79,0.02801058107494064
487,2,10,150,79,0.2890520967156548
488,2,10,150,79,0.0
489,2,10,150,79,0.026867523156213612
490,2,10,150,79,0.11630686983226163
491,2,10,150,79,0.03859643636257609
492,2,10,150,79,0.1338895448360617
493,2,10,150,79,0.23813103779788555
494,2,10,150,79,0.10841985052222541
495,2,10,150,79,0.1889708014698508
496,2,10,150,79,0.023205371908120297
497,2,10,150,79,0.16881699259289853
498,2,10,150,79,0.07358364093338247
499,2,10,150,79,0.10804037134297641
500,2,10,150,79,0.13700308695731966
501,2,10,150,79,0.02184231145035861
502,2,10,150,79,0.06689893193796337
503,2,10,150,79,0.20121709030500673
504,2,10,150,79,0.1198673890611744
505,2,10,150,79,0.05688647497208646
506,2,10,150,79,0.11772341632797728
507,2,10,150,79,0.02186947737677948
508,2,10,150,79,0.20345924618307185
509,2,10,150,79,0.031611854308622345
510,2,10,150,79,0.0
511,2,10,150,79,0.0
512,2,10,150,79,0.08364069030518707
513,2,10,150,79,0.11506360809154491
514,2,10,150,79,0.16578726587197626
515,2,10,150,79,0.034743705427429224
516,2,10,150,79,0.1340330647732781
517,2,10,150,79,0.07931777113368761
518,2,10,150,79,0.14341019153063672
519,2,10,150,79,0.10560636946921488
520,2,10,150,79,0.0
521,2,10,150,79,0.0
522,2,10,150,79,0.0559167101555819
523,2,10,150,79,0.21950613822622128
524,2,10,150,79,0.11217516988657948
525,2,10,150,79,0.0
526,2,10,150,79,0.02505758835695044
527,2,10,150,79,0.35360031514866236
528,2,10,150,79,0.2269962474823218
529,2,10,150,79,0.0
530,2,10,150,79,0.05554513395194445
531,2,10,150,79,0.0
532,2,10,150,79,0.11113684860571516
533,2,10,150,79,0.029157745868337304
534,2,10,150,79,0.024909303741335254
535,2,10,150,79,0.20139880789960526
536,2,10,150,79,0.16340884055250954
537,2,10,150,79,0.4524140518751481
538,2,10,150,79,0.051356253787840964
539,2,10,150,79,0.09953437200841515
540,2,10,150,79,0.0
541,2,10,150,79,0.06833564325125971
542,2,10,150,79,0.07797598981103891
543,2,10,150,79,0.06134013858739336
544,2,10,150,79,0.0
545,2,10,150,79,0.060216826583478454
546,2,10,150,79,0.03314153504336938
547,2,10,150,79,0.04855455745827926
548,2,10,150,79,0.08182523646487679
549,2,10,150,79,0.0
550,2,10,150,79,0.09688698360286704
551,2,10,150,79,0.2385851899330841
552,2,10,150,79,0.048059443651065493
553,2,10,150,79,0.22788845094315135
554,2,10,150,79,0.08856716582657766
555,2,10,150,79,0.09809088686968297
556,2,10,150,79,0.16258997327839542
557,2,10,150,79,0.04470486007704452
558,2,10,150,79,0.265053101293003
559,2,10,150,79,0.1306794248970741
560,2,10,150,79,0.046716390531725466
561,2,10,150,79,0.13060268798587502
562,2,10,150,79,0.07720150835011791
563,2,10,150,79,0.0
564,2,10,150,79,0.0
565,2,10,150,79,0.28663011782160785
566,2,10,150,79,0.049763902181020156
567,2,10,150,79,0.09272963807674517
568,2,10,150,79,0.0
569,2,10,150,79,0.17563954439010937
570,2,10,150,79,0.0
571,2,10,150,79,0.16104477175644444
572,2,10,150,79,0.0
573,2,10,150,79,0.03246641181906899
574,2,10,150,79,0.05058854055353143
575,2,10,150,79,0.05154847002173459
576,2,10,150,79,0.0
577,2,10,150,79,0.0784247757209491
578,2,10,150,79,0.0
579,2,10,150,79,0.08297540479108526
580,2,10,150,79,0.21602760439924668
581,2,10,150,79,0.0
582,2,10,150,79,0.0437514209980628
583,2,10,150,79,0.08356526807460651
584,2,10,150,79,0.0
585,2,10,150,79,0.08668163308546498
586,2,10,150,79,0.10132509239867551
587,2,10,150,79,0.03459392809572638
588,2,10,150,79,0.053821119735696775
589,2,10,150,79,0.13061191070808464
590,2,10,150,79,0.06139304560474655
591,2,10,150,79,0.0
592,2,10,150,79,0.3209904504529147
593,2,10,150,79,0.04586709436300111
594,2,10,150,79,0.0
595,2,10,150,79,0.0
596,2,10,150,79,0.0
597,2,10,150,79,0.0
598,2,10,150,79,0.0
599,2,10,150,79,0.0
600,2,10,150,79,0.024325165853816375
601,2,10,150,79,0.03369782041898502
602,2,10,150,79,0.0
603,2,10,150,79,0.1435203717549576
604,2,10,150,79,0.0
605,2,10,150,79,0.2645541144793553
606,2,10,150,79,0.23204083039530643
607,2,10,150,79,0.08440880858250024
608,2,10,150,79,0.2120992422792938
609,2,10,150,79,0.0
610,2,10,150,79,0.1629867900167321
611,2,10,150,79,0.08045389590462838
612,2,10,150,79,0.15130120674940672
613,2,10,150,79,0.0
614,2,10,150,79,0.08861505596859857
615,2,10,150,79,0.1479554402409639
616,2,10,150,79,0.0
617,2,10,150,79,0.044257815106106525
618,2,10,150,79,0.18766481803906507
619,2,10,150,79,0.09637551974188778
620,2,10,150,79,0.08396948777462541
621,2,10,150,79,0.06335388063984314
622,2,10,150,79,0.12980296240199146
623,2,10,150,79,0.0
624,2,10,150,79,0.0536466452928127
625,2,10,150,79,0.0
626,2,10,150,79,0.0
627,2,10,150,79,0.0
628,2,10,150,79,0.0
629,2,10,150,79,0.2466228630593721
630,2,10,150,79,0.0
631,2,10,150,79,0.16868725245403154
632,2,10,150,79,0.13439570003165963
633,2,10,150,79,0.07667481399289292
634,2,10,150,79,0.030975021478781034
635,2,10,150,79,0.0
636,2,10,150,79,0.0
637,2,10,150,79,0.0
638,2,10,150,79,0.0
639,2,10,150,79,0.0
640,2,10,150,79,0.07887611601996505
642,2,10,150,79,0.1329152156038286
643,2,10,150,79,0.0
644,2,10,150,79,0.0
645,2,10,150,79,0.09759501249802542
647,2,10,150,79,0.0
648,2,10,150,79,0.18159464350583557
649,2,10,150,79,1.0
650,2,10,150,79,0.0
651,2,10,150,79,0.0
653,2,10,150,79,0.040484256935344326
654,2,10,150,79,0.058087171966128066
655,2,10,150,79,0.1960260054527925
658,2,10,150,79,0.0
1,2,10,150,80,0.5343723497595074
2,2,10,150,80,0.2268511698743587
3,2,10,150,80,0.03098598178059488
4,2,10,150,80,0.06166887310869151
5,2,10,150,80,0.12620564628865164
6,2,10,150,80,0.17961772474519622
7,2,10,150,80,0.27890405554691067
8,2,10,150,80,0.06653535276206901
9,2,10,150,80,0.0
10,2,10,150,80,0.2043831529067321
11,2,10,150,80,0.10464473261331256
12,2,10,150,80,0.10103399773096396
13,2,10,150,80,0.3719168695519124
14,2,10,150,80,0.15461807617997098
15,2,10,150,80,0.01616702920033762
16,2,10,150,80,0.2662844928132153
17,2,10,150,80,0.10312948447052589
18,2,10,150,80,0.22391863115947294
19,2,10,150,80,0.0
20,2,10,150,80,0.031742154565302834
21,2,10,150,80,0.012720674487092647
22,2,10,150,80,0.05035691655673683
23,2,10,150,80,0.22807475621810358
24,2,10,150,80,0.10717514219558558
25,2,10,150,80,0.03078223202175778
26,2,10,150,80,0.12994496440026843
27,2,10,150,80,0.0
28,2,10,150,80,0.16080076733974918
29,2,10,150,80,0.0
30,2,10,150,80,0.0
31,2,10,150,80,0.046287481291184845
32,2,10,150,80,0.14779014095437779
33,2,10,150,80,0.0
34,2,10,150,80,0.07239559903187814
35,2,10,150,80,0.0
36,2,10,150,80,0.0
37,2,10,150,80,0.0
38,2,10,150,80,0.10363602216013926
39,2,10,150,80,0.15820890896021753
40,2,10,150,80,0.2212397779175911
41,2,10,150,80,0.0
42,2,10,150,80,0.20130152528989256
43,2,10,150,80,0.09662598732799078
44,2,10,150,80,0.1565413821318793
45,2,10,150,80,0.0
46,2,10,150,80,0.10684080426179023
47,2,10,150,80,0.11437926488327832
48,2,10,150,80,0.16438571914394637
49,2,10,150,80,0.05920283200708927
50,2,10,150,80,0.046726672111120165
51,2,10,150,80,0.07984133538066794
52,2,10,150,80,0.05244652348163508
53,2,10,150,80,0.12810519548676028
54,2,10,150,80,0.12069558652333642
55,2,10,150,80,0.0
56,2,10,150,80,0.22047893971599028
57,2,10,150,80,0.0524456916588361
58,2,10,150,80,0.16366022196121796
59,2,10,150,80,0.30546402263683387
60,2,10,150,80,0.2158570564681132
61,2,10,150,80,0.06416923277158361
62,2,10,150,80,0.18160332589227857
63,2,10,150,80,0.0763437499438357
64,2,10,150,80,0.04583023181159601
65,2,10,150,80,0.18154179097601578
66,2,10,150,80,0.12995427111679475
67,2,10,150,80,0.24630238874073
68,2,10,150,80,0.04358896759704514
69,2,10,150,80,0.19699902273515738
70,2,10,150,80,0.048917717601407604
71,2,10,150,80,0.08190066039082215
72,2,10,150,80,0.28907547922366217
73,2,10,150,80,0.28969967958004655
74,2,10,150,80,0.17342765698823945
75,2,10,150,80,0.16021137204676433
76,2,10,150,80,0.23191508057904175
77,2,10,150,80,0.15029758260072817
78,2,10,150,80,0.0
79,2,10,150,80,0.11837298765331451
80,2,10,150,80,0.1744476820873323
81,2,10,150,80,0.0
82,2,10,150,80,0.06437887178128218
83,2,10,150,80,0.046841820324159865
84,2,10,150,80,0.029136604147144557
85,2,10,150,80,0.18442983312439273
86,2,10,150,80,0.07028063830038406
87,2,10,150,80,0.19384373929491494
88,2,10,150,80,0.06294571929989644
89,2,10,150,80,0.2334685083478665
90,2,10,150,80,0.16391959585623272
91,2,10,150,80,0.07054411138080068
92,2,10,150,80,0.10837835030570027
93,2,10,150,80,0.0
94,2,10,150,80,0.260022482508976
95,2,10,150,80,0.12485211086506379
96,2,10,150,80,0.2668702981549327
97,2,10,150,80,0.25684587489418775
98,2,10,150,80,0.0
99,2,10,150,80,0.13656436417013992
100,2,10,150,80,0.0
101,2,10,150,80,0.0
102,2,10,150,80,0.05671879843401278
103,2,10,150,80,0.04579340374561851
104,2,10,150,80,0.0
105,2,10,150,80,0.0
106,2,10,150,80,0.0
107,2,10,150,80,0.09995553728965398
108,2,10,150,80,0.04485361187694993
109,2,10,150,80,0.19016172590894406
110,2,10,150,80,0.037578324799282276
111,2,10,150,80,0.09077089626867633
112,2,10,150,80,0.0
113,2,10,150,80,0.178509607681865
114,2,10,150,80,0.02951022367272685
115,2,10,150,80,0.24220379575977083
116,2,10,150,80,0.041610162623197416
117,2,10,150,80,0.053087643823189194
118,2,10,150,80,0.19326159470866278
119,2,10,150,80,0.15212875834435738
120,2,10,150,80,0.40177646466663713
121,2,10,150,80,0.115269333086109
122,2,10,150,80,0.1467899073100297
123,2,10,150,80,0.12990556389377814
124,2,10,150,80,0.18903749859471425
125,2,10,150,80,0.1656817885548098
126,2,10,150,80,0.0
127,2,10,150,80,0.12503310750358904
128,2,10,150,80,0.07117364753699024
129,2,10,150,80,0.0
130,2,10,150,80,0.10067229859983823
131,2,10,150,80,0.36227735599025207
132,2,10,150,80,0.12643913909707097
133,2,10,150,80,0.0
134,2,10,150,80,0.0
135,2,10,150,80,0.0
136,2,10,150,80,0.16609048789162614
137,2,10,150,80,0.08756446649764923
138,2,10,150,80,0.15545471738318148
139,2,10,150,80,0.05165643482805862
140,2,10,150,80,0.0
141,2,10,150,80,0.12556328258692692
142,2,10,150,80,0.0
143,2,10,150,80,0.06882065896991112
144,2,10,150,80,0.1778212661301716
145,2,10,150,80,0.11219958621594094
146,2,10,150,80,0.0
147,2,10,150,80,0.06664071636913875
148,2,10,150,80,0.1606863768135813
149,2,10,150,80,0.10486881530019958
150,2,10,150,80,0.0
151,2,10,150,80,0.21659485655081476
152,2,10,150,80,0.09023573428198242
153,2,10,150,80,0.071942683897578
154,2,10,150,80,0.08491065065836505
155,2,10,150,80,0.0
156,2,10,150,80,0.06437746926759551
157,2,10,150,80,0.06857646087959317
158,2,10,150,80,0.17368343162211233
159,2,10,150,80,0.024782300799839303
160,2,10,150,80,0.11705084481334227
161,2,10,150,80,0.0
162,2,10,150,80,0.08299661455725149
163,2,10,150,80,0.0
164,2,10,150,80,0.029649957429587842
165,2,10,150,80,0.0
166,2,10,150,80,0.06175696970122604
167,2,10,150,80,0.040419659112753054
168,2,10,150,80,0.0641665753731138
169,2,10,150,80,0.03870447337439288
170,2,10,150,80,0.0
171,2,10,150,80,0.0
172,2,10,150,80,0.08232325035020067
173,2,10,150,80,0.1448442050067646
174,2,10,150,80,0.24901068617406574
175,2,10,150,80,0.22732566419594713
176,2,10,150,80,0.027651749128023803
177,2,10,150,80,0.3152442026717657
178,2,10,150,80,0.1509306125771355
179,2,10,150,80,0.09299583347145139
180,2,10,150,80,0.11028996034222072
181,2,10,150,80,0.045085470650530056
182,2,10,150,80,0.05005165434923901
183,2,10,150,80,0.0
184,2,10,150,80,0.15639932187667255
185,2,10,150,80,0.0
186,2,10,150,80,0.05478814761334652
187,2,10,150,80,0.16902512893841318
188,2,10,150,80,0.29205722210115026
189,2,10,150,80,0.19661282626562737
190,2,10,150,80,0.025938546612492997
191,2,10,150,80,0.0
192,2,10,150,80,0.0
193,2,10,150,80,0.0
194,2,10,150,80,0.18326682484393067
195,2,10,150,80,0.04606861224913365
196,2,10,150,80,0.04485361187694993
197,2,10,150,80,0.16261436624219067
198,2,10,150,80,0.028186415745733433
199,2,10,150,80,0.2529427027676571
200,2,10,150,80,0.23903021781429204
201,2,10,150,80,0.1458572685313208
202,2,10,150,80,0.27487633291429087
203,2,10,150,80,0.10238606821339166
204,2,10,150,80,0.08325563768773413
205,2,10,150,80,0.1465996756793884
206,2,10,150,80,0.028694189013458257
207,2,10,150,80,0.07602820061374894
208,2,10,150,80,0.10318619832562911
209,2,10,150,80,0.0
210,2,10,150,80,0.18937175954951105
211,2,10,150,80,0.0
212,2,10,150,80,0.11738002835756964
213,2,10,150,80,0.19307132835824467
214,2,10,150,80,0.25168008015410515
215,2,10,150,80,0.11433722369502479
216,2,10,150,80,0.14425650580287722
217,2,10,150,80,0.10298663607405599
218,2,10,150,80,0.1023482199458735
219,2,10,150,80,0.0
220,2,10,150,80,0.0
221,2,10,150,80,0.10144613070733857
222,2,10,150,80,0.08302743344168734
223,2,10,150,80,0.0
224,2,10,150,80,0.029996736818897345
225,2,10,150,80,0.0
226,2,10,150,80,0.10111769293645066
227,2,10,150,80,0.0947812167140767
228,2,10,150,80,0.0
229,2,10,150,80,0.1353749952992483
230,2,10,150,80,0.29885542969810625
231,2,10,150,80,0.3903800499921017
232,2,10,150,80,0.11605494365670165
233,2,10,150,80,0.1669130437229485
234,2,10,150,80,0.20734632514356377
235,2,10,150,80,0.1075070751982482
236,2,10,150,80,0.14277726217629444
237,2,10,150,80,0.27346075713529205
238,2,10,150,80,0.0
239,2,10,150,80,0.10436446685576063
240,2,10,150,80,0.0
241,2,10,150,80,0.0
242,2,10,150,80,0.07673373981757839
243,2,10,150,80,0.2568245236714982
244,2,10,150,80,0.18280294015368334
245,2,10,150,80,0.0
246,2,10,150,80,0.12379877182510346
247,2,10,150,80,0.0
248,2,10,150,80,0.14176813152020928
249,2,10,150,80,0.21580604760725444
250,2,10,150,80,0.08513080051804543
251,2,10,150,80,0.12803494038364374
252,2,10,150,80,0.1904168294848087
253,2,10,150,80,0.204742498386431
254,2,10,150,80,0.27040676448473944
255,2,10,150,80,0.04662184073981129
256,2,10,150,80,0.2981724287847049
257,2,10,150,80,0.10559687561546657
258,2,10,150,80,0.0
259,2,10,150,80,0.0
260,2,10,150,80,0.0
261,2,10,150,80,0.0
262,2,10,150,80,0.08871745698699947
263,2,10,150,80,0.16565508957374153
264,2,10,150,80,0.07935123938715939
265,2,10,150,80,0.08339602711200374
266,2,10,150,80,0.0
267,2,10,150,80,0.14681575200160665
268,2,10,150,80,0.18501125969110152
269,2,10,150,80,0.07991666515634646
270,2,10,150,80,0.122398451109695
271,2,10,150,80,0.20401896890378474
272,2,10,150,80,0.366296454316556
273,2,10,150,80,0.06267320809766952
274,2,10,150,80,0.05829918151249392
275,2,10,150,80,0.04105877938688906
276,2,10,150,80,0.2015864790014389
277,2,10,150,80,0.0
278,2,10,150,80,0.04305311721683474
279,2,10,150,80,0.21098888775589206
280,2,10,150,80,0.0841500632404169
281,2,10,150,80,0.05516788910004661
282,2,10,150,80,0.0
283,2,10,150,80,0.06286054135527182
284,2,10,150,80,0.0
285,2,10,150,80,0.15002687789384317
286,2,10,150,80,0.10716987013646836
287,2,10,150,80,0.11853073131207159
288,2,10,150,80,0.18109971158338595
289,2,10,150,80,0.06510475888148554
290,2,10,150,80,0.09449357188080848
291,2,10,150,80,0.17748922691988067
292,2,10,150,80,0.3713936936921286
293,2,10,150,80,0.17255481738547443
294,2,10,150,80,0.05942233668176323
295,2,10,150,80,0.21201342709556317
296,2,10,150,80,0.10863331355232851
297,2,10,150,80,0.10547809104886068
298,2,10,150,80,0.4252278238676385
299,2,10,150,80,0.05389882485565562
300,2,10,150,80,0.0
301,2,10,150,80,0.12514367933866224
302,2,10,150,80,0.0
303,2,10,150,80,0.3504385427998207
304,2,10,150,80,0.09811693595042764
305,2,10,150,80,0.15377587171217844
306,2,10,150,80,0.07286537763060504
307,2,10,150,80,0.17167816797422253
308,2,10,150,80,0.12303632005872908
309,2,10,150,80,0.0
310,2,10,150,80,0.0
311,2,10,150,80,0.25325295310341156
312,2,10,150,80,0.18727578600975833
313,2,10,150,80,0.22676062260704077
314,2,10,150,80,0.1364034674404962
315,2,10,150,80,0.18129588776381328
316,2,10,150,80,0.22270580084154873
317,2,10,150,80,0.0
318,2,10,150,80,0.13166957165834908
319,2,10,150,80,0.0
320,2,10,150,80,0.04539294738377069
321,2,10,150,80,0.12530728980532893
322,2,10,150,80,0.35190394711189377
323,2,10,150,80,0.028361369701356044
324,2,10,150,80,0.06573619640629956
325,2,10,150,80,0.0811231025632827
326,2,10,150,80,0.14774251547484274
327,2,10,150,80,0.09237233226879604
328,2,10,150,80,0.14304127376118922
329,2,10,150,80,0.0
330,2,10,150,80,0.1611323869146598
331,2,10,150,80,0.07806337179400324
332,2,10,150,80,0.20308551734089297
333,2,10,150,80,0.05206745415870339
334,2,10,150,80,0.12996185675248056
335,2,10,150,80,0.0
336,2,10,150,80,0.11501232379588432
337,2,10,150,80,0.10934082156401825
338,2,10,150,80,0.12065326649027912
339,2,10,150,80,0.2999474152792306
340,2,10,150,80,0.17896552649342137
341,2,10,150,80,0.0
342,2,10,150,80,0.27369687527821046
343,2,10,150,80,0.305322980061864
344,2,10,150,80,0.1523980172868318
345,2,10,150,80,0.10686772084589051
346,2,10,150,80,0.2102586943425689
347,2,10,150,80,0.20485510809551669
348,2,10,150,80,0.0
349,2,10,150,80,0.163169180413793
350,2,10,150,80,0.18939048055890495
351,2,10,150,80,0.1610216634970071
352,2,10,150,80,0.3057524544183157
353,2,10,150,80,0.0
354,2,10,150,80,0.08982081782386522
355,2,10,150,80,0.0
356,2,10,150,80,0.10061931714936387
357,2,10,150,80,0.14019634392566574
358,2,10,150,80,0.0
359,2,10,150,80,0.0
360,2,10,150,80,0.22728151171982378
361,2,10,150,80,0.12786031464335298
362,2,10,150,80,0.04690797720830594
363,2,10,150,80,0.18431312352152818
364,2,10,150,80,0.0
365,2,10,150,80,0.0
366,2,10,150,80,0.09184114803951915
367,2,10,150,80,0.05534563970541805
368,2,10,150,80,0.06788053752288492
369,2,10,150,80,0.21386152848601384
370,2,10,150,80,0.0957000625269241
371,2,10,150,80,0.1366471158428892
372,2,10,150,80,0.11359189468068477
373,2,10,150,80,0.10496983264762118
374,2,10,150,80,0.15210191594223785
375,2,10,150,80,0.1676614286651071
376,2,10,150,80,0.07216815292900357
377,2,10,150,80,0.34749036439127307
378,2,10,150,80,0.04573078356132416
379,2,10,150,80,0.2300230636638564
380,2,10,150,80,0.07024440978014618
381,2,10,150,80,0.13460387583977396
382,2,10,150,80,0.14582500956521116
383,2,10,150,80,0.09528948443146955
384,2,10,150,80,0.0
385,2,10,150,80,0.14122113920082083
386,2,10,150,80,0.0
387,2,10,150,80,0.16606001053236022
388,2,10,150,80,0.03275673003454543
389,2,10,150,80,0.23898963418498367
390,2,10,150,80,0.10466779365752882
391,2,10,150,80,0.18344326580289438
392,2,10,150,80,0.13693385502029914
393,2,10,150,80,0.13111499550840197
394,2,10,150,80,0.23203872840181228
395,2,10,150,80,0.17280189068434965
396,2,10,150,80,0.08006506288147622
397,2,10,150,80,0.2369341816089546
398,2,10,150,80,0.12633080592181342
399,2,10,150,80,0.0276415613490332
400,2,10,150,80,0.0
401,2,10,150,80,0.0
402,2,10,150,80,0.1798991830195577
403,2,10,150,80,0.23561122801255002
404,2,10,150,80,0.0
405,2,10,150,80,0.24369603115029953
406,2,10,150,80,0.22435721463175004
407,2,10,150,80,0.07269804795864476
408,2,10,150,80,0.08490303813485527
409,2,10,150,80,0.1854414927009712
410,2,10,150,80,0.1510508871592243
411,2,10,150,80,0.13359023741301432
412,2,10,150,80,0.041062015509212284
413,2,10,150,80,0.19475935863737628
414,2,10,150,80,0.04690797720830594
415,2,10,150,80,0.15582818336744758
416,2,10,150,80,0.5010160614416308
417,2,10,150,80,0.23920826432407613
418,2,10,150,80,0.05130633033097092
419,2,10,150,80,0.13043508853971056
420,2,10,150,80,0.1979106713561055
421,2,10,150,80,0.3102692669240346
422,2,10,150,80,0.0654076987556055
423,2,10,150,80,0.0
424,2,10,150,80,0.039270700903099615
425,2,10,150,80,0.053092029640669634
426,2,10,150,80,0.03206656709567107
427,2,10,150,80,0.0
428,2,10,150,80,0.09545062073374358
429,2,10,150,80,0.22014137375183845
430,2,10,150,80,0.17441334704295655
431,2,10,150,80,0.0
432,2,10,150,80,0.13181508781832452
433,2,10,150,80,0.10047622221317463
434,2,10,150,80,0.21435951014939544
435,2,10,150,80,0.2841398350403515
436,2,10,150,80,0.08073573433990566
437,2,10,150,80,0.23775353864522542
438,2,10,150,80,0.11342455428465782
439,2,10,150,80,0.0
440,2,10,150,80,0.056388463063434605
441,2,10,150,80,0.1731866333482261
442,2,10,150,80,0.04062732041938225
443,2,10,150,80,0.0
444,2,10,150,80,0.0796221118108625
445,2,10,150,80,0.06656553044254701
446,2,10,150,80,0.15440950258541247
447,2,10,150,80,0.06755943234053442
448,2,10,150,80,0.049326153683410964
449,2,10,150,80,0.1400796026466503
450,2,10,150,80,0.4885253172577138
451,2,10,150,80,0.05163551141839463
452,2,10,150,80,0.20481363431341784
453,2,10,150,80,0.1175424009487046
454,2,10,150,80,0.0
455,2,10,150,80,0.14748294255877242
456,2,10,150,80,0.07590483536989782
457,2,10,150,80,0.4367269694435551
458,2,10,150,80,0.23524507740750364
459,2,10,150,80,0.2127188263052183
460,2,10,150,80,0.07041837375515932
461,2,10,150,80,0.06961399513856609
462,2,10,150,80,0.18564976427020158
463,2,10,150,80,0.21881515471619958
464,2,10,150,80,0.06726768733602535
465,2,10,150,80,0.10783006935442738
466,2,10,150,80,0.12816210679182038
467,2,10,150,80,0.09300532025926726
468,2,10,150,80,0.2504459841080331
469,2,10,150,80,0.07770822948326245
470,2,10,150,80,0.04760723841253984
471,2,10,150,80,0.0
472,2,10,150,80,0.2237027593414836
473,2,10,150,80,0.2622744659873325
474,2,10,150,80,0.40319934442218025
475,2,10,150,80,0.07311683844390994
476,2,10,150,80,0.021791008948563714
477,2,10,150,80,0.07075576072108061
478,2,10,150,80,0.13180376528048332
479,2,10,150,80,0.1998805273154348
480,2,10,150,80,0.15920120556239784
481,2,10,150,80,0.08549221385843568
482,2,10,150,80,0.04290887548434951
483,2,10,150,80,0.0273055648695642
484,2,10,150,80,0.20193976177882433
485,2,10,150,80,0.036556008482007775
486,2,10,150,80,0.02801058107494064
487,2,10,150,80,0.28650033250363505
488,2,10,150,80,0.0
489,2,10,150,80,0.026867523156213612
490,2,10,150,80,0.11630686983226163
491,2,10,150,80,0.03859643636257609
492,2,10,150,80,0.1338895448360617
493,2,10,150,80,0.23813103779788555
494,2,10,150,80,0.10841985052222541
495,2,10,150,80,0.19613060175231745
496,2,10,150,80,0.023205371908120297
497,2,10,150,80,0.1673266689973457
498,2,10,150,80,0.07358364093338247
499,2,10,150,80,0.10804037134297641
500,2,10,150,80,0.13579361787473476
501,2,10,150,80,0.02184231145035861
502,2,10,150,80,0.06689893193796337
503,2,10,150,80,0.20121709030500673
504,2,10,150,80,0.11880919464892128
505,2,10,150,80,0.05688647497208646
506,2,10,150,80,0.11668414899826147
507,2,10,150,80,0.02186947737677948
508,2,10,150,80,0.20345924618307185
509,2,10,150,80,0.031611854308622345
510,2,10,150,80,0.0
511,2,10,150,80,0.0
512,2,10,150,80,0.08364069030518707
513,2,10,150,80,0.11506360809154491
514,2,10,150,80,0.16578726587197626
515,2,10,150,80,0.034743705427429224
516,2,10,150,80,0.1340330647732781
517,2,10,150,80,0.07931777113368761
518,2,10,150,80,0.14341019153063672
519,2,10,150,80,0.10560636946921488
520,2,10,150,80,0.0
521,2,10,150,80,0.0
522,2,10,150,80,0.0559167101555819
523,2,10,150,80,0.21950613822622128
524,2,10,150,80,0.12001292527312697
525,2,10,150,80,0.0
526,2,10,150,80,0.02505758835695044
527,2,10,150,80,0.35360031514866236
528,2,10,150,80,0.2269962474823218
529,2,10,150,80,0.0
530,2,10,150,80,0.05554513395194445
531,2,10,150,80,0.0
532,2,10,150,80,0.11015572777617938
533,2,10,150,80,0.02890034004684215
534,2,10,150,80,0.024909303741335254
535,2,10,150,80,0.20139880789960526
536,2,10,150,80,0.16340884055250954
537,2,10,150,80,0.448420121370207
538,2,10,150,80,0.051356253787840964
539,2,10,150,80,0.09953437200841515
540,2,10,150,80,0.0
541,2,10,150,80,0.06833564325125971
542,2,10,150,80,0.07797598981103891
543,2,10,150,80,0.06134013858739336
544,2,10,150,80,0.0
545,2,10,150,80,0.060216826583478454
546,2,10,150,80,0.03314153504336938
547,2,10,150,80,0.04855455745827926
548,2,10,150,80,0.08182523646487679
549,2,10,150,80,0.0
550,2,10,150,80,0.09688698360286704
551,2,10,150,80,0.2364789497220398
552,2,10,150,80,0.048059443651065493
553,2,10,150,80,0.22788845094315135
554,2,10,150,80,0.1061717592653675
555,2,10,150,80,0.09809088686968297
556,2,10,150,80,0.16258997327839542
557,2,10,150,80,0.04470486007704452
558,2,10,150,80,0.265053101293003
559,2,10,150,80,0.1306794248970741
560,2,10,150,80,0.046716390531725466
561,2,10,150,80,0.1294497218978145
562,2,10,150,80,0.07720150835011791
563,2,10,150,80,0.0
564,2,10,150,80,0.0
565,2,10,150,80,0.28663011782160785
566,2,10,150,80,0.049763902181020156
567,2,10,150,80,0.09272963807674517
568,2,10,150,80,0.0
569,2,10,150,80,0.17563954439010937
570,2,10,150,80,0.0
571,2,10,150,80,0.16104477175644444
572,2,10,150,80,0.0
573,2,10,150,80,0.03246641181906899
574,2,10,150,80,0.05058854055353143
575,2,10,150,80,0.05154847002173459
576,2,10,150,80,0.0
577,2,10,150,80,0.0784247757209491
578,2,10,150,80,0.0
579,2,10,150,80,0.08297540479108526
580,2,10,150,80,0.21602760439924668
581,2,10,150,80,0.0
582,2,10,150,80,0.0437514209980628
583,2,10,150,80,0.08356526807460651
584,2,10,150,80,0.0
585,2,10,150,80,0.08668163308546498
586,2,10,150,80,0.10132509239867551
587,2,10,150,80,0.03459392809572638
588,2,10,150,80,0.053821119735696775
589,2,10,150,80,0.13061191070808464
590,2,10,150,80,0.06139304560474655
591,2,10,150,80,0.0
592,2,10,150,80,0.31815673309478876
593,2,10,150,80,0.04586709436300111
594,2,10,150,80,0.0
595,2,10,150,80,0.0
596,2,10,150,80,0.0
597,2,10,150,80,0.0
598,2,10,150,80,0.0
599,2,10,150,80,0.0
600,2,10,150,80,0.024325165853816375
601,2,10,150,80,0.03369782041898502
602,2,10,150,80,0.0
603,2,10,150,80,0.1435203717549576
604,2,10,150,80,0.0
605,2,10,150,80,0.2645541144793553
606,2,10,150,80,0.23204083039530643
607,2,10,150,80,0.08440880858250024
608,2,10,150,80,0.2120992422792938
609,2,10,150,80,0.0
610,2,10,150,80,0.1629867900167321
611,2,10,150,80,0.08045389590462838
612,2,10,150,80,0.15130120674940672
613,2,10,150,80,0.0
614,2,10,150,80,0.08861505596859857
615,2,10,150,80,0.1479554402409639
616,2,10,150,80,0.0
617,2,10,150,80,0.044257815106106525
618,2,10,150,80,0.18766481803906507
619,2,10,150,80,0.09637551974188778
620,2,10,150,80,0.08396948777462541
621,2,10,150,80,0.06335388063984314
622,2,10,150,80,0.12980296240199146
623,2,10,150,80,0.0
624,2,10,150,80,0.08175619017377453
625,2,10,150,80,0.0
626,2,10,150,80,0.0
627,2,10,150,80,0.0
628,2,10,150,80,0.0
629,2,10,150,80,0.2466228630593721
630,2,10,150,80,0.0
631,2,10,150,80,0.16868725245403154
632,2,10,150,80,0.13439570003165963
633,2,10,150,80,0.07667481399289292
634,2,10,150,80,0.030975021478781034
635,2,10,150,80,0.0
636,2,10,150,80,0.0
637,2,10,150,80,0.0
638,2,10,150,80,0.0
639,2,10,150,80,0.0
640,2,10,150,80,0.07887611601996505
642,2,10,150,80,0.1329152156038286
643,2,10,150,80,0.0
644,2,10,150,80,0.0
645,2,10,150,80,0.09759501249802542
647,2,10,150,80,0.0
648,2,10,150,80,0.18159464350583557
649,2,10,150,80,1.0
650,2,10,150,80,0.0
651,2,10,150,80,0.0
653,2,10,150,80,0.040484256935344326
654,2,10,150,80,0.058087171966128066
655,2,10,150,80,0.1960260054527925
658,2,10,150,80,0.0
1,2,10,150,81,0.5343723497595074
2,2,10,150,81,0.2268511698743587
3,2,10,150,81,0.03098598178059488
4,2,10,150,81,0.06166887310869151
5,2,10,150,81,0.12620564628865164
6,2,10,150,81,0.17961772474519622
7,2,10,150,81,0.27647016106950245
8,2,10,150,81,0.06653535276206901
9,2,10,150,81,0.0
10,2,10,150,81,0.2043831529067321
11,2,10,150,81,0.10464473261331256
12,2,10,150,81,0.10103399773096396
13,2,10,150,81,0.37739792309756
14,2,10,150,81,0.15461807617997098
15,2,10,150,81,0.01616702920033762
16,2,10,150,81,0.2662844928132153
17,2,10,150,81,0.10312948447052589
18,2,10,150,81,0.22391863115947294
19,2,10,150,81,0.0
20,2,10,150,81,0.031742154565302834
21,2,10,150,81,0.012720674487092647
22,2,10,150,81,0.05035691655673683
23,2,10,150,81,0.22807475621810358
24,2,10,150,81,0.12818798445247553
25,2,10,150,81,0.03078223202175778
26,2,10,150,81,0.1475005395151273
27,2,10,150,81,0.0
28,2,10,150,81,0.16080076733974918
29,2,10,150,81,0.0
30,2,10,150,81,0.0
31,2,10,150,81,0.08090642992710743
32,2,10,150,81,0.14779014095437779
33,2,10,150,81,0.0
34,2,10,150,81,0.07239559903187814
35,2,10,150,81,0.0
36,2,10,150,81,0.0
37,2,10,150,81,0.0
38,2,10,150,81,0.12297908439989445
39,2,10,150,81,0.15820890896021753
40,2,10,150,81,0.2212397779175911
41,2,10,150,81,0.0
42,2,10,150,81,0.20130152528989256
43,2,10,150,81,0.09662598732799078
44,2,10,150,81,0.1565413821318793
45,2,10,150,81,0.0
46,2,10,150,81,0.10684080426179023
47,2,10,150,81,0.11437926488327832
48,2,10,150,81,0.16438571914394637
49,2,10,150,81,0.05920283200708927
50,2,10,150,81,0.046726672111120165
51,2,10,150,81,0.07984133538066794
52,2,10,150,81,0.05244652348163508
53,2,10,150,81,0.12810519548676028
54,2,10,150,81,0.12069558652333642
55,2,10,150,81,0.0
56,2,10,150,81,0.22047893971599028
57,2,10,150,81,0.0524456916588361
58,2,10,150,81,0.16366022196121796
59,2,10,150,81,0.30279834896534563
60,2,10,150,81,0.2158570564681132
61,2,10,150,81,0.06416923277158361
62,2,10,150,81,0.18160332589227857
63,2,10,150,81,0.0763437499438357
64,2,10,150,81,0.04583023181159601
65,2,10,150,81,0.18154179097601578
66,2,10,150,81,0.12995427111679475
67,2,10,150,81,0.24630238874073
68,2,10,150,81,0.04358896759704514
69,2,10,150,81,0.19699902273515738
70,2,10,150,81,0.048917717601407604
71,2,10,150,81,0.08190066039082215
72,2,10,150,81,0.28907547922366217
73,2,10,150,81,0.28969967958004655
74,2,10,150,81,0.17342765698823945
75,2,10,150,81,0.16021137204676433
76,2,10,150,81,0.23191508057904175
77,2,10,150,81,0.15029758260072817
78,2,10,150,81,0.0
79,2,10,150,81,0.11837298765331451
80,2,10,150,81,0.1744476820873323
81,2,10,150,81,0.0
82,2,10,150,81,0.06437887178128218
83,2,10,150,81,0.046841820324159865
84,2,10,150,81,0.029136604147144557
85,2,10,150,81,0.18442983312439273
86,2,10,150,81,0.07028063830038406
87,2,10,150,81,0.19384373929491494
88,2,10,150,81,0.06294571929989644
89,2,10,150,81,0.2334685083478665
90,2,10,150,81,0.17313204566143872
91,2,10,150,81,0.07054411138080068
92,2,10,150,81,0.10743257177350073
93,2,10,150,81,0.0
94,2,10,150,81,0.2577533606672747
95,2,10,150,81,0.12485211086506379
96,2,10,150,81,0.2668702981549327
97,2,10,150,81,0.25684587489418775
98,2,10,150,81,0.0
99,2,10,150,81,0.13656436417013992
100,2,10,150,81,0.0
101,2,10,150,81,0.0
102,2,10,150,81,0.05671879843401278
103,2,10,150,81,0.04579340374561851
104,2,10,150,81,0.0
105,2,10,150,81,0.0
106,2,10,150,81,0.0
107,2,10,150,81,0.09995553728965398
108,2,10,150,81,0.04485361187694993
109,2,10,150,81,0.19016172590894406
110,2,10,150,81,0.037578324799282276
111,2,10,150,81,0.09077089626867633
112,2,10,150,81,0.0
113,2,10,150,81,0.178509607681865
114,2,10,150,81,0.02951022367272685
115,2,10,150,81,0.24220379575977083
116,2,10,150,81,0.041610162623197416
117,2,10,150,81,0.053087643823189194
118,2,10,150,81,0.19326159470866278
119,2,10,150,81,0.15212875834435738
120,2,10,150,81,0.40177646466663713
121,2,10,150,81,0.115269333086109
122,2,10,150,81,0.1467899073100297
123,2,10,150,81,0.12990556389377814
124,2,10,150,81,0.18903749859471425
125,2,10,150,81,0.1656817885548098
126,2,10,150,81,0.0
127,2,10,150,81,0.12503310750358904
128,2,10,150,81,0.07117364753699024
129,2,10,150,81,0.0
130,2,10,150,81,0.09979376798432008
131,2,10,150,81,0.36227735599025207
132,2,10,150,81,0.12643913909707097
133,2,10,150,81,0.0
134,2,10,150,81,0.0
135,2,10,150,81,0.0
136,2,10,150,81,0.16609048789162614
137,2,10,150,81,0.08756446649764923
138,2,10,150,81,0.15545471738318148
139,2,10,150,81,0.05165643482805862
140,2,10,150,81,0.0
141,2,10,150,81,0.12556328258692692
142,2,10,150,81,0.0
143,2,10,150,81,0.06882065896991112
144,2,10,150,81,0.1778212661301716
145,2,10,150,81,0.11122046114469386
146,2,10,150,81,0.0
147,2,10,150,81,0.06664071636913875
148,2,10,150,81,0.1606863768135813
149,2,10,150,81,0.10486881530019958
150,2,10,150,81,0.0
151,2,10,150,81,0.2147047118407986
152,2,10,150,81,0.09023573428198242
153,2,10,150,81,0.071942683897578
154,2,10,150,81,0.08491065065836505
155,2,10,150,81,0.0
156,2,10,150,81,0.06437746926759551
157,2,10,150,81,0.06857646087959317
158,2,10,150,81,0.17368343162211233
159,2,10,150,81,0.024782300799839303
160,2,10,150,81,0.11705084481334227
161,2,10,150,81,0.0
162,2,10,150,81,0.08299661455725149
163,2,10,150,81,0.0
164,2,10,150,81,0.029649957429587842
165,2,10,150,81,0.0
166,2,10,150,81,0.06175696970122604
167,2,10,150,81,0.040419659112753054
168,2,10,150,81,0.0641665753731138
169,2,10,150,81,0.03870447337439288
170,2,10,150,81,0.0
171,2,10,150,81,0.0
172,2,10,150,81,0.08232325035020067
173,2,10,150,81,0.1448442050067646
174,2,10,150,81,0.24901068617406574
175,2,10,150,81,0.22732566419594713
176,2,10,150,81,0.027651749128023803
177,2,10,150,81,0.3152442026717657
178,2,10,150,81,0.1509306125771355
179,2,10,150,81,0.09299583347145139
180,2,10,150,81,0.11028996034222072
181,2,10,150,81,0.04469202610985281
182,2,10,150,81,0.05005165434923901
183,2,10,150,81,0.0
184,2,10,150,81,0.15639932187667255
185,2,10,150,81,0.0
186,2,10,150,81,0.05478814761334652
187,2,10,150,81,0.16902512893841318
188,2,10,150,81,0.29205722210115026
189,2,10,150,81,0.19661282626562737
190,2,10,150,81,0.025938546612492997
191,2,10,150,81,0.0
192,2,10,150,81,0.0
193,2,10,150,81,0.014941492561257172
194,2,10,150,81,0.19039415886792121
195,2,10,150,81,0.04606861224913365
196,2,10,150,81,0.04485361187694993
197,2,10,150,81,0.16261436624219067
198,2,10,150,81,0.028186415745733433
199,2,10,150,81,0.2529427027676571
200,2,10,150,81,0.23903021781429204
201,2,10,150,81,0.1445844250810092
202,2,10,150,81,0.27487633291429087
203,2,10,150,81,0.10238606821339166
204,2,10,150,81,0.08325563768773413
205,2,10,150,81,0.1465996756793884
206,2,10,150,81,0.028694189013458257
207,2,10,150,81,0.08691497343447262
208,2,10,150,81,0.10318619832562911
209,2,10,150,81,0.0
210,2,10,150,81,0.18937175954951105
211,2,10,150,81,0.0
212,2,10,150,81,0.11738002835756964
213,2,10,150,81,0.19307132835824467
214,2,10,150,81,0.25168008015410515
215,2,10,150,81,0.11433722369502479
216,2,10,150,81,0.14425650580287722
217,2,10,150,81,0.10298663607405599
218,2,10,150,81,0.1023482199458735
219,2,10,150,81,0.0
220,2,10,150,81,0.0
221,2,10,150,81,0.10144613070733857
222,2,10,150,81,0.08230288316101524
223,2,10,150,81,0.0
224,2,10,150,81,0.029996736818897345
225,2,10,150,81,0.0
226,2,10,150,81,0.10111769293645066
227,2,10,150,81,0.0947812167140767
228,2,10,150,81,0.0
229,2,10,150,81,0.1353749952992483
230,2,10,150,81,0.29885542969810625
231,2,10,150,81,0.3903800499921017
232,2,10,150,81,0.13914352811061104
233,2,10,150,81,0.1669130437229485
234,2,10,150,81,0.2055368890108112
235,2,10,150,81,0.1075070751982482
236,2,10,150,81,0.14277726217629444
237,2,10,150,81,0.27346075713529205
238,2,10,150,81,0.0
239,2,10,150,81,0.10436446685576063
240,2,10,150,81,0.0
241,2,10,150,81,0.0
242,2,10,150,81,0.07673373981757839
243,2,10,150,81,0.2568245236714982
244,2,10,150,81,0.18280294015368334
245,2,10,150,81,0.0
246,2,10,150,81,0.12379877182510346
247,2,10,150,81,0.0
248,2,10,150,81,0.14176813152020928
249,2,10,150,81,0.21580604760725444
250,2,10,150,81,0.08513080051804543
251,2,10,150,81,0.12803494038364374
252,2,10,150,81,0.1904168294848087
253,2,10,150,81,0.204742498386431
254,2,10,150,81,0.27040676448473944
255,2,10,150,81,0.04662184073981129
256,2,10,150,81,0.2981724287847049
257,2,10,150,81,0.10559687561546657
258,2,10,150,81,0.0
259,2,10,150,81,0.0
260,2,10,150,81,0.0
261,2,10,150,81,0.0
262,2,10,150,81,0.10339515619708659
263,2,10,150,81,0.16565508957374153
264,2,10,150,81,0.07935123938715939
265,2,10,150,81,0.08339602711200374
266,2,10,150,81,0.0
267,2,10,150,81,0.14681575200160665
268,2,10,150,81,0.18501125969110152
269,2,10,150,81,0.07991666515634646
270,2,10,150,81,0.122398451109695
271,2,10,150,81,0.20401896890378474
272,2,10,150,81,0.366296454316556
273,2,10,150,81,0.06267320809766952
274,2,10,150,81,0.05829918151249392
275,2,10,150,81,0.04105877938688906
276,2,10,150,81,0.19982730695569842
277,2,10,150,81,0.0
278,2,10,150,81,0.04305311721683474
279,2,10,150,81,0.20914766430112164
280,2,10,150,81,0.0841500632404169
281,2,10,150,81,0.05516788910004661
282,2,10,150,81,0.0
283,2,10,150,81,0.06286054135527182
284,2,10,150,81,0.028031276514167806
285,2,10,150,81,0.15002687789384317
286,2,10,150,81,0.10716987013646836
287,2,10,150,81,0.11853073131207159
288,2,10,150,81,0.18109971158338595
289,2,10,150,81,0.06510475888148554
290,2,10,150,81,0.09449357188080848
291,2,10,150,81,0.17748922691988067
292,2,10,150,81,0.3713936936921286
293,2,10,150,81,0.17104899411495533
294,2,10,150,81,0.05942233668176323
295,2,10,150,81,0.21201342709556317
296,2,10,150,81,0.10863331355232851
297,2,10,150,81,0.10547809104886068
298,2,10,150,81,0.4252278238676385
299,2,10,150,81,0.05389882485565562
300,2,10,150,81,0.0
301,2,10,150,81,0.12514367933866224
302,2,10,150,81,0.0
303,2,10,150,81,0.3473803928122956
304,2,10,150,81,0.09811693595042764
305,2,10,150,81,0.15377587171217844
306,2,10,150,81,0.07286537763060504
307,2,10,150,81,0.17167816797422253
308,2,10,150,81,0.1219626267439282
309,2,10,150,81,0.0
310,2,10,150,81,0.0
311,2,10,150,81,0.25325295310341156
312,2,10,150,81,0.1975666931997852
313,2,10,150,81,0.22676062260704077
314,2,10,150,81,0.1364034674404962
315,2,10,150,81,0.18129588776381328
316,2,10,150,81,0.22270580084154873
317,2,10,150,81,0.0
318,2,10,150,81,0.13166957165834908
319,2,10,150,81,0.0
320,2,10,150,81,0.04539294738377069
321,2,10,150,81,0.12530728980532893
322,2,10,150,81,0.35190394711189377
323,2,10,150,81,0.028361369701356044
324,2,10,150,81,0.06573619640629956
325,2,10,150,81,0.0811231025632827
326,2,10,150,81,0.14774251547484274
327,2,10,150,81,0.09156623244735933
328,2,10,150,81,0.14304127376118922
329,2,10,150,81,0.0
330,2,10,150,81,0.1611323869146598
331,2,10,150,81,0.07806337179400324
332,2,10,150,81,0.20308551734089297
333,2,10,150,81,0.05206745415870339
334,2,10,150,81,0.1288277267922571
335,2,10,150,81,0.0
336,2,10,150,81,0.11501232379588432
337,2,10,150,81,0.10934082156401825
338,2,10,150,81,0.12065326649027912
339,2,10,150,81,0.2973298830381542
340,2,10,150,81,0.17896552649342137
341,2,10,150,81,0.0
342,2,10,150,81,0.27369687527821046
343,2,10,150,81,0.305322980061864
344,2,10,150,81,0.1523980172868318
345,2,10,150,81,0.10686772084589051
346,2,10,150,81,0.2102586943425689
347,2,10,150,81,0.20485510809551669
348,2,10,150,81,0.0
349,2,10,150,81,0.163169180413793
350,2,10,150,81,0.18939048055890495
351,2,10,150,81,0.1610216634970071
352,2,10,150,81,0.3057524544183157
353,2,10,150,81,0.0
354,2,10,150,81,0.08982081782386522
355,2,10,150,81,0.0
356,2,10,150,81,0.10061931714936387
357,2,10,150,81,0.14019634392566574
358,2,10,150,81,0.0
359,2,10,150,81,0.0
360,2,10,150,81,0.22728151171982378
361,2,10,150,81,0.12786031464335298
362,2,10,150,81,0.04690797720830594
363,2,10,150,81,0.19143132687666511
364,2,10,150,81,0.0
365,2,10,150,81,0.0
366,2,10,150,81,0.09184114803951915
367,2,10,150,81,0.05534563970541805
368,2,10,150,81,0.06788053752288492
369,2,10,150,81,0.21386152848601384
370,2,10,150,81,0.0957000625269241
371,2,10,150,81,0.1597357002967986
372,2,10,150,81,0.11359189468068477
373,2,10,150,81,0.10496983264762118
374,2,10,150,81,0.15210191594223785
375,2,10,150,81,0.1676614286651071
376,2,10,150,81,0.07216815292900357
377,2,10,150,81,0.34749036439127307
378,2,10,150,81,0.04533170760906094
379,2,10,150,81,0.2300230636638564
380,2,10,150,81,0.07024440978014618
381,2,10,150,81,0.13460387583977396
382,2,10,150,81,0.14582500956521116
383,2,10,150,81,0.09528948443146955
384,2,10,150,81,0.0
385,2,10,150,81,0.1399887535687074
386,2,10,150,81,0.0
387,2,10,150,81,0.16461086508425798
388,2,10,150,81,0.03275673003454543
389,2,10,150,81,0.23690405837770465
390,2,10,150,81,0.10466779365752882
391,2,10,150,81,0.18344326580289438
392,2,10,150,81,0.1524387189981664
393,2,10,150,81,0.12997080252473406
394,2,10,150,81,0.23203872840181228
395,2,10,150,81,0.17280189068434965
396,2,10,150,81,0.08006506288147622
397,2,10,150,81,0.2369341816089546
398,2,10,150,81,0.12633080592181342
399,2,10,150,81,0.027400343474368642
400,2,10,150,81,0.0
401,2,10,150,81,0.0
402,2,10,150,81,0.1798991830195577
403,2,10,150,81,0.23561122801255002
404,2,10,150,81,0.0
405,2,10,150,81,0.24156938432467367
406,2,10,150,81,0.222399330639751
407,2,10,150,81,0.07206363847650964
408,2,10,150,81,0.08490303813485527
409,2,10,150,81,0.1854414927009712
410,2,10,150,81,0.1510508871592243
411,2,10,150,81,0.13359023741301432
412,2,10,150,81,0.041062015509212284
413,2,10,150,81,0.19475935863737628
414,2,10,150,81,0.04690797720830594
415,2,10,150,81,0.15582818336744758
416,2,10,150,81,0.4966438760940768
417,2,10,150,81,0.23712078061091496
418,2,10,150,81,0.05130633033097092
419,2,10,150,81,0.13043508853971056
420,2,10,150,81,0.1979106713561055
421,2,10,150,81,0.3102692669240346
422,2,10,150,81,0.0654076987556055
423,2,10,150,81,0.0
424,2,10,150,81,0.039270700903099615
425,2,10,150,81,0.052628714765296354
426,2,10,150,81,0.03206656709567107
427,2,10,150,81,0.0
428,2,10,150,81,0.09545062073374358
429,2,10,150,81,0.2182202798732536
430,2,10,150,81,0.17441334704295655
431,2,10,150,81,0.0
432,2,10,150,81,0.13181508781832452
433,2,10,150,81,0.10047622221317463
434,2,10,150,81,0.21435951014939544
435,2,10,150,81,0.28166024981538845
436,2,10,150,81,0.08073573433990566
437,2,10,150,81,0.24440538689130914
438,2,10,150,81,0.11342455428465782
439,2,10,150,81,0.0
440,2,10,150,81,0.056388463063434605
441,2,10,150,81,0.2078055819841487
442,2,10,150,81,0.04062732041938225
443,2,10,150,81,0.0
444,2,10,150,81,0.0796221118108625
445,2,10,150,81,0.06656553044254701
446,2,10,150,81,0.15440950258541247
447,2,10,150,81,0.06755943234053442
448,2,10,150,81,0.049326153683410964
449,2,10,150,81,0.1400796026466503
450,2,10,150,81,0.492988771197885
451,2,10,150,81,0.05163551141839463
452,2,10,150,81,0.20302630005441674
453,2,10,150,81,0.1175424009487046
454,2,10,150,81,0.0
455,2,10,150,81,0.15492254953735765
456,2,10,150,81,0.07524244141778012
457,2,10,150,81,0.4416424487672817
458,2,10,150,81,0.23524507740750364
459,2,10,150,81,0.2127188263052183
460,2,10,150,81,0.07041837375515932
461,2,10,150,81,0.06961399513856609
462,2,10,150,81,0.18564976427020158
463,2,10,150,81,0.21881515471619958
464,2,10,150,81,0.06726768733602535
465,2,10,150,81,0.10783006935442738
466,2,10,150,81,0.12816210679182038
467,2,10,150,81,0.09300532025926726
468,2,10,150,81,0.2504459841080331
469,2,10,150,81,0.07770822948326245
470,2,10,150,81,0.04760723841253984
471,2,10,150,81,0.0
472,2,10,150,81,0.22175058654329838
473,2,10,150,81,0.2622744659873325
474,2,10,150,81,0.4084074071621649
475,2,10,150,81,0.07311683844390994
476,2,10,150,81,0.021791008948563714
477,2,10,150,81,0.07075576072108061
478,2,10,150,81,0.13180376528048332
479,2,10,150,81,0.19813624249096168
480,2,10,150,81,0.15920120556239784
481,2,10,150,81,0.08549221385843568
482,2,10,150,81,0.04290887548434951
483,2,10,150,81,0.0273055648695642
484,2,10,150,81,0.20193976177882433
485,2,10,150,81,0.036556008482007775
486,2,10,150,81,0.02801058107494064
487,2,10,150,81,0.2840001480739435
488,2,10,150,81,0.0
489,2,10,150,81,0.039967575332143034
490,2,10,150,81,0.11630686983226163
491,2,10,150,81,0.03859643636257609
492,2,10,150,81,0.1338895448360617
493,2,10,150,81,0.23813103779788555
494,2,10,150,81,0.10841985052222541
495,2,10,150,81,0.20314567826354238
496,2,10,150,81,0.023205371908120297
497,2,10,150,81,0.17459310697666577
498,2,10,150,81,0.07358364093338247
499,2,10,150,81,0.10804037134297641
500,2,10,150,81,0.13460859625156585
501,2,10,150,81,0.02184231145035861
502,2,10,150,81,0.06689893193796337
503,2,10,150,81,0.20121709030500673
504,2,10,150,81,0.11777238992353181
505,2,10,150,81,0.05688647497208646
506,2,10,150,81,0.1156658887750781
507,2,10,150,81,0.02186947737677948
508,2,10,150,81,0.20345924618307185
509,2,10,150,81,0.031611854308622345
510,2,10,150,81,0.0
511,2,10,150,81,0.0
512,2,10,150,81,0.08364069030518707
513,2,10,150,81,0.11506360809154491
514,2,10,150,81,0.16578726587197626
515,2,10,150,81,0.034743705427429224
516,2,10,150,81,0.1340330647732781
517,2,10,150,81,0.07931777113368761
518,2,10,150,81,0.14341019153063672
519,2,10,150,81,0.10560636946921488
520,2,10,150,81,0.0
521,2,10,150,81,0.013100052175929421
522,2,10,150,81,0.0559167101555819
523,2,10,150,81,0.21950613822622128
524,2,10,150,81,0.12769225312358956
525,2,10,150,81,0.0
526,2,10,150,81,0.02505758835695044
527,2,10,150,81,0.35360031514866236
528,2,10,150,81,0.2269962474823218
529,2,10,150,81,0.0
530,2,10,150,81,0.05554513395194445
531,2,10,150,81,0.0
532,2,10,150,81,0.10919443871581205
533,2,10,150,81,0.02864813726729742
534,2,10,150,81,0.024909303741335254
535,2,10,150,81,0.20139880789960526
536,2,10,150,81,0.16340884055250954
537,2,10,150,81,0.4445069217043882
538,2,10,150,81,0.051356253787840964
539,2,10,150,81,0.09953437200841515
540,2,10,150,81,0.0
541,2,10,150,81,0.06833564325125971
542,2,10,150,81,0.07797598981103891
543,2,10,150,81,0.07305963124642406
544,2,10,150,81,0.0
545,2,10,150,81,0.060216826583478454
546,2,10,150,81,0.03314153504336938
547,2,10,150,81,0.04855455745827926
548,2,10,150,81,0.08182523646487679
549,2,10,150,81,0.0
550,2,10,150,81,0.09688698360286704
551,2,10,150,81,0.23441528374693188
552,2,10,150,81,0.048059443651065493
553,2,10,150,81,0.22788845094315135
554,2,10,150,81,0.1061717592653675
555,2,10,150,81,0.09809088686968297
556,2,10,150,81,0.16258997327839542
557,2,10,150,81,0.04470486007704452
558,2,10,150,81,0.265053101293003
559,2,10,150,81,0.1306794248970741
560,2,10,150,81,0.046716390531725466
561,2,10,150,81,0.12832006115261202
562,2,10,150,81,0.07720150835011791
563,2,10,150,81,0.0
564,2,10,150,81,0.0
565,2,10,150,81,0.28663011782160785
566,2,10,150,81,0.049763902181020156
567,2,10,150,81,0.09272963807674517
568,2,10,150,81,0.0
569,2,10,150,81,0.17563954439010937
570,2,10,150,81,0.0
571,2,10,150,81,0.16104477175644444
572,2,10,150,81,0.0
573,2,10,150,81,0.03246641181906899
574,2,10,150,81,0.05058854055353143
575,2,10,150,81,0.05154847002173459
576,2,10,150,81,0.0
577,2,10,150,81,0.0784247757209491
578,2,10,150,81,0.0
579,2,10,150,81,0.08297540479108526
580,2,10,150,81,0.21602760439924668
581,2,10,150,81,0.0
582,2,10,150,81,0.0437514209980628
583,2,10,150,81,0.08356526807460651
584,2,10,150,81,0.0
585,2,10,150,81,0.08668163308546498
586,2,10,150,81,0.10132509239867551
587,2,10,150,81,0.03459392809572638
588,2,10,150,81,0.053821119735696775
589,2,10,150,81,0.13061191070808464
590,2,10,150,81,0.06139304560474655
591,2,10,150,81,0.0
592,2,10,150,81,0.32410693184153827
593,2,10,150,81,0.04586709436300111
594,2,10,150,81,0.0
595,2,10,150,81,0.0
596,2,10,150,81,0.0
597,2,10,150,81,0.0
598,2,10,150,81,0.0
599,2,10,150,81,0.0
600,2,10,150,81,0.024325165853816375
601,2,10,150,81,0.03369782041898502
602,2,10,150,81,0.0
603,2,10,150,81,0.1435203717549576
604,2,10,150,81,0.0
605,2,10,150,81,0.2645541144793553
606,2,10,150,81,0.23204083039530643
607,2,10,150,81,0.08440880858250024
608,2,10,150,81,0.2120992422792938
609,2,10,150,81,0.0
610,2,10,150,81,0.1629867900167321
611,2,10,150,81,0.08045389590462838
612,2,10,150,81,0.15130120674940672
613,2,10,150,81,0.0
614,2,10,150,81,0.08861505596859857
615,2,10,150,81,0.1479554402409639
616,2,10,150,81,0.0
617,2,10,150,81,0.044257815106106525
618,2,10,150,81,0.18766481803906507
619,2,10,150,81,0.09637551974188778
620,2,10,150,81,0.08396948777462541
621,2,10,150,81,0.06335388063984314
622,2,10,150,81,0.12980296240199146
623,2,10,150,81,0.0
624,2,10,150,81,0.08175619017377453
625,2,10,150,81,0.0
626,2,10,150,81,0.0
627,2,10,150,81,0.0
628,2,10,150,81,0.0
629,2,10,150,81,0.2466228630593721
630,2,10,150,81,0.0
631,2,10,150,81,0.16868725245403154
632,2,10,150,81,0.13439570003165963
633,2,10,150,81,0.07667481399289292
634,2,10,150,81,0.030975021478781034
635,2,10,150,81,0.0
636,2,10,150,81,0.0
637,2,10,150,81,0.0
638,2,10,150,81,0.0
639,2,10,150,81,0.0
640,2,10,150,81,0.07887611601996505
642,2,10,150,81,0.1329152156038286
643,2,10,150,81,0.0
644,2,10,150,81,0.0
645,2,10,150,81,0.09759501249802542
647,2,10,150,81,0.0
648,2,10,150,81,0.18159464350583557
649,2,10,150,81,1.0
650,2,10,150,81,0.0
651,2,10,150,81,0.0
653,2,10,150,81,0.040484256935344326
654,2,10,150,81,0.058087171966128066
655,2,10,150,81,0.1960260054527925
658,2,10,150,81,0.0
1,2,10,150,82,0.5343723497595074
2,2,10,150,82,0.2268511698743587
3,2,10,150,82,0.03098598178059488
4,2,10,150,82,0.06166887310869151
5,2,10,150,82,0.12620564628865164
6,2,10,150,82,0.17961772474519622
7,2,10,150,82,0.2740848828388565
8,2,10,150,82,0.06653535276206901
9,2,10,150,82,0.0
10,2,10,150,82,0.2043831529067321
11,2,10,150,82,0.10464473261331256
12,2,10,150,82,0.10103399773096396
13,2,10,150,82,0.3827694943899028
14,2,10,150,82,0.15461807617997098
15,2,10,150,82,0.01616702920033762
16,2,10,150,82,0.2662844928132153
17,2,10,150,82,0.10312948447052589
18,2,10,150,82,0.22391863115947294
19,2,10,150,82,0.0
20,2,10,150,82,0.031742154565302834
21,2,10,150,82,0.012720674487092647
22,2,10,150,82,0.05035691655673683
23,2,10,150,82,0.22807475621810358
24,2,10,150,82,0.12818798445247553
25,2,10,150,82,0.03078223202175778
26,2,10,150,82,0.1475005395151273
27,2,10,150,82,0.0
28,2,10,150,82,0.16080076733974918
29,2,10,150,82,0.0
30,2,10,150,82,0.0
31,2,10,150,82,0.08090642992710743
32,2,10,150,82,0.14779014095437779
33,2,10,150,82,0.0
34,2,10,150,82,0.07239559903187814
35,2,10,150,82,0.0
36,2,10,150,82,0.0
37,2,10,150,82,0.0
38,2,10,150,82,0.12297908439989445
39,2,10,150,82,0.15820890896021753
40,2,10,150,82,0.2212397779175911
41,2,10,150,82,0.0
42,2,10,150,82,0.20130152528989256
43,2,10,150,82,0.09662598732799078
44,2,10,150,82,0.1565413821318793
45,2,10,150,82,0.0
46,2,10,150,82,0.10684080426179023
47,2,10,150,82,0.11437926488327832
48,2,10,150,82,0.16438571914394637
49,2,10,150,82,0.05920283200708927
50,2,10,150,82,0.046726672111120165
51,2,10,150,82,0.07984133538066794
52,2,10,150,82,0.05244652348163508
53,2,10,150,82,0.12810519548676028
54,2,10,150,82,0.12069558652333642
55,2,10,150,82,0.0
56,2,10,150,82,0.22047893971599028
57,2,10,150,82,0.0524456916588361
58,2,10,150,82,0.16366022196121796
59,2,10,150,82,0.30018592125427346
60,2,10,150,82,0.2158570564681132
61,2,10,150,82,0.06416923277158361
62,2,10,150,82,0.18160332589227857
63,2,10,150,82,0.0763437499438357
64,2,10,150,82,0.04583023181159601
65,2,10,150,82,0.18154179097601578
66,2,10,150,82,0.12995427111679475
67,2,10,150,82,0.24630238874073
68,2,10,150,82,0.04358896759704514
69,2,10,150,82,0.19699902273515738
70,2,10,150,82,0.048917717601407604
71,2,10,150,82,0.08190066039082215
72,2,10,150,82,0.28907547922366217
73,2,10,150,82,0.28969967958004655
74,2,10,150,82,0.17342765698823945
75,2,10,150,82,0.16021137204676433
76,2,10,150,82,0.23191508057904175
77,2,10,150,82,0.15029758260072817
78,2,10,150,82,0.0
79,2,10,150,82,0.11837298765331451
80,2,10,150,82,0.1744476820873323
81,2,10,150,82,0.0
82,2,10,150,82,0.06437887178128218
83,2,10,150,82,0.046841820324159865
84,2,10,150,82,0.029136604147144557
85,2,10,150,82,0.18442983312439273
86,2,10,150,82,0.07028063830038406
87,2,10,150,82,0.19384373929491494
88,2,10,150,82,0.06294571929989644
89,2,10,150,82,0.2334685083478665
90,2,10,150,82,0.17313204566143872
91,2,10,150,82,0.07054411138080068
92,2,10,150,82,0.10650568485839086
93,2,10,150,82,0.0
94,2,10,150,82,0.25552956379278696
95,2,10,150,82,0.12485211086506379
96,2,10,150,82,0.2668702981549327
97,2,10,150,82,0.25684587489418775
98,2,10,150,82,0.0
99,2,10,150,82,0.13656436417013992
100,2,10,150,82,0.0
101,2,10,150,82,0.0
102,2,10,150,82,0.05671879843401278
103,2,10,150,82,0.04579340374561851
104,2,10,150,82,0.0
105,2,10,150,82,0.0
106,2,10,150,82,0.0
107,2,10,150,82,0.09995553728965398
108,2,10,150,82,0.04485361187694993
109,2,10,150,82,0.19016172590894406
110,2,10,150,82,0.037578324799282276
111,2,10,150,82,0.09077089626867633
112,2,10,150,82,0.0
113,2,10,150,82,0.178509607681865
114,2,10,150,82,0.02951022367272685
115,2,10,150,82,0.24220379575977083
116,2,10,150,82,0.041610162623197416
117,2,10,150,82,0.053087643823189194
118,2,10,150,82,0.19326159470866278
119,2,10,150,82,0.15212875834435738
120,2,10,150,82,0.40177646466663713
121,2,10,150,82,0.115269333086109
122,2,10,150,82,0.1467899073100297
123,2,10,150,82,0.12990556389377814
124,2,10,150,82,0.18903749859471425
125,2,10,150,82,0.1656817885548098
126,2,10,150,82,0.0
127,2,10,150,82,0.12503310750358904
128,2,10,150,82,0.07117364753699024
129,2,10,150,82,0.0
130,2,10,150,82,0.10756040117183072
131,2,10,150,82,0.36227735599025207
132,2,10,150,82,0.12643913909707097
133,2,10,150,82,0.0
134,2,10,150,82,0.0
135,2,10,150,82,0.0
136,2,10,150,82,0.16609048789162614
137,2,10,150,82,0.08756446649764923
138,2,10,150,82,0.15545471738318148
139,2,10,150,82,0.05165643482805862
140,2,10,150,82,0.0
141,2,10,150,82,0.12556328258692692
142,2,10,150,82,0.0
143,2,10,150,82,0.06882065896991112
144,2,10,150,82,0.1778212661301716
145,2,10,150,82,0.11026089377675594
146,2,10,150,82,0.0
147,2,10,150,82,0.06664071636913875
148,2,10,150,82,0.1606863768135813
149,2,10,150,82,0.10486881530019958
150,2,10,150,82,0.0
151,2,10,150,82,0.21285232215364455
152,2,10,150,82,0.09023573428198242
153,2,10,150,82,0.071942683897578
154,2,10,150,82,0.08491065065836505
155,2,10,150,82,0.0
156,2,10,150,82,0.06437746926759551
157,2,10,150,82,0.06857646087959317
158,2,10,150,82,0.17368343162211233
159,2,10,150,82,0.024782300799839303
160,2,10,150,82,0.11705084481334227
161,2,10,150,82,0.0
162,2,10,150,82,0.08299661455725149
163,2,10,150,82,0.0
164,2,10,150,82,0.029649957429587842
165,2,10,150,82,0.0
166,2,10,150,82,0.06175696970122604
167,2,10,150,82,0.040419659112753054
168,2,10,150,82,0.0641665753731138
169,2,10,150,82,0.03870447337439288
170,2,10,150,82,0.0
171,2,10,150,82,0.0
172,2,10,150,82,0.08232325035020067
173,2,10,150,82,0.1448442050067646
174,2,10,150,82,0.2622747997764713
175,2,10,150,82,0.22732566419594713
176,2,10,150,82,0.027651749128023803
177,2,10,150,82,0.3152442026717657
178,2,10,150,82,0.1509306125771355
179,2,10,150,82,0.09299583347145139
180,2,10,150,82,0.11028996034222072
181,2,10,150,82,0.04430644049529352
182,2,10,150,82,0.05005165434923901
183,2,10,150,82,0.0
184,2,10,150,82,0.15639932187667255
185,2,10,150,82,0.0
186,2,10,150,82,0.05478814761334652
187,2,10,150,82,0.16902512893841318
188,2,10,150,82,0.29205722210115026
189,2,10,150,82,0.19661282626562737
190,2,10,150,82,0.025938546612492997
191,2,10,150,82,0.0
192,2,10,150,82,0.0
193,2,10,150,82,0.014941492561257172
194,2,10,150,82,0.1887515112829776
195,2,10,150,82,0.04606861224913365
196,2,10,150,82,0.04485361187694993
197,2,10,150,82,0.16261436624219067
198,2,10,150,82,0.028186415745733433
199,2,10,150,82,0.2529427027676571
200,2,10,150,82,0.23903021781429204
201,2,10,150,82,0.1433370062626381
202,2,10,150,82,0.27487633291429087
203,2,10,150,82,0.10238606821339166
204,2,10,150,82,0.08325563768773413
205,2,10,150,82,0.1465996756793884
206,2,10,150,82,0.028694189013458257
207,2,10,150,82,0.08691497343447262
208,2,10,150,82,0.10318619832562911
209,2,10,150,82,0.0
210,2,10,150,82,0.18937175954951105
211,2,10,150,82,0.0
212,2,10,150,82,0.11738002835756964
213,2,10,150,82,0.19307132835824467
214,2,10,150,82,0.25168008015410515
215,2,10,150,82,0.11433722369502479
216,2,10,150,82,0.14425650580287722
217,2,10,150,82,0.10298663607405599
218,2,10,150,82,0.1023482199458735
219,2,10,150,82,0.0
220,2,10,150,82,0.0
221,2,10,150,82,0.10144613070733857
222,2,10,150,82,0.08159280553540843
223,2,10,150,82,0.0
224,2,10,150,82,0.029996736818897345
225,2,10,150,82,0.0
226,2,10,150,82,0.10111769293645066
227,2,10,150,82,0.0947812167140767
228,2,10,150,82,0.0
229,2,10,150,82,0.1353749952992483
230,2,10,150,82,0.29885542969810625
231,2,10,150,82,0.3903800499921017
232,2,10,150,82,0.13914352811061104
233,2,10,150,82,0.1669130437229485
234,2,10,150,82,0.20376359577346642
235,2,10,150,82,0.1075070751982482
236,2,10,150,82,0.14277726217629444
237,2,10,150,82,0.27346075713529205
238,2,10,150,82,0.0
239,2,10,150,82,0.10436446685576063
240,2,10,150,82,0.0
241,2,10,150,82,0.0
242,2,10,150,82,0.07673373981757839
243,2,10,150,82,0.2568245236714982
244,2,10,150,82,0.18280294015368334
245,2,10,150,82,0.0
246,2,10,150,82,0.12379877182510346
247,2,10,150,82,0.0
248,2,10,150,82,0.14176813152020928
249,2,10,150,82,0.21580604760725444
250,2,10,150,82,0.08513080051804543
251,2,10,150,82,0.12803494038364374
252,2,10,150,82,0.1904168294848087
253,2,10,150,82,0.204742498386431
254,2,10,150,82,0.27040676448473944
255,2,10,150,82,0.04662184073981129
256,2,10,150,82,0.2981724287847049
257,2,10,150,82,0.10559687561546657
258,2,10,150,82,0.0
259,2,10,150,82,0.0
260,2,10,150,82,0.0
261,2,10,150,82,0.0
262,2,10,150,82,0.10339515619708659
263,2,10,150,82,0.16565508957374153
264,2,10,150,82,0.07935123938715939
265,2,10,150,82,0.08339602711200374
266,2,10,150,82,0.0
267,2,10,150,82,0.14681575200160665
268,2,10,150,82,0.18501125969110152
269,2,10,150,82,0.07991666515634646
270,2,10,150,82,0.122398451109695
271,2,10,150,82,0.20401896890378474
272,2,10,150,82,0.366296454316556
273,2,10,150,82,0.06267320809766952
274,2,10,150,82,0.05829918151249392
275,2,10,150,82,0.04105877938688906
276,2,10,150,82,0.20673088923775199
277,2,10,150,82,0.0
278,2,10,150,82,0.04305311721683474
279,2,10,150,82,0.20734321868312783
280,2,10,150,82,0.0841500632404169
281,2,10,150,82,0.05516788910004661
282,2,10,150,82,0.0
283,2,10,150,82,0.06286054135527182
284,2,10,150,82,0.028031276514167806
285,2,10,150,82,0.15002687789384317
286,2,10,150,82,0.10716987013646836
287,2,10,150,82,0.14933178562928426
288,2,10,150,82,0.18109971158338595
289,2,10,150,82,0.06510475888148554
290,2,10,150,82,0.09449357188080848
291,2,10,150,82,0.17748922691988067
292,2,10,150,82,0.3713936936921286
293,2,10,150,82,0.17820086461324244
294,2,10,150,82,0.05942233668176323
295,2,10,150,82,0.21201342709556317
296,2,10,150,82,0.10863331355232851
297,2,10,150,82,0.10547809104886068
298,2,10,150,82,0.4252278238676385
299,2,10,150,82,0.05389882485565562
300,2,10,150,82,0.0
301,2,10,150,82,0.12514367933866224
302,2,10,150,82,0.0
303,2,10,150,82,0.3443833283713338
304,2,10,150,82,0.09811693595042764
305,2,10,150,82,0.15377587171217844
306,2,10,150,82,0.07286537763060504
307,2,10,150,82,0.17167816797422253
308,2,10,150,82,0.1209103801021955
309,2,10,150,82,0.0
310,2,10,150,82,0.0
311,2,10,150,82,0.25325295310341156
312,2,10,150,82,0.1975666931997852
313,2,10,150,82,0.22676062260704077
314,2,10,150,82,0.1364034674404962
315,2,10,150,82,0.18129588776381328
316,2,10,150,82,0.22270580084154873
317,2,10,150,82,0.0
318,2,10,150,82,0.13166957165834908
319,2,10,150,82,0.0
320,2,10,150,82,0.04539294738377069
321,2,10,150,82,0.12530728980532893
322,2,10,150,82,0.35190394711189377
323,2,10,150,82,0.028361369701356044
324,2,10,150,82,0.06573619640629956
325,2,10,150,82,0.0811231025632827
326,2,10,150,82,0.14774251547484274
327,2,10,150,82,0.09940384964751083
328,2,10,150,82,0.14304127376118922
329,2,10,150,82,0.0
330,2,10,150,82,0.1611323869146598
331,2,10,150,82,0.07806337179400324
332,2,10,150,82,0.20308551734089297
333,2,10,150,82,0.05206745415870339
334,2,10,150,82,0.12771625070734274
335,2,10,150,82,0.0
336,2,10,150,82,0.11501232379588432
337,2,10,150,82,0.10934082156401825
338,2,10,150,82,0.12065326649027912
339,2,10,150,82,0.303392250589252
340,2,10,150,82,0.17896552649342137
341,2,10,150,82,0.0
342,2,10,150,82,0.27369687527821046
343,2,10,150,82,0.3148697991467657
344,2,10,150,82,0.1523980172868318
345,2,10,150,82,0.10686772084589051
346,2,10,150,82,0.2102586943425689
347,2,10,150,82,0.20485510809551669
348,2,10,150,82,0.0
349,2,10,150,82,0.163169180413793
350,2,10,150,82,0.18939048055890495
351,2,10,150,82,0.1610216634970071
352,2,10,150,82,0.3057524544183157
353,2,10,150,82,0.0
354,2,10,150,82,0.08982081782386522
355,2,10,150,82,0.0
356,2,10,150,82,0.10061931714936387
357,2,10,150,82,0.14019634392566574
358,2,10,150,82,0.0
359,2,10,150,82,0.0
360,2,10,150,82,0.22728151171982378
361,2,10,150,82,0.12786031464335298
362,2,10,150,82,0.04690797720830594
363,2,10,150,82,0.18977973100499423
364,2,10,150,82,0.0
365,2,10,150,82,0.0
366,2,10,150,82,0.09184114803951915
367,2,10,150,82,0.05534563970541805
368,2,10,150,82,0.06788053752288492
369,2,10,150,82,0.21386152848601384
370,2,10,150,82,0.0957000625269241
371,2,10,150,82,0.1597357002967986
372,2,10,150,82,0.11359189468068477
373,2,10,150,82,0.10496983264762118
374,2,10,150,82,0.15210191594223785
375,2,10,150,82,0.1676614286651071
376,2,10,150,82,0.07216815292900357
377,2,10,150,82,0.34749036439127307
378,2,10,150,82,0.04494060306852169
379,2,10,150,82,0.2300230636638564
380,2,10,150,82,0.07024440978014618
381,2,10,150,82,0.13460387583977396
382,2,10,150,82,0.14582500956521116
383,2,10,150,82,0.09528948443146955
384,2,10,150,82,0.0
385,2,10,150,82,0.13878098443683806
386,2,10,150,82,0.0
387,2,10,150,82,0.16319066584288464
388,2,10,150,82,0.03275673003454543
389,2,10,150,82,0.23486014126558652
390,2,10,150,82,0.10466779365752882
391,2,10,150,82,0.18344326580289438
392,2,10,150,82,0.1524387189981664
393,2,10,150,82,0.12884946442197984
394,2,10,150,82,0.2428956376202687
395,2,10,150,82,0.17280189068434965
396,2,10,150,82,0.08006506288147622
397,2,10,150,82,0.2369341816089546
398,2,10,150,82,0.12633080592181342
399,2,10,150,82,0.027163943847917805
400,2,10,150,82,0.0
401,2,10,150,82,0.0
402,2,10,150,82,0.1798991830195577
403,2,10,150,82,0.23561122801255002
404,2,10,150,82,0.0
405,2,10,150,82,0.2394852165743777
406,2,10,150,82,0.22048055474063377
407,2,10,150,82,0.07144190111644805
408,2,10,150,82,0.08490303813485527
409,2,10,150,82,0.1854414927009712
410,2,10,150,82,0.1510508871592243
411,2,10,150,82,0.13359023741301432
412,2,10,150,82,0.041062015509212284
413,2,10,150,82,0.19475935863737628
414,2,10,150,82,0.04690797720830594
415,2,10,150,82,0.15582818336744758
416,2,10,150,82,0.49235902371996104
417,2,10,150,82,0.23507499370271118
418,2,10,150,82,0.05130633033097092
419,2,10,150,82,0.13043508853971056
420,2,10,150,82,0.1979106713561055
421,2,10,150,82,0.3102692669240346
422,2,10,150,82,0.0654076987556055
423,2,10,150,82,0.0
424,2,10,150,82,0.039270700903099615
425,2,10,150,82,0.05217465445314217
426,2,10,150,82,0.03206656709567107
427,2,10,150,82,0.0
428,2,10,150,82,0.09545062073374358
429,2,10,150,82,0.21633755921705852
430,2,10,150,82,0.17441334704295655
431,2,10,150,82,0.0
432,2,10,150,82,0.13181508781832452
433,2,10,150,82,0.10047622221317463
434,2,10,150,82,0.21435951014939544
435,2,10,150,82,0.27923019349493783
436,2,10,150,82,0.08073573433990566
437,2,10,150,82,0.2509243666425757
438,2,10,150,82,0.11342455428465782
439,2,10,150,82,0.0
440,2,10,150,82,0.056388463063434605
441,2,10,150,82,0.2078055819841487
442,2,10,150,82,0.04062732041938225
443,2,10,150,82,0.0
444,2,10,150,82,0.0796221118108625
445,2,10,150,82,0.06656553044254701
446,2,10,150,82,0.15440950258541247
447,2,10,150,82,0.06755943234053442
448,2,10,150,82,0.049326153683410964
449,2,10,150,82,0.1400796026466503
450,2,10,150,82,0.49736306910430794
451,2,10,150,82,0.05163551141839463
452,2,10,150,82,0.2012746672131184
453,2,10,150,82,0.1175424009487046
454,2,10,150,82,0.0
455,2,10,150,82,0.16221355279789243
456,2,10,150,82,0.07459327856837822
457,2,10,150,82,0.4378321275568531
458,2,10,150,82,0.24451919284435483
459,2,10,150,82,0.2127188263052183
460,2,10,150,82,0.07041837375515932
461,2,10,150,82,0.06961399513856609
462,2,10,150,82,0.18564976427020158
463,2,10,150,82,0.21881515471619958
464,2,10,150,82,0.06726768733602535
465,2,10,150,82,0.10783006935442738
466,2,10,150,82,0.12816210679182038
467,2,10,150,82,0.09300532025926726
468,2,10,150,82,0.2504459841080331
469,2,10,150,82,0.07770822948326245
470,2,10,150,82,0.04760723841253984
471,2,10,150,82,0.0
472,2,10,150,82,0.22846502319986248
473,2,10,150,82,0.2622744659873325
474,2,10,150,82,0.4135114405509715
475,2,10,150,82,0.07311683844390994
476,2,10,150,82,0.021791008948563714
477,2,10,150,82,0.07075576072108061
478,2,10,150,82,0.13180376528048332
479,2,10,150,82,0.2050544146269031
480,2,10,150,82,0.15920120556239784
481,2,10,150,82,0.08549221385843568
482,2,10,150,82,0.04290887548434951
483,2,10,150,82,0.0273055648695642
484,2,10,150,82,0.20193976177882433
485,2,10,150,82,0.036556008482007775
486,2,10,150,82,0.02801058107494064
487,2,10,150,82,0.29017751945224424
488,2,10,150,82,0.0
489,2,10,150,82,0.039967575332143034
490,2,10,150,82,0.11630686983226163
491,2,10,150,82,0.03859643636257609
492,2,10,150,82,0.1338895448360617
493,2,10,150,82,0.23813103779788555
494,2,10,150,82,0.10841985052222541
495,2,10,150,82,0.20139301547296365
496,2,10,150,82,0.023205371908120297
497,2,10,150,82,0.1817144002321022
498,2,10,150,82,0.07358364093338247
499,2,10,150,82,0.10804037134297641
500,2,10,150,82,0.1334472450480414
501,2,10,150,82,0.02184231145035861
502,2,10,150,82,0.06689893193796337
503,2,10,150,82,0.21275573086895633
504,2,10,150,82,0.1167562950336926
505,2,10,150,82,0.05688647497208646
506,2,10,150,82,0.11466796796707399
507,2,10,150,82,0.02186947737677948
508,2,10,150,82,0.20345924618307185
509,2,10,150,82,0.031611854308622345
510,2,10,150,82,0.0
511,2,10,150,82,0.0
512,2,10,150,82,0.08364069030518707
513,2,10,150,82,0.11506360809154491
514,2,10,150,82,0.16578726587197626
515,2,10,150,82,0.034743705427429224
516,2,10,150,82,0.1340330647732781
517,2,10,150,82,0.07931777113368761
518,2,10,150,82,0.14341019153063672
519,2,10,150,82,0.10560636946921488
520,2,10,150,82,0.0
521,2,10,150,82,0.013100052175929421
522,2,10,150,82,0.0559167101555819
523,2,10,150,82,0.2344066446478321
524,2,10,150,82,0.12659057346883196
525,2,10,150,82,0.02228065271804083
526,2,10,150,82,0.02505758835695044
527,2,10,150,82,0.35360031514866236
528,2,10,150,82,0.2269962474823218
529,2,10,150,82,0.0
530,2,10,150,82,0.05554513395194445
531,2,10,150,82,0.0
532,2,10,150,82,0.10825235109026554
533,2,10,150,82,0.028400972155851408
534,2,10,150,82,0.024909303741335254
535,2,10,150,82,0.20139880789960526
536,2,10,150,82,0.16340884055250954
537,2,10,150,82,0.4406718869230168
538,2,10,150,82,0.051356253787840964
539,2,10,150,82,0.09953437200841515
540,2,10,150,82,0.0
541,2,10,150,82,0.06833564325125971
542,2,10,150,82,0.07797598981103891
543,2,10,150,82,0.07305963124642406
544,2,10,150,82,0.0
545,2,10,150,82,0.060216826583478454
546,2,10,150,82,0.03314153504336938
547,2,10,150,82,0.04855455745827926
548,2,10,150,82,0.08182523646487679
549,2,10,150,82,0.0
550,2,10,150,82,0.09688698360286704
551,2,10,150,82,0.23239283882524764
552,2,10,150,82,0.048059443651065493
553,2,10,150,82,0.22788845094315135
554,2,10,150,82,0.1061717592653675
555,2,10,150,82,0.09809088686968297
556,2,10,150,82,0.16258997327839542
557,2,10,150,82,0.04470486007704452
558,2,10,150,82,0.265053101293003
559,2,10,150,82,0.1306794248970741
560,2,10,150,82,0.046716390531725466
561,2,10,150,82,0.12721296501160917
562,2,10,150,82,0.07720150835011791
563,2,10,150,82,0.0
564,2,10,150,82,0.0
565,2,10,150,82,0.28663011782160785
566,2,10,150,82,0.049763902181020156
567,2,10,150,82,0.09272963807674517
568,2,10,150,82,0.0
569,2,10,150,82,0.17563954439010937
570,2,10,150,82,0.0
571,2,10,150,82,0.16104477175644444
572,2,10,150,82,0.0
573,2,10,150,82,0.03246641181906899
574,2,10,150,82,0.05058854055353143
575,2,10,150,82,0.05154847002173459
576,2,10,150,82,0.0
577,2,10,150,82,0.0784247757209491
578,2,10,150,82,0.0
579,2,10,150,82,0.08297540479108526
580,2,10,150,82,0.21602760439924668
581,2,10,150,82,0.0
582,2,10,150,82,0.0437514209980628
583,2,10,150,82,0.08356526807460651
584,2,10,150,82,0.0
585,2,10,150,82,0.08668163308546498
586,2,10,150,82,0.10132509239867551
587,2,10,150,82,0.03459392809572638
588,2,10,150,82,0.053821119735696775
589,2,10,150,82,0.13061191070808464
590,2,10,150,82,0.06139304560474655
591,2,10,150,82,0.0
592,2,10,150,82,0.32131066187181556
593,2,10,150,82,0.04586709436300111
594,2,10,150,82,0.0
595,2,10,150,82,0.0
596,2,10,150,82,0.0
597,2,10,150,82,0.0
598,2,10,150,82,0.0
599,2,10,150,82,0.0
600,2,10,150,82,0.024325165853816375
601,2,10,150,82,0.03369782041898502
602,2,10,150,82,0.0
603,2,10,150,82,0.1435203717549576
604,2,10,150,82,0.0
605,2,10,150,82,0.2645541144793553
606,2,10,150,82,0.23204083039530643
607,2,10,150,82,0.08440880858250024
608,2,10,150,82,0.2120992422792938
609,2,10,150,82,0.0
610,2,10,150,82,0.1629867900167321
611,2,10,150,82,0.08045389590462838
612,2,10,150,82,0.15130120674940672
613,2,10,150,82,0.0
614,2,10,150,82,0.08861505596859857
615,2,10,150,82,0.1479554402409639
616,2,10,150,82,0.0
617,2,10,150,82,0.044257815106106525
618,2,10,150,82,0.18766481803906507
619,2,10,150,82,0.09637551974188778
620,2,10,150,82,0.08396948777462541
621,2,10,150,82,0.07911675782853725
622,2,10,150,82,0.12980296240199146
623,2,10,150,82,0.0
624,2,10,150,82,0.08175619017377453
625,2,10,150,82,0.0
626,2,10,150,82,0.0
627,2,10,150,82,0.0
628,2,10,150,82,0.0
629,2,10,150,82,0.2466228630593721
630,2,10,150,82,0.0
631,2,10,150,82,0.16868725245403154
632,2,10,150,82,0.13439570003165963
633,2,10,150,82,0.07667481399289292
634,2,10,150,82,0.030975021478781034
635,2,10,150,82,0.0
636,2,10,150,82,0.0
637,2,10,150,82,0.0
638,2,10,150,82,0.0
639,2,10,150,82,0.0
640,2,10,150,82,0.07887611601996505
642,2,10,150,82,0.1329152156038286
643,2,10,150,82,0.0
644,2,10,150,82,0.0
645,2,10,150,82,0.09759501249802542
647,2,10,150,82,0.0
648,2,10,150,82,0.18159464350583557
649,2,10,150,82,1.0
650,2,10,150,82,0.0
651,2,10,150,82,0.0
653,2,10,150,82,0.040484256935344326
654,2,10,150,82,0.058087171966128066
655,2,10,150,82,0.1960260054527925
658,2,10,150,82,0.0
1,2,10,150,83,0.5343723497595074
2,2,10,150,83,0.2268511698743587
3,2,10,150,83,0.03098598178059488
4,2,10,150,83,0.06166887310869151
5,2,10,150,83,0.12620564628865164
6,2,10,150,83,0.17961772474519622
7,2,10,150,83,0.27174669395738765
8,2,10,150,83,0.06653535276206901
9,2,10,150,83,0.0
10,2,10,150,83,0.2043831529067321
11,2,10,150,83,0.10464473261331256
12,2,10,150,83,0.10103399773096396
13,2,10,150,83,0.38803502195411155
14,2,10,150,83,0.15461807617997098
15,2,10,150,83,0.01616702920033762
16,2,10,150,83,0.2662844928132153
17,2,10,150,83,0.10312948447052589
18,2,10,150,83,0.22391863115947294
19,2,10,150,83,0.0
20,2,10,150,83,0.031742154565302834
21,2,10,150,83,0.012720674487092647
22,2,10,150,83,0.05035691655673683
23,2,10,150,83,0.22807475621810358
24,2,10,150,83,0.12818798445247553
25,2,10,150,83,0.03078223202175778
26,2,10,150,83,0.1475005395151273
27,2,10,150,83,0.0
28,2,10,150,83,0.16080076733974918
29,2,10,150,83,0.0
30,2,10,150,83,0.0
31,2,10,150,83,0.08090642992710743
32,2,10,150,83,0.14779014095437779
33,2,10,150,83,0.0
34,2,10,150,83,0.07239559903187814
35,2,10,150,83,0.0
36,2,10,150,83,0.0
37,2,10,150,83,0.0
38,2,10,150,83,0.12297908439989445
39,2,10,150,83,0.15820890896021753
40,2,10,150,83,0.2212397779175911
41,2,10,150,83,0.0
42,2,10,150,83,0.20130152528989256
43,2,10,150,83,0.09662598732799078
44,2,10,150,83,0.1565413821318793
45,2,10,150,83,0.0
46,2,10,150,83,0.10684080426179023
47,2,10,150,83,0.11437926488327832
48,2,10,150,83,0.16438571914394637
49,2,10,150,83,0.05920283200708927
50,2,10,150,83,0.046726672111120165
51,2,10,150,83,0.07984133538066794
52,2,10,150,83,0.05244652348163508
53,2,10,150,83,0.12810519548676028
54,2,10,150,83,0.12069558652333642
55,2,10,150,83,0.0
56,2,10,150,83,0.22047893971599028
57,2,10,150,83,0.0524456916588361
58,2,10,150,83,0.16366022196121796
59,2,10,150,83,0.297625067199937
60,2,10,150,83,0.2158570564681132
61,2,10,150,83,0.06416923277158361
62,2,10,150,83,0.18160332589227857
63,2,10,150,83,0.0763437499438357
64,2,10,150,83,0.04583023181159601
65,2,10,150,83,0.18154179097601578
66,2,10,150,83,0.12995427111679475
67,2,10,150,83,0.24630238874073
68,2,10,150,83,0.04358896759704514
69,2,10,150,83,0.19699902273515738
70,2,10,150,83,0.048917717601407604
71,2,10,150,83,0.08190066039082215
72,2,10,150,83,0.28907547922366217
73,2,10,150,83,0.28969967958004655
74,2,10,150,83,0.17342765698823945
75,2,10,150,83,0.16021137204676433
76,2,10,150,83,0.23191508057904175
77,2,10,150,83,0.15029758260072817
78,2,10,150,83,0.0
79,2,10,150,83,0.11837298765331451
80,2,10,150,83,0.1744476820873323
81,2,10,150,83,0.02668972877827465
82,2,10,150,83,0.06437887178128218
83,2,10,150,83,0.046841820324159865
84,2,10,150,83,0.029136604147144557
85,2,10,150,83,0.18442983312439273
86,2,10,150,83,0.07028063830038406
87,2,10,150,83,0.19384373929491494
88,2,10,150,83,0.06294571929989644
89,2,10,150,83,0.2334685083478665
90,2,10,150,83,0.17313204566143872
91,2,10,150,83,0.07054411138080068
92,2,10,150,83,0.10559709622858479
93,2,10,150,83,0.0
94,2,10,150,83,0.2533496683576267
95,2,10,150,83,0.12485211086506379
96,2,10,150,83,0.2668702981549327
97,2,10,150,83,0.280616207787194
98,2,10,150,83,0.0
99,2,10,150,83,0.13656436417013992
100,2,10,150,83,0.0
101,2,10,150,83,0.0
102,2,10,150,83,0.05671879843401278
103,2,10,150,83,0.04579340374561851
104,2,10,150,83,0.0
105,2,10,150,83,0.0
106,2,10,150,83,0.0
107,2,10,150,83,0.09995553728965398
108,2,10,150,83,0.04485361187694993
109,2,10,150,83,0.20086438685781322
110,2,10,150,83,0.037578324799282276
111,2,10,150,83,0.09077089626867633
112,2,10,150,83,0.0
113,2,10,150,83,0.178509607681865
114,2,10,150,83,0.02951022367272685
115,2,10,150,83,0.24220379575977083
116,2,10,150,83,0.041610162623197416
117,2,10,150,83,0.053087643823189194
118,2,10,150,83,0.19326159470866278
119,2,10,150,83,0.15212875834435738
120,2,10,150,83,0.40177646466663713
121,2,10,150,83,0.115269333086109
122,2,10,150,83,0.1467899073100297
123,2,10,150,83,0.12990556389377814
124,2,10,150,83,0.18903749859471425
125,2,10,150,83,0.1656817885548098
126,2,10,150,83,0.0
127,2,10,150,83,0.12503310750358904
128,2,10,150,83,0.07117364753699024
129,2,10,150,83,0.0
130,2,10,150,83,0.10664281486972822
131,2,10,150,83,0.36227735599025207
132,2,10,150,83,0.12643913909707097
133,2,10,150,83,0.0
134,2,10,150,83,0.0
135,2,10,150,83,0.0
136,2,10,150,83,0.16609048789162614
137,2,10,150,83,0.1142541952759239
138,2,10,150,83,0.15545471738318148
139,2,10,150,83,0.05165643482805862
140,2,10,150,83,0.0
141,2,10,150,83,0.12556328258692692
142,2,10,150,83,0.0
143,2,10,150,83,0.06882065896991112
144,2,10,150,83,0.1778212661301716
145,2,10,150,83,0.10932026986047376
146,2,10,150,83,0.0
147,2,10,150,83,0.06664071636913875
148,2,10,150,83,0.1606863768135813
149,2,10,150,83,0.10486881530019958
150,2,10,150,83,0.0
151,2,10,150,83,0.21103650171181781
152,2,10,150,83,0.09023573428198242
153,2,10,150,83,0.071942683897578
154,2,10,150,83,0.08491065065836505
155,2,10,150,83,0.0
156,2,10,150,83,0.06437746926759551
157,2,10,150,83,0.09322859567795043
158,2,10,150,83,0.17368343162211233
159,2,10,150,83,0.024782300799839303
160,2,10,150,83,0.11705084481334227
161,2,10,150,83,0.0
162,2,10,150,83,0.08299661455725149
163,2,10,150,83,0.0
164,2,10,150,83,0.029649957429587842
165,2,10,150,83,0.0
166,2,10,150,83,0.06175696970122604
167,2,10,150,83,0.040419659112753054
168,2,10,150,83,0.0641665753731138
169,2,10,150,83,0.03870447337439288
170,2,10,150,83,0.0
171,2,10,150,83,0.0
172,2,10,150,83,0.08232325035020067
173,2,10,150,83,0.1448442050067646
174,2,10,150,83,0.2622747997764713
175,2,10,150,83,0.22732566419594713
176,2,10,150,83,0.027651749128023803
177,2,10,150,83,0.3152442026717657
178,2,10,150,83,0.1509306125771355
179,2,10,150,83,0.09299583347145139
180,2,10,150,83,0.11028996034222072
181,2,10,150,83,0.05245936024694242
182,2,10,150,83,0.05005165434923901
183,2,10,150,83,0.0
184,2,10,150,83,0.15639932187667255
185,2,10,150,83,0.0
186,2,10,150,83,0.05478814761334652
187,2,10,150,83,0.16902512893841318
188,2,10,150,83,0.29205722210115026
189,2,10,150,83,0.19661282626562737
190,2,10,150,83,0.025938546612492997
191,2,10,150,83,0.0
192,2,10,150,83,0.0
193,2,10,150,83,0.014941492561257172
194,2,10,150,83,0.19567218555285976
195,2,10,150,83,0.04606861224913365
196,2,10,150,83,0.04485361187694993
197,2,10,150,83,0.16261436624219067
198,2,10,150,83,0.028186415745733433
199,2,10,150,83,0.2529427027676571
200,2,10,150,83,0.23903021781429204
201,2,10,150,83,0.14211421356106696
202,2,10,150,83,0.27487633291429087
203,2,10,150,83,0.10238606821339166
204,2,10,150,83,0.08325563768773413
205,2,10,150,83,0.1465996756793884
206,2,10,150,83,0.028694189013458257
207,2,10,150,83,0.08691497343447262
208,2,10,150,83,0.10318619832562911
209,2,10,150,83,0.0
210,2,10,150,83,0.18937175954951105
211,2,10,150,83,0.0
212,2,10,150,83,0.11738002835756964
213,2,10,150,83,0.19307132835824467
214,2,10,150,83,0.25168008015410515
215,2,10,150,83,0.11433722369502479
216,2,10,150,83,0.14425650580287722
217,2,10,150,83,0.10298663607405599
218,2,10,150,83,0.1023482199458735
219,2,10,150,83,0.0
220,2,10,150,83,0.0
221,2,10,150,83,0.10144613070733857
222,2,10,150,83,0.08089674602006877
223,2,10,150,83,0.0
224,2,10,150,83,0.029996736818897345
225,2,10,150,83,0.0
226,2,10,150,83,0.10111769293645066
227,2,10,150,83,0.0947812167140767
228,2,10,150,83,0.0
229,2,10,150,83,0.1353749952992483
230,2,10,150,83,0.29885542969810625
231,2,10,150,83,0.3903800499921017
232,2,10,150,83,0.13914352811061104
233,2,10,150,83,0.1669130437229485
234,2,10,150,83,0.21055620355285204
235,2,10,150,83,0.1075070751982482
236,2,10,150,83,0.14277726217629444
237,2,10,150,83,0.27346075713529205
238,2,10,150,83,0.0
239,2,10,150,83,0.10436446685576063
240,2,10,150,83,0.0
241,2,10,150,83,0.0
242,2,10,150,83,0.07673373981757839
243,2,10,150,83,0.2568245236714982
244,2,10,150,83,0.18280294015368334
245,2,10,150,83,0.0
246,2,10,150,83,0.12379877182510346
247,2,10,150,83,0.0
248,2,10,150,83,0.14176813152020928
249,2,10,150,83,0.21580604760725444
250,2,10,150,83,0.08513080051804543
251,2,10,150,83,0.12803494038364374
252,2,10,150,83,0.1904168294848087
253,2,10,150,83,0.204742498386431
254,2,10,150,83,0.27040676448473944
255,2,10,150,83,0.04662184073981129
256,2,10,150,83,0.2981724287847049
257,2,10,150,83,0.10559687561546657
258,2,10,150,83,0.0
259,2,10,150,83,0.0
260,2,10,150,83,0.0
261,2,10,150,83,0.0
262,2,10,150,83,0.10339515619708659
263,2,10,150,83,0.16565508957374153
264,2,10,150,83,0.07935123938715939
265,2,10,150,83,0.08339602711200374
266,2,10,150,83,0.0
267,2,10,150,83,0.15946623251411773
268,2,10,150,83,0.18501125969110152
269,2,10,150,83,0.07991666515634646
270,2,10,150,83,0.13753262202696961
271,2,10,150,83,0.20401896890378474
272,2,10,150,83,0.366296454316556
273,2,10,150,83,0.06267320809766952
274,2,10,150,83,0.05829918151249392
275,2,10,150,83,0.04105877938688906
276,2,10,150,83,0.204967290086769
277,2,10,150,83,0.0
278,2,10,150,83,0.04305311721683474
279,2,10,150,83,0.2055743958150024
280,2,10,150,83,0.0841500632404169
281,2,10,150,83,0.05516788910004661
282,2,10,150,83,0.0
283,2,10,150,83,0.06286054135527182
284,2,10,150,83,0.028031276514167806
285,2,10,150,83,0.15002687789384317
286,2,10,150,83,0.10716987013646836
287,2,10,150,83,0.14933178562928426
288,2,10,150,83,0.18109971158338595
289,2,10,150,83,0.06510475888148554
290,2,10,150,83,0.09449357188080848
291,2,10,150,83,0.17748922691988067
292,2,10,150,83,0.3713936936921286
293,2,10,150,83,0.17668065205722275
294,2,10,150,83,0.05942233668176323
295,2,10,150,83,0.21201342709556317
296,2,10,150,83,0.10863331355232851
297,2,10,150,83,0.10547809104886068
298,2,10,150,83,0.4252278238676385
299,2,10,150,83,0.05389882485565562
300,2,10,150,83,0.0
301,2,10,150,83,0.12514367933866224
302,2,10,150,83,0.0
303,2,10,150,83,0.3414454309542241
304,2,10,150,83,0.09811693595042764
305,2,10,150,83,0.15377587171217844
306,2,10,150,83,0.07286537763060504
307,2,10,150,83,0.17167816797422253
308,2,10,150,83,0.11987890655472758
309,2,10,150,83,0.0
310,2,10,150,83,0.0
311,2,10,150,83,0.25325295310341156
312,2,10,150,83,0.1975666931997852
313,2,10,150,83,0.22676062260704077
314,2,10,150,83,0.1364034674404962
315,2,10,150,83,0.18129588776381328
316,2,10,150,83,0.22270580084154873
317,2,10,150,83,0.0
318,2,10,150,83,0.13166957165834908
319,2,10,150,83,0.0
320,2,10,150,83,0.04539294738377069
321,2,10,150,83,0.12530728980532893
322,2,10,150,83,0.35190394711189377
323,2,10,150,83,0.028361369701356044
324,2,10,150,83,0.06573619640629956
325,2,10,150,83,0.0811231025632827
326,2,10,150,83,0.14774251547484274
327,2,10,150,83,0.09855584601588528
328,2,10,150,83,0.14304127376118922
329,2,10,150,83,0.0
330,2,10,150,83,0.1611323869146598
331,2,10,150,83,0.07806337179400324
332,2,10,150,83,0.20308551734089297
333,2,10,150,83,0.05206745415870339
334,2,10,150,83,0.12662671700415648
335,2,10,150,83,0.0
336,2,10,150,83,0.11501232379588432
337,2,10,150,83,0.10934082156401825
338,2,10,150,83,0.12065326649027912
339,2,10,150,83,0.30933493694811576
340,2,10,150,83,0.17896552649342137
341,2,10,150,83,0.0
342,2,10,150,83,0.27369687527821046
343,2,10,150,83,0.3148697991467657
344,2,10,150,83,0.1523980172868318
345,2,10,150,83,0.10686772084589051
346,2,10,150,83,0.2102586943425689
347,2,10,150,83,0.20485510809551669
348,2,10,150,83,0.0
349,2,10,150,83,0.163169180413793
350,2,10,150,83,0.18939048055890495
351,2,10,150,83,0.1610216634970071
352,2,10,150,83,0.3057524544183157
353,2,10,150,83,0.0
354,2,10,150,83,0.08982081782386522
355,2,10,150,83,0.0
356,2,10,150,83,0.10061931714936387
357,2,10,150,83,0.14019634392566574
358,2,10,150,83,0.0
359,2,10,150,83,0.0
360,2,10,150,83,0.22728151171982378
361,2,10,150,83,0.12786031464335298
362,2,10,150,83,0.04690797720830594
363,2,10,150,83,0.18816074037563904
364,2,10,150,83,0.0
365,2,10,150,83,0.0
366,2,10,150,83,0.09184114803951915
367,2,10,150,83,0.05534563970541805
368,2,10,150,83,0.06788053752288492
369,2,10,150,83,0.21386152848601384
370,2,10,150,83,0.0957000625269241
371,2,10,150,83,0.1597357002967986
372,2,10,150,83,0.11359189468068477
373,2,10,150,83,0.10496983264762118
374,2,10,150,83,0.15210191594223785
375,2,10,150,83,0.1676614286651071
376,2,10,150,83,0.07216815292900357
377,2,10,150,83,0.34749036439127307
378,2,10,150,83,0.04455721958041045
379,2,10,150,83,0.2300230636638564
380,2,10,150,83,0.07024440978014618
381,2,10,150,83,0.13460387583977396
382,2,10,150,83,0.14582500956521116
383,2,10,150,83,0.09528948443146955
384,2,10,150,83,0.0
385,2,10,150,83,0.13759705867118283
386,2,10,150,83,0.0
387,2,10,150,83,0.16179850369048432
388,2,10,150,83,0.03275673003454543
389,2,10,150,83,0.23486014126558652
390,2,10,150,83,0.10466779365752882
391,2,10,150,83,0.18344326580289438
392,2,10,150,83,0.1524387189981664
393,2,10,150,83,0.12775026339354584
394,2,10,150,83,0.2428956376202687
395,2,10,150,83,0.17280189068434965
396,2,10,150,83,0.08006506288147622
397,2,10,150,83,0.2369341816089546
398,2,10,150,83,0.12633080592181342
399,2,10,150,83,0.02693221114225309
400,2,10,150,83,0.0
401,2,10,150,83,0.0
402,2,10,150,83,0.1798991830195577
403,2,10,150,83,0.23561122801255002
404,2,10,150,83,0.0
405,2,10,150,83,0.23744219375286887
406,2,10,150,83,0.21859965866079514
407,2,10,150,83,0.07144190111644805
408,2,10,150,83,0.08490303813485527
409,2,10,150,83,0.1854414927009712
410,2,10,150,83,0.1510508871592243
411,2,10,150,83,0.13359023741301432
412,2,10,150,83,0.041062015509212284
413,2,10,150,83,0.19475935863737628
414,2,10,150,83,0.04690797720830594
415,2,10,150,83,0.15582818336744758
416,2,10,150,83,0.48815876143979103
417,2,10,150,83,0.2330695940218021
418,2,10,150,83,0.05130633033097092
419,2,10,150,83,0.13043508853971056
420,2,10,150,83,0.1979106713561055
421,2,10,150,83,0.3102692669240346
422,2,10,150,83,0.0654076987556055
423,2,10,150,83,0.0
424,2,10,150,83,0.039270700903099615
425,2,10,150,83,0.05172955804478411
426,2,10,150,83,0.03206656709567107
427,2,10,150,83,0.0
428,2,10,150,83,0.09545062073374358
429,2,10,150,83,0.21449200658983528
430,2,10,150,83,0.17441334704295655
431,2,10,150,83,0.0
432,2,10,150,83,0.13181508781832452
433,2,10,150,83,0.10047622221317463
434,2,10,150,83,0.21435951014939544
435,2,10,150,83,0.2768481105174388
436,2,10,150,83,0.08073573433990566
437,2,10,150,83,0.24878375765277522
438,2,10,150,83,0.11342455428465782
439,2,10,150,83,0.0
440,2,10,150,83,0.056388463063434605
441,2,10,150,83,0.2078055819841487
442,2,10,150,83,0.04062732041938225
443,2,10,150,83,0.0
444,2,10,150,83,0.0796221118108625
445,2,10,150,83,0.06656553044254701
446,2,10,150,83,0.15440950258541247
447,2,10,150,83,0.06755943234053442
448,2,10,150,83,0.049326153683410964
449,2,10,150,83,0.1400796026466503
450,2,10,150,83,0.5016510111135974
451,2,10,150,83,0.05163551141839463
452,2,10,150,83,0.19955761450986606
453,2,10,150,83,0.1175424009487046
454,2,10,150,83,0.0
455,2,10,150,83,0.1608297262925883
456,2,10,150,83,0.07395693127051052
457,2,10,150,83,0.4340970284080059
458,2,10,150,83,0.24451919284435483
459,2,10,150,83,0.2127188263052183
460,2,10,150,83,0.07041837375515932
461,2,10,150,83,0.06961399513856609
462,2,10,150,83,0.18564976427020158
463,2,10,150,83,0.21881515471619958
464,2,10,150,83,0.06726768733602535
465,2,10,150,83,0.10783006935442738
466,2,10,150,83,0.12816210679182038
467,2,10,150,83,0.09300532025926726
468,2,10,150,83,0.2504459841080331
469,2,10,150,83,0.07770822948326245
470,2,10,150,83,0.04760723841253984
471,2,10,150,83,0.0
472,2,10,150,83,0.2265160124718082
473,2,10,150,83,0.2622744659873325
474,2,10,150,83,0.4185147118536746
475,2,10,150,83,0.07311683844390994
476,2,10,150,83,0.021791008948563714
477,2,10,150,83,0.07075576072108061
478,2,10,150,83,0.13180376528048332
479,2,10,150,83,0.20330511730188933
480,2,10,150,83,0.15920120556239784
481,2,10,150,83,0.10335869576468756
482,2,10,150,83,0.04290887548434951
483,2,10,150,83,0.0273055648695642
484,2,10,150,83,0.20193976177882433
485,2,10,150,83,0.036556008482007775
486,2,10,150,83,0.02801058107494064
487,2,10,150,83,0.28770204600544946
488,2,10,150,83,0.0
489,2,10,150,83,0.039967575332143034
490,2,10,150,83,0.11630686983226163
491,2,10,150,83,0.03859643636257609
492,2,10,150,83,0.1338895448360617
493,2,10,150,83,0.23813103779788555
494,2,10,150,83,0.10841985052222541
495,2,10,150,83,0.1996749531533383
496,2,10,150,83,0.023205371908120297
497,2,10,150,83,0.18016421407872985
498,2,10,150,83,0.07358364093338247
499,2,10,150,83,0.10804037134297641
500,2,10,150,83,0.1323088208438235
501,2,10,150,83,0.02184231145035861
502,2,10,150,83,0.06689893193796337
503,2,10,150,83,0.21275573086895633
504,2,10,150,83,0.11576025954256418
505,2,10,150,83,0.05688647497208646
506,2,10,150,83,0.1222206410377908
507,2,10,150,83,0.02186947737677948
508,2,10,150,83,0.20345924618307185
509,2,10,150,83,0.031611854308622345
510,2,10,150,83,0.0
511,2,10,150,83,0.0
512,2,10,150,83,0.08364069030518707
513,2,10,150,83,0.11506360809154491
514,2,10,150,83,0.16578726587197626
515,2,10,150,83,0.034743705427429224
516,2,10,150,83,0.1340330647732781
517,2,10,150,83,0.07931777113368761
518,2,10,150,83,0.14341019153063672
519,2,10,150,83,0.10560636946921488
520,2,10,150,83,0.0
521,2,10,150,83,0.013100052175929421
522,2,10,150,83,0.0559167101555819
523,2,10,150,83,0.2344066446478321
524,2,10,150,83,0.12551064279802
525,2,10,150,83,0.02228065271804083
526,2,10,150,83,0.02505758835695044
527,2,10,150,83,0.35360031514866236
528,2,10,150,83,0.2269962474823218
529,2,10,150,83,0.0
530,2,10,150,83,0.05554513395194445
531,2,10,150,83,0.0
532,2,10,150,83,0.10732886183726309
533,2,10,150,83,0.028158686493724026
534,2,10,150,83,0.024909303741335254
535,2,10,150,83,0.20139880789960526
536,2,10,150,83,0.16340884055250954
537,2,10,150,83,0.43691256209011425
538,2,10,150,83,0.051356253787840964
539,2,10,150,83,0.09953437200841515
540,2,10,150,83,0.0
541,2,10,150,83,0.06833564325125971
542,2,10,150,83,0.07797598981103891
543,2,10,150,83,0.0847153859781938
544,2,10,150,83,0.0
545,2,10,150,83,0.060216826583478454
546,2,10,150,83,0.03314153504336938
547,2,10,150,83,0.04855455745827926
548,2,10,150,83,0.08182523646487679
549,2,10,150,83,0.0
550,2,10,150,83,0.09688698360286704
551,2,10,150,83,0.23041032032132253
552,2,10,150,83,0.048059443651065493
553,2,10,150,83,0.2433089897781848
554,2,10,150,83,0.1061717592653675
555,2,10,150,83,0.09809088686968297
556,2,10,150,83,0.16258997327839542
557,2,10,150,83,0.04470486007704452
558,2,10,150,83,0.265053101293003
559,2,10,150,83,0.1306794248970741
560,2,10,150,83,0.046716390531725466
561,2,10,150,83,0.13465861805151008
562,2,10,150,83,0.07720150835011791
563,2,10,150,83,0.0
564,2,10,150,83,0.0
565,2,10,150,83,0.28663011782160785
566,2,10,150,83,0.049763902181020156
567,2,10,150,83,0.09272963807674517
568,2,10,150,83,0.0
569,2,10,150,83,0.17563954439010937
570,2,10,150,83,0.0
571,2,10,150,83,0.16104477175644444
572,2,10,150,83,0.0
573,2,10,150,83,0.03246641181906899
574,2,10,150,83,0.05058854055353143
575,2,10,150,83,0.05154847002173459
576,2,10,150,83,0.0
577,2,10,150,83,0.0784247757209491
578,2,10,150,83,0.0
579,2,10,150,83,0.08297540479108526
580,2,10,150,83,0.21602760439924668
581,2,10,150,83,0.0
582,2,10,150,83,0.0437514209980628
583,2,10,150,83,0.08356526807460651
584,2,10,150,83,0.09591939076437811
585,2,10,150,83,0.08668163308546498
586,2,10,150,83,0.10132509239867551
587,2,10,150,83,0.03459392809572638
588,2,10,150,83,0.053821119735696775
589,2,10,150,83,0.13061191070808464
590,2,10,150,83,0.06139304560474655
591,2,10,150,83,0.0
592,2,10,150,83,0.3185695949099876
593,2,10,150,83,0.04586709436300111
594,2,10,150,83,0.0
595,2,10,150,83,0.0
596,2,10,150,83,0.0
597,2,10,150,83,0.0
598,2,10,150,83,0.0
599,2,10,150,83,0.0
600,2,10,150,83,0.024325165853816375
601,2,10,150,83,0.03369782041898502
602,2,10,150,83,0.0
603,2,10,150,83,0.1435203717549576
604,2,10,150,83,0.0
605,2,10,150,83,0.2645541144793553
606,2,10,150,83,0.23204083039530643
607,2,10,150,83,0.08440880858250024
608,2,10,150,83,0.2120992422792938
609,2,10,150,83,0.0
610,2,10,150,83,0.1629867900167321
611,2,10,150,83,0.08045389590462838
612,2,10,150,83,0.15130120674940672
613,2,10,150,83,0.0
614,2,10,150,83,0.08861505596859857
615,2,10,150,83,0.1479554402409639
616,2,10,150,83,0.0
617,2,10,150,83,0.044257815106106525
618,2,10,150,83,0.18766481803906507
619,2,10,150,83,0.09637551974188778
620,2,10,150,83,0.08396948777462541
621,2,10,150,83,0.07911675782853725
622,2,10,150,83,0.12980296240199146
623,2,10,150,83,0.0
624,2,10,150,83,0.08175619017377453
625,2,10,150,83,0.0
626,2,10,150,83,0.0
627,2,10,150,83,0.0
628,2,10,150,83,0.0
629,2,10,150,83,0.2466228630593721
630,2,10,150,83,0.0
631,2,10,150,83,0.16868725245403154
632,2,10,150,83,0.13439570003165963
633,2,10,150,83,0.07667481399289292
634,2,10,150,83,0.030975021478781034
635,2,10,150,83,0.0
636,2,10,150,83,0.0
637,2,10,150,83,0.0
638,2,10,150,83,0.0
639,2,10,150,83,0.0
640,2,10,150,83,0.07887611601996505
642,2,10,150,83,0.1329152156038286
643,2,10,150,83,0.0
644,2,10,150,83,0.0
645,2,10,150,83,0.09759501249802542
647,2,10,150,83,0.0
648,2,10,150,83,0.18159464350583557
649,2,10,150,83,1.0
650,2,10,150,83,0.0
651,2,10,150,83,0.0
653,2,10,150,83,0.040484256935344326
654,2,10,150,83,0.058087171966128066
655,2,10,150,83,0.1960260054527925
658,2,10,150,83,0.0
1,2,10,150,84,0.5343723497595074
2,2,10,150,84,0.2268511698743587
3,2,10,150,84,0.03098598178059488
4,2,10,150,84,0.06166887310869151
5,2,10,150,84,0.12620564628865164
6,2,10,150,84,0.17961772474519622
7,2,10,150,84,0.26945413280955405
8,2,10,150,84,0.06653535276206901
9,2,10,150,84,0.0
10,2,10,150,84,0.2043831529067321
11,2,10,150,84,0.10464473261331256
12,2,10,150,84,0.10103399773096396
13,2,10,150,84,0.3931977973022555
14,2,10,150,84,0.15461807617997098
15,2,10,150,84,0.01616702920033762
16,2,10,150,84,0.2662844928132153
17,2,10,150,84,0.10312948447052589
18,2,10,150,84,0.22391863115947294
19,2,10,150,84,0.0
20,2,10,150,84,0.031742154565302834
21,2,10,150,84,0.012720674487092647
22,2,10,150,84,0.05035691655673683
23,2,10,150,84,0.22807475621810358
24,2,10,150,84,0.12818798445247553
25,2,10,150,84,0.03078223202175778
26,2,10,150,84,0.1475005395151273
27,2,10,150,84,0.0
28,2,10,150,84,0.16080076733974918
29,2,10,150,84,0.0
30,2,10,150,84,0.0
31,2,10,150,84,0.08090642992710743
32,2,10,150,84,0.14779014095437779
33,2,10,150,84,0.0
34,2,10,150,84,0.07239559903187814
35,2,10,150,84,0.0
36,2,10,150,84,0.0
37,2,10,150,84,0.0
38,2,10,150,84,0.12297908439989445
39,2,10,150,84,0.15820890896021753
40,2,10,150,84,0.2212397779175911
41,2,10,150,84,0.0
42,2,10,150,84,0.20130152528989256
43,2,10,150,84,0.09662598732799078
44,2,10,150,84,0.1565413821318793
45,2,10,150,84,0.0
46,2,10,150,84,0.10684080426179023
47,2,10,150,84,0.11437926488327832
48,2,10,150,84,0.16438571914394637
49,2,10,150,84,0.05920283200708927
50,2,10,150,84,0.046726672111120165
51,2,10,150,84,0.07984133538066794
52,2,10,150,84,0.05244652348163508
53,2,10,150,84,0.12810519548676028
54,2,10,150,84,0.12069558652333642
55,2,10,150,84,0.0
56,2,10,150,84,0.22047893971599028
57,2,10,150,84,0.0524456916588361
58,2,10,150,84,0.16366022196121796
59,2,10,150,84,0.29511418599749284
60,2,10,150,84,0.2158570564681132
61,2,10,150,84,0.06416923277158361
62,2,10,150,84,0.18160332589227857
63,2,10,150,84,0.0763437499438357
64,2,10,150,84,0.04583023181159601
65,2,10,150,84,0.18154179097601578
66,2,10,150,84,0.12995427111679475
67,2,10,150,84,0.24630238874073
68,2,10,150,84,0.04358896759704514
69,2,10,150,84,0.19699902273515738
70,2,10,150,84,0.048917717601407604
71,2,10,150,84,0.08190066039082215
72,2,10,150,84,0.28907547922366217
73,2,10,150,84,0.28969967958004655
74,2,10,150,84,0.17342765698823945
75,2,10,150,84,0.16021137204676433
76,2,10,150,84,0.23191508057904175
77,2,10,150,84,0.15029758260072817
78,2,10,150,84,0.0
79,2,10,150,84,0.11837298765331451
80,2,10,150,84,0.1744476820873323
81,2,10,150,84,0.02668972877827465
82,2,10,150,84,0.06437887178128218
83,2,10,150,84,0.046841820324159865
84,2,10,150,84,0.029136604147144557
85,2,10,150,84,0.18442983312439273
86,2,10,150,84,0.07028063830038406
87,2,10,150,84,0.19384373929491494
88,2,10,150,84,0.06294571929989644
89,2,10,150,84,0.2334685083478665
90,2,10,150,84,0.17313204566143872
91,2,10,150,84,0.07054411138080068
92,2,10,150,84,0.10470623792001725
93,2,10,150,84,0.0
94,2,10,150,84,0.25121231169641073
95,2,10,150,84,0.12485211086506379
96,2,10,150,84,0.2668702981549327
97,2,10,150,84,0.280616207787194
98,2,10,150,84,0.0
99,2,10,150,84,0.13656436417013992
100,2,10,150,84,0.0
101,2,10,150,84,0.0
102,2,10,150,84,0.05671879843401278
103,2,10,150,84,0.04579340374561851
104,2,10,150,84,0.0
105,2,10,150,84,0.0
106,2,10,150,84,0.0
107,2,10,150,84,0.09995553728965398
108,2,10,150,84,0.04485361187694993
109,2,10,150,84,0.20086438685781322
110,2,10,150,84,0.037578324799282276
111,2,10,150,84,0.09077089626867633
112,2,10,150,84,0.0
113,2,10,150,84,0.178509607681865
114,2,10,150,84,0.02951022367272685
115,2,10,150,84,0.24220379575977083
116,2,10,150,84,0.041610162623197416
117,2,10,150,84,0.053087643823189194
118,2,10,150,84,0.19326159470866278
119,2,10,150,84,0.15212875834435738
120,2,10,150,84,0.40177646466663713
121,2,10,150,84,0.115269333086109
122,2,10,150,84,0.1467899073100297
123,2,10,150,84,0.12990556389377814
124,2,10,150,84,0.18903749859471425
125,2,10,150,84,0.1656817885548098
126,2,10,150,84,0.0
127,2,10,150,84,0.12503310750358904
128,2,10,150,84,0.07117364753699024
129,2,10,150,84,0.0
130,2,10,150,84,0.10574313447065668
131,2,10,150,84,0.36227735599025207
132,2,10,150,84,0.12643913909707097
133,2,10,150,84,0.0
134,2,10,150,84,0.0
135,2,10,150,84,0.0
136,2,10,150,84,0.16609048789162614
137,2,10,150,84,0.1142541952759239
138,2,10,150,84,0.15545471738318148
139,2,10,150,84,0.05165643482805862
140,2,10,150,84,0.0732173666263434
141,2,10,150,84,0.12556328258692692
142,2,10,150,84,0.0
143,2,10,150,84,0.06882065896991112
144,2,10,150,84,0.1778212661301716
145,2,10,150,84,0.10839800140633717
146,2,10,150,84,0.0
147,2,10,150,84,0.06664071636913875
148,2,10,150,84,0.1606863768135813
149,2,10,150,84,0.10486881530019958
150,2,10,150,84,0.0
151,2,10,150,84,0.20925611543534264
152,2,10,150,84,0.09023573428198242
153,2,10,150,84,0.071942683897578
154,2,10,150,84,0.08491065065836505
155,2,10,150,84,0.0
156,2,10,150,84,0.06437746926759551
157,2,10,150,84,0.09322859567795043
158,2,10,150,84,0.17368343162211233
159,2,10,150,84,0.024782300799839303
160,2,10,150,84,0.11705084481334227
161,2,10,150,84,0.0
162,2,10,150,84,0.08299661455725149
163,2,10,150,84,0.0
164,2,10,150,84,0.029649957429587842
165,2,10,150,84,0.0
166,2,10,150,84,0.06175696970122604
167,2,10,150,84,0.040419659112753054
168,2,10,150,84,0.0641665753731138
169,2,10,150,84,0.03870447337439288
170,2,10,150,84,0.0
171,2,10,150,84,0.0
172,2,10,150,84,0.08232325035020067
173,2,10,150,84,0.1448442050067646
174,2,10,150,84,0.2622747997764713
175,2,10,150,84,0.22732566419594713
176,2,10,150,84,0.027651749128023803
177,2,10,150,84,0.3152442026717657
178,2,10,150,84,0.1509306125771355
179,2,10,150,84,0.09299583347145139
180,2,10,150,84,0.11028996034222072
181,2,10,150,84,0.05201679261386128
182,2,10,150,84,0.05005165434923901
183,2,10,150,84,0.0
184,2,10,150,84,0.15639932187667255
185,2,10,150,84,0.0
186,2,10,150,84,0.05478814761334652
187,2,10,150,84,0.16902512893841318
188,2,10,150,84,0.29205722210115026
189,2,10,150,84,0.209805850077053
190,2,10,150,84,0.025938546612492997
191,2,10,150,84,0.0
192,2,10,150,84,0.0
193,2,10,150,84,0.014941492561257172
194,2,10,150,84,0.19402141864277356
195,2,10,150,84,0.04606861224913365
196,2,10,150,84,0.04485361187694993
197,2,10,150,84,0.16261436624219067
198,2,10,150,84,0.028186415745733433
199,2,10,150,84,0.2529427027676571
200,2,10,150,84,0.23903021781429204
201,2,10,150,84,0.14091528260142805
202,2,10,150,84,0.27487633291429087
203,2,10,150,84,0.10238606821339166
204,2,10,150,84,0.08325563768773413
205,2,10,150,84,0.1465996756793884
206,2,10,150,84,0.028694189013458257
207,2,10,150,84,0.09771369441433554
208,2,10,150,84,0.10318619832562911
209,2,10,150,84,0.0
210,2,10,150,84,0.18937175954951105
211,2,10,150,84,0.0
212,2,10,150,84,0.11738002835756964
213,2,10,150,84,0.19307132835824467
214,2,10,150,84,0.25168008015410515
215,2,10,150,84,0.11433722369502479
216,2,10,150,84,0.14425650580287722
217,2,10,150,84,0.10298663607405599
218,2,10,150,84,0.1023482199458735
219,2,10,150,84,0.0
220,2,10,150,84,0.0
221,2,10,150,84,0.10144613070733857
222,2,10,150,84,0.08021426950412316
223,2,10,150,84,0.0
224,2,10,150,84,0.029996736818897345
225,2,10,150,84,0.0
226,2,10,150,84,0.10111769293645066
227,2,10,150,84,0.0947812167140767
228,2,10,150,84,0.0
229,2,10,150,84,0.1353749952992483
230,2,10,150,84,0.29885542969810625
231,2,10,150,84,0.3903800499921017
232,2,10,150,84,0.13914352811061104
233,2,10,150,84,0.1669130437229485
234,2,10,150,84,0.21721625946660228
235,2,10,150,84,0.1075070751982482
236,2,10,150,84,0.14277726217629444
237,2,10,150,84,0.27346075713529205
238,2,10,150,84,0.0
239,2,10,150,84,0.11945832294875519
240,2,10,150,84,0.0
241,2,10,150,84,0.0
242,2,10,150,84,0.07673373981757839
243,2,10,150,84,0.2568245236714982
244,2,10,150,84,0.18280294015368334
245,2,10,150,84,0.0
246,2,10,150,84,0.12379877182510346
247,2,10,150,84,0.0
248,2,10,150,84,0.14176813152020928
249,2,10,150,84,0.21580604760725444
250,2,10,150,84,0.08513080051804543
251,2,10,150,84,0.12803494038364374
252,2,10,150,84,0.1904168294848087
253,2,10,150,84,0.204742498386431
254,2,10,150,84,0.27040676448473944
255,2,10,150,84,0.04662184073981129
256,2,10,150,84,0.2981724287847049
257,2,10,150,84,0.10559687561546657
258,2,10,150,84,0.0
259,2,10,150,84,0.0
260,2,10,150,84,0.0
261,2,10,150,84,0.0
262,2,10,150,84,0.10339515619708659
263,2,10,150,84,0.16565508957374153
264,2,10,150,84,0.07935123938715939
265,2,10,150,84,0.08339602711200374
266,2,10,150,84,0.0
267,2,10,150,84,0.15946623251411773
268,2,10,150,84,0.18501125969110152
269,2,10,150,84,0.07991666515634646
270,2,10,150,84,0.13753262202696961
271,2,10,150,84,0.20401896890378474
272,2,10,150,84,0.366296454316556
273,2,10,150,84,0.06267320809766952
274,2,10,150,84,0.05829918151249392
275,2,10,150,84,0.04105877938688906
276,2,10,150,84,0.20323810604781486
277,2,10,150,84,0.0
278,2,10,150,84,0.04305311721683474
279,2,10,150,84,0.20384008999522765
280,2,10,150,84,0.0841500632404169
281,2,10,150,84,0.05516788910004661
282,2,10,150,84,0.0
283,2,10,150,84,0.06286054135527182
284,2,10,150,84,0.028031276514167806
285,2,10,150,84,0.15002687789384317
286,2,10,150,84,0.10716987013646836
287,2,10,150,84,0.14933178562928426
288,2,10,150,84,0.18109971158338595
289,2,10,150,84,0.06510475888148554
290,2,10,150,84,0.09449357188080848
291,2,10,150,84,0.17748922691988067
292,2,10,150,84,0.3713936936921286
293,2,10,150,84,0.18362649534188574
294,2,10,150,84,0.05942233668176323
295,2,10,150,84,0.21201342709556317
296,2,10,150,84,0.10863331355232851
297,2,10,150,84,0.10547809104886068
298,2,10,150,84,0.4252278238676385
299,2,10,150,84,0.05389882485565562
300,2,10,150,84,0.0
301,2,10,150,84,0.12514367933866224
302,2,10,150,84,0.0
303,2,10,150,84,0.33856486406411246
304,2,10,150,84,0.09811693595042764
305,2,10,150,84,0.15377587171217844
306,2,10,150,84,0.07286537763060504
307,2,10,150,84,0.17167816797422253
308,2,10,150,84,0.1188675613213786
309,2,10,150,84,0.0
310,2,10,150,84,0.0
311,2,10,150,84,0.25325295310341156
312,2,10,150,84,0.1975666931997852
313,2,10,150,84,0.22676062260704077
314,2,10,150,84,0.1364034674404962
315,2,10,150,84,0.18129588776381328
316,2,10,150,84,0.22270580084154873
317,2,10,150,84,0.0
318,2,10,150,84,0.13166957165834908
319,2,10,150,84,0.0
320,2,10,150,84,0.04539294738377069
321,2,10,150,84,0.12530728980532893
322,2,10,150,84,0.35190394711189377
323,2,10,150,84,0.028361369701356044
324,2,10,150,84,0.06573619640629956
325,2,10,150,84,0.0811231025632827
326,2,10,150,84,0.14774251547484274
327,2,10,150,84,0.09772439044166101
328,2,10,150,84,0.14304127376118922
329,2,10,150,84,0.0
330,2,10,150,84,0.1611323869146598
331,2,10,150,84,0.10096521657790082
332,2,10,150,84,0.20308551734089297
333,2,10,150,84,0.05206745415870339
334,2,10,150,84,0.1255584446088096
335,2,10,150,84,0.0
336,2,10,150,84,0.11501232379588432
337,2,10,150,84,0.10934082156401825
338,2,10,150,84,0.12065326649027912
339,2,10,150,84,0.3067252667151965
340,2,10,150,84,0.17896552649342137
341,2,10,150,84,0.0
342,2,10,150,84,0.27369687527821046
343,2,10,150,84,0.3148697991467657
344,2,10,150,84,0.1523980172868318
345,2,10,150,84,0.10686772084589051
346,2,10,150,84,0.2102586943425689
347,2,10,150,84,0.20485510809551669
348,2,10,150,84,0.0
349,2,10,150,84,0.163169180413793
350,2,10,150,84,0.18939048055890495
351,2,10,150,84,0.1610216634970071
352,2,10,150,84,0.3057524544183157
353,2,10,150,84,0.0
354,2,10,150,84,0.08982081782386522
355,2,10,150,84,0.0
356,2,10,150,84,0.10061931714936387
357,2,10,150,84,0.14019634392566574
358,2,10,150,84,0.0
359,2,10,150,84,0.0
360,2,10,150,84,0.22728151171982378
361,2,10,150,84,0.12786031464335298
362,2,10,150,84,0.04690797720830594
363,2,10,150,84,0.18657334294809044
364,2,10,150,84,0.0
365,2,10,150,84,0.0
366,2,10,150,84,0.09184114803951915
367,2,10,150,84,0.05534563970541805
368,2,10,150,84,0.06788053752288492
369,2,10,150,84,0.21386152848601384
370,2,10,150,84,0.0957000625269241
371,2,10,150,84,0.1597357002967986
372,2,10,150,84,0.11359189468068477
373,2,10,150,84,0.10496983264762118
374,2,10,150,84,0.15210191594223785
375,2,10,150,84,0.1676614286651071
376,2,10,150,84,0.07216815292900357
377,2,10,150,84,0.34749036439127307
378,2,10,150,84,0.04418131748946704
379,2,10,150,84,0.2300230636638564
380,2,10,150,84,0.07024440978014618
381,2,10,150,84,0.13460387583977396
382,2,10,150,84,0.14582500956521116
383,2,10,150,84,0.09528948443146955
384,2,10,150,84,0.0
385,2,10,150,84,0.13643623619282289
386,2,10,150,84,0.0
387,2,10,150,84,0.1604335083783552
388,2,10,150,84,0.03275673003454543
389,2,10,150,84,0.23486014126558652
390,2,10,150,84,0.10466779365752882
391,2,10,150,84,0.18344326580289438
392,2,10,150,84,0.1524387189981664
393,2,10,150,84,0.1266725123224418
394,2,10,150,84,0.2428956376202687
395,2,10,150,84,0.17280189068434965
396,2,10,150,84,0.08006506288147622
397,2,10,150,84,0.2369341816089546
398,2,10,150,84,0.12633080592181342
399,2,10,150,84,0.035141390707445604
400,2,10,150,84,0.0
401,2,10,150,84,0.0
402,2,10,150,84,0.1798991830195577
403,2,10,150,84,0.23561122801255002
404,2,10,150,84,0.0
405,2,10,150,84,0.23543903875463523
406,2,10,150,84,0.21675546664109752
407,2,10,150,84,0.07144190111644805
408,2,10,150,84,0.08490303813485527
409,2,10,150,84,0.1854414927009712
410,2,10,150,84,0.1510508871592243
411,2,10,150,84,0.13359023741301432
412,2,10,150,84,0.0647690283301182
413,2,10,150,84,0.19475935863737628
414,2,10,150,84,0.04690797720830594
415,2,10,150,84,0.15582818336744758
416,2,10,150,84,0.4924768538525957
417,2,10,150,84,0.23110332798112115
418,2,10,150,84,0.05130633033097092
419,2,10,150,84,0.13043508853971056
420,2,10,150,84,0.1979106713561055
421,2,10,150,84,0.3102692669240346
422,2,10,150,84,0.0654076987556055
423,2,10,150,84,0.0
424,2,10,150,84,0.039270700903099615
425,2,10,150,84,0.0512931473078547
426,2,10,150,84,0.03206656709567107
427,2,10,150,84,0.0
428,2,10,150,84,0.09545062073374358
429,2,10,150,84,0.21268246832584506
430,2,10,150,84,0.17441334704295655
431,2,10,150,84,0.0
432,2,10,150,84,0.13181508781832452
433,2,10,150,84,0.10047622221317463
434,2,10,150,84,0.21435951014939544
435,2,10,150,84,0.2745125118288934
436,2,10,150,84,0.08073573433990566
437,2,10,150,84,0.2466849207959182
438,2,10,150,84,0.11342455428465782
439,2,10,150,84,0.0
440,2,10,150,84,0.056388463063434605
441,2,10,150,84,0.2078055819841487
442,2,10,150,84,0.04062732041938225
443,2,10,150,84,0.0
444,2,10,150,84,0.0796221118108625
445,2,10,150,84,0.06656553044254701
446,2,10,150,84,0.15440950258541247
447,2,10,150,84,0.06755943234053442
448,2,10,150,84,0.049326153683410964
449,2,10,150,84,0.1400796026466503
450,2,10,150,84,0.4974188874358359
451,2,10,150,84,0.05163551141839463
452,2,10,150,84,0.19955761450986606
453,2,10,150,84,0.1175424009487046
454,2,10,150,84,0.0
455,2,10,150,84,0.15947290396461206
456,2,10,150,84,0.08176939194730068
457,2,10,150,84,0.4304348164884222
458,2,10,150,84,0.24451919284435483
459,2,10,150,84,0.2127188263052183
460,2,10,150,84,0.07041837375515932
461,2,10,150,84,0.06961399513856609
462,2,10,150,84,0.18564976427020158
463,2,10,150,84,0.21881515471619958
464,2,10,150,84,0.06726768733602535
465,2,10,150,84,0.10783006935442738
466,2,10,150,84,0.12816210679182038
467,2,10,150,84,0.09300532025926726
468,2,10,150,84,0.2504459841080331
469,2,10,150,84,0.07770822948326245
470,2,10,150,84,0.04760723841253984
471,2,10,150,84,0.0
472,2,10,150,84,0.2246050350023399
473,2,10,150,84,0.2622744659873325
474,2,10,150,84,0.423420348644421
475,2,10,150,84,0.07311683844390994
476,2,10,150,84,0.021791008948563714
477,2,10,150,84,0.07075576072108061
478,2,10,150,84,0.13180376528048332
479,2,10,150,84,0.2015899560011408
480,2,10,150,84,0.15920120556239784
481,2,10,150,84,0.10335869576468756
482,2,10,150,84,0.04290887548434951
483,2,10,150,84,0.0273055648695642
484,2,10,150,84,0.20193976177882433
485,2,10,150,84,0.036556008482007775
486,2,10,150,84,0.02801058107494064
487,2,10,150,84,0.2852748792818397
488,2,10,150,84,0.0
489,2,10,150,84,0.039967575332143034
490,2,10,150,84,0.11630686983226163
491,2,10,150,84,0.03859643636257609
492,2,10,150,84,0.1338895448360617
493,2,10,150,84,0.23813103779788555
494,2,10,150,84,0.10841985052222541
495,2,10,150,84,0.1996749531533383
496,2,10,150,84,0.023205371908120297
497,2,10,150,84,0.18708066867486722
498,2,10,150,84,0.07358364093338247
499,2,10,150,84,0.10804037134297641
500,2,10,150,84,0.13119261200328544
501,2,10,150,84,0.02184231145035861
502,2,10,150,84,0.06689893193796337
503,2,10,150,84,0.21275573086895633
504,2,10,150,84,0.11478366082253695
505,2,10,150,84,0.05688647497208646
506,2,10,150,84,0.12118954001858026
507,2,10,150,84,0.02186947737677948
508,2,10,150,84,0.20345924618307185
509,2,10,150,84,0.031611854308622345
510,2,10,150,84,0.0
511,2,10,150,84,0.0
512,2,10,150,84,0.08364069030518707
513,2,10,150,84,0.11506360809154491
514,2,10,150,84,0.16578726587197626
515,2,10,150,84,0.034743705427429224
516,2,10,150,84,0.1340330647732781
517,2,10,150,84,0.07931777113368761
518,2,10,150,84,0.14341019153063672
519,2,10,150,84,0.10560636946921488
520,2,10,150,84,0.0
521,2,10,150,84,0.013100052175929421
522,2,10,150,84,0.0559167101555819
523,2,10,150,84,0.2344066446478321
524,2,10,150,84,0.12445178604017666
525,2,10,150,84,0.02228065271804083
526,2,10,150,84,0.02505758835695044
527,2,10,150,84,0.35360031514866236
528,2,10,150,84,0.2269962474823218
529,2,10,150,84,0.0
530,2,10,150,84,0.05554513395194445
531,2,10,150,84,0.0
532,2,10,150,84,0.10642339367827273
533,2,10,150,84,0.02792112882673117
534,2,10,150,84,0.024909303741335254
535,2,10,150,84,0.20139880789960526
536,2,10,150,84,0.16340884055250954
537,2,10,150,84,0.43322659722974577
538,2,10,150,84,0.051356253787840964
539,2,10,150,84,0.09953437200841515
540,2,10,150,84,0.0
541,2,10,150,84,0.06833564325125971
542,2,10,150,84,0.07797598981103891
543,2,10,150,84,0.09634009178720247
544,2,10,150,84,0.0
545,2,10,150,84,0.060216826583478454
546,2,10,150,84,0.03314153504336938
547,2,10,150,84,0.04855455745827926
548,2,10,150,84,0.09589255277111255
549,2,10,150,84,0.0
550,2,10,150,84,0.09688698360286704
551,2,10,150,84,0.22846648895124747
552,2,10,150,84,0.048059443651065493
553,2,10,150,84,0.2433089897781848
554,2,10,150,84,0.1061717592653675
555,2,10,150,84,0.09809088686968297
556,2,10,150,84,0.16258997327839542
557,2,10,150,84,0.04470486007704452
558,2,10,150,84,0.265053101293003
559,2,10,150,84,0.1306794248970741
560,2,10,150,84,0.046716390531725466
561,2,10,150,84,0.1335225854048194
562,2,10,150,84,0.07720150835011791
563,2,10,150,84,0.0
564,2,10,150,84,0.0
565,2,10,150,84,0.28663011782160785
566,2,10,150,84,0.049763902181020156
567,2,10,150,84,0.09272963807674517
568,2,10,150,84,0.0
569,2,10,150,84,0.17563954439010937
570,2,10,150,84,0.0
571,2,10,150,84,0.16104477175644444
572,2,10,150,84,0.0
573,2,10,150,84,0.03246641181906899
574,2,10,150,84,0.05058854055353143
575,2,10,150,84,0.05154847002173459
576,2,10,150,84,0.0
577,2,10,150,84,0.0784247757209491
578,2,10,150,84,0.0
579,2,10,150,84,0.08297540479108526
580,2,10,150,84,0.21602760439924668
581,2,10,150,84,0.0
582,2,10,150,84,0.0437514209980628
583,2,10,150,84,0.08356526807460651
584,2,10,150,84,0.09591939076437811
585,2,10,150,84,0.08668163308546498
586,2,10,150,84,0.10132509239867551
587,2,10,150,84,0.03459392809572638
588,2,10,150,84,0.053821119735696775
589,2,10,150,84,0.13061191070808464
590,2,10,150,84,0.06139304560474655
591,2,10,150,84,0.0
592,2,10,150,84,0.3158820174990688
593,2,10,150,84,0.04586709436300111
594,2,10,150,84,0.0
595,2,10,150,84,0.0
596,2,10,150,84,0.0
597,2,10,150,84,0.0
598,2,10,150,84,0.0
599,2,10,150,84,0.0
600,2,10,150,84,0.024325165853816375
601,2,10,150,84,0.03369782041898502
602,2,10,150,84,0.0
603,2,10,150,84,0.1435203717549576
604,2,10,150,84,0.0
605,2,10,150,84,0.2645541144793553
606,2,10,150,84,0.24870693244846395
607,2,10,150,84,0.08440880858250024
608,2,10,150,84,0.2120992422792938
609,2,10,150,84,0.0
610,2,10,150,84,0.1629867900167321
611,2,10,150,84,0.08045389590462838
612,2,10,150,84,0.15130120674940672
613,2,10,150,84,0.0
614,2,10,150,84,0.08861505596859857
615,2,10,150,84,0.1479554402409639
616,2,10,150,84,0.0
617,2,10,150,84,0.044257815106106525
618,2,10,150,84,0.18766481803906507
619,2,10,150,84,0.09637551974188778
620,2,10,150,84,0.08396948777462541
621,2,10,150,84,0.07911675782853725
622,2,10,150,84,0.12980296240199146
623,2,10,150,84,0.0
624,2,10,150,84,0.08175619017377453
625,2,10,150,84,0.0
626,2,10,150,84,0.0
627,2,10,150,84,0.0
628,2,10,150,84,0.0
629,2,10,150,84,0.2466228630593721
630,2,10,150,84,0.0
631,2,10,150,84,0.16868725245403154
632,2,10,150,84,0.13439570003165963
633,2,10,150,84,0.07667481399289292
634,2,10,150,84,0.030975021478781034
635,2,10,150,84,0.0
636,2,10,150,84,0.0
637,2,10,150,84,0.0
638,2,10,150,84,0.0
639,2,10,150,84,0.0
640,2,10,150,84,0.07887611601996505
642,2,10,150,84,0.1329152156038286
643,2,10,150,84,0.0
644,2,10,150,84,0.0
645,2,10,150,84,0.09759501249802542
647,2,10,150,84,0.0
648,2,10,150,84,0.21223061777480637
649,2,10,150,84,1.0
650,2,10,150,84,0.0
651,2,10,150,84,0.0
653,2,10,150,84,0.040484256935344326
654,2,10,150,84,0.058087171966128066
655,2,10,150,84,0.1960260054527925
658,2,10,150,84,0.0
1,2,10,150,85,0.5343723497595074
2,2,10,150,85,0.2268511698743587
3,2,10,150,85,0.03098598178059488
4,2,10,150,85,0.06166887310869151
5,2,10,150,85,0.12620564628865164
6,2,10,150,85,0.17961772474519622
7,2,10,150,85,0.26720579954102497
8,2,10,150,85,0.06653535276206901
9,2,10,150,85,0.0
10,2,10,150,85,0.2043831529067321
11,2,10,150,85,0.10464473261331256
12,2,10,150,85,0.10103399773096396
13,2,10,150,85,0.3982609728621061
14,2,10,150,85,0.15461807617997098
15,2,10,150,85,0.01616702920033762
16,2,10,150,85,0.2662844928132153
17,2,10,150,85,0.10312948447052589
18,2,10,150,85,0.23320698377027307
19,2,10,150,85,0.0
20,2,10,150,85,0.031742154565302834
21,2,10,150,85,0.012720674487092647
22,2,10,150,85,0.05035691655673683
23,2,10,150,85,0.22807475621810358
24,2,10,150,85,0.12818798445247553
25,2,10,150,85,0.03078223202175778
26,2,10,150,85,0.1475005395151273
27,2,10,150,85,0.0
28,2,10,150,85,0.16080076733974918
29,2,10,150,85,0.0
30,2,10,150,85,0.0
31,2,10,150,85,0.08090642992710743
32,2,10,150,85,0.14779014095437779
33,2,10,150,85,0.0
34,2,10,150,85,0.07239559903187814
35,2,10,150,85,0.0
36,2,10,150,85,0.0
37,2,10,150,85,0.0
38,2,10,150,85,0.12297908439989445
39,2,10,150,85,0.15820890896021753
40,2,10,150,85,0.2212397779175911
41,2,10,150,85,0.0
42,2,10,150,85,0.20130152528989256
43,2,10,150,85,0.09662598732799078
44,2,10,150,85,0.1565413821318793
45,2,10,150,85,0.0
46,2,10,150,85,0.10684080426179023
47,2,10,150,85,0.11437926488327832
48,2,10,150,85,0.16438571914394637
49,2,10,150,85,0.05920283200708927
50,2,10,150,85,0.046726672111120165
51,2,10,150,85,0.07984133538066794
52,2,10,150,85,0.05244652348163508
53,2,10,150,85,0.12810519548676028
54,2,10,150,85,0.12069558652333642
55,2,10,150,85,0.0
56,2,10,150,85,0.22047893971599028
57,2,10,150,85,0.0524456916588361
58,2,10,150,85,0.16366022196121796
59,2,10,150,85,0.300995774116448
60,2,10,150,85,0.2158570564681132
61,2,10,150,85,0.06416923277158361
62,2,10,150,85,0.18160332589227857
63,2,10,150,85,0.0763437499438357
64,2,10,150,85,0.04583023181159601
65,2,10,150,85,0.18154179097601578
66,2,10,150,85,0.12995427111679475
67,2,10,150,85,0.24630238874073
68,2,10,150,85,0.04358896759704514
69,2,10,150,85,0.19699902273515738
70,2,10,150,85,0.048917717601407604
71,2,10,150,85,0.08190066039082215
72,2,10,150,85,0.28907547922366217
73,2,10,150,85,0.28969967958004655
74,2,10,150,85,0.17342765698823945
75,2,10,150,85,0.16021137204676433
76,2,10,150,85,0.23191508057904175
77,2,10,150,85,0.15029758260072817
78,2,10,150,85,0.0
79,2,10,150,85,0.11837298765331451
80,2,10,150,85,0.1744476820873323
81,2,10,150,85,0.02668972877827465
82,2,10,150,85,0.06437887178128218
83,2,10,150,85,0.046841820324159865
84,2,10,150,85,0.029136604147144557
85,2,10,150,85,0.18442983312439273
86,2,10,150,85,0.07028063830038406
87,2,10,150,85,0.19384373929491494
88,2,10,150,85,0.06294571929989644
89,2,10,150,85,0.2334685083478665
90,2,10,150,85,0.17313204566143872
91,2,10,150,85,0.07054411138080068
92,2,10,150,85,0.10383256596819573
93,2,10,150,85,0.0
94,2,10,150,85,0.24911618872378466
95,2,10,150,85,0.12485211086506379
96,2,10,150,85,0.2668702981549327
97,2,10,150,85,0.280616207787194
98,2,10,150,85,0.0
99,2,10,150,85,0.13656436417013992
100,2,10,150,85,0.0
101,2,10,150,85,0.0
102,2,10,150,85,0.05671879843401278
103,2,10,150,85,0.04579340374561851
104,2,10,150,85,0.0
105,2,10,150,85,0.0
106,2,10,150,85,0.0
107,2,10,150,85,0.09995553728965398
108,2,10,150,85,0.04485361187694993
109,2,10,150,85,0.20086438685781322
110,2,10,150,85,0.037578324799282276
111,2,10,150,85,0.09077089626867633
112,2,10,150,85,0.0
113,2,10,150,85,0.178509607681865
114,2,10,150,85,0.02951022367272685
115,2,10,150,85,0.24220379575977083
116,2,10,150,85,0.041610162623197416
117,2,10,150,85,0.053087643823189194
118,2,10,150,85,0.19326159470866278
119,2,10,150,85,0.15212875834435738
120,2,10,150,85,0.40177646466663713
121,2,10,150,85,0.115269333086109
122,2,10,150,85,0.1467899073100297
123,2,10,150,85,0.12990556389377814
124,2,10,150,85,0.18903749859471425
125,2,10,150,85,0.1656817885548098
126,2,10,150,85,0.0
127,2,10,150,85,0.12503310750358904
128,2,10,150,85,0.07117364753699024
129,2,10,150,85,0.0
130,2,10,150,85,0.1048608106232917
131,2,10,150,85,0.36227735599025207
132,2,10,150,85,0.12643913909707097
133,2,10,150,85,0.0
134,2,10,150,85,0.0
135,2,10,150,85,0.0
136,2,10,150,85,0.16609048789162614
137,2,10,150,85,0.1142541952759239
138,2,10,150,85,0.15545471738318148
139,2,10,150,85,0.05165643482805862
140,2,10,150,85,0.0732173666263434
141,2,10,150,85,0.12556328258692692
142,2,10,150,85,0.0
143,2,10,150,85,0.06882065896991112
144,2,10,150,85,0.1778212661301716
145,2,10,150,85,0.1074935252705928
146,2,10,150,85,0.0
147,2,10,150,85,0.06664071636913875
148,2,10,150,85,0.1606863768135813
149,2,10,150,85,0.10486881530019958
150,2,10,150,85,0.0
151,2,10,150,85,0.20751007620754955
152,2,10,150,85,0.09023573428198242
153,2,10,150,85,0.071942683897578
154,2,10,150,85,0.08491065065836505
155,2,10,150,85,0.0
156,2,10,150,85,0.06437746926759551
157,2,10,150,85,0.09322859567795043
158,2,10,150,85,0.17368343162211233
159,2,10,150,85,0.024782300799839303
160,2,10,150,85,0.11705084481334227
161,2,10,150,85,0.0
162,2,10,150,85,0.08299661455725149
163,2,10,150,85,0.0
164,2,10,150,85,0.029649957429587842
165,2,10,150,85,0.0
166,2,10,150,85,0.06175696970122604
167,2,10,150,85,0.040419659112753054
168,2,10,150,85,0.0641665753731138
169,2,10,150,85,0.03870447337439288
170,2,10,150,85,0.0
171,2,10,150,85,0.0
172,2,10,150,85,0.08232325035020067
173,2,10,150,85,0.1448442050067646
174,2,10,150,85,0.2622747997764713
175,2,10,150,85,0.22732566419594713
176,2,10,150,85,0.027651749128023803
177,2,10,150,85,0.3152442026717657
178,2,10,150,85,0.1509306125771355
179,2,10,150,85,0.09299583347145139
180,2,10,150,85,0.11028996034222072
181,2,10,150,85,0.05158276295494867
182,2,10,150,85,0.05005165434923901
183,2,10,150,85,0.0
184,2,10,150,85,0.15639932187667255
185,2,10,150,85,0.0
186,2,10,150,85,0.05478814761334652
187,2,10,150,85,0.16902512893841318
188,2,10,150,85,0.3117075577610628
189,2,10,150,85,0.209805850077053
190,2,10,150,85,0.025938546612492997
191,2,10,150,85,0.0
192,2,10,150,85,0.0
193,2,10,150,85,0.014941492561257172
194,2,10,150,85,0.19240249817644664
195,2,10,150,85,0.04606861224913365
196,2,10,150,85,0.04485361187694993
197,2,10,150,85,0.16261436624219067
198,2,10,150,85,0.028186415745733433
199,2,10,150,85,0.2529427027676571
200,2,10,150,85,0.23903021781429204
201,2,10,150,85,0.1397394813078517
202,2,10,150,85,0.27487633291429087
203,2,10,150,85,0.10238606821339166
204,2,10,150,85,0.08325563768773413
205,2,10,150,85,0.1465996756793884
206,2,10,150,85,0.028694189013458257
207,2,10,150,85,0.09771369441433554
208,2,10,150,85,0.10318619832562911
209,2,10,150,85,0.0
210,2,10,150,85,0.18937175954951105
211,2,10,150,85,0.0
212,2,10,150,85,0.11738002835756964
213,2,10,150,85,0.19307132835824467
214,2,10,150,85,0.25168008015410515
215,2,10,150,85,0.11433722369502479
216,2,10,150,85,0.14425650580287722
217,2,10,150,85,0.10298663607405599
218,2,10,150,85,0.1023482199458735
219,2,10,150,85,0.0
220,2,10,150,85,0.0
221,2,10,150,85,0.10144613070733857
222,2,10,150,85,0.07954495926250091
223,2,10,150,85,0.0
224,2,10,150,85,0.029996736818897345
225,2,10,150,85,0.0
226,2,10,150,85,0.12563960057570958
227,2,10,150,85,0.0947812167140767
228,2,10,150,85,0.0
229,2,10,150,85,0.1353749952992483
230,2,10,150,85,0.29885542969810625
231,2,10,150,85,0.3903800499921017
232,2,10,150,85,0.13914352811061104
233,2,10,150,85,0.1669130437229485
234,2,10,150,85,0.21540380056114028
235,2,10,150,85,0.1075070751982482
236,2,10,150,85,0.14277726217629444
237,2,10,150,85,0.27346075713529205
238,2,10,150,85,0.0
239,2,10,150,85,0.11945832294875519
240,2,10,150,85,0.0
241,2,10,150,85,0.0
242,2,10,150,85,0.07673373981757839
243,2,10,150,85,0.2568245236714982
244,2,10,150,85,0.18280294015368334
245,2,10,150,85,0.0
246,2,10,150,85,0.12379877182510346
247,2,10,150,85,0.0
248,2,10,150,85,0.14176813152020928
249,2,10,150,85,0.21580604760725444
250,2,10,150,85,0.08513080051804543
251,2,10,150,85,0.12803494038364374
252,2,10,150,85,0.1904168294848087
253,2,10,150,85,0.204742498386431
254,2,10,150,85,0.27040676448473944
255,2,10,150,85,0.04662184073981129
256,2,10,150,85,0.2981724287847049
257,2,10,150,85,0.10559687561546657
258,2,10,150,85,0.0
259,2,10,150,85,0.0
260,2,10,150,85,0.0
261,2,10,150,85,0.0
262,2,10,150,85,0.10339515619708659
263,2,10,150,85,0.16565508957374153
264,2,10,150,85,0.07935123938715939
265,2,10,150,85,0.08339602711200374
266,2,10,150,85,0.0
267,2,10,150,85,0.15946623251411773
268,2,10,150,85,0.18501125969110152
269,2,10,150,85,0.07991666515634646
270,2,10,150,85,0.13753262202696961
271,2,10,150,85,0.20401896890378474
272,2,10,150,85,0.366296454316556
273,2,10,150,85,0.06267320809766952
274,2,10,150,85,0.05829918151249392
275,2,10,150,85,0.04105877938688906
276,2,10,150,85,0.20154228126867477
277,2,10,150,85,0.0
278,2,10,150,85,0.04305311721683474
279,2,10,150,85,0.20213924224419255
280,2,10,150,85,0.0841500632404169
281,2,10,150,85,0.05516788910004661
282,2,10,150,85,0.0
283,2,10,150,85,0.06286054135527182
284,2,10,150,85,0.028031276514167806
285,2,10,150,85,0.15002687789384317
286,2,10,150,85,0.10716987013646836
287,2,10,150,85,0.14933178562928426
288,2,10,150,85,0.18109971158338595
289,2,10,150,85,0.06510475888148554
290,2,10,150,85,0.09449357188080848
291,2,10,150,85,0.17748922691988067
292,2,10,150,85,0.3713936936921286
293,2,10,150,85,0.19043834005523372
294,2,10,150,85,0.05942233668176323
295,2,10,150,85,0.21201342709556317
296,2,10,150,85,0.10863331355232851
297,2,10,150,85,0.10547809104886068
298,2,10,150,85,0.4252278238676385
299,2,10,150,85,0.05389882485565562
300,2,10,150,85,0.0
301,2,10,150,85,0.12514367933866224
302,2,10,150,85,0.0
303,2,10,150,85,0.34408389843776516
304,2,10,150,85,0.09811693595042764
305,2,10,150,85,0.15377587171217844
306,2,10,150,85,0.07286537763060504
307,2,10,150,85,0.17167816797422253
308,2,10,150,85,0.11787572686747298
309,2,10,150,85,0.0
310,2,10,150,85,0.0
311,2,10,150,85,0.25325295310341156
312,2,10,150,85,0.1975666931997852
313,2,10,150,85,0.22676062260704077
314,2,10,150,85,0.1364034674404962
315,2,10,150,85,0.18129588776381328
316,2,10,150,85,0.22270580084154873
317,2,10,150,85,0.0
318,2,10,150,85,0.13166957165834908
319,2,10,150,85,0.0
320,2,10,150,85,0.04539294738377069
321,2,10,150,85,0.12530728980532893
322,2,10,150,85,0.35190394711189377
323,2,10,150,85,0.028361369701356044
324,2,10,150,85,0.06573619640629956
325,2,10,150,85,0.0811231025632827
326,2,10,150,85,0.14774251547484274
327,2,10,150,85,0.09690897523208243
328,2,10,150,85,0.14304127376118922
329,2,10,150,85,0.0
330,2,10,150,85,0.1611323869146598
331,2,10,150,85,0.10096521657790082
332,2,10,150,85,0.20308551734089297
333,2,10,150,85,0.05206745415870339
334,2,10,150,85,0.12451078122649185
335,2,10,150,85,0.0
336,2,10,150,85,0.11501232379588432
337,2,10,150,85,0.10934082156401825
338,2,10,150,85,0.12065326649027912
339,2,10,150,85,0.30416594200095415
340,2,10,150,85,0.17896552649342137
341,2,10,150,85,0.0
342,2,10,150,85,0.27369687527821046
343,2,10,150,85,0.3148697991467657
344,2,10,150,85,0.1523980172868318
345,2,10,150,85,0.10686772084589051
346,2,10,150,85,0.2102586943425689
347,2,10,150,85,0.20485510809551669
348,2,10,150,85,0.0
349,2,10,150,85,0.163169180413793
350,2,10,150,85,0.18939048055890495
351,2,10,150,85,0.1610216634970071
352,2,10,150,85,0.3057524544183157
353,2,10,150,85,0.0
354,2,10,150,85,0.08982081782386522
355,2,10,150,85,0.0
356,2,10,150,85,0.10061931714936387
357,2,10,150,85,0.14019634392566574
358,2,10,150,85,0.0
359,2,10,150,85,0.0
360,2,10,150,85,0.22728151171982378
361,2,10,150,85,0.12786031464335298
362,2,10,150,85,0.04690797720830594
363,2,10,150,85,0.1850165694460586
364,2,10,150,85,0.0
365,2,10,150,85,0.0
366,2,10,150,85,0.09184114803951915
367,2,10,150,85,0.05534563970541805
368,2,10,150,85,0.06788053752288492
369,2,10,150,85,0.21386152848601384
370,2,10,150,85,0.0957000625269241
371,2,10,150,85,0.1597357002967986
372,2,10,150,85,0.11359189468068477
373,2,10,150,85,0.10496983264762118
374,2,10,150,85,0.15210191594223785
375,2,10,150,85,0.1676614286651071
376,2,10,150,85,0.07216815292900357
377,2,10,150,85,0.34749036439127307
378,2,10,150,85,0.043812667267170306
379,2,10,150,85,0.2300230636638564
380,2,10,150,85,0.07024440978014618
381,2,10,150,85,0.13460387583977396
382,2,10,150,85,0.14582500956521116
383,2,10,150,85,0.09528948443146955
384,2,10,150,85,0.0
385,2,10,150,85,0.1352978081952014
386,2,10,150,85,0.0
387,2,10,150,85,0.15909484643053926
388,2,10,150,85,0.03275673003454543
389,2,10,150,85,0.23486014126558652
390,2,10,150,85,0.10466779365752882
391,2,10,150,85,0.18344326580289438
392,2,10,150,85,0.16777779742497645
393,2,10,150,85,0.13395958275774358
394,2,10,150,85,0.2428956376202687
395,2,10,150,85,0.17280189068434965
396,2,10,150,85,0.08006506288147622
397,2,10,150,85,0.2369341816089546
398,2,10,150,85,0.12633080592181342
399,2,10,150,85,0.0431921995337196
400,2,10,150,85,0.0
401,2,10,150,85,0.0
402,2,10,150,85,0.1798991830195577
403,2,10,150,85,0.23561122801255002
404,2,10,150,85,0.0
405,2,10,150,85,0.23347452843882316
406,2,10,150,85,0.2149468526046256
407,2,10,150,85,0.07144190111644805
408,2,10,150,85,0.08490303813485527
409,2,10,150,85,0.1854414927009712
410,2,10,150,85,0.1510508871592243
411,2,10,150,85,0.13359023741301432
412,2,10,150,85,0.0647690283301182
413,2,10,150,85,0.19475935863737628
414,2,10,150,85,0.04690797720830594
415,2,10,150,85,0.15582818336744758
416,2,10,150,85,0.4883676123911559
417,2,10,150,85,0.2291749949644775
418,2,10,150,85,0.05130633033097092
419,2,10,150,85,0.13043508853971056
420,2,10,150,85,0.1979106713561055
421,2,10,150,85,0.3102692669240346
422,2,10,150,85,0.0654076987556055
423,2,10,150,85,0.0
424,2,10,150,85,0.039270700903099615
425,2,10,150,85,0.0508651557668182
426,2,10,150,85,0.03206656709567107
427,2,10,150,85,0.0
428,2,10,150,85,0.09545062073374358
429,2,10,150,85,0.21925186913963896
430,2,10,150,85,0.1910356879389014
431,2,10,150,85,0.0
432,2,10,150,85,0.13181508781832452
433,2,10,150,85,0.10047622221317463
434,2,10,150,85,0.21435951014939544
435,2,10,150,85,0.2722219712959389
436,2,10,150,85,0.08073573433990566
437,2,10,150,85,0.24462657450711983
438,2,10,150,85,0.11342455428465782
439,2,10,150,85,0.0
440,2,10,150,85,0.056388463063434605
441,2,10,150,85,0.2078055819841487
442,2,10,150,85,0.04062732041938225
443,2,10,150,85,0.0
444,2,10,150,85,0.0796221118108625
445,2,10,150,85,0.06656553044254701
446,2,10,150,85,0.15440950258541247
447,2,10,150,85,0.06755943234053442
448,2,10,150,85,0.049326153683410964
449,2,10,150,85,0.1400796026466503
450,2,10,150,85,0.493268409499737
451,2,10,150,85,0.05163551141839463
452,2,10,150,85,0.20804344255167403
453,2,10,150,85,0.1175424009487046
454,2,10,150,85,0.0
455,2,10,150,85,0.15814225732848866
456,2,10,150,85,0.08943113534956545
457,2,10,150,85,0.43518728525678974
458,2,10,150,85,0.2537193820456369
459,2,10,150,85,0.2127188263052183
460,2,10,150,85,0.07041837375515932
461,2,10,150,85,0.06961399513856609
462,2,10,150,85,0.18564976427020158
463,2,10,150,85,0.21881515471619958
464,2,10,150,85,0.06726768733602535
465,2,10,150,85,0.10783006935442738
466,2,10,150,85,0.12816210679182038
467,2,10,150,85,0.09300532025926726
468,2,10,150,85,0.2504459841080331
469,2,10,150,85,0.07770822948326245
470,2,10,150,85,0.04760723841253984
471,2,10,150,85,0.0
472,2,10,150,85,0.23107495356649996
473,2,10,150,85,0.2622744659873325
474,2,10,150,85,0.4198873167086953
475,2,10,150,85,0.07311683844390994
476,2,10,150,85,0.037130087375373766
477,2,10,150,85,0.07075576072108061
478,2,10,150,85,0.1437068872495116
479,2,10,150,85,0.19990788343482752
480,2,10,150,85,0.15920120556239784
481,2,10,150,85,0.12113079634450404
482,2,10,150,85,0.04290887548434951
483,2,10,150,85,0.0273055648695642
484,2,10,150,85,0.20193976177882433
485,2,10,150,85,0.036556008482007775
486,2,10,150,85,0.02801058107494064
487,2,10,150,85,0.2828945372359513
488,2,10,150,85,0.0
489,2,10,150,85,0.05292755537509761
490,2,10,150,85,0.11630686983226163
491,2,10,150,85,0.03859643636257609
492,2,10,150,85,0.1338895448360617
493,2,10,150,85,0.24890140394558746
494,2,10,150,85,0.10841985052222541
495,2,10,150,85,0.1996749531533383
496,2,10,150,85,0.023205371908120297
497,2,10,150,85,0.193863691663572
498,2,10,150,85,0.07358364093338247
499,2,10,150,85,0.10804037134297641
500,2,10,150,85,0.13009793696127858
501,2,10,150,85,0.02184231145035861
502,2,10,150,85,0.06689893193796337
503,2,10,150,85,0.21275573086895633
504,2,10,150,85,0.1138259025554063
505,2,10,150,85,0.05688647497208646
506,2,10,150,85,0.12017833090562116
507,2,10,150,85,0.02186947737677948
508,2,10,150,85,0.20345924618307185
509,2,10,150,85,0.031611854308622345
510,2,10,150,85,0.0
511,2,10,150,85,0.0
512,2,10,150,85,0.08364069030518707
513,2,10,150,85,0.11506360809154491
514,2,10,150,85,0.16578726587197626
515,2,10,150,85,0.034743705427429224
516,2,10,150,85,0.1340330647732781
517,2,10,150,85,0.07931777113368761
518,2,10,150,85,0.14341019153063672
519,2,10,150,85,0.10560636946921488
520,2,10,150,85,0.0
521,2,10,150,85,0.013100052175929421
522,2,10,150,85,0.0559167101555819
523,2,10,150,85,0.2344066446478321
524,2,10,150,85,0.12341335664974767
525,2,10,150,85,0.02228065271804083
526,2,10,150,85,0.02505758835695044
527,2,10,150,85,0.35360031514866236
528,2,10,150,85,0.2269962474823218
529,2,10,150,85,0.0
530,2,10,150,85,0.05554513395194445
531,2,10,150,85,0.0
532,2,10,150,85,0.1055353937279222
533,2,10,150,85,0.02768815410045226
534,2,10,150,85,0.024909303741335254
535,2,10,150,85,0.20139880789960526
536,2,10,150,85,0.16340884055250954
537,2,10,150,85,0.4296117416652489
538,2,10,150,85,0.051356253787840964
539,2,10,150,85,0.09953437200841515
540,2,10,150,85,0.0
541,2,10,150,85,0.08397287070222587
542,2,10,150,85,0.07797598981103891
543,2,10,150,85,0.09634009178720247
544,2,10,150,85,0.0
545,2,10,150,85,0.060216826583478454
546,2,10,150,85,0.03314153504336938
547,2,10,150,85,0.04855455745827926
548,2,10,150,85,0.09589255277111255
549,2,10,150,85,0.0
550,2,10,150,85,0.09688698360286704
551,2,10,150,85,0.2265601577976029
552,2,10,150,85,0.048059443651065493
553,2,10,150,85,0.2433089897781848
554,2,10,150,85,0.1061717592653675
555,2,10,150,85,0.09809088686968297
556,2,10,150,85,0.16258997327839542
557,2,10,150,85,0.04470486007704452
558,2,10,150,85,0.265053101293003
559,2,10,150,85,0.1306794248970741
560,2,10,150,85,0.046716390531725466
561,2,10,150,85,0.14075249862734296
562,2,10,150,85,0.07720150835011791
563,2,10,150,85,0.0
564,2,10,150,85,0.0
565,2,10,150,85,0.28663011782160785
566,2,10,150,85,0.049763902181020156
567,2,10,150,85,0.09272963807674517
568,2,10,150,85,0.0
569,2,10,150,85,0.17563954439010937
570,2,10,150,85,0.0
571,2,10,150,85,0.16104477175644444
572,2,10,150,85,0.0
573,2,10,150,85,0.03246641181906899
574,2,10,150,85,0.05058854055353143
575,2,10,150,85,0.05154847002173459
576,2,10,150,85,0.0
577,2,10,150,85,0.0784247757209491
578,2,10,150,85,0.0
579,2,10,150,85,0.08297540479108526
580,2,10,150,85,0.21602760439924668
581,2,10,150,85,0.0
582,2,10,150,85,0.0437514209980628
583,2,10,150,85,0.08356526807460651
584,2,10,150,85,0.09591939076437811
585,2,10,150,85,0.08668163308546498
586,2,10,150,85,0.10132509239867551
587,2,10,150,85,0.03459392809572638
588,2,10,150,85,0.053821119735696775
589,2,10,150,85,0.13061191070808464
590,2,10,150,85,0.06139304560474655
591,2,10,150,85,0.0
592,2,10,150,85,0.31324628858495634
593,2,10,150,85,0.04586709436300111
594,2,10,150,85,0.0
595,2,10,150,85,0.0
596,2,10,150,85,0.0
597,2,10,150,85,0.0
598,2,10,150,85,0.0
599,2,10,150,85,0.0
600,2,10,150,85,0.024325165853816375
601,2,10,150,85,0.03369782041898502
602,2,10,150,85,0.0
603,2,10,150,85,0.1435203717549576
604,2,10,150,85,0.0
605,2,10,150,85,0.2645541144793553
606,2,10,150,85,0.24870693244846395
607,2,10,150,85,0.08440880858250024
608,2,10,150,85,0.2120992422792938
609,2,10,150,85,0.0
610,2,10,150,85,0.1629867900167321
611,2,10,150,85,0.08045389590462838
612,2,10,150,85,0.15130120674940672
613,2,10,150,85,0.0
614,2,10,150,85,0.08861505596859857
615,2,10,150,85,0.1479554402409639
616,2,10,150,85,0.0
617,2,10,150,85,0.044257815106106525
618,2,10,150,85,0.18766481803906507
619,2,10,150,85,0.09637551974188778
620,2,10,150,85,0.08396948777462541
621,2,10,150,85,0.07911675782853725
622,2,10,150,85,0.12980296240199146
623,2,10,150,85,0.0
624,2,10,150,85,0.08175619017377453
625,2,10,150,85,0.0
626,2,10,150,85,0.0
627,2,10,150,85,0.0
628,2,10,150,85,0.0
629,2,10,150,85,0.2466228630593721
630,2,10,150,85,0.0
631,2,10,150,85,0.16868725245403154
632,2,10,150,85,0.13439570003165963
633,2,10,150,85,0.07667481399289292
634,2,10,150,85,0.030975021478781034
635,2,10,150,85,0.0
636,2,10,150,85,0.0
637,2,10,150,85,0.0
638,2,10,150,85,0.0
639,2,10,150,85,0.0
640,2,10,150,85,0.07887611601996505
642,2,10,150,85,0.1329152156038286
643,2,10,150,85,0.0
644,2,10,150,85,0.0
645,2,10,150,85,0.09759501249802542
647,2,10,150,85,0.0
648,2,10,150,85,0.21223061777480637
649,2,10,150,85,1.0
650,2,10,150,85,0.0
651,2,10,150,85,0.0
653,2,10,150,85,0.040484256935344326
654,2,10,150,85,0.058087171966128066
655,2,10,150,85,0.1960260054527925
658,2,10,150,85,0.0
1,2,10,150,86,0.5343723497595074
2,2,10,150,86,0.2268511698743587
3,2,10,150,86,0.03098598178059488
4,2,10,150,86,0.06166887310869151
5,2,10,150,86,0.12620564628865164
6,2,10,150,86,0.17961772474519622
7,2,10,150,86,0.265000352766376
8,2,10,150,86,0.06653535276206901
9,2,10,150,86,0.0
10,2,10,150,86,0.2043831529067321
11,2,10,150,86,0.10464473261331256
12,2,10,150,86,0.10103399773096396
13,2,10,150,86,0.4032275693913026
14,2,10,150,86,0.15461807617997098
15,2,10,150,86,0.01616702920033762
16,2,10,150,86,0.2662844928132153
17,2,10,150,86,0.10312948447052589
18,2,10,150,86,0.23320698377027307
19,2,10,150,86,0.0
20,2,10,150,86,0.031742154565302834
21,2,10,150,86,0.012720674487092647
22,2,10,150,86,0.05035691655673683
23,2,10,150,86,0.22807475621810358
24,2,10,150,86,0.12818798445247553
25,2,10,150,86,0.03078223202175778
26,2,10,150,86,0.1475005395151273
27,2,10,150,86,0.0
28,2,10,150,86,0.16080076733974918
29,2,10,150,86,0.0
30,2,10,150,86,0.0
31,2,10,150,86,0.08090642992710743
32,2,10,150,86,0.14779014095437779
33,2,10,150,86,0.0
34,2,10,150,86,0.07239559903187814
35,2,10,150,86,0.0
36,2,10,150,86,0.0
37,2,10,150,86,0.0
38,2,10,150,86,0.12297908439989445
39,2,10,150,86,0.15820890896021753
40,2,10,150,86,0.2212397779175911
41,2,10,150,86,0.0
42,2,10,150,86,0.20130152528989256
43,2,10,150,86,0.09662598732799078
44,2,10,150,86,0.1565413821318793
45,2,10,150,86,0.0
46,2,10,150,86,0.10684080426179023
47,2,10,150,86,0.11437926488327832
48,2,10,150,86,0.16438571914394637
49,2,10,150,86,0.05920283200708927
50,2,10,150,86,0.046726672111120165
51,2,10,150,86,0.07984133538066794
52,2,10,150,86,0.05244652348163508
53,2,10,150,86,0.12810519548676028
54,2,10,150,86,0.12069558652333642
55,2,10,150,86,0.0
56,2,10,150,86,0.22047893971599028
57,2,10,150,86,0.0524456916588361
58,2,10,150,86,0.16366022196121796
59,2,10,150,86,0.30676517215379917
60,2,10,150,86,0.2158570564681132
61,2,10,150,86,0.06416923277158361
62,2,10,150,86,0.18160332589227857
63,2,10,150,86,0.0763437499438357
64,2,10,150,86,0.04583023181159601
65,2,10,150,86,0.18154179097601578
66,2,10,150,86,0.12995427111679475
67,2,10,150,86,0.24630238874073
68,2,10,150,86,0.04358896759704514
69,2,10,150,86,0.19699902273515738
70,2,10,150,86,0.048917717601407604
71,2,10,150,86,0.08190066039082215
72,2,10,150,86,0.28907547922366217
73,2,10,150,86,0.28969967958004655
74,2,10,150,86,0.17342765698823945
75,2,10,150,86,0.16021137204676433
76,2,10,150,86,0.23191508057904175
77,2,10,150,86,0.15029758260072817
78,2,10,150,86,0.0
79,2,10,150,86,0.11837298765331451
80,2,10,150,86,0.1744476820873323
81,2,10,150,86,0.02668972877827465
82,2,10,150,86,0.06437887178128218
83,2,10,150,86,0.046841820324159865
84,2,10,150,86,0.029136604147144557
85,2,10,150,86,0.18442983312439273
86,2,10,150,86,0.07028063830038406
87,2,10,150,86,0.19384373929491494
88,2,10,150,86,0.06294571929989644
89,2,10,150,86,0.2334685083478665
90,2,10,150,86,0.17313204566143872
91,2,10,150,86,0.07054411138080068
92,2,10,150,86,0.10297555912885532
93,2,10,150,86,0.0
94,2,10,150,86,0.24706004886500382
95,2,10,150,86,0.12485211086506379
96,2,10,150,86,0.2668702981549327
97,2,10,150,86,0.280616207787194
98,2,10,150,86,0.0
99,2,10,150,86,0.13656436417013992
100,2,10,150,86,0.0
101,2,10,150,86,0.0
102,2,10,150,86,0.05671879843401278
103,2,10,150,86,0.04579340374561851
104,2,10,150,86,0.0
105,2,10,150,86,0.0
106,2,10,150,86,0.0
107,2,10,150,86,0.09995553728965398
108,2,10,150,86,0.04485361187694993
109,2,10,150,86,0.20086438685781322
110,2,10,150,86,0.037578324799282276
111,2,10,150,86,0.09077089626867633
112,2,10,150,86,0.0
113,2,10,150,86,0.178509607681865
114,2,10,150,86,0.02951022367272685
115,2,10,150,86,0.24220379575977083
116,2,10,150,86,0.041610162623197416
117,2,10,150,86,0.053087643823189194
118,2,10,150,86,0.19326159470866278
119,2,10,150,86,0.15212875834435738
120,2,10,150,86,0.40177646466663713
121,2,10,150,86,0.115269333086109
122,2,10,150,86,0.1467899073100297
123,2,10,150,86,0.12990556389377814
124,2,10,150,86,0.18903749859471425
125,2,10,150,86,0.1656817885548098
126,2,10,150,86,0.0
127,2,10,150,86,0.12503310750358904
128,2,10,150,86,0.07117364753699024
129,2,10,150,86,0.0
130,2,10,150,86,0.1122490553450145
131,2,10,150,86,0.36227735599025207
132,2,10,150,86,0.12643913909707097
133,2,10,150,86,0.0
134,2,10,150,86,0.0
135,2,10,150,86,0.0
136,2,10,150,86,0.16609048789162614
137,2,10,150,86,0.1142541952759239
138,2,10,150,86,0.15545471738318148
139,2,10,150,86,0.05165643482805862
140,2,10,150,86,0.0732173666263434
141,2,10,150,86,0.12556328258692692
142,2,10,150,86,0.0
143,2,10,150,86,0.06882065896991112
144,2,10,150,86,0.1778212661301716
145,2,10,150,86,0.1074935252705928
146,2,10,150,86,0.0
147,2,10,150,86,0.06664071636913875
148,2,10,150,86,0.1606863768135813
149,2,10,150,86,0.10486881530019958
150,2,10,150,86,0.0
151,2,10,150,86,0.2057973423182957
152,2,10,150,86,0.09023573428198242
153,2,10,150,86,0.071942683897578
154,2,10,150,86,0.08491065065836505
155,2,10,150,86,0.0
156,2,10,150,86,0.06437746926759551
157,2,10,150,86,0.09322859567795043
158,2,10,150,86,0.17368343162211233
159,2,10,150,86,0.024782300799839303
160,2,10,150,86,0.11705084481334227
161,2,10,150,86,0.0
162,2,10,150,86,0.08299661455725149
163,2,10,150,86,0.0
164,2,10,150,86,0.029649957429587842
165,2,10,150,86,0.0
166,2,10,150,86,0.06175696970122604
167,2,10,150,86,0.040419659112753054
168,2,10,150,86,0.0641665753731138
169,2,10,150,86,0.03870447337439288
170,2,10,150,86,0.0
171,2,10,150,86,0.0
172,2,10,150,86,0.08232325035020067
173,2,10,150,86,0.1448442050067646
174,2,10,150,86,0.2622747997764713
175,2,10,150,86,0.22732566419594713
176,2,10,150,86,0.027651749128023803
177,2,10,150,86,0.3152442026717657
178,2,10,150,86,0.1509306125771355
179,2,10,150,86,0.09299583347145139
180,2,10,150,86,0.11028996034222072
181,2,10,150,86,0.05115701232235806
182,2,10,150,86,0.05005165434923901
183,2,10,150,86,0.0
184,2,10,150,86,0.15639932187667255
185,2,10,150,86,0.0
186,2,10,150,86,0.05478814761334652
187,2,10,150,86,0.16902512893841318
188,2,10,150,86,0.3117075577610628
189,2,10,150,86,0.209805850077053
190,2,10,150,86,0.025938546612492997
191,2,10,150,86,0.0
192,2,10,150,86,0.0
193,2,10,150,86,0.014941492561257172
194,2,10,150,86,0.19240249817644664
195,2,10,150,86,0.04606861224913365
196,2,10,150,86,0.04485361187694993
197,2,10,150,86,0.16261436624219067
198,2,10,150,86,0.028186415745733433
199,2,10,150,86,0.2529427027676571
200,2,10,150,86,0.23903021781429204
201,2,10,150,86,0.13858610818170367
202,2,10,150,86,0.27487633291429087
203,2,10,150,86,0.10238606821339166
204,2,10,150,86,0.08325563768773413
205,2,10,150,86,0.1465996756793884
206,2,10,150,86,0.028694189013458257
207,2,10,150,86,0.09771369441433554
208,2,10,150,86,0.10318619832562911
209,2,10,150,86,0.0
210,2,10,150,86,0.18937175954951105
211,2,10,150,86,0.0
212,2,10,150,86,0.11738002835756964
213,2,10,150,86,0.20808658101351607
214,2,10,150,86,0.25168008015410515
215,2,10,150,86,0.11433722369502479
216,2,10,150,86,0.14425650580287722
217,2,10,150,86,0.10298663607405599
218,2,10,150,86,0.1023482199458735
219,2,10,150,86,0.0
220,2,10,150,86,0.0
221,2,10,150,86,0.10144613070733857
222,2,10,150,86,0.07888841597584172
223,2,10,150,86,0.0
224,2,10,150,86,0.029996736818897345
225,2,10,150,86,0.0
226,2,10,150,86,0.12563960057570958
227,2,10,150,86,0.0947812167140767
228,2,10,150,86,0.0
229,2,10,150,86,0.1353749952992483
230,2,10,150,86,0.29885542969810625
231,2,10,150,86,0.3903800499921017
232,2,10,150,86,0.13914352811061104
233,2,10,150,86,0.1669130437229485
234,2,10,150,86,0.21362591393588481
235,2,10,150,86,0.1075070751982482
236,2,10,150,86,0.14277726217629444
237,2,10,150,86,0.27346075713529205
238,2,10,150,86,0.0
239,2,10,150,86,0.11945832294875519
240,2,10,150,86,0.0
241,2,10,150,86,0.0
242,2,10,150,86,0.07673373981757839
243,2,10,150,86,0.2568245236714982
244,2,10,150,86,0.18280294015368334
245,2,10,150,86,0.0
246,2,10,150,86,0.12379877182510346
247,2,10,150,86,0.0
248,2,10,150,86,0.14176813152020928
249,2,10,150,86,0.21580604760725444
250,2,10,150,86,0.08513080051804543
251,2,10,150,86,0.12803494038364374
252,2,10,150,86,0.1904168294848087
253,2,10,150,86,0.204742498386431
254,2,10,150,86,0.27040676448473944
255,2,10,150,86,0.04662184073981129
256,2,10,150,86,0.2981724287847049
257,2,10,150,86,0.10559687561546657
258,2,10,150,86,0.0
259,2,10,150,86,0.0
260,2,10,150,86,0.0
261,2,10,150,86,0.0
262,2,10,150,86,0.11787832465827117
263,2,10,150,86,0.16565508957374153
264,2,10,150,86,0.09383440784834397
265,2,10,150,86,0.08339602711200374
266,2,10,150,86,0.0
267,2,10,150,86,0.15946623251411773
268,2,10,150,86,0.18501125969110152
269,2,10,150,86,0.07991666515634646
270,2,10,150,86,0.13753262202696961
271,2,10,150,86,0.20401896890378474
272,2,10,150,86,0.366296454316556
273,2,10,150,86,0.06267320809766952
274,2,10,150,86,0.05829918151249392
275,2,10,150,86,0.04105877938688906
276,2,10,150,86,0.19987880399781136
277,2,10,150,86,0.0
278,2,10,150,86,0.04305311721683474
279,2,10,150,86,0.20047083781358818
280,2,10,150,86,0.0841500632404169
281,2,10,150,86,0.05516788910004661
282,2,10,150,86,0.0
283,2,10,150,86,0.06286054135527182
284,2,10,150,86,0.028031276514167806
285,2,10,150,86,0.15002687789384317
286,2,10,150,86,0.10716987013646836
287,2,10,150,86,0.14933178562928426
288,2,10,150,86,0.18109971158338595
289,2,10,150,86,0.06510475888148554
290,2,10,150,86,0.09449357188080848
291,2,10,150,86,0.17748922691988067
292,2,10,150,86,0.3713936936921286
293,2,10,150,86,0.18886651181061576
294,2,10,150,86,0.05942233668176323
295,2,10,150,86,0.21201342709556317
296,2,10,150,86,0.10863331355232851
297,2,10,150,86,0.10547809104886068
298,2,10,150,86,0.4252278238676385
299,2,10,150,86,0.05389882485565562
300,2,10,150,86,0.0
301,2,10,150,86,0.12514367933866224
302,2,10,150,86,0.0
303,2,10,150,86,0.34124391994432796
304,2,10,150,86,0.09811693595042764
305,2,10,150,86,0.15377587171217844
306,2,10,150,86,0.07286537763060504
307,2,10,150,86,0.17167816797422253
308,2,10,150,86,0.11690281145143108
309,2,10,150,86,0.0
310,2,10,150,86,0.0
311,2,10,150,86,0.25325295310341156
312,2,10,150,86,0.1975666931997852
313,2,10,150,86,0.22676062260704077
314,2,10,150,86,0.1467839446144342
315,2,10,150,86,0.18129588776381328
316,2,10,150,86,0.22270580084154873
317,2,10,150,86,0.0
318,2,10,150,86,0.13166957165834908
319,2,10,150,86,0.0
320,2,10,150,86,0.04539294738377069
321,2,10,150,86,0.12530728980532893
322,2,10,150,86,0.35190394711189377
323,2,10,150,86,0.028361369701356044
324,2,10,150,86,0.06573619640629956
325,2,10,150,86,0.0811231025632827
326,2,10,150,86,0.14774251547484274
327,2,10,150,86,0.09610911389962916
328,2,10,150,86,0.14304127376118922
329,2,10,150,86,0.0
330,2,10,150,86,0.1611323869146598
331,2,10,150,86,0.10096521657790082
332,2,10,150,86,0.20308551734089297
333,2,10,150,86,0.05206745415870339
334,2,10,150,86,0.12348310180734502
335,2,10,150,86,0.0
336,2,10,150,86,0.11501232379588432
337,2,10,150,86,0.10934082156401825
338,2,10,150,86,0.14269909689763496
339,2,10,150,86,0.3016554358783463
340,2,10,150,86,0.17896552649342137
341,2,10,150,86,0.0
342,2,10,150,86,0.27369687527821046
343,2,10,150,86,0.3148697991467657
344,2,10,150,86,0.1523980172868318
345,2,10,150,86,0.10686772084589051
346,2,10,150,86,0.2102586943425689
347,2,10,150,86,0.20485510809551669
348,2,10,150,86,0.0
349,2,10,150,86,0.163169180413793
350,2,10,150,86,0.18939048055890495
351,2,10,150,86,0.1610216634970071
352,2,10,150,86,0.3057524544183157
353,2,10,150,86,0.0
354,2,10,150,86,0.08982081782386522
355,2,10,150,86,0.0
356,2,10,150,86,0.10061931714936387
357,2,10,150,86,0.14019634392566574
358,2,10,150,86,0.0
359,2,10,150,86,0.0
360,2,10,150,86,0.22728151171982378
361,2,10,150,86,0.12786031464335298
362,2,10,150,86,0.04690797720830594
363,2,10,150,86,0.18348949107784088
364,2,10,150,86,0.0
365,2,10,150,86,0.0
366,2,10,150,86,0.09184114803951915
367,2,10,150,86,0.05534563970541805
368,2,10,150,86,0.06788053752288492
369,2,10,150,86,0.21386152848601384
370,2,10,150,86,0.0957000625269241
371,2,10,150,86,0.1597357002967986
372,2,10,150,86,0.11359189468068477
373,2,10,150,86,0.10496983264762118
374,2,10,150,86,0.15210191594223785
375,2,10,150,86,0.1676614286651071
376,2,10,150,86,0.07216815292900357
377,2,10,150,86,0.34749036439127307
378,2,10,150,86,0.04345104897191204
379,2,10,150,86,0.2300230636638564
380,2,10,150,86,0.0812452274813011
381,2,10,150,86,0.13460387583977396
382,2,10,150,86,0.14582500956521116
383,2,10,150,86,0.11602383318046731
384,2,10,150,86,0.0
385,2,10,150,86,0.1341810954770878
386,2,10,150,86,0.0
387,2,10,150,86,0.15778171918357758
388,2,10,150,86,0.03275673003454543
389,2,10,150,86,0.23486014126558652
390,2,10,150,86,0.10466779365752882
391,2,10,150,86,0.18344326580289438
392,2,10,150,86,0.16777779742497645
393,2,10,150,86,0.13285391540234243
394,2,10,150,86,0.2428956376202687
395,2,10,150,86,0.17280189068434965
396,2,10,150,86,0.08006506288147622
397,2,10,150,86,0.25466027584626727
398,2,10,150,86,0.12633080592181342
399,2,10,150,86,0.042835702416833446
400,2,10,150,86,0.0
401,2,10,150,86,0.0
402,2,10,150,86,0.1798991830195577
403,2,10,150,86,0.23561122801255002
404,2,10,150,86,0.0
405,2,10,150,86,0.23154749075254338
406,2,10,150,86,0.2131727375082763
407,2,10,150,86,0.07144190111644805
408,2,10,150,86,0.08490303813485527
409,2,10,150,86,0.1854414927009712
410,2,10,150,86,0.1510508871592243
411,2,10,150,86,0.13359023741301432
412,2,10,150,86,0.0647690283301182
413,2,10,150,86,0.19475935863737628
414,2,10,150,86,0.04690797720830594
415,2,10,150,86,0.15582818336744758
416,2,10,150,86,0.48433675386397895
417,2,10,150,86,0.22728344450283794
418,2,10,150,86,0.05130633033097092
419,2,10,150,86,0.13043508853971056
420,2,10,150,86,0.1979106713561055
421,2,10,150,86,0.3102692669240346
422,2,10,150,86,0.0654076987556055
423,2,10,150,86,0.0
424,2,10,150,86,0.039270700903099615
425,2,10,150,86,0.05918758534710343
426,2,10,150,86,0.03206656709567107
427,2,10,150,86,0.0
428,2,10,150,86,0.09545062073374358
429,2,10,150,86,0.2174422215629009
430,2,10,150,86,0.1910356879389014
431,2,10,150,86,0.0
432,2,10,150,86,0.13181508781832452
433,2,10,150,86,0.10047622221317463
434,2,10,150,86,0.21435951014939544
435,2,10,150,86,0.26997512235173765
436,2,10,150,86,0.08073573433990566
437,2,10,150,86,0.2426074907497057
438,2,10,150,86,0.11342455428465782
439,2,10,150,86,0.0
440,2,10,150,86,0.056388463063434605
441,2,10,150,86,0.2078055819841487
442,2,10,150,86,0.04062732041938225
443,2,10,150,86,0.0
444,2,10,150,86,0.0796221118108625
445,2,10,150,86,0.06656553044254701
446,2,10,150,86,0.15440950258541247
447,2,10,150,86,0.06755943234053442
448,2,10,150,86,0.049326153683410964
449,2,10,150,86,0.1400796026466503
450,2,10,150,86,0.4891971010751593
451,2,10,150,86,0.05163551141839463
452,2,10,150,86,0.20804344255167403
453,2,10,150,86,0.1175424009487046
454,2,10,150,86,0.0
455,2,10,150,86,0.16509073092628207
456,2,10,150,86,0.08869299415147515
457,2,10,150,86,0.43159536323905506
458,2,10,150,86,0.2537193820456369
459,2,10,150,86,0.2127188263052183
460,2,10,150,86,0.07041837375515932
461,2,10,150,86,0.06961399513856609
462,2,10,150,86,0.18564976427020158
463,2,10,150,86,0.21881515471619958
464,2,10,150,86,0.06726768733602535
465,2,10,150,86,0.10783006935442738
466,2,10,150,86,0.12816210679182038
467,2,10,150,86,0.09300532025926726
468,2,10,150,86,0.2504459841080331
469,2,10,150,86,0.07770822948326245
470,2,10,150,86,0.04760723841253984
471,2,10,150,86,0.0
472,2,10,150,86,0.22916772134354388
473,2,10,150,86,0.2622744659873325
474,2,10,150,86,0.42467541505272577
475,2,10,150,86,0.07311683844390994
476,2,10,150,86,0.037130087375373766
477,2,10,150,86,0.07075576072108061
478,2,10,150,86,0.1437068872495116
479,2,10,150,86,0.1982578960561646
480,2,10,150,86,0.15920120556239784
481,2,10,150,86,0.12113079634450404
482,2,10,150,86,0.04290887548434951
483,2,10,150,86,0.0273055648695642
484,2,10,150,86,0.21280961292893452
485,2,10,150,86,0.036556008482007775
486,2,10,150,86,0.02801058107494064
487,2,10,150,86,0.2805595997241738
488,2,10,150,86,0.0
489,2,10,150,86,0.05292755537509761
490,2,10,150,86,0.11630686983226163
491,2,10,150,86,0.03859643636257609
492,2,10,150,86,0.1338895448360617
493,2,10,150,86,0.24890140394558746
494,2,10,150,86,0.10841985052222541
495,2,10,150,86,0.1996749531533383
496,2,10,150,86,0.023205371908120297
497,2,10,150,86,0.20051732988625207
498,2,10,150,86,0.07358364093338247
499,2,10,150,86,0.10804037134297641
500,2,10,150,86,0.12902414262016557
501,2,10,150,86,0.02184231145035861
502,2,10,150,86,0.06689893193796337
503,2,10,150,86,0.21275573086895633
504,2,10,150,86,0.11288641332989725
505,2,10,150,86,0.05688647497208646
506,2,10,150,86,0.12744014882163723
507,2,10,150,86,0.02186947737677948
508,2,10,150,86,0.20345924618307185
509,2,10,150,86,0.031611854308622345
510,2,10,150,86,0.0
511,2,10,150,86,0.0
512,2,10,150,86,0.08364069030518707
513,2,10,150,86,0.11506360809154491
514,2,10,150,86,0.16578726587197626
515,2,10,150,86,0.034743705427429224
516,2,10,150,86,0.1340330647732781
517,2,10,150,86,0.07931777113368761
518,2,10,150,86,0.14341019153063672
519,2,10,150,86,0.10560636946921488
520,2,10,150,86,0.0
521,2,10,150,86,0.013100052175929421
522,2,10,150,86,0.0559167101555819
523,2,10,150,86,0.2344066446478321
524,2,10,150,86,0.1223947350859968
525,2,10,150,86,0.02228065271804083
526,2,10,150,86,0.02505758835695044
527,2,10,150,86,0.35360031514866236
528,2,10,150,86,0.2269962474823218
529,2,10,150,86,0.0
530,2,10,150,86,0.05554513395194445
531,2,10,150,86,0.0
532,2,10,150,86,0.11291807061715449
533,2,10,150,86,0.027459623319078075
534,2,10,150,86,0.024909303741335254
535,2,10,150,86,0.20139880789960526
536,2,10,150,86,0.16340884055250954
537,2,10,150,86,0.4260658387258875
538,2,10,150,86,0.051356253787840964
539,2,10,150,86,0.09953437200841515
540,2,10,150,86,0.0
541,2,10,150,86,0.08397287070222587
542,2,10,150,86,0.07797598981103891
543,2,10,150,86,0.10790426026012695
544,2,10,150,86,0.0
545,2,10,150,86,0.060216826583478454
546,2,10,150,86,0.03314153504336938
547,2,10,150,86,0.04855455745827926
548,2,10,150,86,0.09589255277111255
549,2,10,150,86,0.0
550,2,10,150,86,0.09688698360286704
551,2,10,150,86,0.22469018951795874
552,2,10,150,86,0.048059443651065493
553,2,10,150,86,0.2433089897781848
554,2,10,150,86,0.1061717592653675
555,2,10,150,86,0.09809088686968297
556,2,10,150,86,0.16258997327839542
557,2,10,150,86,0.04470486007704452
558,2,10,150,86,0.265053101293003
559,2,10,150,86,0.1306794248970741
560,2,10,150,86,0.046716390531725466
561,2,10,150,86,0.1395907643212214
562,2,10,150,86,0.07720150835011791
563,2,10,150,86,0.0
564,2,10,150,86,0.0
565,2,10,150,86,0.28663011782160785
566,2,10,150,86,0.049763902181020156
567,2,10,150,86,0.09272963807674517
568,2,10,150,86,0.0
569,2,10,150,86,0.17563954439010937
570,2,10,150,86,0.0
571,2,10,150,86,0.16104477175644444
572,2,10,150,86,0.0
573,2,10,150,86,0.03246641181906899
574,2,10,150,86,0.05058854055353143
575,2,10,150,86,0.05154847002173459
576,2,10,150,86,0.0
577,2,10,150,86,0.0784247757209491
578,2,10,150,86,0.0
579,2,10,150,86,0.08297540479108526
580,2,10,150,86,0.21602760439924668
581,2,10,150,86,0.0
582,2,10,150,86,0.0437514209980628
583,2,10,150,86,0.08356526807460651
584,2,10,150,86,0.09591939076437811
585,2,10,150,86,0.08668163308546498
586,2,10,150,86,0.10132509239867551
587,2,10,150,86,0.03459392809572638
588,2,10,150,86,0.053821119735696775
589,2,10,150,86,0.13061191070808464
590,2,10,150,86,0.06139304560474655
591,2,10,150,86,0.0
592,2,10,150,86,0.31066083565684965
593,2,10,150,86,0.04586709436300111
594,2,10,150,86,0.0
595,2,10,150,86,0.0
596,2,10,150,86,0.0
597,2,10,150,86,0.0
598,2,10,150,86,0.0
599,2,10,150,86,0.0
600,2,10,150,86,0.024325165853816375
601,2,10,150,86,0.03369782041898502
602,2,10,150,86,0.0
603,2,10,150,86,0.1435203717549576
604,2,10,150,86,0.0
605,2,10,150,86,0.2645541144793553
606,2,10,150,86,0.24870693244846395
607,2,10,150,86,0.08440880858250024
608,2,10,150,86,0.2120992422792938
609,2,10,150,86,0.0
610,2,10,150,86,0.1629867900167321
611,2,10,150,86,0.08045389590462838
612,2,10,150,86,0.15130120674940672
613,2,10,150,86,0.0
614,2,10,150,86,0.08861505596859857
615,2,10,150,86,0.1479554402409639
616,2,10,150,86,0.0
617,2,10,150,86,0.044257815106106525
618,2,10,150,86,0.18766481803906507
619,2,10,150,86,0.09637551974188778
620,2,10,150,86,0.08396948777462541
621,2,10,150,86,0.07911675782853725
622,2,10,150,86,0.12980296240199146
623,2,10,150,86,0.0
624,2,10,150,86,0.08175619017377453
625,2,10,150,86,0.0
626,2,10,150,86,0.0
627,2,10,150,86,0.0
628,2,10,150,86,0.0
629,2,10,150,86,0.2466228630593721
630,2,10,150,86,0.0
631,2,10,150,86,0.16868725245403154
632,2,10,150,86,0.13439570003165963
633,2,10,150,86,0.07667481399289292
634,2,10,150,86,0.030975021478781034
635,2,10,150,86,0.0
636,2,10,150,86,0.0
637,2,10,150,86,0.0
638,2,10,150,86,0.0
639,2,10,150,86,0.0
640,2,10,150,86,0.07887611601996505
642,2,10,150,86,0.1329152156038286
643,2,10,150,86,0.0
644,2,10,150,86,0.0
645,2,10,150,86,0.09759501249802542
647,2,10,150,86,0.0
648,2,10,150,86,0.21223061777480637
649,2,10,150,86,1.0
650,2,10,150,86,0.0
651,2,10,150,86,0.0
653,2,10,150,86,0.040484256935344326
654,2,10,150,86,0.058087171966128066
655,2,10,150,86,0.1960260054527925
658,2,10,150,86,0.0
1,2,10,150,87,0.5343723497595074
2,2,10,150,87,0.2268511698743587
3,2,10,150,87,0.03098598178059488
4,2,10,150,87,0.06166887310869151
5,2,10,150,87,0.12620564628865164
6,2,10,150,87,0.17961772474519622
7,2,10,150,87,0.26283650648802087
8,2,10,150,87,0.06653535276206901
9,2,10,150,87,0.0
10,2,10,150,87,0.2043831529067321
11,2,10,150,87,0.10464473261331256
12,2,10,150,87,0.10103399773096396
13,2,10,150,87,0.40810048291582157
14,2,10,150,87,0.15461807617997098
15,2,10,150,87,0.01616702920033762
16,2,10,150,87,0.2662844928132153
17,2,10,150,87,0.10312948447052589
18,2,10,150,87,0.23320698377027307
19,2,10,150,87,0.0
20,2,10,150,87,0.031742154565302834
21,2,10,150,87,0.012720674487092647
22,2,10,150,87,0.05035691655673683
23,2,10,150,87,0.22807475621810358
24,2,10,150,87,0.12818798445247553
25,2,10,150,87,0.03078223202175778
26,2,10,150,87,0.1475005395151273
27,2,10,150,87,0.0
28,2,10,150,87,0.16080076733974918
29,2,10,150,87,0.0
30,2,10,150,87,0.0
31,2,10,150,87,0.08090642992710743
32,2,10,150,87,0.14779014095437779
33,2,10,150,87,0.0
34,2,10,150,87,0.07239559903187814
35,2,10,150,87,0.0
36,2,10,150,87,0.0
37,2,10,150,87,0.0
38,2,10,150,87,0.12297908439989445
39,2,10,150,87,0.15820890896021753
40,2,10,150,87,0.2212397779175911
41,2,10,150,87,0.0
42,2,10,150,87,0.20130152528989256
43,2,10,150,87,0.09662598732799078
44,2,10,150,87,0.1565413821318793
45,2,10,150,87,0.0
46,2,10,150,87,0.10684080426179023
47,2,10,150,87,0.11437926488327832
48,2,10,150,87,0.16438571914394637
49,2,10,150,87,0.05920283200708927
50,2,10,150,87,0.046726672111120165
51,2,10,150,87,0.07984133538066794
52,2,10,150,87,0.05244652348163508
53,2,10,150,87,0.12810519548676028
54,2,10,150,87,0.12069558652333642
55,2,10,150,87,0.0
56,2,10,150,87,0.22047893971599028
57,2,10,150,87,0.0524456916588361
58,2,10,150,87,0.16366022196121796
59,2,10,150,87,0.30426029746527683
60,2,10,150,87,0.2158570564681132
61,2,10,150,87,0.06416923277158361
62,2,10,150,87,0.18160332589227857
63,2,10,150,87,0.0763437499438357
64,2,10,150,87,0.04583023181159601
65,2,10,150,87,0.18154179097601578
66,2,10,150,87,0.12995427111679475
67,2,10,150,87,0.24630238874073
68,2,10,150,87,0.04358896759704514
69,2,10,150,87,0.19699902273515738
70,2,10,150,87,0.048917717601407604
71,2,10,150,87,0.08190066039082215
72,2,10,150,87,0.28907547922366217
73,2,10,150,87,0.28969967958004655
74,2,10,150,87,0.17342765698823945
75,2,10,150,87,0.16021137204676433
76,2,10,150,87,0.23191508057904175
77,2,10,150,87,0.15029758260072817
78,2,10,150,87,0.0
79,2,10,150,87,0.11837298765331451
80,2,10,150,87,0.1744476820873323
81,2,10,150,87,0.02668972877827465
82,2,10,150,87,0.06437887178128218
83,2,10,150,87,0.046841820324159865
84,2,10,150,87,0.029136604147144557
85,2,10,150,87,0.18442983312439273
86,2,10,150,87,0.07028063830038406
87,2,10,150,87,0.20523162803222705
88,2,10,150,87,0.06294571929989644
89,2,10,150,87,0.2334685083478665
90,2,10,150,87,0.17313204566143872
91,2,10,150,87,0.07054411138080068
92,2,10,150,87,0.11120822934376612
93,2,10,150,87,0.0
94,2,10,150,87,0.2450426931834509
95,2,10,150,87,0.12485211086506379
96,2,10,150,87,0.2668702981549327
97,2,10,150,87,0.3041395643405481
98,2,10,150,87,0.0
99,2,10,150,87,0.13656436417013992
100,2,10,150,87,0.0
101,2,10,150,87,0.0
102,2,10,150,87,0.05671879843401278
103,2,10,150,87,0.04579340374561851
104,2,10,150,87,0.0
105,2,10,150,87,0.0
106,2,10,150,87,0.0
107,2,10,150,87,0.09995553728965398
108,2,10,150,87,0.04485361187694993
109,2,10,150,87,0.20086438685781322
110,2,10,150,87,0.037578324799282276
111,2,10,150,87,0.09077089626867633
112,2,10,150,87,0.0
113,2,10,150,87,0.178509607681865
114,2,10,150,87,0.02951022367272685
115,2,10,150,87,0.24220379575977083
116,2,10,150,87,0.041610162623197416
117,2,10,150,87,0.053087643823189194
118,2,10,150,87,0.19326159470866278
119,2,10,150,87,0.15212875834435738
120,2,10,150,87,0.40177646466663713
121,2,10,150,87,0.115269333086109
122,2,10,150,87,0.1467899073100297
123,2,10,150,87,0.12990556389377814
124,2,10,150,87,0.18903749859471425
125,2,10,150,87,0.1656817885548098
126,2,10,150,87,0.0
127,2,10,150,87,0.12503310750358904
128,2,10,150,87,0.07117364753699024
129,2,10,150,87,0.0
130,2,10,150,87,0.11133249165699811
131,2,10,150,87,0.36227735599025207
132,2,10,150,87,0.12643913909707097
133,2,10,150,87,0.0
134,2,10,150,87,0.0
135,2,10,150,87,0.0
136,2,10,150,87,0.16609048789162614
137,2,10,150,87,0.1142541952759239
138,2,10,150,87,0.15545471738318148
139,2,10,150,87,0.05165643482805862
140,2,10,150,87,0.0732173666263434
141,2,10,150,87,0.12556328258692692
142,2,10,150,87,0.0
143,2,10,150,87,0.06882065896991112
144,2,10,150,87,0.1778212661301716
145,2,10,150,87,0.1074935252705928
146,2,10,150,87,0.0
147,2,10,150,87,0.06664071636913875
148,2,10,150,87,0.1606863768135813
149,2,10,150,87,0.10486881530019958
150,2,10,150,87,0.0
151,2,10,150,87,0.20411691507122928
152,2,10,150,87,0.09023573428198242
153,2,10,150,87,0.071942683897578
154,2,10,150,87,0.08491065065836505
155,2,10,150,87,0.0
156,2,10,150,87,0.06437746926759551
157,2,10,150,87,0.09322859567795043
158,2,10,150,87,0.17368343162211233
159,2,10,150,87,0.024782300799839303
160,2,10,150,87,0.11705084481334227
161,2,10,150,87,0.0
162,2,10,150,87,0.08299661455725149
163,2,10,150,87,0.0
164,2,10,150,87,0.029649957429587842
165,2,10,150,87,0.0
166,2,10,150,87,0.06175696970122604
167,2,10,150,87,0.040419659112753054
168,2,10,150,87,0.0641665753731138
169,2,10,150,87,0.03870447337439288
170,2,10,150,87,0.0
171,2,10,150,87,0.0
172,2,10,150,87,0.08232325035020067
173,2,10,150,87,0.1448442050067646
174,2,10,150,87,0.2622747997764713
175,2,10,150,87,0.22732566419594713
176,2,10,150,87,0.027651749128023803
177,2,10,150,87,0.3152442026717657
178,2,10,150,87,0.1509306125771355
179,2,10,150,87,0.09299583347145139
180,2,10,150,87,0.11028996034222072
181,2,10,150,87,0.05073929246059209
182,2,10,150,87,0.05005165434923901
183,2,10,150,87,0.0
184,2,10,150,87,0.15639932187667255
185,2,10,150,87,0.0
186,2,10,150,87,0.05478814761334652
187,2,10,150,87,0.16902512893841318
188,2,10,150,87,0.3117075577610628
189,2,10,150,87,0.209805850077053
190,2,10,150,87,0.025938546612492997
191,2,10,150,87,0.0
192,2,10,150,87,0.0
193,2,10,150,87,0.014941492561257172
194,2,10,150,87,0.19240249817644664
195,2,10,150,87,0.04606861224913365
196,2,10,150,87,0.04485361187694993
197,2,10,150,87,0.16261436624219067
198,2,10,150,87,0.028186415745733433
199,2,10,150,87,0.2529427027676571
200,2,10,150,87,0.23903021781429204
201,2,10,150,87,0.13745449069029195
202,2,10,150,87,0.27487633291429087
203,2,10,150,87,0.10238606821339166
204,2,10,150,87,0.08325563768773413
205,2,10,150,87,0.1465996756793884
206,2,10,150,87,0.028694189013458257
207,2,10,150,87,0.09771369441433554
208,2,10,150,87,0.10318619832562911
209,2,10,150,87,0.0
210,2,10,150,87,0.18937175954951105
211,2,10,150,87,0.0
212,2,10,150,87,0.11738002835756964
213,2,10,150,87,0.20808658101351607
214,2,10,150,87,0.25168008015410515
215,2,10,150,87,0.11433722369502479
216,2,10,150,87,0.14425650580287722
217,2,10,150,87,0.10298663607405599
218,2,10,150,87,0.1023482199458735
219,2,10,150,87,0.0
220,2,10,150,87,0.0
221,2,10,150,87,0.10144613070733857
222,2,10,150,87,0.07824425681328713
223,2,10,150,87,0.0
224,2,10,150,87,0.029996736818897345
225,2,10,150,87,0.0
226,2,10,150,87,0.12563960057570958
227,2,10,150,87,0.0947812167140767
228,2,10,150,87,0.0
229,2,10,150,87,0.1353749952992483
230,2,10,150,87,0.29885542969810625
231,2,10,150,87,0.3903800499921017
232,2,10,150,87,0.13914352811061104
233,2,10,150,87,0.1669130437229485
234,2,10,150,87,0.2118815629038773
235,2,10,150,87,0.1075070751982482
236,2,10,150,87,0.14277726217629444
237,2,10,150,87,0.27346075713529205
238,2,10,150,87,0.0
239,2,10,150,87,0.11945832294875519
240,2,10,150,87,0.0
241,2,10,150,87,0.0
242,2,10,150,87,0.07673373981757839
243,2,10,150,87,0.2568245236714982
244,2,10,150,87,0.18280294015368334
245,2,10,150,87,0.0
246,2,10,150,87,0.12379877182510346
247,2,10,150,87,0.0
248,2,10,150,87,0.14176813152020928
249,2,10,150,87,0.22814734268873882
250,2,10,150,87,0.08513080051804543
251,2,10,150,87,0.12803494038364374
252,2,10,150,87,0.1904168294848087
253,2,10,150,87,0.204742498386431
254,2,10,150,87,0.27040676448473944
255,2,10,150,87,0.04662184073981129
256,2,10,150,87,0.2981724287847049
257,2,10,150,87,0.10559687561546657
258,2,10,150,87,0.0
259,2,10,150,87,0.0
260,2,10,150,87,0.0
261,2,10,150,87,0.0
262,2,10,150,87,0.1323245238822141
263,2,10,150,87,0.16565508957374153
264,2,10,150,87,0.1082806070722869
265,2,10,150,87,0.08339602711200374
266,2,10,150,87,0.0
267,2,10,150,87,0.15946623251411773
268,2,10,150,87,0.18501125969110152
269,2,10,150,87,0.07991666515634646
270,2,10,150,87,0.13753262202696961
271,2,10,150,87,0.20401896890378474
272,2,10,150,87,0.366296454316556
273,2,10,150,87,0.06267320809766952
274,2,10,150,87,0.05829918151249392
275,2,10,150,87,0.04105877938688906
276,2,10,150,87,0.19824670426044216
277,2,10,150,87,0.0
278,2,10,150,87,0.04305311721683474
279,2,10,150,87,0.19883390385560173
280,2,10,150,87,0.0841500632404169
281,2,10,150,87,0.05516788910004661
282,2,10,150,87,0.0
283,2,10,150,87,0.06286054135527182
284,2,10,150,87,0.028031276514167806
285,2,10,150,87,0.15002687789384317
286,2,10,150,87,0.10716987013646836
287,2,10,150,87,0.14933178562928426
288,2,10,150,87,0.18109971158338595
289,2,10,150,87,0.06510475888148554
290,2,10,150,87,0.09449357188080848
291,2,10,150,87,0.17748922691988067
292,2,10,150,87,0.3713936936921286
293,2,10,150,87,0.19548977914345272
294,2,10,150,87,0.05942233668176323
295,2,10,150,87,0.21201342709556317
296,2,10,150,87,0.10863331355232851
297,2,10,150,87,0.10547809104886068
298,2,10,150,87,0.4252278238676385
299,2,10,150,87,0.05389882485565562
300,2,10,150,87,0.0
301,2,10,150,87,0.12514367933866224
302,2,10,150,87,0.0
303,2,10,150,87,0.3384575108755301
304,2,10,150,87,0.09811693595042764
305,2,10,150,87,0.15377587171217844
306,2,10,150,87,0.07286537763060504
307,2,10,150,87,0.17167816797422253
308,2,10,150,87,0.11594824776558027
309,2,10,150,87,0.0
310,2,10,150,87,0.0
311,2,10,150,87,0.25325295310341156
312,2,10,150,87,0.1975666931997852
313,2,10,150,87,0.22676062260704077
314,2,10,150,87,0.1467839446144342
315,2,10,150,87,0.18129588776381328
316,2,10,150,87,0.22270580084154873
317,2,10,150,87,0.0
318,2,10,150,87,0.13166957165834908
319,2,10,150,87,0.0
320,2,10,150,87,0.04539294738377069
321,2,10,150,87,0.12530728980532893
322,2,10,150,87,0.35190394711189377
323,2,10,150,87,0.028361369701356044
324,2,10,150,87,0.06573619640629956
325,2,10,150,87,0.0811231025632827
326,2,10,150,87,0.14774251547484274
327,2,10,150,87,0.09532434004458804
328,2,10,150,87,0.14304127376118922
329,2,10,150,87,0.0
330,2,10,150,87,0.17464041258343582
331,2,10,150,87,0.10096521657790082
332,2,10,150,87,0.20308551734089297
333,2,10,150,87,0.05206745415870339
334,2,10,150,87,0.12247480711076726
335,2,10,150,87,0.0
336,2,10,150,87,0.11501232379588432
337,2,10,150,87,0.10934082156401825
338,2,10,150,87,0.14269909689763496
339,2,10,150,87,0.3016554358783463
340,2,10,150,87,0.17896552649342137
341,2,10,150,87,0.0
342,2,10,150,87,0.27369687527821046
343,2,10,150,87,0.3148697991467657
344,2,10,150,87,0.1523980172868318
345,2,10,150,87,0.10686772084589051
346,2,10,150,87,0.2102586943425689
347,2,10,150,87,0.20485510809551669
348,2,10,150,87,0.0
349,2,10,150,87,0.163169180413793
350,2,10,150,87,0.18939048055890495
351,2,10,150,87,0.1610216634970071
352,2,10,150,87,0.3057524544183157
353,2,10,150,87,0.0
354,2,10,150,87,0.08982081782386522
355,2,10,150,87,0.0
356,2,10,150,87,0.10061931714936387
357,2,10,150,87,0.14019634392566574
358,2,10,150,87,0.0
359,2,10,150,87,0.0
360,2,10,150,87,0.22728151171982378
361,2,10,150,87,0.12786031464335298
362,2,10,150,87,0.04690797720830594
363,2,10,150,87,0.1819912174029522
364,2,10,150,87,0.0
365,2,10,150,87,0.0
366,2,10,150,87,0.09184114803951915
367,2,10,150,87,0.05534563970541805
368,2,10,150,87,0.06788053752288492
369,2,10,150,87,0.21386152848601384
370,2,10,150,87,0.0957000625269241
371,2,10,150,87,0.1597357002967986
372,2,10,150,87,0.11359189468068477
373,2,10,150,87,0.10496983264762118
374,2,10,150,87,0.15210191594223785
375,2,10,150,87,0.1676614286651071
376,2,10,150,87,0.07216815292900357
377,2,10,150,87,0.34749036439127307
378,2,10,150,87,0.043096251743806505
379,2,10,150,87,0.2300230636638564
380,2,10,150,87,0.0812452274813011
381,2,10,150,87,0.14660694539581717
382,2,10,150,87,0.14582500956521116
383,2,10,150,87,0.11602383318046731
384,2,10,150,87,0.0
385,2,10,150,87,0.13308544688250012
386,2,10,150,87,0.0
387,2,10,150,87,0.15649336095203645
388,2,10,150,87,0.03275673003454543
389,2,10,150,87,0.23486014126558652
390,2,10,150,87,0.10466779365752882
391,2,10,150,87,0.18344326580289438
392,2,10,150,87,0.16777779742497645
393,2,10,150,87,0.13176910382602838
394,2,10,150,87,0.2428956376202687
395,2,10,150,87,0.17280189068434965
396,2,10,150,87,0.08006506288147622
397,2,10,150,87,0.25466027584626727
398,2,10,150,87,0.12633080592181342
399,2,10,150,87,0.04248592976827736
400,2,10,150,87,0.0
401,2,10,150,87,0.0
402,2,10,150,87,0.1798991830195577
403,2,10,150,87,0.23561122801255002
404,2,10,150,87,0.0
405,2,10,150,87,0.2296568020387473
406,2,10,150,87,0.21143208686427237
407,2,10,150,87,0.07144190111644805
408,2,10,150,87,0.08490303813485527
409,2,10,150,87,0.1854414927009712
410,2,10,150,87,0.1510508871592243
411,2,10,150,87,0.13359023741301432
412,2,10,150,87,0.0647690283301182
413,2,10,150,87,0.19475935863737628
414,2,10,150,87,0.04690797720830594
415,2,10,150,87,0.15582818336744758
416,2,10,150,87,0.4803819278745844
417,2,10,150,87,0.22542757363177995
418,2,10,150,87,0.05130633033097092
419,2,10,150,87,0.13043508853971056
420,2,10,150,87,0.1979106713561055
421,2,10,150,87,0.3102692669240346
422,2,10,150,87,0.0654076987556055
423,2,10,150,87,0.0
424,2,10,150,87,0.039270700903099615
425,2,10,150,87,0.05918758534710343
426,2,10,150,87,0.03206656709567107
427,2,10,150,87,0.0
428,2,10,150,87,0.09545062073374358
429,2,10,150,87,0.2156667086740522
430,2,10,150,87,0.1910356879389014
431,2,10,150,87,0.0
432,2,10,150,87,0.13181508781832452
433,2,10,150,87,0.10047622221317463
434,2,10,150,87,0.21435951014939544
435,2,10,150,87,0.2677706548570687
436,2,10,150,87,0.08073573433990566
437,2,10,150,87,0.24062649219449755
438,2,10,150,87,0.11342455428465782
439,2,10,150,87,0.0
440,2,10,150,87,0.056388463063434605
441,2,10,150,87,0.2078055819841487
442,2,10,150,87,0.04062732041938225
443,2,10,150,87,0.0
444,2,10,150,87,0.0796221118108625
445,2,10,150,87,0.06656553044254701
446,2,10,150,87,0.15440950258541247
447,2,10,150,87,0.06755943234053442
448,2,10,150,87,0.049326153683410964
449,2,10,150,87,0.1400796026466503
450,2,10,150,87,0.49336803496363585
451,2,10,150,87,0.05163551141839463
452,2,10,150,87,0.20804344255167403
453,2,10,150,87,0.1175424009487046
454,2,10,150,87,0.0
455,2,10,150,87,0.16374269134830952
456,2,10,150,87,0.09613422301196176
457,2,10,150,87,0.4280711942681424
458,2,10,150,87,0.2537193820456369
459,2,10,150,87,0.2127188263052183
460,2,10,150,87,0.07041837375515932
461,2,10,150,87,0.06961399513856609
462,2,10,150,87,0.18564976427020158
463,2,10,150,87,0.21881515471619958
464,2,10,150,87,0.06726768733602535
465,2,10,150,87,0.10783006935442738
466,2,10,150,87,0.12816210679182038
467,2,10,150,87,0.09300532025926726
468,2,10,150,87,0.2504459841080331
469,2,10,150,87,0.07770822948326245
470,2,10,150,87,0.04760723841253984
471,2,10,150,87,0.0
472,2,10,150,87,0.22729646451021607
473,2,10,150,87,0.2622744659873325
474,2,10,150,87,0.4212077505504792
475,2,10,150,87,0.07311683844390994
476,2,10,150,87,0.037130087375373766
477,2,10,150,87,0.07075576072108061
478,2,10,150,87,0.1437068872495116
479,2,10,150,87,0.1966390317563353
480,2,10,150,87,0.15920120556239784
481,2,10,150,87,0.12113079634450404
482,2,10,150,87,0.04290887548434951
483,2,10,150,87,0.044584249489688726
484,2,10,150,87,0.21280961292893452
485,2,10,150,87,0.036556008482007775
486,2,10,150,87,0.02801058107494064
487,2,10,150,87,0.2782687052427798
488,2,10,150,87,0.0
489,2,10,150,87,0.05292755537509761
490,2,10,150,87,0.11630686983226163
491,2,10,150,87,0.03859643636257609
492,2,10,150,87,0.1338895448360617
493,2,10,150,87,0.24890140394558746
494,2,10,150,87,0.10841985052222541
495,2,10,150,87,0.1996749531533383
496,2,10,150,87,0.023205371908120297
497,2,10,150,87,0.19888001629972038
498,2,10,150,87,0.07358364093338247
499,2,10,150,87,0.10804037134297641
500,2,10,150,87,0.12797060284970066
501,2,10,150,87,0.02184231145035861
502,2,10,150,87,0.06689893193796337
503,2,10,150,87,0.21275573086895633
504,2,10,150,87,0.1119646453291727
505,2,10,150,87,0.05688647497208646
506,2,10,150,87,0.126399543068241
507,2,10,150,87,0.04255090034092519
508,2,10,150,87,0.20345924618307185
509,2,10,150,87,0.031611854308622345
510,2,10,150,87,0.0
511,2,10,150,87,0.0
512,2,10,150,87,0.08364069030518707
513,2,10,150,87,0.11506360809154491
514,2,10,150,87,0.16578726587197626
515,2,10,150,87,0.034743705427429224
516,2,10,150,87,0.1340330647732781
517,2,10,150,87,0.07931777113368761
518,2,10,150,87,0.14341019153063672
519,2,10,150,87,0.10560636946921488
520,2,10,150,87,0.0
521,2,10,150,87,0.013100052175929421
522,2,10,150,87,0.0559167101555819
523,2,10,150,87,0.2344066446478321
524,2,10,150,87,0.12139532738996409
525,2,10,150,87,0.02228065271804083
526,2,10,150,87,0.02505758835695044
527,2,10,150,87,0.35360031514866236
528,2,10,150,87,0.2269962474823218
529,2,10,150,87,0.0
530,2,10,150,87,0.05554513395194445
531,2,10,150,87,0.0
532,2,10,150,87,0.1119960441205355
533,2,10,150,87,0.027235403226147085
534,2,10,150,87,0.024909303741335254
535,2,10,150,87,0.20139880789960526
536,2,10,150,87,0.16340884055250954
537,2,10,150,87,0.42258682079313004
538,2,10,150,87,0.051356253787840964
539,2,10,150,87,0.09953437200841515
540,2,10,150,87,0.0
541,2,10,150,87,0.08397287070222587
542,2,10,150,87,0.07797598981103891
543,2,10,150,87,0.10790426026012695
544,2,10,150,87,0.0
545,2,10,150,87,0.060216826583478454
546,2,10,150,87,0.05753753148453523
547,2,10,150,87,0.04855455745827926
548,2,10,150,87,0.09589255277111255
549,2,10,150,87,0.0
550,2,10,150,87,0.09688698360286704
551,2,10,150,87,0.2310209405168557
552,2,10,150,87,0.048059443651065493
553,2,10,150,87,0.2433089897781848
554,2,10,150,87,0.1061717592653675
555,2,10,150,87,0.09809088686968297
556,2,10,150,87,0.16258997327839542
557,2,10,150,87,0.04470486007704452
558,2,10,150,87,0.265053101293003
559,2,10,150,87,0.1306794248970741
560,2,10,150,87,0.046716390531725466
561,2,10,150,87,0.14661639014794345
562,2,10,150,87,0.07720150835011791
563,2,10,150,87,0.0
564,2,10,150,87,0.0
565,2,10,150,87,0.28663011782160785
566,2,10,150,87,0.049763902181020156
567,2,10,150,87,0.10828657397486113
568,2,10,150,87,0.0
569,2,10,150,87,0.17563954439010937
570,2,10,150,87,0.0
571,2,10,150,87,0.16104477175644444
572,2,10,150,87,0.0
573,2,10,150,87,0.03246641181906899
574,2,10,150,87,0.05058854055353143
575,2,10,150,87,0.05154847002173459
576,2,10,150,87,0.0
577,2,10,150,87,0.0784247757209491
578,2,10,150,87,0.0
579,2,10,150,87,0.08297540479108526
580,2,10,150,87,0.21602760439924668
581,2,10,150,87,0.0
582,2,10,150,87,0.0437514209980628
583,2,10,150,87,0.08356526807460651
584,2,10,150,87,0.09591939076437811
585,2,10,150,87,0.08668163308546498
586,2,10,150,87,0.10132509239867551
587,2,10,150,87,0.03459392809572638
588,2,10,150,87,0.053821119735696775
589,2,10,150,87,0.13061191070808464
590,2,10,150,87,0.06139304560474655
591,2,10,150,87,0.0
592,2,10,150,87,0.3162895979196809
593,2,10,150,87,0.04586709436300111
594,2,10,150,87,0.0
595,2,10,150,87,0.0
596,2,10,150,87,0.0
597,2,10,150,87,0.0
598,2,10,150,87,0.0
599,2,10,150,87,0.0
600,2,10,150,87,0.024325165853816375
601,2,10,150,87,0.03369782041898502
602,2,10,150,87,0.0
603,2,10,150,87,0.1435203717549576
604,2,10,150,87,0.0
605,2,10,150,87,0.2645541144793553
606,2,10,150,87,0.24870693244846395
607,2,10,150,87,0.08440880858250024
608,2,10,150,87,0.2120992422792938
609,2,10,150,87,0.0
610,2,10,150,87,0.1629867900167321
611,2,10,150,87,0.08045389590462838
612,2,10,150,87,0.15130120674940672
613,2,10,150,87,0.0
614,2,10,150,87,0.08861505596859857
615,2,10,150,87,0.1479554402409639
616,2,10,150,87,0.0
617,2,10,150,87,0.044257815106106525
618,2,10,150,87,0.18766481803906507
619,2,10,150,87,0.09637551974188778
620,2,10,150,87,0.08396948777462541
621,2,10,150,87,0.07911675782853725
622,2,10,150,87,0.12980296240199146
623,2,10,150,87,0.0
624,2,10,150,87,0.08175619017377453
625,2,10,150,87,0.0
626,2,10,150,87,0.0
627,2,10,150,87,0.0
628,2,10,150,87,0.0
629,2,10,150,87,0.2466228630593721
630,2,10,150,87,0.0
631,2,10,150,87,0.16868725245403154
632,2,10,150,87,0.13439570003165963
633,2,10,150,87,0.07667481399289292
634,2,10,150,87,0.030975021478781034
635,2,10,150,87,0.0
636,2,10,150,87,0.0
637,2,10,150,87,0.0
638,2,10,150,87,0.0
639,2,10,150,87,0.0
640,2,10,150,87,0.07887611601996505
642,2,10,150,87,0.1329152156038286
643,2,10,150,87,0.0
644,2,10,150,87,0.0
645,2,10,150,87,0.09759501249802542
647,2,10,150,87,0.0
648,2,10,150,87,0.21223061777480637
649,2,10,150,87,1.0
650,2,10,150,87,0.0
651,2,10,150,87,0.0
653,2,10,150,87,0.040484256935344326
654,2,10,150,87,0.058087171966128066
655,2,10,150,87,0.1960260054527925
658,2,10,150,87,0.0
1,2,10,150,88,0.5343723497595074
2,2,10,150,88,0.2268511698743587
3,2,10,150,88,0.03098598178059488
4,2,10,150,88,0.06166887310869151
5,2,10,150,88,0.12620564628865164
6,2,10,150,88,0.17961772474519622
7,2,10,150,88,0.26071302721057765
8,2,10,150,88,0.06653535276206901
9,2,10,150,88,0.0
10,2,10,150,88,0.2043831529067321
11,2,10,150,88,0.10464473261331256
12,2,10,150,88,0.10103399773096396
13,2,10,150,88,0.4048034031830037
14,2,10,150,88,0.15461807617997098
15,2,10,150,88,0.01616702920033762
16,2,10,150,88,0.2662844928132153
17,2,10,150,88,0.10312948447052589
18,2,10,150,88,0.23320698377027307
19,2,10,150,88,0.0
20,2,10,150,88,0.06057715324397481
21,2,10,150,88,0.012720674487092647
22,2,10,150,88,0.05035691655673683
23,2,10,150,88,0.22807475621810358
24,2,10,150,88,0.12818798445247553
25,2,10,150,88,0.03078223202175778
26,2,10,150,88,0.1475005395151273
27,2,10,150,88,0.0
28,2,10,150,88,0.16080076733974918
29,2,10,150,88,0.0
30,2,10,150,88,0.0
31,2,10,150,88,0.08090642992710743
32,2,10,150,88,0.14779014095437779
33,2,10,150,88,0.0
34,2,10,150,88,0.07239559903187814
35,2,10,150,88,0.0
36,2,10,150,88,0.0
37,2,10,150,88,0.0
38,2,10,150,88,0.12297908439989445
39,2,10,150,88,0.15820890896021753
40,2,10,150,88,0.2212397779175911
41,2,10,150,88,0.0
42,2,10,150,88,0.20130152528989256
43,2,10,150,88,0.09662598732799078
44,2,10,150,88,0.1565413821318793
45,2,10,150,88,0.0
46,2,10,150,88,0.10684080426179023
47,2,10,150,88,0.11437926488327832
48,2,10,150,88,0.16438571914394637
49,2,10,150,88,0.05920283200708927
50,2,10,150,88,0.046726672111120165
51,2,10,150,88,0.07984133538066794
52,2,10,150,88,0.05244652348163508
53,2,10,150,88,0.12810519548676028
54,2,10,150,88,0.12069558652333642
55,2,10,150,88,0.0
56,2,10,150,88,0.22047893971599028
57,2,10,150,88,0.0524456916588361
58,2,10,150,88,0.16366022196121796
59,2,10,150,88,0.3018021517333571
60,2,10,150,88,0.2158570564681132
61,2,10,150,88,0.06416923277158361
62,2,10,150,88,0.18160332589227857
63,2,10,150,88,0.0763437499438357
64,2,10,150,88,0.04583023181159601
65,2,10,150,88,0.18154179097601578
66,2,10,150,88,0.12995427111679475
67,2,10,150,88,0.24630238874073
68,2,10,150,88,0.04358896759704514
69,2,10,150,88,0.19699902273515738
70,2,10,150,88,0.06577317760289236
71,2,10,150,88,0.08190066039082215
72,2,10,150,88,0.28907547922366217
73,2,10,150,88,0.28969967958004655
74,2,10,150,88,0.17342765698823945
75,2,10,150,88,0.16021137204676433
76,2,10,150,88,0.23191508057904175
77,2,10,150,88,0.15029758260072817
78,2,10,150,88,0.0
79,2,10,150,88,0.11837298765331451
80,2,10,150,88,0.1744476820873323
81,2,10,150,88,0.02668972877827465
82,2,10,150,88,0.06437887178128218
83,2,10,150,88,0.046841820324159865
84,2,10,150,88,0.029136604147144557
85,2,10,150,88,0.18442983312439273
86,2,10,150,88,0.07028063830038406
87,2,10,150,88,0.20523162803222705
88,2,10,150,88,0.06294571929989644
89,2,10,150,88,0.2334685083478665
90,2,10,150,88,0.17313204566143872
91,2,10,150,88,0.07054411138080068
92,2,10,150,88,0.11942017488768149
93,2,10,150,88,0.0
94,2,10,150,88,0.25114205973568565
95,2,10,150,88,0.12485211086506379
96,2,10,150,88,0.2668702981549327
97,2,10,150,88,0.3041395643405481
98,2,10,150,88,0.0
99,2,10,150,88,0.13656436417013992
100,2,10,150,88,0.0
101,2,10,150,88,0.0
102,2,10,150,88,0.05671879843401278
103,2,10,150,88,0.04579340374561851
104,2,10,150,88,0.0
105,2,10,150,88,0.0
106,2,10,150,88,0.0
107,2,10,150,88,0.09995553728965398
108,2,10,150,88,0.04485361187694993
109,2,10,150,88,0.20086438685781322
110,2,10,150,88,0.037578324799282276
111,2,10,150,88,0.09077089626867633
112,2,10,150,88,0.0
113,2,10,150,88,0.178509607681865
114,2,10,150,88,0.02951022367272685
115,2,10,150,88,0.24220379575977083
116,2,10,150,88,0.041610162623197416
117,2,10,150,88,0.053087643823189194
118,2,10,150,88,0.19326159470866278
119,2,10,150,88,0.16560277932443881
120,2,10,150,88,0.40177646466663713
121,2,10,150,88,0.115269333086109
122,2,10,150,88,0.1467899073100297
123,2,10,150,88,0.12990556389377814
124,2,10,150,88,0.18903749859471425
125,2,10,150,88,0.1656817885548098
126,2,10,150,88,0.0
127,2,10,150,88,0.12503310750358904
128,2,10,150,88,0.07117364753699024
129,2,10,150,88,0.0
130,2,10,150,88,0.11043302665459546
131,2,10,150,88,0.36227735599025207
132,2,10,150,88,0.12643913909707097
133,2,10,150,88,0.0
134,2,10,150,88,0.0
135,2,10,150,88,0.0
136,2,10,150,88,0.1949254865702981
137,2,10,150,88,0.1142541952759239
138,2,10,150,88,0.15545471738318148
139,2,10,150,88,0.05165643482805862
140,2,10,150,88,0.0732173666263434
141,2,10,150,88,0.12556328258692692
142,2,10,150,88,0.0
143,2,10,150,88,0.06882065896991112
144,2,10,150,88,0.1778212661301716
145,2,10,150,88,0.1074935252705928
146,2,10,150,88,0.0
147,2,10,150,88,0.06664071636913875
148,2,10,150,88,0.1606863768135813
149,2,10,150,88,0.10486881530019958
150,2,10,150,88,0.0
151,2,10,150,88,0.20411691507122928
152,2,10,150,88,0.09023573428198242
153,2,10,150,88,0.071942683897578
154,2,10,150,88,0.08491065065836505
155,2,10,150,88,0.0
156,2,10,150,88,0.06437746926759551
157,2,10,150,88,0.11756317838740467
158,2,10,150,88,0.17368343162211233
159,2,10,150,88,0.024782300799839303
160,2,10,150,88,0.11705084481334227
161,2,10,150,88,0.0
162,2,10,150,88,0.08299661455725149
163,2,10,150,88,0.0
164,2,10,150,88,0.029649957429587842
165,2,10,150,88,0.0
166,2,10,150,88,0.06175696970122604
167,2,10,150,88,0.040419659112753054
168,2,10,150,88,0.0641665753731138
169,2,10,150,88,0.03870447337439288
170,2,10,150,88,0.0
171,2,10,150,88,0.0
172,2,10,150,88,0.08232325035020067
173,2,10,150,88,0.1448442050067646
174,2,10,150,88,0.2622747997764713
175,2,10,150,88,0.22732566419594713
176,2,10,150,88,0.027651749128023803
177,2,10,150,88,0.3152442026717657
178,2,10,150,88,0.1509306125771355
179,2,10,150,88,0.09299583347145139
180,2,10,150,88,0.11028996034222072
181,2,10,150,88,0.05032936524944531
182,2,10,150,88,0.05005165434923901
183,2,10,150,88,0.0
184,2,10,150,88,0.15639932187667255
185,2,10,150,88,0.0
186,2,10,150,88,0.05478814761334652
187,2,10,150,88,0.16902512893841318
188,2,10,150,88,0.3117075577610628
189,2,10,150,88,0.209805850077053
190,2,10,150,88,0.025938546612492997
191,2,10,150,88,0.0
192,2,10,150,88,0.0
193,2,10,150,88,0.014941492561257172
194,2,10,150,88,0.19240249817644664
195,2,10,150,88,0.04606861224913365
196,2,10,150,88,0.04485361187694993
197,2,10,150,88,0.16261436624219067
198,2,10,150,88,0.028186415745733433
199,2,10,150,88,0.2529427027676571
200,2,10,150,88,0.23903021781429204
201,2,10,150,88,0.13634398375777934
202,2,10,150,88,0.27487633291429087
203,2,10,150,88,0.10238606821339166
204,2,10,150,88,0.08325563768773413
205,2,10,150,88,0.1465996756793884
206,2,10,150,88,0.028694189013458257
207,2,10,150,88,0.09771369441433554
208,2,10,150,88,0.10318619832562911
209,2,10,150,88,0.0
210,2,10,150,88,0.18937175954951105
211,2,10,150,88,0.0
212,2,10,150,88,0.164108698820099
213,2,10,150,88,0.20808658101351607
214,2,10,150,88,0.25168008015410515
215,2,10,150,88,0.11433722369502479
216,2,10,150,88,0.14425650580287722
217,2,10,150,88,0.10298663607405599
218,2,10,150,88,0.1023482199458735
219,2,10,150,88,0.0
220,2,10,150,88,0.0
221,2,10,150,88,0.10144613070733857
222,2,10,150,88,0.07761211457345131
223,2,10,150,88,0.0
224,2,10,150,88,0.029996736818897345
225,2,10,150,88,0.0
226,2,10,150,88,0.12563960057570958
227,2,10,150,88,0.0947812167140767
228,2,10,150,88,0.0
229,2,10,150,88,0.1353749952992483
230,2,10,150,88,0.29885542969810625
231,2,10,150,88,0.3903800499921017
232,2,10,150,88,0.13914352811061104
233,2,10,150,88,0.1669130437229485
234,2,10,150,88,0.21016975310199512
235,2,10,150,88,0.1075070751982482
236,2,10,150,88,0.14277726217629444
237,2,10,150,88,0.27346075713529205
238,2,10,150,88,0.0
239,2,10,150,88,0.1343975457356587
240,2,10,150,88,0.0
241,2,10,150,88,0.0
242,2,10,150,88,0.07673373981757839
243,2,10,150,88,0.2568245236714982
244,2,10,150,88,0.18280294015368334
245,2,10,150,88,0.0
246,2,10,150,88,0.12379877182510346
247,2,10,150,88,0.0
248,2,10,150,88,0.14176813152020928
249,2,10,150,88,0.24045757017325353
250,2,10,150,88,0.08513080051804543
251,2,10,150,88,0.12803494038364374
252,2,10,150,88,0.1904168294848087
253,2,10,150,88,0.204742498386431
254,2,10,150,88,0.27040676448473944
255,2,10,150,88,0.04662184073981129
256,2,10,150,88,0.3096780419854028
257,2,10,150,88,0.10559687561546657
258,2,10,150,88,0.0
259,2,10,150,88,0.0
260,2,10,150,88,0.0
261,2,10,150,88,0.0
262,2,10,150,88,0.1323245238822141
263,2,10,150,88,0.16565508957374153
264,2,10,150,88,0.1226904398782591
265,2,10,150,88,0.08339602711200374
266,2,10,150,88,0.0
267,2,10,150,88,0.15946623251411773
268,2,10,150,88,0.19373103776204662
269,2,10,150,88,0.07991666515634646
270,2,10,150,88,0.13753262202696961
271,2,10,150,88,0.20401896890378474
272,2,10,150,88,0.366296454316556
273,2,10,150,88,0.06267320809766952
274,2,10,150,88,0.05829918151249392
275,2,10,150,88,0.04105877938688906
276,2,10,150,88,0.1966450516820259
277,2,10,150,88,0.0
278,2,10,150,88,0.04305311721683474
279,2,10,150,88,0.197227507239956
280,2,10,150,88,0.0841500632404169
281,2,10,150,88,0.05516788910004661
282,2,10,150,88,0.0
283,2,10,150,88,0.06286054135527182
284,2,10,150,88,0.028031276514167806
285,2,10,150,88,0.15002687789384317
286,2,10,150,88,0.10716987013646836
287,2,10,150,88,0.14933178562928426
288,2,10,150,88,0.18109971158338595
289,2,10,150,88,0.06510475888148554
290,2,10,150,88,0.09449357188080848
291,2,10,150,88,0.17748922691988067
292,2,10,150,88,0.3713936936921286
293,2,10,150,88,0.193910400005791
294,2,10,150,88,0.05942233668176323
295,2,10,150,88,0.21201342709556317
296,2,10,150,88,0.126694253429424
297,2,10,150,88,0.10547809104886068
298,2,10,150,88,0.4252278238676385
299,2,10,150,88,0.05389882485565562
300,2,10,150,88,0.0
301,2,10,150,88,0.12514367933866224
302,2,10,150,88,0.0
303,2,10,150,88,0.33572308284556407
304,2,10,150,88,0.09811693595042764
305,2,10,150,88,0.15377587171217844
306,2,10,150,88,0.07286537763060504
307,2,10,150,88,0.17167816797422253
308,2,10,150,88,0.11501149166318063
309,2,10,150,88,0.0
310,2,10,150,88,0.0
311,2,10,150,88,0.25325295310341156
312,2,10,150,88,0.1975666931997852
313,2,10,150,88,0.22676062260704077
314,2,10,150,88,0.1467839446144342
315,2,10,150,88,0.18129588776381328
316,2,10,150,88,0.22270580084154873
317,2,10,150,88,0.0
318,2,10,150,88,0.13166957165834908
319,2,10,150,88,0.0
320,2,10,150,88,0.04539294738377069
321,2,10,150,88,0.12530728980532893
322,2,10,150,88,0.35190394711189377
323,2,10,150,88,0.028361369701356044
324,2,10,150,88,0.06573619640629956
325,2,10,150,88,0.0811231025632827
326,2,10,150,88,0.14774251547484274
327,2,10,150,88,0.094554206308505
328,2,10,150,88,0.14304127376118922
329,2,10,150,88,0.0
330,2,10,150,88,0.17464041258343582
331,2,10,150,88,0.10096521657790082
332,2,10,150,88,0.20308551734089297
333,2,10,150,88,0.05206745415870339
334,2,10,150,88,0.12148532236078478
335,2,10,150,88,0.0
336,2,10,150,88,0.11501232379588432
337,2,10,150,88,0.10934082156401825
338,2,10,150,88,0.14269909689763496
339,2,10,150,88,0.3016554358783463
340,2,10,150,88,0.17896552649342137
341,2,10,150,88,0.0
342,2,10,150,88,0.27369687527821046
343,2,10,150,88,0.3148697991467657
344,2,10,150,88,0.1523980172868318
345,2,10,150,88,0.10686772084589051
346,2,10,150,88,0.2102586943425689
347,2,10,150,88,0.20485510809551669
348,2,10,150,88,0.0
349,2,10,150,88,0.163169180413793
350,2,10,150,88,0.18939048055890495
351,2,10,150,88,0.1610216634970071
352,2,10,150,88,0.3057524544183157
353,2,10,150,88,0.0
354,2,10,150,88,0.08982081782386522
355,2,10,150,88,0.0
356,2,10,150,88,0.10061931714936387
357,2,10,150,88,0.14019634392566574
358,2,10,150,88,0.0
359,2,10,150,88,0.0
360,2,10,150,88,0.22728151171982378
361,2,10,150,88,0.12786031464335298
362,2,10,150,88,0.04690797720830594
363,2,10,150,88,0.1805208943340773
364,2,10,150,88,0.0
365,2,10,150,88,0.0
366,2,10,150,88,0.09184114803951915
367,2,10,150,88,0.05534563970541805
368,2,10,150,88,0.06788053752288492
369,2,10,150,88,0.21386152848601384
370,2,10,150,88,0.0957000625269241
371,2,10,150,88,0.1597357002967986
372,2,10,150,88,0.11359189468068477
373,2,10,150,88,0.10496983264762118
374,2,10,150,88,0.15210191594223785
375,2,10,150,88,0.1676614286651071
376,2,10,150,88,0.07216815292900357
377,2,10,150,88,0.34749036439127307
378,2,10,150,88,0.042748073331544664
379,2,10,150,88,0.2300230636638564
380,2,10,150,88,0.0812452274813011
381,2,10,150,88,0.14660694539581717
382,2,10,150,88,0.14582500956521116
383,2,10,150,88,0.11602383318046731
384,2,10,150,88,0.0
385,2,10,150,88,0.13201023783958457
386,2,10,150,88,0.0
387,2,10,150,88,0.1552290373103956
388,2,10,150,88,0.03275673003454543
389,2,10,150,88,0.23486014126558652
390,2,10,150,88,0.10466779365752882
391,2,10,150,88,0.18344326580289438
392,2,10,150,88,0.16777779742497645
393,2,10,150,88,0.1387836176798921
394,2,10,150,88,0.2428956376202687
395,2,10,150,88,0.17280189068434965
396,2,10,150,88,0.08006506288147622
397,2,10,150,88,0.25466027584626727
398,2,10,150,88,0.12633080592181342
399,2,10,150,88,0.050221770246320026
400,2,10,150,88,0.0
401,2,10,150,88,0.0
402,2,10,150,88,0.1798991830195577
403,2,10,150,88,0.23561122801255002
404,2,10,150,88,0.0
405,2,10,150,88,0.22780138451486773
406,2,10,150,88,0.20972390841888844
407,2,10,150,88,0.07993536200729971
408,2,10,150,88,0.08490303813485527
409,2,10,150,88,0.1854414927009712
410,2,10,150,88,0.1510508871592243
411,2,10,150,88,0.13359023741301432
412,2,10,150,88,0.0647690283301182
413,2,10,150,88,0.19475935863737628
414,2,10,150,88,0.04690797720830594
415,2,10,150,88,0.15582818336744758
416,2,10,150,88,0.4765008799839011
417,2,10,150,88,0.2236063244165641
418,2,10,150,88,0.05130633033097092
419,2,10,150,88,0.13043508853971056
420,2,10,150,88,0.1979106713561055
421,2,10,150,88,0.3102692669240346
422,2,10,150,88,0.0654076987556055
423,2,10,150,88,0.0
424,2,10,150,88,0.039270700903099615
425,2,10,150,88,0.05918758534710343
426,2,10,150,88,0.03206656709567107
427,2,10,150,88,0.0
428,2,10,150,88,0.09545062073374358
429,2,10,150,88,0.2220034063915566
430,2,10,150,88,0.1910356879389014
431,2,10,150,88,0.0
432,2,10,150,88,0.13181508781832452
433,2,10,150,88,0.10047622221317463
434,2,10,150,88,0.21435951014939544
435,2,10,150,88,0.26560731216052325
436,2,10,150,88,0.08073573433990566
437,2,10,150,88,0.24676153762334796
438,2,10,150,88,0.11342455428465782
439,2,10,150,88,0.0
440,2,10,150,88,0.056388463063434605
441,2,10,150,88,0.2078055819841487
442,2,10,150,88,0.04062732041938225
443,2,10,150,88,0.0
444,2,10,150,88,0.0796221118108625
445,2,10,150,88,0.06656553044254701
446,2,10,150,88,0.15440950258541247
447,2,10,150,88,0.06755943234053442
448,2,10,150,88,0.049326153683410964
449,2,10,150,88,0.1400796026466503
450,2,10,150,88,0.49746115921574224
451,2,10,150,88,0.05163551141839463
452,2,10,150,88,0.20804344255167403
453,2,10,150,88,0.1276455002088498
454,2,10,150,88,0.0
455,2,10,150,88,0.17049888777345573
456,2,10,150,88,0.0953575461600789
457,2,10,150,88,0.42461276939998127
458,2,10,150,88,0.2537193820456369
459,2,10,150,88,0.2127188263052183
460,2,10,150,88,0.07041837375515932
461,2,10,150,88,0.06961399513856609
462,2,10,150,88,0.18564976427020158
463,2,10,150,88,0.21881515471619958
464,2,10,150,88,0.06726768733602535
465,2,10,150,88,0.10783006935442738
466,2,10,150,88,0.12816210679182038
467,2,10,150,88,0.09300532025926726
468,2,10,150,88,0.2504459841080331
469,2,10,150,88,0.07770822948326245
470,2,10,150,88,0.04760723841253984
471,2,10,150,88,0.0
472,2,10,150,88,0.2254601163610462
473,2,10,150,88,0.2622744659873325
474,2,10,150,88,0.41780477604840727
475,2,10,150,88,0.07311683844390994
476,2,10,150,88,0.037130087375373766
477,2,10,150,88,0.10705212034121535
478,2,10,150,88,0.1437068872495116
479,2,10,150,88,0.19505036770562775
480,2,10,150,88,0.15920120556239784
481,2,10,150,88,0.12113079634450404
482,2,10,150,88,0.04290887548434951
483,2,10,150,88,0.044584249489688726
484,2,10,150,88,0.21280961292893452
485,2,10,150,88,0.036556008482007775
486,2,10,150,88,0.02801058107494064
487,2,10,150,88,0.2760205478728639
488,2,10,150,88,0.0
489,2,10,150,88,0.05292755537509761
490,2,10,150,88,0.11630686983226163
491,2,10,150,88,0.03859643636257609
492,2,10,150,88,0.1338895448360617
493,2,10,150,88,0.24890140394558746
494,2,10,150,88,0.10841985052222541
495,2,10,150,88,0.1996749531533383
496,2,10,150,88,0.023205371908120297
497,2,10,150,88,0.19727324713757863
498,2,10,150,88,0.07358364093338247
499,2,10,150,88,0.10804037134297641
500,2,10,150,88,0.1269367170820642
501,2,10,150,88,0.02184231145035861
502,2,10,150,88,0.06689893193796337
503,2,10,150,88,0.22411495208512985
504,2,10,150,88,0.11106007310159438
505,2,10,150,88,0.05688647497208646
506,2,10,150,88,0.12537835003090342
507,2,10,150,88,0.04255090034092519
508,2,10,150,88,0.20345924618307185
509,2,10,150,88,0.031611854308622345
510,2,10,150,88,0.0
511,2,10,150,88,0.0
512,2,10,150,88,0.08364069030518707
513,2,10,150,88,0.11506360809154491
514,2,10,150,88,0.16578726587197626
515,2,10,150,88,0.034743705427429224
516,2,10,150,88,0.1340330647732781
517,2,10,150,88,0.07931777113368761
518,2,10,150,88,0.14341019153063672
519,2,10,150,88,0.10560636946921488
520,2,10,150,88,0.0
521,2,10,150,88,0.013100052175929421
522,2,10,150,88,0.0559167101555819
523,2,10,150,88,0.2344066446478321
524,2,10,150,88,0.12139532738996409
525,2,10,150,88,0.02228065271804083
526,2,10,150,88,0.02505758835695044
527,2,10,150,88,0.35360031514866236
528,2,10,150,88,0.2269962474823218
529,2,10,150,88,0.0
530,2,10,150,88,0.05554513395194445
531,2,10,150,88,0.0
532,2,10,150,88,0.11109121821935723
533,2,10,150,88,0.027015366005533028
534,2,10,150,88,0.024909303741335254
535,2,10,150,88,0.20139880789960526
536,2,10,150,88,0.16340884055250954
537,2,10,150,88,0.419172704661147
538,2,10,150,88,0.06986755390827007
539,2,10,150,88,0.09953437200841515
540,2,10,150,88,0.0
541,2,10,150,88,0.08397287070222587
542,2,10,150,88,0.07797598981103891
543,2,10,150,88,0.10790426026012695
544,2,10,150,88,0.0
545,2,10,150,88,0.060216826583478454
546,2,10,150,88,0.08187211419398947
547,2,10,150,88,0.04855455745827926
548,2,10,150,88,0.09589255277111255
549,2,10,150,88,0.0
550,2,10,150,88,0.09688698360286704
551,2,10,150,88,0.2291545019981055
552,2,10,150,88,0.048059443651065493
553,2,10,150,88,0.2433089897781848
554,2,10,150,88,0.1061717592653675
555,2,10,150,88,0.09809088686968297
556,2,10,150,88,0.16258997327839542
557,2,10,150,88,0.04470486007704452
558,2,10,150,88,0.265053101293003
559,2,10,150,88,0.1306794248970741
560,2,10,150,88,0.046716390531725466
561,2,10,150,88,0.14543186342305003
562,2,10,150,88,0.07720150835011791
563,2,10,150,88,0.0
564,2,10,150,88,0.0
565,2,10,150,88,0.28663011782160785
566,2,10,150,88,0.049763902181020156
567,2,10,150,88,0.10828657397486113
568,2,10,150,88,0.0
569,2,10,150,88,0.17563954439010937
570,2,10,150,88,0.0
571,2,10,150,88,0.16104477175644444
572,2,10,150,88,0.0
573,2,10,150,88,0.03246641181906899
574,2,10,150,88,0.05058854055353143
575,2,10,150,88,0.05154847002173459
576,2,10,150,88,0.0
577,2,10,150,88,0.0784247757209491
578,2,10,150,88,0.0
579,2,10,150,88,0.08297540479108526
580,2,10,150,88,0.21602760439924668
581,2,10,150,88,0.0
582,2,10,150,88,0.0437514209980628
583,2,10,150,88,0.08356526807460651
584,2,10,150,88,0.09591939076437811
585,2,10,150,88,0.08668163308546498
586,2,10,150,88,0.10132509239867551
587,2,10,150,88,0.03459392809572638
588,2,10,150,88,0.053821119735696775
589,2,10,150,88,0.13061191070808464
590,2,10,150,88,0.06139304560474655
591,2,10,150,88,0.0
592,2,10,150,88,0.3162895979196809
593,2,10,150,88,0.04586709436300111
594,2,10,150,88,0.0
595,2,10,150,88,0.0
596,2,10,150,88,0.0
597,2,10,150,88,0.0
598,2,10,150,88,0.0
599,2,10,150,88,0.0
600,2,10,150,88,0.024325165853816375
601,2,10,150,88,0.03369782041898502
602,2,10,150,88,0.0
603,2,10,150,88,0.1435203717549576
604,2,10,150,88,0.0
605,2,10,150,88,0.2645541144793553
606,2,10,150,88,0.24870693244846395
607,2,10,150,88,0.08440880858250024
608,2,10,150,88,0.2297355802772357
609,2,10,150,88,0.0
610,2,10,150,88,0.1629867900167321
611,2,10,150,88,0.08045389590462838
612,2,10,150,88,0.15130120674940672
613,2,10,150,88,0.0
614,2,10,150,88,0.08861505596859857
615,2,10,150,88,0.1479554402409639
616,2,10,150,88,0.0
617,2,10,150,88,0.044257815106106525
618,2,10,150,88,0.18766481803906507
619,2,10,150,88,0.09637551974188778
620,2,10,150,88,0.08396948777462541
621,2,10,150,88,0.07911675782853725
622,2,10,150,88,0.12980296240199146
623,2,10,150,88,0.0
624,2,10,150,88,0.08175619017377453
625,2,10,150,88,0.0
626,2,10,150,88,0.0
627,2,10,150,88,0.0
628,2,10,150,88,0.0
629,2,10,150,88,0.2466228630593721
630,2,10,150,88,0.0
631,2,10,150,88,0.16868725245403154
632,2,10,150,88,0.13439570003165963
633,2,10,150,88,0.07667481399289292
634,2,10,150,88,0.030975021478781034
635,2,10,150,88,0.0
636,2,10,150,88,0.0
637,2,10,150,88,0.0
638,2,10,150,88,0.0
639,2,10,150,88,0.0
640,2,10,150,88,0.07887611601996505
642,2,10,150,88,0.1329152156038286
643,2,10,150,88,0.0
644,2,10,150,88,0.0
645,2,10,150,88,0.09759501249802542
647,2,10,150,88,0.0
648,2,10,150,88,0.21223061777480637
649,2,10,150,88,1.0
650,2,10,150,88,0.0
651,2,10,150,88,0.0
653,2,10,150,88,0.040484256935344326
654,2,10,150,88,0.058087171966128066
655,2,10,150,88,0.1960260054527925
658,2,10,150,88,0.0
1,2,10,150,89,0.5343723497595074
2,2,10,150,89,0.2268511698743587
3,2,10,150,89,0.03098598178059488
4,2,10,150,89,0.06166887310869151
5,2,10,150,89,0.12620564628865164
6,2,10,150,89,0.17961772474519622
7,2,10,150,89,0.25862873123621666
8,2,10,150,89,0.06653535276206901
9,2,10,150,89,0.0
10,2,10,150,89,0.2043831529067321
11,2,10,150,89,0.10464473261331256
12,2,10,150,89,0.10103399773096396
13,2,10,150,89,0.40156716250608315
14,2,10,150,89,0.15461807617997098
15,2,10,150,89,0.01616702920033762
16,2,10,150,89,0.2662844928132153
17,2,10,150,89,0.10312948447052589
18,2,10,150,89,0.23320698377027307
19,2,10,150,89,0.0
20,2,10,150,89,0.06057715324397481
21,2,10,150,89,0.012720674487092647
22,2,10,150,89,0.05035691655673683
23,2,10,150,89,0.22807475621810358
24,2,10,150,89,0.12818798445247553
25,2,10,150,89,0.03078223202175778
26,2,10,150,89,0.1475005395151273
27,2,10,150,89,0.0
28,2,10,150,89,0.16080076733974918
29,2,10,150,89,0.0
30,2,10,150,89,0.0
31,2,10,150,89,0.08090642992710743
32,2,10,150,89,0.14779014095437779
33,2,10,150,89,0.0
34,2,10,150,89,0.07239559903187814
35,2,10,150,89,0.0
36,2,10,150,89,0.0
37,2,10,150,89,0.0
38,2,10,150,89,0.12297908439989445
39,2,10,150,89,0.15820890896021753
40,2,10,150,89,0.2212397779175911
41,2,10,150,89,0.0
42,2,10,150,89,0.20130152528989256
43,2,10,150,89,0.10840884994756145
44,2,10,150,89,0.1565413821318793
45,2,10,150,89,0.0
46,2,10,150,89,0.10684080426179023
47,2,10,150,89,0.11437926488327832
48,2,10,150,89,0.16438571914394637
49,2,10,150,89,0.05920283200708927
50,2,10,150,89,0.046726672111120165
51,2,10,150,89,0.07984133538066794
52,2,10,150,89,0.05244652348163508
53,2,10,150,89,0.12810519548676028
54,2,10,150,89,0.12069558652333642
55,2,10,150,89,0.0
56,2,10,150,89,0.22047893971599028
57,2,10,150,89,0.0524456916588361
58,2,10,150,89,0.16366022196121796
59,2,10,150,89,0.29938936470602057
60,2,10,150,89,0.2158570564681132
61,2,10,150,89,0.06416923277158361
62,2,10,150,89,0.18160332589227857
63,2,10,150,89,0.0763437499438357
64,2,10,150,89,0.04583023181159601
65,2,10,150,89,0.18154179097601578
66,2,10,150,89,0.12995427111679475
67,2,10,150,89,0.24630238874073
68,2,10,150,89,0.04358896759704514
69,2,10,150,89,0.19699902273515738
70,2,10,150,89,0.06577317760289236
71,2,10,150,89,0.08190066039082215
72,2,10,150,89,0.28907547922366217
73,2,10,150,89,0.28969967958004655
74,2,10,150,89,0.17342765698823945
75,2,10,150,89,0.16021137204676433
76,2,10,150,89,0.23191508057904175
77,2,10,150,89,0.15029758260072817
78,2,10,150,89,0.0
79,2,10,150,89,0.11837298765331451
80,2,10,150,89,0.1744476820873323
81,2,10,150,89,0.02668972877827465
82,2,10,150,89,0.06437887178128218
83,2,10,150,89,0.046841820324159865
84,2,10,150,89,0.029136604147144557
85,2,10,150,89,0.18442983312439273
86,2,10,150,89,0.07028063830038406
87,2,10,150,89,0.20523162803222705
88,2,10,150,89,0.06294571929989644
89,2,10,150,89,0.2334685083478665
90,2,10,150,89,0.17313204566143872
91,2,10,150,89,0.07054411138080068
92,2,10,150,89,0.11942017488768149
93,2,10,150,89,0.0
94,2,10,150,89,0.24913427980347297
95,2,10,150,89,0.12485211086506379
96,2,10,150,89,0.2668702981549327
97,2,10,150,89,0.3041395643405481
98,2,10,150,89,0.0
99,2,10,150,89,0.13656436417013992
100,2,10,150,89,0.0
101,2,10,150,89,0.0
102,2,10,150,89,0.05671879843401278
103,2,10,150,89,0.04579340374561851
104,2,10,150,89,0.0
105,2,10,150,89,0.0
106,2,10,150,89,0.0
107,2,10,150,89,0.09995553728965398
108,2,10,150,89,0.04485361187694993
109,2,10,150,89,0.20086438685781322
110,2,10,150,89,0.037578324799282276
111,2,10,150,89,0.09077089626867633
112,2,10,150,89,0.0
113,2,10,150,89,0.178509607681865
114,2,10,150,89,0.02951022367272685
115,2,10,150,89,0.24220379575977083
116,2,10,150,89,0.041610162623197416
117,2,10,150,89,0.07736180228640575
118,2,10,150,89,0.19326159470866278
119,2,10,150,89,0.16560277932443881
120,2,10,150,89,0.40177646466663713
121,2,10,150,89,0.115269333086109
122,2,10,150,89,0.1467899073100297
123,2,10,150,89,0.12990556389377814
124,2,10,150,89,0.18903749859471425
125,2,10,150,89,0.1656817885548098
126,2,10,150,89,0.0
127,2,10,150,89,0.12503310750358904
128,2,10,150,89,0.07117364753699024
129,2,10,150,89,0.0
130,2,10,150,89,0.11043302665459546
131,2,10,150,89,0.36227735599025207
132,2,10,150,89,0.12643913909707097
133,2,10,150,89,0.0
134,2,10,150,89,0.0
135,2,10,150,89,0.0
136,2,10,150,89,0.1949254865702981
137,2,10,150,89,0.1142541952759239
138,2,10,150,89,0.15545471738318148
139,2,10,150,89,0.05165643482805862
140,2,10,150,89,0.0732173666263434
141,2,10,150,89,0.12556328258692692
142,2,10,150,89,0.0
143,2,10,150,89,0.06882065896991112
144,2,10,150,89,0.1778212661301716
145,2,10,150,89,0.1074935252705928
146,2,10,150,89,0.0
147,2,10,150,89,0.06664071636913875
148,2,10,150,89,0.1606863768135813
149,2,10,150,89,0.10486881530019958
150,2,10,150,89,0.0
151,2,10,150,89,0.20411691507122928
152,2,10,150,89,0.09023573428198242
153,2,10,150,89,0.071942683897578
154,2,10,150,89,0.08491065065836505
155,2,10,150,89,0.0
156,2,10,150,89,0.06437746926759551
157,2,10,150,89,0.11756317838740467
158,2,10,150,89,0.17368343162211233
159,2,10,150,89,0.024782300799839303
160,2,10,150,89,0.11705084481334227
161,2,10,150,89,0.0
162,2,10,150,89,0.08299661455725149
163,2,10,150,89,0.0
164,2,10,150,89,0.029649957429587842
165,2,10,150,89,0.0
166,2,10,150,89,0.06175696970122604
167,2,10,150,89,0.040419659112753054
168,2,10,150,89,0.0641665753731138
169,2,10,150,89,0.03870447337439288
170,2,10,150,89,0.0
171,2,10,150,89,0.0
172,2,10,150,89,0.08232325035020067
173,2,10,150,89,0.1448442050067646
174,2,10,150,89,0.2622747997764713
175,2,10,150,89,0.22732566419594713
176,2,10,150,89,0.027651749128023803
177,2,10,150,89,0.3152442026717657
178,2,10,150,89,0.1509306125771355
179,2,10,150,89,0.09299583347145139
180,2,10,150,89,0.11028996034222072
181,2,10,150,89,0.049927002181884304
182,2,10,150,89,0.05005165434923901
183,2,10,150,89,0.0
184,2,10,150,89,0.15639932187667255
185,2,10,150,89,0.0
186,2,10,150,89,0.05478814761334652
187,2,10,150,89,0.16902512893841318
188,2,10,150,89,0.3311593625994619
189,2,10,150,89,0.209805850077053
190,2,10,150,89,0.025938546612492997
191,2,10,150,89,0.0
192,2,10,150,89,0.0
193,2,10,150,89,0.014941492561257172
194,2,10,150,89,0.19240249817644664
195,2,10,150,89,0.04606861224913365
196,2,10,150,89,0.04485361187694993
197,2,10,150,89,0.16261436624219067
198,2,10,150,89,0.028186415745733433
199,2,10,150,89,0.2529427027676571
200,2,10,150,89,0.23903021781429204
201,2,10,150,89,0.13525396835074274
202,2,10,150,89,0.27487633291429087
203,2,10,150,89,0.10238606821339166
204,2,10,150,89,0.08325563768773413
205,2,10,150,89,0.1465996756793884
206,2,10,150,89,0.028694189013458257
207,2,10,150,89,0.09771369441433554
208,2,10,150,89,0.10318619832562911
209,2,10,150,89,0.0
210,2,10,150,89,0.18937175954951105
211,2,10,150,89,0.0
212,2,10,150,89,0.164108698820099
213,2,10,150,89,0.20808658101351607
214,2,10,150,89,0.25168008015410515
215,2,10,150,89,0.11433722369502479
216,2,10,150,89,0.14425650580287722
217,2,10,150,89,0.10298663607405599
218,2,10,150,89,0.1023482199458735
219,2,10,150,89,0.0
220,2,10,150,89,0.0
221,2,10,150,89,0.10144613070733857
222,2,10,150,89,0.07761211457345131
223,2,10,150,89,0.0
224,2,10,150,89,0.029996736818897345
225,2,10,150,89,0.0
226,2,10,150,89,0.12563960057570958
227,2,10,150,89,0.0947812167140767
228,2,10,150,89,0.0
229,2,10,150,89,0.1353749952992483
230,2,10,150,89,0.29885542969810625
231,2,10,150,89,0.3903800499921017
232,2,10,150,89,0.13914352811061104
233,2,10,150,89,0.18372665059394241
234,2,10,150,89,0.21648412880332282
235,2,10,150,89,0.1075070751982482
236,2,10,150,89,0.14277726217629444
237,2,10,150,89,0.27346075713529205
238,2,10,150,89,0.0
239,2,10,150,89,0.1343975457356587
240,2,10,150,89,0.0
241,2,10,150,89,0.0
242,2,10,150,89,0.07673373981757839
243,2,10,150,89,0.2568245236714982
244,2,10,150,89,0.18280294015368334
245,2,10,150,89,0.0
246,2,10,150,89,0.12379877182510346
247,2,10,150,89,0.0
248,2,10,150,89,0.14176813152020928
249,2,10,150,89,0.25273723061556136
250,2,10,150,89,0.08513080051804543
251,2,10,150,89,0.12803494038364374
252,2,10,150,89,0.1904168294848087
253,2,10,150,89,0.204742498386431
254,2,10,150,89,0.27040676448473944
255,2,10,150,89,0.04662184073981129
256,2,10,150,89,0.32115508605000925
257,2,10,150,89,0.10559687561546657
258,2,10,150,89,0.0
259,2,10,150,89,0.0
260,2,10,150,89,0.0
261,2,10,150,89,0.0
262,2,10,150,89,0.1323245238822141
263,2,10,150,89,0.16565508957374153
264,2,10,150,89,0.1226904398782591
265,2,10,150,89,0.08339602711200374
266,2,10,150,89,0.0
267,2,10,150,89,0.15946623251411773
268,2,10,150,89,0.19373103776204662
269,2,10,150,89,0.07991666515634646
270,2,10,150,89,0.13753262202696961
271,2,10,150,89,0.20401896890378474
272,2,10,150,89,0.366296454316556
273,2,10,150,89,0.06267320809766952
274,2,10,150,89,0.05829918151249392
275,2,10,150,89,0.04105877938688906
276,2,10,150,89,0.19507295344825484
277,2,10,150,89,0.0
278,2,10,150,89,0.04305311721683474
279,2,10,150,89,0.19565075250785943
280,2,10,150,89,0.0841500632404169
281,2,10,150,89,0.05516788910004661
282,2,10,150,89,0.0
283,2,10,150,89,0.06286054135527182
284,2,10,150,89,0.028031276514167806
285,2,10,150,89,0.15002687789384317
286,2,10,150,89,0.10716987013646836
287,2,10,150,89,0.14933178562928426
288,2,10,150,89,0.18109971158338595
289,2,10,150,89,0.06510475888148554
290,2,10,150,89,0.09449357188080848
291,2,10,150,89,0.17748922691988067
292,2,10,150,89,0.3713936936921286
293,2,10,150,89,0.20035476270687363
294,2,10,150,89,0.05942233668176323
295,2,10,150,89,0.21201342709556317
296,2,10,150,89,0.126694253429424
297,2,10,150,89,0.10547809104886068
298,2,10,150,89,0.4252278238676385
299,2,10,150,89,0.05389882485565562
300,2,10,150,89,0.0
301,2,10,150,89,0.12514367933866224
302,2,10,150,89,0.0
303,2,10,150,89,0.3330391115934874
304,2,10,150,89,0.09811693595042764
305,2,10,150,89,0.15377587171217844
306,2,10,150,89,0.07286537763060504
307,2,10,150,89,0.17167816797422253
308,2,10,150,89,0.11409202096528873
309,2,10,150,89,0.0
310,2,10,150,89,0.0
311,2,10,150,89,0.25325295310341156
312,2,10,150,89,0.1975666931997852
313,2,10,150,89,0.22676062260704077
314,2,10,150,89,0.1467839446144342
315,2,10,150,89,0.18129588776381328
316,2,10,150,89,0.22270580084154873
317,2,10,150,89,0.0
318,2,10,150,89,0.13166957165834908
319,2,10,150,89,0.0
320,2,10,150,89,0.04539294738377069
321,2,10,150,89,0.12530728980532893
322,2,10,150,89,0.35190394711189377
323,2,10,150,89,0.028361369701356044
324,2,10,150,89,0.06573619640629956
325,2,10,150,89,0.0811231025632827
326,2,10,150,89,0.14774251547484274
327,2,10,150,89,0.094554206308505
328,2,10,150,89,0.14304127376118922
329,2,10,150,89,0.0
330,2,10,150,89,0.17464041258343582
331,2,10,150,89,0.10096521657790082
332,2,10,150,89,0.20308551734089297
333,2,10,150,89,0.05206745415870339
334,2,10,150,89,0.12850869447844077
335,2,10,150,89,0.0
336,2,10,150,89,0.11501232379588432
337,2,10,150,89,0.10934082156401825
338,2,10,150,89,0.14269909689763496
339,2,10,150,89,0.3016554358783463
340,2,10,150,89,0.17896552649342137
341,2,10,150,89,0.0
342,2,10,150,89,0.27369687527821046
343,2,10,150,89,0.3148697991467657
344,2,10,150,89,0.1523980172868318
345,2,10,150,89,0.10686772084589051
346,2,10,150,89,0.2102586943425689
347,2,10,150,89,0.20485510809551669
348,2,10,150,89,0.0
349,2,10,150,89,0.163169180413793
350,2,10,150,89,0.18939048055890495
351,2,10,150,89,0.1610216634970071
352,2,10,150,89,0.3057524544183157
353,2,10,150,89,0.0
354,2,10,150,89,0.08982081782386522
355,2,10,150,89,0.0
356,2,10,150,89,0.10061931714936387
357,2,10,150,89,0.14019634392566574
358,2,10,150,89,0.0
359,2,10,150,89,0.0
360,2,10,150,89,0.22728151171982378
361,2,10,150,89,0.12786031464335298
362,2,10,150,89,0.04690797720830594
363,2,10,150,89,0.17907770226433598
364,2,10,150,89,0.0
365,2,10,150,89,0.0
366,2,10,150,89,0.09184114803951915
367,2,10,150,89,0.05534563970541805
368,2,10,150,89,0.06788053752288492
369,2,10,150,89,0.21386152848601384
370,2,10,150,89,0.0957000625269241
371,2,10,150,89,0.1597357002967986
372,2,10,150,89,0.11359189468068477
373,2,10,150,89,0.10496983264762118
374,2,10,150,89,0.15210191594223785
375,2,10,150,89,0.1676614286651071
376,2,10,150,89,0.07216815292900357
377,2,10,150,89,0.34749036439127307
378,2,10,150,89,0.042406319648923115
379,2,10,150,89,0.2300230636638564
380,2,10,150,89,0.0812452274813011
381,2,10,150,89,0.14660694539581717
382,2,10,150,89,0.14582500956521116
383,2,10,150,89,0.11602383318046731
384,2,10,150,89,0.0
385,2,10,150,89,0.13095486899113323
386,2,10,150,89,0.0
387,2,10,150,89,0.15398804348269302
388,2,10,150,89,0.03275673003454543
389,2,10,150,89,0.23486014126558652
390,2,10,150,89,0.10466779365752882
391,2,10,150,89,0.18344326580289438
392,2,10,150,89,0.16777779742497645
393,2,10,150,89,0.1376740983791791
394,2,10,150,89,0.2428956376202687
395,2,10,150,89,0.17280189068434965
396,2,10,150,89,0.08006506288147622
397,2,10,150,89,0.25466027584626727
398,2,10,150,89,0.12633080592181342
399,2,10,150,89,0.049820267357608826
400,2,10,150,89,0.0
401,2,10,150,89,0.0
402,2,10,150,89,0.1798991830195577
403,2,10,150,89,0.23561122801255002
404,2,10,150,89,0.0
405,2,10,150,89,0.22598020390959364
406,2,10,150,89,0.2080472499767628
407,2,10,150,89,0.08840773311911526
408,2,10,150,89,0.08490303813485527
409,2,10,150,89,0.1854414927009712
410,2,10,150,89,0.1510508871592243
411,2,10,150,89,0.13359023741301432
412,2,10,150,89,0.0647690283301182
413,2,10,150,89,0.19475935863737628
414,2,10,150,89,0.0858710743416444
415,2,10,150,89,0.15582818336744758
416,2,10,150,89,0.4726914467670188
417,2,10,150,89,0.22181868163242863
418,2,10,150,89,0.05130633033097092
419,2,10,150,89,0.13043508853971056
420,2,10,150,89,0.1979106713561055
421,2,10,150,89,0.3102692669240346
422,2,10,150,89,0.0654076987556055
423,2,10,150,89,0.0
424,2,10,150,89,0.039270700903099615
425,2,10,150,89,0.05918758534710343
426,2,10,150,89,0.03206656709567107
427,2,10,150,89,0.0
428,2,10,150,89,0.09545062073374358
429,2,10,150,89,0.22022857829344775
430,2,10,150,89,0.1910356879389014
431,2,10,150,89,0.0
432,2,10,150,89,0.13181508781832452
433,2,10,150,89,0.10047622221317463
434,2,10,150,89,0.21435951014939544
435,2,10,150,89,0.2634838883430786
436,2,10,150,89,0.08073573433990566
437,2,10,150,89,0.24478877820661174
438,2,10,150,89,0.11342455428465782
439,2,10,150,89,0.0
440,2,10,150,89,0.056388463063434605
441,2,10,150,89,0.2078055819841487
442,2,10,150,89,0.04062732041938225
443,2,10,150,89,0.0
444,2,10,150,89,0.0796221118108625
445,2,10,150,89,0.06656553044254701
446,2,10,150,89,0.15440950258541247
447,2,10,150,89,0.06755943234053442
448,2,10,150,89,0.049326153683410964
449,2,10,150,89,0.1400796026466503
450,2,10,150,89,0.5014787554747917
451,2,10,150,89,0.05163551141839463
452,2,10,150,89,0.20804344255167403
453,2,10,150,89,0.1276455002088498
454,2,10,150,89,0.0
455,2,10,150,89,0.1691358176222576
456,2,10,150,89,0.0945952008652814
457,2,10,150,89,0.4212181607937614
458,2,10,150,89,0.2537193820456369
459,2,10,150,89,0.22350678403150168
460,2,10,150,89,0.07041837375515932
461,2,10,150,89,0.06961399513856609
462,2,10,150,89,0.18564976427020158
463,2,10,150,89,0.21881515471619958
464,2,10,150,89,0.06726768733602535
465,2,10,150,89,0.10783006935442738
466,2,10,150,89,0.12816210679182038
467,2,10,150,89,0.09300532025926726
468,2,10,150,89,0.2504459841080331
469,2,10,150,89,0.07770822948326245
470,2,10,150,89,0.04760723841253984
471,2,10,150,89,0.0
472,2,10,150,89,0.23165225174731052
473,2,10,150,89,0.2622744659873325
474,2,10,150,89,0.422459193108259
475,2,10,150,89,0.07311683844390994
476,2,10,150,89,0.037130087375373766
477,2,10,150,89,0.10705212034121535
478,2,10,150,89,0.1437068872495116
479,2,10,150,89,0.1934910183299707
480,2,10,150,89,0.15920120556239784
481,2,10,150,89,0.12113079634450404
482,2,10,150,89,0.04290887548434951
483,2,10,150,89,0.044584249489688726
484,2,10,150,89,0.21280961292893452
485,2,10,150,89,0.036556008482007775
486,2,10,150,89,0.02801058107494064
487,2,10,150,89,0.2738138744168894
488,2,10,150,89,0.0
489,2,10,150,89,0.06575659844428973
490,2,10,150,89,0.11630686983226163
491,2,10,150,89,0.03859643636257609
492,2,10,150,89,0.1338895448360617
493,2,10,150,89,0.24890140394558746
494,2,10,150,89,0.10841985052222541
495,2,10,150,89,0.1996749531533383
496,2,10,150,89,0.023205371908120297
497,2,10,150,89,0.1956961267333655
498,2,10,150,89,0.07358364093338247
499,2,10,150,89,0.12294249913272905
500,2,10,150,89,0.12592190899501354
501,2,10,150,89,0.02184231145035861
502,2,10,150,89,0.06689893193796337
503,2,10,150,89,0.22411495208512985
504,2,10,150,89,0.1101721924085789
505,2,10,150,89,0.05688647497208646
506,2,10,150,89,0.12437600046273103
507,2,10,150,89,0.04255090034092519
508,2,10,150,89,0.20345924618307185
509,2,10,150,89,0.031611854308622345
510,2,10,150,89,0.0
511,2,10,150,89,0.0
512,2,10,150,89,0.08364069030518707
513,2,10,150,89,0.11506360809154491
514,2,10,150,89,0.16578726587197626
515,2,10,150,89,0.034743705427429224
516,2,10,150,89,0.1340330647732781
517,2,10,150,89,0.07931777113368761
518,2,10,150,89,0.14341019153063672
519,2,10,150,89,0.10560636946921488
520,2,10,150,89,0.0
521,2,10,150,89,0.013100052175929421
522,2,10,150,89,0.0559167101555819
523,2,10,150,89,0.2344066446478321
524,2,10,150,89,0.12139532738996409
525,2,10,150,89,0.02228065271804083
526,2,10,150,89,0.02505758835695044
527,2,10,150,89,0.35360031514866236
528,2,10,150,89,0.2269962474823218
529,2,10,150,89,0.0
530,2,10,150,89,0.05554513395194445
531,2,10,150,89,0.0
532,2,10,150,89,0.11020308853363024
533,2,10,150,89,0.02679938900118586
534,2,10,150,89,0.024909303741335254
535,2,10,150,89,0.20139880789960526
536,2,10,150,89,0.16340884055250954
537,2,10,150,89,0.4158215871882883
538,2,10,150,89,0.06986755390827007
539,2,10,150,89,0.09953437200841515
540,2,10,150,89,0.0
541,2,10,150,89,0.08397287070222587
542,2,10,150,89,0.07797598981103891
543,2,10,150,89,0.11938130432473343
544,2,10,150,89,0.0
545,2,10,150,89,0.060216826583478454
546,2,10,150,89,0.08187211419398947
547,2,10,150,89,0.04855455745827926
548,2,10,150,89,0.09589255277111255
549,2,10,150,89,0.0
550,2,10,150,89,0.09688698360286704
551,2,10,150,89,0.2273225037618395
552,2,10,150,89,0.048059443651065493
553,2,10,150,89,0.2433089897781848
554,2,10,150,89,0.1061717592653675
555,2,10,150,89,0.09809088686968297
556,2,10,150,89,0.16258997327839542
557,2,10,150,89,0.04470486007704452
558,2,10,150,89,0.265053101293003
559,2,10,150,89,0.1306794248970741
560,2,10,150,89,0.046716390531725466
561,2,10,150,89,0.14426919406693975
562,2,10,150,89,0.07720150835011791
563,2,10,150,89,0.0
564,2,10,150,89,0.0
565,2,10,150,89,0.28663011782160785
566,2,10,150,89,0.049763902181020156
567,2,10,150,89,0.10828657397486113
568,2,10,150,89,0.0
569,2,10,150,89,0.17563954439010937
570,2,10,150,89,0.0
571,2,10,150,89,0.16104477175644444
572,2,10,150,89,0.0
573,2,10,150,89,0.03246641181906899
574,2,10,150,89,0.05058854055353143
575,2,10,150,89,0.05154847002173459
576,2,10,150,89,0.0
577,2,10,150,89,0.0784247757209491
578,2,10,150,89,0.0
579,2,10,150,89,0.08297540479108526
580,2,10,150,89,0.21602760439924668
581,2,10,150,89,0.0
582,2,10,150,89,0.0437514209980628
583,2,10,150,89,0.08356526807460651
584,2,10,150,89,0.09591939076437811
585,2,10,150,89,0.08668163308546498
586,2,10,150,89,0.10132509239867551
587,2,10,150,89,0.03459392809572638
588,2,10,150,89,0.053821119735696775
589,2,10,150,89,0.13061191070808464
590,2,10,150,89,0.06139304560474655
591,2,10,150,89,0.0
592,2,10,150,89,0.3162895979196809
593,2,10,150,89,0.04586709436300111
594,2,10,150,89,0.0
595,2,10,150,89,0.0
596,2,10,150,89,0.0
597,2,10,150,89,0.0
598,2,10,150,89,0.0
599,2,10,150,89,0.0
600,2,10,150,89,0.024325165853816375
601,2,10,150,89,0.03369782041898502
602,2,10,150,89,0.0
603,2,10,150,89,0.1435203717549576
604,2,10,150,89,0.0
605,2,10,150,89,0.2645541144793553
606,2,10,150,89,0.24870693244846395
607,2,10,150,89,0.08440880858250024
608,2,10,150,89,0.2297355802772357
609,2,10,150,89,0.0
610,2,10,150,89,0.1629867900167321
611,2,10,150,89,0.08045389590462838
612,2,10,150,89,0.15130120674940672
613,2,10,150,89,0.0
614,2,10,150,89,0.08861505596859857
615,2,10,150,89,0.1479554402409639
616,2,10,150,89,0.0
617,2,10,150,89,0.044257815106106525
618,2,10,150,89,0.18766481803906507
619,2,10,150,89,0.09637551974188778
620,2,10,150,89,0.08396948777462541
621,2,10,150,89,0.07911675782853725
622,2,10,150,89,0.12980296240199146
623,2,10,150,89,0.0
624,2,10,150,89,0.08175619017377453
625,2,10,150,89,0.0
626,2,10,150,89,0.0
627,2,10,150,89,0.0
628,2,10,150,89,0.0
629,2,10,150,89,0.2466228630593721
630,2,10,150,89,0.0
631,2,10,150,89,0.16868725245403154
632,2,10,150,89,0.13439570003165963
633,2,10,150,89,0.07667481399289292
634,2,10,150,89,0.030975021478781034
635,2,10,150,89,0.0
636,2,10,150,89,0.0
637,2,10,150,89,0.0
638,2,10,150,89,0.0
639,2,10,150,89,0.0
640,2,10,150,89,0.07887611601996505
642,2,10,150,89,0.1329152156038286
643,2,10,150,89,0.0
644,2,10,150,89,0.0
645,2,10,150,89,0.09759501249802542
647,2,10,150,89,0.0
648,2,10,150,89,0.21223061777480637
649,2,10,150,89,1.0
650,2,10,150,89,0.0
651,2,10,150,89,0.0
653,2,10,150,89,0.040484256935344326
654,2,10,150,89,0.058087171966128066
655,2,10,150,89,0.1960260054527925
658,2,10,150,89,0.0
1,2,10,150,90,0.5343723497595074
2,2,10,150,90,0.2268511698743587
3,2,10,150,90,0.03098598178059488
4,2,10,150,90,0.06166887310869151
5,2,10,150,90,0.12620564628865164
6,2,10,150,90,0.17961772474519622
7,2,10,150,90,0.2565824821277526
8,2,10,150,90,0.06653535276206901
9,2,10,150,90,0.0
10,2,10,150,90,0.2043831529067321
11,2,10,150,90,0.10464473261331256
12,2,10,150,90,0.10103399773096396
13,2,10,150,90,0.39838999636395017
14,2,10,150,90,0.15461807617997098
15,2,10,150,90,0.01616702920033762
16,2,10,150,90,0.2820343761027718
17,2,10,150,90,0.10312948447052589
18,2,10,150,90,0.23320698377027307
19,2,10,150,90,0.0
20,2,10,150,90,0.06057715324397481
21,2,10,150,90,0.012720674487092647
22,2,10,150,90,0.05035691655673683
23,2,10,150,90,0.22807475621810358
24,2,10,150,90,0.12818798445247553
25,2,10,150,90,0.03078223202175778
26,2,10,150,90,0.1475005395151273
27,2,10,150,90,0.0
28,2,10,150,90,0.16080076733974918
29,2,10,150,90,0.0
30,2,10,150,90,0.0
31,2,10,150,90,0.08090642992710743
32,2,10,150,90,0.14779014095437779
33,2,10,150,90,0.0
34,2,10,150,90,0.07239559903187814
35,2,10,150,90,0.0
36,2,10,150,90,0.0
37,2,10,150,90,0.0
38,2,10,150,90,0.12297908439989445
39,2,10,150,90,0.15820890896021753
40,2,10,150,90,0.2212397779175911
41,2,10,150,90,0.0
42,2,10,150,90,0.20130152528989256
43,2,10,150,90,0.10840884994756145
44,2,10,150,90,0.1565413821318793
45,2,10,150,90,0.0
46,2,10,150,90,0.10684080426179023
47,2,10,150,90,0.11437926488327832
48,2,10,150,90,0.16438571914394637
49,2,10,150,90,0.05920283200708927
50,2,10,150,90,0.046726672111120165
51,2,10,150,90,0.07984133538066794
52,2,10,150,90,0.05244652348163508
53,2,10,150,90,0.12810519548676028
54,2,10,150,90,0.14404412800290828
55,2,10,150,90,0.0
56,2,10,150,90,0.22047893971599028
57,2,10,150,90,0.0524456916588361
58,2,10,150,90,0.16366022196121796
59,2,10,150,90,0.29702062084030606
60,2,10,150,90,0.2158570564681132
61,2,10,150,90,0.06416923277158361
62,2,10,150,90,0.18160332589227857
63,2,10,150,90,0.10055844624153853
64,2,10,150,90,0.04583023181159601
65,2,10,150,90,0.18154179097601578
66,2,10,150,90,0.12995427111679475
67,2,10,150,90,0.24630238874073
68,2,10,150,90,0.04358896759704514
69,2,10,150,90,0.19699902273515738
70,2,10,150,90,0.06577317760289236
71,2,10,150,90,0.08190066039082215
72,2,10,150,90,0.28907547922366217
73,2,10,150,90,0.28969967958004655
74,2,10,150,90,0.17342765698823945
75,2,10,150,90,0.16021137204676433
76,2,10,150,90,0.23191508057904175
77,2,10,150,90,0.15029758260072817
78,2,10,150,90,0.0
79,2,10,150,90,0.11837298765331451
80,2,10,150,90,0.1744476820873323
81,2,10,150,90,0.02668972877827465
82,2,10,150,90,0.06437887178128218
83,2,10,150,90,0.046841820324159865
84,2,10,150,90,0.029136604147144557
85,2,10,150,90,0.18442983312439273
86,2,10,150,90,0.07028063830038406
87,2,10,150,90,0.20523162803222705
88,2,10,150,90,0.06294571929989644
89,2,10,150,90,0.2334685083478665
90,2,10,150,90,0.17313204566143872
91,2,10,150,90,0.07054411138080068
92,2,10,150,90,0.11942017488768149
93,2,10,150,90,0.0
94,2,10,150,90,0.24716315000865494
95,2,10,150,90,0.12485211086506379
96,2,10,150,90,0.2910849944526355
97,2,10,150,90,0.3041395643405481
98,2,10,150,90,0.0
99,2,10,150,90,0.13656436417013992
100,2,10,150,90,0.0
101,2,10,150,90,0.0
102,2,10,150,90,0.05671879843401278
103,2,10,150,90,0.04579340374561851
104,2,10,150,90,0.0
105,2,10,150,90,0.0
106,2,10,150,90,0.0
107,2,10,150,90,0.09995553728965398
108,2,10,150,90,0.04485361187694993
109,2,10,150,90,0.20086438685781322
110,2,10,150,90,0.037578324799282276
111,2,10,150,90,0.09077089626867633
112,2,10,150,90,0.0
113,2,10,150,90,0.178509607681865
114,2,10,150,90,0.02951022367272685
115,2,10,150,90,0.24220379575977083
116,2,10,150,90,0.041610162623197416
117,2,10,150,90,0.07736180228640575
118,2,10,150,90,0.19326159470866278
119,2,10,150,90,0.16560277932443881
120,2,10,150,90,0.40177646466663713
121,2,10,150,90,0.115269333086109
122,2,10,150,90,0.1467899073100297
123,2,10,150,90,0.12990556389377814
124,2,10,150,90,0.18903749859471425
125,2,10,150,90,0.1788785148307843
126,2,10,150,90,0.0
127,2,10,150,90,0.12503310750358904
128,2,10,150,90,0.07117364753699024
129,2,10,150,90,0.0
130,2,10,150,90,0.11043302665459546
131,2,10,150,90,0.36227735599025207
132,2,10,150,90,0.12643913909707097
133,2,10,150,90,0.0
134,2,10,150,90,0.0
135,2,10,150,90,0.0
136,2,10,150,90,0.1949254865702981
137,2,10,150,90,0.1142541952759239
138,2,10,150,90,0.15545471738318148
139,2,10,150,90,0.05165643482805862
140,2,10,150,90,0.0732173666263434
141,2,10,150,90,0.12556328258692692
142,2,10,150,90,0.0
143,2,10,150,90,0.06882065896991112
144,2,10,150,90,0.1778212661301716
145,2,10,150,90,0.1074935252705928
146,2,10,150,90,0.0
147,2,10,150,90,0.06664071636913875
148,2,10,150,90,0.1606863768135813
149,2,10,150,90,0.10486881530019958
150,2,10,150,90,0.0
151,2,10,150,90,0.20411691507122928
152,2,10,150,90,0.09023573428198242
153,2,10,150,90,0.071942683897578
154,2,10,150,90,0.08491065065836505
155,2,10,150,90,0.0
156,2,10,150,90,0.06437746926759551
157,2,10,150,90,0.11756317838740467
158,2,10,150,90,0.17368343162211233
159,2,10,150,90,0.024782300799839303
160,2,10,150,90,0.11705084481334227
161,2,10,150,90,0.0
162,2,10,150,90,0.08299661455725149
163,2,10,150,90,0.0
164,2,10,150,90,0.029649957429587842
165,2,10,150,90,0.0
166,2,10,150,90,0.06175696970122604
167,2,10,150,90,0.040419659112753054
168,2,10,150,90,0.0641665753731138
169,2,10,150,90,0.03870447337439288
170,2,10,150,90,0.0
171,2,10,150,90,0.0
172,2,10,150,90,0.08232325035020067
173,2,10,150,90,0.1448442050067646
174,2,10,150,90,0.2622747997764713
175,2,10,150,90,0.22732566419594713
176,2,10,150,90,0.027651749128023803
177,2,10,150,90,0.3152442026717657
178,2,10,150,90,0.1509306125771355
179,2,10,150,90,0.09299583347145139
180,2,10,150,90,0.13545568635409455
181,2,10,150,90,0.049531983874310216
182,2,10,150,90,0.05005165434923901
183,2,10,150,90,0.0
184,2,10,150,90,0.15639932187667255
185,2,10,150,90,0.0
186,2,10,150,90,0.05478814761334652
187,2,10,150,90,0.16902512893841318
188,2,10,150,90,0.3311593625994619
189,2,10,150,90,0.209805850077053
190,2,10,150,90,0.025938546612492997
191,2,10,150,90,0.0
192,2,10,150,90,0.0
193,2,10,150,90,0.014941492561257172
194,2,10,150,90,0.19240249817644664
195,2,10,150,90,0.04606861224913365
196,2,10,150,90,0.04485361187694993
197,2,10,150,90,0.16261436624219067
198,2,10,150,90,0.028186415745733433
199,2,10,150,90,0.2529427027676571
200,2,10,150,90,0.23903021781429204
201,2,10,150,90,0.13525396835074274
202,2,10,150,90,0.27487633291429087
203,2,10,150,90,0.10238606821339166
204,2,10,150,90,0.08325563768773413
205,2,10,150,90,0.1465996756793884
206,2,10,150,90,0.028694189013458257
207,2,10,150,90,0.09771369441433554
208,2,10,150,90,0.10318619832562911
209,2,10,150,90,0.0
210,2,10,150,90,0.18937175954951105
211,2,10,150,90,0.0
212,2,10,150,90,0.164108698820099
213,2,10,150,90,0.20808658101351607
214,2,10,150,90,0.25168008015410515
215,2,10,150,90,0.11433722369502479
216,2,10,150,90,0.14425650580287722
217,2,10,150,90,0.10298663607405599
218,2,10,150,90,0.1023482199458735
219,2,10,150,90,0.0
220,2,10,150,90,0.0
221,2,10,150,90,0.10144613070733857
222,2,10,150,90,0.07761211457345131
223,2,10,150,90,0.0
224,2,10,150,90,0.029996736818897345
225,2,10,150,90,0.0
226,2,10,150,90,0.1498542968734124
227,2,10,150,90,0.11812975819364856
228,2,10,150,90,0.0
229,2,10,150,90,0.1353749952992483
230,2,10,150,90,0.29885542969810625
231,2,10,150,90,0.3903800499921017
232,2,10,150,90,0.13914352811061104
233,2,10,150,90,0.18372665059394241
234,2,10,150,90,0.21477132429995996
235,2,10,150,90,0.1075070751982482
236,2,10,150,90,0.1588509823658967
237,2,10,150,90,0.27346075713529205
238,2,10,150,90,0.0
239,2,10,150,90,0.14926316915841203
240,2,10,150,90,0.0
241,2,10,150,90,0.0
242,2,10,150,90,0.07673373981757839
243,2,10,150,90,0.2568245236714982
244,2,10,150,90,0.18280294015368334
245,2,10,150,90,0.0
246,2,10,150,90,0.12379877182510346
247,2,10,150,90,0.0
248,2,10,150,90,0.14176813152020928
249,2,10,150,90,0.25273723061556136
250,2,10,150,90,0.08513080051804543
251,2,10,150,90,0.12803494038364374
252,2,10,150,90,0.1904168294848087
253,2,10,150,90,0.204742498386431
254,2,10,150,90,0.2834002979184586
255,2,10,150,90,0.04662184073981129
256,2,10,150,90,0.33260401585908705
257,2,10,150,90,0.10559687561546657
258,2,10,150,90,0.0
259,2,10,150,90,0.0
260,2,10,150,90,0.0
261,2,10,150,90,0.0
262,2,10,150,90,0.1323245238822141
263,2,10,150,90,0.16565508957374153
264,2,10,150,90,0.1226904398782591
265,2,10,150,90,0.08339602711200374
266,2,10,150,90,0.0
267,2,10,150,90,0.15946623251411773
268,2,10,150,90,0.19373103776204662
269,2,10,150,90,0.07991666515634646
270,2,10,150,90,0.13753262202696961
271,2,10,150,90,0.20401896890378474
272,2,10,150,90,0.366296454316556
273,2,10,150,90,0.06267320809766952
274,2,10,150,90,0.05829918151249392
275,2,10,150,90,0.04105877938688906
276,2,10,150,90,0.19352955239157035
277,2,10,150,90,0.0
278,2,10,150,90,0.04305311721683474
279,2,10,150,90,0.19410277995285405
280,2,10,150,90,0.0841500632404169
281,2,10,150,90,0.05516788910004661
282,2,10,150,90,0.0
283,2,10,150,90,0.06286054135527182
284,2,10,150,90,0.028031276514167806
285,2,10,150,90,0.15002687789384317
286,2,10,150,90,0.10716987013646836
287,2,10,150,90,0.14933178562928426
288,2,10,150,90,0.18109971158338595
289,2,10,150,90,0.06510475888148554
290,2,10,150,90,0.09449357188080848
291,2,10,150,90,0.17748922691988067
292,2,10,150,90,0.3713936936921286
293,2,10,150,90,0.19876957241264054
294,2,10,150,90,0.05942233668176323
295,2,10,150,90,0.21201342709556317
296,2,10,150,90,0.126694253429424
297,2,10,150,90,0.10547809104886068
298,2,10,150,90,0.4252278238676385
299,2,10,150,90,0.05389882485565562
300,2,10,150,90,0.0
301,2,10,150,90,0.1348819056641436
302,2,10,150,90,0.0
303,2,10,150,90,0.33040413371641847
304,2,10,150,90,0.09811693595042764
305,2,10,150,90,0.15377587171217844
306,2,10,150,90,0.07286537763060504
307,2,10,150,90,0.17167816797422253
308,2,10,150,90,0.113189334341621
309,2,10,150,90,0.0
310,2,10,150,90,0.0
311,2,10,150,90,0.25325295310341156
312,2,10,150,90,0.1975666931997852
313,2,10,150,90,0.22676062260704077
314,2,10,150,90,0.1467839446144342
315,2,10,150,90,0.18129588776381328
316,2,10,150,90,0.22270580084154873
317,2,10,150,90,0.0
318,2,10,150,90,0.13166957165834908
319,2,10,150,90,0.0
320,2,10,150,90,0.04539294738377069
321,2,10,150,90,0.12530728980532893
322,2,10,150,90,0.35190394711189377
323,2,10,150,90,0.028361369701356044
324,2,10,150,90,0.06573619640629956
325,2,10,150,90,0.0811231025632827
326,2,10,150,90,0.14774251547484274
327,2,10,150,90,0.094554206308505
328,2,10,150,90,0.14304127376118922
329,2,10,150,90,0.0
330,2,10,150,90,0.17464041258343582
331,2,10,150,90,0.10096521657790082
332,2,10,150,90,0.20308551734089297
333,2,10,150,90,0.05206745415870339
334,2,10,150,90,0.12749194432756053
335,2,10,150,90,0.0
336,2,10,150,90,0.11501232379588432
337,2,10,150,90,0.10934082156401825
338,2,10,150,90,0.14269909689763496
339,2,10,150,90,0.3016554358783463
340,2,10,150,90,0.17896552649342137
341,2,10,150,90,0.0
342,2,10,150,90,0.27369687527821046
343,2,10,150,90,0.3148697991467657
344,2,10,150,90,0.1523980172868318
345,2,10,150,90,0.10686772084589051
346,2,10,150,90,0.2102586943425689
347,2,10,150,90,0.20485510809551669
348,2,10,150,90,0.0
349,2,10,150,90,0.163169180413793
350,2,10,150,90,0.18939048055890495
351,2,10,150,90,0.1610216634970071
352,2,10,150,90,0.3057524544183157
353,2,10,150,90,0.0
354,2,10,150,90,0.08982081782386522
355,2,10,150,90,0.0
356,2,10,150,90,0.10061931714936387
357,2,10,150,90,0.14019634392566574
358,2,10,150,90,0.0
359,2,10,150,90,0.0
360,2,10,150,90,0.22728151171982378
361,2,10,150,90,0.12786031464335298
362,2,10,150,90,0.04690797720830594
363,2,10,150,90,0.17766085431069734
364,2,10,150,90,0.0
365,2,10,150,90,0.0
366,2,10,150,90,0.09184114803951915
367,2,10,150,90,0.05534563970541805
368,2,10,150,90,0.06788053752288492
369,2,10,150,90,0.21386152848601384
370,2,10,150,90,0.0957000625269241
371,2,10,150,90,0.1597357002967986
372,2,10,150,90,0.11359189468068477
373,2,10,150,90,0.10496983264762118
374,2,10,150,90,0.15210191594223785
375,2,10,150,90,0.1676614286651071
376,2,10,150,90,0.07216815292900357
377,2,10,150,90,0.34749036439127307
378,2,10,150,90,0.042070804358877494
379,2,10,150,90,0.2407845951258123
380,2,10,150,90,0.0812452274813011
381,2,10,150,90,0.14660694539581717
382,2,10,150,90,0.14582500956521116
383,2,10,150,90,0.11602383318046731
384,2,10,150,90,0.0
385,2,10,150,90,0.12991876491003876
386,2,10,150,90,0.0
387,2,10,150,90,0.15276970283204505
388,2,10,150,90,0.03275673003454543
389,2,10,150,90,0.23486014126558652
390,2,10,150,90,0.10466779365752882
391,2,10,150,90,0.18344326580289438
392,2,10,150,90,0.16777779742497645
393,2,10,150,90,0.13658483231148266
394,2,10,150,90,0.2428956376202687
395,2,10,150,90,0.17280189068434965
396,2,10,150,90,0.08006506288147622
397,2,10,150,90,0.25466027584626727
398,2,10,150,90,0.12633080592181342
399,2,10,150,90,0.04942609352712733
400,2,10,150,90,0.0
401,2,10,150,90,0.0
402,2,10,150,90,0.1798991830195577
403,2,10,150,90,0.23561122801255002
404,2,10,150,90,0.0
405,2,10,150,90,0.22419226724621422
406,2,10,150,90,0.2064011973601472
407,2,10,150,90,0.08840773311911526
408,2,10,150,90,0.08490303813485527
409,2,10,150,90,0.1854414927009712
410,2,10,150,90,0.1510508871592243
411,2,10,150,90,0.13359023741301432
412,2,10,150,90,0.0647690283301182
413,2,10,150,90,0.19475935863737628
414,2,10,150,90,0.0858710743416444
415,2,10,150,90,0.15582818336744758
416,2,10,150,90,0.468951551176524
417,2,10,150,90,0.22006367058875434
418,2,10,150,90,0.05130633033097092
419,2,10,150,90,0.13043508853971056
420,2,10,150,90,0.1979106713561055
421,2,10,150,90,0.3102692669240346
422,2,10,150,90,0.0654076987556055
423,2,10,150,90,0.0
424,2,10,150,90,0.039270700903099615
425,2,10,150,90,0.06742708067517368
426,2,10,150,90,0.03206656709567107
427,2,10,150,90,0.0
428,2,10,150,90,0.09545062073374358
429,2,10,150,90,0.2184861480157394
430,2,10,150,90,0.1910356879389014
431,2,10,150,90,0.0
432,2,10,150,90,0.13181508781832452
433,2,10,150,90,0.10047622221317463
434,2,10,150,90,0.21435951014939544
435,2,10,150,90,0.26139922563356616
436,2,10,150,90,0.08073573433990566
437,2,10,150,90,0.2507639468659876
438,2,10,150,90,0.11342455428465782
439,2,10,150,90,0.0
440,2,10,150,90,0.056388463063434605
441,2,10,150,90,0.2078055819841487
442,2,10,150,90,0.04062732041938225
443,2,10,150,90,0.0
444,2,10,150,90,0.0796221118108625
445,2,10,150,90,0.06656553044254701
446,2,10,150,90,0.15440950258541247
447,2,10,150,90,0.06755943234053442
448,2,10,150,90,0.049326153683410964
449,2,10,150,90,0.1400796026466503
450,2,10,150,90,0.49751109708123625
451,2,10,150,90,0.05163551141839463
452,2,10,150,90,0.20804344255167403
453,2,10,150,90,0.1276455002088498
454,2,10,150,90,0.0
455,2,10,150,90,0.16779762903677217
456,2,10,150,90,0.10175868867335625
457,2,10,150,90,0.41788551758017395
458,2,10,150,90,0.2537193820456369
459,2,10,150,90,0.22350678403150168
460,2,10,150,90,0.07041837375515932
461,2,10,150,90,0.06961399513856609
462,2,10,150,90,0.18564976427020158
463,2,10,150,90,0.21881515471619958
464,2,10,150,90,0.06726768733602535
465,2,10,150,90,0.10783006935442738
466,2,10,150,90,0.12816210679182038
467,2,10,150,90,0.09300532025926726
468,2,10,150,90,0.2504459841080331
469,2,10,150,90,0.07770822948326245
470,2,10,150,90,0.04760723841253984
471,2,10,150,90,0.0
472,2,10,150,90,0.22981943831105434
473,2,10,150,90,0.2622744659873325
474,2,10,150,90,0.42702864815509395
475,2,10,150,90,0.07311683844390994
476,2,10,150,90,0.037130087375373766
477,2,10,150,90,0.10705212034121535
478,2,10,150,90,0.1437068872495116
479,2,10,150,90,0.19196013341296633
480,2,10,150,90,0.15920120556239784
481,2,10,150,90,0.12113079634450404
482,2,10,150,90,0.04290887548434951
483,2,10,150,90,0.044584249489688726
484,2,10,150,90,0.21280961292893452
485,2,10,150,90,0.036556008482007775
486,2,10,150,90,0.037551180085133536
487,2,10,150,90,0.2716474817128286
488,2,10,150,90,0.0
489,2,10,150,90,0.06575659844428973
490,2,10,150,90,0.11630686983226163
491,2,10,150,90,0.03859643636257609
492,2,10,150,90,0.1338895448360617
493,2,10,150,90,0.24890140394558746
494,2,10,150,90,0.10841985052222541
495,2,10,150,90,0.1996749531533383
496,2,10,150,90,0.023205371908120297
497,2,10,150,90,0.19414779518124464
498,2,10,150,90,0.07358364093338247
499,2,10,150,90,0.13780812255548236
500,2,10,150,90,0.12492562527670617
501,2,10,150,90,0.02184231145035861
502,2,10,150,90,0.06689893193796337
503,2,10,150,90,0.22411495208512985
504,2,10,150,90,0.109300519143911
505,2,10,150,90,0.05688647497208646
506,2,10,150,90,0.1233919478447381
507,2,10,150,90,0.04255090034092519
508,2,10,150,90,0.20345924618307185
509,2,10,150,90,0.031611854308622345
510,2,10,150,90,0.0
511,2,10,150,90,0.0
512,2,10,150,90,0.08364069030518707
513,2,10,150,90,0.11506360809154491
514,2,10,150,90,0.16578726587197626
515,2,10,150,90,0.034743705427429224
516,2,10,150,90,0.1340330647732781
517,2,10,150,90,0.07931777113368761
518,2,10,150,90,0.14341019153063672
519,2,10,150,90,0.10560636946921488
520,2,10,150,90,0.0
521,2,10,150,90,0.013100052175929421
522,2,10,150,90,0.0559167101555819
523,2,10,150,90,0.2344066446478321
524,2,10,150,90,0.12139532738996409
525,2,10,150,90,0.02228065271804083
526,2,10,150,90,0.02505758835695044
527,2,10,150,90,0.35360031514866236
528,2,10,150,90,0.2269962474823218
529,2,10,150,90,0.0
530,2,10,150,90,0.05554513395194445
531,2,10,150,90,0.0
532,2,10,150,90,0.10933117082137898
533,2,10,150,90,0.026587354454254676
534,2,10,150,90,0.024909303741335254
535,2,10,150,90,0.20139880789960526
536,2,10,150,90,0.16340884055250954
537,2,10,150,90,0.41253164121825997
538,2,10,150,90,0.06986755390827007
539,2,10,150,90,0.09953437200841515
540,2,10,150,90,0.0
541,2,10,150,90,0.08397287070222587
542,2,10,150,90,0.07797598981103891
543,2,10,150,90,0.11938130432473343
544,2,10,150,90,0.0
545,2,10,150,90,0.060216826583478454
546,2,10,150,90,0.08187211419398947
547,2,10,150,90,0.04855455745827926
548,2,10,150,90,0.09589255277111255
549,2,10,150,90,0.0
550,2,10,150,90,0.09688698360286704
551,2,10,150,90,0.22552394693316435
552,2,10,150,90,0.048059443651065493
553,2,10,150,90,0.2433089897781848
554,2,10,150,90,0.1061717592653675
555,2,10,150,90,0.09809088686968297
556,2,10,150,90,0.16258997327839542
557,2,10,150,90,0.04470486007704452
558,2,10,150,90,0.265053101293003
559,2,10,150,90,0.1306794248970741
560,2,10,150,90,0.046716390531725466
561,2,10,150,90,0.14312774814820045
562,2,10,150,90,0.07720150835011791
563,2,10,150,90,0.0
564,2,10,150,90,0.0
565,2,10,150,90,0.28663011782160785
566,2,10,150,90,0.049763902181020156
567,2,10,150,90,0.10828657397486113
568,2,10,150,90,0.0
569,2,10,150,90,0.17563954439010937
570,2,10,150,90,0.0
571,2,10,150,90,0.16104477175644444
572,2,10,150,90,0.0
573,2,10,150,90,0.03246641181906899
574,2,10,150,90,0.05058854055353143
575,2,10,150,90,0.05154847002173459
576,2,10,150,90,0.0
577,2,10,150,90,0.0784247757209491
578,2,10,150,90,0.0
579,2,10,150,90,0.08297540479108526
580,2,10,150,90,0.21602760439924668
581,2,10,150,90,0.0
582,2,10,150,90,0.0437514209980628
583,2,10,150,90,0.08356526807460651
584,2,10,150,90,0.09591939076437811
585,2,10,150,90,0.08668163308546498
586,2,10,150,90,0.10132509239867551
587,2,10,150,90,0.03459392809572638
588,2,10,150,90,0.053821119735696775
589,2,10,150,90,0.13061191070808464
590,2,10,150,90,0.06139304560474655
591,2,10,150,90,0.0
592,2,10,150,90,0.3162895979196809
593,2,10,150,90,0.04586709436300111
594,2,10,150,90,0.0
595,2,10,150,90,0.0
596,2,10,150,90,0.0
597,2,10,150,90,0.0
598,2,10,150,90,0.0
599,2,10,150,90,0.0
600,2,10,150,90,0.024325165853816375
601,2,10,150,90,0.03369782041898502
602,2,10,150,90,0.0
603,2,10,150,90,0.1435203717549576
604,2,10,150,90,0.0
605,2,10,150,90,0.2645541144793553
606,2,10,150,90,0.24870693244846395
607,2,10,150,90,0.08440880858250024
608,2,10,150,90,0.2297355802772357
609,2,10,150,90,0.0
610,2,10,150,90,0.1629867900167321
611,2,10,150,90,0.08045389590462838
612,2,10,150,90,0.15130120674940672
613,2,10,150,90,0.0
614,2,10,150,90,0.08861505596859857
615,2,10,150,90,0.1479554402409639
616,2,10,150,90,0.0
617,2,10,150,90,0.044257815106106525
618,2,10,150,90,0.18766481803906507
619,2,10,150,90,0.09637551974188778
620,2,10,150,90,0.08396948777462541
621,2,10,150,90,0.07911675782853725
622,2,10,150,90,0.12980296240199146
623,2,10,150,90,0.0
624,2,10,150,90,0.08175619017377453
625,2,10,150,90,0.0
626,2,10,150,90,0.0
627,2,10,150,90,0.0
628,2,10,150,90,0.0
629,2,10,150,90,0.2466228630593721
630,2,10,150,90,0.0
631,2,10,150,90,0.16868725245403154
632,2,10,150,90,0.13439570003165963
633,2,10,150,90,0.07667481399289292
634,2,10,150,90,0.030975021478781034
635,2,10,150,90,0.0
636,2,10,150,90,0.0
637,2,10,150,90,0.0
638,2,10,150,90,0.0
639,2,10,150,90,0.0
640,2,10,150,90,0.07887611601996505
642,2,10,150,90,0.1329152156038286
643,2,10,150,90,0.0
644,2,10,150,90,0.0
645,2,10,150,90,0.09759501249802542
647,2,10,150,90,0.0
648,2,10,150,90,0.21223061777480637
649,2,10,150,90,1.0
650,2,10,150,90,0.0
651,2,10,150,90,0.0
653,2,10,150,90,0.040484256935344326
654,2,10,150,90,0.058087171966128066
655,2,10,150,90,0.2211917314646663
658,2,10,150,90,0.0
1,2,10,150,91,0.5343723497595074
2,2,10,150,91,0.2268511698743587
3,2,10,150,91,0.03098598178059488
4,2,10,150,91,0.06166887310869151
5,2,10,150,91,0.12620564628865164
6,2,10,150,91,0.17961772474519622
7,2,10,150,91,0.25457318832734877
8,2,10,150,91,0.06653535276206901
9,2,10,150,91,0.0
10,2,10,150,91,0.2043831529067321
11,2,10,150,91,0.10464473261331256
12,2,10,150,91,0.10103399773096396
13,2,10,150,91,0.39527020991867584
14,2,10,150,91,0.15461807617997098
15,2,10,150,91,0.01616702920033762
16,2,10,150,91,0.2820343761027718
17,2,10,150,91,0.10312948447052589
18,2,10,150,91,0.23320698377027307
19,2,10,150,91,0.0
20,2,10,150,91,0.06057715324397481
21,2,10,150,91,0.012720674487092647
22,2,10,150,91,0.05035691655673683
23,2,10,150,91,0.22807475621810358
24,2,10,150,91,0.12818798445247553
25,2,10,150,91,0.03078223202175778
26,2,10,150,91,0.1475005395151273
27,2,10,150,91,0.0
28,2,10,150,91,0.16080076733974918
29,2,10,150,91,0.0
30,2,10,150,91,0.0
31,2,10,150,91,0.08090642992710743
32,2,10,150,91,0.14779014095437779
33,2,10,150,91,0.0
34,2,10,150,91,0.07239559903187814
35,2,10,150,91,0.0
36,2,10,150,91,0.0
37,2,10,150,91,0.0
38,2,10,150,91,0.12297908439989445
39,2,10,150,91,0.15820890896021753
40,2,10,150,91,0.2212397779175911
41,2,10,150,91,0.0
42,2,10,150,91,0.20130152528989256
43,2,10,150,91,0.10840884994756145
44,2,10,150,91,0.1565413821318793
45,2,10,150,91,0.0
46,2,10,150,91,0.10684080426179023
47,2,10,150,91,0.11437926488327832
48,2,10,150,91,0.16438571914394637
49,2,10,150,91,0.05920283200708927
50,2,10,150,91,0.046726672111120165
51,2,10,150,91,0.07984133538066794
52,2,10,150,91,0.05244652348163508
53,2,10,150,91,0.12810519548676028
54,2,10,150,91,0.14404412800290828
55,2,10,150,91,0.0
56,2,10,150,91,0.22047893971599028
57,2,10,150,91,0.0524456916588361
58,2,10,150,91,0.16366022196121796
59,2,10,150,91,0.29469465654571564
60,2,10,150,91,0.2158570564681132
61,2,10,150,91,0.06416923277158361
62,2,10,150,91,0.18160332589227857
63,2,10,150,91,0.10055844624153853
64,2,10,150,91,0.04583023181159601
65,2,10,150,91,0.18154179097601578
66,2,10,150,91,0.12995427111679475
67,2,10,150,91,0.24630238874073
68,2,10,150,91,0.04358896759704514
69,2,10,150,91,0.19699902273515738
70,2,10,150,91,0.06577317760289236
71,2,10,150,91,0.08190066039082215
72,2,10,150,91,0.28907547922366217
73,2,10,150,91,0.28969967958004655
74,2,10,150,91,0.17342765698823945
75,2,10,150,91,0.16021137204676433
76,2,10,150,91,0.23191508057904175
77,2,10,150,91,0.15029758260072817
78,2,10,150,91,0.0
79,2,10,150,91,0.11837298765331451
80,2,10,150,91,0.1744476820873323
81,2,10,150,91,0.02668972877827465
82,2,10,150,91,0.06437887178128218
83,2,10,150,91,0.046841820324159865
84,2,10,150,91,0.029136604147144557
85,2,10,150,91,0.18442983312439273
86,2,10,150,91,0.07028063830038406
87,2,10,150,91,0.20523162803222705
88,2,10,150,91,0.06294571929989644
89,2,10,150,91,0.2334685083478665
90,2,10,150,91,0.17313204566143872
91,2,10,150,91,0.07054411138080068
92,2,10,150,91,0.11942017488768149
93,2,10,150,91,0.0
94,2,10,150,91,0.2452276188652879
95,2,10,150,91,0.12485211086506379
96,2,10,150,91,0.2910849944526355
97,2,10,150,91,0.32743167287277936
98,2,10,150,91,0.0
99,2,10,150,91,0.13656436417013992
100,2,10,150,91,0.0
101,2,10,150,91,0.0
102,2,10,150,91,0.05671879843401278
103,2,10,150,91,0.04579340374561851
104,2,10,150,91,0.0
105,2,10,150,91,0.0
106,2,10,150,91,0.0
107,2,10,150,91,0.09995553728965398
108,2,10,150,91,0.07859158628121365
109,2,10,150,91,0.20086438685781322
110,2,10,150,91,0.037578324799282276
111,2,10,150,91,0.09077089626867633
112,2,10,150,91,0.0
113,2,10,150,91,0.178509607681865
114,2,10,150,91,0.02951022367272685
115,2,10,150,91,0.24220379575977083
116,2,10,150,91,0.041610162623197416
117,2,10,150,91,0.07736180228640575
118,2,10,150,91,0.19326159470866278
119,2,10,150,91,0.16560277932443881
120,2,10,150,91,0.40177646466663713
121,2,10,150,91,0.115269333086109
122,2,10,150,91,0.1467899073100297
123,2,10,150,91,0.12990556389377814
124,2,10,150,91,0.18903749859471425
125,2,10,150,91,0.1788785148307843
126,2,10,150,91,0.0
127,2,10,150,91,0.12503310750358904
128,2,10,150,91,0.07117364753699024
129,2,10,150,91,0.0
130,2,10,150,91,0.11043302665459546
131,2,10,150,91,0.36227735599025207
132,2,10,150,91,0.12643913909707097
133,2,10,150,91,0.0
134,2,10,150,91,0.0
135,2,10,150,91,0.0
136,2,10,150,91,0.1949254865702981
137,2,10,150,91,0.1142541952759239
138,2,10,150,91,0.15545471738318148
139,2,10,150,91,0.05165643482805862
140,2,10,150,91,0.0732173666263434
141,2,10,150,91,0.12556328258692692
142,2,10,150,91,0.0
143,2,10,150,91,0.06882065896991112
144,2,10,150,91,0.1778212661301716
145,2,10,150,91,0.1074935252705928
146,2,10,150,91,0.0
147,2,10,150,91,0.06664071636913875
148,2,10,150,91,0.1606863768135813
149,2,10,150,91,0.10486881530019958
150,2,10,150,91,0.0
151,2,10,150,91,0.20411691507122928
152,2,10,150,91,0.09023573428198242
153,2,10,150,91,0.071942683897578
154,2,10,150,91,0.08491065065836505
155,2,10,150,91,0.0
156,2,10,150,91,0.06437746926759551
157,2,10,150,91,0.11756317838740467
158,2,10,150,91,0.17368343162211233
159,2,10,150,91,0.024782300799839303
160,2,10,150,91,0.11705084481334227
161,2,10,150,91,0.0
162,2,10,150,91,0.08299661455725149
163,2,10,150,91,0.0
164,2,10,150,91,0.029649957429587842
165,2,10,150,91,0.0
166,2,10,150,91,0.06175696970122604
167,2,10,150,91,0.040419659112753054
168,2,10,150,91,0.0641665753731138
169,2,10,150,91,0.03870447337439288
170,2,10,150,91,0.0
171,2,10,150,91,0.0
172,2,10,150,91,0.08232325035020067
173,2,10,150,91,0.1448442050067646
174,2,10,150,91,0.2622747997764713
175,2,10,150,91,0.22732566419594713
176,2,10,150,91,0.027651749128023803
177,2,10,150,91,0.3152442026717657
178,2,10,150,91,0.1509306125771355
179,2,10,150,91,0.09299583347145139
180,2,10,150,91,0.13545568635409455
181,2,10,150,91,0.04914409960686127
182,2,10,150,91,0.05005165434923901
183,2,10,150,91,0.0
184,2,10,150,91,0.15639932187667255
185,2,10,150,91,0.0
186,2,10,150,91,0.05478814761334652
187,2,10,150,91,0.16902512893841318
188,2,10,150,91,0.3311593625994619
189,2,10,150,91,0.209805850077053
190,2,10,150,91,0.025938546612492997
191,2,10,150,91,0.0
192,2,10,150,91,0.0
193,2,10,150,91,0.029502757806329147
194,2,10,150,91,0.19240249817644664
195,2,10,150,91,0.04606861224913365
196,2,10,150,91,0.04485361187694993
197,2,10,150,91,0.16261436624219067
198,2,10,150,91,0.028186415745733433
199,2,10,150,91,0.2529427027676571
200,2,10,150,91,0.23903021781429204
201,2,10,150,91,0.13525396835074274
202,2,10,150,91,0.27487633291429087
203,2,10,150,91,0.10238606821339166
204,2,10,150,91,0.08325563768773413
205,2,10,150,91,0.1465996756793884
206,2,10,150,91,0.028694189013458257
207,2,10,150,91,0.09771369441433554
208,2,10,150,91,0.10318619832562911
209,2,10,150,91,0.0
210,2,10,150,91,0.18937175954951105
211,2,10,150,91,0.0
212,2,10,150,91,0.164108698820099
213,2,10,150,91,0.20808658101351607
214,2,10,150,91,0.25168008015410515
215,2,10,150,91,0.11433722369502479
216,2,10,150,91,0.14425650580287722
217,2,10,150,91,0.10298663607405599
218,2,10,150,91,0.1023482199458735
219,2,10,150,91,0.0
220,2,10,150,91,0.0
221,2,10,150,91,0.10144613070733857
222,2,10,150,91,0.07761211457345131
223,2,10,150,91,0.0
224,2,10,150,91,0.029996736818897345
225,2,10,150,91,0.0
226,2,10,150,91,0.1498542968734124
227,2,10,150,91,0.11812975819364856
228,2,10,150,91,0.0
229,2,10,150,91,0.1353749952992483
230,2,10,150,91,0.29885542969810625
231,2,10,150,91,0.3903800499921017
232,2,10,150,91,0.13914352811061104
233,2,10,150,91,0.18372665059394241
234,2,10,150,91,0.2130894530870781
235,2,10,150,91,0.1075070751982482
236,2,10,150,91,0.1588509823658967
237,2,10,150,91,0.27346075713529205
238,2,10,150,91,0.0
239,2,10,150,91,0.14926316915841203
240,2,10,150,91,0.0
241,2,10,150,91,0.0
242,2,10,150,91,0.07673373981757839
243,2,10,150,91,0.2568245236714982
244,2,10,150,91,0.18280294015368334
245,2,10,150,91,0.0
246,2,10,150,91,0.12379877182510346
247,2,10,150,91,0.0
248,2,10,150,91,0.14176813152020928
249,2,10,150,91,0.25273723061556136
250,2,10,150,91,0.08513080051804543
251,2,10,150,91,0.12803494038364374
252,2,10,150,91,0.1904168294848087
253,2,10,150,91,0.204742498386431
254,2,10,150,91,0.2834002979184586
255,2,10,150,91,0.04662184073981129
256,2,10,150,91,0.33260401585908705
257,2,10,150,91,0.10559687561546657
258,2,10,150,91,0.0
259,2,10,150,91,0.0
260,2,10,150,91,0.0
261,2,10,150,91,0.0
262,2,10,150,91,0.14662870872246536
263,2,10,150,91,0.16565508957374153
264,2,10,150,91,0.1226904398782591
265,2,10,150,91,0.08339602711200374
266,2,10,150,91,0.0
267,2,10,150,91,0.15946623251411773
268,2,10,150,91,0.19373103776204662
269,2,10,150,91,0.07991666515634646
270,2,10,150,91,0.13753262202696961
271,2,10,150,91,0.20401896890378474
272,2,10,150,91,0.366296454316556
273,2,10,150,91,0.06267320809766952
274,2,10,150,91,0.05829918151249392
275,2,10,150,91,0.04105877938688906
276,2,10,150,91,0.19201402519504998
277,2,10,150,91,0.0
278,2,10,150,91,0.04305311721683474
279,2,10,150,91,0.19258276381938225
280,2,10,150,91,0.0841500632404169
281,2,10,150,91,0.05516788910004661
282,2,10,150,91,0.0
283,2,10,150,91,0.06286054135527182
284,2,10,150,91,0.028031276514167806
285,2,10,150,91,0.15002687789384317
286,2,10,150,91,0.10716987013646836
287,2,10,150,91,0.14933178562928426
288,2,10,150,91,0.18109971158338595
289,2,10,150,91,0.06510475888148554
290,2,10,150,91,0.09449357188080848
291,2,10,150,91,0.17748922691988067
292,2,10,150,91,0.3713936936921286
293,2,10,150,91,0.19721301069320565
294,2,10,150,91,0.05942233668176323
295,2,10,150,91,0.21201342709556317
296,2,10,150,91,0.126694253429424
297,2,10,150,91,0.10547809104886068
298,2,10,150,91,0.4252278238676385
299,2,10,150,91,0.05389882485565562
300,2,10,150,91,0.0
301,2,10,150,91,0.1348819056641436
302,2,10,150,91,0.0
303,2,10,150,91,0.327816743603115
304,2,10,150,91,0.09811693595042764
305,2,10,150,91,0.15377587171217844
306,2,10,150,91,0.07286537763060504
307,2,10,150,91,0.17167816797422253
308,2,10,150,91,0.11230295026006387
309,2,10,150,91,0.0
310,2,10,150,91,0.0
311,2,10,150,91,0.25325295310341156
312,2,10,150,91,0.1975666931997852
313,2,10,150,91,0.22676062260704077
314,2,10,150,91,0.1467839446144342
315,2,10,150,91,0.18129588776381328
316,2,10,150,91,0.22270580084154873
317,2,10,150,91,0.0
318,2,10,150,91,0.13166957165834908
319,2,10,150,91,0.0
320,2,10,150,91,0.04539294738377069
321,2,10,150,91,0.12530728980532893
322,2,10,150,91,0.3780567175504725
323,2,10,150,91,0.028361369701356044
324,2,10,150,91,0.06573619640629956
325,2,10,150,91,0.0811231025632827
326,2,10,150,91,0.14774251547484274
327,2,10,150,91,0.094554206308505
328,2,10,150,91,0.14304127376118922
329,2,10,150,91,0.0
330,2,10,150,91,0.17464041258343582
331,2,10,150,91,0.10096521657790082
332,2,10,150,91,0.20308551734089297
333,2,10,150,91,0.05206745415870339
334,2,10,150,91,0.1264935567088327
335,2,10,150,91,0.0
336,2,10,150,91,0.11501232379588432
337,2,10,150,91,0.10934082156401825
338,2,10,150,91,0.14269909689763496
339,2,10,150,91,0.3016554358783463
340,2,10,150,91,0.17896552649342137
341,2,10,150,91,0.0
342,2,10,150,91,0.2845617443994219
343,2,10,150,91,0.3148697991467657
344,2,10,150,91,0.1523980172868318
345,2,10,150,91,0.10686772084589051
346,2,10,150,91,0.2102586943425689
347,2,10,150,91,0.20485510809551669
348,2,10,150,91,0.0
349,2,10,150,91,0.163169180413793
350,2,10,150,91,0.18939048055890495
351,2,10,150,91,0.1610216634970071
352,2,10,150,91,0.3057524544183157
353,2,10,150,91,0.0
354,2,10,150,91,0.08982081782386522
355,2,10,150,91,0.0
356,2,10,150,91,0.10061931714936387
357,2,10,150,91,0.14019634392566574
358,2,10,150,91,0.0
359,2,10,150,91,0.0
360,2,10,150,91,0.22728151171982378
361,2,10,150,91,0.12786031464335298
362,2,10,150,91,0.04690797720830594
363,2,10,150,91,0.17626959466514133
364,2,10,150,91,0.0
365,2,10,150,91,0.0
366,2,10,150,91,0.09184114803951915
367,2,10,150,91,0.05534563970541805
368,2,10,150,91,0.06788053752288492
369,2,10,150,91,0.21386152848601384
370,2,10,150,91,0.0957000625269241
371,2,10,150,91,0.1597357002967986
372,2,10,150,91,0.11359189468068477
373,2,10,150,91,0.10496983264762118
374,2,10,150,91,0.1607577635826819
375,2,10,150,91,0.1676614286651071
376,2,10,150,91,0.07216815292900357
377,2,10,150,91,0.34749036439127307
378,2,10,150,91,0.041741348483030884
379,2,10,150,91,0.2407845951258123
380,2,10,150,91,0.0812452274813011
381,2,10,150,91,0.14660694539581717
382,2,10,150,91,0.14582500956521116
383,2,10,150,91,0.13650194595273554
384,2,10,150,91,0.0
385,2,10,150,91,0.12890137289354134
386,2,10,150,91,0.0
387,2,10,150,91,0.15157336544281858
388,2,10,150,91,0.03275673003454543
389,2,10,150,91,0.23486014126558652
390,2,10,150,91,0.10466779365752882
391,2,10,150,91,0.18344326580289438
392,2,10,150,91,0.16777779742497645
393,2,10,150,91,0.13551523841513857
394,2,10,150,91,0.2428956376202687
395,2,10,150,91,0.17280189068434965
396,2,10,150,91,0.08006506288147622
397,2,10,150,91,0.25466027584626727
398,2,10,150,91,0.12633080592181342
399,2,10,150,91,0.0490390384854944
400,2,10,150,91,0.0
401,2,10,150,91,0.0
402,2,10,150,91,0.1798991830195577
403,2,10,150,91,0.23561122801255002
404,2,10,150,91,0.0
405,2,10,150,91,0.22243662076193083
406,2,10,150,91,0.20478487249333424
407,2,10,150,91,0.08840773311911526
408,2,10,150,91,0.08490303813485527
409,2,10,150,91,0.1854414927009712
410,2,10,150,91,0.1510508871592243
411,2,10,150,91,0.13359023741301432
412,2,10,150,91,0.0647690283301182
413,2,10,150,91,0.19475935863737628
414,2,10,150,91,0.0858710743416444
415,2,10,150,91,0.15582818336744758
416,2,10,150,91,0.4652791981902448
417,2,10,150,91,0.2183403550866931
418,2,10,150,91,0.05130633033097092
419,2,10,150,91,0.13043508853971056
420,2,10,150,91,0.1979106713561055
421,2,10,150,91,0.3102692669240346
422,2,10,150,91,0.0654076987556055
423,2,10,150,91,0.0
424,2,10,150,91,0.039270700903099615
425,2,10,150,91,0.07564666131151174
426,2,10,150,91,0.03206656709567107
427,2,10,150,91,0.0
428,2,10,150,91,0.09545062073374358
429,2,10,150,91,0.21677518607070856
430,2,10,150,91,0.1910356879389014
431,2,10,150,91,0.0
432,2,10,150,91,0.13181508781832452
433,2,10,150,91,0.10047622221317463
434,2,10,150,91,0.21435951014939544
435,2,10,150,91,0.25935221198267167
436,2,10,150,91,0.08073573433990566
437,2,10,150,91,0.24880021793319254
438,2,10,150,91,0.11342455428465782
439,2,10,150,91,0.0
440,2,10,150,91,0.056388463063434605
441,2,10,150,91,0.2078055819841487
442,2,10,150,91,0.04062732041938225
443,2,10,150,91,0.0
444,2,10,150,91,0.0796221118108625
445,2,10,150,91,0.06656553044254701
446,2,10,150,91,0.15440950258541247
447,2,10,150,91,0.06755943234053442
448,2,10,150,91,0.049326153683410964
449,2,10,150,91,0.1400796026466503
450,2,10,150,91,0.4936150946935919
451,2,10,150,91,0.05163551141839463
452,2,10,150,91,0.20804344255167403
453,2,10,150,91,0.13767452700065452
454,2,10,150,91,0.0
455,2,10,150,91,0.16779762903677217
456,2,10,150,91,0.10096181781688524
457,2,10,150,91,0.414613061983091
458,2,10,150,91,0.2537193820456369
459,2,10,150,91,0.22350678403150168
460,2,10,150,91,0.07041837375515932
461,2,10,150,91,0.06961399513856609
462,2,10,150,91,0.18564976427020158
463,2,10,150,91,0.21881515471619958
464,2,10,150,91,0.06726768733602535
465,2,10,150,91,0.10783006935442738
466,2,10,150,91,0.12816210679182038
467,2,10,150,91,0.09300532025926726
468,2,10,150,91,0.2504459841080331
469,2,10,150,91,0.07770822948326245
470,2,10,150,91,0.04760723841253984
471,2,10,150,91,0.0
472,2,10,150,91,0.22801972552949046
473,2,10,150,91,0.2622744659873325
474,2,10,150,91,0.4236845928313729
475,2,10,150,91,0.07311683844390994
476,2,10,150,91,0.037130087375373766
477,2,10,150,91,0.10705212034121535
478,2,10,150,91,0.1437068872495116
479,2,10,150,91,0.1904568963143427
480,2,10,150,91,0.15920120556239784
481,2,10,150,91,0.12113079634450404
482,2,10,150,91,0.04290887548434951
483,2,10,150,91,0.044584249489688726
484,2,10,150,91,0.21280961292893452
485,2,10,150,91,0.036556008482007775
486,2,10,150,91,0.037551180085133536
487,2,10,150,91,0.2773512000156793
488,2,10,150,91,0.0
489,2,10,150,91,0.07852328381229694
490,2,10,150,91,0.11630686983226163
491,2,10,150,91,0.03859643636257609
492,2,10,150,91,0.1338895448360617
493,2,10,150,91,0.2595111329305249
494,2,10,150,91,0.10841985052222541
495,2,10,150,91,0.1996749531533383
496,2,10,150,91,0.023205371908120297
497,2,10,150,91,0.1926274265341539
498,2,10,150,91,0.07358364093338247
499,2,10,150,91,0.13780812255548236
500,2,10,150,91,0.12394733446628724
501,2,10,150,91,0.02184231145035861
502,2,10,150,91,0.06689893193796337
503,2,10,150,91,0.22411495208512985
504,2,10,150,91,0.10844458831934507
505,2,10,150,91,0.05688647497208646
506,2,10,150,91,0.1233919478447381
507,2,10,150,91,0.04255090034092519
508,2,10,150,91,0.20345924618307185
509,2,10,150,91,0.031611854308622345
510,2,10,150,91,0.0
511,2,10,150,91,0.0
512,2,10,150,91,0.08364069030518707
513,2,10,150,91,0.11506360809154491
514,2,10,150,91,0.16578726587197626
515,2,10,150,91,0.034743705427429224
516,2,10,150,91,0.1340330647732781
517,2,10,150,91,0.07931777113368761
518,2,10,150,91,0.14341019153063672
519,2,10,150,91,0.10560636946921488
520,2,10,150,91,0.0
521,2,10,150,91,0.013100052175929421
522,2,10,150,91,0.0559167101555819
523,2,10,150,91,0.2344066446478321
524,2,10,150,91,0.12139532738996409
525,2,10,150,91,0.02228065271804083
526,2,10,150,91,0.02505758835695044
527,2,10,150,91,0.35360031514866236
528,2,10,150,91,0.2269962474823218
529,2,10,150,91,0.0
530,2,10,150,91,0.05554513395194445
531,2,10,150,91,0.0
532,2,10,150,91,0.1084749999639589
533,2,10,150,91,0.02637914925633522
534,2,10,150,91,0.024909303741335254
535,2,10,150,91,0.20139880789960526
536,2,10,150,91,0.16340884055250954
537,2,10,150,91,0.4093011117514916
538,2,10,150,91,0.06986755390827007
539,2,10,150,91,0.09953437200841515
540,2,10,150,91,0.0
541,2,10,150,91,0.08397287070222587
542,2,10,150,91,0.07797598981103891
543,2,10,150,91,0.11938130432473343
544,2,10,150,91,0.0
545,2,10,150,91,0.060216826583478454
546,2,10,150,91,0.08187211419398947
547,2,10,150,91,0.04855455745827926
548,2,10,150,91,0.09589255277111255
549,2,10,150,91,0.0
550,2,10,150,91,0.09688698360286704
551,2,10,150,91,0.23158885798665405
552,2,10,150,91,0.048059443651065493
553,2,10,150,91,0.2433089897781848
554,2,10,150,91,0.1061717592653675
555,2,10,150,91,0.09809088686968297
556,2,10,150,91,0.16258997327839542
557,2,10,150,91,0.04470486007704452
558,2,10,150,91,0.265053101293003
559,2,10,150,91,0.1306794248970741
560,2,10,150,91,0.046716390531725466
561,2,10,150,91,0.14200691677017693
562,2,10,150,91,0.07720150835011791
563,2,10,150,91,0.0
564,2,10,150,91,0.0
565,2,10,150,91,0.28663011782160785
566,2,10,150,91,0.049763902181020156
567,2,10,150,91,0.10828657397486113
568,2,10,150,91,0.0
569,2,10,150,91,0.17563954439010937
570,2,10,150,91,0.0
571,2,10,150,91,0.16104477175644444
572,2,10,150,91,0.0
573,2,10,150,91,0.03246641181906899
574,2,10,150,91,0.05058854055353143
575,2,10,150,91,0.05154847002173459
576,2,10,150,91,0.0
577,2,10,150,91,0.0784247757209491
578,2,10,150,91,0.0
579,2,10,150,91,0.08297540479108526
580,2,10,150,91,0.21602760439924668
581,2,10,150,91,0.0
582,2,10,150,91,0.0437514209980628
583,2,10,150,91,0.08356526807460651
584,2,10,150,91,0.09591939076437811
585,2,10,150,91,0.08668163308546498
586,2,10,150,91,0.10132509239867551
587,2,10,150,91,0.03459392809572638
588,2,10,150,91,0.053821119735696775
589,2,10,150,91,0.13061191070808464
590,2,10,150,91,0.06139304560474655
591,2,10,150,91,0.0
592,2,10,150,91,0.3162895979196809
593,2,10,150,91,0.04586709436300111
594,2,10,150,91,0.0
595,2,10,150,91,0.0
596,2,10,150,91,0.0
597,2,10,150,91,0.0
598,2,10,150,91,0.0
599,2,10,150,91,0.03373797440426373
600,2,10,150,91,0.024325165853816375
601,2,10,150,91,0.03369782041898502
602,2,10,150,91,0.0
603,2,10,150,91,0.1435203717549576
604,2,10,150,91,0.0
605,2,10,150,91,0.2645541144793553
606,2,10,150,91,0.24870693244846395
607,2,10,150,91,0.08440880858250024
608,2,10,150,91,0.2297355802772357
609,2,10,150,91,0.0
610,2,10,150,91,0.1629867900167321
611,2,10,150,91,0.08045389590462838
612,2,10,150,91,0.15130120674940672
613,2,10,150,91,0.0
614,2,10,150,91,0.08861505596859857
615,2,10,150,91,0.1479554402409639
616,2,10,150,91,0.0
617,2,10,150,91,0.044257815106106525
618,2,10,150,91,0.18766481803906507
619,2,10,150,91,0.09637551974188778
620,2,10,150,91,0.08396948777462541
621,2,10,150,91,0.07911675782853725
622,2,10,150,91,0.12980296240199146
623,2,10,150,91,0.0
624,2,10,150,91,0.08175619017377453
625,2,10,150,91,0.0
626,2,10,150,91,0.0
627,2,10,150,91,0.020478112772268246
628,2,10,150,91,0.0
629,2,10,150,91,0.2466228630593721
630,2,10,150,91,0.0
631,2,10,150,91,0.16868725245403154
632,2,10,150,91,0.13439570003165963
633,2,10,150,91,0.07667481399289292
634,2,10,150,91,0.030975021478781034
635,2,10,150,91,0.0
636,2,10,150,91,0.0
637,2,10,150,91,0.0
638,2,10,150,91,0.0
639,2,10,150,91,0.0
640,2,10,150,91,0.07887611601996505
642,2,10,150,91,0.1329152156038286
643,2,10,150,91,0.0
644,2,10,150,91,0.0
645,2,10,150,91,0.09759501249802542
647,2,10,150,91,0.0
648,2,10,150,91,0.21223061777480637
649,2,10,150,91,1.0
650,2,10,150,91,0.036030247125383656
651,2,10,150,91,0.0
653,2,10,150,91,0.040484256935344326
654,2,10,150,91,0.058087171966128066
655,2,10,150,91,0.2211917314646663
658,2,10,150,91,0.0
1,2,10,150,92,0.5343723497595074
2,2,10,150,92,0.2268511698743587
3,2,10,150,92,0.03098598178059488
4,2,10,150,92,0.06166887310869151
5,2,10,150,92,0.12620564628865164
6,2,10,150,92,0.17961772474519622
7,2,10,150,92,0.2525998009197003
8,2,10,150,92,0.06653535276206901
9,2,10,150,92,0.0
10,2,10,150,92,0.2043831529067321
11,2,10,150,92,0.10464473261331256
12,2,10,150,92,0.10103399773096396
13,2,10,150,92,0.392206174542456
14,2,10,150,92,0.15461807617997098
15,2,10,150,92,0.01616702920033762
16,2,10,150,92,0.2820343761027718
17,2,10,150,92,0.10312948447052589
18,2,10,150,92,0.23320698377027307
19,2,10,150,92,0.0
20,2,10,150,92,0.06057715324397481
21,2,10,150,92,0.012720674487092647
22,2,10,150,92,0.05035691655673683
23,2,10,150,92,0.22807475621810358
24,2,10,150,92,0.12818798445247553
25,2,10,150,92,0.03078223202175778
26,2,10,150,92,0.1475005395151273
27,2,10,150,92,0.0
28,2,10,150,92,0.16080076733974918
29,2,10,150,92,0.0
30,2,10,150,92,0.0
31,2,10,150,92,0.08090642992710743
32,2,10,150,92,0.14779014095437779
33,2,10,150,92,0.0
34,2,10,150,92,0.07239559903187814
35,2,10,150,92,0.0
36,2,10,150,92,0.0
37,2,10,150,92,0.0
38,2,10,150,92,0.12297908439989445
39,2,10,150,92,0.15820890896021753
40,2,10,150,92,0.2212397779175911
41,2,10,150,92,0.0
42,2,10,150,92,0.20130152528989256
43,2,10,150,92,0.10840884994756145
44,2,10,150,92,0.1565413821318793
45,2,10,150,92,0.0
46,2,10,150,92,0.10684080426179023
47,2,10,150,92,0.11437926488327832
48,2,10,150,92,0.16438571914394637
49,2,10,150,92,0.05920283200708927
50,2,10,150,92,0.046726672111120165
51,2,10,150,92,0.07984133538066794
52,2,10,150,92,0.05244652348163508
53,2,10,150,92,0.12810519548676028
54,2,10,150,92,0.14404412800290828
55,2,10,150,92,0.0
56,2,10,150,92,0.22047893971599028
57,2,10,150,92,0.0524456916588361
58,2,10,150,92,0.16366022196121796
59,2,10,150,92,0.2924102575948693
60,2,10,150,92,0.2158570564681132
61,2,10,150,92,0.06416923277158361
62,2,10,150,92,0.18160332589227857
63,2,10,150,92,0.10055844624153853
64,2,10,150,92,0.04583023181159601
65,2,10,150,92,0.18154179097601578
66,2,10,150,92,0.12995427111679475
67,2,10,150,92,0.24630238874073
68,2,10,150,92,0.04358896759704514
69,2,10,150,92,0.19699902273515738
70,2,10,150,92,0.06577317760289236
71,2,10,150,92,0.08190066039082215
72,2,10,150,92,0.28907547922366217
73,2,10,150,92,0.28969967958004655
74,2,10,150,92,0.17342765698823945
75,2,10,150,92,0.16021137204676433
76,2,10,150,92,0.23191508057904175
77,2,10,150,92,0.15029758260072817
78,2,10,150,92,0.0
79,2,10,150,92,0.11837298765331451
80,2,10,150,92,0.1744476820873323
81,2,10,150,92,0.02668972877827465
82,2,10,150,92,0.06437887178128218
83,2,10,150,92,0.046841820324159865
84,2,10,150,92,0.029136604147144557
85,2,10,150,92,0.18442983312439273
86,2,10,150,92,0.07028063830038406
87,2,10,150,92,0.20523162803222705
88,2,10,150,92,0.06294571929989644
89,2,10,150,92,0.2334685083478665
90,2,10,150,92,0.17313204566143872
91,2,10,150,92,0.07054411138080068
92,2,10,150,92,0.11942017488768149
93,2,10,150,92,0.0
94,2,10,150,92,0.24332667596452137
95,2,10,150,92,0.12485211086506379
96,2,10,150,92,0.2910849944526355
97,2,10,150,92,0.3506682263021138
98,2,10,150,92,0.0
99,2,10,150,92,0.13656436417013992
100,2,10,150,92,0.0
101,2,10,150,92,0.0
102,2,10,150,92,0.05671879843401278
103,2,10,150,92,0.04579340374561851
104,2,10,150,92,0.0
105,2,10,150,92,0.0
106,2,10,150,92,0.0
107,2,10,150,92,0.09995553728965398
108,2,10,150,92,0.07859158628121365
109,2,10,150,92,0.20086438685781322
110,2,10,150,92,0.037578324799282276
111,2,10,150,92,0.09077089626867633
112,2,10,150,92,0.0
113,2,10,150,92,0.178509607681865
114,2,10,150,92,0.02951022367272685
115,2,10,150,92,0.24220379575977083
116,2,10,150,92,0.041610162623197416
117,2,10,150,92,0.07736180228640575
118,2,10,150,92,0.19326159470866278
119,2,10,150,92,0.16560277932443881
120,2,10,150,92,0.40177646466663713
121,2,10,150,92,0.115269333086109
122,2,10,150,92,0.1467899073100297
123,2,10,150,92,0.12990556389377814
124,2,10,150,92,0.18903749859471425
125,2,10,150,92,0.1788785148307843
126,2,10,150,92,0.0
127,2,10,150,92,0.12503310750358904
128,2,10,150,92,0.07117364753699024
129,2,10,150,92,0.0
130,2,10,150,92,0.11043302665459546
131,2,10,150,92,0.36227735599025207
132,2,10,150,92,0.12643913909707097
133,2,10,150,92,0.0
134,2,10,150,92,0.0
135,2,10,150,92,0.0
136,2,10,150,92,0.1949254865702981
137,2,10,150,92,0.1142541952759239
138,2,10,150,92,0.15545471738318148
139,2,10,150,92,0.05165643482805862
140,2,10,150,92,0.0732173666263434
141,2,10,150,92,0.12556328258692692
142,2,10,150,92,0.0
143,2,10,150,92,0.06882065896991112
144,2,10,150,92,0.1778212661301716
145,2,10,150,92,0.1074935252705928
146,2,10,150,92,0.0
147,2,10,150,92,0.06664071636913875
148,2,10,150,92,0.1606863768135813
149,2,10,150,92,0.10486881530019958
150,2,10,150,92,0.0
151,2,10,150,92,0.20411691507122928
152,2,10,150,92,0.09023573428198242
153,2,10,150,92,0.071942683897578
154,2,10,150,92,0.08491065065836505
155,2,10,150,92,0.0
156,2,10,150,92,0.06437746926759551
157,2,10,150,92,0.11756317838740467
158,2,10,150,92,0.17368343162211233
159,2,10,150,92,0.024782300799839303
160,2,10,150,92,0.11705084481334227
161,2,10,150,92,0.0
162,2,10,150,92,0.08299661455725149
163,2,10,150,92,0.0
164,2,10,150,92,0.029649957429587842
165,2,10,150,92,0.0
166,2,10,150,92,0.06175696970122604
167,2,10,150,92,0.040419659112753054
168,2,10,150,92,0.0641665753731138
169,2,10,150,92,0.03870447337439288
170,2,10,150,92,0.0
171,2,10,150,92,0.0
172,2,10,150,92,0.08232325035020067
173,2,10,150,92,0.1448442050067646
174,2,10,150,92,0.2622747997764713
175,2,10,150,92,0.22732566419594713
176,2,10,150,92,0.027651749128023803
177,2,10,150,92,0.3152442026717657
178,2,10,150,92,0.1509306125771355
179,2,10,150,92,0.09299583347145139
180,2,10,150,92,0.13545568635409455
181,2,10,150,92,0.04876314689160637
182,2,10,150,92,0.05005165434923901
183,2,10,150,92,0.0
184,2,10,150,92,0.15639932187667255
185,2,10,150,92,0.0
186,2,10,150,92,0.05478814761334652
187,2,10,150,92,0.16902512893841318
188,2,10,150,92,0.3311593625994619
189,2,10,150,92,0.209805850077053
190,2,10,150,92,0.025938546612492997
191,2,10,150,92,0.0
192,2,10,150,92,0.0
193,2,10,150,92,0.044029292293218426
194,2,10,150,92,0.19240249817644664
195,2,10,150,92,0.04606861224913365
196,2,10,150,92,0.04485361187694993
197,2,10,150,92,0.16261436624219067
198,2,10,150,92,0.028186415745733433
199,2,10,150,92,0.2529427027676571
200,2,10,150,92,0.23903021781429204
201,2,10,150,92,0.13525396835074274
202,2,10,150,92,0.27487633291429087
203,2,10,150,92,0.10238606821339166
204,2,10,150,92,0.08325563768773413
205,2,10,150,92,0.1465996756793884
206,2,10,150,92,0.028694189013458257
207,2,10,150,92,0.10829811763596481
208,2,10,150,92,0.10318619832562911
209,2,10,150,92,0.0
210,2,10,150,92,0.18937175954951105
211,2,10,150,92,0.0
212,2,10,150,92,0.164108698820099
213,2,10,150,92,0.20808658101351607
214,2,10,150,92,0.25168008015410515
215,2,10,150,92,0.11433722369502479
216,2,10,150,92,0.14425650580287722
217,2,10,150,92,0.10298663607405599
218,2,10,150,92,0.1023482199458735
219,2,10,150,92,0.0
220,2,10,150,92,0.0
221,2,10,150,92,0.10144613070733857
222,2,10,150,92,0.07761211457345131
223,2,10,150,92,0.0
224,2,10,150,92,0.029996736818897345
225,2,10,150,92,0.0
226,2,10,150,92,0.1498542968734124
227,2,10,150,92,0.11812975819364856
228,2,10,150,92,0.0
229,2,10,150,92,0.1353749952992483
230,2,10,150,92,0.29885542969810625
231,2,10,150,92,0.3903800499921017
232,2,10,150,92,0.13914352811061104
233,2,10,150,92,0.20041862413043413
234,2,10,150,92,0.21143763717438263
235,2,10,150,92,0.1075070751982482
236,2,10,150,92,0.1748476071795128
237,2,10,150,92,0.27346075713529205
238,2,10,150,92,0.0
239,2,10,150,92,0.14926316915841203
240,2,10,150,92,0.0
241,2,10,150,92,0.0
242,2,10,150,92,0.07673373981757839
243,2,10,150,92,0.2568245236714982
244,2,10,150,92,0.18280294015368334
245,2,10,150,92,0.0
246,2,10,150,92,0.12379877182510346
247,2,10,150,92,0.0
248,2,10,150,92,0.14176813152020928
249,2,10,150,92,0.25273723061556136
250,2,10,150,92,0.08513080051804543
251,2,10,150,92,0.12803494038364374
252,2,10,150,92,0.1904168294848087
253,2,10,150,92,0.204742498386431
254,2,10,150,92,0.2834002979184586
255,2,10,150,92,0.04662184073981129
256,2,10,150,92,0.33260401585908705
257,2,10,150,92,0.10559687561546657
258,2,10,150,92,0.09376545370390896
259,2,10,150,92,0.0
260,2,10,150,92,0.0
261,2,10,150,92,0.0
262,2,10,150,92,0.14662870872246536
263,2,10,150,92,0.16565508957374153
264,2,10,150,92,0.1369605071348852
265,2,10,150,92,0.08339602711200374
266,2,10,150,92,0.0
267,2,10,150,92,0.15946623251411773
268,2,10,150,92,0.19373103776204662
269,2,10,150,92,0.07991666515634646
270,2,10,150,92,0.13753262202696961
271,2,10,150,92,0.20401896890378474
272,2,10,150,92,0.366296454316556
273,2,10,150,92,0.06267320809766952
274,2,10,150,92,0.05829918151249392
275,2,10,150,92,0.04105877938688906
276,2,10,150,92,0.19052558070526904
277,2,10,150,92,0.0
278,2,10,150,92,0.04305311721683474
279,2,10,150,92,0.19108991061065148
280,2,10,150,92,0.0841500632404169
281,2,10,150,92,0.05516788910004661
282,2,10,150,92,0.0
283,2,10,150,92,0.06286054135527182
284,2,10,150,92,0.028031276514167806
285,2,10,150,92,0.15002687789384317
286,2,10,150,92,0.10716987013646836
287,2,10,150,92,0.14933178562928426
288,2,10,150,92,0.18109971158338595
289,2,10,150,92,0.06510475888148554
290,2,10,150,92,0.09449357188080848
291,2,10,150,92,0.17748922691988067
292,2,10,150,92,0.3713936936921286
293,2,10,150,92,0.20343601377585926
294,2,10,150,92,0.05942233668176323
295,2,10,150,92,0.21201342709556317
296,2,10,150,92,0.126694253429424
297,2,10,150,92,0.10547809104886068
298,2,10,150,92,0.4252278238676385
299,2,10,150,92,0.05389882485565562
300,2,10,150,92,0.0
301,2,10,150,92,0.1348819056641436
302,2,10,150,92,0.0
303,2,10,150,92,0.3252755905536004
304,2,10,150,92,0.09811693595042764
305,2,10,150,92,0.15377587171217844
306,2,10,150,92,0.07286537763060504
307,2,10,150,92,0.17167816797422253
308,2,10,150,92,0.11143240599991967
309,2,10,150,92,0.0
310,2,10,150,92,0.0
311,2,10,150,92,0.25325295310341156
312,2,10,150,92,0.1975666931997852
313,2,10,150,92,0.22676062260704077
314,2,10,150,92,0.1467839446144342
315,2,10,150,92,0.18129588776381328
316,2,10,150,92,0.22270580084154873
317,2,10,150,92,0.0
318,2,10,150,92,0.13166957165834908
319,2,10,150,92,0.0
320,2,10,150,92,0.04539294738377069
321,2,10,150,92,0.12530728980532893
322,2,10,150,92,0.3780567175504725
323,2,10,150,92,0.028361369701356044
324,2,10,150,92,0.06573619640629956
325,2,10,150,92,0.0811231025632827
326,2,10,150,92,0.14774251547484274
327,2,10,150,92,0.094554206308505
328,2,10,150,92,0.14304127376118922
329,2,10,150,92,0.0
330,2,10,150,92,0.17464041258343582
331,2,10,150,92,0.10096521657790082
332,2,10,150,92,0.20308551734089297
333,2,10,150,92,0.05206745415870339
334,2,10,150,92,0.13326475923419068
335,2,10,150,92,0.0
336,2,10,150,92,0.11501232379588432
337,2,10,150,92,0.10934082156401825
338,2,10,150,92,0.14269909689763496
339,2,10,150,92,0.3016554358783463
340,2,10,150,92,0.17896552649342137
341,2,10,150,92,0.0
342,2,10,150,92,0.2845617443994219
343,2,10,150,92,0.3148697991467657
344,2,10,150,92,0.1523980172868318
345,2,10,150,92,0.10686772084589051
346,2,10,150,92,0.2102586943425689
347,2,10,150,92,0.20485510809551669
348,2,10,150,92,0.0
349,2,10,150,92,0.163169180413793
350,2,10,150,92,0.18939048055890495
351,2,10,150,92,0.1610216634970071
352,2,10,150,92,0.3057524544183157
353,2,10,150,92,0.0
354,2,10,150,92,0.08982081782386522
355,2,10,150,92,0.0
356,2,10,150,92,0.10061931714936387
357,2,10,150,92,0.14019634392566574
358,2,10,150,92,0.0
359,2,10,150,92,0.0
360,2,10,150,92,0.22728151171982378
361,2,10,150,92,0.12786031464335298
362,2,10,150,92,0.04690797720830594
363,2,10,150,92,0.17490319704585944
364,2,10,150,92,0.0
365,2,10,150,92,0.0
366,2,10,150,92,0.09184114803951915
367,2,10,150,92,0.05534563970541805
368,2,10,150,92,0.06788053752288492
369,2,10,150,92,0.21386152848601384
370,2,10,150,92,0.0957000625269241
371,2,10,150,92,0.1597357002967986
372,2,10,150,92,0.11359189468068477
373,2,10,150,92,0.10496983264762118
374,2,10,150,92,0.1607577635826819
375,2,10,150,92,0.1676614286651071
376,2,10,150,92,0.07216815292900357
377,2,10,150,92,0.34749036439127307
378,2,10,150,92,0.04141778003493194
379,2,10,150,92,0.2407845951258123
380,2,10,150,92,0.09208418229247256
381,2,10,150,92,0.14660694539581717
382,2,10,150,92,0.14582500956521116
383,2,10,150,92,0.13650194595273554
384,2,10,150,92,0.0
385,2,10,150,92,0.1279021618306323
386,2,10,150,92,0.0
387,2,10,150,92,0.15815015559086745
388,2,10,150,92,0.03275673003454543
389,2,10,150,92,0.23486014126558652
390,2,10,150,92,0.10466779365752882
391,2,10,150,92,0.18344326580289438
392,2,10,150,92,0.16777779742497645
393,2,10,150,92,0.13446475832809562
394,2,10,150,92,0.2428956376202687
395,2,10,150,92,0.17280189068434965
396,2,10,150,92,0.08006506288147622
397,2,10,150,92,0.25466027584626727
398,2,10,150,92,0.12633080592181342
399,2,10,150,92,0.048658900177661196
400,2,10,150,92,0.0
401,2,10,150,92,0.0
402,2,10,150,92,0.1798991830195577
403,2,10,150,92,0.23561122801255002
404,2,10,150,92,0.0
405,2,10,150,92,0.2207123479534093
406,2,10,150,92,0.20319743160330778
407,2,10,150,92,0.08840773311911526
408,2,10,150,92,0.08490303813485527
409,2,10,150,92,0.1854414927009712
410,2,10,150,92,0.1510508871592243
411,2,10,150,92,0.13359023741301432
412,2,10,150,92,0.0647690283301182
413,2,10,150,92,0.19475935863737628
414,2,10,150,92,0.0858710743416444
415,2,10,150,92,0.15582818336744758
416,2,10,150,92,0.46167247072305867
417,2,10,150,92,0.21664783550071248
418,2,10,150,92,0.05130633033097092
419,2,10,150,92,0.13043508853971056
420,2,10,150,92,0.1979106713561055
421,2,10,150,92,0.3102692669240346
422,2,10,150,92,0.0654076987556055
423,2,10,150,92,0.0
424,2,10,150,92,0.039270700903099615
425,2,10,150,92,0.07564666131151174
426,2,10,150,92,0.03206656709567107
427,2,10,150,92,0.0
428,2,10,150,92,0.09545062073374358
429,2,10,150,92,0.21509479928177258
430,2,10,150,92,0.1910356879389014
431,2,10,150,92,0.0
432,2,10,150,92,0.13181508781832452
433,2,10,150,92,0.10047622221317463
434,2,10,150,92,0.21435951014939544
435,2,10,150,92,0.2573417787841281
436,2,10,150,92,0.08073573433990566
437,2,10,150,92,0.2468715811418812
438,2,10,150,92,0.11342455428465782
439,2,10,150,92,0.0
440,2,10,150,92,0.056388463063434605
441,2,10,150,92,0.2078055819841487
442,2,10,150,92,0.04062732041938225
443,2,10,150,92,0.0
444,2,10,150,92,0.0796221118108625
445,2,10,150,92,0.06656553044254701
446,2,10,150,92,0.15440950258541247
447,2,10,150,92,0.06755943234053442
448,2,10,150,92,0.049326153683410964
449,2,10,150,92,0.1400796026466503
450,2,10,150,92,0.4897887144746311
451,2,10,150,92,0.05163551141839463
452,2,10,150,92,0.20804344255167403
453,2,10,150,92,0.13767452700065452
454,2,10,150,92,0.0
455,2,10,150,92,0.17567159782541333
456,2,10,150,92,0.10017918716657125
457,2,10,150,92,0.41139908567655276
458,2,10,150,92,0.2537193820456369
459,2,10,150,92,0.22350678403150168
460,2,10,150,92,0.07041837375515932
461,2,10,150,92,0.06961399513856609
462,2,10,150,92,0.18564976427020158
463,2,10,150,92,0.21881515471619958
464,2,10,150,92,0.06726768733602535
465,2,10,150,92,0.10783006935442738
466,2,10,150,92,0.12816210679182038
467,2,10,150,92,0.09300532025926726
468,2,10,150,92,0.2504459841080331
469,2,10,150,92,0.07770822948326245
470,2,10,150,92,0.04760723841253984
471,2,10,150,92,0.0
472,2,10,150,92,0.23400392269731704
473,2,10,150,92,0.2622744659873325
474,2,10,150,92,0.42040029629644876
475,2,10,150,92,0.07311683844390994
476,2,10,150,92,0.037130087375373766
477,2,10,150,92,0.10705212034121535
478,2,10,150,92,0.1437068872495116
479,2,10,150,92,0.1904568963143427
480,2,10,150,92,0.15920120556239784
481,2,10,150,92,0.12113079634450404
482,2,10,150,92,0.04290887548434951
483,2,10,150,92,0.044584249489688726
484,2,10,150,92,0.21280961292893452
485,2,10,150,92,0.036556008482007775
486,2,10,150,92,0.037551180085133536
487,2,10,150,92,0.275201243183213
488,2,10,150,92,0.0
489,2,10,150,92,0.09125951875893978
490,2,10,150,92,0.11630686983226163
491,2,10,150,92,0.03859643636257609
492,2,10,150,92,0.1338895448360617
493,2,10,150,92,0.2595111329305249
494,2,10,150,92,0.10841985052222541
495,2,10,150,92,0.1996749531533383
496,2,10,150,92,0.023205371908120297
497,2,10,150,92,0.1911342271112774
498,2,10,150,92,0.07358364093338247
499,2,10,150,92,0.15260244507131887
500,2,10,150,92,0.12298652586482194
501,2,10,150,92,0.02184231145035861
502,2,10,150,92,0.06689893193796337
503,2,10,150,92,0.22411495208512985
504,2,10,150,92,0.10760395311175268
505,2,10,150,92,0.05688647497208646
506,2,10,150,92,0.1233919478447381
507,2,10,150,92,0.04255090034092519
508,2,10,150,92,0.20345924618307185
509,2,10,150,92,0.031611854308622345
510,2,10,150,92,0.0
511,2,10,150,92,0.0
512,2,10,150,92,0.08364069030518707
513,2,10,150,92,0.11506360809154491
514,2,10,150,92,0.16578726587197626
515,2,10,150,92,0.034743705427429224
516,2,10,150,92,0.1340330647732781
517,2,10,150,92,0.07931777113368761
518,2,10,150,92,0.14341019153063672
519,2,10,150,92,0.10560636946921488
520,2,10,150,92,0.0
521,2,10,150,92,0.013100052175929421
522,2,10,150,92,0.0559167101555819
523,2,10,150,92,0.2344066446478321
524,2,10,150,92,0.12139532738996409
525,2,10,150,92,0.02228065271804083
526,2,10,150,92,0.02505758835695044
527,2,10,150,92,0.35360031514866236
528,2,10,150,92,0.2269962474823218
529,2,10,150,92,0.0
530,2,10,150,92,0.05554513395194445
531,2,10,150,92,0.0
532,2,10,150,92,0.1076341290129368
533,2,10,150,92,0.026174664717688548
534,2,10,150,92,0.024909303741335254
535,2,10,150,92,0.20139880789960526
536,2,10,150,92,0.16340884055250954
537,2,10,150,92,0.4061283123487976
538,2,10,150,92,0.06986755390827007
539,2,10,150,92,0.09953437200841515
540,2,10,150,92,0.0
541,2,10,150,92,0.08397287070222587
542,2,10,150,92,0.07797598981103891
543,2,10,150,92,0.11938130432473343
544,2,10,150,92,0.0
545,2,10,150,92,0.060216826583478454
546,2,10,150,92,0.08187211419398947
547,2,10,150,92,0.04855455745827926
548,2,10,150,92,0.09589255277111255
549,2,10,150,92,0.0
550,2,10,150,92,0.09688698360286704
551,2,10,150,92,0.23754538813623147
552,2,10,150,92,0.048059443651065493
553,2,10,150,92,0.25838324961973735
554,2,10,150,92,0.1061717592653675
555,2,10,150,92,0.09809088686968297
556,2,10,150,92,0.16258997327839542
557,2,10,150,92,0.04470486007704452
558,2,10,150,92,0.265053101293003
559,2,10,150,92,0.1306794248970741
560,2,10,150,92,0.046716390531725466
561,2,10,150,92,0.14865786362526373
562,2,10,150,92,0.07720150835011791
563,2,10,150,92,0.0
564,2,10,150,92,0.0
565,2,10,150,92,0.28663011782160785
566,2,10,150,92,0.049763902181020156
567,2,10,150,92,0.10828657397486113
568,2,10,150,92,0.0
569,2,10,150,92,0.17563954439010937
570,2,10,150,92,0.0
571,2,10,150,92,0.16104477175644444
572,2,10,150,92,0.0
573,2,10,150,92,0.03246641181906899
574,2,10,150,92,0.05058854055353143
575,2,10,150,92,0.05154847002173459
576,2,10,150,92,0.0
577,2,10,150,92,0.0784247757209491
578,2,10,150,92,0.0
579,2,10,150,92,0.08297540479108526
580,2,10,150,92,0.21602760439924668
581,2,10,150,92,0.0
582,2,10,150,92,0.0437514209980628
583,2,10,150,92,0.08356526807460651
584,2,10,150,92,0.09591939076437811
585,2,10,150,92,0.10653251525271548
586,2,10,150,92,0.10132509239867551
587,2,10,150,92,0.03459392809572638
588,2,10,150,92,0.053821119735696775
589,2,10,150,92,0.13061191070808464
590,2,10,150,92,0.06139304560474655
591,2,10,150,92,0.0
592,2,10,150,92,0.3162895979196809
593,2,10,150,92,0.04586709436300111
594,2,10,150,92,0.0
595,2,10,150,92,0.0
596,2,10,150,92,0.0
597,2,10,150,92,0.0
598,2,10,150,92,0.0
599,2,10,150,92,0.03373797440426373
600,2,10,150,92,0.024325165853816375
601,2,10,150,92,0.03369782041898502
602,2,10,150,92,0.0
603,2,10,150,92,0.1435203717549576
604,2,10,150,92,0.0
605,2,10,150,92,0.2645541144793553
606,2,10,150,92,0.24870693244846395
607,2,10,150,92,0.08440880858250024
608,2,10,150,92,0.2297355802772357
609,2,10,150,92,0.0
610,2,10,150,92,0.1629867900167321
611,2,10,150,92,0.08045389590462838
612,2,10,150,92,0.15130120674940672
613,2,10,150,92,0.0
614,2,10,150,92,0.08861505596859857
615,2,10,150,92,0.1479554402409639
616,2,10,150,92,0.0
617,2,10,150,92,0.044257815106106525
618,2,10,150,92,0.18766481803906507
619,2,10,150,92,0.09637551974188778
620,2,10,150,92,0.08396948777462541
621,2,10,150,92,0.07911675782853725
622,2,10,150,92,0.12980296240199146
623,2,10,150,92,0.0
624,2,10,150,92,0.08175619017377453
625,2,10,150,92,0.0
626,2,10,150,92,0.0
627,2,10,150,92,0.020478112772268246
628,2,10,150,92,0.0
629,2,10,150,92,0.2466228630593721
630,2,10,150,92,0.0
631,2,10,150,92,0.16868725245403154
632,2,10,150,92,0.13439570003165963
633,2,10,150,92,0.07667481399289292
634,2,10,150,92,0.030975021478781034
635,2,10,150,92,0.0
636,2,10,150,92,0.0
637,2,10,150,92,0.0
638,2,10,150,92,0.0
639,2,10,150,92,0.0
640,2,10,150,92,0.07887611601996505
642,2,10,150,92,0.1329152156038286
643,2,10,150,92,0.0
644,2,10,150,92,0.0
645,2,10,150,92,0.09759501249802542
647,2,10,150,92,0.0
648,2,10,150,92,0.21223061777480637
649,2,10,150,92,1.0
650,2,10,150,92,0.036030247125383656
651,2,10,150,92,0.0
653,2,10,150,92,0.040484256935344326
654,2,10,150,92,0.058087171966128066
655,2,10,150,92,0.2211917314646663
658,2,10,150,92,0.0
1,2,10,150,93,0.5343723497595074
2,2,10,150,93,0.2268511698743587
3,2,10,150,93,0.03098598178059488
4,2,10,150,93,0.06166887310869151
5,2,10,150,93,0.12620564628865164
6,2,10,150,93,0.17961772474519622
7,2,10,150,93,0.25066131152947163
8,2,10,150,93,0.06653535276206901
9,2,10,150,93,0.0
10,2,10,150,93,0.2043831529067321
11,2,10,150,93,0.10464473261331256
12,2,10,150,93,0.10103399773096396
13,2,10,150,93,0.38919632455300796
14,2,10,150,93,0.15461807617997098
15,2,10,150,93,0.01616702920033762
16,2,10,150,93,0.2820343761027718
17,2,10,150,93,0.10312948447052589
18,2,10,150,93,0.24231349134271257
19,2,10,150,93,0.0
20,2,10,150,93,0.06057715324397481
21,2,10,150,93,0.012720674487092647
22,2,10,150,93,0.05035691655673683
23,2,10,150,93,0.22807475621810358
24,2,10,150,93,0.12818798445247553
25,2,10,150,93,0.03078223202175778
26,2,10,150,93,0.1475005395151273
27,2,10,150,93,0.0
28,2,10,150,93,0.16080076733974918
29,2,10,150,93,0.0
30,2,10,150,93,0.0
31,2,10,150,93,0.08090642992710743
32,2,10,150,93,0.14779014095437779
33,2,10,150,93,0.0
34,2,10,150,93,0.07239559903187814
35,2,10,150,93,0.0
36,2,10,150,93,0.0
37,2,10,150,93,0.0
38,2,10,150,93,0.12297908439989445
39,2,10,150,93,0.15820890896021753
40,2,10,150,93,0.2212397779175911
41,2,10,150,93,0.0
42,2,10,150,93,0.20130152528989256
43,2,10,150,93,0.10840884994756145
44,2,10,150,93,0.1565413821318793
45,2,10,150,93,0.0
46,2,10,150,93,0.10684080426179023
47,2,10,150,93,0.11437926488327832
48,2,10,150,93,0.16438571914394637
49,2,10,150,93,0.05920283200708927
50,2,10,150,93,0.046726672111120165
51,2,10,150,93,0.07984133538066794
52,2,10,150,93,0.05244652348163508
53,2,10,150,93,0.12810519548676028
54,2,10,150,93,0.14404412800290828
55,2,10,150,93,0.0
56,2,10,150,93,0.22047893971599028
57,2,10,150,93,0.0524456916588361
58,2,10,150,93,0.16366022196121796
59,2,10,150,93,0.29016625668957213
60,2,10,150,93,0.2158570564681132
61,2,10,150,93,0.06416923277158361
62,2,10,150,93,0.18160332589227857
63,2,10,150,93,0.10055844624153853
64,2,10,150,93,0.04583023181159601
65,2,10,150,93,0.18154179097601578
66,2,10,150,93,0.12995427111679475
67,2,10,150,93,0.24630238874073
68,2,10,150,93,0.04358896759704514
69,2,10,150,93,0.19699902273515738
70,2,10,150,93,0.06577317760289236
71,2,10,150,93,0.08190066039082215
72,2,10,150,93,0.28907547922366217
73,2,10,150,93,0.28969967958004655
74,2,10,150,93,0.17342765698823945
75,2,10,150,93,0.16021137204676433
76,2,10,150,93,0.23191508057904175
77,2,10,150,93,0.15029758260072817
78,2,10,150,93,0.0
79,2,10,150,93,0.11837298765331451
80,2,10,150,93,0.1744476820873323
81,2,10,150,93,0.02668972877827465
82,2,10,150,93,0.06437887178128218
83,2,10,150,93,0.046841820324159865
84,2,10,150,93,0.029136604147144557
85,2,10,150,93,0.18442983312439273
86,2,10,150,93,0.07028063830038406
87,2,10,150,93,0.20523162803222705
88,2,10,150,93,0.06294571929989644
89,2,10,150,93,0.2334685083478665
90,2,10,150,93,0.17313204566143872
91,2,10,150,93,0.07054411138080068
92,2,10,150,93,0.11942017488768149
93,2,10,150,93,0.0
94,2,10,150,93,0.24145934994922186
95,2,10,150,93,0.12485211086506379
96,2,10,150,93,0.2910849944526355
97,2,10,150,93,0.3506682263021138
98,2,10,150,93,0.0
99,2,10,150,93,0.13656436417013992
100,2,10,150,93,0.0
101,2,10,150,93,0.0
102,2,10,150,93,0.05671879843401278
103,2,10,150,93,0.04579340374561851
104,2,10,150,93,0.0
105,2,10,150,93,0.0
106,2,10,150,93,0.0
107,2,10,150,93,0.09995553728965398
108,2,10,150,93,0.07859158628121365
109,2,10,150,93,0.20086438685781322
110,2,10,150,93,0.037578324799282276
111,2,10,150,93,0.09077089626867633
112,2,10,150,93,0.0
113,2,10,150,93,0.178509607681865
114,2,10,150,93,0.02951022367272685
115,2,10,150,93,0.24220379575977083
116,2,10,150,93,0.041610162623197416
117,2,10,150,93,0.07736180228640575
118,2,10,150,93,0.19326159470866278
119,2,10,150,93,0.16560277932443881
120,2,10,150,93,0.40177646466663713
121,2,10,150,93,0.115269333086109
122,2,10,150,93,0.1467899073100297
123,2,10,150,93,0.12990556389377814
124,2,10,150,93,0.18903749859471425
125,2,10,150,93,0.1788785148307843
126,2,10,150,93,0.0
127,2,10,150,93,0.12503310750358904
128,2,10,150,93,0.07117364753699024
129,2,10,150,93,0.0
130,2,10,150,93,0.11043302665459546
131,2,10,150,93,0.36227735599025207
132,2,10,150,93,0.12643913909707097
133,2,10,150,93,0.0
134,2,10,150,93,0.0
135,2,10,150,93,0.0
136,2,10,150,93,0.1949254865702981
137,2,10,150,93,0.1142541952759239
138,2,10,150,93,0.15545471738318148
139,2,10,150,93,0.05165643482805862
140,2,10,150,93,0.0732173666263434
141,2,10,150,93,0.12556328258692692
142,2,10,150,93,0.0
143,2,10,150,93,0.06882065896991112
144,2,10,150,93,0.1778212661301716
145,2,10,150,93,0.1074935252705928
146,2,10,150,93,0.0
147,2,10,150,93,0.06664071636913875
148,2,10,150,93,0.1606863768135813
149,2,10,150,93,0.10486881530019958
150,2,10,150,93,0.0
151,2,10,150,93,0.20411691507122928
152,2,10,150,93,0.09023573428198242
153,2,10,150,93,0.071942683897578
154,2,10,150,93,0.08491065065836505
155,2,10,150,93,0.0
156,2,10,150,93,0.06437746926759551
157,2,10,150,93,0.11756317838740467
158,2,10,150,93,0.17368343162211233
159,2,10,150,93,0.024782300799839303
160,2,10,150,93,0.1330098122581384
161,2,10,150,93,0.0
162,2,10,150,93,0.08299661455725149
163,2,10,150,93,0.0
164,2,10,150,93,0.029649957429587842
165,2,10,150,93,0.0
166,2,10,150,93,0.06175696970122604
167,2,10,150,93,0.040419659112753054
168,2,10,150,93,0.0641665753731138
169,2,10,150,93,0.03870447337439288
170,2,10,150,93,0.0
171,2,10,150,93,0.0
172,2,10,150,93,0.08232325035020067
173,2,10,150,93,0.1448442050067646
174,2,10,150,93,0.2622747997764713
175,2,10,150,93,0.22732566419594713
176,2,10,150,93,0.027651749128023803
177,2,10,150,93,0.3152442026717657
178,2,10,150,93,0.1509306125771355
179,2,10,150,93,0.09299583347145139
180,2,10,150,93,0.13545568635409455
181,2,10,150,93,0.0483889310666557
182,2,10,150,93,0.05005165434923901
183,2,10,150,93,0.0
184,2,10,150,93,0.15639932187667255
185,2,10,150,93,0.0
186,2,10,150,93,0.05478814761334652
187,2,10,150,93,0.16902512893841318
188,2,10,150,93,0.3504249889151446
189,2,10,150,93,0.209805850077053
190,2,10,150,93,0.025938546612492997
191,2,10,150,93,0.0
192,2,10,150,93,0.0
193,2,10,150,93,0.044029292293218426
194,2,10,150,93,0.19240249817644664
195,2,10,150,93,0.04606861224913365
196,2,10,150,93,0.04485361187694993
197,2,10,150,93,0.16261436624219067
198,2,10,150,93,0.028186415745733433
199,2,10,150,93,0.2529427027676571
200,2,10,150,93,0.23903021781429204
201,2,10,150,93,0.13525396835074274
202,2,10,150,93,0.27487633291429087
203,2,10,150,93,0.10238606821339166
204,2,10,150,93,0.08325563768773413
205,2,10,150,93,0.1465996756793884
206,2,10,150,93,0.028694189013458257
207,2,10,150,93,0.11885762425589542
208,2,10,150,93,0.10318619832562911
209,2,10,150,93,0.0
210,2,10,150,93,0.2038640973809669
211,2,10,150,93,0.0
212,2,10,150,93,0.164108698820099
213,2,10,150,93,0.20808658101351607
214,2,10,150,93,0.25168008015410515
215,2,10,150,93,0.11433722369502479
216,2,10,150,93,0.14425650580287722
217,2,10,150,93,0.10298663607405599
218,2,10,150,93,0.1023482199458735
219,2,10,150,93,0.0
220,2,10,150,93,0.0
221,2,10,150,93,0.10144613070733857
222,2,10,150,93,0.07761211457345131
223,2,10,150,93,0.0
224,2,10,150,93,0.029996736818897345
225,2,10,150,93,0.0
226,2,10,150,93,0.1498542968734124
227,2,10,150,93,0.11812975819364856
228,2,10,150,93,0.0
229,2,10,150,93,0.1353749952992483
230,2,10,150,93,0.29885542969810625
231,2,10,150,93,0.3903800499921017
232,2,10,150,93,0.13914352811061104
233,2,10,150,93,0.20041862413043413
234,2,10,150,93,0.21748918499154435
235,2,10,150,93,0.1075070751982482
236,2,10,150,93,0.1748476071795128
237,2,10,150,93,0.27346075713529205
238,2,10,150,93,0.0
239,2,10,150,93,0.1640226646237981
240,2,10,150,93,0.0
241,2,10,150,93,0.0
242,2,10,150,93,0.07673373981757839
243,2,10,150,93,0.2568245236714982
244,2,10,150,93,0.18280294015368334
245,2,10,150,93,0.0
246,2,10,150,93,0.12379877182510346
247,2,10,150,93,0.0
248,2,10,150,93,0.14176813152020928
249,2,10,150,93,0.25273723061556136
250,2,10,150,93,0.08513080051804543
251,2,10,150,93,0.12803494038364374
252,2,10,150,93,0.1904168294848087
253,2,10,150,93,0.204742498386431
254,2,10,150,93,0.2834002979184586
255,2,10,150,93,0.04662184073981129
256,2,10,150,93,0.33260401585908705
257,2,10,150,93,0.10559687561546657
258,2,10,150,93,0.09376545370390896
259,2,10,150,93,0.0
260,2,10,150,93,0.0
261,2,10,150,93,0.0
262,2,10,150,93,0.14662870872246536
263,2,10,150,93,0.16565508957374153
264,2,10,150,93,0.1369605071348852
265,2,10,150,93,0.08339602711200374
266,2,10,150,93,0.0
267,2,10,150,93,0.15946623251411773
268,2,10,150,93,0.19373103776204662
269,2,10,150,93,0.07991666515634646
270,2,10,150,93,0.13753262202696961
271,2,10,150,93,0.20401896890378474
272,2,10,150,93,0.366296454316556
273,2,10,150,93,0.06267320809766952
274,2,10,150,93,0.05829918151249392
275,2,10,150,93,0.04105877938688906
276,2,10,150,93,0.1890634583464247
277,2,10,150,93,0.0
278,2,10,150,93,0.04305311721683474
279,2,10,150,93,0.18962345749806073
280,2,10,150,93,0.0841500632404169
281,2,10,150,93,0.05516788910004661
282,2,10,150,93,0.0
283,2,10,150,93,0.06286054135527182
284,2,10,150,93,0.028031276514167806
285,2,10,150,93,0.15002687789384317
286,2,10,150,93,0.10716987013646836
287,2,10,150,93,0.14933178562928426
288,2,10,150,93,0.18109971158338595
289,2,10,150,93,0.06510475888148554
290,2,10,150,93,0.09449357188080848
291,2,10,150,93,0.18686703515526518
292,2,10,150,93,0.3713936936921286
293,2,10,150,93,0.209548967271118
294,2,10,150,93,0.05942233668176323
295,2,10,150,93,0.21201342709556317
296,2,10,150,93,0.126694253429424
297,2,10,150,93,0.10547809104886068
298,2,10,150,93,0.4252278238676385
299,2,10,150,93,0.05389882485565562
300,2,10,150,93,0.0
301,2,10,150,93,0.1348819056641436
302,2,10,150,93,0.0
303,2,10,150,93,0.32277937607166984
304,2,10,150,93,0.09811693595042764
305,2,10,150,93,0.15377587171217844
306,2,10,150,93,0.07286537763060504
307,2,10,150,93,0.17167816797422253
308,2,10,150,93,0.1105772567243778
309,2,10,150,93,0.0
310,2,10,150,93,0.0
311,2,10,150,93,0.25325295310341156
312,2,10,150,93,0.1975666931997852
313,2,10,150,93,0.22676062260704077
314,2,10,150,93,0.1467839446144342
315,2,10,150,93,0.18129588776381328
316,2,10,150,93,0.22270580084154873
317,2,10,150,93,0.0
318,2,10,150,93,0.13166957165834908
319,2,10,150,93,0.0
320,2,10,150,93,0.04539294738377069
321,2,10,150,93,0.12530728980532893
322,2,10,150,93,0.3780567175504725
323,2,10,150,93,0.028361369701356044
324,2,10,150,93,0.06573619640629956
325,2,10,150,93,0.0811231025632827
326,2,10,150,93,0.14774251547484274
327,2,10,150,93,0.1025360983433444
328,2,10,150,93,0.14304127376118922
329,2,10,150,93,0.0
330,2,10,150,93,0.17464041258343582
331,2,10,150,93,0.10096521657790082
332,2,10,150,93,0.20308551734089297
333,2,10,150,93,0.05206745415870339
334,2,10,150,93,0.13991621763694656
335,2,10,150,93,0.0
336,2,10,150,93,0.11501232379588432
337,2,10,150,93,0.10934082156401825
338,2,10,150,93,0.14269909689763496
339,2,10,150,93,0.3016554358783463
340,2,10,150,93,0.17896552649342137
341,2,10,150,93,0.0
342,2,10,150,93,0.2845617443994219
343,2,10,150,93,0.3148697991467657
344,2,10,150,93,0.1523980172868318
345,2,10,150,93,0.10686772084589051
346,2,10,150,93,0.2102586943425689
347,2,10,150,93,0.20485510809551669
348,2,10,150,93,0.0
349,2,10,150,93,0.163169180413793
350,2,10,150,93,0.18939048055890495
351,2,10,150,93,0.1610216634970071
352,2,10,150,93,0.3057524544183157
353,2,10,150,93,0.0
354,2,10,150,93,0.08982081782386522
355,2,10,150,93,0.0
356,2,10,150,93,0.10061931714936387
357,2,10,150,93,0.14019634392566574
358,2,10,150,93,0.0
359,2,10,150,93,0.0
360,2,10,150,93,0.22728151171982378
361,2,10,150,93,0.12786031464335298
362,2,10,150,93,0.04690797720830594
363,2,10,150,93,0.17356096324141454
364,2,10,150,93,0.0
365,2,10,150,93,0.0
366,2,10,150,93,0.09184114803951915
367,2,10,150,93,0.05534563970541805
368,2,10,150,93,0.06788053752288492
369,2,10,150,93,0.21386152848601384
370,2,10,150,93,0.0957000625269241
371,2,10,150,93,0.1597357002967986
372,2,10,150,93,0.11359189468068477
373,2,10,150,93,0.10496983264762118
374,2,10,150,93,0.1607577635826819
375,2,10,150,93,0.1676614286651071
376,2,10,150,93,0.07216815292900357
377,2,10,150,93,0.34749036439127307
378,2,10,150,93,0.041099933675306094
379,2,10,150,93,0.2407845951258123
380,2,10,150,93,0.10289762131367564
381,2,10,150,93,0.14660694539581717
382,2,10,150,93,0.14582500956521116
383,2,10,150,93,0.13650194595273554
384,2,10,150,93,0.0
385,2,10,150,93,0.1269206211374359
386,2,10,150,93,0.0
387,2,10,150,93,0.15693648718115494
388,2,10,150,93,0.03275673003454543
389,2,10,150,93,0.23486014126558652
390,2,10,150,93,0.10466779365752882
391,2,10,150,93,0.18344326580289438
392,2,10,150,93,0.16777779742497645
393,2,10,150,93,0.13343285526867263
394,2,10,150,93,0.2428956376202687
395,2,10,150,93,0.17280189068434965
396,2,10,150,93,0.08006506288147622
397,2,10,150,93,0.27208443869728477
398,2,10,150,93,0.12633080592181342
399,2,10,150,93,0.04828548435788952
400,2,10,150,93,0.0
401,2,10,150,93,0.0
402,2,10,150,93,0.1798991830195577
403,2,10,150,93,0.23561122801255002
404,2,10,150,93,0.0
405,2,10,150,93,0.21901856773963885
406,2,10,150,93,0.20163806352839014
407,2,10,150,93,0.08840773311911526
408,2,10,150,93,0.08490303813485527
409,2,10,150,93,0.1854414927009712
410,2,10,150,93,0.1510508871592243
411,2,10,150,93,0.13359023741301432
412,2,10,150,93,0.0647690283301182
413,2,10,150,93,0.19475935863737628
414,2,10,150,93,0.0858710743416444
415,2,10,150,93,0.15582818336744758
416,2,10,150,93,0.45812952578407273
417,2,10,150,93,0.21498524697528587
418,2,10,150,93,0.05130633033097092
419,2,10,150,93,0.13043508853971056
420,2,10,150,93,0.1979106713561055
421,2,10,150,93,0.3102692669240346
422,2,10,150,93,0.0654076987556055
423,2,10,150,93,0.0
424,2,10,150,93,0.06775879819657901
425,2,10,150,93,0.07564666131151174
426,2,10,150,93,0.03206656709567107
427,2,10,150,93,0.0
428,2,10,150,93,0.09545062073374358
429,2,10,150,93,0.2211182814792556
430,2,10,150,93,0.1910356879389014
431,2,10,150,93,0.0
432,2,10,150,93,0.13181508781832452
433,2,10,150,93,0.10047622221317463
434,2,10,150,93,0.21435951014939544
435,2,10,150,93,0.2553668987326819
436,2,10,150,93,0.09225202744600981
437,2,10,150,93,0.24497705098370168
438,2,10,150,93,0.11342455428465782
439,2,10,150,93,0.0
440,2,10,150,93,0.056388463063434605
441,2,10,150,93,0.2078055819841487
442,2,10,150,93,0.04062732041938225
443,2,10,150,93,0.0
444,2,10,150,93,0.0796221118108625
445,2,10,150,93,0.06656553044254701
446,2,10,150,93,0.15440950258541247
447,2,10,150,93,0.06755943234053442
448,2,10,150,93,0.049326153683410964
449,2,10,150,93,0.1400796026466503
450,2,10,150,93,0.4860300011937579
451,2,10,150,93,0.05163551141839463
452,2,10,150,93,0.20804344255167403
453,2,10,150,93,0.14765608024766688
454,2,10,150,93,0.0
455,2,10,150,93,0.17567159782541333
456,2,10,150,93,0.09941039680831651
457,2,10,150,93,0.40824194636040856
458,2,10,150,93,0.2537193820456369
459,2,10,150,93,0.22350678403150168
460,2,10,150,93,0.07041837375515932
461,2,10,150,93,0.06961399513856609
462,2,10,150,93,0.18564976427020158
463,2,10,150,93,0.21881515471619958
464,2,10,150,93,0.06726768733602535
465,2,10,150,93,0.10783006935442738
466,2,10,150,93,0.12816210679182038
467,2,10,150,93,0.09300532025926726
468,2,10,150,93,0.2504459841080331
469,2,10,150,93,0.07770822948326245
470,2,10,150,93,0.04760723841253984
471,2,10,150,93,0.0
472,2,10,150,93,0.23220814091218078
473,2,10,150,93,0.2622744659873325
474,2,10,150,93,0.41717408031744757
475,2,10,150,93,0.07311683844390994
476,2,10,150,93,0.037130087375373766
477,2,10,150,93,0.10705212034121535
478,2,10,150,93,0.1437068872495116
479,2,10,150,93,0.1904568963143427
480,2,10,150,93,0.15920120556239784
481,2,10,150,93,0.12113079634450404
482,2,10,150,93,0.04290887548434951
483,2,10,150,93,0.044584249489688726
484,2,10,150,93,0.21280961292893452
485,2,10,150,93,0.036556008482007775
486,2,10,150,93,0.037551180085133536
487,2,10,150,93,0.2730893068786472
488,2,10,150,93,0.0
489,2,10,150,93,0.09125951875893978
490,2,10,150,93,0.11630686983226163
491,2,10,150,93,0.03859643636257609
492,2,10,150,93,0.1338895448360617
493,2,10,150,93,0.2595111329305249
494,2,10,150,93,0.10841985052222541
495,2,10,150,93,0.1996749531533383
496,2,10,150,93,0.023205371908120297
497,2,10,150,93,0.1896674339071032
498,2,10,150,93,0.07358364093338247
499,2,10,150,93,0.15260244507131887
500,2,10,150,93,0.12204270851159357
501,2,10,150,93,0.02184231145035861
502,2,10,150,93,0.06689893193796337
503,2,10,150,93,0.22411495208512985
504,2,10,150,93,0.10677818396746065
505,2,10,150,93,0.05688647497208646
506,2,10,150,93,0.1233919478447381
507,2,10,150,93,0.04255090034092519
508,2,10,150,93,0.20345924618307185
509,2,10,150,93,0.031611854308622345
510,2,10,150,93,0.0
511,2,10,150,93,0.0
512,2,10,150,93,0.08364069030518707
513,2,10,150,93,0.11506360809154491
514,2,10,150,93,0.16578726587197626
515,2,10,150,93,0.034743705427429224
516,2,10,150,93,0.1340330647732781
517,2,10,150,93,0.07931777113368761
518,2,10,150,93,0.14341019153063672
519,2,10,150,93,0.10560636946921488
520,2,10,150,93,0.0
521,2,10,150,93,0.013100052175929421
522,2,10,150,93,0.0559167101555819
523,2,10,150,93,0.2344066446478321
524,2,10,150,93,0.12139532738996409
525,2,10,150,93,0.02228065271804083
526,2,10,150,93,0.02505758835695044
527,2,10,150,93,0.35360031514866236
528,2,10,150,93,0.2269962474823218
529,2,10,150,93,0.0
530,2,10,150,93,0.05554513395194445
531,2,10,150,93,0.0
532,2,10,150,93,0.10680812829417768
533,2,10,150,93,0.025973796349371178
534,2,10,150,93,0.024909303741335254
535,2,10,150,93,0.20139880789960526
536,2,10,150,93,0.16340884055250954
537,2,10,150,93,0.40301162175089056
538,2,10,150,93,0.06986755390827007
539,2,10,150,93,0.09953437200841515
540,2,10,150,93,0.0
541,2,10,150,93,0.08397287070222587
542,2,10,150,93,0.07797598981103891
543,2,10,150,93,0.11938130432473343
544,2,10,150,93,0.0
545,2,10,150,93,0.060216826583478454
546,2,10,150,93,0.08187211419398947
547,2,10,150,93,0.04855455745827926
548,2,10,150,93,0.09589255277111255
549,2,10,150,93,0.0
550,2,10,150,93,0.09688698360286704
551,2,10,150,93,0.23572242860529255
552,2,10,150,93,0.048059443651065493
553,2,10,150,93,0.27342202341537997
554,2,10,150,93,0.1061717592653675
555,2,10,150,93,0.09809088686968297
556,2,10,150,93,0.16258997327839542
557,2,10,150,93,0.04470486007704452
558,2,10,150,93,0.265053101293003
559,2,10,150,93,0.1306794248970741
560,2,10,150,93,0.046716390531725466
561,2,10,150,93,0.14865786362526373
562,2,10,150,93,0.07720150835011791
563,2,10,150,93,0.0
564,2,10,150,93,0.0
565,2,10,150,93,0.28663011782160785
566,2,10,150,93,0.049763902181020156
567,2,10,150,93,0.10828657397486113
568,2,10,150,93,0.0
569,2,10,150,93,0.17563954439010937
570,2,10,150,93,0.0
571,2,10,150,93,0.16104477175644444
572,2,10,150,93,0.0
573,2,10,150,93,0.03246641181906899
574,2,10,150,93,0.05058854055353143
575,2,10,150,93,0.05154847002173459
576,2,10,150,93,0.0
577,2,10,150,93,0.0784247757209491
578,2,10,150,93,0.0
579,2,10,150,93,0.08297540479108526
580,2,10,150,93,0.21602760439924668
581,2,10,150,93,0.0
582,2,10,150,93,0.0437514209980628
583,2,10,150,93,0.08356526807460651
584,2,10,150,93,0.09591939076437811
585,2,10,150,93,0.10653251525271548
586,2,10,150,93,0.10132509239867551
587,2,10,150,93,0.03459392809572638
588,2,10,150,93,0.053821119735696775
589,2,10,150,93,0.13061191070808464
590,2,10,150,93,0.06139304560474655
591,2,10,150,93,0.0
592,2,10,150,93,0.3162895979196809
593,2,10,150,93,0.04586709436300111
594,2,10,150,93,0.0
595,2,10,150,93,0.0
596,2,10,150,93,0.0
597,2,10,150,93,0.0
598,2,10,150,93,0.0
599,2,10,150,93,0.03373797440426373
600,2,10,150,93,0.024325165853816375
601,2,10,150,93,0.03369782041898502
602,2,10,150,93,0.0
603,2,10,150,93,0.1435203717549576
604,2,10,150,93,0.0
605,2,10,150,93,0.2645541144793553
606,2,10,150,93,0.24870693244846395
607,2,10,150,93,0.08440880858250024
608,2,10,150,93,0.2297355802772357
609,2,10,150,93,0.0
610,2,10,150,93,0.1629867900167321
611,2,10,150,93,0.08045389590462838
612,2,10,150,93,0.15130120674940672
613,2,10,150,93,0.0
614,2,10,150,93,0.08861505596859857
615,2,10,150,93,0.1479554402409639
616,2,10,150,93,0.0
617,2,10,150,93,0.044257815106106525
618,2,10,150,93,0.18766481803906507
619,2,10,150,93,0.09637551974188778
620,2,10,150,93,0.08396948777462541
621,2,10,150,93,0.07911675782853725
622,2,10,150,93,0.12980296240199146
623,2,10,150,93,0.0
624,2,10,150,93,0.08175619017377453
625,2,10,150,93,0.0
626,2,10,150,93,0.0
627,2,10,150,93,0.020478112772268246
628,2,10,150,93,0.0
629,2,10,150,93,0.2466228630593721
630,2,10,150,93,0.0
631,2,10,150,93,0.16868725245403154
632,2,10,150,93,0.13439570003165963
633,2,10,150,93,0.07667481399289292
634,2,10,150,93,0.030975021478781034
635,2,10,150,93,0.0
636,2,10,150,93,0.0
637,2,10,150,93,0.0
638,2,10,150,93,0.0
639,2,10,150,93,0.0
640,2,10,150,93,0.07887611601996505
642,2,10,150,93,0.1329152156038286
643,2,10,150,93,0.0
644,2,10,150,93,0.0
645,2,10,150,93,0.09759501249802542
647,2,10,150,93,0.0
648,2,10,150,93,0.21223061777480637
649,2,10,150,93,1.0
650,2,10,150,93,0.071889940957183
651,2,10,150,93,0.0
653,2,10,150,93,0.040484256935344326
654,2,10,150,93,0.058087171966128066
655,2,10,150,93,0.2211917314646663
658,2,10,150,93,0.0
1,2,10,150,94,0.5343723497595074
2,2,10,150,94,0.2268511698743587
3,2,10,150,94,0.03098598178059488
4,2,10,150,94,0.06166887310869151
5,2,10,150,94,0.12620564628865164
6,2,10,150,94,0.17961772474519622
7,2,10,150,94,0.25831763113990597
8,2,10,150,94,0.06653535276206901
9,2,10,150,94,0.046059218274918635
10,2,10,150,94,0.2043831529067321
11,2,10,150,94,0.10464473261331256
12,2,10,150,94,0.10103399773096396
13,2,10,150,94,0.38623915414282667
14,2,10,150,94,0.15461807617997098
15,2,10,150,94,0.01616702920033762
16,2,10,150,94,0.2976354809315535
17,2,10,150,94,0.10312948447052589
18,2,10,150,94,0.24231349134271257
19,2,10,150,94,0.0
20,2,10,150,94,0.06057715324397481
21,2,10,150,94,0.012720674487092647
22,2,10,150,94,0.05035691655673683
23,2,10,150,94,0.22807475621810358
24,2,10,150,94,0.12818798445247553
25,2,10,150,94,0.03078223202175778
26,2,10,150,94,0.1475005395151273
27,2,10,150,94,0.0
28,2,10,150,94,0.16080076733974918
29,2,10,150,94,0.0
30,2,10,150,94,0.0
31,2,10,150,94,0.08090642992710743
32,2,10,150,94,0.14779014095437779
33,2,10,150,94,0.0
34,2,10,150,94,0.07239559903187814
35,2,10,150,94,0.0
36,2,10,150,94,0.0
37,2,10,150,94,0.0
38,2,10,150,94,0.12297908439989445
39,2,10,150,94,0.15820890896021753
40,2,10,150,94,0.2212397779175911
41,2,10,150,94,0.0
42,2,10,150,94,0.20130152528989256
43,2,10,150,94,0.10840884994756145
44,2,10,150,94,0.1565413821318793
45,2,10,150,94,0.0
46,2,10,150,94,0.10684080426179023
47,2,10,150,94,0.11437926488327832
48,2,10,150,94,0.16438571914394637
49,2,10,150,94,0.05920283200708927
50,2,10,150,94,0.046726672111120165
51,2,10,150,94,0.07984133538066794
52,2,10,150,94,0.05244652348163508
53,2,10,150,94,0.12810519548676028
54,2,10,150,94,0.16717211165365042
55,2,10,150,94,0.0
56,2,10,150,94,0.22047893971599028
57,2,10,150,94,0.0524456916588361
58,2,10,150,94,0.16366022196121796
59,2,10,150,94,0.28796153117141376
60,2,10,150,94,0.2158570564681132
61,2,10,150,94,0.06416923277158361
62,2,10,150,94,0.18160332589227857
63,2,10,150,94,0.10055844624153853
64,2,10,150,94,0.04583023181159601
65,2,10,150,94,0.18154179097601578
66,2,10,150,94,0.12995427111679475
67,2,10,150,94,0.30572227149996106
68,2,10,150,94,0.04358896759704514
69,2,10,150,94,0.19699902273515738
70,2,10,150,94,0.06577317760289236
71,2,10,150,94,0.08190066039082215
72,2,10,150,94,0.28907547922366217
73,2,10,150,94,0.28969967958004655
74,2,10,150,94,0.17342765698823945
75,2,10,150,94,0.16021137204676433
76,2,10,150,94,0.23191508057904175
77,2,10,150,94,0.15029758260072817
78,2,10,150,94,0.0
79,2,10,150,94,0.11837298765331451
80,2,10,150,94,0.1744476820873323
81,2,10,150,94,0.02668972877827465
82,2,10,150,94,0.06437887178128218
83,2,10,150,94,0.046841820324159865
84,2,10,150,94,0.029136604147144557
85,2,10,150,94,0.18442983312439273
86,2,10,150,94,0.07028063830038406
87,2,10,150,94,0.20523162803222705
88,2,10,150,94,0.06294571929989644
89,2,10,150,94,0.2334685083478665
90,2,10,150,94,0.17313204566143872
91,2,10,150,94,0.09030224287879576
92,2,10,150,94,0.11942017488768149
93,2,10,150,94,0.0
94,2,10,150,94,0.2396247066088678
95,2,10,150,94,0.12485211086506379
96,2,10,150,94,0.2910849944526355
97,2,10,150,94,0.3737962099528559
98,2,10,150,94,0.0
99,2,10,150,94,0.13656436417013992
100,2,10,150,94,0.0
101,2,10,150,94,0.0
102,2,10,150,94,0.05671879843401278
103,2,10,150,94,0.04579340374561851
104,2,10,150,94,0.0
105,2,10,150,94,0.0
106,2,10,150,94,0.0
107,2,10,150,94,0.09995553728965398
108,2,10,150,94,0.07859158628121365
109,2,10,150,94,0.20086438685781322
110,2,10,150,94,0.037578324799282276
111,2,10,150,94,0.09077089626867633
112,2,10,150,94,0.0
113,2,10,150,94,0.178509607681865
114,2,10,150,94,0.02951022367272685
115,2,10,150,94,0.24220379575977083
116,2,10,150,94,0.041610162623197416
117,2,10,150,94,0.07736180228640575
118,2,10,150,94,0.19326159470866278
119,2,10,150,94,0.16560277932443881
120,2,10,150,94,0.40177646466663713
121,2,10,150,94,0.115269333086109
122,2,10,150,94,0.1467899073100297
123,2,10,150,94,0.12990556389377814
124,2,10,150,94,0.18903749859471425
125,2,10,150,94,0.1788785148307843
126,2,10,150,94,0.0
127,2,10,150,94,0.12503310750358904
128,2,10,150,94,0.07117364753699024
129,2,10,150,94,0.0
130,2,10,150,94,0.11043302665459546
131,2,10,150,94,0.36227735599025207
132,2,10,150,94,0.12643913909707097
133,2,10,150,94,0.0
134,2,10,150,94,0.0
135,2,10,150,94,0.0
136,2,10,150,94,0.1949254865702981
137,2,10,150,94,0.1142541952759239
138,2,10,150,94,0.15545471738318148
139,2,10,150,94,0.05165643482805862
140,2,10,150,94,0.0732173666263434
141,2,10,150,94,0.12556328258692692
142,2,10,150,94,0.0
143,2,10,150,94,0.06882065896991112
144,2,10,150,94,0.1778212661301716
145,2,10,150,94,0.1074935252705928
146,2,10,150,94,0.0
147,2,10,150,94,0.06664071636913875
148,2,10,150,94,0.1606863768135813
149,2,10,150,94,0.10486881530019958
150,2,10,150,94,0.0
151,2,10,150,94,0.20411691507122928
152,2,10,150,94,0.09023573428198242
153,2,10,150,94,0.071942683897578
154,2,10,150,94,0.08491065065836505
155,2,10,150,94,0.0
156,2,10,150,94,0.06437746926759551
157,2,10,150,94,0.11756317838740467
158,2,10,150,94,0.17368343162211233
159,2,10,150,94,0.024782300799839303
160,2,10,150,94,0.1330098122581384
161,2,10,150,94,0.0
162,2,10,150,94,0.08299661455725149
163,2,10,150,94,0.0
164,2,10,150,94,0.029649957429587842
165,2,10,150,94,0.0
166,2,10,150,94,0.06175696970122604
167,2,10,150,94,0.040419659112753054
168,2,10,150,94,0.0641665753731138
169,2,10,150,94,0.03870447337439288
170,2,10,150,94,0.0
171,2,10,150,94,0.0
172,2,10,150,94,0.08232325035020067
173,2,10,150,94,0.1448442050067646
174,2,10,150,94,0.2622747997764713
175,2,10,150,94,0.22732566419594713
176,2,10,150,94,0.027651749128023803
177,2,10,150,94,0.3152442026717657
178,2,10,150,94,0.1509306125771355
179,2,10,150,94,0.09299583347145139
180,2,10,150,94,0.13545568635409455
181,2,10,150,94,0.0483889310666557
182,2,10,150,94,0.05005165434923901
183,2,10,150,94,0.0
184,2,10,150,94,0.15639932187667255
185,2,10,150,94,0.0
186,2,10,150,94,0.05478814761334652
187,2,10,150,94,0.16902512893841318
188,2,10,150,94,0.3504249889151446
189,2,10,150,94,0.209805850077053
190,2,10,150,94,0.025938546612492997
191,2,10,150,94,0.0
192,2,10,150,94,0.0
193,2,10,150,94,0.044029292293218426
194,2,10,150,94,0.19240249817644664
195,2,10,150,94,0.04606861224913365
196,2,10,150,94,0.04485361187694993
197,2,10,150,94,0.16261436624219067
198,2,10,150,94,0.028186415745733433
199,2,10,150,94,0.2529427027676571
200,2,10,150,94,0.24981852901656515
201,2,10,150,94,0.13525396835074274
202,2,10,150,94,0.27487633291429087
203,2,10,150,94,0.10238606821339166
204,2,10,150,94,0.08325563768773413
205,2,10,150,94,0.1465996756793884
206,2,10,150,94,0.028694189013458257
207,2,10,150,94,0.11885762425589542
208,2,10,150,94,0.10318619832562911
209,2,10,150,94,0.0
210,2,10,150,94,0.2038640973809669
211,2,10,150,94,0.0
212,2,10,150,94,0.164108698820099
213,2,10,150,94,0.20808658101351607
214,2,10,150,94,0.25168008015410515
215,2,10,150,94,0.11433722369502479
216,2,10,150,94,0.14425650580287722
217,2,10,150,94,0.10298663607405599
218,2,10,150,94,0.1023482199458735
219,2,10,150,94,0.0
220,2,10,150,94,0.0
221,2,10,150,94,0.10144613070733857
222,2,10,150,94,0.07761211457345131
223,2,10,150,94,0.0
224,2,10,150,94,0.029996736818897345
225,2,10,150,94,0.0
226,2,10,150,94,0.1498542968734124
227,2,10,150,94,0.11812975819364856
228,2,10,150,94,0.0
229,2,10,150,94,0.1353749952992483
230,2,10,150,94,0.29885542969810625
231,2,10,150,94,0.3903800499921017
232,2,10,150,94,0.1614860094571739
233,2,10,150,94,0.20041862413043413
234,2,10,150,94,0.21583667045885932
235,2,10,150,94,0.1075070751982482
236,2,10,150,94,0.1748476071795128
237,2,10,150,94,0.27346075713529205
238,2,10,150,94,0.0
239,2,10,150,94,0.1640226646237981
240,2,10,150,94,0.0
241,2,10,150,94,0.0
242,2,10,150,94,0.07673373981757839
243,2,10,150,94,0.2568245236714982
244,2,10,150,94,0.18280294015368334
245,2,10,150,94,0.0
246,2,10,150,94,0.12379877182510346
247,2,10,150,94,0.0
248,2,10,150,94,0.14176813152020928
249,2,10,150,94,0.25273723061556136
250,2,10,150,94,0.08513080051804543
251,2,10,150,94,0.12803494038364374
252,2,10,150,94,0.1904168294848087
253,2,10,150,94,0.204742498386431
254,2,10,150,94,0.2834002979184586
255,2,10,150,94,0.04662184073981129
256,2,10,150,94,0.33260401585908705
257,2,10,150,94,0.10559687561546657
258,2,10,150,94,0.09376545370390896
259,2,10,150,94,0.0
260,2,10,150,94,0.0
261,2,10,150,94,0.0
262,2,10,150,94,0.14662870872246536
263,2,10,150,94,0.16565508957374153
264,2,10,150,94,0.15116389935524738
265,2,10,150,94,0.08339602711200374
266,2,10,150,94,0.0
267,2,10,150,94,0.15946623251411773
268,2,10,150,94,0.19373103776204662
269,2,10,150,94,0.07991666515634646
270,2,10,150,94,0.13753262202696961
271,2,10,150,94,0.20401896890378474
272,2,10,150,94,0.39122445679032536
273,2,10,150,94,0.06267320809766952
274,2,10,150,94,0.05829918151249392
275,2,10,150,94,0.04105877938688906
276,2,10,150,94,0.18762692662863237
277,2,10,150,94,0.0
278,2,10,150,94,0.04305311721683474
279,2,10,150,94,0.19578081660299076
280,2,10,150,94,0.0841500632404169
281,2,10,150,94,0.05516788910004661
282,2,10,150,94,0.0
283,2,10,150,94,0.06286054135527182
284,2,10,150,94,0.028031276514167806
285,2,10,150,94,0.15002687789384317
286,2,10,150,94,0.10716987013646836
287,2,10,150,94,0.14933178562928426
288,2,10,150,94,0.18109971158338595
289,2,10,150,94,0.06510475888148554
290,2,10,150,94,0.09449357188080848
291,2,10,150,94,0.18686703515526518
292,2,10,150,94,0.3713936936921286
293,2,10,150,94,0.2079567836701811
294,2,10,150,94,0.05942233668176323
295,2,10,150,94,0.21201342709556317
296,2,10,150,94,0.14449644561283703
297,2,10,150,94,0.10547809104886068
298,2,10,150,94,0.4408289286964202
299,2,10,150,94,0.05389882485565562
300,2,10,150,94,0.0
301,2,10,150,94,0.1348819056641436
302,2,10,150,94,0.0
303,2,10,150,94,0.32032685131817384
304,2,10,150,94,0.09811693595042764
305,2,10,150,94,0.15377587171217844
306,2,10,150,94,0.07286537763060504
307,2,10,150,94,0.17167816797422253
308,2,10,150,94,0.1097370746080644
309,2,10,150,94,0.0
310,2,10,150,94,0.0
311,2,10,150,94,0.25325295310341156
312,2,10,150,94,0.1975666931997852
313,2,10,150,94,0.22676062260704077
314,2,10,150,94,0.1467839446144342
315,2,10,150,94,0.18129588776381328
316,2,10,150,94,0.22270580084154873
317,2,10,150,94,0.0
318,2,10,150,94,0.13166957165834908
319,2,10,150,94,0.0
320,2,10,150,94,0.04539294738377069
321,2,10,150,94,0.12530728980532893
322,2,10,150,94,0.3780567175504725
323,2,10,150,94,0.028361369701356044
324,2,10,150,94,0.06573619640629956
325,2,10,150,94,0.0811231025632827
326,2,10,150,94,0.14774251547484274
327,2,10,150,94,0.1025360983433444
328,2,10,150,94,0.14304127376118922
329,2,10,150,94,0.0
330,2,10,150,94,0.17464041258343582
331,2,10,150,94,0.10096521657790082
332,2,10,150,94,0.20308551734089297
333,2,10,150,94,0.05206745415870339
334,2,10,150,94,0.13885311381864696
335,2,10,150,94,0.0
336,2,10,150,94,0.11501232379588432
337,2,10,150,94,0.10934082156401825
338,2,10,150,94,0.14269909689763496
339,2,10,150,94,0.3016554358783463
340,2,10,150,94,0.17896552649342137
341,2,10,150,94,0.0
342,2,10,150,94,0.29535005560169497
343,2,10,150,94,0.3148697991467657
344,2,10,150,94,0.1523980172868318
345,2,10,150,94,0.10686772084589051
346,2,10,150,94,0.2102586943425689
347,2,10,150,94,0.20485510809551669
348,2,10,150,94,0.0
349,2,10,150,94,0.163169180413793
350,2,10,150,94,0.18939048055890495
351,2,10,150,94,0.1610216634970071
352,2,10,150,94,0.3057524544183157
353,2,10,150,94,0.0
354,2,10,150,94,0.08982081782386522
355,2,10,150,94,0.0
356,2,10,150,94,0.10061931714936387
357,2,10,150,94,0.14019634392566574
358,2,10,150,94,0.0
359,2,10,150,94,0.0
360,2,10,150,94,0.22728151171982378
361,2,10,150,94,0.12786031464335298
362,2,10,150,94,0.04690797720830594
363,2,10,150,94,0.17224222174135143
364,2,10,150,94,0.0
365,2,10,150,94,0.0
366,2,10,150,94,0.09184114803951915
367,2,10,150,94,0.05534563970541805
368,2,10,150,94,0.06788053752288492
369,2,10,150,94,0.21386152848601384
370,2,10,150,94,0.0957000625269241
371,2,10,150,94,0.1597357002967986
372,2,10,150,94,0.11359189468068477
373,2,10,150,94,0.10496983264762118
374,2,10,150,94,0.1607577635826819
375,2,10,150,94,0.1676614286651071
376,2,10,150,94,0.07216815292900357
377,2,10,150,94,0.34749036439127307
378,2,10,150,94,0.04838579616569061
379,2,10,150,94,0.2514444697019962
380,2,10,150,94,0.11368593251594876
381,2,10,150,94,0.14660694539581717
382,2,10,150,94,0.14582500956521116
383,2,10,150,94,0.13650194595273554
384,2,10,150,94,0.0
385,2,10,150,94,0.12595625975581054
386,2,10,150,94,0.0
387,2,10,150,94,0.1557440608736791
388,2,10,150,94,0.03275673003454543
389,2,10,150,94,0.23486014126558652
390,2,10,150,94,0.10466779365752882
391,2,10,150,94,0.18344326580289438
392,2,10,150,94,0.16777779742497645
393,2,10,150,94,0.13241901298277822
394,2,10,150,94,0.2428956376202687
395,2,10,150,94,0.17280189068434965
396,2,10,150,94,0.08006506288147622
397,2,10,150,94,0.27208443869728477
398,2,10,150,94,0.12633080592181342
399,2,10,150,94,0.04791860420878118
400,2,10,150,94,0.0
401,2,10,150,94,0.0
402,2,10,150,94,0.1798991830195577
403,2,10,150,94,0.23561122801255002
404,2,10,150,94,0.0
405,2,10,150,94,0.21735443273388358
406,2,10,150,94,0.20770413390523754
407,2,10,150,94,0.08840773311911526
408,2,10,150,94,0.08490303813485527
409,2,10,150,94,0.1854414927009712
410,2,10,150,94,0.1510508871592243
411,2,10,150,94,0.13359023741301432
412,2,10,150,94,0.0647690283301182
413,2,10,150,94,0.19475935863737628
414,2,10,150,94,0.0858710743416444
415,2,10,150,94,0.15582818336744758
416,2,10,150,94,0.45464859086199966
417,2,10,150,94,0.21335175772866724
418,2,10,150,94,0.05130633033097092
419,2,10,150,94,0.13043508853971056
420,2,10,150,94,0.1979106713561055
421,2,10,150,94,0.3102692669240346
422,2,10,150,94,0.0654076987556055
423,2,10,150,94,0.0
424,2,10,150,94,0.06775879819657901
425,2,10,150,94,0.08380832371790671
426,2,10,150,94,0.03206656709567107
427,2,10,150,94,0.0
428,2,10,150,94,0.09545062073374358
429,2,10,150,94,0.22703633832032685
430,2,10,150,94,0.1910356879389014
431,2,10,150,94,0.0
432,2,10,150,94,0.13181508781832452
433,2,10,150,94,0.10047622221317463
434,2,10,150,94,0.21435951014939544
435,2,10,150,94,0.2534265838092577
436,2,10,150,94,0.09225202744600981
437,2,10,150,94,0.24311567963808453
438,2,10,150,94,0.11342455428465782
439,2,10,150,94,0.0
440,2,10,150,94,0.056388463063434605
441,2,10,150,94,0.2078055819841487
442,2,10,150,94,0.04062732041938225
443,2,10,150,94,0.0
444,2,10,150,94,0.0796221118108625
445,2,10,150,94,0.06656553044254701
446,2,10,150,94,0.15440950258541247
447,2,10,150,94,0.06755943234053442
448,2,10,150,94,0.049326153683410964
449,2,10,150,94,0.1400796026466503
450,2,10,150,94,0.482337074392249
451,2,10,150,94,0.05163551141839463
452,2,10,150,94,0.20804344255167403
453,2,10,150,94,0.14765608024766688
454,2,10,150,94,0.0
455,2,10,150,94,0.17567159782541333
456,2,10,150,94,0.09865506212152685
457,2,10,150,94,0.4051400645393037
458,2,10,150,94,0.2537193820456369
459,2,10,150,94,0.22350678403150168
460,2,10,150,94,0.07041837375515932
461,2,10,150,94,0.06961399513856609
462,2,10,150,94,0.18564976427020158
463,2,10,150,94,0.21881515471619958
464,2,10,150,94,0.06726768733602535
465,2,10,150,94,0.10783006935442738
466,2,10,150,94,0.12816210679182038
467,2,10,150,94,0.09300532025926726
468,2,10,150,94,0.2504459841080331
469,2,10,150,94,0.09804204583740185
470,2,10,150,94,0.04760723841253984
471,2,10,150,94,0.0
472,2,10,150,94,0.2304437896067121
473,2,10,150,94,0.2622744659873325
474,2,10,150,94,0.4140043308404292
475,2,10,150,94,0.07311683844390994
476,2,10,150,94,0.037130087375373766
477,2,10,150,94,0.10705212034121535
478,2,10,150,94,0.1437068872495116
479,2,10,150,94,0.1904568963143427
480,2,10,150,94,0.15920120556239784
481,2,10,150,94,0.12113079634450404
482,2,10,150,94,0.04290887548434951
483,2,10,150,94,0.044584249489688726
484,2,10,150,94,0.21280961292893452
485,2,10,150,94,0.036556008482007775
486,2,10,150,94,0.037551180085133536
487,2,10,150,94,0.2710143345145943
488,2,10,150,94,0.0
489,2,10,150,94,0.10393624530161638
490,2,10,150,94,0.11630686983226163
491,2,10,150,94,0.03859643636257609
492,2,10,150,94,0.1338895448360617
493,2,10,150,94,0.2595111329305249
494,2,10,150,94,0.10841985052222541
495,2,10,150,94,0.1996749531533383
496,2,10,150,94,0.023205371908120297
497,2,10,150,94,0.19582445887286654
498,2,10,150,94,0.07358364093338247
499,2,10,150,94,0.15260244507131887
500,2,10,150,94,0.12111541022119127
501,2,10,150,94,0.02184231145035861
502,2,10,150,94,0.06689893193796337
503,2,10,150,94,0.2353114369037673
504,2,10,150,94,0.10596686775977518
505,2,10,150,94,0.05688647497208646
506,2,10,150,94,0.1233919478447381
507,2,10,150,94,0.04255090034092519
508,2,10,150,94,0.20345924618307185
509,2,10,150,94,0.031611854308622345
510,2,10,150,94,0.0
511,2,10,150,94,0.0
512,2,10,150,94,0.08364069030518707
513,2,10,150,94,0.11506360809154491
514,2,10,150,94,0.16578726587197626
515,2,10,150,94,0.034743705427429224
516,2,10,150,94,0.1340330647732781
517,2,10,150,94,0.07931777113368761
518,2,10,150,94,0.1587056515255228
519,2,10,150,94,0.10560636946921488
520,2,10,150,94,0.0
521,2,10,150,94,0.025776778718606015
522,2,10,150,94,0.0559167101555819
523,2,10,150,94,0.2344066446478321
524,2,10,150,94,0.12139532738996409
525,2,10,150,94,0.02228065271804083
526,2,10,150,94,0.02505758835695044
527,2,10,150,94,0.35360031514866236
528,2,10,150,94,0.2269962474823218
529,2,10,150,94,0.0
530,2,10,150,94,0.05554513395194445
531,2,10,150,94,0.0
532,2,10,150,94,0.1059965845651326
533,2,10,150,94,0.02577644365830286
534,2,10,150,94,0.024909303741335254
535,2,10,150,94,0.20139880789960526
536,2,10,150,94,0.16340884055250954
537,2,10,150,94,0.39994948069863456
538,2,10,150,94,0.06986755390827007
539,2,10,150,94,0.09953437200841515
540,2,10,150,94,0.0
541,2,10,150,94,0.08397287070222587
542,2,10,150,94,0.07797598981103891
543,2,10,150,94,0.11938130432473343
544,2,10,150,94,0.0
545,2,10,150,94,0.060216826583478454
546,2,10,150,94,0.08187211419398947
547,2,10,150,94,0.04855455745827926
548,2,10,150,94,0.09589255277111255
549,2,10,150,94,0.0
550,2,10,150,94,0.09688698360286704
551,2,10,150,94,0.2339313752296261
552,2,10,150,94,0.048059443651065493
553,2,10,150,94,0.27342202341537997
554,2,10,150,94,0.1061717592653675
555,2,10,150,94,0.09809088686968297
556,2,10,150,94,0.16258997327839542
557,2,10,150,94,0.04470486007704452
558,2,10,150,94,0.265053101293003
559,2,10,150,94,0.1306794248970741
560,2,10,150,94,0.046716390531725466
561,2,10,150,94,0.14865786362526373
562,2,10,150,94,0.07720150835011791
563,2,10,150,94,0.0
564,2,10,150,94,0.0
565,2,10,150,94,0.28663011782160785
566,2,10,150,94,0.049763902181020156
567,2,10,150,94,0.10828657397486113
568,2,10,150,94,0.0
569,2,10,150,94,0.17563954439010937
570,2,10,150,94,0.0
571,2,10,150,94,0.16104477175644444
572,2,10,150,94,0.0
573,2,10,150,94,0.03246641181906899
574,2,10,150,94,0.05058854055353143
575,2,10,150,94,0.05154847002173459
576,2,10,150,94,0.0
577,2,10,150,94,0.0784247757209491
578,2,10,150,94,0.0
579,2,10,150,94,0.08297540479108526
580,2,10,150,94,0.21602760439924668
581,2,10,150,94,0.0
582,2,10,150,94,0.0437514209980628
583,2,10,150,94,0.08356526807460651
584,2,10,150,94,0.09591939076437811
585,2,10,150,94,0.10653251525271548
586,2,10,150,94,0.10132509239867551
587,2,10,150,94,0.03459392809572638
588,2,10,150,94,0.053821119735696775
589,2,10,150,94,0.13061191070808464
590,2,10,150,94,0.06139304560474655
591,2,10,150,94,0.0
592,2,10,150,94,0.3162895979196809
593,2,10,150,94,0.04586709436300111
594,2,10,150,94,0.0
595,2,10,150,94,0.0
596,2,10,150,94,0.0
597,2,10,150,94,0.0
598,2,10,150,94,0.0
599,2,10,150,94,0.03373797440426373
600,2,10,150,94,0.024325165853816375
601,2,10,150,94,0.03369782041898502
602,2,10,150,94,0.0
603,2,10,150,94,0.1435203717549576
604,2,10,150,94,0.0
605,2,10,150,94,0.2645541144793553
606,2,10,150,94,0.24870693244846395
607,2,10,150,94,0.1304680268574189
608,2,10,150,94,0.2297355802772357
609,2,10,150,94,0.0
610,2,10,150,94,0.1629867900167321
611,2,10,150,94,0.08045389590462838
612,2,10,150,94,0.15130120674940672
613,2,10,150,94,0.0
614,2,10,150,94,0.08861505596859857
615,2,10,150,94,0.1479554402409639
616,2,10,150,94,0.0
617,2,10,150,94,0.044257815106106525
618,2,10,150,94,0.18766481803906507
619,2,10,150,94,0.09637551974188778
620,2,10,150,94,0.08396948777462541
621,2,10,150,94,0.07911675782853725
622,2,10,150,94,0.12980296240199146
623,2,10,150,94,0.0
624,2,10,150,94,0.08175619017377453
625,2,10,150,94,0.0
626,2,10,150,94,0.0
627,2,10,150,94,0.020478112772268246
628,2,10,150,94,0.0
629,2,10,150,94,0.2466228630593721
630,2,10,150,94,0.0
631,2,10,150,94,0.16868725245403154
632,2,10,150,94,0.13439570003165963
633,2,10,150,94,0.07667481399289292
634,2,10,150,94,0.030975021478781034
635,2,10,150,94,0.0
636,2,10,150,94,0.0
637,2,10,150,94,0.0
638,2,10,150,94,0.0
639,2,10,150,94,0.0
640,2,10,150,94,0.07887611601996505
642,2,10,150,94,0.1329152156038286
643,2,10,150,94,0.0
644,2,10,150,94,0.0
645,2,10,150,94,0.09759501249802542
647,2,10,150,94,0.0
648,2,10,150,94,0.21223061777480637
649,2,10,150,94,1.0
650,2,10,150,94,0.071889940957183
651,2,10,150,94,0.0
653,2,10,150,94,0.040484256935344326
654,2,10,150,94,0.058087171966128066
655,2,10,150,94,0.2211917314646663
658,2,10,150,94,0.0
1,2,10,150,95,0.5343723497595074
2,2,10,150,95,0.2268511698743587
3,2,10,150,95,0.03098598178059488
4,2,10,150,95,0.06166887310869151
5,2,10,150,95,0.12620564628865164
6,2,10,150,95,0.17961772474519622
7,2,10,150,95,0.25831763113990597
8,2,10,150,95,0.06653535276206901
9,2,10,150,95,0.046059218274918635
10,2,10,150,95,0.2043831529067321
11,2,10,150,95,0.10464473261331256
12,2,10,150,95,0.10103399773096396
13,2,10,150,95,0.383333214488868
14,2,10,150,95,0.15461807617997098
15,2,10,150,95,0.01616702920033762
16,2,10,150,95,0.2976354809315535
17,2,10,150,95,0.10312948447052589
18,2,10,150,95,0.24231349134271257
19,2,10,150,95,0.0
20,2,10,150,95,0.06057715324397481
21,2,10,150,95,0.012720674487092647
22,2,10,150,95,0.05035691655673683
23,2,10,150,95,0.22807475621810358
24,2,10,150,95,0.12818798445247553
25,2,10,150,95,0.03078223202175778
26,2,10,150,95,0.1475005395151273
27,2,10,150,95,0.0
28,2,10,150,95,0.16080076733974918
29,2,10,150,95,0.0
30,2,10,150,95,0.0
31,2,10,150,95,0.08090642992710743
32,2,10,150,95,0.14779014095437779
33,2,10,150,95,0.0
34,2,10,150,95,0.07239559903187814
35,2,10,150,95,0.0
36,2,10,150,95,0.0
37,2,10,150,95,0.0
38,2,10,150,95,0.12297908439989445
39,2,10,150,95,0.15820890896021753
40,2,10,150,95,0.2212397779175911
41,2,10,150,95,0.0
42,2,10,150,95,0.20130152528989256
43,2,10,150,95,0.10840884994756145
44,2,10,150,95,0.1565413821318793
45,2,10,150,95,0.0
46,2,10,150,95,0.10684080426179023
47,2,10,150,95,0.11437926488327832
48,2,10,150,95,0.16438571914394637
49,2,10,150,95,0.05920283200708927
50,2,10,150,95,0.046726672111120165
51,2,10,150,95,0.07984133538066794
52,2,10,150,95,0.05244652348163508
53,2,10,150,95,0.12810519548676028
54,2,10,150,95,0.16717211165365042
55,2,10,150,95,0.0
56,2,10,150,95,0.22047893971599028
57,2,10,150,95,0.0524456916588361
58,2,10,150,95,0.16366022196121796
59,2,10,150,95,0.2857950008668858
60,2,10,150,95,0.2158570564681132
61,2,10,150,95,0.06416923277158361
62,2,10,150,95,0.18160332589227857
63,2,10,150,95,0.10055844624153853
64,2,10,150,95,0.04583023181159601
65,2,10,150,95,0.18154179097601578
66,2,10,150,95,0.12995427111679475
67,2,10,150,95,0.30572227149996106
68,2,10,150,95,0.04358896759704514
69,2,10,150,95,0.19699902273515738
70,2,10,150,95,0.06577317760289236
71,2,10,150,95,0.08190066039082215
72,2,10,150,95,0.28907547922366217
73,2,10,150,95,0.28969967958004655
74,2,10,150,95,0.17342765698823945
75,2,10,150,95,0.16021137204676433
76,2,10,150,95,0.23191508057904175
77,2,10,150,95,0.15029758260072817
78,2,10,150,95,0.0
79,2,10,150,95,0.11837298765331451
80,2,10,150,95,0.1744476820873323
81,2,10,150,95,0.02668972877827465
82,2,10,150,95,0.06437887178128218
83,2,10,150,95,0.046841820324159865
84,2,10,150,95,0.029136604147144557
85,2,10,150,95,0.18442983312439273
86,2,10,150,95,0.07028063830038406
87,2,10,150,95,0.20523162803222705
88,2,10,150,95,0.06294571929989644
89,2,10,150,95,0.2334685083478665
90,2,10,150,95,0.17313204566143872
91,2,10,150,95,0.09030224287879576
92,2,10,150,95,0.11942017488768149
93,2,10,150,95,0.0
94,2,10,150,95,0.2453455267102361
95,2,10,150,95,0.12485211086506379
96,2,10,150,95,0.2910849944526355
97,2,10,150,95,0.3737962099528559
98,2,10,150,95,0.0
99,2,10,150,95,0.13656436417013992
100,2,10,150,95,0.0
101,2,10,150,95,0.0
102,2,10,150,95,0.05671879843401278
103,2,10,150,95,0.04579340374561851
104,2,10,150,95,0.0
105,2,10,150,95,0.0
106,2,10,150,95,0.0
107,2,10,150,95,0.09995553728965398
108,2,10,150,95,0.07859158628121365
109,2,10,150,95,0.20086438685781322
110,2,10,150,95,0.037578324799282276
111,2,10,150,95,0.09077089626867633
112,2,10,150,95,0.0
113,2,10,150,95,0.178509607681865
114,2,10,150,95,0.02951022367272685
115,2,10,150,95,0.24220379575977083
116,2,10,150,95,0.041610162623197416
117,2,10,150,95,0.07736180228640575
118,2,10,150,95,0.19326159470866278
119,2,10,150,95,0.1788532979265873
120,2,10,150,95,0.40177646466663713
121,2,10,150,95,0.115269333086109
122,2,10,150,95,0.1467899073100297
123,2,10,150,95,0.12990556389377814
124,2,10,150,95,0.18903749859471425
125,2,10,150,95,0.1788785148307843
126,2,10,150,95,0.0
127,2,10,150,95,0.12503310750358904
128,2,10,150,95,0.07117364753699024
129,2,10,150,95,0.0
130,2,10,150,95,0.11043302665459546
131,2,10,150,95,0.36227735599025207
132,2,10,150,95,0.12643913909707097
133,2,10,150,95,0.0
134,2,10,150,95,0.0
135,2,10,150,95,0.0
136,2,10,150,95,0.1949254865702981
137,2,10,150,95,0.1142541952759239
138,2,10,150,95,0.15545471738318148
139,2,10,150,95,0.05165643482805862
140,2,10,150,95,0.0732173666263434
141,2,10,150,95,0.12556328258692692
142,2,10,150,95,0.0
143,2,10,150,95,0.06882065896991112
144,2,10,150,95,0.1778212661301716
145,2,10,150,95,0.1074935252705928
146,2,10,150,95,0.0
147,2,10,150,95,0.06664071636913875
148,2,10,150,95,0.1606863768135813
149,2,10,150,95,0.10486881530019958
150,2,10,150,95,0.0
151,2,10,150,95,0.20411691507122928
152,2,10,150,95,0.09023573428198242
153,2,10,150,95,0.071942683897578
154,2,10,150,95,0.11640076603745134
155,2,10,150,95,0.0
156,2,10,150,95,0.06437746926759551
157,2,10,150,95,0.11756317838740467
158,2,10,150,95,0.17368343162211233
159,2,10,150,95,0.024782300799839303
160,2,10,150,95,0.1330098122581384
161,2,10,150,95,0.0
162,2,10,150,95,0.08299661455725149
163,2,10,150,95,0.0
164,2,10,150,95,0.029649957429587842
165,2,10,150,95,0.0
166,2,10,150,95,0.06175696970122604
167,2,10,150,95,0.040419659112753054
168,2,10,150,95,0.0641665753731138
169,2,10,150,95,0.03870447337439288
170,2,10,150,95,0.0
171,2,10,150,95,0.0
172,2,10,150,95,0.08232325035020067
173,2,10,150,95,0.1448442050067646
174,2,10,150,95,0.2622747997764713
175,2,10,150,95,0.22732566419594713
176,2,10,150,95,0.027651749128023803
177,2,10,150,95,0.3152442026717657
178,2,10,150,95,0.1509306125771355
179,2,10,150,95,0.09299583347145139
180,2,10,150,95,0.13545568635409455
181,2,10,150,95,0.0483889310666557
182,2,10,150,95,0.05005165434923901
183,2,10,150,95,0.0
184,2,10,150,95,0.15639932187667255
185,2,10,150,95,0.0
186,2,10,150,95,0.05478814761334652
187,2,10,150,95,0.16902512893841318
188,2,10,150,95,0.3504249889151446
189,2,10,150,95,0.209805850077053
190,2,10,150,95,0.025938546612492997
191,2,10,150,95,0.0
192,2,10,150,95,0.0
193,2,10,150,95,0.044029292293218426
194,2,10,150,95,0.19240249817644664
195,2,10,150,95,0.04606861224913365
196,2,10,150,95,0.04485361187694993
197,2,10,150,95,0.16261436624219067
198,2,10,150,95,0.028186415745733433
199,2,10,150,95,0.2529427027676571
200,2,10,150,95,0.24981852901656515
201,2,10,150,95,0.13525396835074274
202,2,10,150,95,0.27487633291429087
203,2,10,150,95,0.10238606821339166
204,2,10,150,95,0.08325563768773413
205,2,10,150,95,0.1465996756793884
206,2,10,150,95,0.028694189013458257
207,2,10,150,95,0.11885762425589542
208,2,10,150,95,0.10318619832562911
209,2,10,150,95,0.0
210,2,10,150,95,0.2038640973809669
211,2,10,150,95,0.0
212,2,10,150,95,0.164108698820099
213,2,10,150,95,0.20808658101351607
214,2,10,150,95,0.25168008015410515
215,2,10,150,95,0.11433722369502479
216,2,10,150,95,0.14425650580287722
217,2,10,150,95,0.10298663607405599
218,2,10,150,95,0.1023482199458735
219,2,10,150,95,0.0
220,2,10,150,95,0.0
221,2,10,150,95,0.10144613070733857
222,2,10,150,95,0.07761211457345131
223,2,10,150,95,0.0
224,2,10,150,95,0.029996736818897345
225,2,10,150,95,0.0
226,2,10,150,95,0.1498542968734124
227,2,10,150,95,0.11812975819364856
228,2,10,150,95,0.0
229,2,10,150,95,0.1353749952992483
230,2,10,150,95,0.29885542969810625
231,2,10,150,95,0.3903800499921017
232,2,10,150,95,0.1614860094571739
233,2,10,150,95,0.20041862413043413
234,2,10,150,95,0.2142127844992477
235,2,10,150,95,0.1075070751982482
236,2,10,150,95,0.1748476071795128
237,2,10,150,95,0.27346075713529205
238,2,10,150,95,0.0
239,2,10,150,95,0.1640226646237981
240,2,10,150,95,0.0
241,2,10,150,95,0.0
242,2,10,150,95,0.07673373981757839
243,2,10,150,95,0.2568245236714982
244,2,10,150,95,0.18280294015368334
245,2,10,150,95,0.0
246,2,10,150,95,0.12379877182510346
247,2,10,150,95,0.0
248,2,10,150,95,0.14176813152020928
249,2,10,150,95,0.25273723061556136
250,2,10,150,95,0.08513080051804543
251,2,10,150,95,0.12803494038364374
252,2,10,150,95,0.1904168294848087
253,2,10,150,95,0.204742498386431
254,2,10,150,95,0.2834002979184586
255,2,10,150,95,0.04662184073981129
256,2,10,150,95,0.33260401585908705
257,2,10,150,95,0.10559687561546657
258,2,10,150,95,0.09376545370390896
259,2,10,150,95,0.0
260,2,10,150,95,0.0
261,2,10,150,95,0.0
262,2,10,150,95,0.14662870872246536
263,2,10,150,95,0.18223095706182182
264,2,10,150,95,0.15116389935524738
265,2,10,150,95,0.08339602711200374
266,2,10,150,95,0.0
267,2,10,150,95,0.15946623251411773
268,2,10,150,95,0.19373103776204662
269,2,10,150,95,0.07991666515634646
270,2,10,150,95,0.13753262202696961
271,2,10,150,95,0.20401896890378474
272,2,10,150,95,0.39122445679032536
273,2,10,150,95,0.06267320809766952
274,2,10,150,95,0.05829918151249392
275,2,10,150,95,0.04105877938688906
276,2,10,150,95,0.1862152817438703
277,2,10,150,95,0.0
278,2,10,150,95,0.04305311721683474
279,2,10,150,95,0.1943078244623735
280,2,10,150,95,0.0841500632404169
281,2,10,150,95,0.05516788910004661
282,2,10,150,95,0.0
283,2,10,150,95,0.06286054135527182
284,2,10,150,95,0.028031276514167806
285,2,10,150,95,0.15002687789384317
286,2,10,150,95,0.11650442250576284
287,2,10,150,95,0.14933178562928426
288,2,10,150,95,0.18109971158338595
289,2,10,150,95,0.06510475888148554
290,2,10,150,95,0.09449357188080848
291,2,10,150,95,0.18686703515526518
292,2,10,150,95,0.3713936936921286
293,2,10,150,95,0.20639218345423974
294,2,10,150,95,0.05942233668176323
295,2,10,150,95,0.21201342709556317
296,2,10,150,95,0.16225779689524336
297,2,10,150,95,0.11872860965100916
298,2,10,150,95,0.4408289286964202
299,2,10,150,95,0.05389882485565562
300,2,10,150,95,0.0
301,2,10,150,95,0.1348819056641436
302,2,10,150,95,0.0
303,2,10,150,95,0.31791681471393823
304,2,10,150,95,0.09811693595042764
305,2,10,150,95,0.15377587171217844
306,2,10,150,95,0.07286537763060504
307,2,10,150,95,0.19085493009785376
308,2,10,150,95,0.10891144801585444
309,2,10,150,95,0.0
310,2,10,150,95,0.0
311,2,10,150,95,0.25325295310341156
312,2,10,150,95,0.1975666931997852
313,2,10,150,95,0.22676062260704077
314,2,10,150,95,0.1467839446144342
315,2,10,150,95,0.18129588776381328
316,2,10,150,95,0.22270580084154873
317,2,10,150,95,0.0
318,2,10,150,95,0.13166957165834908
319,2,10,150,95,0.0
320,2,10,150,95,0.04539294738377069
321,2,10,150,95,0.12530728980532893
322,2,10,150,95,0.3780567175504725
323,2,10,150,95,0.028361369701356044
324,2,10,150,95,0.06573619640629956
325,2,10,150,95,0.0811231025632827
326,2,10,150,95,0.14774251547484274
327,2,10,150,95,0.1025360983433444
328,2,10,150,95,0.14304127376118922
329,2,10,150,95,0.0
330,2,10,150,95,0.17464041258343582
331,2,10,150,95,0.10096521657790082
332,2,10,150,95,0.20308551734089297
333,2,10,150,95,0.05206745415870339
334,2,10,150,95,0.13780842747550104
335,2,10,150,95,0.0
336,2,10,150,95,0.11501232379588432
337,2,10,150,95,0.10934082156401825
338,2,10,150,95,0.14269909689763496
339,2,10,150,95,0.3016554358783463
340,2,10,150,95,0.17896552649342137
341,2,10,150,95,0.0
342,2,10,150,95,0.29535005560169497
343,2,10,150,95,0.32411227366404943
344,2,10,150,95,0.16544009376297736
345,2,10,150,95,0.10686772084589051
346,2,10,150,95,0.2102586943425689
347,2,10,150,95,0.20485510809551669
348,2,10,150,95,0.0
349,2,10,150,95,0.163169180413793
350,2,10,150,95,0.18939048055890495
351,2,10,150,95,0.1610216634970071
352,2,10,150,95,0.3057524544183157
353,2,10,150,95,0.0
354,2,10,150,95,0.08982081782386522
355,2,10,150,95,0.0
356,2,10,150,95,0.10061931714936387
357,2,10,150,95,0.14019634392566574
358,2,10,150,95,0.0
359,2,10,150,95,0.0
360,2,10,150,95,0.22728151171982378
361,2,10,150,95,0.12786031464335298
362,2,10,150,95,0.04690797720830594
363,2,10,150,95,0.17094632644726881
364,2,10,150,95,0.0
365,2,10,150,95,0.0
366,2,10,150,95,0.09184114803951915
367,2,10,150,95,0.05534563970541805
368,2,10,150,95,0.06788053752288492
369,2,10,150,95,0.21386152848601384
370,2,10,150,95,0.0957000625269241
371,2,10,150,95,0.1597357002967986
372,2,10,150,95,0.11359189468068477
373,2,10,150,95,0.10496983264762118
374,2,10,150,95,0.1607577635826819
375,2,10,150,95,0.1676614286651071
376,2,10,150,95,0.07216815292900357
377,2,10,150,95,0.34749036439127307
378,2,10,150,95,0.05554543656084814
379,2,10,150,95,0.2514444697019962
380,2,10,150,95,0.11368593251594876
381,2,10,150,95,0.14660694539581717
382,2,10,150,95,0.14582500956521116
383,2,10,150,95,0.13650194595273554
384,2,10,150,95,0.0
385,2,10,150,95,0.12500860521078896
386,2,10,150,95,0.0
387,2,10,150,95,0.15457229245634763
388,2,10,150,95,0.03275673003454543
389,2,10,150,95,0.23486014126558652
390,2,10,150,95,0.10466779365752882
391,2,10,150,95,0.18344326580289438
392,2,10,150,95,0.18274720371286732
393,2,10,150,95,0.13142273475298893
394,2,10,150,95,0.2428956376202687
395,2,10,150,95,0.17280189068434965
396,2,10,150,95,0.08006506288147622
397,2,10,150,95,0.27208443869728477
398,2,10,150,95,0.12633080592181342
399,2,10,150,95,0.04755807998269209
400,2,10,150,95,0.0
401,2,10,150,95,0.0
402,2,10,150,95,0.1798991830195577
403,2,10,150,95,0.23561122801255002
404,2,10,150,95,0.0
405,2,10,150,95,0.2157191276171695
406,2,10,150,95,0.20614143454518463
407,2,10,150,95,0.08840773311911526
408,2,10,150,95,0.08490303813485527
409,2,10,150,95,0.1854414927009712
410,2,10,150,95,0.1510508871592243
411,2,10,150,95,0.13359023741301432
412,2,10,150,95,0.0647690283301182
413,2,10,150,95,0.19475935863737628
414,2,10,150,95,0.0858710743416444
415,2,10,150,95,0.15582818336744758
416,2,10,150,95,0.45122796052291764
417,2,10,150,95,0.2117465674563308
418,2,10,150,95,0.05130633033097092
419,2,10,150,95,0.13043508853971056
420,2,10,150,95,0.1979106713561055
421,2,10,150,95,0.3102692669240346
422,2,10,150,95,0.0654076987556055
423,2,10,150,95,0.0
424,2,10,150,95,0.06775879819657901
425,2,10,150,95,0.08380832371790671
426,2,10,150,95,0.03206656709567107
427,2,10,150,95,0.0
428,2,10,150,95,0.09545062073374358
429,2,10,150,95,0.2328518692716852
430,2,10,150,95,0.1910356879389014
431,2,10,150,95,0.0
432,2,10,150,95,0.13181508781832452
433,2,10,150,95,0.10047622221317463
434,2,10,150,95,0.21435951014939544
435,2,10,150,95,0.25151988338450926
436,2,10,150,95,0.09225202744600981
437,2,10,150,95,0.24128655515295225
438,2,10,150,95,0.11342455428465782
439,2,10,150,95,0.0
440,2,10,150,95,0.056388463063434605
441,2,10,150,95,0.2078055819841487
442,2,10,150,95,0.04062732041938225
443,2,10,150,95,0.0
444,2,10,150,95,0.0796221118108625
445,2,10,150,95,0.06656553044254701
446,2,10,150,95,0.15440950258541247
447,2,10,150,95,0.06755943234053442
448,2,10,150,95,0.049326153683410964
449,2,10,150,95,0.1400796026466503
450,2,10,150,95,0.478708124773815
451,2,10,150,95,0.05163551141839463
452,2,10,150,95,0.20804344255167403
453,2,10,150,95,0.14765608024766688
454,2,10,150,95,0.0
455,2,10,150,95,0.17567159782541333
456,2,10,150,95,0.09791281304085314
457,2,10,150,95,0.40961560011477594
458,2,10,150,95,0.2537193820456369
459,2,10,150,95,0.22350678403150168
460,2,10,150,95,0.07041837375515932
461,2,10,150,95,0.06961399513856609
462,2,10,150,95,0.18564976427020158
463,2,10,150,95,0.21881515471619958
464,2,10,150,95,0.06726768733602535
465,2,10,150,95,0.10783006935442738
466,2,10,150,95,0.12816210679182038
467,2,10,150,95,0.09300532025926726
468,2,10,150,95,0.26071751370405377
469,2,10,150,95,0.09804204583740185
470,2,10,150,95,0.04760723841253984
471,2,10,150,95,0.0
472,2,10,150,95,0.22871000436240455
473,2,10,150,95,0.2622744659873325
474,2,10,150,95,0.4108894948922981
475,2,10,150,95,0.07311683844390994
476,2,10,150,95,0.037130087375373766
477,2,10,150,95,0.10705212034121535
478,2,10,150,95,0.1437068872495116
479,2,10,150,95,0.1904568963143427
480,2,10,150,95,0.15920120556239784
481,2,10,150,95,0.12113079634450404
482,2,10,150,95,0.04290887548434951
483,2,10,150,95,0.044584249489688726
484,2,10,150,95,0.21280961292893452
485,2,10,150,95,0.036556008482007775
486,2,10,150,95,0.037551180085133536
487,2,10,150,95,0.26897530948823467
488,2,10,150,95,0.0
489,2,10,150,95,0.11658388953080685
490,2,10,150,95,0.11630686983226163
491,2,10,150,95,0.03859643636257609
492,2,10,150,95,0.1338895448360617
493,2,10,150,95,0.2595111329305249
494,2,10,150,95,0.10841985052222541
495,2,10,150,95,0.1996749531533383
496,2,10,150,95,0.023205371908120297
497,2,10,150,95,0.19435113838179266
498,2,10,150,95,0.07358364093338247
499,2,10,150,95,0.15260244507131887
500,2,10,150,95,0.12020417667717545
501,2,10,150,95,0.02184231145035861
502,2,10,150,95,0.06689893193796337
503,2,10,150,95,0.2353114369037673
504,2,10,150,95,0.11269328661986068
505,2,10,150,95,0.05688647497208646
506,2,10,150,95,0.1233919478447381
507,2,10,150,95,0.04255090034092519
508,2,10,150,95,0.20345924618307185
509,2,10,150,95,0.031611854308622345
510,2,10,150,95,0.0
511,2,10,150,95,0.0
512,2,10,150,95,0.08364069030518707
513,2,10,150,95,0.11506360809154491
514,2,10,150,95,0.16578726587197626
515,2,10,150,95,0.034743705427429224
516,2,10,150,95,0.1340330647732781
517,2,10,150,95,0.07931777113368761
518,2,10,150,95,0.1587056515255228
519,2,10,150,95,0.10560636946921488
520,2,10,150,95,0.0
521,2,10,150,95,0.025776778718606015
522,2,10,150,95,0.0559167101555819
523,2,10,150,95,0.2344066446478321
524,2,10,150,95,0.12139532738996409
525,2,10,150,95,0.02228065271804083
526,2,10,150,95,0.02505758835695044
527,2,10,150,95,0.35360031514866236
528,2,10,150,95,0.2269962474823218
529,2,10,150,95,0.0
530,2,10,150,95,0.05554513395194445
531,2,10,150,95,0.0
532,2,10,150,95,0.10519910022164186
533,2,10,150,95,0.025582509954375485
534,2,10,150,95,0.024909303741335254
535,2,10,150,95,0.20139880789960526
536,2,10,150,95,0.16340884055250954
537,2,10,150,95,0.39694038894013156
538,2,10,150,95,0.06986755390827007
539,2,10,150,95,0.09953437200841515
540,2,10,150,95,0.0
541,2,10,150,95,0.08397287070222587
542,2,10,150,95,0.09025637667395449
543,2,10,150,95,0.11938130432473343
544,2,10,150,95,0.0
545,2,10,150,95,0.060216826583478454
546,2,10,150,95,0.08187211419398947
547,2,10,150,95,0.04855455745827926
548,2,10,150,95,0.09589255277111255
549,2,10,150,95,0.0
550,2,10,150,95,0.09688698360286704
551,2,10,150,95,0.232171350508431
552,2,10,150,95,0.048059443651065493
553,2,10,150,95,0.27342202341537997
554,2,10,150,95,0.1061717592653675
555,2,10,150,95,0.09809088686968297
556,2,10,150,95,0.16258997327839542
557,2,10,150,95,0.04470486007704452
558,2,10,150,95,0.265053101293003
559,2,10,150,95,0.15158394663529717
560,2,10,150,95,0.046716390531725466
561,2,10,150,95,0.14865786362526373
562,2,10,150,95,0.07720150835011791
563,2,10,150,95,0.0
564,2,10,150,95,0.0
565,2,10,150,95,0.28663011782160785
566,2,10,150,95,0.049763902181020156
567,2,10,150,95,0.10828657397486113
568,2,10,150,95,0.0
569,2,10,150,95,0.17563954439010937
570,2,10,150,95,0.0
571,2,10,150,95,0.16104477175644444
572,2,10,150,95,0.0
573,2,10,150,95,0.03246641181906899
574,2,10,150,95,0.05058854055353143
575,2,10,150,95,0.05154847002173459
576,2,10,150,95,0.0
577,2,10,150,95,0.0784247757209491
578,2,10,150,95,0.0
579,2,10,150,95,0.08297540479108526
580,2,10,150,95,0.21602760439924668
581,2,10,150,95,0.0
582,2,10,150,95,0.0437514209980628
583,2,10,150,95,0.08356526807460651
584,2,10,150,95,0.09591939076437811
585,2,10,150,95,0.10653251525271548
586,2,10,150,95,0.10132509239867551
587,2,10,150,95,0.03459392809572638
588,2,10,150,95,0.053821119735696775
589,2,10,150,95,0.13061191070808464
590,2,10,150,95,0.06139304560474655
591,2,10,150,95,0.0
592,2,10,150,95,0.3162895979196809
593,2,10,150,95,0.04586709436300111
594,2,10,150,95,0.0
595,2,10,150,95,0.0
596,2,10,150,95,0.0
597,2,10,150,95,0.0
598,2,10,150,95,0.0
599,2,10,150,95,0.03373797440426373
600,2,10,150,95,0.024325165853816375
601,2,10,150,95,0.03369782041898502
602,2,10,150,95,0.0
603,2,10,150,95,0.1435203717549576
604,2,10,150,95,0.0
605,2,10,150,95,0.2645541144793553
606,2,10,150,95,0.24870693244846395
607,2,10,150,95,0.1304680268574189
608,2,10,150,95,0.2297355802772357
609,2,10,150,95,0.0
610,2,10,150,95,0.1629867900167321
611,2,10,150,95,0.08045389590462838
612,2,10,150,95,0.15130120674940672
613,2,10,150,95,0.0
614,2,10,150,95,0.08861505596859857
615,2,10,150,95,0.1479554402409639
616,2,10,150,95,0.0
617,2,10,150,95,0.044257815106106525
618,2,10,150,95,0.18766481803906507
619,2,10,150,95,0.09637551974188778
620,2,10,150,95,0.08396948777462541
621,2,10,150,95,0.07911675782853725
622,2,10,150,95,0.12980296240199146
623,2,10,150,95,0.0
624,2,10,150,95,0.08175619017377453
625,2,10,150,95,0.0
626,2,10,150,95,0.0
627,2,10,150,95,0.020478112772268246
628,2,10,150,95,0.0
629,2,10,150,95,0.2466228630593721
630,2,10,150,95,0.0
631,2,10,150,95,0.16868725245403154
632,2,10,150,95,0.13439570003165963
633,2,10,150,95,0.07667481399289292
634,2,10,150,95,0.030975021478781034
635,2,10,150,95,0.0
636,2,10,150,95,0.0
637,2,10,150,95,0.0
638,2,10,150,95,0.0
639,2,10,150,95,0.0
640,2,10,150,95,0.07887611601996505
642,2,10,150,95,0.1329152156038286
643,2,10,150,95,0.0
644,2,10,150,95,0.0
645,2,10,150,95,0.09759501249802542
647,2,10,150,95,0.0
648,2,10,150,95,0.21223061777480637
649,2,10,150,95,1.0
650,2,10,150,95,0.071889940957183
651,2,10,150,95,0.0
653,2,10,150,95,0.040484256935344326
654,2,10,150,95,0.058087171966128066
655,2,10,150,95,0.2211917314646663
658,2,10,150,95,0.0
1,2,10,150,96,0.5343723497595074
2,2,10,150,96,0.2268511698743587
3,2,10,150,96,0.03098598178059488
4,2,10,150,96,0.06166887310869151
5,2,10,150,96,0.12620564628865164
6,2,10,150,96,0.17961772474519622
7,2,10,150,96,0.25831763113990597
8,2,10,150,96,0.09482781197937418
9,2,10,150,96,0.046059218274918635
10,2,10,150,96,0.2043831529067321
11,2,10,150,96,0.10464473261331256
12,2,10,150,96,0.10103399773096396
13,2,10,150,96,0.38047711103029175
14,2,10,150,96,0.15461807617997098
15,2,10,150,96,0.01616702920033762
16,2,10,150,96,0.2976354809315535
17,2,10,150,96,0.10312948447052589
18,2,10,150,96,0.24231349134271257
19,2,10,150,96,0.0
20,2,10,150,96,0.06057715324397481
21,2,10,150,96,0.012720674487092647
22,2,10,150,96,0.05035691655673683
23,2,10,150,96,0.22807475621810358
24,2,10,150,96,0.12818798445247553
25,2,10,150,96,0.03078223202175778
26,2,10,150,96,0.1475005395151273
27,2,10,150,96,0.0
28,2,10,150,96,0.16080076733974918
29,2,10,150,96,0.0
30,2,10,150,96,0.0
31,2,10,150,96,0.08090642992710743
32,2,10,150,96,0.14779014095437779
33,2,10,150,96,0.0
34,2,10,150,96,0.07239559903187814
35,2,10,150,96,0.0
36,2,10,150,96,0.0
37,2,10,150,96,0.0
38,2,10,150,96,0.12297908439989445
39,2,10,150,96,0.15820890896021753
40,2,10,150,96,0.2212397779175911
41,2,10,150,96,0.0
42,2,10,150,96,0.20130152528989256
43,2,10,150,96,0.10840884994756145
44,2,10,150,96,0.1565413821318793
45,2,10,150,96,0.0
46,2,10,150,96,0.10684080426179023
47,2,10,150,96,0.11437926488327832
48,2,10,150,96,0.16438571914394637
49,2,10,150,96,0.05920283200708927
50,2,10,150,96,0.046726672111120165
51,2,10,150,96,0.07984133538066794
52,2,10,150,96,0.05244652348163508
53,2,10,150,96,0.12810519548676028
54,2,10,150,96,0.16717211165365042
55,2,10,150,96,0.0
56,2,10,150,96,0.22047893971599028
57,2,10,150,96,0.0524456916588361
58,2,10,150,96,0.16366022196121796
59,2,10,150,96,0.29111633304227896
60,2,10,150,96,0.2158570564681132
61,2,10,150,96,0.06416923277158361
62,2,10,150,96,0.18160332589227857
63,2,10,150,96,0.10055844624153853
64,2,10,150,96,0.04583023181159601
65,2,10,150,96,0.18154179097601578
66,2,10,150,96,0.12995427111679475
67,2,10,150,96,0.30572227149996106
68,2,10,150,96,0.04358896759704514
69,2,10,150,96,0.19699902273515738
70,2,10,150,96,0.06577317760289236
71,2,10,150,96,0.08190066039082215
72,2,10,150,96,0.28907547922366217
73,2,10,150,96,0.28969967958004655
74,2,10,150,96,0.17342765698823945
75,2,10,150,96,0.16021137204676433
76,2,10,150,96,0.23191508057904175
77,2,10,150,96,0.15029758260072817
78,2,10,150,96,0.0
79,2,10,150,96,0.11837298765331451
80,2,10,150,96,0.1744476820873323
81,2,10,150,96,0.05253995170668335
82,2,10,150,96,0.06437887178128218
83,2,10,150,96,0.046841820324159865
84,2,10,150,96,0.029136604147144557
85,2,10,150,96,0.18442983312439273
86,2,10,150,96,0.07028063830038406
87,2,10,150,96,0.20523162803222705
88,2,10,150,96,0.06294571929989644
89,2,10,150,96,0.2334685083478665
90,2,10,150,96,0.17313204566143872
91,2,10,150,96,0.10997039216138943
92,2,10,150,96,0.1274776101241119
93,2,10,150,96,0.0
94,2,10,150,96,0.24351752908076468
95,2,10,150,96,0.12485211086506379
96,2,10,150,96,0.2910849944526355
97,2,10,150,96,0.3737962099528559
98,2,10,150,96,0.0
99,2,10,150,96,0.13656436417013992
100,2,10,150,96,0.0
101,2,10,150,96,0.0
102,2,10,150,96,0.05671879843401278
103,2,10,150,96,0.04579340374561851
104,2,10,150,96,0.0
105,2,10,150,96,0.0
106,2,10,150,96,0.0
107,2,10,150,96,0.09995553728965398
108,2,10,150,96,0.07859158628121365
109,2,10,150,96,0.20086438685781322
110,2,10,150,96,0.037578324799282276
111,2,10,150,96,0.09077089626867633
112,2,10,150,96,0.0
113,2,10,150,96,0.178509607681865
114,2,10,150,96,0.02951022367272685
115,2,10,150,96,0.24220379575977083
116,2,10,150,96,0.041610162623197416
117,2,10,150,96,0.07736180228640575
118,2,10,150,96,0.19326159470866278
119,2,10,150,96,0.1788532979265873
120,2,10,150,96,0.40177646466663713
121,2,10,150,96,0.115269333086109
122,2,10,150,96,0.1467899073100297
123,2,10,150,96,0.12990556389377814
124,2,10,150,96,0.18903749859471425
125,2,10,150,96,0.1788785148307843
126,2,10,150,96,0.0
127,2,10,150,96,0.12503310750358904
128,2,10,150,96,0.07117364753699024
129,2,10,150,96,0.0
130,2,10,150,96,0.11836010414756358
131,2,10,150,96,0.36227735599025207
132,2,10,150,96,0.12643913909707097
133,2,10,150,96,0.0
134,2,10,150,96,0.0
135,2,10,150,96,0.04164847922797725
136,2,10,150,96,0.1949254865702981
137,2,10,150,96,0.1142541952759239
138,2,10,150,96,0.15545471738318148
139,2,10,150,96,0.05165643482805862
140,2,10,150,96,0.0732173666263434
141,2,10,150,96,0.12556328258692692
142,2,10,150,96,0.0
143,2,10,150,96,0.06882065896991112
144,2,10,150,96,0.1778212661301716
145,2,10,150,96,0.1074935252705928
146,2,10,150,96,0.0
147,2,10,150,96,0.06664071636913875
148,2,10,150,96,0.1606863768135813
149,2,10,150,96,0.10486881530019958
150,2,10,150,96,0.0
151,2,10,150,96,0.20411691507122928
152,2,10,150,96,0.09023573428198242
153,2,10,150,96,0.071942683897578
154,2,10,150,96,0.11640076603745134
155,2,10,150,96,0.0
156,2,10,150,96,0.06437746926759551
157,2,10,150,96,0.11756317838740467
158,2,10,150,96,0.17368343162211233
159,2,10,150,96,0.024782300799839303
160,2,10,150,96,0.1330098122581384
161,2,10,150,96,0.0
162,2,10,150,96,0.08299661455725149
163,2,10,150,96,0.0
164,2,10,150,96,0.029649957429587842
165,2,10,150,96,0.0
166,2,10,150,96,0.06175696970122604
167,2,10,150,96,0.040419659112753054
168,2,10,150,96,0.0641665753731138
169,2,10,150,96,0.03870447337439288
170,2,10,150,96,0.0
171,2,10,150,96,0.0
172,2,10,150,96,0.08232325035020067
173,2,10,150,96,0.1448442050067646
174,2,10,150,96,0.2622747997764713
175,2,10,150,96,0.22732566419594713
176,2,10,150,96,0.027651749128023803
177,2,10,150,96,0.3152442026717657
178,2,10,150,96,0.1509306125771355
179,2,10,150,96,0.09299583347145139
180,2,10,150,96,0.13545568635409455
181,2,10,150,96,0.0483889310666557
182,2,10,150,96,0.05005165434923901
183,2,10,150,96,0.0
184,2,10,150,96,0.15639932187667255
185,2,10,150,96,0.0
186,2,10,150,96,0.05478814761334652
187,2,10,150,96,0.16902512893841318
188,2,10,150,96,0.3504249889151446
189,2,10,150,96,0.209805850077053
190,2,10,150,96,0.025938546612492997
191,2,10,150,96,0.0
192,2,10,150,96,0.0
193,2,10,150,96,0.044029292293218426
194,2,10,150,96,0.19240249817644664
195,2,10,150,96,0.04606861224913365
196,2,10,150,96,0.04485361187694993
197,2,10,150,96,0.16261436624219067
198,2,10,150,96,0.028186415745733433
199,2,10,150,96,0.2529427027676571
200,2,10,150,96,0.24981852901656515
201,2,10,150,96,0.13525396835074274
202,2,10,150,96,0.27487633291429087
203,2,10,150,96,0.10238606821339166
204,2,10,150,96,0.08325563768773413
205,2,10,150,96,0.1465996756793884
206,2,10,150,96,0.028694189013458257
207,2,10,150,96,0.11885762425589542
208,2,10,150,96,0.10318619832562911
209,2,10,150,96,0.0
210,2,10,150,96,0.2038640973809669
211,2,10,150,96,0.0
212,2,10,150,96,0.164108698820099
213,2,10,150,96,0.20808658101351607
214,2,10,150,96,0.25168008015410515
215,2,10,150,96,0.11433722369502479
216,2,10,150,96,0.14425650580287722
217,2,10,150,96,0.10298663607405599
218,2,10,150,96,0.1023482199458735
219,2,10,150,96,0.0
220,2,10,150,96,0.0
221,2,10,150,96,0.10144613070733857
222,2,10,150,96,0.07761211457345131
223,2,10,150,96,0.0
224,2,10,150,96,0.029996736818897345
225,2,10,150,96,0.0
226,2,10,150,96,0.1498542968734124
227,2,10,150,96,0.11812975819364856
228,2,10,150,96,0.0
229,2,10,150,96,0.1353749952992483
230,2,10,150,96,0.29885542969810625
231,2,10,150,96,0.3903800499921017
232,2,10,150,96,0.1614860094571739
233,2,10,150,96,0.20041862413043413
234,2,10,150,96,0.21261674780961376
235,2,10,150,96,0.1075070751982482
236,2,10,150,96,0.1748476071795128
237,2,10,150,96,0.27346075713529205
238,2,10,150,96,0.0
239,2,10,150,96,0.1640226646237981
240,2,10,150,96,0.0
241,2,10,150,96,0.0
242,2,10,150,96,0.07673373981757839
243,2,10,150,96,0.2568245236714982
244,2,10,150,96,0.18280294015368334
245,2,10,150,96,0.0
246,2,10,150,96,0.12379877182510346
247,2,10,150,96,0.0
248,2,10,150,96,0.14176813152020928
249,2,10,150,96,0.25273723061556136
250,2,10,150,96,0.08513080051804543
251,2,10,150,96,0.12803494038364374
252,2,10,150,96,0.1904168294848087
253,2,10,150,96,0.204742498386431
254,2,10,150,96,0.2834002979184586
255,2,10,150,96,0.04662184073981129
256,2,10,150,96,0.33260401585908705
257,2,10,150,96,0.10559687561546657
258,2,10,150,96,0.09376545370390896
259,2,10,150,96,0.0
260,2,10,150,96,0.0
261,2,10,150,96,0.0
262,2,10,150,96,0.14662870872246536
263,2,10,150,96,0.18223095706182182
264,2,10,150,96,0.15116389935524738
265,2,10,150,96,0.08339602711200374
266,2,10,150,96,0.0
267,2,10,150,96,0.15946623251411773
268,2,10,150,96,0.2022867504986885
269,2,10,150,96,0.07991666515634646
270,2,10,150,96,0.13753262202696961
271,2,10,150,96,0.20401896890378474
272,2,10,150,96,0.39122445679032536
273,2,10,150,96,0.06267320809766952
274,2,10,150,96,0.07854039387504146
275,2,10,150,96,0.04105877938688906
276,2,10,150,96,0.18482784624356396
277,2,10,150,96,0.0
278,2,10,150,96,0.04305311721683474
279,2,10,150,96,0.19286009379751215
280,2,10,150,96,0.0841500632404169
281,2,10,150,96,0.05516788910004661
282,2,10,150,96,0.0
283,2,10,150,96,0.06286054135527182
284,2,10,150,96,0.028031276514167806
285,2,10,150,96,0.15002687789384317
286,2,10,150,96,0.11650442250576284
287,2,10,150,96,0.14933178562928426
288,2,10,150,96,0.18109971158338595
289,2,10,150,96,0.06510475888148554
290,2,10,150,96,0.09449357188080848
291,2,10,150,96,0.18686703515526518
292,2,10,150,96,0.3713936936921286
293,2,10,150,96,0.2048544157714347
294,2,10,150,96,0.05942233668176323
295,2,10,150,96,0.21201342709556317
296,2,10,150,96,0.16225779689524336
297,2,10,150,96,0.11872860965100916
298,2,10,150,96,0.4408289286964202
299,2,10,150,96,0.05389882485565562
300,2,10,150,96,0.0
301,2,10,150,96,0.1348819056641436
302,2,10,150,96,0.0
303,2,10,150,96,0.32299881666654695
304,2,10,150,96,0.09811693595042764
305,2,10,150,96,0.15377587171217844
306,2,10,150,96,0.07286537763060504
307,2,10,150,96,0.19085493009785376
308,2,10,150,96,0.10809998072943264
309,2,10,150,96,0.0
310,2,10,150,96,0.0
311,2,10,150,96,0.25325295310341156
312,2,10,150,96,0.1975666931997852
313,2,10,150,96,0.22676062260704077
314,2,10,150,96,0.1467839446144342
315,2,10,150,96,0.18129588776381328
316,2,10,150,96,0.22270580084154873
317,2,10,150,96,0.0
318,2,10,150,96,0.13166957165834908
319,2,10,150,96,0.0
320,2,10,150,96,0.04539294738377069
321,2,10,150,96,0.12530728980532893
322,2,10,150,96,0.3780567175504725
323,2,10,150,96,0.028361369701356044
324,2,10,150,96,0.06573619640629956
325,2,10,150,96,0.0811231025632827
326,2,10,150,96,0.14774251547484274
327,2,10,150,96,0.1025360983433444
328,2,10,150,96,0.14304127376118922
329,2,10,150,96,0.0
330,2,10,150,96,0.17464041258343582
331,2,10,150,96,0.10096521657790082
332,2,10,150,96,0.20308551734089297
333,2,10,150,96,0.05206745415870339
334,2,10,150,96,0.1367816572623888
335,2,10,150,96,0.0
336,2,10,150,96,0.11501232379588432
337,2,10,150,96,0.10934082156401825
338,2,10,150,96,0.14269909689763496
339,2,10,150,96,0.3016554358783463
340,2,10,150,96,0.17896552649342137
341,2,10,150,96,0.0
342,2,10,150,96,0.29535005560169497
343,2,10,150,96,0.32411227366404943
344,2,10,150,96,0.16544009376297736
345,2,10,150,96,0.10686772084589051
346,2,10,150,96,0.2102586943425689
347,2,10,150,96,0.20485510809551669
348,2,10,150,96,0.0
349,2,10,150,96,0.163169180413793
350,2,10,150,96,0.18939048055890495
351,2,10,150,96,0.1610216634970071
352,2,10,150,96,0.3057524544183157
353,2,10,150,96,0.0
354,2,10,150,96,0.08982081782386522
355,2,10,150,96,0.0
356,2,10,150,96,0.10061931714936387
357,2,10,150,96,0.14019634392566574
358,2,10,150,96,0.0
359,2,10,150,96,0.0
360,2,10,150,96,0.22728151171982378
361,2,10,150,96,0.12786031464335298
362,2,10,150,96,0.04690797720830594
363,2,10,150,96,0.16967265545883659
364,2,10,150,96,0.0
365,2,10,150,96,0.0
366,2,10,150,96,0.09184114803951915
367,2,10,150,96,0.05534563970541805
368,2,10,150,96,0.06788053752288492
369,2,10,150,96,0.21386152848601384
370,2,10,150,96,0.0957000625269241
371,2,10,150,96,0.1597357002967986
372,2,10,150,96,0.11359189468068477
373,2,10,150,96,0.10496983264762118
374,2,10,150,96,0.1607577635826819
375,2,10,150,96,0.1676614286651071
376,2,10,150,96,0.07216815292900357
377,2,10,150,96,0.34749036439127307
378,2,10,150,96,0.055131583788708124
379,2,10,150,96,0.2514444697019962
380,2,10,150,96,0.12442511173716794
381,2,10,150,96,0.14660694539581717
382,2,10,150,96,0.14582500956521116
383,2,10,150,96,0.13650194595273554
384,2,10,150,96,0.0
385,2,10,150,96,0.12407720272282458
386,2,10,150,96,0.0
387,2,10,150,96,0.15342061959733572
388,2,10,150,96,0.03275673003454543
389,2,10,150,96,0.23486014126558652
390,2,10,150,96,0.10466779365752882
391,2,10,150,96,0.18344326580289438
392,2,10,150,96,0.18274720371286732
393,2,10,150,96,0.1304435424652451
394,2,10,150,96,0.2428956376202687
395,2,10,150,96,0.17280189068434965
396,2,10,150,96,0.08006506288147622
397,2,10,150,96,0.27208443869728477
398,2,10,150,96,0.12633080592181342
399,2,10,150,96,0.047203738663996485
400,2,10,150,96,0.0
401,2,10,150,96,0.0
402,2,10,150,96,0.1798991830195577
403,2,10,150,96,0.23561122801255002
404,2,10,150,96,0.0
405,2,10,150,96,0.21411186760634585
406,2,10,150,96,0.20460553511902765
407,2,10,150,96,0.08840773311911526
408,2,10,150,96,0.08490303813485527
409,2,10,150,96,0.1854414927009712
410,2,10,150,96,0.1510508871592243
411,2,10,150,96,0.13359023741301432
412,2,10,150,96,0.0647690283301182
413,2,10,150,96,0.19475935863737628
414,2,10,150,96,0.0858710743416444
415,2,10,150,96,0.15582818336744758
416,2,10,150,96,0.4553167001903381
417,2,10,150,96,0.2101689058272438
418,2,10,150,96,0.05130633033097092
419,2,10,150,96,0.13043508853971056
420,2,10,150,96,0.1979106713561055
421,2,10,150,96,0.3102692669240346
422,2,10,150,96,0.0654076987556055
423,2,10,150,96,0.0
424,2,10,150,96,0.06775879819657901
425,2,10,150,96,0.08380832371790671
426,2,10,150,96,0.03206656709567107
427,2,10,150,96,0.0
428,2,10,150,96,0.09545062073374358
429,2,10,150,96,0.2385676652074351
430,2,10,150,96,0.1910356879389014
431,2,10,150,96,0.0
432,2,10,150,96,0.13181508781832452
433,2,10,150,96,0.10047622221317463
434,2,10,150,96,0.21435951014939544
435,2,10,150,96,0.24964588243264013
436,2,10,150,96,0.09225202744600981
437,2,10,150,96,0.2394887997312125
438,2,10,150,96,0.11342455428465782
439,2,10,150,96,0.0
440,2,10,150,96,0.056388463063434605
441,2,10,150,96,0.2078055819841487
442,2,10,150,96,0.04062732041938225
443,2,10,150,96,0.0
444,2,10,150,96,0.0796221118108625
445,2,10,150,96,0.06656553044254701
446,2,10,150,96,0.15440950258541247
447,2,10,150,96,0.06755943234053442
448,2,10,150,96,0.049326153683410964
449,2,10,150,96,0.1400796026466503
450,2,10,150,96,0.4751414108050344
451,2,10,150,96,0.05163551141839463
452,2,10,150,96,0.20804344255167403
453,2,10,150,96,0.14765608024766688
454,2,10,150,96,0.0
455,2,10,150,96,0.17567159782541333
456,2,10,150,96,0.09718329336085936
457,2,10,150,96,0.40656367430204793
458,2,10,150,96,0.2537193820456369
459,2,10,150,96,0.22350678403150168
460,2,10,150,96,0.07041837375515932
461,2,10,150,96,0.06961399513856609
462,2,10,150,96,0.18564976427020158
463,2,10,150,96,0.21881515471619958
464,2,10,150,96,0.06726768733602535
465,2,10,150,96,0.10783006935442738
466,2,10,150,96,0.12816210679182038
467,2,10,150,96,0.09300532025926726
468,2,10,150,96,0.26071751370405377
469,2,10,150,96,0.09804204583740185
470,2,10,150,96,0.04760723841253984
471,2,10,150,96,0.0
472,2,10,150,96,0.22700595313548064
473,2,10,150,96,0.2622744659873325
474,2,10,150,96,0.40782807766285367
475,2,10,150,96,0.07311683844390994
476,2,10,150,96,0.037130087375373766
477,2,10,150,96,0.10705212034121535
478,2,10,150,96,0.1437068872495116
479,2,10,150,96,0.1904568963143427
480,2,10,150,96,0.15920120556239784
481,2,10,150,96,0.12113079634450404
482,2,10,150,96,0.04290887548434951
483,2,10,150,96,0.044584249489688726
484,2,10,150,96,0.21280961292893452
485,2,10,150,96,0.036556008482007775
486,2,10,150,96,0.037551180085133536
487,2,10,150,96,0.26897530948823467
488,2,10,150,96,0.0
489,2,10,150,96,0.11658388953080685
490,2,10,150,96,0.11630686983226163
491,2,10,150,96,0.03859643636257609
492,2,10,150,96,0.1338895448360617
493,2,10,150,96,0.2595111329305249
494,2,10,150,96,0.10841985052222541
495,2,10,150,96,0.1996749531533383
496,2,10,150,96,0.023205371908120297
497,2,10,150,96,0.1929030849976094
498,2,10,150,96,0.07358364093338247
499,2,10,150,96,0.15260244507131887
500,2,10,150,96,0.1193085705784429
501,2,10,150,96,0.02184231145035861
502,2,10,150,96,0.06689893193796337
503,2,10,150,96,0.2353114369037673
504,2,10,150,96,0.11185364196213783
505,2,10,150,96,0.05688647497208646
506,2,10,150,96,0.1311934345633975
507,2,10,150,96,0.04255090034092519
508,2,10,150,96,0.20345924618307185
509,2,10,150,96,0.031611854308622345
510,2,10,150,96,0.02829245921730517
511,2,10,150,96,0.0
512,2,10,150,96,0.08364069030518707
513,2,10,150,96,0.11506360809154491
514,2,10,150,96,0.16578726587197626
515,2,10,150,96,0.034743705427429224
516,2,10,150,96,0.1340330647732781
517,2,10,150,96,0.07931777113368761
518,2,10,150,96,0.1587056515255228
519,2,10,150,96,0.10560636946921488
520,2,10,150,96,0.0
521,2,10,150,96,0.025776778718606015
522,2,10,150,96,0.0559167101555819
523,2,10,150,96,0.2487994583494942
524,2,10,150,96,0.12139532738996409
525,2,10,150,96,0.02228065271804083
526,2,10,150,96,0.02505758835695044
527,2,10,150,96,0.35360031514866236
528,2,10,150,96,0.2269962474823218
529,2,10,150,96,0.0
530,2,10,150,96,0.05554513395194445
531,2,10,150,96,0.0
532,2,10,150,96,0.10441529255085924
533,2,10,150,96,0.025391902168777833
534,2,10,150,96,0.024909303741335254
535,2,10,150,96,0.20139880789960526
536,2,10,150,96,0.16340884055250954
537,2,10,150,96,0.39398290241183226
538,2,10,150,96,0.06986755390827007
539,2,10,150,96,0.09953437200841515
540,2,10,150,96,0.0
541,2,10,150,96,0.08397287070222587
542,2,10,150,96,0.09025637667395449
543,2,10,150,96,0.1306704358373909
544,2,10,150,96,0.0
545,2,10,150,96,0.060216826583478454
546,2,10,150,96,0.08187211419398947
547,2,10,150,96,0.04855455745827926
548,2,10,150,96,0.09589255277111255
549,2,10,150,96,0.0
550,2,10,150,96,0.09688698360286704
551,2,10,150,96,0.23044150980560116
552,2,10,150,96,0.048059443651065493
553,2,10,150,96,0.27342202341537997
554,2,10,150,96,0.12308266164127038
555,2,10,150,96,0.09809088686968297
556,2,10,150,96,0.16258997327839542
557,2,10,150,96,0.04470486007704452
558,2,10,150,96,0.265053101293003
559,2,10,150,96,0.15158394663529717
560,2,10,150,96,0.046716390531725466
561,2,10,150,96,0.14865786362526373
562,2,10,150,96,0.07720150835011791
563,2,10,150,96,0.0
564,2,10,150,96,0.0
565,2,10,150,96,0.28663011782160785
566,2,10,150,96,0.049763902181020156
567,2,10,150,96,0.10828657397486113
568,2,10,150,96,0.0
569,2,10,150,96,0.17563954439010937
570,2,10,150,96,0.0
571,2,10,150,96,0.16104477175644444
572,2,10,150,96,0.0
573,2,10,150,96,0.03246641181906899
574,2,10,150,96,0.05058854055353143
575,2,10,150,96,0.05154847002173459
576,2,10,150,96,0.0
577,2,10,150,96,0.0784247757209491
578,2,10,150,96,0.0
579,2,10,150,96,0.08297540479108526
580,2,10,150,96,0.21602760439924668
581,2,10,150,96,0.0
582,2,10,150,96,0.0437514209980628
583,2,10,150,96,0.08356526807460651
584,2,10,150,96,0.09591939076437811
585,2,10,150,96,0.10653251525271548
586,2,10,150,96,0.10132509239867551
587,2,10,150,96,0.03459392809572638
588,2,10,150,96,0.053821119735696775
589,2,10,150,96,0.13061191070808464
590,2,10,150,96,0.06139304560474655
591,2,10,150,96,0.0
592,2,10,150,96,0.3162895979196809
593,2,10,150,96,0.04586709436300111
594,2,10,150,96,0.0
595,2,10,150,96,0.0
596,2,10,150,96,0.0
597,2,10,150,96,0.0
598,2,10,150,96,0.0
599,2,10,150,96,0.03373797440426373
600,2,10,150,96,0.024325165853816375
601,2,10,150,96,0.03369782041898502
602,2,10,150,96,0.0
603,2,10,150,96,0.1435203717549576
604,2,10,150,96,0.0
605,2,10,150,96,0.2645541144793553
606,2,10,150,96,0.24870693244846395
607,2,10,150,96,0.1304680268574189
608,2,10,150,96,0.2297355802772357
609,2,10,150,96,0.0
610,2,10,150,96,0.1629867900167321
611,2,10,150,96,0.08045389590462838
612,2,10,150,96,0.15130120674940672
613,2,10,150,96,0.0
614,2,10,150,96,0.08861505596859857
615,2,10,150,96,0.1479554402409639
616,2,10,150,96,0.0
617,2,10,150,96,0.044257815106106525
618,2,10,150,96,0.18766481803906507
619,2,10,150,96,0.09637551974188778
620,2,10,150,96,0.08396948777462541
621,2,10,150,96,0.07911675782853725
622,2,10,150,96,0.12980296240199146
623,2,10,150,96,0.0
624,2,10,150,96,0.08175619017377453
625,2,10,150,96,0.0
626,2,10,150,96,0.0
627,2,10,150,96,0.020478112772268246
628,2,10,150,96,0.0
629,2,10,150,96,0.2466228630593721
630,2,10,150,96,0.0
631,2,10,150,96,0.16868725245403154
632,2,10,150,96,0.13439570003165963
633,2,10,150,96,0.07667481399289292
634,2,10,150,96,0.030975021478781034
635,2,10,150,96,0.0
636,2,10,150,96,0.0
637,2,10,150,96,0.0
638,2,10,150,96,0.0
639,2,10,150,96,0.0
640,2,10,150,96,0.07887611601996505
642,2,10,150,96,0.1329152156038286
643,2,10,150,96,0.0
644,2,10,150,96,0.0
645,2,10,150,96,0.09759501249802542
647,2,10,150,96,0.0
648,2,10,150,96,0.21223061777480637
649,2,10,150,96,1.0
650,2,10,150,96,0.071889940957183
651,2,10,150,96,0.0
653,2,10,150,96,0.040484256935344326
654,2,10,150,96,0.058087171966128066
655,2,10,150,96,0.2211917314646663
658,2,10,150,96,0.0
1,2,10,150,97,0.5343723497595074
2,2,10,150,97,0.2268511698743587
3,2,10,150,97,0.03098598178059488
4,2,10,150,97,0.06166887310869151
5,2,10,150,97,0.12620564628865164
6,2,10,150,97,0.17961772474519622
7,2,10,150,97,0.25831763113990597
8,2,10,150,97,0.09482781197937418
9,2,10,150,97,0.046059218274918635
10,2,10,150,97,0.2043831529067321
11,2,10,150,97,0.10464473261331256
12,2,10,150,97,0.10103399773096396
13,2,10,150,97,0.3776695009028613
14,2,10,150,97,0.15461807617997098
15,2,10,150,97,0.01616702920033762
16,2,10,150,97,0.2976354809315535
17,2,10,150,97,0.10312948447052589
18,2,10,150,97,0.24231349134271257
19,2,10,150,97,0.0
20,2,10,150,97,0.06057715324397481
21,2,10,150,97,0.012720674487092647
22,2,10,150,97,0.05035691655673683
23,2,10,150,97,0.22807475621810358
24,2,10,150,97,0.12818798445247553
25,2,10,150,97,0.03078223202175778
26,2,10,150,97,0.1475005395151273
27,2,10,150,97,0.0
28,2,10,150,97,0.16080076733974918
29,2,10,150,97,0.0
30,2,10,150,97,0.0
31,2,10,150,97,0.08090642992710743
32,2,10,150,97,0.14779014095437779
33,2,10,150,97,0.0
34,2,10,150,97,0.07239559903187814
35,2,10,150,97,0.0
36,2,10,150,97,0.0
37,2,10,150,97,0.0
38,2,10,150,97,0.12297908439989445
39,2,10,150,97,0.15820890896021753
40,2,10,150,97,0.2212397779175911
41,2,10,150,97,0.0
42,2,10,150,97,0.20130152528989256
43,2,10,150,97,0.10840884994756145
44,2,10,150,97,0.1565413821318793
45,2,10,150,97,0.0
46,2,10,150,97,0.10684080426179023
47,2,10,150,97,0.11437926488327832
48,2,10,150,97,0.16438571914394637
49,2,10,150,97,0.05920283200708927
50,2,10,150,97,0.046726672111120165
51,2,10,150,97,0.07984133538066794
52,2,10,150,97,0.05244652348163508
53,2,10,150,97,0.12810519548676028
54,2,10,150,97,0.16717211165365042
55,2,10,150,97,0.0
56,2,10,150,97,0.22047893971599028
57,2,10,150,97,0.0524456916588361
58,2,10,150,97,0.16366022196121796
59,2,10,150,97,0.2963473151561073
60,2,10,150,97,0.2158570564681132
61,2,10,150,97,0.06416923277158361
62,2,10,150,97,0.18160332589227857
63,2,10,150,97,0.10055844624153853
64,2,10,150,97,0.04583023181159601
65,2,10,150,97,0.18154179097601578
66,2,10,150,97,0.12995427111679475
67,2,10,150,97,0.30572227149996106
68,2,10,150,97,0.04358896759704514
69,2,10,150,97,0.19699902273515738
70,2,10,150,97,0.06577317760289236
71,2,10,150,97,0.08190066039082215
72,2,10,150,97,0.28907547922366217
73,2,10,150,97,0.28969967958004655
74,2,10,150,97,0.17342765698823945
75,2,10,150,97,0.16021137204676433
76,2,10,150,97,0.23191508057904175
77,2,10,150,97,0.15029758260072817
78,2,10,150,97,0.0
79,2,10,150,97,0.11837298765331451
80,2,10,150,97,0.1744476820873323
81,2,10,150,97,0.05253995170668335
82,2,10,150,97,0.06437887178128218
83,2,10,150,97,0.046841820324159865
84,2,10,150,97,0.029136604147144557
85,2,10,150,97,0.18442983312439273
86,2,10,150,97,0.07028063830038406
87,2,10,150,97,0.20523162803222705
88,2,10,150,97,0.06294571929989644
89,2,10,150,97,0.2334685083478665
90,2,10,150,97,0.17313204566143872
91,2,10,150,97,0.12959454410325086
92,2,10,150,97,0.1274776101241119
93,2,10,150,97,0.0
94,2,10,150,97,0.2417205687353641
95,2,10,150,97,0.12485211086506379
96,2,10,150,97,0.2910849944526355
97,2,10,150,97,0.3737962099528559
98,2,10,150,97,0.0
99,2,10,150,97,0.13656436417013992
100,2,10,150,97,0.0
101,2,10,150,97,0.0
102,2,10,150,97,0.05671879843401278
103,2,10,150,97,0.04579340374561851
104,2,10,150,97,0.0
105,2,10,150,97,0.0
106,2,10,150,97,0.0
107,2,10,150,97,0.09995553728965398
108,2,10,150,97,0.07859158628121365
109,2,10,150,97,0.20086438685781322
110,2,10,150,97,0.037578324799282276
111,2,10,150,97,0.09077089626867633
112,2,10,150,97,0.0
113,2,10,150,97,0.178509607681865
114,2,10,150,97,0.02951022367272685
115,2,10,150,97,0.24220379575977083
116,2,10,150,97,0.041610162623197416
117,2,10,150,97,0.07736180228640575
118,2,10,150,97,0.19326159470866278
119,2,10,150,97,0.1788532979265873
120,2,10,150,97,0.40177646466663713
121,2,10,150,97,0.115269333086109
122,2,10,150,97,0.1467899073100297
123,2,10,150,97,0.12990556389377814
124,2,10,150,97,0.18903749859471425
125,2,10,150,97,0.1788785148307843
126,2,10,150,97,0.0
127,2,10,150,97,0.12503310750358904
128,2,10,150,97,0.07117364753699024
129,2,10,150,97,0.0
130,2,10,150,97,0.12626944889280553
131,2,10,150,97,0.36227735599025207
132,2,10,150,97,0.12643913909707097
133,2,10,150,97,0.0
134,2,10,150,97,0.0
135,2,10,150,97,0.04164847922797725
136,2,10,150,97,0.1949254865702981
137,2,10,150,97,0.1142541952759239
138,2,10,150,97,0.15545471738318148
139,2,10,150,97,0.05165643482805862
140,2,10,150,97,0.0732173666263434
141,2,10,150,97,0.12556328258692692
142,2,10,150,97,0.0
143,2,10,150,97,0.06882065896991112
144,2,10,150,97,0.1778212661301716
145,2,10,150,97,0.1074935252705928
146,2,10,150,97,0.0
147,2,10,150,97,0.06664071636913875
148,2,10,150,97,0.1606863768135813
149,2,10,150,97,0.10486881530019958
150,2,10,150,97,0.0
151,2,10,150,97,0.20411691507122928
152,2,10,150,97,0.10604965092581053
153,2,10,150,97,0.071942683897578
154,2,10,150,97,0.11640076603745134
155,2,10,150,97,0.0
156,2,10,150,97,0.06437746926759551
157,2,10,150,97,0.11756317838740467
158,2,10,150,97,0.17368343162211233
159,2,10,150,97,0.024782300799839303
160,2,10,150,97,0.1330098122581384
161,2,10,150,97,0.0
162,2,10,150,97,0.08299661455725149
163,2,10,150,97,0.0
164,2,10,150,97,0.029649957429587842
165,2,10,150,97,0.0
166,2,10,150,97,0.06175696970122604
167,2,10,150,97,0.040419659112753054
168,2,10,150,97,0.0641665753731138
169,2,10,150,97,0.03870447337439288
170,2,10,150,97,0.0
171,2,10,150,97,0.0
172,2,10,150,97,0.08232325035020067
173,2,10,150,97,0.1448442050067646
174,2,10,150,97,0.2622747997764713
175,2,10,150,97,0.22732566419594713
176,2,10,150,97,0.027651749128023803
177,2,10,150,97,0.3152442026717657
178,2,10,150,97,0.1509306125771355
179,2,10,150,97,0.09299583347145139
180,2,10,150,97,0.13545568635409455
181,2,10,150,97,0.0483889310666557
182,2,10,150,97,0.05005165434923901
183,2,10,150,97,0.0
184,2,10,150,97,0.15639932187667255
185,2,10,150,97,0.0
186,2,10,150,97,0.05478814761334652
187,2,10,150,97,0.16902512893841318
188,2,10,150,97,0.3504249889151446
189,2,10,150,97,0.209805850077053
190,2,10,150,97,0.025938546612492997
191,2,10,150,97,0.0
192,2,10,150,97,0.0
193,2,10,150,97,0.044029292293218426
194,2,10,150,97,0.19240249817644664
195,2,10,150,97,0.04606861224913365
196,2,10,150,97,0.04485361187694993
197,2,10,150,97,0.16261436624219067
198,2,10,150,97,0.028186415745733433
199,2,10,150,97,0.2529427027676571
200,2,10,150,97,0.24981852901656515
201,2,10,150,97,0.13525396835074274
202,2,10,150,97,0.27487633291429087
203,2,10,150,97,0.10238606821339166
204,2,10,150,97,0.08325563768773413
205,2,10,150,97,0.1465996756793884
206,2,10,150,97,0.028694189013458257
207,2,10,150,97,0.1293211556883118
208,2,10,150,97,0.10318619832562911
209,2,10,150,97,0.0
210,2,10,150,97,0.2038640973809669
211,2,10,150,97,0.0
212,2,10,150,97,0.164108698820099
213,2,10,150,97,0.20808658101351607
214,2,10,150,97,0.25168008015410515
215,2,10,150,97,0.11433722369502479
216,2,10,150,97,0.14425650580287722
217,2,10,150,97,0.10298663607405599
218,2,10,150,97,0.1023482199458735
219,2,10,150,97,0.0
220,2,10,150,97,0.0
221,2,10,150,97,0.10144613070733857
222,2,10,150,97,0.07761211457345131
223,2,10,150,97,0.0
224,2,10,150,97,0.029996736818897345
225,2,10,150,97,0.0
226,2,10,150,97,0.1498542968734124
227,2,10,150,97,0.11812975819364856
228,2,10,150,97,0.0
229,2,10,150,97,0.1353749952992483
230,2,10,150,97,0.29885542969810625
231,2,10,150,97,0.3903800499921017
232,2,10,150,97,0.1614860094571739
233,2,10,150,97,0.20041862413043413
234,2,10,150,97,0.2110478099757579
235,2,10,150,97,0.1075070751982482
236,2,10,150,97,0.1748476071795128
237,2,10,150,97,0.27346075713529205
238,2,10,150,97,0.0
239,2,10,150,97,0.1640226646237981
240,2,10,150,97,0.0
241,2,10,150,97,0.0
242,2,10,150,97,0.07673373981757839
243,2,10,150,97,0.2568245236714982
244,2,10,150,97,0.18280294015368334
245,2,10,150,97,0.0
246,2,10,150,97,0.12379877182510346
247,2,10,150,97,0.0
248,2,10,150,97,0.14176813152020928
249,2,10,150,97,0.25273723061556136
250,2,10,150,97,0.08513080051804543
251,2,10,150,97,0.12803494038364374
252,2,10,150,97,0.1904168294848087
253,2,10,150,97,0.204742498386431
254,2,10,150,97,0.2834002979184586
255,2,10,150,97,0.04662184073981129
256,2,10,150,97,0.33260401585908705
257,2,10,150,97,0.10559687561546657
258,2,10,150,97,0.09376545370390896
259,2,10,150,97,0.0
260,2,10,150,97,0.0
261,2,10,150,97,0.0
262,2,10,150,97,0.14662870872246536
263,2,10,150,97,0.18223095706182182
264,2,10,150,97,0.15116389935524738
265,2,10,150,97,0.08339602711200374
266,2,10,150,97,0.0
267,2,10,150,97,0.15946623251411773
268,2,10,150,97,0.2022867504986885
269,2,10,150,97,0.07991666515634646
270,2,10,150,97,0.13753262202696961
271,2,10,150,97,0.20401896890378474
272,2,10,150,97,0.39122445679032536
273,2,10,150,97,0.06267320809766952
274,2,10,150,97,0.07854039387504146
275,2,10,150,97,0.04105877938688906
276,2,10,150,97,0.1834639677922705
277,2,10,150,97,0.02382330812596789
278,2,10,150,97,0.04305311721683474
279,2,10,150,97,0.1914369439237738
280,2,10,150,97,0.0841500632404169
281,2,10,150,97,0.05516788910004661
282,2,10,150,97,0.0
283,2,10,150,97,0.06286054135527182
284,2,10,150,97,0.028031276514167806
285,2,10,150,97,0.15002687789384317
286,2,10,150,97,0.11650442250576284
287,2,10,150,97,0.14933178562928426
288,2,10,150,97,0.18109971158338595
289,2,10,150,97,0.06510475888148554
290,2,10,150,97,0.09449357188080848
291,2,10,150,97,0.18686703515526518
292,2,10,150,97,0.3713936936921286
293,2,10,150,97,0.2033427576041108
294,2,10,150,97,0.05942233668176323
295,2,10,150,97,0.21201342709556317
296,2,10,150,97,0.16225779689524336
297,2,10,150,97,0.11872860965100916
298,2,10,150,97,0.4408289286964202
299,2,10,150,97,0.05389882485565562
300,2,10,150,97,0.0
301,2,10,150,97,0.1348819056641436
302,2,10,150,97,0.0
303,2,10,150,97,0.32061534937631914
304,2,10,150,97,0.09811693595042764
305,2,10,150,97,0.15377587171217844
306,2,10,150,97,0.07286537763060504
307,2,10,150,97,0.19085493009785376
308,2,10,150,97,0.10730229121836286
309,2,10,150,97,0.0
310,2,10,150,97,0.0
311,2,10,150,97,0.25325295310341156
312,2,10,150,97,0.1975666931997852
313,2,10,150,97,0.22676062260704077
314,2,10,150,97,0.1467839446144342
315,2,10,150,97,0.18129588776381328
316,2,10,150,97,0.22270580084154873
317,2,10,150,97,0.0
318,2,10,150,97,0.13166957165834908
319,2,10,150,97,0.0
320,2,10,150,97,0.04539294738377069
321,2,10,150,97,0.12530728980532893
322,2,10,150,97,0.3780567175504725
323,2,10,150,97,0.028361369701356044
324,2,10,150,97,0.06573619640629956
325,2,10,150,97,0.0811231025632827
326,2,10,150,97,0.14774251547484274
327,2,10,150,97,0.1025360983433444
328,2,10,150,97,0.14304127376118922
329,2,10,150,97,0.0
330,2,10,150,97,0.17464041258343582
331,2,10,150,97,0.10096521657790082
332,2,10,150,97,0.21586903305510508
333,2,10,150,97,0.05206745415870339
334,2,10,150,97,0.14315150315059758
335,2,10,150,97,0.0
336,2,10,150,97,0.11501232379588432
337,2,10,150,97,0.10934082156401825
338,2,10,150,97,0.14269909689763496
339,2,10,150,97,0.3016554358783463
340,2,10,150,97,0.17896552649342137
341,2,10,150,97,0.0
342,2,10,150,97,0.29535005560169497
343,2,10,150,97,0.32411227366404943
344,2,10,150,97,0.16544009376297736
345,2,10,150,97,0.10686772084589051
346,2,10,150,97,0.2102586943425689
347,2,10,150,97,0.20485510809551669
348,2,10,150,97,0.0
349,2,10,150,97,0.163169180413793
350,2,10,150,97,0.18939048055890495
351,2,10,150,97,0.1610216634970071
352,2,10,150,97,0.3057524544183157
353,2,10,150,97,0.0
354,2,10,150,97,0.08982081782386522
355,2,10,150,97,0.0
356,2,10,150,97,0.10061931714936387
357,2,10,150,97,0.14019634392566574
358,2,10,150,97,0.0
359,2,10,150,97,0.0
360,2,10,150,97,0.22728151171982378
361,2,10,150,97,0.12786031464335298
362,2,10,150,97,0.04690797720830594
363,2,10,150,97,0.16842060992967378
364,2,10,150,97,0.0
365,2,10,150,97,0.0
366,2,10,150,97,0.09184114803951915
367,2,10,150,97,0.05534563970541805
368,2,10,150,97,0.06788053752288492
369,2,10,150,97,0.21386152848601384
370,2,10,150,97,0.0957000625269241
371,2,10,150,97,0.1597357002967986
372,2,10,150,97,0.11359189468068477
373,2,10,150,97,0.10496983264762118
374,2,10,150,97,0.1607577635826819
375,2,10,150,97,0.1676614286651071
376,2,10,150,97,0.07216815292900357
377,2,10,150,97,0.34749036439127307
378,2,10,150,97,0.05472475775765645
379,2,10,150,97,0.2514444697019962
380,2,10,150,97,0.12442511173716794
381,2,10,150,97,0.14660694539581717
382,2,10,150,97,0.14582500956521116
383,2,10,150,97,0.13650194595273554
384,2,10,150,97,0.0
385,2,10,150,97,0.12316161437112445
386,2,10,150,97,0.0
387,2,10,150,97,0.15342061959733572
388,2,10,150,97,0.03275673003454543
389,2,10,150,97,0.23486014126558652
390,2,10,150,97,0.10466779365752882
391,2,10,150,97,0.18344326580289438
392,2,10,150,97,0.18274720371286732
393,2,10,150,97,0.1294809757292551
394,2,10,150,97,0.2428956376202687
395,2,10,150,97,0.17280189068434965
396,2,10,150,97,0.10153842195255075
397,2,10,150,97,0.27208443869728477
398,2,10,150,97,0.12633080592181342
399,2,10,150,97,0.04685541365078677
400,2,10,150,97,0.0
401,2,10,150,97,0.0
402,2,10,150,97,0.1798991830195577
403,2,10,150,97,0.23561122801255002
404,2,10,150,97,0.0
405,2,10,150,97,0.21253189701030445
406,2,10,150,97,0.2030957134875162
407,2,10,150,97,0.08840773311911526
408,2,10,150,97,0.08490303813485527
409,2,10,150,97,0.1854414927009712
410,2,10,150,97,0.1510508871592243
411,2,10,150,97,0.13359023741301432
412,2,10,150,97,0.0647690283301182
413,2,10,150,97,0.19475935863737628
414,2,10,150,97,0.0858710743416444
415,2,10,150,97,0.15582818336744758
416,2,10,150,97,0.45195683505894824
417,2,10,150,97,0.20861803106667356
418,2,10,150,97,0.05130633033097092
419,2,10,150,97,0.13043508853971056
420,2,10,150,97,0.1979106713561055
421,2,10,150,97,0.3102692669240346
422,2,10,150,97,0.0654076987556055
423,2,10,150,97,0.0
424,2,10,150,97,0.06775879819657901
425,2,10,150,97,0.08380832371790671
426,2,10,150,97,0.03206656709567107
427,2,10,150,97,0.0
428,2,10,150,97,0.09545062073374358
429,2,10,150,97,0.23680723081205168
430,2,10,150,97,0.1910356879389014
431,2,10,150,97,0.0
432,2,10,150,97,0.13181508781832452
433,2,10,150,97,0.10047622221317463
434,2,10,150,97,0.21435951014939544
435,2,10,150,97,0.24780369984801312
436,2,10,150,97,0.09225202744600981
437,2,10,150,97,0.23772156811585787
438,2,10,150,97,0.11342455428465782
439,2,10,150,97,0.0
440,2,10,150,97,0.056388463063434605
441,2,10,150,97,0.2078055819841487
442,2,10,150,97,0.04062732041938225
443,2,10,150,97,0.0
444,2,10,150,97,0.0796221118108625
445,2,10,150,97,0.06656553044254701
446,2,10,150,97,0.15440950258541247
447,2,10,150,97,0.06755943234053442
448,2,10,150,97,0.049326153683410964
449,2,10,150,97,0.1400796026466503
450,2,10,150,97,0.4716352555114204
451,2,10,150,97,0.05163551141839463
452,2,10,150,97,0.20804344255167403
453,2,10,150,97,0.14765608024766688
454,2,10,150,97,0.0
455,2,10,150,97,0.17567159782541333
456,2,10,150,97,0.10384534281216434
457,2,10,150,97,0.4035635666573994
458,2,10,150,97,0.2537193820456369
459,2,10,150,97,0.22350678403150168
460,2,10,150,97,0.07041837375515932
461,2,10,150,97,0.06961399513856609
462,2,10,150,97,0.18564976427020158
463,2,10,150,97,0.22927868614861596
464,2,10,150,97,0.06726768733602535
465,2,10,150,97,0.10783006935442738
466,2,10,150,97,0.12816210679182038
467,2,10,150,97,0.09300532025926726
468,2,10,150,97,0.26071751370405377
469,2,10,150,97,0.09804204583740185
470,2,10,150,97,0.04760723841253984
471,2,10,150,97,0.0
472,2,10,150,97,0.23271001745762457
473,2,10,150,97,0.2622744659873325
474,2,10,150,97,0.40481863975475946
475,2,10,150,97,0.07311683844390994
476,2,10,150,97,0.037130087375373766
477,2,10,150,97,0.10705212034121535
478,2,10,150,97,0.1437068872495116
479,2,10,150,97,0.1904568963143427
480,2,10,150,97,0.15920120556239784
481,2,10,150,97,0.12113079634450404
482,2,10,150,97,0.04290887548434951
483,2,10,150,97,0.044584249489688726
484,2,10,150,97,0.21280961292893452
485,2,10,150,97,0.036556008482007775
486,2,10,150,97,0.037551180085133536
487,2,10,150,97,0.26897530948823467
488,2,10,150,97,0.0
489,2,10,150,97,0.11658388953080685
490,2,10,150,97,0.11630686983226163
491,2,10,150,97,0.03859643636257609
492,2,10,150,97,0.1338895448360617
493,2,10,150,97,0.2595111329305249
494,2,10,150,97,0.10841985052222541
495,2,10,150,97,0.1996749531533383
496,2,10,150,97,0.023205371908120297
497,2,10,150,97,0.19147961788394968
498,2,10,150,97,0.07358364093338247
499,2,10,150,97,0.15260244507131887
500,2,10,150,97,0.1193085705784429
501,2,10,150,97,0.02184231145035861
502,2,10,150,97,0.06689893193796337
503,2,10,150,97,0.2353114369037673
504,2,10,150,97,0.11102825349891993
505,2,10,150,97,0.05688647497208646
506,2,10,150,97,0.1311934345633975
507,2,10,150,97,0.04255090034092519
508,2,10,150,97,0.20345924618307185
509,2,10,150,97,0.031611854308622345
510,2,10,150,97,0.056521628648141316
511,2,10,150,97,0.0
512,2,10,150,97,0.08364069030518707
513,2,10,150,97,0.11506360809154491
514,2,10,150,97,0.16578726587197626
515,2,10,150,97,0.034743705427429224
516,2,10,150,97,0.1340330647732781
517,2,10,150,97,0.07931777113368761
518,2,10,150,97,0.17389739326439957
519,2,10,150,97,0.10560636946921488
520,2,10,150,97,0.0
521,2,10,150,97,0.025776778718606015
522,2,10,150,97,0.0559167101555819
523,2,10,150,97,0.2487994583494942
524,2,10,150,97,0.12139532738996409
525,2,10,150,97,0.02228065271804083
526,2,10,150,97,0.02505758835695044
527,2,10,150,97,0.35360031514866236
528,2,10,150,97,0.2269962474823218
529,2,10,150,97,0.0
530,2,10,150,97,0.05554513395194445
531,2,10,150,97,0.0
532,2,10,150,97,0.11102397575862745
533,2,10,150,97,0.02520453068277507
534,2,10,150,97,0.024909303741335254
535,2,10,150,97,0.20139880789960526
536,2,10,150,97,0.16340884055250954
537,2,10,150,97,0.3910756305818644
538,2,10,150,97,0.06986755390827007
539,2,10,150,97,0.09953437200841515
540,2,10,150,97,0.0
541,2,10,150,97,0.08397287070222587
542,2,10,150,97,0.09025637667395449
543,2,10,150,97,0.1306704358373909
544,2,10,150,97,0.0
545,2,10,150,97,0.060216826583478454
546,2,10,150,97,0.08187211419398947
547,2,10,150,97,0.04855455745827926
548,2,10,150,97,0.09589255277111255
549,2,10,150,97,0.0
550,2,10,150,97,0.09688698360286704
551,2,10,150,97,0.2287410397958321
552,2,10,150,97,0.048059443651065493
553,2,10,150,97,0.2883241100354781
554,2,10,150,97,0.12308266164127038
555,2,10,150,97,0.09809088686968297
556,2,10,150,97,0.19081914270923156
557,2,10,150,97,0.04470486007704452
558,2,10,150,97,0.265053101293003
559,2,10,150,97,0.15158394663529717
560,2,10,150,97,0.046716390531725466
561,2,10,150,97,0.14865786362526373
562,2,10,150,97,0.07720150835011791
563,2,10,150,97,0.0
564,2,10,150,97,0.0
565,2,10,150,97,0.28663011782160785
566,2,10,150,97,0.049763902181020156
567,2,10,150,97,0.10828657397486113
568,2,10,150,97,0.0
569,2,10,150,97,0.17563954439010937
570,2,10,150,97,0.0
571,2,10,150,97,0.16104477175644444
572,2,10,150,97,0.0
573,2,10,150,97,0.03246641181906899
574,2,10,150,97,0.05058854055353143
575,2,10,150,97,0.05154847002173459
576,2,10,150,97,0.0
577,2,10,150,97,0.0784247757209491
578,2,10,150,97,0.0
579,2,10,150,97,0.08297540479108526
580,2,10,150,97,0.21602760439924668
581,2,10,150,97,0.0
582,2,10,150,97,0.0437514209980628
583,2,10,150,97,0.08356526807460651
584,2,10,150,97,0.09591939076437811
585,2,10,150,97,0.10653251525271548
586,2,10,150,97,0.10132509239867551
587,2,10,150,97,0.03459392809572638
588,2,10,150,97,0.053821119735696775
589,2,10,150,97,0.13061191070808464
590,2,10,150,97,0.06139304560474655
591,2,10,150,97,0.0
592,2,10,150,97,0.3162895979196809
593,2,10,150,97,0.04586709436300111
594,2,10,150,97,0.0
595,2,10,150,97,0.0
596,2,10,150,97,0.0
597,2,10,150,97,0.0
598,2,10,150,97,0.0
599,2,10,150,97,0.03373797440426373
600,2,10,150,97,0.024325165853816375
601,2,10,150,97,0.03369782041898502
602,2,10,150,97,0.0
603,2,10,150,97,0.1435203717549576
604,2,10,150,97,0.0
605,2,10,150,97,0.2645541144793553
606,2,10,150,97,0.24870693244846395
607,2,10,150,97,0.1304680268574189
608,2,10,150,97,0.2297355802772357
609,2,10,150,97,0.0
610,2,10,150,97,0.1629867900167321
611,2,10,150,97,0.08045389590462838
612,2,10,150,97,0.15130120674940672
613,2,10,150,97,0.0
614,2,10,150,97,0.08861505596859857
615,2,10,150,97,0.1479554402409639
616,2,10,150,97,0.0
617,2,10,150,97,0.044257815106106525
618,2,10,150,97,0.18766481803906507
619,2,10,150,97,0.09637551974188778
620,2,10,150,97,0.08396948777462541
621,2,10,150,97,0.07911675782853725
622,2,10,150,97,0.12980296240199146
623,2,10,150,97,0.0
624,2,10,150,97,0.08175619017377453
625,2,10,150,97,0.0
626,2,10,150,97,0.0
627,2,10,150,97,0.020478112772268246
628,2,10,150,97,0.05901695753735958
629,2,10,150,97,0.2466228630593721
630,2,10,150,97,0.0
631,2,10,150,97,0.16868725245403154
632,2,10,150,97,0.13439570003165963
633,2,10,150,97,0.07667481399289292
634,2,10,150,97,0.030975021478781034
635,2,10,150,97,0.0
636,2,10,150,97,0.0
637,2,10,150,97,0.0
638,2,10,150,97,0.0
639,2,10,150,97,0.0
640,2,10,150,97,0.07887611601996505
642,2,10,150,97,0.1329152156038286
643,2,10,150,97,0.0
644,2,10,150,97,0.0
645,2,10,150,97,0.09759501249802542
647,2,10,150,97,0.0
648,2,10,150,97,0.21223061777480637
649,2,10,150,97,1.0
650,2,10,150,97,0.071889940957183
651,2,10,150,97,0.0
653,2,10,150,97,0.0787236822054774
654,2,10,150,97,0.058087171966128066
655,2,10,150,97,0.2211917314646663
658,2,10,150,97,0.0
1,2,10,150,98,0.5343723497595074
2,2,10,150,98,0.2268511698743587
3,2,10,150,98,0.03098598178059488
4,2,10,150,98,0.06166887310869151
5,2,10,150,98,0.12620564628865164
6,2,10,150,98,0.17961772474519622
7,2,10,150,98,0.25831763113990597
8,2,10,150,98,0.09482781197937418
9,2,10,150,98,0.046059218274918635
10,2,10,150,98,0.2043831529067321
11,2,10,150,98,0.10464473261331256
12,2,10,150,98,0.10103399773096396
13,2,10,150,98,0.3749090905194791
14,2,10,150,98,0.15461807617997098
15,2,10,150,98,0.01616702920033762
16,2,10,150,98,0.2976354809315535
17,2,10,150,98,0.10312948447052589
18,2,10,150,98,0.24231349134271257
19,2,10,150,98,0.0
20,2,10,150,98,0.06057715324397481
21,2,10,150,98,0.012720674487092647
22,2,10,150,98,0.05035691655673683
23,2,10,150,98,0.22807475621810358
24,2,10,150,98,0.12818798445247553
25,2,10,150,98,0.03078223202175778
26,2,10,150,98,0.1475005395151273
27,2,10,150,98,0.0
28,2,10,150,98,0.16080076733974918
29,2,10,150,98,0.0
30,2,10,150,98,0.0
31,2,10,150,98,0.08090642992710743
32,2,10,150,98,0.14779014095437779
33,2,10,150,98,0.0
34,2,10,150,98,0.07239559903187814
35,2,10,150,98,0.0
36,2,10,150,98,0.0
37,2,10,150,98,0.0
38,2,10,150,98,0.12297908439989445
39,2,10,150,98,0.15820890896021753
40,2,10,150,98,0.2212397779175911
41,2,10,150,98,0.0
42,2,10,150,98,0.20130152528989256
43,2,10,150,98,0.10840884994756145
44,2,10,150,98,0.1565413821318793
45,2,10,150,98,0.0
46,2,10,150,98,0.10684080426179023
47,2,10,150,98,0.11437926488327832
48,2,10,150,98,0.16438571914394637
49,2,10,150,98,0.05920283200708927
50,2,10,150,98,0.046726672111120165
51,2,10,150,98,0.07984133538066794
52,2,10,150,98,0.05244652348163508
53,2,10,150,98,0.12810519548676028
54,2,10,150,98,0.16717211165365042
55,2,10,150,98,0.0
56,2,10,150,98,0.22047893971599028
57,2,10,150,98,0.0524456916588361
58,2,10,150,98,0.17825325564125621
59,2,10,150,98,0.2941812937964563
60,2,10,150,98,0.2158570564681132
61,2,10,150,98,0.06416923277158361
62,2,10,150,98,0.18160332589227857
63,2,10,150,98,0.10055844624153853
64,2,10,150,98,0.04583023181159601
65,2,10,150,98,0.18154179097601578
66,2,10,150,98,0.12995427111679475
67,2,10,150,98,0.30572227149996106
68,2,10,150,98,0.04358896759704514
69,2,10,150,98,0.19699902273515738
70,2,10,150,98,0.06577317760289236
71,2,10,150,98,0.08190066039082215
72,2,10,150,98,0.28907547922366217
73,2,10,150,98,0.28969967958004655
74,2,10,150,98,0.17342765698823945
75,2,10,150,98,0.16021137204676433
76,2,10,150,98,0.23191508057904175
77,2,10,150,98,0.15029758260072817
78,2,10,150,98,0.0
79,2,10,150,98,0.11837298765331451
80,2,10,150,98,0.1744476820873323
81,2,10,150,98,0.05253995170668335
82,2,10,150,98,0.06437887178128218
83,2,10,150,98,0.046841820324159865
84,2,10,150,98,0.029136604147144557
85,2,10,150,98,0.18442983312439273
86,2,10,150,98,0.07028063830038406
87,2,10,150,98,0.20523162803222705
88,2,10,150,98,0.06294571929989644
89,2,10,150,98,0.2334685083478665
90,2,10,150,98,0.17313204566143872
91,2,10,150,98,0.12959454410325086
92,2,10,150,98,0.13549925888123815
93,2,10,150,98,0.0
94,2,10,150,98,0.23995381773688793
95,2,10,150,98,0.12485211086506379
96,2,10,150,98,0.2910849944526355
97,2,10,150,98,0.3737962099528559
98,2,10,150,98,0.0
99,2,10,150,98,0.13656436417013992
100,2,10,150,98,0.0
101,2,10,150,98,0.0
102,2,10,150,98,0.05671879843401278
103,2,10,150,98,0.04579340374561851
104,2,10,150,98,0.0
105,2,10,150,98,0.0
106,2,10,150,98,0.0
107,2,10,150,98,0.09995553728965398
108,2,10,150,98,0.07859158628121365
109,2,10,150,98,0.20086438685781322
110,2,10,150,98,0.037578324799282276
111,2,10,150,98,0.09077089626867633
112,2,10,150,98,0.0
113,2,10,150,98,0.178509607681865
114,2,10,150,98,0.02951022367272685
115,2,10,150,98,0.24220379575977083
116,2,10,150,98,0.041610162623197416
117,2,10,150,98,0.07736180228640575
118,2,10,150,98,0.19326159470866278
119,2,10,150,98,0.1788532979265873
120,2,10,150,98,0.40177646466663713
121,2,10,150,98,0.115269333086109
122,2,10,150,98,0.1467899073100297
123,2,10,150,98,0.12990556389377814
124,2,10,150,98,0.18903749859471425
125,2,10,150,98,0.1918332537969805
126,2,10,150,98,0.0
127,2,10,150,98,0.12503310750358904
128,2,10,150,98,0.07117364753699024
129,2,10,150,98,0.0
130,2,10,150,98,0.12626944889280553
131,2,10,150,98,0.36227735599025207
132,2,10,150,98,0.12643913909707097
133,2,10,150,98,0.0
134,2,10,150,98,0.0
135,2,10,150,98,0.04164847922797725
136,2,10,150,98,0.1949254865702981
137,2,10,150,98,0.1399896064260569
138,2,10,150,98,0.15545471738318148
139,2,10,150,98,0.05165643482805862
140,2,10,150,98,0.0732173666263434
141,2,10,150,98,0.12556328258692692
142,2,10,150,98,0.0
143,2,10,150,98,0.06882065896991112
144,2,10,150,98,0.1778212661301716
145,2,10,150,98,0.1074935252705928
146,2,10,150,98,0.0
147,2,10,150,98,0.06664071636913875
148,2,10,150,98,0.1606863768135813
149,2,10,150,98,0.10486881530019958
150,2,10,150,98,0.0
151,2,10,150,98,0.20411691507122928
152,2,10,150,98,0.10604965092581053
153,2,10,150,98,0.071942683897578
154,2,10,150,98,0.14768000485326507
155,2,10,150,98,0.0
156,2,10,150,98,0.06437746926759551
157,2,10,150,98,0.11756317838740467
158,2,10,150,98,0.17368343162211233
159,2,10,150,98,0.024782300799839303
160,2,10,150,98,0.1330098122581384
161,2,10,150,98,0.0
162,2,10,150,98,0.08299661455725149
163,2,10,150,98,0.0
164,2,10,150,98,0.029649957429587842
165,2,10,150,98,0.0
166,2,10,150,98,0.06175696970122604
167,2,10,150,98,0.040419659112753054
168,2,10,150,98,0.0641665753731138
169,2,10,150,98,0.03870447337439288
170,2,10,150,98,0.0
171,2,10,150,98,0.0
172,2,10,150,98,0.08232325035020067
173,2,10,150,98,0.1448442050067646
174,2,10,150,98,0.2622747997764713
175,2,10,150,98,0.22732566419594713
176,2,10,150,98,0.027651749128023803
177,2,10,150,98,0.3152442026717657
178,2,10,150,98,0.1509306125771355
179,2,10,150,98,0.09299583347145139
180,2,10,150,98,0.13545568635409455
181,2,10,150,98,0.0483889310666557
182,2,10,150,98,0.05005165434923901
183,2,10,150,98,0.0
184,2,10,150,98,0.15639932187667255
185,2,10,150,98,0.0
186,2,10,150,98,0.05478814761334652
187,2,10,150,98,0.16902512893841318
188,2,10,150,98,0.3504249889151446
189,2,10,150,98,0.209805850077053
190,2,10,150,98,0.025938546612492997
191,2,10,150,98,0.0
192,2,10,150,98,0.0
193,2,10,150,98,0.044029292293218426
194,2,10,150,98,0.19240249817644664
195,2,10,150,98,0.06253347785846348
196,2,10,150,98,0.04485361187694993
197,2,10,150,98,0.16261436624219067
198,2,10,150,98,0.028186415745733433
199,2,10,150,98,0.2529427027676571
200,2,10,150,98,0.24981852901656515
201,2,10,150,98,0.13525396835074274
202,2,10,150,98,0.27487633291429087
203,2,10,150,98,0.10238606821339166
204,2,10,150,98,0.08325563768773413
205,2,10,150,98,0.1465996756793884
206,2,10,150,98,0.028694189013458257
207,2,10,150,98,0.1293211556883118
208,2,10,150,98,0.10318619832562911
209,2,10,150,98,0.0
210,2,10,150,98,0.2038640973809669
211,2,10,150,98,0.0
212,2,10,150,98,0.164108698820099
213,2,10,150,98,0.20808658101351607
214,2,10,150,98,0.25168008015410515
215,2,10,150,98,0.11433722369502479
216,2,10,150,98,0.14425650580287722
217,2,10,150,98,0.10298663607405599
218,2,10,150,98,0.1023482199458735
219,2,10,150,98,0.0
220,2,10,150,98,0.0
221,2,10,150,98,0.10144613070733857
222,2,10,150,98,0.07761211457345131
223,2,10,150,98,0.0
224,2,10,150,98,0.029996736818897345
225,2,10,150,98,0.0
226,2,10,150,98,0.1498542968734124
227,2,10,150,98,0.11812975819364856
228,2,10,150,98,0.0
229,2,10,150,98,0.1353749952992483
230,2,10,150,98,0.29885542969810625
231,2,10,150,98,0.3903800499921017
232,2,10,150,98,0.1614860094571739
233,2,10,150,98,0.20041862413043413
234,2,10,150,98,0.20950524812034088
235,2,10,150,98,0.1075070751982482
236,2,10,150,98,0.1748476071795128
237,2,10,150,98,0.27346075713529205
238,2,10,150,98,0.0
239,2,10,150,98,0.1640226646237981
240,2,10,150,98,0.0
241,2,10,150,98,0.0
242,2,10,150,98,0.07673373981757839
243,2,10,150,98,0.2568245236714982
244,2,10,150,98,0.18280294015368334
245,2,10,150,98,0.0
246,2,10,150,98,0.12379877182510346
247,2,10,150,98,0.0
248,2,10,150,98,0.14176813152020928
249,2,10,150,98,0.25273723061556136
250,2,10,150,98,0.08513080051804543
251,2,10,150,98,0.12803494038364374
252,2,10,150,98,0.1904168294848087
253,2,10,150,98,0.204742498386431
254,2,10,150,98,0.2834002979184586
255,2,10,150,98,0.04662184073981129
256,2,10,150,98,0.33260401585908705
257,2,10,150,98,0.10559687561546657
258,2,10,150,98,0.09376545370390896
259,2,10,150,98,0.0
260,2,10,150,98,0.0
261,2,10,150,98,0.0
262,2,10,150,98,0.14662870872246536
263,2,10,150,98,0.18223095706182182
264,2,10,150,98,0.15116389935524738
265,2,10,150,98,0.08339602711200374
266,2,10,150,98,0.0
267,2,10,150,98,0.15946623251411773
268,2,10,150,98,0.2022867504986885
269,2,10,150,98,0.088359183617851
270,2,10,150,98,0.13753262202696961
271,2,10,150,98,0.20401896890378474
272,2,10,150,98,0.39122445679032536
273,2,10,150,98,0.06267320809766952
274,2,10,150,98,0.07854039387504146
275,2,10,150,98,0.04105877938688906
276,2,10,150,98,0.182123017992354
277,2,10,150,98,0.02382330812596789
278,2,10,150,98,0.04305311721683474
279,2,10,150,98,0.1914369439237738
280,2,10,150,98,0.0841500632404169
281,2,10,150,98,0.05516788910004661
282,2,10,150,98,0.0
283,2,10,150,98,0.06286054135527182
284,2,10,150,98,0.028031276514167806
285,2,10,150,98,0.15002687789384317
286,2,10,150,98,0.11650442250576284
287,2,10,150,98,0.14933178562928426
288,2,10,150,98,0.18109971158338595
289,2,10,150,98,0.06510475888148554
290,2,10,150,98,0.09449357188080848
291,2,10,150,98,0.18686703515526518
292,2,10,150,98,0.3713936936921286
293,2,10,150,98,0.209165576017165
294,2,10,150,98,0.05942233668176323
295,2,10,150,98,0.21201342709556317
296,2,10,150,98,0.16225779689524336
297,2,10,150,98,0.11872860965100916
298,2,10,150,98,0.4408289286964202
299,2,10,150,98,0.05389882485565562
300,2,10,150,98,0.0
301,2,10,150,98,0.1348819056641436
302,2,10,150,98,0.0
303,2,10,150,98,0.31827195141229425
304,2,10,150,98,0.09811693595042764
305,2,10,150,98,0.15377587171217844
306,2,10,150,98,0.07286537763060504
307,2,10,150,98,0.19085493009785376
308,2,10,150,98,0.10651801195267747
309,2,10,150,98,0.0
310,2,10,150,98,0.0
311,2,10,150,98,0.25325295310341156
312,2,10,150,98,0.1975666931997852
313,2,10,150,98,0.22676062260704077
314,2,10,150,98,0.1467839446144342
315,2,10,150,98,0.18129588776381328
316,2,10,150,98,0.22270580084154873
317,2,10,150,98,0.0
318,2,10,150,98,0.13166957165834908
319,2,10,150,98,0.0
320,2,10,150,98,0.04539294738377069
321,2,10,150,98,0.12530728980532893
322,2,10,150,98,0.3780567175504725
323,2,10,150,98,0.028361369701356044
324,2,10,150,98,0.06573619640629956
325,2,10,150,98,0.0811231025632827
326,2,10,150,98,0.14774251547484274
327,2,10,150,98,0.11042796833090658
328,2,10,150,98,0.14304127376118922
329,2,10,150,98,0.0
330,2,10,150,98,0.17464041258343582
331,2,10,150,98,0.10096521657790082
332,2,10,150,98,0.21586903305510508
333,2,10,150,98,0.05206745415870339
334,2,10,150,98,0.1421051997166454
335,2,10,150,98,0.0
336,2,10,150,98,0.11501232379588432
337,2,10,150,98,0.10934082156401825
338,2,10,150,98,0.14269909689763496
339,2,10,150,98,0.3016554358783463
340,2,10,150,98,0.2085849823550267
341,2,10,150,98,0.0
342,2,10,150,98,0.29535005560169497
343,2,10,150,98,0.32411227366404943
344,2,10,150,98,0.16544009376297736
345,2,10,150,98,0.10686772084589051
346,2,10,150,98,0.2102586943425689
347,2,10,150,98,0.20485510809551669
348,2,10,150,98,0.0
349,2,10,150,98,0.163169180413793
350,2,10,150,98,0.18939048055890495
351,2,10,150,98,0.18244757973199033
352,2,10,150,98,0.3057524544183157
353,2,10,150,98,0.0
354,2,10,150,98,0.08982081782386522
355,2,10,150,98,0.0
356,2,10,150,98,0.10061931714936387
357,2,10,150,98,0.14019634392566574
358,2,10,150,98,0.0
359,2,10,150,98,0.0
360,2,10,150,98,0.22728151171982378
361,2,10,150,98,0.14102209988296016
362,2,10,150,98,0.04690797720830594
363,2,10,150,98,0.16842060992967378
364,2,10,150,98,0.0
365,2,10,150,98,0.0
366,2,10,150,98,0.09184114803951915
367,2,10,150,98,0.05534563970541805
368,2,10,150,98,0.06788053752288492
369,2,10,150,98,0.21386152848601384
370,2,10,150,98,0.0957000625269241
371,2,10,150,98,0.1597357002967986
372,2,10,150,98,0.11359189468068477
373,2,10,150,98,0.11364269956475362
374,2,10,150,98,0.1607577635826819
375,2,10,150,98,0.1676614286651071
376,2,10,150,98,0.07216815292900357
377,2,10,150,98,0.34749036439127307
378,2,10,150,98,0.061633834576414276
379,2,10,150,98,0.2514444697019962
380,2,10,150,98,0.12442511173716794
381,2,10,150,98,0.14660694539581717
382,2,10,150,98,0.14582500956521116
383,2,10,150,98,0.15665325852632433
384,2,10,150,98,0.0
385,2,10,150,98,0.12226141830463932
386,2,10,150,98,0.0
387,2,10,150,98,0.15342061959733572
388,2,10,150,98,0.03275673003454543
389,2,10,150,98,0.23486014126558652
390,2,10,150,98,0.10466779365752882
391,2,10,150,98,0.18344326580289438
392,2,10,150,98,0.18274720371286732
393,2,10,150,98,0.1358436546000244
394,2,10,150,98,0.2428956376202687
395,2,10,150,98,0.17280189068434965
396,2,10,150,98,0.10153842195255075
397,2,10,150,98,0.27208443869728477
398,2,10,150,98,0.12633080592181342
399,2,10,150,98,0.046512944454703706
400,2,10,150,98,0.0
401,2,10,150,98,0.0
402,2,10,150,98,0.1798991830195577
403,2,10,150,98,0.23561122801255002
404,2,10,150,98,0.0
405,2,10,150,98,0.21097848786843668
406,2,10,150,98,0.2016112740106956
407,2,10,150,98,0.08840773311911526
408,2,10,150,98,0.08490303813485527
409,2,10,150,98,0.1854414927009712
410,2,10,150,98,0.1510508871592243
411,2,10,150,98,0.13359023741301432
412,2,10,150,98,0.0647690283301182
413,2,10,150,98,0.19475935863737628
414,2,10,150,98,0.0858710743416444
415,2,10,150,98,0.15582818336744758
416,2,10,150,98,0.45596251738020604
417,2,10,150,98,0.20709322861971796
418,2,10,150,98,0.05130633033097092
419,2,10,150,98,0.13043508853971056
420,2,10,150,98,0.1979106713561055
421,2,10,150,98,0.3102692669240346
422,2,10,150,98,0.0654076987556055
423,2,10,150,98,0.0
424,2,10,150,98,0.06775879819657901
425,2,10,150,98,0.09189673208193191
426,2,10,150,98,0.03206656709567107
427,2,10,150,98,0.0
428,2,10,150,98,0.09545062073374358
429,2,10,150,98,0.24238545526372754
430,2,10,150,98,0.1910356879389014
431,2,10,150,98,0.0
432,2,10,150,98,0.13181508781832452
433,2,10,150,98,0.10047622221317463
434,2,10,150,98,0.21435951014939544
435,2,10,150,98,0.25330155040866825
436,2,10,150,98,0.09225202744600981
437,2,10,150,98,0.23598404606705026
438,2,10,150,98,0.11342455428465782
439,2,10,150,98,0.0
440,2,10,150,98,0.056388463063434605
441,2,10,150,98,0.2078055819841487
442,2,10,150,98,0.04062732041938225
443,2,10,150,98,0.0
444,2,10,150,98,0.0796221118108625
445,2,10,150,98,0.06656553044254701
446,2,10,150,98,0.15440950258541247
447,2,10,150,98,0.06755943234053442
448,2,10,150,98,0.049326153683410964
449,2,10,150,98,0.1400796026466503
450,2,10,150,98,0.46818804345598447
451,2,10,150,98,0.05163551141839463
452,2,10,150,98,0.20804344255167403
453,2,10,150,98,0.14765608024766688
454,2,10,150,98,0.0
455,2,10,150,98,0.1834384348404379
456,2,10,150,98,0.10308633060207247
457,2,10,150,98,0.4079229584528458
458,2,10,150,98,0.2537193820456369
459,2,10,150,98,0.22350678403150168
460,2,10,150,98,0.07041837375515932
461,2,10,150,98,0.06961399513856609
462,2,10,150,98,0.18564976427020158
463,2,10,150,98,0.22927868614861596
464,2,10,150,98,0.06726768733602535
465,2,10,150,98,0.10783006935442738
466,2,10,150,98,0.12816210679182038
467,2,10,150,98,0.09300532025926726
468,2,10,150,98,0.26071751370405377
469,2,10,150,98,0.09804204583740185
470,2,10,150,98,0.04760723841253984
471,2,10,150,98,0.0
472,2,10,150,98,0.23100912515106714
473,2,10,150,98,0.2622744659873325
474,2,10,150,98,0.4018597945901533
475,2,10,150,98,0.07311683844390994
476,2,10,150,98,0.037130087375373766
477,2,10,150,98,0.10705212034121535
478,2,10,150,98,0.1437068872495116
479,2,10,150,98,0.1904568963143427
480,2,10,150,98,0.15920120556239784
481,2,10,150,98,0.12113079634450404
482,2,10,150,98,0.04290887548434951
483,2,10,150,98,0.044584249489688726
484,2,10,150,98,0.21280961292893452
485,2,10,150,98,0.036556008482007775
486,2,10,150,98,0.037551180085133536
487,2,10,150,98,0.26897530948823467
488,2,10,150,98,0.0
489,2,10,150,98,0.11658388953080685
490,2,10,150,98,0.11630686983226163
491,2,10,150,98,0.03859643636257609
492,2,10,150,98,0.1338895448360617
493,2,10,150,98,0.2595111329305249
494,2,10,150,98,0.10841985052222541
495,2,10,150,98,0.1996749531533383
496,2,10,150,98,0.023205371908120297
497,2,10,150,98,0.19008008118811032
498,2,10,150,98,0.07358364093338247
499,2,10,150,98,0.15260244507131887
500,2,10,150,98,0.1193085705784429
501,2,10,150,98,0.02184231145035861
502,2,10,150,98,0.06689893193796337
503,2,10,150,98,0.2353114369037673
504,2,10,150,98,0.11021674093813723
505,2,10,150,98,0.05688647497208646
506,2,10,150,98,0.1311934345633975
507,2,10,150,98,0.04255090034092519
508,2,10,150,98,0.20345924618307185
509,2,10,150,98,0.031611854308622345
510,2,10,150,98,0.056521628648141316
511,2,10,150,98,0.0
512,2,10,150,98,0.08364069030518707
513,2,10,150,98,0.11506360809154491
514,2,10,150,98,0.16578726587197626
515,2,10,150,98,0.034743705427429224
516,2,10,150,98,0.1340330647732781
517,2,10,150,98,0.07931777113368761
518,2,10,150,98,0.17389739326439957
519,2,10,150,98,0.10560636946921488
520,2,10,150,98,0.0
521,2,10,150,98,0.025776778718606015
522,2,10,150,98,0.0559167101555819
523,2,10,150,98,0.2487994583494942
524,2,10,150,98,0.12139532738996409
525,2,10,150,98,0.02228065271804083
526,2,10,150,98,0.02505758835695044
527,2,10,150,98,0.35360031514866236
528,2,10,150,98,0.2269962474823218
529,2,10,150,98,0.0
530,2,10,150,98,0.05554513395194445
531,2,10,150,98,0.0
532,2,10,150,98,0.1102124944641204
533,2,10,150,98,0.02502030916624096
534,2,10,150,98,0.024909303741335254
535,2,10,150,98,0.20139880789960526
536,2,10,150,98,0.16340884055250954
537,2,10,150,98,0.38821723394468516
538,2,10,150,98,0.06986755390827007
539,2,10,150,98,0.09953437200841515
540,2,10,150,98,0.0
541,2,10,150,98,0.08397287070222587
542,2,10,150,98,0.09025637667395449
543,2,10,150,98,0.1306704358373909
544,2,10,150,98,0.0
545,2,10,150,98,0.060216826583478454
546,2,10,150,98,0.08187211419398947
547,2,10,150,98,0.04855455745827926
548,2,10,150,98,0.09589255277111255
549,2,10,150,98,0.0
550,2,10,150,98,0.09688698360286704
551,2,10,150,98,0.2270691569992373
552,2,10,150,98,0.048059443651065493
553,2,10,150,98,0.2883241100354781
554,2,10,150,98,0.13991845554405094
555,2,10,150,98,0.09809088686968297
556,2,10,150,98,0.19081914270923156
557,2,10,150,98,0.04470486007704452
558,2,10,150,98,0.265053101293003
559,2,10,150,98,0.15158394663529717
560,2,10,150,98,0.046716390531725466
561,2,10,150,98,0.14865786362526373
562,2,10,150,98,0.07720150835011791
563,2,10,150,98,0.0
564,2,10,150,98,0.0
565,2,10,150,98,0.28663011782160785
566,2,10,150,98,0.049763902181020156
567,2,10,150,98,0.10828657397486113
568,2,10,150,98,0.0
569,2,10,150,98,0.17563954439010937
570,2,10,150,98,0.0
571,2,10,150,98,0.16104477175644444
572,2,10,150,98,0.0
573,2,10,150,98,0.03246641181906899
574,2,10,150,98,0.05058854055353143
575,2,10,150,98,0.05154847002173459
576,2,10,150,98,0.0
577,2,10,150,98,0.0784247757209491
578,2,10,150,98,0.0
579,2,10,150,98,0.08297540479108526
580,2,10,150,98,0.21602760439924668
581,2,10,150,98,0.0
582,2,10,150,98,0.0437514209980628
583,2,10,150,98,0.08356526807460651
584,2,10,150,98,0.09591939076437811
585,2,10,150,98,0.10653251525271548
586,2,10,150,98,0.10132509239867551
587,2,10,150,98,0.03459392809572638
588,2,10,150,98,0.053821119735696775
589,2,10,150,98,0.13061191070808464
590,2,10,150,98,0.06139304560474655
591,2,10,150,98,0.0
592,2,10,150,98,0.3162895979196809
593,2,10,150,98,0.04586709436300111
594,2,10,150,98,0.0
595,2,10,150,98,0.0
596,2,10,150,98,0.0
597,2,10,150,98,0.0
598,2,10,150,98,0.0
599,2,10,150,98,0.03373797440426373
600,2,10,150,98,0.024325165853816375
601,2,10,150,98,0.03369782041898502
602,2,10,150,98,0.0
603,2,10,150,98,0.1435203717549576
604,2,10,150,98,0.0
605,2,10,150,98,0.2645541144793553
606,2,10,150,98,0.24870693244846395
607,2,10,150,98,0.1304680268574189
608,2,10,150,98,0.2297355802772357
609,2,10,150,98,0.0
610,2,10,150,98,0.1629867900167321
611,2,10,150,98,0.08045389590462838
612,2,10,150,98,0.19694702592019372
613,2,10,150,98,0.0
614,2,10,150,98,0.08861505596859857
615,2,10,150,98,0.1479554402409639
616,2,10,150,98,0.0
617,2,10,150,98,0.044257815106106525
618,2,10,150,98,0.18766481803906507
619,2,10,150,98,0.09637551974188778
620,2,10,150,98,0.08396948777462541
621,2,10,150,98,0.07911675782853725
622,2,10,150,98,0.12980296240199146
623,2,10,150,98,0.0
624,2,10,150,98,0.08175619017377453
625,2,10,150,98,0.03127923881581372
626,2,10,150,98,0.0
627,2,10,150,98,0.020478112772268246
628,2,10,150,98,0.05901695753735958
629,2,10,150,98,0.2466228630593721
630,2,10,150,98,0.0
631,2,10,150,98,0.16868725245403154
632,2,10,150,98,0.13439570003165963
633,2,10,150,98,0.07667481399289292
634,2,10,150,98,0.030975021478781034
635,2,10,150,98,0.0
636,2,10,150,98,0.0
637,2,10,150,98,0.0
638,2,10,150,98,0.0
639,2,10,150,98,0.0
640,2,10,150,98,0.07887611601996505
642,2,10,150,98,0.1329152156038286
643,2,10,150,98,0.0
644,2,10,150,98,0.0
645,2,10,150,98,0.09759501249802542
647,2,10,150,98,0.0
648,2,10,150,98,0.21223061777480637
649,2,10,150,98,1.0
650,2,10,150,98,0.071889940957183
651,2,10,150,98,0.0
653,2,10,150,98,0.0787236822054774
654,2,10,150,98,0.058087171966128066
655,2,10,150,98,0.2211917314646663
658,2,10,150,98,0.0
1,2,10,150,99,0.5343723497595074
2,2,10,150,99,0.2268511698743587
3,2,10,150,99,0.03098598178059488
4,2,10,150,99,0.06166887310869151
5,2,10,150,99,0.12620564628865164
6,2,10,150,99,0.17961772474519622
7,2,10,150,99,0.25831763113990597
8,2,10,150,99,0.09482781197937418
9,2,10,150,99,0.046059218274918635
10,2,10,150,99,0.2043831529067321
11,2,10,150,99,0.10464473261331256
12,2,10,150,99,0.1322449726514938
13,2,10,150,99,0.3721946332871454
14,2,10,150,99,0.15461807617997098
15,2,10,150,99,0.01616702920033762
16,2,10,150,99,0.31306281757578724
17,2,10,150,99,0.10312948447052589
18,2,10,150,99,0.24231349134271257
19,2,10,150,99,0.0
20,2,10,150,99,0.06057715324397481
21,2,10,150,99,0.012720674487092647
22,2,10,150,99,0.05035691655673683
23,2,10,150,99,0.22807475621810358
24,2,10,150,99,0.12818798445247553
25,2,10,150,99,0.03078223202175778
26,2,10,150,99,0.1475005395151273
27,2,10,150,99,0.0
28,2,10,150,99,0.16080076733974918
29,2,10,150,99,0.0
30,2,10,150,99,0.0
31,2,10,150,99,0.08090642992710743
32,2,10,150,99,0.14779014095437779
33,2,10,150,99,0.0
34,2,10,150,99,0.07239559903187814
35,2,10,150,99,0.0
36,2,10,150,99,0.0
37,2,10,150,99,0.0
38,2,10,150,99,0.12297908439989445
39,2,10,150,99,0.15820890896021753
40,2,10,150,99,0.2212397779175911
41,2,10,150,99,0.0
42,2,10,150,99,0.20130152528989256
43,2,10,150,99,0.10840884994756145
44,2,10,150,99,0.1565413821318793
45,2,10,150,99,0.0
46,2,10,150,99,0.10684080426179023
47,2,10,150,99,0.11437926488327832
48,2,10,150,99,0.16438571914394637
49,2,10,150,99,0.05920283200708927
50,2,10,150,99,0.046726672111120165
51,2,10,150,99,0.07984133538066794
52,2,10,150,99,0.05244652348163508
53,2,10,150,99,0.12810519548676028
54,2,10,150,99,0.16717211165365042
55,2,10,150,99,0.0
56,2,10,150,99,0.22047893971599028
57,2,10,150,99,0.0524456916588361
58,2,10,150,99,0.17825325564125621
59,2,10,150,99,0.2920513306647099
60,2,10,150,99,0.2158570564681132
61,2,10,150,99,0.06416923277158361
62,2,10,150,99,0.18160332589227857
63,2,10,150,99,0.10055844624153853
64,2,10,150,99,0.04583023181159601
65,2,10,150,99,0.18154179097601578
66,2,10,150,99,0.12995427111679475
67,2,10,150,99,0.30572227149996106
68,2,10,150,99,0.04358896759704514
69,2,10,150,99,0.19699902273515738
70,2,10,150,99,0.06577317760289236
71,2,10,150,99,0.08190066039082215
72,2,10,150,99,0.28907547922366217
73,2,10,150,99,0.28969967958004655
74,2,10,150,99,0.17342765698823945
75,2,10,150,99,0.16021137204676433
76,2,10,150,99,0.23191508057904175
77,2,10,150,99,0.15029758260072817
78,2,10,150,99,0.0
79,2,10,150,99,0.11837298765331451
80,2,10,150,99,0.1744476820873323
81,2,10,150,99,0.05253995170668335
82,2,10,150,99,0.07894005758519804
83,2,10,150,99,0.046841820324159865
84,2,10,150,99,0.029136604147144557
85,2,10,150,99,0.18442983312439273
86,2,10,150,99,0.07028063830038406
87,2,10,150,99,0.20523162803222705
88,2,10,150,99,0.06294571929989644
89,2,10,150,99,0.2334685083478665
90,2,10,150,99,0.17313204566143872
91,2,10,150,99,0.12959454410325086
92,2,10,150,99,0.13549925888123815
93,2,10,150,99,0.0
94,2,10,150,99,0.23821647822591616
95,2,10,150,99,0.12485211086506379
96,2,10,150,99,0.2910849944526355
97,2,10,150,99,0.3737962099528559
98,2,10,150,99,0.0
99,2,10,150,99,0.13656436417013992
100,2,10,150,99,0.0
101,2,10,150,99,0.0
102,2,10,150,99,0.05671879843401278
103,2,10,150,99,0.04579340374561851
104,2,10,150,99,0.0
105,2,10,150,99,0.0
106,2,10,150,99,0.0
107,2,10,150,99,0.09995553728965398
108,2,10,150,99,0.07859158628121365
109,2,10,150,99,0.20086438685781322
110,2,10,150,99,0.037578324799282276
111,2,10,150,99,0.09077089626867633
112,2,10,150,99,0.0
113,2,10,150,99,0.178509607681865
114,2,10,150,99,0.02951022367272685
115,2,10,150,99,0.24220379575977083
116,2,10,150,99,0.041610162623197416
117,2,10,150,99,0.07736180228640575
118,2,10,150,99,0.19326159470866278
119,2,10,150,99,0.1788532979265873
120,2,10,150,99,0.40177646466663713
121,2,10,150,99,0.115269333086109
122,2,10,150,99,0.1467899073100297
123,2,10,150,99,0.12990556389377814
124,2,10,150,99,0.18903749859471425
125,2,10,150,99,0.1918332537969805
126,2,10,150,99,0.0
127,2,10,150,99,0.12503310750358904
128,2,10,150,99,0.07117364753699024
129,2,10,150,99,0.0
130,2,10,150,99,0.12626944889280553
131,2,10,150,99,0.36227735599025207
132,2,10,150,99,0.12643913909707097
133,2,10,150,99,0.0
134,2,10,150,99,0.0
135,2,10,150,99,0.04164847922797725
136,2,10,150,99,0.1949254865702981
137,2,10,150,99,0.1399896064260569
138,2,10,150,99,0.15545471738318148
139,2,10,150,99,0.05165643482805862
140,2,10,150,99,0.0732173666263434
141,2,10,150,99,0.12556328258692692
142,2,10,150,99,0.0
143,2,10,150,99,0.06882065896991112
144,2,10,150,99,0.1778212661301716
145,2,10,150,99,0.1074935252705928
146,2,10,150,99,0.0
147,2,10,150,99,0.06664071636913875
148,2,10,150,99,0.1606863768135813
149,2,10,150,99,0.10486881530019958
150,2,10,150,99,0.0
151,2,10,150,99,0.20411691507122928
152,2,10,150,99,0.10604965092581053
153,2,10,150,99,0.071942683897578
154,2,10,150,99,0.14768000485326507
155,2,10,150,99,0.0
156,2,10,150,99,0.06437746926759551
157,2,10,150,99,0.11756317838740467
158,2,10,150,99,0.17368343162211233
159,2,10,150,99,0.024782300799839303
160,2,10,150,99,0.1330098122581384
161,2,10,150,99,0.0
162,2,10,150,99,0.08299661455725149
163,2,10,150,99,0.0
164,2,10,150,99,0.029649957429587842
165,2,10,150,99,0.0
166,2,10,150,99,0.06175696970122604
167,2,10,150,99,0.040419659112753054
168,2,10,150,99,0.0641665753731138
169,2,10,150,99,0.03870447337439288
170,2,10,150,99,0.0
171,2,10,150,99,0.0
172,2,10,150,99,0.08232325035020067
173,2,10,150,99,0.1448442050067646
174,2,10,150,99,0.2622747997764713
175,2,10,150,99,0.22732566419594713
176,2,10,150,99,0.027651749128023803
177,2,10,150,99,0.3152442026717657
178,2,10,150,99,0.1509306125771355
179,2,10,150,99,0.09299583347145139
180,2,10,150,99,0.13545568635409455
181,2,10,150,99,0.0483889310666557
182,2,10,150,99,0.05005165434923901
183,2,10,150,99,0.0
184,2,10,150,99,0.15639932187667255
185,2,10,150,99,0.0
186,2,10,150,99,0.05478814761334652
187,2,10,150,99,0.16902512893841318
188,2,10,150,99,0.3504249889151446
189,2,10,150,99,0.209805850077053
190,2,10,150,99,0.025938546612492997
191,2,10,150,99,0.0
192,2,10,150,99,0.0
193,2,10,150,99,0.044029292293218426
194,2,10,150,99,0.19240249817644664
195,2,10,150,99,0.06253347785846348
196,2,10,150,99,0.04485361187694993
197,2,10,150,99,0.16261436624219067
198,2,10,150,99,0.028186415745733433
199,2,10,150,99,0.29101437312634887
200,2,10,150,99,0.24981852901656515
201,2,10,150,99,0.13525396835074274
202,2,10,150,99,0.27487633291429087
203,2,10,150,99,0.10238606821339166
204,2,10,150,99,0.08325563768773413
205,2,10,150,99,0.1465996756793884
206,2,10,150,99,0.028694189013458257
207,2,10,150,99,0.1293211556883118
208,2,10,150,99,0.10318619832562911
209,2,10,150,99,0.0
210,2,10,150,99,0.2038640973809669
211,2,10,150,99,0.0
212,2,10,150,99,0.164108698820099
213,2,10,150,99,0.20808658101351607
214,2,10,150,99,0.25168008015410515
215,2,10,150,99,0.11433722369502479
216,2,10,150,99,0.14425650580287722
217,2,10,150,99,0.10298663607405599
218,2,10,150,99,0.1023482199458735
219,2,10,150,99,0.0
220,2,10,150,99,0.0
221,2,10,150,99,0.10144613070733857
222,2,10,150,99,0.07761211457345131
223,2,10,150,99,0.0
224,2,10,150,99,0.029996736818897345
225,2,10,150,99,0.0
226,2,10,150,99,0.1498542968734124
227,2,10,150,99,0.11812975819364856
228,2,10,150,99,0.0
229,2,10,150,99,0.1353749952992483
230,2,10,150,99,0.29885542969810625
231,2,10,150,99,0.3903800499921017
232,2,10,150,99,0.1614860094571739
233,2,10,150,99,0.20041862413043413
234,2,10,150,99,0.2152286734803085
235,2,10,150,99,0.1075070751982482
236,2,10,150,99,0.1748476071795128
237,2,10,150,99,0.27346075713529205
238,2,10,150,99,0.0
239,2,10,150,99,0.1640226646237981
240,2,10,150,99,0.0
241,2,10,150,99,0.0
242,2,10,150,99,0.07673373981757839
243,2,10,150,99,0.2568245236714982
244,2,10,150,99,0.19360174735161173
245,2,10,150,99,0.0
246,2,10,150,99,0.12379877182510346
247,2,10,150,99,0.0
248,2,10,150,99,0.14176813152020928
249,2,10,150,99,0.25273723061556136
250,2,10,150,99,0.08513080051804543
251,2,10,150,99,0.12803494038364374
252,2,10,150,99,0.1904168294848087
253,2,10,150,99,0.204742498386431
254,2,10,150,99,0.2834002979184586
255,2,10,150,99,0.04662184073981129
256,2,10,150,99,0.33260401585908705
257,2,10,150,99,0.10559687561546657
258,2,10,150,99,0.09376545370390896
259,2,10,150,99,0.0
260,2,10,150,99,0.0
261,2,10,150,99,0.0
262,2,10,150,99,0.14662870872246536
263,2,10,150,99,0.19865988970397055
264,2,10,150,99,0.1652090913899405
265,2,10,150,99,0.08339602711200374
266,2,10,150,99,0.0
267,2,10,150,99,0.15946623251411773
268,2,10,150,99,0.2022867504986885
269,2,10,150,99,0.088359183617851
270,2,10,150,99,0.13753262202696961
271,2,10,150,99,0.20401896890378474
272,2,10,150,99,0.39122445679032536
273,2,10,150,99,0.06267320809766952
274,2,10,150,99,0.07854039387504146
275,2,10,150,99,0.04105877938688906
276,2,10,150,99,0.18080439127493086
277,2,10,150,99,0.02382330812596789
278,2,10,150,99,0.04305311721683474
279,2,10,150,99,0.1914369439237738
280,2,10,150,99,0.0841500632404169
281,2,10,150,99,0.05516788910004661
282,2,10,150,99,0.0
283,2,10,150,99,0.06286054135527182
284,2,10,150,99,0.028031276514167806
285,2,10,150,99,0.15002687789384317
286,2,10,150,99,0.11650442250576284
287,2,10,150,99,0.14933178562928426
288,2,10,150,99,0.18109971158338595
289,2,10,150,99,0.06510475888148554
290,2,10,150,99,0.09449357188080848
291,2,10,150,99,0.18686703515526518
292,2,10,150,99,0.3713936936921286
293,2,10,150,99,0.209165576017165
294,2,10,150,99,0.05942233668176323
295,2,10,150,99,0.21201342709556317
296,2,10,150,99,0.16225779689524336
297,2,10,150,99,0.11872860965100916
298,2,10,150,99,0.4408289286964202
299,2,10,150,99,0.06333967270633936
300,2,10,150,99,0.0
301,2,10,150,99,0.1348819056641436
302,2,10,150,99,0.0
303,2,10,150,99,0.3159675645030225
304,2,10,150,99,0.09811693595042764
305,2,10,150,99,0.15377587171217844
306,2,10,150,99,0.07286537763060504
307,2,10,150,99,0.19085493009785376
308,2,10,150,99,0.10574678875422656
309,2,10,150,99,0.0
310,2,10,150,99,0.0
311,2,10,150,99,0.25325295310341156
312,2,10,150,99,0.1975666931997852
313,2,10,150,99,0.22676062260704077
314,2,10,150,99,0.1467839446144342
315,2,10,150,99,0.18129588776381328
316,2,10,150,99,0.22270580084154873
317,2,10,150,99,0.0
318,2,10,150,99,0.13166957165834908
319,2,10,150,99,0.0
320,2,10,150,99,0.04539294738377069
321,2,10,150,99,0.12530728980532893
322,2,10,150,99,0.3780567175504725
323,2,10,150,99,0.028361369701356044
324,2,10,150,99,0.06573619640629956
325,2,10,150,99,0.0811231025632827
326,2,10,150,99,0.14774251547484274
327,2,10,150,99,0.11830261508009018
328,2,10,150,99,0.14304127376118922
329,2,10,150,99,0.0
330,2,10,150,99,0.17464041258343582
331,2,10,150,99,0.10096521657790082
332,2,10,150,99,0.21586903305510508
333,2,10,150,99,0.05206745415870339
334,2,10,150,99,0.14107631432315282
335,2,10,150,99,0.0
336,2,10,150,99,0.11501232379588432
337,2,10,150,99,0.10934082156401825
338,2,10,150,99,0.14269909689763496
339,2,10,150,99,0.3016554358783463
340,2,10,150,99,0.2085849823550267
341,2,10,150,99,0.0
342,2,10,150,99,0.29535005560169497
343,2,10,150,99,0.32411227366404943
344,2,10,150,99,0.16544009376297736
345,2,10,150,99,0.10686772084589051
346,2,10,150,99,0.2102586943425689
347,2,10,150,99,0.20485510809551669
348,2,10,150,99,0.0
349,2,10,150,99,0.163169180413793
350,2,10,150,99,0.18939048055890495
351,2,10,150,99,0.18244757973199033
352,2,10,150,99,0.3057524544183157
353,2,10,150,99,0.0
354,2,10,150,99,0.08982081782386522
355,2,10,150,99,0.0
356,2,10,150,99,0.10061931714936387
357,2,10,150,99,0.14019634392566574
358,2,10,150,99,0.0
359,2,10,150,99,0.0
360,2,10,150,99,0.22728151171982378
361,2,10,150,99,0.14102209988296016
362,2,10,150,99,0.04690797720830594
363,2,10,150,99,0.16842060992967378
364,2,10,150,99,0.0
365,2,10,150,99,0.0
366,2,10,150,99,0.09184114803951915
367,2,10,150,99,0.05534563970541805
368,2,10,150,99,0.06788053752288492
369,2,10,150,99,0.21386152848601384
370,2,10,150,99,0.0957000625269241
371,2,10,150,99,0.1597357002967986
372,2,10,150,99,0.11359189468068477
373,2,10,150,99,0.11364269956475362
374,2,10,150,99,0.1607577635826819
375,2,10,150,99,0.1676614286651071
376,2,10,150,99,0.10172296721012776
377,2,10,150,99,0.34749036439127307
378,2,10,150,99,0.061187586639906276
379,2,10,150,99,0.26198561249136487
380,2,10,150,99,0.12442511173716794
381,2,10,150,99,0.1582768257779868
382,2,10,150,99,0.14582500956521116
383,2,10,150,99,0.15665325852632433
384,2,10,150,99,0.0
385,2,10,150,99,0.12137620799754179
386,2,10,150,99,0.0
387,2,10,150,99,0.15342061959733572
388,2,10,150,99,0.03275673003454543
389,2,10,150,99,0.23486014126558652
390,2,10,150,99,0.10466779365752882
391,2,10,150,99,0.18344326580289438
392,2,10,150,99,0.18274720371286732
393,2,10,150,99,0.14210041257403824
394,2,10,150,99,0.2428956376202687
395,2,10,150,99,0.17280189068434965
396,2,10,150,99,0.10153842195255075
397,2,10,150,99,0.27208443869728477
398,2,10,150,99,0.12633080592181342
399,2,10,150,99,0.046176176417691686
400,2,10,150,99,0.0
401,2,10,150,99,0.0
402,2,10,150,99,0.1798991830195577
403,2,10,150,99,0.23561122801255002
404,2,10,150,99,0.0
405,2,10,150,99,0.20945093866586126
406,2,10,150,99,0.20015154632017723
407,2,10,150,99,0.0966862670103431
408,2,10,150,99,0.08490303813485527
409,2,10,150,99,0.1854414927009712
410,2,10,150,99,0.1510508871592243
411,2,10,150,99,0.13359023741301432
412,2,10,150,99,0.0647690283301182
413,2,10,150,99,0.19475935863737628
414,2,10,150,99,0.0858710743416444
415,2,10,150,99,0.15582818336744758
416,2,10,150,99,0.45266120838484175
417,2,10,150,99,0.20559380989019285
418,2,10,150,99,0.05130633033097092
419,2,10,150,99,0.13043508853971056
420,2,10,150,99,0.22912164627663534
421,2,10,150,99,0.3102692669240346
422,2,10,150,99,0.0654076987556055
423,2,10,150,99,0.0
424,2,10,150,99,0.06775879819657901
425,2,10,150,99,0.09189673208193191
426,2,10,150,99,0.03206656709567107
427,2,10,150,99,0.0
428,2,10,150,99,0.09545062073374358
429,2,10,150,99,0.240630509948474
430,2,10,150,99,0.1910356879389014
431,2,10,150,99,0.0
432,2,10,150,99,0.13181508781832452
433,2,10,150,99,0.10047622221317463
434,2,10,150,99,0.21435951014939544
435,2,10,150,99,0.25146756920401026
436,2,10,150,99,0.09225202744600981
437,2,10,150,99,0.23427544892507512
438,2,10,150,99,0.11342455428465782
439,2,10,150,99,0.0
440,2,10,150,99,0.056388463063434605
441,2,10,150,99,0.2078055819841487
442,2,10,150,99,0.04062732041938225
443,2,10,150,99,0.0
444,2,10,150,99,0.0796221118108625
445,2,10,150,99,0.06656553044254701
446,2,10,150,99,0.17394756411540546
447,2,10,150,99,0.06755943234053442
448,2,10,150,99,0.049326153683410964
449,2,10,150,99,0.1400796026466503
450,2,10,150,99,0.46479821788816394
451,2,10,150,99,0.05163551141839463
452,2,10,150,99,0.20804344255167403
453,2,10,150,99,0.14765608024766688
454,2,10,150,99,0.0
455,2,10,150,99,0.1834384348404379
456,2,10,150,99,0.10233995383305411
457,2,10,150,99,0.4049694706532488
458,2,10,150,99,0.2537193820456369
459,2,10,150,99,0.22350678403150168
460,2,10,150,99,0.07041837375515932
461,2,10,150,99,0.06961399513856609
462,2,10,150,99,0.18564976427020158
463,2,10,150,99,0.22927868614861596
464,2,10,150,99,0.06726768733602535
465,2,10,150,99,0.10783006935442738
466,2,10,150,99,0.12816210679182038
467,2,10,150,99,0.09300532025926726
468,2,10,150,99,0.26071751370405377
469,2,10,150,99,0.09804204583740185
470,2,10,150,99,0.04760723841253984
471,2,10,150,99,0.0
472,2,10,150,99,0.2365768558212944
473,2,10,150,99,0.2622744659873325
474,2,10,150,99,0.39895020596348674
475,2,10,150,99,0.07311683844390994
476,2,10,150,99,0.037130087375373766
477,2,10,150,99,0.10705212034121535
478,2,10,150,99,0.1437068872495116
479,2,10,150,99,0.1904568963143427
480,2,10,150,99,0.15920120556239784
481,2,10,150,99,0.12113079634450404
482,2,10,150,99,0.04290887548434951
483,2,10,150,99,0.044584249489688726
484,2,10,150,99,0.21280961292893452
485,2,10,150,99,0.036556008482007775
486,2,10,150,99,0.037551180085133536
487,2,10,150,99,0.26897530948823467
488,2,10,150,99,0.0
489,2,10,150,99,0.11658388953080685
490,2,10,150,99,0.11630686983226163
491,2,10,150,99,0.03859643636257609
492,2,10,150,99,0.1338895448360617
493,2,10,150,99,0.2595111329305249
494,2,10,150,99,0.10841985052222541
495,2,10,150,99,0.1996749531533383
496,2,10,150,99,0.023205371908120297
497,2,10,150,99,0.18870384288354233
498,2,10,150,99,0.07358364093338247
499,2,10,150,99,0.15260244507131887
500,2,10,150,99,0.1193085705784429
501,2,10,150,99,0.02184231145035861
502,2,10,150,99,0.06689893193796337
503,2,10,150,99,0.2353114369037673
504,2,10,150,99,0.10941873780316595
505,2,10,150,99,0.05688647497208646
506,2,10,150,99,0.1311934345633975
507,2,10,150,99,0.04255090034092519
508,2,10,150,99,0.20345924618307185
509,2,10,150,99,0.031611854308622345
510,2,10,150,99,0.056521628648141316
511,2,10,150,99,0.0
512,2,10,150,99,0.08364069030518707
513,2,10,150,99,0.11506360809154491
514,2,10,150,99,0.16578726587197626
515,2,10,150,99,0.034743705427429224
516,2,10,150,99,0.1340330647732781
517,2,10,150,99,0.07931777113368761
518,2,10,150,99,0.17389739326439957
519,2,10,150,99,0.10560636946921488
520,2,10,150,99,0.0
521,2,10,150,99,0.025776778718606015
522,2,10,150,99,0.0559167101555819
523,2,10,150,99,0.2487994583494942
524,2,10,150,99,0.12139532738996409
525,2,10,150,99,0.02228065271804083
526,2,10,150,99,0.02505758835695044
527,2,10,150,99,0.35360031514866236
528,2,10,150,99,0.2269962474823218
529,2,10,150,99,0.0
530,2,10,150,99,0.05554513395194445
531,2,10,150,99,0.0
532,2,10,150,99,0.11665482992815353
533,2,10,150,99,0.0248391544252945
534,2,10,150,99,0.024909303741335254
535,2,10,150,99,0.20139880789960526
536,2,10,150,99,0.16340884055250954
537,2,10,150,99,0.3854064216569981
538,2,10,150,99,0.06986755390827007
539,2,10,150,99,0.09953437200841515
540,2,10,150,99,0.0
541,2,10,150,99,0.08397287070222587
542,2,10,150,99,0.09025637667395449
543,2,10,150,99,0.1306704358373909
544,2,10,150,99,0.0
545,2,10,150,99,0.060216826583478454
546,2,10,150,99,0.08187211419398947
547,2,10,150,99,0.04855455745827926
548,2,10,150,99,0.09589255277111255
549,2,10,150,99,0.0
550,2,10,150,99,0.09688698360286704
551,2,10,150,99,0.2254251063985905
552,2,10,150,99,0.048059443651065493
553,2,10,150,99,0.3031608217655619
554,2,10,150,99,0.15671750696474082
555,2,10,150,99,0.09809088686968297
556,2,10,150,99,0.19081914270923156
557,2,10,150,99,0.04470486007704452
558,2,10,150,99,0.265053101293003
559,2,10,150,99,0.15158394663529717
560,2,10,150,99,0.046716390531725466
561,2,10,150,99,0.15628745629440996
562,2,10,150,99,0.07720150835011791
563,2,10,150,99,0.0
564,2,10,150,99,0.0
565,2,10,150,99,0.28663011782160785
566,2,10,150,99,0.049763902181020156
567,2,10,150,99,0.10828657397486113
568,2,10,150,99,0.0
569,2,10,150,99,0.17563954439010937
570,2,10,150,99,0.0
571,2,10,150,99,0.16104477175644444
572,2,10,150,99,0.0
573,2,10,150,99,0.03246641181906899
574,2,10,150,99,0.05058854055353143
575,2,10,150,99,0.05154847002173459
576,2,10,150,99,0.0
577,2,10,150,99,0.0784247757209491
578,2,10,150,99,0.0
579,2,10,150,99,0.08297540479108526
580,2,10,150,99,0.21602760439924668
581,2,10,150,99,0.0
582,2,10,150,99,0.0437514209980628
583,2,10,150,99,0.08356526807460651
584,2,10,150,99,0.09591939076437811
585,2,10,150,99,0.10653251525271548
586,2,10,150,99,0.10132509239867551
587,2,10,150,99,0.03459392809572638
588,2,10,150,99,0.053821119735696775
589,2,10,150,99,0.13061191070808464
590,2,10,150,99,0.06139304560474655
591,2,10,150,99,0.0
592,2,10,150,99,0.3162895979196809
593,2,10,150,99,0.04586709436300111
594,2,10,150,99,0.0
595,2,10,150,99,0.0
596,2,10,150,99,0.0
597,2,10,150,99,0.0
598,2,10,150,99,0.0
599,2,10,150,99,0.03373797440426373
600,2,10,150,99,0.024325165853816375
601,2,10,150,99,0.03369782041898502
602,2,10,150,99,0.0
603,2,10,150,99,0.1435203717549576
604,2,10,150,99,0.0
605,2,10,150,99,0.2645541144793553
606,2,10,150,99,0.24870693244846395
607,2,10,150,99,0.1304680268574189
608,2,10,150,99,0.2297355802772357
609,2,10,150,99,0.0
610,2,10,150,99,0.1629867900167321
611,2,10,150,99,0.08045389590462838
612,2,10,150,99,0.19694702592019372
613,2,10,150,99,0.0
614,2,10,150,99,0.08861505596859857
615,2,10,150,99,0.1479554402409639
616,2,10,150,99,0.0
617,2,10,150,99,0.044257815106106525
618,2,10,150,99,0.18766481803906507
619,2,10,150,99,0.09637551974188778
620,2,10,150,99,0.08396948777462541
621,2,10,150,99,0.07911675782853725
622,2,10,150,99,0.12980296240199146
623,2,10,150,99,0.0
624,2,10,150,99,0.08175619017377453
625,2,10,150,99,0.03127923881581372
626,2,10,150,99,0.0
627,2,10,150,99,0.020478112772268246
628,2,10,150,99,0.05901695753735958
629,2,10,150,99,0.2466228630593721
630,2,10,150,99,0.0
631,2,10,150,99,0.16868725245403154
632,2,10,150,99,0.13439570003165963
633,2,10,150,99,0.07667481399289292
634,2,10,150,99,0.030975021478781034
635,2,10,150,99,0.0
636,2,10,150,99,0.0
637,2,10,150,99,0.0
638,2,10,150,99,0.0
639,2,10,150,99,0.0
640,2,10,150,99,0.07887611601996505
642,2,10,150,99,0.1329152156038286
643,2,10,150,99,0.0
644,2,10,150,99,0.0
645,2,10,150,99,0.09759501249802542
647,2,10,150,99,0.0
648,2,10,150,99,0.21223061777480637
649,2,10,150,99,1.0
650,2,10,150,99,0.071889940957183
651,2,10,150,99,0.0
653,2,10,150,99,0.0787236822054774
654,2,10,150,99,0.058087171966128066
655,2,10,150,99,0.2211917314646663
658,2,10,150,99,0.0
1,2,10,150,100,0.5343723497595074
2,2,10,150,100,0.2268511698743587
3,2,10,150,100,0.03098598178059488
4,2,10,150,100,0.06166887310869151
5,2,10,150,100,0.12620564628865164
6,2,10,150,100,0.17961772474519622
7,2,10,150,100,0.25831763113990597
8,2,10,150,100,0.09482781197937418
9,2,10,150,100,0.046059218274918635
10,2,10,150,100,0.2043831529067321
11,2,10,150,100,0.10464473261331256
12,2,10,150,100,0.1322449726514938
13,2,10,150,100,0.3695249274513599
14,2,10,150,100,0.15461807617997098
15,2,10,150,100,0.01616702920033762
16,2,10,150,100,0.31306281757578724
17,2,10,150,100,0.10312948447052589
18,2,10,150,100,0.24231349134271257
19,2,10,150,100,0.0
20,2,10,150,100,0.06057715324397481
21,2,10,150,100,0.012720674487092647
22,2,10,150,100,0.05035691655673683
23,2,10,150,100,0.22807475621810358
24,2,10,150,100,0.12818798445247553
25,2,10,150,100,0.03078223202175778
26,2,10,150,100,0.1475005395151273
27,2,10,150,100,0.0
28,2,10,150,100,0.16080076733974918
29,2,10,150,100,0.0
30,2,10,150,100,0.0
31,2,10,150,100,0.08090642992710743
32,2,10,150,100,0.14779014095437779
33,2,10,150,100,0.0
34,2,10,150,100,0.07239559903187814
35,2,10,150,100,0.0
36,2,10,150,100,0.0
37,2,10,150,100,0.0
38,2,10,150,100,0.12297908439989445
39,2,10,150,100,0.15820890896021753
40,2,10,150,100,0.2212397779175911
41,2,10,150,100,0.0
42,2,10,150,100,0.20130152528989256
43,2,10,150,100,0.10840884994756145
44,2,10,150,100,0.1565413821318793
45,2,10,150,100,0.0
46,2,10,150,100,0.10684080426179023
47,2,10,150,100,0.11437926488327832
48,2,10,150,100,0.16438571914394637
49,2,10,150,100,0.05920283200708927
50,2,10,150,100,0.046726672111120165
51,2,10,150,100,0.07984133538066794
52,2,10,150,100,0.05244652348163508
53,2,10,150,100,0.12810519548676028
54,2,10,150,100,0.16717211165365042
55,2,10,150,100,0.0
56,2,10,150,100,0.22047893971599028
57,2,10,150,100,0.0524456916588361
58,2,10,150,100,0.17825325564125621
59,2,10,150,100,0.28995648277574804
60,2,10,150,100,0.2158570564681132
61,2,10,150,100,0.06416923277158361
62,2,10,150,100,0.18160332589227857
63,2,10,150,100,0.10055844624153853
64,2,10,150,100,0.04583023181159601
65,2,10,150,100,0.18154179097601578
66,2,10,150,100,0.12995427111679475
67,2,10,150,100,0.30572227149996106
68,2,10,150,100,0.04358896759704514
69,2,10,150,100,0.19699902273515738
70,2,10,150,100,0.06577317760289236
71,2,10,150,100,0.08190066039082215
72,2,10,150,100,0.28907547922366217
73,2,10,150,100,0.28969967958004655
74,2,10,150,100,0.17342765698823945
75,2,10,150,100,0.16021137204676433
76,2,10,150,100,0.23191508057904175
77,2,10,150,100,0.15029758260072817
78,2,10,150,100,0.0
79,2,10,150,100,0.11837298765331451
80,2,10,150,100,0.1744476820873323
81,2,10,150,100,0.05253995170668335
82,2,10,150,100,0.07894005758519804
83,2,10,150,100,0.046841820324159865
84,2,10,150,100,0.029136604147144557
85,2,10,150,100,0.19306511421468323
86,2,10,150,100,0.07028063830038406
87,2,10,150,100,0.20523162803222705
88,2,10,150,100,0.06294571929989644
89,2,10,150,100,0.2334685083478665
90,2,10,150,100,0.17313204566143872
91,2,10,150,100,0.12959454410325086
92,2,10,150,100,0.14348614401244308
93,2,10,150,100,0.0
94,2,10,150,100,0.23650778104110384
95,2,10,150,100,0.12485211086506379
96,2,10,150,100,0.2910849944526355
97,2,10,150,100,0.39661728036956423
98,2,10,150,100,0.0
99,2,10,150,100,0.13656436417013992
100,2,10,150,100,0.0
101,2,10,150,100,0.0
102,2,10,150,100,0.05671879843401278
103,2,10,150,100,0.04579340374561851
104,2,10,150,100,0.0
105,2,10,150,100,0.0
106,2,10,150,100,0.0
107,2,10,150,100,0.09995553728965398
108,2,10,150,100,0.07859158628121365
109,2,10,150,100,0.20086438685781322
110,2,10,150,100,0.037578324799282276
111,2,10,150,100,0.09077089626867633
112,2,10,150,100,0.0
113,2,10,150,100,0.178509607681865
114,2,10,150,100,0.02951022367272685
115,2,10,150,100,0.24220379575977083
116,2,10,150,100,0.041610162623197416
117,2,10,150,100,0.07736180228640575
118,2,10,150,100,0.19326159470866278
119,2,10,150,100,0.1788532979265873
120,2,10,150,100,0.40177646466663713
121,2,10,150,100,0.115269333086109
122,2,10,150,100,0.1467899073100297
123,2,10,150,100,0.12990556389377814
124,2,10,150,100,0.18903749859471425
125,2,10,150,100,0.20473185047710002
126,2,10,150,100,0.0
127,2,10,150,100,0.12503310750358904
128,2,10,150,100,0.07117364753699024
129,2,10,150,100,0.0
130,2,10,150,100,0.12626944889280553
131,2,10,150,100,0.36227735599025207
132,2,10,150,100,0.12643913909707097
133,2,10,150,100,0.0
134,2,10,150,100,0.0
135,2,10,150,100,0.04164847922797725
136,2,10,150,100,0.1949254865702981
137,2,10,150,100,0.1399896064260569
138,2,10,150,100,0.15545471738318148
139,2,10,150,100,0.05165643482805862
140,2,10,150,100,0.0732173666263434
141,2,10,150,100,0.12556328258692692
142,2,10,150,100,0.0
143,2,10,150,100,0.06882065896991112
144,2,10,150,100,0.1778212661301716
145,2,10,150,100,0.1074935252705928
146,2,10,150,100,0.0
147,2,10,150,100,0.06664071636913875
148,2,10,150,100,0.1606863768135813
149,2,10,150,100,0.10486881530019958
150,2,10,150,100,0.0
151,2,10,150,100,0.20411691507122928
152,2,10,150,100,0.10604965092581053
153,2,10,150,100,0.071942683897578
154,2,10,150,100,0.14768000485326507
155,2,10,150,100,0.0
156,2,10,150,100,0.06437746926759551
157,2,10,150,100,0.11756317838740467
158,2,10,150,100,0.17368343162211233
159,2,10,150,100,0.024782300799839303
160,2,10,150,100,0.1330098122581384
161,2,10,150,100,0.0
162,2,10,150,100,0.08299661455725149
163,2,10,150,100,0.0
164,2,10,150,100,0.029649957429587842
165,2,10,150,100,0.0
166,2,10,150,100,0.06175696970122604
167,2,10,150,100,0.040419659112753054
168,2,10,150,100,0.0641665753731138
169,2,10,150,100,0.03870447337439288
170,2,10,150,100,0.0
171,2,10,150,100,0.0
172,2,10,150,100,0.08232325035020067
173,2,10,150,100,0.1448442050067646
174,2,10,150,100,0.2622747997764713
175,2,10,150,100,0.22732566419594713
176,2,10,150,100,0.027651749128023803
177,2,10,150,100,0.3152442026717657
178,2,10,150,100,0.1509306125771355
179,2,10,150,100,0.09299583347145139
180,2,10,150,100,0.13545568635409455
181,2,10,150,100,0.0483889310666557
182,2,10,150,100,0.05005165434923901
183,2,10,150,100,0.0
184,2,10,150,100,0.15639932187667255
185,2,10,150,100,0.0
186,2,10,150,100,0.05478814761334652
187,2,10,150,100,0.16902512893841318
188,2,10,150,100,0.3504249889151446
189,2,10,150,100,0.209805850077053
190,2,10,150,100,0.025938546612492997
191,2,10,150,100,0.0
192,2,10,150,100,0.0
193,2,10,150,100,0.044029292293218426
194,2,10,150,100,0.19240249817644664
195,2,10,150,100,0.06253347785846348
196,2,10,150,100,0.04485361187694993
197,2,10,150,100,0.16261436624219067
198,2,10,150,100,0.028186415745733433
199,2,10,150,100,0.29101437312634887
200,2,10,150,100,0.24981852901656515
201,2,10,150,100,0.13525396835074274
202,2,10,150,100,0.27487633291429087
203,2,10,150,100,0.10238606821339166
204,2,10,150,100,0.08325563768773413
205,2,10,150,100,0.1465996756793884
206,2,10,150,100,0.028694189013458257
207,2,10,150,100,0.1293211556883118
208,2,10,150,100,0.10318619832562911
209,2,10,150,100,0.0
210,2,10,150,100,0.2038640973809669
211,2,10,150,100,0.0
212,2,10,150,100,0.164108698820099
213,2,10,150,100,0.20808658101351607
214,2,10,150,100,0.25168008015410515
215,2,10,150,100,0.11433722369502479
216,2,10,150,100,0.14425650580287722
217,2,10,150,100,0.10298663607405599
218,2,10,150,100,0.1023482199458735
219,2,10,150,100,0.0
220,2,10,150,100,0.0
221,2,10,150,100,0.10144613070733857
222,2,10,150,100,0.07761211457345131
223,2,10,150,100,0.0
224,2,10,150,100,0.029996736818897345
225,2,10,150,100,0.0
226,2,10,150,100,0.1498542968734124
227,2,10,150,100,0.11812975819364856
228,2,10,150,100,0.0
229,2,10,150,100,0.1353749952992483
230,2,10,150,100,0.29885542969810625
231,2,10,150,100,0.3903800499921017
232,2,10,150,100,0.1614860094571739
233,2,10,150,100,0.20041862413043413
234,2,10,150,100,0.2136848649612441
235,2,10,150,100,0.1075070751982482
236,2,10,150,100,0.1748476071795128
237,2,10,150,100,0.27346075713529205
238,2,10,150,100,0.0
239,2,10,150,100,0.1640226646237981
240,2,10,150,100,0.0
241,2,10,150,100,0.0
242,2,10,150,100,0.07673373981757839
243,2,10,150,100,0.2568245236714982
244,2,10,150,100,0.19360174735161173
245,2,10,150,100,0.0
246,2,10,150,100,0.12379877182510346
247,2,10,150,100,0.0
248,2,10,150,100,0.14176813152020928
249,2,10,150,100,0.25273723061556136
250,2,10,150,100,0.08513080051804543
251,2,10,150,100,0.12803494038364374
252,2,10,150,100,0.1904168294848087
253,2,10,150,100,0.204742498386431
254,2,10,150,100,0.2834002979184586
255,2,10,150,100,0.04662184073981129
256,2,10,150,100,0.33260401585908705
257,2,10,150,100,0.10559687561546657
258,2,10,150,100,0.09376545370390896
259,2,10,150,100,0.0
260,2,10,150,100,0.0
261,2,10,150,100,0.0
262,2,10,150,100,0.16064361892440213
263,2,10,150,100,0.2150534011009411
264,2,10,150,100,0.17922400159187726
265,2,10,150,100,0.08339602711200374
266,2,10,150,100,0.0
267,2,10,150,100,0.15946623251411773
268,2,10,150,100,0.2022867504986885
269,2,10,150,100,0.088359183617851
270,2,10,150,100,0.13753262202696961
271,2,10,150,100,0.20401896890378474
272,2,10,150,100,0.39122445679032536
273,2,10,150,100,0.06267320809766952
274,2,10,150,100,0.07854039387504146
275,2,10,150,100,0.04105877938688906
276,2,10,150,100,0.1795075038527258
277,2,10,150,100,0.02382330812596789
278,2,10,150,100,0.04305311721683474
279,2,10,150,100,0.1914369439237738
280,2,10,150,100,0.0841500632404169
281,2,10,150,100,0.05516788910004661
282,2,10,150,100,0.0
283,2,10,150,100,0.06286054135527182
284,2,10,150,100,0.028031276514167806
285,2,10,150,100,0.15002687789384317
286,2,10,150,100,0.11650442250576284
287,2,10,150,100,0.14933178562928426
288,2,10,150,100,0.18109971158338595
289,2,10,150,100,0.06510475888148554
290,2,10,150,100,0.09449357188080848
291,2,10,150,100,0.18686703515526518
292,2,10,150,100,0.3713936936921286
293,2,10,150,100,0.209165576017165
294,2,10,150,100,0.05942233668176323
295,2,10,150,100,0.21201342709556317
296,2,10,150,100,0.16225779689524336
297,2,10,150,100,0.11872860965100916
298,2,10,150,100,0.4408289286964202
299,2,10,150,100,0.07276016582104039
300,2,10,150,100,0.0
301,2,10,150,100,0.1348819056641436
302,2,10,150,100,0.0
303,2,10,150,100,0.3137011684418469
304,2,10,150,100,0.09811693595042764
305,2,10,150,100,0.15377587171217844
306,2,10,150,100,0.07286537763060504
307,2,10,150,100,0.19085493009785376
308,2,10,150,100,0.10498828018423616
309,2,10,150,100,0.0
310,2,10,150,100,0.0
311,2,10,150,100,0.25325295310341156
312,2,10,150,100,0.207392902205729
313,2,10,150,100,0.22676062260704077
314,2,10,150,100,0.1467839446144342
315,2,10,150,100,0.20262894995350406
316,2,10,150,100,0.22270580084154873
317,2,10,150,100,0.0
318,2,10,150,100,0.13166957165834908
319,2,10,150,100,0.0
320,2,10,150,100,0.04539294738377069
321,2,10,150,100,0.12530728980532893
322,2,10,150,100,0.40368059848615184
323,2,10,150,100,0.028361369701356044
324,2,10,150,100,0.06573619640629956
325,2,10,150,100,0.0811231025632827
326,2,10,150,100,0.14774251547484274
327,2,10,150,100,0.11830261508009018
328,2,10,150,100,0.14304127376118922
329,2,10,150,100,0.0
330,2,10,150,100,0.17464041258343582
331,2,10,150,100,0.10096521657790082
332,2,10,150,100,0.21586903305510508
333,2,10,150,100,0.05206745415870339
334,2,10,150,100,0.14107631432315282
335,2,10,150,100,0.0
336,2,10,150,100,0.11501232379588432
337,2,10,150,100,0.10934082156401825
338,2,10,150,100,0.14269909689763496
339,2,10,150,100,0.3016554358783463
340,2,10,150,100,0.2085849823550267
341,2,10,150,100,0.0
342,2,10,150,100,0.3059952036328567
343,2,10,150,100,0.32411227366404943
344,2,10,150,100,0.16544009376297736
345,2,10,150,100,0.10686772084589051
346,2,10,150,100,0.2102586943425689
347,2,10,150,100,0.20485510809551669
348,2,10,150,100,0.0
349,2,10,150,100,0.163169180413793
350,2,10,150,100,0.18939048055890495
351,2,10,150,100,0.18244757973199033
352,2,10,150,100,0.3057524544183157
353,2,10,150,100,0.0
354,2,10,150,100,0.08982081782386522
355,2,10,150,100,0.0
356,2,10,150,100,0.10061931714936387
357,2,10,150,100,0.14019634392566574
358,2,10,150,100,0.0
359,2,10,150,100,0.0
360,2,10,150,100,0.22728151171982378
361,2,10,150,100,0.14102209988296016
362,2,10,150,100,0.04690797720830594
363,2,10,150,100,0.16842060992967378
364,2,10,150,100,0.0
365,2,10,150,100,0.0
366,2,10,150,100,0.09184114803951915
367,2,10,150,100,0.05534563970541805
368,2,10,150,100,0.06788053752288492
369,2,10,150,100,0.21386152848601384
370,2,10,150,100,0.0957000625269241
371,2,10,150,100,0.1597357002967986
372,2,10,150,100,0.11359189468068477
373,2,10,150,100,0.11364269956475362
374,2,10,150,100,0.1607577635826819
375,2,10,150,100,0.1676614286651071
376,2,10,150,100,0.10172296721012776
377,2,10,150,100,0.34749036439127307
378,2,10,150,100,0.06074869568737563
379,2,10,150,100,0.2725040282776267
380,2,10,150,100,0.12442511173716794
381,2,10,150,100,0.1582768257779868
382,2,10,150,100,0.14582500956521116
383,2,10,150,100,0.15665325852632433
384,2,10,150,100,0.0
385,2,10,150,100,0.12050559154626544
386,2,10,150,100,0.0
387,2,10,150,100,0.15342061959733572
388,2,10,150,100,0.03275673003454543
389,2,10,150,100,0.23486014126558652
390,2,10,150,100,0.10466779365752882
391,2,10,150,100,0.18344326580289438
392,2,10,150,100,0.18274720371286732
393,2,10,150,100,0.1410811439796312
394,2,10,150,100,0.2428956376202687
395,2,10,150,100,0.17280189068434965
396,2,10,150,100,0.10153842195255075
397,2,10,150,100,0.27208443869728477
398,2,10,150,100,0.12633080592181342
399,2,10,150,100,0.04584496044456542
400,2,10,150,100,0.0
401,2,10,150,100,0.0
402,2,10,150,100,0.1798991830195577
403,2,10,150,100,0.23561122801255002
404,2,10,150,100,0.0
405,2,10,150,100,0.20794857312037096
406,2,10,150,100,0.19871588415994337
407,2,10,150,100,0.10494695214748177
408,2,10,150,100,0.08490303813485527
409,2,10,150,100,0.1854414927009712
410,2,10,150,100,0.1510508871592243
411,2,10,150,100,0.13359023741301432
412,2,10,150,100,0.0647690283301182
413,2,10,150,100,0.19475935863737628
414,2,10,150,100,0.0858710743416444
415,2,10,150,100,0.15582818336744758
416,2,10,150,100,0.44941432580895463
417,2,10,150,100,0.20411911104991762
418,2,10,150,100,0.05130633033097092
419,2,10,150,100,0.13043508853971056
420,2,10,150,100,0.22912164627663534
421,2,10,150,100,0.3102692669240346
422,2,10,150,100,0.0654076987556055
423,2,10,150,100,0.0
424,2,10,150,100,0.06775879819657901
425,2,10,150,100,0.09189673208193191
426,2,10,150,100,0.03206656709567107
427,2,10,150,100,0.0
428,2,10,150,100,0.09545062073374358
429,2,10,150,100,0.23890449721421225
430,2,10,150,100,0.1910356879389014
431,2,10,150,100,0.0
432,2,10,150,100,0.13181508781832452
433,2,10,150,100,0.10047622221317463
434,2,10,150,100,0.21435951014939544
435,2,10,150,100,0.24966382359090034
436,2,10,150,100,0.09225202744600981
437,2,10,150,100,0.23259502025351494
438,2,10,150,100,0.11342455428465782
439,2,10,150,100,0.0
440,2,10,150,100,0.056388463063434605
441,2,10,150,100,0.2078055819841487
442,2,10,150,100,0.04062732041938225
443,2,10,150,100,0.0
444,2,10,150,100,0.0796221118108625
445,2,10,150,100,0.06656553044254701
446,2,10,150,100,0.17394756411540546
447,2,10,150,100,0.06755943234053442
448,2,10,150,100,0.049326153683410964
449,2,10,150,100,0.1400796026466503
450,2,10,150,100,0.4614642780519025
451,2,10,150,100,0.05163551141839463
452,2,10,150,100,0.20804344255167403
453,2,10,150,100,0.14765608024766688
454,2,10,150,100,0.0
455,2,10,150,100,0.1911716125137539
456,2,10,150,100,0.10877875775303031
457,2,10,150,100,0.40206467498338794
458,2,10,150,100,0.2537193820456369
459,2,10,150,100,0.22350678403150168
460,2,10,150,100,0.07041837375515932
461,2,10,150,100,0.06961399513856609
462,2,10,150,100,0.18564976427020158
463,2,10,150,100,0.22927868614861596
464,2,10,150,100,0.06726768733602535
465,2,10,150,100,0.10783006935442738
466,2,10,150,100,0.12816210679182038
467,2,10,150,100,0.09300532025926726
468,2,10,150,100,0.26071751370405377
469,2,10,150,100,0.09804204583740185
470,2,10,150,100,0.04760723841253984
471,2,10,150,100,0.0
472,2,10,150,100,0.24205279513075567
473,2,10,150,100,0.2622744659873325
474,2,10,150,100,0.4032614614175625
475,2,10,150,100,0.07311683844390994
476,2,10,150,100,0.037130087375373766
477,2,10,150,100,0.10705212034121535
478,2,10,150,100,0.1437068872495116
479,2,10,150,100,0.1904568963143427
480,2,10,150,100,0.15920120556239784
481,2,10,150,100,0.12113079634450404
482,2,10,150,100,0.04290887548434951
483,2,10,150,100,0.044584249489688726
484,2,10,150,100,0.21280961292893452
485,2,10,150,100,0.036556008482007775
486,2,10,150,100,0.037551180085133536
487,2,10,150,100,0.26897530948823467
488,2,10,150,100,0.0
489,2,10,150,100,0.11658388953080685
490,2,10,150,100,0.11630686983226163
491,2,10,150,100,0.03859643636257609
492,2,10,150,100,0.15848674744535685
493,2,10,150,100,0.2595111329305249
494,2,10,150,100,0.10841985052222541
495,2,10,150,100,0.1996749531533383
496,2,10,150,100,0.023205371908120297
497,2,10,150,100,0.19452316936354874
498,2,10,150,100,0.08397880854701437
499,2,10,150,100,0.15260244507131887
500,2,10,150,100,0.1193085705784429
501,2,10,150,100,0.02184231145035861
502,2,10,150,100,0.06689893193796337
503,2,10,150,100,0.2353114369037673
504,2,10,150,100,0.10863389079911999
505,2,10,150,100,0.05688647497208646
506,2,10,150,100,0.1311934345633975
507,2,10,150,100,0.04255090034092519
508,2,10,150,100,0.20345924618307185
509,2,10,150,100,0.031611854308622345
510,2,10,150,100,0.056521628648141316
511,2,10,150,100,0.0
512,2,10,150,100,0.08364069030518707
513,2,10,150,100,0.11506360809154491
514,2,10,150,100,0.16578726587197626
515,2,10,150,100,0.034743705427429224
516,2,10,150,100,0.1340330647732781
517,2,10,150,100,0.07931777113368761
518,2,10,150,100,0.17389739326439957
519,2,10,150,100,0.10560636946921488
520,2,10,150,100,0.0
521,2,10,150,100,0.025776778718606015
522,2,10,150,100,0.0559167101555819
523,2,10,150,100,0.2487994583494942
524,2,10,150,100,0.12139532738996409
525,2,10,150,100,0.02228065271804083
526,2,10,150,100,0.02505758835695044
527,2,10,150,100,0.35360031514866236
528,2,10,150,100,0.2269962474823218
529,2,10,150,100,0.0
530,2,10,150,100,0.05554513395194445
531,2,10,150,100,0.0
532,2,10,150,100,0.11581807933483831
533,2,10,150,100,0.02466098625844179
534,2,10,150,100,0.024909303741335254
535,2,10,150,100,0.20139880789960526
536,2,10,150,100,0.16340884055250954
537,2,10,150,100,0.38264194930563805
538,2,10,150,100,0.06986755390827007
539,2,10,150,100,0.09953437200841515
540,2,10,150,100,0.0
541,2,10,150,100,0.08397287070222587
542,2,10,150,100,0.09025637667395449
543,2,10,150,100,0.14186072083217366
544,2,10,150,100,0.0
545,2,10,150,100,0.060216826583478454
546,2,10,150,100,0.08187211419398947
547,2,10,150,100,0.04855455745827926
548,2,10,150,100,0.09589255277111255
549,2,10,150,100,0.0
550,2,10,150,100,0.09688698360286704
551,2,10,150,100,0.22380816013375657
552,2,10,150,100,0.048059443651065493
553,2,10,150,100,0.3031608217655619
554,2,10,150,100,0.15671750696474082
555,2,10,150,100,0.09809088686968297
556,2,10,150,100,0.19081914270923156
557,2,10,150,100,0.04470486007704452
558,2,10,150,100,0.265053101293003
559,2,10,150,100,0.15158394663529717
560,2,10,150,100,0.046716390531725466
561,2,10,150,100,0.15628745629440996
562,2,10,150,100,0.07720150835011791
563,2,10,150,100,0.0
564,2,10,150,100,0.0
565,2,10,150,100,0.28663011782160785
566,2,10,150,100,0.049763902181020156
567,2,10,150,100,0.10828657397486113
568,2,10,150,100,0.0
569,2,10,150,100,0.17563954439010937
570,2,10,150,100,0.0
571,2,10,150,100,0.16104477175644444
572,2,10,150,100,0.0
573,2,10,150,100,0.03246641181906899
574,2,10,150,100,0.05058854055353143
575,2,10,150,100,0.05154847002173459
576,2,10,150,100,0.0
577,2,10,150,100,0.0784247757209491
578,2,10,150,100,0.0
579,2,10,150,100,0.08297540479108526
580,2,10,150,100,0.21602760439924668
581,2,10,150,100,0.0
582,2,10,150,100,0.0437514209980628
583,2,10,150,100,0.08356526807460651
584,2,10,150,100,0.09591939076437811
585,2,10,150,100,0.10653251525271548
586,2,10,150,100,0.10132509239867551
587,2,10,150,100,0.03459392809572638
588,2,10,150,100,0.053821119735696775
589,2,10,150,100,0.13061191070808464
590,2,10,150,100,0.06139304560474655
591,2,10,150,100,0.0
592,2,10,150,100,0.3162895979196809
593,2,10,150,100,0.04586709436300111
594,2,10,150,100,0.0
595,2,10,150,100,0.0
596,2,10,150,100,0.0
597,2,10,150,100,0.0
598,2,10,150,100,0.0
599,2,10,150,100,0.03373797440426373
600,2,10,150,100,0.024325165853816375
601,2,10,150,100,0.03369782041898502
602,2,10,150,100,0.0
603,2,10,150,100,0.1435203717549576
604,2,10,150,100,0.0
605,2,10,150,100,0.2645541144793553
606,2,10,150,100,0.24870693244846395
607,2,10,150,100,0.1304680268574189
608,2,10,150,100,0.2297355802772357
609,2,10,150,100,0.0
610,2,10,150,100,0.1629867900167321
611,2,10,150,100,0.08045389590462838
612,2,10,150,100,0.19694702592019372
613,2,10,150,100,0.0
614,2,10,150,100,0.08861505596859857
615,2,10,150,100,0.1479554402409639
616,2,10,150,100,0.0
617,2,10,150,100,0.044257815106106525
618,2,10,150,100,0.18766481803906507
619,2,10,150,100,0.09637551974188778
620,2,10,150,100,0.08396948777462541
621,2,10,150,100,0.07911675782853725
622,2,10,150,100,0.12980296240199146
623,2,10,150,100,0.0
624,2,10,150,100,0.08175619017377453
625,2,10,150,100,0.03127923881581372
626,2,10,150,100,0.0
627,2,10,150,100,0.020478112772268246
628,2,10,150,100,0.05901695753735958
629,2,10,150,100,0.2466228630593721
630,2,10,150,100,0.0
631,2,10,150,100,0.16868725245403154
632,2,10,150,100,0.13439570003165963
633,2,10,150,100,0.07667481399289292
634,2,10,150,100,0.030975021478781034
635,2,10,150,100,0.0
636,2,10,150,100,0.0
637,2,10,150,100,0.0
638,2,10,150,100,0.0
639,2,10,150,100,0.0
640,2,10,150,100,0.07887611601996505
642,2,10,150,100,0.1329152156038286
643,2,10,150,100,0.0
644,2,10,150,100,0.0
645,2,10,150,100,0.09759501249802542
647,2,10,150,100,0.0
648,2,10,150,100,0.21223061777480637
649,2,10,150,100,1.0
650,2,10,150,100,0.071889940957183
651,2,10,150,100,0.0
653,2,10,150,100,0.0787236822054774
654,2,10,150,100,0.058087171966128066
655,2,10,150,100,0.2211917314646663
658,2,10,150,100,0.0
1,3,10,150,1,1.0
2,3,10,150,1,0.0
3,3,10,150,1,0.0
4,3,10,150,1,0.0
5,3,10,150,1,0.0
6,3,10,150,1,0.0
7,3,10,150,1,1.0
8,3,10,150,1,0.0
9,3,10,150,1,0.0
10,3,10,150,1,0.0
11,3,10,150,1,0.0
12,3,10,150,1,0.0
13,3,10,150,1,0.0
14,3,10,150,1,0.0
15,3,10,150,1,0.0
16,3,10,150,1,0.0
17,3,10,150,1,0.0
18,3,10,150,1,0.0
19,3,10,150,1,0.0
20,3,10,150,1,0.0
21,3,10,150,1,0.0
22,3,10,150,1,0.0
23,3,10,150,1,1.0
24,3,10,150,1,0.0
25,3,10,150,1,0.0
26,3,10,150,1,0.0
28,3,10,150,1,0.0
29,3,10,150,1,0.0
30,3,10,150,1,0.0
31,3,10,150,1,0.0
32,3,10,150,1,0.0
33,3,10,150,1,0.0
34,3,10,150,1,0.0
35,3,10,150,1,0.0
37,3,10,150,1,0.0
38,3,10,150,1,0.0
39,3,10,150,1,0.0
40,3,10,150,1,0.0
41,3,10,150,1,0.0
42,3,10,150,1,0.0
43,3,10,150,1,1.0
44,3,10,150,1,0.0
45,3,10,150,1,0.0
46,3,10,150,1,0.0
47,3,10,150,1,0.0
48,3,10,150,1,0.0
49,3,10,150,1,0.0
50,3,10,150,1,0.0
51,3,10,150,1,0.0
52,3,10,150,1,0.0
53,3,10,150,1,0.0
54,3,10,150,1,0.0
55,3,10,150,1,0.0
56,3,10,150,1,0.0
57,3,10,150,1,0.0
58,3,10,150,1,0.0
59,3,10,150,1,0.0
60,3,10,150,1,0.0
61,3,10,150,1,0.0
62,3,10,150,1,0.0
63,3,10,150,1,0.0
64,3,10,150,1,0.0
65,3,10,150,1,1.0
66,3,10,150,1,0.0
67,3,10,150,1,0.0
68,3,10,150,1,0.0
69,3,10,150,1,0.0
70,3,10,150,1,0.0
71,3,10,150,1,0.0
72,3,10,150,1,0.0
73,3,10,150,1,0.0
74,3,10,150,1,0.0
75,3,10,150,1,0.0
76,3,10,150,1,0.0
77,3,10,150,1,1.0
78,3,10,150,1,0.0
79,3,10,150,1,0.0
80,3,10,150,1,0.0
81,3,10,150,1,0.0
82,3,10,150,1,0.0
83,3,10,150,1,0.0
84,3,10,150,1,0.0
85,3,10,150,1,0.0
86,3,10,150,1,0.0
87,3,10,150,1,0.0
88,3,10,150,1,0.0
89,3,10,150,1,1.0
90,3,10,150,1,0.0
91,3,10,150,1,0.0
92,3,10,150,1,0.0
93,3,10,150,1,0.0
94,3,10,150,1,1.0
95,3,10,150,1,0.0
96,3,10,150,1,0.0
97,3,10,150,1,0.0
98,3,10,150,1,0.0
99,3,10,150,1,0.0
100,3,10,150,1,0.0
101,3,10,150,1,0.0
102,3,10,150,1,0.0
103,3,10,150,1,0.0
104,3,10,150,1,0.0
106,3,10,150,1,0.0
107,3,10,150,1,0.0
108,3,10,150,1,0.0
109,3,10,150,1,0.0
110,3,10,150,1,0.0
111,3,10,150,1,0.0
112,3,10,150,1,0.0
113,3,10,150,1,0.0
114,3,10,150,1,0.0
115,3,10,150,1,0.0
116,3,10,150,1,0.0
117,3,10,150,1,0.0
118,3,10,150,1,0.0
119,3,10,150,1,0.0
121,3,10,150,1,0.0
122,3,10,150,1,0.0
123,3,10,150,1,1.0
124,3,10,150,1,0.0
125,3,10,150,1,0.0
126,3,10,150,1,0.0
127,3,10,150,1,0.0
128,3,10,150,1,0.0
129,3,10,150,1,0.0
130,3,10,150,1,0.0
131,3,10,150,1,0.0
132,3,10,150,1,0.0
133,3,10,150,1,0.0
134,3,10,150,1,0.0
135,3,10,150,1,0.0
136,3,10,150,1,0.0
137,3,10,150,1,0.0
138,3,10,150,1,0.0
139,3,10,150,1,0.0
140,3,10,150,1,0.0
141,3,10,150,1,1.0
142,3,10,150,1,1.0
143,3,10,150,1,0.0
144,3,10,150,1,0.0
145,3,10,150,1,0.0
146,3,10,150,1,0.0
147,3,10,150,1,0.0
148,3,10,150,1,0.0
149,3,10,150,1,0.0
150,3,10,150,1,0.0
151,3,10,150,1,0.0
152,3,10,150,1,0.0
153,3,10,150,1,0.0
154,3,10,150,1,0.0
155,3,10,150,1,0.0
156,3,10,150,1,0.0
157,3,10,150,1,0.0
158,3,10,150,1,0.0
159,3,10,150,1,0.0
160,3,10,150,1,0.0
161,3,10,150,1,0.0
162,3,10,150,1,0.0
163,3,10,150,1,0.0
164,3,10,150,1,0.0
165,3,10,150,1,0.0
166,3,10,150,1,0.0
167,3,10,150,1,0.0
168,3,10,150,1,0.0
169,3,10,150,1,0.0
170,3,10,150,1,0.0
171,3,10,150,1,0.0
172,3,10,150,1,0.0
173,3,10,150,1,0.0
174,3,10,150,1,0.0
175,3,10,150,1,0.0
176,3,10,150,1,0.0
177,3,10,150,1,0.0
178,3,10,150,1,0.0
179,3,10,150,1,0.0
180,3,10,150,1,0.0
181,3,10,150,1,0.0
182,3,10,150,1,0.0
183,3,10,150,1,0.0
184,3,10,150,1,0.0
185,3,10,150,1,0.0
186,3,10,150,1,0.0
187,3,10,150,1,0.0
188,3,10,150,1,0.0
189,3,10,150,1,1.0
190,3,10,150,1,0.0
191,3,10,150,1,0.0
192,3,10,150,1,0.0
193,3,10,150,1,0.0
194,3,10,150,1,0.0
195,3,10,150,1,0.0
196,3,10,150,1,0.0
197,3,10,150,1,0.0
198,3,10,150,1,0.0
199,3,10,150,1,0.0
200,3,10,150,1,0.0
201,3,10,150,1,1.0
202,3,10,150,1,0.0
203,3,10,150,1,0.0
204,3,10,150,1,0.0
205,3,10,150,1,0.0
206,3,10,150,1,0.0
207,3,10,150,1,0.0
208,3,10,150,1,0.0
209,3,10,150,1,0.0
210,3,10,150,1,0.0
211,3,10,150,1,0.0
212,3,10,150,1,0.0
213,3,10,150,1,0.0
214,3,10,150,1,0.0
215,3,10,150,1,0.0
216,3,10,150,1,0.0
217,3,10,150,1,0.0
218,3,10,150,1,0.0
219,3,10,150,1,0.0
220,3,10,150,1,0.0
221,3,10,150,1,0.0
222,3,10,150,1,0.0
223,3,10,150,1,0.0
224,3,10,150,1,0.0
225,3,10,150,1,0.0
226,3,10,150,1,0.0
227,3,10,150,1,0.0
229,3,10,150,1,0.0
230,3,10,150,1,0.0
231,3,10,150,1,0.0
232,3,10,150,1,0.0
233,3,10,150,1,0.0
234,3,10,150,1,1.0
235,3,10,150,1,0.0
236,3,10,150,1,0.0
237,3,10,150,1,0.0
238,3,10,150,1,0.0
239,3,10,150,1,0.0
240,3,10,150,1,0.0
241,3,10,150,1,0.0
242,3,10,150,1,0.0
243,3,10,150,1,0.0
244,3,10,150,1,1.0
245,3,10,150,1,0.0
246,3,10,150,1,0.0
247,3,10,150,1,0.0
248,3,10,150,1,0.0
249,3,10,150,1,1.0
250,3,10,150,1,0.0
251,3,10,150,1,0.0
252,3,10,150,1,0.0
253,3,10,150,1,0.0
254,3,10,150,1,0.0
255,3,10,150,1,0.0
256,3,10,150,1,0.0
257,3,10,150,1,0.0
258,3,10,150,1,0.0
259,3,10,150,1,0.0
260,3,10,150,1,0.0
261,3,10,150,1,0.0
262,3,10,150,1,0.0
263,3,10,150,1,1.0
264,3,10,150,1,1.0
265,3,10,150,1,0.0
266,3,10,150,1,0.0
267,3,10,150,1,0.0
268,3,10,150,1,0.0
269,3,10,150,1,0.0
270,3,10,150,1,0.0
271,3,10,150,1,0.0
272,3,10,150,1,0.0
273,3,10,150,1,0.0
274,3,10,150,1,0.0
275,3,10,150,1,0.0
276,3,10,150,1,1.0
277,3,10,150,1,0.0
278,3,10,150,1,0.0
279,3,10,150,1,0.0
280,3,10,150,1,0.0
281,3,10,150,1,0.0
282,3,10,150,1,0.0
283,3,10,150,1,0.0
284,3,10,150,1,0.0
285,3,10,150,1,0.0
286,3,10,150,1,0.0
287,3,10,150,1,0.0
288,3,10,150,1,0.0
289,3,10,150,1,0.0
290,3,10,150,1,0.0
291,3,10,150,1,1.0
292,3,10,150,1,0.0
293,3,10,150,1,0.0
294,3,10,150,1,0.0
295,3,10,150,1,0.0
296,3,10,150,1,0.0
297,3,10,150,1,0.0
298,3,10,150,1,0.0
299,3,10,150,1,0.0
300,3,10,150,1,0.0
301,3,10,150,1,1.0
302,3,10,150,1,0.0
303,3,10,150,1,0.0
304,3,10,150,1,0.0
305,3,10,150,1,0.0
306,3,10,150,1,0.0
307,3,10,150,1,0.0
308,3,10,150,1,0.0
309,3,10,150,1,0.0
310,3,10,150,1,0.0
311,3,10,150,1,0.0
312,3,10,150,1,0.0
313,3,10,150,1,0.0
314,3,10,150,1,0.0
315,3,10,150,1,0.0
316,3,10,150,1,0.0
317,3,10,150,1,0.0
318,3,10,150,1,0.0
319,3,10,150,1,0.0
320,3,10,150,1,0.0
321,3,10,150,1,0.0
322,3,10,150,1,0.0
323,3,10,150,1,0.0
324,3,10,150,1,0.0
325,3,10,150,1,0.0
326,3,10,150,1,0.0
327,3,10,150,1,0.0
328,3,10,150,1,0.0
329,3,10,150,1,0.0
330,3,10,150,1,1.0
331,3,10,150,1,0.0
332,3,10,150,1,0.0
333,3,10,150,1,0.0
334,3,10,150,1,1.0
335,3,10,150,1,0.0
336,3,10,150,1,0.0
337,3,10,150,1,0.0
338,3,10,150,1,0.0
339,3,10,150,1,0.0
340,3,10,150,1,0.0
341,3,10,150,1,0.0
342,3,10,150,1,0.0
343,3,10,150,1,1.0
344,3,10,150,1,0.0
345,3,10,150,1,1.0
346,3,10,150,1,0.0
347,3,10,150,1,0.0
348,3,10,150,1,0.0
349,3,10,150,1,0.0
350,3,10,150,1,0.0
351,3,10,150,1,0.0
352,3,10,150,1,0.0
353,3,10,150,1,0.0
354,3,10,150,1,0.0
355,3,10,150,1,0.0
356,3,10,150,1,0.0
357,3,10,150,1,0.0
358,3,10,150,1,1.0
359,3,10,150,1,0.0
360,3,10,150,1,0.0
361,3,10,150,1,0.0
362,3,10,150,1,0.0
363,3,10,150,1,1.0
364,3,10,150,1,0.0
365,3,10,150,1,0.0
366,3,10,150,1,0.0
367,3,10,150,1,0.0
368,3,10,150,1,0.0
369,3,10,150,1,0.0
370,3,10,150,1,0.0
371,3,10,150,1,0.0
372,3,10,150,1,0.0
373,3,10,150,1,0.0
374,3,10,150,1,1.0
375,3,10,150,1,0.0
376,3,10,150,1,0.0
377,3,10,150,1,0.0
378,3,10,150,1,0.0
379,3,10,150,1,0.0
380,3,10,150,1,0.0
381,3,10,150,1,0.0
382,3,10,150,1,0.0
383,3,10,150,1,0.0
384,3,10,150,1,0.0
385,3,10,150,1,0.0
386,3,10,150,1,0.0
387,3,10,150,1,0.0
388,3,10,150,1,0.0
389,3,10,150,1,0.0
390,3,10,150,1,0.0
391,3,10,150,1,1.0
392,3,10,150,1,0.0
393,3,10,150,1,1.0
394,3,10,150,1,0.0
395,3,10,150,1,0.0
396,3,10,150,1,0.0
397,3,10,150,1,0.0
398,3,10,150,1,0.0
399,3,10,150,1,0.0
400,3,10,150,1,0.0
401,3,10,150,1,0.0
402,3,10,150,1,1.0
403,3,10,150,1,0.0
404,3,10,150,1,0.0
405,3,10,150,1,1.0
406,3,10,150,1,1.0
407,3,10,150,1,0.0
408,3,10,150,1,0.0
409,3,10,150,1,0.0
410,3,10,150,1,0.0
411,3,10,150,1,0.0
412,3,10,150,1,0.0
413,3,10,150,1,0.0
414,3,10,150,1,0.0
415,3,10,150,1,0.0
416,3,10,150,1,0.0
417,3,10,150,1,0.0
418,3,10,150,1,0.0
419,3,10,150,1,0.0
420,3,10,150,1,0.0
421,3,10,150,1,0.0
422,3,10,150,1,0.0
423,3,10,150,1,0.0
424,3,10,150,1,0.0
425,3,10,150,1,0.0
426,3,10,150,1,0.0
427,3,10,150,1,0.0
428,3,10,150,1,0.0
429,3,10,150,1,0.0
430,3,10,150,1,0.0
431,3,10,150,1,0.0
432,3,10,150,1,0.0
433,3,10,150,1,0.0
434,3,10,150,1,1.0
435,3,10,150,1,1.0
436,3,10,150,1,0.0
437,3,10,150,1,0.0
438,3,10,150,1,0.0
439,3,10,150,1,0.0
440,3,10,150,1,0.0
441,3,10,150,1,0.0
442,3,10,150,1,0.0
443,3,10,150,1,0.0
444,3,10,150,1,0.0
445,3,10,150,1,0.0
446,3,10,150,1,0.0
447,3,10,150,1,0.0
448,3,10,150,1,0.0
449,3,10,150,1,0.0
450,3,10,150,1,0.0
451,3,10,150,1,0.0
452,3,10,150,1,0.0
453,3,10,150,1,0.0
454,3,10,150,1,0.0
455,3,10,150,1,1.0
456,3,10,150,1,1.0
457,3,10,150,1,1.0
458,3,10,150,1,0.0
459,3,10,150,1,0.0
460,3,10,150,1,0.0
461,3,10,150,1,0.0
462,3,10,150,1,0.0
463,3,10,150,1,0.0
464,3,10,150,1,0.0
465,3,10,150,1,0.0
466,3,10,150,1,0.0
467,3,10,150,1,0.0
468,3,10,150,1,1.0
469,3,10,150,1,0.0
470,3,10,150,1,0.0
471,3,10,150,1,0.0
472,3,10,150,1,1.0
473,3,10,150,1,0.0
474,3,10,150,1,0.0
475,3,10,150,1,0.0
476,3,10,150,1,0.0
477,3,10,150,1,0.0
478,3,10,150,1,1.0
479,3,10,150,1,0.0
480,3,10,150,1,0.0
481,3,10,150,1,0.0
482,3,10,150,1,0.0
483,3,10,150,1,0.0
484,3,10,150,1,1.0
485,3,10,150,1,0.0
486,3,10,150,1,0.0
487,3,10,150,1,0.0
488,3,10,150,1,0.0
489,3,10,150,1,0.0
490,3,10,150,1,0.0
491,3,10,150,1,0.0
492,3,10,150,1,0.0
493,3,10,150,1,1.0
494,3,10,150,1,0.0
495,3,10,150,1,0.0
496,3,10,150,1,0.0
497,3,10,150,1,0.0
498,3,10,150,1,0.0
499,3,10,150,1,0.0
500,3,10,150,1,0.0
501,3,10,150,1,0.0
502,3,10,150,1,0.0
503,3,10,150,1,1.0
504,3,10,150,1,0.0
505,3,10,150,1,0.0
506,3,10,150,1,0.0
507,3,10,150,1,0.0
508,3,10,150,1,0.0
509,3,10,150,1,0.0
510,3,10,150,1,0.0
511,3,10,150,1,0.0
512,3,10,150,1,0.0
513,3,10,150,1,0.0
514,3,10,150,1,0.0
515,3,10,150,1,0.0
516,3,10,150,1,0.0
517,3,10,150,1,0.0
518,3,10,150,1,0.0
519,3,10,150,1,0.0
520,3,10,150,1,0.0
521,3,10,150,1,1.0
522,3,10,150,1,0.0
523,3,10,150,1,1.0
524,3,10,150,1,0.0
525,3,10,150,1,0.0
526,3,10,150,1,0.0
527,3,10,150,1,1.0
528,3,10,150,1,0.0
529,3,10,150,1,0.0
530,3,10,150,1,0.0
531,3,10,150,1,0.0
532,3,10,150,1,1.0
533,3,10,150,1,1.0
534,3,10,150,1,0.0
535,3,10,150,1,0.0
536,3,10,150,1,0.0
537,3,10,150,1,0.0
538,3,10,150,1,0.0
539,3,10,150,1,0.0
540,3,10,150,1,0.0
541,3,10,150,1,0.0
542,3,10,150,1,0.0
543,3,10,150,1,0.0
544,3,10,150,1,0.0
545,3,10,150,1,1.0
546,3,10,150,1,0.0
547,3,10,150,1,0.0
548,3,10,150,1,0.0
549,3,10,150,1,0.0
550,3,10,150,1,0.0
551,3,10,150,1,0.0
552,3,10,150,1,0.0
553,3,10,150,1,0.0
554,3,10,150,1,0.0
555,3,10,150,1,0.0
556,3,10,150,1,0.0
557,3,10,150,1,0.0
558,3,10,150,1,0.0
559,3,10,150,1,0.0
560,3,10,150,1,0.0
561,3,10,150,1,0.0
562,3,10,150,1,0.0
563,3,10,150,1,0.0
564,3,10,150,1,0.0
565,3,10,150,1,0.0
566,3,10,150,1,0.0
567,3,10,150,1,0.0
568,3,10,150,1,0.0
569,3,10,150,1,0.0
570,3,10,150,1,0.0
571,3,10,150,1,0.0
572,3,10,150,1,1.0
573,3,10,150,1,0.0
574,3,10,150,1,0.0
575,3,10,150,1,0.0
576,3,10,150,1,0.0
577,3,10,150,1,1.0
578,3,10,150,1,0.0
579,3,10,150,1,0.0
580,3,10,150,1,0.0
581,3,10,150,1,0.0
582,3,10,150,1,0.0
583,3,10,150,1,0.0
584,3,10,150,1,0.0
585,3,10,150,1,0.0
586,3,10,150,1,0.0
587,3,10,150,1,0.0
588,3,10,150,1,1.0
589,3,10,150,1,0.0
590,3,10,150,1,0.0
591,3,10,150,1,0.0
592,3,10,150,1,0.0
593,3,10,150,1,0.0
594,3,10,150,1,0.0
595,3,10,150,1,0.0
596,3,10,150,1,0.0
597,3,10,150,1,0.0
598,3,10,150,1,0.0
599,3,10,150,1,0.0
600,3,10,150,1,0.0
601,3,10,150,1,1.0
602,3,10,150,1,0.0
603,3,10,150,1,0.0
604,3,10,150,1,0.0
605,3,10,150,1,0.0
606,3,10,150,1,0.0
607,3,10,150,1,0.0
608,3,10,150,1,1.0
609,3,10,150,1,0.0
610,3,10,150,1,0.0
611,3,10,150,1,0.0
612,3,10,150,1,0.0
613,3,10,150,1,0.0
614,3,10,150,1,1.0
615,3,10,150,1,0.0
616,3,10,150,1,0.0
617,3,10,150,1,0.0
618,3,10,150,1,1.0
619,3,10,150,1,0.0
620,3,10,150,1,1.0
621,3,10,150,1,0.0
622,3,10,150,1,0.0
623,3,10,150,1,0.0
624,3,10,150,1,0.0
625,3,10,150,1,0.0
626,3,10,150,1,0.0
627,3,10,150,1,1.0
628,3,10,150,1,0.0
629,3,10,150,1,0.0
630,3,10,150,1,0.0
631,3,10,150,1,0.0
632,3,10,150,1,0.0
633,3,10,150,1,0.0
634,3,10,150,1,0.0
635,3,10,150,1,0.0
636,3,10,150,1,1.0
637,3,10,150,1,0.0
638,3,10,150,1,0.0
639,3,10,150,1,0.0
640,3,10,150,1,0.0
641,3,10,150,1,0.0
642,3,10,150,1,1.0
643,3,10,150,1,1.0
644,3,10,150,1,0.0
645,3,10,150,1,0.0
646,3,10,150,1,0.0
647,3,10,150,1,0.0
648,3,10,150,1,0.0
649,3,10,150,1,0.0
650,3,10,150,1,1.0
651,3,10,150,1,0.0
652,3,10,150,1,0.0
653,3,10,150,1,1.0
654,3,10,150,1,0.0
655,3,10,150,1,0.0
656,3,10,150,1,0.0
657,3,10,150,1,1.0
658,3,10,150,1,0.0
659,3,10,150,1,0.0
660,3,10,150,1,0.0
661,3,10,150,1,0.0
662,3,10,150,1,0.0
663,3,10,150,1,0.0
664,3,10,150,1,0.0
665,3,10,150,1,0.0
666,3,10,150,1,0.0
667,3,10,150,1,0.0
668,3,10,150,1,0.0
669,3,10,150,1,0.0
670,3,10,150,1,0.0
671,3,10,150,1,1.0
672,3,10,150,1,0.0
673,3,10,150,1,0.0
674,3,10,150,1,0.0
675,3,10,150,1,0.0
676,3,10,150,1,1.0
677,3,10,150,1,0.0
678,3,10,150,1,0.0
679,3,10,150,1,0.0
680,3,10,150,1,0.0
681,3,10,150,1,0.0
682,3,10,150,1,1.0
683,3,10,150,1,0.0
684,3,10,150,1,0.0
685,3,10,150,1,0.0
686,3,10,150,1,0.0
687,3,10,150,1,0.0
688,3,10,150,1,0.0
689,3,10,150,1,1.0
690,3,10,150,1,1.0
691,3,10,150,1,1.0
692,3,10,150,1,0.0
693,3,10,150,1,0.0
694,3,10,150,1,0.0
695,3,10,150,1,0.0
696,3,10,150,1,0.0
697,3,10,150,1,0.0
698,3,10,150,1,0.0
699,3,10,150,1,0.0
700,3,10,150,1,0.0
701,3,10,150,1,0.0
702,3,10,150,1,0.0
703,3,10,150,1,0.0
704,3,10,150,1,0.0
705,3,10,150,1,1.0
706,3,10,150,1,0.0
707,3,10,150,1,0.0
708,3,10,150,1,0.0
709,3,10,150,1,0.0
710,3,10,150,1,0.0
711,3,10,150,1,0.0
712,3,10,150,1,0.0
713,3,10,150,1,0.0
714,3,10,150,1,0.0
715,3,10,150,1,1.0
716,3,10,150,1,1.0
717,3,10,150,1,0.0
718,3,10,150,1,0.0
719,3,10,150,1,0.0
720,3,10,150,1,0.0
721,3,10,150,1,0.0
722,3,10,150,1,0.0
723,3,10,150,1,0.0
724,3,10,150,1,0.0
725,3,10,150,1,0.0
726,3,10,150,1,0.0
727,3,10,150,1,0.0
728,3,10,150,1,0.0
729,3,10,150,1,0.0
730,3,10,150,1,0.0
731,3,10,150,1,0.0
732,3,10,150,1,0.0
733,3,10,150,1,0.0
734,3,10,150,1,0.0
735,3,10,150,1,0.0
736,3,10,150,1,0.0
737,3,10,150,1,0.0
738,3,10,150,1,0.0
739,3,10,150,1,0.0
740,3,10,150,1,0.0
741,3,10,150,1,0.0
742,3,10,150,1,0.0
743,3,10,150,1,0.0
744,3,10,150,1,0.0
745,3,10,150,1,0.0
746,3,10,150,1,0.0
747,3,10,150,1,0.0
748,3,10,150,1,0.0
749,3,10,150,1,1.0
750,3,10,150,1,0.0
751,3,10,150,1,0.0
752,3,10,150,1,0.0
753,3,10,150,1,0.0
754,3,10,150,1,0.0
755,3,10,150,1,0.0
756,3,10,150,1,0.0
757,3,10,150,1,0.0
758,3,10,150,1,0.0
759,3,10,150,1,0.0
760,3,10,150,1,0.0
761,3,10,150,1,0.0
762,3,10,150,1,0.0
763,3,10,150,1,0.0
764,3,10,150,1,0.0
765,3,10,150,1,0.0
766,3,10,150,1,0.0
767,3,10,150,1,0.0
768,3,10,150,1,0.0
769,3,10,150,1,0.0
770,3,10,150,1,1.0
771,3,10,150,1,0.0
772,3,10,150,1,0.0
773,3,10,150,1,1.0
774,3,10,150,1,0.0
775,3,10,150,1,0.0
776,3,10,150,1,0.0
777,3,10,150,1,0.0
778,3,10,150,1,0.0
779,3,10,150,1,0.0
780,3,10,150,1,0.0
781,3,10,150,1,0.0
782,3,10,150,1,0.0
783,3,10,150,1,0.0
784,3,10,150,1,0.0
785,3,10,150,1,0.0
786,3,10,150,1,0.0
787,3,10,150,1,0.0
788,3,10,150,1,0.0
789,3,10,150,1,0.0
790,3,10,150,1,0.0
791,3,10,150,1,0.0
792,3,10,150,1,0.0
793,3,10,150,1,0.0
794,3,10,150,1,0.0
795,3,10,150,1,0.0
796,3,10,150,1,0.0
797,3,10,150,1,0.0
798,3,10,150,1,0.0
799,3,10,150,1,0.0
800,3,10,150,1,0.0
801,3,10,150,1,0.0
802,3,10,150,1,0.0
803,3,10,150,1,0.0
804,3,10,150,1,1.0
805,3,10,150,1,1.0
806,3,10,150,1,0.0
807,3,10,150,1,1.0
808,3,10,150,1,0.0
809,3,10,150,1,0.0
810,3,10,150,1,0.0
811,3,10,150,1,0.0
812,3,10,150,1,0.0
813,3,10,150,1,0.0
814,3,10,150,1,0.0
815,3,10,150,1,0.0
816,3,10,150,1,0.0
817,3,10,150,1,0.0
818,3,10,150,1,0.0
819,3,10,150,1,0.0
820,3,10,150,1,0.0
821,3,10,150,1,0.0
822,3,10,150,1,0.0
823,3,10,150,1,0.0
824,3,10,150,1,0.0
825,3,10,150,1,0.0
826,3,10,150,1,0.0
827,3,10,150,1,0.0
828,3,10,150,1,0.0
829,3,10,150,1,0.0
830,3,10,150,1,0.0
831,3,10,150,1,0.0
832,3,10,150,1,0.0
833,3,10,150,1,0.0
834,3,10,150,1,0.0
835,3,10,150,1,0.0
836,3,10,150,1,0.0
837,3,10,150,1,0.0
838,3,10,150,1,0.0
839,3,10,150,1,0.0
840,3,10,150,1,0.0
841,3,10,150,1,0.0
842,3,10,150,1,0.0
843,3,10,150,1,0.0
844,3,10,150,1,0.0
845,3,10,150,1,0.0
846,3,10,150,1,0.0
847,3,10,150,1,0.0
848,3,10,150,1,0.0
849,3,10,150,1,0.0
850,3,10,150,1,0.0
851,3,10,150,1,1.0
852,3,10,150,1,0.0
853,3,10,150,1,0.0
854,3,10,150,1,0.0
855,3,10,150,1,0.0
856,3,10,150,1,0.0
857,3,10,150,1,0.0
858,3,10,150,1,0.0
859,3,10,150,1,0.0
860,3,10,150,1,0.0
861,3,10,150,1,0.0
862,3,10,150,1,0.0
863,3,10,150,1,0.0
864,3,10,150,1,0.0
865,3,10,150,1,0.0
866,3,10,150,1,0.0
867,3,10,150,1,0.0
868,3,10,150,1,0.0
870,3,10,150,1,0.0
871,3,10,150,1,0.0
872,3,10,150,1,0.0
875,3,10,150,1,0.0
876,3,10,150,1,0.0
877,3,10,150,1,0.0
1,3,10,150,2,1.0
2,3,10,150,2,0.0
3,3,10,150,2,0.0
4,3,10,150,2,0.0
5,3,10,150,2,0.0
6,3,10,150,2,0.0
7,3,10,150,2,0.6131471927654584
8,3,10,150,2,0.0
9,3,10,150,2,0.0
10,3,10,150,2,0.0
11,3,10,150,2,0.0
12,3,10,150,2,0.0
13,3,10,150,2,0.0
14,3,10,150,2,0.0
15,3,10,150,2,0.0
16,3,10,150,2,0.0
17,3,10,150,2,0.0
18,3,10,150,2,0.38685280723454163
19,3,10,150,2,0.0
20,3,10,150,2,0.0
21,3,10,150,2,0.0
22,3,10,150,2,0.0
23,3,10,150,2,0.6131471927654584
24,3,10,150,2,0.0
25,3,10,150,2,0.0
26,3,10,150,2,0.0
28,3,10,150,2,0.0
29,3,10,150,2,0.0
30,3,10,150,2,0.0
31,3,10,150,2,0.0
32,3,10,150,2,0.0
33,3,10,150,2,0.0
34,3,10,150,2,0.0
35,3,10,150,2,0.0
37,3,10,150,2,0.0
38,3,10,150,2,0.0
39,3,10,150,2,0.0
40,3,10,150,2,0.0
41,3,10,150,2,0.0
42,3,10,150,2,0.0
43,3,10,150,2,0.6131471927654584
44,3,10,150,2,0.0
45,3,10,150,2,0.0
46,3,10,150,2,0.0
47,3,10,150,2,0.0
48,3,10,150,2,0.0
49,3,10,150,2,0.0
50,3,10,150,2,0.0
51,3,10,150,2,0.0
52,3,10,150,2,0.0
53,3,10,150,2,0.0
54,3,10,150,2,0.0
55,3,10,150,2,0.0
56,3,10,150,2,0.0
57,3,10,150,2,0.0
58,3,10,150,2,0.0
59,3,10,150,2,0.0
60,3,10,150,2,0.0
61,3,10,150,2,0.0
62,3,10,150,2,0.0
63,3,10,150,2,0.0
64,3,10,150,2,0.0
65,3,10,150,2,0.6131471927654584
66,3,10,150,2,0.0
67,3,10,150,2,0.0
68,3,10,150,2,0.0
69,3,10,150,2,0.0
70,3,10,150,2,0.0
71,3,10,150,2,0.0
72,3,10,150,2,0.0
73,3,10,150,2,0.0
74,3,10,150,2,0.0
75,3,10,150,2,0.0
76,3,10,150,2,0.0
77,3,10,150,2,0.6131471927654584
78,3,10,150,2,0.0
79,3,10,150,2,0.0
80,3,10,150,2,0.0
81,3,10,150,2,0.0
82,3,10,150,2,0.0
83,3,10,150,2,0.0
84,3,10,150,2,0.0
85,3,10,150,2,0.38685280723454163
86,3,10,150,2,0.0
87,3,10,150,2,0.0
88,3,10,150,2,0.0
89,3,10,150,2,0.6131471927654584
90,3,10,150,2,0.38685280723454163
91,3,10,150,2,0.0
92,3,10,150,2,0.0
93,3,10,150,2,0.0
94,3,10,150,2,0.6131471927654584
95,3,10,150,2,0.0
96,3,10,150,2,0.0
97,3,10,150,2,0.0
98,3,10,150,2,0.0
99,3,10,150,2,0.0
100,3,10,150,2,0.0
101,3,10,150,2,0.0
102,3,10,150,2,0.0
103,3,10,150,2,0.0
104,3,10,150,2,0.0
106,3,10,150,2,0.0
107,3,10,150,2,0.0
108,3,10,150,2,0.0
109,3,10,150,2,0.0
110,3,10,150,2,0.0
111,3,10,150,2,0.0
112,3,10,150,2,0.0
113,3,10,150,2,0.0
114,3,10,150,2,0.0
115,3,10,150,2,0.0
116,3,10,150,2,0.0
117,3,10,150,2,0.0
118,3,10,150,2,0.0
119,3,10,150,2,0.0
121,3,10,150,2,0.0
122,3,10,150,2,0.0
123,3,10,150,2,0.6131471927654584
124,3,10,150,2,0.0
125,3,10,150,2,0.0
126,3,10,150,2,0.0
127,3,10,150,2,0.0
128,3,10,150,2,0.0
129,3,10,150,2,0.0
130,3,10,150,2,0.0
131,3,10,150,2,0.0
132,3,10,150,2,0.0
133,3,10,150,2,0.0
134,3,10,150,2,0.0
135,3,10,150,2,0.0
136,3,10,150,2,0.0
137,3,10,150,2,0.0
138,3,10,150,2,0.0
139,3,10,150,2,0.0
140,3,10,150,2,0.0
141,3,10,150,2,0.6131471927654584
142,3,10,150,2,0.6131471927654584
143,3,10,150,2,0.0
144,3,10,150,2,0.0
145,3,10,150,2,0.0
146,3,10,150,2,0.0
147,3,10,150,2,0.0
148,3,10,150,2,0.0
149,3,10,150,2,0.0
150,3,10,150,2,0.0
151,3,10,150,2,0.0
152,3,10,150,2,0.0
153,3,10,150,2,0.0
154,3,10,150,2,0.0
155,3,10,150,2,0.0
156,3,10,150,2,0.0
157,3,10,150,2,0.0
158,3,10,150,2,0.0
159,3,10,150,2,0.0
160,3,10,150,2,0.0
161,3,10,150,2,0.0
162,3,10,150,2,0.0
163,3,10,150,2,0.0
164,3,10,150,2,0.0
165,3,10,150,2,0.0
166,3,10,150,2,0.0
167,3,10,150,2,0.0
168,3,10,150,2,0.0
169,3,10,150,2,0.0
170,3,10,150,2,0.0
171,3,10,150,2,0.0
172,3,10,150,2,0.0
173,3,10,150,2,0.0
174,3,10,150,2,0.0
175,3,10,150,2,0.38685280723454163
176,3,10,150,2,0.0
177,3,10,150,2,0.0
178,3,10,150,2,0.0
179,3,10,150,2,0.0
180,3,10,150,2,0.0
181,3,10,150,2,0.0
182,3,10,150,2,0.0
183,3,10,150,2,0.0
184,3,10,150,2,0.0
185,3,10,150,2,0.0
186,3,10,150,2,0.0
187,3,10,150,2,0.0
188,3,10,150,2,0.0
189,3,10,150,2,0.6131471927654584
190,3,10,150,2,0.0
191,3,10,150,2,0.0
192,3,10,150,2,0.0
193,3,10,150,2,0.0
194,3,10,150,2,0.0
195,3,10,150,2,0.0
196,3,10,150,2,0.38685280723454163
197,3,10,150,2,0.0
198,3,10,150,2,0.0
199,3,10,150,2,0.0
200,3,10,150,2,0.0
201,3,10,150,2,1.0
202,3,10,150,2,0.0
203,3,10,150,2,0.0
204,3,10,150,2,0.0
205,3,10,150,2,0.0
206,3,10,150,2,0.0
207,3,10,150,2,0.0
208,3,10,150,2,0.0
209,3,10,150,2,0.0
210,3,10,150,2,0.0
211,3,10,150,2,0.0
212,3,10,150,2,0.0
213,3,10,150,2,0.0
214,3,10,150,2,0.0
215,3,10,150,2,0.0
216,3,10,150,2,0.0
217,3,10,150,2,0.0
218,3,10,150,2,0.0
219,3,10,150,2,0.0
220,3,10,150,2,0.0
221,3,10,150,2,0.0
222,3,10,150,2,0.0
223,3,10,150,2,0.0
224,3,10,150,2,0.0
225,3,10,150,2,0.0
226,3,10,150,2,0.0
227,3,10,150,2,0.0
229,3,10,150,2,0.0
230,3,10,150,2,0.0
231,3,10,150,2,0.0
232,3,10,150,2,0.0
233,3,10,150,2,0.0
234,3,10,150,2,0.6131471927654584
235,3,10,150,2,0.0
236,3,10,150,2,0.0
237,3,10,150,2,0.0
238,3,10,150,2,0.0
239,3,10,150,2,0.0
240,3,10,150,2,0.0
241,3,10,150,2,0.0
242,3,10,150,2,0.0
243,3,10,150,2,0.0
244,3,10,150,2,0.6131471927654584
245,3,10,150,2,0.0
246,3,10,150,2,0.0
247,3,10,150,2,0.0
248,3,10,150,2,0.0
249,3,10,150,2,0.6131471927654584
250,3,10,150,2,0.0
251,3,10,150,2,0.0
252,3,10,150,2,0.0
253,3,10,150,2,0.0
254,3,10,150,2,0.0
255,3,10,150,2,0.0
256,3,10,150,2,0.0
257,3,10,150,2,0.0
258,3,10,150,2,0.0
259,3,10,150,2,0.0
260,3,10,150,2,0.0
261,3,10,150,2,0.0
262,3,10,150,2,0.0
263,3,10,150,2,0.6131471927654584
264,3,10,150,2,0.6131471927654584
265,3,10,150,2,0.0
266,3,10,150,2,0.0
267,3,10,150,2,0.0
268,3,10,150,2,0.0
269,3,10,150,2,0.0
270,3,10,150,2,0.0
271,3,10,150,2,0.0
272,3,10,150,2,0.0
273,3,10,150,2,0.0
274,3,10,150,2,0.0
275,3,10,150,2,0.0
276,3,10,150,2,0.6131471927654584
277,3,10,150,2,0.0
278,3,10,150,2,0.0
279,3,10,150,2,0.38685280723454163
280,3,10,150,2,0.0
281,3,10,150,2,0.0
282,3,10,150,2,0.0
283,3,10,150,2,0.0
284,3,10,150,2,0.0
285,3,10,150,2,0.0
286,3,10,150,2,0.0
287,3,10,150,2,0.0
288,3,10,150,2,0.0
289,3,10,150,2,0.0
290,3,10,150,2,0.0
291,3,10,150,2,0.6131471927654584
292,3,10,150,2,0.0
293,3,10,150,2,0.0
294,3,10,150,2,0.0
295,3,10,150,2,0.0
296,3,10,150,2,0.0
297,3,10,150,2,0.0
298,3,10,150,2,0.0
299,3,10,150,2,0.0
300,3,10,150,2,0.0
301,3,10,150,2,0.6131471927654584
302,3,10,150,2,0.0
303,3,10,150,2,0.0
304,3,10,150,2,0.0
305,3,10,150,2,0.0
306,3,10,150,2,0.0
307,3,10,150,2,0.0
308,3,10,150,2,0.0
309,3,10,150,2,0.0
310,3,10,150,2,0.0
311,3,10,150,2,0.0
312,3,10,150,2,0.0
313,3,10,150,2,0.0
314,3,10,150,2,0.0
315,3,10,150,2,0.0
316,3,10,150,2,0.0
317,3,10,150,2,0.0
318,3,10,150,2,0.0
319,3,10,150,2,0.0
320,3,10,150,2,0.0
321,3,10,150,2,0.0
322,3,10,150,2,0.0
323,3,10,150,2,0.0
324,3,10,150,2,0.0
325,3,10,150,2,0.0
326,3,10,150,2,0.0
327,3,10,150,2,0.0
328,3,10,150,2,0.0
329,3,10,150,2,0.0
330,3,10,150,2,0.6131471927654584
331,3,10,150,2,0.0
332,3,10,150,2,0.0
333,3,10,150,2,0.0
334,3,10,150,2,0.6131471927654584
335,3,10,150,2,0.0
336,3,10,150,2,0.0
337,3,10,150,2,0.0
338,3,10,150,2,0.0
339,3,10,150,2,0.0
340,3,10,150,2,0.0
341,3,10,150,2,0.0
342,3,10,150,2,0.0
343,3,10,150,2,1.0
344,3,10,150,2,0.0
345,3,10,150,2,0.6131471927654584
346,3,10,150,2,0.0
347,3,10,150,2,0.0
348,3,10,150,2,0.0
349,3,10,150,2,0.0
350,3,10,150,2,0.0
351,3,10,150,2,0.0
352,3,10,150,2,0.0
353,3,10,150,2,0.0
354,3,10,150,2,0.0
355,3,10,150,2,0.0
356,3,10,150,2,0.0
357,3,10,150,2,0.0
358,3,10,150,2,0.6131471927654584
359,3,10,150,2,0.0
360,3,10,150,2,0.0
361,3,10,150,2,0.0
362,3,10,150,2,0.0
363,3,10,150,2,0.6131471927654584
364,3,10,150,2,0.0
365,3,10,150,2,0.0
366,3,10,150,2,0.0
367,3,10,150,2,0.0
368,3,10,150,2,0.0
369,3,10,150,2,0.0
370,3,10,150,2,0.0
371,3,10,150,2,0.0
372,3,10,150,2,0.0
373,3,10,150,2,0.0
374,3,10,150,2,0.6131471927654584
375,3,10,150,2,0.0
376,3,10,150,2,0.0
377,3,10,150,2,0.0
378,3,10,150,2,0.0
379,3,10,150,2,0.0
380,3,10,150,2,0.0
381,3,10,150,2,0.0
382,3,10,150,2,0.0
383,3,10,150,2,0.0
384,3,10,150,2,0.0
385,3,10,150,2,0.38685280723454163
386,3,10,150,2,0.0
387,3,10,150,2,0.0
388,3,10,150,2,0.0
389,3,10,150,2,0.0
390,3,10,150,2,0.38685280723454163
391,3,10,150,2,0.6131471927654584
392,3,10,150,2,0.0
393,3,10,150,2,0.6131471927654584
394,3,10,150,2,0.0
395,3,10,150,2,0.0
396,3,10,150,2,0.0
397,3,10,150,2,0.0
398,3,10,150,2,0.0
399,3,10,150,2,0.0
400,3,10,150,2,0.0
401,3,10,150,2,0.0
402,3,10,150,2,0.6131471927654584
403,3,10,150,2,0.0
404,3,10,150,2,0.0
405,3,10,150,2,1.0
406,3,10,150,2,0.6131471927654584
407,3,10,150,2,0.0
408,3,10,150,2,0.0
409,3,10,150,2,0.38685280723454163
410,3,10,150,2,0.0
411,3,10,150,2,0.0
412,3,10,150,2,0.0
413,3,10,150,2,0.0
414,3,10,150,2,0.0
415,3,10,150,2,0.0
416,3,10,150,2,0.38685280723454163
417,3,10,150,2,0.0
418,3,10,150,2,0.0
419,3,10,150,2,0.0
420,3,10,150,2,0.0
421,3,10,150,2,0.0
422,3,10,150,2,0.0
423,3,10,150,2,0.0
424,3,10,150,2,0.0
425,3,10,150,2,0.0
426,3,10,150,2,0.0
427,3,10,150,2,0.0
428,3,10,150,2,0.0
429,3,10,150,2,0.0
430,3,10,150,2,0.0
431,3,10,150,2,0.0
432,3,10,150,2,0.0
433,3,10,150,2,0.0
434,3,10,150,2,0.6131471927654584
435,3,10,150,2,0.6131471927654584
436,3,10,150,2,0.0
437,3,10,150,2,0.0
438,3,10,150,2,0.0
439,3,10,150,2,0.0
440,3,10,150,2,0.0
441,3,10,150,2,0.0
442,3,10,150,2,0.0
443,3,10,150,2,0.0
444,3,10,150,2,0.0
445,3,10,150,2,0.0
446,3,10,150,2,0.0
447,3,10,150,2,0.0
448,3,10,150,2,0.0
449,3,10,150,2,0.0
450,3,10,150,2,0.0
451,3,10,150,2,0.0
452,3,10,150,2,0.0
453,3,10,150,2,0.38685280723454163
454,3,10,150,2,0.0
455,3,10,150,2,0.6131471927654584
456,3,10,150,2,0.6131471927654584
457,3,10,150,2,1.0
458,3,10,150,2,0.0
459,3,10,150,2,0.0
460,3,10,150,2,0.0
461,3,10,150,2,0.0
462,3,10,150,2,0.0
463,3,10,150,2,0.38685280723454163
464,3,10,150,2,0.0
465,3,10,150,2,0.0
466,3,10,150,2,0.0
467,3,10,150,2,0.0
468,3,10,150,2,0.6131471927654584
469,3,10,150,2,0.0
470,3,10,150,2,0.0
471,3,10,150,2,0.0
472,3,10,150,2,0.6131471927654584
473,3,10,150,2,0.0
474,3,10,150,2,0.38685280723454163
475,3,10,150,2,0.0
476,3,10,150,2,0.38685280723454163
477,3,10,150,2,0.0
478,3,10,150,2,1.0
479,3,10,150,2,0.0
480,3,10,150,2,0.0
481,3,10,150,2,0.0
482,3,10,150,2,0.0
483,3,10,150,2,0.0
484,3,10,150,2,0.6131471927654584
485,3,10,150,2,0.0
486,3,10,150,2,0.0
487,3,10,150,2,0.0
488,3,10,150,2,0.38685280723454163
489,3,10,150,2,0.0
490,3,10,150,2,0.0
491,3,10,150,2,0.0
492,3,10,150,2,0.0
493,3,10,150,2,0.6131471927654584
494,3,10,150,2,0.0
495,3,10,150,2,0.0
496,3,10,150,2,0.0
497,3,10,150,2,0.0
498,3,10,150,2,0.0
499,3,10,150,2,0.0
500,3,10,150,2,0.0
501,3,10,150,2,0.0
502,3,10,150,2,0.0
503,3,10,150,2,0.6131471927654584
504,3,10,150,2,0.0
505,3,10,150,2,0.0
506,3,10,150,2,0.0
507,3,10,150,2,0.0
508,3,10,150,2,0.0
509,3,10,150,2,0.0
510,3,10,150,2,0.0
511,3,10,150,2,0.0
512,3,10,150,2,0.0
513,3,10,150,2,0.0
514,3,10,150,2,0.0
515,3,10,150,2,0.0
516,3,10,150,2,0.0
517,3,10,150,2,0.0
518,3,10,150,2,0.0
519,3,10,150,2,0.0
520,3,10,150,2,0.0
521,3,10,150,2,0.6131471927654584
522,3,10,150,2,0.0
523,3,10,150,2,0.6131471927654584
524,3,10,150,2,0.0
525,3,10,150,2,0.0
526,3,10,150,2,0.0
527,3,10,150,2,0.6131471927654584
528,3,10,150,2,0.0
529,3,10,150,2,0.0
530,3,10,150,2,0.0
531,3,10,150,2,0.0
532,3,10,150,2,0.6131471927654584
533,3,10,150,2,0.6131471927654584
534,3,10,150,2,0.0
535,3,10,150,2,0.38685280723454163
536,3,10,150,2,0.0
537,3,10,150,2,0.0
538,3,10,150,2,0.38685280723454163
539,3,10,150,2,0.0
540,3,10,150,2,0.0
541,3,10,150,2,0.0
542,3,10,150,2,0.0
543,3,10,150,2,0.0
544,3,10,150,2,0.0
545,3,10,150,2,0.6131471927654584
546,3,10,150,2,0.0
547,3,10,150,2,0.0
548,3,10,150,2,0.0
549,3,10,150,2,0.0
550,3,10,150,2,0.0
551,3,10,150,2,0.38685280723454163
552,3,10,150,2,0.0
553,3,10,150,2,0.0
554,3,10,150,2,0.0
555,3,10,150,2,0.0
556,3,10,150,2,0.38685280723454163
557,3,10,150,2,0.0
558,3,10,150,2,0.38685280723454163
559,3,10,150,2,0.0
560,3,10,150,2,0.0
561,3,10,150,2,0.0
562,3,10,150,2,0.0
563,3,10,150,2,0.0
564,3,10,150,2,0.0
565,3,10,150,2,0.0
566,3,10,150,2,0.38685280723454163
567,3,10,150,2,0.38685280723454163
568,3,10,150,2,0.0
569,3,10,150,2,0.0
570,3,10,150,2,0.0
571,3,10,150,2,0.0
572,3,10,150,2,0.6131471927654584
573,3,10,150,2,0.0
574,3,10,150,2,0.0
575,3,10,150,2,0.0
576,3,10,150,2,0.0
577,3,10,150,2,0.6131471927654584
578,3,10,150,2,0.0
579,3,10,150,2,0.0
580,3,10,150,2,0.0
581,3,10,150,2,0.0
582,3,10,150,2,0.0
583,3,10,150,2,0.0
584,3,10,150,2,0.0
585,3,10,150,2,0.0
586,3,10,150,2,0.0
587,3,10,150,2,0.0
588,3,10,150,2,0.6131471927654584
589,3,10,150,2,0.0
590,3,10,150,2,0.38685280723454163
591,3,10,150,2,0.0
592,3,10,150,2,0.38685280723454163
593,3,10,150,2,0.0
594,3,10,150,2,0.0
595,3,10,150,2,0.0
596,3,10,150,2,0.0
597,3,10,150,2,0.0
598,3,10,150,2,0.0
599,3,10,150,2,0.0
600,3,10,150,2,0.38685280723454163
601,3,10,150,2,1.0
602,3,10,150,2,0.0
603,3,10,150,2,0.0
604,3,10,150,2,0.0
605,3,10,150,2,0.0
606,3,10,150,2,0.38685280723454163
607,3,10,150,2,0.0
608,3,10,150,2,0.6131471927654584
609,3,10,150,2,0.0
610,3,10,150,2,0.0
611,3,10,150,2,0.0
612,3,10,150,2,0.0
613,3,10,150,2,0.0
614,3,10,150,2,0.6131471927654584
615,3,10,150,2,0.0
616,3,10,150,2,0.0
617,3,10,150,2,0.0
618,3,10,150,2,0.6131471927654584
619,3,10,150,2,0.0
620,3,10,150,2,0.6131471927654584
621,3,10,150,2,0.0
622,3,10,150,2,0.0
623,3,10,150,2,0.0
624,3,10,150,2,0.0
625,3,10,150,2,0.0
626,3,10,150,2,0.0
627,3,10,150,2,0.6131471927654584
628,3,10,150,2,0.0
629,3,10,150,2,0.38685280723454163
630,3,10,150,2,0.0
631,3,10,150,2,0.0
632,3,10,150,2,0.0
633,3,10,150,2,0.0
634,3,10,150,2,0.0
635,3,10,150,2,0.0
636,3,10,150,2,0.6131471927654584
637,3,10,150,2,0.0
638,3,10,150,2,0.0
639,3,10,150,2,0.0
640,3,10,150,2,0.0
641,3,10,150,2,0.0
642,3,10,150,2,0.6131471927654584
643,3,10,150,2,1.0
644,3,10,150,2,0.0
645,3,10,150,2,0.0
646,3,10,150,2,0.38685280723454163
647,3,10,150,2,0.0
648,3,10,150,2,0.0
649,3,10,150,2,0.0
650,3,10,150,2,0.6131471927654584
651,3,10,150,2,0.0
652,3,10,150,2,0.0
653,3,10,150,2,0.6131471927654584
654,3,10,150,2,0.0
655,3,10,150,2,0.0
656,3,10,150,2,0.0
657,3,10,150,2,0.6131471927654584
658,3,10,150,2,0.0
659,3,10,150,2,0.0
660,3,10,150,2,0.0
661,3,10,150,2,0.0
662,3,10,150,2,0.0
663,3,10,150,2,0.38685280723454163
664,3,10,150,2,0.38685280723454163
665,3,10,150,2,0.0
666,3,10,150,2,0.0
667,3,10,150,2,0.0
668,3,10,150,2,0.0
669,3,10,150,2,0.38685280723454163
670,3,10,150,2,0.0
671,3,10,150,2,0.6131471927654584
672,3,10,150,2,0.0
673,3,10,150,2,0.0
674,3,10,150,2,0.0
675,3,10,150,2,0.0
676,3,10,150,2,0.6131471927654584
677,3,10,150,2,0.0
678,3,10,150,2,0.0
679,3,10,150,2,0.0
680,3,10,150,2,0.0
681,3,10,150,2,0.0
682,3,10,150,2,1.0
683,3,10,150,2,0.0
684,3,10,150,2,0.0
685,3,10,150,2,0.0
686,3,10,150,2,0.0
687,3,10,150,2,0.0
688,3,10,150,2,0.0
689,3,10,150,2,0.6131471927654584
690,3,10,150,2,0.6131471927654584
691,3,10,150,2,1.0
692,3,10,150,2,0.0
693,3,10,150,2,0.0
694,3,10,150,2,0.0
695,3,10,150,2,0.0
696,3,10,150,2,0.0
697,3,10,150,2,0.0
698,3,10,150,2,0.0
699,3,10,150,2,0.0
700,3,10,150,2,0.0
701,3,10,150,2,0.0
702,3,10,150,2,0.0
703,3,10,150,2,0.38685280723454163
704,3,10,150,2,0.0
705,3,10,150,2,1.0
706,3,10,150,2,0.0
707,3,10,150,2,0.38685280723454163
708,3,10,150,2,0.0
709,3,10,150,2,0.0
710,3,10,150,2,0.38685280723454163
711,3,10,150,2,0.0
712,3,10,150,2,0.0
713,3,10,150,2,0.0
714,3,10,150,2,0.0
715,3,10,150,2,0.6131471927654584
716,3,10,150,2,0.6131471927654584
717,3,10,150,2,0.0
718,3,10,150,2,0.0
719,3,10,150,2,0.0
720,3,10,150,2,0.0
721,3,10,150,2,0.0
722,3,10,150,2,0.0
723,3,10,150,2,0.0
724,3,10,150,2,0.0
725,3,10,150,2,0.0
726,3,10,150,2,0.0
727,3,10,150,2,0.0
728,3,10,150,2,0.0
729,3,10,150,2,0.0
730,3,10,150,2,0.0
731,3,10,150,2,0.38685280723454163
732,3,10,150,2,0.0
733,3,10,150,2,0.0
734,3,10,150,2,0.0
735,3,10,150,2,0.0
736,3,10,150,2,0.0
737,3,10,150,2,0.0
738,3,10,150,2,0.0
739,3,10,150,2,0.0
740,3,10,150,2,0.0
741,3,10,150,2,0.0
742,3,10,150,2,0.0
743,3,10,150,2,0.0
744,3,10,150,2,0.0
745,3,10,150,2,0.0
746,3,10,150,2,0.0
747,3,10,150,2,0.0
748,3,10,150,2,0.0
749,3,10,150,2,0.6131471927654584
750,3,10,150,2,0.0
751,3,10,150,2,0.0
752,3,10,150,2,0.0
753,3,10,150,2,0.0
754,3,10,150,2,0.0
755,3,10,150,2,0.0
756,3,10,150,2,0.0
757,3,10,150,2,0.38685280723454163
758,3,10,150,2,0.0
759,3,10,150,2,0.0
760,3,10,150,2,0.0
761,3,10,150,2,0.0
762,3,10,150,2,0.0
763,3,10,150,2,0.0
764,3,10,150,2,0.0
765,3,10,150,2,0.0
766,3,10,150,2,0.0
767,3,10,150,2,0.0
768,3,10,150,2,0.0
769,3,10,150,2,0.0
770,3,10,150,2,0.6131471927654584
771,3,10,150,2,0.0
772,3,10,150,2,0.0
773,3,10,150,2,0.6131471927654584
774,3,10,150,2,0.0
775,3,10,150,2,0.0
776,3,10,150,2,0.0
777,3,10,150,2,0.0
778,3,10,150,2,0.38685280723454163
779,3,10,150,2,0.0
780,3,10,150,2,0.0
781,3,10,150,2,0.0
782,3,10,150,2,0.0
783,3,10,150,2,0.0
784,3,10,150,2,0.0
785,3,10,150,2,0.0
786,3,10,150,2,0.0
787,3,10,150,2,0.0
788,3,10,150,2,0.0
789,3,10,150,2,0.0
790,3,10,150,2,0.38685280723454163
791,3,10,150,2,0.0
792,3,10,150,2,0.0
793,3,10,150,2,0.0
794,3,10,150,2,0.0
795,3,10,150,2,0.38685280723454163
796,3,10,150,2,0.0
797,3,10,150,2,0.0
798,3,10,150,2,0.0
799,3,10,150,2,0.0
800,3,10,150,2,0.0
801,3,10,150,2,0.0
802,3,10,150,2,0.0
803,3,10,150,2,0.0
804,3,10,150,2,1.0
805,3,10,150,2,0.6131471927654584
806,3,10,150,2,0.0
807,3,10,150,2,0.6131471927654584
808,3,10,150,2,0.0
809,3,10,150,2,0.0
810,3,10,150,2,0.0
811,3,10,150,2,0.0
812,3,10,150,2,0.0
813,3,10,150,2,0.0
814,3,10,150,2,0.0
815,3,10,150,2,0.0
816,3,10,150,2,0.0
817,3,10,150,2,0.0
818,3,10,150,2,0.0
819,3,10,150,2,0.0
820,3,10,150,2,0.0
821,3,10,150,2,0.0
822,3,10,150,2,0.0
823,3,10,150,2,0.0
824,3,10,150,2,0.0
825,3,10,150,2,0.38685280723454163
826,3,10,150,2,0.0
827,3,10,150,2,0.0
828,3,10,150,2,0.0
829,3,10,150,2,0.0
830,3,10,150,2,0.0
831,3,10,150,2,0.0
832,3,10,150,2,0.0
833,3,10,150,2,0.0
834,3,10,150,2,0.0
835,3,10,150,2,0.0
836,3,10,150,2,0.0
837,3,10,150,2,0.0
838,3,10,150,2,0.0
839,3,10,150,2,0.0
840,3,10,150,2,0.0
841,3,10,150,2,0.0
842,3,10,150,2,0.0
843,3,10,150,2,0.0
844,3,10,150,2,0.0
845,3,10,150,2,0.0
846,3,10,150,2,0.0
847,3,10,150,2,0.0
848,3,10,150,2,0.0
849,3,10,150,2,0.0
850,3,10,150,2,0.0
851,3,10,150,2,0.6131471927654584
852,3,10,150,2,0.0
853,3,10,150,2,0.0
854,3,10,150,2,0.0
855,3,10,150,2,0.0
856,3,10,150,2,0.0
857,3,10,150,2,0.0
858,3,10,150,2,0.0
859,3,10,150,2,0.0
860,3,10,150,2,0.0
861,3,10,150,2,0.0
862,3,10,150,2,0.0
863,3,10,150,2,0.0
864,3,10,150,2,0.0
865,3,10,150,2,0.0
866,3,10,150,2,0.0
867,3,10,150,2,0.0
868,3,10,150,2,0.0
870,3,10,150,2,0.0
871,3,10,150,2,0.0
872,3,10,150,2,0.0
875,3,10,150,2,0.0
876,3,10,150,2,0.0
877,3,10,150,2,0.0
1,3,10,150,3,1.0
2,3,10,150,3,0.0
3,3,10,150,3,0.0
4,3,10,150,3,0.0
5,3,10,150,3,0.0
6,3,10,150,3,0.23463936301137822
7,3,10,150,3,0.46927872602275644
8,3,10,150,3,0.0
9,3,10,150,3,0.0
10,3,10,150,3,0.23463936301137822
11,3,10,150,3,0.0
12,3,10,150,3,0.0
13,3,10,150,3,0.0
14,3,10,150,3,0.0
15,3,10,150,3,0.0
16,3,10,150,3,0.0
17,3,10,150,3,0.0
18,3,10,150,3,0.2960819109658652
19,3,10,150,3,0.0
20,3,10,150,3,0.0
21,3,10,150,3,0.0
22,3,10,150,3,0.0
23,3,10,150,3,0.46927872602275644
24,3,10,150,3,0.0
25,3,10,150,3,0.0
26,3,10,150,3,0.0
28,3,10,150,3,0.0
29,3,10,150,3,0.0
30,3,10,150,3,0.0
31,3,10,150,3,0.0
32,3,10,150,3,0.0
33,3,10,150,3,0.0
34,3,10,150,3,0.0
35,3,10,150,3,0.0
37,3,10,150,3,0.0
38,3,10,150,3,0.0
39,3,10,150,3,0.0
40,3,10,150,3,0.0
41,3,10,150,3,0.0
42,3,10,150,3,0.0
43,3,10,150,3,0.46927872602275644
44,3,10,150,3,0.0
45,3,10,150,3,0.0
46,3,10,150,3,0.0
47,3,10,150,3,0.0
48,3,10,150,3,0.0
49,3,10,150,3,0.0
50,3,10,150,3,0.0
51,3,10,150,3,0.0
52,3,10,150,3,0.0
53,3,10,150,3,0.0
54,3,10,150,3,0.0
55,3,10,150,3,0.0
56,3,10,150,3,0.0
57,3,10,150,3,0.0
58,3,10,150,3,0.0
59,3,10,150,3,0.0
60,3,10,150,3,0.0
61,3,10,150,3,0.0
62,3,10,150,3,0.0
63,3,10,150,3,0.0
64,3,10,150,3,0.0
65,3,10,150,3,0.46927872602275644
66,3,10,150,3,0.0
67,3,10,150,3,0.0
68,3,10,150,3,0.0
69,3,10,150,3,0.0
70,3,10,150,3,0.0
71,3,10,150,3,0.0
72,3,10,150,3,0.0
73,3,10,150,3,0.0
74,3,10,150,3,0.0
75,3,10,150,3,0.0
76,3,10,150,3,0.0
77,3,10,150,3,0.46927872602275644
78,3,10,150,3,0.0
79,3,10,150,3,0.0
80,3,10,150,3,0.0
81,3,10,150,3,0.0
82,3,10,150,3,0.0
83,3,10,150,3,0.0
84,3,10,150,3,0.0
85,3,10,150,3,0.2960819109658652
86,3,10,150,3,0.0
87,3,10,150,3,0.0
88,3,10,150,3,0.0
89,3,10,150,3,0.46927872602275644
90,3,10,150,3,0.2960819109658652
91,3,10,150,3,0.0
92,3,10,150,3,0.0
93,3,10,150,3,0.0
94,3,10,150,3,0.46927872602275644
95,3,10,150,3,0.0
96,3,10,150,3,0.0
97,3,10,150,3,0.0
98,3,10,150,3,0.0
99,3,10,150,3,0.0
100,3,10,150,3,0.0
101,3,10,150,3,0.0
102,3,10,150,3,0.0
103,3,10,150,3,0.0
104,3,10,150,3,0.23463936301137822
106,3,10,150,3,0.0
107,3,10,150,3,0.0
108,3,10,150,3,0.0
109,3,10,150,3,0.0
110,3,10,150,3,0.0
111,3,10,150,3,0.0
112,3,10,150,3,0.0
113,3,10,150,3,0.0
114,3,10,150,3,0.0
115,3,10,150,3,0.0
116,3,10,150,3,0.0
117,3,10,150,3,0.0
118,3,10,150,3,0.0
119,3,10,150,3,0.0
121,3,10,150,3,0.0
122,3,10,150,3,0.0
123,3,10,150,3,0.46927872602275644
124,3,10,150,3,0.0
125,3,10,150,3,0.23463936301137822
126,3,10,150,3,0.0
127,3,10,150,3,0.0
128,3,10,150,3,0.0
129,3,10,150,3,0.0
130,3,10,150,3,0.0
131,3,10,150,3,0.23463936301137822
132,3,10,150,3,0.0
133,3,10,150,3,0.0
134,3,10,150,3,0.0
135,3,10,150,3,0.0
136,3,10,150,3,0.0
137,3,10,150,3,0.0
138,3,10,150,3,0.0
139,3,10,150,3,0.0
140,3,10,150,3,0.0
141,3,10,150,3,0.46927872602275644
142,3,10,150,3,0.46927872602275644
143,3,10,150,3,0.0
144,3,10,150,3,0.0
145,3,10,150,3,0.0
146,3,10,150,3,0.0
147,3,10,150,3,0.0
148,3,10,150,3,0.0
149,3,10,150,3,0.0
150,3,10,150,3,0.0
151,3,10,150,3,0.0
152,3,10,150,3,0.0
153,3,10,150,3,0.0
154,3,10,150,3,0.0
155,3,10,150,3,0.0
156,3,10,150,3,0.0
157,3,10,150,3,0.0
158,3,10,150,3,0.23463936301137822
159,3,10,150,3,0.23463936301137822
160,3,10,150,3,0.0
161,3,10,150,3,0.0
162,3,10,150,3,0.0
163,3,10,150,3,0.0
164,3,10,150,3,0.0
165,3,10,150,3,0.0
166,3,10,150,3,0.0
167,3,10,150,3,0.0
168,3,10,150,3,0.0
169,3,10,150,3,0.0
170,3,10,150,3,0.0
171,3,10,150,3,0.0
172,3,10,150,3,0.0
173,3,10,150,3,0.0
174,3,10,150,3,0.0
175,3,10,150,3,0.2960819109658652
176,3,10,150,3,0.0
177,3,10,150,3,0.0
178,3,10,150,3,0.0
179,3,10,150,3,0.0
180,3,10,150,3,0.0
181,3,10,150,3,0.0
182,3,10,150,3,0.0
183,3,10,150,3,0.0
184,3,10,150,3,0.0
185,3,10,150,3,0.0
186,3,10,150,3,0.0
187,3,10,150,3,0.0
188,3,10,150,3,0.0
189,3,10,150,3,0.46927872602275644
190,3,10,150,3,0.0
191,3,10,150,3,0.0
192,3,10,150,3,0.0
193,3,10,150,3,0.0
194,3,10,150,3,0.0
195,3,10,150,3,0.0
196,3,10,150,3,0.2960819109658652
197,3,10,150,3,0.0
198,3,10,150,3,0.23463936301137822
199,3,10,150,3,0.0
200,3,10,150,3,0.0
201,3,10,150,3,0.7653606369886217
202,3,10,150,3,0.0
203,3,10,150,3,0.0
204,3,10,150,3,0.0
205,3,10,150,3,0.0
206,3,10,150,3,0.0
207,3,10,150,3,0.0
208,3,10,150,3,0.0
209,3,10,150,3,0.0
210,3,10,150,3,0.0
211,3,10,150,3,0.0
212,3,10,150,3,0.0
213,3,10,150,3,0.0
214,3,10,150,3,0.0
215,3,10,150,3,0.23463936301137822
216,3,10,150,3,0.0
217,3,10,150,3,0.0
218,3,10,150,3,0.0
219,3,10,150,3,0.0
220,3,10,150,3,0.0
221,3,10,150,3,0.23463936301137822
222,3,10,150,3,0.0
223,3,10,150,3,0.0
224,3,10,150,3,0.0
225,3,10,150,3,0.0
226,3,10,150,3,0.0
227,3,10,150,3,0.0
229,3,10,150,3,0.0
230,3,10,150,3,0.0
231,3,10,150,3,0.0
232,3,10,150,3,0.0
233,3,10,150,3,0.0
234,3,10,150,3,0.46927872602275644
235,3,10,150,3,0.0
236,3,10,150,3,0.0
237,3,10,150,3,0.0
238,3,10,150,3,0.0
239,3,10,150,3,0.0
240,3,10,150,3,0.0
241,3,10,150,3,0.0
242,3,10,150,3,0.0
243,3,10,150,3,0.0
244,3,10,150,3,0.46927872602275644
245,3,10,150,3,0.0
246,3,10,150,3,0.0
247,3,10,150,3,0.0
248,3,10,150,3,0.0
249,3,10,150,3,0.46927872602275644
250,3,10,150,3,0.0
251,3,10,150,3,0.0
252,3,10,150,3,0.0
253,3,10,150,3,0.0
254,3,10,150,3,0.0
255,3,10,150,3,0.0
256,3,10,150,3,0.0
257,3,10,150,3,0.0
258,3,10,150,3,0.0
259,3,10,150,3,0.0
260,3,10,150,3,0.0
261,3,10,150,3,0.0
262,3,10,150,3,0.0
263,3,10,150,3,0.46927872602275644
264,3,10,150,3,0.46927872602275644
265,3,10,150,3,0.0
266,3,10,150,3,0.0
267,3,10,150,3,0.0
268,3,10,150,3,0.0
269,3,10,150,3,0.0
270,3,10,150,3,0.0
271,3,10,150,3,0.0
272,3,10,150,3,0.0
273,3,10,150,3,0.0
274,3,10,150,3,0.0
275,3,10,150,3,0.0
276,3,10,150,3,0.46927872602275644
277,3,10,150,3,0.0
278,3,10,150,3,0.0
279,3,10,150,3,0.2960819109658652
280,3,10,150,3,0.23463936301137822
281,3,10,150,3,0.0
282,3,10,150,3,0.0
283,3,10,150,3,0.0
284,3,10,150,3,0.0
285,3,10,150,3,0.0
286,3,10,150,3,0.0
287,3,10,150,3,0.0
288,3,10,150,3,0.0
289,3,10,150,3,0.0
290,3,10,150,3,0.0
291,3,10,150,3,0.46927872602275644
292,3,10,150,3,0.0
293,3,10,150,3,0.0
294,3,10,150,3,0.0
295,3,10,150,3,0.0
296,3,10,150,3,0.0
297,3,10,150,3,0.0
298,3,10,150,3,0.0
299,3,10,150,3,0.0
300,3,10,150,3,0.0
301,3,10,150,3,0.46927872602275644
302,3,10,150,3,0.0
303,3,10,150,3,0.23463936301137822
304,3,10,150,3,0.0
305,3,10,150,3,0.0
306,3,10,150,3,0.0
307,3,10,150,3,0.0
308,3,10,150,3,0.0
309,3,10,150,3,0.0
310,3,10,150,3,0.0
311,3,10,150,3,0.23463936301137822
312,3,10,150,3,0.0
313,3,10,150,3,0.0
314,3,10,150,3,0.23463936301137822
315,3,10,150,3,0.0
316,3,10,150,3,0.0
317,3,10,150,3,0.0
318,3,10,150,3,0.0
319,3,10,150,3,0.0
320,3,10,150,3,0.0
321,3,10,150,3,0.0
322,3,10,150,3,0.0
323,3,10,150,3,0.0
324,3,10,150,3,0.0
325,3,10,150,3,0.0
326,3,10,150,3,0.0
327,3,10,150,3,0.0
328,3,10,150,3,0.23463936301137822
329,3,10,150,3,0.0
330,3,10,150,3,0.46927872602275644
331,3,10,150,3,0.0
332,3,10,150,3,0.0
333,3,10,150,3,0.0
334,3,10,150,3,0.46927872602275644
335,3,10,150,3,0.0
336,3,10,150,3,0.0
337,3,10,150,3,0.0
338,3,10,150,3,0.0
339,3,10,150,3,0.0
340,3,10,150,3,0.23463936301137822
341,3,10,150,3,0.0
342,3,10,150,3,0.0
343,3,10,150,3,0.7653606369886217
344,3,10,150,3,0.0
345,3,10,150,3,0.46927872602275644
346,3,10,150,3,0.0
347,3,10,150,3,0.0
348,3,10,150,3,0.0
349,3,10,150,3,0.0
350,3,10,150,3,0.0
351,3,10,150,3,0.0
352,3,10,150,3,0.0
353,3,10,150,3,0.0
354,3,10,150,3,0.0
355,3,10,150,3,0.0
356,3,10,150,3,0.0
357,3,10,150,3,0.0
358,3,10,150,3,0.46927872602275644
359,3,10,150,3,0.0
360,3,10,150,3,0.0
361,3,10,150,3,0.0
362,3,10,150,3,0.0
363,3,10,150,3,0.46927872602275644
364,3,10,150,3,0.0
365,3,10,150,3,0.0
366,3,10,150,3,0.0
367,3,10,150,3,0.23463936301137822
368,3,10,150,3,0.0
369,3,10,150,3,0.0
370,3,10,150,3,0.0
371,3,10,150,3,0.0
372,3,10,150,3,0.0
373,3,10,150,3,0.23463936301137822
374,3,10,150,3,0.46927872602275644
375,3,10,150,3,0.0
376,3,10,150,3,0.0
377,3,10,150,3,0.0
378,3,10,150,3,0.0
379,3,10,150,3,0.0
380,3,10,150,3,0.0
381,3,10,150,3,0.0
382,3,10,150,3,0.0
383,3,10,150,3,0.0
384,3,10,150,3,0.0
385,3,10,150,3,0.2960819109658652
386,3,10,150,3,0.0
387,3,10,150,3,0.0
388,3,10,150,3,0.0
389,3,10,150,3,0.0
390,3,10,150,3,0.2960819109658652
391,3,10,150,3,0.7039180890341347
392,3,10,150,3,0.0
393,3,10,150,3,0.46927872602275644
394,3,10,150,3,0.0
395,3,10,150,3,0.0
396,3,10,150,3,0.0
397,3,10,150,3,0.0
398,3,10,150,3,0.0
399,3,10,150,3,0.0
400,3,10,150,3,0.0
401,3,10,150,3,0.0
402,3,10,150,3,0.7039180890341347
403,3,10,150,3,0.0
404,3,10,150,3,0.0
405,3,10,150,3,0.7653606369886217
406,3,10,150,3,0.46927872602275644
407,3,10,150,3,0.0
408,3,10,150,3,0.0
409,3,10,150,3,0.2960819109658652
410,3,10,150,3,0.0
411,3,10,150,3,0.0
412,3,10,150,3,0.0
413,3,10,150,3,0.0
414,3,10,150,3,0.0
415,3,10,150,3,0.0
416,3,10,150,3,0.2960819109658652
417,3,10,150,3,0.0
418,3,10,150,3,0.0
419,3,10,150,3,0.0
420,3,10,150,3,0.0
421,3,10,150,3,0.0
422,3,10,150,3,0.0
423,3,10,150,3,0.0
424,3,10,150,3,0.0
425,3,10,150,3,0.0
426,3,10,150,3,0.0
427,3,10,150,3,0.0
428,3,10,150,3,0.0
429,3,10,150,3,0.23463936301137822
430,3,10,150,3,0.0
431,3,10,150,3,0.0
432,3,10,150,3,0.0
433,3,10,150,3,0.0
434,3,10,150,3,0.46927872602275644
435,3,10,150,3,0.46927872602275644
436,3,10,150,3,0.23463936301137822
437,3,10,150,3,0.0
438,3,10,150,3,0.0
439,3,10,150,3,0.0
440,3,10,150,3,0.0
441,3,10,150,3,0.0
442,3,10,150,3,0.23463936301137822
443,3,10,150,3,0.0
444,3,10,150,3,0.23463936301137822
445,3,10,150,3,0.0
446,3,10,150,3,0.0
447,3,10,150,3,0.0
448,3,10,150,3,0.0
449,3,10,150,3,0.0
450,3,10,150,3,0.0
451,3,10,150,3,0.0
452,3,10,150,3,0.0
453,3,10,150,3,0.5307212739772434
454,3,10,150,3,0.0
455,3,10,150,3,0.7039180890341347
456,3,10,150,3,0.46927872602275644
457,3,10,150,3,1.0
458,3,10,150,3,0.0
459,3,10,150,3,0.0
460,3,10,150,3,0.0
461,3,10,150,3,0.0
462,3,10,150,3,0.0
463,3,10,150,3,0.2960819109658652
464,3,10,150,3,0.0
465,3,10,150,3,0.23463936301137822
466,3,10,150,3,0.0
467,3,10,150,3,0.0
468,3,10,150,3,0.46927872602275644
469,3,10,150,3,0.0
470,3,10,150,3,0.0
471,3,10,150,3,0.0
472,3,10,150,3,0.46927872602275644
473,3,10,150,3,0.0
474,3,10,150,3,0.5307212739772434
475,3,10,150,3,0.0
476,3,10,150,3,0.2960819109658652
477,3,10,150,3,0.0
478,3,10,150,3,0.7653606369886217
479,3,10,150,3,0.0
480,3,10,150,3,0.0
481,3,10,150,3,0.0
482,3,10,150,3,0.0
483,3,10,150,3,0.0
484,3,10,150,3,0.46927872602275644
485,3,10,150,3,0.0
486,3,10,150,3,0.0
487,3,10,150,3,0.0
488,3,10,150,3,0.2960819109658652
489,3,10,150,3,0.0
490,3,10,150,3,0.23463936301137822
491,3,10,150,3,0.0
492,3,10,150,3,0.0
493,3,10,150,3,0.46927872602275644
494,3,10,150,3,0.0
495,3,10,150,3,0.23463936301137822
496,3,10,150,3,0.0
497,3,10,150,3,0.0
498,3,10,150,3,0.0
499,3,10,150,3,0.0
500,3,10,150,3,0.0
501,3,10,150,3,0.0
502,3,10,150,3,0.0
503,3,10,150,3,0.46927872602275644
504,3,10,150,3,0.0
505,3,10,150,3,0.0
506,3,10,150,3,0.0
507,3,10,150,3,0.0
508,3,10,150,3,0.0
509,3,10,150,3,0.0
510,3,10,150,3,0.0
511,3,10,150,3,0.0
512,3,10,150,3,0.0
513,3,10,150,3,0.0
514,3,10,150,3,0.0
515,3,10,150,3,0.0
516,3,10,150,3,0.0
517,3,10,150,3,0.0
518,3,10,150,3,0.0
519,3,10,150,3,0.0
520,3,10,150,3,0.0
521,3,10,150,3,0.46927872602275644
522,3,10,150,3,0.23463936301137822
523,3,10,150,3,0.46927872602275644
524,3,10,150,3,0.0
525,3,10,150,3,0.0
526,3,10,150,3,0.0
527,3,10,150,3,0.46927872602275644
528,3,10,150,3,0.0
529,3,10,150,3,0.0
530,3,10,150,3,0.0
531,3,10,150,3,0.0
532,3,10,150,3,0.46927872602275644
533,3,10,150,3,0.7039180890341347
534,3,10,150,3,0.0
535,3,10,150,3,0.5307212739772434
536,3,10,150,3,0.0
537,3,10,150,3,0.0
538,3,10,150,3,0.2960819109658652
539,3,10,150,3,0.0
540,3,10,150,3,0.0
541,3,10,150,3,0.0
542,3,10,150,3,0.23463936301137822
543,3,10,150,3,0.0
544,3,10,150,3,0.0
545,3,10,150,3,0.46927872602275644
546,3,10,150,3,0.0
547,3,10,150,3,0.0
548,3,10,150,3,0.0
549,3,10,150,3,0.0
550,3,10,150,3,0.0
551,3,10,150,3,0.5307212739772434
552,3,10,150,3,0.0
553,3,10,150,3,0.0
554,3,10,150,3,0.0
555,3,10,150,3,0.0
556,3,10,150,3,0.2960819109658652
557,3,10,150,3,0.0
558,3,10,150,3,0.2960819109658652
559,3,10,150,3,0.0
560,3,10,150,3,0.0
561,3,10,150,3,0.23463936301137822
562,3,10,150,3,0.0
563,3,10,150,3,0.0
564,3,10,150,3,0.0
565,3,10,150,3,0.0
566,3,10,150,3,0.2960819109658652
567,3,10,150,3,0.5307212739772434
568,3,10,150,3,0.0
569,3,10,150,3,0.0
570,3,10,150,3,0.0
571,3,10,150,3,0.0
572,3,10,150,3,0.46927872602275644
573,3,10,150,3,0.0
574,3,10,150,3,0.0
575,3,10,150,3,0.0
576,3,10,150,3,0.0
577,3,10,150,3,0.46927872602275644
578,3,10,150,3,0.0
579,3,10,150,3,0.0
580,3,10,150,3,0.0
581,3,10,150,3,0.0
582,3,10,150,3,0.23463936301137822
583,3,10,150,3,0.0
584,3,10,150,3,0.0
585,3,10,150,3,0.0
586,3,10,150,3,0.0
587,3,10,150,3,0.0
588,3,10,150,3,0.46927872602275644
589,3,10,150,3,0.0
590,3,10,150,3,0.2960819109658652
591,3,10,150,3,0.0
592,3,10,150,3,0.5307212739772434
593,3,10,150,3,0.23463936301137822
594,3,10,150,3,0.0
595,3,10,150,3,0.0
596,3,10,150,3,0.0
597,3,10,150,3,0.0
598,3,10,150,3,0.0
599,3,10,150,3,0.0
600,3,10,150,3,0.2960819109658652
601,3,10,150,3,0.7653606369886217
602,3,10,150,3,0.0
603,3,10,150,3,0.0
604,3,10,150,3,0.0
605,3,10,150,3,0.23463936301137822
606,3,10,150,3,0.5307212739772434
607,3,10,150,3,0.0
608,3,10,150,3,0.46927872602275644
609,3,10,150,3,0.0
610,3,10,150,3,0.0
611,3,10,150,3,0.0
612,3,10,150,3,0.0
613,3,10,150,3,0.0
614,3,10,150,3,0.46927872602275644
615,3,10,150,3,0.0
616,3,10,150,3,0.0
617,3,10,150,3,0.0
618,3,10,150,3,0.46927872602275644
619,3,10,150,3,0.0
620,3,10,150,3,0.46927872602275644
621,3,10,150,3,0.0
622,3,10,150,3,0.23463936301137822
623,3,10,150,3,0.0
624,3,10,150,3,0.0
625,3,10,150,3,0.23463936301137822
626,3,10,150,3,0.0
627,3,10,150,3,0.46927872602275644
628,3,10,150,3,0.0
629,3,10,150,3,0.2960819109658652
630,3,10,150,3,0.0
631,3,10,150,3,0.0
632,3,10,150,3,0.0
633,3,10,150,3,0.0
634,3,10,150,3,0.23463936301137822
635,3,10,150,3,0.0
636,3,10,150,3,0.46927872602275644
637,3,10,150,3,0.0
638,3,10,150,3,0.0
639,3,10,150,3,0.0
640,3,10,150,3,0.23463936301137822
641,3,10,150,3,0.0
642,3,10,150,3,0.7039180890341347
643,3,10,150,3,1.0
644,3,10,150,3,0.0
645,3,10,150,3,0.0
646,3,10,150,3,0.2960819109658652
647,3,10,150,3,0.0
648,3,10,150,3,0.0
649,3,10,150,3,0.0
650,3,10,150,3,0.46927872602275644
651,3,10,150,3,0.0
652,3,10,150,3,0.0
653,3,10,150,3,0.46927872602275644
654,3,10,150,3,0.0
655,3,10,150,3,0.0
656,3,10,150,3,0.0
657,3,10,150,3,0.46927872602275644
658,3,10,150,3,0.0
659,3,10,150,3,0.0
660,3,10,150,3,0.0
661,3,10,150,3,0.0
662,3,10,150,3,0.0
663,3,10,150,3,0.5307212739772434
664,3,10,150,3,0.5307212739772434
665,3,10,150,3,0.23463936301137822
666,3,10,150,3,0.0
667,3,10,150,3,0.0
668,3,10,150,3,0.0
669,3,10,150,3,0.5307212739772434
670,3,10,150,3,0.0
671,3,10,150,3,0.46927872602275644
672,3,10,150,3,0.0
673,3,10,150,3,0.0
674,3,10,150,3,0.0
675,3,10,150,3,0.0
676,3,10,150,3,0.46927872602275644
677,3,10,150,3,0.0
678,3,10,150,3,0.0
679,3,10,150,3,0.0
680,3,10,150,3,0.0
681,3,10,150,3,0.0
682,3,10,150,3,0.7653606369886217
683,3,10,150,3,0.0
684,3,10,150,3,0.0
685,3,10,150,3,0.0
686,3,10,150,3,0.0
687,3,10,150,3,0.0
688,3,10,150,3,0.0
689,3,10,150,3,0.7039180890341347
690,3,10,150,3,0.7039180890341347
691,3,10,150,3,0.7653606369886217
692,3,10,150,3,0.0
693,3,10,150,3,0.0
694,3,10,150,3,0.0
695,3,10,150,3,0.0
696,3,10,150,3,0.0
697,3,10,150,3,0.0
698,3,10,150,3,0.0
699,3,10,150,3,0.0
700,3,10,150,3,0.0
701,3,10,150,3,0.0
702,3,10,150,3,0.0
703,3,10,150,3,0.2960819109658652
704,3,10,150,3,0.0
705,3,10,150,3,0.7653606369886217
706,3,10,150,3,0.0
707,3,10,150,3,0.5307212739772434
708,3,10,150,3,0.0
709,3,10,150,3,0.0
710,3,10,150,3,0.2960819109658652
711,3,10,150,3,0.23463936301137822
712,3,10,150,3,0.0
713,3,10,150,3,0.0
714,3,10,150,3,0.0
715,3,10,150,3,0.46927872602275644
716,3,10,150,3,0.46927872602275644
717,3,10,150,3,0.0
718,3,10,150,3,0.0
719,3,10,150,3,0.0
720,3,10,150,3,0.0
721,3,10,150,3,0.0
722,3,10,150,3,0.0
723,3,10,150,3,0.0
724,3,10,150,3,0.0
725,3,10,150,3,0.0
726,3,10,150,3,0.0
727,3,10,150,3,0.0
728,3,10,150,3,0.0
729,3,10,150,3,0.0
730,3,10,150,3,0.0
731,3,10,150,3,0.2960819109658652
732,3,10,150,3,0.0
733,3,10,150,3,0.0
734,3,10,150,3,0.0
735,3,10,150,3,0.0
736,3,10,150,3,0.0
737,3,10,150,3,0.0
738,3,10,150,3,0.0
739,3,10,150,3,0.0
740,3,10,150,3,0.0
741,3,10,150,3,0.0
742,3,10,150,3,0.0
743,3,10,150,3,0.0
744,3,10,150,3,0.0
745,3,10,150,3,0.0
746,3,10,150,3,0.0
747,3,10,150,3,0.0
748,3,10,150,3,0.0
749,3,10,150,3,0.46927872602275644
750,3,10,150,3,0.0
751,3,10,150,3,0.0
752,3,10,150,3,0.0
753,3,10,150,3,0.0
754,3,10,150,3,0.0
755,3,10,150,3,0.0
756,3,10,150,3,0.0
757,3,10,150,3,0.2960819109658652
758,3,10,150,3,0.23463936301137822
759,3,10,150,3,0.0
760,3,10,150,3,0.0
761,3,10,150,3,0.0
762,3,10,150,3,0.0
763,3,10,150,3,0.0
764,3,10,150,3,0.0
765,3,10,150,3,0.0
766,3,10,150,3,0.0
767,3,10,150,3,0.0
768,3,10,150,3,0.0
769,3,10,150,3,0.0
770,3,10,150,3,0.46927872602275644
771,3,10,150,3,0.0
772,3,10,150,3,0.0
773,3,10,150,3,0.46927872602275644
774,3,10,150,3,0.0
775,3,10,150,3,0.0
776,3,10,150,3,0.0
777,3,10,150,3,0.0
778,3,10,150,3,0.2960819109658652
779,3,10,150,3,0.0
780,3,10,150,3,0.0
781,3,10,150,3,0.0
782,3,10,150,3,0.0
783,3,10,150,3,0.0
784,3,10,150,3,0.0
785,3,10,150,3,0.23463936301137822
786,3,10,150,3,0.0
787,3,10,150,3,0.0
788,3,10,150,3,0.0
789,3,10,150,3,0.0
790,3,10,150,3,0.2960819109658652
791,3,10,150,3,0.0
792,3,10,150,3,0.0
793,3,10,150,3,0.0
794,3,10,150,3,0.0
795,3,10,150,3,0.2960819109658652
796,3,10,150,3,0.0
797,3,10,150,3,0.0
798,3,10,150,3,0.0
799,3,10,150,3,0.0
800,3,10,150,3,0.0
801,3,10,150,3,0.0
802,3,10,150,3,0.0
803,3,10,150,3,0.0
804,3,10,150,3,0.7653606369886217
805,3,10,150,3,0.46927872602275644
806,3,10,150,3,0.0
807,3,10,150,3,0.46927872602275644
808,3,10,150,3,0.0
809,3,10,150,3,0.0
810,3,10,150,3,0.0
811,3,10,150,3,0.0
812,3,10,150,3,0.0
813,3,10,150,3,0.0
814,3,10,150,3,0.0
815,3,10,150,3,0.0
816,3,10,150,3,0.0
817,3,10,150,3,0.0
818,3,10,150,3,0.0
819,3,10,150,3,0.0
820,3,10,150,3,0.0
821,3,10,150,3,0.0
822,3,10,150,3,0.0
823,3,10,150,3,0.0
824,3,10,150,3,0.0
825,3,10,150,3,0.2960819109658652
826,3,10,150,3,0.0
827,3,10,150,3,0.0
828,3,10,150,3,0.0
829,3,10,150,3,0.0
830,3,10,150,3,0.0
831,3,10,150,3,0.0
832,3,10,150,3,0.0
833,3,10,150,3,0.0
834,3,10,150,3,0.0
835,3,10,150,3,0.0
836,3,10,150,3,0.0
837,3,10,150,3,0.0
838,3,10,150,3,0.0
839,3,10,150,3,0.0
840,3,10,150,3,0.0
841,3,10,150,3,0.0
842,3,10,150,3,0.0
843,3,10,150,3,0.0
844,3,10,150,3,0.0
845,3,10,150,3,0.0
846,3,10,150,3,0.0
847,3,10,150,3,0.0
848,3,10,150,3,0.0
849,3,10,150,3,0.0
850,3,10,150,3,0.0
851,3,10,150,3,0.46927872602275644
852,3,10,150,3,0.0
853,3,10,150,3,0.0
854,3,10,150,3,0.0
855,3,10,150,3,0.0
856,3,10,150,3,0.0
857,3,10,150,3,0.0
858,3,10,150,3,0.0
859,3,10,150,3,0.0
860,3,10,150,3,0.0
861,3,10,150,3,0.0
862,3,10,150,3,0.0
863,3,10,150,3,0.0
864,3,10,150,3,0.0
865,3,10,150,3,0.0
866,3,10,150,3,0.0
867,3,10,150,3,0.0
868,3,10,150,3,0.0
870,3,10,150,3,0.0
871,3,10,150,3,0.0
872,3,10,150,3,0.0
875,3,10,150,3,0.0
876,3,10,150,3,0.0
877,3,10,150,3,0.0
1,3,10,150,4,1.0
2,3,10,150,4,0.0
3,3,10,150,4,0.0
4,3,10,150,4,0.0
5,3,10,150,4,0.0
6,3,10,150,4,0.19519002499605084
7,3,10,150,4,0.3903800499921017
8,3,10,150,4,0.0
9,3,10,150,4,0.0
10,3,10,150,4,0.19519002499605084
11,3,10,150,4,0.0
12,3,10,150,4,0.0
13,3,10,150,4,0.16812753627111746
14,3,10,150,4,0.0
15,3,10,150,4,0.0
16,3,10,150,4,0.0
17,3,10,150,4,0.0
18,3,10,150,4,0.24630238874073
19,3,10,150,4,0.0
20,3,10,150,4,0.0
21,3,10,150,4,0.0
22,3,10,150,4,0.0
23,3,10,150,4,0.3903800499921017
24,3,10,150,4,0.0
25,3,10,150,4,0.0
26,3,10,150,4,0.0
28,3,10,150,4,0.0
29,3,10,150,4,0.0
30,3,10,150,4,0.0
31,3,10,150,4,0.0
32,3,10,150,4,0.0
33,3,10,150,4,0.0
34,3,10,150,4,0.0
35,3,10,150,4,0.0
37,3,10,150,4,0.0
38,3,10,150,4,0.0
39,3,10,150,4,0.0
40,3,10,150,4,0.0
41,3,10,150,4,0.0
42,3,10,150,4,0.0
43,3,10,150,4,0.5585075862632192
44,3,10,150,4,0.0
45,3,10,150,4,0.0
46,3,10,150,4,0.0
47,3,10,150,4,0.0
48,3,10,150,4,0.0
49,3,10,150,4,0.0
50,3,10,150,4,0.0
51,3,10,150,4,0.0
52,3,10,150,4,0.0
53,3,10,150,4,0.0
54,3,10,150,4,0.0
55,3,10,150,4,0.0
56,3,10,150,4,0.0
57,3,10,150,4,0.0
58,3,10,150,4,0.0
59,3,10,150,4,0.16812753627111746
60,3,10,150,4,0.0
61,3,10,150,4,0.0
62,3,10,150,4,0.0
63,3,10,150,4,0.0
64,3,10,150,4,0.0
65,3,10,150,4,0.3903800499921017
66,3,10,150,4,0.0
67,3,10,150,4,0.0
68,3,10,150,4,0.0
69,3,10,150,4,0.0
70,3,10,150,4,0.0
71,3,10,150,4,0.0
72,3,10,150,4,0.0
73,3,10,150,4,0.0
74,3,10,150,4,0.0
75,3,10,150,4,0.0
76,3,10,150,4,0.0
77,3,10,150,4,0.3903800499921017
78,3,10,150,4,0.0
79,3,10,150,4,0.0
80,3,10,150,4,0.0
81,3,10,150,4,0.0
82,3,10,150,4,0.0
83,3,10,150,4,0.0
84,3,10,150,4,0.0
85,3,10,150,4,0.24630238874073
86,3,10,150,4,0.0
87,3,10,150,4,0.0
88,3,10,150,4,0.0
89,3,10,150,4,0.3903800499921017
90,3,10,150,4,0.24630238874073
91,3,10,150,4,0.0
92,3,10,150,4,0.0
93,3,10,150,4,0.0
94,3,10,150,4,0.3903800499921017
95,3,10,150,4,0.0
96,3,10,150,4,0.0
97,3,10,150,4,0.0
98,3,10,150,4,0.0
99,3,10,150,4,0.0
100,3,10,150,4,0.0
101,3,10,150,4,0.0
102,3,10,150,4,0.0
103,3,10,150,4,0.0
104,3,10,150,4,0.19519002499605084
106,3,10,150,4,0.0
107,3,10,150,4,0.0
108,3,10,150,4,0.0
109,3,10,150,4,0.0
110,3,10,150,4,0.0
111,3,10,150,4,0.0
112,3,10,150,4,0.0
113,3,10,150,4,0.0
114,3,10,150,4,0.0
115,3,10,150,4,0.0
116,3,10,150,4,0.0
117,3,10,150,4,0.0
118,3,10,150,4,0.0
119,3,10,150,4,0.0
121,3,10,150,4,0.0
122,3,10,150,4,0.0
123,3,10,150,4,0.46927872602275644
124,3,10,150,4,0.0
125,3,10,150,4,0.19519002499605084
126,3,10,150,4,0.0
127,3,10,150,4,0.0
128,3,10,150,4,0.0
129,3,10,150,4,0.0
130,3,10,150,4,0.0
131,3,10,150,4,0.19519002499605084
132,3,10,150,4,0.0
133,3,10,150,4,0.0
134,3,10,150,4,0.0
135,3,10,150,4,0.0
136,3,10,150,4,0.16812753627111746
137,3,10,150,4,0.0
138,3,10,150,4,0.0
139,3,10,150,4,0.0
140,3,10,150,4,0.0
141,3,10,150,4,0.3903800499921017
142,3,10,150,4,0.3903800499921017
143,3,10,150,4,0.0
144,3,10,150,4,0.0
145,3,10,150,4,0.0
146,3,10,150,4,0.0
147,3,10,150,4,0.0
148,3,10,150,4,0.0
149,3,10,150,4,0.0
150,3,10,150,4,0.0
151,3,10,150,4,0.0
152,3,10,150,4,0.0
153,3,10,150,4,0.0
154,3,10,150,4,0.0
155,3,10,150,4,0.0
156,3,10,150,4,0.0
157,3,10,150,4,0.0
158,3,10,150,4,0.19519002499605084
159,3,10,150,4,0.19519002499605084
160,3,10,150,4,0.0
161,3,10,150,4,0.0
162,3,10,150,4,0.0
163,3,10,150,4,0.0
164,3,10,150,4,0.0
165,3,10,150,4,0.0
166,3,10,150,4,0.0
167,3,10,150,4,0.0
168,3,10,150,4,0.0
169,3,10,150,4,0.0
170,3,10,150,4,0.0
171,3,10,150,4,0.0
172,3,10,150,4,0.0
173,3,10,150,4,0.0
174,3,10,150,4,0.0
175,3,10,150,4,0.24630238874073
176,3,10,150,4,0.0
177,3,10,150,4,0.0
178,3,10,150,4,0.0
179,3,10,150,4,0.0
180,3,10,150,4,0.0
181,3,10,150,4,0.0
182,3,10,150,4,0.0
183,3,10,150,4,0.0
184,3,10,150,4,0.0
185,3,10,150,4,0.0
186,3,10,150,4,0.0
187,3,10,150,4,0.0
188,3,10,150,4,0.0
189,3,10,150,4,0.3903800499921017
190,3,10,150,4,0.0
191,3,10,150,4,0.0
192,3,10,150,4,0.0
193,3,10,150,4,0.0
194,3,10,150,4,0.0
195,3,10,150,4,0.0
196,3,10,150,4,0.24630238874073
197,3,10,150,4,0.0
198,3,10,150,4,0.36331756126716835
199,3,10,150,4,0.0
200,3,10,150,4,0.0
201,3,10,150,4,0.6366824387328317
202,3,10,150,4,0.0
203,3,10,150,4,0.0
204,3,10,150,4,0.0
205,3,10,150,4,0.0
206,3,10,150,4,0.0
207,3,10,150,4,0.0
208,3,10,150,4,0.0
209,3,10,150,4,0.0
210,3,10,150,4,0.0
211,3,10,150,4,0.0
212,3,10,150,4,0.0
213,3,10,150,4,0.0
214,3,10,150,4,0.0
215,3,10,150,4,0.19519002499605084
216,3,10,150,4,0.16812753627111746
217,3,10,150,4,0.0
218,3,10,150,4,0.0
219,3,10,150,4,0.0
220,3,10,150,4,0.0
221,3,10,150,4,0.19519002499605084
222,3,10,150,4,0.0
223,3,10,150,4,0.0
224,3,10,150,4,0.0
225,3,10,150,4,0.0
226,3,10,150,4,0.0
227,3,10,150,4,0.0
229,3,10,150,4,0.0
230,3,10,150,4,0.0
231,3,10,150,4,0.0
232,3,10,150,4,0.0
233,3,10,150,4,0.0
234,3,10,150,4,0.3903800499921017
235,3,10,150,4,0.0
236,3,10,150,4,0.0
237,3,10,150,4,0.0
238,3,10,150,4,0.0
239,3,10,150,4,0.0
240,3,10,150,4,0.0
241,3,10,150,4,0.0
242,3,10,150,4,0.0
243,3,10,150,4,0.0
244,3,10,150,4,0.3903800499921017
245,3,10,150,4,0.0
246,3,10,150,4,0.0
247,3,10,150,4,0.0
248,3,10,150,4,0.16812753627111746
249,3,10,150,4,0.3903800499921017
250,3,10,150,4,0.0
251,3,10,150,4,0.0
252,3,10,150,4,0.0
253,3,10,150,4,0.0
254,3,10,150,4,0.0
255,3,10,150,4,0.0
256,3,10,150,4,0.0
257,3,10,150,4,0.0
258,3,10,150,4,0.0
259,3,10,150,4,0.0
260,3,10,150,4,0.0
261,3,10,150,4,0.0
262,3,10,150,4,0.0
263,3,10,150,4,0.3903800499921017
264,3,10,150,4,0.3903800499921017
265,3,10,150,4,0.0
266,3,10,150,4,0.0
267,3,10,150,4,0.0
268,3,10,150,4,0.0
269,3,10,150,4,0.0
270,3,10,150,4,0.0
271,3,10,150,4,0.0
272,3,10,150,4,0.0
273,3,10,150,4,0.0
274,3,10,150,4,0.0
275,3,10,150,4,0.0
276,3,10,150,4,0.5585075862632192
277,3,10,150,4,0.0
278,3,10,150,4,0.0
279,3,10,150,4,0.24630238874073
280,3,10,150,4,0.19519002499605084
281,3,10,150,4,0.0
282,3,10,150,4,0.0
283,3,10,150,4,0.0
284,3,10,150,4,0.0
285,3,10,150,4,0.0
286,3,10,150,4,0.0
287,3,10,150,4,0.0
288,3,10,150,4,0.0
289,3,10,150,4,0.0
290,3,10,150,4,0.16812753627111746
291,3,10,150,4,0.3903800499921017
292,3,10,150,4,0.0
293,3,10,150,4,0.0
294,3,10,150,4,0.0
295,3,10,150,4,0.0
296,3,10,150,4,0.0
297,3,10,150,4,0.0
298,3,10,150,4,0.0
299,3,10,150,4,0.16812753627111746
300,3,10,150,4,0.0
301,3,10,150,4,0.3903800499921017
302,3,10,150,4,0.0
303,3,10,150,4,0.36331756126716835
304,3,10,150,4,0.0
305,3,10,150,4,0.0
306,3,10,150,4,0.0
307,3,10,150,4,0.0
308,3,10,150,4,0.16812753627111746
309,3,10,150,4,0.0
310,3,10,150,4,0.0
311,3,10,150,4,0.36331756126716835
312,3,10,150,4,0.16812753627111746
313,3,10,150,4,0.0
314,3,10,150,4,0.19519002499605084
315,3,10,150,4,0.0
316,3,10,150,4,0.0
317,3,10,150,4,0.0
318,3,10,150,4,0.0
319,3,10,150,4,0.0
320,3,10,150,4,0.0
321,3,10,150,4,0.0
322,3,10,150,4,0.0
323,3,10,150,4,0.16812753627111746
324,3,10,150,4,0.0
325,3,10,150,4,0.0
326,3,10,150,4,0.0
327,3,10,150,4,0.0
328,3,10,150,4,0.19519002499605084
329,3,10,150,4,0.0
330,3,10,150,4,0.3903800499921017
331,3,10,150,4,0.0
332,3,10,150,4,0.0
333,3,10,150,4,0.0
334,3,10,150,4,0.5585075862632192
335,3,10,150,4,0.0
336,3,10,150,4,0.0
337,3,10,150,4,0.0
338,3,10,150,4,0.0
339,3,10,150,4,0.0
340,3,10,150,4,0.19519002499605084
341,3,10,150,4,0.0
342,3,10,150,4,0.0
343,3,10,150,4,0.6366824387328317
344,3,10,150,4,0.0
345,3,10,150,4,0.3903800499921017
346,3,10,150,4,0.0
347,3,10,150,4,0.0
348,3,10,150,4,0.0
349,3,10,150,4,0.0
350,3,10,150,4,0.16812753627111746
351,3,10,150,4,0.0
352,3,10,150,4,0.0
353,3,10,150,4,0.0
354,3,10,150,4,0.0
355,3,10,150,4,0.0
356,3,10,150,4,0.0
357,3,10,150,4,0.0
358,3,10,150,4,0.3903800499921017
359,3,10,150,4,0.0
360,3,10,150,4,0.16812753627111746
361,3,10,150,4,0.0
362,3,10,150,4,0.0
363,3,10,150,4,0.5585075862632192
364,3,10,150,4,0.0
365,3,10,150,4,0.0
366,3,10,150,4,0.0
367,3,10,150,4,0.19519002499605084
368,3,10,150,4,0.0
369,3,10,150,4,0.0
370,3,10,150,4,0.0
371,3,10,150,4,0.0
372,3,10,150,4,0.16812753627111746
373,3,10,150,4,0.19519002499605084
374,3,10,150,4,0.3903800499921017
375,3,10,150,4,0.0
376,3,10,150,4,0.0
377,3,10,150,4,0.0
378,3,10,150,4,0.0
379,3,10,150,4,0.0
380,3,10,150,4,0.0
381,3,10,150,4,0.0
382,3,10,150,4,0.0
383,3,10,150,4,0.0
384,3,10,150,4,0.0
385,3,10,150,4,0.24630238874073
386,3,10,150,4,0.0
387,3,10,150,4,0.0
388,3,10,150,4,0.0
389,3,10,150,4,0.16812753627111746
390,3,10,150,4,0.24630238874073
391,3,10,150,4,0.5855700749881525
392,3,10,150,4,0.0
393,3,10,150,4,0.3903800499921017
394,3,10,150,4,0.0
395,3,10,150,4,0.0
396,3,10,150,4,0.0
397,3,10,150,4,0.0
398,3,10,150,4,0.0
399,3,10,150,4,0.0
400,3,10,150,4,0.0
401,3,10,150,4,0.0
402,3,10,150,4,0.75369761125927
403,3,10,150,4,0.0
404,3,10,150,4,0.0
405,3,10,150,4,0.6366824387328317
406,3,10,150,4,0.3903800499921017
407,3,10,150,4,0.16812753627111746
408,3,10,150,4,0.0
409,3,10,150,4,0.24630238874073
410,3,10,150,4,0.0
411,3,10,150,4,0.0
412,3,10,150,4,0.0
413,3,10,150,4,0.16812753627111746
414,3,10,150,4,0.0
415,3,10,150,4,0.0
416,3,10,150,4,0.24630238874073
417,3,10,150,4,0.0
418,3,10,150,4,0.0
419,3,10,150,4,0.16812753627111746
420,3,10,150,4,0.0
421,3,10,150,4,0.0
422,3,10,150,4,0.0
423,3,10,150,4,0.0
424,3,10,150,4,0.0
425,3,10,150,4,0.0
426,3,10,150,4,0.0
427,3,10,150,4,0.0
428,3,10,150,4,0.0
429,3,10,150,4,0.19519002499605084
430,3,10,150,4,0.0
431,3,10,150,4,0.0
432,3,10,150,4,0.0
433,3,10,150,4,0.0
434,3,10,150,4,0.3903800499921017
435,3,10,150,4,0.5585075862632192
436,3,10,150,4,0.19519002499605084
437,3,10,150,4,0.0
438,3,10,150,4,0.0
439,3,10,150,4,0.0
440,3,10,150,4,0.0
441,3,10,150,4,0.0
442,3,10,150,4,0.19519002499605084
443,3,10,150,4,0.0
444,3,10,150,4,0.19519002499605084
445,3,10,150,4,0.0
446,3,10,150,4,0.0
447,3,10,150,4,0.0
448,3,10,150,4,0.0
449,3,10,150,4,0.0
450,3,10,150,4,0.16812753627111746
451,3,10,150,4,0.0
452,3,10,150,4,0.0
453,3,10,150,4,0.44149241373678083
454,3,10,150,4,0.0
455,3,10,150,4,0.5855700749881525
456,3,10,150,4,0.3903800499921017
457,3,10,150,4,1.0
458,3,10,150,4,0.0
459,3,10,150,4,0.0
460,3,10,150,4,0.0
461,3,10,150,4,0.0
462,3,10,150,4,0.0
463,3,10,150,4,0.24630238874073
464,3,10,150,4,0.0
465,3,10,150,4,0.19519002499605084
466,3,10,150,4,0.0
467,3,10,150,4,0.0
468,3,10,150,4,0.5585075862632192
469,3,10,150,4,0.0
470,3,10,150,4,0.0
471,3,10,150,4,0.0
472,3,10,150,4,0.3903800499921017
473,3,10,150,4,0.0
474,3,10,150,4,0.44149241373678083
475,3,10,150,4,0.0
476,3,10,150,4,0.24630238874073
477,3,10,150,4,0.0
478,3,10,150,4,0.6366824387328317
479,3,10,150,4,0.0
480,3,10,150,4,0.0
481,3,10,150,4,0.0
482,3,10,150,4,0.0
483,3,10,150,4,0.0
484,3,10,150,4,0.3903800499921017
485,3,10,150,4,0.0
486,3,10,150,4,0.0
487,3,10,150,4,0.0
488,3,10,150,4,0.24630238874073
489,3,10,150,4,0.0
490,3,10,150,4,0.19519002499605084
491,3,10,150,4,0.0
492,3,10,150,4,0.0
493,3,10,150,4,0.5585075862632192
494,3,10,150,4,0.0
495,3,10,150,4,0.19519002499605084
496,3,10,150,4,0.0
497,3,10,150,4,0.0
498,3,10,150,4,0.0
499,3,10,150,4,0.16812753627111746
500,3,10,150,4,0.16812753627111746
501,3,10,150,4,0.0
502,3,10,150,4,0.0
503,3,10,150,4,0.3903800499921017
504,3,10,150,4,0.0
505,3,10,150,4,0.0
506,3,10,150,4,0.0
507,3,10,150,4,0.0
508,3,10,150,4,0.16812753627111746
509,3,10,150,4,0.0
510,3,10,150,4,0.0
511,3,10,150,4,0.0
512,3,10,150,4,0.0
513,3,10,150,4,0.0
514,3,10,150,4,0.16812753627111746
515,3,10,150,4,0.0
516,3,10,150,4,0.0
517,3,10,150,4,0.0
518,3,10,150,4,0.0
519,3,10,150,4,0.0
520,3,10,150,4,0.0
521,3,10,150,4,0.3903800499921017
522,3,10,150,4,0.19519002499605084
523,3,10,150,4,0.3903800499921017
524,3,10,150,4,0.0
525,3,10,150,4,0.0
526,3,10,150,4,0.0
527,3,10,150,4,0.3903800499921017
528,3,10,150,4,0.0
529,3,10,150,4,0.0
530,3,10,150,4,0.0
531,3,10,150,4,0.0
532,3,10,150,4,0.5585075862632192
533,3,10,150,4,0.5855700749881525
534,3,10,150,4,0.0
535,3,10,150,4,0.44149241373678083
536,3,10,150,4,0.0
537,3,10,150,4,0.0
538,3,10,150,4,0.24630238874073
539,3,10,150,4,0.0
540,3,10,150,4,0.0
541,3,10,150,4,0.0
542,3,10,150,4,0.19519002499605084
543,3,10,150,4,0.0
544,3,10,150,4,0.0
545,3,10,150,4,0.3903800499921017
546,3,10,150,4,0.0
547,3,10,150,4,0.0
548,3,10,150,4,0.16812753627111746
549,3,10,150,4,0.0
550,3,10,150,4,0.16812753627111746
551,3,10,150,4,0.6096199500078984
552,3,10,150,4,0.0
553,3,10,150,4,0.0
554,3,10,150,4,0.0
555,3,10,150,4,0.0
556,3,10,150,4,0.24630238874073
557,3,10,150,4,0.0
558,3,10,150,4,0.24630238874073
559,3,10,150,4,0.0
560,3,10,150,4,0.0
561,3,10,150,4,0.36331756126716835
562,3,10,150,4,0.0
563,3,10,150,4,0.0
564,3,10,150,4,0.0
565,3,10,150,4,0.0
566,3,10,150,4,0.24630238874073
567,3,10,150,4,0.44149241373678083
568,3,10,150,4,0.0
569,3,10,150,4,0.0
570,3,10,150,4,0.0
571,3,10,150,4,0.0
572,3,10,150,4,0.3903800499921017
573,3,10,150,4,0.0
574,3,10,150,4,0.0
575,3,10,150,4,0.0
576,3,10,150,4,0.0
577,3,10,150,4,0.5585075862632192
578,3,10,150,4,0.0
579,3,10,150,4,0.0
580,3,10,150,4,0.0
581,3,10,150,4,0.0
582,3,10,150,4,0.19519002499605084
583,3,10,150,4,0.0
584,3,10,150,4,0.0
585,3,10,150,4,0.0
586,3,10,150,4,0.0
587,3,10,150,4,0.0
588,3,10,150,4,0.3903800499921017
589,3,10,150,4,0.0
590,3,10,150,4,0.24630238874073
591,3,10,150,4,0.0
592,3,10,150,4,0.6096199500078984
593,3,10,150,4,0.19519002499605084
594,3,10,150,4,0.0
595,3,10,150,4,0.0
596,3,10,150,4,0.0
597,3,10,150,4,0.0
598,3,10,150,4,0.0
599,3,10,150,4,0.0
600,3,10,150,4,0.24630238874073
601,3,10,150,4,0.6366824387328317
602,3,10,150,4,0.0
603,3,10,150,4,0.16812753627111746
604,3,10,150,4,0.0
605,3,10,150,4,0.19519002499605084
606,3,10,150,4,0.44149241373678083
607,3,10,150,4,0.0
608,3,10,150,4,0.3903800499921017
609,3,10,150,4,0.0
610,3,10,150,4,0.0
611,3,10,150,4,0.0
612,3,10,150,4,0.0
613,3,10,150,4,0.0
614,3,10,150,4,0.3903800499921017
615,3,10,150,4,0.0
616,3,10,150,4,0.0
617,3,10,150,4,0.0
618,3,10,150,4,0.3903800499921017
619,3,10,150,4,0.0
620,3,10,150,4,0.3903800499921017
621,3,10,150,4,0.0
622,3,10,150,4,0.36331756126716835
623,3,10,150,4,0.0
624,3,10,150,4,0.0
625,3,10,150,4,0.19519002499605084
626,3,10,150,4,0.0
627,3,10,150,4,0.3903800499921017
628,3,10,150,4,0.0
629,3,10,150,4,0.24630238874073
630,3,10,150,4,0.0
631,3,10,150,4,0.0
632,3,10,150,4,0.0
633,3,10,150,4,0.0
634,3,10,150,4,0.19519002499605084
635,3,10,150,4,0.0
636,3,10,150,4,0.3903800499921017
637,3,10,150,4,0.0
638,3,10,150,4,0.0
639,3,10,150,4,0.0
640,3,10,150,4,0.19519002499605084
641,3,10,150,4,0.0
642,3,10,150,4,0.5855700749881525
643,3,10,150,4,0.8318724637288826
644,3,10,150,4,0.0
645,3,10,150,4,0.0
646,3,10,150,4,0.24630238874073
647,3,10,150,4,0.0
648,3,10,150,4,0.0
649,3,10,150,4,0.0
650,3,10,150,4,0.5585075862632192
651,3,10,150,4,0.0
652,3,10,150,4,0.0
653,3,10,150,4,0.5585075862632192
654,3,10,150,4,0.16812753627111746
655,3,10,150,4,0.0
656,3,10,150,4,0.0
657,3,10,150,4,0.3903800499921017
658,3,10,150,4,0.0
659,3,10,150,4,0.0
660,3,10,150,4,0.0
661,3,10,150,4,0.0
662,3,10,150,4,0.0
663,3,10,150,4,0.44149241373678083
664,3,10,150,4,0.44149241373678083
665,3,10,150,4,0.19519002499605084
666,3,10,150,4,0.0
667,3,10,150,4,0.0
668,3,10,150,4,0.0
669,3,10,150,4,0.44149241373678083
670,3,10,150,4,0.0
671,3,10,150,4,0.3903800499921017
672,3,10,150,4,0.0
673,3,10,150,4,0.0
674,3,10,150,4,0.0
675,3,10,150,4,0.0
676,3,10,150,4,0.3903800499921017
677,3,10,150,4,0.0
678,3,10,150,4,0.0
679,3,10,150,4,0.0
680,3,10,150,4,0.0
681,3,10,150,4,0.0
682,3,10,150,4,0.8048099750039491
683,3,10,150,4,0.0
684,3,10,150,4,0.0
685,3,10,150,4,0.0
686,3,10,150,4,0.0
687,3,10,150,4,0.0
688,3,10,150,4,0.0
689,3,10,150,4,0.5855700749881525
690,3,10,150,4,0.75369761125927
691,3,10,150,4,0.6366824387328317
692,3,10,150,4,0.0
693,3,10,150,4,0.16812753627111746
694,3,10,150,4,0.0
695,3,10,150,4,0.0
696,3,10,150,4,0.0
697,3,10,150,4,0.0
698,3,10,150,4,0.0
699,3,10,150,4,0.0
700,3,10,150,4,0.0
701,3,10,150,4,0.0
702,3,10,150,4,0.0
703,3,10,150,4,0.24630238874073
704,3,10,150,4,0.0
705,3,10,150,4,0.6366824387328317
706,3,10,150,4,0.0
707,3,10,150,4,0.6096199500078984
708,3,10,150,4,0.0
709,3,10,150,4,0.0
710,3,10,150,4,0.4144299250118475
711,3,10,150,4,0.19519002499605084
712,3,10,150,4,0.0
713,3,10,150,4,0.0
714,3,10,150,4,0.16812753627111746
715,3,10,150,4,0.3903800499921017
716,3,10,150,4,0.3903800499921017
717,3,10,150,4,0.0
718,3,10,150,4,0.0
719,3,10,150,4,0.0
720,3,10,150,4,0.0
721,3,10,150,4,0.0
722,3,10,150,4,0.0
723,3,10,150,4,0.0
724,3,10,150,4,0.0
725,3,10,150,4,0.0
726,3,10,150,4,0.0
727,3,10,150,4,0.0
728,3,10,150,4,0.0
729,3,10,150,4,0.0
730,3,10,150,4,0.0
731,3,10,150,4,0.24630238874073
732,3,10,150,4,0.0
733,3,10,150,4,0.0
734,3,10,150,4,0.0
735,3,10,150,4,0.0
736,3,10,150,4,0.0
737,3,10,150,4,0.0
738,3,10,150,4,0.0
739,3,10,150,4,0.0
740,3,10,150,4,0.0
741,3,10,150,4,0.0
742,3,10,150,4,0.0
743,3,10,150,4,0.0
744,3,10,150,4,0.0
745,3,10,150,4,0.0
746,3,10,150,4,0.16812753627111746
747,3,10,150,4,0.16812753627111746
748,3,10,150,4,0.0
749,3,10,150,4,0.3903800499921017
750,3,10,150,4,0.0
751,3,10,150,4,0.0
752,3,10,150,4,0.0
753,3,10,150,4,0.0
754,3,10,150,4,0.0
755,3,10,150,4,0.0
756,3,10,150,4,0.16812753627111746
757,3,10,150,4,0.24630238874073
758,3,10,150,4,0.19519002499605084
759,3,10,150,4,0.0
760,3,10,150,4,0.0
761,3,10,150,4,0.0
762,3,10,150,4,0.0
763,3,10,150,4,0.0
764,3,10,150,4,0.0
765,3,10,150,4,0.0
766,3,10,150,4,0.0
767,3,10,150,4,0.0
768,3,10,150,4,0.0
769,3,10,150,4,0.0
770,3,10,150,4,0.3903800499921017
771,3,10,150,4,0.0
772,3,10,150,4,0.0
773,3,10,150,4,0.3903800499921017
774,3,10,150,4,0.0
775,3,10,150,4,0.0
776,3,10,150,4,0.0
777,3,10,150,4,0.0
778,3,10,150,4,0.24630238874073
779,3,10,150,4,0.0
780,3,10,150,4,0.0
781,3,10,150,4,0.0
782,3,10,150,4,0.0
783,3,10,150,4,0.0
784,3,10,150,4,0.0
785,3,10,150,4,0.19519002499605084
786,3,10,150,4,0.0
787,3,10,150,4,0.0
788,3,10,150,4,0.0
789,3,10,150,4,0.0
790,3,10,150,4,0.24630238874073
791,3,10,150,4,0.0
792,3,10,150,4,0.0
793,3,10,150,4,0.0
794,3,10,150,4,0.0
795,3,10,150,4,0.24630238874073
796,3,10,150,4,0.0
797,3,10,150,4,0.0
798,3,10,150,4,0.0
799,3,10,150,4,0.0
800,3,10,150,4,0.0
801,3,10,150,4,0.0
802,3,10,150,4,0.0
803,3,10,150,4,0.0
804,3,10,150,4,0.6366824387328317
805,3,10,150,4,0.3903800499921017
806,3,10,150,4,0.0
807,3,10,150,4,0.3903800499921017
808,3,10,150,4,0.0
809,3,10,150,4,0.0
810,3,10,150,4,0.0
811,3,10,150,4,0.0
812,3,10,150,4,0.0
813,3,10,150,4,0.0
814,3,10,150,4,0.0
815,3,10,150,4,0.0
816,3,10,150,4,0.0
817,3,10,150,4,0.0
818,3,10,150,4,0.0
819,3,10,150,4,0.0
820,3,10,150,4,0.0
821,3,10,150,4,0.0
822,3,10,150,4,0.0
823,3,10,150,4,0.0
824,3,10,150,4,0.0
825,3,10,150,4,0.4144299250118475
826,3,10,150,4,0.0
827,3,10,150,4,0.0
828,3,10,150,4,0.0
829,3,10,150,4,0.0
830,3,10,150,4,0.0
831,3,10,150,4,0.0
832,3,10,150,4,0.0
833,3,10,150,4,0.0
834,3,10,150,4,0.0
835,3,10,150,4,0.0
836,3,10,150,4,0.0
837,3,10,150,4,0.0
838,3,10,150,4,0.0
839,3,10,150,4,0.0
840,3,10,150,4,0.0
841,3,10,150,4,0.0
842,3,10,150,4,0.0
843,3,10,150,4,0.0
844,3,10,150,4,0.0
845,3,10,150,4,0.0
846,3,10,150,4,0.0
847,3,10,150,4,0.0
848,3,10,150,4,0.0
849,3,10,150,4,0.0
850,3,10,150,4,0.0
851,3,10,150,4,0.3903800499921017
852,3,10,150,4,0.0
853,3,10,150,4,0.0
854,3,10,150,4,0.0
855,3,10,150,4,0.0
856,3,10,150,4,0.0
857,3,10,150,4,0.0
858,3,10,150,4,0.0
859,3,10,150,4,0.0
860,3,10,150,4,0.0
861,3,10,150,4,0.0
862,3,10,150,4,0.0
863,3,10,150,4,0.0
864,3,10,150,4,0.0
865,3,10,150,4,0.0
866,3,10,150,4,0.0
867,3,10,150,4,0.0
868,3,10,150,4,0.0
870,3,10,150,4,0.0
871,3,10,150,4,0.0
872,3,10,150,4,0.0
875,3,10,150,4,0.0
876,3,10,150,4,0.0
877,3,10,150,4,0.0
1,3,10,150,5,1.0
2,3,10,150,5,0.0
3,3,10,150,5,0.0
4,3,10,150,5,0.0
5,3,10,150,5,0.0
6,3,10,150,5,0.16958010263680806
7,3,10,150,5,0.3391602052736161
8,3,10,150,5,0.0
9,3,10,150,5,0.0
10,3,10,150,5,0.16958010263680806
11,3,10,150,5,0.0
12,3,10,150,5,0.0
13,3,10,150,5,0.14606834984270645
14,3,10,150,5,0.0
15,3,10,150,5,0.0
16,3,10,150,5,0.13120507751234178
17,3,10,150,5,0.0
18,3,10,150,5,0.21398626473452756
19,3,10,150,5,0.0
20,3,10,150,5,0.0
21,3,10,150,5,0.0
22,3,10,150,5,0.0
23,3,10,150,5,0.3391602052736161
24,3,10,150,5,0.13120507751234178
25,3,10,150,5,0.0
26,3,10,150,5,0.0
28,3,10,150,5,0.0
29,3,10,150,5,0.0
30,3,10,150,5,0.0
31,3,10,150,5,0.0
32,3,10,150,5,0.0
33,3,10,150,5,0.0
34,3,10,150,5,0.0
35,3,10,150,5,0.0
37,3,10,150,5,0.0
38,3,10,150,5,0.0
39,3,10,150,5,0.0
40,3,10,150,5,0.0
41,3,10,150,5,0.0
42,3,10,150,5,0.0
43,3,10,150,5,0.48522855511632257
44,3,10,150,5,0.0
45,3,10,150,5,0.0
46,3,10,150,5,0.0
47,3,10,150,5,0.0
48,3,10,150,5,0.0
49,3,10,150,5,0.0
50,3,10,150,5,0.0
51,3,10,150,5,0.0
52,3,10,150,5,0.0
53,3,10,150,5,0.0
54,3,10,150,5,0.0
55,3,10,150,5,0.0
56,3,10,150,5,0.0
57,3,10,150,5,0.0
58,3,10,150,5,0.0
59,3,10,150,5,0.14606834984270645
60,3,10,150,5,0.13120507751234178
61,3,10,150,5,0.0
62,3,10,150,5,0.0
63,3,10,150,5,0.0
64,3,10,150,5,0.0
65,3,10,150,5,0.3391602052736161
66,3,10,150,5,0.0
67,3,10,150,5,0.0
68,3,10,150,5,0.0
69,3,10,150,5,0.0
70,3,10,150,5,0.0
71,3,10,150,5,0.0
72,3,10,150,5,0.13120507751234178
73,3,10,150,5,0.0
74,3,10,150,5,0.0
75,3,10,150,5,0.0
76,3,10,150,5,0.0
77,3,10,150,5,0.3391602052736161
78,3,10,150,5,0.0
79,3,10,150,5,0.0
80,3,10,150,5,0.0
81,3,10,150,5,0.0
82,3,10,150,5,0.0
83,3,10,150,5,0.0
84,3,10,150,5,0.0
85,3,10,150,5,0.21398626473452756
86,3,10,150,5,0.0
87,3,10,150,5,0.0
88,3,10,150,5,0.0
89,3,10,150,5,0.3391602052736161
90,3,10,150,5,0.21398626473452756
91,3,10,150,5,0.13120507751234178
92,3,10,150,5,0.0
93,3,10,150,5,0.0
94,3,10,150,5,0.3391602052736161
95,3,10,150,5,0.0
96,3,10,150,5,0.0
97,3,10,150,5,0.0
98,3,10,150,5,0.0
99,3,10,150,5,0.0
100,3,10,150,5,0.0
101,3,10,150,5,0.0
102,3,10,150,5,0.0
103,3,10,150,5,0.0
104,3,10,150,5,0.16958010263680806
106,3,10,150,5,0.0
107,3,10,150,5,0.0
108,3,10,150,5,0.0
109,3,10,150,5,0.0
110,3,10,150,5,0.0
111,3,10,150,5,0.0
112,3,10,150,5,0.0
113,3,10,150,5,0.0
114,3,10,150,5,0.0
115,3,10,150,5,0.0
116,3,10,150,5,0.0
117,3,10,150,5,0.0
118,3,10,150,5,0.0
119,3,10,150,5,0.0
121,3,10,150,5,0.0
122,3,10,150,5,0.0
123,3,10,150,5,0.46927872602275644
124,3,10,150,5,0.0
125,3,10,150,5,0.16958010263680806
126,3,10,150,5,0.0
127,3,10,150,5,0.0
128,3,10,150,5,0.0
129,3,10,150,5,0.0
130,3,10,150,5,0.0
131,3,10,150,5,0.19519002499605084
132,3,10,150,5,0.0
133,3,10,150,5,0.0
134,3,10,150,5,0.0
135,3,10,150,5,0.0
136,3,10,150,5,0.14606834984270645
137,3,10,150,5,0.0
138,3,10,150,5,0.0
139,3,10,150,5,0.0
140,3,10,150,5,0.0
141,3,10,150,5,0.3391602052736161
142,3,10,150,5,0.3391602052736161
143,3,10,150,5,0.0
144,3,10,150,5,0.13120507751234178
145,3,10,150,5,0.0
146,3,10,150,5,0.0
147,3,10,150,5,0.0
148,3,10,150,5,0.0
149,3,10,150,5,0.0
150,3,10,150,5,0.0
151,3,10,150,5,0.0
152,3,10,150,5,0.0
153,3,10,150,5,0.0
154,3,10,150,5,0.0
155,3,10,150,5,0.0
156,3,10,150,5,0.0
157,3,10,150,5,0.0
158,3,10,150,5,0.16958010263680806
159,3,10,150,5,0.16958010263680806
160,3,10,150,5,0.0
161,3,10,150,5,0.0
162,3,10,150,5,0.0
163,3,10,150,5,0.0
164,3,10,150,5,0.0
165,3,10,150,5,0.0
166,3,10,150,5,0.0
167,3,10,150,5,0.0
168,3,10,150,5,0.0
169,3,10,150,5,0.0
170,3,10,150,5,0.0
171,3,10,150,5,0.0
172,3,10,150,5,0.0
173,3,10,150,5,0.0
174,3,10,150,5,0.0
175,3,10,150,5,0.21398626473452756
176,3,10,150,5,0.0
177,3,10,150,5,0.0
178,3,10,150,5,0.13120507751234178
179,3,10,150,5,0.0
180,3,10,150,5,0.0
181,3,10,150,5,0.0
182,3,10,150,5,0.13120507751234178
183,3,10,150,5,0.0
184,3,10,150,5,0.0
185,3,10,150,5,0.0
186,3,10,150,5,0.0
187,3,10,150,5,0.0
188,3,10,150,5,0.0
189,3,10,150,5,0.3391602052736161
190,3,10,150,5,0.0
191,3,10,150,5,0.0
192,3,10,150,5,0.0
193,3,10,150,5,0.0
194,3,10,150,5,0.0
195,3,10,150,5,0.0
196,3,10,150,5,0.21398626473452756
197,3,10,150,5,0.0
198,3,10,150,5,0.3156484524795145
199,3,10,150,5,0.0
200,3,10,150,5,0.0
201,3,10,150,5,0.6843515475204855
202,3,10,150,5,0.0
203,3,10,150,5,0.0
204,3,10,150,5,0.0
205,3,10,150,5,0.0
206,3,10,150,5,0.0
207,3,10,150,5,0.0
208,3,10,150,5,0.0
209,3,10,150,5,0.0
210,3,10,150,5,0.0
211,3,10,150,5,0.0
212,3,10,150,5,0.0
213,3,10,150,5,0.0
214,3,10,150,5,0.0
215,3,10,150,5,0.16958010263680806
216,3,10,150,5,0.14606834984270645
217,3,10,150,5,0.0
218,3,10,150,5,0.0
219,3,10,150,5,0.0
220,3,10,150,5,0.0
221,3,10,150,5,0.16958010263680806
222,3,10,150,5,0.13120507751234178
223,3,10,150,5,0.0
224,3,10,150,5,0.0
225,3,10,150,5,0.0
226,3,10,150,5,0.0
227,3,10,150,5,0.0
229,3,10,150,5,0.0
230,3,10,150,5,0.0
231,3,10,150,5,0.0
232,3,10,150,5,0.0
233,3,10,150,5,0.13120507751234178
234,3,10,150,5,0.3391602052736161
235,3,10,150,5,0.0
236,3,10,150,5,0.0
237,3,10,150,5,0.0
238,3,10,150,5,0.0
239,3,10,150,5,0.0
240,3,10,150,5,0.0
241,3,10,150,5,0.0
242,3,10,150,5,0.0
243,3,10,150,5,0.0
244,3,10,150,5,0.3391602052736161
245,3,10,150,5,0.0
246,3,10,150,5,0.0
247,3,10,150,5,0.0
248,3,10,150,5,0.14606834984270645
249,3,10,150,5,0.3391602052736161
250,3,10,150,5,0.0
251,3,10,150,5,0.0
252,3,10,150,5,0.0
253,3,10,150,5,0.0
254,3,10,150,5,0.0
255,3,10,150,5,0.0
256,3,10,150,5,0.0
257,3,10,150,5,0.0
258,3,10,150,5,0.0
259,3,10,150,5,0.0
260,3,10,150,5,0.0
261,3,10,150,5,0.0
262,3,10,150,5,0.0
263,3,10,150,5,0.3391602052736161
264,3,10,150,5,0.3391602052736161
265,3,10,150,5,0.0
266,3,10,150,5,0.0
267,3,10,150,5,0.0
268,3,10,150,5,0.0
269,3,10,150,5,0.0
270,3,10,150,5,0.0
271,3,10,150,5,0.0
272,3,10,150,5,0.0
273,3,10,150,5,0.0
274,3,10,150,5,0.0
275,3,10,150,5,0.0
276,3,10,150,5,0.48522855511632257
277,3,10,150,5,0.0
278,3,10,150,5,0.0
279,3,10,150,5,0.21398626473452756
280,3,10,150,5,0.16958010263680806
281,3,10,150,5,0.0
282,3,10,150,5,0.0
283,3,10,150,5,0.0
284,3,10,150,5,0.0
285,3,10,150,5,0.0
286,3,10,150,5,0.0
287,3,10,150,5,0.0
288,3,10,150,5,0.0
289,3,10,150,5,0.0
290,3,10,150,5,0.14606834984270645
291,3,10,150,5,0.3391602052736161
292,3,10,150,5,0.13120507751234178
293,3,10,150,5,0.0
294,3,10,150,5,0.0
295,3,10,150,5,0.0
296,3,10,150,5,0.13120507751234178
297,3,10,150,5,0.0
298,3,10,150,5,0.0
299,3,10,150,5,0.14606834984270645
300,3,10,150,5,0.0
301,3,10,150,5,0.3391602052736161
302,3,10,150,5,0.0
303,3,10,150,5,0.3156484524795145
304,3,10,150,5,0.0
305,3,10,150,5,0.0
306,3,10,150,5,0.0
307,3,10,150,5,0.0
308,3,10,150,5,0.14606834984270645
309,3,10,150,5,0.0
310,3,10,150,5,0.0
311,3,10,150,5,0.3156484524795145
312,3,10,150,5,0.14606834984270645
313,3,10,150,5,0.0
314,3,10,150,5,0.16958010263680806
315,3,10,150,5,0.13120507751234178
316,3,10,150,5,0.0
317,3,10,150,5,0.0
318,3,10,150,5,0.0
319,3,10,150,5,0.0
320,3,10,150,5,0.0
321,3,10,150,5,0.0
322,3,10,150,5,0.0
323,3,10,150,5,0.14606834984270645
324,3,10,150,5,0.0
325,3,10,150,5,0.0
326,3,10,150,5,0.0
327,3,10,150,5,0.0
328,3,10,150,5,0.16958010263680806
329,3,10,150,5,0.0
330,3,10,150,5,0.3391602052736161
331,3,10,150,5,0.0
332,3,10,150,5,0.0
333,3,10,150,5,0.0
334,3,10,150,5,0.48522855511632257
335,3,10,150,5,0.0
336,3,10,150,5,0.0
337,3,10,150,5,0.0
338,3,10,150,5,0.0
339,3,10,150,5,0.0
340,3,10,150,5,0.16958010263680806
341,3,10,150,5,0.0
342,3,10,150,5,0.0
343,3,10,150,5,0.5531464700081437
344,3,10,150,5,0.0
345,3,10,150,5,0.3391602052736161
346,3,10,150,5,0.0
347,3,10,150,5,0.0
348,3,10,150,5,0.0
349,3,10,150,5,0.0
350,3,10,150,5,0.14606834984270645
351,3,10,150,5,0.0
352,3,10,150,5,0.0
353,3,10,150,5,0.0
354,3,10,150,5,0.0
355,3,10,150,5,0.0
356,3,10,150,5,0.0
357,3,10,150,5,0.0
358,3,10,150,5,0.3391602052736161
359,3,10,150,5,0.0
360,3,10,150,5,0.14606834984270645
361,3,10,150,5,0.0
362,3,10,150,5,0.0
363,3,10,150,5,0.48522855511632257
364,3,10,150,5,0.0
365,3,10,150,5,0.0
366,3,10,150,5,0.0
367,3,10,150,5,0.16958010263680806
368,3,10,150,5,0.0
369,3,10,150,5,0.0
370,3,10,150,5,0.0
371,3,10,150,5,0.0
372,3,10,150,5,0.14606834984270645
373,3,10,150,5,0.30078518014914984
374,3,10,150,5,0.3391602052736161
375,3,10,150,5,0.0
376,3,10,150,5,0.0
377,3,10,150,5,0.0
378,3,10,150,5,0.0
379,3,10,150,5,0.0
380,3,10,150,5,0.0
381,3,10,150,5,0.0
382,3,10,150,5,0.0
383,3,10,150,5,0.0
384,3,10,150,5,0.0
385,3,10,150,5,0.21398626473452756
386,3,10,150,5,0.0
387,3,10,150,5,0.0
388,3,10,150,5,0.0
389,3,10,150,5,0.14606834984270645
390,3,10,150,5,0.21398626473452756
391,3,10,150,5,0.5087403079104241
392,3,10,150,5,0.0
393,3,10,150,5,0.3391602052736161
394,3,10,150,5,0.0
395,3,10,150,5,0.0
396,3,10,150,5,0.0
397,3,10,150,5,0.0
398,3,10,150,5,0.0
399,3,10,150,5,0.0
400,3,10,150,5,0.0
401,3,10,150,5,0.0
402,3,10,150,5,0.6548086577531307
403,3,10,150,5,0.0
404,3,10,150,5,0.0
405,3,10,150,5,0.5531464700081437
406,3,10,150,5,0.3391602052736161
407,3,10,150,5,0.14606834984270645
408,3,10,150,5,0.0
409,3,10,150,5,0.21398626473452756
410,3,10,150,5,0.0
411,3,10,150,5,0.0
412,3,10,150,5,0.0
413,3,10,150,5,0.14606834984270645
414,3,10,150,5,0.0
415,3,10,150,5,0.0
416,3,10,150,5,0.34519134224686937
417,3,10,150,5,0.0
418,3,10,150,5,0.0
419,3,10,150,5,0.14606834984270645
420,3,10,150,5,0.0
421,3,10,150,5,0.0
422,3,10,150,5,0.0
423,3,10,150,5,0.0
424,3,10,150,5,0.0
425,3,10,150,5,0.0
426,3,10,150,5,0.0
427,3,10,150,5,0.0
428,3,10,150,5,0.0
429,3,10,150,5,0.16958010263680806
430,3,10,150,5,0.0
431,3,10,150,5,0.0
432,3,10,150,5,0.0
433,3,10,150,5,0.0
434,3,10,150,5,0.3391602052736161
435,3,10,150,5,0.48522855511632257
436,3,10,150,5,0.16958010263680806
437,3,10,150,5,0.0
438,3,10,150,5,0.0
439,3,10,150,5,0.0
440,3,10,150,5,0.0
441,3,10,150,5,0.0
442,3,10,150,5,0.16958010263680806
443,3,10,150,5,0.0
444,3,10,150,5,0.19519002499605084
445,3,10,150,5,0.0
446,3,10,150,5,0.0
447,3,10,150,5,0.0
448,3,10,150,5,0.0
449,3,10,150,5,0.0
450,3,10,150,5,0.14606834984270645
451,3,10,150,5,0.0
452,3,10,150,5,0.0
453,3,10,150,5,0.38356636737133565
454,3,10,150,5,0.0
455,3,10,150,5,0.639945385422766
456,3,10,150,5,0.3391602052736161
457,3,10,150,5,1.0
458,3,10,150,5,0.13120507751234178
459,3,10,150,5,0.0
460,3,10,150,5,0.0
461,3,10,150,5,0.0
462,3,10,150,5,0.0
463,3,10,150,5,0.21398626473452756
464,3,10,150,5,0.0
465,3,10,150,5,0.16958010263680806
466,3,10,150,5,0.13120507751234178
467,3,10,150,5,0.0
468,3,10,150,5,0.48522855511632257
469,3,10,150,5,0.0
470,3,10,150,5,0.0
471,3,10,150,5,0.0
472,3,10,150,5,0.4703652827859579
473,3,10,150,5,0.0
474,3,10,150,5,0.5147714448836774
475,3,10,150,5,0.0
476,3,10,150,5,0.21398626473452756
477,3,10,150,5,0.0
478,3,10,150,5,0.5531464700081437
479,3,10,150,5,0.0
480,3,10,150,5,0.0
481,3,10,150,5,0.0
482,3,10,150,5,0.0
483,3,10,150,5,0.0
484,3,10,150,5,0.3391602052736161
485,3,10,150,5,0.0
486,3,10,150,5,0.0
487,3,10,150,5,0.0
488,3,10,150,5,0.21398626473452756
489,3,10,150,5,0.0
490,3,10,150,5,0.16958010263680806
491,3,10,150,5,0.0
492,3,10,150,5,0.0
493,3,10,150,5,0.48522855511632257
494,3,10,150,5,0.0
495,3,10,150,5,0.16958010263680806
496,3,10,150,5,0.0
497,3,10,150,5,0.13120507751234178
498,3,10,150,5,0.0
499,3,10,150,5,0.14606834984270645
500,3,10,150,5,0.14606834984270645
501,3,10,150,5,0.0
502,3,10,150,5,0.0
503,3,10,150,5,0.3391602052736161
504,3,10,150,5,0.13120507751234178
505,3,10,150,5,0.0
506,3,10,150,5,0.0
507,3,10,150,5,0.0
508,3,10,150,5,0.14606834984270645
509,3,10,150,5,0.0
510,3,10,150,5,0.0
511,3,10,150,5,0.0
512,3,10,150,5,0.0
513,3,10,150,5,0.0
514,3,10,150,5,0.14606834984270645
515,3,10,150,5,0.0
516,3,10,150,5,0.0
517,3,10,150,5,0.0
518,3,10,150,5,0.0
519,3,10,150,5,0.0
520,3,10,150,5,0.0
521,3,10,150,5,0.3391602052736161
522,3,10,150,5,0.16958010263680806
523,3,10,150,5,0.3391602052736161
524,3,10,150,5,0.0
525,3,10,150,5,0.0
526,3,10,150,5,0.0
527,3,10,150,5,0.3391602052736161
528,3,10,150,5,0.0
529,3,10,150,5,0.0
530,3,10,150,5,0.0
531,3,10,150,5,0.0
532,3,10,150,5,0.48522855511632257
533,3,10,150,5,0.5087403079104241
534,3,10,150,5,0.13120507751234178
535,3,10,150,5,0.38356636737133565
536,3,10,150,5,0.0
537,3,10,150,5,0.0
538,3,10,150,5,0.21398626473452756
539,3,10,150,5,0.0
540,3,10,150,5,0.0
541,3,10,150,5,0.0
542,3,10,150,5,0.16958010263680806
543,3,10,150,5,0.0
544,3,10,150,5,0.0
545,3,10,150,5,0.3391602052736161
546,3,10,150,5,0.0
547,3,10,150,5,0.0
548,3,10,150,5,0.14606834984270645
549,3,10,150,5,0.0
550,3,10,150,5,0.14606834984270645
551,3,10,150,5,0.5296347172140421
552,3,10,150,5,0.0
553,3,10,150,5,0.13120507751234178
554,3,10,150,5,0.0
555,3,10,150,5,0.0
556,3,10,150,5,0.21398626473452756
557,3,10,150,5,0.0
558,3,10,150,5,0.21398626473452756
559,3,10,150,5,0.0
560,3,10,150,5,0.0
561,3,10,150,5,0.3156484524795145
562,3,10,150,5,0.0
563,3,10,150,5,0.0
564,3,10,150,5,0.0
565,3,10,150,5,0.13120507751234178
566,3,10,150,5,0.21398626473452756
567,3,10,150,5,0.5147714448836774
568,3,10,150,5,0.0
569,3,10,150,5,0.0
570,3,10,150,5,0.0
571,3,10,150,5,0.0
572,3,10,150,5,0.3391602052736161
573,3,10,150,5,0.0
574,3,10,150,5,0.0
575,3,10,150,5,0.0
576,3,10,150,5,0.0
577,3,10,150,5,0.48522855511632257
578,3,10,150,5,0.0
579,3,10,150,5,0.0
580,3,10,150,5,0.0
581,3,10,150,5,0.0
582,3,10,150,5,0.16958010263680806
583,3,10,150,5,0.0
584,3,10,150,5,0.0
585,3,10,150,5,0.13120507751234178
586,3,10,150,5,0.13120507751234178
587,3,10,150,5,0.0
588,3,10,150,5,0.3391602052736161
589,3,10,150,5,0.0
590,3,10,150,5,0.21398626473452756
591,3,10,150,5,0.0
592,3,10,150,5,0.5296347172140421
593,3,10,150,5,0.16958010263680806
594,3,10,150,5,0.0
595,3,10,150,5,0.0
596,3,10,150,5,0.0
597,3,10,150,5,0.0
598,3,10,150,5,0.0
599,3,10,150,5,0.0
600,3,10,150,5,0.21398626473452756
601,3,10,150,5,0.5531464700081437
602,3,10,150,5,0.0
603,3,10,150,5,0.14606834984270645
604,3,10,150,5,0.0
605,3,10,150,5,0.16958010263680806
606,3,10,150,5,0.38356636737133565
607,3,10,150,5,0.0
608,3,10,150,5,0.3391602052736161
609,3,10,150,5,0.0
610,3,10,150,5,0.0
611,3,10,150,5,0.0
612,3,10,150,5,0.0
613,3,10,150,5,0.0
614,3,10,150,5,0.3391602052736161
615,3,10,150,5,0.0
616,3,10,150,5,0.0
617,3,10,150,5,0.0
618,3,10,150,5,0.3391602052736161
619,3,10,150,5,0.0
620,3,10,150,5,0.4703652827859579
621,3,10,150,5,0.0
622,3,10,150,5,0.4468535299918563
623,3,10,150,5,0.0
624,3,10,150,5,0.0
625,3,10,150,5,0.16958010263680806
626,3,10,150,5,0.0
627,3,10,150,5,0.3391602052736161
628,3,10,150,5,0.0
629,3,10,150,5,0.34519134224686937
630,3,10,150,5,0.13120507751234178
631,3,10,150,5,0.0
632,3,10,150,5,0.0
633,3,10,150,5,0.0
634,3,10,150,5,0.16958010263680806
635,3,10,150,5,0.0
636,3,10,150,5,0.3391602052736161
637,3,10,150,5,0.0
638,3,10,150,5,0.0
639,3,10,150,5,0.0
640,3,10,150,5,0.16958010263680806
641,3,10,150,5,0.0
642,3,10,150,5,0.5087403079104241
643,3,10,150,5,0.7227265726449519
644,3,10,150,5,0.0
645,3,10,150,5,0.0
646,3,10,150,5,0.21398626473452756
647,3,10,150,5,0.0
648,3,10,150,5,0.13120507751234178
649,3,10,150,5,0.0
650,3,10,150,5,0.48522855511632257
651,3,10,150,5,0.0
652,3,10,150,5,0.0
653,3,10,150,5,0.48522855511632257
654,3,10,150,5,0.14606834984270645
655,3,10,150,5,0.13120507751234178
656,3,10,150,5,0.0
657,3,10,150,5,0.3391602052736161
658,3,10,150,5,0.13120507751234178
659,3,10,150,5,0.13120507751234178
660,3,10,150,5,0.0
661,3,10,150,5,0.0
662,3,10,150,5,0.0
663,3,10,150,5,0.38356636737133565
664,3,10,150,5,0.5147714448836774
665,3,10,150,5,0.16958010263680806
666,3,10,150,5,0.13120507751234178
667,3,10,150,5,0.0
668,3,10,150,5,0.0
669,3,10,150,5,0.38356636737133565
670,3,10,150,5,0.0
671,3,10,150,5,0.3391602052736161
672,3,10,150,5,0.0
673,3,10,150,5,0.0
674,3,10,150,5,0.0
675,3,10,150,5,0.0
676,3,10,150,5,0.4703652827859579
677,3,10,150,5,0.0
678,3,10,150,5,0.0
679,3,10,150,5,0.0
680,3,10,150,5,0.0
681,3,10,150,5,0.0
682,3,10,150,5,0.830419897363192
683,3,10,150,5,0.0
684,3,10,150,5,0.0
685,3,10,150,5,0.0
686,3,10,150,5,0.0
687,3,10,150,5,0.0
688,3,10,150,5,0.0
689,3,10,150,5,0.5087403079104241
690,3,10,150,5,0.6548086577531307
691,3,10,150,5,0.5531464700081437
692,3,10,150,5,0.0
693,3,10,150,5,0.14606834984270645
694,3,10,150,5,0.0
695,3,10,150,5,0.0
696,3,10,150,5,0.0
697,3,10,150,5,0.0
698,3,10,150,5,0.0
699,3,10,150,5,0.0
700,3,10,150,5,0.0
701,3,10,150,5,0.0
702,3,10,150,5,0.0
703,3,10,150,5,0.21398626473452756
704,3,10,150,5,0.0
705,3,10,150,5,0.5531464700081437
706,3,10,150,5,0.0
707,3,10,150,5,0.5296347172140421
708,3,10,150,5,0.0
709,3,10,150,5,0.0
710,3,10,150,5,0.36005461457723403
711,3,10,150,5,0.30078518014914984
712,3,10,150,5,0.0
713,3,10,150,5,0.0
714,3,10,150,5,0.14606834984270645
715,3,10,150,5,0.3391602052736161
716,3,10,150,5,0.3391602052736161
717,3,10,150,5,0.13120507751234178
718,3,10,150,5,0.0
719,3,10,150,5,0.0
720,3,10,150,5,0.0
721,3,10,150,5,0.0
722,3,10,150,5,0.0
723,3,10,150,5,0.0
724,3,10,150,5,0.0
725,3,10,150,5,0.0
726,3,10,150,5,0.0
727,3,10,150,5,0.0
728,3,10,150,5,0.0
729,3,10,150,5,0.0
730,3,10,150,5,0.0
731,3,10,150,5,0.21398626473452756
732,3,10,150,5,0.0
733,3,10,150,5,0.0
734,3,10,150,5,0.0
735,3,10,150,5,0.0
736,3,10,150,5,0.0
737,3,10,150,5,0.0
738,3,10,150,5,0.0
739,3,10,150,5,0.0
740,3,10,150,5,0.0
741,3,10,150,5,0.0
742,3,10,150,5,0.0
743,3,10,150,5,0.0
744,3,10,150,5,0.0
745,3,10,150,5,0.0
746,3,10,150,5,0.27727342735504823
747,3,10,150,5,0.14606834984270645
748,3,10,150,5,0.13120507751234178
749,3,10,150,5,0.3391602052736161
750,3,10,150,5,0.0
751,3,10,150,5,0.0
752,3,10,150,5,0.0
753,3,10,150,5,0.0
754,3,10,150,5,0.0
755,3,10,150,5,0.0
756,3,10,150,5,0.14606834984270645
757,3,10,150,5,0.21398626473452756
758,3,10,150,5,0.16958010263680806
759,3,10,150,5,0.0
760,3,10,150,5,0.0
761,3,10,150,5,0.0
762,3,10,150,5,0.0
763,3,10,150,5,0.0
764,3,10,150,5,0.0
765,3,10,150,5,0.0
766,3,10,150,5,0.0
767,3,10,150,5,0.0
768,3,10,150,5,0.0
769,3,10,150,5,0.0
770,3,10,150,5,0.3391602052736161
771,3,10,150,5,0.0
772,3,10,150,5,0.0
773,3,10,150,5,0.3391602052736161
774,3,10,150,5,0.0
775,3,10,150,5,0.0
776,3,10,150,5,0.0
777,3,10,150,5,0.0
778,3,10,150,5,0.21398626473452756
779,3,10,150,5,0.0
780,3,10,150,5,0.13120507751234178
781,3,10,150,5,0.0
782,3,10,150,5,0.0
783,3,10,150,5,0.0
784,3,10,150,5,0.0
785,3,10,150,5,0.16958010263680806
786,3,10,150,5,0.13120507751234178
787,3,10,150,5,0.0
788,3,10,150,5,0.0
789,3,10,150,5,0.0
790,3,10,150,5,0.21398626473452756
791,3,10,150,5,0.0
792,3,10,150,5,0.0
793,3,10,150,5,0.13120507751234178
794,3,10,150,5,0.13120507751234178
795,3,10,150,5,0.21398626473452756
796,3,10,150,5,0.0
797,3,10,150,5,0.0
798,3,10,150,5,0.0
799,3,10,150,5,0.0
800,3,10,150,5,0.0
801,3,10,150,5,0.0
802,3,10,150,5,0.0
803,3,10,150,5,0.0
804,3,10,150,5,0.5531464700081437
805,3,10,150,5,0.3391602052736161
806,3,10,150,5,0.0
807,3,10,150,5,0.3391602052736161
808,3,10,150,5,0.0
809,3,10,150,5,0.0
810,3,10,150,5,0.0
811,3,10,150,5,0.0
812,3,10,150,5,0.0
813,3,10,150,5,0.0
814,3,10,150,5,0.0
815,3,10,150,5,0.0
816,3,10,150,5,0.0
817,3,10,150,5,0.0
818,3,10,150,5,0.0
819,3,10,150,5,0.0
820,3,10,150,5,0.0
821,3,10,150,5,0.0
822,3,10,150,5,0.0
823,3,10,150,5,0.0
824,3,10,150,5,0.0
825,3,10,150,5,0.36005461457723403
826,3,10,150,5,0.0
827,3,10,150,5,0.0
828,3,10,150,5,0.0
829,3,10,150,5,0.0
830,3,10,150,5,0.0
831,3,10,150,5,0.0
832,3,10,150,5,0.0
833,3,10,150,5,0.0
834,3,10,150,5,0.0
835,3,10,150,5,0.0
836,3,10,150,5,0.0
837,3,10,150,5,0.0
838,3,10,150,5,0.0
839,3,10,150,5,0.0
840,3,10,150,5,0.0
841,3,10,150,5,0.0
842,3,10,150,5,0.0
843,3,10,150,5,0.0
844,3,10,150,5,0.0
845,3,10,150,5,0.0
846,3,10,150,5,0.0
847,3,10,150,5,0.0
848,3,10,150,5,0.0
849,3,10,150,5,0.0
850,3,10,150,5,0.0
851,3,10,150,5,0.3391602052736161
852,3,10,150,5,0.0
853,3,10,150,5,0.0
854,3,10,150,5,0.0
855,3,10,150,5,0.0
856,3,10,150,5,0.0
857,3,10,150,5,0.0
858,3,10,150,5,0.0
859,3,10,150,5,0.0
860,3,10,150,5,0.0
861,3,10,150,5,0.0
862,3,10,150,5,0.0
863,3,10,150,5,0.0
864,3,10,150,5,0.0
865,3,10,150,5,0.0
866,3,10,150,5,0.0
867,3,10,150,5,0.13120507751234178
868,3,10,150,5,0.0
870,3,10,150,5,0.0
871,3,10,150,5,0.0
872,3,10,150,5,0.0
875,3,10,150,5,0.0
876,3,10,150,5,0.0
877,3,10,150,5,0.0
1,3,10,150,6,1.0
2,3,10,150,6,0.0
3,3,10,150,6,0.0
4,3,10,150,6,0.0
5,3,10,150,6,0.0
6,3,10,150,6,0.15130120674940672
7,3,10,150,6,0.30260241349881345
8,3,10,150,6,0.0
9,3,10,150,6,0.0
10,3,10,150,6,0.15130120674940672
11,3,10,150,6,0.0
12,3,10,150,6,0.0
13,3,10,150,6,0.13032376591037062
14,3,10,150,6,0.0
15,3,10,150,6,0.0
16,3,10,150,6,0.11706259313796354
17,3,10,150,6,0.0
18,3,10,150,6,0.19092086617893467
19,3,10,150,6,0.0
20,3,10,150,6,0.0
21,3,10,150,6,0.0
22,3,10,150,6,0.0
23,3,10,150,6,0.30260241349881345
24,3,10,150,6,0.11706259313796354
25,3,10,150,6,0.0
26,3,10,150,6,0.0
28,3,10,150,6,0.0
29,3,10,150,6,0.0
30,3,10,150,6,0.10778915452451093
31,3,10,150,6,0.0
32,3,10,150,6,0.0
33,3,10,150,6,0.0
34,3,10,150,6,0.0
35,3,10,150,6,0.0
37,3,10,150,6,0.0
38,3,10,150,6,0.0
39,3,10,150,6,0.0
40,3,10,150,6,0.0
41,3,10,150,6,0.0
42,3,10,150,6,0.0
43,3,10,150,6,0.4329261794091841
44,3,10,150,6,0.0
45,3,10,150,6,0.0
46,3,10,150,6,0.0
47,3,10,150,6,0.0
48,3,10,150,6,0.0
49,3,10,150,6,0.10778915452451093
50,3,10,150,6,0.0
51,3,10,150,6,0.10778915452451093
52,3,10,150,6,0.0
53,3,10,150,6,0.0
54,3,10,150,6,0.0
55,3,10,150,6,0.0
56,3,10,150,6,0.10778915452451093
57,3,10,150,6,0.0
58,3,10,150,6,0.0
59,3,10,150,6,0.13032376591037062
60,3,10,150,6,0.11706259313796354
61,3,10,150,6,0.0
62,3,10,150,6,0.0
63,3,10,150,6,0.0
64,3,10,150,6,0.0
65,3,10,150,6,0.30260241349881345
66,3,10,150,6,0.0
67,3,10,150,6,0.0
68,3,10,150,6,0.0
69,3,10,150,6,0.0
70,3,10,150,6,0.0
71,3,10,150,6,0.0
72,3,10,150,6,0.22485174766247445
73,3,10,150,6,0.0
74,3,10,150,6,0.0
75,3,10,150,6,0.0
76,3,10,150,6,0.0
77,3,10,150,6,0.30260241349881345
78,3,10,150,6,0.0
79,3,10,150,6,0.0
80,3,10,150,6,0.0
81,3,10,150,6,0.0
82,3,10,150,6,0.0
83,3,10,150,6,0.0
84,3,10,150,6,0.0
85,3,10,150,6,0.19092086617893467
86,3,10,150,6,0.0
87,3,10,150,6,0.0
88,3,10,150,6,0.0
89,3,10,150,6,0.30260241349881345
90,3,10,150,6,0.19092086617893467
91,3,10,150,6,0.11706259313796354
92,3,10,150,6,0.0
93,3,10,150,6,0.0
94,3,10,150,6,0.30260241349881345
95,3,10,150,6,0.10778915452451093
96,3,10,150,6,0.0
97,3,10,150,6,0.0
98,3,10,150,6,0.0
99,3,10,150,6,0.0
100,3,10,150,6,0.0
101,3,10,150,6,0.0
102,3,10,150,6,0.0
103,3,10,150,6,0.0
104,3,10,150,6,0.15130120674940672
106,3,10,150,6,0.0
107,3,10,150,6,0.0
108,3,10,150,6,0.0
109,3,10,150,6,0.0
110,3,10,150,6,0.0
111,3,10,150,6,0.0
112,3,10,150,6,0.0
113,3,10,150,6,0.0
114,3,10,150,6,0.0
115,3,10,150,6,0.0
116,3,10,150,6,0.0
117,3,10,150,6,0.0
118,3,10,150,6,0.0
119,3,10,150,6,0.0
121,3,10,150,6,0.0
122,3,10,150,6,0.0
123,3,10,150,6,0.46927872602275644
124,3,10,150,6,0.0
125,3,10,150,6,0.15130120674940672
126,3,10,150,6,0.0
127,3,10,150,6,0.0
128,3,10,150,6,0.0
129,3,10,150,6,0.0
130,3,10,150,6,0.0
131,3,10,150,6,0.19519002499605084
132,3,10,150,6,0.0
133,3,10,150,6,0.0
134,3,10,150,6,0.0
135,3,10,150,6,0.0
136,3,10,150,6,0.26687965254220064
137,3,10,150,6,0.0
138,3,10,150,6,0.0
139,3,10,150,6,0.0
140,3,10,150,6,0.0
141,3,10,150,6,0.30260241349881345
142,3,10,150,6,0.30260241349881345
143,3,10,150,6,0.0
144,3,10,150,6,0.11706259313796354
145,3,10,150,6,0.0
146,3,10,150,6,0.0
147,3,10,150,6,0.0
148,3,10,150,6,0.0
149,3,10,150,6,0.0
150,3,10,150,6,0.0
151,3,10,150,6,0.0
152,3,10,150,6,0.0
153,3,10,150,6,0.0
154,3,10,150,6,0.0
155,3,10,150,6,0.0
156,3,10,150,6,0.0
157,3,10,150,6,0.0
158,3,10,150,6,0.15130120674940672
159,3,10,150,6,0.15130120674940672
160,3,10,150,6,0.0
161,3,10,150,6,0.0
162,3,10,150,6,0.0
163,3,10,150,6,0.0
164,3,10,150,6,0.0
165,3,10,150,6,0.0
166,3,10,150,6,0.0
167,3,10,150,6,0.0
168,3,10,150,6,0.0
169,3,10,150,6,0.0
170,3,10,150,6,0.0
171,3,10,150,6,0.0
172,3,10,150,6,0.0
173,3,10,150,6,0.0
174,3,10,150,6,0.0
175,3,10,150,6,0.2987100207034456
176,3,10,150,6,0.0
177,3,10,150,6,0.0
178,3,10,150,6,0.22485174766247445
179,3,10,150,6,0.0
180,3,10,150,6,0.0
181,3,10,150,6,0.0
182,3,10,150,6,0.13120507751234178
183,3,10,150,6,0.0
184,3,10,150,6,0.0
185,3,10,150,6,0.0
186,3,10,150,6,0.0
187,3,10,150,6,0.0
188,3,10,150,6,0.0
189,3,10,150,6,0.30260241349881345
190,3,10,150,6,0.0
191,3,10,150,6,0.0
192,3,10,150,6,0.0
193,3,10,150,6,0.0
194,3,10,150,6,0.10778915452451093
195,3,10,150,6,0.0
196,3,10,150,6,0.19092086617893467
197,3,10,150,6,0.0
198,3,10,150,6,0.2816249726597774
199,3,10,150,6,0.0
200,3,10,150,6,0.0
201,3,10,150,6,0.6105858728157117
202,3,10,150,6,0.0
203,3,10,150,6,0.0
204,3,10,150,6,0.0
205,3,10,150,6,0.0
206,3,10,150,6,0.0
207,3,10,150,6,0.0
208,3,10,150,6,0.0
209,3,10,150,6,0.0
210,3,10,150,6,0.0
211,3,10,150,6,0.0
212,3,10,150,6,0.0
213,3,10,150,6,0.0
214,3,10,150,6,0.0
215,3,10,150,6,0.15130120674940672
216,3,10,150,6,0.13032376591037062
217,3,10,150,6,0.0
218,3,10,150,6,0.0
219,3,10,150,6,0.0
220,3,10,150,6,0.0
221,3,10,150,6,0.15130120674940672
222,3,10,150,6,0.22485174766247445
223,3,10,150,6,0.0
224,3,10,150,6,0.0
225,3,10,150,6,0.0
226,3,10,150,6,0.0
227,3,10,150,6,0.0
229,3,10,150,6,0.0
230,3,10,150,6,0.0
231,3,10,150,6,0.0
232,3,10,150,6,0.0
233,3,10,150,6,0.11706259313796354
234,3,10,150,6,0.30260241349881345
235,3,10,150,6,0.0
236,3,10,150,6,0.0
237,3,10,150,6,0.0
238,3,10,150,6,0.0
239,3,10,150,6,0.0
240,3,10,150,6,0.0
241,3,10,150,6,0.0
242,3,10,150,6,0.0
243,3,10,150,6,0.0
244,3,10,150,6,0.30260241349881345
245,3,10,150,6,0.0
246,3,10,150,6,0.0
247,3,10,150,6,0.0
248,3,10,150,6,0.13032376591037062
249,3,10,150,6,0.30260241349881345
250,3,10,150,6,0.0
251,3,10,150,6,0.0
252,3,10,150,6,0.0
253,3,10,150,6,0.0
254,3,10,150,6,0.0
255,3,10,150,6,0.0
256,3,10,150,6,0.0
257,3,10,150,6,0.0
258,3,10,150,6,0.0
259,3,10,150,6,0.0
260,3,10,150,6,0.0
261,3,10,150,6,0.0
262,3,10,150,6,0.0
263,3,10,150,6,0.30260241349881345
264,3,10,150,6,0.30260241349881345
265,3,10,150,6,0.0
266,3,10,150,6,0.0
267,3,10,150,6,0.0
268,3,10,150,6,0.0
269,3,10,150,6,0.0
270,3,10,150,6,0.0
271,3,10,150,6,0.0
272,3,10,150,6,0.0
273,3,10,150,6,0.0
274,3,10,150,6,0.0
275,3,10,150,6,0.0
276,3,10,150,6,0.4329261794091841
277,3,10,150,6,0.0
278,3,10,150,6,0.0
279,3,10,150,6,0.19092086617893467
280,3,10,150,6,0.15130120674940672
281,3,10,150,6,0.0
282,3,10,150,6,0.0
283,3,10,150,6,0.0
284,3,10,150,6,0.0
285,3,10,150,6,0.0
286,3,10,150,6,0.0
287,3,10,150,6,0.0
288,3,10,150,6,0.0
289,3,10,150,6,0.0
290,3,10,150,6,0.13032376591037062
291,3,10,150,6,0.30260241349881345
292,3,10,150,6,0.22485174766247445
293,3,10,150,6,0.10778915452451093
294,3,10,150,6,0.0
295,3,10,150,6,0.0
296,3,10,150,6,0.11706259313796354
297,3,10,150,6,0.0
298,3,10,150,6,0.0
299,3,10,150,6,0.13032376591037062
300,3,10,150,6,0.0
301,3,10,150,6,0.30260241349881345
302,3,10,150,6,0.0
303,3,10,150,6,0.2816249726597774
304,3,10,150,6,0.0
305,3,10,150,6,0.0
306,3,10,150,6,0.0
307,3,10,150,6,0.0
308,3,10,150,6,0.13032376591037062
309,3,10,150,6,0.0
310,3,10,150,6,0.0
311,3,10,150,6,0.2816249726597774
312,3,10,150,6,0.13032376591037062
313,3,10,150,6,0.0
314,3,10,150,6,0.15130120674940672
315,3,10,150,6,0.11706259313796354
316,3,10,150,6,0.0
317,3,10,150,6,0.0
318,3,10,150,6,0.0
319,3,10,150,6,0.0
320,3,10,150,6,0.0
321,3,10,150,6,0.0
322,3,10,150,6,0.0
323,3,10,150,6,0.13032376591037062
324,3,10,150,6,0.0
325,3,10,150,6,0.0
326,3,10,150,6,0.10778915452451093
327,3,10,150,6,0.0
328,3,10,150,6,0.25909036127391766
329,3,10,150,6,0.0
330,3,10,150,6,0.30260241349881345
331,3,10,150,6,0.0
332,3,10,150,6,0.0
333,3,10,150,6,0.0
334,3,10,150,6,0.4329261794091841
335,3,10,150,6,0.0
336,3,10,150,6,0.0
337,3,10,150,6,0.0
338,3,10,150,6,0.0
339,3,10,150,6,0.0
340,3,10,150,6,0.15130120674940672
341,3,10,150,6,0.0
342,3,10,150,6,0.0
343,3,10,150,6,0.4935232796777481
344,3,10,150,6,0.0
345,3,10,150,6,0.30260241349881345
346,3,10,150,6,0.0
347,3,10,150,6,0.0
348,3,10,150,6,0.0
349,3,10,150,6,0.0
350,3,10,150,6,0.13032376591037062
351,3,10,150,6,0.0
352,3,10,150,6,0.0
353,3,10,150,6,0.0
354,3,10,150,6,0.0
355,3,10,150,6,0.0
356,3,10,150,6,0.0
357,3,10,150,6,0.0
358,3,10,150,6,0.30260241349881345
359,3,10,150,6,0.0
360,3,10,150,6,0.13032376591037062
361,3,10,150,6,0.0
362,3,10,150,6,0.0
363,3,10,150,6,0.4329261794091841
364,3,10,150,6,0.0
365,3,10,150,6,0.0
366,3,10,150,6,0.0
367,3,10,150,6,0.15130120674940672
368,3,10,150,6,0.0
369,3,10,150,6,0.0
370,3,10,150,6,0.0
371,3,10,150,6,0.0
372,3,10,150,6,0.13032376591037062
373,3,10,150,6,0.26836379988737025
374,3,10,150,6,0.30260241349881345
375,3,10,150,6,0.0
376,3,10,150,6,0.0
377,3,10,150,6,0.0
378,3,10,150,6,0.10778915452451093
379,3,10,150,6,0.10778915452451093
380,3,10,150,6,0.0
381,3,10,150,6,0.0
382,3,10,150,6,0.0
383,3,10,150,6,0.0
384,3,10,150,6,0.0
385,3,10,150,6,0.19092086617893467
386,3,10,150,6,0.0
387,3,10,150,6,0.0
388,3,10,150,6,0.0
389,3,10,150,6,0.13032376591037062
390,3,10,150,6,0.21398626473452756
391,3,10,150,6,0.4539036202482202
392,3,10,150,6,0.0
393,3,10,150,6,0.4103915680233244
394,3,10,150,6,0.0
395,3,10,150,6,0.0
396,3,10,150,6,0.0
397,3,10,150,6,0.0
398,3,10,150,6,0.0
399,3,10,150,6,0.0
400,3,10,150,6,0.0
401,3,10,150,6,0.0
402,3,10,150,6,0.5842273861585908
403,3,10,150,6,0.0
404,3,10,150,6,0.0
405,3,10,150,6,0.4935232796777481
406,3,10,150,6,0.4103915680233244
407,3,10,150,6,0.13032376591037062
408,3,10,150,6,0.0
409,3,10,150,6,0.19092086617893467
410,3,10,150,6,0.0
411,3,10,150,6,0.0
412,3,10,150,6,0.0
413,3,10,150,6,0.13032376591037062
414,3,10,150,6,0.0
415,3,10,150,6,0.0
416,3,10,150,6,0.3079834593168982
417,3,10,150,6,0.10778915452451093
418,3,10,150,6,0.0
419,3,10,150,6,0.13032376591037062
420,3,10,150,6,0.0
421,3,10,150,6,0.0
422,3,10,150,6,0.0
423,3,10,150,6,0.0
424,3,10,150,6,0.0
425,3,10,150,6,0.0
426,3,10,150,6,0.0
427,3,10,150,6,0.0
428,3,10,150,6,0.0
429,3,10,150,6,0.25909036127391766
430,3,10,150,6,0.0
431,3,10,150,6,0.0
432,3,10,150,6,0.0
433,3,10,150,6,0.0
434,3,10,150,6,0.30260241349881345
435,3,10,150,6,0.4329261794091841
436,3,10,150,6,0.15130120674940672
437,3,10,150,6,0.0
438,3,10,150,6,0.0
439,3,10,150,6,0.0
440,3,10,150,6,0.0
441,3,10,150,6,0.0
442,3,10,150,6,0.15130120674940672
443,3,10,150,6,0.0
444,3,10,150,6,0.19519002499605084
445,3,10,150,6,0.0
446,3,10,150,6,0.0
447,3,10,150,6,0.10778915452451093
448,3,10,150,6,0.0
449,3,10,150,6,0.0
450,3,10,150,6,0.13032376591037062
451,3,10,150,6,0.0
452,3,10,150,6,0.0
453,3,10,150,6,0.3422220729283414
454,3,10,150,6,0.0
455,3,10,150,6,0.5709662133861837
456,3,10,150,6,0.30260241349881345
457,3,10,150,6,0.892210845475489
458,3,10,150,6,0.11706259313796354
459,3,10,150,6,0.0
460,3,10,150,6,0.0
461,3,10,150,6,0.10778915452451093
462,3,10,150,6,0.0
463,3,10,150,6,0.2987100207034456
464,3,10,150,6,0.0
465,3,10,150,6,0.15130120674940672
466,3,10,150,6,0.11706259313796354
467,3,10,150,6,0.0
468,3,10,150,6,0.540715333933695
469,3,10,150,6,0.0
470,3,10,150,6,0.0
471,3,10,150,6,0.0
472,3,10,150,6,0.41966500663677697
473,3,10,150,6,0.0
474,3,10,150,6,0.5670738205908158
475,3,10,150,6,0.0
476,3,10,150,6,0.19092086617893467
477,3,10,150,6,0.0
478,3,10,150,6,0.4935232796777481
479,3,10,150,6,0.0
480,3,10,150,6,0.10778915452451093
481,3,10,150,6,0.0
482,3,10,150,6,0.0
483,3,10,150,6,0.0
484,3,10,150,6,0.30260241349881345
485,3,10,150,6,0.0
486,3,10,150,6,0.0
487,3,10,150,6,0.10778915452451093
488,3,10,150,6,0.19092086617893467
489,3,10,150,6,0.0
490,3,10,150,6,0.15130120674940672
491,3,10,150,6,0.0
492,3,10,150,6,0.0
493,3,10,150,6,0.4329261794091841
494,3,10,150,6,0.0
495,3,10,150,6,0.15130120674940672
496,3,10,150,6,0.0
497,3,10,150,6,0.11706259313796354
498,3,10,150,6,0.0
499,3,10,150,6,0.13032376591037062
500,3,10,150,6,0.13032376591037062
501,3,10,150,6,0.0
502,3,10,150,6,0.0
503,3,10,150,6,0.4103915680233244
504,3,10,150,6,0.11706259313796354
505,3,10,150,6,0.0
506,3,10,150,6,0.0
507,3,10,150,6,0.0
508,3,10,150,6,0.13032376591037062
509,3,10,150,6,0.0
510,3,10,150,6,0.0
511,3,10,150,6,0.0
512,3,10,150,6,0.0
513,3,10,150,6,0.0
514,3,10,150,6,0.13032376591037062
515,3,10,150,6,0.0
516,3,10,150,6,0.0
517,3,10,150,6,0.0
518,3,10,150,6,0.0
519,3,10,150,6,0.0
520,3,10,150,6,0.0
521,3,10,150,6,0.30260241349881345
522,3,10,150,6,0.15130120674940672
523,3,10,150,6,0.30260241349881345
524,3,10,150,6,0.0
525,3,10,150,6,0.0
526,3,10,150,6,0.0
527,3,10,150,6,0.30260241349881345
528,3,10,150,6,0.0
529,3,10,150,6,0.0
530,3,10,150,6,0.0
531,3,10,150,6,0.0
532,3,10,150,6,0.4329261794091841
533,3,10,150,6,0.4539036202482202
534,3,10,150,6,0.11706259313796354
535,3,10,150,6,0.3422220729283414
536,3,10,150,6,0.0
537,3,10,150,6,0.0
538,3,10,150,6,0.19092086617893467
539,3,10,150,6,0.0
540,3,10,150,6,0.0
541,3,10,150,6,0.0
542,3,10,150,6,0.15130120674940672
543,3,10,150,6,0.0
544,3,10,150,6,0.0
545,3,10,150,6,0.30260241349881345
546,3,10,150,6,0.0
547,3,10,150,6,0.0
548,3,10,150,6,0.13032376591037062
549,3,10,150,6,0.0
550,3,10,150,6,0.13032376591037062
551,3,10,150,6,0.47254583883871204
552,3,10,150,6,0.0
553,3,10,150,6,0.11706259313796354
554,3,10,150,6,0.0
555,3,10,150,6,0.0
556,3,10,150,6,0.19092086617893467
557,3,10,150,6,0.0
558,3,10,150,6,0.21398626473452756
559,3,10,150,6,0.0
560,3,10,150,6,0.0
561,3,10,150,6,0.2816249726597774
562,3,10,150,6,0.0
563,3,10,150,6,0.0
564,3,10,150,6,0.0
565,3,10,150,6,0.11706259313796354
566,3,10,150,6,0.19092086617893467
567,3,10,150,6,0.4592846660663049
568,3,10,150,6,0.0
569,3,10,150,6,0.0
570,3,10,150,6,0.0
571,3,10,150,6,0.0
572,3,10,150,6,0.30260241349881345
573,3,10,150,6,0.0
574,3,10,150,6,0.0
575,3,10,150,6,0.0
576,3,10,150,6,0.0
577,3,10,150,6,0.4329261794091841
578,3,10,150,6,0.0
579,3,10,150,6,0.0
580,3,10,150,6,0.0
581,3,10,150,6,0.0
582,3,10,150,6,0.15130120674940672
583,3,10,150,6,0.0
584,3,10,150,6,0.0
585,3,10,150,6,0.11706259313796354
586,3,10,150,6,0.22485174766247445
587,3,10,150,6,0.0
588,3,10,150,6,0.30260241349881345
589,3,10,150,6,0.0
590,3,10,150,6,0.19092086617893467
591,3,10,150,6,0.0
592,3,10,150,6,0.47254583883871204
593,3,10,150,6,0.15130120674940672
594,3,10,150,6,0.0
595,3,10,150,6,0.0
596,3,10,150,6,0.0
597,3,10,150,6,0.0
598,3,10,150,6,0.0
599,3,10,150,6,0.0
600,3,10,150,6,0.19092086617893467
601,3,10,150,6,0.4935232796777481
602,3,10,150,6,0.0
603,3,10,150,6,0.13032376591037062
604,3,10,150,6,0.0
605,3,10,150,6,0.15130120674940672
606,3,10,150,6,0.3422220729283414
607,3,10,150,6,0.0
608,3,10,150,6,0.30260241349881345
609,3,10,150,6,0.0
610,3,10,150,6,0.0
611,3,10,150,6,0.0
612,3,10,150,6,0.0
613,3,10,150,6,0.10778915452451093
614,3,10,150,6,0.30260241349881345
615,3,10,150,6,0.0
616,3,10,150,6,0.0
617,3,10,150,6,0.0
618,3,10,150,6,0.30260241349881345
619,3,10,150,6,0.0
620,3,10,150,6,0.41966500663677697
621,3,10,150,6,0.0
622,3,10,150,6,0.5064767203222518
623,3,10,150,6,0.0
624,3,10,150,6,0.0
625,3,10,150,6,0.15130120674940672
626,3,10,150,6,0.0
627,3,10,150,6,0.30260241349881345
628,3,10,150,6,0.0
629,3,10,150,6,0.3079834593168982
630,3,10,150,6,0.11706259313796354
631,3,10,150,6,0.0
632,3,10,150,6,0.0
633,3,10,150,6,0.0
634,3,10,150,6,0.15130120674940672
635,3,10,150,6,0.0
636,3,10,150,6,0.30260241349881345
637,3,10,150,6,0.0
638,3,10,150,6,0.0
639,3,10,150,6,0.0
640,3,10,150,6,0.15130120674940672
641,3,10,150,6,0.0
642,3,10,150,6,0.4539036202482202
643,3,10,150,6,0.644824486427155
644,3,10,150,6,0.0
645,3,10,150,6,0.0
646,3,10,150,6,0.19092086617893467
647,3,10,150,6,0.0
648,3,10,150,6,0.11706259313796354
649,3,10,150,6,0.0
650,3,10,150,6,0.4329261794091841
651,3,10,150,6,0.0
652,3,10,150,6,0.0
653,3,10,150,6,0.4329261794091841
654,3,10,150,6,0.13032376591037062
655,3,10,150,6,0.11706259313796354
656,3,10,150,6,0.0
657,3,10,150,6,0.30260241349881345
658,3,10,150,6,0.11706259313796354
659,3,10,150,6,0.22485174766247445
660,3,10,150,6,0.0
661,3,10,150,6,0.0
662,3,10,150,6,0.0
663,3,10,150,6,0.4500112274528523
664,3,10,150,6,0.5670738205908158
665,3,10,150,6,0.15130120674940672
666,3,10,150,6,0.22485174766247445
667,3,10,150,6,0.0
668,3,10,150,6,0.0
669,3,10,150,6,0.3422220729283414
670,3,10,150,6,0.0
671,3,10,150,6,0.4103915680233244
672,3,10,150,6,0.0
673,3,10,150,6,0.0
674,3,10,150,6,0.0
675,3,10,150,6,0.0
676,3,10,150,6,0.41966500663677697
677,3,10,150,6,0.0
678,3,10,150,6,0.0
679,3,10,150,6,0.0
680,3,10,150,6,0.0
681,3,10,150,6,0.0
682,3,10,150,6,0.8486987932505933
683,3,10,150,6,0.0
684,3,10,150,6,0.10778915452451093
685,3,10,150,6,0.0
686,3,10,150,6,0.10778915452451093
687,3,10,150,6,0.0
688,3,10,150,6,0.0
689,3,10,150,6,0.4539036202482202
690,3,10,150,6,0.5842273861585908
691,3,10,150,6,0.4935232796777481
692,3,10,150,6,0.0
693,3,10,150,6,0.13032376591037062
694,3,10,150,6,0.10778915452451093
695,3,10,150,6,0.0
696,3,10,150,6,0.0
697,3,10,150,6,0.0
698,3,10,150,6,0.0
699,3,10,150,6,0.0
700,3,10,150,6,0.0
701,3,10,150,6,0.0
702,3,10,150,6,0.0
703,3,10,150,6,0.2987100207034456
704,3,10,150,6,0.0
705,3,10,150,6,0.4935232796777481
706,3,10,150,6,0.0
707,3,10,150,6,0.47254583883871204
708,3,10,150,6,0.0
709,3,10,150,6,0.0
710,3,10,150,6,0.42903378661381625
711,3,10,150,6,0.26836379988737025
712,3,10,150,6,0.0
713,3,10,150,6,0.0
714,3,10,150,6,0.13032376591037062
715,3,10,150,6,0.4103915680233244
716,3,10,150,6,0.30260241349881345
717,3,10,150,6,0.11706259313796354
718,3,10,150,6,0.0
719,3,10,150,6,0.0
720,3,10,150,6,0.0
721,3,10,150,6,0.0
722,3,10,150,6,0.0
723,3,10,150,6,0.0
724,3,10,150,6,0.0
725,3,10,150,6,0.0
726,3,10,150,6,0.0
727,3,10,150,6,0.0
728,3,10,150,6,0.0
729,3,10,150,6,0.0
730,3,10,150,6,0.0
731,3,10,150,6,0.19092086617893467
732,3,10,150,6,0.0
733,3,10,150,6,0.0
734,3,10,150,6,0.10778915452451093
735,3,10,150,6,0.0
736,3,10,150,6,0.0
737,3,10,150,6,0.0
738,3,10,150,6,0.0
739,3,10,150,6,0.0
740,3,10,150,6,0.0
741,3,10,150,6,0.0
742,3,10,150,6,0.0
743,3,10,150,6,0.0
744,3,10,150,6,0.0
745,3,10,150,6,0.0
746,3,10,150,6,0.24738635904833417
747,3,10,150,6,0.13032376591037062
748,3,10,150,6,0.11706259313796354
749,3,10,150,6,0.4103915680233244
750,3,10,150,6,0.0
751,3,10,150,6,0.0
752,3,10,150,6,0.0
753,3,10,150,6,0.0
754,3,10,150,6,0.0
755,3,10,150,6,0.0
756,3,10,150,6,0.13032376591037062
757,3,10,150,6,0.19092086617893467
758,3,10,150,6,0.15130120674940672
759,3,10,150,6,0.0
760,3,10,150,6,0.0
761,3,10,150,6,0.0
762,3,10,150,6,0.0
763,3,10,150,6,0.0
764,3,10,150,6,0.0
765,3,10,150,6,0.0
766,3,10,150,6,0.0
767,3,10,150,6,0.0
768,3,10,150,6,0.10778915452451093
769,3,10,150,6,0.0
770,3,10,150,6,0.30260241349881345
771,3,10,150,6,0.0
772,3,10,150,6,0.0
773,3,10,150,6,0.30260241349881345
774,3,10,150,6,0.0
775,3,10,150,6,0.0
776,3,10,150,6,0.0
777,3,10,150,6,0.0
778,3,10,150,6,0.19092086617893467
779,3,10,150,6,0.0
780,3,10,150,6,0.11706259313796354
781,3,10,150,6,0.0
782,3,10,150,6,0.0
783,3,10,150,6,0.0
784,3,10,150,6,0.0
785,3,10,150,6,0.15130120674940672
786,3,10,150,6,0.11706259313796354
787,3,10,150,6,0.0
788,3,10,150,6,0.0
789,3,10,150,6,0.0
790,3,10,150,6,0.19092086617893467
791,3,10,150,6,0.0
792,3,10,150,6,0.0
793,3,10,150,6,0.11706259313796354
794,3,10,150,6,0.11706259313796354
795,3,10,150,6,0.19092086617893467
796,3,10,150,6,0.0
797,3,10,150,6,0.13905617951077562
798,3,10,150,6,0.0
799,3,10,150,6,0.0
800,3,10,150,6,0.0
801,3,10,150,6,0.0
802,3,10,150,6,0.0
803,3,10,150,6,0.0
804,3,10,150,6,0.601312434202259
805,3,10,150,6,0.30260241349881345
806,3,10,150,6,0.0
807,3,10,150,6,0.30260241349881345
808,3,10,150,6,0.0
809,3,10,150,6,0.0
810,3,10,150,6,0.0
811,3,10,150,6,0.0
812,3,10,150,6,0.0
813,3,10,150,6,0.0
814,3,10,150,6,0.0
815,3,10,150,6,0.0
816,3,10,150,6,0.0
817,3,10,150,6,0.0
818,3,10,150,6,0.0
819,3,10,150,6,0.0
820,3,10,150,6,0.0
821,3,10,150,6,0.0
822,3,10,150,6,0.0
823,3,10,150,6,0.10778915452451093
824,3,10,150,6,0.0
825,3,10,150,6,0.3212446320893053
826,3,10,150,6,0.0
827,3,10,150,6,0.0
828,3,10,150,6,0.0
829,3,10,150,6,0.0
830,3,10,150,6,0.10778915452451093
831,3,10,150,6,0.0
832,3,10,150,6,0.0
833,3,10,150,6,0.0
834,3,10,150,6,0.0
835,3,10,150,6,0.0
836,3,10,150,6,0.0
837,3,10,150,6,0.0
838,3,10,150,6,0.0
839,3,10,150,6,0.0
840,3,10,150,6,0.0
841,3,10,150,6,0.0
842,3,10,150,6,0.0
843,3,10,150,6,0.0
844,3,10,150,6,0.0
845,3,10,150,6,0.0
846,3,10,150,6,0.0
847,3,10,150,6,0.0
848,3,10,150,6,0.0
849,3,10,150,6,0.0
850,3,10,150,6,0.0
851,3,10,150,6,0.30260241349881345
852,3,10,150,6,0.0
853,3,10,150,6,0.0
854,3,10,150,6,0.0
855,3,10,150,6,0.0
856,3,10,150,6,0.0
857,3,10,150,6,0.0
858,3,10,150,6,0.0
859,3,10,150,6,0.0
860,3,10,150,6,0.0
861,3,10,150,6,0.0
862,3,10,150,6,0.0
863,3,10,150,6,0.0
864,3,10,150,6,0.0
865,3,10,150,6,0.0
866,3,10,150,6,0.0
867,3,10,150,6,0.13120507751234178
868,3,10,150,6,0.0
870,3,10,150,6,0.0
871,3,10,150,6,0.0
872,3,10,150,6,0.0
875,3,10,150,6,0.0
876,3,10,150,6,0.0
877,3,10,150,6,0.0
1,3,10,150,7,1.0
2,3,10,150,7,0.0
3,3,10,150,7,0.0
4,3,10,150,7,0.0
5,3,10,150,7,0.0
6,3,10,150,7,0.13743816645714543
7,3,10,150,7,0.27487633291429087
8,3,10,150,7,0.0
9,3,10,150,7,0.0
10,3,10,150,7,0.13743816645714543
11,3,10,150,7,0.0
12,3,10,150,7,0.0
13,3,10,150,7,0.21000823726012652
14,3,10,150,7,0.0
15,3,10,150,7,0.0
16,3,10,150,7,0.10633668103022985
17,3,10,150,7,0.0
18,3,10,150,7,0.17342765698823945
19,3,10,150,7,0.0
20,3,10,150,7,0.0
21,3,10,150,7,0.0
22,3,10,150,7,0.0
23,3,10,150,7,0.27487633291429087
24,3,10,150,7,0.10633668103022985
25,3,10,150,7,0.0
26,3,10,150,7,0.0
28,3,10,150,7,0.0
29,3,10,150,7,0.0
30,3,10,150,7,0.0979129253499678
31,3,10,150,7,0.0
32,3,10,150,7,0.0
33,3,10,150,7,0.0
34,3,10,150,7,0.0
35,3,10,150,7,0.0
37,3,10,150,7,0.0
38,3,10,150,7,0.0
39,3,10,150,7,0.0
40,3,10,150,7,0.0
41,3,10,150,7,0.0
42,3,10,150,7,0.0
43,3,10,150,7,0.3932591258696538
44,3,10,150,7,0.0
45,3,10,150,7,0.0
46,3,10,150,7,0.0
47,3,10,150,7,0.0
48,3,10,150,7,0.0
49,3,10,150,7,0.0979129253499678
50,3,10,150,7,0.0
51,3,10,150,7,0.18953836965473142
52,3,10,150,7,0.0
53,3,10,150,7,0.0
54,3,10,150,7,0.0
55,3,10,150,7,0.0
56,3,10,150,7,0.0979129253499678
57,3,10,150,7,0.0
58,3,10,150,7,0.0
59,3,10,150,7,0.11838279295536291
60,3,10,150,7,0.10633668103022985
61,3,10,150,7,0.0
62,3,10,150,7,0.09162544430476362
63,3,10,150,7,0.0
64,3,10,150,7,0.0
65,3,10,150,7,0.27487633291429087
66,3,10,150,7,0.0
67,3,10,150,7,0.0
68,3,10,150,7,0.0
69,3,10,150,7,0.0
70,3,10,150,7,0.0
71,3,10,150,7,0.0
72,3,10,150,7,0.20424960638019762
73,3,10,150,7,0.0
74,3,10,150,7,0.0
75,3,10,150,7,0.0
76,3,10,150,7,0.0
77,3,10,150,7,0.27487633291429087
78,3,10,150,7,0.0
79,3,10,150,7,0.0
80,3,10,150,7,0.0
81,3,10,150,7,0.0
82,3,10,150,7,0.0
83,3,10,150,7,0.0
84,3,10,150,7,0.0
85,3,10,150,7,0.17342765698823945
86,3,10,150,7,0.0
87,3,10,150,7,0.0
88,3,10,150,7,0.0
89,3,10,150,7,0.27487633291429087
90,3,10,150,7,0.17342765698823945
91,3,10,150,7,0.10633668103022985
92,3,10,150,7,0.0
93,3,10,150,7,0.0
94,3,10,150,7,0.27487633291429087
95,3,10,150,7,0.0979129253499678
96,3,10,150,7,0.0
97,3,10,150,7,0.0
98,3,10,150,7,0.0
99,3,10,150,7,0.0
100,3,10,150,7,0.0
101,3,10,150,7,0.0
102,3,10,150,7,0.0
103,3,10,150,7,0.0
104,3,10,150,7,0.13743816645714543
106,3,10,150,7,0.0
107,3,10,150,7,0.0
108,3,10,150,7,0.0
109,3,10,150,7,0.0
110,3,10,150,7,0.0
111,3,10,150,7,0.0
112,3,10,150,7,0.0
113,3,10,150,7,0.0
114,3,10,150,7,0.0
115,3,10,150,7,0.0
116,3,10,150,7,0.0
117,3,10,150,7,0.0
118,3,10,150,7,0.0
119,3,10,150,7,0.0
121,3,10,150,7,0.0
122,3,10,150,7,0.0
123,3,10,150,7,0.46927872602275644
124,3,10,150,7,0.0
125,3,10,150,7,0.13743816645714543
126,3,10,150,7,0.0
127,3,10,150,7,0.0
128,3,10,150,7,0.0
129,3,10,150,7,0.0
130,3,10,150,7,0.0
131,3,10,150,7,0.19519002499605084
132,3,10,150,7,0.0
133,3,10,150,7,0.0
134,3,10,150,7,0.0
135,3,10,150,7,0.0
136,3,10,150,7,0.26687965254220064
137,3,10,150,7,0.0
138,3,10,150,7,0.13012668333070054
139,3,10,150,7,0.0
140,3,10,150,7,0.0
141,3,10,150,7,0.27487633291429087
142,3,10,150,7,0.30260241349881345
143,3,10,150,7,0.0
144,3,10,150,7,0.19796212533499344
145,3,10,150,7,0.0
146,3,10,150,7,0.0
147,3,10,150,7,0.0
148,3,10,150,7,0.0
149,3,10,150,7,0.0
150,3,10,150,7,0.0
151,3,10,150,7,0.0
152,3,10,150,7,0.0
153,3,10,150,7,0.0
154,3,10,150,7,0.0
155,3,10,150,7,0.0
156,3,10,150,7,0.0
157,3,10,150,7,0.0
158,3,10,150,7,0.13743816645714543
159,3,10,150,7,0.13743816645714543
160,3,10,150,7,0.0
161,3,10,150,7,0.0
162,3,10,150,7,0.0
163,3,10,150,7,0.0
164,3,10,150,7,0.0
165,3,10,150,7,0.0
166,3,10,150,7,0.0
167,3,10,150,7,0.0
168,3,10,150,7,0.0
169,3,10,150,7,0.0
170,3,10,150,7,0.0
171,3,10,150,7,0.0
172,3,10,150,7,0.0
173,3,10,150,7,0.0
174,3,10,150,7,0.0
175,3,10,150,7,0.2987100207034456
176,3,10,150,7,0.0
177,3,10,150,7,0.0
178,3,10,150,7,0.20424960638019762
179,3,10,150,7,0.0
180,3,10,150,7,0.0
181,3,10,150,7,0.0
182,3,10,150,7,0.13120507751234178
183,3,10,150,7,0.0
184,3,10,150,7,0.0
185,3,10,150,7,0.0
186,3,10,150,7,0.0
187,3,10,150,7,0.09162544430476362
188,3,10,150,7,0.0
189,3,10,150,7,0.27487633291429087
190,3,10,150,7,0.0
191,3,10,150,7,0.0
192,3,10,150,7,0.0
193,3,10,150,7,0.0
194,3,10,150,7,0.0979129253499678
195,3,10,150,7,0.0
196,3,10,150,7,0.17342765698823945
197,3,10,150,7,0.0
198,3,10,150,7,0.2558209594125084
199,3,10,150,7,0.0
200,3,10,150,7,0.0
201,3,10,150,7,0.5546406709327603
202,3,10,150,7,0.0
203,3,10,150,7,0.0
204,3,10,150,7,0.0
205,3,10,150,7,0.0
206,3,10,150,7,0.0
207,3,10,150,7,0.0
208,3,10,150,7,0.0
209,3,10,150,7,0.0
210,3,10,150,7,0.0
211,3,10,150,7,0.0
212,3,10,150,7,0.0
213,3,10,150,7,0.0
214,3,10,150,7,0.0
215,3,10,150,7,0.13743816645714543
216,3,10,150,7,0.11838279295536291
217,3,10,150,7,0.0
218,3,10,150,7,0.0
219,3,10,150,7,0.0
220,3,10,150,7,0.0
221,3,10,150,7,0.13743816645714543
222,3,10,150,7,0.20424960638019762
223,3,10,150,7,0.0
224,3,10,150,7,0.0
225,3,10,150,7,0.0
226,3,10,150,7,0.0
227,3,10,150,7,0.0
229,3,10,150,7,0.0
230,3,10,150,7,0.0
231,3,10,150,7,0.0
232,3,10,150,7,0.0
233,3,10,150,7,0.10633668103022985
234,3,10,150,7,0.27487633291429087
235,3,10,150,7,0.0
236,3,10,150,7,0.09162544430476362
237,3,10,150,7,0.0
238,3,10,150,7,0.0
239,3,10,150,7,0.0
240,3,10,150,7,0.0
241,3,10,150,7,0.0
242,3,10,150,7,0.0
243,3,10,150,7,0.0
244,3,10,150,7,0.27487633291429087
245,3,10,150,7,0.0
246,3,10,150,7,0.0
247,3,10,150,7,0.15642624200758548
248,3,10,150,7,0.11838279295536291
249,3,10,150,7,0.27487633291429087
250,3,10,150,7,0.0
251,3,10,150,7,0.0
252,3,10,150,7,0.0
253,3,10,150,7,0.0
254,3,10,150,7,0.0
255,3,10,150,7,0.0
256,3,10,150,7,0.0
257,3,10,150,7,0.0
258,3,10,150,7,0.0
259,3,10,150,7,0.0
260,3,10,150,7,0.0
261,3,10,150,7,0.0
262,3,10,150,7,0.0
263,3,10,150,7,0.27487633291429087
264,3,10,150,7,0.27487633291429087
265,3,10,150,7,0.0
266,3,10,150,7,0.0
267,3,10,150,7,0.0
268,3,10,150,7,0.09162544430476362
269,3,10,150,7,0.0
270,3,10,150,7,0.0
271,3,10,150,7,0.0
272,3,10,150,7,0.0
273,3,10,150,7,0.0
274,3,10,150,7,0.0
275,3,10,150,7,0.0
276,3,10,150,7,0.3932591258696538
277,3,10,150,7,0.0
278,3,10,150,7,0.0
279,3,10,150,7,0.17342765698823945
280,3,10,150,7,0.13743816645714543
281,3,10,150,7,0.0
282,3,10,150,7,0.0
283,3,10,150,7,0.0
284,3,10,150,7,0.0
285,3,10,150,7,0.0
286,3,10,150,7,0.0
287,3,10,150,7,0.0
288,3,10,150,7,0.0
289,3,10,150,7,0.0
290,3,10,150,7,0.21000823726012652
291,3,10,150,7,0.27487633291429087
292,3,10,150,7,0.20424960638019762
293,3,10,150,7,0.0979129253499678
294,3,10,150,7,0.0
295,3,10,150,7,0.0
296,3,10,150,7,0.10633668103022985
297,3,10,150,7,0.0
298,3,10,150,7,0.0
299,3,10,150,7,0.11838279295536291
300,3,10,150,7,0.0
301,3,10,150,7,0.36650177721905447
302,3,10,150,7,0.0
303,3,10,150,7,0.2558209594125084
304,3,10,150,7,0.0
305,3,10,150,7,0.0
306,3,10,150,7,0.0
307,3,10,150,7,0.0
308,3,10,150,7,0.11838279295536291
309,3,10,150,7,0.0
310,3,10,150,7,0.0
311,3,10,150,7,0.2558209594125084
312,3,10,150,7,0.11838279295536291
313,3,10,150,7,0.0
314,3,10,150,7,0.13743816645714543
315,3,10,150,7,0.10633668103022985
316,3,10,150,7,0.0
317,3,10,150,7,0.0
318,3,10,150,7,0.0
319,3,10,150,7,0.0
320,3,10,150,7,0.0
321,3,10,150,7,0.0
322,3,10,150,7,0.0
323,3,10,150,7,0.11838279295536291
324,3,10,150,7,0.0
325,3,10,150,7,0.0
326,3,10,150,7,0.0979129253499678
327,3,10,150,7,0.0
328,3,10,150,7,0.23535109180711322
329,3,10,150,7,0.0
330,3,10,150,7,0.27487633291429087
331,3,10,150,7,0.0
332,3,10,150,7,0.0
333,3,10,150,7,0.0
334,3,10,150,7,0.3932591258696538
335,3,10,150,7,0.0
336,3,10,150,7,0.0
337,3,10,150,7,0.0
338,3,10,150,7,0.0
339,3,10,150,7,0.0
340,3,10,150,7,0.13743816645714543
341,3,10,150,7,0.0
342,3,10,150,7,0.0
343,3,10,150,7,0.4483039899025303
344,3,10,150,7,0.09162544430476362
345,3,10,150,7,0.27487633291429087
346,3,10,150,7,0.0
347,3,10,150,7,0.0
348,3,10,150,7,0.0
349,3,10,150,7,0.0
350,3,10,150,7,0.11838279295536291
351,3,10,150,7,0.0
352,3,10,150,7,0.0
353,3,10,150,7,0.0
354,3,10,150,7,0.0
355,3,10,150,7,0.0
356,3,10,150,7,0.0
357,3,10,150,7,0.0
358,3,10,150,7,0.27487633291429087
359,3,10,150,7,0.0
360,3,10,150,7,0.11838279295536291
361,3,10,150,7,0.0
362,3,10,150,7,0.0
363,3,10,150,7,0.3932591258696538
364,3,10,150,7,0.0
365,3,10,150,7,0.0
366,3,10,150,7,0.0
367,3,10,150,7,0.13743816645714543
368,3,10,150,7,0.0
369,3,10,150,7,0.0
370,3,10,150,7,0.0
371,3,10,150,7,0.0
372,3,10,150,7,0.11838279295536291
373,3,10,150,7,0.24377484748737527
374,3,10,150,7,0.27487633291429087
375,3,10,150,7,0.0
376,3,10,150,7,0.0
377,3,10,150,7,0.0
378,3,10,150,7,0.0979129253499678
379,3,10,150,7,0.0979129253499678
380,3,10,150,7,0.0
381,3,10,150,7,0.0
382,3,10,150,7,0.0
383,3,10,150,7,0.0
384,3,10,150,7,0.0
385,3,10,150,7,0.17342765698823945
386,3,10,150,7,0.0
387,3,10,150,7,0.0
388,3,10,150,7,0.0
389,3,10,150,7,0.21000823726012652
390,3,10,150,7,0.21398626473452756
391,3,10,150,7,0.41231449937143627
392,3,10,150,7,0.0
393,3,10,150,7,0.3727892582642586
394,3,10,150,7,0.0
395,3,10,150,7,0.0
396,3,10,150,7,0.0
397,3,10,150,7,0.0
398,3,10,150,7,0.0
399,3,10,150,7,0.0
400,3,10,150,7,0.0
401,3,10,150,7,0.0
402,3,10,150,7,0.5306972923267992
403,3,10,150,7,0.0
404,3,10,150,7,0.0
405,3,10,150,7,0.4483039899025303
406,3,10,150,7,0.3727892582642586
407,3,10,150,7,0.21000823726012652
408,3,10,150,7,0.0
409,3,10,150,7,0.17342765698823945
410,3,10,150,7,0.0
411,3,10,150,7,0.0
412,3,10,150,7,0.0
413,3,10,150,7,0.11838279295536291
414,3,10,150,7,0.0
415,3,10,150,7,0.0
416,3,10,150,7,0.2797643380184693
417,3,10,150,7,0.18953836965473142
418,3,10,150,7,0.0
419,3,10,150,7,0.13032376591037062
420,3,10,150,7,0.0
421,3,10,150,7,0.0
422,3,10,150,7,0.0
423,3,10,150,7,0.0
424,3,10,150,7,0.0
425,3,10,150,7,0.0
426,3,10,150,7,0.0
427,3,10,150,7,0.0
428,3,10,150,7,0.0
429,3,10,150,7,0.23535109180711322
430,3,10,150,7,0.09162544430476362
431,3,10,150,7,0.0
432,3,10,150,7,0.0
433,3,10,150,7,0.0
434,3,10,150,7,0.27487633291429087
435,3,10,150,7,0.4848845701744174
436,3,10,150,7,0.13743816645714543
437,3,10,150,7,0.0
438,3,10,150,7,0.0
439,3,10,150,7,0.0
440,3,10,150,7,0.0
441,3,10,150,7,0.0
442,3,10,150,7,0.13743816645714543
443,3,10,150,7,0.0
444,3,10,150,7,0.19519002499605084
445,3,10,150,7,0.0
446,3,10,150,7,0.0
447,3,10,150,7,0.0979129253499678
448,3,10,150,7,0.0
449,3,10,150,7,0.0
450,3,10,150,7,0.21000823726012652
451,3,10,150,7,0.0
452,3,10,150,7,0.0
453,3,10,150,7,0.3108658234453849
454,3,10,150,7,0.0
455,3,10,150,7,0.5186511804016661
456,3,10,150,7,0.27487633291429087
457,3,10,150,7,0.8104616303452685
458,3,10,150,7,0.19796212533499344
459,3,10,150,7,0.0
460,3,10,150,7,0.0
461,3,10,150,7,0.10778915452451093
462,3,10,150,7,0.0
463,3,10,150,7,0.27134058233820724
464,3,10,150,7,0.0
465,3,10,150,7,0.13743816645714543
466,3,10,150,7,0.10633668103022985
467,3,10,150,7,0.0
468,3,10,150,7,0.49117205121962154
469,3,10,150,7,0.0
470,3,10,150,7,0.0
471,3,10,150,7,0.0
472,3,10,150,7,0.38121301394452073
473,3,10,150,7,0.0
474,3,10,150,7,0.6067408741303462
475,3,10,150,7,0.0
476,3,10,150,7,0.17342765698823945
477,3,10,150,7,0.0
478,3,10,150,7,0.4483039899025303
479,3,10,150,7,0.0
480,3,10,150,7,0.0979129253499678
481,3,10,150,7,0.0
482,3,10,150,7,0.0
483,3,10,150,7,0.0
484,3,10,150,7,0.27487633291429087
485,3,10,150,7,0.0
486,3,10,150,7,0.0
487,3,10,150,7,0.0979129253499678
488,3,10,150,7,0.17342765698823945
489,3,10,150,7,0.0
490,3,10,150,7,0.13743816645714543
491,3,10,150,7,0.0
492,3,10,150,7,0.0
493,3,10,150,7,0.3932591258696538
494,3,10,150,7,0.0
495,3,10,150,7,0.13743816645714543
496,3,10,150,7,0.0
497,3,10,150,7,0.10633668103022985
498,3,10,150,7,0.0
499,3,10,150,7,0.11838279295536291
500,3,10,150,7,0.11838279295536291
501,3,10,150,7,0.0
502,3,10,150,7,0.0
503,3,10,150,7,0.3727892582642586
504,3,10,150,7,0.10633668103022985
505,3,10,150,7,0.0
506,3,10,150,7,0.0
507,3,10,150,7,0.0
508,3,10,150,7,0.11838279295536291
509,3,10,150,7,0.0
510,3,10,150,7,0.0
511,3,10,150,7,0.0
512,3,10,150,7,0.0
513,3,10,150,7,0.0
514,3,10,150,7,0.11838279295536291
515,3,10,150,7,0.0
516,3,10,150,7,0.0
517,3,10,150,7,0.0
518,3,10,150,7,0.0
519,3,10,150,7,0.0
520,3,10,150,7,0.0
521,3,10,150,7,0.27487633291429087
522,3,10,150,7,0.13743816645714543
523,3,10,150,7,0.27487633291429087
524,3,10,150,7,0.0
525,3,10,150,7,0.0
526,3,10,150,7,0.0
527,3,10,150,7,0.27487633291429087
528,3,10,150,7,0.0
529,3,10,150,7,0.0
530,3,10,150,7,0.0
531,3,10,150,7,0.0
532,3,10,150,7,0.3932591258696538
533,3,10,150,7,0.5039399436761999
534,3,10,150,7,0.10633668103022985
535,3,10,150,7,0.4024912677501485
536,3,10,150,7,0.0
537,3,10,150,7,0.0
538,3,10,150,7,0.17342765698823945
539,3,10,150,7,0.0
540,3,10,150,7,0.0
541,3,10,150,7,0.0
542,3,10,150,7,0.13743816645714543
543,3,10,150,7,0.0
544,3,10,150,7,0.0
545,3,10,150,7,0.27487633291429087
546,3,10,150,7,0.0
547,3,10,150,7,0.0
548,3,10,150,7,0.21000823726012652
549,3,10,150,7,0.0
550,3,10,150,7,0.11838279295536291
551,3,10,150,7,0.4292486164007478
552,3,10,150,7,0.0
553,3,10,150,7,0.10633668103022985
554,3,10,150,7,0.0
555,3,10,150,7,0.0
556,3,10,150,7,0.17342765698823945
557,3,10,150,7,0.09162544430476362
558,3,10,150,7,0.21398626473452756
559,3,10,150,7,0.0
560,3,10,150,7,0.09162544430476362
561,3,10,150,7,0.2558209594125084
562,3,10,150,7,0.0
563,3,10,150,7,0.0
564,3,10,150,7,0.0
565,3,10,150,7,0.10633668103022985
566,3,10,150,7,0.265053101293003
567,3,10,150,7,0.5088279487803783
568,3,10,150,7,0.0
569,3,10,150,7,0.0
570,3,10,150,7,0.0
571,3,10,150,7,0.0
572,3,10,150,7,0.30260241349881345
573,3,10,150,7,0.0
574,3,10,150,7,0.0
575,3,10,150,7,0.0
576,3,10,150,7,0.0
577,3,10,150,7,0.4848845701744174
578,3,10,150,7,0.0
579,3,10,150,7,0.0
580,3,10,150,7,0.0
581,3,10,150,7,0.0
582,3,10,150,7,0.13743816645714543
583,3,10,150,7,0.0
584,3,10,150,7,0.09162544430476362
585,3,10,150,7,0.10633668103022985
586,3,10,150,7,0.20424960638019762
587,3,10,150,7,0.0
588,3,10,150,7,0.27487633291429087
589,3,10,150,7,0.0
590,3,10,150,7,0.17342765698823945
591,3,10,150,7,0.0
592,3,10,150,7,0.4292486164007478
593,3,10,150,7,0.13743816645714543
594,3,10,150,7,0.0
595,3,10,150,7,0.0
596,3,10,150,7,0.0
597,3,10,150,7,0.0
598,3,10,150,7,0.0
599,3,10,150,7,0.0
600,3,10,150,7,0.17342765698823945
601,3,10,150,7,0.4483039899025303
602,3,10,150,7,0.0
603,3,10,150,7,0.11838279295536291
604,3,10,150,7,0.0
605,3,10,150,7,0.13743816645714543
606,3,10,150,7,0.4024912677501485
607,3,10,150,7,0.0
608,3,10,150,7,0.27487633291429087
609,3,10,150,7,0.0
610,3,10,150,7,0.0
611,3,10,150,7,0.0
612,3,10,150,7,0.09162544430476362
613,3,10,150,7,0.0979129253499678
614,3,10,150,7,0.27487633291429087
615,3,10,150,7,0.0
616,3,10,150,7,0.0
617,3,10,150,7,0.0
618,3,10,150,7,0.27487633291429087
619,3,10,150,7,0.09162544430476362
620,3,10,150,7,0.38121301394452073
621,3,10,150,7,0.0
622,3,10,150,7,0.460070565792706
623,3,10,150,7,0.0
624,3,10,150,7,0.0
625,3,10,150,7,0.13743816645714543
626,3,10,150,7,0.0
627,3,10,150,7,0.27487633291429087
628,3,10,150,7,0.0
629,3,10,150,7,0.2797643380184693
630,3,10,150,7,0.10633668103022985
631,3,10,150,7,0.0
632,3,10,150,7,0.0
633,3,10,150,7,0.0
634,3,10,150,7,0.13743816645714543
635,3,10,150,7,0.0
636,3,10,150,7,0.30260241349881345
637,3,10,150,7,0.0
638,3,10,150,7,0.0
639,3,10,150,7,0.0
640,3,10,150,7,0.22906361076190904
641,3,10,150,7,0.0
642,3,10,150,7,0.41231449937143627
643,3,10,150,7,0.6773676006644395
644,3,10,150,7,0.0
645,3,10,150,7,0.0
646,3,10,150,7,0.17342765698823945
647,3,10,150,7,0.0
648,3,10,150,7,0.10633668103022985
649,3,10,150,7,0.0
650,3,10,150,7,0.3932591258696538
651,3,10,150,7,0.0
652,3,10,150,7,0.0
653,3,10,150,7,0.3932591258696538
654,3,10,150,7,0.11838279295536291
655,3,10,150,7,0.10633668103022985
656,3,10,150,7,0.0
657,3,10,150,7,0.27487633291429087
658,3,10,150,7,0.10633668103022985
659,3,10,150,7,0.20424960638019762
660,3,10,150,7,0.0
661,3,10,150,7,0.0
662,3,10,150,7,0.0
663,3,10,150,7,0.40877874879535264
664,3,10,150,7,0.6067408741303462
665,3,10,150,7,0.13743816645714543
666,3,10,150,7,0.20424960638019762
667,3,10,150,7,0.0
668,3,10,150,7,0.0
669,3,10,150,7,0.3108658234453849
670,3,10,150,7,0.0
671,3,10,150,7,0.3727892582642586
672,3,10,150,7,0.0
673,3,10,150,7,0.0
674,3,10,150,7,0.0
675,3,10,150,7,0.0
676,3,10,150,7,0.38121301394452073
677,3,10,150,7,0.0
678,3,10,150,7,0.0
679,3,10,150,7,0.0
680,3,10,150,7,0.0
681,3,10,150,7,0.0
682,3,10,150,7,0.7709363892380909
683,3,10,150,7,0.0
684,3,10,150,7,0.0979129253499678
685,3,10,150,7,0.0
686,3,10,150,7,0.0979129253499678
687,3,10,150,7,0.0
688,3,10,150,7,0.0
689,3,10,150,7,0.41231449937143627
690,3,10,150,7,0.5306972923267992
691,3,10,150,7,0.4483039899025303
692,3,10,150,7,0.0
693,3,10,150,7,0.11838279295536291
694,3,10,150,7,0.18953836965473142
695,3,10,150,7,0.0
696,3,10,150,7,0.0
697,3,10,150,7,0.0
698,3,10,150,7,0.0
699,3,10,150,7,0.0
700,3,10,150,7,0.0
701,3,10,150,7,0.0
702,3,10,150,7,0.0
703,3,10,150,7,0.27134058233820724
704,3,10,150,7,0.0
705,3,10,150,7,0.4483039899025303
706,3,10,150,7,0.0
707,3,10,150,7,0.4292486164007478
708,3,10,150,7,0.0
709,3,10,150,7,0.0
710,3,10,150,7,0.38972337529357015
711,3,10,150,7,0.24377484748737527
712,3,10,150,7,0.0
713,3,10,150,7,0.0
714,3,10,150,7,0.11838279295536291
715,3,10,150,7,0.3727892582642586
716,3,10,150,7,0.27487633291429087
717,3,10,150,7,0.10633668103022985
718,3,10,150,7,0.0
719,3,10,150,7,0.09162544430476362
720,3,10,150,7,0.0
721,3,10,150,7,0.09162544430476362
722,3,10,150,7,0.0
723,3,10,150,7,0.0
724,3,10,150,7,0.0
725,3,10,150,7,0.0
726,3,10,150,7,0.0
727,3,10,150,7,0.09162544430476362
728,3,10,150,7,0.0
729,3,10,150,7,0.0
730,3,10,150,7,0.0
731,3,10,150,7,0.17342765698823945
732,3,10,150,7,0.0
733,3,10,150,7,0.0
734,3,10,150,7,0.0979129253499678
735,3,10,150,7,0.0
736,3,10,150,7,0.0
737,3,10,150,7,0.0
738,3,10,150,7,0.0
739,3,10,150,7,0.0
740,3,10,150,7,0.0
741,3,10,150,7,0.09162544430476362
742,3,10,150,7,0.0
743,3,10,150,7,0.0
744,3,10,150,7,0.0
745,3,10,150,7,0.0
746,3,10,150,7,0.22471947398559278
747,3,10,150,7,0.11838279295536291
748,3,10,150,7,0.10633668103022985
749,3,10,150,7,0.46441470256902223
750,3,10,150,7,0.0
751,3,10,150,7,0.0
752,3,10,150,7,0.0
753,3,10,150,7,0.0
754,3,10,150,7,0.0
755,3,10,150,7,0.0
756,3,10,150,7,0.11838279295536291
757,3,10,150,7,0.17342765698823945
758,3,10,150,7,0.13743816645714543
759,3,10,150,7,0.0
760,3,10,150,7,0.0
761,3,10,150,7,0.09162544430476362
762,3,10,150,7,0.0
763,3,10,150,7,0.0
764,3,10,150,7,0.0
765,3,10,150,7,0.0
766,3,10,150,7,0.0
767,3,10,150,7,0.0
768,3,10,150,7,0.0979129253499678
769,3,10,150,7,0.0
770,3,10,150,7,0.27487633291429087
771,3,10,150,7,0.0
772,3,10,150,7,0.0
773,3,10,150,7,0.27487633291429087
774,3,10,150,7,0.0
775,3,10,150,7,0.0
776,3,10,150,7,0.0
777,3,10,150,7,0.0
778,3,10,150,7,0.17342765698823945
779,3,10,150,7,0.0
780,3,10,150,7,0.10633668103022985
781,3,10,150,7,0.0
782,3,10,150,7,0.0
783,3,10,150,7,0.0
784,3,10,150,7,0.0
785,3,10,150,7,0.15130120674940672
786,3,10,150,7,0.10633668103022985
787,3,10,150,7,0.0
788,3,10,150,7,0.0
789,3,10,150,7,0.0
790,3,10,150,7,0.17342765698823945
791,3,10,150,7,0.0
792,3,10,150,7,0.0
793,3,10,150,7,0.10633668103022985
794,3,10,150,7,0.10633668103022985
795,3,10,150,7,0.17342765698823945
796,3,10,150,7,0.09162544430476362
797,3,10,150,7,0.13905617951077562
798,3,10,150,7,0.0
799,3,10,150,7,0.0
800,3,10,150,7,0.0
801,3,10,150,7,0.0
802,3,10,150,7,0.0
803,3,10,150,7,0.0
804,3,10,150,7,0.6378423595572618
805,3,10,150,7,0.27487633291429087
806,3,10,150,7,0.0
807,3,10,150,7,0.36650177721905447
808,3,10,150,7,0.0
809,3,10,150,7,0.0
810,3,10,150,7,0.0
811,3,10,150,7,0.0
812,3,10,150,7,0.0
813,3,10,150,7,0.0
814,3,10,150,7,0.0
815,3,10,150,7,0.0
816,3,10,150,7,0.0
817,3,10,150,7,0.0
818,3,10,150,7,0.0
819,3,10,150,7,0.0
820,3,10,150,7,0.0
821,3,10,150,7,0.0
822,3,10,150,7,0.0
823,3,10,150,7,0.0979129253499678
824,3,10,150,7,0.0
825,3,10,150,7,0.2918104499436024
826,3,10,150,7,0.0
827,3,10,150,7,0.0
828,3,10,150,7,0.0
829,3,10,150,7,0.0
830,3,10,150,7,0.0979129253499678
831,3,10,150,7,0.0
832,3,10,150,7,0.0
833,3,10,150,7,0.0
834,3,10,150,7,0.0
835,3,10,150,7,0.0
836,3,10,150,7,0.0
837,3,10,150,7,0.0
838,3,10,150,7,0.0
839,3,10,150,7,0.0
840,3,10,150,7,0.0
841,3,10,150,7,0.0
842,3,10,150,7,0.0
843,3,10,150,7,0.09162544430476362
844,3,10,150,7,0.0
845,3,10,150,7,0.0
846,3,10,150,7,0.09162544430476362
847,3,10,150,7,0.0
848,3,10,150,7,0.0
849,3,10,150,7,0.0
850,3,10,150,7,0.0
851,3,10,150,7,0.27487633291429087
852,3,10,150,7,0.0
853,3,10,150,7,0.0
854,3,10,150,7,0.0
855,3,10,150,7,0.0
856,3,10,150,7,0.0
857,3,10,150,7,0.0
858,3,10,150,7,0.0
859,3,10,150,7,0.0
860,3,10,150,7,0.0
861,3,10,150,7,0.0
862,3,10,150,7,0.0
863,3,10,150,7,0.0
864,3,10,150,7,0.09162544430476362
865,3,10,150,7,0.0
866,3,10,150,7,0.0
867,3,10,150,7,0.13120507751234178
868,3,10,150,7,0.0
870,3,10,150,7,0.0
871,3,10,150,7,0.0
872,3,10,150,7,0.0
875,3,10,150,7,0.0
876,3,10,150,7,0.0
877,3,10,150,7,0.0
1,3,10,150,8,1.0
2,3,10,150,8,0.0
3,3,10,150,8,0.0
4,3,10,150,8,0.0
5,3,10,150,8,0.0
6,3,10,150,8,0.12647135138382856
7,3,10,150,8,0.2529427027676571
8,3,10,150,8,0.0
9,3,10,150,8,0.0
10,3,10,150,8,0.12647135138382856
11,3,10,150,8,0.0
12,3,10,150,8,0.0
13,3,10,150,8,0.1932507268736416
14,3,10,150,8,0.0
15,3,10,150,8,0.0
16,3,10,150,8,0.09785159463516042
17,3,10,150,8,0.0
18,3,10,150,8,0.15958907712489634
19,3,10,150,8,0.0
20,3,10,150,8,0.0
21,3,10,150,8,0.0
22,3,10,150,8,0.0
23,3,10,150,8,0.2529427027676571
24,3,10,150,8,0.09785159463516042
25,3,10,150,8,0.0
26,3,10,150,8,0.0
28,3,10,150,8,0.0
29,3,10,150,8,0.0
30,3,10,150,8,0.0979129253499678
31,3,10,150,8,0.0
32,3,10,150,8,0.0
33,3,10,150,8,0.0
34,3,10,150,8,0.0
35,3,10,150,8,0.0
37,3,10,150,8,0.0
38,3,10,150,8,0.0
39,3,10,150,8,0.0
40,3,10,150,8,0.0
41,3,10,150,8,0.0
42,3,10,150,8,0.07979453856244817
43,3,10,150,8,0.361879195385413
44,3,10,150,8,0.0
45,3,10,150,8,0.0
46,3,10,150,8,0.0
47,3,10,150,8,0.0
48,3,10,150,8,0.0
49,3,10,150,8,0.09010000865236768
50,3,10,150,8,0.0
51,3,10,150,8,0.18953836965473142
52,3,10,150,8,0.0
53,3,10,150,8,0.09546043308946733
54,3,10,150,8,0.0
55,3,10,150,8,0.0
56,3,10,150,8,0.09010000865236768
57,3,10,150,8,0.0
58,3,10,150,8,0.0
59,3,10,150,8,0.10893649261775588
60,3,10,150,8,0.09785159463516042
61,3,10,150,8,0.0
62,3,10,150,8,0.0843142342558857
63,3,10,150,8,0.0
64,3,10,150,8,0.0
65,3,10,150,8,0.2529427027676571
66,3,10,150,8,0.0
67,3,10,150,8,0.0
68,3,10,150,8,0.0
69,3,10,150,8,0.0
70,3,10,150,8,0.0
71,3,10,150,8,0.0
72,3,10,150,8,0.26774614184997625
73,3,10,150,8,0.0
74,3,10,150,8,0.0
75,3,10,150,8,0.0
76,3,10,150,8,0.0
77,3,10,150,8,0.27487633291429087
78,3,10,150,8,0.0
79,3,10,150,8,0.0
80,3,10,150,8,0.0
81,3,10,150,8,0.0
82,3,10,150,8,0.0
83,3,10,150,8,0.07979453856244817
84,3,10,150,8,0.0
85,3,10,150,8,0.15958907712489634
86,3,10,150,8,0.0
87,3,10,150,8,0.0
88,3,10,150,8,0.0
89,3,10,150,8,0.2529427027676571
90,3,10,150,8,0.15958907712489634
91,3,10,150,8,0.17764613319760858
92,3,10,150,8,0.0
93,3,10,150,8,0.0
94,3,10,150,8,0.2529427027676571
95,3,10,150,8,0.09010000865236768
96,3,10,150,8,0.0
97,3,10,150,8,0.0
98,3,10,150,8,0.0
99,3,10,150,8,0.0
100,3,10,150,8,0.0
101,3,10,150,8,0.0
102,3,10,150,8,0.0
103,3,10,150,8,0.0
104,3,10,150,8,0.12647135138382856
106,3,10,150,8,0.0
107,3,10,150,8,0.0
108,3,10,150,8,0.0
109,3,10,150,8,0.0
110,3,10,150,8,0.0
111,3,10,150,8,0.0
112,3,10,150,8,0.0
113,3,10,150,8,0.0
114,3,10,150,8,0.0
115,3,10,150,8,0.0
116,3,10,150,8,0.0
117,3,10,150,8,0.0
118,3,10,150,8,0.0
119,3,10,150,8,0.0
121,3,10,150,8,0.0
122,3,10,150,8,0.0
123,3,10,150,8,0.46927872602275644
124,3,10,150,8,0.0
125,3,10,150,8,0.12647135138382856
126,3,10,150,8,0.0
127,3,10,150,8,0.0
128,3,10,150,8,0.0
129,3,10,150,8,0.0
130,3,10,150,8,0.0
131,3,10,150,8,0.19519002499605084
132,3,10,150,8,0.0
133,3,10,150,8,0.0
134,3,10,150,8,0.0
135,3,10,150,8,0.0
136,3,10,150,8,0.26687965254220064
137,3,10,150,8,0.0
138,3,10,150,8,0.13012668333070054
139,3,10,150,8,0.0
140,3,10,150,8,0.0
141,3,10,150,8,0.2529427027676571
142,3,10,150,8,0.30260241349881345
143,3,10,150,8,0.0
144,3,10,150,8,0.26196036745349427
145,3,10,150,8,0.0
146,3,10,150,8,0.0
147,3,10,150,8,0.0
148,3,10,150,8,0.0
149,3,10,150,8,0.0
150,3,10,150,8,0.0
151,3,10,150,8,0.0
152,3,10,150,8,0.0
153,3,10,150,8,0.0
154,3,10,150,8,0.0
155,3,10,150,8,0.0
156,3,10,150,8,0.0
157,3,10,150,8,0.0
158,3,10,150,8,0.12647135138382856
159,3,10,150,8,0.12647135138382856
160,3,10,150,8,0.0
161,3,10,150,8,0.0
162,3,10,150,8,0.0
163,3,10,150,8,0.0
164,3,10,150,8,0.0
165,3,10,150,8,0.0
166,3,10,150,8,0.0
167,3,10,150,8,0.0
168,3,10,150,8,0.0
169,3,10,150,8,0.0
170,3,10,150,8,0.0
171,3,10,150,8,0.0
172,3,10,150,8,0.0
173,3,10,150,8,0.0
174,3,10,150,8,0.0
175,3,10,150,8,0.2987100207034456
176,3,10,150,8,0.0
177,3,10,150,8,0.0
178,3,10,150,8,0.18795160328752808
179,3,10,150,8,0.0
180,3,10,150,8,0.0
181,3,10,150,8,0.0
182,3,10,150,8,0.13120507751234178
183,3,10,150,8,0.0
184,3,10,150,8,0.0
185,3,10,150,8,0.0
186,3,10,150,8,0.0
187,3,10,150,8,0.09162544430476362
188,3,10,150,8,0.0
189,3,10,150,8,0.2529427027676571
190,3,10,150,8,0.0
191,3,10,150,8,0.0
192,3,10,150,8,0.0
193,3,10,150,8,0.0
194,3,10,150,8,0.09010000865236768
195,3,10,150,8,0.0
196,3,10,150,8,0.17342765698823945
197,3,10,150,8,0.0
198,3,10,150,8,0.23540784400158446
199,3,10,150,8,0.0
200,3,10,150,8,0.0
201,3,10,150,8,0.510383374527714
202,3,10,150,8,0.0
203,3,10,150,8,0.0
204,3,10,150,8,0.0
205,3,10,150,8,0.0
206,3,10,150,8,0.0
207,3,10,150,8,0.0
208,3,10,150,8,0.0
209,3,10,150,8,0.0
210,3,10,150,8,0.0
211,3,10,150,8,0.0
212,3,10,150,8,0.0
213,3,10,150,8,0.0
214,3,10,150,8,0.0
215,3,10,150,8,0.12647135138382856
216,3,10,150,8,0.10893649261775588
217,3,10,150,8,0.0
218,3,10,150,8,0.0
219,3,10,150,8,0.0
220,3,10,150,8,0.0
221,3,10,150,8,0.12647135138382856
222,3,10,150,8,0.18795160328752808
223,3,10,150,8,0.0
224,3,10,150,8,0.0
225,3,10,150,8,0.0
226,3,10,150,8,0.0
227,3,10,150,8,0.0
229,3,10,150,8,0.0
230,3,10,150,8,0.0
231,3,10,150,8,0.0
232,3,10,150,8,0.0
233,3,10,150,8,0.09785159463516042
234,3,10,150,8,0.2529427027676571
235,3,10,150,8,0.0
236,3,10,150,8,0.0843142342558857
237,3,10,150,8,0.0
238,3,10,150,8,0.0
239,3,10,150,8,0.0
240,3,10,150,8,0.0
241,3,10,150,8,0.0
242,3,10,150,8,0.0
243,3,10,150,8,0.0
244,3,10,150,8,0.2529427027676571
245,3,10,150,8,0.0
246,3,10,150,8,0.0
247,3,10,150,8,0.15642624200758548
248,3,10,150,8,0.11838279295536291
249,3,10,150,8,0.2529427027676571
250,3,10,150,8,0.0
251,3,10,150,8,0.0
252,3,10,150,8,0.0
253,3,10,150,8,0.0
254,3,10,150,8,0.0
255,3,10,150,8,0.0
256,3,10,150,8,0.0
257,3,10,150,8,0.0
258,3,10,150,8,0.0
259,3,10,150,8,0.0
260,3,10,150,8,0.0
261,3,10,150,8,0.0
262,3,10,150,8,0.0
263,3,10,150,8,0.2529427027676571
264,3,10,150,8,0.2529427027676571
265,3,10,150,8,0.0
266,3,10,150,8,0.0
267,3,10,150,8,0.0
268,3,10,150,8,0.1641087728183339
269,3,10,150,8,0.0
270,3,10,150,8,0.0
271,3,10,150,8,0.07979453856244817
272,3,10,150,8,0.0
273,3,10,150,8,0.0
274,3,10,150,8,0.0
275,3,10,150,8,0.0
276,3,10,150,8,0.361879195385413
277,3,10,150,8,0.0
278,3,10,150,8,0.0
279,3,10,150,8,0.15958907712489634
280,3,10,150,8,0.12647135138382856
281,3,10,150,8,0.0
282,3,10,150,8,0.0
283,3,10,150,8,0.0
284,3,10,150,8,0.0
285,3,10,150,8,0.0
286,3,10,150,8,0.0
287,3,10,150,8,0.0
288,3,10,150,8,0.0
289,3,10,150,8,0.0
290,3,10,150,8,0.1932507268736416
291,3,10,150,8,0.2529427027676571
292,3,10,150,8,0.26774614184997625
293,3,10,150,8,0.09010000865236768
294,3,10,150,8,0.0
295,3,10,150,8,0.0
296,3,10,150,8,0.09785159463516042
297,3,10,150,8,0.0
298,3,10,150,8,0.0
299,3,10,150,8,0.10893649261775588
300,3,10,150,8,0.0
301,3,10,150,8,0.3372569370235428
302,3,10,150,8,0.0
303,3,10,150,8,0.23540784400158446
304,3,10,150,8,0.0
305,3,10,150,8,0.07979453856244817
306,3,10,150,8,0.0
307,3,10,150,8,0.0
308,3,10,150,8,0.10893649261775588
309,3,10,150,8,0.0
310,3,10,150,8,0.0
311,3,10,150,8,0.23540784400158446
312,3,10,150,8,0.10893649261775588
313,3,10,150,8,0.0
314,3,10,150,8,0.12647135138382856
315,3,10,150,8,0.09785159463516042
316,3,10,150,8,0.0
317,3,10,150,8,0.0
318,3,10,150,8,0.0
319,3,10,150,8,0.0
320,3,10,150,8,0.0
321,3,10,150,8,0.0
322,3,10,150,8,0.0
323,3,10,150,8,0.10893649261775588
324,3,10,150,8,0.0
325,3,10,150,8,0.0
326,3,10,150,8,0.16989454721481587
327,3,10,150,8,0.0
328,3,10,150,8,0.21657136003619623
329,3,10,150,8,0.0
330,3,10,150,8,0.3327372413301053
331,3,10,150,8,0.0
332,3,10,150,8,0.0
333,3,10,150,8,0.0
334,3,10,150,8,0.361879195385413
335,3,10,150,8,0.0
336,3,10,150,8,0.0
337,3,10,150,8,0.0
338,3,10,150,8,0.0
339,3,10,150,8,0.0
340,3,10,150,8,0.12647135138382856
341,3,10,150,8,0.0
342,3,10,150,8,0.0
343,3,10,150,8,0.41253177989255346
344,3,10,150,8,0.0843142342558857
345,3,10,150,8,0.2529427027676571
346,3,10,150,8,0.07979453856244817
347,3,10,150,8,0.0
348,3,10,150,8,0.0
349,3,10,150,8,0.0
350,3,10,150,8,0.10893649261775588
351,3,10,150,8,0.0
352,3,10,150,8,0.0
353,3,10,150,8,0.0
354,3,10,150,8,0.0
355,3,10,150,8,0.0
356,3,10,150,8,0.0
357,3,10,150,8,0.0
358,3,10,150,8,0.2529427027676571
359,3,10,150,8,0.0
360,3,10,150,8,0.10893649261775588
361,3,10,150,8,0.0
362,3,10,150,8,0.0
363,3,10,150,8,0.361879195385413
364,3,10,150,8,0.0
365,3,10,150,8,0.0
366,3,10,150,8,0.0
367,3,10,150,8,0.12647135138382856
368,3,10,150,8,0.0
369,3,10,150,8,0.0
370,3,10,150,8,0.0
371,3,10,150,8,0.0
372,3,10,150,8,0.10893649261775588
373,3,10,150,8,0.30411748458143717
374,3,10,150,8,0.2529427027676571
375,3,10,150,8,0.0
376,3,10,150,8,0.0
377,3,10,150,8,0.0
378,3,10,150,8,0.09010000865236768
379,3,10,150,8,0.09010000865236768
380,3,10,150,8,0.0
381,3,10,150,8,0.0
382,3,10,150,8,0.0
383,3,10,150,8,0.0
384,3,10,150,8,0.0
385,3,10,150,8,0.15958907712489634
386,3,10,150,8,0.0
387,3,10,150,8,0.0
388,3,10,150,8,0.0
389,3,10,150,8,0.1932507268736416
390,3,10,150,8,0.21398626473452756
391,3,10,150,8,0.37941405415148566
392,3,10,150,8,0.0
393,3,10,150,8,0.3430427114200248
394,3,10,150,8,0.0
395,3,10,150,8,0.0
396,3,10,150,8,0.0
397,3,10,150,8,0.0
398,3,10,150,8,0.0
399,3,10,150,8,0.0
400,3,10,150,8,0.0
401,3,10,150,8,0.0
402,3,10,150,8,0.48835054676924156
403,3,10,150,8,0.0
404,3,10,150,8,0.0
405,3,10,150,8,0.41253177989255346
406,3,10,150,8,0.3430427114200248
407,3,10,150,8,0.1932507268736416
408,3,10,150,8,0.0
409,3,10,150,8,0.15958907712489634
410,3,10,150,8,0.0
411,3,10,150,8,0.0
412,3,10,150,8,0.0
413,3,10,150,8,0.10893649261775588
414,3,10,150,8,0.0
415,3,10,150,8,0.0
416,3,10,150,8,0.25744067176005675
417,3,10,150,8,0.1744142429082534
418,3,10,150,8,0.0
419,3,10,150,8,0.13032376591037062
420,3,10,150,8,0.0
421,3,10,150,8,0.0
422,3,10,150,8,0.0
423,3,10,150,8,0.0
424,3,10,150,8,0.07979453856244817
425,3,10,150,8,0.0
426,3,10,150,8,0.0
427,3,10,150,8,0.0
428,3,10,150,8,0.0
429,3,10,150,8,0.2963658985986444
430,3,10,150,8,0.0843142342558857
431,3,10,150,8,0.0
432,3,10,150,8,0.0
433,3,10,150,8,0.0
434,3,10,150,8,0.2529427027676571
435,3,10,150,8,0.5259879682037469
436,3,10,150,8,0.12647135138382856
437,3,10,150,8,0.0
438,3,10,150,8,0.0
439,3,10,150,8,0.0
440,3,10,150,8,0.0
441,3,10,150,8,0.0
442,3,10,150,8,0.12647135138382856
443,3,10,150,8,0.0
444,3,10,150,8,0.19519002499605084
445,3,10,150,8,0.0
446,3,10,150,8,0.0
447,3,10,150,8,0.09010000865236768
448,3,10,150,8,0.0
449,3,10,150,8,0.0
450,3,10,150,8,0.27304526543608976
451,3,10,150,8,0.0
452,3,10,150,8,0.0
453,3,10,150,8,0.2860604285087249
454,3,10,150,8,0.0
455,3,10,150,8,0.4772656487866461
456,3,10,150,8,0.2529427027676571
457,3,10,150,8,0.8255857570917465
458,3,10,150,8,0.1821658288910461
459,3,10,150,8,0.0
460,3,10,150,8,0.0
461,3,10,150,8,0.10778915452451093
462,3,10,150,8,0.0
463,3,10,150,8,0.249689085777264
464,3,10,150,8,0.0
465,3,10,150,8,0.12647135138382856
466,3,10,150,8,0.09785159463516042
467,3,10,150,8,0.0
468,3,10,150,8,0.4519792040377807
469,3,10,150,8,0.0
470,3,10,150,8,0.0
471,3,10,150,8,0.0
472,3,10,150,8,0.35079429740281753
473,3,10,150,8,0.0
474,3,10,150,8,0.5583262660521388
475,3,10,150,8,0.0
476,3,10,150,8,0.15958907712489634
477,3,10,150,8,0.0
478,3,10,150,8,0.41253177989255346
479,3,10,150,8,0.0
480,3,10,150,8,0.09010000865236768
481,3,10,150,8,0.0
482,3,10,150,8,0.0
483,3,10,150,8,0.07979453856244817
484,3,10,150,8,0.2529427027676571
485,3,10,150,8,0.0
486,3,10,150,8,0.0
487,3,10,150,8,0.09010000865236768
488,3,10,150,8,0.15958907712489634
489,3,10,150,8,0.0
490,3,10,150,8,0.12647135138382856
491,3,10,150,8,0.0
492,3,10,150,8,0.0
493,3,10,150,8,0.361879195385413
494,3,10,150,8,0.0
495,3,10,150,8,0.12647135138382856
496,3,10,150,8,0.0
497,3,10,150,8,0.09785159463516042
498,3,10,150,8,0.0
499,3,10,150,8,0.10893649261775588
500,3,10,150,8,0.10893649261775588
501,3,10,150,8,0.0
502,3,10,150,8,0.0
503,3,10,150,8,0.4228372499824729
504,3,10,150,8,0.09785159463516042
505,3,10,150,8,0.0
506,3,10,150,8,0.0
507,3,10,150,8,0.0
508,3,10,150,8,0.18873103118020404
509,3,10,150,8,0.0
510,3,10,150,8,0.0
511,3,10,150,8,0.0
512,3,10,150,8,0.0
513,3,10,150,8,0.0
514,3,10,150,8,0.10893649261775588
515,3,10,150,8,0.0
516,3,10,150,8,0.0
517,3,10,150,8,0.0
518,3,10,150,8,0.0
519,3,10,150,8,0.0
520,3,10,150,8,0.0
521,3,10,150,8,0.2529427027676571
522,3,10,150,8,0.12647135138382856
523,3,10,150,8,0.2529427027676571
524,3,10,150,8,0.0
525,3,10,150,8,0.0
526,3,10,150,8,0.0
527,3,10,150,8,0.3327372413301053
528,3,10,150,8,0.07979453856244817
529,3,10,150,8,0.0
530,3,10,150,8,0.0
531,3,10,150,8,0.0
532,3,10,150,8,0.361879195385413
533,3,10,150,8,0.5435228269698195
534,3,10,150,8,0.09785159463516042
535,3,10,150,8,0.4501692013270588
536,3,10,150,8,0.0
537,3,10,150,8,0.0
538,3,10,150,8,0.15958907712489634
539,3,10,150,8,0.0
540,3,10,150,8,0.0
541,3,10,150,8,0.0
542,3,10,150,8,0.12647135138382856
543,3,10,150,8,0.0
544,3,10,150,8,0.0
545,3,10,150,8,0.2529427027676571
546,3,10,150,8,0.0
547,3,10,150,8,0.0
548,3,10,150,8,0.1932507268736416
549,3,10,150,8,0.0
550,3,10,150,8,0.10893649261775588
551,3,10,150,8,0.39499692112648077
552,3,10,150,8,0.0
553,3,10,150,8,0.09785159463516042
554,3,10,150,8,0.0
555,3,10,150,8,0.0
556,3,10,150,8,0.15958907712489634
557,3,10,150,8,0.0843142342558857
558,3,10,150,8,0.21398626473452756
559,3,10,150,8,0.0
560,3,10,150,8,0.0843142342558857
561,3,10,150,8,0.23540784400158446
562,3,10,150,8,0.0
563,3,10,150,8,0.0
564,3,10,150,8,0.0
565,3,10,150,8,0.09785159463516042
566,3,10,150,8,0.24390331138078203
567,3,10,150,8,0.46822625739977103
568,3,10,150,8,0.0
569,3,10,150,8,0.0
570,3,10,150,8,0.0
571,3,10,150,8,0.0
572,3,10,150,8,0.30260241349881345
573,3,10,150,8,0.0
574,3,10,150,8,0.0
575,3,10,150,8,0.0
576,3,10,150,8,0.0
577,3,10,150,8,0.4461934296412987
578,3,10,150,8,0.0
579,3,10,150,8,0.0
580,3,10,150,8,0.0
581,3,10,150,8,0.0
582,3,10,150,8,0.12647135138382856
583,3,10,150,8,0.0
584,3,10,150,8,0.0843142342558857
585,3,10,150,8,0.09785159463516042
586,3,10,150,8,0.26774614184997625
587,3,10,150,8,0.0
588,3,10,150,8,0.3327372413301053
589,3,10,150,8,0.0
590,3,10,150,8,0.15958907712489634
591,3,10,150,8,0.0
592,3,10,150,8,0.39499692112648077
593,3,10,150,8,0.12647135138382856
594,3,10,150,8,0.0
595,3,10,150,8,0.0
596,3,10,150,8,0.0
597,3,10,150,8,0.0
598,3,10,150,8,0.0
599,3,10,150,8,0.0
600,3,10,150,8,0.15958907712489634
601,3,10,150,8,0.41253177989255346
602,3,10,150,8,0.0
603,3,10,150,8,0.10893649261775588
604,3,10,150,8,0.0
605,3,10,150,8,0.12647135138382856
606,3,10,150,8,0.37037466276461056
607,3,10,150,8,0.0
608,3,10,150,8,0.2529427027676571
609,3,10,150,8,0.0
610,3,10,150,8,0.0
611,3,10,150,8,0.0
612,3,10,150,8,0.09162544430476362
613,3,10,150,8,0.09010000865236768
614,3,10,150,8,0.2529427027676571
615,3,10,150,8,0.0
616,3,10,150,8,0.0
617,3,10,150,8,0.0
618,3,10,150,8,0.2529427027676571
619,3,10,150,8,0.0843142342558857
620,3,10,150,8,0.35079429740281753
621,3,10,150,8,0.0
622,3,10,150,8,0.42335944728911257
623,3,10,150,8,0.07979453856244817
624,3,10,150,8,0.0
625,3,10,150,8,0.12647135138382856
626,3,10,150,8,0.0
627,3,10,150,8,0.2529427027676571
628,3,10,150,8,0.0
629,3,10,150,8,0.25744067176005675
630,3,10,150,8,0.09785159463516042
631,3,10,150,8,0.0
632,3,10,150,8,0.0
633,3,10,150,8,0.0
634,3,10,150,8,0.12647135138382856
635,3,10,150,8,0.0
636,3,10,150,8,0.30260241349881345
637,3,10,150,8,0.0
638,3,10,150,8,0.0
639,3,10,150,8,0.0
640,3,10,150,8,0.21078558563971425
641,3,10,150,8,0.0
642,3,10,150,8,0.37941405415148566
643,3,10,150,8,0.6233173655322678
644,3,10,150,8,0.0
645,3,10,150,8,0.07979453856244817
646,3,10,150,8,0.15958907712489634
647,3,10,150,8,0.0
648,3,10,150,8,0.09785159463516042
649,3,10,150,8,0.0
650,3,10,150,8,0.361879195385413
651,3,10,150,8,0.0
652,3,10,150,8,0.0
653,3,10,150,8,0.361879195385413
654,3,10,150,8,0.10893649261775588
655,3,10,150,8,0.09785159463516042
656,3,10,150,8,0.0
657,3,10,150,8,0.2529427027676571
658,3,10,150,8,0.09785159463516042
659,3,10,150,8,0.18795160328752808
660,3,10,150,8,0.0
661,3,10,150,8,0.0
662,3,10,150,8,0.0
663,3,10,150,8,0.37616043716109254
664,3,10,150,8,0.638120804614587
665,3,10,150,8,0.12647135138382856
666,3,10,150,8,0.26774614184997625
667,3,10,150,8,0.0
668,3,10,150,8,0.0
669,3,10,150,8,0.36585496707117304
670,3,10,150,8,0.0
671,3,10,150,8,0.3430427114200248
672,3,10,150,8,0.0
673,3,10,150,8,0.0
674,3,10,150,8,0.0
675,3,10,150,8,0.0
676,3,10,150,8,0.43058883596526576
677,3,10,150,8,0.0
678,3,10,150,8,0.0
679,3,10,150,8,0.0
680,3,10,150,8,0.0
681,3,10,150,8,0.0
682,3,10,150,8,0.7892144143602857
683,3,10,150,8,0.0
684,3,10,150,8,0.09010000865236768
685,3,10,150,8,0.0
686,3,10,150,8,0.09010000865236768
687,3,10,150,8,0.0
688,3,10,150,8,0.0
689,3,10,150,8,0.37941405415148566
690,3,10,150,8,0.48835054676924156
691,3,10,150,8,0.41253177989255346
692,3,10,150,8,0.0
693,3,10,150,8,0.10893649261775588
694,3,10,150,8,0.1744142429082534
695,3,10,150,8,0.0
696,3,10,150,8,0.0
697,3,10,150,8,0.0
698,3,10,150,8,0.0
699,3,10,150,8,0.0
700,3,10,150,8,0.0
701,3,10,150,8,0.0
702,3,10,150,8,0.0
703,3,10,150,8,0.249689085777264
704,3,10,150,8,0.07979453856244817
705,3,10,150,8,0.41253177989255346
706,3,10,150,8,0.0
707,3,10,150,8,0.39499692112648077
708,3,10,150,8,0.0
709,3,10,150,8,0.07979453856244817
710,3,10,150,8,0.438420116957468
711,3,10,150,8,0.22432294601898897
712,3,10,150,8,0.07979453856244817
713,3,10,150,8,0.0
714,3,10,150,8,0.10893649261775588
715,3,10,150,8,0.3430427114200248
716,3,10,150,8,0.2529427027676571
717,3,10,150,8,0.09785159463516042
718,3,10,150,8,0.0
719,3,10,150,8,0.0843142342558857
720,3,10,150,8,0.0
721,3,10,150,8,0.0843142342558857
722,3,10,150,8,0.0
723,3,10,150,8,0.0
724,3,10,150,8,0.0
725,3,10,150,8,0.0
726,3,10,150,8,0.0
727,3,10,150,8,0.0843142342558857
728,3,10,150,8,0.0
729,3,10,150,8,0.0
730,3,10,150,8,0.0
731,3,10,150,8,0.15958907712489634
732,3,10,150,8,0.0
733,3,10,150,8,0.0
734,3,10,150,8,0.09010000865236768
735,3,10,150,8,0.0
736,3,10,150,8,0.0
737,3,10,150,8,0.0
738,3,10,150,8,0.0
739,3,10,150,8,0.0
740,3,10,150,8,0.0
741,3,10,150,8,0.0843142342558857
742,3,10,150,8,0.0
743,3,10,150,8,0.0
744,3,10,150,8,0.0
745,3,10,150,8,0.07979453856244817
746,3,10,150,8,0.2067880872529163
747,3,10,150,8,0.10893649261775588
748,3,10,150,8,0.09785159463516042
749,3,10,150,8,0.5071514842383587
750,3,10,150,8,0.0
751,3,10,150,8,0.0
752,3,10,150,8,0.0
753,3,10,150,8,0.0
754,3,10,150,8,0.0
755,3,10,150,8,0.0
756,3,10,150,8,0.10893649261775588
757,3,10,150,8,0.15958907712489634
758,3,10,150,8,0.12647135138382856
759,3,10,150,8,0.0
760,3,10,150,8,0.0
761,3,10,150,8,0.0843142342558857
762,3,10,150,8,0.0
763,3,10,150,8,0.0
764,3,10,150,8,0.0
765,3,10,150,8,0.0
766,3,10,150,8,0.0
767,3,10,150,8,0.0
768,3,10,150,8,0.09010000865236768
769,3,10,150,8,0.0
770,3,10,150,8,0.2529427027676571
771,3,10,150,8,0.0
772,3,10,150,8,0.0
773,3,10,150,8,0.2529427027676571
774,3,10,150,8,0.0
775,3,10,150,8,0.0
776,3,10,150,8,0.0
777,3,10,150,8,0.0
778,3,10,150,8,0.15958907712489634
779,3,10,150,8,0.0
780,3,10,150,8,0.09785159463516042
781,3,10,150,8,0.0
782,3,10,150,8,0.0
783,3,10,150,8,0.0
784,3,10,150,8,0.0
785,3,10,150,8,0.15130120674940672
786,3,10,150,8,0.09785159463516042
787,3,10,150,8,0.0
788,3,10,150,8,0.0
789,3,10,150,8,0.0
790,3,10,150,8,0.15958907712489634
791,3,10,150,8,0.0
792,3,10,150,8,0.0
793,3,10,150,8,0.09785159463516042
794,3,10,150,8,0.09785159463516042
795,3,10,150,8,0.15958907712489634
796,3,10,150,8,0.0843142342558857
797,3,10,150,8,0.13905617951077562
798,3,10,150,8,0.0
799,3,10,150,8,0.1480409554829326
800,3,10,150,8,0.0
801,3,10,150,8,0.0
802,3,10,150,8,0.07979453856244817
803,3,10,150,8,0.0
804,3,10,150,8,0.5869460228008069
805,3,10,150,8,0.2529427027676571
806,3,10,150,8,0.0
807,3,10,150,8,0.3372569370235428
808,3,10,150,8,0.0
809,3,10,150,8,0.0
810,3,10,150,8,0.0
811,3,10,150,8,0.0
812,3,10,150,8,0.0
813,3,10,150,8,0.0
814,3,10,150,8,0.0
815,3,10,150,8,0.0
816,3,10,150,8,0.0
817,3,10,150,8,0.0
818,3,10,150,8,0.0
819,3,10,150,8,0.0
820,3,10,150,8,0.0
821,3,10,150,8,0.0
822,3,10,150,8,0.0
823,3,10,150,8,0.09010000865236768
824,3,10,150,8,0.0
825,3,10,150,8,0.26852556974265224
826,3,10,150,8,0.0
827,3,10,150,8,0.0
828,3,10,150,8,0.0
829,3,10,150,8,0.0
830,3,10,150,8,0.09010000865236768
831,3,10,150,8,0.0
832,3,10,150,8,0.0
833,3,10,150,8,0.0
834,3,10,150,8,0.0
835,3,10,150,8,0.0
836,3,10,150,8,0.0
837,3,10,150,8,0.0
838,3,10,150,8,0.0
839,3,10,150,8,0.0
840,3,10,150,8,0.0
841,3,10,150,8,0.0
842,3,10,150,8,0.0
843,3,10,150,8,0.0843142342558857
844,3,10,150,8,0.0
845,3,10,150,8,0.0
846,3,10,150,8,0.0843142342558857
847,3,10,150,8,0.0
848,3,10,150,8,0.0
849,3,10,150,8,0.0
850,3,10,150,8,0.0
851,3,10,150,8,0.2529427027676571
852,3,10,150,8,0.0
853,3,10,150,8,0.0
854,3,10,150,8,0.0
855,3,10,150,8,0.0
856,3,10,150,8,0.0
857,3,10,150,8,0.0
858,3,10,150,8,0.0
859,3,10,150,8,0.0
860,3,10,150,8,0.0
861,3,10,150,8,0.0
862,3,10,150,8,0.0
863,3,10,150,8,0.0
864,3,10,150,8,0.0843142342558857
865,3,10,150,8,0.0
866,3,10,150,8,0.0
867,3,10,150,8,0.13120507751234178
868,3,10,150,8,0.0
870,3,10,150,8,0.0
871,3,10,150,8,0.0
872,3,10,150,8,0.0
875,3,10,150,8,0.0
876,3,10,150,8,0.0
877,3,10,150,8,0.0
1,3,10,150,9,1.0
2,3,10,150,9,0.0
3,3,10,150,9,0.0
4,3,10,150,9,0.0
5,3,10,150,9,0.0
6,3,10,150,9,0.11752277470724268
7,3,10,150,9,0.23504554941448536
8,3,10,150,9,0.0
9,3,10,150,9,0.0
10,3,10,150,9,0.1882785354283233
11,3,10,150,9,0.0
12,3,10,150,9,0.0
13,3,10,150,9,0.1795771246837953
14,3,10,150,9,0.0
15,3,10,150,9,0.0
16,3,10,150,9,0.09092803061897883
17,3,10,150,9,0.0
18,3,10,150,9,0.1482972305701491
19,3,10,150,9,0.0
20,3,10,150,9,0.0
21,3,10,150,9,0.0
22,3,10,150,9,0.0
23,3,10,150,9,0.23504554941448536
24,3,10,150,9,0.09785159463516042
25,3,10,150,9,0.0
26,3,10,150,9,0.0
28,3,10,150,9,0.0
29,3,10,150,9,0.0
30,3,10,150,9,0.0979129253499678
31,3,10,150,9,0.0
32,3,10,150,9,0.0
33,3,10,150,9,0.0
34,3,10,150,9,0.0
35,3,10,150,9,0.0
37,3,10,150,9,0.0
38,3,10,150,9,0.0
39,3,10,150,9,0.0
40,3,10,150,9,0.0
41,3,10,150,9,0.0
42,3,10,150,9,0.07414861528507455
43,3,10,150,9,0.40702991834786617
44,3,10,150,9,0.0
45,3,10,150,9,0.0
46,3,10,150,9,0.0
47,3,10,150,9,0.0
48,3,10,150,9,0.0
49,3,10,150,9,0.08372491399919346
50,3,10,150,9,0.0
51,3,10,150,9,0.18953836965473142
52,3,10,150,9,0.0
53,3,10,150,9,0.09546043308946733
54,3,10,150,9,0.0
55,3,10,150,9,0.0
56,3,10,150,9,0.08372491399919346
57,3,10,150,9,0.0
58,3,10,150,9,0.0
59,3,10,150,9,0.10122860821230018
60,3,10,150,9,0.09092803061897883
61,3,10,150,9,0.0
62,3,10,150,9,0.07834851647149511
63,3,10,150,9,0.0
64,3,10,150,9,0.0
65,3,10,150,9,0.23504554941448536
66,3,10,150,9,0.0
67,3,10,150,9,0.0
68,3,10,150,9,0.0
69,3,10,150,9,0.0
70,3,10,150,9,0.0
71,3,10,150,9,0.0
72,3,10,150,9,0.2488015599032468
73,3,10,150,9,0.0
74,3,10,150,9,0.0
75,3,10,150,9,0.0
76,3,10,150,9,0.0
77,3,10,150,9,0.27487633291429087
78,3,10,150,9,0.0
79,3,10,150,9,0.0
80,3,10,150,9,0.0
81,3,10,150,9,0.0
82,3,10,150,9,0.0
83,3,10,150,9,0.07414861528507455
84,3,10,150,9,0.0
85,3,10,150,9,0.1482972305701491
86,3,10,150,9,0.0
87,3,10,150,9,0.0
88,3,10,150,9,0.0
89,3,10,150,9,0.23504554941448536
90,3,10,150,9,0.1482972305701491
91,3,10,150,9,0.16507664590405338
92,3,10,150,9,0.0
93,3,10,150,9,0.0
94,3,10,150,9,0.23504554941448536
95,3,10,150,9,0.08372491399919346
96,3,10,150,9,0.0
97,3,10,150,9,0.0
98,3,10,150,9,0.0
99,3,10,150,9,0.0
100,3,10,150,9,0.0
101,3,10,150,9,0.0
102,3,10,150,9,0.0
103,3,10,150,9,0.0
104,3,10,150,9,0.1882785354283233
106,3,10,150,9,0.0
107,3,10,150,9,0.0
108,3,10,150,9,0.0
109,3,10,150,9,0.0
110,3,10,150,9,0.0
111,3,10,150,9,0.0
112,3,10,150,9,0.0
113,3,10,150,9,0.0
114,3,10,150,9,0.0
115,3,10,150,9,0.0
116,3,10,150,9,0.0
117,3,10,150,9,0.0
118,3,10,150,9,0.0
119,3,10,150,9,0.0
121,3,10,150,9,0.0
122,3,10,150,9,0.0
123,3,10,150,9,0.46927872602275644
124,3,10,150,9,0.0
125,3,10,150,9,0.11752277470724268
126,3,10,150,9,0.0
127,3,10,150,9,0.0
128,3,10,150,9,0.0
129,3,10,150,9,0.0
130,3,10,150,9,0.0
131,3,10,150,9,0.19519002499605084
132,3,10,150,9,0.09109240322345806
133,3,10,150,9,0.0
134,3,10,150,9,0.0
135,3,10,150,9,0.0
136,3,10,150,9,0.26687965254220064
137,3,10,150,9,0.0
138,3,10,150,9,0.13012668333070054
139,3,10,150,9,0.0
140,3,10,150,9,0.0
141,3,10,150,9,0.23504554941448536
142,3,10,150,9,0.30260241349881345
143,3,10,150,9,0.0
144,3,10,150,9,0.24342516237554845
145,3,10,150,9,0.0
146,3,10,150,9,0.0
147,3,10,150,9,0.0
148,3,10,150,9,0.0
149,3,10,150,9,0.0
150,3,10,150,9,0.0
151,3,10,150,9,0.0
152,3,10,150,9,0.0
153,3,10,150,9,0.0
154,3,10,150,9,0.0
155,3,10,150,9,0.0
156,3,10,150,9,0.0
157,3,10,150,9,0.0
158,3,10,150,9,0.11752277470724268
159,3,10,150,9,0.1882785354283233
160,3,10,150,9,0.0
161,3,10,150,9,0.0
162,3,10,150,9,0.0
163,3,10,150,9,0.0
164,3,10,150,9,0.0
165,3,10,150,9,0.0
166,3,10,150,9,0.0
167,3,10,150,9,0.0
168,3,10,150,9,0.0
169,3,10,150,9,0.0
170,3,10,150,9,0.0
171,3,10,150,9,0.0
172,3,10,150,9,0.0
173,3,10,150,9,0.0
174,3,10,150,9,0.0
175,3,10,150,9,0.2987100207034456
176,3,10,150,9,0.0
177,3,10,150,9,0.0
178,3,10,150,9,0.17465294461817227
179,3,10,150,9,0.0
180,3,10,150,9,0.0
181,3,10,150,9,0.0
182,3,10,150,9,0.13120507751234178
183,3,10,150,9,0.0
184,3,10,150,9,0.0
185,3,10,150,9,0.0
186,3,10,150,9,0.0
187,3,10,150,9,0.09162544430476362
188,3,10,150,9,0.0
189,3,10,150,9,0.23504554941448536
190,3,10,150,9,0.0
191,3,10,150,9,0.0
192,3,10,150,9,0.0
193,3,10,150,9,0.0
194,3,10,150,9,0.08372491399919346
195,3,10,150,9,0.0
196,3,10,150,9,0.17342765698823945
197,3,10,150,9,0.0
198,3,10,150,9,0.21875138291954288
199,3,10,150,9,0.0
200,3,10,150,9,0.0
201,3,10,150,9,0.4742708106036133
202,3,10,150,9,0.0
203,3,10,150,9,0.0
204,3,10,150,9,0.0
205,3,10,150,9,0.0
206,3,10,150,9,0.0
207,3,10,150,9,0.0
208,3,10,150,9,0.0
209,3,10,150,9,0.0
210,3,10,150,9,0.0
211,3,10,150,9,0.0
212,3,10,150,9,0.0
213,3,10,150,9,0.0
214,3,10,150,9,0.0
215,3,10,150,9,0.1882785354283233
216,3,10,150,9,0.1719843689333808
217,3,10,150,9,0.0
218,3,10,150,9,0.0
219,3,10,150,9,0.0
220,3,10,150,9,0.0
221,3,10,150,9,0.11752277470724268
222,3,10,150,9,0.17465294461817227
223,3,10,150,9,0.0
224,3,10,150,9,0.0
225,3,10,150,9,0.0
226,3,10,150,9,0.0
227,3,10,150,9,0.0
229,3,10,150,9,0.0
230,3,10,150,9,0.0
231,3,10,150,9,0.0
232,3,10,150,9,0.0
233,3,10,150,9,0.09092803061897883
234,3,10,150,9,0.23504554941448536
235,3,10,150,9,0.0
236,3,10,150,9,0.07834851647149511
237,3,10,150,9,0.0
238,3,10,150,9,0.0
239,3,10,150,9,0.0
240,3,10,150,9,0.0
241,3,10,150,9,0.0
242,3,10,150,9,0.0
243,3,10,150,9,0.0
244,3,10,150,9,0.23504554941448536
245,3,10,150,9,0.0
246,3,10,150,9,0.0
247,3,10,150,9,0.15642624200758548
248,3,10,150,9,0.11838279295536291
249,3,10,150,9,0.23504554941448536
250,3,10,150,9,0.07075576072108061
251,3,10,150,9,0.0
252,3,10,150,9,0.0
253,3,10,150,9,0.0
254,3,10,150,9,0.0
255,3,10,150,9,0.0
256,3,10,150,9,0.0
257,3,10,150,9,0.0
258,3,10,150,9,0.0
259,3,10,150,9,0.0
260,3,10,150,9,0.0
261,3,10,150,9,0.0
262,3,10,150,9,0.0
263,3,10,150,9,0.23504554941448536
264,3,10,150,9,0.23504554941448536
265,3,10,150,9,0.0
266,3,10,150,9,0.0
267,3,10,150,9,0.07075576072108061
268,3,10,150,9,0.15249713175656968
269,3,10,150,9,0.0
270,3,10,150,9,0.0
271,3,10,150,9,0.07414861528507455
272,3,10,150,9,0.0
273,3,10,150,9,0.0
274,3,10,150,9,0.0
275,3,10,150,9,0.0
276,3,10,150,9,0.33627415762678553
277,3,10,150,9,0.0
278,3,10,150,9,0.0
279,3,10,150,9,0.1482972305701491
280,3,10,150,9,0.11752277470724268
281,3,10,150,9,0.0
282,3,10,150,9,0.0
283,3,10,150,9,0.0
284,3,10,150,9,0.0
285,3,10,150,9,0.0
286,3,10,150,9,0.0
287,3,10,150,9,0.0
288,3,10,150,9,0.0
289,3,10,150,9,0.0
290,3,10,150,9,0.1795771246837953
291,3,10,150,9,0.23504554941448536
292,3,10,150,9,0.2488015599032468
293,3,10,150,9,0.08372491399919346
294,3,10,150,9,0.0
295,3,10,150,9,0.0
296,3,10,150,9,0.09092803061897883
297,3,10,150,9,0.0
298,3,10,150,9,0.0
299,3,10,150,9,0.10122860821230018
300,3,10,150,9,0.0
301,3,10,150,9,0.31339406588598046
302,3,10,150,9,0.0
303,3,10,150,9,0.21875138291954288
304,3,10,150,9,0.0
305,3,10,150,9,0.07414861528507455
306,3,10,150,9,0.0
307,3,10,150,9,0.0
308,3,10,150,9,0.10122860821230018
309,3,10,150,9,0.0
310,3,10,150,9,0.0
311,3,10,150,9,0.21875138291954288
312,3,10,150,9,0.1719843689333808
313,3,10,150,9,0.0
314,3,10,150,9,0.11752277470724268
315,3,10,150,9,0.09785159463516042
316,3,10,150,9,0.0
317,3,10,150,9,0.0
318,3,10,150,9,0.0
319,3,10,150,9,0.0
320,3,10,150,9,0.0
321,3,10,150,9,0.0
322,3,10,150,9,0.0
323,3,10,150,9,0.10122860821230018
324,3,10,150,9,0.0
325,3,10,150,9,0.0
326,3,10,150,9,0.157873529284268
327,3,10,150,9,0.0
328,3,10,150,9,0.20124768870643614
329,3,10,150,9,0.0
330,3,10,150,9,0.3091941646995599
331,3,10,150,9,0.0
332,3,10,150,9,0.0
333,3,10,150,9,0.0
334,3,10,150,9,0.33627415762678553
335,3,10,150,9,0.0
336,3,10,150,9,0.0
337,3,10,150,9,0.0
338,3,10,150,9,0.0
339,3,10,150,9,0.0
340,3,10,150,9,0.12647135138382856
341,3,10,150,9,0.0
342,3,10,150,9,0.0
343,3,10,150,9,0.38334277998463445
344,3,10,150,9,0.07834851647149511
345,3,10,150,9,0.23504554941448536
346,3,10,150,9,0.07414861528507455
347,3,10,150,9,0.0
348,3,10,150,9,0.0
349,3,10,150,9,0.0
350,3,10,150,9,0.10122860821230018
351,3,10,150,9,0.0
352,3,10,150,9,0.0
353,3,10,150,9,0.0
354,3,10,150,9,0.0
355,3,10,150,9,0.0
356,3,10,150,9,0.0
357,3,10,150,9,0.0
358,3,10,150,9,0.23504554941448536
359,3,10,150,9,0.0
360,3,10,150,9,0.10122860821230018
361,3,10,150,9,0.0
362,3,10,150,9,0.0
363,3,10,150,9,0.33627415762678553
364,3,10,150,9,0.0
365,3,10,150,9,0.0
366,3,10,150,9,0.0
367,3,10,150,9,0.11752277470724268
368,3,10,150,9,0.0
369,3,10,150,9,0.0
370,3,10,150,9,0.0
371,3,10,150,9,0.0
372,3,10,150,9,0.10122860821230018
373,3,10,150,9,0.28259942061129606
374,3,10,150,9,0.23504554941448536
375,3,10,150,9,0.0
376,3,10,150,9,0.0
377,3,10,150,9,0.0
378,3,10,150,9,0.08372491399919346
379,3,10,150,9,0.08372491399919346
380,3,10,150,9,0.0
381,3,10,150,9,0.0
382,3,10,150,9,0.0
383,3,10,150,9,0.0
384,3,10,150,9,0.0
385,3,10,150,9,0.2190529912912297
386,3,10,150,9,0.0
387,3,10,150,9,0.07075576072108061
388,3,10,150,9,0.0
389,3,10,150,9,0.1795771246837953
390,3,10,150,9,0.21398626473452756
391,3,10,150,9,0.35256832412172806
392,3,10,150,9,0.0
393,3,10,150,9,0.3187704634136788
394,3,10,150,9,0.0
395,3,10,150,9,0.0
396,3,10,150,9,0.0
397,3,10,150,9,0.0
398,3,10,150,9,0.07075576072108061
399,3,10,150,9,0.0
400,3,10,150,9,0.0
401,3,10,150,9,0.0
402,3,10,150,9,0.45379693233402824
403,3,10,150,9,0.0
404,3,10,150,9,0.0
405,3,10,150,9,0.4540985407057151
406,3,10,150,9,0.3895262241347594
407,3,10,150,9,0.1795771246837953
408,3,10,150,9,0.0
409,3,10,150,9,0.1482972305701491
410,3,10,150,9,0.0
411,3,10,150,9,0.0
412,3,10,150,9,0.0
413,3,10,150,9,0.10122860821230018
414,3,10,150,9,0.0
415,3,10,150,9,0.0
416,3,10,150,9,0.23922526118912793
417,3,10,150,9,0.16207343047068856
418,3,10,150,9,0.0
419,3,10,150,9,0.13032376591037062
420,3,10,150,9,0.0
421,3,10,150,9,0.0
422,3,10,150,9,0.0
423,3,10,150,9,0.0
424,3,10,150,9,0.07414861528507455
425,3,10,150,9,0.0
426,3,10,150,9,0.0
427,3,10,150,9,0.0
428,3,10,150,9,0.0
429,3,10,150,9,0.27539630399151066
430,3,10,150,9,0.07834851647149511
431,3,10,150,9,0.0
432,3,10,150,9,0.0
433,3,10,150,9,0.0
434,3,10,150,9,0.23504554941448536
435,3,10,150,9,0.5595270501044358
436,3,10,150,9,0.11752277470724268
437,3,10,150,9,0.0
438,3,10,150,9,0.0
439,3,10,150,9,0.0
440,3,10,150,9,0.0
441,3,10,150,9,0.0
442,3,10,150,9,0.11752277470724268
443,3,10,150,9,0.0
444,3,10,150,9,0.19519002499605084
445,3,10,150,9,0.0
446,3,10,150,9,0.0
447,3,10,150,9,0.08372491399919346
448,3,10,150,9,0.0
449,3,10,150,9,0.0
450,3,10,150,9,0.32448150068995046
451,3,10,150,9,0.0
452,3,10,150,9,0.0
453,3,10,150,9,0.26582000527739175
454,3,10,150,9,0.0
455,3,10,150,9,0.44349635474070687
456,3,10,150,9,0.23504554941448536
457,3,10,150,9,0.8379265695293113
458,3,10,150,9,0.16927654709047393
459,3,10,150,9,0.0
460,3,10,150,9,0.0
461,3,10,150,9,0.10778915452451093
462,3,10,150,9,0.0
463,3,10,150,9,0.23202214456934253
464,3,10,150,9,0.0
465,3,10,150,9,0.11752277470724268
466,3,10,150,9,0.16168379134005945
467,3,10,150,9,0.0
468,3,10,150,9,0.419999071625979
469,3,10,150,9,0.0
470,3,10,150,9,0.0
471,3,10,150,9,0.0
472,3,10,150,9,0.3259735800334642
473,3,10,150,9,0.0
474,3,10,150,9,0.5895772270881399
475,3,10,150,9,0.0
476,3,10,150,9,0.2190529912912297
477,3,10,150,9,0.0
478,3,10,150,9,0.38334277998463445
479,3,10,150,9,0.0
480,3,10,150,9,0.08372491399919346
481,3,10,150,9,0.0
482,3,10,150,9,0.10209739512291163
483,3,10,150,9,0.07414861528507455
484,3,10,150,9,0.23504554941448536
485,3,10,150,9,0.0
486,3,10,150,9,0.0
487,3,10,150,9,0.08372491399919346
488,3,10,150,9,0.1482972305701491
489,3,10,150,9,0.0
490,3,10,150,9,0.11752277470724268
491,3,10,150,9,0.0
492,3,10,150,9,0.0
493,3,10,150,9,0.33627415762678553
494,3,10,150,9,0.0
495,3,10,150,9,0.11752277470724268
496,3,10,150,9,0.0
497,3,10,150,9,0.09092803061897883
498,3,10,150,9,0.0
499,3,10,150,9,0.10122860821230018
500,3,10,150,9,0.10122860821230018
501,3,10,150,9,0.0
502,3,10,150,9,0.0
503,3,10,150,9,0.46367483941983395
504,3,10,150,9,0.16168379134005945
505,3,10,150,9,0.0
506,3,10,150,9,0.0
507,3,10,150,9,0.0
508,3,10,150,9,0.17537722349737472
509,3,10,150,9,0.0
510,3,10,150,9,0.0
511,3,10,150,9,0.0
512,3,10,150,9,0.0
513,3,10,150,9,0.0
514,3,10,150,9,0.1719843689333808
515,3,10,150,9,0.0
516,3,10,150,9,0.0
517,3,10,150,9,0.0
518,3,10,150,9,0.0
519,3,10,150,9,0.0
520,3,10,150,9,0.0
521,3,10,150,9,0.23504554941448536
522,3,10,150,9,0.11752277470724268
523,3,10,150,9,0.23504554941448536
524,3,10,150,9,0.0
525,3,10,150,9,0.0
526,3,10,150,9,0.0
527,3,10,150,9,0.37994992542064054
528,3,10,150,9,0.07414861528507455
529,3,10,150,9,0.0
530,3,10,150,9,0.0
531,3,10,150,9,0.0
532,3,10,150,9,0.33627415762678553
533,3,10,150,9,0.5050654558782977
534,3,10,150,9,0.09092803061897883
535,3,10,150,9,0.41831713703396145
536,3,10,150,9,0.07075576072108061
537,3,10,150,9,0.0
538,3,10,150,9,0.1482972305701491
539,3,10,150,9,0.0
540,3,10,150,9,0.0
541,3,10,150,9,0.0
542,3,10,150,9,0.11752277470724268
543,3,10,150,9,0.0
544,3,10,150,9,0.0
545,3,10,150,9,0.23504554941448536
546,3,10,150,9,0.0
547,3,10,150,9,0.0
548,3,10,150,9,0.1795771246837953
549,3,10,150,9,0.0
550,3,10,150,9,0.10122860821230018
551,3,10,150,9,0.367048613489692
552,3,10,150,9,0.0
553,3,10,150,9,0.09092803061897883
554,3,10,150,9,0.0
555,3,10,150,9,0.0
556,3,10,150,9,0.1482972305701491
557,3,10,150,9,0.07834851647149511
558,3,10,150,9,0.21398626473452756
559,3,10,150,9,0.0
560,3,10,150,9,0.1491042771925757
561,3,10,150,9,0.21875138291954288
562,3,10,150,9,0.0
563,3,10,150,9,0.0
564,3,10,150,9,0.0
565,3,10,150,9,0.09092803061897883
566,3,10,150,9,0.2266457470416442
567,3,10,150,9,0.4350965523678657
568,3,10,150,9,0.0
569,3,10,150,9,0.0
570,3,10,150,9,0.0
571,3,10,150,9,0.0
572,3,10,150,9,0.30260241349881345
573,3,10,150,9,0.0
574,3,10,150,9,0.0
575,3,10,150,9,0.0
576,3,10,150,9,0.0
577,3,10,150,9,0.41462267409828063
578,3,10,150,9,0.0
579,3,10,150,9,0.07075576072108061
580,3,10,150,9,0.0
581,3,10,150,9,0.0
582,3,10,150,9,0.11752277470724268
583,3,10,150,9,0.0
584,3,10,150,9,0.1491042771925757
585,3,10,150,9,0.09092803061897883
586,3,10,150,9,0.2488015599032468
587,3,10,150,9,0.0
588,3,10,150,9,0.3091941646995599
589,3,10,150,9,0.0
590,3,10,150,9,0.1482972305701491
591,3,10,150,9,0.0
592,3,10,150,9,0.367048613489692
593,3,10,150,9,0.11752277470724268
594,3,10,150,9,0.0
595,3,10,150,9,0.0
596,3,10,150,9,0.0
597,3,10,150,9,0.0
598,3,10,150,9,0.0
599,3,10,150,9,0.0
600,3,10,150,9,0.2190529912912297
601,3,10,150,9,0.4540985407057151
602,3,10,150,9,0.0
603,3,10,150,9,0.10122860821230018
604,3,10,150,9,0.0
605,3,10,150,9,0.11752277470724268
606,3,10,150,9,0.34416852174888685
607,3,10,150,9,0.0
608,3,10,150,9,0.23504554941448536
609,3,10,150,9,0.0
610,3,10,150,9,0.0
611,3,10,150,9,0.0
612,3,10,150,9,0.09162544430476362
613,3,10,150,9,0.08372491399919346
614,3,10,150,9,0.23504554941448536
615,3,10,150,9,0.0
616,3,10,150,9,0.0
617,3,10,150,9,0.0
618,3,10,150,9,0.23504554941448536
619,3,10,150,9,0.07834851647149511
620,3,10,150,9,0.3259735800334642
621,3,10,150,9,0.0
622,3,10,150,9,0.4641600882587958
623,3,10,150,9,0.07414861528507455
624,3,10,150,9,0.0
625,3,10,150,9,0.11752277470724268
626,3,10,150,9,0.0
627,3,10,150,9,0.305801310135566
628,3,10,150,9,0.0
629,3,10,150,9,0.23922526118912793
630,3,10,150,9,0.09092803061897883
631,3,10,150,9,0.0
632,3,10,150,9,0.0
633,3,10,150,9,0.0
634,3,10,150,9,0.11752277470724268
635,3,10,150,9,0.0
636,3,10,150,9,0.30260241349881345
637,3,10,150,9,0.0
638,3,10,150,9,0.0
639,3,10,150,9,0.0
640,3,10,150,9,0.19587129117873778
641,3,10,150,9,0.07075576072108061
642,3,10,150,9,0.42332408484280865
643,3,10,150,9,0.5792140711633723
644,3,10,150,9,0.0
645,3,10,150,9,0.07414861528507455
646,3,10,150,9,0.1482972305701491
647,3,10,150,9,0.0
648,3,10,150,9,0.09092803061897883
649,3,10,150,9,0.0
650,3,10,150,9,0.33627415762678553
651,3,10,150,9,0.0
652,3,10,150,9,0.0
653,3,10,150,9,0.40702991834786617
654,3,10,150,9,0.10122860821230018
655,3,10,150,9,0.09092803061897883
656,3,10,150,9,0.0
657,3,10,150,9,0.23504554941448536
658,3,10,150,9,0.09092803061897883
659,3,10,150,9,0.17465294461817227
660,3,10,150,9,0.0
661,3,10,150,9,0.07075576072108061
662,3,10,150,9,0.0
663,3,10,150,9,0.3495449192765852
664,3,10,150,9,0.6637258423732144
665,3,10,150,9,0.11752277470724268
666,3,10,150,9,0.2488015599032468
667,3,10,150,9,0.0
668,3,10,150,9,0.0
669,3,10,150,9,0.41072438128354694
670,3,10,150,9,0.0
671,3,10,150,9,0.3895262241347594
672,3,10,150,9,0.0
673,3,10,150,9,0.0
674,3,10,150,9,0.0
675,3,10,150,9,0.0
676,3,10,150,9,0.40012219531853876
677,3,10,150,9,0.0
678,3,10,150,9,0.0
679,3,10,150,9,0.0
680,3,10,150,9,0.0
681,3,10,150,9,0.0
682,3,10,150,9,0.8041287088212622
683,3,10,150,9,0.0
684,3,10,150,9,0.08372491399919346
685,3,10,150,9,0.0
686,3,10,150,9,0.08372491399919346
687,3,10,150,9,0.0
688,3,10,150,9,0.0
689,3,10,150,9,0.35256832412172806
690,3,10,150,9,0.45379693233402824
691,3,10,150,9,0.38334277998463445
692,3,10,150,9,0.0
693,3,10,150,9,0.10122860821230018
694,3,10,150,9,0.16207343047068856
695,3,10,150,9,0.0
696,3,10,150,9,0.0
697,3,10,150,9,0.0
698,3,10,150,9,0.0
699,3,10,150,9,0.0
700,3,10,150,9,0.0
701,3,10,150,9,0.0
702,3,10,150,9,0.0
703,3,10,150,9,0.23202214456934253
704,3,10,150,9,0.07414861528507455
705,3,10,150,9,0.38334277998463445
706,3,10,150,9,0.0
707,3,10,150,9,0.367048613489692
708,3,10,150,9,0.0
709,3,10,150,9,0.07414861528507455
710,3,10,150,9,0.4073993680667172
711,3,10,150,9,0.2084508053262215
712,3,10,150,9,0.07414861528507455
713,3,10,150,9,0.0
714,3,10,150,9,0.10122860821230018
715,3,10,150,9,0.3187704634136788
716,3,10,150,9,0.305801310135566
717,3,10,150,9,0.09092803061897883
718,3,10,150,9,0.0
719,3,10,150,9,0.07834851647149511
720,3,10,150,9,0.0
721,3,10,150,9,0.07834851647149511
722,3,10,150,9,0.0
723,3,10,150,9,0.0
724,3,10,150,9,0.0
725,3,10,150,9,0.0
726,3,10,150,9,0.0
727,3,10,150,9,0.1491042771925757
728,3,10,150,9,0.0
729,3,10,150,9,0.0
730,3,10,150,9,0.0
731,3,10,150,9,0.1482972305701491
732,3,10,150,9,0.0
733,3,10,150,9,0.0
734,3,10,150,9,0.08372491399919346
735,3,10,150,9,0.07075576072108061
736,3,10,150,9,0.0
737,3,10,150,9,0.07075576072108061
738,3,10,150,9,0.07075576072108061
739,3,10,150,9,0.0
740,3,10,150,9,0.0
741,3,10,150,9,0.07834851647149511
742,3,10,150,9,0.0
743,3,10,150,9,0.0
744,3,10,150,9,0.0
745,3,10,150,9,0.07414861528507455
746,3,10,150,9,0.2629123995523596
747,3,10,150,9,0.1719843689333808
748,3,10,150,9,0.09092803061897883
749,3,10,150,9,0.47126759517024847
750,3,10,150,9,0.0
751,3,10,150,9,0.0
752,3,10,150,9,0.0
753,3,10,150,9,0.0
754,3,10,150,9,0.0
755,3,10,150,9,0.0
756,3,10,150,9,0.10122860821230018
757,3,10,150,9,0.1482972305701491
758,3,10,150,9,0.11752277470724268
759,3,10,150,9,0.0
760,3,10,150,9,0.0
761,3,10,150,9,0.07834851647149511
762,3,10,150,9,0.0
763,3,10,150,9,0.0
764,3,10,150,9,0.0
765,3,10,150,9,0.0
766,3,10,150,9,0.0
767,3,10,150,9,0.0
768,3,10,150,9,0.08372491399919346
769,3,10,150,9,0.0
770,3,10,150,9,0.23504554941448536
771,3,10,150,9,0.0
772,3,10,150,9,0.0
773,3,10,150,9,0.23504554941448536
774,3,10,150,9,0.0
775,3,10,150,9,0.0
776,3,10,150,9,0.0
777,3,10,150,9,0.0
778,3,10,150,9,0.1482972305701491
779,3,10,150,9,0.0
780,3,10,150,9,0.09092803061897883
781,3,10,150,9,0.0
782,3,10,150,9,0.0
783,3,10,150,9,0.0
784,3,10,150,9,0.0
785,3,10,150,9,0.15130120674940672
786,3,10,150,9,0.16168379134005945
787,3,10,150,9,0.0
788,3,10,150,9,0.0
789,3,10,150,9,0.0
790,3,10,150,9,0.1482972305701491
791,3,10,150,9,0.0
792,3,10,150,9,0.07075576072108061
793,3,10,150,9,0.09092803061897883
794,3,10,150,9,0.09092803061897883
795,3,10,150,9,0.1482972305701491
796,3,10,150,9,0.07834851647149511
797,3,10,150,9,0.13905617951077562
798,3,10,150,9,0.0
799,3,10,150,9,0.1480409554829326
800,3,10,150,9,0.0
801,3,10,150,9,0.0
802,3,10,150,9,0.07414861528507455
803,3,10,150,9,0.0
804,3,10,150,9,0.5454162104553231
805,3,10,150,9,0.23504554941448536
806,3,10,150,9,0.0
807,3,10,150,9,0.31339406588598046
808,3,10,150,9,0.0
809,3,10,150,9,0.0
810,3,10,150,9,0.0
811,3,10,150,9,0.0
812,3,10,150,9,0.0
813,3,10,150,9,0.0
814,3,10,150,9,0.0
815,3,10,150,9,0.0
816,3,10,150,9,0.0
817,3,10,150,9,0.0
818,3,10,150,9,0.0
819,3,10,150,9,0.0
820,3,10,150,9,0.0
821,3,10,150,9,0.0
822,3,10,150,9,0.0
823,3,10,150,9,0.15448067472027407
824,3,10,150,9,0.0
825,3,10,150,9,0.24952583878244927
826,3,10,150,9,0.0
827,3,10,150,9,0.0
828,3,10,150,9,0.0
829,3,10,150,9,0.0
830,3,10,150,9,0.08372491399919346
831,3,10,150,9,0.0
832,3,10,150,9,0.0
833,3,10,150,9,0.07075576072108061
834,3,10,150,9,0.0
835,3,10,150,9,0.0
836,3,10,150,9,0.0
837,3,10,150,9,0.0
838,3,10,150,9,0.0
839,3,10,150,9,0.0
840,3,10,150,9,0.0
841,3,10,150,9,0.0
842,3,10,150,9,0.0
843,3,10,150,9,0.07834851647149511
844,3,10,150,9,0.0
845,3,10,150,9,0.0
846,3,10,150,9,0.07834851647149511
847,3,10,150,9,0.0
848,3,10,150,9,0.0
849,3,10,150,9,0.0
850,3,10,150,9,0.0
851,3,10,150,9,0.23504554941448536
852,3,10,150,9,0.0
853,3,10,150,9,0.0
854,3,10,150,9,0.0
855,3,10,150,9,0.0
856,3,10,150,9,0.0
857,3,10,150,9,0.0
858,3,10,150,9,0.0
859,3,10,150,9,0.0
860,3,10,150,9,0.0
861,3,10,150,9,0.0
862,3,10,150,9,0.0
863,3,10,150,9,0.0
864,3,10,150,9,0.07834851647149511
865,3,10,150,9,0.0
866,3,10,150,9,0.0
867,3,10,150,9,0.13120507751234178
868,3,10,150,9,0.0
870,3,10,150,9,0.0
871,3,10,150,9,0.0
872,3,10,150,9,0.0
875,3,10,150,9,0.0
876,3,10,150,9,0.0
877,3,10,150,9,0.0
1,3,10,150,10,1.0
2,3,10,150,10,0.06362078819895171
3,3,10,150,10,0.0
4,3,10,150,10,0.0
5,3,10,150,10,0.0
6,3,10,150,10,0.11004588314904008
7,3,10,150,10,0.22009176629808017
8,3,10,150,10,0.0
9,3,10,150,10,0.0
10,3,10,150,10,0.17630010660342912
11,3,10,150,10,0.0
12,3,10,150,10,0.0
13,3,10,150,10,0.1681522864689108
14,3,10,150,10,0.0
15,3,10,150,10,0.0
16,3,10,150,10,0.08514311764162098
17,3,10,150,10,0.0
18,3,10,150,10,0.13886244387355454
19,3,10,150,10,0.0
20,3,10,150,10,0.0
21,3,10,150,10,0.0
22,3,10,150,10,0.0
23,3,10,150,10,0.22009176629808017
24,3,10,150,10,0.09785159463516042
25,3,10,150,10,0.0
26,3,10,150,10,0.0
28,3,10,150,10,0.0
29,3,10,150,10,0.0
30,3,10,150,10,0.0979129253499678
31,3,10,150,10,0.0
32,3,10,150,10,0.0
33,3,10,150,10,0.0
34,3,10,150,10,0.0
35,3,10,150,10,0.0
37,3,10,150,10,0.0
38,3,10,150,10,0.0
39,3,10,150,10,0.0
40,3,10,150,10,0.0
41,3,10,150,10,0.0
42,3,10,150,10,0.06943122193677727
43,3,10,150,10,0.38113435412202
44,3,10,150,10,0.0
45,3,10,150,10,0.0
46,3,10,150,10,0.0
47,3,10,150,10,0.0
48,3,10,150,10,0.0874717141014082
49,3,10,150,10,0.07839826897867533
50,3,10,150,10,0.0
51,3,10,150,10,0.18953836965473142
52,3,10,150,10,0.0
53,3,10,150,10,0.09546043308946733
54,3,10,150,10,0.0
55,3,10,150,10,0.0
56,3,10,150,10,0.07839826897867533
57,3,10,150,10,0.0
58,3,10,150,10,0.0
59,3,10,150,10,0.09478836436955078
60,3,10,150,10,0.08514311764162098
61,3,10,150,10,0.0
62,3,10,150,10,0.07336392209936005
63,3,10,150,10,0.0
64,3,10,150,10,0.0
65,3,10,150,10,0.28371255449703187
66,3,10,150,10,0.0
67,3,10,150,10,0.0
68,3,10,150,10,0.0
69,3,10,150,10,0.0
70,3,10,150,10,0.0
71,3,10,150,10,0.0
72,3,10,150,10,0.23297260855707355
73,3,10,150,10,0.0
74,3,10,150,10,0.0
75,3,10,150,10,0.0
76,3,10,150,10,0.0
77,3,10,150,10,0.27487633291429087
78,3,10,150,10,0.0
79,3,10,150,10,0.0
80,3,10,150,10,0.0
81,3,10,150,10,0.0
82,3,10,150,10,0.06362078819895171
83,3,10,150,10,0.06943122193677727
84,3,10,150,10,0.0
85,3,10,150,10,0.13886244387355454
86,3,10,150,10,0.0
87,3,10,150,10,0.06362078819895171
88,3,10,150,10,0.0
89,3,10,150,10,0.22009176629808017
90,3,10,150,10,0.13886244387355454
91,3,10,150,10,0.15457433957839825
92,3,10,150,10,0.0
93,3,10,150,10,0.0
94,3,10,150,10,0.22009176629808017
95,3,10,150,10,0.07839826897867533
96,3,10,150,10,0.0
97,3,10,150,10,0.0
98,3,10,150,10,0.0
99,3,10,150,10,0.0
100,3,10,150,10,0.0
101,3,10,150,10,0.0
102,3,10,150,10,0.0
103,3,10,150,10,0.0
104,3,10,150,10,0.17630010660342912
106,3,10,150,10,0.0
107,3,10,150,10,0.0
108,3,10,150,10,0.0
109,3,10,150,10,0.0
110,3,10,150,10,0.0
111,3,10,150,10,0.0
112,3,10,150,10,0.0
113,3,10,150,10,0.0
114,3,10,150,10,0.0
115,3,10,150,10,0.0
116,3,10,150,10,0.0
117,3,10,150,10,0.0
118,3,10,150,10,0.0
119,3,10,150,10,0.0
121,3,10,150,10,0.0
122,3,10,150,10,0.0
123,3,10,150,10,0.46927872602275644
124,3,10,150,10,0.0
125,3,10,150,10,0.11004588314904008
126,3,10,150,10,0.0
127,3,10,150,10,0.0
128,3,10,150,10,0.0
129,3,10,150,10,0.0
130,3,10,150,10,0.0
131,3,10,150,10,0.19519002499605084
132,3,10,150,10,0.09109240322345806
133,3,10,150,10,0.0
134,3,10,150,10,0.0
135,3,10,150,10,0.0
136,3,10,150,10,0.26687965254220064
137,3,10,150,10,0.0
138,3,10,150,10,0.13012668333070054
139,3,10,150,10,0.0
140,3,10,150,10,0.0
141,3,10,150,10,0.22009176629808017
142,3,10,150,10,0.30260241349881345
143,3,10,150,10,0.0
144,3,10,150,10,0.22793826167775827
145,3,10,150,10,0.0
146,3,10,150,10,0.0
147,3,10,150,10,0.0
148,3,10,150,10,0.0
149,3,10,150,10,0.0
150,3,10,150,10,0.0
151,3,10,150,10,0.0
152,3,10,150,10,0.0
153,3,10,150,10,0.0
154,3,10,150,10,0.0
155,3,10,150,10,0.0
156,3,10,150,10,0.0
157,3,10,150,10,0.0
158,3,10,150,10,0.11004588314904008
159,3,10,150,10,0.17630010660342912
160,3,10,150,10,0.0
161,3,10,150,10,0.0
162,3,10,150,10,0.0
163,3,10,150,10,0.0
164,3,10,150,10,0.0
165,3,10,150,10,0.0
166,3,10,150,10,0.0
167,3,10,150,10,0.0
168,3,10,150,10,0.0
169,3,10,150,10,0.0
170,3,10,150,10,0.0
171,3,10,150,10,0.0
172,3,10,150,10,0.0
173,3,10,150,10,0.0
174,3,10,150,10,0.0
175,3,10,150,10,0.2987100207034456
176,3,10,150,10,0.0
177,3,10,150,10,0.0
178,3,10,150,10,0.1635413866202963
179,3,10,150,10,0.0
180,3,10,150,10,0.0
181,3,10,150,10,0.0
182,3,10,150,10,0.13120507751234178
183,3,10,150,10,0.0
184,3,10,150,10,0.0
185,3,10,150,10,0.0
186,3,10,150,10,0.0
187,3,10,150,10,0.09162544430476362
188,3,10,150,10,0.0
189,3,10,150,10,0.22009176629808017
190,3,10,150,10,0.0
191,3,10,150,10,0.0
192,3,10,150,10,0.0
193,3,10,150,10,0.0
194,3,10,150,10,0.07839826897867533
195,3,10,150,10,0.0
196,3,10,150,10,0.17342765698823945
197,3,10,150,10,0.0
198,3,10,150,10,0.20483424751859086
199,3,10,150,10,0.0
200,3,10,150,10,0.0
201,3,10,150,10,0.4440973278132557
202,3,10,150,10,0.0
203,3,10,150,10,0.0
204,3,10,150,10,0.0
205,3,10,150,10,0.0
206,3,10,150,10,0.0
207,3,10,150,10,0.0
208,3,10,150,10,0.0
209,3,10,150,10,0.0
210,3,10,150,10,0.0
211,3,10,150,10,0.0
212,3,10,150,10,0.0
213,3,10,150,10,0.0
214,3,10,150,10,0.0
215,3,10,150,10,0.17630010660342912
216,3,10,150,10,0.22466337602289155
217,3,10,150,10,0.0
218,3,10,150,10,0.0
219,3,10,150,10,0.0
220,3,10,150,10,0.0
221,3,10,150,10,0.1736666713479918
222,3,10,150,10,0.1635413866202963
223,3,10,150,10,0.0
224,3,10,150,10,0.0
225,3,10,150,10,0.0
226,3,10,150,10,0.0
227,3,10,150,10,0.0
229,3,10,150,10,0.0
230,3,10,150,10,0.0
231,3,10,150,10,0.0
232,3,10,150,10,0.0
233,3,10,150,10,0.08514311764162098
234,3,10,150,10,0.28371255449703187
235,3,10,150,10,0.0
236,3,10,150,10,0.13698471029831175
237,3,10,150,10,0.0
238,3,10,150,10,0.0
239,3,10,150,10,0.0
240,3,10,150,10,0.0
241,3,10,150,10,0.0
242,3,10,150,10,0.0
243,3,10,150,10,0.0
244,3,10,150,10,0.22009176629808017
245,3,10,150,10,0.0
246,3,10,150,10,0.0
247,3,10,150,10,0.15642624200758548
248,3,10,150,10,0.11838279295536291
249,3,10,150,10,0.22009176629808017
250,3,10,150,10,0.06625422345438903
251,3,10,150,10,0.0
252,3,10,150,10,0.0
253,3,10,150,10,0.0
254,3,10,150,10,0.06362078819895171
255,3,10,150,10,0.0
256,3,10,150,10,0.0
257,3,10,150,10,0.0
258,3,10,150,10,0.0
259,3,10,150,10,0.0
260,3,10,150,10,0.0
261,3,10,150,10,0.0
262,3,10,150,10,0.0
263,3,10,150,10,0.22009176629808017
264,3,10,150,10,0.28371255449703187
265,3,10,150,10,0.0
266,3,10,150,10,0.0
267,3,10,150,10,0.06625422345438903
268,3,10,150,10,0.20641593223508903
269,3,10,150,10,0.0
270,3,10,150,10,0.0
271,3,10,150,10,0.06943122193677727
272,3,10,150,10,0.0
273,3,10,150,10,0.0
274,3,10,150,10,0.0
275,3,10,150,10,0.0
276,3,10,150,10,0.31488013066763093
277,3,10,150,10,0.0
278,3,10,150,10,0.0
279,3,10,150,10,0.13886244387355454
280,3,10,150,10,0.11004588314904008
281,3,10,150,10,0.0
282,3,10,150,10,0.0
283,3,10,150,10,0.0
284,3,10,150,10,0.0
285,3,10,150,10,0.0
286,3,10,150,10,0.0
287,3,10,150,10,0.0
288,3,10,150,10,0.0
289,3,10,150,10,0.0
290,3,10,150,10,0.1681522864689108
291,3,10,150,10,0.28371255449703187
292,3,10,150,10,0.23297260855707355
293,3,10,150,10,0.07839826897867533
294,3,10,150,10,0.0
295,3,10,150,10,0.0
296,3,10,150,10,0.08514311764162098
297,3,10,150,10,0.0
298,3,10,150,10,0.0
299,3,10,150,10,0.09478836436955078
300,3,10,150,10,0.0
301,3,10,150,10,0.2934556883974402
302,3,10,150,10,0.0
303,3,10,150,10,0.2684550357175426
304,3,10,150,10,0.0
305,3,10,150,10,0.06943122193677727
306,3,10,150,10,0.0
307,3,10,150,10,0.0
308,3,10,150,10,0.09478836436955078
309,3,10,150,10,0.0
310,3,10,150,10,0.2890648263178879
311,3,10,150,10,0.20483424751859086
312,3,10,150,10,0.1610425878239398
313,3,10,150,10,0.0
314,3,10,150,10,0.11004588314904008
315,3,10,150,10,0.09785159463516042
316,3,10,150,10,0.0
317,3,10,150,10,0.0
318,3,10,150,10,0.0
319,3,10,150,10,0.0
320,3,10,150,10,0.0
321,3,10,150,10,0.0
322,3,10,150,10,0.0
323,3,10,150,10,0.09478836436955078
324,3,10,150,10,0.0
325,3,10,150,10,0.0
326,3,10,150,10,0.1478294909154526
327,3,10,150,10,0.0
328,3,10,150,10,0.1884441521277154
329,3,10,150,10,0.0
330,3,10,150,10,0.28952298823485745
331,3,10,150,10,0.0
332,3,10,150,10,0.0
333,3,10,150,10,0.0
334,3,10,150,10,0.31488013066763093
335,3,10,150,10,0.0
336,3,10,150,10,0.0
337,3,10,150,10,0.0
338,3,10,150,10,0.0
339,3,10,150,10,0.0
340,3,10,150,10,0.12647135138382856
341,3,10,150,10,0.0
342,3,10,150,10,0.0
343,3,10,150,10,0.3589542101716347
344,3,10,150,10,0.13698471029831175
345,3,10,150,10,0.22009176629808017
346,3,10,150,10,0.13305201013572898
347,3,10,150,10,0.0
348,3,10,150,10,0.0
349,3,10,150,10,0.0
350,3,10,150,10,0.09478836436955078
351,3,10,150,10,0.0
352,3,10,150,10,0.06362078819895171
353,3,10,150,10,0.0
354,3,10,150,10,0.0
355,3,10,150,10,0.0
356,3,10,150,10,0.0
357,3,10,150,10,0.0
358,3,10,150,10,0.28371255449703187
359,3,10,150,10,0.0
360,3,10,150,10,0.09478836436955078
361,3,10,150,10,0.0
362,3,10,150,10,0.0
363,3,10,150,10,0.37850091886658266
364,3,10,150,10,0.0
365,3,10,150,10,0.0
366,3,10,150,10,0.0
367,3,10,150,10,0.11004588314904008
368,3,10,150,10,0.0
369,3,10,150,10,0.0
370,3,10,150,10,0.0
371,3,10,150,10,0.0
372,3,10,150,10,0.09478836436955078
373,3,10,150,10,0.26462022272743835
374,3,10,150,10,0.28371255449703187
375,3,10,150,10,0.0
376,3,10,150,10,0.0
377,3,10,150,10,0.0
378,3,10,150,10,0.07839826897867533
379,3,10,150,10,0.07839826897867533
380,3,10,150,10,0.0
381,3,10,150,10,0.0
382,3,10,150,10,0.0
383,3,10,150,10,0.0
384,3,10,150,10,0.0
385,3,10,150,10,0.2051166673279436
386,3,10,150,10,0.0
387,3,10,150,10,0.06625422345438903
388,3,10,150,10,0.0
389,3,10,150,10,0.1681522864689108
390,3,10,150,10,0.21398626473452756
391,3,10,150,10,0.33013764944712026
392,3,10,150,10,0.0
393,3,10,150,10,0.2984900352767555
394,3,10,150,10,0.0
395,3,10,150,10,0.0
396,3,10,150,10,0.0
397,3,10,150,10,0.0
398,3,10,150,10,0.06625422345438903
399,3,10,150,10,0.0
400,3,10,150,10,0.0
401,3,10,150,10,0.0
402,3,10,150,10,0.424926013816671
403,3,10,150,10,0.0
404,3,10,150,10,0.0
405,3,10,150,10,0.42520843362602373
406,3,10,150,10,0.3647442587311445
407,3,10,150,10,0.1681522864689108
408,3,10,150,10,0.0
409,3,10,150,10,0.13886244387355454
410,3,10,150,10,0.0
411,3,10,150,10,0.0
412,3,10,150,10,0.0
413,3,10,150,10,0.10122860821230018
414,3,10,150,10,0.0
415,3,10,150,10,0.0
416,3,10,150,10,0.22400556151517553
417,3,10,150,10,0.15176219107803537
418,3,10,150,10,0.0
419,3,10,150,10,0.13032376591037062
420,3,10,150,10,0.0
421,3,10,150,10,0.06362078819895171
422,3,10,150,10,0.0
423,3,10,150,10,0.0
424,3,10,150,10,0.07414861528507455
425,3,10,150,10,0.0
426,3,10,150,10,0.0
427,3,10,150,10,0.0
428,3,10,150,10,0.0
429,3,10,150,10,0.2578753740644926
430,3,10,150,10,0.07336392209936005
431,3,10,150,10,0.0
432,3,10,150,10,0.0
433,3,10,150,10,0.0
434,3,10,150,10,0.22009176629808017
435,3,10,150,10,0.5239294981581574
436,3,10,150,10,0.11004588314904008
437,3,10,150,10,0.0
438,3,10,150,10,0.0
439,3,10,150,10,0.0
440,3,10,150,10,0.0
441,3,10,150,10,0.0
442,3,10,150,10,0.11004588314904008
443,3,10,150,10,0.0
444,3,10,150,10,0.19519002499605084
445,3,10,150,10,0.0
446,3,10,150,10,0.0
447,3,10,150,10,0.07839826897867533
448,3,10,150,10,0.0
449,3,10,150,10,0.0
450,3,10,150,10,0.36745852005902885
451,3,10,150,10,0.0
452,3,10,150,10,0.0
453,3,10,150,10,0.2489083270225946
454,3,10,150,10,0.0
455,3,10,150,10,0.41528076708874123
456,3,10,150,10,0.22009176629808017
457,3,10,150,10,0.7846170207230129
458,3,10,150,10,0.15850703974098102
459,3,10,150,10,0.0
460,3,10,150,10,0.0
461,3,10,150,10,0.10778915452451093
462,3,10,150,10,0.0
463,3,10,150,10,0.21726071285222986
464,3,10,150,10,0.0
465,3,10,150,10,0.11004588314904008
466,3,10,150,10,0.15139734109601002
467,3,10,150,10,0.0
468,3,10,150,10,0.3932783996463063
469,3,10,150,10,0.0
470,3,10,150,10,0.0
471,3,10,150,10,0.0
472,3,10,150,10,0.30523488393970116
473,3,10,150,10,0.0
474,3,10,150,10,0.6156886473955918
475,3,10,150,10,0.0
476,3,10,150,10,0.2051166673279436
477,3,10,150,10,0.0
478,3,10,150,10,0.3589542101716347
479,3,10,150,10,0.0
480,3,10,150,10,0.07839826897867533
481,3,10,150,10,0.0
482,3,10,150,10,0.10209739512291163
483,3,10,150,10,0.06943122193677727
484,3,10,150,10,0.22009176629808017
485,3,10,150,10,0.0
486,3,10,150,10,0.0
487,3,10,150,10,0.07839826897867533
488,3,10,150,10,0.13886244387355454
489,3,10,150,10,0.0
490,3,10,150,10,0.11004588314904008
491,3,10,150,10,0.0
492,3,10,150,10,0.0
493,3,10,150,10,0.31488013066763093
494,3,10,150,10,0.0
495,3,10,150,10,0.11004588314904008
496,3,10,150,10,0.0
497,3,10,150,10,0.08514311764162098
498,3,10,150,10,0.0
499,3,10,150,10,0.09478836436955078
500,3,10,150,10,0.09478836436955078
501,3,10,150,10,0.0
502,3,10,150,10,0.0
503,3,10,150,10,0.4341754806679218
504,3,10,150,10,0.15139734109601002
505,3,10,150,10,0.0
506,3,10,150,10,0.06362078819895171
507,3,10,150,10,0.0
508,3,10,150,10,0.16421958630632802
509,3,10,150,10,0.0
510,3,10,150,10,0.0
511,3,10,150,10,0.0
512,3,10,150,10,0.0
513,3,10,150,10,0.0
514,3,10,150,10,0.1610425878239398
515,3,10,150,10,0.0
516,3,10,150,10,0.0
517,3,10,150,10,0.0
518,3,10,150,10,0.0
519,3,10,150,10,0.0
520,3,10,150,10,0.0
521,3,10,150,10,0.22009176629808017
522,3,10,150,10,0.11752277470724268
523,3,10,150,10,0.22009176629808017
524,3,10,150,10,0.06362078819895171
525,3,10,150,10,0.0
526,3,10,150,10,0.0
527,3,10,150,10,0.3557772116892465
528,3,10,150,10,0.06943122193677727
529,3,10,150,10,0.0
530,3,10,150,10,0.0
531,3,10,150,10,0.0
532,3,10,150,10,0.31488013066763093
533,3,10,150,10,0.4729327934832575
534,3,10,150,10,0.08514311764162098
535,3,10,150,10,0.4553242592576836
536,3,10,150,10,0.06625422345438903
537,3,10,150,10,0.0
538,3,10,150,10,0.13886244387355454
539,3,10,150,10,0.0
540,3,10,150,10,0.0
541,3,10,150,10,0.06362078819895171
542,3,10,150,10,0.11004588314904008
543,3,10,150,10,0.0
544,3,10,150,10,0.0
545,3,10,150,10,0.22009176629808017
546,3,10,150,10,0.0
547,3,10,150,10,0.0
548,3,10,150,10,0.1681522864689108
549,3,10,150,10,0.0
550,3,10,150,10,0.09478836436955078
551,3,10,150,10,0.4073174795910971
552,3,10,150,10,0.0
553,3,10,150,10,0.08514311764162098
554,3,10,150,10,0.0
555,3,10,150,10,0.0
556,3,10,150,10,0.1482972305701491
557,3,10,150,10,0.07336392209936005
558,3,10,150,10,0.21398626473452756
559,3,10,150,10,0.0
560,3,10,150,10,0.13961814555374907
561,3,10,150,10,0.20483424751859086
562,3,10,150,10,0.0
563,3,10,150,10,0.06362078819895171
564,3,10,150,10,0.0
565,3,10,150,10,0.08514311764162098
566,3,10,150,10,0.21222636597291458
567,3,10,150,10,0.40741536676357565
568,3,10,150,10,0.0
569,3,10,150,10,0.0
570,3,10,150,10,0.0
571,3,10,150,10,0.0
572,3,10,150,10,0.30260241349881345
573,3,10,150,10,0.0
574,3,10,150,10,0.0
575,3,10,150,10,0.07945707943276742
576,3,10,150,10,0.0
577,3,10,150,10,0.388244052766991
578,3,10,150,10,0.0
579,3,10,150,10,0.06625422345438903
580,3,10,150,10,0.0
581,3,10,150,10,0.0
582,3,10,150,10,0.11004588314904008
583,3,10,150,10,0.0874717141014082
584,3,10,150,10,0.1491042771925757
585,3,10,150,10,0.08514311764162098
586,3,10,150,10,0.23297260855707355
587,3,10,150,10,0.0
588,3,10,150,10,0.28952298823485745
589,3,10,150,10,0.0
590,3,10,150,10,0.13886244387355454
591,3,10,150,10,0.0
592,3,10,150,10,0.3436966913921454
593,3,10,150,10,0.11004588314904008
594,3,10,150,10,0.0
595,3,10,150,10,0.0
596,3,10,150,10,0.09803928583135704
597,3,10,150,10,0.0
598,3,10,150,10,0.0
599,3,10,150,10,0.0
600,3,10,150,10,0.2687374555268953
601,3,10,150,10,0.42520843362602373
602,3,10,150,10,0.0
603,3,10,150,10,0.09478836436955078
604,3,10,150,10,0.0
605,3,10,150,10,0.11004588314904008
606,3,10,150,10,0.38589303732090635
607,3,10,150,10,0.0
608,3,10,150,10,0.22009176629808017
609,3,10,150,10,0.0
610,3,10,150,10,0.06362078819895171
611,3,10,150,10,0.0
612,3,10,150,10,0.09162544430476362
613,3,10,150,10,0.07839826897867533
614,3,10,150,10,0.22009176629808017
615,3,10,150,10,0.0
616,3,10,150,10,0.0
617,3,10,150,10,0.0
618,3,10,150,10,0.22009176629808017
619,3,10,150,10,0.07336392209936005
620,3,10,150,10,0.36885567213865283
621,3,10,150,10,0.0
622,3,10,150,10,0.498250645792228
623,3,10,150,10,0.06943122193677727
624,3,10,150,10,0.0
625,3,10,150,10,0.1736666713479918
626,3,10,150,10,0.0
627,3,10,150,10,0.2863459897524692
628,3,10,150,10,0.0
629,3,10,150,10,0.28762634971412726
630,3,10,150,10,0.08514311764162098
631,3,10,150,10,0.0
632,3,10,150,10,0.0
633,3,10,150,10,0.0
634,3,10,150,10,0.11004588314904008
635,3,10,150,10,0.0
636,3,10,150,10,0.30260241349881345
637,3,10,150,10,0.0
638,3,10,150,10,0.0
639,3,10,150,10,0.0
640,3,10,150,10,0.24703059344735182
641,3,10,150,10,0.06625422345438903
642,3,10,150,10,0.3963918729015093
643,3,10,150,10,0.5423640154200349
644,3,10,150,10,0.0
645,3,10,150,10,0.06943122193677727
646,3,10,150,10,0.13886244387355454
647,3,10,150,10,0.0
648,3,10,150,10,0.08514311764162098
649,3,10,150,10,0.0
650,3,10,150,10,0.31488013066763093
651,3,10,150,10,0.0
652,3,10,150,10,0.0
653,3,10,150,10,0.38113435412202
654,3,10,150,10,0.09478836436955078
655,3,10,150,10,0.08514311764162098
656,3,10,150,10,0.0
657,3,10,150,10,0.22009176629808017
658,3,10,150,10,0.08514311764162098
659,3,10,150,10,0.22716217481924803
660,3,10,150,10,0.0
661,3,10,150,10,0.06625422345438903
662,3,10,150,10,0.0
663,3,10,150,10,0.32730659600126993
664,3,10,150,10,0.6214990811334173
665,3,10,150,10,0.11004588314904008
666,3,10,150,10,0.23297260855707355
667,3,10,150,10,0.0
668,3,10,150,10,0.0
669,3,10,150,10,0.3845937724137609
670,3,10,150,10,0.0
671,3,10,150,10,0.3647442587311445
672,3,10,150,10,0.0
673,3,10,150,10,0.0
674,3,10,150,10,0.0
675,3,10,150,10,0.0
676,3,10,150,10,0.3746661058764784
677,3,10,150,10,0.0
678,3,10,150,10,0.0
679,3,10,150,10,0.0
680,3,10,150,10,0.0
681,3,10,150,10,0.0
682,3,10,150,10,0.7529694065526482
683,3,10,150,10,0.0
684,3,10,150,10,0.07839826897867533
685,3,10,150,10,0.0
686,3,10,150,10,0.14201905717762703
687,3,10,150,10,0.0
688,3,10,150,10,0.0
689,3,10,150,10,0.33013764944712026
690,3,10,150,10,0.424926013816671
691,3,10,150,10,0.38334277998463445
692,3,10,150,10,0.0
693,3,10,150,10,0.09478836436955078
694,3,10,150,10,0.2153829792769871
695,3,10,150,10,0.0
696,3,10,150,10,0.0
697,3,10,150,10,0.0
698,3,10,150,10,0.0
699,3,10,150,10,0.0
700,3,10,150,10,0.0
701,3,10,150,10,0.0
702,3,10,150,10,0.0
703,3,10,150,10,0.21726071285222986
704,3,10,150,10,0.06943122193677727
705,3,10,150,10,0.3589542101716347
706,3,10,150,10,0.0
707,3,10,150,10,0.3436966913921454
708,3,10,150,10,0.0
709,3,10,150,10,0.06943122193677727
710,3,10,150,10,0.38148029915855786
711,3,10,150,10,0.19518900079066107
712,3,10,150,10,0.06943122193677727
713,3,10,150,10,0.0
714,3,10,150,10,0.09478836436955078
715,3,10,150,10,0.2984900352767555
716,3,10,150,10,0.2863459897524692
717,3,10,150,10,0.08514311764162098
718,3,10,150,10,0.0
719,3,10,150,10,0.07336392209936005
720,3,10,150,10,0.0
721,3,10,150,10,0.07336392209936005
722,3,10,150,10,0.0
723,3,10,150,10,0.0
724,3,10,150,10,0.0
725,3,10,150,10,0.0
726,3,10,150,10,0.0
727,3,10,150,10,0.13961814555374907
728,3,10,150,10,0.0
729,3,10,150,10,0.0
730,3,10,150,10,0.0
731,3,10,150,10,0.13886244387355454
732,3,10,150,10,0.0
733,3,10,150,10,0.0
734,3,10,150,10,0.07839826897867533
735,3,10,150,10,0.06625422345438903
736,3,10,150,10,0.0
737,3,10,150,10,0.06625422345438903
738,3,10,150,10,0.12987501165334076
739,3,10,150,10,0.0
740,3,10,150,10,0.0
741,3,10,150,10,0.07336392209936005
742,3,10,150,10,0.0
743,3,10,150,10,0.0
744,3,10,150,10,0.0
745,3,10,150,10,0.06943122193677727
746,3,10,150,10,0.24618570546556082
747,3,10,150,10,0.1610425878239398
748,3,10,150,10,0.08514311764162098
749,3,10,150,10,0.4412851793128928
750,3,10,150,10,0.0
751,3,10,150,10,0.0
752,3,10,150,10,0.0
753,3,10,150,10,0.0
754,3,10,150,10,0.0
755,3,10,150,10,0.0
756,3,10,150,10,0.09478836436955078
757,3,10,150,10,0.13886244387355454
758,3,10,150,10,0.11004588314904008
759,3,10,150,10,0.0
760,3,10,150,10,0.0
761,3,10,150,10,0.07336392209936005
762,3,10,150,10,0.0
763,3,10,150,10,0.0
764,3,10,150,10,0.0
765,3,10,150,10,0.0
766,3,10,150,10,0.0
767,3,10,150,10,0.0
768,3,10,150,10,0.07839826897867533
769,3,10,150,10,0.0
770,3,10,150,10,0.22009176629808017
771,3,10,150,10,0.0
772,3,10,150,10,0.0
773,3,10,150,10,0.22009176629808017
774,3,10,150,10,0.0
775,3,10,150,10,0.0
776,3,10,150,10,0.0
777,3,10,150,10,0.0
778,3,10,150,10,0.13886244387355454
779,3,10,150,10,0.0
780,3,10,150,10,0.08514311764162098
781,3,10,150,10,0.0
782,3,10,150,10,0.0
783,3,10,150,10,0.0
784,3,10,150,10,0.0
785,3,10,150,10,0.15130120674940672
786,3,10,150,10,0.15139734109601002
787,3,10,150,10,0.0
788,3,10,150,10,0.0
789,3,10,150,10,0.0
790,3,10,150,10,0.13886244387355454
791,3,10,150,10,0.0
792,3,10,150,10,0.06625422345438903
793,3,10,150,10,0.08514311764162098
794,3,10,150,10,0.08514311764162098
795,3,10,150,10,0.13886244387355454
796,3,10,150,10,0.07336392209936005
797,3,10,150,10,0.13905617951077562
798,3,10,150,10,0.0
799,3,10,150,10,0.2836929289153804
800,3,10,150,10,0.0
801,3,10,150,10,0.0
802,3,10,150,10,0.06943122193677727
803,3,10,150,10,0.0
804,3,10,150,10,0.5107164012496701
805,3,10,150,10,0.22009176629808017
806,3,10,150,10,0.0
807,3,10,150,10,0.2934556883974402
808,3,10,150,10,0.0
809,3,10,150,10,0.0
810,3,10,150,10,0.0
811,3,10,150,10,0.0
812,3,10,150,10,0.0
813,3,10,150,10,0.0
814,3,10,150,10,0.0
815,3,10,150,10,0.0
816,3,10,150,10,0.0
817,3,10,150,10,0.0
818,3,10,150,10,0.0
819,3,10,150,10,0.0
820,3,10,150,10,0.0
821,3,10,150,10,0.0
822,3,10,150,10,0.0
823,3,10,150,10,0.14465249243306436
824,3,10,150,10,0.0
825,3,10,150,10,0.23365080824310533
826,3,10,150,10,0.0
827,3,10,150,10,0.0
828,3,10,150,10,0.0
829,3,10,150,10,0.0
830,3,10,150,10,0.07839826897867533
831,3,10,150,10,0.0
832,3,10,150,10,0.0
833,3,10,150,10,0.06625422345438903
834,3,10,150,10,0.0
835,3,10,150,10,0.0
836,3,10,150,10,0.0
837,3,10,150,10,0.0
838,3,10,150,10,0.0
839,3,10,150,10,0.0
840,3,10,150,10,0.06362078819895171
841,3,10,150,10,0.0
842,3,10,150,10,0.0
843,3,10,150,10,0.07336392209936005
844,3,10,150,10,0.0
845,3,10,150,10,0.0
846,3,10,150,10,0.07336392209936005
847,3,10,150,10,0.0
848,3,10,150,10,0.0
849,3,10,150,10,0.0
850,3,10,150,10,0.0
851,3,10,150,10,0.22009176629808017
852,3,10,150,10,0.0
853,3,10,150,10,0.0
854,3,10,150,10,0.0
855,3,10,150,10,0.0
856,3,10,150,10,0.0
857,3,10,150,10,0.0
858,3,10,150,10,0.0
859,3,10,150,10,0.0
860,3,10,150,10,0.0
861,3,10,150,10,0.0
862,3,10,150,10,0.0
863,3,10,150,10,0.0
864,3,10,150,10,0.07336392209936005
865,3,10,150,10,0.0
866,3,10,150,10,0.0
867,3,10,150,10,0.13120507751234178
868,3,10,150,10,0.0
870,3,10,150,10,0.0
871,3,10,150,10,0.0
872,3,10,150,10,0.0
875,3,10,150,10,0.0
876,3,10,150,10,0.0
877,3,10,150,10,0.0
1,3,10,150,11,1.0
2,3,10,150,11,0.06362078819895171
3,3,10,150,11,0.0
4,3,10,150,11,0.0
5,3,10,150,11,0.0
6,3,10,150,11,0.1036806144573329
7,3,10,150,11,0.2073612289146658
8,3,10,150,11,0.0
9,3,10,150,11,0.0
10,3,10,150,11,0.2239445163056877
11,3,10,150,11,0.0
12,3,10,150,11,0.0
13,3,10,150,11,0.15842602998505914
14,3,10,150,11,0.0
15,3,10,150,11,0.0
16,3,10,150,11,0.08021827351724287
17,3,10,150,11,0.0
18,3,10,150,11,0.18867232106669982
19,3,10,150,11,0.0
20,3,10,150,11,0.0
21,3,10,150,11,0.0
22,3,10,150,11,0.0
23,3,10,150,11,0.2073612289146658
24,3,10,150,11,0.09785159463516042
25,3,10,150,11,0.0
26,3,10,150,11,0.0
28,3,10,150,11,0.0
29,3,10,150,11,0.0
30,3,10,150,11,0.0979129253499678
31,3,10,150,11,0.0
32,3,10,150,11,0.0
33,3,10,150,11,0.0
34,3,10,150,11,0.0
35,3,10,150,11,0.0
37,3,10,150,11,0.0
38,3,10,150,11,0.0
39,3,10,150,11,0.0
40,3,10,150,11,0.0
41,3,10,150,11,0.0
42,3,10,150,11,0.12325713653699746
43,3,10,150,11,0.41693075110985783
44,3,10,150,11,0.0
45,3,10,150,11,0.0
46,3,10,150,11,0.0
47,3,10,150,11,0.0
48,3,10,150,11,0.0874717141014082
49,3,10,150,11,0.07386356006695578
50,3,10,150,11,0.0
51,3,10,150,11,0.18953836965473142
52,3,10,150,11,0.0
53,3,10,150,11,0.09546043308946733
54,3,10,150,11,0.0
55,3,10,150,11,0.0
56,3,10,150,11,0.07386356006695578
57,3,10,150,11,0.0
58,3,10,150,11,0.0
59,3,10,150,11,0.08930562034683721
60,3,10,150,11,0.08021827351724287
61,3,10,150,11,0.0
62,3,10,150,11,0.06912040963822193
63,3,10,150,11,0.0
64,3,10,150,11,0.0
65,3,10,150,11,0.26730206653594746
66,3,10,150,11,0.0
67,3,10,150,11,0.0
68,3,10,150,11,0.0
69,3,10,150,11,0.0
70,3,10,150,11,0.0
71,3,10,150,11,0.0
72,3,10,150,11,0.21949701811390096
73,3,10,150,11,0.0
74,3,10,150,11,0.0
75,3,10,150,11,0.0
76,3,10,150,11,0.0
77,3,10,150,11,0.27487633291429087
78,3,10,150,11,0.0
79,3,10,150,11,0.0
80,3,10,150,11,0.0
81,3,10,150,11,0.0
82,3,10,150,11,0.05994083762128166
83,3,10,150,11,0.06541518452970234
84,3,10,150,11,0.0
85,3,10,150,11,0.13083036905940468
86,3,10,150,11,0.0
87,3,10,150,11,0.05994083762128166
88,3,10,150,11,0.0
89,3,10,150,11,0.2073612289146658
90,3,10,150,11,0.13083036905940468
91,3,10,150,11,0.14563345804694522
92,3,10,150,11,0.057841952007295125
93,3,10,150,11,0.0
94,3,10,150,11,0.2073612289146658
95,3,10,150,11,0.07386356006695578
96,3,10,150,11,0.0
97,3,10,150,11,0.0
98,3,10,150,11,0.0
99,3,10,150,11,0.0
100,3,10,150,11,0.0
101,3,10,150,11,0.0
102,3,10,150,11,0.0
103,3,10,150,11,0.0
104,3,10,150,11,0.16610256429839257
106,3,10,150,11,0.0
107,3,10,150,11,0.0
108,3,10,150,11,0.0
109,3,10,150,11,0.0
110,3,10,150,11,0.0
111,3,10,150,11,0.0
112,3,10,150,11,0.0
113,3,10,150,11,0.0
114,3,10,150,11,0.0
115,3,10,150,11,0.0
116,3,10,150,11,0.0
117,3,10,150,11,0.0
118,3,10,150,11,0.0
119,3,10,150,11,0.0
121,3,10,150,11,0.0
122,3,10,150,11,0.0
123,3,10,150,11,0.46927872602275644
124,3,10,150,11,0.10889376106823218
125,3,10,150,11,0.1036806144573329
126,3,10,150,11,0.0
127,3,10,150,11,0.0
128,3,10,150,11,0.0
129,3,10,150,11,0.0
130,3,10,150,11,0.0
131,3,10,150,11,0.19519002499605084
132,3,10,150,11,0.09109240322345806
133,3,10,150,11,0.0
134,3,10,150,11,0.0
135,3,10,150,11,0.0
136,3,10,150,11,0.26687965254220064
137,3,10,150,11,0.0
138,3,10,150,11,0.13012668333070054
139,3,10,150,11,0.0
140,3,10,150,11,0.0
141,3,10,150,11,0.2073612289146658
142,3,10,150,11,0.30260241349881345
143,3,10,150,11,0.0
144,3,10,150,11,0.2147538676851671
145,3,10,150,11,0.0
146,3,10,150,11,0.0
147,3,10,150,11,0.0
148,3,10,150,11,0.0
149,3,10,150,11,0.0
150,3,10,150,11,0.0
151,3,10,150,11,0.0
152,3,10,150,11,0.0
153,3,10,150,11,0.0
154,3,10,150,11,0.0
155,3,10,150,11,0.0
156,3,10,150,11,0.0
157,3,10,150,11,0.0
158,3,10,150,11,0.1036806144573329
159,3,10,150,11,0.16610256429839257
160,3,10,150,11,0.0
161,3,10,150,11,0.0
162,3,10,150,11,0.0
163,3,10,150,11,0.0
164,3,10,150,11,0.0
165,3,10,150,11,0.0
166,3,10,150,11,0.0
167,3,10,150,11,0.0
168,3,10,150,11,0.0
169,3,10,150,11,0.0
170,3,10,150,11,0.0
171,3,10,150,11,0.0
172,3,10,150,11,0.0
173,3,10,150,11,0.0
174,3,10,150,11,0.0
175,3,10,150,11,0.2987100207034456
176,3,10,150,11,0.0
177,3,10,150,11,0.0
178,3,10,150,11,0.15408183358419864
179,3,10,150,11,0.0
180,3,10,150,11,0.0
181,3,10,150,11,0.0
182,3,10,150,11,0.13120507751234178
183,3,10,150,11,0.0
184,3,10,150,11,0.0
185,3,10,150,11,0.0
186,3,10,150,11,0.0
187,3,10,150,11,0.09162544430476362
188,3,10,150,11,0.0
189,3,10,150,11,0.2073612289146658
190,3,10,150,11,0.0
191,3,10,150,11,0.0
192,3,10,150,11,0.0
193,3,10,150,11,0.0
194,3,10,150,11,0.07386356006695578
195,3,10,150,11,0.0
196,3,10,150,11,0.17342765698823945
197,3,10,150,11,0.0
198,3,10,150,11,0.19298623480417013
199,3,10,150,11,0.0
200,3,10,150,11,0.0
201,3,10,150,11,0.4184098714913134
202,3,10,150,11,0.0
203,3,10,150,11,0.0
204,3,10,150,11,0.0
205,3,10,150,11,0.0
206,3,10,150,11,0.0
207,3,10,150,11,0.0
208,3,10,150,11,0.0
209,3,10,150,11,0.0
210,3,10,150,11,0.0
211,3,10,150,11,0.0
212,3,10,150,11,0.0
213,3,10,150,11,0.0
214,3,10,150,11,0.06556429791586475
215,3,10,150,11,0.16610256429839257
216,3,10,150,11,0.2695103598164737
217,3,10,150,11,0.0
218,3,10,150,11,0.0
219,3,10,150,11,0.0
220,3,10,150,11,0.0
221,3,10,150,11,0.16362145207861456
222,3,10,150,11,0.15408183358419864
223,3,10,150,11,0.0
224,3,10,150,11,0.0
225,3,10,150,11,0.0
226,3,10,150,11,0.0
227,3,10,150,11,0.0
229,3,10,150,11,0.0
230,3,10,150,11,0.0
231,3,10,150,11,0.0
232,3,10,150,11,0.0
233,3,10,150,11,0.08021827351724287
234,3,10,150,11,0.26730206653594746
235,3,10,150,11,0.0
236,3,10,150,11,0.12906124725950358
237,3,10,150,11,0.0
238,3,10,150,11,0.0
239,3,10,150,11,0.0
240,3,10,150,11,0.0
241,3,10,150,11,0.0
242,3,10,150,11,0.0
243,3,10,150,11,0.0
244,3,10,150,11,0.2073612289146658
245,3,10,150,11,0.0
246,3,10,150,11,0.0
247,3,10,150,11,0.15642624200758548
248,3,10,150,11,0.11838279295536291
249,3,10,150,11,0.2073612289146658
250,3,10,150,11,0.06242194984105966
251,3,10,150,11,0.0
252,3,10,150,11,0.0
253,3,10,150,11,0.0
254,3,10,150,11,0.05994083762128166
255,3,10,150,11,0.0
256,3,10,150,11,0.0
257,3,10,150,11,0.0
258,3,10,150,11,0.0
259,3,10,150,11,0.0
260,3,10,150,11,0.0
261,3,10,150,11,0.0
262,3,10,150,11,0.0
263,3,10,150,11,0.2073612289146658
264,3,10,150,11,0.26730206653594746
265,3,10,150,11,0.0
266,3,10,150,11,0.0
267,3,10,150,11,0.06242194984105966
268,3,10,150,11,0.19447643178920596
269,3,10,150,11,0.0
270,3,10,150,11,0.0
271,3,10,150,11,0.06541518452970234
272,3,10,150,11,0.0
273,3,10,150,11,0.0
274,3,10,150,11,0.0
275,3,10,150,11,0.0
276,3,10,150,11,0.29666684926150305
277,3,10,150,11,0.0
278,3,10,150,11,0.0
279,3,10,150,11,0.13083036905940468
280,3,10,150,11,0.1036806144573329
281,3,10,150,11,0.0
282,3,10,150,11,0.0
283,3,10,150,11,0.0
284,3,10,150,11,0.0
285,3,10,150,11,0.0
286,3,10,150,11,0.0
287,3,10,150,11,0.0
288,3,10,150,11,0.0
289,3,10,150,11,0.0
290,3,10,150,11,0.15842602998505914
291,3,10,150,11,0.26730206653594746
292,3,10,150,11,0.21949701811390096
293,3,10,150,11,0.07386356006695578
294,3,10,150,11,0.0
295,3,10,150,11,0.0
296,3,10,150,11,0.08021827351724287
297,3,10,150,11,0.0
298,3,10,150,11,0.0
299,3,10,150,11,0.08930562034683721
300,3,10,150,11,0.0
301,3,10,150,11,0.2764816385528877
302,3,10,150,11,0.0
303,3,10,150,11,0.2529270724254518
304,3,10,150,11,0.0
305,3,10,150,11,0.06541518452970234
306,3,10,150,11,0.0
307,3,10,150,11,0.0
308,3,10,150,11,0.08930562034683721
309,3,10,150,11,0.0
310,3,10,150,11,0.2890648263178879
311,3,10,150,11,0.19298623480417013
312,3,10,150,11,0.15172757018789687
313,3,10,150,11,0.057841952007295125
314,3,10,150,11,0.1036806144573329
315,3,10,150,11,0.09785159463516042
316,3,10,150,11,0.0
317,3,10,150,11,0.0
318,3,10,150,11,0.0
319,3,10,150,11,0.0
320,3,10,150,11,0.0
321,3,10,150,11,0.0
322,3,10,150,11,0.0
323,3,10,150,11,0.08930562034683721
324,3,10,150,11,0.0
325,3,10,150,11,0.0
326,3,10,150,11,0.13927874459665815
327,3,10,150,11,0.0
328,3,10,150,11,0.17754417452428867
329,3,10,150,11,0.0
330,3,10,150,11,0.27277641344436815
331,3,10,150,11,0.0
332,3,10,150,11,0.0
333,3,10,150,11,0.0
334,3,10,150,11,0.29666684926150305
335,3,10,150,11,0.0
336,3,10,150,11,0.0
337,3,10,150,11,0.0
338,3,10,150,11,0.0
339,3,10,150,11,0.057841952007295125
340,3,10,150,11,0.12647135138382856
341,3,10,150,11,0.0
342,3,10,150,11,0.0
343,3,10,150,11,0.3381915979740705
344,3,10,150,11,0.12906124725950358
345,3,10,150,11,0.2073612289146658
346,3,10,150,11,0.12535602215098401
347,3,10,150,11,0.0
348,3,10,150,11,0.0
349,3,10,150,11,0.0
350,3,10,150,11,0.08930562034683721
351,3,10,150,11,0.0
352,3,10,150,11,0.06362078819895171
353,3,10,150,11,0.0
354,3,10,150,11,0.0
355,3,10,150,11,0.0
356,3,10,150,11,0.0
357,3,10,150,11,0.0
358,3,10,150,11,0.26730206653594746
359,3,10,150,11,0.0
360,3,10,150,11,0.08930562034683721
361,3,10,150,11,0.0
362,3,10,150,11,0.0
363,3,10,150,11,0.3566076868827847
364,3,10,150,11,0.0
365,3,10,150,11,0.0
366,3,10,150,11,0.0
367,3,10,150,11,0.1036806144573329
368,3,10,150,11,0.0
369,3,10,150,11,0.0
370,3,10,150,11,0.057841952007295125
371,3,10,150,11,0.0
372,3,10,150,11,0.08930562034683721
373,3,10,150,11,0.24931407250427814
374,3,10,150,11,0.26730206653594746
375,3,10,150,11,0.0
376,3,10,150,11,0.0
377,3,10,150,11,0.0
378,3,10,150,11,0.13170551207425088
379,3,10,150,11,0.07386356006695578
380,3,10,150,11,0.0
381,3,10,150,11,0.0
382,3,10,150,11,0.0
383,3,10,150,11,0.0
384,3,10,150,11,0.0
385,3,10,150,11,0.19325231890046435
386,3,10,150,11,0.0
387,3,10,150,11,0.06242194984105966
388,3,10,150,11,0.0
389,3,10,150,11,0.15842602998505914
390,3,10,150,11,0.21398626473452756
391,3,10,150,11,0.3110418433719987
392,3,10,150,11,0.0
393,3,10,150,11,0.28122478898162157
394,3,10,150,11,0.0
395,3,10,150,11,0.0
396,3,10,150,11,0.0
397,3,10,150,11,0.0
398,3,10,150,11,0.06242194984105966
399,3,10,150,11,0.0
400,3,10,150,11,0.0
401,3,10,150,11,0.0
402,3,10,150,11,0.424926013816671
403,3,10,150,11,0.0
404,3,10,150,11,0.0
405,3,10,150,11,0.40061354781513014
406,3,10,150,11,0.34364673882268126
407,3,10,150,11,0.15842602998505914
408,3,10,150,11,0.0
409,3,10,150,11,0.13083036905940468
410,3,10,150,11,0.0
411,3,10,150,11,0.0
412,3,10,150,11,0.0
413,3,10,150,11,0.10122860821230018
414,3,10,150,11,0.0
415,3,10,150,11,0.0
416,3,10,150,11,0.21104864257664757
417,3,10,150,11,0.1429839697051777
418,3,10,150,11,0.0
419,3,10,150,11,0.13032376591037062
420,3,10,150,11,0.0
421,3,10,150,11,0.06362078819895171
422,3,10,150,11,0.0
423,3,10,150,11,0.0
424,3,10,150,11,0.07414861528507455
425,3,10,150,11,0.0
426,3,10,150,11,0.057841952007295125
427,3,10,150,11,0.0
428,3,10,150,11,0.0
429,3,10,150,11,0.242959359053991
430,3,10,150,11,0.06912040963822193
431,3,10,150,11,0.0
432,3,10,150,11,0.0
433,3,10,150,11,0.0
434,3,10,150,11,0.2073612289146658
435,3,10,150,11,0.49362439327048696
436,3,10,150,11,0.1036806144573329
437,3,10,150,11,0.0
438,3,10,150,11,0.0
439,3,10,150,11,0.0
440,3,10,150,11,0.0
441,3,10,150,11,0.0
442,3,10,150,11,0.1036806144573329
443,3,10,150,11,0.0
444,3,10,150,11,0.19519002499605084
445,3,10,150,11,0.0
446,3,10,150,11,0.0
447,3,10,150,11,0.07386356006695578
448,3,10,150,11,0.0
449,3,10,150,11,0.0
450,3,10,150,11,0.3462040019771028
451,3,10,150,11,0.0
452,3,10,150,11,0.0
453,3,10,150,11,0.2345109835167376
454,3,10,150,11,0.0
455,3,10,150,11,0.39126011688924156
456,3,10,150,11,0.2073612289146658
457,3,10,150,11,0.7392332406662455
458,3,10,150,11,0.14933868315546478
459,3,10,150,11,0.0
460,3,10,150,11,0.0
461,3,10,150,11,0.10778915452451093
462,3,10,150,11,0.0
463,3,10,150,11,0.20469392912636045
464,3,10,150,11,0.0
465,3,10,150,11,0.1036806144573329
466,3,10,150,11,0.14264022335830254
467,3,10,150,11,0.0
468,3,10,150,11,0.3705304093284588
469,3,10,150,11,0.0
470,3,10,150,11,0.0
471,3,10,150,11,0.0
472,3,10,150,11,0.28757950243190866
473,3,10,150,11,0.0
474,3,10,150,11,0.5800760142014996
475,3,10,150,11,0.0
476,3,10,150,11,0.19325231890046435
477,3,10,150,11,0.0
478,3,10,150,11,0.3381915979740705
479,3,10,150,11,0.0
480,3,10,150,11,0.07386356006695578
481,3,10,150,11,0.0
482,3,10,150,11,0.10209739512291163
483,3,10,150,11,0.06541518452970234
484,3,10,150,11,0.26520318092196093
485,3,10,150,11,0.0
486,3,10,150,11,0.057841952007295125
487,3,10,150,11,0.13170551207425088
488,3,10,150,11,0.13083036905940468
489,3,10,150,11,0.0
490,3,10,150,11,0.1036806144573329
491,3,10,150,11,0.09460634670666435
492,3,10,150,11,0.0
493,3,10,150,11,0.29666684926150305
494,3,10,150,11,0.0
495,3,10,150,11,0.1036806144573329
496,3,10,150,11,0.0
497,3,10,150,11,0.08021827351724287
498,3,10,150,11,0.0
499,3,10,150,11,0.08930562034683721
500,3,10,150,11,0.08930562034683721
501,3,10,150,11,0.0
502,3,10,150,11,0.0
503,3,10,150,11,0.40906192335238356
504,3,10,150,11,0.14264022335830254
505,3,10,150,11,0.0
506,3,10,150,11,0.11778278962857679
507,3,10,150,11,0.0
508,3,10,150,11,0.15472080487653955
509,3,10,150,11,0.0
510,3,10,150,11,0.0
511,3,10,150,11,0.0
512,3,10,150,11,0.0
513,3,10,150,11,0.0
514,3,10,150,11,0.15172757018789687
515,3,10,150,11,0.0
516,3,10,150,11,0.0
517,3,10,150,11,0.0
518,3,10,150,11,0.0
519,3,10,150,11,0.0
520,3,10,150,11,0.0
521,3,10,150,11,0.2073612289146658
522,3,10,150,11,0.11752277470724268
523,3,10,150,11,0.26520318092196093
524,3,10,150,11,0.05994083762128166
525,3,10,150,11,0.0
526,3,10,150,11,0.0
527,3,10,150,11,0.33519836328542785
528,3,10,150,11,0.06541518452970234
529,3,10,150,11,0.0
530,3,10,150,11,0.0
531,3,10,150,11,0.0
532,3,10,150,11,0.29666684926150305
533,3,10,150,11,0.44557743753992296
534,3,10,150,11,0.08021827351724287
535,3,10,150,11,0.4289874153059435
536,3,10,150,11,0.06242194984105966
537,3,10,150,11,0.0
538,3,10,150,11,0.13083036905940468
539,3,10,150,11,0.0
540,3,10,150,11,0.0
541,3,10,150,11,0.05994083762128166
542,3,10,150,11,0.1036806144573329
543,3,10,150,11,0.0
544,3,10,150,11,0.0
545,3,10,150,11,0.2073612289146658
546,3,10,150,11,0.0
547,3,10,150,11,0.0
548,3,10,150,11,0.15842602998505914
549,3,10,150,11,0.0
550,3,10,150,11,0.08930562034683721
551,3,10,150,11,0.38375744148485647
552,3,10,150,11,0.0
553,3,10,150,11,0.08021827351724287
554,3,10,150,11,0.0
555,3,10,150,11,0.0
556,3,10,150,11,0.1482972305701491
557,3,10,150,11,0.06912040963822193
558,3,10,150,11,0.21398626473452756
559,3,10,150,11,0.0
560,3,10,150,11,0.13154235947928158
561,3,10,150,11,0.19298623480417013
562,3,10,150,11,0.0
563,3,10,150,11,0.05994083762128166
564,3,10,150,11,0.0
565,3,10,150,11,0.08021827351724287
566,3,10,150,11,0.19995077869762662
567,3,10,150,11,0.3838496666722024
568,3,10,150,11,0.0
569,3,10,150,11,0.0
570,3,10,150,11,0.0
571,3,10,150,11,0.0
572,3,10,150,11,0.30260241349881345
573,3,10,150,11,0.0
574,3,10,150,11,0.0
575,3,10,150,11,0.07945707943276742
576,3,10,150,11,0.0
577,3,10,150,11,0.36578725889972497
578,3,10,150,11,0.0
579,3,10,150,11,0.06242194984105966
580,3,10,150,11,0.0
581,3,10,150,11,0.0
582,3,10,150,11,0.1036806144573329
583,3,10,150,11,0.0874717141014082
584,3,10,150,11,0.1491042771925757
585,3,10,150,11,0.08021827351724287
586,3,10,150,11,0.21949701811390096
587,3,10,150,11,0.0
588,3,10,150,11,0.27277641344436815
589,3,10,150,11,0.0
590,3,10,150,11,0.13083036905940468
591,3,10,150,11,0.0
592,3,10,150,11,0.3238166038635748
593,3,10,150,11,0.1036806144573329
594,3,10,150,11,0.0
595,3,10,150,11,0.0
596,3,10,150,11,0.09803928583135704
597,3,10,150,11,0.0
598,3,10,150,11,0.0
599,3,10,150,11,0.0
600,3,10,150,11,0.253193156521746
601,3,10,150,11,0.40061354781513014
602,3,10,150,11,0.0
603,3,10,150,11,0.08930562034683721
604,3,10,150,11,0.0
605,3,10,150,11,0.1036806144573329
606,3,10,150,11,0.3635722307762412
607,3,10,150,11,0.0
608,3,10,150,11,0.26520318092196093
609,3,10,150,11,0.0
610,3,10,150,11,0.05994083762128166
611,3,10,150,11,0.0
612,3,10,150,11,0.09162544430476362
613,3,10,150,11,0.07839826897867533
614,3,10,150,11,0.2073612289146658
615,3,10,150,11,0.0
616,3,10,150,11,0.0
617,3,10,150,11,0.0
618,3,10,150,11,0.2073612289146658
619,3,10,150,11,0.12696236164551705
620,3,10,150,11,0.3475203400531903
621,3,10,150,11,0.0
622,3,10,150,11,0.5272728078580052
623,3,10,150,11,0.06541518452970234
624,3,10,150,11,0.0
625,3,10,150,11,0.16362145207861456
626,3,10,150,11,0.0
627,3,10,150,11,0.2697831787557255
628,3,10,150,11,0.0
629,3,10,150,11,0.27098948019792923
630,3,10,150,11,0.08021827351724287
631,3,10,150,11,0.0
632,3,10,150,11,0.0
633,3,10,150,11,0.0
634,3,10,150,11,0.1036806144573329
635,3,10,150,11,0.0
636,3,10,150,11,0.30260241349881345
637,3,10,150,11,0.0
638,3,10,150,11,0.0
639,3,10,150,11,0.0
640,3,10,150,11,0.23274186171683647
641,3,10,150,11,0.06242194984105966
642,3,10,150,11,0.3734637932130584
643,3,10,150,11,0.5109926220696254
644,3,10,150,11,0.0
645,3,10,150,11,0.06541518452970234
646,3,10,150,11,0.13083036905940468
647,3,10,150,11,0.0
648,3,10,150,11,0.138060225524538
649,3,10,150,11,0.0
650,3,10,150,11,0.29666684926150305
651,3,10,150,11,0.0
652,3,10,150,11,0.0
653,3,10,150,11,0.3590887991025627
654,3,10,150,11,0.08930562034683721
655,3,10,150,11,0.138060225524538
656,3,10,150,11,0.0
657,3,10,150,11,0.2073612289146658
658,3,10,150,11,0.08021827351724287
659,3,10,150,11,0.2140226712054803
660,3,10,150,11,0.0
661,3,10,150,11,0.06242194984105966
662,3,10,150,11,0.0
663,3,10,150,11,0.3083745435836934
664,3,10,150,11,0.6433923131172155
665,3,10,150,11,0.1036806144573329
666,3,10,150,11,0.21949701811390096
667,3,10,150,11,0.0
668,3,10,150,11,0.0
669,3,10,150,11,0.3623481178874996
670,3,10,150,11,0.0
671,3,10,150,11,0.34364673882268126
672,3,10,150,11,0.0
673,3,10,150,11,0.0
674,3,10,150,11,0.0
675,3,10,150,11,0.0
676,3,10,150,11,0.352994686961611
677,3,10,150,11,0.0
678,3,10,150,11,0.0
679,3,10,150,11,0.057841952007295125
680,3,10,150,11,0.0
681,3,10,150,11,0.0
682,3,10,150,11,0.7094161862758684
683,3,10,150,11,0.0
684,3,10,150,11,0.07386356006695578
685,3,10,150,11,0.0
686,3,10,150,11,0.13380439768823743
687,3,10,150,11,0.0
688,3,10,150,11,0.0
689,3,10,150,11,0.3110418433719987
690,3,10,150,11,0.40034746371883595
691,3,10,150,11,0.38334277998463445
692,3,10,150,11,0.0
693,3,10,150,11,0.08930562034683721
694,3,10,150,11,0.20292480732645937
695,3,10,150,11,0.0
696,3,10,150,11,0.0
697,3,10,150,11,0.0
698,3,10,150,11,0.0
699,3,10,150,11,0.0
700,3,10,150,11,0.0
701,3,10,150,11,0.0
702,3,10,150,11,0.0
703,3,10,150,11,0.20469392912636045
704,3,10,150,11,0.06541518452970234
705,3,10,150,11,0.3381915979740705
706,3,10,150,11,0.0
707,3,10,150,11,0.3238166038635748
708,3,10,150,11,0.0
709,3,10,150,11,0.06541518452970234
710,3,10,150,11,0.4172566860101951
711,3,10,150,11,0.18389888797457576
712,3,10,150,11,0.06541518452970234
713,3,10,150,11,0.0
714,3,10,150,11,0.08930562034683721
715,3,10,150,11,0.28122478898162157
716,3,10,150,11,0.2697831787557255
717,3,10,150,11,0.08021827351724287
718,3,10,150,11,0.0
719,3,10,150,11,0.06912040963822193
720,3,10,150,11,0.0
721,3,10,150,11,0.06912040963822193
722,3,10,150,11,0.0
723,3,10,150,11,0.0
724,3,10,150,11,0.0
725,3,10,150,11,0.0
726,3,10,150,11,0.0
727,3,10,150,11,0.18938431148657672
728,3,10,150,11,0.0
729,3,10,150,11,0.0
730,3,10,150,11,0.0
731,3,10,150,11,0.13083036905940468
732,3,10,150,11,0.0
733,3,10,150,11,0.0
734,3,10,150,11,0.07386356006695578
735,3,10,150,11,0.06242194984105966
736,3,10,150,11,0.0
737,3,10,150,11,0.06625422345438903
738,3,10,150,11,0.18020473946963644
739,3,10,150,11,0.0
740,3,10,150,11,0.0
741,3,10,150,11,0.06912040963822193
742,3,10,150,11,0.0
743,3,10,150,11,0.0
744,3,10,150,11,0.0
745,3,10,150,11,0.06541518452970234
746,3,10,150,11,0.23194584370513976
747,3,10,150,11,0.15172757018789687
748,3,10,150,11,0.08021827351724287
749,3,10,150,11,0.41576038314954583
750,3,10,150,11,0.0
751,3,10,150,11,0.0
752,3,10,150,11,0.0
753,3,10,150,11,0.0
754,3,10,150,11,0.0
755,3,10,150,11,0.0
756,3,10,150,11,0.08930562034683721
757,3,10,150,11,0.13083036905940468
758,3,10,150,11,0.1036806144573329
759,3,10,150,11,0.0
760,3,10,150,11,0.0
761,3,10,150,11,0.06912040963822193
762,3,10,150,11,0.0
763,3,10,150,11,0.0
764,3,10,150,11,0.0
765,3,10,150,11,0.0
766,3,10,150,11,0.0
767,3,10,150,11,0.057841952007295125
768,3,10,150,11,0.07386356006695578
769,3,10,150,11,0.0
770,3,10,150,11,0.2073612289146658
771,3,10,150,11,0.0
772,3,10,150,11,0.0
773,3,10,150,11,0.2073612289146658
774,3,10,150,11,0.0
775,3,10,150,11,0.0
776,3,10,150,11,0.0
777,3,10,150,11,0.0
778,3,10,150,11,0.13083036905940468
779,3,10,150,11,0.0
780,3,10,150,11,0.08021827351724287
781,3,10,150,11,0.07055658259096848
782,3,10,150,11,0.0
783,3,10,150,11,0.0
784,3,10,150,11,0.0
785,3,10,150,11,0.15130120674940672
786,3,10,150,11,0.14264022335830254
787,3,10,150,11,0.0
788,3,10,150,11,0.0
789,3,10,150,11,0.0
790,3,10,150,11,0.13083036905940468
791,3,10,150,11,0.0
792,3,10,150,11,0.06242194984105966
793,3,10,150,11,0.08021827351724287
794,3,10,150,11,0.08021827351724287
795,3,10,150,11,0.13083036905940468
796,3,10,150,11,0.06912040963822193
797,3,10,150,11,0.13905617951077562
798,3,10,150,11,0.0
799,3,10,150,11,0.2836929289153804
800,3,10,150,11,0.0
801,3,10,150,11,0.0
802,3,10,150,11,0.06541518452970234
803,3,10,150,11,0.0
804,3,10,150,11,0.48117556767924824
805,3,10,150,11,0.2073612289146658
806,3,10,150,11,0.057841952007295125
807,3,10,150,11,0.2764816385528877
808,3,10,150,11,0.0
809,3,10,150,11,0.0
810,3,10,150,11,0.0
811,3,10,150,11,0.0
812,3,10,150,11,0.0
813,3,10,150,11,0.0
814,3,10,150,11,0.0
815,3,10,150,11,0.0
816,3,10,150,11,0.0
817,3,10,150,11,0.0
818,3,10,150,11,0.0
819,3,10,150,11,0.0
820,3,10,150,11,0.0
821,3,10,150,11,0.0
822,3,10,150,11,0.0
823,3,10,150,11,0.13628550990801544
824,3,10,150,11,0.0
825,3,10,150,11,0.2201359894062419
826,3,10,150,11,0.0
827,3,10,150,11,0.0
828,3,10,150,11,0.0
829,3,10,150,11,0.0
830,3,10,150,11,0.07386356006695578
831,3,10,150,11,0.0
832,3,10,150,11,0.0
833,3,10,150,11,0.06242194984105966
834,3,10,150,11,0.0
835,3,10,150,11,0.0
836,3,10,150,11,0.0
837,3,10,150,11,0.0
838,3,10,150,11,0.0
839,3,10,150,11,0.0
840,3,10,150,11,0.05994083762128166
841,3,10,150,11,0.0
842,3,10,150,11,0.0
843,3,10,150,11,0.06912040963822193
844,3,10,150,11,0.0
845,3,10,150,11,0.0
846,3,10,150,11,0.06912040963822193
847,3,10,150,11,0.0
848,3,10,150,11,0.0
849,3,10,150,11,0.0
850,3,10,150,11,0.0
851,3,10,150,11,0.2073612289146658
852,3,10,150,11,0.0
853,3,10,150,11,0.0
854,3,10,150,11,0.0
855,3,10,150,11,0.0
856,3,10,150,11,0.0
857,3,10,150,11,0.0
858,3,10,150,11,0.0
859,3,10,150,11,0.0
860,3,10,150,11,0.0
861,3,10,150,11,0.0
862,3,10,150,11,0.0
863,3,10,150,11,0.0
864,3,10,150,11,0.06912040963822193
865,3,10,150,11,0.0
866,3,10,150,11,0.0
867,3,10,150,11,0.13120507751234178
868,3,10,150,11,0.0
870,3,10,150,11,0.0
871,3,10,150,11,0.0
872,3,10,150,11,0.0
875,3,10,150,11,0.0
876,3,10,150,11,0.0
877,3,10,150,11,0.0
1,3,10,150,12,1.0
2,3,10,150,12,0.06362078819895171
3,3,10,150,12,0.0
4,3,10,150,12,0.0
5,3,10,150,12,0.0
6,3,10,150,12,0.09817896789964464
7,3,10,150,12,0.24942134197684737
8,3,10,150,12,0.0
9,3,10,150,12,0.0
10,3,10,150,12,0.21206125747572221
11,3,10,150,12,0.0
12,3,10,150,12,0.0
13,3,10,150,12,0.15001940520686396
14,3,10,150,12,0.0
15,3,10,150,12,0.0
16,3,10,150,12,0.07596161868673496
17,3,10,150,12,0.0
18,3,10,150,12,0.17866072505947486
19,3,10,150,12,0.0
20,3,10,150,12,0.0
21,3,10,150,12,0.0
22,3,10,150,12,0.0
23,3,10,150,12,0.19635793579928928
24,3,10,150,12,0.09785159463516042
25,3,10,150,12,0.0
26,3,10,150,12,0.0
28,3,10,150,12,0.0
29,3,10,150,12,0.0
30,3,10,150,12,0.0979129253499678
31,3,10,150,12,0.0
32,3,10,150,12,0.0
33,3,10,150,12,0.0
34,3,10,150,12,0.0
35,3,10,150,12,0.0
37,3,10,150,12,0.0
38,3,10,150,12,0.0
39,3,10,150,12,0.0
40,3,10,150,12,0.0
41,3,10,150,12,0.0
42,3,10,150,12,0.11671669303665204
43,3,10,150,12,0.39480698531580105
44,3,10,150,12,0.0
45,3,10,150,12,0.0
46,3,10,150,12,0.0
47,3,10,150,12,0.0
48,3,10,150,12,0.0874717141014082
49,3,10,150,12,0.06994410797740244
50,3,10,150,12,0.0
51,3,10,150,12,0.18953836965473142
52,3,10,150,12,0.0
53,3,10,150,12,0.09546043308946733
54,3,10,150,12,0.0
55,3,10,150,12,0.0
56,3,10,150,12,0.06994410797740244
57,3,10,150,12,0.0
58,3,10,150,12,0.0
59,3,10,150,12,0.0845667599404342
60,3,10,150,12,0.07596161868673496
61,3,10,150,12,0.0
62,3,10,150,12,0.06545264526642976
63,3,10,150,12,0.0
64,3,10,150,12,0.0
65,3,10,150,12,0.25311810840724985
66,3,10,150,12,0.0
67,3,10,150,12,0.0
68,3,10,150,12,0.0
69,3,10,150,12,0.0
70,3,10,150,12,0.0
71,3,10,150,12,0.0
72,3,10,150,12,0.2078497586869602
73,3,10,150,12,0.0
74,3,10,150,12,0.0
75,3,10,150,12,0.0
76,3,10,150,12,0.05947719272904215
77,3,10,150,12,0.27487633291429087
78,3,10,150,12,0.0
79,3,10,150,12,0.0
80,3,10,150,12,0.0
81,3,10,150,12,0.0
82,3,10,150,12,0.056760172607960534
83,3,10,150,12,0.06194403202282284
84,3,10,150,12,0.0
85,3,10,150,12,0.12388806404564567
86,3,10,150,12,0.0
87,3,10,150,12,0.056760172607960534
88,3,10,150,12,0.0
89,3,10,150,12,0.19635793579928928
90,3,10,150,12,0.17695147022320376
91,3,10,150,12,0.1379056507095578
92,3,10,150,12,0.0547726610138292
93,3,10,150,12,0.0
94,3,10,150,12,0.19635793579928928
95,3,10,150,12,0.06994410797740244
96,3,10,150,12,0.0
97,3,10,150,12,0.0
98,3,10,150,12,0.0
99,3,10,150,12,0.0
100,3,10,150,12,0.0
101,3,10,150,12,0.0
102,3,10,150,12,0.0
103,3,10,150,12,0.0
104,3,10,150,12,0.157288596461893
106,3,10,150,12,0.0
107,3,10,150,12,0.0
108,3,10,150,12,0.0
109,3,10,150,12,0.0
110,3,10,150,12,0.05306340617755807
111,3,10,150,12,0.0
112,3,10,150,12,0.0
113,3,10,150,12,0.0
114,3,10,150,12,0.0
115,3,10,150,12,0.0
116,3,10,150,12,0.0
117,3,10,150,12,0.0
118,3,10,150,12,0.0
119,3,10,150,12,0.0
121,3,10,150,12,0.0
122,3,10,150,12,0.0
123,3,10,150,12,0.46927872602275644
124,3,10,150,12,0.10889376106823218
125,3,10,150,12,0.09817896789964464
126,3,10,150,12,0.0
127,3,10,150,12,0.0
128,3,10,150,12,0.0
129,3,10,150,12,0.0
130,3,10,150,12,0.0
131,3,10,150,12,0.19519002499605084
132,3,10,150,12,0.09109240322345806
133,3,10,150,12,0.0
134,3,10,150,12,0.0
135,3,10,150,12,0.0
136,3,10,150,12,0.26687965254220064
137,3,10,150,12,0.0
138,3,10,150,12,0.13012668333070054
139,3,10,150,12,0.0
140,3,10,150,12,0.0
141,3,10,150,12,0.19635793579928928
142,3,10,150,12,0.30260241349881345
143,3,10,150,12,0.0
144,3,10,150,12,0.2033582959759875
145,3,10,150,12,0.0
146,3,10,150,12,0.0
147,3,10,150,12,0.0
148,3,10,150,12,0.0
149,3,10,150,12,0.0
150,3,10,150,12,0.0
151,3,10,150,12,0.0
152,3,10,150,12,0.0
153,3,10,150,12,0.0
154,3,10,150,12,0.0
155,3,10,150,12,0.0
156,3,10,150,12,0.0
157,3,10,150,12,0.0
158,3,10,150,12,0.09817896789964464
159,3,10,150,12,0.157288596461893
160,3,10,150,12,0.0
161,3,10,150,12,0.0
162,3,10,150,12,0.0
163,3,10,150,12,0.0
164,3,10,150,12,0.0
165,3,10,150,12,0.0
166,3,10,150,12,0.0
167,3,10,150,12,0.0
168,3,10,150,12,0.0
169,3,10,150,12,0.0
170,3,10,150,12,0.0
171,3,10,150,12,0.0
172,3,10,150,12,0.0
173,3,10,150,12,0.0
174,3,10,150,12,0.0
175,3,10,150,12,0.2987100207034456
176,3,10,150,12,0.0
177,3,10,150,12,0.0
178,3,10,150,12,0.19896913284169548
179,3,10,150,12,0.0
180,3,10,150,12,0.0
181,3,10,150,12,0.05306340617755807
182,3,10,150,12,0.13120507751234178
183,3,10,150,12,0.0
184,3,10,150,12,0.0
185,3,10,150,12,0.0
186,3,10,150,12,0.0
187,3,10,150,12,0.09162544430476362
188,3,10,150,12,0.0
189,3,10,150,12,0.19635793579928928
190,3,10,150,12,0.0
191,3,10,150,12,0.0
192,3,10,150,12,0.0
193,3,10,150,12,0.0
194,3,10,150,12,0.06994410797740244
195,3,10,150,12,0.0
196,3,10,150,12,0.17342765698823945
197,3,10,150,12,0.0
198,3,10,150,12,0.18274572784007886
199,3,10,150,12,0.0
200,3,10,150,12,0.0
201,3,10,150,12,0.39620761853166997
202,3,10,150,12,0.0
203,3,10,150,12,0.0
204,3,10,150,12,0.0
205,3,10,150,12,0.0
206,3,10,150,12,0.0
207,3,10,150,12,0.0
208,3,10,150,12,0.0
209,3,10,150,12,0.0
210,3,10,150,12,0.0
211,3,10,150,12,0.0
212,3,10,150,12,0.0
213,3,10,150,12,0.0
214,3,10,150,12,0.06556429791586475
215,3,10,150,12,0.157288596461893
216,3,10,150,12,0.25520922212447233
217,3,10,150,12,0.0
218,3,10,150,12,0.0
219,3,10,150,12,0.0
220,3,10,150,12,0.0
221,3,10,150,12,0.15493914050760518
222,3,10,150,12,0.1459057266641374
223,3,10,150,12,0.0
224,3,10,150,12,0.0
225,3,10,150,12,0.0
226,3,10,150,12,0.0
227,3,10,150,12,0.0
229,3,10,150,12,0.0
230,3,10,150,12,0.0
231,3,10,150,12,0.0
232,3,10,150,12,0.0
233,3,10,150,12,0.07596161868673496
234,3,10,150,12,0.25311810840724985
235,3,10,150,12,0.0
236,3,10,150,12,0.12221281787439028
237,3,10,150,12,0.0
238,3,10,150,12,0.0
239,3,10,150,12,0.0
240,3,10,150,12,0.0
241,3,10,150,12,0.0
242,3,10,150,12,0.0
243,3,10,150,12,0.0
244,3,10,150,12,0.19635793579928928
245,3,10,150,12,0.0
246,3,10,150,12,0.0
247,3,10,150,12,0.15642624200758548
248,3,10,150,12,0.11838279295536291
249,3,10,150,12,0.19635793579928928
250,3,10,150,12,0.059109628562248356
251,3,10,150,12,0.0
252,3,10,150,12,0.0
253,3,10,150,12,0.0
254,3,10,150,12,0.056760172607960534
255,3,10,150,12,0.05306340617755807
256,3,10,150,12,0.0
257,3,10,150,12,0.0
258,3,10,150,12,0.0
259,3,10,150,12,0.0
260,3,10,150,12,0.0
261,3,10,150,12,0.0
262,3,10,150,12,0.0
263,3,10,150,12,0.19635793579928928
264,3,10,150,12,0.25311810840724985
265,3,10,150,12,0.06835476917178976
266,3,10,150,12,0.0
267,3,10,150,12,0.059109628562248356
268,3,10,150,12,0.18415684989721315
269,3,10,150,12,0.0
270,3,10,150,12,0.0
271,3,10,150,12,0.06194403202282284
272,3,10,150,12,0.0
273,3,10,150,12,0.0
274,3,10,150,12,0.0
275,3,10,150,12,0.0
276,3,10,150,12,0.2809246957397235
277,3,10,150,12,0.0
278,3,10,150,12,0.0
279,3,10,150,12,0.12388806404564567
280,3,10,150,12,0.15124237407720273
281,3,10,150,12,0.0
282,3,10,150,12,0.0
283,3,10,150,12,0.0
284,3,10,150,12,0.0
285,3,10,150,12,0.0
286,3,10,150,12,0.0
287,3,10,150,12,0.0
288,3,10,150,12,0.0
289,3,10,150,12,0.0
290,3,10,150,12,0.15001940520686396
291,3,10,150,12,0.25311810840724985
292,3,10,150,12,0.2078497586869602
293,3,10,150,12,0.06994410797740244
294,3,10,150,12,0.0
295,3,10,150,12,0.0
296,3,10,150,12,0.07596161868673496
297,3,10,150,12,0.0
298,3,10,150,12,0.05306340617755807
299,3,10,150,12,0.0845667599404342
300,3,10,150,12,0.0
301,3,10,150,12,0.26181058106571903
302,3,10,150,12,0.0
303,3,10,150,12,0.23950590044803938
304,3,10,150,12,0.0
305,3,10,150,12,0.06194403202282284
306,3,10,150,12,0.0
307,3,10,150,12,0.0
308,3,10,150,12,0.0845667599404342
309,3,10,150,12,0.0
310,3,10,150,12,0.2890648263178879
311,3,10,150,12,0.18274572784007886
312,3,10,150,12,0.14367638850268255
313,3,10,150,12,0.0547726610138292
314,3,10,150,12,0.09817896789964464
315,3,10,150,12,0.09785159463516042
316,3,10,150,12,0.0
317,3,10,150,12,0.0
318,3,10,150,12,0.0
319,3,10,150,12,0.0
320,3,10,150,12,0.0
321,3,10,150,12,0.0
322,3,10,150,12,0.0
323,3,10,150,12,0.0845667599404342
324,3,10,150,12,0.0
325,3,10,150,12,0.0
326,3,10,150,12,0.13188814000022528
327,3,10,150,12,0.0
328,3,10,150,12,0.16812307587704708
329,3,10,150,12,0.0
330,3,10,150,12,0.2583019678221121
331,3,10,150,12,0.0
332,3,10,150,12,0.0
333,3,10,150,12,0.0
334,3,10,150,12,0.2809246957397235
335,3,10,150,12,0.0
336,3,10,150,12,0.0
337,3,10,150,12,0.0
338,3,10,150,12,0.0
339,3,10,150,12,0.10783606719138729
340,3,10,150,12,0.12647135138382856
341,3,10,150,12,0.0
342,3,10,150,12,0.0
343,3,10,150,12,0.32024599984493496
344,3,10,150,12,0.12221281787439028
345,3,10,150,12,0.19635793579928928
346,3,10,150,12,0.11870420463078338
347,3,10,150,12,0.0
348,3,10,150,12,0.0
349,3,10,150,12,0.0
350,3,10,150,12,0.0845667599404342
351,3,10,150,12,0.0
352,3,10,150,12,0.06362078819895171
353,3,10,150,12,0.0
354,3,10,150,12,0.0
355,3,10,150,12,0.0
356,3,10,150,12,0.0
357,3,10,150,12,0.0
358,3,10,150,12,0.26730206653594746
359,3,10,150,12,0.0
360,3,10,150,12,0.0845667599404342
361,3,10,150,12,0.0
362,3,10,150,12,0.0
363,3,10,150,12,0.39074827452524213
364,3,10,150,12,0.0
365,3,10,150,12,0.0
366,3,10,150,12,0.0
367,3,10,150,12,0.09817896789964464
368,3,10,150,12,0.0
369,3,10,150,12,0.0
370,3,10,150,12,0.0547726610138292
371,3,10,150,12,0.0
372,3,10,150,12,0.0845667599404342
373,3,10,150,12,0.23608461860920246
374,3,10,150,12,0.25311810840724985
375,3,10,150,12,0.0
376,3,10,150,12,0.0
377,3,10,150,12,0.0
378,3,10,150,12,0.12471676899123163
379,3,10,150,12,0.06994410797740244
380,3,10,150,12,0.0
381,3,10,150,12,0.0
382,3,10,150,12,0.0
383,3,10,150,12,0.0
384,3,10,150,12,0.0
385,3,10,150,12,0.18299769260789403
386,3,10,150,12,0.0
387,3,10,150,12,0.059109628562248356
388,3,10,150,12,0.0
389,3,10,150,12,0.15001940520686396
390,3,10,150,12,0.21398626473452756
391,3,10,150,12,0.34760030987649204
392,3,10,150,12,0.0
393,3,10,150,12,0.2663020437766917
394,3,10,150,12,0.0
395,3,10,150,12,0.0
396,3,10,150,12,0.0
397,3,10,150,12,0.0
398,3,10,150,12,0.059109628562248356
399,3,10,150,12,0.0
400,3,10,150,12,0.0
401,3,10,150,12,0.0
402,3,10,150,12,0.424926013816671
403,3,10,150,12,0.0
404,3,10,150,12,0.0
405,3,10,150,12,0.37935562840718334
406,3,10,150,12,0.3784750785164982
407,3,10,150,12,0.15001940520686396
408,3,10,150,12,0.0
409,3,10,150,12,0.12388806404564567
410,3,10,150,12,0.0
411,3,10,150,12,0.0
412,3,10,150,12,0.0
413,3,10,150,12,0.10122860821230018
414,3,10,150,12,0.0
415,3,10,150,12,0.0
416,3,10,150,12,0.19984968273238063
417,3,10,150,12,0.1353967532438322
418,3,10,150,12,0.0
419,3,10,150,12,0.13032376591037062
420,3,10,150,12,0.0
421,3,10,150,12,0.06362078819895171
422,3,10,150,12,0.0
423,3,10,150,12,0.0
424,3,10,150,12,0.07414861528507455
425,3,10,150,12,0.0
426,3,10,150,12,0.0547726610138292
427,3,10,150,12,0.0
428,3,10,150,12,0.0
429,3,10,150,12,0.2300671078998699
430,3,10,150,12,0.06545264526642976
431,3,10,150,12,0.0
432,3,10,150,12,0.0
433,3,10,150,12,0.0
434,3,10,150,12,0.19635793579928928
435,3,10,150,12,0.46743100159122447
436,3,10,150,12,0.09817896789964464
437,3,10,150,12,0.0
438,3,10,150,12,0.0
439,3,10,150,12,0.0
440,3,10,150,12,0.05306340617755807
441,3,10,150,12,0.0
442,3,10,150,12,0.09817896789964464
443,3,10,150,12,0.0
444,3,10,150,12,0.19519002499605084
445,3,10,150,12,0.0
446,3,10,150,12,0.0
447,3,10,150,12,0.06994410797740244
448,3,10,150,12,0.0
449,3,10,150,12,0.0
450,3,10,150,12,0.3278332383998957
451,3,10,150,12,0.0
452,3,10,150,12,0.0
453,3,10,150,12,0.22206703194529032
454,3,10,150,12,0.0
455,3,10,150,12,0.3704985223856689
456,3,10,150,12,0.24942134197684737
457,3,10,150,12,0.7000070069568199
458,3,10,150,12,0.1414142639531647
459,3,10,150,12,0.0
460,3,10,150,12,0.0
461,3,10,150,12,0.10778915452451093
462,3,10,150,12,0.0
463,3,10,150,12,0.19383217202304812
464,3,10,150,12,0.0
465,3,10,150,12,0.09817896789964464
466,3,10,150,12,0.1350712472489833
467,3,10,150,12,0.0
468,3,10,150,12,0.3508688037171259
469,3,10,150,12,0.0
470,3,10,150,12,0.0
471,3,10,150,12,0.0
472,3,10,150,12,0.27231955448602424
473,3,10,150,12,0.0
474,3,10,150,12,0.6023586112236246
475,3,10,150,12,0.0
476,3,10,150,12,0.18299769260789403
477,3,10,150,12,0.0
478,3,10,150,12,0.32024599984493496
479,3,10,150,12,0.05306340617755807
480,3,10,150,12,0.06994410797740244
481,3,10,150,12,0.0
482,3,10,150,12,0.10209739512291163
483,3,10,150,12,0.06194403202282284
484,3,10,150,12,0.30419400299067656
485,3,10,150,12,0.0
486,3,10,150,12,0.0547726610138292
487,3,10,150,12,0.17778017516878972
488,3,10,150,12,0.12388806404564567
489,3,10,150,12,0.0
490,3,10,150,12,0.09817896789964464
491,3,10,150,12,0.09460634670666435
492,3,10,150,12,0.0
493,3,10,150,12,0.2809246957397235
494,3,10,150,12,0.0
495,3,10,150,12,0.09817896789964464
496,3,10,150,12,0.05306340617755807
497,3,10,150,12,0.07596161868673496
498,3,10,150,12,0.0
499,3,10,150,12,0.0845667599404342
500,3,10,150,12,0.0845667599404342
501,3,10,150,12,0.0
502,3,10,150,12,0.0
503,3,10,150,12,0.440419110539321
504,3,10,150,12,0.1350712472489833
505,3,10,150,12,0.0
506,3,10,150,12,0.11153283362178974
507,3,10,150,12,0.0
508,3,10,150,12,0.14651079196325703
509,3,10,150,12,0.0
510,3,10,150,12,0.06835476917178976
511,3,10,150,12,0.0
512,3,10,150,12,0.0
513,3,10,150,12,0.0
514,3,10,150,12,0.1967397946802406
515,3,10,150,12,0.0
516,3,10,150,12,0.0
517,3,10,150,12,0.0
518,3,10,150,12,0.0
519,3,10,150,12,0.0
520,3,10,150,12,0.0
521,3,10,150,12,0.19635793579928928
522,3,10,150,12,0.11752277470724268
523,3,10,150,12,0.2511305968131185
524,3,10,150,12,0.056760172607960534
525,3,10,150,12,0.0
526,3,10,150,12,0.0
527,3,10,150,12,0.3174115963843605
528,3,10,150,12,0.06194403202282284
529,3,10,150,12,0.0
530,3,10,150,12,0.0
531,3,10,150,12,0.0
532,3,10,150,12,0.2809246957397235
533,3,10,150,12,0.4219335809881865
534,3,10,150,12,0.07596161868673496
535,3,10,150,12,0.4062238818425034
536,3,10,150,12,0.059109628562248356
537,3,10,150,12,0.0
538,3,10,150,12,0.12388806404564567
539,3,10,150,12,0.0
540,3,10,150,12,0.0
541,3,10,150,12,0.056760172607960534
542,3,10,150,12,0.09817896789964464
543,3,10,150,12,0.0
544,3,10,150,12,0.0
545,3,10,150,12,0.24942134197684737
546,3,10,150,12,0.0
547,3,10,150,12,0.0
548,3,10,150,12,0.15001940520686396
549,3,10,150,12,0.0
550,3,10,150,12,0.0845667599404342
551,3,10,150,12,0.36339396449368505
552,3,10,150,12,0.0
553,3,10,150,12,0.07596161868673496
554,3,10,150,12,0.0
555,3,10,150,12,0.0
556,3,10,150,12,0.1482972305701491
557,3,10,150,12,0.06545264526642976
558,3,10,150,12,0.21398626473452756
559,3,10,150,12,0.0
560,3,10,150,12,0.12456227382867811
561,3,10,150,12,0.18274572784007886
562,3,10,150,12,0.0
563,3,10,150,12,0.05994083762128166
564,3,10,150,12,0.0
565,3,10,150,12,0.07596161868673496
566,3,10,150,12,0.18934070931207542
567,3,10,150,12,0.363481295898455
568,3,10,150,12,0.0
569,3,10,150,12,0.0
570,3,10,150,12,0.0
571,3,10,150,12,0.0
572,3,10,150,12,0.30260241349881345
573,3,10,150,12,0.0
574,3,10,150,12,0.0
575,3,10,150,12,0.07945707943276742
576,3,10,150,12,0.0
577,3,10,150,12,0.34637734100615325
578,3,10,150,12,0.0
579,3,10,150,12,0.059109628562248356
580,3,10,150,12,0.0
581,3,10,150,12,0.0
582,3,10,150,12,0.09817896789964464
583,3,10,150,12,0.0874717141014082
584,3,10,150,12,0.1491042771925757
585,3,10,150,12,0.07596161868673496
586,3,10,150,12,0.2078497586869602
587,3,10,150,12,0.0
588,3,10,150,12,0.2583019678221121
589,3,10,150,12,0.0
590,3,10,150,12,0.12388806404564567
591,3,10,150,12,0.0
592,3,10,150,12,0.30663379188572454
593,3,10,150,12,0.09817896789964464
594,3,10,150,12,0.0
595,3,10,150,12,0.0
596,3,10,150,12,0.09803928583135704
597,3,10,150,12,0.0
598,3,10,150,12,0.0
599,3,10,150,12,0.0
600,3,10,150,12,0.23975786521585457
601,3,10,150,12,0.37935562840718334
602,3,10,150,12,0.0
603,3,10,150,12,0.0845667599404342
604,3,10,150,12,0.0
605,3,10,150,12,0.09817896789964464
606,3,10,150,12,0.3442798498196806
607,3,10,150,12,0.0
608,3,10,150,12,0.2511305968131185
609,3,10,150,12,0.0
610,3,10,150,12,0.056760172607960534
611,3,10,150,12,0.0
612,3,10,150,12,0.09162544430476362
613,3,10,150,12,0.07839826897867533
614,3,10,150,12,0.19635793579928928
615,3,10,150,12,0.0
616,3,10,150,12,0.0
617,3,10,150,12,0.0
618,3,10,150,12,0.19635793579928928
619,3,10,150,12,0.12022530628025895
620,3,10,150,12,0.3290797270939848
621,3,10,150,12,0.0
622,3,10,150,12,0.49929391668825435
623,3,10,150,12,0.06194403202282284
624,3,10,150,12,0.05306340617755807
625,3,10,150,12,0.15493914050760518
626,3,10,150,12,0.0
627,3,10,150,12,0.25546756436153767
628,3,10,150,12,0.0
629,3,10,150,12,0.25660985534034114
630,3,10,150,12,0.07596161868673496
631,3,10,150,12,0.0
632,3,10,150,12,0.0
633,3,10,150,12,0.0
634,3,10,150,12,0.15124237407720273
635,3,10,150,12,0.0
636,3,10,150,12,0.30260241349881345
637,3,10,150,12,0.0
638,3,10,150,12,0.05306340617755807
639,3,10,150,12,0.0
640,3,10,150,12,0.22039178577403493
641,3,10,150,12,0.059109628562248356
642,3,10,150,12,0.3536465322611823
643,3,10,150,12,0.5369410191885675
644,3,10,150,12,0.0
645,3,10,150,12,0.06194403202282284
646,3,10,150,12,0.12388806404564567
647,3,10,150,12,0.0
648,3,10,150,12,0.13073427970056417
649,3,10,150,12,0.0
650,3,10,150,12,0.2809246957397235
651,3,10,150,12,0.0
652,3,10,150,12,0.0
653,3,10,150,12,0.34003432430197184
654,3,10,150,12,0.0845667599404342
655,3,10,150,12,0.18379768587812226
656,3,10,150,12,0.0
657,3,10,150,12,0.2073612289146658
658,3,10,150,12,0.07596161868673496
659,3,10,150,12,0.20266589927209794
660,3,10,150,12,0.0
661,3,10,150,12,0.059109628562248356
662,3,10,150,12,0.0
663,3,10,150,12,0.29201113992269273
664,3,10,150,12,0.6092517254747579
665,3,10,150,12,0.09817896789964464
666,3,10,150,12,0.2078497586869602
667,3,10,150,12,0.0
668,3,10,150,12,0.0
669,3,10,150,12,0.3431206925303615
670,3,10,150,12,0.0
671,3,10,150,12,0.3254116723389401
672,3,10,150,12,0.05306340617755807
673,3,10,150,12,0.0
674,3,10,150,12,0.0
675,3,10,150,12,0.0
676,3,10,150,12,0.33426358650884713
677,3,10,150,12,0.0
678,3,10,150,12,0.0
679,3,10,150,12,0.0547726610138292
680,3,10,150,12,0.0
681,3,10,150,12,0.0
682,3,10,150,12,0.6717721470345779
683,3,10,150,12,0.0
684,3,10,150,12,0.06994410797740244
685,3,10,150,12,0.0
686,3,10,150,12,0.12670428058536298
687,3,10,150,12,0.0
688,3,10,150,12,0.0
689,3,10,150,12,0.2945369036989339
690,3,10,150,12,0.4321670698169262
691,3,10,150,12,0.44686105546476035
692,3,10,150,12,0.0
693,3,10,150,12,0.0845667599404342
694,3,10,150,12,0.19215692585179275
695,3,10,150,12,0.0
696,3,10,150,12,0.0
697,3,10,150,12,0.0
698,3,10,150,12,0.0
699,3,10,150,12,0.0
700,3,10,150,12,0.0
701,3,10,150,12,0.0
702,3,10,150,12,0.0
703,3,10,150,12,0.19383217202304812
704,3,10,150,12,0.06194403202282284
705,3,10,150,12,0.32024599984493496
706,3,10,150,12,0.0
707,3,10,150,12,0.30663379188572454
708,3,10,150,12,0.0
709,3,10,150,12,0.1150074382003809
710,3,10,150,12,0.3951156250001343
711,3,10,150,12,0.1741405865863796
712,3,10,150,12,0.06194403202282284
713,3,10,150,12,0.0
714,3,10,150,12,0.0845667599404342
715,3,10,150,12,0.2663020437766917
716,3,10,150,12,0.30853097053909573
717,3,10,150,12,0.07596161868673496
718,3,10,150,12,0.0
719,3,10,150,12,0.06545264526642976
720,3,10,150,12,0.0
721,3,10,150,12,0.06545264526642976
722,3,10,150,12,0.0
723,3,10,150,12,0.0
724,3,10,150,12,0.0
725,3,10,150,12,0.0
726,3,10,150,12,0.0
727,3,10,150,12,0.17933493484250732
728,3,10,150,12,0.0
729,3,10,150,12,0.0
730,3,10,150,12,0.0
731,3,10,150,12,0.12388806404564567
732,3,10,150,12,0.0
733,3,10,150,12,0.0
734,3,10,150,12,0.12300751415496051
735,3,10,150,12,0.059109628562248356
736,3,10,150,12,0.0
737,3,10,150,12,0.06625422345438903
738,3,10,150,12,0.1706424621840381
739,3,10,150,12,0.0
740,3,10,150,12,0.0
741,3,10,150,12,0.06545264526642976
742,3,10,150,12,0.0
743,3,10,150,12,0.0
744,3,10,150,12,0.0
745,3,10,150,12,0.06194403202282284
746,3,10,150,12,0.21963800718941753
747,3,10,150,12,0.14367638850268255
748,3,10,150,12,0.07596161868673496
749,3,10,150,12,0.4467621272435024
750,3,10,150,12,0.0
751,3,10,150,12,0.0
752,3,10,150,12,0.0
753,3,10,150,12,0.0
754,3,10,150,12,0.0
755,3,10,150,12,0.0
756,3,10,150,12,0.0845667599404342
757,3,10,150,12,0.12388806404564567
758,3,10,150,12,0.09817896789964464
759,3,10,150,12,0.0
760,3,10,150,12,0.0
761,3,10,150,12,0.06545264526642976
762,3,10,150,12,0.0
763,3,10,150,12,0.0
764,3,10,150,12,0.0
765,3,10,150,12,0.0
766,3,10,150,12,0.0
767,3,10,150,12,0.0547726610138292
768,3,10,150,12,0.06994410797740244
769,3,10,150,12,0.0
770,3,10,150,12,0.19635793579928928
771,3,10,150,12,0.0
772,3,10,150,12,0.0
773,3,10,150,12,0.19635793579928928
774,3,10,150,12,0.0
775,3,10,150,12,0.0
776,3,10,150,12,0.0
777,3,10,150,12,0.0
778,3,10,150,12,0.12388806404564567
779,3,10,150,12,0.0
780,3,10,150,12,0.07596161868673496
781,3,10,150,12,0.07055658259096848
782,3,10,150,12,0.0
783,3,10,150,12,0.0
784,3,10,150,12,0.0
785,3,10,150,12,0.15130120674940672
786,3,10,150,12,0.1881346534265414
787,3,10,150,12,0.0
788,3,10,150,12,0.0
789,3,10,150,12,0.0
790,3,10,150,12,0.12388806404564567
791,3,10,150,12,0.0
792,3,10,150,12,0.059109628562248356
793,3,10,150,12,0.08021827351724287
794,3,10,150,12,0.08021827351724287
795,3,10,150,12,0.12388806404564567
796,3,10,150,12,0.11851605144398783
797,3,10,150,12,0.13905617951077562
798,3,10,150,12,0.0
799,3,10,150,12,0.2836929289153804
800,3,10,150,12,0.0
801,3,10,150,12,0.0
802,3,10,150,12,0.06194403202282284
803,3,10,150,12,0.0
804,3,10,150,12,0.45564275308876717
805,3,10,150,12,0.19635793579928928
806,3,10,150,12,0.0547726610138292
807,3,10,150,12,0.26181058106571903
808,3,10,150,12,0.0
809,3,10,150,12,0.0
810,3,10,150,12,0.0
811,3,10,150,12,0.0
812,3,10,150,12,0.0
813,3,10,150,12,0.0
814,3,10,150,12,0.0
815,3,10,150,12,0.0
816,3,10,150,12,0.0
817,3,10,150,12,0.0
818,3,10,150,12,0.0
819,3,10,150,12,0.0
820,3,10,150,12,0.0
821,3,10,150,12,0.0
822,3,10,150,12,0.0
823,3,10,150,12,0.1290537365396508
824,3,10,150,12,0.0
825,3,10,150,12,0.20845482398607987
826,3,10,150,12,0.0
827,3,10,150,12,0.0
828,3,10,150,12,0.0
829,3,10,150,12,0.0
830,3,10,150,12,0.06994410797740244
831,3,10,150,12,0.0
832,3,10,150,12,0.0
833,3,10,150,12,0.059109628562248356
834,3,10,150,12,0.0
835,3,10,150,12,0.0
836,3,10,150,12,0.0
837,3,10,150,12,0.0
838,3,10,150,12,0.0
839,3,10,150,12,0.0
840,3,10,150,12,0.056760172607960534
841,3,10,150,12,0.0
842,3,10,150,12,0.0
843,3,10,150,12,0.06545264526642976
844,3,10,150,12,0.0
845,3,10,150,12,0.0
846,3,10,150,12,0.06545264526642976
847,3,10,150,12,0.0
848,3,10,150,12,0.0
849,3,10,150,12,0.0
850,3,10,150,12,0.0
851,3,10,150,12,0.19635793579928928
852,3,10,150,12,0.0
853,3,10,150,12,0.0
854,3,10,150,12,0.0
855,3,10,150,12,0.0
856,3,10,150,12,0.0
857,3,10,150,12,0.0
858,3,10,150,12,0.0
859,3,10,150,12,0.0
860,3,10,150,12,0.0
861,3,10,150,12,0.0
862,3,10,150,12,0.0
863,3,10,150,12,0.0
864,3,10,150,12,0.06912040963822193
865,3,10,150,12,0.0
866,3,10,150,12,0.0
867,3,10,150,12,0.13120507751234178
868,3,10,150,12,0.0
870,3,10,150,12,0.0
871,3,10,150,12,0.0
872,3,10,150,12,0.0
875,3,10,150,12,0.0
876,3,10,150,12,0.0
877,3,10,150,12,0.0
1,3,10,150,13,1.0
2,3,10,150,13,0.06362078819895171
3,3,10,150,13,0.0
4,3,10,150,13,0.0
5,3,10,150,13,0.0
6,3,10,150,13,0.09336388246267398
7,3,10,150,13,0.2371887314991124
8,3,10,150,13,0.0
9,3,10,150,13,0.0
10,3,10,150,13,0.20166093351162467
11,3,10,150,13,0.0
12,3,10,150,13,0.0
13,3,10,150,13,0.14266185940323584
14,3,10,150,13,0.0
15,3,10,150,13,0.0
16,3,10,150,13,0.07223616005000244
17,3,10,150,13,0.0
18,3,10,150,13,0.21894245612860416
19,3,10,150,13,0.0
20,3,10,150,13,0.0
21,3,10,150,13,0.0
22,3,10,150,13,0.0
23,3,10,150,13,0.18672776492534796
24,3,10,150,13,0.09785159463516042
25,3,10,150,13,0.0
26,3,10,150,13,0.0
28,3,10,150,13,0.0
29,3,10,150,13,0.0
30,3,10,150,13,0.0979129253499678
31,3,10,150,13,0.0
32,3,10,150,13,0.0
33,3,10,150,13,0.0
34,3,10,150,13,0.0
35,3,10,150,13,0.0
37,3,10,150,13,0.0
38,3,10,150,13,0.0
39,3,10,150,13,0.0
40,3,10,150,13,0.0
41,3,10,150,13,0.0
42,3,10,150,13,0.11099244413777772
43,3,10,150,13,0.37544408706908516
44,3,10,150,13,0.0
45,3,10,150,13,0.0
46,3,10,150,13,0.0
47,3,10,150,13,0.0
48,3,10,150,13,0.0874717141014082
49,3,10,150,13,0.0665137718990262
50,3,10,150,13,0.0
51,3,10,150,13,0.18953836965473142
52,3,10,150,13,0.0
53,3,10,150,13,0.09546043308946733
54,3,10,150,13,0.0
55,3,10,150,13,0.0
56,3,10,150,13,0.0665137718990262
57,3,10,150,13,0.0
58,3,10,150,13,0.0
59,3,10,150,13,0.12946323173096355
60,3,10,150,13,0.07223616005000244
61,3,10,150,13,0.0
62,3,10,150,13,0.062242588308449316
63,3,10,150,13,0.0
64,3,10,150,13,0.0
65,3,10,150,13,0.24070419386222106
66,3,10,150,13,0.0
67,3,10,150,13,0.0
68,3,10,150,13,0.0
69,3,10,150,13,0.0
70,3,10,150,13,0.0
71,3,10,150,13,0.0
72,3,10,150,13,0.19765598330367803
73,3,10,150,13,0.0
74,3,10,150,13,0.0
75,3,10,150,13,0.0
76,3,10,150,13,0.05947719272904215
77,3,10,150,13,0.27487633291429087
78,3,10,150,13,0.0
79,3,10,150,13,0.0
80,3,10,150,13,0.0
81,3,10,150,13,0.0
82,3,10,150,13,0.05397642893687311
83,3,10,150,13,0.05890605135464942
84,3,10,150,13,0.0
85,3,10,150,13,0.11781210270929884
86,3,10,150,13,0.0
87,3,10,150,13,0.05397642893687311
88,3,10,150,13,0.0
89,3,10,150,13,0.18672776492534796
90,3,10,150,13,0.21731702991924032
91,3,10,150,13,0.13114221140465185
92,3,10,150,13,0.052086392783128294
93,3,10,150,13,0.0
94,3,10,150,13,0.18672776492534796
95,3,10,150,13,0.0665137718990262
96,3,10,150,13,0.0
97,3,10,150,13,0.0
98,3,10,150,13,0.0
99,3,10,150,13,0.0
100,3,10,150,13,0.0
101,3,10,150,13,0.0
102,3,10,150,13,0.0
103,3,10,150,13,0.0
104,3,10,150,13,0.14957454072849638
106,3,10,150,13,0.0
107,3,10,150,13,0.0
108,3,10,150,13,0.0
109,3,10,150,13,0.0
110,3,10,150,13,0.05046096657376444
111,3,10,150,13,0.0
112,3,10,150,13,0.0
113,3,10,150,13,0.0
114,3,10,150,13,0.0
115,3,10,150,13,0.049043960636177025
116,3,10,150,13,0.0
117,3,10,150,13,0.0
118,3,10,150,13,0.0
119,3,10,150,13,0.0
121,3,10,150,13,0.0
122,3,10,150,13,0.0
123,3,10,150,13,0.46927872602275644
124,3,10,150,13,0.10889376106823218
125,3,10,150,13,0.09336388246267398
126,3,10,150,13,0.0
127,3,10,150,13,0.0
128,3,10,150,13,0.0
129,3,10,150,13,0.0
130,3,10,150,13,0.0
131,3,10,150,13,0.19519002499605084
132,3,10,150,13,0.09109240322345806
133,3,10,150,13,0.0
134,3,10,150,13,0.0
135,3,10,150,13,0.0
136,3,10,150,13,0.26687965254220064
137,3,10,150,13,0.0
138,3,10,150,13,0.13012668333070054
139,3,10,150,13,0.0
140,3,10,150,13,0.0
141,3,10,150,13,0.18672776492534796
142,3,10,150,13,0.30260241349881345
143,3,10,150,13,0.0
144,3,10,150,13,0.19338479971310116
145,3,10,150,13,0.0
146,3,10,150,13,0.0
147,3,10,150,13,0.0
148,3,10,150,13,0.0
149,3,10,150,13,0.0
150,3,10,150,13,0.0
151,3,10,150,13,0.0
152,3,10,150,13,0.0
153,3,10,150,13,0.0
154,3,10,150,13,0.0
155,3,10,150,13,0.0
156,3,10,150,13,0.0
157,3,10,150,13,0.0
158,3,10,150,13,0.09336388246267398
159,3,10,150,13,0.14957454072849638
160,3,10,150,13,0.0
161,3,10,150,13,0.0
162,3,10,150,13,0.0
163,3,10,150,13,0.0
164,3,10,150,13,0.0
165,3,10,150,13,0.0
166,3,10,150,13,0.0
167,3,10,150,13,0.0
168,3,10,150,13,0.0
169,3,10,150,13,0.0
170,3,10,150,13,0.0
171,3,10,150,13,0.0
172,3,10,150,13,0.0
173,3,10,150,13,0.0
174,3,10,150,13,0.0
175,3,10,150,13,0.2987100207034456
176,3,10,150,13,0.0
177,3,10,150,13,0.0
178,3,10,150,13,0.18921089852279308
179,3,10,150,13,0.0
180,3,10,150,13,0.0
181,3,10,150,13,0.05046096657376444
182,3,10,150,13,0.13120507751234178
183,3,10,150,13,0.0
184,3,10,150,13,0.0
185,3,10,150,13,0.0
186,3,10,150,13,0.0
187,3,10,150,13,0.09162544430476362
188,3,10,150,13,0.0
189,3,10,150,13,0.23577172556152498
190,3,10,150,13,0.0
191,3,10,150,13,0.0
192,3,10,150,13,0.0
193,3,10,150,13,0.0
194,3,10,150,13,0.0665137718990262
195,3,10,150,13,0.061734604266276284
196,3,10,150,13,0.17342765698823945
197,3,10,150,13,0.0
198,3,10,150,13,0.1737831535574605
199,3,10,150,13,0.0
200,3,10,150,13,0.0
201,3,10,150,13,0.3767760276846493
202,3,10,150,13,0.0
203,3,10,150,13,0.0
204,3,10,150,13,0.0
205,3,10,150,13,0.0
206,3,10,150,13,0.0
207,3,10,150,13,0.0
208,3,10,150,13,0.0
209,3,10,150,13,0.0
210,3,10,150,13,0.0
211,3,10,150,13,0.0
212,3,10,150,13,0.0
213,3,10,150,13,0.051573320538546435
214,3,10,150,13,0.06556429791586475
215,3,10,150,13,0.157288596461893
216,3,10,150,13,0.2426927510806103
217,3,10,150,13,0.0
218,3,10,150,13,0.0
219,3,10,150,13,0.0
220,3,10,150,13,0.0
221,3,10,150,13,0.1473403113995471
222,3,10,150,13,0.13874993194902863
223,3,10,150,13,0.0
224,3,10,150,13,0.0
225,3,10,150,13,0.0
226,3,10,150,13,0.0
227,3,10,150,13,0.0
229,3,10,150,13,0.0
230,3,10,150,13,0.0
231,3,10,150,13,0.0
232,3,10,150,13,0.0
233,3,10,150,13,0.07223616005000244
234,3,10,150,13,0.24070419386222106
235,3,10,150,13,0.0
236,3,10,150,13,0.11621901724532241
237,3,10,150,13,0.0
238,3,10,150,13,0.0
239,3,10,150,13,0.0
240,3,10,150,13,0.0
241,3,10,150,13,0.0
242,3,10,150,13,0.0
243,3,10,150,13,0.0
244,3,10,150,13,0.18672776492534796
245,3,10,150,13,0.0
246,3,10,150,13,0.0
247,3,10,150,13,0.15642624200758548
248,3,10,150,13,0.11838279295536291
249,3,10,150,13,0.18672776492534796
250,3,10,150,13,0.056210658265822395
251,3,10,150,13,0.0
252,3,10,150,13,0.0
253,3,10,150,13,0.0
254,3,10,150,13,0.05397642893687311
255,3,10,150,13,0.05046096657376444
256,3,10,150,13,0.0
257,3,10,150,13,0.0
258,3,10,150,13,0.0
259,3,10,150,13,0.0
260,3,10,150,13,0.0
261,3,10,150,13,0.0
262,3,10,150,13,0.0
263,3,10,150,13,0.24793125633783572
264,3,10,150,13,0.24070419386222106
265,3,10,150,13,0.13479005244476597
266,3,10,150,13,0.0
267,3,10,150,13,0.056210658265822395
268,3,10,150,13,0.17512506859997184
269,3,10,150,13,0.0
270,3,10,150,13,0.0
271,3,10,150,13,0.05890605135464942
272,3,10,150,13,0.0
273,3,10,150,13,0.0
274,3,10,150,13,0.0
275,3,10,150,13,0.0
276,3,10,150,13,0.3161909966563115
277,3,10,150,13,0.0
278,3,10,150,13,0.0
279,3,10,150,13,0.11781210270929884
280,3,10,150,13,0.14382484903643844
281,3,10,150,13,0.0
282,3,10,150,13,0.0
283,3,10,150,13,0.0
284,3,10,150,13,0.0
285,3,10,150,13,0.0
286,3,10,150,13,0.0
287,3,10,150,13,0.0
288,3,10,150,13,0.0
289,3,10,150,13,0.0
290,3,10,150,13,0.14266185940323584
291,3,10,150,13,0.24070419386222106
292,3,10,150,13,0.19765598330367803
293,3,10,150,13,0.0665137718990262
294,3,10,150,13,0.0
295,3,10,150,13,0.0
296,3,10,150,13,0.12128012068617947
297,3,10,150,13,0.0
298,3,10,150,13,0.05046096657376444
299,3,10,150,13,0.12946323173096355
300,3,10,150,13,0.0
301,3,10,150,13,0.24897035323379726
302,3,10,150,13,0.0
303,3,10,150,13,0.22775958249433362
304,3,10,150,13,0.0
305,3,10,150,13,0.05890605135464942
306,3,10,150,13,0.0
307,3,10,150,13,0.0
308,3,10,150,13,0.08041927109478651
309,3,10,150,13,0.0
310,3,10,150,13,0.2890648263178879
311,3,10,150,13,0.1737831535574605
312,3,10,150,13,0.13662992936060891
313,3,10,150,13,0.052086392783128294
314,3,10,150,13,0.09336388246267398
315,3,10,150,13,0.09785159463516042
316,3,10,150,13,0.0
317,3,10,150,13,0.0
318,3,10,150,13,0.0
319,3,10,150,13,0.0
320,3,10,150,13,0.0
321,3,10,150,13,0.0
322,3,10,150,13,0.0
323,3,10,150,13,0.08041927109478651
324,3,10,150,13,0.0
325,3,10,150,13,0.0
326,3,10,150,13,0.12541982325367562
327,3,10,150,13,0.0
328,3,10,150,13,0.15987765436170018
329,3,10,150,13,0.0
330,3,10,150,13,0.2456338162799974
331,3,10,150,13,0.0
332,3,10,150,13,0.0
333,3,10,150,13,0.0
334,3,10,150,13,0.26714703602013445
335,3,10,150,13,0.0
336,3,10,150,13,0.0
337,3,10,150,13,0.0
338,3,10,150,13,0.0
339,3,10,150,13,0.10254735935689274
340,3,10,150,13,0.12647135138382856
341,3,10,150,13,0.0
342,3,10,150,13,0.0
343,3,10,150,13,0.35358382827082385
344,3,10,150,13,0.11621901724532241
345,3,10,150,13,0.18672776492534796
346,3,10,150,13,0.11288248029152252
347,3,10,150,13,0.0
348,3,10,150,13,0.0
349,3,10,150,13,0.0
350,3,10,150,13,0.0845667599404342
351,3,10,150,13,0.0
352,3,10,150,13,0.06362078819895171
353,3,10,150,13,0.0
354,3,10,150,13,0.0
355,3,10,150,13,0.0
356,3,10,150,13,0.0
357,3,10,150,13,0.0
358,3,10,150,13,0.26730206653594746
359,3,10,150,13,0.0
360,3,10,150,13,0.08041927109478651
361,3,10,150,13,0.0
362,3,10,150,13,0.0
363,3,10,150,13,0.37158443153077203
364,3,10,150,13,0.0
365,3,10,150,13,0.0
366,3,10,150,13,0.0
367,3,10,150,13,0.09817896789964464
368,3,10,150,13,0.0
369,3,10,150,13,0.0
370,3,10,150,13,0.052086392783128294
371,3,10,150,13,0.0
372,3,10,150,13,0.08041927109478651
373,3,10,150,13,0.22450609386732587
374,3,10,150,13,0.24070419386222106
375,3,10,150,13,0.0
376,3,10,150,13,0.0
377,3,10,150,13,0.0
378,3,10,150,13,0.11860016468215448
379,3,10,150,13,0.0665137718990262
380,3,10,150,13,0.0
381,3,10,150,13,0.0
382,3,10,150,13,0.0
383,3,10,150,13,0.0
384,3,10,150,13,0.0
385,3,10,150,13,0.22306672161129829
386,3,10,150,13,0.0
387,3,10,150,13,0.056210658265822395
388,3,10,150,13,0.0
389,3,10,150,13,0.14266185940323584
390,3,10,150,13,0.21398626473452756
391,3,10,150,13,0.33055261396178637
392,3,10,150,13,0.0
393,3,10,150,13,0.25324153682437417
394,3,10,150,13,0.0
395,3,10,150,13,0.051573320538546435
396,3,10,150,13,0.0
397,3,10,150,13,0.0
398,3,10,150,13,0.056210658265822395
399,3,10,150,13,0.0
400,3,10,150,13,0.0
401,3,10,150,13,0.0
402,3,10,150,13,0.424926013816671
403,3,10,150,13,0.0
404,3,10,150,13,0.0
405,3,10,150,13,0.3607505259004692
406,3,10,150,13,0.35991316166396103
407,3,10,150,13,0.14266185940323584
408,3,10,150,13,0.0
409,3,10,150,13,0.16685606334547587
410,3,10,150,13,0.0
411,3,10,150,13,0.0
412,3,10,150,13,0.0
413,3,10,150,13,0.10122860821230018
414,3,10,150,13,0.0
415,3,10,150,13,0.0
416,3,10,150,13,0.19004826275930128
417,3,10,150,13,0.12875636020747552
418,3,10,150,13,0.0
419,3,10,150,13,0.2098021491169666
420,3,10,150,13,0.0
421,3,10,150,13,0.06362078819895171
422,3,10,150,13,0.0
423,3,10,150,13,0.0
424,3,10,150,13,0.07414861528507455
425,3,10,150,13,0.0
426,3,10,150,13,0.052086392783128294
427,3,10,150,13,0.0
428,3,10,150,13,0.0
429,3,10,150,13,0.21878370571634959
430,3,10,150,13,0.062242588308449316
431,3,10,150,13,0.0
432,3,10,150,13,0.0
433,3,10,150,13,0.0
434,3,10,150,13,0.18672776492534796
435,3,10,150,13,0.44450633394905564
436,3,10,150,13,0.09336388246267398
437,3,10,150,13,0.0
438,3,10,150,13,0.0
439,3,10,150,13,0.0
440,3,10,150,13,0.05046096657376444
441,3,10,150,13,0.0
442,3,10,150,13,0.09336388246267398
443,3,10,150,13,0.0
444,3,10,150,13,0.19519002499605084
445,3,10,150,13,0.0
446,3,10,150,13,0.0
447,3,10,150,13,0.0665137718990262
448,3,10,150,13,0.0
449,3,10,150,13,0.0
450,3,10,150,13,0.31175499796058076
451,3,10,150,13,0.0
452,3,10,150,13,0.0
453,3,10,150,13,0.2111759851719728
454,3,10,150,13,0.0
455,3,10,150,13,0.3523278074380244
456,3,10,150,13,0.2371887314991124
457,3,10,150,13,0.7147198514987586
458,3,10,150,13,0.13447874835845175
459,3,10,150,13,0.0
460,3,10,150,13,0.0
461,3,10,150,13,0.10778915452451093
462,3,10,150,13,0.0
463,3,10,150,13,0.18432587460832503
464,3,10,150,13,0.0
465,3,10,150,13,0.09336388246267398
466,3,10,150,13,0.12844681831582486
467,3,10,150,13,0.0
468,3,10,150,13,0.3336608079191607
469,3,10,150,13,0.0
470,3,10,150,13,0.0
471,3,10,150,13,0.0
472,3,10,150,13,0.3080078856115274
473,3,10,150,13,0.0
474,3,10,150,13,0.5728165592059108
475,3,10,150,13,0.0
476,3,10,150,13,0.17402276097512126
477,3,10,150,13,0.0
478,3,10,150,13,0.3045398676346468
479,3,10,150,13,0.09950492720994147
480,3,10,150,13,0.0665137718990262
481,3,10,150,13,0.0
482,3,10,150,13,0.10209739512291163
483,3,10,150,13,0.06194403202282284
484,3,10,150,13,0.2892751242822407
485,3,10,150,13,0.0
486,3,10,150,13,0.052086392783128294
487,3,10,150,13,0.16906113125591893
488,3,10,150,13,0.11781210270929884
489,3,10,150,13,0.0
490,3,10,150,13,0.09336388246267398
491,3,10,150,13,0.09460634670666435
492,3,10,150,13,0.0
493,3,10,150,13,0.26714703602013445
494,3,10,150,13,0.0
495,3,10,150,13,0.09336388246267398
496,3,10,150,13,0.05046096657376444
497,3,10,150,13,0.07223616005000244
498,3,10,150,13,0.0
499,3,10,150,13,0.08041927109478651
500,3,10,150,13,0.08041927109478651
501,3,10,150,13,0.0
502,3,10,150,13,0.0
503,3,10,150,13,0.4188192130186104
504,3,10,150,13,0.12844681831582486
505,3,10,150,13,0.0
506,3,10,150,13,0.1060628217200014
507,3,10,150,13,0.0
508,3,10,150,13,0.1393253224494359
509,3,10,150,13,0.0
510,3,10,150,13,0.06835476917178976
511,3,10,150,13,0.0
512,3,10,150,13,0.0
513,3,10,150,13,0.0
514,3,10,150,13,0.23613485657055036
515,3,10,150,13,0.0
516,3,10,150,13,0.07947838320659593
517,3,10,150,13,0.0
518,3,10,150,13,0.0
519,3,10,150,13,0.0
520,3,10,150,13,0.0
521,3,10,150,13,0.18672776492534796
522,3,10,150,13,0.11752277470724268
523,3,10,150,13,0.23881415770847625
524,3,10,150,13,0.05397642893687311
525,3,10,150,13,0.0
526,3,10,150,13,0.0
527,3,10,150,13,0.3018444745458198
528,3,10,150,13,0.05890605135464942
529,3,10,150,13,0.0
530,3,10,150,13,0.0
531,3,10,150,13,0.0
532,3,10,150,13,0.3161909966563115
533,3,10,150,13,0.40124028705112064
534,3,10,150,13,0.07223616005000244
535,3,10,150,13,0.3863010537719446
536,3,10,150,13,0.10525461890199943
537,3,10,150,13,0.049043960636177025
538,3,10,150,13,0.11781210270929884
539,3,10,150,13,0.0
540,3,10,150,13,0.0
541,3,10,150,13,0.05397642893687311
542,3,10,150,13,0.09336388246267398
543,3,10,150,13,0.0
544,3,10,150,13,0.0
545,3,10,150,13,0.2371887314991124
546,3,10,150,13,0.0
547,3,10,150,13,0.0
548,3,10,150,13,0.14266185940323584
549,3,10,150,13,0.0
550,3,10,150,13,0.0845667599404342
551,3,10,150,13,0.34557168520363246
552,3,10,150,13,0.0
553,3,10,150,13,0.12128012068617947
554,3,10,150,13,0.0
555,3,10,150,13,0.0
556,3,10,150,13,0.1482972305701491
557,3,10,150,13,0.062242588308449316
558,3,10,150,13,0.21398626473452756
559,3,10,150,13,0.0
560,3,10,150,13,0.11845324657427171
561,3,10,150,13,0.1737831535574605
562,3,10,150,13,0.0
563,3,10,150,13,0.05994083762128166
564,3,10,150,13,0.0
565,3,10,150,13,0.07223616005000244
566,3,10,150,13,0.18005469101774815
567,3,10,150,13,0.3456547335304246
568,3,10,150,13,0.0
569,3,10,150,13,0.0
570,3,10,150,13,0.0
571,3,10,150,13,0.0
572,3,10,150,13,0.30260241349881345
573,3,10,150,13,0.0
574,3,10,150,13,0.0
575,3,10,150,13,0.07945707943276742
576,3,10,150,13,0.0
577,3,10,150,13,0.32938962432858376
578,3,10,150,13,0.0
579,3,10,150,13,0.10525461890199943
580,3,10,150,13,0.0
581,3,10,150,13,0.0
582,3,10,150,13,0.09336388246267398
583,3,10,150,13,0.0874717141014082
584,3,10,150,13,0.1491042771925757
585,3,10,150,13,0.07223616005000244
586,3,10,150,13,0.19765598330367803
587,3,10,150,13,0.0
588,3,10,150,13,0.2456338162799974
589,3,10,150,13,0.0
590,3,10,150,13,0.11781210270929884
591,3,10,150,13,0.0
592,3,10,150,13,0.29159525626675936
593,3,10,150,13,0.14240784309885102
594,3,10,150,13,0.0
595,3,10,150,13,0.0
596,3,10,150,13,0.09803928583135704
597,3,10,150,13,0.0
598,3,10,150,13,0.0
599,3,10,150,13,0.0
600,3,10,150,13,0.22799918991199436
601,3,10,150,13,0.3607505259004692
602,3,10,150,13,0.0
603,3,10,150,13,0.0845667599404342
604,3,10,150,13,0.0
605,3,10,150,13,0.09336388246267398
606,3,10,150,13,0.32739500241729524
607,3,10,150,13,0.0
608,3,10,150,13,0.23881415770847625
609,3,10,150,13,0.0
610,3,10,150,13,0.05397642893687311
611,3,10,150,13,0.0
612,3,10,150,13,0.09162544430476362
613,3,10,150,13,0.07839826897867533
614,3,10,150,13,0.18672776492534796
615,3,10,150,13,0.0
616,3,10,150,13,0.0
617,3,10,150,13,0.0
618,3,10,150,13,0.18672776492534796
619,3,10,150,13,0.1143289810915776
620,3,10,150,13,0.3129403539122235
621,3,10,150,13,0.0
622,3,10,150,13,0.4748065654923129
623,3,10,150,13,0.05890605135464942
624,3,10,150,13,0.05046096657376444
625,3,10,150,13,0.1473403113995471
626,3,10,150,13,0.0
627,3,10,150,13,0.24293842319117037
628,3,10,150,13,0.0
629,3,10,150,13,0.24402469169617438
630,3,10,150,13,0.07223616005000244
631,3,10,150,13,0.0
632,3,10,150,13,0.0
633,3,10,150,13,0.0
634,3,10,150,13,0.14382484903643844
635,3,10,150,13,0.0
636,3,10,150,13,0.30260241349881345
637,3,10,150,13,0.0
638,3,10,150,13,0.05046096657376444
639,3,10,150,13,0.0
640,3,10,150,13,0.2095828997079964
641,3,10,150,13,0.056210658265822395
642,3,10,150,13,0.33630230565384434
643,3,10,150,13,0.5106073049795347
644,3,10,150,13,0.0
645,3,10,150,13,0.05890605135464942
646,3,10,150,13,0.11781210270929884
647,3,10,150,13,0.0
648,3,10,150,13,0.12432255283313073
649,3,10,150,13,0.0
650,3,10,150,13,0.26714703602013445
651,3,10,150,13,0.0
652,3,10,150,13,0.0
653,3,10,150,13,0.3233576942859569
654,3,10,150,13,0.08041927109478651
655,3,10,150,13,0.2238274800430722
656,3,10,150,13,0.0
657,3,10,150,13,0.2073612289146658
658,3,10,150,13,0.07223616005000244
659,3,10,150,13,0.19272636088590173
660,3,10,150,13,0.0
661,3,10,150,13,0.10525461890199943
662,3,10,150,13,0.0
663,3,10,150,13,0.277689757070999
664,3,10,150,13,0.579371607833051
665,3,10,150,13,0.09336388246267398
666,3,10,150,13,0.19765598330367803
667,3,10,150,13,0.0
668,3,10,150,13,0.0
669,3,10,150,13,0.3262926947924446
670,3,10,150,13,0.0
671,3,10,150,13,0.30945219509019656
672,3,10,150,13,0.05046096657376444
673,3,10,150,13,0.0
674,3,10,150,13,0.0
675,3,10,150,13,0.0
676,3,10,150,13,0.31786997632999986
677,3,10,150,13,0.0
678,3,10,150,13,0.0
679,3,10,150,13,0.052086392783128294
680,3,10,150,13,0.0
681,3,10,150,13,0.0
682,3,10,150,13,0.6388257802989339
683,3,10,150,13,0.0
684,3,10,150,13,0.0665137718990262
685,3,10,150,13,0.0
686,3,10,150,13,0.1204902008358993
687,3,10,150,13,0.0
688,3,10,150,13,0.0
689,3,10,150,13,0.28009164738802195
690,3,10,150,13,0.4109718850565729
691,3,10,150,13,0.44686105546476035
692,3,10,150,13,0.0
693,3,10,150,13,0.08041927109478651
694,3,10,150,13,0.18273278914434862
695,3,10,150,13,0.0
696,3,10,150,13,0.0
697,3,10,150,13,0.0
698,3,10,150,13,0.0
699,3,10,150,13,0.0
700,3,10,150,13,0.0
701,3,10,150,13,0.0
702,3,10,150,13,0.0
703,3,10,150,13,0.18432587460832503
704,3,10,150,13,0.05890605135464942
705,3,10,150,13,0.3045398676346468
706,3,10,150,13,0.0
707,3,10,150,13,0.29159525626675936
708,3,10,150,13,0.0
709,3,10,150,13,0.15841097856459088
710,3,10,150,13,0.3757375898408892
711,3,10,150,13,0.16560004251267643
712,3,10,150,13,0.05890605135464942
713,3,10,150,13,0.0
714,3,10,150,13,0.08041927109478651
715,3,10,150,13,0.25324153682437417
716,3,10,150,13,0.29339938976493485
717,3,10,150,13,0.07223616005000244
718,3,10,150,13,0.0
719,3,10,150,13,0.062242588308449316
720,3,10,150,13,0.0
721,3,10,150,13,0.062242588308449316
722,3,10,150,13,0.0
723,3,10,150,13,0.0
724,3,10,150,13,0.0
725,3,10,150,13,0.0
726,3,10,150,13,0.0
727,3,10,150,13,0.1705396393574
728,3,10,150,13,0.0
729,3,10,150,13,0.0
730,3,10,150,13,0.0
731,3,10,150,13,0.11781210270929884
732,3,10,150,13,0.0
733,3,10,150,13,0.0
734,3,10,150,13,0.11697473847279065
735,3,10,150,13,0.056210658265822395
736,3,10,150,13,0.0
737,3,10,150,13,0.06625422345438903
738,3,10,150,13,0.1622734799858238
739,3,10,150,13,0.0
740,3,10,150,13,0.0
741,3,10,150,13,0.062242588308449316
742,3,10,150,13,0.0
743,3,10,150,13,0.049043960636177025
744,3,10,150,13,0.0
745,3,10,150,13,0.05890605135464942
746,3,10,150,13,0.20886608941061136
747,3,10,150,13,0.13662992936060891
748,3,10,150,13,0.07223616005000244
749,3,10,150,13,0.47389510369741433
750,3,10,150,13,0.0
751,3,10,150,13,0.0
752,3,10,150,13,0.0
753,3,10,150,13,0.0
754,3,10,150,13,0.0
755,3,10,150,13,0.0
756,3,10,150,13,0.08041927109478651
757,3,10,150,13,0.11781210270929884
758,3,10,150,13,0.14240784309885102
759,3,10,150,13,0.0
760,3,10,150,13,0.0
761,3,10,150,13,0.062242588308449316
762,3,10,150,13,0.0
763,3,10,150,13,0.0
764,3,10,150,13,0.0
765,3,10,150,13,0.0
766,3,10,150,13,0.0
767,3,10,150,13,0.052086392783128294
768,3,10,150,13,0.0665137718990262
769,3,10,150,13,0.0
770,3,10,150,13,0.18672776492534796
771,3,10,150,13,0.0
772,3,10,150,13,0.0
773,3,10,150,13,0.18672776492534796
774,3,10,150,13,0.0
775,3,10,150,13,0.0
776,3,10,150,13,0.0
777,3,10,150,13,0.0
778,3,10,150,13,0.11781210270929884
779,3,10,150,13,0.0
780,3,10,150,13,0.07223616005000244
781,3,10,150,13,0.07055658259096848
782,3,10,150,13,0.0
783,3,10,150,13,0.0
784,3,10,150,13,0.0
785,3,10,150,13,0.15130120674940672
786,3,10,150,13,0.1789077848895893
787,3,10,150,13,0.0
788,3,10,150,13,0.0
789,3,10,150,13,0.0
790,3,10,150,13,0.11781210270929884
791,3,10,150,13,0.0
792,3,10,150,13,0.059109628562248356
793,3,10,150,13,0.08021827351724287
794,3,10,150,13,0.08021827351724287
795,3,10,150,13,0.11781210270929884
796,3,10,150,13,0.11270355488221376
797,3,10,150,13,0.13905617951077562
798,3,10,150,13,0.0
799,3,10,150,13,0.2836929289153804
800,3,10,150,13,0.0
801,3,10,150,13,0.0
802,3,10,150,13,0.05890605135464942
803,3,10,150,13,0.0
804,3,10,150,13,0.43329622784212235
805,3,10,150,13,0.18672776492534796
806,3,10,150,13,0.052086392783128294
807,3,10,150,13,0.24897035323379726
808,3,10,150,13,0.0
809,3,10,150,13,0.0
810,3,10,150,13,0.0
811,3,10,150,13,0.0
812,3,10,150,13,0.0
813,3,10,150,13,0.0
814,3,10,150,13,0.0
815,3,10,150,13,0.0
816,3,10,150,13,0.0
817,3,10,150,13,0.0
818,3,10,150,13,0.0
819,3,10,150,13,0.0
820,3,10,150,13,0.0
821,3,10,150,13,0.0
822,3,10,150,13,0.0
823,3,10,150,13,0.1227244301648486
824,3,10,150,13,0.0
825,3,10,150,13,0.19823137380408537
826,3,10,150,13,0.0
827,3,10,150,13,0.0
828,3,10,150,13,0.0
829,3,10,150,13,0.0
830,3,10,150,13,0.0665137718990262
831,3,10,150,13,0.0
832,3,10,150,13,0.0
833,3,10,150,13,0.056210658265822395
834,3,10,150,13,0.0
835,3,10,150,13,0.0
836,3,10,150,13,0.0
837,3,10,150,13,0.0
838,3,10,150,13,0.0
839,3,10,150,13,0.0
840,3,10,150,13,0.05397642893687311
841,3,10,150,13,0.0
842,3,10,150,13,0.0
843,3,10,150,13,0.062242588308449316
844,3,10,150,13,0.0
845,3,10,150,13,0.0
846,3,10,150,13,0.062242588308449316
847,3,10,150,13,0.0
848,3,10,150,13,0.0
849,3,10,150,13,0.0
850,3,10,150,13,0.0
851,3,10,150,13,0.18672776492534796
852,3,10,150,13,0.0
853,3,10,150,13,0.0
854,3,10,150,13,0.0
855,3,10,150,13,0.0
856,3,10,150,13,0.0
857,3,10,150,13,0.0
858,3,10,150,13,0.0
859,3,10,150,13,0.0
860,3,10,150,13,0.0
861,3,10,150,13,0.0
862,3,10,150,13,0.0
863,3,10,150,13,0.0
864,3,10,150,13,0.06912040963822193
865,3,10,150,13,0.0
866,3,10,150,13,0.0
867,3,10,150,13,0.13120507751234178
868,3,10,150,13,0.0
870,3,10,150,13,0.0
871,3,10,150,13,0.0
872,3,10,150,13,0.0
875,3,10,150,13,0.0
876,3,10,150,13,0.0
877,3,10,150,13,0.0
1,3,10,150,14,1.0
2,3,10,150,14,0.06362078819895171
3,3,10,150,14,0.0
4,3,10,150,14,0.0
5,3,10,150,14,0.0
6,3,10,150,14,0.08910514909732568
7,3,10,150,14,0.22636952027871626
8,3,10,150,14,0.0
9,3,10,150,14,0.0
10,3,10,150,14,0.19246229991392066
11,3,10,150,14,0.0
12,3,10,150,14,0.0
13,3,10,150,14,0.1361544305712559
14,3,10,150,14,0.0
15,3,10,150,14,0.0
16,3,10,150,14,0.06894115413470564
17,3,10,150,14,0.0
18,3,10,150,14,0.2089555370072944
19,3,10,150,14,0.0
20,3,10,150,14,0.0
21,3,10,150,14,0.0
22,3,10,150,14,0.0
23,3,10,150,14,0.17821029819465137
24,3,10,150,14,0.09785159463516042
25,3,10,150,14,0.0
26,3,10,150,14,0.0
28,3,10,150,14,0.0
29,3,10,150,14,0.0
30,3,10,150,14,0.0979129253499678
31,3,10,150,14,0.0
32,3,10,150,14,0.0
33,3,10,150,14,0.0
34,3,10,150,14,0.0
35,3,10,150,14,0.0
37,3,10,150,14,0.0
38,3,10,150,14,0.0
39,3,10,150,14,0.0
40,3,10,150,14,0.0
41,3,10,150,14,0.0
42,3,10,150,14,0.10592959528570596
43,3,10,150,14,0.3583184468509518
44,3,10,150,14,0.0
45,3,10,150,14,0.0
46,3,10,150,14,0.0
47,3,10,150,14,0.0
48,3,10,150,14,0.0874717141014082
49,3,10,150,14,0.0634797890335986
50,3,10,150,14,0.0
51,3,10,150,14,0.18953836965473142
52,3,10,150,14,0.0
53,3,10,150,14,0.09546043308946733
54,3,10,150,14,0.0
55,3,10,150,14,0.0
56,3,10,150,14,0.0634797890335986
57,3,10,150,14,0.0
58,3,10,150,14,0.0
59,3,10,150,14,0.12355784979937026
60,3,10,150,14,0.06894115413470564
61,3,10,150,14,0.0
62,3,10,150,14,0.05940343273155045
63,3,10,150,14,0.0
64,3,10,150,14,0.0
65,3,10,150,14,0.2753389830170184
66,3,10,150,14,0.0
67,3,10,150,14,0.0
68,3,10,150,14,0.0
69,3,10,150,14,0.0
70,3,10,150,14,0.0
71,3,10,150,14,0.0
72,3,10,150,14,0.18864003293022788
73,3,10,150,14,0.0
74,3,10,150,14,0.0
75,3,10,150,14,0.0
76,3,10,150,14,0.05947719272904215
77,3,10,150,14,0.27487633291429087
78,3,10,150,14,0.0
79,3,10,150,14,0.0
80,3,10,150,14,0.0
81,3,10,150,14,0.0
82,3,10,150,14,0.051514328895695904
83,3,10,150,14,0.05621908976192367
84,3,10,150,14,0.0
85,3,10,150,14,0.11243817952384734
86,3,10,150,14,0.0
87,3,10,150,14,0.051514328895695904
88,3,10,150,14,0.0
89,3,10,150,14,0.18672776492534796
90,3,10,150,14,0.2530186094942482
91,3,10,150,14,0.13114221140465185
92,3,10,150,14,0.049710505523782283
93,3,10,150,14,0.0
94,3,10,150,14,0.17821029819465137
95,3,10,150,14,0.0634797890335986
96,3,10,150,14,0.0
97,3,10,150,14,0.0
98,3,10,150,14,0.0
99,3,10,150,14,0.0
100,3,10,150,14,0.0
101,3,10,150,14,0.0
102,3,10,150,14,0.0
103,3,10,150,14,0.0
104,3,10,150,14,0.14275179439013838
106,3,10,150,14,0.0
107,3,10,150,14,0.0
108,3,10,150,14,0.0
109,3,10,150,14,0.04561435592667119
110,3,10,150,14,0.048159222084064895
111,3,10,150,14,0.0
112,3,10,150,14,0.0
113,3,10,150,14,0.0
114,3,10,150,14,0.0
115,3,10,150,14,0.046806851959664796
116,3,10,150,14,0.0
117,3,10,150,14,0.0
118,3,10,150,14,0.0
119,3,10,150,14,0.0
121,3,10,150,14,0.0
122,3,10,150,14,0.0
123,3,10,150,14,0.46927872602275644
124,3,10,150,14,0.10889376106823218
125,3,10,150,14,0.08910514909732568
126,3,10,150,14,0.0
127,3,10,150,14,0.0
128,3,10,150,14,0.0
129,3,10,150,14,0.0
130,3,10,150,14,0.0
131,3,10,150,14,0.19519002499605084
132,3,10,150,14,0.09109240322345806
133,3,10,150,14,0.0
134,3,10,150,14,0.0
135,3,10,150,14,0.0
136,3,10,150,14,0.26687965254220064
137,3,10,150,14,0.0
138,3,10,150,14,0.13012668333070054
139,3,10,150,14,0.0
140,3,10,150,14,0.0
141,3,10,150,14,0.17821029819465137
142,3,10,150,14,0.30260241349881345
143,3,10,150,14,0.0
144,3,10,150,14,0.18456367662817974
145,3,10,150,14,0.0
146,3,10,150,14,0.0
147,3,10,150,14,0.0
148,3,10,150,14,0.0
149,3,10,150,14,0.0
150,3,10,150,14,0.0
151,3,10,150,14,0.0
152,3,10,150,14,0.0
153,3,10,150,14,0.0
154,3,10,150,14,0.0
155,3,10,150,14,0.0
156,3,10,150,14,0.0
157,3,10,150,14,0.0
158,3,10,150,14,0.08910514909732568
159,3,10,150,14,0.14275179439013838
160,3,10,150,14,0.0
161,3,10,150,14,0.0
162,3,10,150,14,0.0
163,3,10,150,14,0.0
164,3,10,150,14,0.0
165,3,10,150,14,0.0
166,3,10,150,14,0.0
167,3,10,150,14,0.0
168,3,10,150,14,0.0
169,3,10,150,14,0.0
170,3,10,150,14,0.0
171,3,10,150,14,0.0
172,3,10,150,14,0.0
173,3,10,150,14,0.0
174,3,10,150,14,0.0
175,3,10,150,14,0.3761635367652849
176,3,10,150,14,0.0
177,3,10,150,14,0.0
178,3,10,150,14,0.22619452117904032
179,3,10,150,14,0.0
180,3,10,150,14,0.0
181,3,10,150,14,0.048159222084064895
182,3,10,150,14,0.13120507751234178
183,3,10,150,14,0.0
184,3,10,150,14,0.0
185,3,10,150,14,0.0
186,3,10,150,14,0.0
187,3,10,150,14,0.09162544430476362
188,3,10,150,14,0.0
189,3,10,150,14,0.22501715015431617
190,3,10,150,14,0.0
191,3,10,150,14,0.0
192,3,10,150,14,0.0
193,3,10,150,14,0.0
194,3,10,150,14,0.0634797890335986
195,3,10,150,14,0.061734604266276284
196,3,10,150,14,0.17342765698823945
197,3,10,150,14,0.0
198,3,10,150,14,0.16585614693703116
199,3,10,150,14,0.0
200,3,10,150,14,0.0
201,3,10,150,14,0.3595896318532044
202,3,10,150,14,0.0
203,3,10,150,14,0.0
204,3,10,150,14,0.0
205,3,10,150,14,0.0
206,3,10,150,14,0.0
207,3,10,150,14,0.0
208,3,10,150,14,0.0
209,3,10,150,14,0.0
210,3,10,150,14,0.0
211,3,10,150,14,0.0
212,3,10,150,14,0.0
213,3,10,150,14,0.051573320538546435
214,3,10,150,14,0.1257260924843343
215,3,10,150,14,0.157288596461893
216,3,10,150,14,0.27723683347866757
217,3,10,150,14,0.0
218,3,10,150,14,0.0
219,3,10,150,14,0.0
220,3,10,150,14,0.0
221,3,10,150,14,0.14061947799302157
222,3,10,150,14,0.17803529909497542
223,3,10,150,14,0.0
224,3,10,150,14,0.0
225,3,10,150,14,0.0
226,3,10,150,14,0.0
227,3,10,150,14,0.0
229,3,10,150,14,0.0
230,3,10,150,14,0.0
231,3,10,150,14,0.0
232,3,10,150,14,0.0
233,3,10,150,14,0.06894115413470564
234,3,10,150,14,0.22972462709034727
235,3,10,150,14,0.0
236,3,10,150,14,0.11091776162724634
237,3,10,150,14,0.0
238,3,10,150,14,0.0
239,3,10,150,14,0.0
240,3,10,150,14,0.0
241,3,10,150,14,0.0
242,3,10,150,14,0.0
243,3,10,150,14,0.0
244,3,10,150,14,0.17821029819465137
245,3,10,150,14,0.0
246,3,10,150,14,0.0
247,3,10,150,14,0.15642624200758548
248,3,10,150,14,0.11838279295536291
249,3,10,150,14,0.17821029819465137
250,3,10,150,14,0.0536466452928127
251,3,10,150,14,0.0
252,3,10,150,14,0.0
253,3,10,150,14,0.0
254,3,10,150,14,0.051514328895695904
255,3,10,150,14,0.048159222084064895
256,3,10,150,14,0.0
257,3,10,150,14,0.0
258,3,10,150,14,0.0
259,3,10,150,14,0.0
260,3,10,150,14,0.0
261,3,10,150,14,0.0
262,3,10,150,14,0.0
263,3,10,150,14,0.24793125633783572
264,3,10,150,14,0.22972462709034727
265,3,10,150,14,0.13479005244476597
266,3,10,150,14,0.0
267,3,10,150,14,0.09926100121948389
268,3,10,150,14,0.16713685138917003
269,3,10,150,14,0.0
270,3,10,150,14,0.0
271,3,10,150,14,0.05621908976192367
272,3,10,150,14,0.0
273,3,10,150,14,0.0
274,3,10,150,14,0.0
275,3,10,150,14,0.0
276,3,10,150,14,0.3473825039206928
277,3,10,150,14,0.0
278,3,10,150,14,0.0
279,3,10,150,14,0.15805253545051853
280,3,10,150,14,0.1372643711813906
281,3,10,150,14,0.0
282,3,10,150,14,0.0
283,3,10,150,14,0.0
284,3,10,150,14,0.0
285,3,10,150,14,0.0
286,3,10,150,14,0.0
287,3,10,150,14,0.0
288,3,10,150,14,0.0
289,3,10,150,14,0.0
290,3,10,150,14,0.1361544305712559
291,3,10,150,14,0.22972462709034727
292,3,10,150,14,0.19765598330367803
293,3,10,150,14,0.0634797890335986
294,3,10,150,14,0.0
295,3,10,150,14,0.0
296,3,10,150,14,0.11574800609437044
297,3,10,150,14,0.0
298,3,10,150,14,0.048159222084064895
299,3,10,150,14,0.12355784979937026
300,3,10,150,14,0.0
301,3,10,150,14,0.2376137309262018
302,3,10,150,14,0.0
303,3,10,150,14,0.21737047583272706
304,3,10,150,14,0.0
305,3,10,150,14,0.10183344568859487
306,3,10,150,14,0.0
307,3,10,150,14,0.0
308,3,10,150,14,0.07675099783970546
309,3,10,150,14,0.0
310,3,10,150,14,0.2890648263178879
311,3,10,150,14,0.16585614693703116
312,3,10,150,14,0.13039764313251814
313,3,10,150,14,0.049710505523782283
314,3,10,150,14,0.13471950502399685
315,3,10,150,14,0.09785159463516042
316,3,10,150,14,0.0
317,3,10,150,14,0.0
318,3,10,150,14,0.0
319,3,10,150,14,0.0
320,3,10,150,14,0.0
321,3,10,150,14,0.0
322,3,10,150,14,0.0
323,3,10,150,14,0.08041927109478651
324,3,10,150,14,0.0
325,3,10,150,14,0.0
326,3,10,150,14,0.11969887879552228
327,3,10,150,14,0.0
328,3,10,150,14,0.15258493813092427
329,3,10,150,14,0.0
330,3,10,150,14,0.23442938795657506
331,3,10,150,14,0.0
332,3,10,150,14,0.0
333,3,10,150,14,0.0
334,3,10,150,14,0.25496129603435685
335,3,10,150,14,0.0
336,3,10,150,14,0.0
337,3,10,150,14,0.09992090652113537
338,3,10,150,14,0.0
339,3,10,150,14,0.14348408353451836
340,3,10,150,14,0.12647135138382856
341,3,10,150,14,0.0
342,3,10,150,14,0.0
343,3,10,150,14,0.38306968560483473
344,3,10,150,14,0.11091776162724634
345,3,10,150,14,0.17821029819465137
346,3,10,150,14,0.10773341865761958
347,3,10,150,14,0.0
348,3,10,150,14,0.0
349,3,10,150,14,0.0
350,3,10,150,14,0.0845667599404342
351,3,10,150,14,0.0
352,3,10,150,14,0.06362078819895171
353,3,10,150,14,0.0
354,3,10,150,14,0.0
355,3,10,150,14,0.0
356,3,10,150,14,0.0
357,3,10,150,14,0.0
358,3,10,150,14,0.26730206653594746
359,3,10,150,14,0.0
360,3,10,150,14,0.07675099783970546
361,3,10,150,14,0.0
362,3,10,150,14,0.0
363,3,10,150,14,0.3546348470141176
364,3,10,150,14,0.0
365,3,10,150,14,0.0
366,3,10,150,14,0.0
367,3,10,150,14,0.09817896789964464
368,3,10,150,14,0.0
369,3,10,150,14,0.0
370,3,10,150,14,0.049710505523782283
371,3,10,150,14,0.0
372,3,10,150,14,0.07675099783970546
373,3,10,150,14,0.21426539299395503
374,3,10,150,14,0.22972462709034727
375,3,10,150,14,0.0
376,3,10,150,14,0.0
377,3,10,150,14,0.0
378,3,10,150,14,0.11319029455738087
379,3,10,150,14,0.0634797890335986
380,3,10,150,14,0.0
381,3,10,150,14,0.0
382,3,10,150,14,0.0
383,3,10,150,14,0.0
384,3,10,150,14,0.0
385,3,10,150,14,0.21289167677632484
386,3,10,150,14,0.0
387,3,10,150,14,0.0536466452928127
388,3,10,150,14,0.0
389,3,10,150,14,0.1361544305712559
390,3,10,150,14,0.21398626473452756
391,3,10,150,14,0.36108902530271314
392,3,10,150,14,0.0
393,3,10,150,14,0.24169008722824994
394,3,10,150,14,0.04561435592667119
395,3,10,150,14,0.051573320538546435
396,3,10,150,14,0.0
397,3,10,150,14,0.0
398,3,10,150,14,0.09926100121948389
399,3,10,150,14,0.0
400,3,10,150,14,0.0
401,3,10,150,14,0.0
402,3,10,150,14,0.424926013816671
403,3,10,150,14,0.0
404,3,10,150,14,0.0
405,3,10,150,14,0.34429512301131143
406,3,10,150,14,0.34349595460512755
407,3,10,150,14,0.1361544305712559
408,3,10,150,14,0.0
409,3,10,150,14,0.15924503148351213
410,3,10,150,14,0.0
411,3,10,150,14,0.0
412,3,10,150,14,0.0
413,3,10,150,14,0.10122860821230018
414,3,10,150,14,0.0
415,3,10,150,14,0.0
416,3,10,150,14,0.181379333658553
417,3,10,150,14,0.12288322176514906
418,3,10,150,14,0.0
419,3,10,150,14,0.2098021491169666
420,3,10,150,14,0.0
421,3,10,150,14,0.06362078819895171
422,3,10,150,14,0.0
423,3,10,150,14,0.0
424,3,10,150,14,0.07414861528507455
425,3,10,150,14,0.0
426,3,10,150,14,0.049710505523782283
427,3,10,150,14,0.0
428,3,10,150,14,0.0
429,3,10,150,14,0.20880402789284794
430,3,10,150,14,0.062242588308449316
431,3,10,150,14,0.0
432,3,10,150,14,0.0
433,3,10,150,14,0.0
434,3,10,150,14,0.18672776492534796
435,3,10,150,14,0.42423046382064367
436,3,10,150,14,0.08910514909732568
437,3,10,150,14,0.0
438,3,10,150,14,0.0
439,3,10,150,14,0.0
440,3,10,150,14,0.048159222084064895
441,3,10,150,14,0.0
442,3,10,150,14,0.08910514909732568
443,3,10,150,14,0.0
444,3,10,150,14,0.19519002499605084
445,3,10,150,14,0.0
446,3,10,150,14,0.0
447,3,10,150,14,0.0634797890335986
448,3,10,150,14,0.0
449,3,10,150,14,0.0
450,3,10,150,14,0.29753449452168823
451,3,10,150,14,0.0
452,3,10,150,14,0.0
453,3,10,150,14,0.20154332862117302
454,3,10,150,14,0.0
455,3,10,150,14,0.3362566014266827
456,3,10,150,14,0.27198387620538744
457,3,10,150,14,0.7277327217313079
458,3,10,150,14,0.12834458686625608
459,3,10,150,14,0.0
460,3,10,150,14,0.0
461,3,10,150,14,0.10778915452451093
462,3,10,150,14,0.0
463,3,10,150,14,0.17591796855744593
464,3,10,150,14,0.0
465,3,10,150,14,0.08910514909732568
466,3,10,150,14,0.12258779942751835
467,3,10,150,14,0.0
468,3,10,150,14,0.36405544099462667
469,3,10,150,14,0.0
470,3,10,150,14,0.0
471,3,10,150,14,0.0
472,3,10,150,14,0.2939583042890218
473,3,10,150,14,0.0
474,3,10,150,14,0.5466879007936013
475,3,10,150,14,0.0
476,3,10,150,14,0.16608482481666004
477,3,10,150,14,0.0
478,3,10,150,14,0.3362628336451699
479,3,10,150,14,0.14058042997040088
480,3,10,150,14,0.0634797890335986
481,3,10,150,14,0.0
482,3,10,150,14,0.10209739512291163
483,3,10,150,14,0.06194403202282284
484,3,10,150,14,0.2760800258024986
485,3,10,150,14,0.0
486,3,10,150,14,0.049710505523782283
487,3,10,150,14,0.16134951664144578
488,3,10,150,14,0.11243817952384734
489,3,10,150,14,0.0
490,3,10,150,14,0.08910514909732568
491,3,10,150,14,0.09460634670666435
492,3,10,150,14,0.0
493,3,10,150,14,0.30057565196102803
494,3,10,150,14,0.0
495,3,10,150,14,0.08910514909732568
496,3,10,150,14,0.048159222084064895
497,3,10,150,14,0.06894115413470564
498,3,10,150,14,0.0
499,3,10,150,14,0.07675099783970546
500,3,10,150,14,0.07675099783970546
501,3,10,150,14,0.0
502,3,10,150,14,0.0
503,3,10,150,14,0.39971504436705124
504,3,10,150,14,0.12258779942751835
505,3,10,150,14,0.0
506,3,10,150,14,0.10122483441947819
507,3,10,150,14,0.0
508,3,10,150,14,0.13297008760162912
509,3,10,150,14,0.0
510,3,10,150,14,0.06835476917178976
511,3,10,150,14,0.0
512,3,10,150,14,0.0
513,3,10,150,14,0.0
514,3,10,150,14,0.270978073102919
515,3,10,150,14,0.0
516,3,10,150,14,0.07947838320659593
517,3,10,150,14,0.0
518,3,10,150,14,0.0
519,3,10,150,14,0.0
520,3,10,150,14,0.0
521,3,10,150,14,0.17821029819465137
522,3,10,150,14,0.11752277470724268
523,3,10,150,14,0.22792080371843365
524,3,10,150,14,0.051514328895695904
525,3,10,150,14,0.0
526,3,10,150,14,0.0
527,3,10,150,14,0.3336903891760589
528,3,10,150,14,0.05621908976192367
529,3,10,150,14,0.0
530,3,10,150,14,0.0
531,3,10,150,14,0.0
532,3,10,150,14,0.30176814799402163
533,3,10,150,14,0.38293796978545114
534,3,10,150,14,0.06894115413470564
535,3,10,150,14,0.36868018001034303
536,3,10,150,14,0.1460678531791487
537,3,10,150,14,0.046806851959664796
538,3,10,150,14,0.11243817952384734
539,3,10,150,14,0.0
540,3,10,150,14,0.0
541,3,10,150,14,0.051514328895695904
542,3,10,150,14,0.08910514909732568
543,3,10,150,14,0.0
544,3,10,150,14,0.0
545,3,10,150,14,0.27198387620538744
546,3,10,150,14,0.0
547,3,10,150,14,0.0
548,3,10,150,14,0.1361544305712559
549,3,10,150,14,0.0
550,3,10,150,14,0.0845667599404342
551,3,10,150,14,0.3298086553565744
552,3,10,150,14,0.0
553,3,10,150,14,0.11574800609437044
554,3,10,150,14,0.0
555,3,10,150,14,0.0
556,3,10,150,14,0.1482972305701491
557,3,10,150,14,0.05940343273155045
558,3,10,150,14,0.21398626473452756
559,3,10,150,14,0.0
560,3,10,150,14,0.15866443395103433
561,3,10,150,14,0.16585614693703116
562,3,10,150,14,0.0
563,3,10,150,14,0.05994083762128166
564,3,10,150,14,0.0
565,3,10,150,14,0.06894115413470564
566,3,10,150,14,0.1718416122553978
567,3,10,150,14,0.32988791548742913
568,3,10,150,14,0.0
569,3,10,150,14,0.0
570,3,10,150,14,0.0
571,3,10,150,14,0.0
572,3,10,150,14,0.30260241349881345
573,3,10,150,14,0.0
574,3,10,150,14,0.0
575,3,10,150,14,0.07945707943276742
576,3,10,150,14,0.0
577,3,10,150,14,0.31436472876590726
578,3,10,150,14,0.0
579,3,10,150,14,0.1004534972524775
580,3,10,150,14,0.0
581,3,10,150,14,0.0
582,3,10,150,14,0.08910514909732568
583,3,10,150,14,0.0874717141014082
584,3,10,150,14,0.1491042771925757
585,3,10,150,14,0.06894115413470564
586,3,10,150,14,0.18864003293022788
587,3,10,150,14,0.0
588,3,10,150,14,0.2800437438832462
589,3,10,150,14,0.0
590,3,10,150,14,0.11243817952384734
591,3,10,150,14,0.0
592,3,10,150,14,0.2782943264608785
593,3,10,150,14,0.13591200105699047
594,3,10,150,14,0.0
595,3,10,150,14,0.0
596,3,10,150,14,0.09803928583135704
597,3,10,150,14,0.0
598,3,10,150,14,0.0
599,3,10,150,14,0.0
600,3,10,150,14,0.21759915371235594
601,3,10,150,14,0.34429512301131143
602,3,10,150,14,0.0
603,3,10,150,14,0.0845667599404342
604,3,10,150,14,0.0
605,3,10,150,14,0.08910514909732568
606,3,10,150,14,0.3580754461750906
607,3,10,150,14,0.0
608,3,10,150,14,0.27353515964510483
609,3,10,150,14,0.0
610,3,10,150,14,0.051514328895695904
611,3,10,150,14,0.0
612,3,10,150,14,0.09162544430476362
613,3,10,150,14,0.07839826897867533
614,3,10,150,14,0.17821029819465137
615,3,10,150,14,0.0
616,3,10,150,14,0.0
617,3,10,150,14,0.0
618,3,10,150,14,0.17821029819465137
619,3,10,150,14,0.10911393825533272
620,3,10,150,14,0.2986657812250529
621,3,10,150,14,0.0
622,3,10,150,14,0.4531485698176263
623,3,10,150,14,0.05621908976192367
624,3,10,150,14,0.048159222084064895
625,3,10,150,14,0.14061947799302157
626,3,10,150,14,0.0
627,3,10,150,14,0.23185694348746405
628,3,10,150,14,0.0
629,3,10,150,14,0.27850801848092005
630,3,10,150,14,0.06894115413470564
631,3,10,150,14,0.0
632,3,10,150,14,0.0
633,3,10,150,14,0.0
634,3,10,150,14,0.1372643711813906
635,3,10,150,14,0.0
636,3,10,150,14,0.30260241349881345
637,3,10,150,14,0.0
638,3,10,150,14,0.048159222084064895
639,3,10,150,14,0.0
640,3,10,150,14,0.200022910724572
641,3,10,150,14,0.0536466452928127
642,3,10,150,14,0.366576448511461
643,3,10,150,14,0.4873162816314398
644,3,10,150,14,0.0
645,3,10,150,14,0.05621908976192367
646,3,10,150,14,0.11243817952384734
647,3,10,150,14,0.04561435592667119
648,3,10,150,14,0.11865165965848792
649,3,10,150,14,0.0
650,3,10,150,14,0.25496129603435685
651,3,10,150,14,0.0
652,3,10,150,14,0.0
653,3,10,150,14,0.3086079413271695
654,3,10,150,14,0.07675099783970546
655,3,10,150,14,0.21361773370221762
656,3,10,150,14,0.0
657,3,10,150,14,0.2073612289146658
658,3,10,150,14,0.06894115413470564
659,3,10,150,14,0.18393527206400015
660,3,10,150,14,0.0
661,3,10,150,14,0.1004534972524775
662,3,10,150,14,0.0
663,3,10,150,14,0.2650231176547716
664,3,10,150,14,0.5529439450995465
665,3,10,150,14,0.08910514909732568
666,3,10,150,14,0.18864003293022788
667,3,10,150,14,0.0
668,3,10,150,14,0.0
669,3,10,150,14,0.31140906367590937
670,3,10,150,14,0.0
671,3,10,150,14,0.34095108844773386
672,3,10,150,14,0.048159222084064895
673,3,10,150,14,0.0
674,3,10,150,14,0.0
675,3,10,150,14,0.0
676,3,10,150,14,0.30337054209128067
677,3,10,150,14,0.0
678,3,10,150,14,0.0
679,3,10,150,14,0.09532486145045346
680,3,10,150,14,0.0
681,3,10,150,14,0.0
682,3,10,150,14,0.6553005097079161
683,3,10,150,14,0.04561435592667119
684,3,10,150,14,0.0634797890335986
685,3,10,150,14,0.0
686,3,10,150,14,0.1149941179292945
687,3,10,150,14,0.0
688,3,10,150,14,0.0
689,3,10,150,14,0.26731544729197704
690,3,10,150,14,0.39222566721574736
691,3,10,150,14,0.44686105546476035
692,3,10,150,14,0.0
693,3,10,150,14,0.07675099783970546
694,3,10,150,14,0.22001190658751615
695,3,10,150,14,0.0
696,3,10,150,14,0.0
697,3,10,150,14,0.0
698,3,10,150,14,0.0
699,3,10,150,14,0.0
700,3,10,150,14,0.0
701,3,10,150,14,0.050259389402918644
702,3,10,150,14,0.0
703,3,10,150,14,0.17591796855744593
704,3,10,150,14,0.05621908976192367
705,3,10,150,14,0.2906484777184987
706,3,10,150,14,0.0
707,3,10,150,14,0.2782943264608785
708,3,10,150,14,0.0
709,3,10,150,14,0.15118516380565336
710,3,10,150,14,0.3585985616828573
711,3,10,150,14,0.15804630323203134
712,3,10,150,14,0.05621908976192367
713,3,10,150,14,0.0
714,3,10,150,14,0.07675099783970546
715,3,10,150,14,0.28730444315492115
716,3,10,150,14,0.280016165571529
717,3,10,150,14,0.06894115413470564
718,3,10,150,14,0.0
719,3,10,150,14,0.05940343273155045
720,3,10,150,14,0.0
721,3,10,150,14,0.05940343273155045
722,3,10,150,14,0.0
723,3,10,150,14,0.0
724,3,10,150,14,0.0
725,3,10,150,14,0.0
726,3,10,150,14,0.0
727,3,10,150,14,0.16276058354814543
728,3,10,150,14,0.0
729,3,10,150,14,0.0
730,3,10,150,14,0.0
731,3,10,150,14,0.11243817952384734
732,3,10,150,14,0.0
733,3,10,150,14,0.0
734,3,10,150,14,0.1116390111176635
735,3,10,150,14,0.0536466452928127
736,3,10,150,14,0.0
737,3,10,150,14,0.06625422345438903
738,3,10,150,14,0.1548714797122909
739,3,10,150,14,0.050259389402918644
740,3,10,150,14,0.0
741,3,10,150,14,0.05940343273155045
742,3,10,150,14,0.0
743,3,10,150,14,0.049043960636177025
744,3,10,150,14,0.0
745,3,10,150,14,0.05621908976192367
746,3,10,150,14,0.244953153193895
747,3,10,150,14,0.13039764313251814
748,3,10,150,14,0.06894115413470564
749,3,10,150,14,0.45227868376545377
750,3,10,150,14,0.0
751,3,10,150,14,0.0
752,3,10,150,14,0.0
753,3,10,150,14,0.0
754,3,10,150,14,0.0
755,3,10,150,14,0.0
756,3,10,150,14,0.07675099783970546
757,3,10,150,14,0.11243817952384734
758,3,10,150,14,0.13591200105699047
759,3,10,150,14,0.0
760,3,10,150,14,0.0
761,3,10,150,14,0.05940343273155045
762,3,10,150,14,0.0
763,3,10,150,14,0.0
764,3,10,150,14,0.0
765,3,10,150,14,0.0
766,3,10,150,14,0.0
767,3,10,150,14,0.049710505523782283
768,3,10,150,14,0.0634797890335986
769,3,10,150,14,0.0
770,3,10,150,14,0.17821029819465137
771,3,10,150,14,0.0
772,3,10,150,14,0.0
773,3,10,150,14,0.22382465412132255
774,3,10,150,14,0.0
775,3,10,150,14,0.0
776,3,10,150,14,0.0
777,3,10,150,14,0.0
778,3,10,150,14,0.11243817952384734
779,3,10,150,14,0.0
780,3,10,150,14,0.06894115413470564
781,3,10,150,14,0.07055658259096848
782,3,10,150,14,0.0
783,3,10,150,14,0.0
784,3,10,150,14,0.0
785,3,10,150,14,0.15130120674940672
786,3,10,150,14,0.17074702151158325
787,3,10,150,14,0.0
788,3,10,150,14,0.0
789,3,10,150,14,0.07745351606183934
790,3,10,150,14,0.11243817952384734
791,3,10,150,14,0.0
792,3,10,150,14,0.059109628562248356
793,3,10,150,14,0.08021827351724287
794,3,10,150,14,0.08021827351724287
795,3,10,150,14,0.11243817952384734
796,3,10,150,14,0.10756265481561535
797,3,10,150,14,0.13905617951077562
798,3,10,150,14,0.0
799,3,10,150,14,0.2836929289153804
800,3,10,150,14,0.0
801,3,10,150,14,0.0
802,3,10,150,14,0.05621908976192367
803,3,10,150,14,0.0
804,3,10,150,14,0.41353169948364776
805,3,10,150,14,0.22382465412132255
806,3,10,150,14,0.049710505523782283
807,3,10,150,14,0.2376137309262018
808,3,10,150,14,0.0
809,3,10,150,14,0.0
810,3,10,150,14,0.0
811,3,10,150,14,0.0
812,3,10,150,14,0.0
813,3,10,150,14,0.0
814,3,10,150,14,0.0
815,3,10,150,14,0.0
816,3,10,150,14,0.0
817,3,10,150,14,0.0
818,3,10,150,14,0.0
819,3,10,150,14,0.0
820,3,10,150,14,0.0
821,3,10,150,14,0.0
822,3,10,150,14,0.0
823,3,10,150,14,0.1171264343264113
824,3,10,150,14,0.0
825,3,10,150,14,0.1891891773635528
826,3,10,150,14,0.0
827,3,10,150,14,0.0
828,3,10,150,14,0.0
829,3,10,150,14,0.0
830,3,10,150,14,0.0634797890335986
831,3,10,150,14,0.0
832,3,10,150,14,0.0
833,3,10,150,14,0.0536466452928127
834,3,10,150,14,0.0
835,3,10,150,14,0.04561435592667119
836,3,10,150,14,0.0
837,3,10,150,14,0.0
838,3,10,150,14,0.0
839,3,10,150,14,0.0
840,3,10,150,14,0.051514328895695904
841,3,10,150,14,0.0
842,3,10,150,14,0.0
843,3,10,150,14,0.05940343273155045
844,3,10,150,14,0.0
845,3,10,150,14,0.0
846,3,10,150,14,0.05940343273155045
847,3,10,150,14,0.0
848,3,10,150,14,0.0
849,3,10,150,14,0.0
850,3,10,150,14,0.0
851,3,10,150,14,0.17821029819465137
852,3,10,150,14,0.0
853,3,10,150,14,0.0
854,3,10,150,14,0.0
855,3,10,150,14,0.0
856,3,10,150,14,0.0
857,3,10,150,14,0.0
858,3,10,150,14,0.0
859,3,10,150,14,0.0
860,3,10,150,14,0.0
861,3,10,150,14,0.0
862,3,10,150,14,0.0
863,3,10,150,14,0.0
864,3,10,150,14,0.06912040963822193
865,3,10,150,14,0.0
866,3,10,150,14,0.0
867,3,10,150,14,0.13120507751234178
868,3,10,150,14,0.0
870,3,10,150,14,0.0
871,3,10,150,14,0.0
872,3,10,150,14,0.0
875,3,10,150,14,0.0
876,3,10,150,14,0.0
877,3,10,150,14,0.0
1,3,10,150,15,1.0
2,3,10,150,15,0.06362078819895171
3,3,10,150,15,0.0
4,3,10,150,15,0.0
5,3,10,150,15,0.0
6,3,10,150,15,0.08530460913930236
7,3,10,150,15,0.21671433855450262
8,3,10,150,15,0.0
9,3,10,150,15,0.0
10,3,10,150,15,0.18425333927981657
11,3,10,150,15,0.0
12,3,10,150,15,0.0
13,3,10,150,15,0.13034713033002326
14,3,10,150,15,0.0
15,3,10,150,15,0.0
16,3,10,150,15,0.0660006550311689
17,3,10,150,15,0.0
18,3,10,150,15,0.20004310180134427
19,3,10,150,15,0.0
20,3,10,150,15,0.0
21,3,10,150,15,0.0
22,3,10,150,15,0.0
23,3,10,150,15,0.17060921827860473
24,3,10,150,15,0.09785159463516042
25,3,10,150,15,0.0
26,3,10,150,15,0.0
28,3,10,150,15,0.0
29,3,10,150,15,0.0
30,3,10,150,15,0.0979129253499678
31,3,10,150,15,0.0
32,3,10,150,15,0.0
33,3,10,150,15,0.0
34,3,10,150,15,0.0
35,3,10,150,15,0.0
37,3,10,150,15,0.0
38,3,10,150,15,0.0
39,3,10,150,15,0.0
40,3,10,150,15,0.0
41,3,10,150,15,0.0
42,3,10,150,15,0.10141145392464014
43,3,10,150,15,0.34303533932294067
44,3,10,150,15,0.0
45,3,10,150,15,0.0
46,3,10,150,15,0.0
47,3,10,150,15,0.0
48,3,10,150,15,0.0874717141014082
49,3,10,150,15,0.060772229737720354
50,3,10,150,15,0.0
51,3,10,150,15,0.18953836965473142
52,3,10,150,15,0.0
53,3,10,150,15,0.09546043308946733
54,3,10,150,15,0.0
55,3,10,150,15,0.0
56,3,10,150,15,0.060772229737720354
57,3,10,150,15,0.0
58,3,10,150,15,0.0
59,3,10,150,15,0.11828782275775632
60,3,10,150,15,0.0660006550311689
61,3,10,150,15,0.0
62,3,10,150,15,0.056869739426201577
63,3,10,150,15,0.0
64,3,10,150,15,0.0
65,3,10,150,15,0.26359514085347857
66,3,10,150,15,0.0
67,3,10,150,15,0.0
68,3,10,150,15,0.0
69,3,10,150,15,0.0
70,3,10,150,15,0.0
71,3,10,150,15,0.0
72,3,10,150,15,0.18059410079165877
73,3,10,150,15,0.0
74,3,10,150,15,0.0
75,3,10,150,15,0.11731968150568911
76,3,10,150,15,0.05947719272904215
77,3,10,150,15,0.27487633291429087
78,3,10,150,15,0.0
79,3,10,150,15,0.0
80,3,10,150,15,0.0
81,3,10,150,15,0.0
82,3,10,150,15,0.0493171240499355
83,3,10,150,15,0.05382121602276955
84,3,10,150,15,0.0
85,3,10,150,15,0.1076424320455391
86,3,10,150,15,0.0
87,3,10,150,15,0.0493171240499355
88,3,10,150,15,0.0
89,3,10,150,15,0.18672776492534796
90,3,10,150,15,0.2848790872699611
91,3,10,150,15,0.13114221140465185
92,3,10,150,15,0.04759023790187059
93,3,10,150,15,0.0
94,3,10,150,15,0.21326152284825592
95,3,10,150,15,0.060772229737720354
96,3,10,150,15,0.0
97,3,10,150,15,0.05502294157452004
98,3,10,150,15,0.0
99,3,10,150,15,0.0
100,3,10,150,15,0.0
101,3,10,150,15,0.0
102,3,10,150,15,0.0
103,3,10,150,15,0.0
104,3,10,150,15,0.136663101377946
106,3,10,150,15,0.0
107,3,10,150,15,0.0
108,3,10,150,15,0.0
109,3,10,150,15,0.04366879852493834
110,3,10,150,15,0.04610512027589789
111,3,10,150,15,0.0
112,3,10,150,15,0.0
113,3,10,150,15,0.0
114,3,10,150,15,0.0
115,3,10,150,15,0.046806851959664796
116,3,10,150,15,0.0
117,3,10,150,15,0.0
118,3,10,150,15,0.0
119,3,10,150,15,0.0
121,3,10,150,15,0.0
122,3,10,150,15,0.0
123,3,10,150,15,0.46927872602275644
124,3,10,150,15,0.10889376106823218
125,3,10,150,15,0.08530460913930236
126,3,10,150,15,0.0
127,3,10,150,15,0.0
128,3,10,150,15,0.0
129,3,10,150,15,0.0
130,3,10,150,15,0.0
131,3,10,150,15,0.19519002499605084
132,3,10,150,15,0.09109240322345806
133,3,10,150,15,0.0
134,3,10,150,15,0.0
135,3,10,150,15,0.0
136,3,10,150,15,0.26687965254220064
137,3,10,150,15,0.0
138,3,10,150,15,0.13012668333070054
139,3,10,150,15,0.0
140,3,10,150,15,0.0
141,3,10,150,15,0.17060921827860473
142,3,10,150,15,0.30260241349881345
143,3,10,150,15,0.0
144,3,10,150,15,0.17669161048014
145,3,10,150,15,0.0
146,3,10,150,15,0.0
147,3,10,150,15,0.0
148,3,10,150,15,0.0
149,3,10,150,15,0.0
150,3,10,150,15,0.0
151,3,10,150,15,0.0
152,3,10,150,15,0.0
153,3,10,150,15,0.0
154,3,10,150,15,0.0
155,3,10,150,15,0.0
156,3,10,150,15,0.0
157,3,10,150,15,0.0
158,3,10,150,15,0.08530460913930236
159,3,10,150,15,0.136663101377946
160,3,10,150,15,0.0
161,3,10,150,15,0.0
162,3,10,150,15,0.0
163,3,10,150,15,0.0
164,3,10,150,15,0.0
165,3,10,150,15,0.0
166,3,10,150,15,0.0
167,3,10,150,15,0.0
168,3,10,150,15,0.0
169,3,10,150,15,0.0
170,3,10,150,15,0.0
171,3,10,150,15,0.0
172,3,10,150,15,0.0
173,3,10,150,15,0.0
174,3,10,150,15,0.0
175,3,10,150,15,0.3761635367652849
176,3,10,150,15,0.0
177,3,10,150,15,0.0
178,3,10,150,15,0.21654680356972547
179,3,10,150,15,0.0
180,3,10,150,15,0.0
181,3,10,150,15,0.04610512027589789
182,3,10,150,15,0.13120507751234178
183,3,10,150,15,0.0
184,3,10,150,15,0.0
185,3,10,150,15,0.0
186,3,10,150,15,0.0
187,3,10,150,15,0.09162544430476362
188,3,10,150,15,0.0
189,3,10,150,15,0.21541965013253933
190,3,10,150,15,0.0
191,3,10,150,15,0.0
192,3,10,150,15,0.0
193,3,10,150,15,0.0
194,3,10,150,15,0.060772229737720354
195,3,10,150,15,0.061734604266276284
196,3,10,150,15,0.17342765698823945
197,3,10,150,15,0.0
198,3,10,150,15,0.15878200004312407
199,3,10,150,15,0.0
200,3,10,150,15,0.04265230456965118
201,3,10,150,15,0.34425230535531276
202,3,10,150,15,0.0
203,3,10,150,15,0.0
204,3,10,150,15,0.0
205,3,10,150,15,0.0
206,3,10,150,15,0.0
207,3,10,150,15,0.0
208,3,10,150,15,0.0
209,3,10,150,15,0.0
210,3,10,150,15,0.0
211,3,10,150,15,0.0
212,3,10,150,15,0.0
213,3,10,150,15,0.051573320538546435
214,3,10,150,15,0.1257260924843343
215,3,10,150,15,0.157288596461893
216,3,10,150,15,0.2654120436192097
217,3,10,150,15,0.0
218,3,10,150,15,0.06323567569191428
219,3,10,150,15,0.0
220,3,10,150,15,0.0
221,3,10,150,15,0.13462173318923787
222,3,10,150,15,0.21309398786347877
223,3,10,150,15,0.0
224,3,10,150,15,0.0
225,3,10,150,15,0.0
226,3,10,150,15,0.0
227,3,10,150,15,0.0
229,3,10,150,15,0.0
230,3,10,150,15,0.0
231,3,10,150,15,0.0
232,3,10,150,15,0.0
233,3,10,150,15,0.0660006550311689
234,3,10,150,15,0.21992634232854022
235,3,10,150,15,0.0
236,3,10,150,15,0.10618686347613707
237,3,10,150,15,0.0
238,3,10,150,15,0.0
239,3,10,150,15,0.0
240,3,10,150,15,0.0
241,3,10,150,15,0.0
242,3,10,150,15,0.0
243,3,10,150,15,0.0
244,3,10,150,15,0.17060921827860473
245,3,10,150,15,0.0
246,3,10,150,15,0.0
247,3,10,150,15,0.15642624200758548
248,3,10,150,15,0.11838279295536291
249,3,10,150,15,0.17060921827860473
250,3,10,150,15,0.051358492238643604
251,3,10,150,15,0.0
252,3,10,150,15,0.0
253,3,10,150,15,0.0
254,3,10,150,15,0.0493171240499355
255,3,10,150,15,0.04610512027589789
256,3,10,150,15,0.0
257,3,10,150,15,0.0
258,3,10,150,15,0.0
259,3,10,150,15,0.0
260,3,10,150,15,0.0
261,3,10,150,15,0.0
262,3,10,150,15,0.0
263,3,10,150,15,0.24793125633783572
264,3,10,150,15,0.22972462709034727
265,3,10,150,15,0.19802572813668026
266,3,10,150,15,0.0
267,3,10,150,15,0.13767959533323312
268,3,10,150,15,0.2026603840685578
269,3,10,150,15,0.0
270,3,10,150,15,0.0
271,3,10,150,15,0.05382121602276955
272,3,10,150,15,0.0
273,3,10,150,15,0.0
274,3,10,150,15,0.0
275,3,10,150,15,0.0
276,3,10,150,15,0.33256583956129937
277,3,10,150,15,0.0
278,3,10,150,15,0.0
279,3,10,150,15,0.1939635351401286
280,3,10,150,15,0.13140972941520027
281,3,10,150,15,0.0
282,3,10,150,15,0.0
283,3,10,150,15,0.0
284,3,10,150,15,0.0
285,3,10,150,15,0.0
286,3,10,150,15,0.0
287,3,10,150,15,0.0
288,3,10,150,15,0.0
289,3,10,150,15,0.0
290,3,10,150,15,0.13034713033002326
291,3,10,150,15,0.21992634232854022
292,3,10,150,15,0.19765598330367803
293,3,10,150,15,0.060772229737720354
294,3,10,150,15,0.0
295,3,10,150,15,0.0
296,3,10,150,15,0.11081108688510351
297,3,10,150,15,0.0
298,3,10,150,15,0.04610512027589789
299,3,10,150,15,0.11828782275775632
300,3,10,150,15,0.0
301,3,10,150,15,0.2274789577048063
302,3,10,150,15,0.0
303,3,10,150,15,0.20809912409305958
304,3,10,150,15,0.0
305,3,10,150,15,0.09749001454770789
306,3,10,150,15,0.0
307,3,10,150,15,0.0
308,3,10,150,15,0.0734773909038217
309,3,10,150,15,0.0
310,3,10,150,15,0.2890648263178879
311,3,10,150,15,0.20143430461277526
312,3,10,150,15,0.12483588314246531
313,3,10,150,15,0.04759023790187059
314,3,10,150,15,0.1289734076642407
315,3,10,150,15,0.09785159463516042
316,3,10,150,15,0.0
317,3,10,150,15,0.0
318,3,10,150,15,0.0
319,3,10,150,15,0.0
320,3,10,150,15,0.0
321,3,10,150,15,0.0
322,3,10,150,15,0.0
323,3,10,150,15,0.08041927109478651
324,3,10,150,15,0.0
325,3,10,150,15,0.0
326,3,10,150,15,0.11459344576048991
327,3,10,150,15,0.0
328,3,10,150,15,0.14607683887702272
329,3,10,150,15,0.0
330,3,10,150,15,0.23442938795657506
331,3,10,150,15,0.0
332,3,10,150,15,0.0
333,3,10,150,15,0.0
334,3,10,150,15,0.24408660918242644
335,3,10,150,15,0.0
336,3,10,150,15,0.0
337,3,10,150,15,0.09992090652113537
338,3,10,150,15,0.0
339,3,10,150,15,0.13736415670270682
340,3,10,150,15,0.12647135138382856
341,3,10,150,15,0.0
342,3,10,150,15,0.0
343,3,10,150,15,0.3667308807030168
344,3,10,150,15,0.10618686347613707
345,3,10,150,15,0.21326152284825592
346,3,10,150,15,0.10313834007270505
347,3,10,150,15,0.0
348,3,10,150,15,0.0
349,3,10,150,15,0.0
350,3,10,150,15,0.0845667599404342
351,3,10,150,15,0.0
352,3,10,150,15,0.06362078819895171
353,3,10,150,15,0.0
354,3,10,150,15,0.0
355,3,10,150,15,0.0
356,3,10,150,15,0.0
357,3,10,150,15,0.0
358,3,10,150,15,0.26730206653594746
359,3,10,150,15,0.0
360,3,10,150,15,0.0734773909038217
361,3,10,150,15,0.0
362,3,10,150,15,0.0
363,3,10,150,15,0.3395088535082598
364,3,10,150,15,0.0
365,3,10,150,15,0.0
366,3,10,150,15,0.0
367,3,10,150,15,0.09817896789964464
368,3,10,150,15,0.0
369,3,10,150,15,0.0
370,3,10,150,15,0.04759023790187059
371,3,10,150,15,0.0
372,3,10,150,15,0.0734773909038217
373,3,10,150,15,0.20512648019324084
374,3,10,150,15,0.21992634232854022
375,3,10,150,15,0.0
376,3,10,150,15,0.0
377,3,10,150,15,0.0
378,3,10,150,15,0.10836246763959094
379,3,10,150,15,0.060772229737720354
380,3,10,150,15,0.0
381,3,10,150,15,0.0
382,3,10,150,15,0.0
383,3,10,150,15,0.0
384,3,10,150,15,0.0
385,3,10,150,15,0.2038113561381173
386,3,10,150,15,0.0
387,3,10,150,15,0.051358492238643604
388,3,10,150,15,0.0
389,3,10,150,15,0.13034713033002326
390,3,10,150,15,0.21398626473452756
391,3,10,150,15,0.3456877462187434
392,3,10,150,15,0.0
393,3,10,150,15,0.2740337525859763
394,3,10,150,15,0.04366879852493834
395,3,10,150,15,0.051573320538546435
396,3,10,150,15,0.0
397,3,10,150,15,0.0
398,3,10,150,15,0.09502729076358195
399,3,10,150,15,0.0
400,3,10,150,15,0.0
401,3,10,150,15,0.0
402,3,10,150,15,0.424926013816671
403,3,10,150,15,0.0
404,3,10,150,15,0.0
405,3,10,150,15,0.3296101425627874
406,3,10,150,15,0.3288450605308666
407,3,10,150,15,0.13034713033002326
408,3,10,150,15,0.0
409,3,10,150,15,0.15245286389947368
410,3,10,150,15,0.0
411,3,10,150,15,0.0
412,3,10,150,15,0.0
413,3,10,150,15,0.10122860821230018
414,3,10,150,15,0.0
415,3,10,150,15,0.0
416,3,10,150,15,0.173643087076708
417,3,10,150,15,0.11764196916392193
418,3,10,150,15,0.0
419,3,10,150,15,0.2098021491169666
420,3,10,150,15,0.0
421,3,10,150,15,0.06362078819895171
422,3,10,150,15,0.0
423,3,10,150,15,0.0
424,3,10,150,15,0.13291000263869587
425,3,10,150,15,0.0
426,3,10,150,15,0.04759023790187059
427,3,10,150,15,0.0
428,3,10,150,15,0.0
429,3,10,150,15,0.19989805489979223
430,3,10,150,15,0.062242588308449316
431,3,10,150,15,0.0
432,3,10,150,15,0.0
433,3,10,150,15,0.0
434,3,10,150,15,0.18672776492534796
435,3,10,150,15,0.4061360568700412
436,3,10,150,15,0.08530460913930236
437,3,10,150,15,0.0
438,3,10,150,15,0.0
439,3,10,150,15,0.0
440,3,10,150,15,0.04610512027589789
441,3,10,150,15,0.0
442,3,10,150,15,0.08530460913930236
443,3,10,150,15,0.0
444,3,10,150,15,0.19519002499605084
445,3,10,150,15,0.0
446,3,10,150,15,0.0
447,3,10,150,15,0.10342453430737153
448,3,10,150,15,0.0
449,3,10,150,15,0.0
450,3,10,150,15,0.32749626721102315
451,3,10,150,15,0.0
452,3,10,150,15,0.04265230456965118
453,3,10,150,15,0.19294704118484146
454,3,10,150,15,0.0
455,3,10,150,15,0.321914482449076
456,3,10,150,15,0.26038313707944094
457,3,10,150,15,0.6966932440387229
458,3,10,150,15,0.12287039445737048
459,3,10,150,15,0.0
460,3,10,150,15,0.0
461,3,10,150,15,0.10778915452451093
462,3,10,150,15,0.0
463,3,10,150,15,0.16841466178325942
464,3,10,150,15,0.0
465,3,10,150,15,0.08530460913930236
466,3,10,150,15,0.11735914726981253
467,3,10,150,15,0.0
468,3,10,150,15,0.3911799420147363
469,3,10,150,15,0.0
470,3,10,150,15,0.0
471,3,10,150,15,0.0
472,3,10,150,15,0.28142030516370825
473,3,10,150,15,0.0
474,3,10,150,15,0.5233704019444093
475,3,10,150,15,0.0
476,3,10,150,15,0.1590009242841827
477,3,10,150,15,0.0
478,3,10,150,15,0.32192044884908216
479,3,10,150,15,0.1345843506547708
480,3,10,150,15,0.060772229737720354
481,3,10,150,15,0.0
482,3,10,150,15,0.10209739512291163
483,3,10,150,15,0.06194403202282284
484,3,10,150,15,0.26430457645637323
485,3,10,150,15,0.0
486,3,10,150,15,0.09024254247152177
487,3,10,150,15,0.15446758791548884
488,3,10,150,15,0.1076424320455391
489,3,10,150,15,0.0
490,3,10,150,15,0.08530460913930236
491,3,10,150,15,0.09460634670666435
492,3,10,150,15,0.0
493,3,10,150,15,0.2877554077073648
494,3,10,150,15,0.0
495,3,10,150,15,0.08530460913930236
496,3,10,150,15,0.04610512027589789
497,3,10,150,15,0.0660006550311689
498,3,10,150,15,0.0
499,3,10,150,15,0.0734773909038217
500,3,10,150,15,0.0734773909038217
501,3,10,150,15,0.0
502,3,10,150,15,0.0
503,3,10,150,15,0.4253185811232873
504,3,10,150,15,0.11735914726981253
505,3,10,150,15,0.0
506,3,10,150,15,0.09690736195180609
507,3,10,150,15,0.0
508,3,10,150,15,0.12729860692659123
509,3,10,150,15,0.0
510,3,10,150,15,0.06835476917178976
511,3,10,150,15,0.0
512,3,10,150,15,0.0
513,3,10,150,15,0.0
514,3,10,150,15,0.3020725383668873
515,3,10,150,15,0.0
516,3,10,150,15,0.07947838320659593
517,3,10,150,15,0.0
518,3,10,150,15,0.0
519,3,10,150,15,0.0
520,3,10,150,15,0.0
521,3,10,150,15,0.17060921827860473
522,3,10,150,15,0.11752277470724268
523,3,10,150,15,0.21819945618047532
524,3,10,150,15,0.0493171240499355
525,3,10,150,15,0.0
526,3,10,150,15,0.0
527,3,10,150,15,0.31945772506495623
528,3,10,150,15,0.05382121602276955
529,3,10,150,15,0.0
530,3,10,150,15,0.0
531,3,10,150,15,0.0
532,3,10,150,15,0.28889704103636105
533,3,10,150,15,0.3666047828668782
534,3,10,150,15,0.0660006550311689
535,3,10,150,15,0.3956074252533992
536,3,10,150,15,0.18249002718716772
537,3,10,150,15,0.08746273642358578
538,3,10,150,15,0.1076424320455391
539,3,10,150,15,0.0
540,3,10,150,15,0.0
541,3,10,150,15,0.0493171240499355
542,3,10,150,15,0.08530460913930236
543,3,10,150,15,0.0
544,3,10,150,15,0.0
545,3,10,150,15,0.30303544164909213
546,3,10,150,15,0.0
547,3,10,150,15,0.0
548,3,10,150,15,0.13034713033002326
549,3,10,150,15,0.05502294157452004
550,3,10,150,15,0.0845667599404342
551,3,10,150,15,0.31574155613859867
552,3,10,150,15,0.0
553,3,10,150,15,0.11081108688510351
554,3,10,150,15,0.0
555,3,10,150,15,0.0
556,3,10,150,15,0.1482972305701491
557,3,10,150,15,0.056869739426201577
558,3,10,150,15,0.21398626473452756
559,3,10,150,15,0.0
560,3,10,150,15,0.1518970301897835
561,3,10,150,15,0.15878200004312407
562,3,10,150,15,0.0
563,3,10,150,15,0.05994083762128166
564,3,10,150,15,0.0
565,3,10,150,15,0.0660006550311689
566,3,10,150,15,0.16451217147174066
567,3,10,150,15,0.31581743564221193
568,3,10,150,15,0.0
569,3,10,150,15,0.0
570,3,10,150,15,0.0
571,3,10,150,15,0.0
572,3,10,150,15,0.30260241349881345
573,3,10,150,15,0.0
574,3,10,150,15,0.0
575,3,10,150,15,0.07945707943276742
576,3,10,150,15,0.0
577,3,10,150,15,0.300956348608628
578,3,10,150,15,0.0
579,3,10,150,15,0.09616892409257821
580,3,10,150,15,0.0
581,3,10,150,15,0.0
582,3,10,150,15,0.08530460913930236
583,3,10,150,15,0.0874717141014082
584,3,10,150,15,0.1491042771925757
585,3,10,150,15,0.0660006550311689
586,3,10,150,15,0.18059410079165877
587,3,10,150,15,0.0
588,3,10,150,15,0.26809923282631265
589,3,10,150,15,0.0
590,3,10,150,15,0.1076424320455391
591,3,10,150,15,0.0
592,3,10,150,15,0.2664244320886632
593,3,10,150,15,0.13011504099323695
594,3,10,150,15,0.0
595,3,10,150,15,0.0
596,3,10,150,15,0.09803928583135704
597,3,10,150,15,0.0
598,3,10,150,15,0.0
599,3,10,150,15,0.0
600,3,10,150,15,0.2083180483341182
601,3,10,150,15,0.3296101425627874
602,3,10,150,15,0.0
603,3,10,150,15,0.0845667599404342
604,3,10,150,15,0.0
605,3,10,150,15,0.08530460913930236
606,3,10,150,15,0.385455007755568
607,3,10,150,15,0.0
608,3,10,150,15,0.26186825470541364
609,3,10,150,15,0.0
610,3,10,150,15,0.0493171240499355
611,3,10,150,15,0.0
612,3,10,150,15,0.09162544430476362
613,3,10,150,15,0.07839826897867533
614,3,10,150,15,0.17060921827860473
615,3,10,150,15,0.0
616,3,10,150,15,0.0
617,3,10,150,15,0.0
618,3,10,150,15,0.17060921827860473
619,3,10,150,15,0.10445997732807216
620,3,10,150,15,0.28592699735970917
621,3,10,150,15,0.04265230456965118
622,3,10,150,15,0.43382073900246304
623,3,10,150,15,0.05382121602276955
624,3,10,150,15,0.04610512027589789
625,3,10,150,15,0.13462173318923787
626,3,10,150,15,0.0
627,3,10,150,15,0.22196771051724834
628,3,10,150,15,0.0
629,3,10,150,15,0.2666290096515818
630,3,10,150,15,0.0660006550311689
631,3,10,150,15,0.0
632,3,10,150,15,0.04265230456965118
633,3,10,150,15,0.0
634,3,10,150,15,0.13140972941520027
635,3,10,150,15,0.0
636,3,10,150,15,0.30260241349881345
637,3,10,150,15,0.0
638,3,10,150,15,0.04610512027589789
639,3,10,150,15,0.0
640,3,10,150,15,0.19149147261543942
641,3,10,150,15,0.051358492238643604
642,3,10,150,15,0.3509411181814891
643,3,10,150,15,0.5091834237351969
644,3,10,150,15,0.0
645,3,10,150,15,0.05382121602276955
646,3,10,150,15,0.11243817952384734
647,3,10,150,15,0.04366879852493834
648,3,10,150,15,0.1562431975026907
649,3,10,150,15,0.0
650,3,10,150,15,0.2867389137520776
651,3,10,150,15,0.0
652,3,10,150,15,0.0
653,3,10,150,15,0.29544510142107006
654,3,10,150,15,0.0734773909038217
655,3,10,150,15,0.24715874963252318
656,3,10,150,15,0.0
657,3,10,150,15,0.2073612289146658
658,3,10,150,15,0.0660006550311689
659,3,10,150,15,0.17609000881882475
660,3,10,150,15,0.0
661,3,10,150,15,0.09616892409257821
662,3,10,150,15,0.0
663,3,10,150,15,0.2537192709225618
664,3,10,150,15,0.5293596115432161
665,3,10,150,15,0.08530460913930236
666,3,10,150,15,0.18059410079165877
667,3,10,150,15,0.0
668,3,10,150,15,0.0
669,3,10,150,15,0.2981267494462546
670,3,10,150,15,0.0
671,3,10,150,15,0.326408738779907
672,3,10,150,15,0.048159222084064895
673,3,10,150,15,0.0
674,3,10,150,15,0.0
675,3,10,150,15,0.0
676,3,10,150,15,0.2904310893325432
677,3,10,150,15,0.0
678,3,10,150,15,0.0
679,3,10,150,15,0.09125903642680892
680,3,10,150,15,0.0
681,3,10,150,15,0.0
682,3,10,150,15,0.6273504327832063
683,3,10,150,15,0.04366879852493834
684,3,10,150,15,0.060772229737720354
685,3,10,150,15,0.0
686,3,10,150,15,0.11008935378765584
687,3,10,150,15,0.0
688,3,10,150,15,0.0
689,3,10,150,15,0.2559138274179071
690,3,10,150,15,0.37549633859762666
691,3,10,150,15,0.5056224428183818
692,3,10,150,15,0.0
693,3,10,150,15,0.11612969547347289
694,3,10,150,15,0.21062789173879579
695,3,10,150,15,0.0
696,3,10,150,15,0.0
697,3,10,150,15,0.0
698,3,10,150,15,0.0
699,3,10,150,15,0.0
700,3,10,150,15,0.0
701,3,10,150,15,0.050259389402918644
702,3,10,150,15,0.0
703,3,10,150,15,0.16841466178325942
704,3,10,150,15,0.05382121602276955
705,3,10,150,15,0.27825165032414384
706,3,10,150,15,0.0
707,3,10,150,15,0.30907673665831437
708,3,10,150,15,0.0
709,3,10,150,15,0.14473676815260203
710,3,10,150,15,0.3433035066117212
711,3,10,150,15,0.19395756874012246
712,3,10,150,15,0.05382121602276955
713,3,10,150,15,0.0
714,3,10,150,15,0.0734773909038217
715,3,10,150,15,0.3177025511109146
716,3,10,150,15,0.26807283079314626
717,3,10,150,15,0.0660006550311689
718,3,10,150,15,0.0
719,3,10,150,15,0.056869739426201577
720,3,10,150,15,0.0
721,3,10,150,15,0.09952204399585275
722,3,10,150,15,0.0
723,3,10,150,15,0.0
724,3,10,150,15,0.0
725,3,10,150,15,0.0
726,3,10,150,15,0.0
727,3,10,150,15,0.15581846956671577
728,3,10,150,15,0.0
729,3,10,150,15,0.0
730,3,10,150,15,0.0
731,3,10,150,15,0.1076424320455391
732,3,10,150,15,0.0
733,3,10,150,15,0.0
734,3,10,150,15,0.10687735001361824
735,3,10,150,15,0.051358492238643604
736,3,10,150,15,0.0
737,3,10,150,15,0.12127716502890909
738,3,10,150,15,0.14826585419044971
739,3,10,150,15,0.050259389402918644
740,3,10,150,15,0.0
741,3,10,150,15,0.056869739426201577
742,3,10,150,15,0.0
743,3,10,150,15,0.049043960636177025
744,3,10,150,15,0.0
745,3,10,150,15,0.05382121602276955
746,3,10,150,15,0.23450533669857257
747,3,10,150,15,0.1674881877121165
748,3,10,150,15,0.0660006550311689
749,3,10,150,15,0.43298795559512865
750,3,10,150,15,0.0
751,3,10,150,15,0.0
752,3,10,150,15,0.0
753,3,10,150,15,0.0
754,3,10,150,15,0.0
755,3,10,150,15,0.0
756,3,10,150,15,0.0734773909038217
757,3,10,150,15,0.1076424320455391
758,3,10,150,15,0.17276734556288814
759,3,10,150,15,0.0
760,3,10,150,15,0.0
761,3,10,150,15,0.056869739426201577
762,3,10,150,15,0.0
763,3,10,150,15,0.0
764,3,10,150,15,0.0
765,3,10,150,15,0.0
766,3,10,150,15,0.0
767,3,10,150,15,0.049710505523782283
768,3,10,150,15,0.060772229737720354
769,3,10,150,15,0.0
770,3,10,150,15,0.21326152284825592
771,3,10,150,15,0.0
772,3,10,150,15,0.0
773,3,10,150,15,0.25693032137319427
774,3,10,150,15,0.0
775,3,10,150,15,0.0
776,3,10,150,15,0.0
777,3,10,150,15,0.0
778,3,10,150,15,0.1076424320455391
779,3,10,150,15,0.0
780,3,10,150,15,0.0660006550311689
781,3,10,150,15,0.07055658259096848
782,3,10,150,15,0.0
783,3,10,150,15,0.0
784,3,10,150,15,0.0
785,3,10,150,15,0.15130120674940672
786,3,10,150,15,0.16346426754571042
787,3,10,150,15,0.0
788,3,10,150,15,0.0
789,3,10,150,15,0.07745351606183934
790,3,10,150,15,0.15029473661519027
791,3,10,150,15,0.0
792,3,10,150,15,0.059109628562248356
793,3,10,150,15,0.08021827351724287
794,3,10,150,15,0.08021827351724287
795,3,10,150,15,0.1076424320455391
796,3,10,150,15,0.10297485970209946
797,3,10,150,15,0.13905617951077562
798,3,10,150,15,0.0
799,3,10,150,15,0.2836929289153804
800,3,10,150,15,0.0
801,3,10,150,15,0.0
802,3,10,150,15,0.05621908976192367
803,3,10,150,15,0.0
804,3,10,150,15,0.438545924057717
805,3,10,150,15,0.25693032137319427
806,3,10,150,15,0.04759023790187059
807,3,10,150,15,0.2274789577048063
808,3,10,150,15,0.0
809,3,10,150,15,0.0
810,3,10,150,15,0.0
811,3,10,150,15,0.0
812,3,10,150,15,0.0
813,3,10,150,15,0.0
814,3,10,150,15,0.0
815,3,10,150,15,0.0
816,3,10,150,15,0.0
817,3,10,150,15,0.0
818,3,10,150,15,0.0
819,3,10,150,15,0.0
820,3,10,150,15,0.0
821,3,10,150,15,0.0
822,3,10,150,15,0.0
823,3,10,150,15,0.11213072197636396
824,3,10,150,15,0.0
825,3,10,150,15,0.1811198229493608
826,3,10,150,15,0.04455257454866284
827,3,10,150,15,0.0
828,3,10,150,15,0.0
829,3,10,150,15,0.0
830,3,10,150,15,0.060772229737720354
831,3,10,150,15,0.0
832,3,10,150,15,0.0
833,3,10,150,15,0.051358492238643604
834,3,10,150,15,0.0
835,3,10,150,15,0.04366879852493834
836,3,10,150,15,0.0
837,3,10,150,15,0.0
838,3,10,150,15,0.0
839,3,10,150,15,0.0
840,3,10,150,15,0.09196942861958668
841,3,10,150,15,0.0
842,3,10,150,15,0.0
843,3,10,150,15,0.056869739426201577
844,3,10,150,15,0.0
845,3,10,150,15,0.0
846,3,10,150,15,0.056869739426201577
847,3,10,150,15,0.0
848,3,10,150,15,0.0
849,3,10,150,15,0.0
850,3,10,150,15,0.0
851,3,10,150,15,0.17060921827860473
852,3,10,150,15,0.0
853,3,10,150,15,0.0
854,3,10,150,15,0.0
855,3,10,150,15,0.0
856,3,10,150,15,0.0
857,3,10,150,15,0.0
858,3,10,150,15,0.0
859,3,10,150,15,0.0
860,3,10,150,15,0.0
861,3,10,150,15,0.0
862,3,10,150,15,0.0
863,3,10,150,15,0.0
864,3,10,150,15,0.06912040963822193
865,3,10,150,15,0.0
866,3,10,150,15,0.0
867,3,10,150,15,0.13120507751234178
868,3,10,150,15,0.0
870,3,10,150,15,0.0
871,3,10,150,15,0.0
872,3,10,150,15,0.0
875,3,10,150,15,0.0
876,3,10,150,15,0.0
877,3,10,150,15,0.0
1,3,10,150,16,1.0
2,3,10,150,16,0.06362078819895171
3,3,10,150,16,0.0
4,3,10,150,16,0.0
5,3,10,150,16,0.0
6,3,10,150,16,0.0818866884283907
7,3,10,150,16,0.2080311919628879
8,3,10,150,16,0.0
9,3,10,150,16,0.0
10,3,10,150,16,0.17687081551312633
11,3,10,150,16,0.0
12,3,10,150,16,0.0
13,3,10,150,16,0.12512447986766242
14,3,10,150,16,0.0
15,3,10,150,16,0.0
16,3,10,150,16,0.06335619058732639
17,3,10,150,16,0.0
18,3,10,150,16,0.19202792574438243
19,3,10,150,16,0.0
20,3,10,150,16,0.0
21,3,10,150,16,0.0400672454325441
22,3,10,150,16,0.0
23,3,10,150,16,0.1637733768567814
24,3,10,150,16,0.09785159463516042
25,3,10,150,16,0.0
26,3,10,150,16,0.0
28,3,10,150,16,0.0
29,3,10,150,16,0.0
30,3,10,150,16,0.0979129253499678
31,3,10,150,16,0.0
32,3,10,150,16,0.0
33,3,10,150,16,0.0
34,3,10,150,16,0.0
35,3,10,150,16,0.0
37,3,10,150,16,0.0
38,3,10,150,16,0.0
39,3,10,150,16,0.0
40,3,10,150,16,0.0
41,3,10,150,16,0.0
42,3,10,150,16,0.09734817631057045
43,3,10,150,16,0.32929085819025233
44,3,10,150,16,0.0
45,3,10,150,16,0.0
46,3,10,150,16,0.0
47,3,10,150,16,0.0
48,3,10,150,16,0.0874717141014082
49,3,10,150,16,0.09840449932588026
50,3,10,150,16,0.0
51,3,10,150,16,0.18953836965473142
52,3,10,150,16,0.0
53,3,10,150,16,0.09546043308946733
54,3,10,150,16,0.0
55,3,10,150,16,0.0
56,3,10,150,16,0.05833725389333616
57,3,10,150,16,0.0
58,3,10,150,16,0.0
59,3,10,150,16,0.11354835553164001
60,3,10,150,16,0.06335619058732639
61,3,10,150,16,0.0
62,3,10,150,16,0.05459112561892713
63,3,10,150,16,0.0
64,3,10,150,16,0.0
65,3,10,150,16,0.26359514085347857
66,3,10,150,16,0.0
67,3,10,150,16,0.0
68,3,10,150,16,0.0
69,3,10,150,16,0.0
70,3,10,150,16,0.0
71,3,10,150,16,0.0
72,3,10,150,16,0.1733581926315698
73,3,10,150,16,0.0
74,3,10,150,16,0.0
75,3,10,150,16,0.11731968150568911
76,3,10,150,16,0.05947719272904215
77,3,10,150,16,0.27487633291429087
78,3,10,150,16,0.0
79,3,10,150,16,0.0
80,3,10,150,16,0.08297572808511901
81,3,10,150,16,0.0
82,3,10,150,16,0.04734112273659951
83,3,10,150,16,0.05166474815090726
84,3,10,150,16,0.0
85,3,10,150,16,0.10332949630181452
86,3,10,150,16,0.0
87,3,10,150,16,0.04734112273659951
88,3,10,150,16,0.0
89,3,10,150,16,0.18672776492534796
90,3,10,150,16,0.2734647669617164
91,3,10,150,16,0.13114221140465185
92,3,10,150,16,0.045683428159663184
93,3,10,150,16,0.0
94,3,10,150,16,0.20471672107097674
95,3,10,150,16,0.05833725389333616
96,3,10,150,16,0.0
97,3,10,150,16,0.05502294157452004
98,3,10,150,16,0.0
99,3,10,150,16,0.0
100,3,10,150,16,0.0
101,3,10,150,16,0.0
102,3,10,150,16,0.0
103,3,10,150,16,0.0
104,3,10,150,16,0.13118738735346316
106,3,10,150,16,0.0
107,3,10,150,16,0.0
108,3,10,150,16,0.0
109,3,10,150,16,0.04191911005669532
110,3,10,150,16,0.044257815106106525
111,3,10,150,16,0.0
112,3,10,150,16,0.0
113,3,10,150,16,0.0
114,3,10,150,16,0.0
115,3,10,150,16,0.046806851959664796
116,3,10,150,16,0.0
117,3,10,150,16,0.0
118,3,10,150,16,0.0
119,3,10,150,16,0.0
121,3,10,150,16,0.0
122,3,10,150,16,0.0
123,3,10,150,16,0.46927872602275644
124,3,10,150,16,0.10889376106823218
125,3,10,150,16,0.0818866884283907
126,3,10,150,16,0.0
127,3,10,150,16,0.0
128,3,10,150,16,0.0
129,3,10,150,16,0.0
130,3,10,150,16,0.0400672454325441
131,3,10,150,16,0.19519002499605084
132,3,10,150,16,0.09109240322345806
133,3,10,150,16,0.0
134,3,10,150,16,0.0
135,3,10,150,16,0.0
136,3,10,150,16,0.26687965254220064
137,3,10,150,16,0.0
138,3,10,150,16,0.13012668333070054
139,3,10,150,16,0.0
140,3,10,150,16,0.0
141,3,10,150,16,0.1637733768567814
142,3,10,150,16,0.30260241349881345
143,3,10,150,16,0.0
144,3,10,150,16,0.16961206435716075
145,3,10,150,16,0.0
146,3,10,150,16,0.0
147,3,10,150,16,0.0
148,3,10,150,16,0.0
149,3,10,150,16,0.0
150,3,10,150,16,0.0
151,3,10,150,16,0.0
152,3,10,150,16,0.0
153,3,10,150,16,0.0
154,3,10,150,16,0.0
155,3,10,150,16,0.0
156,3,10,150,16,0.0
157,3,10,150,16,0.0
158,3,10,150,16,0.0818866884283907
159,3,10,150,16,0.13118738735346316
160,3,10,150,16,0.0
161,3,10,150,16,0.0
162,3,10,150,16,0.0
163,3,10,150,16,0.0
164,3,10,150,16,0.0
165,3,10,150,16,0.0
166,3,10,150,16,0.0
167,3,10,150,16,0.0
168,3,10,150,16,0.0
169,3,10,150,16,0.0
170,3,10,150,16,0.0
171,3,10,150,16,0.0
172,3,10,150,16,0.0
173,3,10,150,16,0.0
174,3,10,150,16,0.0
175,3,10,150,16,0.3761635367652849
176,3,10,150,16,0.0
177,3,10,150,16,0.0
178,3,10,150,16,0.2078703696434644
179,3,10,150,16,0.0
180,3,10,150,16,0.0
181,3,10,150,16,0.044257815106106525
182,3,10,150,16,0.13120507751234178
183,3,10,150,16,0.0
184,3,10,150,16,0.0
185,3,10,150,16,0.0
186,3,10,150,16,0.0
187,3,10,150,16,0.09162544430476362
188,3,10,150,16,0.0
189,3,10,150,16,0.2067883781396861
190,3,10,150,16,0.0
191,3,10,150,16,0.0
192,3,10,150,16,0.0
193,3,10,150,16,0.0
194,3,10,150,16,0.05833725389333616
195,3,10,150,16,0.061734604266276284
196,3,10,150,16,0.17342765698823945
197,3,10,150,16,0.0
198,3,10,150,16,0.152420042677126
199,3,10,150,16,0.0
200,3,10,150,16,0.04094334421419535
201,3,10,150,16,0.3304590637459223
202,3,10,150,16,0.0
203,3,10,150,16,0.0
204,3,10,150,16,0.0
205,3,10,150,16,0.0
206,3,10,150,16,0.0
207,3,10,150,16,0.0
208,3,10,150,16,0.0
209,3,10,150,16,0.0
210,3,10,150,16,0.0
211,3,10,150,16,0.0
212,3,10,150,16,0.0
213,3,10,150,16,0.051573320538546435
214,3,10,150,16,0.1257260924843343
215,3,10,150,16,0.157288596461893
216,3,10,150,16,0.25477771412676575
217,3,10,150,16,0.0
218,3,10,150,16,0.06323567569191428
219,3,10,150,16,0.0
220,3,10,150,16,0.0
221,3,10,150,16,0.12922781116499021
222,3,10,150,16,0.2045558987515532
223,3,10,150,16,0.0
224,3,10,150,16,0.0
225,3,10,150,16,0.0
226,3,10,150,16,0.0
227,3,10,150,16,0.0
229,3,10,150,16,0.0
230,3,10,150,16,0.0
231,3,10,150,16,0.0
232,3,10,150,16,0.0
233,3,10,150,16,0.06335619058732639
234,3,10,150,16,0.2111144995933809
235,3,10,150,16,0.0
236,3,10,150,16,0.10193224835552663
237,3,10,150,16,0.0
238,3,10,150,16,0.0
239,3,10,150,16,0.0
240,3,10,150,16,0.0
241,3,10,150,16,0.0
242,3,10,150,16,0.0
243,3,10,150,16,0.0
244,3,10,150,16,0.1637733768567814
245,3,10,150,16,0.0
246,3,10,150,16,0.0
247,3,10,150,16,0.15642624200758548
248,3,10,150,16,0.11838279295536291
249,3,10,150,16,0.1637733768567814
250,3,10,150,16,0.04930069892507246
251,3,10,150,16,0.0
252,3,10,150,16,0.0
253,3,10,150,16,0.0
254,3,10,150,16,0.04734112273659951
255,3,10,150,16,0.04610512027589789
256,3,10,150,16,0.0
257,3,10,150,16,0.0
258,3,10,150,16,0.0
259,3,10,150,16,0.0
260,3,10,150,16,0.0
261,3,10,150,16,0.0
262,3,10,150,16,0.0
263,3,10,150,16,0.24793125633783572
264,3,10,150,16,0.22972462709034727
265,3,10,150,16,0.19802572813668026
266,3,10,150,16,0.0
267,3,10,150,16,0.1321631531959631
268,3,10,150,16,0.19454034072062926
269,3,10,150,16,0.0
270,3,10,150,16,0.0
271,3,10,150,16,0.05166474815090726
272,3,10,150,16,0.0
273,3,10,150,16,0.0
274,3,10,150,16,0.0
275,3,10,150,16,0.0
276,3,10,150,16,0.35930808787766083
277,3,10,150,16,0.0
278,3,10,150,16,0.0
279,3,10,150,16,0.18619195057270518
280,3,10,150,16,0.12614450353449722
281,3,10,150,16,0.0
282,3,10,150,16,0.0
283,3,10,150,16,0.0
284,3,10,150,16,0.0
285,3,10,150,16,0.0
286,3,10,150,16,0.0
287,3,10,150,16,0.0
288,3,10,150,16,0.0
289,3,10,150,16,0.0
290,3,10,150,16,0.12512447986766242
291,3,10,150,16,0.251181745025925
292,3,10,150,16,0.19765598330367803
293,3,10,150,16,0.05833725389333616
294,3,10,150,16,0.0
295,3,10,150,16,0.0
296,3,10,150,16,0.1063711918702311
297,3,10,150,16,0.0
298,3,10,150,16,0.044257815106106525
299,3,10,150,16,0.11354835553164001
300,3,10,150,16,0.0
301,3,10,150,16,0.21836450247570852
302,3,10,150,16,0.0
303,3,10,150,16,0.19976116541372552
304,3,10,150,16,0.0
305,3,10,150,16,0.0935838582076026
306,3,10,150,16,0.0
307,3,10,150,16,0.0
308,3,10,150,16,0.0705333542487353
309,3,10,150,16,0.0
310,3,10,150,16,0.2890648263178879
311,3,10,150,16,0.23343063232386546
312,3,10,150,16,0.11983405317380776
313,3,10,150,16,0.045683428159663184
314,3,10,150,16,0.12380579848508601
315,3,10,150,16,0.09785159463516042
316,3,10,150,16,0.0
317,3,10,150,16,0.0
318,3,10,150,16,0.0
319,3,10,150,16,0.0
320,3,10,150,16,0.0
321,3,10,150,16,0.0
322,3,10,150,16,0.0
323,3,10,150,16,0.08041927109478651
324,3,10,150,16,0.0
325,3,10,150,16,0.0
326,3,10,150,16,0.11000200204424343
327,3,10,150,16,0.0
328,3,10,150,16,0.14022394232172686
329,3,10,150,16,0.0
330,3,10,150,16,0.23442938795657506
331,3,10,150,16,0.0
332,3,10,150,16,0.0
333,3,10,150,16,0.0
334,3,10,150,16,0.2343067311055167
335,3,10,150,16,0.0
336,3,10,150,16,0.0
337,3,10,150,16,0.09992090652113537
338,3,10,150,16,0.0
339,3,10,150,16,0.131860353322465
340,3,10,150,16,0.12647135138382856
341,3,10,150,16,0.0
342,3,10,150,16,0.0
343,3,10,150,16,0.352036984498196
344,3,10,150,16,0.14199949378807072
345,3,10,150,16,0.20471672107097674
346,3,10,150,16,0.09900587088750677
347,3,10,150,16,0.0400672454325441
348,3,10,150,16,0.0
349,3,10,150,16,0.0
350,3,10,150,16,0.0845667599404342
351,3,10,150,16,0.0
352,3,10,150,16,0.06362078819895171
353,3,10,150,16,0.0
354,3,10,150,16,0.0
355,3,10,150,16,0.0
356,3,10,150,16,0.0
357,3,10,150,16,0.0
358,3,10,150,16,0.26730206653594746
359,3,10,150,16,0.0
360,3,10,150,16,0.0705333542487353
361,3,10,150,16,0.0
362,3,10,150,16,0.0
363,3,10,150,16,0.32590566894822276
364,3,10,150,16,0.0
365,3,10,150,16,0.0
366,3,10,150,16,0.0
367,3,10,150,16,0.09817896789964464
368,3,10,150,16,0.0
369,3,10,150,16,0.0
370,3,10,150,16,0.045683428159663184
371,3,10,150,16,0.0
372,3,10,150,16,0.0734773909038217
373,3,10,150,16,0.19690762716662438
374,3,10,150,16,0.2111144995933809
375,3,10,150,16,0.0
376,3,10,150,16,0.0
377,3,10,150,16,0.0
378,3,10,150,16,0.10402068205299933
379,3,10,150,16,0.09840449932588026
380,3,10,150,16,0.0
381,3,10,150,16,0.0
382,3,10,150,16,0.0
383,3,10,150,16,0.0
384,3,10,150,16,0.0
385,3,10,150,16,0.1956451965097917
386,3,10,150,16,0.0
387,3,10,150,16,0.04930069892507246
388,3,10,150,16,0.0
389,3,10,150,16,0.12512447986766242
390,3,10,150,16,0.21398626473452756
391,3,10,150,16,0.33183699044797393
392,3,10,150,16,0.0
393,3,10,150,16,0.2630539749643129
394,3,10,150,16,0.04191911005669532
395,3,10,150,16,0.051573320538546435
396,3,10,150,16,0.0
397,3,10,150,16,0.0
398,3,10,150,16,0.09121980898176778
399,3,10,150,16,0.0
400,3,10,150,16,0.0
401,3,10,150,16,0.0
402,3,10,150,16,0.424926013816671
403,3,10,150,16,0.0
404,3,10,150,16,0.0
405,3,10,150,16,0.3564708175162125
406,3,10,150,16,0.31566914478129654
407,3,10,150,16,0.12512447986766242
408,3,10,150,16,0.0
409,3,10,150,16,0.14634449758471924
410,3,10,150,16,0.0
411,3,10,150,16,0.0
412,3,10,150,16,0.0
413,3,10,150,16,0.10122860821230018
414,3,10,150,16,0.0
415,3,10,150,16,0.0
416,3,10,150,16,0.20675293232168504
417,3,10,150,16,0.11292837951226328
418,3,10,150,16,0.0
419,3,10,150,16,0.2098021491169666
420,3,10,150,16,0.0
421,3,10,150,16,0.06362078819895171
422,3,10,150,16,0.0
423,3,10,150,16,0.0
424,3,10,150,16,0.13291000263869587
425,3,10,150,16,0.0
426,3,10,150,16,0.045683428159663184
427,3,10,150,16,0.0
428,3,10,150,16,0.0
429,3,10,150,16,0.1918886904726341
430,3,10,150,16,0.062242588308449316
431,3,10,150,16,0.0
432,3,10,150,16,0.0
433,3,10,150,16,0.0
434,3,10,150,16,0.18672776492534796
435,3,10,150,16,0.42993054923296764
436,3,10,150,16,0.0818866884283907
437,3,10,150,16,0.0
438,3,10,150,16,0.0
439,3,10,150,16,0.0
440,3,10,150,16,0.044257815106106525
441,3,10,150,16,0.0
442,3,10,150,16,0.0818866884283907
443,3,10,150,16,0.0
444,3,10,150,16,0.19519002499605084
445,3,10,150,16,0.0
446,3,10,150,16,0.0
447,3,10,150,16,0.0992805981075315
448,3,10,150,16,0.0
449,3,10,150,16,0.0
450,3,10,150,16,0.35444163932698114
451,3,10,150,16,0.0
452,3,10,150,16,0.04094334421419535
453,3,10,150,16,0.18521618473020524
454,3,10,150,16,0.0
455,3,10,150,16,0.3090162558724985
456,3,10,150,16,0.24995030201958324
457,3,10,150,16,0.6687786648386281
458,3,10,150,16,0.1580145616387976
459,3,10,150,16,0.0
460,3,10,150,16,0.0
461,3,10,150,16,0.10778915452451093
462,3,10,150,16,0.0
463,3,10,150,16,0.16166675019515067
464,3,10,150,16,0.0
465,3,10,150,16,0.0818866884283907
466,3,10,150,16,0.11265688951239886
467,3,10,150,16,0.0
468,3,10,150,16,0.4155736847022876
469,3,10,150,16,0.0
470,3,10,150,16,0.0
471,3,10,150,16,0.0
472,3,10,150,16,0.3102118141595566
473,3,10,150,16,0.0
474,3,10,150,16,0.5024003915975734
475,3,10,150,16,0.0
476,3,10,150,16,0.152630195226887
477,3,10,150,16,0.0
478,3,10,150,16,0.30902198321529123
479,3,10,150,16,0.12919192644570654
480,3,10,150,16,0.09840449932588026
481,3,10,150,16,0.0
482,3,10,150,16,0.10209739512291163
483,3,10,150,16,0.06194403202282284
484,3,10,150,16,0.2937818655550952
485,3,10,150,16,0.0
486,3,10,150,16,0.08662677237385853
487,3,10,150,16,0.14827849715910588
488,3,10,150,16,0.10332949630181452
489,3,10,150,16,0.0
490,3,10,150,16,0.0818866884283907
491,3,10,150,16,0.17758207479178334
492,3,10,150,16,0.0
493,3,10,150,16,0.276225841162212
494,3,10,150,16,0.0
495,3,10,150,16,0.0818866884283907
496,3,10,150,16,0.044257815106106525
497,3,10,150,16,0.06335619058732639
498,3,10,150,16,0.0
499,3,10,150,16,0.0705333542487353
500,3,10,150,16,0.0705333542487353
501,3,10,150,16,0.0
502,3,10,150,16,0.0
503,3,10,150,16,0.40827723714639913
504,3,10,150,16,0.11265688951239886
505,3,10,150,16,0.0
506,3,10,150,16,0.09302455089626269
507,3,10,150,16,0.0
508,3,10,150,16,0.12219810239964256
509,3,10,150,16,0.0
510,3,10,150,16,0.06835476917178976
511,3,10,150,16,0.0
512,3,10,150,16,0.0
513,3,10,150,16,0.0
514,3,10,150,16,0.3300365692662537
515,3,10,150,16,0.0
516,3,10,150,16,0.07947838320659593
517,3,10,150,16,0.0
518,3,10,150,16,0.0
519,3,10,150,16,0.0
520,3,10,150,16,0.0
521,3,10,150,16,0.1637733768567814
522,3,10,150,16,0.11752277470724268
523,3,10,150,16,0.20945680501644456
524,3,10,150,16,0.0874083681691436
525,3,10,150,16,0.0
526,3,10,150,16,0.0
527,3,10,150,16,0.30665793398945645
528,3,10,150,16,0.05166474815090726
529,3,10,150,16,0.0
530,3,10,150,16,0.0
531,3,10,150,16,0.0
532,3,10,150,16,0.2773217323884214
533,3,10,150,16,0.35191593905500645
534,3,10,150,16,0.06335619058732639
535,3,10,150,16,0.37975652545083444
536,3,10,150,16,0.17517815447886784
537,3,10,150,16,0.12402559092964416
538,3,10,150,16,0.10332949630181452
539,3,10,150,16,0.0
540,3,10,150,16,0.0
541,3,10,150,16,0.04734112273659951
542,3,10,150,16,0.0818866884283907
543,3,10,150,16,0.0
544,3,10,150,16,0.0
545,3,10,150,16,0.29089364623377856
546,3,10,150,16,0.0
547,3,10,150,16,0.0
548,3,10,150,16,0.12512447986766242
549,3,10,150,16,0.05502294157452004
550,3,10,150,16,0.0845667599404342
551,3,10,150,16,0.30309066171554006
552,3,10,150,16,0.0
553,3,10,150,16,0.1063711918702311
554,3,10,150,16,0.0
555,3,10,150,16,0.0
556,3,10,150,16,0.1482972305701491
557,3,10,150,16,0.05459112561892713
558,3,10,150,16,0.21398626473452756
559,3,10,150,16,0.0
560,3,10,150,16,0.14581093460069489
561,3,10,150,16,0.152420042677126
562,3,10,150,16,0.0
563,3,10,150,16,0.05994083762128166
564,3,10,150,16,0.0
565,3,10,150,16,0.0660006550311689
566,3,10,150,16,0.15792062192074163
567,3,10,150,16,0.3031635009364587
568,3,10,150,16,0.0
569,3,10,150,16,0.0
570,3,10,150,16,0.0
571,3,10,150,16,0.0
572,3,10,150,16,0.30260241349881345
573,3,10,150,16,0.0
574,3,10,150,16,0.0
575,3,10,150,16,0.07945707943276742
576,3,10,150,16,0.0
577,3,10,150,16,0.2888978567244438
578,3,10,150,16,0.0
579,3,10,150,16,0.09231570020797718
580,3,10,150,16,0.0
581,3,10,150,16,0.0
582,3,10,150,16,0.0818866884283907
583,3,10,150,16,0.0874717141014082
584,3,10,150,16,0.1491042771925757
585,3,10,150,16,0.06335619058732639
586,3,10,150,16,0.1733581926315698
587,3,10,150,16,0.0
588,3,10,150,16,0.25735723506438396
589,3,10,150,16,0.0
590,3,10,150,16,0.1076424320455391
591,3,10,150,16,0.0
592,3,10,150,16,0.25574953897894054
593,3,10,150,16,0.12490168971129541
594,3,10,150,16,0.0
595,3,10,150,16,0.0
596,3,10,150,16,0.09803928583135704
597,3,10,150,16,0.0
598,3,10,150,16,0.0
599,3,10,150,16,0.0
600,3,10,150,16,0.19997131796348652
601,3,10,150,16,0.31640357208366837
602,3,10,150,16,0.0
603,3,10,150,16,0.0845667599404342
604,3,10,150,16,0.0
605,3,10,150,16,0.1219539338609348
606,3,10,150,16,0.4100781327891666
607,3,10,150,16,0.0
608,3,10,150,16,0.2513759150731399
609,3,10,150,16,0.0
610,3,10,150,16,0.04734112273659951
611,3,10,150,16,0.0
612,3,10,150,16,0.09162544430476362
613,3,10,150,16,0.07839826897867533
614,3,10,150,16,0.1637733768567814
615,3,10,150,16,0.0
616,3,10,150,16,0.0
617,3,10,150,16,0.0
618,3,10,150,16,0.1637733768567814
619,3,10,150,16,0.1002745537785903
620,3,10,150,16,0.2744706901807073
621,3,10,150,16,0.04094334421419535
622,3,10,150,16,0.4164387369791237
623,3,10,150,16,0.05166474815090726
624,3,10,150,16,0.044257815106106525
625,3,10,150,16,0.12922781116499021
626,3,10,150,16,0.0
627,3,10,150,16,0.21307407578185386
628,3,10,150,16,0.0
629,3,10,150,16,0.25594591968243574
630,3,10,150,16,0.06335619058732639
631,3,10,150,16,0.0
632,3,10,150,16,0.04094334421419535
633,3,10,150,16,0.0
634,3,10,150,16,0.12614450353449722
635,3,10,150,16,0.0
636,3,10,150,16,0.30260241349881345
637,3,10,150,16,0.0
638,3,10,150,16,0.044257815106106525
639,3,10,150,16,0.0
640,3,10,150,16,0.18381893678391734
641,3,10,150,16,0.051358492238643604
642,3,10,150,16,0.3368798742669399
643,3,10,150,16,0.5288490919587597
644,3,10,150,16,0.0
645,3,10,150,16,0.05166474815090726
646,3,10,150,16,0.11243817952384734
647,3,10,150,16,0.04191911005669532
648,3,10,150,16,0.14998296296118493
649,3,10,150,16,0.0
650,3,10,150,16,0.275250075319712
651,3,10,150,16,0.0
652,3,10,150,16,0.0
653,3,10,150,16,0.2836074300305892
654,3,10,150,16,0.1106005996812794
655,3,10,150,16,0.2773230247827403
656,3,10,150,16,0.0
657,3,10,150,16,0.2073612289146658
658,3,10,150,16,0.06335619058732639
659,3,10,150,16,0.16903456721726207
660,3,10,150,16,0.0
661,3,10,150,16,0.09231570020797718
662,3,10,150,16,0.0
663,3,10,150,16,0.24355343862354137
664,3,10,150,16,0.5081496300654379
665,3,10,150,16,0.0818866884283907
666,3,10,150,16,0.1733581926315698
667,3,10,150,16,0.0
668,3,10,150,16,0.0
669,3,10,150,16,0.28618163180618494
670,3,10,150,16,0.0
671,3,10,150,16,0.3133304397318853
672,3,10,150,16,0.048159222084064895
673,3,10,150,16,0.0
674,3,10,150,16,0.0
675,3,10,150,16,0.0
676,3,10,150,16,0.3188615610275592
677,3,10,150,16,0.0
678,3,10,150,16,0.0
679,3,10,150,16,0.0876025382163585
680,3,10,150,16,0.0
681,3,10,150,16,0.0
682,3,10,150,16,0.6422814744532129
683,3,10,150,16,0.04191911005669532
684,3,10,150,16,0.05833725389333616
685,3,10,150,16,0.0
686,3,10,150,16,0.10567837662993566
687,3,10,150,16,0.0
688,3,10,150,16,0.0
689,3,10,150,16,0.2976534651601345
690,3,10,150,16,0.3604512346400139
691,3,10,150,16,0.5056224428183818
692,3,10,150,16,0.0
693,3,10,150,16,0.11147669846293065
694,3,10,150,16,0.20218861230555812
695,3,10,150,16,0.0
696,3,10,150,16,0.0
697,3,10,150,16,0.0
698,3,10,150,16,0.0
699,3,10,150,16,0.0
700,3,10,150,16,0.0
701,3,10,150,16,0.050259389402918644
702,3,10,150,16,0.0
703,3,10,150,16,0.16166675019515067
704,3,10,150,16,0.05166474815090726
705,3,10,150,16,0.26710287315859593
706,3,10,150,16,0.0
707,3,10,150,16,0.33676012862567994
708,3,10,150,16,0.0
709,3,10,150,16,0.13893756453991848
710,3,10,150,16,0.32954828075445636
711,3,10,150,16,0.18618622322991243
712,3,10,150,16,0.05166474815090726
713,3,10,150,16,0.0
714,3,10,150,16,0.0705333542487353
715,3,10,150,16,0.3049730850210082
716,3,10,150,16,0.2973991363205045
717,3,10,150,16,0.06335619058732639
718,3,10,150,16,0.0
719,3,10,150,16,0.05459112561892713
720,3,10,150,16,0.0
721,3,10,150,16,0.09553446983312247
722,3,10,150,16,0.04173963774222741
723,3,10,150,16,0.0
724,3,10,150,16,0.0
725,3,10,150,16,0.0
726,3,10,150,16,0.0
727,3,10,150,16,0.14957525270366276
728,3,10,150,16,0.0
729,3,10,150,16,0.0
730,3,10,150,16,0.0
731,3,10,150,16,0.10332949630181452
732,3,10,150,16,0.0
733,3,10,150,16,0.0
734,3,10,150,16,0.10259506899944268
735,3,10,150,16,0.04930069892507246
736,3,10,150,16,0.0
737,3,10,150,16,0.12127716502890909
738,3,10,150,16,0.14232524982133515
739,3,10,150,16,0.0982984648454306
740,3,10,150,16,0.0
741,3,10,150,16,0.05459112561892713
742,3,10,150,16,0.0
743,3,10,150,16,0.049043960636177025
744,3,10,150,16,0.0
745,3,10,150,16,0.05166474815090726
746,3,10,150,16,0.22510935381782948
747,3,10,150,16,0.16077739738800312
748,3,10,150,16,0.06335619058732639
749,3,10,150,16,0.41563932090896316
750,3,10,150,16,0.0
751,3,10,150,16,0.0
752,3,10,150,16,0.0
753,3,10,150,16,0.0
754,3,10,150,16,0.0
755,3,10,150,16,0.0
756,3,10,150,16,0.0705333542487353
757,3,10,150,16,0.10332949630181452
758,3,10,150,16,0.16584503392549074
759,3,10,150,16,0.0
760,3,10,150,16,0.04568304891751105
761,3,10,150,16,0.05459112561892713
762,3,10,150,16,0.0
763,3,10,150,16,0.0
764,3,10,150,16,0.0
765,3,10,150,16,0.0
766,3,10,150,16,0.0400672454325441
767,3,10,150,16,0.049710505523782283
768,3,10,150,16,0.05833725389333616
769,3,10,150,16,0.0
770,3,10,150,16,0.20471672107097674
771,3,10,150,16,0.0
772,3,10,150,16,0.0
773,3,10,150,16,0.24663583112767204
774,3,10,150,16,0.0
775,3,10,150,16,0.0
776,3,10,150,16,0.0
777,3,10,150,16,0.0
778,3,10,150,16,0.10332949630181452
779,3,10,150,16,0.0
780,3,10,150,16,0.06335619058732639
781,3,10,150,16,0.07055658259096848
782,3,10,150,16,0.0
783,3,10,150,16,0.0
784,3,10,150,16,0.0
785,3,10,150,16,0.15130120674940672
786,3,10,150,16,0.1569147046185054
787,3,10,150,16,0.0
788,3,10,150,16,0.0
789,3,10,150,16,0.07745351606183934
790,3,10,150,16,0.1442728405160099
791,3,10,150,16,0.0
792,3,10,150,16,0.059109628562248356
793,3,10,150,16,0.08021827351724287
794,3,10,150,16,0.08021827351724287
795,3,10,150,16,0.10332949630181452
796,3,10,150,16,0.09884894072503365
797,3,10,150,16,0.13905617951077562
798,3,10,150,16,0.0
799,3,10,150,16,0.2836929289153804
800,3,10,150,16,0.0
801,3,10,150,16,0.0
802,3,10,150,16,0.05621908976192367
803,3,10,150,16,0.0
804,3,10,150,16,0.46104184231759865
805,3,10,150,16,0.24663583112767204
806,3,10,150,16,0.045683428159663184
807,3,10,150,16,0.21836450247570852
808,3,10,150,16,0.0
809,3,10,150,16,0.0
810,3,10,150,16,0.0
811,3,10,150,16,0.0
812,3,10,150,16,0.0
813,3,10,150,16,0.0
814,3,10,150,16,0.0
815,3,10,150,16,0.0
816,3,10,150,16,0.0
817,3,10,150,16,0.0
818,3,10,150,16,0.0
819,3,10,150,16,0.0
820,3,10,150,16,0.0
821,3,10,150,16,0.0
822,3,10,150,16,0.0
823,3,10,150,16,0.10763795281840861
824,3,10,150,16,0.0
825,3,10,150,16,0.17386285055054984
826,3,10,150,16,0.04455257454866284
827,3,10,150,16,0.0
828,3,10,150,16,0.0
829,3,10,150,16,0.0
830,3,10,150,16,0.05833725389333616
831,3,10,150,16,0.0
832,3,10,150,16,0.0
833,3,10,150,16,0.08936794435761657
834,3,10,150,16,0.0
835,3,10,150,16,0.04191911005669532
836,3,10,150,16,0.0
837,3,10,150,16,0.0
838,3,10,150,16,0.043599246064372175
839,3,10,150,16,0.0
840,3,10,150,16,0.08828446695079487
841,3,10,150,16,0.0
842,3,10,150,16,0.0
843,3,10,150,16,0.05459112561892713
844,3,10,150,16,0.0
845,3,10,150,16,0.0
846,3,10,150,16,0.09465837105147124
847,3,10,150,16,0.0
848,3,10,150,16,0.0
849,3,10,150,16,0.0
850,3,10,150,16,0.0
851,3,10,150,16,0.1637733768567814
852,3,10,150,16,0.0
853,3,10,150,16,0.0
854,3,10,150,16,0.0
855,3,10,150,16,0.0
856,3,10,150,16,0.0
857,3,10,150,16,0.0
858,3,10,150,16,0.0
859,3,10,150,16,0.0
860,3,10,150,16,0.0
861,3,10,150,16,0.0
862,3,10,150,16,0.0
863,3,10,150,16,0.0
864,3,10,150,16,0.06912040963822193
865,3,10,150,16,0.0
866,3,10,150,16,0.0
867,3,10,150,16,0.13120507751234178
868,3,10,150,16,0.0
870,3,10,150,16,0.0
871,3,10,150,16,0.0
872,3,10,150,16,0.0
875,3,10,150,16,0.0
876,3,10,150,16,0.0
877,3,10,150,16,0.0
1,3,10,150,17,1.0
2,3,10,150,17,0.06362078819895171
3,3,10,150,17,0.0
4,3,10,150,17,0.0
5,3,10,150,17,0.0
6,3,10,150,17,0.07879213539011483
7,3,10,150,17,0.20016955328265393
8,3,10,150,17,0.0
9,3,10,150,17,0.0
10,3,10,150,17,0.17018674841952153
11,3,10,150,17,0.0
12,3,10,150,17,0.0
13,3,10,150,17,0.1581866142743586
14,3,10,150,17,0.0
15,3,10,150,17,0.0
16,3,10,150,17,0.060961917527339995
17,3,10,150,17,0.0
18,3,10,150,17,0.18477106125943318
19,3,10,150,17,0.0
20,3,10,150,17,0.0
21,3,10,150,17,0.03855307727568851
22,3,10,150,17,0.0
23,3,10,150,17,0.19537494344837683
24,3,10,150,17,0.09785159463516042
25,3,10,150,17,0.0
26,3,10,150,17,0.0
28,3,10,150,17,0.0
29,3,10,150,17,0.0
30,3,10,150,17,0.0979129253499678
31,3,10,150,17,0.0
32,3,10,150,17,0.0
33,3,10,150,17,0.0
34,3,10,150,17,0.0
35,3,10,150,17,0.0
37,3,10,150,17,0.0
38,3,10,150,17,0.0
39,3,10,150,17,0.0
40,3,10,150,17,0.0
41,3,10,150,17,0.0
42,3,10,150,17,0.0936693232447766
43,3,10,150,17,0.3168467351557713
44,3,10,150,17,0.0
45,3,10,150,17,0.0
46,3,10,150,17,0.0
47,3,10,150,17,0.0
48,3,10,150,17,0.0874717141014082
49,3,10,150,17,0.09468572710278302
50,3,10,150,17,0.0
51,3,10,150,17,0.18953836965473142
52,3,10,150,17,0.0
53,3,10,150,17,0.09546043308946733
54,3,10,150,17,0.0
55,3,10,150,17,0.0
56,3,10,150,17,0.0561326498270945
57,3,10,150,17,0.0
58,3,10,150,17,0.0
59,3,10,150,17,0.10925728679573742
60,3,10,150,17,0.060961917527339995
61,3,10,150,17,0.0
62,3,10,150,17,0.05252809026007655
63,3,10,150,17,0.0
64,3,10,150,17,0.0
65,3,10,150,17,0.26359514085347857
66,3,10,150,17,0.0
67,3,10,150,17,0.0
68,3,10,150,17,0.0
69,3,10,150,17,0.0
70,3,10,150,17,0.0
71,3,10,150,17,0.0
72,3,10,150,17,0.16680686991948854
73,3,10,150,17,0.0
74,3,10,150,17,0.0
75,3,10,150,17,0.11731968150568911
76,3,10,150,17,0.05947719272904215
77,3,10,150,17,0.27487633291429087
78,3,10,150,17,0.0
79,3,10,150,17,0.0
80,3,10,150,17,0.08297572808511901
81,3,10,150,17,0.0
82,3,10,150,17,0.0455520698635181
83,3,10,150,17,0.049712302565054066
84,3,10,150,17,0.0
85,3,10,150,17,0.09942460513010813
86,3,10,150,17,0.0
87,3,10,150,17,0.0455520698635181
88,3,10,150,17,0.0
89,3,10,150,17,0.18672776492534796
90,3,10,150,17,0.26313034946719505
91,3,10,150,17,0.13114221140465185
92,3,10,150,17,0.043957020679722535
93,3,10,150,17,0.0
94,3,10,150,17,0.19698033847528706
95,3,10,150,17,0.0561326498270945
96,3,10,150,17,0.0
97,3,10,150,17,0.05502294157452004
98,3,10,150,17,0.0
99,3,10,150,17,0.0
100,3,10,150,17,0.0
101,3,10,150,17,0.0
102,3,10,150,17,0.0
103,3,10,150,17,0.0
104,3,10,150,17,0.126229727739799
106,3,10,150,17,0.0
107,3,10,150,17,0.0
108,3,10,150,17,0.0
109,3,10,150,17,0.040334958690002705
110,3,10,150,17,0.04258528250242427
111,3,10,150,17,0.0
112,3,10,150,17,0.0
113,3,10,150,17,0.0
114,3,10,150,17,0.0
115,3,10,150,17,0.046806851959664796
116,3,10,150,17,0.0377906726681472
117,3,10,150,17,0.0
118,3,10,150,17,0.0
119,3,10,150,17,0.0
121,3,10,150,17,0.0
122,3,10,150,17,0.0
123,3,10,150,17,0.46927872602275644
124,3,10,150,17,0.10889376106823218
125,3,10,150,17,0.11658280805826203
126,3,10,150,17,0.0
127,3,10,150,17,0.0
128,3,10,150,17,0.0
129,3,10,150,17,0.0
130,3,10,150,17,0.03855307727568851
131,3,10,150,17,0.19519002499605084
132,3,10,150,17,0.09109240322345806
133,3,10,150,17,0.0
134,3,10,150,17,0.0
135,3,10,150,17,0.0
136,3,10,150,17,0.26687965254220064
137,3,10,150,17,0.0
138,3,10,150,17,0.13012668333070054
139,3,10,150,17,0.0
140,3,10,150,17,0.0
141,3,10,150,17,0.15758427078022966
142,3,10,150,17,0.30260241349881345
143,3,10,150,17,0.0
144,3,10,150,17,0.20099298302061777
145,3,10,150,17,0.0
146,3,10,150,17,0.0
147,3,10,150,17,0.0
148,3,10,150,17,0.0
149,3,10,150,17,0.0
150,3,10,150,17,0.0
151,3,10,150,17,0.0
152,3,10,150,17,0.0
153,3,10,150,17,0.0
154,3,10,150,17,0.0
155,3,10,150,17,0.0
156,3,10,150,17,0.0
157,3,10,150,17,0.0
158,3,10,150,17,0.07879213539011483
159,3,10,150,17,0.126229727739799
160,3,10,150,17,0.0
161,3,10,150,17,0.0
162,3,10,150,17,0.0
163,3,10,150,17,0.0
164,3,10,150,17,0.0
165,3,10,150,17,0.0
166,3,10,150,17,0.0
167,3,10,150,17,0.0
168,3,10,150,17,0.0
169,3,10,150,17,0.0
170,3,10,150,17,0.0
171,3,10,150,17,0.0
172,3,10,150,17,0.0
173,3,10,150,17,0.0
174,3,10,150,17,0.0
175,3,10,150,17,0.3761635367652849
176,3,10,150,17,0.0
177,3,10,150,17,0.0
178,3,10,150,17,0.23780548121500864
179,3,10,150,17,0.0
180,3,10,150,17,0.0
181,3,10,150,17,0.04258528250242427
182,3,10,150,17,0.13120507751234178
183,3,10,150,17,0.0
184,3,10,150,17,0.0
185,3,10,150,17,0.0
186,3,10,150,17,0.0
187,3,10,150,17,0.09162544430476362
188,3,10,150,17,0.0
189,3,10,150,17,0.19897370622983218
190,3,10,150,17,0.0
191,3,10,150,17,0.0
192,3,10,150,17,0.0
193,3,10,150,17,0.0
194,3,10,150,17,0.0561326498270945
195,3,10,150,17,0.061734604266276284
196,3,10,150,17,0.17342765698823945
197,3,10,150,17,0.0
198,3,10,150,17,0.14665998673624972
199,3,10,150,17,0.0
200,3,10,150,17,0.039396067695057414
201,3,10,150,17,0.3179707934376778
202,3,10,150,17,0.0
203,3,10,150,17,0.0
204,3,10,150,17,0.0
205,3,10,150,17,0.0
206,3,10,150,17,0.0
207,3,10,150,17,0.0
208,3,10,150,17,0.0
209,3,10,150,17,0.0
210,3,10,150,17,0.0
211,3,10,150,17,0.0
212,3,10,150,17,0.0
213,3,10,150,17,0.051573320538546435
214,3,10,150,17,0.1257260924843343
215,3,10,150,17,0.157288596461893
216,3,10,150,17,0.24514949292906238
217,3,10,150,17,0.04972780777662495
218,3,10,150,17,0.06323567569191428
219,3,10,150,17,0.0
220,3,10,150,17,0.0
221,3,10,150,17,0.12434420525363292
222,3,10,150,17,0.1968255937394946
223,3,10,150,17,0.0
224,3,10,150,17,0.0
225,3,10,150,17,0.0
226,3,10,150,17,0.0
227,3,10,150,17,0.0
229,3,10,150,17,0.0
230,3,10,150,17,0.0
231,3,10,150,17,0.0
232,3,10,150,17,0.0
233,3,10,150,17,0.0987525901954872
234,3,10,150,17,0.20313634064374775
235,3,10,150,17,0.0
236,3,10,150,17,0.09808016012359463
237,3,10,150,17,0.0
238,3,10,150,17,0.0
239,3,10,150,17,0.0
240,3,10,150,17,0.0
241,3,10,150,17,0.0
242,3,10,150,17,0.0
243,3,10,150,17,0.0
244,3,10,150,17,0.19537494344837683
245,3,10,150,17,0.0
246,3,10,150,17,0.0
247,3,10,150,17,0.15642624200758548
248,3,10,150,17,0.11838279295536291
249,3,10,150,17,0.15758427078022966
250,3,10,150,17,0.04743759234968417
251,3,10,150,17,0.0
252,3,10,150,17,0.0
253,3,10,150,17,0.0
254,3,10,150,17,0.0455520698635181
255,3,10,150,17,0.04610512027589789
256,3,10,150,17,0.0
257,3,10,150,17,0.0
258,3,10,150,17,0.0
259,3,10,150,17,0.0
260,3,10,150,17,0.0
261,3,10,150,17,0.0
262,3,10,150,17,0.0
263,3,10,150,17,0.24793125633783572
264,3,10,150,17,0.22972462709034727
265,3,10,150,17,0.19802572813668026
266,3,10,150,17,0.0
267,3,10,150,17,0.16495929140289148
268,3,10,150,17,0.18718853038370614
269,3,10,150,17,0.0
270,3,10,150,17,0.0
271,3,10,150,17,0.049712302565054066
272,3,10,150,17,0.0
273,3,10,150,17,0.0
274,3,10,150,17,0.0
275,3,10,150,17,0.0
276,3,10,150,17,0.38352026620980545
277,3,10,150,17,0.0
278,3,10,150,17,0.0
279,3,10,150,17,0.17915563151516825
280,3,10,150,17,0.12137741789253911
281,3,10,150,17,0.0
282,3,10,150,17,0.0
283,3,10,150,17,0.0
284,3,10,150,17,0.0
285,3,10,150,17,0.0
286,3,10,150,17,0.0
287,3,10,150,17,0.0
288,3,10,150,17,0.0
289,3,10,150,17,0.0
290,3,10,150,17,0.12039594160621142
291,3,10,150,17,0.24168941791943627
292,3,10,150,17,0.19765598330367803
293,3,10,150,17,0.0561326498270945
294,3,10,150,17,0.0
295,3,10,150,17,0.0
296,3,10,150,17,0.10235135297694252
297,3,10,150,17,0.0
298,3,10,150,17,0.04258528250242427
299,3,10,150,17,0.10925728679573742
300,3,10,150,17,0.0
301,3,10,150,17,0.2101123610403062
302,3,10,150,17,0.0
303,3,10,150,17,0.23000272926791498
304,3,10,150,17,0.0
305,3,10,150,17,0.09004726125505678
306,3,10,150,17,0.0
307,3,10,150,17,0.0
308,3,10,150,17,0.06786785134613488
309,3,10,150,17,0.0
310,3,10,150,17,0.2890648263178879
311,3,10,150,17,0.22460913170699565
312,3,10,150,17,0.11530544369581905
313,3,10,150,17,0.043957020679722535
314,3,10,150,17,0.11912709408011753
315,3,10,150,17,0.09785159463516042
316,3,10,150,17,0.0
317,3,10,150,17,0.0
318,3,10,150,17,0.0377906726681472
319,3,10,150,17,0.0
320,3,10,150,17,0.0
321,3,10,150,17,0.0
322,3,10,150,17,0.0
323,3,10,150,17,0.08041927109478651
324,3,10,150,17,0.0
325,3,10,150,17,0.0
326,3,10,150,17,0.10584495239214857
327,3,10,150,17,0.0
328,3,10,150,17,0.13492478521720933
329,3,10,150,17,0.0
330,3,10,150,17,0.23442938795657506
331,3,10,150,17,0.0
332,3,10,150,17,0.0
333,3,10,150,17,0.0
334,3,10,150,17,0.22545212212636453
335,3,10,150,17,0.0
336,3,10,150,17,0.0
337,3,10,150,17,0.09992090652113537
338,3,10,150,17,0.0
339,3,10,150,17,0.16466793454029668
340,3,10,150,17,0.12647135138382856
341,3,10,150,17,0.0
342,3,10,150,17,0.0
343,3,10,150,17,0.338733270049943
344,3,10,150,17,0.13663323739928315
345,3,10,150,17,0.19698033847528706
346,3,10,150,17,0.09526437242857216
347,3,10,150,17,0.03855307727568851
348,3,10,150,17,0.0
349,3,10,150,17,0.0
350,3,10,150,17,0.0845667599404342
351,3,10,150,17,0.0
352,3,10,150,17,0.06362078819895171
353,3,10,150,17,0.0
354,3,10,150,17,0.0
355,3,10,150,17,0.0
356,3,10,150,17,0.0
357,3,10,150,17,0.0
358,3,10,150,17,0.26730206653594746
359,3,10,150,17,0.0
360,3,10,150,17,0.06786785134613488
361,3,10,150,17,0.0
362,3,10,150,17,0.0
363,3,10,150,17,0.3135894744923069
364,3,10,150,17,0.0
365,3,10,150,17,0.0
366,3,10,150,17,0.0
367,3,10,150,17,0.09817896789964464
368,3,10,150,17,0.0
369,3,10,150,17,0.0
370,3,10,150,17,0.045683428159663184
371,3,10,150,17,0.0
372,3,10,150,17,0.0734773909038217
373,3,10,150,17,0.2272570281506561
374,3,10,150,17,0.20313634064374775
375,3,10,150,17,0.0
376,3,10,150,17,0.0
377,3,10,150,17,0.0
378,3,10,150,17,0.10008967050681702
379,3,10,150,17,0.09468572710278302
380,3,10,150,17,0.0
381,3,10,150,17,0.0
382,3,10,150,17,0.0
383,3,10,150,17,0.0
384,3,10,150,17,0.0
385,3,10,150,17,0.18825163292939484
386,3,10,150,17,0.0
387,3,10,150,17,0.04743759234968417
388,3,10,150,17,0.0
389,3,10,150,17,0.12039594160621142
390,3,10,150,17,0.21398626473452756
391,3,10,150,17,0.31929664736277147
392,3,10,150,17,0.0
393,3,10,150,17,0.25311298830238155
394,3,10,150,17,0.040334958690002705
395,3,10,150,17,0.051573320538546435
396,3,10,150,17,0.0
397,3,10,150,17,0.0
398,3,10,150,17,0.08777255103968688
399,3,10,150,17,0.0
400,3,10,150,17,0.0
401,3,10,150,17,0.0
402,3,10,150,17,0.424926013816671
403,3,10,150,17,0.0
404,3,10,150,17,0.0
405,3,10,150,17,0.3429995455357105
406,3,10,150,17,0.3037397954594326
407,3,10,150,17,0.12039594160621142
408,3,10,150,17,0.0
409,3,10,150,17,0.17860471324785784
410,3,10,150,17,0.0
411,3,10,150,17,0.0
412,3,10,150,17,0.0
413,3,10,150,17,0.10122860821230018
414,3,10,150,17,0.0
415,3,10,150,17,0.0
416,3,10,150,17,0.19893959993313665
417,3,10,150,17,0.14645141275531826
418,3,10,150,17,0.0
419,3,10,150,17,0.2098021491169666
420,3,10,150,17,0.0
421,3,10,150,17,0.06362078819895171
422,3,10,150,17,0.0
423,3,10,150,17,0.0
424,3,10,150,17,0.13291000263869587
425,3,10,150,17,0.0
426,3,10,150,17,0.08174769334786974
427,3,10,150,17,0.0
428,3,10,150,17,0.0
429,3,10,150,17,0.22242776045041054
430,3,10,150,17,0.062242588308449316
431,3,10,150,17,0.0
432,3,10,150,17,0.0
433,3,10,150,17,0.0
434,3,10,150,17,0.18672776492534796
435,3,10,150,17,0.451473857245015
436,3,10,150,17,0.07879213539011483
437,3,10,150,17,0.0
438,3,10,150,17,0.0
439,3,10,150,17,0.0
440,3,10,150,17,0.04258528250242427
441,3,10,150,17,0.0
442,3,10,150,17,0.07879213539011483
443,3,10,150,17,0.0
444,3,10,150,17,0.19519002499605084
445,3,10,150,17,0.0
446,3,10,150,17,0.0
447,3,10,150,17,0.0955287175221519
448,3,10,150,17,0.0
449,3,10,150,17,0.0
450,3,10,150,17,0.34104705135521374
451,3,10,150,17,0.0
452,3,10,150,17,0.039396067695057414
453,3,10,150,17,0.17821674052022296
454,3,10,150,17,0.0
455,3,10,150,17,0.2973383236976845
456,3,10,150,17,0.24050451197265663
457,3,10,150,17,0.643505069228271
458,3,10,150,17,0.18983375773125225
459,3,10,150,17,0.0
460,3,10,150,17,0.0
461,3,10,150,17,0.10778915452451093
462,3,10,150,17,0.0
463,3,10,150,17,0.15555725495720263
464,3,10,150,17,0.0
465,3,10,150,17,0.07879213539011483
466,3,10,150,17,0.10839950987702417
467,3,10,150,17,0.0
468,3,10,150,17,0.39986887561420764
469,3,10,150,17,0.0
470,3,10,150,17,0.0
471,3,10,150,17,0.0
472,3,10,150,17,0.3362793737010079
473,3,10,150,17,0.0
474,3,10,150,17,0.4834143428503606
475,3,10,150,17,0.0
476,3,10,150,17,0.14686219747979232
477,3,10,150,17,0.0
478,3,10,150,17,0.2973438346003405
479,3,10,150,17,0.1243096766420295
480,3,10,150,17,0.09468572710278302
481,3,10,150,17,0.0
482,3,10,150,17,0.10209739512291163
483,3,10,150,17,0.06194403202282284
484,3,10,150,17,0.282679651238065
485,3,10,150,17,0.0
486,3,10,150,17,0.08335308837477995
487,3,10,150,17,0.1426749530092413
488,3,10,150,17,0.09942460513010813
489,3,10,150,17,0.0
490,3,10,150,17,0.07879213539011483
491,3,10,150,17,0.17758207479178334
492,3,10,150,17,0.0
493,3,10,150,17,0.2657870808163672
494,3,10,150,17,0.0
495,3,10,150,17,0.07879213539011483
496,3,10,150,17,0.04258528250242427
497,3,10,150,17,0.060961917527339995
498,3,10,150,17,0.0
499,3,10,150,17,0.06786785134613488
500,3,10,150,17,0.06786785134613488
501,3,10,150,17,0.0
502,3,10,150,17,0.0
503,3,10,150,17,0.39284816571954406
504,3,10,150,17,0.10839950987702417
505,3,10,150,17,0.0
506,3,10,150,17,0.08950909054324063
507,3,10,150,17,0.0
508,3,10,150,17,0.11758015391118892
509,3,10,150,17,0.0
510,3,10,150,17,0.06835476917178976
511,3,10,150,17,0.0
512,3,10,150,17,0.0
513,3,10,150,17,0.0
514,3,10,150,17,0.31756426530859444
515,3,10,150,17,0.0
516,3,10,150,17,0.07947838320659593
517,3,10,150,17,0.0
518,3,10,150,17,0.0
519,3,10,150,17,0.0
520,3,10,150,17,0.0
521,3,10,150,17,0.15758427078022966
522,3,10,150,17,0.11752277470724268
523,3,10,150,17,0.2015412914599522
524,3,10,150,17,0.08410514713920661
525,3,10,150,17,0.0
526,3,10,150,17,0.0377906726681472
527,3,10,150,17,0.2950691243849706
528,3,10,150,17,0.049712302565054066
529,3,10,150,17,0.0
530,3,10,150,17,0.0
531,3,10,150,17,0.0
532,3,10,150,17,0.26684155757596706
533,3,10,150,17,0.3386167989954751
534,3,10,150,17,0.060961917527339995
535,3,10,150,17,0.36540527090392905
536,3,10,150,17,0.16855805418434683
537,3,10,150,17,0.15712925308849565
538,3,10,150,17,0.13721527779825535
539,3,10,150,17,0.0
540,3,10,150,17,0.0
541,3,10,150,17,0.0455520698635181
542,3,10,150,17,0.07879213539011483
543,3,10,150,17,0.0
544,3,10,150,17,0.0
545,3,10,150,17,0.31769125233586126
546,3,10,150,17,0.0
547,3,10,150,17,0.0
548,3,10,150,17,0.12039594160621142
549,3,10,150,17,0.05502294157452004
550,3,10,150,17,0.0845667599404342
551,3,10,150,17,0.29163666172987596
552,3,10,150,17,0.0
553,3,10,150,17,0.10235135297694252
554,3,10,150,17,0.0
555,3,10,150,17,0.0
556,3,10,150,17,0.1482972305701491
557,3,10,150,17,0.05252809026007655
558,3,10,150,17,0.21398626473452756
559,3,10,150,17,0.0
560,3,10,150,17,0.1403006412997634
561,3,10,150,17,0.14665998673624972
562,3,10,150,17,0.0
563,3,10,150,17,0.05994083762128166
564,3,10,150,17,0.0
565,3,10,150,17,0.0660006550311689
566,3,10,150,17,0.15195269539018466
567,3,10,150,17,0.2917067483076395
568,3,10,150,17,0.0
569,3,10,150,17,0.0
570,3,10,150,17,0.0
571,3,10,150,17,0.0
572,3,10,150,17,0.30260241349881345
573,3,10,150,17,0.0
574,3,10,150,17,0.0
575,3,10,150,17,0.07945707943276742
576,3,10,150,17,0.0
577,3,10,150,17,0.27798021238644105
578,3,10,150,17,0.0
579,3,10,150,17,0.08882702779928671
580,3,10,150,17,0.0
581,3,10,150,17,0.0
582,3,10,150,17,0.07879213539011483
583,3,10,150,17,0.0874717141014082
584,3,10,150,17,0.1491042771925757
585,3,10,150,17,0.060961917527339995
586,3,10,150,17,0.16680686991948854
587,3,10,150,17,0.0
588,3,10,150,17,0.24763153203528643
589,3,10,150,17,0.0
590,3,10,150,17,0.1076424320455391
591,3,10,150,17,0.0377906726681472
592,3,10,150,17,0.283875264534505
593,3,10,150,17,0.12018157083971735
594,3,10,150,17,0.0
595,3,10,150,17,0.0377906726681472
596,3,10,150,17,0.09803928583135704
597,3,10,150,17,0.0
598,3,10,150,17,0.0
599,3,10,150,17,0.0
600,3,10,150,17,0.1924142673433104
601,3,10,150,17,0.304446468260022
602,3,10,150,17,0.0
603,3,10,150,17,0.0845667599404342
604,3,10,150,17,0.0
605,3,10,150,17,0.15513588533395054
606,3,10,150,17,0.3945810043045662
607,3,10,150,17,0.0
608,3,10,150,17,0.27966692281810207
609,3,10,150,17,0.0
610,3,10,150,17,0.0833427425316653
611,3,10,150,17,0.0
612,3,10,150,17,0.09162544430476362
613,3,10,150,17,0.07839826897867533
614,3,10,150,17,0.15758427078022966
615,3,10,150,17,0.0
616,3,10,150,17,0.0
617,3,10,150,17,0.0
618,3,10,150,17,0.15758427078022966
619,3,10,150,17,0.09648511093979907
620,3,10,150,17,0.26409825817108773
621,3,10,150,17,0.07718674036320462
622,3,10,150,17,0.400701236983609
623,3,10,150,17,0.049712302565054066
624,3,10,150,17,0.04258528250242427
625,3,10,150,17,0.12434420525363292
626,3,10,150,17,0.0
627,3,10,150,17,0.20502186312991383
628,3,10,150,17,0.0
629,3,10,150,17,0.24627355121096892
630,3,10,150,17,0.060961917527339995
631,3,10,150,17,0.0
632,3,10,150,17,0.039396067695057414
633,3,10,150,17,0.0
634,3,10,150,17,0.12137741789253911
635,3,10,150,17,0.0
636,3,10,150,17,0.30260241349881345
637,3,10,150,17,0.0
638,3,10,150,17,0.04258528250242427
639,3,10,150,17,0.0
640,3,10,150,17,0.17687229551370948
641,3,10,150,17,0.051358492238643604
642,3,10,150,17,0.3241489572100314
643,3,10,150,17,0.5088635290336994
644,3,10,150,17,0.0
645,3,10,150,17,0.049712302565054066
646,3,10,150,17,0.11243817952384734
647,3,10,150,17,0.040334958690002705
648,3,10,150,17,0.14431500590211993
649,3,10,150,17,0.0
650,3,10,150,17,0.26484818982142194
651,3,10,150,17,0.0
652,3,10,150,17,0.0
653,3,10,150,17,0.2728897144760487
654,3,10,150,17,0.10642092862182338
655,3,10,150,17,0.30463347379798245
656,3,10,150,17,0.0
657,3,10,150,17,0.2073612289146658
658,3,10,150,17,0.060961917527339995
659,3,10,150,17,0.16264663721795258
660,3,10,150,17,0.0
661,3,10,150,17,0.08882702779928671
662,3,10,150,17,0.0
663,3,10,150,17,0.23434939034731744
664,3,10,150,17,0.48894631372919484
665,3,10,150,17,0.07879213539011483
666,3,10,150,17,0.16680686991948854
667,3,10,150,17,0.0
668,3,10,150,17,0.0
669,3,10,150,17,0.3131573081031084
670,3,10,150,17,0.0
671,3,10,150,17,0.301489471647011
672,3,10,150,17,0.048159222084064895
673,3,10,150,17,0.0
674,3,10,150,17,0.0
675,3,10,150,17,0.0
676,3,10,150,17,0.30681156814831223
677,3,10,150,17,0.0
678,3,10,150,17,0.0
679,3,10,150,17,0.08429197936972523
680,3,10,150,17,0.0
681,3,10,150,17,0.0
682,3,10,150,17,0.6180092254913366
683,3,10,150,17,0.040334958690002705
684,3,10,150,17,0.0561326498270945
685,3,10,150,17,0.0
686,3,10,150,17,0.10168471969061259
687,3,10,150,17,0.0
688,3,10,150,17,0.0
689,3,10,150,17,0.2976534651601345
690,3,10,150,17,0.3468295400189036
691,3,10,150,17,0.5056224428183818
692,3,10,150,17,0.0
693,3,10,150,17,0.1072639190411923
694,3,10,150,17,0.19454776864069187
695,3,10,150,17,0.0
696,3,10,150,17,0.0
697,3,10,150,17,0.0
698,3,10,150,17,0.0
699,3,10,150,17,0.0377906726681472
700,3,10,150,17,0.0
701,3,10,150,17,0.050259389402918644
702,3,10,150,17,0.0
703,3,10,150,17,0.15555725495720263
704,3,10,150,17,0.049712302565054066
705,3,10,150,17,0.2570088759103378
706,3,10,150,17,0.0
707,3,10,150,17,0.32403373683710374
708,3,10,150,17,0.0
709,3,10,150,17,0.13368702051708087
710,3,10,150,17,0.31709442954811407
711,3,10,150,17,0.17915012061251223
712,3,10,150,17,0.049712302565054066
713,3,10,150,17,0.0
714,3,10,150,17,0.06786785134613488
715,3,10,150,17,0.29344794699238425
716,3,10,150,17,0.32395089557617385
717,3,10,150,17,0.0987525901954872
718,3,10,150,17,0.0
719,3,10,150,17,0.09031876292822374
720,3,10,150,17,0.0
721,3,10,150,17,0.09192415795513395
722,3,10,150,17,0.04173963774222741
723,3,10,150,17,0.0
724,3,10,150,17,0.0
725,3,10,150,17,0.0
726,3,10,150,17,0.0
727,3,10,150,17,0.14392270328948326
728,3,10,150,17,0.0
729,3,10,150,17,0.0
730,3,10,150,17,0.0
731,3,10,150,17,0.09942460513010813
732,3,10,150,17,0.0
733,3,10,150,17,0.0
734,3,10,150,17,0.09871793232951877
735,3,10,150,17,0.04743759234968417
736,3,10,150,17,0.0
737,3,10,150,17,0.12127716502890909
738,3,10,150,17,0.1369466828929248
739,3,10,150,17,0.14538754575968496
740,3,10,150,17,0.0
741,3,10,150,17,0.05252809026007655
742,3,10,150,17,0.0
743,3,10,150,17,0.049043960636177025
744,3,10,150,17,0.0
745,3,10,150,17,0.049712302565054066
746,3,10,150,17,0.21660231991316176
747,3,10,150,17,0.19249218405902366
748,3,10,150,17,0.060961917527339995
749,3,10,150,17,0.3999320313844815
750,3,10,150,17,0.0
751,3,10,150,17,0.0
752,3,10,150,17,0.0
753,3,10,150,17,0.0
754,3,10,150,17,0.0
755,3,10,150,17,0.0
756,3,10,150,17,0.06786785134613488
757,3,10,150,17,0.09942460513010813
758,3,10,150,17,0.19736831120292195
759,3,10,150,17,0.0
760,3,10,150,17,0.04568304891751105
761,3,10,150,17,0.05252809026007655
762,3,10,150,17,0.0
763,3,10,150,17,0.0
764,3,10,150,17,0.0
765,3,10,150,17,0.0
766,3,10,150,17,0.0763437499438357
767,3,10,150,17,0.049710505523782283
768,3,10,150,17,0.0561326498270945
769,3,10,150,17,0.0
770,3,10,150,17,0.19698033847528706
771,3,10,150,17,0.0
772,3,10,150,17,0.0
773,3,10,150,17,0.23731529716528976
774,3,10,150,17,0.0
775,3,10,150,17,0.0
776,3,10,150,17,0.0
777,3,10,150,17,0.0
778,3,10,150,17,0.09942460513010813
779,3,10,150,17,0.0
780,3,10,150,17,0.060961917527339995
781,3,10,150,17,0.07055658259096848
782,3,10,150,17,0.0
783,3,10,150,17,0.0
784,3,10,150,17,0.0
785,3,10,150,17,0.15130120674940672
786,3,10,150,17,0.15098479237944845
787,3,10,150,17,0.0
788,3,10,150,17,0.0377906726681472
789,3,10,150,17,0.07745351606183934
790,3,10,150,17,0.13882067282516555
791,3,10,150,17,0.0
792,3,10,150,17,0.059109628562248356
793,3,10,150,17,0.08021827351724287
794,3,10,150,17,0.08021827351724287
795,3,10,150,17,0.09942460513010813
796,3,10,150,17,0.09511337276250081
797,3,10,150,17,0.13905617951077562
798,3,10,150,17,0.0
799,3,10,150,17,0.2836929289153804
800,3,10,150,17,0.0
801,3,10,150,17,0.0
802,3,10,150,17,0.05621908976192367
803,3,10,150,17,0.0
804,3,10,150,17,0.44361876096825476
805,3,10,150,17,0.23731529716528976
806,3,10,150,17,0.08174769334786974
807,3,10,150,17,0.2101123610403062
808,3,10,150,17,0.0
809,3,10,150,17,0.0
810,3,10,150,17,0.0
811,3,10,150,17,0.0
812,3,10,150,17,0.0
813,3,10,150,17,0.0
814,3,10,150,17,0.0
815,3,10,150,17,0.0
816,3,10,150,17,0.0
817,3,10,150,17,0.0
818,3,10,150,17,0.0
819,3,10,150,17,0.0
820,3,10,150,17,0.0
821,3,10,150,17,0.0
822,3,10,150,17,0.0
823,3,10,150,17,0.10357024217677867
824,3,10,150,17,0.0
825,3,10,150,17,0.2050831291443902
826,3,10,150,17,0.04455257454866284
827,3,10,150,17,0.0
828,3,10,150,17,0.0
829,3,10,150,17,0.0
830,3,10,150,17,0.0561326498270945
831,3,10,150,17,0.0
832,3,10,150,17,0.0
833,3,10,150,17,0.08599066962537269
834,3,10,150,17,0.0
835,3,10,150,17,0.04191911005669532
836,3,10,150,17,0.0
837,3,10,150,17,0.0
838,3,10,150,17,0.08633629724227374
839,3,10,150,17,0.0
840,3,10,150,17,0.08494813755857551
841,3,10,150,17,0.0
842,3,10,150,17,0.0
843,3,10,150,17,0.05252809026007655
844,3,10,150,17,0.0
845,3,10,150,17,0.0
846,3,10,150,17,0.09108116753576506
847,3,10,150,17,0.0
848,3,10,150,17,0.0
849,3,10,150,17,0.0
850,3,10,150,17,0.0
851,3,10,150,17,0.1637733768567814
852,3,10,150,17,0.07256783117062009
853,3,10,150,17,0.0
854,3,10,150,17,0.0
855,3,10,150,17,0.0
856,3,10,150,17,0.0
857,3,10,150,17,0.0
858,3,10,150,17,0.0
859,3,10,150,17,0.0
860,3,10,150,17,0.0
861,3,10,150,17,0.0
862,3,10,150,17,0.0
863,3,10,150,17,0.0
864,3,10,150,17,0.11884821741484687
865,3,10,150,17,0.0
866,3,10,150,17,0.0
867,3,10,150,17,0.13120507751234178
868,3,10,150,17,0.0
870,3,10,150,17,0.0
871,3,10,150,17,0.0
872,3,10,150,17,0.0
875,3,10,150,17,0.0
876,3,10,150,17,0.0
877,3,10,150,17,0.0
1,3,10,150,18,1.0
2,3,10,150,18,0.06362078819895171
3,3,10,150,18,0.0
4,3,10,150,18,0.0
5,3,10,150,18,0.0
6,3,10,150,18,0.07597375654860733
7,3,10,150,18,0.19300952860642695
8,3,10,150,18,0.0
9,3,10,150,18,0.0
10,3,10,150,18,0.16409920264511527
11,3,10,150,18,0.0
12,3,10,150,18,0.0
13,3,10,150,18,0.1525283108856616
14,3,10,150,18,0.0
15,3,10,150,18,0.0
16,3,10,150,18,0.05878132199396477
17,3,10,150,18,0.0
18,3,10,150,18,0.17816183754696346
19,3,10,150,18,0.0
20,3,10,150,18,0.0
21,3,10,150,18,0.037174041452749815
22,3,10,150,18,0.0
23,3,10,150,18,0.18838642100195116
24,3,10,150,18,0.09785159463516042
25,3,10,150,18,0.0
26,3,10,150,18,0.0
28,3,10,150,18,0.0
29,3,10,150,18,0.0
30,3,10,150,18,0.0979129253499678
31,3,10,150,18,0.0
32,3,10,150,18,0.0
33,3,10,150,18,0.0
34,3,10,150,18,0.0
35,3,10,150,18,0.0
37,3,10,150,18,0.0
38,3,10,150,18,0.0
39,3,10,150,18,0.0
40,3,10,150,18,0.0
41,3,10,150,18,0.0
42,3,10,150,18,0.09031879038481141
43,3,10,150,18,0.30551319114224285
44,3,10,150,18,0.04195229264874745
45,3,10,150,18,0.0
46,3,10,150,18,0.14434031438272124
47,3,10,150,18,0.0
48,3,10,150,18,0.0874717141014082
49,3,10,150,18,0.091298837681168
50,3,10,150,18,0.0
51,3,10,150,18,0.18953836965473142
52,3,10,150,18,0.0
53,3,10,150,18,0.09546043308946733
54,3,10,150,18,0.07984133538066794
55,3,10,150,18,0.0
56,3,10,150,18,0.05412479622841819
57,3,10,150,18,0.0
58,3,10,150,18,0.0
59,3,10,150,18,0.10534917561356154
60,3,10,150,18,0.05878132199396477
61,3,10,150,18,0.0
62,3,10,150,18,0.050649171032404884
63,3,10,150,18,0.0
64,3,10,150,18,0.0
65,3,10,150,18,0.26359514085347857
66,3,10,150,18,0.0
67,3,10,150,18,0.0
68,3,10,150,18,0.0
69,3,10,150,18,0.0
70,3,10,150,18,0.0
71,3,10,150,18,0.0
72,3,10,150,18,0.16084022171949366
73,3,10,150,18,0.0
74,3,10,150,18,0.0
75,3,10,150,18,0.11731968150568911
76,3,10,150,18,0.05947719272904215
77,3,10,150,18,0.33958467175585033
78,3,10,150,18,0.0
79,3,10,150,18,0.0
80,3,10,150,18,0.08297572808511901
81,3,10,150,18,0.0
82,3,10,150,18,0.043922681482881344
83,3,10,150,18,0.047934103497110726
84,3,10,150,18,0.0
85,3,10,150,18,0.09586820699422145
86,3,10,150,18,0.0
87,3,10,150,18,0.043922681482881344
88,3,10,150,18,0.0
89,3,10,150,18,0.18672776492534796
90,3,10,150,18,0.2537182297699053
91,3,10,150,18,0.13114221140465185
92,3,10,150,18,0.07815448583467903
93,3,10,150,18,0.0
94,3,10,150,18,0.18993439137151832
95,3,10,150,18,0.05412479622841819
96,3,10,150,18,0.0
97,3,10,150,18,0.05502294157452004
98,3,10,150,18,0.0
99,3,10,150,18,0.0
100,3,10,150,18,0.0
101,3,10,150,18,0.0
102,3,10,150,18,0.0
103,3,10,150,18,0.0
104,3,10,150,18,0.12171451575741458
106,3,10,150,18,0.0
107,3,10,150,18,0.0
108,3,10,150,18,0.0
109,3,10,150,18,0.038892185327126634
110,3,10,150,18,0.041062015509212284
111,3,10,150,18,0.0
112,3,10,150,18,0.0
113,3,10,150,18,0.0
114,3,10,150,18,0.0
115,3,10,150,18,0.046806851959664796
116,3,10,150,18,0.03643890790473651
117,3,10,150,18,0.0
118,3,10,150,18,0.0
119,3,10,150,18,0.0
121,3,10,150,18,0.0
122,3,10,150,18,0.0
123,3,10,150,18,0.46927872602275644
124,3,10,150,18,0.10889376106823218
125,3,10,150,18,0.11241266445334383
126,3,10,150,18,0.0
127,3,10,150,18,0.0
128,3,10,150,18,0.0
129,3,10,150,18,0.0
130,3,10,150,18,0.037174041452749815
131,3,10,150,18,0.19519002499605084
132,3,10,150,18,0.09109240322345806
133,3,10,150,18,0.0
134,3,10,150,18,0.0
135,3,10,150,18,0.0
136,3,10,150,18,0.26687965254220064
137,3,10,150,18,0.0
138,3,10,150,18,0.13012668333070054
139,3,10,150,18,0.0
140,3,10,150,18,0.0
141,3,10,150,18,0.15194751309721466
142,3,10,150,18,0.30260241349881345
143,3,10,150,18,0.0
144,3,10,150,18,0.19380350442821684
145,3,10,150,18,0.0
146,3,10,150,18,0.0
147,3,10,150,18,0.0
148,3,10,150,18,0.0
149,3,10,150,18,0.0
150,3,10,150,18,0.0
151,3,10,150,18,0.0
152,3,10,150,18,0.0
153,3,10,150,18,0.0
154,3,10,150,18,0.0
155,3,10,150,18,0.0
156,3,10,150,18,0.0
157,3,10,150,18,0.0
158,3,10,150,18,0.07597375654860733
159,3,10,150,18,0.12171451575741458
160,3,10,150,18,0.0
161,3,10,150,18,0.0
162,3,10,150,18,0.0
163,3,10,150,18,0.0
164,3,10,150,18,0.0
165,3,10,150,18,0.0
166,3,10,150,18,0.0
167,3,10,150,18,0.0
168,3,10,150,18,0.0
169,3,10,150,18,0.0
170,3,10,150,18,0.0
171,3,10,150,18,0.0
172,3,10,150,18,0.0
173,3,10,150,18,0.0
174,3,10,150,18,0.0
175,3,10,150,18,0.3761635367652849
176,3,10,150,18,0.0
177,3,10,150,18,0.0
178,3,10,150,18,0.22929922696345836
179,3,10,150,18,0.0
180,3,10,150,18,0.0
181,3,10,150,18,0.041062015509212284
182,3,10,150,18,0.13120507751234178
183,3,10,150,18,0.0
184,3,10,150,18,0.0
185,3,10,150,18,0.0
186,3,10,150,18,0.0
187,3,10,150,18,0.09162544430476362
188,3,10,150,18,0.0
189,3,10,150,18,0.19185645676225596
190,3,10,150,18,0.0
191,3,10,150,18,0.0
192,3,10,150,18,0.0
193,3,10,150,18,0.0
194,3,10,150,18,0.05412479622841819
195,3,10,150,18,0.061734604266276284
196,3,10,150,18,0.17342765698823945
197,3,10,150,18,0.0
198,3,10,150,18,0.14141398849712755
199,3,10,150,18,0.0
200,3,10,150,18,0.037986878274303665
201,3,10,150,18,0.3065970420854009
202,3,10,150,18,0.0
203,3,10,150,18,0.0
204,3,10,150,18,0.0
205,3,10,150,18,0.0
206,3,10,150,18,0.0
207,3,10,150,18,0.0
208,3,10,150,18,0.0
209,3,10,150,18,0.0
210,3,10,150,18,0.0
211,3,10,150,18,0.0
212,3,10,150,18,0.0
213,3,10,150,18,0.051573320538546435
214,3,10,150,18,0.1257260924843343
215,3,10,150,18,0.157288596461893
216,3,10,150,18,0.23638054485503615
217,3,10,150,18,0.04972780777662495
218,3,10,150,18,0.06323567569191428
219,3,10,150,18,0.0
220,3,10,150,18,0.0
221,3,10,150,18,0.11989643803148868
222,3,10,150,18,0.18978518182381324
223,3,10,150,18,0.0
224,3,10,150,18,0.0
225,3,10,150,18,0.0
226,3,10,150,18,0.0
227,3,10,150,18,0.0
229,3,10,150,18,0.0
230,3,10,150,18,0.0
231,3,10,150,18,0.0
232,3,10,150,18,0.0
233,3,10,150,18,0.09522022989870128
234,3,10,150,18,0.195870194580096
235,3,10,150,18,0.04622440829742681
236,3,10,150,18,0.09457185251528621
237,3,10,150,18,0.0
238,3,10,150,18,0.0
239,3,10,150,18,0.0
240,3,10,150,18,0.0
241,3,10,150,18,0.07123530534387781
242,3,10,150,18,0.0
243,3,10,150,18,0.0
244,3,10,150,18,0.18838642100195116
245,3,10,150,18,0.0
246,3,10,150,18,0.0
247,3,10,150,18,0.15642624200758548
248,3,10,150,18,0.11838279295536291
249,3,10,150,18,0.15194751309721466
250,3,10,150,18,0.045740759208807255
251,3,10,150,18,0.0
252,3,10,150,18,0.0
253,3,10,150,18,0.0
254,3,10,150,18,0.043922681482881344
255,3,10,150,18,0.04610512027589789
256,3,10,150,18,0.0
257,3,10,150,18,0.0647083388415595
258,3,10,150,18,0.0
259,3,10,150,18,0.0
260,3,10,150,18,0.0
261,3,10,150,18,0.0
262,3,10,150,18,0.0
263,3,10,150,18,0.24793125633783572
264,3,10,150,18,0.22972462709034727
265,3,10,150,18,0.19802572813668026
266,3,10,150,18,0.0
267,3,10,150,18,0.15905873071497403
268,3,10,150,18,0.18049283428670063
269,3,10,150,18,0.0
270,3,10,150,18,0.0
271,3,10,150,18,0.047934103497110726
272,3,10,150,18,0.0
273,3,10,150,18,0.0
274,3,10,150,18,0.0
275,3,10,150,18,0.0
276,3,10,150,18,0.36980182339538914
277,3,10,150,18,0.0
278,3,10,150,18,0.0
279,3,10,150,18,0.17274727059565176
280,3,10,150,18,0.11703577205781962
281,3,10,150,18,0.0
282,3,10,150,18,0.0
283,3,10,150,18,0.0
284,3,10,150,18,0.0
285,3,10,150,18,0.0
286,3,10,150,18,0.0
287,3,10,150,18,0.0
288,3,10,150,18,0.0
289,3,10,150,18,0.0
290,3,10,150,18,0.1160894029809251
291,3,10,150,18,0.23304423603284583
292,3,10,150,18,0.19765598330367803
293,3,10,150,18,0.05412479622841819
294,3,10,150,18,0.0
295,3,10,150,18,0.0
296,3,10,150,18,0.10235135297694252
297,3,10,150,18,0.0
298,3,10,150,18,0.041062015509212284
299,3,10,150,18,0.10534917561356154
300,3,10,150,18,0.0
301,3,10,150,18,0.20259668412961954
302,3,10,150,18,0.0
303,3,10,150,18,0.2217755778847454
304,3,10,150,18,0.0
305,3,10,150,18,0.08682628882423737
306,3,10,150,18,0.0
307,3,10,150,18,0.0
308,3,10,150,18,0.06544023194852022
309,3,10,150,18,0.0
310,3,10,150,18,0.2890648263178879
311,3,10,150,18,0.21657490822418105
312,3,10,150,18,0.11118099115732748
313,3,10,150,18,0.04238468688770069
314,3,10,150,18,0.11486594187573396
315,3,10,150,18,0.09785159463516042
316,3,10,150,18,0.0
317,3,10,150,18,0.0
318,3,10,150,18,0.03643890790473651
319,3,10,150,18,0.0
320,3,10,150,18,0.0
321,3,10,150,18,0.0
322,3,10,150,18,0.0
323,3,10,150,18,0.08041927109478651
324,3,10,150,18,0.0
325,3,10,150,18,0.0
326,3,10,150,18,0.10205889972552892
327,3,10,150,18,0.0
328,3,10,150,18,0.1300985527770255
329,3,10,150,18,0.0
330,3,10,150,18,0.23442938795657506
331,3,10,150,18,0.0
332,3,10,150,18,0.0
333,3,10,150,18,0.0
334,3,10,150,18,0.21738774504573488
335,3,10,150,18,0.0
336,3,10,150,18,0.0
337,3,10,150,18,0.09992090652113537
338,3,10,150,18,0.0
339,3,10,150,18,0.1587777956287761
340,3,10,150,18,0.12647135138382856
341,3,10,150,18,0.0
342,3,10,150,18,0.0
343,3,10,150,18,0.36238664803058246
344,3,10,150,18,0.13174589396803604
345,3,10,150,18,0.18993439137151832
346,3,10,150,18,0.09185678497999207
347,3,10,150,18,0.037174041452749815
348,3,10,150,18,0.0
349,3,10,150,18,0.07123530534387781
350,3,10,150,18,0.0845667599404342
351,3,10,150,18,0.0
352,3,10,150,18,0.11543235174412686
353,3,10,150,18,0.0
354,3,10,150,18,0.0
355,3,10,150,18,0.0
356,3,10,150,18,0.0
357,3,10,150,18,0.0
358,3,10,150,18,0.26730206653594746
359,3,10,150,18,0.0
360,3,10,150,18,0.10496459329418281
361,3,10,150,18,0.0
362,3,10,150,18,0.0
363,3,10,150,18,0.30237244203782854
364,3,10,150,18,0.0
365,3,10,150,18,0.0
366,3,10,150,18,0.0
367,3,10,150,18,0.09817896789964464
368,3,10,150,18,0.0
369,3,10,150,18,0.0
370,3,10,150,18,0.045683428159663184
371,3,10,150,18,0.0
372,3,10,150,18,0.0734773909038217
373,3,10,150,18,0.21912808994441935
374,3,10,150,18,0.195870194580096
375,3,10,150,18,0.0
376,3,10,150,18,0.0
377,3,10,150,18,0.0
378,3,10,150,18,0.09650948311611887
379,3,10,150,18,0.091298837681168
380,3,10,150,18,0.0
381,3,10,150,18,0.0
382,3,10,150,18,0.0
383,3,10,150,18,0.0
384,3,10,150,18,0.0
385,3,10,150,18,0.18151790986807004
386,3,10,150,18,0.0
387,3,10,150,18,0.045740759208807255
388,3,10,150,18,0.0
389,3,10,150,18,0.1160894029809251
390,3,10,150,18,0.21398626473452756
391,3,10,150,18,0.3078754704821609
392,3,10,150,18,0.035769798946978335
393,3,10,150,18,0.2440591875999365
394,3,10,150,18,0.038892185327126634
395,3,10,150,18,0.051573320538546435
396,3,10,150,18,0.0
397,3,10,150,18,0.0
398,3,10,150,18,0.08463294453593388
399,3,10,150,18,0.0
400,3,10,150,18,0.0
401,3,10,150,18,0.0
402,3,10,150,18,0.424926013816671
403,3,10,150,18,0.0
404,3,10,150,18,0.0
405,3,10,150,18,0.3307305207529932
406,3,10,150,18,0.29287508404365237
407,3,10,150,18,0.1160894029809251
408,3,10,150,18,0.0
409,3,10,150,18,0.17221605856399927
410,3,10,150,18,0.0
411,3,10,150,18,0.040162930685297936
412,3,10,150,18,0.0
413,3,10,150,18,0.10122860821230018
414,3,10,150,18,0.0
415,3,10,150,18,0.0
416,3,10,150,18,0.22759336938791438
417,3,10,150,18,0.14121287516555958
418,3,10,150,18,0.0
419,3,10,150,18,0.2098021491169666
420,3,10,150,18,0.0
421,3,10,150,18,0.06362078819895171
422,3,10,150,18,0.0
423,3,10,150,18,0.0
424,3,10,150,18,0.13291000263869587
425,3,10,150,18,0.0
426,3,10,150,18,0.0788235947924372
427,3,10,150,18,0.0
428,3,10,150,18,0.0
429,3,10,150,18,0.25024136312585105
430,3,10,150,18,0.062242588308449316
431,3,10,150,18,0.0
432,3,10,150,18,0.0
433,3,10,150,18,0.0
434,3,10,150,18,0.18672776492534796
435,3,10,150,18,0.43532472814154405
436,3,10,150,18,0.07597375654860733
437,3,10,150,18,0.0
438,3,10,150,18,0.0
439,3,10,150,18,0.0
440,3,10,150,18,0.04258528250242427
441,3,10,150,18,0.0
442,3,10,150,18,0.07597375654860733
443,3,10,150,18,0.0
444,3,10,150,18,0.19519002499605084
445,3,10,150,18,0.0
446,3,10,150,18,0.0
447,3,10,150,18,0.09211167450272184
448,3,10,150,18,0.0
449,3,10,150,18,0.0
450,3,10,150,18,0.3646176658437563
451,3,10,150,18,0.0
452,3,10,150,18,0.037986878274303665
453,3,10,150,18,0.1718419635428288
454,3,10,150,18,0.0
455,3,10,150,18,0.28670259163978673
456,3,10,150,18,0.23190171393355358
457,3,10,150,18,0.6204870222806144
458,3,10,150,18,0.18304344238385598
459,3,10,150,18,0.0
460,3,10,150,18,0.0
461,3,10,150,18,0.10778915452451093
462,3,10,150,18,0.04622440829742681
463,3,10,150,18,0.14999300322263964
464,3,10,150,18,0.0
465,3,10,150,18,0.07597375654860733
466,3,10,150,18,0.10452208120277204
467,3,10,150,18,0.0
468,3,10,150,18,0.4213354452753115
469,3,10,150,18,0.0
470,3,10,150,18,0.040162930685297936
471,3,10,150,18,0.0
472,3,10,150,18,0.32425072811370703
473,3,10,150,18,0.0
474,3,10,150,18,0.4661227089985176
475,3,10,150,18,0.0
476,3,10,150,18,0.1416089662030287
477,3,10,150,18,0.0
478,3,10,150,18,0.2867079054185627
479,3,10,150,18,0.11986314450138022
480,3,10,150,18,0.091298837681168
481,3,10,150,18,0.0
482,3,10,150,18,0.10209739512291163
483,3,10,150,18,0.06194403202282284
484,3,10,150,18,0.2725682569468775
485,3,10,150,18,0.0
486,3,10,150,18,0.08037156516200436
487,3,10,150,18,0.13757149862533116
488,3,10,150,18,0.09586820699422145
489,3,10,150,18,0.0
490,3,10,150,18,0.07597375654860733
491,3,10,150,18,0.17758207479178334
492,3,10,150,18,0.0
493,3,10,150,18,0.2562799303728615
494,3,10,150,18,0.0
495,3,10,150,18,0.07597375654860733
496,3,10,150,18,0.041062015509212284
497,3,10,150,18,0.05878132199396477
498,3,10,150,18,0.0
499,3,10,150,18,0.06544023194852022
500,3,10,150,18,0.06544023194852022
501,3,10,150,18,0.0
502,3,10,150,18,0.0
503,3,10,150,18,0.37879606581506675
504,3,10,150,18,0.10452208120277204
505,3,10,150,18,0.0
506,3,10,150,18,0.08630736837058203
507,3,10,150,18,0.0
508,3,10,150,18,0.11337433544563094
509,3,10,150,18,0.0
510,3,10,150,18,0.06835476917178976
511,3,10,150,18,0.0
512,3,10,150,18,0.0
513,3,10,150,18,0.0
514,3,10,150,18,0.3419748543327395
515,3,10,150,18,0.0
516,3,10,150,18,0.07947838320659593
517,3,10,150,18,0.0
518,3,10,150,18,0.0
519,3,10,150,18,0.0
520,3,10,150,18,0.0
521,3,10,150,18,0.15194751309721466
522,3,10,150,18,0.11752277470724268
523,3,10,150,18,0.19433219998491535
524,3,10,150,18,0.08109672293563117
525,3,10,150,18,0.035769798946978335
526,3,10,150,18,0.03643890790473651
527,3,10,150,18,0.2845145611302593
528,3,10,150,18,0.047934103497110726
529,3,10,150,18,0.0
530,3,10,150,18,0.0
531,3,10,150,18,0.0
532,3,10,150,18,0.2930664876577545
533,3,10,150,18,0.3265045441753376
534,3,10,150,18,0.05878132199396477
535,3,10,150,18,0.35233479782952937
536,3,10,150,18,0.16252876647527886
537,3,10,150,18,0.18727857024380962
538,3,10,150,18,0.13230711489895797
539,3,10,150,18,0.0
540,3,10,150,18,0.0
541,3,10,150,18,0.07969248042985969
542,3,10,150,18,0.07597375654860733
543,3,10,150,18,0.0
544,3,10,150,18,0.0
545,3,10,150,18,0.30632750011259374
546,3,10,150,18,0.0
547,3,10,150,18,0.0
548,3,10,150,18,0.1160894029809251
549,3,10,150,18,0.05502294157452004
550,3,10,150,18,0.0845667599404342
551,3,10,150,18,0.28120487697423036
552,3,10,150,18,0.0
553,3,10,150,18,0.09869026565900609
554,3,10,150,18,0.0
555,3,10,150,18,0.0
556,3,10,150,18,0.1482972305701491
557,3,10,150,18,0.050649171032404884
558,3,10,150,18,0.21398626473452756
559,3,10,150,18,0.0
560,3,10,150,18,0.13528211556833877
561,3,10,150,18,0.14141398849712755
562,3,10,150,18,0.0
563,3,10,150,18,0.05994083762128166
564,3,10,150,18,0.0
565,3,10,150,18,0.10616358571646685
566,3,10,150,18,0.14651737802662632
567,3,10,150,18,0.2812724565691984
568,3,10,150,18,0.0
569,3,10,150,18,0.0
570,3,10,150,18,0.0
571,3,10,150,18,0.0
572,3,10,150,18,0.30260241349881345
573,3,10,150,18,0.0
574,3,10,150,18,0.0
575,3,10,150,18,0.07945707943276742
576,3,10,150,18,0.0
577,3,10,150,18,0.26803691607813973
578,3,10,150,18,0.0
579,3,10,150,18,0.08564970287384857
580,3,10,150,18,0.0
581,3,10,150,18,0.0
582,3,10,150,18,0.07597375654860733
583,3,10,150,18,0.0874717141014082
584,3,10,150,18,0.1491042771925757
585,3,10,150,18,0.05878132199396477
586,3,10,150,18,0.16084022171949366
587,3,10,150,18,0.0
588,3,10,150,18,0.2745436008684303
589,3,10,150,18,0.0
590,3,10,150,18,0.1076424320455391
591,3,10,150,18,0.03643890790473651
592,3,10,150,18,0.30949090234306387
593,3,10,150,18,0.11588270021364863
594,3,10,150,18,0.0
595,3,10,150,18,0.03643890790473651
596,3,10,150,18,0.09803928583135704
597,3,10,150,18,0.0
598,3,10,150,18,0.0
599,3,10,150,18,0.0
600,3,10,150,18,0.18553164768591007
601,3,10,150,18,0.29355647930024337
602,3,10,150,18,0.0
603,3,10,150,18,0.0845667599404342
604,3,10,150,18,0.0
605,3,10,150,18,0.14958670590609366
606,3,10,150,18,0.3804669211122951
607,3,10,150,18,0.0
608,3,10,150,18,0.26966329321677845
609,3,10,150,18,0.0
610,3,10,150,18,0.08036158938761785
611,3,10,150,18,0.0
612,3,10,150,18,0.09162544430476362
613,3,10,150,18,0.07839826897867533
614,3,10,150,18,0.15194751309721466
615,3,10,150,18,0.035769798946978335
616,3,10,150,18,0.0
617,3,10,150,18,0.0
618,3,10,150,18,0.15194751309721466
619,3,10,150,18,0.1288036568670839
620,3,10,150,18,0.25465151657406077
621,3,10,150,18,0.07442578617904018
622,3,10,150,18,0.3863682342988998
623,3,10,150,18,0.047934103497110726
624,3,10,150,18,0.041062015509212284
625,3,10,150,18,0.11989643803148868
626,3,10,150,18,0.0
627,3,10,150,18,0.19768827230602193
628,3,10,150,18,0.0
629,3,10,150,18,0.2732341947451725
630,3,10,150,18,0.05878132199396477
631,3,10,150,18,0.0
632,3,10,150,18,0.037986878274303665
633,3,10,150,18,0.0
634,3,10,150,18,0.11703577205781962
635,3,10,150,18,0.0
636,3,10,150,18,0.30260241349881345
637,3,10,150,18,0.0
638,3,10,150,18,0.041062015509212284
639,3,10,150,18,0.0
640,3,10,150,18,0.17054560906389354
641,3,10,150,18,0.051358492238643604
642,3,10,150,18,0.34832401312873423
643,3,10,150,18,0.49066158290871414
644,3,10,150,18,0.0
645,3,10,150,18,0.047934103497110726
646,3,10,150,18,0.11243817952384734
647,3,10,150,18,0.038892185327126634
648,3,10,150,18,0.13915288715596913
649,3,10,150,18,0.0
650,3,10,150,18,0.2553746233200385
651,3,10,150,18,0.0
652,3,10,150,18,0.0
653,3,10,150,18,0.26312850425454215
654,3,10,150,18,0.10261427340127004
655,3,10,150,18,0.32950659463468734
656,3,10,150,18,0.0
657,3,10,150,18,0.2073612289146658
658,3,10,150,18,0.05878132199396477
659,3,10,150,18,0.1568287997052643
660,3,10,150,18,0.0
661,3,10,150,18,0.08564970287384857
662,3,10,150,18,0.0
663,3,10,150,18,0.22596675977124697
664,3,10,150,18,0.4714568023912354
665,3,10,150,18,0.07597375654860733
666,3,10,150,18,0.16084022171949366
667,3,10,150,18,0.0
668,3,10,150,18,0.0
669,3,10,150,18,0.30195573415348326
670,3,10,150,18,0.0
671,3,10,150,18,0.2907052538615667
672,3,10,150,18,0.048159222084064895
673,3,10,150,18,0.0
674,3,10,150,18,0.0
675,3,10,150,18,0.0
676,3,10,150,18,0.29583698004104
677,3,10,150,18,0.0
678,3,10,150,18,0.0
679,3,10,150,18,0.08127687221482732
680,3,10,150,18,0.0
681,3,10,150,18,0.0
682,3,10,150,18,0.5959031597481338
683,3,10,150,18,0.038892185327126634
684,3,10,150,18,0.05412479622841819
685,3,10,150,18,0.0
686,3,10,150,18,0.09804747771129953
687,3,10,150,18,0.0
688,3,10,150,18,0.0
689,3,10,150,18,0.2976534651601345
690,3,10,150,18,0.3701933160505328
691,3,10,150,18,0.5056224428183818
692,3,10,150,18,0.0
693,3,10,150,18,0.10342711022282389
694,3,10,150,18,0.18758883407083107
695,3,10,150,18,0.0
696,3,10,150,18,0.0
697,3,10,150,18,0.0
698,3,10,150,18,0.0
699,3,10,150,18,0.03643890790473651
700,3,10,150,18,0.0
701,3,10,150,18,0.050259389402918644
702,3,10,150,18,0.0
703,3,10,150,18,0.15555725495720263
704,3,10,150,18,0.047934103497110726
705,3,10,150,18,0.2478157200914361
706,3,10,150,18,0.0
707,3,10,150,18,0.3482129141653808
708,3,10,150,18,0.0
709,3,10,150,18,0.1289050626713643
710,3,10,150,18,0.30575202555597125
711,3,10,150,18,0.17274195681687576
712,3,10,150,18,0.047934103497110726
713,3,10,150,18,0.0
714,3,10,150,18,0.06786785134613488
715,3,10,150,18,0.2829513729270631
716,3,10,150,18,0.3123632371727206
717,3,10,150,18,0.09522022989870128
718,3,10,150,18,0.0
719,3,10,150,18,0.08708807893714138
720,3,10,150,18,0.0
721,3,10,150,18,0.08863604930670854
722,3,10,150,18,0.04173963774222741
723,3,10,150,18,0.0
724,3,10,150,18,0.0
725,3,10,150,18,0.0
726,3,10,150,18,0.0
727,3,10,150,18,0.1387746171289128
728,3,10,150,18,0.0
729,3,10,150,18,0.0
730,3,10,150,18,0.0
731,3,10,150,18,0.1316380059411998
732,3,10,150,18,0.0
733,3,10,150,18,0.0
734,3,10,150,18,0.09518681173763048
735,3,10,150,18,0.08151055815578559
736,3,10,150,18,0.0
737,3,10,150,18,0.12127716502890909
738,3,10,150,18,0.16781792652636762
739,3,10,150,18,0.14538754575968496
740,3,10,150,18,0.0
741,3,10,150,18,0.050649171032404884
742,3,10,150,18,0.0
743,3,10,150,18,0.049043960636177025
744,3,10,150,18,0.0
745,3,10,150,18,0.08370390244408907
746,3,10,150,18,0.2088544984784189
747,3,10,150,18,0.18560677733636766
748,3,10,150,18,0.05878132199396477
749,3,10,150,18,0.4213963419763804
750,3,10,150,18,0.0
751,3,10,150,18,0.0
752,3,10,150,18,0.0
753,3,10,150,18,0.0
754,3,10,150,18,0.0
755,3,10,150,18,0.0
756,3,10,150,18,0.06544023194852022
757,3,10,150,18,0.09586820699422145
758,3,10,150,18,0.22607828533966712
759,3,10,150,18,0.0
760,3,10,150,18,0.04568304891751105
761,3,10,150,18,0.050649171032404884
762,3,10,150,18,0.0
763,3,10,150,18,0.035769798946978335
764,3,10,150,18,0.0
765,3,10,150,18,0.0
766,3,10,150,18,0.07361294935748633
767,3,10,150,18,0.049710505523782283
768,3,10,150,18,0.05412479622841819
769,3,10,150,18,0.0
770,3,10,150,18,0.18993439137151832
771,3,10,150,18,0.0
772,3,10,150,18,0.0
773,3,10,150,18,0.22882657669864495
774,3,10,150,18,0.0
775,3,10,150,18,0.0
776,3,10,150,18,0.0
777,3,10,150,18,0.0
778,3,10,150,18,0.09586820699422145
779,3,10,150,18,0.0
780,3,10,150,18,0.05878132199396477
781,3,10,150,18,0.07055658259096848
782,3,10,150,18,0.0
783,3,10,150,18,0.0
784,3,10,150,18,0.0
785,3,10,150,18,0.22253651209328454
786,3,10,150,18,0.14558409671198433
787,3,10,150,18,0.0
788,3,10,150,18,0.03643890790473651
789,3,10,150,18,0.07745351606183934
790,3,10,150,18,0.13385508526852513
791,3,10,150,18,0.0
792,3,10,150,18,0.059109628562248356
793,3,10,150,18,0.08021827351724287
794,3,10,150,18,0.08021827351724287
795,3,10,150,18,0.09586820699422145
796,3,10,150,18,0.09171118654161717
797,3,10,150,18,0.13905617951077562
798,3,10,150,18,0.0
799,3,10,150,18,0.2836929289153804
800,3,10,150,18,0.0
801,3,10,150,18,0.0
802,3,10,150,18,0.05621908976192367
803,3,10,150,18,0.0
804,3,10,150,18,0.4277506070793127
805,3,10,150,18,0.22882657669864495
806,3,10,150,18,0.0788235947924372
807,3,10,150,18,0.20259668412961954
808,3,10,150,18,0.0
809,3,10,150,18,0.0
810,3,10,150,18,0.0
811,3,10,150,18,0.0
812,3,10,150,18,0.0
813,3,10,150,18,0.0
814,3,10,150,18,0.0
815,3,10,150,18,0.0
816,3,10,150,18,0.0
817,3,10,150,18,0.0
818,3,10,150,18,0.0
819,3,10,150,18,0.0
820,3,10,150,18,0.0
821,3,10,150,18,0.0
822,3,10,150,18,0.0
823,3,10,150,18,0.09986555543722545
824,3,10,150,18,0.0
825,3,10,150,18,0.1977473468474782
826,3,10,150,18,0.04455257454866284
827,3,10,150,18,0.0
828,3,10,150,18,0.0
829,3,10,150,18,0.0
830,3,10,150,18,0.05412479622841819
831,3,10,150,18,0.0
832,3,10,150,18,0.0
833,3,10,150,18,0.08291480066155707
834,3,10,150,18,0.0
835,3,10,150,18,0.04191911005669532
836,3,10,150,18,0.0
837,3,10,150,18,0.0
838,3,10,150,18,0.08633629724227374
839,3,10,150,18,0.0
840,3,10,150,18,0.08190955975718502
841,3,10,150,18,0.0
842,3,10,150,18,0.0
843,3,10,150,18,0.050649171032404884
844,3,10,150,18,0.0
845,3,10,150,18,0.0
846,3,10,150,18,0.0878232124851547
847,3,10,150,18,0.0
848,3,10,150,18,0.0
849,3,10,150,18,0.0
850,3,10,150,18,0.0
851,3,10,150,18,0.1637733768567814
852,3,10,150,18,0.07256783117062009
853,3,10,150,18,0.0
854,3,10,150,18,0.0
855,3,10,150,18,0.0
856,3,10,150,18,0.0
857,3,10,150,18,0.0
858,3,10,150,18,0.0
859,3,10,150,18,0.0
860,3,10,150,18,0.0
861,3,10,150,18,0.0
862,3,10,150,18,0.0
863,3,10,150,18,0.0
864,3,10,150,18,0.11884821741484687
865,3,10,150,18,0.0
866,3,10,150,18,0.0
867,3,10,150,18,0.13120507751234178
868,3,10,150,18,0.0
870,3,10,150,18,0.0
871,3,10,150,18,0.0
872,3,10,150,18,0.0
875,3,10,150,18,0.0
876,3,10,150,18,0.0
877,3,10,150,18,0.0
1,3,10,150,19,1.0
2,3,10,150,19,0.06362078819895171
3,3,10,150,19,0.0
4,3,10,150,19,0.0
5,3,10,150,19,0.0
6,3,10,150,19,0.0733934381893728
7,3,10,150,19,0.18645429094548896
8,3,10,150,19,0.0
9,3,10,150,19,0.0
10,3,10,150,19,0.16409920264511527
11,3,10,150,19,0.0
12,3,10,150,19,0.0
13,3,10,150,19,0.14734794836627635
14,3,10,150,19,0.0
15,3,10,150,19,0.0
16,3,10,150,19,0.05678491519230736
17,3,10,150,19,0.0
18,3,10,150,19,0.17211087625162105
19,3,10,150,19,0.0
20,3,10,150,19,0.0
21,3,10,150,19,0.03591148888190114
22,3,10,150,19,0.0
23,3,10,150,19,0.18198819926296397
24,3,10,150,19,0.156377025233341
25,3,10,150,19,0.0
26,3,10,150,19,0.0
28,3,10,150,19,0.0
29,3,10,150,19,0.0
30,3,10,150,19,0.0979129253499678
31,3,10,150,19,0.0
32,3,10,150,19,0.0
33,3,10,150,19,0.0
34,3,10,150,19,0.0
35,3,10,150,19,0.0
37,3,10,150,19,0.0
38,3,10,150,19,0.0
39,3,10,150,19,0.0
40,3,10,150,19,0.0
41,3,10,150,19,0.0
42,3,10,150,19,0.08725126755059853
43,3,10,150,19,0.2951369595077271
44,3,10,150,19,0.04195229264874745
45,3,10,150,19,0.0
46,3,10,150,19,0.14434031438272124
47,3,10,150,19,0.0
48,3,10,150,19,0.0874717141014082
49,3,10,150,19,0.0881980292211471
50,3,10,150,19,0.0
51,3,10,150,19,0.18953836965473142
52,3,10,150,19,0.0
53,3,10,150,19,0.09546043308946733
54,3,10,150,19,0.07984133538066794
55,3,10,150,19,0.0
56,3,10,150,19,0.05228654033924596
57,3,10,150,19,0.0
58,3,10,150,19,0.0
59,3,10,150,19,0.10177117151958236
60,3,10,150,19,0.05678491519230736
61,3,10,150,19,0.0
62,3,10,150,19,0.0489289587929152
63,3,10,150,19,0.0
64,3,10,150,19,0.0
65,3,10,150,19,0.26359514085347857
66,3,10,150,19,0.0
67,3,10,150,19,0.0
68,3,10,150,19,0.0
69,3,10,150,19,0.0
70,3,10,150,19,0.0
71,3,10,150,19,0.0
72,3,10,150,19,0.16084022171949366
73,3,10,150,19,0.0
74,3,10,150,19,0.0
75,3,10,150,19,0.11731968150568911
76,3,10,150,19,0.05947719272904215
77,3,10,150,19,0.33958467175585033
78,3,10,150,19,0.0
79,3,10,150,19,0.0
80,3,10,150,19,0.08297572808511901
81,3,10,150,19,0.0
82,3,10,150,19,0.07639420809798399
83,3,10,150,19,0.04630610387058298
84,3,10,150,19,0.0
85,3,10,150,19,0.09261220774116596
86,3,10,150,19,0.0
87,3,10,150,19,0.042430922926167375
88,3,10,150,19,0.0
89,3,10,150,19,0.18672776492534796
90,3,10,150,19,0.24510112517894156
91,3,10,150,19,0.13114221140465185
92,3,10,150,19,0.07550010274481912
93,3,10,150,19,0.0
94,3,10,150,19,0.2174468806452486
95,3,10,150,19,0.05228654033924596
96,3,10,150,19,0.0
97,3,10,150,19,0.05502294157452004
98,3,10,150,19,0.0
99,3,10,150,19,0.0
100,3,10,150,19,0.0
101,3,10,150,19,0.0
102,3,10,150,19,0.0
103,3,10,150,19,0.0
104,3,10,150,19,0.12171451575741458
106,3,10,150,19,0.0
107,3,10,150,19,0.0
108,3,10,150,19,0.0
109,3,10,150,19,0.07153456411772291
110,3,10,150,19,0.039667414566743345
111,3,10,150,19,0.0
112,3,10,150,19,0.0
113,3,10,150,19,0.0
114,3,10,150,19,0.0
115,3,10,150,19,0.046806851959664796
116,3,10,150,19,0.03520132288421838
117,3,10,150,19,0.0
118,3,10,150,19,0.0
119,3,10,150,19,0.0
121,3,10,150,19,0.0
122,3,10,150,19,0.0
123,3,10,150,19,0.46927872602275644
124,3,10,150,19,0.10889376106823218
125,3,10,150,19,0.10859476107359119
126,3,10,150,19,0.0
127,3,10,150,19,0.0
128,3,10,150,19,0.0
129,3,10,150,19,0.0
130,3,10,150,19,0.03591148888190114
131,3,10,150,19,0.19519002499605084
132,3,10,150,19,0.09109240322345806
133,3,10,150,19,0.0
134,3,10,150,19,0.0
135,3,10,150,19,0.0
136,3,10,150,19,0.26687965254220064
137,3,10,150,19,0.0
138,3,10,150,19,0.13012668333070054
139,3,10,150,19,0.0
140,3,10,150,19,0.0
141,3,10,150,19,0.15194751309721466
142,3,10,150,19,0.30260241349881345
143,3,10,150,19,0.0
144,3,10,150,19,0.18722130074002388
145,3,10,150,19,0.0
146,3,10,150,19,0.0
147,3,10,150,19,0.0
148,3,10,150,19,0.0
149,3,10,150,19,0.0
150,3,10,150,19,0.0
151,3,10,150,19,0.0
152,3,10,150,19,0.0
153,3,10,150,19,0.0
154,3,10,150,19,0.0
155,3,10,150,19,0.0
156,3,10,150,19,0.0
157,3,10,150,19,0.0
158,3,10,150,19,0.0733934381893728
159,3,10,150,19,0.11758069094919595
160,3,10,150,19,0.0
161,3,10,150,19,0.0
162,3,10,150,19,0.0
163,3,10,150,19,0.0
164,3,10,150,19,0.0
165,3,10,150,19,0.0
166,3,10,150,19,0.0
167,3,10,150,19,0.0
168,3,10,150,19,0.0
169,3,10,150,19,0.0
170,3,10,150,19,0.0
171,3,10,150,19,0.0
172,3,10,150,19,0.0
173,3,10,150,19,0.0
174,3,10,150,19,0.0
175,3,10,150,19,0.3761635367652849
176,3,10,150,19,0.0
177,3,10,150,19,0.0
178,3,10,150,19,0.2215114719284213
179,3,10,150,19,0.0
180,3,10,150,19,0.0
181,3,10,150,19,0.039667414566743345
182,3,10,150,19,0.13120507751234178
183,3,10,150,19,0.0
184,3,10,150,19,0.0
185,3,10,150,19,0.0
186,3,10,150,19,0.0
187,3,10,150,19,0.09162544430476362
188,3,10,150,19,0.0
189,3,10,150,19,0.18534038120918514
190,3,10,150,19,0.0
191,3,10,150,19,0.0
192,3,10,150,19,0.0
193,3,10,150,19,0.0
194,3,10,150,19,0.05228654033924596
195,3,10,150,19,0.061734604266276284
196,3,10,150,19,0.17342765698823945
197,3,10,150,19,0.0
198,3,10,150,19,0.1366111048785156
199,3,10,150,19,0.0
200,3,10,150,19,0.0366967190946864
201,3,10,150,19,0.29618399931221895
202,3,10,150,19,0.0
203,3,10,150,19,0.0
204,3,10,150,19,0.0
205,3,10,150,19,0.0
206,3,10,150,19,0.0
207,3,10,150,19,0.0
208,3,10,150,19,0.0
209,3,10,150,19,0.0
210,3,10,150,19,0.0
211,3,10,150,19,0.0
212,3,10,150,19,0.0
213,3,10,150,19,0.051573320538546435
214,3,10,150,19,0.1257260924843343
215,3,10,150,19,0.157288596461893
216,3,10,150,19,0.22835228500105517
217,3,10,150,19,0.04972780777662495
218,3,10,150,19,0.06323567569191428
219,3,10,150,19,0.0
220,3,10,150,19,0.0
221,3,10,150,19,0.11582436111554018
222,3,10,150,19,0.18333945357214598
223,3,10,150,19,0.0
224,3,10,150,19,0.0
225,3,10,150,19,0.0
226,3,10,150,19,0.0
227,3,10,150,19,0.0
229,3,10,150,19,0.0
230,3,10,150,19,0.0
231,3,10,150,19,0.0
232,3,10,150,19,0.0
233,3,10,150,19,0.09198623807652574
234,3,10,150,19,0.18921779930491298
235,3,10,150,19,0.04622440829742681
236,3,10,150,19,0.12532316689089917
237,3,10,150,19,0.0
238,3,10,150,19,0.0
239,3,10,150,19,0.0
240,3,10,150,19,0.0
241,3,10,150,19,0.07123530534387781
242,3,10,150,19,0.0
243,3,10,150,19,0.0
244,3,10,150,19,0.18198819926296397
245,3,10,150,19,0.0
246,3,10,150,19,0.0
247,3,10,150,19,0.15642624200758548
248,3,10,150,19,0.11838279295536291
249,3,10,150,19,0.15194751309721466
250,3,10,150,19,0.045740759208807255
251,3,10,150,19,0.0
252,3,10,150,19,0.0
253,3,10,150,19,0.0
254,3,10,150,19,0.042430922926167375
255,3,10,150,19,0.04610512027589789
256,3,10,150,19,0.03396328517181661
257,3,10,150,19,0.12830873359117523
258,3,10,150,19,0.0
259,3,10,150,19,0.0
260,3,10,150,19,0.0
261,3,10,150,19,0.0
262,3,10,150,19,0.0
263,3,10,150,19,0.24793125633783572
264,3,10,150,19,0.22972462709034727
265,3,10,150,19,0.19802572813668026
266,3,10,150,19,0.0
267,3,10,150,19,0.15365657368463417
268,3,10,150,19,0.17436270468435197
269,3,10,150,19,0.0
270,3,10,150,19,0.0
271,3,10,150,19,0.04630610387058298
272,3,10,150,19,0.0
273,3,10,150,19,0.0
274,3,10,150,19,0.0
275,3,10,150,19,0.0
276,3,10,150,19,0.35724213861035375
277,3,10,150,19,0.0
278,3,10,150,19,0.0
279,3,10,150,19,0.16688020578175863
280,3,10,150,19,0.11306085275611616
281,3,10,150,19,0.0
282,3,10,150,19,0.0
283,3,10,150,19,0.0
284,3,10,150,19,0.0
285,3,10,150,19,0.0
286,3,10,150,19,0.0
287,3,10,150,19,0.0
288,3,10,150,19,0.0
289,3,10,150,19,0.0
290,3,10,150,19,0.11214662548205799
291,3,10,150,19,0.22512928818681413
292,3,10,150,19,0.19765598330367803
293,3,10,150,19,0.05228654033924596
294,3,10,150,19,0.0
295,3,10,150,19,0.0
296,3,10,150,19,0.10235135297694252
297,3,10,150,19,0.0
298,3,10,150,19,0.039667414566743345
299,3,10,150,19,0.10177117151958236
300,3,10,150,19,0.0
301,3,10,150,19,0.1957158351716608
302,3,10,150,19,0.0
303,3,10,150,19,0.24820663586071795
304,3,10,150,19,0.0
305,3,10,150,19,0.08387738281648928
306,3,10,150,19,0.0
307,3,10,150,19,0.0
308,3,10,150,19,0.0632176666891428
309,3,10,150,19,0.0
310,3,10,150,19,0.2890648263178879
311,3,10,150,19,0.20921931285510317
312,3,10,150,19,0.10740491944896594
313,3,10,150,19,0.04094516368001556
314,3,10,150,19,0.11096471713527908
315,3,10,150,19,0.09785159463516042
316,3,10,150,19,0.0
317,3,10,150,19,0.0
318,3,10,150,19,0.03520132288421838
319,3,10,150,19,0.0
320,3,10,150,19,0.0
321,3,10,150,19,0.0
322,3,10,150,19,0.0
323,3,10,150,19,0.08041927109478651
324,3,10,150,19,0.0
325,3,10,150,19,0.0
326,3,10,150,19,0.09859264420982895
327,3,10,150,19,0.0
328,3,10,150,19,0.15964326370043538
329,3,10,150,19,0.0
330,3,10,150,19,0.23442938795657506
331,3,10,150,19,0.0
332,3,10,150,19,0.0
333,3,10,150,19,0.0
334,3,10,150,19,0.2100045430678884
335,3,10,150,19,0.0
336,3,10,150,19,0.0
337,3,10,150,19,0.09992090652113537
338,3,10,150,19,0.0
339,3,10,150,19,0.18734846524870016
340,3,10,150,19,0.12647135138382856
341,3,10,150,19,0.0
342,3,10,150,19,0.0
343,3,10,150,19,0.35007880696106103
344,3,10,150,19,0.1272713706009837
345,3,10,150,19,0.18348359547343202
346,3,10,150,19,0.08873702679675036
347,3,10,150,19,0.03591148888190114
348,3,10,150,19,0.0
349,3,10,150,19,0.07123530534387781
350,3,10,150,19,0.0845667599404342
351,3,10,150,19,0.0
352,3,10,150,19,0.11543235174412686
353,3,10,150,19,0.0
354,3,10,150,19,0.0
355,3,10,150,19,0.0
356,3,10,150,19,0.0
357,3,10,150,19,0.0
358,3,10,150,19,0.26730206653594746
359,3,10,150,19,0.0
360,3,10,150,19,0.10496459329418281
361,3,10,150,19,0.0
362,3,10,150,19,0.0
363,3,10,150,19,0.29210288056079914
364,3,10,150,19,0.0
365,3,10,150,19,0.0
366,3,10,150,19,0.0
367,3,10,150,19,0.09817896789964464
368,3,10,150,19,0.0
369,3,10,150,19,0.0
370,3,10,150,19,0.045683428159663184
371,3,10,150,19,0.050924439617225085
372,3,10,150,19,0.0734773909038217
373,3,10,150,19,0.21168578013648154
374,3,10,150,19,0.18921779930491298
375,3,10,150,19,0.0
376,3,10,150,19,0.0
377,3,10,150,19,0.0
378,3,10,150,19,0.1271949891910781
379,3,10,150,19,0.0881980292211471
380,3,10,150,19,0.0
381,3,10,150,19,0.0
382,3,10,150,19,0.07847428227110642
383,3,10,150,19,0.0
384,3,10,150,19,0.0
385,3,10,150,19,0.17535296533142866
386,3,10,150,19,0.0
387,3,10,150,19,0.04418725275982313
388,3,10,150,19,0.0
389,3,10,150,19,0.1461099106538746
390,3,10,150,19,0.21398626473452756
391,3,10,150,19,0.2974190080807681
392,3,10,150,19,0.034554939064803565
393,3,10,150,19,0.23577013581267794
394,3,10,150,19,0.038892185327126634
395,3,10,150,19,0.051573320538546435
396,3,10,150,19,0.0
397,3,10,150,19,0.0
398,3,10,150,19,0.08175853170572941
399,3,10,150,19,0.0
400,3,10,150,19,0.0
401,3,10,150,19,0.0
402,3,10,150,19,0.424926013816671
403,3,10,150,19,0.0
404,3,10,150,19,0.0
405,3,10,150,19,0.3194978257616359
406,3,10,150,19,0.28292808404455805
407,3,10,150,19,0.11214662548205799
408,3,10,150,19,0.0
409,3,10,150,19,0.16636703545582388
410,3,10,150,19,0.0
411,3,10,150,19,0.07963818675918483
412,3,10,150,19,0.0
413,3,10,150,19,0.10122860821230018
414,3,10,150,19,0.0
415,3,10,150,19,0.0
416,3,10,150,19,0.21986355088017803
417,3,10,150,19,0.13641682201637953
418,3,10,150,19,0.07001560573318603
419,3,10,150,19,0.2098021491169666
420,3,10,150,19,0.0
421,3,10,150,19,0.06362078819895171
422,3,10,150,19,0.0
423,3,10,150,19,0.0
424,3,10,150,19,0.13291000263869587
425,3,10,150,19,0.0
426,3,10,150,19,0.07614648656423394
427,3,10,150,19,0.0
428,3,10,150,19,0.0
429,3,10,150,19,0.24174234434822364
430,3,10,150,19,0.062242588308449316
431,3,10,150,19,0.0
432,3,10,150,19,0.0
433,3,10,150,19,0.0
434,3,10,150,19,0.18672776492534796
435,3,10,150,19,0.4545029554291458
436,3,10,150,19,0.0733934381893728
437,3,10,150,19,0.0
438,3,10,150,19,0.0
439,3,10,150,19,0.0
440,3,10,150,19,0.04258528250242427
441,3,10,150,19,0.0
442,3,10,150,19,0.0733934381893728
443,3,10,150,19,0.0
444,3,10,150,19,0.19519002499605084
445,3,10,150,19,0.0
446,3,10,150,19,0.0
447,3,10,150,19,0.08898325943393234
448,3,10,150,19,0.0
449,3,10,150,19,0.0
450,3,10,150,19,0.38619733725183925
451,3,10,150,19,0.0
452,3,10,150,19,0.0366967190946864
453,3,10,150,19,0.16600564593053876
454,3,10,150,19,0.0
455,3,10,150,19,0.27696522976042576
456,3,10,150,19,0.22402556989139524
457,3,10,150,19,0.5994132445974865
458,3,10,150,19,0.17682668575134208
459,3,10,150,19,0.0
460,3,10,150,19,0.0
461,3,10,150,19,0.10778915452451093
462,3,10,150,19,0.04622440829742681
463,3,10,150,19,0.14489874808041192
464,3,10,150,19,0.0
465,3,10,150,19,0.0733934381893728
466,3,10,150,19,0.1009721679521305
467,3,10,150,19,0.0
468,3,10,150,19,0.4070255093944318
469,3,10,150,19,0.050924439617225085
470,3,10,150,19,0.040162930685297936
471,3,10,150,19,0.0
472,3,10,150,19,0.31323810816761205
473,3,10,150,19,0.0
474,3,10,150,19,0.4502916505077412
475,3,10,150,19,0.0
476,3,10,150,19,0.1367994605009891
477,3,10,150,19,0.0
478,3,10,150,19,0.27697036306581785
479,3,10,150,19,0.11579219834308918
480,3,10,150,19,0.0881980292211471
481,3,10,150,19,0.0
482,3,10,150,19,0.10209739512291163
483,3,10,150,19,0.06194403202282284
484,3,10,150,19,0.2633109435074057
485,3,10,150,19,0.0
486,3,10,150,19,0.07764188277470195
487,3,10,150,19,0.13289911858600487
488,3,10,150,19,0.09261220774116596
489,3,10,150,19,0.0
490,3,10,150,19,0.0733934381893728
491,3,10,150,19,0.17758207479178334
492,3,10,150,19,0.0
493,3,10,150,19,0.2475758220137947
494,3,10,150,19,0.05852543059818057
495,3,10,150,19,0.0733934381893728
496,3,10,150,19,0.039667414566743345
497,3,10,150,19,0.05678491519230736
498,3,10,150,19,0.0
499,3,10,150,19,0.0632176666891428
500,3,10,150,19,0.0632176666891428
501,3,10,150,19,0.0
502,3,10,150,19,0.0
503,3,10,150,19,0.36593090700982744
504,3,10,150,19,0.1009721679521305
505,3,10,150,19,0.03396328517181661
506,3,10,150,19,0.08337608660618293
507,3,10,150,19,0.0
508,3,10,150,19,0.10952377055972577
509,3,10,150,19,0.0
510,3,10,150,19,0.06835476917178976
511,3,10,150,19,0.0
512,3,10,150,19,0.0
513,3,10,150,19,0.0
514,3,10,150,19,0.3303602648334462
515,3,10,150,19,0.0
516,3,10,150,19,0.07947838320659593
517,3,10,150,19,0.0
518,3,10,150,19,0.0
519,3,10,150,19,0.0
520,3,10,150,19,0.0
521,3,10,150,19,0.1467868763787456
522,3,10,150,19,0.11752277470724268
523,3,10,150,19,0.18773204005876115
524,3,10,150,19,0.07834241180806852
525,3,10,150,19,0.035769798946978335
526,3,10,150,19,0.03520132288421838
527,3,10,150,19,0.274851511955058
528,3,10,150,19,0.04630610387058298
529,3,10,150,19,0.0
530,3,10,150,19,0.0
531,3,10,150,19,0.0
532,3,10,150,19,0.28311298696313153
533,3,10,150,19,0.31541537723161656
534,3,10,150,19,0.05678491519230736
535,3,10,150,19,0.3403683506148907
536,3,10,150,19,0.15700875563085537
537,3,10,150,19,0.21488125992786564
538,3,10,150,19,0.12781353062538434
539,3,10,150,19,0.0
540,3,10,150,19,0.0
541,3,10,150,19,0.07698586199097095
542,3,10,150,19,0.0733934381893728
543,3,10,150,19,0.0
544,3,10,150,19,0.0
545,3,10,150,19,0.29592361187030003
546,3,10,150,19,0.0
547,3,10,150,19,0.0
548,3,10,150,19,0.11214662548205799
549,3,10,150,19,0.05502294157452004
550,3,10,150,19,0.0845667599404342
551,3,10,150,19,0.27165423554584894
552,3,10,150,19,0.0
553,3,10,150,19,0.09533842002274691
554,3,10,150,19,0.0
555,3,10,150,19,0.0
556,3,10,150,19,0.1482972305701491
557,3,10,150,19,0.0489289587929152
558,3,10,150,19,0.21398626473452756
559,3,10,150,19,0.0
560,3,10,150,19,0.13068749049864462
561,3,10,150,19,0.1366111048785156
562,3,10,150,19,0.0
563,3,10,150,19,0.10791970824616881
564,3,10,150,19,0.0
565,3,10,150,19,0.10616358571646685
566,3,10,150,19,0.14154116653408116
567,3,10,150,19,0.30568280508757795
568,3,10,150,19,0.0
569,3,10,150,19,0.0
570,3,10,150,19,0.0
571,3,10,150,19,0.0
572,3,10,150,19,0.30260241349881345
573,3,10,150,19,0.0
574,3,10,150,19,0.0
575,3,10,150,19,0.07945707943276742
576,3,10,150,19,0.0
577,3,10,150,19,0.2589335018608036
578,3,10,150,19,0.0
579,3,10,150,19,0.08274075759026268
580,3,10,150,19,0.0
581,3,10,150,19,0.0
582,3,10,150,19,0.0733934381893728
583,3,10,150,19,0.0874717141014082
584,3,10,150,19,0.1491042771925757
585,3,10,150,19,0.05678491519230736
586,3,10,150,19,0.15537755940213627
587,3,10,150,19,0.0
588,3,10,150,19,0.2652191982600384
589,3,10,150,19,0.0
590,3,10,150,19,0.1076424320455391
591,3,10,150,19,0.03520132288421838
592,3,10,150,19,0.2989795745687035
593,3,10,150,19,0.11194694301981235
594,3,10,150,19,0.0
595,3,10,150,19,0.03520132288421838
596,3,10,150,19,0.09803928583135704
597,3,10,150,19,0.0
598,3,10,150,19,0.0
599,3,10,150,19,0.0
600,3,10,150,19,0.17923038342715647
601,3,10,150,19,0.2835863368797347
602,3,10,150,19,0.0
603,3,10,150,19,0.0845667599404342
604,3,10,150,19,0.0
605,3,10,150,19,0.14450624995549233
606,3,10,150,19,0.4015082997439317
607,3,10,150,19,0.0
608,3,10,150,19,0.2944679270607024
609,3,10,150,19,0.0
610,3,10,150,19,0.07763224581038576
611,3,10,150,19,0.0
612,3,10,150,19,0.09162544430476362
613,3,10,150,19,0.07839826897867533
614,3,10,150,19,0.1467868763787456
615,3,10,150,19,0.034554939064803565
616,3,10,150,19,0.0
617,3,10,150,19,0.0
618,3,10,150,19,0.1467868763787456
619,3,10,150,19,0.12442906153773431
620,3,10,150,19,0.24600271449722036
621,3,10,150,19,0.07189804197890479
622,3,10,150,19,0.373245899776075
623,3,10,150,19,0.04630610387058298
624,3,10,150,19,0.039667414566743345
625,3,10,150,19,0.11582436111554018
626,3,10,150,19,0.0
627,3,10,150,19,0.19097412913856873
628,3,10,150,19,0.0
629,3,10,150,19,0.26395426387035054
630,3,10,150,19,0.09074820036412398
631,3,10,150,19,0.0
632,3,10,150,19,0.0366967190946864
633,3,10,150,19,0.0
634,3,10,150,19,0.11306085275611616
635,3,10,150,19,0.0
636,3,10,150,19,0.30260241349881345
637,3,10,150,19,0.0
638,3,10,150,19,0.039667414566743345
639,3,10,150,19,0.0
640,3,10,150,19,0.16475331990845538
641,3,10,150,19,0.051358492238643604
642,3,10,150,19,0.33649378533865143
643,3,10,150,19,0.4739971036455305
644,3,10,150,19,0.0
645,3,10,150,19,0.04630610387058298
646,3,10,150,19,0.11243817952384734
647,3,10,150,19,0.03757127894590629
648,3,10,150,19,0.16839008313882595
649,3,10,150,19,0.0
650,3,10,150,19,0.24670126216257482
651,3,10,150,19,0.0
652,3,10,150,19,0.0
653,3,10,150,19,0.25419179582771156
654,3,10,150,19,0.09912915557104394
655,3,10,150,19,0.3183154681951153
656,3,10,150,19,0.0
657,3,10,150,19,0.2073612289146658
658,3,10,150,19,0.09074820036412398
659,3,10,150,19,0.1515023784577207
660,3,10,150,19,0.0
661,3,10,150,19,0.1167040427620793
662,3,10,150,19,0.0
663,3,10,150,19,0.21829218626978472
664,3,10,150,19,0.455444580565429
665,3,10,150,19,0.0733934381893728
666,3,10,150,19,0.15537755940213627
667,3,10,150,19,0.0
668,3,10,150,19,0.0
669,3,10,150,19,0.2917003254451632
670,3,10,150,19,0.0
671,3,10,150,19,0.280831948423721
672,3,10,150,19,0.048159222084064895
673,3,10,150,19,0.0
674,3,10,150,19,0.0
675,3,10,150,19,0.0
676,3,10,150,19,0.31975266949535375
677,3,10,150,19,0.0
678,3,10,150,19,0.0
679,3,10,150,19,0.07851644262592183
680,3,10,150,19,0.0
681,3,10,150,19,0.0
682,3,10,150,19,0.5756643307988213
683,3,10,150,19,0.03757127894590629
684,3,10,150,19,0.05228654033924596
685,3,10,150,19,0.0
686,3,10,150,19,0.09471746326541333
687,3,10,150,19,0.0
688,3,10,150,19,0.0
689,3,10,150,19,0.2976534651601345
690,3,10,150,19,0.3915836200606247
691,3,10,150,19,0.5056224428183818
692,3,10,150,19,0.0
693,3,10,150,19,0.0999143857838292
694,3,10,150,19,0.21518098617605147
695,3,10,150,19,0.0
696,3,10,150,19,0.0
697,3,10,150,19,0.0
698,3,10,150,19,0.0
699,3,10,150,19,0.03520132288421838
700,3,10,150,19,0.0
701,3,10,150,19,0.050259389402918644
702,3,10,150,19,0.0
703,3,10,150,19,0.15555725495720263
704,3,10,150,19,0.04630610387058298
705,3,10,150,19,0.23939908411991156
706,3,10,150,19,0.0
707,3,10,150,19,0.33638645966107267
708,3,10,150,19,0.0
709,3,10,150,19,0.15849030843958248
710,3,10,150,19,0.32933096749196983
711,3,10,150,19,0.16687507247636657
712,3,10,150,19,0.04630610387058298
713,3,10,150,19,0.0
714,3,10,150,19,0.06786785134613488
715,3,10,150,19,0.27334141475858426
716,3,10,150,19,0.33571764064324827
717,3,10,150,19,0.09198623807652574
718,3,10,150,19,0.0
719,3,10,150,19,0.08413028167713357
720,3,10,150,19,0.0
721,3,10,150,19,0.08562567788760159
722,3,10,150,19,0.04173963774222741
723,3,10,150,19,0.0
724,3,10,150,19,0.0
725,3,10,150,19,0.0
726,3,10,150,19,0.0
727,3,10,150,19,0.13406137523275388
728,3,10,150,19,0.0
729,3,10,150,19,0.0
730,3,10,150,19,0.0
731,3,10,150,19,0.12716714680596952
732,3,10,150,19,0.0
733,3,10,150,19,0.0
734,3,10,150,19,0.0919539549059893
735,3,10,150,19,0.08151055815578559
736,3,10,150,19,0.0
737,3,10,150,19,0.12127716502890909
738,3,10,150,19,0.16211827843080961
739,3,10,150,19,0.14538754575968496
740,3,10,150,19,0.0
741,3,10,150,19,0.0489289587929152
742,3,10,150,19,0.0
743,3,10,150,19,0.049043960636177025
744,3,10,150,19,0.0
745,3,10,150,19,0.08086104293538655
746,3,10,150,19,0.2017611135871796
747,3,10,150,19,0.17930296142787072
748,3,10,150,19,0.05678491519230736
749,3,10,150,19,0.44104762301529277
750,3,10,150,19,0.0
751,3,10,150,19,0.0
752,3,10,150,19,0.0
753,3,10,150,19,0.0
754,3,10,150,19,0.0
755,3,10,150,19,0.0
756,3,10,150,19,0.0632176666891428
757,3,10,150,19,0.09261220774116596
758,3,10,150,19,0.21839992406352066
759,3,10,150,19,0.0
760,3,10,150,19,0.04568304891751105
761,3,10,150,19,0.08289224396473183
762,3,10,150,19,0.0
763,3,10,150,19,0.034554939064803565
764,3,10,150,19,0.0
765,3,10,150,19,0.0
766,3,10,150,19,0.07111281176611951
767,3,10,150,19,0.049710505523782283
768,3,10,150,19,0.05228654033924596
769,3,10,150,19,0.0
770,3,10,150,19,0.18348359547343202
771,3,10,150,19,0.0
772,3,10,150,19,0.0
773,3,10,150,19,0.2210548744193383
774,3,10,150,19,0.0
775,3,10,150,19,0.0
776,3,10,150,19,0.0
777,3,10,150,19,0.0
778,3,10,150,19,0.09261220774116596
779,3,10,150,19,0.0
780,3,10,150,19,0.05678491519230736
781,3,10,150,19,0.07055658259096848
782,3,10,150,19,0.0
783,3,10,150,19,0.0
784,3,10,150,19,0.0
785,3,10,150,19,0.22253651209328454
786,3,10,150,19,0.14063958251887387
787,3,10,150,19,0.0
788,3,10,150,19,0.069164608056035
789,3,10,150,19,0.07745351606183934
790,3,10,150,19,0.12930892683585238
791,3,10,150,19,0.0
792,3,10,150,19,0.059109628562248356
793,3,10,150,19,0.08021827351724287
794,3,10,150,19,0.08021827351724287
795,3,10,150,19,0.09261220774116596
796,3,10,150,19,0.08859637335965855
797,3,10,150,19,0.13905617951077562
798,3,10,150,19,0.0
799,3,10,150,19,0.2836929289153804
800,3,10,150,19,0.0
801,3,10,150,19,0.0
802,3,10,150,19,0.05621908976192367
803,3,10,150,19,0.0
804,3,10,150,19,0.41322279122866024
805,3,10,150,19,0.2210548744193383
806,3,10,150,19,0.07614648656423394
807,3,10,150,19,0.1957158351716608
808,3,10,150,19,0.0
809,3,10,150,19,0.0
810,3,10,150,19,0.0
811,3,10,150,19,0.0
812,3,10,150,19,0.0
813,3,10,150,19,0.0
814,3,10,150,19,0.0
815,3,10,150,19,0.0
816,3,10,150,19,0.0
817,3,10,150,19,0.0
818,3,10,150,19,0.0
819,3,10,150,19,0.0
820,3,10,150,19,0.0
821,3,10,150,19,0.0
822,3,10,150,19,0.0
823,3,10,150,19,0.13043707827088571
824,3,10,150,19,0.0
825,3,10,150,19,0.19103119731452714
826,3,10,150,19,0.04455257454866284
827,3,10,150,19,0.0
828,3,10,150,19,0.0
829,3,10,150,19,0.0
830,3,10,150,19,0.05228654033924596
831,3,10,150,19,0.0
832,3,10,150,19,0.0
833,3,10,150,19,0.08009874164172427
834,3,10,150,19,0.0
835,3,10,150,19,0.04191911005669532
836,3,10,150,19,0.0
837,3,10,150,19,0.0
838,3,10,150,19,0.08633629724227374
839,3,10,150,19,0.0
840,3,10,150,19,0.07912764202085378
841,3,10,150,19,0.0
842,3,10,150,19,0.0
843,3,10,150,19,0.0489289587929152
844,3,10,150,19,0.0
845,3,10,150,19,0.0
846,3,10,150,19,0.08484044767481634
847,3,10,150,19,0.0
848,3,10,150,19,0.0
849,3,10,150,19,0.0
850,3,10,150,19,0.0
851,3,10,150,19,0.1637733768567814
852,3,10,150,19,0.07256783117062009
853,3,10,150,19,0.0
854,3,10,150,19,0.0
855,3,10,150,19,0.0
856,3,10,150,19,0.0
857,3,10,150,19,0.0
858,3,10,150,19,0.0
859,3,10,150,19,0.0
860,3,10,150,19,0.0
861,3,10,150,19,0.0
862,3,10,150,19,0.0
863,3,10,150,19,0.0
864,3,10,150,19,0.11884821741484687
865,3,10,150,19,0.0
866,3,10,150,19,0.0
867,3,10,150,19,0.13120507751234178
868,3,10,150,19,0.0
870,3,10,150,19,0.0
871,3,10,150,19,0.0
872,3,10,150,19,0.0
875,3,10,150,19,0.0
876,3,10,150,19,0.0
877,3,10,150,19,0.0
1,3,10,150,20,0.9676617088516802
2,3,10,150,20,0.06362078819895171
3,3,10,150,20,0.0
4,3,10,150,20,0.0
5,3,10,150,20,0.0
6,3,10,150,20,0.07102001981682865
7,3,10,150,20,0.18042467779904023
8,3,10,150,20,0.0
9,3,10,150,20,0.0
10,3,10,150,20,0.16409920264511527
11,3,10,150,20,0.0
12,3,10,150,20,0.0
13,3,10,150,20,0.17492125866021996
14,3,10,150,20,0.0
15,3,10,150,20,0.0
16,3,10,150,20,0.05494858807198588
17,3,10,150,20,0.0
18,3,10,150,20,0.1665451046256037
19,3,10,150,20,0.0
20,3,10,150,20,0.0
21,3,10,150,20,0.03475017269886857
22,3,10,150,20,0.0
23,3,10,150,20,0.1761030118896398
24,3,10,150,20,0.156377025233341
25,3,10,150,20,0.0
26,3,10,150,20,0.0
28,3,10,150,20,0.0
29,3,10,150,20,0.0
30,3,10,150,20,0.0979129253499678
31,3,10,150,20,0.0
32,3,10,150,20,0.0
33,3,10,150,20,0.0
34,3,10,150,20,0.0
35,3,10,150,20,0.0
37,3,10,150,20,0.0
38,3,10,150,20,0.0
39,3,10,150,20,0.0
40,3,10,150,20,0.0
41,3,10,150,20,0.0
42,3,10,150,20,0.11676800180580715
43,3,10,150,20,0.28559273458253637
44,3,10,150,20,0.04195229264874745
45,3,10,150,20,0.0
46,3,10,150,20,0.14434031438272124
47,3,10,150,20,0.0
48,3,10,150,20,0.0874717141014082
49,3,10,150,20,0.08534585567348563
50,3,10,150,20,0.0
51,3,10,150,20,0.18953836965473142
52,3,10,150,20,0.0
53,3,10,150,20,0.09546043308946733
54,3,10,150,20,0.07984133538066794
55,3,10,150,20,0.0
56,3,10,150,20,0.05059568297461706
57,3,10,150,20,0.0
58,3,10,150,20,0.03233829114831982
59,3,10,150,20,0.09848006574447651
60,3,10,150,20,0.05494858807198588
61,3,10,150,20,0.0
62,3,10,150,20,0.04734667987788577
63,3,10,150,20,0.0
64,3,10,150,20,0.0
65,3,10,150,20,0.26359514085347857
66,3,10,150,20,0.0
67,3,10,150,20,0.0
68,3,10,150,20,0.0
69,3,10,150,20,0.0
70,3,10,150,20,0.0
71,3,10,150,20,0.0
72,3,10,150,20,0.16084022171949366
73,3,10,150,20,0.0
74,3,10,150,20,0.0
75,3,10,150,20,0.11731968150568911
76,3,10,150,20,0.05947719272904215
77,3,10,150,20,0.33958467175585033
78,3,10,150,20,0.0
79,3,10,150,20,0.0
80,3,10,150,20,0.08297572808511901
81,3,10,150,20,0.0
82,3,10,150,20,0.07392374995446606
83,3,10,150,20,0.04630610387058298
84,3,10,150,20,0.0
85,3,10,150,20,0.08961728720334347
86,3,10,150,20,0.0
87,3,10,150,20,0.04105877938688906
88,3,10,150,20,0.0
89,3,10,150,20,0.18672776492534796
90,3,10,150,20,0.23717497363212417
91,3,10,150,20,0.13114221140465185
92,3,10,150,20,0.07305855844052911
93,3,10,150,20,0.0
94,3,10,150,20,0.2104150201096486
95,3,10,150,20,0.05059568297461706
96,3,10,150,20,0.0
97,3,10,150,20,0.05502294157452004
98,3,10,150,20,0.0
99,3,10,150,20,0.0
100,3,10,150,20,0.0
101,3,10,150,20,0.0
102,3,10,150,20,0.03233829114831982
103,3,10,150,20,0.0
104,3,10,150,20,0.12171451575741458
106,3,10,150,20,0.0
107,3,10,150,20,0.0
108,3,10,150,20,0.0
109,3,10,150,20,0.06922125855611583
110,3,10,150,20,0.039667414566743345
111,3,10,150,20,0.0
112,3,10,150,20,0.0
113,3,10,150,20,0.0
114,3,10,150,20,0.0
115,3,10,150,20,0.046806851959664796
116,3,10,150,20,0.03406297225598251
117,3,10,150,20,0.0
118,3,10,150,20,0.0
119,3,10,150,20,0.0
121,3,10,150,20,0.0
122,3,10,150,20,0.0
123,3,10,150,20,0.46927872602275644
124,3,10,150,20,0.10889376106823218
125,3,10,150,20,0.10508299207281117
126,3,10,150,20,0.0
127,3,10,150,20,0.0
128,3,10,150,20,0.0
129,3,10,150,20,0.0
130,3,10,150,20,0.03475017269886857
131,3,10,150,20,0.19519002499605084
132,3,10,150,20,0.09109240322345806
133,3,10,150,20,0.0
134,3,10,150,20,0.0
135,3,10,150,20,0.0
136,3,10,150,20,0.26687965254220064
137,3,10,150,20,0.0
138,3,10,150,20,0.13012668333070054
139,3,10,150,20,0.0
140,3,10,150,20,0.0
141,3,10,150,20,0.15194751309721466
142,3,10,150,20,0.30260241349881345
143,3,10,150,20,0.0
144,3,10,150,20,0.18116688380752585
145,3,10,150,20,0.0
146,3,10,150,20,0.0
147,3,10,150,20,0.0
148,3,10,150,20,0.042512356679180144
149,3,10,150,20,0.0
150,3,10,150,20,0.0
151,3,10,150,20,0.0
152,3,10,150,20,0.0
153,3,10,150,20,0.0
154,3,10,150,20,0.0
155,3,10,150,20,0.0
156,3,10,150,20,0.0
157,3,10,150,20,0.0
158,3,10,150,20,0.07102001981682865
159,3,10,150,20,0.11377833233186024
160,3,10,150,20,0.0
161,3,10,150,20,0.0
162,3,10,150,20,0.0
163,3,10,150,20,0.0
164,3,10,150,20,0.0
165,3,10,150,20,0.0
166,3,10,150,20,0.0
167,3,10,150,20,0.0
168,3,10,150,20,0.0
169,3,10,150,20,0.0
170,3,10,150,20,0.0
171,3,10,150,20,0.0
172,3,10,150,20,0.0
173,3,10,150,20,0.0
174,3,10,150,20,0.0
175,3,10,150,20,0.3761635367652849
176,3,10,150,20,0.0
177,3,10,150,20,0.0
178,3,10,150,20,0.21434816945650717
179,3,10,150,20,0.0
180,3,10,150,20,0.0
181,3,10,150,20,0.0383846381653829
182,3,10,150,20,0.13120507751234178
183,3,10,150,20,0.0
184,3,10,150,20,0.0
185,3,10,150,20,0.0
186,3,10,150,20,0.0
187,3,10,150,20,0.09162544430476362
188,3,10,150,20,0.0
189,3,10,150,20,0.17934679000010195
190,3,10,150,20,0.0
191,3,10,150,20,0.0
192,3,10,150,20,0.0
193,3,10,150,20,0.0
194,3,10,150,20,0.05059568297461706
195,3,10,150,20,0.061734604266276284
196,3,10,150,20,0.17342765698823945
197,3,10,150,20,0.0
198,3,10,150,20,0.1321933351948605
199,3,10,150,20,0.0
200,3,10,150,20,0.035510009908414325
201,3,10,150,20,0.3189442060573065
202,3,10,150,20,0.0
203,3,10,150,20,0.0
204,3,10,150,20,0.0
205,3,10,150,20,0.0
206,3,10,150,20,0.0
207,3,10,150,20,0.0
208,3,10,150,20,0.0
209,3,10,150,20,0.0
210,3,10,150,20,0.0
211,3,10,150,20,0.0
212,3,10,150,20,0.0
213,3,10,150,20,0.051573320538546435
214,3,10,150,20,0.1257260924843343
215,3,10,150,20,0.157288596461893
216,3,10,150,20,0.22096776232430695
217,3,10,150,20,0.04972780777662495
218,3,10,150,20,0.06323567569191428
219,3,10,150,20,0.0
220,3,10,150,20,0.0
221,3,10,150,20,0.11207879920371772
222,3,10,150,20,0.2097488600918759
223,3,10,150,20,0.0
224,3,10,150,20,0.0
225,3,10,150,20,0.0
226,3,10,150,20,0.0
227,3,10,150,20,0.0
229,3,10,150,20,0.0
230,3,10,150,20,0.0
231,3,10,150,20,0.0
232,3,10,150,20,0.0
233,3,10,150,20,0.09198623807652574
234,3,10,150,20,0.18309881902054637
235,3,10,150,20,0.04622440829742681
236,3,10,150,20,0.12127042983235181
237,3,10,150,20,0.0
238,3,10,150,20,0.0
239,3,10,150,20,0.0
240,3,10,150,20,0.0
241,3,10,150,20,0.07123530534387781
242,3,10,150,20,0.0
243,3,10,150,20,0.0
244,3,10,150,20,0.1761030118896398
245,3,10,150,20,0.0
246,3,10,150,20,0.0
247,3,10,150,20,0.15642624200758548
248,3,10,150,20,0.11838279295536291
249,3,10,150,20,0.15194751309721466
250,3,10,150,20,0.045740759208807255
251,3,10,150,20,0.0
252,3,10,150,20,0.0
253,3,10,150,20,0.0
254,3,10,150,20,0.04105877938688906
255,3,10,150,20,0.04610512027589789
256,3,10,150,20,0.032864970567577
257,3,10,150,20,0.12830873359117523
258,3,10,150,20,0.0
259,3,10,150,20,0.0
260,3,10,150,20,0.0
261,3,10,150,20,0.0
262,3,10,150,20,0.0
263,3,10,150,20,0.24793125633783572
264,3,10,150,20,0.22972462709034727
265,3,10,150,20,0.19802572813668026
266,3,10,150,20,0.0
267,3,10,150,20,0.14868758266796725
268,3,10,150,20,0.20106240392318073
269,3,10,150,20,0.0
270,3,10,150,20,0.0
271,3,10,150,20,0.044808643601671735
272,3,10,150,20,0.0
273,3,10,150,20,0.0
274,3,10,150,20,0.0
275,3,10,150,20,0.0
276,3,10,150,20,0.3456895383215237
277,3,10,150,20,0.0
278,3,10,150,20,0.0
279,3,10,150,20,0.16148358510029662
280,3,10,150,20,0.10940465798221156
281,3,10,150,20,0.0
282,3,10,150,20,0.0
283,3,10,150,20,0.0
284,3,10,150,20,0.0
285,3,10,150,20,0.0
286,3,10,150,20,0.0
287,3,10,150,20,0.0
288,3,10,150,20,0.0
289,3,10,150,20,0.0
290,3,10,150,20,0.10851999525591763
291,3,10,150,20,0.21784899171941496
292,3,10,150,20,0.19765598330367803
293,3,10,150,20,0.05059568297461706
294,3,10,150,20,0.0
295,3,10,150,20,0.0
296,3,10,150,20,0.10235135297694252
297,3,10,150,20,0.0
298,3,10,150,20,0.0383846381653829
299,3,10,150,20,0.09848006574447651
300,3,10,150,20,0.0
301,3,10,150,20,0.18938671951154307
302,3,10,150,20,0.0
303,3,10,150,20,0.24018005740530907
304,3,10,150,20,0.0
305,3,10,150,20,0.08116493159021057
306,3,10,150,20,0.0
307,3,10,150,20,0.0
308,3,10,150,20,0.06117331537803186
309,3,10,150,20,0.0
310,3,10,150,20,0.2890648263178879
311,3,10,150,20,0.20245351780214343
312,3,10,150,20,0.10393162789306344
313,3,10,150,20,0.07195935820413542
314,3,10,150,20,0.10737630780536749
315,3,10,150,20,0.09785159463516042
316,3,10,150,20,0.0
317,3,10,150,20,0.0
318,3,10,150,20,0.03406297225598251
319,3,10,150,20,0.0
320,3,10,150,20,0.0
321,3,10,150,20,0.042512356679180144
322,3,10,150,20,0.0
323,3,10,150,20,0.08041927109478651
324,3,10,150,20,0.0
325,3,10,150,20,0.0
326,3,10,150,20,0.09540432657628879
327,3,10,150,20,0.0
328,3,10,150,20,0.1544806733590227
329,3,10,150,20,0.0
330,3,10,150,20,0.23442938795657506
331,3,10,150,20,0.0
332,3,10,150,20,0.0
333,3,10,150,20,0.0
334,3,10,150,20,0.2032133550116892
335,3,10,150,20,0.0
336,3,10,150,20,0.0
337,3,10,150,20,0.09992090652113537
338,3,10,150,20,0.0
339,3,10,150,20,0.18128993603329682
340,3,10,150,20,0.12647135138382856
341,3,10,150,20,0.0
342,3,10,150,20,0.0
343,3,10,150,20,0.33875785657669777
344,3,10,150,20,0.12315563196364339
345,3,10,150,20,0.17755004954207163
346,3,10,150,20,0.08586742298856079
347,3,10,150,20,0.06708846384718839
348,3,10,150,20,0.0
349,3,10,150,20,0.07123530534387781
350,3,10,150,20,0.0845667599404342
351,3,10,150,20,0.0
352,3,10,150,20,0.11543235174412686
353,3,10,150,20,0.0
354,3,10,150,20,0.0
355,3,10,150,20,0.0
356,3,10,150,20,0.0
357,3,10,150,20,0.0
358,3,10,150,20,0.26730206653594746
359,3,10,150,20,0.0
360,3,10,150,20,0.10496459329418281
361,3,10,150,20,0.0
362,3,10,150,20,0.0
363,3,10,150,20,0.28265677256396116
364,3,10,150,20,0.0
365,3,10,150,20,0.0
366,3,10,150,20,0.10684080426179023
367,3,10,150,20,0.09817896789964464
368,3,10,150,20,0.0
369,3,10,150,20,0.0
370,3,10,150,20,0.045683428159663184
371,3,10,150,20,0.050924439617225085
372,3,10,150,20,0.0734773909038217
373,3,10,150,20,0.2371785148947886
374,3,10,150,20,0.18309881902054637
375,3,10,150,20,0.0
376,3,10,150,20,0.0
377,3,10,150,20,0.0
378,3,10,150,20,0.12308172059800965
379,3,10,150,20,0.11768414682180545
380,3,10,150,20,0.0
381,3,10,150,20,0.0
382,3,10,150,20,0.07847428227110642
383,3,10,150,20,0.0
384,3,10,150,20,0.0
385,3,10,150,20,0.1696823500848197
386,3,10,150,20,0.0
387,3,10,150,20,0.04275831251503158
388,3,10,150,20,0.0
389,3,10,150,20,0.14138496582349463
390,3,10,150,20,0.21398626473452756
391,3,10,150,20,0.2878009856044077
392,3,10,150,20,0.0334374913847135
393,3,10,150,20,0.22814573251668868
394,3,10,150,20,0.038892185327126634
395,3,10,150,20,0.051573320538546435
396,3,10,150,20,0.0
397,3,10,150,20,0.0
398,3,10,150,20,0.07911460050357041
399,3,10,150,20,0.0
400,3,10,150,20,0.0
401,3,10,150,20,0.0
402,3,10,150,20,0.424926013816671
403,3,10,150,20,0.0
404,3,10,150,20,0.0
405,3,10,150,20,0.30916581205090093
406,3,10,150,20,0.2737786732886888
407,3,10,150,20,0.10851999525591763
408,3,10,150,20,0.0
409,3,10,150,20,0.1609870098257706
410,3,10,150,20,0.0
411,3,10,150,20,0.07963818675918483
412,3,10,150,20,0.0
413,3,10,150,20,0.10122860821230018
414,3,10,150,20,0.0
415,3,10,150,20,0.0
416,3,10,150,20,0.21275353935891142
417,3,10,150,20,0.13200533510848533
418,3,10,150,20,0.07001560573318603
419,3,10,150,20,0.2098021491169666
420,3,10,150,20,0.0
421,3,10,150,20,0.06362078819895171
422,3,10,150,20,0.0
423,3,10,150,20,0.0
424,3,10,150,20,0.13291000263869587
425,3,10,150,20,0.0
426,3,10,150,20,0.07368403931179812
427,3,10,150,20,0.0
428,3,10,150,20,0.0
429,3,10,150,20,0.2339248100338134
430,3,10,150,20,0.062242588308449316
431,3,10,150,20,0.0
432,3,10,150,20,0.0
433,3,10,150,20,0.0
434,3,10,150,20,0.18672776492534796
435,3,10,150,20,0.4398051065287063
436,3,10,150,20,0.07102001981682865
437,3,10,150,20,0.0
438,3,10,150,20,0.0
439,3,10,150,20,0.0
440,3,10,150,20,0.04258528250242427
441,3,10,150,20,0.0
442,3,10,150,20,0.07102001981682865
443,3,10,150,20,0.0
444,3,10,150,20,0.19519002499605084
445,3,10,150,20,0.0
446,3,10,150,20,0.0
447,3,10,150,20,0.08610569288303137
448,3,10,150,20,0.0
449,3,10,150,20,0.0
450,3,10,150,20,0.4060466664674033
451,3,10,150,20,0.0
452,3,10,150,20,0.035510009908414325
453,3,10,150,20,0.19297559816849194
454,3,10,150,20,0.0
455,3,10,150,20,0.26800864752247183
456,3,10,150,20,0.21678096578757905
457,3,10,150,20,0.580029244575534
458,3,10,150,20,0.17110841290472273
459,3,10,150,20,0.0
460,3,10,150,20,0.0
461,3,10,150,20,0.10778915452451093
462,3,10,150,20,0.04622440829742681
463,3,10,150,20,0.1402129701779605
464,3,10,150,20,0.0
465,3,10,150,20,0.0733934381893728
466,3,10,150,20,0.09770690058701746
467,3,10,150,20,0.0
468,3,10,150,20,0.3938629999668415
469,3,10,150,20,0.050924439617225085
470,3,10,150,20,0.040162930685297936
471,3,10,150,20,0.0
472,3,10,150,20,0.33544681417525873
473,3,10,150,20,0.0
474,3,10,150,20,0.43572998801196444
475,3,10,150,20,0.0
476,3,10,150,20,0.13237559971837504
477,3,10,150,20,0.0
478,3,10,150,20,0.2680136148255396
479,3,10,150,20,0.11204767652036637
480,3,10,150,20,0.0881980292211471
481,3,10,150,20,0.0
482,3,10,150,20,0.10209739512291163
483,3,10,150,20,0.06194403202282284
484,3,10,150,20,0.2547959175537244
485,3,10,150,20,0.0
486,3,10,150,20,0.07513107696422992
487,3,10,150,20,0.12860138819581557
488,3,10,150,20,0.08961728720334347
489,3,10,150,20,0.0
490,3,10,150,20,0.07102001981682865
491,3,10,150,20,0.17758207479178334
492,3,10,150,20,0.0
493,3,10,150,20,0.239569643000228
494,3,10,150,20,0.05852543059818057
495,3,10,150,20,0.07102001981682865
496,3,10,150,20,0.0383846381653829
497,3,10,150,20,0.05494858807198588
498,3,10,150,20,0.0
499,3,10,150,20,0.06117331537803186
500,3,10,150,20,0.06117331537803186
501,3,10,150,20,0.0
502,3,10,150,20,0.0
503,3,10,150,20,0.35409732679877487
504,3,10,150,20,0.09770690058701746
505,3,10,150,20,0.032864970567577
506,3,10,150,20,0.08067984644270466
507,3,10,150,20,0.0
508,3,10,150,20,0.10598195897970358
509,3,10,150,20,0.0
510,3,10,150,20,0.06835476917178976
511,3,10,150,20,0.0
512,3,10,150,20,0.0
513,3,10,150,20,0.0
514,3,10,150,20,0.3196769784054262
515,3,10,150,20,0.0
516,3,10,150,20,0.07947838320659593
517,3,10,150,20,0.0
518,3,10,150,20,0.0
519,3,10,150,20,0.0
520,3,10,150,20,0.0
521,3,10,150,20,0.1420400396336573
522,3,10,150,20,0.11752277470724268
523,3,10,150,20,0.1816611066894729
524,3,10,150,20,0.07580895208575764
525,3,10,150,20,0.035769798946978335
526,3,10,150,20,0.03406297225598251
527,3,10,150,20,0.2659632837388995
528,3,10,150,20,0.044808643601671735
529,3,10,150,20,0.0
530,3,10,150,20,0.0
531,3,10,150,20,0.0
532,3,10,150,20,0.2739575967628473
533,3,10,150,20,0.3052153829300434
534,3,10,150,20,0.05494858807198588
535,3,10,150,20,0.3616997109433528
536,3,10,150,20,0.15193136077842936
537,3,10,150,20,0.24027065833032038
538,3,10,150,20,0.12368025945932598
539,3,10,150,20,0.0
540,3,10,150,20,0.0
541,3,10,150,20,0.07449627077160256
542,3,10,150,20,0.07102001981682865
543,3,10,150,20,0.0
544,3,10,150,20,0.0
545,3,10,150,20,0.2863539479519759
546,3,10,150,20,0.0
547,3,10,150,20,0.0
548,3,10,150,20,0.10851999525591763
549,3,10,150,20,0.05502294157452004
550,3,10,150,20,0.0845667599404342
551,3,10,150,20,0.29520769293341287
552,3,10,150,20,0.0
553,3,10,150,20,0.09225533843843052
554,3,10,150,20,0.0
555,3,10,150,20,0.0
556,3,10,150,20,0.1482972305701491
557,3,10,150,20,0.04734667987788577
558,3,10,150,20,0.21398626473452756
559,3,10,150,20,0.03233829114831982
560,3,10,150,20,0.158799571529776
561,3,10,150,20,0.1321933351948605
562,3,10,150,20,0.0
563,3,10,150,20,0.10791970824616881
564,3,10,150,20,0.0
565,3,10,150,20,0.10616358571646685
566,3,10,150,20,0.13696396708122924
567,3,10,150,20,0.3281358366859406
568,3,10,150,20,0.0
569,3,10,150,20,0.0
570,3,10,150,20,0.0
571,3,10,150,20,0.0
572,3,10,150,20,0.30260241349881345
573,3,10,150,20,0.0
574,3,10,150,20,0.0
575,3,10,150,20,0.07945707943276742
576,3,10,150,20,0.0
577,3,10,150,20,0.25056003488957496
578,3,10,150,20,0.0
579,3,10,150,20,0.08006506288147622
580,3,10,150,20,0.0
581,3,10,150,20,0.0
582,3,10,150,20,0.07102001981682865
583,3,10,150,20,0.0874717141014082
584,3,10,150,20,0.20261715588288354
585,3,10,150,20,0.05494858807198588
586,3,10,150,20,0.15035291464827466
587,3,10,150,20,0.0
588,3,10,150,20,0.25664246260858137
589,3,10,150,20,0.0
590,3,10,150,20,0.1076424320455391
591,3,10,150,20,0.03406297225598251
592,3,10,150,20,0.2893110860389
593,3,10,150,20,0.1406650613315931
594,3,10,150,20,0.0
595,3,10,150,20,0.03406297225598251
596,3,10,150,20,0.09803928583135704
597,3,10,150,20,0.0
598,3,10,150,20,0.0
599,3,10,150,20,0.0
600,3,10,150,20,0.1734343791052641
601,3,10,150,20,0.27441563935203234
602,3,10,150,20,0.0
603,3,10,150,20,0.0845667599404342
604,3,10,150,20,0.0
605,3,10,150,20,0.13983316477167973
606,3,10,150,20,0.42086249859666547
607,3,10,150,20,0.0
608,3,10,150,20,0.31728362864989107
609,3,10,150,20,0.0
610,3,10,150,20,0.1074600427911914
611,3,10,150,20,0.0
612,3,10,150,20,0.09162544430476362
613,3,10,150,20,0.07839826897867533
614,3,10,150,20,0.1467868763787456
615,3,10,150,20,0.06577578253303332
616,3,10,150,20,0.0
617,3,10,150,20,0.0
618,3,10,150,20,0.1420400396336573
619,3,10,150,20,0.12040523831841486
620,3,10,150,20,0.23804740709253225
621,3,10,150,20,0.06957298216439683
622,3,10,150,20,0.3935140563475195
623,3,10,150,20,0.044808643601671735
624,3,10,150,20,0.0383846381653829
625,3,10,150,20,0.11207879920371772
626,3,10,150,20,0.0
627,3,10,150,20,0.1847983521486889
628,3,10,150,20,0.0
629,3,10,150,20,0.28775672518379053
630,3,10,150,20,0.1201518497878827
631,3,10,150,20,0.0
632,3,10,150,20,0.035510009908414325
633,3,10,150,20,0.0
634,3,10,150,20,0.10940465798221156
635,3,10,150,20,0.0
636,3,10,150,20,0.30260241349881345
637,3,10,150,20,0.0
638,3,10,150,20,0.0383846381653829
639,3,10,150,20,0.0
640,3,10,150,20,0.15942547908160348
641,3,10,150,20,0.051358492238643604
642,3,10,150,20,0.35795044248708974
643,3,10,150,20,0.4910071384527009
644,3,10,150,20,0.0
645,3,10,150,20,0.07714693474999154
646,3,10,150,20,0.11243817952384734
647,3,10,150,20,0.036356287988538835
648,3,10,150,20,0.16294463560379283
649,3,10,150,20,0.0
650,3,10,150,20,0.23872336492010351
651,3,10,150,20,0.0
652,3,10,150,20,0.0
653,3,10,150,20,0.24597166752672076
654,3,10,150,20,0.09592348807690045
655,3,10,150,20,0.3080216899076079
656,3,10,150,20,0.0
657,3,10,150,20,0.2073612289146658
658,3,10,150,20,0.08781355863956289
659,3,10,150,20,0.146603050433492
660,3,10,150,20,0.0
661,3,10,150,20,0.11293003344905322
662,3,10,150,20,0.0
663,3,10,150,20,0.21123298999478918
664,3,10,150,20,0.4407162811171798
665,3,10,150,20,0.07102001981682865
666,3,10,150,20,0.15035291464827466
667,3,10,150,20,0.0
668,3,10,150,20,0.0
669,3,10,150,20,0.2822672353928579
670,3,10,150,20,0.0
671,3,10,150,20,0.27175032311184477
672,3,10,150,20,0.048159222084064895
673,3,10,150,20,0.0
674,3,10,150,20,0.0
675,3,10,150,20,0.0
676,3,10,150,20,0.30941241457376056
677,3,10,150,20,0.0
678,3,10,150,20,0.0
679,3,10,150,20,0.07597735504435443
680,3,10,150,20,0.0
681,3,10,150,20,0.0
682,3,10,150,20,0.5570483300657464
683,3,10,150,20,0.036356287988538835
684,3,10,150,20,0.05059568297461706
685,3,10,150,20,0.0
686,3,10,150,20,0.09165446236150611
687,3,10,150,20,0.0
688,3,10,150,20,0.0
689,3,10,150,20,0.3364961083156172
690,3,10,150,20,0.3789204749461912
691,3,10,150,20,0.5056224428183818
692,3,10,150,20,0.0
693,3,10,150,20,0.0966833252864462
694,3,10,150,20,0.20822240079550774
695,3,10,150,20,0.0
696,3,10,150,20,0.0
697,3,10,150,20,0.0
698,3,10,150,20,0.0
699,3,10,150,20,0.03406297225598251
700,3,10,150,20,0.0
701,3,10,150,20,0.050259389402918644
702,3,10,150,20,0.0
703,3,10,150,20,0.15555725495720263
704,3,10,150,20,0.044808643601671735
705,3,10,150,20,0.2639956179853206
706,3,10,150,20,0.0
707,3,10,150,20,0.3255082963902004
708,3,10,150,20,0.0
709,3,10,150,20,0.15336500270107625
710,3,10,150,20,0.3186809667810567
711,3,10,150,20,0.16147861779722886
712,3,10,150,20,0.07714693474999154
713,3,10,150,20,0.0
714,3,10,150,20,0.06786785134613488
715,3,10,150,20,0.26450202050522753
716,3,10,150,20,0.3248611058364999
717,3,10,150,20,0.08901156032796839
718,3,10,150,20,0.0
719,3,10,150,20,0.08140965213386828
720,3,10,150,20,0.0
721,3,10,150,20,0.1151949809346199
722,3,10,150,20,0.04173963774222741
723,3,10,150,20,0.0
724,3,10,150,20,0.0
725,3,10,150,20,0.0
726,3,10,150,20,0.0
727,3,10,150,20,0.12972605944873294
728,3,10,150,20,0.0
729,3,10,150,20,0.0
730,3,10,150,20,0.0
731,3,10,150,20,0.12305477858805697
732,3,10,150,20,0.0
733,3,10,150,20,0.0
734,3,10,150,20,0.08898032113999996
735,3,10,150,20,0.08151055815578559
736,3,10,150,20,0.0
737,3,10,150,20,0.12127716502890909
738,3,10,150,20,0.15687565034244974
739,3,10,150,20,0.14538754575968496
740,3,10,150,20,0.0
741,3,10,150,20,0.04734667987788577
742,3,10,150,20,0.0
743,3,10,150,20,0.049043960636177025
744,3,10,150,20,0.0
745,3,10,150,20,0.07824613498638523
746,3,10,150,20,0.19523650395358816
747,3,10,150,20,0.1735046100574603
748,3,10,150,20,0.05494858807198588
749,3,10,150,20,0.4591231877202697
750,3,10,150,20,0.0
751,3,10,150,20,0.0
752,3,10,150,20,0.0
753,3,10,150,20,0.0
754,3,10,150,20,0.0
755,3,10,150,20,0.0
756,3,10,150,20,0.06117331537803186
757,3,10,150,20,0.08961728720334347
758,3,10,150,20,0.2113372437323836
759,3,10,150,20,0.0
760,3,10,150,20,0.04568304891751105
761,3,10,150,20,0.11631124861532972
762,3,10,150,20,0.0
763,3,10,150,20,0.0334374913847135
764,3,10,150,20,0.0
765,3,10,150,20,0.0
766,3,10,150,20,0.06881314495485108
767,3,10,150,20,0.049710505523782283
768,3,10,150,20,0.05059568297461706
769,3,10,150,20,0.0
770,3,10,150,20,0.18348359547343202
771,3,10,150,20,0.0
772,3,10,150,20,0.0
773,3,10,150,20,0.21390633753061045
774,3,10,150,20,0.0
775,3,10,150,20,0.0
776,3,10,150,20,0.0
777,3,10,150,20,0.0
778,3,10,150,20,0.08961728720334347
779,3,10,150,20,0.0
780,3,10,150,20,0.09020391984290527
781,3,10,150,20,0.07055658259096848
782,3,10,150,20,0.0
783,3,10,150,20,0.0
784,3,10,150,20,0.0
785,3,10,150,20,0.22253651209328454
786,3,10,150,20,0.13609153875240038
787,3,10,150,20,0.0
788,3,10,150,20,0.06692794282355952
789,3,10,150,20,0.07745351606183934
790,3,10,150,20,0.1251272971117578
791,3,10,150,20,0.0
792,3,10,150,20,0.059109628562248356
793,3,10,150,20,0.08021827351724287
794,3,10,150,20,0.08021827351724287
795,3,10,150,20,0.08961728720334347
796,3,10,150,20,0.08573131804326867
797,3,10,150,20,0.13905617951077562
798,3,10,150,20,0.0
799,3,10,150,20,0.2836929289153804
800,3,10,150,20,0.0
801,3,10,150,20,0.0
802,3,10,150,20,0.05621908976192367
803,3,10,150,20,0.0
804,3,10,150,20,0.3998598722967865
805,3,10,150,20,0.21390633753061045
806,3,10,150,20,0.07368403931179812
807,3,10,150,20,0.18938671951154307
808,3,10,150,20,0.0
809,3,10,150,20,0.0
810,3,10,150,20,0.0
811,3,10,150,20,0.0
812,3,10,150,20,0.0
813,3,10,150,20,0.0
814,3,10,150,20,0.0
815,3,10,150,20,0.0
816,3,10,150,20,0.0
817,3,10,150,20,0.0
818,3,10,150,20,0.0
819,3,10,150,20,0.0
820,3,10,150,20,0.0
821,3,10,150,20,0.0
822,3,10,150,20,0.0
823,3,10,150,20,0.12621896605722563
824,3,10,150,20,0.0
825,3,10,150,20,0.18485357483735784
826,3,10,150,20,0.04455257454866284
827,3,10,150,20,0.0
828,3,10,150,20,0.0
829,3,10,150,20,0.0
830,3,10,150,20,0.05059568297461706
831,3,10,150,20,0.0
832,3,10,150,20,0.0
833,3,10,150,20,0.07750848521390015
834,3,10,150,20,0.0
835,3,10,150,20,0.04191911005669532
836,3,10,150,20,0.0
837,3,10,150,20,0.05351287869030783
838,3,10,150,20,0.08633629724227374
839,3,10,150,20,0.0
840,3,10,150,20,0.07656878929530339
841,3,10,150,20,0.0
842,3,10,150,20,0.0
843,3,10,150,20,0.04734667987788577
844,3,10,150,20,0.0
845,3,10,150,20,0.0
846,3,10,150,20,0.08209685257675434
847,3,10,150,20,0.0
848,3,10,150,20,0.0
849,3,10,150,20,0.0
850,3,10,150,20,0.0
851,3,10,150,20,0.1637733768567814
852,3,10,150,20,0.07256783117062009
853,3,10,150,20,0.0
854,3,10,150,20,0.0
855,3,10,150,20,0.0
856,3,10,150,20,0.0
857,3,10,150,20,0.0
858,3,10,150,20,0.0
859,3,10,150,20,0.0
860,3,10,150,20,0.0
861,3,10,150,20,0.0
862,3,10,150,20,0.0
863,3,10,150,20,0.0
864,3,10,150,20,0.11884821741484687
865,3,10,150,20,0.0
866,3,10,150,20,0.0
867,3,10,150,20,0.13120507751234178
868,3,10,150,20,0.0
870,3,10,150,20,0.0
871,3,10,150,20,0.0
872,3,10,150,20,0.0
875,3,10,150,20,0.1395953738647505
876,3,10,150,20,0.0
877,3,10,150,20,0.0
1,3,10,150,21,0.937791546067952
2,3,10,150,21,0.06362078819895171
3,3,10,150,21,0.0
4,3,10,150,21,0.0
5,3,10,150,21,0.030868393892711742
6,3,10,150,21,0.06882774587085459
7,3,10,150,21,0.17485525777677383
8,3,10,150,21,0.0
9,3,10,150,21,0.0
10,3,10,150,21,0.16409920264511527
11,3,10,150,21,0.0
12,3,10,150,21,0.0
13,3,10,150,21,0.16952172034768737
14,3,10,150,21,0.0
15,3,10,150,21,0.0
16,3,10,150,21,0.05494858807198588
17,3,10,150,21,0.0
18,3,10,150,21,0.16140412473511767
19,3,10,150,21,0.0
20,3,10,150,21,0.0
21,3,10,150,21,0.03475017269886857
22,3,10,150,21,0.0
23,3,10,150,21,0.1706669947529375
24,3,10,150,21,0.2130978642098899
25,3,10,150,21,0.0
26,3,10,150,21,0.0
28,3,10,150,21,0.0
29,3,10,150,21,0.0
30,3,10,150,21,0.0979129253499678
31,3,10,150,21,0.0
32,3,10,150,21,0.0
33,3,10,150,21,0.0
34,3,10,150,21,0.0
35,3,10,150,21,0.0
37,3,10,150,21,0.0
38,3,10,150,21,0.0
39,3,10,150,21,0.0
40,3,10,150,21,0.0
41,3,10,150,21,0.0
42,3,10,150,21,0.11676800180580715
43,3,10,150,21,0.27677694555854593
44,3,10,150,21,0.04195229264874745
45,3,10,150,21,0.0
46,3,10,150,21,0.14434031438272124
47,3,10,150,21,0.0
48,3,10,150,21,0.0874717141014082
49,3,10,150,21,0.08271136618344595
50,3,10,150,21,0.0
51,3,10,150,21,0.18953836965473142
52,3,10,150,21,0.0
53,3,10,150,21,0.09546043308946733
54,3,10,150,21,0.07984133538066794
55,3,10,150,21,0.0
56,3,10,150,21,0.049033875503285806
57,3,10,150,21,0.0
58,3,10,150,21,0.03134006003933629
59,3,10,150,21,0.09544014428449586
60,3,10,150,21,0.05325241341153146
61,3,10,150,21,0.0
62,3,10,150,21,0.04588516391390306
63,3,10,150,21,0.0
64,3,10,150,21,0.0
65,3,10,150,21,0.26359514085347857
66,3,10,150,21,0.0
67,3,10,150,21,0.0
68,3,10,150,21,0.0
69,3,10,150,21,0.0
70,3,10,150,21,0.0
71,3,10,150,21,0.0
72,3,10,150,21,0.16084022171949366
73,3,10,150,21,0.0
74,3,10,150,21,0.0
75,3,10,150,21,0.11731968150568911
76,3,10,150,21,0.05947719272904215
77,3,10,150,21,0.33958467175585033
78,3,10,150,21,0.0
79,3,10,150,21,0.0
80,3,10,150,21,0.08297572808511901
81,3,10,150,21,0.0
82,3,10,150,21,0.102510236415557
83,3,10,150,21,0.04630610387058298
84,3,10,150,21,0.0
85,3,10,150,21,0.08685094548235438
86,3,10,150,21,0.0
87,3,10,150,21,0.039791360812020615
88,3,10,150,21,0.0
89,3,10,150,21,0.22860031301980846
90,3,10,150,21,0.22985376312455424
91,3,10,150,21,0.13114221140465185
92,3,10,150,21,0.07080335808135314
93,3,10,150,21,0.0
94,3,10,150,21,0.20391984638796112
95,3,10,150,21,0.049033875503285806
96,3,10,150,21,0.0
97,3,10,150,21,0.05502294157452004
98,3,10,150,21,0.0
99,3,10,150,21,0.0
100,3,10,150,21,0.0
101,3,10,150,21,0.0
102,3,10,150,21,0.03134006003933629
103,3,10,150,21,0.0
104,3,10,150,21,0.12171451575741458
106,3,10,150,21,0.0
107,3,10,150,21,0.0
108,3,10,150,21,0.0
109,3,10,150,21,0.06708450948125641
110,3,10,150,21,0.039667414566743345
111,3,10,150,21,0.0
112,3,10,150,21,0.0
113,3,10,150,21,0.0
114,3,10,150,21,0.0
115,3,10,150,21,0.046806851959664796
116,3,10,150,21,0.03301150301122833
117,3,10,150,21,0.0
118,3,10,150,21,0.0
119,3,10,150,21,0.034073291417269544
121,3,10,150,21,0.0
122,3,10,150,21,0.0
123,3,10,150,21,0.46927872602275644
124,3,10,150,21,0.10889376106823218
125,3,10,150,21,0.10183924888208293
126,3,10,150,21,0.0
127,3,10,150,21,0.0
128,3,10,150,21,0.030868393892711742
129,3,10,150,21,0.0
130,3,10,150,21,0.03367749068016014
131,3,10,150,21,0.19519002499605084
132,3,10,150,21,0.09109240322345806
133,3,10,150,21,0.0
134,3,10,150,21,0.0
135,3,10,150,21,0.0
136,3,10,150,21,0.26687965254220064
137,3,10,150,21,0.0
138,3,10,150,21,0.13012668333070054
139,3,10,150,21,0.0
140,3,10,150,21,0.0
141,3,10,150,21,0.15194751309721466
142,3,10,150,21,0.30260241349881345
143,3,10,150,21,0.0
144,3,10,150,21,0.17557455307784
145,3,10,150,21,0.0
146,3,10,150,21,0.0
147,3,10,150,21,0.0
148,3,10,150,21,0.042512356679180144
149,3,10,150,21,0.0
150,3,10,150,21,0.0
151,3,10,150,21,0.0
152,3,10,150,21,0.0
153,3,10,150,21,0.0
154,3,10,150,21,0.0
155,3,10,150,21,0.0
156,3,10,150,21,0.0
157,3,10,150,21,0.0
158,3,10,150,21,0.06882774587085459
159,3,10,150,21,0.11026617795298452
160,3,10,150,21,0.0
161,3,10,150,21,0.0
162,3,10,150,21,0.0
163,3,10,150,21,0.0
164,3,10,150,21,0.0
165,3,10,150,21,0.0
166,3,10,150,21,0.0
167,3,10,150,21,0.0
168,3,10,150,21,0.0
169,3,10,150,21,0.0
170,3,10,150,21,0.0
171,3,10,150,21,0.0
172,3,10,150,21,0.0
173,3,10,150,21,0.0
174,3,10,150,21,0.0
175,3,10,150,21,0.3761635367652849
176,3,10,150,21,0.0
177,3,10,150,21,0.0
178,3,10,150,21,0.20773158573154196
179,3,10,150,21,0.0
180,3,10,150,21,0.0
181,3,10,150,21,0.03719976603506465
182,3,10,150,21,0.13120507751234178
183,3,10,150,21,0.0
184,3,10,150,21,0.0
185,3,10,150,21,0.0
186,3,10,150,21,0.0
187,3,10,150,21,0.09162544430476362
188,3,10,150,21,0.0
189,3,10,150,21,0.17381064264298535
190,3,10,150,21,0.0
191,3,10,150,21,0.0
192,3,10,150,21,0.0
193,3,10,150,21,0.0
194,3,10,150,21,0.049033875503285806
195,3,10,150,21,0.061734604266276284
196,3,10,150,21,0.17342765698823945
197,3,10,150,21,0.0
198,3,10,150,21,0.1281127392540743
199,3,10,150,21,0.0
200,3,10,150,21,0.034413872935427296
201,3,10,150,21,0.30909891067493134
202,3,10,150,21,0.0
203,3,10,150,21,0.0
204,3,10,150,21,0.0
205,3,10,150,21,0.0
206,3,10,150,21,0.0
207,3,10,150,21,0.0
208,3,10,150,21,0.0
209,3,10,150,21,0.0
210,3,10,150,21,0.0
211,3,10,150,21,0.0
212,3,10,150,21,0.0
213,3,10,150,21,0.051573320538546435
214,3,10,150,21,0.1257260924843343
215,3,10,150,21,0.157288596461893
216,3,10,150,21,0.22096776232430695
217,3,10,150,21,0.04972780777662495
218,3,10,150,21,0.06323567569191428
219,3,10,150,21,0.0
220,3,10,150,21,0.0
221,3,10,150,21,0.10861910668287521
222,3,10,150,21,0.23414264355272435
223,3,10,150,21,0.0
224,3,10,150,21,0.0
225,3,10,150,21,0.0
226,3,10,150,21,0.0
227,3,10,150,21,0.0
229,3,10,150,21,0.0
230,3,10,150,21,0.0
231,3,10,150,21,0.0
232,3,10,150,21,0.0
233,3,10,150,21,0.09198623807652574
234,3,10,150,21,0.1774468525537298
235,3,10,150,21,0.04622440829742681
236,3,10,150,21,0.12127042983235181
237,3,10,150,21,0.0
238,3,10,150,21,0.0
239,3,10,150,21,0.0
240,3,10,150,21,0.0
241,3,10,150,21,0.07123530534387781
242,3,10,150,21,0.0
243,3,10,150,21,0.0
244,3,10,150,21,0.1706669947529375
245,3,10,150,21,0.0
246,3,10,150,21,0.0
247,3,10,150,21,0.15642624200758548
248,3,10,150,21,0.1800221130349669
249,3,10,150,21,0.18602080451448422
250,3,10,150,21,0.045740759208807255
251,3,10,150,21,0.0
252,3,10,150,21,0.0
253,3,10,150,21,0.0
254,3,10,150,21,0.039791360812020615
255,3,10,150,21,0.04610512027589789
256,3,10,150,21,0.031850481710824656
257,3,10,150,21,0.12830873359117523
258,3,10,150,21,0.0
259,3,10,150,21,0.0
260,3,10,150,21,0.0
261,3,10,150,21,0.0
262,3,10,150,21,0.0
263,3,10,150,21,0.29196331077693755
264,3,10,150,21,0.22972462709034727
265,3,10,150,21,0.19802572813668026
266,3,10,150,21,0.0
267,3,10,150,21,0.14409783579921728
268,3,10,150,21,0.19485593044186447
269,3,10,150,21,0.0
270,3,10,150,21,0.0
271,3,10,150,21,0.04342547274117719
272,3,10,150,21,0.0
273,3,10,150,21,0.0
274,3,10,150,21,0.0
275,3,10,150,21,0.0
276,3,10,150,21,0.3350186574880253
277,3,10,150,21,0.0
278,3,10,150,21,0.0
279,3,10,150,21,0.15649884618821341
280,3,10,150,21,0.10602751190591925
281,3,10,150,21,0.0
282,3,10,150,21,0.0
283,3,10,150,21,0.0
284,3,10,150,21,0.0
285,3,10,150,21,0.0
286,3,10,150,21,0.0
287,3,10,150,21,0.0
288,3,10,150,21,0.0
289,3,10,150,21,0.0
290,3,10,150,21,0.10517015729712276
291,3,10,150,21,0.24199273712660171
292,3,10,150,21,0.19765598330367803
293,3,10,150,21,0.049033875503285806
294,3,10,150,21,0.0
295,3,10,150,21,0.030868393892711742
296,3,10,150,21,0.10235135297694252
297,3,10,150,21,0.030868393892711742
298,3,10,150,21,0.03719976603506465
299,3,10,150,21,0.09544014428449586
300,3,10,150,21,0.0
301,3,10,150,21,0.18354065565561223
302,3,10,150,21,0.0
303,3,10,150,21,0.23276608478814786
304,3,10,150,21,0.0
305,3,10,150,21,0.07865950051160896
306,3,10,150,21,0.0
307,3,10,150,21,0.0
308,3,10,150,21,0.05928499338321969
309,3,10,150,21,0.0
310,3,10,150,21,0.2890648263178879
311,3,10,150,21,0.19620410286966175
312,3,10,150,21,0.10072342546534961
313,3,10,150,21,0.06973808839082343
314,3,10,150,21,0.10406177364128634
315,3,10,150,21,0.09785159463516042
316,3,10,150,21,0.0
317,3,10,150,21,0.0
318,3,10,150,21,0.03301150301122833
319,3,10,150,21,0.0
320,3,10,150,21,0.0
321,3,10,150,21,0.042512356679180144
322,3,10,150,21,0.0
323,3,10,150,21,0.12229181918924699
324,3,10,150,21,0.0
325,3,10,150,21,0.0
326,3,10,150,21,0.092459348244463
327,3,10,150,21,0.0
328,3,10,150,21,0.14971210308496505
329,3,10,150,21,0.056720838976548935
330,3,10,150,21,0.23442938795657506
331,3,10,150,21,0.0
332,3,10,150,21,0.0
333,3,10,150,21,0.0
334,3,10,150,21,0.1969404851249289
335,3,10,150,21,0.0
336,3,10,150,21,0.0
337,3,10,150,21,0.09992090652113537
338,3,10,150,21,0.0
339,3,10,150,21,0.1756938068790365
340,3,10,150,21,0.12647135138382856
341,3,10,150,21,0.0
342,3,10,150,21,0.0
343,3,10,150,21,0.3283009456256375
344,3,10,150,21,0.1193540154060838
345,3,10,150,21,0.1720693646771365
346,3,10,150,21,0.11408522744590954
347,3,10,150,21,0.06501755071949643
348,3,10,150,21,0.0
349,3,10,150,21,0.07123530534387781
350,3,10,150,21,0.0845667599404342
351,3,10,150,21,0.0
352,3,10,150,21,0.11543235174412686
353,3,10,150,21,0.0
354,3,10,150,21,0.0
355,3,10,150,21,0.0
356,3,10,150,21,0.0
357,3,10,150,21,0.0
358,3,10,150,21,0.26730206653594746
359,3,10,150,21,0.0
360,3,10,150,21,0.10496459329418281
361,3,10,150,21,0.0
362,3,10,150,21,0.0
363,3,10,150,21,0.27393161197201416
364,3,10,150,21,0.0
365,3,10,150,21,0.0527075128660253
366,3,10,150,21,0.10684080426179023
367,3,10,150,21,0.09817896789964464
368,3,10,150,21,0.0
369,3,10,150,21,0.0
370,3,10,150,21,0.045683428159663184
371,3,10,150,21,0.050924439617225085
372,3,10,150,21,0.0734773909038217
373,3,10,150,21,0.22985719507412788
374,3,10,150,21,0.1774468525537298
375,3,10,150,21,0.0
376,3,10,150,21,0.0
377,3,10,150,21,0.0
378,3,10,150,21,0.11928238556559759
379,3,10,150,21,0.11405142622278223
380,3,10,150,21,0.0
381,3,10,150,21,0.0
382,3,10,150,21,0.07847428227110642
383,3,10,150,21,0.0
384,3,10,150,21,0.0
385,3,10,150,21,0.16444452846576046
386,3,10,150,21,0.0
387,3,10,150,21,0.04143843208212992
388,3,10,150,21,0.0
389,3,10,150,21,0.13702063900794742
390,3,10,150,21,0.21398626473452756
391,3,10,150,21,0.2789170314180602
392,3,10,150,21,0.06327372362257774
393,3,10,150,21,0.22110324018042227
394,3,10,150,21,0.038892185327126634
395,3,10,150,21,0.051573320538546435
396,3,10,150,21,0.0
397,3,10,150,21,0.030868393892711742
398,3,10,150,21,0.07667245985256167
399,3,10,150,21,0.0
400,3,10,150,21,0.0
401,3,10,150,21,0.0
402,3,10,150,21,0.424926013816671
403,3,10,150,21,0.0
404,3,10,150,21,0.0
405,3,10,150,21,0.29962235998635367
406,3,10,150,21,0.26532756536218954
407,3,10,150,21,0.10517015729712276
408,3,10,150,21,0.06163932007960398
409,3,10,150,21,0.15601759939485885
410,3,10,150,21,0.0
411,3,10,150,21,0.07963818675918483
412,3,10,150,21,0.0
413,3,10,150,21,0.10122860821230018
414,3,10,150,21,0.0
415,3,10,150,21,0.07605458145297357
416,3,10,150,21,0.20618617930391198
417,3,10,150,21,0.1279305424284172
418,3,10,150,21,0.07001560573318603
419,3,10,150,21,0.2098021491169666
420,3,10,150,21,0.0527075128660253
421,3,10,150,21,0.06362078819895171
422,3,10,150,21,0.0
423,3,10,150,21,0.0
424,3,10,150,21,0.13291000263869587
425,3,10,150,21,0.0
426,3,10,150,21,0.07140953136271548
427,3,10,150,21,0.0
428,3,10,150,21,0.0
429,3,10,150,21,0.22670392685641189
430,3,10,150,21,0.062242588308449316
431,3,10,150,21,0.0
432,3,10,150,21,0.0
433,3,10,150,21,0.0
434,3,10,150,21,0.18672776492534796
435,3,10,150,21,0.4570974231570639
436,3,10,150,21,0.06882774587085459
437,3,10,150,21,0.0
438,3,10,150,21,0.0
439,3,10,150,21,0.0
440,3,10,150,21,0.04258528250242427
441,3,10,150,21,0.0
442,3,10,150,21,0.06882774587085459
443,3,10,150,21,0.056720838976548935
444,3,10,150,21,0.19519002499605084
445,3,10,150,21,0.0
446,3,10,150,21,0.0
447,3,10,150,21,0.0834477484387131
448,3,10,150,21,0.0
449,3,10,150,21,0.0
450,3,10,150,21,0.42438105192077663
451,3,10,150,21,0.0
452,3,10,150,21,0.034413872935427296
453,3,10,150,21,0.18701875139254528
454,3,10,150,21,0.0
455,3,10,150,21,0.25973565102409524
456,3,10,150,21,0.21008928554720557
457,3,10,150,21,0.5621246733846843
458,3,10,150,21,0.165826571016823
459,3,10,150,21,0.0
460,3,10,150,21,0.0
461,3,10,150,21,0.10778915452451093
462,3,10,150,21,0.04622440829742681
463,3,10,150,21,0.13588482098564017
464,3,10,150,21,0.0
465,3,10,150,21,0.0733934381893728
466,3,10,150,21,0.09469084549366139
467,3,10,150,21,0.0
468,3,10,150,21,0.3817050817440999
469,3,10,150,21,0.050924439617225085
470,3,10,150,21,0.040162930685297936
471,3,10,150,21,0.0
472,3,10,150,21,0.32509210978524156
473,3,10,150,21,0.0
474,3,10,150,21,0.42227970311114454
475,3,10,150,21,0.0
476,3,10,150,21,0.1282893775644843
477,3,10,150,21,0.0
478,3,10,150,21,0.2597404649944953
479,3,10,150,21,0.10858894470677255
480,3,10,150,21,0.0881980292211471
481,3,10,150,21,0.0
482,3,10,150,21,0.10209739512291163
483,3,10,150,21,0.06194403202282284
484,3,10,150,21,0.24693077680842113
485,3,10,150,21,0.0
486,3,10,150,21,0.07281190128691443
487,3,10,150,21,0.12463166988983759
488,3,10,150,21,0.08685094548235438
489,3,10,150,21,0.0
490,3,10,150,21,0.06882774587085459
491,3,10,150,21,0.17758207479178334
492,3,10,150,21,0.0
493,3,10,150,21,0.23217451289536062
494,3,10,150,21,0.05852543059818057
495,3,10,150,21,0.06882774587085459
496,3,10,150,21,0.03719976603506465
497,3,10,150,21,0.05325241341153146
498,3,10,150,21,0.0
499,3,10,150,21,0.05928499338321969
500,3,10,150,21,0.09015338727593143
501,3,10,150,21,0.0
502,3,10,150,21,0.0
503,3,10,150,21,0.34316691103879404
504,3,10,150,21,0.12555923938637314
505,3,10,150,21,0.031850481710824656
506,3,10,150,21,0.07818938916350776
507,3,10,150,21,0.0
508,3,10,150,21,0.10271046612439688
509,3,10,150,21,0.0
510,3,10,150,21,0.06835476917178976
511,3,10,150,21,0.0
512,3,10,150,21,0.0
513,3,10,150,21,0.0
514,3,10,150,21,0.3406774574102873
515,3,10,150,21,0.0
516,3,10,150,21,0.07947838320659593
517,3,10,150,21,0.0
518,3,10,150,21,0.0
519,3,10,150,21,0.0
520,3,10,150,21,0.0
521,3,10,150,21,0.13765549174170919
522,3,10,150,21,0.11752277470724268
523,3,10,150,21,0.17605352009319633
524,3,10,150,21,0.07346885149218076
525,3,10,150,21,0.035769798946978335
526,3,10,150,21,0.03301150301122833
527,3,10,150,21,0.25775342433544807
528,3,10,150,21,0.044808643601671735
529,3,10,150,21,0.0
530,3,10,150,21,0.0
531,3,10,150,21,0.0
532,3,10,150,21,0.265500965756071
533,3,10,150,21,0.29579387426764403
534,3,10,150,21,0.05325241341153146
535,3,10,150,21,0.35053462179507344
536,3,10,150,21,0.14724148368926512
537,3,10,150,21,0.23285388900811888
538,3,10,150,21,0.11986244849358271
539,3,10,150,21,0.0
540,3,10,150,21,0.0
541,3,10,150,21,0.07219669054188663
542,3,10,150,21,0.06882774587085459
543,3,10,150,21,0.0
544,3,10,150,21,0.0
545,3,10,150,21,0.30838305538657296
546,3,10,150,21,0.0
547,3,10,150,21,0.0
548,3,10,150,21,0.10517015729712276
549,3,10,150,21,0.05502294157452004
550,3,10,150,21,0.0845667599404342
551,3,10,150,21,0.28609510558778556
552,3,10,150,21,0.0
553,3,10,150,21,0.08940756431280762
554,3,10,150,21,0.0
555,3,10,150,21,0.0
556,3,10,150,21,0.1482972305701491
557,3,10,150,21,0.04588516391390306
558,3,10,150,21,0.21398626473452756
559,3,10,150,21,0.03134006003933629
560,3,10,150,21,0.15389768380580102
561,3,10,150,21,0.1281127392540743
562,3,10,150,21,0.0
563,3,10,150,21,0.10791970824616881
564,3,10,150,21,0.0
565,3,10,150,21,0.10616358571646685
566,3,10,150,21,0.13273610939625743
567,3,10,150,21,0.3488752043215162
568,3,10,150,21,0.0
569,3,10,150,21,0.0
570,3,10,150,21,0.0
571,3,10,150,21,0.0
572,3,10,150,21,0.30260241349881345
573,3,10,150,21,0.0
574,3,10,150,21,0.0
575,3,10,150,21,0.07945707943276742
576,3,10,150,21,0.0
577,3,10,150,21,0.24282564903883194
578,3,10,150,21,0.0
579,3,10,150,21,0.07759358298340609
580,3,10,150,21,0.0
581,3,10,150,21,0.0
582,3,10,150,21,0.06882774587085459
583,3,10,150,21,0.0874717141014082
584,3,10,150,21,0.20261715588288354
585,3,10,150,21,0.05325241341153146
586,3,10,150,21,0.14571176165599445
587,3,10,150,21,0.0
588,3,10,150,21,0.24872032198318414
589,3,10,150,21,0.0
590,3,10,150,21,0.1076424320455391
591,3,10,150,21,0.03301150301122833
592,3,10,150,21,0.31124891137023475
593,3,10,150,21,0.13632295681146703
594,3,10,150,21,0.0
595,3,10,150,21,0.03301150301122833
596,3,10,150,21,0.09803928583135704
597,3,10,150,21,0.0
598,3,10,150,21,0.0
599,3,10,150,21,0.0
600,3,10,150,21,0.16808073837650492
601,3,10,150,21,0.2659448693061935
602,3,10,150,21,0.0
603,3,10,150,21,0.0845667599404342
604,3,10,150,21,0.0
605,3,10,150,21,0.16638513345495481
606,3,10,150,21,0.40787114921531276
607,3,10,150,21,0.0
608,3,10,150,21,0.30748959262501735
609,3,10,150,21,0.0
610,3,10,150,21,0.10414292386258524
611,3,10,150,21,0.0
612,3,10,150,21,0.09162544430476362
613,3,10,150,21,0.07839826897867533
614,3,10,150,21,0.1467868763787456
615,3,10,150,21,0.09461378366191404
616,3,10,150,21,0.0
617,3,10,150,21,0.0
618,3,10,150,21,0.13765549174170919
619,3,10,150,21,0.1166885219952562
620,3,10,150,21,0.23069926596526127
621,3,10,150,21,0.06742537594665562
622,3,10,150,21,0.38136690945386553
623,3,10,150,21,0.04342547274117719
624,3,10,150,21,0.03719976603506465
625,3,10,150,21,0.10861910668287521
626,3,10,150,21,0.0
627,3,10,150,21,0.1790939238238391
628,3,10,150,21,0.0
629,3,10,150,21,0.2788741372455405
630,3,10,150,21,0.1164429551616924
631,3,10,150,21,0.0
632,3,10,150,21,0.034413872935427296
633,3,10,150,21,0.0
634,3,10,150,21,0.10602751190591925
635,3,10,150,21,0.0
636,3,10,150,21,0.30260241349881345
637,3,10,150,21,0.0
638,3,10,150,21,0.03719976603506465
639,3,10,150,21,0.0
640,3,10,150,21,0.15450427059677826
641,3,10,150,21,0.051358492238643604
642,3,10,150,21,0.37776948112703956
643,3,10,150,21,0.47585053669880967
644,3,10,150,21,0.0
645,3,10,150,21,0.07476553278051348
646,3,10,150,21,0.11243817952384734
647,3,10,150,21,0.036356287988538835
648,3,10,150,21,0.18878319030198232
649,3,10,150,21,0.0
650,3,10,150,21,0.23135435806035617
651,3,10,150,21,0.0
652,3,10,150,21,0.0
653,3,10,150,21,0.2383789172070588
654,3,10,150,21,0.09296248406337984
655,3,10,150,21,0.32938194894875295
656,3,10,150,21,0.0
657,3,10,150,21,0.2073612289146658
658,3,10,150,21,0.08510289512235611
659,3,10,150,21,0.14207764972683787
660,3,10,150,21,0.0
661,3,10,150,21,0.10944406469423074
662,3,10,150,21,0.0
663,3,10,150,21,0.20471256685649478
664,3,10,150,21,0.42711207735672363
665,3,10,150,21,0.06882774587085459
666,3,10,150,21,0.17658015554870618
667,3,10,150,21,0.0
668,3,10,150,21,0.0
669,3,10,150,21,0.27355409918774437
670,3,10,150,21,0.0
671,3,10,150,21,0.2633618270975567
672,3,10,150,21,0.048159222084064895
673,3,10,150,21,0.0
674,3,10,150,21,0.0
675,3,10,150,21,0.0382580635535654
676,3,10,150,21,0.2998613502854027
677,3,10,150,21,0.0382580635535654
678,3,10,150,21,0.0
679,3,10,150,21,0.07363205612191889
680,3,10,150,21,0.0
681,3,10,150,21,0.0
682,3,10,150,21,0.5398531427959996
683,3,10,150,21,0.035234027770431754
684,3,10,150,21,0.049033875503285806
685,3,10,150,21,0.0
686,3,10,150,21,0.08882523631530641
687,3,10,150,21,0.0
688,3,10,150,21,0.0
689,3,10,150,21,0.3364961083156172
690,3,10,150,21,0.36722380847153874
691,3,10,150,21,0.5056224428183818
692,3,10,150,21,0.0
693,3,10,150,21,0.093698866318647
694,3,10,150,21,0.23266330360317766
695,3,10,150,21,0.0
696,3,10,150,21,0.0
697,3,10,150,21,0.0
698,3,10,150,21,0.0
699,3,10,150,21,0.06387989690394007
700,3,10,150,21,0.0
701,3,10,150,21,0.050259389402918644
702,3,10,150,21,0.0
703,3,10,150,21,0.15555725495720263
704,3,10,150,21,0.07429386663388893
705,3,10,150,21,0.25584649726339986
706,3,10,150,21,0.0
707,3,10,150,21,0.3463287719745939
708,3,10,150,21,0.0
709,3,10,150,21,0.14863087138834263
710,3,10,150,21,0.30884379717234883
711,3,10,150,21,0.1873624261105251
712,3,10,150,21,0.07476553278051348
713,3,10,150,21,0.0
714,3,10,150,21,0.06786785134613488
715,3,10,150,21,0.25633726795085404
716,3,10,150,21,0.3148331652611169
717,3,10,150,21,0.0862639164227598
718,3,10,150,21,0.0
719,3,10,150,21,0.07889666692513139
720,3,10,150,21,0.0
721,3,10,150,21,0.11163909688866663
722,3,10,150,21,0.04173963774222741
723,3,10,150,21,0.0
724,3,10,150,21,0.0
725,3,10,150,21,0.0
726,3,10,150,21,0.0
727,3,10,150,21,0.12572162434752013
728,3,10,150,21,0.0
729,3,10,150,21,0.0
730,3,10,150,21,0.0
731,3,10,150,21,0.11925627521222039
732,3,10,150,21,0.0
733,3,10,150,21,0.0
734,3,10,150,21,0.08623364153835045
735,3,10,150,21,0.08151055815578559
736,3,10,150,21,0.0
737,3,10,150,21,0.12127716502890909
738,3,10,150,21,0.15203315097550368
739,3,10,150,21,0.14538754575968496
740,3,10,150,21,0.0
741,3,10,150,21,0.04588516391390306
742,3,10,150,21,0.0527075128660253
743,3,10,150,21,0.049043960636177025
744,3,10,150,21,0.0
745,3,10,150,21,0.0758308024710432
746,3,10,150,21,0.18920986664731282
747,3,10,150,21,0.16814880141200525
748,3,10,150,21,0.05325241341153146
749,3,10,150,21,0.47581918620915475
750,3,10,150,21,0.0
751,3,10,150,21,0.030868393892711742
752,3,10,150,21,0.0
753,3,10,150,21,0.0
754,3,10,150,21,0.0
755,3,10,150,21,0.0
756,3,10,150,21,0.05928499338321969
757,3,10,150,21,0.08685094548235438
758,3,10,150,21,0.20481360244865235
759,3,10,150,21,0.0
760,3,10,150,21,0.04568304891751105
761,3,10,150,21,0.11631124861532972
762,3,10,150,21,0.0
763,3,10,150,21,0.032405329729866005
764,3,10,150,21,0.0
765,3,10,150,21,0.0
766,3,10,150,21,0.06668899369138848
767,3,10,150,21,0.049710505523782283
768,3,10,150,21,0.05059568297461706
769,3,10,150,21,0.0
770,3,10,150,21,0.18348359547343202
771,3,10,150,21,0.0
772,3,10,150,21,0.0
773,3,10,150,21,0.20730339244756824
774,3,10,150,21,0.0
775,3,10,150,21,0.0
776,3,10,150,21,0.0
777,3,10,150,21,0.0
778,3,10,150,21,0.08961728720334347
779,3,10,150,21,0.0
780,3,10,150,21,0.12311997034702767
781,3,10,150,21,0.07055658259096848
782,3,10,150,21,0.0
783,3,10,150,21,0.0
784,3,10,150,21,0.0
785,3,10,150,21,0.22253651209328454
786,3,10,150,21,0.13189061152872603
787,3,10,150,21,0.0
788,3,10,150,21,0.06486198472205298
789,3,10,150,21,0.14531023848228133
790,3,10,150,21,0.12126481841778168
791,3,10,150,21,0.0
792,3,10,150,21,0.059109628562248356
793,3,10,150,21,0.08021827351724287
794,3,10,150,21,0.08021827351724287
795,3,10,150,21,0.08685094548235438
796,3,10,150,21,0.0830849299489677
797,3,10,150,21,0.13905617951077562
798,3,10,150,21,0.0
799,3,10,150,21,0.2836929289153804
800,3,10,150,21,0.0
801,3,10,150,21,0.0
802,3,10,150,21,0.05621908976192367
803,3,10,150,21,0.0
804,3,10,150,21,0.38751684025683986
805,3,10,150,21,0.23817178634027997
806,3,10,150,21,0.07140953136271548
807,3,10,150,21,0.18354065565561223
808,3,10,150,21,0.0
809,3,10,150,21,0.0
810,3,10,150,21,0.0
811,3,10,150,21,0.0
812,3,10,150,21,0.0
813,3,10,150,21,0.0
814,3,10,150,21,0.0
815,3,10,150,21,0.0
816,3,10,150,21,0.0
817,3,10,150,21,0.0
818,3,10,150,21,0.0
819,3,10,150,21,0.0
820,3,10,150,21,0.0
821,3,10,150,21,0.0
822,3,10,150,21,0.0
823,3,10,150,21,0.12232278929624038
824,3,10,150,21,0.0
825,3,10,150,21,0.1791474418768024
826,3,10,150,21,0.04455257454866284
827,3,10,150,21,0.0
828,3,10,150,21,0.0
829,3,10,150,21,0.0
830,3,10,150,21,0.05059568297461706
831,3,10,150,21,0.0
832,3,10,150,21,0.0
833,3,10,150,21,0.07511592276229007
834,3,10,150,21,0.0
835,3,10,150,21,0.04191911005669532
836,3,10,150,21,0.0
837,3,10,150,21,0.05351287869030783
838,3,10,150,21,0.08633629724227374
839,3,10,150,21,0.0
840,3,10,150,21,0.07656878929530339
841,3,10,150,21,0.0
842,3,10,150,21,0.0
843,3,10,150,21,0.04588516391390306
844,3,10,150,21,0.0
845,3,10,150,21,0.0
846,3,10,150,21,0.0795626545940632
847,3,10,150,21,0.0
848,3,10,150,21,0.0
849,3,10,150,21,0.0
850,3,10,150,21,0.0
851,3,10,150,21,0.1637733768567814
852,3,10,150,21,0.07256783117062009
853,3,10,150,21,0.0
854,3,10,150,21,0.0
855,3,10,150,21,0.0
856,3,10,150,21,0.0
857,3,10,150,21,0.0
858,3,10,150,21,0.0
859,3,10,150,21,0.0
860,3,10,150,21,0.0
861,3,10,150,21,0.0
862,3,10,150,21,0.0
863,3,10,150,21,0.0
864,3,10,150,21,0.11884821741484687
865,3,10,150,21,0.0
866,3,10,150,21,0.0
867,3,10,150,21,0.13120507751234178
868,3,10,150,21,0.0
870,3,10,150,21,0.0
871,3,10,150,21,0.0
872,3,10,150,21,0.0
875,3,10,150,21,0.1395953738647505
876,3,10,150,21,0.0
877,3,10,150,21,0.0
1,3,10,150,22,0.9100966020171942
2,3,10,150,22,0.06362078819895171
3,3,10,150,22,0.0
4,3,10,150,22,0.0
5,3,10,150,22,0.029956785715628154
6,3,10,150,22,0.06679511870650716
7,3,10,150,22,0.1696914166210148
8,3,10,150,22,0.0
9,3,10,150,22,0.0
10,3,10,150,22,0.16409920264511527
11,3,10,150,22,0.0
12,3,10,150,22,0.0
13,3,10,150,22,0.16451538969765908
14,3,10,150,22,0.0
15,3,10,150,22,0.0
16,3,10,150,22,0.05494858807198588
17,3,10,150,22,0.0
18,3,10,150,22,0.15663752364680214
19,3,10,150,22,0.0
20,3,10,150,22,0.0
21,3,10,150,22,0.03475017269886857
22,3,10,150,22,0.0
23,3,10,150,22,0.16562684175645156
24,3,10,150,22,0.2130978642098899
25,3,10,150,22,0.0
26,3,10,150,22,0.0
28,3,10,150,22,0.0
29,3,10,150,22,0.0
30,3,10,150,22,0.0979129253499678
31,3,10,150,22,0.06076546216996844
32,3,10,150,22,0.0
33,3,10,150,22,0.0
34,3,10,150,22,0.0
35,3,10,150,22,0.0
37,3,10,150,22,0.0
38,3,10,150,22,0.0
39,3,10,150,22,0.0
40,3,10,150,22,0.0
41,3,10,150,22,0.0
42,3,10,150,22,0.11676800180580715
43,3,10,150,22,0.2686031439776687
44,3,10,150,22,0.04195229264874745
45,3,10,150,22,0.0
46,3,10,150,22,0.14434031438272124
47,3,10,150,22,0.0
48,3,10,150,22,0.0874717141014082
49,3,10,150,22,0.08026872669877919
50,3,10,150,22,0.0
51,3,10,150,22,0.18953836965473142
52,3,10,150,22,0.0
53,3,10,150,22,0.09546043308946733
54,3,10,150,22,0.07984133538066794
55,3,10,150,22,0.0
56,3,10,150,22,0.0475858026939827
57,3,10,150,22,0.0
58,3,10,150,22,0.030414522575305965
59,3,10,150,22,0.09262159738328095
60,3,10,150,22,0.05167975836235349
61,3,10,150,22,0.0
62,3,10,150,22,0.044530079137671444
63,3,10,150,22,0.0
64,3,10,150,22,0.0
65,3,10,150,22,0.26359514085347857
66,3,10,150,22,0.0
67,3,10,150,22,0.0
68,3,10,150,22,0.0
69,3,10,150,22,0.04340781395430378
70,3,10,150,22,0.0
71,3,10,150,22,0.0
72,3,10,150,22,0.16084022171949366
73,3,10,150,22,0.051960280791503534
74,3,10,150,22,0.0
75,3,10,150,22,0.11731968150568911
76,3,10,150,22,0.05947719272904215
77,3,10,150,22,0.33958467175585033
78,3,10,150,22,0.0
79,3,10,150,22,0.0
80,3,10,150,22,0.08297572808511901
81,3,10,150,22,0.0
82,3,10,150,22,0.09948289491939781
83,3,10,150,22,0.04630610387058298
84,3,10,150,22,0.0
85,3,10,150,22,0.08428605557054564
86,3,10,150,22,0.0
87,3,10,150,22,0.03861623877555839
88,3,10,150,22,0.0
89,3,10,150,22,0.22860031301980846
90,3,10,150,22,0.22306570117594568
91,3,10,150,22,0.13114221140465185
92,3,10,150,22,0.06871238696000892
93,3,10,150,22,0.0
94,3,10,150,22,0.19789766719447915
95,3,10,150,22,0.0475858026939827
96,3,10,150,22,0.0
97,3,10,150,22,0.05502294157452004
98,3,10,150,22,0.0
99,3,10,150,22,0.0
100,3,10,150,22,0.0
101,3,10,150,22,0.0
102,3,10,150,22,0.030414522575305965
103,3,10,150,22,0.0
104,3,10,150,22,0.12171451575741458
106,3,10,150,22,0.0
107,3,10,150,22,0.0
108,3,10,150,22,0.0
109,3,10,150,22,0.06510336373032073
110,3,10,150,22,0.039667414566743345
111,3,10,150,22,0.0
112,3,10,150,22,0.0
113,3,10,150,22,0.0
114,3,10,150,22,0.0
115,3,10,150,22,0.046806851959664796
116,3,10,150,22,0.03203660434343724
117,3,10,150,22,0.0
118,3,10,150,22,0.0
119,3,10,150,22,0.034073291417269544
121,3,10,150,22,0.0
122,3,10,150,22,0.0
123,3,10,150,22,0.46927872602275644
124,3,10,150,22,0.10889376106823218
125,3,10,150,22,0.0988317230499444
126,3,10,150,22,0.0
127,3,10,150,22,0.0
128,3,10,150,22,0.029956785715628154
129,3,10,150,22,0.0
130,3,10,150,22,0.06221501369666819
131,3,10,150,22,0.19519002499605084
132,3,10,150,22,0.09109240322345806
133,3,10,150,22,0.0
134,3,10,150,22,0.0
135,3,10,150,22,0.0
136,3,10,150,22,0.26687965254220064
137,3,10,150,22,0.0
138,3,10,150,22,0.13012668333070054
139,3,10,150,22,0.0
140,3,10,150,22,0.0
141,3,10,150,22,0.15194751309721466
142,3,10,150,22,0.30260241349881345
143,3,10,150,22,0.0
144,3,10,150,22,0.17038946962873494
145,3,10,150,22,0.0
146,3,10,150,22,0.0
147,3,10,150,22,0.0
148,3,10,150,22,0.042512356679180144
149,3,10,150,22,0.0
150,3,10,150,22,0.0
151,3,10,150,22,0.0
152,3,10,150,22,0.0
153,3,10,150,22,0.0
154,3,10,150,22,0.0
155,3,10,150,22,0.0
156,3,10,150,22,0.0
157,3,10,150,22,0.0
158,3,10,150,22,0.06679511870650716
159,3,10,150,22,0.11026617795298452
160,3,10,150,22,0.0
161,3,10,150,22,0.0
162,3,10,150,22,0.0
163,3,10,150,22,0.0
164,3,10,150,22,0.0
165,3,10,150,22,0.0
166,3,10,150,22,0.0
167,3,10,150,22,0.0
168,3,10,150,22,0.0
169,3,10,150,22,0.0
170,3,10,150,22,0.0
171,3,10,150,22,0.0
172,3,10,150,22,0.0
173,3,10,150,22,0.0
174,3,10,150,22,0.0
175,3,10,150,22,0.3761635367652849
176,3,10,150,22,0.0
177,3,10,150,22,0.0
178,3,10,150,22,0.20159683790988334
179,3,10,150,22,0.0
180,3,10,150,22,0.0
181,3,10,150,22,0.036101179208000475
182,3,10,150,22,0.13120507751234178
183,3,10,150,22,0.0
184,3,10,150,22,0.0
185,3,10,150,22,0.0
186,3,10,150,22,0.0
187,3,10,150,22,0.09162544430476362
188,3,10,150,22,0.0
189,3,10,150,22,0.16867765115505085
190,3,10,150,22,0.0
191,3,10,150,22,0.0
192,3,10,150,22,0.0
193,3,10,150,22,0.0
194,3,10,150,22,0.0475858026939827
195,3,10,150,22,0.061734604266276284
196,3,10,150,22,0.17342765698823945
197,3,10,150,22,0.0
198,3,10,150,22,0.12432930234775161
199,3,10,150,22,0.0
200,3,10,150,22,0.03339755935325358
201,3,10,150,22,0.29997057392121945
202,3,10,150,22,0.0
203,3,10,150,22,0.0
204,3,10,150,22,0.0
205,3,10,150,22,0.0
206,3,10,150,22,0.0
207,3,10,150,22,0.0
208,3,10,150,22,0.0
209,3,10,150,22,0.0
210,3,10,150,22,0.0
211,3,10,150,22,0.0
212,3,10,150,22,0.0559167101555819
213,3,10,150,22,0.051573320538546435
214,3,10,150,22,0.1257260924843343
215,3,10,150,22,0.157288596461893
216,3,10,150,22,0.22096776232430695
217,3,10,150,22,0.04972780777662495
218,3,10,150,22,0.06323567569191428
219,3,10,150,22,0.0
220,3,10,150,22,0.0
221,3,10,150,22,0.10541135748206557
222,3,10,150,22,0.22722792200263336
223,3,10,150,22,0.0
224,3,10,150,22,0.0
225,3,10,150,22,0.0
226,3,10,150,22,0.0
227,3,10,150,22,0.0
229,3,10,150,22,0.0
230,3,10,150,22,0.0
231,3,10,150,22,0.0
232,3,10,150,22,0.0
233,3,10,150,22,0.09198623807652574
234,3,10,150,22,0.17220647618857274
235,3,10,150,22,0.04622440829742681
236,3,10,150,22,0.12127042983235181
237,3,10,150,22,0.0
238,3,10,150,22,0.0
239,3,10,150,22,0.0
240,3,10,150,22,0.0
241,3,10,150,22,0.1381300260171807
242,3,10,150,22,0.0
243,3,10,150,22,0.0
244,3,10,150,22,0.16562684175645156
245,3,10,150,22,0.0
246,3,10,150,22,0.0
247,3,10,150,22,0.15642624200758548
248,3,10,150,22,0.1800221130349669
249,3,10,150,22,0.18602080451448422
250,3,10,150,22,0.045740759208807255
251,3,10,150,22,0.0
252,3,10,150,22,0.0
253,3,10,150,22,0.0
254,3,10,150,22,0.03861623877555839
255,3,10,150,22,0.04610512027589789
256,3,10,150,22,0.03090987042821126
257,3,10,150,22,0.12830873359117523
258,3,10,150,22,0.0
259,3,10,150,22,0.0
260,3,10,150,22,0.0
261,3,10,150,22,0.0
262,3,10,150,22,0.0
263,3,10,150,22,0.29196331077693755
264,3,10,150,22,0.22972462709034727
265,3,10,150,22,0.19802572813668026
266,3,10,150,22,0.0
267,3,10,150,22,0.1398423255879902
268,3,10,150,22,0.18910142762706222
269,3,10,150,22,0.0
270,3,10,150,22,0.0
271,3,10,150,22,0.07167511747714453
272,3,10,150,22,0.0
273,3,10,150,22,0.0
274,3,10,150,22,0.0
275,3,10,150,22,0.0
276,3,10,150,22,0.32512485644663847
277,3,10,150,22,0.0
278,3,10,150,22,0.0
279,3,10,150,22,0.18140919791778037
280,3,10,150,22,0.10289629791450765
281,3,10,150,22,0.0
282,3,10,150,22,0.0
283,3,10,150,22,0.0
284,3,10,150,22,0.0
285,3,10,150,22,0.0
286,3,10,150,22,0.0
287,3,10,150,22,0.0
288,3,10,150,22,0.0
289,3,10,150,22,0.0
290,3,10,150,22,0.10206426277891588
291,3,10,150,22,0.2348461859089974
292,3,10,150,22,0.19765598330367803
293,3,10,150,22,0.0475858026939827
294,3,10,150,22,0.0
295,3,10,150,22,0.029956785715628154
296,3,10,150,22,0.10235135297694252
297,3,10,150,22,0.030868393892711742
298,3,10,150,22,0.03719976603506465
299,3,10,150,22,0.09262159738328095
300,3,10,150,22,0.0
301,3,10,150,22,0.17812031655068578
302,3,10,150,22,0.0
303,3,10,150,22,0.25542410558683015
304,3,10,150,22,0.0
305,3,10,150,22,0.07633652108738229
306,3,10,150,22,0.0
307,3,10,150,22,0.0
308,3,10,150,22,0.057534183641244435
309,3,10,150,22,0.0
310,3,10,150,22,0.2890648263178879
311,3,10,150,22,0.19040978570580167
312,3,10,150,22,0.09774885223043435
313,3,10,150,22,0.06767857690952596
314,3,10,150,22,0.10098861200861663
315,3,10,150,22,0.09785159463516042
316,3,10,150,22,0.06076546216996844
317,3,10,150,22,0.0
318,3,10,150,22,0.03203660434343724
319,3,10,150,22,0.0
320,3,10,150,22,0.0
321,3,10,150,22,0.042512356679180144
322,3,10,150,22,0.0
323,3,10,150,22,0.12229181918924699
324,3,10,150,22,0.0
325,3,10,150,22,0.0
326,3,10,150,22,0.08972883047925553
327,3,10,150,22,0.0
328,3,10,150,22,0.14529079182870114
329,3,10,150,22,0.056720838976548935
330,3,10,150,22,0.23442938795657506
331,3,10,150,22,0.0
332,3,10,150,22,0.0
333,3,10,150,22,0.0
334,3,10,150,22,0.19112442105425878
335,3,10,150,22,0.0
336,3,10,150,22,0.0
337,3,10,150,22,0.09992090652113537
338,3,10,150,22,0.0
339,3,10,150,22,0.1705052016159784
340,3,10,150,22,0.12647135138382856
341,3,10,150,22,0.0
342,3,10,150,22,0.0
343,3,10,150,22,0.3186055326534949
344,3,10,150,22,0.11582924191802631
345,3,10,150,22,0.1669877967662679
346,3,10,150,22,0.11071605227645936
347,3,10,150,22,0.06309744658010244
348,3,10,150,22,0.0
349,3,10,150,22,0.07123530534387781
350,3,10,150,22,0.0845667599404342
351,3,10,150,22,0.0
352,3,10,150,22,0.11543235174412686
353,3,10,150,22,0.0
354,3,10,150,22,0.0
355,3,10,150,22,0.0
356,3,10,150,22,0.0
357,3,10,150,22,0.0
358,3,10,150,22,0.26730206653594746
359,3,10,150,22,0.0
360,3,10,150,22,0.10496459329418281
361,3,10,150,22,0.0
362,3,10,150,22,0.0
363,3,10,150,22,0.26584183903781766
364,3,10,150,22,0.0
365,3,10,150,22,0.0527075128660253
366,3,10,150,22,0.10684080426179023
367,3,10,150,22,0.09817896789964464
368,3,10,150,22,0.0
369,3,10,150,22,0.0
370,3,10,150,22,0.045683428159663184
371,3,10,150,22,0.050924439617225085
372,3,10,150,22,0.0734773909038217
373,3,10,150,22,0.22306903177287668
374,3,10,150,22,0.17220647618857274
375,3,10,150,22,0.0
376,3,10,150,22,0.0
377,3,10,150,22,0.0
378,3,10,150,22,0.11575972745641394
379,3,10,150,22,0.14021533896595686
380,3,10,150,22,0.0
381,3,10,150,22,0.0
382,3,10,150,22,0.07847428227110642
383,3,10,150,22,0.0
384,3,10,150,22,0.0
385,3,10,150,22,0.18912022759364377
386,3,10,150,22,0.0
387,3,10,150,22,0.04021466858918992
388,3,10,150,22,0.0
389,3,10,150,22,0.13297413320712714
390,3,10,150,22,0.21398626473452756
391,3,10,150,22,0.2706800286296315
392,3,10,150,22,0.06327372362257774
393,3,10,150,22,0.21457359946025062
394,3,10,150,22,0.038892185327126634
395,3,10,150,22,0.051573320538546435
396,3,10,150,22,0.0
397,3,10,150,22,0.029956785715628154
398,3,10,150,22,0.07440816189129938
399,3,10,150,22,0.0
400,3,10,150,22,0.0
401,3,10,150,22,0.0
402,3,10,150,22,0.424926013816671
403,3,10,150,22,0.0
404,3,10,150,22,0.0
405,3,10,150,22,0.3203059752694181
406,3,10,150,22,0.2574918879041874
407,3,10,150,22,0.10206426277891588
408,3,10,150,22,0.06163932007960398
409,3,10,150,22,0.15141007365601938
410,3,10,150,22,0.0
411,3,10,150,22,0.07963818675918483
412,3,10,150,22,0.0
413,3,10,150,22,0.10122860821230018
414,3,10,150,22,0.0
415,3,10,150,22,0.07605458145297357
416,3,10,150,22,0.20009707056348452
417,3,10,150,22,0.12415248617509139
418,3,10,150,22,0.07001560573318603
419,3,10,150,22,0.2098021491169666
420,3,10,150,22,0.0527075128660253
421,3,10,150,22,0.11227531497146094
422,3,10,150,22,0.0
423,3,10,150,22,0.0
424,3,10,150,22,0.13291000263869587
425,3,10,150,22,0.0
426,3,10,150,22,0.07140953136271548
427,3,10,150,22,0.0
428,3,10,150,22,0.0
429,3,10,150,22,0.22000888615498881
430,3,10,150,22,0.062242588308449316
431,3,10,150,22,0.0
432,3,10,150,22,0.0
433,3,10,150,22,0.0
434,3,10,150,22,0.18672776492534796
435,3,10,150,22,0.44359838105846605
436,3,10,150,22,0.09632720839837888
437,3,10,150,22,0.029532089691871707
438,3,10,150,22,0.0
439,3,10,150,22,0.0
440,3,10,150,22,0.04258528250242427
441,3,10,150,22,0.0
442,3,10,150,22,0.06679511870650716
443,3,10,150,22,0.056720838976548935
444,3,10,150,22,0.19519002499605084
445,3,10,150,22,0.0
446,3,10,150,22,0.0
447,3,10,150,22,0.08098336204723627
448,3,10,150,22,0.0
449,3,10,150,22,0.0
450,3,10,150,22,0.44138028232379317
451,3,10,150,22,0.0
452,3,10,150,22,0.03339755935325358
453,3,10,150,22,0.18149569685235878
454,3,10,150,22,0.0
455,3,10,150,22,0.25206511448187496
456,3,10,150,22,0.20388490992312427
457,3,10,150,22,0.5455239571122737
458,3,10,150,22,0.16092936584825865
459,3,10,150,22,0.029532089691871707
460,3,10,150,22,0.0
461,3,10,150,22,0.10778915452451093
462,3,10,150,22,0.04622440829742681
463,3,10,150,22,0.13187185826452832
464,3,10,150,22,0.0
465,3,10,150,22,0.0733934381893728
466,3,10,150,22,0.09189442695154341
467,3,10,150,22,0.0
468,3,10,150,22,0.39996462272606165
469,3,10,150,22,0.050924439617225085
470,3,10,150,22,0.040162930685297936
471,3,10,150,22,0.0
472,3,10,150,22,0.34502355013281577
473,3,10,150,22,0.0
474,3,10,150,22,0.4098089010438093
475,3,10,150,22,0.0
476,3,10,150,22,0.12450072415973557
477,3,10,150,22,0.0
478,3,10,150,22,0.25206978628566945
479,3,10,150,22,0.10538208625214646
480,3,10,150,22,0.0881980292211471
481,3,10,150,22,0.0
482,3,10,150,22,0.10209739512291163
483,3,10,150,22,0.06194403202282284
484,3,10,150,22,0.23963839496003128
485,3,10,150,22,0.0
486,3,10,150,22,0.07066161368747358
487,3,10,150,22,0.12095103623620317
488,3,10,150,22,0.08428605557054564
489,3,10,150,22,0.0
490,3,10,150,22,0.06679511870650716
491,3,10,150,22,0.17758207479178334
492,3,10,150,22,0.03043077404022058
493,3,10,150,22,0.22531791435636822
494,3,10,150,22,0.05852543059818057
495,3,10,150,22,0.06679511870650716
496,3,10,150,22,0.06563326889987217
497,3,10,150,22,0.05167975836235349
498,3,10,150,22,0.0
499,3,10,150,22,0.057534183641244435
500,3,10,150,22,0.08749096935687259
501,3,10,150,22,0.0
502,3,10,150,22,0.0
503,3,10,150,22,0.36256456473458554
504,3,10,150,22,0.12185121266717158
505,3,10,150,22,0.03090987042821126
506,3,10,150,22,0.07588029310977838
507,3,10,150,22,0.0
508,3,10,150,22,0.09967721142651724
509,3,10,150,22,0.0
510,3,10,150,22,0.12427147932737166
511,3,10,150,22,0.0
512,3,10,150,22,0.0
513,3,10,150,22,0.0
514,3,10,150,22,0.36014862987391966
515,3,10,150,22,0.0
516,3,10,150,22,0.07947838320659593
517,3,10,150,22,0.0
518,3,10,150,22,0.0
519,3,10,150,22,0.0
520,3,10,150,22,0.0
521,3,10,150,22,0.13359023741301432
522,3,10,150,22,0.11752277470724268
523,3,10,150,22,0.17085429174723432
524,3,10,150,22,0.07129916278035486
525,3,10,150,22,0.035769798946978335
526,3,10,150,22,0.03203660434343724
527,3,10,150,22,0.25014142708958653
528,3,10,150,22,0.044808643601671735
529,3,10,150,22,0.0
530,3,10,150,22,0.0
531,3,10,150,22,0.0
532,3,10,150,22,0.2576601674220842
533,3,10,150,22,0.28705846304246574
534,3,10,150,22,0.05167975836235349
535,3,10,150,22,0.340182601904115
536,3,10,150,22,0.1724252246784612
537,3,10,150,22,0.22597722707283
538,3,10,150,22,0.11632265991398288
539,3,10,150,22,0.0
540,3,10,150,22,0.0
541,3,10,150,22,0.07006457140134732
542,3,10,150,22,0.06679511870650716
543,3,10,150,22,0.0
544,3,10,150,22,0.0
545,3,10,150,22,0.29927585933544326
546,3,10,150,22,0.0
547,3,10,150,22,0.0
548,3,10,150,22,0.10206426277891588
549,3,10,150,22,0.05502294157452004
550,3,10,150,22,0.0845667599404342
551,3,10,150,22,0.2776461192691616
552,3,10,150,22,0.0
553,3,10,150,22,0.08676717210439
554,3,10,150,22,0.0
555,3,10,150,22,0.0
556,3,10,150,22,0.1482972305701491
557,3,10,150,22,0.044530079137671444
558,3,10,150,22,0.21398626473452756
559,3,10,150,22,0.030414522575305965
560,3,10,150,22,0.1493527636042768
561,3,10,150,22,0.1538613920396233
562,3,10,150,22,0.0
563,3,10,150,22,0.10791970824616881
564,3,10,150,22,0.0
565,3,10,150,22,0.10616358571646685
566,3,10,150,22,0.12881613470821707
567,3,10,150,22,0.3385721904962231
568,3,10,150,22,0.0
569,3,10,150,22,0.0
570,3,10,150,22,0.0
571,3,10,150,22,0.0
572,3,10,150,22,0.30260241349881345
573,3,10,150,22,0.0
574,3,10,150,22,0.0
575,3,10,150,22,0.07945707943276742
576,3,10,150,22,0.0
577,3,10,150,22,0.2356545001919302
578,3,10,150,22,0.0
579,3,10,150,22,0.07530208233122644
580,3,10,150,22,0.0
581,3,10,150,22,0.0
582,3,10,150,22,0.06679511870650716
583,3,10,150,22,0.0874717141014082
584,3,10,150,22,0.20261715588288354
585,3,10,150,22,0.05167975836235349
586,3,10,150,22,0.14140858884160898
587,3,10,150,22,0.0
588,3,10,150,22,0.24137509112618555
589,3,10,150,22,0.0
590,3,10,150,22,0.1076424320455391
591,3,10,150,22,0.03203660434343724
592,3,10,150,22,0.30205708060315156
593,3,10,150,22,0.13229705502384964
594,3,10,150,22,0.0
595,3,10,150,22,0.03203660434343724
596,3,10,150,22,0.09803928583135704
597,3,10,150,22,0.0
598,3,10,150,22,0.0
599,3,10,150,22,0.0
600,3,10,150,22,0.16311696293529396
601,3,10,150,22,0.2580909615727499
602,3,10,150,22,0.041278922835426404
603,3,10,150,22,0.0845667599404342
604,3,10,150,22,0.0
605,3,10,150,22,0.16147143277036904
606,3,10,150,22,0.39582586185395935
607,3,10,150,22,0.0
608,3,10,150,22,0.29840878239629826
609,3,10,150,22,0.0
610,3,10,150,22,0.10106736569430161
611,3,10,150,22,0.0
612,3,10,150,22,0.09162544430476362
613,3,10,150,22,0.07839826897867533
614,3,10,150,22,0.1467868763787456
615,3,10,150,22,0.09181964091672305
616,3,10,150,22,0.0
617,3,10,150,22,0.0
618,3,10,150,22,0.13359023741301432
619,3,10,150,22,0.11324246609768035
620,3,10,150,22,0.2238862345509262
621,3,10,150,22,0.06543416369669083
622,3,10,150,22,0.3701043476783621
623,3,10,150,22,0.04214302778527282
624,3,10,150,22,0.036101179208000475
625,3,10,150,22,0.10541135748206557
626,3,10,150,22,0.0
627,3,10,150,22,0.17380490600220427
628,3,10,150,22,0.0
629,3,10,150,22,0.3001704909035336
630,3,10,150,22,0.1130041513658707
631,3,10,150,22,0.0
632,3,10,150,22,0.03339755935325358
633,3,10,150,22,0.0
634,3,10,150,22,0.10289629791450765
635,3,10,150,22,0.0
636,3,10,150,22,0.30260241349881345
637,3,10,150,22,0.0
638,3,10,150,22,0.036101179208000475
639,3,10,150,22,0.0
640,3,10,150,22,0.17947352631160868
641,3,10,150,22,0.051358492238643604
642,3,10,150,22,0.39614524861941575
643,3,10,150,22,0.4617976759690951
644,3,10,150,22,0.0
645,3,10,150,22,0.1020896400524505
646,3,10,150,22,0.11243817952384734
647,3,10,150,22,0.036356287988538835
648,3,10,150,22,0.1832080281936665
649,3,10,150,22,0.0
650,3,10,150,22,0.22452198040751234
651,3,10,150,22,0.0
652,3,10,150,22,0.0
653,3,10,150,22,0.2313390896434487
654,3,10,150,22,0.11974919733791263
655,3,10,150,22,0.3491867013813866
656,3,10,150,22,0.0
657,3,10,150,22,0.2073612289146658
658,3,10,150,22,0.08258962879056475
659,3,10,150,22,0.13788179983189458
660,3,10,150,22,0.0
661,3,10,150,22,0.1062119527594377
662,3,10,150,22,0.0
663,3,10,150,22,0.1986669769710355
664,3,10,150,22,0.44403065487161497
665,3,10,150,22,0.06679511870650716
666,3,10,150,22,0.17136537455723713
667,3,10,150,22,0.0
668,3,10,150,22,0.0
669,3,10,150,22,0.2654754749949528
670,3,10,150,22,0.0
671,3,10,150,22,0.2555842019982964
672,3,10,150,22,0.048159222084064895
673,3,10,150,22,0.0
674,3,10,150,22,0.0
675,3,10,150,22,0.0382580635535654
676,3,10,150,22,0.2910058179936484
677,3,10,150,22,0.0382580635535654
678,3,10,150,22,0.0
679,3,10,150,22,0.07145754763632944
680,3,10,150,22,0.0
681,3,10,150,22,0.0
682,3,10,150,22,0.5239101513625093
683,3,10,150,22,0.03419349330210947
684,3,10,150,22,0.0475858026939827
685,3,10,150,22,0.0
686,3,10,150,22,0.0862020414695411
687,3,10,150,22,0.0
688,3,10,150,22,0.0
689,3,10,150,22,0.3364961083156172
690,3,10,150,22,0.35637892202276655
691,3,10,150,22,0.5575827236098854
692,3,10,150,22,0.0
693,3,10,150,22,0.09093174299449802
694,3,10,150,22,0.25532435974503315
695,3,10,150,22,0.0
696,3,10,150,22,0.0
697,3,10,150,22,0.0
698,3,10,150,22,0.0
699,3,10,150,22,0.061993390059065394
700,3,10,150,22,0.0
701,3,10,150,22,0.050259389402918644
702,3,10,150,22,0.0
703,3,10,150,22,0.15555725495720263
704,3,10,150,22,0.07209981350090097
705,3,10,150,22,0.24829081555886595
706,3,10,150,22,0.0
707,3,10,150,22,0.33610095961776437
708,3,10,150,22,0.0
709,3,10,150,22,0.14424149116352106
710,3,10,150,22,0.2997229944534768
711,3,10,150,22,0.18182922213774239
712,3,10,150,22,0.07255755036057879
713,3,10,150,22,0.0
714,3,10,150,22,0.06786785134613488
715,3,10,150,22,0.24876709276236006
716,3,10,150,22,0.30553548398664976
717,3,10,150,22,0.08371636270579073
718,3,10,150,22,0.0
719,3,10,150,22,0.07656668348110868
720,3,10,150,22,0.0
721,3,10,150,22,0.10834216106623097
722,3,10,150,22,0.04173963774222741
723,3,10,150,22,0.0
724,3,10,150,22,0.0
725,3,10,150,22,0.0
726,3,10,150,22,0.0
727,3,10,150,22,0.12200880206108136
728,3,10,150,22,0.0
729,3,10,150,22,0.0
730,3,10,150,22,0.0
731,3,10,150,22,0.11573438819633457
732,3,10,150,22,0.0
733,3,10,150,22,0.0
734,3,10,150,22,0.08368698190198318
735,3,10,150,22,0.08151055815578559
736,3,10,150,22,0.0
737,3,10,150,22,0.12127716502890909
738,3,10,150,22,0.14754329432475724
739,3,10,150,22,0.14538754575968496
740,3,10,150,22,0.0
741,3,10,150,22,0.044530079137671444
742,3,10,150,22,0.0527075128660253
743,3,10,150,22,0.049043960636177025
744,3,10,150,22,0.0
745,3,10,150,22,0.07359136041106175
746,3,10,150,22,0.21315419358676901
747,3,10,150,22,0.1631830159271252
748,3,10,150,22,0.05167975836235349
749,3,10,150,22,0.4617672513249126
750,3,10,150,22,0.0
751,3,10,150,22,0.029956785715628154
752,3,10,150,22,0.0
753,3,10,150,22,0.0
754,3,10,150,22,0.0
755,3,10,150,22,0.0
756,3,10,150,22,0.057534183641244435
757,3,10,150,22,0.08428605557054564
758,3,10,150,22,0.19876502877102342
759,3,10,150,22,0.0
760,3,10,150,22,0.04568304891751105
761,3,10,150,22,0.11631124861532972
762,3,10,150,22,0.0
763,3,10,150,22,0.03144833262578892
764,3,10,150,22,0.0
765,3,10,150,22,0.0
766,3,10,150,22,0.06471952834823372
767,3,10,150,22,0.049710505523782283
768,3,10,150,22,0.05059568297461706
769,3,10,150,22,0.0
770,3,10,150,22,0.18348359547343202
771,3,10,150,22,0.0
772,3,10,150,22,0.0
773,3,10,150,22,0.20118129006837737
774,3,10,150,22,0.0
775,3,10,150,22,0.0
776,3,10,150,22,0.0
777,3,10,150,22,0.0
778,3,10,150,22,0.08961728720334347
779,3,10,150,22,0.0
780,3,10,150,22,0.12311997034702767
781,3,10,150,22,0.07055658259096848
782,3,10,150,22,0.0
783,3,10,150,22,0.0
784,3,10,150,22,0.0
785,3,10,150,22,0.22253651209328454
786,3,10,150,22,0.1279956061595439
787,3,10,150,22,0.0
788,3,10,150,22,0.06294647477164851
789,3,10,150,22,0.14531023848228133
790,3,10,150,22,0.11768361492379922
791,3,10,150,22,0.0
792,3,10,150,22,0.059109628562248356
793,3,10,150,22,0.08021827351724287
794,3,10,150,22,0.08021827351724287
795,3,10,150,22,0.08428605557054564
796,3,10,150,22,0.08063125834567192
797,3,10,150,22,0.13905617951077562
798,3,10,150,22,0.0
799,3,10,150,22,0.2836929289153804
800,3,10,150,22,0.0
801,3,10,150,22,0.0
802,3,10,150,22,0.05621908976192367
803,3,10,150,22,0.0
804,3,10,150,22,0.3760726581732642
805,3,10,150,22,0.23113807578400553
806,3,10,150,22,0.06930065867765724
807,3,10,150,22,0.17812031655068578
808,3,10,150,22,0.0
809,3,10,150,22,0.0
810,3,10,150,22,0.0
811,3,10,150,22,0.0
812,3,10,150,22,0.0
813,3,10,150,22,0.0
814,3,10,150,22,0.0
815,3,10,150,22,0.0
816,3,10,150,22,0.0
817,3,10,150,22,0.0
818,3,10,150,22,0.0
819,3,10,150,22,0.0
820,3,10,150,22,0.0
821,3,10,150,22,0.0
822,3,10,150,22,0.0
823,3,10,150,22,0.11871034171138388
824,3,10,150,22,0.0
825,3,10,150,22,0.17385684355522732
826,3,10,150,22,0.04455257454866284
827,3,10,150,22,0.0
828,3,10,150,22,0.0
829,3,10,150,22,0.0
830,3,10,150,22,0.05059568297461706
831,3,10,150,22,0.0
832,3,10,150,22,0.0
833,3,10,150,22,0.0728975925939864
834,3,10,150,22,0.0
835,3,10,150,22,0.04191911005669532
836,3,10,150,22,0.0
837,3,10,150,22,0.05351287869030783
838,3,10,150,22,0.08633629724227374
839,3,10,150,22,0.0
840,3,10,150,22,0.07656878929530339
841,3,10,150,22,0.0
842,3,10,150,22,0.0
843,3,10,150,22,0.044530079137671444
844,3,10,150,22,0.0
845,3,10,150,22,0.0
846,3,10,150,22,0.07721300314246793
847,3,10,150,22,0.0
848,3,10,150,22,0.0
849,3,10,150,22,0.0
850,3,10,150,22,0.0
851,3,10,150,22,0.1637733768567814
852,3,10,150,22,0.07256783117062009
853,3,10,150,22,0.0
854,3,10,150,22,0.0
855,3,10,150,22,0.0
856,3,10,150,22,0.0
857,3,10,150,22,0.0
858,3,10,150,22,0.0
859,3,10,150,22,0.0
860,3,10,150,22,0.0
861,3,10,150,22,0.0
862,3,10,150,22,0.0559167101555819
863,3,10,150,22,0.0
864,3,10,150,22,0.11884821741484687
865,3,10,150,22,0.0
866,3,10,150,22,0.0
867,3,10,150,22,0.13120507751234178
868,3,10,150,22,0.0
870,3,10,150,22,0.0
871,3,10,150,22,0.0
872,3,10,150,22,0.0
875,3,10,150,22,0.1395953738647505
876,3,10,150,22,0.0
877,3,10,150,22,0.0
1,3,10,150,23,0.8843302223920022
2,3,10,150,23,0.06362078819895171
3,3,10,150,23,0.0
4,3,10,150,23,0.0
5,3,10,150,23,0.029956785715628154
6,3,10,150,23,0.06490403551612171
7,3,10,150,23,0.1931988620042624
8,3,10,150,23,0.0
9,3,10,150,23,0.0
10,3,10,150,23,0.16409920264511527
11,3,10,150,23,0.0
12,3,10,150,23,0.0
13,3,10,150,23,0.1881693771890321
14,3,10,150,23,0.0
15,3,10,150,23,0.0
16,3,10,150,23,0.05494858807198588
17,3,10,150,23,0.0
18,3,10,150,23,0.15220284947167842
19,3,10,150,23,0.0
20,3,10,150,23,0.07397229644086958
21,3,10,150,23,0.03475017269886857
22,3,10,150,23,0.0
23,3,10,150,23,0.16093766472693694
24,3,10,150,23,0.2130978642098899
25,3,10,150,23,0.0
26,3,10,150,23,0.0
28,3,10,150,23,0.0
29,3,10,150,23,0.0
30,3,10,150,23,0.0979129253499678
31,3,10,150,23,0.06076546216996844
32,3,10,150,23,0.0
33,3,10,150,23,0.0
34,3,10,150,23,0.0
35,3,10,150,23,0.0
37,3,10,150,23,0.0
38,3,10,150,23,0.0
39,3,10,150,23,0.0
40,3,10,150,23,0.0
41,3,10,150,23,0.0
42,3,10,150,23,0.11676800180580715
43,3,10,150,23,0.28931023046406273
44,3,10,150,23,0.04195229264874745
45,3,10,150,23,0.0
46,3,10,150,23,0.14434031438272124
47,3,10,150,23,0.0
48,3,10,150,23,0.0874717141014082
49,3,10,150,23,0.07799618279567333
50,3,10,150,23,0.0
51,3,10,150,23,0.18953836965473142
52,3,10,150,23,0.0
53,3,10,150,23,0.09546043308946733
54,3,10,150,23,0.07984133538066794
55,3,10,150,23,0.0
56,3,10,150,23,0.04623856784631377
57,3,10,150,23,0.0
58,3,10,150,23,0.029553435814782602
59,3,10,150,23,0.08999932274300686
60,3,10,150,23,0.050216616680524157
61,3,10,150,23,0.0
62,3,10,150,23,0.04326935701074781
63,3,10,150,23,0.0
64,3,10,150,23,0.0
65,3,10,150,23,0.26359514085347857
66,3,10,150,23,0.0
67,3,10,150,23,0.0
68,3,10,150,23,0.0
69,3,10,150,23,0.04340781395430378
70,3,10,150,23,0.0
71,3,10,150,23,0.0
72,3,10,150,23,0.16084022171949366
73,3,10,150,23,0.051960280791503534
74,3,10,150,23,0.0
75,3,10,150,23,0.11731968150568911
76,3,10,150,23,0.05947719272904215
77,3,10,150,23,0.33958467175585033
78,3,10,150,23,0.0
79,3,10,150,23,0.0
80,3,10,150,23,0.08297572808511901
81,3,10,150,23,0.0
82,3,10,150,23,0.09666636529932801
83,3,10,150,23,0.04630610387058298
84,3,10,150,23,0.0
85,3,10,150,23,0.11021147169445465
86,3,10,150,23,0.0
87,3,10,150,23,0.0375229475075955
88,3,10,150,23,0.0
89,3,10,150,23,0.22860031301980846
90,3,10,150,23,0.21675033253802334
91,3,10,150,23,0.13114221140465185
92,3,10,150,23,0.0667670226509449
93,3,10,150,23,0.0
94,3,10,150,23,0.19229484831945987
95,3,10,150,23,0.04623856784631377
96,3,10,150,23,0.0
97,3,10,150,23,0.05502294157452004
98,3,10,150,23,0.0
99,3,10,150,23,0.0
100,3,10,150,23,0.0
101,3,10,150,23,0.0
102,3,10,150,23,0.029553435814782602
103,3,10,150,23,0.0
104,3,10,150,23,0.12171451575741458
106,3,10,150,23,0.0
107,3,10,150,23,0.0
108,3,10,150,23,0.0
109,3,10,150,23,0.06326017699494084
110,3,10,150,23,0.039667414566743345
111,3,10,150,23,0.0
112,3,10,150,23,0.0
113,3,10,150,23,0.0
114,3,10,150,23,0.0
115,3,10,150,23,0.046806851959664796
116,3,10,150,23,0.03112959369469351
117,3,10,150,23,0.0
118,3,10,150,23,0.0
119,3,10,150,23,0.034073291417269544
121,3,10,150,23,0.0
122,3,10,150,23,0.0
123,3,10,150,23,0.46927872602275644
124,3,10,150,23,0.10889376106823218
125,3,10,150,23,0.09603362921081524
126,3,10,150,23,0.0
127,3,10,150,23,0.0
128,3,10,150,23,0.029108658262576942
129,3,10,150,23,0.0
130,3,10,150,23,0.06045360105350287
131,3,10,150,23,0.2803335894048546
132,3,10,150,23,0.09109240322345806
133,3,10,150,23,0.0
134,3,10,150,23,0.0
135,3,10,150,23,0.0
136,3,10,150,23,0.26687965254220064
137,3,10,150,23,0.0
138,3,10,150,23,0.13012668333070054
139,3,10,150,23,0.0
140,3,10,150,23,0.0
141,3,10,150,23,0.15194751309721466
142,3,10,150,23,0.30260241349881345
143,3,10,150,23,0.0
144,3,10,150,23,0.16556545451994525
145,3,10,150,23,0.0
146,3,10,150,23,0.0
147,3,10,150,23,0.0
148,3,10,150,23,0.042512356679180144
149,3,10,150,23,0.0
150,3,10,150,23,0.0
151,3,10,150,23,0.0
152,3,10,150,23,0.0
153,3,10,150,23,0.0
154,3,10,150,23,0.0
155,3,10,150,23,0.0
156,3,10,150,23,0.0
157,3,10,150,23,0.0
158,3,10,150,23,0.06490403551612171
159,3,10,150,23,0.11026617795298452
160,3,10,150,23,0.0
161,3,10,150,23,0.0
162,3,10,150,23,0.0
163,3,10,150,23,0.0
164,3,10,150,23,0.0
165,3,10,150,23,0.0
166,3,10,150,23,0.0
167,3,10,150,23,0.0
168,3,10,150,23,0.0
169,3,10,150,23,0.0
170,3,10,150,23,0.0
171,3,10,150,23,0.0
172,3,10,150,23,0.0
173,3,10,150,23,0.0
174,3,10,150,23,0.0
175,3,10,150,23,0.3761635367652849
176,3,10,150,23,0.0
177,3,10,150,23,0.0
178,3,10,150,23,0.19588928923284057
179,3,10,150,23,0.06599888514927177
180,3,10,150,23,0.0
181,3,10,150,23,0.035079093545523896
182,3,10,150,23,0.13120507751234178
183,3,10,150,23,0.0
184,3,10,150,23,0.0
185,3,10,150,23,0.0
186,3,10,150,23,0.0
187,3,10,150,23,0.09162544430476362
188,3,10,150,23,0.0
189,3,10,150,23,0.16390210053293716
190,3,10,150,23,0.0
191,3,10,150,23,0.0
192,3,10,150,23,0.0
193,3,10,150,23,0.0
194,3,10,150,23,0.04623856784631377
195,3,10,150,23,0.061734604266276284
196,3,10,150,23,0.17342765698823945
197,3,10,150,23,0.0
198,3,10,150,23,0.12080932875843485
199,3,10,150,23,0.0
200,3,10,150,23,0.03245201775806086
201,3,10,150,23,0.29147789779550987
202,3,10,150,23,0.0
203,3,10,150,23,0.0
204,3,10,150,23,0.0
205,3,10,150,23,0.0
206,3,10,150,23,0.0
207,3,10,150,23,0.0
208,3,10,150,23,0.0
209,3,10,150,23,0.0
210,3,10,150,23,0.0
211,3,10,150,23,0.0
212,3,10,150,23,0.0559167101555819
213,3,10,150,23,0.051573320538546435
214,3,10,150,23,0.1257260924843343
215,3,10,150,23,0.157288596461893
216,3,10,150,23,0.22096776232430695
217,3,10,150,23,0.04972780777662495
218,3,10,150,23,0.06323567569191428
219,3,10,150,23,0.0
220,3,10,150,23,0.0
221,3,10,150,23,0.10242698302371722
222,3,10,150,23,0.2207947138280436
223,3,10,150,23,0.0
224,3,10,150,23,0.0
225,3,10,150,23,0.0
226,3,10,150,23,0.0
227,3,10,150,23,0.0
229,3,10,150,23,0.0
230,3,10,150,23,0.0
231,3,10,150,23,0.0
232,3,10,150,23,0.0
233,3,10,150,23,0.09198623807652574
234,3,10,150,23,0.16733101853983895
235,3,10,150,23,0.04622440829742681
236,3,10,150,23,0.12127042983235181
237,3,10,150,23,0.0
238,3,10,150,23,0.0
239,3,10,150,23,0.0
240,3,10,150,23,0.10235170428306553
241,3,10,150,23,0.1381300260171807
242,3,10,150,23,0.0
243,3,10,150,23,0.0
244,3,10,150,23,0.16093766472693694
245,3,10,150,23,0.0
246,3,10,150,23,0.02831169742649504
247,3,10,150,23,0.15642624200758548
248,3,10,150,23,0.1800221130349669
249,3,10,150,23,0.2191612092775145
250,3,10,150,23,0.045740759208807255
251,3,10,150,23,0.0
252,3,10,150,23,0.0
253,3,10,150,23,0.0
254,3,10,150,23,0.0375229475075955
255,3,10,150,23,0.04610512027589789
256,3,10,150,23,0.030034759529155578
257,3,10,150,23,0.12830873359117523
258,3,10,150,23,0.0
259,3,10,150,23,0.0
260,3,10,150,23,0.0
261,3,10,150,23,0.0
262,3,10,150,23,0.0
263,3,10,150,23,0.29196331077693755
264,3,10,150,23,0.22972462709034727
265,3,10,150,23,0.19802572813668026
266,3,10,150,23,0.0
267,3,10,150,23,0.1641948494050207
268,3,10,150,23,0.1837476452251666
269,3,10,150,23,0.0
270,3,10,150,23,0.0
271,3,10,150,23,0.06964587323812313
272,3,10,150,23,0.0
273,3,10,150,23,0.0
274,3,10,150,23,0.0
275,3,10,150,23,0.0
276,3,10,150,23,0.3159200198850886
277,3,10,150,23,0.0
278,3,10,150,23,0.0
279,3,10,150,23,0.2045848930224441
280,3,10,150,23,0.09998312906164562
281,3,10,150,23,0.0
282,3,10,150,23,0.0
283,3,10,150,23,0.0
284,3,10,150,23,0.0
285,3,10,150,23,0.0
286,3,10,150,23,0.0
287,3,10,150,23,0.0
288,3,10,150,23,0.0
289,3,10,150,23,0.0
290,3,10,150,23,0.09917465025306094
291,3,10,150,23,0.2565089891782705
292,3,10,150,23,0.19765598330367803
293,3,10,150,23,0.04623856784631377
294,3,10,150,23,0.0
295,3,10,150,23,0.029108658262576942
296,3,10,150,23,0.10235135297694252
297,3,10,150,23,0.030868393892711742
298,3,10,150,23,0.03719976603506465
299,3,10,150,23,0.08999932274300686
300,3,10,150,23,0.0
301,3,10,150,23,0.17307742804299123
302,3,10,150,23,0.0
303,3,10,150,23,0.24819261559402273
304,3,10,150,23,0.0
305,3,10,150,23,0.07417530459976507
306,3,10,150,23,0.0
307,3,10,150,23,0.03436980580657827
308,3,10,150,23,0.05590529324231312
309,3,10,150,23,0.0
310,3,10,150,23,0.2890648263178879
311,3,10,150,23,0.18501896146585528
312,3,10,150,23,0.09774885223043435
313,3,10,150,23,0.06576248151780768
314,3,10,150,23,0.09812945298190696
315,3,10,150,23,0.09785159463516042
316,3,10,150,23,0.06076546216996844
317,3,10,150,23,0.0
318,3,10,150,23,0.03112959369469351
319,3,10,150,23,0.0
320,3,10,150,23,0.030979542277895667
321,3,10,150,23,0.042512356679180144
322,3,10,150,23,0.0
323,3,10,150,23,0.12229181918924699
324,3,10,150,23,0.0
325,3,10,150,23,0.0
326,3,10,150,23,0.08718845498029358
327,3,10,150,23,0.0
328,3,10,150,23,0.14117736289159108
329,3,10,150,23,0.056720838976548935
330,3,10,150,23,0.23442938795657506
331,3,10,150,23,0.0
332,3,10,150,23,0.02831169742649504
333,3,10,150,23,0.0
334,3,10,150,23,0.18571336427455656
335,3,10,150,23,0.0
336,3,10,150,23,0.0
337,3,10,150,23,0.09992090652113537
338,3,10,150,23,0.0
339,3,10,150,23,0.1656779099381833
340,3,10,150,23,0.12647135138382856
341,3,10,150,23,0.0
342,3,10,150,23,0.0
343,3,10,150,23,0.3095852692146019
344,3,10,150,23,0.11254991946770285
345,3,10,150,23,0.1622600887903043
346,3,10,150,23,0.10758149290415224
347,3,10,150,23,0.06131105076414215
348,3,10,150,23,0.0
349,3,10,150,23,0.07123530534387781
350,3,10,150,23,0.0845667599404342
351,3,10,150,23,0.0
352,3,10,150,23,0.11543235174412686
353,3,10,150,23,0.0
354,3,10,150,23,0.0
355,3,10,150,23,0.0
356,3,10,150,23,0.0
357,3,10,150,23,0.0
358,3,10,150,23,0.26730206653594746
359,3,10,150,23,0.0
360,3,10,150,23,0.10496459329418281
361,3,10,150,23,0.0
362,3,10,150,23,0.0
363,3,10,150,23,0.258315405327676
364,3,10,150,23,0.0
365,3,10,150,23,0.0527075128660253
366,3,10,150,23,0.10684080426179023
367,3,10,150,23,0.1410054764628891
368,3,10,150,23,0.0
369,3,10,150,23,0.0
370,3,10,150,23,0.045683428159663184
371,3,10,150,23,0.09892739847751293
372,3,10,150,23,0.0734773909038217
373,3,10,150,23,0.2167535688401018
374,3,10,150,23,0.16733101853983895
375,3,10,150,23,0.0
376,3,10,150,23,0.0
377,3,10,150,23,0.0
378,3,10,150,23,0.11248237307849443
379,3,10,150,23,0.13624560471459926
380,3,10,150,23,0.0
381,3,10,150,23,0.0
382,3,10,150,23,0.07847428227110642
383,3,10,150,23,0.0
384,3,10,150,23,0.0
385,3,10,150,23,0.18376591293278266
386,3,10,150,23,0.0
387,3,10,150,23,0.03907612305998601
388,3,10,150,23,0.0
389,3,10,150,23,0.1292094097822165
390,3,10,150,23,0.21398626473452756
391,3,10,150,23,0.2630166175596743
392,3,10,150,23,0.06327372362257774
393,3,10,150,23,0.20849865663661807
394,3,10,150,23,0.038892185327126634
395,3,10,150,23,0.051573320538546435
396,3,10,150,23,0.0
397,3,10,150,23,0.029956785715628154
398,3,10,150,23,0.07230154052577126
399,3,10,150,23,0.0
400,3,10,150,23,0.0
401,3,10,150,23,0.0
402,3,10,150,23,0.424926013816671
403,3,10,150,23,0.0
404,3,10,150,23,0.0
405,3,10,150,23,0.339549266840187
406,3,10,150,23,0.2502018554840671
407,3,10,150,23,0.09917465025306094
408,3,10,150,23,0.06163932007960398
409,3,10,150,23,0.14712339746334685
410,3,10,150,23,0.0
411,3,10,150,23,0.07963818675918483
412,3,10,150,23,0.0
413,3,10,150,23,0.10122860821230018
414,3,10,150,23,0.0
415,3,10,150,23,0.07605458145297357
416,3,10,150,23,0.19443198284576313
417,3,10,150,23,0.1206375185517551
418,3,10,150,23,0.07001560573318603
419,3,10,150,23,0.2098021491169666
420,3,10,150,23,0.0527075128660253
421,3,10,150,23,0.11227531497146094
422,3,10,150,23,0.0
423,3,10,150,23,0.0
424,3,10,150,23,0.13291000263869587
425,3,10,150,23,0.0
426,3,10,150,23,0.07140953136271548
427,3,10,150,23,0.0
428,3,10,150,23,0.0
429,3,10,150,23,0.2137800611390286
430,3,10,150,23,0.062242588308449316
431,3,10,150,23,0.0
432,3,10,150,23,0.0
433,3,10,150,23,0.0
434,3,10,150,23,0.18672776492534796
435,3,10,150,23,0.43103935791505577
436,3,10,150,23,0.09360002162026505
437,3,10,150,23,0.028695986104143326
438,3,10,150,23,0.0
439,3,10,150,23,0.0
440,3,10,150,23,0.04258528250242427
441,3,10,150,23,0.0
442,3,10,150,23,0.06490403551612171
443,3,10,150,23,0.056720838976548935
444,3,10,150,23,0.19519002499605084
445,3,10,150,23,0.0
446,3,10,150,23,0.0
447,3,10,150,23,0.07869058560437463
448,3,10,150,23,0.0
449,3,10,150,23,0.0
450,3,10,150,23,0.428884057320621
451,3,10,150,23,0.0
452,3,10,150,23,0.03245201775806086
453,3,10,150,23,0.17635724559886393
454,3,10,150,23,0.0
455,3,10,150,23,0.2449287232288893
456,3,10,150,23,0.1981125820435526
457,3,10,150,23,0.5300792478996069
458,3,10,150,23,0.15637318233532502
459,3,10,150,23,0.05700768353063836
460,3,10,150,23,0.0
461,3,10,150,23,0.10778915452451093
462,3,10,150,23,0.04622440829742681
463,3,10,150,23,0.12813834211427338
464,3,10,150,23,0.0
465,3,10,150,23,0.0733934381893728
466,3,10,150,23,0.08929273974051018
467,3,10,150,23,0.0
468,3,10,150,23,0.4169526427726342
469,3,10,150,23,0.050924439617225085
470,3,10,150,23,0.040162930685297936
471,3,10,150,23,0.0
472,3,10,150,23,0.33525534777644034
473,3,10,150,23,0.0
474,3,10,150,23,0.42651821286126756
475,3,10,150,23,0.0
476,3,10,150,23,0.12097589732794561
477,3,10,150,23,0.0
478,3,10,150,23,0.24493326276598829
479,3,10,150,23,0.10239854051200288
480,3,10,150,23,0.0881980292211471
481,3,10,150,23,0.0
482,3,10,150,23,0.10209739512291163
483,3,10,150,23,0.06194403202282284
484,3,10,150,23,0.26116552265664705
485,3,10,150,23,0.0
486,3,10,150,23,0.06866106346108594
487,3,10,150,23,0.11752670709486275
488,3,10,150,23,0.08189977426795961
489,3,10,150,23,0.0
490,3,10,150,23,0.06490403551612171
491,3,10,150,23,0.17758207479178334
492,3,10,150,23,0.03043077404022058
493,3,10,150,23,0.21893878174034181
494,3,10,150,23,0.05852543059818057
495,3,10,150,23,0.06490403551612171
496,3,10,150,23,0.09208677707616227
497,3,10,150,23,0.050216616680524157
498,3,10,150,23,0.0
499,3,10,150,23,0.05590529324231312
500,3,10,150,23,0.08501395150489006
501,3,10,150,23,0.0
502,3,10,150,23,0.0
503,3,10,150,23,0.3522997464802511
504,3,10,150,23,0.11840139800308712
505,3,10,150,23,0.030034759529155578
506,3,10,150,23,0.07373199321062059
507,3,10,150,23,0.0
508,3,10,150,23,0.09685518037629291
509,3,10,150,23,0.0
510,3,10,150,23,0.12427147932737166
511,3,10,150,23,0.0
512,3,10,150,23,0.0
513,3,10,150,23,0.0
514,3,10,150,23,0.3499522108363625
515,3,10,150,23,0.0
516,3,10,150,23,0.07947838320659593
517,3,10,150,23,0.0
518,3,10,150,23,0.0
519,3,10,150,23,0.0
520,3,10,150,23,0.0
521,3,10,150,23,0.12980807103224343
522,3,10,150,23,0.11752277470724268
523,3,10,150,23,0.16601711673526853
524,3,10,150,23,0.06928056245695505
525,3,10,150,23,0.035769798946978335
526,3,10,150,23,0.03112959369469351
527,3,10,150,23,0.24305949869199453
528,3,10,150,23,0.044808643601671735
529,3,10,150,23,0.0
530,3,10,150,23,0.0
531,3,10,150,23,0.0
532,3,10,150,23,0.2503653707231701
533,3,10,150,23,0.27893135069309277
534,3,10,150,23,0.05167975836235349
535,3,10,150,23,0.35886315243574296
536,3,10,150,23,0.16754357388866917
537,3,10,150,23,0.24789112562116072
538,3,10,150,23,0.11302936796265313
539,3,10,150,23,0.0
540,3,10,150,23,0.0
541,3,10,150,23,0.06808092445551532
542,3,10,150,23,0.06490403551612171
543,3,10,150,23,0.0
544,3,10,150,23,0.0
545,3,10,150,23,0.29080285175888393
546,3,10,150,23,0.0
547,3,10,150,23,0.0
548,3,10,150,23,0.09917465025306094
549,3,10,150,23,0.05502294157452004
550,3,10,150,23,0.0845667599404342
551,3,10,150,23,0.26978548634877253
552,3,10,150,23,0.0
553,3,10,150,23,0.08431064618121789
554,3,10,150,23,0.0
555,3,10,150,23,0.0
556,3,10,150,23,0.1482972305701491
557,3,10,150,23,0.044530079137671444
558,3,10,150,23,0.21398626473452756
559,3,10,150,23,0.029553435814782602
560,3,10,150,23,0.14512433335130168
561,3,10,150,23,0.14950531486257815
562,3,10,150,23,0.0
563,3,10,150,23,0.10791970824616881
564,3,10,150,23,0.0
565,3,10,150,23,0.14337418847532693
566,3,10,150,23,0.1251691312787074
567,3,10,150,23,0.35729833450836346
568,3,10,150,23,0.0
569,3,10,150,23,0.0
570,3,10,150,23,0.0
571,3,10,150,23,0.0512644431393966
572,3,10,150,23,0.30260241349881345
573,3,10,150,23,0.0
574,3,10,150,23,0.0
575,3,10,150,23,0.07945707943276742
576,3,10,150,23,0.0
577,3,10,150,23,0.22898272128530436
578,3,10,150,23,0.0
579,3,10,150,23,0.07317015256067974
580,3,10,150,23,0.0
581,3,10,150,23,0.0
582,3,10,150,23,0.06679511870650716
583,3,10,150,23,0.0874717141014082
584,3,10,150,23,0.20261715588288354
585,3,10,150,23,0.050216616680524157
586,3,10,150,23,0.13740507166081772
587,3,10,150,23,0.0
588,3,10,150,23,0.2345413525799283
589,3,10,150,23,0.0
590,3,10,150,23,0.1076424320455391
591,3,10,150,23,0.03112959369469351
592,3,10,150,23,0.3218170293580798
593,3,10,150,23,0.12855150083159805
594,3,10,150,23,0.0
595,3,10,150,23,0.03112959369469351
596,3,10,150,23,0.09803928583135704
597,3,10,150,23,0.0
598,3,10,150,23,0.0
599,3,10,150,23,0.0
600,3,10,150,23,0.1584988448355411
601,3,10,150,23,0.25078396836018907
602,3,10,150,23,0.041278922835426404
603,3,10,150,23,0.0845667599404342
604,3,10,150,23,0.0
605,3,10,150,23,0.15689990242275173
606,3,10,150,23,0.38461935981956846
607,3,10,150,23,0.0
608,3,10,150,23,0.28996032323968546
609,3,10,150,23,0.0
610,3,10,150,23,0.09820597701707162
611,3,10,150,23,0.0
612,3,10,150,23,0.09162544430476362
613,3,10,150,23,0.07839826897867533
614,3,10,150,23,0.1467868763787456
615,3,10,150,23,0.08922007102527937
616,3,10,150,23,0.0
617,3,10,150,23,0.0
618,3,10,150,23,0.12980807103224343
619,3,10,150,23,0.11003637966169272
620,3,10,150,23,0.2175476352203631
621,3,10,150,23,0.06358161145275437
622,3,10,150,23,0.359626065370662
623,3,10,150,23,0.04214302778527282
624,3,10,150,23,0.035079093545523896
625,3,10,150,23,0.10242698302371722
626,3,10,150,23,0.0
627,3,10,150,23,0.16888419409222946
628,3,10,150,23,0.0
629,3,10,150,23,0.2916721547887103
630,3,10,150,23,0.10980481202446234
631,3,10,150,23,0.0
632,3,10,150,23,0.03245201775806086
633,3,10,150,23,0.0
634,3,10,150,23,0.09998312906164562
635,3,10,150,23,0.0
636,3,10,150,23,0.30260241349881345
637,3,10,150,23,0.0
638,3,10,150,23,0.035079093545523896
639,3,10,150,23,0.0
640,3,10,150,23,0.17439232613860833
641,3,10,150,23,0.051358492238643604
642,3,10,150,23,0.3849297042035592
643,3,10,150,23,0.44872339989479954
644,3,10,150,23,0.0
645,3,10,150,23,0.09919930905290573
646,3,10,150,23,0.11243817952384734
647,3,10,150,23,0.036356287988538835
648,3,10,150,23,0.17802109793334264
649,3,10,150,23,0.0
650,3,10,150,23,0.21816538203261743
651,3,10,150,23,0.0
652,3,10,150,23,0.0
653,3,10,150,23,0.22478948733454257
654,3,10,150,23,0.116358894295816
655,3,10,150,23,0.36761233057301596
656,3,10,150,23,0.0
657,3,10,150,23,0.2073612289146658
658,3,10,150,23,0.08025137620967973
659,3,10,150,23,0.13397813203443343
660,3,10,150,23,0.0
661,3,10,150,23,0.13151660951633037
662,3,10,150,23,0.0
663,3,10,150,23,0.19304237763039508
664,3,10,150,23,0.4597710907492964
665,3,10,150,23,0.06490403551612171
666,3,10,150,23,0.16651372992339467
667,3,10,150,23,0.0
668,3,10,150,23,0.0
669,3,10,150,23,0.2579594136727406
670,3,10,150,23,0.0
671,3,10,150,23,0.24834817940432846
672,3,10,150,23,0.048159222084064895
673,3,10,150,23,0.0
674,3,10,150,23,0.0
675,3,10,150,23,0.0382580635535654
676,3,10,150,23,0.2827669493252626
677,3,10,150,23,0.0382580635535654
678,3,10,150,23,0.0
679,3,10,150,23,0.06943446316881034
680,3,10,150,23,0.0
681,3,10,150,23,0.0
682,3,10,150,23,0.5090773656784647
683,3,10,150,23,0.03322541746578526
684,3,10,150,23,0.04623856784631377
685,3,10,150,23,0.0
686,3,10,150,23,0.08376151535390927
687,3,10,150,23,0.0
688,3,10,150,23,0.0
689,3,10,150,23,0.3364961083156172
690,3,10,150,23,0.34628922981327753
691,3,10,150,23,0.5575827236098854
692,3,10,150,23,0.0
693,3,10,150,23,0.08835731100037399
694,3,10,150,23,0.2764073911528132
695,3,10,150,23,0.0
696,3,10,150,23,0.0
697,3,10,150,23,0.0
698,3,10,150,23,0.0
699,3,10,150,23,0.06023825195727045
700,3,10,150,23,0.0
701,3,10,150,23,0.050259389402918644
702,3,10,150,23,0.0
703,3,10,150,23,0.15555725495720263
704,3,10,150,23,0.07005854539655675
705,3,10,150,23,0.24126128111498565
706,3,10,150,23,0.0
707,3,10,150,23,0.3548970683708067
708,3,10,150,23,0.0
709,3,10,150,23,0.14015776970935298
710,3,10,150,23,0.2912373277227469
711,3,10,150,23,0.1766813282172837
712,3,10,150,23,0.0705033229487624
713,3,10,150,23,0.0
714,3,10,150,23,0.06786785134613488
715,3,10,150,23,0.24172407410240332
716,3,10,150,23,0.296885255810962
717,3,10,150,23,0.08134621037521768
718,3,10,150,23,0.0
719,3,10,150,23,0.07656668348110868
720,3,10,150,23,0.0
721,3,10,150,23,0.10527481058359126
722,3,10,150,23,0.04173963774222741
723,3,10,150,23,0.0
724,3,10,150,23,0.0
725,3,10,150,23,0.0
726,3,10,150,23,0.0
727,3,10,150,23,0.1185545257737589
728,3,10,150,23,0.0
729,3,10,150,23,0.0
730,3,10,150,23,0.0
731,3,10,150,23,0.11245775121587943
732,3,10,150,23,0.0
733,3,10,150,23,0.0
734,3,10,150,23,0.08131766139183766
735,3,10,150,23,0.08151055815578559
736,3,10,150,23,0.0
737,3,10,150,23,0.12127716502890909
738,3,10,150,23,0.14336609321852642
739,3,10,150,23,0.14538754575968496
740,3,10,150,23,0.0
741,3,10,150,23,0.04326935701074781
742,3,10,150,23,0.0527075128660253
743,3,10,150,23,0.049043960636177025
744,3,10,150,23,0.0
745,3,10,150,23,0.07150786408189963
746,3,10,150,23,0.21315419358676901
747,3,10,150,23,0.15856302775505351
748,3,10,150,23,0.050216616680524157
749,3,10,150,23,0.47700553405043244
750,3,10,150,23,0.0
751,3,10,150,23,0.029108658262576942
752,3,10,150,23,0.0
753,3,10,150,23,0.04072612696308379
754,3,10,150,23,0.0
755,3,10,150,23,0.0
756,3,10,150,23,0.05590529324231312
757,3,10,150,23,0.08189977426795961
758,3,10,150,23,0.22144935084398468
759,3,10,150,23,0.0
760,3,10,150,23,0.04568304891751105
761,3,10,150,23,0.11631124861532972
762,3,10,150,23,0.0
763,3,10,150,23,0.03055797694791982
764,3,10,150,23,0.0
765,3,10,150,23,0.0
766,3,10,150,23,0.06288720864405306
767,3,10,150,23,0.08857893643605717
768,3,10,150,23,0.05059568297461706
769,3,10,150,23,0.0
770,3,10,150,23,0.18348359547343202
771,3,10,150,23,0.0
772,3,10,150,23,0.0
773,3,10,150,23,0.19548550625608954
774,3,10,150,23,0.0
775,3,10,150,23,0.0
776,3,10,150,23,0.0
777,3,10,150,23,0.0
778,3,10,150,23,0.08961728720334347
779,3,10,150,23,0.0
780,3,10,150,23,0.12311997034702767
781,3,10,150,23,0.12572447169101508
782,3,10,150,23,0.0
783,3,10,150,23,0.0
784,3,10,150,23,0.0
785,3,10,150,23,0.22253651209328454
786,3,10,150,23,0.15268353071252913
787,3,10,150,23,0.0
788,3,10,150,23,0.0611643532238491
789,3,10,150,23,0.14531023848228133
790,3,10,150,23,0.11435179202602047
791,3,10,150,23,0.0
792,3,10,150,23,0.059109628562248356
793,3,10,150,23,0.08021827351724287
794,3,10,150,23,0.08021827351724287
795,3,10,150,23,0.08189977426795961
796,3,10,150,23,0.07834845055627171
797,3,10,150,23,0.13905617951077562
798,3,10,150,23,0.0
799,3,10,150,23,0.2836929289153804
800,3,10,150,23,0.0
801,3,10,150,23,0.0
802,3,10,150,23,0.05621908976192367
803,3,10,150,23,0.0
804,3,10,150,23,0.36542540286468506
805,3,10,150,23,0.2245941645186665
806,3,10,150,23,0.0673386393977186
807,3,10,150,23,0.17307742804299123
808,3,10,150,23,0.0
809,3,10,150,23,0.0
810,3,10,150,23,0.0
811,3,10,150,23,0.0
812,3,10,150,23,0.0
813,3,10,150,23,0.0
814,3,10,150,23,0.0
815,3,10,150,23,0.0
816,3,10,150,23,0.0
817,3,10,150,23,0.0
818,3,10,150,23,0.0
819,3,10,150,23,0.0
820,3,10,150,23,0.0
821,3,10,150,23,0.0
822,3,10,150,23,0.0
823,3,10,150,23,0.11534945043545536
824,3,10,150,23,0.0
825,3,10,150,23,0.16893466120496622
826,3,10,150,23,0.04455257454866284
827,3,10,150,23,0.0
828,3,10,150,23,0.0
829,3,10,150,23,0.0
830,3,10,150,23,0.05059568297461706
831,3,10,150,23,0.04522637401768292
832,3,10,150,23,0.0
833,3,10,150,23,0.07083373800934556
834,3,10,150,23,0.0
835,3,10,150,23,0.04191911005669532
836,3,10,150,23,0.0
837,3,10,150,23,0.05351287869030783
838,3,10,150,23,0.08633629724227374
839,3,10,150,23,0.0
840,3,10,150,23,0.07656878929530339
841,3,10,150,23,0.0
842,3,10,150,23,0.0
843,3,10,150,23,0.04326935701074781
844,3,10,150,23,0.0
845,3,10,150,23,0.0
846,3,10,150,23,0.07502697196010737
847,3,10,150,23,0.0
848,3,10,150,23,0.0
849,3,10,150,23,0.0
850,3,10,150,23,0.0
851,3,10,150,23,0.1637733768567814
852,3,10,150,23,0.07256783117062009
853,3,10,150,23,0.0
854,3,10,150,23,0.0
855,3,10,150,23,0.0
856,3,10,150,23,0.0
857,3,10,150,23,0.0
858,3,10,150,23,0.0
859,3,10,150,23,0.0
860,3,10,150,23,0.0
861,3,10,150,23,0.0
862,3,10,150,23,0.0559167101555819
863,3,10,150,23,0.0
864,3,10,150,23,0.11884821741484687
865,3,10,150,23,0.0
866,3,10,150,23,0.0
867,3,10,150,23,0.13120507751234178
868,3,10,150,23,0.0
870,3,10,150,23,0.0
871,3,10,150,23,0.0
872,3,10,150,23,0.0
875,3,10,150,23,0.1395953738647505
876,3,10,150,23,0.0
877,3,10,150,23,0.0
1,3,10,150,24,0.8602830347280722
2,3,10,150,24,0.06362078819895171
3,3,10,150,24,0.0
4,3,10,150,24,0.0
5,3,10,150,24,0.029956785715628154
6,3,10,150,24,0.06313912973468082
7,3,10,150,24,0.18794529362738654
8,3,10,150,24,0.0
9,3,10,150,24,0.0
10,3,10,150,24,0.16409920264511527
11,3,10,150,24,0.0
12,3,10,150,24,0.0
13,3,10,150,24,0.2102451163685156
14,3,10,150,24,0.0
15,3,10,150,24,0.0
16,3,10,150,24,0.05494858807198588
17,3,10,150,24,0.0
18,3,10,150,24,0.14806406693145227
19,3,10,150,24,0.0
20,3,10,150,24,0.07397229644086958
21,3,10,150,24,0.03475017269886857
22,3,10,150,24,0.03393392567306744
23,3,10,150,24,0.16093766472693694
24,3,10,150,24,0.2130978642098899
25,3,10,150,24,0.0
26,3,10,150,24,0.0
28,3,10,150,24,0.0
29,3,10,150,24,0.0
30,3,10,150,24,0.0979129253499678
31,3,10,150,24,0.06076546216996844
32,3,10,150,24,0.0
33,3,10,150,24,0.0
34,3,10,150,24,0.0
35,3,10,150,24,0.0
37,3,10,150,24,0.0
38,3,10,150,24,0.0
39,3,10,150,24,0.0
40,3,10,150,24,0.0
41,3,10,150,24,0.0
42,3,10,150,24,0.11676800180580715
43,3,10,150,24,0.281443149560454
44,3,10,150,24,0.04195229264874745
45,3,10,150,24,0.0
46,3,10,150,24,0.14434031438272124
47,3,10,150,24,0.0
48,3,10,150,24,0.0874717141014082
49,3,10,150,24,0.07587526823540362
50,3,10,150,24,0.0
51,3,10,150,24,0.18953836965473142
52,3,10,150,24,0.0
53,3,10,150,24,0.09546043308946733
54,3,10,150,24,0.07984133538066794
55,3,10,150,24,0.0
56,3,10,150,24,0.04498122359847828
57,3,10,150,24,0.0
58,3,10,150,24,0.029553435814782602
59,3,10,150,24,0.08755201228269746
60,3,10,150,24,0.07604364224229616
61,3,10,150,24,0.0
62,3,10,150,24,0.04209275315645388
63,3,10,150,24,0.0
64,3,10,150,24,0.0
65,3,10,150,24,0.26359514085347857
66,3,10,150,24,0.0
67,3,10,150,24,0.0
68,3,10,150,24,0.0
69,3,10,150,24,0.04340781395430378
70,3,10,150,24,0.0
71,3,10,150,24,0.0
72,3,10,150,24,0.16084022171949366
73,3,10,150,24,0.051960280791503534
74,3,10,150,24,0.0
75,3,10,150,24,0.11731968150568911
76,3,10,150,24,0.05947719272904215
77,3,10,150,24,0.33958467175585033
78,3,10,150,24,0.0
79,3,10,150,24,0.0
80,3,10,150,24,0.08297572808511901
81,3,10,150,24,0.0
82,3,10,150,24,0.09403776099713045
83,3,10,150,24,0.04630610387058298
84,3,10,150,24,0.0
85,3,10,150,24,0.1072145415031673
86,3,10,150,24,0.0
87,3,10,150,24,0.036502603141236205
88,3,10,150,24,0.0
89,3,10,150,24,0.22860031301980846
90,3,10,150,24,0.21085633978420495
91,3,10,150,24,0.13114221140465185
92,3,10,150,24,0.06495145751159424
93,3,10,150,24,0.0
94,3,10,150,24,0.1870658623736474
95,3,10,150,24,0.04498122359847828
96,3,10,150,24,0.0
97,3,10,150,24,0.05502294157452004
98,3,10,150,24,0.0
99,3,10,150,24,0.0
100,3,10,150,24,0.0
101,3,10,150,24,0.0
102,3,10,150,24,0.028749802738407926
103,3,10,150,24,0.0
104,3,10,150,24,0.12171451575741458
106,3,10,150,24,0.0
107,3,10,150,24,0.0
108,3,10,150,24,0.0
109,3,10,150,24,0.06153997190714452
110,3,10,150,24,0.039667414566743345
111,3,10,150,24,0.0
112,3,10,150,24,0.0
113,3,10,150,24,0.0
114,3,10,150,24,0.0
115,3,10,150,24,0.046806851959664796
116,3,10,150,24,0.030283100877278122
117,3,10,150,24,0.0
118,3,10,150,24,0.0
119,3,10,150,24,0.034073291417269544
121,3,10,150,24,0.0
122,3,10,150,24,0.0
123,3,10,150,24,0.46927872602275644
124,3,10,150,24,0.10889376106823218
125,3,10,150,24,0.09342223061195895
126,3,10,150,24,0.0
127,3,10,150,24,0.0
128,3,10,150,24,0.028317119818948914
129,3,10,150,24,0.0
130,3,10,150,24,0.05880971390288423
131,3,10,150,24,0.2803335894048546
132,3,10,150,24,0.09109240322345806
133,3,10,150,24,0.0
134,3,10,150,24,0.0
135,3,10,150,24,0.0
136,3,10,150,24,0.26687965254220064
137,3,10,150,24,0.0
138,3,10,150,24,0.13012668333070054
139,3,10,150,24,0.0
140,3,10,150,24,0.0
141,3,10,150,24,0.15194751309721466
142,3,10,150,24,0.30260241349881345
143,3,10,150,24,0.0
144,3,10,150,24,0.16556545451994525
145,3,10,150,24,0.0
146,3,10,150,24,0.0
147,3,10,150,24,0.0
148,3,10,150,24,0.042512356679180144
149,3,10,150,24,0.05446824630887794
150,3,10,150,24,0.0
151,3,10,150,24,0.0
152,3,10,150,24,0.0
153,3,10,150,24,0.06516188295518531
154,3,10,150,24,0.0
155,3,10,150,24,0.0
156,3,10,150,24,0.0
157,3,10,150,24,0.0
158,3,10,150,24,0.06313912973468082
159,3,10,150,24,0.11026617795298452
160,3,10,150,24,0.0
161,3,10,150,24,0.0
162,3,10,150,24,0.0
163,3,10,150,24,0.0
164,3,10,150,24,0.0
165,3,10,150,24,0.0
166,3,10,150,24,0.0
167,3,10,150,24,0.0
168,3,10,150,24,0.0
169,3,10,150,24,0.0
170,3,10,150,24,0.0
171,3,10,150,24,0.0
172,3,10,150,24,0.0
173,3,10,150,24,0.0
174,3,10,150,24,0.028767091820622218
175,3,10,150,24,0.4413254197204702
176,3,10,150,24,0.0
177,3,10,150,24,0.0
178,3,10,150,24,0.19056256129766447
179,3,10,150,24,0.06599888514927177
180,3,10,150,24,0.0
181,3,10,150,24,0.034125203783294505
182,3,10,150,24,0.13120507751234178
183,3,10,150,24,0.0
184,3,10,150,24,0.0
185,3,10,150,24,0.0
186,3,10,150,24,0.0
187,3,10,150,24,0.09162544430476362
188,3,10,150,24,0.0
189,3,10,150,24,0.15944518560429558
190,3,10,150,24,0.0
191,3,10,150,24,0.0
192,3,10,150,24,0.0
193,3,10,150,24,0.0
194,3,10,150,24,0.04498122359847828
195,3,10,150,24,0.061734604266276284
196,3,10,150,24,0.17342765698823945
197,3,10,150,24,0.0
198,3,10,150,24,0.11752421588244436
199,3,10,150,24,0.0
200,3,10,150,24,0.03156956486734041
201,3,10,150,24,0.28355187250462094
202,3,10,150,24,0.0
203,3,10,150,24,0.0
204,3,10,150,24,0.0
205,3,10,150,24,0.0
206,3,10,150,24,0.0
207,3,10,150,24,0.0
208,3,10,150,24,0.0
209,3,10,150,24,0.0
210,3,10,150,24,0.0
211,3,10,150,24,0.0
212,3,10,150,24,0.0559167101555819
213,3,10,150,24,0.051573320538546435
214,3,10,150,24,0.1257260924843343
215,3,10,150,24,0.157288596461893
216,3,10,150,24,0.22096776232430695
217,3,10,150,24,0.04972780777662495
218,3,10,150,24,0.06323567569191428
219,3,10,150,24,0.0
220,3,10,150,24,0.0
221,3,10,150,24,0.09964173287591703
222,3,10,150,24,0.2147907440617891
223,3,10,150,24,0.0
224,3,10,150,24,0.0
225,3,10,150,24,0.0
226,3,10,150,24,0.0
227,3,10,150,24,0.0
229,3,10,150,24,0.0
230,3,10,150,24,0.0
231,3,10,150,24,0.0
232,3,10,150,24,0.0
233,3,10,150,24,0.09198623807652574
234,3,10,150,24,0.16278086261059785
235,3,10,150,24,0.04622440829742681
236,3,10,150,24,0.12127042983235181
237,3,10,150,24,0.0
238,3,10,150,24,0.0
239,3,10,150,24,0.027192543073881765
240,3,10,150,24,0.10235170428306553
241,3,10,150,24,0.1381300260171807
242,3,10,150,24,0.0
243,3,10,150,24,0.0
244,3,10,150,24,0.15656136034663976
245,3,10,150,24,0.0
246,3,10,150,24,0.0562643440476516
247,3,10,150,24,0.15642624200758548
248,3,10,150,24,0.1800221130349669
249,3,10,150,24,0.2191612092775145
250,3,10,150,24,0.045740759208807255
251,3,10,150,24,0.0
252,3,10,150,24,0.0
253,3,10,150,24,0.0
254,3,10,150,24,0.036502603141236205
255,3,10,150,24,0.04610512027589789
256,3,10,150,24,0.029218038036945334
257,3,10,150,24,0.12830873359117523
258,3,10,150,24,0.0
259,3,10,150,24,0.0
260,3,10,150,24,0.0
261,3,10,150,24,0.0
262,3,10,150,24,0.0
263,3,10,150,24,0.29196331077693755
264,3,10,150,24,0.22972462709034727
265,3,10,150,24,0.19802572813668026
266,3,10,150,24,0.0
267,3,10,150,24,0.1597299738900651
268,3,10,150,24,0.1787510794676569
269,3,10,150,24,0.0
270,3,10,150,24,0.0
271,3,10,150,24,0.06775202483017735
272,3,10,150,24,0.0
273,3,10,150,24,0.0
274,3,10,150,24,0.0
275,3,10,150,24,0.0
276,3,10,150,24,0.30732935113646176
277,3,10,150,24,0.0
278,3,10,150,24,0.0
279,3,10,150,24,0.19902170950666576
280,3,10,150,24,0.09726433351797534
281,3,10,150,24,0.0
282,3,10,150,24,0.0
283,3,10,150,24,0.0
284,3,10,150,24,0.0
285,3,10,150,24,0.0
286,3,10,150,24,0.0
287,3,10,150,24,0.0
288,3,10,150,24,0.0
289,3,10,150,24,0.0
290,3,10,150,24,0.09647783930421741
291,3,10,150,24,0.2495338574412025
292,3,10,150,24,0.19765598330367803
293,3,10,150,24,0.04498122359847828
294,3,10,150,24,0.0
295,3,10,150,24,0.05550966289283067
296,3,10,150,24,0.10235135297694252
297,3,10,150,24,0.030868393892711742
298,3,10,150,24,0.03719976603506465
299,3,10,150,24,0.08755201228269746
300,3,10,150,24,0.0
301,3,10,150,24,0.16837101262581552
302,3,10,150,24,0.0
303,3,10,150,24,0.24144362720386287
304,3,10,150,24,0.0
305,3,10,150,24,0.07215828943441766
306,3,10,150,24,0.0
307,3,10,150,24,0.03436980580657827
308,3,10,150,24,0.05438508614776353
309,3,10,150,24,0.0
310,3,10,150,24,0.2890648263178879
311,3,10,150,24,0.17998782538671013
312,3,10,150,24,0.09774885223043435
313,3,10,150,24,0.09116677548037111
314,3,10,150,24,0.09546106360488
315,3,10,150,24,0.09785159463516042
316,3,10,150,24,0.06076546216996844
317,3,10,150,24,0.0
318,3,10,150,24,0.030283100877278122
319,3,10,150,24,0.0
320,3,10,150,24,0.030979542277895667
321,3,10,150,24,0.042512356679180144
322,3,10,150,24,0.0
323,3,10,150,24,0.12229181918924699
324,3,10,150,24,0.0
325,3,10,150,24,0.0
326,3,10,150,24,0.08481757916269675
327,3,10,150,24,0.0
328,3,10,150,24,0.13733839137010445
329,3,10,150,24,0.056720838976548935
330,3,10,150,24,0.23442938795657506
331,3,10,150,24,0.0
332,3,10,150,24,0.027541830374730368
333,3,10,150,24,0.0
334,3,10,150,24,0.1806633456171252
335,3,10,150,24,0.0
336,3,10,150,24,0.0
337,3,10,150,24,0.09992090652113537
338,3,10,150,24,0.0
339,3,10,150,24,0.16117270623579855
340,3,10,150,24,0.12647135138382856
341,3,10,150,24,0.0
342,3,10,150,24,0.0
343,3,10,150,24,0.30116685844644453
344,3,10,150,24,0.10948940093461541
345,3,10,150,24,0.15784782433670205
346,3,10,150,24,0.10465607852440358
347,3,10,150,24,0.059643847375333264
348,3,10,150,24,0.0
349,3,10,150,24,0.07123530534387781
350,3,10,150,24,0.0845667599404342
351,3,10,150,24,0.0
352,3,10,150,24,0.16282653392890226
353,3,10,150,24,0.0
354,3,10,150,24,0.0
355,3,10,150,24,0.0
356,3,10,150,24,0.0
357,3,10,150,24,0.0
358,3,10,150,24,0.26730206653594746
359,3,10,150,24,0.0
360,3,10,150,24,0.10496459329418281
361,3,10,150,24,0.0
362,3,10,150,24,0.0
363,3,10,150,24,0.2512911525416559
364,3,10,150,24,0.0
365,3,10,150,24,0.0527075128660253
366,3,10,150,24,0.10684080426179023
367,3,10,150,24,0.1410054764628891
368,3,10,150,24,0.0
369,3,10,150,24,0.0
370,3,10,150,24,0.045683428159663184
371,3,10,150,24,0.09892739847751293
372,3,10,150,24,0.0734773909038217
373,3,10,150,24,0.21085948808299973
374,3,10,150,24,0.16278086261059785
375,3,10,150,24,0.0
376,3,10,150,24,0.0
377,3,10,150,24,0.0
378,3,10,150,24,0.10942369130350503
379,3,10,150,24,0.13254074023977044
380,3,10,150,24,0.0
381,3,10,150,24,0.0
382,3,10,150,24,0.07847428227110642
383,3,10,150,24,0.0
384,3,10,150,24,0.0
385,3,10,150,24,0.17876885042984675
386,3,10,150,24,0.0
387,3,10,150,24,0.03801354390051703
388,3,10,150,24,0.0
389,3,10,150,24,0.12569587734116275
390,3,10,150,24,0.21398626473452756
391,3,10,150,24,0.2558645268575362
392,3,10,150,24,0.06327372362257774
393,3,10,150,24,0.20282904793518033
394,3,10,150,24,0.038892185327126634
395,3,10,150,24,0.051573320538546435
396,3,10,150,24,0.0
397,3,10,150,24,0.029956785715628154
398,3,10,150,24,0.07033547777071622
399,3,10,150,24,0.0
400,3,10,150,24,0.0
401,3,10,150,24,0.0
402,3,10,150,24,0.424926013816671
403,3,10,150,24,0.0
404,3,10,150,24,0.0
405,3,10,150,24,0.33031605877593023
406,3,10,150,24,0.24339823075165146
407,3,10,150,24,0.09647783930421741
408,3,10,150,24,0.12083071655728543
409,3,10,150,24,0.14312273814064896
410,3,10,150,24,0.0
411,3,10,150,24,0.07963818675918483
412,3,10,150,24,0.0
413,3,10,150,24,0.10122860821230018
414,3,10,150,24,0.0
415,3,10,150,24,0.07605458145297357
416,3,10,150,24,0.21633742585117122
417,3,10,150,24,0.11735707763221029
418,3,10,150,24,0.07001560573318603
419,3,10,150,24,0.2098021491169666
420,3,10,150,24,0.0527075128660253
421,3,10,150,24,0.11227531497146094
422,3,10,150,24,0.0
423,3,10,150,24,0.0
424,3,10,150,24,0.13291000263869587
425,3,10,150,24,0.0
426,3,10,150,24,0.07140953136271548
427,3,10,150,24,0.0
428,3,10,150,24,0.0
429,3,10,150,24,0.23515938069205022
430,3,10,150,24,0.062242588308449316
431,3,10,150,24,0.0
432,3,10,150,24,0.0
433,3,10,150,24,0.0
434,3,10,150,24,0.18672776492534796
435,3,10,150,24,0.4193183016084122
436,3,10,150,24,0.09105479900063972
437,3,10,150,24,0.027915669265958894
438,3,10,150,24,0.0
439,3,10,150,24,0.0
440,3,10,150,24,0.04258528250242427
441,3,10,150,24,0.0
442,3,10,150,24,0.06313912973468082
443,3,10,150,24,0.056720838976548935
444,3,10,150,24,0.19519002499605084
445,3,10,150,24,0.0
446,3,10,150,24,0.0
447,3,10,150,24,0.07655078846581868
448,3,10,150,24,0.0
449,3,10,150,24,0.0
450,3,10,150,24,0.4172216091182288
451,3,10,150,24,0.0
452,3,10,150,24,0.03156956486734041
453,3,10,150,24,0.17156164360152568
454,3,10,150,24,0.0
455,3,10,150,24,0.23826848837245687
456,3,10,150,24,0.19272539712285533
457,3,10,150,24,0.515665045118526
458,3,10,150,24,0.15212099783907174
459,3,10,150,24,0.05545749964068926
460,3,10,150,24,0.0
461,3,10,150,24,0.10778915452451093
462,3,10,150,24,0.04622440829742681
463,3,10,150,24,0.12465393472691519
464,3,10,150,24,0.0
465,3,10,150,24,0.0733934381893728
466,3,10,150,24,0.08686464306893144
467,3,10,150,24,0.0
468,3,10,150,24,0.4056146400742705
469,3,10,150,24,0.050924439617225085
470,3,10,150,24,0.040162930685297936
471,3,10,150,24,0.0
472,3,10,150,24,0.3261389022912803
473,3,10,150,24,0.0
474,3,10,150,24,0.41492009798624246
475,3,10,150,24,0.0
476,3,10,150,24,0.12097589732794561
477,3,10,150,24,0.0
478,3,10,150,24,0.23827290446799776
479,3,10,150,24,0.12680660686230938
480,3,10,150,24,0.0881980292211471
481,3,10,150,24,0.0
482,3,10,150,24,0.10209739512291163
483,3,10,150,24,0.06194403202282284
484,3,10,150,24,0.2540637679323933
485,3,10,150,24,0.0
486,3,10,150,24,0.06679399453542183
487,3,10,150,24,0.14152340012373596
488,3,10,150,24,0.07967271112843692
489,3,10,150,24,0.0
490,3,10,150,24,0.06490403551612171
491,3,10,150,24,0.17758207479178334
492,3,10,150,24,0.03043077404022058
493,3,10,150,24,0.21298527948732437
494,3,10,150,24,0.11299367690705851
495,3,10,150,24,0.06313912973468082
496,3,10,150,24,0.08958270342398376
497,3,10,150,24,0.048851099168414396
498,3,10,150,24,0.027192543073881765
499,3,10,150,24,0.05438508614776353
500,3,10,150,24,0.08270220596671245
501,3,10,150,24,0.0
502,3,10,150,24,0.0
503,3,10,150,24,0.369912363523051
504,3,10,150,24,0.11518176288788035
505,3,10,150,24,0.029218038036945334
506,3,10,150,24,0.07172703280931762
507,3,10,150,24,0.0
508,3,10,150,24,0.12141398478586375
509,3,10,150,24,0.0
510,3,10,150,24,0.12427147932737166
511,3,10,150,24,0.0
512,3,10,150,24,0.0
513,3,10,150,24,0.0
514,3,10,150,24,0.34043612026939457
515,3,10,150,24,0.0
516,3,10,150,24,0.07947838320659593
517,3,10,150,24,0.0
518,3,10,150,24,0.0
519,3,10,150,24,0.0
520,3,10,150,24,0.0
521,3,10,150,24,0.12627825946936164
522,3,10,150,24,0.11752277470724268
523,3,10,150,24,0.16150268913744306
524,3,10,150,24,0.06739664777816154
525,3,10,150,24,0.035769798946978335
526,3,10,150,24,0.03112959369469351
527,3,10,150,24,0.23645009280429632
528,3,10,150,24,0.044808643601671735
529,3,10,150,24,0.0
530,3,10,150,24,0.0
531,3,10,150,24,0.0
532,3,10,150,24,0.24355729959557193
533,3,10,150,24,0.27134649792471477
534,3,10,150,24,0.05167975836235349
535,3,10,150,24,0.37629729377938675
536,3,10,150,24,0.16298763803894945
537,3,10,150,24,0.268342878583956
538,3,10,150,24,0.10995581200571504
539,3,10,150,24,0.0
540,3,10,150,24,0.0
541,3,10,150,24,0.06622963098474903
542,3,10,150,24,0.06313912973468082
543,3,10,150,24,0.0
544,3,10,150,24,0.0
545,3,10,150,24,0.28289518268642283
546,3,10,150,24,0.0
547,3,10,150,24,0.0
548,3,10,150,24,0.09647783930421741
549,3,10,150,24,0.05502294157452004
550,3,10,150,24,0.0845667599404342
551,3,10,150,24,0.28964187596440716
552,3,10,150,24,0.0
553,3,10,150,24,0.08201802530334831
554,3,10,150,24,0.0
555,3,10,150,24,0.0
556,3,10,150,24,0.1482972305701491
557,3,10,150,24,0.044530079137671444
558,3,10,150,24,0.21398626473452756
559,3,10,150,24,0.028749802738407926
560,3,10,150,24,0.14117803366557802
561,3,10,150,24,0.14543988514840325
562,3,10,150,24,0.0
563,3,10,150,24,0.10791970824616881
564,3,10,150,24,0.0
565,3,10,150,24,0.14337418847532693
566,3,10,150,24,0.1217654642848908
567,3,10,150,24,0.37477502723090034
568,3,10,150,24,0.0
569,3,10,150,24,0.0
570,3,10,150,24,0.0
571,3,10,150,24,0.0512644431393966
572,3,10,150,24,0.30260241349881345
573,3,10,150,24,0.0
574,3,10,150,24,0.0
575,3,10,150,24,0.07945707943276742
576,3,10,150,24,0.0
577,3,10,150,24,0.22275609877357905
578,3,10,150,24,0.0
579,3,10,150,24,0.07118047003545096
580,3,10,150,24,0.0
581,3,10,150,24,0.0
582,3,10,150,24,0.06679511870650716
583,3,10,150,24,0.0874717141014082
584,3,10,150,24,0.20261715588288354
585,3,10,150,24,0.048851099168414396
586,3,10,150,24,0.1336686783311111
587,3,10,150,24,0.0
588,3,10,150,24,0.22816357674729212
589,3,10,150,24,0.0
590,3,10,150,24,0.1076424320455391
591,3,10,150,24,0.030283100877278122
592,3,10,150,24,0.3130660059253515
593,3,10,150,24,0.12505585860802268
594,3,10,150,24,0.0
595,3,10,150,24,0.030283100877278122
596,3,10,150,24,0.09803928583135704
597,3,10,150,24,0.0
598,3,10,150,24,0.0
599,3,10,150,24,0.0
600,3,10,150,24,0.15418885817019015
601,3,10,150,24,0.2439645144983156
602,3,10,150,24,0.041278922835426404
603,3,10,150,24,0.0845667599404342
604,3,10,150,24,0.0
605,3,10,150,24,0.17982593814171496
606,3,10,150,24,0.37416058131062596
607,3,10,150,24,0.0
608,3,10,150,24,0.2820755646602736
609,3,10,150,24,0.0
610,3,10,150,24,0.09553550675692225
611,3,10,150,24,0.0
612,3,10,150,24,0.09162544430476362
613,3,10,150,24,0.07839826897867533
614,3,10,150,24,0.1467868763787456
615,3,10,150,24,0.11398649347475144
616,3,10,150,24,0.0
617,3,10,150,24,0.0
618,3,10,150,24,0.12627825946936164
619,3,10,150,24,0.10704421066804812
620,3,10,150,24,0.21163196177901225
621,3,10,150,24,0.061852665744618535
622,3,10,150,24,0.3498469180975796
623,3,10,150,24,0.04214302778527282
624,3,10,150,24,0.034125203783294505
625,3,10,150,24,0.09964173287591703
626,3,10,150,24,0.0
627,3,10,150,24,0.19148434644376044
628,3,10,150,24,0.0
629,3,10,150,24,0.2837408471561664
630,3,10,150,24,0.10681893994376765
631,3,10,150,24,0.0
632,3,10,150,24,0.03156956486734041
633,3,10,150,24,0.027192543073881765
634,3,10,150,24,0.09726433351797534
635,3,10,150,24,0.0
636,3,10,150,24,0.30260241349881345
637,3,10,150,24,0.0
638,3,10,150,24,0.034125203783294505
639,3,10,150,24,0.0
640,3,10,150,24,0.16965015529832977
641,3,10,150,24,0.051358492238643604
642,3,10,150,24,0.3744624866415873
643,3,10,150,24,0.4365214695149015
644,3,10,150,24,0.0
645,3,10,150,24,0.12369437064246705
646,3,10,150,24,0.11243817952384734
647,3,10,150,24,0.036356287988538835
648,3,10,150,24,0.1731802515597305
649,3,10,150,24,0.0
650,3,10,150,24,0.2122329104844656
651,3,10,150,24,0.0
652,3,10,150,24,0.0
653,3,10,150,24,0.21867688951764222
654,3,10,150,24,0.11319480005064776
655,3,10,150,24,0.35761601643941915
656,3,10,150,24,0.0
657,3,10,150,24,0.2073612289146658
658,3,10,150,24,0.07806913720535973
659,3,10,150,24,0.13033492590812887
660,3,10,150,24,0.0
661,3,10,150,24,0.1551328815210084
662,3,10,150,24,0.0
663,3,10,150,24,0.18779306446159602
664,3,10,150,24,0.44726874555997054
665,3,10,150,24,0.06313912973468082
666,3,10,150,24,0.18917834122394178
667,3,10,150,24,0.0
668,3,10,150,24,0.0
669,3,10,150,24,0.25094484120513133
670,3,10,150,24,0.0
671,3,10,150,24,0.24159496083855614
672,3,10,150,24,0.048159222084064895
673,3,10,150,24,0.0
674,3,10,150,24,0.0
675,3,10,150,24,0.0382580635535654
676,3,10,150,24,0.2750777968758652
677,3,10,150,24,0.0382580635535654
678,3,10,150,24,0.0
679,3,10,150,24,0.0675463635382806
680,3,10,150,24,0.0
681,3,10,150,24,0.0
682,3,10,150,24,0.4952342574843148
683,3,10,150,24,0.03232193387019919
684,3,10,150,24,0.04498122359847828
685,3,10,150,24,0.0
686,3,10,150,24,0.10867636981359624
687,3,10,150,24,0.0
688,3,10,150,24,0.0
689,3,10,150,24,0.3364961083156172
690,3,10,150,24,0.33687274501555864
691,3,10,150,24,0.5575827236098854
692,3,10,150,24,0.0
693,3,10,150,24,0.08595465101510395
694,3,10,150,24,0.26889117126295103
695,3,10,150,24,0.0
696,3,10,150,24,0.0
697,3,10,150,24,0.0
698,3,10,150,24,0.0
699,3,10,150,24,0.05860022069622703
700,3,10,150,24,0.0
701,3,10,150,24,0.050259389402918644
702,3,10,150,24,0.0
703,3,10,150,24,0.15555725495720263
704,3,10,150,24,0.06815347538316736
705,3,10,150,24,0.2347007733362065
706,3,10,150,24,0.0
707,3,10,150,24,0.3724390576262209
708,3,10,150,24,0.0
709,3,10,150,24,0.16353906659327394
710,3,10,150,24,0.28331784414392386
711,3,10,150,24,0.1990694566632663
712,3,10,150,24,0.06858615830262638
713,3,10,150,24,0.0
714,3,10,150,24,0.06786785134613488
715,3,10,150,24,0.23515098180537952
716,3,10,150,24,0.288812190704322
717,3,10,150,24,0.07913420004569252
718,3,10,150,24,0.0
719,3,10,150,24,0.07656668348110868
720,3,10,150,24,0.0
721,3,10,150,24,0.10241212076220221
722,3,10,150,24,0.04173963774222741
723,3,10,150,24,0.0
724,3,10,150,24,0.0
725,3,10,150,24,0.0
726,3,10,150,24,0.0
727,3,10,150,24,0.11533072672505233
728,3,10,150,24,0.0
729,3,10,150,24,0.0
730,3,10,150,24,0.0
731,3,10,150,24,0.10939973897194974
732,3,10,150,24,0.0
733,3,10,150,24,0.0
734,3,10,150,24,0.08131766139183766
735,3,10,150,24,0.08151055815578559
736,3,10,150,24,0.0
737,3,10,150,24,0.12127716502890909
738,3,10,150,24,0.13946760455334747
739,3,10,150,24,0.18767092572990207
740,3,10,150,24,0.0
741,3,10,150,24,0.04209275315645388
742,3,10,150,24,0.0527075128660253
743,3,10,150,24,0.049043960636177025
744,3,10,150,24,0.0
745,3,10,150,24,0.06956338340773129
746,3,10,150,24,0.21315419358676901
747,3,10,150,24,0.1542512957928991
748,3,10,150,24,0.048851099168414396
749,3,10,150,24,0.4912270835931678
750,3,10,150,24,0.0
751,3,10,150,24,0.028317119818948914
752,3,10,150,24,0.0
753,3,10,150,24,0.04072612696308379
754,3,10,150,24,0.0
755,3,10,150,24,0.0
756,3,10,150,24,0.05438508614776353
757,3,10,150,24,0.07967271112843692
758,3,10,150,24,0.21542757983247646
759,3,10,150,24,0.0
760,3,10,150,24,0.0858926844649043
761,3,10,150,24,0.11631124861532972
762,3,10,150,24,0.0
763,3,10,150,24,0.02972702784351282
764,3,10,150,24,0.0
765,3,10,150,24,0.0
766,3,10,150,24,0.06117714551420346
767,3,10,150,24,0.1269544353559099
768,3,10,150,24,0.05059568297461706
769,3,10,150,24,0.0
770,3,10,150,24,0.18348359547343202
771,3,10,150,24,0.0
772,3,10,150,24,0.0
773,3,10,150,24,0.19016975820690124
774,3,10,150,24,0.0
775,3,10,150,24,0.0
776,3,10,150,24,0.0
777,3,10,150,24,0.0
778,3,10,150,24,0.08961728720334347
779,3,10,150,24,0.0
780,3,10,150,24,0.12311997034702767
781,3,10,150,24,0.12572447169101508
782,3,10,150,24,0.0
783,3,10,150,24,0.0
784,3,10,150,24,0.0
785,3,10,150,24,0.22253651209328454
786,3,10,150,24,0.14853167722695632
787,3,10,150,24,0.0
788,3,10,150,24,0.059501138914223456
789,3,10,150,24,0.14531023848228133
790,3,10,150,24,0.11124227599577732
791,3,10,150,24,0.0
792,3,10,150,24,0.059109628562248356
793,3,10,150,24,0.08021827351724287
794,3,10,150,24,0.08021827351724287
795,3,10,150,24,0.07967271112843692
796,3,10,150,24,0.10341050001363015
797,3,10,150,24,0.13905617951077562
798,3,10,150,24,0.0
799,3,10,150,24,0.2836929289153804
800,3,10,150,24,0.0
801,3,10,150,24,0.0
802,3,10,150,24,0.05621908976192367
803,3,10,150,24,0.0
804,3,10,150,24,0.38268109993087823
805,3,10,150,24,0.21848687802585015
806,3,10,150,24,0.06550753054535954
807,3,10,150,24,0.16837101262581552
808,3,10,150,24,0.0
809,3,10,150,24,0.0
810,3,10,150,24,0.0
811,3,10,150,24,0.0
812,3,10,150,24,0.0
813,3,10,150,24,0.0
814,3,10,150,24,0.0
815,3,10,150,24,0.0
816,3,10,150,24,0.10105367325027378
817,3,10,150,24,0.0
818,3,10,150,24,0.0
819,3,10,150,24,0.0
820,3,10,150,24,0.0
821,3,10,150,24,0.0
822,3,10,150,24,0.0
823,3,10,150,24,0.11221280553594064
824,3,10,150,24,0.0
825,3,10,150,24,0.16434089815347858
826,3,10,150,24,0.04455257454866284
827,3,10,150,24,0.0
828,3,10,150,24,0.0
829,3,10,150,24,0.0
830,3,10,150,24,0.05059568297461706
831,3,10,150,24,0.04522637401768292
832,3,10,150,24,0.0
833,3,10,150,24,0.06890758853744237
834,3,10,150,24,0.0
835,3,10,150,24,0.04191911005669532
836,3,10,150,24,0.0
837,3,10,150,24,0.05351287869030783
838,3,10,150,24,0.08633629724227374
839,3,10,150,24,0.0
840,3,10,150,24,0.07656878929530339
841,3,10,150,24,0.0
842,3,10,150,24,0.0
843,3,10,150,24,0.04209275315645388
844,3,10,150,24,0.0
845,3,10,150,24,0.0
846,3,10,150,24,0.07298679779337922
847,3,10,150,24,0.0
848,3,10,150,24,0.0
849,3,10,150,24,0.0
850,3,10,150,24,0.0
851,3,10,150,24,0.1637733768567814
852,3,10,150,24,0.07256783117062009
853,3,10,150,24,0.0
854,3,10,150,24,0.0
855,3,10,150,24,0.0
856,3,10,150,24,0.0
857,3,10,150,24,0.0
858,3,10,150,24,0.0
859,3,10,150,24,0.0
860,3,10,150,24,0.0
861,3,10,150,24,0.0
862,3,10,150,24,0.0559167101555819
863,3,10,150,24,0.0
864,3,10,150,24,0.11884821741484687
865,3,10,150,24,0.0
866,3,10,150,24,0.0
867,3,10,150,24,0.13120507751234178
868,3,10,150,24,0.0
870,3,10,150,24,0.0
871,3,10,150,24,0.0
872,3,10,150,24,0.0
875,3,10,150,24,0.1395953738647505
876,3,10,150,24,0.0
877,3,10,150,24,0.0
1,3,10,150,25,0.8377760134394029
2,3,10,150,25,0.06362078819895171
3,3,10,150,25,0.0
4,3,10,150,25,0.0
5,3,10,150,25,0.0583775815185038
6,3,10,150,25,0.06148726205890397
7,3,10,150,25,0.18302820407195447
8,3,10,150,25,0.0
9,3,10,150,25,0.0
10,3,10,150,25,0.16409920264511527
11,3,10,150,25,0.0
12,3,10,150,25,0.0
13,3,10,150,25,0.23090695585758897
14,3,10,150,25,0.0
15,3,10,150,25,0.0
16,3,10,150,25,0.05494858807198588
17,3,10,150,25,0.0
18,3,10,150,25,0.14419036377564548
19,3,10,150,25,0.0
20,3,10,150,25,0.07397229644086958
21,3,10,150,25,0.03475017269886857
22,3,10,150,25,0.03393392567306744
23,3,10,150,25,0.16093766472693694
24,3,10,150,25,0.2130978642098899
25,3,10,150,25,0.0
26,3,10,150,25,0.0
28,3,10,150,25,0.0
29,3,10,150,25,0.0
30,3,10,150,25,0.0979129253499678
31,3,10,150,25,0.06076546216996844
32,3,10,150,25,0.0
33,3,10,150,25,0.0
34,3,10,150,25,0.0
35,3,10,150,25,0.0
37,3,10,150,25,0.0
38,3,10,150,25,0.0
39,3,10,150,25,0.0
40,3,10,150,25,0.0
41,3,10,150,25,0.0
42,3,10,150,25,0.11676800180580715
43,3,10,150,25,0.2740799368699823
44,3,10,150,25,0.04195229264874745
45,3,10,150,25,0.0
46,3,10,150,25,0.14434031438272124
47,3,10,150,25,0.0
48,3,10,150,25,0.0874717141014082
49,3,10,150,25,0.07389019331410458
50,3,10,150,25,0.0
51,3,10,150,25,0.18953836965473142
52,3,10,150,25,0.0
53,3,10,150,25,0.09546043308946733
54,3,10,150,25,0.07984133538066794
55,3,10,150,25,0.0
56,3,10,150,25,0.043804409321952
57,3,10,150,25,0.0
58,3,10,150,25,0.029553435814782602
59,3,10,150,25,0.0852614463587334
60,3,10,150,25,0.07405416226219134
61,3,10,150,25,0.0
62,3,10,150,25,0.04099150803926931
63,3,10,150,25,0.0
64,3,10,150,25,0.0
65,3,10,150,25,0.26359514085347857
66,3,10,150,25,0.0
67,3,10,150,25,0.0
68,3,10,150,25,0.0
69,3,10,150,25,0.04340781395430378
70,3,10,150,25,0.0
71,3,10,150,25,0.0
72,3,10,150,25,0.16084022171949366
73,3,10,150,25,0.051960280791503534
74,3,10,150,25,0.0
75,3,10,150,25,0.11731968150568911
76,3,10,150,25,0.05947719272904215
77,3,10,150,25,0.33958467175585033
78,3,10,150,25,0.0
79,3,10,150,25,0.0
80,3,10,150,25,0.08297572808511901
81,3,10,150,25,0.0
82,3,10,150,25,0.09157751267970289
83,3,10,150,25,0.04630610387058298
84,3,10,150,25,0.0
85,3,10,150,25,0.104409557712188
86,3,10,150,25,0.0
87,3,10,150,25,0.061709954149305586
88,3,10,150,25,0.0
89,3,10,150,25,0.22860031301980846
90,3,10,150,25,0.2053398435419257
91,3,10,150,25,0.13114221140465185
92,3,10,150,25,0.06325217509181988
93,3,10,150,25,0.0
94,3,10,150,25,0.18217178080181
95,3,10,150,25,0.043804409321952
96,3,10,150,25,0.0
97,3,10,150,25,0.05502294157452004
98,3,10,150,25,0.0
99,3,10,150,25,0.0
100,3,10,150,25,0.0
101,3,10,150,25,0.0
102,3,10,150,25,0.02799764048929078
103,3,10,150,25,0.0
104,3,10,150,25,0.12171451575741458
106,3,10,150,25,0.0
107,3,10,150,25,0.0
108,3,10,150,25,0.0
109,3,10,150,25,0.05992994194967125
110,3,10,150,25,0.039667414566743345
111,3,10,150,25,0.0
112,3,10,150,25,0.0
113,3,10,150,25,0.0
114,3,10,150,25,0.0
115,3,10,150,25,0.046806851959664796
116,3,10,150,25,0.030283100877278122
117,3,10,150,25,0.0
118,3,10,150,25,0.0
119,3,10,150,25,0.034073291417269544
121,3,10,150,25,0.0
122,3,10,150,25,0.0
123,3,10,150,25,0.46927872602275644
124,3,10,150,25,0.10889376106823218
125,3,10,150,25,0.09097808601263767
126,3,10,150,25,0.0
127,3,10,150,25,0.0
128,3,10,150,25,0.027576277569513717
129,3,10,150,25,0.0
130,3,10,150,25,0.05727111389642106
131,3,10,150,25,0.2803335894048546
132,3,10,150,25,0.09109240322345806
133,3,10,150,25,0.0
134,3,10,150,25,0.0
135,3,10,150,25,0.0
136,3,10,150,25,0.26687965254220064
137,3,10,150,25,0.0
138,3,10,150,25,0.13012668333070054
139,3,10,150,25,0.0
140,3,10,150,25,0.0
141,3,10,150,25,0.15194751309721466
142,3,10,150,25,0.30260241349881345
143,3,10,150,25,0.0
144,3,10,150,25,0.16556545451994525
145,3,10,150,25,0.0
146,3,10,150,25,0.0
147,3,10,150,25,0.0
148,3,10,150,25,0.042512356679180144
149,3,10,150,25,0.05446824630887794
150,3,10,150,25,0.0
151,3,10,150,25,0.0
152,3,10,150,25,0.0
153,3,10,150,25,0.06516188295518531
154,3,10,150,25,0.0
155,3,10,150,25,0.0
156,3,10,150,25,0.0
157,3,10,150,25,0.0
158,3,10,150,25,0.06148726205890397
159,3,10,150,25,0.11026617795298452
160,3,10,150,25,0.0
161,3,10,150,25,0.0
162,3,10,150,25,0.0
163,3,10,150,25,0.0
164,3,10,150,25,0.0
165,3,10,150,25,0.0
166,3,10,150,25,0.0
167,3,10,150,25,0.0
168,3,10,150,25,0.0
169,3,10,150,25,0.0
170,3,10,150,25,0.0
171,3,10,150,25,0.0
172,3,10,150,25,0.0
173,3,10,150,25,0.0
174,3,10,150,25,0.028767091820622218
175,3,10,150,25,0.4413254197204702
176,3,10,150,25,0.0
177,3,10,150,25,0.0
178,3,10,150,25,0.185576997883287
179,3,10,150,25,0.06599888514927177
180,3,10,150,25,0.0
181,3,10,150,25,0.03323240843917434
182,3,10,150,25,0.13120507751234178
183,3,10,150,25,0.0
184,3,10,150,25,0.0
185,3,10,150,25,0.0
186,3,10,150,25,0.0
187,3,10,150,25,0.09162544430476362
188,3,10,150,25,0.0
189,3,10,150,25,0.15527372569877035
190,3,10,150,25,0.0
191,3,10,150,25,0.0
192,3,10,150,25,0.0
193,3,10,150,25,0.0
194,3,10,150,25,0.043804409321952
195,3,10,150,25,0.061734604266276284
196,3,10,150,25,0.17342765698823945
197,3,10,150,25,0.0
198,3,10,150,25,0.11444950683667497
199,3,10,150,25,0.0
200,3,10,150,25,0.030743631029451986
201,3,10,150,25,0.27613349067762044
202,3,10,150,25,0.0
203,3,10,150,25,0.0
204,3,10,150,25,0.0
205,3,10,150,25,0.0
206,3,10,150,25,0.0
207,3,10,150,25,0.0
208,3,10,150,25,0.0
209,3,10,150,25,0.0
210,3,10,150,25,0.0
211,3,10,150,25,0.0
212,3,10,150,25,0.0559167101555819
213,3,10,150,25,0.051573320538546435
214,3,10,150,25,0.1257260924843343
215,3,10,150,25,0.157288596461893
216,3,10,150,25,0.22096776232430695
217,3,10,150,25,0.04972780777662495
218,3,10,150,25,0.06323567569191428
219,3,10,150,25,0.0
220,3,10,150,25,0.0
221,3,10,150,25,0.09964173287591703
222,3,10,150,25,0.235333659272302
223,3,10,150,25,0.0
224,3,10,150,25,0.0
225,3,10,150,25,0.0
226,3,10,150,25,0.0
227,3,10,150,25,0.0
229,3,10,150,25,0.0
230,3,10,150,25,0.0
231,3,10,150,25,0.0
232,3,10,150,25,0.0
233,3,10,150,25,0.12321456673952925
234,3,10,150,25,0.15852213357344702
235,3,10,150,25,0.04622440829742681
236,3,10,150,25,0.12127042983235181
237,3,10,150,25,0.0
238,3,10,150,25,0.0
239,3,10,150,25,0.027192543073881765
240,3,10,150,25,0.10235170428306553
241,3,10,150,25,0.1381300260171807
242,3,10,150,25,0.0
243,3,10,150,25,0.0
244,3,10,150,25,0.15246534807154163
245,3,10,150,25,0.0
246,3,10,150,25,0.0562643440476516
247,3,10,150,25,0.15642624200758548
248,3,10,150,25,0.1800221130349669
249,3,10,150,25,0.2191612092775145
250,3,10,150,25,0.07806699296748765
251,3,10,150,25,0.0
252,3,10,150,25,0.0
253,3,10,150,25,0.0
254,3,10,150,25,0.036502603141236205
255,3,10,150,25,0.04610512027589789
256,3,10,150,25,0.02845362565455011
257,3,10,150,25,0.12830873359117523
258,3,10,150,25,0.0
259,3,10,150,25,0.0
260,3,10,150,25,0.0
261,3,10,150,25,0.0
262,3,10,150,25,0.0
263,3,10,150,25,0.29196331077693755
264,3,10,150,25,0.22972462709034727
265,3,10,150,25,0.19802572813668026
266,3,10,150,25,0.0
267,3,10,150,25,0.15555106325524287
268,3,10,150,25,0.17407453211225907
269,3,10,150,25,0.0
270,3,10,150,25,0.0
271,3,10,150,25,0.0659794730028764
272,3,10,150,25,0.0
273,3,10,150,25,0.0
274,3,10,150,25,0.0
275,3,10,150,25,0.0
276,3,10,150,25,0.29928889471754877
277,3,10,150,25,0.0
278,3,10,150,25,0.0
279,3,10,150,25,0.1938148349410296
280,3,10,150,25,0.09471967049807832
281,3,10,150,25,0.0
282,3,10,150,25,0.0
283,3,10,150,25,0.0
284,3,10,150,25,0.0
285,3,10,150,25,0.0
286,3,10,150,25,0.0
287,3,10,150,25,0.0
288,3,10,150,25,0.0
289,3,10,150,25,0.0
290,3,10,150,25,0.09647783930421741
291,3,10,150,25,0.2430054666500855
292,3,10,150,25,0.23738157838038593
293,3,10,150,25,0.043804409321952
294,3,10,150,25,0.027616154831484434
295,3,10,150,25,0.054057399958399206
296,3,10,150,25,0.10235135297694252
297,3,10,150,25,0.030868393892711742
298,3,10,150,25,0.03719976603506465
299,3,10,150,25,0.0852614463587334
300,3,10,150,25,0.0
301,3,10,150,25,0.16396603215707725
302,3,10,150,25,0.0
303,3,10,150,25,0.2351268958048663
304,3,10,150,25,0.0
305,3,10,150,25,0.07027045939372906
306,3,10,150,25,0.0
307,3,10,150,25,0.0678952375171567
308,3,10,150,25,0.052962244777770985
309,3,10,150,25,0.0
310,3,10,150,25,0.2890648263178879
311,3,10,150,25,0.17527892185827953
312,3,10,150,25,0.09774885223043435
313,3,10,150,25,0.08878163887564353
314,3,10,150,25,0.0929635783540251
315,3,10,150,25,0.09785159463516042
316,3,10,150,25,0.06076546216996844
317,3,10,150,25,0.0
318,3,10,150,25,0.029490823953733692
319,3,10,150,25,0.0
320,3,10,150,25,0.030979542277895667
321,3,10,150,25,0.08223795175588802
322,3,10,150,25,0.0
323,3,10,150,25,0.12229181918924699
324,3,10,150,25,0.0
325,3,10,150,25,0.0
326,3,10,150,25,0.08259855242055993
327,3,10,150,25,0.0
328,3,10,150,25,0.13374529703540608
329,3,10,150,25,0.056720838976548935
330,3,10,150,25,0.23442938795657506
331,3,10,150,25,0.0
332,3,10,150,25,0.026821271514972177
333,3,10,150,25,0.0
334,3,10,150,25,0.17593676889557894
335,3,10,150,25,0.0
336,3,10,150,25,0.0
337,3,10,150,25,0.09992090652113537
338,3,10,150,25,0.0
339,3,10,150,25,0.1569560503400465
340,3,10,150,25,0.12647135138382856
341,3,10,150,25,0.0
342,3,10,150,25,0.0
343,3,10,150,25,0.29328762728546
344,3,10,150,25,0.10662490148706094
345,3,10,150,25,0.15371815514725992
346,3,10,150,25,0.10191803012376069
347,3,10,150,25,0.05808342448144335
348,3,10,150,25,0.0
349,3,10,150,25,0.07123530534387781
350,3,10,150,25,0.0845667599404342
351,3,10,150,25,0.0
352,3,10,150,25,0.16282653392890226
353,3,10,150,25,0.0
354,3,10,150,25,0.0
355,3,10,150,25,0.0
356,3,10,150,25,0.0
357,3,10,150,25,0.0
358,3,10,150,25,0.26730206653594746
359,3,10,150,25,0.0
360,3,10,150,25,0.10496459329418281
361,3,10,150,25,0.0
362,3,10,150,25,0.0
363,3,10,150,25,0.24471678679039235
364,3,10,150,25,0.0
365,3,10,150,25,0.0527075128660253
366,3,10,150,25,0.10684080426179023
367,3,10,150,25,0.1410054764628891
368,3,10,150,25,0.0
369,3,10,150,25,0.0
370,3,10,150,25,0.045683428159663184
371,3,10,150,25,0.09892739847751293
372,3,10,150,25,0.0734773909038217
373,3,10,150,25,0.2053429094738422
374,3,10,150,25,0.15852213357344702
375,3,10,150,25,0.0
376,3,10,150,25,0.0
377,3,10,150,25,0.0
378,3,10,150,25,0.10656091097396936
379,3,10,150,25,0.15523550840133035
380,3,10,150,25,0.0
381,3,10,150,25,0.0
382,3,10,150,25,0.07847428227110642
383,3,10,150,25,0.0
384,3,10,150,25,0.0
385,3,10,150,25,0.1740918381444106
386,3,10,150,25,0.0
387,3,10,150,25,0.03701902046196388
388,3,10,150,25,0.0
389,3,10,150,25,0.1485697231652569
390,3,10,150,25,0.21398626473452756
391,3,10,150,25,0.2558645268575362
392,3,10,150,25,0.06327372362257774
393,3,10,150,25,0.19752256446921193
394,3,10,150,25,0.038892185327126634
395,3,10,150,25,0.051573320538546435
396,3,10,150,25,0.0
397,3,10,150,25,0.029956785715628154
398,3,10,150,25,0.06849533675708501
399,3,10,150,25,0.0
400,3,10,150,25,0.0
401,3,10,150,25,0.0
402,3,10,150,25,0.424926013816671
403,3,10,150,25,0.0
404,3,10,150,25,0.0
405,3,10,150,25,0.32167421618838093
406,3,10,150,25,0.23703036234089817
407,3,10,150,25,0.0939537528170403
408,3,10,150,25,0.12083071655728543
409,3,10,150,25,0.13937831173191192
410,3,10,150,25,0.0
411,3,10,150,25,0.07963818675918483
412,3,10,150,25,0.0
413,3,10,150,25,0.10122860821230018
414,3,10,150,25,0.0
415,3,10,150,25,0.07605458145297357
416,3,10,150,25,0.21067753154591234
417,3,10,150,25,0.114286741314955
418,3,10,150,25,0.07001560573318603
419,3,10,150,25,0.2098021491169666
420,3,10,150,25,0.0527075128660253
421,3,10,150,25,0.1590989696709666
422,3,10,150,25,0.0
423,3,10,150,25,0.0
424,3,10,150,25,0.13291000263869587
425,3,10,150,25,0.0
426,3,10,150,25,0.07140953136271548
427,3,10,150,25,0.0
428,3,10,150,25,0.0
429,3,10,150,25,0.22900705991643563
430,3,10,150,25,0.062242588308449316
431,3,10,150,25,0.0
432,3,10,150,25,0.0
433,3,10,150,25,0.0
434,3,10,150,25,0.18672776492534796
435,3,10,150,25,0.40834795166537013
436,3,10,150,25,0.08867259196317245
437,3,10,150,25,0.02718532990426848
438,3,10,150,25,0.0
439,3,10,150,25,0.0
440,3,10,150,25,0.04258528250242427
441,3,10,150,25,0.0
442,3,10,150,25,0.06148726205890397
443,3,10,150,25,0.056720838976548935
444,3,10,150,25,0.19519002499605084
445,3,10,150,25,0.0
446,3,10,150,25,0.0
447,3,10,150,25,0.07454804035140399
448,3,10,150,25,0.0
449,3,10,150,25,0.0
450,3,10,150,25,0.4063061135668315
451,3,10,150,25,0.0
452,3,10,150,25,0.030743631029451986
453,3,10,150,25,0.16707318874541058
454,3,10,150,25,0.0
455,3,10,150,25,0.23203482605001777
456,3,10,150,25,0.1876832488521034
457,3,10,150,25,0.5283363831553264
458,3,10,150,25,0.1481411558584614
459,3,10,150,25,0.05400660141924066
460,3,10,150,25,0.0
461,3,10,150,25,0.10778915452451093
462,3,10,150,25,0.08799878422261026
463,3,10,150,25,0.12139269551916781
464,3,10,150,25,0.0
465,3,10,150,25,0.0733934381893728
466,3,10,150,25,0.08459206033526973
467,3,10,150,25,0.0
468,3,10,150,25,0.39500281004784993
469,3,10,150,25,0.050924439617225085
470,3,10,150,25,0.040162930685297936
471,3,10,150,25,0.0
472,3,10,150,25,0.31760634391152176
473,3,10,150,25,0.050005013043213774
474,3,10,150,25,0.40406481536239647
475,3,10,150,25,0.0
476,3,10,150,25,0.12097589732794561
477,3,10,150,25,0.0
478,3,10,150,25,0.2320391266101449
479,3,10,150,25,0.12348904870414337
480,3,10,150,25,0.0881980292211471
481,3,10,150,25,0.0
482,3,10,150,25,0.10209739512291163
483,3,10,150,25,0.06194403202282284
484,3,10,150,25,0.24741686406157432
485,3,10,150,25,0.0
486,3,10,150,25,0.06504650702691925
487,3,10,150,25,0.1378208161474791
488,3,10,150,25,0.07758828619721583
489,3,10,150,25,0.0
490,3,10,150,25,0.06490403551612171
491,3,10,150,25,0.17758207479178334
492,3,10,150,25,0.03043077404022058
493,3,10,150,25,0.20741308519070006
494,3,10,150,25,0.11299367690705851
495,3,10,150,25,0.06148726205890397
496,3,10,150,25,0.087239009858415
497,3,10,150,25,0.04757303987330585
498,3,10,150,25,0.026481122388885493
499,3,10,150,25,0.052962244777770985
500,3,10,150,25,0.0805385223472847
501,3,10,150,25,0.0
502,3,10,150,25,0.0
503,3,10,150,25,0.36023458876211206
504,3,10,150,25,0.11216833790478345
505,3,10,150,25,0.02845362565455011
506,3,10,150,25,0.09601283014677285
507,3,10,150,25,0.0
508,3,10,150,25,0.12141398478586375
509,3,10,150,25,0.0
510,3,10,150,25,0.12427147932737166
511,3,10,150,25,0.0
512,3,10,150,25,0.0
513,3,10,150,25,0.0
514,3,10,150,25,0.35769185783839863
515,3,10,150,25,0.0
516,3,10,150,25,0.07947838320659593
517,3,10,150,25,0.0
518,3,10,150,25,0.0
519,3,10,150,25,0.0
520,3,10,150,25,0.0
521,3,10,150,25,0.12297452411780795
522,3,10,150,25,0.11752277470724268
523,3,10,150,25,0.15727740011527522
524,3,10,150,25,0.06563339344779164
525,3,10,150,25,0.035769798946978335
526,3,10,150,25,0.03112959369469351
527,3,10,150,25,0.23026400397350089
528,3,10,150,25,0.044808643601671735
529,3,10,150,25,0.0
530,3,10,150,25,0.0
531,3,10,150,25,0.0
532,3,10,150,25,0.23718526957089395
533,3,10,150,25,0.2642474373145891
534,3,10,150,25,0.05167975836235349
535,3,10,150,25,0.3664524742722365
536,3,10,150,25,0.1848858439654344
537,3,10,150,25,0.2874847443920184
538,3,10,150,25,0.10707911015094952
539,3,10,150,25,0.0
540,3,10,150,25,0.0
541,3,10,150,25,0.06449690854999168
542,3,10,150,25,0.06148726205890397
543,3,10,150,25,0.0
544,3,10,150,25,0.0
545,3,10,150,25,0.27549398140480286
546,3,10,150,25,0.0
547,3,10,150,25,0.0
548,3,10,150,25,0.0939537528170403
549,3,10,150,25,0.10184659627402569
550,3,10,150,25,0.0845667599404342
551,3,10,150,25,0.2820641653677061
552,3,10,150,25,0.0
553,3,10,150,25,0.07987224145426824
554,3,10,150,25,0.0
555,3,10,150,25,0.0
556,3,10,150,25,0.1482972305701491
557,3,10,150,25,0.044530079137671444
558,3,10,150,25,0.21398626473452756
559,3,10,150,25,0.02799764048929078
560,3,10,150,25,0.1374844852856451
561,3,10,150,25,0.14163483674094343
562,3,10,150,25,0.0
563,3,10,150,25,0.10791970824616881
564,3,10,150,25,0.0
565,3,10,150,25,0.14337418847532693
566,3,10,150,25,0.11857979423648513
567,3,10,150,25,0.3649700337859072
568,3,10,150,25,0.0
569,3,10,150,25,0.0
570,3,10,150,25,0.0
571,3,10,150,25,0.0512644431393966
572,3,10,150,25,0.30260241349881345
573,3,10,150,25,0.0
574,3,10,150,25,0.0
575,3,10,150,25,0.07945707943276742
576,3,10,150,25,0.0
577,3,10,150,25,0.21692827693484823
578,3,10,150,25,0.0
579,3,10,150,25,0.06931822204292629
580,3,10,150,25,0.0
581,3,10,150,25,0.0
582,3,10,150,25,0.06679511870650716
583,3,10,150,25,0.0874717141014082
584,3,10,150,25,0.20261715588288354
585,3,10,150,25,0.04757303987330585
586,3,10,150,25,0.13017159229386574
587,3,10,150,25,0.0
588,3,10,150,25,0.2221942826058896
589,3,10,150,25,0.0
590,3,10,150,25,0.1076424320455391
591,3,10,150,25,0.029490823953733692
592,3,10,150,25,0.304875465166463
593,3,10,150,25,0.12178410412915715
594,3,10,150,25,0.0
595,3,10,150,25,0.029490823953733692
596,3,10,150,25,0.09803928583135704
597,3,10,150,25,0.0
598,3,10,150,25,0.0
599,3,10,150,25,0.0
600,3,10,150,25,0.15015491611481876
601,3,10,150,25,0.23758183077698766
602,3,10,150,25,0.041278922835426404
603,3,10,150,25,0.0845667599404342
604,3,10,150,25,0.0
605,3,10,150,25,0.17512126996318944
606,3,10,150,25,0.39053400790526127
607,3,10,150,25,0.0
608,3,10,150,25,0.27469580650797093
609,3,10,150,25,0.0
610,3,10,150,25,0.09303607389866354
611,3,10,150,25,0.0
612,3,10,150,25,0.09162544430476362
613,3,10,150,25,0.07839826897867533
614,3,10,150,25,0.1467868763787456
615,3,10,150,25,0.11100433954204261
616,3,10,150,25,0.0
617,3,10,150,25,0.0
618,3,10,150,25,0.12297452411780795
619,3,10,150,25,0.10424368313108918
620,3,10,150,25,0.20609517344675285
621,3,10,150,25,0.060234454983185685
622,3,10,150,25,0.34069410243629383
623,3,10,150,25,0.04214302778527282
624,3,10,150,25,0.03323240843917434
625,3,10,150,25,0.09703487151454304
626,3,10,150,25,0.0
627,3,10,150,25,0.1864746669686573
628,3,10,150,25,0.0
629,3,10,150,25,0.3024798660028603
630,3,10,150,25,0.10402430601714673
631,3,10,150,25,0.0
632,3,10,150,25,0.030743631029451986
633,3,10,150,25,0.026481122388885493
634,3,10,150,25,0.09471967049807832
635,3,10,150,25,0.0
636,3,10,150,25,0.30260241349881345
637,3,10,150,25,0.0
638,3,10,150,25,0.03323240843917434
639,3,10,150,25,0.0
640,3,10,150,25,0.19137405415174732
641,3,10,150,25,0.051358492238643604
642,3,10,150,25,0.3646656699912226
643,3,10,150,25,0.4251010443632668
644,3,10,150,25,0.0
645,3,10,150,25,0.12045823588105267
646,3,10,150,25,0.11243817952384734
647,3,10,150,25,0.036356287988538835
648,3,10,150,25,0.16864945012428895
649,3,10,150,25,0.0
650,3,10,150,25,0.20668039992503093
651,3,10,150,25,0.0
652,3,10,150,25,0.0
653,3,10,150,25,0.2129557893575428
654,3,10,150,25,0.11023335867419205
655,3,10,150,25,0.37442228764302166
656,3,10,150,25,0.0
657,3,10,150,25,0.2073612289146658
658,3,10,150,25,0.07602666552785596
659,3,10,150,25,0.1269250586508969
660,3,10,150,25,0.0
661,3,10,150,25,0.15107424160133404
662,3,10,150,25,0.0
663,3,10,150,25,0.1828799575780718
664,3,10,150,25,0.4617294911615933
665,3,10,150,25,0.06148726205890397
666,3,10,150,25,0.18422899225226494
667,3,10,150,25,0.0
668,3,10,150,25,0.0
669,3,10,150,25,0.24437953577042526
670,3,10,150,25,0.0
671,3,10,150,25,0.23527427019684496
672,3,10,150,25,0.048159222084064895
673,3,10,150,25,0.0
674,3,10,150,25,0.0
675,3,10,150,25,0.0382580635535654
676,3,10,150,25,0.26788111673642445
677,3,10,150,25,0.0382580635535654
678,3,10,150,25,0.0
679,3,10,150,25,0.0675463635382806
680,3,10,150,25,0.0
681,3,10,150,25,0.0
682,3,10,150,25,0.4822777681358982
683,3,10,150,25,0.03147631629512114
684,3,10,150,25,0.043804409321952
685,3,10,150,25,0.0
686,3,10,150,25,0.10583314116647656
687,3,10,150,25,0.0
688,3,10,150,25,0.0
689,3,10,150,25,0.37279254620421465
690,3,10,150,25,0.32805936414256
691,3,10,150,25,0.5575827236098854
692,3,10,150,25,0.0
693,3,10,150,25,0.08370587580722298
694,3,10,150,25,0.261856347755286
695,3,10,150,25,0.0
696,3,10,150,25,0.0
697,3,10,150,25,0.0
698,3,10,150,25,0.0
699,3,10,150,25,0.057067101523247406
700,3,10,150,25,0.0
701,3,10,150,25,0.050259389402918644
702,3,10,150,25,0.0
703,3,10,150,25,0.15555725495720263
704,3,10,150,25,0.09253276536178814
705,3,10,150,25,0.2547227954979811
706,3,10,150,25,0.0
707,3,10,150,25,0.36269517862321937
708,3,10,150,25,0.0
709,3,10,150,25,0.15926050116218024
710,3,10,150,25,0.275905585047564
711,3,10,150,25,0.193861332920061
712,3,10,150,25,0.06679178358789868
713,3,10,150,25,0.0
714,3,10,150,25,0.06786785134613488
715,3,10,150,25,0.22899888076433306
716,3,10,150,25,0.28125618661938256
717,3,10,150,25,0.07706386382703954
718,3,10,150,25,0.0
719,3,10,150,25,0.07656668348110868
720,3,10,150,25,0.0
721,3,10,150,25,0.12589512425167856
722,3,10,150,25,0.04173963774222741
723,3,10,150,25,0.0
724,3,10,150,25,0.0
725,3,10,150,25,0.0
726,3,10,150,25,0.0
727,3,10,150,25,0.11231340449870045
728,3,10,150,25,0.0
729,3,10,150,25,0.0
730,3,10,150,25,0.0
731,3,10,150,25,0.10653758529156844
732,3,10,150,25,0.0
733,3,10,150,25,0.0
734,3,10,150,25,0.08131766139183766
735,3,10,150,25,0.08151055815578559
736,3,10,150,25,0.0
737,3,10,150,25,0.12127716502890909
738,3,10,150,25,0.1358188050094228
739,3,10,150,25,0.18767092572990207
740,3,10,150,25,0.0
741,3,10,150,25,0.04099150803926931
742,3,10,150,25,0.0527075128660253
743,3,10,150,25,0.049043960636177025
744,3,10,150,25,0.0
745,3,10,150,25,0.06774344219296054
746,3,10,150,25,0.21315419358676901
747,3,10,150,25,0.15021572022292054
748,3,10,150,25,0.04757303987330585
749,3,10,150,25,0.5045377760030053
750,3,10,150,25,0.0
751,3,10,150,25,0.027576277569513717
752,3,10,150,25,0.0
753,3,10,150,25,0.04072612696308379
754,3,10,150,25,0.0
755,3,10,150,25,0.0
756,3,10,150,25,0.052962244777770985
757,3,10,150,25,0.07758828619721583
758,3,10,150,25,0.20979148923237684
759,3,10,150,25,0.0
760,3,10,150,25,0.0858926844649043
761,3,10,150,25,0.14753957727833325
762,3,10,150,25,0.0
763,3,10,150,25,0.028949299094352617
764,3,10,150,25,0.0
765,3,10,150,25,0.0
766,3,10,150,25,0.05957660794588627
767,3,10,150,25,0.1269544353559099
768,3,10,150,25,0.05059568297461706
769,3,10,150,25,0.0
770,3,10,150,25,0.18348359547343202
771,3,10,150,25,0.0
772,3,10,150,25,0.0
773,3,10,150,25,0.18519447144238108
774,3,10,150,25,0.0
775,3,10,150,25,0.0
776,3,10,150,25,0.0
777,3,10,150,25,0.0
778,3,10,150,25,0.08961728720334347
779,3,10,150,25,0.0
780,3,10,150,25,0.12311997034702767
781,3,10,150,25,0.12572447169101508
782,3,10,150,25,0.0
783,3,10,150,25,0.0
784,3,10,150,25,0.0
785,3,10,150,25,0.22253651209328454
786,3,10,150,25,0.14464574028941626
787,3,10,150,25,0.0
788,3,10,150,25,0.05794444960828381
789,3,10,150,25,0.14531023848228133
790,3,10,150,25,0.10833191722666781
791,3,10,150,25,0.0
792,3,10,150,25,0.059109628562248356
793,3,10,150,25,0.08021827351724287
794,3,10,150,25,0.08021827351724287
795,3,10,150,25,0.07758828619721583
796,3,10,150,25,0.10070503886732915
797,3,10,150,25,0.13905617951077562
798,3,10,150,25,0.0
799,3,10,150,25,0.2836929289153804
800,3,10,150,25,0.0
801,3,10,150,25,0.0
802,3,10,150,25,0.05621908976192367
803,3,10,150,25,0.0
804,3,10,150,25,0.37266926508673515
805,3,10,150,25,0.21277074901189477
806,3,10,150,25,0.06379369995120096
807,3,10,150,25,0.19012837685074377
808,3,10,150,25,0.0
809,3,10,150,25,0.0
810,3,10,150,25,0.0
811,3,10,150,25,0.0
812,3,10,150,25,0.0
813,3,10,150,25,0.0
814,3,10,150,25,0.0
815,3,10,150,25,0.0
816,3,10,150,25,0.10105367325027378
817,3,10,150,25,0.0
818,3,10,150,25,0.0
819,3,10,150,25,0.0
820,3,10,150,25,0.0
821,3,10,150,25,0.0
822,3,10,150,25,0.0
823,3,10,150,25,0.10927705543846598
824,3,10,150,25,0.0
825,3,10,150,25,0.16434089815347858
826,3,10,150,25,0.04455257454866284
827,3,10,150,25,0.0
828,3,10,150,25,0.0
829,3,10,150,25,0.0
830,3,10,150,25,0.05059568297461706
831,3,10,150,25,0.04522637401768292
832,3,10,150,25,0.0
833,3,10,150,25,0.06710480445411646
834,3,10,150,25,0.0
835,3,10,150,25,0.04191911005669532
836,3,10,150,25,0.0
837,3,10,150,25,0.05351287869030783
838,3,10,150,25,0.08633629724227374
839,3,10,150,25,0.0
840,3,10,150,25,0.07656878929530339
841,3,10,150,25,0.0
842,3,10,150,25,0.0
843,3,10,150,25,0.04209275315645388
844,3,10,150,25,0.0
845,3,10,150,25,0.0
846,3,10,150,25,0.0710772920314219
847,3,10,150,25,0.0
848,3,10,150,25,0.0
849,3,10,150,25,0.0
850,3,10,150,25,0.0
851,3,10,150,25,0.1637733768567814
852,3,10,150,25,0.07256783117062009
853,3,10,150,25,0.0
854,3,10,150,25,0.0
855,3,10,150,25,0.0
856,3,10,150,25,0.0
857,3,10,150,25,0.0
858,3,10,150,25,0.0
859,3,10,150,25,0.0
860,3,10,150,25,0.0
861,3,10,150,25,0.0
862,3,10,150,25,0.0559167101555819
863,3,10,150,25,0.0
864,3,10,150,25,0.11884821741484687
865,3,10,150,25,0.0
866,3,10,150,25,0.0
867,3,10,150,25,0.13120507751234178
868,3,10,150,25,0.0
870,3,10,150,25,0.0
871,3,10,150,25,0.0
872,3,10,150,25,0.0
875,3,10,150,25,0.1395953738647505
876,3,10,150,25,0.0
877,3,10,150,25,0.0
1,3,10,150,26,0.816655057984956
2,3,10,150,26,0.06362078819895171
3,3,10,150,26,0.0
4,3,10,150,26,0.0
5,3,10,150,26,0.0583775815185038
6,3,10,150,26,0.05993712252025753
7,3,10,150,26,0.1784139271254938
8,3,10,150,26,0.0
9,3,10,150,26,0.0
10,3,10,150,26,0.16409920264511527
11,3,10,150,26,0.0
12,3,10,150,26,0.0
13,3,10,150,26,0.22508562002252708
14,3,10,150,26,0.0
15,3,10,150,26,0.0
16,3,10,150,26,0.08482101713976703
17,3,10,150,26,0.0
18,3,10,150,26,0.14055521762510917
19,3,10,150,26,0.0
20,3,10,150,26,0.14530105135237878
21,3,10,150,26,0.03475017269886857
22,3,10,150,26,0.03393392567306744
23,3,10,150,26,0.16093766472693694
24,3,10,150,26,0.2130978642098899
25,3,10,150,26,0.0
26,3,10,150,26,0.0
28,3,10,150,26,0.0
29,3,10,150,26,0.0
30,3,10,150,26,0.0979129253499678
31,3,10,150,26,0.06076546216996844
32,3,10,150,26,0.0
33,3,10,150,26,0.0
34,3,10,150,26,0.0
35,3,10,150,26,0.0
37,3,10,150,26,0.0
38,3,10,150,26,0.0
39,3,10,150,26,0.0
40,3,10,150,26,0.0
41,3,10,150,26,0.0
42,3,10,150,26,0.11676800180580715
43,3,10,150,26,0.26717017812214816
44,3,10,150,26,0.04195229264874745
45,3,10,150,26,0.0
46,3,10,150,26,0.14434031438272124
47,3,10,150,26,0.0
48,3,10,150,26,0.0874717141014082
49,3,10,150,26,0.07202736666775472
50,3,10,150,26,0.0
51,3,10,150,26,0.18953836965473142
52,3,10,150,26,0.0
53,3,10,150,26,0.09546043308946733
54,3,10,150,26,0.07984133538066794
55,3,10,150,26,0.0
56,3,10,150,26,0.04270006763257965
57,3,10,150,26,0.0
58,3,10,150,26,0.029553435814782602
59,3,10,150,26,0.08311194197852143
60,3,10,150,26,0.07218720183689235
61,3,10,150,26,0.0
62,3,10,150,26,0.03995808168017168
63,3,10,150,26,0.0
64,3,10,150,26,0.0
65,3,10,150,26,0.2994759515353249
66,3,10,150,26,0.0
67,3,10,150,26,0.0
68,3,10,150,26,0.0
69,3,10,150,26,0.04340781395430378
70,3,10,150,26,0.0
71,3,10,150,26,0.0
72,3,10,150,26,0.16084022171949366
73,3,10,150,26,0.051960280791503534
74,3,10,150,26,0.0
75,3,10,150,26,0.11731968150568911
76,3,10,150,26,0.05947719272904215
77,3,10,150,26,0.39739389075193016
78,3,10,150,26,0.0
79,3,10,150,26,0.0
80,3,10,150,26,0.08297572808511901
81,3,10,150,26,0.0
82,3,10,150,26,0.08926877557705373
83,3,10,150,26,0.04630610387058298
84,3,10,150,26,0.0
85,3,10,150,26,0.10177731522483834
86,3,10,150,26,0.0
87,3,10,150,26,0.060154200377682814
88,3,10,150,26,0.0
89,3,10,150,26,0.22860031301980846
90,3,10,150,26,0.20016307359518645
91,3,10,150,26,0.13114221140465185
92,3,10,150,26,0.061657540784940394
93,3,10,150,26,0.0
94,3,10,150,26,0.1775790949219933
95,3,10,150,26,0.06791081026023854
96,3,10,150,26,0.0
97,3,10,150,26,0.05502294157452004
98,3,10,150,26,0.0
99,3,10,150,26,0.0
100,3,10,150,26,0.0
101,3,10,150,26,0.0
102,3,10,150,26,0.027291799180733545
103,3,10,150,26,0.0
104,3,10,150,26,0.12171451575741458
106,3,10,150,26,0.0
107,3,10,150,26,0.0
108,3,10,150,26,0.0
109,3,10,150,26,0.05841906360748755
110,3,10,150,26,0.039667414566743345
111,3,10,150,26,0.0
112,3,10,150,26,0.0
113,3,10,150,26,0.0
114,3,10,150,26,0.0
115,3,10,150,26,0.046806851959664796
116,3,10,150,26,0.030283100877278122
117,3,10,150,26,0.0
118,3,10,150,26,0.0
119,3,10,150,26,0.034073291417269544
121,3,10,150,26,0.0
122,3,10,150,26,0.0
123,3,10,150,26,0.46927872602275644
124,3,10,150,26,0.10889376106823218
125,3,10,150,26,0.09097808601263767
126,3,10,150,26,0.0
127,3,10,150,26,0.0
128,3,10,150,26,0.027576277569513717
129,3,10,150,26,0.0
130,3,10,150,26,0.055827266583979046
131,3,10,150,26,0.2803335894048546
132,3,10,150,26,0.09109240322345806
133,3,10,150,26,0.0
134,3,10,150,26,0.0
135,3,10,150,26,0.0
136,3,10,150,26,0.26687965254220064
137,3,10,150,26,0.0
138,3,10,150,26,0.21222747957761057
139,3,10,150,26,0.0
140,3,10,150,26,0.0
141,3,10,150,26,0.15194751309721466
142,3,10,150,26,0.30260241349881345
143,3,10,150,26,0.0
144,3,10,150,26,0.16556545451994525
145,3,10,150,26,0.0
146,3,10,150,26,0.0
147,3,10,150,26,0.0
148,3,10,150,26,0.042512356679180144
149,3,10,150,26,0.05446824630887794
150,3,10,150,26,0.0
151,3,10,150,26,0.02521074262765889
152,3,10,150,26,0.0
153,3,10,150,26,0.06516188295518531
154,3,10,150,26,0.0
155,3,10,150,26,0.0
156,3,10,150,26,0.0
157,3,10,150,26,0.0
158,3,10,150,26,0.05993712252025753
159,3,10,150,26,0.11026617795298452
160,3,10,150,26,0.0
161,3,10,150,26,0.0
162,3,10,150,26,0.0
163,3,10,150,26,0.0
164,3,10,150,26,0.0
165,3,10,150,26,0.0
166,3,10,150,26,0.0
167,3,10,150,26,0.0
168,3,10,150,26,0.0
169,3,10,150,26,0.0
170,3,10,150,26,0.0
171,3,10,150,26,0.0
172,3,10,150,26,0.0
173,3,10,150,26,0.0
174,3,10,150,26,0.028767091820622218
175,3,10,150,26,0.4413254197204702
176,3,10,150,26,0.0
177,3,10,150,26,0.0
178,3,10,150,26,0.18089846395203785
179,3,10,150,26,0.06599888514927177
180,3,10,150,26,0.0
181,3,10,150,26,0.032394594743117074
182,3,10,150,26,0.13120507751234178
183,3,10,150,26,0.0
184,3,10,150,26,0.0
185,3,10,150,26,0.0
186,3,10,150,26,0.0
187,3,10,150,26,0.14943466330084343
188,3,10,150,26,0.0
189,3,10,150,26,0.15527372569877035
190,3,10,150,26,0.0
191,3,10,150,26,0.0
192,3,10,150,26,0.0
193,3,10,150,26,0.0
194,3,10,150,26,0.04270006763257965
195,3,10,150,26,0.061734604266276284
196,3,10,150,26,0.17342765698823945
197,3,10,150,26,0.0
198,3,10,150,26,0.11156414977595307
199,3,10,150,26,0.0
200,3,10,150,26,0.055179303887787655
201,3,10,150,26,0.2691719603132699
202,3,10,150,26,0.0
203,3,10,150,26,0.0
204,3,10,150,26,0.0
205,3,10,150,26,0.0
206,3,10,150,26,0.0
207,3,10,150,26,0.0
208,3,10,150,26,0.0
209,3,10,150,26,0.0
210,3,10,150,26,0.0
211,3,10,150,26,0.0
212,3,10,150,26,0.0559167101555819
213,3,10,150,26,0.051573320538546435
214,3,10,150,26,0.1257260924843343
215,3,10,150,26,0.157288596461893
216,3,10,150,26,0.25084019139208813
217,3,10,150,26,0.04972780777662495
218,3,10,150,26,0.06323567569191428
219,3,10,150,26,0.0
220,3,10,150,26,0.0
221,3,10,150,26,0.09964173287591703
222,3,10,150,26,0.2294007229567628
223,3,10,150,26,0.039270700903099615
224,3,10,150,26,0.0
225,3,10,150,26,0.0
226,3,10,150,26,0.0
227,3,10,150,26,0.0
229,3,10,150,26,0.0
230,3,10,150,26,0.0
231,3,10,150,26,0.0
232,3,10,150,26,0.0
233,3,10,150,26,0.12321456673952925
234,3,10,150,26,0.15452567286313948
235,3,10,150,26,0.04622440829742681
236,3,10,150,26,0.12127042983235181
237,3,10,150,26,0.0
238,3,10,150,26,0.0
239,3,10,150,26,0.027192543073881765
240,3,10,150,26,0.10235170428306553
241,3,10,150,26,0.1381300260171807
242,3,10,150,26,0.0
243,3,10,150,26,0.0
244,3,10,150,26,0.14862158342167356
245,3,10,150,26,0.0
246,3,10,150,26,0.08356426880363813
247,3,10,150,26,0.15642624200758548
248,3,10,150,26,0.1800221130349669
249,3,10,150,26,0.2191612092775145
250,3,10,150,26,0.07806699296748765
251,3,10,150,26,0.0
252,3,10,150,26,0.0
253,3,10,150,26,0.0
254,3,10,150,26,0.036502603141236205
255,3,10,150,26,0.04610512027589789
256,3,10,150,26,0.027736288621349494
257,3,10,150,26,0.12830873359117523
258,3,10,150,26,0.0
259,3,10,150,26,0.0
260,3,10,150,26,0.0
261,3,10,150,26,0.0
262,3,10,150,26,0.0
263,3,10,150,26,0.29196331077693755
264,3,10,150,26,0.22972462709034727
265,3,10,150,26,0.19802572813668026
266,3,10,150,26,0.0
267,3,10,150,26,0.15162950543405626
268,3,10,150,26,0.16968598388514677
269,3,10,150,26,0.0
270,3,10,150,26,0.0
271,3,10,150,26,0.0895268241179512
272,3,10,150,26,0.0
273,3,10,150,26,0.0
274,3,10,150,26,0.0
275,3,10,150,26,0.0
276,3,10,150,26,0.2917435994215081
277,3,10,150,26,0.0
278,3,10,150,26,0.0
279,3,10,150,26,0.18892861901990912
280,3,10,150,26,0.09233171726337461
281,3,10,150,26,0.0
282,3,10,150,26,0.0
283,3,10,150,26,0.0
284,3,10,150,26,0.0
285,3,10,150,26,0.0
286,3,10,150,26,0.0
287,3,10,150,26,0.0
288,3,10,150,26,0.0
289,3,10,150,26,0.0
290,3,10,150,26,0.09647783930421741
291,3,10,150,26,0.23687911837325604
292,3,10,150,26,0.27665227928348557
293,3,10,150,26,0.04270006763257965
294,3,10,150,26,0.027616154831484434
295,3,10,150,26,0.05269457276092759
296,3,10,150,26,0.10235135297694252
297,3,10,150,26,0.030868393892711742
298,3,10,150,26,0.03719976603506465
299,3,10,150,26,0.08311194197852143
300,3,10,150,26,0.0
301,3,10,150,26,0.15983232672068673
302,3,10,150,26,0.0
303,3,10,150,26,0.2544099147775483
304,3,10,150,26,0.0
305,3,10,150,26,0.0684988889276264
306,3,10,150,26,0.0
307,3,10,150,26,0.10103677256052608
308,3,10,150,26,0.05162702725569553
309,3,10,150,26,0.0
310,3,10,150,26,0.2890648263178879
311,3,10,150,26,0.17086001007125692
312,3,10,150,26,0.09774885223043435
313,3,10,150,26,0.08654338782788792
314,3,10,150,26,0.09061989750639557
315,3,10,150,26,0.09785159463516042
316,3,10,150,26,0.06076546216996844
317,3,10,150,26,0.0
318,3,10,150,26,0.028747338381158515
319,3,10,150,26,0.0
320,3,10,150,26,0.030979542277895667
321,3,10,150,26,0.08223795175588802
322,3,10,150,26,0.0
323,3,10,150,26,0.12229181918924699
324,3,10,150,26,0.0
325,3,10,150,26,0.0
326,3,10,150,26,0.08259855242055993
327,3,10,150,26,0.0
328,3,10,150,26,0.13037347877418667
329,3,10,150,26,0.056720838976548935
330,3,10,150,26,0.23442938795657506
331,3,10,150,26,0.0
332,3,10,150,26,0.026145087341861654
333,3,10,150,26,0.0
334,3,10,150,26,0.1715012722962106
335,3,10,150,26,0.0
336,3,10,150,26,0.0
337,3,10,150,26,0.09992090652113537
338,3,10,150,26,0.0
339,3,10,150,26,0.15299907175106972
340,3,10,150,26,0.12647135138382856
341,3,10,150,26,0.0
342,3,10,150,26,0.0
343,3,10,150,26,0.3111043710257484
344,3,10,150,26,0.10393680853797117
345,3,10,150,26,0.1498428063006438
346,3,10,150,26,0.09934860089719257
347,3,10,150,26,0.056619098215908624
348,3,10,150,26,0.0
349,3,10,150,26,0.07123530534387781
350,3,10,150,26,0.0845667599404342
351,3,10,150,26,0.0
352,3,10,150,26,0.16282653392890226
353,3,10,150,26,0.049432410190049694
354,3,10,150,26,0.0
355,3,10,150,26,0.0
356,3,10,150,26,0.0
357,3,10,150,26,0.0
358,3,10,150,26,0.26730206653594746
359,3,10,150,26,0.0
360,3,10,150,26,0.10496459329418281
361,3,10,150,26,0.0
362,3,10,150,26,0.0
363,3,10,150,26,0.23854729486195209
364,3,10,150,26,0.0
365,3,10,150,26,0.0527075128660253
366,3,10,150,26,0.10684080426179023
367,3,10,150,26,0.1410054764628891
368,3,10,150,26,0.0
369,3,10,150,26,0.0
370,3,10,150,26,0.045683428159663184
371,3,10,150,26,0.09892739847751293
372,3,10,150,26,0.0734773909038217
373,3,10,150,26,0.20016606223268252
374,3,10,150,26,0.15452567286313948
375,3,10,150,26,0.0
376,3,10,150,26,0.0
377,3,10,150,26,0.0
378,3,10,150,26,0.10387443127323574
379,3,10,150,26,0.15132190595235065
380,3,10,150,26,0.0
381,3,10,150,26,0.0
382,3,10,150,26,0.07847428227110642
383,3,10,150,26,0.0
384,3,10,150,26,0.0
385,3,10,150,26,0.1697028536193758
386,3,10,150,26,0.0
387,3,10,150,26,0.03608574346476927
388,3,10,150,26,0.0
389,3,10,150,26,0.14482417011227508
390,3,10,150,26,0.21398626473452756
391,3,10,150,26,0.2558645268575362
392,3,10,150,26,0.06327372362257774
393,3,10,150,26,0.19254287393322345
394,3,10,150,26,0.038892185327126634
395,3,10,150,26,0.09286934188709499
396,3,10,150,26,0.0
397,3,10,150,26,0.029956785715628154
398,3,10,150,26,0.06676851845090732
399,3,10,150,26,0.0
400,3,10,150,26,0.0
401,3,10,150,26,0.0
402,3,10,150,26,0.424926013816671
403,3,10,150,26,0.0
404,3,10,150,26,0.0
405,3,10,150,26,0.31356457031410173
406,3,10,150,26,0.23105465088098104
407,3,10,150,26,0.09158510893586722
408,3,10,150,26,0.12083071655728543
409,3,10,150,26,0.13586448098696108
410,3,10,150,26,0.0
411,3,10,150,26,0.07963818675918483
412,3,10,150,26,0.0
413,3,10,150,26,0.10122860821230018
414,3,10,150,26,0.0
415,3,10,150,26,0.07605458145297357
416,3,10,150,26,0.23057693714833677
417,3,10,150,26,0.11140548769390984
418,3,10,150,26,0.07001560573318603
419,3,10,150,26,0.2098021491169666
420,3,10,150,26,0.0527075128660253
421,3,10,150,26,0.1590989696709666
422,3,10,150,26,0.0
423,3,10,150,26,0.0
424,3,10,150,26,0.13291000263869587
425,3,10,150,26,0.0
426,3,10,150,26,0.07140953136271548
427,3,10,150,26,0.0
428,3,10,150,26,0.0
429,3,10,150,26,0.24844436449662438
430,3,10,150,26,0.062242588308449316
431,3,10,150,26,0.0
432,3,10,150,26,0.0
433,3,10,150,26,0.0
434,3,10,150,26,0.18672776492534796
435,3,10,150,26,0.39805319655340277
436,3,10,150,26,0.0864370900690615
437,3,10,150,26,0.02649996754880397
438,3,10,150,26,0.0
439,3,10,150,26,0.0
440,3,10,150,26,0.04258528250242427
441,3,10,150,26,0.0
442,3,10,150,26,0.05993712252025753
443,3,10,150,26,0.056720838976548935
444,3,10,150,26,0.19519002499605084
445,3,10,150,26,0.0
446,3,10,150,26,0.0
447,3,10,150,26,0.07454804035140399
448,3,10,150,26,0.0
449,3,10,150,26,0.0
450,3,10,150,26,0.39606283470965375
451,3,10,150,26,0.0
452,3,10,150,26,0.029968561260128763
453,3,10,150,26,0.16286114958396777
454,3,10,150,26,0.0
455,3,10,150,26,0.22618505576981715
456,3,10,150,26,0.18295161476977018
457,3,10,150,26,0.5150166305787692
458,3,10,150,26,0.14440640730554985
459,3,10,150,26,0.05264505489066562
460,3,10,150,26,0.0
461,3,10,150,26,0.10778915452451093
462,3,10,150,26,0.08799878422261026
463,3,10,150,26,0.11833229551555632
464,3,10,150,26,0.0
465,3,10,150,26,0.0733934381893728
466,3,10,150,26,0.08245943167381385
467,3,10,150,26,0.0
468,3,10,150,26,0.4102552384941905
469,3,10,150,26,0.050924439617225085
470,3,10,150,26,0.040162930685297936
471,3,10,150,26,0.0
472,3,10,150,26,0.3095992521182567
473,3,10,150,26,0.050005013043213774
474,3,10,150,26,0.4190887839250615
475,3,10,150,26,0.0
476,3,10,150,26,0.12097589732794561
477,3,10,150,26,0.0
478,3,10,150,26,0.22618924790962977
479,3,10,150,26,0.12037579807992878
480,3,10,150,26,0.0881980292211471
481,3,10,150,26,0.0
482,3,10,150,26,0.10209739512291163
483,3,10,150,26,0.06194403202282284
484,3,10,150,26,0.2411793011799755
485,3,10,150,26,0.0
486,3,10,150,26,0.06340663627943538
487,3,10,150,26,0.13434625102285108
488,3,10,150,26,0.07563222788297667
489,3,10,150,26,0.0
490,3,10,150,26,0.06490403551612171
491,3,10,150,26,0.17758207479178334
492,3,10,150,26,0.03043077404022058
493,3,10,150,26,0.20218404728234865
494,3,10,150,26,0.11299367690705851
495,3,10,150,26,0.05993712252025753
496,3,10,150,26,0.0850396496337827
497,3,10,150,26,0.046373688209044577
498,3,10,150,26,0.025813513627847767
499,3,10,150,26,0.05162702725569553
500,3,10,150,26,0.07850808638877535
501,3,10,150,26,0.0
502,3,10,150,26,0.0
503,3,10,150,26,0.35115280725924986
504,3,10,150,26,0.10934049080689368
505,3,10,150,26,0.027736288621349494
506,3,10,150,26,0.09359227539698943
507,3,10,150,26,0.0
508,3,10,150,26,0.12141398478586375
509,3,10,150,26,0.0
510,3,10,150,26,0.12427147932737166
511,3,10,150,26,0.0
512,3,10,150,26,0.0
513,3,10,150,26,0.0
514,3,10,150,26,0.34867418047042564
515,3,10,150,26,0.0
516,3,10,150,26,0.07947838320659593
517,3,10,150,26,0.0
518,3,10,150,26,0.0
519,3,10,150,26,0.0
520,3,10,150,26,0.0
521,3,10,150,26,0.11987424504051505
522,3,10,150,26,0.11752277470724268
523,3,10,150,26,0.15331232005982168
524,3,10,150,26,0.0639787268577995
525,3,10,150,26,0.035769798946978335
526,3,10,150,26,0.03112959369469351
527,3,10,150,26,0.22445887743291074
528,3,10,150,26,0.044808643601671735
529,3,10,150,26,0.0
530,3,10,150,26,0.0
531,3,10,150,26,0.0
532,3,10,150,26,0.23120565278467023
533,3,10,150,26,0.2575855631824326
534,3,10,150,26,0.05167975836235349
535,3,10,150,26,0.35721393525809036
536,3,10,150,26,0.18022473453772433
537,3,10,150,26,0.30544778311943177
538,3,10,150,26,0.10437956626413519
539,3,10,150,26,0.0
540,3,10,150,26,0.0
541,3,10,150,26,0.06287089358825819
542,3,10,150,26,0.05993712252025753
543,3,10,150,26,0.0
544,3,10,150,26,0.0
545,3,10,150,26,0.2685485735441373
546,3,10,150,26,0.0
547,3,10,150,26,0.0
548,3,10,150,26,0.09158510893586722
549,3,10,150,26,0.10184659627402569
550,3,10,150,26,0.0845667599404342
551,3,10,150,26,0.27495311829013547
552,3,10,150,26,0.0
553,3,10,150,26,0.07785860293187047
554,3,10,150,26,0.0
555,3,10,150,26,0.0
556,3,10,150,26,0.1482972305701491
557,3,10,150,26,0.044530079137671444
558,3,10,150,26,0.21398626473452756
559,3,10,150,26,0.02799764048929078
560,3,10,150,26,0.13401839931181256
561,3,10,150,26,0.138064117324757
562,3,10,150,26,0.0
563,3,10,150,26,0.10791970824616881
564,3,10,150,26,0.0
565,3,10,150,26,0.14337418847532693
566,3,10,150,26,0.11559030956314835
567,3,10,150,26,0.35576886819732273
568,3,10,150,26,0.0
569,3,10,150,26,0.0
570,3,10,150,26,0.0
571,3,10,150,26,0.0512644431393966
572,3,10,150,26,0.30260241349881345
573,3,10,150,26,0.0
574,3,10,150,26,0.0
575,3,10,150,26,0.07945707943276742
576,3,10,150,26,0.0
577,3,10,150,26,0.23667009660404117
578,3,10,150,26,0.0
579,3,10,150,26,0.06757065818759515
580,3,10,150,26,0.0
581,3,10,150,26,0.0
582,3,10,150,26,0.06679511870650716
583,3,10,150,26,0.0874717141014082
584,3,10,150,26,0.20261715588288354
585,3,10,150,26,0.046373688209044577
586,3,10,150,26,0.12688986978311254
587,3,10,150,26,0.0
588,3,10,150,26,0.2418033423614341
589,3,10,150,26,0.0
590,3,10,150,26,0.1076424320455391
591,3,10,150,26,0.028747338381158515
592,3,10,150,26,0.32240007090832246
593,3,10,150,26,0.11871383642381696
594,3,10,150,26,0.0
595,3,10,150,26,0.028747338381158515
596,3,10,150,26,0.09803928583135704
597,3,10,150,26,0.0
598,3,10,150,26,0.0
599,3,10,150,26,0.0
600,3,10,150,26,0.14636939917037037
601,3,10,150,26,0.231592216388261
602,3,10,150,26,0.041278922835426404
603,3,10,150,26,0.0845667599404342
604,3,10,150,26,0.0
605,3,10,150,26,0.1707063326975187
606,3,10,150,26,0.3806883555446136
607,3,10,150,26,0.0
608,3,10,150,26,0.26777052122920125
609,3,10,150,26,0.0
610,3,10,150,26,0.09069056538451647
611,3,10,150,26,0.0
612,3,10,150,26,0.09162544430476362
613,3,10,150,26,0.12468575026986017
614,3,10,150,26,0.1467868763787456
615,3,10,150,26,0.10820583770729492
616,3,10,150,26,0.0
617,3,10,150,26,0.02521074262765889
618,3,10,150,26,0.11987424504051505
619,3,10,150,26,0.12682636509277095
620,3,10,150,26,0.20089936107218406
621,3,10,150,26,0.05871589964128728
622,3,10,150,26,0.33210495110501115
623,3,10,150,26,0.04214302778527282
624,3,10,150,26,0.032394594743117074
625,3,10,150,26,0.09458855034288194
626,3,10,150,26,0.0
627,3,10,150,26,0.1817735021331321
628,3,10,150,26,0.0
629,3,10,150,26,0.2948541239510134
630,3,10,150,26,0.10140177601112761
631,3,10,150,26,0.0
632,3,10,150,26,0.029968561260128763
633,3,10,150,26,0.026481122388885493
634,3,10,150,26,0.09233171726337461
635,3,10,150,26,0.0
636,3,10,150,26,0.30260241349881345
637,3,10,150,26,0.0
638,3,10,150,26,0.032394594743117074
639,3,10,150,26,0.0
640,3,10,150,26,0.18654937212691597
641,3,10,150,26,0.051358492238643604
642,3,10,150,26,0.3554721776399311
643,3,10,150,26,0.41438393134307544
644,3,10,150,26,0.0
645,3,10,150,26,0.14263213692653254
646,3,10,150,26,0.11243817952384734
647,3,10,150,26,0.036356287988538835
648,3,10,150,26,0.1643976722429093
649,3,10,150,26,0.0
650,3,10,150,26,0.20146983355633935
651,3,10,150,26,0.0
652,3,10,150,26,0.0
653,3,10,150,26,0.20758701576097988
654,3,10,150,26,0.10745429383967459
655,3,10,150,26,0.39019356634285307
656,3,10,150,26,0.0
657,3,10,150,26,0.2073612289146658
658,3,10,150,26,0.07410997683039407
659,3,10,150,26,0.12372518366424863
660,3,10,150,26,0.0
661,3,10,150,26,0.14726554777865405
662,3,10,150,26,0.0
663,3,10,150,26,0.17826941803581384
664,3,10,150,26,0.4500889477963184
665,3,10,150,26,0.05993712252025753
666,3,10,150,26,0.17958444254404013
667,3,10,150,26,0.0
668,3,10,150,26,0.0
669,3,10,150,26,0.2382185461906503
670,3,10,150,26,0.0
671,3,10,150,26,0.22934283112400203
672,3,10,150,26,0.048159222084064895
673,3,10,150,26,0.0
674,3,10,150,26,0.0
675,3,10,150,26,0.0382580635535654
676,3,10,150,26,0.26112763484757257
677,3,10,150,26,0.0382580635535654
678,3,10,150,26,0.0
679,3,10,150,26,0.0675463635382806
680,3,10,150,26,0.0
681,3,10,150,26,0.0
682,3,10,150,26,0.47011918744838227
683,3,10,150,26,0.030682774986138056
684,3,10,150,26,0.04270006763257965
685,3,10,150,26,0.046287481291184845
686,3,10,150,26,0.10316500908305183
687,3,10,150,26,0.0
688,3,10,150,26,0.0
689,3,10,150,26,0.37279254620421465
690,3,10,150,26,0.3197887439465684
691,3,10,150,26,0.5575827236098854
692,3,10,150,26,0.0
693,3,10,150,26,0.0815955885158243
694,3,10,150,26,0.2804654973942676
695,3,10,150,26,0.0
696,3,10,150,26,0.0
697,3,10,150,26,0.0
698,3,10,150,26,0.0
699,3,10,150,26,0.055628397514238336
700,3,10,150,26,0.0
701,3,10,150,26,0.050259389402918644
702,3,10,150,26,0.0
703,3,10,150,26,0.15555725495720263
704,3,10,150,26,0.09019994562962655
705,3,10,150,26,0.2483010446592837
706,3,10,150,26,0.0
707,3,10,150,26,0.3535513638226566
708,3,10,150,26,0.0
709,3,10,150,26,0.15524542565662852
710,3,10,150,26,0.2689498003533963
711,3,10,150,26,0.18897394475035845
712,3,10,150,26,0.06510791312222187
713,3,10,150,26,0.0
714,3,10,150,26,0.06786785134613488
715,3,10,150,26,0.2484363915470204
716,3,10,150,26,0.2993762519137434
717,3,10,150,26,0.0751210265902031
718,3,10,150,26,0.0
719,3,10,150,26,0.07656668348110868
720,3,10,150,26,0.0
721,3,10,150,26,0.12272121467609237
722,3,10,150,26,0.04173963774222741
723,3,10,150,26,0.0
724,3,10,150,26,0.0
725,3,10,150,26,0.0
726,3,10,150,26,0.0
727,3,10,150,26,0.10948190016424757
728,3,10,150,26,0.0
729,3,10,150,26,0.0
730,3,10,150,26,0.0
731,3,10,150,26,0.10385169364861045
732,3,10,150,26,0.0
733,3,10,150,26,0.02521074262765889
734,3,10,150,26,0.08131766139183766
735,3,10,150,26,0.08151055815578559
736,3,10,150,26,0.0
737,3,10,150,26,0.12127716502890909
738,3,10,150,26,0.13239471207233408
739,3,10,150,26,0.18767092572990207
740,3,10,150,26,0.0
741,3,10,150,26,0.03995808168017168
742,3,10,150,26,0.0527075128660253
743,3,10,150,26,0.049043960636177025
744,3,10,150,26,0.0
745,3,10,150,26,0.06774344219296054
746,3,10,150,26,0.24124954544361757
747,3,10,150,26,0.14642867036175208
748,3,10,150,26,0.046373688209044577
749,3,10,150,26,0.5170287466139211
750,3,10,150,26,0.0
751,3,10,150,26,0.052091801760738715
752,3,10,150,26,0.0
753,3,10,150,26,0.04072612696308379
754,3,10,150,26,0.0
755,3,10,150,26,0.0
756,3,10,150,26,0.05162702725569553
757,3,10,150,26,0.07563222788297667
758,3,10,150,26,0.2045024899918661
759,3,10,150,26,0.0
760,3,10,150,26,0.0858926844649043
761,3,10,150,26,0.14753957727833325
762,3,10,150,26,0.0
763,3,10,150,26,0.028219465765633774
764,3,10,150,26,0.0
765,3,10,150,26,0.0
766,3,10,150,26,0.05807463741633359
767,3,10,150,26,0.1269544353559099
768,3,10,150,26,0.05059568297461706
769,3,10,150,26,0.0
770,3,10,150,26,0.18348359547343202
771,3,10,150,26,0.0
772,3,10,150,26,0.0
773,3,10,150,26,0.18052558128678187
774,3,10,150,26,0.0
775,3,10,150,26,0.0
776,3,10,150,26,0.0
777,3,10,150,26,0.0
778,3,10,150,26,0.08961728720334347
779,3,10,150,26,0.0
780,3,10,150,26,0.12311997034702767
781,3,10,150,26,0.12572447169101508
782,3,10,150,26,0.0
783,3,10,150,26,0.0
784,3,10,150,26,0.0
785,3,10,150,26,0.22253651209328454
786,3,10,150,26,0.1409991137587926
787,3,10,150,26,0.0
788,3,10,150,26,0.05648362700250801
789,3,10,150,26,0.14531023848228133
790,3,10,150,26,0.10560078914310544
791,3,10,150,26,0.0
792,3,10,150,26,0.059109628562248356
793,3,10,150,26,0.08021827351724287
794,3,10,150,26,0.08021827351724287
795,3,10,150,26,0.07563222788297667
796,3,10,150,26,0.09816619005113653
797,3,10,150,26,0.13905617951077562
798,3,10,150,26,0.0
799,3,10,150,26,0.2836929289153804
800,3,10,150,26,0.0
801,3,10,150,26,0.0
802,3,10,150,26,0.05621908976192367
803,3,10,150,26,0.0
804,3,10,150,26,0.36327399615939465
805,3,10,150,26,0.2074066404198617
806,3,10,150,26,0.06379369995120096
807,3,10,150,26,0.18533509927574512
808,3,10,150,26,0.0
809,3,10,150,26,0.0
810,3,10,150,26,0.0
811,3,10,150,26,0.0
812,3,10,150,26,0.0
813,3,10,150,26,0.0
814,3,10,150,26,0.0
815,3,10,150,26,0.0
816,3,10,150,26,0.10105367325027378
817,3,10,150,26,0.0
818,3,10,150,26,0.0
819,3,10,150,26,0.0
820,3,10,150,26,0.0
821,3,10,150,26,0.0
822,3,10,150,26,0.0
823,3,10,150,26,0.1065220997186984
824,3,10,150,26,0.0
825,3,10,150,26,0.16434089815347858
826,3,10,150,26,0.04455257454866284
827,3,10,150,26,0.0
828,3,10,150,26,0.0
829,3,10,150,26,0.0
830,3,10,150,26,0.05059568297461706
831,3,10,150,26,0.04522637401768292
832,3,10,150,26,0.0
833,3,10,150,26,0.06541304249994434
834,3,10,150,26,0.0
835,3,10,150,26,0.04191911005669532
836,3,10,150,26,0.0
837,3,10,150,26,0.05351287869030783
838,3,10,150,26,0.08633629724227374
839,3,10,150,26,0.0
840,3,10,150,26,0.07656878929530339
841,3,10,150,26,0.0
842,3,10,150,26,0.0
843,3,10,150,26,0.04209275315645388
844,3,10,150,26,0.0
845,3,10,150,26,0.0
846,3,10,150,26,0.06928538071534676
847,3,10,150,26,0.0
848,3,10,150,26,0.0
849,3,10,150,26,0.0
850,3,10,150,26,0.0
851,3,10,150,26,0.19821654229071958
852,3,10,150,26,0.07256783117062009
853,3,10,150,26,0.0
854,3,10,150,26,0.0
855,3,10,150,26,0.0
856,3,10,150,26,0.0
857,3,10,150,26,0.0
858,3,10,150,26,0.0
859,3,10,150,26,0.0
860,3,10,150,26,0.0
861,3,10,150,26,0.0
862,3,10,150,26,0.0559167101555819
863,3,10,150,26,0.0
864,3,10,150,26,0.11884821741484687
865,3,10,150,26,0.0
866,3,10,150,26,0.0
867,3,10,150,26,0.13120507751234178
868,3,10,150,26,0.0
870,3,10,150,26,0.0
871,3,10,150,26,0.0
872,3,10,150,26,0.0
875,3,10,150,26,0.1395953738647505
876,3,10,150,26,0.0
877,3,10,150,26,0.0
1,3,10,150,27,0.7967867090175138
2,3,10,150,27,0.06362078819895171
3,3,10,150,27,0.0
4,3,10,150,27,0.0
5,3,10,150,27,0.0583775815185038
6,3,10,150,27,0.058478916078390675
7,3,10,150,27,0.19840224244057722
8,3,10,150,27,0.0
9,3,10,150,27,0.0
10,3,10,150,27,0.16409920264511527
11,3,10,150,27,0.0
12,3,10,150,27,0.0
13,3,10,150,27,0.2196095262881722
14,3,10,150,27,0.0
15,3,10,150,27,0.0
16,3,10,150,27,0.08482101713976703
17,3,10,150,27,0.0
18,3,10,150,27,0.13713565867464972
19,3,10,150,27,0.0
20,3,10,150,27,0.14530105135237878
21,3,10,150,27,0.03475017269886857
22,3,10,150,27,0.03393392567306744
23,3,10,150,27,0.16093766472693694
24,3,10,150,27,0.2130978642098899
25,3,10,150,27,0.0
26,3,10,150,27,0.0
28,3,10,150,27,0.0
29,3,10,150,27,0.0
30,3,10,150,27,0.0979129253499678
31,3,10,150,27,0.06076546216996844
32,3,10,150,27,0.0
33,3,10,150,27,0.0
34,3,10,150,27,0.0
35,3,10,150,27,0.0
37,3,10,150,27,0.0488929053971083
38,3,10,150,27,0.0
39,3,10,150,27,0.0
40,3,10,150,27,0.0
41,3,10,150,27,0.0
42,3,10,150,27,0.11676800180580715
43,3,10,150,27,0.2606702118503146
44,3,10,150,27,0.04195229264874745
45,3,10,150,27,0.0
46,3,10,150,27,0.14434031438272124
47,3,10,150,27,0.0
48,3,10,150,27,0.0874717141014082
49,3,10,150,27,0.07027501744494832
50,3,10,150,27,0.0
51,3,10,150,27,0.18953836965473142
52,3,10,150,27,0.0
53,3,10,150,27,0.09546043308946733
54,3,10,150,27,0.07984133538066794
55,3,10,150,27,0.0
56,3,10,150,27,0.04166122040281927
57,3,10,150,27,0.0
58,3,10,150,27,0.029553435814782602
59,3,10,150,27,0.08108991682794496
60,3,10,150,27,0.0947599003956309
61,3,10,150,27,0.0
62,3,10,150,27,0.03898594405226045
63,3,10,150,27,0.0
64,3,10,150,27,0.0
65,3,10,150,27,0.2994759515353249
66,3,10,150,27,0.0
67,3,10,150,27,0.0
68,3,10,150,27,0.0
69,3,10,150,27,0.04340781395430378
70,3,10,150,27,0.0
71,3,10,150,27,0.0
72,3,10,150,27,0.16084022171949366
73,3,10,150,27,0.051960280791503534
74,3,10,150,27,0.0
75,3,10,150,27,0.11731968150568911
76,3,10,150,27,0.05947719272904215
77,3,10,150,27,0.39739389075193016
78,3,10,150,27,0.0
79,3,10,150,27,0.0
80,3,10,150,27,0.08297572808511901
81,3,10,150,27,0.0
82,3,10,150,27,0.08926877557705373
83,3,10,150,27,0.04630610387058298
84,3,10,150,27,0.0
85,3,10,150,27,0.09930118139564738
86,3,10,150,27,0.0
87,3,10,150,27,0.05869071266242855
88,3,10,150,27,0.0
89,3,10,150,27,0.22860031301980846
90,3,10,150,27,0.19529331890781854
91,3,10,150,27,0.13114221140465185
92,3,10,150,27,0.06015747839652859
93,3,10,150,27,0.0
94,3,10,150,27,0.17325878441545176
95,3,10,150,27,0.06625861247646259
96,3,10,150,27,0.0
97,3,10,150,27,0.05502294157452004
98,3,10,150,27,0.0
99,3,10,150,27,0.0
100,3,10,150,27,0.0
101,3,10,150,27,0.0
102,3,10,150,27,0.026627818734190897
103,3,10,150,27,0.0
104,3,10,150,27,0.12171451575741458
106,3,10,150,27,0.05261577455142312
107,3,10,150,27,0.0
108,3,10,150,27,0.0
109,3,10,150,27,0.05699778992436277
110,3,10,150,27,0.039667414566743345
111,3,10,150,27,0.0
112,3,10,150,27,0.0
113,3,10,150,27,0.0
114,3,10,150,27,0.0
115,3,10,150,27,0.046806851959664796
116,3,10,150,27,0.030283100877278122
117,3,10,150,27,0.0
118,3,10,150,27,0.0
119,3,10,150,27,0.034073291417269544
121,3,10,150,27,0.0
122,3,10,150,27,0.0
123,3,10,150,27,0.46927872602275644
124,3,10,150,27,0.10889376106823218
125,3,10,150,27,0.09097808601263767
126,3,10,150,27,0.0
127,3,10,150,27,0.0
128,3,10,150,27,0.027576277569513717
129,3,10,150,27,0.0
130,3,10,150,27,0.05446904856580405
131,3,10,150,27,0.2803335894048546
132,3,10,150,27,0.09109240322345806
133,3,10,150,27,0.0
134,3,10,150,27,0.0
135,3,10,150,27,0.0
136,3,10,150,27,0.26687965254220064
137,3,10,150,27,0.0
138,3,10,150,27,0.21222747957761057
139,3,10,150,27,0.0
140,3,10,150,27,0.0
141,3,10,150,27,0.15194751309721466
142,3,10,150,27,0.30260241349881345
143,3,10,150,27,0.0
144,3,10,150,27,0.16556545451994525
145,3,10,150,27,0.0
146,3,10,150,27,0.0
147,3,10,150,27,0.0
148,3,10,150,27,0.042512356679180144
149,3,10,150,27,0.05446824630887794
150,3,10,150,27,0.0
151,3,10,150,27,0.024597392073643316
152,3,10,150,27,0.0
153,3,10,150,27,0.06516188295518531
154,3,10,150,27,0.0
155,3,10,150,27,0.0
156,3,10,150,27,0.0
157,3,10,150,27,0.0
158,3,10,150,27,0.058478916078390675
159,3,10,150,27,0.11026617795298452
160,3,10,150,27,0.0
161,3,10,150,27,0.0
162,3,10,150,27,0.0
163,3,10,150,27,0.0
164,3,10,150,27,0.0
165,3,10,150,27,0.0
166,3,10,150,27,0.0
167,3,10,150,27,0.0
168,3,10,150,27,0.0
169,3,10,150,27,0.0
170,3,10,150,27,0.0
171,3,10,150,27,0.0
172,3,10,150,27,0.0
173,3,10,150,27,0.0
174,3,10,150,27,0.028767091820622218
175,3,10,150,27,0.4413254197204702
176,3,10,150,27,0.0
177,3,10,150,27,0.0
178,3,10,150,27,0.17649739672747222
179,3,10,150,27,0.06599888514927177
180,3,10,150,27,0.0
181,3,10,150,27,0.055935405109078414
182,3,10,150,27,0.13120507751234178
183,3,10,150,27,0.0
184,3,10,150,27,0.0
185,3,10,150,27,0.0
186,3,10,150,27,0.0
187,3,10,150,27,0.14943466330084343
188,3,10,150,27,0.0
189,3,10,150,27,0.1808542218575964
190,3,10,150,27,0.0
191,3,10,150,27,0.0
192,3,10,150,27,0.0
193,3,10,150,27,0.0
194,3,10,150,27,0.04166122040281927
195,3,10,150,27,0.061734604266276284
196,3,10,150,27,0.17342765698823945
197,3,10,150,27,0.037070343480771185
198,3,10,150,27,0.10884991267139889
199,3,10,150,27,0.0
200,3,10,150,27,0.055179303887787655
201,3,10,150,27,0.26262329280981944
202,3,10,150,27,0.0
203,3,10,150,27,0.0
204,3,10,150,27,0.0
205,3,10,150,27,0.0
206,3,10,150,27,0.0
207,3,10,150,27,0.0
208,3,10,150,27,0.0
209,3,10,150,27,0.0
210,3,10,150,27,0.0
211,3,10,150,27,0.0
212,3,10,150,27,0.0559167101555819
213,3,10,150,27,0.051573320538546435
214,3,10,150,27,0.1257260924843343
215,3,10,150,27,0.157288596461893
216,3,10,150,27,0.25084019139208813
217,3,10,150,27,0.04972780777662495
218,3,10,150,27,0.06323567569191428
219,3,10,150,27,0.0
220,3,10,150,27,0.0
221,3,10,150,27,0.09964173287591703
222,3,10,150,27,0.22381964735755622
223,3,10,150,27,0.039270700903099615
224,3,10,150,27,0.0
225,3,10,150,27,0.0
226,3,10,150,27,0.0
227,3,10,150,27,0.0
229,3,10,150,27,0.0
230,3,10,150,27,0.0
231,3,10,150,27,0.0
232,3,10,150,27,0.0
233,3,10,150,27,0.12321456673952925
234,3,10,150,27,0.15076622759569802
235,3,10,150,27,0.04622440829742681
236,3,10,150,27,0.12127042983235181
237,3,10,150,27,0.0
238,3,10,150,27,0.0
239,3,10,150,27,0.053460264412690896
240,3,10,150,27,0.10235170428306553
241,3,10,150,27,0.1381300260171807
242,3,10,150,27,0.0
243,3,10,150,27,0.0
244,3,10,150,27,0.1450057783707606
245,3,10,150,27,0.0
246,3,10,150,27,0.08356426880363813
247,3,10,150,27,0.15642624200758548
248,3,10,150,27,0.1800221130349669
249,3,10,150,27,0.2191612092775145
250,3,10,150,27,0.07806699296748765
251,3,10,150,27,0.0
252,3,10,150,27,0.0
253,3,10,150,27,0.0
254,3,10,150,27,0.036502603141236205
255,3,10,150,27,0.04610512027589789
256,3,10,150,27,0.027736288621349494
257,3,10,150,27,0.12830873359117523
258,3,10,150,27,0.0
259,3,10,150,27,0.0
260,3,10,150,27,0.0
261,3,10,150,27,0.0
262,3,10,150,27,0.0
263,3,10,150,27,0.29196331077693755
264,3,10,150,27,0.22972462709034727
265,3,10,150,27,0.19802572813668026
266,3,10,150,27,0.0
267,3,10,150,27,0.14794052083980422
268,3,10,150,27,0.16555770437502834
269,3,10,150,27,0.0
270,3,10,150,27,0.0
271,3,10,150,27,0.11167766810899288
272,3,10,150,27,0.0
273,3,10,150,27,0.0
274,3,10,150,27,0.0
275,3,10,150,27,0.0
276,3,10,150,27,0.28464578794572226
277,3,10,150,27,0.0
278,3,10,150,27,0.0
279,3,10,150,27,0.1843321866634054
280,3,10,150,27,0.0900853847862595
281,3,10,150,27,0.0
282,3,10,150,27,0.0
283,3,10,150,27,0.0
284,3,10,150,27,0.0
285,3,10,150,27,0.0
286,3,10,150,27,0.0
287,3,10,150,27,0.0
288,3,10,150,27,0.0
289,3,10,150,27,0.0
290,3,10,150,27,0.09647783930421741
291,3,10,150,27,0.2311161013675785
292,3,10,150,27,0.27665227928348557
293,3,10,150,27,0.04166122040281927
294,3,10,150,27,0.027616154831484434
295,3,10,150,27,0.07574150625274767
296,3,10,150,27,0.10235135297694252
297,3,10,150,27,0.030868393892711742
298,3,10,150,27,0.03719976603506465
299,3,10,150,27,0.08108991682794496
300,3,10,150,27,0.0
301,3,10,150,27,0.1559437762090418
302,3,10,150,27,0.0
303,3,10,150,27,0.24822039214108818
304,3,10,150,27,0.0
305,3,10,150,27,0.06683238381535266
306,3,10,150,27,0.0
307,3,10,150,27,0.10103677256052608
308,3,10,150,27,0.0503709965930082
309,3,10,150,27,0.0
310,3,10,150,27,0.2890648263178879
311,3,10,150,27,0.16670316775272329
312,3,10,150,27,0.09774885223043435
313,3,10,150,27,0.08443787924947803
314,3,10,150,27,0.08841521178327834
315,3,10,150,27,0.09785159463516042
316,3,10,150,27,0.06076546216996844
317,3,10,150,27,0.0
318,3,10,150,27,0.028747338381158515
319,3,10,150,27,0.0
320,3,10,150,27,0.06052594397624635
321,3,10,150,27,0.08223795175588802
322,3,10,150,27,0.0
323,3,10,150,27,0.12229181918924699
324,3,10,150,27,0.0
325,3,10,150,27,0.0
326,3,10,150,27,0.10817904857938596
327,3,10,150,27,0.0
328,3,10,150,27,0.15153056710189464
329,3,10,150,27,0.056720838976548935
330,3,10,150,27,0.23442938795657506
331,3,10,150,27,0.0
332,3,10,150,27,0.02550900517471743
333,3,10,150,27,0.0
334,3,10,150,27,0.16732882874978955
335,3,10,150,27,0.0
336,3,10,150,27,0.0
337,3,10,150,27,0.09992090652113537
338,3,10,150,27,0.0
339,3,10,150,27,0.14927676706499385
340,3,10,150,27,0.12647135138382856
341,3,10,150,27,0.0
342,3,10,150,27,0.0
343,3,10,150,27,0.3278644689701342
344,3,10,150,27,0.10140813653330617
345,3,10,150,27,0.1461972901959767
346,3,10,150,27,0.09693155510441562
347,3,10,150,27,0.05524161577631994
348,3,10,150,27,0.0
349,3,10,150,27,0.07123530534387781
350,3,10,150,27,0.0845667599404342
351,3,10,150,27,0.0
352,3,10,150,27,0.16282653392890226
353,3,10,150,27,0.049432410190049694
354,3,10,150,27,0.0
355,3,10,150,27,0.0
356,3,10,150,27,0.0
357,3,10,150,27,0.0
358,3,10,150,27,0.26730206653594746
359,3,10,150,27,0.0
360,3,10,150,27,0.10496459329418281
361,3,10,150,27,0.0
362,3,10,150,27,0.0
363,3,10,150,27,0.23274369289657507
364,3,10,150,27,0.0
365,3,10,150,27,0.0527075128660253
366,3,10,150,27,0.10684080426179023
367,3,10,150,27,0.1410054764628891
368,3,10,150,27,0.0
369,3,10,150,27,0.0
370,3,10,150,27,0.045683428159663184
371,3,10,150,27,0.09892739847751293
372,3,10,150,27,0.0734773909038217
373,3,10,150,27,0.19529623483494302
374,3,10,150,27,0.15076622759569802
375,3,10,150,27,0.0
376,3,10,150,27,0.0
377,3,10,150,27,0.0
378,3,10,150,27,0.10134727684107737
379,3,10,150,27,0.14764040492632607
380,3,10,150,27,0.0
381,3,10,150,27,0.0
382,3,10,150,27,0.07847428227110642
383,3,10,150,27,0.0
384,3,10,150,27,0.0
385,3,10,150,27,0.16557416368656622
386,3,10,150,27,0.0
387,3,10,150,27,0.03520781570702453
388,3,10,150,27,0.0
389,3,10,150,27,0.1413007520882556
390,3,10,150,27,0.21398626473452756
391,3,10,150,27,0.2558645268575362
392,3,10,150,27,0.06327372362257774
393,3,10,150,27,0.18785851059879594
394,3,10,150,27,0.07049948613198989
395,3,10,150,27,0.09286934188709499
396,3,10,150,27,0.0
397,3,10,150,27,0.05774550520460572
398,3,10,150,27,0.0651441114119122
399,3,10,150,27,0.0
400,3,10,150,27,0.0
401,3,10,150,27,0.0
402,3,10,150,27,0.424926013816671
403,3,10,150,27,0.0
404,3,10,150,27,0.0
405,3,10,150,27,0.30593587782525733
406,3,10,150,27,0.24976227337570356
407,3,10,150,27,0.08935694064526865
408,3,10,150,27,0.12083071655728543
409,3,10,150,27,0.13255904266984594
410,3,10,150,27,0.0
411,3,10,150,27,0.07963818675918483
412,3,10,150,27,0.0
413,3,10,150,27,0.10122860821230018
414,3,10,150,27,0.0
415,3,10,150,27,0.07605458145297357
416,3,10,150,27,0.22496724550886918
417,3,10,150,27,0.10869511066905897
418,3,10,150,27,0.07001560573318603
419,3,10,150,27,0.2098021491169666
420,3,10,150,27,0.0527075128660253
421,3,10,150,27,0.1590989696709666
422,3,10,150,27,0.0
423,3,10,150,27,0.0
424,3,10,150,27,0.13291000263869587
425,3,10,150,27,0.0
426,3,10,150,27,0.10004388309532918
427,3,10,150,27,0.0
428,3,10,150,27,0.0
429,3,10,150,27,0.24239997735354707
430,3,10,150,27,0.062242588308449316
431,3,10,150,27,0.0
432,3,10,150,27,0.0
433,3,10,150,27,0.0
434,3,10,150,27,0.18672776492534796
435,3,10,150,27,0.3883689856501569
436,3,10,150,27,0.08433416760206568
437,3,10,150,27,0.025855251523675002
438,3,10,150,27,0.0
439,3,10,150,27,0.0
440,3,10,150,27,0.04258528250242427
441,3,10,150,27,0.0
442,3,10,150,27,0.058478916078390675
443,3,10,150,27,0.056720838976548935
444,3,10,150,27,0.19519002499605084
445,3,10,150,27,0.0
446,3,10,150,27,0.0
447,3,10,150,27,0.07454804035140399
448,3,10,150,27,0.0
449,3,10,150,27,0.0
450,3,10,150,27,0.38642704719311977
451,3,10,150,27,0.0
452,3,10,150,27,0.029239458039195337
453,3,10,150,27,0.15889891103351153
454,3,10,150,27,0.0
455,3,10,150,27,0.22068221393308923
456,3,10,150,27,0.17850059656953784
457,3,10,150,27,0.5268157601290627
458,3,10,150,27,0.14089315300628596
459,3,10,150,27,0.05136425669839243
460,3,10,150,27,0.0
461,3,10,150,27,0.10778915452451093
462,3,10,150,27,0.08799878422261026
463,3,10,150,27,0.1154533966237492
464,3,10,150,27,0.0
465,3,10,150,27,0.0733934381893728
466,3,10,150,27,0.08045328140494175
467,3,10,150,27,0.0
468,3,10,150,27,0.40027416488860224
469,3,10,150,27,0.050924439617225085
470,3,10,150,27,0.040162930685297936
471,3,10,150,27,0.0
472,3,10,150,27,0.3263959680048191
473,3,10,150,27,0.050005013043213774
474,3,10,150,27,0.433221735955698
475,3,10,150,27,0.0
476,3,10,150,27,0.12097589732794561
477,3,10,150,27,0.0
478,3,10,150,27,0.22068630408259896
479,3,10,150,27,0.11744718294419734
480,3,10,150,27,0.0881980292211471
481,3,10,150,27,0.0
482,3,10,150,27,0.10209739512291163
483,3,10,150,27,0.06194403202282284
484,3,10,150,27,0.2353116653002797
485,3,10,150,27,0.0
486,3,10,150,27,0.06186402025797837
487,3,10,150,27,0.1310777496259752
488,3,10,150,27,0.07379217622092994
489,3,10,150,27,0.0
490,3,10,150,27,0.06490403551612171
491,3,10,150,27,0.17758207479178334
492,3,10,150,27,0.03043077404022058
493,3,10,150,27,0.19726512445467723
494,3,10,150,27,0.11299367690705851
495,3,10,150,27,0.058478916078390675
496,3,10,150,27,0.08297072540626126
497,3,10,150,27,0.04524546569791721
498,3,10,150,27,0.0251854982965041
499,3,10,150,27,0.0503709965930082
500,3,10,150,27,0.07659806814804217
501,3,10,150,27,0.0
502,3,10,150,27,0.0
503,3,10,150,27,0.3426096329443334
504,3,10,150,27,0.10668035295997572
505,3,10,150,27,0.02706149421947509
506,3,10,150,27,0.09131527488121158
507,3,10,150,27,0.0
508,3,10,150,27,0.12141398478586375
509,3,10,150,27,0.0
510,3,10,150,27,0.12427147932737166
511,3,10,150,27,0.0
512,3,10,150,27,0.0
513,3,10,150,27,0.0
514,3,10,150,27,0.34019130850901674
515,3,10,150,27,0.0
516,3,10,150,27,0.07947838320659593
517,3,10,150,27,0.0
518,3,10,150,27,0.0
519,3,10,150,27,0.0
520,3,10,150,27,0.0
521,3,10,150,27,0.11695783215678135
522,3,10,150,27,0.11752277470724268
523,3,10,150,27,0.14958239437556436
524,3,10,150,27,0.062422192481045725
525,3,10,150,27,0.035769798946978335
526,3,10,150,27,0.03112959369469351
527,3,10,150,27,0.21899803167915854
528,3,10,150,27,0.044808643601671735
529,3,10,150,27,0.0
530,3,10,150,27,0.0
531,3,10,150,27,0.0
532,3,10,150,27,0.22558066516247186
533,3,10,150,27,0.2513187803978974
534,3,10,150,27,0.05167975836235349
535,3,10,150,27,0.3485233001455705
536,3,10,150,27,0.17584005843323114
537,3,10,150,27,0.3223454998312383
538,3,10,150,27,0.10184012243490921
539,3,10,150,27,0.0
540,3,10,150,27,0.0
541,3,10,150,27,0.061341311616662245
542,3,10,150,27,0.058478916078390675
543,3,10,150,27,0.0
544,3,10,150,27,0.0
545,3,10,150,27,0.26201507237774646
546,3,10,150,27,0.0
547,3,10,150,27,0.0
548,3,10,150,27,0.08935694064526865
549,3,10,150,27,0.10184659627402569
550,3,10,150,27,0.0845667599404342
551,3,10,150,27,0.2925927377631501
552,3,10,150,27,0.0
553,3,10,150,27,0.10029332233406356
554,3,10,150,27,0.0
555,3,10,150,27,0.037070343480771185
556,3,10,150,27,0.1482972305701491
557,3,10,150,27,0.044530079137671444
558,3,10,150,27,0.21398626473452756
559,3,10,150,27,0.02799764048929078
560,3,10,150,27,0.13075787419836354
561,3,10,150,27,0.13470516419507386
562,3,10,150,27,0.0
563,3,10,150,27,0.10791970824616881
564,3,10,150,27,0.0
565,3,10,150,27,0.14337418847532693
566,3,10,150,27,0.11277812027319038
567,3,10,150,27,0.37144232643062935
568,3,10,150,27,0.0
569,3,10,150,27,0.0
570,3,10,150,27,0.0
571,3,10,150,27,0.0512644431393966
572,3,10,150,27,0.30260241349881345
573,3,10,150,27,0.0
574,3,10,150,27,0.0
575,3,10,150,27,0.07945707943276742
576,3,10,150,27,0.0
577,3,10,150,27,0.23091216487569333
578,3,10,150,27,0.0
579,3,10,150,27,0.06592673594196129
580,3,10,150,27,0.0
581,3,10,150,27,0.0
582,3,10,150,27,0.06679511870650716
583,3,10,150,27,0.0874717141014082
584,3,10,150,27,0.20261715588288354
585,3,10,150,27,0.04524546569791721
586,3,10,150,27,0.12380277421120144
587,3,10,150,27,0.0
588,3,10,150,27,0.2359205242235229
589,3,10,150,27,0.0
590,3,10,150,27,0.1076424320455391
591,3,10,150,27,0.02804794621397926
592,3,10,150,27,0.338885356488658
593,3,10,150,27,0.11582565504751831
594,3,10,150,27,0.0
595,3,10,150,27,0.02804794621397926
596,3,10,150,27,0.09803928583135704
597,3,10,150,27,0.0
598,3,10,150,27,0.0
599,3,10,150,27,0.0
600,3,10,150,27,0.16713732376808077
601,3,10,150,27,0.22595782408473583
602,3,10,150,27,0.041278922835426404
603,3,10,150,27,0.12541207695631323
604,3,10,150,27,0.0
605,3,10,150,27,0.19088216558724666
606,3,10,150,27,0.39575554915509725
607,3,10,150,27,0.0
608,3,10,150,27,0.26125594924809725
609,3,10,150,27,0.0
610,3,10,150,27,0.08848416038708684
611,3,10,150,27,0.0
612,3,10,150,27,0.09162544430476362
613,3,10,150,27,0.12468575026986017
614,3,10,150,27,0.1467868763787456
615,3,10,150,27,0.10557330476347453
616,3,10,150,27,0.0
617,3,10,150,27,0.024597392073643316
618,3,10,150,27,0.11695783215678135
619,3,10,150,27,0.12374081452243234
620,3,10,150,27,0.19601169329361523
621,3,10,150,27,0.0572874042531746
622,3,10,150,27,0.32402519087105053
623,3,10,150,27,0.04214302778527282
624,3,10,150,27,0.03160646870786882
625,3,10,150,27,0.09228731151730736
626,3,10,150,27,0.0
627,3,10,150,27,0.17735114616030997
628,3,10,150,27,0.0
629,3,10,150,27,0.28768063672177485
630,3,10,150,27,0.09893477865158319
631,3,10,150,27,0.0
632,3,10,150,27,0.029239458039195337
633,3,10,150,27,0.026481122388885493
634,3,10,150,27,0.0900853847862595
635,3,10,150,27,0.0
636,3,10,150,27,0.30260241349881345
637,3,10,150,27,0.0
638,3,10,150,27,0.03160646870786882
639,3,10,150,27,0.0
640,3,10,150,27,0.18201082431675467
641,3,10,150,27,0.051358492238643604
642,3,10,150,27,0.37115285403893933
643,3,10,150,27,0.4043024110317466
644,3,10,150,27,0.0
645,3,10,150,27,0.1391620487384783
646,3,10,150,27,0.11243817952384734
647,3,10,150,27,0.06590268968688952
648,3,10,150,27,0.16039805173040464
649,3,10,150,27,0.0
650,3,10,150,27,0.1965682867889849
651,3,10,150,27,0.0
652,3,10,150,27,0.0
653,3,10,150,27,0.2025366444568141
654,3,10,150,27,0.10484004515881225
655,3,10,150,27,0.40502950828434625
656,3,10,150,27,0.0
657,3,10,150,27,0.2504953915210566
658,3,10,150,27,0.07230695991739229
659,3,10,150,27,0.12071508153965316
660,3,10,150,27,0.0
661,3,10,150,27,0.14368273363265788
662,3,10,150,27,0.0
663,3,10,150,27,0.17393231270213988
664,3,10,150,27,0.43913876241049443
665,3,10,150,27,0.058478916078390675
666,3,10,150,27,0.1995442804639491
667,3,10,150,27,0.0
668,3,10,150,27,0.0
669,3,10,150,27,0.23242294233078936
670,3,10,150,27,0.0
671,3,10,150,27,0.22376316397151283
672,3,10,150,27,0.048159222084064895
673,3,10,150,27,0.0
674,3,10,150,27,0.0
675,3,10,150,27,0.0382580635535654
676,3,10,150,27,0.2547746772267677
677,3,10,150,27,0.0382580635535654
678,3,10,150,27,0.0
679,3,10,150,27,0.0675463635382806
680,3,10,150,27,0.0
681,3,10,150,27,0.0
682,3,10,150,27,0.45868168763596223
683,3,10,150,27,0.029936295704887678
684,3,10,150,27,0.04166122040281927
685,3,10,150,27,0.046287481291184845
686,3,10,150,27,0.10065511413824005
687,3,10,150,27,0.0
688,3,10,150,27,0.0
689,3,10,150,27,0.37279254620421465
690,3,10,150,27,0.31200862393326967
691,3,10,150,27,0.5575827236098854
692,3,10,150,27,0.0
693,3,10,150,27,0.07961045463220355
694,3,10,150,27,0.2979710065466385
695,3,10,150,27,0.0
696,3,10,150,27,0.043134162606390795
697,3,10,150,27,0.0
698,3,10,150,27,0.0
699,3,10,150,27,0.05427501776901322
700,3,10,150,27,0.0
701,3,10,150,27,0.050259389402918644
702,3,10,150,27,0.0
703,3,10,150,27,0.15555725495720263
704,3,10,150,27,0.08800547688901081
705,3,10,150,27,0.2422601443354141
706,3,10,150,27,0.0
707,3,10,150,27,0.34494983517765426
708,3,10,150,27,0.0
709,3,10,150,27,0.1514684695692497
710,3,10,150,27,0.26240653776548045
711,3,10,150,27,0.18437640966704127
712,3,10,150,27,0.06352390684465586
713,3,10,150,27,0.0
714,3,10,150,27,0.06786785134613488
715,3,10,150,27,0.24239219837732695
716,3,10,150,27,0.29209274612090147
717,3,10,150,27,0.07329341191189646
718,3,10,150,27,0.0
719,3,10,150,27,0.07656668348110868
720,3,10,150,27,0.0
721,3,10,150,27,0.11973553804915853
722,3,10,150,27,0.04173963774222741
723,3,10,150,27,0.0
724,3,10,150,27,0.0
725,3,10,150,27,0.0
726,3,10,150,27,0.0
727,3,10,150,27,0.10681832197806801
728,3,10,150,27,0.0
729,3,10,150,27,0.0
730,3,10,150,27,0.0
731,3,10,150,27,0.10385169364861045
732,3,10,150,27,0.05717828980196049
733,3,10,150,27,0.024597392073643316
734,3,10,150,27,0.08131766139183766
735,3,10,150,27,0.08151055815578559
736,3,10,150,27,0.0
737,3,10,150,27,0.12127716502890909
738,3,10,150,27,0.1535026259436794
739,3,10,150,27,0.18767092572990207
740,3,10,150,27,0.0
741,3,10,150,27,0.06331488045347004
742,3,10,150,27,0.0527075128660253
743,3,10,150,27,0.049043960636177025
744,3,10,150,27,0.0
745,3,10,150,27,0.06774344219296054
746,3,10,150,27,0.24124954544361757
747,3,10,150,27,0.14286621655320733
748,3,10,150,27,0.04524546569791721
749,3,10,150,27,0.5044499871199538
750,3,10,150,27,0.03884210089598009
751,3,10,150,27,0.050824463628677284
752,3,10,150,27,0.0
753,3,10,150,27,0.04072612696308379
754,3,10,150,27,0.0
755,3,10,150,27,0.0
756,3,10,150,27,0.0503709965930082
757,3,10,150,27,0.07379217622092994
758,3,10,150,27,0.199527161918965
759,3,10,150,27,0.0
760,3,10,150,27,0.1247347853608844
761,3,10,150,27,0.14753957727833325
762,3,10,150,27,0.0
763,3,10,150,27,0.02753291617774556
764,3,10,150,27,0.0
765,3,10,150,27,0.0
766,3,10,150,27,0.0566617432561083
767,3,10,150,27,0.1269544353559099
768,3,10,150,27,0.05059568297461706
769,3,10,150,27,0.0
770,3,10,150,27,0.18348359547343202
771,3,10,150,27,0.02778871948897756
772,3,10,150,27,0.0
773,3,10,150,27,0.17613358590086436
774,3,10,150,27,0.0
775,3,10,150,27,0.0
776,3,10,150,27,0.0
777,3,10,150,27,0.0
778,3,10,150,27,0.08961728720334347
779,3,10,150,27,0.0
780,3,10,150,27,0.12311997034702767
781,3,10,150,27,0.12572447169101508
782,3,10,150,27,0.0
783,3,10,150,27,0.0
784,3,10,150,27,0.0
785,3,10,150,27,0.22253651209328454
786,3,10,150,27,0.13756875528752802
787,3,10,150,27,0.0
788,3,10,150,27,0.05510944043345435
789,3,10,150,27,0.14531023848228133
790,3,10,150,27,0.10303163426012528
791,3,10,150,27,0.0
792,3,10,150,27,0.059109628562248356
793,3,10,150,27,0.08021827351724287
794,3,10,150,27,0.08021827351724287
795,3,10,150,27,0.07379217622092994
796,3,10,150,27,0.12010684745784296
797,3,10,150,27,0.13905617951077562
798,3,10,150,27,0.0
799,3,10,150,27,0.2836929289153804
800,3,10,150,27,0.0
801,3,10,150,27,0.0
802,3,10,150,27,0.05621908976192367
803,3,10,150,27,0.0
804,3,10,150,27,0.3544359262106195
805,3,10,150,27,0.20236065745589832
806,3,10,150,27,0.06379369995120096
807,3,10,150,27,0.18082609343255365
808,3,10,150,27,0.0
809,3,10,150,27,0.0
810,3,10,150,27,0.0
811,3,10,150,27,0.0
812,3,10,150,27,0.0
813,3,10,150,27,0.0
814,3,10,150,27,0.0
815,3,10,150,27,0.0
816,3,10,150,27,0.10105367325027378
817,3,10,150,27,0.0
818,3,10,150,27,0.0
819,3,10,150,27,0.0
820,3,10,150,27,0.0
821,3,10,150,27,0.0
822,3,10,150,27,0.0
823,3,10,150,27,0.10393053032931888
824,3,10,150,27,0.0
825,3,10,150,27,0.16434089815347858
826,3,10,150,27,0.04455257454866284
827,3,10,150,27,0.0
828,3,10,150,27,0.0
829,3,10,150,27,0.0
830,3,10,150,27,0.05059568297461706
831,3,10,150,27,0.04522637401768292
832,3,10,150,27,0.0
833,3,10,150,27,0.06382161274915359
834,3,10,150,27,0.0
835,3,10,150,27,0.04191911005669532
836,3,10,150,27,0.0
837,3,10,150,27,0.05351287869030783
838,3,10,150,27,0.08633629724227374
839,3,10,150,27,0.0
840,3,10,150,27,0.07656878929530339
841,3,10,150,27,0.0
842,3,10,150,27,0.0
843,3,10,150,27,0.04209275315645388
844,3,10,150,27,0.0
845,3,10,150,27,0.0
846,3,10,150,27,0.0675997410943895
847,3,10,150,27,0.0
848,3,10,150,27,0.0
849,3,10,150,27,0.0
850,3,10,150,27,0.0
851,3,10,150,27,0.19821654229071958
852,3,10,150,27,0.07256783117062009
853,3,10,150,27,0.0
854,3,10,150,27,0.0
855,3,10,150,27,0.0
856,3,10,150,27,0.0
857,3,10,150,27,0.0
858,3,10,150,27,0.0
859,3,10,150,27,0.0
860,3,10,150,27,0.0
861,3,10,150,27,0.12754356661958802
862,3,10,150,27,0.0559167101555819
863,3,10,150,27,0.0
864,3,10,150,27,0.11884821741484687
865,3,10,150,27,0.0
866,3,10,150,27,0.0
867,3,10,150,27,0.13120507751234178
868,3,10,150,27,0.0
870,3,10,150,27,0.0
871,3,10,150,27,0.0
872,3,10,150,27,0.0
875,3,10,150,27,0.1395953738647505
876,3,10,150,27,0.0
877,3,10,150,27,0.0
1,3,10,150,28,0.7780547307131909
2,3,10,150,28,0.06362078819895171
3,3,10,150,28,0.0
4,3,10,150,28,0.0
5,3,10,150,28,0.0583775815185038
6,3,10,150,28,0.05710411178654767
7,3,10,150,28,0.21724732561460772
8,3,10,150,28,0.0
9,3,10,150,28,0.0
10,3,10,150,28,0.16409920264511527
11,3,10,150,28,0.0
12,3,10,150,28,0.0
13,3,10,150,28,0.23795603892076306
14,3,10,150,28,0.0
15,3,10,150,28,0.0
16,3,10,150,28,0.08482101713976703
17,3,10,150,28,0.0
18,3,10,150,28,0.13391168147476634
19,3,10,150,28,0.0
20,3,10,150,28,0.14530105135237878
21,3,10,150,28,0.03475017269886857
22,3,10,150,28,0.03393392567306744
23,3,10,150,28,0.16093766472693694
24,3,10,150,28,0.2130978642098899
25,3,10,150,28,0.0
26,3,10,150,28,0.0
28,3,10,150,28,0.0
29,3,10,150,28,0.0
30,3,10,150,28,0.0979129253499678
31,3,10,150,28,0.06076546216996844
32,3,10,150,28,0.0
33,3,10,150,28,0.0
34,3,10,150,28,0.0
35,3,10,150,28,0.0
37,3,10,150,28,0.0488929053971083
38,3,10,150,28,0.0
39,3,10,150,28,0.0
40,3,10,150,28,0.0
41,3,10,150,28,0.0
42,3,10,150,28,0.11676800180580715
43,3,10,150,28,0.2545420112946298
44,3,10,150,28,0.04195229264874745
45,3,10,150,28,0.0
46,3,10,150,28,0.14434031438272124
47,3,10,150,28,0.0
48,3,10,150,28,0.0874717141014082
49,3,10,150,28,0.06862289387509375
50,3,10,150,28,0.0
51,3,10,150,28,0.18953836965473142
52,3,10,150,28,0.0
53,3,10,150,28,0.09546043308946733
54,3,10,150,28,0.07984133538066794
55,3,10,150,28,0.0
56,3,10,150,28,0.040681790063576403
57,3,10,150,28,0.0
58,3,10,150,28,0.05627401606456899
59,3,10,150,28,0.1026929425144894
60,3,10,150,28,0.09253215189249699
61,3,10,150,28,0.0
62,3,10,150,28,0.03806940785769845
63,3,10,150,28,0.0
64,3,10,150,28,0.0
65,3,10,150,28,0.2994759515353249
66,3,10,150,28,0.0
67,3,10,150,28,0.0
68,3,10,150,28,0.0
69,3,10,150,28,0.04340781395430378
70,3,10,150,28,0.0
71,3,10,150,28,0.0
72,3,10,150,28,0.16084022171949366
73,3,10,150,28,0.051960280791503534
74,3,10,150,28,0.0
75,3,10,150,28,0.11731968150568911
76,3,10,150,28,0.10478238567212417
77,3,10,150,28,0.39739389075193016
78,3,10,150,28,0.0
79,3,10,150,28,0.0
80,3,10,150,28,0.08297572808511901
81,3,10,150,28,0.0
82,3,10,150,28,0.08926877557705373
83,3,10,150,28,0.04630610387058298
84,3,10,150,28,0.0
85,3,10,150,28,0.09696667009614224
86,3,10,150,28,0.0
87,3,10,150,28,0.05731092915974753
88,3,10,150,28,0.0
89,3,10,150,28,0.22860031301980846
90,3,10,150,28,0.19070208994860144
91,3,10,150,28,0.13114221140465185
92,3,10,150,28,0.058743212109938485
93,3,10,150,28,0.0
94,3,10,150,28,0.19269497522831708
95,3,10,150,28,0.0647009121818454
96,3,10,150,28,0.0
97,3,10,150,28,0.05502294157452004
98,3,10,150,28,0.0
99,3,10,150,28,0.0
100,3,10,150,28,0.0
101,3,10,150,28,0.0
102,3,10,150,28,0.026001814664123827
103,3,10,150,28,0.0
104,3,10,150,28,0.12171451575741458
106,3,10,150,28,0.05261577455142312
107,3,10,150,28,0.0
108,3,10,150,28,0.0
109,3,10,150,28,0.05565780602130038
110,3,10,150,28,0.039667414566743345
111,3,10,150,28,0.0
112,3,10,150,28,0.0
113,3,10,150,28,0.0
114,3,10,150,28,0.0
115,3,10,150,28,0.046806851959664796
116,3,10,150,28,0.030283100877278122
117,3,10,150,28,0.0
118,3,10,150,28,0.0
119,3,10,150,28,0.034073291417269544
121,3,10,150,28,0.0
122,3,10,150,28,0.0
123,3,10,150,28,0.46927872602275644
124,3,10,150,28,0.10889376106823218
125,3,10,150,28,0.09097808601263767
126,3,10,150,28,0.0
127,3,10,150,28,0.0
128,3,10,150,28,0.027576277569513717
129,3,10,150,28,0.0
130,3,10,150,28,0.053188513857525765
131,3,10,150,28,0.2803335894048546
132,3,10,150,28,0.09109240322345806
133,3,10,150,28,0.0
134,3,10,150,28,0.0
135,3,10,150,28,0.0
136,3,10,150,28,0.26687965254220064
137,3,10,150,28,0.0
138,3,10,150,28,0.21222747957761057
139,3,10,150,28,0.0
140,3,10,150,28,0.0
141,3,10,150,28,0.15194751309721466
142,3,10,150,28,0.30260241349881345
143,3,10,150,28,0.0
144,3,10,150,28,0.16556545451994525
145,3,10,150,28,0.0
146,3,10,150,28,0.0
147,3,10,150,28,0.0
148,3,10,150,28,0.042512356679180144
149,3,10,150,28,0.05446824630887794
150,3,10,150,28,0.0
151,3,10,150,28,0.024019122118268992
152,3,10,150,28,0.0
153,3,10,150,28,0.06516188295518531
154,3,10,150,28,0.0
155,3,10,150,28,0.0
156,3,10,150,28,0.0
157,3,10,150,28,0.0
158,3,10,150,28,0.05710411178654767
159,3,10,150,28,0.11026617795298452
160,3,10,150,28,0.0
161,3,10,150,28,0.0
162,3,10,150,28,0.0
163,3,10,150,28,0.0
164,3,10,150,28,0.0
165,3,10,150,28,0.0
166,3,10,150,28,0.0
167,3,10,150,28,0.0
168,3,10,150,28,0.0
169,3,10,150,28,0.0
170,3,10,150,28,0.0
171,3,10,150,28,0.0
172,3,10,150,28,0.0
173,3,10,150,28,0.0
174,3,10,150,28,0.028767091820622218
175,3,10,150,28,0.4413254197204702
176,3,10,150,28,0.0
177,3,10,150,28,0.0
178,3,10,150,28,0.1723480486411504
179,3,10,150,28,0.06599888514927177
180,3,10,150,28,0.0
181,3,10,150,28,0.054620397236722275
182,3,10,150,28,0.13120507751234178
183,3,10,150,28,0.0
184,3,10,150,28,0.0
185,3,10,150,28,0.0
186,3,10,150,28,0.0
187,3,10,150,28,0.14943466330084343
188,3,10,150,28,0.0
189,3,10,150,28,0.1808542218575964
190,3,10,150,28,0.0
191,3,10,150,28,0.0
192,3,10,150,28,0.0
193,3,10,150,28,0.0
194,3,10,150,28,0.040681790063576403
195,3,10,150,28,0.061734604266276284
196,3,10,150,28,0.17342765698823945
197,3,10,150,28,0.037070343480771185
198,3,10,150,28,0.10629091641868493
199,3,10,150,28,0.0
200,3,10,150,28,0.055179303887787655
201,3,10,150,28,0.25644917649054827
202,3,10,150,28,0.0
203,3,10,150,28,0.0
204,3,10,150,28,0.0
205,3,10,150,28,0.0
206,3,10,150,28,0.0
207,3,10,150,28,0.0
208,3,10,150,28,0.0
209,3,10,150,28,0.0
210,3,10,150,28,0.0
211,3,10,150,28,0.0
212,3,10,150,28,0.0559167101555819
213,3,10,150,28,0.051573320538546435
214,3,10,150,28,0.1257260924843343
215,3,10,150,28,0.157288596461893
216,3,10,150,28,0.25084019139208813
217,3,10,150,28,0.04972780777662495
218,3,10,150,28,0.06323567569191428
219,3,10,150,28,0.0
220,3,10,150,28,0.0
221,3,10,150,28,0.09964173287591703
222,3,10,150,28,0.21855778150194644
223,3,10,150,28,0.039270700903099615
224,3,10,150,28,0.0
225,3,10,150,28,0.0
226,3,10,150,28,0.0
227,3,10,150,28,0.0
229,3,10,150,28,0.0
230,3,10,150,28,0.0
231,3,10,150,28,0.0
232,3,10,150,28,0.0
233,3,10,150,28,0.12321456673952925
234,3,10,150,28,0.14722180388432665
235,3,10,150,28,0.04622440829742681
236,3,10,150,28,0.12127042983235181
237,3,10,150,28,0.0
238,3,10,150,28,0.0
239,3,10,150,28,0.07945424413307585
240,3,10,150,28,0.10235170428306553
241,3,10,150,28,0.1381300260171807
242,3,10,150,28,0.0
243,3,10,150,28,0.0
244,3,10,150,28,0.14159677937052395
245,3,10,150,28,0.0
246,3,10,150,28,0.08356426880363813
247,3,10,150,28,0.15642624200758548
248,3,10,150,28,0.1800221130349669
249,3,10,150,28,0.2191612092775145
250,3,10,150,28,0.07806699296748765
251,3,10,150,28,0.0
252,3,10,150,28,0.0
253,3,10,150,28,0.0
254,3,10,150,28,0.036502603141236205
255,3,10,150,28,0.04610512027589789
256,3,10,150,28,0.027736288621349494
257,3,10,150,28,0.12830873359117523
258,3,10,150,28,0.0
259,3,10,150,28,0.0
260,3,10,150,28,0.0
261,3,10,150,28,0.0
262,3,10,150,28,0.0
263,3,10,150,28,0.29196331077693755
264,3,10,150,28,0.22972462709034727
265,3,10,150,28,0.19802572813668026
266,3,10,150,28,0.0
267,3,10,150,28,0.14446252780184488
268,3,10,150,28,0.16166554190373092
269,3,10,150,28,0.0
270,3,10,150,28,0.0
271,3,10,150,28,0.10905219301958717
272,3,10,150,28,0.0
273,3,10,150,28,0.0
274,3,10,150,28,0.0
275,3,10,150,28,0.0
276,3,10,150,28,0.2779539359558832
277,3,10,150,28,0.0
278,3,10,150,28,0.0
279,3,10,150,28,0.1799986473582318
280,3,10,150,28,0.08796753134536368
281,3,10,150,28,0.0
282,3,10,150,28,0.09659953929285248
283,3,10,150,28,0.0
284,3,10,150,28,0.0
285,3,10,150,28,0.0
286,3,10,150,28,0.0
287,3,10,150,28,0.0
288,3,10,150,28,0.04838338183089434
289,3,10,150,28,0.0
290,3,10,150,28,0.09647783930421741
291,3,10,150,28,0.22568270024830603
292,3,10,150,28,0.27665227928348557
293,3,10,150,28,0.040681790063576403
294,3,10,150,28,0.027616154831484434
295,3,10,150,28,0.09981690553366025
296,3,10,150,28,0.10235135297694252
297,3,10,150,28,0.030868393892711742
298,3,10,150,28,0.03719976603506465
299,3,10,150,28,0.07918354145103461
300,3,10,150,28,0.0
301,3,10,150,28,0.1522776314307938
302,3,10,150,28,0.0
303,3,10,150,28,0.24238487939011533
304,3,10,150,28,0.0
305,3,10,150,28,0.06526119450021078
306,3,10,150,28,0.0
307,3,10,150,28,0.10103677256052608
308,3,10,150,28,0.04918680463213726
309,3,10,150,28,0.0
310,3,10,150,28,0.2890648263178879
311,3,10,150,28,0.16278407612347612
312,3,10,150,28,0.09774885223043435
313,3,10,150,28,0.08245279528125449
314,3,10,150,28,0.08633662310935496
315,3,10,150,28,0.09785159463516042
316,3,10,150,28,0.06076546216996844
317,3,10,150,28,0.0
318,3,10,150,28,0.028747338381158515
319,3,10,150,28,0.0
320,3,10,150,28,0.06052594397624635
321,3,10,150,28,0.08223795175588802
322,3,10,150,28,0.0
323,3,10,150,28,0.12229181918924699
324,3,10,150,28,0.0
325,3,10,150,28,0.0
326,3,10,150,28,0.10817904857938596
327,3,10,150,28,0.0
328,3,10,150,28,0.14796817422652345
329,3,10,150,28,0.056720838976548935
330,3,10,150,28,0.23442938795657506
331,3,10,150,28,0.0
332,3,10,150,28,0.024909303741335254
333,3,10,150,28,0.0
334,3,10,150,28,0.1633950282052326
335,3,10,150,28,0.0
336,3,10,150,28,0.0
337,3,10,150,28,0.09992090652113537
338,3,10,150,28,0.0
339,3,10,150,28,0.145767359678607
340,3,10,150,28,0.12647135138382856
341,3,10,150,28,0.0
342,3,10,150,28,0.0
343,3,10,150,28,0.3201565716746587
344,3,10,150,28,0.0990240919804471
345,3,10,150,28,0.14276027946636918
346,3,10,150,28,0.09465275229976154
347,3,10,150,28,0.053942918475641165
348,3,10,150,28,0.0
349,3,10,150,28,0.07123530534387781
350,3,10,150,28,0.0845667599404342
351,3,10,150,28,0.0
352,3,10,150,28,0.16282653392890226
353,3,10,150,28,0.049432410190049694
354,3,10,150,28,0.0
355,3,10,150,28,0.0
356,3,10,150,28,0.0
357,3,10,150,28,0.0
358,3,10,150,28,0.26730206653594746
359,3,10,150,28,0.0
360,3,10,150,28,0.10496459329418281
361,3,10,150,28,0.0
362,3,10,150,28,0.0
363,3,10,150,28,0.22727202807527994
364,3,10,150,28,0.0
365,3,10,150,28,0.0527075128660253
366,3,10,150,28,0.10684080426179023
367,3,10,150,28,0.1410054764628891
368,3,10,150,28,0.0
369,3,10,150,28,0.0
370,3,10,150,28,0.045683428159663184
371,3,10,150,28,0.09892739847751293
372,3,10,150,28,0.0734773909038217
373,3,10,150,28,0.19070493732402571
374,3,10,150,28,0.1707312049477815
375,3,10,150,28,0.0
376,3,10,150,28,0.0
377,3,10,150,28,0.0
378,3,10,150,28,0.09896466306313151
379,3,10,150,28,0.14416946743374223
380,3,10,150,28,0.0
381,3,10,150,28,0.0
382,3,10,150,28,0.07847428227110642
383,3,10,150,28,0.0
384,3,10,150,28,0.0
385,3,10,150,28,0.16168161426671263
386,3,10,150,28,0.0
387,3,10,150,28,0.034380101046999886
388,3,10,150,28,0.0
389,3,10,150,28,0.137978856036845
390,3,10,150,28,0.21398626473452756
391,3,10,150,28,0.2558645268575362
392,3,10,150,28,0.06327372362257774
393,3,10,150,28,0.18344206952994557
394,3,10,150,28,0.07049948613198989
395,3,10,150,28,0.09286934188709499
396,3,10,150,28,0.0
397,3,10,150,28,0.05774550520460572
398,3,10,150,28,0.06361261236980718
399,3,10,150,28,0.0
400,3,10,150,28,0.0
401,3,10,150,28,0.0
402,3,10,150,28,0.424926013816671
403,3,10,150,28,0.0
404,3,10,150,28,0.0
405,3,10,150,28,0.29874350857376325
406,3,10,150,28,0.2438905119203939
407,3,10,150,28,0.0872562124898357
408,3,10,150,28,0.12083071655728543
409,3,10,150,28,0.1294426589711329
410,3,10,150,28,0.0
411,3,10,150,28,0.07963818675918483
412,3,10,150,28,0.0
413,3,10,150,28,0.10122860821230018
414,3,10,150,28,0.0
415,3,10,150,28,0.07605458145297357
416,3,10,150,28,0.24318780137151527
417,3,10,150,28,0.10613975371870346
418,3,10,150,28,0.07001560573318603
419,3,10,150,28,0.2098021491169666
420,3,10,150,28,0.0527075128660253
421,3,10,150,28,0.1590989696709666
422,3,10,150,28,0.0
423,3,10,150,28,0.0
424,3,10,150,28,0.13291000263869587
425,3,10,150,28,0.0
426,3,10,150,28,0.10004388309532918
427,3,10,150,28,0.0
428,3,10,150,28,0.0
429,3,10,150,28,0.2367012990681702
430,3,10,150,28,0.062242588308449316
431,3,10,150,28,0.0
432,3,10,150,28,0.0
433,3,10,150,28,0.0
434,3,10,150,28,0.18672776492534796
435,3,10,150,28,0.402748064469355
436,3,10,150,28,0.0823515218325561
437,3,10,150,28,0.025247410046008424
438,3,10,150,28,0.0
439,3,10,150,28,0.0
440,3,10,150,28,0.04258528250242427
441,3,10,150,28,0.0
442,3,10,150,28,0.058478916078390675
443,3,10,150,28,0.056720838976548935
444,3,10,150,28,0.19519002499605084
445,3,10,150,28,0.0
446,3,10,150,28,0.0
447,3,10,150,28,0.07454804035140399
448,3,10,150,28,0.0
449,3,10,150,28,0.0
450,3,10,150,28,0.400851779822345
451,3,10,150,28,0.0
452,3,10,150,28,0.028552055893273837
453,3,10,150,28,0.1551632928054785
454,3,10,150,28,0.0
455,3,10,150,28,0.21549410725816512
456,3,10,150,28,0.17430415445471864
457,3,10,150,28,0.5379400382010946
458,3,10,150,28,0.1375808393651665
459,3,10,150,28,0.050156713787343675
460,3,10,150,28,0.0
461,3,10,150,28,0.10778915452451093
462,3,10,150,28,0.08799878422261026
463,3,10,150,28,0.11273915641838338
464,3,10,150,28,0.0
465,3,10,150,28,0.0733934381893728
466,3,10,150,28,0.07856187294552198
467,3,10,150,28,0.0
468,3,10,150,28,0.4143733600743515
469,3,10,150,28,0.050924439617225085
470,3,10,150,28,0.040162930685297936
471,3,10,150,28,0.0
472,3,10,150,28,0.3187225942874993
473,3,10,150,28,0.050005013043213774
474,3,10,150,28,0.4230369524157094
475,3,10,150,28,0.0
476,3,10,150,28,0.12097589732794561
477,3,10,150,28,0.0
478,3,10,150,28,0.21549810125070962
479,3,10,150,28,0.11468607001658926
480,3,10,150,28,0.0881980292211471
481,3,10,150,28,0.0
482,3,10,150,28,0.10209739512291163
483,3,10,150,28,0.06194403202282284
484,3,10,150,28,0.229779628985826
485,3,10,150,28,0.0
486,3,10,150,28,0.060409634194335864
487,3,10,150,28,0.12799619023952305
488,3,10,150,28,0.07205736635480697
489,3,10,150,28,0.0
490,3,10,150,28,0.06490403551612171
491,3,10,150,28,0.17758207479178334
492,3,10,150,28,0.03043077404022058
493,3,10,150,28,0.1926275395280399
494,3,10,150,28,0.11299367690705851
495,3,10,150,28,0.05710411178654767
496,3,10,150,28,0.08102013334615968
497,3,10,150,28,0.04418177189852209
498,3,10,150,28,0.02459340231606863
499,3,10,150,28,0.04918680463213726
500,3,10,150,28,0.07479729344326401
501,3,10,150,28,0.0
502,3,10,150,28,0.0
503,3,10,150,28,0.334555085675242
504,3,10,150,28,0.10417236175664873
505,3,10,150,28,0.026425294698493085
506,3,10,150,28,0.11267790852426436
507,3,10,150,28,0.0
508,3,10,150,28,0.12141398478586375
509,3,10,150,28,0.0
510,3,10,150,28,0.12427147932737166
511,3,10,150,28,0.0
512,3,10,150,28,0.0
513,3,10,150,28,0.0
514,3,10,150,28,0.33219361459897684
515,3,10,150,28,0.0
516,3,10,150,28,0.07947838320659593
517,3,10,150,28,0.0
518,3,10,150,28,0.0
519,3,10,150,28,0.0
520,3,10,150,28,0.0
521,3,10,150,28,0.11420822357309535
522,3,10,150,28,0.11752277470724268
523,3,10,150,28,0.14958239437556436
524,3,10,150,28,0.060954684122748654
525,3,10,150,28,0.035769798946978335
526,3,10,150,28,0.03112959369469351
527,3,10,150,28,0.21384951912030603
528,3,10,150,28,0.044808643601671735
529,3,10,150,28,0.0
530,3,10,150,28,0.0
531,3,10,150,28,0.0
532,3,10,150,28,0.2202773988330064
533,3,10,150,28,0.24541042639474495
534,3,10,150,28,0.05167975836235349
535,3,10,150,28,0.36383912716594424
536,3,10,150,28,0.19521556503995782
537,3,10,150,28,0.3147673501947059
538,3,10,150,28,0.09944592215223559
539,3,10,150,28,0.0
540,3,10,150,28,0.0
541,3,10,150,28,0.05989921412010778
542,3,10,150,28,0.05710411178654767
543,3,10,150,28,0.0
544,3,10,150,28,0.0
545,3,10,150,28,0.2558552549565479
546,3,10,150,28,0.028335946945814334
547,3,10,150,28,0.0
548,3,10,150,28,0.0872562124898357
549,3,10,150,28,0.10184659627402569
550,3,10,150,28,0.0845667599404342
551,3,10,150,28,0.28571405774282194
552,3,10,150,28,0.0
553,3,10,150,28,0.09793548639532572
554,3,10,150,28,0.0
555,3,10,150,28,0.037070343480771185
556,3,10,150,28,0.1482972305701491
557,3,10,150,28,0.044530079137671444
558,3,10,150,28,0.21398626473452756
559,3,10,150,28,0.02799764048929078
560,3,10,150,28,0.12768383489162946
561,3,10,150,28,0.13153832646469335
562,3,10,150,28,0.0
563,3,10,150,28,0.10791970824616881
564,3,10,150,28,0.0
565,3,10,150,28,0.14337418847532693
566,3,10,150,28,0.11012677421250541
567,3,10,150,28,0.3862193408700838
568,3,10,150,28,0.0
569,3,10,150,28,0.0
570,3,10,150,28,0.0
571,3,10,150,28,0.0512644431393966
572,3,10,150,28,0.30260241349881345
573,3,10,150,28,0.0
574,3,10,150,28,0.0
575,3,10,150,28,0.07945707943276742
576,3,10,150,28,0.0
577,3,10,150,28,0.22548355818120006
578,3,10,150,28,0.0
579,3,10,150,28,0.06437683786589724
580,3,10,150,28,0.0
581,3,10,150,28,0.0
582,3,10,150,28,0.06679511870650716
583,3,10,150,28,0.0874717141014082
584,3,10,150,28,0.20261715588288354
585,3,10,150,28,0.04418177189852209
586,3,10,150,28,0.12089224513950196
587,3,10,150,28,0.0
588,3,10,150,28,0.2303741740004516
589,3,10,150,28,0.0
590,3,10,150,28,0.1076424320455391
591,3,10,150,28,0.050897956860883414
592,3,10,150,28,0.3309183647284343
593,3,10,150,28,0.13661206433302364
594,3,10,150,28,0.0
595,3,10,150,28,0.02738855579742861
596,3,10,150,28,0.09803928583135704
597,3,10,150,28,0.0
598,3,10,150,28,0.0
599,3,10,150,28,0.0
600,3,10,150,28,0.16320802539094448
601,3,10,150,28,0.22064569097490222
602,3,10,150,28,0.041278922835426404
603,3,10,150,28,0.12541207695631323
604,3,10,150,28,0.0
605,3,10,150,28,0.1863946402005953
606,3,10,150,28,0.4099609742903771
607,3,10,150,28,0.0
608,3,10,150,28,0.278623379420465
609,3,10,150,28,0.0
610,3,10,150,28,0.08640395077278376
611,3,10,150,28,0.0
612,3,10,150,28,0.09162544430476362
613,3,10,150,28,0.12468575026986017
614,3,10,150,28,0.1467868763787456
615,3,10,150,28,0.10309133960019567
616,3,10,150,28,0.0
617,3,10,150,28,0.024019122118268992
618,3,10,150,28,0.11420822357309535
619,3,10,150,28,0.12083174208590591
620,3,10,150,28,0.19140357578284875
621,3,10,150,28,0.055940611690702455
622,3,10,150,28,0.3164075527042005
623,3,10,150,28,0.04214302778527282
624,3,10,150,28,0.030863419558816
625,3,10,150,28,0.09011769209777899
626,3,10,150,28,0.0
627,3,10,150,28,0.17318172693616388
628,3,10,150,28,0.0
629,3,10,150,28,0.2809174372548926
630,3,10,150,28,0.09660888126113899
631,3,10,150,28,0.0
632,3,10,150,28,0.028552055893273837
633,3,10,150,28,0.026481122388885493
634,3,10,150,28,0.08796753134536368
635,3,10,150,28,0.0
636,3,10,150,28,0.30260241349881345
637,3,10,150,28,0.0
638,3,10,150,28,0.030863419558816
639,3,10,150,28,0.0
640,3,10,150,28,0.17773185885000206
641,3,10,150,28,0.051358492238643604
642,3,10,150,28,0.3859366738009468
643,3,10,150,28,0.3947975034998795
644,3,10,150,28,0.0
645,3,10,150,28,0.13589043232187337
646,3,10,150,28,0.11243817952384734
647,3,10,150,28,0.06590268968688952
648,3,10,150,28,0.18013659066593263
649,3,10,150,28,0.0
650,3,10,150,28,0.19194708409850644
651,3,10,150,28,0.0
652,3,10,150,28,0.0
653,3,10,150,28,0.1977751292522325
654,3,10,150,28,0.10237531848966303
655,3,10,150,28,0.4190169081950105
656,3,10,150,28,0.0
657,3,10,150,28,0.2504953915210566
658,3,10,150,28,0.07060706659701517
659,3,10,150,28,0.11787714227332981
660,3,10,150,28,0.0
661,3,10,150,28,0.1403048386217942
662,3,10,150,28,0.0
663,3,10,150,28,0.16984326820493104
664,3,10,150,28,0.4523242741859318
665,3,10,150,28,0.05710411178654767
666,3,10,150,28,0.21836251500805842
667,3,10,150,28,0.0
668,3,10,150,28,0.0
669,3,10,150,28,0.2269588181631866
670,3,10,150,28,0.0
671,3,10,150,28,0.21850262600647893
672,3,10,150,28,0.048159222084064895
673,3,10,150,28,0.0
674,3,10,150,28,0.0
675,3,10,150,28,0.0382580635535654
676,3,10,150,28,0.2487850771590314
677,3,10,150,28,0.0382580635535654
678,3,10,150,28,0.0
679,3,10,150,28,0.0675463635382806
680,3,10,150,28,0.0
681,3,10,150,28,0.0
682,3,10,150,28,0.44789835588086613
683,3,10,150,28,0.029232511322807294
684,3,10,150,28,0.040681790063576403
685,3,10,150,28,0.046287481291184845
686,3,10,150,28,0.09828877269087635
687,3,10,150,28,0.0
688,3,10,150,28,0.0
689,3,10,150,28,0.37279254620421465
690,3,10,150,28,0.3046734880579658
691,3,10,150,28,0.5575827236098854
692,3,10,150,28,0.0
693,3,10,150,28,0.0777388605254111
694,3,10,150,28,0.29096588664845224
695,3,10,150,28,0.0
696,3,10,150,28,0.043134162606390795
697,3,10,150,28,0.0
698,3,10,150,28,0.0
699,3,10,150,28,0.05299904460855536
700,3,10,150,28,0.0
701,3,10,150,28,0.0906790485156717
702,3,10,150,28,0.0
703,3,10,150,28,0.15555725495720263
704,3,10,150,28,0.08593652083704645
705,3,10,150,28,0.2365647534405424
706,3,10,150,28,0.0
707,3,10,150,28,0.3368402711556902
708,3,10,150,28,0.0
709,3,10,150,28,0.1479075365696785
710,3,10,150,28,0.2562375172274792
711,3,10,150,28,0.18004183070553897
712,3,10,150,28,0.0855398989049821
713,3,10,150,28,0.0
714,3,10,150,28,0.06786785134613488
715,3,10,150,28,0.23669370297102188
716,3,10,150,28,0.3087352216680741
717,3,10,150,28,0.0715703276959507
718,3,10,150,28,0.0
719,3,10,150,28,0.07656668348110868
720,3,10,150,28,0.0
721,3,10,150,28,0.11692062726361231
722,3,10,150,28,0.04173963774222741
723,3,10,150,28,0.0
724,3,10,150,28,0.0
725,3,10,150,28,0.0
726,3,10,150,28,0.0
727,3,10,150,28,0.10430708720576036
728,3,10,150,28,0.0
729,3,10,150,28,0.0
730,3,10,150,28,0.0
731,3,10,150,28,0.10385169364861045
732,3,10,150,28,0.05717828980196049
733,3,10,150,28,0.024019122118268992
734,3,10,150,28,0.08131766139183766
735,3,10,150,28,0.08151055815578559
736,3,10,150,28,0.0
737,3,10,150,28,0.12127716502890909
738,3,10,150,28,0.14989387114607597
739,3,10,150,28,0.18767092572990207
740,3,10,150,28,0.0
741,3,10,150,28,0.061826385535604725
742,3,10,150,28,0.0527075128660253
743,3,10,150,28,0.049043960636177025
744,3,10,150,28,0.0
745,3,10,150,28,0.06774344219296054
746,3,10,150,28,0.24124954544361757
747,3,10,150,28,0.1630169184332944
748,3,10,150,28,0.04418177189852209
749,3,10,150,28,0.49259067005629625
750,3,10,150,28,0.03884210089598009
751,3,10,150,28,0.049629610929395745
752,3,10,150,28,0.0
753,3,10,150,28,0.04072612696308379
754,3,10,150,28,0.0
755,3,10,150,28,0.0
756,3,10,150,28,0.04918680463213726
757,3,10,150,28,0.07205736635480697
758,3,10,150,28,0.19483639784635917
759,3,10,150,28,0.0
760,3,10,150,28,0.1247347853608844
761,3,10,150,28,0.14753957727833325
762,3,10,150,28,0.0
763,3,10,150,28,0.026885633808876454
764,3,10,150,28,0.0
765,3,10,150,28,0.0
766,3,10,150,28,0.05532965960894595
767,3,10,150,28,0.1269544353559099
768,3,10,150,28,0.05059568297461706
769,3,10,150,28,0.0
770,3,10,150,28,0.18348359547343202
771,3,10,150,28,0.02778871948897756
772,3,10,150,28,0.0
773,3,10,150,28,0.17199279078917648
774,3,10,150,28,0.0
775,3,10,150,28,0.0
776,3,10,150,28,0.0
777,3,10,150,28,0.0
778,3,10,150,28,0.08961728720334347
779,3,10,150,28,0.0
780,3,10,150,28,0.12311997034702767
781,3,10,150,28,0.12572447169101508
782,3,10,150,28,0.0
783,3,10,150,28,0.0
784,3,10,150,28,0.0
785,3,10,150,28,0.2848262604068979
786,3,10,150,28,0.13433459624567326
787,3,10,150,28,0.0
788,3,10,150,28,0.0538138504959217
789,3,10,150,28,0.14531023848228133
790,3,10,150,28,0.10060942224808081
791,3,10,150,28,0.0
792,3,10,150,28,0.059109628562248356
793,3,10,150,28,0.08021827351724287
794,3,10,150,28,0.08021827351724287
795,3,10,150,28,0.07205736635480697
796,3,10,150,28,0.11728320741048935
797,3,10,150,28,0.13905617951077562
798,3,10,150,28,0.0
799,3,10,150,28,0.2836929289153804
800,3,10,150,28,0.0
801,3,10,150,28,0.0
802,3,10,150,28,0.05621908976192367
803,3,10,150,28,0.0
804,3,10,150,28,0.346103349870037
805,3,10,150,28,0.19760327960030324
806,3,10,150,28,0.06379369995120096
807,3,10,150,28,0.20008438134276482
808,3,10,150,28,0.0
809,3,10,150,28,0.0
810,3,10,150,28,0.0
811,3,10,150,28,0.0
812,3,10,150,28,0.0
813,3,10,150,28,0.0
814,3,10,150,28,0.0
815,3,10,150,28,0.027499127219106426
816,3,10,150,28,0.10105367325027378
817,3,10,150,28,0.0
818,3,10,150,28,0.0
819,3,10,150,28,0.0
820,3,10,150,28,0.0
821,3,10,150,28,0.0
822,3,10,150,28,0.0
823,3,10,150,28,0.10148718580906937
824,3,10,150,28,0.0
825,3,10,150,28,0.16434089815347858
826,3,10,150,28,0.04455257454866284
827,3,10,150,28,0.0
828,3,10,150,28,0.0
829,3,10,150,28,0.0
830,3,10,150,28,0.05059568297461706
831,3,10,150,28,0.04522637401768292
832,3,10,150,28,0.0
833,3,10,150,28,0.062321204858517235
834,3,10,150,28,0.0
835,3,10,150,28,0.04191911005669532
836,3,10,150,28,0.0
837,3,10,150,28,0.05351287869030783
838,3,10,150,28,0.08633629724227374
839,3,10,150,28,0.0
840,3,10,150,28,0.07656878929530339
841,3,10,150,28,0.0
842,3,10,150,28,0.0
843,3,10,150,28,0.04209275315645388
844,3,10,150,28,0.0
845,3,10,150,28,0.0
846,3,10,150,28,0.08951991273267058
847,3,10,150,28,0.0
848,3,10,150,28,0.0
849,3,10,150,28,0.0
850,3,10,150,28,0.06228974831361337
851,3,10,150,28,0.19821654229071958
852,3,10,150,28,0.07256783117062009
853,3,10,150,28,0.0
854,3,10,150,28,0.0
855,3,10,150,28,0.0
856,3,10,150,28,0.0
857,3,10,150,28,0.0
858,3,10,150,28,0.0
859,3,10,150,28,0.0
860,3,10,150,28,0.0
861,3,10,150,28,0.12754356661958802
862,3,10,150,28,0.0559167101555819
863,3,10,150,28,0.0
864,3,10,150,28,0.1615328695620339
865,3,10,150,28,0.0
866,3,10,150,28,0.0
867,3,10,150,28,0.13120507751234178
868,3,10,150,28,0.0
870,3,10,150,28,0.0
871,3,10,150,28,0.0
872,3,10,150,28,0.0
875,3,10,150,28,0.1395953738647505
876,3,10,150,28,0.0
877,3,10,150,28,0.0
1,3,10,150,29,0.7603573597118609
2,3,10,150,29,0.06362078819895171
3,3,10,150,29,0.0
4,3,10,150,29,0.0
5,3,10,150,29,0.0583775815185038
6,3,10,150,29,0.055805240881847164
7,3,10,150,29,0.2123058910744896
8,3,10,150,29,0.0
9,3,10,150,29,0.0
10,3,10,150,29,0.16409920264511527
11,3,10,150,29,0.0
12,3,10,150,29,0.0
13,3,10,150,29,0.23254357095860886
14,3,10,150,29,0.05601843521033356
15,3,10,150,29,0.0
16,3,10,150,29,0.08482101713976703
17,3,10,150,29,0.06166887310869151
18,3,10,150,29,0.13086577144437742
19,3,10,150,29,0.0
20,3,10,150,29,0.14530105135237878
21,3,10,150,29,0.03475017269886857
22,3,10,150,29,0.03393392567306744
23,3,10,150,29,0.16093766472693694
24,3,10,150,29,0.2130978642098899
25,3,10,150,29,0.0
26,3,10,150,29,0.0
28,3,10,150,29,0.0
29,3,10,150,29,0.0
30,3,10,150,29,0.0979129253499678
31,3,10,150,29,0.06076546216996844
32,3,10,150,29,0.0
33,3,10,150,29,0.0
34,3,10,150,29,0.0
35,3,10,150,29,0.0
37,3,10,150,29,0.0488929053971083
38,3,10,150,29,0.0
39,3,10,150,29,0.0
40,3,10,150,29,0.0
41,3,10,150,29,0.0
42,3,10,150,29,0.11676800180580715
43,3,10,150,29,0.2487522843879164
44,3,10,150,29,0.04195229264874745
45,3,10,150,29,0.0
46,3,10,150,29,0.14434031438272124
47,3,10,150,29,0.0
48,3,10,150,29,0.0874717141014082
49,3,10,150,29,0.06706202063038097
50,3,10,150,29,0.0
51,3,10,150,29,0.18953836965473142
52,3,10,150,29,0.0
53,3,10,150,29,0.09546043308946733
54,3,10,150,29,0.07984133538066794
55,3,10,150,29,0.0
56,3,10,150,29,0.03975645576081676
57,3,10,150,29,0.0
58,3,10,150,29,0.05627401606456899
59,3,10,150,29,0.1231027867986783
60,3,10,150,29,0.09042744671309158
61,3,10,150,29,0.0
62,3,10,150,29,0.03806940785769845
63,3,10,150,29,0.0
64,3,10,150,29,0.0
65,3,10,150,29,0.2994759515353249
66,3,10,150,29,0.0
67,3,10,150,29,0.0
68,3,10,150,29,0.0
69,3,10,150,29,0.04340781395430378
70,3,10,150,29,0.0
71,3,10,150,29,0.07955752067133452
72,3,10,150,29,0.16084022171949366
73,3,10,150,29,0.051960280791503534
74,3,10,150,29,0.0
75,3,10,150,29,0.11731968150568911
76,3,10,150,29,0.10478238567212417
77,3,10,150,29,0.39739389075193016
78,3,10,150,29,0.0
79,3,10,150,29,0.0
80,3,10,150,29,0.08297572808511901
81,3,10,150,29,0.0
82,3,10,150,29,0.08926877557705373
83,3,10,150,29,0.04630610387058298
84,3,10,150,29,0.0
85,3,10,150,29,0.09476109885839396
86,3,10,150,29,0.0
87,3,10,150,29,0.05731092915974753
88,3,10,150,29,0.0
89,3,10,150,29,0.22860031301980846
90,3,10,150,29,0.1863644444034663
91,3,10,150,29,0.13114221140465185
92,3,10,150,29,0.05740705878102489
93,3,10,150,29,0.0
94,3,10,150,29,0.2110576635722671
95,3,10,150,29,0.06322924701253654
96,3,10,150,29,0.0
97,3,10,150,29,0.05502294157452004
98,3,10,150,29,0.0
99,3,10,150,29,0.0
100,3,10,150,29,0.04485361187694993
101,3,10,150,29,0.0
102,3,10,150,29,0.026001814664123827
103,3,10,150,29,0.0
104,3,10,150,29,0.12171451575741458
106,3,10,150,29,0.05261577455142312
107,3,10,150,29,0.0
108,3,10,150,29,0.0
109,3,10,150,29,0.05439183230069061
110,3,10,150,29,0.039667414566743345
111,3,10,150,29,0.0
112,3,10,150,29,0.0
113,3,10,150,29,0.0
114,3,10,150,29,0.0
115,3,10,150,29,0.046806851959664796
116,3,10,150,29,0.030283100877278122
117,3,10,150,29,0.0
118,3,10,150,29,0.0
119,3,10,150,29,0.034073291417269544
121,3,10,150,29,0.0
122,3,10,150,29,0.0
123,3,10,150,29,0.46927872602275644
124,3,10,150,29,0.10889376106823218
125,3,10,150,29,0.09097808601263767
126,3,10,150,29,0.0
127,3,10,150,29,0.0
128,3,10,150,29,0.027576277569513717
129,3,10,150,29,0.0
130,3,10,150,29,0.07472436921210311
131,3,10,150,29,0.2803335894048546
132,3,10,150,29,0.09109240322345806
133,3,10,150,29,0.0
134,3,10,150,29,0.0
135,3,10,150,29,0.0
136,3,10,150,29,0.26687965254220064
137,3,10,150,29,0.0
138,3,10,150,29,0.21222747957761057
139,3,10,150,29,0.0
140,3,10,150,29,0.0
141,3,10,150,29,0.15194751309721466
142,3,10,150,29,0.30260241349881345
143,3,10,150,29,0.0
144,3,10,150,29,0.19201969646868908
145,3,10,150,29,0.0
146,3,10,150,29,0.0
147,3,10,150,29,0.0
148,3,10,150,29,0.042512356679180144
149,3,10,150,29,0.05446824630887794
150,3,10,150,29,0.0
151,3,10,150,29,0.02347279125171977
152,3,10,150,29,0.0
153,3,10,150,29,0.06516188295518531
154,3,10,150,29,0.0
155,3,10,150,29,0.0
156,3,10,150,29,0.0
157,3,10,150,29,0.0
158,3,10,150,29,0.055805240881847164
159,3,10,150,29,0.11026617795298452
160,3,10,150,29,0.0
161,3,10,150,29,0.0
162,3,10,150,29,0.0
163,3,10,150,29,0.0
164,3,10,150,29,0.0
165,3,10,150,29,0.0
166,3,10,150,29,0.0
167,3,10,150,29,0.0
168,3,10,150,29,0.0
169,3,10,150,29,0.0
170,3,10,150,29,0.0
171,3,10,150,29,0.0
172,3,10,150,29,0.0
173,3,10,150,29,0.0
174,3,10,150,29,0.028767091820622218
175,3,10,150,29,0.4413254197204702
176,3,10,150,29,0.0347693136731627
177,3,10,150,29,0.0
178,3,10,150,29,0.16842787794138242
179,3,10,150,29,0.06599888514927177
180,3,10,150,29,0.0
181,3,10,150,29,0.05337802006712106
182,3,10,150,29,0.13120507751234178
183,3,10,150,29,0.0
184,3,10,150,29,0.0
185,3,10,150,29,0.0
186,3,10,150,29,0.0
187,3,10,150,29,0.14943466330084343
188,3,10,150,29,0.0
189,3,10,150,29,0.1808542218575964
190,3,10,150,29,0.0
191,3,10,150,29,0.0
192,3,10,150,29,0.0
193,3,10,150,29,0.0
194,3,10,150,29,0.03975645576081676
195,3,10,150,29,0.061734604266276284
196,3,10,150,29,0.17342765698823945
197,3,10,150,29,0.037070343480771185
198,3,10,150,29,0.10387325901274824
199,3,10,150,29,0.0
200,3,10,150,29,0.055179303887787655
201,3,10,150,29,0.25061606984626544
202,3,10,150,29,0.0
203,3,10,150,29,0.0
204,3,10,150,29,0.0
205,3,10,150,29,0.0
206,3,10,150,29,0.0
207,3,10,150,29,0.0
208,3,10,150,29,0.0
209,3,10,150,29,0.0
210,3,10,150,29,0.0
211,3,10,150,29,0.0
212,3,10,150,29,0.0559167101555819
213,3,10,150,29,0.051573320538546435
214,3,10,150,29,0.1257260924843343
215,3,10,150,29,0.157288596461893
216,3,10,150,29,0.25084019139208813
217,3,10,150,29,0.04972780777662495
218,3,10,150,29,0.06323567569191428
219,3,10,150,29,0.0
220,3,10,150,29,0.0
221,3,10,150,29,0.09964173287591703
222,3,10,150,29,0.21358653977333164
223,3,10,150,29,0.039270700903099615
224,3,10,150,29,0.0
225,3,10,150,29,0.0
226,3,10,150,29,0.0
227,3,10,150,29,0.0
229,3,10,150,29,0.0
230,3,10,150,29,0.0
231,3,10,150,29,0.0
232,3,10,150,29,0.0
233,3,10,150,29,0.12321456673952925
234,3,10,150,29,0.14387314628997241
235,3,10,150,29,0.04622440829742681
236,3,10,150,29,0.12127042983235181
237,3,10,150,29,0.0
238,3,10,150,29,0.0
239,3,10,150,29,0.07945424413307585
240,3,10,150,29,0.10235170428306553
241,3,10,150,29,0.1381300260171807
242,3,10,150,29,0.0
243,3,10,150,29,0.0
244,3,10,150,29,0.1383760666903033
245,3,10,150,29,0.0
246,3,10,150,29,0.08356426880363813
247,3,10,150,29,0.15642624200758548
248,3,10,150,29,0.1800221130349669
249,3,10,150,29,0.2191612092775145
250,3,10,150,29,0.07806699296748765
251,3,10,150,29,0.0
252,3,10,150,29,0.0
253,3,10,150,29,0.0
254,3,10,150,29,0.036502603141236205
255,3,10,150,29,0.04610512027589789
256,3,10,150,29,0.027736288621349494
257,3,10,150,29,0.12830873359117523
258,3,10,150,29,0.0
259,3,10,150,29,0.0
260,3,10,150,29,0.0
261,3,10,150,29,0.0
262,3,10,150,29,0.0
263,3,10,150,29,0.29196331077693755
264,3,10,150,29,0.22972462709034727
265,3,10,150,29,0.19802572813668026
266,3,10,150,29,0.0
267,3,10,150,29,0.14446252780184488
268,3,10,150,29,0.1579883519063398
269,3,10,150,29,0.022745663386826168
270,3,10,150,29,0.0
271,3,10,150,29,0.10657172854556844
272,3,10,150,29,0.0
273,3,10,150,29,0.0
274,3,10,150,29,0.0
275,3,10,150,29,0.0
276,3,10,150,29,0.2716316892915872
277,3,10,150,29,0.0
278,3,10,150,29,0.0
279,3,10,150,29,0.1759044587153374
280,3,10,150,29,0.08596665148841195
281,3,10,150,29,0.0
282,3,10,150,29,0.09659953929285248
283,3,10,150,29,0.0
284,3,10,150,29,0.0
285,3,10,150,29,0.0
286,3,10,150,29,0.0
287,3,10,150,29,0.0
288,3,10,150,29,0.04838338183089434
289,3,10,150,29,0.0
290,3,10,150,29,0.09647783930421741
291,3,10,150,29,0.22054939751622804
292,3,10,150,29,0.27665227928348557
293,3,10,150,29,0.03975645576081676
294,3,10,150,29,0.027616154831484434
295,3,10,150,29,0.09981690553366025
296,3,10,150,29,0.10235135297694252
297,3,10,150,29,0.030868393892711742
298,3,10,150,29,0.03719976603506465
299,3,10,150,29,0.07738245927141257
300,3,10,150,29,0.0
301,3,10,150,29,0.14881397568492577
302,3,10,150,29,0.0
303,3,10,150,29,0.23687167451345129
304,3,10,150,29,0.0
305,3,10,150,29,0.06377678533788679
306,3,10,150,29,0.0
307,3,10,150,29,0.10103677256052608
308,3,10,150,29,0.04806801813090108
309,3,10,150,29,0.0
310,3,10,150,29,0.2890648263178879
311,3,10,150,29,0.15908144432323604
312,3,10,150,29,0.09774885223043435
313,3,10,150,29,0.10332301514131034
314,3,10,150,29,0.0843728393421543
315,3,10,150,29,0.09785159463516042
316,3,10,150,29,0.06076546216996844
317,3,10,150,29,0.0
318,3,10,150,29,0.028747338381158515
319,3,10,150,29,0.0
320,3,10,150,29,0.08947300054212491
321,3,10,150,29,0.08223795175588802
322,3,10,150,29,0.07955752067133452
323,3,10,150,29,0.12229181918924699
324,3,10,150,29,0.0
325,3,10,150,29,0.0
326,3,10,150,29,0.10817904857938596
327,3,10,150,29,0.0
328,3,10,150,29,0.1446025399436037
329,3,10,150,29,0.056720838976548935
330,3,10,150,29,0.23442938795657506
331,3,10,150,29,0.0
332,3,10,150,29,0.02434272510323463
333,3,10,150,29,0.0
334,3,10,150,29,0.1596784998945954
335,3,10,150,29,0.0
336,3,10,150,29,0.0
337,3,10,150,29,0.09992090652113537
338,3,10,150,29,0.0
339,3,10,150,29,0.145767359678607
340,3,10,150,29,0.12647135138382856
341,3,10,150,29,0.0
342,3,10,150,29,0.022745663386826168
343,3,10,150,29,0.31287439806426665
344,3,10,150,29,0.09677172331707372
345,3,10,150,29,0.1395131022046179
346,3,10,150,29,0.09249981265731452
347,3,10,150,29,0.053942918475641165
348,3,10,150,29,0.0
349,3,10,150,29,0.07123530534387781
350,3,10,150,29,0.0845667599404342
351,3,10,150,29,0.0
352,3,10,150,29,0.16282653392890226
353,3,10,150,29,0.049432410190049694
354,3,10,150,29,0.0
355,3,10,150,29,0.0
356,3,10,150,29,0.0
357,3,10,150,29,0.0
358,3,10,150,29,0.26730206653594746
359,3,10,150,29,0.0
360,3,10,150,29,0.10496459329418281
361,3,10,150,29,0.0
362,3,10,150,29,0.0
363,3,10,150,29,0.2221025750274383
364,3,10,150,29,0.0
365,3,10,150,29,0.0527075128660253
366,3,10,150,29,0.10684080426179023
367,3,10,150,29,0.1410054764628891
368,3,10,150,29,0.0
369,3,10,150,29,0.0
370,3,10,150,29,0.045683428159663184
371,3,10,150,29,0.09892739847751293
372,3,10,150,29,0.0734773909038217
373,3,10,150,29,0.18636722701344763
374,3,10,150,29,0.166847810430412
375,3,10,150,29,0.0
376,3,10,150,29,0.0
377,3,10,150,29,0.0
378,3,10,150,29,0.09671364614990684
379,3,10,150,29,0.1408902372568363
380,3,10,150,29,0.0
381,3,10,150,29,0.0
382,3,10,150,29,0.07847428227110642
383,3,10,150,29,0.0
384,3,10,150,29,0.0
385,3,10,150,29,0.1580040586927633
386,3,10,150,29,0.0
387,3,10,150,29,0.033598102841379755
388,3,10,150,29,0.0
389,3,10,150,29,0.1575860988097577
390,3,10,150,29,0.21398626473452756
391,3,10,150,29,0.2558645268575362
392,3,10,150,29,0.06327372362257774
393,3,10,150,29,0.17926955796543467
394,3,10,150,29,0.07049948613198989
395,3,10,150,29,0.09286934188709499
396,3,10,150,29,0.0
397,3,10,150,29,0.05774550520460572
398,3,10,150,29,0.06216570130168689
399,3,10,150,29,0.0
400,3,10,150,29,0.0
401,3,10,150,29,0.0
402,3,10,150,29,0.469779625693621
403,3,10,150,29,0.0
404,3,10,150,29,0.0
405,3,10,150,29,0.291948389288745
406,3,10,150,29,0.2383430604330119
407,3,10,150,29,0.08527151205213251
408,3,10,150,29,0.12083071655728543
409,3,10,150,29,0.12649839982227978
410,3,10,150,29,0.0
411,3,10,150,29,0.07963818675918483
412,3,10,150,29,0.0
413,3,10,150,29,0.10122860821230018
414,3,10,150,29,0.0
415,3,10,150,29,0.07605458145297357
416,3,10,150,29,0.2604019968885626
417,3,10,150,29,0.1037255346086572
418,3,10,150,29,0.07001560573318603
419,3,10,150,29,0.2098021491169666
420,3,10,150,29,0.0527075128660253
421,3,10,150,29,0.1590989696709666
422,3,10,150,29,0.0
423,3,10,150,29,0.0
424,3,10,150,29,0.13291000263869587
425,3,10,150,29,0.0
426,3,10,150,29,0.10004388309532918
427,3,10,150,29,0.0
428,3,10,150,29,0.0
429,3,10,150,29,0.2313173709963411
430,3,10,150,29,0.062242588308449316
431,3,10,150,29,0.0
432,3,10,150,29,0.0
433,3,10,150,29,0.0
434,3,10,150,29,0.2247819585714142
435,3,10,150,29,0.3935872925652393
436,3,10,150,29,0.08047838183755991
437,3,10,150,29,0.04741880434253891
438,3,10,150,29,0.0
439,3,10,150,29,0.0
440,3,10,150,29,0.04258528250242427
441,3,10,150,29,0.0
442,3,10,150,29,0.058478916078390675
443,3,10,150,29,0.056720838976548935
444,3,10,150,29,0.19519002499605084
445,3,10,150,29,0.0
446,3,10,150,29,0.0
447,3,10,150,29,0.07454804035140399
448,3,10,150,29,0.0
449,3,10,150,29,0.0
450,3,10,150,29,0.39173414017049574
451,3,10,150,29,0.0
452,3,10,150,29,0.027902620440923582
453,3,10,150,29,0.15163400077733352
454,3,10,150,29,0.0
455,3,10,150,29,0.21059255083262626
456,3,10,150,29,0.17033949083056624
457,3,10,150,29,0.5257042351698761
458,3,10,150,29,0.15719713529131554
459,3,10,150,29,0.04901586605894737
460,3,10,150,29,0.0
461,3,10,150,29,0.10778915452451093
462,3,10,150,29,0.12801555899542102
463,3,10,150,29,0.11017482951597607
464,3,10,150,29,0.0
465,3,10,150,29,0.0733934381893728
466,3,10,150,29,0.07677493102846453
467,3,10,150,29,0.0
468,3,10,150,29,0.4049481631096321
469,3,10,150,29,0.050924439617225085
470,3,10,150,29,0.040162930685297936
471,3,10,150,29,0.0
472,3,10,150,29,0.31147303744405985
473,3,10,150,29,0.050005013043213774
474,3,10,150,29,0.436160359682699
475,3,10,150,29,0.0
476,3,10,150,29,0.12097589732794561
477,3,10,150,29,0.0
478,3,10,150,29,0.21059645397916077
479,3,10,150,29,0.11207745927283393
480,3,10,150,29,0.0881980292211471
481,3,10,150,29,0.0
482,3,10,150,29,0.10209739512291163
483,3,10,150,29,0.06194403202282284
484,3,10,150,29,0.22455313889176456
485,3,10,150,29,0.0
486,3,10,150,29,0.05903557698963019
487,3,10,150,29,0.1250848319815387
488,3,10,150,29,0.07041837375515932
489,3,10,150,29,0.0
490,3,10,150,29,0.06490403551612171
491,3,10,150,29,0.17758207479178334
492,3,10,150,29,0.03043077404022058
493,3,10,150,29,0.18824609835490252
494,3,10,150,29,0.11299367690705851
495,3,10,150,29,0.055805240881847164
496,3,10,150,29,0.07917727666551216
497,3,10,150,29,0.043176828187084765
498,3,10,150,29,0.02403400906545054
499,3,10,150,29,0.04806801813090108
500,3,10,150,29,0.07309597938435786
501,3,10,150,29,0.0
502,3,10,150,29,0.0
503,3,10,150,29,0.32694540831212215
504,3,10,150,29,0.10180289228192131
505,3,10,150,29,0.025824233840383477
506,3,10,150,29,0.11011497474583984
507,3,10,150,29,0.0
508,3,10,150,29,0.12141398478586375
509,3,10,150,29,0.0
510,3,10,150,29,0.12427147932737166
511,3,10,150,29,0.0
512,3,10,150,29,0.0
513,3,10,150,29,0.0
514,3,10,150,29,0.3246376504620554
515,3,10,150,29,0.0
516,3,10,150,29,0.07947838320659593
517,3,10,150,29,0.0
518,3,10,150,29,0.027225028724417157
519,3,10,150,29,0.0
520,3,10,150,29,0.0
521,3,10,150,29,0.11161048176369433
522,3,10,150,29,0.16542389351858164
523,3,10,150,29,0.14958239437556436
524,3,10,150,29,0.05956822939584229
525,3,10,150,29,0.035769798946978335
526,3,10,150,29,0.03112959369469351
527,3,10,150,29,0.20898536994296088
528,3,10,150,29,0.044808643601671735
529,3,10,150,29,0.0
530,3,10,150,29,0.0
531,3,10,150,29,0.0
532,3,10,150,29,0.21526704326742516
533,3,10,150,29,0.23982840344435258
534,3,10,150,29,0.05167975836235349
535,3,10,150,29,0.35556336485247103
536,3,10,150,29,0.19077525750968985
537,3,10,150,29,0.33035342138884
538,3,10,150,29,0.09944592215223559
539,3,10,150,29,0.0
540,3,10,150,29,0.0
541,3,10,150,29,0.05853676675859637
542,3,10,150,29,0.055805240881847164
543,3,10,150,29,0.0
544,3,10,150,29,0.0
545,3,10,150,29,0.2500356574515556
546,3,10,150,29,0.028335946945814334
547,3,10,150,29,0.0
548,3,10,150,29,0.08527151205213251
549,3,10,150,29,0.10184659627402569
550,3,10,150,29,0.0845667599404342
551,3,10,150,29,0.3019609653473456
552,3,10,150,29,0.0
553,3,10,150,29,0.09570787878815254
554,3,10,150,29,0.0
555,3,10,150,29,0.037070343480771185
556,3,10,150,29,0.19619834938148803
557,3,10,150,29,0.044530079137671444
558,3,10,150,29,0.21398626473452756
559,3,10,150,29,0.02799764048929078
560,3,10,150,29,0.12477958136324535
561,3,10,150,29,0.12854639996846098
562,3,10,150,29,0.0
563,3,10,150,29,0.10791970824616881
564,3,10,150,29,0.0
565,3,10,150,29,0.14337418847532693
566,3,10,150,29,0.10762186767639075
567,3,10,150,29,0.4001801891359971
568,3,10,150,29,0.0
569,3,10,150,29,0.023835426911994775
570,3,10,150,29,0.0
571,3,10,150,29,0.0512644431393966
572,3,10,150,29,0.30260241349881345
573,3,10,150,29,0.0
574,3,10,150,29,0.0
575,3,10,150,29,0.07945707943276742
576,3,10,150,29,0.0
577,3,10,150,29,0.22035478506754663
578,3,10,150,29,0.0
579,3,10,150,29,0.06291254398189125
580,3,10,150,29,0.0
581,3,10,150,29,0.0
582,3,10,150,29,0.06679511870650716
583,3,10,150,29,0.0874717141014082
584,3,10,150,29,0.20261715588288354
585,3,10,150,29,0.043176828187084765
586,3,10,150,29,0.11814247082548117
587,3,10,150,29,0.0
588,3,10,150,29,0.22513416058561916
589,3,10,150,29,0.0
590,3,10,150,29,0.1076424320455391
591,3,10,150,29,0.049740249067048554
592,3,10,150,29,0.3233914069958023
593,3,10,150,29,0.13350473230312523
594,3,10,150,29,0.0
595,3,10,150,29,0.026765584926608993
596,3,10,150,29,0.09803928583135704
597,3,10,150,29,0.0
598,3,10,150,29,0.0
599,3,10,150,29,0.0
600,3,10,150,29,0.15949575058337345
601,3,10,150,29,0.2156269583602334
602,3,10,150,29,0.041278922835426404
603,3,10,150,29,0.12541207695631323
604,3,10,150,29,0.0
605,3,10,150,29,0.18215497045748394
606,3,10,150,29,0.4006361399674328
607,3,10,150,29,0.0
608,3,10,150,29,0.2950315692072933
609,3,10,150,29,0.0
610,3,10,150,29,0.08443863559321411
611,3,10,150,29,0.0
612,3,10,150,29,0.09162544430476362
613,3,10,150,29,0.12468575026986017
614,3,10,150,29,0.1467868763787456
615,3,10,150,29,0.10074645869155263
616,3,10,150,29,0.0
617,3,10,150,29,0.02347279125171977
618,3,10,150,29,0.11161048176369433
619,3,10,150,29,0.11808334395397609
620,3,10,150,29,0.18704997447705718
621,3,10,150,29,0.05466820536753258
622,3,10,150,29,0.30921065301734124
623,3,10,150,29,0.04214302778527282
624,3,10,150,29,0.03016141060656478
625,3,10,150,29,0.08806790540812526
626,3,10,150,29,0.0
627,3,10,150,29,0.1692425936705246
628,3,10,150,29,0.0
629,3,10,150,29,0.27452778378760295
630,3,10,150,29,0.09441144816779526
631,3,10,150,29,0.0
632,3,10,150,29,0.027902620440923582
633,3,10,150,29,0.026481122388885493
634,3,10,150,29,0.08596665148841195
635,3,10,150,29,0.0
636,3,10,150,29,0.30260241349881345
637,3,10,150,29,0.0
638,3,10,150,29,0.03016141060656478
639,3,10,150,29,0.0
640,3,10,150,29,0.173689229815485
641,3,10,150,29,0.051358492238643604
642,3,10,150,29,0.3999039515168653
643,3,10,150,29,0.38581757237931186
644,3,10,150,29,0.0
645,3,10,150,29,0.13279951429078973
646,3,10,150,29,0.11243817952384734
647,3,10,150,29,0.06590268968688952
648,3,10,150,29,0.19878492779782098
649,3,10,150,29,0.0
650,3,10,150,29,0.187581120335519
651,3,10,150,29,0.0
652,3,10,150,29,0.0
653,3,10,150,29,0.19327660273597516
654,3,10,150,29,0.10004672395617803
655,3,10,150,29,0.43223175403464426
656,3,10,150,29,0.0
657,3,10,150,29,0.2504953915210566
658,3,10,150,29,0.06900106202746824
659,3,10,150,29,0.11519594847417962
660,3,10,150,29,0.0
661,3,10,150,29,0.1371135119909599
662,3,10,150,29,0.0
663,3,10,150,29,0.16598007039782323
664,3,10,150,29,0.44203585850360805
665,3,10,150,29,0.055805240881847164
666,3,10,150,29,0.21339571474538432
667,3,10,150,29,0.0
668,3,10,150,29,0.0
669,3,10,150,29,0.22179648928257487
670,3,10,150,29,0.0
671,3,10,150,29,0.21353263882619797
672,3,10,150,29,0.048159222084064895
673,3,10,150,29,0.0
674,3,10,150,29,0.0
675,3,10,150,29,0.0382580635535654
676,3,10,150,29,0.24312629553830645
677,3,10,150,29,0.0382580635535654
678,3,10,150,29,0.0
679,3,10,150,29,0.0675463635382806
680,3,10,150,29,0.0
681,3,10,150,29,0.0
682,3,10,150,29,0.43771061064648703
683,3,10,150,29,0.028567598460307132
684,3,10,150,29,0.03975645576081676
685,3,10,150,29,0.046287481291184845
686,3,10,150,29,0.0960531293525454
687,3,10,150,29,0.0
688,3,10,150,29,0.0
689,3,10,150,29,0.37279254620421465
690,3,10,150,29,0.2977434874557091
691,3,10,150,29,0.5575827236098854
692,3,10,150,29,0.0
693,3,10,150,29,0.07597063857182466
694,3,10,150,29,0.28434767453369714
695,3,10,150,29,0.0
696,3,10,150,29,0.043134162606390795
697,3,10,150,29,0.0
698,3,10,150,29,0.0
699,3,10,150,29,0.05179354618006577
700,3,10,150,29,0.0
701,3,10,150,29,0.0906790485156717
702,3,10,150,29,0.0
703,3,10,150,29,0.15555725495720263
704,3,10,150,29,0.08398183766145201
705,3,10,150,29,0.2311839311895963
706,3,10,150,29,0.0
707,3,10,150,29,0.32917861573285556
708,3,10,150,29,0.0
709,3,10,150,29,0.14454328153048993
710,3,10,150,29,0.25040922491354684
711,3,10,150,29,0.1759466598287628
712,3,10,150,29,0.08359423715834624
713,3,10,150,29,0.0
714,3,10,150,29,0.09998274523051486
715,3,10,150,29,0.23130994767746157
716,3,10,150,29,0.3017128342403549
717,3,10,150,29,0.06994241311369376
718,3,10,150,29,0.0
719,3,10,150,29,0.07656668348110868
720,3,10,150,29,0.0
721,3,10,150,29,0.1142611900328976
722,3,10,150,29,0.04173963774222741
723,3,10,150,29,0.0
724,3,10,150,29,0.0
725,3,10,150,29,0.0
726,3,10,150,29,0.0
727,3,10,150,29,0.1019345533113178
728,3,10,150,29,0.0
729,3,10,150,29,0.0
730,3,10,150,29,0.0
731,3,10,150,29,0.10385169364861045
732,3,10,150,29,0.05717828980196049
733,3,10,150,29,0.02347279125171977
734,3,10,150,29,0.08131766139183766
735,3,10,150,29,0.08151055815578559
736,3,10,150,29,0.0
737,3,10,150,29,0.12127716502890909
738,3,10,150,29,0.14648443560923902
739,3,10,150,29,0.18767092572990207
740,3,10,150,29,0.0
741,3,10,150,29,0.060420103381787715
742,3,10,150,29,0.0527075128660253
743,3,10,150,29,0.049043960636177025
744,3,10,150,29,0.0
745,3,10,150,29,0.06774344219296054
746,3,10,150,29,0.24124954544361757
747,3,10,150,29,0.159308990480253
748,3,10,150,29,0.043176828187084765
749,3,10,150,29,0.48138636848770455
750,3,10,150,29,0.03884210089598009
751,3,10,150,29,0.048500752505176555
752,3,10,150,29,0.0
753,3,10,150,29,0.04072612696308379
754,3,10,150,29,0.0
755,3,10,150,29,0.0
756,3,10,150,29,0.04806801813090108
757,3,10,150,29,0.07041837375515932
758,3,10,150,29,0.21315037811227028
759,3,10,150,29,0.0
760,3,10,150,29,0.1247347853608844
761,3,10,150,29,0.14753957727833325
762,3,10,150,29,0.0
763,3,10,150,29,0.026274102232318276
764,3,10,150,29,0.0
765,3,10,150,29,0.0
766,3,10,150,29,0.05407114979617319
767,3,10,150,29,0.1269544353559099
768,3,10,150,29,0.05059568297461706
769,3,10,150,29,0.0
770,3,10,150,29,0.18348359547343202
771,3,10,150,29,0.02778871948897756
772,3,10,150,29,0.0
773,3,10,150,29,0.16808070066492503
774,3,10,150,29,0.0
775,3,10,150,29,0.0
776,3,10,150,29,0.0
777,3,10,150,29,0.0
778,3,10,150,29,0.08961728720334347
779,3,10,150,29,0.0
780,3,10,150,29,0.12311997034702767
781,3,10,150,29,0.12572447169101508
782,3,10,150,29,0.0
783,3,10,150,29,0.0
784,3,10,150,29,0.0
785,3,10,150,29,0.2848262604068979
786,3,10,150,29,0.13127906673826395
787,3,10,150,29,0.0
788,3,10,150,29,0.05258981876699247
789,3,10,150,29,0.14531023848228133
790,3,10,150,29,0.0983209941960829
791,3,10,150,29,0.0
792,3,10,150,29,0.059109628562248356
793,3,10,150,29,0.08021827351724287
794,3,10,150,29,0.08021827351724287
795,3,10,150,29,0.07041837375515932
796,3,10,150,29,0.11461552305380303
797,3,10,150,29,0.13905617951077562
798,3,10,150,29,0.0
799,3,10,150,29,0.2836929289153804
800,3,10,150,29,0.0
801,3,10,150,29,0.0
802,3,10,150,29,0.05621908976192367
803,3,10,150,29,0.0
804,3,10,150,29,0.33823099957684016
805,3,10,150,29,0.19310866191838183
806,3,10,150,29,0.06379369995120096
807,3,10,150,29,0.1955333293557809
808,3,10,150,29,0.0
809,3,10,150,29,0.0
810,3,10,150,29,0.0
811,3,10,150,29,0.0
812,3,10,150,29,0.0
813,3,10,150,29,0.0
814,3,10,150,29,0.0
815,3,10,150,29,0.027499127219106426
816,3,10,150,29,0.10105367325027378
817,3,10,150,29,0.0
818,3,10,150,29,0.0
819,3,10,150,29,0.0
820,3,10,150,29,0.0
821,3,10,150,29,0.0
822,3,10,150,29,0.0
823,3,10,150,29,0.10148718580906937
824,3,10,150,29,0.0
825,3,10,150,29,0.16434089815347858
826,3,10,150,29,0.04455257454866284
827,3,10,150,29,0.0
828,3,10,150,29,0.0
829,3,10,150,29,0.0
830,3,10,150,29,0.05059568297461706
831,3,10,150,29,0.04522637401768292
832,3,10,150,29,0.0
833,3,10,150,29,0.06090366771094396
834,3,10,150,29,0.0
835,3,10,150,29,0.04191911005669532
836,3,10,150,29,0.0
837,3,10,150,29,0.05351287869030783
838,3,10,150,29,0.08633629724227374
839,3,10,150,29,0.0
840,3,10,150,29,0.07656878929530339
841,3,10,150,29,0.0
842,3,10,150,29,0.0
843,3,10,150,29,0.04209275315645388
844,3,10,150,29,0.0
845,3,10,150,29,0.0
846,3,10,150,29,0.11022938631806137
847,3,10,150,29,0.0
848,3,10,150,29,0.0
849,3,10,150,29,0.0
850,3,10,150,29,0.06228974831361337
851,3,10,150,29,0.19821654229071958
852,3,10,150,29,0.07256783117062009
853,3,10,150,29,0.0
854,3,10,150,29,0.0
855,3,10,150,29,0.0
856,3,10,150,29,0.0
857,3,10,150,29,0.0
858,3,10,150,29,0.0
859,3,10,150,29,0.0
860,3,10,150,29,0.0
861,3,10,150,29,0.12754356661958802
862,3,10,150,29,0.0559167101555819
863,3,10,150,29,0.0
864,3,10,150,29,0.1615328695620339
865,3,10,150,29,0.0
866,3,10,150,29,0.0
867,3,10,150,29,0.13120507751234178
868,3,10,150,29,0.0
870,3,10,150,29,0.0
871,3,10,150,29,0.0
872,3,10,150,29,0.0
875,3,10,150,29,0.1395953738647505
876,3,10,150,29,0.0
877,3,10,150,29,0.0
1,3,10,150,30,0.7436050723246855
2,3,10,150,30,0.06362078819895171
3,3,10,150,30,0.0
4,3,10,150,30,0.0
5,3,10,150,30,0.0583775815185038
6,3,10,150,30,0.0545757329129659
7,3,10,150,30,0.22966046510124163
8,3,10,150,30,0.0554835367217868
9,3,10,150,30,0.0
10,3,10,150,30,0.16409920264511527
11,3,10,150,30,0.0
12,3,10,150,30,0.0
13,3,10,150,30,0.22742014224317578
14,3,10,150,30,0.05601843521033356
15,3,10,150,30,0.0
16,3,10,150,30,0.08482101713976703
17,3,10,150,30,0.06166887310869151
18,3,10,150,30,0.12798252058295168
19,3,10,150,30,0.0
20,3,10,150,30,0.14530105135237878
21,3,10,150,30,0.03475017269886857
22,3,10,150,30,0.03393392567306744
23,3,10,150,30,0.16093766472693694
24,3,10,150,30,0.2641541177211491
25,3,10,150,30,0.0
26,3,10,150,30,0.0
28,3,10,150,30,0.0
29,3,10,150,30,0.0
30,3,10,150,30,0.0979129253499678
31,3,10,150,30,0.06076546216996844
32,3,10,150,30,0.0
33,3,10,150,30,0.0
34,3,10,150,30,0.0
35,3,10,150,30,0.0
37,3,10,150,30,0.0488929053971083
38,3,10,150,30,0.0
39,3,10,150,30,0.0
40,3,10,150,30,0.0
41,3,10,150,30,0.0
42,3,10,150,30,0.11676800180580715
43,3,10,150,30,0.243271743293579
44,3,10,150,30,0.04195229264874745
45,3,10,150,30,0.0
46,3,10,150,30,0.14434031438272124
47,3,10,150,30,0.0
48,3,10,150,30,0.0874717141014082
49,3,10,150,30,0.06558450189788582
50,3,10,150,30,0.0
51,3,10,150,30,0.18953836965473142
52,3,10,150,30,0.0
53,3,10,150,30,0.09546043308946733
54,3,10,150,30,0.07984133538066794
55,3,10,150,30,0.0
56,3,10,150,30,0.03975645576081676
57,3,10,150,30,0.0
58,3,10,150,30,0.05627401606456899
59,3,10,150,30,0.14242269465112362
60,3,10,150,30,0.08843513802339828
61,3,10,150,30,0.0
62,3,10,150,30,0.03806940785769845
63,3,10,150,30,0.0
64,3,10,150,30,0.0
65,3,10,150,30,0.2994759515353249
66,3,10,150,30,0.0
67,3,10,150,30,0.0
68,3,10,150,30,0.0
69,3,10,150,30,0.04340781395430378
70,3,10,150,30,0.0
71,3,10,150,30,0.07955752067133452
72,3,10,150,30,0.16084022171949366
73,3,10,150,30,0.051960280791503534
74,3,10,150,30,0.0
75,3,10,150,30,0.11731968150568911
76,3,10,150,30,0.10478238567212417
77,3,10,150,30,0.45287742747371695
78,3,10,150,30,0.0
79,3,10,150,30,0.0
80,3,10,150,30,0.08297572808511901
81,3,10,150,30,0.0
82,3,10,150,30,0.08926877557705373
83,3,10,150,30,0.04630610387058298
84,3,10,150,30,0.0
85,3,10,150,30,0.09267331060866632
86,3,10,150,30,0.0
87,3,10,150,30,0.05731092915974753
88,3,10,150,30,0.0
89,3,10,150,30,0.22860031301980846
90,3,10,150,30,0.18225843991554863
91,3,10,150,30,0.13114221140465185
92,3,10,150,30,0.05614225936208241
93,3,10,150,30,0.0
94,3,10,150,30,0.20640761502566232
95,3,10,150,30,0.061836172422412086
96,3,10,150,30,0.0
97,3,10,150,30,0.05502294157452004
98,3,10,150,30,0.0
99,3,10,150,30,0.0
100,3,10,150,30,0.0892789338684584
101,3,10,150,30,0.0
102,3,10,150,30,0.026001814664123827
103,3,10,150,30,0.0
104,3,10,150,30,0.12171451575741458
106,3,10,150,30,0.05261577455142312
107,3,10,150,30,0.0
108,3,10,150,30,0.0
109,3,10,150,30,0.0531934647244742
110,3,10,150,30,0.039667414566743345
111,3,10,150,30,0.0
112,3,10,150,30,0.0
113,3,10,150,30,0.0
114,3,10,150,30,0.0
115,3,10,150,30,0.046806851959664796
116,3,10,150,30,0.030283100877278122
117,3,10,150,30,0.0
118,3,10,150,30,0.0
119,3,10,150,30,0.034073291417269544
121,3,10,150,30,0.0
122,3,10,150,30,0.0
123,3,10,150,30,0.46927872602275644
124,3,10,150,30,0.10889376106823218
125,3,10,150,30,0.09097808601263767
126,3,10,150,30,0.0
127,3,10,150,30,0.0
128,3,10,150,30,0.027576277569513717
129,3,10,150,30,0.0
130,3,10,150,30,0.07307803266800637
131,3,10,150,30,0.2803335894048546
132,3,10,150,30,0.09109240322345806
133,3,10,150,30,0.0
134,3,10,150,30,0.0
135,3,10,150,30,0.0
136,3,10,150,30,0.33533883018167754
137,3,10,150,30,0.0
138,3,10,150,30,0.21222747957761057
139,3,10,150,30,0.0
140,3,10,150,30,0.0
141,3,10,150,30,0.15194751309721466
142,3,10,150,30,0.30260241349881345
143,3,10,150,30,0.0
144,3,10,150,30,0.19201969646868908
145,3,10,150,30,0.0
146,3,10,150,30,0.0
147,3,10,150,30,0.0
148,3,10,150,30,0.042512356679180144
149,3,10,150,30,0.05446824630887794
150,3,10,150,30,0.0
151,3,10,150,30,0.044987759487901124
152,3,10,150,30,0.0
153,3,10,150,30,0.06516188295518531
154,3,10,150,30,0.0
155,3,10,150,30,0.0
156,3,10,150,30,0.0
157,3,10,150,30,0.0
158,3,10,150,30,0.055805240881847164
159,3,10,150,30,0.11026617795298452
160,3,10,150,30,0.0
161,3,10,150,30,0.0
162,3,10,150,30,0.0
163,3,10,150,30,0.0
164,3,10,150,30,0.0
165,3,10,150,30,0.0
166,3,10,150,30,0.0
167,3,10,150,30,0.0
168,3,10,150,30,0.0
169,3,10,150,30,0.0
170,3,10,150,30,0.0
171,3,10,150,30,0.0
172,3,10,150,30,0.0
173,3,10,150,30,0.0
174,3,10,150,30,0.028767091820622218
175,3,10,150,30,0.4413254197204702
176,3,10,150,30,0.0347693136731627
177,3,10,150,30,0.0
178,3,10,150,30,0.16471705410408127
179,3,10,150,30,0.06599888514927177
180,3,10,150,30,0.0
181,3,10,150,30,0.05220198892741895
182,3,10,150,30,0.13120507751234178
183,3,10,150,30,0.0
184,3,10,150,30,0.0
185,3,10,150,30,0.0
186,3,10,150,30,0.0
187,3,10,150,30,0.14943466330084343
188,3,10,150,30,0.0
189,3,10,150,30,0.1808542218575964
190,3,10,150,30,0.0
191,3,10,150,30,0.0
192,3,10,150,30,0.0
193,3,10,150,30,0.0
194,3,10,150,30,0.03888053661057258
195,3,10,150,30,0.061734604266276284
196,3,10,150,30,0.17342765698823945
197,3,10,150,30,0.07304192939088519
198,3,10,150,30,0.10387325901274824
199,3,10,150,30,0.0
200,3,10,150,30,0.055179303887787655
201,3,10,150,30,0.24509446560020406
202,3,10,150,30,0.0
203,3,10,150,30,0.0
204,3,10,150,30,0.0
205,3,10,150,30,0.0
206,3,10,150,30,0.0
207,3,10,150,30,0.0
208,3,10,150,30,0.0
209,3,10,150,30,0.0
210,3,10,150,30,0.0
211,3,10,150,30,0.0
212,3,10,150,30,0.0559167101555819
213,3,10,150,30,0.051573320538546435
214,3,10,150,30,0.1257260924843343
215,3,10,150,30,0.157288596461893
216,3,10,150,30,0.25084019139208813
217,3,10,150,30,0.04972780777662495
218,3,10,150,30,0.06323567569191428
219,3,10,150,30,0.0
220,3,10,150,30,0.0
221,3,10,150,30,0.09964173287591703
222,3,10,150,30,0.20888077471350355
223,3,10,150,30,0.039270700903099615
224,3,10,150,30,0.0
225,3,10,150,30,0.0
226,3,10,150,30,0.0
227,3,10,150,30,0.0
229,3,10,150,30,0.0
230,3,10,150,30,0.0
231,3,10,150,30,0.0
232,3,10,150,30,0.0
233,3,10,150,30,0.12321456673952925
234,3,10,150,30,0.14070331533724764
235,3,10,150,30,0.04622440829742681
236,3,10,150,30,0.12127042983235181
237,3,10,150,30,0.0
238,3,10,150,30,0.0
239,3,10,150,30,0.07945424413307585
240,3,10,150,30,0.10235170428306553
241,3,10,150,30,0.1381300260171807
242,3,10,150,30,0.0
243,3,10,150,30,0.0
244,3,10,150,30,0.1353273480751756
245,3,10,150,30,0.0
246,3,10,150,30,0.08356426880363813
247,3,10,150,30,0.15642624200758548
248,3,10,150,30,0.1800221130349669
249,3,10,150,30,0.2191612092775145
250,3,10,150,30,0.07806699296748765
251,3,10,150,30,0.0
252,3,10,150,30,0.0
253,3,10,150,30,0.0
254,3,10,150,30,0.036502603141236205
255,3,10,150,30,0.04610512027589789
256,3,10,150,30,0.027736288621349494
257,3,10,150,30,0.12830873359117523
258,3,10,150,30,0.0
259,3,10,150,30,0.0
260,3,10,150,30,0.0
261,3,10,150,30,0.0
262,3,10,150,30,0.0
263,3,10,150,30,0.29196331077693755
264,3,10,150,30,0.22972462709034727
265,3,10,150,30,0.19802572813668026
266,3,10,150,30,0.0
267,3,10,150,30,0.14446252780184488
268,3,10,150,30,0.1545075329977622
269,3,10,150,30,0.02224452811799355
270,3,10,150,30,0.0
271,3,10,150,30,0.10422372704188082
272,3,10,150,30,0.0
273,3,10,150,30,0.0
274,3,10,150,30,0.0
275,3,10,150,30,0.0
276,3,10,150,30,0.26564706631877744
277,3,10,150,30,0.0
278,3,10,150,30,0.0
279,3,10,150,30,0.17202890992575043
280,3,10,150,30,0.08407262359080238
281,3,10,150,30,0.0
282,3,10,150,30,0.09659953929285248
283,3,10,150,30,0.0
284,3,10,150,30,0.0
285,3,10,150,30,0.0
286,3,10,150,30,0.0
287,3,10,150,30,0.0
288,3,10,150,30,0.09582711128539602
289,3,10,150,30,0.0
290,3,10,150,30,0.09647783930421741
291,3,10,150,30,0.21569022591346965
292,3,10,150,30,0.27665227928348557
293,3,10,150,30,0.03888053661057258
294,3,10,150,30,0.027616154831484434
295,3,10,150,30,0.09981690553366025
296,3,10,150,30,0.10235135297694252
297,3,10,150,30,0.030868393892711742
298,3,10,150,30,0.03719976603506465
299,3,10,150,30,0.07567755935838702
300,3,10,150,30,0.0
301,3,10,150,30,0.14553528776790906
302,3,10,150,30,0.0
303,3,10,150,30,0.25368501216127676
304,3,10,150,30,0.0
305,3,10,150,30,0.06237164731566085
306,3,10,150,30,0.0
307,3,10,150,30,0.10103677256052608
308,3,10,150,30,0.047008977610577894
309,3,10,150,30,0.0
310,3,10,150,30,0.2890648263178879
311,3,10,150,30,0.15557654226734
312,3,10,150,30,0.09774885223043435
313,3,10,150,30,0.10104658969313342
314,3,10,150,30,0.0843728393421543
315,3,10,150,30,0.09785159463516042
316,3,10,150,30,0.06076546216996844
317,3,10,150,30,0.0
318,3,10,150,30,0.028747338381158515
319,3,10,150,30,0.0
320,3,10,150,30,0.08947300054212491
321,3,10,150,30,0.08223795175588802
322,3,10,150,30,0.07955752067133452
323,3,10,150,30,0.12229181918924699
324,3,10,150,30,0.0
325,3,10,150,30,0.0
326,3,10,150,30,0.10817904857938596
327,3,10,150,30,0.0
328,3,10,150,30,0.14141663889969358
329,3,10,150,30,0.056720838976548935
330,3,10,150,30,0.2704009738666891
331,3,10,150,30,0.0
332,3,10,150,30,0.0238064031731478
333,3,10,150,30,0.0
334,3,10,150,30,0.1561604434365097
335,3,10,150,30,0.0
336,3,10,150,30,0.0
337,3,10,150,30,0.09992090652113537
338,3,10,150,30,0.0
339,3,10,150,30,0.145767359678607
340,3,10,150,30,0.12647135138382856
341,3,10,150,30,0.0
342,3,10,150,30,0.02224452811799355
343,3,10,150,30,0.3059811106310414
344,3,10,150,30,0.11667176041666796
345,3,10,150,30,0.13643933228241475
346,3,10,150,30,0.09046184534483605
347,3,10,150,30,0.053942918475641165
348,3,10,150,30,0.0
349,3,10,150,30,0.07123530534387781
350,3,10,150,30,0.0845667599404342
351,3,10,150,30,0.0
352,3,10,150,30,0.16282653392890226
353,3,10,150,30,0.049432410190049694
354,3,10,150,30,0.0
355,3,10,150,30,0.0
356,3,10,150,30,0.0
357,3,10,150,30,0.0
358,3,10,150,30,0.26730206653594746
359,3,10,150,30,0.0
360,3,10,150,30,0.10496459329418281
361,3,10,150,30,0.0
362,3,10,150,30,0.0
363,3,10,150,30,0.23924130730172366
364,3,10,150,30,0.0
365,3,10,150,30,0.0527075128660253
366,3,10,150,30,0.10684080426179023
367,3,10,150,30,0.1410054764628891
368,3,10,150,30,0.0
369,3,10,150,30,0.0
370,3,10,150,30,0.045683428159663184
371,3,10,150,30,0.09892739847751293
372,3,10,150,30,0.0734773909038217
373,3,10,150,30,0.1822611612187227
374,3,10,150,30,0.16317179883592908
375,3,10,150,30,0.0
376,3,10,150,30,0.0
377,3,10,150,30,0.0
378,3,10,150,30,0.09458283913676924
379,3,10,150,30,0.13778612612484403
380,3,10,150,30,0.0
381,3,10,150,30,0.028670652258138987
382,3,10,150,30,0.07847428227110642
383,3,10,150,30,0.0
384,3,10,150,30,0.0
385,3,10,150,30,0.15452289373032466
386,3,10,150,30,0.0
387,3,10,150,30,0.03285786528429744
388,3,10,150,30,0.0
389,3,10,150,30,0.1541141423911531
390,3,10,150,30,0.21398626473452756
391,3,10,150,30,0.2558645268575362
392,3,10,150,30,0.06327372362257774
393,3,10,150,30,0.17531986889298734
394,3,10,150,30,0.10116995285908433
395,3,10,150,30,0.09286934188709499
396,3,10,150,30,0.0
397,3,10,150,30,0.05774550520460572
398,3,10,150,30,0.06079605888219902
399,3,10,150,30,0.0
400,3,10,150,30,0.0
401,3,10,150,30,0.0
402,3,10,150,30,0.469779625693621
403,3,10,150,30,0.0
404,3,10,150,30,0.0
405,3,10,150,30,0.2855161462689084
406,3,10,150,30,0.23309185664822077
407,3,10,150,30,0.08339279955255516
408,3,10,150,30,0.12083071655728543
409,3,10,150,30,0.14574349510863308
410,3,10,150,30,0.0
411,3,10,150,30,0.07963818675918483
412,3,10,150,30,0.0
413,3,10,150,30,0.10122860821230018
414,3,10,150,30,0.0
415,3,10,150,30,0.07605458145297357
416,3,10,150,30,0.25466478788762037
417,3,10,150,30,0.10144024080179366
418,3,10,150,30,0.07001560573318603
419,3,10,150,30,0.2098021491169666
420,3,10,150,30,0.0527075128660253
421,3,10,150,30,0.1590989696709666
422,3,10,150,30,0.0
423,3,10,150,30,0.0
424,3,10,150,30,0.13291000263869587
425,3,10,150,30,0.0
426,3,10,150,30,0.10004388309532918
427,3,10,150,30,0.0
428,3,10,150,30,0.0
429,3,10,150,30,0.2262209580701283
430,3,10,150,30,0.062242588308449316
431,3,10,150,30,0.0
432,3,10,150,30,0.0
433,3,10,150,30,0.0
434,3,10,150,30,0.2247819585714142
435,3,10,150,30,0.3849157286581157
436,3,10,150,30,0.07870527217566549
437,3,10,150,30,0.04637406738069313
438,3,10,150,30,0.0
439,3,10,150,30,0.0
440,3,10,150,30,0.04258528250242427
441,3,10,150,30,0.0
442,3,10,150,30,0.058478916078390675
443,3,10,150,30,0.056720838976548935
444,3,10,150,30,0.19519002499605084
445,3,10,150,30,0.0
446,3,10,150,30,0.0
447,3,10,150,30,0.07454804035140399
448,3,10,150,30,0.0
449,3,10,150,30,0.0
450,3,10,150,30,0.4051355288221854
451,3,10,150,30,0.0
452,3,10,150,30,0.02728786645648295
453,3,10,150,30,0.14829318171871128
454,3,10,150,30,0.0
455,3,10,150,30,0.20595274970742455
456,3,10,150,30,0.16658655010166987
457,3,10,150,30,0.5361539781196456
458,3,10,150,30,0.1537337485650547
459,3,10,150,30,0.04901586605894737
460,3,10,150,30,0.0
461,3,10,150,30,0.10778915452451093
462,3,10,150,30,0.12801555899542102
463,3,10,150,30,0.1077474440460911
464,3,10,150,30,0.0
465,3,10,150,30,0.0733934381893728
466,3,10,150,30,0.0750834162528243
467,3,10,150,30,0.0
468,3,10,150,30,0.4180584187736684
469,3,10,150,30,0.050924439617225085
470,3,10,150,30,0.040162930685297936
471,3,10,150,30,0.0
472,3,10,150,30,0.3266427486373954
473,3,10,150,30,0.050005013043213774
474,3,10,150,30,0.42655082069557426
475,3,10,150,30,0.0
476,3,10,150,30,0.12097589732794561
477,3,10,150,30,0.0
478,3,10,150,30,0.2059565668593519
479,3,10,150,30,0.10960815482883611
480,3,10,150,30,0.0881980292211471
481,3,10,150,30,0.0
482,3,10,150,30,0.10209739512291163
483,3,10,150,30,0.06194403202282284
484,3,10,150,30,0.24163788003991502
485,3,10,150,30,0.0
486,3,10,150,30,0.057734897856107005
487,3,10,150,30,0.12232894749332204
488,3,10,150,30,0.06886690743551852
489,3,10,150,30,0.0
490,3,10,150,30,0.06490403551612171
491,3,10,150,30,0.17758207479178334
492,3,10,150,30,0.05821640931129437
493,3,10,150,30,0.1840986370344113
494,3,10,150,30,0.11299367690705851
495,3,10,150,30,0.0545757329129659
496,3,10,150,30,0.07743283311368386
497,3,10,150,30,0.042225550968526857
498,3,10,150,30,0.023504488805288947
499,3,10,150,30,0.06904110128663951
500,3,10,150,30,0.07148551972633883
501,3,10,150,30,0.0
502,3,10,150,30,0.0
503,3,10,150,30,0.31974210664086905
504,3,10,150,30,0.09955995836858525
505,3,10,150,30,0.025255271126572616
506,3,10,150,30,0.1076889080036531
507,3,10,150,30,0.0
508,3,10,150,30,0.12141398478586375
509,3,10,150,30,0.0
510,3,10,150,30,0.12427147932737166
511,3,10,150,30,0.0
512,3,10,150,30,0.0
513,3,10,150,30,0.0
514,3,10,150,30,0.31748519359716937
515,3,10,150,30,0.0
516,3,10,150,30,0.07947838320659593
517,3,10,150,30,0.0
518,3,10,150,30,0.027225028724417157
519,3,10,150,30,0.0
520,3,10,150,30,0.0
521,3,10,150,30,0.1091514658259318
522,3,10,150,30,0.16542389351858164
523,3,10,150,30,0.14958239437556436
524,3,10,150,30,0.05825581479862909
525,3,10,150,30,0.035769798946978335
526,3,10,150,30,0.03112959369469351
527,3,10,150,30,0.2043809784258901
528,3,10,150,30,0.044808643601671735
529,3,10,150,30,0.0
530,3,10,150,30,0.0
531,3,10,150,30,0.0
532,3,10,150,30,0.21052425314677717
533,3,10,150,30,0.2345444743986342
534,3,10,150,30,0.05167975836235349
535,3,10,150,30,0.34772954882336476
536,3,10,150,30,0.18657207344190388
537,3,10,150,30,0.34510715762805266
538,3,10,150,30,0.09944592215223559
539,3,10,150,30,0.0
540,3,10,150,30,0.0
541,3,10,150,30,0.07927920114983583
542,3,10,150,30,0.0545757329129659
543,3,10,150,30,0.0
544,3,10,150,30,0.0
545,3,10,150,30,0.2445268409231576
546,3,10,150,30,0.028335946945814334
547,3,10,150,30,0.0
548,3,10,150,30,0.08339279955255516
549,3,10,150,30,0.10184659627402569
550,3,10,150,30,0.0845667599404342
551,3,10,150,30,0.29530812401347
552,3,10,150,30,0.0
553,3,10,150,30,0.09570787878815254
554,3,10,150,30,0.0
555,3,10,150,30,0.037070343480771185
556,3,10,150,30,0.2436420788359897
557,3,10,150,30,0.044530079137671444
558,3,10,150,30,0.21398626473452756
559,3,10,150,30,0.02799764048929078
560,3,10,150,30,0.12203042219440315
561,3,10,150,30,0.12571424978624338
562,3,10,150,30,0.0
563,3,10,150,30,0.10791970824616881
564,3,10,150,30,0.0
565,3,10,150,30,0.14337418847532693
566,3,10,150,30,0.10525072937749579
567,3,10,150,30,0.4133954933923048
568,3,10,150,30,0.02548915132906805
569,3,10,150,30,0.023835426911994775
570,3,10,150,30,0.0
571,3,10,150,30,0.0512644431393966
572,3,10,150,30,0.30260241349881345
573,3,10,150,30,0.0
574,3,10,150,30,0.0
575,3,10,150,30,0.07945707943276742
576,3,10,150,30,0.0
577,3,10,150,30,0.2375320248663881
578,3,10,150,30,0.0
579,3,10,150,30,0.06152644703210656
580,3,10,150,30,0.0
581,3,10,150,30,0.0
582,3,10,150,30,0.06679511870650716
583,3,10,150,30,0.0874717141014082
584,3,10,150,30,0.20261715588288354
585,3,10,150,30,0.042225550968526857
586,3,10,150,30,0.11553954129685867
587,3,10,150,30,0.0
588,3,10,150,30,0.22017397691589052
589,3,10,150,30,0.0
590,3,10,150,30,0.1076424320455391
591,3,10,150,30,0.07067648942398687
592,3,10,150,30,0.31626640752109525
593,3,10,150,30,0.1525954632057449
594,3,10,150,30,0.0
595,3,10,150,30,0.048208005925305435
596,3,10,150,30,0.09803928583135704
597,3,10,150,30,0.0
598,3,10,150,30,0.0
599,3,10,150,30,0.0
600,3,10,150,30,0.1559817204807143
601,3,10,150,30,0.21087623854574777
602,3,10,150,30,0.041278922835426404
603,3,10,150,30,0.12541207695631323
604,3,10,150,30,0.0
605,3,10,150,30,0.17814170962015533
606,3,10,150,30,0.39180927498257045
607,3,10,150,30,0.0
608,3,10,150,30,0.2885313971861757
609,3,10,150,30,0.0
610,3,10,150,30,0.08443863559321411
611,3,10,150,30,0.0
612,3,10,150,30,0.09162544430476362
613,3,10,150,30,0.12468575026986017
614,3,10,150,30,0.1467868763787456
615,3,10,150,30,0.09852680025373511
616,3,10,150,30,0.0
617,3,10,150,30,0.022955635811839507
618,3,10,150,30,0.1091514658259318
619,3,10,150,30,0.11548171711589918
620,3,10,150,30,0.1829288663057745
621,3,10,150,30,0.0754958723817884
622,3,10,150,30,0.30239808566810744
623,3,10,150,30,0.04214302778527282
624,3,10,150,30,0.029496890677836472
625,3,10,150,30,0.08612758242428176
626,3,10,150,30,0.0
627,3,10,150,30,0.1875459435915798
628,3,10,150,30,0.0
629,3,10,150,30,0.290511477378741
630,3,10,150,30,0.09233136346532632
631,3,10,150,30,0.0
632,3,10,150,30,0.02728786645648295
633,3,10,150,30,0.026481122388885493
634,3,10,150,30,0.08407262359080238
635,3,10,150,30,0.0
636,3,10,150,30,0.30260241349881345
637,3,10,150,30,0.0
638,3,10,150,30,0.05152901435389809
639,3,10,150,30,0.0
640,3,10,150,30,0.191894610899052
641,3,10,150,30,0.051358492238643604
642,3,10,150,30,0.3910932181985
643,3,10,150,30,0.3773171919082531
644,3,10,150,30,0.0
645,3,10,150,30,0.12987365896781417
646,3,10,150,30,0.11243817952384734
647,3,10,150,30,0.06590268968688952
648,3,10,150,30,0.1944052736836424
649,3,10,150,30,0.0
650,3,10,150,30,0.18344830989299266
651,3,10,150,30,0.0
652,3,10,150,30,0.0
653,3,10,150,30,0.18901830872080716
654,3,10,150,30,0.09784248216059072
655,3,10,150,30,0.4447408942490935
656,3,10,150,30,0.0
657,3,10,150,30,0.2504953915210566
658,3,10,150,30,0.06748082209509947
659,3,10,150,30,0.11265793709041527
660,3,10,150,30,0.0
661,3,10,150,30,0.1340926101371159
662,3,10,150,30,0.0
663,3,10,150,30,0.162323176959057
664,3,10,150,30,0.43229686979980253
665,3,10,150,30,0.0545757329129659
666,3,10,150,30,0.20869415396617247
667,3,10,150,30,0.027785635271073788
668,3,10,150,30,0.0
669,3,10,150,30,0.21690984159978494
670,3,10,150,30,0.0
671,3,10,150,30,0.2088280613187034
672,3,10,150,30,0.048159222084064895
673,3,10,150,30,0.0
674,3,10,150,30,0.0
675,3,10,150,30,0.0382580635535654
676,3,10,150,30,0.2377697069261038
677,3,10,150,30,0.0382580635535654
678,3,10,150,30,0.0
679,3,10,150,30,0.0675463635382806
680,3,10,150,30,0.0
681,3,10,150,30,0.0
682,3,10,150,30,0.4280669163383992
683,3,10,150,30,0.027938193597901582
684,3,10,150,30,0.03888053661057258
685,3,10,150,30,0.046287481291184845
686,3,10,150,30,0.09393687492717738
687,3,10,150,30,0.0
688,3,10,150,30,0.0
689,3,10,150,30,0.37279254620421465
690,3,10,150,30,0.29118356611634305
691,3,10,150,30,0.5575827236098854
692,3,10,150,30,0.0
693,3,10,150,30,0.07429684406706086
694,3,10,150,30,0.2780828914013702
695,3,10,150,30,0.0
696,3,10,150,30,0.043134162606390795
697,3,10,150,30,0.0
698,3,10,150,30,0.0
699,3,10,150,30,0.05065242436500476
700,3,10,150,30,0.0
701,3,10,150,30,0.0906790485156717
702,3,10,150,30,0.0
703,3,10,150,30,0.18736549607389827
704,3,10,150,30,0.10416366310361361
705,3,10,150,30,0.226090458225709
706,3,10,150,30,0.0
707,3,10,150,30,0.3219261117595146
708,3,10,150,30,0.02203212367606162
709,3,10,150,30,0.1413586860752664
710,3,10,150,30,0.25040922491354684
711,3,10,150,30,0.1720701812590256
712,3,10,150,30,0.08175247858666754
713,3,10,150,30,0.0
714,3,10,150,30,0.09998274523051486
715,3,10,150,30,0.22621369830272842
716,3,10,150,30,0.317097583437778
717,3,10,150,30,0.06840143321777067
718,3,10,150,30,0.0
719,3,10,150,30,0.10353175087921149
720,3,10,150,30,0.0
721,3,10,150,30,0.11174377336271883
722,3,10,150,30,0.04173963774222741
723,3,10,150,30,0.0
724,3,10,150,30,0.0
725,3,10,150,30,0.0
726,3,10,150,30,0.061080020762274374
727,3,10,150,30,0.09968871862589876
728,3,10,150,30,0.0
729,3,10,150,30,0.0
730,3,10,150,30,0.0
731,3,10,150,30,0.10385169364861045
732,3,10,150,30,0.05717828980196049
733,3,10,150,30,0.022955635811839507
734,3,10,150,30,0.08131766139183766
735,3,10,150,30,0.08151055815578559
736,3,10,150,30,0.0
737,3,10,150,30,0.12127716502890909
738,3,10,150,30,0.1432570724072782
739,3,10,150,30,0.18767092572990207
740,3,10,150,30,0.0
741,3,10,150,30,0.05908892019155974
742,3,10,150,30,0.0527075128660253
743,3,10,150,30,0.049043960636177025
744,3,10,150,30,0.0
745,3,10,150,30,0.06774344219296054
746,3,10,150,30,0.24124954544361757
747,3,10,150,30,0.15579907509928353
748,3,10,150,30,0.042225550968526857
749,3,10,150,30,0.47078040448121333
750,3,10,150,30,0.03884210089598009
751,3,10,150,30,0.047432177927600454
752,3,10,150,30,0.0
753,3,10,150,30,0.04072612696308379
754,3,10,150,30,0.0
755,3,10,150,30,0.0
756,3,10,150,30,0.047008977610577894
757,3,10,150,30,0.06886690743551852
758,3,10,150,30,0.20845422262010146
759,3,10,150,30,0.0
760,3,10,150,30,0.1247347853608844
761,3,10,150,30,0.14753957727833325
762,3,10,150,30,0.0
763,3,10,150,30,0.025695227962458354
764,3,10,150,30,0.0
765,3,10,150,30,0.0
766,3,10,150,30,0.052879847536557056
767,3,10,150,30,0.1269544353559099
768,3,10,150,30,0.05059568297461706
769,3,10,150,30,0.0
770,3,10,150,30,0.18348359547343202
771,3,10,150,30,0.02778871948897756
772,3,10,150,30,0.0
773,3,10,150,30,0.16437752588031634
774,3,10,150,30,0.0
775,3,10,150,30,0.0
776,3,10,150,30,0.0
777,3,10,150,30,0.0
778,3,10,150,30,0.08961728720334347
779,3,10,150,30,0.0
780,3,10,150,30,0.12311997034702767
781,3,10,150,30,0.12572447169101508
782,3,10,150,30,0.0
783,3,10,150,30,0.0
784,3,10,150,30,0.0
785,3,10,150,30,0.2848262604068979
786,3,10,150,30,0.1283867101038086
787,3,10,150,30,0.0
788,3,10,150,30,0.051431153375816434
789,3,10,150,30,0.14531023848228133
790,3,10,150,30,0.09615477389200147
791,3,10,150,30,0.0
792,3,10,150,30,0.059109628562248356
793,3,10,150,30,0.08021827351724287
794,3,10,150,30,0.08021827351724287
795,3,10,150,30,0.06886690743551852
796,3,10,150,30,0.11209029967468516
797,3,10,150,30,0.13905617951077562
798,3,10,150,30,0.0
799,3,10,150,30,0.2836929289153804
800,3,10,150,30,0.0
801,3,10,150,30,0.0
802,3,10,150,30,0.05621908976192367
803,3,10,150,30,0.0
804,3,10,150,30,0.3528111760391469
805,3,10,150,30,0.1888540679960773
806,3,10,150,30,0.06379369995120096
807,3,10,150,30,0.19122531486062228
808,3,10,150,30,0.0
809,3,10,150,30,0.0
810,3,10,150,30,0.0
811,3,10,150,30,0.0
812,3,10,150,30,0.0
813,3,10,150,30,0.0
814,3,10,150,30,0.0
815,3,10,150,30,0.027499127219106426
816,3,10,150,30,0.10105367325027378
817,3,10,150,30,0.0
818,3,10,150,30,0.0
819,3,10,150,30,0.0
820,3,10,150,30,0.0
821,3,10,150,30,0.0
822,3,10,150,30,0.0
823,3,10,150,30,0.10148718580906937
824,3,10,150,30,0.0
825,3,10,150,30,0.16434089815347858
826,3,10,150,30,0.04455257454866284
827,3,10,150,30,0.0
828,3,10,150,30,0.0
829,3,10,150,30,0.0
830,3,10,150,30,0.05059568297461706
831,3,10,150,30,0.04522637401768292
832,3,10,150,30,0.0
833,3,10,150,30,0.059561830571610686
834,3,10,150,30,0.0
835,3,10,150,30,0.04191911005669532
836,3,10,150,30,0.0
837,3,10,150,30,0.05351287869030783
838,3,10,150,30,0.08633629724227374
839,3,10,150,30,0.0
840,3,10,150,30,0.07656878929530339
841,3,10,150,30,0.0
842,3,10,150,30,0.0
843,3,10,150,30,0.04209275315645388
844,3,10,150,30,0.0
845,3,10,150,30,0.0
846,3,10,150,30,0.10780079884596548
847,3,10,150,30,0.0
848,3,10,150,30,0.0
849,3,10,150,30,0.0
850,3,10,150,30,0.06228974831361337
851,3,10,150,30,0.19821654229071958
852,3,10,150,30,0.07256783117062009
853,3,10,150,30,0.0
854,3,10,150,30,0.0
855,3,10,150,30,0.0
856,3,10,150,30,0.0
857,3,10,150,30,0.0
858,3,10,150,30,0.0
859,3,10,150,30,0.0
860,3,10,150,30,0.0
861,3,10,150,30,0.12754356661958802
862,3,10,150,30,0.0559167101555819
863,3,10,150,30,0.0
864,3,10,150,30,0.1615328695620339
865,3,10,150,30,0.0
866,3,10,150,30,0.0
867,3,10,150,30,0.13120507751234178
868,3,10,150,30,0.0
870,3,10,150,30,0.0
871,3,10,150,30,0.0
872,3,10,150,30,0.0
875,3,10,150,30,0.1395953738647505
876,3,10,150,30,0.0
877,3,10,150,30,0.0
1,3,10,150,31,0.7277187584851493
2,3,10,150,31,0.06362078819895171
3,3,10,150,31,0.0
4,3,10,150,31,0.0
5,3,10,150,31,0.0583775815185038
6,3,10,150,31,0.05340978172012693
7,3,10,150,31,0.2247540189769216
8,3,10,150,31,0.0554835367217868
9,3,10,150,31,0.0
10,3,10,150,31,0.16409920264511527
11,3,10,150,31,0.0
12,3,10,150,31,0.0
13,3,10,150,31,0.22256155818078852
14,3,10,150,31,0.05601843521033356
15,3,10,150,31,0.0
16,3,10,150,31,0.1132290250664985
17,3,10,150,31,0.06166887310869151
18,3,10,150,31,0.12524831318762086
19,3,10,150,31,0.0
20,3,10,150,31,0.14530105135237878
21,3,10,150,31,0.03475017269886857
22,3,10,150,31,0.03393392567306744
23,3,10,150,31,0.16093766472693694
24,3,10,150,31,0.2641541177211491
25,3,10,150,31,0.0
26,3,10,150,31,0.0
28,3,10,150,31,0.0
29,3,10,150,31,0.0
30,3,10,150,31,0.0979129253499678
31,3,10,150,31,0.06076546216996844
32,3,10,150,31,0.0
33,3,10,150,31,0.0
34,3,10,150,31,0.0
35,3,10,150,31,0.0
37,3,10,150,31,0.0488929053971083
38,3,10,150,31,0.0
39,3,10,150,31,0.0
40,3,10,150,31,0.0
41,3,10,150,31,0.0
42,3,10,150,31,0.11676800180580715
43,3,10,150,31,0.2380745070103851
44,3,10,150,31,0.04195229264874745
45,3,10,150,31,0.0
46,3,10,150,31,0.14434031438272124
47,3,10,150,31,0.0
48,3,10,150,31,0.0874717141014082
49,3,10,150,31,0.06558450189788582
50,3,10,150,31,0.0
51,3,10,150,31,0.18953836965473142
52,3,10,150,31,0.0
53,3,10,150,31,0.09546043308946733
54,3,10,150,31,0.07984133538066794
55,3,10,150,31,0.0
56,3,10,150,31,0.03975645576081676
57,3,10,150,31,0.0
58,3,10,150,31,0.08223563027101768
59,3,10,150,31,0.16074390132585087
60,3,10,150,31,0.08654581745611069
61,3,10,150,31,0.0
62,3,10,150,31,0.03806940785769845
63,3,10,150,31,0.0
64,3,10,150,31,0.0
65,3,10,150,31,0.2994759515353249
66,3,10,150,31,0.0
67,3,10,150,31,0.0
68,3,10,150,31,0.0
69,3,10,150,31,0.04340781395430378
70,3,10,150,31,0.0
71,3,10,150,31,0.07955752067133452
72,3,10,150,31,0.16084022171949366
73,3,10,150,31,0.051960280791503534
74,3,10,150,31,0.0
75,3,10,150,31,0.11731968150568911
76,3,10,150,31,0.10478238567212417
77,3,10,150,31,0.45287742747371695
78,3,10,150,31,0.0
79,3,10,150,31,0.0
80,3,10,150,31,0.08297572808511901
81,3,10,150,31,0.0
82,3,10,150,31,0.08926877557705373
83,3,10,150,31,0.04630610387058298
84,3,10,150,31,0.0
85,3,10,150,31,0.09069344609231017
86,3,10,150,31,0.0
87,3,10,150,31,0.05731092915974753
88,3,10,150,31,0.0
89,3,10,150,31,0.22860031301980846
90,3,10,150,31,0.17836468651853252
91,3,10,150,31,0.13114221140465185
92,3,10,150,31,0.054942841034960985
93,3,10,150,31,0.0
94,3,10,150,31,0.2019979407601053
95,3,10,150,31,0.061836172422412086
96,3,10,150,31,0.06783204105472322
97,3,10,150,31,0.05502294157452004
98,3,10,150,31,0.0
99,3,10,150,31,0.0
100,3,10,150,31,0.0892789338684584
101,3,10,150,31,0.0
102,3,10,150,31,0.026001814664123827
103,3,10,150,31,0.0
104,3,10,150,31,0.12171451575741458
106,3,10,150,31,0.05261577455142312
107,3,10,150,31,0.0
108,3,10,150,31,0.0
109,3,10,150,31,0.05205704418852562
110,3,10,150,31,0.039667414566743345
111,3,10,150,31,0.0
112,3,10,150,31,0.0
113,3,10,150,31,0.0
114,3,10,150,31,0.0
115,3,10,150,31,0.046806851959664796
116,3,10,150,31,0.055538752771150446
117,3,10,150,31,0.0
118,3,10,150,31,0.0
119,3,10,150,31,0.034073291417269544
121,3,10,150,31,0.0
122,3,10,150,31,0.0
123,3,10,150,31,0.46927872602275644
124,3,10,150,31,0.10889376106823218
125,3,10,150,31,0.09097808601263767
126,3,10,150,31,0.0
127,3,10,150,31,0.0
128,3,10,150,31,0.027576277569513717
129,3,10,150,31,0.0
130,3,10,150,31,0.07151679995867256
131,3,10,150,31,0.2803335894048546
132,3,10,150,31,0.09109240322345806
133,3,10,150,31,0.0
134,3,10,150,31,0.0
135,3,10,150,31,0.0
136,3,10,150,31,0.33533883018167754
137,3,10,150,31,0.0
138,3,10,150,31,0.21222747957761057
139,3,10,150,31,0.0
140,3,10,150,31,0.0
141,3,10,150,31,0.15194751309721466
142,3,10,150,31,0.30260241349881345
143,3,10,150,31,0.0
144,3,10,150,31,0.19201969646868908
145,3,10,150,31,0.0
146,3,10,150,31,0.0
147,3,10,150,31,0.0
148,3,10,150,31,0.042512356679180144
149,3,10,150,31,0.05446824630887794
150,3,10,150,31,0.0
151,3,10,150,31,0.06539055761022136
152,3,10,150,31,0.0
153,3,10,150,31,0.06516188295518531
154,3,10,150,31,0.0
155,3,10,150,31,0.0
156,3,10,150,31,0.0
157,3,10,150,31,0.0
158,3,10,150,31,0.055805240881847164
159,3,10,150,31,0.11026617795298452
160,3,10,150,31,0.0
161,3,10,150,31,0.0
162,3,10,150,31,0.0
163,3,10,150,31,0.0
164,3,10,150,31,0.0
165,3,10,150,31,0.0
166,3,10,150,31,0.0
167,3,10,150,31,0.0
168,3,10,150,31,0.0
169,3,10,150,31,0.0
170,3,10,150,31,0.0
171,3,10,150,31,0.0
172,3,10,150,31,0.0
173,3,10,150,31,0.0
174,3,10,150,31,0.028767091820622218
175,3,10,150,31,0.4413254197204702
176,3,10,150,31,0.0347693136731627
177,3,10,150,31,0.0
178,3,10,150,31,0.16119805334196877
179,3,10,150,31,0.06599888514927177
180,3,10,150,31,0.0
181,3,10,150,31,0.051086750193830986
182,3,10,150,31,0.13120507751234178
183,3,10,150,31,0.0
184,3,10,150,31,0.0
185,3,10,150,31,0.0
186,3,10,150,31,0.0
187,3,10,150,31,0.14943466330084343
188,3,10,150,31,0.0
189,3,10,150,31,0.20544912668115797
190,3,10,150,31,0.0
191,3,10,150,31,0.0
192,3,10,150,31,0.0
193,3,10,150,31,0.0
194,3,10,150,31,0.03804989622115975
195,3,10,150,31,0.061734604266276284
196,3,10,150,31,0.17342765698823945
197,3,10,150,31,0.07304192939088519
198,3,10,150,31,0.10387325901274824
199,3,10,150,31,0.0
200,3,10,150,31,0.055179303887787655
201,3,10,150,31,0.23985828883679686
202,3,10,150,31,0.0
203,3,10,150,31,0.0
204,3,10,150,31,0.0
205,3,10,150,31,0.0
206,3,10,150,31,0.0
207,3,10,150,31,0.0
208,3,10,150,31,0.0
209,3,10,150,31,0.0
210,3,10,150,31,0.0
211,3,10,150,31,0.0
212,3,10,150,31,0.0559167101555819
213,3,10,150,31,0.051573320538546435
214,3,10,150,31,0.1257260924843343
215,3,10,150,31,0.157288596461893
216,3,10,150,31,0.25084019139208813
217,3,10,150,31,0.04972780777662495
218,3,10,150,31,0.06323567569191428
219,3,10,150,31,0.0
220,3,10,150,31,0.07807600999842033
221,3,10,150,31,0.09964173287591703
222,3,10,150,31,0.20441826408031188
223,3,10,150,31,0.039270700903099615
224,3,10,150,31,0.0
225,3,10,150,31,0.0
226,3,10,150,31,0.0
227,3,10,150,31,0.0
229,3,10,150,31,0.0
230,3,10,150,31,0.02671804748260287
231,3,10,150,31,0.0
232,3,10,150,31,0.0
233,3,10,150,31,0.12321456673952925
234,3,10,150,31,0.13769734199346342
235,3,10,150,31,0.04622440829742681
236,3,10,150,31,0.12127042983235181
237,3,10,150,31,0.0
238,3,10,150,31,0.0
239,3,10,150,31,0.07945424413307585
240,3,10,150,31,0.10235170428306553
241,3,10,150,31,0.1381300260171807
242,3,10,150,31,0.0
243,3,10,150,31,0.0
244,3,10,150,31,0.1324362264265921
245,3,10,150,31,0.0
246,3,10,150,31,0.08356426880363813
247,3,10,150,31,0.15642624200758548
248,3,10,150,31,0.1800221130349669
249,3,10,150,31,0.2191612092775145
250,3,10,150,31,0.07806699296748765
251,3,10,150,31,0.0
252,3,10,150,31,0.0
253,3,10,150,31,0.0
254,3,10,150,31,0.036502603141236205
255,3,10,150,31,0.04610512027589789
256,3,10,150,31,0.027736288621349494
257,3,10,150,31,0.12830873359117523
258,3,10,150,31,0.0
259,3,10,150,31,0.0
260,3,10,150,31,0.0
261,3,10,150,31,0.0
262,3,10,150,31,0.0
263,3,10,150,31,0.29196331077693755
264,3,10,150,31,0.22972462709034727
265,3,10,150,31,0.19802572813668026
266,3,10,150,31,0.0
267,3,10,150,31,0.14446252780184488
268,3,10,150,31,0.1512066475531519
269,3,10,150,31,0.021769297961493846
270,3,10,150,31,0.0
271,3,10,150,31,0.10199710043733484
272,3,10,150,31,0.0
273,3,10,150,31,0.0
274,3,10,150,31,0.0
275,3,10,150,31,0.0
276,3,10,150,31,0.28133571827615705
277,3,10,150,31,0.0
278,3,10,150,31,0.0
279,3,10,150,31,0.16835369931427616
280,3,10,150,31,0.08227650340095313
281,3,10,150,31,0.0
282,3,10,150,31,0.09659953929285248
283,3,10,150,31,0.0
284,3,10,150,31,0.0
285,3,10,150,31,0.0
286,3,10,150,31,0.0
287,3,10,150,31,0.0
288,3,10,150,31,0.09582711128539602
289,3,10,150,31,0.0
290,3,10,150,31,0.09647783930421741
291,3,10,150,31,0.21108223875938836
292,3,10,150,31,0.27665227928348557
293,3,10,150,31,0.03804989622115975
294,3,10,150,31,0.027616154831484434
295,3,10,150,31,0.09981690553366025
296,3,10,150,31,0.10235135297694252
297,3,10,150,31,0.030868393892711742
298,3,10,150,31,0.03719976603506465
299,3,10,150,31,0.07406079058780966
300,3,10,150,31,0.0
301,3,10,150,31,0.1637899972750559
302,3,10,150,31,0.0
303,3,10,150,31,0.24826530771119615
304,3,10,150,31,0.0
305,3,10,150,31,0.06103914488819918
306,3,10,150,31,0.0
307,3,10,150,31,0.10103677256052608
308,3,10,150,31,0.04600468191735098
309,3,10,150,31,0.0
310,3,10,150,31,0.2890648263178879
311,3,10,150,31,0.15557654226734
312,3,10,150,31,0.09774885223043435
313,3,10,150,31,0.09888783917350402
314,3,10,150,31,0.0843728393421543
315,3,10,150,31,0.09785159463516042
316,3,10,150,31,0.06076546216996844
317,3,10,150,31,0.0
318,3,10,150,31,0.028747338381158515
319,3,10,150,31,0.0
320,3,10,150,31,0.08947300054212491
321,3,10,150,31,0.08223795175588802
322,3,10,150,31,0.07955752067133452
323,3,10,150,31,0.12229181918924699
324,3,10,150,31,0.0
325,3,10,150,31,0.0
326,3,10,150,31,0.10817904857938596
327,3,10,150,31,0.0
328,3,10,150,31,0.13839542617360295
329,3,10,150,31,0.056720838976548935
330,3,10,150,31,0.2704009738666891
331,3,10,150,31,0.0
332,3,10,150,31,0.023297805254340137
333,3,10,150,31,0.0
334,3,10,150,31,0.15282424535760483
335,3,10,150,31,0.0
336,3,10,150,31,0.0
337,3,10,150,31,0.09992090652113537
338,3,10,150,31,0.0
339,3,10,150,31,0.145767359678607
340,3,10,150,31,0.12647135138382856
341,3,10,150,31,0.0
342,3,10,150,31,0.04313321064954462
343,3,10,150,31,0.32080806958737784
344,3,10,150,31,0.13554310780201587
345,3,10,150,31,0.1335244543003173
346,3,10,150,31,0.08852922637928903
347,3,10,150,31,0.053942918475641165
348,3,10,150,31,0.0
349,3,10,150,31,0.07123530534387781
350,3,10,150,31,0.0845667599404342
351,3,10,150,31,0.0
352,3,10,150,31,0.16282653392890226
353,3,10,150,31,0.049432410190049694
354,3,10,150,31,0.0
355,3,10,150,31,0.0
356,3,10,150,31,0.0
357,3,10,150,31,0.0
358,3,10,150,31,0.26730206653594746
359,3,10,150,31,0.0
360,3,10,150,31,0.10496459329418281
361,3,10,150,31,0.0
362,3,10,150,31,0.0
363,3,10,150,31,0.23413017690115454
364,3,10,150,31,0.0
365,3,10,150,31,0.0527075128660253
366,3,10,150,31,0.10684080426179023
367,3,10,150,31,0.1410054764628891
368,3,10,150,31,0.0
369,3,10,150,31,0.0
370,3,10,150,31,0.045683428159663184
371,3,10,150,31,0.09892739847751293
372,3,10,150,31,0.0734773909038217
373,3,10,150,31,0.17836734968402318
374,3,10,150,31,0.15968581077244612
375,3,10,150,31,0.0
376,3,10,150,31,0.0
377,3,10,150,31,0.0
378,3,10,150,31,0.09256217961966336
379,3,10,150,31,0.13484247535668814
380,3,10,150,31,0.0
381,3,10,150,31,0.05707866018487045
382,3,10,150,31,0.07847428227110642
383,3,10,150,31,0.0
384,3,10,150,31,0.0
385,3,10,150,31,0.15122168012036505
386,3,10,150,31,0.0
387,3,10,150,31,0.03215589271924798
388,3,10,150,31,0.0
389,3,10,150,31,0.15082166130911467
390,3,10,150,31,0.21398626473452756
391,3,10,150,31,0.2558645268575362
392,3,10,150,31,0.06327372362257774
393,3,10,150,31,0.17157435052147704
394,3,10,150,31,0.10116995285908433
395,3,10,150,31,0.09286934188709499
396,3,10,150,31,0.0
397,3,10,150,31,0.05774550520460572
398,3,10,150,31,0.05949721718846213
399,3,10,150,31,0.0
400,3,10,150,31,0.0
401,3,10,150,31,0.0
402,3,10,150,31,0.469779625693621
403,3,10,150,31,0.0
404,3,10,150,31,0.0
405,3,10,150,31,0.2794164042489908
406,3,10,150,31,0.22811210257449255
407,3,10,150,31,0.08161120306410226
408,3,10,150,31,0.12083071655728543
409,3,10,150,31,0.14262984380428087
410,3,10,150,31,0.0
411,3,10,150,31,0.07963818675918483
412,3,10,150,31,0.0
413,3,10,150,31,0.10122860821230018
414,3,10,150,31,0.0
415,3,10,150,31,0.07605458145297357
416,3,10,150,31,0.2492241515944683
417,3,10,150,31,0.09927308035424931
418,3,10,150,31,0.07001560573318603
419,3,10,150,31,0.2098021491169666
420,3,10,150,31,0.0527075128660253
421,3,10,150,31,0.1590989696709666
422,3,10,150,31,0.0
423,3,10,150,31,0.0
424,3,10,150,31,0.13291000263869587
425,3,10,150,31,0.0
426,3,10,150,31,0.10004388309532918
427,3,10,150,31,0.0
428,3,10,150,31,0.0
429,3,10,150,31,0.22138799327371092
430,3,10,150,31,0.062242588308449316
431,3,10,150,31,0.0
432,3,10,150,31,0.0
433,3,10,150,31,0.0
434,3,10,150,31,0.2247819585714142
435,3,10,150,31,0.3766924226388063
436,3,10,150,31,0.0770238196128153
437,3,10,150,31,0.04538333585418222
438,3,10,150,31,0.0
439,3,10,150,31,0.0
440,3,10,150,31,0.04258528250242427
441,3,10,150,31,0.0
442,3,10,150,31,0.058478916078390675
443,3,10,150,31,0.056720838976548935
444,3,10,150,31,0.19519002499605084
445,3,10,150,31,0.0
446,3,10,150,31,0.0
447,3,10,150,31,0.09914294517496557
448,3,10,150,31,0.0
449,3,10,150,31,0.0
450,3,10,150,31,0.39648024875760096
451,3,10,150,31,0.0
452,3,10,150,31,0.026704890860063463
453,3,10,150,31,0.1451250591322395
454,3,10,150,31,0.0
455,3,10,150,31,0.20155279314481117
456,3,10,150,31,0.1630276095902942
457,3,10,150,31,0.5460635440317972
458,3,10,150,31,0.15044939418350414
459,3,10,150,31,0.04901586605894737
460,3,10,150,31,0.0
461,3,10,150,31,0.10778915452451093
462,3,10,150,31,0.16728714615527887
463,3,10,150,31,0.10544553705912978
464,3,10,150,31,0.0
465,3,10,150,31,0.0733934381893728
466,3,10,150,31,0.0750834162528243
467,3,10,150,31,0.0
468,3,10,150,31,0.40912705521648324
469,3,10,150,31,0.050924439617225085
470,3,10,150,31,0.040162930685297936
471,3,10,150,31,0.0
472,3,10,150,31,0.31966438147532117
473,3,10,150,31,0.050005013043213774
474,3,10,150,31,0.4174380262052177
475,3,10,150,31,0.0
476,3,10,150,31,0.12097589732794561
477,3,10,150,31,0.0
478,3,10,150,31,0.2059565668593519
479,3,10,150,31,0.1072664957791745
480,3,10,150,31,0.0881980292211471
481,3,10,150,31,0.0
482,3,10,150,31,0.10209739512291163
483,3,10,150,31,0.06194403202282284
484,3,10,150,31,0.25783946215666737
485,3,10,150,31,0.0
486,3,10,150,31,0.05650145453925561
487,3,10,150,31,0.11971552253985357
488,3,10,150,31,0.06739564083797003
489,3,10,150,31,0.0
490,3,10,150,31,0.06490403551612171
491,3,10,150,31,0.17758207479178334
492,3,10,150,31,0.05821640931129437
493,3,10,150,31,0.18016556982681897
494,3,10,150,31,0.11299367690705851
495,3,10,150,31,0.05340978172012693
496,3,10,150,31,0.07577856482785471
497,3,10,150,31,0.04132344798443041
498,3,10,150,31,0.02300234095867549
499,3,10,150,31,0.06756611322686489
500,3,10,150,31,0.06995830932444541
501,3,10,150,31,0.0
502,3,10,150,31,0.0
503,3,10,150,31,0.3129111641919001
504,3,10,150,31,0.09743296811077283
505,3,10,150,31,0.025255271126572616
506,3,10,150,31,0.1267521642636423
507,3,10,150,31,0.0
508,3,10,150,31,0.12141398478586375
509,3,10,150,31,0.0
510,3,10,150,31,0.12427147932737166
511,3,10,150,31,0.0
512,3,10,150,31,0.0
513,3,10,150,31,0.0
514,3,10,150,31,0.3107024676414106
515,3,10,150,31,0.0
516,3,10,150,31,0.07947838320659593
517,3,10,150,31,0.0
518,3,10,150,31,0.027225028724417157
519,3,10,150,31,0.0
520,3,10,150,31,0.0
521,3,10,150,31,0.10681956344025385
522,3,10,150,31,0.16542389351858164
523,3,10,150,31,0.14958239437556436
524,3,10,150,31,0.057011242657699926
525,3,10,150,31,0.035769798946978335
526,3,10,150,31,0.03112959369469351
527,3,10,150,31,0.20001460104770102
528,3,10,150,31,0.044808643601671735
529,3,10,150,31,0.0
530,3,10,150,31,0.0
531,3,10,150,31,0.0
532,3,10,150,31,0.20602663138383234
533,3,10,150,31,0.22953368672611704
534,3,10,150,31,0.05167975836235349
535,3,10,150,31,0.3403006851032472
536,3,10,150,31,0.18258616395486246
537,3,10,150,31,0.33773431844446555
538,3,10,150,31,0.09944592215223559
539,3,10,150,31,0.0
540,3,10,150,31,0.0
541,3,10,150,31,0.07758548721849233
542,3,10,150,31,0.05340978172012693
543,3,10,150,31,0.0
544,3,10,150,31,0.0
545,3,10,150,31,0.23930279084379039
546,3,10,150,31,0.028335946945814334
547,3,10,150,31,0.0
548,3,10,150,31,0.08161120306410226
549,3,10,150,31,0.10184659627402569
550,3,10,150,31,0.0845667599404342
551,3,10,150,31,0.28899918703597416
552,3,10,150,31,0.0
553,3,10,150,31,0.09570787878815254
554,3,10,150,31,0.0
555,3,10,150,31,0.037070343480771185
556,3,10,150,31,0.2436420788359897
557,3,10,150,31,0.044530079137671444
558,3,10,150,31,0.21398626473452756
559,3,10,150,31,0.02799764048929078
560,3,10,150,31,0.11942337490935596
561,3,10,150,31,0.12302850153016627
562,3,10,150,31,0.023391566431356273
563,3,10,150,31,0.10791970824616881
564,3,10,150,31,0.0
565,3,10,150,31,0.14337418847532693
566,3,10,150,31,0.10300216198472131
567,3,10,150,31,0.4259276608538887
568,3,10,150,31,0.02548915132906805
569,3,10,150,31,0.023835426911994775
570,3,10,150,31,0.0
571,3,10,150,31,0.0512644431393966
572,3,10,150,31,0.30260241349881345
573,3,10,150,31,0.0
574,3,10,150,31,0.0
575,3,10,150,31,0.07945707943276742
576,3,10,150,31,0.0
577,3,10,150,31,0.2538213241145775
578,3,10,150,31,0.0
579,3,10,150,31,0.06152644703210656
580,3,10,150,31,0.0
581,3,10,150,31,0.0
582,3,10,150,31,0.06679511870650716
583,3,10,150,31,0.0874717141014082
584,3,10,150,31,0.20261715588288354
585,3,10,150,31,0.042225550968526857
586,3,10,150,31,0.11307116462457516
587,3,10,150,31,0.0
588,3,10,150,31,0.23683411198492932
589,3,10,150,31,0.0
590,3,10,150,31,0.1076424320455391
591,3,10,150,31,0.06916656307483487
592,3,10,150,31,0.3095097196046511
593,3,10,150,31,0.14933542705322472
594,3,10,150,31,0.0
595,3,10,150,31,0.04717809429585218
596,3,10,150,31,0.09803928583135704
597,3,10,150,31,0.0
598,3,10,150,31,0.0
599,3,10,150,31,0.0
600,3,10,150,31,0.15264934062343238
601,3,10,150,31,0.20637109699747186
602,3,10,150,31,0.041278922835426404
603,3,10,150,31,0.12541207695631323
604,3,10,150,31,0.0
605,3,10,150,31,0.17433590568973026
606,3,10,150,31,0.40480260852952515
607,3,10,150,31,0.0
608,3,10,150,31,0.28236723760892896
609,3,10,150,31,0.0
610,3,10,150,31,0.08443863559321411
611,3,10,150,31,0.0
612,3,10,150,31,0.09162544430476362
613,3,10,150,31,0.12468575026986017
614,3,10,150,31,0.1467868763787456
615,3,10,150,31,0.09642188229568131
616,3,10,150,31,0.0
617,3,10,150,31,0.022465213612656677
618,3,10,150,31,0.10681956344025385
619,3,10,150,31,0.11301457579436894
620,3,10,150,31,0.17902078997789383
621,3,10,150,31,0.09524689784396642
622,3,10,150,31,0.29593767936886034
623,3,10,150,31,0.04214302778527282
624,3,10,150,31,0.0288667216808262
625,3,10,150,31,0.0842875602733365
626,3,10,150,31,0.0
627,3,10,150,31,0.18353922842769121
628,3,10,150,31,0.0
629,3,10,150,31,0.28430501554114496
630,3,10,150,31,0.09035880427788442
631,3,10,150,31,0.06783204105472322
632,3,10,150,31,0.026704890860063463
633,3,10,150,31,0.026481122388885493
634,3,10,150,31,0.08227650340095313
635,3,10,150,31,0.0
636,3,10,150,31,0.30260241349881345
637,3,10,150,31,0.0
638,3,10,150,31,0.05152901435389809
639,3,10,150,31,0.0
640,3,10,150,31,0.18779499118649717
641,3,10,150,31,0.051358492238643604
642,3,10,150,31,0.38273793683201845
643,3,10,150,31,0.3692562203646247
644,3,10,150,31,0.0
645,3,10,150,31,0.12709904945714812
646,3,10,150,31,0.11243817952384734
647,3,10,150,31,0.06590268968688952
648,3,10,150,31,0.19025201639056846
649,3,10,150,31,0.0
650,3,10,150,31,0.1795291362176683
651,3,10,150,31,0.0
652,3,10,150,31,0.0
653,3,10,150,31,0.18498013807685282
654,3,10,150,31,0.0957521839145297
655,3,10,150,31,0.4352394886155503
656,3,10,150,31,0.0
657,3,10,150,31,0.2504953915210566
658,3,10,150,31,0.06603916770374188
659,3,10,150,31,0.11025112275879974
660,3,10,150,31,0.0
661,3,10,150,31,0.13122786732203373
662,3,10,150,31,0.0
663,3,10,150,31,0.1588553187792567
664,3,10,150,31,0.42306131721808193
665,3,10,150,31,0.05340978172012693
666,3,10,150,31,0.20423563028233258
667,3,10,150,31,0.027785635271073788
668,3,10,150,31,0.0
669,3,10,150,31,0.21227579868266822
670,3,10,150,31,0.0
671,3,10,150,31,0.20436667684987572
672,3,10,150,31,0.048159222084064895
673,3,10,150,31,0.0
674,3,10,150,31,0.0
675,3,10,150,31,0.0382580635535654
676,3,10,150,31,0.23269001566747113
677,3,10,150,31,0.0382580635535654
678,3,10,150,31,0.0
679,3,10,150,31,0.09280201543215293
680,3,10,150,31,0.0
681,3,10,150,31,0.0
682,3,10,150,31,0.4189217321131026
683,3,10,150,31,0.027341324469214154
684,3,10,150,31,0.03804989622115975
685,3,10,150,31,0.09030583455080088
686,3,10,150,31,0.09193001573304482
687,3,10,150,31,0.0
688,3,10,150,31,0.0
689,3,10,150,31,0.37279254620421465
690,3,10,150,31,0.28496274583363823
691,3,10,150,31,0.5575827236098854
692,3,10,150,31,0.0
693,3,10,150,31,0.07270957277741445
694,3,10,150,31,0.27214195278943065
695,3,10,150,31,0.0
696,3,10,150,31,0.043134162606390795
697,3,10,150,31,0.02136391268805077
698,3,10,150,31,0.0
699,3,10,150,31,0.0495702903934327
700,3,10,150,31,0.0
701,3,10,150,31,0.0906790485156717
702,3,10,150,31,0.0
703,3,10,150,31,0.21888235022994418
704,3,10,150,31,0.12330223238785123
705,3,10,150,31,0.22126028141657358
706,3,10,150,31,0.0
707,3,10,150,31,0.33641242310393143
708,3,10,150,31,0.021561431309513907
709,3,10,150,31,0.1597026241363076
710,3,10,150,31,0.25040922491354684
711,3,10,150,31,0.1683940889303907
712,3,10,150,31,0.10136983846016101
713,3,10,150,31,0.0
714,3,10,150,31,0.09998274523051486
715,3,10,150,31,0.2213808886033479
716,3,10,150,31,0.31032313835162145
717,3,10,150,31,0.06694011097076868
718,3,10,150,31,0.0
719,3,10,150,31,0.10353175087921149
720,3,10,150,31,0.0
721,3,10,150,31,0.10935648914516438
722,3,10,150,31,0.04173963774222741
723,3,10,150,31,0.0
724,3,10,150,31,0.0
725,3,10,150,31,0.0
726,3,10,150,31,0.061080020762274374
727,3,10,150,31,0.09755897754519141
728,3,10,150,31,0.0
729,3,10,150,31,0.0
730,3,10,150,31,0.0
731,3,10,150,31,0.10385169364861045
732,3,10,150,31,0.05717828980196049
733,3,10,150,31,0.022465213612656677
734,3,10,150,31,0.08131766139183766
735,3,10,150,31,0.08151055815578559
736,3,10,150,31,0.047009109882897075
737,3,10,150,31,0.12127716502890909
738,3,10,150,31,0.14019654082042335
739,3,10,150,31,0.18767092572990207
740,3,10,150,31,0.0
741,3,10,150,31,0.05908892019155974
742,3,10,150,31,0.0527075128660253
743,3,10,150,31,0.049043960636177025
744,3,10,150,31,0.0
745,3,10,150,31,0.06774344219296054
746,3,10,150,31,0.24124954544361757
747,3,10,150,31,0.1524705972619834
748,3,10,150,31,0.04132344798443041
749,3,10,150,31,0.4607226930246315
750,3,10,150,31,0.03884210089598009
751,3,10,150,31,0.04641884101975111
752,3,10,150,31,0.0
753,3,10,150,31,0.04072612696308379
754,3,10,150,31,0.0
755,3,10,150,31,0.0
756,3,10,150,31,0.04600468191735098
757,3,10,150,31,0.06739564083797003
758,3,10,150,31,0.20400082480859014
759,3,10,150,31,0.0
760,3,10,150,31,0.1247347853608844
761,3,10,150,31,0.14753957727833325
762,3,10,150,31,0.0
763,3,10,150,31,0.0465101900438196
764,3,10,150,31,0.0
765,3,10,150,31,0.0
766,3,10,150,31,0.051750127090828615
767,3,10,150,31,0.1269544353559099
768,3,10,150,31,0.05059568297461706
769,3,10,150,31,0.0
770,3,10,150,31,0.18348359547343202
771,3,10,150,31,0.02778871948897756
772,3,10,150,31,0.0
773,3,10,150,31,0.16086577876953145
774,3,10,150,31,0.0
775,3,10,150,31,0.0
776,3,10,150,31,0.0
777,3,10,150,31,0.0
778,3,10,150,31,0.08961728720334347
779,3,10,150,31,0.0
780,3,10,150,31,0.12311997034702767
781,3,10,150,31,0.12572447169101508
782,3,10,150,31,0.0
783,3,10,150,31,0.0
784,3,10,150,31,0.0
785,3,10,150,31,0.2848262604068979
786,3,10,150,31,0.12564386763884475
787,3,10,150,31,0.0
788,3,10,150,31,0.05033238270564975
789,3,10,150,31,0.14531023848228133
790,3,10,150,31,0.0941005316980335
791,3,10,150,31,0.0
792,3,10,150,31,0.059109628562248356
793,3,10,150,31,0.08021827351724287
794,3,10,150,31,0.08021827351724287
795,3,10,150,31,0.06886690743551852
796,3,10,150,31,0.10969561229925776
797,3,10,150,31,0.13905617951077562
798,3,10,150,31,0.0
799,3,10,150,31,0.2836929289153804
800,3,10,150,31,0.0
801,3,10,150,31,0.0
802,3,10,150,31,0.05621908976192367
803,3,10,150,31,0.0
804,3,10,150,31,0.34527374887887813
805,3,10,150,31,0.1848194061766259
806,3,10,150,31,0.06379369995120096
807,3,10,150,31,0.18713999393019493
808,3,10,150,31,0.0
809,3,10,150,31,0.0
810,3,10,150,31,0.0
811,3,10,150,31,0.0
812,3,10,150,31,0.0
813,3,10,150,31,0.0
814,3,10,150,31,0.0
815,3,10,150,31,0.027499127219106426
816,3,10,150,31,0.10105367325027378
817,3,10,150,31,0.0
818,3,10,150,31,0.0
819,3,10,150,31,0.0
820,3,10,150,31,0.12262943855309168
821,3,10,150,31,0.0
822,3,10,150,31,0.0
823,3,10,150,31,0.10148718580906937
824,3,10,150,31,0.0
825,3,10,150,31,0.16434089815347858
826,3,10,150,31,0.04455257454866284
827,3,10,150,31,0.0
828,3,10,150,31,0.0
829,3,10,150,31,0.0
830,3,10,150,31,0.05059568297461706
831,3,10,150,31,0.04522637401768292
832,3,10,150,31,0.0
833,3,10,150,31,0.05828935682373833
834,3,10,150,31,0.0
835,3,10,150,31,0.04191911005669532
836,3,10,150,31,0.0
837,3,10,150,31,0.05351287869030783
838,3,10,150,31,0.08633629724227374
839,3,10,150,31,0.0
840,3,10,150,31,0.07656878929530339
841,3,10,150,31,0.0
842,3,10,150,31,0.0
843,3,10,150,31,0.04209275315645388
844,3,10,150,31,0.0
845,3,10,150,31,0.0
846,3,10,150,31,0.10549775199171815
847,3,10,150,31,0.0
848,3,10,150,31,0.0
849,3,10,150,31,0.0
850,3,10,150,31,0.06228974831361337
851,3,10,150,31,0.19821654229071958
852,3,10,150,31,0.07256783117062009
853,3,10,150,31,0.0
854,3,10,150,31,0.0
855,3,10,150,31,0.0
856,3,10,150,31,0.0
857,3,10,150,31,0.0
858,3,10,150,31,0.0
859,3,10,150,31,0.0
860,3,10,150,31,0.0
861,3,10,150,31,0.12754356661958802
862,3,10,150,31,0.0559167101555819
863,3,10,150,31,0.0
864,3,10,150,31,0.1615328695620339
865,3,10,150,31,0.0
866,3,10,150,31,0.0
867,3,10,150,31,0.13120507751234178
868,3,10,150,31,0.0
870,3,10,150,31,0.0
871,3,10,150,31,0.0
872,3,10,150,31,0.0
875,3,10,150,31,0.1395953738647505
876,3,10,150,31,0.0
877,3,10,150,31,0.0
1,3,10,150,32,0.7126282177164285
2,3,10,150,32,0.06362078819895171
3,3,10,150,32,0.0
4,3,10,150,32,0.0
5,3,10,150,32,0.0583775815185038
6,3,10,150,32,0.05340978172012693
7,3,10,150,32,0.22009334526642754
8,3,10,150,32,0.0554835367217868
9,3,10,150,32,0.0
10,3,10,150,32,0.16409920264511527
11,3,10,150,32,0.0
12,3,10,150,32,0.0
13,3,10,150,32,0.2179463490383602
14,3,10,150,32,0.05601843521033356
15,3,10,150,32,0.0
16,3,10,150,32,0.1132290250664985
17,3,10,150,32,0.06166887310869151
18,3,10,150,32,0.1226510669928055
19,3,10,150,32,0.0
20,3,10,150,32,0.14530105135237878
21,3,10,150,32,0.03475017269886857
22,3,10,150,32,0.03393392567306744
23,3,10,150,32,0.16093766472693694
24,3,10,150,32,0.2641541177211491
25,3,10,150,32,0.0
26,3,10,150,32,0.0
28,3,10,150,32,0.0
29,3,10,150,32,0.0
30,3,10,150,32,0.0979129253499678
31,3,10,150,32,0.06076546216996844
32,3,10,150,32,0.0
33,3,10,150,32,0.0
34,3,10,150,32,0.0
35,3,10,150,32,0.0
37,3,10,150,32,0.0488929053971083
38,3,10,150,32,0.0
39,3,10,150,32,0.0
40,3,10,150,32,0.0
41,3,10,150,32,0.0
42,3,10,150,32,0.11676800180580715
43,3,10,150,32,0.23313760932547176
44,3,10,150,32,0.04195229264874745
45,3,10,150,32,0.0
46,3,10,150,32,0.14434031438272124
47,3,10,150,32,0.0
48,3,10,150,32,0.0874717141014082
49,3,10,150,32,0.06558450189788582
50,3,10,150,32,0.0
51,3,10,150,32,0.18953836965473142
52,3,10,150,32,0.0
53,3,10,150,32,0.09546043308946733
54,3,10,150,32,0.07984133538066794
55,3,10,150,32,0.0
56,3,10,150,32,0.03975645576081676
57,3,10,150,32,0.0
58,3,10,150,32,0.10796876451088402
59,3,10,150,32,0.15741059107653083
60,3,10,150,32,0.08475113623969902
61,3,10,150,32,0.0
62,3,10,150,32,0.03806940785769845
63,3,10,150,32,0.0
64,3,10,150,32,0.0
65,3,10,150,32,0.2994759515353249
66,3,10,150,32,0.0
67,3,10,150,32,0.0
68,3,10,150,32,0.0
69,3,10,150,32,0.04340781395430378
70,3,10,150,32,0.0
71,3,10,150,32,0.07955752067133452
72,3,10,150,32,0.16084022171949366
73,3,10,150,32,0.051960280791503534
74,3,10,150,32,0.0
75,3,10,150,32,0.11731968150568911
76,3,10,150,32,0.10478238567212417
77,3,10,150,32,0.45287742747371695
78,3,10,150,32,0.0
79,3,10,150,32,0.0
80,3,10,150,32,0.08297572808511901
81,3,10,150,32,0.0
82,3,10,150,32,0.08926877557705373
83,3,10,150,32,0.04630610387058298
84,3,10,150,32,0.0
85,3,10,150,32,0.0888127564306052
86,3,10,150,32,0.07738888769495082
87,3,10,150,32,0.05731092915974753
88,3,10,150,32,0.0
89,3,10,150,32,0.22860031301980846
90,3,10,150,32,0.17466597799656033
91,3,10,150,32,0.13114221140465185
92,3,10,150,32,0.053803503656447677
93,3,10,150,32,0.0
94,3,10,150,32,0.1978091547425737
95,3,10,150,32,0.061836172422412086
96,3,10,150,32,0.06783204105472322
97,3,10,150,32,0.05502294157452004
98,3,10,150,32,0.0
99,3,10,150,32,0.0
100,3,10,150,32,0.0892789338684584
101,3,10,150,32,0.0
102,3,10,150,32,0.026001814664123827
103,3,10,150,32,0.0
104,3,10,150,32,0.12171451575741458
106,3,10,150,32,0.05261577455142312
107,3,10,150,32,0.0
108,3,10,150,32,0.0
109,3,10,150,32,0.07171432477158048
110,3,10,150,32,0.039667414566743345
111,3,10,150,32,0.0
112,3,10,150,32,0.0
113,3,10,150,32,0.05449144662575446
114,3,10,150,32,0.0
115,3,10,150,32,0.046806851959664796
116,3,10,150,32,0.055538752771150446
117,3,10,150,32,0.0
118,3,10,150,32,0.0
119,3,10,150,32,0.034073291417269544
121,3,10,150,32,0.0
122,3,10,150,32,0.0
123,3,10,150,32,0.46927872602275644
124,3,10,150,32,0.10889376106823218
125,3,10,150,32,0.09097808601263767
126,3,10,150,32,0.0
127,3,10,150,32,0.0
128,3,10,150,32,0.027576277569513717
129,3,10,150,32,0.0
130,3,10,150,32,0.07003377210918937
131,3,10,150,32,0.2803335894048546
132,3,10,150,32,0.09109240322345806
133,3,10,150,32,0.0
134,3,10,150,32,0.0
135,3,10,150,32,0.0
136,3,10,150,32,0.40257390286801836
137,3,10,150,32,0.0
138,3,10,150,32,0.21222747957761057
139,3,10,150,32,0.0
140,3,10,150,32,0.0
141,3,10,150,32,0.15194751309721466
142,3,10,150,32,0.30260241349881345
143,3,10,150,32,0.0
144,3,10,150,32,0.19201969646868908
145,3,10,150,32,0.0
146,3,10,150,32,0.0
147,3,10,150,32,0.0
148,3,10,150,32,0.042512356679180144
149,3,10,150,32,0.05446824630887794
150,3,10,150,32,0.0
151,3,10,150,32,0.0640345682750549
152,3,10,150,32,0.0
153,3,10,150,32,0.06516188295518531
154,3,10,150,32,0.0
155,3,10,150,32,0.0
156,3,10,150,32,0.0
157,3,10,150,32,0.0
158,3,10,150,32,0.055805240881847164
159,3,10,150,32,0.11026617795298452
160,3,10,150,32,0.0
161,3,10,150,32,0.0
162,3,10,150,32,0.0
163,3,10,150,32,0.0
164,3,10,150,32,0.0
165,3,10,150,32,0.0
166,3,10,150,32,0.0
167,3,10,150,32,0.0
168,3,10,150,32,0.0
169,3,10,150,32,0.0
170,3,10,150,32,0.0
171,3,10,150,32,0.0
172,3,10,150,32,0.0
173,3,10,150,32,0.0
174,3,10,150,32,0.028767091820622218
175,3,10,150,32,0.4413254197204702
176,3,10,150,32,0.0347693136731627
177,3,10,150,32,0.0
178,3,10,150,32,0.15785532544409356
179,3,10,150,32,0.06599888514927177
180,3,10,150,32,0.0
181,3,10,150,32,0.05002737570670596
182,3,10,150,32,0.13120507751234178
183,3,10,150,32,0.0
184,3,10,150,32,0.0
185,3,10,150,32,0.0
186,3,10,150,32,0.0
187,3,10,150,32,0.14943466330084343
188,3,10,150,32,0.0
189,3,10,150,32,0.22982757951573698
190,3,10,150,32,0.0
191,3,10,150,32,0.0
192,3,10,150,32,0.0
193,3,10,150,32,0.0
194,3,10,150,32,0.03726086405251498
195,3,10,150,32,0.061734604266276284
196,3,10,150,32,0.17342765698823945
197,3,10,150,32,0.07304192939088519
198,3,10,150,32,0.10387325901274824
199,3,10,150,32,0.0
200,3,10,150,32,0.055179303887787655
201,3,10,150,32,0.23488440126800308
202,3,10,150,32,0.0
203,3,10,150,32,0.0
204,3,10,150,32,0.0
205,3,10,150,32,0.0
206,3,10,150,32,0.0
207,3,10,150,32,0.02073677583924604
208,3,10,150,32,0.0
209,3,10,150,32,0.0
210,3,10,150,32,0.0
211,3,10,150,32,0.0
212,3,10,150,32,0.0559167101555819
213,3,10,150,32,0.051573320538546435
214,3,10,150,32,0.1257260924843343
215,3,10,150,32,0.157288596461893
216,3,10,150,32,0.25084019139208813
217,3,10,150,32,0.04972780777662495
218,3,10,150,32,0.06323567569191428
219,3,10,150,32,0.0
220,3,10,150,32,0.07807600999842033
221,3,10,150,32,0.09964173287591703
222,3,10,150,32,0.20017928836063065
223,3,10,150,32,0.039270700903099615
224,3,10,150,32,0.0
225,3,10,150,32,0.0
226,3,10,150,32,0.0
227,3,10,150,32,0.0
229,3,10,150,32,0.0
230,3,10,150,32,0.02671804748260287
231,3,10,150,32,0.0
232,3,10,150,32,0.0
233,3,10,150,32,0.12321456673952925
234,3,10,150,32,0.134841943078885
235,3,10,150,32,0.04622440829742681
236,3,10,150,32,0.12127042983235181
237,3,10,150,32,0.0
238,3,10,150,32,0.0
239,3,10,150,32,0.07945424413307585
240,3,10,150,32,0.10235170428306553
241,3,10,150,32,0.1381300260171807
242,3,10,150,32,0.0
243,3,10,150,32,0.0
244,3,10,150,32,0.1324362264265921
245,3,10,150,32,0.0
246,3,10,150,32,0.08356426880363813
247,3,10,150,32,0.15642624200758548
248,3,10,150,32,0.23451355966072135
249,3,10,150,32,0.2191612092775145
250,3,10,150,32,0.07806699296748765
251,3,10,150,32,0.0
252,3,10,150,32,0.0
253,3,10,150,32,0.0
254,3,10,150,32,0.036502603141236205
255,3,10,150,32,0.04610512027589789
256,3,10,150,32,0.027736288621349494
257,3,10,150,32,0.12830873359117523
258,3,10,150,32,0.0
259,3,10,150,32,0.0
260,3,10,150,32,0.0
261,3,10,150,32,0.0
262,3,10,150,32,0.0
263,3,10,150,32,0.29196331077693755
264,3,10,150,32,0.22972462709034727
265,3,10,150,32,0.19802572813668026
266,3,10,150,32,0.0
267,3,10,150,32,0.14446252780184488
268,3,10,150,32,0.14807110919743832
269,3,10,150,32,0.021317872909488594
270,3,10,150,32,0.0
271,3,10,150,32,0.09988200942931277
272,3,10,150,32,0.0
273,3,10,150,32,0.0
274,3,10,150,32,0.0
275,3,10,150,32,0.0
276,3,10,150,32,0.2755017225506911
277,3,10,150,32,0.0
278,3,10,150,32,0.0
279,3,10,150,32,0.16486258638988818
280,3,10,150,32,0.08057035399309061
281,3,10,150,32,0.0
282,3,10,150,32,0.09659953929285248
283,3,10,150,32,0.0
284,3,10,150,32,0.0
285,3,10,150,32,0.0
286,3,10,150,32,0.0
287,3,10,150,32,0.0
288,3,10,150,32,0.09582711128539602
289,3,10,150,32,0.0
290,3,10,150,32,0.09647783930421741
291,3,10,150,32,0.20670507369058871
292,3,10,150,32,0.27665227928348557
293,3,10,150,32,0.03726086405251498
294,3,10,150,32,0.027616154831484434
295,3,10,150,32,0.09981690553366025
296,3,10,150,32,0.10235135297694252
297,3,10,150,32,0.030868393892711742
298,3,10,150,32,0.03719976603506465
299,3,10,150,32,0.07252500857491291
300,3,10,150,32,0.0
301,3,10,150,32,0.16039352081685235
302,3,10,150,32,0.0
303,3,10,150,32,0.24311708567652765
304,3,10,150,32,0.0
305,3,10,150,32,0.05977338982323333
306,3,10,150,32,0.0
307,3,10,150,32,0.10103677256052608
308,3,10,150,32,0.04505069314087506
309,3,10,150,32,0.0
310,3,10,150,32,0.2890648263178879
311,3,10,150,32,0.15557654226734
312,3,10,150,32,0.09774885223043435
313,3,10,150,32,0.09683722421933567
314,3,10,150,32,0.0843728393421543
315,3,10,150,32,0.09785159463516042
316,3,10,150,32,0.06076546216996844
317,3,10,150,32,0.0
318,3,10,150,32,0.028747338381158515
319,3,10,150,32,0.0
320,3,10,150,32,0.08947300054212491
321,3,10,150,32,0.08223795175588802
322,3,10,150,32,0.07955752067133452
323,3,10,150,32,0.12229181918924699
324,3,10,150,32,0.0
325,3,10,150,32,0.0
326,3,10,150,32,0.10817904857938596
327,3,10,150,32,0.0
328,3,10,150,32,0.135525551243864
329,3,10,150,32,0.056720838976548935
330,3,10,150,32,0.2704009738666891
331,3,10,150,32,0.0
332,3,10,150,32,0.022814683889234477
333,3,10,150,32,0.0
334,3,10,150,32,0.14965516323882225
335,3,10,150,32,0.0
336,3,10,150,32,0.0
337,3,10,150,32,0.09992090652113537
338,3,10,150,32,0.0
339,3,10,150,32,0.145767359678607
340,3,10,150,32,0.12647135138382856
341,3,10,150,32,0.0
342,3,10,150,32,0.04223876692907803
343,3,10,150,32,0.31415554456092315
344,3,10,150,32,0.1327323807589707
345,3,10,150,32,0.13075558762243397
346,3,10,150,32,0.08852922637928903
347,3,10,150,32,0.053942918475641165
348,3,10,150,32,0.0
349,3,10,150,32,0.07123530534387781
350,3,10,150,32,0.0845667599404342
351,3,10,150,32,0.0
352,3,10,150,32,0.16282653392890226
353,3,10,150,32,0.049432410190049694
354,3,10,150,32,0.0
355,3,10,150,32,0.0
356,3,10,150,32,0.0
357,3,10,150,32,0.0
358,3,10,150,32,0.26730206653594746
359,3,10,150,32,0.0
360,3,10,150,32,0.10496459329418281
361,3,10,150,32,0.0
362,3,10,150,32,0.0
363,3,10,150,32,0.22927507190555227
364,3,10,150,32,0.0
365,3,10,150,32,0.0527075128660253
366,3,10,150,32,0.10684080426179023
367,3,10,150,32,0.1410054764628891
368,3,10,150,32,0.0
369,3,10,150,32,0.0
370,3,10,150,32,0.045683428159663184
371,3,10,150,32,0.09892739847751293
372,3,10,150,32,0.0734773909038217
373,3,10,150,32,0.17466858593658519
374,3,10,150,32,0.17711121774899571
375,3,10,150,32,0.0
376,3,10,150,32,0.0
377,3,10,150,32,0.0
378,3,10,150,32,0.09064273844969838
379,3,10,150,32,0.13204627717160744
380,3,10,150,32,0.0
381,3,10,150,32,0.05707866018487045
382,3,10,150,32,0.07847428227110642
383,3,10,150,32,0.0
384,3,10,150,32,0.0
385,3,10,150,32,0.1480858300376749
386,3,10,150,32,0.0
387,3,10,150,32,0.03148908318001809
388,3,10,150,32,0.0
389,3,10,150,32,0.14769410632684488
390,3,10,150,32,0.21398626473452756
391,3,10,150,32,0.2558645268575362
392,3,10,150,32,0.06327372362257774
393,3,10,150,32,0.16801645167494897
394,3,10,150,32,0.10116995285908433
395,3,10,150,32,0.09286934188709499
396,3,10,150,32,0.0
397,3,10,150,32,0.05774550520460572
398,3,10,150,32,0.058263436732566065
399,3,10,150,32,0.0
400,3,10,150,32,0.0
401,3,10,150,32,0.0
402,3,10,150,32,0.469779625693621
403,3,10,150,32,0.0
404,3,10,150,32,0.0
405,3,10,150,32,0.2943589847475173
406,3,10,150,32,0.22338179303718622
407,3,10,150,32,0.07991884984019079
408,3,10,150,32,0.12083071655728543
409,3,10,150,32,0.13967216070532484
410,3,10,150,32,0.0
411,3,10,150,32,0.07963818675918483
412,3,10,150,32,0.0
413,3,10,150,32,0.10122860821230018
414,3,10,150,32,0.0
415,3,10,150,32,0.07605458145297357
416,3,10,150,32,0.24405604622912755
417,3,10,150,32,0.09721447674007179
418,3,10,150,32,0.07001560573318603
419,3,10,150,32,0.2098021491169666
420,3,10,150,32,0.0527075128660253
421,3,10,150,32,0.202729931306865
422,3,10,150,32,0.0
423,3,10,150,32,0.0
424,3,10,150,32,0.13291000263869587
425,3,10,150,32,0.0
426,3,10,150,32,0.10004388309532918
427,3,10,150,32,0.0
428,3,10,150,32,0.0
429,3,10,150,32,0.21679712008369348
430,3,10,150,32,0.062242588308449316
431,3,10,150,32,0.0
432,3,10,150,32,0.0
433,3,10,150,32,0.0
434,3,10,150,32,0.2247819585714142
435,3,10,150,32,0.36888103631020286
436,3,10,150,32,0.07542659393122184
437,3,10,150,32,0.06517900763098286
438,3,10,150,32,0.0
439,3,10,150,32,0.0
440,3,10,150,32,0.04258528250242427
441,3,10,150,32,0.0
442,3,10,150,32,0.058478916078390675
443,3,10,150,32,0.056720838976548935
444,3,10,150,32,0.19519002499605084
445,3,10,150,32,0.0
446,3,10,150,32,0.0
447,3,10,150,32,0.09914294517496557
448,3,10,150,32,0.0
449,3,10,150,32,0.0
450,3,10,150,32,0.3882585267144261
451,3,10,150,32,0.0
452,3,10,150,32,0.026151117524486796
453,3,10,150,32,0.14211563331235694
454,3,10,150,32,0.0
455,3,10,150,32,0.19737323805359333
456,3,10,150,32,0.15964694259461215
457,3,10,150,32,0.5554767225644717
458,3,10,150,32,0.14732955882117046
459,3,10,150,32,0.04901586605894737
460,3,10,150,32,0.0
461,3,10,150,32,0.10778915452451093
462,3,10,150,32,0.16728714615527887
463,3,10,150,32,0.1032589365938857
464,3,10,150,32,0.0
465,3,10,150,32,0.0733934381893728
466,3,10,150,32,0.0750834162528243
467,3,10,150,32,0.0
468,3,10,150,32,0.4006430791826882
469,3,10,150,32,0.050924439617225085
470,3,10,150,32,0.040162930685297936
471,3,10,150,32,0.0
472,3,10,150,32,0.31303557285287625
473,3,10,150,32,0.050005013043213774
474,3,10,150,32,0.4295184832682688
475,3,10,150,32,0.0
476,3,10,150,32,0.12097589732794561
477,3,10,150,32,0.0
478,3,10,150,32,0.2059565668593519
479,3,10,150,32,0.10504213450114035
480,3,10,150,32,0.0881980292211471
481,3,10,150,32,0.0
482,3,10,150,32,0.10209739512291163
483,3,10,150,32,0.06194403202282284
484,3,10,150,32,0.25249270302741283
485,3,10,150,32,0.0
486,3,10,150,32,0.05532979654188372
487,3,10,150,32,0.11723300858446643
488,3,10,150,32,0.06599807254137072
489,3,10,150,32,0.0
490,3,10,150,32,0.06490403551612171
491,3,10,150,32,0.17758207479178334
492,3,10,150,32,0.05821640931129437
493,3,10,150,32,0.17642951679137023
494,3,10,150,32,0.11299367690705851
495,3,10,150,32,0.07303901088821964
496,3,10,150,32,0.07420716171559971
497,3,10,150,32,0.040466532906672535
498,3,10,150,32,0.02252534657043753
499,3,10,150,32,0.06616500988255028
500,3,10,150,32,0.06850759954589175
501,3,10,150,32,0.0
502,3,10,150,32,0.0
503,3,10,150,32,0.3064223955224552
504,3,10,150,32,0.09541252249170734
505,3,10,150,32,0.025255271126572616
506,3,10,150,32,0.12412373304616788
507,3,10,150,32,0.0
508,3,10,150,32,0.14644736966448654
509,3,10,150,32,0.0
510,3,10,150,32,0.12427147932737166
511,3,10,150,32,0.12155021559723776
512,3,10,150,32,0.0
513,3,10,150,32,0.0
514,3,10,150,32,0.30425950021723003
515,3,10,150,32,0.0
516,3,10,150,32,0.07947838320659593
517,3,10,150,32,0.0
518,3,10,150,32,0.027225028724417157
519,3,10,150,32,0.0
520,3,10,150,32,0.0
521,3,10,150,32,0.10460447009794718
522,3,10,150,32,0.16542389351858164
523,3,10,150,32,0.14958239437556436
524,3,10,150,32,0.055829013298390344
525,3,10,150,32,0.035769798946978335
526,3,10,150,32,0.03112959369469351
527,3,10,150,32,0.19586694310119862
528,3,10,150,32,0.044808643601671735
529,3,10,150,32,0.0
530,3,10,150,32,0.0
531,3,10,150,32,0.0
532,3,10,150,32,0.20175430331191085
533,3,10,150,32,0.22477389811692186
534,3,10,150,32,0.05167975836235349
535,3,10,150,32,0.3332439460783193
536,3,10,150,32,0.17879991560158265
537,3,10,150,32,0.3307307975896622
538,3,10,150,32,0.09944592215223559
539,3,10,150,32,0.0
540,3,10,150,32,0.0
541,3,10,150,32,0.07597661436166378
542,3,10,150,32,0.05230223504897359
543,3,10,150,32,0.0
544,3,10,150,32,0.0
545,3,10,150,32,0.23434042251235673
546,3,10,150,32,0.028335946945814334
547,3,10,150,32,0.0
548,3,10,150,32,0.07991884984019079
549,3,10,150,32,0.10184659627402569
550,3,10,150,32,0.0845667599404342
551,3,10,150,32,0.28300627567668485
552,3,10,150,32,0.0
553,3,10,150,32,0.09570787878815254
554,3,10,150,32,0.0
555,3,10,150,32,0.037070343480771185
556,3,10,150,32,0.2436420788359897
557,3,10,150,32,0.044530079137671444
558,3,10,150,32,0.21398626473452756
559,3,10,150,32,0.02799764048929078
560,3,10,150,32,0.11942337490935596
561,3,10,150,32,0.12047728707209689
562,3,10,150,32,0.023391566431356273
563,3,10,150,32,0.10791970824616881
564,3,10,150,32,0.0
565,3,10,150,32,0.14337418847532693
566,3,10,150,32,0.10086622924068644
567,3,10,150,32,0.41709529442702725
568,3,10,150,32,0.02548915132906805
569,3,10,150,32,0.023835426911994775
570,3,10,150,32,0.0
571,3,10,150,32,0.0512644431393966
572,3,10,150,32,0.30260241349881345
573,3,10,150,32,0.0
574,3,10,150,32,0.0
575,3,10,150,32,0.07945707943276742
576,3,10,150,32,0.0
577,3,10,150,32,0.2485578882131929
578,3,10,150,32,0.0
579,3,10,150,32,0.06152644703210656
580,3,10,150,32,0.0
581,3,10,150,32,0.0
582,3,10,150,32,0.06679511870650716
583,3,10,150,32,0.0874717141014082
584,3,10,150,32,0.20261715588288354
585,3,10,150,32,0.042225550968526857
586,3,10,150,32,0.11072643322987287
587,3,10,150,32,0.0
588,3,10,150,32,0.252659711932857
589,3,10,150,32,0.0
590,3,10,150,32,0.1076424320455391
591,3,10,150,32,0.06773227156078095
592,3,10,150,32,0.3030914859291416
593,3,10,150,32,0.14623869177756393
594,3,10,150,32,0.0
595,3,10,150,32,0.04619977272991629
596,3,10,150,32,0.09803928583135704
597,3,10,150,32,0.0
598,3,10,150,32,0.0
599,3,10,150,32,0.0
600,3,10,150,32,0.14948388546491556
601,3,10,150,32,0.202091625819336
602,3,10,150,32,0.041278922835426404
603,3,10,150,32,0.12541207695631323
604,3,10,150,32,0.0
605,3,10,150,32,0.17072074109271038
606,3,10,150,32,0.4171450834165524
607,3,10,150,32,0.0
608,3,10,150,32,0.2765118514982855
609,3,10,150,32,0.0
610,3,10,150,32,0.08443863559321411
611,3,10,150,32,0.0
612,3,10,150,32,0.09162544430476362
613,3,10,150,32,0.12468575026986017
614,3,10,150,32,0.1467868763787456
615,3,10,150,32,0.09442240333651761
616,3,10,150,32,0.0
617,3,10,150,32,0.021999357513790237
618,3,10,150,32,0.10460447009794718
619,3,10,150,32,0.11067101786955363
620,3,10,150,32,0.17530847598555752
621,3,10,150,32,0.11400856011323857
622,3,10,150,32,0.28980088604940163
623,3,10,150,32,0.04214302778527282
624,3,10,150,32,0.028268118944117
625,3,10,150,32,0.0825397080299114
626,3,10,150,32,0.0
627,3,10,150,32,0.17973321659007802
628,3,10,150,32,0.0
629,3,10,150,32,0.2784094461638949
630,3,10,150,32,0.08848505400847163
631,3,10,150,32,0.06783204105472322
632,3,10,150,32,0.026151117524486796
633,3,10,150,32,0.026481122388885493
634,3,10,150,32,0.08057035399309061
635,3,10,150,32,0.0
636,3,10,150,32,0.30260241349881345
637,3,10,150,32,0.0
638,3,10,150,32,0.05152901435389809
639,3,10,150,32,0.0
640,3,10,150,32,0.1839007285505296
641,3,10,150,32,0.051358492238643604
642,3,10,150,32,0.3748011860307574
643,3,10,150,32,0.3823358127349223
644,3,10,150,32,0.0
645,3,10,150,32,0.124463424959174
646,3,10,150,32,0.11243817952384734
647,3,10,150,32,0.06590268968688952
648,3,10,150,32,0.18630680297371272
649,3,10,150,32,0.0
650,3,10,150,32,0.17580628076330906
651,3,10,150,32,0.0
652,3,10,150,32,0.0
653,3,10,150,32,0.18114424641884036
654,3,10,150,32,0.09376659234057584
655,3,10,150,32,0.44695080074298765
656,3,10,150,32,0.0
657,3,10,150,32,0.2504953915210566
658,3,10,150,32,0.06466972828645902
659,3,10,150,32,0.10796486994012532
660,3,10,150,32,0.0
661,3,10,150,32,0.1285066244535144
662,3,10,150,32,0.0
663,3,10,150,32,0.1555611716428593
664,3,10,150,32,0.41428838951667446
665,3,10,150,32,0.05230223504897359
666,3,10,150,32,0.2000004417987807
667,3,10,150,32,0.027785635271073788
668,3,10,150,32,0.0
669,3,10,150,32,0.2078738830292888
670,3,10,150,32,0.0
671,3,10,150,32,0.20012877088302825
672,3,10,150,32,0.048159222084064895
673,3,10,150,32,0.0
674,3,10,150,32,0.0
675,3,10,150,32,0.0382580635535654
676,3,10,150,32,0.22786477497254415
677,3,10,150,32,0.0720796116407523
678,3,10,150,32,0.0
679,3,10,150,32,0.09280201543215293
680,3,10,150,32,0.0
681,3,10,150,32,0.0
682,3,10,150,32,0.4102346460600845
683,3,10,150,32,0.02677435355254797
684,3,10,150,32,0.03726086405251498
685,3,10,150,32,0.09030583455080088
686,3,10,150,32,0.11076045944313635
687,3,10,150,32,0.0
688,3,10,150,32,0.0
689,3,10,150,32,0.37279254620421465
690,3,10,150,32,0.27905353725075005
691,3,10,150,32,0.5575827236098854
692,3,10,150,32,0.0
693,3,10,150,32,0.07120181066536187
694,3,10,150,32,0.2664986061179816
695,3,10,150,32,0.0
696,3,10,150,32,0.043134162606390795
697,3,10,150,32,0.02092089401958944
698,3,10,150,32,0.0
699,3,10,150,32,0.04854236239325776
700,3,10,150,32,0.0
701,3,10,150,32,0.0906790485156717
702,3,10,150,32,0.0
703,3,10,150,32,0.21888235022994418
704,3,10,150,32,0.12074534163434575
705,3,10,150,32,0.2166720565587096
706,3,10,150,32,0.0
707,3,10,150,32,0.35017308993573365
708,3,10,150,32,0.021114316741675215
709,3,10,150,32,0.15639090661865362
710,3,10,150,32,0.25040922491354684
711,3,10,150,32,0.16490213845558715
712,3,10,150,32,0.09926775484315208
713,3,10,150,32,0.0
714,3,10,150,32,0.09998274523051486
715,3,10,150,32,0.21679016274128718
716,3,10,150,32,0.30388803699389255
717,3,10,150,32,0.08628876473415965
718,3,10,150,32,0.0
719,3,10,150,32,0.10353175087921149
720,3,10,150,32,0.0
721,3,10,150,32,0.10708878814319417
722,3,10,150,32,0.04173963774222741
723,3,10,150,32,0.0
724,3,10,150,32,0.0
725,3,10,150,32,0.0
726,3,10,150,32,0.061080020762274374
727,3,10,150,32,0.09553591889673074
728,3,10,150,32,0.0
729,3,10,150,32,0.0
730,3,10,150,32,0.0
731,3,10,150,32,0.10385169364861045
732,3,10,150,32,0.05717828980196049
733,3,10,150,32,0.021999357513790237
734,3,10,150,32,0.08131766139183766
735,3,10,150,32,0.08151055815578559
736,3,10,150,32,0.047009109882897075
737,3,10,150,32,0.12127716502890909
738,3,10,150,32,0.13728931657999252
739,3,10,150,32,0.18767092572990207
740,3,10,150,32,0.0
741,3,10,150,32,0.05908892019155974
742,3,10,150,32,0.0527075128660253
743,3,10,150,32,0.049043960636177025
744,3,10,150,32,0.0
745,3,10,150,32,0.06774344219296054
746,3,10,150,32,0.24124954544361757
747,3,10,150,32,0.14930884866448568
748,3,10,150,32,0.04132344798443041
749,3,10,150,32,0.45116878981532593
750,3,10,150,32,0.07585898746492567
751,3,10,150,32,0.04545626391880694
752,3,10,150,32,0.0
753,3,10,150,32,0.04072612696308379
754,3,10,150,32,0.0
755,3,10,150,32,0.0
756,3,10,150,32,0.04505069314087506
757,3,10,150,32,0.06599807254137072
758,3,10,150,32,0.22050728127275915
759,3,10,150,32,0.0
760,3,10,150,32,0.1247347853608844
761,3,10,150,32,0.17663858756688974
762,3,10,150,32,0.0
763,3,10,150,32,0.06628249449788623
764,3,10,150,32,0.0
765,3,10,150,32,0.0
766,3,10,150,32,0.05067699630569361
767,3,10,150,32,0.1269544353559099
768,3,10,150,32,0.05059568297461706
769,3,10,150,32,0.0
770,3,10,150,32,0.18348359547343202
771,3,10,150,32,0.02778871948897756
772,3,10,150,32,0.0
773,3,10,150,32,0.15752994117498195
774,3,10,150,32,0.0
775,3,10,150,32,0.0
776,3,10,150,32,0.0
777,3,10,150,32,0.0
778,3,10,150,32,0.08961728720334347
779,3,10,150,32,0.0
780,3,10,150,32,0.12311997034702767
781,3,10,150,32,0.12572447169101508
782,3,10,150,32,0.0
783,3,10,150,32,0.0
784,3,10,150,32,0.0
785,3,10,150,32,0.2848262604068979
786,3,10,150,32,0.12303841892004212
787,3,10,150,32,0.0
788,3,10,150,32,0.04928865136802755
789,3,10,150,32,0.14531023848228133
790,3,10,150,32,0.09214919006585752
791,3,10,150,32,0.0
792,3,10,150,32,0.059109628562248356
793,3,10,150,32,0.08021827351724287
794,3,10,150,32,0.08021827351724287
795,3,10,150,32,0.06886690743551852
796,3,10,150,32,0.12815765481570526
797,3,10,150,32,0.13905617951077562
798,3,10,150,32,0.0
799,3,10,150,32,0.2836929289153804
800,3,10,150,32,0.0
801,3,10,150,32,0.0
802,3,10,150,32,0.05621908976192367
803,3,10,150,32,0.0
804,3,10,150,32,0.3381138845452007
805,3,10,150,32,0.18098684757999864
806,3,10,150,32,0.06379369995120096
807,3,10,150,32,0.18325931382550664
808,3,10,150,32,0.0
809,3,10,150,32,0.0
810,3,10,150,32,0.0
811,3,10,150,32,0.0
812,3,10,150,32,0.0
813,3,10,150,32,0.0
814,3,10,150,32,0.0
815,3,10,150,32,0.027499127219106426
816,3,10,150,32,0.10105367325027378
817,3,10,150,32,0.0
818,3,10,150,32,0.0
819,3,10,150,32,0.0
820,3,10,150,32,0.12262943855309168
821,3,10,150,32,0.0
822,3,10,150,32,0.0
823,3,10,150,32,0.10148718580906937
824,3,10,150,32,0.0
825,3,10,150,32,0.16434089815347858
826,3,10,150,32,0.04455257454866284
827,3,10,150,32,0.0
828,3,10,150,32,0.0
829,3,10,150,32,0.0
830,3,10,150,32,0.05059568297461706
831,3,10,150,32,0.04522637401768292
832,3,10,150,32,0.0
833,3,10,150,32,0.05828935682373833
834,3,10,150,32,0.0
835,3,10,150,32,0.04191911005669532
836,3,10,150,32,0.0
837,3,10,150,32,0.05351287869030783
838,3,10,150,32,0.08633629724227374
839,3,10,150,32,0.0
840,3,10,150,32,0.07656878929530339
841,3,10,150,32,0.0
842,3,10,150,32,0.0
843,3,10,150,32,0.04209275315645388
844,3,10,150,32,0.0
845,3,10,150,32,0.0
846,3,10,150,32,0.10331006875712154
847,3,10,150,32,0.0
848,3,10,150,32,0.0
849,3,10,150,32,0.0
850,3,10,150,32,0.06228974831361337
851,3,10,150,32,0.19821654229071958
852,3,10,150,32,0.07256783117062009
853,3,10,150,32,0.0
854,3,10,150,32,0.0
855,3,10,150,32,0.0
856,3,10,150,32,0.0
857,3,10,150,32,0.0
858,3,10,150,32,0.0
859,3,10,150,32,0.0
860,3,10,150,32,0.0
861,3,10,150,32,0.12754356661958802
862,3,10,150,32,0.0559167101555819
863,3,10,150,32,0.0
864,3,10,150,32,0.1615328695620339
865,3,10,150,32,0.0
866,3,10,150,32,0.0
867,3,10,150,32,0.13120507751234178
868,3,10,150,32,0.0
870,3,10,150,32,0.0
871,3,10,150,32,0.0
872,3,10,150,32,0.0
875,3,10,150,32,0.1395953738647505
876,3,10,150,32,0.0
877,3,10,150,32,0.0
1,3,10,150,33,0.6982709121152201
2,3,10,150,33,0.10688238502350729
3,3,10,150,33,0.0
4,3,10,150,33,0.0
5,3,10,150,33,0.0583775815185038
6,3,10,150,33,0.05340978172012693
7,3,10,150,33,0.21565912930328726
8,3,10,150,33,0.0554835367217868
9,3,10,150,33,0.0
10,3,10,150,33,0.16409920264511527
11,3,10,150,33,0.02551528631909195
12,3,10,150,33,0.0
13,3,10,150,33,0.21355538856273037
14,3,10,150,33,0.05601843521033356
15,3,10,150,33,0.0
16,3,10,150,33,0.1132290250664985
17,3,10,150,33,0.06166887310869151
18,3,10,150,33,0.1201800185451692
19,3,10,150,33,0.0
20,3,10,150,33,0.14530105135237878
21,3,10,150,33,0.03475017269886857
22,3,10,150,33,0.03393392567306744
23,3,10,150,33,0.16093766472693694
24,3,10,150,33,0.2641541177211491
25,3,10,150,33,0.0
26,3,10,150,33,0.0
28,3,10,150,33,0.0
29,3,10,150,33,0.0
30,3,10,150,33,0.0979129253499678
31,3,10,150,33,0.06076546216996844
32,3,10,150,33,0.0
33,3,10,150,33,0.0
34,3,10,150,33,0.0
35,3,10,150,33,0.0
37,3,10,150,33,0.0488929053971083
38,3,10,150,33,0.0
39,3,10,150,33,0.0
40,3,10,150,33,0.0
41,3,10,150,33,0.0
42,3,10,150,33,0.11676800180580715
43,3,10,150,33,0.23313760932547176
44,3,10,150,33,0.07698159974258616
45,3,10,150,33,0.0
46,3,10,150,33,0.14434031438272124
47,3,10,150,33,0.0
48,3,10,150,33,0.0874717141014082
49,3,10,150,33,0.06558450189788582
50,3,10,150,33,0.0
51,3,10,150,33,0.18953836965473142
52,3,10,150,33,0.0
53,3,10,150,33,0.09546043308946733
54,3,10,150,33,0.07984133538066794
55,3,10,150,33,0.0
56,3,10,150,33,0.03975645576081676
57,3,10,150,33,0.0
58,3,10,150,33,0.10796876451088402
59,3,10,150,33,0.17438622204301263
60,3,10,150,33,0.08304365689381771
61,3,10,150,33,0.0
62,3,10,150,33,0.03806940785769845
63,3,10,150,33,0.0
64,3,10,150,33,0.0
65,3,10,150,33,0.2994759515353249
66,3,10,150,33,0.0
67,3,10,150,33,0.0
68,3,10,150,33,0.0
69,3,10,150,33,0.04340781395430378
70,3,10,150,33,0.0
71,3,10,150,33,0.07955752067133452
72,3,10,150,33,0.16084022171949366
73,3,10,150,33,0.051960280791503534
74,3,10,150,33,0.0
75,3,10,150,33,0.11731968150568911
76,3,10,150,33,0.14804398249667974
77,3,10,150,33,0.45287742747371695
78,3,10,150,33,0.0
79,3,10,150,33,0.0
80,3,10,150,33,0.08297572808511901
81,3,10,150,33,0.0
82,3,10,150,33,0.08926877557705373
83,3,10,150,33,0.04630610387058298
84,3,10,150,33,0.0
85,3,10,150,33,0.08702344770880648
86,3,10,150,33,0.07738888769495082
87,3,10,150,33,0.05731092915974753
88,3,10,150,33,0.0
89,3,10,150,33,0.22860031301980846
90,3,10,150,33,0.17114698623916624
91,3,10,150,33,0.13114221140465185
92,3,10,150,33,0.052719525608417674
93,3,10,150,33,0.0
94,3,10,150,33,0.1938238978936989
95,3,10,150,33,0.061836172422412086
96,3,10,150,33,0.06783204105472322
97,3,10,150,33,0.05502294157452004
98,3,10,150,33,0.0
99,3,10,150,33,0.0
100,3,10,150,33,0.0892789338684584
101,3,10,150,33,0.0
102,3,10,150,33,0.026001814664123827
103,3,10,150,33,0.07673373981757839
104,3,10,150,33,0.12171451575741458
106,3,10,150,33,0.05261577455142312
107,3,10,150,33,0.0
108,3,10,150,33,0.0
109,3,10,150,33,0.07026949779008758
110,3,10,150,33,0.039667414566743345
111,3,10,150,33,0.0
112,3,10,150,33,0.0
113,3,10,150,33,0.05449144662575446
114,3,10,150,33,0.0
115,3,10,150,33,0.046806851959664796
116,3,10,150,33,0.055538752771150446
117,3,10,150,33,0.0
118,3,10,150,33,0.0
119,3,10,150,33,0.034073291417269544
121,3,10,150,33,0.0
122,3,10,150,33,0.0
123,3,10,150,33,0.46927872602275644
124,3,10,150,33,0.10889376106823218
125,3,10,150,33,0.09097808601263767
126,3,10,150,33,0.0
127,3,10,150,33,0.0
128,3,10,150,33,0.027576277569513717
129,3,10,150,33,0.0
130,3,10,150,33,0.0686228031865735
131,3,10,150,33,0.2803335894048546
132,3,10,150,33,0.09109240322345806
133,3,10,150,33,0.0
134,3,10,150,33,0.0
135,3,10,150,33,0.0
136,3,10,150,33,0.40257390286801836
137,3,10,150,33,0.0
138,3,10,150,33,0.21222747957761057
139,3,10,150,33,0.0
140,3,10,150,33,0.0
141,3,10,150,33,0.15194751309721466
142,3,10,150,33,0.30260241349881345
143,3,10,150,33,0.0
144,3,10,150,33,0.19201969646868908
145,3,10,150,33,0.0
146,3,10,150,33,0.0
147,3,10,150,33,0.0
148,3,10,150,33,0.042512356679180144
149,3,10,150,33,0.05446824630887794
150,3,10,150,33,0.0
151,3,10,150,33,0.06274446518495773
152,3,10,150,33,0.0
153,3,10,150,33,0.06516188295518531
154,3,10,150,33,0.0
155,3,10,150,33,0.0
156,3,10,150,33,0.0
157,3,10,150,33,0.0
158,3,10,150,33,0.055805240881847164
159,3,10,150,33,0.11026617795298452
160,3,10,150,33,0.0
161,3,10,150,33,0.0
162,3,10,150,33,0.0
163,3,10,150,33,0.0
164,3,10,150,33,0.0
165,3,10,150,33,0.0
166,3,10,150,33,0.0
167,3,10,150,33,0.0
168,3,10,150,33,0.0
169,3,10,150,33,0.0
170,3,10,150,33,0.0
171,3,10,150,33,0.0
172,3,10,150,33,0.0
173,3,10,150,33,0.0
174,3,10,150,33,0.028767091820622218
175,3,10,150,33,0.4413254197204702
176,3,10,150,33,0.0347693136731627
177,3,10,150,33,0.0
178,3,10,150,33,0.17482199635669632
179,3,10,150,33,0.06599888514927177
180,3,10,150,33,0.0
181,3,10,150,33,0.049019475228460424
182,3,10,150,33,0.13120507751234178
183,3,10,150,33,0.0
184,3,10,150,33,0.0
185,3,10,150,33,0.0
186,3,10,150,33,0.0
187,3,10,150,33,0.14943466330084343
188,3,10,150,33,0.0
189,3,10,150,33,0.22982757951573698
190,3,10,150,33,0.0
191,3,10,150,33,0.0
192,3,10,150,33,0.0
193,3,10,150,33,0.0
194,3,10,150,33,0.03651017021403452
195,3,10,150,33,0.061734604266276284
196,3,10,150,33,0.17342765698823945
197,3,10,150,33,0.07304192939088519
198,3,10,150,33,0.10387325901274824
199,3,10,150,33,0.0
200,3,10,150,33,0.055179303887787655
201,3,10,150,33,0.23015219021303263
202,3,10,150,33,0.0
203,3,10,150,33,0.0
204,3,10,150,33,0.0
205,3,10,150,33,0.0
206,3,10,150,33,0.0
207,3,10,150,33,0.020318992455840526
208,3,10,150,33,0.0
209,3,10,150,33,0.0
210,3,10,150,33,0.0
211,3,10,150,33,0.0
212,3,10,150,33,0.0559167101555819
213,3,10,150,33,0.051573320538546435
214,3,10,150,33,0.1257260924843343
215,3,10,150,33,0.157288596461893
216,3,10,150,33,0.25084019139208813
217,3,10,150,33,0.09048706939389563
218,3,10,150,33,0.06323567569191428
219,3,10,150,33,0.0
220,3,10,150,33,0.07807600999842033
221,3,10,150,33,0.09964173287591703
222,3,10,150,33,0.19614628047997776
223,3,10,150,33,0.039270700903099615
224,3,10,150,33,0.0
225,3,10,150,33,0.0
226,3,10,150,33,0.0
227,3,10,150,33,0.0
229,3,10,150,33,0.0
230,3,10,150,33,0.02671804748260287
231,3,10,150,33,0.0
232,3,10,150,33,0.0
233,3,10,150,33,0.15206723475089307
234,3,10,150,33,0.13212528530907625
235,3,10,150,33,0.04622440829742681
236,3,10,150,33,0.12127042983235181
237,3,10,150,33,0.0
238,3,10,150,33,0.0
239,3,10,150,33,0.07945424413307585
240,3,10,150,33,0.10235170428306553
241,3,10,150,33,0.1381300260171807
242,3,10,150,33,0.0
243,3,10,150,33,0.0
244,3,10,150,33,0.1324362264265921
245,3,10,150,33,0.0
246,3,10,150,33,0.08356426880363813
247,3,10,150,33,0.15642624200758548
248,3,10,150,33,0.23451355966072135
249,3,10,150,33,0.2191612092775145
250,3,10,150,33,0.07806699296748765
251,3,10,150,33,0.0
252,3,10,150,33,0.0
253,3,10,150,33,0.0
254,3,10,150,33,0.036502603141236205
255,3,10,150,33,0.04610512027589789
256,3,10,150,33,0.027736288621349494
257,3,10,150,33,0.12830873359117523
258,3,10,150,33,0.0
259,3,10,150,33,0.0
260,3,10,150,33,0.0
261,3,10,150,33,0.0
262,3,10,150,33,0.0
263,3,10,150,33,0.29196331077693755
264,3,10,150,33,0.22972462709034727
265,3,10,150,33,0.19802572813668026
266,3,10,150,33,0.0
267,3,10,150,33,0.16691148264178363
268,3,10,150,33,0.14508792369817497
269,3,10,150,33,0.020888382175722784
270,3,10,150,33,0.0
271,3,10,150,33,0.09786968870191483
272,3,10,150,33,0.0
273,3,10,150,33,0.0
274,3,10,150,33,0.0
275,3,10,150,33,0.0
276,3,10,150,33,0.26995119518454974
277,3,10,150,33,0.0
278,3,10,150,33,0.0
279,3,10,150,33,0.16154110335545252
280,3,10,150,33,0.07894710477853782
281,3,10,150,33,0.0
282,3,10,150,33,0.09659953929285248
283,3,10,150,33,0.0
284,3,10,150,33,0.0
285,3,10,150,33,0.0
286,3,10,150,33,0.0
287,3,10,150,33,0.0
288,3,10,150,33,0.09582711128539602
289,3,10,150,33,0.0
290,3,10,150,33,0.09647783930421741
291,3,10,150,33,0.2025405909511794
292,3,10,150,33,0.27665227928348557
293,3,10,150,33,0.03651017021403452
294,3,10,150,33,0.027616154831484434
295,3,10,150,33,0.09981690553366025
296,3,10,150,33,0.10235135297694252
297,3,10,150,33,0.030868393892711742
298,3,10,150,33,0.03719976603506465
299,3,10,150,33,0.07106384876401327
300,3,10,150,33,0.0
301,3,10,150,33,0.15716207595181378
302,3,10,150,33,0.0
303,3,10,150,33,0.23821901090323538
304,3,10,150,33,0.0
305,3,10,150,33,0.05856913660510745
306,3,10,150,33,0.0
307,3,10,150,33,0.10103677256052608
308,3,10,150,33,0.044143057780823704
309,3,10,150,33,0.0
310,3,10,150,33,0.2890648263178879
311,3,10,150,33,0.15557654226734
312,3,10,150,33,0.09774885223043435
313,3,10,150,33,0.09488624671504185
314,3,10,150,33,0.0843728393421543
315,3,10,150,33,0.09785159463516042
316,3,10,150,33,0.06076546216996844
317,3,10,150,33,0.0
318,3,10,150,33,0.052310015648999494
319,3,10,150,33,0.0
320,3,10,150,33,0.08947300054212491
321,3,10,150,33,0.08223795175588802
322,3,10,150,33,0.07955752067133452
323,3,10,150,33,0.12229181918924699
324,3,10,150,33,0.0
325,3,10,150,33,0.0
326,3,10,150,33,0.10817904857938596
327,3,10,150,33,0.0
328,3,10,150,33,0.1327951208348416
329,3,10,150,33,0.056720838976548935
330,3,10,150,33,0.2704009738666891
331,3,10,150,33,0.0
332,3,10,150,33,0.022814683889234477
333,3,10,150,33,0.0
334,3,10,150,33,0.14664006383635445
335,3,10,150,33,0.0
336,3,10,150,33,0.0
337,3,10,150,33,0.09992090652113537
338,3,10,150,33,0.0
339,3,10,150,33,0.145767359678607
340,3,10,150,33,0.12647135138382856
341,3,10,150,33,0.0
342,3,10,150,33,0.04223876692907803
343,3,10,150,33,0.307826259461845
344,3,10,150,33,0.13005822429651806
345,3,10,150,33,0.12812125756941342
346,3,10,150,33,0.08852922637928903
347,3,10,150,33,0.053942918475641165
348,3,10,150,33,0.0
349,3,10,150,33,0.07123530534387781
350,3,10,150,33,0.0845667599404342
351,3,10,150,33,0.0
352,3,10,150,33,0.16282653392890226
353,3,10,150,33,0.049432410190049694
354,3,10,150,33,0.0
355,3,10,150,33,0.0
356,3,10,150,33,0.0
357,3,10,150,33,0.0
358,3,10,150,33,0.26730206653594746
359,3,10,150,33,0.0
360,3,10,150,33,0.10496459329418281
361,3,10,150,33,0.0
362,3,10,150,33,0.0
363,3,10,150,33,0.22465587189038122
364,3,10,150,33,0.0
365,3,10,150,33,0.0989084497079971
366,3,10,150,33,0.10684080426179023
367,3,10,150,33,0.1410054764628891
368,3,10,150,33,0.0
369,3,10,150,33,0.0
370,3,10,150,33,0.045683428159663184
371,3,10,150,33,0.09892739847751293
372,3,10,150,33,0.0734773909038217
373,3,10,150,33,0.17114954163707868
374,3,10,150,33,0.17354296179812576
375,3,10,150,33,0.0
376,3,10,150,33,0.0
377,3,10,150,33,0.0
378,3,10,150,33,0.08881656111893967
379,3,10,150,33,0.12938594362359035
380,3,10,150,33,0.0
381,3,10,150,33,0.05707866018487045
382,3,10,150,33,0.07847428227110642
383,3,10,150,33,0.0
384,3,10,150,33,0.0
385,3,10,150,33,0.14510234795795526
386,3,10,150,33,0.0
387,3,10,150,33,0.03085467328846747
388,3,10,150,33,0.0
389,3,10,150,33,0.14471851629642643
390,3,10,150,33,0.21398626473452756
391,3,10,150,33,0.2558645268575362
392,3,10,150,33,0.06327372362257774
393,3,10,150,33,0.16463142778344794
394,3,10,150,33,0.10116995285908433
395,3,10,150,33,0.09286934188709499
396,3,10,150,33,0.0
397,3,10,150,33,0.05774550520460572
398,3,10,150,33,0.05708960450736082
399,3,10,150,33,0.0
400,3,10,150,33,0.0
401,3,10,150,33,0.0
402,3,10,150,33,0.469779625693621
403,3,10,150,33,0.0
404,3,10,150,33,0.0
405,3,10,150,33,0.30857551932874855
406,3,10,150,33,0.21888132478649314
407,3,10,150,33,0.07830872646600061
408,3,10,150,33,0.12083071655728543
409,3,10,150,33,0.1368581886433521
410,3,10,150,33,0.0
411,3,10,150,33,0.07963818675918483
412,3,10,150,33,0.0
413,3,10,150,33,0.10122860821230018
414,3,10,150,33,0.0
415,3,10,150,33,0.07605458145297357
416,3,10,150,33,0.23913905423747933
417,3,10,150,33,0.09525589873723697
418,3,10,150,33,0.07001560573318603
419,3,10,150,33,0.2098021491169666
420,3,10,150,33,0.0527075128660253
421,3,10,150,33,0.202729931306865
422,3,10,150,33,0.0
423,3,10,150,33,0.0
424,3,10,150,33,0.13291000263869587
425,3,10,150,33,0.0
426,3,10,150,33,0.10004388309532918
427,3,10,150,33,0.0
428,3,10,150,33,0.0
429,3,10,150,33,0.21242931309946028
430,3,10,150,33,0.062242588308449316
431,3,10,150,33,0.0
432,3,10,150,33,0.0
433,3,10,150,33,0.0
434,3,10,150,33,0.2247819585714142
435,3,10,150,33,0.36144919788852603
436,3,10,150,33,0.0739069759416354
437,3,10,150,33,0.06386584754543333
438,3,10,150,33,0.0
439,3,10,150,33,0.0
440,3,10,150,33,0.04258528250242427
441,3,10,150,33,0.0
442,3,10,150,33,0.058478916078390675
443,3,10,150,33,0.056720838976548935
444,3,10,150,33,0.19519002499605084
445,3,10,150,33,0.0
446,3,10,150,33,0.0
447,3,10,150,33,0.09914294517496557
448,3,10,150,33,0.0
449,3,10,150,33,0.0
450,3,10,150,33,0.3804362904041989
451,3,10,150,33,0.0
452,3,10,150,33,0.025624251513882684
453,3,10,150,33,0.13925243265954937
454,3,10,150,33,0.0
455,3,10,150,33,0.19339676360901398
456,3,10,150,33,0.15643053902519652
457,3,10,150,33,0.5644325236151848
458,3,10,150,33,0.14436131332162377
459,3,10,150,33,0.04901586605894737
460,3,10,150,33,0.0
461,3,10,150,33,0.10778915452451093
462,3,10,150,33,0.16728714615527887
463,3,10,150,33,0.1032589365938857
464,3,10,150,33,0.0
465,3,10,150,33,0.0733934381893728
466,3,10,150,33,0.0750834162528243
467,3,10,150,33,0.0
468,3,10,150,33,0.41271831036557344
469,3,10,150,33,0.050924439617225085
470,3,10,150,33,0.040162930685297936
471,3,10,150,33,0.0
472,3,10,150,33,0.30672885180006704
473,3,10,150,33,0.050005013043213774
474,3,10,150,33,0.44101196229693324
475,3,10,150,33,0.0
476,3,10,150,33,0.12097589732794561
477,3,10,150,33,0.0
478,3,10,150,33,0.2059565668593519
479,3,10,150,33,0.10292585284326719
480,3,10,150,33,0.0881980292211471
481,3,10,150,33,0.0
482,3,10,150,33,0.10209739512291163
483,3,10,150,33,0.06194403202282284
484,3,10,150,33,0.24740573789002862
485,3,10,150,33,0.0
486,3,10,150,33,0.05421506830343412
487,3,10,150,33,0.13501809645402285
488,3,10,150,33,0.0646684107724282
489,3,10,150,33,0.0
490,3,10,150,33,0.06490403551612171
491,3,10,150,33,0.17758207479178334
492,3,10,150,33,0.05821640931129437
493,3,10,150,33,0.17287499505524778
494,3,10,150,33,0.11299367690705851
495,3,10,150,33,0.0715674954836059
496,3,10,150,33,0.07271211160102074
497,3,10,150,33,0.039651254525717876
498,3,10,150,33,0.022071528890411852
499,3,10,150,33,0.06483198483053254
500,3,10,150,33,0.06712737838956791
501,3,10,150,33,0.0
502,3,10,150,33,0.0
503,3,10,150,33,0.3002489100131838
504,3,10,150,33,0.09349024842292956
505,3,10,150,33,0.025255271126572616
506,3,10,150,33,0.141769993636014
507,3,10,150,33,0.0
508,3,10,150,33,0.14644736966448654
509,3,10,150,33,0.0
510,3,10,150,33,0.12427147932737166
511,3,10,150,33,0.12155021559723776
512,3,10,150,33,0.0
513,3,10,150,33,0.0
514,3,10,150,33,0.2981295905138397
515,3,10,150,33,0.0
516,3,10,150,33,0.07947838320659593
517,3,10,150,33,0.03859643636257609
518,3,10,150,33,0.027225028724417157
519,3,10,150,33,0.0
520,3,10,150,33,0.0
521,3,10,150,33,0.10249700605553073
522,3,10,150,33,0.16542389351858164
523,3,10,150,33,0.14958239437556436
524,3,10,150,33,0.054704227350526186
525,3,10,150,33,0.035769798946978335
526,3,10,150,33,0.03112959369469351
527,3,10,150,33,0.19192081594910568
528,3,10,150,33,0.07272826563447823
529,3,10,150,33,0.0
530,3,10,150,33,0.0
531,3,10,150,33,0.0
532,3,10,150,33,0.19768956363841023
533,3,10,150,33,0.2202453831546871
534,3,10,150,33,0.05167975836235349
535,3,10,150,33,0.32653008735836764
536,3,10,150,33,0.1751976374908614
537,3,10,150,33,0.324067571219056
538,3,10,150,33,0.09944592215223559
539,3,10,150,33,0.0
540,3,10,150,33,0.0
541,3,10,150,33,0.07444591512212057
542,3,10,150,33,0.05124850302776537
543,3,10,150,33,0.0
544,3,10,150,33,0.0
545,3,10,150,33,0.22961917098584897
546,3,10,150,33,0.028335946945814334
547,3,10,150,33,0.0
548,3,10,150,33,0.07830872646600061
549,3,10,150,33,0.10184659627402569
550,3,10,150,33,0.0845667599404342
551,3,10,150,33,0.2974515330469938
552,3,10,150,33,0.0
553,3,10,150,33,0.09570787878815254
554,3,10,150,33,0.0
555,3,10,150,33,0.037070343480771185
556,3,10,150,33,0.2436420788359897
557,3,10,150,33,0.044530079137671444
558,3,10,150,33,0.21398626473452756
559,3,10,150,33,0.02799764048929078
560,3,10,150,33,0.11942337490935596
561,3,10,150,33,0.11805003372245909
562,3,10,150,33,0.023391566431356273
563,3,10,150,33,0.10791970824616881
564,3,10,150,33,0.0
565,3,10,150,33,0.14337418847532693
566,3,10,150,33,0.0988340794576051
567,3,10,150,33,0.4086920843687669
568,3,10,150,33,0.02548915132906805
569,3,10,150,33,0.023835426911994775
570,3,10,150,33,0.0
571,3,10,150,33,0.0512644431393966
572,3,10,150,33,0.30260241349881345
573,3,10,150,33,0.0
574,3,10,150,33,0.0
575,3,10,150,33,0.07945707943276742
576,3,10,150,33,0.0
577,3,10,150,33,0.24355019770648909
578,3,10,150,33,0.0
579,3,10,150,33,0.06152644703210656
580,3,10,150,33,0.0
581,3,10,150,33,0.0
582,3,10,150,33,0.06679511870650716
583,3,10,150,33,0.0874717141014082
584,3,10,150,33,0.20261715588288354
585,3,10,150,33,0.042225550968526857
586,3,10,150,33,0.10849563012596648
587,3,10,150,33,0.0
588,3,10,150,33,0.24756938207059384
589,3,10,150,33,0.0
590,3,10,150,33,0.1076424320455391
591,3,10,150,33,0.08651464973019597
592,3,10,150,33,0.29698510818486223
593,3,10,150,33,0.14329242395322853
594,3,10,150,33,0.0
595,3,10,150,33,0.04526898688773437
596,3,10,150,33,0.09803928583135704
597,3,10,150,33,0.0
598,3,10,150,33,0.0
599,3,10,150,33,0.0
600,3,10,150,33,0.14647223679212917
601,3,10,150,33,0.1980200901164264
602,3,10,150,33,0.041278922835426404
603,3,10,150,33,0.12541207695631323
604,3,10,150,33,0.0
605,3,10,150,33,0.16728123393961564
606,3,10,150,33,0.40874087026057515
607,3,10,150,33,0.0
608,3,10,150,33,0.2709409730856423
609,3,10,150,33,0.0
610,3,10,150,33,0.08443863559321411
611,3,10,150,33,0.0
612,3,10,150,33,0.09162544430476362
613,3,10,150,33,0.12468575026986017
614,3,10,150,33,0.1467868763787456
615,3,10,150,33,0.09252007717737808
616,3,10,150,33,0.0
617,3,10,150,33,0.02155613692414273
618,3,10,150,33,0.10249700605553073
619,3,10,150,33,0.1084413312177373
620,3,10,150,33,0.1717765398347941
621,3,10,150,33,0.11171163206856373
622,3,10,150,33,0.2839622737392617
623,3,10,150,33,0.04214302778527282
624,3,10,150,33,0.027698601750772444
625,3,10,150,33,0.08087678228131086
626,3,10,150,33,0.0
627,3,10,150,33,0.1761121352841189
628,3,10,150,33,0.0
629,3,10,150,33,0.2728003369517351
630,3,10,150,33,0.08670234750042737
631,3,10,150,33,0.13449792459172438
632,3,10,150,33,0.025624251513882684
633,3,10,150,33,0.026481122388885493
634,3,10,150,33,0.07894710477853782
635,3,10,150,33,0.0
636,3,10,150,33,0.30260241349881345
637,3,10,150,33,0.0
638,3,10,150,33,0.05152901435389809
639,3,10,150,33,0.0
640,3,10,150,33,0.18019568446941595
641,3,10,150,33,0.051358492238643604
642,3,10,150,33,0.367250074478113
643,3,10,150,33,0.394779880026986
644,3,10,150,33,0.0
645,3,10,150,33,0.1219558629739945
646,3,10,150,33,0.11243817952384734
647,3,10,150,33,0.06590268968688952
648,3,10,150,33,0.2027002625714343
649,3,10,150,33,0.0
650,3,10,150,33,0.17226431535023712
651,3,10,150,33,0.0
652,3,10,150,33,0.0
653,3,10,150,33,0.17749473712482192
654,3,10,150,33,0.09187747879167443
655,3,10,150,33,0.4379460924316402
656,3,10,150,33,0.0
657,3,10,150,33,0.2504953915210566
658,3,10,150,33,0.0633668286410716
659,3,10,150,33,0.10578970399329789
660,3,10,150,33,0.0
661,3,10,150,33,0.12591760421380085
662,3,10,150,33,0.0
663,3,10,150,33,0.15242708401422808
664,3,10,150,33,0.40594173011216256
665,3,10,150,33,0.05124850302776537
666,3,10,150,33,0.1959710371360195
667,3,10,150,33,0.027785635271073788
668,3,10,150,33,0.0
669,3,10,150,33,0.20368585231290065
670,3,10,150,33,0.0
671,3,10,150,33,0.19609678077692608
672,3,10,150,33,0.048159222084064895
673,3,10,150,33,0.0
674,3,10,150,33,0.0
675,3,10,150,33,0.0382580635535654
676,3,10,150,33,0.22327398817979716
677,3,10,150,33,0.0720796116407523
678,3,10,150,33,0.0
679,3,10,150,33,0.11762347622897054
680,3,10,150,33,0.0
681,3,10,150,33,0.0
682,3,10,150,33,0.4019696573390907
683,3,10,150,33,0.02677435355254797
684,3,10,150,33,0.03651017021403452
685,3,10,150,33,0.09030583455080088
686,3,10,150,33,0.10852897081383239
687,3,10,150,33,0.0
688,3,10,150,33,0.0
689,3,10,150,33,0.37279254620421465
690,3,10,150,33,0.2734314515491122
691,3,10,150,33,0.5575827236098854
692,3,10,150,33,0.03353522641880846
693,3,10,150,33,0.0697673092947064
694,3,10,150,33,0.2611294643478272
695,3,10,150,33,0.0
696,3,10,150,33,0.043134162606390795
697,3,10,150,33,0.02049940121110615
698,3,10,150,33,0.0
699,3,10,150,33,0.04756438044676973
700,3,10,150,33,0.0
701,3,10,150,33,0.0906790485156717
702,3,10,150,33,0.0
703,3,10,150,33,0.21888235022994418
704,3,10,150,33,0.13845966660437523
705,3,10,150,33,0.21230676922666408
706,3,10,150,33,0.0
707,3,10,150,33,0.3431181601132279
708,3,10,150,33,0.04083590585896146
709,3,10,150,33,0.1532401023370478
710,3,10,150,33,0.25040922491354684
711,3,10,150,33,0.161579858566522
712,3,10,150,33,0.097267809489885
713,3,10,150,33,0.0
714,3,10,150,33,0.09998274523051486
715,3,10,150,33,0.21242249592648402
716,3,10,150,33,0.2977656111521912
717,3,10,150,33,0.08455030681958395
718,3,10,150,33,0.0
719,3,10,150,33,0.10353175087921149
720,3,10,150,33,0.0
721,3,10,150,33,0.10493127259776469
722,3,10,150,33,0.04173963774222741
723,3,10,150,33,0.0
724,3,10,150,33,0.0
725,3,10,150,33,0.0
726,3,10,150,33,0.061080020762274374
727,3,10,150,33,0.09361115876319583
728,3,10,150,33,0.0
729,3,10,150,33,0.0
730,3,10,150,33,0.0
731,3,10,150,33,0.10385169364861045
732,3,10,150,33,0.05717828980196049
733,3,10,150,33,0.02155613692414273
734,3,10,150,33,0.08131766139183766
735,3,10,150,33,0.08151055815578559
736,3,10,150,33,0.047009109882897075
737,3,10,150,33,0.12127716502890909
738,3,10,150,33,0.13452335162811863
739,3,10,150,33,0.18767092572990207
740,3,10,150,33,0.0
741,3,10,150,33,0.05908892019155974
742,3,10,150,33,0.0527075128660253
743,3,10,150,33,0.049043960636177025
744,3,10,150,33,0.0
745,3,10,150,33,0.06774344219296054
746,3,10,150,33,0.24124954544361757
747,3,10,150,33,0.16644770526366098
748,3,10,150,33,0.04132344798443041
749,3,10,150,33,0.4420791017675204
750,3,10,150,33,0.07585898746492567
751,3,10,150,33,0.044540457532886935
752,3,10,150,33,0.0
753,3,10,150,33,0.04072612696308379
754,3,10,150,33,0.0
755,3,10,150,33,0.0
756,3,10,150,33,0.044143057780823704
757,3,10,150,33,0.08481538958168082
758,3,10,150,33,0.21606472574967092
759,3,10,150,33,0.0
760,3,10,150,33,0.1247347853608844
761,3,10,150,33,0.17663858756688974
762,3,10,150,33,0.0
763,3,10,150,33,0.08509408129506553
764,3,10,150,33,0.0
765,3,10,150,33,0.0
766,3,10,150,33,0.04965600793500623
767,3,10,150,33,0.1269544353559099
768,3,10,150,33,0.05059568297461706
769,3,10,150,33,0.0
770,3,10,150,33,0.18348359547343202
771,3,10,150,33,0.02778871948897756
772,3,10,150,33,0.0
773,3,10,150,33,0.15435618878830676
774,3,10,150,33,0.0
775,3,10,150,33,0.0
776,3,10,150,33,0.0
777,3,10,150,33,0.0
778,3,10,150,33,0.08961728720334347
779,3,10,150,33,0.0
780,3,10,150,33,0.12311997034702767
781,3,10,150,33,0.12572447169101508
782,3,10,150,33,0.0
783,3,10,150,33,0.0
784,3,10,150,33,0.0
785,3,10,150,33,0.2848262604068979
786,3,10,150,33,0.12055956650133608
787,3,10,150,33,0.0
788,3,10,150,33,0.04829563395337925
789,3,10,150,33,0.14531023848228133
790,3,10,150,33,0.09029266228631089
791,3,10,150,33,0.059480024314918285
792,3,10,150,33,0.059109628562248356
793,3,10,150,33,0.08021827351724287
794,3,10,150,33,0.08021827351724287
795,3,10,150,33,0.06886690743551852
796,3,10,150,33,0.12557566525988972
797,3,10,150,33,0.13905617951077562
798,3,10,150,33,0.0
799,3,10,150,33,0.2836929289153804
800,3,10,150,33,0.0
801,3,10,150,33,0.0
802,3,10,150,33,0.05621908976192367
803,3,10,150,33,0.0
804,3,10,150,33,0.33130191127815445
805,3,10,150,33,0.17734050939705095
806,3,10,150,33,0.06379369995120096
807,3,10,150,33,0.17956719231326596
808,3,10,150,33,0.0
809,3,10,150,33,0.0
810,3,10,150,33,0.0
811,3,10,150,33,0.0
812,3,10,150,33,0.0
813,3,10,150,33,0.0
814,3,10,150,33,0.0
815,3,10,150,33,0.027499127219106426
816,3,10,150,33,0.10105367325027378
817,3,10,150,33,0.0
818,3,10,150,33,0.0
819,3,10,150,33,0.0
820,3,10,150,33,0.12262943855309168
821,3,10,150,33,0.0
822,3,10,150,33,0.0
823,3,10,150,33,0.10148718580906937
824,3,10,150,33,0.0
825,3,10,150,33,0.16434089815347858
826,3,10,150,33,0.04455257454866284
827,3,10,150,33,0.0
828,3,10,150,33,0.0
829,3,10,150,33,0.0
830,3,10,150,33,0.05059568297461706
831,3,10,150,33,0.04522637401768292
832,3,10,150,33,0.0
833,3,10,150,33,0.05828935682373833
834,3,10,150,33,0.0
835,3,10,150,33,0.04191911005669532
836,3,10,150,33,0.0
837,3,10,150,33,0.05351287869030783
838,3,10,150,33,0.08633629724227374
839,3,10,150,33,0.0
840,3,10,150,33,0.07656878929530339
841,3,10,150,33,0.0
842,3,10,150,33,0.0
843,3,10,150,33,0.04209275315645388
844,3,10,150,33,0.0
845,3,10,150,33,0.0
846,3,10,150,33,0.10122868299108936
847,3,10,150,33,0.0
848,3,10,150,33,0.0
849,3,10,150,33,0.0
850,3,10,150,33,0.06228974831361337
851,3,10,150,33,0.19821654229071958
852,3,10,150,33,0.07256783117062009
853,3,10,150,33,0.0
854,3,10,150,33,0.0
855,3,10,150,33,0.0
856,3,10,150,33,0.0
857,3,10,150,33,0.0
858,3,10,150,33,0.0
859,3,10,150,33,0.0
860,3,10,150,33,0.0
861,3,10,150,33,0.12754356661958802
862,3,10,150,33,0.0559167101555819
863,3,10,150,33,0.0
864,3,10,150,33,0.1615328695620339
865,3,10,150,33,0.0
866,3,10,150,33,0.0
867,3,10,150,33,0.13120507751234178
868,3,10,150,33,0.0
870,3,10,150,33,0.0
871,3,10,150,33,0.0
872,3,10,150,33,0.0
875,3,10,150,33,0.1395953738647505
876,3,10,150,33,0.0
877,3,10,150,33,0.0
1,3,10,150,34,0.684590926031549
2,3,10,150,34,0.10688238502350729
3,3,10,150,34,0.0
4,3,10,150,34,0.0
5,3,10,150,34,0.0583775815185038
6,3,10,150,34,0.05340978172012693
7,3,10,150,34,0.2310253317468095
8,3,10,150,34,0.0554835367217868
9,3,10,150,34,0.0
10,3,10,150,34,0.16409920264511527
11,3,10,150,34,0.02551528631909195
12,3,10,150,34,0.0
13,3,10,150,34,0.20937157581477925
14,3,10,150,34,0.05601843521033356
15,3,10,150,34,0.0
16,3,10,150,34,0.1132290250664985
17,3,10,150,34,0.12066394366711926
18,3,10,150,34,0.1178255441531986
19,3,10,150,34,0.0
20,3,10,150,34,0.14530105135237878
21,3,10,150,34,0.03475017269886857
22,3,10,150,34,0.03393392567306744
23,3,10,150,34,0.16093766472693694
24,3,10,150,34,0.2641541177211491
25,3,10,150,34,0.0
26,3,10,150,34,0.0
28,3,10,150,34,0.0
29,3,10,150,34,0.0
30,3,10,150,34,0.0979129253499678
31,3,10,150,34,0.06076546216996844
32,3,10,150,34,0.0
33,3,10,150,34,0.0
34,3,10,150,34,0.0
35,3,10,150,34,0.0
37,3,10,150,34,0.0488929053971083
38,3,10,150,34,0.0
39,3,10,150,34,0.0
40,3,10,150,34,0.0
41,3,10,150,34,0.0
42,3,10,150,34,0.11676800180580715
43,3,10,150,34,0.23313760932547176
44,3,10,150,34,0.07698159974258616
45,3,10,150,34,0.0
46,3,10,150,34,0.14434031438272124
47,3,10,150,34,0.0
48,3,10,150,34,0.0874717141014082
49,3,10,150,34,0.06558450189788582
50,3,10,150,34,0.0
51,3,10,150,34,0.18953836965473142
52,3,10,150,34,0.0
53,3,10,150,34,0.09546043308946733
54,3,10,150,34,0.07984133538066794
55,3,10,150,34,0.0
56,3,10,150,34,0.03975645576081676
57,3,10,150,34,0.0
58,3,10,150,34,0.10796876451088402
59,3,10,150,34,0.1905610115079287
60,3,10,150,34,0.08304365689381771
61,3,10,150,34,0.0
62,3,10,150,34,0.03806940785769845
63,3,10,150,34,0.0
64,3,10,150,34,0.0
65,3,10,150,34,0.2994759515353249
66,3,10,150,34,0.0
67,3,10,150,34,0.0
68,3,10,150,34,0.0
69,3,10,150,34,0.04340781395430378
70,3,10,150,34,0.0
71,3,10,150,34,0.07955752067133452
72,3,10,150,34,0.16084022171949366
73,3,10,150,34,0.051960280791503534
74,3,10,150,34,0.0
75,3,10,150,34,0.11731968150568911
76,3,10,150,34,0.14804398249667974
77,3,10,150,34,0.45287742747371695
78,3,10,150,34,0.0
79,3,10,150,34,0.0
80,3,10,150,34,0.08297572808511901
81,3,10,150,34,0.0
82,3,10,150,34,0.08926877557705373
83,3,10,150,34,0.04630610387058298
84,3,10,150,34,0.0
85,3,10,150,34,0.08531855132410199
86,3,10,150,34,0.07738888769495082
87,3,10,150,34,0.05731092915974753
88,3,10,150,34,0.0
89,3,10,150,34,0.22860031301980846
90,3,10,150,34,0.1677940062576262
91,3,10,150,34,0.13114221140465185
92,3,10,150,34,0.051686685253552814
93,3,10,150,34,0.0
94,3,10,150,34,0.1900266493188776
95,3,10,150,34,0.061836172422412086
96,3,10,150,34,0.06783204105472322
97,3,10,150,34,0.05502294157452004
98,3,10,150,34,0.0
99,3,10,150,34,0.0
100,3,10,150,34,0.0892789338684584
101,3,10,150,34,0.0
102,3,10,150,34,0.026001814664123827
103,3,10,150,34,0.07673373981757839
104,3,10,150,34,0.12171451575741458
106,3,10,150,34,0.05261577455142312
107,3,10,150,34,0.0
108,3,10,150,34,0.0
109,3,10,150,34,0.0688928318926596
110,3,10,150,34,0.039667414566743345
111,3,10,150,34,0.0
112,3,10,150,34,0.0
113,3,10,150,34,0.05449144662575446
114,3,10,150,34,0.07610811271330754
115,3,10,150,34,0.046806851959664796
116,3,10,150,34,0.055538752771150446
117,3,10,150,34,0.053589621006720926
118,3,10,150,34,0.0
119,3,10,150,34,0.034073291417269544
121,3,10,150,34,0.0
122,3,10,150,34,0.0
123,3,10,150,34,0.46927872602275644
124,3,10,150,34,0.10889376106823218
125,3,10,150,34,0.09097808601263767
126,3,10,150,34,0.0
127,3,10,150,34,0.0
128,3,10,150,34,0.027576277569513717
129,3,10,150,34,0.0
130,3,10,150,34,0.06727839806196204
131,3,10,150,34,0.2803335894048546
132,3,10,150,34,0.09109240322345806
133,3,10,150,34,0.0
134,3,10,150,34,0.0
135,3,10,150,34,0.0
136,3,10,150,34,0.40257390286801836
137,3,10,150,34,0.0
138,3,10,150,34,0.21222747957761057
139,3,10,150,34,0.0
140,3,10,150,34,0.0
141,3,10,150,34,0.15194751309721466
142,3,10,150,34,0.30260241349881345
143,3,10,150,34,0.0
144,3,10,150,34,0.19201969646868908
145,3,10,150,34,0.0
146,3,10,150,34,0.0
147,3,10,150,34,0.07610811271330754
148,3,10,150,34,0.042512356679180144
149,3,10,150,34,0.05446824630887794
150,3,10,150,34,0.0
151,3,10,150,34,0.06151522393250817
152,3,10,150,34,0.0
153,3,10,150,34,0.06516188295518531
154,3,10,150,34,0.0
155,3,10,150,34,0.0
156,3,10,150,34,0.0
157,3,10,150,34,0.0
158,3,10,150,34,0.055805240881847164
159,3,10,150,34,0.11026617795298452
160,3,10,150,34,0.0
161,3,10,150,34,0.0
162,3,10,150,34,0.0
163,3,10,150,34,0.0
164,3,10,150,34,0.0
165,3,10,150,34,0.09149012142095872
166,3,10,150,34,0.0
167,3,10,150,34,0.0
168,3,10,150,34,0.0
169,3,10,150,34,0.0
170,3,10,150,34,0.0
171,3,10,150,34,0.0
172,3,10,150,34,0.0
173,3,10,150,34,0.0
174,3,10,150,34,0.05481171384122219
175,3,10,150,34,0.4413254197204702
176,3,10,150,34,0.0347693136731627
177,3,10,150,34,0.0
178,3,10,150,34,0.19098824846677864
179,3,10,150,34,0.06599888514927177
180,3,10,150,34,0.0
181,3,10,150,34,0.04805912341182404
182,3,10,150,34,0.13120507751234178
183,3,10,150,34,0.0
184,3,10,150,34,0.0
185,3,10,150,34,0.0
186,3,10,150,34,0.0
187,3,10,150,34,0.14943466330084343
188,3,10,150,34,0.0
189,3,10,150,34,0.22982757951573698
190,3,10,150,34,0.0
191,3,10,150,34,0.0
192,3,10,150,34,0.0
193,3,10,150,34,0.0
194,3,10,150,34,0.03579489106983033
195,3,10,150,34,0.061734604266276284
196,3,10,150,34,0.17342765698823945
197,3,10,150,34,0.07304192939088519
198,3,10,150,34,0.10387325901274824
199,3,10,150,34,0.0
200,3,10,150,34,0.055179303887787655
201,3,10,150,34,0.22564322570568512
202,3,10,150,34,0.0
203,3,10,150,34,0.0
204,3,10,150,34,0.0
205,3,10,150,34,0.0
206,3,10,150,34,0.0
207,3,10,150,34,0.019920918400044473
208,3,10,150,34,0.0
209,3,10,150,34,0.0
210,3,10,150,34,0.0
211,3,10,150,34,0.0
212,3,10,150,34,0.0559167101555819
213,3,10,150,34,0.08985507164305877
214,3,10,150,34,0.1257260924843343
215,3,10,150,34,0.157288596461893
216,3,10,150,34,0.25084019139208813
217,3,10,150,34,0.09048706939389563
218,3,10,150,34,0.06323567569191428
219,3,10,150,34,0.0
220,3,10,150,34,0.07807600999842033
221,3,10,150,34,0.09964173287591703
222,3,10,150,34,0.19230353357362062
223,3,10,150,34,0.039270700903099615
224,3,10,150,34,0.0
225,3,10,150,34,0.0
226,3,10,150,34,0.0
227,3,10,150,34,0.0
229,3,10,150,34,0.0
230,3,10,150,34,0.02671804748260287
231,3,10,150,34,0.0
232,3,10,150,34,0.0
233,3,10,150,34,0.15206723475089307
234,3,10,150,34,0.12953678844780217
235,3,10,150,34,0.04622440829742681
236,3,10,150,34,0.12127042983235181
237,3,10,150,34,0.0
238,3,10,150,34,0.0
239,3,10,150,34,0.07945424413307585
240,3,10,150,34,0.10235170428306553
241,3,10,150,34,0.1381300260171807
242,3,10,150,34,0.0
243,3,10,150,34,0.0
244,3,10,150,34,0.1324362264265921
245,3,10,150,34,0.0
246,3,10,150,34,0.08356426880363813
247,3,10,150,34,0.15642624200758548
248,3,10,150,34,0.23451355966072135
249,3,10,150,34,0.2191612092775145
250,3,10,150,34,0.07806699296748765
251,3,10,150,34,0.0
252,3,10,150,34,0.0
253,3,10,150,34,0.0
254,3,10,150,34,0.036502603141236205
255,3,10,150,34,0.04610512027589789
256,3,10,150,34,0.027736288621349494
257,3,10,150,34,0.12830873359117523
258,3,10,150,34,0.0
259,3,10,150,34,0.0
260,3,10,150,34,0.0
261,3,10,150,34,0.0
262,3,10,150,34,0.0
263,3,10,150,34,0.29196331077693755
264,3,10,150,34,0.22972462709034727
265,3,10,150,34,0.19802572813668026
266,3,10,150,34,0.0
267,3,10,150,34,0.16691148264178363
268,3,10,150,34,0.14224547280603148
269,3,10,150,34,0.020888382175722784
270,3,10,150,34,0.0
271,3,10,150,34,0.11554353117493366
272,3,10,150,34,0.0
273,3,10,150,34,0.0
274,3,10,150,34,0.0
275,3,10,150,34,0.0
276,3,10,150,34,0.26466251921463385
277,3,10,150,34,0.0
278,3,10,150,34,0.0
279,3,10,150,34,0.1583763144354197
280,3,10,150,34,0.07740043388622617
281,3,10,150,34,0.0
282,3,10,150,34,0.09659953929285248
283,3,10,150,34,0.0
284,3,10,150,34,0.0
285,3,10,150,34,0.0
286,3,10,150,34,0.0
287,3,10,150,34,0.0
288,3,10,150,34,0.09582711128539602
289,3,10,150,34,0.0
290,3,10,150,34,0.09647783930421741
291,3,10,150,34,0.19857257163730394
292,3,10,150,34,0.27665227928348557
293,3,10,150,34,0.03579489106983033
294,3,10,150,34,0.027616154831484434
295,3,10,150,34,0.09981690553366025
296,3,10,150,34,0.10235135297694252
297,3,10,150,34,0.030868393892711742
298,3,10,150,34,0.03719976603506465
299,3,10,150,34,0.06967162055390648
300,3,10,150,34,0.0
301,3,10,150,34,0.15408307756508605
302,3,10,150,34,0.0
303,3,10,150,34,0.23355200745589086
304,3,10,150,34,0.0
305,3,10,150,34,0.05742169517544313
306,3,10,150,34,0.0
307,3,10,150,34,0.10103677256052608
308,3,10,150,34,0.04327824098027407
309,3,10,150,34,0.0
310,3,10,150,34,0.2890648263178879
311,3,10,150,34,0.15557654226734
312,3,10,150,34,0.09774885223043435
313,3,10,150,34,0.09302730842608824
314,3,10,150,34,0.0843728393421543
315,3,10,150,34,0.09785159463516042
316,3,10,150,34,0.06076546216996844
317,3,10,150,34,0.0
318,3,10,150,34,0.052310015648999494
319,3,10,150,34,0.0
320,3,10,150,34,0.08947300054212491
321,3,10,150,34,0.08223795175588802
322,3,10,150,34,0.07955752067133452
323,3,10,150,34,0.12229181918924699
324,3,10,150,34,0.0
325,3,10,150,34,0.0
326,3,10,150,34,0.10817904857938596
327,3,10,150,34,0.0
328,3,10,150,34,0.13019350107167968
329,3,10,150,34,0.056720838976548935
330,3,10,150,34,0.2704009738666891
331,3,10,150,34,0.0
332,3,10,150,34,0.04320826906524808
333,3,10,150,34,0.0
334,3,10,150,34,0.14376720460967804
335,3,10,150,34,0.0
336,3,10,150,34,0.0
337,3,10,150,34,0.09992090652113537
338,3,10,150,34,0.0
339,3,10,150,34,0.145767359678607
340,3,10,150,34,0.12647135138382856
341,3,10,150,34,0.0
342,3,10,150,34,0.04223876692907803
343,3,10,150,34,0.30179556439412364
344,3,10,150,34,0.1275102237030897
345,3,10,150,34,0.1452024345970638
346,3,10,150,34,0.08852922637928903
347,3,10,150,34,0.053942918475641165
348,3,10,150,34,0.0
349,3,10,150,34,0.07123530534387781
350,3,10,150,34,0.0845667599404342
351,3,10,150,34,0.0
352,3,10,150,34,0.16282653392890226
353,3,10,150,34,0.049432410190049694
354,3,10,150,34,0.0
355,3,10,150,34,0.0
356,3,10,150,34,0.0
357,3,10,150,34,0.0
358,3,10,150,34,0.26730206653594746
359,3,10,150,34,0.0
360,3,10,150,34,0.10496459329418281
361,3,10,150,34,0.0
362,3,10,150,34,0.0
363,3,10,150,34,0.2202545870197775
364,3,10,150,34,0.0
365,3,10,150,34,0.0989084497079971
366,3,10,150,34,0.10684080426179023
367,3,10,150,34,0.1410054764628891
368,3,10,150,34,0.0
369,3,10,150,34,0.0
370,3,10,150,34,0.045683428159663184
371,3,10,150,34,0.09892739847751293
372,3,10,150,34,0.10673919722548196
373,3,10,150,34,0.16779651159215023
374,3,10,150,34,0.17014304170819128
375,3,10,150,34,0.0
376,3,10,150,34,0.0
377,3,10,150,34,0.0
378,3,10,150,34,0.08707653543689303
379,3,10,150,34,0.12685111383549044
380,3,10,150,34,0.0
381,3,10,150,34,0.05707866018487045
382,3,10,150,34,0.07847428227110642
383,3,10,150,34,0.0
384,3,10,150,34,0.0
385,3,10,150,34,0.14225961447681995
386,3,10,150,34,0.0
387,3,10,150,34,0.030250192285637436
388,3,10,150,34,0.0
389,3,10,150,34,0.14188330254967657
390,3,10,150,34,0.21398626473452756
391,3,10,150,34,0.2558645268575362
392,3,10,150,34,0.06327372362257774
393,3,10,150,34,0.16140609560658528
394,3,10,150,34,0.10116995285908433
395,3,10,150,34,0.09286934188709499
396,3,10,150,34,0.0
397,3,10,150,34,0.05774550520460572
398,3,10,150,34,0.05597114893140506
399,3,10,150,34,0.0
400,3,10,150,34,0.0
401,3,10,150,34,0.0
402,3,10,150,34,0.469779625693621
403,3,10,150,34,0.0
404,3,10,150,34,0.0
405,3,10,150,34,0.30253014533859973
406,3,10,150,34,0.21459317039669576
407,3,10,150,34,0.07677456219007539
408,3,10,150,34,0.12083071655728543
409,3,10,150,34,0.13417696838400306
410,3,10,150,34,0.0
411,3,10,150,34,0.1128999930808451
412,3,10,150,34,0.0
413,3,10,150,34,0.10122860821230018
414,3,10,150,34,0.0
415,3,10,150,34,0.07605458145297357
416,3,10,150,34,0.25404525606981704
417,3,10,150,34,0.09338971851047427
418,3,10,150,34,0.07001560573318603
419,3,10,150,34,0.2098021491169666
420,3,10,150,34,0.0527075128660253
421,3,10,150,34,0.202729931306865
422,3,10,150,34,0.0
423,3,10,150,34,0.0
424,3,10,150,34,0.13291000263869587
425,3,10,150,34,0.0
426,3,10,150,34,0.10004388309532918
427,3,10,150,34,0.0
428,3,10,150,34,0.0
429,3,10,150,34,0.20826756155497536
430,3,10,150,34,0.062242588308449316
431,3,10,150,34,0.0
432,3,10,150,34,0.0
433,3,10,150,34,0.0
434,3,10,150,34,0.2247819585714142
435,3,10,150,34,0.35436796349757776
436,3,10,150,34,0.0739069759416354
437,3,10,150,34,0.06261463703317413
438,3,10,150,34,0.0
439,3,10,150,34,0.0
440,3,10,150,34,0.04258528250242427
441,3,10,150,34,0.0
442,3,10,150,34,0.058478916078390675
443,3,10,150,34,0.056720838976548935
444,3,10,150,34,0.19519002499605084
445,3,10,150,34,0.0
446,3,10,150,34,0.0
447,3,10,150,34,0.09914294517496557
448,3,10,150,34,0.0
449,3,10,150,34,0.0
450,3,10,150,34,0.3729830755155997
451,3,10,150,34,0.0
452,3,10,150,34,0.04471347096765985
453,3,10,150,34,0.13652430621485845
454,3,10,150,34,0.0
455,3,10,150,34,0.1896078831202306
456,3,10,150,34,0.15336587234669577
457,3,10,150,34,0.553374596191519
458,3,10,150,34,0.1415330976205315
459,3,10,150,34,0.04901586605894737
460,3,10,150,34,0.0
461,3,10,150,34,0.10778915452451093
462,3,10,150,34,0.16728714615527887
463,3,10,150,34,0.1032589365938857
464,3,10,150,34,0.04931346192675315
465,3,10,150,34,0.0733934381893728
466,3,10,150,34,0.0750834162528243
467,3,10,150,34,0.0
468,3,10,150,34,0.4046326509970995
469,3,10,150,34,0.050924439617225085
470,3,10,150,34,0.040162930685297936
471,3,10,150,34,0.0
472,3,10,150,34,0.30071965629831754
473,3,10,150,34,0.050005013043213774
474,3,10,150,34,0.4323719954842257
475,3,10,150,34,0.0
476,3,10,150,34,0.12097589732794561
477,3,10,150,34,0.0
478,3,10,150,34,0.2059565668593519
479,3,10,150,34,0.10090940878106125
480,3,10,150,34,0.0881980292211471
481,3,10,150,34,0.0
482,3,10,150,34,0.10209739512291163
483,3,10,150,34,0.06194403202282284
484,3,10,150,34,0.2621499852210934
485,3,10,150,34,0.0
486,3,10,150,34,0.053152928427566186
487,3,10,150,34,0.1323729258640871
488,3,10,150,34,0.063401477059351
489,3,10,150,34,0.0
490,3,10,150,34,0.06490403551612171
491,3,10,150,34,0.17758207479178334
492,3,10,150,34,0.05821640931129437
493,3,10,150,34,0.16948816125544566
494,3,10,150,34,0.11299367690705851
495,3,10,150,34,0.07016540021474645
496,3,10,150,34,0.07271211160102074
497,3,10,150,34,0.038874437676124675
498,3,10,150,34,0.021639120490137036
499,3,10,150,34,0.06356184650045112
500,3,10,150,34,0.06581227047619247
501,3,10,150,34,0.0
502,3,10,150,34,0.0
503,3,10,150,34,0.2943666645417585
504,3,10,150,34,0.09165865945768051
505,3,10,150,34,0.025255271126572616
506,3,10,150,34,0.13899254507504233
507,3,10,150,34,0.0
508,3,10,150,34,0.14644736966448654
509,3,10,150,34,0.0
510,3,10,150,34,0.12427147932737166
511,3,10,150,34,0.12155021559723776
512,3,10,150,34,0.0
513,3,10,150,34,0.0
514,3,10,150,34,0.2922888651182974
515,3,10,150,34,0.0
516,3,10,150,34,0.07947838320659593
517,3,10,150,34,0.03859643636257609
518,3,10,150,34,0.027225028724417157
519,3,10,150,34,0.0
520,3,10,150,34,0.0
521,3,10,150,34,0.10048896362940396
522,3,10,150,34,0.16542389351858164
523,3,10,150,34,0.14958239437556436
524,3,10,150,34,0.05363250424723058
525,3,10,150,34,0.035769798946978335
526,3,10,150,34,0.03112959369469351
527,3,10,150,34,0.18816085109048453
528,3,10,150,34,0.07272826563447823
529,3,10,150,34,0.0
530,3,10,150,34,0.0
531,3,10,150,34,0.0
532,3,10,150,34,0.19381658191664805
533,3,10,150,34,0.21593050518358273
534,3,10,150,34,0.05167975836235349
535,3,10,150,34,0.3201329612953171
536,3,10,150,34,0.17176530026875533
537,3,10,150,34,0.3177186888762179
538,3,10,150,34,0.09944592215223559
539,3,10,150,34,0.0
540,3,10,150,34,0.0
541,3,10,150,34,0.07298742807191287
542,3,10,150,34,0.05024448181470198
543,3,10,150,34,0.0
544,3,10,150,34,0.0
545,3,10,150,34,0.22512064898080777
546,3,10,150,34,0.028335946945814334
547,3,10,150,34,0.0
548,3,10,150,34,0.07677456219007539
549,3,10,150,34,0.10184659627402569
550,3,10,150,34,0.0845667599404342
551,3,10,150,34,0.2916240916312785
552,3,10,150,34,0.0
553,3,10,150,34,0.09570787878815254
554,3,10,150,34,0.0
555,3,10,150,34,0.037070343480771185
556,3,10,150,34,0.2436420788359897
557,3,10,150,34,0.044530079137671444
558,3,10,150,34,0.21398626473452756
559,3,10,150,34,0.05197263342915245
560,3,10,150,34,0.11942337490935596
561,3,10,150,34,0.11573728835317518
562,3,10,150,34,0.04619355099145998
563,3,10,150,34,0.10791970824616881
564,3,10,150,34,0.0
565,3,10,150,34,0.14337418847532693
566,3,10,150,34,0.11648902832946116
567,3,10,150,34,0.4006853037200712
568,3,10,150,34,0.02548915132906805
569,3,10,150,34,0.023835426911994775
570,3,10,150,34,0.0
571,3,10,150,34,0.0512644431393966
572,3,10,150,34,0.30260241349881345
573,3,10,150,34,0.0
574,3,10,150,34,0.0
575,3,10,150,34,0.07945707943276742
576,3,10,150,34,0.0
577,3,10,150,34,0.2583699798122964
578,3,10,150,34,0.0
579,3,10,150,34,0.06152644703210656
580,3,10,150,34,0.0
581,3,10,150,34,0.0
582,3,10,150,34,0.06679511870650716
583,3,10,150,34,0.0874717141014082
584,3,10,150,34,0.20261715588288354
585,3,10,150,34,0.042225550968526857
586,3,10,150,34,0.10637006727563049
587,3,10,150,34,0.0
588,3,10,150,34,0.2427191933505603
589,3,10,150,34,0.0
590,3,10,150,34,0.1076424320455391
591,3,10,150,34,0.08651464973019597
592,3,10,150,34,0.29116680460592687
593,3,10,150,34,0.1404851491096615
594,3,10,150,34,0.0
595,3,10,150,34,0.04438211175101966
596,3,10,150,34,0.09803928583135704
597,3,10,150,34,0.0
598,3,10,150,34,0.0
599,3,10,150,34,0.0
600,3,10,150,34,0.1436026655036865
601,3,10,150,34,0.1941406329743924
602,3,10,150,34,0.041278922835426404
603,3,10,150,34,0.12541207695631323
604,3,10,150,34,0.0
605,3,10,150,34,0.16400398880073225
606,3,10,150,34,0.4007331338362493
607,3,10,150,34,0.0
608,3,10,150,34,0.2656329061491575
609,3,10,150,34,0.0
610,3,10,150,34,0.08443863559321411
611,3,10,150,34,0.0
612,3,10,150,34,0.09162544430476362
613,3,10,150,34,0.12468575026986017
614,3,10,150,34,0.1467868763787456
615,3,10,150,34,0.09070749506019851
616,3,10,150,34,0.0
617,3,10,150,34,0.021133825686450333
618,3,10,150,34,0.10048896362940396
619,3,10,150,34,0.10631683214980446
620,3,10,150,34,0.1717765398347941
621,3,10,150,34,0.10952306378429591
622,3,10,150,34,0.2783991035059874
623,3,10,150,34,0.04214302778527282
624,3,10,150,34,0.027155952071524183
625,3,10,150,34,0.07929230663310019
626,3,10,150,34,0.0
627,3,10,150,34,0.17266188192535548
628,3,10,150,34,0.0
629,3,10,150,34,0.2674558427899839
630,3,10,150,34,0.08500374186377764
631,3,10,150,34,0.13449792459172438
632,3,10,150,34,0.02512224090735099
633,3,10,150,34,0.050456115328747164
634,3,10,150,34,0.07740043388622617
635,3,10,150,34,0.0
636,3,10,150,34,0.3615974840572412
637,3,10,150,34,0.0
638,3,10,150,34,0.05152901435389809
639,3,10,150,34,0.0
640,3,10,150,34,0.1766654293591008
641,3,10,150,34,0.051358492238643604
642,3,10,150,34,0.3796464238396555
643,3,10,150,34,0.38704565657419615
644,3,10,150,34,0.0
645,3,10,150,34,0.11956659760526746
646,3,10,150,34,0.11243817952384734
647,3,10,150,34,0.06590268968688952
648,3,10,150,34,0.21832034515442117
649,3,10,150,34,0.0
650,3,10,150,34,0.16888944551702903
651,3,10,150,34,0.0
652,3,10,150,34,0.0
653,3,10,150,34,0.17401739689531548
654,3,10,150,34,0.09007748596730558
655,3,10,150,34,0.42936618978079855
656,3,10,150,34,0.0
657,3,10,150,34,0.2504953915210566
658,3,10,150,34,0.06212539452297219
659,3,10,150,34,0.10371715356435321
660,3,10,150,34,0.0
661,3,10,150,34,0.12345072346100537
662,3,10,150,34,0.0
663,3,10,150,34,0.1494408499438833
664,3,10,150,34,0.4175800623467642
665,3,10,150,34,0.05024448181470198
666,3,10,150,34,0.1921317234623304
667,3,10,150,34,0.027785635271073788
668,3,10,150,34,0.0
669,3,10,150,34,0.19969539592020852
670,3,10,150,34,0.0
671,3,10,150,34,0.19225500363063935
672,3,10,150,34,0.048159222084064895
673,3,10,150,34,0.0
674,3,10,150,34,0.0
675,3,10,150,34,0.0382580635535654
676,3,10,150,34,0.2384910061711929
677,3,10,150,34,0.0720796116407523
678,3,10,150,34,0.0
679,3,10,150,34,0.11762347622897054
680,3,10,150,34,0.0
681,3,10,150,34,0.0
682,3,10,150,34,0.394094577304897
683,3,10,150,34,0.02677435355254797
684,3,10,150,34,0.03579489106983033
685,3,10,150,34,0.09030583455080088
686,3,10,150,34,0.10640275477841005
687,3,10,150,34,0.0
688,3,10,150,34,0.0
689,3,10,150,34,0.37279254620421465
690,3,10,150,34,0.26807459307608933
691,3,10,150,34,0.5575827236098854
692,3,10,150,34,0.03353522641880846
693,3,10,150,34,0.06840048188762507
694,3,10,150,34,0.2560136169362637
695,3,10,150,34,0.0
696,3,10,150,34,0.043134162606390795
697,3,10,150,34,0.03968902278618965
698,3,10,150,34,0.0
699,3,10,150,34,0.046632535726761
700,3,10,150,34,0.0
701,3,10,150,34,0.0906790485156717
702,3,10,150,34,0.0
703,3,10,150,34,0.21888235022994418
704,3,10,150,34,0.13574707142185524
705,3,10,150,34,0.20814741846738358
706,3,10,150,34,0.0
707,3,10,150,34,0.3363960533005797
708,3,10,150,34,0.04003588023255743
709,3,10,150,34,0.1502379402376974
710,3,10,150,34,0.25040922491354684
711,3,10,150,34,0.17800554044454192
712,3,10,150,34,0.09536221345670637
713,3,10,150,34,0.0
714,3,10,150,34,0.09998274523051486
715,3,10,150,34,0.2278521079991121
716,3,10,150,34,0.2919320165600601
717,3,10,150,34,0.08455030681958395
718,3,10,150,34,0.0
719,3,10,150,34,0.10353175087921149
720,3,10,150,34,0.0
721,3,10,150,34,0.10287553989578088
722,3,10,150,34,0.04173963774222741
723,3,10,150,34,0.0
724,3,10,150,34,0.0
725,3,10,150,34,0.0
726,3,10,150,34,0.061080020762274374
727,3,10,150,34,0.09177720101565395
728,3,10,150,34,0.0
729,3,10,150,34,0.0
730,3,10,150,34,0.0
731,3,10,150,34,0.12722225921196534
732,3,10,150,34,0.05717828980196049
733,3,10,150,34,0.021133825686450333
734,3,10,150,34,0.08131766139183766
735,3,10,150,34,0.08151055815578559
736,3,10,150,34,0.047009109882897075
737,3,10,150,34,0.12127716502890909
738,3,10,150,34,0.13188787369788832
739,3,10,150,34,0.18767092572990207
740,3,10,150,34,0.0
741,3,10,150,34,0.05908892019155974
742,3,10,150,34,0.0527075128660253
743,3,10,150,34,0.049043960636177025
744,3,10,150,34,0.0
745,3,10,150,34,0.06774344219296054
746,3,10,150,34,0.24124954544361757
747,3,10,150,34,0.16318678997683012
748,3,10,150,34,0.04132344798443041
749,3,10,150,34,0.43341822837993815
750,3,10,150,34,0.07585898746492567
751,3,10,150,34,0.04366785518236873
752,3,10,150,34,0.0
753,3,10,150,34,0.04072612696308379
754,3,10,150,34,0.0
755,3,10,150,34,0.0
756,3,10,150,34,0.044143057780823704
757,3,10,150,34,0.08315375177173139
758,3,10,150,34,0.23142298205990042
759,3,10,150,34,0.0
760,3,10,150,34,0.1247347853608844
761,3,10,150,34,0.17663858756688974
762,3,10,150,34,0.0
763,3,10,150,34,0.08342698357164327
764,3,10,150,34,0.024619085952596504
765,3,10,150,34,0.0
766,3,10,150,34,0.04868318565967499
767,3,10,150,34,0.1269544353559099
768,3,10,150,34,0.05059568297461706
769,3,10,150,34,0.0
770,3,10,150,34,0.18348359547343202
771,3,10,150,34,0.02778871948897756
772,3,10,150,34,0.0
773,3,10,150,34,0.15133216118252257
774,3,10,150,34,0.0
775,3,10,150,34,0.0
776,3,10,150,34,0.0
777,3,10,150,34,0.0
778,3,10,150,34,0.08961728720334347
779,3,10,150,34,0.0
780,3,10,150,34,0.12311997034702767
781,3,10,150,34,0.12572447169101508
782,3,10,150,34,0.0
783,3,10,150,34,0.0
784,3,10,150,34,0.04582425041433568
785,3,10,150,34,0.2848262604068979
786,3,10,150,34,0.12055956650133608
787,3,10,150,34,0.0
788,3,10,150,34,0.04734946307769013
789,3,10,150,34,0.14531023848228133
790,3,10,150,34,0.08852371796670198
791,3,10,150,34,0.059480024314918285
792,3,10,150,34,0.059109628562248356
793,3,10,150,34,0.08021827351724287
794,3,10,150,34,0.08021827351724287
795,3,10,150,34,0.06886690743551852
796,3,10,150,34,0.12311548351180687
797,3,10,150,34,0.13905617951077562
798,3,10,150,34,0.0
799,3,10,150,34,0.2836929289153804
800,3,10,150,34,0.0
801,3,10,150,34,0.0
802,3,10,150,34,0.05621908976192367
803,3,10,150,34,0.0
804,3,10,150,34,0.32481129931488406
805,3,10,150,34,0.17386619067844097
806,3,10,150,34,0.06379369995120096
807,3,10,150,34,0.17604925013737302
808,3,10,150,34,0.0
809,3,10,150,34,0.0
810,3,10,150,34,0.0
811,3,10,150,34,0.0
812,3,10,150,34,0.0
813,3,10,150,34,0.0
814,3,10,150,34,0.0
815,3,10,150,34,0.053543749239706395
816,3,10,150,34,0.10105367325027378
817,3,10,150,34,0.0
818,3,10,150,34,0.0
819,3,10,150,34,0.0
820,3,10,150,34,0.12262943855309168
821,3,10,150,34,0.0
822,3,10,150,34,0.0
823,3,10,150,34,0.10148718580906937
824,3,10,150,34,0.0
825,3,10,150,34,0.16434089815347858
826,3,10,150,34,0.04455257454866284
827,3,10,150,34,0.0
828,3,10,150,34,0.0
829,3,10,150,34,0.0
830,3,10,150,34,0.05059568297461706
831,3,10,150,34,0.04522637401768292
832,3,10,150,34,0.0
833,3,10,150,34,0.05828935682373833
834,3,10,150,34,0.0
835,3,10,150,34,0.04191911005669532
836,3,10,150,34,0.0
837,3,10,150,34,0.05351287869030783
838,3,10,150,34,0.08633629724227374
839,3,10,150,34,0.0
840,3,10,150,34,0.07656878929530339
841,3,10,150,34,0.0
842,3,10,150,34,0.0
843,3,10,150,34,0.04209275315645388
844,3,10,150,34,0.0
845,3,10,150,34,0.0
846,3,10,150,34,0.09924548857390884
847,3,10,150,34,0.0
848,3,10,150,34,0.0
849,3,10,150,34,0.0
850,3,10,150,34,0.06228974831361337
851,3,10,150,34,0.19821654229071958
852,3,10,150,34,0.07256783117062009
853,3,10,150,34,0.0
854,3,10,150,34,0.0
855,3,10,150,34,0.0
856,3,10,150,34,0.0
857,3,10,150,34,0.0
858,3,10,150,34,0.0
859,3,10,150,34,0.0
860,3,10,150,34,0.0
861,3,10,150,34,0.12754356661958802
862,3,10,150,34,0.0559167101555819
863,3,10,150,34,0.0
864,3,10,150,34,0.1615328695620339
865,3,10,150,34,0.0
866,3,10,150,34,0.0
867,3,10,150,34,0.13120507751234178
868,3,10,150,34,0.0
870,3,10,150,34,0.0
871,3,10,150,34,0.0
872,3,10,150,34,0.0
875,3,10,150,34,0.1395953738647505
876,3,10,150,34,0.0
877,3,10,150,34,0.0
1,3,10,150,35,0.6715380931567659
2,3,10,150,35,0.10688238502350729
3,3,10,150,35,0.0
4,3,10,150,35,0.0
5,3,10,150,35,0.0583775815185038
6,3,10,150,35,0.05340978172012693
7,3,10,150,35,0.22662046026740948
8,3,10,150,35,0.0554835367217868
9,3,10,150,35,0.0
10,3,10,150,35,0.16409920264511527
11,3,10,150,35,0.02551528631909195
12,3,10,150,35,0.0
13,3,10,150,35,0.20537956820275555
14,3,10,150,35,0.05601843521033356
15,3,10,150,35,0.0
16,3,10,150,35,0.1132290250664985
17,3,10,150,35,0.12066394366711926
18,3,10,150,35,0.11557900964955371
19,3,10,150,35,0.0
20,3,10,150,35,0.14530105135237878
21,3,10,150,35,0.03475017269886857
22,3,10,150,35,0.03393392567306744
23,3,10,150,35,0.16093766472693694
24,3,10,150,35,0.2641541177211491
25,3,10,150,35,0.0
26,3,10,150,35,0.0
28,3,10,150,35,0.0
29,3,10,150,35,0.0
30,3,10,150,35,0.0979129253499678
31,3,10,150,35,0.06076546216996844
32,3,10,150,35,0.0
33,3,10,150,35,0.0
34,3,10,150,35,0.0
35,3,10,150,35,0.0
37,3,10,150,35,0.0488929053971083
38,3,10,150,35,0.0
39,3,10,150,35,0.0
40,3,10,150,35,0.0
41,3,10,150,35,0.0
42,3,10,150,35,0.11676800180580715
43,3,10,150,35,0.23313760932547176
44,3,10,150,35,0.07698159974258616
45,3,10,150,35,0.0
46,3,10,150,35,0.14434031438272124
47,3,10,150,35,0.0
48,3,10,150,35,0.0874717141014082
49,3,10,150,35,0.06558450189788582
50,3,10,150,35,0.0
51,3,10,150,35,0.18953836965473142
52,3,10,150,35,0.04892579731758021
53,3,10,150,35,0.09546043308946733
54,3,10,150,35,0.07984133538066794
55,3,10,150,35,0.0
56,3,10,150,35,0.03975645576081676
57,3,10,150,35,0.0
58,3,10,150,35,0.10796876451088402
59,3,10,150,35,0.18692765771797798
60,3,10,150,35,0.08304365689381771
61,3,10,150,35,0.0
62,3,10,150,35,0.03806940785769845
63,3,10,150,35,0.0
64,3,10,150,35,0.0
65,3,10,150,35,0.2994759515353249
66,3,10,150,35,0.0
67,3,10,150,35,0.0
68,3,10,150,35,0.0
69,3,10,150,35,0.04340781395430378
70,3,10,150,35,0.0
71,3,10,150,35,0.07955752067133452
72,3,10,150,35,0.16084022171949366
73,3,10,150,35,0.051960280791503534
74,3,10,150,35,0.0
75,3,10,150,35,0.11731968150568911
76,3,10,150,35,0.14804398249667974
77,3,10,150,35,0.45287742747371695
78,3,10,150,35,0.0
79,3,10,150,35,0.0
80,3,10,150,35,0.08297572808511901
81,3,10,150,35,0.0
82,3,10,150,35,0.08926877557705373
83,3,10,150,35,0.04630610387058298
84,3,10,150,35,0.0
85,3,10,150,35,0.08369181519716012
86,3,10,150,35,0.07738888769495082
87,3,10,150,35,0.07940181510900858
88,3,10,150,35,0.0
89,3,10,150,35,0.22860031301980846
90,3,10,150,35,0.1645947422332442
91,3,10,150,35,0.13114221140465185
92,3,10,150,35,0.05070119503039574
93,3,10,150,35,0.0
94,3,10,150,35,0.18640348400803616
95,3,10,150,35,0.061836172422412086
96,3,10,150,35,0.06783204105472322
97,3,10,150,35,0.05502294157452004
98,3,10,150,35,0.0
99,3,10,150,35,0.0
100,3,10,150,35,0.0892789338684584
101,3,10,150,35,0.0
102,3,10,150,35,0.026001814664123827
103,3,10,150,35,0.07673373981757839
104,3,10,150,35,0.12171451575741458
106,3,10,150,35,0.05261577455142312
107,3,10,150,35,0.0
108,3,10,150,35,0.0
109,3,10,150,35,0.0675792786643424
110,3,10,150,35,0.039667414566743345
111,3,10,150,35,0.0
112,3,10,150,35,0.0
113,3,10,150,35,0.05449144662575446
114,3,10,150,35,0.07610811271330754
115,3,10,150,35,0.046806851959664796
116,3,10,150,35,0.055538752771150446
117,3,10,150,35,0.053589621006720926
118,3,10,150,35,0.0
119,3,10,150,35,0.034073291417269544
121,3,10,150,35,0.031678095293663194
122,3,10,150,35,0.0
123,3,10,150,35,0.46927872602275644
124,3,10,150,35,0.10889376106823218
125,3,10,150,35,0.09097808601263767
126,3,10,150,35,0.0
127,3,10,150,35,0.0
128,3,10,150,35,0.027576277569513717
129,3,10,150,35,0.0
130,3,10,150,35,0.06599562662489884
131,3,10,150,35,0.2803335894048546
132,3,10,150,35,0.09109240322345806
133,3,10,150,35,0.0
134,3,10,150,35,0.0
135,3,10,150,35,0.0
136,3,10,150,35,0.40257390286801836
137,3,10,150,35,0.0
138,3,10,150,35,0.21222747957761057
139,3,10,150,35,0.0
140,3,10,150,35,0.0
141,3,10,150,35,0.15194751309721466
142,3,10,150,35,0.30260241349881345
143,3,10,150,35,0.0
144,3,10,150,35,0.19201969646868908
145,3,10,150,35,0.019066616834155378
146,3,10,150,35,0.0
147,3,10,150,35,0.07610811271330754
148,3,10,150,35,0.042512356679180144
149,3,10,150,35,0.05446824630887794
150,3,10,150,35,0.0
151,3,10,150,35,0.07940895356247515
152,3,10,150,35,0.0
153,3,10,150,35,0.06516188295518531
154,3,10,150,35,0.0
155,3,10,150,35,0.0
156,3,10,150,35,0.0
157,3,10,150,35,0.0
158,3,10,150,35,0.055805240881847164
159,3,10,150,35,0.11026617795298452
160,3,10,150,35,0.0
161,3,10,150,35,0.0
162,3,10,150,35,0.0
163,3,10,150,35,0.0
164,3,10,150,35,0.0
165,3,10,150,35,0.09149012142095872
166,3,10,150,35,0.0
167,3,10,150,35,0.0
168,3,10,150,35,0.0
169,3,10,150,35,0.0
170,3,10,150,35,0.0
171,3,10,150,35,0.0
172,3,10,150,35,0.0
173,3,10,150,35,0.0
174,3,10,150,35,0.05481171384122219
175,3,10,150,35,0.4413254197204702
176,3,10,150,35,0.0347693136731627
177,3,10,150,35,0.0
178,3,10,150,35,0.18734674871343612
179,3,10,150,35,0.06599888514927177
180,3,10,150,35,0.0
181,3,10,150,35,0.04714279852034541
182,3,10,150,35,0.13120507751234178
183,3,10,150,35,0.0
184,3,10,150,35,0.0
185,3,10,150,35,0.0
186,3,10,150,35,0.0
187,3,10,150,35,0.14943466330084343
188,3,10,150,35,0.0
189,3,10,150,35,0.22982757951573698
190,3,10,150,35,0.0
191,3,10,150,35,0.0
192,3,10,150,35,0.0
193,3,10,150,35,0.0
194,3,10,150,35,0.03511240359718155
195,3,10,150,35,0.061734604266276284
196,3,10,150,35,0.17342765698823945
197,3,10,150,35,0.07304192939088519
198,3,10,150,35,0.10387325901274824
199,3,10,150,35,0.0
200,3,10,150,35,0.055179303887787655
201,3,10,150,35,0.221340972779932
202,3,10,150,35,0.0
203,3,10,150,35,0.0
204,3,10,150,35,0.0
205,3,10,150,35,0.0
206,3,10,150,35,0.0
207,3,10,150,35,0.01954109388192635
208,3,10,150,35,0.0
209,3,10,150,35,0.0
210,3,10,150,35,0.0
211,3,10,150,35,0.0
212,3,10,150,35,0.0559167101555819
213,3,10,150,35,0.08985507164305877
214,3,10,150,35,0.1257260924843343
215,3,10,150,35,0.157288596461893
216,3,10,150,35,0.25084019139208813
217,3,10,150,35,0.09048706939389563
218,3,10,150,35,0.06323567569191428
219,3,10,150,35,0.0
220,3,10,150,35,0.07807600999842033
221,3,10,150,35,0.09964173287591703
222,3,10,150,35,0.18863695578311826
223,3,10,150,35,0.039270700903099615
224,3,10,150,35,0.0
225,3,10,150,35,0.0
226,3,10,150,35,0.0
227,3,10,150,35,0.0
229,3,10,150,35,0.0
230,3,10,150,35,0.02671804748260287
231,3,10,150,35,0.0
232,3,10,150,35,0.0
233,3,10,150,35,0.15206723475089307
234,3,10,150,35,0.1270669601365409
235,3,10,150,35,0.04622440829742681
236,3,10,150,35,0.12127042983235181
237,3,10,150,35,0.0
238,3,10,150,35,0.0
239,3,10,150,35,0.07945424413307585
240,3,10,150,35,0.10235170428306553
241,3,10,150,35,0.1381300260171807
242,3,10,150,35,0.0
243,3,10,150,35,0.0
244,3,10,150,35,0.1324362264265921
245,3,10,150,35,0.0
246,3,10,150,35,0.08356426880363813
247,3,10,150,35,0.15642624200758548
248,3,10,150,35,0.23451355966072135
249,3,10,150,35,0.2191612092775145
250,3,10,150,35,0.07806699296748765
251,3,10,150,35,0.0
252,3,10,150,35,0.0
253,3,10,150,35,0.0
254,3,10,150,35,0.036502603141236205
255,3,10,150,35,0.07910544779148235
256,3,10,150,35,0.027736288621349494
257,3,10,150,35,0.12830873359117523
258,3,10,150,35,0.0
259,3,10,150,35,0.0
260,3,10,150,35,0.0
261,3,10,150,35,0.0
262,3,10,150,35,0.0
263,3,10,150,35,0.29196331077693755
264,3,10,150,35,0.22972462709034727
265,3,10,150,35,0.19802572813668026
266,3,10,150,35,0.0
267,3,10,150,35,0.18900236859104466
268,3,10,150,35,0.13953333287964562
269,3,10,150,35,0.020888382175722784
270,3,10,150,35,0.0
271,3,10,150,35,0.11334050693835591
272,3,10,150,35,0.0
273,3,10,150,35,0.0
274,3,10,150,35,0.0
275,3,10,150,35,0.0
276,3,10,150,35,0.2596163003704062
277,3,10,150,35,0.0
278,3,10,150,35,0.0
279,3,10,150,35,0.15535661393247385
280,3,10,150,35,0.07592466947052012
281,3,10,150,35,0.0
282,3,10,150,35,0.09659953929285248
283,3,10,150,35,0.0
284,3,10,150,35,0.0
285,3,10,150,35,0.0
286,3,10,150,35,0.0
287,3,10,150,35,0.0
288,3,10,150,35,0.09582711128539602
289,3,10,150,35,0.0
290,3,10,150,35,0.09647783930421741
291,3,10,150,35,0.1947864645001226
292,3,10,150,35,0.27665227928348557
293,3,10,150,35,0.03511240359718155
294,3,10,150,35,0.027616154831484434
295,3,10,150,35,0.09981690553366025
296,3,10,150,35,0.10235135297694252
297,3,10,150,35,0.030868393892711742
298,3,10,150,35,0.03719976603506465
299,3,10,150,35,0.0683432184605905
300,3,10,150,35,0.0
301,3,10,150,35,0.15114523456452514
302,3,10,150,35,0.0
303,3,10,150,35,0.2290989608188816
304,3,10,150,35,0.0
305,3,10,150,35,0.05632685771556529
306,3,10,150,35,0.0
307,3,10,150,35,0.10103677256052608
308,3,10,150,35,0.042453071342246955
309,3,10,150,35,0.0
310,3,10,150,35,0.2890648263178879
311,3,10,150,35,0.15557654226734
312,3,10,150,35,0.09774885223043435
313,3,10,150,35,0.09125359238121523
314,3,10,150,35,0.0843728393421543
315,3,10,150,35,0.09785159463516042
316,3,10,150,35,0.06076546216996844
317,3,10,150,35,0.0
318,3,10,150,35,0.052310015648999494
319,3,10,150,35,0.0
320,3,10,150,35,0.08947300054212491
321,3,10,150,35,0.08223795175588802
322,3,10,150,35,0.07955752067133452
323,3,10,150,35,0.12229181918924699
324,3,10,150,35,0.0
325,3,10,150,35,0.0
326,3,10,150,35,0.10817904857938596
327,3,10,150,35,0.0
328,3,10,150,35,0.1277111514724488
329,3,10,150,35,0.056720838976548935
330,3,10,150,35,0.2704009738666891
331,3,10,150,35,0.0
332,3,10,150,35,0.04320826906524808
333,3,10,150,35,0.0
334,3,10,150,35,0.1410260504060677
335,3,10,150,35,0.0
336,3,10,150,35,0.0
337,3,10,150,35,0.09992090652113537
338,3,10,150,35,0.0
339,3,10,150,35,0.145767359678607
340,3,10,150,35,0.12647135138382856
341,3,10,150,35,0.0
342,3,10,150,35,0.04223876692907803
343,3,10,150,35,0.29604134400557325
344,3,10,150,35,0.12507903512530547
345,3,10,150,35,0.1424339154132151
346,3,10,150,35,0.08852922637928903
347,3,10,150,35,0.053942918475641165
348,3,10,150,35,0.0
349,3,10,150,35,0.07123530534387781
350,3,10,150,35,0.12254756928380169
351,3,10,150,35,0.0
352,3,10,150,35,0.16282653392890226
353,3,10,150,35,0.09489642549953911
354,3,10,150,35,0.0
355,3,10,150,35,0.0
356,3,10,150,35,0.0
357,3,10,150,35,0.0
358,3,10,150,35,0.26730206653594746
359,3,10,150,35,0.0
360,3,10,150,35,0.10496459329418281
361,3,10,150,35,0.0
362,3,10,150,35,0.0
363,3,10,150,35,0.21605507720310627
364,3,10,150,35,0.0
365,3,10,150,35,0.0989084497079971
366,3,10,150,35,0.10684080426179023
367,3,10,150,35,0.1410054764628891
368,3,10,150,35,0.0
369,3,10,150,35,0.0
370,3,10,150,35,0.045683428159663184
371,3,10,150,35,0.09892739847751293
372,3,10,150,35,0.10673919722548196
373,3,10,150,35,0.18366381663367018
374,3,10,150,35,0.16689898952494348
375,3,10,150,35,0.0
376,3,10,150,35,0.0
377,3,10,150,35,0.053168340515114924
378,3,10,150,35,0.08541628050047205
379,3,10,150,35,0.12443249225300332
380,3,10,150,35,0.0
381,3,10,150,35,0.05707866018487045
382,3,10,150,35,0.07847428227110642
383,3,10,150,35,0.0
384,3,10,150,35,0.0
385,3,10,150,35,0.15861382175077116
386,3,10,150,35,0.0
387,3,10,150,35,0.02967342346016767
388,3,10,150,35,0.0
389,3,10,150,35,0.13917806798479734
390,3,10,150,35,0.21398626473452756
391,3,10,150,35,0.2558645268575362
392,3,10,150,35,0.06327372362257774
393,3,10,150,35,0.15832862742695747
394,3,10,150,35,0.10116995285908433
395,3,10,150,35,0.09286934188709499
396,3,10,150,35,0.0
397,3,10,150,35,0.05774550520460572
398,3,10,150,35,0.054903968480962524
399,3,10,150,35,0.0
400,3,10,150,35,0.0
401,3,10,150,35,0.0
402,3,10,150,35,0.469779625693621
403,3,10,150,35,0.0
404,3,10,150,35,0.0
405,3,10,150,35,0.29676191897664733
406,3,10,150,35,0.21050160464151535
407,3,10,150,35,0.0753107310301872
408,3,10,150,35,0.12083071655728543
409,3,10,150,35,0.1316186675398567
410,3,10,150,35,0.0
411,3,10,150,35,0.1128999930808451
412,3,10,150,35,0.0
413,3,10,150,35,0.10122860821230018
414,3,10,150,35,0.0
415,3,10,150,35,0.07605458145297357
416,3,10,150,35,0.24920147251379896
417,3,10,150,35,0.09160909253138544
418,3,10,150,35,0.07001560573318603
419,3,10,150,35,0.2098021491169666
420,3,10,150,35,0.0527075128660253
421,3,10,150,35,0.202729931306865
422,3,10,150,35,0.0
423,3,10,150,35,0.0
424,3,10,150,35,0.13291000263869587
425,3,10,150,35,0.0
426,3,10,150,35,0.10004388309532918
427,3,10,150,35,0.0
428,3,10,150,35,0.0
429,3,10,150,35,0.20429660375982278
430,3,10,150,35,0.062242588308449316
431,3,10,150,35,0.0
432,3,10,150,35,0.0
433,3,10,150,35,0.0
434,3,10,150,35,0.2247819585714142
435,3,10,150,35,0.34761136531926956
436,3,10,150,35,0.0739069759416354
437,3,10,150,35,0.06142078774065289
438,3,10,150,35,0.0
439,3,10,150,35,0.0
440,3,10,150,35,0.04258528250242427
441,3,10,150,35,0.0
442,3,10,150,35,0.058478916078390675
443,3,10,150,35,0.056720838976548935
444,3,10,150,35,0.19519002499605084
445,3,10,150,35,0.0
446,3,10,150,35,0.0
447,3,10,150,35,0.09914294517496557
448,3,10,150,35,0.0
449,3,10,150,35,0.0
450,3,10,150,35,0.365871550129119
451,3,10,150,35,0.0
452,3,10,150,35,0.06292755318354973
453,3,10,150,35,0.13392124957971085
454,3,10,150,35,0.0
455,3,10,150,35,0.18599270226404188
456,3,10,150,35,0.15044170402322535
457,3,10,150,35,0.5618902316343352
458,3,10,150,35,0.13883454027884976
459,3,10,150,35,0.04901586605894737
460,3,10,150,35,0.0
461,3,10,150,35,0.10778915452451093
462,3,10,150,35,0.16728714615527887
463,3,10,150,35,0.1032589365938857
464,3,10,150,35,0.04931346192675315
465,3,10,150,35,0.0733934381893728
466,3,10,150,35,0.0750834162528243
467,3,10,150,35,0.0
468,3,10,150,35,0.4240698698351618
469,3,10,150,35,0.050924439617225085
470,3,10,150,35,0.040162930685297936
471,3,10,150,35,0.0
472,3,10,150,35,0.314052566671334
473,3,10,150,35,0.050005013043213774
474,3,10,150,35,0.42412812431650887
475,3,10,150,35,0.0
476,3,10,150,35,0.12097589732794561
477,3,10,150,35,0.0
478,3,10,150,35,0.2059565668593519
479,3,10,150,35,0.0989854077488716
480,3,10,150,35,0.0881980292211471
481,3,10,150,35,0.0
482,3,10,150,35,0.10209739512291163
483,3,10,150,35,0.06194403202282284
484,3,10,150,35,0.25715167189980337
485,3,10,150,35,0.0
486,3,10,150,35,0.07120609874177987
487,3,10,150,35,0.12984902200742052
488,3,10,150,35,0.062192625389540866
489,3,10,150,35,0.0
490,3,10,150,35,0.06490403551612171
491,3,10,150,35,0.17758207479178334
492,3,10,150,35,0.05821640931129437
493,3,10,150,35,0.18532321226101792
494,3,10,150,35,0.11299367690705851
495,3,10,150,35,0.06882758341383673
496,3,10,150,35,0.07271211160102074
497,3,10,150,35,0.038133233668310756
498,3,10,150,35,0.021226535671123477
499,3,10,150,35,0.06234993712795562
500,3,10,150,35,0.06455745313203712
501,3,10,150,35,0.0
502,3,10,150,35,0.0
503,3,10,150,35,0.28875408814019254
504,3,10,150,35,0.0899110389182686
505,3,10,150,35,0.025255271126572616
506,3,10,150,35,0.15540904430944782
507,3,10,150,35,0.0
508,3,10,150,35,0.14644736966448654
509,3,10,150,35,0.0
510,3,10,150,35,0.12427147932737166
511,3,10,150,35,0.12155021559723776
512,3,10,150,35,0.0
513,3,10,150,35,0.0
514,3,10,150,35,0.2867159053221967
515,3,10,150,35,0.0
516,3,10,150,35,0.07947838320659593
517,3,10,150,35,0.03859643636257609
518,3,10,150,35,0.027225028724417157
519,3,10,150,35,0.0
520,3,10,150,35,0.0
521,3,10,150,35,0.09857297906382075
522,3,10,150,35,0.16542389351858164
523,3,10,150,35,0.14958239437556436
524,3,10,150,35,0.05260991383889243
525,3,10,150,35,0.06516045994396072
526,3,10,150,35,0.03112959369469351
527,3,10,150,35,0.1845732602395537
528,3,10,150,35,0.07272826563447823
529,3,10,150,35,0.0
530,3,10,150,35,0.0
531,3,10,150,35,0.0
532,3,10,150,35,0.19012115541313765
533,3,10,150,35,0.2118134409784418
534,3,10,150,35,0.05167975836235349
535,3,10,150,35,0.3140291087863158
536,3,10,150,35,0.16849031710312734
537,3,10,150,35,0.33072748520852024
538,3,10,150,35,0.09944592215223559
539,3,10,150,35,0.0
540,3,10,150,35,0.0
541,3,10,150,35,0.07159580474715524
542,3,10,150,35,0.04928648953191037
543,3,10,150,35,0.0
544,3,10,150,35,0.0
545,3,10,150,35,0.22082835982523435
546,3,10,150,35,0.028335946945814334
547,3,10,150,35,0.0
548,3,10,150,35,0.0753107310301872
549,3,10,150,35,0.10184659627402569
550,3,10,150,35,0.0845667599404342
551,3,10,150,35,0.2860638068165363
552,3,10,150,35,0.0
553,3,10,150,35,0.09570787878815254
554,3,10,150,35,0.0
555,3,10,150,35,0.037070343480771185
556,3,10,150,35,0.2436420788359897
557,3,10,150,35,0.044530079137671444
558,3,10,150,35,0.21398626473452756
559,3,10,150,35,0.05197263342915245
560,3,10,150,35,0.11942337490935596
561,3,10,150,35,0.11353056982272104
562,3,10,150,35,0.04619355099145998
563,3,10,150,35,0.10791970824616881
564,3,10,150,35,0.0
565,3,10,150,35,0.14337418847532693
566,3,10,150,35,0.11426797666092027
567,3,10,150,35,0.4121122073971189
568,3,10,150,35,0.02548915132906805
569,3,10,150,35,0.023835426911994775
570,3,10,150,35,0.0
571,3,10,150,35,0.0512644431393966
572,3,10,150,35,0.30260241349881345
573,3,10,150,35,0.0
574,3,10,150,35,0.0
575,3,10,150,35,0.07945707943276742
576,3,10,150,35,0.0
577,3,10,150,35,0.2534437384057669
578,3,10,150,35,0.0
579,3,10,150,35,0.06152644703210656
580,3,10,150,35,0.0
581,3,10,150,35,0.0
582,3,10,150,35,0.06679511870650716
583,3,10,150,35,0.0874717141014082
584,3,10,150,35,0.20261715588288354
585,3,10,150,35,0.042225550968526857
586,3,10,150,35,0.10434194996026272
587,3,10,150,35,0.0
588,3,10,150,35,0.23809135949264992
589,3,10,150,35,0.0
590,3,10,150,35,0.1076424320455391
591,3,10,150,35,0.08651464973019597
592,3,10,150,35,0.3046818555418357
593,3,10,150,35,0.1378065726006984
594,3,10,150,35,0.0
595,3,10,150,35,0.043535895031972305
596,3,10,150,35,0.09803928583135704
597,3,10,150,35,0.0
598,3,10,150,35,0.0
599,3,10,150,35,0.0
600,3,10,150,35,0.14086464850416436
601,3,10,150,35,0.1904390279135293
602,3,10,150,35,0.041278922835426404
603,3,10,150,35,0.12541207695631323
604,3,10,150,35,0.0
605,3,10,150,35,0.1608769875869956
606,3,10,150,35,0.3930925087206433
607,3,10,150,35,0.0
608,3,10,150,35,0.2605681853090684
609,3,10,150,35,0.0
610,3,10,150,35,0.08443863559321411
611,3,10,150,35,0.0
612,3,10,150,35,0.09162544430476362
613,3,10,150,35,0.12468575026986017
614,3,10,150,35,0.1467868763787456
615,3,10,150,35,0.08897801000789968
616,3,10,150,35,0.030480958763669998
617,3,10,150,35,0.020730875129846955
618,3,10,150,35,0.09857297906382075
619,3,10,150,35,0.10428972984818292
620,3,10,150,35,0.1717765398347941
621,3,10,150,35,0.107434829492618
622,3,10,150,35,0.2730909744724664
623,3,10,150,35,0.04214302778527282
624,3,10,150,35,0.026638179938609747
625,3,10,150,35,0.07778047060463052
626,3,10,150,35,0.0
627,3,10,150,35,0.16936980398082055
628,3,10,150,35,0.0
629,3,10,150,35,0.2814229815496066
630,3,10,150,35,0.08338300808819155
631,3,10,150,35,0.13449792459172438
632,3,10,150,35,0.024643244765955186
633,3,10,150,35,0.050456115328747164
634,3,10,150,35,0.07592466947052012
635,3,10,150,35,0.0
636,3,10,150,35,0.3615974840572412
637,3,10,150,35,0.0
638,3,10,150,35,0.05152901435389809
639,3,10,150,35,0.0
640,3,10,150,35,0.1732970173096693
641,3,10,150,35,0.051358492238643604
642,3,10,150,35,0.3724078509438475
643,3,10,150,35,0.3796660053429719
644,3,10,150,35,0.0
645,3,10,150,35,0.1172868671025642
646,3,10,150,35,0.11243817952384734
647,3,10,150,35,0.06590268968688952
648,3,10,150,35,0.21415771478626128
649,3,10,150,35,0.0
650,3,10,150,35,0.1656692951720229
651,3,10,150,35,0.0
652,3,10,150,35,0.0
653,3,10,150,35,0.17069947386623538
654,3,10,150,35,0.08836001305698296
655,3,10,150,35,0.4402462459928623
656,3,10,150,35,0.0
657,3,10,150,35,0.2504953915210566
658,3,10,150,35,0.060940873429931944
659,3,10,150,35,0.12080623517236781
660,3,10,150,35,0.0
661,3,10,150,35,0.1401635526530305
662,3,10,150,35,0.0
663,3,10,150,35,0.14659151851863278
664,3,10,150,35,0.40961822330041575
665,3,10,150,35,0.04928648953191037
666,3,10,150,35,0.18846842150938825
667,3,10,150,35,0.027785635271073788
668,3,10,150,35,0.0
669,3,10,150,35,0.19588788032265295
670,3,10,150,35,0.0
671,3,10,150,35,0.20765596797612018
672,3,10,150,35,0.048159222084064895
673,3,10,150,35,0.0
674,3,10,150,35,0.0
675,3,10,150,35,0.0382580635535654
676,3,10,150,35,0.2339437895381346
677,3,10,150,35,0.0720796116407523
678,3,10,150,35,0.0
679,3,10,150,35,0.11762347622897054
680,3,10,150,35,0.0
681,3,10,150,35,0.0
682,3,10,150,35,0.40564714383716155
683,3,10,150,35,0.02677435355254797
684,3,10,150,35,0.03511240359718155
685,3,10,150,35,0.09030583455080088
686,3,10,150,35,0.10437401422295152
687,3,10,150,35,0.0
688,3,10,150,35,0.0
689,3,10,150,35,0.37279254620421465
690,3,10,150,35,0.2629633175269354
691,3,10,150,35,0.5575827236098854
692,3,10,150,35,0.03353522641880846
693,3,10,150,35,0.06709631610820214
694,3,10,150,35,0.2511323033978137
695,3,10,150,35,0.0
696,3,10,150,35,0.043134162606390795
697,3,10,150,35,0.057998904230358694
698,3,10,150,35,0.0
699,3,10,150,35,0.0457434110360538
700,3,10,150,35,0.0
701,3,10,150,35,0.0906790485156717
702,3,10,150,35,0.0
703,3,10,150,35,0.21888235022994418
704,3,10,150,35,0.133158834024696
705,3,10,150,35,0.2041787513944474
706,3,10,150,35,0.0
707,3,10,150,35,0.3299821186477755
708,3,10,150,35,0.03927253144454512
709,3,10,150,35,0.1473734109972325
710,3,10,150,35,0.25040922491354684
711,3,10,150,35,0.1746115770105291
712,3,10,150,35,0.1126105955064258
713,3,10,150,35,0.0
714,3,10,150,35,0.09998274523051486
715,3,10,150,35,0.22350773916103844
716,3,10,150,35,0.2863658606586872
717,3,10,150,35,0.08455030681958395
718,3,10,150,35,0.0
719,3,10,150,35,0.10353175087921149
720,3,10,150,35,0.0
721,3,10,150,35,0.10091405139498118
722,3,10,150,35,0.04173963774222741
723,3,10,150,35,0.0
724,3,10,150,35,0.0
725,3,10,150,35,0.0
726,3,10,150,35,0.061080020762274374
727,3,10,150,35,0.09002732028977722
728,3,10,150,35,0.0
729,3,10,150,35,0.0
730,3,10,150,35,0.0
731,3,10,150,35,0.12722225921196534
732,3,10,150,35,0.05717828980196049
733,3,10,150,35,0.020730875129846955
734,3,10,150,35,0.08131766139183766
735,3,10,150,35,0.08151055815578559
736,3,10,150,35,0.047009109882897075
737,3,10,150,35,0.12127716502890909
738,3,10,150,35,0.1293732181450192
739,3,10,150,35,0.18767092572990207
740,3,10,150,35,0.0
741,3,10,150,35,0.05908892019155974
742,3,10,150,35,0.0527075128660253
743,3,10,150,35,0.049043960636177025
744,3,10,150,35,0.0
745,3,10,150,35,0.06774344219296054
746,3,10,150,35,0.24124954544361757
747,3,10,150,35,0.16007536997994612
748,3,10,150,35,0.04132344798443041
749,3,10,150,35,0.42515440909047947
750,3,10,150,35,0.11197706748992688
751,3,10,150,35,0.04283525691963712
752,3,10,150,35,0.0
753,3,10,150,35,0.04072612696308379
754,3,10,150,35,0.0
755,3,10,150,35,0.0
756,3,10,150,35,0.044143057780823704
757,3,10,150,35,0.10063490788253271
758,3,10,150,35,0.2270105287343467
759,3,10,150,35,0.0
760,3,10,150,35,0.1247347853608844
761,3,10,150,35,0.17663858756688974
762,3,10,150,35,0.0
763,3,10,150,35,0.08183631324225338
764,3,10,150,35,0.024619085952596504
765,3,10,150,35,0.0
766,3,10,150,35,0.047754962012435925
767,3,10,150,35,0.1269544353559099
768,3,10,150,35,0.05059568297461706
769,3,10,150,35,0.0
770,3,10,150,35,0.18348359547343202
771,3,10,150,35,0.02778871948897756
772,3,10,150,35,0.0
773,3,10,150,35,0.1484467688505708
774,3,10,150,35,0.0
775,3,10,150,35,0.0
776,3,10,150,35,0.0
777,3,10,150,35,0.0
778,3,10,150,35,0.08961728720334347
779,3,10,150,35,0.0
780,3,10,150,35,0.12311997034702767
781,3,10,150,35,0.12572447169101508
782,3,10,150,35,0.0
783,3,10,150,35,0.0
784,3,10,150,35,0.04582425041433568
785,3,10,150,35,0.2848262604068979
786,3,10,150,35,0.12055956650133608
787,3,10,150,35,0.0
788,3,10,150,35,0.04644666900788483
789,3,10,150,35,0.14531023848228133
790,3,10,150,35,0.08683587015549606
791,3,10,150,35,0.059480024314918285
792,3,10,150,35,0.059109628562248356
793,3,10,150,35,0.08021827351724287
794,3,10,150,35,0.08021827351724287
795,3,10,150,35,0.06886690743551852
796,3,10,150,35,0.12076808776133549
797,3,10,150,35,0.13905617951077562
798,3,10,150,35,0.0
799,3,10,150,35,0.2836929289153804
800,3,10,150,35,0.0
801,3,10,150,35,0.0
802,3,10,150,35,0.05621908976192367
803,3,10,150,35,0.0
804,3,10,150,35,0.31861824672744304
805,3,10,150,35,0.17055115064036094
806,3,10,150,35,0.06379369995120096
807,3,10,150,35,0.17269258654106337
808,3,10,150,35,0.0
809,3,10,150,35,0.0
810,3,10,150,35,0.0
811,3,10,150,35,0.0
812,3,10,150,35,0.0
813,3,10,150,35,0.0
814,3,10,150,35,0.0
815,3,10,150,35,0.053543749239706395
816,3,10,150,35,0.10105367325027378
817,3,10,150,35,0.0
818,3,10,150,35,0.0
819,3,10,150,35,0.0
820,3,10,150,35,0.12262943855309168
821,3,10,150,35,0.053168340515114924
822,3,10,150,35,0.0
823,3,10,150,35,0.10148718580906937
824,3,10,150,35,0.0
825,3,10,150,35,0.16434089815347858
826,3,10,150,35,0.04455257454866284
827,3,10,150,35,0.0
828,3,10,150,35,0.0
829,3,10,150,35,0.0
830,3,10,150,35,0.05059568297461706
831,3,10,150,35,0.04522637401768292
832,3,10,150,35,0.0
833,3,10,150,35,0.05828935682373833
834,3,10,150,35,0.0
835,3,10,150,35,0.0735972053503585
836,3,10,150,35,0.0
837,3,10,150,35,0.05351287869030783
838,3,10,150,35,0.08633629724227374
839,3,10,150,35,0.0
840,3,10,150,35,0.07656878929530339
841,3,10,150,35,0.0
842,3,10,150,35,0.0
843,3,10,150,35,0.04209275315645388
844,3,10,150,35,0.0
845,3,10,150,35,0.0
846,3,10,150,35,0.09924548857390884
847,3,10,150,35,0.0
848,3,10,150,35,0.0
849,3,10,150,35,0.0
850,3,10,150,35,0.06228974831361337
851,3,10,150,35,0.19821654229071958
852,3,10,150,35,0.07256783117062009
853,3,10,150,35,0.0
854,3,10,150,35,0.0
855,3,10,150,35,0.0
856,3,10,150,35,0.0
857,3,10,150,35,0.0
858,3,10,150,35,0.0
859,3,10,150,35,0.0
860,3,10,150,35,0.0
861,3,10,150,35,0.12754356661958802
862,3,10,150,35,0.0559167101555819
863,3,10,150,35,0.0
864,3,10,150,35,0.1615328695620339
865,3,10,150,35,0.0
866,3,10,150,35,0.0
867,3,10,150,35,0.13120507751234178
868,3,10,150,35,0.0
870,3,10,150,35,0.0
871,3,10,150,35,0.0
872,3,10,150,35,0.0
875,3,10,150,35,0.1395953738647505
876,3,10,150,35,0.0
877,3,10,150,35,0.0
1,3,10,150,36,0.6590672601015597
2,3,10,150,36,0.10688238502350729
3,3,10,150,36,0.0
4,3,10,150,36,0.0
5,3,10,150,36,0.0583775815185038
6,3,10,150,36,0.05340978172012693
7,3,10,150,36,0.22241199323376182
8,3,10,150,36,0.0554835367217868
9,3,10,150,36,0.0
10,3,10,150,36,0.16409920264511527
11,3,10,150,36,0.02551528631909195
12,3,10,150,36,0.0
13,3,10,150,36,0.20156555625896996
14,3,10,150,36,0.05601843521033356
15,3,10,150,36,0.0
16,3,10,150,36,0.1132290250664985
17,3,10,150,36,0.12066394366711926
18,3,10,150,36,0.11557900964955371
19,3,10,150,36,0.0
20,3,10,150,36,0.14530105135237878
21,3,10,150,36,0.03475017269886857
22,3,10,150,36,0.0641836005852075
23,3,10,150,36,0.16093766472693694
24,3,10,150,36,0.2641541177211491
25,3,10,150,36,0.0
26,3,10,150,36,0.0
28,3,10,150,36,0.0
29,3,10,150,36,0.0
30,3,10,150,36,0.0979129253499678
31,3,10,150,36,0.06076546216996844
32,3,10,150,36,0.0
33,3,10,150,36,0.0
34,3,10,150,36,0.0
35,3,10,150,36,0.0
37,3,10,150,36,0.0488929053971083
38,3,10,150,36,0.0
39,3,10,150,36,0.0
40,3,10,150,36,0.0
41,3,10,150,36,0.0
42,3,10,150,36,0.11676800180580715
43,3,10,150,36,0.23313760932547176
44,3,10,150,36,0.07698159974258616
45,3,10,150,36,0.0
46,3,10,150,36,0.14434031438272124
47,3,10,150,36,0.0
48,3,10,150,36,0.0874717141014082
49,3,10,150,36,0.06558450189788582
50,3,10,150,36,0.0
51,3,10,150,36,0.18953836965473142
52,3,10,150,36,0.04892579731758021
53,3,10,150,36,0.09546043308946733
54,3,10,150,36,0.07984133538066794
55,3,10,150,36,0.0
56,3,10,150,36,0.03975645576081676
57,3,10,150,36,0.0
58,3,10,150,36,0.10796876451088402
59,3,10,150,36,0.2020268599013417
60,3,10,150,36,0.08304365689381771
61,3,10,150,36,0.0
62,3,10,150,36,0.03806940785769845
63,3,10,150,36,0.0
64,3,10,150,36,0.0
65,3,10,150,36,0.2994759515353249
66,3,10,150,36,0.0
67,3,10,150,36,0.0
68,3,10,150,36,0.0
69,3,10,150,36,0.04340781395430378
70,3,10,150,36,0.0
71,3,10,150,36,0.07955752067133452
72,3,10,150,36,0.16084022171949366
73,3,10,150,36,0.051960280791503534
74,3,10,150,36,0.0
75,3,10,150,36,0.11731968150568911
76,3,10,150,36,0.14804398249667974
77,3,10,150,36,0.45287742747371695
78,3,10,150,36,0.0
79,3,10,150,36,0.0
80,3,10,150,36,0.08297572808511901
81,3,10,150,36,0.0
82,3,10,150,36,0.08926877557705373
83,3,10,150,36,0.04630610387058298
84,3,10,150,36,0.0
85,3,10,150,36,0.0821376119940258
86,3,10,150,36,0.07738888769495082
87,3,10,150,36,0.07940181510900858
88,3,10,150,36,0.0
89,3,10,150,36,0.22860031301980846
90,3,10,150,36,0.1801086789841392
91,3,10,150,36,0.13114221140465185
92,3,10,150,36,0.04975964585341418
93,3,10,150,36,0.0
94,3,10,150,36,0.18294186842187407
95,3,10,150,36,0.061836172422412086
96,3,10,150,36,0.06783204105472322
97,3,10,150,36,0.05502294157452004
98,3,10,150,36,0.0
99,3,10,150,36,0.0
100,3,10,150,36,0.0892789338684584
101,3,10,150,36,0.0
102,3,10,150,36,0.026001814664123827
103,3,10,150,36,0.07673373981757839
104,3,10,150,36,0.12171451575741458
106,3,10,150,36,0.05261577455142312
107,3,10,150,36,0.0
108,3,10,150,36,0.0
109,3,10,150,36,0.06632429415817301
110,3,10,150,36,0.039667414566743345
111,3,10,150,36,0.0
112,3,10,150,36,0.06510475888148554
113,3,10,150,36,0.05449144662575446
114,3,10,150,36,0.07610811271330754
115,3,10,150,36,0.046806851959664796
116,3,10,150,36,0.055538752771150446
117,3,10,150,36,0.053589621006720926
118,3,10,150,36,0.0
119,3,10,150,36,0.034073291417269544
121,3,10,150,36,0.031678095293663194
122,3,10,150,36,0.0
123,3,10,150,36,0.46927872602275644
124,3,10,150,36,0.10889376106823218
125,3,10,150,36,0.09097808601263767
126,3,10,150,36,0.0
127,3,10,150,36,0.0
128,3,10,150,36,0.027576277569513717
129,3,10,150,36,0.0
130,3,10,150,36,0.06477005141122186
131,3,10,150,36,0.2803335894048546
132,3,10,150,36,0.09109240322345806
133,3,10,150,36,0.0
134,3,10,150,36,0.0
135,3,10,150,36,0.0
136,3,10,150,36,0.40257390286801836
137,3,10,150,36,0.0
138,3,10,150,36,0.21222747957761057
139,3,10,150,36,0.0
140,3,10,150,36,0.0
141,3,10,150,36,0.15194751309721466
142,3,10,150,36,0.30260241349881345
143,3,10,150,36,0.0
144,3,10,150,36,0.19201969646868908
145,3,10,150,36,0.01871253923544672
146,3,10,150,36,0.0
147,3,10,150,36,0.07610811271330754
148,3,10,150,36,0.042512356679180144
149,3,10,150,36,0.05446824630887794
150,3,10,150,36,0.0
151,3,10,150,36,0.09650483742852994
152,3,10,150,36,0.0
153,3,10,150,36,0.06516188295518531
154,3,10,150,36,0.0
155,3,10,150,36,0.0
156,3,10,150,36,0.0
157,3,10,150,36,0.0
158,3,10,150,36,0.055805240881847164
159,3,10,150,36,0.11026617795298452
160,3,10,150,36,0.0
161,3,10,150,36,0.0
162,3,10,150,36,0.0
163,3,10,150,36,0.0
164,3,10,150,36,0.0
165,3,10,150,36,0.09149012142095872
166,3,10,150,36,0.0
167,3,10,150,36,0.0
168,3,10,150,36,0.0
169,3,10,150,36,0.0
170,3,10,150,36,0.0
171,3,10,150,36,0.0
172,3,10,150,36,0.0
173,3,10,150,36,0.0
174,3,10,150,36,0.05481171384122219
175,3,10,150,36,0.4413254197204702
176,3,10,150,36,0.0347693136731627
177,3,10,150,36,0.0
178,3,10,150,36,0.183867616181046
179,3,10,150,36,0.06599888514927177
180,3,10,150,36,0.0
181,3,10,150,36,0.04626733073066455
182,3,10,150,36,0.13120507751234178
183,3,10,150,36,0.0
184,3,10,150,36,0.0
185,3,10,150,36,0.0
186,3,10,150,36,0.0
187,3,10,150,36,0.14943466330084343
188,3,10,150,36,0.0
189,3,10,150,36,0.22982757951573698
190,3,10,150,36,0.0
191,3,10,150,36,0.0
192,3,10,150,36,0.0
193,3,10,150,36,0.0
194,3,10,150,36,0.03511240359718155
195,3,10,150,36,0.061734604266276284
196,3,10,150,36,0.17342765698823945
197,3,10,150,36,0.07304192939088519
198,3,10,150,36,0.10387325901274824
199,3,10,150,36,0.0
200,3,10,150,36,0.055179303887787655
201,3,10,150,36,0.21723054874301723
202,3,10,150,36,0.0
203,3,10,150,36,0.0
204,3,10,150,36,0.0
205,3,10,150,36,0.0
206,3,10,150,36,0.0
207,3,10,150,36,0.019178204982546035
208,3,10,150,36,0.0
209,3,10,150,36,0.0
210,3,10,150,36,0.0
211,3,10,150,36,0.0
212,3,10,150,36,0.0559167101555819
213,3,10,150,36,0.08985507164305877
214,3,10,150,36,0.1257260924843343
215,3,10,150,36,0.157288596461893
216,3,10,150,36,0.25084019139208813
217,3,10,150,36,0.09048706939389563
218,3,10,150,36,0.06323567569191428
219,3,10,150,36,0.0
220,3,10,150,36,0.07807600999842033
221,3,10,150,36,0.09964173287591703
222,3,10,150,36,0.18513386339329546
223,3,10,150,36,0.039270700903099615
224,3,10,150,36,0.0
225,3,10,150,36,0.0
226,3,10,150,36,0.0
227,3,10,150,36,0.0
229,3,10,150,36,0.0
230,3,10,150,36,0.052361858461777586
231,3,10,150,36,0.0
232,3,10,150,36,0.0
233,3,10,150,36,0.15206723475089307
234,3,10,150,36,0.1247072565503358
235,3,10,150,36,0.04622440829742681
236,3,10,150,36,0.12127042983235181
237,3,10,150,36,0.0
238,3,10,150,36,0.0
239,3,10,150,36,0.07945424413307585
240,3,10,150,36,0.10235170428306553
241,3,10,150,36,0.1381300260171807
242,3,10,150,36,0.0
243,3,10,150,36,0.0
244,3,10,150,36,0.1324362264265921
245,3,10,150,36,0.0
246,3,10,150,36,0.08356426880363813
247,3,10,150,36,0.15642624200758548
248,3,10,150,36,0.23451355966072135
249,3,10,150,36,0.24832885939983587
250,3,10,150,36,0.07806699296748765
251,3,10,150,36,0.0
252,3,10,150,36,0.0
253,3,10,150,36,0.0
254,3,10,150,36,0.036502603141236205
255,3,10,150,36,0.07910544779148235
256,3,10,150,36,0.027736288621349494
257,3,10,150,36,0.12830873359117523
258,3,10,150,36,0.0
259,3,10,150,36,0.0
260,3,10,150,36,0.0
261,3,10,150,36,0.0
262,3,10,150,36,0.0
263,3,10,150,36,0.29196331077693755
264,3,10,150,36,0.22972462709034727
265,3,10,150,36,0.19802572813668026
266,3,10,150,36,0.0
267,3,10,150,36,0.18900236859104466
268,3,10,150,36,0.1369421218706041
269,3,10,150,36,0.020888382175722784
270,3,10,150,36,0.0
271,3,10,150,36,0.111235711164558
272,3,10,150,36,0.0
273,3,10,150,36,0.0
274,3,10,150,36,0.0
275,3,10,150,36,0.0
276,3,10,150,36,0.2547950823735087
277,3,10,150,36,0.0
278,3,10,150,36,0.0
279,3,10,150,36,0.15247155586038957
280,3,10,150,36,0.07451470645071935
281,3,10,150,36,0.0
282,3,10,150,36,0.09659953929285248
283,3,10,150,36,0.0
284,3,10,150,36,0.0
285,3,10,150,36,0.0
286,3,10,150,36,0.0
287,3,10,150,36,0.0
288,3,10,150,36,0.09582711128539602
289,3,10,150,36,0.0
290,3,10,150,36,0.09647783930421741
291,3,10,150,36,0.19116917233911362
292,3,10,150,36,0.27665227928348557
293,3,10,150,36,0.03446034688157651
294,3,10,150,36,0.027616154831484434
295,3,10,150,36,0.09981690553366025
296,3,10,150,36,0.10235135297694252
297,3,10,150,36,0.030868393892711742
298,3,10,150,36,0.03719976603506465
299,3,10,150,36,0.06707404717073702
300,3,10,150,36,0.0
301,3,10,150,36,0.14833838413183617
302,3,10,150,36,0.0
303,3,10,150,36,0.22484446666194843
304,3,10,150,36,0.0
305,3,10,150,36,0.05528083687735323
306,3,10,150,36,0.0
307,3,10,150,36,0.13128644747266613
308,3,10,150,36,0.04166469437482698
309,3,10,150,36,0.0
310,3,10,150,36,0.2890648263178879
311,3,10,150,36,0.15557654226734
312,3,10,150,36,0.09774885223043435
313,3,10,150,36,0.08955896280193935
314,3,10,150,36,0.0843728393421543
315,3,10,150,36,0.09785159463516042
316,3,10,150,36,0.06076546216996844
317,3,10,150,36,0.0
318,3,10,150,36,0.052310015648999494
319,3,10,150,36,0.0
320,3,10,150,36,0.08947300054212491
321,3,10,150,36,0.08223795175588802
322,3,10,150,36,0.07955752067133452
323,3,10,150,36,0.12229181918924699
324,3,10,150,36,0.0
325,3,10,150,36,0.0
326,3,10,150,36,0.10817904857938596
327,3,10,150,36,0.0
328,3,10,150,36,0.12533948489756505
329,3,10,150,36,0.056720838976548935
330,3,10,150,36,0.2704009738666891
331,3,10,150,36,0.0
332,3,10,150,36,0.04320826906524808
333,3,10,150,36,0.0
334,3,10,150,36,0.13840711880863318
335,3,10,150,36,0.0
336,3,10,150,36,0.0
337,3,10,150,36,0.09992090652113537
338,3,10,150,36,0.0
339,3,10,150,36,0.145767359678607
340,3,10,150,36,0.12647135138382856
341,3,10,150,36,0.0
342,3,10,150,36,0.04223876692907803
343,3,10,150,36,0.29054369284303444
344,3,10,150,36,0.12275624840382335
345,3,10,150,36,0.13978883898550615
346,3,10,150,36,0.08852922637928903
347,3,10,150,36,0.0758661828869556
348,3,10,150,36,0.0
349,3,10,150,36,0.07123530534387781
350,3,10,150,36,0.12254756928380169
351,3,10,150,36,0.0
352,3,10,150,36,0.16282653392890226
353,3,10,150,36,0.09489642549953911
354,3,10,150,36,0.0
355,3,10,150,36,0.0
356,3,10,150,36,0.0
357,3,10,150,36,0.0
358,3,10,150,36,0.26730206653594746
359,3,10,150,36,0.0749368547125808
360,3,10,150,36,0.10496459329418281
361,3,10,150,36,0.0
362,3,10,150,36,0.0
363,3,10,150,36,0.21204281516468063
364,3,10,150,36,0.0
365,3,10,150,36,0.0989084497079971
366,3,10,150,36,0.10684080426179023
367,3,10,150,36,0.1410054764628891
368,3,10,150,36,0.0
369,3,10,150,36,0.0
370,3,10,150,36,0.045683428159663184
371,3,10,150,36,0.09892739847751293
372,3,10,150,36,0.10673919722548196
373,3,10,150,36,0.1802530781828496
374,3,10,150,36,0.1637995831671238
375,3,10,150,36,0.0
376,3,10,150,36,0.0
377,3,10,150,36,0.053168340515114924
378,3,10,150,36,0.08383005302481135
379,3,10,150,36,0.12212171218952865
380,3,10,150,36,0.0
381,3,10,150,36,0.05707866018487045
382,3,10,150,36,0.07847428227110642
383,3,10,150,36,0.0
384,3,10,150,36,0.0
385,3,10,150,36,0.17423882749628236
386,3,10,150,36,0.0
387,3,10,150,36,0.029122371607831713
388,3,10,150,36,0.0
389,3,10,150,36,0.1365934544409468
390,3,10,150,36,0.21398626473452756
391,3,10,150,36,0.2558645268575362
392,3,10,150,36,0.06327372362257774
393,3,10,150,36,0.15538837742383427
394,3,10,150,36,0.10116995285908433
395,3,10,150,36,0.09286934188709499
396,3,10,150,36,0.0
397,3,10,150,36,0.05774550520460572
398,3,10,150,36,0.053884371481221584
399,3,10,150,36,0.0
400,3,10,150,36,0.0
401,3,10,150,36,0.0
402,3,10,150,36,0.469779625693621
403,3,10,150,36,0.0
404,3,10,150,36,0.0
405,3,10,150,36,0.2912508863391638
406,3,10,150,36,0.20659247365387898
407,3,10,150,36,0.07391216918609572
408,3,10,150,36,0.12083071655728543
409,3,10,150,36,0.12917443623479047
410,3,10,150,36,0.0
411,3,10,150,36,0.1128999930808451
412,3,10,150,36,0.0
413,3,10,150,36,0.10122860821230018
414,3,10,150,36,0.0
415,3,10,150,36,0.07605458145297357
416,3,10,150,36,0.24457366361881544
417,3,10,150,36,0.08990786111809738
418,3,10,150,36,0.07001560573318603
419,3,10,150,36,0.2098021491169666
420,3,10,150,36,0.0527075128660253
421,3,10,150,36,0.202729931306865
422,3,10,150,36,0.0
423,3,10,150,36,0.0
424,3,10,150,36,0.13291000263869587
425,3,10,150,36,0.0
426,3,10,150,36,0.10004388309532918
427,3,10,150,36,0.0
428,3,10,150,36,0.0
429,3,10,150,36,0.20050270306350054
430,3,10,150,36,0.062242588308449316
431,3,10,150,36,0.0
432,3,10,150,36,0.0
433,3,10,150,36,0.0
434,3,10,150,36,0.2247819585714142
435,3,10,150,36,0.3411560303961069
436,3,10,150,36,0.0739069759416354
437,3,10,150,36,0.060280169810205675
438,3,10,150,36,0.0
439,3,10,150,36,0.0
440,3,10,150,36,0.04258528250242427
441,3,10,150,36,0.0
442,3,10,150,36,0.058478916078390675
443,3,10,150,36,0.056720838976548935
444,3,10,150,36,0.19519002499605084
445,3,10,150,36,0.0
446,3,10,150,36,0.0
447,3,10,150,36,0.09914294517496557
448,3,10,150,36,0.0
449,3,10,150,36,0.0
450,3,10,150,36,0.359077113495061
451,3,10,150,36,0.0
452,3,10,150,36,0.06175895378714667
453,3,10,150,36,0.13392124957971085
454,3,10,150,36,0.0
455,3,10,150,36,0.18253871512160277
456,3,10,150,36,0.1476479185410123
457,3,10,150,36,0.5514556198893434
458,3,10,150,36,0.13625630623411378
459,3,10,150,36,0.04901586605894737
460,3,10,150,36,0.0
461,3,10,150,36,0.10778915452451093
462,3,10,150,36,0.16728714615527887
463,3,10,150,36,0.1032589365938857
464,3,10,150,36,0.04931346192675315
465,3,10,150,36,0.0733934381893728
466,3,10,150,36,0.0750834162528243
467,3,10,150,36,0.0
468,3,10,150,36,0.4240698698351618
469,3,10,150,36,0.050924439617225085
470,3,10,150,36,0.040162930685297936
471,3,10,150,36,0.0
472,3,10,150,36,0.30822043716233394
473,3,10,150,36,0.050005013043213774
474,3,10,150,36,0.4162518309442218
475,3,10,150,36,0.0
476,3,10,150,36,0.12097589732794561
477,3,10,150,36,0.0
478,3,10,150,36,0.2059565668593519
479,3,10,150,36,0.09714719409052962
480,3,10,150,36,0.0881980292211471
481,3,10,150,36,0.0
482,3,10,150,36,0.10209739512291163
483,3,10,150,36,0.06194403202282284
484,3,10,150,36,0.25237622341399274
485,3,10,150,36,0.0
486,3,10,150,36,0.06988376218489602
487,3,10,150,36,0.1274376539966734
488,3,10,150,36,0.06103767400792671
489,3,10,150,36,0.0
490,3,10,150,36,0.06490403551612171
491,3,10,150,36,0.17758207479178334
492,3,10,150,36,0.05821640931129437
493,3,10,150,36,0.1818816579174698
494,3,10,150,36,0.11299367690705851
495,3,10,150,36,0.06754941719944914
496,3,10,150,36,0.07271211160102074
497,3,10,150,36,0.03742507847089344
498,3,10,150,36,0.02083234718741349
499,3,10,150,36,0.06119206438052858
500,3,10,150,36,0.0633585855939435
501,3,10,150,36,0.0
502,3,10,150,36,0.0
503,3,10,150,36,0.28339176534138144
504,3,10,150,36,0.08824134129784168
505,3,10,150,36,0.025255271126572616
506,3,10,150,36,0.17109356454096822
507,3,10,150,36,0.0
508,3,10,150,36,0.14644736966448654
509,3,10,150,36,0.0
510,3,10,150,36,0.12427147932737166
511,3,10,150,36,0.12155021559723776
512,3,10,150,36,0.0
513,3,10,150,36,0.05276490902632437
514,3,10,150,36,0.2813914327033206
515,3,10,150,36,0.0
516,3,10,150,36,0.07947838320659593
517,3,10,150,36,0.03859643636257609
518,3,10,150,36,0.027225028724417157
519,3,10,150,36,0.0
520,3,10,150,36,0.0
521,3,10,150,36,0.0967424244338062
522,3,10,150,36,0.16542389351858164
523,3,10,150,36,0.14958239437556436
524,3,10,150,36,0.05163291870009179
525,3,10,150,36,0.06516045994396072
526,3,10,150,36,0.03112959369469351
527,3,10,150,36,0.18114563291899116
528,3,10,150,36,0.07272826563447823
529,3,10,150,36,0.0
530,3,10,150,36,0.0
531,3,10,150,36,0.0
532,3,10,150,36,0.18659050061695967
533,3,10,150,36,0.20787994846594138
534,3,10,150,36,0.05167975836235349
535,3,10,150,36,0.3081974149031884
536,3,10,150,36,0.16536135891382422
537,3,10,150,36,0.3245856932583191
538,3,10,150,36,0.09944592215223559
539,3,10,150,36,0.0
540,3,10,150,36,0.0
541,3,10,150,36,0.07026623113464762
542,3,10,150,36,0.0483712122169031
543,3,10,150,36,0.0
544,3,10,150,36,0.0
545,3,10,150,36,0.21672745529383253
546,3,10,150,36,0.028335946945814334
547,3,10,150,36,0.0
548,3,10,150,36,0.07391216918609572
549,3,10,150,36,0.10184659627402569
550,3,10,150,36,0.0845667599404342
551,3,10,150,36,0.2807514440268457
552,3,10,150,36,0.0
553,3,10,150,36,0.09570787878815254
554,3,10,150,36,0.0
555,3,10,150,36,0.037070343480771185
556,3,10,150,36,0.2436420788359897
557,3,10,150,36,0.044530079137671444
558,3,10,150,36,0.21398626473452756
559,3,10,150,36,0.07557866567222271
560,3,10,150,36,0.11942337490935596
561,3,10,150,36,0.11142224447625246
562,3,10,150,36,0.04619355099145998
563,3,10,150,36,0.10791970824616881
564,3,10,150,36,0.0
565,3,10,150,36,0.14337418847532693
566,3,10,150,36,0.11214595726244382
567,3,10,150,36,0.42302960819903096
568,3,10,150,36,0.02548915132906805
569,3,10,150,36,0.023835426911994775
570,3,10,150,36,0.0
571,3,10,150,36,0.0512644431393966
572,3,10,150,36,0.30260241349881345
573,3,10,150,36,0.0
574,3,10,150,36,0.0
575,3,10,150,36,0.07945707943276742
576,3,10,150,36,0.0
577,3,10,150,36,0.24873714829158874
578,3,10,150,36,0.0
579,3,10,150,36,0.06152644703210656
580,3,10,150,36,0.0
581,3,10,150,36,0.0
582,3,10,150,36,0.06679511870650716
583,3,10,150,36,0.0874717141014082
584,3,10,150,36,0.20261715588288354
585,3,10,150,36,0.042225550968526857
586,3,10,150,36,0.10240426235643328
587,3,10,150,36,0.0
588,3,10,150,36,0.23366987152885874
589,3,10,150,36,0.0
590,3,10,150,36,0.1076424320455391
591,3,10,150,36,0.08651464973019597
592,3,10,150,36,0.3175942972754564
593,3,10,150,36,0.13524742848314752
594,3,10,150,36,0.0
595,3,10,150,36,0.04272740943095374
596,3,10,150,36,0.09803928583135704
597,3,10,150,36,0.0
598,3,10,150,36,0.0
599,3,10,150,36,0.0
600,3,10,150,36,0.13824871422913634
601,3,10,150,36,0.18690247004956465
602,3,10,150,36,0.041278922835426404
603,3,10,150,36,0.12541207695631323
604,3,10,150,36,0.0
605,3,10,150,36,0.15788941312909577
606,3,10,150,36,0.40436311582517875
607,3,10,150,36,0.0
608,3,10,150,36,0.2557292902834531
609,3,10,150,36,0.0
610,3,10,150,36,0.08443863559321411
611,3,10,150,36,0.0
612,3,10,150,36,0.09162544430476362
613,3,10,150,36,0.12468575026986017
614,3,10,150,36,0.1467868763787456
615,3,10,150,36,0.08897801000789968
616,3,10,150,36,0.030480958763669998
617,3,10,150,36,0.020730875129846955
618,3,10,150,36,0.0967424244338062
619,3,10,150,36,0.10235301200065848
620,3,10,150,36,0.1717765398347941
621,3,10,150,36,0.10543970540871257
622,3,10,150,36,0.2680195243399499
623,3,10,150,36,0.04214302778527282
624,3,10,150,36,0.026143494233816233
625,3,10,150,36,0.07633604433343269
626,3,10,150,36,0.0
627,3,10,150,36,0.166224513234753
628,3,10,150,36,0.0
629,3,10,150,36,0.27619680144669434
630,3,10,150,36,0.08183453960352138
631,3,10,150,36,0.13449792459172438
632,3,10,150,36,0.02418560610845155
633,3,10,150,36,0.050456115328747164
634,3,10,150,36,0.07451470645071935
635,3,10,150,36,0.0
636,3,10,150,36,0.3615974840572412
637,3,10,150,36,0.0
638,3,10,150,36,0.05152901435389809
639,3,10,150,36,0.0
640,3,10,150,36,0.17007879604440213
641,3,10,150,36,0.051358492238643604
642,3,10,150,36,0.3840625835604979
643,3,10,150,36,0.3726153980615411
644,3,10,150,36,0.0
645,3,10,150,36,0.11510878524226563
646,3,10,150,36,0.11243817952384734
647,3,10,150,36,0.06590268968688952
648,3,10,150,36,0.22875123977983824
649,3,10,150,36,0.0
650,3,10,150,36,0.16259272491708476
651,3,10,150,36,0.0
652,3,10,150,36,0.0
653,3,10,150,36,0.16752949041646492
654,3,10,150,36,0.08671911884291156
655,3,10,150,36,0.45064118216905674
656,3,10,150,36,0.0
657,3,10,150,36,0.2504953915210566
658,3,10,150,36,0.05980916777313055
659,3,10,150,36,0.13713334866909108
660,3,10,150,36,0.0
661,3,10,150,36,0.13756063811493816
662,3,10,150,36,0.0
663,3,10,150,36,0.1438692331064063
664,3,10,150,36,0.4020113867989499
665,3,10,150,36,0.0483712122169031
666,3,10,150,36,0.18496845889405358
667,3,10,150,36,0.027785635271073788
668,3,10,150,36,0.0
669,3,10,150,36,0.19588788032265295
670,3,10,150,36,0.0
671,3,10,150,36,0.203799682032051
672,3,10,150,36,0.048159222084064895
673,3,10,150,36,0.0
674,3,10,150,36,0.0
675,3,10,150,36,0.0382580635535654
676,3,10,150,36,0.22959932423771073
677,3,10,150,36,0.0720796116407523
678,3,10,150,36,0.0
679,3,10,150,36,0.11762347622897054
680,3,10,150,36,0.0
681,3,10,150,36,0.0
682,3,10,150,36,0.39811405247322373
683,3,10,150,36,0.02677435355254797
684,3,10,150,36,0.03446034688157651
685,3,10,150,36,0.09030583455080088
686,3,10,150,36,0.10437401422295152
687,3,10,150,36,0.0
688,3,10,150,36,0.0
689,3,10,150,36,0.37279254620421465
690,3,10,150,36,0.25807994357400604
691,3,10,150,36,0.5575827236098854
692,3,10,150,36,0.03353522641880846
693,3,10,150,36,0.06585030048327854
694,3,10,150,36,0.24646863790756368
695,3,10,150,36,0.0
696,3,10,150,36,0.043134162606390795
697,3,10,150,36,0.056921832565456354
698,3,10,150,36,0.0
699,3,10,150,36,0.04489393064436865
700,3,10,150,36,0.0
701,3,10,150,36,0.0906790485156717
702,3,10,150,36,0.0
703,3,10,150,36,0.21888235022994418
704,3,10,150,36,0.13068600097788888
705,3,10,150,36,0.2003870392816005
706,3,10,150,36,0.0
707,3,10,150,36,0.3238541685660234
708,3,10,150,36,0.03854321885857105
709,3,10,150,36,0.16320715737474625
710,3,10,150,36,0.25040922491354684
711,3,10,150,36,0.1899394956106713
712,3,10,150,36,0.11051935459080411
713,3,10,150,36,0.0
714,3,10,150,36,0.09998274523051486
715,3,10,150,36,0.21935707707644808
716,3,10,150,36,0.2996184405270696
717,3,10,150,36,0.08455030681958395
718,3,10,150,36,0.0
719,3,10,150,36,0.10353175087921149
720,3,10,150,36,0.0
721,3,10,150,36,0.09904002175958784
722,3,10,150,36,0.04173963774222741
723,3,10,150,36,0.0
724,3,10,150,36,0.0
725,3,10,150,36,0.0
726,3,10,150,36,0.061080020762274374
727,3,10,150,36,0.08835546326009819
728,3,10,150,36,0.0
729,3,10,150,36,0.0
730,3,10,150,36,0.0
731,3,10,150,36,0.12722225921196534
732,3,10,150,36,0.05717828980196049
733,3,10,150,36,0.020730875129846955
734,3,10,150,36,0.08131766139183766
735,3,10,150,36,0.08151055815578559
736,3,10,150,36,0.047009109882897075
737,3,10,150,36,0.12127716502890909
738,3,10,150,36,0.1269706860746238
739,3,10,150,36,0.18767092572990207
740,3,10,150,36,0.0
741,3,10,150,36,0.05908892019155974
742,3,10,150,36,0.0527075128660253
743,3,10,150,36,0.049043960636177025
744,3,10,150,36,0.0
745,3,10,150,36,0.06774344219296054
746,3,10,150,36,0.24124954544361757
747,3,10,150,36,0.15710268200347377
748,3,10,150,36,0.04132344798443041
749,3,10,150,36,0.41725905704346683
750,3,10,150,36,0.11197706748992688
751,3,10,150,36,0.04203978255509209
752,3,10,150,36,0.0
753,3,10,150,36,0.04072612696308379
754,3,10,150,36,0.0
755,3,10,150,36,0.0
756,3,10,150,36,0.044143057780823704
757,3,10,150,36,0.09876606209624289
758,3,10,150,36,0.22279481791396402
759,3,10,150,36,0.0
760,3,10,150,36,0.1247347853608844
761,3,10,150,36,0.17663858756688974
762,3,10,150,36,0.0
763,3,10,150,36,0.08031656773459316
764,3,10,150,36,0.024619085952596504
765,3,10,150,36,0.0
766,3,10,150,36,0.04686812600881434
767,3,10,150,36,0.1269544353559099
768,3,10,150,36,0.05059568297461706
769,3,10,150,36,0.0
770,3,10,150,36,0.18348359547343202
771,3,10,150,36,0.02778871948897756
772,3,10,150,36,0.0
773,3,10,150,36,0.14569003041564763
774,3,10,150,36,0.0
775,3,10,150,36,0.0
776,3,10,150,36,0.0
777,3,10,150,36,0.0
778,3,10,150,36,0.08961728720334347
779,3,10,150,36,0.0
780,3,10,150,36,0.12311997034702767
781,3,10,150,36,0.12572447169101508
782,3,10,150,36,0.0
783,3,10,150,36,0.0
784,3,10,150,36,0.04582425041433568
785,3,10,150,36,0.2848262604068979
786,3,10,150,36,0.12055956650133608
787,3,10,150,36,0.0
788,3,10,150,36,0.045584128727489244
789,3,10,150,36,0.14531023848228133
790,3,10,150,36,0.08522328011637825
791,3,10,150,36,0.059480024314918285
792,3,10,150,36,0.059109628562248356
793,3,10,150,36,0.08021827351724287
794,3,10,150,36,0.08021827351724287
795,3,10,150,36,0.06886690743551852
796,3,10,150,36,0.11852535771189282
797,3,10,150,36,0.13905617951077562
798,3,10,150,36,0.0
799,3,10,150,36,0.2836929289153804
800,3,10,150,36,0.0
801,3,10,150,36,0.0
802,3,10,150,36,0.05621908976192367
803,3,10,150,36,0.0
804,3,10,150,36,0.312701330019707
805,3,10,150,36,0.16738392163476415
806,3,10,150,36,0.06379369995120096
807,3,10,150,36,0.16948558988879361
808,3,10,150,36,0.0
809,3,10,150,36,0.0
810,3,10,150,36,0.0
811,3,10,150,36,0.0
812,3,10,150,36,0.0
813,3,10,150,36,0.0
814,3,10,150,36,0.0
815,3,10,150,36,0.07918756021888111
816,3,10,150,36,0.10105367325027378
817,3,10,150,36,0.0
818,3,10,150,36,0.0
819,3,10,150,36,0.0
820,3,10,150,36,0.12262943855309168
821,3,10,150,36,0.053168340515114924
822,3,10,150,36,0.0
823,3,10,150,36,0.10148718580906937
824,3,10,150,36,0.0
825,3,10,150,36,0.16434089815347858
826,3,10,150,36,0.04455257454866284
827,3,10,150,36,0.0
828,3,10,150,36,0.0
829,3,10,150,36,0.0
830,3,10,150,36,0.05059568297461706
831,3,10,150,36,0.04522637401768292
832,3,10,150,36,0.0
833,3,10,150,36,0.05828935682373833
834,3,10,150,36,0.0
835,3,10,150,36,0.0735972053503585
836,3,10,150,36,0.0
837,3,10,150,36,0.05351287869030783
838,3,10,150,36,0.08633629724227374
839,3,10,150,36,0.0
840,3,10,150,36,0.07656878929530339
841,3,10,150,36,0.0
842,3,10,150,36,0.0
843,3,10,150,36,0.04209275315645388
844,3,10,150,36,0.0
845,3,10,150,36,0.0
846,3,10,150,36,0.09924548857390884
847,3,10,150,36,0.0
848,3,10,150,36,0.0
849,3,10,150,36,0.0
850,3,10,150,36,0.06228974831361337
851,3,10,150,36,0.19821654229071958
852,3,10,150,36,0.07256783117062009
853,3,10,150,36,0.0
854,3,10,150,36,0.0
855,3,10,150,36,0.0
856,3,10,150,36,0.0
857,3,10,150,36,0.0
858,3,10,150,36,0.0
859,3,10,150,36,0.0
860,3,10,150,36,0.0
861,3,10,150,36,0.12754356661958802
862,3,10,150,36,0.0559167101555819
863,3,10,150,36,0.0
864,3,10,150,36,0.1615328695620339
865,3,10,150,36,0.0
866,3,10,150,36,0.0
867,3,10,150,36,0.13120507751234178
868,3,10,150,36,0.0
870,3,10,150,36,0.0
871,3,10,150,36,0.0
872,3,10,150,36,0.0
875,3,10,150,36,0.1395953738647505
876,3,10,150,36,0.0
877,3,10,150,36,0.0
1,3,10,150,37,0.6471376619508284
2,3,10,150,37,0.10688238502350729
3,3,10,150,37,0.0
4,3,10,150,37,0.0
5,3,10,150,37,0.0583775815185038
6,3,10,150,37,0.05340978172012693
7,3,10,150,37,0.21838617392243226
8,3,10,150,37,0.0554835367217868
9,3,10,150,37,0.0
10,3,10,150,37,0.16409920264511527
11,3,10,150,37,0.02551528631909195
12,3,10,150,37,0.0
13,3,10,150,37,0.1979170726628836
14,3,10,150,37,0.05601843521033356
15,3,10,150,37,0.0
16,3,10,150,37,0.14029495523984678
17,3,10,150,37,0.12066394366711926
18,3,10,150,37,0.11557900964955371
19,3,10,150,37,0.0
20,3,10,150,37,0.14530105135237878
21,3,10,150,37,0.03475017269886857
22,3,10,150,37,0.0641836005852075
23,3,10,150,37,0.16093766472693694
24,3,10,150,37,0.2641541177211491
25,3,10,150,37,0.0
26,3,10,150,37,0.0
28,3,10,150,37,0.0
29,3,10,150,37,0.0
30,3,10,150,37,0.0979129253499678
31,3,10,150,37,0.06076546216996844
32,3,10,150,37,0.0
33,3,10,150,37,0.0
34,3,10,150,37,0.0
35,3,10,150,37,0.0
37,3,10,150,37,0.0488929053971083
38,3,10,150,37,0.0
39,3,10,150,37,0.0
40,3,10,150,37,0.0
41,3,10,150,37,0.0
42,3,10,150,37,0.11676800180580715
43,3,10,150,37,0.23313760932547176
44,3,10,150,37,0.07698159974258616
45,3,10,150,37,0.0
46,3,10,150,37,0.14434031438272124
47,3,10,150,37,0.0
48,3,10,150,37,0.0874717141014082
49,3,10,150,37,0.06558450189788582
50,3,10,150,37,0.0
51,3,10,150,37,0.18953836965473142
52,3,10,150,37,0.04892579731758021
53,3,10,150,37,0.09546043308946733
54,3,10,150,37,0.07984133538066794
55,3,10,150,37,0.0
56,3,10,150,37,0.03975645576081676
57,3,10,150,37,0.0
58,3,10,150,37,0.10796876451088402
59,3,10,150,37,0.1983700263728401
60,3,10,150,37,0.10257460616721463
61,3,10,150,37,0.0
62,3,10,150,37,0.03806940785769845
63,3,10,150,37,0.0
64,3,10,150,37,0.0
65,3,10,150,37,0.2994759515353249
66,3,10,150,37,0.0
67,3,10,150,37,0.0
68,3,10,150,37,0.0
69,3,10,150,37,0.04340781395430378
70,3,10,150,37,0.0
71,3,10,150,37,0.07955752067133452
72,3,10,150,37,0.16084022171949366
73,3,10,150,37,0.051960280791503534
74,3,10,150,37,0.0
75,3,10,150,37,0.11731968150568911
76,3,10,150,37,0.14804398249667974
77,3,10,150,37,0.45287742747371695
78,3,10,150,37,0.0
79,3,10,150,37,0.0
80,3,10,150,37,0.08297572808511901
81,3,10,150,37,0.0
82,3,10,150,37,0.08926877557705373
83,3,10,150,37,0.04630610387058298
84,3,10,150,37,0.0
85,3,10,150,37,0.08065086130336274
86,3,10,150,37,0.07738888769495082
87,3,10,150,37,0.07940181510900858
88,3,10,150,37,0.0
89,3,10,150,37,0.22860031301980846
90,3,10,150,37,0.19494930994718265
91,3,10,150,37,0.13114221140465185
92,3,10,150,37,0.04885895996732957
93,3,10,150,37,0.0
94,3,10,150,37,0.17963048716030058
95,3,10,150,37,0.061836172422412086
96,3,10,150,37,0.06783204105472322
97,3,10,150,37,0.05502294157452004
98,3,10,150,37,0.0
99,3,10,150,37,0.0
100,3,10,150,37,0.0892789338684584
101,3,10,150,37,0.0
102,3,10,150,37,0.026001814664123827
103,3,10,150,37,0.07673373981757839
104,3,10,150,37,0.12171451575741458
106,3,10,150,37,0.05261577455142312
107,3,10,150,37,0.0
108,3,10,150,37,0.0
109,3,10,150,37,0.06512377605503439
110,3,10,150,37,0.039667414566743345
111,3,10,150,37,0.0
112,3,10,150,37,0.06510475888148554
113,3,10,150,37,0.05449144662575446
114,3,10,150,37,0.07610811271330754
115,3,10,150,37,0.046806851959664796
116,3,10,150,37,0.055538752771150446
117,3,10,150,37,0.053589621006720926
118,3,10,150,37,0.0
119,3,10,150,37,0.034073291417269544
121,3,10,150,37,0.031678095293663194
122,3,10,150,37,0.0
123,3,10,150,37,0.46927872602275644
124,3,10,150,37,0.10889376106823218
125,3,10,150,37,0.09097808601263767
126,3,10,150,37,0.0
127,3,10,150,37,0.0
128,3,10,150,37,0.027576277569513717
129,3,10,150,37,0.0
130,3,10,150,37,0.06359766623551306
131,3,10,150,37,0.2803335894048546
132,3,10,150,37,0.09109240322345806
133,3,10,150,37,0.0
134,3,10,150,37,0.0
135,3,10,150,37,0.0
136,3,10,150,37,0.40257390286801836
137,3,10,150,37,0.0
138,3,10,150,37,0.21222747957761057
139,3,10,150,37,0.0
140,3,10,150,37,0.0
141,3,10,150,37,0.15194751309721466
142,3,10,150,37,0.30260241349881345
143,3,10,150,37,0.0
144,3,10,150,37,0.19201969646868908
145,3,10,150,37,0.018373828625812934
146,3,10,150,37,0.0
147,3,10,150,37,0.07610811271330754
148,3,10,150,37,0.042512356679180144
149,3,10,150,37,0.05446824630887794
150,3,10,150,37,0.0
151,3,10,150,37,0.11285875890681171
152,3,10,150,37,0.026230448379684728
153,3,10,150,37,0.06516188295518531
154,3,10,150,37,0.0
155,3,10,150,37,0.0
156,3,10,150,37,0.0
157,3,10,150,37,0.0
158,3,10,150,37,0.055805240881847164
159,3,10,150,37,0.11026617795298452
160,3,10,150,37,0.0
161,3,10,150,37,0.0
162,3,10,150,37,0.0
163,3,10,150,37,0.0
164,3,10,150,37,0.0
165,3,10,150,37,0.09149012142095872
166,3,10,150,37,0.0
167,3,10,150,37,0.03395822402998728
168,3,10,150,37,0.0
169,3,10,150,37,0.0
170,3,10,150,37,0.0
171,3,10,150,37,0.0
172,3,10,150,37,0.0
173,3,10,150,37,0.0
174,3,10,150,37,0.05481171384122219
175,3,10,150,37,0.4413254197204702
176,3,10,150,37,0.0347693136731627
177,3,10,150,37,0.0
178,3,10,150,37,0.18053947820976404
179,3,10,150,37,0.06599888514927177
180,3,10,150,37,0.0
181,3,10,150,37,0.04542985829569828
182,3,10,150,37,0.13120507751234178
183,3,10,150,37,0.0
184,3,10,150,37,0.0
185,3,10,150,37,0.0
186,3,10,150,37,0.0
187,3,10,150,37,0.14943466330084343
188,3,10,150,37,0.0
189,3,10,150,37,0.22982757951573698
190,3,10,150,37,0.0
191,3,10,150,37,0.0
192,3,10,150,37,0.0
193,3,10,150,37,0.0
194,3,10,150,37,0.03511240359718155
195,3,10,150,37,0.061734604266276284
196,3,10,150,37,0.17342765698823945
197,3,10,150,37,0.07304192939088519
198,3,10,150,37,0.10387325901274824
199,3,10,150,37,0.0
200,3,10,150,37,0.055179303887787655
201,3,10,150,37,0.21329851735646696
202,3,10,150,37,0.0
203,3,10,150,37,0.0
204,3,10,150,37,0.0
205,3,10,150,37,0.0
206,3,10,150,37,0.0
207,3,10,150,37,0.018831065483219563
208,3,10,150,37,0.0
209,3,10,150,37,0.0
210,3,10,150,37,0.0
211,3,10,150,37,0.0
212,3,10,150,37,0.0559167101555819
213,3,10,150,37,0.08985507164305877
214,3,10,150,37,0.1257260924843343
215,3,10,150,37,0.157288596461893
216,3,10,150,37,0.25084019139208813
217,3,10,150,37,0.13000004444613666
218,3,10,150,37,0.06323567569191428
219,3,10,150,37,0.0
220,3,10,150,37,0.07807600999842033
221,3,10,150,37,0.09964173287591703
222,3,10,150,37,0.18178280542383413
223,3,10,150,37,0.039270700903099615
224,3,10,150,37,0.0
225,3,10,150,37,0.0
226,3,10,150,37,0.0
227,3,10,150,37,0.0
229,3,10,150,37,0.0
230,3,10,150,37,0.07781766688725546
231,3,10,150,37,0.0
232,3,10,150,37,0.0
233,3,10,150,37,0.15206723475089307
234,3,10,150,37,0.12244996424166248
235,3,10,150,37,0.04622440829742681
236,3,10,150,37,0.12127042983235181
237,3,10,150,37,0.0
238,3,10,150,37,0.0
239,3,10,150,37,0.07945424413307585
240,3,10,150,37,0.10235170428306553
241,3,10,150,37,0.1381300260171807
242,3,10,150,37,0.0
243,3,10,150,37,0.0
244,3,10,150,37,0.1324362264265921
245,3,10,150,37,0.0
246,3,10,150,37,0.08356426880363813
247,3,10,150,37,0.15642624200758548
248,3,10,150,37,0.23451355966072135
249,3,10,150,37,0.24832885939983587
250,3,10,150,37,0.07806699296748765
251,3,10,150,37,0.0
252,3,10,150,37,0.0
253,3,10,150,37,0.0
254,3,10,150,37,0.036502603141236205
255,3,10,150,37,0.07910544779148235
256,3,10,150,37,0.027736288621349494
257,3,10,150,37,0.12830873359117523
258,3,10,150,37,0.0
259,3,10,150,37,0.0
260,3,10,150,37,0.0
261,3,10,150,37,0.0
262,3,10,150,37,0.0
263,3,10,150,37,0.29196331077693755
264,3,10,150,37,0.22972462709034727
265,3,10,150,37,0.19802572813668026
266,3,10,150,37,0.0
267,3,10,150,37,0.21076490690365068
268,3,10,150,37,0.1344633695751661
269,3,10,150,37,0.020888382175722784
270,3,10,150,37,0.0
271,3,10,150,37,0.1092222636539056
272,3,10,150,37,0.0
273,3,10,150,37,0.0
274,3,10,150,37,0.0
275,3,10,150,37,0.0
276,3,10,150,37,0.2501831055275795
277,3,10,150,37,0.0
278,3,10,150,37,0.0
279,3,10,150,37,0.14971170948211412
280,3,10,150,37,0.07316593591075989
281,3,10,150,37,0.0
282,3,10,150,37,0.09659953929285248
283,3,10,150,37,0.0
284,3,10,150,37,0.0
285,3,10,150,37,0.0
286,3,10,150,37,0.0
287,3,10,150,37,0.0
288,3,10,150,37,0.09582711128539602
289,3,10,150,37,0.0
290,3,10,150,37,0.09647783930421741
291,3,10,150,37,0.18770887087540253
292,3,10,150,37,0.27665227928348557
293,3,10,150,37,0.033836589466637305
294,3,10,150,37,0.027616154831484434
295,3,10,150,37,0.09981690553366025
296,3,10,150,37,0.10235135297694252
297,3,10,150,37,0.030868393892711742
298,3,10,150,37,0.06343021441474937
299,3,10,150,37,0.06585995799117926
300,3,10,150,37,0.0
301,3,10,150,37,0.14565335117670364
302,3,10,150,37,0.0
303,3,10,150,37,0.22077461780725158
304,3,10,150,37,0.0
305,3,10,150,37,0.05428021340641747
306,3,10,150,37,0.0
307,3,10,150,37,0.13128644747266613
308,3,10,150,37,0.04091053301519864
309,3,10,150,37,0.0
310,3,10,150,37,0.2890648263178879
311,3,10,150,37,0.15557654226734
312,3,10,150,37,0.09774885223043435
313,3,10,150,37,0.10603860967748606
314,3,10,150,37,0.0843728393421543
315,3,10,150,37,0.09785159463516042
316,3,10,150,37,0.06076546216996844
317,3,10,150,37,0.0
318,3,10,150,37,0.052310015648999494
319,3,10,150,37,0.0
320,3,10,150,37,0.08947300054212491
321,3,10,150,37,0.08223795175588802
322,3,10,150,37,0.07955752067133452
323,3,10,150,37,0.12229181918924699
324,3,10,150,37,0.0
325,3,10,150,37,0.0
326,3,10,150,37,0.10817904857938596
327,3,10,150,37,0.0
328,3,10,150,37,0.12307074879464108
329,3,10,150,37,0.056720838976548935
330,3,10,150,37,0.2704009738666891
331,3,10,150,37,0.0
332,3,10,150,37,0.04320826906524808
333,3,10,150,37,0.0
334,3,10,150,37,0.13590184900000538
335,3,10,150,37,0.0
336,3,10,150,37,0.0
337,3,10,150,37,0.09992090652113537
338,3,10,150,37,0.0
339,3,10,150,37,0.145767359678607
340,3,10,150,37,0.12647135138382856
341,3,10,150,37,0.0
342,3,10,150,37,0.06217129645239605
343,3,10,150,37,0.30338536950070993
344,3,10,150,37,0.12053427076572419
345,3,10,150,37,0.1372585590338099
346,3,10,150,37,0.08852922637928903
347,3,10,150,37,0.0758661828869556
348,3,10,150,37,0.0
349,3,10,150,37,0.07123530534387781
350,3,10,150,37,0.12254756928380169
351,3,10,150,37,0.0
352,3,10,150,37,0.16282653392890226
353,3,10,150,37,0.09489642549953911
354,3,10,150,37,0.0
355,3,10,150,37,0.0
356,3,10,150,37,0.0
357,3,10,150,37,0.0
358,3,10,150,37,0.26730206653594746
359,3,10,150,37,0.0749368547125808
360,3,10,150,37,0.10496459329418281
361,3,10,150,37,0.0
362,3,10,150,37,0.0
363,3,10,150,37,0.20820468553998253
364,3,10,150,37,0.0
365,3,10,150,37,0.0989084497079971
366,3,10,150,37,0.10684080426179023
367,3,10,150,37,0.1410054764628891
368,3,10,150,37,0.0
369,3,10,150,37,0.0
370,3,10,150,37,0.045683428159663184
371,3,10,150,37,0.09892739847751293
372,3,10,150,37,0.10673919722548196
373,3,10,150,37,0.17699036598588452
374,3,10,150,37,0.1789354206607856
375,3,10,150,37,0.0
376,3,10,150,37,0.0
377,3,10,150,37,0.053168340515114924
378,3,10,150,37,0.0823126679169752
379,3,10,150,37,0.1380119495489403
380,3,10,150,37,0.0
381,3,10,150,37,0.05707866018487045
382,3,10,150,37,0.07847428227110642
383,3,10,150,37,0.0
384,3,10,150,37,0.0
385,3,10,150,37,0.1710849776237141
386,3,10,150,37,0.0
387,3,10,150,37,0.028595235439022235
388,3,10,150,37,0.0
389,3,10,150,37,0.1341210132803138
390,3,10,150,37,0.21398626473452756
391,3,10,150,37,0.2558645268575362
392,3,10,150,37,0.06327372362257774
393,3,10,150,37,0.1525757344476457
394,3,10,150,37,0.10116995285908433
395,3,10,150,37,0.09286934188709499
396,3,10,150,37,0.0
397,3,10,150,37,0.05774550520460572
398,3,10,150,37,0.05290902505257842
399,3,10,150,37,0.0
400,3,10,150,37,0.0
401,3,10,150,37,0.0
402,3,10,150,37,0.469779625693621
403,3,10,150,37,0.0
404,3,10,150,37,0.0
405,3,10,150,37,0.2859790328495289
406,3,10,150,37,0.20285299918616453
407,3,10,150,37,0.07257430501013422
408,3,10,150,37,0.12083071655728543
409,3,10,150,37,0.14493701414452015
410,3,10,150,37,0.0
411,3,10,150,37,0.1128999930808451
412,3,10,150,37,0.0
413,3,10,150,37,0.10122860821230018
414,3,10,150,37,0.0
415,3,10,150,37,0.07605458145297357
416,3,10,150,37,0.25824743133733014
417,3,10,150,37,0.08828046325044216
418,3,10,150,37,0.07001560573318603
419,3,10,150,37,0.2098021491169666
420,3,10,150,37,0.0527075128660253
421,3,10,150,37,0.202729931306865
422,3,10,150,37,0.0
423,3,10,150,37,0.0
424,3,10,150,37,0.13291000263869587
425,3,10,150,37,0.0
426,3,10,150,37,0.10004388309532918
427,3,10,150,37,0.0
428,3,10,150,37,0.0
429,3,10,150,37,0.19687345788552832
430,3,10,150,37,0.062242588308449316
431,3,10,150,37,0.0
432,3,10,150,37,0.0
433,3,10,150,37,0.0
434,3,10,150,37,0.2247819585714142
435,3,10,150,37,0.3349808573967729
436,3,10,150,37,0.0739069759416354
437,3,10,150,37,0.059189054766525945
438,3,10,150,37,0.0
439,3,10,150,37,0.0
440,3,10,150,37,0.07261318787584015
441,3,10,150,37,0.0
442,3,10,150,37,0.058478916078390675
443,3,10,150,37,0.056720838976548935
444,3,10,150,37,0.19519002499605084
445,3,10,150,37,0.0
446,3,10,150,37,0.0
447,3,10,150,37,0.09914294517496557
448,3,10,150,37,0.0
449,3,10,150,37,0.0
450,3,10,150,37,0.3525775558194749
451,3,10,150,37,0.0
452,3,10,150,37,0.060641071674816124
453,3,10,150,37,0.13392124957971085
454,3,10,150,37,0.0
455,3,10,150,37,0.17923463122883596
456,3,10,150,37,0.14497538351671943
457,3,10,150,37,0.5414738709215242
458,3,10,150,37,0.1337899677019502
459,3,10,150,37,0.04901586605894737
460,3,10,150,37,0.0
461,3,10,150,37,0.10778915452451093
462,3,10,150,37,0.16728714615527887
463,3,10,150,37,0.1032589365938857
464,3,10,150,37,0.04931346192675315
465,3,10,150,37,0.0733934381893728
466,3,10,150,37,0.0750834162528243
467,3,10,150,37,0.0
468,3,10,150,37,0.4240698698351618
469,3,10,150,37,0.050924439617225085
470,3,10,150,37,0.040162930685297936
471,3,10,150,37,0.0
472,3,10,150,37,0.32074215185389693
473,3,10,150,37,0.050005013043213774
474,3,10,150,37,0.40871736917789847
475,3,10,150,37,0.0
476,3,10,150,37,0.12097589732794561
477,3,10,150,37,0.0
478,3,10,150,37,0.2059565668593519
479,3,10,150,37,0.09538875901549264
480,3,10,150,37,0.0881980292211471
481,3,10,150,37,0.0
482,3,10,150,37,0.10209739512291163
483,3,10,150,37,0.06194403202282284
484,3,10,150,37,0.24780802967961707
485,3,10,150,37,0.0
486,3,10,150,37,0.06861881511409386
487,3,10,150,37,0.1251309395025898
488,3,10,150,37,0.05993284758572256
489,3,10,150,37,0.0
490,3,10,150,37,0.06490403551612171
491,3,10,150,37,0.17758207479178334
492,3,10,150,37,0.05821640931129437
493,3,10,150,37,0.17858946723937447
494,3,10,150,37,0.11299367690705851
495,3,10,150,37,0.08442745290480579
496,3,10,150,37,0.07271211160102074
497,3,10,150,37,0.03674765725162587
498,3,10,150,37,0.03855599593678218
499,3,10,150,37,0.06119206438052858
500,3,10,150,37,0.062211748979091805
501,3,10,150,37,0.0
502,3,10,150,37,0.0
503,3,10,150,37,0.27826216767447864
504,3,10,150,37,0.08664410865454128
505,3,10,150,37,0.025255271126572616
506,3,10,150,37,0.16799664622213775
507,3,10,150,37,0.0
508,3,10,150,37,0.17050987036516796
509,3,10,150,37,0.0
510,3,10,150,37,0.12427147932737166
511,3,10,150,37,0.12155021559723776
512,3,10,150,37,0.0
513,3,10,150,37,0.05276490902632437
514,3,10,150,37,0.2762980425162677
515,3,10,150,37,0.0
516,3,10,150,37,0.07947838320659593
517,3,10,150,37,0.03859643636257609
518,3,10,150,37,0.05268083714989503
519,3,10,150,37,0.0
520,3,10,150,37,0.0
521,3,10,150,37,0.09499131598480672
522,3,10,150,37,0.16542389351858164
523,3,10,150,37,0.14958239437556436
524,3,10,150,37,0.050698325209062436
525,3,10,150,37,0.06516045994396072
526,3,10,150,37,0.03112959369469351
527,3,10,150,37,0.17786676483024644
528,3,10,150,37,0.07272826563447823
529,3,10,150,37,0.0
530,3,10,150,37,0.0
531,3,10,150,37,0.0
532,3,10,150,37,0.1832130764512363
533,3,10,150,37,0.2041171697650069
534,3,10,150,37,0.05167975836235349
535,3,10,150,37,0.3026188168852522
536,3,10,150,37,0.1623681976980831
537,3,10,150,37,0.3368111848772494
538,3,10,150,37,0.09944592215223559
539,3,10,150,37,0.0
540,3,10,150,37,0.0
541,3,10,150,37,0.06899436109687095
542,3,10,150,37,0.04749565799240336
543,3,10,150,37,0.0
544,3,10,150,37,0.0
545,3,10,150,37,0.21280453026568355
546,3,10,150,37,0.05456639532549906
547,3,10,150,37,0.0
548,3,10,150,37,0.07257430501013422
549,3,10,150,37,0.10184659627402569
550,3,10,150,37,0.0845667599404342
551,3,10,150,37,0.27566963810166345
552,3,10,150,37,0.0
553,3,10,150,37,0.09570787878815254
554,3,10,150,37,0.0
555,3,10,150,37,0.037070343480771185
556,3,10,150,37,0.2436420788359897
557,3,10,150,37,0.044530079137671444
558,3,10,150,37,0.21398626473452756
559,3,10,150,37,0.07557866567222271
560,3,10,150,37,0.11942337490935596
561,3,10,150,37,0.10940542057659555
562,3,10,150,37,0.04619355099145998
563,3,10,150,37,0.10791970824616881
564,3,10,150,37,0.0
565,3,10,150,37,0.14337418847532693
566,3,10,150,37,0.11011603363345962
567,3,10,150,37,0.4153724637204871
568,3,10,150,37,0.02548915132906805
569,3,10,150,37,0.023835426911994775
570,3,10,150,37,0.0
571,3,10,150,37,0.0512644431393966
572,3,10,150,37,0.30260241349881345
573,3,10,150,37,0.0
574,3,10,150,37,0.0
575,3,10,150,37,0.07945707943276742
576,3,10,150,37,0.0
577,3,10,150,37,0.24423482447137618
578,3,10,150,37,0.0
579,3,10,150,37,0.06152644703210656
580,3,10,150,37,0.0
581,3,10,150,37,0.0
582,3,10,150,37,0.06679511870650716
583,3,10,150,37,0.0874717141014082
584,3,10,150,37,0.20261715588288354
585,3,10,150,37,0.042225550968526857
586,3,10,150,37,0.10055067051112444
587,3,10,150,37,0.0
588,3,10,150,37,0.22944027640856293
589,3,10,150,37,0.0
590,3,10,150,37,0.1076424320455391
591,3,10,150,37,0.08651464973019597
592,3,10,150,37,0.31184560883222195
593,3,10,150,37,0.13279935137418133
594,3,10,150,37,0.0
595,3,10,150,37,0.04195401215363413
596,3,10,150,37,0.09803928583135704
597,3,10,150,37,0.0
598,3,10,150,37,0.0
599,3,10,150,37,0.0
600,3,10,150,37,0.13574631165894233
601,3,10,150,37,0.18351939900955153
602,3,10,150,37,0.041278922835426404
603,3,10,150,37,0.12541207695631323
604,3,10,150,37,0.0
605,3,10,150,37,0.15503149958231355
606,3,10,150,37,0.39704384847448587
607,3,10,150,37,0.0
608,3,10,150,37,0.2511004035929154
609,3,10,150,37,0.0
610,3,10,150,37,0.08443863559321411
611,3,10,150,37,0.0
612,3,10,150,37,0.09162544430476362
613,3,10,150,37,0.12468575026986017
614,3,10,150,37,0.1467868763787456
615,3,10,150,37,0.08897801000789968
616,3,10,150,37,0.030480958763669998
617,3,10,150,37,0.020730875129846955
618,3,10,150,37,0.09499131598480672
619,3,10,150,37,0.10050034782417265
620,3,10,150,37,0.1717765398347941
621,3,10,150,37,0.10353116983001671
622,3,10,150,37,0.2631681754481342
623,3,10,150,37,0.04214302778527282
624,3,10,150,37,0.025670277918356525
625,3,10,150,37,0.07495430624925913
626,3,10,150,37,0.0
627,3,10,150,37,0.16321572829619313
628,3,10,150,37,0.0
629,3,10,150,37,0.27119743787450196
630,3,10,150,37,0.0803532747441963
631,3,10,150,37,0.13449792459172438
632,3,10,150,37,0.02374782899620168
633,3,10,150,37,0.050456115328747164
634,3,10,150,37,0.09126666533994275
635,3,10,150,37,0.0
636,3,10,150,37,0.3615974840572412
637,3,10,150,37,0.0
638,3,10,150,37,0.05152901435389809
639,3,10,150,37,0.0
640,3,10,150,37,0.16700024577556122
641,3,10,150,37,0.051358492238643604
642,3,10,150,37,0.37711077065159637
643,3,10,150,37,0.3658707875600819
644,3,10,150,37,0.0
645,3,10,150,37,0.11302523226567347
646,3,10,150,37,0.11243817952384734
647,3,10,150,37,0.06590268968688952
648,3,10,150,37,0.24271140491117613
649,3,10,150,37,0.0
650,3,10,150,37,0.15964967799620705
651,3,10,150,37,0.0
652,3,10,150,37,0.0
653,3,10,150,37,0.1644970844390276
654,3,10,150,37,0.08514943953639888
655,3,10,150,37,0.4605849774901505
656,3,10,150,37,0.0
657,3,10,150,37,0.2504953915210566
658,3,10,150,37,0.058726578209884514
659,3,10,150,37,0.13465113502911408
660,3,10,150,37,0.0
661,3,10,150,37,0.13507069022431392
662,3,10,150,37,0.0
663,3,10,150,37,0.15936582447394607
664,3,10,150,37,0.39473468745905155
665,3,10,150,37,0.04749565799240336
666,3,10,150,37,0.18162039486667939
667,3,10,150,37,0.027785635271073788
668,3,10,150,37,0.0
669,3,10,150,37,0.19588788032265295
670,3,10,150,37,0.0
671,3,10,150,37,0.20011075912983536
672,3,10,150,37,0.048159222084064895
673,3,10,150,37,0.0
674,3,10,150,37,0.0
675,3,10,150,37,0.0382580635535654
676,3,10,150,37,0.2254434089925607
677,3,10,150,37,0.0720796116407523
678,3,10,150,37,0.0
679,3,10,150,37,0.14168597692965199
680,3,10,150,37,0.0
681,3,10,150,37,0.0
682,3,10,150,37,0.39090789772745044
683,3,10,150,37,0.02677435355254797
684,3,10,150,37,0.033836589466637305
685,3,10,150,37,0.09030583455080088
686,3,10,150,37,0.10437401422295152
687,3,10,150,37,0.0
688,3,10,150,37,0.0
689,3,10,150,37,0.37279254620421465
690,3,10,150,37,0.2534085083442742
691,3,10,150,37,0.6023709850354425
692,3,10,150,37,0.03353522641880846
693,3,10,150,37,0.06465836201140032
694,3,10,150,37,0.24200737578001963
695,3,10,150,37,0.0
696,3,10,150,37,0.043134162606390795
697,3,10,150,37,0.05589150587557579
698,3,10,150,37,0.0
699,3,10,150,37,0.04408131775276243
700,3,10,150,37,0.0
701,3,10,150,37,0.0906790485156717
702,3,10,150,37,0.0
703,3,10,150,37,0.21888235022994418
704,3,10,150,37,0.13068600097788888
705,3,10,150,37,0.19675988770244923
706,3,10,150,37,0.0
707,3,10,150,37,0.3179921718862968
708,3,10,150,37,0.03784555848268228
709,3,10,150,37,0.1602529887781999
710,3,10,150,37,0.25040922491354684
711,3,10,150,37,0.20460218162188995
712,3,10,150,37,0.10851887365666806
713,3,10,150,37,0.0
714,3,10,150,37,0.09998274523051486
715,3,10,150,37,0.21538655397591092
716,3,10,150,37,0.2941951282030954
717,3,10,150,37,0.08455030681958395
718,3,10,150,37,0.0
719,3,10,150,37,0.10353175087921149
720,3,10,150,37,0.0
721,3,10,150,37,0.09724732512305716
722,3,10,150,37,0.04173963774222741
723,3,10,150,37,0.0
724,3,10,150,37,0.0
725,3,10,150,37,0.0
726,3,10,150,37,0.061080020762274374
727,3,10,150,37,0.08675616492603705
728,3,10,150,37,0.0
729,3,10,150,37,0.0
730,3,10,150,37,0.0
731,3,10,150,37,0.12722225921196534
732,3,10,150,37,0.05717828980196049
733,3,10,150,37,0.020730875129846955
734,3,10,150,37,0.08131766139183766
735,3,10,150,37,0.08151055815578559
736,3,10,150,37,0.047009109882897075
737,3,10,150,37,0.12127716502890909
738,3,10,150,37,0.12467242404054932
739,3,10,150,37,0.18767092572990207
740,3,10,150,37,0.0523780734795101
741,3,10,150,37,0.05908892019155974
742,3,10,150,37,0.0527075128660253
743,3,10,150,37,0.08462519998199661
744,3,10,150,37,0.0
745,3,10,150,37,0.06774344219296054
746,3,10,150,37,0.24124954544361757
747,3,10,150,37,0.1723597382931128
748,3,10,150,37,0.04132344798443041
749,3,10,150,37,0.4097063637500471
750,3,10,150,37,0.11197706748992688
751,3,10,150,37,0.04127883182580069
752,3,10,150,37,0.0
753,3,10,150,37,0.04072612696308379
754,3,10,150,37,0.0
755,3,10,150,37,0.0
756,3,10,150,37,0.044143057780823704
757,3,10,150,37,0.09697832432945293
758,3,10,150,37,0.21876206919667932
759,3,10,150,37,0.0
760,3,10,150,37,0.1247347853608844
761,3,10,150,37,0.17663858756688974
762,3,10,150,37,0.0
763,3,10,150,37,0.07886277927334866
764,3,10,150,37,0.024619085952596504
765,3,10,150,37,0.0
766,3,10,150,37,0.04601977874107595
767,3,10,150,37,0.1269544353559099
768,3,10,150,37,0.05059568297461706
769,3,10,150,37,0.0
770,3,10,150,37,0.18348359547343202
771,3,10,150,37,0.02778871948897756
772,3,10,150,37,0.0
773,3,10,150,37,0.14305293459456458
774,3,10,150,37,0.0
775,3,10,150,37,0.0
776,3,10,150,37,0.0
777,3,10,150,37,0.0
778,3,10,150,37,0.08961728720334347
779,3,10,150,37,0.0
780,3,10,150,37,0.12311997034702767
781,3,10,150,37,0.12572447169101508
782,3,10,150,37,0.0
783,3,10,150,37,0.0
784,3,10,150,37,0.04582425041433568
785,3,10,150,37,0.2848262604068979
786,3,10,150,37,0.12055956650133608
787,3,10,150,37,0.0
788,3,10,150,37,0.044759022747127925
789,3,10,150,37,0.14531023848228133
790,3,10,150,37,0.08368067658192424
791,3,10,150,37,0.059480024314918285
792,3,10,150,37,0.059109628562248356
793,3,10,150,37,0.08021827351724287
794,3,10,150,37,0.08021827351724287
795,3,10,150,37,0.06886690743551852
796,3,10,150,37,0.11637996228145274
797,3,10,150,37,0.13905617951077562
798,3,10,150,37,0.0
799,3,10,150,37,0.2836929289153804
800,3,10,150,37,0.0
801,3,10,150,37,0.0
802,3,10,150,37,0.05621908976192367
803,3,10,150,37,0.0
804,3,10,150,37,0.3070412078528747
805,3,10,150,37,0.16435415055845776
806,3,10,150,37,0.06379369995120096
807,3,10,150,37,0.16641777708407113
808,3,10,150,37,0.0
809,3,10,150,37,0.0
810,3,10,150,37,0.0
811,3,10,150,37,0.0
812,3,10,150,37,0.0
813,3,10,150,37,0.0
814,3,10,150,37,0.0
815,3,10,150,37,0.07918756021888111
816,3,10,150,37,0.10105367325027378
817,3,10,150,37,0.0
818,3,10,150,37,0.0
819,3,10,150,37,0.0
820,3,10,150,37,0.12262943855309168
821,3,10,150,37,0.053168340515114924
822,3,10,150,37,0.0
823,3,10,150,37,0.10148718580906937
824,3,10,150,37,0.0
825,3,10,150,37,0.16434089815347858
826,3,10,150,37,0.04455257454866284
827,3,10,150,37,0.0
828,3,10,150,37,0.0
829,3,10,150,37,0.0
830,3,10,150,37,0.07766161314796532
831,3,10,150,37,0.04522637401768292
832,3,10,150,37,0.0
833,3,10,150,37,0.05828935682373833
834,3,10,150,37,0.0
835,3,10,150,37,0.0735972053503585
836,3,10,150,37,0.0
837,3,10,150,37,0.05351287869030783
838,3,10,150,37,0.08633629724227374
839,3,10,150,37,0.0
840,3,10,150,37,0.07656878929530339
841,3,10,150,37,0.0
842,3,10,150,37,0.0
843,3,10,150,37,0.04209275315645388
844,3,10,150,37,0.0
845,3,10,150,37,0.0
846,3,10,150,37,0.09924548857390884
847,3,10,150,37,0.0
848,3,10,150,37,0.0
849,3,10,150,37,0.0
850,3,10,150,37,0.06228974831361337
851,3,10,150,37,0.19821654229071958
852,3,10,150,37,0.07256783117062009
853,3,10,150,37,0.0
854,3,10,150,37,0.0
855,3,10,150,37,0.0
856,3,10,150,37,0.0
857,3,10,150,37,0.0
858,3,10,150,37,0.0
859,3,10,150,37,0.0
860,3,10,150,37,0.0
861,3,10,150,37,0.12754356661958802
862,3,10,150,37,0.0559167101555819
863,3,10,150,37,0.0
864,3,10,150,37,0.1615328695620339
865,3,10,150,37,0.0
866,3,10,150,37,0.0
867,3,10,150,37,0.13120507751234178
868,3,10,150,37,0.0
870,3,10,150,37,0.0
871,3,10,150,37,0.0
872,3,10,150,37,0.0
875,3,10,150,37,0.1395953738647505
876,3,10,150,37,0.0
877,3,10,150,37,0.0
1,3,10,150,38,0.6357123902241596
2,3,10,150,38,0.10688238502350729
3,3,10,150,38,0.0
4,3,10,150,38,0.0
5,3,10,150,38,0.0583775815185038
6,3,10,150,38,0.05340978172012693
7,3,10,150,38,0.21453054702090146
8,3,10,150,38,0.0554835367217868
9,3,10,150,38,0.0
10,3,10,150,38,0.16409920264511527
11,3,10,150,38,0.02551528631909195
12,3,10,150,38,0.0
13,3,10,150,38,0.2120779165311314
14,3,10,150,38,0.05601843521033356
15,3,10,150,38,0.0
16,3,10,150,38,0.14029495523984678
17,3,10,150,38,0.12066394366711926
18,3,10,150,38,0.11557900964955371
19,3,10,150,38,0.0
20,3,10,150,38,0.14530105135237878
21,3,10,150,38,0.03475017269886857
22,3,10,150,38,0.0641836005852075
23,3,10,150,38,0.16093766472693694
24,3,10,150,38,0.2641541177211491
25,3,10,150,38,0.0
26,3,10,150,38,0.0
28,3,10,150,38,0.0
29,3,10,150,38,0.0
30,3,10,150,38,0.0979129253499678
31,3,10,150,38,0.06076546216996844
32,3,10,150,38,0.0
33,3,10,150,38,0.0
34,3,10,150,38,0.0
35,3,10,150,38,0.0
37,3,10,150,38,0.0488929053971083
38,3,10,150,38,0.0
39,3,10,150,38,0.0
40,3,10,150,38,0.0
41,3,10,150,38,0.0
42,3,10,150,38,0.11676800180580715
43,3,10,150,38,0.23313760932547176
44,3,10,150,38,0.07698159974258616
45,3,10,150,38,0.0
46,3,10,150,38,0.14434031438272124
47,3,10,150,38,0.0
48,3,10,150,38,0.0874717141014082
49,3,10,150,38,0.06558450189788582
50,3,10,150,38,0.0
51,3,10,150,38,0.18953836965473142
52,3,10,150,38,0.04892579731758021
53,3,10,150,38,0.09546043308946733
54,3,10,150,38,0.07984133538066794
55,3,10,150,38,0.0
56,3,10,150,38,0.03975645576081676
57,3,10,150,38,0.0
58,3,10,150,38,0.10796876451088402
59,3,10,150,38,0.1948677862978244
60,3,10,150,38,0.10257460616721463
61,3,10,150,38,0.0
62,3,10,150,38,0.03806940785769845
63,3,10,150,38,0.0
64,3,10,150,38,0.0
65,3,10,150,38,0.2994759515353249
66,3,10,150,38,0.0
67,3,10,150,38,0.0
68,3,10,150,38,0.0
69,3,10,150,38,0.04340781395430378
70,3,10,150,38,0.0
71,3,10,150,38,0.07955752067133452
72,3,10,150,38,0.16084022171949366
73,3,10,150,38,0.051960280791503534
74,3,10,150,38,0.0
75,3,10,150,38,0.11731968150568911
76,3,10,150,38,0.14804398249667974
77,3,10,150,38,0.45287742747371695
78,3,10,150,38,0.0
79,3,10,150,38,0.0
80,3,10,150,38,0.08297572808511901
81,3,10,150,38,0.0
82,3,10,150,38,0.08926877557705373
83,3,10,150,38,0.04630610387058298
84,3,10,150,38,0.0
85,3,10,150,38,0.07922696332993462
86,3,10,150,38,0.07738888769495082
87,3,10,150,38,0.07940181510900858
88,3,10,150,38,0.0
89,3,10,150,38,0.22860031301980846
90,3,10,150,38,0.1915074629182851
91,3,10,150,38,0.13114221140465185
92,3,10,150,38,0.047996350778078595
93,3,10,150,38,0.0
94,3,10,150,38,0.17645909528053655
95,3,10,150,38,0.061836172422412086
96,3,10,150,38,0.06783204105472322
97,3,10,150,38,0.05502294157452004
98,3,10,150,38,0.08878770367712427
99,3,10,150,38,0.0
100,3,10,150,38,0.0892789338684584
101,3,10,150,38,0.0
102,3,10,150,38,0.026001814664123827
103,3,10,150,38,0.07673373981757839
104,3,10,150,38,0.12171451575741458
106,3,10,150,38,0.05261577455142312
107,3,10,150,38,0.0
108,3,10,150,38,0.0
109,3,10,150,38,0.06397401012261669
110,3,10,150,38,0.039667414566743345
111,3,10,150,38,0.0
112,3,10,150,38,0.06510475888148554
113,3,10,150,38,0.05449144662575446
114,3,10,150,38,0.07610811271330754
115,3,10,150,38,0.046806851959664796
116,3,10,150,38,0.055538752771150446
117,3,10,150,38,0.053589621006720926
118,3,10,150,38,0.0
119,3,10,150,38,0.034073291417269544
121,3,10,150,38,0.031678095293663194
122,3,10,150,38,0.0
123,3,10,150,38,0.46927872602275644
124,3,10,150,38,0.10889376106823218
125,3,10,150,38,0.09097808601263767
126,3,10,150,38,0.0
127,3,10,150,38,0.0
128,3,10,150,38,0.027576277569513717
129,3,10,150,38,0.0
130,3,10,150,38,0.06359766623551306
131,3,10,150,38,0.2803335894048546
132,3,10,150,38,0.09109240322345806
133,3,10,150,38,0.0
134,3,10,150,38,0.0
135,3,10,150,38,0.0
136,3,10,150,38,0.40257390286801836
137,3,10,150,38,0.0
138,3,10,150,38,0.21222747957761057
139,3,10,150,38,0.0
140,3,10,150,38,0.0
141,3,10,150,38,0.15194751309721466
142,3,10,150,38,0.30260241349881345
143,3,10,150,38,0.0
144,3,10,150,38,0.19201969646868908
145,3,10,150,38,0.018049437082788954
146,3,10,150,38,0.0
147,3,10,150,38,0.07610811271330754
148,3,10,150,38,0.042512356679180144
149,3,10,150,38,0.05446824630887794
150,3,10,150,38,0.0
151,3,10,150,38,0.11285875890681171
152,3,10,150,38,0.026230448379684728
153,3,10,150,38,0.06516188295518531
154,3,10,150,38,0.0
155,3,10,150,38,0.0
156,3,10,150,38,0.0
157,3,10,150,38,0.0
158,3,10,150,38,0.055805240881847164
159,3,10,150,38,0.11026617795298452
160,3,10,150,38,0.0
161,3,10,150,38,0.0
162,3,10,150,38,0.0
163,3,10,150,38,0.0
164,3,10,150,38,0.0
165,3,10,150,38,0.09149012142095872
166,3,10,150,38,0.0
167,3,10,150,38,0.03395822402998728
168,3,10,150,38,0.0
169,3,10,150,38,0.0
170,3,10,150,38,0.0
171,3,10,150,38,0.0
172,3,10,150,38,0.0
173,3,10,150,38,0.0
174,3,10,150,38,0.05481171384122219
175,3,10,150,38,0.4413254197204702
176,3,10,150,38,0.0347693136731627
177,3,10,150,38,0.0
178,3,10,150,38,0.18053947820976404
179,3,10,150,38,0.06599888514927177
180,3,10,150,38,0.0
181,3,10,150,38,0.044627790194812736
182,3,10,150,38,0.13120507751234178
183,3,10,150,38,0.0
184,3,10,150,38,0.0
185,3,10,150,38,0.0
186,3,10,150,38,0.0
187,3,10,150,38,0.14943466330084343
188,3,10,150,38,0.0
189,3,10,150,38,0.22982757951573698
190,3,10,150,38,0.0
191,3,10,150,38,0.0
192,3,10,150,38,0.0
193,3,10,150,38,0.0
194,3,10,150,38,0.03511240359718155
195,3,10,150,38,0.061734604266276284
196,3,10,150,38,0.17342765698823945
197,3,10,150,38,0.07304192939088519
198,3,10,150,38,0.10387325901274824
199,3,10,150,38,0.0
200,3,10,150,38,0.055179303887787655
201,3,10,150,38,0.20953271347426547
202,3,10,150,38,0.0
203,3,10,150,38,0.0
204,3,10,150,38,0.0
205,3,10,150,38,0.11600766930798434
206,3,10,150,38,0.0
207,3,10,150,38,0.018498601383695672
208,3,10,150,38,0.0
209,3,10,150,38,0.0
210,3,10,150,38,0.0
211,3,10,150,38,0.0
212,3,10,150,38,0.0559167101555819
213,3,10,150,38,0.08985507164305877
214,3,10,150,38,0.1257260924843343
215,3,10,150,38,0.157288596461893
216,3,10,150,38,0.25084019139208813
217,3,10,150,38,0.13000004444613666
218,3,10,150,38,0.06323567569191428
219,3,10,150,38,0.0
220,3,10,150,38,0.07807600999842033
221,3,10,150,38,0.09964173287591703
222,3,10,150,38,0.1785734141778626
223,3,10,150,38,0.039270700903099615
224,3,10,150,38,0.0
225,3,10,150,38,0.0
226,3,10,150,38,0.0
227,3,10,150,38,0.0
229,3,10,150,38,0.0
230,3,10,150,38,0.07781766688725546
231,3,10,150,38,0.0
232,3,10,150,38,0.0
233,3,10,150,38,0.15206723475089307
234,3,10,150,38,0.12028809946908156
235,3,10,150,38,0.04622440829742681
236,3,10,150,38,0.12127042983235181
237,3,10,150,38,0.0
238,3,10,150,38,0.0
239,3,10,150,38,0.10334613622384367
240,3,10,150,38,0.10235170428306553
241,3,10,150,38,0.1381300260171807
242,3,10,150,38,0.0
243,3,10,150,38,0.0
244,3,10,150,38,0.1324362264265921
245,3,10,150,38,0.0
246,3,10,150,38,0.08356426880363813
247,3,10,150,38,0.15642624200758548
248,3,10,150,38,0.23451355966072135
249,3,10,150,38,0.24832885939983587
250,3,10,150,38,0.07806699296748765
251,3,10,150,38,0.0
252,3,10,150,38,0.0
253,3,10,150,38,0.0
254,3,10,150,38,0.036502603141236205
255,3,10,150,38,0.07910544779148235
256,3,10,150,38,0.027736288621349494
257,3,10,150,38,0.12830873359117523
258,3,10,150,38,0.0
259,3,10,150,38,0.0
260,3,10,150,38,0.0
261,3,10,150,38,0.0
262,3,10,150,38,0.0
263,3,10,150,38,0.29196331077693755
264,3,10,150,38,0.26344207957838395
265,3,10,150,38,0.19802572813668026
266,3,10,150,38,0.0
267,3,10,150,38,0.21076490690365068
268,3,10,150,38,0.13208940708618258
269,3,10,150,38,0.020888382175722784
270,3,10,150,38,0.0
271,3,10,150,38,0.10729393508609222
272,3,10,150,38,0.0
273,3,10,150,38,0.0
274,3,10,150,38,0.0
275,3,10,150,38,0.0
276,3,10,150,38,0.24576610103203267
277,3,10,150,38,0.0
278,3,10,150,38,0.0
279,3,10,150,38,0.1470685362253748
280,3,10,150,38,0.07316593591075989
281,3,10,150,38,0.0
282,3,10,150,38,0.09659953929285248
283,3,10,150,38,0.0
284,3,10,150,38,0.0
285,3,10,150,38,0.0
286,3,10,150,38,0.0
287,3,10,150,38,0.0
288,3,10,150,38,0.09582711128539602
289,3,10,150,38,0.0
290,3,10,150,38,0.09647783930421741
291,3,10,150,38,0.18439485442827966
292,3,10,150,38,0.27665227928348557
293,3,10,150,38,0.03323920153561399
294,3,10,150,38,0.027616154831484434
295,3,10,150,38,0.09981690553366025
296,3,10,150,38,0.10235135297694252
297,3,10,150,38,0.030868393892711742
298,3,10,150,38,0.06343021441474937
299,3,10,150,38,0.06469719470262661
300,3,10,150,38,0.0
301,3,10,150,38,0.14308182858894825
302,3,10,150,38,0.0
303,3,10,150,38,0.2168768227211251
304,3,10,150,38,0.0
305,3,10,150,38,0.05428021340641747
306,3,10,150,38,0.0
307,3,10,150,38,0.13128644747266613
308,3,10,150,38,0.040188253995349206
309,3,10,150,38,0.0
310,3,10,150,38,0.2890648263178879
311,3,10,150,38,0.15557654226734
312,3,10,150,38,0.09774885223043435
313,3,10,150,38,0.1041664887976237
314,3,10,150,38,0.0843728393421543
315,3,10,150,38,0.09785159463516042
316,3,10,150,38,0.06076546216996844
317,3,10,150,38,0.0
318,3,10,150,38,0.052310015648999494
319,3,10,150,38,0.0
320,3,10,150,38,0.08947300054212491
321,3,10,150,38,0.08223795175588802
322,3,10,150,38,0.07955752067133452
323,3,10,150,38,0.12229181918924699
324,3,10,150,38,0.0
325,3,10,150,38,0.0
326,3,10,150,38,0.10817904857938596
327,3,10,150,38,0.0
328,3,10,150,38,0.12089792401676527
329,3,10,150,38,0.056720838976548935
330,3,10,150,38,0.2704009738666891
331,3,10,150,38,0.0
332,3,10,150,38,0.04320826906524808
333,3,10,150,38,0.0
334,3,10,150,38,0.13350249003161982
335,3,10,150,38,0.0
336,3,10,150,38,0.0
337,3,10,150,38,0.09992090652113537
338,3,10,150,38,0.0
339,3,10,150,38,0.145767359678607
340,3,10,150,38,0.12647135138382856
341,3,10,150,38,0.0
342,3,10,150,38,0.06217129645239605
343,3,10,150,38,0.2980290744057958
344,3,10,150,38,0.12053427076572419
345,3,10,150,38,0.13483524723173548
346,3,10,150,38,0.08852922637928903
347,3,10,150,38,0.0758661828869556
348,3,10,150,38,0.0
349,3,10,150,38,0.07123530534387781
350,3,10,150,38,0.12254756928380169
351,3,10,150,38,0.0
352,3,10,150,38,0.16282653392890226
353,3,10,150,38,0.09489642549953911
354,3,10,150,38,0.0
355,3,10,150,38,0.0
356,3,10,150,38,0.0
357,3,10,150,38,0.0
358,3,10,150,38,0.26730206653594746
359,3,10,150,38,0.0749368547125808
360,3,10,150,38,0.10496459329418281
361,3,10,150,38,0.0
362,3,10,150,38,0.0
363,3,10,150,38,0.20452881370169554
364,3,10,150,38,0.0
365,3,10,150,38,0.0989084497079971
366,3,10,150,38,0.10684080426179023
367,3,10,150,38,0.1410054764628891
368,3,10,150,38,0.0
369,3,10,150,38,0.0
370,3,10,150,38,0.045683428159663184
371,3,10,150,38,0.09892739847751293
372,3,10,150,38,0.10673919722548196
373,3,10,150,38,0.17386558567516147
374,3,10,150,38,0.17577630024054555
375,3,10,150,38,0.0
376,3,10,150,38,0.0
377,3,10,150,38,0.053168340515114924
378,3,10,150,38,0.08085943060319642
379,3,10,150,38,0.13557533657177168
380,3,10,150,38,0.0
381,3,10,150,38,0.05707866018487045
382,3,10,150,38,0.07847428227110642
383,3,10,150,38,0.0
384,3,10,150,38,0.0
385,3,10,150,38,0.16806445745833
386,3,10,150,38,0.0
387,3,10,150,38,0.028090384069386257
388,3,10,150,38,0.0
389,3,10,150,38,0.131753095121503
390,3,10,150,38,0.21398626473452756
391,3,10,150,38,0.2558645268575362
392,3,10,150,38,0.06327372362257774
393,3,10,150,38,0.14988199658095225
394,3,10,150,38,0.10116995285908433
395,3,10,150,38,0.09286934188709499
396,3,10,150,38,0.0
397,3,10,150,38,0.05774550520460572
398,3,10,150,38,0.05290902505257842
399,3,10,150,38,0.0
400,3,10,150,38,0.0
401,3,10,150,38,0.0
402,3,10,150,38,0.469779625693621
403,3,10,150,38,0.0
404,3,10,150,38,0.0
405,3,10,150,38,0.2809300481426489
406,3,10,150,38,0.19927161183608358
407,3,10,150,38,0.07129299934077274
408,3,10,150,38,0.12083071655728543
409,3,10,150,38,0.14237813854939366
410,3,10,150,38,0.0
411,3,10,150,38,0.1128999930808451
412,3,10,150,38,0.0
413,3,10,150,38,0.10122860821230018
414,3,10,150,38,0.0
415,3,10,150,38,0.07605458145297357
416,3,10,150,38,0.27134313747407107
417,3,10,150,38,0.0867218639908164
418,3,10,150,38,0.07001560573318603
419,3,10,150,38,0.2098021491169666
420,3,10,150,38,0.0527075128660253
421,3,10,150,38,0.202729931306865
422,3,10,150,38,0.0
423,3,10,150,38,0.0
424,3,10,150,38,0.13291000263869587
425,3,10,150,38,0.0
426,3,10,150,38,0.10004388309532918
427,3,10,150,38,0.0
428,3,10,150,38,0.0
429,3,10,150,38,0.1933976398573667
430,3,10,150,38,0.062242588308449316
431,3,10,150,38,0.0
432,3,10,150,38,0.0
433,3,10,150,38,0.0
434,3,10,150,38,0.2247819585714142
435,3,10,150,38,0.32906674121405344
436,3,10,150,38,0.0739069759416354
437,3,10,150,38,0.05814406685481385
438,3,10,150,38,0.0
439,3,10,150,38,0.0
440,3,10,150,38,0.07261318787584015
441,3,10,150,38,0.0
442,3,10,150,38,0.058478916078390675
443,3,10,150,38,0.056720838976548935
444,3,10,150,38,0.19519002499605084
445,3,10,150,38,0.0
446,3,10,150,38,0.0
447,3,10,150,38,0.09914294517496557
448,3,10,150,38,0.0
449,3,10,150,38,0.0
450,3,10,150,38,0.36400785540118696
451,3,10,150,38,0.0
452,3,10,150,38,0.059570448278253835
453,3,10,150,38,0.13392124957971085
454,3,10,150,38,0.0
455,3,10,150,38,0.1760702282199838
456,3,10,150,38,0.1424158305069884
457,3,10,150,38,0.549569189624977
458,3,10,150,38,0.14908298118773286
459,3,10,150,38,0.04901586605894737
460,3,10,150,38,0.0
461,3,10,150,38,0.10778915452451093
462,3,10,150,38,0.16728714615527887
463,3,10,150,38,0.1032589365938857
464,3,10,150,38,0.04931346192675315
465,3,10,150,38,0.0733934381893728
466,3,10,150,38,0.0750834162528243
467,3,10,150,38,0.0
468,3,10,150,38,0.4240698698351618
469,3,10,150,38,0.050924439617225085
470,3,10,150,38,0.040162930685297936
471,3,10,150,38,0.0
472,3,10,150,38,0.3327345082624957
473,3,10,150,38,0.050005013043213774
474,3,10,150,38,0.4015014284641566
475,3,10,150,38,0.0
476,3,10,150,38,0.12097589732794561
477,3,10,150,38,0.0
478,3,10,150,38,0.2059565668593519
479,3,10,150,38,0.09370466217566979
480,3,10,150,38,0.0881980292211471
481,3,10,150,38,0.0
482,3,10,150,38,0.10209739512291163
483,3,10,150,38,0.06194403202282284
484,3,10,150,38,0.24343295735481213
485,3,10,150,38,0.0
486,3,10,150,38,0.06740734396299874
487,3,10,150,38,0.122921741878516
488,3,10,150,38,0.05887472794707303
489,3,10,150,38,0.0
490,3,10,150,38,0.06490403551612171
491,3,10,150,38,0.17758207479178334
492,3,10,150,38,0.05821640931129437
493,3,10,150,38,0.1754364546568895
494,3,10,150,38,0.11299367690705851
495,3,10,150,38,0.08293687887806765
496,3,10,150,38,0.07271211160102074
497,3,10,150,38,0.03609887416557791
498,3,10,150,38,0.03787528647391128
499,3,10,150,38,0.07949576586393835
500,3,10,150,38,0.06111339513806401
501,3,10,150,38,0.0
502,3,10,150,38,0.0
503,3,10,150,38,0.27334942489367847
504,3,10,150,38,0.08511439937767899
505,3,10,150,38,0.025255271126572616
506,3,10,150,38,0.18268573782245665
507,3,10,150,38,0.0
508,3,10,150,38,0.17050987036516796
509,3,10,150,38,0.0
510,3,10,150,38,0.12427147932737166
511,3,10,150,38,0.12155021559723776
512,3,10,150,38,0.0
513,3,10,150,38,0.05276490902632437
514,3,10,150,38,0.2714199765360267
515,3,10,150,38,0.0
516,3,10,150,38,0.07947838320659593
517,3,10,150,38,0.03859643636257609
518,3,10,150,38,0.05268083714989503
519,3,10,150,38,0.0
520,3,10,150,38,0.0
521,3,10,150,38,0.0933142360362706
522,3,10,150,38,0.16542389351858164
523,3,10,150,38,0.14958239437556436
524,3,10,150,38,0.06745832887253712
525,3,10,150,38,0.06516045994396072
526,3,10,150,38,0.03112959369469351
527,3,10,150,38,0.17472651162167413
528,3,10,150,38,0.07272826563447823
529,3,10,150,38,0.0
530,3,10,150,38,0.0
531,3,10,150,38,0.0
532,3,10,150,38,0.17997843364583369
533,3,10,150,38,0.20051346337336595
534,3,10,150,38,0.05167975836235349
535,3,10,150,38,0.2972760553434587
536,3,10,150,38,0.17715666004680355
537,3,10,150,38,0.34851984110971695
538,3,10,150,38,0.09944592215223559
539,3,10,150,38,0.0
540,3,10,150,38,0.0
541,3,10,150,38,0.06777625964877511
542,3,10,150,38,0.0466571180181353
543,3,10,150,38,0.0
544,3,10,150,38,0.0
545,3,10,150,38,0.20904744776854975
546,3,10,150,38,0.05456639532549906
547,3,10,150,38,0.0
548,3,10,150,38,0.07129299934077274
549,3,10,150,38,0.10184659627402569
550,3,10,150,38,0.0845667599404342
551,3,10,150,38,0.27080266665603725
552,3,10,150,38,0.0
553,3,10,150,38,0.09570787878815254
554,3,10,150,38,0.0
555,3,10,150,38,0.037070343480771185
556,3,10,150,38,0.2436420788359897
557,3,10,150,38,0.044530079137671444
558,3,10,150,38,0.21398626473452756
559,3,10,150,38,0.07557866567222271
560,3,10,150,38,0.11942337490935596
561,3,10,150,38,0.10747385835737631
562,3,10,150,38,0.06832201488383675
563,3,10,150,38,0.10791970824616881
564,3,10,150,38,0.0
565,3,10,150,38,0.14337418847532693
566,3,10,150,38,0.10817192547889377
567,3,10,150,38,0.40803902673356196
568,3,10,150,38,0.02548915132906805
569,3,10,150,38,0.023835426911994775
570,3,10,150,38,0.0
571,3,10,150,38,0.0512644431393966
572,3,10,150,38,0.30260241349881345
573,3,10,150,38,0.0
574,3,10,150,38,0.0
575,3,10,150,38,0.07945707943276742
576,3,10,150,38,0.0
577,3,10,150,38,0.2399228373954134
578,3,10,150,38,0.0
579,3,10,150,38,0.06152644703210656
580,3,10,150,38,0.0
581,3,10,150,38,0.0
582,3,10,150,38,0.06679511870650716
583,3,10,150,38,0.0874717141014082
584,3,10,150,38,0.20261715588288354
585,3,10,150,38,0.042225550968526857
586,3,10,150,38,0.0987754396747284
587,3,10,150,38,0.0
588,3,10,150,38,0.2430445753719696
589,3,10,150,38,0.0
590,3,10,150,38,0.1076424320455391
591,3,10,150,38,0.08651464973019597
592,3,10,150,38,0.30633994747581744
593,3,10,150,38,0.1304547672713159
594,3,10,150,38,0.0
595,3,10,150,38,0.04121331041880656
596,3,10,150,38,0.09803928583135704
597,3,10,150,38,0.0
598,3,10,150,38,0.0
599,3,10,150,38,0.0
600,3,10,150,38,0.13574631165894233
601,3,10,150,38,0.1802793480527299
602,3,10,150,38,0.041278922835426404
603,3,10,150,38,0.12541207695631323
604,3,10,150,38,0.0
605,3,10,150,38,0.15229440496850097
606,3,10,150,38,0.3900340047844303
607,3,10,150,38,0.0
608,3,10,150,38,0.24666720412021453
609,3,10,150,38,0.0
610,3,10,150,38,0.08443863559321411
611,3,10,150,38,0.0
612,3,10,150,38,0.09162544430476362
613,3,10,150,38,0.12468575026986017
614,3,10,150,38,0.1467868763787456
615,3,10,150,38,0.08897801000789968
616,3,10,150,38,0.030480958763669998
617,3,10,150,38,0.020730875129846955
618,3,10,150,38,0.0933142360362706
619,3,10,150,38,0.09872600543919313
620,3,10,150,38,0.1717765398347941
621,3,10,150,38,0.101703318018824
622,3,10,150,38,0.25852191841335964
623,3,10,150,38,0.04214302778527282
624,3,10,150,38,0.02521706692823706
625,3,10,150,38,0.07363098145094626
626,3,10,150,38,0.0
627,3,10,150,38,0.16033414041235916
628,3,10,150,38,0.0
629,3,10,150,38,0.28406451051909953
630,3,10,150,38,0.09658971769346658
631,3,10,150,38,0.13449792459172438
632,3,10,150,38,0.02332855900906765
633,3,10,150,38,0.050456115328747164
634,3,10,150,38,0.1073104314287135
635,3,10,150,38,0.0
636,3,10,150,38,0.3615974840572412
637,3,10,150,38,0.0
638,3,10,150,38,0.05152901435389809
639,3,10,150,38,0.0
640,3,10,150,38,0.16405184190635289
641,3,10,150,38,0.051358492238643604
642,3,10,150,38,0.37045284718480337
643,3,10,150,38,0.3594113069727167
644,3,10,150,38,0.0
645,3,10,150,38,0.11102976195613785
646,3,10,150,38,0.11243817952384734
647,3,10,150,38,0.06590268968688952
648,3,10,150,38,0.25608140094619997
649,3,10,150,38,0.0
650,3,10,150,38,0.15683104904068745
651,3,10,150,38,0.0
652,3,10,150,38,0.0
653,3,10,150,38,0.1615928741010061
654,3,10,150,38,0.08364611877286272
655,3,10,150,38,0.47010839664496173
656,3,10,150,38,0.0
657,3,10,150,38,0.2504953915210566
658,3,10,150,38,0.05768975536201821
659,3,10,150,38,0.13227385752470436
660,3,10,150,38,0.0
661,3,10,150,38,0.13268600543642908
662,3,10,150,38,0.0
663,3,10,150,38,0.156552206977059
664,3,10,150,38,0.38776561220763456
665,3,10,150,38,0.0466571180181353
666,3,10,150,38,0.17841387099322512
667,3,10,150,38,0.027785635271073788
668,3,10,150,38,0.0
669,3,10,150,38,0.19588788032265295
670,3,10,150,38,0.0
671,3,10,150,38,0.19657778626654054
672,3,10,150,38,0.048159222084064895
673,3,10,150,38,0.0
674,3,10,150,38,0.0
675,3,10,150,38,0.0382580635535654
676,3,10,150,38,0.23911827299794874
677,3,10,150,38,0.0720796116407523
678,3,10,150,38,0.0
679,3,10,150,38,0.14168597692965199
680,3,10,150,38,0.0
681,3,10,150,38,0.0
682,3,10,150,38,0.38400638478169896
683,3,10,150,38,0.02677435355254797
684,3,10,150,38,0.03323920153561399
685,3,10,150,38,0.09030583455080088
686,3,10,150,38,0.10437401422295152
687,3,10,150,38,0.0
688,3,10,150,38,0.0
689,3,10,150,38,0.37279254620421465
690,3,10,150,38,0.2489345590813689
691,3,10,150,38,0.6023709850354425
692,3,10,150,38,0.03353522641880846
693,3,10,150,38,0.06351681300441686
694,3,10,150,38,0.2377347145045044
695,3,10,150,38,0.0
696,3,10,150,38,0.043134162606390795
697,3,10,150,38,0.0549047364764403
698,3,10,150,38,0.0
699,3,10,150,38,0.04330305825249368
700,3,10,150,38,0.0
701,3,10,150,38,0.0906790485156717
702,3,10,150,38,0.0
703,3,10,150,38,0.21888235022994418
704,3,10,150,38,0.13068600097788888
705,3,10,150,38,0.19328607476575116
706,3,10,150,38,0.0
707,3,10,150,38,0.31237799242438413
708,3,10,150,38,0.03717739185487591
709,3,10,150,38,0.15742370831833252
710,3,10,150,38,0.25040922491354684
711,3,10,150,38,0.2009899123037167
712,3,10,150,38,0.10660296350045513
713,3,10,150,38,0.0
714,3,10,150,38,0.09998274523051486
715,3,10,150,38,0.2115838856255212
716,3,10,150,38,0.3066561746240022
717,3,10,150,38,0.08455030681958395
718,3,10,150,38,0.0
719,3,10,150,38,0.10353175087921149
720,3,10,150,38,0.0
721,3,10,150,38,0.09553041513689867
722,3,10,150,38,0.07401896317743158
723,3,10,150,38,0.0
724,3,10,150,38,0.0
725,3,10,150,38,0.0
726,3,10,150,38,0.061080020762274374
727,3,10,150,38,0.1028795642920564
728,3,10,150,38,0.0
729,3,10,150,38,0.0
730,3,10,150,38,0.0
731,3,10,150,38,0.12722225921196534
732,3,10,150,38,0.05717828980196049
733,3,10,150,38,0.020730875129846955
734,3,10,150,38,0.08131766139183766
735,3,10,150,38,0.08151055815578559
736,3,10,150,38,0.047009109882897075
737,3,10,150,38,0.12127716502890909
738,3,10,150,38,0.12247132154685149
739,3,10,150,38,0.18767092572990207
740,3,10,150,38,0.0523780734795101
741,3,10,150,38,0.05908892019155974
742,3,10,150,38,0.0527075128660253
743,3,10,150,38,0.08462519998199661
744,3,10,150,38,0.0
745,3,10,150,38,0.06774344219296054
746,3,10,150,38,0.24124954544361757
747,3,10,150,38,0.18697179912330297
748,3,10,150,38,0.04132344798443041
749,3,10,150,38,0.42012804925718983
750,3,10,150,38,0.11197706748992688
751,3,10,150,38,0.040550050458405824
752,3,10,150,38,0.0
753,3,10,150,38,0.04072612696308379
754,3,10,150,38,0.0
755,3,10,150,38,0.0
756,3,10,150,38,0.044143057780823704
757,3,10,150,38,0.09526616357571023
758,3,10,150,38,0.2148998058313765
759,3,10,150,38,0.0
760,3,10,150,38,0.16006374561654185
761,3,10,150,38,0.17663858756688974
762,3,10,150,38,0.0
763,3,10,150,38,0.07747045004373448
764,3,10,150,38,0.024619085952596504
765,3,10,150,38,0.0
766,3,10,150,38,0.04520729554340058
767,3,10,150,38,0.1269544353559099
768,3,10,150,38,0.05059568297461706
769,3,10,150,38,0.0
770,3,10,150,38,0.18348359547343202
771,3,10,150,38,0.02778871948897756
772,3,10,150,38,0.0
773,3,10,150,38,0.14052732258781897
774,3,10,150,38,0.0
775,3,10,150,38,0.0
776,3,10,150,38,0.0
777,3,10,150,38,0.0
778,3,10,150,38,0.08961728720334347
779,3,10,150,38,0.0
780,3,10,150,38,0.12311997034702767
781,3,10,150,38,0.12572447169101508
782,3,10,150,38,0.0
783,3,10,150,38,0.0
784,3,10,150,38,0.04582425041433568
785,3,10,150,38,0.2848262604068979
786,3,10,150,38,0.12055956650133608
787,3,10,150,38,0.0
788,3,10,150,38,0.04396879830621917
789,3,10,150,38,0.14531023848228133
790,3,10,150,38,0.08220328695614068
791,3,10,150,38,0.059480024314918285
792,3,10,150,38,0.059109628562248356
793,3,10,150,38,0.08021827351724287
794,3,10,150,38,0.08021827351724287
795,3,10,150,38,0.06886690743551852
796,3,10,150,38,0.11432526392160655
797,3,10,150,38,0.13905617951077562
798,3,10,150,38,0.0
799,3,10,150,38,0.2836929289153804
800,3,10,150,38,0.0
801,3,10,150,38,0.0
802,3,10,150,38,0.05621908976192367
803,3,10,150,38,0.0
804,3,10,150,38,0.3016203686137728
805,3,10,150,38,0.1614524637305338
806,3,10,150,38,0.06379369995120096
807,3,10,150,38,0.16347965675028936
808,3,10,150,38,0.0
809,3,10,150,38,0.0
810,3,10,150,38,0.0
811,3,10,150,38,0.0
812,3,10,150,38,0.11600766930798434
813,3,10,150,38,0.0
814,3,10,150,38,0.0
815,3,10,150,38,0.07918756021888111
816,3,10,150,38,0.10105367325027378
817,3,10,150,38,0.0
818,3,10,150,38,0.0
819,3,10,150,38,0.0
820,3,10,150,38,0.12262943855309168
821,3,10,150,38,0.053168340515114924
822,3,10,150,38,0.0
823,3,10,150,38,0.10148718580906937
824,3,10,150,38,0.0
825,3,10,150,38,0.16434089815347858
826,3,10,150,38,0.04455257454866284
827,3,10,150,38,0.0
828,3,10,150,38,0.0
829,3,10,150,38,0.0
830,3,10,150,38,0.07766161314796532
831,3,10,150,38,0.04522637401768292
832,3,10,150,38,0.0
833,3,10,150,38,0.05828935682373833
834,3,10,150,38,0.0
835,3,10,150,38,0.0735972053503585
836,3,10,150,38,0.0
837,3,10,150,38,0.05351287869030783
838,3,10,150,38,0.08633629724227374
839,3,10,150,38,0.0
840,3,10,150,38,0.07656878929530339
841,3,10,150,38,0.0
842,3,10,150,38,0.0
843,3,10,150,38,0.04209275315645388
844,3,10,150,38,0.0
845,3,10,150,38,0.0
846,3,10,150,38,0.09924548857390884
847,3,10,150,38,0.0
848,3,10,150,38,0.0
849,3,10,150,38,0.0
850,3,10,150,38,0.06228974831361337
851,3,10,150,38,0.19821654229071958
852,3,10,150,38,0.07256783117062009
853,3,10,150,38,0.0
854,3,10,150,38,0.0
855,3,10,150,38,0.0
856,3,10,150,38,0.0
857,3,10,150,38,0.0
858,3,10,150,38,0.0
859,3,10,150,38,0.0
860,3,10,150,38,0.0
861,3,10,150,38,0.12754356661958802
862,3,10,150,38,0.0559167101555819
863,3,10,150,38,0.0
864,3,10,150,38,0.1615328695620339
865,3,10,150,38,0.0
866,3,10,150,38,0.0
867,3,10,150,38,0.13120507751234178
868,3,10,150,38,0.0
870,3,10,150,38,0.0
871,3,10,150,38,0.0
872,3,10,150,38,0.0
875,3,10,150,38,0.1395953738647505
876,3,10,150,38,0.0
877,3,10,150,38,0.0
1,3,10,150,39,0.6247579375131872
2,3,10,150,39,0.10688238502350729
3,3,10,150,39,0.0
4,3,10,150,39,0.0
5,3,10,150,39,0.0583775815185038
6,3,10,150,39,0.05340978172012693
7,3,10,150,39,0.2108338049587075
8,3,10,150,39,0.0554835367217868
9,3,10,150,39,0.0
10,3,10,150,39,0.16409920264511527
11,3,10,150,39,0.02551528631909195
12,3,10,150,39,0.0
13,3,10,150,39,0.20842343764506996
14,3,10,150,39,0.05601843521033356
15,3,10,150,39,0.0
16,3,10,150,39,0.14029495523984678
17,3,10,150,39,0.12066394366711926
18,3,10,150,39,0.11557900964955371
19,3,10,150,39,0.0
20,3,10,150,39,0.14530105135237878
21,3,10,150,39,0.03475017269886857
22,3,10,150,39,0.0641836005852075
23,3,10,150,39,0.16093766472693694
24,3,10,150,39,0.2641541177211491
25,3,10,150,39,0.0
26,3,10,150,39,0.0
28,3,10,150,39,0.0
29,3,10,150,39,0.0
30,3,10,150,39,0.0979129253499678
31,3,10,150,39,0.06076546216996844
32,3,10,150,39,0.0
33,3,10,150,39,0.0
34,3,10,150,39,0.0
35,3,10,150,39,0.0
37,3,10,150,39,0.0488929053971083
38,3,10,150,39,0.0
39,3,10,150,39,0.0
40,3,10,150,39,0.0
41,3,10,150,39,0.0
42,3,10,150,39,0.11676800180580715
43,3,10,150,39,0.23313760932547176
44,3,10,150,39,0.07698159974258616
45,3,10,150,39,0.0
46,3,10,150,39,0.14434031438272124
47,3,10,150,39,0.0
48,3,10,150,39,0.0874717141014082
49,3,10,150,39,0.06558450189788582
50,3,10,150,39,0.0
51,3,10,150,39,0.18953836965473142
52,3,10,150,39,0.04892579731758021
53,3,10,150,39,0.09546043308946733
54,3,10,150,39,0.07984133538066794
55,3,10,150,39,0.0
56,3,10,150,39,0.03975645576081676
57,3,10,150,39,0.0
58,3,10,150,39,0.10796876451088402
59,3,10,150,39,0.20874164324431407
60,3,10,150,39,0.10257460616721463
61,3,10,150,39,0.0
62,3,10,150,39,0.03806940785769845
63,3,10,150,39,0.0
64,3,10,150,39,0.0
65,3,10,150,39,0.2994759515353249
66,3,10,150,39,0.0
67,3,10,150,39,0.0
68,3,10,150,39,0.0
69,3,10,150,39,0.04340781395430378
70,3,10,150,39,0.0
71,3,10,150,39,0.07955752067133452
72,3,10,150,39,0.16084022171949366
73,3,10,150,39,0.051960280791503534
74,3,10,150,39,0.0
75,3,10,150,39,0.11731968150568911
76,3,10,150,39,0.14804398249667974
77,3,10,150,39,0.45287742747371695
78,3,10,150,39,0.0
79,3,10,150,39,0.0
80,3,10,150,39,0.08297572808511901
81,3,10,150,39,0.0
82,3,10,150,39,0.08926877557705373
83,3,10,150,39,0.04630610387058298
84,3,10,150,39,0.0
85,3,10,150,39,0.07786174214409979
86,3,10,150,39,0.07738888769495082
87,3,10,150,39,0.07940181510900858
88,3,10,150,39,0.0
89,3,10,150,39,0.22860031301980846
90,3,10,150,39,0.1882074494552835
91,3,10,150,39,0.13114221140465185
92,3,10,150,39,0.047169288472886914
93,3,10,150,39,0.0
94,3,10,150,39,0.17341839189894914
95,3,10,150,39,0.061836172422412086
96,3,10,150,39,0.06783204105472322
97,3,10,150,39,0.05502294157452004
98,3,10,150,39,0.08878770367712427
99,3,10,150,39,0.0
100,3,10,150,39,0.0892789338684584
101,3,10,150,39,0.0
102,3,10,150,39,0.026001814664123827
103,3,10,150,39,0.07673373981757839
104,3,10,150,39,0.12171451575741458
106,3,10,150,39,0.05261577455142312
107,3,10,150,39,0.0
108,3,10,150,39,0.0
109,3,10,150,39,0.06287162439064699
110,3,10,150,39,0.039667414566743345
111,3,10,150,39,0.0
112,3,10,150,39,0.06510475888148554
113,3,10,150,39,0.05449144662575446
114,3,10,150,39,0.07610811271330754
115,3,10,150,39,0.046806851959664796
116,3,10,150,39,0.055538752771150446
117,3,10,150,39,0.053589621006720926
118,3,10,150,39,0.0
119,3,10,150,39,0.034073291417269544
121,3,10,150,39,0.06245141164382474
122,3,10,150,39,0.0
123,3,10,150,39,0.46927872602275644
124,3,10,150,39,0.10889376106823218
125,3,10,150,39,0.09097808601263767
126,3,10,150,39,0.0
127,3,10,150,39,0.0
128,3,10,150,39,0.027576277569513717
129,3,10,150,39,0.0
130,3,10,150,39,0.06359766623551306
131,3,10,150,39,0.2803335894048546
132,3,10,150,39,0.09109240322345806
133,3,10,150,39,0.0
134,3,10,150,39,0.0
135,3,10,150,39,0.0
136,3,10,150,39,0.40257390286801836
137,3,10,150,39,0.0
138,3,10,150,39,0.21222747957761057
139,3,10,150,39,0.0
140,3,10,150,39,0.0
141,3,10,150,39,0.15194751309721466
142,3,10,150,39,0.30260241349881345
143,3,10,150,39,0.0
144,3,10,150,39,0.19201969646868908
145,3,10,150,39,0.017738413248703597
146,3,10,150,39,0.0
147,3,10,150,39,0.07610811271330754
148,3,10,150,39,0.042512356679180144
149,3,10,150,39,0.05446824630887794
150,3,10,150,39,0.0
151,3,10,150,39,0.11285875890681171
152,3,10,150,39,0.026230448379684728
153,3,10,150,39,0.06516188295518531
154,3,10,150,39,0.0
155,3,10,150,39,0.0
156,3,10,150,39,0.0
157,3,10,150,39,0.0
158,3,10,150,39,0.055805240881847164
159,3,10,150,39,0.11026617795298452
160,3,10,150,39,0.0
161,3,10,150,39,0.0
162,3,10,150,39,0.0
163,3,10,150,39,0.0
164,3,10,150,39,0.0
165,3,10,150,39,0.09149012142095872
166,3,10,150,39,0.0
167,3,10,150,39,0.03395822402998728
168,3,10,150,39,0.0
169,3,10,150,39,0.0
170,3,10,150,39,0.0
171,3,10,150,39,0.0
172,3,10,150,39,0.0
173,3,10,150,39,0.0
174,3,10,150,39,0.05481171384122219
175,3,10,150,39,0.4413254197204702
176,3,10,150,39,0.0347693136731627
177,3,10,150,39,0.0
178,3,10,150,39,0.18053947820976404
179,3,10,150,39,0.06599888514927177
180,3,10,150,39,0.0
181,3,10,150,39,0.043858774166806905
182,3,10,150,39,0.13120507751234178
183,3,10,150,39,0.0
184,3,10,150,39,0.0
185,3,10,150,39,0.0
186,3,10,150,39,0.0
187,3,10,150,39,0.14943466330084343
188,3,10,150,39,0.0
189,3,10,150,39,0.22982757951573698
190,3,10,150,39,0.0
191,3,10,150,39,0.07335312372354855
192,3,10,150,39,0.0
193,3,10,150,39,0.0
194,3,10,150,39,0.03511240359718155
195,3,10,150,39,0.061734604266276284
196,3,10,150,39,0.17342765698823945
197,3,10,150,39,0.07304192939088519
198,3,10,150,39,0.10387325901274824
199,3,10,150,39,0.0
200,3,10,150,39,0.055179303887787655
201,3,10,150,39,0.20592209295396033
202,3,10,150,39,0.0
203,3,10,150,39,0.0
204,3,10,150,39,0.0
205,3,10,150,39,0.11600766930798434
206,3,10,150,39,0.0
207,3,10,150,39,0.03541161239659158
208,3,10,150,39,0.0
209,3,10,150,39,0.0
210,3,10,150,39,0.0
211,3,10,150,39,0.0
212,3,10,150,39,0.0559167101555819
213,3,10,150,39,0.08985507164305877
214,3,10,150,39,0.1257260924843343
215,3,10,150,39,0.157288596461893
216,3,10,150,39,0.25084019139208813
217,3,10,150,39,0.13000004444613666
218,3,10,150,39,0.06323567569191428
219,3,10,150,39,0.0
220,3,10,150,39,0.07807600999842033
221,3,10,150,39,0.09964173287591703
222,3,10,150,39,0.1754962773292973
223,3,10,150,39,0.039270700903099615
224,3,10,150,39,0.0
225,3,10,150,39,0.0
226,3,10,150,39,0.0
227,3,10,150,39,0.0
229,3,10,150,39,0.0
230,3,10,150,39,0.07781766688725546
231,3,10,150,39,0.0
232,3,10,150,39,0.0
233,3,10,150,39,0.15206723475089307
234,3,10,150,39,0.11821532203452162
235,3,10,150,39,0.08312042273022706
236,3,10,150,39,0.12127042983235181
237,3,10,150,39,0.0
238,3,10,150,39,0.0
239,3,10,150,39,0.10334613622384367
240,3,10,150,39,0.10235170428306553
241,3,10,150,39,0.1381300260171807
242,3,10,150,39,0.0
243,3,10,150,39,0.0
244,3,10,150,39,0.1324362264265921
245,3,10,150,39,0.0
246,3,10,150,39,0.08356426880363813
247,3,10,150,39,0.15642624200758548
248,3,10,150,39,0.23451355966072135
249,3,10,150,39,0.24832885939983587
250,3,10,150,39,0.07806699296748765
251,3,10,150,39,0.0
252,3,10,150,39,0.0
253,3,10,150,39,0.0
254,3,10,150,39,0.036502603141236205
255,3,10,150,39,0.07910544779148235
256,3,10,150,39,0.027736288621349494
257,3,10,150,39,0.12830873359117523
258,3,10,150,39,0.0
259,3,10,150,39,0.0
260,3,10,150,39,0.0
261,3,10,150,39,0.0
262,3,10,150,39,0.0
263,3,10,150,39,0.29196331077693755
264,3,10,150,39,0.2969281197911131
265,3,10,150,39,0.19802572813668026
266,3,10,150,39,0.0
267,3,10,150,39,0.21076490690365068
268,3,10,150,39,0.12981327217706784
269,3,10,150,39,0.020888382175722784
270,3,10,150,39,0.0
271,3,10,150,39,0.10729393508609222
272,3,10,150,39,0.0
273,3,10,150,39,0.0
274,3,10,150,39,0.0
275,3,10,150,39,0.0
276,3,10,150,39,0.2587628896841204
277,3,10,150,39,0.0
278,3,10,150,39,0.0
279,3,10,150,39,0.14453428433705667
280,3,10,150,39,0.07316593591075989
281,3,10,150,39,0.0
282,3,10,150,39,0.09659953929285248
283,3,10,150,39,0.0
284,3,10,150,39,0.0
285,3,10,150,39,0.0
286,3,10,150,39,0.0
287,3,10,150,39,0.0
288,3,10,150,39,0.13999259891013252
289,3,10,150,39,0.0
290,3,10,150,39,0.09647783930421741
291,3,10,150,39,0.18121740383262747
292,3,10,150,39,0.27665227928348557
293,3,10,150,39,0.032666431102047366
294,3,10,150,39,0.052007328240412425
295,3,10,150,39,0.09981690553366025
296,3,10,150,39,0.10235135297694252
297,3,10,150,39,0.030868393892711742
298,3,10,150,39,0.06343021441474937
299,3,10,150,39,0.06358234721687508
300,3,10,150,39,0.0
301,3,10,150,39,0.14061627474859534
302,3,10,150,39,0.07335312372354855
303,3,10,150,39,0.21313965016457512
304,3,10,150,39,0.0
305,3,10,150,39,0.05428021340641747
306,3,10,150,39,0.0
307,3,10,150,39,0.13128644747266613
308,3,10,150,39,0.03949573905510497
309,3,10,150,39,0.0
310,3,10,150,39,0.2890648263178879
311,3,10,150,39,0.15557654226734
312,3,10,150,39,0.09774885223043435
313,3,10,150,39,0.10237151532668153
314,3,10,150,39,0.0843728393421543
315,3,10,150,39,0.09785159463516042
316,3,10,150,39,0.06076546216996844
317,3,10,150,39,0.0
318,3,10,150,39,0.052310015648999494
319,3,10,150,39,0.0
320,3,10,150,39,0.08947300054212491
321,3,10,150,39,0.08223795175588802
322,3,10,150,39,0.07955752067133452
323,3,10,150,39,0.12229181918924699
324,3,10,150,39,0.0
325,3,10,150,39,0.0
326,3,10,150,39,0.10817904857938596
327,3,10,150,39,0.0
328,3,10,150,39,0.11881463822296565
329,3,10,150,39,0.056720838976548935
330,3,10,150,39,0.2704009738666891
331,3,10,150,39,0.0
332,3,10,150,39,0.04320826906524808
333,3,10,150,39,0.0
334,3,10,150,39,0.13120200519549324
335,3,10,150,39,0.0
336,3,10,150,39,0.0
337,3,10,150,39,0.09992090652113537
338,3,10,150,39,0.0
339,3,10,150,39,0.145767359678607
340,3,10,150,39,0.12647135138382856
341,3,10,150,39,0.0
342,3,10,150,39,0.06217129645239605
343,3,10,150,39,0.29289350452816293
344,3,10,150,39,0.12053427076572419
345,3,10,150,39,0.13251179662374668
346,3,10,150,39,0.08852922637928903
347,3,10,150,39,0.0758661828869556
348,3,10,150,39,0.0
349,3,10,150,39,0.07123530534387781
350,3,10,150,39,0.15944358371660194
351,3,10,150,39,0.0
352,3,10,150,39,0.16282653392890226
353,3,10,150,39,0.09489642549953911
354,3,10,150,39,0.0
355,3,10,150,39,0.0
356,3,10,150,39,0.0
357,3,10,150,39,0.0
358,3,10,150,39,0.26730206653594746
359,3,10,150,39,0.0749368547125808
360,3,10,150,39,0.10496459329418281
361,3,10,150,39,0.0
362,3,10,150,39,0.0
363,3,10,150,39,0.20100441925511806
364,3,10,150,39,0.0
365,3,10,150,39,0.0989084497079971
366,3,10,150,39,0.10684080426179023
367,3,10,150,39,0.1410054764628891
368,3,10,150,39,0.0
369,3,10,150,39,0.0
370,3,10,150,39,0.045683428159663184
371,3,10,150,39,0.09892739847751293
372,3,10,150,39,0.10673919722548196
373,3,10,150,39,0.17086957306689296
374,3,10,150,39,0.1727473626292843
375,3,10,150,39,0.0
376,3,10,150,39,0.0
377,3,10,150,39,0.053168340515114924
378,3,10,150,39,0.0794660791090301
379,3,10,150,39,0.13557533657177168
380,3,10,150,39,0.0
381,3,10,150,39,0.05707866018487045
382,3,10,150,39,0.07847428227110642
383,3,10,150,39,0.0
384,3,10,150,39,0.0
385,3,10,150,39,0.16516840858476103
386,3,10,150,39,0.0
387,3,10,150,39,0.027606336898600987
388,3,10,150,39,0.0
389,3,10,150,39,0.12948275546440768
390,3,10,150,39,0.21398626473452756
391,3,10,150,39,0.2558645268575362
392,3,10,150,39,0.06327372362257774
393,3,10,150,39,0.14729926377753272
394,3,10,150,39,0.10116995285908433
395,3,10,150,39,0.09286934188709499
396,3,10,150,39,0.0
397,3,10,150,39,0.05774550520460572
398,3,10,150,39,0.07075806665764302
399,3,10,150,39,0.0
400,3,10,150,39,0.0
401,3,10,150,39,0.0
402,3,10,150,39,0.469779625693621
403,3,10,150,39,0.0
404,3,10,150,39,0.0
405,3,10,150,39,0.27608912483394205
406,3,10,150,39,0.19583780830784353
407,3,10,150,39,0.0700644944352344
408,3,10,150,39,0.12083071655728543
409,3,10,150,39,0.1399247105372927
410,3,10,150,39,0.0
411,3,10,150,39,0.1128999930808451
412,3,10,150,39,0.0
413,3,10,150,39,0.10122860821230018
414,3,10,150,39,0.0
415,3,10,150,39,0.07605458145297357
416,3,10,150,39,0.283899188395544
417,3,10,150,39,0.08522749236505682
418,3,10,150,39,0.07001560573318603
419,3,10,150,39,0.2098021491169666
420,3,10,150,39,0.0527075128660253
421,3,10,150,39,0.202729931306865
422,3,10,150,39,0.0
423,3,10,150,39,0.0
424,3,10,150,39,0.13291000263869587
425,3,10,150,39,0.0
426,3,10,150,39,0.10004388309532918
427,3,10,150,39,0.0
428,3,10,150,39,0.0
429,3,10,150,39,0.19006505529112255
430,3,10,150,39,0.062242588308449316
431,3,10,150,39,0.0
432,3,10,150,39,0.0
433,3,10,150,39,0.0
434,3,10,150,39,0.2247819585714142
435,3,10,150,39,0.32339633725336914
436,3,10,150,39,0.0739069759416354
437,3,10,150,39,0.057142141392011264
438,3,10,150,39,0.0
439,3,10,150,39,0.0
440,3,10,150,39,0.07261318787584015
441,3,10,150,39,0.0
442,3,10,150,39,0.058478916078390675
443,3,10,150,39,0.056720838976548935
444,3,10,150,39,0.19519002499605084
445,3,10,150,39,0.0
446,3,10,150,39,0.0
447,3,10,150,39,0.09914294517496557
448,3,10,150,39,0.0
449,3,10,150,39,0.0
450,3,10,150,39,0.3749671287765273
451,3,10,150,39,0.0
452,3,10,150,39,0.05854394373206202
453,3,10,150,39,0.13392124957971085
454,3,10,150,39,0.0
455,3,10,150,39,0.1760702282199838
456,3,10,150,39,0.13996175299556446
457,3,10,150,39,0.5400991371425463
458,3,10,150,39,0.1465140168375871
459,3,10,150,39,0.04901586605894737
460,3,10,150,39,0.0
461,3,10,150,39,0.10778915452451093
462,3,10,150,39,0.16728714615527887
463,3,10,150,39,0.1032589365938857
464,3,10,150,39,0.04931346192675315
465,3,10,150,39,0.0733934381893728
466,3,10,150,39,0.0750834162528243
467,3,10,150,39,0.0
468,3,10,150,39,0.4240698698351618
469,3,10,150,39,0.050924439617225085
470,3,10,150,39,0.040162930685297936
471,3,10,150,39,0.0
472,3,10,150,39,0.32700090216621536
473,3,10,150,39,0.050005013043213774
474,3,10,150,39,0.39458284628905127
475,3,10,150,39,0.0
476,3,10,150,39,0.12097589732794561
477,3,10,150,39,0.0
478,3,10,150,39,0.2059565668593519
479,3,10,150,39,0.09208996454449876
480,3,10,150,39,0.0881980292211471
481,3,10,150,39,0.0
482,3,10,150,39,0.10209739512291163
483,3,10,150,39,0.06194403202282284
484,3,10,150,39,0.24343295735481213
485,3,10,150,39,0.0
486,3,10,150,39,0.06624579579566704
487,3,10,150,39,0.1208035821111977
488,3,10,150,39,0.05887472794707303
489,3,10,150,39,0.0
490,3,10,150,39,0.06490403551612171
491,3,10,150,39,0.17758207479178334
492,3,10,150,39,0.05821640931129437
493,3,10,150,39,0.1896451479332119
494,3,10,150,39,0.11299367690705851
495,3,10,150,39,0.0815077292631843
496,3,10,150,39,0.07271211160102074
497,3,10,150,39,0.035476826497407195
498,3,10,150,39,0.03722262806898906
499,3,10,150,39,0.07949576586393835
500,3,10,150,39,0.06006030287914039
501,3,10,150,39,0.0
502,3,10,150,39,0.0
503,3,10,150,39,0.26863912917722493
504,3,10,150,39,0.08364772722004361
505,3,10,150,39,0.025255271126572616
506,3,10,150,39,0.17953773833916897
507,3,10,150,39,0.0
508,3,10,150,39,0.17050987036516796
509,3,10,150,39,0.0
510,3,10,150,39,0.12427147932737166
511,3,10,150,39,0.12155021559723776
512,3,10,150,39,0.0
513,3,10,150,39,0.05276490902632437
514,3,10,150,39,0.26674292863905436
515,3,10,150,39,0.0
516,3,10,150,39,0.07947838320659593
517,3,10,150,39,0.03859643636257609
518,3,10,150,39,0.05268083714989503
519,3,10,150,39,0.0
520,3,10,150,39,0.0
521,3,10,150,39,0.09170626614038828
522,3,10,150,39,0.16542389351858164
523,3,10,150,39,0.14958239437556436
524,3,10,150,39,0.06629590214472887
525,3,10,150,39,0.06516045994396072
526,3,10,150,39,0.03112959369469351
527,3,10,150,39,0.17171566373142316
528,3,10,150,39,0.09941784826339639
529,3,10,150,39,0.0
530,3,10,150,39,0.0
531,3,10,150,39,0.0
532,3,10,150,39,0.19410886056332188
533,3,10,150,39,0.19705826053916867
534,3,10,150,39,0.05167975836235349
535,3,10,150,39,0.29215346132068676
536,3,10,150,39,0.17410393638629376
537,3,10,150,39,0.35974600045857585
538,3,10,150,39,0.09944592215223559
539,3,10,150,39,0.0
540,3,10,150,39,0.0
541,3,10,150,39,0.06660835440944621
542,3,10,150,39,0.04585313307019414
543,3,10,150,39,0.0
544,3,10,150,39,0.0
545,3,10,150,39,0.205445189237577
546,3,10,150,39,0.05456639532549906
547,3,10,150,39,0.0
548,3,10,150,39,0.0700644944352344
549,3,10,150,39,0.10184659627402569
550,3,10,150,39,0.0845667599404342
551,3,10,150,39,0.26613625610386477
552,3,10,150,39,0.0
553,3,10,150,39,0.09570787878815254
554,3,10,150,39,0.0
555,3,10,150,39,0.037070343480771185
556,3,10,150,39,0.2436420788359897
557,3,10,150,39,0.044530079137671444
558,3,10,150,39,0.21398626473452756
559,3,10,150,39,0.07557866567222271
560,3,10,150,39,0.11942337490935596
561,3,10,150,39,0.10562189303918187
562,3,10,150,39,0.06832201488383675
563,3,10,150,39,0.10791970824616881
564,3,10,150,39,0.0
565,3,10,150,39,0.14337418847532693
566,3,10,150,39,0.10630793122530444
567,3,10,150,39,0.40100779013770466
568,3,10,150,39,0.02548915132906805
569,3,10,150,39,0.023835426911994775
570,3,10,150,39,0.0
571,3,10,150,39,0.0512644431393966
572,3,10,150,39,0.30260241349881345
573,3,10,150,39,0.0
574,3,10,150,39,0.0
575,3,10,150,39,0.07945707943276742
576,3,10,150,39,0.0
577,3,10,150,39,0.23578854110522524
578,3,10,150,39,0.0
579,3,10,150,39,0.06152644703210656
580,3,10,150,39,0.0
581,3,10,150,39,0.0
582,3,10,150,39,0.06679511870650716
583,3,10,150,39,0.0874717141014082
584,3,10,150,39,0.20261715588288354
585,3,10,150,39,0.042225550968526857
586,3,10,150,39,0.09707336354791138
587,3,10,150,39,0.0
588,3,10,150,39,0.2388564859961564
589,3,10,150,39,0.0
590,3,10,150,39,0.13970021547228334
591,3,10,150,39,0.08651464973019597
592,3,10,150,39,0.3182929412505454
593,3,10,150,39,0.12820680010728025
594,3,10,150,39,0.0
595,3,10,150,39,0.04050313193717235
596,3,10,150,39,0.09803928583135704
597,3,10,150,39,0.0
598,3,10,150,39,0.0
599,3,10,150,39,0.0
600,3,10,150,39,0.13574631165894233
601,3,10,150,39,0.17717281493590295
602,3,10,150,39,0.041278922835426404
603,3,10,150,39,0.12541207695631323
604,3,10,150,39,0.0
605,3,10,150,39,0.14967010208715414
606,3,10,150,39,0.40054480141611787
607,3,10,150,39,0.0
608,3,10,150,39,0.24241669042182667
609,3,10,150,39,0.0
610,3,10,150,39,0.08443863559321411
611,3,10,150,39,0.0
612,3,10,150,39,0.09162544430476362
613,3,10,150,39,0.12468575026986017
614,3,10,150,39,0.1467868763787456
615,3,10,150,39,0.08897801000789968
616,3,10,150,39,0.030480958763669998
617,3,10,150,39,0.020730875129846955
618,3,10,150,39,0.09170626614038828
619,3,10,150,39,0.09702478115198755
620,3,10,150,39,0.1717765398347941
621,3,10,150,39,0.09995078935190066
622,3,10,150,39,0.25406712694860556
623,3,10,150,39,0.04214302778527282
624,3,10,150,39,0.02478253211119913
625,3,10,150,39,0.07236218896432747
626,3,10,150,39,0.0
627,3,10,150,39,0.15757129862083408
628,3,10,150,39,0.0
629,3,10,150,39,0.2791695748607749
630,3,10,150,39,0.09492530543548594
631,3,10,150,39,0.13449792459172438
632,3,10,150,39,0.02292656653509707
633,3,10,150,39,0.050456115328747164
634,3,10,150,39,0.10546128224654107
635,3,10,150,39,0.0
636,3,10,150,39,0.3615974840572412
637,3,10,150,39,0.0
638,3,10,150,39,0.05152901435389809
639,3,10,150,39,0.0
640,3,10,150,39,0.161224937520114
641,3,10,150,39,0.051358492238643604
642,3,10,150,39,0.3640692871684568
643,3,10,150,39,0.3532180122901431
644,3,10,150,39,0.0
645,3,10,150,39,0.10911652210811448
646,3,10,150,39,0.11243817952384734
647,3,10,150,39,0.06590268968688952
648,3,10,150,39,0.26890043867373925
649,3,10,150,39,0.0
650,3,10,150,39,0.15412857173059033
651,3,10,150,39,0.0
652,3,10,150,39,0.0
653,3,10,150,39,0.15880834209409425
654,3,10,150,39,0.08220474769587205
655,3,10,150,39,0.4792393693932627
656,3,10,150,39,0.0
657,3,10,150,39,0.2504953915210566
658,3,10,150,39,0.05669565849252356
659,3,10,150,39,0.12999454420718137
660,3,10,150,39,0.0
661,3,10,150,39,0.13039959007892965
662,3,10,150,39,0.0
663,3,10,150,39,0.15385453461059173
664,3,10,150,39,0.38108372252420086
665,3,10,150,39,0.04585313307019414
666,3,10,150,39,0.1753394833568796
667,3,10,150,39,0.027785635271073788
668,3,10,150,39,0.0
669,3,10,150,39,0.19588788032265295
670,3,10,150,39,0.0
671,3,10,150,39,0.19319040213371727
672,3,10,150,39,0.048159222084064895
673,3,10,150,39,0.0
674,3,10,150,39,0.0
675,3,10,150,39,0.0382580635535654
676,3,10,150,39,0.2349978407802256
677,3,10,150,39,0.0720796116407523
678,3,10,150,39,0.0
679,3,10,150,39,0.14168597692965199
680,3,10,150,39,0.0
681,3,10,150,39,0.0
682,3,10,150,39,0.3773892732584843
683,3,10,150,39,0.02677435355254797
684,3,10,150,39,0.032666431102047366
685,3,10,150,39,0.09030583455080088
686,3,10,150,39,0.10437401422295152
687,3,10,150,39,0.0
688,3,10,150,39,0.0
689,3,10,150,39,0.37279254620421465
690,3,10,150,39,0.24464497483302342
691,3,10,150,39,0.6023709850354425
692,3,10,150,39,0.03353522641880846
693,3,10,150,39,0.062422305590202044
694,3,10,150,39,0.23363812345508683
695,3,10,150,39,0.0
696,3,10,150,39,0.043134162606390795
697,3,10,150,39,0.053958630425042606
698,3,10,150,39,0.0
699,3,10,150,39,0.04255686970691545
700,3,10,150,39,0.0
701,3,10,150,39,0.0906790485156717
702,3,10,150,39,0.0
703,3,10,150,39,0.21888235022994418
704,3,10,150,39,0.13068600097788888
705,3,10,150,39,0.18995541266403515
706,3,10,150,39,0.0
707,3,10,150,39,0.30699516522361997
708,3,10,150,39,0.03653675941282468
709,3,10,150,39,0.15471101843706245
710,3,10,150,39,0.25040922491354684
711,3,10,150,39,0.1975264994088741
712,3,10,150,39,0.10476600524626177
713,3,10,150,39,0.0
714,3,10,150,39,0.09998274523051486
715,3,10,150,39,0.20793791976874232
716,3,10,150,39,0.31860371924374437
717,3,10,150,39,0.08455030681958395
718,3,10,150,39,0.0
719,3,10,150,39,0.10353175087921149
720,3,10,150,39,0.0
721,3,10,150,39,0.09388425654195966
722,3,10,150,39,0.07401896317743158
723,3,10,150,39,0.0
724,3,10,150,39,0.0
725,3,10,150,39,0.0
726,3,10,150,39,0.061080020762274374
727,3,10,150,39,0.10110676681430802
728,3,10,150,39,0.0
729,3,10,150,39,0.0
730,3,10,150,39,0.0
731,3,10,150,39,0.12722225921196534
732,3,10,150,39,0.05717828980196049
733,3,10,150,39,0.020730875129846955
734,3,10,150,39,0.08131766139183766
735,3,10,150,39,0.08151055815578559
736,3,10,150,39,0.047009109882897075
737,3,10,150,39,0.12127716502890909
738,3,10,150,39,0.12036092332122901
739,3,10,150,39,0.18767092572990207
740,3,10,150,39,0.0523780734795101
741,3,10,150,39,0.05908892019155974
742,3,10,150,39,0.0527075128660253
743,3,10,150,39,0.08462519998199661
744,3,10,150,39,0.0
745,3,10,150,39,0.06774344219296054
746,3,10,150,39,0.24124954544361757
747,3,10,150,39,0.20098171794217373
748,3,10,150,39,0.04132344798443041
749,3,10,150,39,0.4128884973483177
750,3,10,150,39,0.11197706748992688
751,3,10,150,39,0.039851301123006645
752,3,10,150,39,0.027581521914916498
753,3,10,150,39,0.04072612696308379
754,3,10,150,39,0.0
755,3,10,150,39,0.0
756,3,10,150,39,0.044143057780823704
757,3,10,150,39,0.09362455850414964
758,3,10,150,39,0.22842847552957582
759,3,10,150,39,0.0
760,3,10,150,39,0.16006374561654185
761,3,10,150,39,0.17663858756688974
762,3,10,150,39,0.0
763,3,10,150,39,0.07613549669918412
764,3,10,150,39,0.024619085952596504
765,3,10,150,39,0.0
766,3,10,150,39,0.04442829360976434
767,3,10,150,39,0.1269544353559099
768,3,10,150,39,0.05059568297461706
769,3,10,150,39,0.0
770,3,10,150,39,0.18348359547343202
771,3,10,150,39,0.02778871948897756
772,3,10,150,39,0.0
773,3,10,150,39,0.14052732258781897
774,3,10,150,39,0.0
775,3,10,150,39,0.0
776,3,10,150,39,0.0
777,3,10,150,39,0.0
778,3,10,150,39,0.08961728720334347
779,3,10,150,39,0.0
780,3,10,150,39,0.12311997034702767
781,3,10,150,39,0.12572447169101508
782,3,10,150,39,0.0
783,3,10,150,39,0.0
784,3,10,150,39,0.04582425041433568
785,3,10,150,39,0.2848262604068979
786,3,10,150,39,0.12055956650133608
787,3,10,150,39,0.0
788,3,10,150,39,0.043211137877996394
789,3,10,150,39,0.14531023848228133
790,3,10,150,39,0.08078677843201074
791,3,10,150,39,0.059480024314918285
792,3,10,150,39,0.059109628562248356
793,3,10,150,39,0.08021827351724287
794,3,10,150,39,0.11918182680423152
795,3,10,150,39,0.06886690743551852
796,3,10,150,39,0.1123552367260424
797,3,10,150,39,0.13905617951077562
798,3,10,150,39,0.0
799,3,10,150,39,0.2836929289153804
800,3,10,150,39,0.0
801,3,10,150,39,0.0
802,3,10,150,39,0.05621908976192367
803,3,10,150,39,0.0
804,3,10,150,39,0.2964229143633049
805,3,10,150,39,0.15867035124349782
806,3,10,150,39,0.06379369995120096
807,3,10,150,39,0.16066261212977223
808,3,10,150,39,0.0
809,3,10,150,39,0.0
810,3,10,150,39,0.0
811,3,10,150,39,0.0
812,3,10,150,39,0.11600766930798434
813,3,10,150,39,0.0
814,3,10,150,39,0.0
815,3,10,150,39,0.07918756021888111
816,3,10,150,39,0.10105367325027378
817,3,10,150,39,0.0
818,3,10,150,39,0.0
819,3,10,150,39,0.0
820,3,10,150,39,0.12262943855309168
821,3,10,150,39,0.053168340515114924
822,3,10,150,39,0.0
823,3,10,150,39,0.10148718580906937
824,3,10,150,39,0.0
825,3,10,150,39,0.16434089815347858
826,3,10,150,39,0.04455257454866284
827,3,10,150,39,0.0
828,3,10,150,39,0.0
829,3,10,150,39,0.041355644490859725
830,3,10,150,39,0.07766161314796532
831,3,10,150,39,0.04522637401768292
832,3,10,150,39,0.0
833,3,10,150,39,0.05828935682373833
834,3,10,150,39,0.0
835,3,10,150,39,0.0735972053503585
836,3,10,150,39,0.0
837,3,10,150,39,0.05351287869030783
838,3,10,150,39,0.08633629724227374
839,3,10,150,39,0.0
840,3,10,150,39,0.07656878929530339
841,3,10,150,39,0.0
842,3,10,150,39,0.0
843,3,10,150,39,0.04209275315645388
844,3,10,150,39,0.0
845,3,10,150,39,0.0
846,3,10,150,39,0.09924548857390884
847,3,10,150,39,0.0
848,3,10,150,39,0.0
849,3,10,150,39,0.0
850,3,10,150,39,0.06228974831361337
851,3,10,150,39,0.19821654229071958
852,3,10,150,39,0.07256783117062009
853,3,10,150,39,0.0
854,3,10,150,39,0.0
855,3,10,150,39,0.0
856,3,10,150,39,0.0
857,3,10,150,39,0.0
858,3,10,150,39,0.0
859,3,10,150,39,0.0
860,3,10,150,39,0.0
861,3,10,150,39,0.12754356661958802
862,3,10,150,39,0.0559167101555819
863,3,10,150,39,0.0
864,3,10,150,39,0.1615328695620339
865,3,10,150,39,0.0
866,3,10,150,39,0.0
867,3,10,150,39,0.13120507751234178
868,3,10,150,39,0.0
870,3,10,150,39,0.0
871,3,10,150,39,0.0
872,3,10,150,39,0.0
875,3,10,150,39,0.1395953738647505
876,3,10,150,39,0.0
877,3,10,150,39,0.0
1,3,10,150,40,0.6247579375131872
2,3,10,150,40,0.10688238502350729
3,3,10,150,40,0.0
4,3,10,150,40,0.0
5,3,10,150,40,0.0583775815185038
6,3,10,150,40,0.05340978172012693
7,3,10,150,40,0.20728565582202824
8,3,10,150,40,0.0554835367217868
9,3,10,150,40,0.0
10,3,10,150,40,0.16409920264511527
11,3,10,150,40,0.02551528631909195
12,3,10,150,40,0.0
13,3,10,150,40,0.20491585288896827
14,3,10,150,40,0.05601843521033356
15,3,10,150,40,0.0
16,3,10,150,40,0.14029495523984678
17,3,10,150,40,0.12066394366711926
18,3,10,150,40,0.13397789387482173
19,3,10,150,40,0.0
20,3,10,150,40,0.14530105135237878
21,3,10,150,40,0.03475017269886857
22,3,10,150,40,0.0641836005852075
23,3,10,150,40,0.16093766472693694
24,3,10,150,40,0.2641541177211491
25,3,10,150,40,0.0
26,3,10,150,40,0.0
28,3,10,150,40,0.0
29,3,10,150,40,0.0
30,3,10,150,40,0.0979129253499678
31,3,10,150,40,0.06076546216996844
32,3,10,150,40,0.0
33,3,10,150,40,0.0
34,3,10,150,40,0.0
35,3,10,150,40,0.0
37,3,10,150,40,0.0488929053971083
38,3,10,150,40,0.0
39,3,10,150,40,0.0
40,3,10,150,40,0.0
41,3,10,150,40,0.0
42,3,10,150,40,0.11676800180580715
43,3,10,150,40,0.23313760932547176
44,3,10,150,40,0.07698159974258616
45,3,10,150,40,0.0
46,3,10,150,40,0.14434031438272124
47,3,10,150,40,0.0
48,3,10,150,40,0.0874717141014082
49,3,10,150,40,0.06558450189788582
50,3,10,150,40,0.0
51,3,10,150,40,0.18953836965473142
52,3,10,150,40,0.04892579731758021
53,3,10,150,40,0.09546043308946733
54,3,10,150,40,0.07984133538066794
55,3,10,150,40,0.0
56,3,10,150,40,0.03975645576081676
57,3,10,150,40,0.0
58,3,10,150,40,0.10796876451088402
59,3,10,150,40,0.20522870336538251
60,3,10,150,40,0.10257460616721463
61,3,10,150,40,0.0
62,3,10,150,40,0.03806940785769845
63,3,10,150,40,0.0
64,3,10,150,40,0.0
65,3,10,150,40,0.2994759515353249
66,3,10,150,40,0.0
67,3,10,150,40,0.0
68,3,10,150,40,0.0
69,3,10,150,40,0.08005849613714276
70,3,10,150,40,0.0
71,3,10,150,40,0.07955752067133452
72,3,10,150,40,0.16084022171949366
73,3,10,150,40,0.051960280791503534
74,3,10,150,40,0.0
75,3,10,150,40,0.11731968150568911
76,3,10,150,40,0.14804398249667974
77,3,10,150,40,0.45287742747371695
78,3,10,150,40,0.0
79,3,10,150,40,0.0
80,3,10,150,40,0.08297572808511901
81,3,10,150,40,0.0
82,3,10,150,40,0.08926877557705373
83,3,10,150,40,0.04630610387058298
84,3,10,150,40,0.0
85,3,10,150,40,0.07655139690215418
86,3,10,150,40,0.07738888769495082
87,3,10,150,40,0.07940181510900858
88,3,10,150,40,0.0
89,3,10,150,40,0.22860031301980846
90,3,10,150,40,0.2018692103761283
91,3,10,150,40,0.13114221140465185
92,3,10,150,40,0.04637547046914872
93,3,10,150,40,0.0
94,3,10,150,40,0.17049991154604238
95,3,10,150,40,0.061836172422412086
96,3,10,150,40,0.1311371111653387
97,3,10,150,40,0.05502294157452004
98,3,10,150,40,0.08878770367712427
99,3,10,150,40,0.0
100,3,10,150,40,0.0892789338684584
101,3,10,150,40,0.0
102,3,10,150,40,0.026001814664123827
103,3,10,150,40,0.07673373981757839
104,3,10,150,40,0.12171451575741458
106,3,10,150,40,0.05261577455142312
107,3,10,150,40,0.0
108,3,10,150,40,0.0
109,3,10,150,40,0.06287162439064699
110,3,10,150,40,0.039667414566743345
111,3,10,150,40,0.0
112,3,10,150,40,0.06510475888148554
113,3,10,150,40,0.05449144662575446
114,3,10,150,40,0.07610811271330754
115,3,10,150,40,0.046806851959664796
116,3,10,150,40,0.055538752771150446
117,3,10,150,40,0.053589621006720926
118,3,10,150,40,0.0
119,3,10,150,40,0.034073291417269544
121,3,10,150,40,0.06245141164382474
122,3,10,150,40,0.0
123,3,10,150,40,0.46927872602275644
124,3,10,150,40,0.10889376106823218
125,3,10,150,40,0.09097808601263767
126,3,10,150,40,0.0
127,3,10,150,40,0.0
128,3,10,150,40,0.027576277569513717
129,3,10,150,40,0.0
130,3,10,150,40,0.06359766623551306
131,3,10,150,40,0.2803335894048546
132,3,10,150,40,0.09109240322345806
133,3,10,150,40,0.0
134,3,10,150,40,0.0
135,3,10,150,40,0.0
136,3,10,150,40,0.40257390286801836
137,3,10,150,40,0.0
138,3,10,150,40,0.21222747957761057
139,3,10,150,40,0.0
140,3,10,150,40,0.0
141,3,10,150,40,0.15194751309721466
142,3,10,150,40,0.30260241349881345
143,3,10,150,40,0.0
144,3,10,150,40,0.19201969646868908
145,3,10,150,40,0.03426901943734301
146,3,10,150,40,0.0
147,3,10,150,40,0.07610811271330754
148,3,10,150,40,0.042512356679180144
149,3,10,150,40,0.05446824630887794
150,3,10,150,40,0.0
151,3,10,150,40,0.11285875890681171
152,3,10,150,40,0.026230448379684728
153,3,10,150,40,0.06516188295518531
154,3,10,150,40,0.0
155,3,10,150,40,0.0
156,3,10,150,40,0.0
157,3,10,150,40,0.0
158,3,10,150,40,0.055805240881847164
159,3,10,150,40,0.11026617795298452
160,3,10,150,40,0.0
161,3,10,150,40,0.0
162,3,10,150,40,0.0
163,3,10,150,40,0.0
164,3,10,150,40,0.0
165,3,10,150,40,0.09149012142095872
166,3,10,150,40,0.0
167,3,10,150,40,0.03395822402998728
168,3,10,150,40,0.0
169,3,10,150,40,0.0
170,3,10,150,40,0.0
171,3,10,150,40,0.0
172,3,10,150,40,0.0
173,3,10,150,40,0.0
174,3,10,150,40,0.05481171384122219
175,3,10,150,40,0.4413254197204702
176,3,10,150,40,0.0347693136731627
177,3,10,150,40,0.0
178,3,10,150,40,0.18053947820976404
179,3,10,150,40,0.06599888514927177
180,3,10,150,40,0.0
181,3,10,150,40,0.0431206692327986
182,3,10,150,40,0.13120507751234178
183,3,10,150,40,0.0
184,3,10,150,40,0.0
185,3,10,150,40,0.0
186,3,10,150,40,0.0
187,3,10,150,40,0.14943466330084343
188,3,10,150,40,0.0
189,3,10,150,40,0.22982757951573698
190,3,10,150,40,0.0
191,3,10,150,40,0.07335312372354855
192,3,10,150,40,0.0
193,3,10,150,40,0.0
194,3,10,150,40,0.03511240359718155
195,3,10,150,40,0.061734604266276284
196,3,10,150,40,0.17342765698823945
197,3,10,150,40,0.07304192939088519
198,3,10,150,40,0.10387325901274824
199,3,10,150,40,0.0
200,3,10,150,40,0.055179303887787655
201,3,10,150,40,0.20245660364838677
202,3,10,150,40,0.0
203,3,10,150,40,0.0
204,3,10,150,40,0.0
205,3,10,150,40,0.11600766930798434
206,3,10,150,40,0.0
207,3,10,150,40,0.034815665831106055
208,3,10,150,40,0.0
209,3,10,150,40,0.0
210,3,10,150,40,0.0
211,3,10,150,40,0.0
212,3,10,150,40,0.0559167101555819
213,3,10,150,40,0.08985507164305877
214,3,10,150,40,0.1257260924843343
215,3,10,150,40,0.157288596461893
216,3,10,150,40,0.27735230728218535
217,3,10,150,40,0.13000004444613666
218,3,10,150,40,0.06323567569191428
219,3,10,150,40,0.0
220,3,10,150,40,0.07807600999842033
221,3,10,150,40,0.09964173287591703
222,3,10,150,40,0.17254282797605752
223,3,10,150,40,0.039270700903099615
224,3,10,150,40,0.0
225,3,10,150,40,0.0
226,3,10,150,40,0.0
227,3,10,150,40,0.0
229,3,10,150,40,0.0
230,3,10,150,40,0.07781766688725546
231,3,10,150,40,0.0
232,3,10,150,40,0.0
233,3,10,150,40,0.15206723475089307
234,3,10,150,40,0.11622586122247965
235,3,10,150,40,0.08312042273022706
236,3,10,150,40,0.12127042983235181
237,3,10,150,40,0.0
238,3,10,150,40,0.0
239,3,10,150,40,0.12691627784085696
240,3,10,150,40,0.10235170428306553
241,3,10,150,40,0.1381300260171807
242,3,10,150,40,0.0
243,3,10,150,40,0.0
244,3,10,150,40,0.1324362264265921
245,3,10,150,40,0.0
246,3,10,150,40,0.08356426880363813
247,3,10,150,40,0.15642624200758548
248,3,10,150,40,0.23451355966072135
249,3,10,150,40,0.2766902291011919
250,3,10,150,40,0.07806699296748765
251,3,10,150,40,0.0
252,3,10,150,40,0.0
253,3,10,150,40,0.0
254,3,10,150,40,0.036502603141236205
255,3,10,150,40,0.07910544779148235
256,3,10,150,40,0.027736288621349494
257,3,10,150,40,0.12830873359117523
258,3,10,150,40,0.0
259,3,10,150,40,0.0
260,3,10,150,40,0.0
261,3,10,150,40,0.0
262,3,10,150,40,0.0
263,3,10,150,40,0.29196331077693755
264,3,10,150,40,0.2969281197911131
265,3,10,150,40,0.19802572813668026
266,3,10,150,40,0.0
267,3,10,150,40,0.21076490690365068
268,3,10,150,40,0.12762862797499228
269,3,10,150,40,0.040019695500760184
270,3,10,150,40,0.0
271,3,10,150,40,0.10729393508609222
272,3,10,150,40,0.0
273,3,10,150,40,0.0
274,3,10,150,40,0.0
275,3,10,150,40,0.0
276,3,10,150,40,0.25440813583514843
277,3,10,150,40,0.0
278,3,10,150,40,0.0
279,3,10,150,40,0.14210189833381814
280,3,10,150,40,0.07316593591075989
281,3,10,150,40,0.0
282,3,10,150,40,0.09659953929285248
283,3,10,150,40,0.0
284,3,10,150,40,0.0
285,3,10,150,40,0.0
286,3,10,150,40,0.0
287,3,10,150,40,0.0
288,3,10,150,40,0.13999259891013252
289,3,10,150,40,0.0
290,3,10,150,40,0.09647783930421741
291,3,10,150,40,0.17816767290790253
292,3,10,150,40,0.27665227928348557
293,3,10,150,40,0.03211668354455381
294,3,10,150,40,0.052007328240412425
295,3,10,150,40,0.09981690553366025
296,3,10,150,40,0.10235135297694252
297,3,10,150,40,0.030868393892711742
298,3,10,150,40,0.06343021441474937
299,3,10,150,40,0.06251231174305825
300,3,10,150,40,0.0
301,3,10,150,40,0.13824982543108671
302,3,10,150,40,0.07335312372354855
303,3,10,150,40,0.22638182388288608
304,3,10,150,40,0.0
305,3,10,150,40,0.05428021340641747
306,3,10,150,40,0.0
307,3,10,150,40,0.13128644747266613
308,3,10,150,40,0.03883106019841818
309,3,10,150,40,0.0
310,3,10,150,40,0.2890648263178879
311,3,10,150,40,0.15557654226734
312,3,10,150,40,0.09774885223043435
313,3,10,150,40,0.10064869196921257
314,3,10,150,40,0.0843728393421543
315,3,10,150,40,0.09785159463516042
316,3,10,150,40,0.06076546216996844
317,3,10,150,40,0.0
318,3,10,150,40,0.052310015648999494
319,3,10,150,40,0.0
320,3,10,150,40,0.08947300054212491
321,3,10,150,40,0.08223795175588802
322,3,10,150,40,0.07955752067133452
323,3,10,150,40,0.12229181918924699
324,3,10,150,40,0.0
325,3,10,150,40,0.0
326,3,10,150,40,0.10817904857938596
327,3,10,150,40,0.0
328,3,10,150,40,0.11681509144194425
329,3,10,150,40,0.056720838976548935
330,3,10,150,40,0.2704009738666891
331,3,10,150,40,0.0
332,3,10,150,40,0.04320826906524808
333,3,10,150,40,0.0
334,3,10,150,40,0.12899398982738777
335,3,10,150,40,0.0
336,3,10,150,40,0.0
337,3,10,150,40,0.09992090652113537
338,3,10,150,40,0.0
339,3,10,150,40,0.145767359678607
340,3,10,150,40,0.12647135138382856
341,3,10,150,40,0.0
342,3,10,150,40,0.08169597302254984
343,3,10,150,40,0.28796436218576626
344,3,10,150,40,0.12053427076572419
345,3,10,150,40,0.1302817386077542
346,3,10,150,40,0.08852922637928903
347,3,10,150,40,0.0758661828869556
348,3,10,150,40,0.0
349,3,10,150,40,0.07123530534387781
350,3,10,150,40,0.15944358371660194
351,3,10,150,40,0.0
352,3,10,150,40,0.16282653392890226
353,3,10,150,40,0.09489642549953911
354,3,10,150,40,0.0
355,3,10,150,40,0.0
356,3,10,150,40,0.0
357,3,10,150,40,0.0
358,3,10,150,40,0.26730206653594746
359,3,10,150,40,0.0749368547125808
360,3,10,150,40,0.10496459329418281
361,3,10,150,40,0.0
362,3,10,150,40,0.0
363,3,10,150,40,0.19762169011076455
364,3,10,150,40,0.0
365,3,10,150,40,0.0989084497079971
366,3,10,150,40,0.10684080426179023
367,3,10,150,40,0.1410054764628891
368,3,10,150,40,0.0
369,3,10,150,40,0.0
370,3,10,150,40,0.045683428159663184
371,3,10,150,40,0.09892739847751293
372,3,10,150,40,0.10673919722548196
373,3,10,150,40,0.16799398711291946
374,3,10,150,40,0.16984017511399585
375,3,10,150,40,0.0
376,3,10,150,40,0.0
377,3,10,150,40,0.053168340515114924
378,3,10,150,40,0.07812873427459421
379,3,10,150,40,0.13557533657177168
380,3,10,150,40,0.0
381,3,10,150,40,0.05707866018487045
382,3,10,150,40,0.07847428227110642
383,3,10,150,40,0.0
384,3,10,150,40,0.08759200575528697
385,3,10,150,40,0.16238876825885842
386,3,10,150,40,0.0
387,3,10,150,40,0.027141746315260562
388,3,10,150,40,0.0
389,3,10,150,40,0.12730367357046818
390,3,10,150,40,0.21398626473452756
391,3,10,150,40,0.2558645268575362
392,3,10,150,40,0.06327372362257774
393,3,10,150,40,0.1448203455807658
394,3,10,150,40,0.10116995285908433
395,3,10,150,40,0.09286934188709499
396,3,10,150,40,0.0
397,3,10,150,40,0.05774550520460572
398,3,10,150,40,0.07075806665764302
399,3,10,150,40,0.0
400,3,10,150,40,0.0
401,3,10,150,40,0.0
402,3,10,150,40,0.469779625693621
403,3,10,150,40,0.0
404,3,10,150,40,0.0
405,3,10,150,40,0.2714427855520705
406,3,10,150,40,0.19254202872158255
407,3,10,150,40,0.06888537007474138
408,3,10,150,40,0.12083071655728543
409,3,10,150,40,0.13756989964256816
410,3,10,150,40,0.0
411,3,10,150,40,0.1128999930808451
412,3,10,150,40,0.0
413,3,10,150,40,0.10122860821230018
414,3,10,150,40,0.0
415,3,10,150,40,0.07605458145297357
416,3,10,150,40,0.27912141255259093
417,3,10,150,40,0.08379318796820907
418,3,10,150,40,0.07001560573318603
419,3,10,150,40,0.2098021491169666
420,3,10,150,40,0.0527075128660253
421,3,10,150,40,0.202729931306865
422,3,10,150,40,0.0
423,3,10,150,40,0.0
424,3,10,150,40,0.13291000263869587
425,3,10,150,40,0.0
426,3,10,150,40,0.10004388309532918
427,3,10,150,40,0.0
428,3,10,150,40,0.0
429,3,10,150,40,0.18686642610556017
430,3,10,150,40,0.062242588308449316
431,3,10,150,40,0.0
432,3,10,150,40,0.0
433,3,10,150,40,0.0
434,3,10,150,40,0.2247819585714142
435,3,10,150,40,0.3179538588279785
436,3,10,150,40,0.0739069759416354
437,3,10,150,40,0.05618048896778177
438,3,10,150,40,0.0
439,3,10,150,40,0.0
440,3,10,150,40,0.07261318787584015
441,3,10,150,40,0.0
442,3,10,150,40,0.058478916078390675
443,3,10,150,40,0.056720838976548935
444,3,10,150,40,0.19519002499605084
445,3,10,150,40,0.0
446,3,10,150,40,0.0
447,3,10,150,40,0.09914294517496557
448,3,10,150,40,0.0
449,3,10,150,40,0.0
450,3,10,150,40,0.3686567588882065
451,3,10,150,40,0.0
452,3,10,150,40,0.05755870019651326
453,3,10,150,40,0.13392124957971085
454,3,10,150,40,0.0
455,3,10,150,40,0.1760702282199838
456,3,10,150,40,0.1376063187085601
457,3,10,150,40,0.5310097395122713
458,3,10,150,40,0.1440483136622566
459,3,10,150,40,0.04901586605894737
460,3,10,150,40,0.0
461,3,10,150,40,0.10778915452451093
462,3,10,150,40,0.16728714615527887
463,3,10,150,40,0.1032589365938857
464,3,10,150,40,0.04931346192675315
465,3,10,150,40,0.0733934381893728
466,3,10,150,40,0.0750834162528243
467,3,10,150,40,0.0
468,3,10,150,40,0.4240698698351618
469,3,10,150,40,0.050924439617225085
470,3,10,150,40,0.040162930685297936
471,3,10,150,40,0.0
472,3,10,150,40,0.32149776205573055
473,3,10,150,40,0.050005013043213774
474,3,10,150,40,0.3879423609755924
475,3,10,150,40,0.0
476,3,10,150,40,0.12097589732794561
477,3,10,150,40,0.0
478,3,10,150,40,0.2059565668593519
479,3,10,150,40,0.09054017072343964
480,3,10,150,40,0.0881980292211471
481,3,10,150,40,0.0
482,3,10,150,40,0.10209739512291163
483,3,10,150,40,0.06194403202282284
484,3,10,150,40,0.24343295735481213
485,3,10,150,40,0.0
486,3,10,150,40,0.06513093680421138
487,3,10,150,40,0.11877056313845964
488,3,10,150,40,0.05887472794707303
489,3,10,150,40,0.0
490,3,10,150,40,0.06490403551612171
491,3,10,150,40,0.17758207479178334
492,3,10,150,40,0.05821640931129437
493,3,10,150,40,0.18645358542241616
494,3,10,150,40,0.11299367690705851
495,3,10,150,40,0.08013602523652455
496,3,10,150,40,0.07271211160102074
497,3,10,150,40,0.03487978243545732
498,3,10,150,40,0.03659620368854502
499,3,10,150,40,0.07949576586393835
500,3,10,150,40,0.05904954034107846
501,3,10,150,40,0.0
502,3,10,150,40,0.0
503,3,10,150,40,0.26411816682749584
504,3,10,150,40,0.08224000889337817
505,3,10,150,40,0.025255271126572616
506,3,10,150,40,0.17651627472039952
507,3,10,150,40,0.0
508,3,10,150,40,0.17050987036516796
509,3,10,150,40,0.0
510,3,10,150,40,0.12427147932737166
511,3,10,150,40,0.12155021559723776
512,3,10,150,40,0.0
513,3,10,150,40,0.05276490902632437
514,3,10,150,40,0.26225387769131225
515,3,10,150,40,0.0
516,3,10,150,40,0.07947838320659593
517,3,10,150,40,0.03859643636257609
518,3,10,150,40,0.05268083714989503
519,3,10,150,40,0.0
520,3,10,150,40,0.0
521,3,10,150,40,0.0901629296289696
522,3,10,150,40,0.16542389351858164
523,3,10,150,40,0.14958239437556436
524,3,10,150,40,0.06518019990710022
525,3,10,150,40,0.06516045994396072
526,3,10,150,40,0.03112959369469351
527,3,10,150,40,0.16882583880917085
528,3,10,150,40,0.09941784826339639
529,3,10,150,40,0.0
530,3,10,150,40,0.0
531,3,10,150,40,0.0
532,3,10,150,40,0.20767130587995283
533,3,10,150,40,0.1937419418058208
534,3,10,150,40,0.07661469829347552
535,3,10,150,40,0.28723677326031677
536,3,10,150,40,0.17117391891730924
537,3,10,150,40,0.353691788890365
538,3,10,150,40,0.09944592215223559
539,3,10,150,40,0.0
540,3,10,150,40,0.0
541,3,10,150,40,0.06548739387259211
542,3,10,150,40,0.0450814648144848
543,3,10,150,40,0.0
544,3,10,150,40,0.0
545,3,10,150,40,0.20198772580579485
546,3,10,150,40,0.05456639532549906
547,3,10,150,40,0.0
548,3,10,150,40,0.06888537007474138
549,3,10,150,40,0.10184659627402569
550,3,10,150,40,0.0845667599404342
551,3,10,150,40,0.2616574149260047
552,3,10,150,40,0.0
553,3,10,150,40,0.09570787878815254
554,3,10,150,40,0.0
555,3,10,150,40,0.037070343480771185
556,3,10,150,40,0.2436420788359897
557,3,10,150,40,0.044530079137671444
558,3,10,150,40,0.21398626473452756
559,3,10,150,40,0.07557866567222271
560,3,10,150,40,0.11942337490935596
561,3,10,150,40,0.10384436865842708
562,3,10,150,40,0.06832201488383675
563,3,10,150,40,0.10791970824616881
564,3,10,150,40,0.0
565,3,10,150,40,0.14337418847532693
566,3,10,150,40,0.12134798963956618
567,3,10,150,40,0.39425917862041304
568,3,10,150,40,0.02548915132906805
569,3,10,150,40,0.023835426911994775
570,3,10,150,40,0.0
571,3,10,150,40,0.0512644431393966
572,3,10,150,40,0.30260241349881345
573,3,10,150,40,0.0
574,3,10,150,40,0.0
575,3,10,150,40,0.07945707943276742
576,3,10,150,40,0.0
577,3,10,150,40,0.23182042551424958
578,3,10,150,40,0.0
579,3,10,150,40,0.06152644703210656
580,3,10,150,40,0.0
581,3,10,150,40,0.0
582,3,10,150,40,0.06679511870650716
583,3,10,150,40,0.0874717141014082
584,3,10,150,40,0.20261715588288354
585,3,10,150,40,0.042225550968526857
586,3,10,150,40,0.09543970346605435
587,3,10,150,40,0.0
588,3,10,150,40,0.23483673956724055
589,3,10,150,40,0.0
590,3,10,150,40,0.17154483744357613
591,3,10,150,40,0.08651464973019597
592,3,10,150,40,0.3129363485308418
593,3,10,150,40,0.12604919142964835
594,3,10,150,40,0.0
595,3,10,150,40,0.039821499536505725
596,3,10,150,40,0.09803928583135704
597,3,10,150,40,0.0
598,3,10,150,40,0.0
599,3,10,150,40,0.0
600,3,10,150,40,0.13574631165894233
601,3,10,150,40,0.17419115091631662
602,3,10,150,40,0.041278922835426404
603,3,10,150,40,0.12541207695631323
604,3,10,150,40,0.0
605,3,10,150,40,0.14715128474848665
606,3,10,150,40,0.39380398159538604
607,3,10,150,40,0.0
608,3,10,150,40,0.2383370288561432
609,3,10,150,40,0.0
610,3,10,150,40,0.08443863559321411
611,3,10,150,40,0.0
612,3,10,150,40,0.09162544430476362
613,3,10,150,40,0.12468575026986017
614,3,10,150,40,0.1467868763787456
615,3,10,150,40,0.10737689423316772
616,3,10,150,40,0.030480958763669998
617,3,10,150,40,0.020730875129846955
618,3,10,150,40,0.0901629296289696
619,3,10,150,40,0.09539193866950073
620,3,10,150,40,0.1717765398347941
621,3,10,150,40,0.09826870470224586
622,3,10,150,40,0.24979139869279843
623,3,10,150,40,0.04214302778527282
624,3,10,150,40,0.02436546370069305
625,3,10,150,40,0.07114439640799484
626,3,10,150,40,0.0
627,3,10,150,40,0.15491951103261292
628,3,10,150,40,0.0
629,3,10,150,40,0.27447139429042766
630,3,10,150,40,0.11015692351864044
631,3,10,150,40,0.13449792459172438
632,3,10,150,40,0.0225407324072424
633,3,10,150,40,0.050456115328747164
634,3,10,150,40,0.10368646080540908
635,3,10,150,40,0.0
636,3,10,150,40,0.3615974840572412
637,3,10,150,40,0.0
638,3,10,150,40,0.05152901435389809
639,3,10,150,40,0.0
640,3,10,150,40,0.15851166237438868
641,3,10,150,40,0.051358492238643604
642,3,10,150,40,0.35794231845387525
643,3,10,150,40,0.347273661071835
644,3,10,150,40,0.0
645,3,10,150,40,0.10728018616667864
646,3,10,150,40,0.11243817952384734
647,3,10,150,40,0.06590268968688952
648,3,10,150,40,0.28120420693260273
649,3,10,150,40,0.0
650,3,10,150,40,0.1515347222346302
651,3,10,150,40,0.0
652,3,10,150,40,0.0
653,3,10,150,40,0.15613573614264833
654,3,10,150,40,0.08082131345663718
655,3,10,150,40,0.48800331681747067
656,3,10,150,40,0.0
657,3,10,150,40,0.2504953915210566
658,3,10,150,40,0.05574151998625741
659,3,10,150,40,0.14463597757448274
660,3,10,150,40,0.0
661,3,10,150,40,0.1282050786577062
662,3,10,150,40,0.0
663,3,10,150,40,0.15126529692046098
664,3,10,150,40,0.37467041569543313
665,3,10,150,40,0.0450814648144848
666,3,10,150,40,0.17238867270950572
667,3,10,150,40,0.05347936472494627
668,3,10,150,40,0.0
669,3,10,150,40,0.19588788032265295
670,3,10,150,40,0.0
671,3,10,150,40,0.18993917608541008
672,3,10,150,40,0.048159222084064895
673,3,10,150,40,0.0
674,3,10,150,40,0.0
675,3,10,150,40,0.0382580635535654
676,3,10,150,40,0.23104303198640264
677,3,10,150,40,0.0720796116407523
678,3,10,150,40,0.0
679,3,10,150,40,0.14168597692965199
680,3,10,150,40,0.0
681,3,10,150,40,0.0
682,3,10,150,40,0.37103814079011016
683,3,10,150,40,0.02677435355254797
684,3,10,150,40,0.03211668354455381
685,3,10,150,40,0.09030583455080088
686,3,10,150,40,0.10437401422295152
687,3,10,150,40,0.0
688,3,10,150,40,0.0
689,3,10,150,40,0.37279254620421465
690,3,10,150,40,0.24052781318327413
691,3,10,150,40,0.6023709850354425
692,3,10,150,40,0.03353522641880846
693,3,10,150,40,0.061371792605660586
694,3,10,150,40,0.2297061975184711
695,3,10,150,40,0.0
696,3,10,150,40,0.043134162606390795
697,3,10,150,40,0.05305055371506478
698,3,10,150,40,0.0
699,3,10,150,40,0.05866980290960669
700,3,10,150,40,0.0
701,3,10,150,40,0.0906790485156717
702,3,10,150,40,0.0
703,3,10,150,40,0.21888235022994418
704,3,10,150,40,0.1487432077675601
705,3,10,150,40,0.18675862866830234
706,3,10,150,40,0.0
707,3,10,150,40,0.30182870422527
708,3,10,150,40,0.03592187760393705
709,3,10,150,40,0.16893649509041234
710,3,10,150,40,0.25040922491354684
711,3,10,150,40,0.19420230062355057
712,3,10,150,40,0.10300288471091563
713,3,10,150,40,0.0
714,3,10,150,40,0.09998274523051486
715,3,10,150,40,0.20443850585523426
716,3,10,150,40,0.31324189640134537
717,3,10,150,40,0.08455030681958395
718,3,10,150,40,0.0
719,3,10,150,40,0.10353175087921149
720,3,10,150,40,0.0
721,3,10,150,40,0.09230426635081185
722,3,10,150,40,0.07401896317743158
723,3,10,150,40,0.0
724,3,10,150,40,0.0
725,3,10,150,40,0.0
726,3,10,150,40,0.061080020762274374
727,3,10,150,40,0.09940522807171938
728,3,10,150,40,0.0
729,3,10,150,40,0.0
730,3,10,150,40,0.0
731,3,10,150,40,0.12722225921196534
732,3,10,150,40,0.05717828980196049
733,3,10,150,40,0.020730875129846955
734,3,10,150,40,0.08131766139183766
735,3,10,150,40,0.08151055815578559
736,3,10,150,40,0.047009109882897075
737,3,10,150,40,0.12127716502890909
738,3,10,150,40,0.11833535391002488
739,3,10,150,40,0.18767092572990207
740,3,10,150,40,0.0523780734795101
741,3,10,150,40,0.05908892019155974
742,3,10,150,40,0.0527075128660253
743,3,10,150,40,0.1194783875505714
744,3,10,150,40,0.0
745,3,10,150,40,0.06774344219296054
746,3,10,150,40,0.24124954544361757
747,3,10,150,40,0.19759937084112653
748,3,10,150,40,0.04132344798443041
749,3,10,150,40,0.40593994388603893
750,3,10,150,40,0.11197706748992688
751,3,10,150,40,0.0391806384666891
752,3,10,150,40,0.054979646329242064
753,3,10,150,40,0.04072612696308379
754,3,10,150,40,0.0
755,3,10,150,40,0.0
756,3,10,150,40,0.044143057780823704
757,3,10,150,40,0.09204893880457851
758,3,10,150,40,0.2414133516454919
759,3,10,150,40,0.0
760,3,10,150,40,0.16006374561654185
761,3,10,150,40,0.17663858756688974
762,3,10,150,40,0.0
763,3,10,150,40,0.07485420266316953
764,3,10,150,40,0.024619085952596504
765,3,10,150,40,0.0
766,3,10,150,40,0.04368060416002694
767,3,10,150,40,0.1269544353559099
768,3,10,150,40,0.05059568297461706
769,3,10,150,40,0.0
770,3,10,150,40,0.18348359547343202
771,3,10,150,40,0.02778871948897756
772,3,10,150,40,0.0
773,3,10,150,40,0.14052732258781897
774,3,10,150,40,0.0
775,3,10,150,40,0.0
776,3,10,150,40,0.0
777,3,10,150,40,0.0
778,3,10,150,40,0.08961728720334347
779,3,10,150,40,0.0
780,3,10,150,40,0.12311997034702767
781,3,10,150,40,0.12572447169101508
782,3,10,150,40,0.0
783,3,10,150,40,0.0
784,3,10,150,40,0.04582425041433568
785,3,10,150,40,0.2848262604068979
786,3,10,150,40,0.12055956650133608
787,3,10,150,40,0.0
788,3,10,150,40,0.059313060317746504
789,3,10,150,40,0.14531023848228133
790,3,10,150,40,0.07942720737932886
791,3,10,150,40,0.059480024314918285
792,3,10,150,40,0.059109628562248356
793,3,10,150,40,0.08021827351724287
794,3,10,150,40,0.1578863001786244
795,3,10,150,40,0.06886690743551852
796,3,10,150,40,0.1104643960410347
797,3,10,150,40,0.13905617951077562
798,3,10,150,40,0.0
799,3,10,150,40,0.2836929289153804
800,3,10,150,40,0.0
801,3,10,150,40,0.0
802,3,10,150,40,0.05621908976192367
803,3,10,150,40,0.0
804,3,10,150,40,0.2914343751302531
805,3,10,150,40,0.15600006755776974
806,3,10,150,40,0.06379369995120096
807,3,10,150,40,0.15795880043014213
808,3,10,150,40,0.0
809,3,10,150,40,0.0
810,3,10,150,40,0.0
811,3,10,150,40,0.0
812,3,10,150,40,0.11600766930798434
813,3,10,150,40,0.0
814,3,10,150,40,0.0
815,3,10,150,40,0.07918756021888111
816,3,10,150,40,0.10105367325027378
817,3,10,150,40,0.0
818,3,10,150,40,0.0
819,3,10,150,40,0.0
820,3,10,150,40,0.12262943855309168
821,3,10,150,40,0.053168340515114924
822,3,10,150,40,0.0
823,3,10,150,40,0.10148718580906937
824,3,10,150,40,0.0
825,3,10,150,40,0.16434089815347858
826,3,10,150,40,0.07781595641430564
827,3,10,150,40,0.0
828,3,10,150,40,0.0
829,3,10,150,40,0.041355644490859725
830,3,10,150,40,0.10417372903806255
831,3,10,150,40,0.04522637401768292
832,3,10,150,40,0.0
833,3,10,150,40,0.05828935682373833
834,3,10,150,40,0.0
835,3,10,150,40,0.0735972053503585
836,3,10,150,40,0.0
837,3,10,150,40,0.05351287869030783
838,3,10,150,40,0.08633629724227374
839,3,10,150,40,0.0
840,3,10,150,40,0.07656878929530339
841,3,10,150,40,0.0
842,3,10,150,40,0.0
843,3,10,150,40,0.04209275315645388
844,3,10,150,40,0.0
845,3,10,150,40,0.0
846,3,10,150,40,0.09924548857390884
847,3,10,150,40,0.0
848,3,10,150,40,0.0
849,3,10,150,40,0.0
850,3,10,150,40,0.06228974831361337
851,3,10,150,40,0.19821654229071958
852,3,10,150,40,0.07256783117062009
853,3,10,150,40,0.0
854,3,10,150,40,0.0
855,3,10,150,40,0.0
856,3,10,150,40,0.0
857,3,10,150,40,0.0
858,3,10,150,40,0.0
859,3,10,150,40,0.0
860,3,10,150,40,0.0
861,3,10,150,40,0.12754356661958802
862,3,10,150,40,0.0559167101555819
863,3,10,150,40,0.0
864,3,10,150,40,0.1615328695620339
865,3,10,150,40,0.0
866,3,10,150,40,0.0
867,3,10,150,40,0.13120507751234178
868,3,10,150,40,0.0
870,3,10,150,40,0.0
871,3,10,150,40,0.0
872,3,10,150,40,0.0
875,3,10,150,40,0.1395953738647505
876,3,10,150,40,0.0
877,3,10,150,40,0.0
1,3,10,150,41,0.6247579375131872
2,3,10,150,41,0.10688238502350729
3,3,10,150,41,0.0
4,3,10,150,41,0.0
5,3,10,150,41,0.0583775815185038
6,3,10,150,41,0.05340978172012693
7,3,10,150,41,0.2038767093602742
8,3,10,150,41,0.0554835367217868
9,3,10,150,41,0.0
10,3,10,150,41,0.16409920264511527
11,3,10,150,41,0.02551528631909195
12,3,10,150,41,0.0
13,3,10,150,41,0.21799152510247627
14,3,10,150,41,0.05601843521033356
15,3,10,150,41,0.0
16,3,10,150,41,0.14029495523984678
17,3,10,150,41,0.12066394366711926
18,3,10,150,41,0.13397789387482173
19,3,10,150,41,0.0
20,3,10,150,41,0.14530105135237878
21,3,10,150,41,0.03475017269886857
22,3,10,150,41,0.0641836005852075
23,3,10,150,41,0.16093766472693694
24,3,10,150,41,0.311062094929455
25,3,10,150,41,0.0
26,3,10,150,41,0.0
28,3,10,150,41,0.0
29,3,10,150,41,0.0
30,3,10,150,41,0.0979129253499678
31,3,10,150,41,0.06076546216996844
32,3,10,150,41,0.0
33,3,10,150,41,0.0
34,3,10,150,41,0.0
35,3,10,150,41,0.0
37,3,10,150,41,0.0488929053971083
38,3,10,150,41,0.0
39,3,10,150,41,0.0
40,3,10,150,41,0.0
41,3,10,150,41,0.0
42,3,10,150,41,0.11676800180580715
43,3,10,150,41,0.23313760932547176
44,3,10,150,41,0.07698159974258616
45,3,10,150,41,0.0
46,3,10,150,41,0.14434031438272124
47,3,10,150,41,0.0
48,3,10,150,41,0.0874717141014082
49,3,10,150,41,0.06558450189788582
50,3,10,150,41,0.0
51,3,10,150,41,0.18953836965473142
52,3,10,150,41,0.04892579731758021
53,3,10,150,41,0.09546043308946733
54,3,10,150,41,0.07984133538066794
55,3,10,150,41,0.0
56,3,10,150,41,0.03975645576081676
57,3,10,150,41,0.0
58,3,10,150,41,0.10796876451088402
59,3,10,150,41,0.20185358481502577
60,3,10,150,41,0.10257460616721463
61,3,10,150,41,0.0
62,3,10,150,41,0.03806940785769845
63,3,10,150,41,0.0
64,3,10,150,41,0.0
65,3,10,150,41,0.2994759515353249
66,3,10,150,41,0.0
67,3,10,150,41,0.0
68,3,10,150,41,0.0
69,3,10,150,41,0.08005849613714276
70,3,10,150,41,0.0
71,3,10,150,41,0.07955752067133452
72,3,10,150,41,0.16084022171949366
73,3,10,150,41,0.051960280791503534
74,3,10,150,41,0.0
75,3,10,150,41,0.11731968150568911
76,3,10,150,41,0.14804398249667974
77,3,10,150,41,0.45287742747371695
78,3,10,150,41,0.0
79,3,10,150,41,0.0
80,3,10,150,41,0.08297572808511901
81,3,10,150,41,0.0
82,3,10,150,41,0.08926877557705373
83,3,10,150,41,0.04630610387058298
84,3,10,150,41,0.0
85,3,10,150,41,0.0752924597481237
86,3,10,150,41,0.07738888769495082
87,3,10,150,41,0.10058161863664324
88,3,10,150,41,0.0
89,3,10,150,41,0.22860031301980846
90,3,10,150,41,0.1985493408573246
91,3,10,150,41,0.13114221140465185
92,3,10,150,41,0.045612795910983835
93,3,10,150,41,0.0
94,3,10,150,41,0.16769593040277753
95,3,10,150,41,0.061836172422412086
96,3,10,150,41,0.1311371111653387
97,3,10,150,41,0.05502294157452004
98,3,10,150,41,0.08878770367712427
99,3,10,150,41,0.0
100,3,10,150,41,0.0892789338684584
101,3,10,150,41,0.0
102,3,10,150,41,0.026001814664123827
103,3,10,150,41,0.07673373981757839
104,3,10,150,41,0.12171451575741458
106,3,10,150,41,0.05261577455142312
107,3,10,150,41,0.0
108,3,10,150,41,0.0
109,3,10,150,41,0.06287162439064699
110,3,10,150,41,0.039667414566743345
111,3,10,150,41,0.0
112,3,10,150,41,0.06510475888148554
113,3,10,150,41,0.05449144662575446
114,3,10,150,41,0.07610811271330754
115,3,10,150,41,0.046806851959664796
116,3,10,150,41,0.055538752771150446
117,3,10,150,41,0.053589621006720926
118,3,10,150,41,0.0
119,3,10,150,41,0.034073291417269544
121,3,10,150,41,0.06245141164382474
122,3,10,150,41,0.0
123,3,10,150,41,0.46927872602275644
124,3,10,150,41,0.10889376106823218
125,3,10,150,41,0.09097808601263767
126,3,10,150,41,0.0
127,3,10,150,41,0.0
128,3,10,150,41,0.027576277569513717
129,3,10,150,41,0.0
130,3,10,150,41,0.06359766623551306
131,3,10,150,41,0.2803335894048546
132,3,10,150,41,0.09109240322345806
133,3,10,150,41,0.0
134,3,10,150,41,0.0
135,3,10,150,41,0.0
136,3,10,150,41,0.40257390286801836
137,3,10,150,41,0.0
138,3,10,150,41,0.21222747957761057
139,3,10,150,41,0.0
140,3,10,150,41,0.0
141,3,10,150,41,0.15194751309721466
142,3,10,150,41,0.30260241349881345
143,3,10,150,41,0.0
144,3,10,150,41,0.19201969646868908
145,3,10,150,41,0.03370544328396454
146,3,10,150,41,0.0
147,3,10,150,41,0.07610811271330754
148,3,10,150,41,0.042512356679180144
149,3,10,150,41,0.05446824630887794
150,3,10,150,41,0.0
151,3,10,150,41,0.11285875890681171
152,3,10,150,41,0.026230448379684728
153,3,10,150,41,0.06516188295518531
154,3,10,150,41,0.0
155,3,10,150,41,0.0
156,3,10,150,41,0.0
157,3,10,150,41,0.0
158,3,10,150,41,0.055805240881847164
159,3,10,150,41,0.11026617795298452
160,3,10,150,41,0.0
161,3,10,150,41,0.0
162,3,10,150,41,0.0
163,3,10,150,41,0.0
164,3,10,150,41,0.0
165,3,10,150,41,0.09149012142095872
166,3,10,150,41,0.0
167,3,10,150,41,0.03395822402998728
168,3,10,150,41,0.0
169,3,10,150,41,0.0
170,3,10,150,41,0.0
171,3,10,150,41,0.0
172,3,10,150,41,0.0
173,3,10,150,41,0.0
174,3,10,150,41,0.05481171384122219
175,3,10,150,41,0.4413254197204702
176,3,10,150,41,0.0347693136731627
177,3,10,150,41,0.0
178,3,10,150,41,0.18053947820976404
179,3,10,150,41,0.06599888514927177
180,3,10,150,41,0.0
181,3,10,150,41,0.04241152198270705
182,3,10,150,41,0.13120507751234178
183,3,10,150,41,0.0
184,3,10,150,41,0.0
185,3,10,150,41,0.0
186,3,10,150,41,0.0
187,3,10,150,41,0.2004102107997965
188,3,10,150,41,0.0
189,3,10,150,41,0.22982757951573698
190,3,10,150,41,0.0
191,3,10,150,41,0.07335312372354855
192,3,10,150,41,0.0
193,3,10,150,41,0.0
194,3,10,150,41,0.03511240359718155
195,3,10,150,41,0.061734604266276284
196,3,10,150,41,0.17342765698823945
197,3,10,150,41,0.07304192939088519
198,3,10,150,41,0.10387325901274824
199,3,10,150,41,0.0
200,3,10,150,41,0.055179303887787655
201,3,10,150,41,0.19912707406791996
202,3,10,150,41,0.0
203,3,10,150,41,0.0
204,3,10,150,41,0.0
205,3,10,150,41,0.11600766930798434
206,3,10,150,41,0.0
207,3,10,150,41,0.03424309972479303
208,3,10,150,41,0.0
209,3,10,150,41,0.0
210,3,10,150,41,0.0
211,3,10,150,41,0.0
212,3,10,150,41,0.0559167101555819
213,3,10,150,41,0.08985507164305877
214,3,10,150,41,0.1257260924843343
215,3,10,150,41,0.157288596461893
216,3,10,150,41,0.27735230728218535
217,3,10,150,41,0.13000004444613666
218,3,10,150,41,0.06323567569191428
219,3,10,150,41,0.0
220,3,10,150,41,0.07807600999842033
221,3,10,150,41,0.09964173287591703
222,3,10,150,41,0.16970524975291687
223,3,10,150,41,0.039270700903099615
224,3,10,150,41,0.0
225,3,10,150,41,0.0
226,3,10,150,41,0.0
227,3,10,150,41,0.0
229,3,10,150,41,0.0
230,3,10,150,41,0.07781766688725546
231,3,10,150,41,0.0
232,3,10,150,41,0.0
233,3,10,150,41,0.15206723475089307
234,3,10,150,41,0.11431445188348098
235,3,10,150,41,0.08312042273022706
236,3,10,150,41,0.12127042983235181
237,3,10,150,41,0.0
238,3,10,150,41,0.0
239,3,10,150,41,0.12691627784085696
240,3,10,150,41,0.10235170428306553
241,3,10,150,41,0.1381300260171807
242,3,10,150,41,0.0
243,3,10,150,41,0.0
244,3,10,150,41,0.1324362264265921
245,3,10,150,41,0.0
246,3,10,150,41,0.08356426880363813
247,3,10,150,41,0.15642624200758548
248,3,10,150,41,0.23451355966072135
249,3,10,150,41,0.2766902291011919
250,3,10,150,41,0.07806699296748765
251,3,10,150,41,0.0
252,3,10,150,41,0.0
253,3,10,150,41,0.0
254,3,10,150,41,0.036502603141236205
255,3,10,150,41,0.07910544779148235
256,3,10,150,41,0.027736288621349494
257,3,10,150,41,0.12830873359117523
258,3,10,150,41,0.0
259,3,10,150,41,0.0
260,3,10,150,41,0.0
261,3,10,150,41,0.0
262,3,10,150,41,0.0
263,3,10,150,41,0.32837769821077345
264,3,10,150,41,0.2969281197911131
265,3,10,150,41,0.19802572813668026
266,3,10,150,41,0.0
267,3,10,150,41,0.21076490690365068
268,3,10,150,41,0.12552969277357426
269,3,10,150,41,0.040019695500760184
270,3,10,150,41,0.0
271,3,10,150,41,0.10729393508609222
272,3,10,150,41,0.0
273,3,10,150,41,0.0
274,3,10,150,41,0.0
275,3,10,150,41,0.0
276,3,10,150,41,0.2666698754966695
277,3,10,150,41,0.0
278,3,10,150,41,0.0
279,3,10,150,41,0.13976494085544097
280,3,10,150,41,0.07316593591075989
281,3,10,150,41,0.0
282,3,10,150,41,0.09659953929285248
283,3,10,150,41,0.0
284,3,10,150,41,0.0
285,3,10,150,41,0.0
286,3,10,150,41,0.0
287,3,10,150,41,0.0
288,3,10,150,41,0.13999259891013252
289,3,10,150,41,0.0
290,3,10,150,41,0.09647783930421741
291,3,10,150,41,0.17523759047769416
292,3,10,150,41,0.27665227928348557
293,3,10,150,41,0.03158850394477252
294,3,10,150,41,0.052007328240412425
295,3,10,150,41,0.09981690553366025
296,3,10,150,41,0.10235135297694252
297,3,10,150,41,0.030868393892711742
298,3,10,150,41,0.08895829092601172
299,3,10,150,41,0.06251231174305825
300,3,10,150,41,0.0
301,3,10,150,41,0.1359762177790162
302,3,10,150,41,0.07335312372354855
303,3,10,150,41,0.23910447434205398
304,3,10,150,41,0.0
305,3,10,150,41,0.05428021340641747
306,3,10,150,41,0.0
307,3,10,150,41,0.13128644747266613
308,3,10,150,41,0.03819245833885097
309,3,10,150,41,0.0
310,3,10,150,41,0.2890648263178879
311,3,10,150,41,0.15557654226734
312,3,10,150,41,0.12252303129650513
313,3,10,150,41,0.09899345923731913
314,3,10,150,41,0.10507089418815024
315,3,10,150,41,0.09785159463516042
316,3,10,150,41,0.06076546216996844
317,3,10,150,41,0.0
318,3,10,150,41,0.052310015648999494
319,3,10,150,41,0.0
320,3,10,150,41,0.08947300054212491
321,3,10,150,41,0.08223795175588802
322,3,10,150,41,0.07955752067133452
323,3,10,150,41,0.12229181918924699
324,3,10,150,41,0.0
325,3,10,150,41,0.0
326,3,10,150,41,0.10817904857938596
327,3,10,150,41,0.0
328,3,10,150,41,0.11489399183149947
329,3,10,150,41,0.056720838976548935
330,3,10,150,41,0.2704009738666891
331,3,10,150,41,0.0
332,3,10,150,41,0.04320826906524808
333,3,10,150,41,0.0
334,3,10,150,41,0.12687260036864415
335,3,10,150,41,0.0
336,3,10,150,41,0.0
337,3,10,150,41,0.09992090652113537
338,3,10,150,41,0.04358896759704514
339,3,10,150,41,0.145767359678607
340,3,10,150,41,0.12647135138382856
341,3,10,150,41,0.0
342,3,10,150,41,0.10109476984709632
343,3,10,150,41,0.299674248036496
344,3,10,150,41,0.12053427076572419
345,3,10,150,41,0.1302817386077542
346,3,10,150,41,0.08852922637928903
347,3,10,150,41,0.0758661828869556
348,3,10,150,41,0.0
349,3,10,150,41,0.07123530534387781
350,3,10,150,41,0.19585797115043785
351,3,10,150,41,0.0
352,3,10,150,41,0.16282653392890226
353,3,10,150,41,0.09489642549953911
354,3,10,150,41,0.0
355,3,10,150,41,0.0
356,3,10,150,41,0.0
357,3,10,150,41,0.0
358,3,10,150,41,0.26730206653594746
359,3,10,150,41,0.0749368547125808
360,3,10,150,41,0.10496459329418281
361,3,10,150,41,0.0
362,3,10,150,41,0.0
363,3,10,150,41,0.1943716738055005
364,3,10,150,41,0.0
365,3,10,150,41,0.0989084497079971
366,3,10,150,41,0.10684080426179023
367,3,10,150,41,0.1410054764628891
368,3,10,150,41,0.0
369,3,10,150,41,0.0
370,3,10,150,41,0.045683428159663184
371,3,10,150,41,0.09892739847751293
372,3,10,150,41,0.10673919722548196
373,3,10,150,41,0.16523121751512232
374,3,10,150,41,0.1670470437623714
375,3,10,150,41,0.0
376,3,10,150,41,0.0
377,3,10,150,41,0.053168340515114924
378,3,10,150,41,0.0768438567889308
379,3,10,150,41,0.13557533657177168
380,3,10,150,41,0.0
381,3,10,150,41,0.05707866018487045
382,3,10,150,41,0.07847428227110642
383,3,10,150,41,0.0
384,3,10,150,41,0.08759200575528697
385,3,10,150,41,0.1597181801046066
386,3,10,150,41,0.0
387,3,10,150,41,0.026695382770709878
388,3,10,150,41,0.0
389,3,10,150,41,0.12521008245406726
390,3,10,150,41,0.21398626473452756
391,3,10,150,41,0.2558645268575362
392,3,10,150,41,0.06327372362257774
393,3,10,150,41,0.142438681482014
394,3,10,150,41,0.10116995285908433
395,3,10,150,41,0.09286934188709499
396,3,10,150,41,0.0
397,3,10,150,41,0.08251968427067649
398,3,10,150,41,0.08837411343996615
399,3,10,150,41,0.0
400,3,10,150,41,0.0
401,3,10,150,41,0.0
402,3,10,150,41,0.469779625693621
403,3,10,150,41,0.0
404,3,10,150,41,0.0
405,3,10,150,41,0.26697873366335295
406,3,10,150,41,0.18937555072798262
407,3,10,150,41,0.06775250568211535
408,3,10,150,41,0.12083071655728543
409,3,10,150,41,0.13530747380914224
410,3,10,150,41,0.0
411,3,10,150,41,0.1128999930808451
412,3,10,150,41,0.0
413,3,10,150,41,0.10122860821230018
414,3,10,150,41,0.0
415,3,10,150,41,0.07605458145297357
416,3,10,150,41,0.2909767264202471
417,3,10,150,41,0.08241515488381385
418,3,10,150,41,0.07001560573318603
419,3,10,150,41,0.2098021491169666
420,3,10,150,41,0.0527075128660253
421,3,10,150,41,0.202729931306865
422,3,10,150,41,0.0
423,3,10,150,41,0.0
424,3,10,150,41,0.13291000263869587
425,3,10,150,41,0.0
426,3,10,150,41,0.10004388309532918
427,3,10,150,41,0.0
428,3,10,150,41,0.0
429,3,10,150,41,0.18379328706192027
430,3,10,150,41,0.062242588308449316
431,3,10,150,41,0.0
432,3,10,150,41,0.0
433,3,10,150,41,0.0
434,3,10,150,41,0.2247819585714142
435,3,10,150,41,0.3127249023053753
436,3,10,150,41,0.09291494561763272
437,3,10,150,41,0.055256564548955785
438,3,10,150,41,0.0
439,3,10,150,41,0.0
440,3,10,150,41,0.07261318787584015
441,3,10,150,41,0.0
442,3,10,150,41,0.058478916078390675
443,3,10,150,41,0.056720838976548935
444,3,10,150,41,0.19519002499605084
445,3,10,150,41,0.0
446,3,10,150,41,0.0
447,3,10,150,41,0.09914294517496557
448,3,10,150,41,0.0
449,3,10,150,41,0.0
450,3,10,150,41,0.36259396043343706
451,3,10,150,41,0.0
452,3,10,150,41,0.056612110204070504
453,3,10,150,41,0.13392124957971085
454,3,10,150,41,0.0
455,3,10,150,41,0.1760702282199838
456,3,10,150,41,0.13534329394007685
457,3,10,150,41,0.5222769414540135
458,3,10,150,41,0.14167934612693328
459,3,10,150,41,0.04901586605894737
460,3,10,150,41,0.0
461,3,10,150,41,0.10778915452451093
462,3,10,150,41,0.16728714615527887
463,3,10,150,41,0.1032589365938857
464,3,10,150,41,0.04931346192675315
465,3,10,150,41,0.0733934381893728
466,3,10,150,41,0.0750834162528243
467,3,10,150,41,0.0
468,3,10,150,41,0.4240698698351618
469,3,10,150,41,0.050924439617225085
470,3,10,150,41,0.040162930685297936
471,3,10,150,41,0.0
472,3,10,150,41,0.3162105237561219
473,3,10,150,41,0.050005013043213774
474,3,10,150,41,0.38156239834109296
475,3,10,150,41,0.0
476,3,10,150,41,0.12097589732794561
477,3,10,150,41,0.0
478,3,10,150,41,0.2059565668593519
479,3,10,150,41,0.0890511791508666
480,3,10,150,41,0.0881980292211471
481,3,10,150,41,0.0
482,3,10,150,41,0.10209739512291163
483,3,10,150,41,0.06194403202282284
484,3,10,150,41,0.24343295735481213
485,3,10,150,41,0.0
486,3,10,150,41,0.06405981649109105
487,3,10,150,41,0.11681730453324765
488,3,10,150,41,0.05887472794707303
489,3,10,150,41,0.0
490,3,10,150,41,0.06490403551612171
491,3,10,150,41,0.17758207479178334
492,3,10,150,41,0.05821640931129437
493,3,10,150,41,0.18645358542241616
494,3,10,150,41,0.11299367690705851
495,3,10,150,41,0.09526378229057399
496,3,10,150,41,0.07271211160102074
497,3,10,150,41,0.03430616189018335
498,3,10,150,41,0.035994355487409445
499,3,10,150,41,0.07949576586393835
500,3,10,150,41,0.05807843251976953
501,3,10,150,41,0.0
502,3,10,150,41,0.0
503,3,10,150,41,0.2597745730234721
504,3,10,150,41,0.0808875188418118
505,3,10,150,41,0.025255271126572616
506,3,10,150,41,0.1736133505997515
507,3,10,150,41,0.0
508,3,10,150,41,0.17050987036516796
509,3,10,150,41,0.0
510,3,10,150,41,0.12427147932737166
511,3,10,150,41,0.12155021559723776
512,3,10,150,41,0.0
513,3,10,150,41,0.05276490902632437
514,3,10,150,41,0.25794094332597123
515,3,10,150,41,0.0
516,3,10,150,41,0.07947838320659593
517,3,10,150,41,0.03859643636257609
518,3,10,150,41,0.05268083714989503
519,3,10,150,41,0.0
520,3,10,150,41,0.0
521,3,10,150,41,0.08868014202979319
522,3,10,150,41,0.16542389351858164
523,3,10,150,41,0.14958239437556436
524,3,10,150,41,0.06410826943044194
525,3,10,150,41,0.06516045994396072
526,3,10,150,41,0.03112959369469351
527,3,10,150,41,0.16604938887307247
528,3,10,150,41,0.09941784826339639
529,3,10,150,41,0.0
530,3,10,150,41,0.0
531,3,10,150,41,0.0
532,3,10,150,41,0.20425601715396818
533,3,10,150,41,0.19055573046672378
534,3,10,150,41,0.07661469829347552
535,3,10,150,41,0.2825129790449944
536,3,10,150,41,0.1683588532875932
537,3,10,150,41,0.3643207447663877
538,3,10,150,41,0.09944592215223559
539,3,10,150,41,0.0
540,3,10,150,41,0.0
541,3,10,150,41,0.06441041139280519
542,3,10,150,41,0.04434007101489659
543,3,10,150,41,0.0
544,3,10,150,41,0.0
545,3,10,150,41,0.19866590722422064
546,3,10,150,41,0.05456639532549906
547,3,10,150,41,0.0
548,3,10,150,41,0.06775250568211535
549,3,10,150,41,0.10184659627402569
550,3,10,150,41,0.0845667599404342
551,3,10,150,41,0.2573542897759965
552,3,10,150,41,0.0
553,3,10,150,41,0.09570787878815254
554,3,10,150,41,0.0
555,3,10,150,41,0.037070343480771185
556,3,10,150,41,0.2436420788359897
557,3,10,150,41,0.044530079137671444
558,3,10,150,41,0.21398626473452756
559,3,10,150,41,0.07557866567222271
560,3,10,150,41,0.11942337490935596
561,3,10,150,41,0.10213658095981679
562,3,10,150,41,0.0900117306380905
563,3,10,150,41,0.10791970824616881
564,3,10,150,41,0.0
565,3,10,150,41,0.14337418847532693
566,3,10,150,41,0.11935234359120704
567,3,10,150,41,0.3877753318407494
568,3,10,150,41,0.02548915132906805
569,3,10,150,41,0.023835426911994775
570,3,10,150,41,0.0
571,3,10,150,41,0.0512644431393966
572,3,10,150,41,0.30260241349881345
573,3,10,150,41,0.0
574,3,10,150,41,0.0
575,3,10,150,41,0.13043262693172047
576,3,10,150,41,0.0
577,3,10,150,41,0.22800798892192878
578,3,10,150,41,0.0
579,3,10,150,41,0.06152644703210656
580,3,10,150,41,0.0
581,3,10,150,41,0.0
582,3,10,150,41,0.06679511870650716
583,3,10,150,41,0.0874717141014082
584,3,10,150,41,0.20261715588288354
585,3,10,150,41,0.042225550968526857
586,3,10,150,41,0.09387013591372549
587,3,10,150,41,0.0
588,3,10,150,41,0.2474203434783378
589,3,10,150,41,0.0
590,3,10,150,41,0.17154483744357613
591,3,10,150,41,0.08651464973019597
592,3,10,150,41,0.3077899082050608
593,3,10,150,41,0.1239762310821172
594,3,10,150,41,0.0
595,3,10,150,41,0.039821499536505725
596,3,10,150,41,0.09803928583135704
597,3,10,150,41,0.0
598,3,10,150,41,0.0
599,3,10,150,41,0.0
600,3,10,150,41,0.13574631165894233
601,3,10,150,41,0.17132646495804232
602,3,10,150,41,0.041278922835426404
603,3,10,150,41,0.12541207695631323
604,3,10,150,41,0.0
605,3,10,150,41,0.16117693258571225
606,3,10,150,41,0.40377326656049733
607,3,10,150,41,0.0
608,3,10,150,41,0.2344174225138611
609,3,10,150,41,0.0
610,3,10,150,41,0.08443863559321411
611,3,10,150,41,0.0
612,3,10,150,41,0.09162544430476362
613,3,10,150,41,0.12468575026986017
614,3,10,150,41,0.1467868763787456
615,3,10,150,41,0.10737689423316772
616,3,10,150,41,0.030480958763669998
617,3,10,150,41,0.020730875129846955
618,3,10,150,41,0.08868014202979319
619,3,10,150,41,0.09382315664009465
620,3,10,150,41,0.1717765398347941
621,3,10,150,41,0.09665261239780057
622,3,10,150,41,0.24568341784205633
623,3,10,150,41,0.04214302778527282
624,3,10,150,41,0.0239647579164839
625,3,10,150,41,0.06997438086858439
626,3,10,150,41,0.0
627,3,10,150,41,0.15237175963661317
628,3,10,150,41,0.0
629,3,10,150,41,0.2699575349753268
630,3,10,150,41,0.10834532177911152
631,3,10,150,41,0.13449792459172438
632,3,10,150,41,0.03861568124320965
633,3,10,150,41,0.050456115328747164
634,3,10,150,41,0.10198127000340843
635,3,10,150,41,0.0
636,3,10,150,41,0.3615974840572412
637,3,10,150,41,0.0
638,3,10,150,41,0.05152901435389809
639,3,10,150,41,0.0
640,3,10,150,41,0.15590483572999286
641,3,10,150,41,0.051358492238643604
642,3,10,150,41,0.35205572589074574
643,3,10,150,41,0.3415625214684867
644,3,10,150,41,0.0
645,3,10,150,41,0.10551589423051491
646,3,10,150,41,0.11243817952384734
647,3,10,150,41,0.06590268968688952
648,3,10,150,41,0.27657962216598336
649,3,10,150,41,0.0
650,3,10,150,41,0.14904263587609246
651,3,10,150,41,0.0
652,3,10,150,41,0.0
653,3,10,150,41,0.15356798313935405
654,3,10,150,41,0.0794921547676304
655,3,10,150,41,0.479977787151214
656,3,10,150,41,0.0
657,3,10,150,41,0.2504953915210566
658,3,10,150,41,0.05482481469579056
659,3,10,150,41,0.14225734552664726
660,3,10,150,41,0.0
661,3,10,150,41,0.12609666335257613
662,3,10,150,41,0.0
663,3,10,150,41,0.14877764143519231
664,3,10,150,41,0.3685087187712356
665,3,10,150,41,0.04434007101489659
666,3,10,150,41,0.16955362966926707
667,3,10,150,41,0.05347936472494627
668,3,10,150,41,0.0
669,3,10,150,41,0.19588788032265295
670,3,10,150,41,0.0
671,3,10,150,41,0.18681550368416702
672,3,10,150,41,0.048159222084064895
673,3,10,150,41,0.0
674,3,10,150,41,0.0
675,3,10,150,41,0.0382580635535654
676,3,10,150,41,0.22724338013263806
677,3,10,150,41,0.0720796116407523
678,3,10,150,41,0.0
679,3,10,150,41,0.14168597692965199
680,3,10,150,41,0.0
681,3,10,150,41,0.0
682,3,10,150,41,0.36493617897222047
683,3,10,150,41,0.02677435355254797
684,3,10,150,41,0.03158850394477252
685,3,10,150,41,0.09030583455080088
686,3,10,150,41,0.10437401422295152
687,3,10,150,41,0.0
688,3,10,150,41,0.0
689,3,10,150,41,0.37279254620421465
690,3,10,150,41,0.2365721779780646
691,3,10,150,41,0.6023709850354425
692,3,10,150,41,0.03353522641880846
693,3,10,150,41,0.06036249384629927
694,3,10,150,41,0.2259285307707735
695,3,10,150,41,0.0
696,3,10,150,41,0.043134162606390795
697,3,10,150,41,0.05217810310258084
698,3,10,150,41,0.0
699,3,10,150,41,0.05770494011556836
700,3,10,150,41,0.0
701,3,10,150,41,0.0906790485156717
702,3,10,150,41,0.0
703,3,10,150,41,0.21888235022994418
704,3,10,150,41,0.16668399590164457
705,3,10,150,41,0.2001329081588882
706,3,10,150,41,0.0
707,3,10,150,41,0.2968649362826973
708,3,10,150,41,0.03533111913069932
709,3,10,150,41,0.16615822534031421
710,3,10,150,41,0.25040922491354684
711,3,10,150,41,0.20745416412218717
712,3,10,150,41,0.10130893575919844
713,3,10,150,41,0.0
714,3,10,150,41,0.09998274523051486
715,3,10,150,41,0.2010763826131907
716,3,10,150,41,0.3245360768792921
717,3,10,150,41,0.08455030681958395
718,3,10,150,41,0.0
719,3,10,150,41,0.10353175087921149
720,3,10,150,41,0.0
721,3,10,150,41,0.09078626308650703
722,3,10,150,41,0.07401896317743158
723,3,10,150,41,0.0
724,3,10,150,41,0.0
725,3,10,150,41,0.0
726,3,10,150,41,0.061080020762274374
727,3,10,150,41,0.09777044490656932
728,3,10,150,41,0.0
729,3,10,150,41,0.0
730,3,10,150,41,0.0
731,3,10,150,41,0.1494528208873835
732,3,10,150,41,0.05717828980196049
733,3,10,150,41,0.020730875129846955
734,3,10,150,41,0.08131766139183766
735,3,10,150,41,0.08151055815578559
736,3,10,150,41,0.047009109882897075
737,3,10,150,41,0.12127716502890909
738,3,10,150,41,0.11638925260160465
739,3,10,150,41,0.18767092572990207
740,3,10,150,41,0.0523780734795101
741,3,10,150,41,0.05908892019155974
742,3,10,150,41,0.0527075128660253
743,3,10,150,41,0.1194783875505714
744,3,10,150,41,0.0
745,3,10,150,41,0.06774344219296054
746,3,10,150,41,0.24124954544361757
747,3,10,150,41,0.19434972159066402
748,3,10,150,41,0.04132344798443041
749,3,10,150,41,0.3992639993788943
750,3,10,150,41,0.11197706748992688
751,3,10,150,41,0.03853628756676499
752,3,10,150,41,0.054979646329242064
753,3,10,150,41,0.04072612696308379
754,3,10,150,41,0.0
755,3,10,150,41,0.0
756,3,10,150,41,0.044143057780823704
757,3,10,150,41,0.09053513456664564
758,3,10,150,41,0.23744315318844736
759,3,10,150,41,0.0
760,3,10,150,41,0.16006374561654185
761,3,10,150,41,0.17663858756688974
762,3,10,150,41,0.0
763,3,10,150,41,0.07485420266316953
764,3,10,150,41,0.024619085952596504
765,3,10,150,41,0.0
766,3,10,150,41,0.04296224841848711
767,3,10,150,41,0.1269544353559099
768,3,10,150,41,0.05059568297461706
769,3,10,150,41,0.0
770,3,10,150,41,0.18348359547343202
771,3,10,150,41,0.02778871948897756
772,3,10,150,41,0.0
773,3,10,150,41,0.14052732258781897
774,3,10,150,41,0.0
775,3,10,150,41,0.0
776,3,10,150,41,0.0
777,3,10,150,41,0.0
778,3,10,150,41,0.08961728720334347
779,3,10,150,41,0.0
780,3,10,150,41,0.12311997034702767
781,3,10,150,41,0.12572447169101508
782,3,10,150,41,0.0
783,3,10,150,41,0.0
784,3,10,150,41,0.04582425041433568
785,3,10,150,41,0.2848262604068979
786,3,10,150,41,0.12055956650133608
787,3,10,150,41,0.0
788,3,10,150,41,0.058337618740256995
789,3,10,150,41,0.14531023848228133
790,3,10,150,41,0.07812097566498756
791,3,10,150,41,0.059480024314918285
792,3,10,150,41,0.059109628562248356
793,3,10,150,41,0.08021827351724287
794,3,10,150,41,0.1578863001786244
795,3,10,150,41,0.06886690743551852
796,3,10,150,41,0.108647737717329
797,3,10,150,41,0.13905617951077562
798,3,10,150,41,0.0
799,3,10,150,41,0.2836929289153804
800,3,10,150,41,0.0
801,3,10,150,41,0.0
802,3,10,150,41,0.05621908976192367
803,3,10,150,41,0.0
804,3,10,150,41,0.28664154864163793
805,3,10,150,41,0.1534345457119598
806,3,10,150,41,0.06379369995120096
807,3,10,150,41,0.1553610659574222
808,3,10,150,41,0.0
809,3,10,150,41,0.0
810,3,10,150,41,0.0
811,3,10,150,41,0.0
812,3,10,150,41,0.11600766930798434
813,3,10,150,41,0.0
814,3,10,150,41,0.0
815,3,10,150,41,0.07918756021888111
816,3,10,150,41,0.10105367325027378
817,3,10,150,41,0.0
818,3,10,150,41,0.0
819,3,10,150,41,0.0
820,3,10,150,41,0.12262943855309168
821,3,10,150,41,0.053168340515114924
822,3,10,150,41,0.0
823,3,10,150,41,0.10148718580906937
824,3,10,150,41,0.0
825,3,10,150,41,0.16434089815347858
826,3,10,150,41,0.07781595641430564
827,3,10,150,41,0.0
828,3,10,150,41,0.0
829,3,10,150,41,0.041355644490859725
830,3,10,150,41,0.10417372903806255
831,3,10,150,41,0.04522637401768292
832,3,10,150,41,0.0
833,3,10,150,41,0.05828935682373833
834,3,10,150,41,0.0
835,3,10,150,41,0.0735972053503585
836,3,10,150,41,0.05097554749895306
837,3,10,150,41,0.05351287869030783
838,3,10,150,41,0.08633629724227374
839,3,10,150,41,0.0
840,3,10,150,41,0.07656878929530339
841,3,10,150,41,0.0
842,3,10,150,41,0.0
843,3,10,150,41,0.04209275315645388
844,3,10,150,41,0.0
845,3,10,150,41,0.0
846,3,10,150,41,0.09924548857390884
847,3,10,150,41,0.0
848,3,10,150,41,0.0
849,3,10,150,41,0.0
850,3,10,150,41,0.06228974831361337
851,3,10,150,41,0.19821654229071958
852,3,10,150,41,0.07256783117062009
853,3,10,150,41,0.0
854,3,10,150,41,0.0
855,3,10,150,41,0.0
856,3,10,150,41,0.0
857,3,10,150,41,0.0
858,3,10,150,41,0.0
859,3,10,150,41,0.0
860,3,10,150,41,0.0
861,3,10,150,41,0.12754356661958802
862,3,10,150,41,0.0559167101555819
863,3,10,150,41,0.0
864,3,10,150,41,0.1615328695620339
865,3,10,150,41,0.0
866,3,10,150,41,0.0
867,3,10,150,41,0.13120507751234178
868,3,10,150,41,0.0
870,3,10,150,41,0.0
871,3,10,150,41,0.0
872,3,10,150,41,0.0
875,3,10,150,41,0.1395953738647505
876,3,10,150,41,0.0
877,3,10,150,41,0.0
1,3,10,150,42,0.6247579375131872
2,3,10,150,42,0.10688238502350729
3,3,10,150,42,0.0
4,3,10,150,42,0.0
5,3,10,150,42,0.0583775815185038
6,3,10,150,42,0.05340978172012693
7,3,10,150,42,0.2005983782289242
8,3,10,150,42,0.0554835367217868
9,3,10,150,42,0.0
10,3,10,150,42,0.16409920264511527
11,3,10,150,42,0.02551528631909195
12,3,10,150,42,0.0
13,3,10,150,42,0.23056619700237316
14,3,10,150,42,0.05601843521033356
15,3,10,150,42,0.0
16,3,10,150,42,0.14029495523984678
17,3,10,150,42,0.12066394366711926
18,3,10,150,42,0.13397789387482173
19,3,10,150,42,0.0
20,3,10,150,42,0.14530105135237878
21,3,10,150,42,0.03475017269886857
22,3,10,150,42,0.0641836005852075
23,3,10,150,42,0.16093766472693694
24,3,10,150,42,0.311062094929455
25,3,10,150,42,0.0
26,3,10,150,42,0.0
28,3,10,150,42,0.0
29,3,10,150,42,0.0
30,3,10,150,42,0.0979129253499678
31,3,10,150,42,0.06076546216996844
32,3,10,150,42,0.0
33,3,10,150,42,0.0
34,3,10,150,42,0.0
35,3,10,150,42,0.0
37,3,10,150,42,0.0488929053971083
38,3,10,150,42,0.0
39,3,10,150,42,0.0
40,3,10,150,42,0.0
41,3,10,150,42,0.0
42,3,10,150,42,0.11676800180580715
43,3,10,150,42,0.23313760932547176
44,3,10,150,42,0.07698159974258616
45,3,10,150,42,0.0
46,3,10,150,42,0.14434031438272124
47,3,10,150,42,0.0
48,3,10,150,42,0.0874717141014082
49,3,10,150,42,0.06558450189788582
50,3,10,150,42,0.0
51,3,10,150,42,0.18953836965473142
52,3,10,150,42,0.04892579731758021
53,3,10,150,42,0.09546043308946733
54,3,10,150,42,0.07984133538066794
55,3,10,150,42,0.0
56,3,10,150,42,0.03975645576081676
57,3,10,150,42,0.0
58,3,10,150,42,0.10796876451088402
59,3,10,150,42,0.19860778546329935
60,3,10,150,42,0.10257460616721463
61,3,10,150,42,0.0
62,3,10,150,42,0.03806940785769845
63,3,10,150,42,0.0
64,3,10,150,42,0.0
65,3,10,150,42,0.2994759515353249
66,3,10,150,42,0.0
67,3,10,150,42,0.0
68,3,10,150,42,0.0
69,3,10,150,42,0.08005849613714276
70,3,10,150,42,0.0
71,3,10,150,42,0.07955752067133452
72,3,10,150,42,0.16084022171949366
73,3,10,150,42,0.051960280791503534
74,3,10,150,42,0.0
75,3,10,150,42,0.11731968150568911
76,3,10,150,42,0.14804398249667974
77,3,10,150,42,0.45287742747371695
78,3,10,150,42,0.0
79,3,10,150,42,0.0
80,3,10,150,42,0.08297572808511901
81,3,10,150,42,0.0
82,3,10,150,42,0.08926877557705373
83,3,10,150,42,0.04630610387058298
84,3,10,150,42,0.0
85,3,10,150,42,0.07408175934236029
86,3,10,150,42,0.07738888769495082
87,3,10,150,42,0.10058161863664324
88,3,10,150,42,0.0
89,3,10,150,42,0.22860031301980846
90,3,10,150,42,0.19535667364543943
91,3,10,150,42,0.13114221140465185
92,3,10,150,42,0.04487934357455904
93,3,10,150,42,0.0
94,3,10,150,42,0.18107935389765142
95,3,10,150,42,0.061836172422412086
96,3,10,150,42,0.1311371111653387
97,3,10,150,42,0.09558339637123096
98,3,10,150,42,0.08878770367712427
99,3,10,150,42,0.0
100,3,10,150,42,0.0892789338684584
101,3,10,150,42,0.0
102,3,10,150,42,0.026001814664123827
103,3,10,150,42,0.07673373981757839
104,3,10,150,42,0.12171451575741458
106,3,10,150,42,0.05261577455142312
107,3,10,150,42,0.0
108,3,10,150,42,0.0
109,3,10,150,42,0.06287162439064699
110,3,10,150,42,0.039667414566743345
111,3,10,150,42,0.0
112,3,10,150,42,0.06510475888148554
113,3,10,150,42,0.05449144662575446
114,3,10,150,42,0.07610811271330754
115,3,10,150,42,0.046806851959664796
116,3,10,150,42,0.055538752771150446
117,3,10,150,42,0.053589621006720926
118,3,10,150,42,0.0
119,3,10,150,42,0.034073291417269544
121,3,10,150,42,0.06245141164382474
122,3,10,150,42,0.0
123,3,10,150,42,0.46927872602275644
124,3,10,150,42,0.10889376106823218
125,3,10,150,42,0.09097808601263767
126,3,10,150,42,0.0
127,3,10,150,42,0.0
128,3,10,150,42,0.027576277569513717
129,3,10,150,42,0.0
130,3,10,150,42,0.06359766623551306
131,3,10,150,42,0.2803335894048546
132,3,10,150,42,0.09109240322345806
133,3,10,150,42,0.0
134,3,10,150,42,0.0
135,3,10,150,42,0.0
136,3,10,150,42,0.40257390286801836
137,3,10,150,42,0.0
138,3,10,150,42,0.21222747957761057
139,3,10,150,42,0.0
140,3,10,150,42,0.0
141,3,10,150,42,0.15194751309721466
142,3,10,150,42,0.30260241349881345
143,3,10,150,42,0.0
144,3,10,150,42,0.19201969646868908
145,3,10,150,42,0.04924342963501111
146,3,10,150,42,0.0
147,3,10,150,42,0.07610811271330754
148,3,10,150,42,0.042512356679180144
149,3,10,150,42,0.05446824630887794
150,3,10,150,42,0.0
151,3,10,150,42,0.11285875890681171
152,3,10,150,42,0.026230448379684728
153,3,10,150,42,0.06516188295518531
154,3,10,150,42,0.0
155,3,10,150,42,0.0
156,3,10,150,42,0.0
157,3,10,150,42,0.0
158,3,10,150,42,0.055805240881847164
159,3,10,150,42,0.11026617795298452
160,3,10,150,42,0.0
161,3,10,150,42,0.0
162,3,10,150,42,0.0
163,3,10,150,42,0.0
164,3,10,150,42,0.0
165,3,10,150,42,0.09149012142095872
166,3,10,150,42,0.0
167,3,10,150,42,0.03395822402998728
168,3,10,150,42,0.0
169,3,10,150,42,0.0
170,3,10,150,42,0.0
171,3,10,150,42,0.0
172,3,10,150,42,0.0
173,3,10,150,42,0.0
174,3,10,150,42,0.05481171384122219
175,3,10,150,42,0.4413254197204702
176,3,10,150,42,0.0347693136731627
177,3,10,150,42,0.0
178,3,10,150,42,0.18053947820976404
179,3,10,150,42,0.06599888514927177
180,3,10,150,42,0.0
181,3,10,150,42,0.04172954603126011
182,3,10,150,42,0.13120507751234178
183,3,10,150,42,0.0
184,3,10,150,42,0.0
185,3,10,150,42,0.0
186,3,10,150,42,0.0
187,3,10,150,42,0.2004102107997965
188,3,10,150,42,0.0
189,3,10,150,42,0.22982757951573698
190,3,10,150,42,0.0
191,3,10,150,42,0.07335312372354855
192,3,10,150,42,0.0
193,3,10,150,42,0.0
194,3,10,150,42,0.03511240359718155
195,3,10,150,42,0.061734604266276284
196,3,10,150,42,0.17342765698823945
197,3,10,150,42,0.07304192939088519
198,3,10,150,42,0.10387325901274824
199,3,10,150,42,0.0
200,3,10,150,42,0.055179303887787655
201,3,10,150,42,0.1959251169240173
202,3,10,150,42,0.0
203,3,10,150,42,0.0
204,3,10,150,42,0.0
205,3,10,150,42,0.11600766930798434
206,3,10,150,42,0.0
207,3,10,150,42,0.04977244057703069
208,3,10,150,42,0.0
209,3,10,150,42,0.0
210,3,10,150,42,0.0
211,3,10,150,42,0.0
212,3,10,150,42,0.0559167101555819
213,3,10,150,42,0.08985507164305877
214,3,10,150,42,0.1257260924843343
215,3,10,150,42,0.157288596461893
216,3,10,150,42,0.27735230728218535
217,3,10,150,42,0.13000004444613666
218,3,10,150,42,0.06323567569191428
219,3,10,150,42,0.0
220,3,10,150,42,0.07807600999842033
221,3,10,150,42,0.09964173287591703
222,3,10,150,42,0.1669763946268741
223,3,10,150,42,0.039270700903099615
224,3,10,150,42,0.0
225,3,10,150,42,0.0
226,3,10,150,42,0.0
227,3,10,150,42,0.0
229,3,10,150,42,0.0
230,3,10,150,42,0.07781766688725546
231,3,10,150,42,0.0
232,3,10,150,42,0.0
233,3,10,150,42,0.15206723475089307
234,3,10,150,42,0.11247627906055896
235,3,10,150,42,0.08312042273022706
236,3,10,150,42,0.12127042983235181
237,3,10,150,42,0.0
238,3,10,150,42,0.0
239,3,10,150,42,0.12691627784085696
240,3,10,150,42,0.10235170428306553
241,3,10,150,42,0.1381300260171807
242,3,10,150,42,0.0
243,3,10,150,42,0.0
244,3,10,150,42,0.1324362264265921
245,3,10,150,42,0.0
246,3,10,150,42,0.08356426880363813
247,3,10,150,42,0.15642624200758548
248,3,10,150,42,0.23451355966072135
249,3,10,150,42,0.2766902291011919
250,3,10,150,42,0.07806699296748765
251,3,10,150,42,0.0
252,3,10,150,42,0.0
253,3,10,150,42,0.0
254,3,10,150,42,0.036502603141236205
255,3,10,150,42,0.07910544779148235
256,3,10,150,42,0.027736288621349494
257,3,10,150,42,0.12830873359117523
258,3,10,150,42,0.0
259,3,10,150,42,0.0
260,3,10,150,42,0.0
261,3,10,150,42,0.0
262,3,10,150,42,0.0
263,3,10,150,42,0.32837769821077345
264,3,10,150,42,0.2969281197911131
265,3,10,150,42,0.19802572813668026
266,3,10,150,42,0.0
267,3,10,150,42,0.21076490690365068
268,3,10,150,42,0.12351117922673653
269,3,10,150,42,0.040019695500760184
270,3,10,150,42,0.0
271,3,10,150,42,0.10729393508609222
272,3,10,150,42,0.0
273,3,10,150,42,0.0
274,3,10,150,42,0.0
275,3,10,150,42,0.0
276,3,10,150,42,0.2623818322112097
277,3,10,150,42,0.0
278,3,10,150,42,0.0
279,3,10,150,42,0.13751752496318229
280,3,10,150,42,0.07316593591075989
281,3,10,150,42,0.0
282,3,10,150,42,0.09659953929285248
283,3,10,150,42,0.0
284,3,10,150,42,0.0
285,3,10,150,42,0.0
286,3,10,150,42,0.0
287,3,10,150,42,0.0
288,3,10,150,42,0.13999259891013252
289,3,10,150,42,0.0
290,3,10,150,42,0.09647783930421741
291,3,10,150,42,0.1724197754852489
292,3,10,150,42,0.27665227928348557
293,3,10,150,42,0.031080561786004785
294,3,10,150,42,0.052007328240412425
295,3,10,150,42,0.09981690553366025
296,3,10,150,42,0.1313923743616208
297,3,10,150,42,0.030868393892711742
298,3,10,150,42,0.08895829092601172
299,3,10,150,42,0.06251231174305825
300,3,10,150,42,0.0
301,3,10,150,42,0.13378972443572587
302,3,10,150,42,0.07335312372354855
303,3,10,150,42,0.23525968184790275
304,3,10,150,42,0.0
305,3,10,150,42,0.05428021340641747
306,3,10,150,42,0.0
307,3,10,150,42,0.13128644747266613
308,3,10,150,42,0.037578324799282276
309,3,10,150,42,0.0
310,3,10,150,42,0.2890648263178879
311,3,10,150,42,0.15557654226734
312,3,10,150,42,0.12252303129650513
313,3,10,150,42,0.09740164749856754
314,3,10,150,42,0.10507089418815024
315,3,10,150,42,0.09785159463516042
316,3,10,150,42,0.06076546216996844
317,3,10,150,42,0.0
318,3,10,150,42,0.052310015648999494
319,3,10,150,42,0.0
320,3,10,150,42,0.08947300054212491
321,3,10,150,42,0.08223795175588802
322,3,10,150,42,0.07955752067133452
323,3,10,150,42,0.12229181918924699
324,3,10,150,42,0.0
325,3,10,150,42,0.0
326,3,10,150,42,0.10817904857938596
327,3,10,150,42,0.0
328,3,10,150,42,0.1130465000242785
329,3,10,150,42,0.056720838976548935
330,3,10,150,42,0.2704009738666891
331,3,10,150,42,0.0
332,3,10,150,42,0.062485704801737485
333,3,10,150,42,0.0
334,3,10,150,42,0.1248324929095383
335,3,10,150,42,0.0
336,3,10,150,42,0.0
337,3,10,150,42,0.09992090652113537
338,3,10,150,42,0.04358896759704514
339,3,10,150,42,0.145767359678607
340,3,10,150,42,0.12647135138382856
341,3,10,150,42,0.0
342,3,10,150,42,0.10109476984709632
343,3,10,150,42,0.29485549546939493
344,3,10,150,42,0.13804010954782428
345,3,10,150,42,0.1302817386077542
346,3,10,150,42,0.08852922637928903
347,3,10,150,42,0.0758661828869556
348,3,10,150,42,0.0
349,3,10,150,42,0.07123530534387781
350,3,10,150,42,0.19585797115043785
351,3,10,150,42,0.0
352,3,10,150,42,0.16282653392890226
353,3,10,150,42,0.09489642549953911
354,3,10,150,42,0.0
355,3,10,150,42,0.0
356,3,10,150,42,0.0
357,3,10,150,42,0.0
358,3,10,150,42,0.26730206653594746
359,3,10,150,42,0.0749368547125808
360,3,10,150,42,0.10496459329418281
361,3,10,150,42,0.0
362,3,10,150,42,0.0
363,3,10,150,42,0.2073261521779842
364,3,10,150,42,0.0
365,3,10,150,42,0.0989084497079971
366,3,10,150,42,0.10684080426179023
367,3,10,150,42,0.1410054764628891
368,3,10,150,42,0.0
369,3,10,150,42,0.0
370,3,10,150,42,0.045683428159663184
371,3,10,150,42,0.09892739847751293
372,3,10,150,42,0.10673919722548196
373,3,10,150,42,0.16523121751512232
374,3,10,150,42,0.16436093250579606
375,3,10,150,42,0.0
376,3,10,150,42,0.0
377,3,10,150,42,0.053168340515114924
378,3,10,150,42,0.07560820996711075
379,3,10,150,42,0.13557533657177168
380,3,10,150,42,0.0
381,3,10,150,42,0.05707866018487045
382,3,10,150,42,0.07847428227110642
383,3,10,150,42,0.0
384,3,10,150,42,0.08759200575528697
385,3,10,150,42,0.15714991674719572
386,3,10,150,42,0.0
387,3,10,150,42,0.04234609067629479
388,3,10,150,42,0.0
389,3,10,150,42,0.12319670823120445
390,3,10,150,42,0.21398626473452756
391,3,10,150,42,0.2558645268575362
392,3,10,150,42,0.06327372362257774
393,3,10,150,42,0.14014827192382479
394,3,10,150,42,0.10116995285908433
395,3,10,150,42,0.09286934188709499
396,3,10,150,42,0.0
397,3,10,150,42,0.08251968427067649
398,3,10,150,42,0.08837411343996615
399,3,10,150,42,0.0
400,3,10,150,42,0.0
401,3,10,150,42,0.0
402,3,10,150,42,0.469779625693621
403,3,10,150,42,0.0
404,3,10,150,42,0.0
405,3,10,150,42,0.2626857239482005
406,3,10,150,42,0.18633039777541555
407,3,10,150,42,0.06666304750270094
408,3,10,150,42,0.12083071655728543
409,3,10,150,42,0.13530747380914224
410,3,10,150,42,0.0
411,3,10,150,42,0.1128999930808451
412,3,10,150,42,0.0
413,3,10,150,42,0.10122860821230018
414,3,10,150,42,0.0
415,3,10,150,42,0.07605458145297357
416,3,10,150,42,0.2862978297296196
417,3,10,150,42,0.08108992176229435
418,3,10,150,42,0.07001560573318603
419,3,10,150,42,0.2098021491169666
420,3,10,150,42,0.0527075128660253
421,3,10,150,42,0.202729931306865
422,3,10,150,42,0.0
423,3,10,150,42,0.0
424,3,10,150,42,0.13291000263869587
425,3,10,150,42,0.0
426,3,10,150,42,0.10004388309532918
427,3,10,150,42,0.0
428,3,10,150,42,0.0
429,3,10,150,42,0.19691786556349553
430,3,10,150,42,0.062242588308449316
431,3,10,150,42,0.0
432,3,10,150,42,0.0
433,3,10,150,42,0.0
434,3,10,150,42,0.2247819585714142
435,3,10,150,42,0.3076962956244404
436,3,10,150,42,0.09291494561763272
437,3,10,150,42,0.054368040713444095
438,3,10,150,42,0.0
439,3,10,150,42,0.0
440,3,10,150,42,0.07261318787584015
441,3,10,150,42,0.0
442,3,10,150,42,0.058478916078390675
443,3,10,150,42,0.056720838976548935
444,3,10,150,42,0.19519002499605084
445,3,10,150,42,0.0
446,3,10,150,42,0.0
447,3,10,150,42,0.09914294517496557
448,3,10,150,42,0.0
449,3,10,150,42,0.0
450,3,10,150,42,0.35676346085230126
451,3,10,150,42,0.0
452,3,10,150,42,0.055701789236679095
453,3,10,150,42,0.13392124957971085
454,3,10,150,42,0.0
455,3,10,150,42,0.1760702282199838
456,3,10,150,42,0.13316697799238741
457,3,10,150,42,0.529958713344041
458,3,10,150,42,0.1394011466575841
459,3,10,150,42,0.04901586605894737
460,3,10,150,42,0.0
461,3,10,150,42,0.10778915452451093
462,3,10,150,42,0.16728714615527887
463,3,10,150,42,0.1032589365938857
464,3,10,150,42,0.04931346192675315
465,3,10,150,42,0.0733934381893728
466,3,10,150,42,0.0750834162528243
467,3,10,150,42,0.032842167909375275
468,3,10,150,42,0.4240698698351618
469,3,10,150,42,0.050924439617225085
470,3,10,150,42,0.040162930685297936
471,3,10,150,42,0.0
472,3,10,150,42,0.3272058372193115
473,3,10,150,42,0.050005013043213774
474,3,10,150,42,0.3915068556980787
475,3,10,150,42,0.0
476,3,10,150,42,0.12097589732794561
477,3,10,150,42,0.0
478,3,10,150,42,0.2059565668593519
479,3,10,150,42,0.0876192389659884
480,3,10,150,42,0.0881980292211471
481,3,10,150,42,0.0
482,3,10,150,42,0.10209739512291163
483,3,10,150,42,0.06194403202282284
484,3,10,150,42,0.24343295735481213
485,3,10,150,42,0.0
486,3,10,150,42,0.06302973663876127
487,3,10,150,42,0.1149388859177353
488,3,10,150,42,0.05887472794707303
489,3,10,150,42,0.0
490,3,10,150,42,0.06490403551612171
491,3,10,150,42,0.17758207479178334
492,3,10,150,42,0.05821640931129437
493,3,10,150,42,0.18645358542241616
494,3,10,150,42,0.11299367690705851
495,3,10,150,42,0.1098119124692662
496,3,10,150,42,0.07271211160102074
497,3,10,150,42,0.033754519876367156
498,3,10,150,42,0.03541556737317355
499,3,10,150,42,0.07949576586393835
500,3,10,150,42,0.0571445331352493
501,3,10,150,42,0.0
502,3,10,150,42,0.0
503,3,10,150,42,0.2555974059868437
504,3,10,150,42,0.07958685006022885
505,3,10,150,42,0.025255271126572616
506,3,10,150,42,0.1708216533339134
507,3,10,150,42,0.0
508,3,10,150,42,0.17050987036516796
509,3,10,150,42,0.0
510,3,10,150,42,0.12427147932737166
511,3,10,150,42,0.12155021559723776
512,3,10,150,42,0.0
513,3,10,150,42,0.05276490902632437
514,3,10,150,42,0.25379326099772154
515,3,10,150,42,0.0
516,3,10,150,42,0.07947838320659593
517,3,10,150,42,0.03859643636257609
518,3,10,150,42,0.05268083714989503
519,3,10,150,42,0.0
520,3,10,150,42,0.0
521,3,10,150,42,0.087254168110256
522,3,10,150,42,0.16542389351858164
523,3,10,150,42,0.14958239437556436
524,3,10,150,42,0.06307741045635776
525,3,10,150,42,0.06516045994396072
526,3,10,150,42,0.03112959369469351
527,3,10,150,42,0.16337931987601856
528,3,10,150,42,0.1255942414278791
529,3,10,150,42,0.0
530,3,10,150,42,0.0
531,3,10,150,42,0.0
532,3,10,150,42,0.20097158676511923
533,3,10,150,42,0.18749160026074585
534,3,10,150,42,0.07661469829347552
535,3,10,150,42,0.2779701791483324
536,3,10,150,42,0.16565164817474354
537,3,10,150,42,0.37454244737540476
538,3,10,150,42,0.09944592215223559
539,3,10,150,42,0.0
540,3,10,150,42,0.0
541,3,10,150,42,0.06337469398538446
542,3,10,150,42,0.043627084055128
543,3,10,150,42,0.0
544,3,10,150,42,0.0
545,3,10,150,42,0.19547136562878936
546,3,10,150,42,0.05456639532549906
547,3,10,150,42,0.0
548,3,10,150,42,0.06666304750270094
549,3,10,150,42,0.10184659627402569
550,3,10,150,42,0.0845667599404342
551,3,10,150,42,0.25321604081854343
552,3,10,150,42,0.0
553,3,10,150,42,0.09570787878815254
554,3,10,150,42,0.0
555,3,10,150,42,0.037070343480771185
556,3,10,150,42,0.2436420788359897
557,3,10,150,42,0.044530079137671444
558,3,10,150,42,0.21398626473452756
559,3,10,150,42,0.07557866567222271
560,3,10,150,42,0.11942337490935596
561,3,10,150,42,0.10049422792174358
562,3,10,150,42,0.0900117306380905
563,3,10,150,42,0.10791970824616881
564,3,10,150,42,0.0
565,3,10,150,42,0.14337418847532693
566,3,10,150,42,0.11935234359120704
567,3,10,150,42,0.38153991659232767
568,3,10,150,42,0.02548915132906805
569,3,10,150,42,0.023835426911994775
570,3,10,150,42,0.0
571,3,10,150,42,0.0512644431393966
572,3,10,150,42,0.30260241349881345
573,3,10,150,42,0.0
574,3,10,150,42,0.0
575,3,10,150,42,0.13043262693172047
576,3,10,150,42,0.0
577,3,10,150,42,0.22434162756743797
578,3,10,150,42,0.0
579,3,10,150,42,0.06152644703210656
580,3,10,150,42,0.03144137376097698
581,3,10,150,42,0.0
582,3,10,150,42,0.06679511870650716
583,3,10,150,42,0.0874717141014082
584,3,10,150,42,0.20261715588288354
585,3,10,150,42,0.042225550968526857
586,3,10,150,42,0.09236070705431511
587,3,10,150,42,0.0
588,3,10,150,42,0.2434418320676941
589,3,10,150,42,0.0
590,3,10,150,42,0.17154483744357613
591,3,10,150,42,0.08651464973019597
592,3,10,150,42,0.31892062490382744
593,3,10,150,42,0.12198269715085422
594,3,10,150,42,0.0
595,3,10,150,42,0.039821499536505725
596,3,10,150,42,0.09803928583135704
597,3,10,150,42,0.0
598,3,10,150,42,0.0
599,3,10,150,42,0.0
600,3,10,150,42,0.13574631165894233
601,3,10,150,42,0.16857154074203703
602,3,10,150,42,0.041278922835426404
603,3,10,150,42,0.12541207695631323
604,3,10,150,42,0.0
605,3,10,150,42,0.15858521253387686
606,3,10,150,42,0.39728060502046325
607,3,10,150,42,0.0
608,3,10,150,42,0.24672796649540443
609,3,10,150,42,0.0
610,3,10,150,42,0.08443863559321411
611,3,10,150,42,0.0
612,3,10,150,42,0.09162544430476362
613,3,10,150,42,0.1652462050665711
614,3,10,150,42,0.1467868763787456
615,3,10,150,42,0.10737689423316772
616,3,10,150,42,0.030480958763669998
617,3,10,150,42,0.020730875129846955
618,3,10,150,42,0.087254168110256
619,3,10,150,42,0.10839445203433995
620,3,10,150,42,0.1717765398347941
621,3,10,150,42,0.0950984414032605
622,3,10,150,42,0.24173283614150126
623,3,10,150,42,0.04214302778527282
624,3,10,150,42,0.023579405356206683
625,3,10,150,42,0.06884919500543095
626,3,10,150,42,0.0
627,3,10,150,42,0.14992162649132795
628,3,10,150,42,0.0
629,3,10,150,42,0.26561662622793186
630,3,10,150,42,0.10834532177911152
631,3,10,150,42,0.13449792459172438
632,3,10,150,42,0.03799474229253141
633,3,10,150,42,0.050456115328747164
634,3,10,150,42,0.1164213831890731
635,3,10,150,42,0.0
636,3,10,150,42,0.3615974840572412
637,3,10,150,42,0.0
638,3,10,150,42,0.05152901435389809
639,3,10,150,42,0.0
640,3,10,150,42,0.15339789083125774
641,3,10,150,42,0.051358492238643604
642,3,10,150,42,0.34639468079256275
643,3,10,150,42,0.3360702067703237
644,3,10,150,42,0.0
645,3,10,150,42,0.10381920194038746
646,3,10,150,42,0.11243817952384734
647,3,10,150,42,0.06590268968688952
648,3,10,150,42,0.2882121992913838
649,3,10,150,42,0.0
650,3,10,150,42,0.1466460349371023
651,3,10,150,42,0.0
652,3,10,150,42,0.0
653,3,10,150,42,0.15109861475743294
654,3,10,150,42,0.07821392339686453
655,3,10,150,42,0.472259759295498
656,3,10,150,42,0.0
657,3,10,150,42,0.2504953915210566
658,3,10,150,42,0.05394323338445943
659,3,10,150,42,0.13996985184496782
660,3,10,150,42,0.0
661,3,10,150,42,0.12406903293650143
662,3,10,150,42,0.0
663,3,10,150,42,0.14638530159855154
664,3,10,150,42,0.36258311006040045
665,3,10,150,42,0.043627084055128
666,3,10,150,42,0.16682721258944316
667,3,10,150,42,0.05347936472494627
668,3,10,150,42,0.0
669,3,10,150,42,0.19588788032265295
670,3,10,150,42,0.0
671,3,10,150,42,0.18381151620826375
672,3,10,150,42,0.048159222084064895
673,3,10,150,42,0.0
674,3,10,150,42,0.0
675,3,10,150,42,0.0382580635535654
676,3,10,150,42,0.22358931366364498
677,3,10,150,42,0.0720796116407523
678,3,10,150,42,0.0
679,3,10,150,42,0.14168597692965199
680,3,10,150,42,0.0
681,3,10,150,42,0.0
682,3,10,150,42,0.3590680165899917
683,3,10,150,42,0.02677435355254797
684,3,10,150,42,0.03158850394477252
685,3,10,150,42,0.09030583455080088
686,3,10,150,42,0.10437401422295152
687,3,10,150,42,0.0
688,3,10,150,42,0.0
689,3,10,150,42,0.37279254620421465
690,3,10,150,42,0.2327681047305106
691,3,10,150,42,0.6023709850354425
692,3,10,150,42,0.03353522641880846
693,3,10,150,42,0.05939186682684628
694,3,10,150,42,0.2383755758669333
695,3,10,150,42,0.0
696,3,10,150,42,0.043134162606390795
697,3,10,150,42,0.05217810310258084
698,3,10,150,42,0.0
699,3,10,150,42,0.05677704647726532
700,3,10,150,42,0.0
701,3,10,150,42,0.0906790485156717
702,3,10,150,42,0.0
703,3,10,150,42,0.21888235022994418
704,3,10,150,42,0.16668399590164457
705,3,10,150,42,0.21299474606255633
706,3,10,150,42,0.0
707,3,10,150,42,0.2920913573610265
708,3,10,150,42,0.03476299583640518
709,3,10,150,42,0.16348640625625968
710,3,10,150,42,0.25040922491354684
711,3,10,150,42,0.20411830762978062
712,3,10,150,42,0.09967989123015214
713,3,10,150,42,0.0
714,3,10,150,42,0.09998274523051486
715,3,10,150,42,0.21392304947704327
716,3,10,150,42,0.31931754687938185
717,3,10,150,42,0.08455030681958395
718,3,10,150,42,0.0
719,3,10,150,42,0.10353175087921149
720,3,10,150,42,0.0
721,3,10,150,42,0.08932642280602907
722,3,10,150,42,0.07401896317743158
723,3,10,150,42,0.0
724,3,10,150,42,0.0
725,3,10,150,42,0.0
726,3,10,150,42,0.061080020762274374
727,3,10,150,42,0.11227826802853301
728,3,10,150,42,0.0
729,3,10,150,42,0.0
730,3,10,150,42,0.0
731,3,10,150,42,0.1715443056304821
732,3,10,150,42,0.05717828980196049
733,3,10,150,42,0.020730875129846955
734,3,10,150,42,0.08131766139183766
735,3,10,150,42,0.08151055815578559
736,3,10,150,42,0.047009109882897075
737,3,10,150,42,0.12127716502890909
738,3,10,150,42,0.11451771704781007
739,3,10,150,42,0.18767092572990207
740,3,10,150,42,0.0523780734795101
741,3,10,150,42,0.05908892019155974
742,3,10,150,42,0.0527075128660253
743,3,10,150,42,0.1194783875505714
744,3,10,150,42,0.0
745,3,10,150,42,0.06774344219296054
746,3,10,150,42,0.24124954544361757
747,3,10,150,42,0.1912245841256779
748,3,10,150,42,0.04132344798443041
749,3,10,150,42,0.3928438467145793
750,3,10,150,42,0.14638890940448515
751,3,10,150,42,0.037916625263929145
752,3,10,150,42,0.054979646329242064
753,3,10,150,42,0.04072612696308379
754,3,10,150,42,0.0
755,3,10,150,42,0.0
756,3,10,150,42,0.044143057780823704
757,3,10,150,42,0.08907933242493897
758,3,10,150,42,0.23362507468666008
759,3,10,150,42,0.0
760,3,10,150,42,0.16006374561654185
761,3,10,150,42,0.17663858756688974
762,3,10,150,42,0.0
763,3,10,150,42,0.07485420266316953
764,3,10,150,42,0.024619085952596504
765,3,10,150,42,0.0
766,3,10,150,42,0.042271416803119854
767,3,10,150,42,0.1269544353559099
768,3,10,150,42,0.05059568297461706
769,3,10,150,42,0.0
770,3,10,150,42,0.18348359547343202
771,3,10,150,42,0.02778871948897756
772,3,10,150,42,0.0
773,3,10,150,42,0.14052732258781897
774,3,10,150,42,0.0
775,3,10,150,42,0.0
776,3,10,150,42,0.0
777,3,10,150,42,0.0
778,3,10,150,42,0.08961728720334347
779,3,10,150,42,0.0
780,3,10,150,42,0.12311997034702767
781,3,10,150,42,0.12572447169101508
782,3,10,150,42,0.0
783,3,10,150,42,0.0
784,3,10,150,42,0.04582425041433568
785,3,10,150,42,0.2848262604068979
786,3,10,150,42,0.12055956650133608
787,3,10,150,42,0.0
788,3,10,150,42,0.057399551649390576
789,3,10,150,42,0.14531023848228133
790,3,10,150,42,0.07686479281145035
791,3,10,150,42,0.059480024314918285
792,3,10,150,42,0.059109628562248356
793,3,10,150,42,0.11843263243420837
794,3,10,150,42,0.1578863001786244
795,3,10,150,42,0.06886690743551852
796,3,10,150,42,0.10690068548155816
797,3,10,150,42,0.13905617951077562
798,3,10,150,42,0.0
799,3,10,150,42,0.2836929289153804
800,3,10,150,42,0.0
801,3,10,150,42,0.0
802,3,10,150,42,0.05621908976192367
803,3,10,150,42,0.0
804,3,10,150,42,0.28203236147455607
805,3,10,150,42,0.15096732299971177
806,3,10,150,42,0.06379369995120096
807,3,10,150,42,0.1553610659574222
808,3,10,150,42,0.0
809,3,10,150,42,0.0
810,3,10,150,42,0.0
811,3,10,150,42,0.0
812,3,10,150,42,0.11600766930798434
813,3,10,150,42,0.0
814,3,10,150,42,0.0
815,3,10,150,42,0.10380674919178415
816,3,10,150,42,0.10105367325027378
817,3,10,150,42,0.0
818,3,10,150,42,0.0
819,3,10,150,42,0.0
820,3,10,150,42,0.12262943855309168
821,3,10,150,42,0.053168340515114924
822,3,10,150,42,0.0
823,3,10,150,42,0.10148718580906937
824,3,10,150,42,0.0
825,3,10,150,42,0.16434089815347858
826,3,10,150,42,0.07781595641430564
827,3,10,150,42,0.0
828,3,10,150,42,0.0
829,3,10,150,42,0.041355644490859725
830,3,10,150,42,0.10417372903806255
831,3,10,150,42,0.04522637401768292
832,3,10,150,42,0.0
833,3,10,150,42,0.05828935682373833
834,3,10,150,42,0.0
835,3,10,150,42,0.0735972053503585
836,3,10,150,42,0.05097554749895306
837,3,10,150,42,0.05351287869030783
838,3,10,150,42,0.08633629724227374
839,3,10,150,42,0.0
840,3,10,150,42,0.07656878929530339
841,3,10,150,42,0.0
842,3,10,150,42,0.0
843,3,10,150,42,0.04209275315645388
844,3,10,150,42,0.0
845,3,10,150,42,0.0
846,3,10,150,42,0.09924548857390884
847,3,10,150,42,0.0
848,3,10,150,42,0.03618657486793958
849,3,10,150,42,0.0
850,3,10,150,42,0.06228974831361337
851,3,10,150,42,0.19821654229071958
852,3,10,150,42,0.07256783117062009
853,3,10,150,42,0.0
854,3,10,150,42,0.0
855,3,10,150,42,0.0
856,3,10,150,42,0.0
857,3,10,150,42,0.0
858,3,10,150,42,0.0
859,3,10,150,42,0.0
860,3,10,150,42,0.0
861,3,10,150,42,0.12754356661958802
862,3,10,150,42,0.0559167101555819
863,3,10,150,42,0.0
864,3,10,150,42,0.1615328695620339
865,3,10,150,42,0.0
866,3,10,150,42,0.0
867,3,10,150,42,0.13120507751234178
868,3,10,150,42,0.0
870,3,10,150,42,0.0
871,3,10,150,42,0.0
872,3,10,150,42,0.0
875,3,10,150,42,0.1395953738647505
876,3,10,150,42,0.0
877,3,10,150,42,0.0
1,3,10,150,43,0.6247579375131872
2,3,10,150,43,0.10688238502350729
3,3,10,150,43,0.0
4,3,10,150,43,0.0
5,3,10,150,43,0.0583775815185038
6,3,10,150,43,0.05340978172012693
7,3,10,150,43,0.1974427921204681
8,3,10,150,43,0.0554835367217868
9,3,10,150,43,0.0
10,3,10,150,43,0.16409920264511527
11,3,10,150,43,0.02551528631909195
12,3,10,150,43,0.0
13,3,10,150,43,0.2269391911673114
14,3,10,150,43,0.05601843521033356
15,3,10,150,43,0.0
16,3,10,150,43,0.14029495523984678
17,3,10,150,43,0.12066394366711926
18,3,10,150,43,0.13397789387482173
19,3,10,150,43,0.0
20,3,10,150,43,0.14530105135237878
21,3,10,150,43,0.03475017269886857
22,3,10,150,43,0.0641836005852075
23,3,10,150,43,0.16093766472693694
24,3,10,150,43,0.311062094929455
25,3,10,150,43,0.0
26,3,10,150,43,0.0
28,3,10,150,43,0.0
29,3,10,150,43,0.0
30,3,10,150,43,0.0979129253499678
31,3,10,150,43,0.06076546216996844
32,3,10,150,43,0.0
33,3,10,150,43,0.0
34,3,10,150,43,0.0
35,3,10,150,43,0.0
37,3,10,150,43,0.0488929053971083
38,3,10,150,43,0.0
39,3,10,150,43,0.0
40,3,10,150,43,0.0
41,3,10,150,43,0.0
42,3,10,150,43,0.11676800180580715
43,3,10,150,43,0.23313760932547176
44,3,10,150,43,0.07698159974258616
45,3,10,150,43,0.0
46,3,10,150,43,0.14434031438272124
47,3,10,150,43,0.0
48,3,10,150,43,0.0874717141014082
49,3,10,150,43,0.06558450189788582
50,3,10,150,43,0.0
51,3,10,150,43,0.18953836965473142
52,3,10,150,43,0.04892579731758021
53,3,10,150,43,0.09546043308946733
54,3,10,150,43,0.07984133538066794
55,3,10,150,43,0.0
56,3,10,150,43,0.03975645576081676
57,3,10,150,43,0.0
58,3,10,150,43,0.10796876451088402
59,3,10,150,43,0.1954835131019147
60,3,10,150,43,0.10257460616721463
61,3,10,150,43,0.0
62,3,10,150,43,0.03806940785769845
63,3,10,150,43,0.0
64,3,10,150,43,0.0
65,3,10,150,43,0.2994759515353249
66,3,10,150,43,0.0
67,3,10,150,43,0.0
68,3,10,150,43,0.0
69,3,10,150,43,0.08005849613714276
70,3,10,150,43,0.0
71,3,10,150,43,0.07955752067133452
72,3,10,150,43,0.16084022171949366
73,3,10,150,43,0.051960280791503534
74,3,10,150,43,0.0
75,3,10,150,43,0.11731968150568911
76,3,10,150,43,0.14804398249667974
77,3,10,150,43,0.45287742747371695
78,3,10,150,43,0.0
79,3,10,150,43,0.0
80,3,10,150,43,0.08297572808511901
81,3,10,150,43,0.0
82,3,10,150,43,0.08926877557705373
83,3,10,150,43,0.04630610387058298
84,3,10,150,43,0.0
85,3,10,150,43,0.07291638914976603
86,3,10,150,43,0.07738888769495082
87,3,10,150,43,0.10058161863664324
88,3,10,150,43,0.0
89,3,10,150,43,0.22860031301980846
90,3,10,150,43,0.1922835440868035
91,3,10,150,43,0.13114221140465185
92,3,10,150,43,0.04417335265683144
93,3,10,150,43,0.0
94,3,10,150,43,0.17823081893574094
95,3,10,150,43,0.061836172422412086
96,3,10,150,43,0.1311371111653387
97,3,10,150,43,0.09558339637123096
98,3,10,150,43,0.08878770367712427
99,3,10,150,43,0.0
100,3,10,150,43,0.0892789338684584
101,3,10,150,43,0.0
102,3,10,150,43,0.026001814664123827
103,3,10,150,43,0.07673373981757839
104,3,10,150,43,0.12171451575741458
106,3,10,150,43,0.05261577455142312
107,3,10,150,43,0.0
108,3,10,150,43,0.0
109,3,10,150,43,0.07966939246366822
110,3,10,150,43,0.039667414566743345
111,3,10,150,43,0.0
112,3,10,150,43,0.06510475888148554
113,3,10,150,43,0.05449144662575446
114,3,10,150,43,0.07610811271330754
115,3,10,150,43,0.046806851959664796
116,3,10,150,43,0.055538752771150446
117,3,10,150,43,0.053589621006720926
118,3,10,150,43,0.0
119,3,10,150,43,0.034073291417269544
121,3,10,150,43,0.06245141164382474
122,3,10,150,43,0.0
123,3,10,150,43,0.46927872602275644
124,3,10,150,43,0.10889376106823218
125,3,10,150,43,0.09097808601263767
126,3,10,150,43,0.0
127,3,10,150,43,0.0
128,3,10,150,43,0.027576277569513717
129,3,10,150,43,0.0
130,3,10,150,43,0.06359766623551306
131,3,10,150,43,0.2803335894048546
132,3,10,150,43,0.09109240322345806
133,3,10,150,43,0.0
134,3,10,150,43,0.0
135,3,10,150,43,0.0
136,3,10,150,43,0.40257390286801836
137,3,10,150,43,0.0
138,3,10,150,43,0.21222747957761057
139,3,10,150,43,0.0
140,3,10,150,43,0.0
141,3,10,150,43,0.15194751309721466
142,3,10,150,43,0.30260241349881345
143,3,10,150,43,0.0
144,3,10,150,43,0.19201969646868908
145,3,10,150,43,0.048468787866413954
146,3,10,150,43,0.0
147,3,10,150,43,0.07610811271330754
148,3,10,150,43,0.042512356679180144
149,3,10,150,43,0.05446824630887794
150,3,10,150,43,0.0
151,3,10,150,43,0.11285875890681171
152,3,10,150,43,0.026230448379684728
153,3,10,150,43,0.06516188295518531
154,3,10,150,43,0.0
155,3,10,150,43,0.0
156,3,10,150,43,0.0
157,3,10,150,43,0.0
158,3,10,150,43,0.055805240881847164
159,3,10,150,43,0.11026617795298452
160,3,10,150,43,0.0
161,3,10,150,43,0.0
162,3,10,150,43,0.0
163,3,10,150,43,0.0
164,3,10,150,43,0.0
165,3,10,150,43,0.09149012142095872
166,3,10,150,43,0.0
167,3,10,150,43,0.03395822402998728
168,3,10,150,43,0.0
169,3,10,150,43,0.055427457405235275
170,3,10,150,43,0.0
171,3,10,150,43,0.0
172,3,10,150,43,0.0
173,3,10,150,43,0.0
174,3,10,150,43,0.05481171384122219
175,3,10,150,43,0.4413254197204702
176,3,10,150,43,0.0347693136731627
177,3,10,150,43,0.0
178,3,10,150,43,0.18053947820976404
179,3,10,150,43,0.06599888514927177
180,3,10,150,43,0.0
181,3,10,150,43,0.04107310415505437
182,3,10,150,43,0.13120507751234178
183,3,10,150,43,0.0
184,3,10,150,43,0.0
185,3,10,150,43,0.0
186,3,10,150,43,0.0
187,3,10,150,43,0.2004102107997965
188,3,10,150,43,0.0
189,3,10,150,43,0.22982757951573698
190,3,10,150,43,0.0
191,3,10,150,43,0.07335312372354855
192,3,10,150,43,0.0
193,3,10,150,43,0.0
194,3,10,150,43,0.03511240359718155
195,3,10,150,43,0.061734604266276284
196,3,10,150,43,0.17342765698823945
197,3,10,150,43,0.07304192939088519
198,3,10,150,43,0.10387325901274824
199,3,10,150,43,0.0
200,3,10,150,43,0.055179303887787655
201,3,10,150,43,0.1928430452606188
202,3,10,150,43,0.0
203,3,10,150,43,0.0
204,3,10,150,43,0.0
205,3,10,150,43,0.11600766930798434
206,3,10,150,43,0.0
207,3,10,150,43,0.04898947700845391
208,3,10,150,43,0.0
209,3,10,150,43,0.0
210,3,10,150,43,0.0
211,3,10,150,43,0.0
212,3,10,150,43,0.0559167101555819
213,3,10,150,43,0.08985507164305877
214,3,10,150,43,0.1257260924843343
215,3,10,150,43,0.157288596461893
216,3,10,150,43,0.27735230728218535
217,3,10,150,43,0.13000004444613666
218,3,10,150,43,0.06323567569191428
219,3,10,150,43,0.0
220,3,10,150,43,0.07807600999842033
221,3,10,150,43,0.09964173287591703
222,3,10,150,43,0.16434971142047583
223,3,10,150,43,0.039270700903099615
224,3,10,150,43,0.0
225,3,10,150,43,0.0
226,3,10,150,43,0.0
227,3,10,150,43,0.0
229,3,10,150,43,0.0
230,3,10,150,43,0.10228729060357176
231,3,10,150,43,0.0
232,3,10,150,43,0.0
233,3,10,150,43,0.15206723475089307
234,3,10,150,43,0.11070692984214563
235,3,10,150,43,0.08312042273022706
236,3,10,150,43,0.12127042983235181
237,3,10,150,43,0.0
238,3,10,150,43,0.0
239,3,10,150,43,0.12691627784085696
240,3,10,150,43,0.10235170428306553
241,3,10,150,43,0.1381300260171807
242,3,10,150,43,0.0
243,3,10,150,43,0.0
244,3,10,150,43,0.1324362264265921
245,3,10,150,43,0.0
246,3,10,150,43,0.08356426880363813
247,3,10,150,43,0.15642624200758548
248,3,10,150,43,0.23451355966072135
249,3,10,150,43,0.2766902291011919
250,3,10,150,43,0.07806699296748765
251,3,10,150,43,0.0
252,3,10,150,43,0.0
253,3,10,150,43,0.0
254,3,10,150,43,0.036502603141236205
255,3,10,150,43,0.07910544779148235
256,3,10,150,43,0.027736288621349494
257,3,10,150,43,0.12830873359117523
258,3,10,150,43,0.0
259,3,10,150,43,0.0
260,3,10,150,43,0.0
261,3,10,150,43,0.0
262,3,10,150,43,0.0
263,3,10,150,43,0.32837769821077345
264,3,10,150,43,0.2969281197911131
265,3,10,150,43,0.19802572813668026
266,3,10,150,43,0.0
267,3,10,150,43,0.21076490690365068
268,3,10,150,43,0.12156824147794709
269,3,10,150,43,0.040019695500760184
270,3,10,150,43,0.0
271,3,10,150,43,0.10729393508609222
272,3,10,150,43,0.0
273,3,10,150,43,0.0
274,3,10,150,43,0.0
275,3,10,150,43,0.0
276,3,10,150,43,0.2582543388977191
277,3,10,150,43,0.0
278,3,10,150,43,0.0
279,3,10,150,43,0.1353542552733952
280,3,10,150,43,0.07316593591075989
281,3,10,150,43,0.0
282,3,10,150,43,0.09659953929285248
283,3,10,150,43,0.0
284,3,10,150,43,0.0
285,3,10,150,43,0.0
286,3,10,150,43,0.0
287,3,10,150,43,0.0
288,3,10,150,43,0.13999259891013252
289,3,10,150,43,0.0
290,3,10,150,43,0.09647783930421741
291,3,10,150,43,0.16970746318667462
292,3,10,150,43,0.27665227928348557
293,3,10,150,43,0.030591637648726862
294,3,10,150,43,0.052007328240412425
295,3,10,150,43,0.12123998403830039
296,3,10,150,43,0.1313923743616208
297,3,10,150,43,0.030868393892711742
298,3,10,150,43,0.08895829092601172
299,3,10,150,43,0.06251231174305825
300,3,10,150,43,0.0
301,3,10,150,43,0.13168509627466596
302,3,10,150,43,0.07335312372354855
303,3,10,150,43,0.23155884343398583
304,3,10,150,43,0.0
305,3,10,150,43,0.05428021340641747
306,3,10,150,43,0.0
307,3,10,150,43,0.13128644747266613
308,3,10,150,43,0.036987185225958605
309,3,10,150,43,0.0
310,3,10,150,43,0.2890648263178879
311,3,10,150,43,0.15557654226734
312,3,10,150,43,0.12252303129650513
313,3,10,150,43,0.09586943528179451
314,3,10,150,43,0.10507089418815024
315,3,10,150,43,0.09785159463516042
316,3,10,150,43,0.06076546216996844
317,3,10,150,43,0.0
318,3,10,150,43,0.052310015648999494
319,3,10,150,43,0.0
320,3,10,150,43,0.08947300054212491
321,3,10,150,43,0.08223795175588802
322,3,10,150,43,0.07955752067133452
323,3,10,150,43,0.12229181918924699
324,3,10,150,43,0.0
325,3,10,150,43,0.0
326,3,10,150,43,0.10817904857938596
327,3,10,150,43,0.0
328,3,10,150,43,0.11126818073657672
329,3,10,150,43,0.056720838976548935
330,3,10,150,43,0.2704009738666891
331,3,10,150,43,0.0
332,3,10,150,43,0.062485704801737485
333,3,10,150,43,0.0
334,3,10,150,43,0.12286876975291468
335,3,10,150,43,0.0
336,3,10,150,43,0.0
337,3,10,150,43,0.09992090652113537
338,3,10,150,43,0.04358896759704514
339,3,10,150,43,0.145767359678607
340,3,10,150,43,0.12647135138382856
341,3,10,150,43,0.0
342,3,10,150,43,0.10109476984709632
343,3,10,150,43,0.2902171633267326
344,3,10,150,43,0.13804010954782428
345,3,10,150,43,0.1302817386077542
346,3,10,150,43,0.10809528579756168
347,3,10,150,43,0.0758661828869556
348,3,10,150,43,0.0
349,3,10,150,43,0.07123530534387781
350,3,10,150,43,0.19585797115043785
351,3,10,150,43,0.0
352,3,10,150,43,0.16282653392890226
353,3,10,150,43,0.09489642549953911
354,3,10,150,43,0.0
355,3,10,150,43,0.0
356,3,10,150,43,0.0
357,3,10,150,43,0.0
358,3,10,150,43,0.26730206653594746
359,3,10,150,43,0.0749368547125808
360,3,10,150,43,0.10496459329418281
361,3,10,150,43,0.0
362,3,10,150,43,0.0
363,3,10,150,43,0.2040647323623869
364,3,10,150,43,0.0
365,3,10,150,43,0.0989084497079971
366,3,10,150,43,0.10684080426179023
367,3,10,150,43,0.1410054764628891
368,3,10,150,43,0.0
369,3,10,150,43,0.0
370,3,10,150,43,0.045683428159663184
371,3,10,150,43,0.09892739847751293
372,3,10,150,43,0.10673919722548196
373,3,10,150,43,0.16523121751512232
374,3,10,150,43,0.1617753927822581
375,3,10,150,43,0.0
376,3,10,150,43,0.0
377,3,10,150,43,0.053168340515114924
378,3,10,150,43,0.0744188273850384
379,3,10,150,43,0.13557533657177168
380,3,10,150,43,0.0
381,3,10,150,43,0.05707866018487045
382,3,10,150,43,0.07847428227110642
383,3,10,150,43,0.0
384,3,10,150,43,0.08759200575528697
385,3,10,150,43,0.1546778125427113
386,3,10,150,43,0.0
387,3,10,150,43,0.041679950019200135
388,3,10,150,43,0.0
389,3,10,150,43,0.12125871738335098
390,3,10,150,43,0.21398626473452756
391,3,10,150,43,0.2558645268575362
392,3,10,150,43,0.06327372362257774
393,3,10,150,43,0.13794361830742194
394,3,10,150,43,0.12900206501129066
395,3,10,150,43,0.09286934188709499
396,3,10,150,43,0.0
397,3,10,150,43,0.08251968427067649
398,3,10,150,43,0.08837411343996615
399,3,10,150,43,0.0
400,3,10,150,43,0.0
401,3,10,150,43,0.0
402,3,10,150,43,0.469779625693621
403,3,10,150,43,0.0
404,3,10,150,43,0.0
405,3,10,150,43,0.2585534501546672
406,3,10,150,43,0.1833992593485027
407,3,10,150,43,0.08134524557335573
408,3,10,150,43,0.12083071655728543
409,3,10,150,43,0.13530747380914224
410,3,10,150,43,0.0
411,3,10,150,43,0.1128999930808451
412,3,10,150,43,0.0
413,3,10,150,43,0.10122860821230018
414,3,10,150,43,0.0
415,3,10,150,43,0.07605458145297357
416,3,10,150,43,0.29752498258082555
417,3,10,150,43,0.07981430710923436
418,3,10,150,43,0.07001560573318603
419,3,10,150,43,0.2098021491169666
420,3,10,150,43,0.0527075128660253
421,3,10,150,43,0.202729931306865
422,3,10,150,43,0.0
423,3,10,150,43,0.0
424,3,10,150,43,0.13291000263869587
425,3,10,150,43,0.0
426,3,10,150,43,0.10004388309532918
427,3,10,150,43,0.0
428,3,10,150,43,0.0
429,3,10,150,43,0.19382017710476906
430,3,10,150,43,0.062242588308449316
431,3,10,150,43,0.0
432,3,10,150,43,0.0
433,3,10,150,43,0.0
434,3,10,150,43,0.2247819585714142
435,3,10,150,43,0.30285596658156144
436,3,10,150,43,0.09291494561763272
437,3,10,150,43,0.053512784377206274
438,3,10,150,43,0.0
439,3,10,150,43,0.0
440,3,10,150,43,0.07261318787584015
441,3,10,150,43,0.0
442,3,10,150,43,0.058478916078390675
443,3,10,150,43,0.056720838976548935
444,3,10,150,43,0.19519002499605084
445,3,10,150,43,0.0
446,3,10,150,43,0.0
447,3,10,150,43,0.09914294517496557
448,3,10,150,43,0.0
449,3,10,150,43,0.0
450,3,10,150,43,0.35115126283250736
451,3,10,150,43,0.0
452,3,10,150,43,0.05482555188180467
453,3,10,150,43,0.13392124957971085
454,3,10,150,43,0.0
455,3,10,150,43,0.1760702282199838
456,3,10,150,43,0.1310721461718714
457,3,10,150,43,0.5216220041011814
458,3,10,150,43,0.13720824596825992
459,3,10,150,43,0.04901586605894737
460,3,10,150,43,0.0
461,3,10,150,43,0.10778915452451093
462,3,10,150,43,0.16728714615527887
463,3,10,150,43,0.1032589365938857
464,3,10,150,43,0.04931346192675315
465,3,10,150,43,0.0733934381893728
466,3,10,150,43,0.0750834162528243
467,3,10,150,43,0.032842167909375275
468,3,10,150,43,0.4424763580282471
469,3,10,150,43,0.050924439617225085
470,3,10,150,43,0.040162930685297936
471,3,10,150,43,0.0
472,3,10,150,43,0.32205860620153787
473,3,10,150,43,0.050005013043213774
474,3,10,150,43,0.38534811400677604
475,3,10,150,43,0.0
476,3,10,150,43,0.12097589732794561
477,3,10,150,43,0.0
478,3,10,150,43,0.2059565668593519
479,3,10,150,43,0.0862409125021571
480,3,10,150,43,0.0881980292211471
481,3,10,150,43,0.0
482,3,10,150,43,0.10209739512291163
483,3,10,150,43,0.06194403202282284
484,3,10,150,43,0.26052525606915383
485,3,10,150,43,0.0
486,3,10,150,43,0.0620382243288764
487,3,10,150,43,0.11313079776205985
488,3,10,150,43,0.05887472794707303
489,3,10,150,43,0.0
490,3,10,150,43,0.06490403551612171
491,3,10,150,43,0.17758207479178334
492,3,10,150,43,0.05821640931129437
493,3,10,150,43,0.2029686617027332
494,3,10,150,43,0.11299367690705851
495,3,10,150,43,0.10808447604335672
496,3,10,150,43,0.07271211160102074
497,3,10,150,43,0.033223532064003525
498,3,10,150,43,0.03485844984604011
499,3,10,150,43,0.07949576586393835
500,3,10,150,43,0.05624560017014819
501,3,10,150,43,0.0
502,3,10,150,43,0.0
503,3,10,150,43,0.25157663756981774
504,3,10,150,43,0.07833488002595854
505,3,10,150,43,0.025255271126572616
506,3,10,150,43,0.16813448087996247
507,3,10,150,43,0.0
508,3,10,150,43,0.17050987036516796
509,3,10,150,43,0.0
510,3,10,150,43,0.12427147932737166
511,3,10,150,43,0.12155021559723776
512,3,10,150,43,0.0
513,3,10,150,43,0.05276490902632437
514,3,10,150,43,0.24980087334287107
515,3,10,150,43,0.0
516,3,10,150,43,0.07947838320659593
517,3,10,150,43,0.03859643636257609
518,3,10,150,43,0.05268083714989503
519,3,10,150,43,0.0
520,3,10,150,43,0.0
521,3,10,150,43,0.08588158452695606
522,3,10,150,43,0.16542389351858164
523,3,10,150,43,0.14958239437556436
524,3,10,150,43,0.06208514819606016
525,3,10,150,43,0.06516045994396072
526,3,10,150,43,0.03112959369469351
527,3,10,150,43,0.16337931987601856
528,3,10,150,43,0.1255942414278791
529,3,10,150,43,0.0
530,3,10,150,43,0.0
531,3,10,150,43,0.0
532,3,10,150,43,0.19781012976337492
533,3,10,150,43,0.18454219511371212
534,3,10,150,43,0.07661469829347552
535,3,10,150,43,0.2735974676457274
536,3,10,150,43,0.16304580437661206
537,3,10,150,43,0.3843814360148778
538,3,10,150,43,0.09944592215223559
539,3,10,150,43,0.0
540,3,10,150,43,0.0
541,3,10,150,43,0.06337469398538446
542,3,10,150,43,0.04294079226347803
543,3,10,150,43,0.0
544,3,10,150,43,0.0
545,3,10,150,43,0.19239643186598884
546,3,10,150,43,0.05456639532549906
547,3,10,150,43,0.0
548,3,10,150,43,0.08134524557335573
549,3,10,150,43,0.10184659627402569
550,3,10,150,43,0.0845667599404342
551,3,10,150,43,0.24923273333669846
552,3,10,150,43,0.0
553,3,10,150,43,0.09570787878815254
554,3,10,150,43,0.0
555,3,10,150,43,0.037070343480771185
556,3,10,150,43,0.2436420788359897
557,3,10,150,43,0.044530079137671444
558,3,10,150,43,0.21398626473452756
559,3,10,150,43,0.07557866567222271
560,3,10,150,43,0.11942337490935596
561,3,10,150,43,0.09891336673826992
562,3,10,150,43,0.0900117306380905
563,3,10,150,43,0.10791970824616881
564,3,10,150,43,0.0
565,3,10,150,43,0.14337418847532693
566,3,10,150,43,0.11935234359120704
567,3,10,150,43,0.3755379634795949
568,3,10,150,43,0.04861944552274848
569,3,10,150,43,0.023835426911994775
570,3,10,150,43,0.0
571,3,10,150,43,0.0512644431393966
572,3,10,150,43,0.30260241349881345
573,3,10,150,43,0.0
574,3,10,150,43,0.0
575,3,10,150,43,0.13043262693172047
576,3,10,150,43,0.0
577,3,10,150,43,0.2208125395969842
578,3,10,150,43,0.0
579,3,10,150,43,0.06152644703210656
580,3,10,150,43,0.03144137376097698
581,3,10,150,43,0.0
582,3,10,150,43,0.06679511870650716
583,3,10,150,43,0.0874717141014082
584,3,10,150,43,0.20261715588288354
585,3,10,150,43,0.042225550968526857
586,3,10,150,43,0.09090779319368972
587,3,10,150,43,0.0
588,3,10,150,43,0.2396122813491273
589,3,10,150,43,0.0
590,3,10,150,43,0.17154483744357613
591,3,10,150,43,0.08651464973019597
592,3,10,150,43,0.3296345929517482
593,3,10,150,43,0.1200638037480274
594,3,10,150,43,0.0
595,3,10,150,43,0.039821499536505725
596,3,10,150,43,0.09803928583135704
597,3,10,150,43,0.0
598,3,10,150,43,0.0
599,3,10,150,43,0.0
600,3,10,150,43,0.13574631165894233
601,3,10,150,43,0.16591976450664017
602,3,10,150,43,0.041278922835426404
603,3,10,150,43,0.12541207695631323
604,3,10,150,43,0.0
605,3,10,150,43,0.15609052988441216
606,3,10,150,43,0.3910310372551101
607,3,10,150,43,0.0
608,3,10,150,43,0.2428467220381237
609,3,10,150,43,0.0
610,3,10,150,43,0.08443863559321411
611,3,10,150,43,0.0
612,3,10,150,43,0.09162544430476362
613,3,10,150,43,0.1652462050665711
614,3,10,150,43,0.1467868763787456
615,3,10,150,43,0.10737689423316772
616,3,10,150,43,0.030480958763669998
617,3,10,150,43,0.020730875129846955
618,3,10,150,43,0.08588158452695606
619,3,10,150,43,0.12242017899296952
620,3,10,150,43,0.1717765398347941
621,3,10,150,43,0.10933332611688167
622,3,10,150,43,0.23793016940799813
623,3,10,150,43,0.04214302778527282
624,3,10,150,43,0.023208480901858466
625,3,10,150,43,0.06776613757866759
626,3,10,150,43,0.0
627,3,10,150,43,0.14756322954869028
628,3,10,150,43,0.0
629,3,10,150,43,0.2614382468048275
630,3,10,150,43,0.10834532177911152
631,3,10,150,43,0.13449792459172438
632,3,10,150,43,0.03799474229253141
633,3,10,150,43,0.050456115328747164
634,3,10,150,43,0.11458997406821057
635,3,10,150,43,0.0
636,3,10,150,43,0.3615974840572412
637,3,10,150,43,0.0
638,3,10,150,43,0.05152901435389809
639,3,10,150,43,0.0
640,3,10,150,43,0.15098480924182853
641,3,10,150,43,0.051358492238643604
642,3,10,150,43,0.34094559265734037
643,3,10,150,43,0.3307835315473558
644,3,10,150,43,0.0
645,3,10,150,43,0.10218603603781864
646,3,10,150,43,0.11243817952384734
647,3,10,150,43,0.06590268968688952
648,3,10,150,43,0.29940923745248665
649,3,10,150,43,0.0
650,3,10,150,43,0.1443391658846537
651,3,10,150,43,0.0
652,3,10,150,43,0.0
653,3,10,150,43,0.14872170277068011
654,3,10,150,43,0.07698355068728395
655,3,10,150,43,0.4648307045385598
656,3,10,150,43,0.0
657,3,10,150,43,0.2504953915210566
658,3,10,150,43,0.05394323338445943
659,3,10,150,43,0.13776800493082889
660,3,10,150,43,0.0
661,3,10,150,43,0.12211731966603218
662,3,10,150,43,0.0
663,3,10,150,43,0.14408253410718438
664,3,10,150,43,0.35687936392162717
665,3,10,150,43,0.04294079226347803
666,3,10,150,43,0.1642028761456115
667,3,10,150,43,0.05347936472494627
668,3,10,150,43,0.0
669,3,10,150,43,0.19588788032265295
670,3,10,150,43,0.0
671,3,10,150,43,0.180920001968507
672,3,10,150,43,0.048159222084064895
673,3,10,150,43,0.0
674,3,10,150,43,0.0
675,3,10,150,43,0.0382580635535654
676,3,10,150,43,0.22358931366364498
677,3,10,150,43,0.0720796116407523
678,3,10,150,43,0.0
679,3,10,150,43,0.14168597692965199
680,3,10,150,43,0.0
681,3,10,150,43,0.0
682,3,10,150,43,0.3534195659138393
683,3,10,150,43,0.02677435355254797
684,3,10,150,43,0.03158850394477252
685,3,10,150,43,0.09030583455080088
686,3,10,150,43,0.10437401422295152
687,3,10,150,43,0.0
688,3,10,150,43,0.0
689,3,10,150,43,0.37279254620421465
690,3,10,150,43,0.2291064609811229
691,3,10,150,43,0.6023709850354425
692,3,10,150,43,0.03353522641880846
693,3,10,150,43,0.05845758135769763
694,3,10,150,43,0.2503565872483534
695,3,10,150,43,0.0
696,3,10,150,43,0.08111636357522063
697,3,10,150,43,0.05217810310258084
698,3,10,150,43,0.0
699,3,10,150,43,0.05588389439535587
700,3,10,150,43,0.0
701,3,10,150,43,0.0906790485156717
702,3,10,150,43,0.0
703,3,10,150,43,0.21888235022994418
704,3,10,150,43,0.16668399590164457
705,3,10,150,43,0.2096441543589579
706,3,10,150,43,0.0
707,3,10,150,43,0.28749650750318434
708,3,10,150,43,0.03476299583640518
709,3,10,150,43,0.16091462358753383
710,3,10,150,43,0.25040922491354684
711,3,10,150,43,0.2009073499853323
712,3,10,150,43,0.09811184026764977
713,3,10,150,43,0.0
714,3,10,150,43,0.09998274523051486
715,3,10,150,43,0.21055785475728364
716,3,10,150,43,0.33002527100108914
717,3,10,150,43,0.08455030681958395
718,3,10,150,43,0.0
719,3,10,150,43,0.10353175087921149
720,3,10,150,43,0.0
721,3,10,150,43,0.08792124086281765
722,3,10,150,43,0.07401896317743158
723,3,10,150,43,0.0
724,3,10,150,43,0.0
725,3,10,150,43,0.0
726,3,10,150,43,0.061080020762274374
727,3,10,150,43,0.110512033695033
728,3,10,150,43,0.0
729,3,10,150,43,0.0
730,3,10,150,43,0.0
731,3,10,150,43,0.1935015812983906
732,3,10,150,43,0.05717828980196049
733,3,10,150,43,0.020730875129846955
734,3,10,150,43,0.08131766139183766
735,3,10,150,43,0.08151055815578559
736,3,10,150,43,0.047009109882897075
737,3,10,150,43,0.12127716502890909
738,3,10,150,43,0.11271625424298233
739,3,10,150,43,0.18767092572990207
740,3,10,150,43,0.0523780734795101
741,3,10,150,43,0.05908892019155974
742,3,10,150,43,0.0527075128660253
743,3,10,150,43,0.1194783875505714
744,3,10,150,43,0.0
745,3,10,150,43,0.06774344219296054
746,3,10,150,43,0.24124954544361757
747,3,10,150,43,0.18821645591153227
748,3,10,150,43,0.04132344798443041
749,3,10,150,43,0.38666407299741457
750,3,10,150,43,0.14638890940448515
751,3,10,150,43,0.037320163931495814
752,3,10,150,43,0.054979646329242064
753,3,10,150,43,0.04072612696308379
754,3,10,150,43,0.0
755,3,10,150,43,0.0
756,3,10,150,43,0.044143057780823704
757,3,10,150,43,0.10340890293235852
758,3,10,150,43,0.2299499500581503
759,3,10,150,43,0.0
760,3,10,150,43,0.16006374561654185
761,3,10,150,43,0.17663858756688974
762,3,10,150,43,0.0
763,3,10,150,43,0.07485420266316953
764,3,10,150,43,0.024619085952596504
765,3,10,150,43,0.0
766,3,10,150,43,0.04160645083068086
767,3,10,150,43,0.1269544353559099
768,3,10,150,43,0.05059568297461706
769,3,10,150,43,0.0
770,3,10,150,43,0.18348359547343202
771,3,10,150,43,0.02778871948897756
772,3,10,150,43,0.0
773,3,10,150,43,0.14052732258781897
774,3,10,150,43,0.0
775,3,10,150,43,0.0
776,3,10,150,43,0.0
777,3,10,150,43,0.0
778,3,10,150,43,0.08961728720334347
779,3,10,150,43,0.0
780,3,10,150,43,0.12311997034702767
781,3,10,150,43,0.12572447169101508
782,3,10,150,43,0.0
783,3,10,150,43,0.0
784,3,10,150,43,0.04582425041433568
785,3,10,150,43,0.2848262604068979
786,3,10,150,43,0.12055956650133608
787,3,10,150,43,0.0
788,3,10,150,43,0.0564966070223422
789,3,10,150,43,0.14531023848228133
790,3,10,150,43,0.0756556430936577
791,3,10,150,43,0.059480024314918285
792,3,10,150,43,0.059109628562248356
793,3,10,150,43,0.11843263243420837
794,3,10,150,43,0.1578863001786244
795,3,10,150,43,0.06886690743551852
796,3,10,150,43,0.10521904517584707
797,3,10,150,43,0.13905617951077562
798,3,10,150,43,0.0
799,3,10,150,43,0.2836929289153804
800,3,10,150,43,0.0
801,3,10,150,43,0.0
802,3,10,150,43,0.05621908976192367
803,3,10,150,43,0.0
804,3,10,150,43,0.29332661383319864
805,3,10,150,43,0.14859247634594155
806,3,10,150,43,0.06379369995120096
807,3,10,150,43,0.17160454114393403
808,3,10,150,43,0.0
809,3,10,150,43,0.0
810,3,10,150,43,0.0
811,3,10,150,43,0.0
812,3,10,150,43,0.11600766930798434
813,3,10,150,43,0.0
814,3,10,150,43,0.0
815,3,10,150,43,0.10380674919178415
816,3,10,150,43,0.10105367325027378
817,3,10,150,43,0.0
818,3,10,150,43,0.0
819,3,10,150,43,0.0
820,3,10,150,43,0.12262943855309168
821,3,10,150,43,0.053168340515114924
822,3,10,150,43,0.0
823,3,10,150,43,0.10148718580906937
824,3,10,150,43,0.0
825,3,10,150,43,0.16434089815347858
826,3,10,150,43,0.1104586032397152
827,3,10,150,43,0.0
828,3,10,150,43,0.0
829,3,10,150,43,0.041355644490859725
830,3,10,150,43,0.10417372903806255
831,3,10,150,43,0.04522637401768292
832,3,10,150,43,0.0
833,3,10,150,43,0.05828935682373833
834,3,10,150,43,0.0
835,3,10,150,43,0.0735972053503585
836,3,10,150,43,0.05097554749895306
837,3,10,150,43,0.05351287869030783
838,3,10,150,43,0.08633629724227374
839,3,10,150,43,0.0
840,3,10,150,43,0.07656878929530339
841,3,10,150,43,0.0
842,3,10,150,43,0.0
843,3,10,150,43,0.04209275315645388
844,3,10,150,43,0.0
845,3,10,150,43,0.0
846,3,10,150,43,0.09924548857390884
847,3,10,150,43,0.0
848,3,10,150,43,0.03618657486793958
849,3,10,150,43,0.0
850,3,10,150,43,0.06228974831361337
851,3,10,150,43,0.19821654229071958
852,3,10,150,43,0.07256783117062009
853,3,10,150,43,0.0
854,3,10,150,43,0.0
855,3,10,150,43,0.0
856,3,10,150,43,0.0
857,3,10,150,43,0.0
858,3,10,150,43,0.0
859,3,10,150,43,0.0
860,3,10,150,43,0.0
861,3,10,150,43,0.12754356661958802
862,3,10,150,43,0.0559167101555819
863,3,10,150,43,0.0
864,3,10,150,43,0.1615328695620339
865,3,10,150,43,0.0
866,3,10,150,43,0.0
867,3,10,150,43,0.13120507751234178
868,3,10,150,43,0.0
870,3,10,150,43,0.0
871,3,10,150,43,0.0
872,3,10,150,43,0.0
875,3,10,150,43,0.1395953738647505
876,3,10,150,43,0.0
877,3,10,150,43,0.0
1,3,10,150,44,0.6247579375131872
2,3,10,150,44,0.10688238502350729
3,3,10,150,44,0.0
4,3,10,150,44,0.0
5,3,10,150,44,0.0583775815185038
6,3,10,150,44,0.05340978172012693
7,3,10,150,44,0.19440272284307325
8,3,10,150,44,0.0554835367217868
9,3,10,150,44,0.0
10,3,10,150,44,0.16409920264511527
11,3,10,150,44,0.02551528631909195
12,3,10,150,44,0.0
13,3,10,150,44,0.2234449594686245
14,3,10,150,44,0.05601843521033356
15,3,10,150,44,0.0
16,3,10,150,44,0.14029495523984678
17,3,10,150,44,0.12066394366711926
18,3,10,150,44,0.15192684067562004
19,3,10,150,44,0.0
20,3,10,150,44,0.14530105135237878
21,3,10,150,44,0.03475017269886857
22,3,10,150,44,0.0641836005852075
23,3,10,150,44,0.16093766472693694
24,3,10,150,44,0.311062094929455
25,3,10,150,44,0.0
26,3,10,150,44,0.0
28,3,10,150,44,0.0
29,3,10,150,44,0.0
30,3,10,150,44,0.0979129253499678
31,3,10,150,44,0.06076546216996844
32,3,10,150,44,0.0
33,3,10,150,44,0.0
34,3,10,150,44,0.0
35,3,10,150,44,0.07108348368841133
37,3,10,150,44,0.0488929053971083
38,3,10,150,44,0.0
39,3,10,150,44,0.0
40,3,10,150,44,0.0
41,3,10,150,44,0.0
42,3,10,150,44,0.11676800180580715
43,3,10,150,44,0.23313760932547176
44,3,10,150,44,0.07698159974258616
45,3,10,150,44,0.0
46,3,10,150,44,0.14434031438272124
47,3,10,150,44,0.0
48,3,10,150,44,0.0874717141014082
49,3,10,150,44,0.08545966314334597
50,3,10,150,44,0.0
51,3,10,150,44,0.18953836965473142
52,3,10,150,44,0.04892579731758021
53,3,10,150,44,0.09546043308946733
54,3,10,150,44,0.07984133538066794
55,3,10,150,44,0.0
56,3,10,150,44,0.03975645576081676
57,3,10,150,44,0.0
58,3,10,150,44,0.10796876451088402
59,3,10,150,44,0.19247361126637058
60,3,10,150,44,0.12123807080432077
61,3,10,150,44,0.0
62,3,10,150,44,0.03806940785769845
63,3,10,150,44,0.0
64,3,10,150,44,0.0
65,3,10,150,44,0.2994759515353249
66,3,10,150,44,0.0
67,3,10,150,44,0.0
68,3,10,150,44,0.0
69,3,10,150,44,0.08005849613714276
70,3,10,150,44,0.0
71,3,10,150,44,0.07955752067133452
72,3,10,150,44,0.16084022171949366
73,3,10,150,44,0.051960280791503534
74,3,10,150,44,0.0
75,3,10,150,44,0.11731968150568911
76,3,10,150,44,0.14804398249667974
77,3,10,150,44,0.45287742747371695
78,3,10,150,44,0.0
79,3,10,150,44,0.0
80,3,10,150,44,0.08297572808511901
81,3,10,150,44,0.0
82,3,10,150,44,0.08926877557705373
83,3,10,150,44,0.04630610387058298
84,3,10,150,44,0.0
85,3,10,150,44,0.07179367977105383
86,3,10,150,44,0.07738888769495082
87,3,10,150,44,0.10058161863664324
88,3,10,150,44,0.0
89,3,10,150,44,0.22860031301980846
90,3,10,150,44,0.18932291286472155
91,3,10,150,44,0.13114221140465185
92,3,10,150,44,0.04349320601359705
93,3,10,150,44,0.0
94,3,10,150,44,0.1754865605553141
95,3,10,150,44,0.061836172422412086
96,3,10,150,44,0.1311371111653387
97,3,10,150,44,0.09558339637123096
98,3,10,150,44,0.08878770367712427
99,3,10,150,44,0.0
100,3,10,150,44,0.0892789338684584
101,3,10,150,44,0.0
102,3,10,150,44,0.026001814664123827
103,3,10,150,44,0.07673373981757839
104,3,10,150,44,0.12171451575741458
106,3,10,150,44,0.05261577455142312
107,3,10,150,44,0.0
108,3,10,150,44,0.0
109,3,10,150,44,0.07966939246366822
110,3,10,150,44,0.039667414566743345
111,3,10,150,44,0.0
112,3,10,150,44,0.06510475888148554
113,3,10,150,44,0.05449144662575446
114,3,10,150,44,0.07610811271330754
115,3,10,150,44,0.046806851959664796
116,3,10,150,44,0.055538752771150446
117,3,10,150,44,0.053589621006720926
118,3,10,150,44,0.0
119,3,10,150,44,0.034073291417269544
121,3,10,150,44,0.06245141164382474
122,3,10,150,44,0.0
123,3,10,150,44,0.46927872602275644
124,3,10,150,44,0.10889376106823218
125,3,10,150,44,0.09097808601263767
126,3,10,150,44,0.0
127,3,10,150,44,0.0
128,3,10,150,44,0.027576277569513717
129,3,10,150,44,0.0
130,3,10,150,44,0.06359766623551306
131,3,10,150,44,0.2803335894048546
132,3,10,150,44,0.09109240322345806
133,3,10,150,44,0.0
134,3,10,150,44,0.0
135,3,10,150,44,0.0
136,3,10,150,44,0.40257390286801836
137,3,10,150,44,0.0
138,3,10,150,44,0.21222747957761057
139,3,10,150,44,0.0
140,3,10,150,44,0.0
141,3,10,150,44,0.15194751309721466
142,3,10,150,44,0.30260241349881345
143,3,10,150,44,0.0
144,3,10,150,44,0.19201969646868908
145,3,10,150,44,0.048468787866413954
146,3,10,150,44,0.0
147,3,10,150,44,0.07610811271330754
148,3,10,150,44,0.042512356679180144
149,3,10,150,44,0.05446824630887794
150,3,10,150,44,0.0
151,3,10,150,44,0.13015552819736165
152,3,10,150,44,0.026230448379684728
153,3,10,150,44,0.06516188295518531
154,3,10,150,44,0.055100238151135045
155,3,10,150,44,0.0
156,3,10,150,44,0.0
157,3,10,150,44,0.0
158,3,10,150,44,0.055805240881847164
159,3,10,150,44,0.11026617795298452
160,3,10,150,44,0.0
161,3,10,150,44,0.0
162,3,10,150,44,0.0
163,3,10,150,44,0.0
164,3,10,150,44,0.0
165,3,10,150,44,0.09149012142095872
166,3,10,150,44,0.0
167,3,10,150,44,0.03395822402998728
168,3,10,150,44,0.0
169,3,10,150,44,0.055427457405235275
170,3,10,150,44,0.0
171,3,10,150,44,0.0
172,3,10,150,44,0.0
173,3,10,150,44,0.0
174,3,10,150,44,0.05481171384122219
175,3,10,150,44,0.4413254197204702
176,3,10,150,44,0.0347693136731627
177,3,10,150,44,0.0
178,3,10,150,44,0.18053947820976404
179,3,10,150,44,0.06599888514927177
180,3,10,150,44,0.0
181,3,10,150,44,0.04044069270701916
182,3,10,150,44,0.13120507751234178
183,3,10,150,44,0.0
184,3,10,150,44,0.0
185,3,10,150,44,0.0
186,3,10,150,44,0.0
187,3,10,150,44,0.2004102107997965
188,3,10,150,44,0.0
189,3,10,150,44,0.22982757951573698
190,3,10,150,44,0.0
191,3,10,150,44,0.07335312372354855
192,3,10,150,44,0.0
193,3,10,150,44,0.0
194,3,10,150,44,0.03511240359718155
195,3,10,150,44,0.061734604266276284
196,3,10,150,44,0.17342765698823945
197,3,10,150,44,0.07304192939088519
198,3,10,150,44,0.10387325901274824
199,3,10,150,44,0.0
200,3,10,150,44,0.055179303887787655
201,3,10,150,44,0.18987379927822617
202,3,10,150,44,0.0
203,3,10,150,44,0.0
204,3,10,150,44,0.0
205,3,10,150,44,0.11600766930798434
206,3,10,150,44,0.0
207,3,10,150,44,0.04898947700845391
208,3,10,150,44,0.0
209,3,10,150,44,0.0
210,3,10,150,44,0.0
211,3,10,150,44,0.0
212,3,10,150,44,0.0559167101555819
213,3,10,150,44,0.08985507164305877
214,3,10,150,44,0.1257260924843343
215,3,10,150,44,0.157288596461893
216,3,10,150,44,0.27735230728218535
217,3,10,150,44,0.13000004444613666
218,3,10,150,44,0.06323567569191428
219,3,10,150,44,0.0
220,3,10,150,44,0.07807600999842033
221,3,10,150,44,0.09964173287591703
222,3,10,150,44,0.1618191834479315
223,3,10,150,44,0.039270700903099615
224,3,10,150,44,0.0
225,3,10,150,44,0.0
226,3,10,150,44,0.0
227,3,10,150,44,0.0
229,3,10,150,44,0.0
230,3,10,150,44,0.10228729060357176
231,3,10,150,44,0.0
232,3,10,150,44,0.0
233,3,10,150,44,0.15206723475089307
234,3,10,150,44,0.10900235135339295
235,3,10,150,44,0.08312042273022706
236,3,10,150,44,0.12127042983235181
237,3,10,150,44,0.0
238,3,10,150,44,0.0
239,3,10,150,44,0.12691627784085696
240,3,10,150,44,0.10235170428306553
241,3,10,150,44,0.1381300260171807
242,3,10,150,44,0.0
243,3,10,150,44,0.0
244,3,10,150,44,0.1324362264265921
245,3,10,150,44,0.0
246,3,10,150,44,0.08356426880363813
247,3,10,150,44,0.15642624200758548
248,3,10,150,44,0.23451355966072135
249,3,10,150,44,0.2766902291011919
250,3,10,150,44,0.07806699296748765
251,3,10,150,44,0.0
252,3,10,150,44,0.0
253,3,10,150,44,0.0
254,3,10,150,44,0.036502603141236205
255,3,10,150,44,0.07910544779148235
256,3,10,150,44,0.027736288621349494
257,3,10,150,44,0.12830873359117523
258,3,10,150,44,0.0
259,3,10,150,44,0.0
260,3,10,150,44,0.0
261,3,10,150,44,0.0
262,3,10,150,44,0.0
263,3,10,150,44,0.32837769821077345
264,3,10,150,44,0.2969281197911131
265,3,10,150,44,0.19802572813668026
266,3,10,150,44,0.0
267,3,10,150,44,0.21076490690365068
268,3,10,150,44,0.11969642903012406
269,3,10,150,44,0.040019695500760184
270,3,10,150,44,0.0
271,3,10,150,44,0.10729393508609222
272,3,10,150,44,0.0
273,3,10,150,44,0.0
274,3,10,150,44,0.0
275,3,10,150,44,0.0
276,3,10,150,44,0.2542779411117829
277,3,10,150,44,0.0
278,3,10,150,44,0.0
279,3,10,150,44,0.13327017659621437
280,3,10,150,44,0.07316593591075989
281,3,10,150,44,0.0
282,3,10,150,44,0.09659953929285248
283,3,10,150,44,0.0
284,3,10,150,44,0.0
285,3,10,150,44,0.0
286,3,10,150,44,0.0
287,3,10,150,44,0.0
288,3,10,150,44,0.13999259891013252
289,3,10,150,44,0.0
290,3,10,150,44,0.09647783930421741
291,3,10,150,44,0.16709444075401145
292,3,10,150,44,0.27665227928348557
293,3,10,150,44,0.030120611602334917
294,3,10,150,44,0.052007328240412425
295,3,10,150,44,0.12123998403830039
296,3,10,150,44,0.1313923743616208
297,3,10,150,44,0.030868393892711742
298,3,10,150,44,0.08895829092601172
299,3,10,150,44,0.06251231174305825
300,3,10,150,44,0.0
301,3,10,150,44,0.1296575124303738
302,3,10,150,44,0.07335312372354855
303,3,10,150,44,0.22799348195245228
304,3,10,150,44,0.0
305,3,10,150,44,0.05428021340641747
306,3,10,150,44,0.0
307,3,10,150,44,0.13128644747266613
308,3,10,150,44,0.036417685553394495
309,3,10,150,44,0.0
310,3,10,150,44,0.2890648263178879
311,3,10,150,44,0.15557654226734
312,3,10,150,44,0.12252303129650513
313,3,10,150,44,0.09586943528179451
314,3,10,150,44,0.10507089418815024
315,3,10,150,44,0.09785159463516042
316,3,10,150,44,0.06076546216996844
317,3,10,150,44,0.0
318,3,10,150,44,0.052310015648999494
319,3,10,150,44,0.0
320,3,10,150,44,0.08947300054212491
321,3,10,150,44,0.08223795175588802
322,3,10,150,44,0.07955752067133452
323,3,10,150,44,0.12229181918924699
324,3,10,150,44,0.0
325,3,10,150,44,0.0
326,3,10,150,44,0.10817904857938596
327,3,10,150,44,0.0
328,3,10,150,44,0.11126818073657672
329,3,10,150,44,0.056720838976548935
330,3,10,150,44,0.3028509129070748
331,3,10,150,44,0.0
332,3,10,150,44,0.062485704801737485
333,3,10,150,44,0.0
334,3,10,150,44,0.12097693279059481
335,3,10,150,44,0.0
336,3,10,150,44,0.0
337,3,10,150,44,0.09992090652113537
338,3,10,150,44,0.04358896759704514
339,3,10,150,44,0.145767359678607
340,3,10,150,44,0.12647135138382856
341,3,10,150,44,0.0
342,3,10,150,44,0.10109476984709632
343,3,10,150,44,0.30114584283039375
344,3,10,150,44,0.13804010954782428
345,3,10,150,44,0.1302817386077542
346,3,10,150,44,0.10809528579756168
347,3,10,150,44,0.0758661828869556
348,3,10,150,44,0.0
349,3,10,150,44,0.07123530534387781
350,3,10,150,44,0.19585797115043785
351,3,10,150,44,0.0
352,3,10,150,44,0.16282653392890226
353,3,10,150,44,0.09489642549953911
354,3,10,150,44,0.016991393323800768
355,3,10,150,44,0.0
356,3,10,150,44,0.0
357,3,10,150,44,0.0
358,3,10,150,44,0.26730206653594746
359,3,10,150,44,0.0749368547125808
360,3,10,150,44,0.10496459329418281
361,3,10,150,44,0.0
362,3,10,150,44,0.0
363,3,10,150,44,0.20092270364210732
364,3,10,150,44,0.0
365,3,10,150,44,0.0989084497079971
366,3,10,150,44,0.10684080426179023
367,3,10,150,44,0.1410054764628891
368,3,10,150,44,0.0
369,3,10,150,44,0.0
370,3,10,150,44,0.045683428159663184
371,3,10,150,44,0.09892739847751293
372,3,10,150,44,0.10673919722548196
373,3,10,150,44,0.16523121751512232
374,3,10,150,44,0.15928450214931084
375,3,10,150,44,0.0
376,3,10,150,44,0.0
377,3,10,150,44,0.053168340515114924
378,3,10,150,44,0.07327298464059943
379,3,10,150,44,0.13557533657177168
380,3,10,150,44,0.0
381,3,10,150,44,0.08294243278442993
382,3,10,150,44,0.07847428227110642
383,3,10,150,44,0.0
384,3,10,150,44,0.08759200575528697
385,3,10,150,44,0.1546778125427113
386,3,10,150,44,0.0
387,3,10,150,44,0.041038194834440524
388,3,10,150,44,0.0
389,3,10,150,44,0.13478888653954635
390,3,10,150,44,0.21398626473452756
391,3,10,150,44,0.2558645268575362
392,3,10,150,44,0.06327372362257774
393,3,10,150,44,0.1358196706488353
394,3,10,150,44,0.12900206501129066
395,3,10,150,44,0.09286934188709499
396,3,10,150,44,0.0
397,3,10,150,44,0.08251968427067649
398,3,10,150,44,0.08837411343996615
399,3,10,150,44,0.0
400,3,10,150,44,0.0
401,3,10,150,44,0.0
402,3,10,150,44,0.469779625693621
403,3,10,150,44,0.0
404,3,10,150,44,0.0
405,3,10,150,44,0.25457244688816116
406,3,10,150,44,0.1805754213757183
407,3,10,150,44,0.08009275527338665
408,3,10,150,44,0.12083071655728543
409,3,10,150,44,0.13530747380914224
410,3,10,150,44,0.0
411,3,10,150,44,0.1128999930808451
412,3,10,150,44,0.0
413,3,10,150,44,0.10122860821230018
414,3,10,150,44,0.0
415,3,10,150,44,0.07605458145297357
416,3,10,150,44,0.2929439262197023
417,3,10,150,44,0.07858538899916581
418,3,10,150,44,0.07001560573318603
419,3,10,150,44,0.2098021491169666
420,3,10,150,44,0.0527075128660253
421,3,10,150,44,0.202729931306865
422,3,10,150,44,0.0
423,3,10,150,44,0.0
424,3,10,150,44,0.13291000263869587
425,3,10,150,44,0.0
426,3,10,150,44,0.10004388309532918
427,3,10,150,44,0.0
428,3,10,150,44,0.0
429,3,10,150,44,0.19083588601251217
430,3,10,150,44,0.062242588308449316
431,3,10,150,44,0.0
432,3,10,150,44,0.0
433,3,10,150,44,0.0
434,3,10,150,44,0.2247819585714142
435,3,10,150,44,0.2981928279093805
436,3,10,150,44,0.09291494561763272
437,3,10,150,44,0.052688836488373025
438,3,10,150,44,0.0
439,3,10,150,44,0.0
440,3,10,150,44,0.07261318787584015
441,3,10,150,44,0.0
442,3,10,150,44,0.058478916078390675
443,3,10,150,44,0.056720838976548935
444,3,10,150,44,0.19519002499605084
445,3,10,150,44,0.0
446,3,10,150,44,0.0
447,3,10,150,44,0.09914294517496557
448,3,10,150,44,0.0
449,3,10,150,44,0.0
450,3,10,150,44,0.3611417268568199
451,3,10,150,44,0.0
452,3,10,150,44,0.053981391028414795
453,3,10,150,44,0.13392124957971085
454,3,10,150,44,0.0
455,3,10,150,44,0.1760702282199838
456,3,10,150,44,0.1310721461718714
457,3,10,150,44,0.5135904775407506
458,3,10,150,44,0.13509562099626882
459,3,10,150,44,0.04901586605894737
460,3,10,150,44,0.0
461,3,10,150,44,0.10778915452451093
462,3,10,150,44,0.16728714615527887
463,3,10,150,44,0.1032589365938857
464,3,10,150,44,0.04931346192675315
465,3,10,150,44,0.0733934381893728
466,3,10,150,44,0.0750834162528243
467,3,10,150,44,0.032842167909375275
468,3,10,150,44,0.4424763580282471
469,3,10,150,44,0.050924439617225085
470,3,10,150,44,0.040162930685297936
471,3,10,150,44,0.0
472,3,10,150,44,0.3324970161380398
473,3,10,150,44,0.050005013043213774
474,3,10,150,44,0.39481204173405776
475,3,10,150,44,0.0
476,3,10,150,44,0.12097589732794561
477,3,10,150,44,0.0
478,3,10,150,44,0.2059565668593519
479,3,10,150,44,0.08491304256202607
480,3,10,150,44,0.0881980292211471
481,3,10,150,44,0.0
482,3,10,150,44,0.10209739512291163
483,3,10,150,44,0.06194403202282284
484,3,10,150,44,0.26052525606915383
485,3,10,150,44,0.0
486,3,10,150,44,0.06108300840136219
487,3,10,150,44,0.1113888984558863
488,3,10,150,44,0.05887472794707303
489,3,10,150,44,0.0
490,3,10,150,44,0.06490403551612171
491,3,10,150,44,0.17758207479178334
492,3,10,150,44,0.08328180879069912
493,3,10,150,44,0.2029686617027332
494,3,10,150,44,0.11299367690705851
495,3,10,150,44,0.12181749183639597
496,3,10,150,44,0.07271211160102074
497,3,10,150,44,0.032711982171350594
498,3,10,150,44,0.0343217267714905
499,3,10,150,44,0.07949576586393835
500,3,10,150,44,0.055379574526823745
501,3,10,150,44,0.0
502,3,10,150,44,0.0
503,3,10,150,44,0.24770305779224014
504,3,10,150,44,0.07712874097394377
505,3,10,150,44,0.025255271126572616
506,3,10,150,44,0.16554567799531705
507,3,10,150,44,0.0
508,3,10,150,44,0.17050987036516796
509,3,10,150,44,0.0
510,3,10,150,44,0.17032928501352598
511,3,10,150,44,0.12155021559723776
512,3,10,150,44,0.0
513,3,10,150,44,0.05276490902632437
514,3,10,150,44,0.24595463539029633
515,3,10,150,44,0.0
516,3,10,150,44,0.07947838320659593
517,3,10,150,44,0.03859643636257609
518,3,10,150,44,0.05268083714989503
519,3,10,150,44,0.0
520,3,10,150,44,0.0
521,3,10,150,44,0.0845592472372003
522,3,10,150,44,0.16542389351858164
523,3,10,150,44,0.14958239437556436
524,3,10,150,44,0.061129209771636994
525,3,10,150,44,0.06516045994396072
526,3,10,150,44,0.03112959369469351
527,3,10,150,44,0.17926724815446612
528,3,10,150,44,0.1255942414278791
529,3,10,150,44,0.0
530,3,10,150,44,0.0
531,3,10,150,44,0.0
532,3,10,150,44,0.1947644045090227
533,3,10,150,44,0.18170075911231123
534,3,10,150,44,0.07661469829347552
535,3,10,150,44,0.2693848283954917
536,3,10,150,44,0.16053535294219837
537,3,10,150,44,0.3938602478918048
538,3,10,150,44,0.09944592215223559
539,3,10,150,44,0.024325165853816375
540,3,10,150,44,0.0
541,3,10,150,44,0.06337469398538446
542,3,10,150,44,0.04294079226347803
543,3,10,150,44,0.0
544,3,10,150,44,0.0
545,3,10,150,44,0.18943406248641018
546,3,10,150,44,0.07963179480490382
547,3,10,150,44,0.0
548,3,10,150,44,0.08009275527338665
549,3,10,150,44,0.10184659627402569
550,3,10,150,44,0.0845667599404342
551,3,10,150,44,0.2453952431584004
552,3,10,150,44,0.0
553,3,10,150,44,0.09570787878815254
554,3,10,150,44,0.0
555,3,10,150,44,0.037070343480771185
556,3,10,150,44,0.2436420788359897
557,3,10,150,44,0.044530079137671444
558,3,10,150,44,0.21398626473452756
559,3,10,150,44,0.07557866567222271
560,3,10,150,44,0.11942337490935596
561,3,10,150,44,0.0973903762856165
562,3,10,150,44,0.0900117306380905
563,3,10,150,44,0.10791970824616881
564,3,10,150,44,0.0
565,3,10,150,44,0.14337418847532693
566,3,10,150,44,0.11935234359120704
567,3,10,150,44,0.3697557244167823
568,3,10,150,44,0.07161318866452264
569,3,10,150,44,0.023835426911994775
570,3,10,150,44,0.0
571,3,10,150,44,0.0512644431393966
572,3,10,150,44,0.30260241349881345
573,3,10,150,44,0.0
574,3,10,150,44,0.0
575,3,10,150,44,0.13043262693172047
576,3,10,150,44,0.0
577,3,10,150,44,0.2174126412746248
578,3,10,150,44,0.0
579,3,10,150,44,0.06152644703210656
580,3,10,150,44,0.03144137376097698
581,3,10,150,44,0.0
582,3,10,150,44,0.06679511870650716
583,3,10,150,44,0.0874717141014082
584,3,10,150,44,0.20261715588288354
585,3,10,150,44,0.042225550968526857
586,3,10,150,44,0.08950806628446287
587,3,10,150,44,0.0
588,3,10,150,44,0.251320135140865
589,3,10,150,44,0.0
590,3,10,150,44,0.17154483744357613
591,3,10,150,44,0.08651464973019597
592,3,10,150,44,0.339956353785399
593,3,10,150,44,0.11821515545258168
594,3,10,150,44,0.0
595,3,10,150,44,0.039821499536505725
596,3,10,150,44,0.09803928583135704
597,3,10,150,44,0.0
598,3,10,150,44,0.0
599,3,10,150,44,0.02506539947940475
600,3,10,150,44,0.13574631165894233
601,3,10,150,44,0.16336506208791896
602,3,10,150,44,0.041278922835426404
603,3,10,150,44,0.12541207695631323
604,3,10,150,44,0.0
605,3,10,150,44,0.15368717031226653
606,3,10,150,44,0.38501024799205213
607,3,10,150,44,0.0
608,3,10,150,44,0.23910755865385744
609,3,10,150,44,0.0
610,3,10,150,44,0.08443863559321411
611,3,10,150,44,0.0
612,3,10,150,44,0.09162544430476362
613,3,10,150,44,0.1652462050665711
614,3,10,150,44,0.1467868763787456
615,3,10,150,44,0.10737689423316772
616,3,10,150,44,0.030480958763669998
617,3,10,150,44,0.020730875129846955
618,3,10,150,44,0.0845592472372003
619,3,10,150,44,0.12053524907938404
620,3,10,150,44,0.1717765398347941
621,3,10,150,44,0.10764989730110333
622,3,10,150,44,0.23426670724554408
623,3,10,150,44,0.04214302778527282
624,3,10,150,44,0.022851134913144444
625,3,10,150,44,0.06672272773479279
626,3,10,150,44,0.0
627,3,10,150,44,0.1452911666599603
628,3,10,150,44,0.0
629,3,10,150,44,0.25741282570177504
630,3,10,150,44,0.10834532177911152
631,3,10,150,44,0.13449792459172438
632,3,10,150,44,0.05388267057097896
633,3,10,150,44,0.050456115328747164
634,3,10,150,44,0.11282560750956866
635,3,10,150,44,0.0
636,3,10,150,44,0.3615974840572412
637,3,10,150,44,0.015397215794740229
638,3,10,150,44,0.05152901435389809
639,3,10,150,44,0.0
640,3,10,150,44,0.1486600635522044
641,3,10,150,44,0.051358492238643604
642,3,10,150,44,0.3356959797929297
643,3,10,150,44,0.32569038613077494
644,3,10,150,44,0.0
645,3,10,150,44,0.10218603603781864
646,3,10,150,44,0.11243817952384734
647,3,10,150,44,0.06590268968688952
648,3,10,150,44,0.3101963846072323
649,3,10,150,44,0.0
650,3,10,150,44,0.14211674459989487
651,3,10,150,44,0.0
652,3,10,150,44,0.0
653,3,10,150,44,0.14643180261975872
654,3,10,150,44,0.07579821834470651
655,3,10,150,44,0.45767360587275846
656,3,10,150,44,0.0
657,3,10,150,44,0.2504953915210566
658,3,10,150,44,0.069831161662907
659,3,10,150,44,0.13564676122929809
660,3,10,150,44,0.0
661,3,10,150,44,0.13563426873759923
662,3,10,150,44,0.0
663,3,10,150,44,0.14186406423728304
664,3,10,150,44,0.35138441534263626
665,3,10,150,44,0.04227962361860015
666,3,10,150,44,0.16167460902748051
667,3,10,150,44,0.05347936472494627
668,3,10,150,44,0.0
669,3,10,150,44,0.19588788032265295
670,3,10,150,44,0.0
671,3,10,150,44,0.1935315534513533
672,3,10,150,44,0.048159222084064895
673,3,10,150,44,0.0
674,3,10,150,44,0.0
675,3,10,150,44,0.0382580635535654
676,3,10,150,44,0.22358931366364498
677,3,10,150,44,0.0720796116407523
678,3,10,150,44,0.0
679,3,10,150,44,0.14168597692965199
680,3,10,150,44,0.0
681,3,10,150,44,0.0
682,3,10,150,44,0.34797788859138046
683,3,10,150,44,0.02677435355254797
684,3,10,150,44,0.03158850394477252
685,3,10,150,44,0.09030583455080088
686,3,10,150,44,0.10437401422295152
687,3,10,150,44,0.0
688,3,10,150,44,0.0
689,3,10,150,44,0.37279254620421465
690,3,10,150,44,0.24097607515616756
691,3,10,150,44,0.6023709850354425
692,3,10,150,44,0.03353522641880846
693,3,10,150,44,0.057557497362694575
694,3,10,150,44,0.24650179284885582
695,3,10,150,44,0.0
696,3,10,150,44,0.08111636357522063
697,3,10,150,44,0.06832568397816181
698,3,10,150,44,0.0
699,3,10,150,44,0.055023438013900104
700,3,10,150,44,0.0
701,3,10,150,44,0.0906790485156717
702,3,10,150,44,0.0
703,3,10,150,44,0.21888235022994418
704,3,10,150,44,0.16668399590164457
705,3,10,150,44,0.2064162180741872
706,3,10,150,44,0.0
707,3,10,150,44,0.28306986173692367
708,3,10,150,44,0.03476299583640518
709,3,10,150,44,0.1584369864036272
710,3,10,150,44,0.25040922491354684
711,3,10,150,44,0.21321115195759896
712,3,10,150,44,0.09660119109102969
713,3,10,150,44,0.0
714,3,10,150,44,0.09998274523051486
715,3,10,150,44,0.20731585003030817
716,3,10,150,44,0.3249438006857677
717,3,10,150,44,0.08455030681958395
718,3,10,150,44,0.0
719,3,10,150,44,0.10353175087921149
720,3,10,150,44,0.0
721,3,10,150,44,0.0865674985443115
722,3,10,150,44,0.07401896317743158
723,3,10,150,44,0.0
724,3,10,150,44,0.0
725,3,10,150,44,0.0
726,3,10,150,44,0.061080020762274374
727,3,10,150,44,0.10881045606431498
728,3,10,150,44,0.0
729,3,10,150,44,0.0
730,3,10,150,44,0.0
731,3,10,150,44,0.1935015812983906
732,3,10,150,44,0.05717828980196049
733,3,10,150,44,0.020730875129846955
734,3,10,150,44,0.08131766139183766
735,3,10,150,44,0.08151055815578559
736,3,10,150,44,0.047009109882897075
737,3,10,150,44,0.12127716502890909
738,3,10,150,44,0.11098073775282834
739,3,10,150,44,0.18767092572990207
740,3,10,150,44,0.0523780734795101
741,3,10,150,44,0.05908892019155974
742,3,10,150,44,0.0527075128660253
743,3,10,150,44,0.1194783875505714
744,3,10,150,44,0.0
745,3,10,150,44,0.06774344219296054
746,3,10,150,44,0.24124954544361757
747,3,10,150,44,0.18531844652374121
748,3,10,150,44,0.04132344798443041
749,3,10,150,44,0.3807105228254002
750,3,10,150,44,0.14638890940448515
751,3,10,150,44,0.052142753108687726
752,3,10,150,44,0.054979646329242064
753,3,10,150,44,0.04072612696308379
754,3,10,150,44,0.0
755,3,10,150,44,0.0
756,3,10,150,44,0.044143057780823704
757,3,10,150,44,0.10181669373881165
758,3,10,150,44,0.22640936105511525
759,3,10,150,44,0.0
760,3,10,150,44,0.16006374561654185
761,3,10,150,44,0.17663858756688974
762,3,10,150,44,0.0
763,3,10,150,44,0.07485420266316953
764,3,10,150,44,0.024619085952596504
765,3,10,150,44,0.0
766,3,10,150,44,0.04096582732878762
767,3,10,150,44,0.1269544353559099
768,3,10,150,44,0.05059568297461706
769,3,10,150,44,0.0
770,3,10,150,44,0.18348359547343202
771,3,10,150,44,0.02778871948897756
772,3,10,150,44,0.0
773,3,10,150,44,0.14052732258781897
774,3,10,150,44,0.0
775,3,10,150,44,0.0
776,3,10,150,44,0.0
777,3,10,150,44,0.0
778,3,10,150,44,0.08961728720334347
779,3,10,150,44,0.0
780,3,10,150,44,0.12311997034702767
781,3,10,150,44,0.12572447169101508
782,3,10,150,44,0.0
783,3,10,150,44,0.0
784,3,10,150,44,0.04582425041433568
785,3,10,150,44,0.2848262604068979
786,3,10,150,44,0.12055956650133608
787,3,10,150,44,0.0
788,3,10,150,44,0.055626716572348564
789,3,10,150,44,0.14531023848228133
790,3,10,150,44,0.0744907568308548
791,3,10,150,44,0.059480024314918285
792,3,10,150,44,0.059109628562248356
793,3,10,150,44,0.11843263243420837
794,3,10,150,44,0.1578863001786244
795,3,10,150,44,0.06886690743551852
796,3,10,150,44,0.10359896483155803
797,3,10,150,44,0.13905617951077562
798,3,10,150,44,0.0
799,3,10,150,44,0.2836929289153804
800,3,10,150,44,0.0
801,3,10,150,44,0.0
802,3,10,150,44,0.05621908976192367
803,3,10,150,44,0.0
804,3,10,150,44,0.28881020066166846
805,3,10,150,44,0.14630456592216826
806,3,10,150,44,0.06379369995120096
807,3,10,150,44,0.17160454114393403
808,3,10,150,44,0.0
809,3,10,150,44,0.0
810,3,10,150,44,0.0
811,3,10,150,44,0.0
812,3,10,150,44,0.11600766930798434
813,3,10,150,44,0.0
814,3,10,150,44,0.0
815,3,10,150,44,0.10380674919178415
816,3,10,150,44,0.10105367325027378
817,3,10,150,44,0.0
818,3,10,150,44,0.0
819,3,10,150,44,0.0
820,3,10,150,44,0.12262943855309168
821,3,10,150,44,0.053168340515114924
822,3,10,150,44,0.0
823,3,10,150,44,0.10148718580906937
824,3,10,150,44,0.0
825,3,10,150,44,0.16434089815347858
826,3,10,150,44,0.1104586032397152
827,3,10,150,44,0.0
828,3,10,150,44,0.0
829,3,10,150,44,0.08143169212679746
830,3,10,150,44,0.13003750163762204
831,3,10,150,44,0.04522637401768292
832,3,10,150,44,0.0
833,3,10,150,44,0.05828935682373833
834,3,10,150,44,0.0
835,3,10,150,44,0.0735972053503585
836,3,10,150,44,0.05097554749895306
837,3,10,150,44,0.05351287869030783
838,3,10,150,44,0.08633629724227374
839,3,10,150,44,0.0
840,3,10,150,44,0.10243256189486287
841,3,10,150,44,0.0
842,3,10,150,44,0.0
843,3,10,150,44,0.04209275315645388
844,3,10,150,44,0.0
845,3,10,150,44,0.0
846,3,10,150,44,0.09924548857390884
847,3,10,150,44,0.0
848,3,10,150,44,0.03618657486793958
849,3,10,150,44,0.0
850,3,10,150,44,0.06228974831361337
851,3,10,150,44,0.19821654229071958
852,3,10,150,44,0.07256783117062009
853,3,10,150,44,0.0
854,3,10,150,44,0.0
855,3,10,150,44,0.0
856,3,10,150,44,0.0
857,3,10,150,44,0.0
858,3,10,150,44,0.0
859,3,10,150,44,0.0
860,3,10,150,44,0.0
861,3,10,150,44,0.12754356661958802
862,3,10,150,44,0.0559167101555819
863,3,10,150,44,0.0
864,3,10,150,44,0.1615328695620339
865,3,10,150,44,0.0
866,3,10,150,44,0.0
867,3,10,150,44,0.13120507751234178
868,3,10,150,44,0.0
870,3,10,150,44,0.0
871,3,10,150,44,0.0
872,3,10,150,44,0.0
875,3,10,150,44,0.1395953738647505
876,3,10,150,44,0.0
877,3,10,150,44,0.0
1,3,10,150,45,0.6247579375131872
2,3,10,150,45,0.10688238502350729
3,3,10,150,45,0.0
4,3,10,150,45,0.0
5,3,10,150,45,0.0583775815185038
6,3,10,150,45,0.05340978172012693
7,3,10,150,45,0.19147151873592658
8,3,10,150,45,0.0554835367217868
9,3,10,150,45,0.0
10,3,10,150,45,0.16409920264511527
11,3,10,150,45,0.049016076581777215
12,3,10,150,45,0.0
13,3,10,150,45,0.22007585653973005
14,3,10,150,45,0.05601843521033356
15,3,10,150,45,0.0
16,3,10,150,45,0.14029495523984678
17,3,10,150,45,0.12066394366711926
18,3,10,150,45,0.15192684067562004
19,3,10,150,45,0.0
20,3,10,150,45,0.14530105135237878
21,3,10,150,45,0.03475017269886857
22,3,10,150,45,0.0641836005852075
23,3,10,150,45,0.16093766472693694
24,3,10,150,45,0.311062094929455
25,3,10,150,45,0.0
26,3,10,150,45,0.0
28,3,10,150,45,0.0
29,3,10,150,45,0.0
30,3,10,150,45,0.0979129253499678
31,3,10,150,45,0.06076546216996844
32,3,10,150,45,0.0
33,3,10,150,45,0.0
34,3,10,150,45,0.0
35,3,10,150,45,0.07108348368841133
37,3,10,150,45,0.0488929053971083
38,3,10,150,45,0.0
39,3,10,150,45,0.0
40,3,10,150,45,0.0
41,3,10,150,45,0.0
42,3,10,150,45,0.11676800180580715
43,3,10,150,45,0.23313760932547176
44,3,10,150,45,0.07698159974258616
45,3,10,150,45,0.0
46,3,10,150,45,0.14434031438272124
47,3,10,150,45,0.0
48,3,10,150,45,0.14225564083314088
49,3,10,150,45,0.08545966314334597
50,3,10,150,45,0.0
51,3,10,150,45,0.18953836965473142
52,3,10,150,45,0.04892579731758021
53,3,10,150,45,0.09546043308946733
54,3,10,150,45,0.07984133538066794
55,3,10,150,45,0.0
56,3,10,150,45,0.03975645576081676
57,3,10,150,45,0.0
58,3,10,150,45,0.10796876451088402
59,3,10,150,45,0.18957149430210998
60,3,10,150,45,0.12123807080432077
61,3,10,150,45,0.0
62,3,10,150,45,0.03806940785769845
63,3,10,150,45,0.03554915059547175
64,3,10,150,45,0.0
65,3,10,150,45,0.2994759515353249
66,3,10,150,45,0.0
67,3,10,150,45,0.0
68,3,10,150,45,0.0
69,3,10,150,45,0.08005849613714276
70,3,10,150,45,0.0
71,3,10,150,45,0.07955752067133452
72,3,10,150,45,0.16084022171949366
73,3,10,150,45,0.051960280791503534
74,3,10,150,45,0.0
75,3,10,150,45,0.11731968150568911
76,3,10,150,45,0.14804398249667974
77,3,10,150,45,0.45287742747371695
78,3,10,150,45,0.0
79,3,10,150,45,0.0
80,3,10,150,45,0.08297572808511901
81,3,10,150,45,0.0
82,3,10,150,45,0.08926877557705373
83,3,10,150,45,0.04630610387058298
84,3,10,150,45,0.0
85,3,10,150,45,0.07071117472207897
86,3,10,150,45,0.07738888769495082
87,3,10,150,45,0.10058161863664324
88,3,10,150,45,0.0
89,3,10,150,45,0.22860031301980846
90,3,10,150,45,0.18646830212856427
91,3,10,150,45,0.13114221140465185
92,3,10,150,45,0.0428374154864091
93,3,10,150,45,0.0
94,3,10,150,45,0.1728405743287528
95,3,10,150,45,0.061836172422412086
96,3,10,150,45,0.1311371111653387
97,3,10,150,45,0.09558339637123096
98,3,10,150,45,0.08878770367712427
99,3,10,150,45,0.0
100,3,10,150,45,0.0892789338684584
101,3,10,150,45,0.0
102,3,10,150,45,0.026001814664123827
103,3,10,150,45,0.07673373981757839
104,3,10,150,45,0.12171451575741458
106,3,10,150,45,0.05261577455142312
107,3,10,150,45,0.0
108,3,10,150,45,0.0
109,3,10,150,45,0.07966939246366822
110,3,10,150,45,0.039667414566743345
111,3,10,150,45,0.0
112,3,10,150,45,0.06510475888148554
113,3,10,150,45,0.05449144662575446
114,3,10,150,45,0.07610811271330754
115,3,10,150,45,0.046806851959664796
116,3,10,150,45,0.055538752771150446
117,3,10,150,45,0.053589621006720926
118,3,10,150,45,0.0
119,3,10,150,45,0.034073291417269544
121,3,10,150,45,0.06245141164382474
122,3,10,150,45,0.03984598490051017
123,3,10,150,45,0.46927872602275644
124,3,10,150,45,0.10889376106823218
125,3,10,150,45,0.1132417131967153
126,3,10,150,45,0.0
127,3,10,150,45,0.0
128,3,10,150,45,0.027576277569513717
129,3,10,150,45,0.0
130,3,10,150,45,0.06359766623551306
131,3,10,150,45,0.2803335894048546
132,3,10,150,45,0.09109240322345806
133,3,10,150,45,0.0
134,3,10,150,45,0.0
135,3,10,150,45,0.0
136,3,10,150,45,0.40257390286801836
137,3,10,150,45,0.0
138,3,10,150,45,0.21222747957761057
139,3,10,150,45,0.0
140,3,10,150,45,0.0
141,3,10,150,45,0.15194751309721466
142,3,10,150,45,0.30260241349881345
143,3,10,150,45,0.0
144,3,10,150,45,0.19201969646868908
145,3,10,150,45,0.048468787866413954
146,3,10,150,45,0.0
147,3,10,150,45,0.07610811271330754
148,3,10,150,45,0.042512356679180144
149,3,10,150,45,0.05446824630887794
150,3,10,150,45,0.0
151,3,10,150,45,0.13015552819736165
152,3,10,150,45,0.026230448379684728
153,3,10,150,45,0.06516188295518531
154,3,10,150,45,0.055100238151135045
155,3,10,150,45,0.0
156,3,10,150,45,0.0
157,3,10,150,45,0.0
158,3,10,150,45,0.055805240881847164
159,3,10,150,45,0.11026617795298452
160,3,10,150,45,0.0
161,3,10,150,45,0.0
162,3,10,150,45,0.0
163,3,10,150,45,0.0
164,3,10,150,45,0.0
165,3,10,150,45,0.09149012142095872
166,3,10,150,45,0.0
167,3,10,150,45,0.03395822402998728
168,3,10,150,45,0.0
169,3,10,150,45,0.055427457405235275
170,3,10,150,45,0.0
171,3,10,150,45,0.0
172,3,10,150,45,0.0
173,3,10,150,45,0.0
174,3,10,150,45,0.05481171384122219
175,3,10,150,45,0.4413254197204702
176,3,10,150,45,0.0347693136731627
177,3,10,150,45,0.0
178,3,10,150,45,0.18053947820976404
179,3,10,150,45,0.06599888514927177
180,3,10,150,45,0.0
181,3,10,150,45,0.03983092797314576
182,3,10,150,45,0.13120507751234178
183,3,10,150,45,0.0
184,3,10,150,45,0.0
185,3,10,150,45,0.0
186,3,10,150,45,0.0
187,3,10,150,45,0.2004102107997965
188,3,10,150,45,0.0
189,3,10,150,45,0.22982757951573698
190,3,10,150,45,0.0
191,3,10,150,45,0.07335312372354855
192,3,10,150,45,0.0
193,3,10,150,45,0.0
194,3,10,150,45,0.03511240359718155
195,3,10,150,45,0.061734604266276284
196,3,10,150,45,0.17342765698823945
197,3,10,150,45,0.07304192939088519
198,3,10,150,45,0.10387325901274824
199,3,10,150,45,0.0
200,3,10,150,45,0.055179303887787655
201,3,10,150,45,0.18701088227714516
202,3,10,150,45,0.0
203,3,10,150,45,0.0
204,3,10,150,45,0.0
205,3,10,150,45,0.11600766930798434
206,3,10,150,45,0.0
207,3,10,150,45,0.04898947700845391
208,3,10,150,45,0.0
209,3,10,150,45,0.070675417981692
210,3,10,150,45,0.0
211,3,10,150,45,0.0
212,3,10,150,45,0.0559167101555819
213,3,10,150,45,0.08985507164305877
214,3,10,150,45,0.1257260924843343
215,3,10,150,45,0.157288596461893
216,3,10,150,45,0.27735230728218535
217,3,10,150,45,0.13000004444613666
218,3,10,150,45,0.06323567569191428
219,3,10,150,45,0.0
220,3,10,150,45,0.07807600999842033
221,3,10,150,45,0.09964173287591703
222,3,10,150,45,0.15937927392299864
223,3,10,150,45,0.039270700903099615
224,3,10,150,45,0.0
225,3,10,150,45,0.0
226,3,10,150,45,0.0
227,3,10,150,45,0.0
229,3,10,150,45,0.0
230,3,10,150,45,0.10228729060357176
231,3,10,150,45,0.0
232,3,10,150,45,0.0
233,3,10,150,45,0.15206723475089307
234,3,10,150,45,0.12243681322190901
235,3,10,150,45,0.08312042273022706
236,3,10,150,45,0.12127042983235181
237,3,10,150,45,0.0
238,3,10,150,45,0.0
239,3,10,150,45,0.12691627784085696
240,3,10,150,45,0.10235170428306553
241,3,10,150,45,0.1381300260171807
242,3,10,150,45,0.0
243,3,10,150,45,0.0
244,3,10,150,45,0.1324362264265921
245,3,10,150,45,0.0
246,3,10,150,45,0.08356426880363813
247,3,10,150,45,0.15642624200758548
248,3,10,150,45,0.23451355966072135
249,3,10,150,45,0.3041992014465808
250,3,10,150,45,0.07806699296748765
251,3,10,150,45,0.0
252,3,10,150,45,0.0
253,3,10,150,45,0.0
254,3,10,150,45,0.036502603141236205
255,3,10,150,45,0.07910544779148235
256,3,10,150,45,0.027736288621349494
257,3,10,150,45,0.12830873359117523
258,3,10,150,45,0.0
259,3,10,150,45,0.0
260,3,10,150,45,0.0
261,3,10,150,45,0.0
262,3,10,150,45,0.0
263,3,10,150,45,0.32837769821077345
264,3,10,150,45,0.2969281197911131
265,3,10,150,45,0.19802572813668026
266,3,10,150,45,0.0
267,3,10,150,45,0.21076490690365068
268,3,10,150,45,0.11789164636426033
269,3,10,150,45,0.040019695500760184
270,3,10,150,45,0.0
271,3,10,150,45,0.10729393508609222
272,3,10,150,45,0.0
273,3,10,150,45,0.0
274,3,10,150,45,0.0
275,3,10,150,45,0.0
276,3,10,150,45,0.25044393850912744
277,3,10,150,45,0.0
278,3,10,150,45,0.0
279,3,10,150,45,0.13126072897487462
280,3,10,150,45,0.07316593591075989
281,3,10,150,45,0.0
282,3,10,150,45,0.09659953929285248
283,3,10,150,45,0.0
284,3,10,150,45,0.0
285,3,10,150,45,0.0
286,3,10,150,45,0.0
287,3,10,150,45,0.0
288,3,10,150,45,0.13999259891013252
289,3,10,150,45,0.0
290,3,10,150,45,0.09647783930421741
291,3,10,150,45,0.1645749909034304
292,3,10,150,45,0.27665227928348557
293,3,10,150,45,0.02966645304350751
294,3,10,150,45,0.052007328240412425
295,3,10,150,45,0.12123998403830039
296,3,10,150,45,0.1313923743616208
297,3,10,150,45,0.030868393892711742
298,3,10,150,45,0.11387979861196414
299,3,10,150,45,0.06251231174305825
300,3,10,150,45,0.0
301,3,10,150,45,0.1296575124303738
302,3,10,150,45,0.07335312372354855
303,3,10,150,45,0.22455579640500672
304,3,10,150,45,0.0
305,3,10,150,45,0.05428021340641747
306,3,10,150,45,0.0
307,3,10,150,45,0.13128644747266613
308,3,10,150,45,0.03586857971832317
309,3,10,150,45,0.0
310,3,10,150,45,0.2890648263178879
311,3,10,150,45,0.15557654226734
312,3,10,150,45,0.12252303129650513
313,3,10,150,45,0.09586943528179451
314,3,10,150,45,0.10507089418815024
315,3,10,150,45,0.09785159463516042
316,3,10,150,45,0.06076546216996844
317,3,10,150,45,0.0
318,3,10,150,45,0.052310015648999494
319,3,10,150,45,0.0
320,3,10,150,45,0.08947300054212491
321,3,10,150,45,0.08223795175588802
322,3,10,150,45,0.07955752067133452
323,3,10,150,45,0.12229181918924699
324,3,10,150,45,0.0
325,3,10,150,45,0.0
326,3,10,150,45,0.10817904857938596
327,3,10,150,45,0.0
328,3,10,150,45,0.11126818073657672
329,3,10,150,45,0.056720838976548935
330,3,10,150,45,0.3028509129070748
331,3,10,150,45,0.0
332,3,10,150,45,0.062485704801737485
333,3,10,150,45,0.0
334,3,10,150,45,0.11915284269000477
335,3,10,150,45,0.0
336,3,10,150,45,0.0
337,3,10,150,45,0.09992090652113537
338,3,10,150,45,0.04358896759704514
339,3,10,150,45,0.145767359678607
340,3,10,150,45,0.12647135138382856
341,3,10,150,45,0.0
342,3,10,150,45,0.10109476984709632
343,3,10,150,45,0.3116831652805822
344,3,10,150,45,0.13804010954782428
345,3,10,150,45,0.1302817386077542
346,3,10,150,45,0.10809528579756168
347,3,10,150,45,0.0758661828869556
348,3,10,150,45,0.0
349,3,10,150,45,0.07123530534387781
350,3,10,150,45,0.2314071217459096
351,3,10,150,45,0.0
352,3,10,150,45,0.16282653392890226
353,3,10,150,45,0.09489642549953911
354,3,10,150,45,0.016991393323800768
355,3,10,150,45,0.0
356,3,10,150,45,0.0
357,3,10,150,45,0.0
358,3,10,150,45,0.26730206653594746
359,3,10,150,45,0.0749368547125808
360,3,10,150,45,0.10496459329418281
361,3,10,150,45,0.0
362,3,10,150,45,0.0
363,3,10,150,45,0.19789319126943253
364,3,10,150,45,0.0
365,3,10,150,45,0.0989084497079971
366,3,10,150,45,0.10684080426179023
367,3,10,150,45,0.1410054764628891
368,3,10,150,45,0.0
369,3,10,150,45,0.0
370,3,10,150,45,0.045683428159663184
371,3,10,150,45,0.09892739847751293
372,3,10,150,45,0.10673919722548196
373,3,10,150,45,0.18128610071101886
374,3,10,150,45,0.15688281054707043
375,3,10,150,45,0.0
376,3,10,150,45,0.0
377,3,10,150,45,0.053168340515114924
378,3,10,150,45,0.07216817463392687
379,3,10,150,45,0.13557533657177168
380,3,10,150,45,0.0
381,3,10,150,45,0.08294243278442993
382,3,10,150,45,0.07847428227110642
383,3,10,150,45,0.0
384,3,10,150,45,0.08759200575528697
385,3,10,150,45,0.1546778125427113
386,3,10,150,45,0.0
387,3,10,150,45,0.04041942096394438
388,3,10,150,45,0.0
389,3,10,150,45,0.1327565398108363
390,3,10,150,45,0.21398626473452756
391,3,10,150,45,0.2558645268575362
392,3,10,150,45,0.06327372362257774
393,3,10,150,45,0.1337717817581095
394,3,10,150,45,0.12900206501129066
395,3,10,150,45,0.09286934188709499
396,3,10,150,45,0.0
397,3,10,150,45,0.08251968427067649
398,3,10,150,45,0.08837411343996615
399,3,10,150,45,0.0
400,3,10,150,45,0.0
401,3,10,150,45,0.0
402,3,10,150,45,0.469779625693621
403,3,10,150,45,0.0
404,3,10,150,45,0.0
405,3,10,150,45,0.25073400372763344
406,3,10,150,45,0.17785270530957803
407,3,10,150,45,0.07888511677030069
408,3,10,150,45,0.12083071655728543
409,3,10,150,45,0.13530747380914224
410,3,10,150,45,0.0
411,3,10,150,45,0.1128999930808451
412,3,10,150,45,0.0
413,3,10,150,45,0.10122860821230018
414,3,10,150,45,0.0
415,3,10,150,45,0.07605458145297357
416,3,10,150,45,0.28852691792300256
417,3,10,150,45,0.0774004785636159
418,3,10,150,45,0.07001560573318603
419,3,10,150,45,0.2098021491169666
420,3,10,150,45,0.0527075128660253
421,3,10,150,45,0.202729931306865
422,3,10,150,45,0.0
423,3,10,150,45,0.0
424,3,10,150,45,0.13291000263869587
425,3,10,150,45,0.0
426,3,10,150,45,0.10004388309532918
427,3,10,150,45,0.0
428,3,10,150,45,0.0
429,3,10,150,45,0.1879584626683834
430,3,10,150,45,0.062242588308449316
431,3,10,150,45,0.0
432,3,10,150,45,0.0
433,3,10,150,45,0.0
434,3,10,150,45,0.2247819585714142
435,3,10,150,45,0.29369667667699667
436,3,10,150,45,0.09291494561763272
437,3,10,150,45,0.05189439425188148
438,3,10,150,45,0.0
439,3,10,150,45,0.0
440,3,10,150,45,0.07261318787584015
441,3,10,150,45,0.0
442,3,10,150,45,0.058478916078390675
443,3,10,150,45,0.056720838976548935
444,3,10,150,45,0.19519002499605084
445,3,10,150,45,0.0
446,3,10,150,45,0.0
447,3,10,150,45,0.09914294517496557
448,3,10,150,45,0.0
449,3,10,150,45,0.0
450,3,10,150,45,0.37077443141329647
451,3,10,150,45,0.0
452,3,10,150,45,0.05316745965555174
453,3,10,150,45,0.13392124957971085
454,3,10,150,45,0.0
455,3,10,150,45,0.1760702282199838
456,3,10,150,45,0.1310721461718714
457,3,10,150,45,0.5058465607110769
458,3,10,150,45,0.13305864932565364
459,3,10,150,45,0.04901586605894737
460,3,10,150,45,0.0
461,3,10,150,45,0.10778915452451093
462,3,10,150,45,0.16728714615527887
463,3,10,150,45,0.1032589365938857
464,3,10,150,45,0.04931346192675315
465,3,10,150,45,0.0733934381893728
466,3,10,150,45,0.0750834162528243
467,3,10,150,45,0.032842167909375275
468,3,10,150,45,0.4424763580282471
469,3,10,150,45,0.050924439617225085
470,3,10,150,45,0.040162930685297936
471,3,10,150,45,0.0
472,3,10,150,45,0.32748362638163925
473,3,10,150,45,0.050005013043213774
474,3,10,150,45,0.3888590660691232
475,3,10,150,45,0.0
476,3,10,150,45,0.12097589732794561
477,3,10,150,45,0.0
478,3,10,150,45,0.2059565668593519
479,3,10,150,45,0.08363272377086878
480,3,10,150,45,0.0881980292211471
481,3,10,150,45,0.0
482,3,10,150,45,0.10209739512291163
483,3,10,150,45,0.06194403202282284
484,3,10,150,45,0.26052525606915383
485,3,10,150,45,0.0
486,3,10,150,45,0.06108300840136219
487,3,10,150,45,0.10970937672970142
488,3,10,150,45,0.05887472794707303
489,3,10,150,45,0.0
490,3,10,150,45,0.06490403551612171
491,3,10,150,45,0.17758207479178334
492,3,10,150,45,0.08328180879069912
493,3,10,150,45,0.21929199261605786
494,3,10,150,45,0.11299367690705851
495,3,10,150,45,0.11998072778715274
496,3,10,150,45,0.07271211160102074
497,3,10,150,45,0.03221875092905481
498,3,10,150,45,0.0343217267714905
499,3,10,150,45,0.07949576586393835
500,3,10,150,45,0.054544561344235264
501,3,10,150,45,0.0
502,3,10,150,45,0.0
503,3,10,150,45,0.24396819127527522
504,3,10,150,45,0.0759657938762101
505,3,10,150,45,0.025255271126572616
506,3,10,150,45,0.16304958038843345
507,3,10,150,45,0.0
508,3,10,150,45,0.17050987036516796
509,3,10,150,45,0.0
510,3,10,150,45,0.17032928501352598
511,3,10,150,45,0.12155021559723776
512,3,10,150,45,0.0
513,3,10,150,45,0.05276490902632437
514,3,10,150,45,0.2422461315849779
515,3,10,150,45,0.0
516,3,10,150,45,0.07947838320659593
517,3,10,150,45,0.03859643636257609
518,3,10,150,45,0.05268083714989503
519,3,10,150,45,0.0
520,3,10,150,45,0.0
521,3,10,150,45,0.0832842629716816
522,3,10,150,45,0.16542389351858164
523,3,10,150,45,0.14958239437556436
524,3,10,150,45,0.060207503593200935
525,3,10,150,45,0.06516045994396072
526,3,10,150,45,0.03112959369469351
527,3,10,150,45,0.19506396932902903
528,3,10,150,45,0.1255942414278791
529,3,10,150,45,0.0
530,3,10,150,45,0.0
531,3,10,150,45,0.0
532,3,10,150,45,0.20690574620529692
533,3,10,150,45,0.17896107520463467
534,3,10,150,45,0.07661469829347552
535,3,10,150,45,0.2653230441578642
536,3,10,150,45,0.15811480101265435
537,3,10,150,45,0.40299962261300465
538,3,10,150,45,0.09944592215223559
539,3,10,150,45,0.04851068933953057
540,3,10,150,45,0.0
541,3,10,150,45,0.06337469398538446
542,3,10,150,45,0.04294079226347803
543,3,10,150,45,0.0
544,3,10,150,45,0.0
545,3,10,150,45,0.18657777583634164
546,3,10,150,45,0.07963179480490382
547,3,10,150,45,0.0
548,3,10,150,45,0.07888511677030069
549,3,10,150,45,0.10184659627402569
550,3,10,150,45,0.0845667599404342
551,3,10,150,45,0.24169517386872896
552,3,10,150,45,0.0
553,3,10,150,45,0.09570787878815254
554,3,10,150,45,0.0
555,3,10,150,45,0.037070343480771185
556,3,10,150,45,0.2436420788359897
557,3,10,150,45,0.044530079137671444
558,3,10,150,45,0.21398626473452756
559,3,10,150,45,0.07557866567222271
560,3,10,150,45,0.11942337490935596
561,3,10,150,45,0.09592192426606636
562,3,10,150,45,0.0900117306380905
563,3,10,150,45,0.10791970824616881
564,3,10,150,45,0.0
565,3,10,150,45,0.14337418847532693
566,3,10,150,45,0.11935234359120704
567,3,10,150,45,0.3641805478852974
568,3,10,150,45,0.07161318866452264
569,3,10,150,45,0.023835426911994775
570,3,10,150,45,0.0
571,3,10,150,45,0.0512644431393966
572,3,10,150,45,0.30260241349881345
573,3,10,150,45,0.0
574,3,10,150,45,0.0
575,3,10,150,45,0.13043262693172047
576,3,10,150,45,0.0
577,3,10,150,45,0.21413449363487072
578,3,10,150,45,0.0
579,3,10,150,45,0.06152644703210656
580,3,10,150,45,0.03144137376097698
581,3,10,150,45,0.0
582,3,10,150,45,0.06679511870650716
583,3,10,150,45,0.0874717141014082
584,3,10,150,45,0.20261715588288354
585,3,10,150,45,0.042225550968526857
586,3,10,150,45,0.08815846372911407
587,3,10,150,45,0.0
588,3,10,150,45,0.24753073033438902
589,3,10,150,45,0.0
590,3,10,150,45,0.17154483744357613
591,3,10,150,45,0.08651464973019597
592,3,10,150,45,0.34990849138093083
593,3,10,150,45,0.11643270742859334
594,3,10,150,45,0.0
595,3,10,150,45,0.039821499536505725
596,3,10,150,45,0.09803928583135704
597,3,10,150,45,0.0
598,3,10,150,45,0.0
599,3,10,150,45,0.02506539947940475
600,3,10,150,45,0.13574631165894233
601,3,10,150,45,0.16090184380602832
602,3,10,150,45,0.041278922835426404
603,3,10,150,45,0.12541207695631323
604,3,10,150,45,0.0
605,3,10,150,45,0.15136987527520723
606,3,10,150,45,0.3942830630050083
607,3,10,150,45,0.0308875359117713
608,3,10,150,45,0.2505802943056675
609,3,10,150,45,0.0
610,3,10,150,45,0.08443863559321411
611,3,10,150,45,0.0
612,3,10,150,45,0.09162544430476362
613,3,10,150,45,0.1652462050665711
614,3,10,150,45,0.1467868763787456
615,3,10,150,45,0.10737689423316772
616,3,10,150,45,0.030480958763669998
617,3,10,150,45,0.020730875129846955
618,3,10,150,45,0.0832842629716816
619,3,10,150,45,0.13379581792476064
620,3,10,150,45,0.1717765398347941
621,3,10,150,45,0.10602675223148604
622,3,10,150,45,0.23073443401190127
623,3,10,150,45,0.04214302778527282
624,3,10,150,45,0.0225065855183068
625,3,10,150,45,0.06672272773479279
626,3,10,150,45,0.0
627,3,10,150,45,0.1431004665595837
628,3,10,150,45,0.0
629,3,10,150,45,0.25353155531165633
630,3,10,150,45,0.10834532177911152
631,3,10,150,45,0.13449792459172438
632,3,10,150,45,0.05388267057097896
633,3,10,150,45,0.050456115328747164
634,3,10,150,45,0.11112442308536526
635,3,10,150,45,0.0
636,3,10,150,45,0.3615974840572412
637,3,10,150,45,0.015165056586699721
638,3,10,150,45,0.05152901435389809
639,3,10,150,45,0.0
640,3,10,150,45,0.14641856722704924
641,3,10,150,45,0.051358492238643604
642,3,10,150,45,0.33063435606497416
643,3,10,150,45,0.32077962673644617
644,3,10,150,45,0.0
645,3,10,150,45,0.10218603603781864
646,3,10,150,45,0.11243817952384734
647,3,10,150,45,0.06590268968688952
648,3,10,150,45,0.3055192437560893
649,3,10,150,45,0.0
650,3,10,150,45,0.13997390843292518
651,3,10,150,45,0.0
652,3,10,150,45,0.0
653,3,10,150,45,0.14422390401124796
654,3,10,150,45,0.07465533286616437
655,3,10,150,45,0.450772803591559
656,3,10,150,45,0.0
657,3,10,150,45,0.2504953915210566
658,3,10,150,45,0.069831161662907
659,3,10,150,45,0.13360147946666853
660,3,10,150,45,0.0
661,3,10,150,45,0.13358917533675002
662,3,10,150,45,0.0
663,3,10,150,45,0.13972503798462857
664,3,10,150,45,0.3460862413953964
665,3,10,150,45,0.0416421314858408
666,3,10,150,45,0.15923687939554923
667,3,10,150,45,0.05347936472494627
668,3,10,150,45,0.0
669,3,10,150,45,0.19588788032265295
670,3,10,150,45,0.0
671,3,10,150,45,0.19061348483563229
672,3,10,150,45,0.048159222084064895
673,3,10,150,45,0.0
674,3,10,150,45,0.0
675,3,10,150,45,0.0382580635535654
676,3,10,150,45,0.22358931366364498
677,3,10,150,45,0.0720796116407523
678,3,10,150,45,0.0
679,3,10,150,45,0.14168597692965199
680,3,10,150,45,0.0
681,3,10,150,45,0.0
682,3,10,150,45,0.3427310782519047
683,3,10,150,45,0.02677435355254797
684,3,10,150,45,0.03158850394477252
685,3,10,150,45,0.09030583455080088
686,3,10,150,45,0.10437401422295152
687,3,10,150,45,0.0
688,3,10,150,45,0.0
689,3,10,150,45,0.37279254620421465
690,3,10,150,45,0.23734263807827216
691,3,10,150,45,0.6023709850354425
692,3,10,150,45,0.03353522641880846
693,3,10,150,45,0.05668964546124357
694,3,10,150,45,0.24278503900379345
695,3,10,150,45,0.0
696,3,10,150,45,0.08111636357522063
697,3,10,150,45,0.06832568397816181
698,3,10,150,45,0.0
699,3,10,150,45,0.05419379465738257
700,3,10,150,45,0.0
701,3,10,150,45,0.0906790485156717
702,3,10,150,45,0.0
703,3,10,150,45,0.21888235022994418
704,3,10,150,45,0.16668399590164457
705,3,10,150,45,0.20330387449508439
706,3,10,150,45,0.0
707,3,10,150,45,0.2788017345769842
708,3,10,150,45,0.03476299583640518
709,3,10,150,45,0.15604807364315554
710,3,10,150,45,0.25040922491354684
711,3,10,150,45,0.20999635437057096
712,3,10,150,45,0.09514463840524318
713,3,10,150,45,0.0
714,3,10,150,45,0.09998274523051486
715,3,10,150,45,0.2192679410405603
716,3,10,150,45,0.3200442983062109
717,3,10,150,45,0.08455030681958395
718,3,10,150,45,0.0
719,3,10,150,45,0.10353175087921149
720,3,10,150,45,0.0
721,3,10,150,45,0.08526223386711185
722,3,10,150,45,0.07401896317743158
723,3,10,150,45,0.0
724,3,10,150,45,0.0
725,3,10,150,45,0.0
726,3,10,150,45,0.061080020762274374
727,3,10,150,45,0.10716981209054881
728,3,10,150,45,0.0
729,3,10,150,45,0.0
730,3,10,150,45,0.0
731,3,10,150,45,0.1935015812983906
732,3,10,150,45,0.05717828980196049
733,3,10,150,45,0.020730875129846955
734,3,10,150,45,0.08131766139183766
735,3,10,150,45,0.08151055815578559
736,3,10,150,45,0.047009109882897075
737,3,10,150,45,0.12127716502890909
738,3,10,150,45,0.10930737027341368
739,3,10,150,45,0.18767092572990207
740,3,10,150,45,0.0523780734795101
741,3,10,150,45,0.05908892019155974
742,3,10,150,45,0.0527075128660253
743,3,10,150,45,0.1194783875505714
744,3,10,150,45,0.0
745,3,10,150,45,0.06774344219296054
746,3,10,150,45,0.24124954544361757
747,3,10,150,45,0.19760221436733205
748,3,10,150,45,0.04132344798443041
749,3,10,150,45,0.3749701698518434
750,3,10,150,45,0.14638890940448515
751,3,10,150,45,0.05135654471697967
752,3,10,150,45,0.08155432360208091
753,3,10,150,45,0.04072612696308379
754,3,10,150,45,0.0
755,3,10,150,45,0.0
756,3,10,150,45,0.044143057780823704
757,3,10,150,45,0.11535950094737428
758,3,10,150,45,0.2229955608813547
759,3,10,150,45,0.0
760,3,10,150,45,0.16006374561654185
761,3,10,150,45,0.17663858756688974
762,3,10,150,45,0.0
763,3,10,150,45,0.07485420266316953
764,3,10,150,45,0.024619085952596504
765,3,10,150,45,0.0
766,3,10,150,45,0.040348144615486664
767,3,10,150,45,0.1269544353559099
768,3,10,150,45,0.05059568297461706
769,3,10,150,45,0.0
770,3,10,150,45,0.18348359547343202
771,3,10,150,45,0.02778871948897756
772,3,10,150,45,0.0
773,3,10,150,45,0.14052732258781897
774,3,10,150,45,0.0
775,3,10,150,45,0.0
776,3,10,150,45,0.0
777,3,10,150,45,0.0
778,3,10,150,45,0.08961728720334347
779,3,10,150,45,0.0
780,3,10,150,45,0.12311997034702767
781,3,10,150,45,0.12572447169101508
782,3,10,150,45,0.0
783,3,10,150,45,0.0
784,3,10,150,45,0.04582425041433568
785,3,10,150,45,0.2848262604068979
786,3,10,150,45,0.12055956650133608
787,3,10,150,45,0.0
788,3,10,150,45,0.05478797698218566
789,3,10,150,45,0.14531023848228133
790,3,10,150,45,0.07336758525602394
791,3,10,150,45,0.059480024314918285
792,3,10,150,45,0.0946587791577201
793,3,10,150,45,0.11843263243420837
794,3,10,150,45,0.1578863001786244
795,3,10,150,45,0.06886690743551852
796,3,10,150,45,0.10203689971863503
797,3,10,150,45,0.13905617951077562
798,3,10,150,45,0.0
799,3,10,150,45,0.2836929289153804
800,3,10,150,45,0.0
801,3,10,150,45,0.0
802,3,10,150,45,0.05621908976192367
803,3,10,150,45,0.0
804,3,10,150,45,0.2844555206757883
805,3,10,150,45,0.14409858578848697
806,3,10,150,45,0.06379369995120096
807,3,10,150,45,0.17160454114393403
808,3,10,150,45,0.0
809,3,10,150,45,0.0
810,3,10,150,45,0.0
811,3,10,150,45,0.0
812,3,10,150,45,0.11600766930798434
813,3,10,150,45,0.0
814,3,10,150,45,0.0
815,3,10,150,45,0.10380674919178415
816,3,10,150,45,0.10105367325027378
817,3,10,150,45,0.0
818,3,10,150,45,0.0
819,3,10,150,45,0.0
820,3,10,150,45,0.12262943855309168
821,3,10,150,45,0.053168340515114924
822,3,10,150,45,0.0
823,3,10,150,45,0.10148718580906937
824,3,10,150,45,0.0
825,3,10,150,45,0.16434089815347858
826,3,10,150,45,0.1104586032397152
827,3,10,150,45,0.0
828,3,10,150,45,0.0
829,3,10,150,45,0.08143169212679746
830,3,10,150,45,0.13003750163762204
831,3,10,150,45,0.04522637401768292
832,3,10,150,45,0.0
833,3,10,150,45,0.05828935682373833
834,3,10,150,45,0.0
835,3,10,150,45,0.0735972053503585
836,3,10,150,45,0.05097554749895306
837,3,10,150,45,0.05351287869030783
838,3,10,150,45,0.08633629724227374
839,3,10,150,45,0.0
840,3,10,150,45,0.10243256189486287
841,3,10,150,45,0.0
842,3,10,150,45,0.0
843,3,10,150,45,0.04209275315645388
844,3,10,150,45,0.0
845,3,10,150,45,0.0
846,3,10,150,45,0.09924548857390884
847,3,10,150,45,0.0
848,3,10,150,45,0.03618657486793958
849,3,10,150,45,0.0
850,3,10,150,45,0.06228974831361337
851,3,10,150,45,0.19821654229071958
852,3,10,150,45,0.07256783117062009
853,3,10,150,45,0.0
854,3,10,150,45,0.0
855,3,10,150,45,0.0
856,3,10,150,45,0.0
857,3,10,150,45,0.0
858,3,10,150,45,0.0
859,3,10,150,45,0.0
860,3,10,150,45,0.0
861,3,10,150,45,0.12754356661958802
862,3,10,150,45,0.0559167101555819
863,3,10,150,45,0.0
864,3,10,150,45,0.1615328695620339
865,3,10,150,45,0.0
866,3,10,150,45,0.0
867,3,10,150,45,0.13120507751234178
868,3,10,150,45,0.0
870,3,10,150,45,0.0
871,3,10,150,45,0.0
872,3,10,150,45,0.0
875,3,10,150,45,0.1395953738647505
876,3,10,150,45,0.0
877,3,10,150,45,0.0
1,3,10,150,46,0.6247579375131872
2,3,10,150,46,0.10688238502350729
3,3,10,150,46,0.0
4,3,10,150,46,0.0
5,3,10,150,46,0.0583775815185038
6,3,10,150,46,0.05340978172012693
7,3,10,150,46,0.18864304707760654
8,3,10,150,46,0.0554835367217868
9,3,10,150,46,0.0
10,3,10,150,46,0.16409920264511527
11,3,10,150,46,0.049016076581777215
12,3,10,150,46,0.0
13,3,10,150,46,0.21682483347889747
14,3,10,150,46,0.05601843521033356
15,3,10,150,46,0.0
16,3,10,150,46,0.14029495523984678
17,3,10,150,46,0.12066394366711926
18,3,10,150,46,0.15192684067562004
19,3,10,150,46,0.0
20,3,10,150,46,0.14530105135237878
21,3,10,150,46,0.03475017269886857
22,3,10,150,46,0.09255370591399972
23,3,10,150,46,0.16093766472693694
24,3,10,150,46,0.311062094929455
25,3,10,150,46,0.0
26,3,10,150,46,0.0
28,3,10,150,46,0.0
29,3,10,150,46,0.0
30,3,10,150,46,0.0979129253499678
31,3,10,150,46,0.06076546216996844
32,3,10,150,46,0.0
33,3,10,150,46,0.0
34,3,10,150,46,0.0
35,3,10,150,46,0.07108348368841133
37,3,10,150,46,0.0488929053971083
38,3,10,150,46,0.0
39,3,10,150,46,0.0
40,3,10,150,46,0.0
41,3,10,150,46,0.0
42,3,10,150,46,0.11676800180580715
43,3,10,150,46,0.23313760932547176
44,3,10,150,46,0.07698159974258616
45,3,10,150,46,0.0
46,3,10,150,46,0.14434031438272124
47,3,10,150,46,0.0
48,3,10,150,46,0.14225564083314088
49,3,10,150,46,0.08545966314334597
50,3,10,150,46,0.0
51,3,10,150,46,0.18953836965473142
52,3,10,150,46,0.04892579731758021
53,3,10,150,46,0.09546043308946733
54,3,10,150,46,0.07984133538066794
55,3,10,150,46,0.0
56,3,10,150,46,0.03975645576081676
57,3,10,150,46,0.0
58,3,10,150,46,0.10796876451088402
59,3,10,150,46,0.18677109034438918
60,3,10,150,46,0.12123807080432077
61,3,10,150,46,0.0
62,3,10,150,46,0.03806940785769845
63,3,10,150,46,0.03554915059547175
64,3,10,150,46,0.0
65,3,10,150,46,0.2994759515353249
66,3,10,150,46,0.0
67,3,10,150,46,0.0
68,3,10,150,46,0.0
69,3,10,150,46,0.08005849613714276
70,3,10,150,46,0.0
71,3,10,150,46,0.07955752067133452
72,3,10,150,46,0.16084022171949366
73,3,10,150,46,0.051960280791503534
74,3,10,150,46,0.0
75,3,10,150,46,0.11731968150568911
76,3,10,150,46,0.14804398249667974
77,3,10,150,46,0.45287742747371695
78,3,10,150,46,0.0
79,3,10,150,46,0.0
80,3,10,150,46,0.08297572808511901
81,3,10,150,46,0.0
82,3,10,150,46,0.08926877557705373
83,3,10,150,46,0.04630610387058298
84,3,10,150,46,0.0
85,3,10,150,46,0.06966660916502733
86,3,10,150,46,0.07738888769495082
87,3,10,150,46,0.10058161863664324
88,3,10,150,46,0.0
89,3,10,150,46,0.22860031301980846
90,3,10,150,46,0.18371373940702912
91,3,10,150,46,0.13114221140465185
92,3,10,150,46,0.04220460901775568
93,3,10,150,46,0.0
94,3,10,150,46,0.18505960830241722
95,3,10,150,46,0.061836172422412086
96,3,10,150,46,0.1311371111653387
97,3,10,150,46,0.09558339637123096
98,3,10,150,46,0.08878770367712427
99,3,10,150,46,0.0
100,3,10,150,46,0.0892789338684584
101,3,10,150,46,0.0
102,3,10,150,46,0.026001814664123827
103,3,10,150,46,0.07673373981757839
104,3,10,150,46,0.12171451575741458
106,3,10,150,46,0.05261577455142312
107,3,10,150,46,0.0
108,3,10,150,46,0.0
109,3,10,150,46,0.09617939321965405
110,3,10,150,46,0.039667414566743345
111,3,10,150,46,0.0
112,3,10,150,46,0.06510475888148554
113,3,10,150,46,0.05449144662575446
114,3,10,150,46,0.07610811271330754
115,3,10,150,46,0.046806851959664796
116,3,10,150,46,0.055538752771150446
117,3,10,150,46,0.053589621006720926
118,3,10,150,46,0.0
119,3,10,150,46,0.034073291417269544
121,3,10,150,46,0.06245141164382474
122,3,10,150,46,0.03984598490051017
123,3,10,150,46,0.46927872602275644
124,3,10,150,46,0.10889376106823218
125,3,10,150,46,0.1132417131967153
126,3,10,150,46,0.0
127,3,10,150,46,0.0
128,3,10,150,46,0.027576277569513717
129,3,10,150,46,0.0
130,3,10,150,46,0.06359766623551306
131,3,10,150,46,0.2803335894048546
132,3,10,150,46,0.09109240322345806
133,3,10,150,46,0.0
134,3,10,150,46,0.0
135,3,10,150,46,0.0
136,3,10,150,46,0.40257390286801836
137,3,10,150,46,0.0
138,3,10,150,46,0.21222747957761057
139,3,10,150,46,0.0
140,3,10,150,46,0.0
141,3,10,150,46,0.15194751309721466
142,3,10,150,46,0.30260241349881345
143,3,10,150,46,0.0
144,3,10,150,46,0.19201969646868908
145,3,10,150,46,0.048468787866413954
146,3,10,150,46,0.0
147,3,10,150,46,0.07610811271330754
148,3,10,150,46,0.042512356679180144
149,3,10,150,46,0.05446824630887794
150,3,10,150,46,0.0
151,3,10,150,46,0.13015552819736165
152,3,10,150,46,0.026230448379684728
153,3,10,150,46,0.06516188295518531
154,3,10,150,46,0.055100238151135045
155,3,10,150,46,0.0
156,3,10,150,46,0.07028063830038406
157,3,10,150,46,0.0
158,3,10,150,46,0.055805240881847164
159,3,10,150,46,0.11026617795298452
160,3,10,150,46,0.0
161,3,10,150,46,0.0
162,3,10,150,46,0.0
163,3,10,150,46,0.0
164,3,10,150,46,0.0
165,3,10,150,46,0.09149012142095872
166,3,10,150,46,0.0
167,3,10,150,46,0.03395822402998728
168,3,10,150,46,0.0
169,3,10,150,46,0.055427457405235275
170,3,10,150,46,0.0
171,3,10,150,46,0.0
172,3,10,150,46,0.0
173,3,10,150,46,0.0
174,3,10,150,46,0.05481171384122219
175,3,10,150,46,0.4413254197204702
176,3,10,150,46,0.0347693136731627
177,3,10,150,46,0.0
178,3,10,150,46,0.18053947820976404
179,3,10,150,46,0.06599888514927177
180,3,10,150,46,0.0
181,3,10,150,46,0.03924253419196931
182,3,10,150,46,0.13120507751234178
183,3,10,150,46,0.0
184,3,10,150,46,0.0
185,3,10,150,46,0.0
186,3,10,150,46,0.0
187,3,10,150,46,0.2004102107997965
188,3,10,150,46,0.0
189,3,10,150,46,0.22982757951573698
190,3,10,150,46,0.0
191,3,10,150,46,0.07335312372354855
192,3,10,150,46,0.0
193,3,10,150,46,0.0
194,3,10,150,46,0.03511240359718155
195,3,10,150,46,0.061734604266276284
196,3,10,150,46,0.17342765698823945
197,3,10,150,46,0.07304192939088519
198,3,10,150,46,0.10387325901274824
199,3,10,150,46,0.0
200,3,10,150,46,0.055179303887787655
201,3,10,150,46,0.18424830440754641
202,3,10,150,46,0.0
203,3,10,150,46,0.0
204,3,10,150,46,0.0
205,3,10,150,46,0.11600766930798434
206,3,10,150,46,0.0
207,3,10,150,46,0.04898947700845391
208,3,10,150,46,0.0
209,3,10,150,46,0.070675417981692
210,3,10,150,46,0.0
211,3,10,150,46,0.0
212,3,10,150,46,0.0559167101555819
213,3,10,150,46,0.08985507164305877
214,3,10,150,46,0.1257260924843343
215,3,10,150,46,0.157288596461893
216,3,10,150,46,0.27735230728218535
217,3,10,150,46,0.13000004444613666
218,3,10,150,46,0.06323567569191428
219,3,10,150,46,0.0
220,3,10,150,46,0.07807600999842033
221,3,10,150,46,0.09964173287591703
222,3,10,150,46,0.15702487802019827
223,3,10,150,46,0.039270700903099615
224,3,10,150,46,0.0
225,3,10,150,46,0.0
226,3,10,150,46,0.0
227,3,10,150,46,0.0
229,3,10,150,46,0.0
230,3,10,150,46,0.10228729060357176
231,3,10,150,46,0.0
232,3,10,150,46,0.0
233,3,10,150,46,0.15206723475089307
234,3,10,150,46,0.12062814184133248
235,3,10,150,46,0.08312042273022706
236,3,10,150,46,0.12127042983235181
237,3,10,150,46,0.0
238,3,10,150,46,0.0
239,3,10,150,46,0.12691627784085696
240,3,10,150,46,0.10235170428306553
241,3,10,150,46,0.1381300260171807
242,3,10,150,46,0.0
243,3,10,150,46,0.0
244,3,10,150,46,0.1324362264265921
245,3,10,150,46,0.0
246,3,10,150,46,0.08356426880363813
247,3,10,150,46,0.15642624200758548
248,3,10,150,46,0.23451355966072135
249,3,10,150,46,0.3041992014465808
250,3,10,150,46,0.07806699296748765
251,3,10,150,46,0.0
252,3,10,150,46,0.0
253,3,10,150,46,0.0
254,3,10,150,46,0.036502603141236205
255,3,10,150,46,0.07910544779148235
256,3,10,150,46,0.027736288621349494
257,3,10,150,46,0.12830873359117523
258,3,10,150,46,0.0
259,3,10,150,46,0.0
260,3,10,150,46,0.0
261,3,10,150,46,0.0
262,3,10,150,46,0.0
263,3,10,150,46,0.32837769821077345
264,3,10,150,46,0.2969281197911131
265,3,10,150,46,0.19802572813668026
266,3,10,150,46,0.0
267,3,10,150,46,0.21076490690365068
268,3,10,150,46,0.11615011747946628
269,3,10,150,46,0.040019695500760184
270,3,10,150,46,0.0
271,3,10,150,46,0.10729393508609222
272,3,10,150,46,0.0
273,3,10,150,46,0.0
274,3,10,150,46,0.0
275,3,10,150,46,0.0
276,3,10,150,46,0.24674430951601287
277,3,10,150,46,0.0
278,3,10,150,46,0.0
279,3,10,150,46,0.12932170820454322
280,3,10,150,46,0.07316593591075989
281,3,10,150,46,0.0
282,3,10,150,46,0.09659953929285248
283,3,10,150,46,0.0
284,3,10,150,46,0.0
285,3,10,150,46,0.0
286,3,10,150,46,0.0
287,3,10,150,46,0.0
288,3,10,150,46,0.13999259891013252
289,3,10,150,46,0.0
290,3,10,150,46,0.09647783930421741
291,3,10,150,46,0.16214384239365837
292,3,10,150,46,0.27665227928348557
293,3,10,150,46,0.029228211773002045
294,3,10,150,46,0.052007328240412425
295,3,10,150,46,0.12123998403830039
296,3,10,150,46,0.1313923743616208
297,3,10,150,46,0.030868393892711742
298,3,10,150,46,0.11387979861196414
299,3,10,150,46,0.06251231174305825
300,3,10,150,46,0.0
301,3,10,150,46,0.1296575124303738
302,3,10,150,46,0.07335312372354855
303,3,10,150,46,0.22123859440004937
304,3,10,150,46,0.0
305,3,10,150,46,0.05428021340641747
306,3,10,150,46,0.0
307,3,10,150,46,0.13128644747266613
308,3,10,150,46,0.035338718870990604
309,3,10,150,46,0.0
310,3,10,150,46,0.2890648263178879
311,3,10,150,46,0.15557654226734
312,3,10,150,46,0.12252303129650513
313,3,10,150,46,0.09586943528179451
314,3,10,150,46,0.10507089418815024
315,3,10,150,46,0.09785159463516042
316,3,10,150,46,0.06076546216996844
317,3,10,150,46,0.0
318,3,10,150,46,0.052310015648999494
319,3,10,150,46,0.0
320,3,10,150,46,0.08947300054212491
321,3,10,150,46,0.08223795175588802
322,3,10,150,46,0.07955752067133452
323,3,10,150,46,0.12229181918924699
324,3,10,150,46,0.0
325,3,10,150,46,0.0
326,3,10,150,46,0.10817904857938596
327,3,10,150,46,0.0
328,3,10,150,46,0.11126818073657672
329,3,10,150,46,0.056720838976548935
330,3,10,150,46,0.3028509129070748
331,3,10,150,46,0.0
332,3,10,150,46,0.062485704801737485
333,3,10,150,46,0.0
334,3,10,150,46,0.11739268305486991
335,3,10,150,46,0.0
336,3,10,150,46,0.0
337,3,10,150,46,0.09992090652113537
338,3,10,150,46,0.04358896759704514
339,3,10,150,46,0.145767359678607
340,3,10,150,46,0.12647135138382856
341,3,10,150,46,0.0
342,3,10,150,46,0.10109476984709632
343,3,10,150,46,0.3116831652805822
344,3,10,150,46,0.13804010954782428
345,3,10,150,46,0.1302817386077542
346,3,10,150,46,0.10809528579756168
347,3,10,150,46,0.09642724089192412
348,3,10,150,46,0.0
349,3,10,150,46,0.07123530534387781
350,3,10,150,46,0.2314071217459096
351,3,10,150,46,0.0
352,3,10,150,46,0.16282653392890226
353,3,10,150,46,0.09489642549953911
354,3,10,150,46,0.016991393323800768
355,3,10,150,46,0.0
356,3,10,150,46,0.0
357,3,10,150,46,0.0
358,3,10,150,46,0.26730206653594746
359,3,10,150,46,0.0749368547125808
360,3,10,150,46,0.10496459329418281
361,3,10,150,46,0.0
362,3,10,150,46,0.0
363,3,10,150,46,0.19496985684050333
364,3,10,150,46,0.0
365,3,10,150,46,0.0989084497079971
366,3,10,150,46,0.10684080426179023
367,3,10,150,46,0.1410054764628891
368,3,10,150,46,0.0
369,3,10,150,46,0.0
370,3,10,150,46,0.045683428159663184
371,3,10,150,46,0.09892739847751293
372,3,10,150,46,0.10673919722548196
373,3,10,150,46,0.18128610071101886
374,3,10,150,46,0.15456529311032843
375,3,10,150,46,0.0
376,3,10,150,46,0.0
377,3,10,150,46,0.053168340515114924
378,3,10,150,46,0.07110208586034651
379,3,10,150,46,0.13557533657177168
380,3,10,150,46,0.0
381,3,10,150,46,0.08294243278442993
382,3,10,150,46,0.07847428227110642
383,3,10,150,46,0.0
384,3,10,150,46,0.08759200575528697
385,3,10,150,46,0.1546778125427113
386,3,10,150,46,0.0
387,3,10,150,46,0.0398223337971585
388,3,10,150,46,0.0
389,3,10,150,46,0.1307954224979817
390,3,10,150,46,0.21398626473452756
391,3,10,150,46,0.2558645268575362
392,3,10,150,46,0.06327372362257774
393,3,10,150,46,0.13179566700285117
394,3,10,150,46,0.12900206501129066
395,3,10,150,46,0.09286934188709499
396,3,10,150,46,0.0
397,3,10,150,46,0.08251968427067649
398,3,10,150,46,0.08837411343996615
399,3,10,150,46,0.014772284029464532
400,3,10,150,46,0.0
401,3,10,150,46,0.0
402,3,10,150,46,0.469779625693621
403,3,10,150,46,0.0
404,3,10,150,46,0.0
405,3,10,150,46,0.24703008980872404
406,3,10,150,46,0.17522541463133628
407,3,10,150,46,0.07771980341967233
408,3,10,150,46,0.12083071655728543
409,3,10,150,46,0.13530747380914224
410,3,10,150,46,0.0
411,3,10,150,46,0.1128999930808451
412,3,10,150,46,0.0
413,3,10,150,46,0.10122860821230018
414,3,10,150,46,0.0
415,3,10,150,46,0.07605458145297357
416,3,10,150,46,0.28426471634129796
417,3,10,150,46,0.07625709671025768
418,3,10,150,46,0.07001560573318603
419,3,10,150,46,0.2098021491169666
420,3,10,150,46,0.0527075128660253
421,3,10,150,46,0.202729931306865
422,3,10,150,46,0.0
423,3,10,150,46,0.0
424,3,10,150,46,0.13291000263869587
425,3,10,150,46,0.0
426,3,10,150,46,0.10004388309532918
427,3,10,150,46,0.0
428,3,10,150,46,0.0
429,3,10,150,46,0.18518188687210455
430,3,10,150,46,0.062242588308449316
431,3,10,150,46,0.0
432,3,10,150,46,0.0
433,3,10,150,46,0.0
434,3,10,150,46,0.2247819585714142
435,3,10,150,46,0.2893581059506143
436,3,10,150,46,0.09291494561763272
437,3,10,150,46,0.05112779552045567
438,3,10,150,46,0.0
439,3,10,150,46,0.0
440,3,10,150,46,0.07261318787584015
441,3,10,150,46,0.0
442,3,10,150,46,0.058478916078390675
443,3,10,150,46,0.056720838976548935
444,3,10,150,46,0.19519002499605084
445,3,10,150,46,0.0
446,3,10,150,46,0.0
447,3,10,150,46,0.09914294517496557
448,3,10,150,46,0.0
449,3,10,150,46,0.0
450,3,10,150,46,0.36529724620159604
451,3,10,150,46,0.0
452,3,10,150,46,0.05238205484039483
453,3,10,150,46,0.13392124957971085
454,3,10,150,46,0.0
455,3,10,150,46,0.1760702282199838
456,3,10,150,46,0.1310721461718714
457,3,10,150,46,0.49837405164092513
458,3,10,150,46,0.1310930691652382
459,3,10,150,46,0.04901586605894737
460,3,10,150,46,0.0
461,3,10,150,46,0.10778915452451093
462,3,10,150,46,0.16728714615527887
463,3,10,150,46,0.1032589365938857
464,3,10,150,46,0.04931346192675315
465,3,10,150,46,0.0733934381893728
466,3,10,150,46,0.0750834162528243
467,3,10,150,46,0.032842167909375275
468,3,10,150,46,0.4424763580282471
469,3,10,150,46,0.050924439617225085
470,3,10,150,46,0.040162930685297936
471,3,10,150,46,0.0
472,3,10,150,46,0.32264594523773066
473,3,10,150,46,0.050005013043213774
474,3,10,150,46,0.3831147294977178
475,3,10,150,46,0.0
476,3,10,150,46,0.12097589732794561
477,3,10,150,46,0.0
478,3,10,150,46,0.2059565668593519
479,3,10,150,46,0.08239727742116776
480,3,10,150,46,0.0881980292211471
481,3,10,150,46,0.0
482,3,10,150,46,0.10209739512291163
483,3,10,150,46,0.06194403202282284
484,3,10,150,46,0.26052525606915383
485,3,10,150,46,0.0
486,3,10,150,46,0.06108300840136219
487,3,10,150,46,0.10808871865595475
488,3,10,150,46,0.05887472794707303
489,3,10,150,46,0.0
490,3,10,150,46,0.06490403551612171
491,3,10,150,46,0.17758207479178334
492,3,10,150,46,0.08328180879069912
493,3,10,150,46,0.23552414445241532
494,3,10,150,46,0.11299367690705851
495,3,10,150,46,0.11820833839821905
496,3,10,150,46,0.07271211160102074
497,3,10,150,46,0.031742806389256244
498,3,10,150,46,0.0343217267714905
499,3,10,150,46,0.07949576586393835
500,3,10,150,46,0.053738813591795664
501,3,10,150,46,0.0
502,3,10,150,46,0.0
503,3,10,150,46,0.24036422385960213
504,3,10,150,46,0.07484360559254696
505,3,10,150,46,0.025255271126572616
506,3,10,150,46,0.1606409656760505
507,3,10,150,46,0.0
508,3,10,150,46,0.17050987036516796
509,3,10,150,46,0.0
510,3,10,150,46,0.17032928501352598
511,3,10,150,46,0.12155021559723776
512,3,10,150,46,0.0
513,3,10,150,46,0.05276490902632437
514,3,10,150,46,0.23866760292416558
515,3,10,150,46,0.0
516,3,10,150,46,0.07947838320659593
517,3,10,150,46,0.03859643636257609
518,3,10,150,46,0.05268083714989503
519,3,10,150,46,0.0
520,3,10,150,46,0.0
521,3,10,150,46,0.0820539641838793
522,3,10,150,46,0.16542389351858164
523,3,10,150,46,0.14958239437556436
524,3,10,150,46,0.059318101249417166
525,3,10,150,46,0.06516045994396072
526,3,10,150,46,0.03112959369469351
527,3,10,150,46,0.19506396932902903
528,3,10,150,46,0.1255942414278791
529,3,10,150,46,0.03208343640786788
530,3,10,150,46,0.0
531,3,10,150,46,0.0
532,3,10,150,46,0.20384927575502398
533,3,10,150,46,0.17631741137149345
534,3,10,150,46,0.07661469829347552
535,3,10,150,46,0.26140361679000207
536,3,10,150,46,0.17055136829229767
537,3,10,150,46,0.39704639772399836
538,3,10,150,46,0.09944592215223559
539,3,10,150,46,0.04851068933953057
540,3,10,150,46,0.0
541,3,10,150,46,0.06337469398538446
542,3,10,150,46,0.04294079226347803
543,3,10,150,46,0.0
544,3,10,150,46,0.0
545,3,10,150,46,0.18382159593810143
546,3,10,150,46,0.10441409560474312
547,3,10,150,46,0.0
548,3,10,150,46,0.07771980341967233
549,3,10,150,46,0.10184659627402569
550,3,10,150,46,0.0845667599404342
551,3,10,150,46,0.23812478411178928
552,3,10,150,46,0.0
553,3,10,150,46,0.11580126188886303
554,3,10,150,46,0.0
555,3,10,150,46,0.037070343480771185
556,3,10,150,46,0.2436420788359897
557,3,10,150,46,0.044530079137671444
558,3,10,150,46,0.21398626473452756
559,3,10,150,46,0.07557866567222271
560,3,10,150,46,0.11942337490935596
561,3,10,150,46,0.09450493835615523
562,3,10,150,46,0.0900117306380905
563,3,10,150,46,0.10791970824616881
564,3,10,150,46,0.0
565,3,10,150,46,0.14337418847532693
566,3,10,150,46,0.11935234359120704
567,3,10,150,46,0.3588007693939298
568,3,10,150,46,0.07161318866452264
569,3,10,150,46,0.023835426911994775
570,3,10,150,46,0.0
571,3,10,150,46,0.0512644431393966
572,3,10,150,46,0.30260241349881345
573,3,10,150,46,0.0
574,3,10,150,46,0.0
575,3,10,150,46,0.13043262693172047
576,3,10,150,46,0.0
577,3,10,150,46,0.21097123807439086
578,3,10,150,46,0.0
579,3,10,150,46,0.06152644703210656
580,3,10,150,46,0.03144137376097698
581,3,10,150,46,0.0
582,3,10,150,46,0.06679511870650716
583,3,10,150,46,0.0874717141014082
584,3,10,150,46,0.20261715588288354
585,3,10,150,46,0.042225550968526857
586,3,10,150,46,0.08685616186330636
587,3,10,150,46,0.0
588,3,10,150,46,0.24387413607986863
589,3,10,150,46,0.0
590,3,10,150,46,0.17154483744357613
591,3,10,150,46,0.08651464973019597
592,3,10,150,46,0.3447395437619303
593,3,10,150,46,0.12948501443360316
594,3,10,150,46,0.0
595,3,10,150,46,0.039821499536505725
596,3,10,150,46,0.09803928583135704
597,3,10,150,46,0.0
598,3,10,150,46,0.0
599,3,10,150,46,0.02506539947940475
600,3,10,150,46,0.13574631165894233
601,3,10,150,46,0.15852495606846112
602,3,10,150,46,0.041278922835426404
603,3,10,150,46,0.12541207695631323
604,3,10,150,46,0.0
605,3,10,150,46,0.15136987527520723
606,3,10,150,46,0.4032308856397556
607,3,10,150,46,0.0308875359117713
608,3,10,150,46,0.24687865102599735
609,3,10,150,46,0.0
610,3,10,150,46,0.08443863559321411
611,3,10,150,46,0.0
612,3,10,150,46,0.09162544430476362
613,3,10,150,46,0.1652462050665711
614,3,10,150,46,0.1467868763787456
615,3,10,150,46,0.10737689423316772
616,3,10,150,46,0.030480958763669998
617,3,10,150,46,0.020730875129846955
618,3,10,150,46,0.0820539641838793
619,3,10,150,46,0.13379581792476064
620,3,10,150,46,0.1717765398347941
621,3,10,150,46,0.10446049493280087
622,3,10,150,46,0.22732595941729974
623,3,10,150,46,0.04214302778527282
624,3,10,150,46,0.022174111844496937
625,3,10,150,46,0.06672272773479279
626,3,10,150,46,0.0
627,3,10,150,46,0.14098654582281664
628,3,10,150,46,0.0
629,3,10,150,46,0.24978631516616068
630,3,10,150,46,0.10834532177911152
631,3,10,150,46,0.13449792459172438
632,3,10,150,46,0.05388267057097896
633,3,10,150,46,0.050456115328747164
634,3,10,150,46,0.10948286154493786
635,3,10,150,46,0.0
636,3,10,150,46,0.3615974840572412
637,3,10,150,46,0.014941034063478091
638,3,10,150,46,0.05152901435389809
639,3,10,150,46,0.0
640,3,10,150,46,0.14425563056478402
641,3,10,150,46,0.051358492238643604
642,3,10,150,46,0.3405224154767478
643,3,10,150,46,0.31604097897942973
644,3,10,150,46,0.0
645,3,10,150,46,0.11764741163558544
646,3,10,150,46,0.11243817952384734
647,3,10,150,46,0.06590268968688952
648,3,10,150,46,0.30100602671085713
649,3,10,150,46,0.0
650,3,10,150,46,0.13790617410083975
651,3,10,150,46,0.0
652,3,10,150,46,0.0
653,3,10,150,46,0.14209338753735556
654,3,10,150,46,0.07355250308475117
655,3,10,150,46,0.45888614373361103
656,3,10,150,46,0.0
657,3,10,150,46,0.2504953915210566
658,3,10,150,46,0.069831161662907
659,3,10,150,46,0.13162788046523025
660,3,10,150,46,0.0
661,3,10,150,46,0.13161575809541362
662,3,10,150,46,0.0
663,3,10,150,46,0.13766098003749191
664,3,10,150,46,0.3409737571388138
665,3,10,150,46,0.04102698209193965
666,3,10,150,46,0.1568845869851526
667,3,10,150,46,0.07826166552478557
668,3,10,150,46,0.0
669,3,10,150,46,0.19588788032265295
670,3,10,150,46,0.0
671,3,10,150,46,0.1877976882977943
672,3,10,150,46,0.048159222084064895
673,3,10,150,46,0.0
674,3,10,150,46,0.0
675,3,10,150,46,0.0382580635535654
676,3,10,150,46,0.22358931366364498
677,3,10,150,46,0.0720796116407523
678,3,10,150,46,0.0
679,3,10,150,46,0.14168597692965199
680,3,10,150,46,0.0
681,3,10,150,46,0.0
682,3,10,150,46,0.3376681574182429
683,3,10,150,46,0.02677435355254797
684,3,10,150,46,0.03158850394477252
685,3,10,150,46,0.09030583455080088
686,3,10,150,46,0.10437401422295152
687,3,10,150,46,0.0
688,3,10,150,46,0.0
689,3,10,150,46,0.37279254620421465
690,3,10,150,46,0.23383654521627753
691,3,10,150,46,0.6023709850354425
692,3,10,150,46,0.03353522641880846
693,3,10,150,46,0.05585220991696044
694,3,10,150,46,0.2391985494495248
695,3,10,150,46,0.0
696,3,10,150,46,0.08111636357522063
697,3,10,150,46,0.06832568397816181
698,3,10,150,46,0.0
699,3,10,150,46,0.05339322853006924
700,3,10,150,46,0.0
701,3,10,150,46,0.0906790485156717
702,3,10,150,46,0.0
703,3,10,150,46,0.21888235022994418
704,3,10,150,46,0.16668399590164457
705,3,10,150,46,0.20330387449508439
706,3,10,150,46,0.0
707,3,10,150,46,0.2746831961659056
708,3,10,150,46,0.03476299583640518
709,3,10,150,46,0.15374288717704804
710,3,10,150,46,0.25040922491354684
711,3,10,150,46,0.22166651260812134
712,3,10,150,46,0.09373913478284022
713,3,10,150,46,0.0
714,3,10,150,46,0.09998274523051486
715,3,10,150,46,0.21602885273695327
716,3,10,150,46,0.3300887970590854
717,3,10,150,46,0.08455030681958395
718,3,10,150,46,0.0
719,3,10,150,46,0.10353175087921149
720,3,10,150,46,0.0
721,3,10,150,46,0.08400271593144024
722,3,10,150,46,0.07401896317743158
723,3,10,150,46,0.0
724,3,10,150,46,0.0
725,3,10,150,46,0.0
726,3,10,150,46,0.061080020762274374
727,3,10,150,46,0.10558666918696288
728,3,10,150,46,0.0
729,3,10,150,46,0.0
730,3,10,150,46,0.0
731,3,10,150,46,0.1935015812983906
732,3,10,150,46,0.05717828980196049
733,3,10,150,46,0.020730875129846955
734,3,10,150,46,0.08131766139183766
735,3,10,150,46,0.08151055815578559
736,3,10,150,46,0.047009109882897075
737,3,10,150,46,0.12127716502890909
738,3,10,150,46,0.10769265075322097
739,3,10,150,46,0.18767092572990207
740,3,10,150,46,0.0523780734795101
741,3,10,150,46,0.0787396033907249
742,3,10,150,46,0.0527075128660253
743,3,10,150,46,0.1194783875505714
744,3,10,150,46,0.0
745,3,10,150,46,0.06774344219296054
746,3,10,150,46,0.24124954544361757
747,3,10,150,46,0.19468317833184667
748,3,10,150,46,0.04132344798443041
749,3,10,150,46,0.36943100400021545
750,3,10,150,46,0.18000575664763457
751,3,10,150,46,0.05059789125164855
752,3,10,150,46,0.08155432360208091
753,3,10,150,46,0.04072612696308379
754,3,10,150,46,0.0
755,3,10,150,46,0.0
756,3,10,150,46,0.044143057780823704
757,3,10,150,46,0.11365537763388239
758,3,10,150,46,0.21970140711870556
759,3,10,150,46,0.0
760,3,10,150,46,0.16006374561654185
761,3,10,150,46,0.17663858756688974
762,3,10,150,46,0.0
763,3,10,150,46,0.07485420266316953
764,3,10,150,46,0.024619085952596504
765,3,10,150,46,0.0
766,3,10,150,46,0.03975211036316478
767,3,10,150,46,0.1269544353559099
768,3,10,150,46,0.05059568297461706
769,3,10,150,46,0.0
770,3,10,150,46,0.18348359547343202
771,3,10,150,46,0.02778871948897756
772,3,10,150,46,0.0
773,3,10,150,46,0.14052732258781897
774,3,10,150,46,0.0
775,3,10,150,46,0.0
776,3,10,150,46,0.0
777,3,10,150,46,0.0
778,3,10,150,46,0.08961728720334347
779,3,10,150,46,0.0
780,3,10,150,46,0.12311997034702767
781,3,10,150,46,0.12572447169101508
782,3,10,150,46,0.0
783,3,10,150,46,0.0
784,3,10,150,46,0.04582425041433568
785,3,10,150,46,0.2848262604068979
786,3,10,150,46,0.13901223847985233
787,3,10,150,46,0.0
788,3,10,150,46,0.05397863342480505
789,3,10,150,46,0.14531023848228133
790,3,10,150,46,0.072283778448066
791,3,10,150,46,0.059480024314918285
792,3,10,150,46,0.0946587791577201
793,3,10,150,46,0.11843263243420837
794,3,10,150,46,0.1578863001786244
795,3,10,150,46,0.06886690743551852
796,3,10,150,46,0.10052958165450536
797,3,10,150,46,0.13905617951077562
798,3,10,150,46,0.0
799,3,10,150,46,0.2836929289153804
800,3,10,150,46,0.0
801,3,10,150,46,0.0
802,3,10,150,46,0.05621908976192367
803,3,10,150,46,0.0
804,3,10,150,46,0.2802534629306163
805,3,10,150,46,0.14196992055097526
806,3,10,150,46,0.06379369995120096
807,3,10,150,46,0.17160454114393403
808,3,10,150,46,0.0
809,3,10,150,46,0.0
810,3,10,150,46,0.0
811,3,10,150,46,0.0
812,3,10,150,46,0.11600766930798434
813,3,10,150,46,0.0
814,3,10,150,46,0.0
815,3,10,150,46,0.10380674919178415
816,3,10,150,46,0.10105367325027378
817,3,10,150,46,0.0
818,3,10,150,46,0.0
819,3,10,150,46,0.0
820,3,10,150,46,0.12262943855309168
821,3,10,150,46,0.053168340515114924
822,3,10,150,46,0.0
823,3,10,150,46,0.10148718580906937
824,3,10,150,46,0.0
825,3,10,150,46,0.16434089815347858
826,3,10,150,46,0.1104586032397152
827,3,10,150,46,0.0
828,3,10,150,46,0.0
829,3,10,150,46,0.08143169212679746
830,3,10,150,46,0.13003750163762204
831,3,10,150,46,0.04522637401768292
832,3,10,150,46,0.0
833,3,10,150,46,0.05828935682373833
834,3,10,150,46,0.0
835,3,10,150,46,0.0735972053503585
836,3,10,150,46,0.05097554749895306
837,3,10,150,46,0.05351287869030783
838,3,10,150,46,0.08633629724227374
839,3,10,150,46,0.0
840,3,10,150,46,0.10243256189486287
841,3,10,150,46,0.0
842,3,10,150,46,0.0
843,3,10,150,46,0.04209275315645388
844,3,10,150,46,0.0
845,3,10,150,46,0.0
846,3,10,150,46,0.09924548857390884
847,3,10,150,46,0.0
848,3,10,150,46,0.03618657486793958
849,3,10,150,46,0.0
850,3,10,150,46,0.06228974831361337
851,3,10,150,46,0.2277008805972924
852,3,10,150,46,0.07256783117062009
853,3,10,150,46,0.0
854,3,10,150,46,0.0
855,3,10,150,46,0.0
856,3,10,150,46,0.0
857,3,10,150,46,0.0
858,3,10,150,46,0.0
859,3,10,150,46,0.0
860,3,10,150,46,0.0
861,3,10,150,46,0.12754356661958802
862,3,10,150,46,0.1014543205029727
863,3,10,150,46,0.0
864,3,10,150,46,0.1615328695620339
865,3,10,150,46,0.0
866,3,10,150,46,0.0
867,3,10,150,46,0.13120507751234178
868,3,10,150,46,0.0
870,3,10,150,46,0.0
871,3,10,150,46,0.0
872,3,10,150,46,0.0
875,3,10,150,46,0.1395953738647505
876,3,10,150,46,0.0
877,3,10,150,46,0.0
1,3,10,150,47,0.6247579375131872
2,3,10,150,47,0.10688238502350729
3,3,10,150,47,0.0
4,3,10,150,47,0.0
5,3,10,150,47,0.0583775815185038
6,3,10,150,47,0.05340978172012693
7,3,10,150,47,0.1859116433620355
8,3,10,150,47,0.0554835367217868
9,3,10,150,47,0.0
10,3,10,150,47,0.16409920264511527
11,3,10,150,47,0.049016076581777215
12,3,10,150,47,0.0
13,3,10,150,47,0.21368537954742717
14,3,10,150,47,0.05601843521033356
15,3,10,150,47,0.0
16,3,10,150,47,0.14029495523984678
17,3,10,150,47,0.12066394366711926
18,3,10,150,47,0.16957655256734583
19,3,10,150,47,0.0
20,3,10,150,47,0.14530105135237878
21,3,10,150,47,0.03475017269886857
22,3,10,150,47,0.09255370591399972
23,3,10,150,47,0.16093766472693694
24,3,10,150,47,0.311062094929455
25,3,10,150,47,0.0
26,3,10,150,47,0.0
28,3,10,150,47,0.0
29,3,10,150,47,0.0
30,3,10,150,47,0.0979129253499678
31,3,10,150,47,0.06076546216996844
32,3,10,150,47,0.0
33,3,10,150,47,0.0
34,3,10,150,47,0.0
35,3,10,150,47,0.07108348368841133
37,3,10,150,47,0.0488929053971083
38,3,10,150,47,0.0
39,3,10,150,47,0.0
40,3,10,150,47,0.0
41,3,10,150,47,0.0
42,3,10,150,47,0.11676800180580715
43,3,10,150,47,0.23313760932547176
44,3,10,150,47,0.07698159974258616
45,3,10,150,47,0.0
46,3,10,150,47,0.14434031438272124
47,3,10,150,47,0.0
48,3,10,150,47,0.14225564083314088
49,3,10,150,47,0.08545966314334597
50,3,10,150,47,0.0
51,3,10,150,47,0.18953836965473142
52,3,10,150,47,0.04892579731758021
53,3,10,150,47,0.09546043308946733
54,3,10,150,47,0.07984133538066794
55,3,10,150,47,0.0
56,3,10,150,47,0.03975645576081676
57,3,10,150,47,0.0
58,3,10,150,47,0.10796876451088402
59,3,10,150,47,0.18406679109757917
60,3,10,150,47,0.12123807080432077
61,3,10,150,47,0.0
62,3,10,150,47,0.03806940785769845
63,3,10,150,47,0.03554915059547175
64,3,10,150,47,0.0
65,3,10,150,47,0.2994759515353249
66,3,10,150,47,0.0
67,3,10,150,47,0.0
68,3,10,150,47,0.0
69,3,10,150,47,0.08005849613714276
70,3,10,150,47,0.0
71,3,10,150,47,0.07955752067133452
72,3,10,150,47,0.16084022171949366
73,3,10,150,47,0.051960280791503534
74,3,10,150,47,0.0
75,3,10,150,47,0.11731968150568911
76,3,10,150,47,0.14804398249667974
77,3,10,150,47,0.45287742747371695
78,3,10,150,47,0.0
79,3,10,150,47,0.0
80,3,10,150,47,0.08297572808511901
81,3,10,150,47,0.0
82,3,10,150,47,0.08926877557705373
83,3,10,150,47,0.04630610387058298
84,3,10,150,47,0.0
85,3,10,150,47,0.06966660916502733
86,3,10,150,47,0.07738888769495082
87,3,10,150,47,0.10058161863664324
88,3,10,150,47,0.0
89,3,10,150,47,0.22860031301980846
90,3,10,150,47,0.18371373940702912
91,3,10,150,47,0.13114221140465185
92,3,10,150,47,0.04159351930270302
93,3,10,150,47,0.0
94,3,10,150,47,0.1823800899764044
95,3,10,150,47,0.061836172422412086
96,3,10,150,47,0.19186450284072096
97,3,10,150,47,0.09558339637123096
98,3,10,150,47,0.08878770367712427
99,3,10,150,47,0.0
100,3,10,150,47,0.0892789338684584
101,3,10,150,47,0.0
102,3,10,150,47,0.026001814664123827
103,3,10,150,47,0.07673373981757839
104,3,10,150,47,0.12171451575741458
106,3,10,150,47,0.05261577455142312
107,3,10,150,47,0.0
108,3,10,150,47,0.0
109,3,10,150,47,0.11259960483764554
110,3,10,150,47,0.039667414566743345
111,3,10,150,47,0.0
112,3,10,150,47,0.06510475888148554
113,3,10,150,47,0.05449144662575446
114,3,10,150,47,0.07610811271330754
115,3,10,150,47,0.046806851959664796
116,3,10,150,47,0.07814915695077672
117,3,10,150,47,0.053589621006720926
118,3,10,150,47,0.0
119,3,10,150,47,0.06127983274634642
121,3,10,150,47,0.06245141164382474
122,3,10,150,47,0.03984598490051017
123,3,10,150,47,0.46927872602275644
124,3,10,150,47,0.10889376106823218
125,3,10,150,47,0.1132417131967153
126,3,10,150,47,0.0
127,3,10,150,47,0.0
128,3,10,150,47,0.027576277569513717
129,3,10,150,47,0.0
130,3,10,150,47,0.06359766623551306
131,3,10,150,47,0.2803335894048546
132,3,10,150,47,0.09109240322345806
133,3,10,150,47,0.0
134,3,10,150,47,0.0
135,3,10,150,47,0.0
136,3,10,150,47,0.40257390286801836
137,3,10,150,47,0.0
138,3,10,150,47,0.21222747957761057
139,3,10,150,47,0.0
140,3,10,150,47,0.0
141,3,10,150,47,0.15194751309721466
142,3,10,150,47,0.30260241349881345
143,3,10,150,47,0.0
144,3,10,150,47,0.19201969646868908
145,3,10,150,47,0.06384607724228114
146,3,10,150,47,0.0
147,3,10,150,47,0.07610811271330754
148,3,10,150,47,0.042512356679180144
149,3,10,150,47,0.05446824630887794
150,3,10,150,47,0.0
151,3,10,150,47,0.13015552819736165
152,3,10,150,47,0.026230448379684728
153,3,10,150,47,0.06516188295518531
154,3,10,150,47,0.055100238151135045
155,3,10,150,47,0.0
156,3,10,150,47,0.07028063830038406
157,3,10,150,47,0.0
158,3,10,150,47,0.055805240881847164
159,3,10,150,47,0.11026617795298452
160,3,10,150,47,0.03054796129008474
161,3,10,150,47,0.0
162,3,10,150,47,0.0
163,3,10,150,47,0.0
164,3,10,150,47,0.0
165,3,10,150,47,0.09149012142095872
166,3,10,150,47,0.0
167,3,10,150,47,0.03395822402998728
168,3,10,150,47,0.0
169,3,10,150,47,0.055427457405235275
170,3,10,150,47,0.0
171,3,10,150,47,0.0
172,3,10,150,47,0.0
173,3,10,150,47,0.0
174,3,10,150,47,0.05481171384122219
175,3,10,150,47,0.4413254197204702
176,3,10,150,47,0.0347693136731627
177,3,10,150,47,0.0
178,3,10,150,47,0.18053947820976404
179,3,10,150,47,0.06599888514927177
180,3,10,150,47,0.0
181,3,10,150,47,0.03867433300268152
182,3,10,150,47,0.13120507751234178
183,3,10,150,47,0.0
184,3,10,150,47,0.0
185,3,10,150,47,0.0
186,3,10,150,47,0.0
187,3,10,150,47,0.2004102107997965
188,3,10,150,47,0.0
189,3,10,150,47,0.22982757951573698
190,3,10,150,47,0.0
191,3,10,150,47,0.07335312372354855
192,3,10,150,47,0.0
193,3,10,150,47,0.0
194,3,10,150,47,0.03511240359718155
195,3,10,150,47,0.061734604266276284
196,3,10,150,47,0.17342765698823945
197,3,10,150,47,0.07304192939088519
198,3,10,150,47,0.10387325901274824
199,3,10,150,47,0.0
200,3,10,150,47,0.055179303887787655
201,3,10,150,47,0.18158053312711644
202,3,10,150,47,0.0
203,3,10,150,47,0.0
204,3,10,150,47,0.0
205,3,10,150,47,0.11600766930798434
206,3,10,150,47,0.0
207,3,10,150,47,0.0643667663843211
208,3,10,150,47,0.0
209,3,10,150,47,0.070675417981692
210,3,10,150,47,0.0
211,3,10,150,47,0.0
212,3,10,150,47,0.0559167101555819
213,3,10,150,47,0.08985507164305877
214,3,10,150,47,0.1257260924843343
215,3,10,150,47,0.157288596461893
216,3,10,150,47,0.27735230728218535
217,3,10,150,47,0.13000004444613666
218,3,10,150,47,0.06323567569191428
219,3,10,150,47,0.0
220,3,10,150,47,0.07807600999842033
221,3,10,150,47,0.09964173287591703
222,3,10,150,47,0.15475128065254648
223,3,10,150,47,0.039270700903099615
224,3,10,150,47,0.0
225,3,10,150,47,0.0
226,3,10,150,47,0.0
227,3,10,150,47,0.0
229,3,10,150,47,0.0
230,3,10,150,47,0.10228729060357176
231,3,10,150,47,0.0
232,3,10,150,47,0.0
233,3,10,150,47,0.15206723475089307
234,3,10,150,47,0.11888154073446901
235,3,10,150,47,0.08312042273022706
236,3,10,150,47,0.12127042983235181
237,3,10,150,47,0.0
238,3,10,150,47,0.0
239,3,10,150,47,0.12691627784085696
240,3,10,150,47,0.10235170428306553
241,3,10,150,47,0.1381300260171807
242,3,10,150,47,0.0
243,3,10,150,47,0.0
244,3,10,150,47,0.1324362264265921
245,3,10,150,47,0.0
246,3,10,150,47,0.08356426880363813
247,3,10,150,47,0.15642624200758548
248,3,10,150,47,0.23451355966072135
249,3,10,150,47,0.3041992014465808
250,3,10,150,47,0.07806699296748765
251,3,10,150,47,0.0
252,3,10,150,47,0.0
253,3,10,150,47,0.0
254,3,10,150,47,0.036502603141236205
255,3,10,150,47,0.07910544779148235
256,3,10,150,47,0.027736288621349494
257,3,10,150,47,0.12830873359117523
258,3,10,150,47,0.0
259,3,10,150,47,0.0
260,3,10,150,47,0.0
261,3,10,150,47,0.0
262,3,10,150,47,0.0
263,3,10,150,47,0.32837769821077345
264,3,10,150,47,0.2969281197911131
265,3,10,150,47,0.19802572813668026
266,3,10,150,47,0.0
267,3,10,150,47,0.21076490690365068
268,3,10,150,47,0.11446835466147644
269,3,10,150,47,0.040019695500760184
270,3,10,150,47,0.0
271,3,10,150,47,0.10729393508609222
272,3,10,150,47,0.0
273,3,10,150,47,0.0
274,3,10,150,47,0.0
275,3,10,150,47,0.0
276,3,10,150,47,0.24317164498239352
277,3,10,150,47,0.0
278,3,10,150,47,0.0
279,3,10,150,47,0.12744923105913022
280,3,10,150,47,0.07316593591075989
281,3,10,150,47,0.0
282,3,10,150,47,0.09659953929285248
283,3,10,150,47,0.0
284,3,10,150,47,0.0
285,3,10,150,47,0.0
286,3,10,150,47,0.0
287,3,10,150,47,0.0
288,3,10,150,47,0.13999259891013252
289,3,10,150,47,0.0
290,3,10,150,47,0.09647783930421741
291,3,10,150,47,0.1597961264272766
292,3,10,150,47,0.27665227928348557
293,3,10,150,47,0.028805010136509015
294,3,10,150,47,0.052007328240412425
295,3,10,150,47,0.12123998403830039
296,3,10,150,47,0.1313923743616208
297,3,10,150,47,0.030868393892711742
298,3,10,150,47,0.11387979861196414
299,3,10,150,47,0.06251231174305825
300,3,10,150,47,0.0
301,3,10,150,47,0.1296575124303738
302,3,10,150,47,0.07335312372354855
303,3,10,150,47,0.21803523266404323
304,3,10,150,47,0.0
305,3,10,150,47,0.05428021340641747
306,3,10,150,47,0.0
307,3,10,150,47,0.13128644747266613
308,3,10,150,47,0.03482704187296144
309,3,10,150,47,0.0
310,3,10,150,47,0.2890648263178879
311,3,10,150,47,0.17512035582237062
312,3,10,150,47,0.12252303129650513
313,3,10,150,47,0.09586943528179451
314,3,10,150,47,0.10507089418815024
315,3,10,150,47,0.09785159463516042
316,3,10,150,47,0.06076546216996844
317,3,10,150,47,0.0
318,3,10,150,47,0.07377376675297492
319,3,10,150,47,0.0
320,3,10,150,47,0.08947300054212491
321,3,10,150,47,0.08223795175588802
322,3,10,150,47,0.07955752067133452
323,3,10,150,47,0.12229181918924699
324,3,10,150,47,0.0
325,3,10,150,47,0.0
326,3,10,150,47,0.10817904857938596
327,3,10,150,47,0.0
328,3,10,150,47,0.11126818073657672
329,3,10,150,47,0.056720838976548935
330,3,10,150,47,0.3028509129070748
331,3,10,150,47,0.0
332,3,10,150,47,0.062485704801737485
333,3,10,150,47,0.0
334,3,10,150,47,0.13017214639709598
335,3,10,150,47,0.0
336,3,10,150,47,0.0
337,3,10,150,47,0.09992090652113537
338,3,10,150,47,0.04358896759704514
339,3,10,150,47,0.145767359678607
340,3,10,150,47,0.12647135138382856
341,3,10,150,47,0.0
342,3,10,150,47,0.10109476984709632
343,3,10,150,47,0.3116831652805822
344,3,10,150,47,0.13804010954782428
345,3,10,150,47,0.1302817386077542
346,3,10,150,47,0.10809528579756168
347,3,10,150,47,0.09642724089192412
348,3,10,150,47,0.0
349,3,10,150,47,0.07123530534387781
350,3,10,150,47,0.2314071217459096
351,3,10,150,47,0.0
352,3,10,150,47,0.16282653392890226
353,3,10,150,47,0.09489642549953911
354,3,10,150,47,0.033699515540238464
355,3,10,150,47,0.0
356,3,10,150,47,0.0
357,3,10,150,47,0.0
358,3,10,150,47,0.26730206653594746
359,3,10,150,47,0.0749368547125808
360,3,10,150,47,0.10496459329418281
361,3,10,150,47,0.0
362,3,10,150,47,0.0
363,3,10,150,47,0.192146845870057
364,3,10,150,47,0.0
365,3,10,150,47,0.0989084497079971
366,3,10,150,47,0.10684080426179023
367,3,10,150,47,0.1410054764628891
368,3,10,150,47,0.0
369,3,10,150,47,0.0
370,3,10,150,47,0.045683428159663184
371,3,10,150,47,0.09892739847751293
372,3,10,150,47,0.10673919722548196
373,3,10,150,47,0.18128610071101886
374,3,10,150,47,0.1523273086076386
375,3,10,150,47,0.0
376,3,10,150,47,0.0
377,3,10,150,47,0.053168340515114924
378,3,10,150,47,0.07007258329180549
379,3,10,150,47,0.13557533657177168
380,3,10,150,47,0.0
381,3,10,150,47,0.08294243278442993
382,3,10,150,47,0.07847428227110642
383,3,10,150,47,0.0
384,3,10,150,47,0.08759200575528697
385,3,10,150,47,0.1546778125427113
386,3,10,150,47,0.0
387,3,10,150,47,0.039245737563259026
388,3,10,150,47,0.0
389,3,10,150,47,0.12890160712272594
390,3,10,150,47,0.21398626473452756
391,3,10,150,47,0.2558645268575362
392,3,10,150,47,0.06327372362257774
393,3,10,150,47,0.12988736886981872
394,3,10,150,47,0.12900206501129066
395,3,10,150,47,0.09286934188709499
396,3,10,150,47,0.0
397,3,10,150,47,0.10643931441962817
398,3,10,150,47,0.10538252056401418
399,3,10,150,47,0.014558392915476373
400,3,10,150,47,0.0
401,3,10,150,47,0.0
402,3,10,150,47,0.469779625693621
403,3,10,150,47,0.0
404,3,10,150,47,0.0
405,3,10,150,47,0.2434532874000786
406,3,10,150,47,0.17268828773479286
407,3,10,150,47,0.07659448147898817
408,3,10,150,47,0.12083071655728543
409,3,10,150,47,0.13530747380914224
410,3,10,150,47,0.0
411,3,10,150,47,0.1128999930808451
412,3,10,150,47,0.0
413,3,10,150,47,0.10122860821230018
414,3,10,150,47,0.0
415,3,10,150,47,0.07605458145297357
416,3,10,150,47,0.29462800321264715
417,3,10,150,47,0.0751529536182127
418,3,10,150,47,0.07001560573318603
419,3,10,150,47,0.2098021491169666
420,3,10,150,47,0.0527075128660253
421,3,10,150,47,0.202729931306865
422,3,10,150,47,0.0
423,3,10,150,47,0.0
424,3,10,150,47,0.13291000263869587
425,3,10,150,47,0.0
426,3,10,150,47,0.10004388309532918
427,3,10,150,47,0.0
428,3,10,150,47,0.0
429,3,10,150,47,0.18250059804808108
430,3,10,150,47,0.062242588308449316
431,3,10,150,47,0.0
432,3,10,150,47,0.0
433,3,10,150,47,0.0
434,3,10,150,47,0.2247819585714142
435,3,10,150,47,0.2851684269883202
436,3,10,150,47,0.09291494561763272
437,3,10,150,47,0.05038750504690285
438,3,10,150,47,0.0
439,3,10,150,47,0.0
440,3,10,150,47,0.07261318787584015
441,3,10,150,47,0.0
442,3,10,150,47,0.058478916078390675
443,3,10,150,47,0.056720838976548935
444,3,10,150,47,0.19519002499605084
445,3,10,150,47,0.0
446,3,10,150,47,0.0
447,3,10,150,47,0.09914294517496557
448,3,10,150,47,0.0
449,3,10,150,47,0.0
450,3,10,150,47,0.36000802790799824
451,3,10,150,47,0.0
452,3,10,150,47,0.05162360367330019
453,3,10,150,47,0.13392124957971085
454,3,10,150,47,0.0
455,3,10,150,47,0.1760702282199838
456,3,10,150,47,0.1310721461718714
457,3,10,150,47,0.49115798533217747
458,3,10,150,47,0.1291949440991379
459,3,10,150,47,0.04901586605894737
460,3,10,150,47,0.0
461,3,10,150,47,0.10778915452451093
462,3,10,150,47,0.16728714615527887
463,3,10,150,47,0.1032589365938857
464,3,10,150,47,0.04931346192675315
465,3,10,150,47,0.0733934381893728
466,3,10,150,47,0.0750834162528243
467,3,10,150,47,0.032842167909375275
468,3,10,150,47,0.4424763580282471
469,3,10,150,47,0.050924439617225085
470,3,10,150,47,0.040162930685297936
471,3,10,150,47,0.0
472,3,10,150,47,0.31797428440904546
473,3,10,150,47,0.050005013043213774
474,3,10,150,47,0.3775675279875049
475,3,10,150,47,0.0
476,3,10,150,47,0.12097589732794561
477,3,10,150,47,0.0
478,3,10,150,47,0.2059565668593519
479,3,10,150,47,0.08120422931689002
480,3,10,150,47,0.0881980292211471
481,3,10,150,47,0.0
482,3,10,150,47,0.10209739512291163
483,3,10,150,47,0.06194403202282284
484,3,10,150,47,0.26052525606915383
485,3,10,150,47,0.0
486,3,10,150,47,0.06108300840136219
487,3,10,150,47,0.12100289612267376
488,3,10,150,47,0.05887472794707303
489,3,10,150,47,0.0
490,3,10,150,47,0.06490403551612171
491,3,10,150,47,0.17758207479178334
492,3,10,150,47,0.08328180879069912
493,3,10,150,47,0.23552414445241532
494,3,10,150,47,0.11299367690705851
495,3,10,150,47,0.11649677415180638
496,3,10,150,47,0.07271211160102074
497,3,10,150,47,0.03128319539029587
498,3,10,150,47,0.0343217267714905
499,3,10,150,47,0.07949576586393835
500,3,10,150,47,0.0529607176195936
501,3,10,150,47,0.0
502,3,10,150,47,0.0
503,3,10,150,47,0.23688393797410975
504,3,10,150,47,0.08823914628336939
505,3,10,150,47,0.025255271126572616
506,3,10,150,47,0.158315010188595
507,3,10,150,47,0.0
508,3,10,150,47,0.17050987036516796
509,3,10,150,47,0.0
510,3,10,150,47,0.17032928501352598
511,3,10,150,47,0.12155021559723776
512,3,10,150,47,0.0
513,3,10,150,47,0.05276490902632437
514,3,10,150,47,0.23521188278227606
515,3,10,150,47,0.0
516,3,10,150,47,0.07947838320659593
517,3,10,150,47,0.03859643636257609
518,3,10,150,47,0.05268083714989503
519,3,10,150,47,0.0
520,3,10,150,47,0.0
521,3,10,150,47,0.08086588698664776
522,3,10,150,47,0.16542389351858164
523,3,10,150,47,0.1705239552439998
524,3,10,150,47,0.05845922155751619
525,3,10,150,47,0.06516045994396072
526,3,10,150,47,0.03112959369469351
527,3,10,150,47,0.21068702285875093
528,3,10,150,47,0.1255942414278791
529,3,10,150,47,0.03208343640786788
530,3,10,150,47,0.0
531,3,10,150,47,0.0
532,3,10,150,47,0.20089769774650784
533,3,10,150,47,0.17376447321659905
534,3,10,150,47,0.07661469829347552
535,3,10,150,47,0.25761869695741374
536,3,10,150,47,0.16808191792947746
537,3,10,150,47,0.4057766940963638
538,3,10,150,47,0.09944592215223559
539,3,10,150,47,0.04851068933953057
540,3,10,150,47,0.0
541,3,10,150,47,0.06337469398538446
542,3,10,150,47,0.04294079226347803
543,3,10,150,47,0.0
544,3,10,150,47,0.0
545,3,10,150,47,0.18116000306242566
546,3,10,150,47,0.10441409560474312
547,3,10,150,47,0.04528995543568932
548,3,10,150,47,0.07659448147898817
549,3,10,150,47,0.10184659627402569
550,3,10,150,47,0.0845667599404342
551,3,10,150,47,0.24915614109905437
552,3,10,150,47,0.0
553,3,10,150,47,0.11580126188886303
554,3,10,150,47,0.0
555,3,10,150,47,0.037070343480771185
556,3,10,150,47,0.2436420788359897
557,3,10,150,47,0.044530079137671444
558,3,10,150,47,0.21398626473452756
559,3,10,150,47,0.07557866567222271
560,3,10,150,47,0.11942337490935596
561,3,10,150,47,0.09313658079532967
562,3,10,150,47,0.0900117306380905
563,3,10,150,47,0.10791970824616881
564,3,10,150,47,0.0
565,3,10,150,47,0.14337418847532693
566,3,10,150,47,0.11935234359120704
567,3,10,150,47,0.3536056150012574
568,3,10,150,47,0.07161318866452264
569,3,10,150,47,0.023835426911994775
570,3,10,150,47,0.0
571,3,10,150,47,0.0512644431393966
572,3,10,150,47,0.30260241349881345
573,3,10,150,47,0.0
574,3,10,150,47,0.0
575,3,10,150,47,0.13043262693172047
576,3,10,150,47,0.0
577,3,10,150,47,0.20791653962415882
578,3,10,150,47,0.0
579,3,10,150,47,0.06152644703210656
580,3,10,150,47,0.03144137376097698
581,3,10,150,47,0.0
582,3,10,150,47,0.06679511870650716
583,3,10,150,47,0.0874717141014082
584,3,10,150,47,0.20261715588288354
585,3,10,150,47,0.042225550968526857
586,3,10,150,47,0.08559855260121638
587,3,10,150,47,0.0
588,3,10,150,47,0.24034302941180155
589,3,10,150,47,0.0
590,3,10,150,47,0.17154483744357613
591,3,10,150,47,0.08651464973019597
592,3,10,150,47,0.33974798491402736
593,3,10,150,47,0.14208939027926118
594,3,10,150,47,0.0
595,3,10,150,47,0.055965373307784824
596,3,10,150,47,0.09803928583135704
597,3,10,150,47,0.0
598,3,10,150,47,0.0
599,3,10,150,47,0.02506539947940475
600,3,10,150,47,0.13574631165894233
601,3,10,150,47,0.15622963874442533
602,3,10,150,47,0.041278922835426404
603,3,10,150,47,0.12541207695631323
604,3,10,150,47,0.0
605,3,10,150,47,0.15136987527520723
606,3,10,150,47,0.3973924179287441
607,3,10,150,47,0.0308875359117713
608,3,10,150,47,0.25778325886991743
609,3,10,150,47,0.0
610,3,10,150,47,0.08443863559321411
611,3,10,150,47,0.0
612,3,10,150,47,0.09162544430476362
613,3,10,150,47,0.1652462050665711
614,3,10,150,47,0.1467868763787456
615,3,10,150,47,0.10737689423316772
616,3,10,150,47,0.030480958763669998
617,3,10,150,47,0.020730875129846955
618,3,10,150,47,0.08086588698664776
619,3,10,150,47,0.13379581792476064
620,3,10,150,47,0.1717765398347941
621,3,10,150,47,0.1029479887025953
622,3,10,150,47,0.22403445739897876
623,3,10,150,47,0.04214302778527282
624,3,10,150,47,0.021853048055399903
625,3,10,150,47,0.06672272773479279
626,3,10,150,47,0.0
627,3,10,150,47,0.1389451709559892
628,3,10,150,47,0.0
629,3,10,150,47,0.2461696047709826
630,3,10,150,47,0.10834532177911152
631,3,10,150,47,0.13449792459172438
632,3,10,150,47,0.05388267057097896
633,3,10,150,47,0.050456115328747164
634,3,10,150,47,0.10789763537600215
635,3,10,150,47,0.0
636,3,10,150,47,0.3615974840572412
637,3,10,150,47,0.014724699581037991
638,3,10,150,47,0.05152901435389809
639,3,10,150,47,0.0
640,3,10,150,47,0.14216692190882918
641,3,10,150,47,0.051358492238643604
642,3,10,150,47,0.3355919173466695
643,3,10,150,47,0.3114649528940263
644,3,10,150,47,0.0
645,3,10,150,47,0.13302470101145264
646,3,10,150,47,0.11243817952384734
647,3,10,150,47,0.06590268968688952
648,3,10,150,47,0.31112691250750285
649,3,10,150,47,0.0
650,3,10,150,47,0.13590940060627116
651,3,10,150,47,0.0
652,3,10,150,47,0.0
653,3,10,150,47,0.14003598646856377
654,3,10,150,47,0.07248752039216039
655,3,10,150,47,0.4522418314335536
656,3,10,150,47,0.0
657,3,10,150,47,0.2504953915210566
658,3,10,150,47,0.069831161662907
659,3,10,150,47,0.12972201174997586
660,3,10,150,47,0.0
661,3,10,150,47,0.14418928244007567
662,3,10,150,47,0.0
663,3,10,150,47,0.13566775676110546
664,3,10,150,47,0.3360367239346267
665,3,10,150,47,0.04043294349332388
666,3,10,150,47,0.15461302092191578
667,3,10,150,47,0.07826166552478557
668,3,10,150,47,0.0
669,3,10,150,47,0.19588788032265295
670,3,10,150,47,0.0
671,3,10,150,47,0.1850785247158934
672,3,10,150,47,0.048159222084064895
673,3,10,150,47,0.0
674,3,10,150,47,0.0
675,3,10,150,47,0.0382580635535654
676,3,10,150,47,0.22358931366364498
677,3,10,150,47,0.0720796116407523
678,3,10,150,47,0.0
679,3,10,150,47,0.14168597692965199
680,3,10,150,47,0.0
681,3,10,150,47,0.0
682,3,10,150,47,0.33277898671150186
683,3,10,150,47,0.02677435355254797
684,3,10,150,47,0.03158850394477252
685,3,10,150,47,0.09030583455080088
686,3,10,150,47,0.12202372611467731
687,3,10,150,47,0.0
688,3,10,150,47,0.0
689,3,10,150,47,0.37279254620421465
690,3,10,150,47,0.23383654521627753
691,3,10,150,47,0.6023709850354425
692,3,10,150,47,0.03353522641880846
693,3,10,150,47,0.05504351361962339
694,3,10,150,47,0.23573514161739384
695,3,10,150,47,0.0
696,3,10,150,47,0.08111636357522063
697,3,10,150,47,0.06832568397816181
698,3,10,150,47,0.0
699,3,10,150,47,0.06709935389664039
700,3,10,150,47,0.0
701,3,10,150,47,0.0906790485156717
702,3,10,150,47,0.0
703,3,10,150,47,0.21888235022994418
704,3,10,150,47,0.16668399590164457
705,3,10,150,47,0.20330387449508439
706,3,10,150,47,0.0
707,3,10,150,47,0.2707059984147273
708,3,10,150,47,0.03476299583640518
709,3,10,150,47,0.15151681046877027
710,3,10,150,47,0.25040922491354684
711,3,10,150,47,0.2184569549512923
712,3,10,150,47,0.0923818654585437
713,3,10,150,47,0.0
714,3,10,150,47,0.09998274523051486
715,3,10,150,47,0.21290092398380123
716,3,10,150,47,0.32530936955977957
717,3,10,150,47,0.08455030681958395
718,3,10,150,47,0.0
719,3,10,150,47,0.10353175087921149
720,3,10,150,47,0.0
721,3,10,150,47,0.08278642233372921
722,3,10,150,47,0.07401896317743158
723,3,10,150,47,0.0
724,3,10,150,47,0.0
725,3,10,150,47,0.0
726,3,10,150,47,0.061080020762274374
727,3,10,150,47,0.10405785683474619
728,3,10,150,47,0.0
729,3,10,150,47,0.0
730,3,10,150,47,0.0
731,3,10,150,47,0.1935015812983906
732,3,10,150,47,0.05717828980196049
733,3,10,150,47,0.020730875129846955
734,3,10,150,47,0.08131766139183766
735,3,10,150,47,0.08151055815578559
736,3,10,150,47,0.047009109882897075
737,3,10,150,47,0.12127716502890909
738,3,10,150,47,0.10613334543577649
739,3,10,150,47,0.18767092572990207
740,3,10,150,47,0.0523780734795101
741,3,10,150,47,0.0787396033907249
742,3,10,150,47,0.0527075128660253
743,3,10,150,47,0.1194783875505714
744,3,10,150,47,0.0
745,3,10,150,47,0.06774344219296054
746,3,10,150,47,0.24124954544361757
747,3,10,150,47,0.2063435357793773
748,3,10,150,47,0.04132344798443041
749,3,10,150,47,0.36408193212820417
750,3,10,150,47,0.18000575664763457
751,3,10,150,47,0.05059789125164855
752,3,10,150,47,0.08155432360208091
753,3,10,150,47,0.04072612696308379
754,3,10,150,47,0.0
755,3,10,150,47,0.0
756,3,10,150,47,0.044143057780823704
757,3,10,150,47,0.11200973669681619
758,3,10,150,47,0.23099952018922865
759,3,10,150,47,0.0
760,3,10,150,47,0.16006374561654185
761,3,10,150,47,0.17663858756688974
762,3,10,150,47,0.0
763,3,10,150,47,0.09099807643444863
764,3,10,150,47,0.024619085952596504
765,3,10,150,47,0.0
766,3,10,150,47,0.039176530909642335
767,3,10,150,47,0.1269544353559099
768,3,10,150,47,0.05059568297461706
769,3,10,150,47,0.0
770,3,10,150,47,0.18348359547343202
771,3,10,150,47,0.02778871948897756
772,3,10,150,47,0.0
773,3,10,150,47,0.14052732258781897
774,3,10,150,47,0.0
775,3,10,150,47,0.0
776,3,10,150,47,0.0
777,3,10,150,47,0.0
778,3,10,150,47,0.08961728720334347
779,3,10,150,47,0.0
780,3,10,150,47,0.12311997034702767
781,3,10,150,47,0.12572447169101508
782,3,10,150,47,0.0
783,3,10,150,47,0.0
784,3,10,150,47,0.04582425041433568
785,3,10,150,47,0.2848262604068979
786,3,10,150,47,0.13901223847985233
787,3,10,150,47,0.0
788,3,10,150,47,0.05319706504907104
789,3,10,150,47,0.14531023848228133
790,3,10,150,47,0.07123716589548494
791,3,10,150,47,0.059480024314918285
792,3,10,150,47,0.0946587791577201
793,3,10,150,47,0.11843263243420837
794,3,10,150,47,0.1578863001786244
795,3,10,150,47,0.06886690743551852
796,3,10,150,47,0.09907399197277723
797,3,10,150,47,0.13905617951077562
798,3,10,150,47,0.0
799,3,10,150,47,0.2836929289153804
800,3,10,150,47,0.0
801,3,10,150,47,0.0
802,3,10,150,47,0.05621908976192367
803,3,10,150,47,0.0
804,3,10,150,47,0.27619561207520993
805,3,10,150,47,0.13991430718753797
806,3,10,150,47,0.06379369995120096
807,3,10,150,47,0.17160454114393403
808,3,10,150,47,0.0
809,3,10,150,47,0.0
810,3,10,150,47,0.0
811,3,10,150,47,0.0
812,3,10,150,47,0.11600766930798434
813,3,10,150,47,0.0
814,3,10,150,47,0.054181637470214
815,3,10,150,47,0.10380674919178415
816,3,10,150,47,0.10105367325027378
817,3,10,150,47,0.0
818,3,10,150,47,0.0
819,3,10,150,47,0.0
820,3,10,150,47,0.12262943855309168
821,3,10,150,47,0.053168340515114924
822,3,10,150,47,0.0
823,3,10,150,47,0.10148718580906937
824,3,10,150,47,0.0
825,3,10,150,47,0.16434089815347858
826,3,10,150,47,0.1104586032397152
827,3,10,150,47,0.0
828,3,10,150,47,0.0
829,3,10,150,47,0.08143169212679746
830,3,10,150,47,0.13003750163762204
831,3,10,150,47,0.04522637401768292
832,3,10,150,47,0.0
833,3,10,150,47,0.05828935682373833
834,3,10,150,47,0.0
835,3,10,150,47,0.0735972053503585
836,3,10,150,47,0.05097554749895306
837,3,10,150,47,0.05351287869030783
838,3,10,150,47,0.08633629724227374
839,3,10,150,47,0.0
840,3,10,150,47,0.10243256189486287
841,3,10,150,47,0.0
842,3,10,150,47,0.0
843,3,10,150,47,0.04209275315645388
844,3,10,150,47,0.0
845,3,10,150,47,0.0
846,3,10,150,47,0.09924548857390884
847,3,10,150,47,0.0
848,3,10,150,47,0.03618657486793958
849,3,10,150,47,0.0
850,3,10,150,47,0.06228974831361337
851,3,10,150,47,0.2277008805972924
852,3,10,150,47,0.07256783117062009
853,3,10,150,47,0.0
854,3,10,150,47,0.0
855,3,10,150,47,0.0
856,3,10,150,47,0.0
857,3,10,150,47,0.0
858,3,10,150,47,0.0
859,3,10,150,47,0.0
860,3,10,150,47,0.0
861,3,10,150,47,0.12754356661958802
862,3,10,150,47,0.1014543205029727
863,3,10,150,47,0.0
864,3,10,150,47,0.1615328695620339
865,3,10,150,47,0.0
866,3,10,150,47,0.0
867,3,10,150,47,0.13120507751234178
868,3,10,150,47,0.0
870,3,10,150,47,0.0
871,3,10,150,47,0.0
872,3,10,150,47,0.0
875,3,10,150,47,0.1395953738647505
876,3,10,150,47,0.0
877,3,10,150,47,0.0
1,3,10,150,48,0.6247579375131872
2,3,10,150,48,0.10688238502350729
3,3,10,150,48,0.0
4,3,10,150,48,0.0
5,3,10,150,48,0.0583775815185038
6,3,10,150,48,0.05340978172012693
7,3,10,150,48,0.18327206649546507
8,3,10,150,48,0.0554835367217868
9,3,10,150,48,0.0
10,3,10,150,48,0.16409920264511527
11,3,10,150,48,0.049016076581777215
12,3,10,150,48,0.0
13,3,10,150,48,0.21065147067341797
14,3,10,150,48,0.05601843521033356
15,3,10,150,48,0.0
16,3,10,150,48,0.14029495523984678
17,3,10,150,48,0.12066394366711926
18,3,10,150,48,0.16957655256734583
19,3,10,150,48,0.0
20,3,10,150,48,0.14530105135237878
21,3,10,150,48,0.03475017269886857
22,3,10,150,48,0.09255370591399972
23,3,10,150,48,0.16093766472693694
24,3,10,150,48,0.311062094929455
25,3,10,150,48,0.0
26,3,10,150,48,0.0
28,3,10,150,48,0.0
29,3,10,150,48,0.0
30,3,10,150,48,0.0979129253499678
31,3,10,150,48,0.06076546216996844
32,3,10,150,48,0.0
33,3,10,150,48,0.0
34,3,10,150,48,0.0
35,3,10,150,48,0.07108348368841133
37,3,10,150,48,0.0488929053971083
38,3,10,150,48,0.0
39,3,10,150,48,0.0
40,3,10,150,48,0.0
41,3,10,150,48,0.0
42,3,10,150,48,0.11676800180580715
43,3,10,150,48,0.23313760932547176
44,3,10,150,48,0.07698159974258616
45,3,10,150,48,0.04505000432618384
46,3,10,150,48,0.14434031438272124
47,3,10,150,48,0.0
48,3,10,150,48,0.14225564083314088
49,3,10,150,48,0.08545966314334597
50,3,10,150,48,0.0
51,3,10,150,48,0.18953836965473142
52,3,10,150,48,0.04892579731758021
53,3,10,150,48,0.09546043308946733
54,3,10,150,48,0.07984133538066794
55,3,10,150,48,0.0
56,3,10,150,48,0.03975645576081676
57,3,10,150,48,0.0
58,3,10,150,48,0.10796876451088402
59,3,10,150,48,0.18145340747674332
60,3,10,150,48,0.12123807080432077
61,3,10,150,48,0.0
62,3,10,150,48,0.03806940785769845
63,3,10,150,48,0.03554915059547175
64,3,10,150,48,0.0
65,3,10,150,48,0.2994759515353249
66,3,10,150,48,0.0
67,3,10,150,48,0.0
68,3,10,150,48,0.0
69,3,10,150,48,0.11503055012584398
70,3,10,150,48,0.0
71,3,10,150,48,0.07955752067133452
72,3,10,150,48,0.16084022171949366
73,3,10,150,48,0.051960280791503534
74,3,10,150,48,0.0
75,3,10,150,48,0.11731968150568911
76,3,10,150,48,0.14804398249667974
77,3,10,150,48,0.45287742747371695
78,3,10,150,48,0.0
79,3,10,150,48,0.0
80,3,10,150,48,0.08297572808511901
81,3,10,150,48,0.0
82,3,10,150,48,0.08926877557705373
83,3,10,150,48,0.04630610387058298
84,3,10,150,48,0.0
85,3,10,150,48,0.06966660916502733
86,3,10,150,48,0.07738888769495082
87,3,10,150,48,0.10058161863664324
88,3,10,150,48,0.0
89,3,10,150,48,0.22860031301980846
90,3,10,150,48,0.18371373940702912
91,3,10,150,48,0.13114221140465185
92,3,10,150,48,0.041002973765235706
93,3,10,150,48,0.0
94,3,10,150,48,0.17979065416851753
95,3,10,150,48,0.061836172422412086
96,3,10,150,48,0.19186450284072096
97,3,10,150,48,0.09558339637123096
98,3,10,150,48,0.08878770367712427
99,3,10,150,48,0.0
100,3,10,150,48,0.0892789338684584
101,3,10,150,48,0.0
102,3,10,150,48,0.026001814664123827
103,3,10,150,48,0.07673373981757839
104,3,10,150,48,0.12171451575741458
106,3,10,150,48,0.05261577455142312
107,3,10,150,48,0.0
108,3,10,150,48,0.0
109,3,10,150,48,0.11259960483764554
110,3,10,150,48,0.039667414566743345
111,3,10,150,48,0.0
112,3,10,150,48,0.06510475888148554
113,3,10,150,48,0.05449144662575446
114,3,10,150,48,0.07610811271330754
115,3,10,150,48,0.046806851959664796
116,3,10,150,48,0.07814915695077672
117,3,10,150,48,0.053589621006720926
118,3,10,150,48,0.0
119,3,10,150,48,0.06127983274634642
121,3,10,150,48,0.06245141164382474
122,3,10,150,48,0.03984598490051017
123,3,10,150,48,0.46927872602275644
124,3,10,150,48,0.10889376106823218
125,3,10,150,48,0.1132417131967153
126,3,10,150,48,0.0
127,3,10,150,48,0.0
128,3,10,150,48,0.027576277569513717
129,3,10,150,48,0.0
130,3,10,150,48,0.06359766623551306
131,3,10,150,48,0.2803335894048546
132,3,10,150,48,0.09109240322345806
133,3,10,150,48,0.0
134,3,10,150,48,0.0
135,3,10,150,48,0.0
136,3,10,150,48,0.40257390286801836
137,3,10,150,48,0.0
138,3,10,150,48,0.21222747957761057
139,3,10,150,48,0.0
140,3,10,150,48,0.0
141,3,10,150,48,0.15194751309721466
142,3,10,150,48,0.30260241349881345
143,3,10,150,48,0.0
144,3,10,150,48,0.19201969646868908
145,3,10,150,48,0.06384607724228114
146,3,10,150,48,0.0
147,3,10,150,48,0.07610811271330754
148,3,10,150,48,0.042512356679180144
149,3,10,150,48,0.05446824630887794
150,3,10,150,48,0.0
151,3,10,150,48,0.13015552819736165
152,3,10,150,48,0.026230448379684728
153,3,10,150,48,0.06516188295518531
154,3,10,150,48,0.055100238151135045
155,3,10,150,48,0.0
156,3,10,150,48,0.07028063830038406
157,3,10,150,48,0.0
158,3,10,150,48,0.055805240881847164
159,3,10,150,48,0.11026617795298452
160,3,10,150,48,0.060934076158944916
161,3,10,150,48,0.0
162,3,10,150,48,0.0
163,3,10,150,48,0.0
164,3,10,150,48,0.0
165,3,10,150,48,0.09149012142095872
166,3,10,150,48,0.0
167,3,10,150,48,0.03395822402998728
168,3,10,150,48,0.0
169,3,10,150,48,0.055427457405235275
170,3,10,150,48,0.0
171,3,10,150,48,0.0
172,3,10,150,48,0.0
173,3,10,150,48,0.0
174,3,10,150,48,0.05481171384122219
175,3,10,150,48,0.4413254197204702
176,3,10,150,48,0.0347693136731627
177,3,10,150,48,0.0
178,3,10,150,48,0.18053947820976404
179,3,10,150,48,0.06599888514927177
180,3,10,150,48,0.0
181,3,10,150,48,0.03812523412496827
182,3,10,150,48,0.13120507751234178
183,3,10,150,48,0.0
184,3,10,150,48,0.0
185,3,10,150,48,0.0
186,3,10,150,48,0.0
187,3,10,150,48,0.2004102107997965
188,3,10,150,48,0.0
189,3,10,150,48,0.22982757951573698
190,3,10,150,48,0.0
191,3,10,150,48,0.07335312372354855
192,3,10,150,48,0.0
193,3,10,150,48,0.0
194,3,10,150,48,0.03511240359718155
195,3,10,150,48,0.061734604266276284
196,3,10,150,48,0.17342765698823945
197,3,10,150,48,0.07304192939088519
198,3,10,150,48,0.10387325901274824
199,3,10,150,48,0.0
200,3,10,150,48,0.055179303887787655
201,3,10,150,48,0.17900244944180094
202,3,10,150,48,0.0
203,3,10,150,48,0.0
204,3,10,150,48,0.0
205,3,10,150,48,0.11600766930798434
206,3,10,150,48,0.0
207,3,10,150,48,0.0643667663843211
208,3,10,150,48,0.0
209,3,10,150,48,0.070675417981692
210,3,10,150,48,0.0
211,3,10,150,48,0.0
212,3,10,150,48,0.0559167101555819
213,3,10,150,48,0.08985507164305877
214,3,10,150,48,0.1257260924843343
215,3,10,150,48,0.157288596461893
216,3,10,150,48,0.27735230728218535
217,3,10,150,48,0.13000004444613666
218,3,10,150,48,0.06323567569191428
219,3,10,150,48,0.0
220,3,10,150,48,0.07807600999842033
221,3,10,150,48,0.12213234467515617
222,3,10,150,48,0.15255411917790362
223,3,10,150,48,0.039270700903099615
224,3,10,150,48,0.0
225,3,10,150,48,0.0
226,3,10,150,48,0.0
227,3,10,150,48,0.0
229,3,10,150,48,0.0
230,3,10,150,48,0.10228729060357176
231,3,10,150,48,0.0
232,3,10,150,48,0.0
233,3,10,150,48,0.15206723475089307
234,3,10,150,48,0.11719365847432525
235,3,10,150,48,0.08312042273022706
236,3,10,150,48,0.12127042983235181
237,3,10,150,48,0.0
238,3,10,150,48,0.0
239,3,10,150,48,0.12691627784085696
240,3,10,150,48,0.10235170428306553
241,3,10,150,48,0.1381300260171807
242,3,10,150,48,0.0
243,3,10,150,48,0.0
244,3,10,150,48,0.1324362264265921
245,3,10,150,48,0.0
246,3,10,150,48,0.08356426880363813
247,3,10,150,48,0.15642624200758548
248,3,10,150,48,0.23451355966072135
249,3,10,150,48,0.3041992014465808
250,3,10,150,48,0.07806699296748765
251,3,10,150,48,0.0
252,3,10,150,48,0.0
253,3,10,150,48,0.0
254,3,10,150,48,0.036502603141236205
255,3,10,150,48,0.07910544779148235
256,3,10,150,48,0.027736288621349494
257,3,10,150,48,0.12830873359117523
258,3,10,150,48,0.0
259,3,10,150,48,0.0
260,3,10,150,48,0.0
261,3,10,150,48,0.0
262,3,10,150,48,0.0
263,3,10,150,48,0.32837769821077345
264,3,10,150,48,0.2969281197911131
265,3,10,150,48,0.19802572813668026
266,3,10,150,48,0.0
267,3,10,150,48,0.21076490690365068
268,3,10,150,48,0.11284313089681733
269,3,10,150,48,0.040019695500760184
270,3,10,150,48,0.0
271,3,10,150,48,0.10729393508609222
272,3,10,150,48,0.0
273,3,10,150,48,0.0
274,3,10,150,48,0.0
275,3,10,150,48,0.0
276,3,10,150,48,0.23971908957976362
277,3,10,150,48,0.0
278,3,10,150,48,0.0
279,3,10,150,48,0.12563970457718335
280,3,10,150,48,0.07316593591075989
281,3,10,150,48,0.0
282,3,10,150,48,0.09659953929285248
283,3,10,150,48,0.0
284,3,10,150,48,0.0
285,3,10,150,48,0.0
286,3,10,150,48,0.0
287,3,10,150,48,0.0
288,3,10,150,48,0.13999259891013252
289,3,10,150,48,0.0
290,3,10,150,48,0.09647783930421741
291,3,10,150,48,0.1575273381413078
292,3,10,150,48,0.27665227928348557
293,3,10,150,48,0.02839603608290661
294,3,10,150,48,0.052007328240412425
295,3,10,150,48,0.12123998403830039
296,3,10,150,48,0.1313923743616208
297,3,10,150,48,0.030868393892711742
298,3,10,150,48,0.11387979861196414
299,3,10,150,48,0.06251231174305825
300,3,10,150,48,0.0
301,3,10,150,48,0.1296575124303738
302,3,10,150,48,0.07335312372354855
303,3,10,150,48,0.21493956449700666
304,3,10,150,48,0.0
305,3,10,150,48,0.05428021340641747
306,3,10,150,48,0.0
307,3,10,150,48,0.13128644747266613
308,3,10,150,48,0.034332566904118685
309,3,10,150,48,0.0
310,3,10,150,48,0.2890648263178879
311,3,10,150,48,0.17512035582237062
312,3,10,150,48,0.1463159326434965
313,3,10,150,48,0.09586943528179451
314,3,10,150,48,0.10507089418815024
315,3,10,150,48,0.09785159463516042
316,3,10,150,48,0.06076546216996844
317,3,10,150,48,0.0
318,3,10,150,48,0.07377376675297492
319,3,10,150,48,0.0
320,3,10,150,48,0.08947300054212491
321,3,10,150,48,0.08223795175588802
322,3,10,150,48,0.07955752067133452
323,3,10,150,48,0.12229181918924699
324,3,10,150,48,0.0
325,3,10,150,48,0.0
326,3,10,150,48,0.10817904857938596
327,3,10,150,48,0.0
328,3,10,150,48,0.11126818073657672
329,3,10,150,48,0.056720838976548935
330,3,10,150,48,0.3028509129070748
331,3,10,150,48,0.0
332,3,10,150,48,0.062485704801737485
333,3,10,150,48,0.0
334,3,10,150,48,0.12832395991405532
335,3,10,150,48,0.0
336,3,10,150,48,0.0
337,3,10,150,48,0.09992090652113537
338,3,10,150,48,0.04358896759704514
339,3,10,150,48,0.145767359678607
340,3,10,150,48,0.12647135138382856
341,3,10,150,48,0.0
342,3,10,150,48,0.10109476984709632
343,3,10,150,48,0.3116831652805822
344,3,10,150,48,0.13804010954782428
345,3,10,150,48,0.1302817386077542
346,3,10,150,48,0.10809528579756168
347,3,10,150,48,0.09642724089192412
348,3,10,150,48,0.0
349,3,10,150,48,0.07123530534387781
350,3,10,150,48,0.2314071217459096
351,3,10,150,48,0.0
352,3,10,150,48,0.16282653392890226
353,3,10,150,48,0.09489642549953911
354,3,10,150,48,0.033699515540238464
355,3,10,150,48,0.0
356,3,10,150,48,0.0
357,3,10,150,48,0.0
358,3,10,150,48,0.26730206653594746
359,3,10,150,48,0.0749368547125808
360,3,10,150,48,0.10496459329418281
361,3,10,150,48,0.0
362,3,10,150,48,0.0
363,3,10,150,48,0.18941874148578558
364,3,10,150,48,0.0
365,3,10,150,48,0.0989084497079971
366,3,10,150,48,0.10684080426179023
367,3,10,150,48,0.1410054764628891
368,3,10,150,48,0.0
369,3,10,150,48,0.0
370,3,10,150,48,0.045683428159663184
371,3,10,150,48,0.09892739847751293
372,3,10,150,48,0.10673919722548196
373,3,10,150,48,0.18128610071101886
374,3,10,150,48,0.1523273086076386
375,3,10,150,48,0.0
376,3,10,150,48,0.0
377,3,10,150,48,0.053168340515114924
378,3,10,150,48,0.06907769149001719
379,3,10,150,48,0.13557533657177168
380,3,10,150,48,0.0
381,3,10,150,48,0.08294243278442993
382,3,10,150,48,0.07847428227110642
383,3,10,150,48,0.0
384,3,10,150,48,0.08759200575528697
385,3,10,150,48,0.1546778125427113
386,3,10,150,48,0.0
387,3,10,150,48,0.03868852587328574
388,3,10,150,48,0.0
389,3,10,150,48,0.12707145977922513
390,3,10,150,48,0.21398626473452756
391,3,10,150,48,0.2558645268575362
392,3,10,150,48,0.06327372362257774
393,3,10,150,48,0.14224124370470143
394,3,10,150,48,0.12900206501129066
395,3,10,150,48,0.09286934188709499
396,3,10,150,48,0.0
397,3,10,150,48,0.10643931441962817
398,3,10,150,48,0.10538252056401418
399,3,10,150,48,0.014351692590207873
400,3,10,150,48,0.0
401,3,10,150,48,0.0
402,3,10,150,48,0.469779625693621
403,3,10,150,48,0.0
404,3,10,150,48,0.0
405,3,10,150,48,0.23999673323332116
406,3,10,150,48,0.17023645630998657
407,3,10,150,48,0.07550699164907375
408,3,10,150,48,0.12083071655728543
409,3,10,150,48,0.13530747380914224
410,3,10,150,48,0.0
411,3,10,150,48,0.1128999930808451
412,3,10,150,48,0.0
413,3,10,150,48,0.10122860821230018
414,3,10,150,48,0.0
415,3,10,150,48,0.07605458145297357
416,3,10,150,48,0.2904448695075166
417,3,10,150,48,0.07408593062687281
418,3,10,150,48,0.07001560573318603
419,3,10,150,48,0.2098021491169666
420,3,10,150,48,0.0527075128660253
421,3,10,150,48,0.202729931306865
422,3,10,150,48,0.0
423,3,10,150,48,0.0
424,3,10,150,48,0.13291000263869587
425,3,10,150,48,0.0
426,3,10,150,48,0.10004388309532918
427,3,10,150,48,0.0
428,3,10,150,48,0.0
429,3,10,150,48,0.1799094512644184
430,3,10,150,48,0.062242588308449316
431,3,10,150,48,0.0
432,3,10,150,48,0.0
433,3,10,150,48,0.0
434,3,10,150,48,0.25803884452092735
435,3,10,150,48,0.2811196005170871
436,3,10,150,48,0.09291494561763272
437,3,10,150,48,0.049672102341183105
438,3,10,150,48,0.0
439,3,10,150,48,0.0
440,3,10,150,48,0.07261318787584015
441,3,10,150,48,0.0
442,3,10,150,48,0.058478916078390675
443,3,10,150,48,0.056720838976548935
444,3,10,150,48,0.19519002499605084
445,3,10,150,48,0.0
446,3,10,150,48,0.0
447,3,10,150,48,0.09914294517496557
448,3,10,150,48,0.0
449,3,10,150,48,0.0
450,3,10,150,48,0.35489662743269246
451,3,10,150,48,0.0
452,3,10,150,48,0.05089065081698183
453,3,10,150,48,0.13392124957971085
454,3,10,150,48,0.0
455,3,10,150,48,0.1760702282199838
456,3,10,150,48,0.1310721461718714
457,3,10,150,48,0.48418451539522733
458,3,10,150,48,0.12736063195195377
459,3,10,150,48,0.04901586605894737
460,3,10,150,48,0.0
461,3,10,150,48,0.10778915452451093
462,3,10,150,48,0.16728714615527887
463,3,10,150,48,0.1032589365938857
464,3,10,150,48,0.04931346192675315
465,3,10,150,48,0.0733934381893728
466,3,10,150,48,0.0750834162528243
467,3,10,150,48,0.032842167909375275
468,3,10,150,48,0.4424763580282471
469,3,10,150,48,0.050924439617225085
470,3,10,150,48,0.040162930685297936
471,3,10,150,48,0.0
472,3,10,150,48,0.3134596797822876
473,3,10,150,48,0.050005013043213774
474,3,10,150,48,0.3722068174132714
475,3,10,150,48,0.0
476,3,10,150,48,0.12097589732794561
477,3,10,150,48,0.0
478,3,10,150,48,0.2059565668593519
479,3,10,150,48,0.0800512902040065
480,3,10,150,48,0.0881980292211471
481,3,10,150,48,0.0
482,3,10,150,48,0.10209739512291163
483,3,10,150,48,0.06194403202282284
484,3,10,150,48,0.27714485683696083
485,3,10,150,48,0.0
486,3,10,150,48,0.06108300840136219
487,3,10,150,48,0.11928489482045593
488,3,10,150,48,0.05887472794707303
489,3,10,150,48,0.0
490,3,10,150,48,0.06490403551612171
491,3,10,150,48,0.17758207479178334
492,3,10,150,48,0.08328180879069912
493,3,10,150,48,0.23552414445241532
494,3,10,150,48,0.11299367690705851
495,3,10,150,48,0.11484275085062792
496,3,10,150,48,0.07271211160102074
497,3,10,150,48,0.030839036017750142
498,3,10,150,48,0.0343217267714905
499,3,10,150,48,0.07949576586393835
500,3,10,150,48,0.0522087803953423
501,3,10,150,48,0.0
502,3,10,150,48,0.0
503,3,10,150,48,0.23688393797410975
504,3,10,150,48,0.08698632529247567
505,3,10,150,48,0.025255271126572616
506,3,10,150,48,0.15606725081770448
507,3,10,150,48,0.0
508,3,10,150,48,0.17050987036516796
509,3,10,150,48,0.0
510,3,10,150,48,0.17032928501352598
511,3,10,150,48,0.12155021559723776
512,3,10,150,48,0.0
513,3,10,150,48,0.05276490902632437
514,3,10,150,48,0.2318723402269691
515,3,10,150,48,0.0
516,3,10,150,48,0.07947838320659593
517,3,10,150,48,0.03859643636257609
518,3,10,150,48,0.05268083714989503
519,3,10,150,48,0.0
520,3,10,150,48,0.0
521,3,10,150,48,0.07971775166427321
522,3,10,150,48,0.16542389351858164
523,3,10,150,48,0.1705239552439998
524,3,10,150,48,0.057629216475153254
525,3,10,150,48,0.06516045994396072
526,3,10,150,48,0.03112959369469351
527,3,10,150,48,0.21068702285875093
528,3,10,150,48,0.1255942414278791
529,3,10,150,48,0.03208343640786788
530,3,10,150,48,0.0
531,3,10,150,48,0.0
532,3,10,150,48,0.1980453486094165
533,3,10,150,48,0.17129736209090612
534,3,10,150,48,0.10040759964046686
535,3,10,150,48,0.2539610220501967
536,3,10,150,48,0.16569548782627266
537,3,10,150,48,0.4142134873142357
538,3,10,150,48,0.09944592215223559
539,3,10,150,48,0.04851068933953057
540,3,10,150,48,0.0
541,3,10,150,48,0.06337469398538446
542,3,10,150,48,0.04294079226347803
543,3,10,150,48,0.0
544,3,10,150,48,0.0
545,3,10,150,48,0.17858789007055562
546,3,10,150,48,0.10441409560474312
547,3,10,150,48,0.04528995543568932
548,3,10,150,48,0.07550699164907375
549,3,10,150,48,0.10184659627402569
550,3,10,150,48,0.0845667599404342
551,3,10,150,48,0.2456186177125911
552,3,10,150,48,0.0
553,3,10,150,48,0.11580126188886303
554,3,10,150,48,0.0
555,3,10,150,48,0.037070343480771185
556,3,10,150,48,0.2436420788359897
557,3,10,150,48,0.044530079137671444
558,3,10,150,48,0.21398626473452756
559,3,10,150,48,0.07557866567222271
560,3,10,150,48,0.11942337490935596
561,3,10,150,48,0.09181422594087832
562,3,10,150,48,0.0900117306380905
563,3,10,150,48,0.10791970824616881
564,3,10,150,48,0.0
565,3,10,150,48,0.14337418847532693
566,3,10,150,48,0.11935234359120704
567,3,10,150,48,0.3485851160999104
568,3,10,150,48,0.07161318866452264
569,3,10,150,48,0.023835426911994775
570,3,10,150,48,0.0
571,3,10,150,48,0.0512644431393966
572,3,10,150,48,0.30260241349881345
573,3,10,150,48,0.0
574,3,10,150,48,0.0
575,3,10,150,48,0.13043262693172047
576,3,10,150,48,0.0
577,3,10,150,48,0.20496453684345847
578,3,10,150,48,0.0
579,3,10,150,48,0.06152644703210656
580,3,10,150,48,0.03144137376097698
581,3,10,150,48,0.0
582,3,10,150,48,0.06679511870650716
583,3,10,150,48,0.0874717141014082
584,3,10,150,48,0.20261715588288354
585,3,10,150,48,0.042225550968526857
586,3,10,150,48,0.08438322280706201
587,3,10,150,48,0.0
588,3,10,150,48,0.23693063474407525
589,3,10,150,48,0.0
590,3,10,150,48,0.17154483744357613
591,3,10,150,48,0.08651464973019597
592,3,10,150,48,0.3349242368946706
593,3,10,150,48,0.14007200255257712
594,3,10,150,48,0.0
595,3,10,150,48,0.055965373307784824
596,3,10,150,48,0.09803928583135704
597,3,10,150,48,0.0
598,3,10,150,48,0.0
599,3,10,150,48,0.02506539947940475
600,3,10,150,48,0.13574631165894233
601,3,10,150,48,0.15401148751492225
602,3,10,150,48,0.041278922835426404
603,3,10,150,48,0.12541207695631323
604,3,10,150,48,0.0
605,3,10,150,48,0.15136987527520723
606,3,10,150,48,0.391750233209455
607,3,10,150,48,0.0308875359117713
608,3,10,150,48,0.2541232475096977
609,3,10,150,48,0.0
610,3,10,150,48,0.08443863559321411
611,3,10,150,48,0.0
612,3,10,150,48,0.09162544430476362
613,3,10,150,48,0.1652462050665711
614,3,10,150,48,0.1467868763787456
615,3,10,150,48,0.10737689423316772
616,3,10,150,48,0.030480958763669998
617,3,10,150,48,0.038287076928437726
618,3,10,150,48,0.07971775166427321
619,3,10,150,48,0.13379581792476064
620,3,10,150,48,0.1717765398347941
621,3,10,150,48,0.10148633130166451
622,3,10,150,48,0.22085361213092086
623,3,10,150,48,0.04214302778527282
624,3,10,150,48,0.02154277808484859
625,3,10,150,48,0.06672272773479279
626,3,10,150,48,0.0
627,3,10,150,48,0.13697242491198325
628,3,10,150,48,0.0
629,3,10,150,48,0.25687250232264003
630,3,10,150,48,0.10834532177911152
631,3,10,150,48,0.13449792459172438
632,3,10,150,48,0.05388267057097896
633,3,10,150,48,0.050456115328747164
634,3,10,150,48,0.10636570280230352
635,3,10,150,48,0.0
636,3,10,150,48,0.3615974840572412
637,3,10,150,48,0.014724699581037991
638,3,10,150,48,0.05152901435389809
639,3,10,150,48,0.0
640,3,10,150,48,0.14014843338666974
641,3,10,150,48,0.051358492238643604
642,3,10,150,48,0.3308271772496156
643,3,10,150,48,0.3070427678735565
644,3,10,150,48,0.0
645,3,10,150,48,0.13302470101145264
646,3,10,150,48,0.11243817952384734
647,3,10,150,48,0.06590268968688952
648,3,10,150,48,0.30670952699053966
649,3,10,150,48,0.0
650,3,10,150,48,0.1339797564844602
651,3,10,150,48,0.0
652,3,10,150,48,0.0
653,3,10,150,48,0.1380477530062304
654,3,10,150,48,0.07145834126985227
655,3,10,150,48,0.44582089375176015
656,3,10,150,48,0.0
657,3,10,150,48,0.2504953915210566
658,3,10,150,48,0.069831161662907
659,3,10,150,48,0.1278802162867761
660,3,10,150,48,0.0
661,3,10,150,48,0.15634009844806057
662,3,10,150,48,0.0
663,3,10,150,48,0.13374154350296777
664,3,10,150,48,0.331265668465612
665,3,10,150,48,0.039858875832136605
666,3,10,150,48,0.15241782246142282
667,3,10,150,48,0.07826166552478557
668,3,10,150,48,0.0
669,3,10,150,48,0.19588788032265295
670,3,10,150,48,0.0
671,3,10,150,48,0.18245077648289157
672,3,10,150,48,0.048159222084064895
673,3,10,150,48,0.0
674,3,10,150,48,0.0
675,3,10,150,48,0.0382580635535654
676,3,10,150,48,0.22358931366364498
677,3,10,150,48,0.0720796116407523
678,3,10,150,48,0.0
679,3,10,150,48,0.16417658872889113
680,3,10,150,48,0.0
681,3,10,150,48,0.0
682,3,10,150,48,0.3280541846543554
683,3,10,150,48,0.02677435355254797
684,3,10,150,48,0.03158850394477252
685,3,10,150,48,0.09030583455080088
686,3,10,150,48,0.12202372611467731
687,3,10,150,48,0.0
688,3,10,150,48,0.0
689,3,10,150,48,0.37279254620421465
690,3,10,150,48,0.23383654521627753
691,3,10,150,48,0.6023709850354425
692,3,10,150,48,0.03353522641880846
693,3,10,150,48,0.05426200482018699
694,3,10,150,48,0.23238816982370553
695,3,10,150,48,0.0
696,3,10,150,48,0.08111636357522063
697,3,10,150,48,0.06832568397816181
698,3,10,150,48,0.0
699,3,10,150,48,0.06614667605944603
700,3,10,150,48,0.0
701,3,10,150,48,0.0906790485156717
702,3,10,150,48,0.0
703,3,10,150,48,0.21888235022994418
704,3,10,150,48,0.16668399590164457
705,3,10,150,48,0.20330387449508439
706,3,10,150,48,0.0
707,3,10,150,48,0.26686250976530534
708,3,10,150,48,0.03476299583640518
709,3,10,150,48,0.1493655720601512
710,3,10,150,48,0.25040922491354684
711,3,10,150,48,0.2153552991636129
712,3,10,150,48,0.09107022606606018
713,3,10,150,48,0.0
714,3,10,150,48,0.09998274523051486
715,3,10,150,48,0.20987815282403713
716,3,10,150,48,0.320690621261716
717,3,10,150,48,0.08455030681958395
718,3,10,150,48,0.0
719,3,10,150,48,0.10353175087921149
720,3,10,150,48,0.0
721,3,10,150,48,0.08161101921584754
722,3,10,150,48,0.07401896317743158
723,3,10,150,48,0.0
724,3,10,150,48,0.0
725,3,10,150,48,0.0
726,3,10,150,48,0.061080020762274374
727,3,10,150,48,0.1025804415060515
728,3,10,150,48,0.0
729,3,10,150,48,0.0
730,3,10,150,48,0.0
731,3,10,150,48,0.1935015812983906
732,3,10,150,48,0.05717828980196049
733,3,10,150,48,0.020730875129846955
734,3,10,150,48,0.08131766139183766
735,3,10,150,48,0.08151055815578559
736,3,10,150,48,0.047009109882897075
737,3,10,150,48,0.12127716502890909
738,3,10,150,48,0.10462646228247953
739,3,10,150,48,0.18767092572990207
740,3,10,150,48,0.0523780734795101
741,3,10,150,48,0.0787396033907249
742,3,10,150,48,0.0527075128660253
743,3,10,150,48,0.1194783875505714
744,3,10,150,48,0.0
745,3,10,150,48,0.06774344219296054
746,3,10,150,48,0.24124954544361757
747,3,10,150,48,0.21761188457709774
748,3,10,150,48,0.04132344798443041
749,3,10,150,48,0.35891269028728073
750,3,10,150,48,0.18000575664763457
751,3,10,150,48,0.05059789125164855
752,3,10,150,48,0.08155432360208091
753,3,10,150,48,0.04072612696308379
754,3,10,150,48,0.0
755,3,10,150,48,0.0
756,3,10,150,48,0.044143057780823704
757,3,10,150,48,0.11041942043437636
758,3,10,150,48,0.22771978483401492
759,3,10,150,48,0.0
760,3,10,150,48,0.16006374561654185
761,3,10,150,48,0.17663858756688974
762,3,10,150,48,0.0
763,3,10,150,48,0.09099807643444863
764,3,10,150,48,0.04710969775183564
765,3,10,150,48,0.0
766,3,10,150,48,0.03862030181698568
767,3,10,150,48,0.1269544353559099
768,3,10,150,48,0.05059568297461706
769,3,10,150,48,0.0
770,3,10,150,48,0.18348359547343202
771,3,10,150,48,0.02778871948897756
772,3,10,150,48,0.0
773,3,10,150,48,0.14052732258781897
774,3,10,150,48,0.0
775,3,10,150,48,0.0
776,3,10,150,48,0.0
777,3,10,150,48,0.0
778,3,10,150,48,0.08961728720334347
779,3,10,150,48,0.0
780,3,10,150,48,0.12311997034702767
781,3,10,150,48,0.12572447169101508
782,3,10,150,48,0.0
783,3,10,150,48,0.0
784,3,10,150,48,0.04582425041433568
785,3,10,150,48,0.2848262604068979
786,3,10,150,48,0.13901223847985233
787,3,10,150,48,0.0
788,3,10,150,48,0.052441772159751966
789,3,10,150,48,0.14531023848228133
790,3,10,150,48,0.07123716589548494
791,3,10,150,48,0.059480024314918285
792,3,10,150,48,0.0946587791577201
793,3,10,150,48,0.11843263243420837
794,3,10,150,48,0.1578863001786244
795,3,10,150,48,0.06886690743551852
796,3,10,150,48,0.09766733764730894
797,3,10,150,48,0.13905617951077562
798,3,10,150,48,0.0
799,3,10,150,48,0.2836929289153804
800,3,10,150,48,0.0
801,3,10,150,48,0.0
802,3,10,150,48,0.05621908976192367
803,3,10,150,48,0.0
804,3,10,150,48,0.27227418179199586
805,3,10,150,48,0.13792780132983187
806,3,10,150,48,0.06379369995120096
807,3,10,150,48,0.17160454114393403
808,3,10,150,48,0.0
809,3,10,150,48,0.0
810,3,10,150,48,0.0
811,3,10,150,48,0.0
812,3,10,150,48,0.11600766930798434
813,3,10,150,48,0.0
814,3,10,150,48,0.054181637470214
815,3,10,150,48,0.10380674919178415
816,3,10,150,48,0.10105367325027378
817,3,10,150,48,0.0
818,3,10,150,48,0.0
819,3,10,150,48,0.0
820,3,10,150,48,0.12262943855309168
821,3,10,150,48,0.053168340515114924
822,3,10,150,48,0.0
823,3,10,150,48,0.10148718580906937
824,3,10,150,48,0.0
825,3,10,150,48,0.16434089815347858
826,3,10,150,48,0.1104586032397152
827,3,10,150,48,0.0
828,3,10,150,48,0.0
829,3,10,150,48,0.08143169212679746
830,3,10,150,48,0.13003750163762204
831,3,10,150,48,0.04522637401768292
832,3,10,150,48,0.0
833,3,10,150,48,0.05828935682373833
834,3,10,150,48,0.0
835,3,10,150,48,0.1027658322970266
836,3,10,150,48,0.05097554749895306
837,3,10,150,48,0.05351287869030783
838,3,10,150,48,0.08633629724227374
839,3,10,150,48,0.0
840,3,10,150,48,0.10243256189486287
841,3,10,150,48,0.0
842,3,10,150,48,0.0
843,3,10,150,48,0.04209275315645388
844,3,10,150,48,0.0
845,3,10,150,48,0.0
846,3,10,150,48,0.09924548857390884
847,3,10,150,48,0.0
848,3,10,150,48,0.03618657486793958
849,3,10,150,48,0.0
850,3,10,150,48,0.06228974831361337
851,3,10,150,48,0.2277008805972924
852,3,10,150,48,0.07256783117062009
853,3,10,150,48,0.0
854,3,10,150,48,0.0
855,3,10,150,48,0.0
856,3,10,150,48,0.0
857,3,10,150,48,0.0
858,3,10,150,48,0.0
859,3,10,150,48,0.0
860,3,10,150,48,0.0
861,3,10,150,48,0.12754356661958802
862,3,10,150,48,0.1014543205029727
863,3,10,150,48,0.0
864,3,10,150,48,0.1615328695620339
865,3,10,150,48,0.0
866,3,10,150,48,0.0
867,3,10,150,48,0.13120507751234178
868,3,10,150,48,0.0
870,3,10,150,48,0.0
871,3,10,150,48,0.0
872,3,10,150,48,0.0
875,3,10,150,48,0.1395953738647505
876,3,10,150,48,0.0
877,3,10,150,48,0.0
1,3,10,150,49,0.6247579375131872
2,3,10,150,49,0.10688238502350729
3,3,10,150,49,0.0
4,3,10,150,49,0.0
5,3,10,150,49,0.0583775815185038
6,3,10,150,49,0.05340978172012693
7,3,10,150,49,0.180719459115292
8,3,10,150,49,0.0554835367217868
9,3,10,150,49,0.0
10,3,10,150,49,0.16409920264511527
11,3,10,150,49,0.049016076581777215
12,3,10,150,49,0.0
13,3,10,150,49,0.20771752384252662
14,3,10,150,49,0.05601843521033356
15,3,10,150,49,0.0
16,3,10,150,49,0.14029495523984678
17,3,10,150,49,0.12066394366711926
18,3,10,150,49,0.16957655256734583
19,3,10,150,49,0.0
20,3,10,150,49,0.14530105135237878
21,3,10,150,49,0.03475017269886857
22,3,10,150,49,0.09255370591399972
23,3,10,150,49,0.16093766472693694
24,3,10,150,49,0.311062094929455
25,3,10,150,49,0.0
26,3,10,150,49,0.0
28,3,10,150,49,0.0
29,3,10,150,49,0.0
30,3,10,150,49,0.0979129253499678
31,3,10,150,49,0.06076546216996844
32,3,10,150,49,0.0
33,3,10,150,49,0.0
34,3,10,150,49,0.0
35,3,10,150,49,0.07108348368841133
37,3,10,150,49,0.0488929053971083
38,3,10,150,49,0.0
39,3,10,150,49,0.0
40,3,10,150,49,0.0
41,3,10,150,49,0.0
42,3,10,150,49,0.11676800180580715
43,3,10,150,49,0.2516718289406818
44,3,10,150,49,0.07698159974258616
45,3,10,150,49,0.04505000432618384
46,3,10,150,49,0.14434031438272124
47,3,10,150,49,0.0
48,3,10,150,49,0.14225564083314088
49,3,10,150,49,0.08545966314334597
50,3,10,150,49,0.0
51,3,10,150,49,0.18953836965473142
52,3,10,150,49,0.04892579731758021
53,3,10,150,49,0.09546043308946733
54,3,10,150,49,0.07984133538066794
55,3,10,150,49,0.0
56,3,10,150,49,0.03975645576081676
57,3,10,150,49,0.0
58,3,10,150,49,0.10796876451088402
59,3,10,150,49,0.17892613032022067
60,3,10,150,49,0.12123807080432077
61,3,10,150,49,0.0
62,3,10,150,49,0.03806940785769845
63,3,10,150,49,0.03554915059547175
64,3,10,150,49,0.0
65,3,10,150,49,0.2994759515353249
66,3,10,150,49,0.0
67,3,10,150,49,0.0
68,3,10,150,49,0.0
69,3,10,150,49,0.11503055012584398
70,3,10,150,49,0.0
71,3,10,150,49,0.07955752067133452
72,3,10,150,49,0.16084022171949366
73,3,10,150,49,0.051960280791503534
74,3,10,150,49,0.0
75,3,10,150,49,0.11731968150568911
76,3,10,150,49,0.14804398249667974
77,3,10,150,49,0.45287742747371695
78,3,10,150,49,0.0
79,3,10,150,49,0.0
80,3,10,150,49,0.08297572808511901
81,3,10,150,49,0.0
82,3,10,150,49,0.08926877557705373
83,3,10,150,49,0.04630610387058298
84,3,10,150,49,0.0
85,3,10,150,49,0.06966660916502733
86,3,10,150,49,0.07738888769495082
87,3,10,150,49,0.10058161863664324
88,3,10,150,49,0.0
89,3,10,150,49,0.22860031301980846
90,3,10,150,49,0.18371373940702912
91,3,10,150,49,0.13114221140465185
92,3,10,150,49,0.04043188568049053
93,3,10,150,49,0.0
94,3,10,150,49,0.17728653578598125
95,3,10,150,49,0.061836172422412086
96,3,10,150,49,0.19186450284072096
97,3,10,150,49,0.09558339637123096
98,3,10,150,49,0.08878770367712427
99,3,10,150,49,0.0
100,3,10,150,49,0.0892789338684584
101,3,10,150,49,0.0
102,3,10,150,49,0.026001814664123827
103,3,10,150,49,0.07673373981757839
104,3,10,150,49,0.12171451575741458
106,3,10,150,49,0.05261577455142312
107,3,10,150,49,0.0
108,3,10,150,49,0.0
109,3,10,150,49,0.11259960483764554
110,3,10,150,49,0.039667414566743345
111,3,10,150,49,0.0
112,3,10,150,49,0.06510475888148554
113,3,10,150,49,0.05449144662575446
114,3,10,150,49,0.07610811271330754
115,3,10,150,49,0.046806851959664796
116,3,10,150,49,0.07814915695077672
117,3,10,150,49,0.053589621006720926
118,3,10,150,49,0.0
119,3,10,150,49,0.06127983274634642
121,3,10,150,49,0.06245141164382474
122,3,10,150,49,0.03984598490051017
123,3,10,150,49,0.46927872602275644
124,3,10,150,49,0.10889376106823218
125,3,10,150,49,0.1350308091592608
126,3,10,150,49,0.0
127,3,10,150,49,0.0
128,3,10,150,49,0.027576277569513717
129,3,10,150,49,0.0
130,3,10,150,49,0.06359766623551306
131,3,10,150,49,0.2803335894048546
132,3,10,150,49,0.09109240322345806
133,3,10,150,49,0.0
134,3,10,150,49,0.0
135,3,10,150,49,0.0
136,3,10,150,49,0.40257390286801836
137,3,10,150,49,0.0
138,3,10,150,49,0.21222747957761057
139,3,10,150,49,0.0
140,3,10,150,49,0.0
141,3,10,150,49,0.15194751309721466
142,3,10,150,49,0.30260241349881345
143,3,10,150,49,0.0
144,3,10,150,49,0.19201969646868908
145,3,10,150,49,0.06384607724228114
146,3,10,150,49,0.0
147,3,10,150,49,0.07610811271330754
148,3,10,150,49,0.042512356679180144
149,3,10,150,49,0.05446824630887794
150,3,10,150,49,0.0
151,3,10,150,49,0.13015552819736165
152,3,10,150,49,0.026230448379684728
153,3,10,150,49,0.06516188295518531
154,3,10,150,49,0.055100238151135045
155,3,10,150,49,0.0
156,3,10,150,49,0.07028063830038406
157,3,10,150,49,0.0
158,3,10,150,49,0.055805240881847164
159,3,10,150,49,0.11026617795298452
160,3,10,150,49,0.060934076158944916
161,3,10,150,49,0.0
162,3,10,150,49,0.0
163,3,10,150,49,0.0
164,3,10,150,49,0.0
165,3,10,150,49,0.09149012142095872
166,3,10,150,49,0.0
167,3,10,150,49,0.03395822402998728
168,3,10,150,49,0.0
169,3,10,150,49,0.055427457405235275
170,3,10,150,49,0.0
171,3,10,150,49,0.0
172,3,10,150,49,0.0
173,3,10,150,49,0.0
174,3,10,150,49,0.05481171384122219
175,3,10,150,49,0.4413254197204702
176,3,10,150,49,0.0347693136731627
177,3,10,150,49,0.0
178,3,10,150,49,0.18053947820976404
179,3,10,150,49,0.06599888514927177
180,3,10,150,49,0.0
181,3,10,150,49,0.03759422710431775
182,3,10,150,49,0.13120507751234178
183,3,10,150,49,0.0
184,3,10,150,49,0.0
185,3,10,150,49,0.0
186,3,10,150,49,0.0
187,3,10,150,49,0.2004102107997965
188,3,10,150,49,0.0
189,3,10,150,49,0.22982757951573698
190,3,10,150,49,0.0
191,3,10,150,49,0.07335312372354855
192,3,10,150,49,0.0
193,3,10,150,49,0.0
194,3,10,150,49,0.052577940589851685
195,3,10,150,49,0.061734604266276284
196,3,10,150,49,0.17342765698823945
197,3,10,150,49,0.07304192939088519
198,3,10,150,49,0.10387325901274824
199,3,10,150,49,0.0
200,3,10,150,49,0.055179303887787655
201,3,10,150,49,0.1765093091490575
202,3,10,150,49,0.0
203,3,10,150,49,0.0
204,3,10,150,49,0.0
205,3,10,150,49,0.11600766930798434
206,3,10,150,49,0.0
207,3,10,150,49,0.0643667663843211
208,3,10,150,49,0.0
209,3,10,150,49,0.070675417981692
210,3,10,150,49,0.0
211,3,10,150,49,0.0
212,3,10,150,49,0.0559167101555819
213,3,10,150,49,0.08985507164305877
214,3,10,150,49,0.1257260924843343
215,3,10,150,49,0.157288596461893
216,3,10,150,49,0.27735230728218535
217,3,10,150,49,0.13000004444613666
218,3,10,150,49,0.06323567569191428
219,3,10,150,49,0.0
220,3,10,150,49,0.07807600999842033
221,3,10,150,49,0.12213234467515617
222,3,10,150,49,0.150429350368692
223,3,10,150,49,0.039270700903099615
224,3,10,150,49,0.0
225,3,10,150,49,0.0
226,3,10,150,49,0.0
227,3,10,150,49,0.0
229,3,10,150,49,0.0
230,3,10,150,49,0.10228729060357176
231,3,10,150,49,0.0
232,3,10,150,49,0.0
233,3,10,150,49,0.15206723475089307
234,3,10,150,49,0.11556138901149116
235,3,10,150,49,0.08312042273022706
236,3,10,150,49,0.12127042983235181
237,3,10,150,49,0.0
238,3,10,150,49,0.0
239,3,10,150,49,0.12691627784085696
240,3,10,150,49,0.10235170428306553
241,3,10,150,49,0.1381300260171807
242,3,10,150,49,0.0
243,3,10,150,49,0.0
244,3,10,150,49,0.1324362264265921
245,3,10,150,49,0.0
246,3,10,150,49,0.08356426880363813
247,3,10,150,49,0.15642624200758548
248,3,10,150,49,0.23451355966072135
249,3,10,150,49,0.3041992014465808
250,3,10,150,49,0.07806699296748765
251,3,10,150,49,0.0
252,3,10,150,49,0.0
253,3,10,150,49,0.0
254,3,10,150,49,0.036502603141236205
255,3,10,150,49,0.10933464083642679
256,3,10,150,49,0.027736288621349494
257,3,10,150,49,0.12830873359117523
258,3,10,150,49,0.0
259,3,10,150,49,0.0
260,3,10,150,49,0.0
261,3,10,150,49,0.0
262,3,10,150,49,0.0
263,3,10,150,49,0.32837769821077345
264,3,10,150,49,0.2969281197911131
265,3,10,150,49,0.19802572813668026
266,3,10,150,49,0.0
267,3,10,150,49,0.21076490690365068
268,3,10,150,49,0.11127145544055687
269,3,10,150,49,0.040019695500760184
270,3,10,150,49,0.0
271,3,10,150,49,0.10729393508609222
272,3,10,150,49,0.0
273,3,10,150,49,0.0
274,3,10,150,49,0.0
275,3,10,150,49,0.0
276,3,10,150,49,0.2363802898983358
277,3,10,150,49,0.0
278,3,10,150,49,0.0
279,3,10,150,49,0.12388979885898477
280,3,10,150,49,0.07316593591075989
281,3,10,150,49,0.0
282,3,10,150,49,0.09659953929285248
283,3,10,150,49,0.0
284,3,10,150,49,0.0
285,3,10,150,49,0.0
286,3,10,150,49,0.0
287,3,10,150,49,0.0
288,3,10,150,49,0.13999259891013252
289,3,10,150,49,0.0
290,3,10,150,49,0.09647783930421741
291,3,10,150,49,0.15533330250015637
292,3,10,150,49,0.27665227928348557
293,3,10,150,49,0.028000537016087925
294,3,10,150,49,0.052007328240412425
295,3,10,150,49,0.12123998403830039
296,3,10,150,49,0.1313923743616208
297,3,10,150,49,0.030868393892711742
298,3,10,150,49,0.11387979861196414
299,3,10,150,49,0.06251231174305825
300,3,10,150,49,0.0
301,3,10,150,49,0.1296575124303738
302,3,10,150,49,0.07335312372354855
303,3,10,150,49,0.2119458932348352
304,3,10,150,49,0.0
305,3,10,150,49,0.05428021340641747
306,3,10,150,49,0.0
307,3,10,150,49,0.13128644747266613
308,3,10,150,49,0.03385438402914189
309,3,10,150,49,0.0
310,3,10,150,49,0.2890648263178879
311,3,10,150,49,0.17512035582237062
312,3,10,150,49,0.1463159326434965
313,3,10,150,49,0.09586943528179451
314,3,10,150,49,0.10507089418815024
315,3,10,150,49,0.09785159463516042
316,3,10,150,49,0.06076546216996844
317,3,10,150,49,0.0
318,3,10,150,49,0.07377376675297492
319,3,10,150,49,0.0
320,3,10,150,49,0.08947300054212491
321,3,10,150,49,0.08223795175588802
322,3,10,150,49,0.07955752067133452
323,3,10,150,49,0.12229181918924699
324,3,10,150,49,0.0
325,3,10,150,49,0.0
326,3,10,150,49,0.10817904857938596
327,3,10,150,49,0.0
328,3,10,150,49,0.11126818073657672
329,3,10,150,49,0.056720838976548935
330,3,10,150,49,0.3028509129070748
331,3,10,150,49,0.0
332,3,10,150,49,0.0810199244169475
333,3,10,150,49,0.0
334,3,10,150,49,0.12653666797484558
335,3,10,150,49,0.0
336,3,10,150,49,0.0
337,3,10,150,49,0.16908993508344605
338,3,10,150,49,0.04358896759704514
339,3,10,150,49,0.145767359678607
340,3,10,150,49,0.12647135138382856
341,3,10,150,49,0.0
342,3,10,150,49,0.10109476984709632
343,3,10,150,49,0.32643978915107913
344,3,10,150,49,0.13804010954782428
345,3,10,150,49,0.1302817386077542
346,3,10,150,49,0.10809528579756168
347,3,10,150,49,0.09642724089192412
348,3,10,150,49,0.0
349,3,10,150,49,0.07123530534387781
350,3,10,150,49,0.2314071217459096
351,3,10,150,49,0.0
352,3,10,150,49,0.16282653392890226
353,3,10,150,49,0.09489642549953911
354,3,10,150,49,0.033699515540238464
355,3,10,150,49,0.0
356,3,10,150,49,0.0
357,3,10,150,49,0.0
358,3,10,150,49,0.26730206653594746
359,3,10,150,49,0.0749368547125808
360,3,10,150,49,0.10496459329418281
361,3,10,150,49,0.0
362,3,10,150,49,0.0
363,3,10,150,49,0.1867805234163032
364,3,10,150,49,0.0
365,3,10,150,49,0.0989084497079971
366,3,10,150,49,0.10684080426179023
367,3,10,150,49,0.1410054764628891
368,3,10,150,49,0.0
369,3,10,150,49,0.0
370,3,10,150,49,0.045683428159663184
371,3,10,150,49,0.09892739847751293
372,3,10,150,49,0.10673919722548196
373,3,10,150,49,0.18128610071101886
374,3,10,150,49,0.1523273086076386
375,3,10,150,49,0.0
376,3,10,150,49,0.0
377,3,10,150,49,0.053168340515114924
378,3,10,150,49,0.06811557965009257
379,3,10,150,49,0.13557533657177168
380,3,10,150,49,0.0
381,3,10,150,49,0.08294243278442993
382,3,10,150,49,0.07847428227110642
383,3,10,150,49,0.0
384,3,10,150,49,0.08759200575528697
385,3,10,150,49,0.1546778125427113
386,3,10,150,49,0.0
387,3,10,150,49,0.03814967334348895
388,3,10,150,49,0.0
389,3,10,150,49,0.12530161262114856
390,3,10,150,49,0.21398626473452756
391,3,10,150,49,0.2558645268575362
392,3,10,150,49,0.06327372362257774
393,3,10,150,49,0.15418807975885626
394,3,10,150,49,0.12900206501129066
395,3,10,150,49,0.09286934188709499
396,3,10,150,49,0.0
397,3,10,150,49,0.10643931441962817
398,3,10,150,49,0.10538252056401418
399,3,10,150,49,0.014151802682682622
400,3,10,150,49,0.0
401,3,10,150,49,0.0
402,3,10,150,49,0.469779625693621
403,3,10,150,49,0.0
404,3,10,150,49,0.0
405,3,10,150,49,0.25058203400937973
406,3,10,150,49,0.1678654084844188
407,3,10,150,49,0.07445533272568368
408,3,10,150,49,0.12083071655728543
409,3,10,150,49,0.13530747380914224
410,3,10,150,49,0.0
411,3,10,150,49,0.1128999930808451
412,3,10,150,49,0.0
413,3,10,150,49,0.10122860821230018
414,3,10,150,49,0.0
415,3,10,150,49,0.07605458145297357
416,3,10,150,49,0.2863995628134021
417,3,10,150,49,0.07305406419517178
418,3,10,150,49,0.07001560573318603
419,3,10,150,49,0.2098021491169666
420,3,10,150,49,0.0527075128660253
421,3,10,150,49,0.202729931306865
422,3,10,150,49,0.0
423,3,10,150,49,0.0
424,3,10,150,49,0.13291000263869587
425,3,10,150,49,0.0
426,3,10,150,49,0.10004388309532918
427,3,10,150,49,0.0
428,3,10,150,49,0.0
429,3,10,150,49,0.17740367827979495
430,3,10,150,49,0.062242588308449316
431,3,10,150,49,0.0
432,3,10,150,49,0.0
433,3,10,150,49,0.0
434,3,10,150,49,0.25803884452092735
435,3,10,150,49,0.27720417586611346
436,3,10,150,49,0.09291494561763272
437,3,10,150,49,0.048980270915645295
438,3,10,150,49,0.0
439,3,10,150,49,0.0
440,3,10,150,49,0.07261318787584015
441,3,10,150,49,0.0
442,3,10,150,49,0.058478916078390675
443,3,10,150,49,0.056720838976548935
444,3,10,150,49,0.19519002499605084
445,3,10,150,49,0.0
446,3,10,150,49,0.0
447,3,10,150,49,0.09914294517496557
448,3,10,150,49,0.0
449,3,10,150,49,0.0
450,3,10,150,49,0.34995363875085944
451,3,10,150,49,0.0
452,3,10,150,49,0.050181847487913385
453,3,10,150,49,0.13392124957971085
454,3,10,150,49,0.0
455,3,10,150,49,0.1760702282199838
456,3,10,150,49,0.1310721461718714
457,3,10,150,49,0.47744080921568266
458,3,10,150,49,0.12558675721326243
459,3,10,150,49,0.04901586605894737
460,3,10,150,49,0.0
461,3,10,150,49,0.10778915452451093
462,3,10,150,49,0.16728714615527887
463,3,10,150,49,0.1032589365938857
464,3,10,150,49,0.04931346192675315
465,3,10,150,49,0.0733934381893728
466,3,10,150,49,0.0750834162528243
467,3,10,150,49,0.032842167909375275
468,3,10,150,49,0.4424763580282471
469,3,10,150,49,0.050924439617225085
470,3,10,150,49,0.040162930685297936
471,3,10,150,49,0.0
472,3,10,150,49,0.30909382355935494
473,3,10,150,49,0.050005013043213774
474,3,10,150,49,0.36702273296850213
475,3,10,150,49,0.0
476,3,10,150,49,0.12097589732794561
477,3,10,150,49,0.0
478,3,10,150,49,0.2059565668593519
479,3,10,150,49,0.07893633843817272
480,3,10,150,49,0.0881980292211471
481,3,10,150,49,0.0
482,3,10,150,49,0.10209739512291163
483,3,10,150,49,0.06194403202282284
484,3,10,150,49,0.27714485683696083
485,3,10,150,49,0.0
486,3,10,150,49,0.06108300840136219
487,3,10,150,49,0.11762349868582239
488,3,10,150,49,0.05887472794707303
489,3,10,150,49,0.0
490,3,10,150,49,0.06490403551612171
491,3,10,150,49,0.17758207479178334
492,3,10,150,49,0.08328180879069912
493,3,10,150,49,0.23552414445241532
494,3,10,150,49,0.11299367690705851
495,3,10,150,49,0.11324322475269992
496,3,10,150,49,0.07271211160102074
497,3,10,150,49,0.030409510927311548
498,3,10,150,49,0.0343217267714905
499,3,10,150,49,0.09663695819429566
500,3,10,150,49,0.05148161820038617
501,3,10,150,49,0.0
502,3,10,150,49,0.0
503,3,10,150,49,0.23688393797410975
504,3,10,150,49,0.08577478258353151
505,3,10,150,49,0.025255271126572616
506,3,10,150,49,0.15389355122529846
507,3,10,150,49,0.0
508,3,10,150,49,0.17050987036516796
509,3,10,150,49,0.0
510,3,10,150,49,0.17032928501352598
511,3,10,150,49,0.12155021559723776
512,3,10,150,49,0.0
513,3,10,150,49,0.05276490902632437
514,3,10,150,49,0.22864282981526643
515,3,10,150,49,0.0
516,3,10,150,49,0.07947838320659593
517,3,10,150,49,0.03859643636257609
518,3,10,150,49,0.05268083714989503
519,3,10,150,49,0.0
520,3,10,150,49,0.0
521,3,10,150,49,0.07860744541237058
522,3,10,150,49,0.16542389351858164
523,3,10,150,49,0.1705239552439998
524,3,10,150,49,0.05682655862280832
525,3,10,150,49,0.06516045994396072
526,3,10,150,49,0.03112959369469351
527,3,10,150,49,0.21068702285875093
528,3,10,150,49,0.1255942414278791
529,3,10,150,49,0.03208343640786788
530,3,10,150,49,0.0
531,3,10,150,49,0.0
532,3,10,150,49,0.19528697943654608
533,3,10,150,49,0.16891153800413375
534,3,10,150,49,0.10040759964046686
535,3,10,150,49,0.25042386119662124
536,3,10,150,49,0.163387686462025
537,3,10,150,49,0.4084443353375938
538,3,10,150,49,0.09944592215223559
539,3,10,150,49,0.04851068933953057
540,3,10,150,49,0.0
541,3,10,150,49,0.06337469398538446
542,3,10,150,49,0.04294079226347803
543,3,10,150,49,0.0
544,3,10,150,49,0.0
545,3,10,150,49,0.17610052374724894
546,3,10,150,49,0.10441409560474312
547,3,10,150,49,0.04528995543568932
548,3,10,150,49,0.07445533272568368
549,3,10,150,49,0.10184659627402569
550,3,10,150,49,0.0845667599404342
551,3,10,150,49,0.24219764959524528
552,3,10,150,49,0.0
553,3,10,150,49,0.11580126188886303
554,3,10,150,49,0.0
555,3,10,150,49,0.037070343480771185
556,3,10,150,49,0.2436420788359897
557,3,10,150,49,0.044530079137671444
558,3,10,150,49,0.21398626473452756
559,3,10,150,49,0.07557866567222271
560,3,10,150,49,0.11942337490935596
561,3,10,150,49,0.09053544038875837
562,3,10,150,49,0.0900117306380905
563,3,10,150,49,0.10791970824616881
564,3,10,150,49,0.0
565,3,10,150,49,0.17360338152027138
566,3,10,150,49,0.11935234359120704
567,3,10,150,49,0.3437300339426022
568,3,10,150,49,0.07161318866452264
569,3,10,150,49,0.023835426911994775
570,3,10,150,49,0.0
571,3,10,150,49,0.0512644431393966
572,3,10,150,49,0.30260241349881345
573,3,10,150,49,0.0
574,3,10,150,49,0.0
575,3,10,150,49,0.13043262693172047
576,3,10,150,49,0.0
577,3,10,150,49,0.2160377649112118
578,3,10,150,49,0.0
579,3,10,150,49,0.06152644703210656
580,3,10,150,49,0.03144137376097698
581,3,10,150,49,0.0
582,3,10,150,49,0.06679511870650716
583,3,10,150,49,0.0874717141014082
584,3,10,150,49,0.20261715588288354
585,3,10,150,49,0.042225550968526857
586,3,10,150,49,0.08320793602485384
587,3,10,150,49,0.0
588,3,10,150,49,0.23363067257088838
589,3,10,150,49,0.0
590,3,10,150,49,0.17154483744357613
591,3,10,150,49,0.08651464973019597
592,3,10,150,49,0.3302594230185345
593,3,10,150,49,0.13812108425767056
594,3,10,150,49,0.0
595,3,10,150,49,0.055965373307784824
596,3,10,150,49,0.09803928583135704
597,3,10,150,49,0.0
598,3,10,150,49,0.0
599,3,10,150,49,0.02506539947940475
600,3,10,150,49,0.13574631165894233
601,3,10,150,49,0.1518664205269219
602,3,10,150,49,0.041278922835426404
603,3,10,150,49,0.12541207695631323
604,3,10,150,49,0.0
605,3,10,150,49,0.15136987527520723
606,3,10,150,49,0.3862939487052383
607,3,10,150,49,0.0308875359117713
608,3,10,150,49,0.26451179465446084
609,3,10,150,49,0.0
610,3,10,150,49,0.08443863559321411
611,3,10,150,49,0.0
612,3,10,150,49,0.09162544430476362
613,3,10,150,49,0.1652462050665711
614,3,10,150,49,0.1467868763787456
615,3,10,150,49,0.10737689423316772
616,3,10,150,49,0.030480958763669998
617,3,10,150,49,0.038287076928437726
618,3,10,150,49,0.07860744541237058
619,3,10,150,49,0.13379581792476064
620,3,10,150,49,0.1717765398347941
621,3,10,150,49,0.10007283298072028
622,3,10,150,49,0.21777757020569258
623,3,10,150,49,0.04214302778527282
624,3,10,150,49,0.021242730972485305
625,3,10,150,49,0.06672272773479279
626,3,10,150,49,0.0
627,3,10,150,49,0.13506467743362335
628,3,10,150,49,0.0
629,3,10,150,49,0.25329479046654263
630,3,10,150,49,0.10834532177911152
631,3,10,150,49,0.13449792459172438
632,3,10,150,49,0.06934269739950429
633,3,10,150,49,0.050456115328747164
634,3,10,150,49,0.10488424475382795
635,3,10,150,49,0.0
636,3,10,150,49,0.3615974840572412
637,3,10,150,49,0.014724699581037991
638,3,10,150,49,0.05152901435389809
639,3,10,150,49,0.0
640,3,10,150,49,0.1381964505655923
641,3,10,150,49,0.051358492238643604
642,3,10,150,49,0.32621942708693547
643,3,10,150,49,0.3027662861909417
644,3,10,150,49,0.0
645,3,10,150,49,0.14824152823723352
646,3,10,150,49,0.11243817952384734
647,3,10,150,49,0.06590268968688952
648,3,10,150,49,0.302437686676103
649,3,10,150,49,0.0
650,3,10,150,49,0.1321136907946051
651,3,10,150,49,0.0
652,3,10,150,49,0.0
653,3,10,150,49,0.13612502839315502
654,3,10,150,49,0.07046307181723842
655,3,10,150,49,0.4535394823157299
656,3,10,150,49,0.0
657,3,10,150,49,0.2504953915210566
658,3,10,150,49,0.069831161662907
659,3,10,150,49,0.12609910479437178
660,3,10,150,49,0.013927967469261155
661,3,10,150,49,0.1541625986427349
662,3,10,150,49,0.0
663,3,10,150,49,0.13187879563576968
664,3,10,150,49,0.3266518110115399
665,3,10,150,49,0.03930372270618529
666,3,10,150,49,0.15029495198844453
667,3,10,150,49,0.07826166552478557
668,3,10,150,49,0.0
669,3,10,150,49,0.19588788032265295
670,3,10,150,49,0.0
671,3,10,150,49,0.17990960800329642
672,3,10,150,49,0.07973520350569015
673,3,10,150,49,0.0
674,3,10,150,49,0.0
675,3,10,150,49,0.0382580635535654
676,3,10,150,49,0.22358931366364498
677,3,10,150,49,0.0720796116407523
678,3,10,150,49,0.0
679,3,10,150,49,0.16417658872889113
680,3,10,150,49,0.0
681,3,10,150,49,0.0
682,3,10,150,49,0.3234850566423345
683,3,10,150,49,0.02677435355254797
684,3,10,150,49,0.03158850394477252
685,3,10,150,49,0.09030583455080088
686,3,10,150,49,0.12202372611467731
687,3,10,150,49,0.0
688,3,10,150,49,0.0
689,3,10,150,49,0.37279254620421465
690,3,10,150,49,0.23383654521627753
691,3,10,150,49,0.6023709850354425
692,3,10,150,49,0.03353522641880846
693,3,10,150,49,0.05350624538223454
694,3,10,150,49,0.22915147495415983
695,3,10,150,49,0.0
696,3,10,150,49,0.08111636357522063
697,3,10,150,49,0.06832568397816181
698,3,10,150,49,0.0
699,3,10,150,49,0.06522538730709031
700,3,10,150,49,0.0
701,3,10,150,49,0.0906790485156717
702,3,10,150,49,0.0
703,3,10,150,49,0.21888235022994418
704,3,10,150,49,0.16668399590164457
705,3,10,150,49,0.20330387449508439
706,3,10,150,49,0.0
707,3,10,150,49,0.27707362487979
708,3,10,150,49,0.03476299583640518
709,3,10,150,49,0.14728521323146984
710,3,10,150,49,0.25040922491354684
711,3,10,150,49,0.2123558375625291
712,3,10,150,49,0.08980180291999383
713,3,10,150,49,0.0
714,3,10,150,49,0.09998274523051486
715,3,10,150,49,0.20695497673899532
716,3,10,150,49,0.3162240527210857
717,3,10,150,49,0.08455030681958395
718,3,10,150,49,0.0
719,3,10,150,49,0.10353175087921149
720,3,10,150,49,0.0
721,3,10,150,49,0.08047434359507598
722,3,10,150,49,0.07401896317743158
723,3,10,150,49,0.0
724,3,10,150,49,0.0
725,3,10,150,49,0.0
726,3,10,150,49,0.061080020762274374
727,3,10,150,49,0.10115170445377276
728,3,10,150,49,0.0
729,3,10,150,49,0.0
730,3,10,150,49,0.0
731,3,10,150,49,0.1935015812983906
732,3,10,150,49,0.05717828980196049
733,3,10,150,49,0.020730875129846955
734,3,10,150,49,0.08131766139183766
735,3,10,150,49,0.08151055815578559
736,3,10,150,49,0.047009109882897075
737,3,10,150,49,0.12127716502890909
738,3,10,150,49,0.10316922831938528
739,3,10,150,49,0.18767092572990207
740,3,10,150,49,0.0523780734795101
741,3,10,150,49,0.0787396033907249
742,3,10,150,49,0.0527075128660253
743,3,10,150,49,0.1194783875505714
744,3,10,150,49,0.0
745,3,10,150,49,0.06774344219296054
746,3,10,150,49,0.24124954544361757
747,3,10,150,49,0.21458099332778333
748,3,10,150,49,0.04132344798443041
749,3,10,150,49,0.3678417334819157
750,3,10,150,49,0.18000575664763457
751,3,10,150,49,0.05059789125164855
752,3,10,150,49,0.08155432360208091
753,3,10,150,49,0.04072612696308379
754,3,10,150,49,0.0
755,3,10,150,49,0.0
756,3,10,150,49,0.044143057780823704
757,3,10,150,49,0.1088815023385917
758,3,10,150,49,0.2384760785480008
759,3,10,150,49,0.0
760,3,10,150,49,0.16006374561654185
761,3,10,150,49,0.17663858756688974
762,3,10,150,49,0.0
763,3,10,150,49,0.10697348874072295
764,3,10,150,49,0.04710969775183564
765,3,10,150,49,0.0
766,3,10,150,49,0.03808239950962566
767,3,10,150,49,0.1269544353559099
768,3,10,150,49,0.05059568297461706
769,3,10,150,49,0.0
770,3,10,150,49,0.18348359547343202
771,3,10,150,49,0.02778871948897756
772,3,10,150,49,0.038996699933076286
773,3,10,150,49,0.14052732258781897
774,3,10,150,49,0.0
775,3,10,150,49,0.0
776,3,10,150,49,0.0
777,3,10,150,49,0.0
778,3,10,150,49,0.08961728720334347
779,3,10,150,49,0.0
780,3,10,150,49,0.12311997034702767
781,3,10,150,49,0.12572447169101508
782,3,10,150,49,0.0
783,3,10,150,49,0.0
784,3,10,150,49,0.04582425041433568
785,3,10,150,49,0.2848262604068979
786,3,10,150,49,0.13901223847985233
787,3,10,150,49,0.0
788,3,10,150,49,0.05171136486308053
789,3,10,150,49,0.14531023848228133
790,3,10,150,49,0.07123716589548494
791,3,10,150,49,0.059480024314918285
792,3,10,150,49,0.0946587791577201
793,3,10,150,49,0.11843263243420837
794,3,10,150,49,0.1578863001786244
795,3,10,150,49,0.06886690743551852
796,3,10,150,49,0.09630703014574787
797,3,10,150,49,0.13905617951077562
798,3,10,150,49,0.0
799,3,10,150,49,0.2836929289153804
800,3,10,150,49,0.0
801,3,10,150,49,0.0
802,3,10,150,49,0.05621908976192367
803,3,10,150,49,0.0
804,3,10,150,49,0.26848195584527723
805,3,10,150,49,0.13600674739980326
806,3,10,150,49,0.06379369995120096
807,3,10,150,49,0.17160454114393403
808,3,10,150,49,0.0
809,3,10,150,49,0.0
810,3,10,150,49,0.0
811,3,10,150,49,0.0
812,3,10,150,49,0.11600766930798434
813,3,10,150,49,0.06916902856231065
814,3,10,150,49,0.054181637470214
815,3,10,150,49,0.10380674919178415
816,3,10,150,49,0.10105367325027378
817,3,10,150,49,0.0
818,3,10,150,49,0.0
819,3,10,150,49,0.0
820,3,10,150,49,0.12262943855309168
821,3,10,150,49,0.053168340515114924
822,3,10,150,49,0.0
823,3,10,150,49,0.10148718580906937
824,3,10,150,49,0.0
825,3,10,150,49,0.16434089815347858
826,3,10,150,49,0.1104586032397152
827,3,10,150,49,0.0
828,3,10,150,49,0.0
829,3,10,150,49,0.08143169212679746
830,3,10,150,49,0.13003750163762204
831,3,10,150,49,0.04522637401768292
832,3,10,150,49,0.0
833,3,10,150,49,0.05828935682373833
834,3,10,150,49,0.0
835,3,10,150,49,0.1027658322970266
836,3,10,150,49,0.05097554749895306
837,3,10,150,49,0.05351287869030783
838,3,10,150,49,0.08633629724227374
839,3,10,150,49,0.0
840,3,10,150,49,0.10243256189486287
841,3,10,150,49,0.0
842,3,10,150,49,0.0
843,3,10,150,49,0.04209275315645388
844,3,10,150,49,0.0
845,3,10,150,49,0.0
846,3,10,150,49,0.09924548857390884
847,3,10,150,49,0.0
848,3,10,150,49,0.03618657486793958
849,3,10,150,49,0.0
850,3,10,150,49,0.06228974831361337
851,3,10,150,49,0.2277008805972924
852,3,10,150,49,0.07256783117062009
853,3,10,150,49,0.0
854,3,10,150,49,0.0
855,3,10,150,49,0.0
856,3,10,150,49,0.0
857,3,10,150,49,0.0
858,3,10,150,49,0.0
859,3,10,150,49,0.0
860,3,10,150,49,0.0
861,3,10,150,49,0.12754356661958802
862,3,10,150,49,0.1014543205029727
863,3,10,150,49,0.0
864,3,10,150,49,0.1615328695620339
865,3,10,150,49,0.0
866,3,10,150,49,0.0
867,3,10,150,49,0.13120507751234178
868,3,10,150,49,0.0
870,3,10,150,49,0.0
871,3,10,150,49,0.0
872,3,10,150,49,0.0
875,3,10,150,49,0.1395953738647505
876,3,10,150,49,0.0
877,3,10,150,49,0.0
1,3,10,150,50,0.6247579375131872
2,3,10,150,50,0.10688238502350729
3,3,10,150,50,0.0
4,3,10,150,50,0.0
5,3,10,150,50,0.0819283960923954
6,3,10,150,50,0.05340978172012693
7,3,10,150,50,0.17824931235338826
8,3,10,150,50,0.0554835367217868
9,3,10,150,50,0.0
10,3,10,150,50,0.16409920264511527
11,3,10,150,50,0.049016076581777215
12,3,10,150,50,0.0
13,3,10,150,50,0.20487835659721662
14,3,10,150,50,0.05601843521033356
15,3,10,150,50,0.0
16,3,10,150,50,0.1653353975675179
17,3,10,150,50,0.12066394366711926
18,3,10,150,50,0.16957655256734583
19,3,10,150,50,0.0
20,3,10,150,50,0.14530105135237878
21,3,10,150,50,0.03475017269886857
22,3,10,150,50,0.09255370591399972
23,3,10,150,50,0.16093766472693694
24,3,10,150,50,0.311062094929455
25,3,10,150,50,0.0
26,3,10,150,50,0.0
28,3,10,150,50,0.0
29,3,10,150,50,0.0
30,3,10,150,50,0.0979129253499678
31,3,10,150,50,0.06076546216996844
32,3,10,150,50,0.0
33,3,10,150,50,0.0
34,3,10,150,50,0.0
35,3,10,150,50,0.07108348368841133
37,3,10,150,50,0.0488929053971083
38,3,10,150,50,0.0
39,3,10,150,50,0.0
40,3,10,150,50,0.0
41,3,10,150,50,0.0
42,3,10,150,50,0.11676800180580715
43,3,10,150,50,0.2516718289406818
44,3,10,150,50,0.07698159974258616
45,3,10,150,50,0.04505000432618384
46,3,10,150,50,0.2524329124868603
47,3,10,150,50,0.0
48,3,10,150,50,0.14225564083314088
49,3,10,150,50,0.08545966314334597
50,3,10,150,50,0.0
51,3,10,150,50,0.18953836965473142
52,3,10,150,50,0.04892579731758021
53,3,10,150,50,0.09546043308946733
54,3,10,150,50,0.07984133538066794
55,3,10,150,50,0.0
56,3,10,150,50,0.03975645576081676
57,3,10,150,50,0.0
58,3,10,150,50,0.10796876451088402
59,3,10,150,50,0.17648049550261924
60,3,10,150,50,0.12123807080432077
61,3,10,150,50,0.0
62,3,10,150,50,0.03806940785769845
63,3,10,150,50,0.03554915059547175
64,3,10,150,50,0.0
65,3,10,150,50,0.2994759515353249
66,3,10,150,50,0.0
67,3,10,150,50,0.0
68,3,10,150,50,0.0
69,3,10,150,50,0.11503055012584398
70,3,10,150,50,0.0
71,3,10,150,50,0.07955752067133452
72,3,10,150,50,0.16084022171949366
73,3,10,150,50,0.051960280791503534
74,3,10,150,50,0.0
75,3,10,150,50,0.11731968150568911
76,3,10,150,50,0.14804398249667974
77,3,10,150,50,0.45287742747371695
78,3,10,150,50,0.0
79,3,10,150,50,0.0
80,3,10,150,50,0.08297572808511901
81,3,10,150,50,0.0
82,3,10,150,50,0.08926877557705373
83,3,10,150,50,0.04630610387058298
84,3,10,150,50,0.0
85,3,10,150,50,0.06966660916502733
86,3,10,150,50,0.07738888769495082
87,3,10,150,50,0.10058161863664324
88,3,10,150,50,0.0
89,3,10,150,50,0.22860031301980846
90,3,10,150,50,0.18371373940702912
91,3,10,150,50,0.13114221140465185
92,3,10,150,50,0.039879246291349764
93,3,10,150,50,0.0
94,3,10,150,50,0.17486331161053986
95,3,10,150,50,0.061836172422412086
96,3,10,150,50,0.19186450284072096
97,3,10,150,50,0.09558339637123096
98,3,10,150,50,0.08878770367712427
99,3,10,150,50,0.0
100,3,10,150,50,0.0892789338684584
101,3,10,150,50,0.0
102,3,10,150,50,0.026001814664123827
103,3,10,150,50,0.07673373981757839
104,3,10,150,50,0.12171451575741458
106,3,10,150,50,0.05261577455142312
107,3,10,150,50,0.0
108,3,10,150,50,0.0
109,3,10,150,50,0.11259960483764554
110,3,10,150,50,0.039667414566743345
111,3,10,150,50,0.0
112,3,10,150,50,0.06510475888148554
113,3,10,150,50,0.05449144662575446
114,3,10,150,50,0.07610811271330754
115,3,10,150,50,0.046806851959664796
116,3,10,150,50,0.07814915695077672
117,3,10,150,50,0.053589621006720926
118,3,10,150,50,0.0
119,3,10,150,50,0.06127983274634642
121,3,10,150,50,0.06245141164382474
122,3,10,150,50,0.03984598490051017
123,3,10,150,50,0.46927872602275644
124,3,10,150,50,0.10889376106823218
125,3,10,150,50,0.1350308091592608
126,3,10,150,50,0.0
127,3,10,150,50,0.0
128,3,10,150,50,0.027576277569513717
129,3,10,150,50,0.0
130,3,10,150,50,0.08034382158496219
131,3,10,150,50,0.2803335894048546
132,3,10,150,50,0.09109240322345806
133,3,10,150,50,0.0
134,3,10,150,50,0.0
135,3,10,150,50,0.0
136,3,10,150,50,0.40257390286801836
137,3,10,150,50,0.0
138,3,10,150,50,0.21222747957761057
139,3,10,150,50,0.0
140,3,10,150,50,0.0
141,3,10,150,50,0.15194751309721466
142,3,10,150,50,0.30260241349881345
143,3,10,150,50,0.0
144,3,10,150,50,0.19201969646868908
145,3,10,150,50,0.06384607724228114
146,3,10,150,50,0.0
147,3,10,150,50,0.07610811271330754
148,3,10,150,50,0.042512356679180144
149,3,10,150,50,0.05446824630887794
150,3,10,150,50,0.0
151,3,10,150,50,0.13015552819736165
152,3,10,150,50,0.026230448379684728
153,3,10,150,50,0.06516188295518531
154,3,10,150,50,0.055100238151135045
155,3,10,150,50,0.0
156,3,10,150,50,0.07028063830038406
157,3,10,150,50,0.0
158,3,10,150,50,0.055805240881847164
159,3,10,150,50,0.11026617795298452
160,3,10,150,50,0.060934076158944916
161,3,10,150,50,0.0
162,3,10,150,50,0.0
163,3,10,150,50,0.0
164,3,10,150,50,0.0
165,3,10,150,50,0.09149012142095872
166,3,10,150,50,0.0
167,3,10,150,50,0.03395822402998728
168,3,10,150,50,0.0
169,3,10,150,50,0.055427457405235275
170,3,10,150,50,0.0
171,3,10,150,50,0.0
172,3,10,150,50,0.0
173,3,10,150,50,0.0
174,3,10,150,50,0.05481171384122219
175,3,10,150,50,0.4413254197204702
176,3,10,150,50,0.0347693136731627
177,3,10,150,50,0.0
178,3,10,150,50,0.18053947820976404
179,3,10,150,50,0.06599888514927177
180,3,10,150,50,0.0
181,3,10,150,50,0.0370803739819002
182,3,10,150,50,0.13120507751234178
183,3,10,150,50,0.0
184,3,10,150,50,0.0
185,3,10,150,50,0.0
186,3,10,150,50,0.0
187,3,10,150,50,0.2004102107997965
188,3,10,150,50,0.0
189,3,10,150,50,0.22982757951573698
190,3,10,150,50,0.0
191,3,10,150,50,0.07335312372354855
192,3,10,150,50,0.0
193,3,10,150,50,0.0
194,3,10,150,50,0.052577940589851685
195,3,10,150,50,0.061734604266276284
196,3,10,150,50,0.17342765698823945
197,3,10,150,50,0.07304192939088519
198,3,10,150,50,0.10387325901274824
199,3,10,150,50,0.0
200,3,10,150,50,0.07631210649226439
201,3,10,150,50,0.1740967084220807
202,3,10,150,50,0.0
203,3,10,150,50,0.0
204,3,10,150,50,0.0
205,3,10,150,50,0.11600766930798434
206,3,10,150,50,0.0
207,3,10,150,50,0.0643667663843211
208,3,10,150,50,0.0
209,3,10,150,50,0.070675417981692
210,3,10,150,50,0.0
211,3,10,150,50,0.0
212,3,10,150,50,0.0559167101555819
213,3,10,150,50,0.08985507164305877
214,3,10,150,50,0.1257260924843343
215,3,10,150,50,0.157288596461893
216,3,10,150,50,0.27735230728218535
217,3,10,150,50,0.13000004444613666
218,3,10,150,50,0.06323567569191428
219,3,10,150,50,0.0
220,3,10,150,50,0.07807600999842033
221,3,10,150,50,0.12213234467515617
222,3,10,150,50,0.1483732210811898
223,3,10,150,50,0.039270700903099615
224,3,10,150,50,0.0
225,3,10,150,50,0.0
226,3,10,150,50,0.0
227,3,10,150,50,0.0
229,3,10,150,50,0.0
230,3,10,150,50,0.10228729060357176
231,3,10,150,50,0.0
232,3,10,150,50,0.0
233,3,10,150,50,0.15206723475089307
234,3,10,150,50,0.11398184914198699
235,3,10,150,50,0.08312042273022706
236,3,10,150,50,0.12127042983235181
237,3,10,150,50,0.0
238,3,10,150,50,0.0
239,3,10,150,50,0.12691627784085696
240,3,10,150,50,0.10235170428306553
241,3,10,150,50,0.1381300260171807
242,3,10,150,50,0.0
243,3,10,150,50,0.0
244,3,10,150,50,0.1324362264265921
245,3,10,150,50,0.0
246,3,10,150,50,0.08356426880363813
247,3,10,150,50,0.15642624200758548
248,3,10,150,50,0.23451355966072135
249,3,10,150,50,0.3041992014465808
250,3,10,150,50,0.07806699296748765
251,3,10,150,50,0.0
252,3,10,150,50,0.0
253,3,10,150,50,0.0
254,3,10,150,50,0.036502603141236205
255,3,10,150,50,0.10933464083642679
256,3,10,150,50,0.027736288621349494
257,3,10,150,50,0.12830873359117523
258,3,10,150,50,0.0
259,3,10,150,50,0.0
260,3,10,150,50,0.0
261,3,10,150,50,0.0
262,3,10,150,50,0.0
263,3,10,150,50,0.32837769821077345
264,3,10,150,50,0.2969281197911131
265,3,10,150,50,0.19802572813668026
266,3,10,150,50,0.0
267,3,10,150,50,0.21076490690365068
268,3,10,150,50,0.10975055212060252
269,3,10,150,50,0.040019695500760184
270,3,10,150,50,0.0
271,3,10,150,50,0.10729393508609222
272,3,10,150,50,0.05334621352524345
273,3,10,150,50,0.0
274,3,10,150,50,0.0
275,3,10,150,50,0.0
276,3,10,150,50,0.2331493483576258
277,3,10,150,50,0.0
278,3,10,150,50,0.0
279,3,10,150,50,0.12219642291052539
280,3,10,150,50,0.07316593591075989
281,3,10,150,50,0.0
282,3,10,150,50,0.09659953929285248
283,3,10,150,50,0.0
284,3,10,150,50,0.0
285,3,10,150,50,0.0
286,3,10,150,50,0.0
287,3,10,150,50,0.0
288,3,10,150,50,0.13999259891013252
289,3,10,150,50,0.0
290,3,10,150,50,0.09647783930421741
291,3,10,150,50,0.16687854902718413
292,3,10,150,50,0.27665227928348557
293,3,10,150,50,0.027617814335417826
294,3,10,150,50,0.052007328240412425
295,3,10,150,50,0.12123998403830039
296,3,10,150,50,0.1313923743616208
297,3,10,150,50,0.030868393892711742
298,3,10,150,50,0.13814728270261697
299,3,10,150,50,0.06251231174305825
300,3,10,150,50,0.0
301,3,10,150,50,0.1296575124303738
302,3,10,150,50,0.07335312372354855
303,3,10,150,50,0.2090489309241035
304,3,10,150,50,0.0
305,3,10,150,50,0.05428021340641747
306,3,10,150,50,0.0
307,3,10,150,50,0.13128644747266613
308,3,10,150,50,0.0333916485965813
309,3,10,150,50,0.0
310,3,10,150,50,0.2890648263178879
311,3,10,150,50,0.17512035582237062
312,3,10,150,50,0.1463159326434965
313,3,10,150,50,0.09586943528179451
314,3,10,150,50,0.10507089418815024
315,3,10,150,50,0.09785159463516042
316,3,10,150,50,0.06076546216996844
317,3,10,150,50,0.0
318,3,10,150,50,0.07377376675297492
319,3,10,150,50,0.0
320,3,10,150,50,0.08947300054212491
321,3,10,150,50,0.08223795175588802
322,3,10,150,50,0.07955752067133452
323,3,10,150,50,0.12229181918924699
324,3,10,150,50,0.0
325,3,10,150,50,0.0
326,3,10,150,50,0.10817904857938596
327,3,10,150,50,0.0
328,3,10,150,50,0.11126818073657672
329,3,10,150,50,0.056720838976548935
330,3,10,150,50,0.3028509129070748
331,3,10,150,50,0.0
332,3,10,150,50,0.0810199244169475
333,3,10,150,50,0.0
334,3,10,150,50,0.12480711354727977
335,3,10,150,50,0.0
336,3,10,150,50,0.0
337,3,10,150,50,0.16908993508344605
338,3,10,150,50,0.04358896759704514
339,3,10,150,50,0.145767359678607
340,3,10,150,50,0.12647135138382856
341,3,10,150,50,0.0
342,3,10,150,50,0.10109476984709632
343,3,10,150,50,0.32643978915107913
344,3,10,150,50,0.13804010954782428
345,3,10,150,50,0.1302817386077542
346,3,10,150,50,0.10809528579756168
347,3,10,150,50,0.09642724089192412
348,3,10,150,50,0.0
349,3,10,150,50,0.07123530534387781
350,3,10,150,50,0.2314071217459096
351,3,10,150,50,0.0
352,3,10,150,50,0.16282653392890226
353,3,10,150,50,0.09489642549953911
354,3,10,150,50,0.033699515540238464
355,3,10,150,50,0.0
356,3,10,150,50,0.0
357,3,10,150,50,0.0
358,3,10,150,50,0.26730206653594746
359,3,10,150,50,0.0749368547125808
360,3,10,150,50,0.10496459329418281
361,3,10,150,50,0.0
362,3,10,150,50,0.0
363,3,10,150,50,0.1867805234163032
364,3,10,150,50,0.0
365,3,10,150,50,0.0989084497079971
366,3,10,150,50,0.10684080426179023
367,3,10,150,50,0.1410054764628891
368,3,10,150,50,0.0
369,3,10,150,50,0.0
370,3,10,150,50,0.045683428159663184
371,3,10,150,50,0.09892739847751293
372,3,10,150,50,0.10673919722548196
373,3,10,150,50,0.18128610071101886
374,3,10,150,50,0.1523273086076386
375,3,10,150,50,0.0
376,3,10,150,50,0.0
377,3,10,150,50,0.053168340515114924
378,3,10,150,50,0.06718454831936836
379,3,10,150,50,0.13557533657177168
380,3,10,150,50,0.0
381,3,10,150,50,0.08294243278442993
382,3,10,150,50,0.07847428227110642
383,3,10,150,50,0.0
384,3,10,150,50,0.08759200575528697
385,3,10,150,50,0.1546778125427113
386,3,10,150,50,0.0
387,3,10,150,50,0.03814967334348895
388,3,10,150,50,0.0
389,3,10,150,50,0.1235889394303773
390,3,10,150,50,0.21398626473452756
391,3,10,150,50,0.2558645268575362
392,3,10,150,50,0.06327372362257774
393,3,10,150,50,0.15208057463569455
394,3,10,150,50,0.12900206501129066
395,3,10,150,50,0.09286934188709499
396,3,10,150,50,0.0
397,3,10,150,50,0.10643931441962817
398,3,10,150,50,0.10538252056401418
399,3,10,150,50,0.02762677513032838
400,3,10,150,50,0.0
401,3,10,150,50,0.0
402,3,10,150,50,0.469779625693621
403,3,10,150,50,0.0
404,3,10,150,50,0.0
405,3,10,150,50,0.24715697727819153
406,3,10,150,50,0.16557095609266556
407,3,10,150,50,0.07343764708220529
408,3,10,150,50,0.12083071655728543
409,3,10,150,50,0.13530747380914224
410,3,10,150,50,0.0
411,3,10,150,50,0.1128999930808451
412,3,10,150,50,0.0
413,3,10,150,50,0.10122860821230018
414,3,10,150,50,0.0
415,3,10,150,50,0.07605458145297357
416,3,10,150,50,0.2824849375917604
417,3,10,150,50,0.07205553165750805
418,3,10,150,50,0.07001560573318603
419,3,10,150,50,0.2098021491169666
420,3,10,150,50,0.0527075128660253
421,3,10,150,50,0.202729931306865
422,3,10,150,50,0.0
423,3,10,150,50,0.0
424,3,10,150,50,0.13291000263869587
425,3,10,150,50,0.0
426,3,10,150,50,0.10004388309532918
427,3,10,150,50,0.0
428,3,10,150,50,0.0
429,3,10,150,50,0.17497885295330323
430,3,10,150,50,0.062242588308449316
431,3,10,150,50,0.0
432,3,10,150,50,0.0
433,3,10,150,50,0.0
434,3,10,150,50,0.25803884452092735
435,3,10,150,50,0.27341523691756875
436,3,10,150,50,0.09291494561763272
437,3,10,150,50,0.04831078873485666
438,3,10,150,50,0.0
439,3,10,150,50,0.0
440,3,10,150,50,0.07261318787584015
441,3,10,150,50,0.0
442,3,10,150,50,0.058478916078390675
443,3,10,150,50,0.056720838976548935
444,3,10,150,50,0.19519002499605084
445,3,10,150,50,0.0
446,3,10,150,50,0.0
447,3,10,150,50,0.09914294517496557
448,3,10,150,50,0.0
449,3,10,150,50,0.0
450,3,10,150,50,0.35883873569718494
451,3,10,150,50,0.0
452,3,10,150,50,0.04949594167187431
453,3,10,150,50,0.13392124957971085
454,3,10,150,50,0.0
455,3,10,150,50,0.1760702282199838
456,3,10,150,50,0.1310721461718714
457,3,10,150,50,0.4709149548629844
458,3,10,150,50,0.12387018655071733
459,3,10,150,50,0.04901586605894737
460,3,10,150,50,0.0
461,3,10,150,50,0.10778915452451093
462,3,10,150,50,0.16728714615527887
463,3,10,150,50,0.1032589365938857
464,3,10,150,50,0.04931346192675315
465,3,10,150,50,0.0733934381893728
466,3,10,150,50,0.0750834162528243
467,3,10,150,50,0.032842167909375275
468,3,10,150,50,0.4424763580282471
469,3,10,150,50,0.050924439617225085
470,3,10,150,50,0.040162930685297936
471,3,10,150,50,0.0
472,3,10,150,50,0.30486900399024314
473,3,10,150,50,0.050005013043213774
474,3,10,150,50,0.3620061176033088
475,3,10,150,50,0.0
476,3,10,150,50,0.12097589732794561
477,3,10,150,50,0.0
478,3,10,150,50,0.2059565668593519
479,3,10,150,50,0.07893633843817272
480,3,10,150,50,0.0881980292211471
481,3,10,150,50,0.0
482,3,10,150,50,0.10209739512291163
483,3,10,150,50,0.06194403202282284
484,3,10,150,50,0.27714485683696083
485,3,10,150,50,0.0
486,3,10,150,50,0.06108300840136219
487,3,10,150,50,0.11601577306609699
488,3,10,150,50,0.05887472794707303
489,3,10,150,50,0.0
490,3,10,150,50,0.06490403551612171
491,3,10,150,50,0.17758207479178334
492,3,10,150,50,0.08328180879069912
493,3,10,150,50,0.23552414445241532
494,3,10,150,50,0.11299367690705851
495,3,10,150,50,0.11169537049118422
496,3,10,150,50,0.07271211160102074
497,3,10,150,50,0.029993861415543957
498,3,10,150,50,0.0343217267714905
499,3,10,150,50,0.09663695819429566
500,3,10,150,50,0.05077794659181789
501,3,10,150,50,0.0
502,3,10,150,50,0.0
503,3,10,150,50,0.23688393797410975
504,3,10,150,50,0.08460237811480999
505,3,10,150,50,0.025255271126572616
506,3,10,150,50,0.1517900718374229
507,3,10,150,50,0.0
508,3,10,150,50,0.17050987036516796
509,3,10,150,50,0.0
510,3,10,150,50,0.17032928501352598
511,3,10,150,50,0.12155021559723776
512,3,10,150,50,0.0
513,3,10,150,50,0.05276490902632437
514,3,10,150,50,0.22551764701278595
515,3,10,150,50,0.0
516,3,10,150,50,0.07947838320659593
517,3,10,150,50,0.03859643636257609
518,3,10,150,50,0.05268083714989503
519,3,10,150,50,0.0
520,3,10,150,50,0.0
521,3,10,150,50,0.07753300701100829
522,3,10,150,50,0.16542389351858164
523,3,10,150,50,0.1705239552439998
524,3,10,150,50,0.05604983020374686
525,3,10,150,50,0.06516045994396072
526,3,10,150,50,0.03112959369469351
527,3,10,150,50,0.21068702285875093
528,3,10,150,50,0.1255942414278791
529,3,10,150,50,0.03208343640786788
530,3,10,150,50,0.0
531,3,10,150,50,0.0
532,3,10,150,50,0.1926177179067769
533,3,10,150,50,0.1666027866904033
534,3,10,150,50,0.10040759964046686
535,3,10,150,50,0.2470009664355008
536,3,10,150,50,0.16115443738843388
537,3,10,150,50,0.4028615527347064
538,3,10,150,50,0.09944592215223559
539,3,10,150,50,0.04851068933953057
540,3,10,150,50,0.0
541,3,10,150,50,0.06337469398538446
542,3,10,150,50,0.04294079226347803
543,3,10,150,50,0.0
544,3,10,150,50,0.0
545,3,10,150,50,0.17369351046470968
546,3,10,150,50,0.10441409560474312
547,3,10,150,50,0.04528995543568932
548,3,10,150,50,0.07343764708220529
549,3,10,150,50,0.10184659627402569
550,3,10,150,50,0.0845667599404342
551,3,10,150,50,0.2388871940260599
552,3,10,150,50,0.0
553,3,10,150,50,0.11580126188886303
554,3,10,150,50,0.0
555,3,10,150,50,0.037070343480771185
556,3,10,150,50,0.2436420788359897
557,3,10,150,50,0.044530079137671444
558,3,10,150,50,0.21398626473452756
559,3,10,150,50,0.07557866567222271
560,3,10,150,50,0.11942337490935596
561,3,10,150,50,0.08929796532100073
562,3,10,150,50,0.0900117306380905
563,3,10,150,50,0.10791970824616881
564,3,10,150,50,0.0
565,3,10,150,50,0.17360338152027138
566,3,10,150,50,0.11935234359120704
567,3,10,150,50,0.3390317926216678
568,3,10,150,50,0.07161318866452264
569,3,10,150,50,0.023835426911994775
570,3,10,150,50,0.0
571,3,10,150,50,0.0512644431393966
572,3,10,150,50,0.30260241349881345
573,3,10,150,50,0.0
574,3,10,150,50,0.0
575,3,10,150,50,0.13043262693172047
576,3,10,150,50,0.0
577,3,10,150,50,0.21308487324112382
578,3,10,150,50,0.0
579,3,10,150,50,0.06152644703210656
580,3,10,150,50,0.03144137376097698
581,3,10,150,50,0.0
582,3,10,150,50,0.06679511870650716
583,3,10,150,50,0.0874717141014082
584,3,10,150,50,0.20261715588288354
585,3,10,150,50,0.042225550968526857
586,3,10,150,50,0.08207061625451655
587,3,10,150,50,0.0
588,3,10,150,50,0.2304373139134557
589,3,10,150,50,0.0
590,3,10,150,50,0.17154483744357613
591,3,10,150,50,0.08651464973019597
592,3,10,150,50,0.3257453034635563
593,3,10,150,50,0.13623318933644873
594,3,10,150,50,0.0
595,3,10,150,50,0.055965373307784824
596,3,10,150,50,0.09803928583135704
597,3,10,150,50,0.0
598,3,10,150,50,0.0
599,3,10,150,50,0.02506539947940475
600,3,10,150,50,0.13574631165894233
601,3,10,150,50,0.1497906487824571
602,3,10,150,50,0.041278922835426404
603,3,10,150,50,0.12541207695631323
604,3,10,150,50,0.0
605,3,10,150,50,0.15136987527520723
606,3,10,150,50,0.38101392655815725
607,3,10,150,50,0.0308875359117713
608,3,10,150,50,0.26089634031296555
609,3,10,150,50,0.0
610,3,10,150,50,0.08443863559321411
611,3,10,150,50,0.02887184352079294
612,3,10,150,50,0.09162544430476362
613,3,10,150,50,0.1652462050665711
614,3,10,150,50,0.1467868763787456
615,3,10,150,50,0.10737689423316772
616,3,10,150,50,0.030480958763669998
617,3,10,150,50,0.038287076928437726
618,3,10,150,50,0.07753300701100829
619,3,10,150,50,0.13379581792476064
620,3,10,150,50,0.18984588405288957
621,3,10,150,50,0.09870499696819571
622,3,10,150,50,0.2148008981721864
623,3,10,150,50,0.04214302778527282
624,3,10,150,50,0.020952376721855324
625,3,10,150,50,0.06672272773479279
626,3,10,150,50,0.0
627,3,10,150,50,0.13321855871877375
628,3,10,150,50,0.0
629,3,10,150,50,0.2498326546813815
630,3,10,150,50,0.10834532177911152
631,3,10,150,50,0.13449792459172438
632,3,10,150,50,0.06934269739950429
633,3,10,150,50,0.050456115328747164
634,3,10,150,50,0.10345064441647799
635,3,10,150,50,0.0
636,3,10,150,50,0.3615974840572412
637,3,10,150,50,0.02898066279104336
638,3,10,150,50,0.05152901435389809
639,3,10,150,50,0.0
640,3,10,150,50,0.13630752550714903
641,3,10,150,50,0.051358492238643604
642,3,10,150,50,0.3217605278326232
643,3,10,150,50,0.2986279539653508
644,3,10,150,50,0.0
645,3,10,150,50,0.16338171596108064
646,3,10,150,50,0.11243817952384734
647,3,10,150,50,0.06590268968688952
648,3,10,150,50,0.3119722509002237
649,3,10,150,50,0.0
650,3,10,150,50,0.13030790736034167
651,3,10,150,50,0.0
652,3,10,150,50,0.0
653,3,10,150,50,0.13426441637192885
654,3,10,150,50,0.069499954012796
655,3,10,150,50,0.4473403209795786
656,3,10,150,50,0.0
657,3,10,150,50,0.2504953915210566
658,3,10,150,50,0.069831161662907
659,3,10,150,50,0.12437553115757786
660,3,10,150,50,0.013737594368807445
661,3,10,150,50,0.15205544180578867
662,3,10,150,50,0.0
663,3,10,150,50,0.13007622284367407
664,3,10,150,50,0.32218700175862275
665,3,10,150,50,0.038766503505504146
666,3,10,150,50,0.14824065971243738
667,3,10,150,50,0.10252914961543841
668,3,10,150,50,0.0
669,3,10,150,50,0.19588788032265295
670,3,10,150,50,0.0
671,3,10,150,50,0.1774505306143961
672,3,10,150,50,0.07973520350569015
673,3,10,150,50,0.0
674,3,10,150,50,0.0
675,3,10,150,50,0.0382580635535654
676,3,10,150,50,0.22358931366364498
677,3,10,150,50,0.0720796116407523
678,3,10,150,50,0.0
679,3,10,150,50,0.16417658872889113
680,3,10,150,50,0.0
681,3,10,150,50,0.0
682,3,10,150,50,0.3190635318707296
683,3,10,150,50,0.045215225629604006
684,3,10,150,50,0.03158850394477252
685,3,10,150,50,0.09030583455080088
686,3,10,150,50,0.1394012979858235
687,3,10,150,50,0.0
688,3,10,150,50,0.0
689,3,10,150,50,0.37279254620421465
690,3,10,150,50,0.23383654521627753
691,3,10,150,50,0.6023709850354425
692,3,10,150,50,0.03353522641880846
693,3,10,150,50,0.05277490034933338
694,3,10,150,50,0.22601933978391028
695,3,10,150,50,0.0
696,3,10,150,50,0.08111636357522063
697,3,10,150,50,0.06832568397816181
698,3,10,150,50,0.0
699,3,10,150,50,0.06433386029589148
700,3,10,150,50,0.0
701,3,10,150,50,0.0906790485156717
702,3,10,150,50,0.0
703,3,10,150,50,0.21888235022994418
704,3,10,150,50,0.1837388566713383
705,3,10,150,50,0.20330387449508439
706,3,10,150,50,0.0
707,3,10,150,50,0.28695487537345576
708,3,10,150,50,0.03476299583640518
709,3,10,150,50,0.14527205928379278
710,3,10,150,50,0.25040922491354684
711,3,10,150,50,0.20945327196669145
712,3,10,150,50,0.08857435550629598
713,3,10,150,50,0.0
714,3,10,150,50,0.09998274523051486
715,3,10,150,50,0.20412623229634205
716,3,10,150,50,0.311901774291917
717,3,10,150,50,0.08455030681958395
718,3,10,150,50,0.0
719,3,10,150,50,0.10353175087921149
720,3,10,150,50,0.0
721,3,10,150,50,0.07937438767322426
722,3,10,150,50,0.07401896317743158
723,3,10,150,50,0.0
724,3,10,150,50,0.0
725,3,10,150,50,0.0
726,3,10,150,50,0.061080020762274374
727,3,10,150,50,0.09976912198899167
728,3,10,150,50,0.0
729,3,10,150,50,0.0
730,3,10,150,50,0.0
731,3,10,150,50,0.1935015812983906
732,3,10,150,50,0.05717828980196049
733,3,10,150,50,0.020730875129846955
734,3,10,150,50,0.08131766139183766
735,3,10,150,50,0.08151055815578559
736,3,10,150,50,0.047009109882897075
737,3,10,150,50,0.12127716502890909
738,3,10,150,50,0.10175906952127459
739,3,10,150,50,0.18767092572990207
740,3,10,150,50,0.0523780734795101
741,3,10,150,50,0.0787396033907249
742,3,10,150,50,0.0527075128660253
743,3,10,150,50,0.1194783875505714
744,3,10,150,50,0.0
745,3,10,150,50,0.06774344219296054
746,3,10,150,50,0.24124954544361757
747,3,10,150,50,0.21164801340171704
748,3,10,150,50,0.04132344798443041
749,3,10,150,50,0.3628139236859947
750,3,10,150,50,0.18000575664763457
751,3,10,150,50,0.05059789125164855
752,3,10,150,50,0.08155432360208091
753,3,10,150,50,0.04072612696308379
754,3,10,150,50,0.0
755,3,10,150,50,0.0
756,3,10,150,50,0.044143057780823704
757,3,10,150,50,0.1088815023385917
758,3,10,150,50,0.2352164909191941
759,3,10,150,50,0.0
760,3,10,150,50,0.16006374561654185
761,3,10,150,50,0.17663858756688974
762,3,10,150,50,0.0
763,3,10,150,50,0.10697348874072295
764,3,10,150,50,0.04710969775183564
765,3,10,150,50,0.048458343009016226
766,3,10,150,50,0.037561873849053524
767,3,10,150,50,0.1269544353559099
768,3,10,150,50,0.05059568297461706
769,3,10,150,50,0.0
770,3,10,150,50,0.18348359547343202
771,3,10,150,50,0.02778871948897756
772,3,10,150,50,0.038996699933076286
773,3,10,150,50,0.14052732258781897
774,3,10,150,50,0.0
775,3,10,150,50,0.0
776,3,10,150,50,0.024267484090652828
777,3,10,150,50,0.0
778,3,10,150,50,0.08961728720334347
779,3,10,150,50,0.0
780,3,10,150,50,0.12311997034702767
781,3,10,150,50,0.12572447169101508
782,3,10,150,50,0.0
783,3,10,150,50,0.0
784,3,10,150,50,0.04582425041433568
785,3,10,150,50,0.2848262604068979
786,3,10,150,50,0.13901223847985233
787,3,10,150,50,0.0
788,3,10,150,50,0.051004552984074907
789,3,10,150,50,0.14531023848228133
790,3,10,150,50,0.07123716589548494
791,3,10,150,50,0.059480024314918285
792,3,10,150,50,0.0946587791577201
793,3,10,150,50,0.11843263243420837
794,3,10,150,50,0.1578863001786244
795,3,10,150,50,0.06886690743551852
796,3,10,150,50,0.09499066665159135
797,3,10,150,50,0.13905617951077562
798,3,10,150,50,0.0
799,3,10,150,50,0.2836929289153804
800,3,10,150,50,0.0
801,3,10,150,50,0.0
802,3,10,150,50,0.05621908976192367
803,3,10,150,50,0.0
804,3,10,150,50,0.26481223573263735
805,3,10,150,50,0.13414775209110022
806,3,10,150,50,0.06379369995120096
807,3,10,150,50,0.17160454114393403
808,3,10,150,50,0.0
809,3,10,150,50,0.0
810,3,10,150,50,0.0
811,3,10,150,50,0.0
812,3,10,150,50,0.11600766930798434
813,3,10,150,50,0.06916902856231065
814,3,10,150,50,0.054181637470214
815,3,10,150,50,0.10380674919178415
816,3,10,150,50,0.10105367325027378
817,3,10,150,50,0.0
818,3,10,150,50,0.0
819,3,10,150,50,0.0
820,3,10,150,50,0.12262943855309168
821,3,10,150,50,0.053168340515114924
822,3,10,150,50,0.0
823,3,10,150,50,0.10148718580906937
824,3,10,150,50,0.0
825,3,10,150,50,0.16434089815347858
826,3,10,150,50,0.1104586032397152
827,3,10,150,50,0.0
828,3,10,150,50,0.0
829,3,10,150,50,0.08143169212679746
830,3,10,150,50,0.13003750163762204
831,3,10,150,50,0.04522637401768292
832,3,10,150,50,0.0
833,3,10,150,50,0.05828935682373833
834,3,10,150,50,0.0
835,3,10,150,50,0.1027658322970266
836,3,10,150,50,0.05097554749895306
837,3,10,150,50,0.05351287869030783
838,3,10,150,50,0.08633629724227374
839,3,10,150,50,0.0
840,3,10,150,50,0.127473004222534
841,3,10,150,50,0.0
842,3,10,150,50,0.0
843,3,10,150,50,0.04209275315645388
844,3,10,150,50,0.0
845,3,10,150,50,0.0
846,3,10,150,50,0.09924548857390884
847,3,10,150,50,0.0
848,3,10,150,50,0.03618657486793958
849,3,10,150,50,0.0
850,3,10,150,50,0.06228974831361337
851,3,10,150,50,0.2277008805972924
852,3,10,150,50,0.07256783117062009
853,3,10,150,50,0.0
854,3,10,150,50,0.0
855,3,10,150,50,0.0
856,3,10,150,50,0.0
857,3,10,150,50,0.0
858,3,10,150,50,0.0
859,3,10,150,50,0.0
860,3,10,150,50,0.0
861,3,10,150,50,0.12754356661958802
862,3,10,150,50,0.1014543205029727
863,3,10,150,50,0.0
864,3,10,150,50,0.1615328695620339
865,3,10,150,50,0.0
866,3,10,150,50,0.0
867,3,10,150,50,0.13120507751234178
868,3,10,150,50,0.0
870,3,10,150,50,0.0
871,3,10,150,50,0.0
872,3,10,150,50,0.0
875,3,10,150,50,0.1395953738647505
876,3,10,150,50,0.0
877,3,10,150,50,0.0
1,3,10,150,51,0.6247579375131872
2,3,10,150,51,0.10688238502350729
3,3,10,150,51,0.0
4,3,10,150,51,0.0
5,3,10,150,51,0.0819283960923954
6,3,10,150,51,0.05340978172012693
7,3,10,150,51,0.17585743446787283
8,3,10,150,51,0.0554835367217868
9,3,10,150,51,0.0
10,3,10,150,51,0.16409920264511527
11,3,10,150,51,0.049016076581777215
12,3,10,150,51,0.04822019817866397
13,3,10,150,51,0.2021291509823636
14,3,10,150,51,0.05601843521033356
15,3,10,150,51,0.0
16,3,10,150,51,0.1653353975675179
17,3,10,150,51,0.12066394366711926
18,3,10,150,51,0.16957655256734583
19,3,10,150,51,0.0
20,3,10,150,51,0.14530105135237878
21,3,10,150,51,0.03475017269886857
22,3,10,150,51,0.09255370591399972
23,3,10,150,51,0.16093766472693694
24,3,10,150,51,0.311062094929455
25,3,10,150,51,0.0
26,3,10,150,51,0.0
28,3,10,150,51,0.0
29,3,10,150,51,0.0
30,3,10,150,51,0.0979129253499678
31,3,10,150,51,0.06076546216996844
32,3,10,150,51,0.0
33,3,10,150,51,0.0
34,3,10,150,51,0.0
35,3,10,150,51,0.07108348368841133
37,3,10,150,51,0.0488929053971083
38,3,10,150,51,0.0
39,3,10,150,51,0.0
40,3,10,150,51,0.0
41,3,10,150,51,0.0
42,3,10,150,51,0.11676800180580715
43,3,10,150,51,0.2516718289406818
44,3,10,150,51,0.07698159974258616
45,3,10,150,51,0.04505000432618384
46,3,10,150,51,0.2524329124868603
47,3,10,150,51,0.0
48,3,10,150,51,0.14225564083314088
49,3,10,150,51,0.08545966314334597
50,3,10,150,51,0.0
51,3,10,150,51,0.18953836965473142
52,3,10,150,51,0.04892579731758021
53,3,10,150,51,0.09546043308946733
54,3,10,150,51,0.07984133538066794
55,3,10,150,51,0.0
56,3,10,150,51,0.03975645576081676
57,3,10,150,51,0.0
58,3,10,150,51,0.10796876451088402
59,3,10,150,51,0.17411235287786314
60,3,10,150,51,0.12123807080432077
61,3,10,150,51,0.0
62,3,10,150,51,0.03806940785769845
63,3,10,150,51,0.03554915059547175
64,3,10,150,51,0.0
65,3,10,150,51,0.2994759515353249
66,3,10,150,51,0.0
67,3,10,150,51,0.0
68,3,10,150,51,0.0
69,3,10,150,51,0.11503055012584398
70,3,10,150,51,0.0
71,3,10,150,51,0.07955752067133452
72,3,10,150,51,0.16084022171949366
73,3,10,150,51,0.051960280791503534
74,3,10,150,51,0.0
75,3,10,150,51,0.11731968150568911
76,3,10,150,51,0.14804398249667974
77,3,10,150,51,0.45287742747371695
78,3,10,150,51,0.0
79,3,10,150,51,0.0
80,3,10,150,51,0.08297572808511901
81,3,10,150,51,0.0
82,3,10,150,51,0.08926877557705373
83,3,10,150,51,0.04630610387058298
84,3,10,150,51,0.0
85,3,10,150,51,0.06966660916502733
86,3,10,150,51,0.07738888769495082
87,3,10,150,51,0.10058161863664324
88,3,10,150,51,0.0
89,3,10,150,51,0.22860031301980846
90,3,10,150,51,0.18371373940702912
91,3,10,150,51,0.13114221140465185
92,3,10,150,51,0.039344117790510474
93,3,10,150,51,0.0
94,3,10,150,51,0.17251686952609557
95,3,10,150,51,0.061836172422412086
96,3,10,150,51,0.19186450284072096
97,3,10,150,51,0.09558339637123096
98,3,10,150,51,0.08878770367712427
99,3,10,150,51,0.0
100,3,10,150,51,0.0892789338684584
101,3,10,150,51,0.0
102,3,10,150,51,0.026001814664123827
103,3,10,150,51,0.07673373981757839
104,3,10,150,51,0.12171451575741458
106,3,10,150,51,0.05261577455142312
107,3,10,150,51,0.0
108,3,10,150,51,0.0
109,3,10,150,51,0.11259960483764554
110,3,10,150,51,0.039667414566743345
111,3,10,150,51,0.0
112,3,10,150,51,0.06510475888148554
113,3,10,150,51,0.05449144662575446
114,3,10,150,51,0.07610811271330754
115,3,10,150,51,0.046806851959664796
116,3,10,150,51,0.07814915695077672
117,3,10,150,51,0.053589621006720926
118,3,10,150,51,0.0
119,3,10,150,51,0.06127983274634642
121,3,10,150,51,0.06245141164382474
122,3,10,150,51,0.03984598490051017
123,3,10,150,51,0.46927872602275644
124,3,10,150,51,0.10889376106823218
125,3,10,150,51,0.1350308091592608
126,3,10,150,51,0.0
127,3,10,150,51,0.0
128,3,10,150,51,0.027576277569513717
129,3,10,150,51,0.0
130,3,10,150,51,0.08034382158496219
131,3,10,150,51,0.2803335894048546
132,3,10,150,51,0.09109240322345806
133,3,10,150,51,0.0
134,3,10,150,51,0.0
135,3,10,150,51,0.0
136,3,10,150,51,0.40257390286801836
137,3,10,150,51,0.0
138,3,10,150,51,0.21222747957761057
139,3,10,150,51,0.0
140,3,10,150,51,0.0
141,3,10,150,51,0.15194751309721466
142,3,10,150,51,0.30260241349881345
143,3,10,150,51,0.0
144,3,10,150,51,0.19201969646868908
145,3,10,150,51,0.06384607724228114
146,3,10,150,51,0.0
147,3,10,150,51,0.07610811271330754
148,3,10,150,51,0.042512356679180144
149,3,10,150,51,0.05446824630887794
150,3,10,150,51,0.0
151,3,10,150,51,0.13015552819736165
152,3,10,150,51,0.026230448379684728
153,3,10,150,51,0.06516188295518531
154,3,10,150,51,0.055100238151135045
155,3,10,150,51,0.0
156,3,10,150,51,0.07028063830038406
157,3,10,150,51,0.0
158,3,10,150,51,0.055805240881847164
159,3,10,150,51,0.11026617795298452
160,3,10,150,51,0.060934076158944916
161,3,10,150,51,0.0
162,3,10,150,51,0.0
163,3,10,150,51,0.0
164,3,10,150,51,0.0
165,3,10,150,51,0.09149012142095872
166,3,10,150,51,0.0
167,3,10,150,51,0.03395822402998728
168,3,10,150,51,0.0
169,3,10,150,51,0.055427457405235275
170,3,10,150,51,0.0
171,3,10,150,51,0.0
172,3,10,150,51,0.0
173,3,10,150,51,0.0
174,3,10,150,51,0.05481171384122219
175,3,10,150,51,0.4413254197204702
176,3,10,150,51,0.0347693136731627
177,3,10,150,51,0.0
178,3,10,150,51,0.18053947820976404
179,3,10,150,51,0.06599888514927177
180,3,10,150,51,0.0
181,3,10,150,51,0.03658280276918151
182,3,10,150,51,0.13120507751234178
183,3,10,150,51,0.0
184,3,10,150,51,0.0
185,3,10,150,51,0.0
186,3,10,150,51,0.0
187,3,10,150,51,0.2004102107997965
188,3,10,150,51,0.0
189,3,10,150,51,0.22982757951573698
190,3,10,150,51,0.0
191,3,10,150,51,0.07335312372354855
192,3,10,150,51,0.0
193,3,10,150,51,0.0
194,3,10,150,51,0.052577940589851685
195,3,10,150,51,0.061734604266276284
196,3,10,150,51,0.17342765698823945
197,3,10,150,51,0.07304192939088519
198,3,10,150,51,0.10387325901274824
199,3,10,150,51,0.0
200,3,10,150,51,0.07631210649226439
201,3,10,150,51,0.1717605531723469
202,3,10,150,51,0.0
203,3,10,150,51,0.0
204,3,10,150,51,0.0
205,3,10,150,51,0.11600766930798434
206,3,10,150,51,0.0
207,3,10,150,51,0.0643667663843211
208,3,10,150,51,0.0
209,3,10,150,51,0.070675417981692
210,3,10,150,51,0.0
211,3,10,150,51,0.0
212,3,10,150,51,0.0559167101555819
213,3,10,150,51,0.08985507164305877
214,3,10,150,51,0.1257260924843343
215,3,10,150,51,0.157288596461893
216,3,10,150,51,0.27735230728218535
217,3,10,150,51,0.13000004444613666
218,3,10,150,51,0.06323567569191428
219,3,10,150,51,0.0
220,3,10,150,51,0.07807600999842033
221,3,10,150,51,0.12213234467515617
222,3,10,150,51,0.1483732210811898
223,3,10,150,51,0.039270700903099615
224,3,10,150,51,0.0
225,3,10,150,51,0.0
226,3,10,150,51,0.0
227,3,10,150,51,0.0
229,3,10,150,51,0.0
230,3,10,150,51,0.10228729060357176
231,3,10,150,51,0.0
232,3,10,150,51,0.0
233,3,10,150,51,0.15206723475089307
234,3,10,150,51,0.11245235844879223
235,3,10,150,51,0.08312042273022706
236,3,10,150,51,0.12127042983235181
237,3,10,150,51,0.0
238,3,10,150,51,0.0
239,3,10,150,51,0.12691627784085696
240,3,10,150,51,0.10235170428306553
241,3,10,150,51,0.1381300260171807
242,3,10,150,51,0.0
243,3,10,150,51,0.0
244,3,10,150,51,0.1324362264265921
245,3,10,150,51,0.0
246,3,10,150,51,0.08356426880363813
247,3,10,150,51,0.15642624200758548
248,3,10,150,51,0.23451355966072135
249,3,10,150,51,0.3041992014465808
250,3,10,150,51,0.07806699296748765
251,3,10,150,51,0.0
252,3,10,150,51,0.0
253,3,10,150,51,0.0
254,3,10,150,51,0.036502603141236205
255,3,10,150,51,0.10933464083642679
256,3,10,150,51,0.027736288621349494
257,3,10,150,51,0.12830873359117523
258,3,10,150,51,0.0
259,3,10,150,51,0.0
260,3,10,150,51,0.0
261,3,10,150,51,0.0
262,3,10,150,51,0.0
263,3,10,150,51,0.32837769821077345
264,3,10,150,51,0.2969281197911131
265,3,10,150,51,0.19802572813668026
266,3,10,150,51,0.0
267,3,10,150,51,0.21076490690365068
268,3,10,150,51,0.10827784002385153
269,3,10,150,51,0.040019695500760184
270,3,10,150,51,0.0
271,3,10,150,51,0.10729393508609222
272,3,10,150,51,0.05334621352524345
273,3,10,150,51,0.0
274,3,10,150,51,0.0
275,3,10,150,51,0.0
276,3,10,150,51,0.23002078217694208
277,3,10,150,51,0.0
278,3,10,150,51,0.0
279,3,10,150,51,0.12055670313943691
280,3,10,150,51,0.07316593591075989
281,3,10,150,51,0.0
282,3,10,150,51,0.09659953929285248
283,3,10,150,51,0.0
284,3,10,150,51,0.0
285,3,10,150,51,0.0
286,3,10,150,51,0.0
287,3,10,150,51,0.0
288,3,10,150,51,0.13999259891013252
289,3,10,150,51,0.0
290,3,10,150,51,0.09647783930421741
291,3,10,150,51,0.16463925224833492
292,3,10,150,51,0.27665227928348557
293,3,10,150,51,0.027247218575563264
294,3,10,150,51,0.052007328240412425
295,3,10,150,51,0.12123998403830039
296,3,10,150,51,0.1313923743616208
297,3,10,150,51,0.030868393892711742
298,3,10,150,51,0.13814728270261697
299,3,10,150,51,0.06251231174305825
300,3,10,150,51,0.0
301,3,10,150,51,0.1296575124303738
302,3,10,150,51,0.07335312372354855
303,3,10,150,51,0.20624376153373475
304,3,10,150,51,0.0
305,3,10,150,51,0.05428021340641747
306,3,10,150,51,0.0
307,3,10,150,51,0.13128644747266613
308,3,10,150,51,0.03294357536261156
309,3,10,150,51,0.0
310,3,10,150,51,0.2890648263178879
311,3,10,150,51,0.17512035582237062
312,3,10,150,51,0.1463159326434965
313,3,10,150,51,0.09586943528179451
314,3,10,150,51,0.10507089418815024
315,3,10,150,51,0.09785159463516042
316,3,10,150,51,0.06076546216996844
317,3,10,150,51,0.0
318,3,10,150,51,0.07377376675297492
319,3,10,150,51,0.0
320,3,10,150,51,0.08947300054212491
321,3,10,150,51,0.08223795175588802
322,3,10,150,51,0.07955752067133452
323,3,10,150,51,0.12229181918924699
324,3,10,150,51,0.0
325,3,10,150,51,0.0
326,3,10,150,51,0.10817904857938596
327,3,10,150,51,0.0
328,3,10,150,51,0.11126818073657672
329,3,10,150,51,0.056720838976548935
330,3,10,150,51,0.3028509129070748
331,3,10,150,51,0.0
332,3,10,150,51,0.09937017023483655
333,3,10,150,51,0.0
334,3,10,150,51,0.12313236164553379
335,3,10,150,51,0.0
336,3,10,150,51,0.0
337,3,10,150,51,0.16908993508344605
338,3,10,150,51,0.04358896759704514
339,3,10,150,51,0.16580234456049933
340,3,10,150,51,0.12647135138382856
341,3,10,150,51,0.0
342,3,10,150,51,0.11944501566498536
343,3,10,150,51,0.32643978915107913
344,3,10,150,51,0.13804010954782428
345,3,10,150,51,0.1302817386077542
346,3,10,150,51,0.10809528579756168
347,3,10,150,51,0.09642724089192412
348,3,10,150,51,0.0
349,3,10,150,51,0.07123530534387781
350,3,10,150,51,0.2314071217459096
351,3,10,150,51,0.0
352,3,10,150,51,0.16282653392890226
353,3,10,150,51,0.09489642549953911
354,3,10,150,51,0.033699515540238464
355,3,10,150,51,0.0
356,3,10,150,51,0.0
357,3,10,150,51,0.0
358,3,10,150,51,0.26730206653594746
359,3,10,150,51,0.14341929980357182
360,3,10,150,51,0.10496459329418281
361,3,10,150,51,0.0
362,3,10,150,51,0.0
363,3,10,150,51,0.1867805234163032
364,3,10,150,51,0.0
365,3,10,150,51,0.0989084497079971
366,3,10,150,51,0.10684080426179023
367,3,10,150,51,0.1410054764628891
368,3,10,150,51,0.0
369,3,10,150,51,0.0
370,3,10,150,51,0.045683428159663184
371,3,10,150,51,0.09892739847751293
372,3,10,150,51,0.10673919722548196
373,3,10,150,51,0.18128610071101886
374,3,10,150,51,0.1523273086076386
375,3,10,150,51,0.0
376,3,10,150,51,0.0
377,3,10,150,51,0.053168340515114924
378,3,10,150,51,0.06628301757430242
379,3,10,150,51,0.13557533657177168
380,3,10,150,51,0.0
381,3,10,150,51,0.08294243278442993
382,3,10,150,51,0.07847428227110642
383,3,10,150,51,0.0
384,3,10,150,51,0.08759200575528697
385,3,10,150,51,0.1546778125427113
386,3,10,150,51,0.0
387,3,10,150,51,0.03814967334348895
388,3,10,150,51,0.0
389,3,10,150,51,0.13534925539861875
390,3,10,150,51,0.21398626473452756
391,3,10,150,51,0.2558645268575362
392,3,10,150,51,0.06327372362257774
393,3,10,150,51,0.15003984775442375
394,3,10,150,51,0.12900206501129066
395,3,10,150,51,0.09286934188709499
396,3,10,150,51,0.0
397,3,10,150,51,0.10643931441962817
398,3,10,150,51,0.12204637821038242
399,3,10,150,51,0.02725605912806222
400,3,10,150,51,0.0
401,3,10,150,51,0.0
402,3,10,150,51,0.469779625693621
403,3,10,150,51,0.0
404,3,10,150,51,0.0
405,3,10,150,51,0.24384044662571683
406,3,10,150,51,0.16334920553928023
407,3,10,150,51,0.07343764708220529
408,3,10,150,51,0.12083071655728543
409,3,10,150,51,0.15086419336317547
410,3,10,150,51,0.0
411,3,10,150,51,0.1128999930808451
412,3,10,150,51,0.0
413,3,10,150,51,0.10122860821230018
414,3,10,150,51,0.0
415,3,10,150,51,0.07605458145297357
416,3,10,150,51,0.2921130724083258
417,3,10,150,51,0.07108863854344677
418,3,10,150,51,0.07001560573318603
419,3,10,150,51,0.2098021491169666
420,3,10,150,51,0.0527075128660253
421,3,10,150,51,0.202729931306865
422,3,10,150,51,0.0
423,3,10,150,51,0.0
424,3,10,150,51,0.13291000263869587
425,3,10,150,51,0.0
426,3,10,150,51,0.10004388309532918
427,3,10,150,51,0.0
428,3,10,150,51,0.0
429,3,10,150,51,0.17263086045175513
430,3,10,150,51,0.062242588308449316
431,3,10,150,51,0.0
432,3,10,150,51,0.0
433,3,10,150,51,0.0
434,3,10,150,51,0.25803884452092735
435,3,10,150,51,0.26974635399111146
436,3,10,150,51,0.09291494561763272
437,3,10,150,51,0.04766251971389336
438,3,10,150,51,0.0
439,3,10,150,51,0.0
440,3,10,150,51,0.10025741859697787
441,3,10,150,51,0.0
442,3,10,150,51,0.058478916078390675
443,3,10,150,51,0.056720838976548935
444,3,10,150,51,0.19519002499605084
445,3,10,150,51,0.0
446,3,10,150,51,0.0
447,3,10,150,51,0.09914294517496557
448,3,10,150,51,0.0
449,3,10,150,51,0.0
450,3,10,150,51,0.35402357862842276
451,3,10,150,51,0.0
452,3,10,150,51,0.04883176941367783
453,3,10,150,51,0.13392124957971085
454,3,10,150,51,0.0
455,3,10,150,51,0.1760702282199838
456,3,10,150,51,0.1310721461718714
457,3,10,150,51,0.46459587821901854
458,3,10,150,51,0.12220800701143283
459,3,10,150,51,0.04901586605894737
460,3,10,150,51,0.0
461,3,10,150,51,0.10778915452451093
462,3,10,150,51,0.16728714615527887
463,3,10,150,51,0.1032589365938857
464,3,10,150,51,0.04931346192675315
465,3,10,150,51,0.0733934381893728
466,3,10,150,51,0.0750834162528243
467,3,10,150,51,0.032842167909375275
468,3,10,150,51,0.4424763580282471
469,3,10,150,51,0.050924439617225085
470,3,10,150,51,0.040162930685297936
471,3,10,150,51,0.0
472,3,10,150,51,0.300778051722345
473,3,10,150,51,0.050005013043213774
474,3,10,150,51,0.37056717984950366
475,3,10,150,51,0.0
476,3,10,150,51,0.12097589732794561
477,3,10,150,51,0.0
478,3,10,150,51,0.2059565668593519
479,3,10,150,51,0.07893633843817272
480,3,10,150,51,0.0881980292211471
481,3,10,150,51,0.0
482,3,10,150,51,0.10209739512291163
483,3,10,150,51,0.06194403202282284
484,3,10,150,51,0.27714485683696083
485,3,10,150,51,0.0
486,3,10,150,51,0.06108300840136219
487,3,10,150,51,0.11445898971414989
488,3,10,150,51,0.05887472794707303
489,3,10,150,51,0.0
490,3,10,150,51,0.06490403551612171
491,3,10,150,51,0.17758207479178334
492,3,10,150,51,0.08328180879069912
493,3,10,150,51,0.23552414445241532
494,3,10,150,51,0.11299367690705851
495,3,10,150,51,0.11019656141829055
496,3,10,150,51,0.07271211160102074
497,3,10,150,51,0.02959138214157726
498,3,10,150,51,0.0343217267714905
499,3,10,150,51,0.09663695819429566
500,3,10,150,51,0.05009657146659966
501,3,10,150,51,0.0
502,3,10,150,51,0.0
503,3,10,150,51,0.23688393797410975
504,3,10,150,51,0.08346712236204924
505,3,10,150,51,0.025255271126572616
506,3,10,150,51,0.149753243132306
507,3,10,150,51,0.0
508,3,10,150,51,0.17050987036516796
509,3,10,150,51,0.0
510,3,10,150,51,0.17032928501352598
511,3,10,150,51,0.12155021559723776
512,3,10,150,51,0.0
513,3,10,150,51,0.05276490902632437
514,3,10,150,51,0.2224914885072544
515,3,10,150,51,0.0
516,3,10,150,51,0.07947838320659593
517,3,10,150,51,0.03859643636257609
518,3,10,150,51,0.05268083714989503
519,3,10,150,51,0.0
520,3,10,150,51,0.0
521,3,10,150,51,0.07649261318048692
522,3,10,150,51,0.16542389351858164
523,3,10,150,51,0.1705239552439998
524,3,10,150,51,0.055297713140397706
525,3,10,150,51,0.06516045994396072
526,3,10,150,51,0.03112959369469351
527,3,10,150,51,0.21068702285875093
528,3,10,150,51,0.1255942414278791
529,3,10,150,51,0.03208343640786788
530,3,10,150,51,0.0
531,3,10,150,51,0.0
532,3,10,150,51,0.19003303438829985
533,3,10,150,51,0.16436719028956004
534,3,10,150,51,0.10040759964046686
535,3,10,150,51,0.24368652924907994
536,3,10,150,51,0.15899195086967594
537,3,10,150,51,0.39745566574311914
538,3,10,150,51,0.09944592215223559
539,3,10,150,51,0.04851068933953057
540,3,10,150,51,0.0
541,3,10,150,51,0.06337469398538446
542,3,10,150,51,0.04294079226347803
543,3,10,150,51,0.0
544,3,10,150,51,0.0
545,3,10,150,51,0.17136276561608763
546,3,10,150,51,0.10441409560474312
547,3,10,150,51,0.04528995543568932
548,3,10,150,51,0.07245220774613666
549,3,10,150,51,0.10184659627402569
550,3,10,150,51,0.0845667599404342
551,3,10,150,51,0.24910035482290188
552,3,10,150,51,0.0
553,3,10,150,51,0.11580126188886303
554,3,10,150,51,0.0
555,3,10,150,51,0.037070343480771185
556,3,10,150,51,0.2848749592866812
557,3,10,150,51,0.044530079137671444
558,3,10,150,51,0.21398626473452756
559,3,10,150,51,0.07557866567222271
560,3,10,150,51,0.11942337490935596
561,3,10,150,51,0.08809970079109684
562,3,10,150,51,0.0900117306380905
563,3,10,150,51,0.10791970824616881
564,3,10,150,51,0.0
565,3,10,150,51,0.17360338152027138
566,3,10,150,51,0.11935234359120704
567,3,10,150,51,0.3344824194064112
568,3,10,150,51,0.07161318866452264
569,3,10,150,51,0.023835426911994775
570,3,10,150,51,0.0
571,3,10,150,51,0.0512644431393966
572,3,10,150,51,0.30260241349881345
573,3,10,150,51,0.0
574,3,10,150,51,0.0
575,3,10,150,51,0.13043262693172047
576,3,10,150,51,0.0
577,3,10,150,51,0.21022554666468884
578,3,10,150,51,0.0
579,3,10,150,51,0.06152644703210656
580,3,10,150,51,0.03144137376097698
581,3,10,150,51,0.0
582,3,10,150,51,0.06679511870650716
583,3,10,150,51,0.0874717141014082
584,3,10,150,51,0.20261715588288354
585,3,10,150,51,0.042225550968526857
586,3,10,150,51,0.08096933350914123
587,3,10,150,51,0.0
588,3,10,150,51,0.22734513976776008
589,3,10,150,51,0.0
590,3,10,150,51,0.17154483744357613
591,3,10,150,51,0.08651464973019597
592,3,10,150,51,0.3213742179464335
593,3,10,150,51,0.1344051141054988
594,3,10,150,51,0.0
595,3,10,150,51,0.055965373307784824
596,3,10,150,51,0.09803928583135704
597,3,10,150,51,0.0
598,3,10,150,51,0.0
599,3,10,150,51,0.02506539947940475
600,3,10,150,51,0.13574631165894233
601,3,10,150,51,0.14778064977853692
602,3,10,150,51,0.041278922835426404
603,3,10,150,51,0.12541207695631323
604,3,10,150,51,0.0
605,3,10,150,51,0.15136987527520723
606,3,10,150,51,0.37590120677834077
607,3,10,150,51,0.0308875359117713
608,3,10,150,51,0.25739544497391753
609,3,10,150,51,0.0
610,3,10,150,51,0.08443863559321411
611,3,10,150,51,0.057601798568925215
612,3,10,150,51,0.09162544430476362
613,3,10,150,51,0.1652462050665711
614,3,10,150,51,0.1467868763787456
615,3,10,150,51,0.10737689423316772
616,3,10,150,51,0.030480958763669998
617,3,10,150,51,0.038287076928437726
618,3,10,150,51,0.07649261318048692
619,3,10,150,51,0.13379581792476064
620,3,10,150,51,0.207826427857141
621,3,10,150,51,0.09738050210018728
622,3,10,150,51,0.2119185447350617
623,3,10,150,51,0.04214302778527282
624,3,10,150,51,0.020671222613217657
625,3,10,150,51,0.06672272773479279
626,3,10,150,51,0.0
627,3,10,150,51,0.13143093597660044
628,3,10,150,51,0.0
629,3,10,150,51,0.24648021985892732
630,3,10,150,51,0.10834532177911152
631,3,10,150,51,0.13449792459172438
632,3,10,150,51,0.06934269739950429
633,3,10,150,51,0.050456115328747164
634,3,10,150,51,0.10206246902687799
635,3,10,150,51,0.0
636,3,10,150,51,0.3615974840572412
637,3,10,150,51,0.02898066279104336
638,3,10,150,51,0.05152901435389809
639,3,10,150,51,0.0
640,3,10,150,51,0.13630752550714903
641,3,10,150,51,0.051358492238643604
642,3,10,150,51,0.3174429129100544
643,3,10,150,51,0.2946207486097961
644,3,10,150,51,0.0
645,3,10,150,51,0.16338171596108064
646,3,10,150,51,0.11243817952384734
647,3,10,150,51,0.06590268968688952
648,3,10,150,51,0.3077859821400764
649,3,10,150,51,0.0
650,3,10,150,51,0.1285593418382202
651,3,10,150,51,0.0
652,3,10,150,51,0.0
653,3,10,150,51,0.13246275955714704
654,3,10,150,51,0.06856735348349928
655,3,10,150,51,0.44133758578288323
656,3,10,150,51,0.0
657,3,10,150,51,0.2504953915210566
658,3,10,150,51,0.069831161662907
659,3,10,150,51,0.12270657053973685
660,3,10,150,51,0.0135532534154702
661,3,10,150,51,0.15001505217496364
662,3,10,150,51,0.0
663,3,10,150,51,0.12833076623156475
664,3,10,150,51,0.31786366410120076
665,3,10,150,51,0.03824630659024346
666,3,10,150,51,0.14625145958022348
667,3,10,150,51,0.10252914961543841
668,3,10,150,51,0.0
669,3,10,150,51,0.19588788032265295
670,3,10,150,51,0.0
671,3,10,150,51,0.17506937135860004
672,3,10,150,51,0.07973520350569015
673,3,10,150,51,0.0
674,3,10,150,51,0.0
675,3,10,150,51,0.0382580635535654
676,3,10,150,51,0.22358931366364498
677,3,10,150,51,0.0720796116407523
678,3,10,150,51,0.0
679,3,10,150,51,0.16417658872889113
680,3,10,150,51,0.0
681,3,10,150,51,0.0
682,3,10,150,51,0.31478210718594296
683,3,10,150,51,0.045215225629604006
684,3,10,150,51,0.03158850394477252
685,3,10,150,51,0.09030583455080088
686,3,10,150,51,0.15669346910555695
687,3,10,150,51,0.0
688,3,10,150,51,0.0
689,3,10,150,51,0.37279254620421465
690,3,10,150,51,0.23383654521627753
691,3,10,150,51,0.6023709850354425
692,3,10,150,51,0.03353522641880846
693,3,10,150,51,0.05206672865773329
694,3,10,150,51,0.222986449202789
695,3,10,150,51,0.0
696,3,10,150,51,0.08111636357522063
697,3,10,150,51,0.06832568397816181
698,3,10,150,51,0.0
699,3,10,150,51,0.06347058213958359
700,3,10,150,51,0.0
701,3,10,150,51,0.0906790485156717
702,3,10,150,51,0.0
703,3,10,150,51,0.21888235022994418
704,3,10,150,51,0.1837388566713383
705,3,10,150,51,0.20330387449508439
706,3,10,150,51,0.0
707,3,10,150,51,0.2831043078089321
708,3,10,150,51,0.03476299583640518
709,3,10,150,51,0.14332269397406688
710,3,10,150,51,0.25040922491354684
711,3,10,150,51,0.20664267683646875
712,3,10,150,51,0.08738580089499252
713,3,10,150,51,0.0
714,3,10,150,51,0.09998274523051486
715,3,10,150,51,0.20138711922803895
716,3,10,150,51,0.30771645123775104
717,3,10,150,51,0.08455030681958395
718,3,10,150,51,0.0
719,3,10,150,51,0.10353175087921149
720,3,10,150,51,0.0
721,3,10,150,51,0.07830928486836453
722,3,10,150,51,0.07401896317743158
723,3,10,150,51,0.0
724,3,10,150,51,0.0
725,3,10,150,51,0.0
726,3,10,150,51,0.061080020762274374
727,3,10,150,51,0.09843034792365528
728,3,10,150,51,0.0
729,3,10,150,51,0.0
730,3,10,150,51,0.0
731,3,10,150,51,0.1935015812983906
732,3,10,150,51,0.05717828980196049
733,3,10,150,51,0.020730875129846955
734,3,10,150,51,0.08131766139183766
735,3,10,150,51,0.08151055815578559
736,3,10,150,51,0.047009109882897075
737,3,10,150,51,0.12127716502890909
738,3,10,150,51,0.10039359290414172
739,3,10,150,51,0.18767092572990207
740,3,10,150,51,0.0523780734795101
741,3,10,150,51,0.0787396033907249
742,3,10,150,51,0.0527075128660253
743,3,10,150,51,0.1194783875505714
744,3,10,150,51,0.0
745,3,10,150,51,0.06774344219296054
746,3,10,150,51,0.24124954544361757
747,3,10,150,51,0.20880796764734574
748,3,10,150,51,0.04132344798443041
749,3,10,150,51,0.3713641462073151
750,3,10,150,51,0.18000575664763457
751,3,10,150,51,0.05059789125164855
752,3,10,150,51,0.08155432360208091
753,3,10,150,51,0.04072612696308379
754,3,10,150,51,0.0
755,3,10,150,51,0.0
756,3,10,150,51,0.044143057780823704
757,3,10,150,51,0.1088815023385917
758,3,10,150,51,0.23206018632811237
759,3,10,150,51,0.0
760,3,10,150,51,0.16006374561654185
761,3,10,150,51,0.17663858756688974
762,3,10,150,51,0.0
763,3,10,150,51,0.10697348874072295
764,3,10,150,51,0.04710969775183564
765,3,10,150,51,0.0966785411876802
766,3,10,150,51,0.03705784152370042
767,3,10,150,51,0.1269544353559099
768,3,10,150,51,0.07551306595853473
769,3,10,150,51,0.0
770,3,10,150,51,0.18348359547343202
771,3,10,150,51,0.02778871948897756
772,3,10,150,51,0.038996699933076286
773,3,10,150,51,0.14052732258781897
774,3,10,150,51,0.0
775,3,10,150,51,0.0
776,3,10,150,51,0.024267484090652828
777,3,10,150,51,0.0
778,3,10,150,51,0.08961728720334347
779,3,10,150,51,0.0
780,3,10,150,51,0.12311997034702767
781,3,10,150,51,0.12572447169101508
782,3,10,150,51,0.0
783,3,10,150,51,0.0
784,3,10,150,51,0.04582425041433568
785,3,10,150,51,0.2848262604068979
786,3,10,150,51,0.13901223847985233
787,3,10,150,51,0.0
788,3,10,150,51,0.0503201370907819
789,3,10,150,51,0.14531023848228133
790,3,10,150,51,0.07123716589548494
791,3,10,150,51,0.059480024314918285
792,3,10,150,51,0.0946587791577201
793,3,10,150,51,0.11843263243420837
794,3,10,150,51,0.1578863001786244
795,3,10,150,51,0.06886690743551852
796,3,10,150,51,0.0937160133477746
797,3,10,150,51,0.13905617951077562
798,3,10,150,51,0.0
799,3,10,150,51,0.2836929289153804
800,3,10,150,51,0.0
801,3,10,150,51,0.0
802,3,10,150,51,0.05621908976192367
803,3,10,150,51,0.0
804,3,10,150,51,0.2612587940834093
805,3,10,150,51,0.13234766076181542
806,3,10,150,51,0.06379369995120096
807,3,10,150,51,0.18716126069796726
808,3,10,150,51,0.0
809,3,10,150,51,0.0
810,3,10,150,51,0.0
811,3,10,150,51,0.0
812,3,10,150,51,0.11600766930798434
813,3,10,150,51,0.06916902856231065
814,3,10,150,51,0.054181637470214
815,3,10,150,51,0.10380674919178415
816,3,10,150,51,0.10105367325027378
817,3,10,150,51,0.0
818,3,10,150,51,0.0
819,3,10,150,51,0.0
820,3,10,150,51,0.12262943855309168
821,3,10,150,51,0.053168340515114924
822,3,10,150,51,0.0
823,3,10,150,51,0.10148718580906937
824,3,10,150,51,0.0
825,3,10,150,51,0.16434089815347858
826,3,10,150,51,0.1104586032397152
827,3,10,150,51,0.0
828,3,10,150,51,0.0
829,3,10,150,51,0.08143169212679746
830,3,10,150,51,0.13003750163762204
831,3,10,150,51,0.04522637401768292
832,3,10,150,51,0.0
833,3,10,150,51,0.05828935682373833
834,3,10,150,51,0.0
835,3,10,150,51,0.1027658322970266
836,3,10,150,51,0.05097554749895306
837,3,10,150,51,0.05351287869030783
838,3,10,150,51,0.08633629724227374
839,3,10,150,51,0.0
840,3,10,150,51,0.127473004222534
841,3,10,150,51,0.0
842,3,10,150,51,0.0
843,3,10,150,51,0.04209275315645388
844,3,10,150,51,0.0
845,3,10,150,51,0.0
846,3,10,150,51,0.09924548857390884
847,3,10,150,51,0.0
848,3,10,150,51,0.03618657486793958
849,3,10,150,51,0.0
850,3,10,150,51,0.06228974831361337
851,3,10,150,51,0.2277008805972924
852,3,10,150,51,0.07256783117062009
853,3,10,150,51,0.0
854,3,10,150,51,0.0
855,3,10,150,51,0.0
856,3,10,150,51,0.0
857,3,10,150,51,0.0
858,3,10,150,51,0.0
859,3,10,150,51,0.0
860,3,10,150,51,0.0
861,3,10,150,51,0.12754356661958802
862,3,10,150,51,0.1014543205029727
863,3,10,150,51,0.0
864,3,10,150,51,0.1615328695620339
865,3,10,150,51,0.0
866,3,10,150,51,0.0
867,3,10,150,51,0.13120507751234178
868,3,10,150,51,0.0
870,3,10,150,51,0.0
871,3,10,150,51,0.0
872,3,10,150,51,0.0
875,3,10,150,51,0.1395953738647505
876,3,10,150,51,0.0
877,3,10,150,51,0.0
1,3,10,150,52,0.6247579375131872
2,3,10,150,52,0.10688238502350729
3,3,10,150,52,0.0
4,3,10,150,52,0.0
5,3,10,150,52,0.0819283960923954
6,3,10,150,52,0.05340978172012693
7,3,10,150,52,0.17353992285168235
8,3,10,150,52,0.0554835367217868
9,3,10,150,52,0.0
10,3,10,150,52,0.16409920264511527
11,3,10,150,52,0.049016076581777215
12,3,10,150,52,0.04822019817866397
13,3,10,150,52,0.19946542137212678
14,3,10,150,52,0.05601843521033356
15,3,10,150,52,0.0
16,3,10,150,52,0.1653353975675179
17,3,10,150,52,0.12066394366711926
18,3,10,150,52,0.16957655256734583
19,3,10,150,52,0.0
20,3,10,150,52,0.14530105135237878
21,3,10,150,52,0.03475017269886857
22,3,10,150,52,0.09255370591399972
23,3,10,150,52,0.18360000301566626
24,3,10,150,52,0.311062094929455
25,3,10,150,52,0.0
26,3,10,150,52,0.0
28,3,10,150,52,0.0
29,3,10,150,52,0.0
30,3,10,150,52,0.0979129253499678
31,3,10,150,52,0.06076546216996844
32,3,10,150,52,0.0
33,3,10,150,52,0.0
34,3,10,150,52,0.0
35,3,10,150,52,0.07108348368841133
37,3,10,150,52,0.0488929053971083
38,3,10,150,52,0.0
39,3,10,150,52,0.0
40,3,10,150,52,0.0
41,3,10,150,52,0.0
42,3,10,150,52,0.11676800180580715
43,3,10,150,52,0.2516718289406818
44,3,10,150,52,0.07698159974258616
45,3,10,150,52,0.04505000432618384
46,3,10,150,52,0.2524329124868603
47,3,10,150,52,0.0
48,3,10,150,52,0.14225564083314088
49,3,10,150,52,0.08545966314334597
50,3,10,150,52,0.0
51,3,10,150,52,0.18953836965473142
52,3,10,150,52,0.04892579731758021
53,3,10,150,52,0.09546043308946733
54,3,10,150,52,0.07984133538066794
55,3,10,150,52,0.0
56,3,10,150,52,0.03975645576081676
57,3,10,150,52,0.0
58,3,10,150,52,0.10796876451088402
59,3,10,150,52,0.1718178385655301
60,3,10,150,52,0.12123807080432077
61,3,10,150,52,0.0
62,3,10,150,52,0.03806940785769845
63,3,10,150,52,0.03554915059547175
64,3,10,150,52,0.0
65,3,10,150,52,0.2994759515353249
66,3,10,150,52,0.0
67,3,10,150,52,0.0
68,3,10,150,52,0.0
69,3,10,150,52,0.11503055012584398
70,3,10,150,52,0.0
71,3,10,150,52,0.07955752067133452
72,3,10,150,52,0.16084022171949366
73,3,10,150,52,0.051960280791503534
74,3,10,150,52,0.0
75,3,10,150,52,0.11731968150568911
76,3,10,150,52,0.14804398249667974
77,3,10,150,52,0.45287742747371695
78,3,10,150,52,0.0
79,3,10,150,52,0.0
80,3,10,150,52,0.08297572808511901
81,3,10,150,52,0.0
82,3,10,150,52,0.08926877557705373
83,3,10,150,52,0.04630610387058298
84,3,10,150,52,0.0
85,3,10,150,52,0.06966660916502733
86,3,10,150,52,0.07738888769495082
87,3,10,150,52,0.10058161863664324
88,3,10,150,52,0.0
89,3,10,150,52,0.22860031301980846
90,3,10,150,52,0.18371373940702912
91,3,10,150,52,0.13114221140465185
92,3,10,150,52,0.03882562705803631
93,3,10,150,52,0.0
94,3,10,150,52,0.17024338105900103
95,3,10,150,52,0.061836172422412086
96,3,10,150,52,0.19186450284072096
97,3,10,150,52,0.09558339637123096
98,3,10,150,52,0.08878770367712427
99,3,10,150,52,0.029785542524894418
100,3,10,150,52,0.0892789338684584
101,3,10,150,52,0.0
102,3,10,150,52,0.026001814664123827
103,3,10,150,52,0.07673373981757839
104,3,10,150,52,0.12171451575741458
106,3,10,150,52,0.05261577455142312
107,3,10,150,52,0.0
108,3,10,150,52,0.0
109,3,10,150,52,0.11259960483764554
110,3,10,150,52,0.039667414566743345
111,3,10,150,52,0.0
112,3,10,150,52,0.06510475888148554
113,3,10,150,52,0.05449144662575446
114,3,10,150,52,0.07610811271330754
115,3,10,150,52,0.046806851959664796
116,3,10,150,52,0.07814915695077672
117,3,10,150,52,0.053589621006720926
118,3,10,150,52,0.0
119,3,10,150,52,0.06127983274634642
121,3,10,150,52,0.06245141164382474
122,3,10,150,52,0.03984598490051017
123,3,10,150,52,0.46927872602275644
124,3,10,150,52,0.10889376106823218
125,3,10,150,52,0.1350308091592608
126,3,10,150,52,0.0
127,3,10,150,52,0.0
128,3,10,150,52,0.027576277569513717
129,3,10,150,52,0.0
130,3,10,150,52,0.08034382158496219
131,3,10,150,52,0.2803335894048546
132,3,10,150,52,0.09109240322345806
133,3,10,150,52,0.0
134,3,10,150,52,0.0
135,3,10,150,52,0.0
136,3,10,150,52,0.40257390286801836
137,3,10,150,52,0.0
138,3,10,150,52,0.21222747957761057
139,3,10,150,52,0.0
140,3,10,150,52,0.0
141,3,10,150,52,0.15194751309721466
142,3,10,150,52,0.30260241349881345
143,3,10,150,52,0.0
144,3,10,150,52,0.19201969646868908
145,3,10,150,52,0.06384607724228114
146,3,10,150,52,0.0
147,3,10,150,52,0.07610811271330754
148,3,10,150,52,0.042512356679180144
149,3,10,150,52,0.05446824630887794
150,3,10,150,52,0.0
151,3,10,150,52,0.1467394379667669
152,3,10,150,52,0.026230448379684728
153,3,10,150,52,0.06516188295518531
154,3,10,150,52,0.055100238151135045
155,3,10,150,52,0.0
156,3,10,150,52,0.07028063830038406
157,3,10,150,52,0.0
158,3,10,150,52,0.055805240881847164
159,3,10,150,52,0.11026617795298452
160,3,10,150,52,0.060934076158944916
161,3,10,150,52,0.0
162,3,10,150,52,0.0
163,3,10,150,52,0.0
164,3,10,150,52,0.0
165,3,10,150,52,0.09149012142095872
166,3,10,150,52,0.0
167,3,10,150,52,0.03395822402998728
168,3,10,150,52,0.0
169,3,10,150,52,0.055427457405235275
170,3,10,150,52,0.0
171,3,10,150,52,0.0
172,3,10,150,52,0.0
173,3,10,150,52,0.0
174,3,10,150,52,0.05481171384122219
175,3,10,150,52,0.4413254197204702
176,3,10,150,52,0.0347693136731627
177,3,10,150,52,0.0
178,3,10,150,52,0.18053947820976404
179,3,10,150,52,0.06599888514927177
180,3,10,150,52,0.0
181,3,10,150,52,0.0361007016249966
182,3,10,150,52,0.13120507751234178
183,3,10,150,52,0.0
184,3,10,150,52,0.0
185,3,10,150,52,0.0
186,3,10,150,52,0.0
187,3,10,150,52,0.2004102107997965
188,3,10,150,52,0.026527518023781966
189,3,10,150,52,0.22982757951573698
190,3,10,150,52,0.0
191,3,10,150,52,0.07335312372354855
192,3,10,150,52,0.0
193,3,10,150,52,0.0
194,3,10,150,52,0.052577940589851685
195,3,10,150,52,0.061734604266276284
196,3,10,150,52,0.17342765698823945
197,3,10,150,52,0.07304192939088519
198,3,10,150,52,0.10387325901274824
199,3,10,150,52,0.0
200,3,10,150,52,0.07631210649226439
201,3,10,150,52,0.16949703171029046
202,3,10,150,52,0.0
203,3,10,150,52,0.0
204,3,10,150,52,0.0
205,3,10,150,52,0.11600766930798434
206,3,10,150,52,0.0
207,3,10,150,52,0.0643667663843211
208,3,10,150,52,0.0
209,3,10,150,52,0.070675417981692
210,3,10,150,52,0.0
211,3,10,150,52,0.0
212,3,10,150,52,0.0559167101555819
213,3,10,150,52,0.08985507164305877
214,3,10,150,52,0.1257260924843343
215,3,10,150,52,0.157288596461893
216,3,10,150,52,0.27735230728218535
217,3,10,150,52,0.13000004444613666
218,3,10,150,52,0.06323567569191428
219,3,10,150,52,0.0
220,3,10,150,52,0.07807600999842033
221,3,10,150,52,0.12213234467515617
222,3,10,150,52,0.1483732210811898
223,3,10,150,52,0.039270700903099615
224,3,10,150,52,0.0
225,3,10,150,52,0.0
226,3,10,150,52,0.0
227,3,10,150,52,0.0
229,3,10,150,52,0.0
230,3,10,150,52,0.10228729060357176
231,3,10,150,52,0.0
232,3,10,150,52,0.0
233,3,10,150,52,0.15206723475089307
234,3,10,150,52,0.11097042140267488
235,3,10,150,52,0.08312042273022706
236,3,10,150,52,0.12127042983235181
237,3,10,150,52,0.0
238,3,10,150,52,0.0
239,3,10,150,52,0.12691627784085696
240,3,10,150,52,0.10235170428306553
241,3,10,150,52,0.1381300260171807
242,3,10,150,52,0.0
243,3,10,150,52,0.0
244,3,10,150,52,0.1324362264265921
245,3,10,150,52,0.0
246,3,10,150,52,0.08356426880363813
247,3,10,150,52,0.15642624200758548
248,3,10,150,52,0.23451355966072135
249,3,10,150,52,0.3041992014465808
250,3,10,150,52,0.07806699296748765
251,3,10,150,52,0.0
252,3,10,150,52,0.0
253,3,10,150,52,0.0
254,3,10,150,52,0.036502603141236205
255,3,10,150,52,0.10933464083642679
256,3,10,150,52,0.027736288621349494
257,3,10,150,52,0.12830873359117523
258,3,10,150,52,0.0
259,3,10,150,52,0.0
260,3,10,150,52,0.0
261,3,10,150,52,0.0
262,3,10,150,52,0.0
263,3,10,150,52,0.32837769821077345
264,3,10,150,52,0.2969281197911131
265,3,10,150,52,0.19802572813668026
266,3,10,150,52,0.0
267,3,10,150,52,0.21076490690365068
268,3,10,150,52,0.10827784002385153
269,3,10,150,52,0.040019695500760184
270,3,10,150,52,0.0
271,3,10,150,52,0.10729393508609222
272,3,10,150,52,0.05334621352524345
273,3,10,150,52,0.0
274,3,10,150,52,0.0
275,3,10,150,52,0.0
276,3,10,150,52,0.22698948676271452
277,3,10,150,52,0.0
278,3,10,150,52,0.0
279,3,10,150,52,0.1189679641658434
280,3,10,150,52,0.07316593591075989
281,3,10,150,52,0.0
282,3,10,150,52,0.09659953929285248
283,3,10,150,52,0.0
284,3,10,150,52,0.0
285,3,10,150,52,0.0
286,3,10,150,52,0.0
287,3,10,150,52,0.0
288,3,10,150,52,0.13999259891013252
289,3,10,150,52,0.0
290,3,10,150,52,0.09647783930421741
291,3,10,150,52,0.16463925224833492
292,3,10,150,52,0.27665227928348557
293,3,10,150,52,0.026888145069522296
294,3,10,150,52,0.052007328240412425
295,3,10,150,52,0.12123998403830039
296,3,10,150,52,0.1313923743616208
297,3,10,150,52,0.030868393892711742
298,3,10,150,52,0.13814728270261697
299,3,10,150,52,0.06251231174305825
300,3,10,150,52,0.0
301,3,10,150,52,0.1296575124303738
302,3,10,150,52,0.07335312372354855
303,3,10,150,52,0.20352580812694504
304,3,10,150,52,0.0
305,3,10,150,52,0.05428021340641747
306,3,10,150,52,0.0
307,3,10,150,52,0.13128644747266613
308,3,10,150,52,0.0325094332473651
309,3,10,150,52,0.0
310,3,10,150,52,0.2890648263178879
311,3,10,150,52,0.17512035582237062
312,3,10,150,52,0.16963857451199318
313,3,10,150,52,0.09586943528179451
314,3,10,150,52,0.10507089418815024
315,3,10,150,52,0.09785159463516042
316,3,10,150,52,0.06076546216996844
317,3,10,150,52,0.0
318,3,10,150,52,0.07377376675297492
319,3,10,150,52,0.0
320,3,10,150,52,0.08947300054212491
321,3,10,150,52,0.08223795175588802
322,3,10,150,52,0.07955752067133452
323,3,10,150,52,0.12229181918924699
324,3,10,150,52,0.0
325,3,10,150,52,0.0
326,3,10,150,52,0.10817904857938596
327,3,10,150,52,0.0
328,3,10,150,52,0.11126818073657672
329,3,10,150,52,0.056720838976548935
330,3,10,150,52,0.3028509129070748
331,3,10,150,52,0.0
332,3,10,150,52,0.09937017023483655
333,3,10,150,52,0.0
334,3,10,150,52,0.1215096797310275
335,3,10,150,52,0.0
336,3,10,150,52,0.0
337,3,10,150,52,0.16908993508344605
338,3,10,150,52,0.04358896759704514
339,3,10,150,52,0.16580234456049933
340,3,10,150,52,0.12647135138382856
341,3,10,150,52,0.0
342,3,10,150,52,0.11944501566498536
343,3,10,150,52,0.32643978915107913
344,3,10,150,52,0.13804010954782428
345,3,10,150,52,0.1302817386077542
346,3,10,150,52,0.10809528579756168
347,3,10,150,52,0.09642724089192412
348,3,10,150,52,0.0
349,3,10,150,52,0.07123530534387781
350,3,10,150,52,0.2314071217459096
351,3,10,150,52,0.0
352,3,10,150,52,0.16282653392890226
353,3,10,150,52,0.09489642549953911
354,3,10,150,52,0.033699515540238464
355,3,10,150,52,0.0
356,3,10,150,52,0.0
357,3,10,150,52,0.0
358,3,10,150,52,0.26730206653594746
359,3,10,150,52,0.14341929980357182
360,3,10,150,52,0.10496459329418281
361,3,10,150,52,0.0
362,3,10,150,52,0.0
363,3,10,150,52,0.1867805234163032
364,3,10,150,52,0.0
365,3,10,150,52,0.0989084497079971
366,3,10,150,52,0.10684080426179023
367,3,10,150,52,0.1410054764628891
368,3,10,150,52,0.0
369,3,10,150,52,0.0
370,3,10,150,52,0.045683428159663184
371,3,10,150,52,0.09892739847751293
372,3,10,150,52,0.10673919722548196
373,3,10,150,52,0.18128610071101886
374,3,10,150,52,0.1523273086076386
375,3,10,150,52,0.0
376,3,10,150,52,0.0
377,3,10,150,52,0.053168340515114924
378,3,10,150,52,0.06540951647013007
379,3,10,150,52,0.13557533657177168
380,3,10,150,52,0.0
381,3,10,150,52,0.08294243278442993
382,3,10,150,52,0.07847428227110642
383,3,10,150,52,0.0
384,3,10,150,52,0.08759200575528697
385,3,10,150,52,0.1546778125427113
386,3,10,150,52,0.0
387,3,10,150,52,0.03814967334348895
388,3,10,150,52,0.029785542524894418
389,3,10,150,52,0.13356557492711535
390,3,10,150,52,0.21398626473452756
391,3,10,150,52,0.2558645268575362
392,3,10,150,52,0.06327372362257774
393,3,10,150,52,0.14806256944876386
394,3,10,150,52,0.12900206501129066
395,3,10,150,52,0.09286934188709499
396,3,10,150,52,0.0
397,3,10,150,52,0.10643931441962817
398,3,10,150,52,0.12204637821038242
399,3,10,150,52,0.026896869118086277
400,3,10,150,52,0.0
401,3,10,150,52,0.0
402,3,10,150,52,0.469779625693621
403,3,10,150,52,0.0
404,3,10,150,52,0.0
405,3,10,150,52,0.24062703077405198
406,3,10,150,52,0.1611965317983135
407,3,10,150,52,0.07343764708220529
408,3,10,150,52,0.12083071655728543
409,3,10,150,52,0.15086419336317547
410,3,10,150,52,0.0
411,3,10,150,52,0.1128999930808451
412,3,10,150,52,0.0
413,3,10,150,52,0.10122860821230018
414,3,10,150,52,0.0
415,3,10,150,52,0.07605458145297357
416,3,10,150,52,0.301441857299378
417,3,10,150,52,0.07015180726245988
418,3,10,150,52,0.07001560573318603
419,3,10,150,52,0.2098021491169666
420,3,10,150,52,0.0527075128660253
421,3,10,150,52,0.202729931306865
422,3,10,150,52,0.0
423,3,10,150,52,0.0
424,3,10,150,52,0.13291000263869587
425,3,10,150,52,0.0
426,3,10,150,52,0.10004388309532918
427,3,10,150,52,0.0
428,3,10,150,52,0.0
429,3,10,150,52,0.1703558697718303
430,3,10,150,52,0.062242588308449316
431,3,10,150,52,0.0
432,3,10,150,52,0.0
433,3,10,150,52,0.0
434,3,10,150,52,0.25803884452092735
435,3,10,150,52,0.2661915409080533
436,3,10,150,52,0.09291494561763272
437,3,10,150,52,0.0470344061318427
438,3,10,150,52,0.0
439,3,10,150,52,0.0
440,3,10,150,52,0.10025741859697787
441,3,10,150,52,0.0
442,3,10,150,52,0.058478916078390675
443,3,10,150,52,0.056720838976548935
444,3,10,150,52,0.19519002499605084
445,3,10,150,52,0.0
446,3,10,150,52,0.0
447,3,10,150,52,0.09914294517496557
448,3,10,150,52,0.0
449,3,10,150,52,0.0
450,3,10,150,52,0.3493581304012306
451,3,10,150,52,0.0
452,3,10,150,52,0.048188247044562364
453,3,10,150,52,0.13392124957971085
454,3,10,150,52,0.0
455,3,10,150,52,0.1760702282199838
456,3,10,150,52,0.1460656477765485
457,3,10,150,52,0.4584732690278586
458,3,10,150,52,0.12059750656999586
459,3,10,150,52,0.04901586605894737
460,3,10,150,52,0.0
461,3,10,150,52,0.10778915452451093
462,3,10,150,52,0.16728714615527887
463,3,10,150,52,0.1032589365938857
464,3,10,150,52,0.04931346192675315
465,3,10,150,52,0.0733934381893728
466,3,10,150,52,0.0750834162528243
467,3,10,150,52,0.032842167909375275
468,3,10,150,52,0.4424763580282471
469,3,10,150,52,0.050924439617225085
470,3,10,150,52,0.040162930685297936
471,3,10,150,52,0.0
472,3,10,150,52,0.2968142919252634
473,3,10,150,52,0.050005013043213774
474,3,10,150,52,0.36568371418040185
475,3,10,150,52,0.0
476,3,10,150,52,0.12097589732794561
477,3,10,150,52,0.0
478,3,10,150,52,0.2059565668593519
479,3,10,150,52,0.07893633843817272
480,3,10,150,52,0.0881980292211471
481,3,10,150,52,0.0
482,3,10,150,52,0.10209739512291163
483,3,10,150,52,0.06194403202282284
484,3,10,150,52,0.27714485683696083
485,3,10,150,52,0.0
486,3,10,150,52,0.06108300840136219
487,3,10,150,52,0.1129506085698291
488,3,10,150,52,0.05887472794707303
489,3,10,150,52,0.0
490,3,10,150,52,0.06490403551612171
491,3,10,150,52,0.17758207479178334
492,3,10,150,52,0.08328180879069912
493,3,10,150,52,0.23552414445241532
494,3,10,150,52,0.11299367690705851
495,3,10,150,52,0.1087443520651637
496,3,10,150,52,0.07271211160102074
497,3,10,150,52,0.029201416417013223
498,3,10,150,52,0.0343217267714905
499,3,10,150,52,0.11352658248311334
500,3,10,150,52,0.049436381087634644
501,3,10,150,52,0.0
502,3,10,150,52,0.0
503,3,10,150,52,0.23688393797410975
504,3,10,150,52,0.08236716303289515
505,3,10,150,52,0.025255271126572616
506,3,10,150,52,0.14777974180396314
507,3,10,150,52,0.0
508,3,10,150,52,0.17050987036516796
509,3,10,150,52,0.0
510,3,10,150,52,0.17032928501352598
511,3,10,150,52,0.12155021559723776
512,3,10,150,52,0.0
513,3,10,150,52,0.05276490902632437
514,3,10,150,52,0.2195594167942824
515,3,10,150,52,0.0
516,3,10,150,52,0.07947838320659593
517,3,10,150,52,0.03859643636257609
518,3,10,150,52,0.05268083714989503
519,3,10,150,52,0.0
520,3,10,150,52,0.0
521,3,10,150,52,0.07649261318048692
522,3,10,150,52,0.16542389351858164
523,3,10,150,52,0.1705239552439998
524,3,10,150,52,0.054568980272552685
525,3,10,150,52,0.06516045994396072
526,3,10,150,52,0.03112959369469351
527,3,10,150,52,0.21068702285875093
528,3,10,150,52,0.1255942414278791
529,3,10,150,52,0.03208343640786788
530,3,10,150,52,0.0
531,3,10,150,52,0.0
532,3,10,150,52,0.20070706620967613
533,3,10,150,52,0.16220110118465933
534,3,10,150,52,0.10040759964046686
535,3,10,150,52,0.24047514177517101
536,3,10,150,52,0.1568966985754741
537,3,10,150,52,0.3922178540744366
538,3,10,150,52,0.09944592215223559
539,3,10,150,52,0.04851068933953057
540,3,10,150,52,0.0
541,3,10,150,52,0.06337469398538446
542,3,10,150,52,0.04294079226347803
543,3,10,150,52,0.0
544,3,10,150,52,0.0
545,3,10,150,52,0.16910448633947073
546,3,10,150,52,0.10441409560474312
547,3,10,150,52,0.04528995543568932
548,3,10,150,52,0.07245220774613666
549,3,10,150,52,0.10184659627402569
550,3,10,150,52,0.0845667599404342
551,3,10,150,52,0.245817622036278
552,3,10,150,52,0.0
553,3,10,150,52,0.13528660262448355
554,3,10,150,52,0.0
555,3,10,150,52,0.037070343480771185
556,3,10,150,52,0.2848749592866812
557,3,10,150,52,0.044530079137671444
558,3,10,150,52,0.21398626473452756
559,3,10,150,52,0.07557866567222271
560,3,10,150,52,0.11942337490935596
561,3,10,150,52,0.08693869170106845
562,3,10,150,52,0.1104306301470049
563,3,10,150,52,0.10791970824616881
564,3,10,150,52,0.0
565,3,10,150,52,0.17360338152027138
566,3,10,150,52,0.11935234359120704
567,3,10,150,52,0.3300744915031557
568,3,10,150,52,0.07161318866452264
569,3,10,150,52,0.023835426911994775
570,3,10,150,52,0.0
571,3,10,150,52,0.0512644431393966
572,3,10,150,52,0.30260241349881345
573,3,10,150,52,0.0
574,3,10,150,52,0.0
575,3,10,150,52,0.13043262693172047
576,3,10,150,52,0.0
577,3,10,150,52,0.2074551198818256
578,3,10,150,52,0.0
579,3,10,150,52,0.06152644703210656
580,3,10,150,52,0.03144137376097698
581,3,10,150,52,0.0
582,3,10,150,52,0.06679511870650716
583,3,10,150,52,0.0874717141014082
584,3,10,150,52,0.20261715588288354
585,3,10,150,52,0.042225550968526857
586,3,10,150,52,0.07990229092700395
587,3,10,150,52,0.0
588,3,10,150,52,0.2375274594366017
589,3,10,150,52,0.0
590,3,10,150,52,0.17154483744357613
591,3,10,150,52,0.08651464973019597
592,3,10,150,52,0.31713903456912196
593,3,10,150,52,0.132633875862672
594,3,10,150,52,0.0
595,3,10,150,52,0.055965373307784824
596,3,10,150,52,0.09803928583135704
597,3,10,150,52,0.0
598,3,10,150,52,0.0
599,3,10,150,52,0.02506539947940475
600,3,10,150,52,0.13574631165894233
601,3,10,150,52,0.14583314398473152
602,3,10,150,52,0.041278922835426404
603,3,10,150,52,0.12541207695631323
604,3,10,150,52,0.0
605,3,10,150,52,0.15136987527520723
606,3,10,150,52,0.38412580193019313
607,3,10,150,52,0.0308875359117713
608,3,10,150,52,0.2540033965485179
609,3,10,150,52,0.0
610,3,10,150,52,0.08443863559321411
611,3,10,150,52,0.08619391645113321
612,3,10,150,52,0.09162544430476362
613,3,10,150,52,0.1652462050665711
614,3,10,150,52,0.1467868763787456
615,3,10,150,52,0.10737689423316772
616,3,10,150,52,0.030480958763669998
617,3,10,150,52,0.038287076928437726
618,3,10,150,52,0.08866292092475765
619,3,10,150,52,0.13379581792476064
620,3,10,150,52,0.207826427857141
621,3,10,150,52,0.09609718732028881
622,3,10,150,52,0.20912580702342737
623,3,10,150,52,0.04214302778527282
624,3,10,150,52,0.020398809913282908
625,3,10,150,52,0.06672272773479279
626,3,10,150,52,0.0
627,3,10,150,52,0.12969889250755845
628,3,10,150,52,0.0
629,3,10,150,52,0.25641037065858124
630,3,10,150,52,0.10834532177911152
631,3,10,150,52,0.13449792459172438
632,3,10,150,52,0.06934269739950429
633,3,10,150,52,0.050456115328747164
634,3,10,150,52,0.10071745362697414
635,3,10,150,52,0.0
636,3,10,150,52,0.3615974840572412
637,3,10,150,52,0.02898066279104336
638,3,10,150,52,0.05152901435389809
639,3,10,150,52,0.0
640,3,10,150,52,0.13630752550714903
641,3,10,150,52,0.051358492238643604
642,3,10,150,52,0.3264378921830693
643,3,10,150,52,0.29073813193601156
644,3,10,150,52,0.0
645,3,10,150,52,0.16338171596108064
646,3,10,150,52,0.11243817952384734
647,3,10,150,52,0.06590268968688952
648,3,10,150,52,0.3037298693515066
649,3,10,150,52,0.0
650,3,10,150,52,0.126865141254768
651,3,10,150,52,0.0
652,3,10,150,52,0.0
653,3,10,150,52,0.1307171183511597
654,3,10,150,52,0.06766374859087543
655,3,10,150,52,0.4355214826149495
656,3,10,150,52,0.0
657,3,10,150,52,0.2504953915210566
658,3,10,150,52,0.069831161662907
659,3,10,150,52,0.12108949985137372
660,3,10,150,52,0.013374643837077517
661,3,10,150,52,0.16121645515307573
662,3,10,150,52,0.0
663,3,10,150,52,0.1266395778984914
664,3,10,150,52,0.31367474404701917
665,3,10,150,52,0.037742283202961156
666,3,10,150,52,0.14432410599697817
667,3,10,150,52,0.10252914961543841
668,3,10,150,52,0.0
669,3,10,150,52,0.19588788032265295
670,3,10,150,52,0.0
671,3,10,150,52,0.17276224511744678
672,3,10,150,52,0.07973520350569015
673,3,10,150,52,0.0
674,3,10,150,52,0.0
675,3,10,150,52,0.0382580635535654
676,3,10,150,52,0.22358931366364498
677,3,10,150,52,0.0720796116407523
678,3,10,150,52,0.0
679,3,10,150,52,0.16417658872889113
680,3,10,150,52,0.0
681,3,10,150,52,0.0
682,3,10,150,52,0.31063379698126053
683,3,10,150,52,0.045215225629604006
684,3,10,150,52,0.03158850394477252
685,3,10,150,52,0.1287302100364524
686,3,10,150,52,0.15669346910555695
687,3,10,150,52,0.0
688,3,10,150,52,0.0
689,3,10,150,52,0.37279254620421465
690,3,10,150,52,0.23383654521627753
691,3,10,150,52,0.6023709850354425
692,3,10,150,52,0.03353522641880846
693,3,10,150,52,0.05138057484884568
694,3,10,150,52,0.2200478547222984
695,3,10,150,52,0.0
696,3,10,150,52,0.08111636357522063
697,3,10,150,52,0.06832568397816181
698,3,10,150,52,0.0
699,3,10,150,52,0.0626341443066313
700,3,10,150,52,0.0
701,3,10,150,52,0.0906790485156717
702,3,10,150,52,0.0
703,3,10,150,52,0.21888235022994418
704,3,10,150,52,0.1837388566713383
705,3,10,150,52,0.21784392679370396
706,3,10,150,52,0.0
707,3,10,150,52,0.27937345887481646
708,3,10,150,52,0.03476299583640518
709,3,10,150,52,0.14143393670228208
710,3,10,150,52,0.25040922491354684
711,3,10,150,52,0.21709782090123197
712,3,10,150,52,0.08623419983088594
713,3,10,150,52,0.0
714,3,10,150,52,0.09998274523051486
715,3,10,150,52,0.19873316837532487
716,3,10,150,52,0.30366125475206207
717,3,10,150,52,0.08455030681958395
718,3,10,150,52,0.0
719,3,10,150,52,0.10353175087921149
720,3,10,150,52,0.0
721,3,10,150,52,0.07727729735025275
722,3,10,150,52,0.07401896317743158
723,3,10,150,52,0.0
724,3,10,150,52,0.0
725,3,10,150,52,0.0
726,3,10,150,52,0.061080020762274374
727,3,10,150,52,0.09713319790330503
728,3,10,150,52,0.0
729,3,10,150,52,0.0
730,3,10,150,52,0.0
731,3,10,150,52,0.1935015812983906
732,3,10,150,52,0.05717828980196049
733,3,10,150,52,0.020730875129846955
734,3,10,150,52,0.08131766139183766
735,3,10,150,52,0.08151055815578559
736,3,10,150,52,0.047009109882897075
737,3,10,150,52,0.12127716502890909
738,3,10,150,52,0.09907057054543131
739,3,10,150,52,0.18767092572990207
740,3,10,150,52,0.0523780734795101
741,3,10,150,52,0.0787396033907249
742,3,10,150,52,0.0527075128660253
743,3,10,150,52,0.1194783875505714
744,3,10,150,52,0.0
745,3,10,150,52,0.06774344219296054
746,3,10,150,52,0.24124954544361757
747,3,10,150,52,0.21923457674216687
748,3,10,150,52,0.04132344798443041
749,3,10,150,52,0.3664701778330105
750,3,10,150,52,0.18000575664763457
751,3,10,150,52,0.05059789125164855
752,3,10,150,52,0.08155432360208091
753,3,10,150,52,0.04072612696308379
754,3,10,150,52,0.0
755,3,10,150,52,0.0
756,3,10,150,52,0.044143057780823704
757,3,10,150,52,0.1088815023385917
758,3,10,150,52,0.2290020149229735
759,3,10,150,52,0.0
760,3,10,150,52,0.16006374561654185
761,3,10,150,52,0.17663858756688974
762,3,10,150,52,0.0
763,3,10,150,52,0.10697348874072295
764,3,10,150,52,0.04710969775183564
765,3,10,150,52,0.0966785411876802
766,3,10,150,52,0.03656948015039827
767,3,10,150,52,0.1269544353559099
768,3,10,150,52,0.07551306595853473
769,3,10,150,52,0.0
770,3,10,150,52,0.18348359547343202
771,3,10,150,52,0.051111361357474266
772,3,10,150,52,0.038996699933076286
773,3,10,150,52,0.14052732258781897
774,3,10,150,52,0.0
775,3,10,150,52,0.0
776,3,10,150,52,0.024267484090652828
777,3,10,150,52,0.0
778,3,10,150,52,0.08961728720334347
779,3,10,150,52,0.0
780,3,10,150,52,0.12311997034702767
781,3,10,150,52,0.12572447169101508
782,3,10,150,52,0.0
783,3,10,150,52,0.0
784,3,10,150,52,0.04582425041433568
785,3,10,150,52,0.2848262604068979
786,3,10,150,52,0.13901223847985233
787,3,10,150,52,0.0
788,3,10,150,52,0.049657000484763174
789,3,10,150,52,0.14531023848228133
790,3,10,150,52,0.07123716589548494
791,3,10,150,52,0.059480024314918285
792,3,10,150,52,0.0946587791577201
793,3,10,150,52,0.11843263243420837
794,3,10,150,52,0.1578863001786244
795,3,10,150,52,0.06886690743551852
796,3,10,150,52,0.09248099049978573
797,3,10,150,52,0.13905617951077562
798,3,10,150,52,0.0
799,3,10,150,52,0.2836929289153804
800,3,10,150,52,0.0
801,3,10,150,52,0.0
802,3,10,150,52,0.05621908976192367
803,3,10,150,52,0.0
804,3,10,150,52,0.2578158330738147
805,3,10,150,52,0.14378189088739302
806,3,10,150,52,0.06379369995120096
807,3,10,150,52,0.18716126069796726
808,3,10,150,52,0.0
809,3,10,150,52,0.0
810,3,10,150,52,0.0
811,3,10,150,52,0.0
812,3,10,150,52,0.11600766930798434
813,3,10,150,52,0.06916902856231065
814,3,10,150,52,0.054181637470214
815,3,10,150,52,0.10380674919178415
816,3,10,150,52,0.10105367325027378
817,3,10,150,52,0.0
818,3,10,150,52,0.0
819,3,10,150,52,0.0
820,3,10,150,52,0.12262943855309168
821,3,10,150,52,0.053168340515114924
822,3,10,150,52,0.0
823,3,10,150,52,0.10148718580906937
824,3,10,150,52,0.0
825,3,10,150,52,0.16434089815347858
826,3,10,150,52,0.1104586032397152
827,3,10,150,52,0.0
828,3,10,150,52,0.0
829,3,10,150,52,0.08143169212679746
830,3,10,150,52,0.13003750163762204
831,3,10,150,52,0.04522637401768292
832,3,10,150,52,0.0
833,3,10,150,52,0.05828935682373833
834,3,10,150,52,0.0
835,3,10,150,52,0.1027658322970266
836,3,10,150,52,0.05097554749895306
837,3,10,150,52,0.05351287869030783
838,3,10,150,52,0.08633629724227374
839,3,10,150,52,0.0
840,3,10,150,52,0.127473004222534
841,3,10,150,52,0.0
842,3,10,150,52,0.0
843,3,10,150,52,0.04209275315645388
844,3,10,150,52,0.0
845,3,10,150,52,0.0
846,3,10,150,52,0.09924548857390884
847,3,10,150,52,0.0
848,3,10,150,52,0.03618657486793958
849,3,10,150,52,0.0
850,3,10,150,52,0.06228974831361337
851,3,10,150,52,0.2277008805972924
852,3,10,150,52,0.07256783117062009
853,3,10,150,52,0.0
854,3,10,150,52,0.0
855,3,10,150,52,0.0
856,3,10,150,52,0.0
857,3,10,150,52,0.0
858,3,10,150,52,0.0
859,3,10,150,52,0.0
860,3,10,150,52,0.0
861,3,10,150,52,0.12754356661958802
862,3,10,150,52,0.1014543205029727
863,3,10,150,52,0.0
864,3,10,150,52,0.1615328695620339
865,3,10,150,52,0.0
866,3,10,150,52,0.0
867,3,10,150,52,0.13120507751234178
868,3,10,150,52,0.0
870,3,10,150,52,0.0
871,3,10,150,52,0.0
872,3,10,150,52,0.0
875,3,10,150,52,0.1395953738647505
876,3,10,150,52,0.0
877,3,10,150,52,0.0
1,3,10,150,53,0.6247579375131872
2,3,10,150,53,0.10688238502350729
3,3,10,150,53,0.0
4,3,10,150,53,0.0
5,3,10,150,53,0.0819283960923954
6,3,10,150,53,0.05340978172012693
7,3,10,150,53,0.17129313899697876
8,3,10,150,53,0.0554835367217868
9,3,10,150,53,0.0
10,3,10,150,53,0.16409920264511527
11,3,10,150,53,0.049016076581777215
12,3,10,150,53,0.04822019817866397
13,3,10,150,53,0.19688298569423635
14,3,10,150,53,0.05601843521033356
15,3,10,150,53,0.0
16,3,10,150,53,0.1653353975675179
17,3,10,150,53,0.12066394366711926
18,3,10,150,53,0.16957655256734583
19,3,10,150,53,0.0
20,3,10,150,53,0.14530105135237878
21,3,10,150,53,0.03475017269886857
22,3,10,150,53,0.09255370591399972
23,3,10,150,53,0.18360000301566626
24,3,10,150,53,0.311062094929455
25,3,10,150,53,0.0
26,3,10,150,53,0.0
28,3,10,150,53,0.0
29,3,10,150,53,0.0
30,3,10,150,53,0.0979129253499678
31,3,10,150,53,0.06076546216996844
32,3,10,150,53,0.0
33,3,10,150,53,0.0
34,3,10,150,53,0.0
35,3,10,150,53,0.07108348368841133
37,3,10,150,53,0.0488929053971083
38,3,10,150,53,0.0
39,3,10,150,53,0.0
40,3,10,150,53,0.0
41,3,10,150,53,0.0
42,3,10,150,53,0.14144963799422255
43,3,10,150,53,0.2516718289406818
44,3,10,150,53,0.07698159974258616
45,3,10,150,53,0.04505000432618384
46,3,10,150,53,0.2524329124868603
47,3,10,150,53,0.0
48,3,10,150,53,0.14225564083314088
49,3,10,150,53,0.08545966314334597
50,3,10,150,53,0.0
51,3,10,150,53,0.18953836965473142
52,3,10,150,53,0.04892579731758021
53,3,10,150,53,0.09546043308946733
54,3,10,150,53,0.07984133538066794
55,3,10,150,53,0.0
56,3,10,150,53,0.03975645576081676
57,3,10,150,53,0.0
58,3,10,150,53,0.10796876451088402
59,3,10,150,53,0.1825401339226324
60,3,10,150,53,0.12123807080432077
61,3,10,150,53,0.0
62,3,10,150,53,0.03806940785769845
63,3,10,150,53,0.03554915059547175
64,3,10,150,53,0.0
65,3,10,150,53,0.2994759515353249
66,3,10,150,53,0.0
67,3,10,150,53,0.0
68,3,10,150,53,0.0
69,3,10,150,53,0.11503055012584398
70,3,10,150,53,0.0
71,3,10,150,53,0.07955752067133452
72,3,10,150,53,0.16084022171949366
73,3,10,150,53,0.051960280791503534
74,3,10,150,53,0.0
75,3,10,150,53,0.11731968150568911
76,3,10,150,53,0.14804398249667974
77,3,10,150,53,0.45287742747371695
78,3,10,150,53,0.0
79,3,10,150,53,0.0
80,3,10,150,53,0.08297572808511901
81,3,10,150,53,0.0
82,3,10,150,53,0.08926877557705373
83,3,10,150,53,0.04630610387058298
84,3,10,150,53,0.0
85,3,10,150,53,0.06966660916502733
86,3,10,150,53,0.07738888769495082
87,3,10,150,53,0.10058161863664324
88,3,10,150,53,0.0
89,3,10,150,53,0.22860031301980846
90,3,10,150,53,0.18371373940702912
91,3,10,150,53,0.13114221140465185
92,3,10,150,53,0.03832296006021073
93,3,10,150,53,0.0
94,3,10,150,53,0.1680392768180396
95,3,10,150,53,0.061836172422412086
96,3,10,150,53,0.19186450284072096
97,3,10,150,53,0.09558339637123096
98,3,10,150,53,0.08878770367712427
99,3,10,150,53,0.029785542524894418
100,3,10,150,53,0.0892789338684584
101,3,10,150,53,0.0
102,3,10,150,53,0.026001814664123827
103,3,10,150,53,0.07673373981757839
104,3,10,150,53,0.12171451575741458
106,3,10,150,53,0.05261577455142312
107,3,10,150,53,0.0
108,3,10,150,53,0.0
109,3,10,150,53,0.11259960483764554
110,3,10,150,53,0.039667414566743345
111,3,10,150,53,0.0
112,3,10,150,53,0.06510475888148554
113,3,10,150,53,0.05449144662575446
114,3,10,150,53,0.07610811271330754
115,3,10,150,53,0.046806851959664796
116,3,10,150,53,0.07814915695077672
117,3,10,150,53,0.10135360124281675
118,3,10,150,53,0.0
119,3,10,150,53,0.06127983274634642
121,3,10,150,53,0.06245141164382474
122,3,10,150,53,0.03984598490051017
123,3,10,150,53,0.46927872602275644
124,3,10,150,53,0.10889376106823218
125,3,10,150,53,0.1350308091592608
126,3,10,150,53,0.0
127,3,10,150,53,0.0
128,3,10,150,53,0.027576277569513717
129,3,10,150,53,0.0
130,3,10,150,53,0.08034382158496219
131,3,10,150,53,0.2803335894048546
132,3,10,150,53,0.09109240322345806
133,3,10,150,53,0.0
134,3,10,150,53,0.0
135,3,10,150,53,0.0
136,3,10,150,53,0.40257390286801836
137,3,10,150,53,0.0
138,3,10,150,53,0.21222747957761057
139,3,10,150,53,0.0
140,3,10,150,53,0.0
141,3,10,150,53,0.15194751309721466
142,3,10,150,53,0.30260241349881345
143,3,10,150,53,0.0
144,3,10,150,53,0.19201969646868908
145,3,10,150,53,0.06384607724228114
146,3,10,150,53,0.0
147,3,10,150,53,0.07610811271330754
148,3,10,150,53,0.042512356679180144
149,3,10,150,53,0.05446824630887794
150,3,10,150,53,0.0
151,3,10,150,53,0.1467394379667669
152,3,10,150,53,0.026230448379684728
153,3,10,150,53,0.06516188295518531
154,3,10,150,53,0.055100238151135045
155,3,10,150,53,0.0
156,3,10,150,53,0.07028063830038406
157,3,10,150,53,0.0
158,3,10,150,53,0.055805240881847164
159,3,10,150,53,0.11026617795298452
160,3,10,150,53,0.060934076158944916
161,3,10,150,53,0.0
162,3,10,150,53,0.0
163,3,10,150,53,0.0
164,3,10,150,53,0.0
165,3,10,150,53,0.09149012142095872
166,3,10,150,53,0.0
167,3,10,150,53,0.03395822402998728
168,3,10,150,53,0.0
169,3,10,150,53,0.055427457405235275
170,3,10,150,53,0.0
171,3,10,150,53,0.0
172,3,10,150,53,0.0
173,3,10,150,53,0.0
174,3,10,150,53,0.05481171384122219
175,3,10,150,53,0.4413254197204702
176,3,10,150,53,0.0347693136731627
177,3,10,150,53,0.0
178,3,10,150,53,0.18053947820976404
179,3,10,150,53,0.06599888514927177
180,3,10,150,53,0.0
181,3,10,150,53,0.035633313647511815
182,3,10,150,53,0.13120507751234178
183,3,10,150,53,0.0
184,3,10,150,53,0.0
185,3,10,150,53,0.0
186,3,10,150,53,0.0
187,3,10,150,53,0.2004102107997965
188,3,10,150,53,0.026527518023781966
189,3,10,150,53,0.22982757951573698
190,3,10,150,53,0.0
191,3,10,150,53,0.07335312372354855
192,3,10,150,53,0.0
193,3,10,150,53,0.0
194,3,10,150,53,0.052577940589851685
195,3,10,150,53,0.10257737475069033
196,3,10,150,53,0.17342765698823945
197,3,10,150,53,0.07304192939088519
198,3,10,150,53,0.10387325901274824
199,3,10,150,53,0.0
200,3,10,150,53,0.0971420957831845
201,3,10,150,53,0.1802493740518938
202,3,10,150,53,0.0
203,3,10,150,53,0.0
204,3,10,150,53,0.0
205,3,10,150,53,0.11600766930798434
206,3,10,150,53,0.0
207,3,10,150,53,0.0643667663843211
208,3,10,150,53,0.0
209,3,10,150,53,0.070675417981692
210,3,10,150,53,0.0
211,3,10,150,53,0.0
212,3,10,150,53,0.0559167101555819
213,3,10,150,53,0.08985507164305877
214,3,10,150,53,0.1257260924843343
215,3,10,150,53,0.157288596461893
216,3,10,150,53,0.27735230728218535
217,3,10,150,53,0.13000004444613666
218,3,10,150,53,0.06323567569191428
219,3,10,150,53,0.0
220,3,10,150,53,0.07807600999842033
221,3,10,150,53,0.12213234467515617
222,3,10,150,53,0.1483732210811898
223,3,10,150,53,0.039270700903099615
224,3,10,150,53,0.0
225,3,10,150,53,0.0
226,3,10,150,53,0.0
227,3,10,150,53,0.0
229,3,10,150,53,0.0
230,3,10,150,53,0.10228729060357176
231,3,10,150,53,0.0
232,3,10,150,53,0.0
233,3,10,150,53,0.15206723475089307
234,3,10,150,53,0.10953371135313619
235,3,10,150,53,0.08312042273022706
236,3,10,150,53,0.12127042983235181
237,3,10,150,53,0.04776398023609584
238,3,10,150,53,0.0
239,3,10,150,53,0.12691627784085696
240,3,10,150,53,0.10235170428306553
241,3,10,150,53,0.1381300260171807
242,3,10,150,53,0.0
243,3,10,150,53,0.0
244,3,10,150,53,0.1324362264265921
245,3,10,150,53,0.0
246,3,10,150,53,0.08356426880363813
247,3,10,150,53,0.15642624200758548
248,3,10,150,53,0.23451355966072135
249,3,10,150,53,0.3041992014465808
250,3,10,150,53,0.07806699296748765
251,3,10,150,53,0.0
252,3,10,150,53,0.0
253,3,10,150,53,0.0
254,3,10,150,53,0.036502603141236205
255,3,10,150,53,0.10933464083642679
256,3,10,150,53,0.04856627791226961
257,3,10,150,53,0.12830873359117523
258,3,10,150,53,0.0
259,3,10,150,53,0.0
260,3,10,150,53,0.0
261,3,10,150,53,0.0
262,3,10,150,53,0.0
263,3,10,150,53,0.32837769821077345
264,3,10,150,53,0.2969281197911131
265,3,10,150,53,0.19802572813668026
266,3,10,150,53,0.0
267,3,10,150,53,0.21076490690365068
268,3,10,150,53,0.10827784002385153
269,3,10,150,53,0.040019695500760184
270,3,10,150,53,0.0
271,3,10,150,53,0.10729393508609222
272,3,10,150,53,0.05334621352524345
273,3,10,150,53,0.0
274,3,10,150,53,0.0
275,3,10,150,53,0.0
276,3,10,150,53,0.22405070296204527
277,3,10,150,53,0.0
278,3,10,150,53,0.0
279,3,10,150,53,0.11742771165954712
280,3,10,150,53,0.07316593591075989
281,3,10,150,53,0.0
282,3,10,150,53,0.09659953929285248
283,3,10,150,53,0.0
284,3,10,150,53,0.0
285,3,10,150,53,0.0
286,3,10,150,53,0.0
287,3,10,150,53,0.0
288,3,10,150,53,0.13999259891013252
289,3,10,150,53,0.0
290,3,10,150,53,0.09647783930421741
291,3,10,150,53,0.16463925224833492
292,3,10,150,53,0.27665227928348557
293,3,10,150,53,0.026888145069522296
294,3,10,150,53,0.07456347221081044
295,3,10,150,53,0.12123998403830039
296,3,10,150,53,0.1313923743616208
297,3,10,150,53,0.030868393892711742
298,3,10,150,53,0.13814728270261697
299,3,10,150,53,0.06251231174305825
300,3,10,150,53,0.0
301,3,10,150,53,0.1296575124303738
302,3,10,150,53,0.07335312372354855
303,3,10,150,53,0.2008908034997623
304,3,10,150,53,0.0
305,3,10,150,53,0.05428021340641747
306,3,10,150,53,0.0
307,3,10,150,53,0.13128644747266613
308,3,10,150,53,0.03208854064498582
309,3,10,150,53,0.0
310,3,10,150,53,0.2890648263178879
311,3,10,150,53,0.17512035582237062
312,3,10,150,53,0.16963857451199318
313,3,10,150,53,0.09586943528179451
314,3,10,150,53,0.10507089418815024
315,3,10,150,53,0.09785159463516042
316,3,10,150,53,0.06076546216996844
317,3,10,150,53,0.0
318,3,10,150,53,0.07377376675297492
319,3,10,150,53,0.0
320,3,10,150,53,0.08947300054212491
321,3,10,150,53,0.08223795175588802
322,3,10,150,53,0.07955752067133452
323,3,10,150,53,0.12229181918924699
324,3,10,150,53,0.0
325,3,10,150,53,0.0
326,3,10,150,53,0.10817904857938596
327,3,10,150,53,0.0
328,3,10,150,53,0.11126818073657672
329,3,10,150,53,0.056720838976548935
330,3,10,150,53,0.3028509129070748
331,3,10,150,53,0.0
332,3,10,150,53,0.09937017023483655
333,3,10,150,53,0.0
334,3,10,150,53,0.11993652018293204
335,3,10,150,53,0.0
336,3,10,150,53,0.0
337,3,10,150,53,0.16908993508344605
338,3,10,150,53,0.04358896759704514
339,3,10,150,53,0.1856477756884163
340,3,10,150,53,0.12647135138382856
341,3,10,150,53,0.0
342,3,10,150,53,0.11944501566498536
343,3,10,150,53,0.32643978915107913
344,3,10,150,53,0.13804010954782428
345,3,10,150,53,0.1302817386077542
346,3,10,150,53,0.10809528579756168
347,3,10,150,53,0.09642724089192412
348,3,10,150,53,0.0
349,3,10,150,53,0.07123530534387781
350,3,10,150,53,0.2314071217459096
351,3,10,150,53,0.0
352,3,10,150,53,0.16282653392890226
353,3,10,150,53,0.09489642549953911
354,3,10,150,53,0.033699515540238464
355,3,10,150,53,0.0
356,3,10,150,53,0.0
357,3,10,150,53,0.0
358,3,10,150,53,0.26730206653594746
359,3,10,150,53,0.14341929980357182
360,3,10,150,53,0.10496459329418281
361,3,10,150,53,0.0
362,3,10,150,53,0.0
363,3,10,150,53,0.1867805234163032
364,3,10,150,53,0.0
365,3,10,150,53,0.0989084497079971
366,3,10,150,53,0.10684080426179023
367,3,10,150,53,0.1410054764628891
368,3,10,150,53,0.0
369,3,10,150,53,0.0
370,3,10,150,53,0.045683428159663184
371,3,10,150,53,0.09892739847751293
372,3,10,150,53,0.10673919722548196
373,3,10,150,53,0.18128610071101886
374,3,10,150,53,0.1523273086076386
375,3,10,150,53,0.0
376,3,10,150,53,0.0
377,3,10,150,53,0.053168340515114924
378,3,10,150,53,0.06456267360461458
379,3,10,150,53,0.13557533657177168
380,3,10,150,53,0.0
381,3,10,150,53,0.08294243278442993
382,3,10,150,53,0.07847428227110642
383,3,10,150,53,0.0
384,3,10,150,53,0.08759200575528697
385,3,10,150,53,0.1546778125427113
386,3,10,150,53,0.0
387,3,10,150,53,0.03814967334348895
388,3,10,150,53,0.029785542524894418
389,3,10,150,53,0.13183633031089573
390,3,10,150,53,0.21398626473452756
391,3,10,150,53,0.2558645268575362
392,3,10,150,53,0.06327372362257774
393,3,10,150,53,0.15909241913825634
394,3,10,150,53,0.12900206501129066
395,3,10,150,53,0.09286934188709499
396,3,10,150,53,0.0
397,3,10,150,53,0.10643931441962817
398,3,10,150,53,0.12204637821038242
399,3,10,150,53,0.026548641169821946
400,3,10,150,53,0.0
401,3,10,150,53,0.0
402,3,10,150,53,0.469779625693621
403,3,10,150,53,0.0
404,3,10,150,53,0.0
405,3,10,150,53,0.23751168464006495
406,3,10,150,53,0.1591095551584299
407,3,10,150,53,0.07343764708220529
408,3,10,150,53,0.12083071655728543
409,3,10,150,53,0.15086419336317547
410,3,10,150,53,0.0
411,3,10,150,53,0.1128999930808451
412,3,10,150,53,0.0
413,3,10,150,53,0.10122860821230018
414,3,10,150,53,0.0
415,3,10,150,53,0.07605458145297357
416,3,10,150,53,0.3104859385159686
417,3,10,150,53,0.0692435669835341
418,3,10,150,53,0.07001560573318603
419,3,10,150,53,0.2098021491169666
420,3,10,150,53,0.0527075128660253
421,3,10,150,53,0.202729931306865
422,3,10,150,53,0.0
423,3,10,150,53,0.0
424,3,10,150,53,0.13291000263869587
425,3,10,150,53,0.0
426,3,10,150,53,0.10004388309532918
427,3,10,150,53,0.0
428,3,10,150,53,0.0
429,3,10,150,53,0.16815030916382856
430,3,10,150,53,0.062242588308449316
431,3,10,150,53,0.0
432,3,10,150,53,0.0
433,3,10,150,53,0.0
434,3,10,150,53,0.25803884452092735
435,3,10,150,53,0.26274521658945815
436,3,10,150,53,0.09291494561763272
437,3,10,150,53,0.04642546184642365
438,3,10,150,53,0.0
439,3,10,150,53,0.0
440,3,10,150,53,0.10025741859697787
441,3,10,150,53,0.0
442,3,10,150,53,0.058478916078390675
443,3,10,150,53,0.056720838976548935
444,3,10,150,53,0.19519002499605084
445,3,10,150,53,0.0
446,3,10,150,53,0.0
447,3,10,150,53,0.09914294517496557
448,3,10,150,53,0.0
449,3,10,150,53,0.0
450,3,10,150,53,0.3448350662324989
451,3,10,150,53,0.0
452,3,10,150,53,0.048188247044562364
453,3,10,150,53,0.13392124957971085
454,3,10,150,53,0.0
455,3,10,150,53,0.1760702282199838
456,3,10,150,53,0.1460656477765485
457,3,10,150,53,0.4525375147545014
458,3,10,150,53,0.12059750656999586
459,3,10,150,53,0.04901586605894737
460,3,10,150,53,0.0
461,3,10,150,53,0.10778915452451093
462,3,10,150,53,0.16728714615527887
463,3,10,150,53,0.1032589365938857
464,3,10,150,53,0.04931346192675315
465,3,10,150,53,0.0733934381893728
466,3,10,150,53,0.0750834162528243
467,3,10,150,53,0.032842167909375275
468,3,10,150,53,0.4424763580282471
469,3,10,150,53,0.050924439617225085
470,3,10,150,53,0.040162930685297936
471,3,10,150,53,0.0
472,3,10,150,53,0.30591828523008296
473,3,10,150,53,0.050005013043213774
474,3,10,150,53,0.3609492862087428
475,3,10,150,53,0.0
476,3,10,150,53,0.12097589732794561
477,3,10,150,53,0.0
478,3,10,150,53,0.2059565668593519
479,3,10,150,53,0.07893633843817272
480,3,10,150,53,0.0881980292211471
481,3,10,150,53,0.0
482,3,10,150,53,0.10209739512291163
483,3,10,150,53,0.06194403202282284
484,3,10,150,53,0.27714485683696083
485,3,10,150,53,0.0
486,3,10,150,53,0.06108300840136219
487,3,10,150,53,0.11148826146523502
488,3,10,150,53,0.05887472794707303
489,3,10,150,53,0.0
490,3,10,150,53,0.06490403551612171
491,3,10,150,53,0.17758207479178334
492,3,10,150,53,0.08328180879069912
493,3,10,150,53,0.23552414445241532
494,3,10,150,53,0.11299367690705851
495,3,10,150,53,0.10733646245397016
496,3,10,150,53,0.07271211160102074
497,3,10,150,53,0.02882335199320744
498,3,10,150,53,0.0343217267714905
499,3,10,150,53,0.11352658248311334
500,3,10,150,53,0.048796338951868565
501,3,10,150,53,0.0
502,3,10,150,53,0.0
503,3,10,150,53,0.23688393797410975
504,3,10,150,53,0.09424755694320945
505,3,10,150,53,0.025255271126572616
506,3,10,150,53,0.14586646944287548
507,3,10,150,53,0.0
508,3,10,150,53,0.17050987036516796
509,3,10,150,53,0.0
510,3,10,150,53,0.17032928501352598
511,3,10,150,53,0.12155021559723776
512,3,10,150,53,0.0
513,3,10,150,53,0.05276490902632437
514,3,10,150,53,0.2167168285028082
515,3,10,150,53,0.0
516,3,10,150,53,0.07947838320659593
517,3,10,150,53,0.03859643636257609
518,3,10,150,53,0.05268083714989503
519,3,10,150,53,0.0
520,3,10,150,53,0.0
521,3,10,150,53,0.07649261318048692
522,3,10,150,53,0.16542389351858164
523,3,10,150,53,0.1705239552439998
524,3,10,150,53,0.05386248748501817
525,3,10,150,53,0.06516045994396072
526,3,10,150,53,0.03112959369469351
527,3,10,150,53,0.21068702285875093
528,3,10,150,53,0.1255942414278791
529,3,10,150,53,0.03208343640786788
530,3,10,150,53,0.0
531,3,10,150,53,0.0
532,3,10,150,53,0.19810855522456852
533,3,10,150,53,0.1601011186021599
534,3,10,150,53,0.10040759964046686
535,3,10,150,53,0.23736176211520785
536,3,10,150,53,0.1568966985754741
537,3,10,150,53,0.38713989433134
538,3,10,150,53,0.09944592215223559
539,3,10,150,53,0.04851068933953057
540,3,10,150,53,0.0
541,3,10,150,53,0.06337469398538446
542,3,10,150,53,0.04294079226347803
543,3,10,150,53,0.0
544,3,10,150,53,0.0
545,3,10,150,53,0.16691512712216727
546,3,10,150,53,0.10441409560474312
547,3,10,150,53,0.04528995543568932
548,3,10,150,53,0.07245220774613666
549,3,10,150,53,0.10184659627402569
550,3,10,150,53,0.0845667599404342
551,3,10,150,53,0.24263507443963786
552,3,10,150,53,0.0
553,3,10,150,53,0.13528660262448355
554,3,10,150,53,0.0
555,3,10,150,53,0.037070343480771185
556,3,10,150,53,0.2848749592866812
557,3,10,150,53,0.044530079137671444
558,3,10,150,53,0.21398626473452756
559,3,10,150,53,0.07557866567222271
560,3,10,150,53,0.11942337490935596
561,3,10,150,53,0.0858131152593297
562,3,10,150,53,0.1104306301470049
563,3,10,150,53,0.10791970824616881
564,3,10,150,53,0.0
565,3,10,150,53,0.17360338152027138
566,3,10,150,53,0.11935234359120704
567,3,10,150,53,0.32580108843732286
568,3,10,150,53,0.07161318866452264
569,3,10,150,53,0.023835426911994775
570,3,10,150,53,0.0
571,3,10,150,53,0.0512644431393966
572,3,10,150,53,0.30260241349881345
573,3,10,150,53,0.0
574,3,10,150,53,0.0
575,3,10,150,53,0.13043262693172047
576,3,10,150,53,0.0
577,3,10,150,53,0.20476924330503096
578,3,10,150,53,0.0
579,3,10,150,53,0.06152644703210656
580,3,10,150,53,0.03144137376097698
581,3,10,150,53,0.0
582,3,10,150,53,0.06679511870650716
583,3,10,150,53,0.0874717141014082
584,3,10,150,53,0.20261715588288354
585,3,10,150,53,0.042225550968526857
586,3,10,150,53,0.07886781324452825
587,3,10,150,53,0.0
588,3,10,150,53,0.24739902654140442
589,3,10,150,53,0.0
590,3,10,150,53,0.17154483744357613
591,3,10,150,53,0.08651464973019597
592,3,10,150,53,0.31303310406703705
593,3,10,150,53,0.13091669375276813
594,3,10,150,53,0.0
595,3,10,150,53,0.055965373307784824
596,3,10,150,53,0.09803928583135704
597,3,10,150,53,0.0
598,3,10,150,53,0.0
599,3,10,150,53,0.02506539947940475
600,3,10,150,53,0.13574631165894233
601,3,10,150,53,0.14394507380467506
602,3,10,150,53,0.041278922835426404
603,3,10,150,53,0.12541207695631323
604,3,10,150,53,0.0
605,3,10,150,53,0.15136987527520723
606,3,10,150,53,0.37915260823637414
607,3,10,150,53,0.0308875359117713
608,3,10,150,53,0.25071486949936833
609,3,10,150,53,0.0
610,3,10,150,53,0.08443863559321411
611,3,10,150,53,0.08619391645113321
612,3,10,150,53,0.09162544430476362
613,3,10,150,53,0.1652462050665711
614,3,10,150,53,0.1467868763787456
615,3,10,150,53,0.12450546173805181
616,3,10,150,53,0.030480958763669998
617,3,10,150,53,0.038287076928437726
618,3,10,150,53,0.10046180501904738
619,3,10,150,53,0.13379581792476064
620,3,10,150,53,0.207826427857141
621,3,10,150,53,0.10779982157514925
622,3,10,150,53,0.2064183004214816
623,3,10,150,53,0.04214302778527282
624,3,10,150,53,0.020134710932395945
625,3,10,150,53,0.06672272773479279
626,3,10,150,53,0.0
627,3,10,150,53,0.1280197089924893
628,3,10,150,53,0.0
629,3,10,150,53,0.2530906810361154
630,3,10,150,53,0.10834532177911152
631,3,10,150,53,0.13449792459172438
632,3,10,150,53,0.06934269739950429
633,3,10,150,53,0.050456115328747164
634,3,10,150,53,0.0994134865341148
635,3,10,150,53,0.0
636,3,10,150,53,0.3615974840572412
637,3,10,150,53,0.02898066279104336
638,3,10,150,53,0.05152901435389809
639,3,10,150,53,0.0
640,3,10,150,53,0.13630752550714903
641,3,10,150,53,0.051358492238643604
642,3,10,150,53,0.33515835514118986
643,3,10,150,53,0.2869740082113583
644,3,10,150,53,0.0
645,3,10,150,53,0.16338171596108064
646,3,10,150,53,0.11243817952384734
647,3,10,150,53,0.06590268968688952
648,3,10,150,53,0.299797544411882
649,3,10,150,53,0.0
650,3,10,150,53,0.12522264570439534
651,3,10,150,53,0.0
652,3,10,150,53,0.0
653,3,10,150,53,0.1290247520862757
654,3,10,150,53,0.06678772066955019
655,3,10,150,53,0.4298828801571615
656,3,10,150,53,0.0
657,3,10,150,53,0.2504953915210566
658,3,10,150,53,0.08499291210154789
659,3,10,150,53,0.1324685640402584
660,3,10,150,53,0.013201485215466057
661,3,10,150,53,0.15912922056982626
662,3,10,150,53,0.0
663,3,10,150,53,0.1250000026681164
664,3,10,150,53,0.3096136649652021
665,3,10,150,53,0.03725364202376381
666,3,10,150,53,0.1424555730054332
667,3,10,150,53,0.10252914961543841
668,3,10,150,53,0.0
669,3,10,150,53,0.19588788032265295
670,3,10,150,53,0.0
671,3,10,150,53,0.1834723134471409
672,3,10,150,53,0.07973520350569015
673,3,10,150,53,0.0
674,3,10,150,53,0.0
675,3,10,150,53,0.0382580635535654
676,3,10,150,53,0.22358931366364498
677,3,10,150,53,0.0720796116407523
678,3,10,150,53,0.0
679,3,10,150,53,0.16417658872889113
680,3,10,150,53,0.0
681,3,10,150,53,0.0
682,3,10,150,53,0.3066120883835262
683,3,10,150,53,0.045215225629604006
684,3,10,150,53,0.03158850394477252
685,3,10,150,53,0.1287302100364524
686,3,10,150,53,0.15669346910555695
687,3,10,150,53,0.0
688,3,10,150,53,0.0
689,3,10,150,53,0.37279254620421465
690,3,10,150,53,0.23383654521627753
691,3,10,150,53,0.6023709850354425
692,3,10,150,53,0.03353522641880846
693,3,10,150,53,0.05071536165686773
694,3,10,150,53,0.2171989427305905
695,3,10,150,53,0.0
696,3,10,150,53,0.08111636357522063
697,3,10,150,53,0.06832568397816181
698,3,10,150,53,0.0
699,3,10,150,53,0.061823233584367206
700,3,10,150,53,0.0
701,3,10,150,53,0.0906790485156717
702,3,10,150,53,0.0
703,3,10,150,53,0.21888235022994418
704,3,10,150,53,0.1837388566713383
705,3,10,150,53,0.21784392679370396
706,3,10,150,53,0.0
707,3,10,150,53,0.2757564711147776
708,3,10,150,53,0.03476299583640518
709,3,10,150,53,0.14143393670228208
710,3,10,150,53,0.25040922491354684
711,3,10,150,53,0.2272338861184254
712,3,10,150,53,0.08511774429305038
713,3,10,150,53,0.0
714,3,10,150,53,0.09998274523051486
715,3,10,150,53,0.19616021301864087
716,3,10,150,53,0.2997298181508192
717,3,10,150,53,0.08455030681958395
718,3,10,150,53,0.0
719,3,10,150,53,0.10353175087921149
720,3,10,150,53,0.0
721,3,10,150,53,0.07627680489198384
722,3,10,150,53,0.07401896317743158
723,3,10,150,53,0.0
724,3,10,150,53,0.0
725,3,10,150,53,0.0
726,3,10,150,53,0.061080020762274374
727,3,10,150,53,0.09587563539423678
728,3,10,150,53,0.0
729,3,10,150,53,0.0
730,3,10,150,53,0.0
731,3,10,150,53,0.1935015812983906
732,3,10,150,53,0.05717828980196049
733,3,10,150,53,0.020730875129846955
734,3,10,150,53,0.08131766139183766
735,3,10,150,53,0.08151055815578559
736,3,10,150,53,0.047009109882897075
737,3,10,150,53,0.12127716502890909
738,3,10,150,53,0.09907057054543131
739,3,10,150,53,0.18767092572990207
740,3,10,150,53,0.0523780734795101
741,3,10,150,53,0.0787396033907249
742,3,10,150,53,0.0527075128660253
743,3,10,150,53,0.1194783875505714
744,3,10,150,53,0.0
745,3,10,150,53,0.06774344219296054
746,3,10,150,53,0.24124954544361757
747,3,10,150,53,0.21639619408460364
748,3,10,150,53,0.04132344798443041
749,3,10,150,53,0.3617255676865068
750,3,10,150,53,0.18000575664763457
751,3,10,150,53,0.05059789125164855
752,3,10,150,53,0.08155432360208091
753,3,10,150,53,0.04072612696308379
754,3,10,150,53,0.0
755,3,10,150,53,0.0
756,3,10,150,53,0.044143057780823704
757,3,10,150,53,0.1088815023385917
758,3,10,150,53,0.2260371753554046
759,3,10,150,53,0.0
760,3,10,150,53,0.16006374561654185
761,3,10,150,53,0.17663858756688974
762,3,10,150,53,0.0
763,3,10,150,53,0.10697348874072295
764,3,10,150,53,0.04710969775183564
765,3,10,150,53,0.0966785411876802
766,3,10,150,53,0.036096022998714276
767,3,10,150,53,0.1269544353559099
768,3,10,150,53,0.07551306595853473
769,3,10,150,53,0.0
770,3,10,150,53,0.18348359547343202
771,3,10,150,53,0.051111361357474266
772,3,10,150,53,0.038996699933076286
773,3,10,150,53,0.14052732258781897
774,3,10,150,53,0.0
775,3,10,150,53,0.0
776,3,10,150,53,0.024267484090652828
777,3,10,150,53,0.0
778,3,10,150,53,0.08961728720334347
779,3,10,150,53,0.0
780,3,10,150,53,0.12311997034702767
781,3,10,150,53,0.12572447169101508
782,3,10,150,53,0.0
783,3,10,150,53,0.0
784,3,10,150,53,0.04582425041433568
785,3,10,150,53,0.2848262604068979
786,3,10,150,53,0.13901223847985233
787,3,10,150,53,0.0
788,3,10,150,53,0.04901410203736945
789,3,10,150,53,0.14531023848228133
790,3,10,150,53,0.07123716589548494
791,3,10,150,53,0.059480024314918285
792,3,10,150,53,0.0946587791577201
793,3,10,150,53,0.11843263243420837
794,3,10,150,53,0.1578863001786244
795,3,10,150,53,0.06886690743551852
796,3,10,150,53,0.09128365911397257
797,3,10,150,53,0.13905617951077562
798,3,10,150,53,0.0
799,3,10,150,53,0.2836929289153804
800,3,10,150,53,0.0
801,3,10,150,53,0.0
802,3,10,150,53,0.05621908976192367
803,3,10,150,53,0.0
804,3,10,150,53,0.25447794723337747
805,3,10,150,53,0.14192037783762265
806,3,10,150,53,0.08516241029898401
807,3,10,150,53,0.18716126069796726
808,3,10,150,53,0.0
809,3,10,150,53,0.0
810,3,10,150,53,0.0
811,3,10,150,53,0.0
812,3,10,150,53,0.11600766930798434
813,3,10,150,53,0.06916902856231065
814,3,10,150,53,0.054181637470214
815,3,10,150,53,0.10380674919178415
816,3,10,150,53,0.10105367325027378
817,3,10,150,53,0.0
818,3,10,150,53,0.0
819,3,10,150,53,0.0
820,3,10,150,53,0.12262943855309168
821,3,10,150,53,0.053168340515114924
822,3,10,150,53,0.0
823,3,10,150,53,0.10148718580906937
824,3,10,150,53,0.0
825,3,10,150,53,0.16434089815347858
826,3,10,150,53,0.1104586032397152
827,3,10,150,53,0.0
828,3,10,150,53,0.0
829,3,10,150,53,0.08143169212679746
830,3,10,150,53,0.13003750163762204
831,3,10,150,53,0.04522637401768292
832,3,10,150,53,0.0
833,3,10,150,53,0.05828935682373833
834,3,10,150,53,0.0
835,3,10,150,53,0.1027658322970266
836,3,10,150,53,0.05097554749895306
837,3,10,150,53,0.05351287869030783
838,3,10,150,53,0.08633629724227374
839,3,10,150,53,0.0
840,3,10,150,53,0.127473004222534
841,3,10,150,53,0.0
842,3,10,150,53,0.0
843,3,10,150,53,0.04209275315645388
844,3,10,150,53,0.0
845,3,10,150,53,0.0
846,3,10,150,53,0.09924548857390884
847,3,10,150,53,0.0
848,3,10,150,53,0.03618657486793958
849,3,10,150,53,0.0
850,3,10,150,53,0.06228974831361337
851,3,10,150,53,0.2277008805972924
852,3,10,150,53,0.07256783117062009
853,3,10,150,53,0.0
854,3,10,150,53,0.0
855,3,10,150,53,0.0
856,3,10,150,53,0.0
857,3,10,150,53,0.0
858,3,10,150,53,0.0
859,3,10,150,53,0.0
860,3,10,150,53,0.0
861,3,10,150,53,0.12754356661958802
862,3,10,150,53,0.1014543205029727
863,3,10,150,53,0.0
864,3,10,150,53,0.19756506460263396
865,3,10,150,53,0.0
866,3,10,150,53,0.0
867,3,10,150,53,0.13120507751234178
868,3,10,150,53,0.0
870,3,10,150,53,0.0
871,3,10,150,53,0.0
872,3,10,150,53,0.0
875,3,10,150,53,0.1395953738647505
876,3,10,150,53,0.0
877,3,10,150,53,0.0
1,3,10,150,54,0.6247579375131872
2,3,10,150,54,0.10688238502350729
3,3,10,150,54,0.0
4,3,10,150,54,0.0
5,3,10,150,54,0.0819283960923954
6,3,10,150,54,0.05340978172012693
7,3,10,150,54,0.16911368605381394
8,3,10,150,54,0.0554835367217868
9,3,10,150,54,0.0
10,3,10,150,54,0.16409920264511527
11,3,10,150,54,0.049016076581777215
12,3,10,150,54,0.04822019817866397
13,3,10,150,54,0.1943779396360988
14,3,10,150,54,0.05601843521033356
15,3,10,150,54,0.0
16,3,10,150,54,0.1653353975675179
17,3,10,150,54,0.12066394366711926
18,3,10,150,54,0.16957655256734583
19,3,10,150,54,0.0
20,3,10,150,54,0.14530105135237878
21,3,10,150,54,0.03475017269886857
22,3,10,150,54,0.11981100844986925
23,3,10,150,54,0.18360000301566626
24,3,10,150,54,0.311062094929455
25,3,10,150,54,0.0
26,3,10,150,54,0.0
28,3,10,150,54,0.0
29,3,10,150,54,0.0
30,3,10,150,54,0.0979129253499678
31,3,10,150,54,0.06076546216996844
32,3,10,150,54,0.0
33,3,10,150,54,0.0
34,3,10,150,54,0.0
35,3,10,150,54,0.07108348368841133
37,3,10,150,54,0.0488929053971083
38,3,10,150,54,0.0
39,3,10,150,54,0.0
40,3,10,150,54,0.0
41,3,10,150,54,0.0
42,3,10,150,54,0.14144963799422255
43,3,10,150,54,0.2516718289406818
44,3,10,150,54,0.07698159974258616
45,3,10,150,54,0.04505000432618384
46,3,10,150,54,0.2524329124868603
47,3,10,150,54,0.0
48,3,10,150,54,0.14225564083314088
49,3,10,150,54,0.08545966314334597
50,3,10,150,54,0.0
51,3,10,150,54,0.18953836965473142
52,3,10,150,54,0.04892579731758021
53,3,10,150,54,0.09546043308946733
54,3,10,150,54,0.07984133538066794
55,3,10,150,54,0.0
56,3,10,150,54,0.03975645576081676
57,3,10,150,54,0.0
58,3,10,150,54,0.10796876451088402
59,3,10,150,54,0.1825401339226324
60,3,10,150,54,0.12123807080432077
61,3,10,150,54,0.0
62,3,10,150,54,0.03806940785769845
63,3,10,150,54,0.03554915059547175
64,3,10,150,54,0.0
65,3,10,150,54,0.2994759515353249
66,3,10,150,54,0.0
67,3,10,150,54,0.0
68,3,10,150,54,0.0
69,3,10,150,54,0.11503055012584398
70,3,10,150,54,0.0
71,3,10,150,54,0.07955752067133452
72,3,10,150,54,0.16084022171949366
73,3,10,150,54,0.051960280791503534
74,3,10,150,54,0.0
75,3,10,150,54,0.11731968150568911
76,3,10,150,54,0.14804398249667974
77,3,10,150,54,0.45287742747371695
78,3,10,150,54,0.0
79,3,10,150,54,0.0
80,3,10,150,54,0.08297572808511901
81,3,10,150,54,0.0
82,3,10,150,54,0.08926877557705373
83,3,10,150,54,0.04630610387058298
84,3,10,150,54,0.0
85,3,10,150,54,0.06966660916502733
86,3,10,150,54,0.07738888769495082
87,3,10,150,54,0.10058161863664324
88,3,10,150,54,0.0
89,3,10,150,54,0.22860031301980846
90,3,10,150,54,0.18371373940702912
91,3,10,150,54,0.13114221140465185
92,3,10,150,54,0.0378353568287965
93,3,10,150,54,0.0
94,3,10,150,54,0.16590122447938271
95,3,10,150,54,0.061836172422412086
96,3,10,150,54,0.19186450284072096
97,3,10,150,54,0.09558339637123096
98,3,10,150,54,0.08878770367712427
99,3,10,150,54,0.029785542524894418
100,3,10,150,54,0.0892789338684584
101,3,10,150,54,0.0
102,3,10,150,54,0.026001814664123827
103,3,10,150,54,0.07673373981757839
104,3,10,150,54,0.12171451575741458
106,3,10,150,54,0.05261577455142312
107,3,10,150,54,0.0
108,3,10,150,54,0.0
109,3,10,150,54,0.11259960483764554
110,3,10,150,54,0.039667414566743345
111,3,10,150,54,0.0
112,3,10,150,54,0.06510475888148554
113,3,10,150,54,0.05449144662575446
114,3,10,150,54,0.07610811271330754
115,3,10,150,54,0.046806851959664796
116,3,10,150,54,0.07814915695077672
117,3,10,150,54,0.10135360124281675
118,3,10,150,54,0.0
119,3,10,150,54,0.06127983274634642
121,3,10,150,54,0.06245141164382474
122,3,10,150,54,0.03984598490051017
123,3,10,150,54,0.46927872602275644
124,3,10,150,54,0.10889376106823218
125,3,10,150,54,0.1350308091592608
126,3,10,150,54,0.0
127,3,10,150,54,0.0
128,3,10,150,54,0.027576277569513717
129,3,10,150,54,0.0
130,3,10,150,54,0.08034382158496219
131,3,10,150,54,0.2803335894048546
132,3,10,150,54,0.09109240322345806
133,3,10,150,54,0.0
134,3,10,150,54,0.0
135,3,10,150,54,0.0
136,3,10,150,54,0.40257390286801836
137,3,10,150,54,0.0
138,3,10,150,54,0.21222747957761057
139,3,10,150,54,0.0
140,3,10,150,54,0.0
141,3,10,150,54,0.15194751309721466
142,3,10,150,54,0.30260241349881345
143,3,10,150,54,0.0
144,3,10,150,54,0.19201969646868908
145,3,10,150,54,0.06384607724228114
146,3,10,150,54,0.0
147,3,10,150,54,0.07610811271330754
148,3,10,150,54,0.042512356679180144
149,3,10,150,54,0.05446824630887794
150,3,10,150,54,0.0
151,3,10,150,54,0.1467394379667669
152,3,10,150,54,0.026230448379684728
153,3,10,150,54,0.06516188295518531
154,3,10,150,54,0.055100238151135045
155,3,10,150,54,0.0
156,3,10,150,54,0.07028063830038406
157,3,10,150,54,0.0
158,3,10,150,54,0.055805240881847164
159,3,10,150,54,0.11026617795298452
160,3,10,150,54,0.060934076158944916
161,3,10,150,54,0.0
162,3,10,150,54,0.0
163,3,10,150,54,0.0
164,3,10,150,54,0.0
165,3,10,150,54,0.09149012142095872
166,3,10,150,54,0.0
167,3,10,150,54,0.03395822402998728
168,3,10,150,54,0.0
169,3,10,150,54,0.055427457405235275
170,3,10,150,54,0.0
171,3,10,150,54,0.0
172,3,10,150,54,0.0
173,3,10,150,54,0.0
174,3,10,150,54,0.05481171384122219
175,3,10,150,54,0.4413254197204702
176,3,10,150,54,0.0347693136731627
177,3,10,150,54,0.0
178,3,10,150,54,0.18053947820976404
179,3,10,150,54,0.06599888514927177
180,3,10,150,54,0.0
181,3,10,150,54,0.035179932205858425
182,3,10,150,54,0.13120507751234178
183,3,10,150,54,0.0
184,3,10,150,54,0.0
185,3,10,150,54,0.0
186,3,10,150,54,0.0
187,3,10,150,54,0.2004102107997965
188,3,10,150,54,0.026527518023781966
189,3,10,150,54,0.22982757951573698
190,3,10,150,54,0.0
191,3,10,150,54,0.07335312372354855
192,3,10,150,54,0.0
193,3,10,150,54,0.0
194,3,10,150,54,0.052577940589851685
195,3,10,150,54,0.10257737475069033
196,3,10,150,54,0.17342765698823945
197,3,10,150,54,0.07304192939088519
198,3,10,150,54,0.10387325901274824
199,3,10,150,54,0.0
200,3,10,150,54,0.0971420957831845
201,3,10,150,54,0.17795596620683152
202,3,10,150,54,0.0
203,3,10,150,54,0.0
204,3,10,150,54,0.0
205,3,10,150,54,0.11600766930798434
206,3,10,150,54,0.0
207,3,10,150,54,0.07922167747488142
208,3,10,150,54,0.0
209,3,10,150,54,0.070675417981692
210,3,10,150,54,0.0
211,3,10,150,54,0.0
212,3,10,150,54,0.0559167101555819
213,3,10,150,54,0.08985507164305877
214,3,10,150,54,0.1257260924843343
215,3,10,150,54,0.157288596461893
216,3,10,150,54,0.27735230728218535
217,3,10,150,54,0.13000004444613666
218,3,10,150,54,0.06323567569191428
219,3,10,150,54,0.0
220,3,10,150,54,0.07807600999842033
221,3,10,150,54,0.12213234467515617
222,3,10,150,54,0.1483732210811898
223,3,10,150,54,0.039270700903099615
224,3,10,150,54,0.0
225,3,10,150,54,0.0
226,3,10,150,54,0.0
227,3,10,150,54,0.0
229,3,10,150,54,0.0
230,3,10,150,54,0.10228729060357176
231,3,10,150,54,0.0
232,3,10,150,54,0.0
233,3,10,150,54,0.15206723475089307
234,3,10,150,54,0.10814005617825746
235,3,10,150,54,0.08312042273022706
236,3,10,150,54,0.12127042983235181
237,3,10,150,54,0.04776398023609584
238,3,10,150,54,0.0
239,3,10,150,54,0.12691627784085696
240,3,10,150,54,0.10235170428306553
241,3,10,150,54,0.1381300260171807
242,3,10,150,54,0.0
243,3,10,150,54,0.0
244,3,10,150,54,0.1324362264265921
245,3,10,150,54,0.0
246,3,10,150,54,0.08356426880363813
247,3,10,150,54,0.15642624200758548
248,3,10,150,54,0.23451355966072135
249,3,10,150,54,0.3041992014465808
250,3,10,150,54,0.07806699296748765
251,3,10,150,54,0.0
252,3,10,150,54,0.0
253,3,10,150,54,0.0
254,3,10,150,54,0.036502603141236205
255,3,10,150,54,0.10933464083642679
256,3,10,150,54,0.04856627791226961
257,3,10,150,54,0.12830873359117523
258,3,10,150,54,0.0
259,3,10,150,54,0.0
260,3,10,150,54,0.0
261,3,10,150,54,0.0
262,3,10,150,54,0.0
263,3,10,150,54,0.32837769821077345
264,3,10,150,54,0.2969281197911131
265,3,10,150,54,0.19802572813668026
266,3,10,150,54,0.0
267,3,10,150,54,0.21076490690365068
268,3,10,150,54,0.10827784002385153
269,3,10,150,54,0.040019695500760184
270,3,10,150,54,0.0
271,3,10,150,54,0.10729393508609222
272,3,10,150,54,0.05334621352524345
273,3,10,150,54,0.0
274,3,10,150,54,0.0
275,3,10,150,54,0.0
276,3,10,150,54,0.22119998770953656
277,3,10,150,54,0.0
278,3,10,150,54,0.0
279,3,10,150,54,0.1159336169556721
280,3,10,150,54,0.07316593591075989
281,3,10,150,54,0.0
282,3,10,150,54,0.09659953929285248
283,3,10,150,54,0.0
284,3,10,150,54,0.0
285,3,10,150,54,0.0
286,3,10,150,54,0.016140534521312585
287,3,10,150,54,0.0
288,3,10,150,54,0.13999259891013252
289,3,10,150,54,0.0
290,3,10,150,54,0.09647783930421741
291,3,10,150,54,0.16463925224833492
292,3,10,150,54,0.27665227928348557
293,3,10,150,54,0.026888145069522296
294,3,10,150,54,0.07456347221081044
295,3,10,150,54,0.12123998403830039
296,3,10,150,54,0.1313923743616208
297,3,10,150,54,0.030868393892711742
298,3,10,150,54,0.13814728270261697
299,3,10,150,54,0.06251231174305825
300,3,10,150,54,0.0
301,3,10,150,54,0.1296575124303738
302,3,10,150,54,0.07335312372354855
303,3,10,150,54,0.19833476386206247
304,3,10,150,54,0.0
305,3,10,150,54,0.05428021340641747
306,3,10,150,54,0.0
307,3,10,150,54,0.13128644747266613
308,3,10,150,54,0.03208854064498582
309,3,10,150,54,0.0
310,3,10,150,54,0.2890648263178879
311,3,10,150,54,0.17512035582237062
312,3,10,150,54,0.16963857451199318
313,3,10,150,54,0.09586943528179451
314,3,10,150,54,0.10507089418815024
315,3,10,150,54,0.09785159463516042
316,3,10,150,54,0.06076546216996844
317,3,10,150,54,0.0
318,3,10,150,54,0.07377376675297492
319,3,10,150,54,0.0
320,3,10,150,54,0.08947300054212491
321,3,10,150,54,0.08223795175588802
322,3,10,150,54,0.07955752067133452
323,3,10,150,54,0.12229181918924699
324,3,10,150,54,0.0
325,3,10,150,54,0.0
326,3,10,150,54,0.10817904857938596
327,3,10,150,54,0.0
328,3,10,150,54,0.11126818073657672
329,3,10,150,54,0.056720838976548935
330,3,10,150,54,0.3028509129070748
331,3,10,150,54,0.0
332,3,10,150,54,0.09937017023483655
333,3,10,150,54,0.0
334,3,10,150,54,0.11841050458513129
335,3,10,150,54,0.0
336,3,10,150,54,0.0
337,3,10,150,54,0.16908993508344605
338,3,10,150,54,0.04358896759704514
339,3,10,150,54,0.1856477756884163
340,3,10,150,54,0.12647135138382856
341,3,10,150,54,0.0
342,3,10,150,54,0.11944501566498536
343,3,10,150,54,0.32643978915107913
344,3,10,150,54,0.13804010954782428
345,3,10,150,54,0.1302817386077542
346,3,10,150,54,0.10809528579756168
347,3,10,150,54,0.09642724089192412
348,3,10,150,54,0.0
349,3,10,150,54,0.07123530534387781
350,3,10,150,54,0.2314071217459096
351,3,10,150,54,0.0
352,3,10,150,54,0.16282653392890226
353,3,10,150,54,0.09489642549953911
354,3,10,150,54,0.033699515540238464
355,3,10,150,54,0.0
356,3,10,150,54,0.0
357,3,10,150,54,0.0
358,3,10,150,54,0.26730206653594746
359,3,10,150,54,0.14341929980357182
360,3,10,150,54,0.10496459329418281
361,3,10,150,54,0.0
362,3,10,150,54,0.0
363,3,10,150,54,0.1867805234163032
364,3,10,150,54,0.0
365,3,10,150,54,0.0989084497079971
366,3,10,150,54,0.10684080426179023
367,3,10,150,54,0.1410054764628891
368,3,10,150,54,0.0
369,3,10,150,54,0.0
370,3,10,150,54,0.045683428159663184
371,3,10,150,54,0.09892739847751293
372,3,10,150,54,0.10673919722548196
373,3,10,150,54,0.18128610071101886
374,3,10,150,54,0.1523273086076386
375,3,10,150,54,0.0
376,3,10,150,54,0.0
377,3,10,150,54,0.053168340515114924
378,3,10,150,54,0.06374120865960795
379,3,10,150,54,0.13557533657177168
380,3,10,150,54,0.0
381,3,10,150,54,0.08294243278442993
382,3,10,150,54,0.07847428227110642
383,3,10,150,54,0.0
384,3,10,150,54,0.08759200575528697
385,3,10,150,54,0.1546778125427113
386,3,10,150,54,0.0
387,3,10,150,54,0.03814967334348895
388,3,10,150,54,0.029785542524894418
389,3,10,150,54,0.13183633031089573
390,3,10,150,54,0.21398626473452756
391,3,10,150,54,0.2558645268575362
392,3,10,150,54,0.06327372362257774
393,3,10,150,54,0.15706820238820773
394,3,10,150,54,0.12900206501129066
395,3,10,150,54,0.09286934188709499
396,3,10,150,54,0.0
397,3,10,150,54,0.10643931441962817
398,3,10,150,54,0.12204637821038242
399,3,10,150,54,0.026210848807130666
400,3,10,150,54,0.0
401,3,10,150,54,0.0
402,3,10,150,54,0.469779625693621
403,3,10,150,54,0.0
404,3,10,150,54,0.0
405,3,10,150,54,0.2344896982186826
406,3,10,150,54,0.15708512037775954
407,3,10,150,54,0.07343764708220529
408,3,10,150,54,0.12083071655728543
409,3,10,150,54,0.15086419336317547
410,3,10,150,54,0.0
411,3,10,150,54,0.1128999930808451
412,3,10,150,54,0.0
413,3,10,150,54,0.10122860821230018
414,3,10,150,54,0.0
415,3,10,150,54,0.07605458145297357
416,3,10,150,54,0.30653546217773153
417,3,10,150,54,0.06836254456348166
418,3,10,150,54,0.07001560573318603
419,3,10,150,54,0.2098021491169666
420,3,10,150,54,0.0527075128660253
421,3,10,150,54,0.202729931306865
422,3,10,150,54,0.0
423,3,10,150,54,0.0
424,3,10,150,54,0.13291000263869587
425,3,10,150,54,0.0
426,3,10,150,54,0.10004388309532918
427,3,10,150,54,0.0
428,3,10,150,54,0.0
429,3,10,150,54,0.16601084410208053
430,3,10,150,54,0.062242588308449316
431,3,10,150,54,0.0
432,3,10,150,54,0.0
433,3,10,150,54,0.0
434,3,10,150,54,0.25803884452092735
435,3,10,150,54,0.2594021706335517
436,3,10,150,54,0.09291494561763272
437,3,10,150,54,0.045834766211727156
438,3,10,150,54,0.0
439,3,10,150,54,0.0
440,3,10,150,54,0.10025741859697787
441,3,10,150,54,0.0
442,3,10,150,54,0.058478916078390675
443,3,10,150,54,0.056720838976548935
444,3,10,150,54,0.19519002499605084
445,3,10,150,54,0.0
446,3,10,150,54,0.0
447,3,10,150,54,0.09914294517496557
448,3,10,150,54,0.0
449,3,10,150,54,0.0
450,3,10,150,54,0.34044754782745573
451,3,10,150,54,0.0
452,3,10,150,54,0.048188247044562364
453,3,10,150,54,0.13392124957971085
454,3,10,150,54,0.0
455,3,10,150,54,0.1760702282199838
456,3,10,150,54,0.1460656477765485
457,3,10,150,54,0.4467796412973421
458,3,10,150,54,0.12059750656999586
459,3,10,150,54,0.04901586605894737
460,3,10,150,54,0.0
461,3,10,150,54,0.10778915452451093
462,3,10,150,54,0.16728714615527887
463,3,10,150,54,0.1032589365938857
464,3,10,150,54,0.04931346192675315
465,3,10,150,54,0.0733934381893728
466,3,10,150,54,0.0750834162528243
467,3,10,150,54,0.032842167909375275
468,3,10,150,54,0.4424763580282471
469,3,10,150,54,0.050924439617225085
470,3,10,150,54,0.040162930685297936
471,3,10,150,54,0.0
472,3,10,150,54,0.302025925553468
473,3,10,150,54,0.050005013043213774
474,3,10,150,54,0.3563567380847063
475,3,10,150,54,0.0
476,3,10,150,54,0.12097589732794561
477,3,10,150,54,0.0
478,3,10,150,54,0.2059565668593519
479,3,10,150,54,0.07893633843817272
480,3,10,150,54,0.0881980292211471
481,3,10,150,54,0.05234104579082298
482,3,10,150,54,0.10209739512291163
483,3,10,150,54,0.06194403202282284
484,3,10,150,54,0.27714485683696083
485,3,10,150,54,0.0
486,3,10,150,54,0.06108300840136219
487,3,10,150,54,0.122793264893424
488,3,10,150,54,0.05887472794707303
489,3,10,150,54,0.0
490,3,10,150,54,0.06490403551612171
491,3,10,150,54,0.17758207479178334
492,3,10,150,54,0.08328180879069912
493,3,10,150,54,0.23552414445241532
494,3,10,150,54,0.11299367690705851
495,3,10,150,54,0.1059707640356095
496,3,10,150,54,0.07271211160102074
497,3,10,150,54,0.028456617285084775
498,3,10,150,54,0.0343217267714905
499,3,10,150,54,0.11352658248311334
500,3,10,150,54,0.04817547739741836
501,3,10,150,54,0.0
502,3,10,150,54,0.0
503,3,10,150,54,0.23688393797410975
504,3,10,150,54,0.09304839557242275
505,3,10,150,54,0.025255271126572616
506,3,10,150,54,0.14401053342583545
507,3,10,150,54,0.0
508,3,10,150,54,0.17050987036516796
509,3,10,150,54,0.0
510,3,10,150,54,0.17032928501352598
511,3,10,150,54,0.12155021559723776
512,3,10,150,54,0.0
513,3,10,150,54,0.05276490902632437
514,3,10,150,54,0.22668295337767055
515,3,10,150,54,0.0
516,3,10,150,54,0.07947838320659593
517,3,10,150,54,0.03859643636257609
518,3,10,150,54,0.05268083714989503
519,3,10,150,54,0.0
520,3,10,150,54,0.0
521,3,10,150,54,0.07649261318048692
522,3,10,150,54,0.16542389351858164
523,3,10,150,54,0.1705239552439998
524,3,10,150,54,0.053177166651021006
525,3,10,150,54,0.06516045994396072
526,3,10,150,54,0.03112959369469351
527,3,10,150,54,0.21068702285875093
528,3,10,150,54,0.1255942414278791
529,3,10,150,54,0.03208343640786788
530,3,10,150,54,0.0
531,3,10,150,54,0.0
532,3,10,150,54,0.20831144297388662
533,3,10,150,54,0.15806406763686923
534,3,10,150,54,0.10040759964046686
535,3,10,150,54,0.23434168323717464
536,3,10,150,54,0.1568966985754741
537,3,10,150,54,0.3822141092878898
538,3,10,150,54,0.09944592215223559
539,3,10,150,54,0.04851068933953057
540,3,10,150,54,0.0
541,3,10,150,54,0.06337469398538446
542,3,10,150,54,0.04294079226347803
543,3,10,150,54,0.0
544,3,10,150,54,0.0
545,3,10,150,54,0.16479137793293933
546,3,10,150,54,0.10441409560474312
547,3,10,150,54,0.04528995543568932
548,3,10,150,54,0.07245220774613666
549,3,10,150,54,0.10184659627402569
550,3,10,150,54,0.0845667599404342
551,3,10,150,54,0.2522714278028129
552,3,10,150,54,0.0
553,3,10,150,54,0.13528660262448355
554,3,10,150,54,0.0
555,3,10,150,54,0.037070343480771185
556,3,10,150,54,0.2848749592866812
557,3,10,150,54,0.044530079137671444
558,3,10,150,54,0.21398626473452756
559,3,10,150,54,0.07557866567222271
560,3,10,150,54,0.11942337490935596
561,3,10,150,54,0.08472126973820006
562,3,10,150,54,0.1104306301470049
563,3,10,150,54,0.10791970824616881
564,3,10,150,54,0.0
565,3,10,150,54,0.17360338152027138
566,3,10,150,54,0.11935234359120704
567,3,10,150,54,0.334379276744735
568,3,10,150,54,0.07161318866452264
569,3,10,150,54,0.023835426911994775
570,3,10,150,54,0.0
571,3,10,150,54,0.0512644431393966
572,3,10,150,54,0.30260241349881345
573,3,10,150,54,0.0
574,3,10,150,54,0.0
575,3,10,150,54,0.13043262693172047
576,3,10,150,54,0.0
577,3,10,150,54,0.21488738360722148
578,3,10,150,54,0.0
579,3,10,150,54,0.06152644703210656
580,3,10,150,54,0.03144137376097698
581,3,10,150,54,0.0
582,3,10,150,54,0.06679511870650716
583,3,10,150,54,0.0874717141014082
584,3,10,150,54,0.20261715588288354
585,3,10,150,54,0.042225550968526857
586,3,10,150,54,0.07786433646371105
587,3,10,150,54,0.0
588,3,10,150,54,0.2569747656295998
589,3,10,150,54,0.0
590,3,10,150,54,0.17154483744357613
591,3,10,150,54,0.08651464973019597
592,3,10,150,54,0.3217737461731071
593,3,10,150,54,0.12925097161597016
594,3,10,150,54,0.0
595,3,10,150,54,0.055965373307784824
596,3,10,150,54,0.09803928583135704
597,3,10,150,54,0.0
598,3,10,150,54,0.0
599,3,10,150,54,0.02506539947940475
600,3,10,150,54,0.13574631165894233
601,3,10,150,54,0.14211358471763572
602,3,10,150,54,0.041278922835426404
603,3,10,150,54,0.12541207695631323
604,3,10,150,54,0.0
605,3,10,150,54,0.15136987527520723
606,3,10,150,54,0.37432844964620454
607,3,10,150,54,0.0308875359117713
608,3,10,150,54,0.24752489199399247
609,3,10,150,54,0.0
610,3,10,150,54,0.08443863559321411
611,3,10,150,54,0.08619391645113321
612,3,10,150,54,0.09162544430476362
613,3,10,150,54,0.1652462050665711
614,3,10,150,54,0.1467868763787456
615,3,10,150,54,0.14155559941296994
616,3,10,150,54,0.030480958763669998
617,3,10,150,54,0.038287076928437726
618,3,10,150,54,0.09918357649275318
619,3,10,150,54,0.13379581792476064
620,3,10,150,54,0.207826427857141
621,3,10,150,54,0.10642822759432585
622,3,10,150,54,0.20379193152538344
623,3,10,150,54,0.04214302778527282
624,3,10,150,54,0.019878526386661412
625,3,10,150,54,0.06672272773479279
626,3,10,150,54,0.0
627,3,10,150,54,0.12639084672059347
628,3,10,150,54,0.0
629,3,10,150,54,0.24987047482761401
630,3,10,150,54,0.10834532177911152
631,3,10,150,54,0.13449792459172438
632,3,10,150,54,0.06934269739950429
633,3,10,150,54,0.050456115328747164
634,3,10,150,54,0.09814859631676129
635,3,10,150,54,0.0
636,3,10,150,54,0.3615974840572412
637,3,10,150,54,0.02898066279104336
638,3,10,150,54,0.05152901435389809
639,3,10,150,54,0.0
640,3,10,150,54,0.14971838572911914
641,3,10,150,54,0.051358492238643604
642,3,10,150,54,0.33089395863461624
643,3,10,150,54,0.2833226865619892
644,3,10,150,54,0.0
645,3,10,150,54,0.16338171596108064
646,3,10,150,54,0.11243817952384734
647,3,10,150,54,0.06590268968688952
648,3,10,150,54,0.29598306214862224
649,3,10,150,54,0.0
650,3,10,150,54,0.12362937194381497
651,3,10,150,54,0.0
652,3,10,150,54,0.0
653,3,10,150,54,0.1273831021210631
654,3,10,150,54,0.06593794527730235
655,3,10,150,54,0.42441325356347037
656,3,10,150,54,0.0
657,3,10,150,54,0.2504953915210566
658,3,10,150,54,0.08499291210154789
659,3,10,150,54,0.1307830966393752
660,3,10,150,54,0.013033515756937411
661,3,10,150,54,0.16982806295068034
662,3,10,150,54,0.0
663,3,10,150,54,0.12340956171230297
664,3,10,150,54,0.3056742870233666
665,3,10,150,54,0.036779644289658804
666,3,10,150,54,0.14064303562258798
667,3,10,150,54,0.10252914961543841
668,3,10,150,54,0.0
669,3,10,150,54,0.19588788032265295
670,3,10,150,54,0.0
671,3,10,150,54,0.19386142581938012
672,3,10,150,54,0.07973520350569015
673,3,10,150,54,0.0
674,3,10,150,54,0.0
675,3,10,150,54,0.0382580635535654
676,3,10,150,54,0.22358931366364498
677,3,10,150,54,0.10158983531347915
678,3,10,150,54,0.0
679,3,10,150,54,0.16417658872889113
680,3,10,150,54,0.0
681,3,10,150,54,0.0
682,3,10,150,54,0.3027109010834956
683,3,10,150,54,0.045215225629604006
684,3,10,150,54,0.03158850394477252
685,3,10,150,54,0.1287302100364524
686,3,10,150,54,0.15669346910555695
687,3,10,150,54,0.0
688,3,10,150,54,0.0
689,3,10,150,54,0.37279254620421465
690,3,10,150,54,0.24802939400095458
691,3,10,150,54,0.6023709850354425
692,3,10,150,54,0.03353522641880846
693,3,10,150,54,0.050070083364497364
694,3,10,150,54,0.22715893341187782
695,3,10,150,54,0.02951022367272685
696,3,10,150,54,0.08111636357522063
697,3,10,150,54,0.06832568397816181
698,3,10,150,54,0.0
699,3,10,150,54,0.06103662397945015
700,3,10,150,54,0.0
701,3,10,150,54,0.0906790485156717
702,3,10,150,54,0.0
703,3,10,150,54,0.21888235022994418
704,3,10,150,54,0.1837388566713383
705,3,10,150,54,0.21784392679370396
706,3,10,150,54,0.0
707,3,10,150,54,0.28497140348066075
708,3,10,150,54,0.03476299583640518
709,3,10,150,54,0.14143393670228208
710,3,10,150,54,0.25040922491354684
711,3,10,150,54,0.22434266954788712
712,3,10,150,54,0.08403474634344592
713,3,10,150,54,0.0
714,3,10,150,54,0.09998274523051486
715,3,10,150,54,0.19366436317842714
716,3,10,150,54,0.29591619760449606
717,3,10,150,54,0.08455030681958395
718,3,10,150,54,0.0
719,3,10,150,54,0.10353175087921149
720,3,10,150,54,0.0
721,3,10,150,54,0.07530629487686889
722,3,10,150,54,0.07401896317743158
723,3,10,150,54,0.0
724,3,10,150,54,0.0
725,3,10,150,54,0.0
726,3,10,150,54,0.061080020762274374
727,3,10,150,54,0.09465575912270992
728,3,10,150,54,0.0
729,3,10,150,54,0.0
730,3,10,150,54,0.0
731,3,10,150,54,0.1935015812983906
732,3,10,150,54,0.05717828980196049
733,3,10,150,54,0.020730875129846955
734,3,10,150,54,0.08131766139183766
735,3,10,150,54,0.08151055815578559
736,3,10,150,54,0.047009109882897075
737,3,10,150,54,0.12127716502890909
738,3,10,150,54,0.09907057054543131
739,3,10,150,54,0.18767092572990207
740,3,10,150,54,0.0523780734795101
741,3,10,150,54,0.0787396033907249
742,3,10,150,54,0.0527075128660253
743,3,10,150,54,0.1194783875505714
744,3,10,150,54,0.0
745,3,10,150,54,0.06774344219296054
746,3,10,150,54,0.24124954544361757
747,3,10,150,54,0.22636639856026336
748,3,10,150,54,0.04132344798443041
749,3,10,150,54,0.35712314252383737
750,3,10,150,54,0.18000575664763457
751,3,10,150,54,0.05059789125164855
752,3,10,150,54,0.08155432360208091
753,3,10,150,54,0.04072612696308379
754,3,10,150,54,0.0
755,3,10,150,54,0.0
756,3,10,150,54,0.044143057780823704
757,3,10,150,54,0.1088815023385917
758,3,10,150,54,0.22316118516701947
759,3,10,150,54,0.0
760,3,10,150,54,0.16006374561654185
761,3,10,150,54,0.17663858756688974
762,3,10,150,54,0.0
763,3,10,150,54,0.10697348874072295
764,3,10,150,54,0.04710969775183564
765,3,10,150,54,0.0966785411876802
766,3,10,150,54,0.03563675426196423
767,3,10,150,54,0.1269544353559099
768,3,10,150,54,0.07551306595853473
769,3,10,150,54,0.0
770,3,10,150,54,0.18348359547343202
771,3,10,150,54,0.051111361357474266
772,3,10,150,54,0.038996699933076286
773,3,10,150,54,0.14052732258781897
774,3,10,150,54,0.0
775,3,10,150,54,0.0
776,3,10,150,54,0.024267484090652828
777,3,10,150,54,0.0
778,3,10,150,54,0.08961728720334347
779,3,10,150,54,0.0
780,3,10,150,54,0.12311997034702767
781,3,10,150,54,0.12572447169101508
782,3,10,150,54,0.0
783,3,10,150,54,0.0
784,3,10,150,54,0.04582425041433568
785,3,10,150,54,0.2848262604068979
786,3,10,150,54,0.13901223847985233
787,3,10,150,54,0.0
788,3,10,150,54,0.04839046976833963
789,3,10,150,54,0.14531023848228133
790,3,10,150,54,0.07123716589548494
791,3,10,150,54,0.059480024314918285
792,3,10,150,54,0.0946587791577201
793,3,10,150,54,0.11843263243420837
794,3,10,150,54,0.1578863001786244
795,3,10,150,54,0.06886690743551852
796,3,10,150,54,0.09012220897835264
797,3,10,150,54,0.13905617951077562
798,3,10,150,54,0.013788754828346865
799,3,10,150,54,0.2836929289153804
800,3,10,150,54,0.0
801,3,10,150,54,0.0
802,3,10,150,54,0.05621908976192367
803,3,10,150,54,0.0
804,3,10,150,54,0.25124009010543896
805,3,10,150,54,0.140114650025146
806,3,10,150,54,0.08516241029898401
807,3,10,150,54,0.18716126069796726
808,3,10,150,54,0.0
809,3,10,150,54,0.0
810,3,10,150,54,0.0
811,3,10,150,54,0.0
812,3,10,150,54,0.11600766930798434
813,3,10,150,54,0.06916902856231065
814,3,10,150,54,0.054181637470214
815,3,10,150,54,0.10380674919178415
816,3,10,150,54,0.10105367325027378
817,3,10,150,54,0.0
818,3,10,150,54,0.0
819,3,10,150,54,0.0
820,3,10,150,54,0.12262943855309168
821,3,10,150,54,0.053168340515114924
822,3,10,150,54,0.0
823,3,10,150,54,0.10148718580906937
824,3,10,150,54,0.0
825,3,10,150,54,0.16434089815347858
826,3,10,150,54,0.1104586032397152
827,3,10,150,54,0.0
828,3,10,150,54,0.0
829,3,10,150,54,0.08143169212679746
830,3,10,150,54,0.13003750163762204
831,3,10,150,54,0.04522637401768292
832,3,10,150,54,0.0
833,3,10,150,54,0.05828935682373833
834,3,10,150,54,0.0
835,3,10,150,54,0.131093662595089
836,3,10,150,54,0.05097554749895306
837,3,10,150,54,0.05351287869030783
838,3,10,150,54,0.08633629724227374
839,3,10,150,54,0.0
840,3,10,150,54,0.127473004222534
841,3,10,150,54,0.0
842,3,10,150,54,0.0
843,3,10,150,54,0.04209275315645388
844,3,10,150,54,0.0
845,3,10,150,54,0.0
846,3,10,150,54,0.11662703350603346
847,3,10,150,54,0.0
848,3,10,150,54,0.03618657486793958
849,3,10,150,54,0.0
850,3,10,150,54,0.06228974831361337
851,3,10,150,54,0.2277008805972924
852,3,10,150,54,0.07256783117062009
853,3,10,150,54,0.0
854,3,10,150,54,0.0
855,3,10,150,54,0.0
856,3,10,150,54,0.0
857,3,10,150,54,0.0
858,3,10,150,54,0.0
859,3,10,150,54,0.0
860,3,10,150,54,0.0
861,3,10,150,54,0.12754356661958802
862,3,10,150,54,0.1014543205029727
863,3,10,150,54,0.0
864,3,10,150,54,0.19756506460263396
865,3,10,150,54,0.0
866,3,10,150,54,0.0
867,3,10,150,54,0.13120507751234178
868,3,10,150,54,0.0
870,3,10,150,54,0.0
871,3,10,150,54,0.0
872,3,10,150,54,0.0
875,3,10,150,54,0.1395953738647505
876,3,10,150,54,0.0
877,3,10,150,54,0.0
1,3,10,150,55,0.6247579375131872
2,3,10,150,55,0.10688238502350729
3,3,10,150,55,0.0
4,3,10,150,55,0.0
5,3,10,150,55,0.0819283960923954
6,3,10,150,55,0.05340978172012693
7,3,10,150,55,0.16699838867153885
8,3,10,150,55,0.0554835367217868
9,3,10,150,55,0.0
10,3,10,150,55,0.16409920264511527
11,3,10,150,55,0.049016076581777215
12,3,10,150,55,0.04822019817866397
13,3,10,150,55,0.19194663347467186
14,3,10,150,55,0.05601843521033356
15,3,10,150,55,0.0
16,3,10,150,55,0.1653353975675179
17,3,10,150,55,0.12066394366711926
18,3,10,150,55,0.16957655256734583
19,3,10,150,55,0.0
20,3,10,150,55,0.14530105135237878
21,3,10,150,55,0.03475017269886857
22,3,10,150,55,0.11981100844986925
23,3,10,150,55,0.18360000301566626
24,3,10,150,55,0.311062094929455
25,3,10,150,55,0.0
26,3,10,150,55,0.0
28,3,10,150,55,0.0
29,3,10,150,55,0.0
30,3,10,150,55,0.0979129253499678
31,3,10,150,55,0.06076546216996844
32,3,10,150,55,0.0
33,3,10,150,55,0.0
34,3,10,150,55,0.0
35,3,10,150,55,0.07108348368841133
37,3,10,150,55,0.0488929053971083
38,3,10,150,55,0.03215366848272267
39,3,10,150,55,0.0
40,3,10,150,55,0.0
41,3,10,150,55,0.0
42,3,10,150,55,0.14144963799422255
43,3,10,150,55,0.2516718289406818
44,3,10,150,55,0.07698159974258616
45,3,10,150,55,0.04505000432618384
46,3,10,150,55,0.2524329124868603
47,3,10,150,55,0.0
48,3,10,150,55,0.14225564083314088
49,3,10,150,55,0.08545966314334597
50,3,10,150,55,0.0
51,3,10,150,55,0.18953836965473142
52,3,10,150,55,0.04892579731758021
53,3,10,150,55,0.09546043308946733
54,3,10,150,55,0.07984133538066794
55,3,10,150,55,0.0
56,3,10,150,55,0.03975645576081676
57,3,10,150,55,0.0
58,3,10,150,55,0.10796876451088402
59,3,10,150,55,0.1825401339226324
60,3,10,150,55,0.12123807080432077
61,3,10,150,55,0.0
62,3,10,150,55,0.03806940785769845
63,3,10,150,55,0.03554915059547175
64,3,10,150,55,0.0
65,3,10,150,55,0.2994759515353249
66,3,10,150,55,0.0
67,3,10,150,55,0.0
68,3,10,150,55,0.0
69,3,10,150,55,0.11503055012584398
70,3,10,150,55,0.0
71,3,10,150,55,0.07955752067133452
72,3,10,150,55,0.16084022171949366
73,3,10,150,55,0.051960280791503534
74,3,10,150,55,0.0
75,3,10,150,55,0.11731968150568911
76,3,10,150,55,0.14804398249667974
77,3,10,150,55,0.45287742747371695
78,3,10,150,55,0.0
79,3,10,150,55,0.0
80,3,10,150,55,0.08297572808511901
81,3,10,150,55,0.0
82,3,10,150,55,0.08926877557705373
83,3,10,150,55,0.04630610387058298
84,3,10,150,55,0.0
85,3,10,150,55,0.06966660916502733
86,3,10,150,55,0.07738888769495082
87,3,10,150,55,0.10058161863664324
88,3,10,150,55,0.0
89,3,10,150,55,0.22860031301980846
90,3,10,150,55,0.18371373940702912
91,3,10,150,55,0.13114221140465185
92,3,10,150,55,0.0373621069510076
93,3,10,150,55,0.0
94,3,10,150,55,0.16590122447938271
95,3,10,150,55,0.061836172422412086
96,3,10,150,55,0.19186450284072096
97,3,10,150,55,0.09558339637123096
98,3,10,150,55,0.08878770367712427
99,3,10,150,55,0.029785542524894418
100,3,10,150,55,0.0892789338684584
101,3,10,150,55,0.0
102,3,10,150,55,0.026001814664123827
103,3,10,150,55,0.07673373981757839
104,3,10,150,55,0.12171451575741458
106,3,10,150,55,0.05261577455142312
107,3,10,150,55,0.0
108,3,10,150,55,0.0
109,3,10,150,55,0.11259960483764554
110,3,10,150,55,0.039667414566743345
111,3,10,150,55,0.0
112,3,10,150,55,0.06510475888148554
113,3,10,150,55,0.05449144662575446
114,3,10,150,55,0.07610811271330754
115,3,10,150,55,0.046806851959664796
116,3,10,150,55,0.07814915695077672
117,3,10,150,55,0.10135360124281675
118,3,10,150,55,0.0
119,3,10,150,55,0.06127983274634642
121,3,10,150,55,0.06245141164382474
122,3,10,150,55,0.03984598490051017
123,3,10,150,55,0.46927872602275644
124,3,10,150,55,0.10889376106823218
125,3,10,150,55,0.1350308091592608
126,3,10,150,55,0.0
127,3,10,150,55,0.0
128,3,10,150,55,0.027576277569513717
129,3,10,150,55,0.0
130,3,10,150,55,0.08034382158496219
131,3,10,150,55,0.2803335894048546
132,3,10,150,55,0.1431991570830273
133,3,10,150,55,0.0
134,3,10,150,55,0.0
135,3,10,150,55,0.0
136,3,10,150,55,0.40257390286801836
137,3,10,150,55,0.0
138,3,10,150,55,0.21222747957761057
139,3,10,150,55,0.0
140,3,10,150,55,0.0
141,3,10,150,55,0.15194751309721466
142,3,10,150,55,0.30260241349881345
143,3,10,150,55,0.0
144,3,10,150,55,0.2143720535700613
145,3,10,150,55,0.06384607724228114
146,3,10,150,55,0.0
147,3,10,150,55,0.07610811271330754
148,3,10,150,55,0.042512356679180144
149,3,10,150,55,0.05446824630887794
150,3,10,150,55,0.0
151,3,10,150,55,0.1467394379667669
152,3,10,150,55,0.026230448379684728
153,3,10,150,55,0.06516188295518531
154,3,10,150,55,0.055100238151135045
155,3,10,150,55,0.0
156,3,10,150,55,0.07028063830038406
157,3,10,150,55,0.05840183867278569
158,3,10,150,55,0.055805240881847164
159,3,10,150,55,0.11026617795298452
160,3,10,150,55,0.060934076158944916
161,3,10,150,55,0.0
162,3,10,150,55,0.0
163,3,10,150,55,0.0
164,3,10,150,55,0.0
165,3,10,150,55,0.09149012142095872
166,3,10,150,55,0.0
167,3,10,150,55,0.03395822402998728
168,3,10,150,55,0.0
169,3,10,150,55,0.055427457405235275
170,3,10,150,55,0.0
171,3,10,150,55,0.0
172,3,10,150,55,0.0
173,3,10,150,55,0.0
174,3,10,150,55,0.05481171384122219
175,3,10,150,55,0.4413254197204702
176,3,10,150,55,0.0347693136731627
177,3,10,150,55,0.0
178,3,10,150,55,0.18053947820976404
179,3,10,150,55,0.06599888514927177
180,3,10,150,55,0.0
181,3,10,150,55,0.034739896746634934
182,3,10,150,55,0.13120507751234178
183,3,10,150,55,0.0
184,3,10,150,55,0.0
185,3,10,150,55,0.0
186,3,10,150,55,0.0
187,3,10,150,55,0.2004102107997965
188,3,10,150,55,0.026527518023781966
189,3,10,150,55,0.22982757951573698
190,3,10,150,55,0.0
191,3,10,150,55,0.07335312372354855
192,3,10,150,55,0.0
193,3,10,150,55,0.0
194,3,10,150,55,0.052577940589851685
195,3,10,150,55,0.10257737475069033
196,3,10,150,55,0.17342765698823945
197,3,10,150,55,0.07304192939088519
198,3,10,150,55,0.10387325901274824
199,3,10,150,55,0.052106753859569234
200,3,10,150,55,0.0971420957831845
201,3,10,150,55,0.18823820671245337
202,3,10,150,55,0.0
203,3,10,150,55,0.0
204,3,10,150,55,0.0
205,3,10,150,55,0.11600766930798434
206,3,10,150,55,0.0
207,3,10,150,55,0.07922167747488142
208,3,10,150,55,0.0
209,3,10,150,55,0.070675417981692
210,3,10,150,55,0.0
211,3,10,150,55,0.0
212,3,10,150,55,0.0559167101555819
213,3,10,150,55,0.08985507164305877
214,3,10,150,55,0.1257260924843343
215,3,10,150,55,0.157288596461893
216,3,10,150,55,0.27735230728218535
217,3,10,150,55,0.13000004444613666
218,3,10,150,55,0.06323567569191428
219,3,10,150,55,0.0
220,3,10,150,55,0.07807600999842033
221,3,10,150,55,0.12213234467515617
222,3,10,150,55,0.1483732210811898
223,3,10,150,55,0.039270700903099615
224,3,10,150,55,0.0
225,3,10,150,55,0.0
226,3,10,150,55,0.0
227,3,10,150,55,0.0
229,3,10,150,55,0.0
230,3,10,150,55,0.10228729060357176
231,3,10,150,55,0.0
232,3,10,150,55,0.0
233,3,10,150,55,0.15206723475089307
234,3,10,150,55,0.11929556374564508
235,3,10,150,55,0.08312042273022706
236,3,10,150,55,0.12127042983235181
237,3,10,150,55,0.04776398023609584
238,3,10,150,55,0.0
239,3,10,150,55,0.12691627784085696
240,3,10,150,55,0.10235170428306553
241,3,10,150,55,0.1381300260171807
242,3,10,150,55,0.0
243,3,10,150,55,0.0
244,3,10,150,55,0.1324362264265921
245,3,10,150,55,0.0
246,3,10,150,55,0.08356426880363813
247,3,10,150,55,0.15642624200758548
248,3,10,150,55,0.23451355966072135
249,3,10,150,55,0.3041992014465808
250,3,10,150,55,0.07806699296748765
251,3,10,150,55,0.0
252,3,10,150,55,0.0
253,3,10,150,55,0.0
254,3,10,150,55,0.036502603141236205
255,3,10,150,55,0.10933464083642679
256,3,10,150,55,0.04856627791226961
257,3,10,150,55,0.12830873359117523
258,3,10,150,55,0.0
259,3,10,150,55,0.0
260,3,10,150,55,0.0
261,3,10,150,55,0.0
262,3,10,150,55,0.0
263,3,10,150,55,0.32837769821077345
264,3,10,150,55,0.2969281197911131
265,3,10,150,55,0.19802572813668026
266,3,10,150,55,0.0
267,3,10,150,55,0.21076490690365068
268,3,10,150,55,0.10827784002385153
269,3,10,150,55,0.040019695500760184
270,3,10,150,55,0.0
271,3,10,150,55,0.10729393508609222
272,3,10,150,55,0.05334621352524345
273,3,10,150,55,0.0
274,3,10,150,55,0.0
275,3,10,150,55,0.0
276,3,10,150,55,0.21843318765993933
277,3,10,150,55,0.0
278,3,10,150,55,0.0
279,3,10,150,55,0.1144835032352132
280,3,10,150,55,0.07316593591075989
281,3,10,150,55,0.0
282,3,10,150,55,0.09659953929285248
283,3,10,150,55,0.0
284,3,10,150,55,0.0
285,3,10,150,55,0.0
286,3,10,150,55,0.016140534521312585
287,3,10,150,55,0.0
288,3,10,150,55,0.13999259891013252
289,3,10,150,55,0.0
290,3,10,150,55,0.09647783930421741
291,3,10,150,55,0.16463925224833492
292,3,10,150,55,0.27665227928348557
293,3,10,150,55,0.039886242726549496
294,3,10,150,55,0.07456347221081044
295,3,10,150,55,0.12123998403830039
296,3,10,150,55,0.1313923743616208
297,3,10,150,55,0.030868393892711742
298,3,10,150,55,0.13814728270261697
299,3,10,150,55,0.06251231174305825
300,3,10,150,55,0.0
301,3,10,150,55,0.1296575124303738
302,3,10,150,55,0.07335312372354855
303,3,10,150,55,0.19585396519578502
304,3,10,150,55,0.0
305,3,10,150,55,0.05428021340641747
306,3,10,150,55,0.0
307,3,10,150,55,0.13128644747266613
308,3,10,150,55,0.04491835474236992
309,3,10,150,55,0.0
310,3,10,150,55,0.2890648263178879
311,3,10,150,55,0.17512035582237062
312,3,10,150,55,0.16963857451199318
313,3,10,150,55,0.09586943528179451
314,3,10,150,55,0.10507089418815024
315,3,10,150,55,0.09785159463516042
316,3,10,150,55,0.06076546216996844
317,3,10,150,55,0.0
318,3,10,150,55,0.07377376675297492
319,3,10,150,55,0.0
320,3,10,150,55,0.08947300054212491
321,3,10,150,55,0.08223795175588802
322,3,10,150,55,0.07955752067133452
323,3,10,150,55,0.12229181918924699
324,3,10,150,55,0.0
325,3,10,150,55,0.0
326,3,10,150,55,0.10817904857938596
327,3,10,150,55,0.0
328,3,10,150,55,0.11126818073657672
329,3,10,150,55,0.056720838976548935
330,3,10,150,55,0.3028509129070748
331,3,10,150,55,0.0
332,3,10,150,55,0.09937017023483655
333,3,10,150,55,0.0
334,3,10,150,55,0.11692940961152226
335,3,10,150,55,0.0
336,3,10,150,55,0.0
337,3,10,150,55,0.16908993508344605
338,3,10,150,55,0.04358896759704514
339,3,10,150,55,0.1856477756884163
340,3,10,150,55,0.12647135138382856
341,3,10,150,55,0.0
342,3,10,150,55,0.11944501566498536
343,3,10,150,55,0.32643978915107913
344,3,10,150,55,0.13804010954782428
345,3,10,150,55,0.1302817386077542
346,3,10,150,55,0.10809528579756168
347,3,10,150,55,0.09642724089192412
348,3,10,150,55,0.0
349,3,10,150,55,0.07123530534387781
350,3,10,150,55,0.2314071217459096
351,3,10,150,55,0.0
352,3,10,150,55,0.16282653392890226
353,3,10,150,55,0.09489642549953911
354,3,10,150,55,0.033699515540238464
355,3,10,150,55,0.0
356,3,10,150,55,0.0
357,3,10,150,55,0.0
358,3,10,150,55,0.26730206653594746
359,3,10,150,55,0.14341929980357182
360,3,10,150,55,0.10496459329418281
361,3,10,150,55,0.0
362,3,10,150,55,0.0
363,3,10,150,55,0.1867805234163032
364,3,10,150,55,0.0
365,3,10,150,55,0.0989084497079971
366,3,10,150,55,0.10684080426179023
367,3,10,150,55,0.1410054764628891
368,3,10,150,55,0.0
369,3,10,150,55,0.0
370,3,10,150,55,0.045683428159663184
371,3,10,150,55,0.09892739847751293
372,3,10,150,55,0.10673919722548196
373,3,10,150,55,0.18128610071101886
374,3,10,150,55,0.1523273086076386
375,3,10,150,55,0.0
376,3,10,150,55,0.0
377,3,10,150,55,0.053168340515114924
378,3,10,150,55,0.06294392480300857
379,3,10,150,55,0.13557533657177168
380,3,10,150,55,0.0
381,3,10,150,55,0.08294243278442993
382,3,10,150,55,0.07847428227110642
383,3,10,150,55,0.0
384,3,10,150,55,0.08759200575528697
385,3,10,150,55,0.1546778125427113
386,3,10,150,55,0.0
387,3,10,150,55,0.03814967334348895
388,3,10,150,55,0.029785542524894418
389,3,10,150,55,0.13183633031089573
390,3,10,150,55,0.21398626473452756
391,3,10,150,55,0.2558645268575362
392,3,10,150,55,0.06327372362257774
393,3,10,150,55,0.16761170993352414
394,3,10,150,55,0.12900206501129066
395,3,10,150,55,0.09286934188709499
396,3,10,150,55,0.0
397,3,10,150,55,0.10643931441962817
398,3,10,150,55,0.12204637821038242
399,3,10,150,55,0.02588299988394364
400,3,10,150,55,0.0
401,3,10,150,55,0.0
402,3,10,150,55,0.469779625693621
403,3,10,150,55,0.0
404,3,10,150,55,0.0
405,3,10,150,55,0.24406480698277966
406,3,10,150,55,0.15512027795912936
407,3,10,150,55,0.07343764708220529
408,3,10,150,55,0.12083071655728543
409,3,10,150,55,0.15086419336317547
410,3,10,150,55,0.0
411,3,10,150,55,0.1128999930808451
412,3,10,150,55,0.0
413,3,10,150,55,0.10122860821230018
414,3,10,150,55,0.0
415,3,10,150,55,0.07605458145297357
416,3,10,150,55,0.3027012742072044
417,3,10,150,55,0.0675074563980284
418,3,10,150,55,0.07001560573318603
419,3,10,150,55,0.2098021491169666
420,3,10,150,55,0.0527075128660253
421,3,10,150,55,0.202729931306865
422,3,10,150,55,0.0
423,3,10,150,55,0.0
424,3,10,150,55,0.13291000263869587
425,3,10,150,55,0.0
426,3,10,150,55,0.10004388309532918
427,3,10,150,55,0.0
428,3,10,150,55,0.0
429,3,10,150,55,0.16393435749622023
430,3,10,150,55,0.062242588308449316
431,3,10,150,55,0.0
432,3,10,150,55,0.0
433,3,10,150,55,0.0
434,3,10,150,55,0.25803884452092735
435,3,10,150,55,0.25615753239461564
436,3,10,150,55,0.09291494561763272
437,3,10,150,55,0.045261458614647136
438,3,10,150,55,0.0
439,3,10,150,55,0.0
440,3,10,150,55,0.10025741859697787
441,3,10,150,55,0.0
442,3,10,150,55,0.058478916078390675
443,3,10,150,55,0.056720838976548935
444,3,10,150,55,0.19519002499605084
445,3,10,150,55,0.0
446,3,10,150,55,0.0
447,3,10,150,55,0.09914294517496557
448,3,10,150,55,0.0
449,3,10,150,55,0.0
450,3,10,150,55,0.33618918279783755
451,3,10,150,55,0.0
452,3,10,150,55,0.048188247044562364
453,3,10,150,55,0.13392124957971085
454,3,10,150,55,0.0
455,3,10,150,55,0.1760702282199838
456,3,10,150,55,0.1460656477765485
457,3,10,150,55,0.4411912597314094
458,3,10,150,55,0.12059750656999586
459,3,10,150,55,0.04901586605894737
460,3,10,150,55,0.0
461,3,10,150,55,0.10778915452451093
462,3,10,150,55,0.16728714615527887
463,3,10,150,55,0.1032589365938857
464,3,10,150,55,0.04931346192675315
465,3,10,150,55,0.0733934381893728
466,3,10,150,55,0.0750834162528243
467,3,10,150,55,0.032842167909375275
468,3,10,150,55,0.4424763580282471
469,3,10,150,55,0.050924439617225085
470,3,10,150,55,0.040162930685297936
471,3,10,150,55,0.0
472,3,10,150,55,0.2982481434909378
473,3,10,150,55,0.050005013043213774
474,3,10,150,55,0.3518993787022918
475,3,10,150,55,0.0
476,3,10,150,55,0.12097589732794561
477,3,10,150,55,0.0
478,3,10,150,55,0.2059565668593519
479,3,10,150,55,0.07893633843817272
480,3,10,150,55,0.0881980292211471
481,3,10,150,55,0.05234104579082298
482,3,10,150,55,0.10209739512291163
483,3,10,150,55,0.06194403202282284
484,3,10,150,55,0.27714485683696083
485,3,10,150,55,0.0
486,3,10,150,55,0.06108300840136219
487,3,10,150,55,0.12125734974751785
488,3,10,150,55,0.05887472794707303
489,3,10,150,55,0.0
490,3,10,150,55,0.06490403551612171
491,3,10,150,55,0.17758207479178334
492,3,10,150,55,0.08328180879069912
493,3,10,150,55,0.23552414445241532
494,3,10,150,55,0.11299367690705851
495,3,10,150,55,0.10464526705784932
496,3,10,150,55,0.07271211160102074
497,3,10,150,55,0.041123190891585615
498,3,10,150,55,0.0343217267714905
499,3,10,150,55,0.11352658248311334
500,3,10,150,55,0.047572891860987065
501,3,10,150,55,0.0
502,3,10,150,55,0.0
503,3,10,150,55,0.23688393797410975
504,3,10,150,55,0.09188453336722778
505,3,10,150,55,0.025255271126572616
506,3,10,150,55,0.14220922974968725
507,3,10,150,55,0.0
508,3,10,150,55,0.17050987036516796
509,3,10,150,55,0.0
510,3,10,150,55,0.17032928501352598
511,3,10,150,55,0.12155021559723776
512,3,10,150,55,0.0
513,3,10,150,55,0.05276490902632437
514,3,10,150,55,0.236355709986313
515,3,10,150,55,0.0
516,3,10,150,55,0.07947838320659593
517,3,10,150,55,0.03859643636257609
518,3,10,150,55,0.05268083714989503
519,3,10,150,55,0.0
520,3,10,150,55,0.0
521,3,10,150,55,0.07649261318048692
522,3,10,150,55,0.16542389351858164
523,3,10,150,55,0.1705239552439998
524,3,10,150,55,0.05251201929341497
525,3,10,150,55,0.06516045994396072
526,3,10,150,55,0.03112959369469351
527,3,10,150,55,0.21068702285875093
528,3,10,150,55,0.1255942414278791
529,3,10,150,55,0.03208343640786788
530,3,10,150,55,0.0
531,3,10,150,55,0.0
532,3,10,150,55,0.20570585462499102
533,3,10,150,55,0.15608698041048338
534,3,10,150,55,0.10040759964046686
535,3,10,150,55,0.23141050504174582
536,3,10,150,55,0.1568966985754741
537,3,10,150,55,0.38994146068045515
538,3,10,150,55,0.09944592215223559
539,3,10,150,55,0.04851068933953057
540,3,10,150,55,0.0
541,3,10,150,55,0.06337469398538446
542,3,10,150,55,0.04294079226347803
543,3,10,150,55,0.0
544,3,10,150,55,0.0
545,3,10,150,55,0.1627301445786375
546,3,10,150,55,0.10441409560474312
547,3,10,150,55,0.04528995543568932
548,3,10,150,55,0.07245220774613666
549,3,10,150,55,0.10184659627402569
550,3,10,150,55,0.0845667599404342
551,3,10,150,55,0.249115981881752
552,3,10,150,55,0.0
553,3,10,150,55,0.13528660262448355
554,3,10,150,55,0.0
555,3,10,150,55,0.037070343480771185
556,3,10,150,55,0.2848749592866812
557,3,10,150,55,0.044530079137671444
558,3,10,150,55,0.21398626473452756
559,3,10,150,55,0.07557866567222271
560,3,10,150,55,0.11942337490935596
561,3,10,150,55,0.083661564375009
562,3,10,150,55,0.1104306301470049
563,3,10,150,55,0.10791970824616881
564,3,10,150,55,0.0
565,3,10,150,55,0.17360338152027138
566,3,10,150,55,0.11935234359120704
567,3,10,150,55,0.3301968144893732
568,3,10,150,55,0.07161318866452264
569,3,10,150,55,0.023835426911994775
570,3,10,150,55,0.0
571,3,10,150,55,0.0512644431393966
572,3,10,150,55,0.30260241349881345
573,3,10,150,55,0.0
574,3,10,150,55,0.0
575,3,10,150,55,0.13043262693172047
576,3,10,150,55,0.0
577,3,10,150,55,0.21219954248309358
578,3,10,150,55,0.0
579,3,10,150,55,0.06152644703210656
580,3,10,150,55,0.03144137376097698
581,3,10,150,55,0.0
582,3,10,150,55,0.06679511870650716
583,3,10,150,55,0.0874717141014082
584,3,10,150,55,0.20261715588288354
585,3,10,150,55,0.042225550968526857
586,3,10,150,55,0.07689039857058357
587,3,10,150,55,0.0
588,3,10,150,55,0.2537604897082881
589,3,10,150,55,0.0
590,3,10,150,55,0.17154483744357613
591,3,10,150,55,0.08651464973019597
592,3,10,150,55,0.33025709398952063
593,3,10,150,55,0.12763428258094567
594,3,10,150,55,0.0
595,3,10,150,55,0.055965373307784824
596,3,10,150,55,0.09803928583135704
597,3,10,150,55,0.0
598,3,10,150,55,0.0
599,3,10,150,55,0.02506539947940475
600,3,10,150,55,0.13574631165894233
601,3,10,150,55,0.14033600833837517
602,3,10,150,55,0.041278922835426404
603,3,10,150,55,0.12541207695631323
604,3,10,150,55,0.0
605,3,10,150,55,0.15136987527520723
606,3,10,150,55,0.3696462976091675
607,3,10,150,55,0.0308875359117713
608,3,10,150,55,0.24442881639951808
609,3,10,150,55,0.0
610,3,10,150,55,0.08443863559321411
611,3,10,150,55,0.08619391645113321
612,3,10,150,55,0.09162544430476362
613,3,10,150,55,0.1652462050665711
614,3,10,150,55,0.1467868763787456
615,3,10,150,55,0.14155559941296994
616,3,10,150,55,0.030480958763669998
617,3,10,150,55,0.038287076928437726
618,3,10,150,55,0.0979429745957959
619,3,10,150,55,0.13379581792476064
620,3,10,150,55,0.207826427857141
621,3,10,150,55,0.10509700859908253
622,3,10,150,55,0.20124287385096642
623,3,10,150,55,0.04214302778527282
624,3,10,150,55,0.019629883028395242
625,3,10,150,55,0.06672272773479279
626,3,10,150,55,0.0
627,3,10,150,55,0.12480993252346262
628,3,10,150,55,0.0
629,3,10,150,55,0.24674506035854205
630,3,10,150,55,0.10834532177911152
631,3,10,150,55,0.13449792459172438
632,3,10,150,55,0.06934269739950429
633,3,10,150,55,0.050456115328747164
634,3,10,150,55,0.09692094009503625
635,3,10,150,55,0.0
636,3,10,150,55,0.3615974840572412
637,3,10,150,55,0.02898066279104336
638,3,10,150,55,0.05152901435389809
639,3,10,150,55,0.0
640,3,10,150,55,0.14971838572911914
641,3,10,150,55,0.051358492238643604
642,3,10,150,55,0.32675509122037444
643,3,10,150,55,0.2797788472003836
644,3,10,150,55,0.0
645,3,10,150,55,0.16338171596108064
646,3,10,150,55,0.11243817952384734
647,3,10,150,55,0.06590268968688952
648,3,10,150,55,0.2922808650575984
649,3,10,150,55,0.0
650,3,10,150,55,0.12208299865524597
651,3,10,150,55,0.0
652,3,10,150,55,0.0
653,3,10,150,55,0.12578977665610327
654,3,10,150,55,0.06511318433516729
655,3,10,150,55,0.43161277222112643
656,3,10,150,55,0.0
657,3,10,150,55,0.2504953915210566
658,3,10,150,55,0.08499291210154789
659,3,10,150,55,0.12914724357258636
660,3,10,150,55,0.012870490738644583
661,3,10,150,55,0.18021196839473685
662,3,10,150,55,0.0
663,3,10,150,55,0.12186593784052076
664,3,10,150,55,0.301850870750815
665,3,10,150,55,0.03631959941036875
666,3,10,150,55,0.1388838530748608
667,3,10,150,55,0.10252914961543841
668,3,10,150,55,0.0
669,3,10,150,55,0.19588788032265295
670,3,10,150,55,0.0
671,3,10,150,55,0.19386142581938012
672,3,10,150,55,0.07973520350569015
673,3,10,150,55,0.0
674,3,10,150,55,0.0
675,3,10,150,55,0.0382580635535654
676,3,10,150,55,0.22358931366364498
677,3,10,150,55,0.10158983531347915
678,3,10,150,55,0.0
679,3,10,150,55,0.16417658872889113
680,3,10,150,55,0.0
681,3,10,150,55,0.0
682,3,10,150,55,0.2989245512522685
683,3,10,150,55,0.045215225629604006
684,3,10,150,55,0.03158850394477252
685,3,10,150,55,0.16662900720865959
686,3,10,150,55,0.15669346910555695
687,3,10,150,55,0.0
688,3,10,150,55,0.0
689,3,10,150,55,0.37279254620421465
690,3,10,150,55,0.24802939400095458
691,3,10,150,55,0.6023709850354425
692,3,10,150,55,0.03353522641880846
693,3,10,150,55,0.04944379983450847
694,3,10,150,55,0.22431759804500728
695,3,10,150,55,0.02951022367272685
696,3,10,150,55,0.08111636357522063
697,3,10,150,55,0.06832568397816181
698,3,10,150,55,0.0
699,3,10,150,55,0.06027316944221326
700,3,10,150,55,0.0
701,3,10,150,55,0.0906790485156717
702,3,10,150,55,0.0
703,3,10,150,55,0.21888235022994418
704,3,10,150,55,0.1837388566713383
705,3,10,150,55,0.23218509658433442
706,3,10,150,55,0.0
707,3,10,150,55,0.28140694173973413
708,3,10,150,55,0.03476299583640518
709,3,10,150,55,0.14143393670228208
710,3,10,150,55,0.25040922491354684
711,3,10,150,55,0.2215365603990614
712,3,10,150,55,0.08298362810985792
713,3,10,150,55,0.0
714,3,10,150,55,0.09998274523051486
715,3,10,150,55,0.19124198253005703
716,3,10,150,55,0.292214836864441
717,3,10,150,55,0.08455030681958395
718,3,10,150,55,0.0
719,3,10,150,55,0.10353175087921149
720,3,10,150,55,0.0
721,3,10,150,55,0.08687249167321089
722,3,10,150,55,0.07401896317743158
723,3,10,150,55,0.0
724,3,10,150,55,0.0
725,3,10,150,55,0.04733244938590725
726,3,10,150,55,0.061080020762274374
727,3,10,150,55,0.09347179179184696
728,3,10,150,55,0.0
729,3,10,150,55,0.0
730,3,10,150,55,0.0
731,3,10,150,55,0.1935015812983906
732,3,10,150,55,0.05717828980196049
733,3,10,150,55,0.020730875129846955
734,3,10,150,55,0.08131766139183766
735,3,10,150,55,0.08151055815578559
736,3,10,150,55,0.047009109882897075
737,3,10,150,55,0.12127716502890909
738,3,10,150,55,0.09907057054543131
739,3,10,150,55,0.18767092572990207
740,3,10,150,55,0.0523780734795101
741,3,10,150,55,0.0787396033907249
742,3,10,150,55,0.0527075128660253
743,3,10,150,55,0.1194783875505714
744,3,10,150,55,0.0
745,3,10,150,55,0.06774344219296054
746,3,10,150,55,0.24124954544361757
747,3,10,150,55,0.2235349763289651
748,3,10,150,55,0.04132344798443041
749,3,10,150,55,0.3526561968486651
750,3,10,150,55,0.18000575664763457
751,3,10,150,55,0.05059789125164855
752,3,10,150,55,0.08155432360208091
753,3,10,150,55,0.04072612696308379
754,3,10,150,55,0.0
755,3,10,150,55,0.0
756,3,10,150,55,0.044143057780823704
757,3,10,150,55,0.1088815023385917
758,3,10,150,55,0.23287799253968228
759,3,10,150,55,0.0
760,3,10,150,55,0.16006374561654185
761,3,10,150,55,0.17663858756688974
762,3,10,150,55,0.0
763,3,10,150,55,0.10697348874072295
764,3,10,150,55,0.04710969775183564
765,3,10,150,55,0.0966785411876802
766,3,10,150,55,0.035191004809260996
767,3,10,150,55,0.1269544353559099
768,3,10,150,55,0.09997171219938322
769,3,10,150,55,0.0
770,3,10,150,55,0.18348359547343202
771,3,10,150,55,0.051111361357474266
772,3,10,150,55,0.038996699933076286
773,3,10,150,55,0.15659560794124947
774,3,10,150,55,0.0
775,3,10,150,55,0.0
776,3,10,150,55,0.024267484090652828
777,3,10,150,55,0.0
778,3,10,150,55,0.08961728720334347
779,3,10,150,55,0.0
780,3,10,150,55,0.12311997034702767
781,3,10,150,55,0.12572447169101508
782,3,10,150,55,0.0
783,3,10,150,55,0.0
784,3,10,150,55,0.04582425041433568
785,3,10,150,55,0.2848262604068979
786,3,10,150,55,0.13901223847985233
787,3,10,150,55,0.0
788,3,10,150,55,0.047785195077588355
789,3,10,150,55,0.14531023848228133
790,3,10,150,55,0.07123716589548494
791,3,10,150,55,0.059480024314918285
792,3,10,150,55,0.0946587791577201
793,3,10,150,55,0.11843263243420837
794,3,10,150,55,0.1578863001786244
795,3,10,150,55,0.06886690743551852
796,3,10,150,55,0.08899494791991829
797,3,10,150,55,0.13905617951077562
798,3,10,150,55,0.013788754828346865
799,3,10,150,55,0.2836929289153804
800,3,10,150,55,0.0
801,3,10,150,55,0.0
802,3,10,150,55,0.05621908976192367
803,3,10,150,55,0.0
804,3,10,150,55,0.24809754429898379
805,3,10,150,55,0.13836207659757455
806,3,10,150,55,0.08516241029898401
807,3,10,150,55,0.18716126069796726
808,3,10,150,55,0.0
809,3,10,150,55,0.0
810,3,10,150,55,0.0
811,3,10,150,55,0.05840183867278569
812,3,10,150,55,0.11600766930798434
813,3,10,150,55,0.06916902856231065
814,3,10,150,55,0.054181637470214
815,3,10,150,55,0.10380674919178415
816,3,10,150,55,0.10105367325027378
817,3,10,150,55,0.0
818,3,10,150,55,0.0
819,3,10,150,55,0.0
820,3,10,150,55,0.12262943855309168
821,3,10,150,55,0.053168340515114924
822,3,10,150,55,0.0
823,3,10,150,55,0.12115332041009189
824,3,10,150,55,0.0
825,3,10,150,55,0.16434089815347858
826,3,10,150,55,0.1104586032397152
827,3,10,150,55,0.0
828,3,10,150,55,0.0
829,3,10,150,55,0.08143169212679746
830,3,10,150,55,0.13003750163762204
831,3,10,150,55,0.04522637401768292
832,3,10,150,55,0.0
833,3,10,150,55,0.05828935682373833
834,3,10,150,55,0.0
835,3,10,150,55,0.131093662595089
836,3,10,150,55,0.05097554749895306
837,3,10,150,55,0.05351287869030783
838,3,10,150,55,0.08633629724227374
839,3,10,150,55,0.0
840,3,10,150,55,0.127473004222534
841,3,10,150,55,0.0
842,3,10,150,55,0.0
843,3,10,150,55,0.04209275315645388
844,3,10,150,55,0.0
845,3,10,150,55,0.0
846,3,10,150,55,0.11662703350603346
847,3,10,150,55,0.0
848,3,10,150,55,0.03618657486793958
849,3,10,150,55,0.0
850,3,10,150,55,0.06228974831361337
851,3,10,150,55,0.2277008805972924
852,3,10,150,55,0.07256783117062009
853,3,10,150,55,0.0
854,3,10,150,55,0.0
855,3,10,150,55,0.0
856,3,10,150,55,0.0
857,3,10,150,55,0.0
858,3,10,150,55,0.0
859,3,10,150,55,0.0
860,3,10,150,55,0.0
861,3,10,150,55,0.12754356661958802
862,3,10,150,55,0.1014543205029727
863,3,10,150,55,0.0
864,3,10,150,55,0.19756506460263396
865,3,10,150,55,0.0
866,3,10,150,55,0.0
867,3,10,150,55,0.13120507751234178
868,3,10,150,55,0.0
870,3,10,150,55,0.0
871,3,10,150,55,0.0
872,3,10,150,55,0.0
875,3,10,150,55,0.1395953738647505
876,3,10,150,55,0.0
877,3,10,150,55,0.0
1,3,10,150,56,0.6247579375131872
2,3,10,150,56,0.10688238502350729
3,3,10,150,56,0.0
4,3,10,150,56,0.0
5,3,10,150,56,0.0819283960923954
6,3,10,150,56,0.05340978172012693
7,3,10,150,56,0.16494427485379987
8,3,10,150,56,0.0554835367217868
9,3,10,150,56,0.0
10,3,10,150,56,0.16409920264511527
11,3,10,150,56,0.049016076581777215
12,3,10,150,56,0.04822019817866397
13,3,10,150,56,0.18958565122073948
14,3,10,150,56,0.05601843521033356
15,3,10,150,56,0.0
16,3,10,150,56,0.1653353975675179
17,3,10,150,56,0.12066394366711926
18,3,10,150,56,0.16957655256734583
19,3,10,150,56,0.0
20,3,10,150,56,0.14530105135237878
21,3,10,150,56,0.03475017269886857
22,3,10,150,56,0.1468275080577048
23,3,10,150,56,0.18360000301566626
24,3,10,150,56,0.311062094929455
25,3,10,150,56,0.0
26,3,10,150,56,0.0
28,3,10,150,56,0.0
29,3,10,150,56,0.0
30,3,10,150,56,0.0979129253499678
31,3,10,150,56,0.06076546216996844
32,3,10,150,56,0.0
33,3,10,150,56,0.0
34,3,10,150,56,0.0
35,3,10,150,56,0.07108348368841133
37,3,10,150,56,0.0488929053971083
38,3,10,150,56,0.03215366848272267
39,3,10,150,56,0.0
40,3,10,150,56,0.0
41,3,10,150,56,0.0
42,3,10,150,56,0.14144963799422255
43,3,10,150,56,0.2516718289406818
44,3,10,150,56,0.07698159974258616
45,3,10,150,56,0.04505000432618384
46,3,10,150,56,0.2524329124868603
47,3,10,150,56,0.0
48,3,10,150,56,0.14225564083314088
49,3,10,150,56,0.08545966314334597
50,3,10,150,56,0.0
51,3,10,150,56,0.18953836965473142
52,3,10,150,56,0.04892579731758021
53,3,10,150,56,0.09546043308946733
54,3,10,150,56,0.07984133538066794
55,3,10,150,56,0.0
56,3,10,150,56,0.03975645576081676
57,3,10,150,56,0.0
58,3,10,150,56,0.10796876451088402
59,3,10,150,56,0.1825401339226324
60,3,10,150,56,0.12123807080432077
61,3,10,150,56,0.0
62,3,10,150,56,0.03806940785769845
63,3,10,150,56,0.03554915059547175
64,3,10,150,56,0.0
65,3,10,150,56,0.2994759515353249
66,3,10,150,56,0.0
67,3,10,150,56,0.0
68,3,10,150,56,0.0
69,3,10,150,56,0.11503055012584398
70,3,10,150,56,0.0
71,3,10,150,56,0.07955752067133452
72,3,10,150,56,0.16084022171949366
73,3,10,150,56,0.051960280791503534
74,3,10,150,56,0.0
75,3,10,150,56,0.11731968150568911
76,3,10,150,56,0.14804398249667974
77,3,10,150,56,0.45287742747371695
78,3,10,150,56,0.0
79,3,10,150,56,0.0
80,3,10,150,56,0.08297572808511901
81,3,10,150,56,0.0
82,3,10,150,56,0.08926877557705373
83,3,10,150,56,0.04630610387058298
84,3,10,150,56,0.0
85,3,10,150,56,0.06966660916502733
86,3,10,150,56,0.07738888769495082
87,3,10,150,56,0.10058161863664324
88,3,10,150,56,0.0
89,3,10,150,56,0.22860031301980846
90,3,10,150,56,0.19778120236014796
91,3,10,150,56,0.13114221140465185
92,3,10,150,56,0.03690254550997565
93,3,10,150,56,0.0
94,3,10,150,56,0.1785123466504993
95,3,10,150,56,0.061836172422412086
96,3,10,150,56,0.19186450284072096
97,3,10,150,56,0.09558339637123096
98,3,10,150,56,0.08878770367712427
99,3,10,150,56,0.029785542524894418
100,3,10,150,56,0.0892789338684584
101,3,10,150,56,0.0
102,3,10,150,56,0.026001814664123827
103,3,10,150,56,0.07673373981757839
104,3,10,150,56,0.12171451575741458
106,3,10,150,56,0.05261577455142312
107,3,10,150,56,0.0
108,3,10,150,56,0.0
109,3,10,150,56,0.11259960483764554
110,3,10,150,56,0.039667414566743345
111,3,10,150,56,0.0
112,3,10,150,56,0.06510475888148554
113,3,10,150,56,0.05449144662575446
114,3,10,150,56,0.07610811271330754
115,3,10,150,56,0.046806851959664796
116,3,10,150,56,0.07814915695077672
117,3,10,150,56,0.10135360124281675
118,3,10,150,56,0.0
119,3,10,150,56,0.06127983274634642
121,3,10,150,56,0.06245141164382474
122,3,10,150,56,0.03984598490051017
123,3,10,150,56,0.46927872602275644
124,3,10,150,56,0.10889376106823218
125,3,10,150,56,0.1350308091592608
126,3,10,150,56,0.0
127,3,10,150,56,0.0
128,3,10,150,56,0.027576277569513717
129,3,10,150,56,0.0
130,3,10,150,56,0.08034382158496219
131,3,10,150,56,0.2803335894048546
132,3,10,150,56,0.1431991570830273
133,3,10,150,56,0.0
134,3,10,150,56,0.0
135,3,10,150,56,0.0
136,3,10,150,56,0.40257390286801836
137,3,10,150,56,0.0
138,3,10,150,56,0.21222747957761057
139,3,10,150,56,0.0
140,3,10,150,56,0.0
141,3,10,150,56,0.17799763794582682
142,3,10,150,56,0.30260241349881345
143,3,10,150,56,0.0
144,3,10,150,56,0.2143720535700613
145,3,10,150,56,0.06384607724228114
146,3,10,150,56,0.0
147,3,10,150,56,0.07610811271330754
148,3,10,150,56,0.042512356679180144
149,3,10,150,56,0.05446824630887794
150,3,10,150,56,0.0
151,3,10,150,56,0.1467394379667669
152,3,10,150,56,0.026230448379684728
153,3,10,150,56,0.06516188295518531
154,3,10,150,56,0.055100238151135045
155,3,10,150,56,0.0
156,3,10,150,56,0.07028063830038406
157,3,10,150,56,0.05840183867278569
158,3,10,150,56,0.055805240881847164
159,3,10,150,56,0.11026617795298452
160,3,10,150,56,0.060934076158944916
161,3,10,150,56,0.0
162,3,10,150,56,0.0
163,3,10,150,56,0.0
164,3,10,150,56,0.0
165,3,10,150,56,0.09149012142095872
166,3,10,150,56,0.0
167,3,10,150,56,0.03395822402998728
168,3,10,150,56,0.0
169,3,10,150,56,0.055427457405235275
170,3,10,150,56,0.0
171,3,10,150,56,0.0
172,3,10,150,56,0.0
173,3,10,150,56,0.0
174,3,10,150,56,0.05481171384122219
175,3,10,150,56,0.4413254197204702
176,3,10,150,56,0.0347693136731627
177,3,10,150,56,0.0
178,3,10,150,56,0.18053947820976404
179,3,10,150,56,0.06599888514927177
180,3,10,150,56,0.0
181,3,10,150,56,0.03431258901928648
182,3,10,150,56,0.13120507751234178
183,3,10,150,56,0.0
184,3,10,150,56,0.0
185,3,10,150,56,0.0
186,3,10,150,56,0.0
187,3,10,150,56,0.2004102107997965
188,3,10,150,56,0.026527518023781966
189,3,10,150,56,0.22982757951573698
190,3,10,150,56,0.0
191,3,10,150,56,0.07335312372354855
192,3,10,150,56,0.0
193,3,10,150,56,0.0
194,3,10,150,56,0.052577940589851685
195,3,10,150,56,0.10257737475069033
196,3,10,150,56,0.17342765698823945
197,3,10,150,56,0.07304192939088519
198,3,10,150,56,0.10387325901274824
199,3,10,150,56,0.052106753859569234
200,3,10,150,56,0.0971420957831845
201,3,10,150,56,0.19822304027623197
202,3,10,150,56,0.0
203,3,10,150,56,0.0
204,3,10,150,56,0.0
205,3,10,150,56,0.11600766930798434
206,3,10,150,56,0.0
207,3,10,150,56,0.07922167747488142
208,3,10,150,56,0.0
209,3,10,150,56,0.070675417981692
210,3,10,150,56,0.0
211,3,10,150,56,0.0
212,3,10,150,56,0.0559167101555819
213,3,10,150,56,0.08985507164305877
214,3,10,150,56,0.1257260924843343
215,3,10,150,56,0.157288596461893
216,3,10,150,56,0.27735230728218535
217,3,10,150,56,0.13000004444613666
218,3,10,150,56,0.06323567569191428
219,3,10,150,56,0.0
220,3,10,150,56,0.07807600999842033
221,3,10,150,56,0.12213234467515617
222,3,10,150,56,0.1483732210811898
223,3,10,150,56,0.039270700903099615
224,3,10,150,56,0.0
225,3,10,150,56,0.047125238474713914
226,3,10,150,56,0.0
227,3,10,150,56,0.0
229,3,10,150,56,0.0
230,3,10,150,56,0.10228729060357176
231,3,10,150,56,0.0
232,3,10,150,56,0.0
233,3,10,150,56,0.15206723475089307
234,3,10,150,56,0.13012840570445142
235,3,10,150,56,0.08312042273022706
236,3,10,150,56,0.12127042983235181
237,3,10,150,56,0.04776398023609584
238,3,10,150,56,0.0
239,3,10,150,56,0.12691627784085696
240,3,10,150,56,0.10235170428306553
241,3,10,150,56,0.1381300260171807
242,3,10,150,56,0.0
243,3,10,150,56,0.0
244,3,10,150,56,0.1324362264265921
245,3,10,150,56,0.0
246,3,10,150,56,0.08356426880363813
247,3,10,150,56,0.15642624200758548
248,3,10,150,56,0.23451355966072135
249,3,10,150,56,0.3041992014465808
250,3,10,150,56,0.07806699296748765
251,3,10,150,56,0.0
252,3,10,150,56,0.0
253,3,10,150,56,0.0
254,3,10,150,56,0.036502603141236205
255,3,10,150,56,0.10933464083642679
256,3,10,150,56,0.04856627791226961
257,3,10,150,56,0.12830873359117523
258,3,10,150,56,0.0
259,3,10,150,56,0.0
260,3,10,150,56,0.0
261,3,10,150,56,0.0
262,3,10,150,56,0.0
263,3,10,150,56,0.32837769821077345
264,3,10,150,56,0.2969281197911131
265,3,10,150,56,0.19802572813668026
266,3,10,150,56,0.0
267,3,10,150,56,0.21076490690365068
268,3,10,150,56,0.10827784002385153
269,3,10,150,56,0.040019695500760184
270,3,10,150,56,0.025165377029617318
271,3,10,150,56,0.10729393508609222
272,3,10,150,56,0.05334621352524345
273,3,10,150,56,0.0
274,3,10,150,56,0.0
275,3,10,150,56,0.0
276,3,10,150,56,0.2157464154545646
277,3,10,150,56,0.0
278,3,10,150,56,0.0
279,3,10,150,56,0.11307533308597213
280,3,10,150,56,0.07316593591075989
281,3,10,150,56,0.0
282,3,10,150,56,0.09659953929285248
283,3,10,150,56,0.0
284,3,10,150,56,0.0
285,3,10,150,56,0.0
286,3,10,150,56,0.016140534521312585
287,3,10,150,56,0.0
288,3,10,150,56,0.13999259891013252
289,3,10,150,56,0.0
290,3,10,150,56,0.09647783930421741
291,3,10,150,56,0.17775326828407884
292,3,10,150,56,0.27665227928348557
293,3,10,150,56,0.039886242726549496
294,3,10,150,56,0.07456347221081044
295,3,10,150,56,0.12123998403830039
296,3,10,150,56,0.1313923743616208
297,3,10,150,56,0.030868393892711742
298,3,10,150,56,0.13814728270261697
299,3,10,150,56,0.06251231174305825
300,3,10,150,56,0.0
301,3,10,150,56,0.1296575124303738
302,3,10,150,56,0.07335312372354855
303,3,10,150,56,0.193444921974662
304,3,10,150,56,0.0
305,3,10,150,56,0.05428021340641747
306,3,10,150,56,0.0
307,3,10,150,56,0.13128644747266613
308,3,10,150,56,0.04491835474236992
309,3,10,150,56,0.0
310,3,10,150,56,0.2890648263178879
311,3,10,150,56,0.17512035582237062
312,3,10,150,56,0.16963857451199318
313,3,10,150,56,0.09586943528179451
314,3,10,150,56,0.10507089418815024
315,3,10,150,56,0.09785159463516042
316,3,10,150,56,0.06076546216996844
317,3,10,150,56,0.0
318,3,10,150,56,0.07377376675297492
319,3,10,150,56,0.0
320,3,10,150,56,0.08947300054212491
321,3,10,150,56,0.08223795175588802
322,3,10,150,56,0.07955752067133452
323,3,10,150,56,0.12229181918924699
324,3,10,150,56,0.0
325,3,10,150,56,0.0
326,3,10,150,56,0.10817904857938596
327,3,10,150,56,0.0
328,3,10,150,56,0.11126818073657672
329,3,10,150,56,0.056720838976548935
330,3,10,150,56,0.3028509129070748
331,3,10,150,56,0.0
332,3,10,150,56,0.09937017023483655
333,3,10,150,56,0.0
334,3,10,150,56,0.11549115432119426
335,3,10,150,56,0.0
336,3,10,150,56,0.0
337,3,10,150,56,0.16908993508344605
338,3,10,150,56,0.08388555279643939
339,3,10,150,56,0.1856477756884163
340,3,10,150,56,0.12647135138382856
341,3,10,150,56,0.0
342,3,10,150,56,0.11944501566498536
343,3,10,150,56,0.340718176497563
344,3,10,150,56,0.13804010954782428
345,3,10,150,56,0.1302817386077542
346,3,10,150,56,0.1264086027263655
347,3,10,150,56,0.09642724089192412
348,3,10,150,56,0.0
349,3,10,150,56,0.07123530534387781
350,3,10,150,56,0.2314071217459096
351,3,10,150,56,0.0
352,3,10,150,56,0.16282653392890226
353,3,10,150,56,0.09489642549953911
354,3,10,150,56,0.033699515540238464
355,3,10,150,56,0.0
356,3,10,150,56,0.0
357,3,10,150,56,0.0
358,3,10,150,56,0.26730206653594746
359,3,10,150,56,0.14341929980357182
360,3,10,150,56,0.10496459329418281
361,3,10,150,56,0.0
362,3,10,150,56,0.0
363,3,10,150,56,0.1867805234163032
364,3,10,150,56,0.0
365,3,10,150,56,0.0989084497079971
366,3,10,150,56,0.10684080426179023
367,3,10,150,56,0.1410054764628891
368,3,10,150,56,0.0
369,3,10,150,56,0.0
370,3,10,150,56,0.045683428159663184
371,3,10,150,56,0.1366602831647955
372,3,10,150,56,0.10673919722548196
373,3,10,150,56,0.18128610071101886
374,3,10,150,56,0.1523273086076386
375,3,10,150,56,0.0
376,3,10,150,56,0.0
377,3,10,150,56,0.053168340515114924
378,3,10,150,56,0.06216970184966688
379,3,10,150,56,0.13557533657177168
380,3,10,150,56,0.0
381,3,10,150,56,0.08294243278442993
382,3,10,150,56,0.07847428227110642
383,3,10,150,56,0.0
384,3,10,150,56,0.08759200575528697
385,3,10,150,56,0.1546778125427113
386,3,10,150,56,0.0
387,3,10,150,56,0.03814967334348895
388,3,10,150,56,0.029785542524894418
389,3,10,150,56,0.13183633031089573
390,3,10,150,56,0.21398626473452756
391,3,10,150,56,0.2558645268575362
392,3,10,150,56,0.06327372362257774
393,3,10,150,56,0.1655500521407266
394,3,10,150,56,0.12900206501129066
395,3,10,150,56,0.09286934188709499
396,3,10,150,56,0.0
397,3,10,150,56,0.10643931441962817
398,3,10,150,56,0.12204637821038242
399,3,10,150,56,0.02556463377197644
400,3,10,150,56,0.0
401,3,10,150,56,0.0
402,3,10,150,56,0.469779625693621
403,3,10,150,56,0.0
404,3,10,150,56,0.0
405,3,10,150,56,0.24106276069697277
406,3,10,150,56,0.15321226729566081
407,3,10,150,56,0.07343764708220529
408,3,10,150,56,0.12083071655728543
409,3,10,150,56,0.15086419336317547
410,3,10,150,56,0.0
411,3,10,150,56,0.1128999930808451
412,3,10,150,56,0.0
413,3,10,150,56,0.10122860821230018
414,3,10,150,56,0.0
415,3,10,150,56,0.07605458145297357
416,3,10,150,56,0.29897798756388727
417,3,10,150,56,0.0666771010868742
418,3,10,150,56,0.07001560573318603
419,3,10,150,56,0.26168079122473237
420,3,10,150,56,0.0527075128660253
421,3,10,150,56,0.202729931306865
422,3,10,150,56,0.0
423,3,10,150,56,0.0
424,3,10,150,56,0.13291000263869587
425,3,10,150,56,0.0
426,3,10,150,56,0.10004388309532918
427,3,10,150,56,0.0
428,3,10,150,56,0.0
429,3,10,150,56,0.16191793187909967
430,3,10,150,56,0.062242588308449316
431,3,10,150,56,0.0
432,3,10,150,56,0.0
433,3,10,150,56,0.0
434,3,10,150,56,0.25803884452092735
435,3,10,150,56,0.25300674315050736
436,3,10,150,56,0.09291494561763272
437,3,10,150,56,0.04470473355705253
438,3,10,150,56,0.0
439,3,10,150,56,0.0
440,3,10,150,56,0.10025741859697787
441,3,10,150,56,0.0
442,3,10,150,56,0.058478916078390675
443,3,10,150,56,0.056720838976548935
444,3,10,150,56,0.19519002499605084
445,3,10,150,56,0.0
446,3,10,150,56,0.0
447,3,10,150,56,0.09914294517496557
448,3,10,150,56,0.0
449,3,10,150,56,0.0
450,3,10,150,56,0.33205398813366827
451,3,10,150,56,0.0
452,3,10,150,56,0.048188247044562364
453,3,10,150,56,0.13392124957971085
454,3,10,150,56,0.0
455,3,10,150,56,0.1760702282199838
456,3,10,150,56,0.1460656477765485
457,3,10,150,56,0.4480647197928516
458,3,10,150,56,0.12059750656999586
459,3,10,150,56,0.04901586605894737
460,3,10,150,56,0.0
461,3,10,150,56,0.10778915452451093
462,3,10,150,56,0.16728714615527887
463,3,10,150,56,0.1032589365938857
464,3,10,150,56,0.04931346192675315
465,3,10,150,56,0.0733934381893728
466,3,10,150,56,0.0750834162528243
467,3,10,150,56,0.032842167909375275
468,3,10,150,56,0.4424763580282471
469,3,10,150,56,0.050924439617225085
470,3,10,150,56,0.040162930685297936
471,3,10,150,56,0.0
472,3,10,150,56,0.2945796312523874
473,3,10,150,56,0.050005013043213774
474,3,10,150,56,0.3475709454641253
475,3,10,150,56,0.0
476,3,10,150,56,0.12097589732794561
477,3,10,150,56,0.0
478,3,10,150,56,0.2059565668593519
479,3,10,150,56,0.07893633843817272
480,3,10,150,56,0.0881980292211471
481,3,10,150,56,0.05234104579082298
482,3,10,150,56,0.10209739512291163
483,3,10,150,56,0.06194403202282284
484,3,10,150,56,0.27714485683696083
485,3,10,150,56,0.0
486,3,10,150,56,0.06108300840136219
487,3,10,150,56,0.11976585992177659
488,3,10,150,56,0.05887472794707303
489,3,10,150,56,0.0
490,3,10,150,56,0.06490403551612171
491,3,10,150,56,0.17758207479178334
492,3,10,150,56,0.08328180879069912
493,3,10,150,56,0.23552414445241532
494,3,10,150,56,0.11299367690705851
495,3,10,150,56,0.1033581091952229
496,3,10,150,56,0.07271211160102074
497,3,10,150,56,0.041123190891585615
498,3,10,150,56,0.0343217267714905
499,3,10,150,56,0.11352658248311334
500,3,10,150,56,0.04698773570888995
501,3,10,150,56,0.0
502,3,10,150,56,0.0
503,3,10,150,56,0.23688393797410975
504,3,10,150,56,0.09075433509928313
505,3,10,150,56,0.025255271126572616
506,3,10,150,56,0.14046002757975853
507,3,10,150,56,0.0
508,3,10,150,56,0.17050987036516796
509,3,10,150,56,0.0
510,3,10,150,56,0.17032928501352598
511,3,10,150,56,0.12155021559723776
512,3,10,150,56,0.0
513,3,10,150,56,0.05276490902632437
514,3,10,150,56,0.23344848714634114
515,3,10,150,56,0.0
516,3,10,150,56,0.07947838320659593
517,3,10,150,56,0.03859643636257609
518,3,10,150,56,0.05268083714989503
519,3,10,150,56,0.0
520,3,10,150,56,0.0
521,3,10,150,56,0.07649261318048692
522,3,10,150,56,0.16542389351858164
523,3,10,150,56,0.1705239552439998
524,3,10,150,56,0.06416631230063068
525,3,10,150,56,0.06516045994396072
526,3,10,150,56,0.03112959369469351
527,3,10,150,56,0.21068702285875093
528,3,10,150,56,0.1255942414278791
529,3,10,150,56,0.03208343640786788
530,3,10,150,56,0.0
531,3,10,150,56,0.0
532,3,10,150,56,0.20317563117950568
533,3,10,150,56,0.15416707911214847
534,3,10,150,56,0.10040759964046686
535,3,10,150,56,0.22856410921866313
536,3,10,150,56,0.1568966985754741
537,3,10,150,56,0.38514510217146103
538,3,10,150,56,0.09944592215223559
539,3,10,150,56,0.04851068933953057
540,3,10,150,56,0.0
541,3,10,150,56,0.06337469398538446
542,3,10,150,56,0.04294079226347803
543,3,10,150,56,0.0
544,3,10,150,56,0.0
545,3,10,150,56,0.1627301445786375
546,3,10,150,56,0.10441409560474312
547,3,10,150,56,0.04528995543568932
548,3,10,150,56,0.08556622378188056
549,3,10,150,56,0.10184659627402569
550,3,10,150,56,0.0845667599404342
551,3,10,150,56,0.25835200654885065
552,3,10,150,56,0.0
553,3,10,150,56,0.13528660262448355
554,3,10,150,56,0.0
555,3,10,150,56,0.037070343480771185
556,3,10,150,56,0.2848749592866812
557,3,10,150,56,0.044530079137671444
558,3,10,150,56,0.21398626473452756
559,3,10,150,56,0.07557866567222271
560,3,10,150,56,0.11942337490935596
561,3,10,150,56,0.08263251028195202
562,3,10,150,56,0.1104306301470049
563,3,10,150,56,0.10791970824616881
564,3,10,150,56,0.0
565,3,10,150,56,0.17360338152027138
566,3,10,150,56,0.11935234359120704
567,3,10,150,56,0.32613532716239035
568,3,10,150,56,0.07161318866452264
569,3,10,150,56,0.023835426911994775
570,3,10,150,56,0.0
571,3,10,150,56,0.0512644431393966
572,3,10,150,56,0.30260241349881345
573,3,10,150,56,0.0
574,3,10,150,56,0.0
575,3,10,150,56,0.13043262693172047
576,3,10,150,56,0.0
577,3,10,150,56,0.20958944536898472
578,3,10,150,56,0.0
579,3,10,150,56,0.06152644703210656
580,3,10,150,56,0.03144137376097698
581,3,10,150,56,0.0
582,3,10,150,56,0.06679511870650716
583,3,10,150,56,0.0874717141014082
584,3,10,150,56,0.20261715588288354
585,3,10,150,56,0.042225550968526857
586,3,10,150,56,0.07594463118077993
587,3,10,150,56,0.0
588,3,10,150,56,0.2506391845720377
589,3,10,150,56,0.0336639187988199
590,3,10,150,56,0.17154483744357613
591,3,10,150,56,0.08651464973019597
592,3,10,150,56,0.3384950666341229
593,3,10,150,56,0.12606435519690137
594,3,10,150,56,0.0
595,3,10,150,56,0.055965373307784824
596,3,10,150,56,0.09803928583135704
597,3,10,150,56,0.0
598,3,10,150,56,0.0
599,3,10,150,56,0.02506539947940475
600,3,10,150,56,0.13574631165894233
601,3,10,150,56,0.13860984716911284
602,3,10,150,56,0.041278922835426404
603,3,10,150,56,0.12541207695631323
604,3,10,150,56,0.0
605,3,10,150,56,0.15136987527520723
606,3,10,150,56,0.36509957369383395
607,3,10,150,56,0.0308875359117713
608,3,10,150,56,0.24142229272456597
609,3,10,150,56,0.0
610,3,10,150,56,0.08443863559321411
611,3,10,150,56,0.11427148631085453
612,3,10,150,56,0.09162544430476362
613,3,10,150,56,0.1652462050665711
614,3,10,150,56,0.1467868763787456
615,3,10,150,56,0.14155559941296994
616,3,10,150,56,0.030480958763669998
617,3,10,150,56,0.038287076928437726
618,3,10,150,56,0.09673825628043906
619,3,10,150,56,0.13379581792476064
620,3,10,150,56,0.207826427857141
621,3,10,150,56,0.10380429422450843
622,3,10,150,56,0.19876754596794222
623,3,10,150,56,0.04214302778527282
624,3,10,150,56,0.019629883028395242
625,3,10,150,56,0.06672272773479279
626,3,10,150,56,0.0
627,3,10,150,56,0.1232747452140104
628,3,10,150,56,0.0
629,3,10,150,56,0.24674506035854205
630,3,10,150,56,0.10834532177911152
631,3,10,150,56,0.13449792459172438
632,3,10,150,56,0.06934269739950429
633,3,10,150,56,0.050456115328747164
634,3,10,150,56,0.09692094009503625
635,3,10,150,56,0.0
636,3,10,150,56,0.3615974840572412
637,3,10,150,56,0.02898066279104336
638,3,10,150,56,0.05152901435389809
639,3,10,150,56,0.0
640,3,10,150,56,0.14971838572911914
641,3,10,150,56,0.051358492238643604
642,3,10,150,56,0.32273593778283755
643,3,10,150,56,0.27633751102632187
644,3,10,150,56,0.0
645,3,10,150,56,0.16338171596108064
646,3,10,150,56,0.11243817952384734
647,3,10,150,56,0.06590268968688952
648,3,10,150,56,0.28868575154571674
649,3,10,150,56,0.04336490181597879
650,3,10,150,56,0.12058135318163614
651,3,10,150,56,0.0
652,3,10,150,56,0.0
653,3,10,150,56,0.12424253706645783
654,3,10,150,56,0.06431227905264436
655,3,10,150,56,0.42630384818668066
656,3,10,150,56,0.0
657,3,10,150,56,0.2504953915210566
658,3,10,150,56,0.08499291210154789
659,3,10,150,56,0.12755870646360187
660,3,10,150,56,0.012712181110164693
661,3,10,150,56,0.17799532488490244
662,3,10,150,56,0.0
663,3,10,150,56,0.1326671636802313
664,3,10,150,56,0.2981380442413011
665,3,10,150,56,0.035872861022070164
666,3,10,150,56,0.1371755537078351
667,3,10,150,56,0.10252914961543841
668,3,10,150,56,0.0
669,3,10,150,56,0.19588788032265295
670,3,10,150,56,0.0
671,3,10,150,56,0.19386142581938012
672,3,10,150,56,0.07973520350569015
673,3,10,150,56,0.0
674,3,10,150,56,0.0
675,3,10,150,56,0.0382580635535654
676,3,10,150,56,0.22358931366364498
677,3,10,150,56,0.10158983531347915
678,3,10,150,56,0.0
679,3,10,150,56,0.16417658872889113
680,3,10,150,56,0.0
681,3,10,150,56,0.0
682,3,10,150,56,0.29524771906201064
683,3,10,150,56,0.045215225629604006
684,3,10,150,56,0.03158850394477252
685,3,10,150,56,0.16662900720865959
686,3,10,150,56,0.15669346910555695
687,3,10,150,56,0.0
688,3,10,150,56,0.0
689,3,10,150,56,0.37279254620421465
690,3,10,150,56,0.24802939400095458
691,3,10,150,56,0.6023709850354425
692,3,10,150,56,0.03353522641880846
693,3,10,150,56,0.048835631137495804
694,3,10,150,56,0.22155844640664898
695,3,10,150,56,0.02951022367272685
696,3,10,150,56,0.08111636357522063
697,3,10,150,56,0.06832568397816181
698,3,10,150,56,0.0
699,3,10,150,56,0.0595317973177571
700,3,10,150,56,0.0
701,3,10,150,56,0.0906790485156717
702,3,10,150,56,0.0
703,3,10,150,56,0.21888235022994418
704,3,10,150,56,0.1837388566713383
705,3,10,150,56,0.23218509658433442
706,3,10,150,56,0.0
707,3,10,150,56,0.27794557967490496
708,3,10,150,56,0.03476299583640518
709,3,10,150,56,0.14143393670228208
710,3,10,150,56,0.25040922491354684
711,3,10,150,56,0.21881161608390923
712,3,10,150,56,0.0819629127694133
713,3,10,150,56,0.0
714,3,10,150,56,0.09998274523051486
715,3,10,150,56,0.18888966762467532
716,3,10,150,56,0.28862053551263467
717,3,10,150,56,0.08455030681958395
718,3,10,150,56,0.0
719,3,10,150,56,0.10353175087921149
720,3,10,150,56,0.0
721,3,10,150,56,0.08687249167321089
722,3,10,150,56,0.07401896317743158
723,3,10,150,56,0.0
724,3,10,150,56,0.0
725,3,10,150,56,0.04733244938590725
726,3,10,150,56,0.061080020762274374
727,3,10,150,56,0.09232206992557139
728,3,10,150,56,0.0
729,3,10,150,56,0.0
730,3,10,150,56,0.0
731,3,10,150,56,0.1935015812983906
732,3,10,150,56,0.05717828980196049
733,3,10,150,56,0.020730875129846955
734,3,10,150,56,0.08131766139183766
735,3,10,150,56,0.08151055815578559
736,3,10,150,56,0.047009109882897075
737,3,10,150,56,0.12127716502890909
738,3,10,150,56,0.09907057054543131
739,3,10,150,56,0.18767092572990207
740,3,10,150,56,0.0523780734795101
741,3,10,150,56,0.0787396033907249
742,3,10,150,56,0.0527075128660253
743,3,10,150,56,0.1194783875505714
744,3,10,150,56,0.0
745,3,10,150,56,0.06774344219296054
746,3,10,150,56,0.24124954544361757
747,3,10,150,56,0.22078545109535105
748,3,10,150,56,0.04132344798443041
749,3,10,150,56,0.3483184545948587
750,3,10,150,56,0.18000575664763457
751,3,10,150,56,0.05059789125164855
752,3,10,150,56,0.08155432360208091
753,3,10,150,56,0.04072612696308379
754,3,10,150,56,0.0
755,3,10,150,56,0.0
756,3,10,150,56,0.044143057780823704
757,3,10,150,56,0.1088815023385917
758,3,10,150,56,0.24231374774636985
759,3,10,150,56,0.0
760,3,10,150,56,0.16006374561654185
761,3,10,150,56,0.17663858756688974
762,3,10,150,56,0.0
763,3,10,150,56,0.10697348874072295
764,3,10,150,56,0.04710969775183564
765,3,10,150,56,0.0966785411876802
766,3,10,150,56,0.035191004809260996
767,3,10,150,56,0.1269544353559099
768,3,10,150,56,0.09997171219938322
769,3,10,150,56,0.0
770,3,10,150,56,0.18348359547343202
771,3,10,150,56,0.051111361357474266
772,3,10,150,56,0.038996699933076286
773,3,10,150,56,0.15659560794124947
774,3,10,150,56,0.0
775,3,10,150,56,0.0
776,3,10,150,56,0.024267484090652828
777,3,10,150,56,0.0
778,3,10,150,56,0.08961728720334347
779,3,10,150,56,0.0
780,3,10,150,56,0.12311997034702767
781,3,10,150,56,0.12572447169101508
782,3,10,150,56,0.0
783,3,10,150,56,0.0
784,3,10,150,56,0.04582425041433568
785,3,10,150,56,0.2848262604068979
786,3,10,150,56,0.13901223847985233
787,3,10,150,56,0.0
788,3,10,150,56,0.0471974275531646
789,3,10,150,56,0.14531023848228133
790,3,10,150,56,0.07123716589548494
791,3,10,150,56,0.059480024314918285
792,3,10,150,56,0.0946587791577201
793,3,10,150,56,0.11843263243420837
794,3,10,150,56,0.1578863001786244
795,3,10,150,56,0.06886690743551852
796,3,10,150,56,0.0879002921350004
797,3,10,150,56,0.13905617951077562
798,3,10,150,56,0.013788754828346865
799,3,10,150,56,0.2836929289153804
800,3,10,150,56,0.0
801,3,10,150,56,0.0
802,3,10,150,56,0.05621908976192367
803,3,10,150,56,0.0
804,3,10,150,56,0.24504589453190728
805,3,10,150,56,0.13666019518631647
806,3,10,150,56,0.08516241029898401
807,3,10,150,56,0.18716126069796726
808,3,10,150,56,0.0
809,3,10,150,56,0.0
810,3,10,150,56,0.0
811,3,10,150,56,0.05840183867278569
812,3,10,150,56,0.11600766930798434
813,3,10,150,56,0.06916902856231065
814,3,10,150,56,0.054181637470214
815,3,10,150,56,0.10380674919178415
816,3,10,150,56,0.10105367325027378
817,3,10,150,56,0.0
818,3,10,150,56,0.05187864210776578
819,3,10,150,56,0.0
820,3,10,150,56,0.12262943855309168
821,3,10,150,56,0.053168340515114924
822,3,10,150,56,0.0
823,3,10,150,56,0.12115332041009189
824,3,10,150,56,0.0
825,3,10,150,56,0.16434089815347858
826,3,10,150,56,0.1104586032397152
827,3,10,150,56,0.0
828,3,10,150,56,0.0
829,3,10,150,56,0.08143169212679746
830,3,10,150,56,0.13003750163762204
831,3,10,150,56,0.04522637401768292
832,3,10,150,56,0.0
833,3,10,150,56,0.05828935682373833
834,3,10,150,56,0.0
835,3,10,150,56,0.131093662595089
836,3,10,150,56,0.05097554749895306
837,3,10,150,56,0.05351287869030783
838,3,10,150,56,0.08633629724227374
839,3,10,150,56,0.0
840,3,10,150,56,0.1518245759629103
841,3,10,150,56,0.0
842,3,10,150,56,0.0
843,3,10,150,56,0.04209275315645388
844,3,10,150,56,0.0
845,3,10,150,56,0.0
846,3,10,150,56,0.11662703350603346
847,3,10,150,56,0.0
848,3,10,150,56,0.03618657486793958
849,3,10,150,56,0.0
850,3,10,150,56,0.06228974831361337
851,3,10,150,56,0.2277008805972924
852,3,10,150,56,0.07256783117062009
853,3,10,150,56,0.0
854,3,10,150,56,0.0
855,3,10,150,56,0.0
856,3,10,150,56,0.0
857,3,10,150,56,0.0
858,3,10,150,56,0.0
859,3,10,150,56,0.0
860,3,10,150,56,0.0
861,3,10,150,56,0.12754356661958802
862,3,10,150,56,0.1014543205029727
863,3,10,150,56,0.0
864,3,10,150,56,0.19756506460263396
865,3,10,150,56,0.0
866,3,10,150,56,0.0
867,3,10,150,56,0.13120507751234178
868,3,10,150,56,0.0
870,3,10,150,56,0.0
871,3,10,150,56,0.0
872,3,10,150,56,0.0
875,3,10,150,56,0.1395953738647505
876,3,10,150,56,0.0
877,3,10,150,56,0.0
1,3,10,150,57,0.6247579375131872
2,3,10,150,57,0.10688238502350729
3,3,10,150,57,0.0
4,3,10,150,57,0.0
5,3,10,150,57,0.0819283960923954
6,3,10,150,57,0.05340978172012693
7,3,10,150,57,0.16294855959391055
8,3,10,150,57,0.0554835367217868
9,3,10,150,57,0.0
10,3,10,150,57,0.16409920264511527
11,3,10,150,57,0.049016076581777215
12,3,10,150,57,0.04822019817866397
13,3,10,150,57,0.19939112209340604
14,3,10,150,57,0.05601843521033356
15,3,10,150,57,0.0
16,3,10,150,57,0.1653353975675179
17,3,10,150,57,0.12066394366711926
18,3,10,150,57,0.16957655256734583
19,3,10,150,57,0.0
20,3,10,150,57,0.14530105135237878
21,3,10,150,57,0.03475017269886857
22,3,10,150,57,0.1468275080577048
23,3,10,150,57,0.18360000301566626
24,3,10,150,57,0.311062094929455
25,3,10,150,57,0.0
26,3,10,150,57,0.030421795212869307
28,3,10,150,57,0.0
29,3,10,150,57,0.0
30,3,10,150,57,0.0979129253499678
31,3,10,150,57,0.06076546216996844
32,3,10,150,57,0.0
33,3,10,150,57,0.0
34,3,10,150,57,0.0
35,3,10,150,57,0.07108348368841133
37,3,10,150,57,0.0488929053971083
38,3,10,150,57,0.03215366848272267
39,3,10,150,57,0.0
40,3,10,150,57,0.0
41,3,10,150,57,0.0
42,3,10,150,57,0.14144963799422255
43,3,10,150,57,0.2516718289406818
44,3,10,150,57,0.07698159974258616
45,3,10,150,57,0.04505000432618384
46,3,10,150,57,0.2524329124868603
47,3,10,150,57,0.0
48,3,10,150,57,0.14225564083314088
49,3,10,150,57,0.08545966314334597
50,3,10,150,57,0.0
51,3,10,150,57,0.18953836965473142
52,3,10,150,57,0.04892579731758021
53,3,10,150,57,0.09546043308946733
54,3,10,150,57,0.07984133538066794
55,3,10,150,57,0.0
56,3,10,150,57,0.03975645576081676
57,3,10,150,57,0.0
58,3,10,150,57,0.10796876451088402
59,3,10,150,57,0.1825401339226324
60,3,10,150,57,0.12123807080432077
61,3,10,150,57,0.0
62,3,10,150,57,0.03806940785769845
63,3,10,150,57,0.03554915059547175
64,3,10,150,57,0.0
65,3,10,150,57,0.2994759515353249
66,3,10,150,57,0.0
67,3,10,150,57,0.0
68,3,10,150,57,0.0
69,3,10,150,57,0.11503055012584398
70,3,10,150,57,0.0
71,3,10,150,57,0.07955752067133452
72,3,10,150,57,0.16084022171949366
73,3,10,150,57,0.051960280791503534
74,3,10,150,57,0.0
75,3,10,150,57,0.11731968150568911
76,3,10,150,57,0.14804398249667974
77,3,10,150,57,0.45287742747371695
78,3,10,150,57,0.0
79,3,10,150,57,0.0
80,3,10,150,57,0.08297572808511901
81,3,10,150,57,0.0
82,3,10,150,57,0.08926877557705373
83,3,10,150,57,0.04630610387058298
84,3,10,150,57,0.0
85,3,10,150,57,0.06966660916502733
86,3,10,150,57,0.07738888769495082
87,3,10,150,57,0.10058161863664324
88,3,10,150,57,0.0
89,3,10,150,57,0.22860031301980846
90,3,10,150,57,0.19778120236014796
91,3,10,150,57,0.13114221140465185
92,3,10,150,57,0.03690254550997565
93,3,10,150,57,0.0
94,3,10,150,57,0.1785123466504993
95,3,10,150,57,0.061836172422412086
96,3,10,150,57,0.19186450284072096
97,3,10,150,57,0.09558339637123096
98,3,10,150,57,0.08878770367712427
99,3,10,150,57,0.029785542524894418
100,3,10,150,57,0.0892789338684584
101,3,10,150,57,0.0
102,3,10,150,57,0.026001814664123827
103,3,10,150,57,0.07673373981757839
104,3,10,150,57,0.12171451575741458
106,3,10,150,57,0.05261577455142312
107,3,10,150,57,0.0
108,3,10,150,57,0.0
109,3,10,150,57,0.11259960483764554
110,3,10,150,57,0.039667414566743345
111,3,10,150,57,0.0
112,3,10,150,57,0.06510475888148554
113,3,10,150,57,0.05449144662575446
114,3,10,150,57,0.07610811271330754
115,3,10,150,57,0.046806851959664796
116,3,10,150,57,0.07814915695077672
117,3,10,150,57,0.10135360124281675
118,3,10,150,57,0.0
119,3,10,150,57,0.06127983274634642
121,3,10,150,57,0.06245141164382474
122,3,10,150,57,0.03984598490051017
123,3,10,150,57,0.46927872602275644
124,3,10,150,57,0.10889376106823218
125,3,10,150,57,0.15602345563935235
126,3,10,150,57,0.0
127,3,10,150,57,0.0
128,3,10,150,57,0.027576277569513717
129,3,10,150,57,0.0
130,3,10,150,57,0.08034382158496219
131,3,10,150,57,0.2803335894048546
132,3,10,150,57,0.1431991570830273
133,3,10,150,57,0.0
134,3,10,150,57,0.0
135,3,10,150,57,0.0
136,3,10,150,57,0.40257390286801836
137,3,10,150,57,0.0
138,3,10,150,57,0.21222747957761057
139,3,10,150,57,0.0
140,3,10,150,57,0.0
141,3,10,150,57,0.17799763794582682
142,3,10,150,57,0.30260241349881345
143,3,10,150,57,0.0
144,3,10,150,57,0.2143720535700613
145,3,10,150,57,0.06384607724228114
146,3,10,150,57,0.0
147,3,10,150,57,0.07610811271330754
148,3,10,150,57,0.042512356679180144
149,3,10,150,57,0.05446824630887794
150,3,10,150,57,0.0
151,3,10,150,57,0.1467394379667669
152,3,10,150,57,0.026230448379684728
153,3,10,150,57,0.06516188295518531
154,3,10,150,57,0.055100238151135045
155,3,10,150,57,0.0
156,3,10,150,57,0.07028063830038406
157,3,10,150,57,0.05840183867278569
158,3,10,150,57,0.055805240881847164
159,3,10,150,57,0.11026617795298452
160,3,10,150,57,0.060934076158944916
161,3,10,150,57,0.0
162,3,10,150,57,0.0
163,3,10,150,57,0.0
164,3,10,150,57,0.0
165,3,10,150,57,0.09149012142095872
166,3,10,150,57,0.0
167,3,10,150,57,0.03395822402998728
168,3,10,150,57,0.0
169,3,10,150,57,0.055427457405235275
170,3,10,150,57,0.0
171,3,10,150,57,0.0
172,3,10,150,57,0.0
173,3,10,150,57,0.0
174,3,10,150,57,0.05481171384122219
175,3,10,150,57,0.4413254197204702
176,3,10,150,57,0.0347693136731627
177,3,10,150,57,0.0
178,3,10,150,57,0.18053947820976404
179,3,10,150,57,0.06599888514927177
180,3,10,150,57,0.0
181,3,10,150,57,0.03431258901928648
182,3,10,150,57,0.13120507751234178
183,3,10,150,57,0.0
184,3,10,150,57,0.0
185,3,10,150,57,0.0
186,3,10,150,57,0.0
187,3,10,150,57,0.2004102107997965
188,3,10,150,57,0.026527518023781966
189,3,10,150,57,0.22982757951573698
190,3,10,150,57,0.0
191,3,10,150,57,0.07335312372354855
192,3,10,150,57,0.0
193,3,10,150,57,0.0
194,3,10,150,57,0.06940506569418536
195,3,10,150,57,0.10257737475069033
196,3,10,150,57,0.17342765698823945
197,3,10,150,57,0.07304192939088519
198,3,10,150,57,0.10387325901274824
199,3,10,150,57,0.052106753859569234
200,3,10,150,57,0.0971420957831845
201,3,10,150,57,0.19582467424205724
202,3,10,150,57,0.0
203,3,10,150,57,0.0
204,3,10,150,57,0.0
205,3,10,150,57,0.11600766930798434
206,3,10,150,57,0.0
207,3,10,150,57,0.07922167747488142
208,3,10,150,57,0.0
209,3,10,150,57,0.070675417981692
210,3,10,150,57,0.0
211,3,10,150,57,0.0
212,3,10,150,57,0.0559167101555819
213,3,10,150,57,0.08985507164305877
214,3,10,150,57,0.1257260924843343
215,3,10,150,57,0.157288596461893
216,3,10,150,57,0.27735230728218535
217,3,10,150,57,0.13000004444613666
218,3,10,150,57,0.06323567569191428
219,3,10,150,57,0.0
220,3,10,150,57,0.07807600999842033
221,3,10,150,57,0.12213234467515617
222,3,10,150,57,0.1483732210811898
223,3,10,150,57,0.039270700903099615
224,3,10,150,57,0.0
225,3,10,150,57,0.047125238474713914
226,3,10,150,57,0.0
227,3,10,150,57,0.0
229,3,10,150,57,0.0
230,3,10,150,57,0.12509211662197797
231,3,10,150,57,0.0
232,3,10,150,57,0.0
233,3,10,150,57,0.1771248231078435
234,3,10,150,57,0.12855393914452
235,3,10,150,57,0.08312042273022706
236,3,10,150,57,0.12127042983235181
237,3,10,150,57,0.04776398023609584
238,3,10,150,57,0.0
239,3,10,150,57,0.12691627784085696
240,3,10,150,57,0.10235170428306553
241,3,10,150,57,0.1381300260171807
242,3,10,150,57,0.0
243,3,10,150,57,0.0
244,3,10,150,57,0.1324362264265921
245,3,10,150,57,0.0
246,3,10,150,57,0.08356426880363813
247,3,10,150,57,0.15642624200758548
248,3,10,150,57,0.23451355966072135
249,3,10,150,57,0.3041992014465808
250,3,10,150,57,0.07806699296748765
251,3,10,150,57,0.0
252,3,10,150,57,0.0
253,3,10,150,57,0.0
254,3,10,150,57,0.036502603141236205
255,3,10,150,57,0.10933464083642679
256,3,10,150,57,0.04856627791226961
257,3,10,150,57,0.12830873359117523
258,3,10,150,57,0.0
259,3,10,150,57,0.0
260,3,10,150,57,0.0
261,3,10,150,57,0.0
262,3,10,150,57,0.0
263,3,10,150,57,0.32837769821077345
264,3,10,150,57,0.2969281197911131
265,3,10,150,57,0.19802572813668026
266,3,10,150,57,0.0
267,3,10,150,57,0.21076490690365068
268,3,10,150,57,0.10827784002385153
269,3,10,150,57,0.040019695500760184
270,3,10,150,57,0.025165377029617318
271,3,10,150,57,0.10729393508609222
272,3,10,150,57,0.05334621352524345
273,3,10,150,57,0.0
274,3,10,150,57,0.0
275,3,10,150,57,0.0
276,3,10,150,57,0.21313602831641912
277,3,10,150,57,0.0
278,3,10,150,57,0.0
279,3,10,150,57,0.11170719728400651
280,3,10,150,57,0.07316593591075989
281,3,10,150,57,0.0
282,3,10,150,57,0.09659953929285248
283,3,10,150,57,0.0
284,3,10,150,57,0.0
285,3,10,150,57,0.0
286,3,10,150,57,0.016140534521312585
287,3,10,150,57,0.0
288,3,10,150,57,0.13999259891013252
289,3,10,150,57,0.0
290,3,10,150,57,0.09647783930421741
291,3,10,150,57,0.17775326828407884
292,3,10,150,57,0.27665227928348557
293,3,10,150,57,0.039886242726549496
294,3,10,150,57,0.07456347221081044
295,3,10,150,57,0.12123998403830039
296,3,10,150,57,0.1313923743616208
297,3,10,150,57,0.030868393892711742
298,3,10,150,57,0.13814728270261697
299,3,10,150,57,0.06251231174305825
300,3,10,150,57,0.0
301,3,10,150,57,0.1296575124303738
302,3,10,150,57,0.07335312372354855
303,3,10,150,57,0.1911043679719534
304,3,10,150,57,0.0
305,3,10,150,57,0.05428021340641747
306,3,10,150,57,0.0
307,3,10,150,57,0.13128644747266613
308,3,10,150,57,0.04491835474236992
309,3,10,150,57,0.0
310,3,10,150,57,0.2890648263178879
311,3,10,150,57,0.17512035582237062
312,3,10,150,57,0.16963857451199318
313,3,10,150,57,0.09586943528179451
314,3,10,150,57,0.10507089418815024
315,3,10,150,57,0.09785159463516042
316,3,10,150,57,0.06076546216996844
317,3,10,150,57,0.0
318,3,10,150,57,0.07377376675297492
319,3,10,150,57,0.0
320,3,10,150,57,0.08947300054212491
321,3,10,150,57,0.08223795175588802
322,3,10,150,57,0.07955752067133452
323,3,10,150,57,0.12229181918924699
324,3,10,150,57,0.0
325,3,10,150,57,0.0
326,3,10,150,57,0.10817904857938596
327,3,10,150,57,0.0
328,3,10,150,57,0.11126818073657672
329,3,10,150,57,0.056720838976548935
330,3,10,150,57,0.3028509129070748
331,3,10,150,57,0.0
332,3,10,150,57,0.09937017023483655
333,3,10,150,57,0.0
334,3,10,150,57,0.1140937887001969
335,3,10,150,57,0.0
336,3,10,150,57,0.0
337,3,10,150,57,0.16908993508344605
338,3,10,150,57,0.08388555279643939
339,3,10,150,57,0.1856477756884163
340,3,10,150,57,0.12647135138382856
341,3,10,150,57,0.0
342,3,10,150,57,0.11944501566498536
343,3,10,150,57,0.340718176497563
344,3,10,150,57,0.13804010954782428
345,3,10,150,57,0.1302817386077542
346,3,10,150,57,0.1264086027263655
347,3,10,150,57,0.09642724089192412
348,3,10,150,57,0.0
349,3,10,150,57,0.07123530534387781
350,3,10,150,57,0.2314071217459096
351,3,10,150,57,0.0
352,3,10,150,57,0.16282653392890226
353,3,10,150,57,0.09489642549953911
354,3,10,150,57,0.033699515540238464
355,3,10,150,57,0.0
356,3,10,150,57,0.0
357,3,10,150,57,0.0
358,3,10,150,57,0.26730206653594746
359,3,10,150,57,0.14341929980357182
360,3,10,150,57,0.10496459329418281
361,3,10,150,57,0.0
362,3,10,150,57,0.0
363,3,10,150,57,0.1867805234163032
364,3,10,150,57,0.0
365,3,10,150,57,0.0989084497079971
366,3,10,150,57,0.10684080426179023
367,3,10,150,57,0.1410054764628891
368,3,10,150,57,0.0
369,3,10,150,57,0.0
370,3,10,150,57,0.045683428159663184
371,3,10,150,57,0.174231549865924
372,3,10,150,57,0.10673919722548196
373,3,10,150,57,0.18128610071101886
374,3,10,150,57,0.1523273086076386
375,3,10,150,57,0.0
376,3,10,150,57,0.0
377,3,10,150,57,0.053168340515114924
378,3,10,150,57,0.06141749009333813
379,3,10,150,57,0.13557533657177168
380,3,10,150,57,0.0
381,3,10,150,57,0.08294243278442993
382,3,10,150,57,0.07847428227110642
383,3,10,150,57,0.03539807129574854
384,3,10,150,57,0.08759200575528697
385,3,10,150,57,0.1546778125427113
386,3,10,150,57,0.0
387,3,10,150,57,0.03814967334348895
388,3,10,150,57,0.029785542524894418
389,3,10,150,57,0.13183633031089573
390,3,10,150,57,0.21398626473452756
391,3,10,150,57,0.2558645268575362
392,3,10,150,57,0.06327372362257774
393,3,10,150,57,0.17564633766523288
394,3,10,150,57,0.12900206501129066
395,3,10,150,57,0.09286934188709499
396,3,10,150,57,0.0
397,3,10,150,57,0.10643931441962817
398,3,10,150,57,0.12204637821038242
399,3,10,150,57,0.025255318824383154
400,3,10,150,57,0.0
401,3,10,150,57,0.0
402,3,10,150,57,0.469779625693621
403,3,10,150,57,0.0
404,3,10,150,57,0.0
405,3,10,150,57,0.23814606273615893
406,3,10,150,57,0.15135850147011026
407,3,10,150,57,0.07343764708220529
408,3,10,150,57,0.12083071655728543
409,3,10,150,57,0.15086419336317547
410,3,10,150,57,0.0
411,3,10,150,57,0.1128999930808451
412,3,10,150,57,0.0
413,3,10,150,57,0.10122860821230018
414,3,10,150,57,0.0
415,3,10,150,57,0.07605458145297357
416,3,10,150,57,0.30745988442861405
417,3,10,150,57,0.06587035281845323
418,3,10,150,57,0.07001560573318603
419,3,10,150,57,0.26168079122473237
420,3,10,150,57,0.0527075128660253
421,3,10,150,57,0.202729931306865
422,3,10,150,57,0.0
423,3,10,150,57,0.0
424,3,10,150,57,0.13291000263869587
425,3,10,150,57,0.0
426,3,10,150,57,0.10004388309532918
427,3,10,150,57,0.0
428,3,10,150,57,0.0
429,3,10,150,57,0.1599588333424135
430,3,10,150,57,0.062242588308449316
431,3,10,150,57,0.0
432,3,10,150,57,0.0
433,3,10,150,57,0.0
434,3,10,150,57,0.25803884452092735
435,3,10,150,57,0.24994553100108347
436,3,10,150,57,0.09291494561763272
437,3,10,150,57,0.04416383622049341
438,3,10,150,57,0.0
439,3,10,150,57,0.0
440,3,10,150,57,0.10025741859697787
441,3,10,150,57,0.0
442,3,10,150,57,0.058478916078390675
443,3,10,150,57,0.056720838976548935
444,3,10,150,57,0.19519002499605084
445,3,10,150,57,0.0
446,3,10,150,57,0.0
447,3,10,150,57,0.09914294517496557
448,3,10,150,57,0.0
449,3,10,150,57,0.0
450,3,10,150,57,0.32803635725916325
451,3,10,150,57,0.0
452,3,10,150,57,0.048188247044562364
453,3,10,150,57,0.13392124957971085
454,3,10,150,57,0.0
455,3,10,150,57,0.1760702282199838
456,3,10,150,57,0.160726259444355
457,3,10,150,57,0.4426434367595289
458,3,10,150,57,0.12059750656999586
459,3,10,150,57,0.04901586605894737
460,3,10,150,57,0.0
461,3,10,150,57,0.10778915452451093
462,3,10,150,57,0.16728714615527887
463,3,10,150,57,0.1032589365938857
464,3,10,150,57,0.04931346192675315
465,3,10,150,57,0.0733934381893728
466,3,10,150,57,0.0750834162528243
467,3,10,150,57,0.032842167909375275
468,3,10,150,57,0.4424763580282471
469,3,10,150,57,0.050924439617225085
470,3,10,150,57,0.040162930685297936
471,3,10,150,57,0.0
472,3,10,150,57,0.30311474528283316
473,3,10,150,57,0.050005013043213774
474,3,10,150,57,0.34336556979787836
475,3,10,150,57,0.0
476,3,10,150,57,0.12097589732794561
477,3,10,150,57,0.0
478,3,10,150,57,0.2059565668593519
479,3,10,150,57,0.07893633843817272
480,3,10,150,57,0.0881980292211471
481,3,10,150,57,0.05234104579082298
482,3,10,150,57,0.10209739512291163
483,3,10,150,57,0.06194403202282284
484,3,10,150,57,0.27714485683696083
485,3,10,150,57,0.0
486,3,10,150,57,0.06108300840136219
487,3,10,150,57,0.11831677322585148
488,3,10,150,57,0.05887472794707303
489,3,10,150,57,0.0
490,3,10,150,57,0.06490403551612171
491,3,10,150,57,0.17758207479178334
492,3,10,150,57,0.08328180879069912
493,3,10,150,57,0.23552414445241532
494,3,10,150,57,0.11299367690705851
495,3,10,150,57,0.10210754529455374
496,3,10,150,57,0.07271211160102074
497,3,10,150,57,0.041123190891585615
498,3,10,150,57,0.0343217267714905
499,3,10,150,57,0.11352658248311334
500,3,10,150,57,0.04698773570888995
501,3,10,150,57,0.0
502,3,10,150,57,0.0
503,3,10,150,57,0.23688393797410975
504,3,10,150,57,0.08965626842422401
505,3,10,150,57,0.025255271126572616
506,3,10,150,57,0.13876055531438974
507,3,10,150,57,0.0
508,3,10,150,57,0.17050987036516796
509,3,10,150,57,0.0
510,3,10,150,57,0.17032928501352598
511,3,10,150,57,0.12155021559723776
512,3,10,150,57,0.0
513,3,10,150,57,0.05276490902632437
514,3,10,150,57,0.23062391679608812
515,3,10,150,57,0.0
516,3,10,150,57,0.07947838320659593
517,3,10,150,57,0.03859643636257609
518,3,10,150,57,0.05268083714989503
519,3,10,150,57,0.0
520,3,10,150,57,0.0
521,3,10,150,57,0.07649261318048692
522,3,10,150,57,0.16542389351858164
523,3,10,150,57,0.1705239552439998
524,3,10,150,57,0.06338994289500748
525,3,10,150,57,0.06516045994396072
526,3,10,150,57,0.03112959369469351
527,3,10,150,57,0.21068702285875093
528,3,10,150,57,0.1255942414278791
529,3,10,150,57,0.03208343640786788
530,3,10,150,57,0.0
531,3,10,150,57,0.0
532,3,10,150,57,0.20071734211223138
533,3,10,150,57,0.15230176070307128
534,3,10,150,57,0.10040759964046686
535,3,10,150,57,0.2257986365701883
536,3,10,150,57,0.1568966985754741
537,3,10,150,57,0.3804851043730742
538,3,10,150,57,0.09944592215223559
539,3,10,150,57,0.04851068933953057
540,3,10,150,57,0.0
541,3,10,150,57,0.06337469398538446
542,3,10,150,57,0.04294079226347803
543,3,10,150,57,0.0
544,3,10,150,57,0.0
545,3,10,150,57,0.1627301445786375
546,3,10,150,57,0.10441409560474312
547,3,10,150,57,0.04528995543568932
548,3,10,150,57,0.08556622378188056
549,3,10,150,57,0.10184659627402569
550,3,10,150,57,0.0845667599404342
551,3,10,150,57,0.25522612029211594
552,3,10,150,57,0.0
553,3,10,150,57,0.13528660262448355
554,3,10,150,57,0.0
555,3,10,150,57,0.037070343480771185
556,3,10,150,57,0.2848749592866812
557,3,10,150,57,0.044530079137671444
558,3,10,150,57,0.21398626473452756
559,3,10,150,57,0.07557866567222271
560,3,10,150,57,0.11942337490935596
561,3,10,150,57,0.08163271224786553
562,3,10,150,57,0.13039618350985502
563,3,10,150,57,0.10791970824616881
564,3,10,150,57,0.0
565,3,10,150,57,0.17360338152027138
566,3,10,150,57,0.11935234359120704
567,3,10,150,57,0.32218930812181507
568,3,10,150,57,0.07161318866452264
569,3,10,150,57,0.023835426911994775
570,3,10,150,57,0.0
571,3,10,150,57,0.0512644431393966
572,3,10,150,57,0.30260241349881345
573,3,10,150,57,0.0
574,3,10,150,57,0.0
575,3,10,150,57,0.13043262693172047
576,3,10,150,57,0.0
577,3,10,150,57,0.20705355344545254
578,3,10,150,57,0.0
579,3,10,150,57,0.06152644703210656
580,3,10,150,57,0.03144137376097698
581,3,10,150,57,0.0
582,3,10,150,57,0.06679511870650716
583,3,10,150,57,0.13912814892946682
584,3,10,150,57,0.20261715588288354
585,3,10,150,57,0.042225550968526857
586,3,10,150,57,0.07502575200483709
587,3,10,150,57,0.0
588,3,10,150,57,0.24760661829582115
589,3,10,150,57,0.0336639187988199
590,3,10,150,57,0.17154483744357613
591,3,10,150,57,0.08651464973019597
592,3,10,150,57,0.34649883330732506
593,3,10,150,57,0.12453906092635113
594,3,10,150,57,0.0
595,3,10,150,57,0.055965373307784824
596,3,10,150,57,0.09803928583135704
597,3,10,150,57,0.0
598,3,10,150,57,0.0
599,3,10,150,57,0.02506539947940475
600,3,10,150,57,0.13574631165894233
601,3,10,150,57,0.1369327608476172
602,3,10,150,57,0.041278922835426404
603,3,10,150,57,0.12541207695631323
604,3,10,150,57,0.0
605,3,10,150,57,0.15136987527520723
606,3,10,150,57,0.3727814436490812
607,3,10,150,57,0.0308875359117713
608,3,10,150,57,0.23850124466700265
609,3,10,150,57,0.0
610,3,10,150,57,0.08443863559321411
611,3,10,150,57,0.11427148631085453
612,3,10,150,57,0.09162544430476362
613,3,10,150,57,0.1652462050665711
614,3,10,150,57,0.1467868763787456
615,3,10,150,57,0.14155559941296994
616,3,10,150,57,0.030480958763669998
617,3,10,150,57,0.038287076928437726
618,3,10,150,57,0.10766711845048509
619,3,10,150,57,0.13379581792476064
620,3,10,150,57,0.207826427857141
621,3,10,150,57,0.10254833178380224
622,3,10,150,57,0.19636259177956206
623,3,10,150,57,0.04214302778527282
624,3,10,150,57,0.03202992305603544
625,3,10,150,57,0.06672272773479279
626,3,10,150,57,0.0
627,3,10,150,57,0.12178320335600634
628,3,10,150,57,0.0
629,3,10,150,57,0.2591451003861822
630,3,10,150,57,0.10834532177911152
631,3,10,150,57,0.13449792459172438
632,3,10,150,57,0.06934269739950429
633,3,10,150,57,0.050456115328747164
634,3,10,150,57,0.09692094009503625
635,3,10,150,57,0.0
636,3,10,150,57,0.3615974840572412
637,3,10,150,57,0.02898066279104336
638,3,10,150,57,0.05152901435389809
639,3,10,150,57,0.0
640,3,10,150,57,0.14971838572911914
641,3,10,150,57,0.051358492238643604
642,3,10,150,57,0.3309303793609975
643,3,10,150,57,0.2729940122105922
644,3,10,150,57,0.0
645,3,10,150,57,0.16338171596108064
646,3,10,150,57,0.11243817952384734
647,3,10,150,57,0.06590268968688952
648,3,10,150,57,0.2851928472895183
649,3,10,150,57,0.04336490181597879
650,3,10,150,57,0.1191223995634157
651,3,10,150,57,0.0
652,3,10,150,57,0.0
653,3,10,150,57,0.12273928557518496
654,3,10,150,57,0.06353414354707809
655,3,10,150,57,0.4332451874100544
656,3,10,150,57,0.0
657,3,10,150,57,0.2504953915210566
658,3,10,150,57,0.09988783377897062
659,3,10,150,57,0.1260153315435157
660,3,10,150,57,0.012558372232284455
661,3,10,150,57,0.17799532488490244
662,3,10,150,57,0.0
663,3,10,150,57,0.13106197984904014
664,3,10,150,57,0.294530773573839
665,3,10,150,57,0.047538153712205405
666,3,10,150,57,0.13551582137665147
667,3,10,150,57,0.12602794414143728
668,3,10,150,57,0.0
669,3,10,150,57,0.19588788032265295
670,3,10,150,57,0.0
671,3,10,150,57,0.19386142581938012
672,3,10,150,57,0.07973520350569015
673,3,10,150,57,0.0
674,3,10,150,57,0.0
675,3,10,150,57,0.0382580635535654
676,3,10,150,57,0.22358931366364498
677,3,10,150,57,0.10158983531347915
678,3,10,150,57,0.0
679,3,10,150,57,0.16417658872889113
680,3,10,150,57,0.0
681,3,10,150,57,0.0
682,3,10,150,57,0.29167541939352054
683,3,10,150,57,0.045215225629604006
684,3,10,150,57,0.03158850394477252
685,3,10,150,57,0.16662900720865959
686,3,10,150,57,0.15669346910555695
687,3,10,150,57,0.0
688,3,10,150,57,0.0
689,3,10,150,57,0.40191678174210904
690,3,10,150,57,0.24802939400095458
691,3,10,150,57,0.6023709850354425
692,3,10,150,57,0.03353522641880846
693,3,10,150,57,0.04824475270674207
694,3,10,150,57,0.21887773758639414
695,3,10,150,57,0.02951022367272685
696,3,10,150,57,0.08111636357522063
697,3,10,150,57,0.06832568397816181
698,3,10,150,57,0.0
699,3,10,150,57,0.05881150243961724
700,3,10,150,57,0.0
701,3,10,150,57,0.0906790485156717
702,3,10,150,57,0.0
703,3,10,150,57,0.21888235022994418
704,3,10,150,57,0.1837388566713383
705,3,10,150,57,0.23218509658433442
706,3,10,150,57,0.0
707,3,10,150,57,0.274582624305477
708,3,10,150,57,0.03476299583640518
709,3,10,150,57,0.14143393670228208
710,3,10,150,57,0.25040922491354684
711,3,10,150,57,0.21616414207096296
712,3,10,150,57,0.08097121641678826
713,3,10,150,57,0.0
714,3,10,150,57,0.09998274523051486
715,3,10,150,57,0.1866042291488742
716,3,10,150,57,0.2851284203267603
717,3,10,150,57,0.08455030681958395
718,3,10,150,57,0.0
719,3,10,150,57,0.10353175087921149
720,3,10,150,57,0.0
721,3,10,150,57,0.08687249167321089
722,3,10,150,57,0.07401896317743158
723,3,10,150,57,0.0
724,3,10,150,57,0.0
725,3,10,150,57,0.04733244938590725
726,3,10,150,57,0.061080020762274374
727,3,10,150,57,0.0912050347090515
728,3,10,150,57,0.0
729,3,10,150,57,0.0
730,3,10,150,57,0.0
731,3,10,150,57,0.1935015812983906
732,3,10,150,57,0.05717828980196049
733,3,10,150,57,0.020730875129846955
734,3,10,150,57,0.08131766139183766
735,3,10,150,57,0.08151055815578559
736,3,10,150,57,0.047009109882897075
737,3,10,150,57,0.12127716502890909
738,3,10,150,57,0.09907057054543131
739,3,10,150,57,0.18767092572990207
740,3,10,150,57,0.0523780734795101
741,3,10,150,57,0.0787396033907249
742,3,10,150,57,0.0527075128660253
743,3,10,150,57,0.1194783875505714
744,3,10,150,57,0.0
745,3,10,150,57,0.06774344219296054
746,3,10,150,57,0.24124954544361757
747,3,10,150,57,0.21811409500067547
748,3,10,150,57,0.04132344798443041
749,3,10,150,57,0.34410403456874883
750,3,10,150,57,0.18000575664763457
751,3,10,150,57,0.05059789125164855
752,3,10,150,57,0.08155432360208091
753,3,10,150,57,0.04072612696308379
754,3,10,150,57,0.0
755,3,10,150,57,0.0
756,3,10,150,57,0.044143057780823704
757,3,10,150,57,0.1088815023385917
758,3,10,150,57,0.2393819136800645
759,3,10,150,57,0.0
760,3,10,150,57,0.16006374561654185
761,3,10,150,57,0.17663858756688974
762,3,10,150,57,0.0
763,3,10,150,57,0.10697348874072295
764,3,10,150,57,0.04710969775183564
765,3,10,150,57,0.0966785411876802
766,3,10,150,57,0.035191004809260996
767,3,10,150,57,0.1269544353559099
768,3,10,150,57,0.09997171219938322
769,3,10,150,57,0.0
770,3,10,150,57,0.18348359547343202
771,3,10,150,57,0.051111361357474266
772,3,10,150,57,0.038996699933076286
773,3,10,150,57,0.15659560794124947
774,3,10,150,57,0.0
775,3,10,150,57,0.0
776,3,10,150,57,0.024267484090652828
777,3,10,150,57,0.0
778,3,10,150,57,0.08961728720334347
779,3,10,150,57,0.0
780,3,10,150,57,0.12311997034702767
781,3,10,150,57,0.12572447169101508
782,3,10,150,57,0.0
783,3,10,150,57,0.0
784,3,10,150,57,0.04582425041433568
785,3,10,150,57,0.2848262604068979
786,3,10,150,57,0.13901223847985233
787,3,10,150,57,0.0
788,3,10,150,57,0.046626370288649896
789,3,10,150,57,0.14531023848228133
790,3,10,150,57,0.07123716589548494
791,3,10,150,57,0.059480024314918285
792,3,10,150,57,0.0946587791577201
793,3,10,150,57,0.11843263243420837
794,3,10,150,57,0.1578863001786244
795,3,10,150,57,0.06886690743551852
796,3,10,150,57,0.09893608775227908
797,3,10,150,57,0.13905617951077562
798,3,10,150,57,0.013788754828346865
799,3,10,150,57,0.2836929289153804
800,3,10,150,57,0.0
801,3,10,150,57,0.0
802,3,10,150,57,0.05621908976192367
803,3,10,150,57,0.0
804,3,10,150,57,0.24208100331925972
805,3,10,150,57,0.1350066983480993
806,3,10,150,57,0.08516241029898401
807,3,10,150,57,0.18716126069796726
808,3,10,150,57,0.0
809,3,10,150,57,0.0
810,3,10,150,57,0.0
811,3,10,150,57,0.1162989546852336
812,3,10,150,57,0.11600766930798434
813,3,10,150,57,0.06916902856231065
814,3,10,150,57,0.054181637470214
815,3,10,150,57,0.10380674919178415
816,3,10,150,57,0.10105367325027378
817,3,10,150,57,0.0
818,3,10,150,57,0.05187864210776578
819,3,10,150,57,0.0
820,3,10,150,57,0.12262943855309168
821,3,10,150,57,0.053168340515114924
822,3,10,150,57,0.0
823,3,10,150,57,0.12115332041009189
824,3,10,150,57,0.0
825,3,10,150,57,0.16434089815347858
826,3,10,150,57,0.1104586032397152
827,3,10,150,57,0.0
828,3,10,150,57,0.0
829,3,10,150,57,0.08143169212679746
830,3,10,150,57,0.13003750163762204
831,3,10,150,57,0.04522637401768292
832,3,10,150,57,0.0
833,3,10,150,57,0.05828935682373833
834,3,10,150,57,0.0
835,3,10,150,57,0.131093662595089
836,3,10,150,57,0.05097554749895306
837,3,10,150,57,0.05351287869030783
838,3,10,150,57,0.08633629724227374
839,3,10,150,57,0.0
840,3,10,150,57,0.1518245759629103
841,3,10,150,57,0.0
842,3,10,150,57,0.0
843,3,10,150,57,0.04209275315645388
844,3,10,150,57,0.0
845,3,10,150,57,0.0
846,3,10,150,57,0.11662703350603346
847,3,10,150,57,0.0
848,3,10,150,57,0.03618657486793958
849,3,10,150,57,0.0
850,3,10,150,57,0.06228974831361337
851,3,10,150,57,0.2277008805972924
852,3,10,150,57,0.07256783117062009
853,3,10,150,57,0.0
854,3,10,150,57,0.0
855,3,10,150,57,0.0
856,3,10,150,57,0.0
857,3,10,150,57,0.0
858,3,10,150,57,0.0
859,3,10,150,57,0.0
860,3,10,150,57,0.0
861,3,10,150,57,0.12754356661958802
862,3,10,150,57,0.1014543205029727
863,3,10,150,57,0.0
864,3,10,150,57,0.19756506460263396
865,3,10,150,57,0.0
866,3,10,150,57,0.0
867,3,10,150,57,0.13120507751234178
868,3,10,150,57,0.0
870,3,10,150,57,0.0
871,3,10,150,57,0.0
872,3,10,150,57,0.0
875,3,10,150,57,0.1395953738647505
876,3,10,150,57,0.0
877,3,10,150,57,0.0
1,3,10,150,58,0.6247579375131872
2,3,10,150,58,0.10688238502350729
3,3,10,150,58,0.0
4,3,10,150,58,0.0
5,3,10,150,58,0.0819283960923954
6,3,10,150,58,0.05340978172012693
7,3,10,150,58,0.16100863008799035
8,3,10,150,58,0.0554835367217868
9,3,10,150,58,0.0
10,3,10,150,58,0.16409920264511527
11,3,10,150,58,0.049016076581777215
12,3,10,150,58,0.04822019817866397
13,3,10,150,58,0.20892250297104775
14,3,10,150,58,0.05601843521033356
15,3,10,150,58,0.0
16,3,10,150,58,0.1653353975675179
17,3,10,150,58,0.12066394366711926
18,3,10,150,58,0.16957655256734583
19,3,10,150,58,0.0
20,3,10,150,58,0.14530105135237878
21,3,10,150,58,0.03475017269886857
22,3,10,150,58,0.1468275080577048
23,3,10,150,58,0.18360000301566626
24,3,10,150,58,0.311062094929455
25,3,10,150,58,0.0
26,3,10,150,58,0.030421795212869307
28,3,10,150,58,0.0
29,3,10,150,58,0.0
30,3,10,150,58,0.0979129253499678
31,3,10,150,58,0.06076546216996844
32,3,10,150,58,0.0
33,3,10,150,58,0.0
34,3,10,150,58,0.0
35,3,10,150,58,0.07108348368841133
37,3,10,150,58,0.0488929053971083
38,3,10,150,58,0.03215366848272267
39,3,10,150,58,0.0
40,3,10,150,58,0.0
41,3,10,150,58,0.0
42,3,10,150,58,0.14144963799422255
43,3,10,150,58,0.2516718289406818
44,3,10,150,58,0.07698159974258616
45,3,10,150,58,0.04505000432618384
46,3,10,150,58,0.2524329124868603
47,3,10,150,58,0.0
48,3,10,150,58,0.14225564083314088
49,3,10,150,58,0.08545966314334597
50,3,10,150,58,0.0
51,3,10,150,58,0.18953836965473142
52,3,10,150,58,0.04892579731758021
53,3,10,150,58,0.09546043308946733
54,3,10,150,58,0.07984133538066794
55,3,10,150,58,0.0
56,3,10,150,58,0.03975645576081676
57,3,10,150,58,0.0
58,3,10,150,58,0.10796876451088402
59,3,10,150,58,0.1825401339226324
60,3,10,150,58,0.12123807080432077
61,3,10,150,58,0.0
62,3,10,150,58,0.03806940785769845
63,3,10,150,58,0.03554915059547175
64,3,10,150,58,0.0
65,3,10,150,58,0.2994759515353249
66,3,10,150,58,0.0
67,3,10,150,58,0.0
68,3,10,150,58,0.0
69,3,10,150,58,0.14840975300312728
70,3,10,150,58,0.0
71,3,10,150,58,0.07955752067133452
72,3,10,150,58,0.16084022171949366
73,3,10,150,58,0.051960280791503534
74,3,10,150,58,0.0
75,3,10,150,58,0.11731968150568911
76,3,10,150,58,0.14804398249667974
77,3,10,150,58,0.45287742747371695
78,3,10,150,58,0.0
79,3,10,150,58,0.0
80,3,10,150,58,0.08297572808511901
81,3,10,150,58,0.0
82,3,10,150,58,0.08926877557705373
83,3,10,150,58,0.04630610387058298
84,3,10,150,58,0.0
85,3,10,150,58,0.06966660916502733
86,3,10,150,58,0.07738888769495082
87,3,10,150,58,0.10058161863664324
88,3,10,150,58,0.0
89,3,10,150,58,0.22860031301980846
90,3,10,150,58,0.19778120236014796
91,3,10,150,58,0.13114221140465185
92,3,10,150,58,0.03690254550997565
93,3,10,150,58,0.0
94,3,10,150,58,0.1785123466504993
95,3,10,150,58,0.061836172422412086
96,3,10,150,58,0.19186450284072096
97,3,10,150,58,0.09558339637123096
98,3,10,150,58,0.08878770367712427
99,3,10,150,58,0.029785542524894418
100,3,10,150,58,0.0892789338684584
101,3,10,150,58,0.0
102,3,10,150,58,0.026001814664123827
103,3,10,150,58,0.07673373981757839
104,3,10,150,58,0.12171451575741458
106,3,10,150,58,0.05261577455142312
107,3,10,150,58,0.0
108,3,10,150,58,0.0
109,3,10,150,58,0.11259960483764554
110,3,10,150,58,0.039667414566743345
111,3,10,150,58,0.0
112,3,10,150,58,0.06510475888148554
113,3,10,150,58,0.05449144662575446
114,3,10,150,58,0.07610811271330754
115,3,10,150,58,0.046806851959664796
116,3,10,150,58,0.07814915695077672
117,3,10,150,58,0.10135360124281675
118,3,10,150,58,0.0
119,3,10,150,58,0.06127983274634642
121,3,10,150,58,0.06245141164382474
122,3,10,150,58,0.03984598490051017
123,3,10,150,58,0.46927872602275644
124,3,10,150,58,0.10889376106823218
125,3,10,150,58,0.15602345563935235
126,3,10,150,58,0.0
127,3,10,150,58,0.0
128,3,10,150,58,0.027576277569513717
129,3,10,150,58,0.0
130,3,10,150,58,0.08034382158496219
131,3,10,150,58,0.2803335894048546
132,3,10,150,58,0.1431991570830273
133,3,10,150,58,0.0
134,3,10,150,58,0.0
135,3,10,150,58,0.0
136,3,10,150,58,0.40257390286801836
137,3,10,150,58,0.0
138,3,10,150,58,0.21222747957761057
139,3,10,150,58,0.0
140,3,10,150,58,0.0
141,3,10,150,58,0.17799763794582682
142,3,10,150,58,0.30260241349881345
143,3,10,150,58,0.0
144,3,10,150,58,0.2143720535700613
145,3,10,150,58,0.06384607724228114
146,3,10,150,58,0.0
147,3,10,150,58,0.07610811271330754
148,3,10,150,58,0.042512356679180144
149,3,10,150,58,0.05446824630887794
150,3,10,150,58,0.0
151,3,10,150,58,0.1467394379667669
152,3,10,150,58,0.026230448379684728
153,3,10,150,58,0.06516188295518531
154,3,10,150,58,0.055100238151135045
155,3,10,150,58,0.0
156,3,10,150,58,0.07028063830038406
157,3,10,150,58,0.05840183867278569
158,3,10,150,58,0.055805240881847164
159,3,10,150,58,0.11026617795298452
160,3,10,150,58,0.060934076158944916
161,3,10,150,58,0.0
162,3,10,150,58,0.0
163,3,10,150,58,0.0
164,3,10,150,58,0.0
165,3,10,150,58,0.09149012142095872
166,3,10,150,58,0.0
167,3,10,150,58,0.03395822402998728
168,3,10,150,58,0.0
169,3,10,150,58,0.055427457405235275
170,3,10,150,58,0.0
171,3,10,150,58,0.0
172,3,10,150,58,0.0
173,3,10,150,58,0.0
174,3,10,150,58,0.07752093421921306
175,3,10,150,58,0.4413254197204702
176,3,10,150,58,0.0347693136731627
177,3,10,150,58,0.0
178,3,10,150,58,0.18053947820976404
179,3,10,150,58,0.06599888514927177
180,3,10,150,58,0.0
181,3,10,150,58,0.03431258901928648
182,3,10,150,58,0.13120507751234178
183,3,10,150,58,0.0
184,3,10,150,58,0.0
185,3,10,150,58,0.0
186,3,10,150,58,0.0
187,3,10,150,58,0.2004102107997965
188,3,10,150,58,0.026527518023781966
189,3,10,150,58,0.22982757951573698
190,3,10,150,58,0.0
191,3,10,150,58,0.07335312372354855
192,3,10,150,58,0.0
193,3,10,150,58,0.0
194,3,10,150,58,0.06940506569418536
195,3,10,150,58,0.10257737475069033
196,3,10,150,58,0.17342765698823945
197,3,10,150,58,0.07304192939088519
198,3,10,150,58,0.10387325901274824
199,3,10,150,58,0.052106753859569234
200,3,10,150,58,0.0971420957831845
201,3,10,150,58,0.19349334916317282
202,3,10,150,58,0.0
203,3,10,150,58,0.0
204,3,10,150,58,0.0
205,3,10,150,58,0.11600766930798434
206,3,10,150,58,0.0
207,3,10,150,58,0.07922167747488142
208,3,10,150,58,0.0
209,3,10,150,58,0.070675417981692
210,3,10,150,58,0.0
211,3,10,150,58,0.0
212,3,10,150,58,0.0559167101555819
213,3,10,150,58,0.08985507164305877
214,3,10,150,58,0.1257260924843343
215,3,10,150,58,0.157288596461893
216,3,10,150,58,0.27735230728218535
217,3,10,150,58,0.13000004444613666
218,3,10,150,58,0.06323567569191428
219,3,10,150,58,0.0
220,3,10,150,58,0.07807600999842033
221,3,10,150,58,0.12213234467515617
222,3,10,150,58,0.1483732210811898
223,3,10,150,58,0.039270700903099615
224,3,10,150,58,0.0
225,3,10,150,58,0.047125238474713914
226,3,10,150,58,0.0
227,3,10,150,58,0.0
229,3,10,150,58,0.0
230,3,10,150,58,0.12509211662197797
231,3,10,150,58,0.0
232,3,10,150,58,0.0
233,3,10,150,58,0.1771248231078435
234,3,10,150,58,0.13892864838088595
235,3,10,150,58,0.08312042273022706
236,3,10,150,58,0.12127042983235181
237,3,10,150,58,0.04776398023609584
238,3,10,150,58,0.0
239,3,10,150,58,0.12691627784085696
240,3,10,150,58,0.10235170428306553
241,3,10,150,58,0.1381300260171807
242,3,10,150,58,0.0
243,3,10,150,58,0.0
244,3,10,150,58,0.1324362264265921
245,3,10,150,58,0.0
246,3,10,150,58,0.08356426880363813
247,3,10,150,58,0.15642624200758548
248,3,10,150,58,0.23451355966072135
249,3,10,150,58,0.3041992014465808
250,3,10,150,58,0.07806699296748765
251,3,10,150,58,0.0
252,3,10,150,58,0.0
253,3,10,150,58,0.0
254,3,10,150,58,0.036502603141236205
255,3,10,150,58,0.10933464083642679
256,3,10,150,58,0.04856627791226961
257,3,10,150,58,0.12830873359117523
258,3,10,150,58,0.0
259,3,10,150,58,0.0
260,3,10,150,58,0.0
261,3,10,150,58,0.0
262,3,10,150,58,0.0
263,3,10,150,58,0.32837769821077345
264,3,10,150,58,0.32722237642019475
265,3,10,150,58,0.19802572813668026
266,3,10,150,58,0.0
267,3,10,150,58,0.21076490690365068
268,3,10,150,58,0.10827784002385153
269,3,10,150,58,0.040019695500760184
270,3,10,150,58,0.025165377029617318
271,3,10,150,58,0.10729393508609222
272,3,10,150,58,0.05334621352524345
273,3,10,150,58,0.0
274,3,10,150,58,0.0
275,3,10,150,58,0.0
276,3,10,150,58,0.21059860870905295
277,3,10,150,58,0.0
278,3,10,150,58,0.0
279,3,10,150,58,0.11037730465669549
280,3,10,150,58,0.07316593591075989
281,3,10,150,58,0.0
282,3,10,150,58,0.09659953929285248
283,3,10,150,58,0.0
284,3,10,150,58,0.0
285,3,10,150,58,0.0
286,3,10,150,58,0.016140534521312585
287,3,10,150,58,0.0
288,3,10,150,58,0.13999259891013252
289,3,10,150,58,0.0
290,3,10,150,58,0.09647783930421741
291,3,10,150,58,0.17775326828407884
292,3,10,150,58,0.27665227928348557
293,3,10,150,58,0.039886242726549496
294,3,10,150,58,0.07456347221081044
295,3,10,150,58,0.12123998403830039
296,3,10,150,58,0.1313923743616208
297,3,10,150,58,0.030868393892711742
298,3,10,150,58,0.13814728270261697
299,3,10,150,58,0.06251231174305825
300,3,10,150,58,0.0
301,3,10,150,58,0.1296575124303738
302,3,10,150,58,0.07335312372354855
303,3,10,150,58,0.20073440402561246
304,3,10,150,58,0.0
305,3,10,150,58,0.05428021340641747
306,3,10,150,58,0.0
307,3,10,150,58,0.13128644747266613
308,3,10,150,58,0.04491835474236992
309,3,10,150,58,0.0
310,3,10,150,58,0.2890648263178879
311,3,10,150,58,0.17512035582237062
312,3,10,150,58,0.16963857451199318
313,3,10,150,58,0.09586943528179451
314,3,10,150,58,0.10507089418815024
315,3,10,150,58,0.09785159463516042
316,3,10,150,58,0.06076546216996844
317,3,10,150,58,0.0
318,3,10,150,58,0.07377376675297492
319,3,10,150,58,0.0
320,3,10,150,58,0.08947300054212491
321,3,10,150,58,0.08223795175588802
322,3,10,150,58,0.07955752067133452
323,3,10,150,58,0.12229181918924699
324,3,10,150,58,0.0
325,3,10,150,58,0.0
326,3,10,150,58,0.10817904857938596
327,3,10,150,58,0.0
328,3,10,150,58,0.11126818073657672
329,3,10,150,58,0.056720838976548935
330,3,10,150,58,0.3028509129070748
331,3,10,150,58,0.0
332,3,10,150,58,0.09937017023483655
333,3,10,150,58,0.0
334,3,10,150,58,0.11273548330803308
335,3,10,150,58,0.0
336,3,10,150,58,0.0
337,3,10,150,58,0.16908993508344605
338,3,10,150,58,0.08388555279643939
339,3,10,150,58,0.1856477756884163
340,3,10,150,58,0.12647135138382856
341,3,10,150,58,0.0
342,3,10,150,58,0.11944501566498536
343,3,10,150,58,0.340718176497563
344,3,10,150,58,0.13804010954782428
345,3,10,150,58,0.1302817386077542
346,3,10,150,58,0.1264086027263655
347,3,10,150,58,0.09642724089192412
348,3,10,150,58,0.0
349,3,10,150,58,0.07123530534387781
350,3,10,150,58,0.2314071217459096
351,3,10,150,58,0.0
352,3,10,150,58,0.16282653392890226
353,3,10,150,58,0.09489642549953911
354,3,10,150,58,0.033699515540238464
355,3,10,150,58,0.0
356,3,10,150,58,0.0
357,3,10,150,58,0.0
358,3,10,150,58,0.26730206653594746
359,3,10,150,58,0.14341929980357182
360,3,10,150,58,0.10496459329418281
361,3,10,150,58,0.0
362,3,10,150,58,0.0
363,3,10,150,58,0.1867805234163032
364,3,10,150,58,0.0
365,3,10,150,58,0.0989084497079971
366,3,10,150,58,0.10684080426179023
367,3,10,150,58,0.1410054764628891
368,3,10,150,58,0.0
369,3,10,150,58,0.0
370,3,10,150,58,0.045683428159663184
371,3,10,150,58,0.174231549865924
372,3,10,150,58,0.10673919722548196
373,3,10,150,58,0.18128610071101886
374,3,10,150,58,0.1523273086076386
375,3,10,150,58,0.0
376,3,10,150,58,0.0
377,3,10,150,58,0.053168340515114924
378,3,10,150,58,0.06068630473331681
379,3,10,150,58,0.1514379743781559
380,3,10,150,58,0.0
381,3,10,150,58,0.08294243278442993
382,3,10,150,58,0.07847428227110642
383,3,10,150,58,0.03539807129574854
384,3,10,150,58,0.08759200575528697
385,3,10,150,58,0.1546778125427113
386,3,10,150,58,0.0
387,3,10,150,58,0.03814967334348895
388,3,10,150,58,0.029785542524894418
389,3,10,150,58,0.13183633031089573
390,3,10,150,58,0.21398626473452756
391,3,10,150,58,0.2773307722866313
392,3,10,150,58,0.06327372362257774
393,3,10,150,58,0.173555239014881
394,3,10,150,58,0.12900206501129066
395,3,10,150,58,0.09286934188709499
396,3,10,150,58,0.0
397,3,10,150,58,0.10643931441962817
398,3,10,150,58,0.12204637821038242
399,3,10,150,58,0.024954650083947885
400,3,10,150,58,0.0
401,3,10,150,58,0.0
402,3,10,150,58,0.469779625693621
403,3,10,150,58,0.0
404,3,10,150,58,0.0
405,3,10,150,58,0.23531089453969295
406,3,10,150,58,0.1495565535197541
407,3,10,150,58,0.07343764708220529
408,3,10,150,58,0.12083071655728543
409,3,10,150,58,0.15086419336317547
410,3,10,150,58,0.0
411,3,10,150,58,0.1128999930808451
412,3,10,150,58,0.0
413,3,10,150,58,0.10122860821230018
414,3,10,150,58,0.0
415,3,10,150,58,0.07605458145297357
416,3,10,150,58,0.3037995237406993
417,3,10,150,58,0.06508615539249042
418,3,10,150,58,0.07001560573318603
419,3,10,150,58,0.26168079122473237
420,3,10,150,58,0.0527075128660253
421,3,10,150,58,0.202729931306865
422,3,10,150,58,0.0
423,3,10,150,58,0.0
424,3,10,150,58,0.13291000263869587
425,3,10,150,58,0.0
426,3,10,150,58,0.10004388309532918
427,3,10,150,58,0.0
428,3,10,150,58,0.0
429,3,10,150,58,0.15805449702114224
430,3,10,150,58,0.062242588308449316
431,3,10,150,58,0.0
432,3,10,150,58,0.0
433,3,10,150,58,0.0
434,3,10,150,58,0.25803884452092735
435,3,10,150,58,0.24696988818674825
436,3,10,150,58,0.09291494561763272
437,3,10,150,58,0.04363805845852807
438,3,10,150,58,0.0
439,3,10,150,58,0.0
440,3,10,150,58,0.10025741859697787
441,3,10,150,58,0.0
442,3,10,150,58,0.058478916078390675
443,3,10,150,58,0.056720838976548935
444,3,10,150,58,0.19519002499605084
445,3,10,150,58,0.0
446,3,10,150,58,0.0
447,3,10,150,58,0.09914294517496557
448,3,10,150,58,0.0
449,3,10,150,58,0.0
450,3,10,150,58,0.33603619537192236
451,3,10,150,58,0.0
452,3,10,150,58,0.048188247044562364
453,3,10,150,58,0.13392124957971085
454,3,10,150,58,0.0
455,3,10,150,58,0.1760702282199838
456,3,10,150,58,0.160726259444355
457,3,10,150,58,0.43737369356135813
458,3,10,150,58,0.12059750656999586
459,3,10,150,58,0.04901586605894737
460,3,10,150,58,0.0
461,3,10,150,58,0.10778915452451093
462,3,10,150,58,0.16728714615527887
463,3,10,150,58,0.1032589365938857
464,3,10,150,58,0.04931346192675315
465,3,10,150,58,0.0733934381893728
466,3,10,150,58,0.0750834162528243
467,3,10,150,58,0.032842167909375275
468,3,10,150,58,0.4424763580282471
469,3,10,150,58,0.050924439617225085
470,3,10,150,58,0.040162930685297936
471,3,10,150,58,0.0
472,3,10,150,58,0.29950611419386197
473,3,10,150,58,0.050005013043213774
474,3,10,150,58,0.33927774599736105
475,3,10,150,58,0.0
476,3,10,150,58,0.12097589732794561
477,3,10,150,58,0.0
478,3,10,150,58,0.2059565668593519
479,3,10,150,58,0.07893633843817272
480,3,10,150,58,0.0881980292211471
481,3,10,150,58,0.05234104579082298
482,3,10,150,58,0.10209739512291163
483,3,10,150,58,0.06194403202282284
484,3,10,150,58,0.27714485683696083
485,3,10,150,58,0.0
486,3,10,150,58,0.06108300840136219
487,3,10,150,58,0.11690819250566525
488,3,10,150,58,0.05887472794707303
489,3,10,150,58,0.0
490,3,10,150,58,0.06490403551612171
491,3,10,150,58,0.17758207479178334
492,3,10,150,58,0.08328180879069912
493,3,10,150,58,0.23552414445241532
494,3,10,150,58,0.11299367690705851
495,3,10,150,58,0.10089193810914729
496,3,10,150,58,0.07271211160102074
497,3,10,150,58,0.053627653250099355
498,3,10,150,58,0.0343217267714905
499,3,10,150,58,0.11352658248311334
500,3,10,150,58,0.04698773570888995
501,3,10,150,58,0.0
502,3,10,150,58,0.0
503,3,10,150,58,0.23688393797410975
504,3,10,150,58,0.08858889574575234
505,3,10,150,58,0.025255271126572616
506,3,10,150,58,0.13710858799302708
507,3,10,150,58,0.0
508,3,10,150,58,0.17050987036516796
509,3,10,150,58,0.0
510,3,10,150,58,0.17032928501352598
511,3,10,150,58,0.12155021559723776
512,3,10,150,58,0.0
513,3,10,150,58,0.05276490902632437
514,3,10,150,58,0.22787830098899794
515,3,10,150,58,0.0
516,3,10,150,58,0.07947838320659593
517,3,10,150,58,0.03859643636257609
518,3,10,150,58,0.05268083714989503
519,3,10,150,58,0.0
520,3,10,150,58,0.0
521,3,10,150,58,0.07649261318048692
522,3,10,150,58,0.16542389351858164
523,3,10,150,58,0.1705239552439998
524,3,10,150,58,0.06263527515871645
525,3,10,150,58,0.06516045994396072
526,3,10,150,58,0.03112959369469351
527,3,10,150,58,0.21068702285875093
528,3,10,150,58,0.1255942414278791
529,3,10,150,58,0.03208343640786788
530,3,10,150,58,0.0
531,3,10,150,58,0.0
532,3,10,150,58,0.2102329341215807
533,3,10,150,58,0.150488583095808
534,3,10,150,58,0.10040759964046686
535,3,10,150,58,0.22311046652087524
536,3,10,150,58,0.1568966985754741
537,3,10,150,58,0.38786053149178473
538,3,10,150,58,0.09944592215223559
539,3,10,150,58,0.04851068933953057
540,3,10,150,58,0.0
541,3,10,150,58,0.06337469398538446
542,3,10,150,58,0.04294079226347803
543,3,10,150,58,0.0
544,3,10,150,58,0.0
545,3,10,150,58,0.1627301445786375
546,3,10,150,58,0.10441409560474312
547,3,10,150,58,0.04528995543568932
548,3,10,150,58,0.08556622378188056
549,3,10,150,58,0.10184659627402569
550,3,10,150,58,0.0845667599404342
551,3,10,150,58,0.2521876111904085
552,3,10,150,58,0.0
553,3,10,150,58,0.13528660262448355
554,3,10,150,58,0.0
555,3,10,150,58,0.037070343480771185
556,3,10,150,58,0.2848749592866812
557,3,10,150,58,0.044530079137671444
558,3,10,150,58,0.21398626473452756
559,3,10,150,58,0.07557866567222271
560,3,10,150,58,0.11942337490935596
561,3,10,150,58,0.08066086133041903
562,3,10,150,58,0.13039618350985502
563,3,10,150,58,0.10791970824616881
564,3,10,150,58,0.0
565,3,10,150,58,0.17360338152027138
566,3,10,150,58,0.11935234359120704
567,3,10,150,58,0.3183535912129012
568,3,10,150,58,0.07161318866452264
569,3,10,150,58,0.023835426911994775
570,3,10,150,58,0.0
571,3,10,150,58,0.0512644431393966
572,3,10,150,58,0.30260241349881345
573,3,10,150,58,0.0
574,3,10,150,58,0.0
575,3,10,150,58,0.13043262693172047
576,3,10,150,58,0.0
577,3,10,150,58,0.20458854670568466
578,3,10,150,58,0.0
579,3,10,150,58,0.06152644703210656
580,3,10,150,58,0.03144137376097698
581,3,10,150,58,0.0
582,3,10,150,58,0.06679511870650716
583,3,10,150,58,0.13912814892946682
584,3,10,150,58,0.20261715588288354
585,3,10,150,58,0.042225550968526857
586,3,10,150,58,0.07413255803993951
587,3,10,150,58,0.0
588,3,10,150,58,0.24465882062341304
589,3,10,150,58,0.0336639187988199
590,3,10,150,58,0.17154483744357613
591,3,10,150,58,0.08651464973019597
592,3,10,150,58,0.354278872594446
593,3,10,150,58,0.12305640284374694
594,3,10,150,58,0.0
595,3,10,150,58,0.055965373307784824
596,3,10,150,58,0.09803928583135704
597,3,10,150,58,0.0
598,3,10,150,58,0.0
599,3,10,150,58,0.02506539947940475
600,3,10,150,58,0.13574631165894233
601,3,10,150,58,0.1353025537211632
602,3,10,150,58,0.041278922835426404
603,3,10,150,58,0.12541207695631323
604,3,10,150,58,0.0
605,3,10,150,58,0.15136987527520723
606,3,10,150,58,0.3683434190135974
607,3,10,150,58,0.0308875359117713
608,3,10,150,58,0.23566184797100692
609,3,10,150,58,0.0
610,3,10,150,58,0.08443863559321411
611,3,10,150,58,0.14211158734750468
612,3,10,150,58,0.09162544430476362
613,3,10,150,58,0.1652462050665711
614,3,10,150,58,0.1467868763787456
615,3,10,150,58,0.14155559941296994
616,3,10,150,58,0.030480958763669998
617,3,10,150,58,0.038287076928437726
618,3,10,150,58,0.1063853236287326
619,3,10,150,58,0.14795344439858116
620,3,10,150,58,0.207826427857141
621,3,10,150,58,0.10132747696246433
622,3,10,150,58,0.19402486270357966
623,3,10,150,58,0.04214302778527282
624,3,10,150,58,0.03202992305603544
625,3,10,150,58,0.06672272773479279
626,3,10,150,58,0.0
627,3,10,150,58,0.12033335421278861
628,3,10,150,58,0.0
629,3,10,150,58,0.2591451003861822
630,3,10,150,58,0.10834532177911152
631,3,10,150,58,0.13449792459172438
632,3,10,150,58,0.06934269739950429
633,3,10,150,58,0.050456115328747164
634,3,10,150,58,0.09692094009503625
635,3,10,150,58,0.0
636,3,10,150,58,0.3615974840572412
637,3,10,150,58,0.02898066279104336
638,3,10,150,58,0.05152901435389809
639,3,10,150,58,0.0
640,3,10,150,58,0.14971838572911914
641,3,10,150,58,0.051358492238643604
642,3,10,150,58,0.3269905985557688
643,3,10,150,58,0.26974397342199125
644,3,10,150,58,0.0
645,3,10,150,58,0.16338171596108064
646,3,10,150,58,0.11243817952384734
647,3,10,150,58,0.06590268968688952
648,3,10,150,58,0.2817975793551891
649,3,10,150,58,0.04336490181597879
650,3,10,150,58,0.1177042277286662
651,3,10,150,58,0.0
652,3,10,150,58,0.0
653,3,10,150,58,0.121278054115292
654,3,10,150,58,0.06277775907821562
655,3,10,150,58,0.43999249702914844
656,3,10,150,58,0.0
657,3,10,150,58,0.2504953915210566
658,3,10,150,58,0.09988783377897062
659,3,10,150,58,0.1245150982154715
660,3,10,150,58,0.012408862737383416
661,3,10,150,58,0.17799532488490244
662,3,10,150,58,0.0
663,3,10,150,58,0.1295016653396815
664,3,10,150,58,0.29102433608533756
665,3,10,150,58,0.05887736925041975
666,3,10,150,58,0.133902483148546
667,3,10,150,58,0.12602794414143728
668,3,10,150,58,0.0
669,3,10,150,58,0.19588788032265295
670,3,10,150,58,0.0
671,3,10,150,58,0.19386142581938012
672,3,10,150,58,0.07973520350569015
673,3,10,150,58,0.0
674,3,10,150,58,0.0
675,3,10,150,58,0.0382580635535654
676,3,10,150,58,0.22358931366364498
677,3,10,150,58,0.10158983531347915
678,3,10,150,58,0.0
679,3,10,150,58,0.16417658872889113
680,3,10,150,58,0.0
681,3,10,150,58,0.0
682,3,10,150,58,0.2882029753679749
683,3,10,150,58,0.045215225629604006
684,3,10,150,58,0.03158850394477252
685,3,10,150,58,0.16662900720865959
686,3,10,150,58,0.15669346910555695
687,3,10,150,58,0.0
688,3,10,150,58,0.0
689,3,10,150,58,0.40191678174210904
690,3,10,150,58,0.24802939400095458
691,3,10,150,58,0.6023709850354425
692,3,10,150,58,0.03353522641880846
693,3,10,150,58,0.04767039096021988
694,3,10,150,58,0.2162719619821723
695,3,10,150,58,0.02951022367272685
696,3,10,150,58,0.08111636357522063
697,3,10,150,58,0.06832568397816181
698,3,10,150,58,0.0
699,3,10,150,58,0.05811134179288038
700,3,10,150,58,0.0
701,3,10,150,58,0.0906790485156717
702,3,10,150,58,0.0
703,3,10,150,58,0.21888235022994418
704,3,10,150,58,0.1837388566713383
705,3,10,150,58,0.23218509658433442
706,3,10,150,58,0.0
707,3,10,150,58,0.2713136728275954
708,3,10,150,58,0.03476299583640518
709,3,10,150,58,0.14143393670228208
710,3,10,150,58,0.25040922491354684
711,3,10,150,58,0.21359067226938602
712,3,10,150,58,0.08000724071642835
713,3,10,150,58,0.0
714,3,10,150,58,0.09998274523051486
715,3,10,150,58,0.18438267499118455
716,3,10,150,58,0.2817339194060601
717,3,10,150,58,0.08455030681958395
718,3,10,150,58,0.0
719,3,10,150,58,0.10353175087921149
720,3,10,150,58,0.0
721,3,10,150,58,0.08687249167321089
722,3,10,150,58,0.07401896317743158
723,3,10,150,58,0.0
724,3,10,150,58,0.0
725,3,10,150,58,0.04733244938590725
726,3,10,150,58,0.061080020762274374
727,3,10,150,58,0.09011922371224673
728,3,10,150,58,0.0
729,3,10,150,58,0.0
730,3,10,150,58,0.0
731,3,10,150,58,0.1935015812983906
732,3,10,150,58,0.05717828980196049
733,3,10,150,58,0.020730875129846955
734,3,10,150,58,0.08131766139183766
735,3,10,150,58,0.08151055815578559
736,3,10,150,58,0.047009109882897075
737,3,10,150,58,0.12127716502890909
738,3,10,150,58,0.09907057054543131
739,3,10,150,58,0.18767092572990207
740,3,10,150,58,0.0523780734795101
741,3,10,150,58,0.0787396033907249
742,3,10,150,58,0.0527075128660253
743,3,10,150,58,0.1194783875505714
744,3,10,150,58,0.0
745,3,10,150,58,0.06774344219296054
746,3,10,150,58,0.24124954544361757
747,3,10,150,58,0.21551741068751937
748,3,10,150,58,0.04132344798443041
749,3,10,150,58,0.34000741922320854
750,3,10,150,58,0.18000575664763457
751,3,10,150,58,0.05059789125164855
752,3,10,150,58,0.08155432360208091
753,3,10,150,58,0.04072612696308379
754,3,10,150,58,0.0
755,3,10,150,58,0.0
756,3,10,150,58,0.044143057780823704
757,3,10,150,58,0.1088815023385917
758,3,10,150,58,0.23653203247406362
759,3,10,150,58,0.0
760,3,10,150,58,0.16006374561654185
761,3,10,150,58,0.17663858756688974
762,3,10,150,58,0.0
763,3,10,150,58,0.10697348874072295
764,3,10,150,58,0.04710969775183564
765,3,10,150,58,0.0966785411876802
766,3,10,150,58,0.035191004809260996
767,3,10,150,58,0.1269544353559099
768,3,10,150,58,0.09997171219938322
769,3,10,150,58,0.0
770,3,10,150,58,0.18348359547343202
771,3,10,150,58,0.051111361357474266
772,3,10,150,58,0.038996699933076286
773,3,10,150,58,0.15659560794124947
774,3,10,150,58,0.0
775,3,10,150,58,0.0
776,3,10,150,58,0.024267484090652828
777,3,10,150,58,0.0
778,3,10,150,58,0.08961728720334347
779,3,10,150,58,0.0
780,3,10,150,58,0.12311997034702767
781,3,10,150,58,0.12572447169101508
782,3,10,150,58,0.0
783,3,10,150,58,0.0
784,3,10,150,58,0.04582425041433568
785,3,10,150,58,0.2848262604068979
786,3,10,150,58,0.13901223847985233
787,3,10,150,58,0.0
788,3,10,150,58,0.046626370288649896
789,3,10,150,58,0.14531023848228133
790,3,10,150,58,0.07123716589548494
791,3,10,150,58,0.059480024314918285
792,3,10,150,58,0.0946587791577201
793,3,10,150,58,0.11843263243420837
794,3,10,150,58,0.1578863001786244
795,3,10,150,58,0.06886690743551852
796,3,10,150,58,0.09775823729254339
797,3,10,150,58,0.13905617951077562
798,3,10,150,58,0.013788754828346865
799,3,10,150,58,0.2836929289153804
800,3,10,150,58,0.0
801,3,10,150,58,0.0
802,3,10,150,58,0.05621908976192367
803,3,10,150,58,0.0
804,3,10,150,58,0.23919898900546552
805,3,10,150,58,0.1350066983480993
806,3,10,150,58,0.10606704841588428
807,3,10,150,58,0.18716126069796726
808,3,10,150,58,0.0
809,3,10,150,58,0.0
810,3,10,150,58,0.0
811,3,10,150,58,0.1162989546852336
812,3,10,150,58,0.11600766930798434
813,3,10,150,58,0.06916902856231065
814,3,10,150,58,0.054181637470214
815,3,10,150,58,0.10380674919178415
816,3,10,150,58,0.10105367325027378
817,3,10,150,58,0.0
818,3,10,150,58,0.05187864210776578
819,3,10,150,58,0.0
820,3,10,150,58,0.12262943855309168
821,3,10,150,58,0.053168340515114924
822,3,10,150,58,0.0
823,3,10,150,58,0.12115332041009189
824,3,10,150,58,0.0
825,3,10,150,58,0.16434089815347858
826,3,10,150,58,0.1104586032397152
827,3,10,150,58,0.0
828,3,10,150,58,0.0
829,3,10,150,58,0.08143169212679746
830,3,10,150,58,0.13003750163762204
831,3,10,150,58,0.04522637401768292
832,3,10,150,58,0.0
833,3,10,150,58,0.05828935682373833
834,3,10,150,58,0.0
835,3,10,150,58,0.131093662595089
836,3,10,150,58,0.05097554749895306
837,3,10,150,58,0.05351287869030783
838,3,10,150,58,0.08633629724227374
839,3,10,150,58,0.0
840,3,10,150,58,0.1518245759629103
841,3,10,150,58,0.0
842,3,10,150,58,0.0
843,3,10,150,58,0.04209275315645388
844,3,10,150,58,0.0
845,3,10,150,58,0.0
846,3,10,150,58,0.11662703350603346
847,3,10,150,58,0.0
848,3,10,150,58,0.03618657486793958
849,3,10,150,58,0.0
850,3,10,150,58,0.06228974831361337
851,3,10,150,58,0.2277008805972924
852,3,10,150,58,0.07256783117062009
853,3,10,150,58,0.0
854,3,10,150,58,0.0
855,3,10,150,58,0.0
856,3,10,150,58,0.0
857,3,10,150,58,0.0
858,3,10,150,58,0.0
859,3,10,150,58,0.0
860,3,10,150,58,0.0
861,3,10,150,58,0.12754356661958802
862,3,10,150,58,0.1014543205029727
863,3,10,150,58,0.0
864,3,10,150,58,0.19756506460263396
865,3,10,150,58,0.0
866,3,10,150,58,0.0
867,3,10,150,58,0.13120507751234178
868,3,10,150,58,0.0
870,3,10,150,58,0.0
871,3,10,150,58,0.0
872,3,10,150,58,0.0
875,3,10,150,58,0.1395953738647505
876,3,10,150,58,0.0
877,3,10,150,58,0.0
1,3,10,150,59,0.6247579375131872
2,3,10,150,59,0.10688238502350729
3,3,10,150,59,0.0
4,3,10,150,59,0.0
5,3,10,150,59,0.0819283960923954
6,3,10,150,59,0.05340978172012693
7,3,10,150,59,0.15912203234939234
8,3,10,150,59,0.0554835367217868
9,3,10,150,59,0.0
10,3,10,150,59,0.16409920264511527
11,3,10,150,59,0.049016076581777215
12,3,10,150,59,0.04822019817866397
13,3,10,150,59,0.2181918509316817
14,3,10,150,59,0.05601843521033356
15,3,10,150,59,0.0
16,3,10,150,59,0.1653353975675179
17,3,10,150,59,0.12066394366711926
18,3,10,150,59,0.16957655256734583
19,3,10,150,59,0.0
20,3,10,150,59,0.14530105135237878
21,3,10,150,59,0.03475017269886857
22,3,10,150,59,0.1468275080577048
23,3,10,150,59,0.18360000301566626
24,3,10,150,59,0.311062094929455
25,3,10,150,59,0.0
26,3,10,150,59,0.030421795212869307
28,3,10,150,59,0.0
29,3,10,150,59,0.0
30,3,10,150,59,0.0979129253499678
31,3,10,150,59,0.06076546216996844
32,3,10,150,59,0.0
33,3,10,150,59,0.0
34,3,10,150,59,0.0
35,3,10,150,59,0.07108348368841133
37,3,10,150,59,0.0488929053971083
38,3,10,150,59,0.03215366848272267
39,3,10,150,59,0.0
40,3,10,150,59,0.0
41,3,10,150,59,0.0
42,3,10,150,59,0.14144963799422255
43,3,10,150,59,0.2516718289406818
44,3,10,150,59,0.07698159974258616
45,3,10,150,59,0.04505000432618384
46,3,10,150,59,0.2524329124868603
47,3,10,150,59,0.0
48,3,10,150,59,0.14225564083314088
49,3,10,150,59,0.08545966314334597
50,3,10,150,59,0.0
51,3,10,150,59,0.18953836965473142
52,3,10,150,59,0.04892579731758021
53,3,10,150,59,0.09546043308946733
54,3,10,150,59,0.07984133538066794
55,3,10,150,59,0.0
56,3,10,150,59,0.03975645576081676
57,3,10,150,59,0.0
58,3,10,150,59,0.10796876451088402
59,3,10,150,59,0.1825401339226324
60,3,10,150,59,0.12123807080432077
61,3,10,150,59,0.0
62,3,10,150,59,0.03806940785769845
63,3,10,150,59,0.03554915059547175
64,3,10,150,59,0.0
65,3,10,150,59,0.2994759515353249
66,3,10,150,59,0.0
67,3,10,150,59,0.0
68,3,10,150,59,0.0
69,3,10,150,59,0.14840975300312728
70,3,10,150,59,0.0
71,3,10,150,59,0.07955752067133452
72,3,10,150,59,0.16084022171949366
73,3,10,150,59,0.051960280791503534
74,3,10,150,59,0.0
75,3,10,150,59,0.11731968150568911
76,3,10,150,59,0.14804398249667974
77,3,10,150,59,0.45287742747371695
78,3,10,150,59,0.0
79,3,10,150,59,0.0
80,3,10,150,59,0.08297572808511901
81,3,10,150,59,0.0
82,3,10,150,59,0.08926877557705373
83,3,10,150,59,0.04630610387058298
84,3,10,150,59,0.0
85,3,10,150,59,0.06966660916502733
86,3,10,150,59,0.07738888769495082
87,3,10,150,59,0.10058161863664324
88,3,10,150,59,0.0
89,3,10,150,59,0.22860031301980846
90,3,10,150,59,0.19778120236014796
91,3,10,150,59,0.13114221140465185
92,3,10,150,59,0.03690254550997565
93,3,10,150,59,0.0
94,3,10,150,59,0.1785123466504993
95,3,10,150,59,0.061836172422412086
96,3,10,150,59,0.19186450284072096
97,3,10,150,59,0.09558339637123096
98,3,10,150,59,0.08878770367712427
99,3,10,150,59,0.029785542524894418
100,3,10,150,59,0.0892789338684584
101,3,10,150,59,0.0
102,3,10,150,59,0.026001814664123827
103,3,10,150,59,0.07673373981757839
104,3,10,150,59,0.12171451575741458
106,3,10,150,59,0.05261577455142312
107,3,10,150,59,0.0
108,3,10,150,59,0.0
109,3,10,150,59,0.11259960483764554
110,3,10,150,59,0.039667414566743345
111,3,10,150,59,0.0
112,3,10,150,59,0.06510475888148554
113,3,10,150,59,0.05449144662575446
114,3,10,150,59,0.07610811271330754
115,3,10,150,59,0.046806851959664796
116,3,10,150,59,0.07814915695077672
117,3,10,150,59,0.10135360124281675
118,3,10,150,59,0.0
119,3,10,150,59,0.06127983274634642
121,3,10,150,59,0.06245141164382474
122,3,10,150,59,0.03984598490051017
123,3,10,150,59,0.46927872602275644
124,3,10,150,59,0.10889376106823218
125,3,10,150,59,0.15602345563935235
126,3,10,150,59,0.0
127,3,10,150,59,0.0
128,3,10,150,59,0.027576277569513717
129,3,10,150,59,0.0
130,3,10,150,59,0.08034382158496219
131,3,10,150,59,0.2803335894048546
132,3,10,150,59,0.1431991570830273
133,3,10,150,59,0.0
134,3,10,150,59,0.0
135,3,10,150,59,0.0
136,3,10,150,59,0.40257390286801836
137,3,10,150,59,0.0
138,3,10,150,59,0.21222747957761057
139,3,10,150,59,0.0
140,3,10,150,59,0.0
141,3,10,150,59,0.17799763794582682
142,3,10,150,59,0.30260241349881345
143,3,10,150,59,0.0
144,3,10,150,59,0.2143720535700613
145,3,10,150,59,0.06384607724228114
146,3,10,150,59,0.0
147,3,10,150,59,0.07610811271330754
148,3,10,150,59,0.042512356679180144
149,3,10,150,59,0.05446824630887794
150,3,10,150,59,0.0
151,3,10,150,59,0.1467394379667669
152,3,10,150,59,0.026230448379684728
153,3,10,150,59,0.06516188295518531
154,3,10,150,59,0.055100238151135045
155,3,10,150,59,0.0
156,3,10,150,59,0.07028063830038406
157,3,10,150,59,0.05840183867278569
158,3,10,150,59,0.055805240881847164
159,3,10,150,59,0.11026617795298452
160,3,10,150,59,0.060934076158944916
161,3,10,150,59,0.0
162,3,10,150,59,0.0
163,3,10,150,59,0.0
164,3,10,150,59,0.0
165,3,10,150,59,0.09149012142095872
166,3,10,150,59,0.0
167,3,10,150,59,0.03395822402998728
168,3,10,150,59,0.0
169,3,10,150,59,0.055427457405235275
170,3,10,150,59,0.0
171,3,10,150,59,0.0
172,3,10,150,59,0.0
173,3,10,150,59,0.0
174,3,10,150,59,0.07752093421921306
175,3,10,150,59,0.4413254197204702
176,3,10,150,59,0.0347693136731627
177,3,10,150,59,0.0
178,3,10,150,59,0.18053947820976404
179,3,10,150,59,0.06599888514927177
180,3,10,150,59,0.0
181,3,10,150,59,0.03431258901928648
182,3,10,150,59,0.13120507751234178
183,3,10,150,59,0.0
184,3,10,150,59,0.0
185,3,10,150,59,0.0
186,3,10,150,59,0.0
187,3,10,150,59,0.2004102107997965
188,3,10,150,59,0.026527518023781966
189,3,10,150,59,0.22982757951573698
190,3,10,150,59,0.0
191,3,10,150,59,0.07335312372354855
192,3,10,150,59,0.0
193,3,10,150,59,0.0
194,3,10,150,59,0.06940506569418536
195,3,10,150,59,0.10257737475069033
196,3,10,150,59,0.17342765698823945
197,3,10,150,59,0.07304192939088519
198,3,10,150,59,0.10387325901274824
199,3,10,150,59,0.052106753859569234
200,3,10,150,59,0.0971420957831845
201,3,10,150,59,0.19122611594241004
202,3,10,150,59,0.0
203,3,10,150,59,0.0
204,3,10,150,59,0.0
205,3,10,150,59,0.11600766930798434
206,3,10,150,59,0.0
207,3,10,150,59,0.07922167747488142
208,3,10,150,59,0.0
209,3,10,150,59,0.070675417981692
210,3,10,150,59,0.0
211,3,10,150,59,0.0
212,3,10,150,59,0.0559167101555819
213,3,10,150,59,0.08985507164305877
214,3,10,150,59,0.1257260924843343
215,3,10,150,59,0.157288596461893
216,3,10,150,59,0.27735230728218535
217,3,10,150,59,0.13000004444613666
218,3,10,150,59,0.06323567569191428
219,3,10,150,59,0.0
220,3,10,150,59,0.07807600999842033
221,3,10,150,59,0.12213234467515617
222,3,10,150,59,0.1483732210811898
223,3,10,150,59,0.039270700903099615
224,3,10,150,59,0.0
225,3,10,150,59,0.047125238474713914
226,3,10,150,59,0.0
227,3,10,150,59,0.0
229,3,10,150,59,0.0
230,3,10,150,59,0.12509211662197797
231,3,10,150,59,0.0
232,3,10,150,59,0.0
233,3,10,150,59,0.1771248231078435
234,3,10,150,59,0.13730076996394258
235,3,10,150,59,0.08312042273022706
236,3,10,150,59,0.12127042983235181
237,3,10,150,59,0.04776398023609584
238,3,10,150,59,0.0
239,3,10,150,59,0.12691627784085696
240,3,10,150,59,0.10235170428306553
241,3,10,150,59,0.1381300260171807
242,3,10,150,59,0.0
243,3,10,150,59,0.0
244,3,10,150,59,0.1324362264265921
245,3,10,150,59,0.0
246,3,10,150,59,0.08356426880363813
247,3,10,150,59,0.15642624200758548
248,3,10,150,59,0.23451355966072135
249,3,10,150,59,0.3041992014465808
250,3,10,150,59,0.07806699296748765
251,3,10,150,59,0.0
252,3,10,150,59,0.0
253,3,10,150,59,0.0
254,3,10,150,59,0.036502603141236205
255,3,10,150,59,0.10933464083642679
256,3,10,150,59,0.04856627791226961
257,3,10,150,59,0.12830873359117523
258,3,10,150,59,0.0
259,3,10,150,59,0.0
260,3,10,150,59,0.0
261,3,10,150,59,0.0
262,3,10,150,59,0.0
263,3,10,150,59,0.32837769821077345
264,3,10,150,59,0.32722237642019475
265,3,10,150,59,0.19802572813668026
266,3,10,150,59,0.0
267,3,10,150,59,0.21076490690365068
268,3,10,150,59,0.10827784002385153
269,3,10,150,59,0.040019695500760184
270,3,10,150,59,0.025165377029617318
271,3,10,150,59,0.10729393508609222
272,3,10,150,59,0.10457492829503848
273,3,10,150,59,0.0
274,3,10,150,59,0.0
275,3,10,150,59,0.0
276,3,10,150,59,0.2081309468282876
277,3,10,150,59,0.0
278,3,10,150,59,0.0
279,3,10,150,59,0.10908397290644045
280,3,10,150,59,0.07316593591075989
281,3,10,150,59,0.0
282,3,10,150,59,0.09659953929285248
283,3,10,150,59,0.0
284,3,10,150,59,0.0
285,3,10,150,59,0.0
286,3,10,150,59,0.016140534521312585
287,3,10,150,59,0.0
288,3,10,150,59,0.13999259891013252
289,3,10,150,59,0.0
290,3,10,150,59,0.09647783930421741
291,3,10,150,59,0.17775326828407884
292,3,10,150,59,0.27665227928348557
293,3,10,150,59,0.039886242726549496
294,3,10,150,59,0.07456347221081044
295,3,10,150,59,0.12123998403830039
296,3,10,150,59,0.1313923743616208
297,3,10,150,59,0.030868393892711742
298,3,10,150,59,0.13814728270261697
299,3,10,150,59,0.06251231174305825
300,3,10,150,59,0.0
301,3,10,150,59,0.1296575124303738
302,3,10,150,59,0.07335312372354855
303,3,10,150,59,0.19838232468373757
304,3,10,150,59,0.0
305,3,10,150,59,0.05428021340641747
306,3,10,150,59,0.0
307,3,10,150,59,0.13128644747266613
308,3,10,150,59,0.04491835474236992
309,3,10,150,59,0.0
310,3,10,150,59,0.2890648263178879
311,3,10,150,59,0.17512035582237062
312,3,10,150,59,0.16963857451199318
313,3,10,150,59,0.09586943528179451
314,3,10,150,59,0.10507089418815024
315,3,10,150,59,0.09785159463516042
316,3,10,150,59,0.06076546216996844
317,3,10,150,59,0.0
318,3,10,150,59,0.07377376675297492
319,3,10,150,59,0.0
320,3,10,150,59,0.08947300054212491
321,3,10,150,59,0.08223795175588802
322,3,10,150,59,0.07955752067133452
323,3,10,150,59,0.12229181918924699
324,3,10,150,59,0.0
325,3,10,150,59,0.0
326,3,10,150,59,0.10817904857938596
327,3,10,150,59,0.0
328,3,10,150,59,0.11126818073657672
329,3,10,150,59,0.056720838976548935
330,3,10,150,59,0.3028509129070748
331,3,10,150,59,0.0
332,3,10,150,59,0.09937017023483655
333,3,10,150,59,0.0
334,3,10,150,59,0.11273548330803308
335,3,10,150,59,0.0
336,3,10,150,59,0.0
337,3,10,150,59,0.16908993508344605
338,3,10,150,59,0.08388555279643939
339,3,10,150,59,0.1856477756884163
340,3,10,150,59,0.12647135138382856
341,3,10,150,59,0.0
342,3,10,150,59,0.11944501566498536
343,3,10,150,59,0.340718176497563
344,3,10,150,59,0.13804010954782428
345,3,10,150,59,0.1302817386077542
346,3,10,150,59,0.1264086027263655
347,3,10,150,59,0.09642724089192412
348,3,10,150,59,0.0
349,3,10,150,59,0.07123530534387781
350,3,10,150,59,0.2314071217459096
351,3,10,150,59,0.0
352,3,10,150,59,0.16282653392890226
353,3,10,150,59,0.09489642549953911
354,3,10,150,59,0.033699515540238464
355,3,10,150,59,0.05122871476979503
356,3,10,150,59,0.0
357,3,10,150,59,0.0
358,3,10,150,59,0.26730206653594746
359,3,10,150,59,0.14341929980357182
360,3,10,150,59,0.10496459329418281
361,3,10,150,59,0.0
362,3,10,150,59,0.0
363,3,10,150,59,0.1867805234163032
364,3,10,150,59,0.0
365,3,10,150,59,0.0989084497079971
366,3,10,150,59,0.10684080426179023
367,3,10,150,59,0.1410054764628891
368,3,10,150,59,0.0
369,3,10,150,59,0.0
370,3,10,150,59,0.045683428159663184
371,3,10,150,59,0.174231549865924
372,3,10,150,59,0.10673919722548196
373,3,10,150,59,0.18128610071101886
374,3,10,150,59,0.1523273086076386
375,3,10,150,59,0.0
376,3,10,150,59,0.0
377,3,10,150,59,0.053168340515114924
378,3,10,150,59,0.059975220829235544
379,3,10,150,59,0.1514379743781559
380,3,10,150,59,0.0
381,3,10,150,59,0.08294243278442993
382,3,10,150,59,0.07847428227110642
383,3,10,150,59,0.03539807129574854
384,3,10,150,59,0.08759200575528697
385,3,10,150,59,0.1546778125427113
386,3,10,150,59,0.0
387,3,10,150,59,0.03814967334348895
388,3,10,150,59,0.029785542524894418
389,3,10,150,59,0.13183633031089573
390,3,10,150,59,0.21398626473452756
391,3,10,150,59,0.2773307722866313
392,3,10,150,59,0.06327372362257774
393,3,10,150,59,0.17152162801360504
394,3,10,150,59,0.12900206501129066
395,3,10,150,59,0.09286934188709499
396,3,10,150,59,0.0
397,3,10,150,59,0.12905531436930254
398,3,10,150,59,0.12204637821038242
399,3,10,150,59,0.024662247208461323
400,3,10,150,59,0.0
401,3,10,150,59,0.0
402,3,10,150,59,0.469779625693621
403,3,10,150,59,0.0
404,3,10,150,59,0.0
405,3,10,150,59,0.23255366965514204
406,3,10,150,59,0.14780414400289354
407,3,10,150,59,0.07343764708220529
408,3,10,150,59,0.12083071655728543
409,3,10,150,59,0.15086419336317547
410,3,10,150,59,0.0
411,3,10,150,59,0.1128999930808451
412,3,10,150,59,0.0
413,3,10,150,59,0.10122860821230018
414,3,10,150,59,0.0
415,3,10,150,59,0.07605458145297357
416,3,10,150,59,0.30023979222715785
417,3,10,150,59,0.0643235168090157
418,3,10,150,59,0.07001560573318603
419,3,10,150,59,0.26168079122473237
420,3,10,150,59,0.0527075128660253
421,3,10,150,59,0.202729931306865
422,3,10,150,59,0.0
423,3,10,150,59,0.0
424,3,10,150,59,0.13291000263869587
425,3,10,150,59,0.0
426,3,10,150,59,0.10004388309532918
427,3,10,150,59,0.0
428,3,10,150,59,0.0
429,3,10,150,59,0.1562025139535739
430,3,10,150,59,0.062242588308449316
431,3,10,150,59,0.0
432,3,10,150,59,0.0
433,3,10,150,59,0.0
434,3,10,150,59,0.25803884452092735
435,3,10,150,59,0.24407605055642811
436,3,10,150,59,0.09291494561763272
437,3,10,150,59,0.04312673516884059
438,3,10,150,59,0.0
439,3,10,150,59,0.0
440,3,10,150,59,0.10025741859697787
441,3,10,150,59,0.0
442,3,10,150,59,0.058478916078390675
443,3,10,150,59,0.056720838976548935
444,3,10,150,59,0.19519002499605084
445,3,10,150,59,0.0
446,3,10,150,59,0.0
447,3,10,150,59,0.09914294517496557
448,3,10,150,59,0.0
449,3,10,150,59,0.0
450,3,10,150,59,0.3320987348399665
451,3,10,150,59,0.0
452,3,10,150,59,0.048188247044562364
453,3,10,150,59,0.13392124957971085
454,3,10,150,59,0.0
455,3,10,150,59,0.1760702282199838
456,3,10,150,59,0.160726259444355
457,3,10,150,59,0.43224882403887244
458,3,10,150,59,0.12059750656999586
459,3,10,150,59,0.04901586605894737
460,3,10,150,59,0.0
461,3,10,150,59,0.10778915452451093
462,3,10,150,59,0.16728714615527887
463,3,10,150,59,0.1032589365938857
464,3,10,150,59,0.04931346192675315
465,3,10,150,59,0.0733934381893728
466,3,10,150,59,0.0750834162528243
467,3,10,150,59,0.032842167909375275
468,3,10,150,59,0.4424763580282471
469,3,10,150,59,0.050924439617225085
470,3,10,150,59,0.040162930685297936
471,3,10,150,59,0.0
472,3,10,150,59,0.29599669014978675
473,3,10,150,59,0.050005013043213774
474,3,10,150,59,0.33530230301641367
475,3,10,150,59,0.0
476,3,10,150,59,0.12097589732794561
477,3,10,150,59,0.0
478,3,10,150,59,0.2059565668593519
479,3,10,150,59,0.07893633843817272
480,3,10,150,59,0.0881980292211471
481,3,10,150,59,0.05234104579082298
482,3,10,150,59,0.10209739512291163
483,3,10,150,59,0.06194403202282284
484,3,10,150,59,0.27714485683696083
485,3,10,150,59,0.0
486,3,10,150,59,0.06108300840136219
487,3,10,150,59,0.11553833592416254
488,3,10,150,59,0.05887472794707303
489,3,10,150,59,0.0
490,3,10,150,59,0.06490403551612171
491,3,10,150,59,0.17758207479178334
492,3,10,150,59,0.08328180879069912
493,3,10,150,59,0.2507881701135645
494,3,10,150,59,0.15581531016292202
495,3,10,150,59,0.11142712020088678
496,3,10,150,59,0.07271211160102074
497,3,10,150,59,0.053627653250099355
498,3,10,150,59,0.0343217267714905
499,3,10,150,59,0.11352658248311334
500,3,10,150,59,0.04698773570888995
501,3,10,150,59,0.0
502,3,10,150,59,0.0
503,3,10,150,59,0.23688393797410975
504,3,10,150,59,0.08755086685073289
505,3,10,150,59,0.025255271126572616
506,3,10,150,59,0.13550203589759813
507,3,10,150,59,0.0
508,3,10,150,59,0.19188799772768309
509,3,10,150,59,0.0
510,3,10,150,59,0.17032928501352598
511,3,10,150,59,0.12155021559723776
512,3,10,150,59,0.0
513,3,10,150,59,0.05276490902632437
514,3,10,150,59,0.2252081665552943
515,3,10,150,59,0.0
516,3,10,150,59,0.07947838320659593
517,3,10,150,59,0.03859643636257609
518,3,10,150,59,0.05268083714989503
519,3,10,150,59,0.0
520,3,10,150,59,0.0
521,3,10,150,59,0.07649261318048692
522,3,10,150,59,0.16542389351858164
523,3,10,150,59,0.1705239552439998
524,3,10,150,59,0.06190135444647686
525,3,10,150,59,0.06516045994396072
526,3,10,150,59,0.03112959369469351
527,3,10,150,59,0.21068702285875093
528,3,10,150,59,0.1255942414278791
529,3,10,150,59,0.03208343640786788
530,3,10,150,59,0.0
531,3,10,150,59,0.0
532,3,10,150,59,0.2077695569853623
533,3,10,150,59,0.14872525264328373
534,3,10,150,59,0.10040759964046686
535,3,10,150,59,0.22049619856911515
536,3,10,150,59,0.1568966985754741
537,3,10,150,59,0.3833158260234882
538,3,10,150,59,0.09944592215223559
539,3,10,150,59,0.04851068933953057
540,3,10,150,59,0.0
541,3,10,150,59,0.06337469398538446
542,3,10,150,59,0.04294079226347803
543,3,10,150,59,0.0
544,3,10,150,59,0.0
545,3,10,150,59,0.1627301445786375
546,3,10,150,59,0.10441409560474312
547,3,10,150,59,0.04528995543568932
548,3,10,150,59,0.08556622378188056
549,3,10,150,59,0.10184659627402569
550,3,10,150,59,0.0845667599404342
551,3,10,150,59,0.24923263556758476
552,3,10,150,59,0.0
553,3,10,150,59,0.13528660262448355
554,3,10,150,59,0.0
555,3,10,150,59,0.037070343480771185
556,3,10,150,59,0.2848749592866812
557,3,10,150,59,0.044530079137671444
558,3,10,150,59,0.21398626473452756
559,3,10,150,59,0.07557866567222271
560,3,10,150,59,0.11942337490935596
561,3,10,150,59,0.0797157281503145
562,3,10,150,59,0.1501964202441757
563,3,10,150,59,0.10791970824616881
564,3,10,150,59,0.0
565,3,10,150,59,0.17360338152027138
566,3,10,150,59,0.11935234359120704
567,3,10,150,59,0.3146233243015649
568,3,10,150,59,0.07161318866452264
569,3,10,150,59,0.023835426911994775
570,3,10,150,59,0.0
571,3,10,150,59,0.0512644431393966
572,3,10,150,59,0.30260241349881345
573,3,10,150,59,0.0
574,3,10,150,59,0.0
575,3,10,150,59,0.13043262693172047
576,3,10,150,59,0.0
577,3,10,150,59,0.20219130694687754
578,3,10,150,59,0.0
579,3,10,150,59,0.06152644703210656
580,3,10,150,59,0.03144137376097698
581,3,10,150,59,0.0
582,3,10,150,59,0.06679511870650716
583,3,10,150,59,0.13912814892946682
584,3,10,150,59,0.20261715588288354
585,3,10,150,59,0.042225550968526857
586,3,10,150,59,0.0732639194068538
587,3,10,150,59,0.0
588,3,10,150,59,0.2417920626274973
589,3,10,150,59,0.06690610140251865
590,3,10,150,59,0.17154483744357613
591,3,10,150,59,0.08651464973019597
592,3,10,150,59,0.36184502614821834
593,3,10,150,59,0.12161450540509322
594,3,10,150,59,0.0
595,3,10,150,59,0.055965373307784824
596,3,10,150,59,0.09803928583135704
597,3,10,150,59,0.0
598,3,10,150,59,0.0
599,3,10,150,59,0.02506539947940475
600,3,10,150,59,0.13574631165894233
601,3,10,150,59,0.1353025537211632
602,3,10,150,59,0.041278922835426404
603,3,10,150,59,0.12541207695631323
604,3,10,150,59,0.0
605,3,10,150,59,0.15136987527520723
606,3,10,150,59,0.3757447730690181
607,3,10,150,59,0.0308875359117713
608,3,10,150,59,0.23290051083514685
609,3,10,150,59,0.0
610,3,10,150,59,0.10333359901892428
611,3,10,150,59,0.14211158734750468
612,3,10,150,59,0.09162544430476362
613,3,10,150,59,0.1652462050665711
614,3,10,150,59,0.1467868763787456
615,3,10,150,59,0.14155559941296994
616,3,10,150,59,0.030480958763669998
617,3,10,150,59,0.038287076928437726
618,3,10,150,59,0.10513876739837216
619,3,10,150,59,0.14795344439858116
620,3,10,150,59,0.22517853627975715
621,3,10,150,59,0.1001401853943617
622,3,10,150,59,0.1917514015418499
623,3,10,150,59,0.04214302778527282
624,3,10,150,59,0.03202992305603544
625,3,10,150,59,0.06672272773479279
626,3,10,150,59,0.0
627,3,10,150,59,0.11892336374326101
628,3,10,150,59,0.0
629,3,10,150,59,0.2714424669354698
630,3,10,150,59,0.10834532177911152
631,3,10,150,59,0.13449792459172438
632,3,10,150,59,0.06934269739950429
633,3,10,150,59,0.050456115328747164
634,3,10,150,59,0.09692094009503625
635,3,10,150,59,0.0
636,3,10,150,59,0.3615974840572412
637,3,10,150,59,0.02898066279104336
638,3,10,150,59,0.05152901435389809
639,3,10,150,59,0.0
640,3,10,150,59,0.14971838572911914
641,3,10,150,59,0.051358492238643604
642,3,10,150,59,0.3231591286312002
643,3,10,150,59,0.2665832834019578
644,3,10,150,59,0.0
645,3,10,150,59,0.16338171596108064
646,3,10,150,59,0.11243817952384734
647,3,10,150,59,0.06590268968688952
648,3,10,150,59,0.2784956527711088
649,3,10,150,59,0.04336490181597879
650,3,10,150,59,0.11632504370769187
651,3,10,150,59,0.0
652,3,10,150,59,0.0
653,3,10,150,59,0.11985699424719401
654,3,10,150,59,0.06204216882913091
655,3,10,150,59,0.4465543123065366
656,3,10,150,59,0.0
657,3,10,150,59,0.2504953915210566
658,3,10,150,59,0.09988783377897062
659,3,10,150,59,0.12305610870300725
660,3,10,150,59,0.012263463497813917
661,3,10,150,59,0.17799532488490244
662,3,10,150,59,0.0
663,3,10,150,59,0.12798424637374778
664,3,10,150,59,0.287614296176076
665,3,10,150,59,0.05818748131322199
666,3,10,150,59,0.1323334981707678
667,3,10,150,59,0.12602794414143728
668,3,10,150,59,0.0
669,3,10,150,59,0.19588788032265295
670,3,10,150,59,0.0
671,3,10,150,59,0.19386142581938012
672,3,10,150,59,0.07973520350569015
673,3,10,150,59,0.0
674,3,10,150,59,0.0
675,3,10,150,59,0.0382580635535654
676,3,10,150,59,0.22358931366364498
677,3,10,150,59,0.10158983531347915
678,3,10,150,59,0.0
679,3,10,150,59,0.16417658872889113
680,3,10,150,59,0.0
681,3,10,150,59,0.0
682,3,10,150,59,0.2848259943869598
683,3,10,150,59,0.045215225629604006
684,3,10,150,59,0.03158850394477252
685,3,10,150,59,0.16662900720865959
686,3,10,150,59,0.15669346910555695
687,3,10,150,59,0.0
688,3,10,150,59,0.0
689,3,10,150,59,0.40191678174210904
690,3,10,150,59,0.24802939400095458
691,3,10,150,59,0.6023709850354425
692,3,10,150,59,0.03353522641880846
693,3,10,150,59,0.04711181933747839
694,3,10,150,59,0.21373782332032082
695,3,10,150,59,0.02951022367272685
696,3,10,150,59,0.08111636357522063
697,3,10,150,59,0.06832568397816181
698,3,10,150,59,0.0
699,3,10,150,59,0.05743042968305478
700,3,10,150,59,0.0
701,3,10,150,59,0.0906790485156717
702,3,10,150,59,0.0
703,3,10,150,59,0.21888235022994418
704,3,10,150,59,0.1837388566713383
705,3,10,150,59,0.23218509658433442
706,3,10,150,59,0.0
707,3,10,150,59,0.26813459005838275
708,3,10,150,59,0.03476299583640518
709,3,10,150,59,0.14143393670228208
710,3,10,150,59,0.25040922491354684
711,3,10,150,59,0.21108795127195357
712,3,10,150,59,0.07906976625108701
713,3,10,150,59,0.0
714,3,10,150,59,0.1266607864485773
715,3,10,150,59,0.18222219491328487
716,3,10,150,59,0.27843273874917635
717,3,10,150,59,0.08455030681958395
718,3,10,150,59,0.0
719,3,10,150,59,0.10353175087921149
720,3,10,150,59,0.0
721,3,10,150,59,0.08687249167321089
722,3,10,150,59,0.07401896317743158
723,3,10,150,59,0.0
724,3,10,150,59,0.0
725,3,10,150,59,0.04733244938590725
726,3,10,150,59,0.061080020762274374
727,3,10,150,59,0.08906326339777901
728,3,10,150,59,0.0
729,3,10,150,59,0.046534861017850544
730,3,10,150,59,0.0
731,3,10,150,59,0.1935015812983906
732,3,10,150,59,0.05717828980196049
733,3,10,150,59,0.020730875129846955
734,3,10,150,59,0.08131766139183766
735,3,10,150,59,0.08151055815578559
736,3,10,150,59,0.047009109882897075
737,3,10,150,59,0.12127716502890909
738,3,10,150,59,0.09907057054543131
739,3,10,150,59,0.18767092572990207
740,3,10,150,59,0.0523780734795101
741,3,10,150,59,0.0787396033907249
742,3,10,150,59,0.0527075128660253
743,3,10,150,59,0.1194783875505714
744,3,10,150,59,0.0
745,3,10,150,59,0.06774344219296054
746,3,10,150,59,0.24124954544361757
747,3,10,150,59,0.21299211338259
748,3,10,150,59,0.04132344798443041
749,3,10,150,59,0.3360234263908834
750,3,10,150,59,0.18000575664763457
751,3,10,150,59,0.05059789125164855
752,3,10,150,59,0.08155432360208091
753,3,10,150,59,0.04072612696308379
754,3,10,150,59,0.0
755,3,10,150,59,0.0
756,3,10,150,59,0.044143057780823704
757,3,10,150,59,0.1088815023385917
758,3,10,150,59,0.23376049906416077
759,3,10,150,59,0.0
760,3,10,150,59,0.16006374561654185
761,3,10,150,59,0.17663858756688974
762,3,10,150,59,0.0
763,3,10,150,59,0.10697348874072295
764,3,10,150,59,0.04710969775183564
765,3,10,150,59,0.0966785411876802
766,3,10,150,59,0.035191004809260996
767,3,10,150,59,0.1269544353559099
768,3,10,150,59,0.09997171219938322
769,3,10,150,59,0.0
770,3,10,150,59,0.18348359547343202
771,3,10,150,59,0.051111361357474266
772,3,10,150,59,0.038996699933076286
773,3,10,150,59,0.15659560794124947
774,3,10,150,59,0.0
775,3,10,150,59,0.0
776,3,10,150,59,0.024267484090652828
777,3,10,150,59,0.0
778,3,10,150,59,0.08961728720334347
779,3,10,150,59,0.0
780,3,10,150,59,0.12311997034702767
781,3,10,150,59,0.12572447169101508
782,3,10,150,59,0.0
783,3,10,150,59,0.0
784,3,10,150,59,0.04582425041433568
785,3,10,150,59,0.2848262604068979
786,3,10,150,59,0.13901223847985233
787,3,10,150,59,0.0
788,3,10,150,59,0.046626370288649896
789,3,10,150,59,0.14531023848228133
790,3,10,150,59,0.07123716589548494
791,3,10,150,59,0.059480024314918285
792,3,10,150,59,0.0946587791577201
793,3,10,150,59,0.11843263243420837
794,3,10,150,59,0.1578863001786244
795,3,10,150,59,0.06886690743551852
796,3,10,150,59,0.09661276782730635
797,3,10,150,59,0.13905617951077562
798,3,10,150,59,0.013788754828346865
799,3,10,150,59,0.2836929289153804
800,3,10,150,59,0.0
801,3,10,150,59,0.0
802,3,10,150,59,0.05621908976192367
803,3,10,150,59,0.0
804,3,10,150,59,0.23639620587833735
805,3,10,150,59,0.1350066983480993
806,3,10,150,59,0.10606704841588428
807,3,10,150,59,0.18716126069796726
808,3,10,150,59,0.0
809,3,10,150,59,0.0
810,3,10,150,59,0.0
811,3,10,150,59,0.1162989546852336
812,3,10,150,59,0.11600766930798434
813,3,10,150,59,0.06916902856231065
814,3,10,150,59,0.054181637470214
815,3,10,150,59,0.10380674919178415
816,3,10,150,59,0.10105367325027378
817,3,10,150,59,0.0
818,3,10,150,59,0.05187864210776578
819,3,10,150,59,0.0
820,3,10,150,59,0.12262943855309168
821,3,10,150,59,0.053168340515114924
822,3,10,150,59,0.0
823,3,10,150,59,0.12115332041009189
824,3,10,150,59,0.0
825,3,10,150,59,0.16434089815347858
826,3,10,150,59,0.1104586032397152
827,3,10,150,59,0.0
828,3,10,150,59,0.0
829,3,10,150,59,0.08143169212679746
830,3,10,150,59,0.13003750163762204
831,3,10,150,59,0.04522637401768292
832,3,10,150,59,0.0
833,3,10,150,59,0.05828935682373833
834,3,10,150,59,0.0
835,3,10,150,59,0.131093662595089
836,3,10,150,59,0.05097554749895306
837,3,10,150,59,0.05351287869030783
838,3,10,150,59,0.08633629724227374
839,3,10,150,59,0.0
840,3,10,150,59,0.1518245759629103
841,3,10,150,59,0.0
842,3,10,150,59,0.0
843,3,10,150,59,0.04209275315645388
844,3,10,150,59,0.0
845,3,10,150,59,0.0
846,3,10,150,59,0.13363919278051073
847,3,10,150,59,0.0
848,3,10,150,59,0.03618657486793958
849,3,10,150,59,0.0
850,3,10,150,59,0.06228974831361337
851,3,10,150,59,0.2277008805972924
852,3,10,150,59,0.07256783117062009
853,3,10,150,59,0.0
854,3,10,150,59,0.0
855,3,10,150,59,0.0
856,3,10,150,59,0.0
857,3,10,150,59,0.0
858,3,10,150,59,0.0
859,3,10,150,59,0.0
860,3,10,150,59,0.0
861,3,10,150,59,0.12754356661958802
862,3,10,150,59,0.1014543205029727
863,3,10,150,59,0.0
864,3,10,150,59,0.19756506460263396
865,3,10,150,59,0.0
866,3,10,150,59,0.0
867,3,10,150,59,0.13120507751234178
868,3,10,150,59,0.0
870,3,10,150,59,0.0
871,3,10,150,59,0.0
872,3,10,150,59,0.0
875,3,10,150,59,0.1395953738647505
876,3,10,150,59,0.0
877,3,10,150,59,0.0
1,3,10,150,60,0.6247579375131872
2,3,10,150,60,0.10688238502350729
3,3,10,150,60,0.0
4,3,10,150,60,0.0
5,3,10,150,60,0.0819283960923954
6,3,10,150,60,0.05340978172012693
7,3,10,150,60,0.15912203234939234
8,3,10,150,60,0.0554835367217868
9,3,10,150,60,0.0
10,3,10,150,60,0.16409920264511527
11,3,10,150,60,0.049016076581777215
12,3,10,150,60,0.04822019817866397
13,3,10,150,60,0.2272105023817851
14,3,10,150,60,0.05601843521033356
15,3,10,150,60,0.0
16,3,10,150,60,0.1653353975675179
17,3,10,150,60,0.12066394366711926
18,3,10,150,60,0.16957655256734583
19,3,10,150,60,0.0
20,3,10,150,60,0.14530105135237878
21,3,10,150,60,0.03475017269886857
22,3,10,150,60,0.1468275080577048
23,3,10,150,60,0.18360000301566626
24,3,10,150,60,0.311062094929455
25,3,10,150,60,0.0
26,3,10,150,60,0.030421795212869307
28,3,10,150,60,0.0
29,3,10,150,60,0.0
30,3,10,150,60,0.0979129253499678
31,3,10,150,60,0.06076546216996844
32,3,10,150,60,0.0
33,3,10,150,60,0.0
34,3,10,150,60,0.0
35,3,10,150,60,0.07108348368841133
37,3,10,150,60,0.0488929053971083
38,3,10,150,60,0.03215366848272267
39,3,10,150,60,0.0
40,3,10,150,60,0.03963175841995263
41,3,10,150,60,0.0
42,3,10,150,60,0.14144963799422255
43,3,10,150,60,0.2516718289406818
44,3,10,150,60,0.07698159974258616
45,3,10,150,60,0.04505000432618384
46,3,10,150,60,0.2524329124868603
47,3,10,150,60,0.0
48,3,10,150,60,0.14225564083314088
49,3,10,150,60,0.08545966314334597
50,3,10,150,60,0.0
51,3,10,150,60,0.18953836965473142
52,3,10,150,60,0.04892579731758021
53,3,10,150,60,0.09546043308946733
54,3,10,150,60,0.07984133538066794
55,3,10,150,60,0.0
56,3,10,150,60,0.03975645576081676
57,3,10,150,60,0.0
58,3,10,150,60,0.10796876451088402
59,3,10,150,60,0.1825401339226324
60,3,10,150,60,0.12123807080432077
61,3,10,150,60,0.0
62,3,10,150,60,0.03806940785769845
63,3,10,150,60,0.03554915059547175
64,3,10,150,60,0.0
65,3,10,150,60,0.2994759515353249
66,3,10,150,60,0.0
67,3,10,150,60,0.0
68,3,10,150,60,0.0
69,3,10,150,60,0.14840975300312728
70,3,10,150,60,0.0
71,3,10,150,60,0.07955752067133452
72,3,10,150,60,0.16084022171949366
73,3,10,150,60,0.051960280791503534
74,3,10,150,60,0.0
75,3,10,150,60,0.11731968150568911
76,3,10,150,60,0.14804398249667974
77,3,10,150,60,0.45287742747371695
78,3,10,150,60,0.0
79,3,10,150,60,0.0
80,3,10,150,60,0.08297572808511901
81,3,10,150,60,0.0
82,3,10,150,60,0.08926877557705373
83,3,10,150,60,0.04630610387058298
84,3,10,150,60,0.0
85,3,10,150,60,0.06966660916502733
86,3,10,150,60,0.07738888769495082
87,3,10,150,60,0.10058161863664324
88,3,10,150,60,0.0
89,3,10,150,60,0.22860031301980846
90,3,10,150,60,0.19778120236014796
91,3,10,150,60,0.13114221140465185
92,3,10,150,60,0.03690254550997565
93,3,10,150,60,0.0
94,3,10,150,60,0.1785123466504993
95,3,10,150,60,0.061836172422412086
96,3,10,150,60,0.19186450284072096
97,3,10,150,60,0.09558339637123096
98,3,10,150,60,0.08878770367712427
99,3,10,150,60,0.029785542524894418
100,3,10,150,60,0.0892789338684584
101,3,10,150,60,0.0
102,3,10,150,60,0.026001814664123827
103,3,10,150,60,0.07673373981757839
104,3,10,150,60,0.12171451575741458
106,3,10,150,60,0.05261577455142312
107,3,10,150,60,0.0
108,3,10,150,60,0.0
109,3,10,150,60,0.11259960483764554
110,3,10,150,60,0.039667414566743345
111,3,10,150,60,0.0
112,3,10,150,60,0.06510475888148554
113,3,10,150,60,0.05449144662575446
114,3,10,150,60,0.07610811271330754
115,3,10,150,60,0.046806851959664796
116,3,10,150,60,0.07814915695077672
117,3,10,150,60,0.10135360124281675
118,3,10,150,60,0.0
119,3,10,150,60,0.06127983274634642
121,3,10,150,60,0.06245141164382474
122,3,10,150,60,0.03984598490051017
123,3,10,150,60,0.46927872602275644
124,3,10,150,60,0.10889376106823218
125,3,10,150,60,0.15602345563935235
126,3,10,150,60,0.0
127,3,10,150,60,0.0
128,3,10,150,60,0.027576277569513717
129,3,10,150,60,0.0
130,3,10,150,60,0.08034382158496219
131,3,10,150,60,0.2803335894048546
132,3,10,150,60,0.1431991570830273
133,3,10,150,60,0.0
134,3,10,150,60,0.0
135,3,10,150,60,0.0
136,3,10,150,60,0.40257390286801836
137,3,10,150,60,0.0
138,3,10,150,60,0.21222747957761057
139,3,10,150,60,0.0
140,3,10,150,60,0.0
141,3,10,150,60,0.17799763794582682
142,3,10,150,60,0.30260241349881345
143,3,10,150,60,0.0
144,3,10,150,60,0.2143720535700613
145,3,10,150,60,0.06384607724228114
146,3,10,150,60,0.0
147,3,10,150,60,0.07610811271330754
148,3,10,150,60,0.042512356679180144
149,3,10,150,60,0.05446824630887794
150,3,10,150,60,0.0
151,3,10,150,60,0.1467394379667669
152,3,10,150,60,0.026230448379684728
153,3,10,150,60,0.06516188295518531
154,3,10,150,60,0.055100238151135045
155,3,10,150,60,0.0
156,3,10,150,60,0.07028063830038406
157,3,10,150,60,0.05840183867278569
158,3,10,150,60,0.055805240881847164
159,3,10,150,60,0.11026617795298452
160,3,10,150,60,0.060934076158944916
161,3,10,150,60,0.0
162,3,10,150,60,0.0
163,3,10,150,60,0.0
164,3,10,150,60,0.0
165,3,10,150,60,0.09149012142095872
166,3,10,150,60,0.0
167,3,10,150,60,0.03395822402998728
168,3,10,150,60,0.0
169,3,10,150,60,0.055427457405235275
170,3,10,150,60,0.0
171,3,10,150,60,0.0
172,3,10,150,60,0.0
173,3,10,150,60,0.0
174,3,10,150,60,0.07752093421921306
175,3,10,150,60,0.4413254197204702
176,3,10,150,60,0.0347693136731627
177,3,10,150,60,0.0
178,3,10,150,60,0.18053947820976404
179,3,10,150,60,0.06599888514927177
180,3,10,150,60,0.0
181,3,10,150,60,0.03431258901928648
182,3,10,150,60,0.13120507751234178
183,3,10,150,60,0.0
184,3,10,150,60,0.0
185,3,10,150,60,0.0
186,3,10,150,60,0.0
187,3,10,150,60,0.2004102107997965
188,3,10,150,60,0.026527518023781966
189,3,10,150,60,0.22982757951573698
190,3,10,150,60,0.0
191,3,10,150,60,0.07335312372354855
192,3,10,150,60,0.0
193,3,10,150,60,0.0
194,3,10,150,60,0.0860257611411915
195,3,10,150,60,0.10257737475069033
196,3,10,150,60,0.17342765698823945
197,3,10,150,60,0.07304192939088519
198,3,10,150,60,0.10387325901274824
199,3,10,150,60,0.052106753859569234
200,3,10,150,60,0.0971420957831845
201,3,10,150,60,0.18902020175502676
202,3,10,150,60,0.0
203,3,10,150,60,0.0
204,3,10,150,60,0.0
205,3,10,150,60,0.11600766930798434
206,3,10,150,60,0.0
207,3,10,150,60,0.07922167747488142
208,3,10,150,60,0.0
209,3,10,150,60,0.070675417981692
210,3,10,150,60,0.0
211,3,10,150,60,0.0
212,3,10,150,60,0.0559167101555819
213,3,10,150,60,0.08985507164305877
214,3,10,150,60,0.1257260924843343
215,3,10,150,60,0.157288596461893
216,3,10,150,60,0.27735230728218535
217,3,10,150,60,0.13000004444613666
218,3,10,150,60,0.06323567569191428
219,3,10,150,60,0.0
220,3,10,150,60,0.07807600999842033
221,3,10,150,60,0.12213234467515617
222,3,10,150,60,0.1483732210811898
223,3,10,150,60,0.039270700903099615
224,3,10,150,60,0.0
225,3,10,150,60,0.047125238474713914
226,3,10,150,60,0.0
227,3,10,150,60,0.0
229,3,10,150,60,0.0
230,3,10,150,60,0.14761718050685244
231,3,10,150,60,0.0
232,3,10,150,60,0.0
233,3,10,150,60,0.1771248231078435
234,3,10,150,60,0.1357169187472326
235,3,10,150,60,0.08312042273022706
236,3,10,150,60,0.12127042983235181
237,3,10,150,60,0.04776398023609584
238,3,10,150,60,0.0
239,3,10,150,60,0.12691627784085696
240,3,10,150,60,0.10235170428306553
241,3,10,150,60,0.1381300260171807
242,3,10,150,60,0.0
243,3,10,150,60,0.0
244,3,10,150,60,0.1324362264265921
245,3,10,150,60,0.0
246,3,10,150,60,0.08356426880363813
247,3,10,150,60,0.15642624200758548
248,3,10,150,60,0.23451355966072135
249,3,10,150,60,0.3041992014465808
250,3,10,150,60,0.07806699296748765
251,3,10,150,60,0.0
252,3,10,150,60,0.0
253,3,10,150,60,0.0
254,3,10,150,60,0.036502603141236205
255,3,10,150,60,0.10933464083642679
256,3,10,150,60,0.04856627791226961
257,3,10,150,60,0.12830873359117523
258,3,10,150,60,0.0
259,3,10,150,60,0.0
260,3,10,150,60,0.0
261,3,10,150,60,0.0
262,3,10,150,60,0.0
263,3,10,150,60,0.32837769821077345
264,3,10,150,60,0.32722237642019475
265,3,10,150,60,0.19802572813668026
266,3,10,150,60,0.0
267,3,10,150,60,0.21076490690365068
268,3,10,150,60,0.10827784002385153
269,3,10,150,60,0.040019695500760184
270,3,10,150,60,0.049915567102790354
271,3,10,150,60,0.10729393508609222
272,3,10,150,60,0.10457492829503848
273,3,10,150,60,0.0
274,3,10,150,60,0.0
275,3,10,150,60,0.0
276,3,10,150,60,0.2057300247252611
277,3,10,150,60,0.0
278,3,10,150,60,0.0
279,3,10,150,60,0.10782562028935902
280,3,10,150,60,0.07316593591075989
281,3,10,150,60,0.0
282,3,10,150,60,0.09659953929285248
283,3,10,150,60,0.0
284,3,10,150,60,0.0
285,3,10,150,60,0.0
286,3,10,150,60,0.016140534521312585
287,3,10,150,60,0.0
288,3,10,150,60,0.13999259891013252
289,3,10,150,60,0.0
290,3,10,150,60,0.09647783930421741
291,3,10,150,60,0.17775326828407884
292,3,10,150,60,0.27665227928348557
293,3,10,150,60,0.039886242726549496
294,3,10,150,60,0.07456347221081044
295,3,10,150,60,0.12123998403830039
296,3,10,150,60,0.1313923743616208
297,3,10,150,60,0.030868393892711742
298,3,10,150,60,0.13814728270261697
299,3,10,150,60,0.06251231174305825
300,3,10,150,60,0.0
301,3,10,150,60,0.1296575124303738
302,3,10,150,60,0.07335312372354855
303,3,10,150,60,0.19609385910261512
304,3,10,150,60,0.0
305,3,10,150,60,0.05428021340641747
306,3,10,150,60,0.0
307,3,10,150,60,0.13128644747266613
308,3,10,150,60,0.04491835474236992
309,3,10,150,60,0.0
310,3,10,150,60,0.2890648263178879
311,3,10,150,60,0.17512035582237062
312,3,10,150,60,0.16963857451199318
313,3,10,150,60,0.09586943528179451
314,3,10,150,60,0.10507089418815024
315,3,10,150,60,0.09785159463516042
316,3,10,150,60,0.06076546216996844
317,3,10,150,60,0.0
318,3,10,150,60,0.07377376675297492
319,3,10,150,60,0.0
320,3,10,150,60,0.08947300054212491
321,3,10,150,60,0.08223795175588802
322,3,10,150,60,0.07955752067133452
323,3,10,150,60,0.12229181918924699
324,3,10,150,60,0.0
325,3,10,150,60,0.0
326,3,10,150,60,0.10817904857938596
327,3,10,150,60,0.0
328,3,10,150,60,0.11126818073657672
329,3,10,150,60,0.056720838976548935
330,3,10,150,60,0.3028509129070748
331,3,10,150,60,0.0
332,3,10,150,60,0.09937017023483655
333,3,10,150,60,0.0
334,3,10,150,60,0.11273548330803308
335,3,10,150,60,0.0
336,3,10,150,60,0.0
337,3,10,150,60,0.16908993508344605
338,3,10,150,60,0.08388555279643939
339,3,10,150,60,0.1856477756884163
340,3,10,150,60,0.12647135138382856
341,3,10,150,60,0.0
342,3,10,150,60,0.11944501566498536
343,3,10,150,60,0.340718176497563
344,3,10,150,60,0.13804010954782428
345,3,10,150,60,0.1302817386077542
346,3,10,150,60,0.1264086027263655
347,3,10,150,60,0.09642724089192412
348,3,10,150,60,0.0
349,3,10,150,60,0.07123530534387781
350,3,10,150,60,0.2314071217459096
351,3,10,150,60,0.0
352,3,10,150,60,0.16282653392890226
353,3,10,150,60,0.09489642549953911
354,3,10,150,60,0.033699515540238464
355,3,10,150,60,0.05122871476979503
356,3,10,150,60,0.0
357,3,10,150,60,0.0
358,3,10,150,60,0.26730206653594746
359,3,10,150,60,0.14341929980357182
360,3,10,150,60,0.10496459329418281
361,3,10,150,60,0.0
362,3,10,150,60,0.0
363,3,10,150,60,0.1867805234163032
364,3,10,150,60,0.0
365,3,10,150,60,0.0989084497079971
366,3,10,150,60,0.10684080426179023
367,3,10,150,60,0.1410054764628891
368,3,10,150,60,0.0
369,3,10,150,60,0.0
370,3,10,150,60,0.045683428159663184
371,3,10,150,60,0.174231549865924
372,3,10,150,60,0.10673919722548196
373,3,10,150,60,0.18128610071101886
374,3,10,150,60,0.1523273086076386
375,3,10,150,60,0.0
376,3,10,150,60,0.0
377,3,10,150,60,0.053168340515114924
378,3,10,150,60,0.05928336872594595
379,3,10,150,60,0.1514379743781559
380,3,10,150,60,0.0
381,3,10,150,60,0.08294243278442993
382,3,10,150,60,0.07847428227110642
383,3,10,150,60,0.03539807129574854
384,3,10,150,60,0.08759200575528697
385,3,10,150,60,0.1546778125427113
386,3,10,150,60,0.0
387,3,10,150,60,0.03814967334348895
388,3,10,150,60,0.029785542524894418
389,3,10,150,60,0.13183633031089573
390,3,10,150,60,0.21398626473452756
391,3,10,150,60,0.2773307722866313
392,3,10,150,60,0.06327372362257774
393,3,10,150,60,0.18107865000141438
394,3,10,150,60,0.12900206501129066
395,3,10,150,60,0.09286934188709499
396,3,10,150,60,0.0
397,3,10,150,60,0.12905531436930254
398,3,10,150,60,0.12204637821038242
399,3,10,150,60,0.03591338503432884
400,3,10,150,60,0.0
401,3,10,150,60,0.0
402,3,10,150,60,0.469779625693621
403,3,10,150,60,0.0
404,3,10,150,60,0.0
405,3,10,150,60,0.22987101599828058
406,3,10,150,60,0.1460991297238386
407,3,10,150,60,0.07343764708220529
408,3,10,150,60,0.12083071655728543
409,3,10,150,60,0.15086419336317547
410,3,10,150,60,0.0
411,3,10,150,60,0.1128999930808451
412,3,10,150,60,0.0
413,3,10,150,60,0.10122860821230018
414,3,10,150,60,0.0
415,3,10,150,60,0.07605458145297357
416,3,10,150,60,0.2967763363386831
417,3,10,150,60,0.0635815043615416
418,3,10,150,60,0.07001560573318603
419,3,10,150,60,0.26168079122473237
420,3,10,150,60,0.0527075128660253
421,3,10,150,60,0.202729931306865
422,3,10,150,60,0.0
423,3,10,150,60,0.0
424,3,10,150,60,0.13291000263869587
425,3,10,150,60,0.0
426,3,10,150,60,0.10004388309532918
427,3,10,150,60,0.0
428,3,10,150,60,0.0
429,3,10,150,60,0.15440061916563136
430,3,10,150,60,0.062242588308449316
431,3,10,150,60,0.0
432,3,10,150,60,0.0
433,3,10,150,60,0.0
434,3,10,150,60,0.25803884452092735
435,3,10,150,60,0.24126047894859892
436,3,10,150,60,0.09291494561763272
437,3,10,150,60,0.042629241003382994
438,3,10,150,60,0.0
439,3,10,150,60,0.0
440,3,10,150,60,0.10025741859697787
441,3,10,150,60,0.0
442,3,10,150,60,0.058478916078390675
443,3,10,150,60,0.056720838976548935
444,3,10,150,60,0.19519002499605084
445,3,10,150,60,0.0
446,3,10,150,60,0.0
447,3,10,150,60,0.09914294517496557
448,3,10,150,60,0.0
449,3,10,150,60,0.0
450,3,10,150,60,0.32826776589942624
451,3,10,150,60,0.0
452,3,10,150,60,0.048188247044562364
453,3,10,150,60,0.13392124957971085
454,3,10,150,60,0.0
455,3,10,150,60,0.1760702282199838
456,3,10,150,60,0.1752070195318094
457,3,10,150,60,0.42726256048000666
458,3,10,150,60,0.12059750656999586
459,3,10,150,60,0.04901586605894737
460,3,10,150,60,0.0
461,3,10,150,60,0.10778915452451093
462,3,10,150,60,0.16728714615527887
463,3,10,150,60,0.1032589365938857
464,3,10,150,60,0.04931346192675315
465,3,10,150,60,0.0733934381893728
466,3,10,150,60,0.0750834162528243
467,3,10,150,60,0.032842167909375275
468,3,10,150,60,0.4424763580282471
469,3,10,150,60,0.050924439617225085
470,3,10,150,60,0.040162930685297936
471,3,10,150,60,0.0
472,3,10,150,60,0.29258218112730283
473,3,10,150,60,0.050005013043213774
474,3,10,150,60,0.342970011335808
475,3,10,150,60,0.0
476,3,10,150,60,0.12097589732794561
477,3,10,150,60,0.0
478,3,10,150,60,0.2059565668593519
479,3,10,150,60,0.07893633843817272
480,3,10,150,60,0.0881980292211471
481,3,10,150,60,0.05234104579082298
482,3,10,150,60,0.10209739512291163
483,3,10,150,60,0.06194403202282284
484,3,10,150,60,0.27714485683696083
485,3,10,150,60,0.0
486,3,10,150,60,0.06108300840136219
487,3,10,150,60,0.11420552814764251
488,3,10,150,60,0.05887472794707303
489,3,10,150,60,0.0
490,3,10,150,60,0.06490403551612171
491,3,10,150,60,0.17758207479178334
492,3,10,150,60,0.08328180879069912
493,3,10,150,60,0.2507881701135645
494,3,10,150,60,0.15581531016292202
495,3,10,150,60,0.11014173789785228
496,3,10,150,60,0.07271211160102074
497,3,10,150,60,0.053627653250099355
498,3,10,150,60,0.0343217267714905
499,3,10,150,60,0.12983862244163233
500,3,10,150,60,0.04698773570888995
501,3,10,150,60,0.0
502,3,10,150,60,0.0
503,3,10,150,60,0.23688393797410975
504,3,10,150,60,0.0865409122305078
505,3,10,150,60,0.025255271126572616
506,3,10,150,60,0.145474566660874
507,3,10,150,60,0.0
508,3,10,150,60,0.19188799772768309
509,3,10,150,60,0.0
510,3,10,150,60,0.17032928501352598
511,3,10,150,60,0.12155021559723776
512,3,10,150,60,0.0
513,3,10,150,60,0.05276490902632437
514,3,10,150,60,0.22261024792231576
515,3,10,150,60,0.0
516,3,10,150,60,0.07947838320659593
517,3,10,150,60,0.03859643636257609
518,3,10,150,60,0.05268083714989503
519,3,10,150,60,0.0
520,3,10,150,60,0.0
521,3,10,150,60,0.07649261318048692
522,3,10,150,60,0.16542389351858164
523,3,10,150,60,0.1705239552439998
524,3,10,150,60,0.06118728317373895
525,3,10,150,60,0.06516045994396072
526,3,10,150,60,0.03112959369469351
527,3,10,150,60,0.21068702285875093
528,3,10,150,60,0.1255942414278791
529,3,10,150,60,0.03208343640786788
530,3,10,150,60,0.0
531,3,10,150,60,0.0
532,3,10,150,60,0.20537280374273317
533,3,10,150,60,0.1470096127935114
534,3,10,150,60,0.10040759964046686
535,3,10,150,60,0.21795263546691745
536,3,10,150,60,0.1568966985754741
537,3,10,150,60,0.3904296679890867
538,3,10,150,60,0.09944592215223559
539,3,10,150,60,0.04851068933953057
540,3,10,150,60,0.0
541,3,10,150,60,0.06337469398538446
542,3,10,150,60,0.04294079226347803
543,3,10,150,60,0.0
544,3,10,150,60,0.0
545,3,10,150,60,0.1627301445786375
546,3,10,150,60,0.10441409560474312
547,3,10,150,60,0.04528995543568932
548,3,10,150,60,0.08556622378188056
549,3,10,150,60,0.10184659627402569
550,3,10,150,60,0.0845667599404342
551,3,10,150,60,0.24635757949039583
552,3,10,150,60,0.0
553,3,10,150,60,0.13528660262448355
554,3,10,150,60,0.0
555,3,10,150,60,0.037070343480771185
556,3,10,150,60,0.2848749592866812
557,3,10,150,60,0.044530079137671444
558,3,10,150,60,0.21398626473452756
559,3,10,150,60,0.07557866567222271
560,3,10,150,60,0.11942337490935596
561,3,10,150,60,0.07879615681029248
562,3,10,150,60,0.1501964202441757
563,3,10,150,60,0.10791970824616881
564,3,10,150,60,0.0
565,3,10,150,60,0.17360338152027138
566,3,10,150,60,0.11935234359120704
567,3,10,150,60,0.3109939452738199
568,3,10,150,60,0.07161318866452264
569,3,10,150,60,0.023835426911994775
570,3,10,150,60,0.0
571,3,10,150,60,0.0512644431393966
572,3,10,150,60,0.30260241349881345
573,3,10,150,60,0.0
574,3,10,150,60,0.0
575,3,10,150,60,0.13043262693172047
576,3,10,150,60,0.0
577,3,10,150,60,0.19985890234637826
578,3,10,150,60,0.0
579,3,10,150,60,0.06152644703210656
580,3,10,150,60,0.03144137376097698
581,3,10,150,60,0.0
582,3,10,150,60,0.06679511870650716
583,3,10,150,60,0.13912814892946682
584,3,10,150,60,0.20261715588288354
585,3,10,150,60,0.042225550968526857
586,3,10,150,60,0.07241877376110133
587,3,10,150,60,0.0
588,3,10,150,60,0.25053847070985524
589,3,10,150,60,0.06690610140251865
590,3,10,150,60,0.17154483744357613
591,3,10,150,60,0.08651464973019597
592,3,10,150,60,0.3576709149245463
593,3,10,150,60,0.12021160517076807
594,3,10,150,60,0.0
595,3,10,150,60,0.055965373307784824
596,3,10,150,60,0.09803928583135704
597,3,10,150,60,0.0
598,3,10,150,60,0.0
599,3,10,150,60,0.02506539947940475
600,3,10,150,60,0.13574631165894233
601,3,10,150,60,0.1353025537211632
602,3,10,150,60,0.041278922835426404
603,3,10,150,60,0.12541207695631323
604,3,10,150,60,0.0
605,3,10,150,60,0.16541269292693375
606,3,10,150,60,0.37141031947379016
607,3,10,150,60,0.0308875359117713
608,3,10,150,60,0.23021385614591608
609,3,10,150,60,0.0
610,3,10,150,60,0.10333359901892428
611,3,10,150,60,0.14211158734750468
612,3,10,150,60,0.09162544430476362
613,3,10,150,60,0.1652462050665711
614,3,10,150,60,0.1467868763787456
615,3,10,150,60,0.14155559941296994
616,3,10,150,60,0.030480958763669998
617,3,10,150,60,0.038287076928437726
618,3,10,150,60,0.10392592522195152
619,3,10,150,60,0.14795344439858116
620,3,10,150,60,0.22517853627975715
621,3,10,150,60,0.1105206374676155
622,3,10,150,60,0.18953942785286285
623,3,10,150,60,0.04214302778527282
624,3,10,150,60,0.03202992305603544
625,3,10,150,60,0.06672272773479279
626,3,10,150,60,0.0
627,3,10,150,60,0.117551507530004
628,3,10,150,60,0.0
629,3,10,150,60,0.2714424669354698
630,3,10,150,60,0.10834532177911152
631,3,10,150,60,0.13449792459172438
632,3,10,150,60,0.06934269739950429
633,3,10,150,60,0.050456115328747164
634,3,10,150,60,0.09692094009503625
635,3,10,150,60,0.0
636,3,10,150,60,0.3615974840572412
637,3,10,150,60,0.02898066279104336
638,3,10,150,60,0.05152901435389809
639,3,10,150,60,0.0
640,3,10,150,60,0.14971838572911914
641,3,10,150,60,0.051358492238643604
642,3,10,150,60,0.3194312837020867
643,3,10,150,60,0.2635080766286701
644,3,10,150,60,0.0
645,3,10,150,60,0.16338171596108064
646,3,10,150,60,0.11243817952384734
647,3,10,150,60,0.06590268968688952
648,3,10,150,60,0.27528302928323034
649,3,10,150,60,0.04336490181597879
650,3,10,150,60,0.11498316075933947
651,3,10,150,60,0.0
652,3,10,150,60,0.0
653,3,10,150,60,0.11847436801560425
654,3,10,150,60,0.06132647317343174
655,3,10,150,60,0.45293865833800007
656,3,10,150,60,0.0
657,3,10,150,60,0.2504953915210566
658,3,10,150,60,0.09988783377897062
659,3,10,150,60,0.12163657866290595
660,3,10,150,60,0.012121996690401315
661,3,10,150,60,0.1900925933964806
662,3,10,150,60,0.0
663,3,10,150,60,0.12650786714883883
664,3,10,150,60,0.28429648336948143
665,3,10,150,60,0.057516251915896405
666,3,10,150,60,0.13080694757571795
667,3,10,150,60,0.12602794414143728
668,3,10,150,60,0.0
669,3,10,150,60,0.19588788032265295
670,3,10,150,60,0.0
671,3,10,150,60,0.19386142581938012
672,3,10,150,60,0.07973520350569015
673,3,10,150,60,0.0
674,3,10,150,60,0.0
675,3,10,150,60,0.0382580635535654
676,3,10,150,60,0.22358931366364498
677,3,10,150,60,0.10158983531347915
678,3,10,150,60,0.0
679,3,10,150,60,0.16417658872889113
680,3,10,150,60,0.0
681,3,10,150,60,0.0
682,3,10,150,60,0.28154034640495007
683,3,10,150,60,0.045215225629604006
684,3,10,150,60,0.03158850394477252
685,3,10,150,60,0.20373936192022438
686,3,10,150,60,0.15669346910555695
687,3,10,150,60,0.0
688,3,10,150,60,0.0
689,3,10,150,60,0.40191678174210904
690,3,10,150,60,0.24802939400095458
691,3,10,150,60,0.6023709850354425
692,3,10,150,60,0.03353522641880846
693,3,10,150,60,0.04711181933747839
694,3,10,150,60,0.21127222235091814
695,3,10,150,60,0.02951022367272685
696,3,10,150,60,0.08111636357522063
697,3,10,150,60,0.06832568397816181
698,3,10,150,60,0.0
699,3,10,150,60,0.05676793335507664
700,3,10,150,60,0.0
701,3,10,150,60,0.0906790485156717
702,3,10,150,60,0.0
703,3,10,150,60,0.21888235022994418
704,3,10,150,60,0.1837388566713383
705,3,10,150,60,0.23218509658433442
706,3,10,150,60,0.0
707,3,10,150,60,0.2650414879816972
708,3,10,150,60,0.03476299583640518
709,3,10,150,60,0.14143393670228208
710,3,10,150,60,0.25040922491354684
711,3,10,150,60,0.20865291825252694
712,3,10,150,60,0.07815764649010792
713,3,10,150,60,0.0
714,3,10,150,60,0.1266607864485773
715,3,10,150,60,0.18012014664945677
716,3,10,150,60,0.2867564734592608
717,3,10,150,60,0.08455030681958395
718,3,10,150,60,0.0
719,3,10,150,60,0.10353175087921149
720,3,10,150,60,0.0
721,3,10,150,60,0.09912041207269819
722,3,10,150,60,0.07401896317743158
723,3,10,150,60,0.0
724,3,10,150,60,0.0
725,3,10,150,60,0.04733244938590725
726,3,10,150,60,0.061080020762274374
727,3,10,150,60,0.0880358623268762
728,3,10,150,60,0.0
729,3,10,150,60,0.046534861017850544
730,3,10,150,60,0.0
731,3,10,150,60,0.1935015812983906
732,3,10,150,60,0.05717828980196049
733,3,10,150,60,0.020730875129846955
734,3,10,150,60,0.08131766139183766
735,3,10,150,60,0.08151055815578559
736,3,10,150,60,0.047009109882897075
737,3,10,150,60,0.12127716502890909
738,3,10,150,60,0.09907057054543131
739,3,10,150,60,0.18767092572990207
740,3,10,150,60,0.0523780734795101
741,3,10,150,60,0.0787396033907249
742,3,10,150,60,0.0527075128660253
743,3,10,150,60,0.1194783875505714
744,3,10,150,60,0.0
745,3,10,150,60,0.06774344219296054
746,3,10,150,60,0.24124954544361757
747,3,10,150,60,0.2105351146489395
748,3,10,150,60,0.04132344798443041
749,3,10,150,60,0.33214718365115203
750,3,10,150,60,0.18000575664763457
751,3,10,150,60,0.05059789125164855
752,3,10,150,60,0.08155432360208091
753,3,10,150,60,0.04072612696308379
754,3,10,150,60,0.0
755,3,10,150,60,0.0
756,3,10,150,60,0.044143057780823704
757,3,10,150,60,0.1088815023385917
758,3,10,150,60,0.2310639238668131
759,3,10,150,60,0.0
760,3,10,150,60,0.16006374561654185
761,3,10,150,60,0.17663858756688974
762,3,10,150,60,0.0
763,3,10,150,60,0.10697348874072295
764,3,10,150,60,0.04710969775183564
765,3,10,150,60,0.0966785411876802
766,3,10,150,60,0.035191004809260996
767,3,10,150,60,0.1269544353559099
768,3,10,150,60,0.09997171219938322
769,3,10,150,60,0.0
770,3,10,150,60,0.18348359547343202
771,3,10,150,60,0.07363642524234874
772,3,10,150,60,0.038996699933076286
773,3,10,150,60,0.15659560794124947
774,3,10,150,60,0.0
775,3,10,150,60,0.0
776,3,10,150,60,0.024267484090652828
777,3,10,150,60,0.0
778,3,10,150,60,0.08961728720334347
779,3,10,150,60,0.0
780,3,10,150,60,0.1478701604202007
781,3,10,150,60,0.12572447169101508
782,3,10,150,60,0.0
783,3,10,150,60,0.0
784,3,10,150,60,0.04582425041433568
785,3,10,150,60,0.2848262604068979
786,3,10,150,60,0.13901223847985233
787,3,10,150,60,0.0
788,3,10,150,60,0.046626370288649896
789,3,10,150,60,0.14531023848228133
790,3,10,150,60,0.07123716589548494
791,3,10,150,60,0.059480024314918285
792,3,10,150,60,0.0946587791577201
793,3,10,150,60,0.11843263243420837
794,3,10,150,60,0.1578863001786244
795,3,10,150,60,0.06886690743551852
796,3,10,150,60,0.09549827844816315
797,3,10,150,60,0.13905617951077562
798,3,10,150,60,0.013788754828346865
799,3,10,150,60,0.2836929289153804
800,3,10,150,60,0.0
801,3,10,150,60,0.0
802,3,10,150,60,0.05621908976192367
803,3,10,150,60,0.0
804,3,10,150,60,0.23366922613594876
805,3,10,150,60,0.1350066983480993
806,3,10,150,60,0.10606704841588428
807,3,10,150,60,0.18716126069796726
808,3,10,150,60,0.0
809,3,10,150,60,0.0
810,3,10,150,60,0.0
811,3,10,150,60,0.1162989546852336
812,3,10,150,60,0.11600766930798434
813,3,10,150,60,0.06916902856231065
814,3,10,150,60,0.054181637470214
815,3,10,150,60,0.10380674919178415
816,3,10,150,60,0.10105367325027378
817,3,10,150,60,0.0
818,3,10,150,60,0.05187864210776578
819,3,10,150,60,0.0
820,3,10,150,60,0.12262943855309168
821,3,10,150,60,0.053168340515114924
822,3,10,150,60,0.0
823,3,10,150,60,0.12115332041009189
824,3,10,150,60,0.0
825,3,10,150,60,0.16434089815347858
826,3,10,150,60,0.1104586032397152
827,3,10,150,60,0.0
828,3,10,150,60,0.0
829,3,10,150,60,0.08143169212679746
830,3,10,150,60,0.13003750163762204
831,3,10,150,60,0.04522637401768292
832,3,10,150,60,0.0
833,3,10,150,60,0.05828935682373833
834,3,10,150,60,0.0
835,3,10,150,60,0.131093662595089
836,3,10,150,60,0.05097554749895306
837,3,10,150,60,0.05351287869030783
838,3,10,150,60,0.08633629724227374
839,3,10,150,60,0.0
840,3,10,150,60,0.1518245759629103
841,3,10,150,60,0.0
842,3,10,150,60,0.0
843,3,10,150,60,0.04209275315645388
844,3,10,150,60,0.0
845,3,10,150,60,0.0
846,3,10,150,60,0.13363919278051073
847,3,10,150,60,0.0
848,3,10,150,60,0.03618657486793958
849,3,10,150,60,0.0
850,3,10,150,60,0.06228974831361337
851,3,10,150,60,0.2277008805972924
852,3,10,150,60,0.07256783117062009
853,3,10,150,60,0.0
854,3,10,150,60,0.0
855,3,10,150,60,0.0
856,3,10,150,60,0.0
857,3,10,150,60,0.0
858,3,10,150,60,0.0
859,3,10,150,60,0.0
860,3,10,150,60,0.0
861,3,10,150,60,0.12754356661958802
862,3,10,150,60,0.1014543205029727
863,3,10,150,60,0.0
864,3,10,150,60,0.19756506460263396
865,3,10,150,60,0.0
866,3,10,150,60,0.0
867,3,10,150,60,0.13120507751234178
868,3,10,150,60,0.0
870,3,10,150,60,0.0
871,3,10,150,60,0.0
872,3,10,150,60,0.0
875,3,10,150,60,0.1395953738647505
876,3,10,150,60,0.0
877,3,10,150,60,0.0
1,3,10,150,61,0.6247579375131872
2,3,10,150,61,0.10688238502350729
3,3,10,150,61,0.0
4,3,10,150,61,0.0
5,3,10,150,61,0.0819283960923954
6,3,10,150,61,0.05340978172012693
7,3,10,150,61,0.15912203234939234
8,3,10,150,61,0.0554835367217868
9,3,10,150,61,0.0
10,3,10,150,61,0.16409920264511527
11,3,10,150,61,0.049016076581777215
12,3,10,150,61,0.04822019817866397
13,3,10,150,61,0.22462946864853506
14,3,10,150,61,0.05601843521033356
15,3,10,150,61,0.0
16,3,10,150,61,0.1653353975675179
17,3,10,150,61,0.12066394366711926
18,3,10,150,61,0.16957655256734583
19,3,10,150,61,0.0
20,3,10,150,61,0.14530105135237878
21,3,10,150,61,0.03475017269886857
22,3,10,150,61,0.1468275080577048
23,3,10,150,61,0.18360000301566626
24,3,10,150,61,0.311062094929455
25,3,10,150,61,0.0
26,3,10,150,61,0.030421795212869307
28,3,10,150,61,0.0
29,3,10,150,61,0.0
30,3,10,150,61,0.0979129253499678
31,3,10,150,61,0.06076546216996844
32,3,10,150,61,0.0
33,3,10,150,61,0.0
34,3,10,150,61,0.0
35,3,10,150,61,0.07108348368841133
37,3,10,150,61,0.08836851842055818
38,3,10,150,61,0.03215366848272267
39,3,10,150,61,0.0
40,3,10,150,61,0.03963175841995263
41,3,10,150,61,0.0
42,3,10,150,61,0.14144963799422255
43,3,10,150,61,0.2516718289406818
44,3,10,150,61,0.07698159974258616
45,3,10,150,61,0.04505000432618384
46,3,10,150,61,0.2524329124868603
47,3,10,150,61,0.0
48,3,10,150,61,0.14225564083314088
49,3,10,150,61,0.08545966314334597
50,3,10,150,61,0.0
51,3,10,150,61,0.18953836965473142
52,3,10,150,61,0.04892579731758021
53,3,10,150,61,0.09546043308946733
54,3,10,150,61,0.07984133538066794
55,3,10,150,61,0.0
56,3,10,150,61,0.03975645576081676
57,3,10,150,61,0.0
58,3,10,150,61,0.10796876451088402
59,3,10,150,61,0.1825401339226324
60,3,10,150,61,0.12123807080432077
61,3,10,150,61,0.0
62,3,10,150,61,0.03806940785769845
63,3,10,150,61,0.03554915059547175
64,3,10,150,61,0.0
65,3,10,150,61,0.2994759515353249
66,3,10,150,61,0.0
67,3,10,150,61,0.0
68,3,10,150,61,0.0
69,3,10,150,61,0.14840975300312728
70,3,10,150,61,0.0
71,3,10,150,61,0.07955752067133452
72,3,10,150,61,0.16084022171949366
73,3,10,150,61,0.051960280791503534
74,3,10,150,61,0.0
75,3,10,150,61,0.11731968150568911
76,3,10,150,61,0.14804398249667974
77,3,10,150,61,0.45287742747371695
78,3,10,150,61,0.0
79,3,10,150,61,0.0
80,3,10,150,61,0.08297572808511901
81,3,10,150,61,0.0
82,3,10,150,61,0.08926877557705373
83,3,10,150,61,0.04630610387058298
84,3,10,150,61,0.0
85,3,10,150,61,0.06966660916502733
86,3,10,150,61,0.07738888769495082
87,3,10,150,61,0.10058161863664324
88,3,10,150,61,0.0
89,3,10,150,61,0.22860031301980846
90,3,10,150,61,0.19778120236014796
91,3,10,150,61,0.13114221140465185
92,3,10,150,61,0.03690254550997565
93,3,10,150,61,0.0
94,3,10,150,61,0.1785123466504993
95,3,10,150,61,0.061836172422412086
96,3,10,150,61,0.19186450284072096
97,3,10,150,61,0.09558339637123096
98,3,10,150,61,0.08878770367712427
99,3,10,150,61,0.029785542524894418
100,3,10,150,61,0.0892789338684584
101,3,10,150,61,0.0
102,3,10,150,61,0.026001814664123827
103,3,10,150,61,0.07673373981757839
104,3,10,150,61,0.12171451575741458
106,3,10,150,61,0.05261577455142312
107,3,10,150,61,0.0
108,3,10,150,61,0.0
109,3,10,150,61,0.11259960483764554
110,3,10,150,61,0.039667414566743345
111,3,10,150,61,0.0
112,3,10,150,61,0.06510475888148554
113,3,10,150,61,0.05449144662575446
114,3,10,150,61,0.07610811271330754
115,3,10,150,61,0.046806851959664796
116,3,10,150,61,0.07814915695077672
117,3,10,150,61,0.10135360124281675
118,3,10,150,61,0.0
119,3,10,150,61,0.06127983274634642
121,3,10,150,61,0.06245141164382474
122,3,10,150,61,0.03984598490051017
123,3,10,150,61,0.46927872602275644
124,3,10,150,61,0.10889376106823218
125,3,10,150,61,0.15602345563935235
126,3,10,150,61,0.0
127,3,10,150,61,0.0
128,3,10,150,61,0.027576277569513717
129,3,10,150,61,0.0
130,3,10,150,61,0.09629749711613302
131,3,10,150,61,0.2803335894048546
132,3,10,150,61,0.1431991570830273
133,3,10,150,61,0.0
134,3,10,150,61,0.0
135,3,10,150,61,0.0
136,3,10,150,61,0.40257390286801836
137,3,10,150,61,0.0
138,3,10,150,61,0.21222747957761057
139,3,10,150,61,0.0
140,3,10,150,61,0.0
141,3,10,150,61,0.17799763794582682
142,3,10,150,61,0.30260241349881345
143,3,10,150,61,0.0
144,3,10,150,61,0.2143720535700613
145,3,10,150,61,0.06384607724228114
146,3,10,150,61,0.0
147,3,10,150,61,0.07610811271330754
148,3,10,150,61,0.042512356679180144
149,3,10,150,61,0.05446824630887794
150,3,10,150,61,0.0
151,3,10,150,61,0.1467394379667669
152,3,10,150,61,0.026230448379684728
153,3,10,150,61,0.06516188295518531
154,3,10,150,61,0.055100238151135045
155,3,10,150,61,0.0
156,3,10,150,61,0.07028063830038406
157,3,10,150,61,0.05840183867278569
158,3,10,150,61,0.055805240881847164
159,3,10,150,61,0.11026617795298452
160,3,10,150,61,0.060934076158944916
161,3,10,150,61,0.0
162,3,10,150,61,0.0
163,3,10,150,61,0.0
164,3,10,150,61,0.0
165,3,10,150,61,0.09149012142095872
166,3,10,150,61,0.0
167,3,10,150,61,0.03395822402998728
168,3,10,150,61,0.0
169,3,10,150,61,0.055427457405235275
170,3,10,150,61,0.0
171,3,10,150,61,0.0
172,3,10,150,61,0.0
173,3,10,150,61,0.0
174,3,10,150,61,0.07752093421921306
175,3,10,150,61,0.4413254197204702
176,3,10,150,61,0.0347693136731627
177,3,10,150,61,0.0
178,3,10,150,61,0.18053947820976404
179,3,10,150,61,0.06599888514927177
180,3,10,150,61,0.0
181,3,10,150,61,0.03431258901928648
182,3,10,150,61,0.13120507751234178
183,3,10,150,61,0.0
184,3,10,150,61,0.0
185,3,10,150,61,0.0
186,3,10,150,61,0.0
187,3,10,150,61,0.2004102107997965
188,3,10,150,61,0.026527518023781966
189,3,10,150,61,0.22982757951573698
190,3,10,150,61,0.0
191,3,10,150,61,0.07335312372354855
192,3,10,150,61,0.0
193,3,10,150,61,0.0
194,3,10,150,61,0.0860257611411915
195,3,10,150,61,0.10257737475069033
196,3,10,150,61,0.17342765698823945
197,3,10,150,61,0.07304192939088519
198,3,10,150,61,0.10387325901274824
199,3,10,150,61,0.052106753859569234
200,3,10,150,61,0.0971420957831845
201,3,10,150,61,0.18902020175502676
202,3,10,150,61,0.0
203,3,10,150,61,0.0
204,3,10,150,61,0.0
205,3,10,150,61,0.11600766930798434
206,3,10,150,61,0.0
207,3,10,150,61,0.07922167747488142
208,3,10,150,61,0.0
209,3,10,150,61,0.070675417981692
210,3,10,150,61,0.0
211,3,10,150,61,0.0
212,3,10,150,61,0.0559167101555819
213,3,10,150,61,0.08985507164305877
214,3,10,150,61,0.1257260924843343
215,3,10,150,61,0.157288596461893
216,3,10,150,61,0.27735230728218535
217,3,10,150,61,0.13000004444613666
218,3,10,150,61,0.06323567569191428
219,3,10,150,61,0.0
220,3,10,150,61,0.07807600999842033
221,3,10,150,61,0.12213234467515617
222,3,10,150,61,0.1483732210811898
223,3,10,150,61,0.039270700903099615
224,3,10,150,61,0.0
225,3,10,150,61,0.047125238474713914
226,3,10,150,61,0.0
227,3,10,150,61,0.0
229,3,10,150,61,0.0
230,3,10,150,61,0.14761718050685244
231,3,10,150,61,0.0
232,3,10,150,61,0.0
233,3,10,150,61,0.1771248231078435
234,3,10,150,61,0.14553487946826626
235,3,10,150,61,0.08312042273022706
236,3,10,150,61,0.12127042983235181
237,3,10,150,61,0.04776398023609584
238,3,10,150,61,0.0
239,3,10,150,61,0.12691627784085696
240,3,10,150,61,0.10235170428306553
241,3,10,150,61,0.1381300260171807
242,3,10,150,61,0.0
243,3,10,150,61,0.0
244,3,10,150,61,0.1324362264265921
245,3,10,150,61,0.0
246,3,10,150,61,0.08356426880363813
247,3,10,150,61,0.15642624200758548
248,3,10,150,61,0.23451355966072135
249,3,10,150,61,0.3041992014465808
250,3,10,150,61,0.07806699296748765
251,3,10,150,61,0.0
252,3,10,150,61,0.0
253,3,10,150,61,0.0
254,3,10,150,61,0.036502603141236205
255,3,10,150,61,0.10933464083642679
256,3,10,150,61,0.04856627791226961
257,3,10,150,61,0.12830873359117523
258,3,10,150,61,0.0
259,3,10,150,61,0.0
260,3,10,150,61,0.0
261,3,10,150,61,0.0
262,3,10,150,61,0.0
263,3,10,150,61,0.32837769821077345
264,3,10,150,61,0.32722237642019475
265,3,10,150,61,0.19802572813668026
266,3,10,150,61,0.0
267,3,10,150,61,0.21076490690365068
268,3,10,150,61,0.10827784002385153
269,3,10,150,61,0.040019695500760184
270,3,10,150,61,0.049915567102790354
271,3,10,150,61,0.10729393508609222
272,3,10,150,61,0.10457492829503848
273,3,10,150,61,0.0
274,3,10,150,61,0.0
275,3,10,150,61,0.0
276,3,10,150,61,0.20339300188436255
277,3,10,150,61,0.0
278,3,10,150,61,0.0
279,3,10,150,61,0.10782562028935902
280,3,10,150,61,0.07316593591075989
281,3,10,150,61,0.0
282,3,10,150,61,0.09659953929285248
283,3,10,150,61,0.0
284,3,10,150,61,0.0
285,3,10,150,61,0.0
286,3,10,150,61,0.016140534521312585
287,3,10,150,61,0.0
288,3,10,150,61,0.13999259891013252
289,3,10,150,61,0.0
290,3,10,150,61,0.09647783930421741
291,3,10,150,61,0.17775326828407884
292,3,10,150,61,0.27665227928348557
293,3,10,150,61,0.039886242726549496
294,3,10,150,61,0.07456347221081044
295,3,10,150,61,0.12123998403830039
296,3,10,150,61,0.1313923743616208
297,3,10,150,61,0.030868393892711742
298,3,10,150,61,0.13814728270261697
299,3,10,150,61,0.06251231174305825
300,3,10,150,61,0.0
301,3,10,150,61,0.1296575124303738
302,3,10,150,61,0.07335312372354855
303,3,10,150,61,0.19386629981322723
304,3,10,150,61,0.0
305,3,10,150,61,0.05428021340641747
306,3,10,150,61,0.0
307,3,10,150,61,0.13128644747266613
308,3,10,150,61,0.04491835474236992
309,3,10,150,61,0.0
310,3,10,150,61,0.2890648263178879
311,3,10,150,61,0.17512035582237062
312,3,10,150,61,0.16963857451199318
313,3,10,150,61,0.09586943528179451
314,3,10,150,61,0.10507089418815024
315,3,10,150,61,0.09785159463516042
316,3,10,150,61,0.06076546216996844
317,3,10,150,61,0.0
318,3,10,150,61,0.07377376675297492
319,3,10,150,61,0.0
320,3,10,150,61,0.08947300054212491
321,3,10,150,61,0.08223795175588802
322,3,10,150,61,0.07955752067133452
323,3,10,150,61,0.12229181918924699
324,3,10,150,61,0.0
325,3,10,150,61,0.0
326,3,10,150,61,0.10817904857938596
327,3,10,150,61,0.0
328,3,10,150,61,0.11126818073657672
329,3,10,150,61,0.056720838976548935
330,3,10,150,61,0.3028509129070748
331,3,10,150,61,0.0
332,3,10,150,61,0.09937017023483655
333,3,10,150,61,0.0
334,3,10,150,61,0.11273548330803308
335,3,10,150,61,0.0
336,3,10,150,61,0.0
337,3,10,150,61,0.16908993508344605
338,3,10,150,61,0.08388555279643939
339,3,10,150,61,0.1856477756884163
340,3,10,150,61,0.12647135138382856
341,3,10,150,61,0.0
342,3,10,150,61,0.11944501566498536
343,3,10,150,61,0.340718176497563
344,3,10,150,61,0.13804010954782428
345,3,10,150,61,0.1302817386077542
346,3,10,150,61,0.1264086027263655
347,3,10,150,61,0.09642724089192412
348,3,10,150,61,0.0
349,3,10,150,61,0.07123530534387781
350,3,10,150,61,0.2314071217459096
351,3,10,150,61,0.0
352,3,10,150,61,0.16282653392890226
353,3,10,150,61,0.09489642549953911
354,3,10,150,61,0.033699515540238464
355,3,10,150,61,0.05122871476979503
356,3,10,150,61,0.0
357,3,10,150,61,0.0
358,3,10,150,61,0.26730206653594746
359,3,10,150,61,0.14341929980357182
360,3,10,150,61,0.10496459329418281
361,3,10,150,61,0.0
362,3,10,150,61,0.0
363,3,10,150,61,0.1867805234163032
364,3,10,150,61,0.0
365,3,10,150,61,0.0989084497079971
366,3,10,150,61,0.10684080426179023
367,3,10,150,61,0.1410054764628891
368,3,10,150,61,0.0
369,3,10,150,61,0.0
370,3,10,150,61,0.045683428159663184
371,3,10,150,61,0.174231549865924
372,3,10,150,61,0.10673919722548196
373,3,10,150,61,0.18128610071101886
374,3,10,150,61,0.1523273086076386
375,3,10,150,61,0.0
376,3,10,150,61,0.0
377,3,10,150,61,0.053168340515114924
378,3,10,150,61,0.05860992989764188
379,3,10,150,61,0.1514379743781559
380,3,10,150,61,0.0
381,3,10,150,61,0.08294243278442993
382,3,10,150,61,0.07847428227110642
383,3,10,150,61,0.03539807129574854
384,3,10,150,61,0.08759200575528697
385,3,10,150,61,0.1546778125427113
386,3,10,150,61,0.0
387,3,10,150,61,0.03814967334348895
388,3,10,150,61,0.029785542524894418
389,3,10,150,61,0.13183633031089573
390,3,10,150,61,0.21398626473452756
391,3,10,150,61,0.2773307722866313
392,3,10,150,61,0.06327372362257774
393,3,10,150,61,0.17902165836095005
394,3,10,150,61,0.12900206501129066
395,3,10,150,61,0.09286934188709499
396,3,10,150,61,0.0
397,3,10,150,61,0.12905531436930254
398,3,10,150,61,0.12204637821038242
399,3,10,150,61,0.035505421241823126
400,3,10,150,61,0.0
401,3,10,150,61,0.0
402,3,10,150,61,0.469779625693621
403,3,10,150,61,0.0
404,3,10,150,61,0.0
405,3,10,150,61,0.22725975973869497
406,3,10,150,61,0.1444394934910817
407,3,10,150,61,0.07343764708220529
408,3,10,150,61,0.12083071655728543
409,3,10,150,61,0.15086419336317547
410,3,10,150,61,0.0
411,3,10,150,61,0.1128999930808451
412,3,10,150,61,0.0
413,3,10,150,61,0.10122860821230018
414,3,10,150,61,0.0
415,3,10,150,61,0.07605458145297357
416,3,10,150,61,0.3047647170644988
417,3,10,150,61,0.06285924017987901
418,3,10,150,61,0.07001560573318603
419,3,10,150,61,0.26168079122473237
420,3,10,150,61,0.0527075128660253
421,3,10,150,61,0.202729931306865
422,3,10,150,61,0.0
423,3,10,150,61,0.0
424,3,10,150,61,0.13291000263869587
425,3,10,150,61,0.0
426,3,10,150,61,0.10004388309532918
427,3,10,150,61,0.0
428,3,10,150,61,0.0
429,3,10,150,61,0.15264668084709554
430,3,10,150,61,0.062242588308449316
431,3,10,150,61,0.0
432,3,10,150,61,0.026466085860375434
433,3,10,150,61,0.0
434,3,10,150,61,0.25803884452092735
435,3,10,150,61,0.23851984227846795
436,3,10,150,61,0.09291494561763272
437,3,10,150,61,0.053504645961756844
438,3,10,150,61,0.0
439,3,10,150,61,0.0
440,3,10,150,61,0.10025741859697787
441,3,10,150,61,0.0
442,3,10,150,61,0.058478916078390675
443,3,10,150,61,0.056720838976548935
444,3,10,150,61,0.19519002499605084
445,3,10,150,61,0.0
446,3,10,150,61,0.0
447,3,10,150,61,0.09914294517496557
448,3,10,150,61,0.0
449,3,10,150,61,0.0
450,3,10,150,61,0.33589841473717996
451,3,10,150,61,0.0
452,3,10,150,61,0.048188247044562364
453,3,10,150,61,0.13392124957971085
454,3,10,150,61,0.0
455,3,10,150,61,0.1760702282199838
456,3,10,150,61,0.1752070195318094
457,3,10,150,61,0.4224090036681799
458,3,10,150,61,0.12059750656999586
459,3,10,150,61,0.04901586605894737
460,3,10,150,61,0.0
461,3,10,150,61,0.10778915452451093
462,3,10,150,61,0.16728714615527887
463,3,10,150,61,0.1032589365938857
464,3,10,150,61,0.04931346192675315
465,3,10,150,61,0.0733934381893728
466,3,10,150,61,0.0750834162528243
467,3,10,150,61,0.032842167909375275
468,3,10,150,61,0.4424763580282471
469,3,10,150,61,0.050924439617225085
470,3,10,150,61,0.040162930685297936
471,3,10,150,61,0.0
472,3,10,150,61,0.3006182060243588
473,3,10,150,61,0.050005013043213774
474,3,10,150,61,0.350433647685019
475,3,10,150,61,0.0
476,3,10,150,61,0.12097589732794561
477,3,10,150,61,0.0
478,3,10,150,61,0.2059565668593519
479,3,10,150,61,0.07893633843817272
480,3,10,150,61,0.0881980292211471
481,3,10,150,61,0.05234104579082298
482,3,10,150,61,0.15905893746943514
483,3,10,150,61,0.06194403202282284
484,3,10,150,61,0.27714485683696083
485,3,10,150,61,0.0
486,3,10,150,61,0.06108300840136219
487,3,10,150,61,0.1129081923397343
488,3,10,150,61,0.05887472794707303
489,3,10,150,61,0.0
490,3,10,150,61,0.06490403551612171
491,3,10,150,61,0.17758207479178334
492,3,10,150,61,0.08328180879069912
493,3,10,150,61,0.2507881701135645
494,3,10,150,61,0.15581531016292202
495,3,10,150,61,0.10889056535972962
496,3,10,150,61,0.07271211160102074
497,3,10,150,61,0.053627653250099355
498,3,10,150,61,0.0343217267714905
499,3,10,150,61,0.14608639449863398
500,3,10,150,61,0.04698773570888995
501,3,10,150,61,0.0
502,3,10,150,61,0.0
503,3,10,150,61,0.23688393797410975
504,3,10,150,61,0.0865409122305078
505,3,10,150,61,0.025255271126572616
506,3,10,150,61,0.14382202525127516
507,3,10,150,61,0.0
508,3,10,150,61,0.19188799772768309
509,3,10,150,61,0.0
510,3,10,150,61,0.17032928501352598
511,3,10,150,61,0.12155021559723776
512,3,10,150,61,0.0
513,3,10,150,61,0.05276490902632437
514,3,10,150,61,0.22008147150911456
515,3,10,150,61,0.0
516,3,10,150,61,0.07947838320659593
517,3,10,150,61,0.03859643636257609
518,3,10,150,61,0.05268083714989503
519,3,10,150,61,0.0
520,3,10,150,61,0.0
521,3,10,150,61,0.07649261318048692
522,3,10,150,61,0.16542389351858164
523,3,10,150,61,0.1705239552439998
524,3,10,150,61,0.06049221652733905
525,3,10,150,61,0.06516045994396072
526,3,10,150,61,0.03112959369469351
527,3,10,150,61,0.21068702285875093
528,3,10,150,61,0.1255942414278791
529,3,10,150,61,0.03208343640786788
530,3,10,150,61,0.0
531,3,10,150,61,0.0
532,3,10,150,61,0.20303983881023438
533,3,10,150,61,0.14533963378393855
534,3,10,150,61,0.10040759964046686
535,3,10,150,61,0.22944281860619403
536,3,10,150,61,0.1568966985754741
537,3,10,150,61,0.38599452026053593
538,3,10,150,61,0.09944592215223559
539,3,10,150,61,0.04851068933953057
540,3,10,150,61,0.0
541,3,10,150,61,0.06337469398538446
542,3,10,150,61,0.057364499519676294
543,3,10,150,61,0.0
544,3,10,150,61,0.0
545,3,10,150,61,0.1627301445786375
546,3,10,150,61,0.10441409560474312
547,3,10,150,61,0.04528995543568932
548,3,10,150,61,0.08556622378188056
549,3,10,150,61,0.10184659627402569
550,3,10,150,61,0.0845667599404342
551,3,10,150,61,0.25491870008012546
552,3,10,150,61,0.0
553,3,10,150,61,0.13528660262448355
554,3,10,150,61,0.0
555,3,10,150,61,0.037070343480771185
556,3,10,150,61,0.2848749592866812
557,3,10,150,61,0.044530079137671444
558,3,10,150,61,0.21398626473452756
559,3,10,150,61,0.07557866567222271
560,3,10,150,61,0.11942337490935596
561,3,10,150,61,0.07790105937137176
562,3,10,150,61,0.1501964202441757
563,3,10,150,61,0.10791970824616881
564,3,10,150,61,0.0
565,3,10,150,61,0.17360338152027138
566,3,10,150,61,0.11935234359120704
567,3,10,150,61,0.3074611602345109
568,3,10,150,61,0.07161318866452264
569,3,10,150,61,0.023835426911994775
570,3,10,150,61,0.0
571,3,10,150,61,0.0512644431393966
572,3,10,150,61,0.30260241349881345
573,3,10,150,61,0.0
574,3,10,150,61,0.0
575,3,10,150,61,0.13043262693172047
576,3,10,150,61,0.0
577,3,10,150,61,0.19758857345119563
578,3,10,150,61,0.0
579,3,10,150,61,0.06152644703210656
580,3,10,150,61,0.03144137376097698
581,3,10,150,61,0.0
582,3,10,150,61,0.06679511870650716
583,3,10,150,61,0.13912814892946682
584,3,10,150,61,0.20261715588288354
585,3,10,150,61,0.042225550968526857
586,3,10,150,61,0.0715961212162646
587,3,10,150,61,0.0
588,3,10,150,61,0.24769243922099193
589,3,10,150,61,0.06690610140251865
590,3,10,150,61,0.17154483744357613
591,3,10,150,61,0.08651464973019597
592,3,10,150,61,0.3649675540281457
593,3,10,150,61,0.12021160517076807
594,3,10,150,61,0.0
595,3,10,150,61,0.055965373307784824
596,3,10,150,61,0.09803928583135704
597,3,10,150,61,0.0
598,3,10,150,61,0.0
599,3,10,150,61,0.02506539947940475
600,3,10,150,61,0.13574631165894233
601,3,10,150,61,0.1353025537211632
602,3,10,150,61,0.041278922835426404
603,3,10,150,61,0.12541207695631323
604,3,10,150,61,0.0
605,3,10,150,61,0.17940018319936482
606,3,10,150,61,0.3671912250508209
607,3,10,150,61,0.0308875359117713
608,3,10,150,61,0.2275987053393052
609,3,10,150,61,0.0
610,3,10,150,61,0.10333359901892428
611,3,10,150,61,0.14211158734750468
612,3,10,150,61,0.09162544430476362
613,3,10,150,61,0.1652462050665711
614,3,10,150,61,0.1467868763787456
615,3,10,150,61,0.14155559941296994
616,3,10,150,61,0.030480958763669998
617,3,10,150,61,0.038287076928437726
618,3,10,150,61,0.11410502077540771
619,3,10,150,61,0.14795344439858116
620,3,10,150,61,0.24239278329353608
621,3,10,150,61,0.10926516075974355
622,3,10,150,61,0.18738632466466984
623,3,10,150,61,0.04214302778527282
624,3,10,150,61,0.03202992305603544
625,3,10,150,61,0.06672272773479279
626,3,10,150,61,0.0
627,3,10,150,61,0.1162161625386905
628,3,10,150,61,0.0
629,3,10,150,61,0.28364213168183045
630,3,10,150,61,0.10834532177911152
631,3,10,150,61,0.13449792459172438
632,3,10,150,61,0.06934269739950429
633,3,10,150,61,0.050456115328747164
634,3,10,150,61,0.09692094009503625
635,3,10,150,61,0.0
636,3,10,150,61,0.3615974840572412
637,3,10,150,61,0.02898066279104336
638,3,10,150,61,0.05152901435389809
639,3,10,150,61,0.0
640,3,10,150,61,0.14971838572911914
641,3,10,150,61,0.051358492238643604
642,3,10,150,61,0.31580265337889374
643,3,10,150,61,0.2605147148446289
644,3,10,150,61,0.0
645,3,10,150,61,0.16338171596108064
646,3,10,150,61,0.11243817952384734
647,3,10,150,61,0.06590268968688952
648,3,10,150,61,0.2721559080572168
649,3,10,150,61,0.04336490181597879
650,3,10,150,61,0.11367699131046033
651,3,10,150,61,0.0
652,3,10,150,61,0.0
653,3,10,150,61,0.11712853964425574
654,3,10,150,61,0.06062982537615733
655,3,10,150,61,0.44779342982079434
656,3,10,150,61,0.0
657,3,10,150,61,0.2504953915210566
658,3,10,150,61,0.09988783377897062
659,3,10,150,61,0.12025482865824044
660,3,10,150,61,0.011984294946668982
661,3,10,150,61,0.1900925933964806
662,3,10,150,61,0.0
663,3,10,150,61,0.1250707809701198
664,3,10,150,61,0.28106697238240563
665,3,10,150,61,0.05686288693122861
666,3,10,150,61,0.129321025311134
667,3,10,150,61,0.12602794414143728
668,3,10,150,61,0.0
669,3,10,150,61,0.19588788032265295
670,3,10,150,61,0.0
671,3,10,150,61,0.19386142581938012
672,3,10,150,61,0.07973520350569015
673,3,10,150,61,0.0
674,3,10,150,61,0.0
675,3,10,150,61,0.0382580635535654
676,3,10,150,61,0.22358931366364498
677,3,10,150,61,0.10158983531347915
678,3,10,150,61,0.0
679,3,10,150,61,0.16417658872889113
680,3,10,150,61,0.0
681,3,10,150,61,0.0
682,3,10,150,61,0.2783421441927959
683,3,10,150,61,0.045215225629604006
684,3,10,150,61,0.03158850394477252
685,3,10,150,61,0.20373936192022438
686,3,10,150,61,0.15669346910555695
687,3,10,150,61,0.0
688,3,10,150,61,0.0
689,3,10,150,61,0.40191678174210904
690,3,10,150,61,0.24802939400095458
691,3,10,150,61,0.6023709850354425
692,3,10,150,61,0.03353522641880846
693,3,10,150,61,0.04711181933747839
694,3,10,150,61,0.2088722420371994
695,3,10,150,61,0.05816383356143395
696,3,10,150,61,0.08111636357522063
697,3,10,150,61,0.06832568397816181
698,3,10,150,61,0.0
699,3,10,150,61,0.05612306901377016
700,3,10,150,61,0.0
701,3,10,150,61,0.0906790485156717
702,3,10,150,61,0.0
703,3,10,150,61,0.21888235022994418
704,3,10,150,61,0.1837388566713383
705,3,10,150,61,0.23218509658433442
706,3,10,150,61,0.0
707,3,10,150,61,0.26203070716822013
708,3,10,150,61,0.03476299583640518
709,3,10,150,61,0.14143393670228208
710,3,10,150,61,0.25040922491354684
711,3,10,150,61,0.21764235092086015
712,3,10,150,61,0.07726980231042543
713,3,10,150,61,0.0
714,3,10,150,61,0.1266607864485773
715,3,10,150,61,0.17807404327982015
716,3,10,150,61,0.28349901782465053
717,3,10,150,61,0.10176455383336287
718,3,10,150,61,0.0
719,3,10,150,61,0.10353175087921149
720,3,10,150,61,0.0
721,3,10,150,61,0.09912041207269819
722,3,10,150,61,0.07401896317743158
723,3,10,150,61,0.0
724,3,10,150,61,0.0
725,3,10,150,61,0.04733244938590725
726,3,10,150,61,0.061080020762274374
727,3,10,150,61,0.08703580498789097
728,3,10,150,61,0.0
729,3,10,150,61,0.046534861017850544
730,3,10,150,61,0.0
731,3,10,150,61,0.1935015812983906
732,3,10,150,61,0.05717828980196049
733,3,10,150,61,0.020730875129846955
734,3,10,150,61,0.08131766139183766
735,3,10,150,61,0.08151055815578559
736,3,10,150,61,0.047009109882897075
737,3,10,150,61,0.12127716502890909
738,3,10,150,61,0.09907057054543131
739,3,10,150,61,0.18767092572990207
740,3,10,150,61,0.0523780734795101
741,3,10,150,61,0.0787396033907249
742,3,10,150,61,0.0527075128660253
743,3,10,150,61,0.1194783875505714
744,3,10,150,61,0.0
745,3,10,150,61,0.06774344219296054
746,3,10,150,61,0.24124954544361757
747,3,10,150,61,0.21950316620882562
748,3,10,150,61,0.04132344798443041
749,3,10,150,61,0.3283741050459777
750,3,10,150,61,0.18000575664763457
751,3,10,150,61,0.05059789125164855
752,3,10,150,61,0.08155432360208091
753,3,10,150,61,0.04072612696308379
754,3,10,150,61,0.0
755,3,10,150,61,0.0
756,3,10,150,61,0.044143057780823704
757,3,10,150,61,0.1088815023385917
758,3,10,150,61,0.23979877516289386
759,3,10,150,61,0.0
760,3,10,150,61,0.16006374561654185
761,3,10,150,61,0.17663858756688974
762,3,10,150,61,0.0
763,3,10,150,61,0.10697348874072295
764,3,10,150,61,0.04710969775183564
765,3,10,150,61,0.0966785411876802
766,3,10,150,61,0.035191004809260996
767,3,10,150,61,0.1269544353559099
768,3,10,150,61,0.09997171219938322
769,3,10,150,61,0.0
770,3,10,150,61,0.18348359547343202
771,3,10,150,61,0.07363642524234874
772,3,10,150,61,0.038996699933076286
773,3,10,150,61,0.15659560794124947
774,3,10,150,61,0.0
775,3,10,150,61,0.0
776,3,10,150,61,0.024267484090652828
777,3,10,150,61,0.0
778,3,10,150,61,0.08961728720334347
779,3,10,150,61,0.0
780,3,10,150,61,0.1478701604202007
781,3,10,150,61,0.12572447169101508
782,3,10,150,61,0.0
783,3,10,150,61,0.0
784,3,10,150,61,0.04582425041433568
785,3,10,150,61,0.2848262604068979
786,3,10,150,61,0.13901223847985233
787,3,10,150,61,0.0
788,3,10,150,61,0.046626370288649896
789,3,10,150,61,0.14531023848228133
790,3,10,150,61,0.07123716589548494
791,3,10,150,61,0.059480024314918285
792,3,10,150,61,0.0946587791577201
793,3,10,150,61,0.11843263243420837
794,3,10,150,61,0.1578863001786244
795,3,10,150,61,0.06886690743551852
796,3,10,150,61,0.09441345060984498
797,3,10,150,61,0.13905617951077562
798,3,10,150,61,0.013788754828346865
799,3,10,150,61,0.2836929289153804
800,3,10,150,61,0.0
801,3,10,150,61,0.0
802,3,10,150,61,0.05621908976192367
803,3,10,150,61,0.0
804,3,10,150,61,0.2310148235059774
805,3,10,150,61,0.1350066983480993
806,3,10,150,61,0.10606704841588428
807,3,10,150,61,0.18716126069796726
808,3,10,150,61,0.0
809,3,10,150,61,0.0
810,3,10,150,61,0.0
811,3,10,150,61,0.1162989546852336
812,3,10,150,61,0.11600766930798434
813,3,10,150,61,0.06916902856231065
814,3,10,150,61,0.054181637470214
815,3,10,150,61,0.10380674919178415
816,3,10,150,61,0.10105367325027378
817,3,10,150,61,0.0
818,3,10,150,61,0.05187864210776578
819,3,10,150,61,0.0
820,3,10,150,61,0.12262943855309168
821,3,10,150,61,0.053168340515114924
822,3,10,150,61,0.0
823,3,10,150,61,0.12115332041009189
824,3,10,150,61,0.0
825,3,10,150,61,0.16434089815347858
826,3,10,150,61,0.1104586032397152
827,3,10,150,61,0.0
828,3,10,150,61,0.0
829,3,10,150,61,0.08143169212679746
830,3,10,150,61,0.13003750163762204
831,3,10,150,61,0.0800524392169327
832,3,10,150,61,0.0
833,3,10,150,61,0.05828935682373833
834,3,10,150,61,0.0
835,3,10,150,61,0.131093662595089
836,3,10,150,61,0.05097554749895306
837,3,10,150,61,0.05351287869030783
838,3,10,150,61,0.08633629724227374
839,3,10,150,61,0.0
840,3,10,150,61,0.1518245759629103
841,3,10,150,61,0.0
842,3,10,150,61,0.0
843,3,10,150,61,0.04209275315645388
844,3,10,150,61,0.0
845,3,10,150,61,0.0
846,3,10,150,61,0.13363919278051073
847,3,10,150,61,0.0
848,3,10,150,61,0.03618657486793958
849,3,10,150,61,0.0
850,3,10,150,61,0.06228974831361337
851,3,10,150,61,0.2277008805972924
852,3,10,150,61,0.07256783117062009
853,3,10,150,61,0.0
854,3,10,150,61,0.0
855,3,10,150,61,0.0
856,3,10,150,61,0.0
857,3,10,150,61,0.0
858,3,10,150,61,0.0
859,3,10,150,61,0.0
860,3,10,150,61,0.0
861,3,10,150,61,0.12754356661958802
862,3,10,150,61,0.1014543205029727
863,3,10,150,61,0.0
864,3,10,150,61,0.19756506460263396
865,3,10,150,61,0.0
866,3,10,150,61,0.0
867,3,10,150,61,0.13120507751234178
868,3,10,150,61,0.0
870,3,10,150,61,0.0
871,3,10,150,61,0.0
872,3,10,150,61,0.0
875,3,10,150,61,0.1395953738647505
876,3,10,150,61,0.0
877,3,10,150,61,0.0
1,3,10,150,62,0.6247579375131872
2,3,10,150,62,0.10688238502350729
3,3,10,150,62,0.0
4,3,10,150,62,0.0
5,3,10,150,62,0.0819283960923954
6,3,10,150,62,0.05340978172012693
7,3,10,150,62,0.15912203234939234
8,3,10,150,62,0.0554835367217868
9,3,10,150,62,0.0
10,3,10,150,62,0.16409920264511527
11,3,10,150,62,0.049016076581777215
12,3,10,150,62,0.04822019817866397
13,3,10,150,62,0.22211605033379192
14,3,10,150,62,0.05601843521033356
15,3,10,150,62,0.0
16,3,10,150,62,0.1653353975675179
17,3,10,150,62,0.12066394366711926
18,3,10,150,62,0.18606782959057458
19,3,10,150,62,0.0
20,3,10,150,62,0.14530105135237878
21,3,10,150,62,0.03475017269886857
22,3,10,150,62,0.1468275080577048
23,3,10,150,62,0.18360000301566626
24,3,10,150,62,0.311062094929455
25,3,10,150,62,0.0
26,3,10,150,62,0.030421795212869307
28,3,10,150,62,0.0
29,3,10,150,62,0.0
30,3,10,150,62,0.0979129253499678
31,3,10,150,62,0.06076546216996844
32,3,10,150,62,0.0
33,3,10,150,62,0.0
34,3,10,150,62,0.0
35,3,10,150,62,0.07108348368841133
37,3,10,150,62,0.08836851842055818
38,3,10,150,62,0.03215366848272267
39,3,10,150,62,0.0
40,3,10,150,62,0.03963175841995263
41,3,10,150,62,0.0
42,3,10,150,62,0.14144963799422255
43,3,10,150,62,0.2516718289406818
44,3,10,150,62,0.07698159974258616
45,3,10,150,62,0.04505000432618384
46,3,10,150,62,0.2524329124868603
47,3,10,150,62,0.0
48,3,10,150,62,0.14225564083314088
49,3,10,150,62,0.08545966314334597
50,3,10,150,62,0.0
51,3,10,150,62,0.18953836965473142
52,3,10,150,62,0.04892579731758021
53,3,10,150,62,0.09546043308946733
54,3,10,150,62,0.07984133538066794
55,3,10,150,62,0.0
56,3,10,150,62,0.03975645576081676
57,3,10,150,62,0.0
58,3,10,150,62,0.10796876451088402
59,3,10,150,62,0.1825401339226324
60,3,10,150,62,0.12123807080432077
61,3,10,150,62,0.0
62,3,10,150,62,0.03806940785769845
63,3,10,150,62,0.03554915059547175
64,3,10,150,62,0.0
65,3,10,150,62,0.2994759515353249
66,3,10,150,62,0.0
67,3,10,150,62,0.0
68,3,10,150,62,0.0
69,3,10,150,62,0.14840975300312728
70,3,10,150,62,0.0
71,3,10,150,62,0.07955752067133452
72,3,10,150,62,0.16084022171949366
73,3,10,150,62,0.051960280791503534
74,3,10,150,62,0.0
75,3,10,150,62,0.11731968150568911
76,3,10,150,62,0.14804398249667974
77,3,10,150,62,0.45287742747371695
78,3,10,150,62,0.0
79,3,10,150,62,0.0
80,3,10,150,62,0.08297572808511901
81,3,10,150,62,0.0
82,3,10,150,62,0.08926877557705373
83,3,10,150,62,0.04630610387058298
84,3,10,150,62,0.0
85,3,10,150,62,0.06966660916502733
86,3,10,150,62,0.07738888769495082
87,3,10,150,62,0.10058161863664324
88,3,10,150,62,0.0
89,3,10,150,62,0.22860031301980846
90,3,10,150,62,0.19778120236014796
91,3,10,150,62,0.13114221140465185
92,3,10,150,62,0.03690254550997565
93,3,10,150,62,0.0
94,3,10,150,62,0.1785123466504993
95,3,10,150,62,0.061836172422412086
96,3,10,150,62,0.19186450284072096
97,3,10,150,62,0.1324047882275468
98,3,10,150,62,0.08878770367712427
99,3,10,150,62,0.029785542524894418
100,3,10,150,62,0.0892789338684584
101,3,10,150,62,0.0
102,3,10,150,62,0.026001814664123827
103,3,10,150,62,0.07673373981757839
104,3,10,150,62,0.12171451575741458
106,3,10,150,62,0.05261577455142312
107,3,10,150,62,0.0
108,3,10,150,62,0.0
109,3,10,150,62,0.11259960483764554
110,3,10,150,62,0.06422488523189442
111,3,10,150,62,0.0
112,3,10,150,62,0.06510475888148554
113,3,10,150,62,0.05449144662575446
114,3,10,150,62,0.07610811271330754
115,3,10,150,62,0.046806851959664796
116,3,10,150,62,0.07814915695077672
117,3,10,150,62,0.10135360124281675
118,3,10,150,62,0.0
119,3,10,150,62,0.06127983274634642
121,3,10,150,62,0.06245141164382474
122,3,10,150,62,0.03984598490051017
123,3,10,150,62,0.46927872602275644
124,3,10,150,62,0.10889376106823218
125,3,10,150,62,0.15602345563935235
126,3,10,150,62,0.0
127,3,10,150,62,0.0
128,3,10,150,62,0.027576277569513717
129,3,10,150,62,0.0
130,3,10,150,62,0.09629749711613302
131,3,10,150,62,0.2803335894048546
132,3,10,150,62,0.1431991570830273
133,3,10,150,62,0.0
134,3,10,150,62,0.0
135,3,10,150,62,0.0
136,3,10,150,62,0.40257390286801836
137,3,10,150,62,0.0
138,3,10,150,62,0.21222747957761057
139,3,10,150,62,0.0
140,3,10,150,62,0.0
141,3,10,150,62,0.17799763794582682
142,3,10,150,62,0.30260241349881345
143,3,10,150,62,0.0
144,3,10,150,62,0.2143720535700613
145,3,10,150,62,0.06384607724228114
146,3,10,150,62,0.0
147,3,10,150,62,0.07610811271330754
148,3,10,150,62,0.042512356679180144
149,3,10,150,62,0.05446824630887794
150,3,10,150,62,0.0
151,3,10,150,62,0.1467394379667669
152,3,10,150,62,0.026230448379684728
153,3,10,150,62,0.06516188295518531
154,3,10,150,62,0.055100238151135045
155,3,10,150,62,0.0
156,3,10,150,62,0.07028063830038406
157,3,10,150,62,0.05840183867278569
158,3,10,150,62,0.055805240881847164
159,3,10,150,62,0.11026617795298452
160,3,10,150,62,0.060934076158944916
161,3,10,150,62,0.0
162,3,10,150,62,0.0
163,3,10,150,62,0.0
164,3,10,150,62,0.0
165,3,10,150,62,0.09149012142095872
166,3,10,150,62,0.0
167,3,10,150,62,0.03395822402998728
168,3,10,150,62,0.0
169,3,10,150,62,0.055427457405235275
170,3,10,150,62,0.0
171,3,10,150,62,0.0
172,3,10,150,62,0.0
173,3,10,150,62,0.0
174,3,10,150,62,0.07752093421921306
175,3,10,150,62,0.4413254197204702
176,3,10,150,62,0.0347693136731627
177,3,10,150,62,0.0
178,3,10,150,62,0.18053947820976404
179,3,10,150,62,0.06599888514927177
180,3,10,150,62,0.0
181,3,10,150,62,0.03431258901928648
182,3,10,150,62,0.13120507751234178
183,3,10,150,62,0.0
184,3,10,150,62,0.0
185,3,10,150,62,0.0
186,3,10,150,62,0.0
187,3,10,150,62,0.2004102107997965
188,3,10,150,62,0.026527518023781966
189,3,10,150,62,0.22982757951573698
190,3,10,150,62,0.0
191,3,10,150,62,0.07335312372354855
192,3,10,150,62,0.0
193,3,10,150,62,0.0
194,3,10,150,62,0.0860257611411915
195,3,10,150,62,0.10257737475069033
196,3,10,150,62,0.17342765698823945
197,3,10,150,62,0.07304192939088519
198,3,10,150,62,0.10387325901274824
199,3,10,150,62,0.052106753859569234
200,3,10,150,62,0.0971420957831845
201,3,10,150,62,0.2004660110410491
202,3,10,150,62,0.0
203,3,10,150,62,0.0
204,3,10,150,62,0.0
205,3,10,150,62,0.11600766930798434
206,3,10,150,62,0.0
207,3,10,150,62,0.07922167747488142
208,3,10,150,62,0.0
209,3,10,150,62,0.070675417981692
210,3,10,150,62,0.0
211,3,10,150,62,0.0
212,3,10,150,62,0.0559167101555819
213,3,10,150,62,0.08985507164305877
214,3,10,150,62,0.1257260924843343
215,3,10,150,62,0.157288596461893
216,3,10,150,62,0.27735230728218535
217,3,10,150,62,0.13000004444613666
218,3,10,150,62,0.06323567569191428
219,3,10,150,62,0.0
220,3,10,150,62,0.07807600999842033
221,3,10,150,62,0.12213234467515617
222,3,10,150,62,0.1483732210811898
223,3,10,150,62,0.039270700903099615
224,3,10,150,62,0.0
225,3,10,150,62,0.09311209812195972
226,3,10,150,62,0.0
227,3,10,150,62,0.0
229,3,10,150,62,0.0
230,3,10,150,62,0.14761718050685244
231,3,10,150,62,0.0
232,3,10,150,62,0.0
233,3,10,150,62,0.1771248231078435
234,3,10,150,62,0.15509563877636004
235,3,10,150,62,0.08312042273022706
236,3,10,150,62,0.12127042983235181
237,3,10,150,62,0.04776398023609584
238,3,10,150,62,0.0
239,3,10,150,62,0.12691627784085696
240,3,10,150,62,0.10235170428306553
241,3,10,150,62,0.1381300260171807
242,3,10,150,62,0.0
243,3,10,150,62,0.0
244,3,10,150,62,0.1324362264265921
245,3,10,150,62,0.0
246,3,10,150,62,0.08356426880363813
247,3,10,150,62,0.15642624200758548
248,3,10,150,62,0.23451355966072135
249,3,10,150,62,0.3296200475575061
250,3,10,150,62,0.07806699296748765
251,3,10,150,62,0.0
252,3,10,150,62,0.0
253,3,10,150,62,0.0
254,3,10,150,62,0.036502603141236205
255,3,10,150,62,0.10933464083642679
256,3,10,150,62,0.04856627791226961
257,3,10,150,62,0.12830873359117523
258,3,10,150,62,0.0
259,3,10,150,62,0.0
260,3,10,150,62,0.0
261,3,10,150,62,0.0
262,3,10,150,62,0.0
263,3,10,150,62,0.32837769821077345
264,3,10,150,62,0.32722237642019475
265,3,10,150,62,0.19802572813668026
266,3,10,150,62,0.0
267,3,10,150,62,0.21076490690365068
268,3,10,150,62,0.10827784002385153
269,3,10,150,62,0.040019695500760184
270,3,10,150,62,0.049915567102790354
271,3,10,150,62,0.10729393508609222
272,3,10,150,62,0.10457492829503848
273,3,10,150,62,0.0
274,3,10,150,62,0.0
275,3,10,150,62,0.0
276,3,10,150,62,0.20111720210126907
277,3,10,150,62,0.0
278,3,10,150,62,0.0
279,3,10,150,62,0.10782562028935902
280,3,10,150,62,0.07316593591075989
281,3,10,150,62,0.0
282,3,10,150,62,0.09659953929285248
283,3,10,150,62,0.0
284,3,10,150,62,0.0
285,3,10,150,62,0.0
286,3,10,150,62,0.016140534521312585
287,3,10,150,62,0.0
288,3,10,150,62,0.13999259891013252
289,3,10,150,62,0.0
290,3,10,150,62,0.09647783930421741
291,3,10,150,62,0.17775326828407884
292,3,10,150,62,0.27665227928348557
293,3,10,150,62,0.039886242726549496
294,3,10,150,62,0.09628038570550856
295,3,10,150,62,0.12123998403830039
296,3,10,150,62,0.1313923743616208
297,3,10,150,62,0.030868393892711742
298,3,10,150,62,0.13814728270261697
299,3,10,150,62,0.06251231174305825
300,3,10,150,62,0.0
301,3,10,150,62,0.1296575124303738
302,3,10,150,62,0.07335312372354855
303,3,10,150,62,0.19169709596168608
304,3,10,150,62,0.0
305,3,10,150,62,0.05428021340641747
306,3,10,150,62,0.0
307,3,10,150,62,0.13128644747266613
308,3,10,150,62,0.04491835474236992
309,3,10,150,62,0.0
310,3,10,150,62,0.2890648263178879
311,3,10,150,62,0.17512035582237062
312,3,10,150,62,0.16963857451199318
313,3,10,150,62,0.09586943528179451
314,3,10,150,62,0.10507089418815024
315,3,10,150,62,0.09785159463516042
316,3,10,150,62,0.06076546216996844
317,3,10,150,62,0.0
318,3,10,150,62,0.07377376675297492
319,3,10,150,62,0.0
320,3,10,150,62,0.08947300054212491
321,3,10,150,62,0.08223795175588802
322,3,10,150,62,0.07955752067133452
323,3,10,150,62,0.12229181918924699
324,3,10,150,62,0.0
325,3,10,150,62,0.0
326,3,10,150,62,0.10817904857938596
327,3,10,150,62,0.0
328,3,10,150,62,0.11126818073657672
329,3,10,150,62,0.056720838976548935
330,3,10,150,62,0.3028509129070748
331,3,10,150,62,0.0
332,3,10,150,62,0.09937017023483655
333,3,10,150,62,0.0
334,3,10,150,62,0.11273548330803308
335,3,10,150,62,0.0
336,3,10,150,62,0.0
337,3,10,150,62,0.16908993508344605
338,3,10,150,62,0.08388555279643939
339,3,10,150,62,0.1856477756884163
340,3,10,150,62,0.12647135138382856
341,3,10,150,62,0.0
342,3,10,150,62,0.11944501566498536
343,3,10,150,62,0.340718176497563
344,3,10,150,62,0.13804010954782428
345,3,10,150,62,0.1302817386077542
346,3,10,150,62,0.1264086027263655
347,3,10,150,62,0.09642724089192412
348,3,10,150,62,0.0
349,3,10,150,62,0.07123530534387781
350,3,10,150,62,0.2314071217459096
351,3,10,150,62,0.0
352,3,10,150,62,0.16282653392890226
353,3,10,150,62,0.09489642549953911
354,3,10,150,62,0.033699515540238464
355,3,10,150,62,0.05122871476979503
356,3,10,150,62,0.0
357,3,10,150,62,0.0
358,3,10,150,62,0.26730206653594746
359,3,10,150,62,0.14341929980357182
360,3,10,150,62,0.13132846997338612
361,3,10,150,62,0.0
362,3,10,150,62,0.0
363,3,10,150,62,0.1867805234163032
364,3,10,150,62,0.0
365,3,10,150,62,0.0989084497079971
366,3,10,150,62,0.10684080426179023
367,3,10,150,62,0.1410054764628891
368,3,10,150,62,0.0
369,3,10,150,62,0.0
370,3,10,150,62,0.045683428159663184
371,3,10,150,62,0.174231549865924
372,3,10,150,62,0.13528214995015655
373,3,10,150,62,0.18128610071101886
374,3,10,150,62,0.1523273086076386
375,3,10,150,62,0.0
376,3,10,150,62,0.0
377,3,10,150,62,0.053168340515114924
378,3,10,150,62,0.057954133166621555
379,3,10,150,62,0.1514379743781559
380,3,10,150,62,0.0
381,3,10,150,62,0.08294243278442993
382,3,10,150,62,0.07847428227110642
383,3,10,150,62,0.03539807129574854
384,3,10,150,62,0.08759200575528697
385,3,10,150,62,0.1546778125427113
386,3,10,150,62,0.0
387,3,10,150,62,0.03814967334348895
388,3,10,150,62,0.029785542524894418
389,3,10,150,62,0.13183633031089573
390,3,10,150,62,0.21398626473452756
391,3,10,150,62,0.2773307722866313
392,3,10,150,62,0.06327372362257774
393,3,10,150,62,0.1770185537924924
394,3,10,150,62,0.12900206501129066
395,3,10,150,62,0.09286934188709499
396,3,10,150,62,0.0
397,3,10,150,62,0.12905531436930254
398,3,10,150,62,0.12204637821038242
399,3,10,150,62,0.03510814488908645
400,3,10,150,62,0.0
401,3,10,150,62,0.0
402,3,10,150,62,0.469779625693621
403,3,10,150,62,0.0
404,3,10,150,62,0.0
405,3,10,150,62,0.2247169106380497
406,3,10,150,62,0.1428233347987388
407,3,10,150,62,0.07343764708220529
408,3,10,150,62,0.12083071655728543
409,3,10,150,62,0.15086419336317547
410,3,10,150,62,0.0
411,3,10,150,62,0.1128999930808451
412,3,10,150,62,0.0
413,3,10,150,62,0.10122860821230018
414,3,10,150,62,0.0
415,3,10,150,62,0.07605458145297357
416,3,10,150,62,0.3013546514744139
417,3,10,150,62,0.06215589717475378
418,3,10,150,62,0.07001560573318603
419,3,10,150,62,0.26168079122473237
420,3,10,150,62,0.0527075128660253
421,3,10,150,62,0.202729931306865
422,3,10,150,62,0.0
423,3,10,150,62,0.0
424,3,10,150,62,0.13291000263869587
425,3,10,150,62,0.0
426,3,10,150,62,0.10004388309532918
427,3,10,150,62,0.0
428,3,10,150,62,0.0
429,3,10,150,62,0.15093869050355724
430,3,10,150,62,0.062242588308449316
431,3,10,150,62,0.0
432,3,10,150,62,0.026466085860375434
433,3,10,150,62,0.0
434,3,10,150,62,0.25803884452092735
435,3,10,150,62,0.23585100214979213
436,3,10,150,62,0.09291494561763272
437,3,10,150,62,0.05290597314338973
438,3,10,150,62,0.0
439,3,10,150,62,0.0
440,3,10,150,62,0.10025741859697787
441,3,10,150,62,0.0
442,3,10,150,62,0.058478916078390675
443,3,10,150,62,0.056720838976548935
444,3,10,150,62,0.19519002499605084
445,3,10,150,62,0.0
446,3,10,150,62,0.0
447,3,10,150,62,0.09914294517496557
448,3,10,150,62,0.0
449,3,10,150,62,0.0
450,3,10,150,62,0.33213998877208734
451,3,10,150,62,0.0
452,3,10,150,62,0.048188247044562364
453,3,10,150,62,0.13392124957971085
454,3,10,150,62,0.0
455,3,10,150,62,0.1760702282199838
456,3,10,150,62,0.1752070195318094
457,3,10,150,62,0.41768259563044746
458,3,10,150,62,0.12059750656999586
459,3,10,150,62,0.04901586605894737
460,3,10,150,62,0.0
461,3,10,150,62,0.10778915452451093
462,3,10,150,62,0.16728714615527887
463,3,10,150,62,0.1032589365938857
464,3,10,150,62,0.04931346192675315
465,3,10,150,62,0.0733934381893728
466,3,10,150,62,0.0750834162528243
467,3,10,150,62,0.032842167909375275
468,3,10,150,62,0.4424763580282471
469,3,10,150,62,0.050924439617225085
470,3,10,150,62,0.040162930685297936
471,3,10,150,62,0.0
472,3,10,150,62,0.2972545364697241
473,3,10,150,62,0.050005013043213774
474,3,10,150,62,0.35770175892782224
475,3,10,150,62,0.0
476,3,10,150,62,0.12097589732794561
477,3,10,150,62,0.0
478,3,10,150,62,0.2059565668593519
479,3,10,150,62,0.07893633843817272
480,3,10,150,62,0.0881980292211471
481,3,10,150,62,0.05234104579082298
482,3,10,150,62,0.15905893746943514
483,3,10,150,62,0.06194403202282284
484,3,10,150,62,0.2927563452113637
485,3,10,150,62,0.0
486,3,10,150,62,0.06108300840136219
487,3,10,150,62,0.1116448428770899
488,3,10,150,62,0.05887472794707303
489,3,10,150,62,0.0
490,3,10,150,62,0.06490403551612171
491,3,10,150,62,0.17758207479178334
492,3,10,150,62,0.10631159717328952
493,3,10,150,62,0.2507881701135645
494,3,10,150,62,0.15581531016292202
495,3,10,150,62,0.10889056535972962
496,3,10,150,62,0.07271211160102074
497,3,10,150,62,0.053627653250099355
498,3,10,150,62,0.0343217267714905
499,3,10,150,62,0.14608639449863398
500,3,10,150,62,0.04698773570888995
501,3,10,150,62,0.0
502,3,10,150,62,0.0
503,3,10,150,62,0.2504128153266193
504,3,10,150,62,0.0865409122305078
505,3,10,150,62,0.025255271126572616
506,3,10,150,62,0.15340194998403636
507,3,10,150,62,0.0
508,3,10,150,62,0.19188799772768309
509,3,10,150,62,0.0
510,3,10,150,62,0.17032928501352598
511,3,10,150,62,0.12155021559723776
512,3,10,150,62,0.0
513,3,10,150,62,0.05276490902632437
514,3,10,150,62,0.21761894152783182
515,3,10,150,62,0.0
516,3,10,150,62,0.07947838320659593
517,3,10,150,62,0.03859643636257609
518,3,10,150,62,0.05268083714989503
519,3,10,150,62,0.0
520,3,10,150,62,0.0
521,3,10,150,62,0.07649261318048692
522,3,10,150,62,0.16542389351858164
523,3,10,150,62,0.1705239552439998
524,3,10,150,62,0.05981535856282544
525,3,10,150,62,0.06516045994396072
526,3,10,150,62,0.03112959369469351
527,3,10,150,62,0.21068702285875093
528,3,10,150,62,0.1255942414278791
529,3,10,150,62,0.03208343640786788
530,3,10,150,62,0.0
531,3,10,150,62,0.0
532,3,10,150,62,0.200767990630392
533,3,10,150,62,0.14371340326481566
534,3,10,150,62,0.10040759964046686
535,3,10,150,62,0.24088862789221638
536,3,10,150,62,0.1568966985754741
537,3,10,150,62,0.39286473469595545
538,3,10,150,62,0.09944592215223559
539,3,10,150,62,0.07086035994602148
540,3,10,150,62,0.0
541,3,10,150,62,0.06337469398538446
542,3,10,150,62,0.07173250396753712
543,3,10,150,62,0.0
544,3,10,150,62,0.0
545,3,10,150,62,0.1627301445786375
546,3,10,150,62,0.1274438839873335
547,3,10,150,62,0.04528995543568932
548,3,10,150,62,0.08556622378188056
549,3,10,150,62,0.10184659627402569
550,3,10,150,62,0.0845667599404342
551,3,10,150,62,0.2520663702704762
552,3,10,150,62,0.0
553,3,10,150,62,0.13528660262448355
554,3,10,150,62,0.0
555,3,10,150,62,0.037070343480771185
556,3,10,150,62,0.2848749592866812
557,3,10,150,62,0.044530079137671444
558,3,10,150,62,0.21398626473452756
559,3,10,150,62,0.07557866567222271
560,3,10,150,62,0.11942337490935596
561,3,10,150,62,0.07702941082703829
562,3,10,150,62,0.1501964202441757
563,3,10,150,62,0.10791970824616881
564,3,10,150,62,0.0
565,3,10,150,62,0.17360338152027138
566,3,10,150,62,0.11935234359120704
567,3,10,150,62,0.3074611602345109
568,3,10,150,62,0.07161318866452264
569,3,10,150,62,0.023835426911994775
570,3,10,150,62,0.0
571,3,10,150,62,0.0512644431393966
572,3,10,150,62,0.30260241349881345
573,3,10,150,62,0.0
574,3,10,150,62,0.0
575,3,10,150,62,0.13043262693172047
576,3,10,150,62,0.0
577,3,10,150,62,0.19537772043051188
578,3,10,150,62,0.0
579,3,10,150,62,0.06152644703210656
580,3,10,150,62,0.03144137376097698
581,3,10,150,62,0.0
582,3,10,150,62,0.06679511870650716
583,3,10,150,62,0.13912814892946682
584,3,10,150,62,0.20261715588288354
585,3,10,150,62,0.042225550968526857
586,3,10,150,62,0.07079501972494119
587,3,10,150,62,0.0
588,3,10,150,62,0.24492096530482685
589,3,10,150,62,0.06690610140251865
590,3,10,150,62,0.17154483744357613
591,3,10,150,62,0.08651464973019597
592,3,10,150,62,0.360883868391972
593,3,10,150,62,0.13165741445679038
594,3,10,150,62,0.0
595,3,10,150,62,0.055965373307784824
596,3,10,150,62,0.09803928583135704
597,3,10,150,62,0.0
598,3,10,150,62,0.0
599,3,10,150,62,0.02506539947940475
600,3,10,150,62,0.13574631165894233
601,3,10,150,62,0.1353025537211632
602,3,10,150,62,0.041278922835426404
603,3,10,150,62,0.12541207695631323
604,3,10,150,62,0.0
605,3,10,150,62,0.17940018319936482
606,3,10,150,62,0.36308265837162124
607,3,10,150,62,0.0308875359117713
608,3,10,150,62,0.22505206371720046
609,3,10,150,62,0.0
610,3,10,150,62,0.10333359901892428
611,3,10,150,62,0.16951090257999024
612,3,10,150,62,0.09162544430476362
613,3,10,150,62,0.1652462050665711
614,3,10,150,62,0.1467868763787456
615,3,10,150,62,0.14155559941296994
616,3,10,150,62,0.030480958763669998
617,3,10,150,62,0.038287076928437726
618,3,10,150,62,0.11282827979059158
619,3,10,150,62,0.14795344439858116
620,3,10,150,62,0.24239278329353608
621,3,10,150,62,0.10804257381303004
622,3,10,150,62,0.18528962638559635
623,3,10,150,62,0.04214302778527282
624,3,10,150,62,0.03202992305603544
625,3,10,150,62,0.06672272773479279
626,3,10,150,62,0.0
627,3,10,150,62,0.11491579962036415
628,3,10,150,62,0.0
629,3,10,150,62,0.28364213168183045
630,3,10,150,62,0.10834532177911152
631,3,10,150,62,0.13449792459172438
632,3,10,150,62,0.06934269739950429
633,3,10,150,62,0.050456115328747164
634,3,10,150,62,0.09692094009503625
635,3,10,150,62,0.0
636,3,10,150,62,0.3615974840572412
637,3,10,150,62,0.02898066279104336
638,3,10,150,62,0.05152901435389809
639,3,10,150,62,0.0
640,3,10,150,62,0.14971838572911914
641,3,10,150,62,0.051358492238643604
642,3,10,150,62,0.323458256858893
643,3,10,150,62,0.2575997702494695
644,3,10,150,62,0.0
645,3,10,150,62,0.16338171596108064
646,3,10,150,62,0.11243817952384734
647,3,10,150,62,0.06590268968688952
648,3,10,150,62,0.2691107081202182
649,3,10,150,62,0.04336490181597879
650,3,10,150,62,0.11240503962200375
651,3,10,150,62,0.0
652,3,10,150,62,0.0
653,3,10,150,62,0.11581796797931712
654,3,10,150,62,0.05995142768222634
655,3,10,150,62,0.45397216547538244
656,3,10,150,62,0.0
657,3,10,150,62,0.2504953915210566
658,3,10,150,62,0.09988783377897062
659,3,10,150,62,0.11890927640009558
660,3,10,150,62,0.01185020057966778
661,3,10,150,62,0.1900925933964806
662,3,10,150,62,0.0
663,3,10,150,62,0.1250707809701198
664,3,10,150,62,0.27792206499200145
665,3,10,150,62,0.05622663816875775
666,3,10,150,62,0.1278740297969037
667,3,10,150,62,0.12602794414143728
668,3,10,150,62,0.0
669,3,10,150,62,0.21237915734588173
670,3,10,150,62,0.0
671,3,10,150,62,0.19386142581938012
672,3,10,150,62,0.07973520350569015
673,3,10,150,62,0.0
674,3,10,150,62,0.0
675,3,10,150,62,0.0382580635535654
676,3,10,150,62,0.22358931366364498
677,3,10,150,62,0.10158983531347915
678,3,10,150,62,0.0
679,3,10,150,62,0.16417658872889113
680,3,10,150,62,0.0
681,3,10,150,62,0.0
682,3,10,150,62,0.2752277253803931
683,3,10,150,62,0.045215225629604006
684,3,10,150,62,0.03158850394477252
685,3,10,150,62,0.20373936192022438
686,3,10,150,62,0.15669346910555695
687,3,10,150,62,0.0
688,3,10,150,62,0.0
689,3,10,150,62,0.40191678174210904
690,3,10,150,62,0.24802939400095458
691,3,10,150,62,0.6023709850354425
692,3,10,150,62,0.03353522641880846
693,3,10,150,62,0.04711181933747839
694,3,10,150,62,0.20653513408009888
695,3,10,150,62,0.05816383356143395
696,3,10,150,62,0.08111636357522063
697,3,10,150,62,0.08316188759665785
698,3,10,150,62,0.0
699,3,10,150,62,0.05549509820305026
700,3,10,150,62,0.0
701,3,10,150,62,0.0906790485156717
702,3,10,150,62,0.0
703,3,10,150,62,0.21888235022994418
704,3,10,150,62,0.1837388566713383
705,3,10,150,62,0.23218509658433442
706,3,10,150,62,0.0
707,3,10,150,62,0.25909879987046414
708,3,10,150,62,0.03476299583640518
709,3,10,150,62,0.14143393670228208
710,3,10,150,62,0.25040922491354684
711,3,10,150,62,0.21520711268538117
712,3,10,150,62,0.0764052170114793
713,3,10,150,62,0.0
714,3,10,150,62,0.1266607864485773
715,3,10,150,62,0.17608154174183116
716,3,10,150,62,0.28032689785348575
717,3,10,150,62,0.10176455383336287
718,3,10,150,62,0.0
719,3,10,150,62,0.10353175087921149
720,3,10,150,62,0.0
721,3,10,150,62,0.11127296302403536
722,3,10,150,62,0.07401896317743158
723,3,10,150,62,0.0
724,3,10,150,62,0.0
725,3,10,150,62,0.04733244938590725
726,3,10,150,62,0.061080020762274374
727,3,10,150,62,0.08606194618115866
728,3,10,150,62,0.0
729,3,10,150,62,0.046534861017850544
730,3,10,150,62,0.0
731,3,10,150,62,0.1935015812983906
732,3,10,150,62,0.05717828980196049
733,3,10,150,62,0.020730875129846955
734,3,10,150,62,0.08131766139183766
735,3,10,150,62,0.08151055815578559
736,3,10,150,62,0.047009109882897075
737,3,10,150,62,0.12127716502890909
738,3,10,150,62,0.09907057054543131
739,3,10,150,62,0.18767092572990207
740,3,10,150,62,0.0523780734795101
741,3,10,150,62,0.0787396033907249
742,3,10,150,62,0.0527075128660253
743,3,10,150,62,0.1194783875505714
744,3,10,150,62,0.0
745,3,10,150,62,0.06774344219296054
746,3,10,150,62,0.24124954544361757
747,3,10,150,62,0.2282362814516842
748,3,10,150,62,0.04132344798443041
749,3,10,150,62,0.32469986989475047
750,3,10,150,62,0.18000575664763457
751,3,10,150,62,0.05059789125164855
752,3,10,150,62,0.08155432360208091
753,3,10,150,62,0.04072612696308379
754,3,10,150,62,0.0
755,3,10,150,62,0.0
756,3,10,150,62,0.044143057780823704
757,3,10,150,62,0.1088815023385917
758,3,10,150,62,0.23711562483104484
759,3,10,150,62,0.0
760,3,10,150,62,0.16006374561654185
761,3,10,150,62,0.17663858756688974
762,3,10,150,62,0.0
763,3,10,150,62,0.10697348874072295
764,3,10,150,62,0.04710969775183564
765,3,10,150,62,0.0966785411876802
766,3,10,150,62,0.035191004809260996
767,3,10,150,62,0.1269544353559099
768,3,10,150,62,0.09997171219938322
769,3,10,150,62,0.0
770,3,10,150,62,0.18348359547343202
771,3,10,150,62,0.07363642524234874
772,3,10,150,62,0.038996699933076286
773,3,10,150,62,0.15659560794124947
774,3,10,150,62,0.0
775,3,10,150,62,0.0
776,3,10,150,62,0.024267484090652828
777,3,10,150,62,0.0
778,3,10,150,62,0.08961728720334347
779,3,10,150,62,0.0
780,3,10,150,62,0.1478701604202007
781,3,10,150,62,0.12572447169101508
782,3,10,150,62,0.0
783,3,10,150,62,0.0
784,3,10,150,62,0.04582425041433568
785,3,10,150,62,0.2848262604068979
786,3,10,150,62,0.13901223847985233
787,3,10,150,62,0.0
788,3,10,150,62,0.046626370288649896
789,3,10,150,62,0.14531023848228133
790,3,10,150,62,0.07123716589548494
791,3,10,150,62,0.059480024314918285
792,3,10,150,62,0.0946587791577201
793,3,10,150,62,0.11843263243420837
794,3,10,150,62,0.1578863001786244
795,3,10,150,62,0.06886690743551852
796,3,10,150,62,0.0933570420391059
797,3,10,150,62,0.13905617951077562
798,3,10,150,62,0.013788754828346865
799,3,10,150,62,0.2836929289153804
800,3,10,150,62,0.0
801,3,10,150,62,0.0
802,3,10,150,62,0.05621908976192367
803,3,10,150,62,0.0
804,3,10,150,62,0.2284299583417119
805,3,10,150,62,0.1350066983480993
806,3,10,150,62,0.10606704841588428
807,3,10,150,62,0.18716126069796726
808,3,10,150,62,0.0
809,3,10,150,62,0.0
810,3,10,150,62,0.0
811,3,10,150,62,0.1162989546852336
812,3,10,150,62,0.11600766930798434
813,3,10,150,62,0.06916902856231065
814,3,10,150,62,0.054181637470214
815,3,10,150,62,0.10380674919178415
816,3,10,150,62,0.10105367325027378
817,3,10,150,62,0.0
818,3,10,150,62,0.05187864210776578
819,3,10,150,62,0.0
820,3,10,150,62,0.12262943855309168
821,3,10,150,62,0.053168340515114924
822,3,10,150,62,0.0
823,3,10,150,62,0.12115332041009189
824,3,10,150,62,0.0
825,3,10,150,62,0.16434089815347858
826,3,10,150,62,0.1104586032397152
827,3,10,150,62,0.0
828,3,10,150,62,0.0
829,3,10,150,62,0.08143169212679746
830,3,10,150,62,0.13003750163762204
831,3,10,150,62,0.0800524392169327
832,3,10,150,62,0.0
833,3,10,150,62,0.05828935682373833
834,3,10,150,62,0.0
835,3,10,150,62,0.131093662595089
836,3,10,150,62,0.05097554749895306
837,3,10,150,62,0.05351287869030783
838,3,10,150,62,0.08633629724227374
839,3,10,150,62,0.0
840,3,10,150,62,0.1518245759629103
841,3,10,150,62,0.0
842,3,10,150,62,0.0
843,3,10,150,62,0.04209275315645388
844,3,10,150,62,0.0
845,3,10,150,62,0.06531065216760332
846,3,10,150,62,0.13363919278051073
847,3,10,150,62,0.0
848,3,10,150,62,0.03618657486793958
849,3,10,150,62,0.0
850,3,10,150,62,0.06228974831361337
851,3,10,150,62,0.2277008805972924
852,3,10,150,62,0.07256783117062009
853,3,10,150,62,0.0
854,3,10,150,62,0.0
855,3,10,150,62,0.0
856,3,10,150,62,0.0
857,3,10,150,62,0.0
858,3,10,150,62,0.0
859,3,10,150,62,0.0
860,3,10,150,62,0.0
861,3,10,150,62,0.12754356661958802
862,3,10,150,62,0.1014543205029727
863,3,10,150,62,0.0
864,3,10,150,62,0.19756506460263396
865,3,10,150,62,0.0
866,3,10,150,62,0.0
867,3,10,150,62,0.13120507751234178
868,3,10,150,62,0.0
870,3,10,150,62,0.0
871,3,10,150,62,0.0
872,3,10,150,62,0.0
875,3,10,150,62,0.1395953738647505
876,3,10,150,62,0.0
877,3,10,150,62,0.0
1,3,10,150,63,0.6247579375131872
2,3,10,150,63,0.10688238502350729
3,3,10,150,63,0.0
4,3,10,150,63,0.0
5,3,10,150,63,0.0819283960923954
6,3,10,150,63,0.05340978172012693
7,3,10,150,63,0.15912203234939234
8,3,10,150,63,0.0554835367217868
9,3,10,150,63,0.0
10,3,10,150,63,0.16409920264511527
11,3,10,150,63,0.049016076581777215
12,3,10,150,63,0.04822019817866397
13,3,10,150,63,0.21966746006875035
14,3,10,150,63,0.10183115736271536
15,3,10,150,63,0.0
16,3,10,150,63,0.1653353975675179
17,3,10,150,63,0.12066394366711926
18,3,10,150,63,0.18606782959057458
19,3,10,150,63,0.0
20,3,10,150,63,0.14530105135237878
21,3,10,150,63,0.03475017269886857
22,3,10,150,63,0.1468275080577048
23,3,10,150,63,0.18360000301566626
24,3,10,150,63,0.311062094929455
25,3,10,150,63,0.0
26,3,10,150,63,0.030421795212869307
28,3,10,150,63,0.0
29,3,10,150,63,0.0
30,3,10,150,63,0.0979129253499678
31,3,10,150,63,0.06076546216996844
32,3,10,150,63,0.0
33,3,10,150,63,0.0
34,3,10,150,63,0.0
35,3,10,150,63,0.07108348368841133
37,3,10,150,63,0.08836851842055818
38,3,10,150,63,0.03215366848272267
39,3,10,150,63,0.0
40,3,10,150,63,0.03963175841995263
41,3,10,150,63,0.0
42,3,10,150,63,0.14144963799422255
43,3,10,150,63,0.2516718289406818
44,3,10,150,63,0.07698159974258616
45,3,10,150,63,0.04505000432618384
46,3,10,150,63,0.2524329124868603
47,3,10,150,63,0.0
48,3,10,150,63,0.14225564083314088
49,3,10,150,63,0.08545966314334597
50,3,10,150,63,0.0
51,3,10,150,63,0.18953836965473142
52,3,10,150,63,0.04892579731758021
53,3,10,150,63,0.09546043308946733
54,3,10,150,63,0.07984133538066794
55,3,10,150,63,0.0
56,3,10,150,63,0.03975645576081676
57,3,10,150,63,0.0
58,3,10,150,63,0.10796876451088402
59,3,10,150,63,0.1825401339226324
60,3,10,150,63,0.12123807080432077
61,3,10,150,63,0.0
62,3,10,150,63,0.03806940785769845
63,3,10,150,63,0.03554915059547175
64,3,10,150,63,0.0
65,3,10,150,63,0.2994759515353249
66,3,10,150,63,0.0
67,3,10,150,63,0.0
68,3,10,150,63,0.0
69,3,10,150,63,0.14840975300312728
70,3,10,150,63,0.0
71,3,10,150,63,0.07955752067133452
72,3,10,150,63,0.16084022171949366
73,3,10,150,63,0.051960280791503534
74,3,10,150,63,0.0
75,3,10,150,63,0.11731968150568911
76,3,10,150,63,0.14804398249667974
77,3,10,150,63,0.45287742747371695
78,3,10,150,63,0.0
79,3,10,150,63,0.0
80,3,10,150,63,0.08297572808511901
81,3,10,150,63,0.0
82,3,10,150,63,0.08926877557705373
83,3,10,150,63,0.04630610387058298
84,3,10,150,63,0.0
85,3,10,150,63,0.06966660916502733
86,3,10,150,63,0.07738888769495082
87,3,10,150,63,0.10058161863664324
88,3,10,150,63,0.0
89,3,10,150,63,0.22860031301980846
90,3,10,150,63,0.21145686305746117
91,3,10,150,63,0.13114221140465185
92,3,10,150,63,0.03690254550997565
93,3,10,150,63,0.0
94,3,10,150,63,0.1785123466504993
95,3,10,150,63,0.061836172422412086
96,3,10,150,63,0.19186450284072096
97,3,10,150,63,0.1324047882275468
98,3,10,150,63,0.08878770367712427
99,3,10,150,63,0.029785542524894418
100,3,10,150,63,0.0892789338684584
101,3,10,150,63,0.0
102,3,10,150,63,0.026001814664123827
103,3,10,150,63,0.07673373981757839
104,3,10,150,63,0.12171451575741458
106,3,10,150,63,0.05261577455142312
107,3,10,150,63,0.0
108,3,10,150,63,0.0
109,3,10,150,63,0.11259960483764554
110,3,10,150,63,0.06422488523189442
111,3,10,150,63,0.0
112,3,10,150,63,0.06510475888148554
113,3,10,150,63,0.05449144662575446
114,3,10,150,63,0.07610811271330754
115,3,10,150,63,0.046806851959664796
116,3,10,150,63,0.07814915695077672
117,3,10,150,63,0.10135360124281675
118,3,10,150,63,0.0
119,3,10,150,63,0.06127983274634642
121,3,10,150,63,0.06245141164382474
122,3,10,150,63,0.03984598490051017
123,3,10,150,63,0.46927872602275644
124,3,10,150,63,0.10889376106823218
125,3,10,150,63,0.15602345563935235
126,3,10,150,63,0.0
127,3,10,150,63,0.0
128,3,10,150,63,0.027576277569513717
129,3,10,150,63,0.0
130,3,10,150,63,0.09629749711613302
131,3,10,150,63,0.2803335894048546
132,3,10,150,63,0.1431991570830273
133,3,10,150,63,0.0
134,3,10,150,63,0.0
135,3,10,150,63,0.0
136,3,10,150,63,0.40257390286801836
137,3,10,150,63,0.0
138,3,10,150,63,0.21222747957761057
139,3,10,150,63,0.0
140,3,10,150,63,0.0
141,3,10,150,63,0.17799763794582682
142,3,10,150,63,0.30260241349881345
143,3,10,150,63,0.0
144,3,10,150,63,0.2143720535700613
145,3,10,150,63,0.06384607724228114
146,3,10,150,63,0.0
147,3,10,150,63,0.07610811271330754
148,3,10,150,63,0.042512356679180144
149,3,10,150,63,0.05446824630887794
150,3,10,150,63,0.0
151,3,10,150,63,0.1467394379667669
152,3,10,150,63,0.026230448379684728
153,3,10,150,63,0.06516188295518531
154,3,10,150,63,0.055100238151135045
155,3,10,150,63,0.0
156,3,10,150,63,0.07028063830038406
157,3,10,150,63,0.05840183867278569
158,3,10,150,63,0.055805240881847164
159,3,10,150,63,0.11026617795298452
160,3,10,150,63,0.060934076158944916
161,3,10,150,63,0.0
162,3,10,150,63,0.0
163,3,10,150,63,0.0
164,3,10,150,63,0.0
165,3,10,150,63,0.09149012142095872
166,3,10,150,63,0.0
167,3,10,150,63,0.03395822402998728
168,3,10,150,63,0.0
169,3,10,150,63,0.055427457405235275
170,3,10,150,63,0.0
171,3,10,150,63,0.0
172,3,10,150,63,0.0
173,3,10,150,63,0.0
174,3,10,150,63,0.07752093421921306
175,3,10,150,63,0.4413254197204702
176,3,10,150,63,0.0347693136731627
177,3,10,150,63,0.0
178,3,10,150,63,0.18053947820976404
179,3,10,150,63,0.06599888514927177
180,3,10,150,63,0.0
181,3,10,150,63,0.03431258901928648
182,3,10,150,63,0.13120507751234178
183,3,10,150,63,0.0
184,3,10,150,63,0.0
185,3,10,150,63,0.0
186,3,10,150,63,0.0
187,3,10,150,63,0.2004102107997965
188,3,10,150,63,0.026527518023781966
189,3,10,150,63,0.22982757951573698
190,3,10,150,63,0.0
191,3,10,150,63,0.07335312372354855
192,3,10,150,63,0.0
193,3,10,150,63,0.0
194,3,10,150,63,0.0860257611411915
195,3,10,150,63,0.10257737475069033
196,3,10,150,63,0.17342765698823945
197,3,10,150,63,0.07304192939088519
198,3,10,150,63,0.10387325901274824
199,3,10,150,63,0.052106753859569234
200,3,10,150,63,0.0971420957831845
201,3,10,150,63,0.2118684787166408
202,3,10,150,63,0.0
203,3,10,150,63,0.0
204,3,10,150,63,0.0
205,3,10,150,63,0.11600766930798434
206,3,10,150,63,0.0
207,3,10,150,63,0.07922167747488142
208,3,10,150,63,0.0
209,3,10,150,63,0.070675417981692
210,3,10,150,63,0.0
211,3,10,150,63,0.0
212,3,10,150,63,0.0559167101555819
213,3,10,150,63,0.08985507164305877
214,3,10,150,63,0.1257260924843343
215,3,10,150,63,0.157288596461893
216,3,10,150,63,0.27735230728218535
217,3,10,150,63,0.13000004444613666
218,3,10,150,63,0.06323567569191428
219,3,10,150,63,0.0
220,3,10,150,63,0.07807600999842033
221,3,10,150,63,0.12213234467515617
222,3,10,150,63,0.1483732210811898
223,3,10,150,63,0.039270700903099615
224,3,10,150,63,0.0
225,3,10,150,63,0.09311209812195972
226,3,10,150,63,0.0
227,3,10,150,63,0.0
229,3,10,150,63,0.0
230,3,10,150,63,0.14761718050685244
231,3,10,150,63,0.0
232,3,10,150,63,0.0
233,3,10,150,63,0.1771248231078435
234,3,10,150,63,0.15338587637653572
235,3,10,150,63,0.08312042273022706
236,3,10,150,63,0.12127042983235181
237,3,10,150,63,0.04776398023609584
238,3,10,150,63,0.0
239,3,10,150,63,0.12691627784085696
240,3,10,150,63,0.10235170428306553
241,3,10,150,63,0.1381300260171807
242,3,10,150,63,0.0
243,3,10,150,63,0.0
244,3,10,150,63,0.1324362264265921
245,3,10,150,63,0.0
246,3,10,150,63,0.08356426880363813
247,3,10,150,63,0.15642624200758548
248,3,10,150,63,0.23451355966072135
249,3,10,150,63,0.3296200475575061
250,3,10,150,63,0.07806699296748765
251,3,10,150,63,0.0
252,3,10,150,63,0.0
253,3,10,150,63,0.0
254,3,10,150,63,0.036502603141236205
255,3,10,150,63,0.10933464083642679
256,3,10,150,63,0.04856627791226961
257,3,10,150,63,0.12830873359117523
258,3,10,150,63,0.0
259,3,10,150,63,0.0
260,3,10,150,63,0.0
261,3,10,150,63,0.0
262,3,10,150,63,0.0
263,3,10,150,63,0.32837769821077345
264,3,10,150,63,0.32722237642019475
265,3,10,150,63,0.19802572813668026
266,3,10,150,63,0.0
267,3,10,150,63,0.21076490690365068
268,3,10,150,63,0.10827784002385153
269,3,10,150,63,0.040019695500760184
270,3,10,150,63,0.049915567102790354
271,3,10,150,63,0.10729393508609222
272,3,10,150,63,0.10457492829503848
273,3,10,150,63,0.0
274,3,10,150,63,0.0
275,3,10,150,63,0.0
276,3,10,150,63,0.19890010152498241
277,3,10,150,63,0.0
278,3,10,150,63,0.0
279,3,10,150,63,0.10782562028935902
280,3,10,150,63,0.07316593591075989
281,3,10,150,63,0.0
282,3,10,150,63,0.09659953929285248
283,3,10,150,63,0.0
284,3,10,150,63,0.0
285,3,10,150,63,0.0
286,3,10,150,63,0.016140534521312585
287,3,10,150,63,0.0
288,3,10,150,63,0.13999259891013252
289,3,10,150,63,0.0
290,3,10,150,63,0.09647783930421741
291,3,10,150,63,0.17775326828407884
292,3,10,150,63,0.27665227928348557
293,3,10,150,63,0.039886242726549496
294,3,10,150,63,0.09628038570550856
295,3,10,150,63,0.14073295606443062
296,3,10,150,63,0.1313923743616208
297,3,10,150,63,0.030868393892711742
298,3,10,150,63,0.13814728270261697
299,3,10,150,63,0.06251231174305825
300,3,10,150,63,0.0
301,3,10,150,63,0.1296575124303738
302,3,10,150,63,0.07335312372354855
303,3,10,150,63,0.18958384191136807
304,3,10,150,63,0.0
305,3,10,150,63,0.05428021340641747
306,3,10,150,63,0.0
307,3,10,150,63,0.13128644747266613
308,3,10,150,63,0.04491835474236992
309,3,10,150,63,0.0
310,3,10,150,63,0.2890648263178879
311,3,10,150,63,0.17512035582237062
312,3,10,150,63,0.16963857451199318
313,3,10,150,63,0.09586943528179451
314,3,10,150,63,0.10507089418815024
315,3,10,150,63,0.09785159463516042
316,3,10,150,63,0.06076546216996844
317,3,10,150,63,0.0
318,3,10,150,63,0.07377376675297492
319,3,10,150,63,0.0
320,3,10,150,63,0.08947300054212491
321,3,10,150,63,0.08223795175588802
322,3,10,150,63,0.07955752067133452
323,3,10,150,63,0.12229181918924699
324,3,10,150,63,0.0
325,3,10,150,63,0.0
326,3,10,150,63,0.10817904857938596
327,3,10,150,63,0.0
328,3,10,150,63,0.11126818073657672
329,3,10,150,63,0.056720838976548935
330,3,10,150,63,0.3028509129070748
331,3,10,150,63,0.0
332,3,10,150,63,0.09937017023483655
333,3,10,150,63,0.0
334,3,10,150,63,0.11273548330803308
335,3,10,150,63,0.0
336,3,10,150,63,0.0
337,3,10,150,63,0.16908993508344605
338,3,10,150,63,0.08388555279643939
339,3,10,150,63,0.1856477756884163
340,3,10,150,63,0.12647135138382856
341,3,10,150,63,0.0
342,3,10,150,63,0.11944501566498536
343,3,10,150,63,0.340718176497563
344,3,10,150,63,0.13804010954782428
345,3,10,150,63,0.1302817386077542
346,3,10,150,63,0.1264086027263655
347,3,10,150,63,0.09642724089192412
348,3,10,150,63,0.0
349,3,10,150,63,0.07123530534387781
350,3,10,150,63,0.2314071217459096
351,3,10,150,63,0.0
352,3,10,150,63,0.16282653392890226
353,3,10,150,63,0.09489642549953911
354,3,10,150,63,0.033699515540238464
355,3,10,150,63,0.05122871476979503
356,3,10,150,63,0.0
357,3,10,150,63,0.0
358,3,10,150,63,0.26730206653594746
359,3,10,150,63,0.14341929980357182
360,3,10,150,63,0.13132846997338612
361,3,10,150,63,0.0
362,3,10,150,63,0.0
363,3,10,150,63,0.1867805234163032
364,3,10,150,63,0.0
365,3,10,150,63,0.0989084497079971
366,3,10,150,63,0.10684080426179023
367,3,10,150,63,0.1410054764628891
368,3,10,150,63,0.0
369,3,10,150,63,0.0
370,3,10,150,63,0.045683428159663184
371,3,10,150,63,0.174231549865924
372,3,10,150,63,0.13528214995015655
373,3,10,150,63,0.18128610071101886
374,3,10,150,63,0.1523273086076386
375,3,10,150,63,0.0
376,3,10,150,63,0.0
377,3,10,150,63,0.053168340515114924
378,3,10,150,63,0.057315251257468836
379,3,10,150,63,0.1514379743781559
380,3,10,150,63,0.0
381,3,10,150,63,0.08294243278442993
382,3,10,150,63,0.13500098315004241
383,3,10,150,63,0.03539807129574854
384,3,10,150,63,0.08759200575528697
385,3,10,150,63,0.1546778125427113
386,3,10,150,63,0.0
387,3,10,150,63,0.03814967334348895
388,3,10,150,63,0.029785542524894418
389,3,10,150,63,0.13183633031089573
390,3,10,150,63,0.21398626473452756
391,3,10,150,63,0.2773307722866313
392,3,10,150,63,0.06327372362257774
393,3,10,150,63,0.17506711486272272
394,3,10,150,63,0.12900206501129066
395,3,10,150,63,0.09286934188709499
396,3,10,150,63,0.0
397,3,10,150,63,0.12905531436930254
398,3,10,150,63,0.12204637821038242
399,3,10,150,63,0.034721115398557066
400,3,10,150,63,0.0
401,3,10,150,63,0.0
402,3,10,150,63,0.469779625693621
403,3,10,150,63,0.0
404,3,10,150,63,0.0
405,3,10,150,63,0.22223964868893947
406,3,10,150,63,0.1428233347987388
407,3,10,150,63,0.07343764708220529
408,3,10,150,63,0.12083071655728543
409,3,10,150,63,0.15086419336317547
410,3,10,150,63,0.0
411,3,10,150,63,0.1128999930808451
412,3,10,150,63,0.0
413,3,10,150,63,0.10122860821230018
414,3,10,150,63,0.0
415,3,10,150,63,0.07605458145297357
416,3,10,150,63,0.29803254096139
417,3,10,150,63,0.061470695342160805
418,3,10,150,63,0.07001560573318603
419,3,10,150,63,0.26168079122473237
420,3,10,150,63,0.0527075128660253
421,3,10,150,63,0.202729931306865
422,3,10,150,63,0.0
423,3,10,150,63,0.0
424,3,10,150,63,0.13291000263869587
425,3,10,150,63,0.0
426,3,10,150,63,0.10004388309532918
427,3,10,150,63,0.0
428,3,10,150,63,0.0
429,3,10,150,63,0.14927475398195186
430,3,10,150,63,0.062242588308449316
431,3,10,150,63,0.0
432,3,10,150,63,0.026466085860375434
433,3,10,150,63,0.0
434,3,10,150,63,0.25803884452092735
435,3,10,150,63,0.23325099883172293
436,3,10,150,63,0.09291494561763272
437,3,10,150,63,0.05232274176228612
438,3,10,150,63,0.0
439,3,10,150,63,0.0
440,3,10,150,63,0.10025741859697787
441,3,10,150,63,0.0
442,3,10,150,63,0.058478916078390675
443,3,10,150,63,0.056720838976548935
444,3,10,150,63,0.19519002499605084
445,3,10,150,63,0.0
446,3,10,150,63,0.0
447,3,10,150,63,0.09914294517496557
448,3,10,150,63,0.0
449,3,10,150,63,0.0
450,3,10,150,63,0.33950242619813437
451,3,10,150,63,0.0
452,3,10,150,63,0.048188247044562364
453,3,10,150,63,0.13392124957971085
454,3,10,150,63,0.0
455,3,10,150,63,0.1760702282199838
456,3,10,150,63,0.1752070195318094
457,3,10,150,63,0.41307809480305985
458,3,10,150,63,0.12059750656999586
459,3,10,150,63,0.04901586605894737
460,3,10,150,63,0.0
461,3,10,150,63,0.10778915452451093
462,3,10,150,63,0.16728714615527887
463,3,10,150,63,0.1032589365938857
464,3,10,150,63,0.091470579054696
465,3,10,150,63,0.0733934381893728
466,3,10,150,63,0.0750834162528243
467,3,10,150,63,0.032842167909375275
468,3,10,150,63,0.4424763580282471
469,3,10,150,63,0.050924439617225085
470,3,10,150,63,0.040162930685297936
471,3,10,150,63,0.0
472,3,10,150,63,0.2939776253093401
473,3,10,150,63,0.050005013043213774
474,3,10,150,63,0.3537584822335776
475,3,10,150,63,0.0
476,3,10,150,63,0.12097589732794561
477,3,10,150,63,0.0
478,3,10,150,63,0.2059565668593519
479,3,10,150,63,0.07893633843817272
480,3,10,150,63,0.0881980292211471
481,3,10,150,63,0.05234104579082298
482,3,10,150,63,0.15905893746943514
483,3,10,150,63,0.06194403202282284
484,3,10,150,63,0.30830871788407543
485,3,10,150,63,0.0
486,3,10,150,63,0.06108300840136219
487,3,10,150,63,0.11041407871124001
488,3,10,150,63,0.05887472794707303
489,3,10,150,63,0.0
490,3,10,150,63,0.06490403551612171
491,3,10,150,63,0.17758207479178334
492,3,10,150,63,0.12925417913024104
493,3,10,150,63,0.2507881701135645
494,3,10,150,63,0.15581531016292202
495,3,10,150,63,0.10889056535972962
496,3,10,150,63,0.07271211160102074
497,3,10,150,63,0.06588753467998562
498,3,10,150,63,0.0343217267714905
499,3,10,150,63,0.14608639449863398
500,3,10,150,63,0.04698773570888995
501,3,10,150,63,0.0
502,3,10,150,63,0.03272632263321488
503,3,10,150,63,0.26389046315772724
504,3,10,150,63,0.09794337990609951
505,3,10,150,63,0.025255271126572616
506,3,10,150,63,0.16273478181026896
507,3,10,150,63,0.0
508,3,10,150,63,0.19188799772768309
509,3,10,150,63,0.0
510,3,10,150,63,0.17032928501352598
511,3,10,150,63,0.12155021559723776
512,3,10,150,63,0.0
513,3,10,150,63,0.05276490902632437
514,3,10,150,63,0.2152199270445789
515,3,10,150,63,0.0
516,3,10,150,63,0.07947838320659593
517,3,10,150,63,0.03859643636257609
518,3,10,150,63,0.05268083714989503
519,3,10,150,63,0.034560204819110964
520,3,10,150,63,0.0
521,3,10,150,63,0.07649261318048692
522,3,10,150,63,0.16542389351858164
523,3,10,150,63,0.1705239552439998
524,3,10,150,63,0.0591559586479755
525,3,10,150,63,0.06516045994396072
526,3,10,150,63,0.03112959369469351
527,3,10,150,63,0.21068702285875093
528,3,10,150,63,0.1255942414278791
529,3,10,150,63,0.03208343640786788
530,3,10,150,63,0.0
531,3,10,150,63,0.0
532,3,10,150,63,0.19855473973451673
533,3,10,150,63,0.14212911775432957
534,3,10,150,63,0.10040759964046686
535,3,10,150,63,0.24088862789221638
536,3,10,150,63,0.1568966985754741
537,3,10,150,63,0.39955774719078807
538,3,10,150,63,0.09944592215223559
539,3,10,150,63,0.07086035994602148
540,3,10,150,63,0.0
541,3,10,150,63,0.0779170553370938
542,3,10,150,63,0.07173250396753712
543,3,10,150,63,0.0
544,3,10,150,63,0.0
545,3,10,150,63,0.1627301445786375
546,3,10,150,63,0.1274438839873335
547,3,10,150,63,0.04528995543568932
548,3,10,150,63,0.08556622378188056
549,3,10,150,63,0.10184659627402569
550,3,10,150,63,0.0845667599404342
551,3,10,150,63,0.26031153311170613
552,3,10,150,63,0.0
553,3,10,150,63,0.13528660262448355
554,3,10,150,63,0.0
555,3,10,150,63,0.037070343480771185
556,3,10,150,63,0.2848749592866812
557,3,10,150,63,0.044530079137671444
558,3,10,150,63,0.21398626473452756
559,3,10,150,63,0.07557866567222271
560,3,10,150,63,0.11942337490935596
561,3,10,150,63,0.07618024452325461
562,3,10,150,63,0.1501964202441757
563,3,10,150,63,0.10791970824616881
564,3,10,150,63,0.0
565,3,10,150,63,0.17360338152027138
566,3,10,150,63,0.11935234359120704
567,3,10,150,63,0.3074611602345109
568,3,10,150,63,0.07161318866452264
569,3,10,150,63,0.023835426911994775
570,3,10,150,63,0.0
571,3,10,150,63,0.0512644431393966
572,3,10,150,63,0.30260241349881345
573,3,10,150,63,0.0
574,3,10,150,63,0.0
575,3,10,150,63,0.13043262693172047
576,3,10,150,63,0.0
577,3,10,150,63,0.19322389145897542
578,3,10,150,63,0.0
579,3,10,150,63,0.06152644703210656
580,3,10,150,63,0.03144137376097698
581,3,10,150,63,0.0
582,3,10,150,63,0.06679511870650716
583,3,10,150,63,0.13912814892946682
584,3,10,150,63,0.20261715588288354
585,3,10,150,63,0.042225550968526857
586,3,10,150,63,0.07001458086943564
587,3,10,150,63,0.0
588,3,10,150,63,0.24222097541013551
589,3,10,150,63,0.06690610140251865
590,3,10,150,63,0.19997970715667693
591,3,10,150,63,0.08651464973019597
592,3,10,150,63,0.3569055123676001
593,3,10,150,63,0.13165741445679038
594,3,10,150,63,0.0
595,3,10,150,63,0.055965373307784824
596,3,10,150,63,0.09803928583135704
597,3,10,150,63,0.0
598,3,10,150,63,0.0
599,3,10,150,63,0.02506539947940475
600,3,10,150,63,0.13574631165894233
601,3,10,150,63,0.1353025537211632
602,3,10,150,63,0.041278922835426404
603,3,10,150,63,0.12541207695631323
604,3,10,150,63,0.0
605,3,10,150,63,0.17940018319936482
606,3,10,150,63,0.3590800630555325
607,3,10,150,63,0.0308875359117713
608,3,10,150,63,0.2225711070663086
609,3,10,150,63,0.0
610,3,10,150,63,0.10333359901892428
611,3,10,150,63,0.19680646538945382
612,3,10,150,63,0.09162544430476362
613,3,10,150,63,0.1652462050665711
614,3,10,150,63,0.1467868763787456
615,3,10,150,63,0.14155559941296994
616,3,10,150,63,0.030480958763669998
617,3,10,150,63,0.038287076928437726
618,3,10,150,63,0.11158446950717686
619,3,10,150,63,0.14795344439858116
620,3,10,150,63,0.24239278329353608
621,3,10,150,63,0.10685152078443955
622,3,10,150,63,0.18324700778734937
623,3,10,150,63,0.04214302778527282
624,3,10,150,63,0.03202992305603544
625,3,10,150,63,0.06672272773479279
626,3,10,150,63,0.0
627,3,10,150,63,0.12467289980981407
628,3,10,150,63,0.0
629,3,10,150,63,0.28364213168183045
630,3,10,150,63,0.10834532177911152
631,3,10,150,63,0.13449792459172438
632,3,10,150,63,0.06934269739950429
633,3,10,150,63,0.050456115328747164
634,3,10,150,63,0.09692094009503625
635,3,10,150,63,0.0
636,3,10,150,63,0.3615974840572412
637,3,10,150,63,0.02898066279104336
638,3,10,150,63,0.05152901435389809
639,3,10,150,63,0.0
640,3,10,150,63,0.14971838572911914
641,3,10,150,63,0.051358492238643604
642,3,10,150,63,0.31989247789919256
643,3,10,150,63,0.2547600101836755
644,3,10,150,63,0.0
645,3,10,150,63,0.16338171596108064
646,3,10,150,63,0.11243817952384734
647,3,10,150,63,0.06590268968688952
648,3,10,150,63,0.26614405236017125
649,3,10,150,63,0.04336490181597879
650,3,10,150,63,0.1111658951056735
651,3,10,150,63,0.0
652,3,10,150,63,0.0
653,3,10,150,63,0.11454119960312423
654,3,10,150,63,0.05929052775186362
655,3,10,150,63,0.4599915343505696
656,3,10,150,63,0.0
657,3,10,150,63,0.2504953915210566
658,3,10,150,63,0.09988783377897062
659,3,10,150,63,0.1175984296774978
660,3,10,150,63,0.011719564879390564
661,3,10,150,63,0.20205021373717064
662,3,10,150,63,0.0
663,3,10,150,63,0.1250707809701198
664,3,10,150,63,0.2748582735111202
665,3,10,150,63,0.05560680003167068
666,3,10,150,63,0.12646435632197114
667,3,10,150,63,0.12602794414143728
668,3,10,150,63,0.0
669,3,10,150,63,0.21237915734588173
670,3,10,150,63,0.0
671,3,10,150,63,0.19386142581938012
672,3,10,150,63,0.07973520350569015
673,3,10,150,63,0.0
674,3,10,150,63,0.0
675,3,10,150,63,0.0382580635535654
676,3,10,150,63,0.22358931366364498
677,3,10,150,63,0.10158983531347915
678,3,10,150,63,0.0
679,3,10,150,63,0.16417658872889113
680,3,10,150,63,0.0
681,3,10,150,63,0.0
682,3,10,150,63,0.272193636092279
683,3,10,150,63,0.045215225629604006
684,3,10,150,63,0.03158850394477252
685,3,10,150,63,0.20373936192022438
686,3,10,150,63,0.15669346910555695
687,3,10,150,63,0.0
688,3,10,150,63,0.0
689,3,10,150,63,0.40191678174210904
690,3,10,150,63,0.24802939400095458
691,3,10,150,63,0.6023709850354425
692,3,10,150,63,0.03353522641880846
693,3,10,150,63,0.04711181933747839
694,3,10,150,63,0.2042583066381486
695,3,10,150,63,0.05816383356143395
696,3,10,150,63,0.08111636357522063
697,3,10,150,63,0.08316188759665785
698,3,10,150,63,0.0
699,3,10,150,63,0.0548833245063124
700,3,10,150,63,0.0
701,3,10,150,63,0.0906790485156717
702,3,10,150,63,0.0
703,3,10,150,63,0.21888235022994418
704,3,10,150,63,0.19986259407697265
705,3,10,150,63,0.24606580707961467
706,3,10,150,63,0.0
707,3,10,150,63,0.2672664377483597
708,3,10,150,63,0.03476299583640518
709,3,10,150,63,0.14143393670228208
710,3,10,150,63,0.25040922491354684
711,3,10,150,63,0.22385860914889502
712,3,10,150,63,0.0755629317723372
713,3,10,150,63,0.0
714,3,10,150,63,0.1266607864485773
715,3,10,150,63,0.1741404323608808
716,3,10,150,63,0.27723659567999653
717,3,10,150,63,0.10176455383336287
718,3,10,150,63,0.0
719,3,10,150,63,0.10353175087921149
720,3,10,150,63,0.0
721,3,10,150,63,0.11127296302403536
722,3,10,150,63,0.07401896317743158
723,3,10,150,63,0.0
724,3,10,150,63,0.0
725,3,10,150,63,0.04733244938590725
726,3,10,150,63,0.061080020762274374
727,3,10,150,63,0.0851132059019531
728,3,10,150,63,0.0
729,3,10,150,63,0.046534861017850544
730,3,10,150,63,0.0
731,3,10,150,63,0.1935015812983906
732,3,10,150,63,0.05717828980196049
733,3,10,150,63,0.020730875129846955
734,3,10,150,63,0.08131766139183766
735,3,10,150,63,0.08151055815578559
736,3,10,150,63,0.047009109882897075
737,3,10,150,63,0.12127716502890909
738,3,10,150,63,0.09907057054543131
739,3,10,150,63,0.18767092572990207
740,3,10,150,63,0.0523780734795101
741,3,10,150,63,0.0787396033907249
742,3,10,150,63,0.0527075128660253
743,3,10,150,63,0.1194783875505714
744,3,10,150,63,0.0
745,3,10,150,63,0.06774344219296054
746,3,10,150,63,0.24124954544361757
747,3,10,150,63,0.225720222229255
748,3,10,150,63,0.04132344798443041
749,3,10,150,63,0.3211204034883842
750,3,10,150,63,0.18000575664763457
751,3,10,150,63,0.05059789125164855
752,3,10,150,63,0.08155432360208091
753,3,10,150,63,0.04072612696308379
754,3,10,150,63,0.0
755,3,10,150,63,0.0
756,3,10,150,63,0.044143057780823704
757,3,10,150,63,0.12198274324065347
758,3,10,150,63,0.24552560354075026
759,3,10,150,63,0.0
760,3,10,150,63,0.16006374561654185
761,3,10,150,63,0.17663858756688974
762,3,10,150,63,0.0
763,3,10,150,63,0.10697348874072295
764,3,10,150,63,0.04710969775183564
765,3,10,150,63,0.0966785411876802
766,3,10,150,63,0.035191004809260996
767,3,10,150,63,0.1269544353559099
768,3,10,150,63,0.09997171219938322
769,3,10,150,63,0.0
770,3,10,150,63,0.18348359547343202
771,3,10,150,63,0.07363642524234874
772,3,10,150,63,0.038996699933076286
773,3,10,150,63,0.15659560794124947
774,3,10,150,63,0.0
775,3,10,150,63,0.0
776,3,10,150,63,0.04721006604760436
777,3,10,150,63,0.0
778,3,10,150,63,0.08961728720334347
779,3,10,150,63,0.0
780,3,10,150,63,0.1478701604202007
781,3,10,150,63,0.12572447169101508
782,3,10,150,63,0.0
783,3,10,150,63,0.0
784,3,10,150,63,0.04582425041433568
785,3,10,150,63,0.2848262604068979
786,3,10,150,63,0.13901223847985233
787,3,10,150,63,0.0
788,3,10,150,63,0.046626370288649896
789,3,10,150,63,0.14531023848228133
790,3,10,150,63,0.07123716589548494
791,3,10,150,63,0.059480024314918285
792,3,10,150,63,0.0946587791577201
793,3,10,150,63,0.11843263243420837
794,3,10,150,63,0.1578863001786244
795,3,10,150,63,0.06886690743551852
796,3,10,150,63,0.09232788118392903
797,3,10,150,63,0.13905617951077562
798,3,10,150,63,0.013788754828346865
799,3,10,150,63,0.2836929289153804
800,3,10,150,63,0.0
801,3,10,150,63,0.0
802,3,10,150,63,0.05621908976192367
803,3,10,150,63,0.0
804,3,10,150,63,0.22591176404013477
805,3,10,150,63,0.1350066983480993
806,3,10,150,63,0.10606704841588428
807,3,10,150,63,0.18716126069796726
808,3,10,150,63,0.0
809,3,10,150,63,0.0
810,3,10,150,63,0.0
811,3,10,150,63,0.1162989546852336
812,3,10,150,63,0.11600766930798434
813,3,10,150,63,0.06916902856231065
814,3,10,150,63,0.054181637470214
815,3,10,150,63,0.10380674919178415
816,3,10,150,63,0.10105367325027378
817,3,10,150,63,0.0
818,3,10,150,63,0.05187864210776578
819,3,10,150,63,0.0
820,3,10,150,63,0.12262943855309168
821,3,10,150,63,0.053168340515114924
822,3,10,150,63,0.0
823,3,10,150,63,0.12115332041009189
824,3,10,150,63,0.0
825,3,10,150,63,0.16434089815347858
826,3,10,150,63,0.1104586032397152
827,3,10,150,63,0.0
828,3,10,150,63,0.0
829,3,10,150,63,0.08143169212679746
830,3,10,150,63,0.13003750163762204
831,3,10,150,63,0.0800524392169327
832,3,10,150,63,0.0
833,3,10,150,63,0.05828935682373833
834,3,10,150,63,0.0
835,3,10,150,63,0.131093662595089
836,3,10,150,63,0.05097554749895306
837,3,10,150,63,0.05351287869030783
838,3,10,150,63,0.08633629724227374
839,3,10,150,63,0.0
840,3,10,150,63,0.1518245759629103
841,3,10,150,63,0.0
842,3,10,150,63,0.0
843,3,10,150,63,0.04209275315645388
844,3,10,150,63,0.0
845,3,10,150,63,0.06531065216760332
846,3,10,150,63,0.13363919278051073
847,3,10,150,63,0.0
848,3,10,150,63,0.03618657486793958
849,3,10,150,63,0.0
850,3,10,150,63,0.06228974831361337
851,3,10,150,63,0.2277008805972924
852,3,10,150,63,0.07256783117062009
853,3,10,150,63,0.0
854,3,10,150,63,0.0
855,3,10,150,63,0.0
856,3,10,150,63,0.0
857,3,10,150,63,0.0
858,3,10,150,63,0.0
859,3,10,150,63,0.0
860,3,10,150,63,0.0
861,3,10,150,63,0.12754356661958802
862,3,10,150,63,0.1014543205029727
863,3,10,150,63,0.0
864,3,10,150,63,0.19756506460263396
865,3,10,150,63,0.0
866,3,10,150,63,0.0
867,3,10,150,63,0.13120507751234178
868,3,10,150,63,0.0
870,3,10,150,63,0.0
871,3,10,150,63,0.0
872,3,10,150,63,0.0
875,3,10,150,63,0.1395953738647505
876,3,10,150,63,0.0
877,3,10,150,63,0.0
1,3,10,150,64,0.6247579375131872
2,3,10,150,64,0.10688238502350729
3,3,10,150,64,0.0
4,3,10,150,64,0.0
5,3,10,150,64,0.0819283960923954
6,3,10,150,64,0.05340978172012693
7,3,10,150,64,0.15912203234939234
8,3,10,150,64,0.0554835367217868
9,3,10,150,64,0.0
10,3,10,150,64,0.16409920264511527
11,3,10,150,64,0.049016076581777215
12,3,10,150,64,0.04822019817866397
13,3,10,150,64,0.21728106669186145
14,3,10,150,64,0.10183115736271536
15,3,10,150,64,0.0
16,3,10,150,64,0.18892081181710518
17,3,10,150,64,0.12066394366711926
18,3,10,150,64,0.18606782959057458
19,3,10,150,64,0.0
20,3,10,150,64,0.14530105135237878
21,3,10,150,64,0.03475017269886857
22,3,10,150,64,0.1468275080577048
23,3,10,150,64,0.18360000301566626
24,3,10,150,64,0.311062094929455
25,3,10,150,64,0.0
26,3,10,150,64,0.030421795212869307
28,3,10,150,64,0.0
29,3,10,150,64,0.0
30,3,10,150,64,0.0979129253499678
31,3,10,150,64,0.06076546216996844
32,3,10,150,64,0.0
33,3,10,150,64,0.0
34,3,10,150,64,0.0
35,3,10,150,64,0.07108348368841133
37,3,10,150,64,0.08836851842055818
38,3,10,150,64,0.03215366848272267
39,3,10,150,64,0.0
40,3,10,150,64,0.03963175841995263
41,3,10,150,64,0.0
42,3,10,150,64,0.14144963799422255
43,3,10,150,64,0.2516718289406818
44,3,10,150,64,0.07698159974258616
45,3,10,150,64,0.04505000432618384
46,3,10,150,64,0.2524329124868603
47,3,10,150,64,0.0
48,3,10,150,64,0.14225564083314088
49,3,10,150,64,0.08545966314334597
50,3,10,150,64,0.0
51,3,10,150,64,0.18953836965473142
52,3,10,150,64,0.04892579731758021
53,3,10,150,64,0.09546043308946733
54,3,10,150,64,0.07984133538066794
55,3,10,150,64,0.0
56,3,10,150,64,0.03975645576081676
57,3,10,150,64,0.0
58,3,10,150,64,0.10796876451088402
59,3,10,150,64,0.1825401339226324
60,3,10,150,64,0.12123807080432077
61,3,10,150,64,0.0
62,3,10,150,64,0.03806940785769845
63,3,10,150,64,0.03554915059547175
64,3,10,150,64,0.0
65,3,10,150,64,0.2994759515353249
66,3,10,150,64,0.0
67,3,10,150,64,0.0
68,3,10,150,64,0.0
69,3,10,150,64,0.14840975300312728
70,3,10,150,64,0.0
71,3,10,150,64,0.07955752067133452
72,3,10,150,64,0.16084022171949366
73,3,10,150,64,0.051960280791503534
74,3,10,150,64,0.0
75,3,10,150,64,0.11731968150568911
76,3,10,150,64,0.14804398249667974
77,3,10,150,64,0.45287742747371695
78,3,10,150,64,0.0
79,3,10,150,64,0.0
80,3,10,150,64,0.08297572808511901
81,3,10,150,64,0.0
82,3,10,150,64,0.08926877557705373
83,3,10,150,64,0.04630610387058298
84,3,10,150,64,0.0
85,3,10,150,64,0.06966660916502733
86,3,10,150,64,0.07738888769495082
87,3,10,150,64,0.10058161863664324
88,3,10,150,64,0.0
89,3,10,150,64,0.22860031301980846
90,3,10,150,64,0.22508173067288118
91,3,10,150,64,0.13114221140465185
92,3,10,150,64,0.03690254550997565
93,3,10,150,64,0.0
94,3,10,150,64,0.1785123466504993
95,3,10,150,64,0.061836172422412086
96,3,10,150,64,0.19186450284072096
97,3,10,150,64,0.1324047882275468
98,3,10,150,64,0.08878770367712427
99,3,10,150,64,0.029785542524894418
100,3,10,150,64,0.0892789338684584
101,3,10,150,64,0.0
102,3,10,150,64,0.026001814664123827
103,3,10,150,64,0.07673373981757839
104,3,10,150,64,0.12171451575741458
106,3,10,150,64,0.05261577455142312
107,3,10,150,64,0.0
108,3,10,150,64,0.0
109,3,10,150,64,0.11259960483764554
110,3,10,150,64,0.06422488523189442
111,3,10,150,64,0.0
112,3,10,150,64,0.06510475888148554
113,3,10,150,64,0.05449144662575446
114,3,10,150,64,0.07610811271330754
115,3,10,150,64,0.046806851959664796
116,3,10,150,64,0.07814915695077672
117,3,10,150,64,0.10135360124281675
118,3,10,150,64,0.0
119,3,10,150,64,0.06127983274634642
121,3,10,150,64,0.06245141164382474
122,3,10,150,64,0.03984598490051017
123,3,10,150,64,0.46927872602275644
124,3,10,150,64,0.10889376106823218
125,3,10,150,64,0.15602345563935235
126,3,10,150,64,0.0
127,3,10,150,64,0.0
128,3,10,150,64,0.027576277569513717
129,3,10,150,64,0.0
130,3,10,150,64,0.11207058154636457
131,3,10,150,64,0.2803335894048546
132,3,10,150,64,0.1431991570830273
133,3,10,150,64,0.0
134,3,10,150,64,0.0
135,3,10,150,64,0.0
136,3,10,150,64,0.40257390286801836
137,3,10,150,64,0.0
138,3,10,150,64,0.21222747957761057
139,3,10,150,64,0.0
140,3,10,150,64,0.0
141,3,10,150,64,0.17799763794582682
142,3,10,150,64,0.30260241349881345
143,3,10,150,64,0.0
144,3,10,150,64,0.2143720535700613
145,3,10,150,64,0.06384607724228114
146,3,10,150,64,0.0
147,3,10,150,64,0.07610811271330754
148,3,10,150,64,0.07351806252819712
149,3,10,150,64,0.05446824630887794
150,3,10,150,64,0.0
151,3,10,150,64,0.1467394379667669
152,3,10,150,64,0.026230448379684728
153,3,10,150,64,0.06516188295518531
154,3,10,150,64,0.055100238151135045
155,3,10,150,64,0.0
156,3,10,150,64,0.07028063830038406
157,3,10,150,64,0.05840183867278569
158,3,10,150,64,0.055805240881847164
159,3,10,150,64,0.11026617795298452
160,3,10,150,64,0.060934076158944916
161,3,10,150,64,0.0
162,3,10,150,64,0.0
163,3,10,150,64,0.0
164,3,10,150,64,0.0
165,3,10,150,64,0.09149012142095872
166,3,10,150,64,0.0
167,3,10,150,64,0.03395822402998728
168,3,10,150,64,0.0
169,3,10,150,64,0.055427457405235275
170,3,10,150,64,0.0
171,3,10,150,64,0.0
172,3,10,150,64,0.0
173,3,10,150,64,0.0
174,3,10,150,64,0.07752093421921306
175,3,10,150,64,0.4413254197204702
176,3,10,150,64,0.0347693136731627
177,3,10,150,64,0.0
178,3,10,150,64,0.18053947820976404
179,3,10,150,64,0.06599888514927177
180,3,10,150,64,0.0
181,3,10,150,64,0.04622579729077891
182,3,10,150,64,0.13120507751234178
183,3,10,150,64,0.0
184,3,10,150,64,0.0
185,3,10,150,64,0.0
186,3,10,150,64,0.0
187,3,10,150,64,0.2004102107997965
188,3,10,150,64,0.026527518023781966
189,3,10,150,64,0.22982757951573698
190,3,10,150,64,0.0
191,3,10,150,64,0.07335312372354855
192,3,10,150,64,0.0
193,3,10,150,64,0.0
194,3,10,150,64,0.0860257611411915
195,3,10,150,64,0.10257737475069033
196,3,10,150,64,0.17342765698823945
197,3,10,150,64,0.07304192939088519
198,3,10,150,64,0.10387325901274824
199,3,10,150,64,0.052106753859569234
200,3,10,150,64,0.0971420957831845
201,3,10,150,64,0.2118684787166408
202,3,10,150,64,0.0
203,3,10,150,64,0.0
204,3,10,150,64,0.0
205,3,10,150,64,0.11600766930798434
206,3,10,150,64,0.0
207,3,10,150,64,0.09348211243887757
208,3,10,150,64,0.0
209,3,10,150,64,0.070675417981692
210,3,10,150,64,0.0
211,3,10,150,64,0.0
212,3,10,150,64,0.0559167101555819
213,3,10,150,64,0.08985507164305877
214,3,10,150,64,0.1257260924843343
215,3,10,150,64,0.157288596461893
216,3,10,150,64,0.27735230728218535
217,3,10,150,64,0.13000004444613666
218,3,10,150,64,0.06323567569191428
219,3,10,150,64,0.0
220,3,10,150,64,0.07807600999842033
221,3,10,150,64,0.12213234467515617
222,3,10,150,64,0.1483732210811898
223,3,10,150,64,0.039270700903099615
224,3,10,150,64,0.0
225,3,10,150,64,0.09311209812195972
226,3,10,150,64,0.0
227,3,10,150,64,0.0
229,3,10,150,64,0.0
230,3,10,150,64,0.1697995249867118
231,3,10,150,64,0.0
232,3,10,150,64,0.0
233,3,10,150,64,0.1771248231078435
234,3,10,150,64,0.16258320736385307
235,3,10,150,64,0.08312042273022706
236,3,10,150,64,0.12127042983235181
237,3,10,150,64,0.04776398023609584
238,3,10,150,64,0.0
239,3,10,150,64,0.12691627784085696
240,3,10,150,64,0.10235170428306553
241,3,10,150,64,0.1381300260171807
242,3,10,150,64,0.0
243,3,10,150,64,0.0
244,3,10,150,64,0.15017336350566032
245,3,10,150,64,0.0
246,3,10,150,64,0.08356426880363813
247,3,10,150,64,0.15642624200758548
248,3,10,150,64,0.23451355966072135
249,3,10,150,64,0.3296200475575061
250,3,10,150,64,0.07806699296748765
251,3,10,150,64,0.0
252,3,10,150,64,0.0
253,3,10,150,64,0.0
254,3,10,150,64,0.036502603141236205
255,3,10,150,64,0.10933464083642679
256,3,10,150,64,0.04856627791226961
257,3,10,150,64,0.12830873359117523
258,3,10,150,64,0.0
259,3,10,150,64,0.0
260,3,10,150,64,0.0
261,3,10,150,64,0.0
262,3,10,150,64,0.0
263,3,10,150,64,0.32837769821077345
264,3,10,150,64,0.35681377696685707
265,3,10,150,64,0.19802572813668026
266,3,10,150,64,0.0
267,3,10,150,64,0.21076490690365068
268,3,10,150,64,0.10827784002385153
269,3,10,150,64,0.040019695500760184
270,3,10,150,64,0.049915567102790354
271,3,10,150,64,0.10729393508609222
272,3,10,150,64,0.10457492829503848
273,3,10,150,64,0.0
274,3,10,150,64,0.0
275,3,10,150,64,0.0
276,3,10,150,64,0.19673931774392903
277,3,10,150,64,0.0
278,3,10,150,64,0.0
279,3,10,150,64,0.10782562028935902
280,3,10,150,64,0.07316593591075989
281,3,10,150,64,0.0
282,3,10,150,64,0.09659953929285248
283,3,10,150,64,0.0
284,3,10,150,64,0.0
285,3,10,150,64,0.0
286,3,10,150,64,0.016140534521312585
287,3,10,150,64,0.0
288,3,10,150,64,0.13999259891013252
289,3,10,150,64,0.0
290,3,10,150,64,0.09647783930421741
291,3,10,150,64,0.17775326828407884
292,3,10,150,64,0.27665227928348557
293,3,10,150,64,0.039886242726549496
294,3,10,150,64,0.09628038570550856
295,3,10,150,64,0.14073295606443062
296,3,10,150,64,0.1313923743616208
297,3,10,150,64,0.030868393892711742
298,3,10,150,64,0.13814728270261697
299,3,10,150,64,0.06251231174305825
300,3,10,150,64,0.0
301,3,10,150,64,0.1296575124303738
302,3,10,150,64,0.07335312372354855
303,3,10,150,64,0.18752426684020895
304,3,10,150,64,0.0
305,3,10,150,64,0.05428021340641747
306,3,10,150,64,0.0
307,3,10,150,64,0.13128644747266613
308,3,10,150,64,0.04491835474236992
309,3,10,150,64,0.0
310,3,10,150,64,0.2890648263178879
311,3,10,150,64,0.17512035582237062
312,3,10,150,64,0.16963857451199318
313,3,10,150,64,0.09586943528179451
314,3,10,150,64,0.10507089418815024
315,3,10,150,64,0.09785159463516042
316,3,10,150,64,0.06076546216996844
317,3,10,150,64,0.0
318,3,10,150,64,0.07377376675297492
319,3,10,150,64,0.0
320,3,10,150,64,0.08947300054212491
321,3,10,150,64,0.08223795175588802
322,3,10,150,64,0.07955752067133452
323,3,10,150,64,0.12229181918924699
324,3,10,150,64,0.0
325,3,10,150,64,0.0
326,3,10,150,64,0.10817904857938596
327,3,10,150,64,0.0
328,3,10,150,64,0.11126818073657672
329,3,10,150,64,0.056720838976548935
330,3,10,150,64,0.3028509129070748
331,3,10,150,64,0.0
332,3,10,150,64,0.09937017023483655
333,3,10,150,64,0.0
334,3,10,150,64,0.11273548330803308
335,3,10,150,64,0.0
336,3,10,150,64,0.0
337,3,10,150,64,0.16908993508344605
338,3,10,150,64,0.08388555279643939
339,3,10,150,64,0.1856477756884163
340,3,10,150,64,0.12647135138382856
341,3,10,150,64,0.0
342,3,10,150,64,0.11944501566498536
343,3,10,150,64,0.340718176497563
344,3,10,150,64,0.13804010954782428
345,3,10,150,64,0.1302817386077542
346,3,10,150,64,0.1264086027263655
347,3,10,150,64,0.09642724089192412
348,3,10,150,64,0.0
349,3,10,150,64,0.07123530534387781
350,3,10,150,64,0.2314071217459096
351,3,10,150,64,0.0
352,3,10,150,64,0.16282653392890226
353,3,10,150,64,0.09489642549953911
354,3,10,150,64,0.033699515540238464
355,3,10,150,64,0.05122871476979503
356,3,10,150,64,0.0
357,3,10,150,64,0.0
358,3,10,150,64,0.26730206653594746
359,3,10,150,64,0.14341929980357182
360,3,10,150,64,0.13132846997338612
361,3,10,150,64,0.0
362,3,10,150,64,0.0
363,3,10,150,64,0.1867805234163032
364,3,10,150,64,0.0
365,3,10,150,64,0.0989084497079971
366,3,10,150,64,0.10684080426179023
367,3,10,150,64,0.1410054764628891
368,3,10,150,64,0.0
369,3,10,150,64,0.0
370,3,10,150,64,0.045683428159663184
371,3,10,150,64,0.174231549865924
372,3,10,150,64,0.13528214995015655
373,3,10,150,64,0.18128610071101886
374,3,10,150,64,0.1523273086076386
375,3,10,150,64,0.0
376,3,10,150,64,0.0
377,3,10,150,64,0.053168340515114924
378,3,10,150,64,0.056692597652093064
379,3,10,150,64,0.16693258363041708
380,3,10,150,64,0.0
381,3,10,150,64,0.08294243278442993
382,3,10,150,64,0.13500098315004241
383,3,10,150,64,0.03539807129574854
384,3,10,150,64,0.08759200575528697
385,3,10,150,64,0.1546778125427113
386,3,10,150,64,0.0
387,3,10,150,64,0.03814967334348895
388,3,10,150,64,0.029785542524894418
389,3,10,150,64,0.13183633031089573
390,3,10,150,64,0.21398626473452756
391,3,10,150,64,0.2773307722866313
392,3,10,150,64,0.06327372362257774
393,3,10,150,64,0.17316524462992317
394,3,10,150,64,0.12900206501129066
395,3,10,150,64,0.09286934188709499
396,3,10,150,64,0.0
397,3,10,150,64,0.12905531436930254
398,3,10,150,64,0.12204637821038242
399,3,10,150,64,0.03434391688313117
400,3,10,150,64,0.0
401,3,10,150,64,0.0
402,3,10,150,64,0.469779625693621
403,3,10,150,64,0.0
404,3,10,150,64,0.0
405,3,10,150,64,0.23068897546039022
406,3,10,150,64,0.1428233347987388
407,3,10,150,64,0.07343764708220529
408,3,10,150,64,0.12083071655728543
409,3,10,150,64,0.15086419336317547
410,3,10,150,64,0.0
411,3,10,150,64,0.1128999930808451
412,3,10,150,64,0.0
413,3,10,150,64,0.10122860821230018
414,3,10,150,64,0.0
415,3,10,150,64,0.07605458145297357
416,3,10,150,64,0.3056584792524639
417,3,10,150,64,0.06080289839038936
418,3,10,150,64,0.07001560573318603
419,3,10,150,64,0.26168079122473237
420,3,10,150,64,0.0527075128660253
421,3,10,150,64,0.202729931306865
422,3,10,150,64,0.0
423,3,10,150,64,0.0
424,3,10,150,64,0.13291000263869587
425,3,10,150,64,0.0
426,3,10,150,64,0.10004388309532918
427,3,10,150,64,0.0
428,3,10,150,64,0.0
429,3,10,150,64,0.14765308327966506
430,3,10,150,64,0.062242588308449316
431,3,10,150,64,0.0
432,3,10,150,64,0.026466085860375434
433,3,10,150,64,0.0
434,3,10,150,64,0.25803884452092735
435,3,10,150,64,0.23071703846002958
436,3,10,150,64,0.09291494561763272
437,3,10,150,64,0.05232274176228612
438,3,10,150,64,0.0
439,3,10,150,64,0.0
440,3,10,150,64,0.10025741859697787
441,3,10,150,64,0.0
442,3,10,150,64,0.058478916078390675
443,3,10,150,64,0.056720838976548935
444,3,10,150,64,0.19519002499605084
445,3,10,150,64,0.0
446,3,10,150,64,0.0
447,3,10,150,64,0.09914294517496557
448,3,10,150,64,0.0
449,3,10,150,64,0.0
450,3,10,150,64,0.346677849608951
451,3,10,150,64,0.0
452,3,10,150,64,0.048188247044562364
453,3,10,150,64,0.13392124957971085
454,3,10,150,64,0.0
455,3,10,150,64,0.191564837472245
456,3,10,150,64,0.1752070195318094
457,3,10,150,64,0.4085905533653459
458,3,10,150,64,0.12059750656999586
459,3,10,150,64,0.04901586605894737
460,3,10,150,64,0.0
461,3,10,150,64,0.10778915452451093
462,3,10,150,64,0.16728714615527887
463,3,10,150,64,0.1032589365938857
464,3,10,150,64,0.091470579054696
465,3,10,150,64,0.0733934381893728
466,3,10,150,64,0.0750834162528243
467,3,10,150,64,0.032842167909375275
468,3,10,150,64,0.4424763580282471
469,3,10,150,64,0.050924439617225085
470,3,10,150,64,0.040162930685297936
471,3,10,150,64,0.0
472,3,10,150,64,0.2907839512996704
473,3,10,150,64,0.08903377327702097
474,3,10,150,64,0.3607790326482167
475,3,10,150,64,0.0
476,3,10,150,64,0.12097589732794561
477,3,10,150,64,0.0
478,3,10,150,64,0.2059565668593519
479,3,10,150,64,0.07893633843817272
480,3,10,150,64,0.0881980292211471
481,3,10,150,64,0.05234104579082298
482,3,10,150,64,0.15905893746943514
483,3,10,150,64,0.06194403202282284
484,3,10,150,64,0.30830871788407543
485,3,10,150,64,0.0
486,3,10,150,64,0.06108300840136219
487,3,10,150,64,0.10921457731003419
488,3,10,150,64,0.05887472794707303
489,3,10,150,64,0.0
490,3,10,150,64,0.06490403551612171
491,3,10,150,64,0.17758207479178334
492,3,10,150,64,0.12925417913024104
493,3,10,150,64,0.2507881701135645
494,3,10,150,64,0.15581531016292202
495,3,10,150,64,0.12012163581486193
496,3,10,150,64,0.07271211160102074
497,3,10,150,64,0.07810188140590023
498,3,10,150,64,0.0343217267714905
499,3,10,150,64,0.14608639449863398
500,3,10,150,64,0.04698773570888995
501,3,10,150,64,0.0
502,3,10,150,64,0.03272632263321488
503,3,10,150,64,0.26389046315772724
504,3,10,150,64,0.09794337990609951
505,3,10,150,64,0.025255271126572616
506,3,10,150,64,0.16096688589441532
507,3,10,150,64,0.0
508,3,10,150,64,0.19188799772768309
509,3,10,150,64,0.0
510,3,10,150,64,0.17032928501352598
511,3,10,150,64,0.12155021559723776
512,3,10,150,64,0.0
513,3,10,150,64,0.05276490902632437
514,3,10,150,64,0.21288185017004796
515,3,10,150,64,0.0
516,3,10,150,64,0.07947838320659593
517,3,10,150,64,0.03859643636257609
518,3,10,150,64,0.05268083714989503
519,3,10,150,64,0.034560204819110964
520,3,10,150,64,0.0
521,3,10,150,64,0.07649261318048692
522,3,10,150,64,0.16542389351858164
523,3,10,150,64,0.1705239552439998
524,3,10,150,64,0.058513308216833544
525,3,10,150,64,0.06516045994396072
526,3,10,150,64,0.03112959369469351
527,3,10,150,64,0.21068702285875093
528,3,10,150,64,0.1255942414278791
529,3,10,150,64,0.03208343640786788
530,3,10,150,64,0.0
531,3,10,150,64,0.0
532,3,10,150,64,0.1963977078477546
533,3,10,150,64,0.1405850748397994
534,3,10,150,64,0.10040759964046686
535,3,10,150,64,0.25224874540372827
536,3,10,150,64,0.16943073315280816
537,3,10,150,64,0.40608074980054953
538,3,10,150,64,0.09944592215223559
539,3,10,150,64,0.07086035994602148
540,3,10,150,64,0.0
541,3,10,150,64,0.0779170553370938
542,3,10,150,64,0.07173250396753712
543,3,10,150,64,0.0
544,3,10,150,64,0.0
545,3,10,150,64,0.1627301445786375
546,3,10,150,64,0.1274438839873335
547,3,10,150,64,0.04528995543568932
548,3,10,150,64,0.08556622378188056
549,3,10,150,64,0.10184659627402569
550,3,10,150,64,0.0845667599404342
551,3,10,150,64,0.25748359620038047
552,3,10,150,64,0.0
553,3,10,150,64,0.13528660262448355
554,3,10,150,64,0.0
555,3,10,150,64,0.037070343480771185
556,3,10,150,64,0.2848749592866812
557,3,10,150,64,0.044530079137671444
558,3,10,150,64,0.21398626473452756
559,3,10,150,64,0.07557866567222271
560,3,10,150,64,0.11942337490935596
561,3,10,150,64,0.07535264797835364
562,3,10,150,64,0.1501964202441757
563,3,10,150,64,0.10791970824616881
564,3,10,150,64,0.0
565,3,10,150,64,0.17360338152027138
566,3,10,150,64,0.11935234359120704
567,3,10,150,64,0.3074611602345109
568,3,10,150,64,0.07161318866452264
569,3,10,150,64,0.023835426911994775
570,3,10,150,64,0.0
571,3,10,150,64,0.0512644431393966
572,3,10,150,64,0.30260241349881345
573,3,10,150,64,0.0
574,3,10,150,64,0.0
575,3,10,150,64,0.13043262693172047
576,3,10,150,64,0.0
577,3,10,150,64,0.19112477211426193
578,3,10,150,64,0.0
579,3,10,150,64,0.06152644703210656
580,3,10,150,64,0.03144137376097698
581,3,10,150,64,0.0
582,3,10,150,64,0.06679511870650716
583,3,10,150,64,0.13912814892946682
584,3,10,150,64,0.20261715588288354
585,3,10,150,64,0.042225550968526857
586,3,10,150,64,0.069253966019971
587,3,10,150,64,0.0
588,3,10,150,64,0.239589568230932
589,3,10,150,64,0.06690610140251865
590,3,10,150,64,0.19997970715667693
591,3,10,150,64,0.08651464973019597
592,3,10,150,64,0.35302821096564185
593,3,10,150,64,0.13165741445679038
594,3,10,150,64,0.0
595,3,10,150,64,0.055965373307784824
596,3,10,150,64,0.09803928583135704
597,3,10,150,64,0.0
598,3,10,150,64,0.0
599,3,10,150,64,0.02506539947940475
600,3,10,150,64,0.13574631165894233
601,3,10,150,64,0.1353025537211632
602,3,10,150,64,0.041278922835426404
603,3,10,150,64,0.12541207695631323
604,3,10,150,64,0.0
605,3,10,150,64,0.17940018319936482
606,3,10,150,64,0.35517913806654966
607,3,10,150,64,0.0308875359117713
608,3,10,150,64,0.2201531694453991
609,3,10,150,64,0.0
610,3,10,150,64,0.12186625680881258
611,3,10,150,64,0.19680646538945382
612,3,10,150,64,0.09162544430476362
613,3,10,150,64,0.1652462050665711
614,3,10,150,64,0.1467868763787456
615,3,10,150,64,0.14155559941296994
616,3,10,150,64,0.030480958763669998
617,3,10,150,64,0.038287076928437726
618,3,10,150,64,0.11037225337415359
619,3,10,150,64,0.14795344439858116
620,3,10,150,64,0.24239278329353608
621,3,10,150,64,0.10569072181389248
622,3,10,150,64,0.18125627395002283
623,3,10,150,64,0.04214302778527282
624,3,10,150,64,0.03202992305603544
625,3,10,150,64,0.06672272773479279
626,3,10,150,64,0.0
627,3,10,150,64,0.12331849537371527
628,3,10,150,64,0.0
629,3,10,150,64,0.28364213168183045
630,3,10,150,64,0.10834532177911152
631,3,10,150,64,0.13449792459172438
632,3,10,150,64,0.06934269739950429
633,3,10,150,64,0.050456115328747164
634,3,10,150,64,0.09692094009503625
635,3,10,150,64,0.0
636,3,10,150,64,0.3615974840572412
637,3,10,150,64,0.02898066279104336
638,3,10,150,64,0.05152901435389809
639,3,10,150,64,0.0
640,3,10,150,64,0.14971838572911914
641,3,10,150,64,0.051358492238643604
642,3,10,150,64,0.31641727365029615
643,3,10,150,64,0.25199238314957495
644,3,10,150,64,0.0
645,3,10,150,64,0.16338171596108064
646,3,10,150,64,0.11243817952384734
647,3,10,150,64,0.06590268968688952
648,3,10,150,64,0.26325275292213934
649,3,10,150,64,0.04336490181597879
650,3,10,150,64,0.10995822622411465
651,3,10,150,64,0.0
652,3,10,150,64,0.0
653,3,10,150,64,0.11329686254915977
654,3,10,150,64,0.058646415407254134
655,3,10,150,64,0.454994341090104
656,3,10,150,64,0.0
657,3,10,150,64,0.2504953915210566
658,3,10,150,64,0.09988783377897062
659,3,10,150,64,0.11632087990464077
660,3,10,150,64,0.011592247469704832
661,3,10,150,64,0.21396342200866308
662,3,10,150,64,0.0
663,3,10,150,64,0.1250707809701198
664,3,10,150,64,0.27187230570649057
665,3,10,150,64,0.0550027064655866
666,3,10,150,64,0.12509049010507758
667,3,10,150,64,0.12602794414143728
668,3,10,150,64,0.0
669,3,10,150,64,0.2287469684999221
670,3,10,150,64,0.0
671,3,10,150,64,0.19386142581938012
672,3,10,150,64,0.07973520350569015
673,3,10,150,64,0.0
674,3,10,150,64,0.0
675,3,10,150,64,0.0382580635535654
676,3,10,150,64,0.22358931366364498
677,3,10,150,64,0.10158983531347915
678,3,10,150,64,0.0
679,3,10,150,64,0.16417658872889113
680,3,10,150,64,0.0
681,3,10,150,64,0.0
682,3,10,150,64,0.269236616012024
683,3,10,150,64,0.045215225629604006
684,3,10,150,64,0.03158850394477252
685,3,10,150,64,0.20373936192022438
686,3,10,150,64,0.15669346910555695
687,3,10,150,64,0.0
688,3,10,150,64,0.0
689,3,10,150,64,0.40191678174210904
690,3,10,150,64,0.24802939400095458
691,3,10,150,64,0.6023709850354425
692,3,10,150,64,0.03353522641880846
693,3,10,150,64,0.04711181933747839
694,3,10,150,64,0.20203931311956708
695,3,10,150,64,0.05816383356143395
696,3,10,150,64,0.08111636357522063
697,3,10,150,64,0.08316188759665785
698,3,10,150,64,0.0
699,3,10,150,64,0.05428709053491529
700,3,10,150,64,0.0
701,3,10,150,64,0.0906790485156717
702,3,10,150,64,0.0
703,3,10,150,64,0.21888235022994418
704,3,10,150,64,0.19986259407697265
705,3,10,150,64,0.2598949629128916
706,3,10,150,64,0.0
707,3,10,150,64,0.26436294509310815
708,3,10,150,64,0.03476299583640518
709,3,10,150,64,0.15396797127961612
710,3,10,150,64,0.25040922491354684
711,3,10,150,64,0.2214266845385532
712,3,10,150,64,0.07474204150546118
713,3,10,150,64,0.0
714,3,10,150,64,0.1266607864485773
715,3,10,150,64,0.1722486292949897
716,3,10,150,64,0.27422479058353433
717,3,10,150,64,0.11878394043306446
718,3,10,150,64,0.0
719,3,10,150,64,0.10353175087921149
720,3,10,150,64,0.0
721,3,10,150,64,0.11127296302403536
722,3,10,150,64,0.07401896317743158
723,3,10,150,64,0.0
724,3,10,150,64,0.0
725,3,10,150,64,0.04733244938590725
726,3,10,150,64,0.061080020762274374
727,3,10,150,64,0.0841885646702175
728,3,10,150,64,0.0
729,3,10,150,64,0.046534861017850544
730,3,10,150,64,0.0
731,3,10,150,64,0.1935015812983906
732,3,10,150,64,0.05717828980196049
733,3,10,150,64,0.020730875129846955
734,3,10,150,64,0.08131766139183766
735,3,10,150,64,0.08151055815578559
736,3,10,150,64,0.047009109882897075
737,3,10,150,64,0.12127716502890909
738,3,10,150,64,0.09907057054543131
739,3,10,150,64,0.18767092572990207
740,3,10,150,64,0.0523780734795101
741,3,10,150,64,0.0787396033907249
742,3,10,150,64,0.0527075128660253
743,3,10,150,64,0.1194783875505714
744,3,10,150,64,0.0
745,3,10,150,64,0.06774344219296054
746,3,10,150,64,0.24124954544361757
747,3,10,150,64,0.22326807368076634
748,3,10,150,64,0.04132344798443041
749,3,10,150,64,0.3176318594690346
750,3,10,150,64,0.18000575664763457
751,3,10,150,64,0.05059789125164855
752,3,10,150,64,0.08155432360208091
753,3,10,150,64,0.04072612696308379
754,3,10,150,64,0.0
755,3,10,150,64,0.0
756,3,10,150,64,0.044143057780823704
757,3,10,150,64,0.12198274324065347
758,3,10,150,64,0.2428582959934107
759,3,10,150,64,0.0
760,3,10,150,64,0.16006374561654185
761,3,10,150,64,0.17663858756688974
762,3,10,150,64,0.0
763,3,10,150,64,0.10697348874072295
764,3,10,150,64,0.04710969775183564
765,3,10,150,64,0.0966785411876802
766,3,10,150,64,0.035191004809260996
767,3,10,150,64,0.1269544353559099
768,3,10,150,64,0.09997171219938322
769,3,10,150,64,0.0
770,3,10,150,64,0.18348359547343202
771,3,10,150,64,0.07363642524234874
772,3,10,150,64,0.038996699933076286
773,3,10,150,64,0.15659560794124947
774,3,10,150,64,0.0
775,3,10,150,64,0.0
776,3,10,150,64,0.04721006604760436
777,3,10,150,64,0.0
778,3,10,150,64,0.08961728720334347
779,3,10,150,64,0.0
780,3,10,150,64,0.1478701604202007
781,3,10,150,64,0.12572447169101508
782,3,10,150,64,0.0
783,3,10,150,64,0.0
784,3,10,150,64,0.04582425041433568
785,3,10,150,64,0.2848262604068979
786,3,10,150,64,0.13901223847985233
787,3,10,150,64,0.0
788,3,10,150,64,0.046626370288649896
789,3,10,150,64,0.14531023848228133
790,3,10,150,64,0.07123716589548494
791,3,10,150,64,0.059480024314918285
792,3,10,150,64,0.0946587791577201
793,3,10,150,64,0.11843263243420837
794,3,10,150,64,0.1578863001786244
795,3,10,150,64,0.06886690743551852
796,3,10,150,64,0.09132486214737917
797,3,10,150,64,0.13905617951077562
798,3,10,150,64,0.013788754828346865
799,3,10,150,64,0.2836929289153804
800,3,10,150,64,0.0
801,3,10,150,64,0.0
802,3,10,150,64,0.05621908976192367
803,3,10,150,64,0.0
804,3,10,150,64,0.22345753464585885
805,3,10,150,64,0.1350066983480993
806,3,10,150,64,0.10606704841588428
807,3,10,150,64,0.18716126069796726
808,3,10,150,64,0.0
809,3,10,150,64,0.0
810,3,10,150,64,0.0
811,3,10,150,64,0.1162989546852336
812,3,10,150,64,0.11600766930798434
813,3,10,150,64,0.06916902856231065
814,3,10,150,64,0.054181637470214
815,3,10,150,64,0.10380674919178415
816,3,10,150,64,0.10105367325027378
817,3,10,150,64,0.0
818,3,10,150,64,0.05187864210776578
819,3,10,150,64,0.0
820,3,10,150,64,0.12262943855309168
821,3,10,150,64,0.053168340515114924
822,3,10,150,64,0.0
823,3,10,150,64,0.14011732711290795
824,3,10,150,64,0.0
825,3,10,150,64,0.16434089815347858
826,3,10,150,64,0.1104586032397152
827,3,10,150,64,0.0
828,3,10,150,64,0.0
829,3,10,150,64,0.08143169212679746
830,3,10,150,64,0.13003750163762204
831,3,10,150,64,0.0800524392169327
832,3,10,150,64,0.0
833,3,10,150,64,0.05828935682373833
834,3,10,150,64,0.0
835,3,10,150,64,0.131093662595089
836,3,10,150,64,0.05097554749895306
837,3,10,150,64,0.05351287869030783
838,3,10,150,64,0.08633629724227374
839,3,10,150,64,0.0
840,3,10,150,64,0.1518245759629103
841,3,10,150,64,0.0
842,3,10,150,64,0.0
843,3,10,150,64,0.04209275315645388
844,3,10,150,64,0.0
845,3,10,150,64,0.06531065216760332
846,3,10,150,64,0.13363919278051073
847,3,10,150,64,0.0
848,3,10,150,64,0.03618657486793958
849,3,10,150,64,0.0
850,3,10,150,64,0.06228974831361337
851,3,10,150,64,0.2277008805972924
852,3,10,150,64,0.07256783117062009
853,3,10,150,64,0.0
854,3,10,150,64,0.0
855,3,10,150,64,0.0
856,3,10,150,64,0.0
857,3,10,150,64,0.0
858,3,10,150,64,0.0
859,3,10,150,64,0.0
860,3,10,150,64,0.0
861,3,10,150,64,0.12754356661958802
862,3,10,150,64,0.1014543205029727
863,3,10,150,64,0.0
864,3,10,150,64,0.19756506460263396
865,3,10,150,64,0.0
866,3,10,150,64,0.0
867,3,10,150,64,0.18752183128814004
868,3,10,150,64,0.0
870,3,10,150,64,0.0
871,3,10,150,64,0.0
872,3,10,150,64,0.0
875,3,10,150,64,0.1395953738647505
876,3,10,150,64,0.0
877,3,10,150,64,0.0
1,3,10,150,65,0.6247579375131872
2,3,10,150,65,0.10688238502350729
3,3,10,150,65,0.0
4,3,10,150,65,0.0
5,3,10,150,65,0.0819283960923954
6,3,10,150,65,0.05340978172012693
7,3,10,150,65,0.15912203234939234
8,3,10,150,65,0.10095977925103237
9,3,10,150,65,0.0
10,3,10,150,65,0.16409920264511527
11,3,10,150,65,0.049016076581777215
12,3,10,150,65,0.04822019817866397
13,3,10,150,65,0.21495438423151128
14,3,10,150,65,0.10183115736271536
15,3,10,150,65,0.0
16,3,10,150,65,0.18892081181710518
17,3,10,150,65,0.12066394366711926
18,3,10,150,65,0.18606782959057458
19,3,10,150,65,0.0
20,3,10,150,65,0.14530105135237878
21,3,10,150,65,0.05824963961462511
22,3,10,150,65,0.1468275080577048
23,3,10,150,65,0.18360000301566626
24,3,10,150,65,0.311062094929455
25,3,10,150,65,0.0
26,3,10,150,65,0.030421795212869307
28,3,10,150,65,0.0
29,3,10,150,65,0.0
30,3,10,150,65,0.0979129253499678
31,3,10,150,65,0.06076546216996844
32,3,10,150,65,0.0
33,3,10,150,65,0.0
34,3,10,150,65,0.0
35,3,10,150,65,0.07108348368841133
37,3,10,150,65,0.08836851842055818
38,3,10,150,65,0.03215366848272267
39,3,10,150,65,0.0
40,3,10,150,65,0.03963175841995263
41,3,10,150,65,0.0
42,3,10,150,65,0.14144963799422255
43,3,10,150,65,0.2516718289406818
44,3,10,150,65,0.07698159974258616
45,3,10,150,65,0.04505000432618384
46,3,10,150,65,0.2524329124868603
47,3,10,150,65,0.0
48,3,10,150,65,0.14225564083314088
49,3,10,150,65,0.08545966314334597
50,3,10,150,65,0.0
51,3,10,150,65,0.18953836965473142
52,3,10,150,65,0.04892579731758021
53,3,10,150,65,0.09546043308946733
54,3,10,150,65,0.07984133538066794
55,3,10,150,65,0.0
56,3,10,150,65,0.03975645576081676
57,3,10,150,65,0.0
58,3,10,150,65,0.10796876451088402
59,3,10,150,65,0.1825401339226324
60,3,10,150,65,0.12123807080432077
61,3,10,150,65,0.0
62,3,10,150,65,0.03806940785769845
63,3,10,150,65,0.03554915059547175
64,3,10,150,65,0.0
65,3,10,150,65,0.2994759515353249
66,3,10,150,65,0.0
67,3,10,150,65,0.0
68,3,10,150,65,0.0
69,3,10,150,65,0.14840975300312728
70,3,10,150,65,0.0
71,3,10,150,65,0.07955752067133452
72,3,10,150,65,0.16084022171949366
73,3,10,150,65,0.051960280791503534
74,3,10,150,65,0.0
75,3,10,150,65,0.11731968150568911
76,3,10,150,65,0.14804398249667974
77,3,10,150,65,0.45287742747371695
78,3,10,150,65,0.0
79,3,10,150,65,0.0
80,3,10,150,65,0.08297572808511901
81,3,10,150,65,0.0
82,3,10,150,65,0.08926877557705373
83,3,10,150,65,0.04630610387058298
84,3,10,150,65,0.0
85,3,10,150,65,0.06966660916502733
86,3,10,150,65,0.07738888769495082
87,3,10,150,65,0.10058161863664324
88,3,10,150,65,0.0
89,3,10,150,65,0.22860031301980846
90,3,10,150,65,0.2386569480666451
91,3,10,150,65,0.13114221140465185
92,3,10,150,65,0.03690254550997565
93,3,10,150,65,0.0
94,3,10,150,65,0.1785123466504993
95,3,10,150,65,0.061836172422412086
96,3,10,150,65,0.19186450284072096
97,3,10,150,65,0.1324047882275468
98,3,10,150,65,0.08878770367712427
99,3,10,150,65,0.029785542524894418
100,3,10,150,65,0.0892789338684584
101,3,10,150,65,0.0
102,3,10,150,65,0.026001814664123827
103,3,10,150,65,0.07673373981757839
104,3,10,150,65,0.12171451575741458
106,3,10,150,65,0.05261577455142312
107,3,10,150,65,0.0
108,3,10,150,65,0.0
109,3,10,150,65,0.11259960483764554
110,3,10,150,65,0.06422488523189442
111,3,10,150,65,0.0
112,3,10,150,65,0.06510475888148554
113,3,10,150,65,0.05449144662575446
114,3,10,150,65,0.07610811271330754
115,3,10,150,65,0.046806851959664796
116,3,10,150,65,0.07814915695077672
117,3,10,150,65,0.10135360124281675
118,3,10,150,65,0.0
119,3,10,150,65,0.06127983274634642
121,3,10,150,65,0.06245141164382474
122,3,10,150,65,0.07625852881342107
123,3,10,150,65,0.46927872602275644
124,3,10,150,65,0.10889376106823218
125,3,10,150,65,0.15602345563935235
126,3,10,150,65,0.0
127,3,10,150,65,0.0
128,3,10,150,65,0.027576277569513717
129,3,10,150,65,0.0
130,3,10,150,65,0.11207058154636457
131,3,10,150,65,0.2803335894048546
132,3,10,150,65,0.1431991570830273
133,3,10,150,65,0.0
134,3,10,150,65,0.0
135,3,10,150,65,0.0
136,3,10,150,65,0.40257390286801836
137,3,10,150,65,0.0
138,3,10,150,65,0.21222747957761057
139,3,10,150,65,0.0
140,3,10,150,65,0.0
141,3,10,150,65,0.17799763794582682
142,3,10,150,65,0.30260241349881345
143,3,10,150,65,0.0
144,3,10,150,65,0.2143720535700613
145,3,10,150,65,0.06384607724228114
146,3,10,150,65,0.0
147,3,10,150,65,0.07610811271330754
148,3,10,150,65,0.07351806252819712
149,3,10,150,65,0.05446824630887794
150,3,10,150,65,0.0
151,3,10,150,65,0.1467394379667669
152,3,10,150,65,0.026230448379684728
153,3,10,150,65,0.06516188295518531
154,3,10,150,65,0.055100238151135045
155,3,10,150,65,0.0
156,3,10,150,65,0.07028063830038406
157,3,10,150,65,0.05840183867278569
158,3,10,150,65,0.055805240881847164
159,3,10,150,65,0.11026617795298452
160,3,10,150,65,0.060934076158944916
161,3,10,150,65,0.0
162,3,10,150,65,0.0
163,3,10,150,65,0.0
164,3,10,150,65,0.0
165,3,10,150,65,0.09149012142095872
166,3,10,150,65,0.0
167,3,10,150,65,0.03395822402998728
168,3,10,150,65,0.0
169,3,10,150,65,0.055427457405235275
170,3,10,150,65,0.0
171,3,10,150,65,0.0
172,3,10,150,65,0.0
173,3,10,150,65,0.0
174,3,10,150,65,0.07752093421921306
175,3,10,150,65,0.4413254197204702
176,3,10,150,65,0.0347693136731627
177,3,10,150,65,0.0
178,3,10,150,65,0.18053947820976404
179,3,10,150,65,0.06599888514927177
180,3,10,150,65,0.0
181,3,10,150,65,0.04622579729077891
182,3,10,150,65,0.13120507751234178
183,3,10,150,65,0.0
184,3,10,150,65,0.0
185,3,10,150,65,0.0
186,3,10,150,65,0.0
187,3,10,150,65,0.2004102107997965
188,3,10,150,65,0.026527518023781966
189,3,10,150,65,0.22982757951573698
190,3,10,150,65,0.0
191,3,10,150,65,0.07335312372354855
192,3,10,150,65,0.0
193,3,10,150,65,0.0
194,3,10,150,65,0.0860257611411915
195,3,10,150,65,0.10257737475069033
196,3,10,150,65,0.17342765698823945
197,3,10,150,65,0.07304192939088519
198,3,10,150,65,0.10387325901274824
199,3,10,150,65,0.052106753859569234
200,3,10,150,65,0.0971420957831845
201,3,10,150,65,0.2118684787166408
202,3,10,150,65,0.0
203,3,10,150,65,0.0
204,3,10,150,65,0.0
205,3,10,150,65,0.11600766930798434
206,3,10,150,65,0.0
207,3,10,150,65,0.09348211243887757
208,3,10,150,65,0.0
209,3,10,150,65,0.070675417981692
210,3,10,150,65,0.0
211,3,10,150,65,0.0
212,3,10,150,65,0.0559167101555819
213,3,10,150,65,0.08985507164305877
214,3,10,150,65,0.1257260924843343
215,3,10,150,65,0.157288596461893
216,3,10,150,65,0.27735230728218535
217,3,10,150,65,0.13000004444613666
218,3,10,150,65,0.06323567569191428
219,3,10,150,65,0.0
220,3,10,150,65,0.07807600999842033
221,3,10,150,65,0.12213234467515617
222,3,10,150,65,0.1483732210811898
223,3,10,150,65,0.039270700903099615
224,3,10,150,65,0.0
225,3,10,150,65,0.09311209812195972
226,3,10,150,65,0.0
227,3,10,150,65,0.0
229,3,10,150,65,0.0
230,3,10,150,65,0.1697995249867118
231,3,10,150,65,0.0
232,3,10,150,65,0.0
233,3,10,150,65,0.1771248231078435
234,3,10,150,65,0.17155040820235207
235,3,10,150,65,0.08312042273022706
236,3,10,150,65,0.12127042983235181
237,3,10,150,65,0.04776398023609584
238,3,10,150,65,0.0
239,3,10,150,65,0.12691627784085696
240,3,10,150,65,0.10235170428306553
241,3,10,150,65,0.1381300260171807
242,3,10,150,65,0.0
243,3,10,150,65,0.0
244,3,10,150,65,0.15017336350566032
245,3,10,150,65,0.0
246,3,10,150,65,0.08356426880363813
247,3,10,150,65,0.15642624200758548
248,3,10,150,65,0.23451355966072135
249,3,10,150,65,0.3296200475575061
250,3,10,150,65,0.07806699296748765
251,3,10,150,65,0.0
252,3,10,150,65,0.0
253,3,10,150,65,0.0
254,3,10,150,65,0.036502603141236205
255,3,10,150,65,0.10933464083642679
256,3,10,150,65,0.04856627791226961
257,3,10,150,65,0.12830873359117523
258,3,10,150,65,0.0
259,3,10,150,65,0.0
260,3,10,150,65,0.0
261,3,10,150,65,0.0
262,3,10,150,65,0.0
263,3,10,150,65,0.32837769821077345
264,3,10,150,65,0.35681377696685707
265,3,10,150,65,0.19802572813668026
266,3,10,150,65,0.0
267,3,10,150,65,0.21076490690365068
268,3,10,150,65,0.10827784002385153
269,3,10,150,65,0.040019695500760184
270,3,10,150,65,0.049915567102790354
271,3,10,150,65,0.10729393508609222
272,3,10,150,65,0.10457492829503848
273,3,10,150,65,0.0
274,3,10,150,65,0.0
275,3,10,150,65,0.0
276,3,10,150,65,0.1946325998102159
277,3,10,150,65,0.0
278,3,10,150,65,0.0
279,3,10,150,65,0.10782562028935902
280,3,10,150,65,0.07316593591075989
281,3,10,150,65,0.0
282,3,10,150,65,0.09659953929285248
283,3,10,150,65,0.0
284,3,10,150,65,0.0
285,3,10,150,65,0.0
286,3,10,150,65,0.016140534521312585
287,3,10,150,65,0.0
288,3,10,150,65,0.13999259891013252
289,3,10,150,65,0.0
290,3,10,150,65,0.09647783930421741
291,3,10,150,65,0.17775326828407884
292,3,10,150,65,0.27665227928348557
293,3,10,150,65,0.05237460217421804
294,3,10,150,65,0.09628038570550856
295,3,10,150,65,0.14073295606443062
296,3,10,150,65,0.1313923743616208
297,3,10,150,65,0.030868393892711742
298,3,10,150,65,0.13814728270261697
299,3,10,150,65,0.06251231174305825
300,3,10,150,65,0.0
301,3,10,150,65,0.1296575124303738
302,3,10,150,65,0.07335312372354855
303,3,10,150,65,0.18551622523221237
304,3,10,150,65,0.0
305,3,10,150,65,0.05428021340641747
306,3,10,150,65,0.0
307,3,10,150,65,0.13128644747266613
308,3,10,150,65,0.04491835474236992
309,3,10,150,65,0.0
310,3,10,150,65,0.2890648263178879
311,3,10,150,65,0.17512035582237062
312,3,10,150,65,0.16963857451199318
313,3,10,150,65,0.09586943528179451
314,3,10,150,65,0.10507089418815024
315,3,10,150,65,0.09785159463516042
316,3,10,150,65,0.06076546216996844
317,3,10,150,65,0.0
318,3,10,150,65,0.07377376675297492
319,3,10,150,65,0.0
320,3,10,150,65,0.08947300054212491
321,3,10,150,65,0.08223795175588802
322,3,10,150,65,0.07955752067133452
323,3,10,150,65,0.12229181918924699
324,3,10,150,65,0.0
325,3,10,150,65,0.0
326,3,10,150,65,0.10817904857938596
327,3,10,150,65,0.0
328,3,10,150,65,0.11126818073657672
329,3,10,150,65,0.056720838976548935
330,3,10,150,65,0.3028509129070748
331,3,10,150,65,0.0
332,3,10,150,65,0.09937017023483655
333,3,10,150,65,0.0
334,3,10,150,65,0.11273548330803308
335,3,10,150,65,0.0
336,3,10,150,65,0.0
337,3,10,150,65,0.16908993508344605
338,3,10,150,65,0.08388555279643939
339,3,10,150,65,0.1856477756884163
340,3,10,150,65,0.12647135138382856
341,3,10,150,65,0.0
342,3,10,150,65,0.13675104634933952
343,3,10,150,65,0.35449693766486445
344,3,10,150,65,0.13804010954782428
345,3,10,150,65,0.1302817386077542
346,3,10,150,65,0.1264086027263655
347,3,10,150,65,0.09642724089192412
348,3,10,150,65,0.0
349,3,10,150,65,0.07123530534387781
350,3,10,150,65,0.2314071217459096
351,3,10,150,65,0.0
352,3,10,150,65,0.16282653392890226
353,3,10,150,65,0.09489642549953911
354,3,10,150,65,0.033699515540238464
355,3,10,150,65,0.05122871476979503
356,3,10,150,65,0.0
357,3,10,150,65,0.0
358,3,10,150,65,0.26730206653594746
359,3,10,150,65,0.14341929980357182
360,3,10,150,65,0.13132846997338612
361,3,10,150,65,0.0
362,3,10,150,65,0.0
363,3,10,150,65,0.1867805234163032
364,3,10,150,65,0.0
365,3,10,150,65,0.0989084497079971
366,3,10,150,65,0.10684080426179023
367,3,10,150,65,0.1410054764628891
368,3,10,150,65,0.0
369,3,10,150,65,0.0
370,3,10,150,65,0.045683428159663184
371,3,10,150,65,0.174231549865924
372,3,10,150,65,0.13528214995015655
373,3,10,150,65,0.18128610071101886
374,3,10,150,65,0.1523273086076386
375,3,10,150,65,0.0
376,3,10,150,65,0.0
377,3,10,150,65,0.053168340515114924
378,3,10,150,65,0.05608552371510859
379,3,10,150,65,0.16693258363041708
380,3,10,150,65,0.0
381,3,10,150,65,0.08294243278442993
382,3,10,150,65,0.13500098315004241
383,3,10,150,65,0.03539807129574854
384,3,10,150,65,0.08759200575528697
385,3,10,150,65,0.1546778125427113
386,3,10,150,65,0.0
387,3,10,150,65,0.03814967334348895
388,3,10,150,65,0.029785542524894418
389,3,10,150,65,0.13183633031089573
390,3,10,150,65,0.21398626473452756
391,3,10,150,65,0.2773307722866313
392,3,10,150,65,0.08604779973730994
393,3,10,150,65,0.17131096186356476
394,3,10,150,65,0.12900206501129066
395,3,10,150,65,0.09286934188709499
396,3,10,150,65,0.0
397,3,10,150,65,0.12905531436930254
398,3,10,150,65,0.12204637821038242
399,3,10,150,65,0.03397615640474109
400,3,10,150,65,0.0
401,3,10,150,65,0.0
402,3,10,150,65,0.469779625693621
403,3,10,150,65,0.0
404,3,10,150,65,0.0
405,3,10,150,65,0.22821871884221454
406,3,10,150,65,0.1428233347987388
407,3,10,150,65,0.07343764708220529
408,3,10,150,65,0.12083071655728543
409,3,10,150,65,0.15086419336317547
410,3,10,150,65,0.0
411,3,10,150,65,0.1128999930808451
412,3,10,150,65,0.0
413,3,10,150,65,0.10122860821230018
414,3,10,150,65,0.0
415,3,10,150,65,0.07605458145297357
416,3,10,150,65,0.313093605848686
417,3,10,150,65,0.06015181065698828
418,3,10,150,65,0.07001560573318603
419,3,10,150,65,0.26168079122473237
420,3,10,150,65,0.0527075128660253
421,3,10,150,65,0.202729931306865
422,3,10,150,65,0.0
423,3,10,150,65,0.0
424,3,10,150,65,0.13291000263869587
425,3,10,150,65,0.0
426,3,10,150,65,0.10004388309532918
427,3,10,150,65,0.0
428,3,10,150,65,0.0
429,3,10,150,65,0.14607198905772525
430,3,10,150,65,0.062242588308449316
431,3,10,150,65,0.0
432,3,10,150,65,0.05253723007572906
433,3,10,150,65,0.0
434,3,10,150,65,0.25803884452092735
435,3,10,150,65,0.2282464813385011
436,3,10,150,65,0.09291494561763272
437,3,10,150,65,0.05232274176228612
438,3,10,150,65,0.0
439,3,10,150,65,0.0
440,3,10,150,65,0.10025741859697787
441,3,10,150,65,0.0
442,3,10,150,65,0.058478916078390675
443,3,10,150,65,0.056720838976548935
444,3,10,150,65,0.19519002499605084
445,3,10,150,65,0.0
446,3,10,150,65,0.0
447,3,10,150,65,0.09914294517496557
448,3,10,150,65,0.0
449,3,10,150,65,0.0
450,3,10,150,65,0.3429655644827878
451,3,10,150,65,0.0
452,3,10,150,65,0.048188247044562364
453,3,10,150,65,0.13392124957971085
454,3,10,150,65,0.0
455,3,10,150,65,0.20700298299909142
456,3,10,150,65,0.1752070195318094
457,3,10,150,65,0.4042152965219684
458,3,10,150,65,0.12059750656999586
459,3,10,150,65,0.04901586605894737
460,3,10,150,65,0.0
461,3,10,150,65,0.10778915452451093
462,3,10,150,65,0.16728714615527887
463,3,10,150,65,0.1032589365938857
464,3,10,150,65,0.091470579054696
465,3,10,150,65,0.0733934381893728
466,3,10,150,65,0.0750834162528243
467,3,10,150,65,0.032842167909375275
468,3,10,150,65,0.4424763580282471
469,3,10,150,65,0.050924439617225085
470,3,10,150,65,0.040162930685297936
471,3,10,150,65,0.0
472,3,10,150,65,0.287670187502663
473,3,10,150,65,0.08903377327702097
474,3,10,150,65,0.3569157496659257
475,3,10,150,65,0.0
476,3,10,150,65,0.12097589732794561
477,3,10,150,65,0.0
478,3,10,150,65,0.2059565668593519
479,3,10,150,65,0.07893633843817272
480,3,10,150,65,0.0881980292211471
481,3,10,150,65,0.05234104579082298
482,3,10,150,65,0.15905893746943514
483,3,10,150,65,0.06194403202282284
484,3,10,150,65,0.30830871788407543
485,3,10,150,65,0.0
486,3,10,150,65,0.06108300840136219
487,3,10,150,65,0.10804508911987273
488,3,10,150,65,0.05887472794707303
489,3,10,150,65,0.0
490,3,10,150,65,0.06490403551612171
491,3,10,150,65,0.17758207479178334
492,3,10,150,65,0.12925417913024104
493,3,10,150,65,0.2507881701135645
494,3,10,150,65,0.15581531016292202
495,3,10,150,65,0.13131177925673643
496,3,10,150,65,0.07271211160102074
497,3,10,150,65,0.07810188140590023
498,3,10,150,65,0.0343217267714905
499,3,10,150,65,0.16209170826928437
500,3,10,150,65,0.04698773570888995
501,3,10,150,65,0.0
502,3,10,150,65,0.03272632263321488
503,3,10,150,65,0.26389046315772724
504,3,10,150,65,0.09794337990609951
505,3,10,150,65,0.025255271126572616
506,3,10,150,65,0.15924322521928228
507,3,10,150,65,0.0
508,3,10,150,65,0.19188799772768309
509,3,10,150,65,0.0
510,3,10,150,65,0.17032928501352598
511,3,10,150,65,0.12155021559723776
512,3,10,150,65,0.0
513,3,10,150,65,0.05276490902632437
514,3,10,150,65,0.2106022752652544
515,3,10,150,65,0.0
516,3,10,150,65,0.07947838320659593
517,3,10,150,65,0.03859643636257609
518,3,10,150,65,0.05268083714989503
519,3,10,150,65,0.034560204819110964
520,3,10,150,65,0.0
521,3,10,150,65,0.07649261318048692
522,3,10,150,65,0.16542389351858164
523,3,10,150,65,0.1705239552439998
524,3,10,150,65,0.057886737802770545
525,3,10,150,65,0.06516045994396072
526,3,10,150,65,0.03112959369469351
527,3,10,150,65,0.21068702285875093
528,3,10,150,65,0.1255942414278791
529,3,10,150,65,0.03208343640786788
530,3,10,150,65,0.0
531,3,10,150,65,0.0
532,3,10,150,65,0.19429464793066398
533,3,10,150,65,0.13907966604925506
534,3,10,150,65,0.10040759964046686
535,3,10,150,65,0.25224874540372827
536,3,10,150,65,0.16943073315280816
537,3,10,150,65,0.4124405377164616
538,3,10,150,65,0.09944592215223559
539,3,10,150,65,0.07086035994602148
540,3,10,150,65,0.0
541,3,10,150,65,0.0779170553370938
542,3,10,150,65,0.07173250396753712
543,3,10,150,65,0.0
544,3,10,150,65,0.0
545,3,10,150,65,0.1627301445786375
546,3,10,150,65,0.15021796010206573
547,3,10,150,65,0.04528995543568932
548,3,10,150,65,0.08556622378188056
549,3,10,150,65,0.10184659627402569
550,3,10,150,65,0.0845667599404342
551,3,10,150,65,0.26543458760310984
552,3,10,150,65,0.0
553,3,10,150,65,0.13528660262448355
554,3,10,150,65,0.0
555,3,10,150,65,0.037070343480771185
556,3,10,150,65,0.2848749592866812
557,3,10,150,65,0.044530079137671444
558,3,10,150,65,0.21398626473452756
559,3,10,150,65,0.07557866567222271
560,3,10,150,65,0.11942337490935596
561,3,10,150,65,0.07454575906225305
562,3,10,150,65,0.1501964202441757
563,3,10,150,65,0.10791970824616881
564,3,10,150,65,0.0
565,3,10,150,65,0.17360338152027138
566,3,10,150,65,0.11935234359120704
567,3,10,150,65,0.3074611602345109
568,3,10,150,65,0.07161318866452264
569,3,10,150,65,0.023835426911994775
570,3,10,150,65,0.0
571,3,10,150,65,0.0512644431393966
572,3,10,150,65,0.30260241349881345
573,3,10,150,65,0.0
574,3,10,150,65,0.0
575,3,10,150,65,0.13043262693172047
576,3,10,150,65,0.0
577,3,10,150,65,0.19112477211426193
578,3,10,150,65,0.0
579,3,10,150,65,0.06152644703210656
580,3,10,150,65,0.03144137376097698
581,3,10,150,65,0.0
582,3,10,150,65,0.06679511870650716
583,3,10,150,65,0.13912814892946682
584,3,10,150,65,0.20261715588288354
585,3,10,150,65,0.042225550968526857
586,3,10,150,65,0.06851238282313929
587,3,10,150,65,0.0
588,3,10,150,65,0.24773217191564897
589,3,10,150,65,0.06690610140251865
590,3,10,150,65,0.19997970715667693
591,3,10,150,65,0.08651464973019597
592,3,10,150,65,0.3492479250945889
593,3,10,150,65,0.13165741445679038
594,3,10,150,65,0.0
595,3,10,150,65,0.055965373307784824
596,3,10,150,65,0.09803928583135704
597,3,10,150,65,0.0
598,3,10,150,65,0.0
599,3,10,150,65,0.02506539947940475
600,3,10,150,65,0.13574631165894233
601,3,10,150,65,0.1353025537211632
602,3,10,150,65,0.041278922835426404
603,3,10,150,65,0.12541207695631323
604,3,10,150,65,0.0
605,3,10,150,65,0.17940018319936482
606,3,10,150,65,0.3513758197038242
607,3,10,150,65,0.0308875359117713
608,3,10,150,65,0.21779573202235142
609,3,10,150,65,0.0
610,3,10,150,65,0.12186625680881258
611,3,10,150,65,0.19680646538945382
612,3,10,150,65,0.09162544430476362
613,3,10,150,65,0.1652462050665711
614,3,10,150,65,0.1467868763787456
615,3,10,150,65,0.1578637648166983
616,3,10,150,65,0.030480958763669998
617,3,10,150,65,0.038287076928437726
618,3,10,150,65,0.10919036859263623
619,3,10,150,65,0.14795344439858116
620,3,10,150,65,0.24239278329353608
621,3,10,150,65,0.10569072181389248
622,3,10,150,65,0.179315351071427
623,3,10,150,65,0.04214302778527282
624,3,10,150,65,0.03202992305603544
625,3,10,150,65,0.06672272773479279
626,3,10,150,65,0.0
627,3,10,150,65,0.12199798004032131
628,3,10,150,65,0.0
629,3,10,150,65,0.28364213168183045
630,3,10,150,65,0.10834532177911152
631,3,10,150,65,0.13449792459172438
632,3,10,150,65,0.06934269739950429
633,3,10,150,65,0.050456115328747164
634,3,10,150,65,0.09692094009503625
635,3,10,150,65,0.0
636,3,10,150,65,0.3615974840572412
637,3,10,150,65,0.02898066279104336
638,3,10,150,65,0.05152901435389809
639,3,10,150,65,0.0
640,3,10,150,65,0.16254564442204458
641,3,10,150,65,0.051358492238643604
642,3,10,150,65,0.32373719325402195
643,3,10,150,65,0.24929400603396815
644,3,10,150,65,0.0
645,3,10,150,65,0.16338171596108064
646,3,10,150,65,0.11243817952384734
647,3,10,150,65,0.06590268968688952
648,3,10,150,65,0.260433797859978
649,3,10,150,65,0.04336490181597879
650,3,10,150,65,0.10878077491543858
651,3,10,150,65,0.0
652,3,10,150,65,0.0
653,3,10,150,65,0.11208366055729146
654,3,10,150,65,0.05801841965885339
655,3,10,150,65,0.460830353986596
656,3,10,150,65,0.0
657,3,10,150,65,0.2504953915210566
658,3,10,150,65,0.09988783377897062
659,3,10,150,65,0.11507529622278947
660,3,10,150,65,0.011468115720563289
661,3,10,150,65,0.21396342200866308
662,3,10,150,65,0.0
663,3,10,150,65,0.1250707809701198
664,3,10,150,65,0.26896105101332707
665,3,10,150,65,0.06512189752728648
666,3,10,150,65,0.12375099995199933
667,3,10,150,65,0.12602794414143728
668,3,10,150,65,0.0
669,3,10,150,65,0.2287469684999221
670,3,10,150,65,0.0
671,3,10,150,65,0.19386142581938012
672,3,10,150,65,0.07973520350569015
673,3,10,150,65,0.0
674,3,10,150,65,0.0
675,3,10,150,65,0.0382580635535654
676,3,10,150,65,0.22358931366364498
677,3,10,150,65,0.10158983531347915
678,3,10,150,65,0.0
679,3,10,150,65,0.16417658872889113
680,3,10,150,65,0.0
681,3,10,150,65,0.0
682,3,10,150,65,0.26635358473048304
683,3,10,150,65,0.045215225629604006
684,3,10,150,65,0.03158850394477252
685,3,10,150,65,0.20373936192022438
686,3,10,150,65,0.15669346910555695
687,3,10,150,65,0.0
688,3,10,150,65,0.0
689,3,10,150,65,0.40191678174210904
690,3,10,150,65,0.24802939400095458
691,3,10,150,65,0.6023709850354425
692,3,10,150,65,0.03353522641880846
693,3,10,150,65,0.04711181933747839
694,3,10,150,65,0.21058401129544002
695,3,10,150,65,0.05816383356143395
696,3,10,150,65,0.08111636357522063
697,3,10,150,65,0.08316188759665785
698,3,10,150,65,0.0
699,3,10,150,65,0.05370577517553262
700,3,10,150,65,0.0
701,3,10,150,65,0.0906790485156717
702,3,10,150,65,0.0
703,3,10,150,65,0.21888235022994418
704,3,10,150,65,0.19986259407697265
705,3,10,150,65,0.2598949629128916
706,3,10,150,65,0.0
707,3,10,150,65,0.2722402712628238
708,3,10,150,65,0.03476299583640518
709,3,10,150,65,0.15396797127961612
710,3,10,150,65,0.25040922491354684
711,3,10,150,65,0.21905561010020846
712,3,10,150,65,0.07394169106688321
713,3,10,150,65,0.0
714,3,10,150,65,0.1266607864485773
715,3,10,150,65,0.17040416180087362
716,3,10,150,65,0.2819965144415594
717,3,10,150,65,0.11878394043306446
718,3,10,150,65,0.0
719,3,10,150,65,0.10353175087921149
720,3,10,150,65,0.0
721,3,10,150,65,0.11127296302403536
722,3,10,150,65,0.07401896317743158
723,3,10,150,65,0.0
724,3,10,150,65,0.0
725,3,10,150,65,0.04733244938590725
726,3,10,150,65,0.061080020762274374
727,3,10,150,65,0.08328705926175023
728,3,10,150,65,0.0
729,3,10,150,65,0.046534861017850544
730,3,10,150,65,0.0
731,3,10,150,65,0.1935015812983906
732,3,10,150,65,0.05717828980196049
733,3,10,150,65,0.020730875129846955
734,3,10,150,65,0.08131766139183766
735,3,10,150,65,0.08151055815578559
736,3,10,150,65,0.047009109882897075
737,3,10,150,65,0.12127716502890909
738,3,10,150,65,0.09907057054543131
739,3,10,150,65,0.18767092572990207
740,3,10,150,65,0.0523780734795101
741,3,10,150,65,0.0787396033907249
742,3,10,150,65,0.0527075128660253
743,3,10,150,65,0.1194783875505714
744,3,10,150,65,0.0
745,3,10,150,65,0.06774344219296054
746,3,10,150,65,0.24124954544361757
747,3,10,150,65,0.22087728133563345
748,3,10,150,65,0.04132344798443041
749,3,10,150,65,0.31423060372445066
750,3,10,150,65,0.18000575664763457
751,3,10,150,65,0.05059789125164855
752,3,10,150,65,0.08155432360208091
753,3,10,150,65,0.04072612696308379
754,3,10,150,65,0.0
755,3,10,150,65,0.0
756,3,10,150,65,0.044143057780823704
757,3,10,150,65,0.12198274324065347
758,3,10,150,65,0.24025772822999975
759,3,10,150,65,0.0
760,3,10,150,65,0.16006374561654185
761,3,10,150,65,0.17663858756688974
762,3,10,150,65,0.0
763,3,10,150,65,0.10697348874072295
764,3,10,150,65,0.04710969775183564
765,3,10,150,65,0.0966785411876802
766,3,10,150,65,0.035191004809260996
767,3,10,150,65,0.1269544353559099
768,3,10,150,65,0.09997171219938322
769,3,10,150,65,0.0
770,3,10,150,65,0.18348359547343202
771,3,10,150,65,0.07363642524234874
772,3,10,150,65,0.038996699933076286
773,3,10,150,65,0.15659560794124947
774,3,10,150,65,0.0
775,3,10,150,65,0.0
776,3,10,150,65,0.04721006604760436
777,3,10,150,65,0.0
778,3,10,150,65,0.08961728720334347
779,3,10,150,65,0.0
780,3,10,150,65,0.1478701604202007
781,3,10,150,65,0.12572447169101508
782,3,10,150,65,0.0
783,3,10,150,65,0.038886535982440684
784,3,10,150,65,0.04582425041433568
785,3,10,150,65,0.2848262604068979
786,3,10,150,65,0.13901223847985233
787,3,10,150,65,0.0
788,3,10,150,65,0.046626370288649896
789,3,10,150,65,0.14531023848228133
790,3,10,150,65,0.07123716589548494
791,3,10,150,65,0.059480024314918285
792,3,10,150,65,0.0946587791577201
793,3,10,150,65,0.11843263243420837
794,3,10,150,65,0.1578863001786244
795,3,10,150,65,0.06886690743551852
796,3,10,150,65,0.09034694005693979
797,3,10,150,65,0.13905617951077562
798,3,10,150,65,0.013788754828346865
799,3,10,150,65,0.2836929289153804
800,3,10,150,65,0.0
801,3,10,150,65,0.0
802,3,10,150,65,0.05621908976192367
803,3,10,150,65,0.0
804,3,10,150,65,0.2210647135206251
805,3,10,150,65,0.1350066983480993
806,3,10,150,65,0.10606704841588428
807,3,10,150,65,0.18716126069796726
808,3,10,150,65,0.0
809,3,10,150,65,0.0
810,3,10,150,65,0.0
811,3,10,150,65,0.1162989546852336
812,3,10,150,65,0.11600766930798434
813,3,10,150,65,0.06916902856231065
814,3,10,150,65,0.054181637470214
815,3,10,150,65,0.10380674919178415
816,3,10,150,65,0.10105367325027378
817,3,10,150,65,0.0
818,3,10,150,65,0.05187864210776578
819,3,10,150,65,0.0
820,3,10,150,65,0.12262943855309168
821,3,10,150,65,0.053168340515114924
822,3,10,150,65,0.0
823,3,10,150,65,0.14011732711290795
824,3,10,150,65,0.0
825,3,10,150,65,0.16434089815347858
826,3,10,150,65,0.1104586032397152
827,3,10,150,65,0.0
828,3,10,150,65,0.0
829,3,10,150,65,0.08143169212679746
830,3,10,150,65,0.13003750163762204
831,3,10,150,65,0.0800524392169327
832,3,10,150,65,0.0
833,3,10,150,65,0.05828935682373833
834,3,10,150,65,0.0
835,3,10,150,65,0.131093662595089
836,3,10,150,65,0.05097554749895306
837,3,10,150,65,0.05351287869030783
838,3,10,150,65,0.08633629724227374
839,3,10,150,65,0.0
840,3,10,150,65,0.1518245759629103
841,3,10,150,65,0.0
842,3,10,150,65,0.0
843,3,10,150,65,0.04209275315645388
844,3,10,150,65,0.0
845,3,10,150,65,0.06531065216760332
846,3,10,150,65,0.13363919278051073
847,3,10,150,65,0.0
848,3,10,150,65,0.03618657486793958
849,3,10,150,65,0.0
850,3,10,150,65,0.06228974831361337
851,3,10,150,65,0.2277008805972924
852,3,10,150,65,0.07256783117062009
853,3,10,150,65,0.0
854,3,10,150,65,0.0
855,3,10,150,65,0.0
856,3,10,150,65,0.0
857,3,10,150,65,0.0
858,3,10,150,65,0.0
859,3,10,150,65,0.0
860,3,10,150,65,0.0
861,3,10,150,65,0.12754356661958802
862,3,10,150,65,0.1014543205029727
863,3,10,150,65,0.0
864,3,10,150,65,0.19756506460263396
865,3,10,150,65,0.0
866,3,10,150,65,0.0
867,3,10,150,65,0.18752183128814004
868,3,10,150,65,0.0
870,3,10,150,65,0.0
871,3,10,150,65,0.0
872,3,10,150,65,0.0
875,3,10,150,65,0.1395953738647505
876,3,10,150,65,0.0
877,3,10,150,65,0.0
1,3,10,150,66,0.6247579375131872
2,3,10,150,66,0.10688238502350729
3,3,10,150,66,0.0
4,3,10,150,66,0.0
5,3,10,150,66,0.0819283960923954
6,3,10,150,66,0.05340978172012693
7,3,10,150,66,0.15912203234939234
8,3,10,150,66,0.10095977925103237
9,3,10,150,66,0.0
10,3,10,150,66,0.16409920264511527
11,3,10,150,66,0.049016076581777215
12,3,10,150,66,0.04822019817866397
13,3,10,150,66,0.21268506182131086
14,3,10,150,66,0.10183115736271536
15,3,10,150,66,0.0
16,3,10,150,66,0.18892081181710518
17,3,10,150,66,0.12066394366711926
18,3,10,150,66,0.18606782959057458
19,3,10,150,66,0.0
20,3,10,150,66,0.14530105135237878
21,3,10,150,66,0.05824963961462511
22,3,10,150,66,0.1468275080577048
23,3,10,150,66,0.18360000301566626
24,3,10,150,66,0.311062094929455
25,3,10,150,66,0.0
26,3,10,150,66,0.030421795212869307
28,3,10,150,66,0.0
29,3,10,150,66,0.0
30,3,10,150,66,0.0979129253499678
31,3,10,150,66,0.06076546216996844
32,3,10,150,66,0.0
33,3,10,150,66,0.0
34,3,10,150,66,0.0
35,3,10,150,66,0.07108348368841133
37,3,10,150,66,0.08836851842055818
38,3,10,150,66,0.03215366848272267
39,3,10,150,66,0.0
40,3,10,150,66,0.03963175841995263
41,3,10,150,66,0.0
42,3,10,150,66,0.14144963799422255
43,3,10,150,66,0.268915965453296
44,3,10,150,66,0.07698159974258616
45,3,10,150,66,0.04505000432618384
46,3,10,150,66,0.2524329124868603
47,3,10,150,66,0.0
48,3,10,150,66,0.14225564083314088
49,3,10,150,66,0.08545966314334597
50,3,10,150,66,0.0
51,3,10,150,66,0.18953836965473142
52,3,10,150,66,0.04892579731758021
53,3,10,150,66,0.09546043308946733
54,3,10,150,66,0.07984133538066794
55,3,10,150,66,0.0
56,3,10,150,66,0.03975645576081676
57,3,10,150,66,0.0
58,3,10,150,66,0.10796876451088402
59,3,10,150,66,0.1825401339226324
60,3,10,150,66,0.12123807080432077
61,3,10,150,66,0.0
62,3,10,150,66,0.03806940785769845
63,3,10,150,66,0.03554915059547175
64,3,10,150,66,0.0
65,3,10,150,66,0.2994759515353249
66,3,10,150,66,0.0
67,3,10,150,66,0.0
68,3,10,150,66,0.0
69,3,10,150,66,0.14840975300312728
70,3,10,150,66,0.0
71,3,10,150,66,0.07955752067133452
72,3,10,150,66,0.16084022171949366
73,3,10,150,66,0.051960280791503534
74,3,10,150,66,0.0
75,3,10,150,66,0.11731968150568911
76,3,10,150,66,0.14804398249667974
77,3,10,150,66,0.45287742747371695
78,3,10,150,66,0.0
79,3,10,150,66,0.0
80,3,10,150,66,0.08297572808511901
81,3,10,150,66,0.0
82,3,10,150,66,0.08926877557705373
83,3,10,150,66,0.04630610387058298
84,3,10,150,66,0.0
85,3,10,150,66,0.06966660916502733
86,3,10,150,66,0.07738888769495082
87,3,10,150,66,0.10058161863664324
88,3,10,150,66,0.0
89,3,10,150,66,0.22860031301980846
90,3,10,150,66,0.2386569480666451
91,3,10,150,66,0.13114221140465185
92,3,10,150,66,0.03690254550997565
93,3,10,150,66,0.0
94,3,10,150,66,0.1785123466504993
95,3,10,150,66,0.061836172422412086
96,3,10,150,66,0.19186450284072096
97,3,10,150,66,0.1324047882275468
98,3,10,150,66,0.08878770367712427
99,3,10,150,66,0.029785542524894418
100,3,10,150,66,0.0892789338684584
101,3,10,150,66,0.0
102,3,10,150,66,0.026001814664123827
103,3,10,150,66,0.07673373981757839
104,3,10,150,66,0.12171451575741458
106,3,10,150,66,0.05261577455142312
107,3,10,150,66,0.0
108,3,10,150,66,0.0
109,3,10,150,66,0.11259960483764554
110,3,10,150,66,0.06422488523189442
111,3,10,150,66,0.0
112,3,10,150,66,0.06510475888148554
113,3,10,150,66,0.05449144662575446
114,3,10,150,66,0.07610811271330754
115,3,10,150,66,0.046806851959664796
116,3,10,150,66,0.07814915695077672
117,3,10,150,66,0.10135360124281675
118,3,10,150,66,0.0
119,3,10,150,66,0.06127983274634642
121,3,10,150,66,0.06245141164382474
122,3,10,150,66,0.07625852881342107
123,3,10,150,66,0.46927872602275644
124,3,10,150,66,0.10889376106823218
125,3,10,150,66,0.15602345563935235
126,3,10,150,66,0.0
127,3,10,150,66,0.0
128,3,10,150,66,0.027576277569513717
129,3,10,150,66,0.0
130,3,10,150,66,0.11207058154636457
131,3,10,150,66,0.2803335894048546
132,3,10,150,66,0.1431991570830273
133,3,10,150,66,0.0
134,3,10,150,66,0.0
135,3,10,150,66,0.0
136,3,10,150,66,0.40257390286801836
137,3,10,150,66,0.0
138,3,10,150,66,0.21222747957761057
139,3,10,150,66,0.0
140,3,10,150,66,0.0
141,3,10,150,66,0.17799763794582682
142,3,10,150,66,0.30260241349881345
143,3,10,150,66,0.0
144,3,10,150,66,0.2143720535700613
145,3,10,150,66,0.06384607724228114
146,3,10,150,66,0.0
147,3,10,150,66,0.07610811271330754
148,3,10,150,66,0.07351806252819712
149,3,10,150,66,0.05446824630887794
150,3,10,150,66,0.0
151,3,10,150,66,0.1467394379667669
152,3,10,150,66,0.026230448379684728
153,3,10,150,66,0.06516188295518531
154,3,10,150,66,0.055100238151135045
155,3,10,150,66,0.0
156,3,10,150,66,0.07028063830038406
157,3,10,150,66,0.05840183867278569
158,3,10,150,66,0.055805240881847164
159,3,10,150,66,0.11026617795298452
160,3,10,150,66,0.060934076158944916
161,3,10,150,66,0.0
162,3,10,150,66,0.0
163,3,10,150,66,0.0
164,3,10,150,66,0.0
165,3,10,150,66,0.09149012142095872
166,3,10,150,66,0.0
167,3,10,150,66,0.03395822402998728
168,3,10,150,66,0.0
169,3,10,150,66,0.055427457405235275
170,3,10,150,66,0.0
171,3,10,150,66,0.0
172,3,10,150,66,0.0
173,3,10,150,66,0.0
174,3,10,150,66,0.07752093421921306
175,3,10,150,66,0.4413254197204702
176,3,10,150,66,0.0347693136731627
177,3,10,150,66,0.0
178,3,10,150,66,0.18053947820976404
179,3,10,150,66,0.06599888514927177
180,3,10,150,66,0.0
181,3,10,150,66,0.04622579729077891
182,3,10,150,66,0.13120507751234178
183,3,10,150,66,0.0
184,3,10,150,66,0.0
185,3,10,150,66,0.0
186,3,10,150,66,0.0
187,3,10,150,66,0.2004102107997965
188,3,10,150,66,0.026527518023781966
189,3,10,150,66,0.22982757951573698
190,3,10,150,66,0.0
191,3,10,150,66,0.07335312372354855
192,3,10,150,66,0.0
193,3,10,150,66,0.0
194,3,10,150,66,0.0860257611411915
195,3,10,150,66,0.10257737475069033
196,3,10,150,66,0.17342765698823945
197,3,10,150,66,0.07304192939088519
198,3,10,150,66,0.10387325901274824
199,3,10,150,66,0.052106753859569234
200,3,10,150,66,0.0971420957831845
201,3,10,150,66,0.2118684787166408
202,3,10,150,66,0.0
203,3,10,150,66,0.0
204,3,10,150,66,0.0
205,3,10,150,66,0.11600766930798434
206,3,10,150,66,0.0
207,3,10,150,66,0.09348211243887757
208,3,10,150,66,0.0
209,3,10,150,66,0.070675417981692
210,3,10,150,66,0.0
211,3,10,150,66,0.0
212,3,10,150,66,0.0559167101555819
213,3,10,150,66,0.08985507164305877
214,3,10,150,66,0.1257260924843343
215,3,10,150,66,0.157288596461893
216,3,10,150,66,0.27735230728218535
217,3,10,150,66,0.13000004444613666
218,3,10,150,66,0.06323567569191428
219,3,10,150,66,0.0
220,3,10,150,66,0.07807600999842033
221,3,10,150,66,0.12213234467515617
222,3,10,150,66,0.1483732210811898
223,3,10,150,66,0.039270700903099615
224,3,10,150,66,0.0
225,3,10,150,66,0.09311209812195972
226,3,10,150,66,0.0
227,3,10,150,66,0.0
229,3,10,150,66,0.0
230,3,10,150,66,0.1697995249867118
231,3,10,150,66,0.0
232,3,10,150,66,0.0
233,3,10,150,66,0.1771248231078435
234,3,10,150,66,0.16973931145638693
235,3,10,150,66,0.08312042273022706
236,3,10,150,66,0.12127042983235181
237,3,10,150,66,0.04776398023609584
238,3,10,150,66,0.0
239,3,10,150,66,0.12691627784085696
240,3,10,150,66,0.10235170428306553
241,3,10,150,66,0.1381300260171807
242,3,10,150,66,0.0
243,3,10,150,66,0.0
244,3,10,150,66,0.15017336350566032
245,3,10,150,66,0.0
246,3,10,150,66,0.08356426880363813
247,3,10,150,66,0.15642624200758548
248,3,10,150,66,0.23451355966072135
249,3,10,150,66,0.3296200475575061
250,3,10,150,66,0.07806699296748765
251,3,10,150,66,0.0
252,3,10,150,66,0.0
253,3,10,150,66,0.0
254,3,10,150,66,0.036502603141236205
255,3,10,150,66,0.10933464083642679
256,3,10,150,66,0.04856627791226961
257,3,10,150,66,0.12830873359117523
258,3,10,150,66,0.0
259,3,10,150,66,0.0
260,3,10,150,66,0.0
261,3,10,150,66,0.0
262,3,10,150,66,0.0
263,3,10,150,66,0.32837769821077345
264,3,10,150,66,0.35681377696685707
265,3,10,150,66,0.19802572813668026
266,3,10,150,66,0.0
267,3,10,150,66,0.21076490690365068
268,3,10,150,66,0.10827784002385153
269,3,10,150,66,0.040019695500760184
270,3,10,150,66,0.049915567102790354
271,3,10,150,66,0.10729393508609222
272,3,10,150,66,0.10457492829503848
273,3,10,150,66,0.0
274,3,10,150,66,0.0
275,3,10,150,66,0.0
276,3,10,150,66,0.19257781910832902
277,3,10,150,66,0.0
278,3,10,150,66,0.0
279,3,10,150,66,0.11910385967976722
280,3,10,150,66,0.07316593591075989
281,3,10,150,66,0.0
282,3,10,150,66,0.09659953929285248
283,3,10,150,66,0.0
284,3,10,150,66,0.0
285,3,10,150,66,0.0
286,3,10,150,66,0.016140534521312585
287,3,10,150,66,0.0
288,3,10,150,66,0.13999259891013252
289,3,10,150,66,0.0
290,3,10,150,66,0.09647783930421741
291,3,10,150,66,0.17775326828407884
292,3,10,150,66,0.27665227928348557
293,3,10,150,66,0.05237460217421804
294,3,10,150,66,0.09628038570550856
295,3,10,150,66,0.14073295606443062
296,3,10,150,66,0.1313923743616208
297,3,10,150,66,0.030868393892711742
298,3,10,150,66,0.13814728270261697
299,3,10,150,66,0.06251231174305825
300,3,10,150,66,0.0
301,3,10,150,66,0.1296575124303738
302,3,10,150,66,0.07335312372354855
303,3,10,150,66,0.1835576881738483
304,3,10,150,66,0.0
305,3,10,150,66,0.05428021340641747
306,3,10,150,66,0.0
307,3,10,150,66,0.13128644747266613
308,3,10,150,66,0.04491835474236992
309,3,10,150,66,0.0
310,3,10,150,66,0.2890648263178879
311,3,10,150,66,0.17512035582237062
312,3,10,150,66,0.16963857451199318
313,3,10,150,66,0.09586943528179451
314,3,10,150,66,0.10507089418815024
315,3,10,150,66,0.09785159463516042
316,3,10,150,66,0.06076546216996844
317,3,10,150,66,0.0
318,3,10,150,66,0.07377376675297492
319,3,10,150,66,0.0
320,3,10,150,66,0.08947300054212491
321,3,10,150,66,0.08223795175588802
322,3,10,150,66,0.07955752067133452
323,3,10,150,66,0.12229181918924699
324,3,10,150,66,0.0
325,3,10,150,66,0.0
326,3,10,150,66,0.10817904857938596
327,3,10,150,66,0.0
328,3,10,150,66,0.11126818073657672
329,3,10,150,66,0.056720838976548935
330,3,10,150,66,0.3028509129070748
331,3,10,150,66,0.0
332,3,10,150,66,0.09937017023483655
333,3,10,150,66,0.0
334,3,10,150,66,0.11273548330803308
335,3,10,150,66,0.0
336,3,10,150,66,0.0
337,3,10,150,66,0.16908993508344605
338,3,10,150,66,0.08388555279643939
339,3,10,150,66,0.1856477756884163
340,3,10,150,66,0.12647135138382856
341,3,10,150,66,0.0
342,3,10,150,66,0.13675104634933952
343,3,10,150,66,0.35449693766486445
344,3,10,150,66,0.13804010954782428
345,3,10,150,66,0.1302817386077542
346,3,10,150,66,0.1264086027263655
347,3,10,150,66,0.09642724089192412
348,3,10,150,66,0.0
349,3,10,150,66,0.07123530534387781
350,3,10,150,66,0.2314071217459096
351,3,10,150,66,0.0
352,3,10,150,66,0.16282653392890226
353,3,10,150,66,0.09489642549953911
354,3,10,150,66,0.033699515540238464
355,3,10,150,66,0.05122871476979503
356,3,10,150,66,0.0
357,3,10,150,66,0.0
358,3,10,150,66,0.26730206653594746
359,3,10,150,66,0.14341929980357182
360,3,10,150,66,0.13132846997338612
361,3,10,150,66,0.0
362,3,10,150,66,0.0
363,3,10,150,66,0.1867805234163032
364,3,10,150,66,0.0
365,3,10,150,66,0.0989084497079971
366,3,10,150,66,0.10684080426179023
367,3,10,150,66,0.1410054764628891
368,3,10,150,66,0.0
369,3,10,150,66,0.0
370,3,10,150,66,0.045683428159663184
371,3,10,150,66,0.174231549865924
372,3,10,150,66,0.13528214995015655
373,3,10,150,66,0.18128610071101886
374,3,10,150,66,0.1523273086076386
375,3,10,150,66,0.0
376,3,10,150,66,0.0
377,3,10,150,66,0.053168340515114924
378,3,10,150,66,0.055493416062549886
379,3,10,150,66,0.16693258363041708
380,3,10,150,66,0.0
381,3,10,150,66,0.08294243278442993
382,3,10,150,66,0.13500098315004241
383,3,10,150,66,0.03539807129574854
384,3,10,150,66,0.08759200575528697
385,3,10,150,66,0.1546778125427113
386,3,10,150,66,0.0
387,3,10,150,66,0.03814967334348895
388,3,10,150,66,0.029785542524894418
389,3,10,150,66,0.13183633031089573
390,3,10,150,66,0.21398626473452756
391,3,10,150,66,0.2773307722866313
392,3,10,150,66,0.08604779973730994
393,3,10,150,66,0.1695023930071544
394,3,10,150,66,0.12900206501129066
395,3,10,150,66,0.09286934188709499
396,3,10,150,66,0.0
397,3,10,150,66,0.12905531436930254
398,3,10,150,66,0.12204637821038242
399,3,10,150,66,0.03397615640474109
400,3,10,150,66,0.0
401,3,10,150,66,0.0
402,3,10,150,66,0.469779625693621
403,3,10,150,66,0.0
404,3,10,150,66,0.0
405,3,10,150,66,0.2258093618293421
406,3,10,150,66,0.1428233347987388
407,3,10,150,66,0.07343764708220529
408,3,10,150,66,0.12083071655728543
409,3,10,150,66,0.15086419336317547
410,3,10,150,66,0.0
411,3,10,150,66,0.1128999930808451
412,3,10,150,66,0.0
413,3,10,150,66,0.10122860821230018
414,3,10,150,66,0.0
415,3,10,150,66,0.07605458145297357
416,3,10,150,66,0.32034543315860786
417,3,10,150,66,0.059516774286708825
418,3,10,150,66,0.07001560573318603
419,3,10,150,66,0.26168079122473237
420,3,10,150,66,0.0527075128660253
421,3,10,150,66,0.202729931306865
422,3,10,150,66,0.0
423,3,10,150,66,0.0
424,3,10,150,66,0.13291000263869587
425,3,10,150,66,0.0
426,3,10,150,66,0.10004388309532918
427,3,10,150,66,0.0
428,3,10,150,66,0.0
429,3,10,150,66,0.14452987378775137
430,3,10,150,66,0.062242588308449316
431,3,10,150,66,0.0
432,3,10,150,66,0.05253723007572906
433,3,10,150,66,0.0
434,3,10,150,66,0.25803884452092735
435,3,10,150,66,0.2258368312306299
436,3,10,150,66,0.09291494561763272
437,3,10,150,66,0.06322656079779612
438,3,10,150,66,0.0
439,3,10,150,66,0.0
440,3,10,150,66,0.10025741859697787
441,3,10,150,66,0.0
442,3,10,150,66,0.058478916078390675
443,3,10,150,66,0.056720838976548935
444,3,10,150,66,0.19519002499605084
445,3,10,150,66,0.0
446,3,10,150,66,0.0
447,3,10,150,66,0.09914294517496557
448,3,10,150,66,0.0
449,3,10,150,66,0.0
450,3,10,150,66,0.33934479887621344
451,3,10,150,66,0.0
452,3,10,150,66,0.048188247044562364
453,3,10,150,66,0.13392124957971085
454,3,10,150,66,0.0
455,3,10,150,66,0.2223859147540445
456,3,10,150,66,0.1752070195318094
457,3,10,150,66,0.399947903538929
458,3,10,150,66,0.12059750656999586
459,3,10,150,66,0.04901586605894737
460,3,10,150,66,0.0
461,3,10,150,66,0.10778915452451093
462,3,10,150,66,0.16728714615527887
463,3,10,150,66,0.1032589365938857
464,3,10,150,66,0.091470579054696
465,3,10,150,66,0.0733934381893728
466,3,10,150,66,0.0750834162528243
467,3,10,150,66,0.032842167909375275
468,3,10,150,66,0.4424763580282471
469,3,10,150,66,0.050924439617225085
470,3,10,150,66,0.040162930685297936
471,3,10,150,66,0.0
472,3,10,150,66,0.28463318778953667
473,3,10,150,66,0.08903377327702097
474,3,10,150,66,0.3637049366189969
475,3,10,150,66,0.0
476,3,10,150,66,0.12097589732794561
477,3,10,150,66,0.0
478,3,10,150,66,0.2059565668593519
479,3,10,150,66,0.07893633843817272
480,3,10,150,66,0.0881980292211471
481,3,10,150,66,0.05234104579082298
482,3,10,150,66,0.15905893746943514
483,3,10,150,66,0.06194403202282284
484,3,10,150,66,0.30830871788407543
485,3,10,150,66,0.0
486,3,10,150,66,0.06108300840136219
487,3,10,150,66,0.10690443249670865
488,3,10,150,66,0.05887472794707303
489,3,10,150,66,0.0
490,3,10,150,66,0.06490403551612171
491,3,10,150,66,0.17758207479178334
492,3,10,150,66,0.12925417913024104
493,3,10,150,66,0.2507881701135645
494,3,10,150,66,0.15581531016292202
495,3,10,150,66,0.13131177925673643
496,3,10,150,66,0.07271211160102074
497,3,10,150,66,0.07810188140590023
498,3,10,150,66,0.0343217267714905
499,3,10,150,66,0.16209170826928437
500,3,10,150,66,0.04698773570888995
501,3,10,150,66,0.0
502,3,10,150,66,0.03272632263321488
503,3,10,150,66,0.26389046315772724
504,3,10,150,66,0.09794337990609951
505,3,10,150,66,0.025255271126572616
506,3,10,150,66,0.15756205820817587
507,3,10,150,66,0.0
508,3,10,150,66,0.19188799772768309
509,3,10,150,66,0.0
510,3,10,150,66,0.17032928501352598
511,3,10,150,66,0.12155021559723776
512,3,10,150,66,0.0
513,3,10,150,66,0.05276490902632437
514,3,10,150,66,0.20837889906100868
515,3,10,150,66,0.0
516,3,10,150,66,0.07947838320659593
517,3,10,150,66,0.03859643636257609
518,3,10,150,66,0.05268083714989503
519,3,10,150,66,0.034560204819110964
520,3,10,150,66,0.0
521,3,10,150,66,0.07649261318048692
522,3,10,150,66,0.16542389351858164
523,3,10,150,66,0.1705239552439998
524,3,10,150,66,0.05727561432269423
525,3,10,150,66,0.06516045994396072
526,3,10,150,66,0.052528565413809895
527,3,10,150,66,0.21068702285875093
528,3,10,150,66,0.1255942414278791
529,3,10,150,66,0.03208343640786788
530,3,10,150,66,0.0
531,3,10,150,66,0.0
532,3,10,150,66,0.1922434350637695
533,3,10,150,66,0.137611370326434
534,3,10,150,66,0.10040759964046686
535,3,10,150,66,0.25224874540372827
536,3,10,150,66,0.16943073315280816
537,3,10,150,66,0.41864353683114475
538,3,10,150,66,0.09944592215223559
539,3,10,150,66,0.07086035994602148
540,3,10,150,66,0.0
541,3,10,150,66,0.0779170553370938
542,3,10,150,66,0.07173250396753712
543,3,10,150,66,0.0
544,3,10,150,66,0.0
545,3,10,150,66,0.1627301445786375
546,3,10,150,66,0.15021796010206573
547,3,10,150,66,0.04528995543568932
548,3,10,150,66,0.08556622378188056
549,3,10,150,66,0.10184659627402569
550,3,10,150,66,0.0845667599404342
551,3,10,150,66,0.27318956202742767
552,3,10,150,66,0.0
553,3,10,150,66,0.13528660262448355
554,3,10,150,66,0.0
555,3,10,150,66,0.037070343480771185
556,3,10,150,66,0.2848749592866812
557,3,10,150,66,0.044530079137671444
558,3,10,150,66,0.21398626473452756
559,3,10,150,66,0.07557866567222271
560,3,10,150,66,0.11942337490935596
561,3,10,150,66,0.07375876249909771
562,3,10,150,66,0.1501964202441757
563,3,10,150,66,0.10791970824616881
564,3,10,150,66,0.0
565,3,10,150,66,0.17360338152027138
566,3,10,150,66,0.11935234359120704
567,3,10,150,66,0.3074611602345109
568,3,10,150,66,0.07161318866452264
569,3,10,150,66,0.023835426911994775
570,3,10,150,66,0.0
571,3,10,150,66,0.0512644431393966
572,3,10,150,66,0.30260241349881345
573,3,10,150,66,0.0
574,3,10,150,66,0.0
575,3,10,150,66,0.13043262693172047
576,3,10,150,66,0.0
577,3,10,150,66,0.19112477211426193
578,3,10,150,66,0.0
579,3,10,150,66,0.06152644703210656
580,3,10,150,66,0.03144137376097698
581,3,10,150,66,0.0
582,3,10,150,66,0.06679511870650716
583,3,10,150,66,0.13912814892946682
584,3,10,150,66,0.20261715588288354
585,3,10,150,66,0.042225550968526857
586,3,10,150,66,0.06778908198760329
587,3,10,150,66,0.0
588,3,10,150,66,0.24511680693267512
589,3,10,150,66,0.06690610140251865
590,3,10,150,66,0.19997970715667693
591,3,10,150,66,0.08651464973019597
592,3,10,150,66,0.35611806301872045
593,3,10,150,66,0.13165741445679038
594,3,10,150,66,0.0
595,3,10,150,66,0.055965373307784824
596,3,10,150,66,0.09803928583135704
597,3,10,150,66,0.0
598,3,10,150,66,0.0
599,3,10,150,66,0.02506539947940475
600,3,10,150,66,0.13574631165894233
601,3,10,150,66,0.1353025537211632
602,3,10,150,66,0.041278922835426404
603,3,10,150,66,0.12541207695631323
604,3,10,150,66,0.0
605,3,10,150,66,0.19312966530172024
606,3,10,150,66,0.347666265116663
607,3,10,150,66,0.0308875359117713
608,3,10,150,66,0.21549641285614168
609,3,10,150,66,0.0
610,3,10,150,66,0.12186625680881258
611,3,10,150,66,0.19680646538945382
612,3,10,150,66,0.09162544430476362
613,3,10,150,66,0.1652462050665711
614,3,10,150,66,0.1467868763787456
615,3,10,150,66,0.1578637648166983
616,3,10,150,66,0.030480958763669998
617,3,10,150,66,0.038287076928437726
618,3,10,150,66,0.11859484883621127
619,3,10,150,66,0.14795344439858116
620,3,10,150,66,0.24239278329353608
621,3,10,150,66,0.10569072181389248
622,3,10,150,66,0.17742227805440455
623,3,10,150,66,0.04214302778527282
624,3,10,150,66,0.03202992305603544
625,3,10,150,66,0.06672272773479279
626,3,10,150,66,0.0
627,3,10,150,66,0.12071001956864047
628,3,10,150,66,0.0
629,3,10,150,66,0.28364213168183045
630,3,10,150,66,0.10834532177911152
631,3,10,150,66,0.13449792459172438
632,3,10,150,66,0.06934269739950429
633,3,10,150,66,0.050456115328747164
634,3,10,150,66,0.09692094009503625
635,3,10,150,66,0.0
636,3,10,150,66,0.3615974840572412
637,3,10,150,66,0.02898066279104336
638,3,10,150,66,0.05152901435389809
639,3,10,150,66,0.0
640,3,10,150,66,0.16254564442204458
641,3,10,150,66,0.051358492238643604
642,3,10,150,66,0.32031942594356094
643,3,10,150,66,0.24666215241235412
644,3,10,150,66,0.0
645,3,10,150,66,0.16338171596108064
646,3,10,150,66,0.11243817952384734
647,3,10,150,66,0.06590268968688952
648,3,10,150,66,0.26824156676100935
649,3,10,150,66,0.04336490181597879
650,3,10,150,66,0.1076323514897098
651,3,10,150,66,0.0
652,3,10,150,66,0.0
653,3,10,150,66,0.1214575956583791
654,3,10,150,66,0.05740590598341961
655,3,10,150,66,0.4665224907856307
656,3,10,150,66,0.0
657,3,10,150,66,0.2504953915210566
658,3,10,150,66,0.09988783377897062
659,3,10,150,66,0.11386042010145589
660,3,10,150,66,0.011347044209970528
661,3,10,150,66,0.21396342200866308
662,3,10,150,66,0.0
663,3,10,150,66,0.1250707809701198
664,3,10,150,66,0.26612156791686586
665,3,10,150,66,0.0644343908175174
666,3,10,150,66,0.12244453244969744
667,3,10,150,66,0.1487205698875683
668,3,10,150,66,0.0
669,3,10,150,66,0.2287469684999221
670,3,10,150,66,0.0
671,3,10,150,66,0.20598773756155325
672,3,10,150,66,0.07973520350569015
673,3,10,150,66,0.03236977394070781
674,3,10,150,66,0.0
675,3,10,150,66,0.0382580635535654
676,3,10,150,66,0.22358931366364498
677,3,10,150,66,0.10158983531347915
678,3,10,150,66,0.0
679,3,10,150,66,0.16417658872889113
680,3,10,150,66,0.0
681,3,10,150,66,0.0
682,3,10,150,66,0.263541629249663
683,3,10,150,66,0.045215225629604006
684,3,10,150,66,0.03158850394477252
685,3,10,150,66,0.20373936192022438
686,3,10,150,66,0.15669346910555695
687,3,10,150,66,0.0
688,3,10,150,66,0.0
689,3,10,150,66,0.40191678174210904
690,3,10,150,66,0.24802939400095458
691,3,10,150,66,0.6023709850354425
692,3,10,150,66,0.03353522641880846
693,3,10,150,66,0.04711181933747839
694,3,10,150,66,0.20836082790808494
695,3,10,150,66,0.05816383356143395
696,3,10,150,66,0.08111636357522063
697,3,10,150,66,0.08316188759665785
698,3,10,150,66,0.0
699,3,10,150,66,0.053138791070515445
700,3,10,150,66,0.0
701,3,10,150,66,0.0906790485156717
702,3,10,150,66,0.0
703,3,10,150,66,0.21888235022994418
704,3,10,150,66,0.19986259407697265
705,3,10,150,66,0.2598949629128916
706,3,10,150,66,0.0
707,3,10,150,66,0.269366168691041
708,3,10,150,66,0.03476299583640518
709,3,10,150,66,0.15396797127961612
710,3,10,150,66,0.25040922491354684
711,3,10,150,66,0.2167429901140763
712,3,10,150,66,0.07316107178718771
713,3,10,150,66,0.0
714,3,10,150,66,0.1266607864485773
715,3,10,150,66,0.16860516623933322
716,3,10,150,66,0.27901941298764626
717,3,10,150,66,0.11878394043306446
718,3,10,150,66,0.0
719,3,10,150,66,0.10353175087921149
720,3,10,150,66,0.0
721,3,10,150,66,0.11127296302403536
722,3,10,150,66,0.07401896317743158
723,3,10,150,66,0.0
724,3,10,150,66,0.0
725,3,10,150,66,0.04733244938590725
726,3,10,150,66,0.061080020762274374
727,3,10,150,66,0.08240777880074407
728,3,10,150,66,0.0
729,3,10,150,66,0.046534861017850544
730,3,10,150,66,0.0
731,3,10,150,66,0.1935015812983906
732,3,10,150,66,0.05717828980196049
733,3,10,150,66,0.020730875129846955
734,3,10,150,66,0.08131766139183766
735,3,10,150,66,0.08151055815578559
736,3,10,150,66,0.047009109882897075
737,3,10,150,66,0.12127716502890909
738,3,10,150,66,0.09907057054543131
739,3,10,150,66,0.18767092572990207
740,3,10,150,66,0.0523780734795101
741,3,10,150,66,0.0787396033907249
742,3,10,150,66,0.0527075128660253
743,3,10,150,66,0.1194783875505714
744,3,10,150,66,0.0
745,3,10,150,66,0.06774344219296054
746,3,10,150,66,0.24124954544361757
747,3,10,150,66,0.21854542955121373
748,3,10,150,66,0.04132344798443041
749,3,10,150,66,0.310913199645664
750,3,10,150,66,0.18000575664763457
751,3,10,150,66,0.05059789125164855
752,3,10,150,66,0.08155432360208091
753,3,10,150,66,0.04072612696308379
754,3,10,150,66,0.0
755,3,10,150,66,0.0
756,3,10,150,66,0.044143057780823704
757,3,10,150,66,0.12198274324065347
758,3,10,150,66,0.2482785004950926
759,3,10,150,66,0.0
760,3,10,150,66,0.16006374561654185
761,3,10,150,66,0.17663858756688974
762,3,10,150,66,0.0
763,3,10,150,66,0.10697348874072295
764,3,10,150,66,0.04710969775183564
765,3,10,150,66,0.0966785411876802
766,3,10,150,66,0.035191004809260996
767,3,10,150,66,0.1269544353559099
768,3,10,150,66,0.09997171219938322
769,3,10,150,66,0.0
770,3,10,150,66,0.18348359547343202
771,3,10,150,66,0.07363642524234874
772,3,10,150,66,0.038996699933076286
773,3,10,150,66,0.15659560794124947
774,3,10,150,66,0.0
775,3,10,150,66,0.0
776,3,10,150,66,0.04721006604760436
777,3,10,150,66,0.0
778,3,10,150,66,0.08961728720334347
779,3,10,150,66,0.0
780,3,10,150,66,0.1478701604202007
781,3,10,150,66,0.12572447169101508
782,3,10,150,66,0.0
783,3,10,150,66,0.07763399617214947
784,3,10,150,66,0.04582425041433568
785,3,10,150,66,0.2848262604068979
786,3,10,150,66,0.13901223847985233
787,3,10,150,66,0.0
788,3,10,150,66,0.046626370288649896
789,3,10,150,66,0.14531023848228133
790,3,10,150,66,0.07123716589548494
791,3,10,150,66,0.059480024314918285
792,3,10,150,66,0.0946587791577201
793,3,10,150,66,0.11843263243420837
794,3,10,150,66,0.1578863001786244
795,3,10,150,66,0.06886690743551852
796,3,10,150,66,0.08939312682583385
797,3,10,150,66,0.13905617951077562
798,3,10,150,66,0.013788754828346865
799,3,10,150,66,0.2836929289153804
800,3,10,150,66,0.0
801,3,10,150,66,0.0
802,3,10,150,66,0.05621908976192367
803,3,10,150,66,0.0
804,3,10,150,66,0.21873088297192328
805,3,10,150,66,0.1350066983480993
806,3,10,150,66,0.10606704841588428
807,3,10,150,66,0.18716126069796726
808,3,10,150,66,0.0
809,3,10,150,66,0.0
810,3,10,150,66,0.0
811,3,10,150,66,0.1162989546852336
812,3,10,150,66,0.11600766930798434
813,3,10,150,66,0.06916902856231065
814,3,10,150,66,0.054181637470214
815,3,10,150,66,0.10380674919178415
816,3,10,150,66,0.10105367325027378
817,3,10,150,66,0.0
818,3,10,150,66,0.05187864210776578
819,3,10,150,66,0.0
820,3,10,150,66,0.12262943855309168
821,3,10,150,66,0.053168340515114924
822,3,10,150,66,0.0
823,3,10,150,66,0.14011732711290795
824,3,10,150,66,0.0
825,3,10,150,66,0.16434089815347858
826,3,10,150,66,0.1104586032397152
827,3,10,150,66,0.0
828,3,10,150,66,0.0
829,3,10,150,66,0.08143169212679746
830,3,10,150,66,0.13003750163762204
831,3,10,150,66,0.0800524392169327
832,3,10,150,66,0.0
833,3,10,150,66,0.05828935682373833
834,3,10,150,66,0.0
835,3,10,150,66,0.131093662595089
836,3,10,150,66,0.05097554749895306
837,3,10,150,66,0.05351287869030783
838,3,10,150,66,0.08633629724227374
839,3,10,150,66,0.0
840,3,10,150,66,0.1518245759629103
841,3,10,150,66,0.0
842,3,10,150,66,0.0
843,3,10,150,66,0.04209275315645388
844,3,10,150,66,0.0
845,3,10,150,66,0.06531065216760332
846,3,10,150,66,0.13363919278051073
847,3,10,150,66,0.0
848,3,10,150,66,0.03618657486793958
849,3,10,150,66,0.0
850,3,10,150,66,0.06228974831361337
851,3,10,150,66,0.2277008805972924
852,3,10,150,66,0.07256783117062009
853,3,10,150,66,0.0
854,3,10,150,66,0.0
855,3,10,150,66,0.0
856,3,10,150,66,0.0
857,3,10,150,66,0.0
858,3,10,150,66,0.0
859,3,10,150,66,0.0
860,3,10,150,66,0.0
861,3,10,150,66,0.12754356661958802
862,3,10,150,66,0.1014543205029727
863,3,10,150,66,0.0
864,3,10,150,66,0.19756506460263396
865,3,10,150,66,0.0
866,3,10,150,66,0.0
867,3,10,150,66,0.18752183128814004
868,3,10,150,66,0.0
870,3,10,150,66,0.0
871,3,10,150,66,0.0
872,3,10,150,66,0.0
875,3,10,150,66,0.1395953738647505
876,3,10,150,66,0.0
877,3,10,150,66,0.0
1,3,10,150,67,0.6247579375131872
2,3,10,150,67,0.10688238502350729
3,3,10,150,67,0.0
4,3,10,150,67,0.0
5,3,10,150,67,0.0819283960923954
6,3,10,150,67,0.05340978172012693
7,3,10,150,67,0.15912203234939234
8,3,10,150,67,0.10095977925103237
9,3,10,150,67,0.0
10,3,10,150,67,0.16409920264511527
11,3,10,150,67,0.049016076581777215
12,3,10,150,67,0.04822019817866397
13,3,10,150,67,0.22088151329522837
14,3,10,150,67,0.10183115736271536
15,3,10,150,67,0.0
16,3,10,150,67,0.18892081181710518
17,3,10,150,67,0.12066394366711926
18,3,10,150,67,0.18606782959057458
19,3,10,150,67,0.0
20,3,10,150,67,0.14530105135237878
21,3,10,150,67,0.05824963961462511
22,3,10,150,67,0.1468275080577048
23,3,10,150,67,0.18360000301566626
24,3,10,150,67,0.311062094929455
25,3,10,150,67,0.0
26,3,10,150,67,0.030421795212869307
28,3,10,150,67,0.0
29,3,10,150,67,0.0
30,3,10,150,67,0.0979129253499678
31,3,10,150,67,0.06076546216996844
32,3,10,150,67,0.0
33,3,10,150,67,0.0
34,3,10,150,67,0.0
35,3,10,150,67,0.07108348368841133
37,3,10,150,67,0.08836851842055818
38,3,10,150,67,0.03215366848272267
39,3,10,150,67,0.0
40,3,10,150,67,0.03963175841995263
41,3,10,150,67,0.0
42,3,10,150,67,0.14144963799422255
43,3,10,150,67,0.268915965453296
44,3,10,150,67,0.07698159974258616
45,3,10,150,67,0.04505000432618384
46,3,10,150,67,0.2524329124868603
47,3,10,150,67,0.0
48,3,10,150,67,0.14225564083314088
49,3,10,150,67,0.08545966314334597
50,3,10,150,67,0.0
51,3,10,150,67,0.18953836965473142
52,3,10,150,67,0.04892579731758021
53,3,10,150,67,0.09546043308946733
54,3,10,150,67,0.07984133538066794
55,3,10,150,67,0.0
56,3,10,150,67,0.03975645576081676
57,3,10,150,67,0.03861141423677389
58,3,10,150,67,0.10796876451088402
59,3,10,150,67,0.1825401339226324
60,3,10,150,67,0.12123807080432077
61,3,10,150,67,0.0
62,3,10,150,67,0.03806940785769845
63,3,10,150,67,0.03554915059547175
64,3,10,150,67,0.0
65,3,10,150,67,0.2994759515353249
66,3,10,150,67,0.0
67,3,10,150,67,0.0
68,3,10,150,67,0.0
69,3,10,150,67,0.14840975300312728
70,3,10,150,67,0.0
71,3,10,150,67,0.07955752067133452
72,3,10,150,67,0.16084022171949366
73,3,10,150,67,0.051960280791503534
74,3,10,150,67,0.0
75,3,10,150,67,0.11731968150568911
76,3,10,150,67,0.14804398249667974
77,3,10,150,67,0.45287742747371695
78,3,10,150,67,0.0
79,3,10,150,67,0.0
80,3,10,150,67,0.08297572808511901
81,3,10,150,67,0.0
82,3,10,150,67,0.08926877557705373
83,3,10,150,67,0.04630610387058298
84,3,10,150,67,0.0
85,3,10,150,67,0.06966660916502733
86,3,10,150,67,0.07738888769495082
87,3,10,150,67,0.10058161863664324
88,3,10,150,67,0.0
89,3,10,150,67,0.22860031301980846
90,3,10,150,67,0.2386569480666451
91,3,10,150,67,0.13114221140465185
92,3,10,150,67,0.03690254550997565
93,3,10,150,67,0.0
94,3,10,150,67,0.1785123466504993
95,3,10,150,67,0.061836172422412086
96,3,10,150,67,0.19186450284072096
97,3,10,150,67,0.1324047882275468
98,3,10,150,67,0.08878770367712427
99,3,10,150,67,0.029785542524894418
100,3,10,150,67,0.0892789338684584
101,3,10,150,67,0.0
102,3,10,150,67,0.026001814664123827
103,3,10,150,67,0.07673373981757839
104,3,10,150,67,0.12171451575741458
106,3,10,150,67,0.05261577455142312
107,3,10,150,67,0.0
108,3,10,150,67,0.0
109,3,10,150,67,0.11259960483764554
110,3,10,150,67,0.06422488523189442
111,3,10,150,67,0.0
112,3,10,150,67,0.06510475888148554
113,3,10,150,67,0.05449144662575446
114,3,10,150,67,0.07610811271330754
115,3,10,150,67,0.046806851959664796
116,3,10,150,67,0.07814915695077672
117,3,10,150,67,0.10135360124281675
118,3,10,150,67,0.0
119,3,10,150,67,0.06127983274634642
121,3,10,150,67,0.06245141164382474
122,3,10,150,67,0.07625852881342107
123,3,10,150,67,0.46927872602275644
124,3,10,150,67,0.10889376106823218
125,3,10,150,67,0.15602345563935235
126,3,10,150,67,0.0
127,3,10,150,67,0.0
128,3,10,150,67,0.047777554739453616
129,3,10,150,67,0.0
130,3,10,150,67,0.11207058154636457
131,3,10,150,67,0.2803335894048546
132,3,10,150,67,0.1431991570830273
133,3,10,150,67,0.0
134,3,10,150,67,0.0
135,3,10,150,67,0.0
136,3,10,150,67,0.40257390286801836
137,3,10,150,67,0.0
138,3,10,150,67,0.21222747957761057
139,3,10,150,67,0.0
140,3,10,150,67,0.0
141,3,10,150,67,0.17799763794582682
142,3,10,150,67,0.30260241349881345
143,3,10,150,67,0.0
144,3,10,150,67,0.2143720535700613
145,3,10,150,67,0.06384607724228114
146,3,10,150,67,0.0
147,3,10,150,67,0.07610811271330754
148,3,10,150,67,0.10419221525731585
149,3,10,150,67,0.05446824630887794
150,3,10,150,67,0.0
151,3,10,150,67,0.1467394379667669
152,3,10,150,67,0.026230448379684728
153,3,10,150,67,0.06516188295518531
154,3,10,150,67,0.055100238151135045
155,3,10,150,67,0.0
156,3,10,150,67,0.07028063830038406
157,3,10,150,67,0.05840183867278569
158,3,10,150,67,0.07413972351842125
159,3,10,150,67,0.11026617795298452
160,3,10,150,67,0.060934076158944916
161,3,10,150,67,0.0
162,3,10,150,67,0.0
163,3,10,150,67,0.0
164,3,10,150,67,0.0
165,3,10,150,67,0.09149012142095872
166,3,10,150,67,0.0
167,3,10,150,67,0.03395822402998728
168,3,10,150,67,0.0
169,3,10,150,67,0.055427457405235275
170,3,10,150,67,0.0
171,3,10,150,67,0.0
172,3,10,150,67,0.0
173,3,10,150,67,0.0
174,3,10,150,67,0.07752093421921306
175,3,10,150,67,0.4413254197204702
176,3,10,150,67,0.0347693136731627
177,3,10,150,67,0.0
178,3,10,150,67,0.18053947820976404
179,3,10,150,67,0.06599888514927177
180,3,10,150,67,0.0
181,3,10,150,67,0.04622579729077891
182,3,10,150,67,0.13120507751234178
183,3,10,150,67,0.0
184,3,10,150,67,0.0
185,3,10,150,67,0.0
186,3,10,150,67,0.0
187,3,10,150,67,0.2004102107997965
188,3,10,150,67,0.026527518023781966
189,3,10,150,67,0.22982757951573698
190,3,10,150,67,0.0
191,3,10,150,67,0.07335312372354855
192,3,10,150,67,0.0
193,3,10,150,67,0.0
194,3,10,150,67,0.0860257611411915
195,3,10,150,67,0.10257737475069033
196,3,10,150,67,0.17342765698823945
197,3,10,150,67,0.07304192939088519
198,3,10,150,67,0.10387325901274824
199,3,10,150,67,0.052106753859569234
200,3,10,150,67,0.0971420957831845
201,3,10,150,67,0.2118684787166408
202,3,10,150,67,0.0
203,3,10,150,67,0.0
204,3,10,150,67,0.0
205,3,10,150,67,0.11600766930798434
206,3,10,150,67,0.0
207,3,10,150,67,0.09348211243887757
208,3,10,150,67,0.0
209,3,10,150,67,0.070675417981692
210,3,10,150,67,0.0
211,3,10,150,67,0.0
212,3,10,150,67,0.0559167101555819
213,3,10,150,67,0.08985507164305877
214,3,10,150,67,0.1257260924843343
215,3,10,150,67,0.157288596461893
216,3,10,150,67,0.27735230728218535
217,3,10,150,67,0.13000004444613666
218,3,10,150,67,0.06323567569191428
219,3,10,150,67,0.0
220,3,10,150,67,0.07807600999842033
221,3,10,150,67,0.12213234467515617
222,3,10,150,67,0.1483732210811898
223,3,10,150,67,0.039270700903099615
224,3,10,150,67,0.0
225,3,10,150,67,0.09311209812195972
226,3,10,150,67,0.0
227,3,10,150,67,0.0
229,3,10,150,67,0.0
230,3,10,150,67,0.1697995249867118
231,3,10,150,67,0.0
232,3,10,150,67,0.0
233,3,10,150,67,0.20123780419810608
234,3,10,150,67,0.1679722167880362
235,3,10,150,67,0.08312042273022706
236,3,10,150,67,0.12127042983235181
237,3,10,150,67,0.04776398023609584
238,3,10,150,67,0.0
239,3,10,150,67,0.12691627784085696
240,3,10,150,67,0.10235170428306553
241,3,10,150,67,0.1381300260171807
242,3,10,150,67,0.0
243,3,10,150,67,0.0
244,3,10,150,67,0.15017336350566032
245,3,10,150,67,0.0
246,3,10,150,67,0.08356426880363813
247,3,10,150,67,0.15642624200758548
248,3,10,150,67,0.23451355966072135
249,3,10,150,67,0.3296200475575061
250,3,10,150,67,0.07806699296748765
251,3,10,150,67,0.0
252,3,10,150,67,0.0
253,3,10,150,67,0.0
254,3,10,150,67,0.036502603141236205
255,3,10,150,67,0.10933464083642679
256,3,10,150,67,0.04856627791226961
257,3,10,150,67,0.12830873359117523
258,3,10,150,67,0.0
259,3,10,150,67,0.0
260,3,10,150,67,0.0
261,3,10,150,67,0.0
262,3,10,150,67,0.0
263,3,10,150,67,0.32837769821077345
264,3,10,150,67,0.35681377696685707
265,3,10,150,67,0.19802572813668026
266,3,10,150,67,0.0
267,3,10,150,67,0.21076490690365068
268,3,10,150,67,0.10827784002385153
269,3,10,150,67,0.040019695500760184
270,3,10,150,67,0.049915567102790354
271,3,10,150,67,0.10729393508609222
272,3,10,150,67,0.10457492829503848
273,3,10,150,67,0.0
274,3,10,150,67,0.0
275,3,10,150,67,0.0
276,3,10,150,67,0.1905729609851925
277,3,10,150,67,0.0
278,3,10,150,67,0.0
279,3,10,150,67,0.11910385967976722
280,3,10,150,67,0.07316593591075989
281,3,10,150,67,0.0
282,3,10,150,67,0.09659953929285248
283,3,10,150,67,0.0
284,3,10,150,67,0.0
285,3,10,150,67,0.0
286,3,10,150,67,0.016140534521312585
287,3,10,150,67,0.0
288,3,10,150,67,0.13999259891013252
289,3,10,150,67,0.0
290,3,10,150,67,0.09647783930421741
291,3,10,150,67,0.17775326828407884
292,3,10,150,67,0.27665227928348557
293,3,10,150,67,0.05237460217421804
294,3,10,150,67,0.09628038570550856
295,3,10,150,67,0.14073295606443062
296,3,10,150,67,0.1313923743616208
297,3,10,150,67,0.030868393892711742
298,3,10,150,67,0.13814728270261697
299,3,10,150,67,0.06251231174305825
300,3,10,150,67,0.0
301,3,10,150,67,0.1296575124303738
302,3,10,150,67,0.07335312372354855
303,3,10,150,67,0.181646735376151
304,3,10,150,67,0.0
305,3,10,150,67,0.05428021340641747
306,3,10,150,67,0.0
307,3,10,150,67,0.13128644747266613
308,3,10,150,67,0.04491835474236992
309,3,10,150,67,0.0
310,3,10,150,67,0.2890648263178879
311,3,10,150,67,0.17512035582237062
312,3,10,150,67,0.16963857451199318
313,3,10,150,67,0.09586943528179451
314,3,10,150,67,0.10507089418815024
315,3,10,150,67,0.09785159463516042
316,3,10,150,67,0.06076546216996844
317,3,10,150,67,0.0
318,3,10,150,67,0.07377376675297492
319,3,10,150,67,0.0
320,3,10,150,67,0.08947300054212491
321,3,10,150,67,0.08223795175588802
322,3,10,150,67,0.07955752067133452
323,3,10,150,67,0.12229181918924699
324,3,10,150,67,0.0
325,3,10,150,67,0.0
326,3,10,150,67,0.10817904857938596
327,3,10,150,67,0.0
328,3,10,150,67,0.1253761246808089
329,3,10,150,67,0.056720838976548935
330,3,10,150,67,0.3028509129070748
331,3,10,150,67,0.0
332,3,10,150,67,0.09937017023483655
333,3,10,150,67,0.0
334,3,10,150,67,0.11273548330803308
335,3,10,150,67,0.0
336,3,10,150,67,0.0
337,3,10,150,67,0.16908993508344605
338,3,10,150,67,0.08388555279643939
339,3,10,150,67,0.1856477756884163
340,3,10,150,67,0.12647135138382856
341,3,10,150,67,0.0
342,3,10,150,67,0.13675104634933952
343,3,10,150,67,0.35449693766486445
344,3,10,150,67,0.13804010954782428
345,3,10,150,67,0.1302817386077542
346,3,10,150,67,0.1264086027263655
347,3,10,150,67,0.09642724089192412
348,3,10,150,67,0.0
349,3,10,150,67,0.07123530534387781
350,3,10,150,67,0.2314071217459096
351,3,10,150,67,0.0
352,3,10,150,67,0.16282653392890226
353,3,10,150,67,0.09489642549953911
354,3,10,150,67,0.033699515540238464
355,3,10,150,67,0.05122871476979503
356,3,10,150,67,0.0
357,3,10,150,67,0.0
358,3,10,150,67,0.26730206653594746
359,3,10,150,67,0.14341929980357182
360,3,10,150,67,0.13132846997338612
361,3,10,150,67,0.0
362,3,10,150,67,0.0
363,3,10,150,67,0.1867805234163032
364,3,10,150,67,0.0
365,3,10,150,67,0.0989084497079971
366,3,10,150,67,0.10684080426179023
367,3,10,150,67,0.1410054764628891
368,3,10,150,67,0.0
369,3,10,150,67,0.0
370,3,10,150,67,0.045683428159663184
371,3,10,150,67,0.174231549865924
372,3,10,150,67,0.13528214995015655
373,3,10,150,67,0.18128610071101886
374,3,10,150,67,0.1523273086076386
375,3,10,150,67,0.0
376,3,10,150,67,0.0
377,3,10,150,67,0.053168340515114924
378,3,10,150,67,0.05491569414998105
379,3,10,150,67,0.16693258363041708
380,3,10,150,67,0.0
381,3,10,150,67,0.08294243278442993
382,3,10,150,67,0.13500098315004241
383,3,10,150,67,0.03539807129574854
384,3,10,150,67,0.08759200575528697
385,3,10,150,67,0.1546778125427113
386,3,10,150,67,0.0
387,3,10,150,67,0.03814967334348895
388,3,10,150,67,0.029785542524894418
389,3,10,150,67,0.13183633031089573
390,3,10,150,67,0.21398626473452756
391,3,10,150,67,0.298074760835303
392,3,10,150,67,0.08604779973730994
393,3,10,150,67,0.1677377648112129
394,3,10,150,67,0.12900206501129066
395,3,10,150,67,0.1251254625271609
396,3,10,150,67,0.0
397,3,10,150,67,0.12905531436930254
398,3,10,150,67,0.12204637821038242
399,3,10,150,67,0.044608565600894774
400,3,10,150,67,0.0
401,3,10,150,67,0.0
402,3,10,150,67,0.469779625693621
403,3,10,150,67,0.0
404,3,10,150,67,0.0
405,3,10,150,67,0.22345854211687474
406,3,10,150,67,0.1428233347987388
407,3,10,150,67,0.07343764708220529
408,3,10,150,67,0.12083071655728543
409,3,10,150,67,0.15086419336317547
410,3,10,150,67,0.0
411,3,10,150,67,0.1128999930808451
412,3,10,150,67,0.0
413,3,10,150,67,0.10122860821230018
414,3,10,150,67,0.0
415,3,10,150,67,0.07605458145297357
416,3,10,150,67,0.31701043255027483
417,3,10,150,67,0.0588971666447484
418,3,10,150,67,0.07001560573318603
419,3,10,150,67,0.26168079122473237
420,3,10,150,67,0.0527075128660253
421,3,10,150,67,0.202729931306865
422,3,10,150,67,0.0
423,3,10,150,67,0.0
424,3,10,150,67,0.13291000263869587
425,3,10,150,67,0.0
426,3,10,150,67,0.10004388309532918
427,3,10,150,67,0.0
428,3,10,150,67,0.0
429,3,10,150,67,0.14302522547030275
430,3,10,150,67,0.062242588308449316
431,3,10,150,67,0.0
432,3,10,150,67,0.05253723007572906
433,3,10,150,67,0.0
434,3,10,150,67,0.25803884452092735
435,3,10,150,67,0.22348572554414659
436,3,10,150,67,0.09291494561763272
437,3,10,150,67,0.06322656079779612
438,3,10,150,67,0.0
439,3,10,150,67,0.0
440,3,10,150,67,0.10025741859697787
441,3,10,150,67,0.0
442,3,10,150,67,0.058478916078390675
443,3,10,150,67,0.056720838976548935
444,3,10,150,67,0.19519002499605084
445,3,10,150,67,0.0
446,3,10,150,67,0.0
447,3,10,150,67,0.09914294517496557
448,3,10,150,67,0.0
449,3,10,150,67,0.0
450,3,10,150,67,0.3358120027332246
451,3,10,150,67,0.0
452,3,10,150,67,0.048188247044562364
453,3,10,150,67,0.13392124957971085
454,3,10,150,67,0.0
455,3,10,150,67,0.2223859147540445
456,3,10,150,67,0.18931496347604157
457,3,10,150,67,0.3957841903607753
458,3,10,150,67,0.12059750656999586
459,3,10,150,67,0.04901586605894737
460,3,10,150,67,0.0
461,3,10,150,67,0.10778915452451093
462,3,10,150,67,0.16728714615527887
463,3,10,150,67,0.1032589365938857
464,3,10,150,67,0.091470579054696
465,3,10,150,67,0.0733934381893728
466,3,10,150,67,0.0750834162528243
467,3,10,150,67,0.032842167909375275
468,3,10,150,67,0.4424763580282471
469,3,10,150,67,0.050924439617225085
470,3,10,150,67,0.040162930685297936
471,3,10,150,67,0.0
472,3,10,150,67,0.2816699744698703
473,3,10,150,67,0.08903377327702097
474,3,10,150,67,0.35991853587989997
475,3,10,150,67,0.0
476,3,10,150,67,0.12097589732794561
477,3,10,150,67,0.0
478,3,10,150,67,0.2059565668593519
479,3,10,150,67,0.07893633843817272
480,3,10,150,67,0.0881980292211471
481,3,10,150,67,0.05234104579082298
482,3,10,150,67,0.15905893746943514
483,3,10,150,67,0.06194403202282284
484,3,10,150,67,0.30830871788407543
485,3,10,150,67,0.0
486,3,10,150,67,0.06108300840136219
487,3,10,150,67,0.10579148905969858
488,3,10,150,67,0.05887472794707303
489,3,10,150,67,0.0
490,3,10,150,67,0.06490403551612171
491,3,10,150,67,0.17758207479178334
492,3,10,150,67,0.12925417913024104
493,3,10,150,67,0.2507881701135645
494,3,10,150,67,0.15581531016292202
495,3,10,150,67,0.13131177925673643
496,3,10,150,67,0.07271211160102074
497,3,10,150,67,0.07810188140590023
498,3,10,150,67,0.0343217267714905
499,3,10,150,67,0.16209170826928437
500,3,10,150,67,0.04698773570888995
501,3,10,150,67,0.0
502,3,10,150,67,0.03272632263321488
503,3,10,150,67,0.26389046315772724
504,3,10,150,67,0.09794337990609951
505,3,10,150,67,0.025255271126572616
506,3,10,150,67,0.15592173652544314
507,3,10,150,67,0.0
508,3,10,150,67,0.19188799772768309
509,3,10,150,67,0.0
510,3,10,150,67,0.17032928501352598
511,3,10,150,67,0.12155021559723776
512,3,10,150,67,0.0
513,3,10,150,67,0.05276490902632437
514,3,10,150,67,0.20620954160121882
515,3,10,150,67,0.0
516,3,10,150,67,0.07947838320659593
517,3,10,150,67,0.03859643636257609
518,3,10,150,67,0.05268083714989503
519,3,10,150,67,0.034560204819110964
520,3,10,150,67,0.0
521,3,10,150,67,0.07649261318048692
522,3,10,150,67,0.16542389351858164
523,3,10,150,67,0.1705239552439998
524,3,10,150,67,0.056679338587699565
525,3,10,150,67,0.06516045994396072
526,3,10,150,67,0.052528565413809895
527,3,10,150,67,0.21068702285875093
528,3,10,150,67,0.1255942414278791
529,3,10,150,67,0.03208343640786788
530,3,10,150,67,0.0
531,3,10,150,67,0.0
532,3,10,150,67,0.20065269693114113
533,3,10,150,67,0.13617874804982744
534,3,10,150,67,0.10040759964046686
535,3,10,150,67,0.25224874540372827
536,3,10,150,67,0.16943073315280816
537,3,10,150,67,0.42469582900590636
538,3,10,150,67,0.09944592215223559
539,3,10,150,67,0.07086035994602148
540,3,10,150,67,0.0
541,3,10,150,67,0.0779170553370938
542,3,10,150,67,0.07173250396753712
543,3,10,150,67,0.0
544,3,10,150,67,0.0
545,3,10,150,67,0.1627301445786375
546,3,10,150,67,0.15021796010206573
547,3,10,150,67,0.04528995543568932
548,3,10,150,67,0.08556622378188056
549,3,10,150,67,0.10184659627402569
550,3,10,150,67,0.0845667599404342
551,3,10,150,67,0.27034548416257914
552,3,10,150,67,0.0
553,3,10,150,67,0.13528660262448355
554,3,10,150,67,0.0
555,3,10,150,67,0.037070343480771185
556,3,10,150,67,0.2848749592866812
557,3,10,150,67,0.044530079137671444
558,3,10,150,67,0.21398626473452756
559,3,10,150,67,0.09577994284216261
560,3,10,150,67,0.11942337490935596
561,3,10,150,67,0.072990886661509
562,3,10,150,67,0.1501964202441757
563,3,10,150,67,0.10791970824616881
564,3,10,150,67,0.0
565,3,10,150,67,0.2016297075493207
566,3,10,150,67,0.11935234359120704
567,3,10,150,67,0.3074611602345109
568,3,10,150,67,0.07161318866452264
569,3,10,150,67,0.023835426911994775
570,3,10,150,67,0.0
571,3,10,150,67,0.0512644431393966
572,3,10,150,67,0.30260241349881345
573,3,10,150,67,0.0
574,3,10,150,67,0.0
575,3,10,150,67,0.13043262693172047
576,3,10,150,67,0.0
577,3,10,150,67,0.19112477211426193
578,3,10,150,67,0.0
579,3,10,150,67,0.06152644703210656
580,3,10,150,67,0.03144137376097698
581,3,10,150,67,0.0
582,3,10,150,67,0.06679511870650716
583,3,10,150,67,0.13912814892946682
584,3,10,150,67,0.20261715588288354
585,3,10,150,67,0.042225550968526857
586,3,10,150,67,0.06708335433780388
587,3,10,150,67,0.0
588,3,10,150,67,0.25297562322132017
589,3,10,150,67,0.06690610140251865
590,3,10,150,67,0.19997970715667693
591,3,10,150,67,0.08651464973019597
592,3,10,150,67,0.352410646480593
593,3,10,150,67,0.13165741445679038
594,3,10,150,67,0.0
595,3,10,150,67,0.055965373307784824
596,3,10,150,67,0.09803928583135704
597,3,10,150,67,0.0
598,3,10,150,67,0.0
599,3,10,150,67,0.02506539947940475
600,3,10,150,67,0.13574631165894233
601,3,10,150,67,0.1353025537211632
602,3,10,150,67,0.041278922835426404
603,3,10,150,67,0.12541207695631323
604,3,10,150,67,0.0
605,3,10,150,67,0.19312966530172024
606,3,10,150,67,0.34404683719403395
607,3,10,150,67,0.0308875359117713
608,3,10,150,67,0.2132529575307992
609,3,10,150,67,0.0
610,3,10,150,67,0.12186625680881258
611,3,10,150,67,0.19680646538945382
612,3,10,150,67,0.09162544430476362
613,3,10,150,67,0.1652462050665711
614,3,10,150,67,0.1467868763787456
615,3,10,150,67,0.1578637648166983
616,3,10,150,67,0.030480958763669998
617,3,10,150,67,0.038287076928437726
618,3,10,150,67,0.11736020069681324
619,3,10,150,67,0.14795344439858116
620,3,10,150,67,0.24239278329353608
621,3,10,150,67,0.10569072181389248
622,3,10,150,67,0.17557519879558986
623,3,10,150,67,0.04214302778527282
624,3,10,150,67,0.03202992305603544
625,3,10,150,67,0.06672272773479279
626,3,10,150,67,0.0
627,3,10,150,67,0.11945335115066433
628,3,10,150,67,0.0
629,3,10,150,67,0.28364213168183045
630,3,10,150,67,0.10834532177911152
631,3,10,150,67,0.13449792459172438
632,3,10,150,67,0.06934269739950429
633,3,10,150,67,0.050456115328747164
634,3,10,150,67,0.09692094009503625
635,3,10,150,67,0.0
636,3,10,150,67,0.3615974840572412
637,3,10,150,67,0.02898066279104336
638,3,10,150,67,0.05152901435389809
639,3,10,150,67,0.0
640,3,10,150,67,0.16254564442204458
641,3,10,150,67,0.051358492238643604
642,3,10,150,67,0.31698469608695096
643,3,10,150,67,0.24409424182834197
644,3,10,150,67,0.0
645,3,10,150,67,0.16338171596108064
646,3,10,150,67,0.11243817952384734
647,3,10,150,67,0.06590268968688952
648,3,10,150,67,0.26544900068785654
649,3,10,150,67,0.04336490181597879
650,3,10,150,67,0.10651182995095955
651,3,10,150,67,0.0
652,3,10,150,67,0.0
653,3,10,150,67,0.12019314449572803
654,3,10,150,67,0.056808273829001395
655,3,10,150,67,0.46166569362379695
656,3,10,150,67,0.0
657,3,10,150,67,0.2504953915210566
658,3,10,150,67,0.09988783377897062
659,3,10,150,67,0.11267506038972432
660,3,10,150,67,0.01122891423081051
661,3,10,150,67,0.21396342200866308
662,3,10,150,67,0.0
663,3,10,150,67,0.1250707809701198
664,3,10,150,67,0.2633510723860185
665,3,10,150,67,0.0637635876459061
666,3,10,150,67,0.12116980664455504
667,3,10,150,67,0.1487205698875683
668,3,10,150,67,0.0
669,3,10,150,67,0.2287469684999221
670,3,10,150,67,0.0
671,3,10,150,67,0.20598773756155325
672,3,10,150,67,0.07973520350569015
673,3,10,150,67,0.03236977394070781
674,3,10,150,67,0.0
675,3,10,150,67,0.0382580635535654
676,3,10,150,67,0.22358931366364498
677,3,10,150,67,0.10158983531347915
678,3,10,150,67,0.0
679,3,10,150,67,0.16417658872889113
680,3,10,150,67,0.0
681,3,10,150,67,0.0
682,3,10,150,67,0.2607979925285066
683,3,10,150,67,0.045215225629604006
684,3,10,150,67,0.03158850394477252
685,3,10,150,67,0.20373936192022438
686,3,10,150,67,0.15669346910555695
687,3,10,150,67,0.0
688,3,10,150,67,0.0
689,3,10,150,67,0.40191678174210904
690,3,10,150,67,0.24802939400095458
691,3,10,150,67,0.6023709850354425
692,3,10,150,67,0.03353522641880846
693,3,10,150,67,0.04711181933747839
694,3,10,150,67,0.2061916585805416
695,3,10,150,67,0.05816383356143395
696,3,10,150,67,0.08111636357522063
697,3,10,150,67,0.08316188759665785
698,3,10,150,67,0.0
699,3,10,150,67,0.052585582308339936
700,3,10,150,67,0.0
701,3,10,150,67,0.0906790485156717
702,3,10,150,67,0.0
703,3,10,150,67,0.21888235022994418
704,3,10,150,67,0.19986259407697265
705,3,10,150,67,0.2598949629128916
706,3,10,150,67,0.0
707,3,10,150,67,0.266561894793357
708,3,10,150,67,0.03476299583640518
709,3,10,150,67,0.15396797127961612
710,3,10,150,67,0.25040922491354684
711,3,10,150,67,0.21448655712311657
712,3,10,150,67,0.07239941829173811
713,3,10,150,67,0.0
714,3,10,150,67,0.1266607864485773
715,3,10,150,67,0.16860516623933322
716,3,10,150,67,0.27611464264996577
717,3,10,150,67,0.13562133373277918
718,3,10,150,67,0.0
719,3,10,150,67,0.10353175087921149
720,3,10,150,67,0.0
721,3,10,150,67,0.11127296302403536
722,3,10,150,67,0.07401896317743158
723,3,10,150,67,0.0
724,3,10,150,67,0.0
725,3,10,150,67,0.04733244938590725
726,3,10,150,67,0.061080020762274374
727,3,10,150,67,0.0815498611781264
728,3,10,150,67,0.0
729,3,10,150,67,0.046534861017850544
730,3,10,150,67,0.0
731,3,10,150,67,0.1935015812983906
732,3,10,150,67,0.05717828980196049
733,3,10,150,67,0.020730875129846955
734,3,10,150,67,0.08131766139183766
735,3,10,150,67,0.08151055815578559
736,3,10,150,67,0.047009109882897075
737,3,10,150,67,0.12127716502890909
738,3,10,150,67,0.09907057054543131
739,3,10,150,67,0.18767092572990207
740,3,10,150,67,0.0523780734795101
741,3,10,150,67,0.0787396033907249
742,3,10,150,67,0.0527075128660253
743,3,10,150,67,0.1194783875505714
744,3,10,150,67,0.0
745,3,10,150,67,0.06774344219296054
746,3,10,150,67,0.24124954544361757
747,3,10,150,67,0.22668087085323158
748,3,10,150,67,0.04132344798443041
749,3,10,150,67,0.3076763946138792
750,3,10,150,67,0.18000575664763457
751,3,10,150,67,0.06407706415564705
752,3,10,150,67,0.08155432360208091
753,3,10,150,67,0.04072612696308379
754,3,10,150,67,0.0
755,3,10,150,67,0.0
756,3,10,150,67,0.044143057780823704
757,3,10,150,67,0.12198274324065347
758,3,10,150,67,0.24569376269495297
759,3,10,150,67,0.0
760,3,10,150,67,0.16006374561654185
761,3,10,150,67,0.17663858756688974
762,3,10,150,67,0.0
763,3,10,150,67,0.10697348874072295
764,3,10,150,67,0.04710969775183564
765,3,10,150,67,0.0966785411876802
766,3,10,150,67,0.035191004809260996
767,3,10,150,67,0.1269544353559099
768,3,10,150,67,0.09997171219938322
769,3,10,150,67,0.0
770,3,10,150,67,0.18348359547343202
771,3,10,150,67,0.07363642524234874
772,3,10,150,67,0.038996699933076286
773,3,10,150,67,0.15659560794124947
774,3,10,150,67,0.0
775,3,10,150,67,0.0
776,3,10,150,67,0.04721006604760436
777,3,10,150,67,0.0
778,3,10,150,67,0.08961728720334347
779,3,10,150,67,0.0
780,3,10,150,67,0.1478701604202007
781,3,10,150,67,0.12572447169101508
782,3,10,150,67,0.0
783,3,10,150,67,0.07763399617214947
784,3,10,150,67,0.04582425041433568
785,3,10,150,67,0.2848262604068979
786,3,10,150,67,0.13901223847985233
787,3,10,150,67,0.0
788,3,10,150,67,0.046626370288649896
789,3,10,150,67,0.14531023848228133
790,3,10,150,67,0.08452117092278105
791,3,10,150,67,0.059480024314918285
792,3,10,150,67,0.0946587791577201
793,3,10,150,67,0.11843263243420837
794,3,10,150,67,0.1578863001786244
795,3,10,150,67,0.06886690743551852
796,3,10,150,67,0.08846248726776235
797,3,10,150,67,0.13905617951077562
798,3,10,150,67,0.02688415331260267
799,3,10,150,67,0.2836929289153804
800,3,10,150,67,0.0
801,3,10,150,67,0.0
802,3,10,150,67,0.05621908976192367
803,3,10,150,67,0.0
804,3,10,150,67,0.2164537547463699
805,3,10,150,67,0.1350066983480993
806,3,10,150,67,0.10606704841588428
807,3,10,150,67,0.18716126069796726
808,3,10,150,67,0.0
809,3,10,150,67,0.0
810,3,10,150,67,0.0
811,3,10,150,67,0.1162989546852336
812,3,10,150,67,0.11600766930798434
813,3,10,150,67,0.06916902856231065
814,3,10,150,67,0.054181637470214
815,3,10,150,67,0.10380674919178415
816,3,10,150,67,0.10105367325027378
817,3,10,150,67,0.0
818,3,10,150,67,0.05187864210776578
819,3,10,150,67,0.0
820,3,10,150,67,0.12262943855309168
821,3,10,150,67,0.053168340515114924
822,3,10,150,67,0.0
823,3,10,150,67,0.14011732711290795
824,3,10,150,67,0.0
825,3,10,150,67,0.16434089815347858
826,3,10,150,67,0.1104586032397152
827,3,10,150,67,0.0
828,3,10,150,67,0.0
829,3,10,150,67,0.08143169212679746
830,3,10,150,67,0.13003750163762204
831,3,10,150,67,0.0800524392169327
832,3,10,150,67,0.0
833,3,10,150,67,0.05828935682373833
834,3,10,150,67,0.0
835,3,10,150,67,0.131093662595089
836,3,10,150,67,0.05097554749895306
837,3,10,150,67,0.05351287869030783
838,3,10,150,67,0.08633629724227374
839,3,10,150,67,0.0
840,3,10,150,67,0.1518245759629103
841,3,10,150,67,0.0
842,3,10,150,67,0.0
843,3,10,150,67,0.04209275315645388
844,3,10,150,67,0.0
845,3,10,150,67,0.06531065216760332
846,3,10,150,67,0.13363919278051073
847,3,10,150,67,0.0
848,3,10,150,67,0.03618657486793958
849,3,10,150,67,0.0
850,3,10,150,67,0.06228974831361337
851,3,10,150,67,0.2277008805972924
852,3,10,150,67,0.07256783117062009
853,3,10,150,67,0.0
854,3,10,150,67,0.0
855,3,10,150,67,0.0
856,3,10,150,67,0.0
857,3,10,150,67,0.0
858,3,10,150,67,0.0
859,3,10,150,67,0.0
860,3,10,150,67,0.0
861,3,10,150,67,0.12754356661958802
862,3,10,150,67,0.1014543205029727
863,3,10,150,67,0.0
864,3,10,150,67,0.19756506460263396
865,3,10,150,67,0.0
866,3,10,150,67,0.0
867,3,10,150,67,0.18752183128814004
868,3,10,150,67,0.0
870,3,10,150,67,0.0
871,3,10,150,67,0.0
872,3,10,150,67,0.0
875,3,10,150,67,0.1395953738647505
876,3,10,150,67,0.0
877,3,10,150,67,0.0
1,3,10,150,68,0.6247579375131872
2,3,10,150,68,0.10688238502350729
3,3,10,150,68,0.0
4,3,10,150,68,0.0
5,3,10,150,68,0.0819283960923954
6,3,10,150,68,0.05340978172012693
7,3,10,150,68,0.15912203234939234
8,3,10,150,68,0.10095977925103237
9,3,10,150,68,0.0
10,3,10,150,68,0.16409920264511527
11,3,10,150,68,0.049016076581777215
12,3,10,150,68,0.04822019817866397
13,3,10,150,68,0.2288816685311163
14,3,10,150,68,0.10183115736271536
15,3,10,150,68,0.0
16,3,10,150,68,0.21217356960479747
17,3,10,150,68,0.12066394366711926
18,3,10,150,68,0.18606782959057458
19,3,10,150,68,0.0
20,3,10,150,68,0.14530105135237878
21,3,10,150,68,0.05824963961462511
22,3,10,150,68,0.1468275080577048
23,3,10,150,68,0.18360000301566626
24,3,10,150,68,0.311062094929455
25,3,10,150,68,0.0
26,3,10,150,68,0.030421795212869307
28,3,10,150,68,0.0
29,3,10,150,68,0.0
30,3,10,150,68,0.0979129253499678
31,3,10,150,68,0.06076546216996844
32,3,10,150,68,0.0
33,3,10,150,68,0.0
34,3,10,150,68,0.0
35,3,10,150,68,0.07108348368841133
37,3,10,150,68,0.08836851842055818
38,3,10,150,68,0.03215366848272267
39,3,10,150,68,0.0
40,3,10,150,68,0.03963175841995263
41,3,10,150,68,0.0
42,3,10,150,68,0.14144963799422255
43,3,10,150,68,0.268915965453296
44,3,10,150,68,0.07698159974258616
45,3,10,150,68,0.04505000432618384
46,3,10,150,68,0.2524329124868603
47,3,10,150,68,0.0
48,3,10,150,68,0.14225564083314088
49,3,10,150,68,0.08545966314334597
50,3,10,150,68,0.0
51,3,10,150,68,0.18953836965473142
52,3,10,150,68,0.04892579731758021
53,3,10,150,68,0.09546043308946733
54,3,10,150,68,0.07984133538066794
55,3,10,150,68,0.0
56,3,10,150,68,0.03975645576081676
57,3,10,150,68,0.03861141423677389
58,3,10,150,68,0.10796876451088402
59,3,10,150,68,0.1825401339226324
60,3,10,150,68,0.12123807080432077
61,3,10,150,68,0.0
62,3,10,150,68,0.056765939954965754
63,3,10,150,68,0.03554915059547175
64,3,10,150,68,0.0
65,3,10,150,68,0.2994759515353249
66,3,10,150,68,0.0
67,3,10,150,68,0.0
68,3,10,150,68,0.0
69,3,10,150,68,0.14840975300312728
70,3,10,150,68,0.0
71,3,10,150,68,0.1434649426280276
72,3,10,150,68,0.16084022171949366
73,3,10,150,68,0.051960280791503534
74,3,10,150,68,0.0
75,3,10,150,68,0.11731968150568911
76,3,10,150,68,0.14804398249667974
77,3,10,150,68,0.45287742747371695
78,3,10,150,68,0.0
79,3,10,150,68,0.0
80,3,10,150,68,0.08297572808511901
81,3,10,150,68,0.0
82,3,10,150,68,0.08926877557705373
83,3,10,150,68,0.04630610387058298
84,3,10,150,68,0.0
85,3,10,150,68,0.06966660916502733
86,3,10,150,68,0.07738888769495082
87,3,10,150,68,0.10058161863664324
88,3,10,150,68,0.0
89,3,10,150,68,0.22860031301980846
90,3,10,150,68,0.2386569480666451
91,3,10,150,68,0.13114221140465185
92,3,10,150,68,0.03690254550997565
93,3,10,150,68,0.0
94,3,10,150,68,0.1785123466504993
95,3,10,150,68,0.061836172422412086
96,3,10,150,68,0.19186450284072096
97,3,10,150,68,0.1324047882275468
98,3,10,150,68,0.08878770367712427
99,3,10,150,68,0.029785542524894418
100,3,10,150,68,0.0892789338684584
101,3,10,150,68,0.0
102,3,10,150,68,0.026001814664123827
103,3,10,150,68,0.07673373981757839
104,3,10,150,68,0.12171451575741458
106,3,10,150,68,0.05261577455142312
107,3,10,150,68,0.0
108,3,10,150,68,0.0
109,3,10,150,68,0.11259960483764554
110,3,10,150,68,0.06422488523189442
111,3,10,150,68,0.0
112,3,10,150,68,0.06510475888148554
113,3,10,150,68,0.05449144662575446
114,3,10,150,68,0.07610811271330754
115,3,10,150,68,0.046806851959664796
116,3,10,150,68,0.07814915695077672
117,3,10,150,68,0.10135360124281675
118,3,10,150,68,0.0
119,3,10,150,68,0.06127983274634642
121,3,10,150,68,0.06245141164382474
122,3,10,150,68,0.07625852881342107
123,3,10,150,68,0.46927872602275644
124,3,10,150,68,0.10889376106823218
125,3,10,150,68,0.15602345563935235
126,3,10,150,68,0.0
127,3,10,150,68,0.0
128,3,10,150,68,0.047777554739453616
129,3,10,150,68,0.0
130,3,10,150,68,0.11207058154636457
131,3,10,150,68,0.2803335894048546
132,3,10,150,68,0.1431991570830273
133,3,10,150,68,0.0
134,3,10,150,68,0.0
135,3,10,150,68,0.0
136,3,10,150,68,0.40257390286801836
137,3,10,150,68,0.0
138,3,10,150,68,0.21222747957761057
139,3,10,150,68,0.0
140,3,10,150,68,0.0
141,3,10,150,68,0.17799763794582682
142,3,10,150,68,0.30260241349881345
143,3,10,150,68,0.0
144,3,10,150,68,0.2143720535700613
145,3,10,150,68,0.07790537832794017
146,3,10,150,68,0.0
147,3,10,150,68,0.07610811271330754
148,3,10,150,68,0.10419221525731585
149,3,10,150,68,0.05446824630887794
150,3,10,150,68,0.0
151,3,10,150,68,0.1467394379667669
152,3,10,150,68,0.026230448379684728
153,3,10,150,68,0.06516188295518531
154,3,10,150,68,0.055100238151135045
155,3,10,150,68,0.0
156,3,10,150,68,0.07028063830038406
157,3,10,150,68,0.05840183867278569
158,3,10,150,68,0.07413972351842125
159,3,10,150,68,0.11026617795298452
160,3,10,150,68,0.060934076158944916
161,3,10,150,68,0.0
162,3,10,150,68,0.0
163,3,10,150,68,0.0
164,3,10,150,68,0.0
165,3,10,150,68,0.09149012142095872
166,3,10,150,68,0.0
167,3,10,150,68,0.03395822402998728
168,3,10,150,68,0.0
169,3,10,150,68,0.055427457405235275
170,3,10,150,68,0.0
171,3,10,150,68,0.0
172,3,10,150,68,0.0
173,3,10,150,68,0.0
174,3,10,150,68,0.07752093421921306
175,3,10,150,68,0.4413254197204702
176,3,10,150,68,0.0347693136731627
177,3,10,150,68,0.0
178,3,10,150,68,0.18053947820976404
179,3,10,150,68,0.06599888514927177
180,3,10,150,68,0.0
181,3,10,150,68,0.04622579729077891
182,3,10,150,68,0.13120507751234178
183,3,10,150,68,0.0
184,3,10,150,68,0.0
185,3,10,150,68,0.0
186,3,10,150,68,0.0
187,3,10,150,68,0.2004102107997965
188,3,10,150,68,0.026527518023781966
189,3,10,150,68,0.22982757951573698
190,3,10,150,68,0.0
191,3,10,150,68,0.07335312372354855
192,3,10,150,68,0.0
193,3,10,150,68,0.0
194,3,10,150,68,0.0860257611411915
195,3,10,150,68,0.10257737475069033
196,3,10,150,68,0.17342765698823945
197,3,10,150,68,0.07304192939088519
198,3,10,150,68,0.10387325901274824
199,3,10,150,68,0.052106753859569234
200,3,10,150,68,0.0971420957831845
201,3,10,150,68,0.2118684787166408
202,3,10,150,68,0.0
203,3,10,150,68,0.0
204,3,10,150,68,0.0
205,3,10,150,68,0.11600766930798434
206,3,10,150,68,0.0
207,3,10,150,68,0.09348211243887757
208,3,10,150,68,0.0
209,3,10,150,68,0.070675417981692
210,3,10,150,68,0.0
211,3,10,150,68,0.0
212,3,10,150,68,0.0559167101555819
213,3,10,150,68,0.08985507164305877
214,3,10,150,68,0.1257260924843343
215,3,10,150,68,0.157288596461893
216,3,10,150,68,0.27735230728218535
217,3,10,150,68,0.13000004444613666
218,3,10,150,68,0.06323567569191428
219,3,10,150,68,0.0
220,3,10,150,68,0.07807600999842033
221,3,10,150,68,0.12213234467515617
222,3,10,150,68,0.1483732210811898
223,3,10,150,68,0.039270700903099615
224,3,10,150,68,0.0
225,3,10,150,68,0.09311209812195972
226,3,10,150,68,0.0
227,3,10,150,68,0.0
229,3,10,150,68,0.0
230,3,10,150,68,0.1697995249867118
231,3,10,150,68,0.0
232,3,10,150,68,0.0
233,3,10,150,68,0.20123780419810608
234,3,10,150,68,0.17651565599510727
235,3,10,150,68,0.08312042273022706
236,3,10,150,68,0.12127042983235181
237,3,10,150,68,0.04776398023609584
238,3,10,150,68,0.0
239,3,10,150,68,0.12691627784085696
240,3,10,150,68,0.10235170428306553
241,3,10,150,68,0.1381300260171807
242,3,10,150,68,0.0
243,3,10,150,68,0.0
244,3,10,150,68,0.15017336350566032
245,3,10,150,68,0.0
246,3,10,150,68,0.08356426880363813
247,3,10,150,68,0.15642624200758548
248,3,10,150,68,0.23451355966072135
249,3,10,150,68,0.3296200475575061
250,3,10,150,68,0.07806699296748765
251,3,10,150,68,0.0
252,3,10,150,68,0.0
253,3,10,150,68,0.0
254,3,10,150,68,0.036502603141236205
255,3,10,150,68,0.10933464083642679
256,3,10,150,68,0.04856627791226961
257,3,10,150,68,0.12830873359117523
258,3,10,150,68,0.0
259,3,10,150,68,0.0
260,3,10,150,68,0.0
261,3,10,150,68,0.0
262,3,10,150,68,0.0
263,3,10,150,68,0.32837769821077345
264,3,10,150,68,0.35681377696685707
265,3,10,150,68,0.19802572813668026
266,3,10,150,68,0.0
267,3,10,150,68,0.21076490690365068
268,3,10,150,68,0.10827784002385153
269,3,10,150,68,0.040019695500760184
270,3,10,150,68,0.049915567102790354
271,3,10,150,68,0.10729393508609222
272,3,10,150,68,0.10457492829503848
273,3,10,150,68,0.0
274,3,10,150,68,0.0
275,3,10,150,68,0.0
276,3,10,150,68,0.1886161170677896
277,3,10,150,68,0.0
278,3,10,150,68,0.0
279,3,10,150,68,0.11910385967976722
280,3,10,150,68,0.07316593591075989
281,3,10,150,68,0.0
282,3,10,150,68,0.09659953929285248
283,3,10,150,68,0.0
284,3,10,150,68,0.0
285,3,10,150,68,0.0
286,3,10,150,68,0.016140534521312585
287,3,10,150,68,0.0
288,3,10,150,68,0.13999259891013252
289,3,10,150,68,0.0
290,3,10,150,68,0.09647783930421741
291,3,10,150,68,0.17775326828407884
292,3,10,150,68,0.27665227928348557
293,3,10,150,68,0.06473185259369746
294,3,10,150,68,0.09628038570550856
295,3,10,150,68,0.14073295606443062
296,3,10,150,68,0.1313923743616208
297,3,10,150,68,0.030868393892711742
298,3,10,150,68,0.13814728270261697
299,3,10,150,68,0.06251231174305825
300,3,10,150,68,0.0
301,3,10,150,68,0.1296575124303738
302,3,10,150,68,0.07335312372354855
303,3,10,150,68,0.17978154785217412
304,3,10,150,68,0.0
305,3,10,150,68,0.05428021340641747
306,3,10,150,68,0.0
307,3,10,150,68,0.13128644747266613
308,3,10,150,68,0.04491835474236992
309,3,10,150,68,0.0
310,3,10,150,68,0.2890648263178879
311,3,10,150,68,0.17512035582237062
312,3,10,150,68,0.16963857451199318
313,3,10,150,68,0.09586943528179451
314,3,10,150,68,0.10507089418815024
315,3,10,150,68,0.09785159463516042
316,3,10,150,68,0.06076546216996844
317,3,10,150,68,0.0
318,3,10,150,68,0.07377376675297492
319,3,10,150,68,0.0
320,3,10,150,68,0.08947300054212491
321,3,10,150,68,0.08223795175588802
322,3,10,150,68,0.07955752067133452
323,3,10,150,68,0.12229181918924699
324,3,10,150,68,0.0
325,3,10,150,68,0.0
326,3,10,150,68,0.10817904857938596
327,3,10,150,68,0.0
328,3,10,150,68,0.1253761246808089
329,3,10,150,68,0.056720838976548935
330,3,10,150,68,0.3028509129070748
331,3,10,150,68,0.0
332,3,10,150,68,0.09937017023483655
333,3,10,150,68,0.0
334,3,10,150,68,0.11273548330803308
335,3,10,150,68,0.0
336,3,10,150,68,0.0
337,3,10,150,68,0.16908993508344605
338,3,10,150,68,0.08388555279643939
339,3,10,150,68,0.1856477756884163
340,3,10,150,68,0.12647135138382856
341,3,10,150,68,0.0
342,3,10,150,68,0.13675104634933952
343,3,10,150,68,0.35449693766486445
344,3,10,150,68,0.13804010954782428
345,3,10,150,68,0.1302817386077542
346,3,10,150,68,0.1264086027263655
347,3,10,150,68,0.09642724089192412
348,3,10,150,68,0.0
349,3,10,150,68,0.07123530534387781
350,3,10,150,68,0.2314071217459096
351,3,10,150,68,0.0
352,3,10,150,68,0.16282653392890226
353,3,10,150,68,0.09489642549953911
354,3,10,150,68,0.033699515540238464
355,3,10,150,68,0.05122871476979503
356,3,10,150,68,0.0
357,3,10,150,68,0.0
358,3,10,150,68,0.26730206653594746
359,3,10,150,68,0.14341929980357182
360,3,10,150,68,0.13132846997338612
361,3,10,150,68,0.0
362,3,10,150,68,0.0
363,3,10,150,68,0.1867805234163032
364,3,10,150,68,0.0
365,3,10,150,68,0.0989084497079971
366,3,10,150,68,0.10684080426179023
367,3,10,150,68,0.1410054764628891
368,3,10,150,68,0.0
369,3,10,150,68,0.0
370,3,10,150,68,0.045683428159663184
371,3,10,150,68,0.174231549865924
372,3,10,150,68,0.13528214995015655
373,3,10,150,68,0.18128610071101886
374,3,10,150,68,0.1523273086076386
375,3,10,150,68,0.0
376,3,10,150,68,0.0
377,3,10,150,68,0.053168340515114924
378,3,10,150,68,0.05435180805873384
379,3,10,150,68,0.16693258363041708
380,3,10,150,68,0.0
381,3,10,150,68,0.08294243278442993
382,3,10,150,68,0.13500098315004241
383,3,10,150,68,0.03539807129574854
384,3,10,150,68,0.08759200575528697
385,3,10,150,68,0.1546778125427113
386,3,10,150,68,0.0
387,3,10,150,68,0.03814967334348895
388,3,10,150,68,0.029785542524894418
389,3,10,150,68,0.13183633031089573
390,3,10,150,68,0.21398626473452756
391,3,10,150,68,0.298074760835303
392,3,10,150,68,0.08604779973730994
393,3,10,150,68,0.17628361142131954
394,3,10,150,68,0.12900206501129066
395,3,10,150,68,0.15727036710905312
396,3,10,150,68,0.0
397,3,10,150,68,0.12905531436930254
398,3,10,150,68,0.12204637821038242
399,3,10,150,68,0.044608565600894774
400,3,10,150,68,0.0
401,3,10,150,68,0.0
402,3,10,150,68,0.469779625693621
403,3,10,150,68,0.0
404,3,10,150,68,0.0
405,3,10,150,68,0.22116402201983382
406,3,10,150,68,0.1428233347987388
407,3,10,150,68,0.07343764708220529
408,3,10,150,68,0.12083071655728543
409,3,10,150,68,0.15086419336317547
410,3,10,150,68,0.0
411,3,10,150,68,0.1128999930808451
412,3,10,150,68,0.0
413,3,10,150,68,0.10122860821230018
414,3,10,150,68,0.0
415,3,10,150,68,0.07605458145297357
416,3,10,150,68,0.3137553016362022
417,3,10,150,68,0.058292397942487466
418,3,10,150,68,0.07001560573318603
419,3,10,150,68,0.26168079122473237
420,3,10,150,68,0.0527075128660253
421,3,10,150,68,0.202729931306865
422,3,10,150,68,0.0
423,3,10,150,68,0.0
424,3,10,150,68,0.13291000263869587
425,3,10,150,68,0.0
426,3,10,150,68,0.10004388309532918
427,3,10,150,68,0.0
428,3,10,150,68,0.0
429,3,10,150,68,0.1415566118692448
430,3,10,150,68,0.062242588308449316
431,3,10,150,68,0.0
432,3,10,150,68,0.05253723007572906
433,3,10,150,68,0.0
434,3,10,150,68,0.25803884452092735
435,3,10,150,68,0.22119092632186127
436,3,10,150,68,0.09291494561763272
437,3,10,150,68,0.06322656079779612
438,3,10,150,68,0.0
439,3,10,150,68,0.0
440,3,10,150,68,0.10025741859697787
441,3,10,150,68,0.0
442,3,10,150,68,0.058478916078390675
443,3,10,150,68,0.056720838976548935
444,3,10,150,68,0.19519002499605084
445,3,10,150,68,0.0
446,3,10,150,68,0.0
447,3,10,150,68,0.09914294517496557
448,3,10,150,68,0.0
449,3,10,150,68,0.0
450,3,10,150,68,0.33236381327579967
451,3,10,150,68,0.0
452,3,10,150,68,0.048188247044562364
453,3,10,150,68,0.13392124957971085
454,3,10,150,68,0.0
455,3,10,150,68,0.2223859147540445
456,3,10,150,68,0.18931496347604157
457,3,10,150,68,0.3917201936557449
458,3,10,150,68,0.12059750656999586
459,3,10,150,68,0.04901586605894737
460,3,10,150,68,0.0
461,3,10,150,68,0.10778915452451093
462,3,10,150,68,0.16728714615527887
463,3,10,150,68,0.1032589365938857
464,3,10,150,68,0.091470579054696
465,3,10,150,68,0.0733934381893728
466,3,10,150,68,0.0750834162528243
467,3,10,150,68,0.032842167909375275
468,3,10,150,68,0.4424763580282471
469,3,10,150,68,0.050924439617225085
470,3,10,150,68,0.040162930685297936
471,3,10,150,68,0.0
472,3,10,150,68,0.28904594078681123
473,3,10,150,68,0.08903377327702097
474,3,10,150,68,0.36649102923483634
475,3,10,150,68,0.0
476,3,10,150,68,0.12097589732794561
477,3,10,150,68,0.0
478,3,10,150,68,0.2059565668593519
479,3,10,150,68,0.07893633843817272
480,3,10,150,68,0.0881980292211471
481,3,10,150,68,0.05234104579082298
482,3,10,150,68,0.15905893746943514
483,3,10,150,68,0.06194403202282284
484,3,10,150,68,0.30830871788407543
485,3,10,150,68,0.0
486,3,10,150,68,0.06108300840136219
487,3,10,150,68,0.10470519942653521
488,3,10,150,68,0.05887472794707303
489,3,10,150,68,0.0
490,3,10,150,68,0.06490403551612171
491,3,10,150,68,0.17758207479178334
492,3,10,150,68,0.12925417913024104
493,3,10,150,68,0.2507881701135645
494,3,10,150,68,0.15581531016292202
495,3,10,150,68,0.13131177925673643
496,3,10,150,68,0.07271211160102074
497,3,10,150,68,0.07810188140590023
498,3,10,150,68,0.0343217267714905
499,3,10,150,68,0.16209170826928437
500,3,10,150,68,0.04698773570888995
501,3,10,150,68,0.0
502,3,10,150,68,0.03272632263321488
503,3,10,150,68,0.26389046315772724
504,3,10,150,68,0.09794337990609951
505,3,10,150,68,0.025255271126572616
506,3,10,150,68,0.15432069879095353
507,3,10,150,68,0.02579743633593384
508,3,10,150,68,0.19188799772768309
509,3,10,150,68,0.0
510,3,10,150,68,0.17032928501352598
511,3,10,150,68,0.12155021559723776
512,3,10,150,68,0.0
513,3,10,150,68,0.05276490902632437
514,3,10,150,68,0.20409213793016953
515,3,10,150,68,0.0
516,3,10,150,68,0.07947838320659593
517,3,10,150,68,0.03859643636257609
518,3,10,150,68,0.05268083714989503
519,3,10,150,68,0.034560204819110964
520,3,10,150,68,0.0
521,3,10,150,68,0.07649261318048692
522,3,10,150,68,0.16542389351858164
523,3,10,150,68,0.1705239552439998
524,3,10,150,68,0.05609734301821069
525,3,10,150,68,0.06516045994396072
526,3,10,150,68,0.052528565413809895
527,3,10,150,68,0.21068702285875093
528,3,10,150,68,0.1255942414278791
529,3,10,150,68,0.03208343640786788
530,3,10,150,68,0.0
531,3,10,150,68,0.0
532,3,10,150,68,0.1985923521294948
533,3,10,150,68,0.1347804355430414
534,3,10,150,68,0.10040759964046686
535,3,10,150,68,0.25224874540372827
536,3,10,150,68,0.16943073315280816
537,3,10,150,68,0.4306031752624079
538,3,10,150,68,0.09944592215223559
539,3,10,150,68,0.07086035994602148
540,3,10,150,68,0.0
541,3,10,150,68,0.0779170553370938
542,3,10,150,68,0.07173250396753712
543,3,10,150,68,0.0
544,3,10,150,68,0.0
545,3,10,150,68,0.1627301445786375
546,3,10,150,68,0.1727529426032757
547,3,10,150,68,0.04528995543568932
548,3,10,150,68,0.08556622378188056
549,3,10,150,68,0.10184659627402569
550,3,10,150,68,0.0845667599404342
551,3,10,150,68,0.2675695189178455
552,3,10,150,68,0.0
553,3,10,150,68,0.13528660262448355
554,3,10,150,68,0.0
555,3,10,150,68,0.037070343480771185
556,3,10,150,68,0.2848749592866812
557,3,10,150,68,0.044530079137671444
558,3,10,150,68,0.21398626473452756
559,3,10,150,68,0.09577994284216261
560,3,10,150,68,0.11942337490935596
561,3,10,150,68,0.07224140062817548
562,3,10,150,68,0.1501964202441757
563,3,10,150,68,0.10791970824616881
564,3,10,150,68,0.0
565,3,10,150,68,0.2016297075493207
566,3,10,150,68,0.11935234359120704
567,3,10,150,68,0.3074611602345109
568,3,10,150,68,0.07161318866452264
569,3,10,150,68,0.023835426911994775
570,3,10,150,68,0.0
571,3,10,150,68,0.0512644431393966
572,3,10,150,68,0.30260241349881345
573,3,10,150,68,0.0
574,3,10,150,68,0.0
575,3,10,150,68,0.13043262693172047
576,3,10,150,68,0.0
577,3,10,150,68,0.19112477211426193
578,3,10,150,68,0.0
579,3,10,150,68,0.06152644703210656
580,3,10,150,68,0.03144137376097698
581,3,10,150,68,0.0
582,3,10,150,68,0.06679511870650716
583,3,10,150,68,0.13912814892946682
584,3,10,150,68,0.20261715588288354
585,3,10,150,68,0.042225550968526857
586,3,10,150,68,0.0663945281096953
587,3,10,150,68,0.0
588,3,10,150,68,0.2503780154232742
589,3,10,150,68,0.09905100598441088
590,3,10,150,68,0.19997970715667693
591,3,10,150,68,0.08651464973019597
592,3,10,150,68,0.35906023244944285
593,3,10,150,68,0.13165741445679038
594,3,10,150,68,0.0
595,3,10,150,68,0.055965373307784824
596,3,10,150,68,0.09803928583135704
597,3,10,150,68,0.02579743633593384
598,3,10,150,68,0.0
599,3,10,150,68,0.02506539947940475
600,3,10,150,68,0.13574631165894233
601,3,10,150,68,0.1353025537211632
602,3,10,150,68,0.041278922835426404
603,3,10,150,68,0.12541207695631323
604,3,10,150,68,0.0
605,3,10,150,68,0.19312966530172024
606,3,10,150,68,0.340514090695347
607,3,10,150,68,0.0308875359117713
608,3,10,150,68,0.21106323055875126
609,3,10,150,68,0.0
610,3,10,150,68,0.12186625680881258
611,3,10,150,68,0.19680646538945382
612,3,10,150,68,0.09162544430476362
613,3,10,150,68,0.1652462050665711
614,3,10,150,68,0.1467868763787456
615,3,10,150,68,0.1578637648166983
616,3,10,150,68,0.030480958763669998
617,3,10,150,68,0.038287076928437726
618,3,10,150,68,0.11615512105859226
619,3,10,150,68,0.14795344439858116
620,3,10,150,68,0.24239278329353608
621,3,10,150,68,0.10569072181389248
622,3,10,150,68,0.17377235510761962
623,3,10,150,68,0.04214302778527282
624,3,10,150,68,0.03202992305603544
625,3,10,150,68,0.06672272773479279
626,3,10,150,68,0.0
627,3,10,150,68,0.11822677859596319
628,3,10,150,68,0.0
629,3,10,150,68,0.28364213168183045
630,3,10,150,68,0.10834532177911152
631,3,10,150,68,0.13449792459172438
632,3,10,150,68,0.06934269739950429
633,3,10,150,68,0.050456115328747164
634,3,10,150,68,0.09692094009503625
635,3,10,150,68,0.0
636,3,10,150,68,0.3615974840572412
637,3,10,150,68,0.02898066279104336
638,3,10,150,68,0.05152901435389809
639,3,10,150,68,0.0
640,3,10,150,68,0.16254564442204458
641,3,10,150,68,0.051358492238643604
642,3,10,150,68,0.31372982944038746
643,3,10,150,68,0.24158782995372158
644,3,10,150,68,0.0
645,3,10,150,68,0.17744101704673967
646,3,10,150,68,0.11243817952384734
647,3,10,150,68,0.06590268968688952
648,3,10,150,68,0.2627233135825538
649,3,10,150,68,0.04336490181597879
650,3,10,150,68,0.10541814370347989
651,3,10,150,68,0.0
652,3,10,150,68,0.0
653,3,10,150,68,0.11895897558475506
654,3,10,150,68,0.056224954324882045
655,3,10,150,68,0.46719342540440045
656,3,10,150,68,0.0
657,3,10,150,68,0.2504953915210566
658,3,10,150,68,0.09988783377897062
659,3,10,150,68,0.11151808877409326
660,3,10,150,68,0.011113613338186463
661,3,10,150,68,0.21396342200866308
662,3,10,150,68,0.0
663,3,10,150,68,0.1250707809701198
664,3,10,150,68,0.26064692725716077
665,3,10,150,68,0.0637635876459061
666,3,10,150,68,0.11992560915777882
667,3,10,150,68,0.1487205698875683
668,3,10,150,68,0.0
669,3,10,150,68,0.2287469684999221
670,3,10,150,68,0.0
671,3,10,150,68,0.20598773756155325
672,3,10,150,68,0.07973520350569015
673,3,10,150,68,0.03236977394070781
674,3,10,150,68,0.0
675,3,10,150,68,0.0382580635535654
676,3,10,150,68,0.22358931366364498
677,3,10,150,68,0.10158983531347915
678,3,10,150,68,0.0
679,3,10,150,68,0.184849053963804
680,3,10,150,68,0.0
681,3,10,150,68,0.0
682,3,10,150,68,0.25812006296960166
683,3,10,150,68,0.045215225629604006
684,3,10,150,68,0.03158850394477252
685,3,10,150,68,0.20373936192022438
686,3,10,150,68,0.17283042325238723
687,3,10,150,68,0.0
688,3,10,150,68,0.0
689,3,10,150,68,0.40191678174210904
690,3,10,150,68,0.24802939400095458
691,3,10,150,68,0.6023709850354425
692,3,10,150,68,0.03353522641880846
693,3,10,150,68,0.04711181933747839
694,3,10,150,68,0.21434265238606376
695,3,10,150,68,0.05816383356143395
696,3,10,150,68,0.08111636357522063
697,3,10,150,68,0.08316188759665785
698,3,10,150,68,0.0
699,3,10,150,68,0.052585582308339936
700,3,10,150,68,0.0
701,3,10,150,68,0.0906790485156717
702,3,10,150,68,0.0
703,3,10,150,68,0.21888235022994418
704,3,10,150,68,0.19986259407697265
705,3,10,150,68,0.2598949629128916
706,3,10,150,68,0.0
707,3,10,150,68,0.2638247802533867
708,3,10,150,68,0.03476299583640518
709,3,10,150,68,0.15396797127961612
710,3,10,150,68,0.25040922491354684
711,3,10,150,68,0.21228416328664956
712,3,10,150,68,0.07165600558211084
713,3,10,150,68,0.0
714,3,10,150,68,0.1266607864485773
715,3,10,150,68,0.16860516623933322
716,3,10,150,68,0.2732794384521497
717,3,10,150,68,0.13562133373277918
718,3,10,150,68,0.0
719,3,10,150,68,0.10353175087921149
720,3,10,150,68,0.0
721,3,10,150,68,0.11127296302403536
722,3,10,150,68,0.07401896317743158
723,3,10,150,68,0.0
724,3,10,150,68,0.0
725,3,10,150,68,0.04733244938590725
726,3,10,150,68,0.061080020762274374
727,3,10,150,68,0.08071248976412049
728,3,10,150,68,0.0
729,3,10,150,68,0.046534861017850544
730,3,10,150,68,0.0
731,3,10,150,68,0.1935015812983906
732,3,10,150,68,0.05717828980196049
733,3,10,150,68,0.020730875129846955
734,3,10,150,68,0.08131766139183766
735,3,10,150,68,0.08151055815578559
736,3,10,150,68,0.047009109882897075
737,3,10,150,68,0.12127716502890909
738,3,10,150,68,0.09907057054543131
739,3,10,150,68,0.18767092572990207
740,3,10,150,68,0.0523780734795101
741,3,10,150,68,0.0787396033907249
742,3,10,150,68,0.0527075128660253
743,3,10,150,68,0.1194783875505714
744,3,10,150,68,0.0
745,3,10,150,68,0.06774344219296054
746,3,10,150,68,0.24124954544361757
747,3,10,150,68,0.2243532631956311
748,3,10,150,68,0.04132344798443041
749,3,10,150,68,0.3147853214473113
750,3,10,150,68,0.18000575664763457
751,3,10,150,68,0.06407706415564705
752,3,10,150,68,0.08155432360208091
753,3,10,150,68,0.04072612696308379
754,3,10,150,68,0.0
755,3,10,150,68,0.0
756,3,10,150,68,0.044143057780823704
757,3,10,150,68,0.1348512266147596
758,3,10,150,68,0.24317092659801684
759,3,10,150,68,0.0
760,3,10,150,68,0.16006374561654185
761,3,10,150,68,0.17663858756688974
762,3,10,150,68,0.0
763,3,10,150,68,0.10697348874072295
764,3,10,150,68,0.04710969775183564
765,3,10,150,68,0.0966785411876802
766,3,10,150,68,0.035191004809260996
767,3,10,150,68,0.1269544353559099
768,3,10,150,68,0.09997171219938322
769,3,10,150,68,0.0
770,3,10,150,68,0.18348359547343202
771,3,10,150,68,0.07363642524234874
772,3,10,150,68,0.038996699933076286
773,3,10,150,68,0.15659560794124947
774,3,10,150,68,0.0
775,3,10,150,68,0.0
776,3,10,150,68,0.04721006604760436
777,3,10,150,68,0.0
778,3,10,150,68,0.08961728720334347
779,3,10,150,68,0.0
780,3,10,150,68,0.1478701604202007
781,3,10,150,68,0.12572447169101508
782,3,10,150,68,0.0
783,3,10,150,68,0.07763399617214947
784,3,10,150,68,0.04582425041433568
785,3,10,150,68,0.2848262604068979
786,3,10,150,68,0.13901223847985233
787,3,10,150,68,0.0
788,3,10,150,68,0.046626370288649896
789,3,10,150,68,0.14531023848228133
790,3,10,150,68,0.08452117092278105
791,3,10,150,68,0.059480024314918285
792,3,10,150,68,0.0946587791577201
793,3,10,150,68,0.11843263243420837
794,3,10,150,68,0.1578863001786244
795,3,10,150,68,0.06886690743551852
796,3,10,150,68,0.08755413553080371
797,3,10,150,68,0.13905617951077562
798,3,10,150,68,0.02688415331260267
799,3,10,150,68,0.2836929289153804
800,3,10,150,68,0.0
801,3,10,150,68,0.0
802,3,10,150,68,0.05621908976192367
803,3,10,150,68,0.0
804,3,10,150,68,0.21423116130402234
805,3,10,150,68,0.1350066983480993
806,3,10,150,68,0.10606704841588428
807,3,10,150,68,0.18716126069796726
808,3,10,150,68,0.0
809,3,10,150,68,0.0
810,3,10,150,68,0.0
811,3,10,150,68,0.1162989546852336
812,3,10,150,68,0.11600766930798434
813,3,10,150,68,0.06916902856231065
814,3,10,150,68,0.054181637470214
815,3,10,150,68,0.10380674919178415
816,3,10,150,68,0.10105367325027378
817,3,10,150,68,0.0
818,3,10,150,68,0.05187864210776578
819,3,10,150,68,0.0
820,3,10,150,68,0.12262943855309168
821,3,10,150,68,0.09816715076122622
822,3,10,150,68,0.0
823,3,10,150,68,0.14011732711290795
824,3,10,150,68,0.0
825,3,10,150,68,0.16434089815347858
826,3,10,150,68,0.1104586032397152
827,3,10,150,68,0.0
828,3,10,150,68,0.0
829,3,10,150,68,0.08143169212679746
830,3,10,150,68,0.13003750163762204
831,3,10,150,68,0.0800524392169327
832,3,10,150,68,0.0
833,3,10,150,68,0.05828935682373833
834,3,10,150,68,0.0
835,3,10,150,68,0.131093662595089
836,3,10,150,68,0.05097554749895306
837,3,10,150,68,0.05351287869030783
838,3,10,150,68,0.08633629724227374
839,3,10,150,68,0.0
840,3,10,150,68,0.1518245759629103
841,3,10,150,68,0.0
842,3,10,150,68,0.0
843,3,10,150,68,0.04209275315645388
844,3,10,150,68,0.0
845,3,10,150,68,0.06531065216760332
846,3,10,150,68,0.13363919278051073
847,3,10,150,68,0.0
848,3,10,150,68,0.03618657486793958
849,3,10,150,68,0.07682358143005112
850,3,10,150,68,0.06228974831361337
851,3,10,150,68,0.2277008805972924
852,3,10,150,68,0.07256783117062009
853,3,10,150,68,0.0
854,3,10,150,68,0.0
855,3,10,150,68,0.0
856,3,10,150,68,0.0
857,3,10,150,68,0.0
858,3,10,150,68,0.0
859,3,10,150,68,0.0
860,3,10,150,68,0.0
861,3,10,150,68,0.12754356661958802
862,3,10,150,68,0.1014543205029727
863,3,10,150,68,0.0
864,3,10,150,68,0.19756506460263396
865,3,10,150,68,0.0
866,3,10,150,68,0.0
867,3,10,150,68,0.18752183128814004
868,3,10,150,68,0.0
870,3,10,150,68,0.0
871,3,10,150,68,0.0
872,3,10,150,68,0.0
875,3,10,150,68,0.1395953738647505
876,3,10,150,68,0.0
877,3,10,150,68,0.0
1,3,10,150,69,0.6247579375131872
2,3,10,150,69,0.10688238502350729
3,3,10,150,69,0.0
4,3,10,150,69,0.0
5,3,10,150,69,0.0819283960923954
6,3,10,150,69,0.05340978172012693
7,3,10,150,69,0.15912203234939234
8,3,10,150,69,0.14580618822812969
9,3,10,150,69,0.0
10,3,10,150,69,0.16409920264511527
11,3,10,150,69,0.049016076581777215
12,3,10,150,69,0.04822019817866397
13,3,10,150,69,0.23669292388199692
14,3,10,150,69,0.10183115736271536
15,3,10,150,69,0.0
16,3,10,150,69,0.21217356960479747
17,3,10,150,69,0.12066394366711926
18,3,10,150,69,0.18606782959057458
19,3,10,150,69,0.0
20,3,10,150,69,0.14530105135237878
21,3,10,150,69,0.05824963961462511
22,3,10,150,69,0.1468275080577048
23,3,10,150,69,0.18360000301566626
24,3,10,150,69,0.311062094929455
25,3,10,150,69,0.0
26,3,10,150,69,0.030421795212869307
28,3,10,150,69,0.0
29,3,10,150,69,0.0
30,3,10,150,69,0.0979129253499678
31,3,10,150,69,0.06076546216996844
32,3,10,150,69,0.0
33,3,10,150,69,0.0
34,3,10,150,69,0.0
35,3,10,150,69,0.07108348368841133
37,3,10,150,69,0.08836851842055818
38,3,10,150,69,0.03215366848272267
39,3,10,150,69,0.0
40,3,10,150,69,0.03963175841995263
41,3,10,150,69,0.0
42,3,10,150,69,0.14144963799422255
43,3,10,150,69,0.268915965453296
44,3,10,150,69,0.07698159974258616
45,3,10,150,69,0.04505000432618384
46,3,10,150,69,0.2524329124868603
47,3,10,150,69,0.0
48,3,10,150,69,0.14225564083314088
49,3,10,150,69,0.08545966314334597
50,3,10,150,69,0.0
51,3,10,150,69,0.18953836965473142
52,3,10,150,69,0.04892579731758021
53,3,10,150,69,0.09546043308946733
54,3,10,150,69,0.07984133538066794
55,3,10,150,69,0.0
56,3,10,150,69,0.03975645576081676
57,3,10,150,69,0.03861141423677389
58,3,10,150,69,0.10796876451088402
59,3,10,150,69,0.1825401339226324
60,3,10,150,69,0.12123807080432077
61,3,10,150,69,0.0
62,3,10,150,69,0.056765939954965754
63,3,10,150,69,0.03554915059547175
64,3,10,150,69,0.0
65,3,10,150,69,0.2994759515353249
66,3,10,150,69,0.0
67,3,10,150,69,0.0
68,3,10,150,69,0.0
69,3,10,150,69,0.14840975300312728
70,3,10,150,69,0.0
71,3,10,150,69,0.1434649426280276
72,3,10,150,69,0.16084022171949366
73,3,10,150,69,0.051960280791503534
74,3,10,150,69,0.0
75,3,10,150,69,0.11731968150568911
76,3,10,150,69,0.14804398249667974
77,3,10,150,69,0.45287742747371695
78,3,10,150,69,0.0
79,3,10,150,69,0.0
80,3,10,150,69,0.08297572808511901
81,3,10,150,69,0.0
82,3,10,150,69,0.08926877557705373
83,3,10,150,69,0.04630610387058298
84,3,10,150,69,0.0
85,3,10,150,69,0.06966660916502733
86,3,10,150,69,0.07738888769495082
87,3,10,150,69,0.10058161863664324
88,3,10,150,69,0.0
89,3,10,150,69,0.22860031301980846
90,3,10,150,69,0.2386569480666451
91,3,10,150,69,0.13114221140465185
92,3,10,150,69,0.03690254550997565
93,3,10,150,69,0.0
94,3,10,150,69,0.1785123466504993
95,3,10,150,69,0.07964436720215591
96,3,10,150,69,0.19186450284072096
97,3,10,150,69,0.1324047882275468
98,3,10,150,69,0.08878770367712427
99,3,10,150,69,0.029785542524894418
100,3,10,150,69,0.0892789338684584
101,3,10,150,69,0.0
102,3,10,150,69,0.026001814664123827
103,3,10,150,69,0.07673373981757839
104,3,10,150,69,0.12171451575741458
106,3,10,150,69,0.05261577455142312
107,3,10,150,69,0.0
108,3,10,150,69,0.0
109,3,10,150,69,0.11259960483764554
110,3,10,150,69,0.06422488523189442
111,3,10,150,69,0.0
112,3,10,150,69,0.06510475888148554
113,3,10,150,69,0.05449144662575446
114,3,10,150,69,0.07610811271330754
115,3,10,150,69,0.046806851959664796
116,3,10,150,69,0.07814915695077672
117,3,10,150,69,0.10135360124281675
118,3,10,150,69,0.0
119,3,10,150,69,0.06127983274634642
121,3,10,150,69,0.06245141164382474
122,3,10,150,69,0.07625852881342107
123,3,10,150,69,0.46927872602275644
124,3,10,150,69,0.10889376106823218
125,3,10,150,69,0.15602345563935235
126,3,10,150,69,0.0
127,3,10,150,69,0.0
128,3,10,150,69,0.047777554739453616
129,3,10,150,69,0.0
130,3,10,150,69,0.11207058154636457
131,3,10,150,69,0.2803335894048546
132,3,10,150,69,0.1431991570830273
133,3,10,150,69,0.0
134,3,10,150,69,0.0
135,3,10,150,69,0.0
136,3,10,150,69,0.40257390286801836
137,3,10,150,69,0.0
138,3,10,150,69,0.21222747957761057
139,3,10,150,69,0.0
140,3,10,150,69,0.0
141,3,10,150,69,0.17799763794582682
142,3,10,150,69,0.30260241349881345
143,3,10,150,69,0.0
144,3,10,150,69,0.2143720535700613
145,3,10,150,69,0.07790537832794017
146,3,10,150,69,0.0
147,3,10,150,69,0.07610811271330754
148,3,10,150,69,0.10419221525731585
149,3,10,150,69,0.05446824630887794
150,3,10,150,69,0.0
151,3,10,150,69,0.1467394379667669
152,3,10,150,69,0.048689109753478024
153,3,10,150,69,0.06516188295518531
154,3,10,150,69,0.055100238151135045
155,3,10,150,69,0.0
156,3,10,150,69,0.07028063830038406
157,3,10,150,69,0.05840183867278569
158,3,10,150,69,0.07413972351842125
159,3,10,150,69,0.11026617795298452
160,3,10,150,69,0.060934076158944916
161,3,10,150,69,0.0
162,3,10,150,69,0.0
163,3,10,150,69,0.0
164,3,10,150,69,0.0
165,3,10,150,69,0.09149012142095872
166,3,10,150,69,0.0
167,3,10,150,69,0.03395822402998728
168,3,10,150,69,0.0
169,3,10,150,69,0.055427457405235275
170,3,10,150,69,0.0
171,3,10,150,69,0.0
172,3,10,150,69,0.0
173,3,10,150,69,0.0
174,3,10,150,69,0.07752093421921306
175,3,10,150,69,0.4413254197204702
176,3,10,150,69,0.0347693136731627
177,3,10,150,69,0.0
178,3,10,150,69,0.18053947820976404
179,3,10,150,69,0.06599888514927177
180,3,10,150,69,0.0
181,3,10,150,69,0.04622579729077891
182,3,10,150,69,0.13120507751234178
183,3,10,150,69,0.0
184,3,10,150,69,0.0
185,3,10,150,69,0.0
186,3,10,150,69,0.0
187,3,10,150,69,0.2004102107997965
188,3,10,150,69,0.026527518023781966
189,3,10,150,69,0.22982757951573698
190,3,10,150,69,0.0
191,3,10,150,69,0.07335312372354855
192,3,10,150,69,0.0
193,3,10,150,69,0.0
194,3,10,150,69,0.0860257611411915
195,3,10,150,69,0.10257737475069033
196,3,10,150,69,0.17342765698823945
197,3,10,150,69,0.07304192939088519
198,3,10,150,69,0.10387325901274824
199,3,10,150,69,0.052106753859569234
200,3,10,150,69,0.0971420957831845
201,3,10,150,69,0.2118684787166408
202,3,10,150,69,0.0
203,3,10,150,69,0.0
204,3,10,150,69,0.0
205,3,10,150,69,0.11600766930798434
206,3,10,150,69,0.0
207,3,10,150,69,0.10749379770280297
208,3,10,150,69,0.0
209,3,10,150,69,0.070675417981692
210,3,10,150,69,0.0
211,3,10,150,69,0.0
212,3,10,150,69,0.0559167101555819
213,3,10,150,69,0.08985507164305877
214,3,10,150,69,0.1257260924843343
215,3,10,150,69,0.157288596461893
216,3,10,150,69,0.27735230728218535
217,3,10,150,69,0.13000004444613666
218,3,10,150,69,0.06323567569191428
219,3,10,150,69,0.0
220,3,10,150,69,0.07807600999842033
221,3,10,150,69,0.12213234467515617
222,3,10,150,69,0.1483732210811898
223,3,10,150,69,0.039270700903099615
224,3,10,150,69,0.0
225,3,10,150,69,0.09311209812195972
226,3,10,150,69,0.0
227,3,10,150,69,0.0
229,3,10,150,69,0.0
230,3,10,150,69,0.1697995249867118
231,3,10,150,69,0.0
232,3,10,150,69,0.0
233,3,10,150,69,0.20123780419810608
234,3,10,150,69,0.17472759208048147
235,3,10,150,69,0.08312042273022706
236,3,10,150,69,0.12127042983235181
237,3,10,150,69,0.04776398023609584
238,3,10,150,69,0.0
239,3,10,150,69,0.12691627784085696
240,3,10,150,69,0.10235170428306553
241,3,10,150,69,0.1381300260171807
242,3,10,150,69,0.0
243,3,10,150,69,0.0
244,3,10,150,69,0.15017336350566032
245,3,10,150,69,0.0
246,3,10,150,69,0.08356426880363813
247,3,10,150,69,0.15642624200758548
248,3,10,150,69,0.23451355966072135
249,3,10,150,69,0.3296200475575061
250,3,10,150,69,0.07806699296748765
251,3,10,150,69,0.0
252,3,10,150,69,0.0
253,3,10,150,69,0.0
254,3,10,150,69,0.036502603141236205
255,3,10,150,69,0.10933464083642679
256,3,10,150,69,0.0681239071992697
257,3,10,150,69,0.12830873359117523
258,3,10,150,69,0.0
259,3,10,150,69,0.0
260,3,10,150,69,0.0
261,3,10,150,69,0.0
262,3,10,150,69,0.0
263,3,10,150,69,0.32837769821077345
264,3,10,150,69,0.35681377696685707
265,3,10,150,69,0.19802572813668026
266,3,10,150,69,0.0
267,3,10,150,69,0.21076490690365068
268,3,10,150,69,0.10827784002385153
269,3,10,150,69,0.040019695500760184
270,3,10,150,69,0.049915567102790354
271,3,10,150,69,0.10729393508609222
272,3,10,150,69,0.10457492829503848
273,3,10,150,69,0.0
274,3,10,150,69,0.0
275,3,10,150,69,0.0
276,3,10,150,69,0.1867054782026733
277,3,10,150,69,0.0
278,3,10,150,69,0.0
279,3,10,150,69,0.11910385967976722
280,3,10,150,69,0.07316593591075989
281,3,10,150,69,0.0
282,3,10,150,69,0.09659953929285248
283,3,10,150,69,0.0
284,3,10,150,69,0.0
285,3,10,150,69,0.0
286,3,10,150,69,0.016140534521312585
287,3,10,150,69,0.0
288,3,10,150,69,0.13999259891013252
289,3,10,150,69,0.0
290,3,10,150,69,0.09647783930421741
291,3,10,150,69,0.17775326828407884
292,3,10,150,69,0.27665227928348557
293,3,10,150,69,0.06473185259369746
294,3,10,150,69,0.09628038570550856
295,3,10,150,69,0.14073295606443062
296,3,10,150,69,0.1313923743616208
297,3,10,150,69,0.030868393892711742
298,3,10,150,69,0.13814728270261697
299,3,10,150,69,0.06251231174305825
300,3,10,150,69,0.0
301,3,10,150,69,0.1296575124303738
302,3,10,150,69,0.07335312372354855
303,3,10,150,69,0.17978154785217412
304,3,10,150,69,0.0
305,3,10,150,69,0.05428021340641747
306,3,10,150,69,0.0
307,3,10,150,69,0.13128644747266613
308,3,10,150,69,0.05707430901002984
309,3,10,150,69,0.0
310,3,10,150,69,0.2890648263178879
311,3,10,150,69,0.17512035582237062
312,3,10,150,69,0.16963857451199318
313,3,10,150,69,0.09586943528179451
314,3,10,150,69,0.10507089418815024
315,3,10,150,69,0.09785159463516042
316,3,10,150,69,0.06076546216996844
317,3,10,150,69,0.0
318,3,10,150,69,0.07377376675297492
319,3,10,150,69,0.0
320,3,10,150,69,0.08947300054212491
321,3,10,150,69,0.08223795175588802
322,3,10,150,69,0.07955752067133452
323,3,10,150,69,0.12229181918924699
324,3,10,150,69,0.0
325,3,10,150,69,0.0
326,3,10,150,69,0.10817904857938596
327,3,10,150,69,0.0
328,3,10,150,69,0.1253761246808089
329,3,10,150,69,0.056720838976548935
330,3,10,150,69,0.3028509129070748
331,3,10,150,69,0.0
332,3,10,150,69,0.09937017023483655
333,3,10,150,69,0.0
334,3,10,150,69,0.11273548330803308
335,3,10,150,69,0.0
336,3,10,150,69,0.0
337,3,10,150,69,0.16908993508344605
338,3,10,150,69,0.08388555279643939
339,3,10,150,69,0.1856477756884163
340,3,10,150,69,0.12647135138382856
341,3,10,150,69,0.0
342,3,10,150,69,0.15381739323016694
343,3,10,150,69,0.35449693766486445
344,3,10,150,69,0.13804010954782428
345,3,10,150,69,0.1302817386077542
346,3,10,150,69,0.1264086027263655
347,3,10,150,69,0.09642724089192412
348,3,10,150,69,0.0
349,3,10,150,69,0.07123530534387781
350,3,10,150,69,0.2314071217459096
351,3,10,150,69,0.0
352,3,10,150,69,0.16282653392890226
353,3,10,150,69,0.09489642549953911
354,3,10,150,69,0.033699515540238464
355,3,10,150,69,0.05122871476979503
356,3,10,150,69,0.0
357,3,10,150,69,0.0
358,3,10,150,69,0.26730206653594746
359,3,10,150,69,0.14341929980357182
360,3,10,150,69,0.13132846997338612
361,3,10,150,69,0.0
362,3,10,150,69,0.0
363,3,10,150,69,0.1867805234163032
364,3,10,150,69,0.0
365,3,10,150,69,0.0989084497079971
366,3,10,150,69,0.10684080426179023
367,3,10,150,69,0.1410054764628891
368,3,10,150,69,0.0
369,3,10,150,69,0.0
370,3,10,150,69,0.045683428159663184
371,3,10,150,69,0.174231549865924
372,3,10,150,69,0.13528214995015655
373,3,10,150,69,0.18128610071101886
374,3,10,150,69,0.1523273086076386
375,3,10,150,69,0.0
376,3,10,150,69,0.0
377,3,10,150,69,0.053168340515114924
378,3,10,150,69,0.05380123646134996
379,3,10,150,69,0.16693258363041708
380,3,10,150,69,0.0
381,3,10,150,69,0.08294243278442993
382,3,10,150,69,0.13500098315004241
383,3,10,150,69,0.03539807129574854
384,3,10,150,69,0.08759200575528697
385,3,10,150,69,0.1546778125427113
386,3,10,150,69,0.0
387,3,10,150,69,0.03814967334348895
388,3,10,150,69,0.029785542524894418
389,3,10,150,69,0.13183633031089573
390,3,10,150,69,0.21398626473452756
391,3,10,150,69,0.298074760835303
392,3,10,150,69,0.08604779973730994
393,3,10,150,69,0.17449789806606272
394,3,10,150,69,0.12900206501129066
395,3,10,150,69,0.15727036710905312
396,3,10,150,69,0.0
397,3,10,150,69,0.12905531436930254
398,3,10,150,69,0.12204637821038242
399,3,10,150,69,0.044608565600894774
400,3,10,150,69,0.0
401,3,10,150,69,0.0
402,3,10,150,69,0.469779625693621
403,3,10,150,69,0.0
404,3,10,150,69,0.0
405,3,10,150,69,0.21892368019430117
406,3,10,150,69,0.1428233347987388
407,3,10,150,69,0.07343764708220529
408,3,10,150,69,0.12083071655728543
409,3,10,150,69,0.15086419336317547
410,3,10,150,69,0.0
411,3,10,150,69,0.1128999930808451
412,3,10,150,69,0.0
413,3,10,150,69,0.10122860821230018
414,3,10,150,69,0.0
415,3,10,150,69,0.07605458145297357
416,3,10,150,69,0.31057703096261513
417,3,10,150,69,0.0577019090554232
418,3,10,150,69,0.07001560573318603
419,3,10,150,69,0.26168079122473237
420,3,10,150,69,0.0527075128660253
421,3,10,150,69,0.202729931306865
422,3,10,150,69,0.0
423,3,10,150,69,0.0
424,3,10,150,69,0.13291000263869587
425,3,10,150,69,0.015224331423152564
426,3,10,150,69,0.10004388309532918
427,3,10,150,69,0.0
428,3,10,150,69,0.0
429,3,10,150,69,0.14012267521284363
430,3,10,150,69,0.062242588308449316
431,3,10,150,69,0.0
432,3,10,150,69,0.05253723007572906
433,3,10,150,69,0.0
434,3,10,150,69,0.25803884452092735
435,3,10,150,69,0.21895031196179715
436,3,10,150,69,0.09291494561763272
437,3,10,150,69,0.06322656079779612
438,3,10,150,69,0.0
439,3,10,150,69,0.0
440,3,10,150,69,0.10025741859697787
441,3,10,150,69,0.0
442,3,10,150,69,0.058478916078390675
443,3,10,150,69,0.056720838976548935
444,3,10,150,69,0.19519002499605084
445,3,10,150,69,0.0
446,3,10,150,69,0.0
447,3,10,150,69,0.09914294517496557
448,3,10,150,69,0.0
449,3,10,150,69,0.0
450,3,10,150,69,0.32899704256248485
451,3,10,150,69,0.0
452,3,10,150,69,0.048188247044562364
453,3,10,150,69,0.13392124957971085
454,3,10,150,69,0.0
455,3,10,150,69,0.2223859147540445
456,3,10,150,69,0.18931496347604157
457,3,10,150,69,0.3877521561524569
458,3,10,150,69,0.12059750656999586
459,3,10,150,69,0.04901586605894737
460,3,10,150,69,0.0
461,3,10,150,69,0.10778915452451093
462,3,10,150,69,0.16728714615527887
463,3,10,150,69,0.1032589365938857
464,3,10,150,69,0.091470579054696
465,3,10,150,69,0.0733934381893728
466,3,10,150,69,0.0750834162528243
467,3,10,150,69,0.032842167909375275
468,3,10,150,69,0.4424763580282471
469,3,10,150,69,0.050924439617225085
470,3,10,150,69,0.040162930685297936
471,3,10,150,69,0.0
472,3,10,150,69,0.28611797038398024
473,3,10,150,69,0.08903377327702097
474,3,10,150,69,0.37290833269628304
475,3,10,150,69,0.0
476,3,10,150,69,0.12097589732794561
477,3,10,150,69,0.0
478,3,10,150,69,0.2059565668593519
479,3,10,150,69,0.07893633843817272
480,3,10,150,69,0.0881980292211471
481,3,10,150,69,0.05234104579082298
482,3,10,150,69,0.15905893746943514
483,3,10,150,69,0.06194403202282284
484,3,10,150,69,0.30830871788407543
485,3,10,150,69,0.0
486,3,10,150,69,0.06108300840136219
487,3,10,150,69,0.10364455929400511
488,3,10,150,69,0.05887472794707303
489,3,10,150,69,0.0
490,3,10,150,69,0.06490403551612171
491,3,10,150,69,0.17758207479178334
492,3,10,150,69,0.12925417913024104
493,3,10,150,69,0.2507881701135645
494,3,10,150,69,0.15581531016292202
495,3,10,150,69,0.142346942264849
496,3,10,150,69,0.07271211160102074
497,3,10,150,69,0.07810188140590023
498,3,10,150,69,0.0343217267714905
499,3,10,150,69,0.16209170826928437
500,3,10,150,69,0.04698773570888995
501,3,10,150,69,0.0
502,3,10,150,69,0.03272632263321488
503,3,10,150,69,0.26389046315772724
504,3,10,150,69,0.09794337990609951
505,3,10,150,69,0.025255271126572616
506,3,10,150,69,0.15275746480339386
507,3,10,150,69,0.02579743633593384
508,3,10,150,69,0.19188799772768309
509,3,10,150,69,0.0
510,3,10,150,69,0.17032928501352598
511,3,10,150,69,0.12155021559723776
512,3,10,150,69,0.0
513,3,10,150,69,0.09761131800342168
514,3,10,150,69,0.20202473045271674
515,3,10,150,69,0.0
516,3,10,150,69,0.07947838320659593
517,3,10,150,69,0.03859643636257609
518,3,10,150,69,0.05268083714989503
519,3,10,150,69,0.034560204819110964
520,3,10,150,69,0.0
521,3,10,150,69,0.07649261318048692
522,3,10,150,69,0.16542389351858164
523,3,10,150,69,0.1705239552439998
524,3,10,150,69,0.05552908954408243
525,3,10,150,69,0.06516045994396072
526,3,10,150,69,0.052528565413809895
527,3,10,150,69,0.21068702285875093
528,3,10,150,69,0.1255942414278791
529,3,10,150,69,0.03208343640786788
530,3,10,150,69,0.0
531,3,10,150,69,0.0
532,3,10,150,69,0.19658065624585458
533,3,10,150,69,0.1334151400295446
534,3,10,150,69,0.10040759964046686
535,3,10,150,69,0.25224874540372827
536,3,10,150,69,0.16943073315280816
537,3,10,150,69,0.436371037096964
538,3,10,150,69,0.09944592215223559
539,3,10,150,69,0.07086035994602148
540,3,10,150,69,0.0
541,3,10,150,69,0.0779170553370938
542,3,10,150,69,0.07173250396753712
543,3,10,150,69,0.0
544,3,10,150,69,0.0
545,3,10,150,69,0.1627301445786375
546,3,10,150,69,0.1727529426032757
547,3,10,150,69,0.04528995543568932
548,3,10,150,69,0.08556622378188056
549,3,10,150,69,0.10184659627402569
550,3,10,150,69,0.0845667599404342
551,3,10,150,69,0.26485909984066147
552,3,10,150,69,0.0
553,3,10,150,69,0.13528660262448355
554,3,10,150,69,0.0
555,3,10,150,69,0.037070343480771185
556,3,10,150,69,0.2848749592866812
557,3,10,150,69,0.044530079137671444
558,3,10,150,69,0.21398626473452756
559,3,10,150,69,0.09577994284216261
560,3,10,150,69,0.11942337490935596
561,3,10,150,69,0.07150961147963192
562,3,10,150,69,0.1501964202441757
563,3,10,150,69,0.10791970824616881
564,3,10,150,69,0.0
565,3,10,150,69,0.2016297075493207
566,3,10,150,69,0.11935234359120704
567,3,10,150,69,0.3074611602345109
568,3,10,150,69,0.07161318866452264
569,3,10,150,69,0.023835426911994775
570,3,10,150,69,0.0
571,3,10,150,69,0.0512644431393966
572,3,10,150,69,0.30260241349881345
573,3,10,150,69,0.0
574,3,10,150,69,0.0
575,3,10,150,69,0.13043262693172047
576,3,10,150,69,0.0
577,3,10,150,69,0.19112477211426193
578,3,10,150,69,0.0
579,3,10,150,69,0.06152644703210656
580,3,10,150,69,0.03144137376097698
581,3,10,150,69,0.0
582,3,10,150,69,0.06679511870650716
583,3,10,150,69,0.13912814892946682
584,3,10,150,69,0.20261715588288354
585,3,10,150,69,0.042225550968526857
586,3,10,150,69,0.0663945281096953
587,3,10,150,69,0.014710191939204944
588,3,10,150,69,0.24784174241185142
589,3,10,150,69,0.09905100598441088
590,3,10,150,69,0.19997970715667693
591,3,10,150,69,0.08651464973019597
592,3,10,150,69,0.3554230330112367
593,3,10,150,69,0.13165741445679038
594,3,10,150,69,0.0
595,3,10,150,69,0.055965373307784824
596,3,10,150,69,0.09803928583135704
597,3,10,150,69,0.02579743633593384
598,3,10,150,69,0.0
599,3,10,150,69,0.02506539947940475
600,3,10,150,69,0.13574631165894233
601,3,10,150,69,0.1353025537211632
602,3,10,150,69,0.041278922835426404
603,3,10,150,69,0.12541207695631323
604,3,10,150,69,0.0
605,3,10,150,69,0.19312966530172024
606,3,10,150,69,0.3370647595039492
607,3,10,150,69,0.0308875359117713
608,3,10,150,69,0.20892520748006801
609,3,10,150,69,0.0
610,3,10,150,69,0.12186625680881258
611,3,10,150,69,0.19680646538945382
612,3,10,150,69,0.09162544430476362
613,3,10,150,69,0.1652462050665711
614,3,10,150,69,0.1467868763787456
615,3,10,150,69,0.1578637648166983
616,3,10,150,69,0.030480958763669998
617,3,10,150,69,0.038287076928437726
618,3,10,150,69,0.11497849579386436
619,3,10,150,69,0.14795344439858116
620,3,10,150,69,0.24239278329353608
621,3,10,150,69,0.10569072181389248
622,3,10,150,69,0.17201208021429182
623,3,10,150,69,0.04214302778527282
624,3,10,150,69,0.03202992305603544
625,3,10,150,69,0.06672272773479279
626,3,10,150,69,0.0
627,3,10,150,69,0.117029167906089
628,3,10,150,69,0.0
629,3,10,150,69,0.28364213168183045
630,3,10,150,69,0.10834532177911152
631,3,10,150,69,0.13449792459172438
632,3,10,150,69,0.06934269739950429
633,3,10,150,69,0.050456115328747164
634,3,10,150,69,0.09692094009503625
635,3,10,150,69,0.0
636,3,10,150,69,0.3615974840572412
637,3,10,150,69,0.02898066279104336
638,3,10,150,69,0.05152901435389809
639,3,10,150,69,0.0
640,3,10,150,69,0.16254564442204458
641,3,10,150,69,0.051358492238643604
642,3,10,150,69,0.3105518167944179
643,3,10,150,69,0.23914059954507738
644,3,10,150,69,0.0
645,3,10,150,69,0.17744101704673967
646,3,10,150,69,0.11243817952384734
647,3,10,150,69,0.06590268968688952
648,3,10,150,69,0.26006198547599246
649,3,10,150,69,0.04336490181597879
650,3,10,150,69,0.10435028160569376
651,3,10,150,69,0.0
652,3,10,150,69,0.0
653,3,10,150,69,0.1177539479039818
654,3,10,150,69,0.05565540817690415
655,3,10,150,69,0.46246086102983197
656,3,10,150,69,0.0
657,3,10,150,69,0.2504953915210566
658,3,10,150,69,0.09988783377897062
659,3,10,150,69,0.1103884356040055
660,3,10,150,69,0.011001034933403682
661,3,10,150,69,0.21396342200866308
662,3,10,150,69,0.0
663,3,10,150,69,0.1250707809701198
664,3,10,150,69,0.2580066324773054
665,3,10,150,69,0.0637635876459061
666,3,10,150,69,0.11871078969620943
667,3,10,150,69,0.1487205698875683
668,3,10,150,69,0.0
669,3,10,150,69,0.2287469684999221
670,3,10,150,69,0.0
671,3,10,150,69,0.20598773756155325
672,3,10,150,69,0.07973520350569015
673,3,10,150,69,0.03236977394070781
674,3,10,150,69,0.0
675,3,10,150,69,0.0382580635535654
676,3,10,150,69,0.22358931366364498
677,3,10,150,69,0.10158983531347915
678,3,10,150,69,0.0
679,3,10,150,69,0.184849053963804
680,3,10,150,69,0.0
681,3,10,150,69,0.0
682,3,10,150,69,0.2555053647569418
683,3,10,150,69,0.045215225629604006
684,3,10,150,69,0.03158850394477252
685,3,10,150,69,0.20373936192022438
686,3,10,150,69,0.18891272501448678
687,3,10,150,69,0.0
688,3,10,150,69,0.0
689,3,10,150,69,0.40191678174210904
690,3,10,150,69,0.24802939400095458
691,3,10,150,69,0.6023709850354425
692,3,10,150,69,0.03353522641880846
693,3,10,150,69,0.04711181933747839
694,3,10,150,69,0.21217140950148172
695,3,10,150,69,0.05816383356143395
696,3,10,150,69,0.08111636357522063
697,3,10,150,69,0.08316188759665785
698,3,10,150,69,0.0
699,3,10,150,69,0.052585582308339936
700,3,10,150,69,0.0
701,3,10,150,69,0.12271508523586225
702,3,10,150,69,0.0
703,3,10,150,69,0.21888235022994418
704,3,10,150,69,0.19986259407697265
705,3,10,150,69,0.2598949629128916
706,3,10,150,69,0.0
707,3,10,150,69,0.26115229453705885
708,3,10,150,69,0.03476299583640518
709,3,10,150,69,0.15396797127961612
710,3,10,150,69,0.25040922491354684
711,3,10,150,69,0.2101337724338976
712,3,10,150,69,0.0709301463537875
713,3,10,150,69,0.0
714,3,10,150,69,0.1266607864485773
715,3,10,150,69,0.16860516623933322
716,3,10,150,69,0.2705111791736694
717,3,10,150,69,0.13562133373277918
718,3,10,150,69,0.0
719,3,10,150,69,0.10353175087921149
720,3,10,150,69,0.0
721,3,10,150,69,0.11127296302403536
722,3,10,150,69,0.07401896317743158
723,3,10,150,69,0.0
724,3,10,150,69,0.0
725,3,10,150,69,0.04733244938590725
726,3,10,150,69,0.061080020762274374
727,3,10,150,69,0.07989489038692514
728,3,10,150,69,0.0
729,3,10,150,69,0.046534861017850544
730,3,10,150,69,0.0
731,3,10,150,69,0.1935015812983906
732,3,10,150,69,0.05717828980196049
733,3,10,150,69,0.020730875129846955
734,3,10,150,69,0.08131766139183766
735,3,10,150,69,0.08151055815578559
736,3,10,150,69,0.047009109882897075
737,3,10,150,69,0.12127716502890909
738,3,10,150,69,0.09907057054543131
739,3,10,150,69,0.18767092572990207
740,3,10,150,69,0.0523780734795101
741,3,10,150,69,0.0787396033907249
742,3,10,150,69,0.0527075128660253
743,3,10,150,69,0.1194783875505714
744,3,10,150,69,0.0
745,3,10,150,69,0.06774344219296054
746,3,10,150,69,0.24124954544361757
747,3,10,150,69,0.2322103902745776
748,3,10,150,69,0.04132344798443041
749,3,10,150,69,0.3115966169045855
750,3,10,150,69,0.18000575664763457
751,3,10,150,69,0.06407706415564705
752,3,10,150,69,0.08155432360208091
753,3,10,150,69,0.04072612696308379
754,3,10,150,69,0.0
755,3,10,150,69,0.0
756,3,10,150,69,0.044143057780823704
757,3,10,150,69,0.1348512266147596
758,3,10,150,69,0.25083743497689565
759,3,10,150,69,0.0
760,3,10,150,69,0.16006374561654185
761,3,10,150,69,0.17663858756688974
762,3,10,150,69,0.0
763,3,10,150,69,0.10697348874072295
764,3,10,150,69,0.04710969775183564
765,3,10,150,69,0.0966785411876802
766,3,10,150,69,0.035191004809260996
767,3,10,150,69,0.1269544353559099
768,3,10,150,69,0.09997171219938322
769,3,10,150,69,0.0
770,3,10,150,69,0.18348359547343202
771,3,10,150,69,0.07363642524234874
772,3,10,150,69,0.038996699933076286
773,3,10,150,69,0.15659560794124947
774,3,10,150,69,0.0
775,3,10,150,69,0.0
776,3,10,150,69,0.04721006604760436
777,3,10,150,69,0.0
778,3,10,150,69,0.08961728720334347
779,3,10,150,69,0.0
780,3,10,150,69,0.1478701604202007
781,3,10,150,69,0.12572447169101508
782,3,10,150,69,0.0
783,3,10,150,69,0.07763399617214947
784,3,10,150,69,0.04582425041433568
785,3,10,150,69,0.2848262604068979
786,3,10,150,69,0.13901223847985233
787,3,10,150,69,0.0
788,3,10,150,69,0.046626370288649896
789,3,10,150,69,0.14531023848228133
790,3,10,150,69,0.08452117092278105
791,3,10,150,69,0.059480024314918285
792,3,10,150,69,0.0946587791577201
793,3,10,150,69,0.11843263243420837
794,3,10,150,69,0.1578863001786244
795,3,10,150,69,0.06886690743551852
796,3,10,150,69,0.08666723181998938
797,3,10,150,69,0.13905617951077562
798,3,10,150,69,0.02688415331260267
799,3,10,150,69,0.2836929289153804
800,3,10,150,69,0.0
801,3,10,150,69,0.0
802,3,10,150,69,0.05621908976192367
803,3,10,150,69,0.0
804,3,10,150,69,0.21206104779903828
805,3,10,150,69,0.1350066983480993
806,3,10,150,69,0.10606704841588428
807,3,10,150,69,0.18716126069796726
808,3,10,150,69,0.0
809,3,10,150,69,0.0
810,3,10,150,69,0.0
811,3,10,150,69,0.1162989546852336
812,3,10,150,69,0.11600766930798434
813,3,10,150,69,0.06916902856231065
814,3,10,150,69,0.054181637470214
815,3,10,150,69,0.10380674919178415
816,3,10,150,69,0.10105367325027378
817,3,10,150,69,0.0
818,3,10,150,69,0.05187864210776578
819,3,10,150,69,0.0
820,3,10,150,69,0.12262943855309168
821,3,10,150,69,0.09816715076122622
822,3,10,150,69,0.0
823,3,10,150,69,0.14011732711290795
824,3,10,150,69,0.0
825,3,10,150,69,0.16434089815347858
826,3,10,150,69,0.1395338307503347
827,3,10,150,69,0.0
828,3,10,150,69,0.0
829,3,10,150,69,0.08143169212679746
830,3,10,150,69,0.13003750163762204
831,3,10,150,69,0.0800524392169327
832,3,10,150,69,0.0
833,3,10,150,69,0.05828935682373833
834,3,10,150,69,0.0
835,3,10,150,69,0.131093662595089
836,3,10,150,69,0.05097554749895306
837,3,10,150,69,0.05351287869030783
838,3,10,150,69,0.08633629724227374
839,3,10,150,69,0.0
840,3,10,150,69,0.1518245759629103
841,3,10,150,69,0.0
842,3,10,150,69,0.0
843,3,10,150,69,0.04209275315645388
844,3,10,150,69,0.0
845,3,10,150,69,0.06531065216760332
846,3,10,150,69,0.13363919278051073
847,3,10,150,69,0.0
848,3,10,150,69,0.03618657486793958
849,3,10,150,69,0.07682358143005112
850,3,10,150,69,0.06228974831361337
851,3,10,150,69,0.2277008805972924
852,3,10,150,69,0.07256783117062009
853,3,10,150,69,0.0
854,3,10,150,69,0.0
855,3,10,150,69,0.0
856,3,10,150,69,0.0
857,3,10,150,69,0.0
858,3,10,150,69,0.0
859,3,10,150,69,0.0
860,3,10,150,69,0.0
861,3,10,150,69,0.12754356661958802
862,3,10,150,69,0.1014543205029727
863,3,10,150,69,0.0
864,3,10,150,69,0.19756506460263396
865,3,10,150,69,0.0
866,3,10,150,69,0.0
867,3,10,150,69,0.18752183128814004
868,3,10,150,69,0.0
870,3,10,150,69,0.0
871,3,10,150,69,0.0
872,3,10,150,69,0.0
875,3,10,150,69,0.1395953738647505
876,3,10,150,69,0.0
877,3,10,150,69,0.0
1,3,10,150,70,0.6247579375131872
2,3,10,150,70,0.10688238502350729
3,3,10,150,70,0.0
4,3,10,150,70,0.0
5,3,10,150,70,0.0819283960923954
6,3,10,150,70,0.05340978172012693
7,3,10,150,70,0.15912203234939234
8,3,10,150,70,0.14580618822812969
9,3,10,150,70,0.0
10,3,10,150,70,0.16409920264511527
11,3,10,150,70,0.049016076581777215
12,3,10,150,70,0.04822019817866397
13,3,10,150,70,0.23432714135717359
14,3,10,150,70,0.10183115736271536
15,3,10,150,70,0.0
16,3,10,150,70,0.21217356960479747
17,3,10,150,70,0.12066394366711926
18,3,10,150,70,0.18606782959057458
19,3,10,150,70,0.0
20,3,10,150,70,0.14530105135237878
21,3,10,150,70,0.05824963961462511
22,3,10,150,70,0.1468275080577048
23,3,10,150,70,0.18360000301566626
24,3,10,150,70,0.311062094929455
25,3,10,150,70,0.0
26,3,10,150,70,0.030421795212869307
28,3,10,150,70,0.0
29,3,10,150,70,0.0
30,3,10,150,70,0.0979129253499678
31,3,10,150,70,0.06076546216996844
32,3,10,150,70,0.0
33,3,10,150,70,0.0
34,3,10,150,70,0.0
35,3,10,150,70,0.07108348368841133
37,3,10,150,70,0.08836851842055818
38,3,10,150,70,0.03215366848272267
39,3,10,150,70,0.0
40,3,10,150,70,0.03963175841995263
41,3,10,150,70,0.0
42,3,10,150,70,0.14144963799422255
43,3,10,150,70,0.268915965453296
44,3,10,150,70,0.07698159974258616
45,3,10,150,70,0.04505000432618384
46,3,10,150,70,0.2524329124868603
47,3,10,150,70,0.0
48,3,10,150,70,0.14225564083314088
49,3,10,150,70,0.08545966314334597
50,3,10,150,70,0.0
51,3,10,150,70,0.18953836965473142
52,3,10,150,70,0.04892579731758021
53,3,10,150,70,0.09546043308946733
54,3,10,150,70,0.07984133538066794
55,3,10,150,70,0.0
56,3,10,150,70,0.03975645576081676
57,3,10,150,70,0.03861141423677389
58,3,10,150,70,0.10796876451088402
59,3,10,150,70,0.1825401339226324
60,3,10,150,70,0.12123807080432077
61,3,10,150,70,0.0
62,3,10,150,70,0.056765939954965754
63,3,10,150,70,0.03554915059547175
64,3,10,150,70,0.0
65,3,10,150,70,0.2994759515353249
66,3,10,150,70,0.0
67,3,10,150,70,0.0
68,3,10,150,70,0.0
69,3,10,150,70,0.14840975300312728
70,3,10,150,70,0.02172288304169718
71,3,10,150,70,0.1434649426280276
72,3,10,150,70,0.16084022171949366
73,3,10,150,70,0.051960280791503534
74,3,10,150,70,0.0
75,3,10,150,70,0.11731968150568911
76,3,10,150,70,0.14804398249667974
77,3,10,150,70,0.45287742747371695
78,3,10,150,70,0.0
79,3,10,150,70,0.0
80,3,10,150,70,0.08297572808511901
81,3,10,150,70,0.0
82,3,10,150,70,0.08926877557705373
83,3,10,150,70,0.04630610387058298
84,3,10,150,70,0.0
85,3,10,150,70,0.06966660916502733
86,3,10,150,70,0.07738888769495082
87,3,10,150,70,0.10058161863664324
88,3,10,150,70,0.0
89,3,10,150,70,0.22860031301980846
90,3,10,150,70,0.2386569480666451
91,3,10,150,70,0.13114221140465185
92,3,10,150,70,0.03690254550997565
93,3,10,150,70,0.0
94,3,10,150,70,0.1785123466504993
95,3,10,150,70,0.07964436720215591
96,3,10,150,70,0.19186450284072096
97,3,10,150,70,0.1324047882275468
98,3,10,150,70,0.08878770367712427
99,3,10,150,70,0.029785542524894418
100,3,10,150,70,0.0892789338684584
101,3,10,150,70,0.0
102,3,10,150,70,0.026001814664123827
103,3,10,150,70,0.07673373981757839
104,3,10,150,70,0.12171451575741458
106,3,10,150,70,0.05261577455142312
107,3,10,150,70,0.0
108,3,10,150,70,0.0
109,3,10,150,70,0.11259960483764554
110,3,10,150,70,0.06422488523189442
111,3,10,150,70,0.0
112,3,10,150,70,0.06510475888148554
113,3,10,150,70,0.05449144662575446
114,3,10,150,70,0.07610811271330754
115,3,10,150,70,0.046806851959664796
116,3,10,150,70,0.07814915695077672
117,3,10,150,70,0.10135360124281675
118,3,10,150,70,0.0
119,3,10,150,70,0.06127983274634642
121,3,10,150,70,0.06245141164382474
122,3,10,150,70,0.07625852881342107
123,3,10,150,70,0.46927872602275644
124,3,10,150,70,0.10889376106823218
125,3,10,150,70,0.15602345563935235
126,3,10,150,70,0.0
127,3,10,150,70,0.0
128,3,10,150,70,0.047777554739453616
129,3,10,150,70,0.0
130,3,10,150,70,0.11207058154636457
131,3,10,150,70,0.2803335894048546
132,3,10,150,70,0.1431991570830273
133,3,10,150,70,0.0
134,3,10,150,70,0.0
135,3,10,150,70,0.0
136,3,10,150,70,0.40257390286801836
137,3,10,150,70,0.0
138,3,10,150,70,0.21222747957761057
139,3,10,150,70,0.0
140,3,10,150,70,0.0
141,3,10,150,70,0.17799763794582682
142,3,10,150,70,0.30260241349881345
143,3,10,150,70,0.0
144,3,10,150,70,0.2143720535700613
145,3,10,150,70,0.07790537832794017
146,3,10,150,70,0.0
147,3,10,150,70,0.07610811271330754
148,3,10,150,70,0.10419221525731585
149,3,10,150,70,0.05446824630887794
150,3,10,150,70,0.0
151,3,10,150,70,0.1467394379667669
152,3,10,150,70,0.048689109753478024
153,3,10,150,70,0.06516188295518531
154,3,10,150,70,0.055100238151135045
155,3,10,150,70,0.0
156,3,10,150,70,0.07028063830038406
157,3,10,150,70,0.05840183867278569
158,3,10,150,70,0.07413972351842125
159,3,10,150,70,0.11026617795298452
160,3,10,150,70,0.060934076158944916
161,3,10,150,70,0.0
162,3,10,150,70,0.0
163,3,10,150,70,0.0
164,3,10,150,70,0.0
165,3,10,150,70,0.09149012142095872
166,3,10,150,70,0.0
167,3,10,150,70,0.03395822402998728
168,3,10,150,70,0.0
169,3,10,150,70,0.055427457405235275
170,3,10,150,70,0.0
171,3,10,150,70,0.0
172,3,10,150,70,0.0
173,3,10,150,70,0.0
174,3,10,150,70,0.07752093421921306
175,3,10,150,70,0.4413254197204702
176,3,10,150,70,0.0347693136731627
177,3,10,150,70,0.0
178,3,10,150,70,0.18053947820976404
179,3,10,150,70,0.06599888514927177
180,3,10,150,70,0.0
181,3,10,150,70,0.04622579729077891
182,3,10,150,70,0.13120507751234178
183,3,10,150,70,0.0
184,3,10,150,70,0.0
185,3,10,150,70,0.0
186,3,10,150,70,0.0
187,3,10,150,70,0.2004102107997965
188,3,10,150,70,0.026527518023781966
189,3,10,150,70,0.22982757951573698
190,3,10,150,70,0.0
191,3,10,150,70,0.07335312372354855
192,3,10,150,70,0.0
193,3,10,150,70,0.0
194,3,10,150,70,0.0860257611411915
195,3,10,150,70,0.10257737475069033
196,3,10,150,70,0.17342765698823945
197,3,10,150,70,0.07304192939088519
198,3,10,150,70,0.10387325901274824
199,3,10,150,70,0.052106753859569234
200,3,10,150,70,0.0971420957831845
201,3,10,150,70,0.2118684787166408
202,3,10,150,70,0.0
203,3,10,150,70,0.0
204,3,10,150,70,0.0
205,3,10,150,70,0.11600766930798434
206,3,10,150,70,0.0
207,3,10,150,70,0.10749379770280297
208,3,10,150,70,0.0
209,3,10,150,70,0.070675417981692
210,3,10,150,70,0.0
211,3,10,150,70,0.0
212,3,10,150,70,0.0559167101555819
213,3,10,150,70,0.08985507164305877
214,3,10,150,70,0.1257260924843343
215,3,10,150,70,0.157288596461893
216,3,10,150,70,0.27735230728218535
217,3,10,150,70,0.13000004444613666
218,3,10,150,70,0.06323567569191428
219,3,10,150,70,0.0
220,3,10,150,70,0.07807600999842033
221,3,10,150,70,0.12213234467515617
222,3,10,150,70,0.1483732210811898
223,3,10,150,70,0.039270700903099615
224,3,10,150,70,0.0
225,3,10,150,70,0.09311209812195972
226,3,10,150,70,0.0
227,3,10,150,70,0.0
229,3,10,150,70,0.0
230,3,10,150,70,0.1697995249867118
231,3,10,150,70,0.0
232,3,10,150,70,0.0
233,3,10,150,70,0.20123780419810608
234,3,10,150,70,0.17298116266819136
235,3,10,150,70,0.08312042273022706
236,3,10,150,70,0.12127042983235181
237,3,10,150,70,0.04776398023609584
238,3,10,150,70,0.0
239,3,10,150,70,0.12691627784085696
240,3,10,150,70,0.10235170428306553
241,3,10,150,70,0.1381300260171807
242,3,10,150,70,0.0
243,3,10,150,70,0.0
244,3,10,150,70,0.15017336350566032
245,3,10,150,70,0.0
246,3,10,150,70,0.08356426880363813
247,3,10,150,70,0.15642624200758548
248,3,10,150,70,0.23451355966072135
249,3,10,150,70,0.3296200475575061
250,3,10,150,70,0.07806699296748765
251,3,10,150,70,0.0
252,3,10,150,70,0.07630862162354303
253,3,10,150,70,0.038220360097248454
254,3,10,150,70,0.036502603141236205
255,3,10,150,70,0.10933464083642679
256,3,10,150,70,0.0681239071992697
257,3,10,150,70,0.12830873359117523
258,3,10,150,70,0.16260831227163416
259,3,10,150,70,0.0
260,3,10,150,70,0.0
261,3,10,150,70,0.0
262,3,10,150,70,0.0
263,3,10,150,70,0.36030713075223775
264,3,10,150,70,0.35681377696685707
265,3,10,150,70,0.19802572813668026
266,3,10,150,70,0.0
267,3,10,150,70,0.21076490690365068
268,3,10,150,70,0.10827784002385153
269,3,10,150,70,0.040019695500760184
270,3,10,150,70,0.049915567102790354
271,3,10,150,70,0.10729393508609222
272,3,10,150,70,0.10457492829503848
273,3,10,150,70,0.0
274,3,10,150,70,0.0
275,3,10,150,70,0.0
276,3,10,150,70,0.1848393279588203
277,3,10,150,70,0.0
278,3,10,150,70,0.0
279,3,10,150,70,0.11910385967976722
280,3,10,150,70,0.07316593591075989
281,3,10,150,70,0.0
282,3,10,150,70,0.09659953929285248
283,3,10,150,70,0.0
284,3,10,150,70,0.0
285,3,10,150,70,0.0
286,3,10,150,70,0.016140534521312585
287,3,10,150,70,0.0
288,3,10,150,70,0.13999259891013252
289,3,10,150,70,0.0
290,3,10,150,70,0.09647783930421741
291,3,10,150,70,0.17775326828407884
292,3,10,150,70,0.27665227928348557
293,3,10,150,70,0.06473185259369746
294,3,10,150,70,0.09628038570550856
295,3,10,150,70,0.14073295606443062
296,3,10,150,70,0.15701688667375013
297,3,10,150,70,0.030868393892711742
298,3,10,150,70,0.13814728270261697
299,3,10,150,70,0.06251231174305825
300,3,10,150,70,0.0
301,3,10,150,70,0.1296575124303738
302,3,10,150,70,0.07335312372354855
303,3,10,150,70,0.17978154785217412
304,3,10,150,70,0.0
305,3,10,150,70,0.05428021340641747
306,3,10,150,70,0.0
307,3,10,150,70,0.13128644747266613
308,3,10,150,70,0.05707430901002984
309,3,10,150,70,0.0
310,3,10,150,70,0.2890648263178879
311,3,10,150,70,0.17512035582237062
312,3,10,150,70,0.16963857451199318
313,3,10,150,70,0.09586943528179451
314,3,10,150,70,0.10507089418815024
315,3,10,150,70,0.09785159463516042
316,3,10,150,70,0.06076546216996844
317,3,10,150,70,0.0
318,3,10,150,70,0.07377376675297492
319,3,10,150,70,0.0
320,3,10,150,70,0.08947300054212491
321,3,10,150,70,0.08223795175588802
322,3,10,150,70,0.07955752067133452
323,3,10,150,70,0.12229181918924699
324,3,10,150,70,0.0
325,3,10,150,70,0.0
326,3,10,150,70,0.10817904857938596
327,3,10,150,70,0.0
328,3,10,150,70,0.1253761246808089
329,3,10,150,70,0.056720838976548935
330,3,10,150,70,0.3028509129070748
331,3,10,150,70,0.0
332,3,10,150,70,0.09937017023483655
333,3,10,150,70,0.0
334,3,10,150,70,0.11273548330803308
335,3,10,150,70,0.0
336,3,10,150,70,0.0
337,3,10,150,70,0.2325689761571779
338,3,10,150,70,0.08388555279643939
339,3,10,150,70,0.1856477756884163
340,3,10,150,70,0.12647135138382856
341,3,10,150,70,0.0
342,3,10,150,70,0.15381739323016694
343,3,10,150,70,0.35449693766486445
344,3,10,150,70,0.13804010954782428
345,3,10,150,70,0.1302817386077542
346,3,10,150,70,0.1264086027263655
347,3,10,150,70,0.09642724089192412
348,3,10,150,70,0.0
349,3,10,150,70,0.07123530534387781
350,3,10,150,70,0.2314071217459096
351,3,10,150,70,0.0
352,3,10,150,70,0.16282653392890226
353,3,10,150,70,0.09489642549953911
354,3,10,150,70,0.033699515540238464
355,3,10,150,70,0.05122871476979503
356,3,10,150,70,0.0
357,3,10,150,70,0.03371865946438579
358,3,10,150,70,0.26730206653594746
359,3,10,150,70,0.14341929980357182
360,3,10,150,70,0.13132846997338612
361,3,10,150,70,0.0
362,3,10,150,70,0.0
363,3,10,150,70,0.1867805234163032
364,3,10,150,70,0.0
365,3,10,150,70,0.0989084497079971
366,3,10,150,70,0.10684080426179023
367,3,10,150,70,0.1410054764628891
368,3,10,150,70,0.0
369,3,10,150,70,0.0
370,3,10,150,70,0.045683428159663184
371,3,10,150,70,0.174231549865924
372,3,10,150,70,0.13528214995015655
373,3,10,150,70,0.18128610071101886
374,3,10,150,70,0.1523273086076386
375,3,10,150,70,0.0
376,3,10,150,70,0.0
377,3,10,150,70,0.053168340515114924
378,3,10,150,70,0.053263484749357055
379,3,10,150,70,0.16693258363041708
380,3,10,150,70,0.0
381,3,10,150,70,0.08294243278442993
382,3,10,150,70,0.13500098315004241
383,3,10,150,70,0.03539807129574854
384,3,10,150,70,0.08759200575528697
385,3,10,150,70,0.1546778125427113
386,3,10,150,70,0.0
387,3,10,150,70,0.03814967334348895
388,3,10,150,70,0.029785542524894418
389,3,10,150,70,0.13183633031089573
390,3,10,150,70,0.2691365333037713
391,3,10,150,70,0.298074760835303
392,3,10,150,70,0.08604779973730994
393,3,10,150,70,0.17275376448111066
394,3,10,150,70,0.12900206501129066
395,3,10,150,70,0.15727036710905312
396,3,10,150,70,0.0
397,3,10,150,70,0.12905531436930254
398,3,10,150,70,0.12204637821038242
399,3,10,150,70,0.044608565600894774
400,3,10,150,70,0.0
401,3,10,150,70,0.0
402,3,10,150,70,0.469779625693621
403,3,10,150,70,0.0
404,3,10,150,70,0.0
405,3,10,150,70,0.2167355040191152
406,3,10,150,70,0.1428233347987388
407,3,10,150,70,0.07343764708220529
408,3,10,150,70,0.12083071655728543
409,3,10,150,70,0.15086419336317547
410,3,10,150,70,0.0
411,3,10,150,70,0.1128999930808451
412,3,10,150,70,0.0
413,3,10,150,70,0.10122860821230018
414,3,10,150,70,0.0
415,3,10,150,70,0.07605458145297357
416,3,10,150,70,0.30747276531575035
417,3,10,150,70,0.05712516951520643
418,3,10,150,70,0.07001560573318603
419,3,10,150,70,0.26168079122473237
420,3,10,150,70,0.0527075128660253
421,3,10,150,70,0.202729931306865
422,3,10,150,70,0.0
423,3,10,150,70,0.0
424,3,10,150,70,0.13291000263869587
425,3,10,150,70,0.015224331423152564
426,3,10,150,70,0.10004388309532918
427,3,10,150,70,0.0
428,3,10,150,70,0.0
429,3,10,150,70,0.1387221273176505
430,3,10,150,70,0.062242588308449316
431,3,10,150,70,0.0
432,3,10,150,70,0.05253723007572906
433,3,10,150,70,0.0
434,3,10,150,70,0.25803884452092735
435,3,10,150,70,0.21676186959796
436,3,10,150,70,0.09291494561763272
437,3,10,150,70,0.06322656079779612
438,3,10,150,70,0.0
439,3,10,150,70,0.0
440,3,10,150,70,0.10025741859697787
441,3,10,150,70,0.0
442,3,10,150,70,0.058478916078390675
443,3,10,150,70,0.056720838976548935
444,3,10,150,70,0.19519002499605084
445,3,10,150,70,0.0
446,3,10,150,70,0.0
447,3,10,150,70,0.09914294517496557
448,3,10,150,70,0.0
449,3,10,150,70,0.0
450,3,10,150,70,0.335703821306753
451,3,10,150,70,0.0
452,3,10,150,70,0.048188247044562364
453,3,10,150,70,0.13392124957971085
454,3,10,150,70,0.0
455,3,10,150,70,0.2223859147540445
456,3,10,150,70,0.18931496347604157
457,3,10,150,70,0.3838765131465621
458,3,10,150,70,0.12059750656999586
459,3,10,150,70,0.04901586605894737
460,3,10,150,70,0.0
461,3,10,150,70,0.10778915452451093
462,3,10,150,70,0.16728714615527887
463,3,10,150,70,0.1032589365938857
464,3,10,150,70,0.091470579054696
465,3,10,150,70,0.0733934381893728
466,3,10,150,70,0.0750834162528243
467,3,10,150,70,0.032842167909375275
468,3,10,150,70,0.4424763580282471
469,3,10,150,70,0.050924439617225085
470,3,10,150,70,0.040162930685297936
471,3,10,150,70,0.0
472,3,10,150,70,0.2832581768452862
473,3,10,150,70,0.08903377327702097
474,3,10,150,70,0.37917621127768547
475,3,10,150,70,0.0
476,3,10,150,70,0.12097589732794561
477,3,10,150,70,0.0
478,3,10,150,70,0.2059565668593519
479,3,10,150,70,0.07893633843817272
480,3,10,150,70,0.0881980292211471
481,3,10,150,70,0.05234104579082298
482,3,10,150,70,0.15905893746943514
483,3,10,150,70,0.06194403202282284
484,3,10,150,70,0.30830871788407543
485,3,10,150,70,0.0
486,3,10,150,70,0.06108300840136219
487,3,10,150,70,0.10260861583127186
488,3,10,150,70,0.05887472794707303
489,3,10,150,70,0.0
490,3,10,150,70,0.06490403551612171
491,3,10,150,70,0.17758207479178334
492,3,10,150,70,0.12925417913024104
493,3,10,150,70,0.2507881701135645
494,3,10,150,70,0.15581531016292202
495,3,10,150,70,0.142346942264849
496,3,10,150,70,0.07271211160102074
497,3,10,150,70,0.07810188140590023
498,3,10,150,70,0.0343217267714905
499,3,10,150,70,0.16209170826928437
500,3,10,150,70,0.04698773570888995
501,3,10,150,70,0.0
502,3,10,150,70,0.03272632263321488
503,3,10,150,70,0.26389046315772724
504,3,10,150,70,0.09794337990609951
505,3,10,150,70,0.025255271126572616
506,3,10,150,70,0.15123063022447608
507,3,10,150,70,0.02579743633593384
508,3,10,150,70,0.2124218923765955
509,3,10,150,70,0.0
510,3,10,150,70,0.17032928501352598
511,3,10,150,70,0.12155021559723776
512,3,10,150,70,0.0
513,3,10,150,70,0.09761131800342168
514,3,10,150,70,0.20202473045271674
515,3,10,150,70,0.0
516,3,10,150,70,0.07947838320659593
517,3,10,150,70,0.03859643636257609
518,3,10,150,70,0.05268083714989503
519,3,10,150,70,0.034560204819110964
520,3,10,150,70,0.0
521,3,10,150,70,0.07649261318048692
522,3,10,150,70,0.16542389351858164
523,3,10,150,70,0.1705239552439998
524,3,10,150,70,0.05497406767224888
525,3,10,150,70,0.06516045994396072
526,3,10,150,70,0.052528565413809895
527,3,10,150,70,0.21068702285875093
528,3,10,150,70,0.1255942414278791
529,3,10,150,70,0.03208343640786788
530,3,10,150,70,0.0
531,3,10,150,70,0.0
532,3,10,150,70,0.19461580206416979
533,3,10,150,70,0.13208163498996806
534,3,10,150,70,0.10040759964046686
535,3,10,150,70,0.25224874540372827
536,3,10,150,70,0.16943073315280816
537,3,10,150,70,0.4320094408271164
538,3,10,150,70,0.09944592215223559
539,3,10,150,70,0.07086035994602148
540,3,10,150,70,0.0
541,3,10,150,70,0.0779170553370938
542,3,10,150,70,0.07173250396753712
543,3,10,150,70,0.0
544,3,10,150,70,0.0
545,3,10,150,70,0.1627301445786375
546,3,10,150,70,0.1727529426032757
547,3,10,150,70,0.04528995543568932
548,3,10,150,70,0.08556622378188056
549,3,10,150,70,0.10184659627402569
550,3,10,150,70,0.0845667599404342
551,3,10,150,70,0.27220694728094635
552,3,10,150,70,0.0
553,3,10,150,70,0.13528660262448355
554,3,10,150,70,0.0
555,3,10,150,70,0.037070343480771185
556,3,10,150,70,0.2848749592866812
557,3,10,150,70,0.044530079137671444
558,3,10,150,70,0.21398626473452756
559,3,10,150,70,0.09577994284216261
560,3,10,150,70,0.11942337490935596
561,3,10,150,70,0.07079486180980334
562,3,10,150,70,0.1501964202441757
563,3,10,150,70,0.10791970824616881
564,3,10,150,70,0.0
565,3,10,150,70,0.2016297075493207
566,3,10,150,70,0.11935234359120704
567,3,10,150,70,0.3074611602345109
568,3,10,150,70,0.07161318866452264
569,3,10,150,70,0.023835426911994775
570,3,10,150,70,0.0
571,3,10,150,70,0.0512644431393966
572,3,10,150,70,0.30260241349881345
573,3,10,150,70,0.0
574,3,10,150,70,0.0
575,3,10,150,70,0.13043262693172047
576,3,10,150,70,0.0
577,3,10,150,70,0.19112477211426193
578,3,10,150,70,0.0
579,3,10,150,70,0.06152644703210656
580,3,10,150,70,0.03144137376097698
581,3,10,150,70,0.0
582,3,10,150,70,0.06679511870650716
583,3,10,150,70,0.13912814892946682
584,3,10,150,70,0.20261715588288354
585,3,10,150,70,0.042225550968526857
586,3,10,150,70,0.0663945281096953
587,3,10,150,70,0.014710191939204944
588,3,10,150,70,0.2553596809818729
589,3,10,150,70,0.09905100598441088
590,3,10,150,70,0.19997970715667693
591,3,10,150,70,0.08651464973019597
592,3,10,150,70,0.3518705246107874
593,3,10,150,70,0.13165741445679038
594,3,10,150,70,0.0
595,3,10,150,70,0.055965373307784824
596,3,10,150,70,0.09803928583135704
597,3,10,150,70,0.02579743633593384
598,3,10,150,70,0.0
599,3,10,150,70,0.02506539947940475
600,3,10,150,70,0.13574631165894233
601,3,10,150,70,0.1353025537211632
602,3,10,150,70,0.041278922835426404
603,3,10,150,70,0.12541207695631323
604,3,10,150,70,0.0
605,3,10,150,70,0.20667237874233232
606,3,10,150,70,0.3336957448976411
607,3,10,150,70,0.0308875359117713
608,3,10,150,70,0.20683696759209463
609,3,10,150,70,0.0
610,3,10,150,70,0.12186625680881258
611,3,10,150,70,0.19680646538945382
612,3,10,150,70,0.09162544430476362
613,3,10,150,70,0.1652462050665711
614,3,10,150,70,0.1467868763787456
615,3,10,150,70,0.1578637648166983
616,3,10,150,70,0.030480958763669998
617,3,10,150,70,0.038287076928437726
618,3,10,150,70,0.11382926787602761
619,3,10,150,70,0.14795344439858116
620,3,10,150,70,0.24239278329353608
621,3,10,150,70,0.10569072181389248
622,3,10,150,70,0.1702927927647339
623,3,10,150,70,0.04214302778527282
624,3,10,150,70,0.03202992305603544
625,3,10,150,70,0.06672272773479279
626,3,10,150,70,0.026630912405707533
627,3,10,150,70,0.11585944320208866
628,3,10,150,70,0.0
629,3,10,150,70,0.28364213168183045
630,3,10,150,70,0.10834532177911152
631,3,10,150,70,0.13449792459172438
632,3,10,150,70,0.06934269739950429
633,3,10,150,70,0.050456115328747164
634,3,10,150,70,0.09692094009503625
635,3,10,150,70,0.0
636,3,10,150,70,0.4108031518056064
637,3,10,150,70,0.02898066279104336
638,3,10,150,70,0.05152901435389809
639,3,10,150,70,0.0
640,3,10,150,70,0.16254564442204458
641,3,10,150,70,0.051358492238643604
642,3,10,150,70,0.30744780316707915
643,3,10,150,70,0.23675035212195805
644,3,10,150,70,0.023868766231572826
645,3,10,150,70,0.17744101704673967
646,3,10,150,70,0.11243817952384734
647,3,10,150,70,0.06590268968688952
648,3,10,150,70,0.2574626255520909
649,3,10,150,70,0.04336490181597879
650,3,10,150,70,0.11330243960597514
651,3,10,150,70,0.0
652,3,10,150,70,0.0
653,3,10,150,70,0.11657697891136805
654,3,10,150,70,0.05509912373072242
655,3,10,150,70,0.4578384929188842
656,3,10,150,70,0.0
657,3,10,150,70,0.2504953915210566
658,3,10,150,70,0.09988783377897062
659,3,10,150,70,0.10928508605045172
660,3,10,150,70,0.02088623314824098
661,3,10,150,70,0.21396342200866308
662,3,10,150,70,0.0
663,3,10,150,70,0.1250707809701198
664,3,10,150,70,0.2554278161257543
665,3,10,150,70,0.0637635876459061
666,3,10,150,70,0.11752425692131632
667,3,10,150,70,0.1487205698875683
668,3,10,150,70,0.0
669,3,10,150,70,0.2287469684999221
670,3,10,150,70,0.0
671,3,10,150,70,0.20598773756155325
672,3,10,150,70,0.07973520350569015
673,3,10,150,70,0.03236977394070781
674,3,10,150,70,0.0
675,3,10,150,70,0.0382580635535654
676,3,10,150,70,0.22358931366364498
677,3,10,150,70,0.10158983531347915
678,3,10,150,70,0.0
679,3,10,150,70,0.184849053963804
680,3,10,150,70,0.0
681,3,10,150,70,0.0
682,3,10,150,70,0.25295154896462035
683,3,10,150,70,0.045215225629604006
684,3,10,150,70,0.03158850394477252
685,3,10,150,70,0.20373936192022438
686,3,10,150,70,0.18891272501448678
687,3,10,150,70,0.0
688,3,10,150,70,0.0
689,3,10,150,70,0.40191678174210904
690,3,10,150,70,0.24802939400095458
691,3,10,150,70,0.6023709850354425
692,3,10,150,70,0.03353522641880846
693,3,10,150,70,0.04711181933747839
694,3,10,150,70,0.21005072332027594
695,3,10,150,70,0.05816383356143395
696,3,10,150,70,0.08111636357522063
697,3,10,150,70,0.08316188759665785
698,3,10,150,70,0.0
699,3,10,150,70,0.052585582308339936
700,3,10,150,70,0.0
701,3,10,150,70,0.12271508523586225
702,3,10,150,70,0.0
703,3,10,150,70,0.21888235022994418
704,3,10,150,70,0.19986259407697265
705,3,10,150,70,0.2598949629128916
706,3,10,150,70,0.0
707,3,10,150,70,0.25854203680480276
708,3,10,150,70,0.03476299583640518
709,3,10,150,70,0.15396797127961612
710,3,10,150,70,0.25040922491354684
711,3,10,150,70,0.21802860801865573
712,3,10,150,70,0.0709301463537875
713,3,10,150,70,0.0
714,3,10,150,70,0.1266607864485773
715,3,10,150,70,0.16860516623933322
716,3,10,150,70,0.2678073779363435
717,3,10,150,70,0.13562133373277918
718,3,10,150,70,0.0
719,3,10,150,70,0.10353175087921149
720,3,10,150,70,0.0
721,3,10,150,70,0.11127296302403536
722,3,10,150,70,0.07401896317743158
723,3,10,150,70,0.0
724,3,10,150,70,0.0
725,3,10,150,70,0.04733244938590725
726,3,10,150,70,0.061080020762274374
727,3,10,150,70,0.07909632855246025
728,3,10,150,70,0.0
729,3,10,150,70,0.046534861017850544
730,3,10,150,70,0.0
731,3,10,150,70,0.1935015812983906
732,3,10,150,70,0.05717828980196049
733,3,10,150,70,0.020730875129846955
734,3,10,150,70,0.08131766139183766
735,3,10,150,70,0.08151055815578559
736,3,10,150,70,0.047009109882897075
737,3,10,150,70,0.12127716502890909
738,3,10,150,70,0.09907057054543131
739,3,10,150,70,0.18767092572990207
740,3,10,150,70,0.0523780734795101
741,3,10,150,70,0.0787396033907249
742,3,10,150,70,0.0527075128660253
743,3,10,150,70,0.1194783875505714
744,3,10,150,70,0.0
745,3,10,150,70,0.06774344219296054
746,3,10,150,70,0.24124954544361757
747,3,10,150,70,0.2298894113691504
748,3,10,150,70,0.04132344798443041
749,3,10,150,70,0.30848216033792253
750,3,10,150,70,0.18000575664763457
751,3,10,150,70,0.06407706415564705
752,3,10,150,70,0.08155432360208091
753,3,10,150,70,0.04072612696308379
754,3,10,150,70,0.0
755,3,10,150,70,0.0
756,3,10,150,70,0.044143057780823704
757,3,10,150,70,0.1348512266147596
758,3,10,150,70,0.25832543113459705
759,3,10,150,70,0.0
760,3,10,150,70,0.16006374561654185
761,3,10,150,70,0.17663858756688974
762,3,10,150,70,0.0
763,3,10,150,70,0.10697348874072295
764,3,10,150,70,0.04710969775183564
765,3,10,150,70,0.0966785411876802
766,3,10,150,70,0.035191004809260996
767,3,10,150,70,0.1269544353559099
768,3,10,150,70,0.09997171219938322
769,3,10,150,70,0.0
770,3,10,150,70,0.18348359547343202
771,3,10,150,70,0.07363642524234874
772,3,10,150,70,0.038996699933076286
773,3,10,150,70,0.15659560794124947
774,3,10,150,70,0.0
775,3,10,150,70,0.0
776,3,10,150,70,0.04721006604760436
777,3,10,150,70,0.0
778,3,10,150,70,0.08961728720334347
779,3,10,150,70,0.0
780,3,10,150,70,0.1478701604202007
781,3,10,150,70,0.12572447169101508
782,3,10,150,70,0.0
783,3,10,150,70,0.07763399617214947
784,3,10,150,70,0.04582425041433568
785,3,10,150,70,0.2848262604068979
786,3,10,150,70,0.13901223847985233
787,3,10,150,70,0.0
788,3,10,150,70,0.046626370288649896
789,3,10,150,70,0.14531023848228133
790,3,10,150,70,0.08452117092278105
791,3,10,150,70,0.059480024314918285
792,3,10,150,70,0.0946587791577201
793,3,10,150,70,0.11843263243420837
794,3,10,150,70,0.1578863001786244
795,3,10,150,70,0.06886690743551852
796,3,10,150,70,0.08580097938137923
797,3,10,150,70,0.13905617951077562
798,3,10,150,70,0.02688415331260267
799,3,10,150,70,0.2836929289153804
800,3,10,150,70,0.0
801,3,10,150,70,0.0
802,3,10,150,70,0.05621908976192367
803,3,10,150,70,0.0
804,3,10,150,70,0.20994146470018396
805,3,10,150,70,0.1465319928812479
806,3,10,150,70,0.10606704841588428
807,3,10,150,70,0.18716126069796726
808,3,10,150,70,0.0
809,3,10,150,70,0.0
810,3,10,150,70,0.0
811,3,10,150,70,0.1162989546852336
812,3,10,150,70,0.11600766930798434
813,3,10,150,70,0.06916902856231065
814,3,10,150,70,0.054181637470214
815,3,10,150,70,0.10380674919178415
816,3,10,150,70,0.10105367325027378
817,3,10,150,70,0.0
818,3,10,150,70,0.05187864210776578
819,3,10,150,70,0.0
820,3,10,150,70,0.12262943855309168
821,3,10,150,70,0.09816715076122622
822,3,10,150,70,0.0
823,3,10,150,70,0.14011732711290795
824,3,10,150,70,0.0
825,3,10,150,70,0.16434089815347858
826,3,10,150,70,0.1395338307503347
827,3,10,150,70,0.0
828,3,10,150,70,0.0
829,3,10,150,70,0.08143169212679746
830,3,10,150,70,0.13003750163762204
831,3,10,150,70,0.0800524392169327
832,3,10,150,70,0.0
833,3,10,150,70,0.05828935682373833
834,3,10,150,70,0.0
835,3,10,150,70,0.131093662595089
836,3,10,150,70,0.05097554749895306
837,3,10,150,70,0.05351287869030783
838,3,10,150,70,0.08633629724227374
839,3,10,150,70,0.0
840,3,10,150,70,0.1518245759629103
841,3,10,150,70,0.0
842,3,10,150,70,0.0
843,3,10,150,70,0.04209275315645388
844,3,10,150,70,0.0
845,3,10,150,70,0.06531065216760332
846,3,10,150,70,0.14997953355821372
847,3,10,150,70,0.0
848,3,10,150,70,0.03618657486793958
849,3,10,150,70,0.07682358143005112
850,3,10,150,70,0.06228974831361337
851,3,10,150,70,0.2277008805972924
852,3,10,150,70,0.07256783117062009
853,3,10,150,70,0.0
854,3,10,150,70,0.0
855,3,10,150,70,0.0
856,3,10,150,70,0.0
857,3,10,150,70,0.0
858,3,10,150,70,0.0
859,3,10,150,70,0.0
860,3,10,150,70,0.0
861,3,10,150,70,0.12754356661958802
862,3,10,150,70,0.1014543205029727
863,3,10,150,70,0.0
864,3,10,150,70,0.19756506460263396
865,3,10,150,70,0.0
866,3,10,150,70,0.0
867,3,10,150,70,0.18752183128814004
868,3,10,150,70,0.0
870,3,10,150,70,0.0
871,3,10,150,70,0.0
872,3,10,150,70,0.0
875,3,10,150,70,0.1395953738647505
876,3,10,150,70,0.0
877,3,10,150,70,0.0
1,3,10,150,71,0.6247579375131872
2,3,10,150,71,0.10688238502350729
3,3,10,150,71,0.0
4,3,10,150,71,0.0
5,3,10,150,71,0.0819283960923954
6,3,10,150,71,0.05340978172012693
7,3,10,150,71,0.15912203234939234
8,3,10,150,71,0.14580618822812969
9,3,10,150,71,0.0
10,3,10,150,71,0.16409920264511527
11,3,10,150,71,0.049016076581777215
12,3,10,150,71,0.04822019817866397
13,3,10,150,71,0.23201569256023208
14,3,10,150,71,0.10183115736271536
15,3,10,150,71,0.0
16,3,10,150,71,0.21217356960479747
17,3,10,150,71,0.12066394366711926
18,3,10,150,71,0.18606782959057458
19,3,10,150,71,0.0
20,3,10,150,71,0.14530105135237878
21,3,10,150,71,0.05824963961462511
22,3,10,150,71,0.1468275080577048
23,3,10,150,71,0.18360000301566626
24,3,10,150,71,0.311062094929455
25,3,10,150,71,0.0
26,3,10,150,71,0.030421795212869307
28,3,10,150,71,0.0
29,3,10,150,71,0.0
30,3,10,150,71,0.0979129253499678
31,3,10,150,71,0.06076546216996844
32,3,10,150,71,0.0
33,3,10,150,71,0.0
34,3,10,150,71,0.0
35,3,10,150,71,0.07108348368841133
37,3,10,150,71,0.08836851842055818
38,3,10,150,71,0.03215366848272267
39,3,10,150,71,0.0
40,3,10,150,71,0.03963175841995263
41,3,10,150,71,0.0
42,3,10,150,71,0.14144963799422255
43,3,10,150,71,0.268915965453296
44,3,10,150,71,0.07698159974258616
45,3,10,150,71,0.04505000432618384
46,3,10,150,71,0.2524329124868603
47,3,10,150,71,0.0
48,3,10,150,71,0.191300388285999
49,3,10,150,71,0.08545966314334597
50,3,10,150,71,0.0
51,3,10,150,71,0.18953836965473142
52,3,10,150,71,0.04892579731758021
53,3,10,150,71,0.09546043308946733
54,3,10,150,71,0.07984133538066794
55,3,10,150,71,0.0
56,3,10,150,71,0.03975645576081676
57,3,10,150,71,0.03861141423677389
58,3,10,150,71,0.10796876451088402
59,3,10,150,71,0.1825401339226324
60,3,10,150,71,0.12123807080432077
61,3,10,150,71,0.0
62,3,10,150,71,0.056765939954965754
63,3,10,150,71,0.03554915059547175
64,3,10,150,71,0.0
65,3,10,150,71,0.2994759515353249
66,3,10,150,71,0.0
67,3,10,150,71,0.0
68,3,10,150,71,0.0
69,3,10,150,71,0.14840975300312728
70,3,10,150,71,0.02172288304169718
71,3,10,150,71,0.1434649426280276
72,3,10,150,71,0.16084022171949366
73,3,10,150,71,0.051960280791503534
74,3,10,150,71,0.0
75,3,10,150,71,0.11731968150568911
76,3,10,150,71,0.14804398249667974
77,3,10,150,71,0.45287742747371695
78,3,10,150,71,0.0
79,3,10,150,71,0.0
80,3,10,150,71,0.08297572808511901
81,3,10,150,71,0.0
82,3,10,150,71,0.08926877557705373
83,3,10,150,71,0.04630610387058298
84,3,10,150,71,0.0
85,3,10,150,71,0.06966660916502733
86,3,10,150,71,0.07738888769495082
87,3,10,150,71,0.10058161863664324
88,3,10,150,71,0.0
89,3,10,150,71,0.22860031301980846
90,3,10,150,71,0.2386569480666451
91,3,10,150,71,0.13114221140465185
92,3,10,150,71,0.03690254550997565
93,3,10,150,71,0.0
94,3,10,150,71,0.1785123466504993
95,3,10,150,71,0.07964436720215591
96,3,10,150,71,0.19186450284072096
97,3,10,150,71,0.1324047882275468
98,3,10,150,71,0.08878770367712427
99,3,10,150,71,0.029785542524894418
100,3,10,150,71,0.0892789338684584
101,3,10,150,71,0.0
102,3,10,150,71,0.026001814664123827
103,3,10,150,71,0.07673373981757839
104,3,10,150,71,0.12171451575741458
106,3,10,150,71,0.05261577455142312
107,3,10,150,71,0.0
108,3,10,150,71,0.0
109,3,10,150,71,0.11259960483764554
110,3,10,150,71,0.06422488523189442
111,3,10,150,71,0.0
112,3,10,150,71,0.06510475888148554
113,3,10,150,71,0.05449144662575446
114,3,10,150,71,0.07610811271330754
115,3,10,150,71,0.046806851959664796
116,3,10,150,71,0.07814915695077672
117,3,10,150,71,0.10135360124281675
118,3,10,150,71,0.0
119,3,10,150,71,0.06127983274634642
121,3,10,150,71,0.06245141164382474
122,3,10,150,71,0.07625852881342107
123,3,10,150,71,0.46927872602275644
124,3,10,150,71,0.10889376106823218
125,3,10,150,71,0.15602345563935235
126,3,10,150,71,0.0
127,3,10,150,71,0.0
128,3,10,150,71,0.047777554739453616
129,3,10,150,71,0.0
130,3,10,150,71,0.11207058154636457
131,3,10,150,71,0.2803335894048546
132,3,10,150,71,0.1431991570830273
133,3,10,150,71,0.0
134,3,10,150,71,0.0
135,3,10,150,71,0.0
136,3,10,150,71,0.40257390286801836
137,3,10,150,71,0.0
138,3,10,150,71,0.21222747957761057
139,3,10,150,71,0.0
140,3,10,150,71,0.0
141,3,10,150,71,0.17799763794582682
142,3,10,150,71,0.30260241349881345
143,3,10,150,71,0.0
144,3,10,150,71,0.2143720535700613
145,3,10,150,71,0.07790537832794017
146,3,10,150,71,0.0
147,3,10,150,71,0.07610811271330754
148,3,10,150,71,0.10419221525731585
149,3,10,150,71,0.05446824630887794
150,3,10,150,71,0.0
151,3,10,150,71,0.1467394379667669
152,3,10,150,71,0.048689109753478024
153,3,10,150,71,0.06516188295518531
154,3,10,150,71,0.055100238151135045
155,3,10,150,71,0.0
156,3,10,150,71,0.07028063830038406
157,3,10,150,71,0.05840183867278569
158,3,10,150,71,0.07413972351842125
159,3,10,150,71,0.11026617795298452
160,3,10,150,71,0.060934076158944916
161,3,10,150,71,0.0
162,3,10,150,71,0.0
163,3,10,150,71,0.0
164,3,10,150,71,0.0
165,3,10,150,71,0.09149012142095872
166,3,10,150,71,0.0
167,3,10,150,71,0.03395822402998728
168,3,10,150,71,0.0
169,3,10,150,71,0.055427457405235275
170,3,10,150,71,0.0
171,3,10,150,71,0.0
172,3,10,150,71,0.0
173,3,10,150,71,0.0
174,3,10,150,71,0.07752093421921306
175,3,10,150,71,0.4413254197204702
176,3,10,150,71,0.0347693136731627
177,3,10,150,71,0.0
178,3,10,150,71,0.18053947820976404
179,3,10,150,71,0.06599888514927177
180,3,10,150,71,0.0
181,3,10,150,71,0.04622579729077891
182,3,10,150,71,0.13120507751234178
183,3,10,150,71,0.0
184,3,10,150,71,0.0
185,3,10,150,71,0.0
186,3,10,150,71,0.0
187,3,10,150,71,0.2004102107997965
188,3,10,150,71,0.026527518023781966
189,3,10,150,71,0.22982757951573698
190,3,10,150,71,0.0
191,3,10,150,71,0.07335312372354855
192,3,10,150,71,0.0
193,3,10,150,71,0.0
194,3,10,150,71,0.0860257611411915
195,3,10,150,71,0.10257737475069033
196,3,10,150,71,0.17342765698823945
197,3,10,150,71,0.07304192939088519
198,3,10,150,71,0.10387325901274824
199,3,10,150,71,0.052106753859569234
200,3,10,150,71,0.0971420957831845
201,3,10,150,71,0.22295691269882975
202,3,10,150,71,0.0
203,3,10,150,71,0.0
204,3,10,150,71,0.0
205,3,10,150,71,0.11600766930798434
206,3,10,150,71,0.0
207,3,10,150,71,0.10749379770280297
208,3,10,150,71,0.0
209,3,10,150,71,0.070675417981692
210,3,10,150,71,0.0
211,3,10,150,71,0.0
212,3,10,150,71,0.0559167101555819
213,3,10,150,71,0.08985507164305877
214,3,10,150,71,0.1257260924843343
215,3,10,150,71,0.157288596461893
216,3,10,150,71,0.27735230728218535
217,3,10,150,71,0.13000004444613666
218,3,10,150,71,0.06323567569191428
219,3,10,150,71,0.0
220,3,10,150,71,0.07807600999842033
221,3,10,150,71,0.12213234467515617
222,3,10,150,71,0.1483732210811898
223,3,10,150,71,0.039270700903099615
224,3,10,150,71,0.0
225,3,10,150,71,0.09311209812195972
226,3,10,150,71,0.0
227,3,10,150,71,0.0
229,3,10,150,71,0.0
230,3,10,150,71,0.1697995249867118
231,3,10,150,71,0.0
232,3,10,150,71,0.0
233,3,10,150,71,0.20123780419810608
234,3,10,150,71,0.17127484261483705
235,3,10,150,71,0.08312042273022706
236,3,10,150,71,0.12127042983235181
237,3,10,150,71,0.04776398023609584
238,3,10,150,71,0.0
239,3,10,150,71,0.14738301924206398
240,3,10,150,71,0.10235170428306553
241,3,10,150,71,0.1381300260171807
242,3,10,150,71,0.0
243,3,10,150,71,0.0
244,3,10,150,71,0.15017336350566032
245,3,10,150,71,0.0
246,3,10,150,71,0.08356426880363813
247,3,10,150,71,0.15642624200758548
248,3,10,150,71,0.23451355966072135
249,3,10,150,71,0.3296200475575061
250,3,10,150,71,0.07806699296748765
251,3,10,150,71,0.0
252,3,10,150,71,0.07630862162354303
253,3,10,150,71,0.038220360097248454
254,3,10,150,71,0.036502603141236205
255,3,10,150,71,0.10933464083642679
256,3,10,150,71,0.0681239071992697
257,3,10,150,71,0.12830873359117523
258,3,10,150,71,0.16260831227163416
259,3,10,150,71,0.0
260,3,10,150,71,0.0
261,3,10,150,71,0.0
262,3,10,150,71,0.0
263,3,10,150,71,0.36030713075223775
264,3,10,150,71,0.35681377696685707
265,3,10,150,71,0.19802572813668026
266,3,10,150,71,0.0
267,3,10,150,71,0.21076490690365068
268,3,10,150,71,0.10827784002385153
269,3,10,150,71,0.040019695500760184
270,3,10,150,71,0.049915567102790354
271,3,10,150,71,0.10729393508609222
272,3,10,150,71,0.10457492829503848
273,3,10,150,71,0.0
274,3,10,150,71,0.0
275,3,10,150,71,0.0
276,3,10,150,71,0.1830160366415475
277,3,10,150,71,0.0
278,3,10,150,71,0.0
279,3,10,150,71,0.11910385967976722
280,3,10,150,71,0.07316593591075989
281,3,10,150,71,0.0
282,3,10,150,71,0.09659953929285248
283,3,10,150,71,0.0
284,3,10,150,71,0.0
285,3,10,150,71,0.0
286,3,10,150,71,0.016140534521312585
287,3,10,150,71,0.0
288,3,10,150,71,0.13999259891013252
289,3,10,150,71,0.0
290,3,10,150,71,0.09647783930421741
291,3,10,150,71,0.17775326828407884
292,3,10,150,71,0.27665227928348557
293,3,10,150,71,0.07696612876209119
294,3,10,150,71,0.09628038570550856
295,3,10,150,71,0.14073295606443062
296,3,10,150,71,0.15701688667375013
297,3,10,150,71,0.030868393892711742
298,3,10,150,71,0.13814728270261697
299,3,10,150,71,0.06251231174305825
300,3,10,150,71,0.0
301,3,10,150,71,0.1296575124303738
302,3,10,150,71,0.07335312372354855
303,3,10,150,71,0.17978154785217412
304,3,10,150,71,0.0
305,3,10,150,71,0.05428021340641747
306,3,10,150,71,0.0
307,3,10,150,71,0.13128644747266613
308,3,10,150,71,0.05707430901002984
309,3,10,150,71,0.0
310,3,10,150,71,0.2890648263178879
311,3,10,150,71,0.17512035582237062
312,3,10,150,71,0.16963857451199318
313,3,10,150,71,0.09586943528179451
314,3,10,150,71,0.10507089418815024
315,3,10,150,71,0.09785159463516042
316,3,10,150,71,0.06076546216996844
317,3,10,150,71,0.0
318,3,10,150,71,0.07377376675297492
319,3,10,150,71,0.0
320,3,10,150,71,0.08947300054212491
321,3,10,150,71,0.08223795175588802
322,3,10,150,71,0.07955752067133452
323,3,10,150,71,0.12229181918924699
324,3,10,150,71,0.0
325,3,10,150,71,0.0
326,3,10,150,71,0.10817904857938596
327,3,10,150,71,0.0
328,3,10,150,71,0.1253761246808089
329,3,10,150,71,0.056720838976548935
330,3,10,150,71,0.3028509129070748
331,3,10,150,71,0.0
332,3,10,150,71,0.09937017023483655
333,3,10,150,71,0.0
334,3,10,150,71,0.12408632416137813
335,3,10,150,71,0.0
336,3,10,150,71,0.0
337,3,10,150,71,0.2325689761571779
338,3,10,150,71,0.08388555279643939
339,3,10,150,71,0.1856477756884163
340,3,10,150,71,0.12647135138382856
341,3,10,150,71,0.0
342,3,10,150,71,0.15381739323016694
343,3,10,150,71,0.35449693766486445
344,3,10,150,71,0.13804010954782428
345,3,10,150,71,0.1302817386077542
346,3,10,150,71,0.1264086027263655
347,3,10,150,71,0.09642724089192412
348,3,10,150,71,0.0
349,3,10,150,71,0.07123530534387781
350,3,10,150,71,0.2314071217459096
351,3,10,150,71,0.0
352,3,10,150,71,0.16282653392890226
353,3,10,150,71,0.09489642549953911
354,3,10,150,71,0.048823562593396645
355,3,10,150,71,0.05122871476979503
356,3,10,150,71,0.0
357,3,10,150,71,0.03371865946438579
358,3,10,150,71,0.26730206653594746
359,3,10,150,71,0.14341929980357182
360,3,10,150,71,0.13132846997338612
361,3,10,150,71,0.0
362,3,10,150,71,0.0
363,3,10,150,71,0.1867805234163032
364,3,10,150,71,0.0
365,3,10,150,71,0.0989084497079971
366,3,10,150,71,0.10684080426179023
367,3,10,150,71,0.1410054764628891
368,3,10,150,71,0.0
369,3,10,150,71,0.0
370,3,10,150,71,0.045683428159663184
371,3,10,150,71,0.174231549865924
372,3,10,150,71,0.13528214995015655
373,3,10,150,71,0.18128610071101886
374,3,10,150,71,0.1523273086076386
375,3,10,150,71,0.0
376,3,10,150,71,0.0
377,3,10,150,71,0.053168340515114924
378,3,10,150,71,0.053263484749357055
379,3,10,150,71,0.16693258363041708
380,3,10,150,71,0.0
381,3,10,150,71,0.08294243278442993
382,3,10,150,71,0.13500098315004241
383,3,10,150,71,0.03539807129574854
384,3,10,150,71,0.08759200575528697
385,3,10,150,71,0.1546778125427113
386,3,10,150,71,0.0
387,3,10,150,71,0.03814967334348895
388,3,10,150,71,0.029785542524894418
389,3,10,150,71,0.13183633031089573
390,3,10,150,71,0.2691365333037713
391,3,10,150,71,0.298074760835303
392,3,10,150,71,0.10835852340243231
393,3,10,150,71,0.18091388329957037
394,3,10,150,71,0.12900206501129066
395,3,10,150,71,0.15727036710905312
396,3,10,150,71,0.0
397,3,10,150,71,0.12905531436930254
398,3,10,150,71,0.12204637821038242
399,3,10,150,71,0.05509887073092855
400,3,10,150,71,0.0
401,3,10,150,71,0.0
402,3,10,150,71,0.469779625693621
403,3,10,150,71,0.0
404,3,10,150,71,0.0
405,3,10,150,71,0.2145975825768189
406,3,10,150,71,0.1428233347987388
407,3,10,150,71,0.07343764708220529
408,3,10,150,71,0.12083071655728543
409,3,10,150,71,0.15086419336317547
410,3,10,150,71,0.0
411,3,10,150,71,0.1128999930808451
412,3,10,150,71,0.0
413,3,10,150,71,0.10122860821230018
414,3,10,150,71,0.0
415,3,10,150,71,0.07605458145297357
416,3,10,150,71,0.3044397937642471
417,3,10,150,71,0.05712516951520643
418,3,10,150,71,0.07001560573318603
419,3,10,150,71,0.26168079122473237
420,3,10,150,71,0.0527075128660253
421,3,10,150,71,0.202729931306865
422,3,10,150,71,0.0
423,3,10,150,71,0.0
424,3,10,150,71,0.13291000263869587
425,3,10,150,71,0.015224331423152564
426,3,10,150,71,0.10004388309532918
427,3,10,150,71,0.0
428,3,10,150,71,0.0
429,3,10,150,71,0.13735374509593934
430,3,10,150,71,0.062242588308449316
431,3,10,150,71,0.0
432,3,10,150,71,0.05253723007572906
433,3,10,150,71,0.0
434,3,10,150,71,0.25803884452092735
435,3,10,150,71,0.21462368808043236
436,3,10,150,71,0.09291494561763272
437,3,10,150,71,0.06322656079779612
438,3,10,150,71,0.0
439,3,10,150,71,0.0
440,3,10,150,71,0.10025741859697787
441,3,10,150,71,0.0
442,3,10,150,71,0.058478916078390675
443,3,10,150,71,0.056720838976548935
444,3,10,150,71,0.19519002499605084
445,3,10,150,71,0.0
446,3,10,150,71,0.0
447,3,10,150,71,0.09914294517496557
448,3,10,150,71,0.0
449,3,10,150,71,0.0
450,3,10,150,71,0.33239237309211617
451,3,10,150,71,0.0
452,3,10,150,71,0.048188247044562364
453,3,10,150,71,0.13392124957971085
454,3,10,150,71,0.0
455,3,10,150,71,0.2223859147540445
456,3,10,150,71,0.18931496347604157
457,3,10,150,71,0.3800898800687735
458,3,10,150,71,0.12059750656999586
459,3,10,150,71,0.04901586605894737
460,3,10,150,71,0.0
461,3,10,150,71,0.10778915452451093
462,3,10,150,71,0.16728714615527887
463,3,10,150,71,0.1032589365938857
464,3,10,150,71,0.091470579054696
465,3,10,150,71,0.0733934381893728
466,3,10,150,71,0.0750834162528243
467,3,10,150,71,0.032842167909375275
468,3,10,150,71,0.4424763580282471
469,3,10,150,71,0.050924439617225085
470,3,10,150,71,0.040162930685297936
471,3,10,150,71,0.0
472,3,10,150,71,0.28046406273498387
473,3,10,150,71,0.08903377327702097
474,3,10,150,71,0.3754359428977169
475,3,10,150,71,0.0
476,3,10,150,71,0.12097589732794561
477,3,10,150,71,0.0
478,3,10,150,71,0.2059565668593519
479,3,10,150,71,0.07893633843817272
480,3,10,150,71,0.0881980292211471
481,3,10,150,71,0.05234104579082298
482,3,10,150,71,0.15905893746943514
483,3,10,150,71,0.06194403202282284
484,3,10,150,71,0.30830871788407543
485,3,10,150,71,0.0
486,3,10,150,71,0.06108300840136219
487,3,10,150,71,0.10159646435686151
488,3,10,150,71,0.05887472794707303
489,3,10,150,71,0.0
490,3,10,150,71,0.06490403551612171
491,3,10,150,71,0.17758207479178334
492,3,10,150,71,0.12925417913024104
493,3,10,150,71,0.2507881701135645
494,3,10,150,71,0.15581531016292202
495,3,10,150,71,0.142346942264849
496,3,10,150,71,0.07271211160102074
497,3,10,150,71,0.07810188140590023
498,3,10,150,71,0.0343217267714905
499,3,10,150,71,0.16209170826928437
500,3,10,150,71,0.04698773570888995
501,3,10,150,71,0.0
502,3,10,150,71,0.03272632263321488
503,3,10,150,71,0.26389046315772724
504,3,10,150,71,0.09794337990609951
505,3,10,150,71,0.025255271126572616
506,3,10,150,71,0.16119309772585624
507,3,10,150,71,0.02579743633593384
508,3,10,150,71,0.2124218923765955
509,3,10,150,71,0.0
510,3,10,150,71,0.17032928501352598
511,3,10,150,71,0.12155021559723776
512,3,10,150,71,0.0
513,3,10,150,71,0.09761131800342168
514,3,10,150,71,0.20202473045271674
515,3,10,150,71,0.0
516,3,10,150,71,0.07947838320659593
517,3,10,150,71,0.03859643636257609
518,3,10,150,71,0.05268083714989503
519,3,10,150,71,0.034560204819110964
520,3,10,150,71,0.0
521,3,10,150,71,0.07649261318048692
522,3,10,150,71,0.2035192592417533
523,3,10,150,71,0.1705239552439998
524,3,10,150,71,0.054431792706369816
525,3,10,150,71,0.06516045994396072
526,3,10,150,71,0.052528565413809895
527,3,10,150,71,0.21068702285875093
528,3,10,150,71,0.1255942414278791
529,3,10,150,71,0.03208343640786788
530,3,10,150,71,0.0
531,3,10,150,71,0.0
532,3,10,150,71,0.19269607369236602
533,3,10,150,71,0.13077875588459684
534,3,10,150,71,0.10040759964046686
535,3,10,150,71,0.25224874540372827
536,3,10,150,71,0.16943073315280816
537,3,10,150,71,0.43761221089920616
538,3,10,150,71,0.09944592215223559
539,3,10,150,71,0.07086035994602148
540,3,10,150,71,0.0
541,3,10,150,71,0.0779170553370938
542,3,10,150,71,0.07173250396753712
543,3,10,150,71,0.0
544,3,10,150,71,0.0
545,3,10,150,71,0.1627301445786375
546,3,10,150,71,0.1727529426032757
547,3,10,150,71,0.04528995543568932
548,3,10,150,71,0.08556622378188056
549,3,10,150,71,0.10184659627402569
550,3,10,150,71,0.0845667599404342
551,3,10,150,71,0.27938604043416193
552,3,10,150,71,0.0
553,3,10,150,71,0.13528660262448355
554,3,10,150,71,0.0
555,3,10,150,71,0.037070343480771185
556,3,10,150,71,0.2848749592866812
557,3,10,150,71,0.044530079137671444
558,3,10,150,71,0.21398626473452756
559,3,10,150,71,0.11571122630007512
560,3,10,150,71,0.11942337490935596
561,3,10,150,71,0.07009652743328959
562,3,10,150,71,0.1501964202441757
563,3,10,150,71,0.10791970824616881
564,3,10,150,71,0.0
565,3,10,150,71,0.2016297075493207
566,3,10,150,71,0.11935234359120704
567,3,10,150,71,0.3074611602345109
568,3,10,150,71,0.07161318866452264
569,3,10,150,71,0.023835426911994775
570,3,10,150,71,0.0
571,3,10,150,71,0.0512644431393966
572,3,10,150,71,0.30260241349881345
573,3,10,150,71,0.0
574,3,10,150,71,0.0
575,3,10,150,71,0.13043262693172047
576,3,10,150,71,0.0
577,3,10,150,71,0.2017286250978881
578,3,10,150,71,0.0
579,3,10,150,71,0.06152644703210656
580,3,10,150,71,0.03144137376097698
581,3,10,150,71,0.0
582,3,10,150,71,0.06679511870650716
583,3,10,150,71,0.13912814892946682
584,3,10,150,71,0.20261715588288354
585,3,10,150,71,0.042225550968526857
586,3,10,150,71,0.0663945281096953
587,3,10,150,71,0.014710191939204944
588,3,10,150,71,0.26270495886807843
589,3,10,150,71,0.09905100598441088
590,3,10,150,71,0.19997970715667693
591,3,10,150,71,0.08651464973019597
592,3,10,150,71,0.34839960486977856
593,3,10,150,71,0.13165741445679038
594,3,10,150,71,0.0
595,3,10,150,71,0.055965373307784824
596,3,10,150,71,0.09803928583135704
597,3,10,150,71,0.02579743633593384
598,3,10,150,71,0.0
599,3,10,150,71,0.02506539947940475
600,3,10,150,71,0.13574631165894233
601,3,10,150,71,0.1353025537211632
602,3,10,150,71,0.041278922835426404
603,3,10,150,71,0.12541207695631323
604,3,10,150,71,0.0
605,3,10,150,71,0.20667237874233232
606,3,10,150,71,0.330404104741828
607,3,10,150,71,0.0308875359117713
608,3,10,150,71,0.21466088302254513
609,3,10,150,71,0.0
610,3,10,150,71,0.12186625680881258
611,3,10,150,71,0.19680646538945382
612,3,10,150,71,0.09162544430476362
613,3,10,150,71,0.1652462050665711
614,3,10,150,71,0.1467868763787456
615,3,10,150,71,0.1578637648166983
616,3,10,150,71,0.030480958763669998
617,3,10,150,71,0.038287076928437726
618,3,10,150,71,0.11270643369316302
619,3,10,150,71,0.14795344439858116
620,3,10,150,71,0.24239278329353608
621,3,10,150,71,0.10569072181389248
622,3,10,150,71,0.16861299131841373
623,3,10,150,71,0.04214302778527282
624,3,10,150,71,0.03202992305603544
625,3,10,150,71,0.06672272773479279
626,3,10,150,71,0.05317473211477967
627,3,10,150,71,0.11471658297235718
628,3,10,150,71,0.0
629,3,10,150,71,0.28364213168183045
630,3,10,150,71,0.10834532177911152
631,3,10,150,71,0.13449792459172438
632,3,10,150,71,0.08348454970562778
633,3,10,150,71,0.050456115328747164
634,3,10,150,71,0.09692094009503625
635,3,10,150,71,0.0
636,3,10,150,71,0.4108031518056064
637,3,10,150,71,0.02898066279104336
638,3,10,150,71,0.05152901435389809
639,3,10,150,71,0.0
640,3,10,150,71,0.16254564442204458
641,3,10,150,71,0.051358492238643604
642,3,10,150,71,0.3044150778470973
643,3,10,150,71,0.2344150002996369
644,3,10,150,71,0.023868766231572826
645,3,10,150,71,0.17744101704673967
646,3,10,150,71,0.11243817952384734
647,3,10,150,71,0.06590268968688952
648,3,10,150,71,0.2549229638097804
649,3,10,150,71,0.04336490181597879
650,3,10,150,71,0.11218480216030434
651,3,10,150,71,0.0
652,3,10,150,71,0.0
653,3,10,150,71,0.11542704076892714
654,3,10,150,71,0.054555615187400146
655,3,10,150,71,0.45332228439296784
656,3,10,150,71,0.0
657,3,10,150,71,0.2504953915210566
658,3,10,150,71,0.09988783377897062
659,3,10,150,71,0.10820707656673624
660,3,10,150,71,0.020680207255535897
661,3,10,150,71,0.21396342200866308
662,3,10,150,71,0.0
663,3,10,150,71,0.1250707809701198
664,3,10,150,71,0.2529082261419831
665,3,10,150,71,0.0637635876459061
666,3,10,150,71,0.11636497464313517
667,3,10,150,71,0.1487205698875683
668,3,10,150,71,0.0
669,3,10,150,71,0.2287469684999221
670,3,10,150,71,0.0
671,3,10,150,71,0.20598773756155325
672,3,10,150,71,0.07973520350569015
673,3,10,150,71,0.03236977394070781
674,3,10,150,71,0.0
675,3,10,150,71,0.0382580635535654
676,3,10,150,71,0.22358931366364498
677,3,10,150,71,0.10158983531347915
678,3,10,150,71,0.0
679,3,10,150,71,0.20531579536501102
680,3,10,150,71,0.0
681,3,10,150,71,0.0
682,3,10,150,71,0.2504563853649093
683,3,10,150,71,0.045215225629604006
684,3,10,150,71,0.03158850394477252
685,3,10,150,71,0.20373936192022438
686,3,10,150,71,0.20488909086022683
687,3,10,150,71,0.0
688,3,10,150,71,0.0
689,3,10,150,71,0.40191678174210904
690,3,10,150,71,0.24802939400095458
691,3,10,150,71,0.6023709850354425
692,3,10,150,71,0.03353522641880846
693,3,10,150,71,0.04711181933747839
694,3,10,150,71,0.20797874186348309
695,3,10,150,71,0.05816383356143395
696,3,10,150,71,0.08111636357522063
697,3,10,150,71,0.08316188759665785
698,3,10,150,71,0.0
699,3,10,150,71,0.052585582308339936
700,3,10,150,71,0.0
701,3,10,150,71,0.12271508523586225
702,3,10,150,71,0.0
703,3,10,150,71,0.21888235022994418
704,3,10,150,71,0.21554226999056822
705,3,10,150,71,0.2598949629128916
706,3,10,150,71,0.0
707,3,10,150,71,0.2559917275385775
708,3,10,150,71,0.03476299583640518
709,3,10,150,71,0.15396797127961612
710,3,10,150,71,0.25040922491354684
711,3,10,150,71,0.21587793114535495
712,3,10,150,71,0.0709301463537875
713,3,10,150,71,0.0
714,3,10,150,71,0.1266607864485773
715,3,10,150,71,0.16860516623933322
716,3,10,150,71,0.27502986930288487
717,3,10,150,71,0.13562133373277918
718,3,10,150,71,0.0
719,3,10,150,71,0.10353175087921149
720,3,10,150,71,0.0
721,3,10,150,71,0.11127296302403536
722,3,10,150,71,0.07401896317743158
723,3,10,150,71,0.0
724,3,10,150,71,0.0
725,3,10,150,71,0.04733244938590725
726,3,10,150,71,0.061080020762274374
727,3,10,150,71,0.07831610688280569
728,3,10,150,71,0.0
729,3,10,150,71,0.046534861017850544
730,3,10,150,71,0.0
731,3,10,150,71,0.1935015812983906
732,3,10,150,71,0.05717828980196049
733,3,10,150,71,0.020730875129846955
734,3,10,150,71,0.08131766139183766
735,3,10,150,71,0.08151055815578559
736,3,10,150,71,0.047009109882897075
737,3,10,150,71,0.12127716502890909
738,3,10,150,71,0.09907057054543131
739,3,10,150,71,0.18767092572990207
740,3,10,150,71,0.0523780734795101
741,3,10,150,71,0.0787396033907249
742,3,10,150,71,0.0527075128660253
743,3,10,150,71,0.1194783875505714
744,3,10,150,71,0.0
745,3,10,150,71,0.06774344219296054
746,3,10,150,71,0.24124954544361757
747,3,10,150,71,0.22762173720959214
748,3,10,150,71,0.04132344798443041
749,3,10,150,71,0.3054392319163098
750,3,10,150,71,0.18000575664763457
751,3,10,150,71,0.06407706415564705
752,3,10,150,71,0.08155432360208091
753,3,10,150,71,0.04072612696308379
754,3,10,150,71,0.0
755,3,10,150,71,0.0
756,3,10,150,71,0.044143057780823704
757,3,10,150,71,0.1348512266147596
758,3,10,150,71,0.26564145428068653
759,3,10,150,71,0.0
760,3,10,150,71,0.16006374561654185
761,3,10,150,71,0.17663858756688974
762,3,10,150,71,0.0
763,3,10,150,71,0.12158678300408801
764,3,10,150,71,0.04710969775183564
765,3,10,150,71,0.0966785411876802
766,3,10,150,71,0.035191004809260996
767,3,10,150,71,0.1269544353559099
768,3,10,150,71,0.09997171219938322
769,3,10,150,71,0.0
770,3,10,150,71,0.207274302223422
771,3,10,150,71,0.07363642524234874
772,3,10,150,71,0.038996699933076286
773,3,10,150,71,0.15659560794124947
774,3,10,150,71,0.0
775,3,10,150,71,0.0
776,3,10,150,71,0.04721006604760436
777,3,10,150,71,0.0
778,3,10,150,71,0.08961728720334347
779,3,10,150,71,0.0
780,3,10,150,71,0.1478701604202007
781,3,10,150,71,0.12572447169101508
782,3,10,150,71,0.0
783,3,10,150,71,0.07763399617214947
784,3,10,150,71,0.04582425041433568
785,3,10,150,71,0.2848262604068979
786,3,10,150,71,0.13901223847985233
787,3,10,150,71,0.0
788,3,10,150,71,0.046626370288649896
789,3,10,150,71,0.14531023848228133
790,3,10,150,71,0.08452117092278105
791,3,10,150,71,0.059480024314918285
792,3,10,150,71,0.0946587791577201
793,3,10,150,71,0.11843263243420837
794,3,10,150,71,0.1578863001786244
795,3,10,150,71,0.06886690743551852
796,3,10,150,71,0.08495462172336814
797,3,10,150,71,0.13905617951077562
798,3,10,150,71,0.02688415331260267
799,3,10,150,71,0.2836929289153804
800,3,10,150,71,0.0
801,3,10,150,71,0.0
802,3,10,150,71,0.05621908976192367
803,3,10,150,71,0.0
804,3,10,150,71,0.20994146470018396
805,3,10,150,71,0.1465319928812479
806,3,10,150,71,0.10606704841588428
807,3,10,150,71,0.18716126069796726
808,3,10,150,71,0.0
809,3,10,150,71,0.0
810,3,10,150,71,0.0
811,3,10,150,71,0.1162989546852336
812,3,10,150,71,0.11600766930798434
813,3,10,150,71,0.06916902856231065
814,3,10,150,71,0.054181637470214
815,3,10,150,71,0.10380674919178415
816,3,10,150,71,0.10105367325027378
817,3,10,150,71,0.0
818,3,10,150,71,0.05187864210776578
819,3,10,150,71,0.0
820,3,10,150,71,0.12262943855309168
821,3,10,150,71,0.09816715076122622
822,3,10,150,71,0.0
823,3,10,150,71,0.14011732711290795
824,3,10,150,71,0.0
825,3,10,150,71,0.16434089815347858
826,3,10,150,71,0.1395338307503347
827,3,10,150,71,0.0
828,3,10,150,71,0.0
829,3,10,150,71,0.08143169212679746
830,3,10,150,71,0.13003750163762204
831,3,10,150,71,0.0800524392169327
832,3,10,150,71,0.0
833,3,10,150,71,0.05828935682373833
834,3,10,150,71,0.0
835,3,10,150,71,0.131093662595089
836,3,10,150,71,0.05097554749895306
837,3,10,150,71,0.05351287869030783
838,3,10,150,71,0.08633629724227374
839,3,10,150,71,0.0
840,3,10,150,71,0.1518245759629103
841,3,10,150,71,0.0
842,3,10,150,71,0.0
843,3,10,150,71,0.04209275315645388
844,3,10,150,71,0.0
845,3,10,150,71,0.06531065216760332
846,3,10,150,71,0.14997953355821372
847,3,10,150,71,0.0
848,3,10,150,71,0.03618657486793958
849,3,10,150,71,0.07682358143005112
850,3,10,150,71,0.06228974831361337
851,3,10,150,71,0.2277008805972924
852,3,10,150,71,0.07256783117062009
853,3,10,150,71,0.0
854,3,10,150,71,0.0
855,3,10,150,71,0.0
856,3,10,150,71,0.0
857,3,10,150,71,0.0
858,3,10,150,71,0.0
859,3,10,150,71,0.0
860,3,10,150,71,0.0
861,3,10,150,71,0.12754356661958802
862,3,10,150,71,0.1014543205029727
863,3,10,150,71,0.0
864,3,10,150,71,0.19756506460263396
865,3,10,150,71,0.0
866,3,10,150,71,0.0
867,3,10,150,71,0.18752183128814004
868,3,10,150,71,0.0
870,3,10,150,71,0.0
871,3,10,150,71,0.0
872,3,10,150,71,0.0
875,3,10,150,71,0.1395953738647505
876,3,10,150,71,0.0
877,3,10,150,71,0.0
1,3,10,150,72,0.6247579375131872
2,3,10,150,72,0.10688238502350729
3,3,10,150,72,0.0
4,3,10,150,72,0.0
5,3,10,150,72,0.0819283960923954
6,3,10,150,72,0.05340978172012693
7,3,10,150,72,0.15912203234939234
8,3,10,150,72,0.14580618822812969
9,3,10,150,72,0.0
10,3,10,150,72,0.16409920264511527
11,3,10,150,72,0.049016076581777215
12,3,10,150,72,0.04822019817866397
13,3,10,150,72,0.2297566144299196
14,3,10,150,72,0.14623893181570033
15,3,10,150,72,0.0
16,3,10,150,72,0.21217356960479747
17,3,10,150,72,0.12066394366711926
18,3,10,150,72,0.18606782959057458
19,3,10,150,72,0.0
20,3,10,150,72,0.14530105135237878
21,3,10,150,72,0.05824963961462511
22,3,10,150,72,0.1468275080577048
23,3,10,150,72,0.18360000301566626
24,3,10,150,72,0.311062094929455
25,3,10,150,72,0.0
26,3,10,150,72,0.030421795212869307
28,3,10,150,72,0.0
29,3,10,150,72,0.0
30,3,10,150,72,0.0979129253499678
31,3,10,150,72,0.06076546216996844
32,3,10,150,72,0.0
33,3,10,150,72,0.0
34,3,10,150,72,0.0
35,3,10,150,72,0.07108348368841133
37,3,10,150,72,0.08836851842055818
38,3,10,150,72,0.03215366848272267
39,3,10,150,72,0.0
40,3,10,150,72,0.03963175841995263
41,3,10,150,72,0.0
42,3,10,150,72,0.14144963799422255
43,3,10,150,72,0.268915965453296
44,3,10,150,72,0.07698159974258616
45,3,10,150,72,0.04505000432618384
46,3,10,150,72,0.2524329124868603
47,3,10,150,72,0.0
48,3,10,150,72,0.191300388285999
49,3,10,150,72,0.08545966314334597
50,3,10,150,72,0.0
51,3,10,150,72,0.18953836965473142
52,3,10,150,72,0.04892579731758021
53,3,10,150,72,0.09546043308946733
54,3,10,150,72,0.07984133538066794
55,3,10,150,72,0.0
56,3,10,150,72,0.03975645576081676
57,3,10,150,72,0.03861141423677389
58,3,10,150,72,0.10796876451088402
59,3,10,150,72,0.1825401339226324
60,3,10,150,72,0.12123807080432077
61,3,10,150,72,0.0
62,3,10,150,72,0.056765939954965754
63,3,10,150,72,0.03554915059547175
64,3,10,150,72,0.0
65,3,10,150,72,0.2994759515353249
66,3,10,150,72,0.0
67,3,10,150,72,0.0
68,3,10,150,72,0.0
69,3,10,150,72,0.18013245110732332
70,3,10,150,72,0.02172288304169718
71,3,10,150,72,0.1434649426280276
72,3,10,150,72,0.16084022171949366
73,3,10,150,72,0.051960280791503534
74,3,10,150,72,0.0
75,3,10,150,72,0.11731968150568911
76,3,10,150,72,0.14804398249667974
77,3,10,150,72,0.45287742747371695
78,3,10,150,72,0.0
79,3,10,150,72,0.0
80,3,10,150,72,0.08297572808511901
81,3,10,150,72,0.0
82,3,10,150,72,0.08926877557705373
83,3,10,150,72,0.04630610387058298
84,3,10,150,72,0.0
85,3,10,150,72,0.06966660916502733
86,3,10,150,72,0.07738888769495082
87,3,10,150,72,0.10058161863664324
88,3,10,150,72,0.0
89,3,10,150,72,0.22860031301980846
90,3,10,150,72,0.2386569480666451
91,3,10,150,72,0.13114221140465185
92,3,10,150,72,0.03690254550997565
93,3,10,150,72,0.0
94,3,10,150,72,0.1785123466504993
95,3,10,150,72,0.07964436720215591
96,3,10,150,72,0.19186450284072096
97,3,10,150,72,0.1324047882275468
98,3,10,150,72,0.08878770367712427
99,3,10,150,72,0.029785542524894418
100,3,10,150,72,0.0892789338684584
101,3,10,150,72,0.0
102,3,10,150,72,0.026001814664123827
103,3,10,150,72,0.07673373981757839
104,3,10,150,72,0.12171451575741458
106,3,10,150,72,0.05261577455142312
107,3,10,150,72,0.0
108,3,10,150,72,0.0
109,3,10,150,72,0.11259960483764554
110,3,10,150,72,0.06422488523189442
111,3,10,150,72,0.0
112,3,10,150,72,0.06510475888148554
113,3,10,150,72,0.05449144662575446
114,3,10,150,72,0.07610811271330754
115,3,10,150,72,0.046806851959664796
116,3,10,150,72,0.07814915695077672
117,3,10,150,72,0.10135360124281675
118,3,10,150,72,0.0
119,3,10,150,72,0.06127983274634642
121,3,10,150,72,0.06245141164382474
122,3,10,150,72,0.07625852881342107
123,3,10,150,72,0.46927872602275644
124,3,10,150,72,0.10889376106823218
125,3,10,150,72,0.15602345563935235
126,3,10,150,72,0.0
127,3,10,150,72,0.0
128,3,10,150,72,0.047777554739453616
129,3,10,150,72,0.0
130,3,10,150,72,0.11207058154636457
131,3,10,150,72,0.2803335894048546
132,3,10,150,72,0.1431991570830273
133,3,10,150,72,0.0
134,3,10,150,72,0.0
135,3,10,150,72,0.0
136,3,10,150,72,0.40257390286801836
137,3,10,150,72,0.0
138,3,10,150,72,0.21222747957761057
139,3,10,150,72,0.0
140,3,10,150,72,0.0
141,3,10,150,72,0.17799763794582682
142,3,10,150,72,0.30260241349881345
143,3,10,150,72,0.0
144,3,10,150,72,0.2143720535700613
145,3,10,150,72,0.07790537832794017
146,3,10,150,72,0.0
147,3,10,150,72,0.07610811271330754
148,3,10,150,72,0.10419221525731585
149,3,10,150,72,0.05446824630887794
150,3,10,150,72,0.0
151,3,10,150,72,0.1467394379667669
152,3,10,150,72,0.048689109753478024
153,3,10,150,72,0.06516188295518531
154,3,10,150,72,0.055100238151135045
155,3,10,150,72,0.0
156,3,10,150,72,0.07028063830038406
157,3,10,150,72,0.05840183867278569
158,3,10,150,72,0.07413972351842125
159,3,10,150,72,0.11026617795298452
160,3,10,150,72,0.060934076158944916
161,3,10,150,72,0.0
162,3,10,150,72,0.0
163,3,10,150,72,0.0
164,3,10,150,72,0.0
165,3,10,150,72,0.09149012142095872
166,3,10,150,72,0.0
167,3,10,150,72,0.03395822402998728
168,3,10,150,72,0.0
169,3,10,150,72,0.055427457405235275
170,3,10,150,72,0.0
171,3,10,150,72,0.0
172,3,10,150,72,0.0
173,3,10,150,72,0.0
174,3,10,150,72,0.07752093421921306
175,3,10,150,72,0.4413254197204702
176,3,10,150,72,0.0347693136731627
177,3,10,150,72,0.0
178,3,10,150,72,0.18053947820976404
179,3,10,150,72,0.06599888514927177
180,3,10,150,72,0.0
181,3,10,150,72,0.04622579729077891
182,3,10,150,72,0.13120507751234178
183,3,10,150,72,0.0
184,3,10,150,72,0.0
185,3,10,150,72,0.0
186,3,10,150,72,0.0
187,3,10,150,72,0.2004102107997965
188,3,10,150,72,0.026527518023781966
189,3,10,150,72,0.22982757951573698
190,3,10,150,72,0.0
191,3,10,150,72,0.07335312372354855
192,3,10,150,72,0.0
193,3,10,150,72,0.0
194,3,10,150,72,0.0860257611411915
195,3,10,150,72,0.10257737475069033
196,3,10,150,72,0.17342765698823945
197,3,10,150,72,0.07304192939088519
198,3,10,150,72,0.10387325901274824
199,3,10,150,72,0.052106753859569234
200,3,10,150,72,0.0971420957831845
201,3,10,150,72,0.22295691269882975
202,3,10,150,72,0.0
203,3,10,150,72,0.0
204,3,10,150,72,0.0
205,3,10,150,72,0.11600766930798434
206,3,10,150,72,0.0
207,3,10,150,72,0.12136843723580057
208,3,10,150,72,0.0
209,3,10,150,72,0.070675417981692
210,3,10,150,72,0.0
211,3,10,150,72,0.0
212,3,10,150,72,0.0559167101555819
213,3,10,150,72,0.08985507164305877
214,3,10,150,72,0.1257260924843343
215,3,10,150,72,0.157288596461893
216,3,10,150,72,0.27735230728218535
217,3,10,150,72,0.13000004444613666
218,3,10,150,72,0.06323567569191428
219,3,10,150,72,0.0
220,3,10,150,72,0.07807600999842033
221,3,10,150,72,0.12213234467515617
222,3,10,150,72,0.1483732210811898
223,3,10,150,72,0.039270700903099615
224,3,10,150,72,0.0
225,3,10,150,72,0.09311209812195972
226,3,10,150,72,0.0
227,3,10,150,72,0.0
229,3,10,150,72,0.0
230,3,10,150,72,0.1697995249867118
231,3,10,150,72,0.0
232,3,10,150,72,0.0
233,3,10,150,72,0.20123780419810608
234,3,10,150,72,0.16960718278133918
235,3,10,150,72,0.08312042273022706
236,3,10,150,72,0.12127042983235181
237,3,10,150,72,0.04776398023609584
238,3,10,150,72,0.0
239,3,10,150,72,0.14738301924206398
240,3,10,150,72,0.10235170428306553
241,3,10,150,72,0.1381300260171807
242,3,10,150,72,0.0
243,3,10,150,72,0.0
244,3,10,150,72,0.15017336350566032
245,3,10,150,72,0.0
246,3,10,150,72,0.08356426880363813
247,3,10,150,72,0.15642624200758548
248,3,10,150,72,0.23451355966072135
249,3,10,150,72,0.3296200475575061
250,3,10,150,72,0.07806699296748765
251,3,10,150,72,0.0
252,3,10,150,72,0.07630862162354303
253,3,10,150,72,0.038220360097248454
254,3,10,150,72,0.036502603141236205
255,3,10,150,72,0.10933464083642679
256,3,10,150,72,0.0681239071992697
257,3,10,150,72,0.12830873359117523
258,3,10,150,72,0.16260831227163416
259,3,10,150,72,0.0
260,3,10,150,72,0.0
261,3,10,150,72,0.0
262,3,10,150,72,0.0
263,3,10,150,72,0.36030713075223775
264,3,10,150,72,0.35681377696685707
265,3,10,150,72,0.19802572813668026
266,3,10,150,72,0.0
267,3,10,150,72,0.21076490690365068
268,3,10,150,72,0.10827784002385153
269,3,10,150,72,0.040019695500760184
270,3,10,150,72,0.049915567102790354
271,3,10,150,72,0.10729393508609222
272,3,10,150,72,0.10457492829503848
273,3,10,150,72,0.0
274,3,10,150,72,0.0
275,3,10,150,72,0.0
276,3,10,150,72,0.18123405577072318
277,3,10,150,72,0.0
278,3,10,150,72,0.0
279,3,10,150,72,0.11910385967976722
280,3,10,150,72,0.07316593591075989
281,3,10,150,72,0.0
282,3,10,150,72,0.09659953929285248
283,3,10,150,72,0.0
284,3,10,150,72,0.0
285,3,10,150,72,0.0
286,3,10,150,72,0.016140534521312585
287,3,10,150,72,0.0
288,3,10,150,72,0.13999259891013252
289,3,10,150,72,0.0
290,3,10,150,72,0.09647783930421741
291,3,10,150,72,0.17775326828407884
292,3,10,150,72,0.27665227928348557
293,3,10,150,72,0.08916107317253187
294,3,10,150,72,0.09628038570550856
295,3,10,150,72,0.14073295606443062
296,3,10,150,72,0.15701688667375013
297,3,10,150,72,0.030868393892711742
298,3,10,150,72,0.13814728270261697
299,3,10,150,72,0.06251231174305825
300,3,10,150,72,0.0
301,3,10,150,72,0.1296575124303738
302,3,10,150,72,0.07335312372354855
303,3,10,150,72,0.17978154785217412
304,3,10,150,72,0.0
305,3,10,150,72,0.05428021340641747
306,3,10,150,72,0.0
307,3,10,150,72,0.13128644747266613
308,3,10,150,72,0.05707430901002984
309,3,10,150,72,0.0
310,3,10,150,72,0.2890648263178879
311,3,10,150,72,0.17512035582237062
312,3,10,150,72,0.16963857451199318
313,3,10,150,72,0.09586943528179451
314,3,10,150,72,0.10507089418815024
315,3,10,150,72,0.09785159463516042
316,3,10,150,72,0.06076546216996844
317,3,10,150,72,0.0
318,3,10,150,72,0.07377376675297492
319,3,10,150,72,0.0
320,3,10,150,72,0.08947300054212491
321,3,10,150,72,0.08223795175588802
322,3,10,150,72,0.07955752067133452
323,3,10,150,72,0.12229181918924699
324,3,10,150,72,0.0
325,3,10,150,72,0.0
326,3,10,150,72,0.10817904857938596
327,3,10,150,72,0.0
328,3,10,150,72,0.1253761246808089
329,3,10,150,72,0.056720838976548935
330,3,10,150,72,0.3028509129070748
331,3,10,150,72,0.0
332,3,10,150,72,0.09937017023483655
333,3,10,150,72,0.0
334,3,10,150,72,0.12408632416137813
335,3,10,150,72,0.0
336,3,10,150,72,0.0
337,3,10,150,72,0.2325689761571779
338,3,10,150,72,0.08388555279643939
339,3,10,150,72,0.1856477756884163
340,3,10,150,72,0.12647135138382856
341,3,10,150,72,0.0
342,3,10,150,72,0.15381739323016694
343,3,10,150,72,0.35449693766486445
344,3,10,150,72,0.13804010954782428
345,3,10,150,72,0.1302817386077542
346,3,10,150,72,0.1264086027263655
347,3,10,150,72,0.09642724089192412
348,3,10,150,72,0.0
349,3,10,150,72,0.07123530534387781
350,3,10,150,72,0.2314071217459096
351,3,10,150,72,0.0
352,3,10,150,72,0.16282653392890226
353,3,10,150,72,0.09489642549953911
354,3,10,150,72,0.048823562593396645
355,3,10,150,72,0.05122871476979503
356,3,10,150,72,0.0
357,3,10,150,72,0.03371865946438579
358,3,10,150,72,0.26730206653594746
359,3,10,150,72,0.14341929980357182
360,3,10,150,72,0.13132846997338612
361,3,10,150,72,0.0
362,3,10,150,72,0.0
363,3,10,150,72,0.1867805234163032
364,3,10,150,72,0.0
365,3,10,150,72,0.0989084497079971
366,3,10,150,72,0.10684080426179023
367,3,10,150,72,0.1410054764628891
368,3,10,150,72,0.0
369,3,10,150,72,0.0
370,3,10,150,72,0.045683428159663184
371,3,10,150,72,0.174231549865924
372,3,10,150,72,0.13528214995015655
373,3,10,150,72,0.18128610071101886
374,3,10,150,72,0.1523273086076386
375,3,10,150,72,0.0
376,3,10,150,72,0.0
377,3,10,150,72,0.053168340515114924
378,3,10,150,72,0.053263484749357055
379,3,10,150,72,0.16693258363041708
380,3,10,150,72,0.0
381,3,10,150,72,0.08294243278442993
382,3,10,150,72,0.13500098315004241
383,3,10,150,72,0.03539807129574854
384,3,10,150,72,0.08759200575528697
385,3,10,150,72,0.1546778125427113
386,3,10,150,72,0.0
387,3,10,150,72,0.03814967334348895
388,3,10,150,72,0.029785542524894418
389,3,10,150,72,0.13183633031089573
390,3,10,150,72,0.2691365333037713
391,3,10,150,72,0.298074760835303
392,3,10,150,72,0.10835852340243231
393,3,10,150,72,0.18888911770144218
394,3,10,150,72,0.12900206501129066
395,3,10,150,72,0.15727036710905312
396,3,10,150,72,0.0
397,3,10,150,72,0.12905531436930254
398,3,10,150,72,0.12204637821038242
399,3,10,150,72,0.05509887073092855
400,3,10,150,72,0.0
401,3,10,150,72,0.0
402,3,10,150,72,0.469779625693621
403,3,10,150,72,0.0
404,3,10,150,72,0.0
405,3,10,150,72,0.22224484731618396
406,3,10,150,72,0.1428233347987388
407,3,10,150,72,0.07343764708220529
408,3,10,150,72,0.12083071655728543
409,3,10,150,72,0.15086419336317547
410,3,10,150,72,0.0
411,3,10,150,72,0.1128999930808451
412,3,10,150,72,0.0
413,3,10,150,72,0.10122860821230018
414,3,10,150,72,0.0
415,3,10,150,72,0.07605458145297357
416,3,10,150,72,0.301475540473875
417,3,10,150,72,0.05712516951520643
418,3,10,150,72,0.07001560573318603
419,3,10,150,72,0.26168079122473237
420,3,10,150,72,0.0527075128660253
421,3,10,150,72,0.202729931306865
422,3,10,150,72,0.0
423,3,10,150,72,0.0
424,3,10,150,72,0.13291000263869587
425,3,10,150,72,0.015224331423152564
426,3,10,150,72,0.10004388309532918
427,3,10,150,72,0.0
428,3,10,150,72,0.0
429,3,10,150,72,0.13601636641159798
430,3,10,150,72,0.062242588308449316
431,3,10,150,72,0.0
432,3,10,150,72,0.05253723007572906
433,3,10,150,72,0.0
434,3,10,150,72,0.25803884452092735
435,3,10,150,72,0.2125339514999481
436,3,10,150,72,0.09291494561763272
437,3,10,150,72,0.06322656079779612
438,3,10,150,72,0.0
439,3,10,150,72,0.0
440,3,10,150,72,0.10025741859697787
441,3,10,150,72,0.0
442,3,10,150,72,0.058478916078390675
443,3,10,150,72,0.056720838976548935
444,3,10,150,72,0.19519002499605084
445,3,10,150,72,0.0
446,3,10,150,72,0.0
447,3,10,150,72,0.09914294517496557
448,3,10,150,72,0.0
449,3,10,150,72,0.0
450,3,10,150,72,0.3291559526049971
451,3,10,150,72,0.0
452,3,10,150,72,0.048188247044562364
453,3,10,150,72,0.13392124957971085
454,3,10,150,72,0.0
455,3,10,150,72,0.2223859147540445
456,3,10,150,72,0.18931496347604157
457,3,10,150,72,0.37638904101714965
458,3,10,150,72,0.12059750656999586
459,3,10,150,72,0.04901586605894737
460,3,10,150,72,0.0
461,3,10,150,72,0.10778915452451093
462,3,10,150,72,0.16728714615527887
463,3,10,150,72,0.1032589365938857
464,3,10,150,72,0.091470579054696
465,3,10,150,72,0.0733934381893728
466,3,10,150,72,0.0750834162528243
467,3,10,150,72,0.032842167909375275
468,3,10,150,72,0.4424763580282471
469,3,10,150,72,0.050924439617225085
470,3,10,150,72,0.040162930685297936
471,3,10,150,72,0.0
472,3,10,150,72,0.27773325507507224
473,3,10,150,72,0.08903377327702097
474,3,10,150,72,0.3717804180555199
475,3,10,150,72,0.0
476,3,10,150,72,0.12097589732794561
477,3,10,150,72,0.0
478,3,10,150,72,0.2059565668593519
479,3,10,150,72,0.07893633843817272
480,3,10,150,72,0.0881980292211471
481,3,10,150,72,0.05234104579082298
482,3,10,150,72,0.15905893746943514
483,3,10,150,72,0.06194403202282284
484,3,10,150,72,0.30830871788407543
485,3,10,150,72,0.0
486,3,10,150,72,0.06108300840136219
487,3,10,150,72,0.10060724527338907
488,3,10,150,72,0.05887472794707303
489,3,10,150,72,0.0
490,3,10,150,72,0.06490403551612171
491,3,10,150,72,0.17758207479178334
492,3,10,150,72,0.12925417913024104
493,3,10,150,72,0.2507881701135645
494,3,10,150,72,0.15581531016292202
495,3,10,150,72,0.142346942264849
496,3,10,150,72,0.07271211160102074
497,3,10,150,72,0.07810188140590023
498,3,10,150,72,0.0343217267714905
499,3,10,150,72,0.16209170826928437
500,3,10,150,72,0.04698773570888995
501,3,10,150,72,0.0
502,3,10,150,72,0.03272632263321488
503,3,10,150,72,0.26389046315772724
504,3,10,150,72,0.09794337990609951
505,3,10,150,72,0.025255271126572616
506,3,10,150,72,0.16119309772585624
507,3,10,150,72,0.02579743633593384
508,3,10,150,72,0.2124218923765955
509,3,10,150,72,0.0
510,3,10,150,72,0.17032928501352598
511,3,10,150,72,0.12155021559723776
512,3,10,150,72,0.0
513,3,10,150,72,0.09761131800342168
514,3,10,150,72,0.20202473045271674
515,3,10,150,72,0.0
516,3,10,150,72,0.07947838320659593
517,3,10,150,72,0.03859643636257609
518,3,10,150,72,0.05268083714989503
519,3,10,150,72,0.034560204819110964
520,3,10,150,72,0.0
521,3,10,150,72,0.07649261318048692
522,3,10,150,72,0.2035192592417533
523,3,10,150,72,0.18941913248920814
524,3,10,150,72,0.053901804104565486
525,3,10,150,72,0.06516045994396072
526,3,10,150,72,0.052528565413809895
527,3,10,150,72,0.21068702285875093
528,3,10,150,72,0.1255942414278791
529,3,10,150,72,0.03208343640786788
530,3,10,150,72,0.0
531,3,10,150,72,0.0
532,3,10,150,72,0.19081984074849956
533,3,10,150,72,0.13077875588459684
534,3,10,150,72,0.10040759964046686
535,3,10,150,72,0.25224874540372827
536,3,10,150,72,0.16943073315280816
537,3,10,150,72,0.44308803859470797
538,3,10,150,72,0.09944592215223559
539,3,10,150,72,0.07086035994602148
540,3,10,150,72,0.0
541,3,10,150,72,0.0779170553370938
542,3,10,150,72,0.07173250396753712
543,3,10,150,72,0.0
544,3,10,150,72,0.0
545,3,10,150,72,0.1627301445786375
546,3,10,150,72,0.1727529426032757
547,3,10,150,72,0.04528995543568932
548,3,10,150,72,0.08556622378188056
549,3,10,150,72,0.10184659627402569
550,3,10,150,72,0.0845667599404342
551,3,10,150,72,0.27666572920480165
552,3,10,150,72,0.0
553,3,10,150,72,0.13528660262448355
554,3,10,150,72,0.0
555,3,10,150,72,0.037070343480771185
556,3,10,150,72,0.2848749592866812
557,3,10,150,72,0.044530079137671444
558,3,10,150,72,0.21398626473452756
559,3,10,150,72,0.11571122630007512
560,3,10,150,72,0.11942337490935596
561,3,10,150,72,0.06941401527047852
562,3,10,150,72,0.1501964202441757
563,3,10,150,72,0.10791970824616881
564,3,10,150,72,0.0
565,3,10,150,72,0.2016297075493207
566,3,10,150,72,0.11935234359120704
567,3,10,150,72,0.3074611602345109
568,3,10,150,72,0.07161318866452264
569,3,10,150,72,0.023835426911994775
570,3,10,150,72,0.0
571,3,10,150,72,0.0512644431393966
572,3,10,150,72,0.30260241349881345
573,3,10,150,72,0.0
574,3,10,150,72,0.0
575,3,10,150,72,0.13043262693172047
576,3,10,150,72,0.0
577,3,10,150,72,0.2017286250978881
578,3,10,150,72,0.0
579,3,10,150,72,0.06152644703210656
580,3,10,150,72,0.03144137376097698
581,3,10,150,72,0.0
582,3,10,150,72,0.06679511870650716
583,3,10,150,72,0.13912814892946682
584,3,10,150,72,0.20261715588288354
585,3,10,150,72,0.042225550968526857
586,3,10,150,72,0.0663945281096953
587,3,10,150,72,0.014710191939204944
588,3,10,150,72,0.2601470671119015
589,3,10,150,72,0.09905100598441088
590,3,10,150,72,0.19997970715667693
591,3,10,150,72,0.08651464973019597
592,3,10,150,72,0.3450073260144744
593,3,10,150,72,0.14271020042879362
594,3,10,150,72,0.0
595,3,10,150,72,0.055965373307784824
596,3,10,150,72,0.09803928583135704
597,3,10,150,72,0.02579743633593384
598,3,10,150,72,0.0
599,3,10,150,72,0.02506539947940475
600,3,10,150,72,0.13574631165894233
601,3,10,150,72,0.14661690295711607
602,3,10,150,72,0.041278922835426404
603,3,10,150,72,0.12541207695631323
604,3,10,150,72,0.0
605,3,10,150,72,0.20667237874233232
606,3,10,150,72,0.3271870435208765
607,3,10,150,72,0.0308875359117713
608,3,10,150,72,0.21257078428431472
609,3,10,150,72,0.0
610,3,10,150,72,0.12186625680881258
611,3,10,150,72,0.19680646538945382
612,3,10,150,72,0.09162544430476362
613,3,10,150,72,0.1652462050665711
614,3,10,150,72,0.1467868763787456
615,3,10,150,72,0.1578637648166983
616,3,10,150,72,0.030480958763669998
617,3,10,150,72,0.038287076928437726
618,3,10,150,72,0.12134578678472313
619,3,10,150,72,0.14795344439858116
620,3,10,150,72,0.24239278329353608
621,3,10,150,72,0.10569072181389248
622,3,10,150,72,0.16697124925790588
623,3,10,150,72,0.04214302778527282
624,3,10,150,72,0.03202992305603544
625,3,10,150,72,0.06672272773479279
626,3,10,150,72,0.05317473211477967
627,3,10,150,72,0.11471658297235718
628,3,10,150,72,0.0
629,3,10,150,72,0.28364213168183045
630,3,10,150,72,0.10834532177911152
631,3,10,150,72,0.13449792459172438
632,3,10,150,72,0.08348454970562778
633,3,10,150,72,0.050456115328747164
634,3,10,150,72,0.09692094009503625
635,3,10,150,72,0.0
636,3,10,150,72,0.4108031518056064
637,3,10,150,72,0.02898066279104336
638,3,10,150,72,0.05152901435389809
639,3,10,150,72,0.0
640,3,10,150,72,0.16254564442204458
641,3,10,150,72,0.051358492238643604
642,3,10,150,72,0.3014510652093607
643,3,10,150,72,0.23213256071656163
644,3,10,150,72,0.023868766231572826
645,3,10,150,72,0.17744101704673967
646,3,10,150,72,0.11243817952384734
647,3,10,150,72,0.06590268968688952
648,3,10,150,72,0.26217759050887046
649,3,10,150,72,0.04336490181597879
650,3,10,150,72,0.11109248710903694
651,3,10,150,72,0.0
652,3,10,150,72,0.0
653,3,10,150,72,0.11430315686016922
654,3,10,150,72,0.05402442095740813
655,3,10,150,72,0.4586451470753547
656,3,10,150,72,0.0
657,3,10,150,72,0.2504953915210566
658,3,10,150,72,0.09988783377897062
659,3,10,150,72,0.10715349162375443
660,3,10,150,72,0.020478849306744644
661,3,10,150,72,0.22555433567053945
662,3,10,150,72,0.0
663,3,10,150,72,0.1250707809701198
664,3,10,150,72,0.2504457226951305
665,3,10,150,72,0.0637635876459061
666,3,10,150,72,0.11523195830941271
667,3,10,150,72,0.1487205698875683
668,3,10,150,72,0.0
669,3,10,150,72,0.2287469684999221
670,3,10,150,72,0.0
671,3,10,150,72,0.20598773756155325
672,3,10,150,72,0.07973520350569015
673,3,10,150,72,0.03236977394070781
674,3,10,150,72,0.0
675,3,10,150,72,0.0382580635535654
676,3,10,150,72,0.22358931366364498
677,3,10,150,72,0.10158983531347915
678,3,10,150,72,0.0
679,3,10,150,72,0.20531579536501102
680,3,10,150,72,0.0
681,3,10,150,72,0.0
682,3,10,150,72,0.24801775487172362
683,3,10,150,72,0.045215225629604006
684,3,10,150,72,0.03158850394477252
685,3,10,150,72,0.20373936192022438
686,3,10,150,72,0.22081409457013107
687,3,10,150,72,0.0
688,3,10,150,72,0.0
689,3,10,150,72,0.40191678174210904
690,3,10,150,72,0.24802939400095458
691,3,10,150,72,0.6023709850354425
692,3,10,150,72,0.03353522641880846
693,3,10,150,72,0.04711181933747839
694,3,10,150,72,0.21569045258121503
695,3,10,150,72,0.05816383356143395
696,3,10,150,72,0.08111636357522063
697,3,10,150,72,0.08316188759665785
698,3,10,150,72,0.0
699,3,10,150,72,0.052585582308339936
700,3,10,150,72,0.0
701,3,10,150,72,0.12271508523586225
702,3,10,150,72,0.0
703,3,10,150,72,0.21888235022994418
704,3,10,150,72,0.21554226999056822
705,3,10,150,72,0.27334999094792706
706,3,10,150,72,0.0
707,3,10,150,72,0.25349920081832916
708,3,10,150,72,0.03476299583640518
709,3,10,150,72,0.15396797127961612
710,3,10,150,72,0.25040922491354684
711,3,10,150,72,0.213775982317299
712,3,10,150,72,0.0709301463537875
713,3,10,150,72,0.0
714,3,10,150,72,0.1266607864485773
715,3,10,150,72,0.16860516623933322
716,3,10,150,72,0.27235197301031605
717,3,10,150,72,0.15218028545758808
718,3,10,150,72,0.0
719,3,10,150,72,0.10353175087921149
720,3,10,150,72,0.0
721,3,10,150,72,0.12300822274420435
722,3,10,150,72,0.07401896317743158
723,3,10,150,72,0.0
724,3,10,150,72,0.0
725,3,10,150,72,0.04733244938590725
726,3,10,150,72,0.061080020762274374
727,3,10,150,72,0.07755356275332087
728,3,10,150,72,0.0
729,3,10,150,72,0.046534861017850544
730,3,10,150,72,0.0
731,3,10,150,72,0.1935015812983906
732,3,10,150,72,0.05717828980196049
733,3,10,150,72,0.020730875129846955
734,3,10,150,72,0.08131766139183766
735,3,10,150,72,0.08151055815578559
736,3,10,150,72,0.047009109882897075
737,3,10,150,72,0.12127716502890909
738,3,10,150,72,0.09907057054543131
739,3,10,150,72,0.18767092572990207
740,3,10,150,72,0.0523780734795101
741,3,10,150,72,0.0787396033907249
742,3,10,150,72,0.0527075128660253
743,3,10,150,72,0.1194783875505714
744,3,10,150,72,0.0
745,3,10,150,72,0.06774344219296054
746,3,10,150,72,0.24124954544361757
747,3,10,150,72,0.22540544191146084
748,3,10,150,72,0.04132344798443041
749,3,10,150,72,0.30246524734937175
750,3,10,150,72,0.18000575664763457
751,3,10,150,72,0.06407706415564705
752,3,10,150,72,0.08155432360208091
753,3,10,150,72,0.04072612696308379
754,3,10,150,72,0.0
755,3,10,150,72,0.0
756,3,10,150,72,0.044143057780823704
757,3,10,150,72,0.1348512266147596
758,3,10,150,72,0.2727917177483693
759,3,10,150,72,0.0
760,3,10,150,72,0.16006374561654185
761,3,10,150,72,0.17663858756688974
762,3,10,150,72,0.0
763,3,10,150,72,0.12158678300408801
764,3,10,150,72,0.04710969775183564
765,3,10,150,72,0.0966785411876802
766,3,10,150,72,0.035191004809260996
767,3,10,150,72,0.1269544353559099
768,3,10,150,72,0.09997171219938322
769,3,10,150,72,0.0
770,3,10,150,72,0.207274302223422
771,3,10,150,72,0.07363642524234874
772,3,10,150,72,0.038996699933076286
773,3,10,150,72,0.15659560794124947
774,3,10,150,72,0.0
775,3,10,150,72,0.0
776,3,10,150,72,0.04721006604760436
777,3,10,150,72,0.0
778,3,10,150,72,0.08961728720334347
779,3,10,150,72,0.0
780,3,10,150,72,0.1478701604202007
781,3,10,150,72,0.12572447169101508
782,3,10,150,72,0.0
783,3,10,150,72,0.07763399617214947
784,3,10,150,72,0.04582425041433568
785,3,10,150,72,0.2848262604068979
786,3,10,150,72,0.13901223847985233
787,3,10,150,72,0.0
788,3,10,150,72,0.046626370288649896
789,3,10,150,72,0.14531023848228133
790,3,10,150,72,0.08452117092278105
791,3,10,150,72,0.059480024314918285
792,3,10,150,72,0.0946587791577201
793,3,10,150,72,0.11843263243420837
794,3,10,150,72,0.1578863001786244
795,3,10,150,72,0.06886690743551852
796,3,10,150,72,0.08412744005351447
797,3,10,150,72,0.13905617951077562
798,3,10,150,72,0.02688415331260267
799,3,10,150,72,0.2836929289153804
800,3,10,150,72,0.0
801,3,10,150,72,0.0
802,3,10,150,72,0.05621908976192367
803,3,10,150,72,0.0
804,3,10,150,72,0.20994146470018396
805,3,10,150,72,0.1465319928812479
806,3,10,150,72,0.10606704841588428
807,3,10,150,72,0.18716126069796726
808,3,10,150,72,0.09905728133858463
809,3,10,150,72,0.0
810,3,10,150,72,0.0
811,3,10,150,72,0.1162989546852336
812,3,10,150,72,0.11600766930798434
813,3,10,150,72,0.06916902856231065
814,3,10,150,72,0.054181637470214
815,3,10,150,72,0.10380674919178415
816,3,10,150,72,0.10105367325027378
817,3,10,150,72,0.0
818,3,10,150,72,0.05187864210776578
819,3,10,150,72,0.0
820,3,10,150,72,0.12262943855309168
821,3,10,150,72,0.14257492521421117
822,3,10,150,72,0.0
823,3,10,150,72,0.14011732711290795
824,3,10,150,72,0.0
825,3,10,150,72,0.16434089815347858
826,3,10,150,72,0.1395338307503347
827,3,10,150,72,0.0
828,3,10,150,72,0.0
829,3,10,150,72,0.08143169212679746
830,3,10,150,72,0.15298484663625925
831,3,10,150,72,0.0800524392169327
832,3,10,150,72,0.0
833,3,10,150,72,0.05828935682373833
834,3,10,150,72,0.0
835,3,10,150,72,0.131093662595089
836,3,10,150,72,0.05097554749895306
837,3,10,150,72,0.05351287869030783
838,3,10,150,72,0.08633629724227374
839,3,10,150,72,0.0
840,3,10,150,72,0.1518245759629103
841,3,10,150,72,0.0
842,3,10,150,72,0.0
843,3,10,150,72,0.04209275315645388
844,3,10,150,72,0.0
845,3,10,150,72,0.06531065216760332
846,3,10,150,72,0.14997953355821372
847,3,10,150,72,0.0
848,3,10,150,72,0.03618657486793958
849,3,10,150,72,0.07682358143005112
850,3,10,150,72,0.06228974831361337
851,3,10,150,72,0.2277008805972924
852,3,10,150,72,0.07256783117062009
853,3,10,150,72,0.0
854,3,10,150,72,0.0
855,3,10,150,72,0.0
856,3,10,150,72,0.0
857,3,10,150,72,0.0
858,3,10,150,72,0.0
859,3,10,150,72,0.0
860,3,10,150,72,0.0
861,3,10,150,72,0.12754356661958802
862,3,10,150,72,0.1014543205029727
863,3,10,150,72,0.0
864,3,10,150,72,0.19756506460263396
865,3,10,150,72,0.0
866,3,10,150,72,0.0
867,3,10,150,72,0.18752183128814004
868,3,10,150,72,0.0
870,3,10,150,72,0.0
871,3,10,150,72,0.0
872,3,10,150,72,0.0
875,3,10,150,72,0.1395953738647505
876,3,10,150,72,0.0
877,3,10,150,72,0.0
1,3,10,150,73,0.6247579375131872
2,3,10,150,73,0.10688238502350729
3,3,10,150,73,0.0
4,3,10,150,73,0.0
5,3,10,150,73,0.0819283960923954
6,3,10,150,73,0.05340978172012693
7,3,10,150,73,0.15912203234939234
8,3,10,150,73,0.1900735845235601
9,3,10,150,73,0.0
10,3,10,150,73,0.16409920264511527
11,3,10,150,73,0.049016076581777215
12,3,10,150,73,0.04822019817866397
13,3,10,150,73,0.22754804039877152
14,3,10,150,73,0.14623893181570033
15,3,10,150,73,0.0
16,3,10,150,73,0.21217356960479747
17,3,10,150,73,0.12066394366711926
18,3,10,150,73,0.18606782959057458
19,3,10,150,73,0.0
20,3,10,150,73,0.14530105135237878
21,3,10,150,73,0.05824963961462511
22,3,10,150,73,0.1468275080577048
23,3,10,150,73,0.18360000301566626
24,3,10,150,73,0.311062094929455
25,3,10,150,73,0.0
26,3,10,150,73,0.030421795212869307
28,3,10,150,73,0.0
29,3,10,150,73,0.0
30,3,10,150,73,0.0979129253499678
31,3,10,150,73,0.06076546216996844
32,3,10,150,73,0.0
33,3,10,150,73,0.0
34,3,10,150,73,0.0
35,3,10,150,73,0.07108348368841133
37,3,10,150,73,0.08836851842055818
38,3,10,150,73,0.03215366848272267
39,3,10,150,73,0.0
40,3,10,150,73,0.03963175841995263
41,3,10,150,73,0.0
42,3,10,150,73,0.14144963799422255
43,3,10,150,73,0.268915965453296
44,3,10,150,73,0.07698159974258616
45,3,10,150,73,0.04505000432618384
46,3,10,150,73,0.2524329124868603
47,3,10,150,73,0.0
48,3,10,150,73,0.191300388285999
49,3,10,150,73,0.08545966314334597
50,3,10,150,73,0.0
51,3,10,150,73,0.18953836965473142
52,3,10,150,73,0.04892579731758021
53,3,10,150,73,0.09546043308946733
54,3,10,150,73,0.07984133538066794
55,3,10,150,73,0.0
56,3,10,150,73,0.03975645576081676
57,3,10,150,73,0.03861141423677389
58,3,10,150,73,0.10796876451088402
59,3,10,150,73,0.1825401339226324
60,3,10,150,73,0.12123807080432077
61,3,10,150,73,0.0
62,3,10,150,73,0.056765939954965754
63,3,10,150,73,0.03554915059547175
64,3,10,150,73,0.0
65,3,10,150,73,0.2994759515353249
66,3,10,150,73,0.0
67,3,10,150,73,0.0
68,3,10,150,73,0.0
69,3,10,150,73,0.18013245110732332
70,3,10,150,73,0.02172288304169718
71,3,10,150,73,0.1434649426280276
72,3,10,150,73,0.16084022171949366
73,3,10,150,73,0.051960280791503534
74,3,10,150,73,0.0
75,3,10,150,73,0.11731968150568911
76,3,10,150,73,0.14804398249667974
77,3,10,150,73,0.45287742747371695
78,3,10,150,73,0.0
79,3,10,150,73,0.0
80,3,10,150,73,0.08297572808511901
81,3,10,150,73,0.0
82,3,10,150,73,0.08926877557705373
83,3,10,150,73,0.04630610387058298
84,3,10,150,73,0.0
85,3,10,150,73,0.06966660916502733
86,3,10,150,73,0.07738888769495082
87,3,10,150,73,0.10058161863664324
88,3,10,150,73,0.0
89,3,10,150,73,0.22860031301980846
90,3,10,150,73,0.2386569480666451
91,3,10,150,73,0.13114221140465185
92,3,10,150,73,0.03690254550997565
93,3,10,150,73,0.0
94,3,10,150,73,0.1785123466504993
95,3,10,150,73,0.07964436720215591
96,3,10,150,73,0.19186450284072096
97,3,10,150,73,0.1324047882275468
98,3,10,150,73,0.08878770367712427
99,3,10,150,73,0.029785542524894418
100,3,10,150,73,0.0892789338684584
101,3,10,150,73,0.0
102,3,10,150,73,0.026001814664123827
103,3,10,150,73,0.07673373981757839
104,3,10,150,73,0.12171451575741458
106,3,10,150,73,0.05261577455142312
107,3,10,150,73,0.0
108,3,10,150,73,0.0
109,3,10,150,73,0.11259960483764554
110,3,10,150,73,0.06422488523189442
111,3,10,150,73,0.0
112,3,10,150,73,0.06510475888148554
113,3,10,150,73,0.05449144662575446
114,3,10,150,73,0.07610811271330754
115,3,10,150,73,0.046806851959664796
116,3,10,150,73,0.07814915695077672
117,3,10,150,73,0.10135360124281675
118,3,10,150,73,0.0
119,3,10,150,73,0.0857501853120467
121,3,10,150,73,0.06245141164382474
122,3,10,150,73,0.07625852881342107
123,3,10,150,73,0.46927872602275644
124,3,10,150,73,0.10889376106823218
125,3,10,150,73,0.1758278598077621
126,3,10,150,73,0.0
127,3,10,150,73,0.0
128,3,10,150,73,0.047777554739453616
129,3,10,150,73,0.0
130,3,10,150,73,0.11207058154636457
131,3,10,150,73,0.2803335894048546
132,3,10,150,73,0.1431991570830273
133,3,10,150,73,0.0
134,3,10,150,73,0.0
135,3,10,150,73,0.0
136,3,10,150,73,0.40257390286801836
137,3,10,150,73,0.0
138,3,10,150,73,0.21222747957761057
139,3,10,150,73,0.0
140,3,10,150,73,0.0
141,3,10,150,73,0.17799763794582682
142,3,10,150,73,0.30260241349881345
143,3,10,150,73,0.0
144,3,10,150,73,0.2143720535700613
145,3,10,150,73,0.07790537832794017
146,3,10,150,73,0.0
147,3,10,150,73,0.07610811271330754
148,3,10,150,73,0.10419221525731585
149,3,10,150,73,0.05446824630887794
150,3,10,150,73,0.0
151,3,10,150,73,0.1467394379667669
152,3,10,150,73,0.048689109753478024
153,3,10,150,73,0.06516188295518531
154,3,10,150,73,0.055100238151135045
155,3,10,150,73,0.0
156,3,10,150,73,0.07028063830038406
157,3,10,150,73,0.05840183867278569
158,3,10,150,73,0.07413972351842125
159,3,10,150,73,0.11026617795298452
160,3,10,150,73,0.060934076158944916
161,3,10,150,73,0.0
162,3,10,150,73,0.0
163,3,10,150,73,0.0
164,3,10,150,73,0.0
165,3,10,150,73,0.09149012142095872
166,3,10,150,73,0.0
167,3,10,150,73,0.03395822402998728
168,3,10,150,73,0.0
169,3,10,150,73,0.055427457405235275
170,3,10,150,73,0.0
171,3,10,150,73,0.0
172,3,10,150,73,0.0
173,3,10,150,73,0.0
174,3,10,150,73,0.07752093421921306
175,3,10,150,73,0.4413254197204702
176,3,10,150,73,0.0347693136731627
177,3,10,150,73,0.0
178,3,10,150,73,0.18053947820976404
179,3,10,150,73,0.06599888514927177
180,3,10,150,73,0.0
181,3,10,150,73,0.04622579729077891
182,3,10,150,73,0.13120507751234178
183,3,10,150,73,0.0
184,3,10,150,73,0.0
185,3,10,150,73,0.0
186,3,10,150,73,0.0
187,3,10,150,73,0.2004102107997965
188,3,10,150,73,0.026527518023781966
189,3,10,150,73,0.22982757951573698
190,3,10,150,73,0.0
191,3,10,150,73,0.07335312372354855
192,3,10,150,73,0.0
193,3,10,150,73,0.0
194,3,10,150,73,0.0860257611411915
195,3,10,150,73,0.10257737475069033
196,3,10,150,73,0.17342765698823945
197,3,10,150,73,0.07304192939088519
198,3,10,150,73,0.10387325901274824
199,3,10,150,73,0.052106753859569234
200,3,10,150,73,0.0971420957831845
201,3,10,150,73,0.23397475952448515
202,3,10,150,73,0.0
203,3,10,150,73,0.0
204,3,10,150,73,0.0
205,3,10,150,73,0.11600766930798434
206,3,10,150,73,0.0
207,3,10,150,73,0.12136843723580057
208,3,10,150,73,0.0
209,3,10,150,73,0.070675417981692
210,3,10,150,73,0.0
211,3,10,150,73,0.0
212,3,10,150,73,0.0559167101555819
213,3,10,150,73,0.08985507164305877
214,3,10,150,73,0.1257260924843343
215,3,10,150,73,0.157288596461893
216,3,10,150,73,0.27735230728218535
217,3,10,150,73,0.13000004444613666
218,3,10,150,73,0.06323567569191428
219,3,10,150,73,0.0
220,3,10,150,73,0.07807600999842033
221,3,10,150,73,0.12213234467515617
222,3,10,150,73,0.1483732210811898
223,3,10,150,73,0.039270700903099615
224,3,10,150,73,0.0
225,3,10,150,73,0.09311209812195972
226,3,10,150,73,0.0
227,3,10,150,73,0.0
229,3,10,150,73,0.0
230,3,10,150,73,0.1697995249867118
231,3,10,150,73,0.0
232,3,10,150,73,0.0
233,3,10,150,73,0.20123780419810608
234,3,10,150,73,0.16797680526068978
235,3,10,150,73,0.08312042273022706
236,3,10,150,73,0.12127042983235181
237,3,10,150,73,0.04776398023609584
238,3,10,150,73,0.0
239,3,10,150,73,0.14738301924206398
240,3,10,150,73,0.10235170428306553
241,3,10,150,73,0.1381300260171807
242,3,10,150,73,0.0
243,3,10,150,73,0.0
244,3,10,150,73,0.15017336350566032
245,3,10,150,73,0.0
246,3,10,150,73,0.08356426880363813
247,3,10,150,73,0.15642624200758548
248,3,10,150,73,0.23451355966072135
249,3,10,150,73,0.3296200475575061
250,3,10,150,73,0.07806699296748765
251,3,10,150,73,0.0
252,3,10,150,73,0.07630862162354303
253,3,10,150,73,0.038220360097248454
254,3,10,150,73,0.036502603141236205
255,3,10,150,73,0.10933464083642679
256,3,10,150,73,0.0681239071992697
257,3,10,150,73,0.12830873359117523
258,3,10,150,73,0.16260831227163416
259,3,10,150,73,0.0
260,3,10,150,73,0.0
261,3,10,150,73,0.0
262,3,10,150,73,0.0
263,3,10,150,73,0.36030713075223775
264,3,10,150,73,0.35681377696685707
265,3,10,150,73,0.19802572813668026
266,3,10,150,73,0.0
267,3,10,150,73,0.21076490690365068
268,3,10,150,73,0.10827784002385153
269,3,10,150,73,0.040019695500760184
270,3,10,150,73,0.049915567102790354
271,3,10,150,73,0.10729393508609222
272,3,10,150,73,0.10457492829503848
273,3,10,150,73,0.0
274,3,10,150,73,0.0
275,3,10,150,73,0.0
276,3,10,150,73,0.17949191298137185
277,3,10,150,73,0.0
278,3,10,150,73,0.0
279,3,10,150,73,0.11910385967976722
280,3,10,150,73,0.07316593591075989
281,3,10,150,73,0.0
282,3,10,150,73,0.09659953929285248
283,3,10,150,73,0.0
284,3,10,150,73,0.0
285,3,10,150,73,0.0
286,3,10,150,73,0.016140534521312585
287,3,10,150,73,0.0
288,3,10,150,73,0.13999259891013252
289,3,10,150,73,0.0
290,3,10,150,73,0.09647783930421741
291,3,10,150,73,0.17775326828407884
292,3,10,150,73,0.27665227928348557
293,3,10,150,73,0.10131746794050782
294,3,10,150,73,0.09628038570550856
295,3,10,150,73,0.15956840344924803
296,3,10,150,73,0.15701688667375013
297,3,10,150,73,0.030868393892711742
298,3,10,150,73,0.13814728270261697
299,3,10,150,73,0.06251231174305825
300,3,10,150,73,0.0
301,3,10,150,73,0.1296575124303738
302,3,10,150,73,0.07335312372354855
303,3,10,150,73,0.17978154785217412
304,3,10,150,73,0.0
305,3,10,150,73,0.05428021340641747
306,3,10,150,73,0.0
307,3,10,150,73,0.13128644747266613
308,3,10,150,73,0.05707430901002984
309,3,10,150,73,0.0
310,3,10,150,73,0.2890648263178879
311,3,10,150,73,0.17512035582237062
312,3,10,150,73,0.16963857451199318
313,3,10,150,73,0.09586943528179451
314,3,10,150,73,0.10507089418815024
315,3,10,150,73,0.09785159463516042
316,3,10,150,73,0.06076546216996844
317,3,10,150,73,0.0
318,3,10,150,73,0.07377376675297492
319,3,10,150,73,0.0
320,3,10,150,73,0.08947300054212491
321,3,10,150,73,0.08223795175588802
322,3,10,150,73,0.07955752067133452
323,3,10,150,73,0.12229181918924699
324,3,10,150,73,0.0
325,3,10,150,73,0.0
326,3,10,150,73,0.10817904857938596
327,3,10,150,73,0.0
328,3,10,150,73,0.1253761246808089
329,3,10,150,73,0.056720838976548935
330,3,10,150,73,0.3028509129070748
331,3,10,150,73,0.0
332,3,10,150,73,0.09937017023483655
333,3,10,150,73,0.0
334,3,10,150,73,0.13536490741898066
335,3,10,150,73,0.0
336,3,10,150,73,0.0
337,3,10,150,73,0.2325689761571779
338,3,10,150,73,0.08388555279643939
339,3,10,150,73,0.1856477756884163
340,3,10,150,73,0.12647135138382856
341,3,10,150,73,0.0
342,3,10,150,73,0.15381739323016694
343,3,10,150,73,0.35449693766486445
344,3,10,150,73,0.13804010954782428
345,3,10,150,73,0.1302817386077542
346,3,10,150,73,0.1264086027263655
347,3,10,150,73,0.09642724089192412
348,3,10,150,73,0.0
349,3,10,150,73,0.07123530534387781
350,3,10,150,73,0.2314071217459096
351,3,10,150,73,0.0
352,3,10,150,73,0.16282653392890226
353,3,10,150,73,0.09489642549953911
354,3,10,150,73,0.048823562593396645
355,3,10,150,73,0.05122871476979503
356,3,10,150,73,0.0
357,3,10,150,73,0.03371865946438579
358,3,10,150,73,0.26730206653594746
359,3,10,150,73,0.14341929980357182
360,3,10,150,73,0.13132846997338612
361,3,10,150,73,0.0
362,3,10,150,73,0.0
363,3,10,150,73,0.1867805234163032
364,3,10,150,73,0.0
365,3,10,150,73,0.0989084497079971
366,3,10,150,73,0.10684080426179023
367,3,10,150,73,0.1410054764628891
368,3,10,150,73,0.0
369,3,10,150,73,0.0
370,3,10,150,73,0.045683428159663184
371,3,10,150,73,0.174231549865924
372,3,10,150,73,0.13528214995015655
373,3,10,150,73,0.18128610071101886
374,3,10,150,73,0.1523273086076386
375,3,10,150,73,0.0
376,3,10,150,73,0.0
377,3,10,150,73,0.053168340515114924
378,3,10,150,73,0.053263484749357055
379,3,10,150,73,0.16693258363041708
380,3,10,150,73,0.0
381,3,10,150,73,0.08294243278442993
382,3,10,150,73,0.13500098315004241
383,3,10,150,73,0.03539807129574854
384,3,10,150,73,0.08759200575528697
385,3,10,150,73,0.1546778125427113
386,3,10,150,73,0.0
387,3,10,150,73,0.03814967334348895
388,3,10,150,73,0.029785542524894418
389,3,10,150,73,0.13183633031089573
390,3,10,150,73,0.2691365333037713
391,3,10,150,73,0.298074760835303
392,3,10,150,73,0.10835852340243231
393,3,10,150,73,0.18707338934403672
394,3,10,150,73,0.12900206501129066
395,3,10,150,73,0.15727036710905312
396,3,10,150,73,0.0
397,3,10,150,73,0.12905531436930254
398,3,10,150,73,0.12204637821038242
399,3,10,150,73,0.05509887073092855
400,3,10,150,73,0.0
401,3,10,150,73,0.0
402,3,10,150,73,0.469779625693621
403,3,10,150,73,0.0
404,3,10,150,73,0.0
405,3,10,150,73,0.2297211493024018
406,3,10,150,73,0.1428233347987388
407,3,10,150,73,0.08592393249988393
408,3,10,150,73,0.12083071655728543
409,3,10,150,73,0.15086419336317547
410,3,10,150,73,0.0
411,3,10,150,73,0.1128999930808451
412,3,10,150,73,0.0
413,3,10,150,73,0.10122860821230018
414,3,10,150,73,0.0
415,3,10,150,73,0.07605458145297357
416,3,10,150,73,0.29857755622489474
417,3,10,150,73,0.05712516951520643
418,3,10,150,73,0.07001560573318603
419,3,10,150,73,0.26168079122473237
420,3,10,150,73,0.0527075128660253
421,3,10,150,73,0.202729931306865
422,3,10,150,73,0.0
423,3,10,150,73,0.0
424,3,10,150,73,0.13291000263869587
425,3,10,150,73,0.015224331423152564
426,3,10,150,73,0.10004388309532918
427,3,10,150,73,0.0
428,3,10,150,73,0.0
429,3,10,150,73,0.13470888625302607
430,3,10,150,73,0.062242588308449316
431,3,10,150,73,0.0
432,3,10,150,73,0.05253723007572906
433,3,10,150,73,0.0
434,3,10,150,73,0.25803884452092735
435,3,10,150,73,0.2104909332078099
436,3,10,150,73,0.09291494561763272
437,3,10,150,73,0.07387863190475343
438,3,10,150,73,0.0
439,3,10,150,73,0.0
440,3,10,150,73,0.10025741859697787
441,3,10,150,73,0.0
442,3,10,150,73,0.058478916078390675
443,3,10,150,73,0.056720838976548935
444,3,10,150,73,0.19519002499605084
445,3,10,150,73,0.0
446,3,10,150,73,0.0
447,3,10,150,73,0.09914294517496557
448,3,10,150,73,0.0
449,3,10,150,73,0.0
450,3,10,150,73,0.3259918857470092
451,3,10,150,73,0.0
452,3,10,150,73,0.048188247044562364
453,3,10,150,73,0.13392124957971085
454,3,10,150,73,0.0
455,3,10,150,73,0.2223859147540445
456,3,10,150,73,0.18931496347604157
457,3,10,150,73,0.3727709381666101
458,3,10,150,73,0.12059750656999586
459,3,10,150,73,0.04901586605894737
460,3,10,150,73,0.0
461,3,10,150,73,0.10778915452451093
462,3,10,150,73,0.16728714615527887
463,3,10,150,73,0.1032589365938857
464,3,10,150,73,0.091470579054696
465,3,10,150,73,0.0733934381893728
466,3,10,150,73,0.0750834162528243
467,3,10,150,73,0.032842167909375275
468,3,10,150,73,0.4424763580282471
469,3,10,150,73,0.050924439617225085
470,3,10,150,73,0.040162930685297936
471,3,10,150,73,0.0
472,3,10,150,73,0.2750634975306942
473,3,10,150,73,0.08903377327702097
474,3,10,150,73,0.3682066163669629
475,3,10,150,73,0.0
476,3,10,150,73,0.12097589732794561
477,3,10,150,73,0.0
478,3,10,150,73,0.2059565668593519
479,3,10,150,73,0.07893633843817272
480,3,10,150,73,0.0881980292211471
481,3,10,150,73,0.05234104579082298
482,3,10,150,73,0.15905893746943514
483,3,10,150,73,0.06194403202282284
484,3,10,150,73,0.30830871788407543
485,3,10,150,73,0.0
486,3,10,150,73,0.06108300840136219
487,3,10,150,73,0.10060724527338907
488,3,10,150,73,0.05887472794707303
489,3,10,150,73,0.0
490,3,10,150,73,0.06490403551612171
491,3,10,150,73,0.17758207479178334
492,3,10,150,73,0.12925417913024104
493,3,10,150,73,0.26530843853655434
494,3,10,150,73,0.15581531016292202
495,3,10,150,73,0.142346942264849
496,3,10,150,73,0.07271211160102074
497,3,10,150,73,0.07810188140590023
498,3,10,150,73,0.0343217267714905
499,3,10,150,73,0.16209170826928437
500,3,10,150,73,0.04698773570888995
501,3,10,150,73,0.0
502,3,10,150,73,0.03272632263321488
503,3,10,150,73,0.26389046315772724
504,3,10,150,73,0.09794337990609951
505,3,10,150,73,0.025255271126572616
506,3,10,150,73,0.16119309772585624
507,3,10,150,73,0.02579743633593384
508,3,10,150,73,0.2124218923765955
509,3,10,150,73,0.0
510,3,10,150,73,0.17032928501352598
511,3,10,150,73,0.12155021559723776
512,3,10,150,73,0.0
513,3,10,150,73,0.09761131800342168
514,3,10,150,73,0.20202473045271674
515,3,10,150,73,0.0
516,3,10,150,73,0.07947838320659593
517,3,10,150,73,0.03859643636257609
518,3,10,150,73,0.05268083714989503
519,3,10,150,73,0.034560204819110964
520,3,10,150,73,0.0
521,3,10,150,73,0.07649261318048692
522,3,10,150,73,0.2035192592417533
523,3,10,150,73,0.18941913248920814
524,3,10,150,73,0.05338366396277781
525,3,10,150,73,0.06516045994396072
526,3,10,150,73,0.052528565413809895
527,3,10,150,73,0.21068702285875093
528,3,10,150,73,0.1255942414278791
529,3,10,150,73,0.03208343640786788
530,3,10,150,73,0.0
531,3,10,150,73,0.0
532,3,10,150,73,0.18898555299164588
533,3,10,150,73,0.13077875588459684
534,3,10,150,73,0.10040759964046686
535,3,10,150,73,0.25224874540372827
536,3,10,150,73,0.1815871279207841
537,3,10,150,73,0.44844144832633787
538,3,10,150,73,0.09944592215223559
539,3,10,150,73,0.07086035994602148
540,3,10,150,73,0.0
541,3,10,150,73,0.0779170553370938
542,3,10,150,73,0.07173250396753712
543,3,10,150,73,0.0
544,3,10,150,73,0.0
545,3,10,150,73,0.1627301445786375
546,3,10,150,73,0.1727529426032757
547,3,10,150,73,0.04528995543568932
548,3,10,150,73,0.08556622378188056
549,3,10,150,73,0.10184659627402569
550,3,10,150,73,0.0845667599404342
551,3,10,150,73,0.27400623343208363
552,3,10,150,73,0.0
553,3,10,150,73,0.13528660262448355
554,3,10,150,73,0.0
555,3,10,150,73,0.037070343480771185
556,3,10,150,73,0.2848749592866812
557,3,10,150,73,0.044530079137671444
558,3,10,150,73,0.21398626473452756
559,3,10,150,73,0.11571122630007512
560,3,10,150,73,0.11942337490935596
561,3,10,150,73,0.06874676139443894
562,3,10,150,73,0.1501964202441757
563,3,10,150,73,0.10791970824616881
564,3,10,150,73,0.0
565,3,10,150,73,0.2016297075493207
566,3,10,150,73,0.11935234359120704
567,3,10,150,73,0.3183538480819206
568,3,10,150,73,0.07161318866452264
569,3,10,150,73,0.023835426911994775
570,3,10,150,73,0.0
571,3,10,150,73,0.0512644431393966
572,3,10,150,73,0.30260241349881345
573,3,10,150,73,0.0
574,3,10,150,73,0.0
575,3,10,150,73,0.13043262693172047
576,3,10,150,73,0.0
577,3,10,150,73,0.2017286250978881
578,3,10,150,73,0.0
579,3,10,150,73,0.06152644703210656
580,3,10,150,73,0.03144137376097698
581,3,10,150,73,0.0
582,3,10,150,73,0.06679511870650716
583,3,10,150,73,0.13912814892946682
584,3,10,150,73,0.20261715588288354
585,3,10,150,73,0.042225550968526857
586,3,10,150,73,0.0663945281096953
587,3,10,150,73,0.029230460362194715
588,3,10,150,73,0.2576463597519489
589,3,10,150,73,0.09905100598441088
590,3,10,150,73,0.19997970715667693
591,3,10,150,73,0.08651464973019597
592,3,10,150,73,0.34169088516822477
593,3,10,150,73,0.14271020042879362
594,3,10,150,73,0.0
595,3,10,150,73,0.055965373307784824
596,3,10,150,73,0.09803928583135704
597,3,10,150,73,0.02579743633593384
598,3,10,150,73,0.0
599,3,10,150,73,0.02506539947940475
600,3,10,150,73,0.13574631165894233
601,3,10,150,73,0.14661690295711607
602,3,10,150,73,0.041278922835426404
603,3,10,150,73,0.12541207695631323
604,3,10,150,73,0.0
605,3,10,150,73,0.20667237874233232
606,3,10,150,73,0.33365457102682783
607,3,10,150,73,0.0308875359117713
608,3,10,150,73,0.21052741193085275
609,3,10,150,73,0.0
610,3,10,150,73,0.12186625680881258
611,3,10,150,73,0.19680646538945382
612,3,10,150,73,0.09162544430476362
613,3,10,150,73,0.1652462050665711
614,3,10,150,73,0.1467868763787456
615,3,10,150,73,0.1578637648166983
616,3,10,150,73,0.030480958763669998
617,3,10,150,73,0.038287076928437726
618,3,10,150,73,0.12017933003592857
619,3,10,150,73,0.14795344439858116
620,3,10,150,73,0.24239278329353608
621,3,10,150,73,0.10569072181389248
622,3,10,150,73,0.16536621009081
623,3,10,150,73,0.04214302778527282
624,3,10,150,73,0.03202992305603544
625,3,10,150,73,0.06672272773479279
626,3,10,150,73,0.05317473211477967
627,3,10,150,73,0.11471658297235718
628,3,10,150,73,0.0
629,3,10,150,73,0.28364213168183045
630,3,10,150,73,0.10834532177911152
631,3,10,150,73,0.13449792459172438
632,3,10,150,73,0.08348454970562778
633,3,10,150,73,0.050456115328747164
634,3,10,150,73,0.09692094009503625
635,3,10,150,73,0.0
636,3,10,150,73,0.4108031518056064
637,3,10,150,73,0.02898066279104336
638,3,10,150,73,0.05152901435389809
639,3,10,150,73,0.0
640,3,10,150,73,0.16254564442204458
641,3,10,150,73,0.051358492238643604
642,3,10,150,73,0.2985533162329699
643,3,10,150,73,0.22990114750282417
644,3,10,150,73,0.023868766231572826
645,3,10,150,73,0.17744101704673967
646,3,10,150,73,0.11243817952384734
647,3,10,150,73,0.06590268968688952
648,3,10,150,73,0.2596573644018502
649,3,10,150,73,0.04336490181597879
650,3,10,150,73,0.11002459192485058
651,3,10,150,73,0.0
652,3,10,150,73,0.0
653,3,10,150,73,0.11320439857394535
654,3,10,150,73,0.05402442095740813
655,3,10,150,73,0.46384901148975677
656,3,10,150,73,0.0
657,3,10,150,73,0.2504953915210566
658,3,10,150,73,0.09988783377897062
659,3,10,150,73,0.10612346069500721
660,3,10,150,73,0.029894660824289803
661,3,10,150,73,0.22555433567053945
662,3,10,150,73,0.0
663,3,10,150,73,0.1250707809701198
664,3,10,150,73,0.2480382711371894
665,3,10,150,73,0.0637635876459061
666,3,10,150,73,0.11412427176331706
667,3,10,150,73,0.1487205698875683
668,3,10,150,73,0.0
669,3,10,150,73,0.2287469684999221
670,3,10,150,73,0.0
671,3,10,150,73,0.20598773756155325
672,3,10,150,73,0.07973520350569015
673,3,10,150,73,0.03236977394070781
674,3,10,150,73,0.0
675,3,10,150,73,0.0382580635535654
676,3,10,150,73,0.22358931366364498
677,3,10,150,73,0.10158983531347915
678,3,10,150,73,0.0
679,3,10,150,73,0.20531579536501102
680,3,10,150,73,0.022168697248564677
681,3,10,150,73,0.0
682,3,10,150,73,0.2456336425621282
683,3,10,150,73,0.045215225629604006
684,3,10,150,73,0.03158850394477252
685,3,10,150,73,0.20373936192022438
686,3,10,150,73,0.23668875748481685
687,3,10,150,73,0.0
688,3,10,150,73,0.0
689,3,10,150,73,0.40191678174210904
690,3,10,150,73,0.24802939400095458
691,3,10,150,73,0.6023709850354425
692,3,10,150,73,0.03353522641880846
693,3,10,150,73,0.04711181933747839
694,3,10,150,73,0.21361709189247302
695,3,10,150,73,0.05816383356143395
696,3,10,150,73,0.08111636357522063
697,3,10,150,73,0.08316188759665785
698,3,10,150,73,0.0
699,3,10,150,73,0.052585582308339936
700,3,10,150,73,0.0
701,3,10,150,73,0.12271508523586225
702,3,10,150,73,0.0
703,3,10,150,73,0.21888235022994418
704,3,10,150,73,0.21554226999056822
705,3,10,150,73,0.27334999094792706
706,3,10,150,73,0.0
707,3,10,150,73,0.2510623971892657
708,3,10,150,73,0.03476299583640518
709,3,10,150,73,0.15396797127961612
710,3,10,150,73,0.25040922491354684
711,3,10,150,73,0.21172102479539848
712,3,10,150,73,0.0709301463537875
713,3,10,150,73,0.0
714,3,10,150,73,0.1266607864485773
715,3,10,150,73,0.16860516623933322
716,3,10,150,73,0.2697339439432747
717,3,10,150,73,0.15218028545758808
718,3,10,150,73,0.0
719,3,10,150,73,0.10353175087921149
720,3,10,150,73,0.0
721,3,10,150,73,0.12300822274420435
722,3,10,150,73,0.07401896317743158
723,3,10,150,73,0.0
724,3,10,150,73,0.0
725,3,10,150,73,0.04733244938590725
726,3,10,150,73,0.061080020762274374
727,3,10,150,73,0.07680806611051479
728,3,10,150,73,0.0
729,3,10,150,73,0.046534861017850544
730,3,10,150,73,0.0
731,3,10,150,73,0.1935015812983906
732,3,10,150,73,0.05717828980196049
733,3,10,150,73,0.020730875129846955
734,3,10,150,73,0.08131766139183766
735,3,10,150,73,0.08151055815578559
736,3,10,150,73,0.047009109882897075
737,3,10,150,73,0.12127716502890909
738,3,10,150,73,0.09907057054543131
739,3,10,150,73,0.18767092572990207
740,3,10,150,73,0.0523780734795101
741,3,10,150,73,0.0787396033907249
742,3,10,150,73,0.0527075128660253
743,3,10,150,73,0.1194783875505714
744,3,10,150,73,0.0
745,3,10,150,73,0.06774344219296054
746,3,10,150,73,0.24124954544361757
747,3,10,150,73,0.2232386942566857
748,3,10,150,73,0.04132344798443041
749,3,10,150,73,0.2995577493768842
750,3,10,150,73,0.18000575664763457
751,3,10,150,73,0.06407706415564705
752,3,10,150,73,0.08155432360208091
753,3,10,150,73,0.07079765724607746
754,3,10,150,73,0.0
755,3,10,150,73,0.0
756,3,10,150,73,0.044143057780823704
757,3,10,150,73,0.147510544719552
758,3,10,150,73,0.2797821294560011
759,3,10,150,73,0.0
760,3,10,150,73,0.16006374561654185
761,3,10,150,73,0.17663858756688974
762,3,10,150,73,0.0
763,3,10,150,73,0.1361070514270778
764,3,10,150,73,0.04710969775183564
765,3,10,150,73,0.0966785411876802
766,3,10,150,73,0.035191004809260996
767,3,10,150,73,0.1269544353559099
768,3,10,150,73,0.09997171219938322
769,3,10,150,73,0.0
770,3,10,150,73,0.207274302223422
771,3,10,150,73,0.07363642524234874
772,3,10,150,73,0.038996699933076286
773,3,10,150,73,0.15659560794124947
774,3,10,150,73,0.0
775,3,10,150,73,0.0
776,3,10,150,73,0.04721006604760436
777,3,10,150,73,0.0
778,3,10,150,73,0.08961728720334347
779,3,10,150,73,0.0
780,3,10,150,73,0.1478701604202007
781,3,10,150,73,0.12572447169101508
782,3,10,150,73,0.0
783,3,10,150,73,0.07763399617214947
784,3,10,150,73,0.04582425041433568
785,3,10,150,73,0.2848262604068979
786,3,10,150,73,0.13901223847985233
787,3,10,150,73,0.0
788,3,10,150,73,0.046626370288649896
789,3,10,150,73,0.14531023848228133
790,3,10,150,73,0.08452117092278105
791,3,10,150,73,0.059480024314918285
792,3,10,150,73,0.0946587791577201
793,3,10,150,73,0.11843263243420837
794,3,10,150,73,0.1578863001786244
795,3,10,150,73,0.06886690743551852
796,3,10,150,73,0.08331875091144046
797,3,10,150,73,0.13905617951077562
798,3,10,150,73,0.02688415331260267
799,3,10,150,73,0.2836929289153804
800,3,10,150,73,0.0
801,3,10,150,73,0.0
802,3,10,150,73,0.05621908976192367
803,3,10,150,73,0.0
804,3,10,150,73,0.20994146470018396
805,3,10,150,73,0.1465319928812479
806,3,10,150,73,0.10606704841588428
807,3,10,150,73,0.20144273393048437
808,3,10,150,73,0.09905728133858463
809,3,10,150,73,0.0
810,3,10,150,73,0.0
811,3,10,150,73,0.1162989546852336
812,3,10,150,73,0.11600766930798434
813,3,10,150,73,0.06916902856231065
814,3,10,150,73,0.054181637470214
815,3,10,150,73,0.10380674919178415
816,3,10,150,73,0.10105367325027378
817,3,10,150,73,0.0
818,3,10,150,73,0.05187864210776578
819,3,10,150,73,0.0
820,3,10,150,73,0.12262943855309168
821,3,10,150,73,0.18684232150964158
822,3,10,150,73,0.0
823,3,10,150,73,0.14011732711290795
824,3,10,150,73,0.0
825,3,10,150,73,0.16434089815347858
826,3,10,150,73,0.1395338307503347
827,3,10,150,73,0.0
828,3,10,150,73,0.0
829,3,10,150,73,0.08143169212679746
830,3,10,150,73,0.15298484663625925
831,3,10,150,73,0.0800524392169327
832,3,10,150,73,0.0
833,3,10,150,73,0.05828935682373833
834,3,10,150,73,0.0
835,3,10,150,73,0.131093662595089
836,3,10,150,73,0.05097554749895306
837,3,10,150,73,0.05351287869030783
838,3,10,150,73,0.08633629724227374
839,3,10,150,73,0.0
840,3,10,150,73,0.1518245759629103
841,3,10,150,73,0.0
842,3,10,150,73,0.0
843,3,10,150,73,0.04209275315645388
844,3,10,150,73,0.0
845,3,10,150,73,0.06531065216760332
846,3,10,150,73,0.14997953355821372
847,3,10,150,73,0.0
848,3,10,150,73,0.03618657486793958
849,3,10,150,73,0.07682358143005112
850,3,10,150,73,0.06228974831361337
851,3,10,150,73,0.2277008805972924
852,3,10,150,73,0.07256783117062009
853,3,10,150,73,0.0
854,3,10,150,73,0.0
855,3,10,150,73,0.0
856,3,10,150,73,0.0
857,3,10,150,73,0.0
858,3,10,150,73,0.0
859,3,10,150,73,0.0
860,3,10,150,73,0.0
861,3,10,150,73,0.12754356661958802
862,3,10,150,73,0.1421894203376482
863,3,10,150,73,0.0
864,3,10,150,73,0.19756506460263396
865,3,10,150,73,0.0
866,3,10,150,73,0.0
867,3,10,150,73,0.18752183128814004
868,3,10,150,73,0.0
870,3,10,150,73,0.0
871,3,10,150,73,0.0
872,3,10,150,73,0.0
875,3,10,150,73,0.1395953738647505
876,3,10,150,73,0.0
877,3,10,150,73,0.0
1,3,10,150,74,0.6247579375131872
2,3,10,150,74,0.10688238502350729
3,3,10,150,74,0.0
4,3,10,150,74,0.0
5,3,10,150,74,0.0819283960923954
6,3,10,150,74,0.05340978172012693
7,3,10,150,74,0.170233806155848
8,3,10,150,74,0.1900735845235601
9,3,10,150,74,0.0
10,3,10,150,74,0.16409920264511527
11,3,10,150,74,0.049016076581777215
12,3,10,150,74,0.0923499676538464
13,3,10,150,74,0.22538819441624605
14,3,10,150,74,0.14623893181570033
15,3,10,150,74,0.0
16,3,10,150,74,0.21217356960479747
17,3,10,150,74,0.12066394366711926
18,3,10,150,74,0.18606782959057458
19,3,10,150,74,0.0
20,3,10,150,74,0.14530105135237878
21,3,10,150,74,0.05824963961462511
22,3,10,150,74,0.1468275080577048
23,3,10,150,74,0.18360000301566626
24,3,10,150,74,0.311062094929455
25,3,10,150,74,0.0
26,3,10,150,74,0.030421795212869307
28,3,10,150,74,0.0
29,3,10,150,74,0.0
30,3,10,150,74,0.0979129253499678
31,3,10,150,74,0.06076546216996844
32,3,10,150,74,0.0
33,3,10,150,74,0.0
34,3,10,150,74,0.0
35,3,10,150,74,0.07108348368841133
37,3,10,150,74,0.08836851842055818
38,3,10,150,74,0.03215366848272267
39,3,10,150,74,0.0
40,3,10,150,74,0.03963175841995263
41,3,10,150,74,0.0
42,3,10,150,74,0.14144963799422255
43,3,10,150,74,0.268915965453296
44,3,10,150,74,0.07698159974258616
45,3,10,150,74,0.04505000432618384
46,3,10,150,74,0.2524329124868603
47,3,10,150,74,0.0
48,3,10,150,74,0.191300388285999
49,3,10,150,74,0.08545966314334597
50,3,10,150,74,0.0
51,3,10,150,74,0.18953836965473142
52,3,10,150,74,0.04892579731758021
53,3,10,150,74,0.09546043308946733
54,3,10,150,74,0.07984133538066794
55,3,10,150,74,0.0
56,3,10,150,74,0.03975645576081676
57,3,10,150,74,0.03861141423677389
58,3,10,150,74,0.10796876451088402
59,3,10,150,74,0.1825401339226324
60,3,10,150,74,0.12123807080432077
61,3,10,150,74,0.0
62,3,10,150,74,0.056765939954965754
63,3,10,150,74,0.03554915059547175
64,3,10,150,74,0.0
65,3,10,150,74,0.2994759515353249
66,3,10,150,74,0.0
67,3,10,150,74,0.0
68,3,10,150,74,0.0
69,3,10,150,74,0.18013245110732332
70,3,10,150,74,0.02172288304169718
71,3,10,150,74,0.1434649426280276
72,3,10,150,74,0.16084022171949366
73,3,10,150,74,0.051960280791503534
74,3,10,150,74,0.0
75,3,10,150,74,0.11731968150568911
76,3,10,150,74,0.14804398249667974
77,3,10,150,74,0.45287742747371695
78,3,10,150,74,0.0
79,3,10,150,74,0.0
80,3,10,150,74,0.08297572808511901
81,3,10,150,74,0.0
82,3,10,150,74,0.08926877557705373
83,3,10,150,74,0.04630610387058298
84,3,10,150,74,0.0
85,3,10,150,74,0.06966660916502733
86,3,10,150,74,0.07738888769495082
87,3,10,150,74,0.10058161863664324
88,3,10,150,74,0.0
89,3,10,150,74,0.22860031301980846
90,3,10,150,74,0.2386569480666451
91,3,10,150,74,0.13114221140465185
92,3,10,150,74,0.03690254550997565
93,3,10,150,74,0.0
94,3,10,150,74,0.1785123466504993
95,3,10,150,74,0.07964436720215591
96,3,10,150,74,0.19186450284072096
97,3,10,150,74,0.1324047882275468
98,3,10,150,74,0.08878770367712427
99,3,10,150,74,0.029785542524894418
100,3,10,150,74,0.0892789338684584
101,3,10,150,74,0.0
102,3,10,150,74,0.026001814664123827
103,3,10,150,74,0.07673373981757839
104,3,10,150,74,0.12171451575741458
106,3,10,150,74,0.05261577455142312
107,3,10,150,74,0.0
108,3,10,150,74,0.0
109,3,10,150,74,0.11259960483764554
110,3,10,150,74,0.06422488523189442
111,3,10,150,74,0.0
112,3,10,150,74,0.06510475888148554
113,3,10,150,74,0.05449144662575446
114,3,10,150,74,0.07610811271330754
115,3,10,150,74,0.046806851959664796
116,3,10,150,74,0.07814915695077672
117,3,10,150,74,0.10135360124281675
118,3,10,150,74,0.0
119,3,10,150,74,0.0857501853120467
121,3,10,150,74,0.06245141164382474
122,3,10,150,74,0.07625852881342107
123,3,10,150,74,0.46927872602275644
124,3,10,150,74,0.10889376106823218
125,3,10,150,74,0.1758278598077621
126,3,10,150,74,0.0
127,3,10,150,74,0.0
128,3,10,150,74,0.047777554739453616
129,3,10,150,74,0.0
130,3,10,150,74,0.11207058154636457
131,3,10,150,74,0.2803335894048546
132,3,10,150,74,0.1431991570830273
133,3,10,150,74,0.0
134,3,10,150,74,0.0
135,3,10,150,74,0.0
136,3,10,150,74,0.40257390286801836
137,3,10,150,74,0.0
138,3,10,150,74,0.21222747957761057
139,3,10,150,74,0.0
140,3,10,150,74,0.0
141,3,10,150,74,0.20239191246999313
142,3,10,150,74,0.30260241349881345
143,3,10,150,74,0.0
144,3,10,150,74,0.2143720535700613
145,3,10,150,74,0.07790537832794017
146,3,10,150,74,0.0
147,3,10,150,74,0.07610811271330754
148,3,10,150,74,0.10419221525731585
149,3,10,150,74,0.05446824630887794
150,3,10,150,74,0.0
151,3,10,150,74,0.1467394379667669
152,3,10,150,74,0.048689109753478024
153,3,10,150,74,0.06516188295518531
154,3,10,150,74,0.055100238151135045
155,3,10,150,74,0.0
156,3,10,150,74,0.07028063830038406
157,3,10,150,74,0.05840183867278569
158,3,10,150,74,0.07413972351842125
159,3,10,150,74,0.11026617795298452
160,3,10,150,74,0.060934076158944916
161,3,10,150,74,0.0
162,3,10,150,74,0.0
163,3,10,150,74,0.0
164,3,10,150,74,0.0
165,3,10,150,74,0.09149012142095872
166,3,10,150,74,0.0
167,3,10,150,74,0.03395822402998728
168,3,10,150,74,0.0
169,3,10,150,74,0.055427457405235275
170,3,10,150,74,0.0
171,3,10,150,74,0.0
172,3,10,150,74,0.0
173,3,10,150,74,0.0
174,3,10,150,74,0.07752093421921306
175,3,10,150,74,0.4413254197204702
176,3,10,150,74,0.0347693136731627
177,3,10,150,74,0.0
178,3,10,150,74,0.18053947820976404
179,3,10,150,74,0.06599888514927177
180,3,10,150,74,0.0
181,3,10,150,74,0.04622579729077891
182,3,10,150,74,0.13120507751234178
183,3,10,150,74,0.0
184,3,10,150,74,0.0
185,3,10,150,74,0.0
186,3,10,150,74,0.0
187,3,10,150,74,0.2004102107997965
188,3,10,150,74,0.026527518023781966
189,3,10,150,74,0.22982757951573698
190,3,10,150,74,0.0
191,3,10,150,74,0.07335312372354855
192,3,10,150,74,0.0
193,3,10,150,74,0.0
194,3,10,150,74,0.0860257611411915
195,3,10,150,74,0.10257737475069033
196,3,10,150,74,0.17342765698823945
197,3,10,150,74,0.07304192939088519
198,3,10,150,74,0.10387325901274824
199,3,10,150,74,0.052106753859569234
200,3,10,150,74,0.0971420957831845
201,3,10,150,74,0.24495835199249832
202,3,10,150,74,0.0
203,3,10,150,74,0.0
204,3,10,150,74,0.0
205,3,10,150,74,0.11600766930798434
206,3,10,150,74,0.0
207,3,10,150,74,0.12136843723580057
208,3,10,150,74,0.0
209,3,10,150,74,0.070675417981692
210,3,10,150,74,0.0
211,3,10,150,74,0.0
212,3,10,150,74,0.0559167101555819
213,3,10,150,74,0.08985507164305877
214,3,10,150,74,0.1257260924843343
215,3,10,150,74,0.157288596461893
216,3,10,150,74,0.27735230728218535
217,3,10,150,74,0.13000004444613666
218,3,10,150,74,0.06323567569191428
219,3,10,150,74,0.0
220,3,10,150,74,0.07807600999842033
221,3,10,150,74,0.12213234467515617
222,3,10,150,74,0.1483732210811898
223,3,10,150,74,0.039270700903099615
224,3,10,150,74,0.0
225,3,10,150,74,0.09311209812195972
226,3,10,150,74,0.0
227,3,10,150,74,0.0
229,3,10,150,74,0.0
230,3,10,150,74,0.1697995249867118
231,3,10,150,74,0.0
232,3,10,150,74,0.0
233,3,10,150,74,0.20123780419810608
234,3,10,150,74,0.16638239896580823
235,3,10,150,74,0.08312042273022706
236,3,10,150,74,0.12127042983235181
237,3,10,150,74,0.04776398023609584
238,3,10,150,74,0.0
239,3,10,150,74,0.14738301924206398
240,3,10,150,74,0.10235170428306553
241,3,10,150,74,0.1381300260171807
242,3,10,150,74,0.0
243,3,10,150,74,0.0
244,3,10,150,74,0.15017336350566032
245,3,10,150,74,0.0
246,3,10,150,74,0.08356426880363813
247,3,10,150,74,0.15642624200758548
248,3,10,150,74,0.23451355966072135
249,3,10,150,74,0.3296200475575061
250,3,10,150,74,0.07806699296748765
251,3,10,150,74,0.0
252,3,10,150,74,0.07630862162354303
253,3,10,150,74,0.038220360097248454
254,3,10,150,74,0.036502603141236205
255,3,10,150,74,0.10933464083642679
256,3,10,150,74,0.0681239071992697
257,3,10,150,74,0.12830873359117523
258,3,10,150,74,0.16260831227163416
259,3,10,150,74,0.0
260,3,10,150,74,0.0
261,3,10,150,74,0.0
262,3,10,150,74,0.0
263,3,10,150,74,0.36030713075223775
264,3,10,150,74,0.35681377696685707
265,3,10,150,74,0.19802572813668026
266,3,10,150,74,0.0
267,3,10,150,74,0.21076490690365068
268,3,10,150,74,0.10827784002385153
269,3,10,150,74,0.040019695500760184
270,3,10,150,74,0.049915567102790354
271,3,10,150,74,0.10729393508609222
272,3,10,150,74,0.10457492829503848
273,3,10,150,74,0.0
274,3,10,150,74,0.0
275,3,10,150,74,0.0
276,3,10,150,74,0.1777882073090697
277,3,10,150,74,0.0
278,3,10,150,74,0.0
279,3,10,150,74,0.11910385967976722
280,3,10,150,74,0.07316593591075989
281,3,10,150,74,0.0
282,3,10,150,74,0.09659953929285248
283,3,10,150,74,0.0
284,3,10,150,74,0.0
285,3,10,150,74,0.0
286,3,10,150,74,0.016140534521312585
287,3,10,150,74,0.0
288,3,10,150,74,0.13999259891013252
289,3,10,150,74,0.0
290,3,10,150,74,0.09647783930421741
291,3,10,150,74,0.17775326828407884
292,3,10,150,74,0.27665227928348557
293,3,10,150,74,0.11343606861853027
294,3,10,150,74,0.09628038570550856
295,3,10,150,74,0.15956840344924803
296,3,10,150,74,0.15701688667375013
297,3,10,150,74,0.030868393892711742
298,3,10,150,74,0.13814728270261697
299,3,10,150,74,0.06251231174305825
300,3,10,150,74,0.0
301,3,10,150,74,0.1296575124303738
302,3,10,150,74,0.07335312372354855
303,3,10,150,74,0.17978154785217412
304,3,10,150,74,0.0
305,3,10,150,74,0.05428021340641747
306,3,10,150,74,0.0
307,3,10,150,74,0.13128644747266613
308,3,10,150,74,0.05707430901002984
309,3,10,150,74,0.0
310,3,10,150,74,0.2890648263178879
311,3,10,150,74,0.17512035582237062
312,3,10,150,74,0.16963857451199318
313,3,10,150,74,0.09586943528179451
314,3,10,150,74,0.10507089418815024
315,3,10,150,74,0.09785159463516042
316,3,10,150,74,0.06076546216996844
317,3,10,150,74,0.0
318,3,10,150,74,0.07377376675297492
319,3,10,150,74,0.0
320,3,10,150,74,0.08947300054212491
321,3,10,150,74,0.08223795175588802
322,3,10,150,74,0.07955752067133452
323,3,10,150,74,0.12229181918924699
324,3,10,150,74,0.0
325,3,10,150,74,0.0
326,3,10,150,74,0.10817904857938596
327,3,10,150,74,0.0
328,3,10,150,74,0.1253761246808089
329,3,10,150,74,0.056720838976548935
330,3,10,150,74,0.3028509129070748
331,3,10,150,74,0.0
332,3,10,150,74,0.09937017023483655
333,3,10,150,74,0.0
334,3,10,150,74,0.14660842569240642
335,3,10,150,74,0.0
336,3,10,150,74,0.0
337,3,10,150,74,0.2325689761571779
338,3,10,150,74,0.08388555279643939
339,3,10,150,74,0.1856477756884163
340,3,10,150,74,0.12647135138382856
341,3,10,150,74,0.0
342,3,10,150,74,0.15381739323016694
343,3,10,150,74,0.35449693766486445
344,3,10,150,74,0.13804010954782428
345,3,10,150,74,0.1302817386077542
346,3,10,150,74,0.1264086027263655
347,3,10,150,74,0.09642724089192412
348,3,10,150,74,0.0
349,3,10,150,74,0.07123530534387781
350,3,10,150,74,0.2314071217459096
351,3,10,150,74,0.0
352,3,10,150,74,0.16282653392890226
353,3,10,150,74,0.09489642549953911
354,3,10,150,74,0.048823562593396645
355,3,10,150,74,0.05122871476979503
356,3,10,150,74,0.0
357,3,10,150,74,0.03371865946438579
358,3,10,150,74,0.26730206653594746
359,3,10,150,74,0.14341929980357182
360,3,10,150,74,0.13132846997338612
361,3,10,150,74,0.0
362,3,10,150,74,0.0
363,3,10,150,74,0.1867805234163032
364,3,10,150,74,0.0
365,3,10,150,74,0.0989084497079971
366,3,10,150,74,0.10684080426179023
367,3,10,150,74,0.1410054764628891
368,3,10,150,74,0.0
369,3,10,150,74,0.0
370,3,10,150,74,0.045683428159663184
371,3,10,150,74,0.174231549865924
372,3,10,150,74,0.13528214995015655
373,3,10,150,74,0.18128610071101886
374,3,10,150,74,0.1523273086076386
375,3,10,150,74,0.0
376,3,10,150,74,0.0
377,3,10,150,74,0.053168340515114924
378,3,10,150,74,0.053263484749357055
379,3,10,150,74,0.16693258363041708
380,3,10,150,74,0.0
381,3,10,150,74,0.08294243278442993
382,3,10,150,74,0.13500098315004241
383,3,10,150,74,0.03539807129574854
384,3,10,150,74,0.08759200575528697
385,3,10,150,74,0.1546778125427113
386,3,10,150,74,0.0
387,3,10,150,74,0.03814967334348895
388,3,10,150,74,0.029785542524894418
389,3,10,150,74,0.13183633031089573
390,3,10,150,74,0.2691365333037713
391,3,10,150,74,0.298074760835303
392,3,10,150,74,0.10835852340243231
393,3,10,150,74,0.18529772163138994
394,3,10,150,74,0.12900206501129066
395,3,10,150,74,0.15727036710905312
396,3,10,150,74,0.0
397,3,10,150,74,0.12905531436930254
398,3,10,150,74,0.12204637821038242
399,3,10,150,74,0.05509887073092855
400,3,10,150,74,0.0
401,3,10,150,74,0.0
402,3,10,150,74,0.469779625693621
403,3,10,150,74,0.0
404,3,10,150,74,0.0
405,3,10,150,74,0.22754067655232926
406,3,10,150,74,0.1428233347987388
407,3,10,150,74,0.08592393249988393
408,3,10,150,74,0.12083071655728543
409,3,10,150,74,0.15086419336317547
410,3,10,150,74,0.0
411,3,10,150,74,0.1128999930808451
412,3,10,150,74,0.0
413,3,10,150,74,0.10122860821230018
414,3,10,150,74,0.0
415,3,10,150,74,0.07605458145297357
416,3,10,150,74,0.2957435105695049
417,3,10,150,74,0.05712516951520643
418,3,10,150,74,0.07001560573318603
419,3,10,150,74,0.26168079122473237
420,3,10,150,74,0.0527075128660253
421,3,10,150,74,0.202729931306865
422,3,10,150,74,0.0
423,3,10,150,74,0.0
424,3,10,150,74,0.13291000263869587
425,3,10,150,74,0.015224331423152564
426,3,10,150,74,0.10004388309532918
427,3,10,150,74,0.0
428,3,10,150,74,0.0
429,3,10,150,74,0.13343025319481913
430,3,10,150,74,0.062242588308449316
431,3,10,150,74,0.0
432,3,10,150,74,0.05253723007572906
433,3,10,150,74,0.0
434,3,10,150,74,0.25803884452092735
435,3,10,150,74,0.20849299028705257
436,3,10,150,74,0.09291494561763272
437,3,10,150,74,0.07387863190475343
438,3,10,150,74,0.0
439,3,10,150,74,0.0
440,3,10,150,74,0.10025741859697787
441,3,10,150,74,0.0
442,3,10,150,74,0.058478916078390675
443,3,10,150,74,0.056720838976548935
444,3,10,150,74,0.19519002499605084
445,3,10,150,74,0.0
446,3,10,150,74,0.0
447,3,10,150,74,0.09914294517496557
448,3,10,150,74,0.0
449,3,10,150,74,0.0
450,3,10,150,74,0.3228976280969206
451,3,10,150,74,0.0
452,3,10,150,74,0.048188247044562364
453,3,10,150,74,0.13392124957971085
454,3,10,150,74,0.0
455,3,10,150,74,0.2223859147540445
456,3,10,150,74,0.18931496347604157
457,3,10,150,74,0.3692326619775889
458,3,10,150,74,0.12059750656999586
459,3,10,150,74,0.04901586605894737
460,3,10,150,74,0.0
461,3,10,150,74,0.10778915452451093
462,3,10,150,74,0.16728714615527887
463,3,10,150,74,0.1032589365938857
464,3,10,150,74,0.091470579054696
465,3,10,150,74,0.0733934381893728
466,3,10,150,74,0.0750834162528243
467,3,10,150,74,0.032842167909375275
468,3,10,150,74,0.4424763580282471
469,3,10,150,74,0.08625887094910875
470,3,10,150,74,0.040162930685297936
471,3,10,150,74,0.0
472,3,10,150,74,0.27245264318521206
473,3,10,150,74,0.08903377327702097
474,3,10,150,74,0.36471166391777543
475,3,10,150,74,0.0
476,3,10,150,74,0.12097589732794561
477,3,10,150,74,0.0
478,3,10,150,74,0.2059565668593519
479,3,10,150,74,0.07893633843817272
480,3,10,150,74,0.0881980292211471
481,3,10,150,74,0.05234104579082298
482,3,10,150,74,0.15905893746943514
483,3,10,150,74,0.06194403202282284
484,3,10,150,74,0.32328976656649294
485,3,10,150,74,0.0
486,3,10,150,74,0.06108300840136219
487,3,10,150,74,0.10060724527338907
488,3,10,150,74,0.05887472794707303
489,3,10,150,74,0.0
490,3,10,150,74,0.06490403551612171
491,3,10,150,74,0.17758207479178334
492,3,10,150,74,0.12925417913024104
493,3,10,150,74,0.26530843853655434
494,3,10,150,74,0.15581531016292202
495,3,10,150,74,0.142346942264849
496,3,10,150,74,0.07271211160102074
497,3,10,150,74,0.07810188140590023
498,3,10,150,74,0.0343217267714905
499,3,10,150,74,0.16209170826928437
500,3,10,150,74,0.04698773570888995
501,3,10,150,74,0.0
502,3,10,150,74,0.03272632263321488
503,3,10,150,74,0.26389046315772724
504,3,10,150,74,0.09794337990609951
505,3,10,150,74,0.025255271126572616
506,3,10,150,74,0.16119309772585624
507,3,10,150,74,0.02579743633593384
508,3,10,150,74,0.2124218923765955
509,3,10,150,74,0.0
510,3,10,150,74,0.17032928501352598
511,3,10,150,74,0.12155021559723776
512,3,10,150,74,0.0
513,3,10,150,74,0.09761131800342168
514,3,10,150,74,0.20202473045271674
515,3,10,150,74,0.0
516,3,10,150,74,0.07947838320659593
517,3,10,150,74,0.03859643636257609
518,3,10,150,74,0.05268083714989503
519,3,10,150,74,0.034560204819110964
520,3,10,150,74,0.0
521,3,10,150,74,0.07649261318048692
522,3,10,150,74,0.2035192592417533
523,3,10,150,74,0.18941913248920814
524,3,10,150,74,0.05287695561257433
525,3,10,150,74,0.06516045994396072
526,3,10,150,74,0.052528565413809895
527,3,10,150,74,0.21068702285875093
528,3,10,150,74,0.1255942414278791
529,3,10,150,74,0.03208343640786788
530,3,10,150,74,0.0
531,3,10,150,74,0.0
532,3,10,150,74,0.187191735357932
533,3,10,150,74,0.13077875588459684
534,3,10,150,74,0.10040759964046686
535,3,10,150,74,0.25224874540372827
536,3,10,150,74,0.19370572859880655
537,3,10,150,74,0.44418492096240997
538,3,10,150,74,0.09944592215223559
539,3,10,150,74,0.07086035994602148
540,3,10,150,74,0.0
541,3,10,150,74,0.0779170553370938
542,3,10,150,74,0.07173250396753712
543,3,10,150,74,0.009491824138500126
544,3,10,150,74,0.0
545,3,10,150,74,0.1627301445786375
546,3,10,150,74,0.1727529426032757
547,3,10,150,74,0.04528995543568932
548,3,10,150,74,0.08556622378188056
549,3,10,150,74,0.10184659627402569
550,3,10,150,74,0.0845667599404342
551,3,10,150,74,0.2808972385899936
552,3,10,150,74,0.0
553,3,10,150,74,0.13528660262448355
554,3,10,150,74,0.0
555,3,10,150,74,0.037070343480771185
556,3,10,150,74,0.2848749592866812
557,3,10,150,74,0.044530079137671444
558,3,10,150,74,0.21398626473452756
559,3,10,150,74,0.11571122630007512
560,3,10,150,74,0.13657262402833295
561,3,10,150,74,0.0680942292251915
562,3,10,150,74,0.1501964202441757
563,3,10,150,74,0.10791970824616881
564,3,10,150,74,0.0
565,3,10,150,74,0.2016297075493207
566,3,10,150,74,0.11935234359120704
567,3,10,150,74,0.3183538480819206
568,3,10,150,74,0.07161318866452264
569,3,10,150,74,0.023835426911994775
570,3,10,150,74,0.0
571,3,10,150,74,0.0512644431393966
572,3,10,150,74,0.30260241349881345
573,3,10,150,74,0.0
574,3,10,150,74,0.02529922263119915
575,3,10,150,74,0.13043262693172047
576,3,10,150,74,0.0
577,3,10,150,74,0.2017286250978881
578,3,10,150,74,0.0
579,3,10,150,74,0.06152644703210656
580,3,10,150,74,0.03144137376097698
581,3,10,150,74,0.0
582,3,10,150,74,0.06679511870650716
583,3,10,150,74,0.13912814892946682
584,3,10,150,74,0.20261715588288354
585,3,10,150,74,0.042225550968526857
586,3,10,150,74,0.0663945281096953
587,3,10,150,74,0.029230460362194715
588,3,10,150,74,0.25520082581525866
589,3,10,150,74,0.09905100598441088
590,3,10,150,74,0.19997970715667693
591,3,10,150,74,0.08651464973019597
592,3,10,150,74,0.33844761537647955
593,3,10,150,74,0.14271020042879362
594,3,10,150,74,0.0
595,3,10,150,74,0.055965373307784824
596,3,10,150,74,0.09803928583135704
597,3,10,150,74,0.02579743633593384
598,3,10,150,74,0.0
599,3,10,150,74,0.02506539947940475
600,3,10,150,74,0.13574631165894233
601,3,10,150,74,0.14661690295711607
602,3,10,150,74,0.041278922835426404
603,3,10,150,74,0.12541207695631323
604,3,10,150,74,0.0
605,3,10,150,74,0.20667237874233232
606,3,10,150,74,0.3304875805156345
607,3,10,150,74,0.0308875359117713
608,3,10,150,74,0.20852912276047153
609,3,10,150,74,0.0
610,3,10,150,74,0.12186625680881258
611,3,10,150,74,0.19680646538945382
612,3,10,150,74,0.09162544430476362
613,3,10,150,74,0.1652462050665711
614,3,10,150,74,0.1467868763787456
615,3,10,150,74,0.17368907358900634
616,3,10,150,74,0.030480958763669998
617,3,10,150,74,0.038287076928437726
618,3,10,150,74,0.11903860897014476
619,3,10,150,74,0.14795344439858116
620,3,10,150,74,0.24239278329353608
621,3,10,150,74,0.10569072181389248
622,3,10,150,74,0.16379658310617776
623,3,10,150,74,0.04214302778527282
624,3,10,150,74,0.03202992305603544
625,3,10,150,74,0.06672272773479279
626,3,10,150,74,0.05317473211477967
627,3,10,150,74,0.11471658297235718
628,3,10,150,74,0.0
629,3,10,150,74,0.28364213168183045
630,3,10,150,74,0.10834532177911152
631,3,10,150,74,0.13449792459172438
632,3,10,150,74,0.08348454970562778
633,3,10,150,74,0.050456115328747164
634,3,10,150,74,0.09692094009503625
635,3,10,150,74,0.0
636,3,10,150,74,0.4108031518056064
637,3,10,150,74,0.02898066279104336
638,3,10,150,74,0.05152901435389809
639,3,10,150,74,0.0
640,3,10,150,74,0.16254564442204458
641,3,10,150,74,0.051358492238643604
642,3,10,150,74,0.29571950065932046
643,3,10,150,74,0.22771896624148796
644,3,10,150,74,0.023868766231572826
645,3,10,150,74,0.17744101704673967
646,3,10,150,74,0.11243817952384734
647,3,10,150,74,0.06590268968688952
648,3,10,150,74,0.2571927423626814
649,3,10,150,74,0.04336490181597879
650,3,10,150,74,0.10898025784738964
651,3,10,150,74,0.0
652,3,10,150,74,0.0
653,3,10,150,74,0.11212988233097679
654,3,10,150,74,0.05402442095740813
655,3,10,150,74,0.4594462382458788
656,3,10,150,74,0.0
657,3,10,150,74,0.2504953915210566
658,3,10,150,74,0.09988783377897062
659,3,10,150,74,0.10511615546912116
660,3,10,150,74,0.029610905961065533
661,3,10,150,74,0.22555433567053945
662,3,10,150,74,0.0
663,3,10,150,74,0.1250707809701198
664,3,10,150,74,0.24568393548793757
665,3,10,150,74,0.0637635876459061
666,3,10,150,74,0.11304102424580525
667,3,10,150,74,0.1487205698875683
668,3,10,150,74,0.0
669,3,10,150,74,0.2287469684999221
670,3,10,150,74,0.0
671,3,10,150,74,0.20598773756155325
672,3,10,150,74,0.07973520350569015
673,3,10,150,74,0.03236977394070781
674,3,10,150,74,0.0
675,3,10,150,74,0.0382580635535654
676,3,10,150,74,0.22358931366364498
677,3,10,150,74,0.10158983531347915
678,3,10,150,74,0.0
679,3,10,150,74,0.20531579536501102
680,3,10,150,74,0.022168697248564677
681,3,10,150,74,0.0
682,3,10,150,74,0.24330213122442926
683,3,10,150,74,0.045215225629604006
684,3,10,150,74,0.03158850394477252
685,3,10,150,74,0.20373936192022438
686,3,10,150,74,0.23668875748481685
687,3,10,150,74,0.0
688,3,10,150,74,0.0
689,3,10,150,74,0.429307082657261
690,3,10,150,74,0.24802939400095458
691,3,10,150,74,0.6023709850354425
692,3,10,150,74,0.03353522641880846
693,3,10,150,74,0.04711181933747839
694,3,10,150,74,0.21361709189247302
695,3,10,150,74,0.05816383356143395
696,3,10,150,74,0.08111636357522063
697,3,10,150,74,0.08316188759665785
698,3,10,150,74,0.0
699,3,10,150,74,0.052585582308339936
700,3,10,150,74,0.0
701,3,10,150,74,0.12271508523586225
702,3,10,150,74,0.0
703,3,10,150,74,0.21888235022994418
704,3,10,150,74,0.21554226999056822
705,3,10,150,74,0.2867207867777622
706,3,10,150,74,0.0
707,3,10,150,74,0.24867935706735492
708,3,10,150,74,0.03476299583640518
709,3,10,150,74,0.15396797127961612
710,3,10,150,74,0.25040922491354684
711,3,10,150,74,0.2097114060616175
712,3,10,150,74,0.0709301463537875
713,3,10,150,74,0.0
714,3,10,150,74,0.1266607864485773
715,3,10,150,74,0.16860516623933322
716,3,10,150,74,0.2671736767831811
717,3,10,150,74,0.15218028545758808
718,3,10,150,74,0.0
719,3,10,150,74,0.10353175087921149
720,3,10,150,74,0.0
721,3,10,150,74,0.12300822274420435
722,3,10,150,74,0.07401896317743158
723,3,10,150,74,0.0
724,3,10,150,74,0.0
725,3,10,150,74,0.04733244938590725
726,3,10,150,74,0.061080020762274374
727,3,10,150,74,0.07607901745457549
728,3,10,150,74,0.0
729,3,10,150,74,0.046534861017850544
730,3,10,150,74,0.0
731,3,10,150,74,0.1935015812983906
732,3,10,150,74,0.05717828980196049
733,3,10,150,74,0.020730875129846955
734,3,10,150,74,0.08131766139183766
735,3,10,150,74,0.08151055815578559
736,3,10,150,74,0.047009109882897075
737,3,10,150,74,0.12127716502890909
738,3,10,150,74,0.09907057054543131
739,3,10,150,74,0.18767092572990207
740,3,10,150,74,0.0523780734795101
741,3,10,150,74,0.0787396033907249
742,3,10,150,74,0.0527075128660253
743,3,10,150,74,0.1194783875505714
744,3,10,150,74,0.0
745,3,10,150,74,0.06774344219296054
746,3,10,150,74,0.24124954544361757
747,3,10,150,74,0.2211197518298928
748,3,10,150,74,0.04132344798443041
749,3,10,150,74,0.2967143999004739
750,3,10,150,74,0.18000575664763457
751,3,10,150,74,0.06407706415564705
752,3,10,150,74,0.08155432360208091
753,3,10,150,74,0.07079765724607746
754,3,10,150,74,0.0
755,3,10,150,74,0.0
756,3,10,150,74,0.044143057780823704
757,3,10,150,74,0.147510544719552
758,3,10,150,74,0.2771264866861097
759,3,10,150,74,0.0
760,3,10,150,74,0.16006374561654185
761,3,10,150,74,0.17663858756688974
762,3,10,150,74,0.0
763,3,10,150,74,0.1361070514270778
764,3,10,150,74,0.04710969775183564
765,3,10,150,74,0.0966785411876802
766,3,10,150,74,0.035191004809260996
767,3,10,150,74,0.1269544353559099
768,3,10,150,74,0.09997171219938322
769,3,10,150,74,0.0
770,3,10,150,74,0.207274302223422
771,3,10,150,74,0.07363642524234874
772,3,10,150,74,0.038996699933076286
773,3,10,150,74,0.15659560794124947
774,3,10,150,74,0.0
775,3,10,150,74,0.0
776,3,10,150,74,0.04721006604760436
777,3,10,150,74,0.0
778,3,10,150,74,0.08961728720334347
779,3,10,150,74,0.0
780,3,10,150,74,0.1478701604202007
781,3,10,150,74,0.12572447169101508
782,3,10,150,74,0.0
783,3,10,150,74,0.07763399617214947
784,3,10,150,74,0.04582425041433568
785,3,10,150,74,0.2848262604068979
786,3,10,150,74,0.13901223847985233
787,3,10,150,74,0.0
788,3,10,150,74,0.046626370288649896
789,3,10,150,74,0.14531023848228133
790,3,10,150,74,0.08452117092278105
791,3,10,150,74,0.059480024314918285
792,3,10,150,74,0.0946587791577201
793,3,10,150,74,0.11843263243420837
794,3,10,150,74,0.1578863001786244
795,3,10,150,74,0.06886690743551852
796,3,10,150,74,0.08252790398034957
797,3,10,150,74,0.13905617951077562
798,3,10,150,74,0.02688415331260267
799,3,10,150,74,0.2836929289153804
800,3,10,150,74,0.0
801,3,10,150,74,0.0
802,3,10,150,74,0.05621908976192367
803,3,10,150,74,0.0
804,3,10,150,74,0.20994146470018396
805,3,10,150,74,0.1465319928812479
806,3,10,150,74,0.10606704841588428
807,3,10,150,74,0.20144273393048437
808,3,10,150,74,0.09905728133858463
809,3,10,150,74,0.0
810,3,10,150,74,0.0
811,3,10,150,74,0.1162989546852336
812,3,10,150,74,0.11600766930798434
813,3,10,150,74,0.06916902856231065
814,3,10,150,74,0.054181637470214
815,3,10,150,74,0.10380674919178415
816,3,10,150,74,0.10105367325027378
817,3,10,150,74,0.0
818,3,10,150,74,0.05187864210776578
819,3,10,150,74,0.0
820,3,10,150,74,0.12262943855309168
821,3,10,150,74,0.18684232150964158
822,3,10,150,74,0.0
823,3,10,150,74,0.14011732711290795
824,3,10,150,74,0.0
825,3,10,150,74,0.16434089815347858
826,3,10,150,74,0.1395338307503347
827,3,10,150,74,0.0
828,3,10,150,74,0.0
829,3,10,150,74,0.08143169212679746
830,3,10,150,74,0.15298484663625925
831,3,10,150,74,0.0800524392169327
832,3,10,150,74,0.0
833,3,10,150,74,0.05828935682373833
834,3,10,150,74,0.0
835,3,10,150,74,0.131093662595089
836,3,10,150,74,0.05097554749895306
837,3,10,150,74,0.05351287869030783
838,3,10,150,74,0.08633629724227374
839,3,10,150,74,0.0
840,3,10,150,74,0.1518245759629103
841,3,10,150,74,0.0
842,3,10,150,74,0.0
843,3,10,150,74,0.04209275315645388
844,3,10,150,74,0.0
845,3,10,150,74,0.06531065216760332
846,3,10,150,74,0.14997953355821372
847,3,10,150,74,0.0
848,3,10,150,74,0.03618657486793958
849,3,10,150,74,0.07682358143005112
850,3,10,150,74,0.06228974831361337
851,3,10,150,74,0.2277008805972924
852,3,10,150,74,0.07256783117062009
853,3,10,150,74,0.0
854,3,10,150,74,0.0
855,3,10,150,74,0.0
856,3,10,150,74,0.0
857,3,10,150,74,0.0
858,3,10,150,74,0.0
859,3,10,150,74,0.0
860,3,10,150,74,0.0
861,3,10,150,74,0.12754356661958802
862,3,10,150,74,0.18279787522069124
863,3,10,150,74,0.0
864,3,10,150,74,0.19756506460263396
865,3,10,150,74,0.0
866,3,10,150,74,0.0
867,3,10,150,74,0.18752183128814004
868,3,10,150,74,0.0
870,3,10,150,74,0.0
871,3,10,150,74,0.0
872,3,10,150,74,0.0
875,3,10,150,74,0.1395953738647505
876,3,10,150,74,0.0
877,3,10,150,74,0.0
1,3,10,150,75,0.6247579375131872
2,3,10,150,75,0.10688238502350729
3,3,10,150,75,0.0
4,3,10,150,75,0.0
5,3,10,150,75,0.0819283960923954
6,3,10,150,75,0.05340978172012693
7,3,10,150,75,0.18131159542617614
8,3,10,150,75,0.1900735845235601
9,3,10,150,75,0.0
10,3,10,150,75,0.16409920264511527
11,3,10,150,75,0.049016076581777215
12,3,10,150,75,0.0923499676538464
13,3,10,150,75,0.2232753854168291
14,3,10,150,75,0.14623893181570033
15,3,10,150,75,0.0
16,3,10,150,75,0.21217356960479747
17,3,10,150,75,0.12066394366711926
18,3,10,150,75,0.18606782959057458
19,3,10,150,75,0.0
20,3,10,150,75,0.14530105135237878
21,3,10,150,75,0.05824963961462511
22,3,10,150,75,0.1468275080577048
23,3,10,150,75,0.18360000301566626
24,3,10,150,75,0.311062094929455
25,3,10,150,75,0.0
26,3,10,150,75,0.030421795212869307
28,3,10,150,75,0.0
29,3,10,150,75,0.0
30,3,10,150,75,0.0979129253499678
31,3,10,150,75,0.06076546216996844
32,3,10,150,75,0.0
33,3,10,150,75,0.0
34,3,10,150,75,0.0
35,3,10,150,75,0.07108348368841133
37,3,10,150,75,0.08836851842055818
38,3,10,150,75,0.03215366848272267
39,3,10,150,75,0.0
40,3,10,150,75,0.03963175841995263
41,3,10,150,75,0.0
42,3,10,150,75,0.14144963799422255
43,3,10,150,75,0.268915965453296
44,3,10,150,75,0.07698159974258616
45,3,10,150,75,0.04505000432618384
46,3,10,150,75,0.2524329124868603
47,3,10,150,75,0.0
48,3,10,150,75,0.191300388285999
49,3,10,150,75,0.08545966314334597
50,3,10,150,75,0.0
51,3,10,150,75,0.18953836965473142
52,3,10,150,75,0.04892579731758021
53,3,10,150,75,0.09546043308946733
54,3,10,150,75,0.07984133538066794
55,3,10,150,75,0.0
56,3,10,150,75,0.03975645576081676
57,3,10,150,75,0.03861141423677389
58,3,10,150,75,0.10796876451088402
59,3,10,150,75,0.1825401339226324
60,3,10,150,75,0.12123807080432077
61,3,10,150,75,0.0
62,3,10,150,75,0.056765939954965754
63,3,10,150,75,0.03554915059547175
64,3,10,150,75,0.0
65,3,10,150,75,0.2994759515353249
66,3,10,150,75,0.0
67,3,10,150,75,0.0
68,3,10,150,75,0.0
69,3,10,150,75,0.18013245110732332
70,3,10,150,75,0.04310441109649134
71,3,10,150,75,0.1434649426280276
72,3,10,150,75,0.16084022171949366
73,3,10,150,75,0.051960280791503534
74,3,10,150,75,0.0
75,3,10,150,75,0.11731968150568911
76,3,10,150,75,0.14804398249667974
77,3,10,150,75,0.45287742747371695
78,3,10,150,75,0.0
79,3,10,150,75,0.0
80,3,10,150,75,0.08297572808511901
81,3,10,150,75,0.0
82,3,10,150,75,0.08926877557705373
83,3,10,150,75,0.04630610387058298
84,3,10,150,75,0.0
85,3,10,150,75,0.06966660916502733
86,3,10,150,75,0.07738888769495082
87,3,10,150,75,0.10058161863664324
88,3,10,150,75,0.0
89,3,10,150,75,0.22860031301980846
90,3,10,150,75,0.2386569480666451
91,3,10,150,75,0.13114221140465185
92,3,10,150,75,0.03690254550997565
93,3,10,150,75,0.0
94,3,10,150,75,0.1785123466504993
95,3,10,150,75,0.07964436720215591
96,3,10,150,75,0.19186450284072096
97,3,10,150,75,0.1324047882275468
98,3,10,150,75,0.08878770367712427
99,3,10,150,75,0.029785542524894418
100,3,10,150,75,0.0892789338684584
101,3,10,150,75,0.0
102,3,10,150,75,0.026001814664123827
103,3,10,150,75,0.07673373981757839
104,3,10,150,75,0.12171451575741458
106,3,10,150,75,0.05261577455142312
107,3,10,150,75,0.0
108,3,10,150,75,0.0
109,3,10,150,75,0.11259960483764554
110,3,10,150,75,0.06422488523189442
111,3,10,150,75,0.0
112,3,10,150,75,0.06510475888148554
113,3,10,150,75,0.05449144662575446
114,3,10,150,75,0.07610811271330754
115,3,10,150,75,0.046806851959664796
116,3,10,150,75,0.07814915695077672
117,3,10,150,75,0.10135360124281675
118,3,10,150,75,0.0
119,3,10,150,75,0.0857501853120467
121,3,10,150,75,0.06245141164382474
122,3,10,150,75,0.07625852881342107
123,3,10,150,75,0.46927872602275644
124,3,10,150,75,0.10889376106823218
125,3,10,150,75,0.1758278598077621
126,3,10,150,75,0.0
127,3,10,150,75,0.0
128,3,10,150,75,0.047777554739453616
129,3,10,150,75,0.0
130,3,10,150,75,0.11207058154636457
131,3,10,150,75,0.2803335894048546
132,3,10,150,75,0.1431991570830273
133,3,10,150,75,0.0
134,3,10,150,75,0.0
135,3,10,150,75,0.0
136,3,10,150,75,0.40257390286801836
137,3,10,150,75,0.0
138,3,10,150,75,0.21222747957761057
139,3,10,150,75,0.0
140,3,10,150,75,0.0
141,3,10,150,75,0.20239191246999313
142,3,10,150,75,0.30260241349881345
143,3,10,150,75,0.0
144,3,10,150,75,0.2143720535700613
145,3,10,150,75,0.09165098986747319
146,3,10,150,75,0.0
147,3,10,150,75,0.07610811271330754
148,3,10,150,75,0.10419221525731585
149,3,10,150,75,0.05446824630887794
150,3,10,150,75,0.0
151,3,10,150,75,0.16194309002265503
152,3,10,150,75,0.048689109753478024
153,3,10,150,75,0.06516188295518531
154,3,10,150,75,0.055100238151135045
155,3,10,150,75,0.0
156,3,10,150,75,0.07028063830038406
157,3,10,150,75,0.05840183867278569
158,3,10,150,75,0.07413972351842125
159,3,10,150,75,0.11026617795298452
160,3,10,150,75,0.060934076158944916
161,3,10,150,75,0.0
162,3,10,150,75,0.0
163,3,10,150,75,0.0
164,3,10,150,75,0.0
165,3,10,150,75,0.09149012142095872
166,3,10,150,75,0.0
167,3,10,150,75,0.03395822402998728
168,3,10,150,75,0.0
169,3,10,150,75,0.055427457405235275
170,3,10,150,75,0.0
171,3,10,150,75,0.0
172,3,10,150,75,0.0
173,3,10,150,75,0.0
174,3,10,150,75,0.07752093421921306
175,3,10,150,75,0.4413254197204702
176,3,10,150,75,0.0347693136731627
177,3,10,150,75,0.0
178,3,10,150,75,0.18053947820976404
179,3,10,150,75,0.06599888514927177
180,3,10,150,75,0.0
181,3,10,150,75,0.04622579729077891
182,3,10,150,75,0.13120507751234178
183,3,10,150,75,0.0
184,3,10,150,75,0.0
185,3,10,150,75,0.0
186,3,10,150,75,0.0
187,3,10,150,75,0.2004102107997965
188,3,10,150,75,0.026527518023781966
189,3,10,150,75,0.22982757951573698
190,3,10,150,75,0.0
191,3,10,150,75,0.07335312372354855
192,3,10,150,75,0.0
193,3,10,150,75,0.0
194,3,10,150,75,0.0860257611411915
195,3,10,150,75,0.10257737475069033
196,3,10,150,75,0.17342765698823945
197,3,10,150,75,0.07304192939088519
198,3,10,150,75,0.10387325901274824
199,3,10,150,75,0.052106753859569234
200,3,10,150,75,0.0971420957831845
201,3,10,150,75,0.25590835195750156
202,3,10,150,75,0.0
203,3,10,150,75,0.0
204,3,10,150,75,0.0
205,3,10,150,75,0.11600766930798434
206,3,10,150,75,0.0
207,3,10,150,75,0.12136843723580057
208,3,10,150,75,0.0
209,3,10,150,75,0.070675417981692
210,3,10,150,75,0.0
211,3,10,150,75,0.0
212,3,10,150,75,0.0559167101555819
213,3,10,150,75,0.08985507164305877
214,3,10,150,75,0.1257260924843343
215,3,10,150,75,0.157288596461893
216,3,10,150,75,0.27735230728218535
217,3,10,150,75,0.13000004444613666
218,3,10,150,75,0.06323567569191428
219,3,10,150,75,0.0
220,3,10,150,75,0.07807600999842033
221,3,10,150,75,0.12213234467515617
222,3,10,150,75,0.1483732210811898
223,3,10,150,75,0.039270700903099615
224,3,10,150,75,0.026212432283247895
225,3,10,150,75,0.09311209812195972
226,3,10,150,75,0.0
227,3,10,150,75,0.0
229,3,10,150,75,0.0
230,3,10,150,75,0.1697995249867118
231,3,10,150,75,0.0
232,3,10,150,75,0.0
233,3,10,150,75,0.20123780419810608
234,3,10,150,75,0.16482271554587574
235,3,10,150,75,0.08312042273022706
236,3,10,150,75,0.12127042983235181
237,3,10,150,75,0.04776398023609584
238,3,10,150,75,0.0
239,3,10,150,75,0.14738301924206398
240,3,10,150,75,0.10235170428306553
241,3,10,150,75,0.1381300260171807
242,3,10,150,75,0.0
243,3,10,150,75,0.0
244,3,10,150,75,0.15017336350566032
245,3,10,150,75,0.0
246,3,10,150,75,0.08356426880363813
247,3,10,150,75,0.15642624200758548
248,3,10,150,75,0.23451355966072135
249,3,10,150,75,0.3296200475575061
250,3,10,150,75,0.07806699296748765
251,3,10,150,75,0.0
252,3,10,150,75,0.07630862162354303
253,3,10,150,75,0.038220360097248454
254,3,10,150,75,0.036502603141236205
255,3,10,150,75,0.10933464083642679
256,3,10,150,75,0.0681239071992697
257,3,10,150,75,0.12830873359117523
258,3,10,150,75,0.16260831227163416
259,3,10,150,75,0.0
260,3,10,150,75,0.0
261,3,10,150,75,0.0
262,3,10,150,75,0.0
263,3,10,150,75,0.36030713075223775
264,3,10,150,75,0.35681377696685707
265,3,10,150,75,0.19802572813668026
266,3,10,150,75,0.0
267,3,10,150,75,0.21076490690365068
268,3,10,150,75,0.10827784002385153
269,3,10,150,75,0.040019695500760184
270,3,10,150,75,0.049915567102790354
271,3,10,150,75,0.10729393508609222
272,3,10,150,75,0.10457492829503848
273,3,10,150,75,0.0
274,3,10,150,75,0.0
275,3,10,150,75,0.0
276,3,10,150,75,0.17612160482633676
277,3,10,150,75,0.0
278,3,10,150,75,0.0
279,3,10,150,75,0.11910385967976722
280,3,10,150,75,0.07316593591075989
281,3,10,150,75,0.0
282,3,10,150,75,0.09659953929285248
283,3,10,150,75,0.0
284,3,10,150,75,0.0
285,3,10,150,75,0.0
286,3,10,150,75,0.016140534521312585
287,3,10,150,75,0.0
288,3,10,150,75,0.13999259891013252
289,3,10,150,75,0.0
290,3,10,150,75,0.09647783930421741
291,3,10,150,75,0.17775326828407884
292,3,10,150,75,0.27665227928348557
293,3,10,150,75,0.11343606861853027
294,3,10,150,75,0.09628038570550856
295,3,10,150,75,0.15956840344924803
296,3,10,150,75,0.15701688667375013
297,3,10,150,75,0.030868393892711742
298,3,10,150,75,0.13814728270261697
299,3,10,150,75,0.07694316572383303
300,3,10,150,75,0.0
301,3,10,150,75,0.1296575124303738
302,3,10,150,75,0.07335312372354855
303,3,10,150,75,0.17978154785217412
304,3,10,150,75,0.0
305,3,10,150,75,0.05428021340641747
306,3,10,150,75,0.0
307,3,10,150,75,0.13128644747266613
308,3,10,150,75,0.05707430901002984
309,3,10,150,75,0.0
310,3,10,150,75,0.2890648263178879
311,3,10,150,75,0.17512035582237062
312,3,10,150,75,0.16963857451199318
313,3,10,150,75,0.09586943528179451
314,3,10,150,75,0.10507089418815024
315,3,10,150,75,0.09785159463516042
316,3,10,150,75,0.06076546216996844
317,3,10,150,75,0.0
318,3,10,150,75,0.07377376675297492
319,3,10,150,75,0.0
320,3,10,150,75,0.08947300054212491
321,3,10,150,75,0.08223795175588802
322,3,10,150,75,0.07955752067133452
323,3,10,150,75,0.12229181918924699
324,3,10,150,75,0.0
325,3,10,150,75,0.0
326,3,10,150,75,0.10817904857938596
327,3,10,150,75,0.015483922344753005
328,3,10,150,75,0.1253761246808089
329,3,10,150,75,0.056720838976548935
330,3,10,150,75,0.3028509129070748
331,3,10,150,75,0.0
332,3,10,150,75,0.09937017023483655
333,3,10,150,75,0.0
334,3,10,150,75,0.14660842569240642
335,3,10,150,75,0.0
336,3,10,150,75,0.0
337,3,10,150,75,0.2325689761571779
338,3,10,150,75,0.08388555279643939
339,3,10,150,75,0.1856477756884163
340,3,10,150,75,0.12647135138382856
341,3,10,150,75,0.0
342,3,10,150,75,0.15381739323016694
343,3,10,150,75,0.35449693766486445
344,3,10,150,75,0.13804010954782428
345,3,10,150,75,0.1302817386077542
346,3,10,150,75,0.1264086027263655
347,3,10,150,75,0.09642724089192412
348,3,10,150,75,0.0
349,3,10,150,75,0.07123530534387781
350,3,10,150,75,0.2314071217459096
351,3,10,150,75,0.0
352,3,10,150,75,0.16282653392890226
353,3,10,150,75,0.09489642549953911
354,3,10,150,75,0.048823562593396645
355,3,10,150,75,0.05122871476979503
356,3,10,150,75,0.0
357,3,10,150,75,0.03371865946438579
358,3,10,150,75,0.26730206653594746
359,3,10,150,75,0.14341929980357182
360,3,10,150,75,0.13132846997338612
361,3,10,150,75,0.0
362,3,10,150,75,0.0
363,3,10,150,75,0.1867805234163032
364,3,10,150,75,0.0
365,3,10,150,75,0.0989084497079971
366,3,10,150,75,0.10684080426179023
367,3,10,150,75,0.1410054764628891
368,3,10,150,75,0.0
369,3,10,150,75,0.0
370,3,10,150,75,0.045683428159663184
371,3,10,150,75,0.174231549865924
372,3,10,150,75,0.13528214995015655
373,3,10,150,75,0.18128610071101886
374,3,10,150,75,0.1523273086076386
375,3,10,150,75,0.0
376,3,10,150,75,0.0
377,3,10,150,75,0.053168340515114924
378,3,10,150,75,0.053263484749357055
379,3,10,150,75,0.16693258363041708
380,3,10,150,75,0.0
381,3,10,150,75,0.08294243278442993
382,3,10,150,75,0.13500098315004241
383,3,10,150,75,0.03539807129574854
384,3,10,150,75,0.08759200575528697
385,3,10,150,75,0.1546778125427113
386,3,10,150,75,0.0
387,3,10,150,75,0.03814967334348895
388,3,10,150,75,0.029785542524894418
389,3,10,150,75,0.13183633031089573
390,3,10,150,75,0.2691365333037713
391,3,10,150,75,0.298074760835303
392,3,10,150,75,0.10835852340243231
393,3,10,150,75,0.18356072429287257
394,3,10,150,75,0.12900206501129066
395,3,10,150,75,0.15727036710905312
396,3,10,150,75,0.0
397,3,10,150,75,0.12905531436930254
398,3,10,150,75,0.12204637821038242
399,3,10,150,75,0.05509887073092855
400,3,10,150,75,0.0
401,3,10,150,75,0.0
402,3,10,150,75,0.469779625693621
403,3,10,150,75,0.0
404,3,10,150,75,0.0
405,3,10,150,75,0.2254076899937461
406,3,10,150,75,0.1428233347987388
407,3,10,150,75,0.08592393249988393
408,3,10,150,75,0.12083071655728543
409,3,10,150,75,0.15086419336317547
410,3,10,150,75,0.0
411,3,10,150,75,0.1128999930808451
412,3,10,150,75,0.0
413,3,10,150,75,0.10122860821230018
414,3,10,150,75,0.0
415,3,10,150,75,0.07605458145297357
416,3,10,150,75,0.30234527359715735
417,3,10,150,75,0.05712516951520643
418,3,10,150,75,0.07001560573318603
419,3,10,150,75,0.26168079122473237
420,3,10,150,75,0.0527075128660253
421,3,10,150,75,0.202729931306865
422,3,10,150,75,0.0
423,3,10,150,75,0.0
424,3,10,150,75,0.13291000263869587
425,3,10,150,75,0.015224331423152564
426,3,10,150,75,0.10004388309532918
427,3,10,150,75,0.0
428,3,10,150,75,0.0
429,3,10,150,75,0.13217946612287576
430,3,10,150,75,0.062242588308449316
431,3,10,150,75,0.0
432,3,10,150,75,0.05253723007572906
433,3,10,150,75,0.0
434,3,10,150,75,0.25803884452092735
435,3,10,150,75,0.20653855843522137
436,3,10,150,75,0.09291494561763272
437,3,10,150,75,0.07387863190475343
438,3,10,150,75,0.0
439,3,10,150,75,0.0
440,3,10,150,75,0.10025741859697787
441,3,10,150,75,0.0
442,3,10,150,75,0.058478916078390675
443,3,10,150,75,0.056720838976548935
444,3,10,150,75,0.19519002499605084
445,3,10,150,75,0.0
446,3,10,150,75,0.0
447,3,10,150,75,0.09914294517496557
448,3,10,150,75,0.0
449,3,10,150,75,0.0
450,3,10,150,75,0.319870756985501
451,3,10,150,75,0.0
452,3,10,150,75,0.048188247044562364
453,3,10,150,75,0.14969815781875853
454,3,10,150,75,0.0
455,3,10,150,75,0.2223859147540445
456,3,10,150,75,0.18931496347604157
457,3,10,150,75,0.36577144213364177
458,3,10,150,75,0.12059750656999586
459,3,10,150,75,0.04901586605894737
460,3,10,150,75,0.0
461,3,10,150,75,0.10778915452451093
462,3,10,150,75,0.16728714615527887
463,3,10,150,75,0.1032589365938857
464,3,10,150,75,0.091470579054696
465,3,10,150,75,0.0733934381893728
466,3,10,150,75,0.0750834162528243
467,3,10,150,75,0.032842167909375275
468,3,10,150,75,0.4424763580282471
469,3,10,150,75,0.08625887094910875
470,3,10,150,75,0.040162930685297936
471,3,10,150,75,0.0
472,3,10,150,75,0.26989864785316925
473,3,10,150,75,0.08903377327702097
474,3,10,150,75,0.36129282431211834
475,3,10,150,75,0.0
476,3,10,150,75,0.12097589732794561
477,3,10,150,75,0.0
478,3,10,150,75,0.2059565668593519
479,3,10,150,75,0.07893633843817272
480,3,10,150,75,0.0881980292211471
481,3,10,150,75,0.05234104579082298
482,3,10,150,75,0.15905893746943514
483,3,10,150,75,0.06194403202282284
484,3,10,150,75,0.32328976656649294
485,3,10,150,75,0.0
486,3,10,150,75,0.06108300840136219
487,3,10,150,75,0.10060724527338907
488,3,10,150,75,0.05887472794707303
489,3,10,150,75,0.0
490,3,10,150,75,0.06490403551612171
491,3,10,150,75,0.17758207479178334
492,3,10,150,75,0.12925417913024104
493,3,10,150,75,0.26530843853655434
494,3,10,150,75,0.15581531016292202
495,3,10,150,75,0.142346942264849
496,3,10,150,75,0.07271211160102074
497,3,10,150,75,0.07810188140590023
498,3,10,150,75,0.0343217267714905
499,3,10,150,75,0.1775756306140374
500,3,10,150,75,0.04698773570888995
501,3,10,150,75,0.0
502,3,10,150,75,0.03272632263321488
503,3,10,150,75,0.2768332968914173
504,3,10,150,75,0.09794337990609951
505,3,10,150,75,0.025255271126572616
506,3,10,150,75,0.16119309772585624
507,3,10,150,75,0.02579743633593384
508,3,10,150,75,0.2124218923765955
509,3,10,150,75,0.0
510,3,10,150,75,0.17032928501352598
511,3,10,150,75,0.12155021559723776
512,3,10,150,75,0.0
513,3,10,150,75,0.09761131800342168
514,3,10,150,75,0.20202473045271674
515,3,10,150,75,0.0
516,3,10,150,75,0.07947838320659593
517,3,10,150,75,0.03859643636257609
518,3,10,150,75,0.05268083714989503
519,3,10,150,75,0.034560204819110964
520,3,10,150,75,0.0
521,3,10,150,75,0.07649261318048692
522,3,10,150,75,0.2035192592417533
523,3,10,150,75,0.18941913248920814
524,3,10,150,75,0.05238128232334386
525,3,10,150,75,0.06516045994396072
526,3,10,150,75,0.052528565413809895
527,3,10,150,75,0.21068702285875093
528,3,10,150,75,0.1255942414278791
529,3,10,150,75,0.03208343640786788
530,3,10,150,75,0.0
531,3,10,150,75,0.0
532,3,10,150,75,0.18543698336612932
533,3,10,150,75,0.13077875588459684
534,3,10,150,75,0.10040759964046686
535,3,10,150,75,0.25224874540372827
536,3,10,150,75,0.19370572859880655
537,3,10,150,75,0.44939518099419096
538,3,10,150,75,0.09944592215223559
539,3,10,150,75,0.07086035994602148
540,3,10,150,75,0.0
541,3,10,150,75,0.0779170553370938
542,3,10,150,75,0.07173250396753712
543,3,10,150,75,0.009491824138500126
544,3,10,150,75,0.0
545,3,10,150,75,0.1627301445786375
546,3,10,150,75,0.1727529426032757
547,3,10,150,75,0.04528995543568932
548,3,10,150,75,0.08556622378188056
549,3,10,150,75,0.10184659627402569
550,3,10,150,75,0.0845667599404342
551,3,10,150,75,0.28763817189285656
552,3,10,150,75,0.0
553,3,10,150,75,0.13528660262448355
554,3,10,150,75,0.0
555,3,10,150,75,0.037070343480771185
556,3,10,150,75,0.2848749592866812
557,3,10,150,75,0.044530079137671444
558,3,10,150,75,0.21398626473452756
559,3,10,150,75,0.11571122630007512
560,3,10,150,75,0.13657262402833295
561,3,10,150,75,0.06745590785841375
562,3,10,150,75,0.1501964202441757
563,3,10,150,75,0.10791970824616881
564,3,10,150,75,0.0
565,3,10,150,75,0.2016297075493207
566,3,10,150,75,0.11935234359120704
567,3,10,150,75,0.3183538480819206
568,3,10,150,75,0.07161318866452264
569,3,10,150,75,0.023835426911994775
570,3,10,150,75,0.0
571,3,10,150,75,0.0512644431393966
572,3,10,150,75,0.30260241349881345
573,3,10,150,75,0.0
574,3,10,150,75,0.02529922263119915
575,3,10,150,75,0.13043262693172047
576,3,10,150,75,0.0
577,3,10,150,75,0.2017286250978881
578,3,10,150,75,0.0
579,3,10,150,75,0.06152644703210656
580,3,10,150,75,0.03144137376097698
581,3,10,150,75,0.0
582,3,10,150,75,0.06679511870650716
583,3,10,150,75,0.13912814892946682
584,3,10,150,75,0.20261715588288354
585,3,10,150,75,0.042225550968526857
586,3,10,150,75,0.0663945281096953
587,3,10,150,75,0.029230460362194715
588,3,10,150,75,0.2621826395790695
589,3,10,150,75,0.09905100598441088
590,3,10,150,75,0.19997970715667693
591,3,10,150,75,0.08651464973019597
592,3,10,150,75,0.33527497729997924
593,3,10,150,75,0.14271020042879362
594,3,10,150,75,0.0
595,3,10,150,75,0.055965373307784824
596,3,10,150,75,0.09803928583135704
597,3,10,150,75,0.02579743633593384
598,3,10,150,75,0.0
599,3,10,150,75,0.02506539947940475
600,3,10,150,75,0.13574631165894233
601,3,10,150,75,0.14661690295711607
602,3,10,150,75,0.041278922835426404
603,3,10,150,75,0.12541207695631323
604,3,10,150,75,0.0
605,3,10,150,75,0.20667237874233232
606,3,10,150,75,0.33676364953855575
607,3,10,150,75,0.0308875359117713
608,3,10,150,75,0.20657435219961784
609,3,10,150,75,0.0
610,3,10,150,75,0.12186625680881258
611,3,10,150,75,0.19680646538945382
612,3,10,150,75,0.09162544430476362
613,3,10,150,75,0.1652462050665711
614,3,10,150,75,0.1467868763787456
615,3,10,150,75,0.17368907358900634
616,3,10,150,75,0.030480958763669998
617,3,10,150,75,0.038287076928437726
618,3,10,150,75,0.11792273045236526
619,3,10,150,75,0.14795344439858116
620,3,10,150,75,0.24239278329353608
621,3,10,150,75,0.10569072181389248
622,3,10,150,75,0.16226113935431313
623,3,10,150,75,0.04214302778527282
624,3,10,150,75,0.03202992305603544
625,3,10,150,75,0.06672272773479279
626,3,10,150,75,0.05317473211477967
627,3,10,150,75,0.11471658297235718
628,3,10,150,75,0.0
629,3,10,150,75,0.29526825869185747
630,3,10,150,75,0.10834532177911152
631,3,10,150,75,0.13449792459172438
632,3,10,150,75,0.08348454970562778
633,3,10,150,75,0.050456115328747164
634,3,10,150,75,0.09692094009503625
635,3,10,150,75,0.0
636,3,10,150,75,0.4108031518056064
637,3,10,150,75,0.02898066279104336
638,3,10,150,75,0.05152901435389809
639,3,10,150,75,0.01070448204588216
640,3,10,150,75,0.16254564442204458
641,3,10,150,75,0.051358492238643604
642,3,10,150,75,0.29294739973400663
643,3,10,150,75,0.22558430837948656
644,3,10,150,75,0.023868766231572826
645,3,10,150,75,0.17744101704673967
646,3,10,150,75,0.11243817952384734
647,3,10,150,75,0.06590268968688952
648,3,10,150,75,0.2547817946994464
649,3,10,150,75,0.04336490181597879
650,3,10,150,75,0.10795866720846953
651,3,10,150,75,0.0
652,3,10,150,75,0.0
653,3,10,150,75,0.12045285585575723
654,3,10,150,75,0.05402442095740813
655,3,10,150,75,0.4551393483068192
656,3,10,150,75,0.0
657,3,10,150,75,0.2504953915210566
658,3,10,150,75,0.09988783377897062
659,3,10,150,75,0.10413078726989279
660,3,10,150,75,0.029333330692505155
661,3,10,150,75,0.22555433567053945
662,3,10,150,75,0.0
663,3,10,150,75,0.1250707809701198
664,3,10,150,75,0.2433808724049065
665,3,10,150,75,0.0637635876459061
666,3,10,150,75,0.11198136762116072
667,3,10,150,75,0.1487205698875683
668,3,10,150,75,0.0
669,3,10,150,75,0.2287469684999221
670,3,10,150,75,0.0
671,3,10,150,75,0.20598773756155325
672,3,10,150,75,0.07973520350569015
673,3,10,150,75,0.03236977394070781
674,3,10,150,75,0.0
675,3,10,150,75,0.0382580635535654
676,3,10,150,75,0.22358931366364498
677,3,10,150,75,0.10158983531347915
678,3,10,150,75,0.0
679,3,10,150,75,0.20531579536501102
680,3,10,150,75,0.022168697248564677
681,3,10,150,75,0.0
682,3,10,150,75,0.24102139538660206
683,3,10,150,75,0.045215225629604006
684,3,10,150,75,0.03158850394477252
685,3,10,150,75,0.20373936192022438
686,3,10,150,75,0.25246566572386453
687,3,10,150,75,0.0
688,3,10,150,75,0.0
689,3,10,150,75,0.429307082657261
690,3,10,150,75,0.24802939400095458
691,3,10,150,75,0.6023709850354425
692,3,10,150,75,0.03353522641880846
693,3,10,150,75,0.04711181933747839
694,3,10,150,75,0.21361709189247302
695,3,10,150,75,0.05816383356143395
696,3,10,150,75,0.08111636357522063
697,3,10,150,75,0.08316188759665785
698,3,10,150,75,0.0
699,3,10,150,75,0.052585582308339936
700,3,10,150,75,0.0
701,3,10,150,75,0.12271508523586225
702,3,10,150,75,0.0
703,3,10,150,75,0.21888235022994418
704,3,10,150,75,0.21554226999056822
705,3,10,150,75,0.2867207867777622
706,3,10,150,75,0.0
707,3,10,150,75,0.24634821463577397
708,3,10,150,75,0.03476299583640518
709,3,10,150,75,0.16604950811619162
710,3,10,150,75,0.25040922491354684
711,3,10,150,75,0.2077455526718473
712,3,10,150,75,0.0709301463537875
713,3,10,150,75,0.0
714,3,10,150,75,0.1266607864485773
715,3,10,150,75,0.16860516623933322
716,3,10,150,75,0.26466916695214565
717,3,10,150,75,0.15218028545758808
718,3,10,150,75,0.0
719,3,10,150,75,0.10353175087921149
720,3,10,150,75,0.029886352638305778
721,3,10,150,75,0.12300822274420435
722,3,10,150,75,0.07401896317743158
723,3,10,150,75,0.0
724,3,10,150,75,0.0
725,3,10,150,75,0.04733244938590725
726,3,10,150,75,0.061080020762274374
727,3,10,150,75,0.0753658459720977
728,3,10,150,75,0.0
729,3,10,150,75,0.046534861017850544
730,3,10,150,75,0.0
731,3,10,150,75,0.1935015812983906
732,3,10,150,75,0.05717828980196049
733,3,10,150,75,0.020730875129846955
734,3,10,150,75,0.08131766139183766
735,3,10,150,75,0.08151055815578559
736,3,10,150,75,0.047009109882897075
737,3,10,150,75,0.12127716502890909
738,3,10,150,75,0.09907057054543131
739,3,10,150,75,0.18767092572990207
740,3,10,150,75,0.0523780734795101
741,3,10,150,75,0.09620963094643388
742,3,10,150,75,0.0527075128660253
743,3,10,150,75,0.1194783875505714
744,3,10,150,75,0.0
745,3,10,150,75,0.06774344219296054
746,3,10,150,75,0.24124954544361757
747,3,10,150,75,0.21904695559127418
748,3,10,150,75,0.04132344798443041
749,3,10,150,75,0.2939329727011035
750,3,10,150,75,0.18000575664763457
751,3,10,150,75,0.06407706415564705
752,3,10,150,75,0.08155432360208091
753,3,10,150,75,0.07079765724607746
754,3,10,150,75,0.0
755,3,10,150,75,0.0
756,3,10,150,75,0.044143057780823704
757,3,10,150,75,0.147510544719552
758,3,10,150,75,0.2745286783290052
759,3,10,150,75,0.0
760,3,10,150,75,0.16006374561654185
761,3,10,150,75,0.17663858756688974
762,3,10,150,75,0.0
763,3,10,150,75,0.1361070514270778
764,3,10,150,75,0.04710969775183564
765,3,10,150,75,0.0966785411876802
766,3,10,150,75,0.035191004809260996
767,3,10,150,75,0.1269544353559099
768,3,10,150,75,0.09997171219938322
769,3,10,150,75,0.0
770,3,10,150,75,0.207274302223422
771,3,10,150,75,0.07363642524234874
772,3,10,150,75,0.038996699933076286
773,3,10,150,75,0.15659560794124947
774,3,10,150,75,0.0
775,3,10,150,75,0.0
776,3,10,150,75,0.04721006604760436
777,3,10,150,75,0.0
778,3,10,150,75,0.08961728720334347
779,3,10,150,75,0.0
780,3,10,150,75,0.1478701604202007
781,3,10,150,75,0.12572447169101508
782,3,10,150,75,0.0
783,3,10,150,75,0.07763399617214947
784,3,10,150,75,0.04582425041433568
785,3,10,150,75,0.2848262604068979
786,3,10,150,75,0.13901223847985233
787,3,10,150,75,0.0
788,3,10,150,75,0.046626370288649896
789,3,10,150,75,0.14531023848228133
790,3,10,150,75,0.08452117092278105
791,3,10,150,75,0.059480024314918285
792,3,10,150,75,0.0946587791577201
793,3,10,150,75,0.11843263243420837
794,3,10,150,75,0.1578863001786244
795,3,10,150,75,0.06886690743551852
796,3,10,150,75,0.08175428006147349
797,3,10,150,75,0.13905617951077562
798,3,10,150,75,0.02688415331260267
799,3,10,150,75,0.2836929289153804
800,3,10,150,75,0.0
801,3,10,150,75,0.0
802,3,10,150,75,0.05621908976192367
803,3,10,150,75,0.0
804,3,10,150,75,0.20994146470018396
805,3,10,150,75,0.1465319928812479
806,3,10,150,75,0.10606704841588428
807,3,10,150,75,0.20144273393048437
808,3,10,150,75,0.09905728133858463
809,3,10,150,75,0.0
810,3,10,150,75,0.0
811,3,10,150,75,0.1162989546852336
812,3,10,150,75,0.11600766930798434
813,3,10,150,75,0.06916902856231065
814,3,10,150,75,0.054181637470214
815,3,10,150,75,0.10380674919178415
816,3,10,150,75,0.10105367325027378
817,3,10,150,75,0.0
818,3,10,150,75,0.05187864210776578
819,3,10,150,75,0.0
820,3,10,150,75,0.12262943855309168
821,3,10,150,75,0.18684232150964158
822,3,10,150,75,0.0
823,3,10,150,75,0.14011732711290795
824,3,10,150,75,0.0
825,3,10,150,75,0.16434089815347858
826,3,10,150,75,0.1395338307503347
827,3,10,150,75,0.0
828,3,10,150,75,0.0
829,3,10,150,75,0.08143169212679746
830,3,10,150,75,0.15298484663625925
831,3,10,150,75,0.0800524392169327
832,3,10,150,75,0.06248152673860667
833,3,10,150,75,0.05828935682373833
834,3,10,150,75,0.0
835,3,10,150,75,0.131093662595089
836,3,10,150,75,0.05097554749895306
837,3,10,150,75,0.05351287869030783
838,3,10,150,75,0.08633629724227374
839,3,10,150,75,0.0
840,3,10,150,75,0.1518245759629103
841,3,10,150,75,0.0
842,3,10,150,75,0.0
843,3,10,150,75,0.04209275315645388
844,3,10,150,75,0.0
845,3,10,150,75,0.06531065216760332
846,3,10,150,75,0.14997953355821372
847,3,10,150,75,0.0
848,3,10,150,75,0.03618657486793958
849,3,10,150,75,0.07682358143005112
850,3,10,150,75,0.06228974831361337
851,3,10,150,75,0.2277008805972924
852,3,10,150,75,0.07256783117062009
853,3,10,150,75,0.0
854,3,10,150,75,0.0
855,3,10,150,75,0.0
856,3,10,150,75,0.0
857,3,10,150,75,0.0
858,3,10,150,75,0.0
859,3,10,150,75,0.0
860,3,10,150,75,0.0
861,3,10,150,75,0.12754356661958802
862,3,10,150,75,0.18279787522069124
863,3,10,150,75,0.0
864,3,10,150,75,0.19756506460263396
865,3,10,150,75,0.0
866,3,10,150,75,0.0
867,3,10,150,75,0.18752183128814004
868,3,10,150,75,0.0
870,3,10,150,75,0.0
871,3,10,150,75,0.0
872,3,10,150,75,0.0
875,3,10,150,75,0.1395953738647505
876,3,10,150,75,0.0
877,3,10,150,75,0.0
1,3,10,150,76,0.6247579375131872
2,3,10,150,76,0.10688238502350729
3,3,10,150,76,0.0
4,3,10,150,76,0.0
5,3,10,150,76,0.0819283960923954
6,3,10,150,76,0.05340978172012693
7,3,10,150,76,0.18131159542617614
8,3,10,150,76,0.1900735845235601
9,3,10,150,76,0.0
10,3,10,150,76,0.16409920264511527
11,3,10,150,76,0.049016076581777215
12,3,10,150,76,0.0923499676538464
13,3,10,150,76,0.22120800219454478
14,3,10,150,76,0.14623893181570033
15,3,10,150,76,0.0
16,3,10,150,76,0.23483909981095427
17,3,10,150,76,0.12066394366711926
18,3,10,150,76,0.18606782959057458
19,3,10,150,76,0.0
20,3,10,150,76,0.14530105135237878
21,3,10,150,76,0.05824963961462511
22,3,10,150,76,0.1468275080577048
23,3,10,150,76,0.18360000301566626
24,3,10,150,76,0.311062094929455
25,3,10,150,76,0.0
26,3,10,150,76,0.030421795212869307
28,3,10,150,76,0.0
29,3,10,150,76,0.0
30,3,10,150,76,0.0979129253499678
31,3,10,150,76,0.06076546216996844
32,3,10,150,76,0.0
33,3,10,150,76,0.0
34,3,10,150,76,0.0
35,3,10,150,76,0.07108348368841133
37,3,10,150,76,0.08836851842055818
38,3,10,150,76,0.03215366848272267
39,3,10,150,76,0.0
40,3,10,150,76,0.03963175841995263
41,3,10,150,76,0.0
42,3,10,150,76,0.14144963799422255
43,3,10,150,76,0.268915965453296
44,3,10,150,76,0.07698159974258616
45,3,10,150,76,0.04505000432618384
46,3,10,150,76,0.2524329124868603
47,3,10,150,76,0.0
48,3,10,150,76,0.191300388285999
49,3,10,150,76,0.08545966314334597
50,3,10,150,76,0.0
51,3,10,150,76,0.18953836965473142
52,3,10,150,76,0.04892579731758021
53,3,10,150,76,0.09546043308946733
54,3,10,150,76,0.07984133538066794
55,3,10,150,76,0.0
56,3,10,150,76,0.03975645576081676
57,3,10,150,76,0.03861141423677389
58,3,10,150,76,0.10796876451088402
59,3,10,150,76,0.1825401339226324
60,3,10,150,76,0.12123807080432077
61,3,10,150,76,0.0
62,3,10,150,76,0.056765939954965754
63,3,10,150,76,0.03554915059547175
64,3,10,150,76,0.0
65,3,10,150,76,0.2994759515353249
66,3,10,150,76,0.0
67,3,10,150,76,0.0
68,3,10,150,76,0.0
69,3,10,150,76,0.18013245110732332
70,3,10,150,76,0.04310441109649134
71,3,10,150,76,0.1434649426280276
72,3,10,150,76,0.16084022171949366
73,3,10,150,76,0.051960280791503534
74,3,10,150,76,0.0
75,3,10,150,76,0.11731968150568911
76,3,10,150,76,0.14804398249667974
77,3,10,150,76,0.45287742747371695
78,3,10,150,76,0.0
79,3,10,150,76,0.0
80,3,10,150,76,0.08297572808511901
81,3,10,150,76,0.0
82,3,10,150,76,0.08926877557705373
83,3,10,150,76,0.04630610387058298
84,3,10,150,76,0.0
85,3,10,150,76,0.06966660916502733
86,3,10,150,76,0.07738888769495082
87,3,10,150,76,0.10058161863664324
88,3,10,150,76,0.0
89,3,10,150,76,0.22860031301980846
90,3,10,150,76,0.2386569480666451
91,3,10,150,76,0.13114221140465185
92,3,10,150,76,0.03690254550997565
93,3,10,150,76,0.0
94,3,10,150,76,0.19025030646477453
95,3,10,150,76,0.07964436720215591
96,3,10,150,76,0.19186450284072096
97,3,10,150,76,0.1324047882275468
98,3,10,150,76,0.08878770367712427
99,3,10,150,76,0.029785542524894418
100,3,10,150,76,0.0892789338684584
101,3,10,150,76,0.0
102,3,10,150,76,0.026001814664123827
103,3,10,150,76,0.07673373981757839
104,3,10,150,76,0.12171451575741458
106,3,10,150,76,0.05261577455142312
107,3,10,150,76,0.0
108,3,10,150,76,0.0
109,3,10,150,76,0.11259960483764554
110,3,10,150,76,0.06422488523189442
111,3,10,150,76,0.0
112,3,10,150,76,0.06510475888148554
113,3,10,150,76,0.05449144662575446
114,3,10,150,76,0.07610811271330754
115,3,10,150,76,0.046806851959664796
116,3,10,150,76,0.07814915695077672
117,3,10,150,76,0.10135360124281675
118,3,10,150,76,0.0
119,3,10,150,76,0.0857501853120467
121,3,10,150,76,0.06245141164382474
122,3,10,150,76,0.07625852881342107
123,3,10,150,76,0.46927872602275644
124,3,10,150,76,0.10889376106823218
125,3,10,150,76,0.1758278598077621
126,3,10,150,76,0.0
127,3,10,150,76,0.0
128,3,10,150,76,0.047777554739453616
129,3,10,150,76,0.0
130,3,10,150,76,0.11207058154636457
131,3,10,150,76,0.2803335894048546
132,3,10,150,76,0.1431991570830273
133,3,10,150,76,0.0
134,3,10,150,76,0.0
135,3,10,150,76,0.0
136,3,10,150,76,0.40257390286801836
137,3,10,150,76,0.0
138,3,10,150,76,0.21222747957761057
139,3,10,150,76,0.0
140,3,10,150,76,0.0
141,3,10,150,76,0.20239191246999313
142,3,10,150,76,0.30260241349881345
143,3,10,150,76,0.0
144,3,10,150,76,0.2143720535700613
145,3,10,150,76,0.09165098986747319
146,3,10,150,76,0.0
147,3,10,150,76,0.07610811271330754
148,3,10,150,76,0.10419221525731585
149,3,10,150,76,0.05446824630887794
150,3,10,150,76,0.0
151,3,10,150,76,0.16194309002265503
152,3,10,150,76,0.048689109753478024
153,3,10,150,76,0.06516188295518531
154,3,10,150,76,0.055100238151135045
155,3,10,150,76,0.0
156,3,10,150,76,0.07028063830038406
157,3,10,150,76,0.05840183867278569
158,3,10,150,76,0.07413972351842125
159,3,10,150,76,0.11026617795298452
160,3,10,150,76,0.08815843064600337
161,3,10,150,76,0.0
162,3,10,150,76,0.0
163,3,10,150,76,0.0
164,3,10,150,76,0.0
165,3,10,150,76,0.09149012142095872
166,3,10,150,76,0.0
167,3,10,150,76,0.03395822402998728
168,3,10,150,76,0.0
169,3,10,150,76,0.055427457405235275
170,3,10,150,76,0.0
171,3,10,150,76,0.0
172,3,10,150,76,0.0
173,3,10,150,76,0.0
174,3,10,150,76,0.07752093421921306
175,3,10,150,76,0.4413254197204702
176,3,10,150,76,0.0347693136731627
177,3,10,150,76,0.0
178,3,10,150,76,0.18053947820976404
179,3,10,150,76,0.06599888514927177
180,3,10,150,76,0.0
181,3,10,150,76,0.04622579729077891
182,3,10,150,76,0.13120507751234178
183,3,10,150,76,0.0
184,3,10,150,76,0.016355592358211265
185,3,10,150,76,0.0
186,3,10,150,76,0.0
187,3,10,150,76,0.2004102107997965
188,3,10,150,76,0.026527518023781966
189,3,10,150,76,0.22982757951573698
190,3,10,150,76,0.0
191,3,10,150,76,0.07335312372354855
192,3,10,150,76,0.0
193,3,10,150,76,0.0
194,3,10,150,76,0.0860257611411915
195,3,10,150,76,0.10257737475069033
196,3,10,150,76,0.17342765698823945
197,3,10,150,76,0.07304192939088519
198,3,10,150,76,0.10387325901274824
199,3,10,150,76,0.052106753859569234
200,3,10,150,76,0.0971420957831845
201,3,10,150,76,0.25590835195750156
202,3,10,150,76,0.0
203,3,10,150,76,0.0
204,3,10,150,76,0.0
205,3,10,150,76,0.11600766930798434
206,3,10,150,76,0.0
207,3,10,150,76,0.1350726832587444
208,3,10,150,76,0.0
209,3,10,150,76,0.070675417981692
210,3,10,150,76,0.0
211,3,10,150,76,0.0
212,3,10,150,76,0.0559167101555819
213,3,10,150,76,0.08985507164305877
214,3,10,150,76,0.1257260924843343
215,3,10,150,76,0.157288596461893
216,3,10,150,76,0.27735230728218535
217,3,10,150,76,0.13000004444613666
218,3,10,150,76,0.06323567569191428
219,3,10,150,76,0.0
220,3,10,150,76,0.07807600999842033
221,3,10,150,76,0.12213234467515617
222,3,10,150,76,0.1483732210811898
223,3,10,150,76,0.039270700903099615
224,3,10,150,76,0.026212432283247895
225,3,10,150,76,0.09311209812195972
226,3,10,150,76,0.0
227,3,10,150,76,0.0
229,3,10,150,76,0.0
230,3,10,150,76,0.1697995249867118
231,3,10,150,76,0.0
232,3,10,150,76,0.0
233,3,10,150,76,0.20123780419810608
234,3,10,150,76,0.17255590790960193
235,3,10,150,76,0.08312042273022706
236,3,10,150,76,0.12127042983235181
237,3,10,150,76,0.04776398023609584
238,3,10,150,76,0.0
239,3,10,150,76,0.14738301924206398
240,3,10,150,76,0.10235170428306553
241,3,10,150,76,0.1381300260171807
242,3,10,150,76,0.0
243,3,10,150,76,0.0
244,3,10,150,76,0.15017336350566032
245,3,10,150,76,0.0
246,3,10,150,76,0.08356426880363813
247,3,10,150,76,0.15642624200758548
248,3,10,150,76,0.23451355966072135
249,3,10,150,76,0.3296200475575061
250,3,10,150,76,0.07806699296748765
251,3,10,150,76,0.0
252,3,10,150,76,0.07630862162354303
253,3,10,150,76,0.038220360097248454
254,3,10,150,76,0.036502603141236205
255,3,10,150,76,0.10933464083642679
256,3,10,150,76,0.0681239071992697
257,3,10,150,76,0.12830873359117523
258,3,10,150,76,0.16260831227163416
259,3,10,150,76,0.0
260,3,10,150,76,0.0
261,3,10,150,76,0.0
262,3,10,150,76,0.0
263,3,10,150,76,0.36030713075223775
264,3,10,150,76,0.3852510465367394
265,3,10,150,76,0.19802572813668026
266,3,10,150,76,0.0
267,3,10,150,76,0.22898927482035836
268,3,10,150,76,0.10827784002385153
269,3,10,150,76,0.040019695500760184
270,3,10,150,76,0.049915567102790354
271,3,10,150,76,0.10729393508609222
272,3,10,150,76,0.10457492829503848
273,3,10,150,76,0.0
274,3,10,150,76,0.0
275,3,10,150,76,0.0
276,3,10,150,76,0.1744908345996053
277,3,10,150,76,0.0
278,3,10,150,76,0.0
279,3,10,150,76,0.11910385967976722
280,3,10,150,76,0.07316593591075989
281,3,10,150,76,0.0
282,3,10,150,76,0.09659953929285248
283,3,10,150,76,0.0
284,3,10,150,76,0.0
285,3,10,150,76,0.0
286,3,10,150,76,0.016140534521312585
287,3,10,150,76,0.0
288,3,10,150,76,0.13999259891013252
289,3,10,150,76,0.0
290,3,10,150,76,0.09647783930421741
291,3,10,150,76,0.17775326828407884
292,3,10,150,76,0.27665227928348557
293,3,10,150,76,0.11343606861853027
294,3,10,150,76,0.09628038570550856
295,3,10,150,76,0.15956840344924803
296,3,10,150,76,0.15701688667375013
297,3,10,150,76,0.030868393892711742
298,3,10,150,76,0.13814728270261697
299,3,10,150,76,0.07694316572383303
300,3,10,150,76,0.0
301,3,10,150,76,0.1296575124303738
302,3,10,150,76,0.07335312372354855
303,3,10,150,76,0.17978154785217412
304,3,10,150,76,0.0
305,3,10,150,76,0.05428021340641747
306,3,10,150,76,0.0
307,3,10,150,76,0.13128644747266613
308,3,10,150,76,0.05707430901002984
309,3,10,150,76,0.0
310,3,10,150,76,0.2890648263178879
311,3,10,150,76,0.17512035582237062
312,3,10,150,76,0.16963857451199318
313,3,10,150,76,0.09586943528179451
314,3,10,150,76,0.10507089418815024
315,3,10,150,76,0.09785159463516042
316,3,10,150,76,0.06076546216996844
317,3,10,150,76,0.0
318,3,10,150,76,0.07377376675297492
319,3,10,150,76,0.0
320,3,10,150,76,0.08947300054212491
321,3,10,150,76,0.08223795175588802
322,3,10,150,76,0.07955752067133452
323,3,10,150,76,0.12229181918924699
324,3,10,150,76,0.0
325,3,10,150,76,0.0
326,3,10,150,76,0.10817904857938596
327,3,10,150,76,0.015483922344753005
328,3,10,150,76,0.1253761246808089
329,3,10,150,76,0.056720838976548935
330,3,10,150,76,0.3028509129070748
331,3,10,150,76,0.0
332,3,10,150,76,0.1160620536137697
333,3,10,150,76,0.0
334,3,10,150,76,0.14660842569240642
335,3,10,150,76,0.0
336,3,10,150,76,0.0
337,3,10,150,76,0.2325689761571779
338,3,10,150,76,0.08388555279643939
339,3,10,150,76,0.1856477756884163
340,3,10,150,76,0.12647135138382856
341,3,10,150,76,0.0
342,3,10,150,76,0.15381739323016694
343,3,10,150,76,0.35449693766486445
344,3,10,150,76,0.13804010954782428
345,3,10,150,76,0.1302817386077542
346,3,10,150,76,0.1264086027263655
347,3,10,150,76,0.09642724089192412
348,3,10,150,76,0.0
349,3,10,150,76,0.07123530534387781
350,3,10,150,76,0.2314071217459096
351,3,10,150,76,0.0
352,3,10,150,76,0.16282653392890226
353,3,10,150,76,0.09489642549953911
354,3,10,150,76,0.048823562593396645
355,3,10,150,76,0.05122871476979503
356,3,10,150,76,0.0
357,3,10,150,76,0.03371865946438579
358,3,10,150,76,0.26730206653594746
359,3,10,150,76,0.14341929980357182
360,3,10,150,76,0.13132846997338612
361,3,10,150,76,0.0
362,3,10,150,76,0.0
363,3,10,150,76,0.1867805234163032
364,3,10,150,76,0.0
365,3,10,150,76,0.0989084497079971
366,3,10,150,76,0.10684080426179023
367,3,10,150,76,0.1410054764628891
368,3,10,150,76,0.0
369,3,10,150,76,0.0
370,3,10,150,76,0.045683428159663184
371,3,10,150,76,0.174231549865924
372,3,10,150,76,0.13528214995015655
373,3,10,150,76,0.18128610071101886
374,3,10,150,76,0.1523273086076386
375,3,10,150,76,0.0
376,3,10,150,76,0.0
377,3,10,150,76,0.053168340515114924
378,3,10,150,76,0.053263484749357055
379,3,10,150,76,0.16693258363041708
380,3,10,150,76,0.0
381,3,10,150,76,0.08294243278442993
382,3,10,150,76,0.13500098315004241
383,3,10,150,76,0.03539807129574854
384,3,10,150,76,0.08759200575528697
385,3,10,150,76,0.1546778125427113
386,3,10,150,76,0.0
387,3,10,150,76,0.03814967334348895
388,3,10,150,76,0.029785542524894418
389,3,10,150,76,0.13183633031089573
390,3,10,150,76,0.2691365333037713
391,3,10,150,76,0.298074760835303
392,3,10,150,76,0.10835852340243231
393,3,10,150,76,0.18186107271253835
394,3,10,150,76,0.12900206501129066
395,3,10,150,76,0.15727036710905312
396,3,10,150,76,0.0
397,3,10,150,76,0.12905531436930254
398,3,10,150,76,0.12204637821038242
399,3,10,150,76,0.05509887073092855
400,3,10,150,76,0.0
401,3,10,150,76,0.0
402,3,10,150,76,0.469779625693621
403,3,10,150,76,0.0
404,3,10,150,76,0.0
405,3,10,150,76,0.2233205630334815
406,3,10,150,76,0.1428233347987388
407,3,10,150,76,0.09829598418977777
408,3,10,150,76,0.12083071655728543
409,3,10,150,76,0.15086419336317547
410,3,10,150,76,0.0
411,3,10,150,76,0.1128999930808451
412,3,10,150,76,0.0
413,3,10,150,76,0.10122860821230018
414,3,10,150,76,0.0
415,3,10,150,76,0.07605458145297357
416,3,10,150,76,0.29954575521404136
417,3,10,150,76,0.05712516951520643
418,3,10,150,76,0.07001560573318603
419,3,10,150,76,0.26168079122473237
420,3,10,150,76,0.0527075128660253
421,3,10,150,76,0.202729931306865
422,3,10,150,76,0.0
423,3,10,150,76,0.0
424,3,10,150,76,0.13291000263869587
425,3,10,150,76,0.015224331423152564
426,3,10,150,76,0.10004388309532918
427,3,10,150,76,0.0
428,3,10,150,76,0.0
429,3,10,150,76,0.13095557120009788
430,3,10,150,76,0.062242588308449316
431,3,10,150,76,0.0
432,3,10,150,76,0.05253723007572906
433,3,10,150,76,0.0
434,3,10,150,76,0.25803884452092735
435,3,10,150,76,0.20462614722309147
436,3,10,150,76,0.09291494561763272
437,3,10,150,76,0.07387863190475343
438,3,10,150,76,0.0
439,3,10,150,76,0.0
440,3,10,150,76,0.10025741859697787
441,3,10,150,76,0.0
442,3,10,150,76,0.07714204292933528
443,3,10,150,76,0.056720838976548935
444,3,10,150,76,0.19519002499605084
445,3,10,150,76,0.0
446,3,10,150,76,0.0
447,3,10,150,76,0.09914294517496557
448,3,10,150,76,0.0
449,3,10,150,76,0.0
450,3,10,150,76,0.316908964152598
451,3,10,150,76,0.0
452,3,10,150,76,0.048188247044562364
453,3,10,150,76,0.14969815781875853
454,3,10,150,76,0.0
455,3,10,150,76,0.2223859147540445
456,3,10,150,76,0.18931496347604157
457,3,10,150,76,0.36238463914482993
458,3,10,150,76,0.12059750656999586
459,3,10,150,76,0.04901586605894737
460,3,10,150,76,0.0
461,3,10,150,76,0.10778915452451093
462,3,10,150,76,0.16728714615527887
463,3,10,150,76,0.1032589365938857
464,3,10,150,76,0.091470579054696
465,3,10,150,76,0.0733934381893728
466,3,10,150,76,0.0750834162528243
467,3,10,150,76,0.032842167909375275
468,3,10,150,76,0.4424763580282471
469,3,10,150,76,0.08625887094910875
470,3,10,150,76,0.040162930685297936
471,3,10,150,76,0.0
472,3,10,150,76,0.26989864785316925
473,3,10,150,76,0.08903377327702097
474,3,10,150,76,0.3579474903787779
475,3,10,150,76,0.0
476,3,10,150,76,0.12097589732794561
477,3,10,150,76,0.0
478,3,10,150,76,0.2059565668593519
479,3,10,150,76,0.07893633843817272
480,3,10,150,76,0.0881980292211471
481,3,10,150,76,0.05234104579082298
482,3,10,150,76,0.15905893746943514
483,3,10,150,76,0.06194403202282284
484,3,10,150,76,0.32328976656649294
485,3,10,150,76,0.0
486,3,10,150,76,0.06108300840136219
487,3,10,150,76,0.10060724527338907
488,3,10,150,76,0.05887472794707303
489,3,10,150,76,0.0
490,3,10,150,76,0.06490403551612171
491,3,10,150,76,0.17758207479178334
492,3,10,150,76,0.12925417913024104
493,3,10,150,76,0.26530843853655434
494,3,10,150,76,0.15581531016292202
495,3,10,150,76,0.142346942264849
496,3,10,150,76,0.07271211160102074
497,3,10,150,76,0.07810188140590023
498,3,10,150,76,0.0343217267714905
499,3,10,150,76,0.1775756306140374
500,3,10,150,76,0.04698773570888995
501,3,10,150,76,0.0
502,3,10,150,76,0.03272632263321488
503,3,10,150,76,0.2768332968914173
504,3,10,150,76,0.09794337990609951
505,3,10,150,76,0.025255271126572616
506,3,10,150,76,0.16119309772585624
507,3,10,150,76,0.02579743633593384
508,3,10,150,76,0.2124218923765955
509,3,10,150,76,0.0
510,3,10,150,76,0.17032928501352598
511,3,10,150,76,0.12155021559723776
512,3,10,150,76,0.0
513,3,10,150,76,0.09761131800342168
514,3,10,150,76,0.20202473045271674
515,3,10,150,76,0.0
516,3,10,150,76,0.07947838320659593
517,3,10,150,76,0.03859643636257609
518,3,10,150,76,0.05268083714989503
519,3,10,150,76,0.034560204819110964
520,3,10,150,76,0.0
521,3,10,150,76,0.07649261318048692
522,3,10,150,76,0.2035192592417533
523,3,10,150,76,0.18941913248920814
524,3,10,150,76,0.051896266099836504
525,3,10,150,76,0.06516045994396072
526,3,10,150,76,0.052528565413809895
527,3,10,150,76,0.21068702285875093
528,3,10,150,76,0.1255942414278791
529,3,10,150,76,0.03208343640786788
530,3,10,150,76,0.0
531,3,10,150,76,0.0
532,3,10,150,76,0.18371995886077935
533,3,10,150,76,0.13077875588459684
534,3,10,150,76,0.10040759964046686
535,3,10,150,76,0.25224874540372827
536,3,10,150,76,0.19370572859880655
537,3,10,150,76,0.4544934194892065
538,3,10,150,76,0.09944592215223559
539,3,10,150,76,0.07086035994602148
540,3,10,150,76,0.0
541,3,10,150,76,0.0779170553370938
542,3,10,150,76,0.08543674999048095
543,3,10,150,76,0.009491824138500126
544,3,10,150,76,0.0
545,3,10,150,76,0.1627301445786375
546,3,10,150,76,0.1727529426032757
547,3,10,150,76,0.04528995543568932
548,3,10,150,76,0.08556622378188056
549,3,10,150,76,0.10184659627402569
550,3,10,150,76,0.0845667599404342
551,3,10,150,76,0.29423417390568524
552,3,10,150,76,0.0
553,3,10,150,76,0.13528660262448355
554,3,10,150,76,0.0
555,3,10,150,76,0.037070343480771185
556,3,10,150,76,0.2848749592866812
557,3,10,150,76,0.044530079137671444
558,3,10,150,76,0.21398626473452756
559,3,10,150,76,0.11571122630007512
560,3,10,150,76,0.13657262402833295
561,3,10,150,76,0.06683131051692852
562,3,10,150,76,0.1501964202441757
563,3,10,150,76,0.10791970824616881
564,3,10,150,76,0.0
565,3,10,150,76,0.2016297075493207
566,3,10,150,76,0.11935234359120704
567,3,10,150,76,0.3291468816048629
568,3,10,150,76,0.07161318866452264
569,3,10,150,76,0.023835426911994775
570,3,10,150,76,0.0
571,3,10,150,76,0.0512644431393966
572,3,10,150,76,0.30260241349881345
573,3,10,150,76,0.0
574,3,10,150,76,0.02529922263119915
575,3,10,150,76,0.13043262693172047
576,3,10,150,76,0.0
577,3,10,150,76,0.2017286250978881
578,3,10,150,76,0.0
579,3,10,150,76,0.06152644703210656
580,3,10,150,76,0.03144137376097698
581,3,10,150,76,0.0
582,3,10,150,76,0.06679511870650716
583,3,10,150,76,0.13912814892946682
584,3,10,150,76,0.20261715588288354
585,3,10,150,76,0.042225550968526857
586,3,10,150,76,0.0663945281096953
587,3,10,150,76,0.029230460362194715
588,3,10,150,76,0.2597550007722746
589,3,10,150,76,0.09905100598441088
590,3,10,150,76,0.19997970715667693
591,3,10,150,76,0.08651464973019597
592,3,10,150,76,0.3321705515182133
593,3,10,150,76,0.14271020042879362
594,3,10,150,76,0.0
595,3,10,150,76,0.055965373307784824
596,3,10,150,76,0.09803928583135704
597,3,10,150,76,0.02579743633593384
598,3,10,150,76,0.0
599,3,10,150,76,0.02506539947940475
600,3,10,150,76,0.13574631165894233
601,3,10,150,76,0.14661690295711607
602,3,10,150,76,0.041278922835426404
603,3,10,150,76,0.12541207695631323
604,3,10,150,76,0.0
605,3,10,150,76,0.20667237874233232
606,3,10,150,76,0.34290478193787194
607,3,10,150,76,0.0308875359117713
608,3,10,150,76,0.20657435219961784
609,3,10,150,76,0.0
610,3,10,150,76,0.12186625680881258
611,3,10,150,76,0.19680646538945382
612,3,10,150,76,0.09162544430476362
613,3,10,150,76,0.1652462050665711
614,3,10,150,76,0.1467868763787456
615,3,10,150,76,0.17368907358900634
616,3,10,150,76,0.030480958763669998
617,3,10,150,76,0.038287076928437726
618,3,10,150,76,0.11683084352533994
619,3,10,150,76,0.14795344439858116
620,3,10,150,76,0.24239278329353608
621,3,10,150,76,0.10569072181389248
622,3,10,150,76,0.16226113935431313
623,3,10,150,76,0.04214302778527282
624,3,10,150,76,0.03202992305603544
625,3,10,150,76,0.06672272773479279
626,3,10,150,76,0.07930828170886256
627,3,10,150,76,0.11471658297235718
628,3,10,150,76,0.0
629,3,10,150,76,0.3068593984808127
630,3,10,150,76,0.10834532177911152
631,3,10,150,76,0.13449792459172438
632,3,10,150,76,0.08348454970562778
633,3,10,150,76,0.050456115328747164
634,3,10,150,76,0.09692094009503625
635,3,10,150,76,0.0
636,3,10,150,76,0.4108031518056064
637,3,10,150,76,0.04188454685690797
638,3,10,150,76,0.05152901435389809
639,3,10,150,76,0.01070448204588216
640,3,10,150,76,0.16254564442204458
641,3,10,150,76,0.051358492238643604
642,3,10,150,76,0.2994942417888687
643,3,10,150,76,0.2234955460491307
644,3,10,150,76,0.023868766231572826
645,3,10,150,76,0.17744101704673967
646,3,10,150,76,0.11243817952384734
647,3,10,150,76,0.06590268968688952
648,3,10,150,76,0.25242268284875236
649,3,10,150,76,0.04336490181597879
650,3,10,150,76,0.11621838326070913
651,3,10,150,76,0.0
652,3,10,150,76,0.0
653,3,10,150,76,0.11933754163154246
654,3,10,150,76,0.05402442095740813
655,3,10,150,76,0.4601843995904189
656,3,10,150,76,0.0
657,3,10,150,76,0.2504953915210566
658,3,10,150,76,0.09988783377897062
659,3,10,150,76,0.10316660466587159
660,3,10,150,76,0.029061723342621113
661,3,10,150,76,0.22555433567053945
662,3,10,150,76,0.0
663,3,10,150,76,0.1250707809701198
664,3,10,150,76,0.2433808724049065
665,3,10,150,76,0.0637635876459061
666,3,10,150,76,0.11094449380635914
667,3,10,150,76,0.1487205698875683
668,3,10,150,76,0.0
669,3,10,150,76,0.2287469684999221
670,3,10,150,76,0.0
671,3,10,150,76,0.20598773756155325
672,3,10,150,76,0.07973520350569015
673,3,10,150,76,0.03236977394070781
674,3,10,150,76,0.0
675,3,10,150,76,0.0382580635535654
676,3,10,150,76,0.22358931366364498
677,3,10,150,76,0.10158983531347915
678,3,10,150,76,0.0
679,3,10,150,76,0.20531579536501102
680,3,10,150,76,0.022168697248564677
681,3,10,150,76,0.0
682,3,10,150,76,0.23878969578342554
683,3,10,150,76,0.045215225629604006
684,3,10,150,76,0.03158850394477252
685,3,10,150,76,0.20373936192022438
686,3,10,150,76,0.25246566572386453
687,3,10,150,76,0.0
688,3,10,150,76,0.0
689,3,10,150,76,0.429307082657261
690,3,10,150,76,0.24802939400095458
691,3,10,150,76,0.6023709850354425
692,3,10,150,76,0.03353522641880846
693,3,10,150,76,0.04711181933747839
694,3,10,150,76,0.21361709189247302
695,3,10,150,76,0.05816383356143395
696,3,10,150,76,0.08111636357522063
697,3,10,150,76,0.08316188759665785
698,3,10,150,76,0.0
699,3,10,150,76,0.052585582308339936
700,3,10,150,76,0.0
701,3,10,150,76,0.12271508523586225
702,3,10,150,76,0.0
703,3,10,150,76,0.21888235022994418
704,3,10,150,76,0.21554226999056822
705,3,10,150,76,0.2867207867777622
706,3,10,150,76,0.0
707,3,10,150,76,0.24406719218976228
708,3,10,150,76,0.03476299583640518
709,3,10,150,76,0.16604950811619162
710,3,10,150,76,0.25040922491354684
711,3,10,150,76,0.205821965486918
712,3,10,150,76,0.0709301463537875
713,3,10,150,76,0.0
714,3,10,150,76,0.1266607864485773
715,3,10,150,76,0.16860516623933322
716,3,10,150,76,0.2622185045372479
717,3,10,150,76,0.15218028545758808
718,3,10,150,76,0.0
719,3,10,150,76,0.10353175087921149
720,3,10,150,76,0.029886352638305778
721,3,10,150,76,0.12300822274420435
722,3,10,150,76,0.07401896317743158
723,3,10,150,76,0.0
724,3,10,150,76,0.0
725,3,10,150,76,0.04733244938590725
726,3,10,150,76,0.061080020762274374
727,3,10,150,76,0.0746680078059913
728,3,10,150,76,0.0
729,3,10,150,76,0.046534861017850544
730,3,10,150,76,0.0
731,3,10,150,76,0.1935015812983906
732,3,10,150,76,0.05717828980196049
733,3,10,150,76,0.020730875129846955
734,3,10,150,76,0.08131766139183766
735,3,10,150,76,0.08151055815578559
736,3,10,150,76,0.047009109882897075
737,3,10,150,76,0.12127716502890909
738,3,10,150,76,0.09907057054543131
739,3,10,150,76,0.18767092572990207
740,3,10,150,76,0.0523780734795101
741,3,10,150,76,0.09620963094643388
742,3,10,150,76,0.0527075128660253
743,3,10,150,76,0.1194783875505714
744,3,10,150,76,0.0
745,3,10,150,76,0.06774344219296054
746,3,10,150,76,0.24124954544361757
747,3,10,150,76,0.21701872484816548
748,3,10,150,76,0.04132344798443041
749,3,10,150,76,0.2912113466915729
750,3,10,150,76,0.18000575664763457
751,3,10,150,76,0.06407706415564705
752,3,10,150,76,0.08155432360208091
753,3,10,150,76,0.07079765724607746
754,3,10,150,76,0.0
755,3,10,150,76,0.0
756,3,10,150,76,0.044143057780823704
757,3,10,150,76,0.147510544719552
758,3,10,150,76,0.2719867233232901
759,3,10,150,76,0.04828669550714567
760,3,10,150,76,0.16006374561654185
761,3,10,150,76,0.17663858756688974
762,3,10,150,76,0.0
763,3,10,150,76,0.1361070514270778
764,3,10,150,76,0.04710969775183564
765,3,10,150,76,0.0966785411876802
766,3,10,150,76,0.035191004809260996
767,3,10,150,76,0.1269544353559099
768,3,10,150,76,0.09997171219938322
769,3,10,150,76,0.0
770,3,10,150,76,0.207274302223422
771,3,10,150,76,0.07363642524234874
772,3,10,150,76,0.038996699933076286
773,3,10,150,76,0.15659560794124947
774,3,10,150,76,0.0
775,3,10,150,76,0.0
776,3,10,150,76,0.04721006604760436
777,3,10,150,76,0.0
778,3,10,150,76,0.08961728720334347
779,3,10,150,76,0.0
780,3,10,150,76,0.1478701604202007
781,3,10,150,76,0.12572447169101508
782,3,10,150,76,0.0
783,3,10,150,76,0.07763399617214947
784,3,10,150,76,0.04582425041433568
785,3,10,150,76,0.2848262604068979
786,3,10,150,76,0.13901223847985233
787,3,10,150,76,0.0
788,3,10,150,76,0.046626370288649896
789,3,10,150,76,0.14531023848228133
790,3,10,150,76,0.08452117092278105
791,3,10,150,76,0.059480024314918285
792,3,10,150,76,0.0946587791577201
793,3,10,150,76,0.11843263243420837
794,3,10,150,76,0.1578863001786244
795,3,10,150,76,0.06886690743551852
796,3,10,150,76,0.08099728919732835
797,3,10,150,76,0.13905617951077562
798,3,10,150,76,0.02688415331260267
799,3,10,150,76,0.2836929289153804
800,3,10,150,76,0.0
801,3,10,150,76,0.0
802,3,10,150,76,0.05621908976192367
803,3,10,150,76,0.0
804,3,10,150,76,0.20994146470018396
805,3,10,150,76,0.1465319928812479
806,3,10,150,76,0.10606704841588428
807,3,10,150,76,0.20144273393048437
808,3,10,150,76,0.09905728133858463
809,3,10,150,76,0.0
810,3,10,150,76,0.0
811,3,10,150,76,0.1162989546852336
812,3,10,150,76,0.11600766930798434
813,3,10,150,76,0.06916902856231065
814,3,10,150,76,0.054181637470214
815,3,10,150,76,0.10380674919178415
816,3,10,150,76,0.10105367325027378
817,3,10,150,76,0.0
818,3,10,150,76,0.05187864210776578
819,3,10,150,76,0.0
820,3,10,150,76,0.12262943855309168
821,3,10,150,76,0.18684232150964158
822,3,10,150,76,0.0
823,3,10,150,76,0.14011732711290795
824,3,10,150,76,0.0
825,3,10,150,76,0.16434089815347858
826,3,10,150,76,0.1395338307503347
827,3,10,150,76,0.0
828,3,10,150,76,0.0
829,3,10,150,76,0.08143169212679746
830,3,10,150,76,0.15298484663625925
831,3,10,150,76,0.0800524392169327
832,3,10,150,76,0.06248152673860667
833,3,10,150,76,0.05828935682373833
834,3,10,150,76,0.0
835,3,10,150,76,0.131093662595089
836,3,10,150,76,0.05097554749895306
837,3,10,150,76,0.05351287869030783
838,3,10,150,76,0.08633629724227374
839,3,10,150,76,0.0
840,3,10,150,76,0.1518245759629103
841,3,10,150,76,0.0
842,3,10,150,76,0.0
843,3,10,150,76,0.04209275315645388
844,3,10,150,76,0.0
845,3,10,150,76,0.06531065216760332
846,3,10,150,76,0.14997953355821372
847,3,10,150,76,0.0
848,3,10,150,76,0.03618657486793958
849,3,10,150,76,0.07682358143005112
850,3,10,150,76,0.06228974831361337
851,3,10,150,76,0.2277008805972924
852,3,10,150,76,0.07256783117062009
853,3,10,150,76,0.0
854,3,10,150,76,0.0
855,3,10,150,76,0.0
856,3,10,150,76,0.0
857,3,10,150,76,0.0
858,3,10,150,76,0.0
859,3,10,150,76,0.0
860,3,10,150,76,0.0
861,3,10,150,76,0.12754356661958802
862,3,10,150,76,0.18279787522069124
863,3,10,150,76,0.0
864,3,10,150,76,0.19756506460263396
865,3,10,150,76,0.0
866,3,10,150,76,0.0
867,3,10,150,76,0.18752183128814004
868,3,10,150,76,0.0
870,3,10,150,76,0.0
871,3,10,150,76,0.0
872,3,10,150,76,0.0
875,3,10,150,76,0.1395953738647505
876,3,10,150,76,0.0
877,3,10,150,76,0.0
1,3,10,150,77,0.6247579375131872
2,3,10,150,77,0.10688238502350729
3,3,10,150,77,0.0
4,3,10,150,77,0.0
5,3,10,150,77,0.0819283960923954
6,3,10,150,77,0.05340978172012693
7,3,10,150,77,0.18131159542617614
8,3,10,150,77,0.1900735845235601
9,3,10,150,77,0.0
10,3,10,150,77,0.16409920264511527
11,3,10,150,77,0.049016076581777215
12,3,10,150,77,0.0923499676538464
13,3,10,150,77,0.21918450864911013
14,3,10,150,77,0.14623893181570033
15,3,10,150,77,0.0
16,3,10,150,77,0.23483909981095427
17,3,10,150,77,0.12066394366711926
18,3,10,150,77,0.18606782959057458
19,3,10,150,77,0.0
20,3,10,150,77,0.14530105135237878
21,3,10,150,77,0.05824963961462511
22,3,10,150,77,0.1468275080577048
23,3,10,150,77,0.18360000301566626
24,3,10,150,77,0.311062094929455
25,3,10,150,77,0.0
26,3,10,150,77,0.030421795212869307
28,3,10,150,77,0.0
29,3,10,150,77,0.0
30,3,10,150,77,0.0979129253499678
31,3,10,150,77,0.06076546216996844
32,3,10,150,77,0.0
33,3,10,150,77,0.0
34,3,10,150,77,0.0
35,3,10,150,77,0.07108348368841133
37,3,10,150,77,0.08836851842055818
38,3,10,150,77,0.03215366848272267
39,3,10,150,77,0.0
40,3,10,150,77,0.03963175841995263
41,3,10,150,77,0.0
42,3,10,150,77,0.14144963799422255
43,3,10,150,77,0.268915965453296
44,3,10,150,77,0.07698159974258616
45,3,10,150,77,0.04505000432618384
46,3,10,150,77,0.2524329124868603
47,3,10,150,77,0.0
48,3,10,150,77,0.191300388285999
49,3,10,150,77,0.08545966314334597
50,3,10,150,77,0.0
51,3,10,150,77,0.18953836965473142
52,3,10,150,77,0.04892579731758021
53,3,10,150,77,0.09546043308946733
54,3,10,150,77,0.07984133538066794
55,3,10,150,77,0.0
56,3,10,150,77,0.03975645576081676
57,3,10,150,77,0.07600688094360178
58,3,10,150,77,0.10796876451088402
59,3,10,150,77,0.1825401339226324
60,3,10,150,77,0.12123807080432077
61,3,10,150,77,0.0
62,3,10,150,77,0.056765939954965754
63,3,10,150,77,0.03554915059547175
64,3,10,150,77,0.0
65,3,10,150,77,0.2994759515353249
66,3,10,150,77,0.0
67,3,10,150,77,0.0
68,3,10,150,77,0.0
69,3,10,150,77,0.18013245110732332
70,3,10,150,77,0.04310441109649134
71,3,10,150,77,0.1434649426280276
72,3,10,150,77,0.16084022171949366
73,3,10,150,77,0.051960280791503534
74,3,10,150,77,0.0
75,3,10,150,77,0.11731968150568911
76,3,10,150,77,0.14804398249667974
77,3,10,150,77,0.45287742747371695
78,3,10,150,77,0.0
79,3,10,150,77,0.0
80,3,10,150,77,0.08297572808511901
81,3,10,150,77,0.0
82,3,10,150,77,0.08926877557705373
83,3,10,150,77,0.04630610387058298
84,3,10,150,77,0.0
85,3,10,150,77,0.06966660916502733
86,3,10,150,77,0.07738888769495082
87,3,10,150,77,0.10058161863664324
88,3,10,150,77,0.0
89,3,10,150,77,0.22860031301980846
90,3,10,150,77,0.2386569480666451
91,3,10,150,77,0.13114221140465185
92,3,10,150,77,0.03690254550997565
93,3,10,150,77,0.0
94,3,10,150,77,0.19025030646477453
95,3,10,150,77,0.07964436720215591
96,3,10,150,77,0.19186450284072096
97,3,10,150,77,0.1324047882275468
98,3,10,150,77,0.08878770367712427
99,3,10,150,77,0.029785542524894418
100,3,10,150,77,0.0892789338684584
101,3,10,150,77,0.0
102,3,10,150,77,0.026001814664123827
103,3,10,150,77,0.07673373981757839
104,3,10,150,77,0.12171451575741458
106,3,10,150,77,0.05261577455142312
107,3,10,150,77,0.0
108,3,10,150,77,0.0
109,3,10,150,77,0.11259960483764554
110,3,10,150,77,0.06422488523189442
111,3,10,150,77,0.0
112,3,10,150,77,0.06510475888148554
113,3,10,150,77,0.05449144662575446
114,3,10,150,77,0.07610811271330754
115,3,10,150,77,0.046806851959664796
116,3,10,150,77,0.07814915695077672
117,3,10,150,77,0.10135360124281675
118,3,10,150,77,0.0
119,3,10,150,77,0.0857501853120467
121,3,10,150,77,0.06245141164382474
122,3,10,150,77,0.07625852881342107
123,3,10,150,77,0.46927872602275644
124,3,10,150,77,0.10889376106823218
125,3,10,150,77,0.1758278598077621
126,3,10,150,77,0.0
127,3,10,150,77,0.0
128,3,10,150,77,0.047777554739453616
129,3,10,150,77,0.0
130,3,10,150,77,0.11207058154636457
131,3,10,150,77,0.2803335894048546
132,3,10,150,77,0.1431991570830273
133,3,10,150,77,0.0
134,3,10,150,77,0.0
135,3,10,150,77,0.0
136,3,10,150,77,0.40257390286801836
137,3,10,150,77,0.0
138,3,10,150,77,0.21222747957761057
139,3,10,150,77,0.0
140,3,10,150,77,0.0
141,3,10,150,77,0.20239191246999313
142,3,10,150,77,0.30260241349881345
143,3,10,150,77,0.0
144,3,10,150,77,0.2143720535700613
145,3,10,150,77,0.09165098986747319
146,3,10,150,77,0.0
147,3,10,150,77,0.07610811271330754
148,3,10,150,77,0.10419221525731585
149,3,10,150,77,0.05446824630887794
150,3,10,150,77,0.0
151,3,10,150,77,0.16194309002265503
152,3,10,150,77,0.048689109753478024
153,3,10,150,77,0.06516188295518531
154,3,10,150,77,0.055100238151135045
155,3,10,150,77,0.0
156,3,10,150,77,0.07028063830038406
157,3,10,150,77,0.05840183867278569
158,3,10,150,77,0.07413972351842125
159,3,10,150,77,0.11026617795298452
160,3,10,150,77,0.08815843064600337
161,3,10,150,77,0.0
162,3,10,150,77,0.0
163,3,10,150,77,0.0
164,3,10,150,77,0.0
165,3,10,150,77,0.09149012142095872
166,3,10,150,77,0.0
167,3,10,150,77,0.03395822402998728
168,3,10,150,77,0.0
169,3,10,150,77,0.055427457405235275
170,3,10,150,77,0.0
171,3,10,150,77,0.0
172,3,10,150,77,0.0
173,3,10,150,77,0.0
174,3,10,150,77,0.09877498173459962
175,3,10,150,77,0.4413254197204702
176,3,10,150,77,0.0347693136731627
177,3,10,150,77,0.0
178,3,10,150,77,0.18053947820976404
179,3,10,150,77,0.06599888514927177
180,3,10,150,77,0.0
181,3,10,150,77,0.04622579729077891
182,3,10,150,77,0.13120507751234178
183,3,10,150,77,0.0
184,3,10,150,77,0.016355592358211265
185,3,10,150,77,0.0
186,3,10,150,77,0.0
187,3,10,150,77,0.2004102107997965
188,3,10,150,77,0.026527518023781966
189,3,10,150,77,0.22982757951573698
190,3,10,150,77,0.0
191,3,10,150,77,0.07335312372354855
192,3,10,150,77,0.0
193,3,10,150,77,0.04024288246957146
194,3,10,150,77,0.0860257611411915
195,3,10,150,77,0.10257737475069033
196,3,10,150,77,0.17342765698823945
197,3,10,150,77,0.07304192939088519
198,3,10,150,77,0.10387325901274824
199,3,10,150,77,0.052106753859569234
200,3,10,150,77,0.0971420957831845
201,3,10,150,77,0.25590835195750156
202,3,10,150,77,0.0
203,3,10,150,77,0.0
204,3,10,150,77,0.0
205,3,10,150,77,0.11600766930798434
206,3,10,150,77,0.0
207,3,10,150,77,0.14873634097490912
208,3,10,150,77,0.0
209,3,10,150,77,0.070675417981692
210,3,10,150,77,0.0
211,3,10,150,77,0.0
212,3,10,150,77,0.0559167101555819
213,3,10,150,77,0.08985507164305877
214,3,10,150,77,0.1257260924843343
215,3,10,150,77,0.157288596461893
216,3,10,150,77,0.27735230728218535
217,3,10,150,77,0.13000004444613666
218,3,10,150,77,0.06323567569191428
219,3,10,150,77,0.0
220,3,10,150,77,0.07807600999842033
221,3,10,150,77,0.12213234467515617
222,3,10,150,77,0.1483732210811898
223,3,10,150,77,0.039270700903099615
224,3,10,150,77,0.026212432283247895
225,3,10,150,77,0.09311209812195972
226,3,10,150,77,0.0
227,3,10,150,77,0.0
229,3,10,150,77,0.0
230,3,10,150,77,0.1697995249867118
231,3,10,150,77,0.0
232,3,10,150,77,0.0
233,3,10,150,77,0.20123780419810608
234,3,10,150,77,0.17097745793302913
235,3,10,150,77,0.08312042273022706
236,3,10,150,77,0.12127042983235181
237,3,10,150,77,0.04776398023609584
238,3,10,150,77,0.0
239,3,10,150,77,0.14738301924206398
240,3,10,150,77,0.10235170428306553
241,3,10,150,77,0.1381300260171807
242,3,10,150,77,0.0
243,3,10,150,77,0.0
244,3,10,150,77,0.15017336350566032
245,3,10,150,77,0.0
246,3,10,150,77,0.08356426880363813
247,3,10,150,77,0.15642624200758548
248,3,10,150,77,0.23451355966072135
249,3,10,150,77,0.3296200475575061
250,3,10,150,77,0.07806699296748765
251,3,10,150,77,0.0
252,3,10,150,77,0.07630862162354303
253,3,10,150,77,0.038220360097248454
254,3,10,150,77,0.036502603141236205
255,3,10,150,77,0.10933464083642679
256,3,10,150,77,0.0681239071992697
257,3,10,150,77,0.12830873359117523
258,3,10,150,77,0.16260831227163416
259,3,10,150,77,0.0
260,3,10,150,77,0.0
261,3,10,150,77,0.0
262,3,10,150,77,0.0
263,3,10,150,77,0.36030713075223775
264,3,10,150,77,0.3852510465367394
265,3,10,150,77,0.19802572813668026
266,3,10,150,77,0.0
267,3,10,150,77,0.22898927482035836
268,3,10,150,77,0.10827784002385153
269,3,10,150,77,0.040019695500760184
270,3,10,150,77,0.049915567102790354
271,3,10,150,77,0.10729393508609222
272,3,10,150,77,0.10457492829503848
273,3,10,150,77,0.0
274,3,10,150,77,0.0
275,3,10,150,77,0.0
276,3,10,150,77,0.17289468493934443
277,3,10,150,77,0.0
278,3,10,150,77,0.0
279,3,10,150,77,0.11910385967976722
280,3,10,150,77,0.07316593591075989
281,3,10,150,77,0.0
282,3,10,150,77,0.09659953929285248
283,3,10,150,77,0.0
284,3,10,150,77,0.0
285,3,10,150,77,0.0
286,3,10,150,77,0.016140534521312585
287,3,10,150,77,0.0
288,3,10,150,77,0.13999259891013252
289,3,10,150,77,0.0
290,3,10,150,77,0.09647783930421741
291,3,10,150,77,0.17775326828407884
292,3,10,150,77,0.27665227928348557
293,3,10,150,77,0.11343606861853027
294,3,10,150,77,0.09628038570550856
295,3,10,150,77,0.15956840344924803
296,3,10,150,77,0.15701688667375013
297,3,10,150,77,0.030868393892711742
298,3,10,150,77,0.13814728270261697
299,3,10,150,77,0.07694316572383303
300,3,10,150,77,0.0
301,3,10,150,77,0.1296575124303738
302,3,10,150,77,0.07335312372354855
303,3,10,150,77,0.17978154785217412
304,3,10,150,77,0.0
305,3,10,150,77,0.05428021340641747
306,3,10,150,77,0.0
307,3,10,150,77,0.13128644747266613
308,3,10,150,77,0.05707430901002984
309,3,10,150,77,0.0
310,3,10,150,77,0.2890648263178879
311,3,10,150,77,0.17512035582237062
312,3,10,150,77,0.16963857451199318
313,3,10,150,77,0.09586943528179451
314,3,10,150,77,0.10507089418815024
315,3,10,150,77,0.09785159463516042
316,3,10,150,77,0.06076546216996844
317,3,10,150,77,0.0
318,3,10,150,77,0.07377376675297492
319,3,10,150,77,0.0
320,3,10,150,77,0.08947300054212491
321,3,10,150,77,0.08223795175588802
322,3,10,150,77,0.07955752067133452
323,3,10,150,77,0.12229181918924699
324,3,10,150,77,0.0
325,3,10,150,77,0.0
326,3,10,150,77,0.10817904857938596
327,3,10,150,77,0.015483922344753005
328,3,10,150,77,0.1253761246808089
329,3,10,150,77,0.056720838976548935
330,3,10,150,77,0.3028509129070748
331,3,10,150,77,0.0
332,3,10,150,77,0.1160620536137697
333,3,10,150,77,0.0
334,3,10,150,77,0.14660842569240642
335,3,10,150,77,0.0
336,3,10,150,77,0.0
337,3,10,150,77,0.2325689761571779
338,3,10,150,77,0.08388555279643939
339,3,10,150,77,0.1856477756884163
340,3,10,150,77,0.12647135138382856
341,3,10,150,77,0.0
342,3,10,150,77,0.15381739323016694
343,3,10,150,77,0.35449693766486445
344,3,10,150,77,0.13804010954782428
345,3,10,150,77,0.14462655322572632
346,3,10,150,77,0.1264086027263655
347,3,10,150,77,0.09642724089192412
348,3,10,150,77,0.0
349,3,10,150,77,0.07123530534387781
350,3,10,150,77,0.2314071217459096
351,3,10,150,77,0.0
352,3,10,150,77,0.16282653392890226
353,3,10,150,77,0.09489642549953911
354,3,10,150,77,0.048823562593396645
355,3,10,150,77,0.05122871476979503
356,3,10,150,77,0.0
357,3,10,150,77,0.03371865946438579
358,3,10,150,77,0.26730206653594746
359,3,10,150,77,0.14341929980357182
360,3,10,150,77,0.13132846997338612
361,3,10,150,77,0.0
362,3,10,150,77,0.0
363,3,10,150,77,0.1867805234163032
364,3,10,150,77,0.0
365,3,10,150,77,0.0989084497079971
366,3,10,150,77,0.10684080426179023
367,3,10,150,77,0.1410054764628891
368,3,10,150,77,0.0
369,3,10,150,77,0.0
370,3,10,150,77,0.045683428159663184
371,3,10,150,77,0.174231549865924
372,3,10,150,77,0.13528214995015655
373,3,10,150,77,0.18128610071101886
374,3,10,150,77,0.1523273086076386
375,3,10,150,77,0.0
376,3,10,150,77,0.0
377,3,10,150,77,0.053168340515114924
378,3,10,150,77,0.053263484749357055
379,3,10,150,77,0.16693258363041708
380,3,10,150,77,0.0
381,3,10,150,77,0.08294243278442993
382,3,10,150,77,0.13500098315004241
383,3,10,150,77,0.03539807129574854
384,3,10,150,77,0.08759200575528697
385,3,10,150,77,0.1546778125427113
386,3,10,150,77,0.0
387,3,10,150,77,0.03814967334348895
388,3,10,150,77,0.029785542524894418
389,3,10,150,77,0.13183633031089573
390,3,10,150,77,0.2691365333037713
391,3,10,150,77,0.298074760835303
392,3,10,150,77,0.10835852340243231
393,3,10,150,77,0.1893449739376805
394,3,10,150,77,0.12900206501129066
395,3,10,150,77,0.15727036710905312
396,3,10,150,77,0.0
397,3,10,150,77,0.12905531436930254
398,3,10,150,77,0.12204637821038242
399,3,10,150,77,0.05509887073092855
400,3,10,150,77,0.0
401,3,10,150,77,0.0
402,3,10,150,77,0.469779625693621
403,3,10,150,77,0.0
404,3,10,150,77,0.0
405,3,10,150,77,0.2212777449013252
406,3,10,150,77,0.1428233347987388
407,3,10,150,77,0.1106313931757508
408,3,10,150,77,0.12083071655728543
409,3,10,150,77,0.15086419336317547
410,3,10,150,77,0.0
411,3,10,150,77,0.1128999930808451
412,3,10,150,77,0.0
413,3,10,150,77,0.10122860821230018
414,3,10,150,77,0.0
415,3,10,150,77,0.07605458145297357
416,3,10,150,77,0.29680566942950953
417,3,10,150,77,0.05712516951520643
418,3,10,150,77,0.07001560573318603
419,3,10,150,77,0.26168079122473237
420,3,10,150,77,0.0527075128660253
421,3,10,150,77,0.202729931306865
422,3,10,150,77,0.0
423,3,10,150,77,0.0
424,3,10,150,77,0.13291000263869587
425,3,10,150,77,0.015224331423152564
426,3,10,150,77,0.10004388309532918
427,3,10,150,77,0.0
428,3,10,150,77,0.0
429,3,10,150,77,0.1297576590521049
430,3,10,150,77,0.062242588308449316
431,3,10,150,77,0.0
432,3,10,150,77,0.05253723007572906
433,3,10,150,77,0.0
434,3,10,150,77,0.25803884452092735
435,3,10,150,77,0.20275433569717327
436,3,10,150,77,0.09291494561763272
437,3,10,150,77,0.07387863190475343
438,3,10,150,77,0.0
439,3,10,150,77,0.0
440,3,10,150,77,0.10025741859697787
441,3,10,150,77,0.0
442,3,10,150,77,0.07714204292933528
443,3,10,150,77,0.056720838976548935
444,3,10,150,77,0.19519002499605084
445,3,10,150,77,0.0
446,3,10,150,77,0.0
447,3,10,150,77,0.09914294517496557
448,3,10,150,77,0.0
449,3,10,150,77,0.0
450,3,10,150,77,0.31401004893664125
451,3,10,150,77,0.0
452,3,10,150,77,0.048188247044562364
453,3,10,150,77,0.14969815781875853
454,3,10,150,77,0.0
455,3,10,150,77,0.2223859147540445
456,3,10,150,77,0.18931496347604157
457,3,10,150,77,0.36238463914482993
458,3,10,150,77,0.12059750656999586
459,3,10,150,77,0.04901586605894737
460,3,10,150,77,0.0
461,3,10,150,77,0.10778915452451093
462,3,10,150,77,0.16728714615527887
463,3,10,150,77,0.1032589365938857
464,3,10,150,77,0.091470579054696
465,3,10,150,77,0.0733934381893728
466,3,10,150,77,0.0750834162528243
467,3,10,150,77,0.032842167909375275
468,3,10,150,77,0.4424763580282471
469,3,10,150,77,0.08625887094910875
470,3,10,150,77,0.040162930685297936
471,3,10,150,77,0.0
472,3,10,150,77,0.26989864785316925
473,3,10,150,77,0.08903377327702097
474,3,10,150,77,0.3546731764787365
475,3,10,150,77,0.0
476,3,10,150,77,0.12097589732794561
477,3,10,150,77,0.0
478,3,10,150,77,0.2059565668593519
479,3,10,150,77,0.07893633843817272
480,3,10,150,77,0.0881980292211471
481,3,10,150,77,0.05234104579082298
482,3,10,150,77,0.15905893746943514
483,3,10,150,77,0.06194403202282284
484,3,10,150,77,0.32328976656649294
485,3,10,150,77,0.0
486,3,10,150,77,0.06108300840136219
487,3,10,150,77,0.10060724527338907
488,3,10,150,77,0.05887472794707303
489,3,10,150,77,0.01817039221934929
490,3,10,150,77,0.06490403551612171
491,3,10,150,77,0.17758207479178334
492,3,10,150,77,0.12925417913024104
493,3,10,150,77,0.26530843853655434
494,3,10,150,77,0.15581531016292202
495,3,10,150,77,0.142346942264849
496,3,10,150,77,0.07271211160102074
497,3,10,150,77,0.07810188140590023
498,3,10,150,77,0.0343217267714905
499,3,10,150,77,0.1775756306140374
500,3,10,150,77,0.04698773570888995
501,3,10,150,77,0.0
502,3,10,150,77,0.03272632263321488
503,3,10,150,77,0.2768332968914173
504,3,10,150,77,0.09794337990609951
505,3,10,150,77,0.025255271126572616
506,3,10,150,77,0.16119309772585624
507,3,10,150,77,0.02579743633593384
508,3,10,150,77,0.2124218923765955
509,3,10,150,77,0.0
510,3,10,150,77,0.17032928501352598
511,3,10,150,77,0.12155021559723776
512,3,10,150,77,0.0
513,3,10,150,77,0.09761131800342168
514,3,10,150,77,0.20202473045271674
515,3,10,150,77,0.0
516,3,10,150,77,0.07947838320659593
517,3,10,150,77,0.03859643636257609
518,3,10,150,77,0.05268083714989503
519,3,10,150,77,0.034560204819110964
520,3,10,150,77,0.0
521,3,10,150,77,0.07649261318048692
522,3,10,150,77,0.2035192592417533
523,3,10,150,77,0.18941913248920814
524,3,10,150,77,0.05142154656689292
525,3,10,150,77,0.06516045994396072
526,3,10,150,77,0.052528565413809895
527,3,10,150,77,0.21068702285875093
528,3,10,150,77,0.1255942414278791
529,3,10,150,77,0.03208343640786788
530,3,10,150,77,0.0
531,3,10,150,77,0.0
532,3,10,150,77,0.1820393860639808
533,3,10,150,77,0.13077875588459684
534,3,10,150,77,0.10040759964046686
535,3,10,150,77,0.25224874540372827
536,3,10,150,77,0.19370572859880655
537,3,10,150,77,0.4594834245238568
538,3,10,150,77,0.09944592215223559
539,3,10,150,77,0.07086035994602148
540,3,10,150,77,0.0
541,3,10,150,77,0.0779170553370938
542,3,10,150,77,0.08543674999048095
543,3,10,150,77,0.009491824138500126
544,3,10,150,77,0.0
545,3,10,150,77,0.1627301445786375
546,3,10,150,77,0.1727529426032757
547,3,10,150,77,0.04528995543568932
548,3,10,150,77,0.08556622378188056
549,3,10,150,77,0.10184659627402569
550,3,10,150,77,0.0845667599404342
551,3,10,150,77,0.2915426756513823
552,3,10,150,77,0.0
553,3,10,150,77,0.13528660262448355
554,3,10,150,77,0.0
555,3,10,150,77,0.037070343480771185
556,3,10,150,77,0.2848749592866812
557,3,10,150,77,0.044530079137671444
558,3,10,150,77,0.21398626473452756
559,3,10,150,77,0.11571122630007512
560,3,10,150,77,0.13657262402833295
561,3,10,150,77,0.07536744303129406
562,3,10,150,77,0.16880427191129663
563,3,10,150,77,0.10791970824616881
564,3,10,150,77,0.0
565,3,10,150,77,0.2016297075493207
566,3,10,150,77,0.11935234359120704
567,3,10,150,77,0.3291468816048629
568,3,10,150,77,0.07161318866452264
569,3,10,150,77,0.023835426911994775
570,3,10,150,77,0.0
571,3,10,150,77,0.0512644431393966
572,3,10,150,77,0.30260241349881345
573,3,10,150,77,0.0
574,3,10,150,77,0.02529922263119915
575,3,10,150,77,0.13043262693172047
576,3,10,150,77,0.0
577,3,10,150,77,0.2017286250978881
578,3,10,150,77,0.0
579,3,10,150,77,0.06152644703210656
580,3,10,150,77,0.03144137376097698
581,3,10,150,77,0.0
582,3,10,150,77,0.06679511870650716
583,3,10,150,77,0.13912814892946682
584,3,10,150,77,0.20261715588288354
585,3,10,150,77,0.042225550968526857
586,3,10,150,77,0.0663945281096953
587,3,10,150,77,0.029230460362194715
588,3,10,150,77,0.2573788997169664
589,3,10,150,77,0.09905100598441088
590,3,10,150,77,0.19997970715667693
591,3,10,150,77,0.08651464973019597
592,3,10,150,77,0.32913203139094666
593,3,10,150,77,0.14271020042879362
594,3,10,150,77,0.0
595,3,10,150,77,0.055965373307784824
596,3,10,150,77,0.09803928583135704
597,3,10,150,77,0.02579743633593384
598,3,10,150,77,0.0
599,3,10,150,77,0.02506539947940475
600,3,10,150,77,0.13574631165894233
601,3,10,150,77,0.14661690295711607
602,3,10,150,77,0.041278922835426404
603,3,10,150,77,0.12541207695631323
604,3,10,150,77,0.0
605,3,10,150,77,0.20667237874233232
606,3,10,150,77,0.3397680707607612
607,3,10,150,77,0.0308875359117713
608,3,10,150,77,0.20657435219961784
609,3,10,150,77,0.0
610,3,10,150,77,0.12186625680881258
611,3,10,150,77,0.19680646538945382
612,3,10,150,77,0.09162544430476362
613,3,10,150,77,0.1652462050665711
614,3,10,150,77,0.1467868763787456
615,3,10,150,77,0.17368907358900634
616,3,10,150,77,0.030480958763669998
617,3,10,150,77,0.0539699203856165
618,3,10,150,77,0.11576213689883508
619,3,10,150,77,0.14795344439858116
620,3,10,150,77,0.24239278329353608
621,3,10,150,77,0.10569072181389248
622,3,10,150,77,0.16226113935431313
623,3,10,150,77,0.04214302778527282
624,3,10,150,77,0.03202992305603544
625,3,10,150,77,0.06672272773479279
626,3,10,150,77,0.07930828170886256
627,3,10,150,77,0.11471658297235718
628,3,10,150,77,0.0
629,3,10,150,77,0.3068593984808127
630,3,10,150,77,0.10834532177911152
631,3,10,150,77,0.13449792459172438
632,3,10,150,77,0.08348454970562778
633,3,10,150,77,0.050456115328747164
634,3,10,150,77,0.09692094009503625
635,3,10,150,77,0.0
636,3,10,150,77,0.4108031518056064
637,3,10,150,77,0.04188454685690797
638,3,10,150,77,0.05152901435389809
639,3,10,150,77,0.01070448204588216
640,3,10,150,77,0.16254564442204458
641,3,10,150,77,0.051358492238643604
642,3,10,150,77,0.29675462722184387
643,3,10,150,77,0.2214511272651028
644,3,10,150,77,0.023868766231572826
645,3,10,150,77,0.17744101704673967
646,3,10,150,77,0.11243817952384734
647,3,10,150,77,0.06590268968688952
648,3,10,150,77,0.25011365395107016
649,3,10,150,77,0.04336490181597879
650,3,10,150,77,0.11515527909605024
651,3,10,150,77,0.0
652,3,10,150,77,0.0
653,3,10,150,77,0.12739337497634143
654,3,10,150,77,0.05402442095740813
655,3,10,150,77,0.46512234655579604
656,3,10,150,77,0.0
657,3,10,150,77,0.2504953915210566
658,3,10,150,77,0.09988783377897062
659,3,10,150,77,0.10222289125326997
660,3,10,150,77,0.028795882102613517
661,3,10,150,77,0.22555433567053945
662,3,10,150,77,0.0
663,3,10,150,77,0.1250707809701198
664,3,10,150,77,0.2433808724049065
665,3,10,150,77,0.0637635876459061
666,3,10,150,77,0.10992963238682854
667,3,10,150,77,0.1487205698875683
668,3,10,150,77,0.0
669,3,10,150,77,0.2287469684999221
670,3,10,150,77,0.0271437232396382
671,3,10,150,77,0.20598773756155325
672,3,10,150,77,0.07973520350569015
673,3,10,150,77,0.03236977394070781
674,3,10,150,77,0.0
675,3,10,150,77,0.0382580635535654
676,3,10,150,77,0.22358931366364498
677,3,10,150,77,0.10158983531347915
678,3,10,150,77,0.0
679,3,10,150,77,0.20531579536501102
680,3,10,150,77,0.022168697248564677
681,3,10,150,77,0.0
682,3,10,150,77,0.23660537422479985
683,3,10,150,77,0.045215225629604006
684,3,10,150,77,0.03158850394477252
685,3,10,150,77,0.20373936192022438
686,3,10,150,77,0.2681485091810433
687,3,10,150,77,0.0
688,3,10,150,77,0.0
689,3,10,150,77,0.429307082657261
690,3,10,150,77,0.24802939400095458
691,3,10,150,77,0.6023709850354425
692,3,10,150,77,0.03353522641880846
693,3,10,150,77,0.04711181933747839
694,3,10,150,77,0.21361709189247302
695,3,10,150,77,0.05816383356143395
696,3,10,150,77,0.08111636357522063
697,3,10,150,77,0.08316188759665785
698,3,10,150,77,0.0
699,3,10,150,77,0.06266837015218314
700,3,10,150,77,0.0
701,3,10,150,77,0.12271508523586225
702,3,10,150,77,0.0
703,3,10,150,77,0.21888235022994418
704,3,10,150,77,0.21554226999056822
705,3,10,150,77,0.2867207867777622
706,3,10,150,77,0.0
707,3,10,150,77,0.25098206480834434
708,3,10,150,77,0.03476299583640518
709,3,10,150,77,0.16604950811619162
710,3,10,150,77,0.25040922491354684
711,3,10,150,77,0.20393921524940548
712,3,10,150,77,0.0709301463537875
713,3,10,150,77,0.0
714,3,10,150,77,0.1266607864485773
715,3,10,150,77,0.16860516623933322
716,3,10,150,77,0.25981986865535966
717,3,10,150,77,0.15218028545758808
718,3,10,150,77,0.0
719,3,10,150,77,0.10353175087921149
720,3,10,150,77,0.029886352638305778
721,3,10,150,77,0.12300822274420435
722,3,10,150,77,0.07401896317743158
723,3,10,150,77,0.0
724,3,10,150,77,0.0
725,3,10,150,77,0.04733244938590725
726,3,10,150,77,0.061080020762274374
727,3,10,150,77,0.07398498445083704
728,3,10,150,77,0.0
729,3,10,150,77,0.046534861017850544
730,3,10,150,77,0.0
731,3,10,150,77,0.2125734307785682
732,3,10,150,77,0.05717828980196049
733,3,10,150,77,0.020730875129846955
734,3,10,150,77,0.08131766139183766
735,3,10,150,77,0.08151055815578559
736,3,10,150,77,0.047009109882897075
737,3,10,150,77,0.12127716502890909
738,3,10,150,77,0.09907057054543131
739,3,10,150,77,0.18767092572990207
740,3,10,150,77,0.0523780734795101
741,3,10,150,77,0.09620963094643388
742,3,10,150,77,0.0527075128660253
743,3,10,150,77,0.1194783875505714
744,3,10,150,77,0.0
745,3,10,150,77,0.06774344219296054
746,3,10,150,77,0.24124954544361757
747,3,10,150,77,0.21503355259123003
748,3,10,150,77,0.04132344798443041
749,3,10,150,77,0.2885474996582748
750,3,10,150,77,0.18000575664763457
751,3,10,150,77,0.06407706415564705
752,3,10,150,77,0.08155432360208091
753,3,10,150,77,0.07079765724607746
754,3,10,150,77,0.0
755,3,10,150,77,0.0
756,3,10,150,77,0.044143057780823704
757,3,10,150,77,0.147510544719552
758,3,10,150,77,0.26949873295391563
759,3,10,150,77,0.04828669550714567
760,3,10,150,77,0.16006374561654185
761,3,10,150,77,0.17663858756688974
762,3,10,150,77,0.0
763,3,10,150,77,0.1361070514270778
764,3,10,150,77,0.04710969775183564
765,3,10,150,77,0.0966785411876802
766,3,10,150,77,0.035191004809260996
767,3,10,150,77,0.1269544353559099
768,3,10,150,77,0.09997171219938322
769,3,10,150,77,0.0
770,3,10,150,77,0.207274302223422
771,3,10,150,77,0.07363642524234874
772,3,10,150,77,0.038996699933076286
773,3,10,150,77,0.15659560794124947
774,3,10,150,77,0.0
775,3,10,150,77,0.0
776,3,10,150,77,0.04721006604760436
777,3,10,150,77,0.0
778,3,10,150,77,0.08961728720334347
779,3,10,150,77,0.0
780,3,10,150,77,0.1478701604202007
781,3,10,150,77,0.12572447169101508
782,3,10,150,77,0.0
783,3,10,150,77,0.07763399617214947
784,3,10,150,77,0.04582425041433568
785,3,10,150,77,0.2848262604068979
786,3,10,150,77,0.13901223847985233
787,3,10,150,77,0.0
788,3,10,150,77,0.046626370288649896
789,3,10,150,77,0.14531023848228133
790,3,10,150,77,0.08452117092278105
791,3,10,150,77,0.059480024314918285
792,3,10,150,77,0.0946587791577201
793,3,10,150,77,0.11843263243420837
794,3,10,150,77,0.1578863001786244
795,3,10,150,77,0.06886690743551852
796,3,10,150,77,0.08940383884787259
797,3,10,150,77,0.13905617951077562
798,3,10,150,77,0.02688415331260267
799,3,10,150,77,0.2836929289153804
800,3,10,150,77,0.0
801,3,10,150,77,0.0
802,3,10,150,77,0.05621908976192367
803,3,10,150,77,0.0
804,3,10,150,77,0.20994146470018396
805,3,10,150,77,0.1465319928812479
806,3,10,150,77,0.10606704841588428
807,3,10,150,77,0.20144273393048437
808,3,10,150,77,0.09905728133858463
809,3,10,150,77,0.0
810,3,10,150,77,0.0
811,3,10,150,77,0.1162989546852336
812,3,10,150,77,0.11600766930798434
813,3,10,150,77,0.06916902856231065
814,3,10,150,77,0.054181637470214
815,3,10,150,77,0.10380674919178415
816,3,10,150,77,0.10105367325027378
817,3,10,150,77,0.0
818,3,10,150,77,0.05187864210776578
819,3,10,150,77,0.0
820,3,10,150,77,0.12262943855309168
821,3,10,150,77,0.18684232150964158
822,3,10,150,77,0.0
823,3,10,150,77,0.14011732711290795
824,3,10,150,77,0.0
825,3,10,150,77,0.16434089815347858
826,3,10,150,77,0.1395338307503347
827,3,10,150,77,0.0
828,3,10,150,77,0.0
829,3,10,150,77,0.08143169212679746
830,3,10,150,77,0.15298484663625925
831,3,10,150,77,0.0800524392169327
832,3,10,150,77,0.06248152673860667
833,3,10,150,77,0.05828935682373833
834,3,10,150,77,0.0
835,3,10,150,77,0.131093662595089
836,3,10,150,77,0.05097554749895306
837,3,10,150,77,0.05351287869030783
838,3,10,150,77,0.08633629724227374
839,3,10,150,77,0.0
840,3,10,150,77,0.1518245759629103
841,3,10,150,77,0.0
842,3,10,150,77,0.0
843,3,10,150,77,0.04209275315645388
844,3,10,150,77,0.0
845,3,10,150,77,0.06531065216760332
846,3,10,150,77,0.14997953355821372
847,3,10,150,77,0.0
848,3,10,150,77,0.03618657486793958
849,3,10,150,77,0.07682358143005112
850,3,10,150,77,0.06228974831361337
851,3,10,150,77,0.2277008805972924
852,3,10,150,77,0.07256783117062009
853,3,10,150,77,0.0
854,3,10,150,77,0.0
855,3,10,150,77,0.0
856,3,10,150,77,0.0
857,3,10,150,77,0.0
858,3,10,150,77,0.0
859,3,10,150,77,0.0
860,3,10,150,77,0.0
861,3,10,150,77,0.12754356661958802
862,3,10,150,77,0.18279787522069124
863,3,10,150,77,0.0
864,3,10,150,77,0.19756506460263396
865,3,10,150,77,0.0
866,3,10,150,77,0.0
867,3,10,150,77,0.18752183128814004
868,3,10,150,77,0.0
870,3,10,150,77,0.0
871,3,10,150,77,0.0
872,3,10,150,77,0.0
875,3,10,150,77,0.1395953738647505
876,3,10,150,77,0.0
877,3,10,150,77,0.0
1,3,10,150,78,0.6247579375131872
2,3,10,150,78,0.10688238502350729
3,3,10,150,78,0.0
4,3,10,150,78,0.0
5,3,10,150,78,0.0819283960923954
6,3,10,150,78,0.05340978172012693
7,3,10,150,78,0.18131159542617614
8,3,10,150,78,0.1900735845235601
9,3,10,150,78,0.0
10,3,10,150,78,0.16409920264511527
11,3,10,150,78,0.049016076581777215
12,3,10,150,78,0.0923499676538464
13,3,10,150,78,0.21720343937235564
14,3,10,150,78,0.14623893181570033
15,3,10,150,78,0.0
16,3,10,150,78,0.23483909981095427
17,3,10,150,78,0.12066394366711926
18,3,10,150,78,0.18606782959057458
19,3,10,150,78,0.0
20,3,10,150,78,0.14530105135237878
21,3,10,150,78,0.05824963961462511
22,3,10,150,78,0.1468275080577048
23,3,10,150,78,0.18360000301566626
24,3,10,150,78,0.311062094929455
25,3,10,150,78,0.0
26,3,10,150,78,0.030421795212869307
28,3,10,150,78,0.0
29,3,10,150,78,0.0
30,3,10,150,78,0.0979129253499678
31,3,10,150,78,0.06076546216996844
32,3,10,150,78,0.0
33,3,10,150,78,0.0
34,3,10,150,78,0.0
35,3,10,150,78,0.07108348368841133
37,3,10,150,78,0.08836851842055818
38,3,10,150,78,0.03215366848272267
39,3,10,150,78,0.0
40,3,10,150,78,0.0769181994946132
41,3,10,150,78,0.0
42,3,10,150,78,0.14144963799422255
43,3,10,150,78,0.268915965453296
44,3,10,150,78,0.07698159974258616
45,3,10,150,78,0.04505000432618384
46,3,10,150,78,0.2524329124868603
47,3,10,150,78,0.0
48,3,10,150,78,0.191300388285999
49,3,10,150,78,0.08545966314334597
50,3,10,150,78,0.0
51,3,10,150,78,0.18953836965473142
52,3,10,150,78,0.04892579731758021
53,3,10,150,78,0.09546043308946733
54,3,10,150,78,0.07984133538066794
55,3,10,150,78,0.0
56,3,10,150,78,0.03975645576081676
57,3,10,150,78,0.07600688094360178
58,3,10,150,78,0.10796876451088402
59,3,10,150,78,0.1825401339226324
60,3,10,150,78,0.12123807080432077
61,3,10,150,78,0.0
62,3,10,150,78,0.056765939954965754
63,3,10,150,78,0.03554915059547175
64,3,10,150,78,0.0
65,3,10,150,78,0.2994759515353249
66,3,10,150,78,0.0
67,3,10,150,78,0.0
68,3,10,150,78,0.0
69,3,10,150,78,0.18013245110732332
70,3,10,150,78,0.04310441109649134
71,3,10,150,78,0.1434649426280276
72,3,10,150,78,0.16084022171949366
73,3,10,150,78,0.051960280791503534
74,3,10,150,78,0.0
75,3,10,150,78,0.11731968150568911
76,3,10,150,78,0.14804398249667974
77,3,10,150,78,0.45287742747371695
78,3,10,150,78,0.0
79,3,10,150,78,0.0
80,3,10,150,78,0.08297572808511901
81,3,10,150,78,0.0
82,3,10,150,78,0.08926877557705373
83,3,10,150,78,0.04630610387058298
84,3,10,150,78,0.0
85,3,10,150,78,0.06966660916502733
86,3,10,150,78,0.07738888769495082
87,3,10,150,78,0.10058161863664324
88,3,10,150,78,0.0
89,3,10,150,78,0.22860031301980846
90,3,10,150,78,0.2386569480666451
91,3,10,150,78,0.13114221140465185
92,3,10,150,78,0.03690254550997565
93,3,10,150,78,0.0
94,3,10,150,78,0.19025030646477453
95,3,10,150,78,0.07964436720215591
96,3,10,150,78,0.19186450284072096
97,3,10,150,78,0.16731903653190372
98,3,10,150,78,0.08878770367712427
99,3,10,150,78,0.029785542524894418
100,3,10,150,78,0.0892789338684584
101,3,10,150,78,0.0
102,3,10,150,78,0.026001814664123827
103,3,10,150,78,0.07673373981757839
104,3,10,150,78,0.12171451575741458
106,3,10,150,78,0.05261577455142312
107,3,10,150,78,0.0
108,3,10,150,78,0.0
109,3,10,150,78,0.11259960483764554
110,3,10,150,78,0.06422488523189442
111,3,10,150,78,0.0
112,3,10,150,78,0.06510475888148554
113,3,10,150,78,0.05449144662575446
114,3,10,150,78,0.07610811271330754
115,3,10,150,78,0.046806851959664796
116,3,10,150,78,0.07814915695077672
117,3,10,150,78,0.10135360124281675
118,3,10,150,78,0.0
119,3,10,150,78,0.0857501853120467
121,3,10,150,78,0.06245141164382474
122,3,10,150,78,0.07625852881342107
123,3,10,150,78,0.46927872602275644
124,3,10,150,78,0.10889376106823218
125,3,10,150,78,0.1758278598077621
126,3,10,150,78,0.0
127,3,10,150,78,0.0
128,3,10,150,78,0.047777554739453616
129,3,10,150,78,0.0
130,3,10,150,78,0.11207058154636457
131,3,10,150,78,0.2803335894048546
132,3,10,150,78,0.1431991570830273
133,3,10,150,78,0.0
134,3,10,150,78,0.0
135,3,10,150,78,0.0
136,3,10,150,78,0.40257390286801836
137,3,10,150,78,0.0
138,3,10,150,78,0.21222747957761057
139,3,10,150,78,0.0
140,3,10,150,78,0.0
141,3,10,150,78,0.20239191246999313
142,3,10,150,78,0.30260241349881345
143,3,10,150,78,0.0
144,3,10,150,78,0.2143720535700613
145,3,10,150,78,0.10527481150051315
146,3,10,150,78,0.0
147,3,10,150,78,0.07610811271330754
148,3,10,150,78,0.10419221525731585
149,3,10,150,78,0.05446824630887794
150,3,10,150,78,0.0
151,3,10,150,78,0.16194309002265503
152,3,10,150,78,0.048689109753478024
153,3,10,150,78,0.06516188295518531
154,3,10,150,78,0.055100238151135045
155,3,10,150,78,0.0
156,3,10,150,78,0.07028063830038406
157,3,10,150,78,0.05840183867278569
158,3,10,150,78,0.07413972351842125
159,3,10,150,78,0.11026617795298452
160,3,10,150,78,0.08815843064600337
161,3,10,150,78,0.0
162,3,10,150,78,0.0
163,3,10,150,78,0.0
164,3,10,150,78,0.0
165,3,10,150,78,0.09149012142095872
166,3,10,150,78,0.09726657973356154
167,3,10,150,78,0.03395822402998728
168,3,10,150,78,0.0
169,3,10,150,78,0.055427457405235275
170,3,10,150,78,0.0
171,3,10,150,78,0.0
172,3,10,150,78,0.0
173,3,10,150,78,0.0
174,3,10,150,78,0.09877498173459962
175,3,10,150,78,0.4413254197204702
176,3,10,150,78,0.0347693136731627
177,3,10,150,78,0.0
178,3,10,150,78,0.18053947820976404
179,3,10,150,78,0.06599888514927177
180,3,10,150,78,0.0
181,3,10,150,78,0.04622579729077891
182,3,10,150,78,0.13120507751234178
183,3,10,150,78,0.0
184,3,10,150,78,0.016355592358211265
185,3,10,150,78,0.0
186,3,10,150,78,0.0
187,3,10,150,78,0.2004102107997965
188,3,10,150,78,0.026527518023781966
189,3,10,150,78,0.22982757951573698
190,3,10,150,78,0.0
191,3,10,150,78,0.07335312372354855
192,3,10,150,78,0.0
193,3,10,150,78,0.04024288246957146
194,3,10,150,78,0.0860257611411915
195,3,10,150,78,0.10257737475069033
196,3,10,150,78,0.17342765698823945
197,3,10,150,78,0.07304192939088519
198,3,10,150,78,0.10387325901274824
199,3,10,150,78,0.052106753859569234
200,3,10,150,78,0.0971420957831845
201,3,10,150,78,0.25590835195750156
202,3,10,150,78,0.0
203,3,10,150,78,0.0
204,3,10,150,78,0.0
205,3,10,150,78,0.11600766930798434
206,3,10,150,78,0.0
207,3,10,150,78,0.16236016260794908
208,3,10,150,78,0.0
209,3,10,150,78,0.070675417981692
210,3,10,150,78,0.0
211,3,10,150,78,0.0
212,3,10,150,78,0.0559167101555819
213,3,10,150,78,0.08985507164305877
214,3,10,150,78,0.1257260924843343
215,3,10,150,78,0.157288596461893
216,3,10,150,78,0.27735230728218535
217,3,10,150,78,0.13000004444613666
218,3,10,150,78,0.06323567569191428
219,3,10,150,78,0.0
220,3,10,150,78,0.07807600999842033
221,3,10,150,78,0.12213234467515617
222,3,10,150,78,0.1483732210811898
223,3,10,150,78,0.039270700903099615
224,3,10,150,78,0.026212432283247895
225,3,10,150,78,0.09311209812195972
226,3,10,150,78,0.0
227,3,10,150,78,0.0
229,3,10,150,78,0.0
230,3,10,150,78,0.1697995249867118
231,3,10,150,78,0.0
232,3,10,150,78,0.0
233,3,10,150,78,0.20123780419810608
234,3,10,150,78,0.16943210150699195
235,3,10,150,78,0.08312042273022706
236,3,10,150,78,0.12127042983235181
237,3,10,150,78,0.04776398023609584
238,3,10,150,78,0.0
239,3,10,150,78,0.14738301924206398
240,3,10,150,78,0.10235170428306553
241,3,10,150,78,0.1381300260171807
242,3,10,150,78,0.0
243,3,10,150,78,0.0
244,3,10,150,78,0.15017336350566032
245,3,10,150,78,0.0
246,3,10,150,78,0.08356426880363813
247,3,10,150,78,0.15642624200758548
248,3,10,150,78,0.23451355966072135
249,3,10,150,78,0.3296200475575061
250,3,10,150,78,0.07806699296748765
251,3,10,150,78,0.0
252,3,10,150,78,0.07630862162354303
253,3,10,150,78,0.038220360097248454
254,3,10,150,78,0.036502603141236205
255,3,10,150,78,0.10933464083642679
256,3,10,150,78,0.0681239071992697
257,3,10,150,78,0.12830873359117523
258,3,10,150,78,0.16260831227163416
259,3,10,150,78,0.0
260,3,10,150,78,0.0
261,3,10,150,78,0.0
262,3,10,150,78,0.0
263,3,10,150,78,0.36030713075223775
264,3,10,150,78,0.3852510465367394
265,3,10,150,78,0.19802572813668026
266,3,10,150,78,0.0
267,3,10,150,78,0.22898927482035836
268,3,10,150,78,0.10827784002385153
269,3,10,150,78,0.040019695500760184
270,3,10,150,78,0.049915567102790354
271,3,10,150,78,0.10729393508609222
272,3,10,150,78,0.10457492829503848
273,3,10,150,78,0.0
274,3,10,150,78,0.05380266522938521
275,3,10,150,78,0.0
276,3,10,150,78,0.17133199991858955
277,3,10,150,78,0.0
278,3,10,150,78,0.0
279,3,10,150,78,0.11910385967976722
280,3,10,150,78,0.0882348794193481
281,3,10,150,78,0.0
282,3,10,150,78,0.09659953929285248
283,3,10,150,78,0.0
284,3,10,150,78,0.0
285,3,10,150,78,0.0
286,3,10,150,78,0.016140534521312585
287,3,10,150,78,0.0
288,3,10,150,78,0.13999259891013252
289,3,10,150,78,0.0
290,3,10,150,78,0.09647783930421741
291,3,10,150,78,0.17775326828407884
292,3,10,150,78,0.27665227928348557
293,3,10,150,78,0.12541055970909534
294,3,10,150,78,0.09628038570550856
295,3,10,150,78,0.15956840344924803
296,3,10,150,78,0.15701688667375013
297,3,10,150,78,0.030868393892711742
298,3,10,150,78,0.13814728270261697
299,3,10,150,78,0.07694316572383303
300,3,10,150,78,0.0
301,3,10,150,78,0.1296575124303738
302,3,10,150,78,0.07335312372354855
303,3,10,150,78,0.17978154785217412
304,3,10,150,78,0.0
305,3,10,150,78,0.05428021340641747
306,3,10,150,78,0.0
307,3,10,150,78,0.13128644747266613
308,3,10,150,78,0.05707430901002984
309,3,10,150,78,0.0
310,3,10,150,78,0.2890648263178879
311,3,10,150,78,0.17512035582237062
312,3,10,150,78,0.16963857451199318
313,3,10,150,78,0.09586943528179451
314,3,10,150,78,0.10507089418815024
315,3,10,150,78,0.09785159463516042
316,3,10,150,78,0.06076546216996844
317,3,10,150,78,0.0
318,3,10,150,78,0.07377376675297492
319,3,10,150,78,0.0
320,3,10,150,78,0.08947300054212491
321,3,10,150,78,0.08223795175588802
322,3,10,150,78,0.07955752067133452
323,3,10,150,78,0.12229181918924699
324,3,10,150,78,0.0
325,3,10,150,78,0.0
326,3,10,150,78,0.10817904857938596
327,3,10,150,78,0.015483922344753005
328,3,10,150,78,0.1253761246808089
329,3,10,150,78,0.056720838976548935
330,3,10,150,78,0.3028509129070748
331,3,10,150,78,0.0
332,3,10,150,78,0.1160620536137697
333,3,10,150,78,0.0
334,3,10,150,78,0.14660842569240642
335,3,10,150,78,0.0
336,3,10,150,78,0.0
337,3,10,150,78,0.2325689761571779
338,3,10,150,78,0.08388555279643939
339,3,10,150,78,0.1856477756884163
340,3,10,150,78,0.12647135138382856
341,3,10,150,78,0.0
342,3,10,150,78,0.15381739323016694
343,3,10,150,78,0.35449693766486445
344,3,10,150,78,0.13804010954782428
345,3,10,150,78,0.14462655322572632
346,3,10,150,78,0.1264086027263655
347,3,10,150,78,0.09642724089192412
348,3,10,150,78,0.0
349,3,10,150,78,0.07123530534387781
350,3,10,150,78,0.2314071217459096
351,3,10,150,78,0.0
352,3,10,150,78,0.16282653392890226
353,3,10,150,78,0.09489642549953911
354,3,10,150,78,0.048823562593396645
355,3,10,150,78,0.05122871476979503
356,3,10,150,78,0.0
357,3,10,150,78,0.03371865946438579
358,3,10,150,78,0.26730206653594746
359,3,10,150,78,0.14341929980357182
360,3,10,150,78,0.13132846997338612
361,3,10,150,78,0.0
362,3,10,150,78,0.0
363,3,10,150,78,0.1867805234163032
364,3,10,150,78,0.0
365,3,10,150,78,0.0989084497079971
366,3,10,150,78,0.10684080426179023
367,3,10,150,78,0.1410054764628891
368,3,10,150,78,0.0
369,3,10,150,78,0.0
370,3,10,150,78,0.045683428159663184
371,3,10,150,78,0.174231549865924
372,3,10,150,78,0.13528214995015655
373,3,10,150,78,0.18128610071101886
374,3,10,150,78,0.1523273086076386
375,3,10,150,78,0.0
376,3,10,150,78,0.0
377,3,10,150,78,0.053168340515114924
378,3,10,150,78,0.053263484749357055
379,3,10,150,78,0.16693258363041708
380,3,10,150,78,0.0
381,3,10,150,78,0.08294243278442993
382,3,10,150,78,0.13500098315004241
383,3,10,150,78,0.03539807129574854
384,3,10,150,78,0.08759200575528697
385,3,10,150,78,0.1546778125427113
386,3,10,150,78,0.0
387,3,10,150,78,0.03814967334348895
388,3,10,150,78,0.029785542524894418
389,3,10,150,78,0.1436557902546879
390,3,10,150,78,0.2691365333037713
391,3,10,150,78,0.298074760835303
392,3,10,150,78,0.10835852340243231
393,3,10,150,78,0.18763360522422676
394,3,10,150,78,0.12900206501129066
395,3,10,150,78,0.15727036710905312
396,3,10,150,78,0.0
397,3,10,150,78,0.12905531436930254
398,3,10,150,78,0.12204637821038242
399,3,10,150,78,0.05509887073092855
400,3,10,150,78,0.0
401,3,10,150,78,0.0
402,3,10,150,78,0.469779625693621
403,3,10,150,78,0.0
404,3,10,150,78,0.0
405,3,10,150,78,0.21927775619429798
406,3,10,150,78,0.1428233347987388
407,3,10,150,78,0.1106313931757508
408,3,10,150,78,0.12083071655728543
409,3,10,150,78,0.15086419336317547
410,3,10,150,78,0.0
411,3,10,150,78,0.1128999930808451
412,3,10,150,78,0.0
413,3,10,150,78,0.10122860821230018
414,3,10,150,78,0.0
415,3,10,150,78,0.07605458145297357
416,3,10,150,78,0.2941230318813666
417,3,10,150,78,0.05712516951520643
418,3,10,150,78,0.07001560573318603
419,3,10,150,78,0.26168079122473237
420,3,10,150,78,0.0527075128660253
421,3,10,150,78,0.202729931306865
422,3,10,150,78,0.0
423,3,10,150,78,0.0
424,3,10,150,78,0.13291000263869587
425,3,10,150,78,0.015224331423152564
426,3,10,150,78,0.10004388309532918
427,3,10,150,78,0.0
428,3,10,150,78,0.0
429,3,10,150,78,0.12858486215438605
430,3,10,150,78,0.062242588308449316
431,3,10,150,78,0.0
432,3,10,150,78,0.05253723007572906
433,3,10,150,78,0.0
434,3,10,150,78,0.25803884452092735
435,3,10,150,78,0.20092176829697683
436,3,10,150,78,0.09291494561763272
437,3,10,150,78,0.07387863190475343
438,3,10,150,78,0.0
439,3,10,150,78,0.0
440,3,10,150,78,0.10025741859697787
441,3,10,150,78,0.0
442,3,10,150,78,0.09569564382838347
443,3,10,150,78,0.056720838976548935
444,3,10,150,78,0.19519002499605084
445,3,10,150,78,0.0
446,3,10,150,78,0.0
447,3,10,150,78,0.09914294517496557
448,3,10,150,78,0.0
449,3,10,150,78,0.0
450,3,10,150,78,0.3111719119516209
451,3,10,150,78,0.0
452,3,10,150,78,0.048188247044562364
453,3,10,150,78,0.14969815781875853
454,3,10,150,78,0.0
455,3,10,150,78,0.2223859147540445
456,3,10,150,78,0.18931496347604157
457,3,10,150,78,0.36238463914482993
458,3,10,150,78,0.12059750656999586
459,3,10,150,78,0.04901586605894737
460,3,10,150,78,0.0
461,3,10,150,78,0.10778915452451093
462,3,10,150,78,0.16728714615527887
463,3,10,150,78,0.1032589365938857
464,3,10,150,78,0.091470579054696
465,3,10,150,78,0.0733934381893728
466,3,10,150,78,0.0750834162528243
467,3,10,150,78,0.032842167909375275
468,3,10,150,78,0.4424763580282471
469,3,10,150,78,0.08625887094910875
470,3,10,150,78,0.040162930685297936
471,3,10,150,78,0.0
472,3,10,150,78,0.26989864785316925
473,3,10,150,78,0.08903377327702097
474,3,10,150,78,0.35146751136334375
475,3,10,150,78,0.0
476,3,10,150,78,0.12097589732794561
477,3,10,150,78,0.0
478,3,10,150,78,0.2059565668593519
479,3,10,150,78,0.07893633843817272
480,3,10,150,78,0.0881980292211471
481,3,10,150,78,0.05234104579082298
482,3,10,150,78,0.15905893746943514
483,3,10,150,78,0.06194403202282284
484,3,10,150,78,0.33809266656634696
485,3,10,150,78,0.0
486,3,10,150,78,0.06108300840136219
487,3,10,150,78,0.10060724527338907
488,3,10,150,78,0.05887472794707303
489,3,10,150,78,0.036287809073690475
490,3,10,150,78,0.06490403551612171
491,3,10,150,78,0.17758207479178334
492,3,10,150,78,0.12925417913024104
493,3,10,150,78,0.26530843853655434
494,3,10,150,78,0.15581531016292202
495,3,10,150,78,0.142346942264849
496,3,10,150,78,0.07271211160102074
497,3,10,150,78,0.07810188140590023
498,3,10,150,78,0.0343217267714905
499,3,10,150,78,0.1775756306140374
500,3,10,150,78,0.04698773570888995
501,3,10,150,78,0.0
502,3,10,150,78,0.03272632263321488
503,3,10,150,78,0.2768332968914173
504,3,10,150,78,0.09794337990609951
505,3,10,150,78,0.025255271126572616
506,3,10,150,78,0.16119309772585624
507,3,10,150,78,0.02579743633593384
508,3,10,150,78,0.2124218923765955
509,3,10,150,78,0.0
510,3,10,150,78,0.17032928501352598
511,3,10,150,78,0.12155021559723776
512,3,10,150,78,0.0
513,3,10,150,78,0.09761131800342168
514,3,10,150,78,0.20202473045271674
515,3,10,150,78,0.0
516,3,10,150,78,0.07947838320659593
517,3,10,150,78,0.03859643636257609
518,3,10,150,78,0.05268083714989503
519,3,10,150,78,0.034560204819110964
520,3,10,150,78,0.0
521,3,10,150,78,0.07649261318048692
522,3,10,150,78,0.2035192592417533
523,3,10,150,78,0.18941913248920814
524,3,10,150,78,0.05095677993400121
525,3,10,150,78,0.06516045994396072
526,3,10,150,78,0.052528565413809895
527,3,10,150,78,0.21068702285875093
528,3,10,150,78,0.1255942414278791
529,3,10,150,78,0.03208343640786788
530,3,10,150,78,0.0
531,3,10,150,78,0.0
532,3,10,150,78,0.1820393860639808
533,3,10,150,78,0.13077875588459684
534,3,10,150,78,0.10040759964046686
535,3,10,150,78,0.25224874540372827
536,3,10,150,78,0.19370572859880655
537,3,10,150,78,0.45533044628140545
538,3,10,150,78,0.09944592215223559
539,3,10,150,78,0.07086035994602148
540,3,10,150,78,0.0
541,3,10,150,78,0.0779170553370938
542,3,10,150,78,0.08543674999048095
543,3,10,150,78,0.009491824138500126
544,3,10,150,78,0.0
545,3,10,150,78,0.1627301445786375
546,3,10,150,78,0.1727529426032757
547,3,10,150,78,0.04528995543568932
548,3,10,150,78,0.08556622378188056
549,3,10,150,78,0.10184659627402569
550,3,10,150,78,0.0845667599404342
551,3,10,150,78,0.28890760695444095
552,3,10,150,78,0.0
553,3,10,150,78,0.13528660262448355
554,3,10,150,78,0.0
555,3,10,150,78,0.037070343480771185
556,3,10,150,78,0.2848749592866812
557,3,10,150,78,0.044530079137671444
558,3,10,150,78,0.21398626473452756
559,3,10,150,78,0.11571122630007512
560,3,10,150,78,0.13657262402833295
561,3,10,150,78,0.07468624468029259
562,3,10,150,78,0.16880427191129663
563,3,10,150,78,0.10791970824616881
564,3,10,150,78,0.0
565,3,10,150,78,0.2016297075493207
566,3,10,150,78,0.11935234359120704
567,3,10,150,78,0.3291468816048629
568,3,10,150,78,0.07161318866452264
569,3,10,150,78,0.023835426911994775
570,3,10,150,78,0.0
571,3,10,150,78,0.0512644431393966
572,3,10,150,78,0.30260241349881345
573,3,10,150,78,0.0
574,3,10,150,78,0.02529922263119915
575,3,10,150,78,0.13043262693172047
576,3,10,150,78,0.0
577,3,10,150,78,0.2017286250978881
578,3,10,150,78,0.0
579,3,10,150,78,0.06152644703210656
580,3,10,150,78,0.03144137376097698
581,3,10,150,78,0.0
582,3,10,150,78,0.06679511870650716
583,3,10,150,78,0.13912814892946682
584,3,10,150,78,0.20261715588288354
585,3,10,150,78,0.042225550968526857
586,3,10,150,78,0.0663945281096953
587,3,10,150,78,0.029230460362194715
588,3,10,150,78,0.2550526156476373
589,3,10,150,78,0.09905100598441088
590,3,10,150,78,0.19997970715667693
591,3,10,150,78,0.08651464973019597
592,3,10,150,78,0.32615721643069673
593,3,10,150,78,0.14271020042879362
594,3,10,150,78,0.0
595,3,10,150,78,0.055965373307784824
596,3,10,150,78,0.09803928583135704
597,3,10,150,78,0.02579743633593384
598,3,10,150,78,0.0
599,3,10,150,78,0.02506539947940475
600,3,10,150,78,0.13574631165894233
601,3,10,150,78,0.14661690295711607
602,3,10,150,78,0.041278922835426404
603,3,10,150,78,0.12541207695631323
604,3,10,150,78,0.0
605,3,10,150,78,0.20667237874233232
606,3,10,150,78,0.3366971234098065
607,3,10,150,78,0.0308875359117713
608,3,10,150,78,0.20657435219961784
609,3,10,150,78,0.0
610,3,10,150,78,0.12186625680881258
611,3,10,150,78,0.19680646538945382
612,3,10,150,78,0.09162544430476362
613,3,10,150,78,0.1652462050665711
614,3,10,150,78,0.1467868763787456
615,3,10,150,78,0.17368907358900634
616,3,10,150,78,0.030480958763669998
617,3,10,150,78,0.0539699203856165
618,3,10,150,78,0.12375420018254593
619,3,10,150,78,0.14795344439858116
620,3,10,150,78,0.24239278329353608
621,3,10,150,78,0.10569072181389248
622,3,10,150,78,0.16226113935431313
623,3,10,150,78,0.04214302778527282
624,3,10,150,78,0.03202992305603544
625,3,10,150,78,0.06672272773479279
626,3,10,150,78,0.07930828170886256
627,3,10,150,78,0.11471658297235718
628,3,10,150,78,0.0
629,3,10,150,78,0.3068593984808127
630,3,10,150,78,0.10834532177911152
631,3,10,150,78,0.13449792459172438
632,3,10,150,78,0.08348454970562778
633,3,10,150,78,0.050456115328747164
634,3,10,150,78,0.09692094009503625
635,3,10,150,78,0.0
636,3,10,150,78,0.4108031518056064
637,3,10,150,78,0.04188454685690797
638,3,10,150,78,0.05152901435389809
639,3,10,150,78,0.01070448204588216
640,3,10,150,78,0.16254564442204458
641,3,10,150,78,0.051358492238643604
642,3,10,150,78,0.294072451011731
643,3,10,150,78,0.2194495714652362
644,3,10,150,78,0.023868766231572826
645,3,10,150,78,0.17744101704673967
646,3,10,150,78,0.11243817952384734
647,3,10,150,78,0.06590268968688952
648,3,10,150,78,0.24785303581435464
649,3,10,150,78,0.04336490181597879
650,3,10,150,78,0.11411446381727301
651,3,10,150,78,0.0
652,3,10,150,78,0.0
653,3,10,150,78,0.13528031090160902
654,3,10,150,78,0.05402442095740813
655,3,10,150,78,0.4609184016859113
656,3,10,150,78,0.0
657,3,10,150,78,0.2504953915210566
658,3,10,150,78,0.09988783377897062
659,3,10,150,78,0.1012989635975657
660,3,10,150,78,0.03757397801496696
661,3,10,150,78,0.22555433567053945
662,3,10,150,78,0.0
663,3,10,150,78,0.1250707809701198
664,3,10,150,78,0.2433808724049065
665,3,10,150,78,0.0637635876459061
666,3,10,150,78,0.10893604840286597
667,3,10,150,78,0.1487205698875683
668,3,10,150,78,0.0
669,3,10,150,78,0.2287469684999221
670,3,10,150,78,0.0271437232396382
671,3,10,150,78,0.20598773756155325
672,3,10,150,78,0.07973520350569015
673,3,10,150,78,0.03236977394070781
674,3,10,150,78,0.0
675,3,10,150,78,0.0382580635535654
676,3,10,150,78,0.22358931366364498
677,3,10,150,78,0.10158983531347915
678,3,10,150,78,0.0
679,3,10,150,78,0.20531579536501102
680,3,10,150,78,0.022168697248564677
681,3,10,150,78,0.0
682,3,10,150,78,0.23446684883137375
683,3,10,150,78,0.045215225629604006
684,3,10,150,78,0.03158850394477252
685,3,10,150,78,0.20373936192022438
686,3,10,150,78,0.2681485091810433
687,3,10,150,78,0.0
688,3,10,150,78,0.0
689,3,10,150,78,0.429307082657261
690,3,10,150,78,0.24802939400095458
691,3,10,150,78,0.6023709850354425
692,3,10,150,78,0.03353522641880846
693,3,10,150,78,0.04711181933747839
694,3,10,150,78,0.21361709189247302
695,3,10,150,78,0.05816383356143395
696,3,10,150,78,0.08111636357522063
697,3,10,150,78,0.08316188759665785
698,3,10,150,78,0.0
699,3,10,150,78,0.06266837015218314
700,3,10,150,78,0.0
701,3,10,150,78,0.12271508523586225
702,3,10,150,78,0.0
703,3,10,150,78,0.21888235022994418
704,3,10,150,78,0.2308890005160202
705,3,10,150,78,0.2867207867777622
706,3,10,150,78,0.0
707,3,10,150,78,0.25775196122251914
708,3,10,150,78,0.03476299583640518
709,3,10,150,78,0.16604950811619162
710,3,10,150,78,0.25040922491354684
711,3,10,150,78,0.20209593847703647
712,3,10,150,78,0.0709301463537875
713,3,10,150,78,0.0
714,3,10,150,78,0.1266607864485773
715,3,10,150,78,0.16860516623933322
716,3,10,150,78,0.2574715222213171
717,3,10,150,78,0.15218028545758808
718,3,10,150,78,0.0
719,3,10,150,78,0.10353175087921149
720,3,10,150,78,0.029886352638305778
721,3,10,150,78,0.12300822274420435
722,3,10,150,78,0.07401896317743158
723,3,10,150,78,0.0
724,3,10,150,78,0.0
725,3,10,150,78,0.04733244938590725
726,3,10,150,78,0.061080020762274374
727,3,10,150,78,0.07331628126309783
728,3,10,150,78,0.0
729,3,10,150,78,0.046534861017850544
730,3,10,150,78,0.0
731,3,10,150,78,0.2125734307785682
732,3,10,150,78,0.05717828980196049
733,3,10,150,78,0.020730875129846955
734,3,10,150,78,0.08131766139183766
735,3,10,150,78,0.08151055815578559
736,3,10,150,78,0.047009109882897075
737,3,10,150,78,0.12127716502890909
738,3,10,150,78,0.09907057054543131
739,3,10,150,78,0.18767092572990207
740,3,10,150,78,0.0523780734795101
741,3,10,150,78,0.09620963094643388
742,3,10,150,78,0.0527075128660253
743,3,10,150,78,0.1194783875505714
744,3,10,150,78,0.0
745,3,10,150,78,0.06774344219296054
746,3,10,150,78,0.24124954544361757
747,3,10,150,78,0.21309000116446464
748,3,10,150,78,0.04132344798443041
749,3,10,150,78,0.2859395024508971
750,3,10,150,78,0.18000575664763457
751,3,10,150,78,0.06407706415564705
752,3,10,150,78,0.08155432360208091
753,3,10,150,78,0.07079765724607746
754,3,10,150,78,0.0
755,3,10,150,78,0.0
756,3,10,150,78,0.044143057780823704
757,3,10,150,78,0.147510544719552
758,3,10,150,78,0.26706290542545663
759,3,10,150,78,0.04828669550714567
760,3,10,150,78,0.16006374561654185
761,3,10,150,78,0.17663858756688974
762,3,10,150,78,0.0
763,3,10,150,78,0.1361070514270778
764,3,10,150,78,0.04710969775183564
765,3,10,150,78,0.0966785411876802
766,3,10,150,78,0.035191004809260996
767,3,10,150,78,0.1269544353559099
768,3,10,150,78,0.09997171219938322
769,3,10,150,78,0.0
770,3,10,150,78,0.207274302223422
771,3,10,150,78,0.07363642524234874
772,3,10,150,78,0.038996699933076286
773,3,10,150,78,0.15659560794124947
774,3,10,150,78,0.0
775,3,10,150,78,0.0
776,3,10,150,78,0.04721006604760436
777,3,10,150,78,0.0
778,3,10,150,78,0.08961728720334347
779,3,10,150,78,0.0
780,3,10,150,78,0.1478701604202007
781,3,10,150,78,0.12572447169101508
782,3,10,150,78,0.0
783,3,10,150,78,0.07763399617214947
784,3,10,150,78,0.04582425041433568
785,3,10,150,78,0.2848262604068979
786,3,10,150,78,0.13901223847985233
787,3,10,150,78,0.0
788,3,10,150,78,0.046626370288649896
789,3,10,150,78,0.14531023848228133
790,3,10,150,78,0.08452117092278105
791,3,10,150,78,0.059480024314918285
792,3,10,150,78,0.0946587791577201
793,3,10,150,78,0.11843263243420837
794,3,10,150,78,0.1578863001786244
795,3,10,150,78,0.06886690743551852
796,3,10,150,78,0.09763413801229477
797,3,10,150,78,0.13905617951077562
798,3,10,150,78,0.02688415331260267
799,3,10,150,78,0.2836929289153804
800,3,10,150,78,0.0
801,3,10,150,78,0.0
802,3,10,150,78,0.05621908976192367
803,3,10,150,78,0.0
804,3,10,150,78,0.20994146470018396
805,3,10,150,78,0.1465319928812479
806,3,10,150,78,0.10606704841588428
807,3,10,150,78,0.21551050461800983
808,3,10,150,78,0.09905728133858463
809,3,10,150,78,0.0
810,3,10,150,78,0.0
811,3,10,150,78,0.1162989546852336
812,3,10,150,78,0.11600766930798434
813,3,10,150,78,0.06916902856231065
814,3,10,150,78,0.054181637470214
815,3,10,150,78,0.10380674919178415
816,3,10,150,78,0.10105367325027378
817,3,10,150,78,0.0
818,3,10,150,78,0.05187864210776578
819,3,10,150,78,0.0
820,3,10,150,78,0.12262943855309168
821,3,10,150,78,0.18684232150964158
822,3,10,150,78,0.0
823,3,10,150,78,0.14011732711290795
824,3,10,150,78,0.0
825,3,10,150,78,0.16434089815347858
826,3,10,150,78,0.1395338307503347
827,3,10,150,78,0.0
828,3,10,150,78,0.0
829,3,10,150,78,0.08143169212679746
830,3,10,150,78,0.15298484663625925
831,3,10,150,78,0.0800524392169327
832,3,10,150,78,0.06248152673860667
833,3,10,150,78,0.05828935682373833
834,3,10,150,78,0.0
835,3,10,150,78,0.131093662595089
836,3,10,150,78,0.05097554749895306
837,3,10,150,78,0.05351287869030783
838,3,10,150,78,0.08633629724227374
839,3,10,150,78,0.0
840,3,10,150,78,0.1518245759629103
841,3,10,150,78,0.0
842,3,10,150,78,0.0
843,3,10,150,78,0.04209275315645388
844,3,10,150,78,0.0
845,3,10,150,78,0.06531065216760332
846,3,10,150,78,0.16592059617503505
847,3,10,150,78,0.0
848,3,10,150,78,0.03618657486793958
849,3,10,150,78,0.07682358143005112
850,3,10,150,78,0.06228974831361337
851,3,10,150,78,0.2277008805972924
852,3,10,150,78,0.07256783117062009
853,3,10,150,78,0.0
854,3,10,150,78,0.0
855,3,10,150,78,0.0
856,3,10,150,78,0.0
857,3,10,150,78,0.0
858,3,10,150,78,0.0
859,3,10,150,78,0.0
860,3,10,150,78,0.0
861,3,10,150,78,0.12754356661958802
862,3,10,150,78,0.18279787522069124
863,3,10,150,78,0.0
864,3,10,150,78,0.19756506460263396
865,3,10,150,78,0.0
866,3,10,150,78,0.0
867,3,10,150,78,0.18752183128814004
868,3,10,150,78,0.0
870,3,10,150,78,0.0
871,3,10,150,78,0.0
872,3,10,150,78,0.0
875,3,10,150,78,0.1395953738647505
876,3,10,150,78,0.0
877,3,10,150,78,0.0
1,3,10,150,79,0.6247579375131872
2,3,10,150,79,0.10688238502350729
3,3,10,150,79,0.0
4,3,10,150,79,0.0
5,3,10,150,79,0.0819283960923954
6,3,10,150,79,0.05340978172012693
7,3,10,150,79,0.18131159542617614
8,3,10,150,79,0.1900735845235601
9,3,10,150,79,0.0
10,3,10,150,79,0.16409920264511527
11,3,10,150,79,0.049016076581777215
12,3,10,150,79,0.0923499676538464
13,3,10,150,79,0.215263395546547
14,3,10,150,79,0.14623893181570033
15,3,10,150,79,0.0
16,3,10,150,79,0.23483909981095427
17,3,10,150,79,0.12066394366711926
18,3,10,150,79,0.18606782959057458
19,3,10,150,79,0.0
20,3,10,150,79,0.14530105135237878
21,3,10,150,79,0.05824963961462511
22,3,10,150,79,0.1468275080577048
23,3,10,150,79,0.18360000301566626
24,3,10,150,79,0.311062094929455
25,3,10,150,79,0.0
26,3,10,150,79,0.030421795212869307
28,3,10,150,79,0.0
29,3,10,150,79,0.0
30,3,10,150,79,0.0979129253499678
31,3,10,150,79,0.06076546216996844
32,3,10,150,79,0.0
33,3,10,150,79,0.0
34,3,10,150,79,0.0
35,3,10,150,79,0.07108348368841133
37,3,10,150,79,0.08836851842055818
38,3,10,150,79,0.03215366848272267
39,3,10,150,79,0.0
40,3,10,150,79,0.0769181994946132
41,3,10,150,79,0.0
42,3,10,150,79,0.14144963799422255
43,3,10,150,79,0.268915965453296
44,3,10,150,79,0.07698159974258616
45,3,10,150,79,0.04505000432618384
46,3,10,150,79,0.2524329124868603
47,3,10,150,79,0.0
48,3,10,150,79,0.191300388285999
49,3,10,150,79,0.08545966314334597
50,3,10,150,79,0.0
51,3,10,150,79,0.18953836965473142
52,3,10,150,79,0.04892579731758021
53,3,10,150,79,0.09546043308946733
54,3,10,150,79,0.07984133538066794
55,3,10,150,79,0.0
56,3,10,150,79,0.03975645576081676
57,3,10,150,79,0.07600688094360178
58,3,10,150,79,0.10796876451088402
59,3,10,150,79,0.1825401339226324
60,3,10,150,79,0.12123807080432077
61,3,10,150,79,0.0
62,3,10,150,79,0.056765939954965754
63,3,10,150,79,0.03554915059547175
64,3,10,150,79,0.0
65,3,10,150,79,0.2994759515353249
66,3,10,150,79,0.0
67,3,10,150,79,0.0
68,3,10,150,79,0.0
69,3,10,150,79,0.18013245110732332
70,3,10,150,79,0.04310441109649134
71,3,10,150,79,0.1434649426280276
72,3,10,150,79,0.16084022171949366
73,3,10,150,79,0.051960280791503534
74,3,10,150,79,0.0
75,3,10,150,79,0.11731968150568911
76,3,10,150,79,0.14804398249667974
77,3,10,150,79,0.45287742747371695
78,3,10,150,79,0.0
79,3,10,150,79,0.0
80,3,10,150,79,0.08297572808511901
81,3,10,150,79,0.0
82,3,10,150,79,0.08926877557705373
83,3,10,150,79,0.04630610387058298
84,3,10,150,79,0.0
85,3,10,150,79,0.06966660916502733
86,3,10,150,79,0.07738888769495082
87,3,10,150,79,0.10058161863664324
88,3,10,150,79,0.0
89,3,10,150,79,0.22860031301980846
90,3,10,150,79,0.2386569480666451
91,3,10,150,79,0.13114221140465185
92,3,10,150,79,0.03690254550997565
93,3,10,150,79,0.0
94,3,10,150,79,0.19025030646477453
95,3,10,150,79,0.07964436720215591
96,3,10,150,79,0.19186450284072096
97,3,10,150,79,0.16731903653190372
98,3,10,150,79,0.08878770367712427
99,3,10,150,79,0.029785542524894418
100,3,10,150,79,0.0892789338684584
101,3,10,150,79,0.0
102,3,10,150,79,0.026001814664123827
103,3,10,150,79,0.07673373981757839
104,3,10,150,79,0.12171451575741458
106,3,10,150,79,0.05261577455142312
107,3,10,150,79,0.0
108,3,10,150,79,0.0
109,3,10,150,79,0.11259960483764554
110,3,10,150,79,0.06422488523189442
111,3,10,150,79,0.0
112,3,10,150,79,0.06510475888148554
113,3,10,150,79,0.05449144662575446
114,3,10,150,79,0.07610811271330754
115,3,10,150,79,0.046806851959664796
116,3,10,150,79,0.07814915695077672
117,3,10,150,79,0.10135360124281675
118,3,10,150,79,0.0
119,3,10,150,79,0.0857501853120467
121,3,10,150,79,0.06245141164382474
122,3,10,150,79,0.07625852881342107
123,3,10,150,79,0.46927872602275644
124,3,10,150,79,0.10889376106823218
125,3,10,150,79,0.1758278598077621
126,3,10,150,79,0.0
127,3,10,150,79,0.0
128,3,10,150,79,0.047777554739453616
129,3,10,150,79,0.0
130,3,10,150,79,0.11207058154636457
131,3,10,150,79,0.2803335894048546
132,3,10,150,79,0.1431991570830273
133,3,10,150,79,0.0
134,3,10,150,79,0.0
135,3,10,150,79,0.0
136,3,10,150,79,0.40257390286801836
137,3,10,150,79,0.0
138,3,10,150,79,0.21222747957761057
139,3,10,150,79,0.0
140,3,10,150,79,0.0
141,3,10,150,79,0.20239191246999313
142,3,10,150,79,0.30260241349881345
143,3,10,150,79,0.0
144,3,10,150,79,0.2143720535700613
145,3,10,150,79,0.10527481150051315
146,3,10,150,79,0.0
147,3,10,150,79,0.07610811271330754
148,3,10,150,79,0.10419221525731585
149,3,10,150,79,0.05446824630887794
150,3,10,150,79,0.0
151,3,10,150,79,0.16194309002265503
152,3,10,150,79,0.048689109753478024
153,3,10,150,79,0.06516188295518531
154,3,10,150,79,0.055100238151135045
155,3,10,150,79,0.0
156,3,10,150,79,0.07028063830038406
157,3,10,150,79,0.05840183867278569
158,3,10,150,79,0.07413972351842125
159,3,10,150,79,0.11026617795298452
160,3,10,150,79,0.08815843064600337
161,3,10,150,79,0.0
162,3,10,150,79,0.0
163,3,10,150,79,0.0
164,3,10,150,79,0.0
165,3,10,150,79,0.09149012142095872
166,3,10,150,79,0.09726657973356154
167,3,10,150,79,0.03395822402998728
168,3,10,150,79,0.0
169,3,10,150,79,0.055427457405235275
170,3,10,150,79,0.0
171,3,10,150,79,0.0
172,3,10,150,79,0.0
173,3,10,150,79,0.0
174,3,10,150,79,0.09877498173459962
175,3,10,150,79,0.4413254197204702
176,3,10,150,79,0.0347693136731627
177,3,10,150,79,0.0
178,3,10,150,79,0.18053947820976404
179,3,10,150,79,0.06599888514927177
180,3,10,150,79,0.0
181,3,10,150,79,0.04622579729077891
182,3,10,150,79,0.13120507751234178
183,3,10,150,79,0.0
184,3,10,150,79,0.016355592358211265
185,3,10,150,79,0.0
186,3,10,150,79,0.0
187,3,10,150,79,0.2004102107997965
188,3,10,150,79,0.050562513489816586
189,3,10,150,79,0.22982757951573698
190,3,10,150,79,0.0
191,3,10,150,79,0.07335312372354855
192,3,10,150,79,0.0
193,3,10,150,79,0.04024288246957146
194,3,10,150,79,0.0860257611411915
195,3,10,150,79,0.10257737475069033
196,3,10,150,79,0.17342765698823945
197,3,10,150,79,0.07304192939088519
198,3,10,150,79,0.10387325901274824
199,3,10,150,79,0.052106753859569234
200,3,10,150,79,0.0971420957831845
201,3,10,150,79,0.25590835195750156
202,3,10,150,79,0.0
203,3,10,150,79,0.0
204,3,10,150,79,0.0
205,3,10,150,79,0.11600766930798434
206,3,10,150,79,0.0
207,3,10,150,79,0.16236016260794908
208,3,10,150,79,0.0
209,3,10,150,79,0.070675417981692
210,3,10,150,79,0.0
211,3,10,150,79,0.0
212,3,10,150,79,0.0559167101555819
213,3,10,150,79,0.08985507164305877
214,3,10,150,79,0.1257260924843343
215,3,10,150,79,0.157288596461893
216,3,10,150,79,0.27735230728218535
217,3,10,150,79,0.13000004444613666
218,3,10,150,79,0.06323567569191428
219,3,10,150,79,0.0
220,3,10,150,79,0.07807600999842033
221,3,10,150,79,0.12213234467515617
222,3,10,150,79,0.1483732210811898
223,3,10,150,79,0.039270700903099615
224,3,10,150,79,0.05211803804128038
225,3,10,150,79,0.09311209812195972
226,3,10,150,79,0.0
227,3,10,150,79,0.0
229,3,10,150,79,0.0
230,3,10,150,79,0.1697995249867118
231,3,10,150,79,0.0
232,3,10,150,79,0.0
233,3,10,150,79,0.20123780419810608
234,3,10,150,79,0.16791874746723884
235,3,10,150,79,0.11418024069273867
236,3,10,150,79,0.12127042983235181
237,3,10,150,79,0.04776398023609584
238,3,10,150,79,0.0
239,3,10,150,79,0.14738301924206398
240,3,10,150,79,0.10235170428306553
241,3,10,150,79,0.1381300260171807
242,3,10,150,79,0.0
243,3,10,150,79,0.0
244,3,10,150,79,0.15017336350566032
245,3,10,150,79,0.0
246,3,10,150,79,0.08356426880363813
247,3,10,150,79,0.15642624200758548
248,3,10,150,79,0.23451355966072135
249,3,10,150,79,0.3296200475575061
250,3,10,150,79,0.07806699296748765
251,3,10,150,79,0.0
252,3,10,150,79,0.07630862162354303
253,3,10,150,79,0.038220360097248454
254,3,10,150,79,0.036502603141236205
255,3,10,150,79,0.10933464083642679
256,3,10,150,79,0.0681239071992697
257,3,10,150,79,0.12830873359117523
258,3,10,150,79,0.16260831227163416
259,3,10,150,79,0.0
260,3,10,150,79,0.0
261,3,10,150,79,0.0
262,3,10,150,79,0.0
263,3,10,150,79,0.36030713075223775
264,3,10,150,79,0.3852510465367394
265,3,10,150,79,0.19802572813668026
266,3,10,150,79,0.0
267,3,10,150,79,0.22898927482035836
268,3,10,150,79,0.10827784002385153
269,3,10,150,79,0.040019695500760184
270,3,10,150,79,0.049915567102790354
271,3,10,150,79,0.10729393508609222
272,3,10,150,79,0.10457492829503848
273,3,10,150,79,0.0
274,3,10,150,79,0.05380266522938521
275,3,10,150,79,0.0
276,3,10,150,79,0.16980167613750208
277,3,10,150,79,0.0
278,3,10,150,79,0.0
279,3,10,150,79,0.11910385967976722
280,3,10,150,79,0.0882348794193481
281,3,10,150,79,0.0
282,3,10,150,79,0.09659953929285248
283,3,10,150,79,0.0
284,3,10,150,79,0.0
285,3,10,150,79,0.0
286,3,10,150,79,0.016140534521312585
287,3,10,150,79,0.0
288,3,10,150,79,0.13999259891013252
289,3,10,150,79,0.0
290,3,10,150,79,0.09647783930421741
291,3,10,150,79,0.17775326828407884
292,3,10,150,79,0.27665227928348557
293,3,10,150,79,0.12541055970909534
294,3,10,150,79,0.09628038570550856
295,3,10,150,79,0.15956840344924803
296,3,10,150,79,0.15701688667375013
297,3,10,150,79,0.030868393892711742
298,3,10,150,79,0.13814728270261697
299,3,10,150,79,0.07694316572383303
300,3,10,150,79,0.0
301,3,10,150,79,0.1296575124303738
302,3,10,150,79,0.07335312372354855
303,3,10,150,79,0.17978154785217412
304,3,10,150,79,0.0
305,3,10,150,79,0.05428021340641747
306,3,10,150,79,0.0
307,3,10,150,79,0.13128644747266613
308,3,10,150,79,0.05707430901002984
309,3,10,150,79,0.0
310,3,10,150,79,0.2890648263178879
311,3,10,150,79,0.17512035582237062
312,3,10,150,79,0.16963857451199318
313,3,10,150,79,0.09586943528179451
314,3,10,150,79,0.10507089418815024
315,3,10,150,79,0.09785159463516042
316,3,10,150,79,0.06076546216996844
317,3,10,150,79,0.0
318,3,10,150,79,0.07377376675297492
319,3,10,150,79,0.0
320,3,10,150,79,0.08947300054212491
321,3,10,150,79,0.08223795175588802
322,3,10,150,79,0.07955752067133452
323,3,10,150,79,0.12229181918924699
324,3,10,150,79,0.0
325,3,10,150,79,0.0
326,3,10,150,79,0.10817904857938596
327,3,10,150,79,0.015483922344753005
328,3,10,150,79,0.1253761246808089
329,3,10,150,79,0.056720838976548935
330,3,10,150,79,0.3028509129070748
331,3,10,150,79,0.0
332,3,10,150,79,0.1160620536137697
333,3,10,150,79,0.0
334,3,10,150,79,0.14660842569240642
335,3,10,150,79,0.0
336,3,10,150,79,0.0
337,3,10,150,79,0.2325689761571779
338,3,10,150,79,0.08388555279643939
339,3,10,150,79,0.1856477756884163
340,3,10,150,79,0.12647135138382856
341,3,10,150,79,0.0
342,3,10,150,79,0.15381739323016694
343,3,10,150,79,0.35449693766486445
344,3,10,150,79,0.13804010954782428
345,3,10,150,79,0.14462655322572632
346,3,10,150,79,0.1264086027263655
347,3,10,150,79,0.09642724089192412
348,3,10,150,79,0.0
349,3,10,150,79,0.07123530534387781
350,3,10,150,79,0.2314071217459096
351,3,10,150,79,0.0
352,3,10,150,79,0.16282653392890226
353,3,10,150,79,0.09489642549953911
354,3,10,150,79,0.048823562593396645
355,3,10,150,79,0.05122871476979503
356,3,10,150,79,0.0
357,3,10,150,79,0.03371865946438579
358,3,10,150,79,0.26730206653594746
359,3,10,150,79,0.14341929980357182
360,3,10,150,79,0.13132846997338612
361,3,10,150,79,0.0
362,3,10,150,79,0.0
363,3,10,150,79,0.1867805234163032
364,3,10,150,79,0.0
365,3,10,150,79,0.0989084497079971
366,3,10,150,79,0.10684080426179023
367,3,10,150,79,0.1410054764628891
368,3,10,150,79,0.0
369,3,10,150,79,0.0
370,3,10,150,79,0.045683428159663184
371,3,10,150,79,0.174231549865924
372,3,10,150,79,0.13528214995015655
373,3,10,150,79,0.18128610071101886
374,3,10,150,79,0.1523273086076386
375,3,10,150,79,0.0
376,3,10,150,79,0.0
377,3,10,150,79,0.053168340515114924
378,3,10,150,79,0.053263484749357055
379,3,10,150,79,0.16693258363041708
380,3,10,150,79,0.0
381,3,10,150,79,0.08294243278442993
382,3,10,150,79,0.13500098315004241
383,3,10,150,79,0.03539807129574854
384,3,10,150,79,0.08759200575528697
385,3,10,150,79,0.1546778125427113
386,3,10,150,79,0.0
387,3,10,150,79,0.03814967334348895
388,3,10,150,79,0.029785542524894418
389,3,10,150,79,0.1436557902546879
390,3,10,150,79,0.2691365333037713
391,3,10,150,79,0.298074760835303
392,3,10,150,79,0.10835852340243231
393,3,10,150,79,0.18595767680255276
394,3,10,150,79,0.12900206501129066
395,3,10,150,79,0.15727036710905312
396,3,10,150,79,0.0
397,3,10,150,79,0.12905531436930254
398,3,10,150,79,0.12204637821038242
399,3,10,150,79,0.05509887073092855
400,3,10,150,79,0.0
401,3,10,150,79,0.0
402,3,10,150,79,0.469779625693621
403,3,10,150,79,0.02818923206968657
404,3,10,150,79,0.0
405,3,10,150,79,0.21731918473580172
406,3,10,150,79,0.1428233347987388
407,3,10,150,79,0.1106313931757508
408,3,10,150,79,0.12083071655728543
409,3,10,150,79,0.15086419336317547
410,3,10,150,79,0.0
411,3,10,150,79,0.1128999930808451
412,3,10,150,79,0.0
413,3,10,150,79,0.10122860821230018
414,3,10,150,79,0.0
415,3,10,150,79,0.07605458145297357
416,3,10,150,79,0.2914959483799339
417,3,10,150,79,0.05712516951520643
418,3,10,150,79,0.07001560573318603
419,3,10,150,79,0.26168079122473237
420,3,10,150,79,0.0527075128660253
421,3,10,150,79,0.202729931306865
422,3,10,150,79,0.0
423,3,10,150,79,0.0
424,3,10,150,79,0.13291000263869587
425,3,10,150,79,0.015224331423152564
426,3,10,150,79,0.10004388309532918
427,3,10,150,79,0.0
428,3,10,150,79,0.0
429,3,10,150,79,0.1274363524040988
430,3,10,150,79,0.062242588308449316
431,3,10,150,79,0.0
432,3,10,150,79,0.05253723007572906
433,3,10,150,79,0.0
434,3,10,150,79,0.25803884452092735
435,3,10,150,79,0.1991271510607973
436,3,10,150,79,0.09291494561763272
437,3,10,150,79,0.07387863190475343
438,3,10,150,79,0.0
439,3,10,150,79,0.0
440,3,10,150,79,0.10025741859697787
441,3,10,150,79,0.0
442,3,10,150,79,0.09569564382838347
443,3,10,150,79,0.056720838976548935
444,3,10,150,79,0.19519002499605084
445,3,10,150,79,0.0
446,3,10,150,79,0.0
447,3,10,150,79,0.09914294517496557
448,3,10,150,79,0.0
449,3,10,150,79,0.0
450,3,10,150,79,0.3173244695866356
451,3,10,150,79,0.0
452,3,10,150,79,0.048188247044562364
453,3,10,150,79,0.14969815781875853
454,3,10,150,79,0.011785531712672083
455,3,10,150,79,0.2223859147540445
456,3,10,150,79,0.18931496347604157
457,3,10,150,79,0.36238463914482993
458,3,10,150,79,0.12059750656999586
459,3,10,150,79,0.04901586605894737
460,3,10,150,79,0.0
461,3,10,150,79,0.10778915452451093
462,3,10,150,79,0.16728714615527887
463,3,10,150,79,0.1032589365938857
464,3,10,150,79,0.091470579054696
465,3,10,150,79,0.0733934381893728
466,3,10,150,79,0.0750834162528243
467,3,10,150,79,0.032842167909375275
468,3,10,150,79,0.4424763580282471
469,3,10,150,79,0.08625887094910875
470,3,10,150,79,0.040162930685297936
471,3,10,150,79,0.0
472,3,10,150,79,0.26989864785316925
473,3,10,150,79,0.08903377327702097
474,3,10,150,79,0.3483282315371903
475,3,10,150,79,0.0
476,3,10,150,79,0.12097589732794561
477,3,10,150,79,0.0
478,3,10,150,79,0.2059565668593519
479,3,10,150,79,0.07893633843817272
480,3,10,150,79,0.0881980292211471
481,3,10,150,79,0.05234104579082298
482,3,10,150,79,0.15905893746943514
483,3,10,150,79,0.06194403202282284
484,3,10,150,79,0.33809266656634696
485,3,10,150,79,0.0
486,3,10,150,79,0.06108300840136219
487,3,10,150,79,0.10060724527338907
488,3,10,150,79,0.05887472794707303
489,3,10,150,79,0.036287809073690475
490,3,10,150,79,0.06490403551612171
491,3,10,150,79,0.17758207479178334
492,3,10,150,79,0.12925417913024104
493,3,10,150,79,0.26530843853655434
494,3,10,150,79,0.15581531016292202
495,3,10,150,79,0.15304583605162636
496,3,10,150,79,0.07271211160102074
497,3,10,150,79,0.07810188140590023
498,3,10,150,79,0.0343217267714905
499,3,10,150,79,0.1775756306140374
500,3,10,150,79,0.04698773570888995
501,3,10,150,79,0.0
502,3,10,150,79,0.03272632263321488
503,3,10,150,79,0.2768332968914173
504,3,10,150,79,0.09794337990609951
505,3,10,150,79,0.025255271126572616
506,3,10,150,79,0.16119309772585624
507,3,10,150,79,0.02579743633593384
508,3,10,150,79,0.2124218923765955
509,3,10,150,79,0.0
510,3,10,150,79,0.17032928501352598
511,3,10,150,79,0.12155021559723776
512,3,10,150,79,0.0
513,3,10,150,79,0.09761131800342168
514,3,10,150,79,0.20202473045271674
515,3,10,150,79,0.0
516,3,10,150,79,0.07947838320659593
517,3,10,150,79,0.03859643636257609
518,3,10,150,79,0.05268083714989503
519,3,10,150,79,0.034560204819110964
520,3,10,150,79,0.0
521,3,10,150,79,0.07649261318048692
522,3,10,150,79,0.2035192592417533
523,3,10,150,79,0.18941913248920814
524,3,10,150,79,0.050501638033027096
525,3,10,150,79,0.06516045994396072
526,3,10,150,79,0.052528565413809895
527,3,10,150,79,0.21068702285875093
528,3,10,150,79,0.1255942414278791
529,3,10,150,79,0.03208343640786788
530,3,10,150,79,0.0
531,3,10,150,79,0.0
532,3,10,150,79,0.1820393860639808
533,3,10,150,79,0.13077875588459684
534,3,10,150,79,0.10040759964046686
535,3,10,150,79,0.25224874540372827
536,3,10,150,79,0.19370572859880655
537,3,10,150,79,0.4512634709905742
538,3,10,150,79,0.09944592215223559
539,3,10,150,79,0.07086035994602148
540,3,10,150,79,0.0
541,3,10,150,79,0.0779170553370938
542,3,10,150,79,0.08543674999048095
543,3,10,150,79,0.018843852619906468
544,3,10,150,79,0.0
545,3,10,150,79,0.1627301445786375
546,3,10,150,79,0.1727529426032757
547,3,10,150,79,0.04528995543568932
548,3,10,150,79,0.08556622378188056
549,3,10,150,79,0.10184659627402569
550,3,10,150,79,0.0845667599404342
551,3,10,150,79,0.2863271072131811
552,3,10,150,79,0.0
553,3,10,150,79,0.13528660262448355
554,3,10,150,79,0.0
555,3,10,150,79,0.037070343480771185
556,3,10,150,79,0.2848749592866812
557,3,10,150,79,0.044530079137671444
558,3,10,150,79,0.21398626473452756
559,3,10,150,79,0.11571122630007512
560,3,10,150,79,0.13657262402833295
561,3,10,150,79,0.08295107346537628
562,3,10,150,79,0.16880427191129663
563,3,10,150,79,0.10791970824616881
564,3,10,150,79,0.0
565,3,10,150,79,0.2016297075493207
566,3,10,150,79,0.11935234359120704
567,3,10,150,79,0.33984577539164024
568,3,10,150,79,0.07161318866452264
569,3,10,150,79,0.023835426911994775
570,3,10,150,79,0.0
571,3,10,150,79,0.0512644431393966
572,3,10,150,79,0.30260241349881345
573,3,10,150,79,0.0
574,3,10,150,79,0.02529922263119915
575,3,10,150,79,0.13043262693172047
576,3,10,150,79,0.0
577,3,10,150,79,0.2017286250978881
578,3,10,150,79,0.0
579,3,10,150,79,0.06152644703210656
580,3,10,150,79,0.03144137376097698
581,3,10,150,79,0.0
582,3,10,150,79,0.06679511870650716
583,3,10,150,79,0.13912814892946682
584,3,10,150,79,0.20261715588288354
585,3,10,150,79,0.042225550968526857
586,3,10,150,79,0.0663945281096953
587,3,10,150,79,0.029230460362194715
588,3,10,150,79,0.25277450599305085
589,3,10,150,79,0.09905100598441088
590,3,10,150,79,0.19997970715667693
591,3,10,150,79,0.08651464973019597
592,3,10,150,79,0.3232440061435679
593,3,10,150,79,0.14271020042879362
594,3,10,150,79,0.0
595,3,10,150,79,0.055965373307784824
596,3,10,150,79,0.09803928583135704
597,3,10,150,79,0.02579743633593384
598,3,10,150,79,0.0
599,3,10,150,79,0.02506539947940475
600,3,10,150,79,0.13574631165894233
601,3,10,150,79,0.14661690295711607
602,3,10,150,79,0.041278922835426404
603,3,10,150,79,0.12541207695631323
604,3,10,150,79,0.0
605,3,10,150,79,0.20667237874233232
606,3,10,150,79,0.3336897715127727
607,3,10,150,79,0.0308875359117713
608,3,10,150,79,0.20657435219961784
609,3,10,150,79,0.0
610,3,10,150,79,0.12186625680881258
611,3,10,150,79,0.19680646538945382
612,3,10,150,79,0.09162544430476362
613,3,10,150,79,0.1652462050665711
614,3,10,150,79,0.1467868763787456
615,3,10,150,79,0.17368907358900634
616,3,10,150,79,0.030480958763669998
617,3,10,150,79,0.0539699203856165
618,3,10,150,79,0.1315807578960836
619,3,10,150,79,0.14795344439858116
620,3,10,150,79,0.24239278329353608
621,3,10,150,79,0.10569072181389248
622,3,10,150,79,0.16226113935431313
623,3,10,150,79,0.04214302778527282
624,3,10,150,79,0.03202992305603544
625,3,10,150,79,0.06672272773479279
626,3,10,150,79,0.07930828170886256
627,3,10,150,79,0.11471658297235718
628,3,10,150,79,0.03280031436649239
629,3,10,150,79,0.3068593984808127
630,3,10,150,79,0.10834532177911152
631,3,10,150,79,0.13449792459172438
632,3,10,150,79,0.08348454970562778
633,3,10,150,79,0.050456115328747164
634,3,10,150,79,0.09692094009503625
635,3,10,150,79,0.0
636,3,10,150,79,0.4108031518056064
637,3,10,150,79,0.04188454685690797
638,3,10,150,79,0.05152901435389809
639,3,10,150,79,0.01070448204588216
640,3,10,150,79,0.16254564442204458
641,3,10,150,79,0.051358492238643604
642,3,10,150,79,0.30037773967032877
643,3,10,150,79,0.21748946536642058
644,3,10,150,79,0.023868766231572826
645,3,10,150,79,0.17744101704673967
646,3,10,150,79,0.11243817952384734
647,3,10,150,79,0.06590268968688952
648,3,10,150,79,0.2545711526093081
649,3,10,150,79,0.04336490181597879
650,3,10,150,79,0.11309520251273797
651,3,10,150,79,0.0
652,3,10,150,79,0.0
653,3,10,150,79,0.1340719979362318
654,3,10,150,79,0.05402442095740813
655,3,10,150,79,0.45680151522234386
656,3,10,150,79,0.0
657,3,10,150,79,0.2504953915210566
658,3,10,150,79,0.09988783377897062
659,3,10,150,79,0.10039416932056823
660,3,10,150,79,0.03723837023513783
661,3,10,150,79,0.22555433567053945
662,3,10,150,79,0.0
663,3,10,150,79,0.1250707809701198
664,3,10,150,79,0.2433808724049065
665,3,10,150,79,0.0637635876459061
666,3,10,150,79,0.10796304029248488
667,3,10,150,79,0.1487205698875683
668,3,10,150,79,0.0
669,3,10,150,79,0.2287469684999221
670,3,10,150,79,0.0271437232396382
671,3,10,150,79,0.20598773756155325
672,3,10,150,79,0.07973520350569015
673,3,10,150,79,0.03236977394070781
674,3,10,150,79,0.0
675,3,10,150,79,0.0382580635535654
676,3,10,150,79,0.22358931366364498
677,3,10,150,79,0.10158983531347915
678,3,10,150,79,0.0
679,3,10,150,79,0.20531579536501102
680,3,10,150,79,0.022168697248564677
681,3,10,150,79,0.0
682,3,10,150,79,0.2323726096068635
683,3,10,150,79,0.045215225629604006
684,3,10,150,79,0.03158850394477252
685,3,10,150,79,0.20373936192022438
686,3,10,150,79,0.2681485091810433
687,3,10,150,79,0.0
688,3,10,150,79,0.0
689,3,10,150,79,0.429307082657261
690,3,10,150,79,0.24802939400095458
691,3,10,150,79,0.6023709850354425
692,3,10,150,79,0.03353522641880846
693,3,10,150,79,0.04711181933747839
694,3,10,150,79,0.21361709189247302
695,3,10,150,79,0.05816383356143395
696,3,10,150,79,0.08111636357522063
697,3,10,150,79,0.08316188759665785
698,3,10,150,79,0.0
699,3,10,150,79,0.06266837015218314
700,3,10,150,79,0.0
701,3,10,150,79,0.12271508523586225
702,3,10,150,79,0.0
703,3,10,150,79,0.21888235022994418
704,3,10,150,79,0.2308890005160202
705,3,10,150,79,0.2867207867777622
706,3,10,150,79,0.03481402556224447
707,3,10,150,79,0.25544974122819125
708,3,10,150,79,0.03476299583640518
709,3,10,150,79,0.16604950811619162
710,3,10,150,79,0.25040922491354684
711,3,10,150,79,0.2002908336463011
712,3,10,150,79,0.0709301463537875
713,3,10,150,79,0.0
714,3,10,150,79,0.1266607864485773
715,3,10,150,79,0.16860516623933322
716,3,10,150,79,0.25517180708581816
717,3,10,150,79,0.15218028545758808
718,3,10,150,79,0.0
719,3,10,150,79,0.10353175087921149
720,3,10,150,79,0.029886352638305778
721,3,10,150,79,0.12300822274420435
722,3,10,150,79,0.07401896317743158
723,3,10,150,79,0.0
724,3,10,150,79,0.0
725,3,10,150,79,0.04733244938590725
726,3,10,150,79,0.061080020762274374
727,3,10,150,79,0.0726614260766112
728,3,10,150,79,0.0
729,3,10,150,79,0.046534861017850544
730,3,10,150,79,0.0
731,3,10,150,79,0.2125734307785682
732,3,10,150,79,0.05717828980196049
733,3,10,150,79,0.020730875129846955
734,3,10,150,79,0.08131766139183766
735,3,10,150,79,0.08151055815578559
736,3,10,150,79,0.047009109882897075
737,3,10,150,79,0.12127716502890909
738,3,10,150,79,0.09907057054543131
739,3,10,150,79,0.18767092572990207
740,3,10,150,79,0.0523780734795101
741,3,10,150,79,0.09620963094643388
742,3,10,150,79,0.0527075128660253
743,3,10,150,79,0.1194783875505714
744,3,10,150,79,0.0
745,3,10,150,79,0.06774344219296054
746,3,10,150,79,0.24124954544361757
747,3,10,150,79,0.21118669824119934
748,3,10,150,79,0.04132344798443041
749,3,10,150,79,0.2833855135827298
750,3,10,150,79,0.20954227812062592
751,3,10,150,79,0.06407706415564705
752,3,10,150,79,0.08155432360208091
753,3,10,150,79,0.07079765724607746
754,3,10,150,79,0.0
755,3,10,150,79,0.0
756,3,10,150,79,0.044143057780823704
757,3,10,150,79,0.159944638279702
758,3,10,150,79,0.26467752081888524
759,3,10,150,79,0.04828669550714567
760,3,10,150,79,0.16006374561654185
761,3,10,150,79,0.17663858756688974
762,3,10,150,79,0.0
763,3,10,150,79,0.1361070514270778
764,3,10,150,79,0.04710969775183564
765,3,10,150,79,0.0966785411876802
766,3,10,150,79,0.035191004809260996
767,3,10,150,79,0.1269544353559099
768,3,10,150,79,0.09997171219938322
769,3,10,150,79,0.0
770,3,10,150,79,0.207274302223422
771,3,10,150,79,0.07363642524234874
772,3,10,150,79,0.038996699933076286
773,3,10,150,79,0.15659560794124947
774,3,10,150,79,0.0
775,3,10,150,79,0.0
776,3,10,150,79,0.04721006604760436
777,3,10,150,79,0.0
778,3,10,150,79,0.08961728720334347
779,3,10,150,79,0.0
780,3,10,150,79,0.17108884848111908
781,3,10,150,79,0.16573484494600602
782,3,10,150,79,0.0
783,3,10,150,79,0.07763399617214947
784,3,10,150,79,0.04582425041433568
785,3,10,150,79,0.2848262604068979
786,3,10,150,79,0.13901223847985233
787,3,10,150,79,0.0
788,3,10,150,79,0.046626370288649896
789,3,10,150,79,0.14531023848228133
790,3,10,150,79,0.08452117092278105
791,3,10,150,79,0.059480024314918285
792,3,10,150,79,0.0946587791577201
793,3,10,150,79,0.11843263243420837
794,3,10,150,79,0.1578863001786244
795,3,10,150,79,0.06886690743551852
796,3,10,150,79,0.10569399804134626
797,3,10,150,79,0.13905617951077562
798,3,10,150,79,0.02688415331260267
799,3,10,150,79,0.2836929289153804
800,3,10,150,79,0.0
801,3,10,150,79,0.0
802,3,10,150,79,0.05621908976192367
803,3,10,150,79,0.0
804,3,10,150,79,0.20994146470018396
805,3,10,150,79,0.1465319928812479
806,3,10,150,79,0.10606704841588428
807,3,10,150,79,0.21551050461800983
808,3,10,150,79,0.09905728133858463
809,3,10,150,79,0.0
810,3,10,150,79,0.0
811,3,10,150,79,0.1162989546852336
812,3,10,150,79,0.11600766930798434
813,3,10,150,79,0.06916902856231065
814,3,10,150,79,0.054181637470214
815,3,10,150,79,0.10380674919178415
816,3,10,150,79,0.10105367325027378
817,3,10,150,79,0.0
818,3,10,150,79,0.05187864210776578
819,3,10,150,79,0.0
820,3,10,150,79,0.12262943855309168
821,3,10,150,79,0.18684232150964158
822,3,10,150,79,0.0
823,3,10,150,79,0.14011732711290795
824,3,10,150,79,0.0
825,3,10,150,79,0.16434089815347858
826,3,10,150,79,0.1395338307503347
827,3,10,150,79,0.0
828,3,10,150,79,0.0
829,3,10,150,79,0.08143169212679746
830,3,10,150,79,0.15298484663625925
831,3,10,150,79,0.0800524392169327
832,3,10,150,79,0.06248152673860667
833,3,10,150,79,0.05828935682373833
834,3,10,150,79,0.0
835,3,10,150,79,0.131093662595089
836,3,10,150,79,0.05097554749895306
837,3,10,150,79,0.05351287869030783
838,3,10,150,79,0.08633629724227374
839,3,10,150,79,0.0
840,3,10,150,79,0.1518245759629103
841,3,10,150,79,0.0
842,3,10,150,79,0.0
843,3,10,150,79,0.04209275315645388
844,3,10,150,79,0.0
845,3,10,150,79,0.06531065216760332
846,3,10,150,79,0.16592059617503505
847,3,10,150,79,0.0
848,3,10,150,79,0.06724639283045118
849,3,10,150,79,0.07682358143005112
850,3,10,150,79,0.06228974831361337
851,3,10,150,79,0.2277008805972924
852,3,10,150,79,0.07256783117062009
853,3,10,150,79,0.0
854,3,10,150,79,0.0
855,3,10,150,79,0.0
856,3,10,150,79,0.0
857,3,10,150,79,0.0
858,3,10,150,79,0.0
859,3,10,150,79,0.0
860,3,10,150,79,0.0
861,3,10,150,79,0.12754356661958802
862,3,10,150,79,0.18279787522069124
863,3,10,150,79,0.0
864,3,10,150,79,0.19756506460263396
865,3,10,150,79,0.0
866,3,10,150,79,0.0
867,3,10,150,79,0.18752183128814004
868,3,10,150,79,0.0
870,3,10,150,79,0.0
871,3,10,150,79,0.0
872,3,10,150,79,0.0
875,3,10,150,79,0.1395953738647505
876,3,10,150,79,0.0
877,3,10,150,79,0.0
1,3,10,150,80,0.6247579375131872
2,3,10,150,80,0.10688238502350729
3,3,10,150,80,0.0
4,3,10,150,80,0.0
5,3,10,150,80,0.0819283960923954
6,3,10,150,80,0.05340978172012693
7,3,10,150,80,0.18131159542617614
8,3,10,150,80,0.1900735845235601
9,3,10,150,80,0.0
10,3,10,150,80,0.16409920264511527
11,3,10,150,80,0.049016076581777215
12,3,10,150,80,0.13570688190090627
13,3,10,150,80,0.21336304112893525
14,3,10,150,80,0.14623893181570033
15,3,10,150,80,0.0
16,3,10,150,80,0.23483909981095427
17,3,10,150,80,0.12066394366711926
18,3,10,150,80,0.18606782959057458
19,3,10,150,80,0.0
20,3,10,150,80,0.14530105135237878
21,3,10,150,80,0.05824963961462511
22,3,10,150,80,0.1468275080577048
23,3,10,150,80,0.18360000301566626
24,3,10,150,80,0.311062094929455
25,3,10,150,80,0.0
26,3,10,150,80,0.030421795212869307
28,3,10,150,80,0.0
29,3,10,150,80,0.0
30,3,10,150,80,0.0979129253499678
31,3,10,150,80,0.06076546216996844
32,3,10,150,80,0.0
33,3,10,150,80,0.0
34,3,10,150,80,0.0
35,3,10,150,80,0.07108348368841133
37,3,10,150,80,0.08836851842055818
38,3,10,150,80,0.03215366848272267
39,3,10,150,80,0.0
40,3,10,150,80,0.0769181994946132
41,3,10,150,80,0.0
42,3,10,150,80,0.14144963799422255
43,3,10,150,80,0.268915965453296
44,3,10,150,80,0.07698159974258616
45,3,10,150,80,0.04505000432618384
46,3,10,150,80,0.2524329124868603
47,3,10,150,80,0.0
48,3,10,150,80,0.191300388285999
49,3,10,150,80,0.08545966314334597
50,3,10,150,80,0.0
51,3,10,150,80,0.18953836965473142
52,3,10,150,80,0.04892579731758021
53,3,10,150,80,0.09546043308946733
54,3,10,150,80,0.07984133538066794
55,3,10,150,80,0.0
56,3,10,150,80,0.03975645576081676
57,3,10,150,80,0.07600688094360178
58,3,10,150,80,0.10796876451088402
59,3,10,150,80,0.1942923495134787
60,3,10,150,80,0.12123807080432077
61,3,10,150,80,0.0
62,3,10,150,80,0.056765939954965754
63,3,10,150,80,0.03554915059547175
64,3,10,150,80,0.0
65,3,10,150,80,0.2994759515353249
66,3,10,150,80,0.0
67,3,10,150,80,0.0
68,3,10,150,80,0.0
69,3,10,150,80,0.18013245110732332
70,3,10,150,80,0.04310441109649134
71,3,10,150,80,0.1434649426280276
72,3,10,150,80,0.16084022171949366
73,3,10,150,80,0.051960280791503534
74,3,10,150,80,0.0
75,3,10,150,80,0.11731968150568911
76,3,10,150,80,0.14804398249667974
77,3,10,150,80,0.45287742747371695
78,3,10,150,80,0.0
79,3,10,150,80,0.0
80,3,10,150,80,0.08297572808511901
81,3,10,150,80,0.0
82,3,10,150,80,0.08926877557705373
83,3,10,150,80,0.04630610387058298
84,3,10,150,80,0.0
85,3,10,150,80,0.06966660916502733
86,3,10,150,80,0.07738888769495082
87,3,10,150,80,0.10058161863664324
88,3,10,150,80,0.0
89,3,10,150,80,0.22860031301980846
90,3,10,150,80,0.2386569480666451
91,3,10,150,80,0.13114221140465185
92,3,10,150,80,0.03690254550997565
93,3,10,150,80,0.0
94,3,10,150,80,0.19025030646477453
95,3,10,150,80,0.07964436720215591
96,3,10,150,80,0.19186450284072096
97,3,10,150,80,0.16731903653190372
98,3,10,150,80,0.08878770367712427
99,3,10,150,80,0.029785542524894418
100,3,10,150,80,0.0892789338684584
101,3,10,150,80,0.0
102,3,10,150,80,0.026001814664123827
103,3,10,150,80,0.07673373981757839
104,3,10,150,80,0.12171451575741458
106,3,10,150,80,0.05261577455142312
107,3,10,150,80,0.0
108,3,10,150,80,0.0
109,3,10,150,80,0.11259960483764554
110,3,10,150,80,0.06422488523189442
111,3,10,150,80,0.0
112,3,10,150,80,0.06510475888148554
113,3,10,150,80,0.05449144662575446
114,3,10,150,80,0.07610811271330754
115,3,10,150,80,0.07491639684062663
116,3,10,150,80,0.07814915695077672
117,3,10,150,80,0.10135360124281675
118,3,10,150,80,0.0
119,3,10,150,80,0.0857501853120467
121,3,10,150,80,0.06245141164382474
122,3,10,150,80,0.07625852881342107
123,3,10,150,80,0.46927872602275644
124,3,10,150,80,0.10889376106823218
125,3,10,150,80,0.1758278598077621
126,3,10,150,80,0.0
127,3,10,150,80,0.0
128,3,10,150,80,0.047777554739453616
129,3,10,150,80,0.0
130,3,10,150,80,0.11207058154636457
131,3,10,150,80,0.2803335894048546
132,3,10,150,80,0.1431991570830273
133,3,10,150,80,0.0
134,3,10,150,80,0.0
135,3,10,150,80,0.0
136,3,10,150,80,0.40257390286801836
137,3,10,150,80,0.0
138,3,10,150,80,0.21222747957761057
139,3,10,150,80,0.0
140,3,10,150,80,0.0
141,3,10,150,80,0.20239191246999313
142,3,10,150,80,0.30260241349881345
143,3,10,150,80,0.0
144,3,10,150,80,0.2143720535700613
145,3,10,150,80,0.10527481150051315
146,3,10,150,80,0.0
147,3,10,150,80,0.07610811271330754
148,3,10,150,80,0.13364524093464059
149,3,10,150,80,0.05446824630887794
150,3,10,150,80,0.0
151,3,10,150,80,0.16194309002265503
152,3,10,150,80,0.07040184612406662
153,3,10,150,80,0.06516188295518531
154,3,10,150,80,0.055100238151135045
155,3,10,150,80,0.0
156,3,10,150,80,0.07028063830038406
157,3,10,150,80,0.05840183867278569
158,3,10,150,80,0.07413972351842125
159,3,10,150,80,0.11026617795298452
160,3,10,150,80,0.08815843064600337
161,3,10,150,80,0.0
162,3,10,150,80,0.0
163,3,10,150,80,0.0
164,3,10,150,80,0.0
165,3,10,150,80,0.09149012142095872
166,3,10,150,80,0.09726657973356154
167,3,10,150,80,0.03395822402998728
168,3,10,150,80,0.0
169,3,10,150,80,0.055427457405235275
170,3,10,150,80,0.0
171,3,10,150,80,0.0
172,3,10,150,80,0.0
173,3,10,150,80,0.0
174,3,10,150,80,0.09877498173459962
175,3,10,150,80,0.4413254197204702
176,3,10,150,80,0.0347693136731627
177,3,10,150,80,0.0
178,3,10,150,80,0.18053947820976404
179,3,10,150,80,0.06599888514927177
180,3,10,150,80,0.0
181,3,10,150,80,0.04622579729077891
182,3,10,150,80,0.13120507751234178
183,3,10,150,80,0.0
184,3,10,150,80,0.016355592358211265
185,3,10,150,80,0.0
186,3,10,150,80,0.0
187,3,10,150,80,0.2004102107997965
188,3,10,150,80,0.050562513489816586
189,3,10,150,80,0.22982757951573698
190,3,10,150,80,0.0
191,3,10,150,80,0.07335312372354855
192,3,10,150,80,0.0
193,3,10,150,80,0.04024288246957146
194,3,10,150,80,0.0860257611411915
195,3,10,150,80,0.10257737475069033
196,3,10,150,80,0.17342765698823945
197,3,10,150,80,0.07304192939088519
198,3,10,150,80,0.10387325901274824
199,3,10,150,80,0.052106753859569234
200,3,10,150,80,0.0971420957831845
201,3,10,150,80,0.25590835195750156
202,3,10,150,80,0.0
203,3,10,150,80,0.0
204,3,10,150,80,0.0
205,3,10,150,80,0.11600766930798434
206,3,10,150,80,0.0
207,3,10,150,80,0.17590647434842874
208,3,10,150,80,0.0
209,3,10,150,80,0.070675417981692
210,3,10,150,80,0.0
211,3,10,150,80,0.0
212,3,10,150,80,0.0559167101555819
213,3,10,150,80,0.08985507164305877
214,3,10,150,80,0.1257260924843343
215,3,10,150,80,0.157288596461893
216,3,10,150,80,0.27735230728218535
217,3,10,150,80,0.13000004444613666
218,3,10,150,80,0.06323567569191428
219,3,10,150,80,0.0
220,3,10,150,80,0.07807600999842033
221,3,10,150,80,0.12213234467515617
222,3,10,150,80,0.1483732210811898
223,3,10,150,80,0.039270700903099615
224,3,10,150,80,0.05211803804128038
225,3,10,150,80,0.09311209812195972
226,3,10,150,80,0.0
227,3,10,150,80,0.0
229,3,10,150,80,0.0
230,3,10,150,80,0.1697995249867118
231,3,10,150,80,0.0
232,3,10,150,80,0.0
233,3,10,150,80,0.20123780419810608
234,3,10,150,80,0.16643635361788514
235,3,10,150,80,0.11418024069273867
236,3,10,150,80,0.12127042983235181
237,3,10,150,80,0.04776398023609584
238,3,10,150,80,0.0
239,3,10,150,80,0.14738301924206398
240,3,10,150,80,0.10235170428306553
241,3,10,150,80,0.1381300260171807
242,3,10,150,80,0.0
243,3,10,150,80,0.0
244,3,10,150,80,0.15017336350566032
245,3,10,150,80,0.0
246,3,10,150,80,0.08356426880363813
247,3,10,150,80,0.15642624200758548
248,3,10,150,80,0.23451355966072135
249,3,10,150,80,0.3296200475575061
250,3,10,150,80,0.07806699296748765
251,3,10,150,80,0.0
252,3,10,150,80,0.07630862162354303
253,3,10,150,80,0.038220360097248454
254,3,10,150,80,0.036502603141236205
255,3,10,150,80,0.10933464083642679
256,3,10,150,80,0.0681239071992697
257,3,10,150,80,0.12830873359117523
258,3,10,150,80,0.16260831227163416
259,3,10,150,80,0.0
260,3,10,150,80,0.0
261,3,10,150,80,0.0
262,3,10,150,80,0.0
263,3,10,150,80,0.36030713075223775
264,3,10,150,80,0.3852510465367394
265,3,10,150,80,0.19802572813668026
266,3,10,150,80,0.0
267,3,10,150,80,0.22898927482035836
268,3,10,150,80,0.10827784002385153
269,3,10,150,80,0.040019695500760184
270,3,10,150,80,0.049915567102790354
271,3,10,150,80,0.10729393508609222
272,3,10,150,80,0.10457492829503848
273,3,10,150,80,0.0
274,3,10,150,80,0.05380266522938521
275,3,10,150,80,0.0
276,3,10,150,80,0.1683026597137088
277,3,10,150,80,0.0
278,3,10,150,80,0.0
279,3,10,150,80,0.11910385967976722
280,3,10,150,80,0.0882348794193481
281,3,10,150,80,0.0
282,3,10,150,80,0.09659953929285248
283,3,10,150,80,0.0
284,3,10,150,80,0.0
285,3,10,150,80,0.0
286,3,10,150,80,0.016140534521312585
287,3,10,150,80,0.0
288,3,10,150,80,0.13999259891013252
289,3,10,150,80,0.0
290,3,10,150,80,0.09647783930421741
291,3,10,150,80,0.17775326828407884
292,3,10,150,80,0.27665227928348557
293,3,10,150,80,0.13731692442932955
294,3,10,150,80,0.09628038570550856
295,3,10,150,80,0.15956840344924803
296,3,10,150,80,0.15701688667375013
297,3,10,150,80,0.030868393892711742
298,3,10,150,80,0.13814728270261697
299,3,10,150,80,0.07694316572383303
300,3,10,150,80,0.0
301,3,10,150,80,0.1296575124303738
302,3,10,150,80,0.07335312372354855
303,3,10,150,80,0.17978154785217412
304,3,10,150,80,0.0
305,3,10,150,80,0.05428021340641747
306,3,10,150,80,0.0
307,3,10,150,80,0.13128644747266613
308,3,10,150,80,0.05707430901002984
309,3,10,150,80,0.0
310,3,10,150,80,0.2890648263178879
311,3,10,150,80,0.17512035582237062
312,3,10,150,80,0.16963857451199318
313,3,10,150,80,0.09586943528179451
314,3,10,150,80,0.10507089418815024
315,3,10,150,80,0.09785159463516042
316,3,10,150,80,0.06076546216996844
317,3,10,150,80,0.0
318,3,10,150,80,0.07377376675297492
319,3,10,150,80,0.0
320,3,10,150,80,0.08947300054212491
321,3,10,150,80,0.08223795175588802
322,3,10,150,80,0.07955752067133452
323,3,10,150,80,0.12229181918924699
324,3,10,150,80,0.0
325,3,10,150,80,0.0
326,3,10,150,80,0.10817904857938596
327,3,10,150,80,0.015483922344753005
328,3,10,150,80,0.1253761246808089
329,3,10,150,80,0.056720838976548935
330,3,10,150,80,0.3028509129070748
331,3,10,150,80,0.0
332,3,10,150,80,0.1160620536137697
333,3,10,150,80,0.0
334,3,10,150,80,0.1576550335359013
335,3,10,150,80,0.0
336,3,10,150,80,0.0
337,3,10,150,80,0.2325689761571779
338,3,10,150,80,0.08388555279643939
339,3,10,150,80,0.1856477756884163
340,3,10,150,80,0.12647135138382856
341,3,10,150,80,0.0
342,3,10,150,80,0.15381739323016694
343,3,10,150,80,0.35449693766486445
344,3,10,150,80,0.13804010954782428
345,3,10,150,80,0.14462655322572632
346,3,10,150,80,0.1264086027263655
347,3,10,150,80,0.09642724089192412
348,3,10,150,80,0.0
349,3,10,150,80,0.07123530534387781
350,3,10,150,80,0.2314071217459096
351,3,10,150,80,0.0
352,3,10,150,80,0.16282653392890226
353,3,10,150,80,0.09489642549953911
354,3,10,150,80,0.048823562593396645
355,3,10,150,80,0.05122871476979503
356,3,10,150,80,0.0
357,3,10,150,80,0.03371865946438579
358,3,10,150,80,0.26730206653594746
359,3,10,150,80,0.14341929980357182
360,3,10,150,80,0.13132846997338612
361,3,10,150,80,0.0
362,3,10,150,80,0.0
363,3,10,150,80,0.1867805234163032
364,3,10,150,80,0.0
365,3,10,150,80,0.0989084497079971
366,3,10,150,80,0.10684080426179023
367,3,10,150,80,0.1410054764628891
368,3,10,150,80,0.0
369,3,10,150,80,0.0
370,3,10,150,80,0.045683428159663184
371,3,10,150,80,0.174231549865924
372,3,10,150,80,0.13528214995015655
373,3,10,150,80,0.18128610071101886
374,3,10,150,80,0.1523273086076386
375,3,10,150,80,0.0
376,3,10,150,80,0.0
377,3,10,150,80,0.053168340515114924
378,3,10,150,80,0.053263484749357055
379,3,10,150,80,0.16693258363041708
380,3,10,150,80,0.0
381,3,10,150,80,0.08294243278442993
382,3,10,150,80,0.13500098315004241
383,3,10,150,80,0.03539807129574854
384,3,10,150,80,0.08759200575528697
385,3,10,150,80,0.1546778125427113
386,3,10,150,80,0.0
387,3,10,150,80,0.03814967334348895
388,3,10,150,80,0.029785542524894418
389,3,10,150,80,0.1436557902546879
390,3,10,150,80,0.2691365333037713
391,3,10,150,80,0.298074760835303
392,3,10,150,80,0.10835852340243231
393,3,10,150,80,0.18431603451728026
394,3,10,150,80,0.12900206501129066
395,3,10,150,80,0.15727036710905312
396,3,10,150,80,0.0
397,3,10,150,80,0.12905531436930254
398,3,10,150,80,0.12204637821038242
399,3,10,150,80,0.05509887073092855
400,3,10,150,80,0.0
401,3,10,150,80,0.0
402,3,10,150,80,0.469779625693621
403,3,10,150,80,0.02818923206968657
404,3,10,150,80,0.0
405,3,10,150,80,0.21540068172373172
406,3,10,150,80,0.1428233347987388
407,3,10,150,80,0.1106313931757508
408,3,10,150,80,0.12083071655728543
409,3,10,150,80,0.15086419336317547
410,3,10,150,80,0.0
411,3,10,150,80,0.1128999930808451
412,3,10,150,80,0.0
413,3,10,150,80,0.10122860821230018
414,3,10,150,80,0.0
415,3,10,150,80,0.07605458145297357
416,3,10,150,80,0.28892260974141026
417,3,10,150,80,0.05712516951520643
418,3,10,150,80,0.07001560573318603
419,3,10,150,80,0.26168079122473237
420,3,10,150,80,0.0527075128660253
421,3,10,150,80,0.202729931306865
422,3,10,150,80,0.0
423,3,10,150,80,0.0
424,3,10,150,80,0.13291000263869587
425,3,10,150,80,0.015224331423152564
426,3,10,150,80,0.10004388309532918
427,3,10,150,80,0.0
428,3,10,150,80,0.0
429,3,10,150,80,0.12631133886131518
430,3,10,150,80,0.062242588308449316
431,3,10,150,80,0.0
432,3,10,150,80,0.05253723007572906
433,3,10,150,80,0.0
434,3,10,150,80,0.25803884452092735
435,3,10,150,80,0.1973692480962731
436,3,10,150,80,0.09291494561763272
437,3,10,150,80,0.07387863190475343
438,3,10,150,80,0.0
439,3,10,150,80,0.0
440,3,10,150,80,0.10025741859697787
441,3,10,150,80,0.0615755971851825
442,3,10,150,80,0.09569564382838347
443,3,10,150,80,0.056720838976548935
444,3,10,150,80,0.19519002499605084
445,3,10,150,80,0.0
446,3,10,150,80,0.0
447,3,10,150,80,0.09914294517496557
448,3,10,150,80,0.0
449,3,10,150,80,0.0
450,3,10,150,80,0.31452311566362334
451,3,10,150,80,0.0
452,3,10,150,80,0.048188247044562364
453,3,10,150,80,0.14969815781875853
454,3,10,150,80,0.011785531712672083
455,3,10,150,80,0.23710459674081277
456,3,10,150,80,0.20286127521652125
457,3,10,150,80,0.36238463914482993
458,3,10,150,80,0.12059750656999586
459,3,10,150,80,0.04901586605894737
460,3,10,150,80,0.0
461,3,10,150,80,0.10778915452451093
462,3,10,150,80,0.16728714615527887
463,3,10,150,80,0.1032589365938857
464,3,10,150,80,0.091470579054696
465,3,10,150,80,0.0733934381893728
466,3,10,150,80,0.0750834162528243
467,3,10,150,80,0.032842167909375275
468,3,10,150,80,0.4424763580282471
469,3,10,150,80,0.08625887094910875
470,3,10,150,80,0.040162930685297936
471,3,10,150,80,0.0
472,3,10,150,80,0.26989864785316925
473,3,10,150,80,0.08903377327702097
474,3,10,150,80,0.3452531750841416
475,3,10,150,80,0.0
476,3,10,150,80,0.12097589732794561
477,3,10,150,80,0.0
478,3,10,150,80,0.2059565668593519
479,3,10,150,80,0.07893633843817272
480,3,10,150,80,0.0881980292211471
481,3,10,150,80,0.05234104579082298
482,3,10,150,80,0.15905893746943514
483,3,10,150,80,0.06194403202282284
484,3,10,150,80,0.33809266656634696
485,3,10,150,80,0.0
486,3,10,150,80,0.06108300840136219
487,3,10,150,80,0.10060724527338907
488,3,10,150,80,0.05887472794707303
489,3,10,150,80,0.05430215066239222
490,3,10,150,80,0.06490403551612171
491,3,10,150,80,0.17758207479178334
492,3,10,150,80,0.12925417913024104
493,3,10,150,80,0.26530843853655434
494,3,10,150,80,0.15581531016292202
495,3,10,150,80,0.1637144854966556
496,3,10,150,80,0.07271211160102074
497,3,10,150,80,0.07810188140590023
498,3,10,150,80,0.0343217267714905
499,3,10,150,80,0.1775756306140374
500,3,10,150,80,0.04698773570888995
501,3,10,150,80,0.0
502,3,10,150,80,0.03272632263321488
503,3,10,150,80,0.2768332968914173
504,3,10,150,80,0.09794337990609951
505,3,10,150,80,0.025255271126572616
506,3,10,150,80,0.16119309772585624
507,3,10,150,80,0.02579743633593384
508,3,10,150,80,0.23234007015870473
509,3,10,150,80,0.0
510,3,10,150,80,0.17032928501352598
511,3,10,150,80,0.12155021559723776
512,3,10,150,80,0.0
513,3,10,150,80,0.09761131800342168
514,3,10,150,80,0.20202473045271674
515,3,10,150,80,0.0
516,3,10,150,80,0.07947838320659593
517,3,10,150,80,0.03859643636257609
518,3,10,150,80,0.05268083714989503
519,3,10,150,80,0.034560204819110964
520,3,10,150,80,0.0
521,3,10,150,80,0.07649261318048692
522,3,10,150,80,0.2035192592417533
523,3,10,150,80,0.18941913248920814
524,3,10,150,80,0.05005580742309444
525,3,10,150,80,0.06516045994396072
526,3,10,150,80,0.052528565413809895
527,3,10,150,80,0.21068702285875093
528,3,10,150,80,0.1255942414278791
529,3,10,150,80,0.03208343640786788
530,3,10,150,80,0.0
531,3,10,150,80,0.0
532,3,10,150,80,0.19110829584670452
533,3,10,150,80,0.13077875588459684
534,3,10,150,80,0.10040759964046686
535,3,10,150,80,0.25224874540372827
536,3,10,150,80,0.19370572859880655
537,3,10,150,80,0.4472796978626514
538,3,10,150,80,0.09944592215223559
539,3,10,150,80,0.07086035994602148
540,3,10,150,80,0.0
541,3,10,150,80,0.0779170553370938
542,3,10,150,80,0.08543674999048095
543,3,10,150,80,0.018843852619906468
544,3,10,150,80,0.0
545,3,10,150,80,0.1627301445786375
546,3,10,150,80,0.1727529426032757
547,3,10,150,80,0.04528995543568932
548,3,10,150,80,0.08556622378188056
549,3,10,150,80,0.10184659627402569
550,3,10,150,80,0.0845667599404342
551,3,10,150,80,0.28379939932446624
552,3,10,150,80,0.0
553,3,10,150,80,0.13528660262448355
554,3,10,150,80,0.0
555,3,10,150,80,0.037070343480771185
556,3,10,150,80,0.2848749592866812
557,3,10,150,80,0.044530079137671444
558,3,10,150,80,0.21398626473452756
559,3,10,150,80,0.11571122630007512
560,3,10,150,80,0.13657262402833295
561,3,10,150,80,0.09104682041892354
562,3,10,150,80,0.16880427191129663
563,3,10,150,80,0.10791970824616881
564,3,10,150,80,0.0
565,3,10,150,80,0.2016297075493207
566,3,10,150,80,0.11935234359120704
567,3,10,150,80,0.33984577539164024
568,3,10,150,80,0.07161318866452264
569,3,10,150,80,0.023835426911994775
570,3,10,150,80,0.0
571,3,10,150,80,0.0512644431393966
572,3,10,150,80,0.30260241349881345
573,3,10,150,80,0.0
574,3,10,150,80,0.02529922263119915
575,3,10,150,80,0.13043262693172047
576,3,10,150,80,0.0
577,3,10,150,80,0.2017286250978881
578,3,10,150,80,0.0
579,3,10,150,80,0.06152644703210656
580,3,10,150,80,0.03144137376097698
581,3,10,150,80,0.0
582,3,10,150,80,0.06679511870650716
583,3,10,150,80,0.13912814892946682
584,3,10,150,80,0.20261715588288354
585,3,10,150,80,0.042225550968526857
586,3,10,150,80,0.0663945281096953
587,3,10,150,80,0.029230460362194715
588,3,10,150,80,0.25054300189592416
589,3,10,150,80,0.09905100598441088
590,3,10,150,80,0.19997970715667693
591,3,10,150,80,0.08651464973019597
592,3,10,150,80,0.32039039429989236
593,3,10,150,80,0.14271020042879362
594,3,10,150,80,0.0
595,3,10,150,80,0.055965373307784824
596,3,10,150,80,0.09803928583135704
597,3,10,150,80,0.02579743633593384
598,3,10,150,80,0.0
599,3,10,150,80,0.02506539947940475
600,3,10,150,80,0.13574631165894233
601,3,10,150,80,0.14661690295711607
602,3,10,150,80,0.041278922835426404
603,3,10,150,80,0.12541207695631323
604,3,10,150,80,0.0
605,3,10,150,80,0.20667237874233232
606,3,10,150,80,0.33074394400784035
607,3,10,150,80,0.0308875359117713
608,3,10,150,80,0.20657435219961784
609,3,10,150,80,0.0
610,3,10,150,80,0.12186625680881258
611,3,10,150,80,0.19680646538945382
612,3,10,150,80,0.09162544430476362
613,3,10,150,80,0.1652462050665711
614,3,10,150,80,0.1467868763787456
615,3,10,150,80,0.17368907358900634
616,3,10,150,80,0.030480958763669998
617,3,10,150,80,0.0539699203856165
618,3,10,150,80,0.13041915736522858
619,3,10,150,80,0.14795344439858116
620,3,10,150,80,0.24239278329353608
621,3,10,150,80,0.10569072181389248
622,3,10,150,80,0.16226113935431313
623,3,10,150,80,0.04214302778527282
624,3,10,150,80,0.03202992305603544
625,3,10,150,80,0.06672272773479279
626,3,10,150,80,0.07930828170886256
627,3,10,150,80,0.11471658297235718
628,3,10,150,80,0.03280031436649239
629,3,10,150,80,0.3068593984808127
630,3,10,150,80,0.10834532177911152
631,3,10,150,80,0.13449792459172438
632,3,10,150,80,0.08348454970562778
633,3,10,150,80,0.050456115328747164
634,3,10,150,80,0.09692094009503625
635,3,10,150,80,0.0
636,3,10,150,80,0.4108031518056064
637,3,10,150,80,0.04188454685690797
638,3,10,150,80,0.05152901435389809
639,3,10,150,80,0.01070448204588216
640,3,10,150,80,0.16254564442204458
641,3,10,150,80,0.051358492238643604
642,3,10,150,80,0.2977259922002796
643,3,10,150,80,0.21556945910969624
644,3,10,150,80,0.023868766231572826
645,3,10,150,80,0.17744101704673967
646,3,10,150,80,0.11243817952384734
647,3,10,150,80,0.06590268968688952
648,3,10,150,80,0.26115183019992916
649,3,10,150,80,0.04336490181597879
650,3,10,150,80,0.12092483581210466
651,3,10,150,80,0.0
652,3,10,150,80,0.0
653,3,10,150,80,0.13288840463227383
654,3,10,150,80,0.05402442095740813
655,3,10,150,80,0.46159689456478314
656,3,10,150,80,0.0
657,3,10,150,80,0.2504953915210566
658,3,10,150,80,0.09988783377897062
659,3,10,150,80,0.09950788532097599
660,3,10,150,80,0.045737670878359074
661,3,10,150,80,0.23687096335281838
662,3,10,150,80,0.0
663,3,10,150,80,0.1250707809701198
664,3,10,150,80,0.2433808724049065
665,3,10,150,80,0.0637635876459061
666,3,10,150,80,0.10700993797781728
667,3,10,150,80,0.1487205698875683
668,3,10,150,80,0.0
669,3,10,150,80,0.2287469684999221
670,3,10,150,80,0.0271437232396382
671,3,10,150,80,0.20598773756155325
672,3,10,150,80,0.07973520350569015
673,3,10,150,80,0.03236977394070781
674,3,10,150,80,0.0
675,3,10,150,80,0.0382580635535654
676,3,10,150,80,0.22358931366364498
677,3,10,150,80,0.10158983531347915
678,3,10,150,80,0.0
679,3,10,150,80,0.20531579536501102
680,3,10,150,80,0.022168697248564677
681,3,10,150,80,0.0
682,3,10,150,80,0.23032121431934988
683,3,10,150,80,0.045215225629604006
684,3,10,150,80,0.03158850394477252
685,3,10,150,80,0.20373936192022438
686,3,10,150,80,0.2681485091810433
687,3,10,150,80,0.0
688,3,10,150,80,0.0
689,3,10,150,80,0.429307082657261
690,3,10,150,80,0.24802939400095458
691,3,10,150,80,0.6023709850354425
692,3,10,150,80,0.03353522641880846
693,3,10,150,80,0.04711181933747839
694,3,10,150,80,0.21361709189247302
695,3,10,150,80,0.05816383356143395
696,3,10,150,80,0.08111636357522063
697,3,10,150,80,0.09714962263604267
698,3,10,150,80,0.0
699,3,10,150,80,0.06266837015218314
700,3,10,150,80,0.0
701,3,10,150,80,0.12271508523586225
702,3,10,150,80,0.0
703,3,10,150,80,0.21888235022994418
704,3,10,150,80,0.2308890005160202
705,3,10,150,80,0.2867207867777622
706,3,10,150,80,0.03481402556224447
707,3,10,150,80,0.2531946200405493
708,3,10,150,80,0.03476299583640518
709,3,10,150,80,0.16604950811619162
710,3,10,150,80,0.25040922491354684
711,3,10,150,80,0.19852265764238508
712,3,10,150,80,0.0709301463537875
713,3,10,150,80,0.0
714,3,10,150,80,0.1266607864485773
715,3,10,150,80,0.16860516623933322
716,3,10,150,80,0.2617471820731564
717,3,10,150,80,0.15218028545758808
718,3,10,150,80,0.0
719,3,10,150,80,0.10353175087921149
720,3,10,150,80,0.029886352638305778
721,3,10,150,80,0.12300822274420435
722,3,10,150,80,0.07401896317743158
723,3,10,150,80,0.0
724,3,10,150,80,0.0
725,3,10,150,80,0.04733244938590725
726,3,10,150,80,0.061080020762274374
727,3,10,150,80,0.07201996791469718
728,3,10,150,80,0.0
729,3,10,150,80,0.046534861017850544
730,3,10,150,80,0.0
731,3,10,150,80,0.2125734307785682
732,3,10,150,80,0.05717828980196049
733,3,10,150,80,0.020730875129846955
734,3,10,150,80,0.08131766139183766
735,3,10,150,80,0.08151055815578559
736,3,10,150,80,0.047009109882897075
737,3,10,150,80,0.12127716502890909
738,3,10,150,80,0.09907057054543131
739,3,10,150,80,0.18767092572990207
740,3,10,150,80,0.0523780734795101
741,3,10,150,80,0.09620963094643388
742,3,10,150,80,0.0527075128660253
743,3,10,150,80,0.1194783875505714
744,3,10,150,80,0.0
745,3,10,150,80,0.06774344219296054
746,3,10,150,80,0.24124954544361757
747,3,10,150,80,0.20932233308090567
748,3,10,150,80,0.04132344798443041
749,3,10,150,80,0.2808837742077803
750,3,10,150,80,0.20954227812062592
751,3,10,150,80,0.06407706415564705
752,3,10,150,80,0.08155432360208091
753,3,10,150,80,0.07079765724607746
754,3,10,150,80,0.0
755,3,10,150,80,0.0
756,3,10,150,80,0.044143057780823704
757,3,10,150,80,0.1723435823204292
758,3,10,150,80,0.26234093640027734
759,3,10,150,80,0.04828669550714567
760,3,10,150,80,0.16006374561654185
761,3,10,150,80,0.17663858756688974
762,3,10,150,80,0.0
763,3,10,150,80,0.1361070514270778
764,3,10,150,80,0.04710969775183564
765,3,10,150,80,0.0966785411876802
766,3,10,150,80,0.035191004809260996
767,3,10,150,80,0.1269544353559099
768,3,10,150,80,0.09997171219938322
769,3,10,150,80,0.0
770,3,10,150,80,0.207274302223422
771,3,10,150,80,0.07363642524234874
772,3,10,150,80,0.038996699933076286
773,3,10,150,80,0.15659560794124947
774,3,10,150,80,0.0
775,3,10,150,80,0.0
776,3,10,150,80,0.04721006604760436
777,3,10,150,80,0.0
778,3,10,150,80,0.08961728720334347
779,3,10,150,80,0.0
780,3,10,150,80,0.17108884848111908
781,3,10,150,80,0.16573484494600602
782,3,10,150,80,0.0
783,3,10,150,80,0.07763399617214947
784,3,10,150,80,0.04582425041433568
785,3,10,150,80,0.2848262604068979
786,3,10,150,80,0.13901223847985233
787,3,10,150,80,0.0
788,3,10,150,80,0.046626370288649896
789,3,10,150,80,0.14531023848228133
790,3,10,150,80,0.08452117092278105
791,3,10,150,80,0.059480024314918285
792,3,10,150,80,0.0946587791577201
793,3,10,150,80,0.11843263243420837
794,3,10,150,80,0.1578863001786244
795,3,10,150,80,0.08608363429439815
796,3,10,150,80,0.10569399804134626
797,3,10,150,80,0.13905617951077562
798,3,10,150,80,0.02688415331260267
799,3,10,150,80,0.2836929289153804
800,3,10,150,80,0.0
801,3,10,150,80,0.0
802,3,10,150,80,0.05621908976192367
803,3,10,150,80,0.0
804,3,10,150,80,0.20994146470018396
805,3,10,150,80,0.15771169694749937
806,3,10,150,80,0.10606704841588428
807,3,10,150,80,0.21551050461800983
808,3,10,150,80,0.09905728133858463
809,3,10,150,80,0.0
810,3,10,150,80,0.0
811,3,10,150,80,0.1162989546852336
812,3,10,150,80,0.11600766930798434
813,3,10,150,80,0.06916902856231065
814,3,10,150,80,0.054181637470214
815,3,10,150,80,0.10380674919178415
816,3,10,150,80,0.10105367325027378
817,3,10,150,80,0.0
818,3,10,150,80,0.05187864210776578
819,3,10,150,80,0.0
820,3,10,150,80,0.12262943855309168
821,3,10,150,80,0.18684232150964158
822,3,10,150,80,0.0
823,3,10,150,80,0.14011732711290795
824,3,10,150,80,0.0
825,3,10,150,80,0.16434089815347858
826,3,10,150,80,0.1395338307503347
827,3,10,150,80,0.0
828,3,10,150,80,0.0
829,3,10,150,80,0.08143169212679746
830,3,10,150,80,0.15298484663625925
831,3,10,150,80,0.0800524392169327
832,3,10,150,80,0.06248152673860667
833,3,10,150,80,0.05828935682373833
834,3,10,150,80,0.0
835,3,10,150,80,0.131093662595089
836,3,10,150,80,0.05097554749895306
837,3,10,150,80,0.05351287869030783
838,3,10,150,80,0.08633629724227374
839,3,10,150,80,0.0
840,3,10,150,80,0.1518245759629103
841,3,10,150,80,0.0
842,3,10,150,80,0.0
843,3,10,150,80,0.04209275315645388
844,3,10,150,80,0.0
845,3,10,150,80,0.06531065216760332
846,3,10,150,80,0.16592059617503505
847,3,10,150,80,0.0
848,3,10,150,80,0.06724639283045118
849,3,10,150,80,0.07682358143005112
850,3,10,150,80,0.06228974831361337
851,3,10,150,80,0.2277008805972924
852,3,10,150,80,0.07256783117062009
853,3,10,150,80,0.0
854,3,10,150,80,0.0
855,3,10,150,80,0.0
856,3,10,150,80,0.0
857,3,10,150,80,0.0
858,3,10,150,80,0.0
859,3,10,150,80,0.0
860,3,10,150,80,0.0
861,3,10,150,80,0.12754356661958802
862,3,10,150,80,0.18279787522069124
863,3,10,150,80,0.0
864,3,10,150,80,0.19756506460263396
865,3,10,150,80,0.0
866,3,10,150,80,0.0
867,3,10,150,80,0.18752183128814004
868,3,10,150,80,0.0
870,3,10,150,80,0.0
871,3,10,150,80,0.0
872,3,10,150,80,0.0
875,3,10,150,80,0.1395953738647505
876,3,10,150,80,0.0
877,3,10,150,80,0.0
1,3,10,150,81,0.6247579375131872
2,3,10,150,81,0.10688238502350729
3,3,10,150,81,0.0
4,3,10,150,81,0.0
5,3,10,150,81,0.0819283960923954
6,3,10,150,81,0.05340978172012693
7,3,10,150,81,0.19219836824689981
8,3,10,150,81,0.1900735845235601
9,3,10,150,81,0.0
10,3,10,150,81,0.16409920264511527
11,3,10,150,81,0.049016076581777215
12,3,10,150,81,0.13570688190090627
13,3,10,150,81,0.21150109929926764
14,3,10,150,81,0.14623893181570033
15,3,10,150,81,0.0
16,3,10,150,81,0.2571810388985906
17,3,10,150,81,0.12066394366711926
18,3,10,150,81,0.18606782959057458
19,3,10,150,81,0.0
20,3,10,150,81,0.14530105135237878
21,3,10,150,81,0.05824963961462511
22,3,10,150,81,0.1468275080577048
23,3,10,150,81,0.18360000301566626
24,3,10,150,81,0.311062094929455
25,3,10,150,81,0.0
26,3,10,150,81,0.030421795212869307
28,3,10,150,81,0.0
29,3,10,150,81,0.0
30,3,10,150,81,0.0979129253499678
31,3,10,150,81,0.06076546216996844
32,3,10,150,81,0.0
33,3,10,150,81,0.0
34,3,10,150,81,0.0
35,3,10,150,81,0.07108348368841133
37,3,10,150,81,0.08836851842055818
38,3,10,150,81,0.03215366848272267
39,3,10,150,81,0.0
40,3,10,150,81,0.0769181994946132
41,3,10,150,81,0.0
42,3,10,150,81,0.14144963799422255
43,3,10,150,81,0.268915965453296
44,3,10,150,81,0.07698159974258616
45,3,10,150,81,0.04505000432618384
46,3,10,150,81,0.2524329124868603
47,3,10,150,81,0.0
48,3,10,150,81,0.191300388285999
49,3,10,150,81,0.08545966314334597
50,3,10,150,81,0.0
51,3,10,150,81,0.18953836965473142
52,3,10,150,81,0.04892579731758021
53,3,10,150,81,0.09546043308946733
54,3,10,150,81,0.07984133538066794
55,3,10,150,81,0.0
56,3,10,150,81,0.03975645576081676
57,3,10,150,81,0.07600688094360178
58,3,10,150,81,0.10796876451088402
59,3,10,150,81,0.20601184217250942
60,3,10,150,81,0.12123807080432077
61,3,10,150,81,0.0
62,3,10,150,81,0.056765939954965754
63,3,10,150,81,0.03554915059547175
64,3,10,150,81,0.0
65,3,10,150,81,0.2994759515353249
66,3,10,150,81,0.0
67,3,10,150,81,0.0
68,3,10,150,81,0.0
69,3,10,150,81,0.18013245110732332
70,3,10,150,81,0.04310441109649134
71,3,10,150,81,0.1434649426280276
72,3,10,150,81,0.16084022171949366
73,3,10,150,81,0.051960280791503534
74,3,10,150,81,0.0
75,3,10,150,81,0.11731968150568911
76,3,10,150,81,0.14804398249667974
77,3,10,150,81,0.45287742747371695
78,3,10,150,81,0.0
79,3,10,150,81,0.0
80,3,10,150,81,0.08297572808511901
81,3,10,150,81,0.0
82,3,10,150,81,0.10812418485305166
83,3,10,150,81,0.04630610387058298
84,3,10,150,81,0.0
85,3,10,150,81,0.06966660916502733
86,3,10,150,81,0.07738888769495082
87,3,10,150,81,0.10058161863664324
88,3,10,150,81,0.0
89,3,10,150,81,0.22860031301980846
90,3,10,150,81,0.2386569480666451
91,3,10,150,81,0.13114221140465185
92,3,10,150,81,0.04818766311373645
93,3,10,150,81,0.0
94,3,10,150,81,0.19025030646477453
95,3,10,150,81,0.07964436720215591
96,3,10,150,81,0.19186450284072096
97,3,10,150,81,0.16731903653190372
98,3,10,150,81,0.08878770367712427
99,3,10,150,81,0.029785542524894418
100,3,10,150,81,0.0892789338684584
101,3,10,150,81,0.0
102,3,10,150,81,0.026001814664123827
103,3,10,150,81,0.07673373981757839
104,3,10,150,81,0.12171451575741458
106,3,10,150,81,0.05261577455142312
107,3,10,150,81,0.0
108,3,10,150,81,0.0
109,3,10,150,81,0.12702438124116902
110,3,10,150,81,0.06422488523189442
111,3,10,150,81,0.0
112,3,10,150,81,0.06510475888148554
113,3,10,150,81,0.05449144662575446
114,3,10,150,81,0.07610811271330754
115,3,10,150,81,0.07491639684062663
116,3,10,150,81,0.07814915695077672
117,3,10,150,81,0.10135360124281675
118,3,10,150,81,0.0
119,3,10,150,81,0.0857501853120467
121,3,10,150,81,0.06245141164382474
122,3,10,150,81,0.07625852881342107
123,3,10,150,81,0.46927872602275644
124,3,10,150,81,0.10889376106823218
125,3,10,150,81,0.1758278598077621
126,3,10,150,81,0.0
127,3,10,150,81,0.0
128,3,10,150,81,0.047777554739453616
129,3,10,150,81,0.0
130,3,10,150,81,0.11207058154636457
131,3,10,150,81,0.2803335894048546
132,3,10,150,81,0.1431991570830273
133,3,10,150,81,0.0
134,3,10,150,81,0.0
135,3,10,150,81,0.0
136,3,10,150,81,0.40257390286801836
137,3,10,150,81,0.0
138,3,10,150,81,0.21222747957761057
139,3,10,150,81,0.0
140,3,10,150,81,0.0
141,3,10,150,81,0.20239191246999313
142,3,10,150,81,0.30260241349881345
143,3,10,150,81,0.0
144,3,10,150,81,0.2143720535700613
145,3,10,150,81,0.10527481150051315
146,3,10,150,81,0.0
147,3,10,150,81,0.07610811271330754
148,3,10,150,81,0.13364524093464059
149,3,10,150,81,0.05446824630887794
150,3,10,150,81,0.0
151,3,10,150,81,0.16194309002265503
152,3,10,150,81,0.07040184612406662
153,3,10,150,81,0.06516188295518531
154,3,10,150,81,0.055100238151135045
155,3,10,150,81,0.0
156,3,10,150,81,0.07028063830038406
157,3,10,150,81,0.05840183867278569
158,3,10,150,81,0.07413972351842125
159,3,10,150,81,0.11026617795298452
160,3,10,150,81,0.08815843064600337
161,3,10,150,81,0.0
162,3,10,150,81,0.0
163,3,10,150,81,0.0
164,3,10,150,81,0.0
165,3,10,150,81,0.09149012142095872
166,3,10,150,81,0.09726657973356154
167,3,10,150,81,0.03395822402998728
168,3,10,150,81,0.0
169,3,10,150,81,0.055427457405235275
170,3,10,150,81,0.0
171,3,10,150,81,0.0
172,3,10,150,81,0.0
173,3,10,150,81,0.0
174,3,10,150,81,0.09877498173459962
175,3,10,150,81,0.4413254197204702
176,3,10,150,81,0.0347693136731627
177,3,10,150,81,0.0
178,3,10,150,81,0.18053947820976404
179,3,10,150,81,0.06599888514927177
180,3,10,150,81,0.0
181,3,10,150,81,0.04622579729077891
182,3,10,150,81,0.13120507751234178
183,3,10,150,81,0.0
184,3,10,150,81,0.016355592358211265
185,3,10,150,81,0.0
186,3,10,150,81,0.0
187,3,10,150,81,0.2004102107997965
188,3,10,150,81,0.050562513489816586
189,3,10,150,81,0.22982757951573698
190,3,10,150,81,0.0
191,3,10,150,81,0.07335312372354855
192,3,10,150,81,0.0
193,3,10,150,81,0.04024288246957146
194,3,10,150,81,0.0860257611411915
195,3,10,150,81,0.10257737475069033
196,3,10,150,81,0.17342765698823945
197,3,10,150,81,0.07304192939088519
198,3,10,150,81,0.10387325901274824
199,3,10,150,81,0.052106753859569234
200,3,10,150,81,0.0971420957831845
201,3,10,150,81,0.25590835195750156
202,3,10,150,81,0.0
203,3,10,150,81,0.0
204,3,10,150,81,0.0
205,3,10,150,81,0.11600766930798434
206,3,10,150,81,0.0
207,3,10,150,81,0.17590647434842874
208,3,10,150,81,0.0
209,3,10,150,81,0.070675417981692
210,3,10,150,81,0.0
211,3,10,150,81,0.0
212,3,10,150,81,0.0559167101555819
213,3,10,150,81,0.08985507164305877
214,3,10,150,81,0.1257260924843343
215,3,10,150,81,0.157288596461893
216,3,10,150,81,0.27735230728218535
217,3,10,150,81,0.13000004444613666
218,3,10,150,81,0.06323567569191428
219,3,10,150,81,0.0
220,3,10,150,81,0.07807600999842033
221,3,10,150,81,0.12213234467515617
222,3,10,150,81,0.1483732210811898
223,3,10,150,81,0.039270700903099615
224,3,10,150,81,0.05211803804128038
225,3,10,150,81,0.09311209812195972
226,3,10,150,81,0.0
227,3,10,150,81,0.0
229,3,10,150,81,0.0
230,3,10,150,81,0.1697995249867118
231,3,10,150,81,0.0
232,3,10,150,81,0.0
233,3,10,150,81,0.20123780419810608
234,3,10,150,81,0.16498392396025185
235,3,10,150,81,0.11418024069273867
236,3,10,150,81,0.12127042983235181
237,3,10,150,81,0.04776398023609584
238,3,10,150,81,0.0
239,3,10,150,81,0.14738301924206398
240,3,10,150,81,0.10235170428306553
241,3,10,150,81,0.1381300260171807
242,3,10,150,81,0.0
243,3,10,150,81,0.0
244,3,10,150,81,0.15017336350566032
245,3,10,150,81,0.0
246,3,10,150,81,0.08356426880363813
247,3,10,150,81,0.15642624200758548
248,3,10,150,81,0.23451355966072135
249,3,10,150,81,0.3296200475575061
250,3,10,150,81,0.07806699296748765
251,3,10,150,81,0.0
252,3,10,150,81,0.07630862162354303
253,3,10,150,81,0.038220360097248454
254,3,10,150,81,0.036502603141236205
255,3,10,150,81,0.10933464083642679
256,3,10,150,81,0.0681239071992697
257,3,10,150,81,0.12830873359117523
258,3,10,150,81,0.16260831227163416
259,3,10,150,81,0.0
260,3,10,150,81,0.0
261,3,10,150,81,0.0
262,3,10,150,81,0.0
263,3,10,150,81,0.36030713075223775
264,3,10,150,81,0.3852510465367394
265,3,10,150,81,0.19802572813668026
266,3,10,150,81,0.0
267,3,10,150,81,0.22898927482035836
268,3,10,150,81,0.10827784002385153
269,3,10,150,81,0.040019695500760184
270,3,10,150,81,0.049915567102790354
271,3,10,150,81,0.10729393508609222
272,3,10,150,81,0.10457492829503848
273,3,10,150,81,0.0
274,3,10,150,81,0.05380266522938521
275,3,10,150,81,0.0
276,3,10,150,81,0.16683394348006692
277,3,10,150,81,0.0
278,3,10,150,81,0.0
279,3,10,150,81,0.11910385967976722
280,3,10,150,81,0.0882348794193481
281,3,10,150,81,0.0
282,3,10,150,81,0.09659953929285248
283,3,10,150,81,0.0
284,3,10,150,81,0.0
285,3,10,150,81,0.0
286,3,10,150,81,0.016140534521312585
287,3,10,150,81,0.0
288,3,10,150,81,0.13999259891013252
289,3,10,150,81,0.0
290,3,10,150,81,0.09647783930421741
291,3,10,150,81,0.17775326828407884
292,3,10,150,81,0.27665227928348557
293,3,10,150,81,0.1491901370040896
294,3,10,150,81,0.09628038570550856
295,3,10,150,81,0.15956840344924803
296,3,10,150,81,0.15701688667375013
297,3,10,150,81,0.030868393892711742
298,3,10,150,81,0.13814728270261697
299,3,10,150,81,0.09112518571572234
300,3,10,150,81,0.0
301,3,10,150,81,0.1296575124303738
302,3,10,150,81,0.07335312372354855
303,3,10,150,81,0.17978154785217412
304,3,10,150,81,0.0
305,3,10,150,81,0.05428021340641747
306,3,10,150,81,0.0
307,3,10,150,81,0.13128644747266613
308,3,10,150,81,0.05707430901002984
309,3,10,150,81,0.0
310,3,10,150,81,0.2890648263178879
311,3,10,150,81,0.17512035582237062
312,3,10,150,81,0.16963857451199318
313,3,10,150,81,0.09586943528179451
314,3,10,150,81,0.10507089418815024
315,3,10,150,81,0.09785159463516042
316,3,10,150,81,0.06076546216996844
317,3,10,150,81,0.0
318,3,10,150,81,0.07377376675297492
319,3,10,150,81,0.0
320,3,10,150,81,0.08947300054212491
321,3,10,150,81,0.08223795175588802
322,3,10,150,81,0.07955752067133452
323,3,10,150,81,0.12229181918924699
324,3,10,150,81,0.0
325,3,10,150,81,0.0
326,3,10,150,81,0.10817904857938596
327,3,10,150,81,0.015483922344753005
328,3,10,150,81,0.1253761246808089
329,3,10,150,81,0.056720838976548935
330,3,10,150,81,0.3028509129070748
331,3,10,150,81,0.0
332,3,10,150,81,0.1160620536137697
333,3,10,150,81,0.0
334,3,10,150,81,0.1576550335359013
335,3,10,150,81,0.0
336,3,10,150,81,0.0
337,3,10,150,81,0.2325689761571779
338,3,10,150,81,0.08388555279643939
339,3,10,150,81,0.1856477756884163
340,3,10,150,81,0.12647135138382856
341,3,10,150,81,0.0
342,3,10,150,81,0.15381739323016694
343,3,10,150,81,0.35449693766486445
344,3,10,150,81,0.13804010954782428
345,3,10,150,81,0.14462655322572632
346,3,10,150,81,0.1264086027263655
347,3,10,150,81,0.09642724089192412
348,3,10,150,81,0.0
349,3,10,150,81,0.07123530534387781
350,3,10,150,81,0.2314071217459096
351,3,10,150,81,0.0
352,3,10,150,81,0.16282653392890226
353,3,10,150,81,0.09489642549953911
354,3,10,150,81,0.048823562593396645
355,3,10,150,81,0.05122871476979503
356,3,10,150,81,0.0
357,3,10,150,81,0.03371865946438579
358,3,10,150,81,0.26730206653594746
359,3,10,150,81,0.14341929980357182
360,3,10,150,81,0.13132846997338612
361,3,10,150,81,0.0
362,3,10,150,81,0.0
363,3,10,150,81,0.1867805234163032
364,3,10,150,81,0.0
365,3,10,150,81,0.0989084497079971
366,3,10,150,81,0.10684080426179023
367,3,10,150,81,0.1410054764628891
368,3,10,150,81,0.0
369,3,10,150,81,0.0
370,3,10,150,81,0.045683428159663184
371,3,10,150,81,0.174231549865924
372,3,10,150,81,0.13528214995015655
373,3,10,150,81,0.18128610071101886
374,3,10,150,81,0.1523273086076386
375,3,10,150,81,0.0
376,3,10,150,81,0.0
377,3,10,150,81,0.053168340515114924
378,3,10,150,81,0.053263484749357055
379,3,10,150,81,0.16693258363041708
380,3,10,150,81,0.0
381,3,10,150,81,0.10528437187206623
382,3,10,150,81,0.13500098315004241
383,3,10,150,81,0.06801459236612908
384,3,10,150,81,0.08759200575528697
385,3,10,150,81,0.1546778125427113
386,3,10,150,81,0.0
387,3,10,150,81,0.03814967334348895
388,3,10,150,81,0.029785542524894418
389,3,10,150,81,0.1436557902546879
390,3,10,150,81,0.2691365333037713
391,3,10,150,81,0.298074760835303
392,3,10,150,81,0.10835852340243231
393,3,10,150,81,0.18270757537304264
394,3,10,150,81,0.15290238277303939
395,3,10,150,81,0.15727036710905312
396,3,10,150,81,0.0
397,3,10,150,81,0.12905531436930254
398,3,10,150,81,0.12204637821038242
399,3,10,150,81,0.05509887073092855
400,3,10,150,81,0.0
401,3,10,150,81,0.0
402,3,10,150,81,0.469779625693621
403,3,10,150,81,0.02818923206968657
404,3,10,150,81,0.0
405,3,10,150,81,0.21352095814406089
406,3,10,150,81,0.1428233347987388
407,3,10,150,81,0.1106313931757508
408,3,10,150,81,0.12083071655728543
409,3,10,150,81,0.15086419336317547
410,3,10,150,81,0.0
411,3,10,150,81,0.1128999930808451
412,3,10,150,81,0.0
413,3,10,150,81,0.10122860821230018
414,3,10,150,81,0.0
415,3,10,150,81,0.07605458145297357
416,3,10,150,81,0.2864012869773183
417,3,10,150,81,0.05712516951520643
418,3,10,150,81,0.07001560573318603
419,3,10,150,81,0.26168079122473237
420,3,10,150,81,0.0527075128660253
421,3,10,150,81,0.202729931306865
422,3,10,150,81,0.0
423,3,10,150,81,0.0
424,3,10,150,81,0.13291000263869587
425,3,10,150,81,0.015224331423152564
426,3,10,150,81,0.10004388309532918
427,3,10,150,81,0.0
428,3,10,150,81,0.0
429,3,10,150,81,0.12520906564594098
430,3,10,150,81,0.062242588308449316
431,3,10,150,81,0.0
432,3,10,150,81,0.05253723007572906
433,3,10,150,81,0.0
434,3,10,150,81,0.25803884452092735
435,3,10,150,81,0.19564687829419278
436,3,10,150,81,0.09291494561763272
437,3,10,150,81,0.07387863190475343
438,3,10,150,81,0.0
439,3,10,150,81,0.0
440,3,10,150,81,0.10025741859697787
441,3,10,150,81,0.0615755971851825
442,3,10,150,81,0.09569564382838347
443,3,10,150,81,0.056720838976548935
444,3,10,150,81,0.19519002499605084
445,3,10,150,81,0.0
446,3,10,150,81,0.0
447,3,10,150,81,0.09914294517496557
448,3,10,150,81,0.0
449,3,10,150,81,0.0
450,3,10,150,81,0.3117783865748699
451,3,10,150,81,0.0
452,3,10,150,81,0.048188247044562364
453,3,10,150,81,0.14969815781875853
454,3,10,150,81,0.023505024371702793
455,3,10,150,81,0.23710459674081277
456,3,10,150,81,0.20286127521652125
457,3,10,150,81,0.36238463914482993
458,3,10,150,81,0.12059750656999586
459,3,10,150,81,0.04901586605894737
460,3,10,150,81,0.0
461,3,10,150,81,0.10778915452451093
462,3,10,150,81,0.16728714615527887
463,3,10,150,81,0.1032589365938857
464,3,10,150,81,0.091470579054696
465,3,10,150,81,0.0733934381893728
466,3,10,150,81,0.0750834162528243
467,3,10,150,81,0.032842167909375275
468,3,10,150,81,0.4424763580282471
469,3,10,150,81,0.08625887094910875
470,3,10,150,81,0.040162930685297936
471,3,10,150,81,0.0
472,3,10,150,81,0.26989864785316925
473,3,10,150,81,0.08903377327702097
474,3,10,150,81,0.3422402759188815
475,3,10,150,81,0.0
476,3,10,150,81,0.12097589732794561
477,3,10,150,81,0.0
478,3,10,150,81,0.2059565668593519
479,3,10,150,81,0.07893633843817272
480,3,10,150,81,0.0881980292211471
481,3,10,150,81,0.05234104579082298
482,3,10,150,81,0.15905893746943514
483,3,10,150,81,0.06194403202282284
484,3,10,150,81,0.33809266656634696
485,3,10,150,81,0.0
486,3,10,150,81,0.06108300840136219
487,3,10,150,81,0.10060724527338907
488,3,10,150,81,0.05887472794707303
489,3,10,150,81,0.05430215066239222
490,3,10,150,81,0.06490403551612171
491,3,10,150,81,0.17758207479178334
492,3,10,150,81,0.12925417913024104
493,3,10,150,81,0.26530843853655434
494,3,10,150,81,0.15581531016292202
495,3,10,150,81,0.1637144854966556
496,3,10,150,81,0.07271211160102074
497,3,10,150,81,0.08967226077926355
498,3,10,150,81,0.0343217267714905
499,3,10,150,81,0.1775756306140374
500,3,10,150,81,0.04698773570888995
501,3,10,150,81,0.0
502,3,10,150,81,0.03272632263321488
503,3,10,150,81,0.2768332968914173
504,3,10,150,81,0.09794337990609951
505,3,10,150,81,0.025255271126572616
506,3,10,150,81,0.16119309772585624
507,3,10,150,81,0.02579743633593384
508,3,10,150,81,0.23234007015870473
509,3,10,150,81,0.0
510,3,10,150,81,0.17032928501352598
511,3,10,150,81,0.12155021559723776
512,3,10,150,81,0.0
513,3,10,150,81,0.09761131800342168
514,3,10,150,81,0.20202473045271674
515,3,10,150,81,0.0
516,3,10,150,81,0.07947838320659593
517,3,10,150,81,0.03859643636257609
518,3,10,150,81,0.05268083714989503
519,3,10,150,81,0.034560204819110964
520,3,10,150,81,0.0
521,3,10,150,81,0.07649261318048692
522,3,10,150,81,0.2035192592417533
523,3,10,150,81,0.18941913248920814
524,3,10,150,81,0.04961898855715727
525,3,10,150,81,0.06516045994396072
526,3,10,150,81,0.052528565413809895
527,3,10,150,81,0.21068702285875093
528,3,10,150,81,0.1255942414278791
529,3,10,150,81,0.03208343640786788
530,3,10,150,81,0.0
531,3,10,150,81,0.0
532,3,10,150,81,0.19110829584670452
533,3,10,150,81,0.13077875588459684
534,3,10,150,81,0.10040759964046686
535,3,10,150,81,0.25224874540372827
536,3,10,150,81,0.19370572859880655
537,3,10,150,81,0.44337645025891903
538,3,10,150,81,0.09944592215223559
539,3,10,150,81,0.07086035994602148
540,3,10,150,81,0.0
541,3,10,150,81,0.0779170553370938
542,3,10,150,81,0.08543674999048095
543,3,10,150,81,0.018843852619906468
544,3,10,150,81,0.0
545,3,10,150,81,0.1627301445786375
546,3,10,150,81,0.1727529426032757
547,3,10,150,81,0.04528995543568932
548,3,10,150,81,0.0975979953072921
549,3,10,150,81,0.10184659627402569
550,3,10,150,81,0.0845667599404342
551,3,10,150,81,0.28132278495845026
552,3,10,150,81,0.0
553,3,10,150,81,0.15284217773934242
554,3,10,150,81,0.0
555,3,10,150,81,0.037070343480771185
556,3,10,150,81,0.2848749592866812
557,3,10,150,81,0.044530079137671444
558,3,10,150,81,0.21398626473452756
559,3,10,150,81,0.11571122630007512
560,3,10,150,81,0.13657262402833295
561,3,10,150,81,0.09897892495453842
562,3,10,150,81,0.16880427191129663
563,3,10,150,81,0.10791970824616881
564,3,10,150,81,0.0
565,3,10,150,81,0.2016297075493207
566,3,10,150,81,0.11935234359120704
567,3,10,150,81,0.33984577539164024
568,3,10,150,81,0.07161318866452264
569,3,10,150,81,0.023835426911994775
570,3,10,150,81,0.0
571,3,10,150,81,0.0512644431393966
572,3,10,150,81,0.30260241349881345
573,3,10,150,81,0.0
574,3,10,150,81,0.02529922263119915
575,3,10,150,81,0.13043262693172047
576,3,10,150,81,0.0
577,3,10,150,81,0.2017286250978881
578,3,10,150,81,0.0
579,3,10,150,81,0.06152644703210656
580,3,10,150,81,0.03144137376097698
581,3,10,150,81,0.0
582,3,10,150,81,0.06679511870650716
583,3,10,150,81,0.13912814892946682
584,3,10,150,81,0.20261715588288354
585,3,10,150,81,0.042225550968526857
586,3,10,150,81,0.0663945281096953
587,3,10,150,81,0.029230460362194715
588,3,10,150,81,0.24835660404139315
589,3,10,150,81,0.09905100598441088
590,3,10,150,81,0.19997970715667693
591,3,10,150,81,0.08651464973019597
592,3,10,150,81,0.31759446359973803
593,3,10,150,81,0.14271020042879362
594,3,10,150,81,0.0
595,3,10,150,81,0.055965373307784824
596,3,10,150,81,0.09803928583135704
597,3,10,150,81,0.02579743633593384
598,3,10,150,81,0.0
599,3,10,150,81,0.02506539947940475
600,3,10,150,81,0.13574631165894233
601,3,10,150,81,0.14661690295711607
602,3,10,150,81,0.041278922835426404
603,3,10,150,81,0.12541207695631323
604,3,10,150,81,0.0
605,3,10,150,81,0.20667237874233232
606,3,10,150,81,0.32785766163672764
607,3,10,150,81,0.0308875359117713
608,3,10,150,81,0.20657435219961784
609,3,10,150,81,0.0
610,3,10,150,81,0.12186625680881258
611,3,10,150,81,0.19680646538945382
612,3,10,150,81,0.09162544430476362
613,3,10,150,81,0.1652462050665711
614,3,10,150,81,0.1467868763787456
615,3,10,150,81,0.17368907358900634
616,3,10,150,81,0.030480958763669998
617,3,10,150,81,0.0539699203856165
618,3,10,150,81,0.12928103670851382
619,3,10,150,81,0.14795344439858116
620,3,10,150,81,0.24239278329353608
621,3,10,150,81,0.10569072181389248
622,3,10,150,81,0.16226113935431313
623,3,10,150,81,0.04214302778527282
624,3,10,150,81,0.03202992305603544
625,3,10,150,81,0.06672272773479279
626,3,10,150,81,0.07930828170886256
627,3,10,150,81,0.11471658297235718
628,3,10,150,81,0.03280031436649239
629,3,10,150,81,0.3068593984808127
630,3,10,150,81,0.10834532177911152
631,3,10,150,81,0.13449792459172438
632,3,10,150,81,0.08348454970562778
633,3,10,150,81,0.050456115328747164
634,3,10,150,81,0.10834659556241943
635,3,10,150,81,0.0
636,3,10,150,81,0.4108031518056064
637,3,10,150,81,0.04188454685690797
638,3,10,150,81,0.05152901435389809
639,3,10,150,81,0.01070448204588216
640,3,10,150,81,0.16254564442204458
641,3,10,150,81,0.051358492238643604
642,3,10,150,81,0.29512784551225035
643,3,10,150,81,0.21368826267102806
644,3,10,150,81,0.023868766231572826
645,3,10,150,81,0.17744101704673967
646,3,10,150,81,0.11243817952384734
647,3,10,150,81,0.06590268968688952
648,3,10,150,81,0.26759949004694455
649,3,10,150,81,0.04336490181597879
650,3,10,150,81,0.11986956865405834
651,3,10,150,81,0.0
652,3,10,150,81,0.0
653,3,10,150,81,0.14045537284692988
654,3,10,150,81,0.05402442095740813
655,3,10,150,81,0.4662953430773678
656,3,10,150,81,0.0
657,3,10,150,81,0.2504953915210566
658,3,10,150,81,0.09988783377897062
659,3,10,150,81,0.09950788532097599
660,3,10,150,81,0.045338534822979525
661,3,10,150,81,0.23687096335281838
662,3,10,150,81,0.0
663,3,10,150,81,0.1250707809701198
664,3,10,150,81,0.2433808724049065
665,3,10,150,81,0.0637635876459061
666,3,10,150,81,0.10607610108340111
667,3,10,150,81,0.1487205698875683
668,3,10,150,81,0.0
669,3,10,150,81,0.2287469684999221
670,3,10,150,81,0.0271437232396382
671,3,10,150,81,0.20598773756155325
672,3,10,150,81,0.07973520350569015
673,3,10,150,81,0.03236977394070781
674,3,10,150,81,0.0
675,3,10,150,81,0.0382580635535654
676,3,10,150,81,0.22358931366364498
677,3,10,150,81,0.10158983531347915
678,3,10,150,81,0.0
679,3,10,150,81,0.20531579536501102
680,3,10,150,81,0.022168697248564677
681,3,10,150,81,0.0
682,3,10,150,81,0.2283112846664355
683,3,10,150,81,0.045215225629604006
684,3,10,150,81,0.03158850394477252
685,3,10,150,81,0.20373936192022438
686,3,10,150,81,0.2681485091810433
687,3,10,150,81,0.0
688,3,10,150,81,0.0
689,3,10,150,81,0.429307082657261
690,3,10,150,81,0.24802939400095458
691,3,10,150,81,0.6023709850354425
692,3,10,150,81,0.03353522641880846
693,3,10,150,81,0.04711181933747839
694,3,10,150,81,0.21361709189247302
695,3,10,150,81,0.05816383356143395
696,3,10,150,81,0.08111636357522063
697,3,10,150,81,0.09714962263604267
698,3,10,150,81,0.0
699,3,10,150,81,0.06266837015218314
700,3,10,150,81,0.0
701,3,10,150,81,0.12271508523586225
702,3,10,150,81,0.0
703,3,10,150,81,0.21888235022994418
704,3,10,150,81,0.2308890005160202
705,3,10,150,81,0.2867207867777622
706,3,10,150,81,0.03481402556224447
707,3,10,150,81,0.2509850824767525
708,3,10,150,81,0.03476299583640518
709,3,10,150,81,0.16604950811619162
710,3,10,150,81,0.25040922491354684
711,3,10,150,81,0.1967902224537726
712,3,10,150,81,0.0709301463537875
713,3,10,150,81,0.0
714,3,10,150,81,0.1266607864485773
715,3,10,150,81,0.16860516623933322
716,3,10,150,81,0.26818964650042965
717,3,10,150,81,0.15218028545758808
718,3,10,150,81,0.0
719,3,10,150,81,0.10353175087921149
720,3,10,150,81,0.05925736915373658
721,3,10,150,81,0.12300822274420435
722,3,10,150,81,0.07401896317743158
723,3,10,150,81,0.0
724,3,10,150,81,0.0
725,3,10,150,81,0.04733244938590725
726,3,10,150,81,0.061080020762274374
727,3,10,150,81,0.07139147579102774
728,3,10,150,81,0.0
729,3,10,150,81,0.046534861017850544
730,3,10,150,81,0.0
731,3,10,150,81,0.2125734307785682
732,3,10,150,81,0.05717828980196049
733,3,10,150,81,0.020730875129846955
734,3,10,150,81,0.08131766139183766
735,3,10,150,81,0.08151055815578559
736,3,10,150,81,0.047009109882897075
737,3,10,150,81,0.12127716502890909
738,3,10,150,81,0.09907057054543131
739,3,10,150,81,0.18767092572990207
740,3,10,150,81,0.0523780734795101
741,3,10,150,81,0.09620963094643388
742,3,10,150,81,0.0527075128660253
743,3,10,150,81,0.1194783875505714
744,3,10,150,81,0.0
745,3,10,150,81,0.06774344219296054
746,3,10,150,81,0.24124954544361757
747,3,10,150,81,0.20749565304398476
748,3,10,150,81,0.04132344798443041
749,3,10,150,81,0.2784326034440662
750,3,10,150,81,0.20954227812062592
751,3,10,150,81,0.06407706415564705
752,3,10,150,81,0.08155432360208091
753,3,10,150,81,0.07079765724607746
754,3,10,150,81,0.0
755,3,10,150,81,0.0
756,3,10,150,81,0.044143057780823704
757,3,10,150,81,0.1723435823204292
758,3,10,150,81,0.2600515822528424
759,3,10,150,81,0.04828669550714567
760,3,10,150,81,0.16006374561654185
761,3,10,150,81,0.17663858756688974
762,3,10,150,81,0.0
763,3,10,150,81,0.1361070514270778
764,3,10,150,81,0.04710969775183564
765,3,10,150,81,0.0966785411876802
766,3,10,150,81,0.035191004809260996
767,3,10,150,81,0.1269544353559099
768,3,10,150,81,0.09997171219938322
769,3,10,150,81,0.0
770,3,10,150,81,0.207274302223422
771,3,10,150,81,0.07363642524234874
772,3,10,150,81,0.038996699933076286
773,3,10,150,81,0.15659560794124947
774,3,10,150,81,0.0
775,3,10,150,81,0.0
776,3,10,150,81,0.04721006604760436
777,3,10,150,81,0.0
778,3,10,150,81,0.08961728720334347
779,3,10,150,81,0.0
780,3,10,150,81,0.17108884848111908
781,3,10,150,81,0.16573484494600602
782,3,10,150,81,0.0
783,3,10,150,81,0.07763399617214947
784,3,10,150,81,0.04582425041433568
785,3,10,150,81,0.2848262604068979
786,3,10,150,81,0.13901223847985233
787,3,10,150,81,0.0
788,3,10,150,81,0.046626370288649896
789,3,10,150,81,0.14531023848228133
790,3,10,150,81,0.08452117092278105
791,3,10,150,81,0.059480024314918285
792,3,10,150,81,0.0946587791577201
793,3,10,150,81,0.11843263243420837
794,3,10,150,81,0.1578863001786244
795,3,10,150,81,0.10325242280712206
796,3,10,150,81,0.10569399804134626
797,3,10,150,81,0.13905617951077562
798,3,10,150,81,0.02688415331260267
799,3,10,150,81,0.2836929289153804
800,3,10,150,81,0.0
801,3,10,150,81,0.0
802,3,10,150,81,0.05621908976192367
803,3,10,150,81,0.0
804,3,10,150,81,0.20994146470018396
805,3,10,150,81,0.15771169694749937
806,3,10,150,81,0.10606704841588428
807,3,10,150,81,0.21551050461800983
808,3,10,150,81,0.09905728133858463
809,3,10,150,81,0.0
810,3,10,150,81,0.0
811,3,10,150,81,0.1162989546852336
812,3,10,150,81,0.11600766930798434
813,3,10,150,81,0.06916902856231065
814,3,10,150,81,0.054181637470214
815,3,10,150,81,0.10380674919178415
816,3,10,150,81,0.10105367325027378
817,3,10,150,81,0.0
818,3,10,150,81,0.05187864210776578
819,3,10,150,81,0.0
820,3,10,150,81,0.12262943855309168
821,3,10,150,81,0.18684232150964158
822,3,10,150,81,0.0
823,3,10,150,81,0.14011732711290795
824,3,10,150,81,0.0
825,3,10,150,81,0.16434089815347858
826,3,10,150,81,0.1395338307503347
827,3,10,150,81,0.0
828,3,10,150,81,0.0
829,3,10,150,81,0.08143169212679746
830,3,10,150,81,0.15298484663625925
831,3,10,150,81,0.0800524392169327
832,3,10,150,81,0.06248152673860667
833,3,10,150,81,0.05828935682373833
834,3,10,150,81,0.0
835,3,10,150,81,0.131093662595089
836,3,10,150,81,0.05097554749895306
837,3,10,150,81,0.05351287869030783
838,3,10,150,81,0.08633629724227374
839,3,10,150,81,0.0
840,3,10,150,81,0.1518245759629103
841,3,10,150,81,0.0
842,3,10,150,81,0.0
843,3,10,150,81,0.04209275315645388
844,3,10,150,81,0.0
845,3,10,150,81,0.06531065216760332
846,3,10,150,81,0.16592059617503505
847,3,10,150,81,0.0
848,3,10,150,81,0.06724639283045118
849,3,10,150,81,0.07682358143005112
850,3,10,150,81,0.06228974831361337
851,3,10,150,81,0.2277008805972924
852,3,10,150,81,0.07256783117062009
853,3,10,150,81,0.0
854,3,10,150,81,0.0
855,3,10,150,81,0.0
856,3,10,150,81,0.0
857,3,10,150,81,0.0
858,3,10,150,81,0.0
859,3,10,150,81,0.0
860,3,10,150,81,0.0
861,3,10,150,81,0.12754356661958802
862,3,10,150,81,0.18279787522069124
863,3,10,150,81,0.0
864,3,10,150,81,0.19756506460263396
865,3,10,150,81,0.0
866,3,10,150,81,0.0
867,3,10,150,81,0.18752183128814004
868,3,10,150,81,0.0
870,3,10,150,81,0.0
871,3,10,150,81,0.0
872,3,10,150,81,0.0
875,3,10,150,81,0.1395953738647505
876,3,10,150,81,0.0
877,3,10,150,81,0.0
1,3,10,150,82,0.6247579375131872
2,3,10,150,82,0.10688238502350729
3,3,10,150,82,0.0
4,3,10,150,82,0.0
5,3,10,150,82,0.0819283960923954
6,3,10,150,82,0.05340978172012693
7,3,10,150,82,0.20305527746535623
8,3,10,150,82,0.1900735845235601
9,3,10,150,82,0.0
10,3,10,150,82,0.16409920264511527
11,3,10,150,82,0.049016076581777215
12,3,10,150,82,0.13570688190090627
13,3,10,150,82,0.2096763491491442
14,3,10,150,82,0.14623893181570033
15,3,10,150,82,0.0
16,3,10,150,82,0.2571810388985906
17,3,10,150,82,0.12066394366711926
18,3,10,150,82,0.18606782959057458
19,3,10,150,82,0.0
20,3,10,150,82,0.14530105135237878
21,3,10,150,82,0.05824963961462511
22,3,10,150,82,0.1468275080577048
23,3,10,150,82,0.18360000301566626
24,3,10,150,82,0.311062094929455
25,3,10,150,82,0.0
26,3,10,150,82,0.030421795212869307
28,3,10,150,82,0.0
29,3,10,150,82,0.0
30,3,10,150,82,0.0979129253499678
31,3,10,150,82,0.06076546216996844
32,3,10,150,82,0.0
33,3,10,150,82,0.0
34,3,10,150,82,0.0
35,3,10,150,82,0.07108348368841133
37,3,10,150,82,0.08836851842055818
38,3,10,150,82,0.03215366848272267
39,3,10,150,82,0.0
40,3,10,150,82,0.0769181994946132
41,3,10,150,82,0.0
42,3,10,150,82,0.14144963799422255
43,3,10,150,82,0.268915965453296
44,3,10,150,82,0.07698159974258616
45,3,10,150,82,0.04505000432618384
46,3,10,150,82,0.2524329124868603
47,3,10,150,82,0.0
48,3,10,150,82,0.191300388285999
49,3,10,150,82,0.08545966314334597
50,3,10,150,82,0.0
51,3,10,150,82,0.18953836965473142
52,3,10,150,82,0.04892579731758021
53,3,10,150,82,0.09546043308946733
54,3,10,150,82,0.07984133538066794
55,3,10,150,82,0.0
56,3,10,150,82,0.03975645576081676
57,3,10,150,82,0.07600688094360178
58,3,10,150,82,0.10796876451088402
59,3,10,150,82,0.20601184217250942
60,3,10,150,82,0.12123807080432077
61,3,10,150,82,0.0
62,3,10,150,82,0.056765939954965754
63,3,10,150,82,0.03554915059547175
64,3,10,150,82,0.0
65,3,10,150,82,0.2994759515353249
66,3,10,150,82,0.0
67,3,10,150,82,0.0
68,3,10,150,82,0.0
69,3,10,150,82,0.18013245110732332
70,3,10,150,82,0.04310441109649134
71,3,10,150,82,0.1434649426280276
72,3,10,150,82,0.16084022171949366
73,3,10,150,82,0.051960280791503534
74,3,10,150,82,0.0
75,3,10,150,82,0.11731968150568911
76,3,10,150,82,0.14804398249667974
77,3,10,150,82,0.45287742747371695
78,3,10,150,82,0.0
79,3,10,150,82,0.0
80,3,10,150,82,0.08297572808511901
81,3,10,150,82,0.0
82,3,10,150,82,0.10812418485305166
83,3,10,150,82,0.04630610387058298
84,3,10,150,82,0.0
85,3,10,150,82,0.06966660916502733
86,3,10,150,82,0.07738888769495082
87,3,10,150,82,0.10058161863664324
88,3,10,150,82,0.0
89,3,10,150,82,0.22860031301980846
90,3,10,150,82,0.2386569480666451
91,3,10,150,82,0.13114221140465185
92,3,10,150,82,0.04818766311373645
93,3,10,150,82,0.0
94,3,10,150,82,0.19025030646477453
95,3,10,150,82,0.07964436720215591
96,3,10,150,82,0.19186450284072096
97,3,10,150,82,0.16731903653190372
98,3,10,150,82,0.08878770367712427
99,3,10,150,82,0.029785542524894418
100,3,10,150,82,0.0892789338684584
101,3,10,150,82,0.0
102,3,10,150,82,0.026001814664123827
103,3,10,150,82,0.07673373981757839
104,3,10,150,82,0.12171451575741458
106,3,10,150,82,0.05261577455142312
107,3,10,150,82,0.0
108,3,10,150,82,0.0
109,3,10,150,82,0.12702438124116902
110,3,10,150,82,0.06422488523189442
111,3,10,150,82,0.0
112,3,10,150,82,0.06510475888148554
113,3,10,150,82,0.05449144662575446
114,3,10,150,82,0.07610811271330754
115,3,10,150,82,0.07491639684062663
116,3,10,150,82,0.07814915695077672
117,3,10,150,82,0.10135360124281675
118,3,10,150,82,0.0
119,3,10,150,82,0.0857501853120467
121,3,10,150,82,0.06245141164382474
122,3,10,150,82,0.07625852881342107
123,3,10,150,82,0.46927872602275644
124,3,10,150,82,0.10889376106823218
125,3,10,150,82,0.1758278598077621
126,3,10,150,82,0.0
127,3,10,150,82,0.0
128,3,10,150,82,0.047777554739453616
129,3,10,150,82,0.0
130,3,10,150,82,0.11207058154636457
131,3,10,150,82,0.2803335894048546
132,3,10,150,82,0.1431991570830273
133,3,10,150,82,0.0
134,3,10,150,82,0.0
135,3,10,150,82,0.0
136,3,10,150,82,0.40257390286801836
137,3,10,150,82,0.0
138,3,10,150,82,0.21222747957761057
139,3,10,150,82,0.0
140,3,10,150,82,0.0
141,3,10,150,82,0.20239191246999313
142,3,10,150,82,0.30260241349881345
143,3,10,150,82,0.0
144,3,10,150,82,0.2143720535700613
145,3,10,150,82,0.10527481150051315
146,3,10,150,82,0.0
147,3,10,150,82,0.07610811271330754
148,3,10,150,82,0.13364524093464059
149,3,10,150,82,0.05446824630887794
150,3,10,150,82,0.0
151,3,10,150,82,0.16194309002265503
152,3,10,150,82,0.07040184612406662
153,3,10,150,82,0.06516188295518531
154,3,10,150,82,0.055100238151135045
155,3,10,150,82,0.0
156,3,10,150,82,0.07028063830038406
157,3,10,150,82,0.05840183867278569
158,3,10,150,82,0.07413972351842125
159,3,10,150,82,0.11026617795298452
160,3,10,150,82,0.08815843064600337
161,3,10,150,82,0.0
162,3,10,150,82,0.0
163,3,10,150,82,0.0
164,3,10,150,82,0.0
165,3,10,150,82,0.09149012142095872
166,3,10,150,82,0.09726657973356154
167,3,10,150,82,0.03395822402998728
168,3,10,150,82,0.03967704129387874
169,3,10,150,82,0.055427457405235275
170,3,10,150,82,0.0
171,3,10,150,82,0.0
172,3,10,150,82,0.0
173,3,10,150,82,0.0
174,3,10,150,82,0.09877498173459962
175,3,10,150,82,0.4413254197204702
176,3,10,150,82,0.06153137845972642
177,3,10,150,82,0.0
178,3,10,150,82,0.18053947820976404
179,3,10,150,82,0.06599888514927177
180,3,10,150,82,0.0
181,3,10,150,82,0.04622579729077891
182,3,10,150,82,0.13120507751234178
183,3,10,150,82,0.0
184,3,10,150,82,0.016355592358211265
185,3,10,150,82,0.0
186,3,10,150,82,0.0
187,3,10,150,82,0.2004102107997965
188,3,10,150,82,0.050562513489816586
189,3,10,150,82,0.22982757951573698
190,3,10,150,82,0.0
191,3,10,150,82,0.07335312372354855
192,3,10,150,82,0.0
193,3,10,150,82,0.04024288246957146
194,3,10,150,82,0.0860257611411915
195,3,10,150,82,0.10257737475069033
196,3,10,150,82,0.17342765698823945
197,3,10,150,82,0.07304192939088519
198,3,10,150,82,0.10387325901274824
199,3,10,150,82,0.052106753859569234
200,3,10,150,82,0.0971420957831845
201,3,10,150,82,0.25590835195750156
202,3,10,150,82,0.0
203,3,10,150,82,0.0
204,3,10,150,82,0.0
205,3,10,150,82,0.11600766930798434
206,3,10,150,82,0.0
207,3,10,150,82,0.17590647434842874
208,3,10,150,82,0.0
209,3,10,150,82,0.070675417981692
210,3,10,150,82,0.0
211,3,10,150,82,0.0
212,3,10,150,82,0.0559167101555819
213,3,10,150,82,0.08985507164305877
214,3,10,150,82,0.1257260924843343
215,3,10,150,82,0.157288596461893
216,3,10,150,82,0.27735230728218535
217,3,10,150,82,0.13000004444613666
218,3,10,150,82,0.06323567569191428
219,3,10,150,82,0.0
220,3,10,150,82,0.07807600999842033
221,3,10,150,82,0.12213234467515617
222,3,10,150,82,0.16053518617112608
223,3,10,150,82,0.039270700903099615
224,3,10,150,82,0.05211803804128038
225,3,10,150,82,0.09311209812195972
226,3,10,150,82,0.0
227,3,10,150,82,0.0
229,3,10,150,82,0.0
230,3,10,150,82,0.1697995249867118
231,3,10,150,82,0.0
232,3,10,150,82,0.0
233,3,10,150,82,0.20123780419810608
234,3,10,150,82,0.16356050611035955
235,3,10,150,82,0.11418024069273867
236,3,10,150,82,0.12127042983235181
237,3,10,150,82,0.04776398023609584
238,3,10,150,82,0.0
239,3,10,150,82,0.14738301924206398
240,3,10,150,82,0.10235170428306553
241,3,10,150,82,0.1381300260171807
242,3,10,150,82,0.0
243,3,10,150,82,0.0
244,3,10,150,82,0.15017336350566032
245,3,10,150,82,0.0
246,3,10,150,82,0.08356426880363813
247,3,10,150,82,0.15642624200758548
248,3,10,150,82,0.23451355966072135
249,3,10,150,82,0.3296200475575061
250,3,10,150,82,0.07806699296748765
251,3,10,150,82,0.0
252,3,10,150,82,0.07630862162354303
253,3,10,150,82,0.038220360097248454
254,3,10,150,82,0.036502603141236205
255,3,10,150,82,0.10933464083642679
256,3,10,150,82,0.0681239071992697
257,3,10,150,82,0.12830873359117523
258,3,10,150,82,0.16260831227163416
259,3,10,150,82,0.0
260,3,10,150,82,0.0
261,3,10,150,82,0.0
262,3,10,150,82,0.0
263,3,10,150,82,0.36030713075223775
264,3,10,150,82,0.3852510465367394
265,3,10,150,82,0.19802572813668026
266,3,10,150,82,0.0
267,3,10,150,82,0.22898927482035836
268,3,10,150,82,0.10827784002385153
269,3,10,150,82,0.040019695500760184
270,3,10,150,82,0.049915567102790354
271,3,10,150,82,0.10729393508609222
272,3,10,150,82,0.10457492829503848
273,3,10,150,82,0.0
274,3,10,150,82,0.05380266522938521
275,3,10,150,82,0.0
276,3,10,150,82,0.16683394348006692
277,3,10,150,82,0.0
278,3,10,150,82,0.0
279,3,10,150,82,0.11910385967976722
280,3,10,150,82,0.0882348794193481
281,3,10,150,82,0.0
282,3,10,150,82,0.09659953929285248
283,3,10,150,82,0.0
284,3,10,150,82,0.0
285,3,10,150,82,0.0
286,3,10,150,82,0.016140534521312585
287,3,10,150,82,0.0
288,3,10,150,82,0.13999259891013252
289,3,10,150,82,0.0
290,3,10,150,82,0.09647783930421741
291,3,10,150,82,0.17775326828407884
292,3,10,150,82,0.27665227928348557
293,3,10,150,82,0.1491901370040896
294,3,10,150,82,0.09628038570550856
295,3,10,150,82,0.15956840344924803
296,3,10,150,82,0.15701688667375013
297,3,10,150,82,0.030868393892711742
298,3,10,150,82,0.13814728270261697
299,3,10,150,82,0.09112518571572234
300,3,10,150,82,0.0
301,3,10,150,82,0.1296575124303738
302,3,10,150,82,0.07335312372354855
303,3,10,150,82,0.17978154785217412
304,3,10,150,82,0.0
305,3,10,150,82,0.05428021340641747
306,3,10,150,82,0.0
307,3,10,150,82,0.13128644747266613
308,3,10,150,82,0.05707430901002984
309,3,10,150,82,0.0
310,3,10,150,82,0.2890648263178879
311,3,10,150,82,0.17512035582237062
312,3,10,150,82,0.16963857451199318
313,3,10,150,82,0.09586943528179451
314,3,10,150,82,0.10507089418815024
315,3,10,150,82,0.09785159463516042
316,3,10,150,82,0.06076546216996844
317,3,10,150,82,0.0
318,3,10,150,82,0.07377376675297492
319,3,10,150,82,0.0
320,3,10,150,82,0.08947300054212491
321,3,10,150,82,0.08223795175588802
322,3,10,150,82,0.07955752067133452
323,3,10,150,82,0.12229181918924699
324,3,10,150,82,0.0
325,3,10,150,82,0.0
326,3,10,150,82,0.10817904857938596
327,3,10,150,82,0.030659110745645198
328,3,10,150,82,0.1253761246808089
329,3,10,150,82,0.056720838976548935
330,3,10,150,82,0.3028509129070748
331,3,10,150,82,0.0
332,3,10,150,82,0.1160620536137697
333,3,10,150,82,0.0
334,3,10,150,82,0.1576550335359013
335,3,10,150,82,0.0
336,3,10,150,82,0.0
337,3,10,150,82,0.2325689761571779
338,3,10,150,82,0.08388555279643939
339,3,10,150,82,0.2035626803416359
340,3,10,150,82,0.12647135138382856
341,3,10,150,82,0.0
342,3,10,150,82,0.15381739323016694
343,3,10,150,82,0.35449693766486445
344,3,10,150,82,0.13804010954782428
345,3,10,150,82,0.14462655322572632
346,3,10,150,82,0.1264086027263655
347,3,10,150,82,0.09642724089192412
348,3,10,150,82,0.0
349,3,10,150,82,0.07123530534387781
350,3,10,150,82,0.2314071217459096
351,3,10,150,82,0.053201271760911766
352,3,10,150,82,0.16282653392890226
353,3,10,150,82,0.09489642549953911
354,3,10,150,82,0.048823562593396645
355,3,10,150,82,0.05122871476979503
356,3,10,150,82,0.0
357,3,10,150,82,0.03371865946438579
358,3,10,150,82,0.26730206653594746
359,3,10,150,82,0.14341929980357182
360,3,10,150,82,0.13132846997338612
361,3,10,150,82,0.0
362,3,10,150,82,0.0
363,3,10,150,82,0.1867805234163032
364,3,10,150,82,0.0
365,3,10,150,82,0.0989084497079971
366,3,10,150,82,0.10684080426179023
367,3,10,150,82,0.1410054764628891
368,3,10,150,82,0.0
369,3,10,150,82,0.0
370,3,10,150,82,0.045683428159663184
371,3,10,150,82,0.174231549865924
372,3,10,150,82,0.13528214995015655
373,3,10,150,82,0.18128610071101886
374,3,10,150,82,0.1523273086076386
375,3,10,150,82,0.0
376,3,10,150,82,0.0
377,3,10,150,82,0.053168340515114924
378,3,10,150,82,0.06290541370913372
379,3,10,150,82,0.16693258363041708
380,3,10,150,82,0.0
381,3,10,150,82,0.10528437187206623
382,3,10,150,82,0.13500098315004241
383,3,10,150,82,0.06801459236612908
384,3,10,150,82,0.08759200575528697
385,3,10,150,82,0.1546778125427113
386,3,10,150,82,0.0
387,3,10,150,82,0.03814967334348895
388,3,10,150,82,0.029785542524894418
389,3,10,150,82,0.1436557902546879
390,3,10,150,82,0.2691365333037713
391,3,10,150,82,0.298074760835303
392,3,10,150,82,0.10835852340243231
393,3,10,150,82,0.18113124467454872
394,3,10,150,82,0.15290238277303939
395,3,10,150,82,0.15727036710905312
396,3,10,150,82,0.0
397,3,10,150,82,0.12905531436930254
398,3,10,150,82,0.12204637821038242
399,3,10,150,82,0.05509887073092855
400,3,10,150,82,0.0
401,3,10,150,82,0.0
402,3,10,150,82,0.469779625693621
403,3,10,150,82,0.02818923206968657
404,3,10,150,82,0.0
405,3,10,150,82,0.21167878142857927
406,3,10,150,82,0.1428233347987388
407,3,10,150,82,0.1106313931757508
408,3,10,150,82,0.12083071655728543
409,3,10,150,82,0.15086419336317547
410,3,10,150,82,0.0
411,3,10,150,82,0.1128999930808451
412,3,10,150,82,0.0
413,3,10,150,82,0.10122860821230018
414,3,10,150,82,0.0
415,3,10,150,82,0.07605458145297357
416,3,10,150,82,0.28393032681144265
417,3,10,150,82,0.05712516951520643
418,3,10,150,82,0.07001560573318603
419,3,10,150,82,0.26168079122473237
420,3,10,150,82,0.0527075128660253
421,3,10,150,82,0.202729931306865
422,3,10,150,82,0.0
423,3,10,150,82,0.0
424,3,10,150,82,0.13291000263869587
425,3,10,150,82,0.015224331423152564
426,3,10,150,82,0.10004388309532918
427,3,10,150,82,0.0
428,3,10,150,82,0.0
429,3,10,150,82,0.12412880997780869
430,3,10,150,82,0.062242588308449316
431,3,10,150,82,0.0
432,3,10,150,82,0.05253723007572906
433,3,10,150,82,0.0
434,3,10,150,82,0.25803884452092735
435,3,10,150,82,0.19395891226601927
436,3,10,150,82,0.09291494561763272
437,3,10,150,82,0.07387863190475343
438,3,10,150,82,0.0
439,3,10,150,82,0.0
440,3,10,150,82,0.10025741859697787
441,3,10,150,82,0.0615755971851825
442,3,10,150,82,0.09569564382838347
443,3,10,150,82,0.056720838976548935
444,3,10,150,82,0.19519002499605084
445,3,10,150,82,0.0
446,3,10,150,82,0.0
447,3,10,150,82,0.09914294517496557
448,3,10,150,82,0.0
449,3,10,150,82,0.0
450,3,10,150,82,0.31771609799375355
451,3,10,150,82,0.0
452,3,10,150,82,0.048188247044562364
453,3,10,150,82,0.14969815781875853
454,3,10,150,82,0.023505024371702793
455,3,10,150,82,0.23710459674081277
456,3,10,150,82,0.20286127521652125
457,3,10,150,82,0.36238463914482993
458,3,10,150,82,0.12059750656999586
459,3,10,150,82,0.04901586605894737
460,3,10,150,82,0.0
461,3,10,150,82,0.10778915452451093
462,3,10,150,82,0.16728714615527887
463,3,10,150,82,0.1032589365938857
464,3,10,150,82,0.091470579054696
465,3,10,150,82,0.0733934381893728
466,3,10,150,82,0.0750834162528243
467,3,10,150,82,0.032842167909375275
468,3,10,150,82,0.4424763580282471
469,3,10,150,82,0.08625887094910875
470,3,10,150,82,0.040162930685297936
471,3,10,150,82,0.0
472,3,10,150,82,0.26989864785316925
473,3,10,150,82,0.08903377327702097
474,3,10,150,82,0.3392875584297983
475,3,10,150,82,0.0
476,3,10,150,82,0.12097589732794561
477,3,10,150,82,0.0
478,3,10,150,82,0.2059565668593519
479,3,10,150,82,0.07893633843817272
480,3,10,150,82,0.0881980292211471
481,3,10,150,82,0.05234104579082298
482,3,10,150,82,0.15905893746943514
483,3,10,150,82,0.06194403202282284
484,3,10,150,82,0.33809266656634696
485,3,10,150,82,0.0
486,3,10,150,82,0.06108300840136219
487,3,10,150,82,0.10060724527338907
488,3,10,150,82,0.05887472794707303
489,3,10,150,82,0.05430215066239222
490,3,10,150,82,0.06490403551612171
491,3,10,150,82,0.17758207479178334
492,3,10,150,82,0.12925417913024104
493,3,10,150,82,0.26530843853655434
494,3,10,150,82,0.15581531016292202
495,3,10,150,82,0.1637144854966556
496,3,10,150,82,0.07271211160102074
497,3,10,150,82,0.10121090134321312
498,3,10,150,82,0.0343217267714905
499,3,10,150,82,0.1775756306140374
500,3,10,150,82,0.04698773570888995
501,3,10,150,82,0.0
502,3,10,150,82,0.03272632263321488
503,3,10,150,82,0.2768332968914173
504,3,10,150,82,0.09794337990609951
505,3,10,150,82,0.025255271126572616
506,3,10,150,82,0.16119309772585624
507,3,10,150,82,0.02579743633593384
508,3,10,150,82,0.23234007015870473
509,3,10,150,82,0.0
510,3,10,150,82,0.17032928501352598
511,3,10,150,82,0.12155021559723776
512,3,10,150,82,0.0
513,3,10,150,82,0.09761131800342168
514,3,10,150,82,0.20202473045271674
515,3,10,150,82,0.0
516,3,10,150,82,0.07947838320659593
517,3,10,150,82,0.03859643636257609
518,3,10,150,82,0.05268083714989503
519,3,10,150,82,0.034560204819110964
520,3,10,150,82,0.0
521,3,10,150,82,0.07649261318048692
522,3,10,150,82,0.2035192592417533
523,3,10,150,82,0.18941913248920814
524,3,10,150,82,0.049190895005309904
525,3,10,150,82,0.06516045994396072
526,3,10,150,82,0.052528565413809895
527,3,10,150,82,0.21068702285875093
528,3,10,150,82,0.1255942414278791
529,3,10,150,82,0.03208343640786788
530,3,10,150,82,0.0
531,3,10,150,82,0.0
532,3,10,150,82,0.19110829584670452
533,3,10,150,82,0.1403255749694986
534,3,10,150,82,0.10040759964046686
535,3,10,150,82,0.25224874540372827
536,3,10,150,82,0.19370572859880655
537,3,10,150,82,0.4481787841915437
538,3,10,150,82,0.09944592215223559
539,3,10,150,82,0.07086035994602148
540,3,10,150,82,0.0
541,3,10,150,82,0.0779170553370938
542,3,10,150,82,0.08543674999048095
543,3,10,150,82,0.018843852619906468
544,3,10,150,82,0.0
545,3,10,150,82,0.1627301445786375
546,3,10,150,82,0.1727529426032757
547,3,10,150,82,0.04528995543568932
548,3,10,150,82,0.0975979953072921
549,3,10,150,82,0.10184659627402569
550,3,10,150,82,0.0845667599404342
551,3,10,150,82,0.28752325559610764
552,3,10,150,82,0.0
553,3,10,150,82,0.15284217773934242
554,3,10,150,82,0.0
555,3,10,150,82,0.037070343480771185
556,3,10,150,82,0.2848749592866812
557,3,10,150,82,0.044530079137671444
558,3,10,150,82,0.21398626473452756
559,3,10,150,82,0.11571122630007512
560,3,10,150,82,0.13657262402833295
561,3,10,150,82,0.09812497285325741
562,3,10,150,82,0.16880427191129663
563,3,10,150,82,0.10791970824616881
564,3,10,150,82,0.0
565,3,10,150,82,0.2016297075493207
566,3,10,150,82,0.11935234359120704
567,3,10,150,82,0.3504555352124596
568,3,10,150,82,0.07161318866452264
569,3,10,150,82,0.023835426911994775
570,3,10,150,82,0.0
571,3,10,150,82,0.0512644431393966
572,3,10,150,82,0.30260241349881345
573,3,10,150,82,0.0
574,3,10,150,82,0.02529922263119915
575,3,10,150,82,0.13043262693172047
576,3,10,150,82,0.0
577,3,10,150,82,0.2017286250978881
578,3,10,150,82,0.0
579,3,10,150,82,0.06152644703210656
580,3,10,150,82,0.03144137376097698
581,3,10,150,82,0.0
582,3,10,150,82,0.06679511870650716
583,3,10,150,82,0.13912814892946682
584,3,10,150,82,0.20261715588288354
585,3,10,150,82,0.042225550968526857
586,3,10,150,82,0.0663945281096953
587,3,10,150,82,0.029230460362194715
588,3,10,150,82,0.24621387876946713
589,3,10,150,82,0.09905100598441088
590,3,10,150,82,0.19997970715667693
591,3,10,150,82,0.08651464973019597
592,3,10,150,82,0.3148543807015779
593,3,10,150,82,0.14271020042879362
594,3,10,150,82,0.0
595,3,10,150,82,0.055965373307784824
596,3,10,150,82,0.09803928583135704
597,3,10,150,82,0.02579743633593384
598,3,10,150,82,0.0
599,3,10,150,82,0.02506539947940475
600,3,10,150,82,0.13574631165894233
601,3,10,150,82,0.14661690295711607
602,3,10,150,82,0.041278922835426404
603,3,10,150,82,0.12541207695631323
604,3,10,150,82,0.0
605,3,10,150,82,0.20667237874233232
606,3,10,150,82,0.3250290318127085
607,3,10,150,82,0.0308875359117713
608,3,10,150,82,0.20657435219961784
609,3,10,150,82,0.0
610,3,10,150,82,0.12186625680881258
611,3,10,150,82,0.19680646538945382
612,3,10,150,82,0.09162544430476362
613,3,10,150,82,0.1652462050665711
614,3,10,150,82,0.1467868763787456
615,3,10,150,82,0.17368907358900634
616,3,10,150,82,0.030480958763669998
617,3,10,150,82,0.0539699203856165
618,3,10,150,82,0.12816564963996635
619,3,10,150,82,0.14795344439858116
620,3,10,150,82,0.24239278329353608
621,3,10,150,82,0.10569072181389248
622,3,10,150,82,0.16226113935431313
623,3,10,150,82,0.04214302778527282
624,3,10,150,82,0.03202992305603544
625,3,10,150,82,0.06672272773479279
626,3,10,150,82,0.07930828170886256
627,3,10,150,82,0.11471658297235718
628,3,10,150,82,0.0653273647710817
629,3,10,150,82,0.3068593984808127
630,3,10,150,82,0.10834532177911152
631,3,10,150,82,0.13449792459172438
632,3,10,150,82,0.08348454970562778
633,3,10,150,82,0.050456115328747164
634,3,10,150,82,0.10834659556241943
635,3,10,150,82,0.0
636,3,10,150,82,0.4108031518056064
637,3,10,150,82,0.04188454685690797
638,3,10,150,82,0.05152901435389809
639,3,10,150,82,0.01070448204588216
640,3,10,150,82,0.16254564442204458
641,3,10,150,82,0.051358492238643604
642,3,10,150,82,0.29258159595521105
643,3,10,150,82,0.21368826267102806
644,3,10,150,82,0.023868766231572826
645,3,10,150,82,0.17744101704673967
646,3,10,150,82,0.11243817952384734
647,3,10,150,82,0.06590268968688952
648,3,10,150,82,0.2652907445545858
649,3,10,150,82,0.04336490181597879
650,3,10,150,82,0.11883538011262092
651,3,10,150,82,0.0
652,3,10,150,82,0.0
653,3,10,150,82,0.1478711933444681
654,3,10,150,82,0.05402442095740813
655,3,10,150,82,0.4708999416164192
656,3,10,150,82,0.0
657,3,10,150,82,0.2504953915210566
658,3,10,150,82,0.09988783377897062
659,3,10,150,82,0.09950788532097599
660,3,10,150,82,0.04494737137986406
661,3,10,150,82,0.23687096335281838
662,3,10,150,82,0.0
663,3,10,150,82,0.1250707809701198
664,3,10,150,82,0.2433808724049065
665,3,10,150,82,0.0637635876459061
666,3,10,150,82,0.10516091727576254
667,3,10,150,82,0.1487205698875683
668,3,10,150,82,0.0
669,3,10,150,82,0.2287469684999221
670,3,10,150,82,0.0271437232396382
671,3,10,150,82,0.20598773756155325
672,3,10,150,82,0.07973520350569015
673,3,10,150,82,0.03236977394070781
674,3,10,150,82,0.0
675,3,10,150,82,0.0382580635535654
676,3,10,150,82,0.22358931366364498
677,3,10,150,82,0.10158983531347915
678,3,10,150,82,0.0
679,3,10,150,82,0.20531579536501102
680,3,10,150,82,0.022168697248564677
681,3,10,150,82,0.0
682,3,10,150,82,0.22634150270147058
683,3,10,150,82,0.045215225629604006
684,3,10,150,82,0.03158850394477252
685,3,10,150,82,0.20373936192022438
686,3,10,150,82,0.2681485091810433
687,3,10,150,82,0.0
688,3,10,150,82,0.0
689,3,10,150,82,0.429307082657261
690,3,10,150,82,0.24802939400095458
691,3,10,150,82,0.6023709850354425
692,3,10,150,82,0.03353522641880846
693,3,10,150,82,0.04711181933747839
694,3,10,150,82,0.21361709189247302
695,3,10,150,82,0.05816383356143395
696,3,10,150,82,0.08111636357522063
697,3,10,150,82,0.09714962263604267
698,3,10,150,82,0.0
699,3,10,150,82,0.06266837015218314
700,3,10,150,82,0.0
701,3,10,150,82,0.12271508523586225
702,3,10,150,82,0.0
703,3,10,150,82,0.21888235022994418
704,3,10,150,82,0.2308890005160202
705,3,10,150,82,0.2867207867777622
706,3,10,150,82,0.03481402556224447
707,3,10,150,82,0.2574472951447884
708,3,10,150,82,0.03476299583640518
709,3,10,150,82,0.16604950811619162
710,3,10,150,82,0.25040922491354684
711,3,10,150,82,0.19509239209187343
712,3,10,150,82,0.0709301463537875
713,3,10,150,82,0.0
714,3,10,150,82,0.1266607864485773
715,3,10,150,82,0.16860516623933322
716,3,10,150,82,0.26587580936514005
717,3,10,150,82,0.15218028545758808
718,3,10,150,82,0.0
719,3,10,150,82,0.10353175087921149
720,3,10,150,82,0.05925736915373658
721,3,10,150,82,0.12300822274420435
722,3,10,150,82,0.07401896317743158
723,3,10,150,82,0.0
724,3,10,150,82,0.0
725,3,10,150,82,0.04733244938590725
726,3,10,150,82,0.061080020762274374
727,3,10,150,82,0.07077553759213034
728,3,10,150,82,0.0
729,3,10,150,82,0.046534861017850544
730,3,10,150,82,0.0
731,3,10,150,82,0.2313771176155589
732,3,10,150,82,0.05717828980196049
733,3,10,150,82,0.020730875129846955
734,3,10,150,82,0.08131766139183766
735,3,10,150,82,0.10534531474569282
736,3,10,150,82,0.047009109882897075
737,3,10,150,82,0.12127716502890909
738,3,10,150,82,0.09907057054543131
739,3,10,150,82,0.18767092572990207
740,3,10,150,82,0.0523780734795101
741,3,10,150,82,0.09620963094643388
742,3,10,150,82,0.0527075128660253
743,3,10,150,82,0.1194783875505714
744,3,10,150,82,0.0
745,3,10,150,82,0.06774344219296054
746,3,10,150,82,0.24124954544361757
747,3,10,150,82,0.2057054603438219
748,3,10,150,82,0.04132344798443041
749,3,10,150,82,0.27603039401528723
750,3,10,150,82,0.20954227812062592
751,3,10,150,82,0.06407706415564705
752,3,10,150,82,0.08155432360208091
753,3,10,150,82,0.07079765724607746
754,3,10,150,82,0.0
755,3,10,150,82,0.0
756,3,10,150,82,0.044143057780823704
757,3,10,150,82,0.1723435823204292
758,3,10,150,82,0.257807957206316
759,3,10,150,82,0.04828669550714567
760,3,10,150,82,0.16006374561654185
761,3,10,150,82,0.17663858756688974
762,3,10,150,82,0.0
763,3,10,150,82,0.1361070514270778
764,3,10,150,82,0.04710969775183564
765,3,10,150,82,0.0966785411876802
766,3,10,150,82,0.035191004809260996
767,3,10,150,82,0.1269544353559099
768,3,10,150,82,0.09997171219938322
769,3,10,150,82,0.0
770,3,10,150,82,0.207274302223422
771,3,10,150,82,0.07363642524234874
772,3,10,150,82,0.038996699933076286
773,3,10,150,82,0.15659560794124947
774,3,10,150,82,0.0
775,3,10,150,82,0.0
776,3,10,150,82,0.04721006604760436
777,3,10,150,82,0.0
778,3,10,150,82,0.08961728720334347
779,3,10,150,82,0.0
780,3,10,150,82,0.17108884848111908
781,3,10,150,82,0.16573484494600602
782,3,10,150,82,0.0
783,3,10,150,82,0.07763399617214947
784,3,10,150,82,0.04582425041433568
785,3,10,150,82,0.2848262604068979
786,3,10,150,82,0.13901223847985233
787,3,10,150,82,0.0
788,3,10,150,82,0.046626370288649896
789,3,10,150,82,0.14531023848228133
790,3,10,150,82,0.08452117092278105
791,3,10,150,82,0.059480024314918285
792,3,10,150,82,0.0946587791577201
793,3,10,150,82,0.11843263243420837
794,3,10,150,82,0.1578863001786244
795,3,10,150,82,0.10325242280712206
796,3,10,150,82,0.10569399804134626
797,3,10,150,82,0.13905617951077562
798,3,10,150,82,0.02688415331260267
799,3,10,150,82,0.2836929289153804
800,3,10,150,82,0.0
801,3,10,150,82,0.0
802,3,10,150,82,0.05621908976192367
803,3,10,150,82,0.0
804,3,10,150,82,0.20994146470018396
805,3,10,150,82,0.15771169694749937
806,3,10,150,82,0.10606704841588428
807,3,10,150,82,0.21551050461800983
808,3,10,150,82,0.09905728133858463
809,3,10,150,82,0.0
810,3,10,150,82,0.0
811,3,10,150,82,0.1162989546852336
812,3,10,150,82,0.11600766930798434
813,3,10,150,82,0.06916902856231065
814,3,10,150,82,0.054181637470214
815,3,10,150,82,0.10380674919178415
816,3,10,150,82,0.10105367325027378
817,3,10,150,82,0.0
818,3,10,150,82,0.05187864210776578
819,3,10,150,82,0.0
820,3,10,150,82,0.12262943855309168
821,3,10,150,82,0.18684232150964158
822,3,10,150,82,0.0
823,3,10,150,82,0.14011732711290795
824,3,10,150,82,0.0
825,3,10,150,82,0.16434089815347858
826,3,10,150,82,0.1395338307503347
827,3,10,150,82,0.0
828,3,10,150,82,0.0
829,3,10,150,82,0.08143169212679746
830,3,10,150,82,0.15298484663625925
831,3,10,150,82,0.0800524392169327
832,3,10,150,82,0.06248152673860667
833,3,10,150,82,0.05828935682373833
834,3,10,150,82,0.0
835,3,10,150,82,0.131093662595089
836,3,10,150,82,0.05097554749895306
837,3,10,150,82,0.05351287869030783
838,3,10,150,82,0.08633629724227374
839,3,10,150,82,0.0
840,3,10,150,82,0.1518245759629103
841,3,10,150,82,0.0
842,3,10,150,82,0.0
843,3,10,150,82,0.04209275315645388
844,3,10,150,82,0.0
845,3,10,150,82,0.06531065216760332
846,3,10,150,82,0.16592059617503505
847,3,10,150,82,0.0
848,3,10,150,82,0.06724639283045118
849,3,10,150,82,0.07682358143005112
850,3,10,150,82,0.06228974831361337
851,3,10,150,82,0.2277008805972924
852,3,10,150,82,0.07256783117062009
853,3,10,150,82,0.0
854,3,10,150,82,0.0
855,3,10,150,82,0.0
856,3,10,150,82,0.0
857,3,10,150,82,0.0
858,3,10,150,82,0.0
859,3,10,150,82,0.0
860,3,10,150,82,0.0
861,3,10,150,82,0.12754356661958802
862,3,10,150,82,0.18279787522069124
863,3,10,150,82,0.0
864,3,10,150,82,0.19756506460263396
865,3,10,150,82,0.0
866,3,10,150,82,0.0
867,3,10,150,82,0.18752183128814004
868,3,10,150,82,0.0
870,3,10,150,82,0.0
871,3,10,150,82,0.0
872,3,10,150,82,0.0
875,3,10,150,82,0.1395953738647505
876,3,10,150,82,0.0
877,3,10,150,82,0.0
1,3,10,150,83,0.6247579375131872
2,3,10,150,83,0.10688238502350729
3,3,10,150,83,0.0
4,3,10,150,83,0.0
5,3,10,150,83,0.0819283960923954
6,3,10,150,83,0.05340978172012693
7,3,10,150,83,0.20305527746535623
8,3,10,150,83,0.1900735845235601
9,3,10,150,83,0.0
10,3,10,150,83,0.16409920264511527
11,3,10,150,83,0.049016076581777215
12,3,10,150,83,0.13570688190090627
13,3,10,150,83,0.2078876225940363
14,3,10,150,83,0.14623893181570033
15,3,10,150,83,0.0
16,3,10,150,83,0.2571810388985906
17,3,10,150,83,0.12066394366711926
18,3,10,150,83,0.18606782959057458
19,3,10,150,83,0.0
20,3,10,150,83,0.14530105135237878
21,3,10,150,83,0.05824963961462511
22,3,10,150,83,0.1468275080577048
23,3,10,150,83,0.18360000301566626
24,3,10,150,83,0.311062094929455
25,3,10,150,83,0.0
26,3,10,150,83,0.030421795212869307
28,3,10,150,83,0.0
29,3,10,150,83,0.0
30,3,10,150,83,0.0979129253499678
31,3,10,150,83,0.06076546216996844
32,3,10,150,83,0.0
33,3,10,150,83,0.0
34,3,10,150,83,0.0
35,3,10,150,83,0.07108348368841133
37,3,10,150,83,0.08836851842055818
38,3,10,150,83,0.03215366848272267
39,3,10,150,83,0.0
40,3,10,150,83,0.0769181994946132
41,3,10,150,83,0.0
42,3,10,150,83,0.14144963799422255
43,3,10,150,83,0.268915965453296
44,3,10,150,83,0.07698159974258616
45,3,10,150,83,0.04505000432618384
46,3,10,150,83,0.2524329124868603
47,3,10,150,83,0.0
48,3,10,150,83,0.191300388285999
49,3,10,150,83,0.08545966314334597
50,3,10,150,83,0.0
51,3,10,150,83,0.18953836965473142
52,3,10,150,83,0.04892579731758021
53,3,10,150,83,0.09546043308946733
54,3,10,150,83,0.07984133538066794
55,3,10,150,83,0.0
56,3,10,150,83,0.03975645576081676
57,3,10,150,83,0.07600688094360178
58,3,10,150,83,0.10796876451088402
59,3,10,150,83,0.20601184217250942
60,3,10,150,83,0.12123807080432077
61,3,10,150,83,0.0
62,3,10,150,83,0.056765939954965754
63,3,10,150,83,0.03554915059547175
64,3,10,150,83,0.0
65,3,10,150,83,0.2994759515353249
66,3,10,150,83,0.0
67,3,10,150,83,0.0
68,3,10,150,83,0.0
69,3,10,150,83,0.18013245110732332
70,3,10,150,83,0.04310441109649134
71,3,10,150,83,0.1434649426280276
72,3,10,150,83,0.16084022171949366
73,3,10,150,83,0.051960280791503534
74,3,10,150,83,0.0
75,3,10,150,83,0.11731968150568911
76,3,10,150,83,0.14804398249667974
77,3,10,150,83,0.45287742747371695
78,3,10,150,83,0.0
79,3,10,150,83,0.0
80,3,10,150,83,0.08297572808511901
81,3,10,150,83,0.0
82,3,10,150,83,0.10812418485305166
83,3,10,150,83,0.04630610387058298
84,3,10,150,83,0.0
85,3,10,150,83,0.06966660916502733
86,3,10,150,83,0.07738888769495082
87,3,10,150,83,0.10058161863664324
88,3,10,150,83,0.0
89,3,10,150,83,0.22860031301980846
90,3,10,150,83,0.2386569480666451
91,3,10,150,83,0.13114221140465185
92,3,10,150,83,0.05941140519332677
93,3,10,150,83,0.0
94,3,10,150,83,0.19025030646477453
95,3,10,150,83,0.07964436720215591
96,3,10,150,83,0.19186450284072096
97,3,10,150,83,0.16731903653190372
98,3,10,150,83,0.08878770367712427
99,3,10,150,83,0.029785542524894418
100,3,10,150,83,0.0892789338684584
101,3,10,150,83,0.0
102,3,10,150,83,0.026001814664123827
103,3,10,150,83,0.07673373981757839
104,3,10,150,83,0.12171451575741458
106,3,10,150,83,0.05261577455142312
107,3,10,150,83,0.0
108,3,10,150,83,0.0
109,3,10,150,83,0.12702438124116902
110,3,10,150,83,0.06422488523189442
111,3,10,150,83,0.0
112,3,10,150,83,0.06510475888148554
113,3,10,150,83,0.05449144662575446
114,3,10,150,83,0.07610811271330754
115,3,10,150,83,0.07491639684062663
116,3,10,150,83,0.07814915695077672
117,3,10,150,83,0.10135360124281675
118,3,10,150,83,0.0
119,3,10,150,83,0.0857501853120467
121,3,10,150,83,0.06245141164382474
122,3,10,150,83,0.07625852881342107
123,3,10,150,83,0.46927872602275644
124,3,10,150,83,0.10889376106823218
125,3,10,150,83,0.1758278598077621
126,3,10,150,83,0.0
127,3,10,150,83,0.0
128,3,10,150,83,0.047777554739453616
129,3,10,150,83,0.0
130,3,10,150,83,0.11207058154636457
131,3,10,150,83,0.2803335894048546
132,3,10,150,83,0.1431991570830273
133,3,10,150,83,0.0
134,3,10,150,83,0.0
135,3,10,150,83,0.0
136,3,10,150,83,0.40257390286801836
137,3,10,150,83,0.0
138,3,10,150,83,0.21222747957761057
139,3,10,150,83,0.0
140,3,10,150,83,0.0
141,3,10,150,83,0.20239191246999313
142,3,10,150,83,0.30260241349881345
143,3,10,150,83,0.0
144,3,10,150,83,0.2143720535700613
145,3,10,150,83,0.10527481150051315
146,3,10,150,83,0.0
147,3,10,150,83,0.07610811271330754
148,3,10,150,83,0.13364524093464059
149,3,10,150,83,0.05446824630887794
150,3,10,150,83,0.0
151,3,10,150,83,0.16194309002265503
152,3,10,150,83,0.07040184612406662
153,3,10,150,83,0.06516188295518531
154,3,10,150,83,0.055100238151135045
155,3,10,150,83,0.0
156,3,10,150,83,0.07028063830038406
157,3,10,150,83,0.05840183867278569
158,3,10,150,83,0.07413972351842125
159,3,10,150,83,0.11026617795298452
160,3,10,150,83,0.08815843064600337
161,3,10,150,83,0.0
162,3,10,150,83,0.0
163,3,10,150,83,0.0
164,3,10,150,83,0.0
165,3,10,150,83,0.09149012142095872
166,3,10,150,83,0.09726657973356154
167,3,10,150,83,0.03395822402998728
168,3,10,150,83,0.03967704129387874
169,3,10,150,83,0.055427457405235275
170,3,10,150,83,0.0
171,3,10,150,83,0.0
172,3,10,150,83,0.0
173,3,10,150,83,0.0
174,3,10,150,83,0.09877498173459962
175,3,10,150,83,0.4413254197204702
176,3,10,150,83,0.06153137845972642
177,3,10,150,83,0.0
178,3,10,150,83,0.18053947820976404
179,3,10,150,83,0.06599888514927177
180,3,10,150,83,0.0
181,3,10,150,83,0.04622579729077891
182,3,10,150,83,0.13120507751234178
183,3,10,150,83,0.0
184,3,10,150,83,0.016355592358211265
185,3,10,150,83,0.0
186,3,10,150,83,0.0
187,3,10,150,83,0.2004102107997965
188,3,10,150,83,0.050562513489816586
189,3,10,150,83,0.22982757951573698
190,3,10,150,83,0.0
191,3,10,150,83,0.07335312372354855
192,3,10,150,83,0.0
193,3,10,150,83,0.04024288246957146
194,3,10,150,83,0.0860257611411915
195,3,10,150,83,0.10257737475069033
196,3,10,150,83,0.17342765698823945
197,3,10,150,83,0.07304192939088519
198,3,10,150,83,0.10387325901274824
199,3,10,150,83,0.052106753859569234
200,3,10,150,83,0.0971420957831845
201,3,10,150,83,0.26661101290637074
202,3,10,150,83,0.0
203,3,10,150,83,0.0
204,3,10,150,83,0.0
205,3,10,150,83,0.11600766930798434
206,3,10,150,83,0.0
207,3,10,150,83,0.17590647434842874
208,3,10,150,83,0.0
209,3,10,150,83,0.070675417981692
210,3,10,150,83,0.0
211,3,10,150,83,0.0
212,3,10,150,83,0.0559167101555819
213,3,10,150,83,0.08985507164305877
214,3,10,150,83,0.1257260924843343
215,3,10,150,83,0.157288596461893
216,3,10,150,83,0.27735230728218535
217,3,10,150,83,0.13000004444613666
218,3,10,150,83,0.06323567569191428
219,3,10,150,83,0.0
220,3,10,150,83,0.07807600999842033
221,3,10,150,83,0.12213234467515617
222,3,10,150,83,0.16053518617112608
223,3,10,150,83,0.039270700903099615
224,3,10,150,83,0.05211803804128038
225,3,10,150,83,0.09311209812195972
226,3,10,150,83,0.0
227,3,10,150,83,0.0
229,3,10,150,83,0.0
230,3,10,150,83,0.1697995249867118
231,3,10,150,83,0.0
232,3,10,150,83,0.0
233,3,10,150,83,0.20123780419810608
234,3,10,150,83,0.17069608215664606
235,3,10,150,83,0.11418024069273867
236,3,10,150,83,0.12127042983235181
237,3,10,150,83,0.04776398023609584
238,3,10,150,83,0.0
239,3,10,150,83,0.14738301924206398
240,3,10,150,83,0.10235170428306553
241,3,10,150,83,0.1381300260171807
242,3,10,150,83,0.0
243,3,10,150,83,0.0
244,3,10,150,83,0.15017336350566032
245,3,10,150,83,0.0
246,3,10,150,83,0.08356426880363813
247,3,10,150,83,0.15642624200758548
248,3,10,150,83,0.23451355966072135
249,3,10,150,83,0.3296200475575061
250,3,10,150,83,0.07806699296748765
251,3,10,150,83,0.0
252,3,10,150,83,0.07630862162354303
253,3,10,150,83,0.038220360097248454
254,3,10,150,83,0.036502603141236205
255,3,10,150,83,0.10933464083642679
256,3,10,150,83,0.0681239071992697
257,3,10,150,83,0.12830873359117523
258,3,10,150,83,0.16260831227163416
259,3,10,150,83,0.0
260,3,10,150,83,0.0
261,3,10,150,83,0.0
262,3,10,150,83,0.0
263,3,10,150,83,0.36030713075223775
264,3,10,150,83,0.3852510465367394
265,3,10,150,83,0.19802572813668026
266,3,10,150,83,0.0
267,3,10,150,83,0.22898927482035836
268,3,10,150,83,0.10827784002385153
269,3,10,150,83,0.040019695500760184
270,3,10,150,83,0.049915567102790354
271,3,10,150,83,0.10729393508609222
272,3,10,150,83,0.10457492829503848
273,3,10,150,83,0.0
274,3,10,150,83,0.05380266522938521
275,3,10,150,83,0.0
276,3,10,150,83,0.16683394348006692
277,3,10,150,83,0.0
278,3,10,150,83,0.0
279,3,10,150,83,0.12980652062863637
280,3,10,150,83,0.0882348794193481
281,3,10,150,83,0.0
282,3,10,150,83,0.09659953929285248
283,3,10,150,83,0.0
284,3,10,150,83,0.0
285,3,10,150,83,0.0
286,3,10,150,83,0.016140534521312585
287,3,10,150,83,0.0
288,3,10,150,83,0.13999259891013252
289,3,10,150,83,0.0
290,3,10,150,83,0.09647783930421741
291,3,10,150,83,0.17775326828407884
292,3,10,150,83,0.27665227928348557
293,3,10,150,83,0.16099877562659232
294,3,10,150,83,0.09628038570550856
295,3,10,150,83,0.15956840344924803
296,3,10,150,83,0.15701688667375013
297,3,10,150,83,0.030868393892711742
298,3,10,150,83,0.13814728270261697
299,3,10,150,83,0.09112518571572234
300,3,10,150,83,0.0
301,3,10,150,83,0.1296575124303738
302,3,10,150,83,0.07335312372354855
303,3,10,150,83,0.17978154785217412
304,3,10,150,83,0.0
305,3,10,150,83,0.05428021340641747
306,3,10,150,83,0.0
307,3,10,150,83,0.13128644747266613
308,3,10,150,83,0.05707430901002984
309,3,10,150,83,0.0
310,3,10,150,83,0.2890648263178879
311,3,10,150,83,0.17512035582237062
312,3,10,150,83,0.16963857451199318
313,3,10,150,83,0.09586943528179451
314,3,10,150,83,0.10507089418815024
315,3,10,150,83,0.09785159463516042
316,3,10,150,83,0.06076546216996844
317,3,10,150,83,0.0
318,3,10,150,83,0.07377376675297492
319,3,10,150,83,0.0
320,3,10,150,83,0.08947300054212491
321,3,10,150,83,0.08223795175588802
322,3,10,150,83,0.07955752067133452
323,3,10,150,83,0.12229181918924699
324,3,10,150,83,0.0
325,3,10,150,83,0.0
326,3,10,150,83,0.10817904857938596
327,3,10,150,83,0.030659110745645198
328,3,10,150,83,0.1253761246808089
329,3,10,150,83,0.056720838976548935
330,3,10,150,83,0.3028509129070748
331,3,10,150,83,0.0
332,3,10,150,83,0.1160620536137697
333,3,10,150,83,0.0
334,3,10,150,83,0.1576550335359013
335,3,10,150,83,0.0
336,3,10,150,83,0.0
337,3,10,150,83,0.2325689761571779
338,3,10,150,83,0.08388555279643939
339,3,10,150,83,0.2035626803416359
340,3,10,150,83,0.12647135138382856
341,3,10,150,83,0.0
342,3,10,150,83,0.15381739323016694
343,3,10,150,83,0.3675257435678538
344,3,10,150,83,0.13804010954782428
345,3,10,150,83,0.14462655322572632
346,3,10,150,83,0.1264086027263655
347,3,10,150,83,0.09642724089192412
348,3,10,150,83,0.0
349,3,10,150,83,0.07123530534387781
350,3,10,150,83,0.2314071217459096
351,3,10,150,83,0.053201271760911766
352,3,10,150,83,0.16282653392890226
353,3,10,150,83,0.09489642549953911
354,3,10,150,83,0.048823562593396645
355,3,10,150,83,0.05122871476979503
356,3,10,150,83,0.0
357,3,10,150,83,0.03371865946438579
358,3,10,150,83,0.26730206653594746
359,3,10,150,83,0.14341929980357182
360,3,10,150,83,0.1559806047717434
361,3,10,150,83,0.0
362,3,10,150,83,0.0
363,3,10,150,83,0.1867805234163032
364,3,10,150,83,0.0
365,3,10,150,83,0.0989084497079971
366,3,10,150,83,0.10684080426179023
367,3,10,150,83,0.1410054764628891
368,3,10,150,83,0.0
369,3,10,150,83,0.0
370,3,10,150,83,0.045683428159663184
371,3,10,150,83,0.174231549865924
372,3,10,150,83,0.13528214995015655
373,3,10,150,83,0.18128610071101886
374,3,10,150,83,0.1523273086076386
375,3,10,150,83,0.0
376,3,10,150,83,0.0
377,3,10,150,83,0.053168340515114924
378,3,10,150,83,0.06290541370913372
379,3,10,150,83,0.16693258363041708
380,3,10,150,83,0.0
381,3,10,150,83,0.10528437187206623
382,3,10,150,83,0.13500098315004241
383,3,10,150,83,0.06801459236612908
384,3,10,150,83,0.08759200575528697
385,3,10,150,83,0.1546778125427113
386,3,10,150,83,0.0
387,3,10,150,83,0.03814967334348895
388,3,10,150,83,0.029785542524894418
389,3,10,150,83,0.1436557902546879
390,3,10,150,83,0.3221940057104188
391,3,10,150,83,0.298074760835303
392,3,10,150,83,0.10835852340243231
393,3,10,150,83,0.17958603335899562
394,3,10,150,83,0.15290238277303939
395,3,10,150,83,0.15727036710905312
396,3,10,150,83,0.0
397,3,10,150,83,0.12905531436930254
398,3,10,150,83,0.12204637821038242
399,3,10,150,83,0.05509887073092855
400,3,10,150,83,0.0
401,3,10,150,83,0.0
402,3,10,150,83,0.469779625693621
403,3,10,150,83,0.02818923206968657
404,3,10,150,83,0.0
405,3,10,150,83,0.20987297233742203
406,3,10,150,83,0.1428233347987388
407,3,10,150,83,0.1106313931757508
408,3,10,150,83,0.12083071655728543
409,3,10,150,83,0.15086419336317547
410,3,10,150,83,0.0
411,3,10,150,83,0.1128999930808451
412,3,10,150,83,0.0
413,3,10,150,83,0.10122860821230018
414,3,10,150,83,0.0
415,3,10,150,83,0.07605458145297357
416,3,10,150,83,0.2900390407648163
417,3,10,150,83,0.05712516951520643
418,3,10,150,83,0.07001560573318603
419,3,10,150,83,0.26168079122473237
420,3,10,150,83,0.0527075128660253
421,3,10,150,83,0.202729931306865
422,3,10,150,83,0.0
423,3,10,150,83,0.0
424,3,10,150,83,0.13291000263869587
425,3,10,150,83,0.02982220412949677
426,3,10,150,83,0.10004388309532918
427,3,10,150,83,0.0
428,3,10,150,83,0.0
429,3,10,150,83,0.1230698803485861
430,3,10,150,83,0.062242588308449316
431,3,10,150,83,0.0
432,3,10,150,83,0.05253723007572906
433,3,10,150,83,0.0
434,3,10,150,83,0.25803884452092735
435,3,10,150,83,0.1923042694873848
436,3,10,150,83,0.09291494561763272
437,3,10,150,83,0.07387863190475343
438,3,10,150,83,0.0
439,3,10,150,83,0.0
440,3,10,150,83,0.10025741859697787
441,3,10,150,83,0.0615755971851825
442,3,10,150,83,0.09569564382838347
443,3,10,150,83,0.056720838976548935
444,3,10,150,83,0.19519002499605084
445,3,10,150,83,0.0
446,3,10,150,83,0.0
447,3,10,150,83,0.09914294517496557
448,3,10,150,83,0.0
449,3,10,150,83,0.0
450,3,10,150,83,0.31500569587270905
451,3,10,150,83,0.0
452,3,10,150,83,0.048188247044562364
453,3,10,150,83,0.14969815781875853
454,3,10,150,83,0.035160779103472525
455,3,10,150,83,0.23710459674081277
456,3,10,150,83,0.20286127521652125
457,3,10,150,83,0.36238463914482993
458,3,10,150,83,0.12059750656999586
459,3,10,150,83,0.04901586605894737
460,3,10,150,83,0.0
461,3,10,150,83,0.10778915452451093
462,3,10,150,83,0.16728714615527887
463,3,10,150,83,0.1032589365938857
464,3,10,150,83,0.091470579054696
465,3,10,150,83,0.0733934381893728
466,3,10,150,83,0.0750834162528243
467,3,10,150,83,0.032842167909375275
468,3,10,150,83,0.4424763580282471
469,3,10,150,83,0.08625887094910875
470,3,10,150,83,0.040162930685297936
471,3,10,150,83,0.0
472,3,10,150,83,0.26989864785316925
473,3,10,150,83,0.08903377327702097
474,3,10,150,83,0.3363931324821707
475,3,10,150,83,0.0
476,3,10,150,83,0.12097589732794561
477,3,10,150,83,0.0
478,3,10,150,83,0.2059565668593519
479,3,10,150,83,0.07893633843817272
480,3,10,150,83,0.0881980292211471
481,3,10,150,83,0.05234104579082298
482,3,10,150,83,0.15905893746943514
483,3,10,150,83,0.06194403202282284
484,3,10,150,83,0.33809266656634696
485,3,10,150,83,0.0
486,3,10,150,83,0.06108300840136219
487,3,10,150,83,0.10060724527338907
488,3,10,150,83,0.05887472794707303
489,3,10,150,83,0.05430215066239222
490,3,10,150,83,0.06490403551612171
491,3,10,150,83,0.17758207479178334
492,3,10,150,83,0.12925417913024104
493,3,10,150,83,0.26530843853655434
494,3,10,150,83,0.15581531016292202
495,3,10,150,83,0.1637144854966556
496,3,10,150,83,0.07271211160102074
497,3,10,150,83,0.10121090134321312
498,3,10,150,83,0.0343217267714905
499,3,10,150,83,0.1775756306140374
500,3,10,150,83,0.04698773570888995
501,3,10,150,83,0.0
502,3,10,150,83,0.03272632263321488
503,3,10,150,83,0.2768332968914173
504,3,10,150,83,0.09794337990609951
505,3,10,150,83,0.025255271126572616
506,3,10,150,83,0.16119309772585624
507,3,10,150,83,0.02579743633593384
508,3,10,150,83,0.23234007015870473
509,3,10,150,83,0.0
510,3,10,150,83,0.17032928501352598
511,3,10,150,83,0.12155021559723776
512,3,10,150,83,0.0
513,3,10,150,83,0.09761131800342168
514,3,10,150,83,0.20202473045271674
515,3,10,150,83,0.0
516,3,10,150,83,0.07947838320659593
517,3,10,150,83,0.03859643636257609
518,3,10,150,83,0.05268083714989503
519,3,10,150,83,0.034560204819110964
520,3,10,150,83,0.0
521,3,10,150,83,0.07649261318048692
522,3,10,150,83,0.2035192592417533
523,3,10,150,83,0.18941913248920814
524,3,10,150,83,0.048771252730334315
525,3,10,150,83,0.06516045994396072
526,3,10,150,83,0.052528565413809895
527,3,10,150,83,0.21068702285875093
528,3,10,150,83,0.1255942414278791
529,3,10,150,83,0.03208343640786788
530,3,10,150,83,0.0
531,3,10,150,83,0.0
532,3,10,150,83,0.19110829584670452
533,3,10,150,83,0.14984658966337272
534,3,10,150,83,0.10040759964046686
535,3,10,150,83,0.26295140635259745
536,3,10,150,83,0.19370572859880655
537,3,10,150,83,0.4443554188192806
538,3,10,150,83,0.09944592215223559
539,3,10,150,83,0.07086035994602148
540,3,10,150,83,0.0
541,3,10,150,83,0.0779170553370938
542,3,10,150,83,0.08543674999048095
543,3,10,150,83,0.028092900764810486
544,3,10,150,83,0.0
545,3,10,150,83,0.1627301445786375
546,3,10,150,83,0.1727529426032757
547,3,10,150,83,0.04528995543568932
548,3,10,150,83,0.0975979953072921
549,3,10,150,83,0.10184659627402569
550,3,10,150,83,0.0845667599404342
551,3,10,150,83,0.2850704253909708
552,3,10,150,83,0.0
553,3,10,150,83,0.15284217773934242
554,3,10,150,83,0.0
555,3,10,150,83,0.037070343480771185
556,3,10,150,83,0.2848749592866812
557,3,10,150,83,0.044530079137671444
558,3,10,150,83,0.21398626473452756
559,3,10,150,83,0.11571122630007512
560,3,10,150,83,0.13657262402833295
561,3,10,150,83,0.0972878791830647
562,3,10,150,83,0.16880427191129663
563,3,10,150,83,0.10791970824616881
564,3,10,150,83,0.0
565,3,10,150,83,0.2016297075493207
566,3,10,150,83,0.11935234359120704
567,3,10,150,83,0.3504555352124596
568,3,10,150,83,0.07161318866452264
569,3,10,150,83,0.023835426911994775
570,3,10,150,83,0.0
571,3,10,150,83,0.0512644431393966
572,3,10,150,83,0.30260241349881345
573,3,10,150,83,0.0
574,3,10,150,83,0.02529922263119915
575,3,10,150,83,0.13043262693172047
576,3,10,150,83,0.0
577,3,10,150,83,0.2017286250978881
578,3,10,150,83,0.0
579,3,10,150,83,0.06152644703210656
580,3,10,150,83,0.03144137376097698
581,3,10,150,83,0.0
582,3,10,150,83,0.06679511870650716
583,3,10,150,83,0.13912814892946682
584,3,10,150,83,0.20261715588288354
585,3,10,150,83,0.042225550968526857
586,3,10,150,83,0.0663945281096953
587,3,10,150,83,0.029230460362194715
588,3,10,150,83,0.2441134544489454
589,3,10,150,83,0.09905100598441088
590,3,10,150,83,0.19997970715667693
591,3,10,150,83,0.08651464973019597
592,3,10,150,83,0.312168391585312
593,3,10,150,83,0.14271020042879362
594,3,10,150,83,0.0
595,3,10,150,83,0.055965373307784824
596,3,10,150,83,0.09803928583135704
597,3,10,150,83,0.02579743633593384
598,3,10,150,83,0.0
599,3,10,150,83,0.02506539947940475
600,3,10,150,83,0.13574631165894233
601,3,10,150,83,0.14661690295711607
602,3,10,150,83,0.041278922835426404
603,3,10,150,83,0.12541207695631323
604,3,10,150,83,0.0
605,3,10,150,83,0.21970118464532165
606,3,10,150,83,0.3222562438337893
607,3,10,150,83,0.0308875359117713
608,3,10,150,83,0.20657435219961784
609,3,10,150,83,0.0
610,3,10,150,83,0.12186625680881258
611,3,10,150,83,0.19680646538945382
612,3,10,150,83,0.09162544430476362
613,3,10,150,83,0.1652462050665711
614,3,10,150,83,0.1467868763787456
615,3,10,150,83,0.17368907358900634
616,3,10,150,83,0.030480958763669998
617,3,10,150,83,0.0539699203856165
618,3,10,150,83,0.12707228216245178
619,3,10,150,83,0.14795344439858116
620,3,10,150,83,0.24239278329353608
621,3,10,150,83,0.10569072181389248
622,3,10,150,83,0.16226113935431313
623,3,10,150,83,0.04214302778527282
624,3,10,150,83,0.03202992305603544
625,3,10,150,83,0.06672272773479279
626,3,10,150,83,0.07930828170886256
627,3,10,150,83,0.11471658297235718
628,3,10,150,83,0.0653273647710817
629,3,10,150,83,0.31822291409126885
630,3,10,150,83,0.10834532177911152
631,3,10,150,83,0.13449792459172438
632,3,10,150,83,0.08348454970562778
633,3,10,150,83,0.050456115328747164
634,3,10,150,83,0.11971011117287562
635,3,10,150,83,0.0
636,3,10,150,83,0.4108031518056064
637,3,10,150,83,0.04188454685690797
638,3,10,150,83,0.05152901435389809
639,3,10,150,83,0.01070448204588216
640,3,10,150,83,0.17467473656235705
641,3,10,150,83,0.051358492238643604
642,3,10,150,83,0.2900856135883649
643,3,10,150,83,0.21368826267102806
644,3,10,150,83,0.023868766231572826
645,3,10,150,83,0.17744101704673967
646,3,10,150,83,0.11243817952384734
647,3,10,150,83,0.06590268968688952
648,3,10,150,83,0.26302757752819117
649,3,10,150,83,0.04336490181597879
650,3,10,150,83,0.1178216081685921
651,3,10,150,83,0.0
652,3,10,150,83,0.0
653,3,10,150,83,0.14660971997685138
654,3,10,150,83,0.05402442095740813
655,3,10,150,83,0.4668827444752723
656,3,10,150,83,0.0
657,3,10,150,83,0.2504953915210566
658,3,10,150,83,0.09988783377897062
659,3,10,150,83,0.09950788532097599
660,3,10,150,83,0.05309482341854547
661,3,10,150,83,0.23687096335281838
662,3,10,150,83,0.0
663,3,10,150,83,0.1250707809701198
664,3,10,150,83,0.2433808724049065
665,3,10,150,83,0.0637635876459061
666,3,10,150,83,0.10426380071467217
667,3,10,150,83,0.1487205698875683
668,3,10,150,83,0.0
669,3,10,150,83,0.2287469684999221
670,3,10,150,83,0.0271437232396382
671,3,10,150,83,0.20598773756155325
672,3,10,150,83,0.07973520350569015
673,3,10,150,83,0.03236977394070781
674,3,10,150,83,0.0
675,3,10,150,83,0.0382580635535654
676,3,10,150,83,0.22358931366364498
677,3,10,150,83,0.10158983531347915
678,3,10,150,83,0.0
679,3,10,150,83,0.20531579536501102
680,3,10,150,83,0.022168697248564677
681,3,10,150,83,0.0
682,3,10,150,83,0.22441060750013733
683,3,10,150,83,0.045215225629604006
684,3,10,150,83,0.03158850394477252
685,3,10,150,83,0.20373936192022438
686,3,10,150,83,0.28356904801607674
687,3,10,150,83,0.0
688,3,10,150,83,0.0
689,3,10,150,83,0.429307082657261
690,3,10,150,83,0.24802939400095458
691,3,10,150,83,0.6023709850354425
692,3,10,150,83,0.03353522641880846
693,3,10,150,83,0.04711181933747839
694,3,10,150,83,0.21361709189247302
695,3,10,150,83,0.05816383356143395
696,3,10,150,83,0.08111636357522063
697,3,10,150,83,0.09714962263604267
698,3,10,150,83,0.0
699,3,10,150,83,0.06266837015218314
700,3,10,150,83,0.0
701,3,10,150,83,0.12271508523586225
702,3,10,150,83,0.0
703,3,10,150,83,0.21888235022994418
704,3,10,150,83,0.2308890005160202
705,3,10,150,83,0.2867207867777622
706,3,10,150,83,0.03481402556224447
707,3,10,150,83,0.2552510397481503
708,3,10,150,83,0.03476299583640518
709,3,10,150,83,0.16604950811619162
710,3,10,150,83,0.25040922491354684
711,3,10,150,83,0.1934280797178248
712,3,10,150,83,0.0709301463537875
713,3,10,150,83,0.0
714,3,10,150,83,0.1266607864485773
715,3,10,150,83,0.16860516623933322
716,3,10,150,83,0.27213854447982694
717,3,10,150,83,0.15218028545758808
718,3,10,150,83,0.0
719,3,10,150,83,0.10353175087921149
720,3,10,150,83,0.05925736915373658
721,3,10,150,83,0.12300822274420435
722,3,10,150,83,0.07401896317743158
723,3,10,150,83,0.0
724,3,10,150,83,0.0
725,3,10,150,83,0.04733244938590725
726,3,10,150,83,0.10841847307700177
727,3,10,150,83,0.0701717590350503
728,3,10,150,83,0.0
729,3,10,150,83,0.046534861017850544
730,3,10,150,83,0.0
731,3,10,150,83,0.2313771176155589
732,3,10,150,83,0.05717828980196049
733,3,10,150,83,0.020730875129846955
734,3,10,150,83,0.08131766139183766
735,3,10,150,83,0.10534531474569282
736,3,10,150,83,0.047009109882897075
737,3,10,150,83,0.12127716502890909
738,3,10,150,83,0.09907057054543131
739,3,10,150,83,0.18767092572990207
740,3,10,150,83,0.0523780734795101
741,3,10,150,83,0.09620963094643388
742,3,10,150,83,0.0527075128660253
743,3,10,150,83,0.1194783875505714
744,3,10,150,83,0.0
745,3,10,150,83,0.06774344219296054
746,3,10,150,83,0.24124954544361757
747,3,10,150,83,0.20395060901728546
748,3,10,150,83,0.04132344798443041
749,3,10,150,83,0.2736756081856234
750,3,10,150,83,0.20954227812062592
751,3,10,150,83,0.06407706415564705
752,3,10,150,83,0.08155432360208091
753,3,10,150,83,0.07079765724607746
754,3,10,150,83,0.0
755,3,10,150,83,0.0
756,3,10,150,83,0.044143057780823704
757,3,10,150,83,0.18464075722796058
758,3,10,150,83,0.25560862504012566
759,3,10,150,83,0.04828669550714567
760,3,10,150,83,0.16006374561654185
761,3,10,150,83,0.17663858756688974
762,3,10,150,83,0.0
763,3,10,150,83,0.15021194072867564
764,3,10,150,83,0.04710969775183564
765,3,10,150,83,0.0966785411876802
766,3,10,150,83,0.035191004809260996
767,3,10,150,83,0.1269544353559099
768,3,10,150,83,0.09997171219938322
769,3,10,150,83,0.0
770,3,10,150,83,0.207274302223422
771,3,10,150,83,0.07363642524234874
772,3,10,150,83,0.038996699933076286
773,3,10,150,83,0.15659560794124947
774,3,10,150,83,0.0
775,3,10,150,83,0.0
776,3,10,150,83,0.04721006604760436
777,3,10,150,83,0.0
778,3,10,150,83,0.08961728720334347
779,3,10,150,83,0.0
780,3,10,150,83,0.17108884848111908
781,3,10,150,83,0.16573484494600602
782,3,10,150,83,0.0
783,3,10,150,83,0.07763399617214947
784,3,10,150,83,0.04582425041433568
785,3,10,150,83,0.2848262604068979
786,3,10,150,83,0.13901223847985233
787,3,10,150,83,0.0
788,3,10,150,83,0.046626370288649896
789,3,10,150,83,0.14531023848228133
790,3,10,150,83,0.08452117092278105
791,3,10,150,83,0.059480024314918285
792,3,10,150,83,0.0946587791577201
793,3,10,150,83,0.11843263243420837
794,3,10,150,83,0.1578863001786244
795,3,10,150,83,0.10325242280712206
796,3,10,150,83,0.1145275641223123
797,3,10,150,83,0.13905617951077562
798,3,10,150,83,0.02688415331260267
799,3,10,150,83,0.2836929289153804
800,3,10,150,83,0.0
801,3,10,150,83,0.0
802,3,10,150,83,0.05621908976192367
803,3,10,150,83,0.0
804,3,10,150,83,0.20994146470018396
805,3,10,150,83,0.15771169694749937
806,3,10,150,83,0.10606704841588428
807,3,10,150,83,0.21551050461800983
808,3,10,150,83,0.09905728133858463
809,3,10,150,83,0.0
810,3,10,150,83,0.0
811,3,10,150,83,0.1162989546852336
812,3,10,150,83,0.11600766930798434
813,3,10,150,83,0.06916902856231065
814,3,10,150,83,0.054181637470214
815,3,10,150,83,0.10380674919178415
816,3,10,150,83,0.10105367325027378
817,3,10,150,83,0.0
818,3,10,150,83,0.05187864210776578
819,3,10,150,83,0.0
820,3,10,150,83,0.12262943855309168
821,3,10,150,83,0.18684232150964158
822,3,10,150,83,0.0
823,3,10,150,83,0.14011732711290795
824,3,10,150,83,0.0
825,3,10,150,83,0.16434089815347858
826,3,10,150,83,0.1395338307503347
827,3,10,150,83,0.0
828,3,10,150,83,0.0
829,3,10,150,83,0.08143169212679746
830,3,10,150,83,0.15298484663625925
831,3,10,150,83,0.0800524392169327
832,3,10,150,83,0.06248152673860667
833,3,10,150,83,0.05828935682373833
834,3,10,150,83,0.0
835,3,10,150,83,0.131093662595089
836,3,10,150,83,0.05097554749895306
837,3,10,150,83,0.05351287869030783
838,3,10,150,83,0.08633629724227374
839,3,10,150,83,0.0
840,3,10,150,83,0.1518245759629103
841,3,10,150,83,0.0
842,3,10,150,83,0.0
843,3,10,150,83,0.04209275315645388
844,3,10,150,83,0.0
845,3,10,150,83,0.06531065216760332
846,3,10,150,83,0.16592059617503505
847,3,10,150,83,0.0
848,3,10,150,83,0.09796419403030648
849,3,10,150,83,0.15023650744503608
850,3,10,150,83,0.06228974831361337
851,3,10,150,83,0.2277008805972924
852,3,10,150,83,0.07256783117062009
853,3,10,150,83,0.0
854,3,10,150,83,0.0
855,3,10,150,83,0.0
856,3,10,150,83,0.0
857,3,10,150,83,0.0
858,3,10,150,83,0.0
859,3,10,150,83,0.0
860,3,10,150,83,0.0
861,3,10,150,83,0.12754356661958802
862,3,10,150,83,0.18279787522069124
863,3,10,150,83,0.0
864,3,10,150,83,0.19756506460263396
865,3,10,150,83,0.0
866,3,10,150,83,0.0
867,3,10,150,83,0.18752183128814004
868,3,10,150,83,0.0
870,3,10,150,83,0.0
871,3,10,150,83,0.0
872,3,10,150,83,0.0
875,3,10,150,83,0.1395953738647505
876,3,10,150,83,0.0
877,3,10,150,83,0.0
1,3,10,150,84,0.6247579375131872
2,3,10,150,84,0.10688238502350729
3,3,10,150,84,0.0
4,3,10,150,84,0.0
5,3,10,150,84,0.0819283960923954
6,3,10,150,84,0.05340978172012693
7,3,10,150,84,0.20305527746535623
8,3,10,150,84,0.1900735845235601
9,3,10,150,84,0.0
10,3,10,150,84,0.16409920264511527
11,3,10,150,84,0.049016076581777215
12,3,10,150,84,0.13570688190090627
13,3,10,150,84,0.20613380149051508
14,3,10,150,84,0.14623893181570033
15,3,10,150,84,0.0
16,3,10,150,84,0.2571810388985906
17,3,10,150,84,0.12066394366711926
18,3,10,150,84,0.18606782959057458
19,3,10,150,84,0.0
20,3,10,150,84,0.14530105135237878
21,3,10,150,84,0.05824963961462511
22,3,10,150,84,0.1468275080577048
23,3,10,150,84,0.18360000301566626
24,3,10,150,84,0.311062094929455
25,3,10,150,84,0.0
26,3,10,150,84,0.030421795212869307
28,3,10,150,84,0.0
29,3,10,150,84,0.0
30,3,10,150,84,0.0979129253499678
31,3,10,150,84,0.06076546216996844
32,3,10,150,84,0.0
33,3,10,150,84,0.0
34,3,10,150,84,0.0
35,3,10,150,84,0.07108348368841133
37,3,10,150,84,0.08836851842055818
38,3,10,150,84,0.03215366848272267
39,3,10,150,84,0.0
40,3,10,150,84,0.0769181994946132
41,3,10,150,84,0.0
42,3,10,150,84,0.14144963799422255
43,3,10,150,84,0.268915965453296
44,3,10,150,84,0.07698159974258616
45,3,10,150,84,0.04505000432618384
46,3,10,150,84,0.2524329124868603
47,3,10,150,84,0.0
48,3,10,150,84,0.191300388285999
49,3,10,150,84,0.08545966314334597
50,3,10,150,84,0.0
51,3,10,150,84,0.18953836965473142
52,3,10,150,84,0.04892579731758021
53,3,10,150,84,0.09546043308946733
54,3,10,150,84,0.07984133538066794
55,3,10,150,84,0.0
56,3,10,150,84,0.03975645576081676
57,3,10,150,84,0.07600688094360178
58,3,10,150,84,0.10796876451088402
59,3,10,150,84,0.20601184217250942
60,3,10,150,84,0.12123807080432077
61,3,10,150,84,0.0
62,3,10,150,84,0.056765939954965754
63,3,10,150,84,0.03554915059547175
64,3,10,150,84,0.0
65,3,10,150,84,0.2994759515353249
66,3,10,150,84,0.0
67,3,10,150,84,0.0
68,3,10,150,84,0.0
69,3,10,150,84,0.18013245110732332
70,3,10,150,84,0.04310441109649134
71,3,10,150,84,0.1434649426280276
72,3,10,150,84,0.16084022171949366
73,3,10,150,84,0.051960280791503534
74,3,10,150,84,0.0
75,3,10,150,84,0.11731968150568911
76,3,10,150,84,0.14804398249667974
77,3,10,150,84,0.45287742747371695
78,3,10,150,84,0.0
79,3,10,150,84,0.0
80,3,10,150,84,0.08297572808511901
81,3,10,150,84,0.0
82,3,10,150,84,0.10812418485305166
83,3,10,150,84,0.04630610387058298
84,3,10,150,84,0.0
85,3,10,150,84,0.06966660916502733
86,3,10,150,84,0.07738888769495082
87,3,10,150,84,0.10058161863664324
88,3,10,150,84,0.0
89,3,10,150,84,0.22860031301980846
90,3,10,150,84,0.2386569480666451
91,3,10,150,84,0.13114221140465185
92,3,10,150,84,0.07060524915744207
93,3,10,150,84,0.0
94,3,10,150,84,0.19025030646477453
95,3,10,150,84,0.07964436720215591
96,3,10,150,84,0.19186450284072096
97,3,10,150,84,0.16731903653190372
98,3,10,150,84,0.08878770367712427
99,3,10,150,84,0.029785542524894418
100,3,10,150,84,0.0892789338684584
101,3,10,150,84,0.0
102,3,10,150,84,0.026001814664123827
103,3,10,150,84,0.07673373981757839
104,3,10,150,84,0.12171451575741458
106,3,10,150,84,0.05261577455142312
107,3,10,150,84,0.0
108,3,10,150,84,0.0
109,3,10,150,84,0.12702438124116902
110,3,10,150,84,0.06422488523189442
111,3,10,150,84,0.0
112,3,10,150,84,0.06510475888148554
113,3,10,150,84,0.05449144662575446
114,3,10,150,84,0.07610811271330754
115,3,10,150,84,0.07491639684062663
116,3,10,150,84,0.07814915695077672
117,3,10,150,84,0.10135360124281675
118,3,10,150,84,0.0
119,3,10,150,84,0.0857501853120467
121,3,10,150,84,0.06245141164382474
122,3,10,150,84,0.07625852881342107
123,3,10,150,84,0.46927872602275644
124,3,10,150,84,0.10889376106823218
125,3,10,150,84,0.1758278598077621
126,3,10,150,84,0.0
127,3,10,150,84,0.0
128,3,10,150,84,0.047777554739453616
129,3,10,150,84,0.0
130,3,10,150,84,0.11207058154636457
131,3,10,150,84,0.2803335894048546
132,3,10,150,84,0.1431991570830273
133,3,10,150,84,0.0
134,3,10,150,84,0.0
135,3,10,150,84,0.0
136,3,10,150,84,0.40257390286801836
137,3,10,150,84,0.0
138,3,10,150,84,0.21222747957761057
139,3,10,150,84,0.0
140,3,10,150,84,0.0
141,3,10,150,84,0.20239191246999313
142,3,10,150,84,0.30260241349881345
143,3,10,150,84,0.0
144,3,10,150,84,0.2143720535700613
145,3,10,150,84,0.11867414778420507
146,3,10,150,84,0.0
147,3,10,150,84,0.07610811271330754
148,3,10,150,84,0.13364524093464059
149,3,10,150,84,0.05446824630887794
150,3,10,150,84,0.0
151,3,10,150,84,0.16194309002265503
152,3,10,150,84,0.07040184612406662
153,3,10,150,84,0.06516188295518531
154,3,10,150,84,0.055100238151135045
155,3,10,150,84,0.0
156,3,10,150,84,0.07028063830038406
157,3,10,150,84,0.05840183867278569
158,3,10,150,84,0.07413972351842125
159,3,10,150,84,0.11026617795298452
160,3,10,150,84,0.08815843064600337
161,3,10,150,84,0.0
162,3,10,150,84,0.0
163,3,10,150,84,0.0
164,3,10,150,84,0.0
165,3,10,150,84,0.09149012142095872
166,3,10,150,84,0.09726657973356154
167,3,10,150,84,0.03395822402998728
168,3,10,150,84,0.07914143116928869
169,3,10,150,84,0.055427457405235275
170,3,10,150,84,0.0
171,3,10,150,84,0.0
172,3,10,150,84,0.0
173,3,10,150,84,0.0
174,3,10,150,84,0.09877498173459962
175,3,10,150,84,0.4413254197204702
176,3,10,150,84,0.06153137845972642
177,3,10,150,84,0.0
178,3,10,150,84,0.18053947820976404
179,3,10,150,84,0.06599888514927177
180,3,10,150,84,0.0
181,3,10,150,84,0.04622579729077891
182,3,10,150,84,0.13120507751234178
183,3,10,150,84,0.0
184,3,10,150,84,0.016355592358211265
185,3,10,150,84,0.0
186,3,10,150,84,0.0
187,3,10,150,84,0.2004102107997965
188,3,10,150,84,0.050562513489816586
189,3,10,150,84,0.22982757951573698
190,3,10,150,84,0.0
191,3,10,150,84,0.07335312372354855
192,3,10,150,84,0.0
193,3,10,150,84,0.04024288246957146
194,3,10,150,84,0.0860257611411915
195,3,10,150,84,0.10257737475069033
196,3,10,150,84,0.17342765698823945
197,3,10,150,84,0.07304192939088519
198,3,10,150,84,0.10387325901274824
199,3,10,150,84,0.052106753859569234
200,3,10,150,84,0.0971420957831845
201,3,10,150,84,0.27728516381013457
202,3,10,150,84,0.0
203,3,10,150,84,0.0
204,3,10,150,84,0.0
205,3,10,150,84,0.11600766930798434
206,3,10,150,84,0.0
207,3,10,150,84,0.17590647434842874
208,3,10,150,84,0.0
209,3,10,150,84,0.070675417981692
210,3,10,150,84,0.0
211,3,10,150,84,0.0
212,3,10,150,84,0.0559167101555819
213,3,10,150,84,0.08985507164305877
214,3,10,150,84,0.1257260924843343
215,3,10,150,84,0.157288596461893
216,3,10,150,84,0.27735230728218535
217,3,10,150,84,0.13000004444613666
218,3,10,150,84,0.06323567569191428
219,3,10,150,84,0.0
220,3,10,150,84,0.07807600999842033
221,3,10,150,84,0.12213234467515617
222,3,10,150,84,0.16053518617112608
223,3,10,150,84,0.039270700903099615
224,3,10,150,84,0.05211803804128038
225,3,10,150,84,0.09311209812195972
226,3,10,150,84,0.0
227,3,10,150,84,0.0
229,3,10,150,84,0.0
230,3,10,150,84,0.1697995249867118
231,3,10,150,84,0.0
232,3,10,150,84,0.0
233,3,10,150,84,0.20123780419810608
234,3,10,150,84,0.1692560234006742
235,3,10,150,84,0.11418024069273867
236,3,10,150,84,0.12127042983235181
237,3,10,150,84,0.04776398023609584
238,3,10,150,84,0.0
239,3,10,150,84,0.14738301924206398
240,3,10,150,84,0.10235170428306553
241,3,10,150,84,0.1381300260171807
242,3,10,150,84,0.0
243,3,10,150,84,0.0
244,3,10,150,84,0.15017336350566032
245,3,10,150,84,0.0
246,3,10,150,84,0.08356426880363813
247,3,10,150,84,0.15642624200758548
248,3,10,150,84,0.23451355966072135
249,3,10,150,84,0.3296200475575061
250,3,10,150,84,0.07806699296748765
251,3,10,150,84,0.0
252,3,10,150,84,0.07630862162354303
253,3,10,150,84,0.038220360097248454
254,3,10,150,84,0.036502603141236205
255,3,10,150,84,0.10933464083642679
256,3,10,150,84,0.0681239071992697
257,3,10,150,84,0.12830873359117523
258,3,10,150,84,0.16260831227163416
259,3,10,150,84,0.0
260,3,10,150,84,0.0
261,3,10,150,84,0.0
262,3,10,150,84,0.0
263,3,10,150,84,0.36030713075223775
264,3,10,150,84,0.3852510465367394
265,3,10,150,84,0.19802572813668026
266,3,10,150,84,0.0
267,3,10,150,84,0.22898927482035836
268,3,10,150,84,0.10827784002385153
269,3,10,150,84,0.040019695500760184
270,3,10,150,84,0.049915567102790354
271,3,10,150,84,0.10729393508609222
272,3,10,150,84,0.10457492829503848
273,3,10,150,84,0.0
274,3,10,150,84,0.05380266522938521
275,3,10,150,84,0.0
276,3,10,150,84,0.16683394348006692
277,3,10,150,84,0.0
278,3,10,150,84,0.0
279,3,10,150,84,0.12980652062863637
280,3,10,150,84,0.0882348794193481
281,3,10,150,84,0.0
282,3,10,150,84,0.09659953929285248
283,3,10,150,84,0.0
284,3,10,150,84,0.0
285,3,10,150,84,0.0
286,3,10,150,84,0.016140534521312585
287,3,10,150,84,0.0
288,3,10,150,84,0.13999259891013252
289,3,10,150,84,0.0
290,3,10,150,84,0.09647783930421741
291,3,10,150,84,0.18968772725883148
292,3,10,150,84,0.27665227928348557
293,3,10,150,84,0.16099877562659232
294,3,10,150,84,0.09628038570550856
295,3,10,150,84,0.15956840344924803
296,3,10,150,84,0.15701688667375013
297,3,10,150,84,0.030868393892711742
298,3,10,150,84,0.13814728270261697
299,3,10,150,84,0.09112518571572234
300,3,10,150,84,0.0
301,3,10,150,84,0.1296575124303738
302,3,10,150,84,0.07335312372354855
303,3,10,150,84,0.17978154785217412
304,3,10,150,84,0.0
305,3,10,150,84,0.05428021340641747
306,3,10,150,84,0.0
307,3,10,150,84,0.13128644747266613
308,3,10,150,84,0.05707430901002984
309,3,10,150,84,0.0
310,3,10,150,84,0.2890648263178879
311,3,10,150,84,0.17512035582237062
312,3,10,150,84,0.16963857451199318
313,3,10,150,84,0.09586943528179451
314,3,10,150,84,0.10507089418815024
315,3,10,150,84,0.09785159463516042
316,3,10,150,84,0.06076546216996844
317,3,10,150,84,0.0
318,3,10,150,84,0.07377376675297492
319,3,10,150,84,0.0
320,3,10,150,84,0.08947300054212491
321,3,10,150,84,0.08223795175588802
322,3,10,150,84,0.07955752067133452
323,3,10,150,84,0.12229181918924699
324,3,10,150,84,0.0
325,3,10,150,84,0.0
326,3,10,150,84,0.10817904857938596
327,3,10,150,84,0.030659110745645198
328,3,10,150,84,0.1253761246808089
329,3,10,150,84,0.056720838976548935
330,3,10,150,84,0.3028509129070748
331,3,10,150,84,0.0
332,3,10,150,84,0.1160620536137697
333,3,10,150,84,0.0
334,3,10,150,84,0.1576550335359013
335,3,10,150,84,0.0
336,3,10,150,84,0.0
337,3,10,150,84,0.2325689761571779
338,3,10,150,84,0.08388555279643939
339,3,10,150,84,0.2035626803416359
340,3,10,150,84,0.16593574125923852
341,3,10,150,84,0.0
342,3,10,150,84,0.15381739323016694
343,3,10,150,84,0.3675257435678538
344,3,10,150,84,0.13804010954782428
345,3,10,150,84,0.14462655322572632
346,3,10,150,84,0.1264086027263655
347,3,10,150,84,0.09642724089192412
348,3,10,150,84,0.0
349,3,10,150,84,0.07123530534387781
350,3,10,150,84,0.2314071217459096
351,3,10,150,84,0.053201271760911766
352,3,10,150,84,0.16282653392890226
353,3,10,150,84,0.09489642549953911
354,3,10,150,84,0.048823562593396645
355,3,10,150,84,0.05122871476979503
356,3,10,150,84,0.0
357,3,10,150,84,0.03371865946438579
358,3,10,150,84,0.26730206653594746
359,3,10,150,84,0.14341929980357182
360,3,10,150,84,0.1559806047717434
361,3,10,150,84,0.0
362,3,10,150,84,0.0
363,3,10,150,84,0.1867805234163032
364,3,10,150,84,0.0
365,3,10,150,84,0.0989084497079971
366,3,10,150,84,0.1800581708881336
367,3,10,150,84,0.1410054764628891
368,3,10,150,84,0.0
369,3,10,150,84,0.0
370,3,10,150,84,0.045683428159663184
371,3,10,150,84,0.174231549865924
372,3,10,150,84,0.13528214995015655
373,3,10,150,84,0.18128610071101886
374,3,10,150,84,0.1523273086076386
375,3,10,150,84,0.0
376,3,10,150,84,0.0
377,3,10,150,84,0.053168340515114924
378,3,10,150,84,0.06290541370913372
379,3,10,150,84,0.1814915701185313
380,3,10,150,84,0.0
381,3,10,150,84,0.10528437187206623
382,3,10,150,84,0.13500098315004241
383,3,10,150,84,0.06801459236612908
384,3,10,150,84,0.08759200575528697
385,3,10,150,84,0.1546778125427113
386,3,10,150,84,0.0
387,3,10,150,84,0.03814967334348895
388,3,10,150,84,0.029785542524894418
389,3,10,150,84,0.1436557902546879
390,3,10,150,84,0.3221940057104188
391,3,10,150,84,0.298074760835303
392,3,10,150,84,0.10835852340243231
393,3,10,150,84,0.18650736571329518
394,3,10,150,84,0.15290238277303939
395,3,10,150,84,0.15727036710905312
396,3,10,150,84,0.0
397,3,10,150,84,0.12905531436930254
398,3,10,150,84,0.12204637821038242
399,3,10,150,84,0.05509887073092855
400,3,10,150,84,0.0
401,3,10,150,84,0.0
402,3,10,150,84,0.469779625693621
403,3,10,150,84,0.02818923206968657
404,3,10,150,84,0.0
405,3,10,150,84,0.20810240204876718
406,3,10,150,84,0.1428233347987388
407,3,10,150,84,0.1106313931757508
408,3,10,150,84,0.12083071655728543
409,3,10,150,84,0.15086419336317547
410,3,10,150,84,0.0
411,3,10,150,84,0.1128999930808451
412,3,10,150,84,0.0
413,3,10,150,84,0.10122860821230018
414,3,10,150,84,0.0
415,3,10,150,84,0.07605458145297357
416,3,10,150,84,0.2875921582415035
417,3,10,150,84,0.05712516951520643
418,3,10,150,84,0.07001560573318603
419,3,10,150,84,0.26168079122473237
420,3,10,150,84,0.0527075128660253
421,3,10,150,84,0.202729931306865
422,3,10,150,84,0.0
423,3,10,150,84,0.0
424,3,10,150,84,0.13291000263869587
425,3,10,150,84,0.02982220412949677
426,3,10,150,84,0.10004388309532918
427,3,10,150,84,0.0
428,3,10,150,84,0.0
429,3,10,150,84,0.1220316148151701
430,3,10,150,84,0.062242588308449316
431,3,10,150,84,0.0
432,3,10,150,84,0.05253723007572906
433,3,10,150,84,0.0
434,3,10,150,84,0.25803884452092735
435,3,10,150,84,0.19068191563141318
436,3,10,150,84,0.09291494561763272
437,3,10,150,84,0.07387863190475343
438,3,10,150,84,0.0
439,3,10,150,84,0.0
440,3,10,150,84,0.10025741859697787
441,3,10,150,84,0.0615755971851825
442,3,10,150,84,0.11394352936417514
443,3,10,150,84,0.056720838976548935
444,3,10,150,84,0.19519002499605084
445,3,10,150,84,0.0
446,3,10,150,84,0.0
447,3,10,150,84,0.09914294517496557
448,3,10,150,84,0.0
449,3,10,150,84,0.0
450,3,10,150,84,0.31234818490472904
451,3,10,150,84,0.0
452,3,10,150,84,0.048188247044562364
453,3,10,150,84,0.16507761899470932
454,3,10,150,84,0.035160779103472525
455,3,10,150,84,0.251663583228927
456,3,10,150,84,0.20286127521652125
457,3,10,150,84,0.36238463914482993
458,3,10,150,84,0.12059750656999586
459,3,10,150,84,0.04901586605894737
460,3,10,150,84,0.0
461,3,10,150,84,0.10778915452451093
462,3,10,150,84,0.16728714615527887
463,3,10,150,84,0.1032589365938857
464,3,10,150,84,0.091470579054696
465,3,10,150,84,0.0733934381893728
466,3,10,150,84,0.0750834162528243
467,3,10,150,84,0.032842167909375275
468,3,10,150,84,0.4424763580282471
469,3,10,150,84,0.08625887094910875
470,3,10,150,84,0.040162930685297936
471,3,10,150,84,0.0
472,3,10,150,84,0.26989864785316925
473,3,10,150,84,0.08903377327702097
474,3,10,150,84,0.3335551887534142
475,3,10,150,84,0.0
476,3,10,150,84,0.12097589732794561
477,3,10,150,84,0.0
478,3,10,150,84,0.2059565668593519
479,3,10,150,84,0.07893633843817272
480,3,10,150,84,0.0881980292211471
481,3,10,150,84,0.05234104579082298
482,3,10,150,84,0.15905893746943514
483,3,10,150,84,0.06194403202282284
484,3,10,150,84,0.33809266656634696
485,3,10,150,84,0.0
486,3,10,150,84,0.06108300840136219
487,3,10,150,84,0.10060724527338907
488,3,10,150,84,0.05887472794707303
489,3,10,150,84,0.05430215066239222
490,3,10,150,84,0.06490403551612171
491,3,10,150,84,0.17758207479178334
492,3,10,150,84,0.12925417913024104
493,3,10,150,84,0.26530843853655434
494,3,10,150,84,0.19527970003833198
495,3,10,150,84,0.1637144854966556
496,3,10,150,84,0.07271211160102074
497,3,10,150,84,0.10121090134321312
498,3,10,150,84,0.0343217267714905
499,3,10,150,84,0.1775756306140374
500,3,10,150,84,0.04698773570888995
501,3,10,150,84,0.0
502,3,10,150,84,0.03272632263321488
503,3,10,150,84,0.2768332968914173
504,3,10,150,84,0.09794337990609951
505,3,10,150,84,0.025255271126572616
506,3,10,150,84,0.16119309772585624
507,3,10,150,84,0.02579743633593384
508,3,10,150,84,0.23234007015870473
509,3,10,150,84,0.0
510,3,10,150,84,0.17032928501352598
511,3,10,150,84,0.12155021559723776
512,3,10,150,84,0.0
513,3,10,150,84,0.09761131800342168
514,3,10,150,84,0.20202473045271674
515,3,10,150,84,0.0
516,3,10,150,84,0.07947838320659593
517,3,10,150,84,0.03859643636257609
518,3,10,150,84,0.05268083714989503
519,3,10,150,84,0.034560204819110964
520,3,10,150,84,0.0
521,3,10,150,84,0.07649261318048692
522,3,10,150,84,0.2035192592417533
523,3,10,150,84,0.18941913248920814
524,3,10,150,84,0.04835979941139064
525,3,10,150,84,0.06516045994396072
526,3,10,150,84,0.052528565413809895
527,3,10,150,84,0.21068702285875093
528,3,10,150,84,0.1255942414278791
529,3,10,150,84,0.03208343640786788
530,3,10,150,84,0.0
531,3,10,150,84,0.0
532,3,10,150,84,0.19110829584670452
533,3,10,150,84,0.15934224201421204
534,3,10,150,84,0.10040759964046686
535,3,10,150,84,0.26295140635259745
536,3,10,150,84,0.19370572859880655
537,3,10,150,84,0.440606663115286
538,3,10,150,84,0.09944592215223559
539,3,10,150,84,0.07086035994602148
540,3,10,150,84,0.0
541,3,10,150,84,0.0779170553370938
542,3,10,150,84,0.09883608627417288
543,3,10,150,84,0.028092900764810486
544,3,10,150,84,0.0
545,3,10,150,84,0.1627301445786375
546,3,10,150,84,0.19423009903097527
547,3,10,150,84,0.04528995543568932
548,3,10,150,84,0.0975979953072921
549,3,10,150,84,0.10184659627402569
550,3,10,150,84,0.0845667599404342
551,3,10,150,84,0.29110185025328345
552,3,10,150,84,0.0
553,3,10,150,84,0.15284217773934242
554,3,10,150,84,0.0
555,3,10,150,84,0.037070343480771185
556,3,10,150,84,0.2848749592866812
557,3,10,150,84,0.044530079137671444
558,3,10,150,84,0.21398626473452756
559,3,10,150,84,0.11571122630007512
560,3,10,150,84,0.13657262402833295
561,3,10,150,84,0.0964671206718123
562,3,10,150,84,0.16880427191129663
563,3,10,150,84,0.10791970824616881
564,3,10,150,84,0.0
565,3,10,150,84,0.2016297075493207
566,3,10,150,84,0.11935234359120704
567,3,10,150,84,0.3504555352124596
568,3,10,150,84,0.07161318866452264
569,3,10,150,84,0.023835426911994775
570,3,10,150,84,0.0
571,3,10,150,84,0.0512644431393966
572,3,10,150,84,0.30260241349881345
573,3,10,150,84,0.0
574,3,10,150,84,0.02529922263119915
575,3,10,150,84,0.13043262693172047
576,3,10,150,84,0.0
577,3,10,150,84,0.2017286250978881
578,3,10,150,84,0.0
579,3,10,150,84,0.06152644703210656
580,3,10,150,84,0.03144137376097698
581,3,10,150,84,0.0
582,3,10,150,84,0.06679511870650716
583,3,10,150,84,0.13912814892946682
584,3,10,150,84,0.20261715588288354
585,3,10,150,84,0.042225550968526857
586,3,10,150,84,0.0663945281096953
587,3,10,150,84,0.029230460362194715
588,3,10,150,84,0.24205401809230342
589,3,10,150,84,0.09905100598441088
590,3,10,150,84,0.19997970715667693
591,3,10,150,84,0.08651464973019597
592,3,10,150,84,0.309534817223438
593,3,10,150,84,0.14271020042879362
594,3,10,150,84,0.0
595,3,10,150,84,0.055965373307784824
596,3,10,150,84,0.09803928583135704
597,3,10,150,84,0.02579743633593384
598,3,10,150,84,0.0
599,3,10,150,84,0.02506539947940475
600,3,10,150,84,0.13574631165894233
601,3,10,150,84,0.14661690295711607
602,3,10,150,84,0.041278922835426404
603,3,10,150,84,0.12541207695631323
604,3,10,150,84,0.0
605,3,10,150,84,0.21970118464532165
606,3,10,150,84,0.3195375644139911
607,3,10,150,84,0.0308875359117713
608,3,10,150,84,0.20657435219961784
609,3,10,150,84,0.0
610,3,10,150,84,0.12186625680881258
611,3,10,150,84,0.19680646538945382
612,3,10,150,84,0.09162544430476362
613,3,10,150,84,0.1652462050665711
614,3,10,150,84,0.1467868763787456
615,3,10,150,84,0.17368907358900634
616,3,10,150,84,0.030480958763669998
617,3,10,150,84,0.0539699203856165
618,3,10,150,84,0.12600025080556665
619,3,10,150,84,0.14795344439858116
620,3,10,150,84,0.24239278329353608
621,3,10,150,84,0.10569072181389248
622,3,10,150,84,0.16226113935431313
623,3,10,150,84,0.04214302778527282
624,3,10,150,84,0.03202992305603544
625,3,10,150,84,0.07991575154621842
626,3,10,150,84,0.10486037838834382
627,3,10,150,84,0.11471658297235718
628,3,10,150,84,0.0653273647710817
629,3,10,150,84,0.31822291409126885
630,3,10,150,84,0.10834532177911152
631,3,10,150,84,0.13449792459172438
632,3,10,150,84,0.08348454970562778
633,3,10,150,84,0.050456115328747164
634,3,10,150,84,0.11971011117287562
635,3,10,150,84,0.0
636,3,10,150,84,0.4108031518056064
637,3,10,150,84,0.04188454685690797
638,3,10,150,84,0.05152901435389809
639,3,10,150,84,0.01070448204588216
640,3,10,150,84,0.17467473656235705
641,3,10,150,84,0.051358492238643604
642,3,10,150,84,0.2876383381585396
643,3,10,150,84,0.21368826267102806
644,3,10,150,84,0.023868766231572826
645,3,10,150,84,0.17744101704673967
646,3,10,150,84,0.11243817952384734
647,3,10,150,84,0.06590268968688952
648,3,10,150,84,0.2692449644563597
649,3,10,150,84,0.04336490181597879
650,3,10,150,84,0.11682761910720192
651,3,10,150,84,0.0
652,3,10,150,84,0.0
653,3,10,150,84,0.14537286317090842
654,3,10,150,84,0.05402442095740813
655,3,10,150,84,0.4629439394617115
656,3,10,150,84,0.0
657,3,10,150,84,0.2504953915210566
658,3,10,150,84,0.09988783377897062
659,3,10,150,84,0.09950788532097599
660,3,10,150,84,0.05264689477018616
661,3,10,150,84,0.23687096335281838
662,3,10,150,84,0.0
663,3,10,150,84,0.1250707809701198
664,3,10,150,84,0.2433808724049065
665,3,10,150,84,0.07365132545398537
666,3,10,150,84,0.10338419060732196
667,3,10,150,84,0.1487205698875683
668,3,10,150,84,0.0
669,3,10,150,84,0.2287469684999221
670,3,10,150,84,0.0271437232396382
671,3,10,150,84,0.20598773756155325
672,3,10,150,84,0.07973520350569015
673,3,10,150,84,0.03236977394070781
674,3,10,150,84,0.0
675,3,10,150,84,0.0382580635535654
676,3,10,150,84,0.22358931366364498
677,3,10,150,84,0.10158983531347915
678,3,10,150,84,0.0
679,3,10,150,84,0.20531579536501102
680,3,10,150,84,0.022168697248564677
681,3,10,150,84,0.0
682,3,10,150,84,0.22251739204855495
683,3,10,150,84,0.045215225629604006
684,3,10,150,84,0.03158850394477252
685,3,10,150,84,0.20373936192022438
686,3,10,150,84,0.28356904801607674
687,3,10,150,84,0.0
688,3,10,150,84,0.0
689,3,10,150,84,0.429307082657261
690,3,10,150,84,0.24802939400095458
691,3,10,150,84,0.6023709850354425
692,3,10,150,84,0.03353522641880846
693,3,10,150,84,0.04711181933747839
694,3,10,150,84,0.21361709189247302
695,3,10,150,84,0.05816383356143395
696,3,10,150,84,0.08111636357522063
697,3,10,150,84,0.09714962263604267
698,3,10,150,84,0.0
699,3,10,150,84,0.06266837015218314
700,3,10,150,84,0.0
701,3,10,150,84,0.12271508523586225
702,3,10,150,84,0.0
703,3,10,150,84,0.21888235022994418
704,3,10,150,84,0.24598285660901478
705,3,10,150,84,0.2867207867777622
706,3,10,150,84,0.03481402556224447
707,3,10,150,84,0.25309764237595445
708,3,10,150,84,0.03476299583640518
709,3,10,150,84,0.16604950811619162
710,3,10,150,84,0.25040922491354684
711,3,10,150,84,0.19179624496022998
712,3,10,150,84,0.0709301463537875
713,3,10,150,84,0.0
714,3,10,150,84,0.1266607864485773
715,3,10,150,84,0.16860516623933322
716,3,10,150,84,0.269842677528083
717,3,10,150,84,0.15218028545758808
718,3,10,150,84,0.0
719,3,10,150,84,0.10353175087921149
720,3,10,150,84,0.05925736915373658
721,3,10,150,84,0.12300822274420435
722,3,10,150,84,0.07401896317743158
723,3,10,150,84,0.0
724,3,10,150,84,0.0
725,3,10,150,84,0.04733244938590725
726,3,10,150,84,0.10841847307700177
727,3,10,150,84,0.06957976269428111
728,3,10,150,84,0.0
729,3,10,150,84,0.046534861017850544
730,3,10,150,84,0.0
731,3,10,150,84,0.2313771176155589
732,3,10,150,84,0.05717828980196049
733,3,10,150,84,0.020730875129846955
734,3,10,150,84,0.08131766139183766
735,3,10,150,84,0.12905232756659873
736,3,10,150,84,0.047009109882897075
737,3,10,150,84,0.12127716502890909
738,3,10,150,84,0.09907057054543131
739,3,10,150,84,0.18767092572990207
740,3,10,150,84,0.0523780734795101
741,3,10,150,84,0.09620963094643388
742,3,10,150,84,0.0527075128660253
743,3,10,150,84,0.1194783875505714
744,3,10,150,84,0.0
745,3,10,150,84,0.06774344219296054
746,3,10,150,84,0.24124954544361757
747,3,10,150,84,0.20395060901728546
748,3,10,150,84,0.04132344798443041
749,3,10,150,84,0.2713667739646835
750,3,10,150,84,0.20954227812062592
751,3,10,150,84,0.06407706415564705
752,3,10,150,84,0.08155432360208091
753,3,10,150,84,0.07079765724607746
754,3,10,150,84,0.0
755,3,10,150,84,0.0
756,3,10,150,84,0.044143057780823704
757,3,10,150,84,0.18464075722796058
758,3,10,150,84,0.25345221093887427
759,3,10,150,84,0.04828669550714567
760,3,10,150,84,0.16006374561654185
761,3,10,150,84,0.17663858756688974
762,3,10,150,84,0.0
763,3,10,150,84,0.15021194072867564
764,3,10,150,84,0.04710969775183564
765,3,10,150,84,0.0966785411876802
766,3,10,150,84,0.035191004809260996
767,3,10,150,84,0.1269544353559099
768,3,10,150,84,0.09997171219938322
769,3,10,150,84,0.0
770,3,10,150,84,0.207274302223422
771,3,10,150,84,0.07363642524234874
772,3,10,150,84,0.038996699933076286
773,3,10,150,84,0.15659560794124947
774,3,10,150,84,0.0
775,3,10,150,84,0.0
776,3,10,150,84,0.04721006604760436
777,3,10,150,84,0.0
778,3,10,150,84,0.08961728720334347
779,3,10,150,84,0.0
780,3,10,150,84,0.17108884848111908
781,3,10,150,84,0.16573484494600602
782,3,10,150,84,0.0
783,3,10,150,84,0.07763399617214947
784,3,10,150,84,0.04582425041433568
785,3,10,150,84,0.2848262604068979
786,3,10,150,84,0.13901223847985233
787,3,10,150,84,0.0
788,3,10,150,84,0.046626370288649896
789,3,10,150,84,0.14531023848228133
790,3,10,150,84,0.08452117092278105
791,3,10,150,84,0.059480024314918285
792,3,10,150,84,0.0946587791577201
793,3,10,150,84,0.11843263243420837
794,3,10,150,84,0.1578863001786244
795,3,10,150,84,0.10325242280712206
796,3,10,150,84,0.1145275641223123
797,3,10,150,84,0.13905617951077562
798,3,10,150,84,0.02688415331260267
799,3,10,150,84,0.2836929289153804
800,3,10,150,84,0.0
801,3,10,150,84,0.0
802,3,10,150,84,0.05621908976192367
803,3,10,150,84,0.0
804,3,10,150,84,0.20994146470018396
805,3,10,150,84,0.15771169694749937
806,3,10,150,84,0.10606704841588428
807,3,10,150,84,0.21551050461800983
808,3,10,150,84,0.09905728133858463
809,3,10,150,84,0.0
810,3,10,150,84,0.0
811,3,10,150,84,0.1162989546852336
812,3,10,150,84,0.11600766930798434
813,3,10,150,84,0.06916902856231065
814,3,10,150,84,0.054181637470214
815,3,10,150,84,0.10380674919178415
816,3,10,150,84,0.10105367325027378
817,3,10,150,84,0.0
818,3,10,150,84,0.05187864210776578
819,3,10,150,84,0.0
820,3,10,150,84,0.12262943855309168
821,3,10,150,84,0.18684232150964158
822,3,10,150,84,0.0
823,3,10,150,84,0.14011732711290795
824,3,10,150,84,0.0
825,3,10,150,84,0.16434089815347858
826,3,10,150,84,0.1395338307503347
827,3,10,150,84,0.0
828,3,10,150,84,0.0
829,3,10,150,84,0.08143169212679746
830,3,10,150,84,0.15298484663625925
831,3,10,150,84,0.0800524392169327
832,3,10,150,84,0.06248152673860667
833,3,10,150,84,0.05828935682373833
834,3,10,150,84,0.0
835,3,10,150,84,0.131093662595089
836,3,10,150,84,0.05097554749895306
837,3,10,150,84,0.05351287869030783
838,3,10,150,84,0.08633629724227374
839,3,10,150,84,0.0
840,3,10,150,84,0.1518245759629103
841,3,10,150,84,0.0
842,3,10,150,84,0.0
843,3,10,150,84,0.04209275315645388
844,3,10,150,84,0.0
845,3,10,150,84,0.06531065216760332
846,3,10,150,84,0.16592059617503505
847,3,10,150,84,0.0
848,3,10,150,84,0.09796419403030648
849,3,10,150,84,0.15023650744503608
850,3,10,150,84,0.06228974831361337
851,3,10,150,84,0.2277008805972924
852,3,10,150,84,0.07256783117062009
853,3,10,150,84,0.0
854,3,10,150,84,0.0
855,3,10,150,84,0.0
856,3,10,150,84,0.0
857,3,10,150,84,0.0
858,3,10,150,84,0.0
859,3,10,150,84,0.0
860,3,10,150,84,0.0
861,3,10,150,84,0.12754356661958802
862,3,10,150,84,0.18279787522069124
863,3,10,150,84,0.0
864,3,10,150,84,0.19756506460263396
865,3,10,150,84,0.0
866,3,10,150,84,0.0
867,3,10,150,84,0.18752183128814004
868,3,10,150,84,0.0
870,3,10,150,84,0.0
871,3,10,150,84,0.0
872,3,10,150,84,0.0
875,3,10,150,84,0.1395953738647505
876,3,10,150,84,0.0
877,3,10,150,84,0.0
1,3,10,150,85,0.6247579375131872
2,3,10,150,85,0.10688238502350729
3,3,10,150,85,0.0
4,3,10,150,85,0.0
5,3,10,150,85,0.0819283960923954
6,3,10,150,85,0.05340978172012693
7,3,10,150,85,0.20305527746535623
8,3,10,150,85,0.1900735845235601
9,3,10,150,85,0.0
10,3,10,150,85,0.16409920264511527
11,3,10,150,85,0.049016076581777215
12,3,10,150,85,0.13570688190090627
13,3,10,150,85,0.2044138149427969
14,3,10,150,85,0.14623893181570033
15,3,10,150,85,0.0
16,3,10,150,85,0.2571810388985906
17,3,10,150,85,0.12066394366711926
18,3,10,150,85,0.18606782959057458
19,3,10,150,85,0.0
20,3,10,150,85,0.14530105135237878
21,3,10,150,85,0.05824963961462511
22,3,10,150,85,0.1468275080577048
23,3,10,150,85,0.18360000301566626
24,3,10,150,85,0.311062094929455
25,3,10,150,85,0.0
26,3,10,150,85,0.030421795212869307
28,3,10,150,85,0.0
29,3,10,150,85,0.0
30,3,10,150,85,0.0979129253499678
31,3,10,150,85,0.06076546216996844
32,3,10,150,85,0.0
33,3,10,150,85,0.0
34,3,10,150,85,0.0
35,3,10,150,85,0.07108348368841133
37,3,10,150,85,0.08836851842055818
38,3,10,150,85,0.03215366848272267
39,3,10,150,85,0.0
40,3,10,150,85,0.0769181994946132
41,3,10,150,85,0.0
42,3,10,150,85,0.14144963799422255
43,3,10,150,85,0.268915965453296
44,3,10,150,85,0.07698159974258616
45,3,10,150,85,0.04505000432618384
46,3,10,150,85,0.2524329124868603
47,3,10,150,85,0.0
48,3,10,150,85,0.191300388285999
49,3,10,150,85,0.08545966314334597
50,3,10,150,85,0.0
51,3,10,150,85,0.18953836965473142
52,3,10,150,85,0.04892579731758021
53,3,10,150,85,0.09546043308946733
54,3,10,150,85,0.07984133538066794
55,3,10,150,85,0.0
56,3,10,150,85,0.03975645576081676
57,3,10,150,85,0.07600688094360178
58,3,10,150,85,0.10796876451088402
59,3,10,150,85,0.20601184217250942
60,3,10,150,85,0.12123807080432077
61,3,10,150,85,0.0
62,3,10,150,85,0.056765939954965754
63,3,10,150,85,0.03554915059547175
64,3,10,150,85,0.0
65,3,10,150,85,0.2994759515353249
66,3,10,150,85,0.0
67,3,10,150,85,0.0
68,3,10,150,85,0.0
69,3,10,150,85,0.18013245110732332
70,3,10,150,85,0.04310441109649134
71,3,10,150,85,0.1434649426280276
72,3,10,150,85,0.16084022171949366
73,3,10,150,85,0.051960280791503534
74,3,10,150,85,0.0
75,3,10,150,85,0.11731968150568911
76,3,10,150,85,0.14804398249667974
77,3,10,150,85,0.45287742747371695
78,3,10,150,85,0.0
79,3,10,150,85,0.0
80,3,10,150,85,0.08297572808511901
81,3,10,150,85,0.0
82,3,10,150,85,0.10812418485305166
83,3,10,150,85,0.04630610387058298
84,3,10,150,85,0.0
85,3,10,150,85,0.06966660916502733
86,3,10,150,85,0.07738888769495082
87,3,10,150,85,0.10058161863664324
88,3,10,150,85,0.0
89,3,10,150,85,0.22860031301980846
90,3,10,150,85,0.2386569480666451
91,3,10,150,85,0.13114221140465185
92,3,10,150,85,0.07060524915744207
93,3,10,150,85,0.0
94,3,10,150,85,0.19025030646477453
95,3,10,150,85,0.07964436720215591
96,3,10,150,85,0.19186450284072096
97,3,10,150,85,0.16731903653190372
98,3,10,150,85,0.08878770367712427
99,3,10,150,85,0.029785542524894418
100,3,10,150,85,0.0892789338684584
101,3,10,150,85,0.0
102,3,10,150,85,0.026001814664123827
103,3,10,150,85,0.07673373981757839
104,3,10,150,85,0.12171451575741458
106,3,10,150,85,0.05261577455142312
107,3,10,150,85,0.0
108,3,10,150,85,0.0
109,3,10,150,85,0.12702438124116902
110,3,10,150,85,0.06422488523189442
111,3,10,150,85,0.0
112,3,10,150,85,0.06510475888148554
113,3,10,150,85,0.05449144662575446
114,3,10,150,85,0.07610811271330754
115,3,10,150,85,0.07491639684062663
116,3,10,150,85,0.07814915695077672
117,3,10,150,85,0.10135360124281675
118,3,10,150,85,0.0
119,3,10,150,85,0.10939494924525293
121,3,10,150,85,0.06245141164382474
122,3,10,150,85,0.07625852881342107
123,3,10,150,85,0.46927872602275644
124,3,10,150,85,0.10889376106823218
125,3,10,150,85,0.1758278598077621
126,3,10,150,85,0.0
127,3,10,150,85,0.0
128,3,10,150,85,0.047777554739453616
129,3,10,150,85,0.0
130,3,10,150,85,0.11207058154636457
131,3,10,150,85,0.2803335894048546
132,3,10,150,85,0.1431991570830273
133,3,10,150,85,0.0
134,3,10,150,85,0.0
135,3,10,150,85,0.0
136,3,10,150,85,0.40257390286801836
137,3,10,150,85,0.0
138,3,10,150,85,0.21222747957761057
139,3,10,150,85,0.0
140,3,10,150,85,0.0
141,3,10,150,85,0.20239191246999313
142,3,10,150,85,0.30260241349881345
143,3,10,150,85,0.0
144,3,10,150,85,0.2143720535700613
145,3,10,150,85,0.11867414778420507
146,3,10,150,85,0.0
147,3,10,150,85,0.07610811271330754
148,3,10,150,85,0.13364524093464059
149,3,10,150,85,0.05446824630887794
150,3,10,150,85,0.0
151,3,10,150,85,0.16194309002265503
152,3,10,150,85,0.07040184612406662
153,3,10,150,85,0.06516188295518531
154,3,10,150,85,0.055100238151135045
155,3,10,150,85,0.0
156,3,10,150,85,0.07028063830038406
157,3,10,150,85,0.05840183867278569
158,3,10,150,85,0.07413972351842125
159,3,10,150,85,0.11026617795298452
160,3,10,150,85,0.08815843064600337
161,3,10,150,85,0.0
162,3,10,150,85,0.0
163,3,10,150,85,0.0
164,3,10,150,85,0.0
165,3,10,150,85,0.09149012142095872
166,3,10,150,85,0.09726657973356154
167,3,10,150,85,0.03395822402998728
168,3,10,150,85,0.07914143116928869
169,3,10,150,85,0.055427457405235275
170,3,10,150,85,0.0
171,3,10,150,85,0.0
172,3,10,150,85,0.0
173,3,10,150,85,0.0
174,3,10,150,85,0.09877498173459962
175,3,10,150,85,0.4413254197204702
176,3,10,150,85,0.06153137845972642
177,3,10,150,85,0.0
178,3,10,150,85,0.18053947820976404
179,3,10,150,85,0.06599888514927177
180,3,10,150,85,0.0
181,3,10,150,85,0.04622579729077891
182,3,10,150,85,0.13120507751234178
183,3,10,150,85,0.0
184,3,10,150,85,0.016355592358211265
185,3,10,150,85,0.0
186,3,10,150,85,0.0
187,3,10,150,85,0.2004102107997965
188,3,10,150,85,0.050562513489816586
189,3,10,150,85,0.22982757951573698
190,3,10,150,85,0.0
191,3,10,150,85,0.07335312372354855
192,3,10,150,85,0.0
193,3,10,150,85,0.04024288246957146
194,3,10,150,85,0.0860257611411915
195,3,10,150,85,0.10257737475069033
196,3,10,150,85,0.17342765698823945
197,3,10,150,85,0.07304192939088519
198,3,10,150,85,0.10387325901274824
199,3,10,150,85,0.052106753859569234
200,3,10,150,85,0.0971420957831845
201,3,10,150,85,0.2879312869726593
202,3,10,150,85,0.0
203,3,10,150,85,0.0
204,3,10,150,85,0.0
205,3,10,150,85,0.11600766930798434
206,3,10,150,85,0.0
207,3,10,150,85,0.17590647434842874
208,3,10,150,85,0.0
209,3,10,150,85,0.070675417981692
210,3,10,150,85,0.0
211,3,10,150,85,0.0
212,3,10,150,85,0.0559167101555819
213,3,10,150,85,0.08985507164305877
214,3,10,150,85,0.1257260924843343
215,3,10,150,85,0.157288596461893
216,3,10,150,85,0.27735230728218535
217,3,10,150,85,0.13000004444613666
218,3,10,150,85,0.06323567569191428
219,3,10,150,85,0.0
220,3,10,150,85,0.07807600999842033
221,3,10,150,85,0.12213234467515617
222,3,10,150,85,0.16053518617112608
223,3,10,150,85,0.039270700903099615
224,3,10,150,85,0.05211803804128038
225,3,10,150,85,0.09311209812195972
226,3,10,150,85,0.0
227,3,10,150,85,0.0
229,3,10,150,85,0.0
230,3,10,150,85,0.1697995249867118
231,3,10,150,85,0.0
232,3,10,150,85,0.0
233,3,10,150,85,0.20123780419810608
234,3,10,150,85,0.16784374612608646
235,3,10,150,85,0.11418024069273867
236,3,10,150,85,0.12127042983235181
237,3,10,150,85,0.04776398023609584
238,3,10,150,85,0.0
239,3,10,150,85,0.14738301924206398
240,3,10,150,85,0.10235170428306553
241,3,10,150,85,0.1381300260171807
242,3,10,150,85,0.0
243,3,10,150,85,0.0
244,3,10,150,85,0.15017336350566032
245,3,10,150,85,0.0
246,3,10,150,85,0.08356426880363813
247,3,10,150,85,0.15642624200758548
248,3,10,150,85,0.23451355966072135
249,3,10,150,85,0.3296200475575061
250,3,10,150,85,0.07806699296748765
251,3,10,150,85,0.0
252,3,10,150,85,0.07630862162354303
253,3,10,150,85,0.038220360097248454
254,3,10,150,85,0.036502603141236205
255,3,10,150,85,0.10933464083642679
256,3,10,150,85,0.0681239071992697
257,3,10,150,85,0.12830873359117523
258,3,10,150,85,0.16260831227163416
259,3,10,150,85,0.0
260,3,10,150,85,0.0
261,3,10,150,85,0.0
262,3,10,150,85,0.0
263,3,10,150,85,0.36030713075223775
264,3,10,150,85,0.3852510465367394
265,3,10,150,85,0.19802572813668026
266,3,10,150,85,0.0
267,3,10,150,85,0.22898927482035836
268,3,10,150,85,0.12018096199287985
269,3,10,150,85,0.040019695500760184
270,3,10,150,85,0.049915567102790354
271,3,10,150,85,0.10729393508609222
272,3,10,150,85,0.10457492829503848
273,3,10,150,85,0.0
274,3,10,150,85,0.05380266522938521
275,3,10,150,85,0.0
276,3,10,150,85,0.16683394348006692
277,3,10,150,85,0.0
278,3,10,150,85,0.0
279,3,10,150,85,0.12980652062863637
280,3,10,150,85,0.0882348794193481
281,3,10,150,85,0.0
282,3,10,150,85,0.09659953929285248
283,3,10,150,85,0.0
284,3,10,150,85,0.0
285,3,10,150,85,0.0
286,3,10,150,85,0.016140534521312585
287,3,10,150,85,0.0
288,3,10,150,85,0.13999259891013252
289,3,10,150,85,0.0
290,3,10,150,85,0.09647783930421741
291,3,10,150,85,0.18968772725883148
292,3,10,150,85,0.27665227928348557
293,3,10,150,85,0.16099877562659232
294,3,10,150,85,0.09628038570550856
295,3,10,150,85,0.15956840344924803
296,3,10,150,85,0.15701688667375013
297,3,10,150,85,0.030868393892711742
298,3,10,150,85,0.13814728270261697
299,3,10,150,85,0.09112518571572234
300,3,10,150,85,0.0
301,3,10,150,85,0.1296575124303738
302,3,10,150,85,0.07335312372354855
303,3,10,150,85,0.17978154785217412
304,3,10,150,85,0.0
305,3,10,150,85,0.05428021340641747
306,3,10,150,85,0.0
307,3,10,150,85,0.13128644747266613
308,3,10,150,85,0.05707430901002984
309,3,10,150,85,0.0
310,3,10,150,85,0.2890648263178879
311,3,10,150,85,0.17512035582237062
312,3,10,150,85,0.16963857451199318
313,3,10,150,85,0.09586943528179451
314,3,10,150,85,0.10507089418815024
315,3,10,150,85,0.09785159463516042
316,3,10,150,85,0.06076546216996844
317,3,10,150,85,0.0
318,3,10,150,85,0.07377376675297492
319,3,10,150,85,0.0
320,3,10,150,85,0.08947300054212491
321,3,10,150,85,0.08223795175588802
322,3,10,150,85,0.07955752067133452
323,3,10,150,85,0.12229181918924699
324,3,10,150,85,0.0
325,3,10,150,85,0.0
326,3,10,150,85,0.10817904857938596
327,3,10,150,85,0.030659110745645198
328,3,10,150,85,0.1253761246808089
329,3,10,150,85,0.056720838976548935
330,3,10,150,85,0.3028509129070748
331,3,10,150,85,0.0
332,3,10,150,85,0.1160620536137697
333,3,10,150,85,0.0
334,3,10,150,85,0.1576550335359013
335,3,10,150,85,0.0
336,3,10,150,85,0.0
337,3,10,150,85,0.2325689761571779
338,3,10,150,85,0.08388555279643939
339,3,10,150,85,0.2035626803416359
340,3,10,150,85,0.16593574125923852
341,3,10,150,85,0.0
342,3,10,150,85,0.15381739323016694
343,3,10,150,85,0.3675257435678538
344,3,10,150,85,0.13804010954782428
345,3,10,150,85,0.14462655322572632
346,3,10,150,85,0.1264086027263655
347,3,10,150,85,0.11419934147174059
348,3,10,150,85,0.0
349,3,10,150,85,0.07123530534387781
350,3,10,150,85,0.2314071217459096
351,3,10,150,85,0.053201271760911766
352,3,10,150,85,0.16282653392890226
353,3,10,150,85,0.09489642549953911
354,3,10,150,85,0.048823562593396645
355,3,10,150,85,0.05122871476979503
356,3,10,150,85,0.0
357,3,10,150,85,0.03371865946438579
358,3,10,150,85,0.26730206653594746
359,3,10,150,85,0.14341929980357182
360,3,10,150,85,0.1559806047717434
361,3,10,150,85,0.0
362,3,10,150,85,0.0
363,3,10,150,85,0.1867805234163032
364,3,10,150,85,0.0
365,3,10,150,85,0.0989084497079971
366,3,10,150,85,0.1800581708881336
367,3,10,150,85,0.1410054764628891
368,3,10,150,85,0.0
369,3,10,150,85,0.0
370,3,10,150,85,0.045683428159663184
371,3,10,150,85,0.174231549865924
372,3,10,150,85,0.13528214995015655
373,3,10,150,85,0.18128610071101886
374,3,10,150,85,0.1523273086076386
375,3,10,150,85,0.0
376,3,10,150,85,0.0
377,3,10,150,85,0.053168340515114924
378,3,10,150,85,0.06290541370913372
379,3,10,150,85,0.1814915701185313
380,3,10,150,85,0.0
381,3,10,150,85,0.10528437187206623
382,3,10,150,85,0.13500098315004241
383,3,10,150,85,0.06801459236612908
384,3,10,150,85,0.08759200575528697
385,3,10,150,85,0.1546778125427113
386,3,10,150,85,0.0
387,3,10,150,85,0.03814967334348895
388,3,10,150,85,0.029785542524894418
389,3,10,150,85,0.1436557902546879
390,3,10,150,85,0.3221940057104188
391,3,10,150,85,0.298074760835303
392,3,10,150,85,0.10835852340243231
393,3,10,150,85,0.18495114272726548
394,3,10,150,85,0.15290238277303939
395,3,10,150,85,0.15727036710905312
396,3,10,150,85,0.0
397,3,10,150,85,0.12905531436930254
398,3,10,150,85,0.12204637821038242
399,3,10,150,85,0.05509887073092855
400,3,10,150,85,0.0
401,3,10,150,85,0.0
402,3,10,150,85,0.469779625693621
403,3,10,150,85,0.02818923206968657
404,3,10,150,85,0.0
405,3,10,150,85,0.2063659894396581
406,3,10,150,85,0.1428233347987388
407,3,10,150,85,0.1106313931757508
408,3,10,150,85,0.12083071655728543
409,3,10,150,85,0.15086419336317547
410,3,10,150,85,0.0
411,3,10,150,85,0.1128999930808451
412,3,10,150,85,0.0
413,3,10,150,85,0.10122860821230018
414,3,10,150,85,0.0
415,3,10,150,85,0.07605458145297357
416,3,10,150,85,0.28519248075131093
417,3,10,150,85,0.05712516951520643
418,3,10,150,85,0.07001560573318603
419,3,10,150,85,0.26168079122473237
420,3,10,150,85,0.0527075128660253
421,3,10,150,85,0.202729931306865
422,3,10,150,85,0.0
423,3,10,150,85,0.0
424,3,10,150,85,0.13291000263869587
425,3,10,150,85,0.04434296223676158
426,3,10,150,85,0.10004388309532918
427,3,10,150,85,0.0
428,3,10,150,85,0.0
429,3,10,150,85,0.12935740903678994
430,3,10,150,85,0.062242588308449316
431,3,10,150,85,0.0
432,3,10,150,85,0.05253723007572906
433,3,10,150,85,0.0
434,3,10,150,85,0.2870958118344385
435,3,10,150,85,0.18909086007716797
436,3,10,150,85,0.09291494561763272
437,3,10,150,85,0.07387863190475343
438,3,10,150,85,0.0
439,3,10,150,85,0.0
440,3,10,150,85,0.10025741859697787
441,3,10,150,85,0.0615755971851825
442,3,10,150,85,0.11394352936417514
443,3,10,150,85,0.056720838976548935
444,3,10,150,85,0.19519002499605084
445,3,10,150,85,0.0
446,3,10,150,85,0.0
447,3,10,150,85,0.09914294517496557
448,3,10,150,85,0.0
449,3,10,150,85,0.0
450,3,10,150,85,0.309741942394497
451,3,10,150,85,0.0
452,3,10,150,85,0.048188247044562364
453,3,10,150,85,0.16507761899470932
454,3,10,150,85,0.035160779103472525
455,3,10,150,85,0.2661843413361918
456,3,10,150,85,0.20286127521652125
457,3,10,150,85,0.36238463914482993
458,3,10,150,85,0.12059750656999586
459,3,10,150,85,0.04901586605894737
460,3,10,150,85,0.0
461,3,10,150,85,0.10778915452451093
462,3,10,150,85,0.16728714615527887
463,3,10,150,85,0.1032589365938857
464,3,10,150,85,0.091470579054696
465,3,10,150,85,0.0733934381893728
466,3,10,150,85,0.0750834162528243
467,3,10,150,85,0.032842167909375275
468,3,10,150,85,0.4424763580282471
469,3,10,150,85,0.08625887094910875
470,3,10,150,85,0.040162930685297936
471,3,10,150,85,0.039360765922782585
472,3,10,150,85,0.26989864785316925
473,3,10,150,85,0.08903377327702097
474,3,10,150,85,0.33077199437467053
475,3,10,150,85,0.0
476,3,10,150,85,0.12097589732794561
477,3,10,150,85,0.0
478,3,10,150,85,0.2059565668593519
479,3,10,150,85,0.07893633843817272
480,3,10,150,85,0.0881980292211471
481,3,10,150,85,0.05234104579082298
482,3,10,150,85,0.15905893746943514
483,3,10,150,85,0.06194403202282284
484,3,10,150,85,0.33809266656634696
485,3,10,150,85,0.0
486,3,10,150,85,0.06108300840136219
487,3,10,150,85,0.10060724527338907
488,3,10,150,85,0.05887472794707303
489,3,10,150,85,0.0720742512422087
490,3,10,150,85,0.06490403551612171
491,3,10,150,85,0.17758207479178334
492,3,10,150,85,0.12925417913024104
493,3,10,150,85,0.26530843853655434
494,3,10,150,85,0.19527970003833198
495,3,10,150,85,0.1637144854966556
496,3,10,150,85,0.07271211160102074
497,3,10,150,85,0.10121090134321312
498,3,10,150,85,0.0343217267714905
499,3,10,150,85,0.1926298538878326
500,3,10,150,85,0.04698773570888995
501,3,10,150,85,0.0
502,3,10,150,85,0.03272632263321488
503,3,10,150,85,0.2768332968914173
504,3,10,150,85,0.09794337990609951
505,3,10,150,85,0.025255271126572616
506,3,10,150,85,0.16119309772585624
507,3,10,150,85,0.02579743633593384
508,3,10,150,85,0.23234007015870473
509,3,10,150,85,0.0
510,3,10,150,85,0.17032928501352598
511,3,10,150,85,0.12155021559723776
512,3,10,150,85,0.0
513,3,10,150,85,0.09761131800342168
514,3,10,150,85,0.20202473045271674
515,3,10,150,85,0.0
516,3,10,150,85,0.07947838320659593
517,3,10,150,85,0.03859643636257609
518,3,10,150,85,0.05268083714989503
519,3,10,150,85,0.034560204819110964
520,3,10,150,85,0.0
521,3,10,150,85,0.07649261318048692
522,3,10,150,85,0.2035192592417533
523,3,10,150,85,0.18941913248920814
524,3,10,150,85,0.04795628381212213
525,3,10,150,85,0.06516045994396072
526,3,10,150,85,0.052528565413809895
527,3,10,150,85,0.21068702285875093
528,3,10,150,85,0.1255942414278791
529,3,10,150,85,0.03208343640786788
530,3,10,150,85,0.0
531,3,10,150,85,0.0
532,3,10,150,85,0.19110829584670452
533,3,10,150,85,0.15934224201421204
534,3,10,150,85,0.10040759964046686
535,3,10,150,85,0.26295140635259745
536,3,10,150,85,0.19370572859880655
537,3,10,150,85,0.43693022806235676
538,3,10,150,85,0.09944592215223559
539,3,10,150,85,0.07086035994602148
540,3,10,150,85,0.0
541,3,10,150,85,0.0779170553370938
542,3,10,150,85,0.09883608627417288
543,3,10,150,85,0.028092900764810486
544,3,10,150,85,0.0
545,3,10,150,85,0.1627301445786375
546,3,10,150,85,0.19423009903097527
547,3,10,150,85,0.04528995543568932
548,3,10,150,85,0.0975979953072921
549,3,10,150,85,0.10184659627402569
550,3,10,150,85,0.0845667599404342
551,3,10,150,85,0.2886728877889466
552,3,10,150,85,0.0
553,3,10,150,85,0.15284217773934242
554,3,10,150,85,0.0
555,3,10,150,85,0.037070343480771185
556,3,10,150,85,0.2848749592866812
557,3,10,150,85,0.044530079137671444
558,3,10,150,85,0.21398626473452756
559,3,10,150,85,0.11571122630007512
560,3,10,150,85,0.13657262402833295
561,3,10,150,85,0.09566219615844831
562,3,10,150,85,0.16880427191129663
563,3,10,150,85,0.10791970824616881
564,3,10,150,85,0.0
565,3,10,150,85,0.2016297075493207
566,3,10,150,85,0.11935234359120704
567,3,10,150,85,0.3504555352124596
568,3,10,150,85,0.07161318866452264
569,3,10,150,85,0.023835426911994775
570,3,10,150,85,0.0
571,3,10,150,85,0.0512644431393966
572,3,10,150,85,0.30260241349881345
573,3,10,150,85,0.0
574,3,10,150,85,0.02529922263119915
575,3,10,150,85,0.13043262693172047
576,3,10,150,85,0.0
577,3,10,150,85,0.2017286250978881
578,3,10,150,85,0.0
579,3,10,150,85,0.06152644703210656
580,3,10,150,85,0.03144137376097698
581,3,10,150,85,0.0
582,3,10,150,85,0.06679511870650716
583,3,10,150,85,0.13912814892946682
584,3,10,150,85,0.20261715588288354
585,3,10,150,85,0.042225550968526857
586,3,10,150,85,0.0663945281096953
587,3,10,150,85,0.029230460362194715
588,3,10,150,85,0.2400343121928852
589,3,10,150,85,0.09905100598441088
590,3,10,150,85,0.19997970715667693
591,3,10,150,85,0.08651464973019597
592,3,10,150,85,0.3069520495365033
593,3,10,150,85,0.14271020042879362
594,3,10,150,85,0.0
595,3,10,150,85,0.055965373307784824
596,3,10,150,85,0.15081647728233993
597,3,10,150,85,0.02579743633593384
598,3,10,150,85,0.0
599,3,10,150,85,0.02506539947940475
600,3,10,150,85,0.13574631165894233
601,3,10,150,85,0.14661690295711607
602,3,10,150,85,0.041278922835426404
603,3,10,150,85,0.12541207695631323
604,3,10,150,85,0.0
605,3,10,150,85,0.21970118464532165
606,3,10,150,85,0.3168713335081007
607,3,10,150,85,0.0308875359117713
608,3,10,150,85,0.20657435219961784
609,3,10,150,85,0.0
610,3,10,150,85,0.12186625680881258
611,3,10,150,85,0.19680646538945382
612,3,10,150,85,0.09162544430476362
613,3,10,150,85,0.1652462050665711
614,3,10,150,85,0.1467868763787456
615,3,10,150,85,0.17368907358900634
616,3,10,150,85,0.030480958763669998
617,3,10,150,85,0.0539699203856165
618,3,10,150,85,0.12600025080556665
619,3,10,150,85,0.14795344439858116
620,3,10,150,85,0.24239278329353608
621,3,10,150,85,0.10569072181389248
622,3,10,150,85,0.16226113935431313
623,3,10,150,85,0.04214302778527282
624,3,10,150,85,0.03202992305603544
625,3,10,150,85,0.07991575154621842
626,3,10,150,85,0.13034538143571256
627,3,10,150,85,0.11471658297235718
628,3,10,150,85,0.0653273647710817
629,3,10,150,85,0.31822291409126885
630,3,10,150,85,0.10834532177911152
631,3,10,150,85,0.13449792459172438
632,3,10,150,85,0.08348454970562778
633,3,10,150,85,0.050456115328747164
634,3,10,150,85,0.11971011117287562
635,3,10,150,85,0.0
636,3,10,150,85,0.4108031518056064
637,3,10,150,85,0.04188454685690797
638,3,10,150,85,0.05152901435389809
639,3,10,150,85,0.01070448204588216
640,3,10,150,85,0.17467473656235705
641,3,10,150,85,0.051358492238643604
642,3,10,150,85,0.2852382753417509
643,3,10,150,85,0.21368826267102806
644,3,10,150,85,0.023868766231572826
645,3,10,150,85,0.17744101704673967
646,3,10,150,85,0.11243817952384734
647,3,10,150,85,0.06590268968688952
648,3,10,150,85,0.26699837649476765
649,3,10,150,85,0.04336490181597879
650,3,10,150,85,0.11585280599157821
651,3,10,150,85,0.0
652,3,10,150,85,0.0
653,3,10,150,85,0.15250389732460864
654,3,10,150,85,0.05402442095740813
655,3,10,150,85,0.4674251511446914
656,3,10,150,85,0.0
657,3,10,150,85,0.2504953915210566
658,3,10,150,85,0.09988783377897062
659,3,10,150,85,0.09950788532097599
660,3,10,150,85,0.05220760752021022
661,3,10,150,85,0.23687096335281838
662,3,10,150,85,0.0
663,3,10,150,85,0.1250707809701198
664,3,10,150,85,0.2433808724049065
665,3,10,150,85,0.07365132545398537
666,3,10,150,85,0.10252154985745199
667,3,10,150,85,0.1487205698875683
668,3,10,150,85,0.0
669,3,10,150,85,0.2287469684999221
670,3,10,150,85,0.0271437232396382
671,3,10,150,85,0.20598773756155325
672,3,10,150,85,0.07973520350569015
673,3,10,150,85,0.03236977394070781
674,3,10,150,85,0.0
675,3,10,150,85,0.0382580635535654
676,3,10,150,85,0.22358931366364498
677,3,10,150,85,0.10158983531347915
678,3,10,150,85,0.0
679,3,10,150,85,0.20531579536501102
680,3,10,150,85,0.022168697248564677
681,3,10,150,85,0.0
682,3,10,150,85,0.22066070033574794
683,3,10,150,85,0.045215225629604006
684,3,10,150,85,0.03158850394477252
685,3,10,150,85,0.20373936192022438
686,3,10,150,85,0.28356904801607674
687,3,10,150,85,0.0
688,3,10,150,85,0.0
689,3,10,150,85,0.429307082657261
690,3,10,150,85,0.24802939400095458
691,3,10,150,85,0.6023709850354425
692,3,10,150,85,0.03353522641880846
693,3,10,150,85,0.04711181933747839
694,3,10,150,85,0.21361709189247302
695,3,10,150,85,0.05816383356143395
696,3,10,150,85,0.08111636357522063
697,3,10,150,85,0.09714962263604267
698,3,10,150,85,0.0
699,3,10,150,85,0.06266837015218314
700,3,10,150,85,0.0
701,3,10,150,85,0.12271508523586225
702,3,10,150,85,0.0
703,3,10,150,85,0.21888235022994418
704,3,10,150,85,0.24598285660901478
705,3,10,150,85,0.2867207867777622
706,3,10,150,85,0.03481402556224447
707,3,10,150,85,0.2509857881482728
708,3,10,150,85,0.03476299583640518
709,3,10,150,85,0.16604950811619162
710,3,10,150,85,0.25040922491354684
711,3,10,150,85,0.19019589140904572
712,3,10,150,85,0.0709301463537875
713,3,10,150,85,0.0
714,3,10,150,85,0.1266607864485773
715,3,10,150,85,0.16860516623933322
716,3,10,150,85,0.26759110223090926
717,3,10,150,85,0.15218028545758808
718,3,10,150,85,0.0
719,3,10,150,85,0.10353175087921149
720,3,10,150,85,0.05925736915373658
721,3,10,150,85,0.1343117095430617
722,3,10,150,85,0.07401896317743158
723,3,10,150,85,0.0
724,3,10,150,85,0.0
725,3,10,150,85,0.04733244938590725
726,3,10,150,85,0.10841847307700177
727,3,10,150,85,0.06899918709259797
728,3,10,150,85,0.0
729,3,10,150,85,0.046534861017850544
730,3,10,150,85,0.0
731,3,10,150,85,0.2313771176155589
732,3,10,150,85,0.05717828980196049
733,3,10,150,85,0.020730875129846955
734,3,10,150,85,0.08131766139183766
735,3,10,150,85,0.12905232756659873
736,3,10,150,85,0.047009109882897075
737,3,10,150,85,0.12127716502890909
738,3,10,150,85,0.09907057054543131
739,3,10,150,85,0.18767092572990207
740,3,10,150,85,0.0523780734795101
741,3,10,150,85,0.09620963094643388
742,3,10,150,85,0.0527075128660253
743,3,10,150,85,0.1194783875505714
744,3,10,150,85,0.0
745,3,10,150,85,0.06774344219296054
746,3,10,150,85,0.24124954544361757
747,3,10,150,85,0.20395060901728546
748,3,10,150,85,0.04132344798443041
749,3,10,150,85,0.2691024815616813
750,3,10,150,85,0.20954227812062592
751,3,10,150,85,0.06407706415564705
752,3,10,150,85,0.08155432360208091
753,3,10,150,85,0.09985462455958868
754,3,10,150,85,0.0
755,3,10,150,85,0.0
756,3,10,150,85,0.044143057780823704
757,3,10,150,85,0.18464075722796058
758,3,10,150,85,0.2513373981805972
759,3,10,150,85,0.04828669550714567
760,3,10,150,85,0.16006374561654185
761,3,10,150,85,0.17663858756688974
762,3,10,150,85,0.0
763,3,10,150,85,0.15021194072867564
764,3,10,150,85,0.04710969775183564
765,3,10,150,85,0.0966785411876802
766,3,10,150,85,0.035191004809260996
767,3,10,150,85,0.1269544353559099
768,3,10,150,85,0.09997171219938322
769,3,10,150,85,0.0
770,3,10,150,85,0.207274302223422
771,3,10,150,85,0.07363642524234874
772,3,10,150,85,0.038996699933076286
773,3,10,150,85,0.15659560794124947
774,3,10,150,85,0.0
775,3,10,150,85,0.0
776,3,10,150,85,0.04721006604760436
777,3,10,150,85,0.0
778,3,10,150,85,0.08961728720334347
779,3,10,150,85,0.0
780,3,10,150,85,0.19393055855404154
781,3,10,150,85,0.16573484494600602
782,3,10,150,85,0.0
783,3,10,150,85,0.07763399617214947
784,3,10,150,85,0.04582425041433568
785,3,10,150,85,0.2848262604068979
786,3,10,150,85,0.13901223847985233
787,3,10,150,85,0.0
788,3,10,150,85,0.046626370288649896
789,3,10,150,85,0.14531023848228133
790,3,10,150,85,0.08452117092278105
791,3,10,150,85,0.059480024314918285
792,3,10,150,85,0.0946587791577201
793,3,10,150,85,0.11843263243420837
794,3,10,150,85,0.1578863001786244
795,3,10,150,85,0.10325242280712206
796,3,10,150,85,0.1145275641223123
797,3,10,150,85,0.13905617951077562
798,3,10,150,85,0.02688415331260267
799,3,10,150,85,0.2836929289153804
800,3,10,150,85,0.0
801,3,10,150,85,0.0
802,3,10,150,85,0.05621908976192367
803,3,10,150,85,0.0
804,3,10,150,85,0.20994146470018396
805,3,10,150,85,0.15771169694749937
806,3,10,150,85,0.10606704841588428
807,3,10,150,85,0.22931014490903673
808,3,10,150,85,0.09905728133858463
809,3,10,150,85,0.0
810,3,10,150,85,0.0
811,3,10,150,85,0.1162989546852336
812,3,10,150,85,0.11600766930798434
813,3,10,150,85,0.06916902856231065
814,3,10,150,85,0.054181637470214
815,3,10,150,85,0.10380674919178415
816,3,10,150,85,0.10105367325027378
817,3,10,150,85,0.0
818,3,10,150,85,0.05187864210776578
819,3,10,150,85,0.0
820,3,10,150,85,0.12262943855309168
821,3,10,150,85,0.18684232150964158
822,3,10,150,85,0.0
823,3,10,150,85,0.14011732711290795
824,3,10,150,85,0.0
825,3,10,150,85,0.16434089815347858
826,3,10,150,85,0.1395338307503347
827,3,10,150,85,0.0
828,3,10,150,85,0.0
829,3,10,150,85,0.08143169212679746
830,3,10,150,85,0.15298484663625925
831,3,10,150,85,0.0800524392169327
832,3,10,150,85,0.06248152673860667
833,3,10,150,85,0.05828935682373833
834,3,10,150,85,0.039360765922782585
835,3,10,150,85,0.131093662595089
836,3,10,150,85,0.05097554749895306
837,3,10,150,85,0.05351287869030783
838,3,10,150,85,0.08633629724227374
839,3,10,150,85,0.0
840,3,10,150,85,0.1518245759629103
841,3,10,150,85,0.0
842,3,10,150,85,0.0
843,3,10,150,85,0.04209275315645388
844,3,10,150,85,0.0
845,3,10,150,85,0.06531065216760332
846,3,10,150,85,0.16592059617503505
847,3,10,150,85,0.0
848,3,10,150,85,0.09796419403030648
849,3,10,150,85,0.15023650744503608
850,3,10,150,85,0.06228974831361337
851,3,10,150,85,0.2277008805972924
852,3,10,150,85,0.07256783117062009
853,3,10,150,85,0.0
854,3,10,150,85,0.0
855,3,10,150,85,0.0
856,3,10,150,85,0.0
857,3,10,150,85,0.0
858,3,10,150,85,0.0
859,3,10,150,85,0.0
860,3,10,150,85,0.0
861,3,10,150,85,0.12754356661958802
862,3,10,150,85,0.18279787522069124
863,3,10,150,85,0.0
864,3,10,150,85,0.19756506460263396
865,3,10,150,85,0.0
866,3,10,150,85,0.0
867,3,10,150,85,0.18752183128814004
868,3,10,150,85,0.0
870,3,10,150,85,0.0
871,3,10,150,85,0.0
872,3,10,150,85,0.0
875,3,10,150,85,0.1395953738647505
876,3,10,150,85,0.0
877,3,10,150,85,0.0
1,3,10,150,86,0.6247579375131872
2,3,10,150,86,0.10688238502350729
3,3,10,150,86,0.0
4,3,10,150,86,0.0
5,3,10,150,86,0.0819283960923954
6,3,10,150,86,0.05340978172012693
7,3,10,150,86,0.20305527746535623
8,3,10,150,86,0.1900735845235601
9,3,10,150,86,0.0
10,3,10,150,86,0.16409920264511527
11,3,10,150,86,0.049016076581777215
12,3,10,150,86,0.13570688190090627
13,3,10,150,86,0.20272663678411304
14,3,10,150,86,0.14623893181570033
15,3,10,150,86,0.0
16,3,10,150,86,0.2571810388985906
17,3,10,150,86,0.12066394366711926
18,3,10,150,86,0.18606782959057458
19,3,10,150,86,0.0
20,3,10,150,86,0.14530105135237878
21,3,10,150,86,0.05824963961462511
22,3,10,150,86,0.1468275080577048
23,3,10,150,86,0.18360000301566626
24,3,10,150,86,0.311062094929455
25,3,10,150,86,0.0
26,3,10,150,86,0.030421795212869307
28,3,10,150,86,0.0
29,3,10,150,86,0.0
30,3,10,150,86,0.0979129253499678
31,3,10,150,86,0.06076546216996844
32,3,10,150,86,0.0
33,3,10,150,86,0.0
34,3,10,150,86,0.0
35,3,10,150,86,0.07108348368841133
37,3,10,150,86,0.08836851842055818
38,3,10,150,86,0.03215366848272267
39,3,10,150,86,0.0
40,3,10,150,86,0.0769181994946132
41,3,10,150,86,0.0
42,3,10,150,86,0.14144963799422255
43,3,10,150,86,0.268915965453296
44,3,10,150,86,0.07698159974258616
45,3,10,150,86,0.04505000432618384
46,3,10,150,86,0.2524329124868603
47,3,10,150,86,0.0
48,3,10,150,86,0.191300388285999
49,3,10,150,86,0.08545966314334597
50,3,10,150,86,0.0
51,3,10,150,86,0.18953836965473142
52,3,10,150,86,0.04892579731758021
53,3,10,150,86,0.09546043308946733
54,3,10,150,86,0.07984133538066794
55,3,10,150,86,0.0
56,3,10,150,86,0.03975645576081676
57,3,10,150,86,0.07600688094360178
58,3,10,150,86,0.12811608865176474
59,3,10,150,86,0.20601184217250942
60,3,10,150,86,0.12123807080432077
61,3,10,150,86,0.0
62,3,10,150,86,0.056765939954965754
63,3,10,150,86,0.03554915059547175
64,3,10,150,86,0.0
65,3,10,150,86,0.2994759515353249
66,3,10,150,86,0.0
67,3,10,150,86,0.0
68,3,10,150,86,0.0
69,3,10,150,86,0.18013245110732332
70,3,10,150,86,0.04310441109649134
71,3,10,150,86,0.1434649426280276
72,3,10,150,86,0.16084022171949366
73,3,10,150,86,0.051960280791503534
74,3,10,150,86,0.0
75,3,10,150,86,0.11731968150568911
76,3,10,150,86,0.14804398249667974
77,3,10,150,86,0.45287742747371695
78,3,10,150,86,0.0
79,3,10,150,86,0.0
80,3,10,150,86,0.08297572808511901
81,3,10,150,86,0.0
82,3,10,150,86,0.10812418485305166
83,3,10,150,86,0.04630610387058298
84,3,10,150,86,0.0
85,3,10,150,86,0.06966660916502733
86,3,10,150,86,0.07738888769495082
87,3,10,150,86,0.10058161863664324
88,3,10,150,86,0.0
89,3,10,150,86,0.22860031301980846
90,3,10,150,86,0.2386569480666451
91,3,10,150,86,0.13114221140465185
92,3,10,150,86,0.07060524915744207
93,3,10,150,86,0.0
94,3,10,150,86,0.19025030646477453
95,3,10,150,86,0.07964436720215591
96,3,10,150,86,0.19186450284072096
97,3,10,150,86,0.2014791632565736
98,3,10,150,86,0.08878770367712427
99,3,10,150,86,0.029785542524894418
100,3,10,150,86,0.0892789338684584
101,3,10,150,86,0.0
102,3,10,150,86,0.026001814664123827
103,3,10,150,86,0.07673373981757839
104,3,10,150,86,0.12171451575741458
106,3,10,150,86,0.05261577455142312
107,3,10,150,86,0.0
108,3,10,150,86,0.0
109,3,10,150,86,0.12702438124116902
110,3,10,150,86,0.06422488523189442
111,3,10,150,86,0.0
112,3,10,150,86,0.06510475888148554
113,3,10,150,86,0.05449144662575446
114,3,10,150,86,0.07610811271330754
115,3,10,150,86,0.07491639684062663
116,3,10,150,86,0.07814915695077672
117,3,10,150,86,0.10135360124281675
118,3,10,150,86,0.0
119,3,10,150,86,0.10939494924525293
121,3,10,150,86,0.06245141164382474
122,3,10,150,86,0.07625852881342107
123,3,10,150,86,0.46927872602275644
124,3,10,150,86,0.10889376106823218
125,3,10,150,86,0.1758278598077621
126,3,10,150,86,0.0
127,3,10,150,86,0.0
128,3,10,150,86,0.047777554739453616
129,3,10,150,86,0.0
130,3,10,150,86,0.11207058154636457
131,3,10,150,86,0.2803335894048546
132,3,10,150,86,0.1431991570830273
133,3,10,150,86,0.0
134,3,10,150,86,0.0
135,3,10,150,86,0.0
136,3,10,150,86,0.40257390286801836
137,3,10,150,86,0.0
138,3,10,150,86,0.21222747957761057
139,3,10,150,86,0.0
140,3,10,150,86,0.0
141,3,10,150,86,0.20239191246999313
142,3,10,150,86,0.30260241349881345
143,3,10,150,86,0.0
144,3,10,150,86,0.2143720535700613
145,3,10,150,86,0.11867414778420507
146,3,10,150,86,0.0
147,3,10,150,86,0.07610811271330754
148,3,10,150,86,0.13364524093464059
149,3,10,150,86,0.05446824630887794
150,3,10,150,86,0.0
151,3,10,150,86,0.16194309002265503
152,3,10,150,86,0.09176715715471626
153,3,10,150,86,0.06516188295518531
154,3,10,150,86,0.055100238151135045
155,3,10,150,86,0.0
156,3,10,150,86,0.07028063830038406
157,3,10,150,86,0.05840183867278569
158,3,10,150,86,0.07413972351842125
159,3,10,150,86,0.11026617795298452
160,3,10,150,86,0.08815843064600337
161,3,10,150,86,0.0
162,3,10,150,86,0.0
163,3,10,150,86,0.0
164,3,10,150,86,0.0
165,3,10,150,86,0.09149012142095872
166,3,10,150,86,0.09726657973356154
167,3,10,150,86,0.03395822402998728
168,3,10,150,86,0.07914143116928869
169,3,10,150,86,0.055427457405235275
170,3,10,150,86,0.0
171,3,10,150,86,0.0
172,3,10,150,86,0.0
173,3,10,150,86,0.03648108191014375
174,3,10,150,86,0.09877498173459962
175,3,10,150,86,0.4413254197204702
176,3,10,150,86,0.06153137845972642
177,3,10,150,86,0.0
178,3,10,150,86,0.18053947820976404
179,3,10,150,86,0.06599888514927177
180,3,10,150,86,0.0
181,3,10,150,86,0.04622579729077891
182,3,10,150,86,0.13120507751234178
183,3,10,150,86,0.0
184,3,10,150,86,0.016355592358211265
185,3,10,150,86,0.0
186,3,10,150,86,0.0
187,3,10,150,86,0.2004102107997965
188,3,10,150,86,0.050562513489816586
189,3,10,150,86,0.22982757951573698
190,3,10,150,86,0.0
191,3,10,150,86,0.07335312372354855
192,3,10,150,86,0.0
193,3,10,150,86,0.04024288246957146
194,3,10,150,86,0.0860257611411915
195,3,10,150,86,0.10257737475069033
196,3,10,150,86,0.17342765698823945
197,3,10,150,86,0.07304192939088519
198,3,10,150,86,0.10387325901274824
199,3,10,150,86,0.052106753859569234
200,3,10,150,86,0.0971420957831845
201,3,10,150,86,0.2879312869726593
202,3,10,150,86,0.0
203,3,10,150,86,0.0
204,3,10,150,86,0.0
205,3,10,150,86,0.11600766930798434
206,3,10,150,86,0.0
207,3,10,150,86,0.17590647434842874
208,3,10,150,86,0.0
209,3,10,150,86,0.070675417981692
210,3,10,150,86,0.0
211,3,10,150,86,0.0
212,3,10,150,86,0.0559167101555819
213,3,10,150,86,0.08985507164305877
214,3,10,150,86,0.1257260924843343
215,3,10,150,86,0.157288596461893
216,3,10,150,86,0.27735230728218535
217,3,10,150,86,0.13000004444613666
218,3,10,150,86,0.06323567569191428
219,3,10,150,86,0.0
220,3,10,150,86,0.07807600999842033
221,3,10,150,86,0.12213234467515617
222,3,10,150,86,0.16053518617112608
223,3,10,150,86,0.039270700903099615
224,3,10,150,86,0.05211803804128038
225,3,10,150,86,0.09311209812195972
226,3,10,150,86,0.0
227,3,10,150,86,0.0
229,3,10,150,86,0.0
230,3,10,150,86,0.1697995249867118
231,3,10,150,86,0.0
232,3,10,150,86,0.0
233,3,10,150,86,0.20123780419810608
234,3,10,150,86,0.16784374612608646
235,3,10,150,86,0.11418024069273867
236,3,10,150,86,0.12127042983235181
237,3,10,150,86,0.04776398023609584
238,3,10,150,86,0.0
239,3,10,150,86,0.16698248640342034
240,3,10,150,86,0.10235170428306553
241,3,10,150,86,0.1381300260171807
242,3,10,150,86,0.0
243,3,10,150,86,0.0
244,3,10,150,86,0.15017336350566032
245,3,10,150,86,0.0
246,3,10,150,86,0.08356426880363813
247,3,10,150,86,0.15642624200758548
248,3,10,150,86,0.23451355966072135
249,3,10,150,86,0.3296200475575061
250,3,10,150,86,0.07806699296748765
251,3,10,150,86,0.0
252,3,10,150,86,0.07630862162354303
253,3,10,150,86,0.038220360097248454
254,3,10,150,86,0.036502603141236205
255,3,10,150,86,0.10933464083642679
256,3,10,150,86,0.0681239071992697
257,3,10,150,86,0.12830873359117523
258,3,10,150,86,0.16260831227163416
259,3,10,150,86,0.0
260,3,10,150,86,0.0
261,3,10,150,86,0.0
262,3,10,150,86,0.0
263,3,10,150,86,0.36030713075223775
264,3,10,150,86,0.3852510465367394
265,3,10,150,86,0.19802572813668026
266,3,10,150,86,0.0
267,3,10,150,86,0.22898927482035836
268,3,10,150,86,0.13205327054715665
269,3,10,150,86,0.040019695500760184
270,3,10,150,86,0.049915567102790354
271,3,10,150,86,0.10729393508609222
272,3,10,150,86,0.10457492829503848
273,3,10,150,86,0.0
274,3,10,150,86,0.05380266522938521
275,3,10,150,86,0.0
276,3,10,150,86,0.16683394348006692
277,3,10,150,86,0.0
278,3,10,150,86,0.0
279,3,10,150,86,0.12980652062863637
280,3,10,150,86,0.0882348794193481
281,3,10,150,86,0.0
282,3,10,150,86,0.09659953929285248
283,3,10,150,86,0.0
284,3,10,150,86,0.0
285,3,10,150,86,0.0
286,3,10,150,86,0.016140534521312585
287,3,10,150,86,0.0
288,3,10,150,86,0.13999259891013252
289,3,10,150,86,0.0
290,3,10,150,86,0.09647783930421741
291,3,10,150,86,0.18968772725883148
292,3,10,150,86,0.27665227928348557
293,3,10,150,86,0.16099877562659232
294,3,10,150,86,0.09628038570550856
295,3,10,150,86,0.15956840344924803
296,3,10,150,86,0.15701688667375013
297,3,10,150,86,0.030868393892711742
298,3,10,150,86,0.13814728270261697
299,3,10,150,86,0.10511924443858135
300,3,10,150,86,0.0
301,3,10,150,86,0.1296575124303738
302,3,10,150,86,0.07335312372354855
303,3,10,150,86,0.17978154785217412
304,3,10,150,86,0.0
305,3,10,150,86,0.05428021340641747
306,3,10,150,86,0.0
307,3,10,150,86,0.13128644747266613
308,3,10,150,86,0.05707430901002984
309,3,10,150,86,0.0
310,3,10,150,86,0.2890648263178879
311,3,10,150,86,0.17512035582237062
312,3,10,150,86,0.16963857451199318
313,3,10,150,86,0.09586943528179451
314,3,10,150,86,0.10507089418815024
315,3,10,150,86,0.09785159463516042
316,3,10,150,86,0.06076546216996844
317,3,10,150,86,0.0
318,3,10,150,86,0.07377376675297492
319,3,10,150,86,0.0
320,3,10,150,86,0.08947300054212491
321,3,10,150,86,0.08223795175588802
322,3,10,150,86,0.07955752067133452
323,3,10,150,86,0.12229181918924699
324,3,10,150,86,0.0
325,3,10,150,86,0.0
326,3,10,150,86,0.10817904857938596
327,3,10,150,86,0.030659110745645198
328,3,10,150,86,0.1253761246808089
329,3,10,150,86,0.056720838976548935
330,3,10,150,86,0.33051067716070737
331,3,10,150,86,0.0
332,3,10,150,86,0.1160620536137697
333,3,10,150,86,0.0
334,3,10,150,86,0.1576550335359013
335,3,10,150,86,0.0
336,3,10,150,86,0.0
337,3,10,150,86,0.2325689761571779
338,3,10,150,86,0.08388555279643939
339,3,10,150,86,0.2035626803416359
340,3,10,150,86,0.16593574125923852
341,3,10,150,86,0.0
342,3,10,150,86,0.15381739323016694
343,3,10,150,86,0.3675257435678538
344,3,10,150,86,0.13804010954782428
345,3,10,150,86,0.14462655322572632
346,3,10,150,86,0.1264086027263655
347,3,10,150,86,0.11419934147174059
348,3,10,150,86,0.0
349,3,10,150,86,0.07123530534387781
350,3,10,150,86,0.2618835547498317
351,3,10,150,86,0.053201271760911766
352,3,10,150,86,0.16282653392890226
353,3,10,150,86,0.09489642549953911
354,3,10,150,86,0.048823562593396645
355,3,10,150,86,0.05122871476979503
356,3,10,150,86,0.0
357,3,10,150,86,0.03371865946438579
358,3,10,150,86,0.26730206653594746
359,3,10,150,86,0.14341929980357182
360,3,10,150,86,0.1559806047717434
361,3,10,150,86,0.0
362,3,10,150,86,0.0
363,3,10,150,86,0.1867805234163032
364,3,10,150,86,0.0
365,3,10,150,86,0.0989084497079971
366,3,10,150,86,0.1800581708881336
367,3,10,150,86,0.1410054764628891
368,3,10,150,86,0.0
369,3,10,150,86,0.0
370,3,10,150,86,0.045683428159663184
371,3,10,150,86,0.174231549865924
372,3,10,150,86,0.13528214995015655
373,3,10,150,86,0.18128610071101886
374,3,10,150,86,0.1523273086076386
375,3,10,150,86,0.0
376,3,10,150,86,0.0
377,3,10,150,86,0.053168340515114924
378,3,10,150,86,0.06290541370913372
379,3,10,150,86,0.1814915701185313
380,3,10,150,86,0.0
381,3,10,150,86,0.10528437187206623
382,3,10,150,86,0.13500098315004241
383,3,10,150,86,0.06801459236612908
384,3,10,150,86,0.08759200575528697
385,3,10,150,86,0.1546778125427113
386,3,10,150,86,0.0
387,3,10,150,86,0.03814967334348895
388,3,10,150,86,0.029785542524894418
389,3,10,150,86,0.1436557902546879
390,3,10,150,86,0.3221940057104188
391,3,10,150,86,0.298074760835303
392,3,10,150,86,0.10835852340243231
393,3,10,150,86,0.1916783427975523
394,3,10,150,86,0.15290238277303939
395,3,10,150,86,0.15727036710905312
396,3,10,150,86,0.0
397,3,10,150,86,0.12905531436930254
398,3,10,150,86,0.12204637821038242
399,3,10,150,86,0.05509887073092855
400,3,10,150,86,0.0
401,3,10,150,86,0.0
402,3,10,150,86,0.469779625693621
403,3,10,150,86,0.02818923206968657
404,3,10,150,86,0.0
405,3,10,150,86,0.20466269854332017
406,3,10,150,86,0.1428233347987388
407,3,10,150,86,0.12266517976117776
408,3,10,150,86,0.12083071655728543
409,3,10,150,86,0.15086419336317547
410,3,10,150,86,0.0
411,3,10,150,86,0.1128999930808451
412,3,10,150,86,0.0
413,3,10,150,86,0.10122860821230018
414,3,10,150,86,0.0
415,3,10,150,86,0.07605458145297357
416,3,10,150,86,0.28283857661484574
417,3,10,150,86,0.05712516951520643
418,3,10,150,86,0.07001560573318603
419,3,10,150,86,0.26168079122473237
420,3,10,150,86,0.0527075128660253
421,3,10,150,86,0.202729931306865
422,3,10,150,86,0.0
423,3,10,150,86,0.0
424,3,10,150,86,0.13291000263869587
425,3,10,150,86,0.04434296223676158
426,3,10,150,86,0.10004388309532918
427,3,10,150,86,0.0
428,3,10,150,86,0.0
429,3,10,150,86,0.13654346524294264
430,3,10,150,86,0.062242588308449316
431,3,10,150,86,0.0
432,3,10,150,86,0.05253723007572906
433,3,10,150,86,0.0
434,3,10,150,86,0.2870958118344385
435,3,10,150,86,0.18753015357981984
436,3,10,150,86,0.09291494561763272
437,3,10,150,86,0.07387863190475343
438,3,10,150,86,0.0
439,3,10,150,86,0.0
440,3,10,150,86,0.10025741859697787
441,3,10,150,86,0.0615755971851825
442,3,10,150,86,0.11394352936417514
443,3,10,150,86,0.056720838976548935
444,3,10,150,86,0.19519002499605084
445,3,10,150,86,0.0
446,3,10,150,86,0.0
447,3,10,150,86,0.09914294517496557
448,3,10,150,86,0.0
449,3,10,150,86,0.0
450,3,10,150,86,0.30718541342319167
451,3,10,150,86,0.0
452,3,10,150,86,0.048188247044562364
453,3,10,150,86,0.16507761899470932
454,3,10,150,86,0.035160779103472525
455,3,10,150,86,0.2661843413361918
456,3,10,150,86,0.20286127521652125
457,3,10,150,86,0.36238463914482993
458,3,10,150,86,0.12059750656999586
459,3,10,150,86,0.04901586605894737
460,3,10,150,86,0.0
461,3,10,150,86,0.10778915452451093
462,3,10,150,86,0.16728714615527887
463,3,10,150,86,0.1032589365938857
464,3,10,150,86,0.091470579054696
465,3,10,150,86,0.0733934381893728
466,3,10,150,86,0.0750834162528243
467,3,10,150,86,0.032842167909375275
468,3,10,150,86,0.4424763580282471
469,3,10,150,86,0.08625887094910875
470,3,10,150,86,0.040162930685297936
471,3,10,150,86,0.039360765922782585
472,3,10,150,86,0.26989864785316925
473,3,10,150,86,0.08903377327702097
474,3,10,150,86,0.3280418888552886
475,3,10,150,86,0.0
476,3,10,150,86,0.12097589732794561
477,3,10,150,86,0.0
478,3,10,150,86,0.2059565668593519
479,3,10,150,86,0.07893633843817272
480,3,10,150,86,0.0881980292211471
481,3,10,150,86,0.05234104579082298
482,3,10,150,86,0.15905893746943514
483,3,10,150,86,0.06194403202282284
484,3,10,150,86,0.33809266656634696
485,3,10,150,86,0.0
486,3,10,150,86,0.06108300840136219
487,3,10,150,86,0.10060724527338907
488,3,10,150,86,0.05887472794707303
489,3,10,150,86,0.0720742512422087
490,3,10,150,86,0.06490403551612171
491,3,10,150,86,0.17758207479178334
492,3,10,150,86,0.12925417913024104
493,3,10,150,86,0.26530843853655434
494,3,10,150,86,0.19527970003833198
495,3,10,150,86,0.1637144854966556
496,3,10,150,86,0.07271211160102074
497,3,10,150,86,0.10121090134321312
498,3,10,150,86,0.0343217267714905
499,3,10,150,86,0.20764510654310397
500,3,10,150,86,0.04698773570888995
501,3,10,150,86,0.0
502,3,10,150,86,0.03272632263321488
503,3,10,150,86,0.2768332968914173
504,3,10,150,86,0.09794337990609951
505,3,10,150,86,0.025255271126572616
506,3,10,150,86,0.16119309772585624
507,3,10,150,86,0.02579743633593384
508,3,10,150,86,0.23234007015870473
509,3,10,150,86,0.0
510,3,10,150,86,0.17032928501352598
511,3,10,150,86,0.12155021559723776
512,3,10,150,86,0.0
513,3,10,150,86,0.09761131800342168
514,3,10,150,86,0.20202473045271674
515,3,10,150,86,0.0
516,3,10,150,86,0.07947838320659593
517,3,10,150,86,0.03859643636257609
518,3,10,150,86,0.05268083714989503
519,3,10,150,86,0.034560204819110964
520,3,10,150,86,0.0
521,3,10,150,86,0.07649261318048692
522,3,10,150,86,0.2035192592417533
523,3,10,150,86,0.18941913248920814
524,3,10,150,86,0.047560465189774616
525,3,10,150,86,0.06516045994396072
526,3,10,150,86,0.052528565413809895
527,3,10,150,86,0.21068702285875093
528,3,10,150,86,0.1255942414278791
529,3,10,150,86,0.03208343640786788
530,3,10,150,86,0.0
531,3,10,150,86,0.0
532,3,10,150,86,0.19110829584670452
533,3,10,150,86,0.1687884443826478
534,3,10,150,86,0.10040759964046686
535,3,10,150,86,0.26295140635259745
536,3,10,150,86,0.19370572859880655
537,3,10,150,86,0.44157765867409965
538,3,10,150,86,0.09944592215223559
539,3,10,150,86,0.09159470869501925
540,3,10,150,86,0.0
541,3,10,150,86,0.0779170553370938
542,3,10,150,86,0.09883608627417288
543,3,10,150,86,0.028092900764810486
544,3,10,150,86,0.0
545,3,10,150,86,0.1627301445786375
546,3,10,150,86,0.19423009903097527
547,3,10,150,86,0.04528995543568932
548,3,10,150,86,0.1094703038615689
549,3,10,150,86,0.10184659627402569
550,3,10,150,86,0.0845667599404342
551,3,10,150,86,0.2862902572831856
552,3,10,150,86,0.0
553,3,10,150,86,0.15284217773934242
554,3,10,150,86,0.0
555,3,10,150,86,0.037070343480771185
556,3,10,150,86,0.2848749592866812
557,3,10,150,86,0.044530079137671444
558,3,10,150,86,0.21398626473452756
559,3,10,150,86,0.11571122630007512
560,3,10,150,86,0.13657262402833295
561,3,10,150,86,0.1031263638378224
562,3,10,150,86,0.16880427191129663
563,3,10,150,86,0.10791970824616881
564,3,10,150,86,0.0
565,3,10,150,86,0.2016297075493207
566,3,10,150,86,0.11935234359120704
567,3,10,150,86,0.3504555352124596
568,3,10,150,86,0.07161318866452264
569,3,10,150,86,0.023835426911994775
570,3,10,150,86,0.0
571,3,10,150,86,0.0512644431393966
572,3,10,150,86,0.30260241349881345
573,3,10,150,86,0.0
574,3,10,150,86,0.02529922263119915
575,3,10,150,86,0.13043262693172047
576,3,10,150,86,0.0
577,3,10,150,86,0.2017286250978881
578,3,10,150,86,0.0
579,3,10,150,86,0.06152644703210656
580,3,10,150,86,0.03144137376097698
581,3,10,150,86,0.0
582,3,10,150,86,0.06679511870650716
583,3,10,150,86,0.13912814892946682
584,3,10,150,86,0.20261715588288354
585,3,10,150,86,0.042225550968526857
586,3,10,150,86,0.0663945281096953
587,3,10,150,86,0.029230460362194715
588,3,10,150,86,0.2463068701908665
589,3,10,150,86,0.09905100598441088
590,3,10,150,86,0.19997970715667693
591,3,10,150,86,0.08651464973019597
592,3,10,150,86,0.3044185476110774
593,3,10,150,86,0.14271020042879362
594,3,10,150,86,0.0
595,3,10,150,86,0.055965373307784824
596,3,10,150,86,0.15081647728233993
597,3,10,150,86,0.02579743633593384
598,3,10,150,86,0.0
599,3,10,150,86,0.02506539947940475
600,3,10,150,86,0.13574631165894233
601,3,10,150,86,0.14661690295711607
602,3,10,150,86,0.041278922835426404
603,3,10,150,86,0.12541207695631323
604,3,10,150,86,0.0
605,3,10,150,86,0.21970118464532165
606,3,10,150,86,0.314255960407425
607,3,10,150,86,0.0308875359117713
608,3,10,150,86,0.20657435219961784
609,3,10,150,86,0.0
610,3,10,150,86,0.12186625680881258
611,3,10,150,86,0.19680646538945382
612,3,10,150,86,0.09162544430476362
613,3,10,150,86,0.1652462050665711
614,3,10,150,86,0.1467868763787456
615,3,10,150,86,0.17368907358900634
616,3,10,150,86,0.030480958763669998
617,3,10,150,86,0.0539699203856165
618,3,10,150,86,0.12600025080556665
619,3,10,150,86,0.14795344439858116
620,3,10,150,86,0.24239278329353608
621,3,10,150,86,0.10569072181389248
622,3,10,150,86,0.16226113935431313
623,3,10,150,86,0.04214302778527282
624,3,10,150,86,0.03202992305603544
625,3,10,150,86,0.07991575154621842
626,3,10,150,86,0.13034538143571256
627,3,10,150,86,0.11471658297235718
628,3,10,150,86,0.0653273647710817
629,3,10,150,86,0.31822291409126885
630,3,10,150,86,0.10834532177911152
631,3,10,150,86,0.13449792459172438
632,3,10,150,86,0.08348454970562778
633,3,10,150,86,0.050456115328747164
634,3,10,150,86,0.11971011117287562
635,3,10,150,86,0.0
636,3,10,150,86,0.4108031518056064
637,3,10,150,86,0.04188454685690797
638,3,10,150,86,0.05152901435389809
639,3,10,150,86,0.01070448204588216
640,3,10,150,86,0.17467473656235705
641,3,10,150,86,0.051358492238643604
642,3,10,150,86,0.2911377316521967
643,3,10,150,86,0.21368826267102806
644,3,10,150,86,0.023868766231572826
645,3,10,150,86,0.17744101704673967
646,3,10,150,86,0.11243817952384734
647,3,10,150,86,0.06590268968688952
648,3,10,150,86,0.2647946417356855
649,3,10,150,86,0.04336490181597879
650,3,10,150,86,0.11489658723529735
651,3,10,150,86,0.0
652,3,10,150,86,0.0
653,3,10,150,86,0.1594989084710115
654,3,10,150,86,0.05402442095740813
655,3,10,150,86,0.4635671462145867
656,3,10,150,86,0.0
657,3,10,150,86,0.2504953915210566
658,3,10,150,86,0.09988783377897062
659,3,10,150,86,0.09950788532097599
660,3,10,150,86,0.051776699584022604
661,3,10,150,86,0.23687096335281838
662,3,10,150,86,0.0
663,3,10,150,86,0.13556872143140483
664,3,10,150,86,0.2433808724049065
665,3,10,150,86,0.08348757143795874
666,3,10,150,86,0.10167536380215864
667,3,10,150,86,0.1487205698875683
668,3,10,150,86,0.0
669,3,10,150,86,0.2287469684999221
670,3,10,150,86,0.0271437232396382
671,3,10,150,86,0.20598773756155325
672,3,10,150,86,0.07973520350569015
673,3,10,150,86,0.03236977394070781
674,3,10,150,86,0.0
675,3,10,150,86,0.0382580635535654
676,3,10,150,86,0.22358931366364498
677,3,10,150,86,0.10158983531347915
678,3,10,150,86,0.04266316057115777
679,3,10,150,86,0.20531579536501102
680,3,10,150,86,0.022168697248564677
681,3,10,150,86,0.0
682,3,10,150,86,0.21883942463483438
683,3,10,150,86,0.06145073509284006
684,3,10,150,86,0.03158850394477252
685,3,10,150,86,0.20373936192022438
686,3,10,150,86,0.28356904801607674
687,3,10,150,86,0.0
688,3,10,150,86,0.0
689,3,10,150,86,0.429307082657261
690,3,10,150,86,0.24802939400095458
691,3,10,150,86,0.6023709850354425
692,3,10,150,86,0.03353522641880846
693,3,10,150,86,0.04711181933747839
694,3,10,150,86,0.21361709189247302
695,3,10,150,86,0.05816383356143395
696,3,10,150,86,0.08111636357522063
697,3,10,150,86,0.09714962263604267
698,3,10,150,86,0.0
699,3,10,150,86,0.06266837015218314
700,3,10,150,86,0.0
701,3,10,150,86,0.12271508523586225
702,3,10,150,86,0.0
703,3,10,150,86,0.21888235022994418
704,3,10,150,86,0.24598285660901478
705,3,10,150,86,0.29964721753496854
706,3,10,150,86,0.03481402556224447
707,3,10,150,86,0.2489142171048856
708,3,10,150,86,0.03476299583640518
709,3,10,150,86,0.16604950811619162
710,3,10,150,86,0.25040922491354684
711,3,10,150,86,0.19019589140904572
712,3,10,150,86,0.0709301463537875
713,3,10,150,86,0.0
714,3,10,150,86,0.1266607864485773
715,3,10,150,86,0.16860516623933322
716,3,10,150,86,0.26538247526864417
717,3,10,150,86,0.15218028545758808
718,3,10,150,86,0.0
719,3,10,150,86,0.10353175087921149
720,3,10,150,86,0.05925736915373658
721,3,10,150,86,0.1455859351928039
722,3,10,150,86,0.07401896317743158
723,3,10,150,86,0.0
724,3,10,150,86,0.0
725,3,10,150,86,0.04733244938590725
726,3,10,150,86,0.10841847307700177
727,3,10,150,86,0.0684296858509028
728,3,10,150,86,0.0
729,3,10,150,86,0.046534861017850544
730,3,10,150,86,0.0
731,3,10,150,86,0.2313771176155589
732,3,10,150,86,0.05717828980196049
733,3,10,150,86,0.020730875129846955
734,3,10,150,86,0.08131766139183766
735,3,10,150,86,0.12905232756659873
736,3,10,150,86,0.047009109882897075
737,3,10,150,86,0.12127716502890909
738,3,10,150,86,0.09907057054543131
739,3,10,150,86,0.18767092572990207
740,3,10,150,86,0.0523780734795101
741,3,10,150,86,0.09620963094643388
742,3,10,150,86,0.0527075128660253
743,3,10,150,86,0.1194783875505714
744,3,10,150,86,0.0
745,3,10,150,86,0.06774344219296054
746,3,10,150,86,0.24124954544361757
747,3,10,150,86,0.20395060901728546
748,3,10,150,86,0.04132344798443041
749,3,10,150,86,0.2668813800697614
750,3,10,150,86,0.20954227812062592
751,3,10,150,86,0.06407706415564705
752,3,10,150,86,0.08155432360208091
753,3,10,150,86,0.09985462455958868
754,3,10,150,86,0.0
755,3,10,150,86,0.0
756,3,10,150,86,0.044143057780823704
757,3,10,150,86,0.18464075722796058
758,3,10,150,86,0.24926292503997607
759,3,10,150,86,0.04828669550714567
760,3,10,150,86,0.16006374561654185
761,3,10,150,86,0.17663858756688974
762,3,10,150,86,0.0
763,3,10,150,86,0.15021194072867564
764,3,10,150,86,0.04710969775183564
765,3,10,150,86,0.0966785411876802
766,3,10,150,86,0.035191004809260996
767,3,10,150,86,0.1269544353559099
768,3,10,150,86,0.09997171219938322
769,3,10,150,86,0.0
770,3,10,150,86,0.207274302223422
771,3,10,150,86,0.07363642524234874
772,3,10,150,86,0.038996699933076286
773,3,10,150,86,0.15659560794124947
774,3,10,150,86,0.0
775,3,10,150,86,0.030476433003922082
776,3,10,150,86,0.04721006604760436
777,3,10,150,86,0.0
778,3,10,150,86,0.08961728720334347
779,3,10,150,86,0.0
780,3,10,150,86,0.19393055855404154
781,3,10,150,86,0.16573484494600602
782,3,10,150,86,0.011135550403378058
783,3,10,150,86,0.07763399617214947
784,3,10,150,86,0.04582425041433568
785,3,10,150,86,0.2848262604068979
786,3,10,150,86,0.13901223847985233
787,3,10,150,86,0.0
788,3,10,150,86,0.046626370288649896
789,3,10,150,86,0.14531023848228133
790,3,10,150,86,0.08452117092278105
791,3,10,150,86,0.059480024314918285
792,3,10,150,86,0.0946587791577201
793,3,10,150,86,0.11843263243420837
794,3,10,150,86,0.1578863001786244
795,3,10,150,86,0.10325242280712206
796,3,10,150,86,0.1145275641223123
797,3,10,150,86,0.13905617951077562
798,3,10,150,86,0.02688415331260267
799,3,10,150,86,0.2836929289153804
800,3,10,150,86,0.0
801,3,10,150,86,0.0
802,3,10,150,86,0.05621908976192367
803,3,10,150,86,0.0
804,3,10,150,86,0.20994146470018396
805,3,10,150,86,0.15771169694749937
806,3,10,150,86,0.10606704841588428
807,3,10,150,86,0.22931014490903673
808,3,10,150,86,0.09905728133858463
809,3,10,150,86,0.0
810,3,10,150,86,0.0
811,3,10,150,86,0.1162989546852336
812,3,10,150,86,0.11600766930798434
813,3,10,150,86,0.06916902856231065
814,3,10,150,86,0.054181637470214
815,3,10,150,86,0.10380674919178415
816,3,10,150,86,0.10105367325027378
817,3,10,150,86,0.0
818,3,10,150,86,0.05187864210776578
819,3,10,150,86,0.0
820,3,10,150,86,0.12262943855309168
821,3,10,150,86,0.18684232150964158
822,3,10,150,86,0.0
823,3,10,150,86,0.14011732711290795
824,3,10,150,86,0.0
825,3,10,150,86,0.16434089815347858
826,3,10,150,86,0.1395338307503347
827,3,10,150,86,0.0
828,3,10,150,86,0.0
829,3,10,150,86,0.08143169212679746
830,3,10,150,86,0.15298484663625925
831,3,10,150,86,0.0800524392169327
832,3,10,150,86,0.06248152673860667
833,3,10,150,86,0.05828935682373833
834,3,10,150,86,0.07861963928254918
835,3,10,150,86,0.131093662595089
836,3,10,150,86,0.05097554749895306
837,3,10,150,86,0.05351287869030783
838,3,10,150,86,0.08633629724227374
839,3,10,150,86,0.0
840,3,10,150,86,0.1518245759629103
841,3,10,150,86,0.0
842,3,10,150,86,0.0
843,3,10,150,86,0.04209275315645388
844,3,10,150,86,0.0
845,3,10,150,86,0.06531065216760332
846,3,10,150,86,0.16592059617503505
847,3,10,150,86,0.0
848,3,10,150,86,0.09796419403030648
849,3,10,150,86,0.15023650744503608
850,3,10,150,86,0.06228974831361337
851,3,10,150,86,0.2277008805972924
852,3,10,150,86,0.07256783117062009
853,3,10,150,86,0.0
854,3,10,150,86,0.0
855,3,10,150,86,0.0
856,3,10,150,86,0.0
857,3,10,150,86,0.0
858,3,10,150,86,0.0
859,3,10,150,86,0.0
860,3,10,150,86,0.0
861,3,10,150,86,0.12754356661958802
862,3,10,150,86,0.18279787522069124
863,3,10,150,86,0.0
864,3,10,150,86,0.19756506460263396
865,3,10,150,86,0.0
866,3,10,150,86,0.0
867,3,10,150,86,0.18752183128814004
868,3,10,150,86,0.0
870,3,10,150,86,0.0
871,3,10,150,86,0.0
872,3,10,150,86,0.0
875,3,10,150,86,0.1395953738647505
876,3,10,150,86,0.0
877,3,10,150,86,0.0
1,3,10,150,87,0.6247579375131872
2,3,10,150,87,0.10688238502350729
3,3,10,150,87,0.0
4,3,10,150,87,0.0
5,3,10,150,87,0.0819283960923954
6,3,10,150,87,0.05340978172012693
7,3,10,150,87,0.20305527746535623
8,3,10,150,87,0.1900735845235601
9,3,10,150,87,0.0
10,3,10,150,87,0.16409920264511527
11,3,10,150,87,0.049016076581777215
12,3,10,150,87,0.13570688190090627
13,3,10,150,87,0.20107128321967652
14,3,10,150,87,0.14623893181570033
15,3,10,150,87,0.0
16,3,10,150,87,0.2571810388985906
17,3,10,150,87,0.12066394366711926
18,3,10,150,87,0.18606782959057458
19,3,10,150,87,0.0
20,3,10,150,87,0.19780725085993958
21,3,10,150,87,0.05824963961462511
22,3,10,150,87,0.1468275080577048
23,3,10,150,87,0.18360000301566626
24,3,10,150,87,0.311062094929455
25,3,10,150,87,0.0
26,3,10,150,87,0.030421795212869307
28,3,10,150,87,0.0
29,3,10,150,87,0.0
30,3,10,150,87,0.0979129253499678
31,3,10,150,87,0.06076546216996844
32,3,10,150,87,0.0
33,3,10,150,87,0.0
34,3,10,150,87,0.0
35,3,10,150,87,0.07108348368841133
37,3,10,150,87,0.08836851842055818
38,3,10,150,87,0.03215366848272267
39,3,10,150,87,0.0
40,3,10,150,87,0.0769181994946132
41,3,10,150,87,0.0
42,3,10,150,87,0.14144963799422255
43,3,10,150,87,0.268915965453296
44,3,10,150,87,0.07698159974258616
45,3,10,150,87,0.04505000432618384
46,3,10,150,87,0.2524329124868603
47,3,10,150,87,0.0
48,3,10,150,87,0.191300388285999
49,3,10,150,87,0.08545966314334597
50,3,10,150,87,0.0
51,3,10,150,87,0.18953836965473142
52,3,10,150,87,0.04892579731758021
53,3,10,150,87,0.09546043308946733
54,3,10,150,87,0.07984133538066794
55,3,10,150,87,0.0
56,3,10,150,87,0.03975645576081676
57,3,10,150,87,0.07600688094360178
58,3,10,150,87,0.12811608865176474
59,3,10,150,87,0.20601184217250942
60,3,10,150,87,0.12123807080432077
61,3,10,150,87,0.0
62,3,10,150,87,0.056765939954965754
63,3,10,150,87,0.03554915059547175
64,3,10,150,87,0.0
65,3,10,150,87,0.2994759515353249
66,3,10,150,87,0.0
67,3,10,150,87,0.0
68,3,10,150,87,0.0
69,3,10,150,87,0.18013245110732332
70,3,10,150,87,0.04310441109649134
71,3,10,150,87,0.1434649426280276
72,3,10,150,87,0.16084022171949366
73,3,10,150,87,0.051960280791503534
74,3,10,150,87,0.0
75,3,10,150,87,0.11731968150568911
76,3,10,150,87,0.14804398249667974
77,3,10,150,87,0.45287742747371695
78,3,10,150,87,0.0
79,3,10,150,87,0.0
80,3,10,150,87,0.08297572808511901
81,3,10,150,87,0.0
82,3,10,150,87,0.10812418485305166
83,3,10,150,87,0.04630610387058298
84,3,10,150,87,0.0
85,3,10,150,87,0.06966660916502733
86,3,10,150,87,0.07738888769495082
87,3,10,150,87,0.10058161863664324
88,3,10,150,87,0.0
89,3,10,150,87,0.22860031301980846
90,3,10,150,87,0.2386569480666451
91,3,10,150,87,0.13114221140465185
92,3,10,150,87,0.07060524915744207
93,3,10,150,87,0.0
94,3,10,150,87,0.19025030646477453
95,3,10,150,87,0.07964436720215591
96,3,10,150,87,0.19186450284072096
97,3,10,150,87,0.2014791632565736
98,3,10,150,87,0.08878770367712427
99,3,10,150,87,0.029785542524894418
100,3,10,150,87,0.0892789338684584
101,3,10,150,87,0.0
102,3,10,150,87,0.026001814664123827
103,3,10,150,87,0.07673373981757839
104,3,10,150,87,0.12171451575741458
106,3,10,150,87,0.05261577455142312
107,3,10,150,87,0.0
108,3,10,150,87,0.0
109,3,10,150,87,0.12702438124116902
110,3,10,150,87,0.08694931131842866
111,3,10,150,87,0.0
112,3,10,150,87,0.06510475888148554
113,3,10,150,87,0.05449144662575446
114,3,10,150,87,0.07610811271330754
115,3,10,150,87,0.07491639684062663
116,3,10,150,87,0.07814915695077672
117,3,10,150,87,0.10135360124281675
118,3,10,150,87,0.0
119,3,10,150,87,0.10939494924525293
121,3,10,150,87,0.06245141164382474
122,3,10,150,87,0.07625852881342107
123,3,10,150,87,0.46927872602275644
124,3,10,150,87,0.10889376106823218
125,3,10,150,87,0.1758278598077621
126,3,10,150,87,0.0
127,3,10,150,87,0.0
128,3,10,150,87,0.047777554739453616
129,3,10,150,87,0.0
130,3,10,150,87,0.11207058154636457
131,3,10,150,87,0.2803335894048546
132,3,10,150,87,0.1431991570830273
133,3,10,150,87,0.0
134,3,10,150,87,0.0
135,3,10,150,87,0.0
136,3,10,150,87,0.40257390286801836
137,3,10,150,87,0.0
138,3,10,150,87,0.21222747957761057
139,3,10,150,87,0.0
140,3,10,150,87,0.0
141,3,10,150,87,0.20239191246999313
142,3,10,150,87,0.30260241349881345
143,3,10,150,87,0.0
144,3,10,150,87,0.2143720535700613
145,3,10,150,87,0.11867414778420507
146,3,10,150,87,0.0
147,3,10,150,87,0.07610811271330754
148,3,10,150,87,0.13364524093464059
149,3,10,150,87,0.05446824630887794
150,3,10,150,87,0.0
151,3,10,150,87,0.16194309002265503
152,3,10,150,87,0.09176715715471626
153,3,10,150,87,0.06516188295518531
154,3,10,150,87,0.055100238151135045
155,3,10,150,87,0.0
156,3,10,150,87,0.07028063830038406
157,3,10,150,87,0.05840183867278569
158,3,10,150,87,0.07413972351842125
159,3,10,150,87,0.11026617795298452
160,3,10,150,87,0.08815843064600337
161,3,10,150,87,0.0
162,3,10,150,87,0.0
163,3,10,150,87,0.0
164,3,10,150,87,0.0
165,3,10,150,87,0.09149012142095872
166,3,10,150,87,0.09726657973356154
167,3,10,150,87,0.03395822402998728
168,3,10,150,87,0.07914143116928869
169,3,10,150,87,0.055427457405235275
170,3,10,150,87,0.0
171,3,10,150,87,0.0
172,3,10,150,87,0.0
173,3,10,150,87,0.07286904346643797
174,3,10,150,87,0.09877498173459962
175,3,10,150,87,0.4413254197204702
176,3,10,150,87,0.06153137845972642
177,3,10,150,87,0.0
178,3,10,150,87,0.18053947820976404
179,3,10,150,87,0.06599888514927177
180,3,10,150,87,0.0
181,3,10,150,87,0.04622579729077891
182,3,10,150,87,0.13120507751234178
183,3,10,150,87,0.0
184,3,10,150,87,0.016355592358211265
185,3,10,150,87,0.0
186,3,10,150,87,0.0
187,3,10,150,87,0.2004102107997965
188,3,10,150,87,0.050562513489816586
189,3,10,150,87,0.22982757951573698
190,3,10,150,87,0.0
191,3,10,150,87,0.07335312372354855
192,3,10,150,87,0.0
193,3,10,150,87,0.04024288246957146
194,3,10,150,87,0.0860257611411915
195,3,10,150,87,0.10257737475069033
196,3,10,150,87,0.17342765698823945
197,3,10,150,87,0.07304192939088519
198,3,10,150,87,0.10387325901274824
199,3,10,150,87,0.052106753859569234
200,3,10,150,87,0.0971420957831845
201,3,10,150,87,0.2879312869726593
202,3,10,150,87,0.0
203,3,10,150,87,0.0
204,3,10,150,87,0.0
205,3,10,150,87,0.11600766930798434
206,3,10,150,87,0.0
207,3,10,150,87,0.17590647434842874
208,3,10,150,87,0.0
209,3,10,150,87,0.070675417981692
210,3,10,150,87,0.0
211,3,10,150,87,0.0
212,3,10,150,87,0.0559167101555819
213,3,10,150,87,0.08985507164305877
214,3,10,150,87,0.1257260924843343
215,3,10,150,87,0.157288596461893
216,3,10,150,87,0.27735230728218535
217,3,10,150,87,0.13000004444613666
218,3,10,150,87,0.06323567569191428
219,3,10,150,87,0.0
220,3,10,150,87,0.07807600999842033
221,3,10,150,87,0.12213234467515617
222,3,10,150,87,0.16053518617112608
223,3,10,150,87,0.039270700903099615
224,3,10,150,87,0.05211803804128038
225,3,10,150,87,0.09311209812195972
226,3,10,150,87,0.0
227,3,10,150,87,0.0
229,3,10,150,87,0.0
230,3,10,150,87,0.1697995249867118
231,3,10,150,87,0.0
232,3,10,150,87,0.0
233,3,10,150,87,0.20123780419810608
234,3,10,150,87,0.17614493215911856
235,3,10,150,87,0.11418024069273867
236,3,10,150,87,0.12127042983235181
237,3,10,150,87,0.04776398023609584
238,3,10,150,87,0.0
239,3,10,150,87,0.16698248640342034
240,3,10,150,87,0.10235170428306553
241,3,10,150,87,0.1381300260171807
242,3,10,150,87,0.0
243,3,10,150,87,0.0
244,3,10,150,87,0.15017336350566032
245,3,10,150,87,0.0
246,3,10,150,87,0.08356426880363813
247,3,10,150,87,0.15642624200758548
248,3,10,150,87,0.23451355966072135
249,3,10,150,87,0.3296200475575061
250,3,10,150,87,0.07806699296748765
251,3,10,150,87,0.0
252,3,10,150,87,0.07630862162354303
253,3,10,150,87,0.038220360097248454
254,3,10,150,87,0.036502603141236205
255,3,10,150,87,0.10933464083642679
256,3,10,150,87,0.0681239071992697
257,3,10,150,87,0.12830873359117523
258,3,10,150,87,0.16260831227163416
259,3,10,150,87,0.0
260,3,10,150,87,0.0
261,3,10,150,87,0.0
262,3,10,150,87,0.0
263,3,10,150,87,0.36030713075223775
264,3,10,150,87,0.3852510465367394
265,3,10,150,87,0.19802572813668026
266,3,10,150,87,0.0
267,3,10,150,87,0.22898927482035836
268,3,10,150,87,0.13205327054715665
269,3,10,150,87,0.040019695500760184
270,3,10,150,87,0.049915567102790354
271,3,10,150,87,0.10729393508609222
272,3,10,150,87,0.10457492829503848
273,3,10,150,87,0.0
274,3,10,150,87,0.05380266522938521
275,3,10,150,87,0.0
276,3,10,150,87,0.16683394348006692
277,3,10,150,87,0.0
278,3,10,150,87,0.0
279,3,10,150,87,0.12980652062863637
280,3,10,150,87,0.0882348794193481
281,3,10,150,87,0.0
282,3,10,150,87,0.09659953929285248
283,3,10,150,87,0.0
284,3,10,150,87,0.0
285,3,10,150,87,0.0
286,3,10,150,87,0.016140534521312585
287,3,10,150,87,0.0
288,3,10,150,87,0.13999259891013252
289,3,10,150,87,0.0
290,3,10,150,87,0.09647783930421741
291,3,10,150,87,0.18968772725883148
292,3,10,150,87,0.27665227928348557
293,3,10,150,87,0.16099877562659232
294,3,10,150,87,0.09628038570550856
295,3,10,150,87,0.15956840344924803
296,3,10,150,87,0.15701688667375013
297,3,10,150,87,0.030868393892711742
298,3,10,150,87,0.13814728270261697
299,3,10,150,87,0.11907758240887951
300,3,10,150,87,0.0
301,3,10,150,87,0.1296575124303738
302,3,10,150,87,0.07335312372354855
303,3,10,150,87,0.17978154785217412
304,3,10,150,87,0.0
305,3,10,150,87,0.05428021340641747
306,3,10,150,87,0.0
307,3,10,150,87,0.13128644747266613
308,3,10,150,87,0.05707430901002984
309,3,10,150,87,0.0
310,3,10,150,87,0.2890648263178879
311,3,10,150,87,0.17512035582237062
312,3,10,150,87,0.16963857451199318
313,3,10,150,87,0.09586943528179451
314,3,10,150,87,0.10507089418815024
315,3,10,150,87,0.09785159463516042
316,3,10,150,87,0.06076546216996844
317,3,10,150,87,0.0
318,3,10,150,87,0.07377376675297492
319,3,10,150,87,0.0
320,3,10,150,87,0.08947300054212491
321,3,10,150,87,0.08223795175588802
322,3,10,150,87,0.07955752067133452
323,3,10,150,87,0.12229181918924699
324,3,10,150,87,0.0
325,3,10,150,87,0.0
326,3,10,150,87,0.10817904857938596
327,3,10,150,87,0.030659110745645198
328,3,10,150,87,0.1253761246808089
329,3,10,150,87,0.056720838976548935
330,3,10,150,87,0.33051067716070737
331,3,10,150,87,0.0
332,3,10,150,87,0.1160620536137697
333,3,10,150,87,0.0
334,3,10,150,87,0.1576550335359013
335,3,10,150,87,0.0
336,3,10,150,87,0.0
337,3,10,150,87,0.2325689761571779
338,3,10,150,87,0.08388555279643939
339,3,10,150,87,0.2035626803416359
340,3,10,150,87,0.16593574125923852
341,3,10,150,87,0.0
342,3,10,150,87,0.15381739323016694
343,3,10,150,87,0.3675257435678538
344,3,10,150,87,0.13804010954782428
345,3,10,150,87,0.14462655322572632
346,3,10,150,87,0.1264086027263655
347,3,10,150,87,0.11419934147174059
348,3,10,150,87,0.0
349,3,10,150,87,0.07123530534387781
350,3,10,150,87,0.2618835547498317
351,3,10,150,87,0.10570747126847255
352,3,10,150,87,0.16282653392890226
353,3,10,150,87,0.09489642549953911
354,3,10,150,87,0.048823562593396645
355,3,10,150,87,0.05122871476979503
356,3,10,150,87,0.0
357,3,10,150,87,0.03371865946438579
358,3,10,150,87,0.26730206653594746
359,3,10,150,87,0.14341929980357182
360,3,10,150,87,0.1559806047717434
361,3,10,150,87,0.0
362,3,10,150,87,0.0
363,3,10,150,87,0.1867805234163032
364,3,10,150,87,0.0
365,3,10,150,87,0.0989084497079971
366,3,10,150,87,0.1800581708881336
367,3,10,150,87,0.1410054764628891
368,3,10,150,87,0.0
369,3,10,150,87,0.0
370,3,10,150,87,0.045683428159663184
371,3,10,150,87,0.174231549865924
372,3,10,150,87,0.13528214995015655
373,3,10,150,87,0.18128610071101886
374,3,10,150,87,0.1523273086076386
375,3,10,150,87,0.0
376,3,10,150,87,0.0
377,3,10,150,87,0.053168340515114924
378,3,10,150,87,0.06290541370913372
379,3,10,150,87,0.1814915701185313
380,3,10,150,87,0.0
381,3,10,150,87,0.10528437187206623
382,3,10,150,87,0.13500098315004241
383,3,10,150,87,0.06801459236612908
384,3,10,150,87,0.08759200575528697
385,3,10,150,87,0.1546778125427113
386,3,10,150,87,0.0
387,3,10,150,87,0.03814967334348895
388,3,10,150,87,0.029785542524894418
389,3,10,150,87,0.1436557902546879
390,3,10,150,87,0.3221940057104188
391,3,10,150,87,0.298074760835303
392,3,10,150,87,0.10835852340243231
393,3,10,150,87,0.1901132034897212
394,3,10,150,87,0.15290238277303939
395,3,10,150,87,0.15727036710905312
396,3,10,150,87,0.0
397,3,10,150,87,0.12905531436930254
398,3,10,150,87,0.12204637821038242
399,3,10,150,87,0.05509887073092855
400,3,10,150,87,0.0
401,3,10,150,87,0.0
402,3,10,150,87,0.469779625693621
403,3,10,150,87,0.02818923206968657
404,3,10,150,87,0.0
405,3,10,150,87,0.20299153616961754
406,3,10,150,87,0.1428233347987388
407,3,10,150,87,0.12266517976117776
408,3,10,150,87,0.12083071655728543
409,3,10,150,87,0.15086419336317547
410,3,10,150,87,0.0
411,3,10,150,87,0.1128999930808451
412,3,10,150,87,0.0
413,3,10,150,87,0.10122860821230018
414,3,10,150,87,0.0
415,3,10,150,87,0.07605458145297357
416,3,10,150,87,0.2805290732689281
417,3,10,150,87,0.05712516951520643
418,3,10,150,87,0.07001560573318603
419,3,10,150,87,0.26168079122473237
420,3,10,150,87,0.0527075128660253
421,3,10,150,87,0.202729931306865
422,3,10,150,87,0.0
423,3,10,150,87,0.0
424,3,10,150,87,0.13291000263869587
425,3,10,150,87,0.05878916146070452
426,3,10,150,87,0.10004388309532918
427,3,10,150,87,0.0
428,3,10,150,87,0.0
429,3,10,150,87,0.14359397362812445
430,3,10,150,87,0.062242588308449316
431,3,10,150,87,0.0
432,3,10,150,87,0.05253723007572906
433,3,10,150,87,0.0
434,3,10,150,87,0.2870958118344385
435,3,10,150,87,0.18753015357981984
436,3,10,150,87,0.09291494561763272
437,3,10,150,87,0.07387863190475343
438,3,10,150,87,0.0
439,3,10,150,87,0.0
440,3,10,150,87,0.10025741859697787
441,3,10,150,87,0.0615755971851825
442,3,10,150,87,0.11394352936417514
443,3,10,150,87,0.056720838976548935
444,3,10,150,87,0.19519002499605084
445,3,10,150,87,0.0
446,3,10,150,87,0.0
447,3,10,150,87,0.09914294517496557
448,3,10,150,87,0.0
449,3,10,150,87,0.0
450,3,10,150,87,0.3046771072769475
451,3,10,150,87,0.0
452,3,10,150,87,0.048188247044562364
453,3,10,150,87,0.16507761899470932
454,3,10,150,87,0.035160779103472525
455,3,10,150,87,0.2661843413361918
456,3,10,150,87,0.20286127521652125
457,3,10,150,87,0.36238463914482993
458,3,10,150,87,0.12059750656999586
459,3,10,150,87,0.04901586605894737
460,3,10,150,87,0.0
461,3,10,150,87,0.10778915452451093
462,3,10,150,87,0.16728714615527887
463,3,10,150,87,0.1032589365938857
464,3,10,150,87,0.091470579054696
465,3,10,150,87,0.0733934381893728
466,3,10,150,87,0.0750834162528243
467,3,10,150,87,0.032842167909375275
468,3,10,150,87,0.4424763580282471
469,3,10,150,87,0.08625887094910875
470,3,10,150,87,0.040162930685297936
471,3,10,150,87,0.039360765922782585
472,3,10,150,87,0.26989864785316925
473,3,10,150,87,0.08903377327702097
474,3,10,150,87,0.3335287270531716
475,3,10,150,87,0.0
476,3,10,150,87,0.12097589732794561
477,3,10,150,87,0.0
478,3,10,150,87,0.2059565668593519
479,3,10,150,87,0.07893633843817272
480,3,10,150,87,0.0881980292211471
481,3,10,150,87,0.05234104579082298
482,3,10,150,87,0.15905893746943514
483,3,10,150,87,0.06194403202282284
484,3,10,150,87,0.33809266656634696
485,3,10,150,87,0.0
486,3,10,150,87,0.06108300840136219
487,3,10,150,87,0.10060724527338907
488,3,10,150,87,0.05887472794707303
489,3,10,150,87,0.0720742512422087
490,3,10,150,87,0.06490403551612171
491,3,10,150,87,0.17758207479178334
492,3,10,150,87,0.12925417913024104
493,3,10,150,87,0.26530843853655434
494,3,10,150,87,0.19527970003833198
495,3,10,150,87,0.1637144854966556
496,3,10,150,87,0.07271211160102074
497,3,10,150,87,0.10121090134321312
498,3,10,150,87,0.0343217267714905
499,3,10,150,87,0.20764510654310397
500,3,10,150,87,0.04698773570888995
501,3,10,150,87,0.0
502,3,10,150,87,0.03272632263321488
503,3,10,150,87,0.2768332968914173
504,3,10,150,87,0.09794337990609951
505,3,10,150,87,0.025255271126572616
506,3,10,150,87,0.16119309772585624
507,3,10,150,87,0.02579743633593384
508,3,10,150,87,0.23234007015870473
509,3,10,150,87,0.0
510,3,10,150,87,0.17032928501352598
511,3,10,150,87,0.12155021559723776
512,3,10,150,87,0.0
513,3,10,150,87,0.09761131800342168
514,3,10,150,87,0.20202473045271674
515,3,10,150,87,0.0
516,3,10,150,87,0.07947838320659593
517,3,10,150,87,0.03859643636257609
518,3,10,150,87,0.05268083714989503
519,3,10,150,87,0.06666229075440745
520,3,10,150,87,0.0
521,3,10,150,87,0.07649261318048692
522,3,10,150,87,0.2035192592417533
523,3,10,150,87,0.18941913248920814
524,3,10,150,87,0.04717211274222727
525,3,10,150,87,0.06516045994396072
526,3,10,150,87,0.052528565413809895
527,3,10,150,87,0.21068702285875093
528,3,10,150,87,0.1255942414278791
529,3,10,150,87,0.03208343640786788
530,3,10,150,87,0.0
531,3,10,150,87,0.0
532,3,10,150,87,0.20000931548847464
533,3,10,150,87,0.1687884443826478
534,3,10,150,87,0.10040759964046686
535,3,10,150,87,0.26295140635259745
536,3,10,150,87,0.19370572859880655
537,3,10,150,87,0.43797197980102615
538,3,10,150,87,0.09944592215223559
539,3,10,150,87,0.09159470869501925
540,3,10,150,87,0.0
541,3,10,150,87,0.0779170553370938
542,3,10,150,87,0.09883608627417288
543,3,10,150,87,0.037245850295261944
544,3,10,150,87,0.0
545,3,10,150,87,0.1627301445786375
546,3,10,150,87,0.19423009903097527
547,3,10,150,87,0.04528995543568932
548,3,10,150,87,0.1213123075697255
549,3,10,150,87,0.10184659627402569
550,3,10,150,87,0.0845667599404342
551,3,10,150,87,0.2839525694224539
552,3,10,150,87,0.0
553,3,10,150,87,0.15284217773934242
554,3,10,150,87,0.0
555,3,10,150,87,0.037070343480771185
556,3,10,150,87,0.2848749592866812
557,3,10,150,87,0.044530079137671444
558,3,10,150,87,0.21398626473452756
559,3,10,150,87,0.11571122630007512
560,3,10,150,87,0.13657262402833295
561,3,10,150,87,0.11044973778621589
562,3,10,150,87,0.16880427191129663
563,3,10,150,87,0.10791970824616881
564,3,10,150,87,0.0
565,3,10,150,87,0.2016297075493207
566,3,10,150,87,0.11935234359120704
567,3,10,150,87,0.3504555352124596
568,3,10,150,87,0.07161318866452264
569,3,10,150,87,0.023835426911994775
570,3,10,150,87,0.0
571,3,10,150,87,0.0512644431393966
572,3,10,150,87,0.30260241349881345
573,3,10,150,87,0.0
574,3,10,150,87,0.02529922263119915
575,3,10,150,87,0.13043262693172047
576,3,10,150,87,0.0
577,3,10,150,87,0.2017286250978881
578,3,10,150,87,0.0
579,3,10,150,87,0.06152644703210656
580,3,10,150,87,0.03144137376097698
581,3,10,150,87,0.0
582,3,10,150,87,0.06679511870650716
583,3,10,150,87,0.13912814892946682
584,3,10,150,87,0.20261715588288354
585,3,10,150,87,0.042225550968526857
586,3,10,150,87,0.0663945281096953
587,3,10,150,87,0.029230460362194715
588,3,10,150,87,0.24429566454969634
589,3,10,150,87,0.09905100598441088
590,3,10,150,87,0.19997970715667693
591,3,10,150,87,0.08651464973019597
592,3,10,150,87,0.3019328341603816
593,3,10,150,87,0.14271020042879362
594,3,10,150,87,0.0
595,3,10,150,87,0.055965373307784824
596,3,10,150,87,0.15081647728233993
597,3,10,150,87,0.02579743633593384
598,3,10,150,87,0.0
599,3,10,150,87,0.02506539947940475
600,3,10,150,87,0.13574631165894233
601,3,10,150,87,0.14661690295711607
602,3,10,150,87,0.041278922835426404
603,3,10,150,87,0.12541207695631323
604,3,10,150,87,0.0
605,3,10,150,87,0.21970118464532165
606,3,10,150,87,0.3116899200860447
607,3,10,150,87,0.0308875359117713
608,3,10,150,87,0.20657435219961784
609,3,10,150,87,0.0
610,3,10,150,87,0.12186625680881258
611,3,10,150,87,0.19680646538945382
612,3,10,150,87,0.09162544430476362
613,3,10,150,87,0.1652462050665711
614,3,10,150,87,0.1467868763787456
615,3,10,150,87,0.18894939135123942
616,3,10,150,87,0.030480958763669998
617,3,10,150,87,0.0539699203856165
618,3,10,150,87,0.13437128499593054
619,3,10,150,87,0.14795344439858116
620,3,10,150,87,0.24239278329353608
621,3,10,150,87,0.10569072181389248
622,3,10,150,87,0.16226113935431313
623,3,10,150,87,0.04214302778527282
624,3,10,150,87,0.03202992305603544
625,3,10,150,87,0.07991575154621842
626,3,10,150,87,0.13034538143571256
627,3,10,150,87,0.11471658297235718
628,3,10,150,87,0.0653273647710817
629,3,10,150,87,0.31822291409126885
630,3,10,150,87,0.10834532177911152
631,3,10,150,87,0.13449792459172438
632,3,10,150,87,0.08348454970562778
633,3,10,150,87,0.050456115328747164
634,3,10,150,87,0.11971011117287562
635,3,10,150,87,0.0
636,3,10,150,87,0.4108031518056064
637,3,10,150,87,0.04188454685690797
638,3,10,150,87,0.05152901435389809
639,3,10,150,87,0.01070448204588216
640,3,10,150,87,0.17467473656235705
641,3,10,150,87,0.051358492238643604
642,3,10,150,87,0.28876046199746624
643,3,10,150,87,0.21368826267102806
644,3,10,150,87,0.023868766231572826
645,3,10,150,87,0.17744101704673967
646,3,10,150,87,0.11243817952384734
647,3,10,150,87,0.06590268968688952
648,3,10,150,87,0.2626324751798044
649,3,10,150,87,0.04336490181597879
650,3,10,150,87,0.12212385205089851
651,3,10,150,87,0.0
652,3,10,150,87,0.0
653,3,10,150,87,0.16636197540610273
654,3,10,150,87,0.05402442095740813
655,3,10,150,87,0.46794736013556326
656,3,10,150,87,0.0
657,3,10,150,87,0.2504953915210566
658,3,10,150,87,0.09988783377897062
659,3,10,150,87,0.09950788532097599
660,3,10,150,87,0.051353919698898555
661,3,10,150,87,0.23687096335281838
662,3,10,150,87,0.0
663,3,10,150,87,0.13556872143140483
664,3,10,150,87,0.2433808724049065
665,3,10,150,87,0.08348757143795874
666,3,10,150,87,0.10084513902974987
667,3,10,150,87,0.1487205698875683
668,3,10,150,87,0.0
669,3,10,150,87,0.2287469684999221
670,3,10,150,87,0.0271437232396382
671,3,10,150,87,0.20598773756155325
672,3,10,150,87,0.07973520350569015
673,3,10,150,87,0.03236977394070781
674,3,10,150,87,0.0
675,3,10,150,87,0.0382580635535654
676,3,10,150,87,0.22358931366364498
677,3,10,150,87,0.10158983531347915
678,3,10,150,87,0.04266316057115777
679,3,10,150,87,0.20531579536501102
680,3,10,150,87,0.022168697248564677
681,3,10,150,87,0.0
682,3,10,150,87,0.2170525029586548
683,3,10,150,87,0.07764480235351567
684,3,10,150,87,0.03158850394477252
685,3,10,150,87,0.20373936192022438
686,3,10,150,87,0.28356904801607674
687,3,10,150,87,0.0
688,3,10,150,87,0.0
689,3,10,150,87,0.429307082657261
690,3,10,150,87,0.24802939400095458
691,3,10,150,87,0.6023709850354425
692,3,10,150,87,0.03353522641880846
693,3,10,150,87,0.04711181933747839
694,3,10,150,87,0.21361709189247302
695,3,10,150,87,0.05816383356143395
696,3,10,150,87,0.08111636357522063
697,3,10,150,87,0.11087840672502129
698,3,10,150,87,0.0
699,3,10,150,87,0.06266837015218314
700,3,10,150,87,0.0
701,3,10,150,87,0.12271508523586225
702,3,10,150,87,0.0
703,3,10,150,87,0.21888235022994418
704,3,10,150,87,0.24598285660901478
705,3,10,150,87,0.29964721753496854
706,3,10,150,87,0.03481402556224447
707,3,10,150,87,0.24688172131124062
708,3,10,150,87,0.03476299583640518
709,3,10,150,87,0.16604950811619162
710,3,10,150,87,0.25040922491354684
711,3,10,150,87,0.19019589140904572
712,3,10,150,87,0.0709301463537875
713,3,10,150,87,0.0
714,3,10,150,87,0.1266607864485773
715,3,10,150,87,0.16860516623933322
716,3,10,150,87,0.2713809555737092
717,3,10,150,87,0.15218028545758808
718,3,10,150,87,0.0
719,3,10,150,87,0.10353175087921149
720,3,10,150,87,0.05925736915373658
721,3,10,150,87,0.1455859351928039
722,3,10,150,87,0.07401896317743158
723,3,10,150,87,0.0
724,3,10,150,87,0.0
725,3,10,150,87,0.04733244938590725
726,3,10,150,87,0.10841847307700177
727,3,10,150,87,0.06787092689261556
728,3,10,150,87,0.0
729,3,10,150,87,0.046534861017850544
730,3,10,150,87,0.0
731,3,10,150,87,0.2313771176155589
732,3,10,150,87,0.05717828980196049
733,3,10,150,87,0.020730875129846955
734,3,10,150,87,0.08131766139183766
735,3,10,150,87,0.12905232756659873
736,3,10,150,87,0.047009109882897075
737,3,10,150,87,0.12127716502890909
738,3,10,150,87,0.09907057054543131
739,3,10,150,87,0.18767092572990207
740,3,10,150,87,0.0523780734795101
741,3,10,150,87,0.09620963094643388
742,3,10,150,87,0.0527075128660253
743,3,10,150,87,0.1194783875505714
744,3,10,150,87,0.0
745,3,10,150,87,0.06774344219296054
746,3,10,150,87,0.24124954544361757
747,3,10,150,87,0.20395060901728546
748,3,10,150,87,0.04132344798443041
749,3,10,150,87,0.2647021743630605
750,3,10,150,87,0.20954227812062592
751,3,10,150,87,0.06407706415564705
752,3,10,150,87,0.08155432360208091
753,3,10,150,87,0.09985462455958868
754,3,10,150,87,0.0
755,3,10,150,87,0.0
756,3,10,150,87,0.044143057780823704
757,3,10,150,87,0.18464075722796058
758,3,10,150,87,0.24722758189024382
759,3,10,150,87,0.04828669550714567
760,3,10,150,87,0.16006374561654185
761,3,10,150,87,0.17663858756688974
762,3,10,150,87,0.0
763,3,10,150,87,0.15021194072867564
764,3,10,150,87,0.04710969775183564
765,3,10,150,87,0.0966785411876802
766,3,10,150,87,0.035191004809260996
767,3,10,150,87,0.1269544353559099
768,3,10,150,87,0.09997171219938322
769,3,10,150,87,0.0
770,3,10,150,87,0.207274302223422
771,3,10,150,87,0.07363642524234874
772,3,10,150,87,0.038996699933076286
773,3,10,150,87,0.15659560794124947
774,3,10,150,87,0.0
775,3,10,150,87,0.06087507291408705
776,3,10,150,87,0.04721006604760436
777,3,10,150,87,0.0
778,3,10,150,87,0.08961728720334347
779,3,10,150,87,0.0
780,3,10,150,87,0.19393055855404154
781,3,10,150,87,0.16573484494600602
782,3,10,150,87,0.011135550403378058
783,3,10,150,87,0.07763399617214947
784,3,10,150,87,0.04582425041433568
785,3,10,150,87,0.2848262604068979
786,3,10,150,87,0.13901223847985233
787,3,10,150,87,0.0
788,3,10,150,87,0.046626370288649896
789,3,10,150,87,0.14531023848228133
790,3,10,150,87,0.08452117092278105
791,3,10,150,87,0.059480024314918285
792,3,10,150,87,0.0946587791577201
793,3,10,150,87,0.11843263243420837
794,3,10,150,87,0.1578863001786244
795,3,10,150,87,0.10325242280712206
796,3,10,150,87,0.1145275641223123
797,3,10,150,87,0.13905617951077562
798,3,10,150,87,0.02688415331260267
799,3,10,150,87,0.2836929289153804
800,3,10,150,87,0.0
801,3,10,150,87,0.0
802,3,10,150,87,0.05621908976192367
803,3,10,150,87,0.0
804,3,10,150,87,0.20994146470018396
805,3,10,150,87,0.15771169694749937
806,3,10,150,87,0.10606704841588428
807,3,10,150,87,0.22931014490903673
808,3,10,150,87,0.09905728133858463
809,3,10,150,87,0.0
810,3,10,150,87,0.0
811,3,10,150,87,0.1162989546852336
812,3,10,150,87,0.11600766930798434
813,3,10,150,87,0.06916902856231065
814,3,10,150,87,0.054181637470214
815,3,10,150,87,0.10380674919178415
816,3,10,150,87,0.10105367325027378
817,3,10,150,87,0.0
818,3,10,150,87,0.05187864210776578
819,3,10,150,87,0.0
820,3,10,150,87,0.12262943855309168
821,3,10,150,87,0.18684232150964158
822,3,10,150,87,0.0
823,3,10,150,87,0.14011732711290795
824,3,10,150,87,0.0
825,3,10,150,87,0.16434089815347858
826,3,10,150,87,0.1395338307503347
827,3,10,150,87,0.0
828,3,10,150,87,0.0
829,3,10,150,87,0.08143169212679746
830,3,10,150,87,0.15298484663625925
831,3,10,150,87,0.0800524392169327
832,3,10,150,87,0.06248152673860667
833,3,10,150,87,0.05828935682373833
834,3,10,150,87,0.07861963928254918
835,3,10,150,87,0.131093662595089
836,3,10,150,87,0.05097554749895306
837,3,10,150,87,0.05351287869030783
838,3,10,150,87,0.08633629724227374
839,3,10,150,87,0.0
840,3,10,150,87,0.1518245759629103
841,3,10,150,87,0.0
842,3,10,150,87,0.0
843,3,10,150,87,0.04209275315645388
844,3,10,150,87,0.0
845,3,10,150,87,0.06531065216760332
846,3,10,150,87,0.16592059617503505
847,3,10,150,87,0.0
848,3,10,150,87,0.09796419403030648
849,3,10,150,87,0.15023650744503608
850,3,10,150,87,0.06228974831361337
851,3,10,150,87,0.2277008805972924
852,3,10,150,87,0.07256783117062009
853,3,10,150,87,0.0
854,3,10,150,87,0.0
855,3,10,150,87,0.0
856,3,10,150,87,0.0
857,3,10,150,87,0.0
858,3,10,150,87,0.0
859,3,10,150,87,0.0
860,3,10,150,87,0.0
861,3,10,150,87,0.12754356661958802
862,3,10,150,87,0.18279787522069124
863,3,10,150,87,0.0
864,3,10,150,87,0.19756506460263396
865,3,10,150,87,0.0
866,3,10,150,87,0.0
867,3,10,150,87,0.18752183128814004
868,3,10,150,87,0.0
870,3,10,150,87,0.0
871,3,10,150,87,0.0
872,3,10,150,87,0.0
875,3,10,150,87,0.1395953738647505
876,3,10,150,87,0.0
877,3,10,150,87,0.0
1,3,10,150,88,0.6247579375131872
2,3,10,150,88,0.10688238502350729
3,3,10,150,88,0.0
4,3,10,150,88,0.0
5,3,10,150,88,0.0819283960923954
6,3,10,150,88,0.05340978172012693
7,3,10,150,88,0.21374336787365528
8,3,10,150,88,0.1900735845235601
9,3,10,150,88,0.0
10,3,10,150,88,0.16409920264511527
11,3,10,150,88,0.049016076581777215
12,3,10,150,88,0.13570688190090627
13,3,10,150,88,0.19944681061915762
14,3,10,150,88,0.14623893181570033
15,3,10,150,88,0.0
16,3,10,150,88,0.2571810388985906
17,3,10,150,88,0.12066394366711926
18,3,10,150,88,0.18606782959057458
19,3,10,150,88,0.0
20,3,10,150,88,0.19780725085993958
21,3,10,150,88,0.05824963961462511
22,3,10,150,88,0.1468275080577048
23,3,10,150,88,0.18360000301566626
24,3,10,150,88,0.311062094929455
25,3,10,150,88,0.0
26,3,10,150,88,0.030421795212869307
28,3,10,150,88,0.0
29,3,10,150,88,0.0
30,3,10,150,88,0.0979129253499678
31,3,10,150,88,0.06076546216996844
32,3,10,150,88,0.0
33,3,10,150,88,0.0
34,3,10,150,88,0.0
35,3,10,150,88,0.07108348368841133
37,3,10,150,88,0.08836851842055818
38,3,10,150,88,0.03215366848272267
39,3,10,150,88,0.0
40,3,10,150,88,0.0769181994946132
41,3,10,150,88,0.0
42,3,10,150,88,0.14144963799422255
43,3,10,150,88,0.268915965453296
44,3,10,150,88,0.07698159974258616
45,3,10,150,88,0.04505000432618384
46,3,10,150,88,0.2524329124868603
47,3,10,150,88,0.0
48,3,10,150,88,0.191300388285999
49,3,10,150,88,0.08545966314334597
50,3,10,150,88,0.0
51,3,10,150,88,0.18953836965473142
52,3,10,150,88,0.04892579731758021
53,3,10,150,88,0.09546043308946733
54,3,10,150,88,0.07984133538066794
55,3,10,150,88,0.0
56,3,10,150,88,0.03975645576081676
57,3,10,150,88,0.07600688094360178
58,3,10,150,88,0.12811608865176474
59,3,10,150,88,0.20601184217250942
60,3,10,150,88,0.12123807080432077
61,3,10,150,88,0.0
62,3,10,150,88,0.056765939954965754
63,3,10,150,88,0.03554915059547175
64,3,10,150,88,0.0
65,3,10,150,88,0.2994759515353249
66,3,10,150,88,0.0
67,3,10,150,88,0.0
68,3,10,150,88,0.0
69,3,10,150,88,0.18013245110732332
70,3,10,150,88,0.04310441109649134
71,3,10,150,88,0.1434649426280276
72,3,10,150,88,0.16084022171949366
73,3,10,150,88,0.051960280791503534
74,3,10,150,88,0.0
75,3,10,150,88,0.11731968150568911
76,3,10,150,88,0.14804398249667974
77,3,10,150,88,0.45287742747371695
78,3,10,150,88,0.0
79,3,10,150,88,0.0
80,3,10,150,88,0.08297572808511901
81,3,10,150,88,0.0
82,3,10,150,88,0.10812418485305166
83,3,10,150,88,0.04630610387058298
84,3,10,150,88,0.0
85,3,10,150,88,0.06966660916502733
86,3,10,150,88,0.07738888769495082
87,3,10,150,88,0.10058161863664324
88,3,10,150,88,0.0
89,3,10,150,88,0.22860031301980846
90,3,10,150,88,0.2386569480666451
91,3,10,150,88,0.13114221140465185
92,3,10,150,88,0.07060524915744207
93,3,10,150,88,0.0
94,3,10,150,88,0.19025030646477453
95,3,10,150,88,0.07964436720215591
96,3,10,150,88,0.19186450284072096
97,3,10,150,88,0.2014791632565736
98,3,10,150,88,0.08878770367712427
99,3,10,150,88,0.029785542524894418
100,3,10,150,88,0.0892789338684584
101,3,10,150,88,0.0
102,3,10,150,88,0.026001814664123827
103,3,10,150,88,0.07673373981757839
104,3,10,150,88,0.12171451575741458
106,3,10,150,88,0.05261577455142312
107,3,10,150,88,0.0
108,3,10,150,88,0.0
109,3,10,150,88,0.12702438124116902
110,3,10,150,88,0.08694931131842866
111,3,10,150,88,0.0
112,3,10,150,88,0.06510475888148554
113,3,10,150,88,0.05449144662575446
114,3,10,150,88,0.07610811271330754
115,3,10,150,88,0.07491639684062663
116,3,10,150,88,0.07814915695077672
117,3,10,150,88,0.10135360124281675
118,3,10,150,88,0.0
119,3,10,150,88,0.10939494924525293
121,3,10,150,88,0.06245141164382474
122,3,10,150,88,0.07625852881342107
123,3,10,150,88,0.46927872602275644
124,3,10,150,88,0.10889376106823218
125,3,10,150,88,0.1758278598077621
126,3,10,150,88,0.0
127,3,10,150,88,0.0
128,3,10,150,88,0.047777554739453616
129,3,10,150,88,0.0
130,3,10,150,88,0.11207058154636457
131,3,10,150,88,0.2803335894048546
132,3,10,150,88,0.1431991570830273
133,3,10,150,88,0.0
134,3,10,150,88,0.0
135,3,10,150,88,0.0
136,3,10,150,88,0.40257390286801836
137,3,10,150,88,0.0
138,3,10,150,88,0.21222747957761057
139,3,10,150,88,0.0
140,3,10,150,88,0.0
141,3,10,150,88,0.20239191246999313
142,3,10,150,88,0.30260241349881345
143,3,10,150,88,0.0
144,3,10,150,88,0.2143720535700613
145,3,10,150,88,0.11867414778420507
146,3,10,150,88,0.0
147,3,10,150,88,0.07610811271330754
148,3,10,150,88,0.13364524093464059
149,3,10,150,88,0.05446824630887794
150,3,10,150,88,0.0
151,3,10,150,88,0.16194309002265503
152,3,10,150,88,0.09176715715471626
153,3,10,150,88,0.06516188295518531
154,3,10,150,88,0.055100238151135045
155,3,10,150,88,0.0
156,3,10,150,88,0.07028063830038406
157,3,10,150,88,0.05840183867278569
158,3,10,150,88,0.07413972351842125
159,3,10,150,88,0.11026617795298452
160,3,10,150,88,0.08815843064600337
161,3,10,150,88,0.0
162,3,10,150,88,0.0
163,3,10,150,88,0.0
164,3,10,150,88,0.0
165,3,10,150,88,0.09149012142095872
166,3,10,150,88,0.09726657973356154
167,3,10,150,88,0.03395822402998728
168,3,10,150,88,0.07914143116928869
169,3,10,150,88,0.055427457405235275
170,3,10,150,88,0.0
171,3,10,150,88,0.0
172,3,10,150,88,0.0
173,3,10,150,88,0.07286904346643797
174,3,10,150,88,0.09877498173459962
175,3,10,150,88,0.4413254197204702
176,3,10,150,88,0.06153137845972642
177,3,10,150,88,0.0
178,3,10,150,88,0.18053947820976404
179,3,10,150,88,0.06599888514927177
180,3,10,150,88,0.0
181,3,10,150,88,0.04622579729077891
182,3,10,150,88,0.13120507751234178
183,3,10,150,88,0.0
184,3,10,150,88,0.016355592358211265
185,3,10,150,88,0.0
186,3,10,150,88,0.0
187,3,10,150,88,0.2004102107997965
188,3,10,150,88,0.050562513489816586
189,3,10,150,88,0.22982757951573698
190,3,10,150,88,0.0
191,3,10,150,88,0.07335312372354855
192,3,10,150,88,0.0
193,3,10,150,88,0.04024288246957146
194,3,10,150,88,0.0860257611411915
195,3,10,150,88,0.10257737475069033
196,3,10,150,88,0.17342765698823945
197,3,10,150,88,0.07304192939088519
198,3,10,150,88,0.10387325901274824
199,3,10,150,88,0.052106753859569234
200,3,10,150,88,0.0971420957831845
201,3,10,150,88,0.2879312869726593
202,3,10,150,88,0.0
203,3,10,150,88,0.0
204,3,10,150,88,0.0
205,3,10,150,88,0.11600766930798434
206,3,10,150,88,0.0
207,3,10,150,88,0.17590647434842874
208,3,10,150,88,0.0
209,3,10,150,88,0.070675417981692
210,3,10,150,88,0.0
211,3,10,150,88,0.0
212,3,10,150,88,0.0559167101555819
213,3,10,150,88,0.08985507164305877
214,3,10,150,88,0.1257260924843343
215,3,10,150,88,0.157288596461893
216,3,10,150,88,0.27735230728218535
217,3,10,150,88,0.13000004444613666
218,3,10,150,88,0.06323567569191428
219,3,10,150,88,0.0
220,3,10,150,88,0.07807600999842033
221,3,10,150,88,0.12213234467515617
222,3,10,150,88,0.16053518617112608
223,3,10,150,88,0.039270700903099615
224,3,10,150,88,0.05211803804128038
225,3,10,150,88,0.09311209812195972
226,3,10,150,88,0.0
227,3,10,150,88,0.0
229,3,10,150,88,0.0
230,3,10,150,88,0.1697995249867118
231,3,10,150,88,0.0
232,3,10,150,88,0.0
233,3,10,150,88,0.20123780419810608
234,3,10,150,88,0.17614493215911856
235,3,10,150,88,0.11418024069273867
236,3,10,150,88,0.12127042983235181
237,3,10,150,88,0.04776398023609584
238,3,10,150,88,0.0
239,3,10,150,88,0.16698248640342034
240,3,10,150,88,0.10235170428306553
241,3,10,150,88,0.1381300260171807
242,3,10,150,88,0.0
243,3,10,150,88,0.0
244,3,10,150,88,0.15017336350566032
245,3,10,150,88,0.0
246,3,10,150,88,0.08356426880363813
247,3,10,150,88,0.15642624200758548
248,3,10,150,88,0.23451355966072135
249,3,10,150,88,0.3296200475575061
250,3,10,150,88,0.07806699296748765
251,3,10,150,88,0.0
252,3,10,150,88,0.07630862162354303
253,3,10,150,88,0.038220360097248454
254,3,10,150,88,0.036502603141236205
255,3,10,150,88,0.10933464083642679
256,3,10,150,88,0.0681239071992697
257,3,10,150,88,0.12830873359117523
258,3,10,150,88,0.16260831227163416
259,3,10,150,88,0.0
260,3,10,150,88,0.0
261,3,10,150,88,0.0
262,3,10,150,88,0.024334582709454235
263,3,10,150,88,0.36030713075223775
264,3,10,150,88,0.3852510465367394
265,3,10,150,88,0.19802572813668026
266,3,10,150,88,0.0
267,3,10,150,88,0.22898927482035836
268,3,10,150,88,0.13205327054715665
269,3,10,150,88,0.040019695500760184
270,3,10,150,88,0.049915567102790354
271,3,10,150,88,0.10729393508609222
272,3,10,150,88,0.10457492829503848
273,3,10,150,88,0.0
274,3,10,150,88,0.05380266522938521
275,3,10,150,88,0.0
276,3,10,150,88,0.16683394348006692
277,3,10,150,88,0.0
278,3,10,150,88,0.0
279,3,10,150,88,0.12980652062863637
280,3,10,150,88,0.0882348794193481
281,3,10,150,88,0.0
282,3,10,150,88,0.09659953929285248
283,3,10,150,88,0.0
284,3,10,150,88,0.0
285,3,10,150,88,0.0
286,3,10,150,88,0.016140534521312585
287,3,10,150,88,0.0
288,3,10,150,88,0.13999259891013252
289,3,10,150,88,0.0
290,3,10,150,88,0.09647783930421741
291,3,10,150,88,0.18968772725883148
292,3,10,150,88,0.27665227928348557
293,3,10,150,88,0.16099877562659232
294,3,10,150,88,0.09628038570550856
295,3,10,150,88,0.15956840344924803
296,3,10,150,88,0.15701688667375013
297,3,10,150,88,0.030868393892711742
298,3,10,150,88,0.13814728270261697
299,3,10,150,88,0.11907758240887951
300,3,10,150,88,0.0
301,3,10,150,88,0.1296575124303738
302,3,10,150,88,0.07335312372354855
303,3,10,150,88,0.17978154785217412
304,3,10,150,88,0.0
305,3,10,150,88,0.05428021340641747
306,3,10,150,88,0.0
307,3,10,150,88,0.13128644747266613
308,3,10,150,88,0.05707430901002984
309,3,10,150,88,0.0
310,3,10,150,88,0.2890648263178879
311,3,10,150,88,0.17512035582237062
312,3,10,150,88,0.16963857451199318
313,3,10,150,88,0.09586943528179451
314,3,10,150,88,0.10507089418815024
315,3,10,150,88,0.09785159463516042
316,3,10,150,88,0.06076546216996844
317,3,10,150,88,0.0
318,3,10,150,88,0.09228506687340403
319,3,10,150,88,0.0
320,3,10,150,88,0.08947300054212491
321,3,10,150,88,0.08223795175588802
322,3,10,150,88,0.07955752067133452
323,3,10,150,88,0.12229181918924699
324,3,10,150,88,0.0
325,3,10,150,88,0.0
326,3,10,150,88,0.10817904857938596
327,3,10,150,88,0.030659110745645198
328,3,10,150,88,0.1253761246808089
329,3,10,150,88,0.056720838976548935
330,3,10,150,88,0.33051067716070737
331,3,10,150,88,0.0
332,3,10,150,88,0.1160620536137697
333,3,10,150,88,0.0
334,3,10,150,88,0.1576550335359013
335,3,10,150,88,0.0
336,3,10,150,88,0.0
337,3,10,150,88,0.2325689761571779
338,3,10,150,88,0.08388555279643939
339,3,10,150,88,0.2035626803416359
340,3,10,150,88,0.16593574125923852
341,3,10,150,88,0.0
342,3,10,150,88,0.15381739323016694
343,3,10,150,88,0.3675257435678538
344,3,10,150,88,0.13804010954782428
345,3,10,150,88,0.14462655322572632
346,3,10,150,88,0.1264086027263655
347,3,10,150,88,0.11419934147174059
348,3,10,150,88,0.0
349,3,10,150,88,0.07123530534387781
350,3,10,150,88,0.2618835547498317
351,3,10,150,88,0.10570747126847255
352,3,10,150,88,0.16282653392890226
353,3,10,150,88,0.09489642549953911
354,3,10,150,88,0.048823562593396645
355,3,10,150,88,0.05122871476979503
356,3,10,150,88,0.0
357,3,10,150,88,0.03371865946438579
358,3,10,150,88,0.26730206653594746
359,3,10,150,88,0.14341929980357182
360,3,10,150,88,0.1559806047717434
361,3,10,150,88,0.0
362,3,10,150,88,0.0
363,3,10,150,88,0.1867805234163032
364,3,10,150,88,0.0
365,3,10,150,88,0.0989084497079971
366,3,10,150,88,0.1800581708881336
367,3,10,150,88,0.1410054764628891
368,3,10,150,88,0.0
369,3,10,150,88,0.0
370,3,10,150,88,0.045683428159663184
371,3,10,150,88,0.174231549865924
372,3,10,150,88,0.13528214995015655
373,3,10,150,88,0.18128610071101886
374,3,10,150,88,0.1523273086076386
375,3,10,150,88,0.0
376,3,10,150,88,0.0
377,3,10,150,88,0.053168340515114924
378,3,10,150,88,0.06290541370913372
379,3,10,150,88,0.1814915701185313
380,3,10,150,88,0.0
381,3,10,150,88,0.10528437187206623
382,3,10,150,88,0.13500098315004241
383,3,10,150,88,0.06801459236612908
384,3,10,150,88,0.08759200575528697
385,3,10,150,88,0.1546778125427113
386,3,10,150,88,0.0
387,3,10,150,88,0.03814967334348895
388,3,10,150,88,0.029785542524894418
389,3,10,150,88,0.1436557902546879
390,3,10,150,88,0.3221940057104188
391,3,10,150,88,0.298074760835303
392,3,10,150,88,0.10835852340243231
393,3,10,150,88,0.1901132034897212
394,3,10,150,88,0.15290238277303939
395,3,10,150,88,0.15727036710905312
396,3,10,150,88,0.0
397,3,10,150,88,0.12905531436930254
398,3,10,150,88,0.12204637821038242
399,3,10,150,88,0.05509887073092855
400,3,10,150,88,0.0
401,3,10,150,88,0.0
402,3,10,150,88,0.469779625693621
403,3,10,150,88,0.02818923206968657
404,3,10,150,88,0.0
405,3,10,150,88,0.209430637721775
406,3,10,150,88,0.1428233347987388
407,3,10,150,88,0.12266517976117776
408,3,10,150,88,0.12083071655728543
409,3,10,150,88,0.15086419336317547
410,3,10,150,88,0.0
411,3,10,150,88,0.1128999930808451
412,3,10,150,88,0.0
413,3,10,150,88,0.10122860821230018
414,3,10,150,88,0.0
415,3,10,150,88,0.07605458145297357
416,3,10,150,88,0.2782626541867141
417,3,10,150,88,0.05712516951520643
418,3,10,150,88,0.07001560573318603
419,3,10,150,88,0.26168079122473237
420,3,10,150,88,0.0527075128660253
421,3,10,150,88,0.202729931306865
422,3,10,150,88,0.0
423,3,10,150,88,0.0
424,3,10,150,88,0.13291000263869587
425,3,10,150,88,0.05878916146070452
426,3,10,150,88,0.10004388309532918
427,3,10,150,88,0.0
428,3,10,150,88,0.0
429,3,10,150,88,0.14243386527240431
430,3,10,150,88,0.062242588308449316
431,3,10,150,88,0.0
432,3,10,150,88,0.05253723007572906
433,3,10,150,88,0.0
434,3,10,150,88,0.2870958118344385
435,3,10,150,88,0.18753015357981984
436,3,10,150,88,0.09291494561763272
437,3,10,150,88,0.07387863190475343
438,3,10,150,88,0.0
439,3,10,150,88,0.0
440,3,10,150,88,0.10025741859697787
441,3,10,150,88,0.0615755971851825
442,3,10,150,88,0.11394352936417514
443,3,10,150,88,0.056720838976548935
444,3,10,150,88,0.19519002499605084
445,3,10,150,88,0.0
446,3,10,150,88,0.0
447,3,10,150,88,0.09914294517496557
448,3,10,150,88,0.0
449,3,10,150,88,0.0
450,3,10,150,88,0.30221559410186116
451,3,10,150,88,0.0
452,3,10,150,88,0.048188247044562364
453,3,10,150,88,0.16507761899470932
454,3,10,150,88,0.035160779103472525
455,3,10,150,88,0.2661843413361918
456,3,10,150,88,0.20286127521652125
457,3,10,150,88,0.36238463914482993
458,3,10,150,88,0.12059750656999586
459,3,10,150,88,0.04901586605894737
460,3,10,150,88,0.0
461,3,10,150,88,0.10778915452451093
462,3,10,150,88,0.16728714615527887
463,3,10,150,88,0.1032589365938857
464,3,10,150,88,0.091470579054696
465,3,10,150,88,0.0733934381893728
466,3,10,150,88,0.0750834162528243
467,3,10,150,88,0.032842167909375275
468,3,10,150,88,0.4424763580282471
469,3,10,150,88,0.08625887094910875
470,3,10,150,88,0.040162930685297936
471,3,10,150,88,0.039360765922782585
472,3,10,150,88,0.26989864785316925
473,3,10,150,88,0.08903377327702097
474,3,10,150,88,0.3308341191016628
475,3,10,150,88,0.0
476,3,10,150,88,0.12097589732794561
477,3,10,150,88,0.0
478,3,10,150,88,0.2059565668593519
479,3,10,150,88,0.07893633843817272
480,3,10,150,88,0.0881980292211471
481,3,10,150,88,0.05234104579082298
482,3,10,150,88,0.15905893746943514
483,3,10,150,88,0.06194403202282284
484,3,10,150,88,0.33809266656634696
485,3,10,150,88,0.0
486,3,10,150,88,0.06108300840136219
487,3,10,150,88,0.10060724527338907
488,3,10,150,88,0.05887472794707303
489,3,10,150,88,0.0720742512422087
490,3,10,150,88,0.06490403551612171
491,3,10,150,88,0.17758207479178334
492,3,10,150,88,0.12925417913024104
493,3,10,150,88,0.26530843853655434
494,3,10,150,88,0.19527970003833198
495,3,10,150,88,0.1637144854966556
496,3,10,150,88,0.07271211160102074
497,3,10,150,88,0.10121090134321312
498,3,10,150,88,0.0343217267714905
499,3,10,150,88,0.20764510654310397
500,3,10,150,88,0.04698773570888995
501,3,10,150,88,0.0
502,3,10,150,88,0.03272632263321488
503,3,10,150,88,0.2768332968914173
504,3,10,150,88,0.09794337990609951
505,3,10,150,88,0.025255271126572616
506,3,10,150,88,0.16119309772585624
507,3,10,150,88,0.02579743633593384
508,3,10,150,88,0.2518402952398531
509,3,10,150,88,0.0
510,3,10,150,88,0.17032928501352598
511,3,10,150,88,0.12155021559723776
512,3,10,150,88,0.0
513,3,10,150,88,0.09761131800342168
514,3,10,150,88,0.20202473045271674
515,3,10,150,88,0.0
516,3,10,150,88,0.07947838320659593
517,3,10,150,88,0.03859643636257609
518,3,10,150,88,0.05268083714989503
519,3,10,150,88,0.06666229075440745
520,3,10,150,88,0.0
521,3,10,150,88,0.07649261318048692
522,3,10,150,88,0.2035192592417533
523,3,10,150,88,0.18941913248920814
524,3,10,150,88,0.04679100509009866
525,3,10,150,88,0.06516045994396072
526,3,10,150,88,0.052528565413809895
527,3,10,150,88,0.21068702285875093
528,3,10,150,88,0.1255942414278791
529,3,10,150,88,0.03208343640786788
530,3,10,150,88,0.0
531,3,10,150,88,0.0
532,3,10,150,88,0.20000931548847464
533,3,10,150,88,0.1687884443826478
534,3,10,150,88,0.10040759964046686
535,3,10,150,88,0.26295140635259745
536,3,10,150,88,0.19370572859880655
537,3,10,150,88,0.4425126536601552
538,3,10,150,88,0.09944592215223559
539,3,10,150,88,0.09159470869501925
540,3,10,150,88,0.0
541,3,10,150,88,0.0779170553370938
542,3,10,150,88,0.09883608627417288
543,3,10,150,88,0.037245850295261944
544,3,10,150,88,0.0
545,3,10,150,88,0.1627301445786375
546,3,10,150,88,0.19423009903097527
547,3,10,150,88,0.04528995543568932
548,3,10,150,88,0.1213123075697255
549,3,10,150,88,0.10184659627402569
550,3,10,150,88,0.0845667599404342
551,3,10,150,88,0.28165849161339274
552,3,10,150,88,0.0
553,3,10,150,88,0.15284217773934242
554,3,10,150,88,0.0
555,3,10,150,88,0.037070343480771185
556,3,10,150,88,0.2848749592866812
557,3,10,150,88,0.044530079137671444
558,3,10,150,88,0.21398626473452756
559,3,10,150,88,0.11571122630007512
560,3,10,150,88,0.13657262402833295
561,3,10,150,88,0.10955740463005763
562,3,10,150,88,0.16880427191129663
563,3,10,150,88,0.10791970824616881
564,3,10,150,88,0.0
565,3,10,150,88,0.2016297075493207
566,3,10,150,88,0.11935234359120704
567,3,10,150,88,0.3504555352124596
568,3,10,150,88,0.07161318866452264
569,3,10,150,88,0.023835426911994775
570,3,10,150,88,0.0
571,3,10,150,88,0.0512644431393966
572,3,10,150,88,0.30260241349881345
573,3,10,150,88,0.0
574,3,10,150,88,0.02529922263119915
575,3,10,150,88,0.13043262693172047
576,3,10,150,88,0.0
577,3,10,150,88,0.2017286250978881
578,3,10,150,88,0.0
579,3,10,150,88,0.06152644703210656
580,3,10,150,88,0.03144137376097698
581,3,10,150,88,0.03032211530825568
582,3,10,150,88,0.06679511870650716
583,3,10,150,88,0.13912814892946682
584,3,10,150,88,0.20261715588288354
585,3,10,150,88,0.042225550968526857
586,3,10,150,88,0.0663945281096953
587,3,10,150,88,0.029230460362194715
588,3,10,150,88,0.24232197836670738
589,3,10,150,88,0.09905100598441088
590,3,10,150,88,0.19997970715667693
591,3,10,150,88,0.08651464973019597
592,3,10,150,88,0.29949349220942434
593,3,10,150,88,0.14271020042879362
594,3,10,150,88,0.0
595,3,10,150,88,0.055965373307784824
596,3,10,150,88,0.15081647728233993
597,3,10,150,88,0.02579743633593384
598,3,10,150,88,0.0
599,3,10,150,88,0.02506539947940475
600,3,10,150,88,0.13574631165894233
601,3,10,150,88,0.14661690295711607
602,3,10,150,88,0.041278922835426404
603,3,10,150,88,0.12541207695631323
604,3,10,150,88,0.0
605,3,10,150,88,0.21970118464532165
606,3,10,150,88,0.3172508378241564
607,3,10,150,88,0.0308875359117713
608,3,10,150,88,0.20657435219961784
609,3,10,150,88,0.0
610,3,10,150,88,0.12186625680881258
611,3,10,150,88,0.19680646538945382
612,3,10,150,88,0.09162544430476362
613,3,10,150,88,0.1652462050665711
614,3,10,150,88,0.1467868763787456
615,3,10,150,88,0.18894939135123942
616,3,10,150,88,0.030480958763669998
617,3,10,150,88,0.0539699203856165
618,3,10,150,88,0.13437128499593054
619,3,10,150,88,0.14795344439858116
620,3,10,150,88,0.24239278329353608
621,3,10,150,88,0.10569072181389248
622,3,10,150,88,0.16226113935431313
623,3,10,150,88,0.04214302778527282
624,3,10,150,88,0.03202992305603544
625,3,10,150,88,0.07991575154621842
626,3,10,150,88,0.13034538143571256
627,3,10,150,88,0.11471658297235718
628,3,10,150,88,0.0653273647710817
629,3,10,150,88,0.31822291409126885
630,3,10,150,88,0.10834532177911152
631,3,10,150,88,0.13449792459172438
632,3,10,150,88,0.08348454970562778
633,3,10,150,88,0.050456115328747164
634,3,10,150,88,0.11971011117287562
635,3,10,150,88,0.0
636,3,10,150,88,0.4108031518056064
637,3,10,150,88,0.04188454685690797
638,3,10,150,88,0.05152901435389809
639,3,10,150,88,0.01070448204588216
640,3,10,150,88,0.1866475899599741
641,3,10,150,88,0.051358492238643604
642,3,10,150,88,0.2864275408009791
643,3,10,150,88,0.21368826267102806
644,3,10,150,88,0.023868766231572826
645,3,10,150,88,0.17744101704673967
646,3,10,150,88,0.11243817952384734
647,3,10,150,88,0.06590268968688952
648,3,10,150,88,0.26858973233459255
649,3,10,150,88,0.04336490181597879
650,3,10,150,88,0.12113720269774467
651,3,10,150,88,0.0
652,3,10,150,88,0.0
653,3,10,150,88,0.1650179223594021
654,3,10,150,88,0.05402442095740813
655,3,10,150,88,0.4641667722124492
656,3,10,150,88,0.0
657,3,10,150,88,0.2504953915210566
658,3,10,150,88,0.09988783377897062
659,3,10,150,88,0.09950788532097599
660,3,10,150,88,0.05093902686017844
661,3,10,150,88,0.23687096335281838
662,3,10,150,88,0.0
663,3,10,150,88,0.13556872143140483
664,3,10,150,88,0.2433808724049065
665,3,10,150,88,0.08348757143795874
666,3,10,150,88,0.10003040227258515
667,3,10,150,88,0.1487205698875683
668,3,10,150,88,0.0
669,3,10,150,88,0.2287469684999221
670,3,10,150,88,0.0271437232396382
671,3,10,150,88,0.20598773756155325
672,3,10,150,88,0.07973520350569015
673,3,10,150,88,0.03236977394070781
674,3,10,150,88,0.0
675,3,10,150,88,0.0382580635535654
676,3,10,150,88,0.22358931366364498
677,3,10,150,88,0.10158983531347915
678,3,10,150,88,0.04266316057115777
679,3,10,150,88,0.20531579536501102
680,3,10,150,88,0.022168697248564677
681,3,10,150,88,0.0
682,3,10,150,88,0.215298916676793
683,3,10,150,88,0.09379810316693979
684,3,10,150,88,0.03158850394477252
685,3,10,150,88,0.20373936192022438
686,3,10,150,88,0.28356904801607674
687,3,10,150,88,0.0
688,3,10,150,88,0.0
689,3,10,150,88,0.429307082657261
690,3,10,150,88,0.24802939400095458
691,3,10,150,88,0.6023709850354425
692,3,10,150,88,0.03353522641880846
693,3,10,150,88,0.04711181933747839
694,3,10,150,88,0.21361709189247302
695,3,10,150,88,0.05816383356143395
696,3,10,150,88,0.08111636357522063
697,3,10,150,88,0.11087840672502129
698,3,10,150,88,0.0
699,3,10,150,88,0.06266837015218314
700,3,10,150,88,0.0
701,3,10,150,88,0.12271508523586225
702,3,10,150,88,0.0
703,3,10,150,88,0.21888235022994418
704,3,10,150,88,0.24598285660901478
705,3,10,150,88,0.29964721753496854
706,3,10,150,88,0.03481402556224447
707,3,10,150,88,0.2448871421479849
708,3,10,150,88,0.03476299583640518
709,3,10,150,88,0.16604950811619162
710,3,10,150,88,0.25040922491354684
711,3,10,150,88,0.19019589140904572
712,3,10,150,88,0.0709301463537875
713,3,10,150,88,0.0
714,3,10,150,88,0.1266607864485773
715,3,10,150,88,0.16860516623933322
716,3,10,150,88,0.26918844493980393
717,3,10,150,88,0.15218028545758808
718,3,10,150,88,0.0
719,3,10,150,88,0.10353175087921149
720,3,10,150,88,0.05925736915373658
721,3,10,150,88,0.1455859351928039
722,3,10,150,88,0.07401896317743158
723,3,10,150,88,0.0
724,3,10,150,88,0.0
725,3,10,150,88,0.04733244938590725
726,3,10,150,88,0.10841847307700177
727,3,10,150,88,0.06732259169853208
728,3,10,150,88,0.0
729,3,10,150,88,0.08898199628747978
730,3,10,150,88,0.0
731,3,10,150,88,0.2313771176155589
732,3,10,150,88,0.05717828980196049
733,3,10,150,88,0.020730875129846955
734,3,10,150,88,0.08131766139183766
735,3,10,150,88,0.12905232756659873
736,3,10,150,88,0.047009109882897075
737,3,10,150,88,0.12127716502890909
738,3,10,150,88,0.09907057054543131
739,3,10,150,88,0.18767092572990207
740,3,10,150,88,0.0523780734795101
741,3,10,150,88,0.09620963094643388
742,3,10,150,88,0.0527075128660253
743,3,10,150,88,0.1194783875505714
744,3,10,150,88,0.0
745,3,10,150,88,0.06774344219296054
746,3,10,150,88,0.24124954544361757
747,3,10,150,88,0.20395060901728546
748,3,10,150,88,0.04132344798443041
749,3,10,150,88,0.2625636221905915
750,3,10,150,88,0.20954227812062592
751,3,10,150,88,0.06407706415564705
752,3,10,150,88,0.08155432360208091
753,3,10,150,88,0.09985462455958868
754,3,10,150,88,0.0
755,3,10,150,88,0.0
756,3,10,150,88,0.044143057780823704
757,3,10,150,88,0.18464075722796058
758,3,10,150,88,0.24523020848891897
759,3,10,150,88,0.04828669550714567
760,3,10,150,88,0.16006374561654185
761,3,10,150,88,0.17663858756688974
762,3,10,150,88,0.0
763,3,10,150,88,0.15021194072867564
764,3,10,150,88,0.04710969775183564
765,3,10,150,88,0.0966785411876802
766,3,10,150,88,0.035191004809260996
767,3,10,150,88,0.1269544353559099
768,3,10,150,88,0.09997171219938322
769,3,10,150,88,0.0
770,3,10,150,88,0.207274302223422
771,3,10,150,88,0.07363642524234874
772,3,10,150,88,0.038996699933076286
773,3,10,150,88,0.15659560794124947
774,3,10,150,88,0.0
775,3,10,150,88,0.06087507291408705
776,3,10,150,88,0.04721006604760436
777,3,10,150,88,0.0
778,3,10,150,88,0.08961728720334347
779,3,10,150,88,0.0
780,3,10,150,88,0.19393055855404154
781,3,10,150,88,0.16573484494600602
782,3,10,150,88,0.011135550403378058
783,3,10,150,88,0.07763399617214947
784,3,10,150,88,0.04582425041433568
785,3,10,150,88,0.2848262604068979
786,3,10,150,88,0.13901223847985233
787,3,10,150,88,0.0
788,3,10,150,88,0.046626370288649896
789,3,10,150,88,0.14531023848228133
790,3,10,150,88,0.08452117092278105
791,3,10,150,88,0.059480024314918285
792,3,10,150,88,0.0946587791577201
793,3,10,150,88,0.11843263243420837
794,3,10,150,88,0.1578863001786244
795,3,10,150,88,0.10325242280712206
796,3,10,150,88,0.1145275641223123
797,3,10,150,88,0.13905617951077562
798,3,10,150,88,0.02688415331260267
799,3,10,150,88,0.2836929289153804
800,3,10,150,88,0.0
801,3,10,150,88,0.0
802,3,10,150,88,0.05621908976192367
803,3,10,150,88,0.0
804,3,10,150,88,0.20994146470018396
805,3,10,150,88,0.15771169694749937
806,3,10,150,88,0.10606704841588428
807,3,10,150,88,0.22931014490903673
808,3,10,150,88,0.09905728133858463
809,3,10,150,88,0.0
810,3,10,150,88,0.0
811,3,10,150,88,0.1162989546852336
812,3,10,150,88,0.11600766930798434
813,3,10,150,88,0.06916902856231065
814,3,10,150,88,0.054181637470214
815,3,10,150,88,0.10380674919178415
816,3,10,150,88,0.10105367325027378
817,3,10,150,88,0.0
818,3,10,150,88,0.05187864210776578
819,3,10,150,88,0.0
820,3,10,150,88,0.12262943855309168
821,3,10,150,88,0.18684232150964158
822,3,10,150,88,0.0
823,3,10,150,88,0.14011732711290795
824,3,10,150,88,0.0
825,3,10,150,88,0.16434089815347858
826,3,10,150,88,0.1395338307503347
827,3,10,150,88,0.0
828,3,10,150,88,0.0
829,3,10,150,88,0.08143169212679746
830,3,10,150,88,0.15298484663625925
831,3,10,150,88,0.0800524392169327
832,3,10,150,88,0.06248152673860667
833,3,10,150,88,0.05828935682373833
834,3,10,150,88,0.07861963928254918
835,3,10,150,88,0.131093662595089
836,3,10,150,88,0.05097554749895306
837,3,10,150,88,0.05351287869030783
838,3,10,150,88,0.08633629724227374
839,3,10,150,88,0.0
840,3,10,150,88,0.1518245759629103
841,3,10,150,88,0.0
842,3,10,150,88,0.0
843,3,10,150,88,0.04209275315645388
844,3,10,150,88,0.0
845,3,10,150,88,0.06531065216760332
846,3,10,150,88,0.16592059617503505
847,3,10,150,88,0.0
848,3,10,150,88,0.09796419403030648
849,3,10,150,88,0.15023650744503608
850,3,10,150,88,0.06228974831361337
851,3,10,150,88,0.2277008805972924
852,3,10,150,88,0.07256783117062009
853,3,10,150,88,0.0
854,3,10,150,88,0.0
855,3,10,150,88,0.0
856,3,10,150,88,0.0
857,3,10,150,88,0.0
858,3,10,150,88,0.0
859,3,10,150,88,0.0
860,3,10,150,88,0.0
861,3,10,150,88,0.12754356661958802
862,3,10,150,88,0.18279787522069124
863,3,10,150,88,0.0
864,3,10,150,88,0.19756506460263396
865,3,10,150,88,0.0
866,3,10,150,88,0.0
867,3,10,150,88,0.18752183128814004
868,3,10,150,88,0.0
870,3,10,150,88,0.0
871,3,10,150,88,0.0
872,3,10,150,88,0.0
875,3,10,150,88,0.1395953738647505
876,3,10,150,88,0.0
877,3,10,150,88,0.0
1,3,10,150,89,0.6247579375131872
2,3,10,150,89,0.10688238502350729
3,3,10,150,89,0.0
4,3,10,150,89,0.0
5,3,10,150,89,0.0819283960923954
6,3,10,150,89,0.05340978172012693
7,3,10,150,89,0.22440491910458885
8,3,10,150,89,0.1900735845235601
9,3,10,150,89,0.0
10,3,10,150,89,0.16409920264511527
11,3,10,150,89,0.049016076581777215
12,3,10,150,89,0.13570688190090627
13,3,10,150,89,0.1978523134476109
14,3,10,150,89,0.14623893181570033
15,3,10,150,89,0.0
16,3,10,150,89,0.2571810388985906
17,3,10,150,89,0.12066394366711926
18,3,10,150,89,0.18606782959057458
19,3,10,150,89,0.0
20,3,10,150,89,0.19780725085993958
21,3,10,150,89,0.05824963961462511
22,3,10,150,89,0.1468275080577048
23,3,10,150,89,0.18360000301566626
24,3,10,150,89,0.311062094929455
25,3,10,150,89,0.0
26,3,10,150,89,0.030421795212869307
28,3,10,150,89,0.0
29,3,10,150,89,0.0
30,3,10,150,89,0.0979129253499678
31,3,10,150,89,0.06076546216996844
32,3,10,150,89,0.0
33,3,10,150,89,0.0
34,3,10,150,89,0.0
35,3,10,150,89,0.07108348368841133
37,3,10,150,89,0.08836851842055818
38,3,10,150,89,0.03215366848272267
39,3,10,150,89,0.0
40,3,10,150,89,0.0769181994946132
41,3,10,150,89,0.0
42,3,10,150,89,0.14144963799422255
43,3,10,150,89,0.268915965453296
44,3,10,150,89,0.07698159974258616
45,3,10,150,89,0.04505000432618384
46,3,10,150,89,0.2524329124868603
47,3,10,150,89,0.0
48,3,10,150,89,0.191300388285999
49,3,10,150,89,0.08545966314334597
50,3,10,150,89,0.0
51,3,10,150,89,0.18953836965473142
52,3,10,150,89,0.04892579731758021
53,3,10,150,89,0.09546043308946733
54,3,10,150,89,0.07984133538066794
55,3,10,150,89,0.0
56,3,10,150,89,0.03975645576081676
57,3,10,150,89,0.07600688094360178
58,3,10,150,89,0.12811608865176474
59,3,10,150,89,0.20601184217250942
60,3,10,150,89,0.12123807080432077
61,3,10,150,89,0.0
62,3,10,150,89,0.056765939954965754
63,3,10,150,89,0.03554915059547175
64,3,10,150,89,0.0
65,3,10,150,89,0.2994759515353249
66,3,10,150,89,0.0
67,3,10,150,89,0.0
68,3,10,150,89,0.0
69,3,10,150,89,0.18013245110732332
70,3,10,150,89,0.04310441109649134
71,3,10,150,89,0.1434649426280276
72,3,10,150,89,0.16084022171949366
73,3,10,150,89,0.051960280791503534
74,3,10,150,89,0.0
75,3,10,150,89,0.11731968150568911
76,3,10,150,89,0.14804398249667974
77,3,10,150,89,0.45287742747371695
78,3,10,150,89,0.0
79,3,10,150,89,0.0
80,3,10,150,89,0.08297572808511901
81,3,10,150,89,0.0
82,3,10,150,89,0.10812418485305166
83,3,10,150,89,0.04630610387058298
84,3,10,150,89,0.0
85,3,10,150,89,0.06966660916502733
86,3,10,150,89,0.07738888769495082
87,3,10,150,89,0.10058161863664324
88,3,10,150,89,0.0
89,3,10,150,89,0.22860031301980846
90,3,10,150,89,0.2386569480666451
91,3,10,150,89,0.13114221140465185
92,3,10,150,89,0.07060524915744207
93,3,10,150,89,0.0
94,3,10,150,89,0.19025030646477453
95,3,10,150,89,0.07964436720215591
96,3,10,150,89,0.19186450284072096
97,3,10,150,89,0.2353819276956695
98,3,10,150,89,0.08878770367712427
99,3,10,150,89,0.029785542524894418
100,3,10,150,89,0.0892789338684584
101,3,10,150,89,0.0
102,3,10,150,89,0.026001814664123827
103,3,10,150,89,0.07673373981757839
104,3,10,150,89,0.12171451575741458
106,3,10,150,89,0.05261577455142312
107,3,10,150,89,0.0
108,3,10,150,89,0.0
109,3,10,150,89,0.12702438124116902
110,3,10,150,89,0.08694931131842866
111,3,10,150,89,0.0
112,3,10,150,89,0.06510475888148554
113,3,10,150,89,0.05449144662575446
114,3,10,150,89,0.07610811271330754
115,3,10,150,89,0.07491639684062663
116,3,10,150,89,0.07814915695077672
117,3,10,150,89,0.10135360124281675
118,3,10,150,89,0.0
119,3,10,150,89,0.10939494924525293
121,3,10,150,89,0.06245141164382474
122,3,10,150,89,0.07625852881342107
123,3,10,150,89,0.46927872602275644
124,3,10,150,89,0.10889376106823218
125,3,10,150,89,0.1758278598077621
126,3,10,150,89,0.0
127,3,10,150,89,0.0
128,3,10,150,89,0.047777554739453616
129,3,10,150,89,0.0
130,3,10,150,89,0.11207058154636457
131,3,10,150,89,0.2803335894048546
132,3,10,150,89,0.1431991570830273
133,3,10,150,89,0.0
134,3,10,150,89,0.0
135,3,10,150,89,0.0
136,3,10,150,89,0.40257390286801836
137,3,10,150,89,0.0
138,3,10,150,89,0.21222747957761057
139,3,10,150,89,0.0
140,3,10,150,89,0.0
141,3,10,150,89,0.20239191246999313
142,3,10,150,89,0.30260241349881345
143,3,10,150,89,0.0
144,3,10,150,89,0.2143720535700613
145,3,10,150,89,0.11867414778420507
146,3,10,150,89,0.0
147,3,10,150,89,0.07610811271330754
148,3,10,150,89,0.13364524093464059
149,3,10,150,89,0.05446824630887794
150,3,10,150,89,0.0
151,3,10,150,89,0.16194309002265503
152,3,10,150,89,0.09176715715471626
153,3,10,150,89,0.06516188295518531
154,3,10,150,89,0.055100238151135045
155,3,10,150,89,0.0
156,3,10,150,89,0.07028063830038406
157,3,10,150,89,0.05840183867278569
158,3,10,150,89,0.07413972351842125
159,3,10,150,89,0.11026617795298452
160,3,10,150,89,0.08815843064600337
161,3,10,150,89,0.0
162,3,10,150,89,0.0
163,3,10,150,89,0.0
164,3,10,150,89,0.0
165,3,10,150,89,0.09149012142095872
166,3,10,150,89,0.09726657973356154
167,3,10,150,89,0.03395822402998728
168,3,10,150,89,0.07914143116928869
169,3,10,150,89,0.055427457405235275
170,3,10,150,89,0.0
171,3,10,150,89,0.0
172,3,10,150,89,0.0
173,3,10,150,89,0.07286904346643797
174,3,10,150,89,0.09877498173459962
175,3,10,150,89,0.4413254197204702
176,3,10,150,89,0.08781188970158782
177,3,10,150,89,0.0
178,3,10,150,89,0.18053947820976404
179,3,10,150,89,0.06599888514927177
180,3,10,150,89,0.0
181,3,10,150,89,0.04622579729077891
182,3,10,150,89,0.13120507751234178
183,3,10,150,89,0.0
184,3,10,150,89,0.016355592358211265
185,3,10,150,89,0.0
186,3,10,150,89,0.0
187,3,10,150,89,0.2004102107997965
188,3,10,150,89,0.050562513489816586
189,3,10,150,89,0.22982757951573698
190,3,10,150,89,0.0
191,3,10,150,89,0.07335312372354855
192,3,10,150,89,0.0
193,3,10,150,89,0.04024288246957146
194,3,10,150,89,0.0860257611411915
195,3,10,150,89,0.10257737475069033
196,3,10,150,89,0.17342765698823945
197,3,10,150,89,0.07304192939088519
198,3,10,150,89,0.10387325901274824
199,3,10,150,89,0.052106753859569234
200,3,10,150,89,0.0971420957831845
201,3,10,150,89,0.2879312869726593
202,3,10,150,89,0.0
203,3,10,150,89,0.0
204,3,10,150,89,0.0
205,3,10,150,89,0.11600766930798434
206,3,10,150,89,0.0
207,3,10,150,89,0.17590647434842874
208,3,10,150,89,0.0
209,3,10,150,89,0.070675417981692
210,3,10,150,89,0.0
211,3,10,150,89,0.0
212,3,10,150,89,0.0559167101555819
213,3,10,150,89,0.08985507164305877
214,3,10,150,89,0.1257260924843343
215,3,10,150,89,0.157288596461893
216,3,10,150,89,0.27735230728218535
217,3,10,150,89,0.13000004444613666
218,3,10,150,89,0.06323567569191428
219,3,10,150,89,0.0
220,3,10,150,89,0.07807600999842033
221,3,10,150,89,0.12213234467515617
222,3,10,150,89,0.16053518617112608
223,3,10,150,89,0.039270700903099615
224,3,10,150,89,0.05211803804128038
225,3,10,150,89,0.09311209812195972
226,3,10,150,89,0.0
227,3,10,150,89,0.0
229,3,10,150,89,0.0
230,3,10,150,89,0.1697995249867118
231,3,10,150,89,0.0
232,3,10,150,89,0.0
233,3,10,150,89,0.20123780419810608
234,3,10,150,89,0.17614493215911856
235,3,10,150,89,0.11418024069273867
236,3,10,150,89,0.12127042983235181
237,3,10,150,89,0.04776398023609584
238,3,10,150,89,0.0
239,3,10,150,89,0.16698248640342034
240,3,10,150,89,0.10235170428306553
241,3,10,150,89,0.1381300260171807
242,3,10,150,89,0.0
243,3,10,150,89,0.0
244,3,10,150,89,0.15017336350566032
245,3,10,150,89,0.0
246,3,10,150,89,0.08356426880363813
247,3,10,150,89,0.15642624200758548
248,3,10,150,89,0.23451355966072135
249,3,10,150,89,0.3296200475575061
250,3,10,150,89,0.07806699296748765
251,3,10,150,89,0.0
252,3,10,150,89,0.07630862162354303
253,3,10,150,89,0.038220360097248454
254,3,10,150,89,0.036502603141236205
255,3,10,150,89,0.10933464083642679
256,3,10,150,89,0.0681239071992697
257,3,10,150,89,0.12830873359117523
258,3,10,150,89,0.16260831227163416
259,3,10,150,89,0.0
260,3,10,150,89,0.0
261,3,10,150,89,0.0
262,3,10,150,89,0.024334582709454235
263,3,10,150,89,0.36030713075223775
264,3,10,150,89,0.3852510465367394
265,3,10,150,89,0.19802572813668026
266,3,10,150,89,0.0
267,3,10,150,89,0.22898927482035836
268,3,10,150,89,0.1438361331667273
269,3,10,150,89,0.040019695500760184
270,3,10,150,89,0.049915567102790354
271,3,10,150,89,0.10729393508609222
272,3,10,150,89,0.10457492829503848
273,3,10,150,89,0.0
274,3,10,150,89,0.05380266522938521
275,3,10,150,89,0.0
276,3,10,150,89,0.16683394348006692
277,3,10,150,89,0.0
278,3,10,150,89,0.0
279,3,10,150,89,0.12980652062863637
280,3,10,150,89,0.0882348794193481
281,3,10,150,89,0.0
282,3,10,150,89,0.09659953929285248
283,3,10,150,89,0.0
284,3,10,150,89,0.0
285,3,10,150,89,0.0
286,3,10,150,89,0.016140534521312585
287,3,10,150,89,0.0
288,3,10,150,89,0.13999259891013252
289,3,10,150,89,0.0
290,3,10,150,89,0.09647783930421741
291,3,10,150,89,0.18968772725883148
292,3,10,150,89,0.27665227928348557
293,3,10,150,89,0.16099877562659232
294,3,10,150,89,0.09628038570550856
295,3,10,150,89,0.15956840344924803
296,3,10,150,89,0.15701688667375013
297,3,10,150,89,0.030868393892711742
298,3,10,150,89,0.13814728270261697
299,3,10,150,89,0.132966209938043
300,3,10,150,89,0.0
301,3,10,150,89,0.1296575124303738
302,3,10,150,89,0.07335312372354855
303,3,10,150,89,0.17978154785217412
304,3,10,150,89,0.0
305,3,10,150,89,0.05428021340641747
306,3,10,150,89,0.0
307,3,10,150,89,0.13128644747266613
308,3,10,150,89,0.05707430901002984
309,3,10,150,89,0.0
310,3,10,150,89,0.2890648263178879
311,3,10,150,89,0.17512035582237062
312,3,10,150,89,0.16963857451199318
313,3,10,150,89,0.09586943528179451
314,3,10,150,89,0.10507089418815024
315,3,10,150,89,0.09785159463516042
316,3,10,150,89,0.06076546216996844
317,3,10,150,89,0.0
318,3,10,150,89,0.09228506687340403
319,3,10,150,89,0.0
320,3,10,150,89,0.08947300054212491
321,3,10,150,89,0.08223795175588802
322,3,10,150,89,0.07955752067133452
323,3,10,150,89,0.12229181918924699
324,3,10,150,89,0.0
325,3,10,150,89,0.0
326,3,10,150,89,0.10817904857938596
327,3,10,150,89,0.04556123853539784
328,3,10,150,89,0.1253761246808089
329,3,10,150,89,0.056720838976548935
330,3,10,150,89,0.33051067716070737
331,3,10,150,89,0.0
332,3,10,150,89,0.1160620536137697
333,3,10,150,89,0.0
334,3,10,150,89,0.16844299126218465
335,3,10,150,89,0.0
336,3,10,150,89,0.0
337,3,10,150,89,0.2325689761571779
338,3,10,150,89,0.08388555279643939
339,3,10,150,89,0.2035626803416359
340,3,10,150,89,0.16593574125923852
341,3,10,150,89,0.0
342,3,10,150,89,0.15381739323016694
343,3,10,150,89,0.3675257435678538
344,3,10,150,89,0.13804010954782428
345,3,10,150,89,0.14462655322572632
346,3,10,150,89,0.1264086027263655
347,3,10,150,89,0.11419934147174059
348,3,10,150,89,0.0
349,3,10,150,89,0.07123530534387781
350,3,10,150,89,0.2618835547498317
351,3,10,150,89,0.10570747126847255
352,3,10,150,89,0.16282653392890226
353,3,10,150,89,0.09489642549953911
354,3,10,150,89,0.048823562593396645
355,3,10,150,89,0.05122871476979503
356,3,10,150,89,0.0
357,3,10,150,89,0.03371865946438579
358,3,10,150,89,0.26730206653594746
359,3,10,150,89,0.14341929980357182
360,3,10,150,89,0.1559806047717434
361,3,10,150,89,0.0
362,3,10,150,89,0.0
363,3,10,150,89,0.1867805234163032
364,3,10,150,89,0.0
365,3,10,150,89,0.0989084497079971
366,3,10,150,89,0.1800581708881336
367,3,10,150,89,0.1410054764628891
368,3,10,150,89,0.0
369,3,10,150,89,0.0
370,3,10,150,89,0.045683428159663184
371,3,10,150,89,0.174231549865924
372,3,10,150,89,0.13528214995015655
373,3,10,150,89,0.18128610071101886
374,3,10,150,89,0.1523273086076386
375,3,10,150,89,0.0
376,3,10,150,89,0.0
377,3,10,150,89,0.053168340515114924
378,3,10,150,89,0.07237384689773656
379,3,10,150,89,0.1814915701185313
380,3,10,150,89,0.0
381,3,10,150,89,0.10528437187206623
382,3,10,150,89,0.13500098315004241
383,3,10,150,89,0.06801459236612908
384,3,10,150,89,0.08759200575528697
385,3,10,150,89,0.1546778125427113
386,3,10,150,89,0.0
387,3,10,150,89,0.03814967334348895
388,3,10,150,89,0.029785542524894418
389,3,10,150,89,0.1436557902546879
390,3,10,150,89,0.3221940057104188
391,3,10,150,89,0.298074760835303
392,3,10,150,89,0.12956286824805674
393,3,10,150,89,0.1901132034897212
394,3,10,150,89,0.15290238277303939
395,3,10,150,89,0.15727036710905312
396,3,10,150,89,0.0
397,3,10,150,89,0.12905531436930254
398,3,10,150,89,0.12204637821038242
399,3,10,150,89,0.05509887073092855
400,3,10,150,89,0.0
401,3,10,150,89,0.0
402,3,10,150,89,0.469779625693621
403,3,10,150,89,0.02818923206968657
404,3,10,150,89,0.0
405,3,10,150,89,0.21575092235380733
406,3,10,150,89,0.1428233347987388
407,3,10,150,89,0.13460830383692796
408,3,10,150,89,0.12083071655728543
409,3,10,150,89,0.15086419336317547
410,3,10,150,89,0.0
411,3,10,150,89,0.1128999930808451
412,3,10,150,89,0.0
413,3,10,150,89,0.10122860821230018
414,3,10,150,89,0.0
415,3,10,150,89,0.07605458145297357
416,3,10,150,89,0.2760380559909825
417,3,10,150,89,0.05712516951520643
418,3,10,150,89,0.07001560573318603
419,3,10,150,89,0.26168079122473237
420,3,10,150,89,0.0527075128660253
421,3,10,150,89,0.202729931306865
422,3,10,150,89,0.0
423,3,10,150,89,0.0
424,3,10,150,89,0.13291000263869587
425,3,10,150,89,0.07316321377698815
426,3,10,150,89,0.10004388309532918
427,3,10,150,89,0.0
428,3,10,150,89,0.0
429,3,10,150,89,0.14129516370779027
430,3,10,150,89,0.062242588308449316
431,3,10,150,89,0.0
432,3,10,150,89,0.05253723007572906
433,3,10,150,89,0.0
434,3,10,150,89,0.2870958118344385
435,3,10,150,89,0.18753015357981984
436,3,10,150,89,0.09291494561763272
437,3,10,150,89,0.07387863190475343
438,3,10,150,89,0.0
439,3,10,150,89,0.0
440,3,10,150,89,0.10025741859697787
441,3,10,150,89,0.0615755971851825
442,3,10,150,89,0.13195962283106308
443,3,10,150,89,0.056720838976548935
444,3,10,150,89,0.19519002499605084
445,3,10,150,89,0.0
446,3,10,150,89,0.0
447,3,10,150,89,0.09914294517496557
448,3,10,150,89,0.0
449,3,10,150,89,0.0
450,3,10,150,89,0.29979950176878856
451,3,10,150,89,0.0
452,3,10,150,89,0.048188247044562364
453,3,10,150,89,0.16507761899470932
454,3,10,150,89,0.035160779103472525
455,3,10,150,89,0.2805583936524754
456,3,10,150,89,0.20286127521652125
457,3,10,150,89,0.36238463914482993
458,3,10,150,89,0.12059750656999586
459,3,10,150,89,0.04901586605894737
460,3,10,150,89,0.0
461,3,10,150,89,0.10778915452451093
462,3,10,150,89,0.16728714615527887
463,3,10,150,89,0.1032589365938857
464,3,10,150,89,0.091470579054696
465,3,10,150,89,0.0733934381893728
466,3,10,150,89,0.0750834162528243
467,3,10,150,89,0.032842167909375275
468,3,10,150,89,0.4424763580282471
469,3,10,150,89,0.08625887094910875
470,3,10,150,89,0.040162930685297936
471,3,10,150,89,0.039360765922782585
472,3,10,150,89,0.26989864785316925
473,3,10,150,89,0.08903377327702097
474,3,10,150,89,0.3281892331517639
475,3,10,150,89,0.0
476,3,10,150,89,0.12097589732794561
477,3,10,150,89,0.0
478,3,10,150,89,0.2059565668593519
479,3,10,150,89,0.07893633843817272
480,3,10,150,89,0.0881980292211471
481,3,10,150,89,0.05234104579082298
482,3,10,150,89,0.15905893746943514
483,3,10,150,89,0.06194403202282284
484,3,10,150,89,0.33809266656634696
485,3,10,150,89,0.0
486,3,10,150,89,0.06108300840136219
487,3,10,150,89,0.10060724527338907
488,3,10,150,89,0.05887472794707303
489,3,10,150,89,0.0720742512422087
490,3,10,150,89,0.06490403551612171
491,3,10,150,89,0.17758207479178334
492,3,10,150,89,0.12925417913024104
493,3,10,150,89,0.26530843853655434
494,3,10,150,89,0.19527970003833198
495,3,10,150,89,0.1637144854966556
496,3,10,150,89,0.07271211160102074
497,3,10,150,89,0.10121090134321312
498,3,10,150,89,0.0343217267714905
499,3,10,150,89,0.20764510654310397
500,3,10,150,89,0.04698773570888995
501,3,10,150,89,0.0
502,3,10,150,89,0.03272632263321488
503,3,10,150,89,0.2768332968914173
504,3,10,150,89,0.09794337990609951
505,3,10,150,89,0.025255271126572616
506,3,10,150,89,0.16119309772585624
507,3,10,150,89,0.02579743633593384
508,3,10,150,89,0.2518402952398531
509,3,10,150,89,0.0
510,3,10,150,89,0.17032928501352598
511,3,10,150,89,0.12155021559723776
512,3,10,150,89,0.0
513,3,10,150,89,0.09761131800342168
514,3,10,150,89,0.20202473045271674
515,3,10,150,89,0.0
516,3,10,150,89,0.07947838320659593
517,3,10,150,89,0.03859643636257609
518,3,10,150,89,0.05268083714989503
519,3,10,150,89,0.06666229075440745
520,3,10,150,89,0.0
521,3,10,150,89,0.07649261318048692
522,3,10,150,89,0.2035192592417533
523,3,10,150,89,0.20743522595609606
524,3,10,150,89,0.04641692979133415
525,3,10,150,89,0.06516045994396072
526,3,10,150,89,0.052528565413809895
527,3,10,150,89,0.21068702285875093
528,3,10,150,89,0.1255942414278791
529,3,10,150,89,0.03208343640786788
530,3,10,150,89,0.0
531,3,10,150,89,0.0
532,3,10,150,89,0.20000931548847464
533,3,10,150,89,0.17816347909262814
534,3,10,150,89,0.10040759964046686
535,3,10,150,89,0.26295140635259745
536,3,10,150,89,0.19370572859880655
537,3,10,150,89,0.4469695411588946
538,3,10,150,89,0.09944592215223559
539,3,10,150,89,0.09159470869501925
540,3,10,150,89,0.0
541,3,10,150,89,0.0779170553370938
542,3,10,150,89,0.09883608627417288
543,3,10,150,89,0.037245850295261944
544,3,10,150,89,0.0
545,3,10,150,89,0.1627301445786375
546,3,10,150,89,0.19423009903097527
547,3,10,150,89,0.04528995543568932
548,3,10,150,89,0.1213123075697255
549,3,10,150,89,0.10184659627402569
550,3,10,150,89,0.0845667599404342
551,3,10,150,89,0.2794067450608884
552,3,10,150,89,0.0
553,3,10,150,89,0.15284217773934242
554,3,10,150,89,0.0
555,3,10,150,89,0.037070343480771185
556,3,10,150,89,0.2848749592866812
557,3,10,150,89,0.044530079137671444
558,3,10,150,89,0.21398626473452756
559,3,10,150,89,0.11571122630007512
560,3,10,150,89,0.15302702647016372
561,3,10,150,89,0.1086815371681397
562,3,10,150,89,0.16880427191129663
563,3,10,150,89,0.10791970824616881
564,3,10,150,89,0.0
565,3,10,150,89,0.2016297075493207
566,3,10,150,89,0.11935234359120704
567,3,10,150,89,0.3504555352124596
568,3,10,150,89,0.07161318866452264
569,3,10,150,89,0.023835426911994775
570,3,10,150,89,0.0
571,3,10,150,89,0.0512644431393966
572,3,10,150,89,0.30260241349881345
573,3,10,150,89,0.0
574,3,10,150,89,0.02529922263119915
575,3,10,150,89,0.13043262693172047
576,3,10,150,89,0.0
577,3,10,150,89,0.2017286250978881
578,3,10,150,89,0.0
579,3,10,150,89,0.06152644703210656
580,3,10,150,89,0.03144137376097698
581,3,10,150,89,0.03032211530825568
582,3,10,150,89,0.06679511870650716
583,3,10,150,89,0.13912814892946682
584,3,10,150,89,0.20261715588288354
585,3,10,150,89,0.042225550968526857
586,3,10,150,89,0.0663945281096953
587,3,10,150,89,0.029230460362194715
588,3,10,150,89,0.24038471144371248
589,3,10,150,89,0.09905100598441088
590,3,10,150,89,0.19997970715667693
591,3,10,150,89,0.08651464973019597
592,3,10,150,89,0.297099161988038
593,3,10,150,89,0.14271020042879362
594,3,10,150,89,0.0
595,3,10,150,89,0.055965373307784824
596,3,10,150,89,0.15081647728233993
597,3,10,150,89,0.02579743633593384
598,3,10,150,89,0.0
599,3,10,150,89,0.02506539947940475
600,3,10,150,89,0.13574631165894233
601,3,10,150,89,0.14661690295711607
602,3,10,150,89,0.041278922835426404
603,3,10,150,89,0.12541207695631323
604,3,10,150,89,0.0
605,3,10,150,89,0.21970118464532165
606,3,10,150,89,0.3147145447542844
607,3,10,150,89,0.0308875359117713
608,3,10,150,89,0.20657435219961784
609,3,10,150,89,0.0
610,3,10,150,89,0.12186625680881258
611,3,10,150,89,0.19680646538945382
612,3,10,150,89,0.09162544430476362
613,3,10,150,89,0.1652462050665711
614,3,10,150,89,0.1467868763787456
615,3,10,150,89,0.18894939135123942
616,3,10,150,89,0.030480958763669998
617,3,10,150,89,0.0539699203856165
618,3,10,150,89,0.13437128499593054
619,3,10,150,89,0.14795344439858116
620,3,10,150,89,0.24239278329353608
621,3,10,150,89,0.10569072181389248
622,3,10,150,89,0.16226113935431313
623,3,10,150,89,0.04214302778527282
624,3,10,150,89,0.03202992305603544
625,3,10,150,89,0.07991575154621842
626,3,10,150,89,0.13034538143571256
627,3,10,150,89,0.11471658297235718
628,3,10,150,89,0.0653273647710817
629,3,10,150,89,0.31822291409126885
630,3,10,150,89,0.10834532177911152
631,3,10,150,89,0.13449792459172438
632,3,10,150,89,0.08348454970562778
633,3,10,150,89,0.050456115328747164
634,3,10,150,89,0.11971011117287562
635,3,10,150,89,0.0
636,3,10,150,89,0.4108031518056064
637,3,10,150,89,0.04188454685690797
638,3,10,150,89,0.05152901435389809
639,3,10,150,89,0.01070448204588216
640,3,10,150,89,0.1866475899599741
641,3,10,150,89,0.051358492238643604
642,3,10,150,89,0.2841376676150281
643,3,10,150,89,0.21368826267102806
644,3,10,150,89,0.023868766231572826
645,3,10,150,89,0.17744101704673967
646,3,10,150,89,0.11243817952384734
647,3,10,150,89,0.06590268968688952
648,3,10,150,89,0.2664424652653198
649,3,10,150,89,0.04336490181597879
650,3,10,150,89,0.12816335789233407
651,3,10,150,89,0.0
652,3,10,150,89,0.0
653,3,10,150,89,0.17169326881872649
654,3,10,150,89,0.05402442095740813
655,3,10,150,89,0.4604559452349651
656,3,10,150,89,0.0
657,3,10,150,89,0.2504953915210566
658,3,10,150,89,0.09988783377897062
659,3,10,150,89,0.09950788532097599
660,3,10,150,89,0.050531789792823224
661,3,10,150,89,0.23687096335281838
662,3,10,150,89,0.0
663,3,10,150,89,0.13556872143140483
664,3,10,150,89,0.2433808724049065
665,3,10,150,89,0.08348757143795874
666,3,10,150,89,0.09923069936935408
667,3,10,150,89,0.1487205698875683
668,3,10,150,89,0.0
669,3,10,150,89,0.2287469684999221
670,3,10,150,89,0.0271437232396382
671,3,10,150,89,0.21731875314182048
672,3,10,150,89,0.07973520350569015
673,3,10,150,89,0.03236977394070781
674,3,10,150,89,0.0
675,3,10,150,89,0.0382580635535654
676,3,10,150,89,0.22358931366364498
677,3,10,150,89,0.10158983531347915
678,3,10,150,89,0.04266316057115777
679,3,10,150,89,0.20531579536501102
680,3,10,150,89,0.022168697248564677
681,3,10,150,89,0.0
682,3,10,150,89,0.213577688282052
683,3,10,150,89,0.10991129435376559
684,3,10,150,89,0.03158850394477252
685,3,10,150,89,0.20373936192022438
686,3,10,150,89,0.2987531530167816
687,3,10,150,89,0.0
688,3,10,150,89,0.0
689,3,10,150,89,0.429307082657261
690,3,10,150,89,0.24802939400095458
691,3,10,150,89,0.6023709850354425
692,3,10,150,89,0.03353522641880846
693,3,10,150,89,0.04711181933747839
694,3,10,150,89,0.21361709189247302
695,3,10,150,89,0.05816383356143395
696,3,10,150,89,0.08111636357522063
697,3,10,150,89,0.11087840672502129
698,3,10,150,89,0.0
699,3,10,150,89,0.06266837015218314
700,3,10,150,89,0.0
701,3,10,150,89,0.12271508523586225
702,3,10,150,89,0.0
703,3,10,150,89,0.21888235022994418
704,3,10,150,89,0.24598285660901478
705,3,10,150,89,0.29964721753496854
706,3,10,150,89,0.03481402556224447
707,3,10,150,89,0.24292936777049073
708,3,10,150,89,0.03476299583640518
709,3,10,150,89,0.17767709199491483
710,3,10,150,89,0.25040922491354684
711,3,10,150,89,0.19019589140904572
712,3,10,150,89,0.0709301463537875
713,3,10,150,89,0.0
714,3,10,150,89,0.1266607864485773
715,3,10,150,89,0.16860516623933322
716,3,10,150,89,0.26703639140364
717,3,10,150,89,0.15218028545758808
718,3,10,150,89,0.0
719,3,10,150,89,0.10353175087921149
720,3,10,150,89,0.05925736915373658
721,3,10,150,89,0.15677522086253137
722,3,10,150,89,0.07401896317743158
723,3,10,150,89,0.0
724,3,10,150,89,0.0
725,3,10,150,89,0.04733244938590725
726,3,10,150,89,0.10841847307700177
727,3,10,150,89,0.06678437460841537
728,3,10,150,89,0.0
729,3,10,150,89,0.08898199628747978
730,3,10,150,89,0.0
731,3,10,150,89,0.2313771176155589
732,3,10,150,89,0.05717828980196049
733,3,10,150,89,0.020730875129846955
734,3,10,150,89,0.08131766139183766
735,3,10,150,89,0.12905232756659873
736,3,10,150,89,0.047009109882897075
737,3,10,150,89,0.12127716502890909
738,3,10,150,89,0.09907057054543131
739,3,10,150,89,0.18767092572990207
740,3,10,150,89,0.0523780734795101
741,3,10,150,89,0.09620963094643388
742,3,10,150,89,0.0527075128660253
743,3,10,150,89,0.1194783875505714
744,3,10,150,89,0.0
745,3,10,150,89,0.06774344219296054
746,3,10,150,89,0.24124954544361757
747,3,10,150,89,0.20395060901728546
748,3,10,150,89,0.05777785042626121
749,3,10,150,89,0.26046453145239273
750,3,10,150,89,0.20954227812062592
751,3,10,150,89,0.06407706415564705
752,3,10,150,89,0.08155432360208091
753,3,10,150,89,0.09985462455958868
754,3,10,150,89,0.0
755,3,10,150,89,0.0
756,3,10,150,89,0.044143057780823704
757,3,10,150,89,0.18464075722796058
758,3,10,150,89,0.24326969143377264
759,3,10,150,89,0.04828669550714567
760,3,10,150,89,0.16006374561654185
761,3,10,150,89,0.17663858756688974
762,3,10,150,89,0.0
763,3,10,150,89,0.15021194072867564
764,3,10,150,89,0.04710969775183564
765,3,10,150,89,0.0966785411876802
766,3,10,150,89,0.035191004809260996
767,3,10,150,89,0.1269544353559099
768,3,10,150,89,0.09997171219938322
769,3,10,150,89,0.0
770,3,10,150,89,0.207274302223422
771,3,10,150,89,0.07363642524234874
772,3,10,150,89,0.038996699933076286
773,3,10,150,89,0.15659560794124947
774,3,10,150,89,0.0
775,3,10,150,89,0.06087507291408705
776,3,10,150,89,0.04721006604760436
777,3,10,150,89,0.0
778,3,10,150,89,0.08961728720334347
779,3,10,150,89,0.0
780,3,10,150,89,0.19393055855404154
781,3,10,150,89,0.16573484494600602
782,3,10,150,89,0.011135550403378058
783,3,10,150,89,0.07763399617214947
784,3,10,150,89,0.04582425041433568
785,3,10,150,89,0.2848262604068979
786,3,10,150,89,0.13901223847985233
787,3,10,150,89,0.0
788,3,10,150,89,0.046626370288649896
789,3,10,150,89,0.14531023848228133
790,3,10,150,89,0.08452117092278105
791,3,10,150,89,0.059480024314918285
792,3,10,150,89,0.0946587791577201
793,3,10,150,89,0.11843263243420837
794,3,10,150,89,0.1578863001786244
795,3,10,150,89,0.10325242280712206
796,3,10,150,89,0.1145275641223123
797,3,10,150,89,0.13905617951077562
798,3,10,150,89,0.02688415331260267
799,3,10,150,89,0.2836929289153804
800,3,10,150,89,0.0
801,3,10,150,89,0.0
802,3,10,150,89,0.05621908976192367
803,3,10,150,89,0.0
804,3,10,150,89,0.20994146470018396
805,3,10,150,89,0.15771169694749937
806,3,10,150,89,0.10606704841588428
807,3,10,150,89,0.22931014490903673
808,3,10,150,89,0.09905728133858463
809,3,10,150,89,0.0
810,3,10,150,89,0.0
811,3,10,150,89,0.1162989546852336
812,3,10,150,89,0.11600766930798434
813,3,10,150,89,0.06916902856231065
814,3,10,150,89,0.054181637470214
815,3,10,150,89,0.10380674919178415
816,3,10,150,89,0.10105367325027378
817,3,10,150,89,0.0
818,3,10,150,89,0.05187864210776578
819,3,10,150,89,0.0
820,3,10,150,89,0.12262943855309168
821,3,10,150,89,0.18684232150964158
822,3,10,150,89,0.0
823,3,10,150,89,0.14011732711290795
824,3,10,150,89,0.0
825,3,10,150,89,0.16434089815347858
826,3,10,150,89,0.1395338307503347
827,3,10,150,89,0.0
828,3,10,150,89,0.0
829,3,10,150,89,0.08143169212679746
830,3,10,150,89,0.15298484663625925
831,3,10,150,89,0.0800524392169327
832,3,10,150,89,0.06248152673860667
833,3,10,150,89,0.05828935682373833
834,3,10,150,89,0.07861963928254918
835,3,10,150,89,0.131093662595089
836,3,10,150,89,0.05097554749895306
837,3,10,150,89,0.05351287869030783
838,3,10,150,89,0.08633629724227374
839,3,10,150,89,0.0
840,3,10,150,89,0.1518245759629103
841,3,10,150,89,0.0
842,3,10,150,89,0.0
843,3,10,150,89,0.04209275315645388
844,3,10,150,89,0.0
845,3,10,150,89,0.06531065216760332
846,3,10,150,89,0.16592059617503505
847,3,10,150,89,0.0
848,3,10,150,89,0.09796419403030648
849,3,10,150,89,0.15023650744503608
850,3,10,150,89,0.06228974831361337
851,3,10,150,89,0.2277008805972924
852,3,10,150,89,0.07256783117062009
853,3,10,150,89,0.0
854,3,10,150,89,0.0
855,3,10,150,89,0.0
856,3,10,150,89,0.0
857,3,10,150,89,0.0
858,3,10,150,89,0.0
859,3,10,150,89,0.0
860,3,10,150,89,0.0
861,3,10,150,89,0.12754356661958802
862,3,10,150,89,0.18279787522069124
863,3,10,150,89,0.0
864,3,10,150,89,0.19756506460263396
865,3,10,150,89,0.0
866,3,10,150,89,0.0
867,3,10,150,89,0.18752183128814004
868,3,10,150,89,0.0
870,3,10,150,89,0.0
871,3,10,150,89,0.0
872,3,10,150,89,0.0
875,3,10,150,89,0.1395953738647505
876,3,10,150,89,0.0
877,3,10,150,89,0.0
1,3,10,150,90,0.6247579375131872
2,3,10,150,90,0.10688238502350729
3,3,10,150,90,0.0
4,3,10,150,90,0.0
5,3,10,150,90,0.0819283960923954
6,3,10,150,90,0.05340978172012693
7,3,10,150,90,0.23504035371751944
8,3,10,150,90,0.1900735845235601
9,3,10,150,90,0.0
10,3,10,150,90,0.16409920264511527
11,3,10,150,90,0.049016076581777215
12,3,10,150,90,0.13570688190090627
13,3,10,150,90,0.19628692232472766
14,3,10,150,90,0.14623893181570033
15,3,10,150,90,0.0
16,3,10,150,90,0.2571810388985906
17,3,10,150,90,0.12066394366711926
18,3,10,150,90,0.18606782959057458
19,3,10,150,90,0.0
20,3,10,150,90,0.19780725085993958
21,3,10,150,90,0.05824963961462511
22,3,10,150,90,0.17104220435540762
23,3,10,150,90,0.18360000301566626
24,3,10,150,90,0.311062094929455
25,3,10,150,90,0.0
26,3,10,150,90,0.030421795212869307
28,3,10,150,90,0.0
29,3,10,150,90,0.0
30,3,10,150,90,0.0979129253499678
31,3,10,150,90,0.06076546216996844
32,3,10,150,90,0.0
33,3,10,150,90,0.0
34,3,10,150,90,0.0
35,3,10,150,90,0.07108348368841133
37,3,10,150,90,0.08836851842055818
38,3,10,150,90,0.03215366848272267
39,3,10,150,90,0.0
40,3,10,150,90,0.0769181994946132
41,3,10,150,90,0.0
42,3,10,150,90,0.14144963799422255
43,3,10,150,90,0.268915965453296
44,3,10,150,90,0.07698159974258616
45,3,10,150,90,0.04505000432618384
46,3,10,150,90,0.2524329124868603
47,3,10,150,90,0.0
48,3,10,150,90,0.191300388285999
49,3,10,150,90,0.08545966314334597
50,3,10,150,90,0.0
51,3,10,150,90,0.18953836965473142
52,3,10,150,90,0.04892579731758021
53,3,10,150,90,0.09546043308946733
54,3,10,150,90,0.07984133538066794
55,3,10,150,90,0.0
56,3,10,150,90,0.03975645576081676
57,3,10,150,90,0.07600688094360178
58,3,10,150,90,0.12811608865176474
59,3,10,150,90,0.21746077198158723
60,3,10,150,90,0.12123807080432077
61,3,10,150,90,0.0
62,3,10,150,90,0.056765939954965754
63,3,10,150,90,0.03554915059547175
64,3,10,150,90,0.0
65,3,10,150,90,0.3256920858344545
66,3,10,150,90,0.0
67,3,10,150,90,0.0
68,3,10,150,90,0.0
69,3,10,150,90,0.18013245110732332
70,3,10,150,90,0.04310441109649134
71,3,10,150,90,0.1434649426280276
72,3,10,150,90,0.16084022171949366
73,3,10,150,90,0.051960280791503534
74,3,10,150,90,0.0
75,3,10,150,90,0.11731968150568911
76,3,10,150,90,0.14804398249667974
77,3,10,150,90,0.45287742747371695
78,3,10,150,90,0.0
79,3,10,150,90,0.0
80,3,10,150,90,0.08297572808511901
81,3,10,150,90,0.0
82,3,10,150,90,0.10812418485305166
83,3,10,150,90,0.04630610387058298
84,3,10,150,90,0.0
85,3,10,150,90,0.06966660916502733
86,3,10,150,90,0.07738888769495082
87,3,10,150,90,0.10058161863664324
88,3,10,150,90,0.0
89,3,10,150,90,0.22860031301980846
90,3,10,150,90,0.2386569480666451
91,3,10,150,90,0.15983515198577117
92,3,10,150,90,0.07060524915744207
93,3,10,150,90,0.0
94,3,10,150,90,0.19025030646477453
95,3,10,150,90,0.07964436720215591
96,3,10,150,90,0.19186450284072096
97,3,10,150,90,0.2353819276956695
98,3,10,150,90,0.08878770367712427
99,3,10,150,90,0.029785542524894418
100,3,10,150,90,0.0892789338684584
101,3,10,150,90,0.0
102,3,10,150,90,0.026001814664123827
103,3,10,150,90,0.07673373981757839
104,3,10,150,90,0.12171451575741458
106,3,10,150,90,0.05261577455142312
107,3,10,150,90,0.0
108,3,10,150,90,0.0
109,3,10,150,90,0.12702438124116902
110,3,10,150,90,0.08694931131842866
111,3,10,150,90,0.0
112,3,10,150,90,0.06510475888148554
113,3,10,150,90,0.05449144662575446
114,3,10,150,90,0.07610811271330754
115,3,10,150,90,0.07491639684062663
116,3,10,150,90,0.07814915695077672
117,3,10,150,90,0.10135360124281675
118,3,10,150,90,0.0
119,3,10,150,90,0.10939494924525293
121,3,10,150,90,0.06245141164382474
122,3,10,150,90,0.07625852881342107
123,3,10,150,90,0.46927872602275644
124,3,10,150,90,0.10889376106823218
125,3,10,150,90,0.1758278598077621
126,3,10,150,90,0.0
127,3,10,150,90,0.0
128,3,10,150,90,0.047777554739453616
129,3,10,150,90,0.0
130,3,10,150,90,0.11207058154636457
131,3,10,150,90,0.2803335894048546
132,3,10,150,90,0.1431991570830273
133,3,10,150,90,0.0
134,3,10,150,90,0.0
135,3,10,150,90,0.0
136,3,10,150,90,0.40257390286801836
137,3,10,150,90,0.0
138,3,10,150,90,0.21222747957761057
139,3,10,150,90,0.0
140,3,10,150,90,0.0
141,3,10,150,90,0.20239191246999313
142,3,10,150,90,0.30260241349881345
143,3,10,150,90,0.0
144,3,10,150,90,0.2143720535700613
145,3,10,150,90,0.11867414778420507
146,3,10,150,90,0.0
147,3,10,150,90,0.07610811271330754
148,3,10,150,90,0.13364524093464059
149,3,10,150,90,0.05446824630887794
150,3,10,150,90,0.0
151,3,10,150,90,0.17653963481803697
152,3,10,150,90,0.09176715715471626
153,3,10,150,90,0.06516188295518531
154,3,10,150,90,0.055100238151135045
155,3,10,150,90,0.0
156,3,10,150,90,0.07028063830038406
157,3,10,150,90,0.05840183867278569
158,3,10,150,90,0.07413972351842125
159,3,10,150,90,0.11026617795298452
160,3,10,150,90,0.08815843064600337
161,3,10,150,90,0.0
162,3,10,150,90,0.0
163,3,10,150,90,0.0
164,3,10,150,90,0.0
165,3,10,150,90,0.09149012142095872
166,3,10,150,90,0.09726657973356154
167,3,10,150,90,0.03395822402998728
168,3,10,150,90,0.07914143116928869
169,3,10,150,90,0.055427457405235275
170,3,10,150,90,0.0
171,3,10,150,90,0.0
172,3,10,150,90,0.0
173,3,10,150,90,0.07286904346643797
174,3,10,150,90,0.09877498173459962
175,3,10,150,90,0.4413254197204702
176,3,10,150,90,0.08781188970158782
177,3,10,150,90,0.0
178,3,10,150,90,0.18053947820976404
179,3,10,150,90,0.06599888514927177
180,3,10,150,90,0.0
181,3,10,150,90,0.04622579729077891
182,3,10,150,90,0.13120507751234178
183,3,10,150,90,0.0
184,3,10,150,90,0.016355592358211265
185,3,10,150,90,0.0
186,3,10,150,90,0.0
187,3,10,150,90,0.2004102107997965
188,3,10,150,90,0.050562513489816586
189,3,10,150,90,0.22982757951573698
190,3,10,150,90,0.0
191,3,10,150,90,0.07335312372354855
192,3,10,150,90,0.0
193,3,10,150,90,0.04024288246957146
194,3,10,150,90,0.10117267104134949
195,3,10,150,90,0.10257737475069033
196,3,10,150,90,0.17342765698823945
197,3,10,150,90,0.07304192939088519
198,3,10,150,90,0.10387325901274824
199,3,10,150,90,0.052106753859569234
200,3,10,150,90,0.0971420957831845
201,3,10,150,90,0.29844403512100304
202,3,10,150,90,0.0
203,3,10,150,90,0.0
204,3,10,150,90,0.0
205,3,10,150,90,0.11600766930798434
206,3,10,150,90,0.0
207,3,10,150,90,0.17590647434842874
208,3,10,150,90,0.0
209,3,10,150,90,0.070675417981692
210,3,10,150,90,0.0
211,3,10,150,90,0.0
212,3,10,150,90,0.0559167101555819
213,3,10,150,90,0.08985507164305877
214,3,10,150,90,0.1257260924843343
215,3,10,150,90,0.157288596461893
216,3,10,150,90,0.27735230728218535
217,3,10,150,90,0.13000004444613666
218,3,10,150,90,0.06323567569191428
219,3,10,150,90,0.0
220,3,10,150,90,0.07807600999842033
221,3,10,150,90,0.12213234467515617
222,3,10,150,90,0.16053518617112608
223,3,10,150,90,0.039270700903099615
224,3,10,150,90,0.05211803804128038
225,3,10,150,90,0.09311209812195972
226,3,10,150,90,0.0
227,3,10,150,90,0.0
229,3,10,150,90,0.0
230,3,10,150,90,0.1697995249867118
231,3,10,150,90,0.0
232,3,10,150,90,0.0
233,3,10,150,90,0.20123780419810608
234,3,10,150,90,0.17614493215911856
235,3,10,150,90,0.11418024069273867
236,3,10,150,90,0.12127042983235181
237,3,10,150,90,0.04776398023609584
238,3,10,150,90,0.0
239,3,10,150,90,0.16698248640342034
240,3,10,150,90,0.10235170428306553
241,3,10,150,90,0.1381300260171807
242,3,10,150,90,0.0
243,3,10,150,90,0.0
244,3,10,150,90,0.15017336350566032
245,3,10,150,90,0.0
246,3,10,150,90,0.08356426880363813
247,3,10,150,90,0.15642624200758548
248,3,10,150,90,0.23451355966072135
249,3,10,150,90,0.3296200475575061
250,3,10,150,90,0.07806699296748765
251,3,10,150,90,0.0
252,3,10,150,90,0.07630862162354303
253,3,10,150,90,0.038220360097248454
254,3,10,150,90,0.036502603141236205
255,3,10,150,90,0.10933464083642679
256,3,10,150,90,0.0681239071992697
257,3,10,150,90,0.12830873359117523
258,3,10,150,90,0.16260831227163416
259,3,10,150,90,0.0
260,3,10,150,90,0.0
261,3,10,150,90,0.0
262,3,10,150,90,0.024334582709454235
263,3,10,150,90,0.36030713075223775
264,3,10,150,90,0.3852510465367394
265,3,10,150,90,0.19802572813668026
266,3,10,150,90,0.0
267,3,10,150,90,0.22898927482035836
268,3,10,150,90,0.1438361331667273
269,3,10,150,90,0.040019695500760184
270,3,10,150,90,0.049915567102790354
271,3,10,150,90,0.10729393508609222
272,3,10,150,90,0.10457492829503848
273,3,10,150,90,0.0
274,3,10,150,90,0.05380266522938521
275,3,10,150,90,0.0
276,3,10,150,90,0.16683394348006692
277,3,10,150,90,0.0
278,3,10,150,90,0.0
279,3,10,150,90,0.12980652062863637
280,3,10,150,90,0.0882348794193481
281,3,10,150,90,0.0
282,3,10,150,90,0.09659953929285248
283,3,10,150,90,0.0
284,3,10,150,90,0.0
285,3,10,150,90,0.0
286,3,10,150,90,0.016140534521312585
287,3,10,150,90,0.0
288,3,10,150,90,0.13999259891013252
289,3,10,150,90,0.0
290,3,10,150,90,0.09647783930421741
291,3,10,150,90,0.18968772725883148
292,3,10,150,90,0.27665227928348557
293,3,10,150,90,0.16099877562659232
294,3,10,150,90,0.09628038570550856
295,3,10,150,90,0.15956840344924803
296,3,10,150,90,0.15701688667375013
297,3,10,150,90,0.030868393892711742
298,3,10,150,90,0.13814728270261697
299,3,10,150,90,0.132966209938043
300,3,10,150,90,0.0
301,3,10,150,90,0.1296575124303738
302,3,10,150,90,0.07335312372354855
303,3,10,150,90,0.17978154785217412
304,3,10,150,90,0.0
305,3,10,150,90,0.05428021340641747
306,3,10,150,90,0.0
307,3,10,150,90,0.13128644747266613
308,3,10,150,90,0.05707430901002984
309,3,10,150,90,0.0
310,3,10,150,90,0.2890648263178879
311,3,10,150,90,0.17512035582237062
312,3,10,150,90,0.16963857451199318
313,3,10,150,90,0.09586943528179451
314,3,10,150,90,0.10507089418815024
315,3,10,150,90,0.09785159463516042
316,3,10,150,90,0.06076546216996844
317,3,10,150,90,0.0
318,3,10,150,90,0.09228506687340403
319,3,10,150,90,0.0
320,3,10,150,90,0.08947300054212491
321,3,10,150,90,0.08223795175588802
322,3,10,150,90,0.07955752067133452
323,3,10,150,90,0.12229181918924699
324,3,10,150,90,0.0
325,3,10,150,90,0.0
326,3,10,150,90,0.10817904857938596
327,3,10,150,90,0.06042686195815116
328,3,10,150,90,0.1253761246808089
329,3,10,150,90,0.056720838976548935
330,3,10,150,90,0.33051067716070737
331,3,10,150,90,0.0
332,3,10,150,90,0.1160620536137697
333,3,10,150,90,0.0
334,3,10,150,90,0.17920452272414056
335,3,10,150,90,0.0
336,3,10,150,90,0.0
337,3,10,150,90,0.2325689761571779
338,3,10,150,90,0.08388555279643939
339,3,10,150,90,0.2035626803416359
340,3,10,150,90,0.16593574125923852
341,3,10,150,90,0.0
342,3,10,150,90,0.15381739323016694
343,3,10,150,90,0.3675257435678538
344,3,10,150,90,0.13804010954782428
345,3,10,150,90,0.14462655322572632
346,3,10,150,90,0.1264086027263655
347,3,10,150,90,0.11419934147174059
348,3,10,150,90,0.0
349,3,10,150,90,0.07123530534387781
350,3,10,150,90,0.2618835547498317
351,3,10,150,90,0.10570747126847255
352,3,10,150,90,0.16282653392890226
353,3,10,150,90,0.09489642549953911
354,3,10,150,90,0.048823562593396645
355,3,10,150,90,0.05122871476979503
356,3,10,150,90,0.0
357,3,10,150,90,0.03371865946438579
358,3,10,150,90,0.26730206653594746
359,3,10,150,90,0.14341929980357182
360,3,10,150,90,0.1559806047717434
361,3,10,150,90,0.0
362,3,10,150,90,0.0
363,3,10,150,90,0.1867805234163032
364,3,10,150,90,0.0
365,3,10,150,90,0.0989084497079971
366,3,10,150,90,0.1800581708881336
367,3,10,150,90,0.1410054764628891
368,3,10,150,90,0.0
369,3,10,150,90,0.0
370,3,10,150,90,0.045683428159663184
371,3,10,150,90,0.174231549865924
372,3,10,150,90,0.13528214995015655
373,3,10,150,90,0.18128610071101886
374,3,10,150,90,0.1523273086076386
375,3,10,150,90,0.0
376,3,10,150,90,0.0
377,3,10,150,90,0.053168340515114924
378,3,10,150,90,0.07237384689773656
379,3,10,150,90,0.1814915701185313
380,3,10,150,90,0.0
381,3,10,150,90,0.10528437187206623
382,3,10,150,90,0.13500098315004241
383,3,10,150,90,0.06801459236612908
384,3,10,150,90,0.08759200575528697
385,3,10,150,90,0.1546778125427113
386,3,10,150,90,0.0
387,3,10,150,90,0.03814967334348895
388,3,10,150,90,0.029785542524894418
389,3,10,150,90,0.1436557902546879
390,3,10,150,90,0.3221940057104188
391,3,10,150,90,0.298074760835303
392,3,10,150,90,0.12956286824805674
393,3,10,150,90,0.1901132034897212
394,3,10,150,90,0.15290238277303939
395,3,10,150,90,0.15727036710905312
396,3,10,150,90,0.0
397,3,10,150,90,0.12905531436930254
398,3,10,150,90,0.12204637821038242
399,3,10,150,90,0.05509887073092855
400,3,10,150,90,0.0
401,3,10,150,90,0.0
402,3,10,150,90,0.469779625693621
403,3,10,150,90,0.02818923206968657
404,3,10,150,90,0.0
405,3,10,150,90,0.21404391891916746
406,3,10,150,90,0.1428233347987388
407,3,10,150,90,0.13460830383692796
408,3,10,150,90,0.12083071655728543
409,3,10,150,90,0.15086419336317547
410,3,10,150,90,0.0
411,3,10,150,90,0.1128999930808451
412,3,10,150,90,0.0
413,3,10,150,90,0.10122860821230018
414,3,10,150,90,0.0
415,3,10,150,90,0.07605458145297357
416,3,10,150,90,0.27385406574645776
417,3,10,150,90,0.05712516951520643
418,3,10,150,90,0.07001560573318603
419,3,10,150,90,0.26168079122473237
420,3,10,150,90,0.0527075128660253
421,3,10,150,90,0.202729931306865
422,3,10,150,90,0.0
423,3,10,150,90,0.0
424,3,10,150,90,0.13291000263869587
425,3,10,150,90,0.07316321377698815
426,3,10,150,90,0.10004388309532918
427,3,10,150,90,0.0
428,3,10,150,90,0.0
429,3,10,150,90,0.14017724807101872
430,3,10,150,90,0.062242588308449316
431,3,10,150,90,0.0
432,3,10,150,90,0.05253723007572906
433,3,10,150,90,0.0
434,3,10,150,90,0.2870958118344385
435,3,10,150,90,0.18753015357981984
436,3,10,150,90,0.09291494561763272
437,3,10,150,90,0.07387863190475343
438,3,10,150,90,0.0
439,3,10,150,90,0.0
440,3,10,150,90,0.10025741859697787
441,3,10,150,90,0.0615755971851825
442,3,10,150,90,0.13195962283106308
443,3,10,150,90,0.056720838976548935
444,3,10,150,90,0.19519002499605084
445,3,10,150,90,0.0
446,3,10,150,90,0.0
447,3,10,150,90,0.09914294517496557
448,3,10,150,90,0.0
449,3,10,150,90,0.0
450,3,10,150,90,0.29742751293259057
451,3,10,150,90,0.0
452,3,10,150,90,0.048188247044562364
453,3,10,150,90,0.18022452889486731
454,3,10,150,90,0.04660970891255033
455,3,10,150,90,0.2805583936524754
456,3,10,150,90,0.20286127521652125
457,3,10,150,90,0.36238463914482993
458,3,10,150,90,0.12059750656999586
459,3,10,150,90,0.04901586605894737
460,3,10,150,90,0.0
461,3,10,150,90,0.10778915452451093
462,3,10,150,90,0.16728714615527887
463,3,10,150,90,0.1032589365938857
464,3,10,150,90,0.091470579054696
465,3,10,150,90,0.0733934381893728
466,3,10,150,90,0.0750834162528243
467,3,10,150,90,0.032842167909375275
468,3,10,150,90,0.4424763580282471
469,3,10,150,90,0.08625887094910875
470,3,10,150,90,0.040162930685297936
471,3,10,150,90,0.039360765922782585
472,3,10,150,90,0.27889841382069874
473,3,10,150,90,0.08903377327702097
474,3,10,150,90,0.32559262711138187
475,3,10,150,90,0.0
476,3,10,150,90,0.12097589732794561
477,3,10,150,90,0.0
478,3,10,150,90,0.2059565668593519
479,3,10,150,90,0.07893633843817272
480,3,10,150,90,0.0881980292211471
481,3,10,150,90,0.05234104579082298
482,3,10,150,90,0.15905893746943514
483,3,10,150,90,0.06194403202282284
484,3,10,150,90,0.33809266656634696
485,3,10,150,90,0.0
486,3,10,150,90,0.06108300840136219
487,3,10,150,90,0.10060724527338907
488,3,10,150,90,0.05887472794707303
489,3,10,150,90,0.08962370230626507
490,3,10,150,90,0.06490403551612171
491,3,10,150,90,0.17758207479178334
492,3,10,150,90,0.12925417913024104
493,3,10,150,90,0.26530843853655434
494,3,10,150,90,0.19527970003833198
495,3,10,150,90,0.1637144854966556
496,3,10,150,90,0.07271211160102074
497,3,10,150,90,0.10121090134321312
498,3,10,150,90,0.0343217267714905
499,3,10,150,90,0.20764510654310397
500,3,10,150,90,0.04698773570888995
501,3,10,150,90,0.0
502,3,10,150,90,0.03272632263321488
503,3,10,150,90,0.2768332968914173
504,3,10,150,90,0.09794337990609951
505,3,10,150,90,0.025255271126572616
506,3,10,150,90,0.16119309772585624
507,3,10,150,90,0.02579743633593384
508,3,10,150,90,0.2518402952398531
509,3,10,150,90,0.0
510,3,10,150,90,0.17032928501352598
511,3,10,150,90,0.12155021559723776
512,3,10,150,90,0.0
513,3,10,150,90,0.09761131800342168
514,3,10,150,90,0.20202473045271674
515,3,10,150,90,0.0
516,3,10,150,90,0.07947838320659593
517,3,10,150,90,0.03859643636257609
518,3,10,150,90,0.05268083714989503
519,3,10,150,90,0.06666229075440745
520,3,10,150,90,0.0
521,3,10,150,90,0.07649261318048692
522,3,10,150,90,0.2035192592417533
523,3,10,150,90,0.20743522595609606
524,3,10,150,90,0.046049682885898856
525,3,10,150,90,0.06516045994396072
526,3,10,150,90,0.052528565413809895
527,3,10,150,90,0.21068702285875093
528,3,10,150,90,0.1255942414278791
529,3,10,150,90,0.03208343640786788
530,3,10,150,90,0.0
531,3,10,150,90,0.0
532,3,10,150,90,0.20000931548847464
533,3,10,150,90,0.17816347909262814
534,3,10,150,90,0.10040759964046686
535,3,10,150,90,0.26295140635259745
536,3,10,150,90,0.19370572859880655
537,3,10,150,90,0.45134507236127874
538,3,10,150,90,0.09944592215223559
539,3,10,150,90,0.09159470869501925
540,3,10,150,90,0.0
541,3,10,150,90,0.0779170553370938
542,3,10,150,90,0.09883608627417288
543,3,10,150,90,0.037245850295261944
544,3,10,150,90,0.0
545,3,10,150,90,0.1627301445786375
546,3,10,150,90,0.19423009903097527
547,3,10,150,90,0.04528995543568932
548,3,10,150,90,0.13306630679828005
549,3,10,150,90,0.10184659627402569
550,3,10,150,90,0.0845667599404342
551,3,10,150,90,0.27719610202735206
552,3,10,150,90,0.0
553,3,10,150,90,0.15284217773934242
554,3,10,150,90,0.0
555,3,10,150,90,0.037070343480771185
556,3,10,150,90,0.2848749592866812
557,3,10,150,90,0.044530079137671444
558,3,10,150,90,0.21398626473452756
559,3,10,150,90,0.11571122630007512
560,3,10,150,90,0.16944112208105297
561,3,10,150,90,0.10782165784431588
562,3,10,150,90,0.16880427191129663
563,3,10,150,90,0.10791970824616881
564,3,10,150,90,0.0
565,3,10,150,90,0.2016297075493207
566,3,10,150,90,0.11935234359120704
567,3,10,150,90,0.3504555352124596
568,3,10,150,90,0.07161318866452264
569,3,10,150,90,0.023835426911994775
570,3,10,150,90,0.0
571,3,10,150,90,0.0512644431393966
572,3,10,150,90,0.30260241349881345
573,3,10,150,90,0.0
574,3,10,150,90,0.02529922263119915
575,3,10,150,90,0.13043262693172047
576,3,10,150,90,0.0
577,3,10,150,90,0.2017286250978881
578,3,10,150,90,0.0
579,3,10,150,90,0.06152644703210656
580,3,10,150,90,0.03144137376097698
581,3,10,150,90,0.03032211530825568
582,3,10,150,90,0.06679511870650716
583,3,10,150,90,0.13912814892946682
584,3,10,150,90,0.20261715588288354
585,3,10,150,90,0.05899797109864319
586,3,10,150,90,0.0663945281096953
587,3,10,150,90,0.029230460362194715
588,3,10,150,90,0.23848280750933937
589,3,10,150,90,0.09905100598441088
590,3,10,150,90,0.19997970715667693
591,3,10,150,90,0.08651464973019597
592,3,10,150,90,0.2947485380166116
593,3,10,150,90,0.14271020042879362
594,3,10,150,90,0.0
595,3,10,150,90,0.055965373307784824
596,3,10,150,90,0.15081647728233993
597,3,10,150,90,0.02579743633593384
598,3,10,150,90,0.0
599,3,10,150,90,0.04621780199859461
600,3,10,150,90,0.13574631165894233
601,3,10,150,90,0.14661690295711607
602,3,10,150,90,0.041278922835426404
603,3,10,150,90,0.12541207695631323
604,3,10,150,90,0.0
605,3,10,150,90,0.21970118464532165
606,3,10,150,90,0.312224549332871
607,3,10,150,90,0.0308875359117713
608,3,10,150,90,0.20657435219961784
609,3,10,150,90,0.0
610,3,10,150,90,0.12186625680881258
611,3,10,150,90,0.19680646538945382
612,3,10,150,90,0.09162544430476362
613,3,10,150,90,0.1652462050665711
614,3,10,150,90,0.1467868763787456
615,3,10,150,90,0.18894939135123942
616,3,10,150,90,0.030480958763669998
617,3,10,150,90,0.0539699203856165
618,3,10,150,90,0.1426801094010411
619,3,10,150,90,0.14795344439858116
620,3,10,150,90,0.24239278329353608
621,3,10,150,90,0.10569072181389248
622,3,10,150,90,0.16226113935431313
623,3,10,150,90,0.04214302778527282
624,3,10,150,90,0.03202992305603544
625,3,10,150,90,0.07991575154621842
626,3,10,150,90,0.13034538143571256
627,3,10,150,90,0.11471658297235718
628,3,10,150,90,0.0653273647710817
629,3,10,150,90,0.31822291409126885
630,3,10,150,90,0.10834532177911152
631,3,10,150,90,0.13449792459172438
632,3,10,150,90,0.08348454970562778
633,3,10,150,90,0.050456115328747164
634,3,10,150,90,0.11971011117287562
635,3,10,150,90,0.0
636,3,10,150,90,0.4108031518056064
637,3,10,150,90,0.04188454685690797
638,3,10,150,90,0.05152901435389809
639,3,10,150,90,0.01070448204588216
640,3,10,150,90,0.1866475899599741
641,3,10,150,90,0.051358492238643604
642,3,10,150,90,0.28188959391393853
643,3,10,150,90,0.21368826267102806
644,3,10,150,90,0.023868766231572826
645,3,10,150,90,0.17744101704673967
646,3,10,150,90,0.11243817952384734
647,3,10,150,90,0.06590268968688952
648,3,10,150,90,0.26433439454015284
649,3,10,150,90,0.04336490181597879
650,3,10,150,90,0.12714934001593106
651,3,10,150,90,0.0
652,3,10,150,90,0.0
653,3,10,150,90,0.1782467630964617
654,3,10,150,90,0.05402442095740813
655,3,10,150,90,0.4568128559195577
656,3,10,150,90,0.0
657,3,10,150,90,0.2504953915210566
658,3,10,150,90,0.09988783377897062
659,3,10,150,90,0.09950788532097599
660,3,10,150,90,0.050131986455744564
661,3,10,150,90,0.24789554633534927
662,3,10,150,90,0.0
663,3,10,150,90,0.13556872143140483
664,3,10,150,90,0.2433808724049065
665,3,10,150,90,0.08348757143795874
666,3,10,150,90,0.0984455942917154
667,3,10,150,90,0.1487205698875683
668,3,10,150,90,0.0
669,3,10,150,90,0.2287469684999221
670,3,10,150,90,0.0271437232396382
671,3,10,150,90,0.21731875314182048
672,3,10,150,90,0.07973520350569015
673,3,10,150,90,0.03236977394070781
674,3,10,150,90,0.0
675,3,10,150,90,0.0382580635535654
676,3,10,150,90,0.22358931366364498
677,3,10,150,90,0.10158983531347915
678,3,10,150,90,0.04266316057115777
679,3,10,150,90,0.20531579536501102
680,3,10,150,90,0.022168697248564677
681,3,10,150,90,0.0
682,3,10,150,90,0.2118878792954557
683,3,10,150,90,0.10991129435376559
684,3,10,150,90,0.03158850394477252
685,3,10,150,90,0.20373936192022438
686,3,10,150,90,0.2987531530167816
687,3,10,150,90,0.0
688,3,10,150,90,0.0
689,3,10,150,90,0.429307082657261
690,3,10,150,90,0.24802939400095458
691,3,10,150,90,0.6023709850354425
692,3,10,150,90,0.03353522641880846
693,3,10,150,90,0.04711181933747839
694,3,10,150,90,0.21361709189247302
695,3,10,150,90,0.05816383356143395
696,3,10,150,90,0.08111636357522063
697,3,10,150,90,0.11087840672502129
698,3,10,150,90,0.0
699,3,10,150,90,0.06266837015218314
700,3,10,150,90,0.0
701,3,10,150,90,0.12271508523586225
702,3,10,150,90,0.0
703,3,10,150,90,0.21888235022994418
704,3,10,150,90,0.24598285660901478
705,3,10,150,90,0.29964721753496854
706,3,10,150,90,0.03481402556224447
707,3,10,150,90,0.24100733072594407
708,3,10,150,90,0.03476299583640518
709,3,10,150,90,0.17767709199491483
710,3,10,150,90,0.25040922491354684
711,3,10,150,90,0.19019589140904572
712,3,10,150,90,0.0709301463537875
713,3,10,150,90,0.0
714,3,10,150,90,0.1266607864485773
715,3,10,150,90,0.16860516623933322
716,3,10,150,90,0.2649236215840406
717,3,10,150,90,0.15218028545758808
718,3,10,150,90,0.0
719,3,10,150,90,0.10353175087921149
720,3,10,150,90,0.05925736915373658
721,3,10,150,90,0.16793709717191038
722,3,10,150,90,0.07401896317743158
723,3,10,150,90,0.0
724,3,10,150,90,0.0
725,3,10,150,90,0.04733244938590725
726,3,10,150,90,0.10841847307700177
727,3,10,150,90,0.06625598216590291
728,3,10,150,90,0.0
729,3,10,150,90,0.1312200120995304
730,3,10,150,90,0.0
731,3,10,150,90,0.2313771176155589
732,3,10,150,90,0.05717828980196049
733,3,10,150,90,0.020730875129846955
734,3,10,150,90,0.08131766139183766
735,3,10,150,90,0.12905232756659873
736,3,10,150,90,0.047009109882897075
737,3,10,150,90,0.12127716502890909
738,3,10,150,90,0.09907057054543131
739,3,10,150,90,0.18767092572990207
740,3,10,150,90,0.0523780734795101
741,3,10,150,90,0.09620963094643388
742,3,10,150,90,0.0527075128660253
743,3,10,150,90,0.1194783875505714
744,3,10,150,90,0.0
745,3,10,150,90,0.06774344219296054
746,3,10,150,90,0.24124954544361757
747,3,10,150,90,0.20395060901728546
748,3,10,150,90,0.05777785042626121
749,3,10,150,90,0.2584037576446127
750,3,10,150,90,0.20954227812062592
751,3,10,150,90,0.06407706415564705
752,3,10,150,90,0.08155432360208091
753,3,10,150,90,0.09985462455958868
754,3,10,150,90,0.0
755,3,10,150,90,0.0
756,3,10,150,90,0.044143057780823704
757,3,10,150,90,0.18464075722796058
758,3,10,150,90,0.2413449617765791
759,3,10,150,90,0.04828669550714567
760,3,10,150,90,0.16006374561654185
761,3,10,150,90,0.17663858756688974
762,3,10,150,90,0.0
763,3,10,150,90,0.15021194072867564
764,3,10,150,90,0.04710969775183564
765,3,10,150,90,0.0966785411876802
766,3,10,150,90,0.035191004809260996
767,3,10,150,90,0.1269544353559099
768,3,10,150,90,0.09997171219938322
769,3,10,150,90,0.0
770,3,10,150,90,0.207274302223422
771,3,10,150,90,0.07363642524234874
772,3,10,150,90,0.038996699933076286
773,3,10,150,90,0.15659560794124947
774,3,10,150,90,0.0
775,3,10,150,90,0.0910478037169899
776,3,10,150,90,0.04721006604760436
777,3,10,150,90,0.0
778,3,10,150,90,0.08961728720334347
779,3,10,150,90,0.0
780,3,10,150,90,0.19393055855404154
781,3,10,150,90,0.16573484494600602
782,3,10,150,90,0.011135550403378058
783,3,10,150,90,0.07763399617214947
784,3,10,150,90,0.04582425041433568
785,3,10,150,90,0.2848262604068979
786,3,10,150,90,0.13901223847985233
787,3,10,150,90,0.0
788,3,10,150,90,0.046626370288649896
789,3,10,150,90,0.14531023848228133
790,3,10,150,90,0.08452117092278105
791,3,10,150,90,0.059480024314918285
792,3,10,150,90,0.0946587791577201
793,3,10,150,90,0.11843263243420837
794,3,10,150,90,0.1578863001786244
795,3,10,150,90,0.10325242280712206
796,3,10,150,90,0.1145275641223123
797,3,10,150,90,0.13905617951077562
798,3,10,150,90,0.02688415331260267
799,3,10,150,90,0.2836929289153804
800,3,10,150,90,0.0
801,3,10,150,90,0.0
802,3,10,150,90,0.05621908976192367
803,3,10,150,90,0.0
804,3,10,150,90,0.20994146470018396
805,3,10,150,90,0.15771169694749937
806,3,10,150,90,0.10606704841588428
807,3,10,150,90,0.22931014490903673
808,3,10,150,90,0.09905728133858463
809,3,10,150,90,0.0
810,3,10,150,90,0.0
811,3,10,150,90,0.1162989546852336
812,3,10,150,90,0.11600766930798434
813,3,10,150,90,0.06916902856231065
814,3,10,150,90,0.054181637470214
815,3,10,150,90,0.10380674919178415
816,3,10,150,90,0.10105367325027378
817,3,10,150,90,0.0
818,3,10,150,90,0.05187864210776578
819,3,10,150,90,0.0
820,3,10,150,90,0.12262943855309168
821,3,10,150,90,0.18684232150964158
822,3,10,150,90,0.0
823,3,10,150,90,0.14011732711290795
824,3,10,150,90,0.0
825,3,10,150,90,0.16434089815347858
826,3,10,150,90,0.1395338307503347
827,3,10,150,90,0.0
828,3,10,150,90,0.0
829,3,10,150,90,0.08143169212679746
830,3,10,150,90,0.15298484663625925
831,3,10,150,90,0.0800524392169327
832,3,10,150,90,0.06248152673860667
833,3,10,150,90,0.05828935682373833
834,3,10,150,90,0.11748729211308383
835,3,10,150,90,0.131093662595089
836,3,10,150,90,0.05097554749895306
837,3,10,150,90,0.05351287869030783
838,3,10,150,90,0.08633629724227374
839,3,10,150,90,0.0
840,3,10,150,90,0.1518245759629103
841,3,10,150,90,0.0
842,3,10,150,90,0.0
843,3,10,150,90,0.04209275315645388
844,3,10,150,90,0.0
845,3,10,150,90,0.06531065216760332
846,3,10,150,90,0.16592059617503505
847,3,10,150,90,0.0
848,3,10,150,90,0.09796419403030648
849,3,10,150,90,0.15023650744503608
850,3,10,150,90,0.06228974831361337
851,3,10,150,90,0.2277008805972924
852,3,10,150,90,0.07256783117062009
853,3,10,150,90,0.0
854,3,10,150,90,0.0
855,3,10,150,90,0.0
856,3,10,150,90,0.0
857,3,10,150,90,0.0
858,3,10,150,90,0.0
859,3,10,150,90,0.0
860,3,10,150,90,0.0
861,3,10,150,90,0.12754356661958802
862,3,10,150,90,0.18279787522069124
863,3,10,150,90,0.0
864,3,10,150,90,0.19756506460263396
865,3,10,150,90,0.0
866,3,10,150,90,0.0
867,3,10,150,90,0.18752183128814004
868,3,10,150,90,0.0
870,3,10,150,90,0.0
871,3,10,150,90,0.0
872,3,10,150,90,0.0
875,3,10,150,90,0.1395953738647505
876,3,10,150,90,0.0
877,3,10,150,90,0.0
1,3,10,150,91,0.6247579375131872
2,3,10,150,91,0.10688238502350729
3,3,10,150,91,0.0
4,3,10,150,91,0.0
5,3,10,150,91,0.0819283960923954
6,3,10,150,91,0.05340978172012693
7,3,10,150,91,0.23504035371751944
8,3,10,150,91,0.1900735845235601
9,3,10,150,91,0.0
10,3,10,150,91,0.16409920264511527
11,3,10,150,91,0.049016076581777215
12,3,10,150,91,0.13570688190090627
13,3,10,150,91,0.1947498022031324
14,3,10,150,91,0.14623893181570033
15,3,10,150,91,0.0
16,3,10,150,91,0.2571810388985906
17,3,10,150,91,0.12066394366711926
18,3,10,150,91,0.18606782959057458
19,3,10,150,91,0.0
20,3,10,150,91,0.19780725085993958
21,3,10,150,91,0.05824963961462511
22,3,10,150,91,0.17104220435540762
23,3,10,150,91,0.18360000301566626
24,3,10,150,91,0.311062094929455
25,3,10,150,91,0.0
26,3,10,150,91,0.030421795212869307
28,3,10,150,91,0.0
29,3,10,150,91,0.0
30,3,10,150,91,0.0979129253499678
31,3,10,150,91,0.06076546216996844
32,3,10,150,91,0.0
33,3,10,150,91,0.0
34,3,10,150,91,0.0
35,3,10,150,91,0.07108348368841133
37,3,10,150,91,0.08836851842055818
38,3,10,150,91,0.03215366848272267
39,3,10,150,91,0.0
40,3,10,150,91,0.0769181994946132
41,3,10,150,91,0.0
42,3,10,150,91,0.14144963799422255
43,3,10,150,91,0.268915965453296
44,3,10,150,91,0.07698159974258616
45,3,10,150,91,0.04505000432618384
46,3,10,150,91,0.2524329124868603
47,3,10,150,91,0.0
48,3,10,150,91,0.191300388285999
49,3,10,150,91,0.08545966314334597
50,3,10,150,91,0.0
51,3,10,150,91,0.18953836965473142
52,3,10,150,91,0.04892579731758021
53,3,10,150,91,0.09546043308946733
54,3,10,150,91,0.07984133538066794
55,3,10,150,91,0.0
56,3,10,150,91,0.03975645576081676
57,3,10,150,91,0.07600688094360178
58,3,10,150,91,0.12811608865176474
59,3,10,150,91,0.21746077198158723
60,3,10,150,91,0.12123807080432077
61,3,10,150,91,0.0
62,3,10,150,91,0.056765939954965754
63,3,10,150,91,0.03554915059547175
64,3,10,150,91,0.0
65,3,10,150,91,0.3256920858344545
66,3,10,150,91,0.0
67,3,10,150,91,0.0
68,3,10,150,91,0.0
69,3,10,150,91,0.18013245110732332
70,3,10,150,91,0.04310441109649134
71,3,10,150,91,0.1434649426280276
72,3,10,150,91,0.16084022171949366
73,3,10,150,91,0.051960280791503534
74,3,10,150,91,0.0
75,3,10,150,91,0.11731968150568911
76,3,10,150,91,0.14804398249667974
77,3,10,150,91,0.45287742747371695
78,3,10,150,91,0.0
79,3,10,150,91,0.0
80,3,10,150,91,0.08297572808511901
81,3,10,150,91,0.0
82,3,10,150,91,0.10812418485305166
83,3,10,150,91,0.04630610387058298
84,3,10,150,91,0.0
85,3,10,150,91,0.06966660916502733
86,3,10,150,91,0.07738888769495082
87,3,10,150,91,0.10058161863664324
88,3,10,150,91,0.0
89,3,10,150,91,0.22860031301980846
90,3,10,150,91,0.2386569480666451
91,3,10,150,91,0.15983515198577117
92,3,10,150,91,0.08160318594832756
93,3,10,150,91,0.0
94,3,10,150,91,0.19025030646477453
95,3,10,150,91,0.07964436720215591
96,3,10,150,91,0.19186450284072096
97,3,10,150,91,0.2353819276956695
98,3,10,150,91,0.08878770367712427
99,3,10,150,91,0.029785542524894418
100,3,10,150,91,0.0892789338684584
101,3,10,150,91,0.0
102,3,10,150,91,0.026001814664123827
103,3,10,150,91,0.07673373981757839
104,3,10,150,91,0.12171451575741458
106,3,10,150,91,0.05261577455142312
107,3,10,150,91,0.0
108,3,10,150,91,0.0
109,3,10,150,91,0.12702438124116902
110,3,10,150,91,0.08694931131842866
111,3,10,150,91,0.0
112,3,10,150,91,0.06510475888148554
113,3,10,150,91,0.05449144662575446
114,3,10,150,91,0.07610811271330754
115,3,10,150,91,0.10223434053382421
116,3,10,150,91,0.07814915695077672
117,3,10,150,91,0.10135360124281675
118,3,10,150,91,0.0
119,3,10,150,91,0.10939494924525293
121,3,10,150,91,0.06245141164382474
122,3,10,150,91,0.07625852881342107
123,3,10,150,91,0.46927872602275644
124,3,10,150,91,0.10889376106823218
125,3,10,150,91,0.1758278598077621
126,3,10,150,91,0.0
127,3,10,150,91,0.0
128,3,10,150,91,0.047777554739453616
129,3,10,150,91,0.0
130,3,10,150,91,0.11207058154636457
131,3,10,150,91,0.2803335894048546
132,3,10,150,91,0.1431991570830273
133,3,10,150,91,0.0
134,3,10,150,91,0.0
135,3,10,150,91,0.0
136,3,10,150,91,0.40257390286801836
137,3,10,150,91,0.0
138,3,10,150,91,0.21222747957761057
139,3,10,150,91,0.0
140,3,10,150,91,0.0
141,3,10,150,91,0.20239191246999313
142,3,10,150,91,0.30260241349881345
143,3,10,150,91,0.0
144,3,10,150,91,0.2143720535700613
145,3,10,150,91,0.11867414778420507
146,3,10,150,91,0.0
147,3,10,150,91,0.07610811271330754
148,3,10,150,91,0.13364524093464059
149,3,10,150,91,0.05446824630887794
150,3,10,150,91,0.0
151,3,10,150,91,0.17653963481803697
152,3,10,150,91,0.09176715715471626
153,3,10,150,91,0.06516188295518531
154,3,10,150,91,0.055100238151135045
155,3,10,150,91,0.0
156,3,10,150,91,0.07028063830038406
157,3,10,150,91,0.05840183867278569
158,3,10,150,91,0.07413972351842125
159,3,10,150,91,0.11026617795298452
160,3,10,150,91,0.08815843064600337
161,3,10,150,91,0.0
162,3,10,150,91,0.0
163,3,10,150,91,0.0
164,3,10,150,91,0.0
165,3,10,150,91,0.09149012142095872
166,3,10,150,91,0.09726657973356154
167,3,10,150,91,0.03395822402998728
168,3,10,150,91,0.07914143116928869
169,3,10,150,91,0.055427457405235275
170,3,10,150,91,0.0
171,3,10,150,91,0.0
172,3,10,150,91,0.0
173,3,10,150,91,0.07286904346643797
174,3,10,150,91,0.09877498173459962
175,3,10,150,91,0.4413254197204702
176,3,10,150,91,0.08781188970158782
177,3,10,150,91,0.0
178,3,10,150,91,0.18053947820976404
179,3,10,150,91,0.06599888514927177
180,3,10,150,91,0.0
181,3,10,150,91,0.04622579729077891
182,3,10,150,91,0.13120507751234178
183,3,10,150,91,0.0
184,3,10,150,91,0.016355592358211265
185,3,10,150,91,0.0
186,3,10,150,91,0.0
187,3,10,150,91,0.2004102107997965
188,3,10,150,91,0.050562513489816586
189,3,10,150,91,0.22982757951573698
190,3,10,150,91,0.0
191,3,10,150,91,0.07335312372354855
192,3,10,150,91,0.0
193,3,10,150,91,0.04024288246957146
194,3,10,150,91,0.10117267104134949
195,3,10,150,91,0.10257737475069033
196,3,10,150,91,0.17342765698823945
197,3,10,150,91,0.07304192939088519
198,3,10,150,91,0.10387325901274824
199,3,10,150,91,0.052106753859569234
200,3,10,150,91,0.0971420957831845
201,3,10,150,91,0.29844403512100304
202,3,10,150,91,0.0
203,3,10,150,91,0.0
204,3,10,150,91,0.0
205,3,10,150,91,0.11600766930798434
206,3,10,150,91,0.0
207,3,10,150,91,0.17590647434842874
208,3,10,150,91,0.0
209,3,10,150,91,0.070675417981692
210,3,10,150,91,0.0
211,3,10,150,91,0.0
212,3,10,150,91,0.0559167101555819
213,3,10,150,91,0.08985507164305877
214,3,10,150,91,0.1257260924843343
215,3,10,150,91,0.157288596461893
216,3,10,150,91,0.27735230728218535
217,3,10,150,91,0.13000004444613666
218,3,10,150,91,0.06323567569191428
219,3,10,150,91,0.0
220,3,10,150,91,0.07807600999842033
221,3,10,150,91,0.12213234467515617
222,3,10,150,91,0.16053518617112608
223,3,10,150,91,0.039270700903099615
224,3,10,150,91,0.05211803804128038
225,3,10,150,91,0.09311209812195972
226,3,10,150,91,0.0
227,3,10,150,91,0.0
229,3,10,150,91,0.0
230,3,10,150,91,0.1697995249867118
231,3,10,150,91,0.0
232,3,10,150,91,0.0
233,3,10,150,91,0.20123780419810608
234,3,10,150,91,0.17614493215911856
235,3,10,150,91,0.11418024069273867
236,3,10,150,91,0.12127042983235181
237,3,10,150,91,0.04776398023609584
238,3,10,150,91,0.0
239,3,10,150,91,0.18633974250368845
240,3,10,150,91,0.10235170428306553
241,3,10,150,91,0.1381300260171807
242,3,10,150,91,0.0
243,3,10,150,91,0.0
244,3,10,150,91,0.15017336350566032
245,3,10,150,91,0.0
246,3,10,150,91,0.08356426880363813
247,3,10,150,91,0.15642624200758548
248,3,10,150,91,0.23451355966072135
249,3,10,150,91,0.3296200475575061
250,3,10,150,91,0.07806699296748765
251,3,10,150,91,0.0
252,3,10,150,91,0.07630862162354303
253,3,10,150,91,0.038220360097248454
254,3,10,150,91,0.036502603141236205
255,3,10,150,91,0.10933464083642679
256,3,10,150,91,0.0681239071992697
257,3,10,150,91,0.12830873359117523
258,3,10,150,91,0.16260831227163416
259,3,10,150,91,0.0
260,3,10,150,91,0.0
261,3,10,150,91,0.0
262,3,10,150,91,0.024334582709454235
263,3,10,150,91,0.36030713075223775
264,3,10,150,91,0.3852510465367394
265,3,10,150,91,0.19802572813668026
266,3,10,150,91,0.0
267,3,10,150,91,0.22898927482035836
268,3,10,150,91,0.1438361331667273
269,3,10,150,91,0.040019695500760184
270,3,10,150,91,0.049915567102790354
271,3,10,150,91,0.10729393508609222
272,3,10,150,91,0.10457492829503848
273,3,10,150,91,0.0
274,3,10,150,91,0.05380266522938521
275,3,10,150,91,0.0
276,3,10,150,91,0.16683394348006692
277,3,10,150,91,0.0
278,3,10,150,91,0.0
279,3,10,150,91,0.12980652062863637
280,3,10,150,91,0.0882348794193481
281,3,10,150,91,0.0
282,3,10,150,91,0.09659953929285248
283,3,10,150,91,0.0
284,3,10,150,91,0.0
285,3,10,150,91,0.0
286,3,10,150,91,0.016140534521312585
287,3,10,150,91,0.0
288,3,10,150,91,0.13999259891013252
289,3,10,150,91,0.0
290,3,10,150,91,0.09647783930421741
291,3,10,150,91,0.18968772725883148
292,3,10,150,91,0.27665227928348557
293,3,10,150,91,0.17256984169669168
294,3,10,150,91,0.09628038570550856
295,3,10,150,91,0.15956840344924803
296,3,10,150,91,0.15701688667375013
297,3,10,150,91,0.030868393892711742
298,3,10,150,91,0.13814728270261697
299,3,10,150,91,0.132966209938043
300,3,10,150,91,0.0
301,3,10,150,91,0.1296575124303738
302,3,10,150,91,0.07335312372354855
303,3,10,150,91,0.17978154785217412
304,3,10,150,91,0.0
305,3,10,150,91,0.05428021340641747
306,3,10,150,91,0.0
307,3,10,150,91,0.13128644747266613
308,3,10,150,91,0.05707430901002984
309,3,10,150,91,0.0
310,3,10,150,91,0.2890648263178879
311,3,10,150,91,0.17512035582237062
312,3,10,150,91,0.16963857451199318
313,3,10,150,91,0.09586943528179451
314,3,10,150,91,0.10507089418815024
315,3,10,150,91,0.09785159463516042
316,3,10,150,91,0.06076546216996844
317,3,10,150,91,0.0
318,3,10,150,91,0.09228506687340403
319,3,10,150,91,0.0
320,3,10,150,91,0.08947300054212491
321,3,10,150,91,0.08223795175588802
322,3,10,150,91,0.07955752067133452
323,3,10,150,91,0.12229181918924699
324,3,10,150,91,0.0
325,3,10,150,91,0.0
326,3,10,150,91,0.10817904857938596
327,3,10,150,91,0.06042686195815116
328,3,10,150,91,0.1253761246808089
329,3,10,150,91,0.056720838976548935
330,3,10,150,91,0.33051067716070737
331,3,10,150,91,0.0
332,3,10,150,91,0.1160620536137697
333,3,10,150,91,0.0
334,3,10,150,91,0.17920452272414056
335,3,10,150,91,0.0
336,3,10,150,91,0.0
337,3,10,150,91,0.2325689761571779
338,3,10,150,91,0.08388555279643939
339,3,10,150,91,0.2035626803416359
340,3,10,150,91,0.16593574125923852
341,3,10,150,91,0.0
342,3,10,150,91,0.15381739323016694
343,3,10,150,91,0.3675257435678538
344,3,10,150,91,0.13804010954782428
345,3,10,150,91,0.14462655322572632
346,3,10,150,91,0.1264086027263655
347,3,10,150,91,0.11419934147174059
348,3,10,150,91,0.0
349,3,10,150,91,0.07123530534387781
350,3,10,150,91,0.2618835547498317
351,3,10,150,91,0.10570747126847255
352,3,10,150,91,0.19656450833316597
353,3,10,150,91,0.09489642549953911
354,3,10,150,91,0.048823562593396645
355,3,10,150,91,0.05122871476979503
356,3,10,150,91,0.0
357,3,10,150,91,0.03371865946438579
358,3,10,150,91,0.26730206653594746
359,3,10,150,91,0.14341929980357182
360,3,10,150,91,0.1559806047717434
361,3,10,150,91,0.0
362,3,10,150,91,0.0
363,3,10,150,91,0.1867805234163032
364,3,10,150,91,0.0
365,3,10,150,91,0.0989084497079971
366,3,10,150,91,0.1800581708881336
367,3,10,150,91,0.1410054764628891
368,3,10,150,91,0.0
369,3,10,150,91,0.0
370,3,10,150,91,0.045683428159663184
371,3,10,150,91,0.174231549865924
372,3,10,150,91,0.1614349203887353
373,3,10,150,91,0.18128610071101886
374,3,10,150,91,0.1523273086076386
375,3,10,150,91,0.0
376,3,10,150,91,0.0
377,3,10,150,91,0.053168340515114924
378,3,10,150,91,0.07237384689773656
379,3,10,150,91,0.1814915701185313
380,3,10,150,91,0.0
381,3,10,150,91,0.10528437187206623
382,3,10,150,91,0.13500098315004241
383,3,10,150,91,0.06801459236612908
384,3,10,150,91,0.08759200575528697
385,3,10,150,91,0.1546778125427113
386,3,10,150,91,0.0
387,3,10,150,91,0.03814967334348895
388,3,10,150,91,0.029785542524894418
389,3,10,150,91,0.1436557902546879
390,3,10,150,91,0.3221940057104188
391,3,10,150,91,0.298074760835303
392,3,10,150,91,0.12956286824805674
393,3,10,150,91,0.1901132034897212
394,3,10,150,91,0.15290238277303939
395,3,10,150,91,0.15727036710905312
396,3,10,150,91,0.0
397,3,10,150,91,0.12905531436930254
398,3,10,150,91,0.12204637821038242
399,3,10,150,91,0.05509887073092855
400,3,10,150,91,0.0
401,3,10,150,91,0.0
402,3,10,150,91,0.469779625693621
403,3,10,150,91,0.02818923206968657
404,3,10,150,91,0.0
405,3,10,150,91,0.2123677440075681
406,3,10,150,91,0.1428233347987388
407,3,10,150,91,0.14649337636835694
408,3,10,150,91,0.12083071655728543
409,3,10,150,91,0.15086419336317547
410,3,10,150,91,0.0
411,3,10,150,91,0.1128999930808451
412,3,10,150,91,0.0
413,3,10,150,91,0.10122860821230018
414,3,10,150,91,0.0
415,3,10,150,91,0.07605458145297357
416,3,10,150,91,0.2795405043208482
417,3,10,150,91,0.05712516951520643
418,3,10,150,91,0.07001560573318603
419,3,10,150,91,0.26168079122473237
420,3,10,150,91,0.0527075128660253
421,3,10,150,91,0.202729931306865
422,3,10,150,91,0.0
423,3,10,150,91,0.0
424,3,10,150,91,0.13291000263869587
425,3,10,150,91,0.07316321377698815
426,3,10,150,91,0.10004388309532918
427,3,10,150,91,0.0
428,3,10,150,91,0.0
429,3,10,150,91,0.14017724807101872
430,3,10,150,91,0.062242588308449316
431,3,10,150,91,0.0
432,3,10,150,91,0.05253723007572906
433,3,10,150,91,0.0
434,3,10,150,91,0.2870958118344385
435,3,10,150,91,0.18753015357981984
436,3,10,150,91,0.09291494561763272
437,3,10,150,91,0.08401780728647901
438,3,10,150,91,0.0
439,3,10,150,91,0.0
440,3,10,150,91,0.10025741859697787
441,3,10,150,91,0.0615755971851825
442,3,10,150,91,0.13195962283106308
443,3,10,150,91,0.056720838976548935
444,3,10,150,91,0.19519002499605084
445,3,10,150,91,0.0
446,3,10,150,91,0.0
447,3,10,150,91,0.09914294517496557
448,3,10,150,91,0.0
449,3,10,150,91,0.0
450,3,10,150,91,0.2950983622717616
451,3,10,150,91,0.0
452,3,10,150,91,0.048188247044562364
453,3,10,150,91,0.18022452889486731
454,3,10,150,91,0.04660970891255033
455,3,10,150,91,0.2805583936524754
456,3,10,150,91,0.20286127521652125
457,3,10,150,91,0.36238463914482993
458,3,10,150,91,0.12059750656999586
459,3,10,150,91,0.04901586605894737
460,3,10,150,91,0.0
461,3,10,150,91,0.10778915452451093
462,3,10,150,91,0.16728714615527887
463,3,10,150,91,0.1032589365938857
464,3,10,150,91,0.091470579054696
465,3,10,150,91,0.0733934381893728
466,3,10,150,91,0.0750834162528243
467,3,10,150,91,0.032842167909375275
468,3,10,150,91,0.4424763580282471
469,3,10,150,91,0.08625887094910875
470,3,10,150,91,0.040162930685297936
471,3,10,150,91,0.039360765922782585
472,3,10,150,91,0.28787642753790593
473,3,10,150,91,0.08903377327702097
474,3,10,150,91,0.32559262711138187
475,3,10,150,91,0.0
476,3,10,150,91,0.12097589732794561
477,3,10,150,91,0.0
478,3,10,150,91,0.2059565668593519
479,3,10,150,91,0.07893633843817272
480,3,10,150,91,0.0881980292211471
481,3,10,150,91,0.05234104579082298
482,3,10,150,91,0.15905893746943514
483,3,10,150,91,0.06194403202282284
484,3,10,150,91,0.33809266656634696
485,3,10,150,91,0.0
486,3,10,150,91,0.06108300840136219
487,3,10,150,91,0.10060724527338907
488,3,10,150,91,0.05887472794707303
489,3,10,150,91,0.10713073670593917
490,3,10,150,91,0.06490403551612171
491,3,10,150,91,0.17758207479178334
492,3,10,150,91,0.12925417913024104
493,3,10,150,91,0.26530843853655434
494,3,10,150,91,0.19527970003833198
495,3,10,150,91,0.17408269195663154
496,3,10,150,91,0.07271211160102074
497,3,10,150,91,0.10121090134321312
498,3,10,150,91,0.0343217267714905
499,3,10,150,91,0.2224748000580069
500,3,10,150,91,0.04698773570888995
501,3,10,150,91,0.0
502,3,10,150,91,0.03272632263321488
503,3,10,150,91,0.2768332968914173
504,3,10,150,91,0.09794337990609951
505,3,10,150,91,0.025255271126572616
506,3,10,150,91,0.16119309772585624
507,3,10,150,91,0.02579743633593384
508,3,10,150,91,0.2518402952398531
509,3,10,150,91,0.0
510,3,10,150,91,0.17032928501352598
511,3,10,150,91,0.12155021559723776
512,3,10,150,91,0.0
513,3,10,150,91,0.09761131800342168
514,3,10,150,91,0.20202473045271674
515,3,10,150,91,0.0
516,3,10,150,91,0.07947838320659593
517,3,10,150,91,0.03859643636257609
518,3,10,150,91,0.05268083714989503
519,3,10,150,91,0.06666229075440745
520,3,10,150,91,0.0
521,3,10,150,91,0.07649261318048692
522,3,10,150,91,0.2035192592417533
523,3,10,150,91,0.20743522595609606
524,3,10,150,91,0.04568906846839887
525,3,10,150,91,0.06516045994396072
526,3,10,150,91,0.052528565413809895
527,3,10,150,91,0.21068702285875093
528,3,10,150,91,0.1255942414278791
529,3,10,150,91,0.03208343640786788
530,3,10,150,91,0.0
531,3,10,150,91,0.0
532,3,10,150,91,0.20000931548847464
533,3,10,150,91,0.17816347909262814
534,3,10,150,91,0.10040759964046686
535,3,10,150,91,0.26295140635259745
536,3,10,150,91,0.19370572859880655
537,3,10,150,91,0.4478105954623967
538,3,10,150,91,0.09944592215223559
539,3,10,150,91,0.09159470869501925
540,3,10,150,91,0.0
541,3,10,150,91,0.0779170553370938
542,3,10,150,91,0.09883608627417288
543,3,10,150,91,0.037245850295261944
544,3,10,150,91,0.04213592739148787
545,3,10,150,91,0.1627301445786375
546,3,10,150,91,0.19423009903097527
547,3,10,150,91,0.04528995543568932
548,3,10,150,91,0.13306630679828005
549,3,10,150,91,0.10184659627402569
550,3,10,150,91,0.0845667599404342
551,3,10,150,91,0.2750253832601123
552,3,10,150,91,0.0
553,3,10,150,91,0.15284217773934242
554,3,10,150,91,0.0
555,3,10,150,91,0.037070343480771185
556,3,10,150,91,0.2848749592866812
557,3,10,150,91,0.044530079137671444
558,3,10,150,91,0.21398626473452756
559,3,10,150,91,0.11571122630007512
560,3,10,150,91,0.16944112208105297
561,3,10,150,91,0.10697730796173902
562,3,10,150,91,0.16880427191129663
563,3,10,150,91,0.10791970824616881
564,3,10,150,91,0.0
565,3,10,150,91,0.2016297075493207
566,3,10,150,91,0.11935234359120704
567,3,10,150,91,0.3504555352124596
568,3,10,150,91,0.07161318866452264
569,3,10,150,91,0.023835426911994775
570,3,10,150,91,0.0
571,3,10,150,91,0.0512644431393966
572,3,10,150,91,0.30260241349881345
573,3,10,150,91,0.0
574,3,10,150,91,0.02529922263119915
575,3,10,150,91,0.13043262693172047
576,3,10,150,91,0.0
577,3,10,150,91,0.2017286250978881
578,3,10,150,91,0.0
579,3,10,150,91,0.06152644703210656
580,3,10,150,91,0.03144137376097698
581,3,10,150,91,0.03032211530825568
582,3,10,150,91,0.06679511870650716
583,3,10,150,91,0.13912814892946682
584,3,10,150,91,0.20261715588288354
585,3,10,150,91,0.05899797109864319
586,3,10,150,91,0.0663945281096953
587,3,10,150,91,0.029230460362194715
588,3,10,150,91,0.23661525200571448
589,3,10,150,91,0.09905100598441088
590,3,10,150,91,0.19997970715667693
591,3,10,150,91,0.08651464973019597
592,3,10,150,91,0.2924403663705831
593,3,10,150,91,0.14271020042879362
594,3,10,150,91,0.0
595,3,10,150,91,0.055965373307784824
596,3,10,150,91,0.15081647728233993
597,3,10,150,91,0.02579743633593384
598,3,10,150,91,0.0
599,3,10,150,91,0.04621780199859461
600,3,10,150,91,0.13574631165894233
601,3,10,150,91,0.14661690295711607
602,3,10,150,91,0.041278922835426404
603,3,10,150,91,0.12541207695631323
604,3,10,150,91,0.0
605,3,10,150,91,0.21970118464532165
606,3,10,150,91,0.3097795232885908
607,3,10,150,91,0.0308875359117713
608,3,10,150,91,0.20657435219961784
609,3,10,150,91,0.0
610,3,10,150,91,0.12186625680881258
611,3,10,150,91,0.19680646538945382
612,3,10,150,91,0.09162544430476362
613,3,10,150,91,0.1652462050665711
614,3,10,150,91,0.1467868763787456
615,3,10,150,91,0.18894939135123942
616,3,10,150,91,0.030480958763669998
617,3,10,150,91,0.0539699203856165
618,3,10,150,91,0.1426801094010411
619,3,10,150,91,0.14795344439858116
620,3,10,150,91,0.24239278329353608
621,3,10,150,91,0.10569072181389248
622,3,10,150,91,0.16226113935431313
623,3,10,150,91,0.04214302778527282
624,3,10,150,91,0.03202992305603544
625,3,10,150,91,0.07991575154621842
626,3,10,150,91,0.13034538143571256
627,3,10,150,91,0.11471658297235718
628,3,10,150,91,0.0653273647710817
629,3,10,150,91,0.31822291409126885
630,3,10,150,91,0.10834532177911152
631,3,10,150,91,0.13449792459172438
632,3,10,150,91,0.08348454970562778
633,3,10,150,91,0.050456115328747164
634,3,10,150,91,0.11971011117287562
635,3,10,150,91,0.0
636,3,10,150,91,0.4108031518056064
637,3,10,150,91,0.04188454685690797
638,3,10,150,91,0.05152901435389809
639,3,10,150,91,0.01070448204588216
640,3,10,150,91,0.1866475899599741
641,3,10,150,91,0.051358492238643604
642,3,10,150,91,0.28751310638052924
643,3,10,150,91,0.21368826267102806
644,3,10,150,91,0.023868766231572826
645,3,10,150,91,0.17744101704673967
646,3,10,150,91,0.11243817952384734
647,3,10,150,91,0.06590268968688952
648,3,10,150,91,0.2622643956229291
649,3,10,150,91,0.04336490181597879
650,3,10,150,91,0.1261536353267378
651,3,10,150,91,0.0
652,3,10,150,91,0.0
653,3,10,150,91,0.18468190111009256
654,3,10,150,91,0.05402442095740813
655,3,10,150,91,0.45323556088471223
656,3,10,150,91,0.0
657,3,10,150,91,0.2504953915210566
658,3,10,150,91,0.09988783377897062
659,3,10,150,91,0.09950788532097599
660,3,10,150,91,0.04973940357653887
661,3,10,150,91,0.24789554633534927
662,3,10,150,91,0.0
663,3,10,150,91,0.13556872143140483
664,3,10,150,91,0.2433808724049065
665,3,10,150,91,0.09320226066953219
666,3,10,150,91,0.09767466823064108
667,3,10,150,91,0.1487205698875683
668,3,10,150,91,0.0
669,3,10,150,91,0.2287469684999221
670,3,10,150,91,0.0271437232396382
671,3,10,150,91,0.21731875314182048
672,3,10,150,91,0.07973520350569015
673,3,10,150,91,0.03236977394070781
674,3,10,150,91,0.0
675,3,10,150,91,0.0382580635535654
676,3,10,150,91,0.22358931366364498
677,3,10,150,91,0.10158983531347915
678,3,10,150,91,0.04266316057115777
679,3,10,150,91,0.20531579536501102
680,3,10,150,91,0.022168697248564677
681,3,10,150,91,0.0
682,3,10,150,91,0.21022858829975513
683,3,10,150,91,0.10991129435376559
684,3,10,150,91,0.03158850394477252
685,3,10,150,91,0.20373936192022438
686,3,10,150,91,0.2987531530167816
687,3,10,150,91,0.0
688,3,10,150,91,0.0
689,3,10,150,91,0.429307082657261
690,3,10,150,91,0.24802939400095458
691,3,10,150,91,0.6023709850354425
692,3,10,150,91,0.03353522641880846
693,3,10,150,91,0.04711181933747839
694,3,10,150,91,0.21361709189247302
695,3,10,150,91,0.05816383356143395
696,3,10,150,91,0.08111636357522063
697,3,10,150,91,0.11087840672502129
698,3,10,150,91,0.0
699,3,10,150,91,0.06266837015218314
700,3,10,150,91,0.0
701,3,10,150,91,0.12271508523586225
702,3,10,150,91,0.0
703,3,10,150,91,0.21888235022994418
704,3,10,150,91,0.24598285660901478
705,3,10,150,91,0.29964721753496854
706,3,10,150,91,0.03481402556224447
707,3,10,150,91,0.2469509916192275
708,3,10,150,91,0.03476299583640518
709,3,10,150,91,0.17767709199491483
710,3,10,150,91,0.26751805020186437
711,3,10,150,91,0.19019589140904572
712,3,10,150,91,0.0709301463537875
713,3,10,150,91,0.0
714,3,10,150,91,0.1266607864485773
715,3,10,150,91,0.16860516623933322
716,3,10,150,91,0.2628490084381427
717,3,10,150,91,0.15218028545758808
718,3,10,150,91,0.0
719,3,10,150,91,0.10353175087921149
720,3,10,150,91,0.05925736915373658
721,3,10,150,91,0.16793709717191038
722,3,10,150,91,0.07401896317743158
723,3,10,150,91,0.0
724,3,10,150,91,0.0
725,3,10,150,91,0.04733244938590725
726,3,10,150,91,0.10841847307700177
727,3,10,150,91,0.06573713250359693
728,3,10,150,91,0.0
729,3,10,150,91,0.1312200120995304
730,3,10,150,91,0.0
731,3,10,150,91,0.2313771176155589
732,3,10,150,91,0.05717828980196049
733,3,10,150,91,0.020730875129846955
734,3,10,150,91,0.08131766139183766
735,3,10,150,91,0.12905232756659873
736,3,10,150,91,0.047009109882897075
737,3,10,150,91,0.12127716502890909
738,3,10,150,91,0.09907057054543131
739,3,10,150,91,0.18767092572990207
740,3,10,150,91,0.0523780734795101
741,3,10,150,91,0.09620963094643388
742,3,10,150,91,0.0527075128660253
743,3,10,150,91,0.1194783875505714
744,3,10,150,91,0.0
745,3,10,150,91,0.06774344219296054
746,3,10,150,91,0.24124954544361757
747,3,10,150,91,0.20395060901728546
748,3,10,150,91,0.05777785042626121
749,3,10,150,91,0.2563802014613115
750,3,10,150,91,0.20954227812062592
751,3,10,150,91,0.06407706415564705
752,3,10,150,91,0.08155432360208091
753,3,10,150,91,0.09985462455958868
754,3,10,150,91,0.0
755,3,10,150,91,0.0
756,3,10,150,91,0.044143057780823704
757,3,10,150,91,0.18464075722796058
758,3,10,150,91,0.24728597868586472
759,3,10,150,91,0.04828669550714567
760,3,10,150,91,0.16006374561654185
761,3,10,150,91,0.17663858756688974
762,3,10,150,91,0.0
763,3,10,150,91,0.15021194072867564
764,3,10,150,91,0.04710969775183564
765,3,10,150,91,0.0966785411876802
766,3,10,150,91,0.035191004809260996
767,3,10,150,91,0.1269544353559099
768,3,10,150,91,0.09997171219938322
769,3,10,150,91,0.0
770,3,10,150,91,0.207274302223422
771,3,10,150,91,0.07363642524234874
772,3,10,150,91,0.038996699933076286
773,3,10,150,91,0.15659560794124947
774,3,10,150,91,0.0
775,3,10,150,91,0.0910478037169899
776,3,10,150,91,0.04721006604760436
777,3,10,150,91,0.0
778,3,10,150,91,0.08961728720334347
779,3,10,150,91,0.0
780,3,10,150,91,0.19393055855404154
781,3,10,150,91,0.16573484494600602
782,3,10,150,91,0.011135550403378058
783,3,10,150,91,0.07763399617214947
784,3,10,150,91,0.04582425041433568
785,3,10,150,91,0.2848262604068979
786,3,10,150,91,0.13901223847985233
787,3,10,150,91,0.0
788,3,10,150,91,0.046626370288649896
789,3,10,150,91,0.14531023848228133
790,3,10,150,91,0.08452117092278105
791,3,10,150,91,0.059480024314918285
792,3,10,150,91,0.0946587791577201
793,3,10,150,91,0.11843263243420837
794,3,10,150,91,0.1578863001786244
795,3,10,150,91,0.10325242280712206
796,3,10,150,91,0.1145275641223123
797,3,10,150,91,0.13905617951077562
798,3,10,150,91,0.02688415331260267
799,3,10,150,91,0.2836929289153804
800,3,10,150,91,0.0
801,3,10,150,91,0.0
802,3,10,150,91,0.05621908976192367
803,3,10,150,91,0.0
804,3,10,150,91,0.20994146470018396
805,3,10,150,91,0.15771169694749937
806,3,10,150,91,0.10606704841588428
807,3,10,150,91,0.22931014490903673
808,3,10,150,91,0.09905728133858463
809,3,10,150,91,0.0
810,3,10,150,91,0.0
811,3,10,150,91,0.1162989546852336
812,3,10,150,91,0.11600766930798434
813,3,10,150,91,0.06916902856231065
814,3,10,150,91,0.054181637470214
815,3,10,150,91,0.10380674919178415
816,3,10,150,91,0.10105367325027378
817,3,10,150,91,0.0
818,3,10,150,91,0.05187864210776578
819,3,10,150,91,0.0
820,3,10,150,91,0.12262943855309168
821,3,10,150,91,0.18684232150964158
822,3,10,150,91,0.0
823,3,10,150,91,0.14011732711290795
824,3,10,150,91,0.0
825,3,10,150,91,0.16434089815347858
826,3,10,150,91,0.1395338307503347
827,3,10,150,91,0.0
828,3,10,150,91,0.0
829,3,10,150,91,0.08143169212679746
830,3,10,150,91,0.15298484663625925
831,3,10,150,91,0.0800524392169327
832,3,10,150,91,0.06248152673860667
833,3,10,150,91,0.05828935682373833
834,3,10,150,91,0.11748729211308383
835,3,10,150,91,0.131093662595089
836,3,10,150,91,0.05097554749895306
837,3,10,150,91,0.05351287869030783
838,3,10,150,91,0.08633629724227374
839,3,10,150,91,0.0
840,3,10,150,91,0.1518245759629103
841,3,10,150,91,0.0
842,3,10,150,91,0.0
843,3,10,150,91,0.04209275315645388
844,3,10,150,91,0.0
845,3,10,150,91,0.06531065216760332
846,3,10,150,91,0.16592059617503505
847,3,10,150,91,0.0
848,3,10,150,91,0.09796419403030648
849,3,10,150,91,0.15023650744503608
850,3,10,150,91,0.06228974831361337
851,3,10,150,91,0.2277008805972924
852,3,10,150,91,0.07256783117062009
853,3,10,150,91,0.0
854,3,10,150,91,0.0
855,3,10,150,91,0.0
856,3,10,150,91,0.0
857,3,10,150,91,0.0
858,3,10,150,91,0.0
859,3,10,150,91,0.0
860,3,10,150,91,0.0
861,3,10,150,91,0.12754356661958802
862,3,10,150,91,0.18279787522069124
863,3,10,150,91,0.0
864,3,10,150,91,0.19756506460263396
865,3,10,150,91,0.0
866,3,10,150,91,0.0
867,3,10,150,91,0.18752183128814004
868,3,10,150,91,0.0
870,3,10,150,91,0.0
871,3,10,150,91,0.0
872,3,10,150,91,0.0
875,3,10,150,91,0.1395953738647505
876,3,10,150,91,0.0
877,3,10,150,91,0.0
1,3,10,150,92,0.6247579375131872
2,3,10,150,92,0.10688238502350729
3,3,10,150,92,0.0
4,3,10,150,92,0.0
5,3,10,150,92,0.0819283960923954
6,3,10,150,92,0.05340978172012693
7,3,10,150,92,0.24562477693914872
8,3,10,150,92,0.1900735845235601
9,3,10,150,92,0.0
10,3,10,150,92,0.16409920264511527
11,3,10,150,92,0.049016076581777215
12,3,10,150,92,0.13570688190090627
13,3,10,150,92,0.1932401506572064
14,3,10,150,92,0.14623893181570033
15,3,10,150,92,0.0
16,3,10,150,92,0.2571810388985906
17,3,10,150,92,0.12066394366711926
18,3,10,150,92,0.18606782959057458
19,3,10,150,92,0.0
20,3,10,150,92,0.19780725085993958
21,3,10,150,92,0.05824963961462511
22,3,10,150,92,0.17104220435540762
23,3,10,150,92,0.18360000301566626
24,3,10,150,92,0.311062094929455
25,3,10,150,92,0.0
26,3,10,150,92,0.030421795212869307
28,3,10,150,92,0.0
29,3,10,150,92,0.0
30,3,10,150,92,0.0979129253499678
31,3,10,150,92,0.06076546216996844
32,3,10,150,92,0.0
33,3,10,150,92,0.0
34,3,10,150,92,0.0
35,3,10,150,92,0.07108348368841133
37,3,10,150,92,0.08836851842055818
38,3,10,150,92,0.06070898734241371
39,3,10,150,92,0.0
40,3,10,150,92,0.0769181994946132
41,3,10,150,92,0.0
42,3,10,150,92,0.14144963799422255
43,3,10,150,92,0.268915965453296
44,3,10,150,92,0.07698159974258616
45,3,10,150,92,0.04505000432618384
46,3,10,150,92,0.2524329124868603
47,3,10,150,92,0.0
48,3,10,150,92,0.191300388285999
49,3,10,150,92,0.08545966314334597
50,3,10,150,92,0.0
51,3,10,150,92,0.18953836965473142
52,3,10,150,92,0.04892579731758021
53,3,10,150,92,0.09546043308946733
54,3,10,150,92,0.07984133538066794
55,3,10,150,92,0.0
56,3,10,150,92,0.03975645576081676
57,3,10,150,92,0.07600688094360178
58,3,10,150,92,0.12811608865176474
59,3,10,150,92,0.2288547885821571
60,3,10,150,92,0.12123807080432077
61,3,10,150,92,0.0
62,3,10,150,92,0.056765939954965754
63,3,10,150,92,0.03554915059547175
64,3,10,150,92,0.0
65,3,10,150,92,0.3256920858344545
66,3,10,150,92,0.0
67,3,10,150,92,0.0
68,3,10,150,92,0.0
69,3,10,150,92,0.18013245110732332
70,3,10,150,92,0.04310441109649134
71,3,10,150,92,0.1434649426280276
72,3,10,150,92,0.16084022171949366
73,3,10,150,92,0.051960280791503534
74,3,10,150,92,0.0
75,3,10,150,92,0.11731968150568911
76,3,10,150,92,0.14804398249667974
77,3,10,150,92,0.45287742747371695
78,3,10,150,92,0.0
79,3,10,150,92,0.0
80,3,10,150,92,0.08297572808511901
81,3,10,150,92,0.0
82,3,10,150,92,0.10812418485305166
83,3,10,150,92,0.04630610387058298
84,3,10,150,92,0.0
85,3,10,150,92,0.06966660916502733
86,3,10,150,92,0.07738888769495082
87,3,10,150,92,0.10058161863664324
88,3,10,150,92,0.0
89,3,10,150,92,0.22860031301980846
90,3,10,150,92,0.2386569480666451
91,3,10,150,92,0.15983515198577117
92,3,10,150,92,0.09257489104321932
93,3,10,150,92,0.0
94,3,10,150,92,0.19025030646477453
95,3,10,150,92,0.07964436720215591
96,3,10,150,92,0.19186450284072096
97,3,10,150,92,0.2353819276956695
98,3,10,150,92,0.08878770367712427
99,3,10,150,92,0.029785542524894418
100,3,10,150,92,0.0892789338684584
101,3,10,150,92,0.0
102,3,10,150,92,0.026001814664123827
103,3,10,150,92,0.07673373981757839
104,3,10,150,92,0.12171451575741458
106,3,10,150,92,0.05261577455142312
107,3,10,150,92,0.0
108,3,10,150,92,0.0
109,3,10,150,92,0.12702438124116902
110,3,10,150,92,0.08694931131842866
111,3,10,150,92,0.0
112,3,10,150,92,0.06510475888148554
113,3,10,150,92,0.05449144662575446
114,3,10,150,92,0.07610811271330754
115,3,10,150,92,0.10223434053382421
116,3,10,150,92,0.07814915695077672
117,3,10,150,92,0.10135360124281675
118,3,10,150,92,0.0
119,3,10,150,92,0.10939494924525293
121,3,10,150,92,0.06245141164382474
122,3,10,150,92,0.07625852881342107
123,3,10,150,92,0.46927872602275644
124,3,10,150,92,0.10889376106823218
125,3,10,150,92,0.1758278598077621
126,3,10,150,92,0.0
127,3,10,150,92,0.0
128,3,10,150,92,0.047777554739453616
129,3,10,150,92,0.0
130,3,10,150,92,0.11207058154636457
131,3,10,150,92,0.2803335894048546
132,3,10,150,92,0.1431991570830273
133,3,10,150,92,0.0
134,3,10,150,92,0.0
135,3,10,150,92,0.0
136,3,10,150,92,0.40257390286801836
137,3,10,150,92,0.0
138,3,10,150,92,0.21222747957761057
139,3,10,150,92,0.0
140,3,10,150,92,0.0
141,3,10,150,92,0.20239191246999313
142,3,10,150,92,0.30260241349881345
143,3,10,150,92,0.0
144,3,10,150,92,0.2143720535700613
145,3,10,150,92,0.11867414778420507
146,3,10,150,92,0.0
147,3,10,150,92,0.07610811271330754
148,3,10,150,92,0.13364524093464059
149,3,10,150,92,0.05446824630887794
150,3,10,150,92,0.0
151,3,10,150,92,0.17653963481803697
152,3,10,150,92,0.09176715715471626
153,3,10,150,92,0.06516188295518531
154,3,10,150,92,0.055100238151135045
155,3,10,150,92,0.0
156,3,10,150,92,0.07028063830038406
157,3,10,150,92,0.05840183867278569
158,3,10,150,92,0.07413972351842125
159,3,10,150,92,0.11026617795298452
160,3,10,150,92,0.08815843064600337
161,3,10,150,92,0.0
162,3,10,150,92,0.0
163,3,10,150,92,0.0
164,3,10,150,92,0.0
165,3,10,150,92,0.09149012142095872
166,3,10,150,92,0.09726657973356154
167,3,10,150,92,0.03395822402998728
168,3,10,150,92,0.07914143116928869
169,3,10,150,92,0.055427457405235275
170,3,10,150,92,0.0
171,3,10,150,92,0.0
172,3,10,150,92,0.0
173,3,10,150,92,0.07286904346643797
174,3,10,150,92,0.11920425119752891
175,3,10,150,92,0.4413254197204702
176,3,10,150,92,0.08781188970158782
177,3,10,150,92,0.0
178,3,10,150,92,0.18053947820976404
179,3,10,150,92,0.06599888514927177
180,3,10,150,92,0.0
181,3,10,150,92,0.04622579729077891
182,3,10,150,92,0.13120507751234178
183,3,10,150,92,0.0
184,3,10,150,92,0.016355592358211265
185,3,10,150,92,0.0
186,3,10,150,92,0.0
187,3,10,150,92,0.2004102107997965
188,3,10,150,92,0.050562513489816586
189,3,10,150,92,0.22982757951573698
190,3,10,150,92,0.0
191,3,10,150,92,0.07335312372354855
192,3,10,150,92,0.0
193,3,10,150,92,0.04024288246957146
194,3,10,150,92,0.10117267104134949
195,3,10,150,92,0.10257737475069033
196,3,10,150,92,0.17342765698823945
197,3,10,150,92,0.07304192939088519
198,3,10,150,92,0.10387325901274824
199,3,10,150,92,0.052106753859569234
200,3,10,150,92,0.0971420957831845
201,3,10,150,92,0.308906360326706
202,3,10,150,92,0.0
203,3,10,150,92,0.0
204,3,10,150,92,0.0
205,3,10,150,92,0.11600766930798434
206,3,10,150,92,0.0
207,3,10,150,92,0.18903990435185206
208,3,10,150,92,0.0
209,3,10,150,92,0.070675417981692
210,3,10,150,92,0.0
211,3,10,150,92,0.0
212,3,10,150,92,0.0559167101555819
213,3,10,150,92,0.08985507164305877
214,3,10,150,92,0.1257260924843343
215,3,10,150,92,0.157288596461893
216,3,10,150,92,0.27735230728218535
217,3,10,150,92,0.13000004444613666
218,3,10,150,92,0.06323567569191428
219,3,10,150,92,0.0
220,3,10,150,92,0.07807600999842033
221,3,10,150,92,0.12213234467515617
222,3,10,150,92,0.16053518617112608
223,3,10,150,92,0.039270700903099615
224,3,10,150,92,0.05211803804128038
225,3,10,150,92,0.09311209812195972
226,3,10,150,92,0.0
227,3,10,150,92,0.0
229,3,10,150,92,0.0
230,3,10,150,92,0.1697995249867118
231,3,10,150,92,0.0
232,3,10,150,92,0.0
233,3,10,150,92,0.20123780419810608
234,3,10,150,92,0.18434490788732266
235,3,10,150,92,0.11418024069273867
236,3,10,150,92,0.12127042983235181
237,3,10,150,92,0.04776398023609584
238,3,10,150,92,0.0
239,3,10,150,92,0.18633974250368845
240,3,10,150,92,0.10235170428306553
241,3,10,150,92,0.1381300260171807
242,3,10,150,92,0.0
243,3,10,150,92,0.0
244,3,10,150,92,0.15017336350566032
245,3,10,150,92,0.0
246,3,10,150,92,0.08356426880363813
247,3,10,150,92,0.15642624200758548
248,3,10,150,92,0.23451355966072135
249,3,10,150,92,0.3296200475575061
250,3,10,150,92,0.07806699296748765
251,3,10,150,92,0.0
252,3,10,150,92,0.07630862162354303
253,3,10,150,92,0.038220360097248454
254,3,10,150,92,0.036502603141236205
255,3,10,150,92,0.10933464083642679
256,3,10,150,92,0.0681239071992697
257,3,10,150,92,0.12830873359117523
258,3,10,150,92,0.16260831227163416
259,3,10,150,92,0.0
260,3,10,150,92,0.0
261,3,10,150,92,0.0
262,3,10,150,92,0.024334582709454235
263,3,10,150,92,0.36030713075223775
264,3,10,150,92,0.3852510465367394
265,3,10,150,92,0.19802572813668026
266,3,10,150,92,0.0
267,3,10,150,92,0.22898927482035836
268,3,10,150,92,0.1438361331667273
269,3,10,150,92,0.040019695500760184
270,3,10,150,92,0.049915567102790354
271,3,10,150,92,0.10729393508609222
272,3,10,150,92,0.10457492829503848
273,3,10,150,92,0.0
274,3,10,150,92,0.05380266522938521
275,3,10,150,92,0.0
276,3,10,150,92,0.16683394348006692
277,3,10,150,92,0.0
278,3,10,150,92,0.0
279,3,10,150,92,0.12980652062863637
280,3,10,150,92,0.0882348794193481
281,3,10,150,92,0.0
282,3,10,150,92,0.09659953929285248
283,3,10,150,92,0.0
284,3,10,150,92,0.0
285,3,10,150,92,0.0
286,3,10,150,92,0.016140534521312585
287,3,10,150,92,0.0
288,3,10,150,92,0.13999259891013252
289,3,10,150,92,0.0
290,3,10,150,92,0.09647783930421741
291,3,10,150,92,0.18968772725883148
292,3,10,150,92,0.27665227928348557
293,3,10,150,92,0.17256984169669168
294,3,10,150,92,0.09628038570550856
295,3,10,150,92,0.15956840344924803
296,3,10,150,92,0.15701688667375013
297,3,10,150,92,0.030868393892711742
298,3,10,150,92,0.13814728270261697
299,3,10,150,92,0.132966209938043
300,3,10,150,92,0.0
301,3,10,150,92,0.1296575124303738
302,3,10,150,92,0.07335312372354855
303,3,10,150,92,0.17978154785217412
304,3,10,150,92,0.0
305,3,10,150,92,0.05428021340641747
306,3,10,150,92,0.0
307,3,10,150,92,0.13128644747266613
308,3,10,150,92,0.05707430901002984
309,3,10,150,92,0.0
310,3,10,150,92,0.2890648263178879
311,3,10,150,92,0.17512035582237062
312,3,10,150,92,0.16963857451199318
313,3,10,150,92,0.09586943528179451
314,3,10,150,92,0.10507089418815024
315,3,10,150,92,0.09785159463516042
316,3,10,150,92,0.06076546216996844
317,3,10,150,92,0.0
318,3,10,150,92,0.09228506687340403
319,3,10,150,92,0.0
320,3,10,150,92,0.08947300054212491
321,3,10,150,92,0.08223795175588802
322,3,10,150,92,0.07955752067133452
323,3,10,150,92,0.12229181918924699
324,3,10,150,92,0.0
325,3,10,150,92,0.0
326,3,10,150,92,0.10817904857938596
327,3,10,150,92,0.07522118447398767
328,3,10,150,92,0.1253761246808089
329,3,10,150,92,0.056720838976548935
330,3,10,150,92,0.33051067716070737
331,3,10,150,92,0.0
332,3,10,150,92,0.1160620536137697
333,3,10,150,92,0.0
334,3,10,150,92,0.17920452272414056
335,3,10,150,92,0.0
336,3,10,150,92,0.0
337,3,10,150,92,0.2325689761571779
338,3,10,150,92,0.08388555279643939
339,3,10,150,92,0.2035626803416359
340,3,10,150,92,0.16593574125923852
341,3,10,150,92,0.0
342,3,10,150,92,0.15381739323016694
343,3,10,150,92,0.3675257435678538
344,3,10,150,92,0.13804010954782428
345,3,10,150,92,0.14462655322572632
346,3,10,150,92,0.1264086027263655
347,3,10,150,92,0.11419934147174059
348,3,10,150,92,0.0
349,3,10,150,92,0.07123530534387781
350,3,10,150,92,0.2618835547498317
351,3,10,150,92,0.10570747126847255
352,3,10,150,92,0.19656450833316597
353,3,10,150,92,0.09489642549953911
354,3,10,150,92,0.048823562593396645
355,3,10,150,92,0.05122871476979503
356,3,10,150,92,0.0
357,3,10,150,92,0.03371865946438579
358,3,10,150,92,0.26730206653594746
359,3,10,150,92,0.14341929980357182
360,3,10,150,92,0.1559806047717434
361,3,10,150,92,0.0
362,3,10,150,92,0.0
363,3,10,150,92,0.1867805234163032
364,3,10,150,92,0.0
365,3,10,150,92,0.0989084497079971
366,3,10,150,92,0.1800581708881336
367,3,10,150,92,0.1410054764628891
368,3,10,150,92,0.0
369,3,10,150,92,0.0
370,3,10,150,92,0.045683428159663184
371,3,10,150,92,0.174231549865924
372,3,10,150,92,0.1614349203887353
373,3,10,150,92,0.18128610071101886
374,3,10,150,92,0.1523273086076386
375,3,10,150,92,0.0
376,3,10,150,92,0.0
377,3,10,150,92,0.053168340515114924
378,3,10,150,92,0.07237384689773656
379,3,10,150,92,0.1814915701185313
380,3,10,150,92,0.0
381,3,10,150,92,0.10528437187206623
382,3,10,150,92,0.13500098315004241
383,3,10,150,92,0.06801459236612908
384,3,10,150,92,0.08759200575528697
385,3,10,150,92,0.1546778125427113
386,3,10,150,92,0.0
387,3,10,150,92,0.03814967334348895
388,3,10,150,92,0.029785542524894418
389,3,10,150,92,0.1436557902546879
390,3,10,150,92,0.3221940057104188
391,3,10,150,92,0.298074760835303
392,3,10,150,92,0.12956286824805674
393,3,10,150,92,0.19817909493889546
394,3,10,150,92,0.15290238277303939
395,3,10,150,92,0.15727036710905312
396,3,10,150,92,0.0
397,3,10,150,92,0.12905531436930254
398,3,10,150,92,0.12204637821038242
399,3,10,150,92,0.05509887073092855
400,3,10,150,92,0.0
401,3,10,150,92,0.0
402,3,10,150,92,0.469779625693621
403,3,10,150,92,0.02818923206968657
404,3,10,150,92,0.0
405,3,10,150,92,0.21072152260236512
406,3,10,150,92,0.1428233347987388
407,3,10,150,92,0.14649337636835694
408,3,10,150,92,0.12083071655728543
409,3,10,150,92,0.15086419336317547
410,3,10,150,92,0.0
411,3,10,150,92,0.1128999930808451
412,3,10,150,92,0.0
413,3,10,150,92,0.10122860821230018
414,3,10,150,92,0.0
415,3,10,150,92,0.07605458145297357
416,3,10,150,92,0.2773735765513569
417,3,10,150,92,0.05712516951520643
418,3,10,150,92,0.07001560573318603
419,3,10,150,92,0.26168079122473237
420,3,10,150,92,0.0527075128660253
421,3,10,150,92,0.202729931306865
422,3,10,150,92,0.0
423,3,10,150,92,0.0
424,3,10,150,92,0.13291000263869587
425,3,10,150,92,0.07316321377698815
426,3,10,150,92,0.10004388309532918
427,3,10,150,92,0.0
428,3,10,150,92,0.0
429,3,10,150,92,0.14805121685965988
430,3,10,150,92,0.062242588308449316
431,3,10,150,92,0.0
432,3,10,150,92,0.05253723007572906
433,3,10,150,92,0.0
434,3,10,150,92,0.2870958118344385
435,3,10,150,92,0.18753015357981984
436,3,10,150,92,0.09291494561763272
437,3,10,150,92,0.08401780728647901
438,3,10,150,92,0.0
439,3,10,150,92,0.0
440,3,10,150,92,0.10025741859697787
441,3,10,150,92,0.0615755971851825
442,3,10,150,92,0.13195962283106308
443,3,10,150,92,0.056720838976548935
444,3,10,150,92,0.19519002499605084
445,3,10,150,92,0.0
446,3,10,150,92,0.0
447,3,10,150,92,0.09914294517496557
448,3,10,150,92,0.0
449,3,10,150,92,0.0
450,3,10,150,92,0.29281083389553697
451,3,10,150,92,0.0
452,3,10,150,92,0.048188247044562364
453,3,10,150,92,0.19529878873641995
454,3,10,150,92,0.04660970891255033
455,3,10,150,92,0.2805583936524754
456,3,10,150,92,0.20286127521652125
457,3,10,150,92,0.36238463914482993
458,3,10,150,92,0.12059750656999586
459,3,10,150,92,0.04901586605894737
460,3,10,150,92,0.0
461,3,10,150,92,0.10778915452451093
462,3,10,150,92,0.16728714615527887
463,3,10,150,92,0.1032589365938857
464,3,10,150,92,0.091470579054696
465,3,10,150,92,0.0733934381893728
466,3,10,150,92,0.0750834162528243
467,3,10,150,92,0.032842167909375275
468,3,10,150,92,0.4424763580282471
469,3,10,150,92,0.08625887094910875
470,3,10,150,92,0.06625332292180271
471,3,10,150,92,0.039360765922782585
472,3,10,150,92,0.29683302737258815
473,3,10,150,92,0.08903377327702097
474,3,10,150,92,0.33346659590002303
475,3,10,150,92,0.0
476,3,10,150,92,0.12097589732794561
477,3,10,150,92,0.0
478,3,10,150,92,0.2059565668593519
479,3,10,150,92,0.07893633843817272
480,3,10,150,92,0.0881980292211471
481,3,10,150,92,0.05234104579082298
482,3,10,150,92,0.15905893746943514
483,3,10,150,92,0.06194403202282284
484,3,10,150,92,0.33809266656634696
485,3,10,150,92,0.0
486,3,10,150,92,0.06108300840136219
487,3,10,150,92,0.10060724527338907
488,3,10,150,92,0.05887472794707303
489,3,10,150,92,0.10713073670593917
490,3,10,150,92,0.06490403551612171
491,3,10,150,92,0.17758207479178334
492,3,10,150,92,0.12925417913024104
493,3,10,150,92,0.26530843853655434
494,3,10,150,92,0.19527970003833198
495,3,10,150,92,0.17408269195663154
496,3,10,150,92,0.07271211160102074
497,3,10,150,92,0.10121090134321312
498,3,10,150,92,0.0343217267714905
499,3,10,150,92,0.2224748000580069
500,3,10,150,92,0.04698773570888995
501,3,10,150,92,0.0
502,3,10,150,92,0.03272632263321488
503,3,10,150,92,0.2768332968914173
504,3,10,150,92,0.09794337990609951
505,3,10,150,92,0.025255271126572616
506,3,10,150,92,0.16119309772585624
507,3,10,150,92,0.02579743633593384
508,3,10,150,92,0.2518402952398531
509,3,10,150,92,0.0
510,3,10,150,92,0.17032928501352598
511,3,10,150,92,0.12155021559723776
512,3,10,150,92,0.0
513,3,10,150,92,0.09761131800342168
514,3,10,150,92,0.20202473045271674
515,3,10,150,92,0.0
516,3,10,150,92,0.07947838320659593
517,3,10,150,92,0.03859643636257609
518,3,10,150,92,0.05268083714989503
519,3,10,150,92,0.06666229075440745
520,3,10,150,92,0.0
521,3,10,150,92,0.07649261318048692
522,3,10,150,92,0.2035192592417533
523,3,10,150,92,0.20743522595609606
524,3,10,150,92,0.045334898286632556
525,3,10,150,92,0.06516045994396072
526,3,10,150,92,0.052528565413809895
527,3,10,150,92,0.21068702285875093
528,3,10,150,92,0.1255942414278791
529,3,10,150,92,0.03208343640786788
530,3,10,150,92,0.0
531,3,10,150,92,0.0
532,3,10,150,92,0.20000931548847464
533,3,10,150,92,0.17816347909262814
534,3,10,150,92,0.10040759964046686
535,3,10,150,92,0.26295140635259745
536,3,10,150,92,0.19370572859880655
537,3,10,150,92,0.45209102901752124
538,3,10,150,92,0.09944592215223559
539,3,10,150,92,0.09159470869501925
540,3,10,150,92,0.0
541,3,10,150,92,0.0779170553370938
542,3,10,150,92,0.11196951627759619
543,3,10,150,92,0.037245850295261944
544,3,10,150,92,0.04213592739148787
545,3,10,150,92,0.1627301445786375
546,3,10,150,92,0.19423009903097527
547,3,10,150,92,0.04528995543568932
548,3,10,150,92,0.1447639295950455
549,3,10,150,92,0.10184659627402569
550,3,10,150,92,0.0845667599404342
551,3,10,150,92,0.27289345557489464
552,3,10,150,92,0.0
553,3,10,150,92,0.15284217773934242
554,3,10,150,92,0.0
555,3,10,150,92,0.037070343480771185
556,3,10,150,92,0.2848749592866812
557,3,10,150,92,0.044530079137671444
558,3,10,150,92,0.21398626473452756
559,3,10,150,92,0.11571122630007512
560,3,10,150,92,0.16944112208105297
561,3,10,150,92,0.10614804674290096
562,3,10,150,92,0.16880427191129663
563,3,10,150,92,0.10791970824616881
564,3,10,150,92,0.0
565,3,10,150,92,0.2016297075493207
566,3,10,150,92,0.11935234359120704
567,3,10,150,92,0.3504555352124596
568,3,10,150,92,0.07161318866452264
569,3,10,150,92,0.023835426911994775
570,3,10,150,92,0.0
571,3,10,150,92,0.0512644431393966
572,3,10,150,92,0.30260241349881345
573,3,10,150,92,0.0
574,3,10,150,92,0.02529922263119915
575,3,10,150,92,0.13043262693172047
576,3,10,150,92,0.0
577,3,10,150,92,0.2017286250978881
578,3,10,150,92,0.0
579,3,10,150,92,0.06152644703210656
580,3,10,150,92,0.03144137376097698
581,3,10,150,92,0.03032211530825568
582,3,10,150,92,0.06679511870650716
583,3,10,150,92,0.13912814892946682
584,3,10,150,92,0.20261715588288354
585,3,10,150,92,0.05899797109864319
586,3,10,150,92,0.0663945281096953
587,3,10,150,92,0.029230460362194715
588,3,10,150,92,0.23478107000943438
589,3,10,150,92,0.09905100598441088
590,3,10,150,92,0.19997970715667693
591,3,10,150,92,0.08651464973019597
592,3,10,150,92,0.29017344211090135
593,3,10,150,92,0.14271020042879362
594,3,10,150,92,0.0
595,3,10,150,92,0.055965373307784824
596,3,10,150,92,0.15081647728233993
597,3,10,150,92,0.02579743633593384
598,3,10,150,92,0.0
599,3,10,150,92,0.04621780199859461
600,3,10,150,92,0.13574631165894233
601,3,10,150,92,0.14661690295711607
602,3,10,150,92,0.041278922835426404
603,3,10,150,92,0.12541207695631323
604,3,10,150,92,0.0
605,3,10,150,92,0.21970118464532165
606,3,10,150,92,0.3151299390420831
607,3,10,150,92,0.0308875359117713
608,3,10,150,92,0.20657435219961784
609,3,10,150,92,0.0
610,3,10,150,92,0.12186625680881258
611,3,10,150,92,0.19680646538945382
612,3,10,150,92,0.09162544430476362
613,3,10,150,92,0.1652462050665711
614,3,10,150,92,0.1467868763787456
615,3,10,150,92,0.18894939135123942
616,3,10,150,92,0.030480958763669998
617,3,10,150,92,0.0539699203856165
618,3,10,150,92,0.1426801094010411
619,3,10,150,92,0.14795344439858116
620,3,10,150,92,0.24239278329353608
621,3,10,150,92,0.10569072181389248
622,3,10,150,92,0.16226113935431313
623,3,10,150,92,0.04214302778527282
624,3,10,150,92,0.03202992305603544
625,3,10,150,92,0.07991575154621842
626,3,10,150,92,0.13034538143571256
627,3,10,150,92,0.11471658297235718
628,3,10,150,92,0.0653273647710817
629,3,10,150,92,0.3293312540045533
630,3,10,150,92,0.10834532177911152
631,3,10,150,92,0.13449792459172438
632,3,10,150,92,0.08348454970562778
633,3,10,150,92,0.050456115328747164
634,3,10,150,92,0.11971011117287562
635,3,10,150,92,0.0
636,3,10,150,92,0.4108031518056064
637,3,10,150,92,0.04188454685690797
638,3,10,150,92,0.05152901435389809
639,3,10,150,92,0.01070448204588216
640,3,10,150,92,0.1985043148462551
641,3,10,150,92,0.051358492238643604
642,3,10,150,92,0.28528437700257264
643,3,10,150,92,0.21368826267102806
644,3,10,150,92,0.023868766231572826
645,3,10,150,92,0.17744101704673967
646,3,10,150,92,0.11243817952384734
647,3,10,150,92,0.06590268968688952
648,3,10,150,92,0.2602313879083408
649,3,10,150,92,0.04336490181597879
650,3,10,150,92,0.12517572403522054
651,3,10,150,92,0.0
652,3,10,150,92,0.0
653,3,10,150,92,0.19100204220644532
654,3,10,150,92,0.05402442095740813
655,3,10,150,92,0.44972219266858143
656,3,10,150,92,0.0
657,3,10,150,92,0.2504953915210566
658,3,10,150,92,0.09988783377897062
659,3,10,150,92,0.09950788532097599
660,3,10,150,92,0.05710558501649184
661,3,10,150,92,0.25886725143024103
662,3,10,150,92,0.0
663,3,10,150,92,0.13556872143140483
664,3,10,150,92,0.2433808724049065
665,3,10,150,92,0.09320226066953219
666,3,10,150,92,0.09691751873819439
667,3,10,150,92,0.1487205698875683
668,3,10,150,92,0.0
669,3,10,150,92,0.2287469684999221
670,3,10,150,92,0.0271437232396382
671,3,10,150,92,0.21731875314182048
672,3,10,150,92,0.07973520350569015
673,3,10,150,92,0.03236977394070781
674,3,10,150,92,0.0
675,3,10,150,92,0.0382580635535654
676,3,10,150,92,0.22358931366364498
677,3,10,150,92,0.10158983531347915
678,3,10,150,92,0.04266316057115777
679,3,10,150,92,0.20531579536501102
680,3,10,150,92,0.022168697248564677
681,3,10,150,92,0.0
682,3,10,150,92,0.21635069789428923
683,3,10,150,92,0.10991129435376559
684,3,10,150,92,0.03158850394477252
685,3,10,150,92,0.20373936192022438
686,3,10,150,92,0.2987531530167816
687,3,10,150,92,0.0
688,3,10,150,92,0.0
689,3,10,150,92,0.429307082657261
690,3,10,150,92,0.24802939400095458
691,3,10,150,92,0.6023709850354425
692,3,10,150,92,0.03353522641880846
693,3,10,150,92,0.04711181933747839
694,3,10,150,92,0.21361709189247302
695,3,10,150,92,0.05816383356143395
696,3,10,150,92,0.08111636357522063
697,3,10,150,92,0.11087840672502129
698,3,10,150,92,0.0
699,3,10,150,92,0.06266837015218314
700,3,10,150,92,0.0
701,3,10,150,92,0.12271508523586225
702,3,10,150,92,0.0
703,3,10,150,92,0.21888235022994418
704,3,10,150,92,0.24598285660901478
705,3,10,150,92,0.29964721753496854
706,3,10,150,92,0.03481402556224447
707,3,10,150,92,0.24503668956578015
708,3,10,150,92,0.03476299583640518
709,3,10,150,92,0.17767709199491483
710,3,10,150,92,0.26751805020186437
711,3,10,150,92,0.19019589140904572
712,3,10,150,92,0.0709301463537875
713,3,10,150,92,0.0
714,3,10,150,92,0.1266607864485773
715,3,10,150,92,0.16860516623933322
716,3,10,150,92,0.26081146895186447
717,3,10,150,92,0.15218028545758808
718,3,10,150,92,0.0
719,3,10,150,92,0.10353175087921149
720,3,10,150,92,0.05925736915373658
721,3,10,150,92,0.16793709717191038
722,3,10,150,92,0.07401896317743158
723,3,10,150,92,0.0
724,3,10,150,92,0.0
725,3,10,150,92,0.04733244938590725
726,3,10,150,92,0.10841847307700177
727,3,10,150,92,0.0652275547654625
728,3,10,150,92,0.0
729,3,10,150,92,0.1312200120995304
730,3,10,150,92,0.0
731,3,10,150,92,0.2497088707512811
732,3,10,150,92,0.05717828980196049
733,3,10,150,92,0.020730875129846955
734,3,10,150,92,0.08131766139183766
735,3,10,150,92,0.12905232756659873
736,3,10,150,92,0.047009109882897075
737,3,10,150,92,0.12127716502890909
738,3,10,150,92,0.09907057054543131
739,3,10,150,92,0.18767092572990207
740,3,10,150,92,0.0523780734795101
741,3,10,150,92,0.09620963094643388
742,3,10,150,92,0.0527075128660253
743,3,10,150,92,0.1194783875505714
744,3,10,150,92,0.0
745,3,10,150,92,0.06774344219296054
746,3,10,150,92,0.24124954544361757
747,3,10,150,92,0.20395060901728546
748,3,10,150,92,0.05777785042626121
749,3,10,150,92,0.2543928065417666
750,3,10,150,92,0.20954227812062592
751,3,10,150,92,0.06407706415564705
752,3,10,150,92,0.08155432360208091
753,3,10,150,92,0.09985462455958868
754,3,10,150,92,0.0
755,3,10,150,92,0.0
756,3,10,150,92,0.044143057780823704
757,3,10,150,92,0.18464075722796058
758,3,10,150,92,0.25312082869886654
759,3,10,150,92,0.04828669550714567
760,3,10,150,92,0.16006374561654185
761,3,10,150,92,0.17663858756688974
762,3,10,150,92,0.0
763,3,10,150,92,0.15021194072867564
764,3,10,150,92,0.04710969775183564
765,3,10,150,92,0.0966785411876802
766,3,10,150,92,0.035191004809260996
767,3,10,150,92,0.1269544353559099
768,3,10,150,92,0.09997171219938322
769,3,10,150,92,0.0
770,3,10,150,92,0.207274302223422
771,3,10,150,92,0.07363642524234874
772,3,10,150,92,0.038996699933076286
773,3,10,150,92,0.15659560794124947
774,3,10,150,92,0.0
775,3,10,150,92,0.0910478037169899
776,3,10,150,92,0.04721006604760436
777,3,10,150,92,0.0
778,3,10,150,92,0.08961728720334347
779,3,10,150,92,0.0
780,3,10,150,92,0.19393055855404154
781,3,10,150,92,0.16573484494600602
782,3,10,150,92,0.011135550403378058
783,3,10,150,92,0.07763399617214947
784,3,10,150,92,0.04582425041433568
785,3,10,150,92,0.2848262604068979
786,3,10,150,92,0.13901223847985233
787,3,10,150,92,0.0
788,3,10,150,92,0.046626370288649896
789,3,10,150,92,0.14531023848228133
790,3,10,150,92,0.08452117092278105
791,3,10,150,92,0.059480024314918285
792,3,10,150,92,0.0946587791577201
793,3,10,150,92,0.11843263243420837
794,3,10,150,92,0.1578863001786244
795,3,10,150,92,0.10325242280712206
796,3,10,150,92,0.1145275641223123
797,3,10,150,92,0.13905617951077562
798,3,10,150,92,0.02688415331260267
799,3,10,150,92,0.2836929289153804
800,3,10,150,92,0.0
801,3,10,150,92,0.0
802,3,10,150,92,0.05621908976192367
803,3,10,150,92,0.0
804,3,10,150,92,0.20994146470018396
805,3,10,150,92,0.15771169694749937
806,3,10,150,92,0.10606704841588428
807,3,10,150,92,0.22931014490903673
808,3,10,150,92,0.09905728133858463
809,3,10,150,92,0.0
810,3,10,150,92,0.0
811,3,10,150,92,0.1162989546852336
812,3,10,150,92,0.11600766930798434
813,3,10,150,92,0.06916902856231065
814,3,10,150,92,0.054181637470214
815,3,10,150,92,0.10380674919178415
816,3,10,150,92,0.10105367325027378
817,3,10,150,92,0.0
818,3,10,150,92,0.05187864210776578
819,3,10,150,92,0.0
820,3,10,150,92,0.12262943855309168
821,3,10,150,92,0.18684232150964158
822,3,10,150,92,0.0
823,3,10,150,92,0.14011732711290795
824,3,10,150,92,0.0
825,3,10,150,92,0.16434089815347858
826,3,10,150,92,0.1395338307503347
827,3,10,150,92,0.0
828,3,10,150,92,0.0
829,3,10,150,92,0.08143169212679746
830,3,10,150,92,0.15298484663625925
831,3,10,150,92,0.0800524392169327
832,3,10,150,92,0.06248152673860667
833,3,10,150,92,0.05828935682373833
834,3,10,150,92,0.11748729211308383
835,3,10,150,92,0.131093662595089
836,3,10,150,92,0.05097554749895306
837,3,10,150,92,0.05351287869030783
838,3,10,150,92,0.08633629724227374
839,3,10,150,92,0.0
840,3,10,150,92,0.1518245759629103
841,3,10,150,92,0.0
842,3,10,150,92,0.0
843,3,10,150,92,0.04209275315645388
844,3,10,150,92,0.0
845,3,10,150,92,0.06531065216760332
846,3,10,150,92,0.16592059617503505
847,3,10,150,92,0.0
848,3,10,150,92,0.09796419403030648
849,3,10,150,92,0.15023650744503608
850,3,10,150,92,0.06228974831361337
851,3,10,150,92,0.2277008805972924
852,3,10,150,92,0.07256783117062009
853,3,10,150,92,0.0
854,3,10,150,92,0.0
855,3,10,150,92,0.0
856,3,10,150,92,0.0
857,3,10,150,92,0.0
858,3,10,150,92,0.0
859,3,10,150,92,0.0
860,3,10,150,92,0.0
861,3,10,150,92,0.12754356661958802
862,3,10,150,92,0.18279787522069124
863,3,10,150,92,0.0
864,3,10,150,92,0.19756506460263396
865,3,10,150,92,0.0
866,3,10,150,92,0.0
867,3,10,150,92,0.18752183128814004
868,3,10,150,92,0.0
870,3,10,150,92,0.0
871,3,10,150,92,0.0
872,3,10,150,92,0.0
875,3,10,150,92,0.1395953738647505
876,3,10,150,92,0.0
877,3,10,150,92,0.0
1,3,10,150,93,0.6247579375131872
2,3,10,150,93,0.10688238502350729
3,3,10,150,93,0.0
4,3,10,150,93,0.0
5,3,10,150,93,0.0819283960923954
6,3,10,150,93,0.05340978172012693
7,3,10,150,93,0.24562477693914872
8,3,10,150,93,0.1900735845235601
9,3,10,150,93,0.0
10,3,10,150,93,0.16409920264511527
11,3,10,150,93,0.049016076581777215
12,3,10,150,93,0.13570688190090627
13,3,10,150,93,0.19175719627461657
14,3,10,150,93,0.14623893181570033
15,3,10,150,93,0.0
16,3,10,150,93,0.2571810388985906
17,3,10,150,93,0.12066394366711926
18,3,10,150,93,0.18606782959057458
19,3,10,150,93,0.0
20,3,10,150,93,0.19780725085993958
21,3,10,150,93,0.05824963961462511
22,3,10,150,93,0.17104220435540762
23,3,10,150,93,0.18360000301566626
24,3,10,150,93,0.311062094929455
25,3,10,150,93,0.0
26,3,10,150,93,0.030421795212869307
28,3,10,150,93,0.0
29,3,10,150,93,0.0
30,3,10,150,93,0.0979129253499678
31,3,10,150,93,0.06076546216996844
32,3,10,150,93,0.0
33,3,10,150,93,0.0
34,3,10,150,93,0.0
35,3,10,150,93,0.07108348368841133
37,3,10,150,93,0.08836851842055818
38,3,10,150,93,0.06070898734241371
39,3,10,150,93,0.0
40,3,10,150,93,0.11277789332641257
41,3,10,150,93,0.0
42,3,10,150,93,0.14144963799422255
43,3,10,150,93,0.268915965453296
44,3,10,150,93,0.07698159974258616
45,3,10,150,93,0.04505000432618384
46,3,10,150,93,0.2524329124868603
47,3,10,150,93,0.0
48,3,10,150,93,0.191300388285999
49,3,10,150,93,0.08545966314334597
50,3,10,150,93,0.0
51,3,10,150,93,0.18953836965473142
52,3,10,150,93,0.04892579731758021
53,3,10,150,93,0.09546043308946733
54,3,10,150,93,0.07984133538066794
55,3,10,150,93,0.0
56,3,10,150,93,0.03975645576081676
57,3,10,150,93,0.07600688094360178
58,3,10,150,93,0.12811608865176474
59,3,10,150,93,0.2288547885821571
60,3,10,150,93,0.12123807080432077
61,3,10,150,93,0.0
62,3,10,150,93,0.056765939954965754
63,3,10,150,93,0.03554915059547175
64,3,10,150,93,0.0
65,3,10,150,93,0.3256920858344545
66,3,10,150,93,0.0
67,3,10,150,93,0.0
68,3,10,150,93,0.0
69,3,10,150,93,0.18013245110732332
70,3,10,150,93,0.04310441109649134
71,3,10,150,93,0.1434649426280276
72,3,10,150,93,0.16084022171949366
73,3,10,150,93,0.051960280791503534
74,3,10,150,93,0.0
75,3,10,150,93,0.11731968150568911
76,3,10,150,93,0.14804398249667974
77,3,10,150,93,0.45287742747371695
78,3,10,150,93,0.0
79,3,10,150,93,0.0
80,3,10,150,93,0.08297572808511901
81,3,10,150,93,0.0
82,3,10,150,93,0.10812418485305166
83,3,10,150,93,0.04630610387058298
84,3,10,150,93,0.0
85,3,10,150,93,0.06966660916502733
86,3,10,150,93,0.07738888769495082
87,3,10,150,93,0.10058161863664324
88,3,10,150,93,0.0
89,3,10,150,93,0.22860031301980846
90,3,10,150,93,0.2386569480666451
91,3,10,150,93,0.15983515198577117
92,3,10,150,93,0.10352076784307034
93,3,10,150,93,0.0
94,3,10,150,93,0.19025030646477453
95,3,10,150,93,0.07964436720215591
96,3,10,150,93,0.19186450284072096
97,3,10,150,93,0.2353819276956695
98,3,10,150,93,0.08878770367712427
99,3,10,150,93,0.029785542524894418
100,3,10,150,93,0.0892789338684584
101,3,10,150,93,0.0
102,3,10,150,93,0.026001814664123827
103,3,10,150,93,0.07673373981757839
104,3,10,150,93,0.12171451575741458
106,3,10,150,93,0.05261577455142312
107,3,10,150,93,0.0
108,3,10,150,93,0.0
109,3,10,150,93,0.12702438124116902
110,3,10,150,93,0.08694931131842866
111,3,10,150,93,0.0
112,3,10,150,93,0.06510475888148554
113,3,10,150,93,0.05449144662575446
114,3,10,150,93,0.07610811271330754
115,3,10,150,93,0.10223434053382421
116,3,10,150,93,0.07814915695077672
117,3,10,150,93,0.10135360124281675
118,3,10,150,93,0.0
119,3,10,150,93,0.10939494924525293
121,3,10,150,93,0.06245141164382474
122,3,10,150,93,0.07625852881342107
123,3,10,150,93,0.46927872602275644
124,3,10,150,93,0.10889376106823218
125,3,10,150,93,0.1758278598077621
126,3,10,150,93,0.0
127,3,10,150,93,0.0
128,3,10,150,93,0.047777554739453616
129,3,10,150,93,0.0
130,3,10,150,93,0.11207058154636457
131,3,10,150,93,0.2803335894048546
132,3,10,150,93,0.1431991570830273
133,3,10,150,93,0.0
134,3,10,150,93,0.0
135,3,10,150,93,0.0
136,3,10,150,93,0.40257390286801836
137,3,10,150,93,0.0
138,3,10,150,93,0.21222747957761057
139,3,10,150,93,0.0
140,3,10,150,93,0.0
141,3,10,150,93,0.20239191246999313
142,3,10,150,93,0.30260241349881345
143,3,10,150,93,0.0
144,3,10,150,93,0.2143720535700613
145,3,10,150,93,0.11867414778420507
146,3,10,150,93,0.0
147,3,10,150,93,0.07610811271330754
148,3,10,150,93,0.13364524093464059
149,3,10,150,93,0.05446824630887794
150,3,10,150,93,0.0
151,3,10,150,93,0.17653963481803697
152,3,10,150,93,0.09176715715471626
153,3,10,150,93,0.06516188295518531
154,3,10,150,93,0.055100238151135045
155,3,10,150,93,0.0
156,3,10,150,93,0.07028063830038406
157,3,10,150,93,0.05840183867278569
158,3,10,150,93,0.09116756222643234
159,3,10,150,93,0.11026617795298452
160,3,10,150,93,0.08815843064600337
161,3,10,150,93,0.0
162,3,10,150,93,0.0
163,3,10,150,93,0.0
164,3,10,150,93,0.0
165,3,10,150,93,0.09149012142095872
166,3,10,150,93,0.09726657973356154
167,3,10,150,93,0.03395822402998728
168,3,10,150,93,0.07914143116928869
169,3,10,150,93,0.055427457405235275
170,3,10,150,93,0.0
171,3,10,150,93,0.0
172,3,10,150,93,0.0
173,3,10,150,93,0.07286904346643797
174,3,10,150,93,0.11920425119752891
175,3,10,150,93,0.4413254197204702
176,3,10,150,93,0.08781188970158782
177,3,10,150,93,0.0
178,3,10,150,93,0.18053947820976404
179,3,10,150,93,0.06599888514927177
180,3,10,150,93,0.0
181,3,10,150,93,0.04622579729077891
182,3,10,150,93,0.13120507751234178
183,3,10,150,93,0.0
184,3,10,150,93,0.016355592358211265
185,3,10,150,93,0.0
186,3,10,150,93,0.0
187,3,10,150,93,0.2004102107997965
188,3,10,150,93,0.050562513489816586
189,3,10,150,93,0.22982757951573698
190,3,10,150,93,0.0
191,3,10,150,93,0.07335312372354855
192,3,10,150,93,0.0
193,3,10,150,93,0.04024288246957146
194,3,10,150,93,0.10117267104134949
195,3,10,150,93,0.10257737475069033
196,3,10,150,93,0.17342765698823945
197,3,10,150,93,0.07304192939088519
198,3,10,150,93,0.10387325901274824
199,3,10,150,93,0.052106753859569234
200,3,10,150,93,0.0971420957831845
201,3,10,150,93,0.3193440563594693
202,3,10,150,93,0.0
203,3,10,150,93,0.0
204,3,10,150,93,0.0
205,3,10,150,93,0.11600766930798434
206,3,10,150,93,0.0
207,3,10,150,93,0.2021424171822296
208,3,10,150,93,0.0
209,3,10,150,93,0.070675417981692
210,3,10,150,93,0.0
211,3,10,150,93,0.0
212,3,10,150,93,0.0559167101555819
213,3,10,150,93,0.08985507164305877
214,3,10,150,93,0.1257260924843343
215,3,10,150,93,0.157288596461893
216,3,10,150,93,0.27735230728218535
217,3,10,150,93,0.13000004444613666
218,3,10,150,93,0.06323567569191428
219,3,10,150,93,0.0
220,3,10,150,93,0.07807600999842033
221,3,10,150,93,0.12213234467515617
222,3,10,150,93,0.16053518617112608
223,3,10,150,93,0.039270700903099615
224,3,10,150,93,0.05211803804128038
225,3,10,150,93,0.09311209812195972
226,3,10,150,93,0.0
227,3,10,150,93,0.0
229,3,10,150,93,0.0
230,3,10,150,93,0.1697995249867118
231,3,10,150,93,0.0
232,3,10,150,93,0.0
233,3,10,150,93,0.22363232499877778
234,3,10,150,93,0.18434490788732266
235,3,10,150,93,0.11418024069273867
236,3,10,150,93,0.12127042983235181
237,3,10,150,93,0.04776398023609584
238,3,10,150,93,0.0
239,3,10,150,93,0.18633974250368845
240,3,10,150,93,0.10235170428306553
241,3,10,150,93,0.1381300260171807
242,3,10,150,93,0.0
243,3,10,150,93,0.0
244,3,10,150,93,0.15017336350566032
245,3,10,150,93,0.0
246,3,10,150,93,0.08356426880363813
247,3,10,150,93,0.15642624200758548
248,3,10,150,93,0.23451355966072135
249,3,10,150,93,0.3296200475575061
250,3,10,150,93,0.07806699296748765
251,3,10,150,93,0.0
252,3,10,150,93,0.07630862162354303
253,3,10,150,93,0.038220360097248454
254,3,10,150,93,0.036502603141236205
255,3,10,150,93,0.10933464083642679
256,3,10,150,93,0.0681239071992697
257,3,10,150,93,0.12830873359117523
258,3,10,150,93,0.16260831227163416
259,3,10,150,93,0.0
260,3,10,150,93,0.0
261,3,10,150,93,0.0
262,3,10,150,93,0.024334582709454235
263,3,10,150,93,0.36030713075223775
264,3,10,150,93,0.3852510465367394
265,3,10,150,93,0.19802572813668026
266,3,10,150,93,0.0
267,3,10,150,93,0.22898927482035836
268,3,10,150,93,0.1555062187985528
269,3,10,150,93,0.040019695500760184
270,3,10,150,93,0.049915567102790354
271,3,10,150,93,0.10729393508609222
272,3,10,150,93,0.10457492829503848
273,3,10,150,93,0.0
274,3,10,150,93,0.05380266522938521
275,3,10,150,93,0.0
276,3,10,150,93,0.16683394348006692
277,3,10,150,93,0.0
278,3,10,150,93,0.0
279,3,10,150,93,0.12980652062863637
280,3,10,150,93,0.0882348794193481
281,3,10,150,93,0.0
282,3,10,150,93,0.09659953929285248
283,3,10,150,93,0.0
284,3,10,150,93,0.0
285,3,10,150,93,0.0
286,3,10,150,93,0.016140534521312585
287,3,10,150,93,0.0
288,3,10,150,93,0.13999259891013252
289,3,10,150,93,0.0
290,3,10,150,93,0.09647783930421741
291,3,10,150,93,0.18968772725883148
292,3,10,150,93,0.27665227928348557
293,3,10,150,93,0.18408613480279581
294,3,10,150,93,0.09628038570550856
295,3,10,150,93,0.15956840344924803
296,3,10,150,93,0.15701688667375013
297,3,10,150,93,0.030868393892711742
298,3,10,150,93,0.13814728270261697
299,3,10,150,93,0.14672190562990817
300,3,10,150,93,0.0
301,3,10,150,93,0.1296575124303738
302,3,10,150,93,0.07335312372354855
303,3,10,150,93,0.17978154785217412
304,3,10,150,93,0.0
305,3,10,150,93,0.05428021340641747
306,3,10,150,93,0.0
307,3,10,150,93,0.13128644747266613
308,3,10,150,93,0.05707430901002984
309,3,10,150,93,0.0
310,3,10,150,93,0.2890648263178879
311,3,10,150,93,0.17512035582237062
312,3,10,150,93,0.16963857451199318
313,3,10,150,93,0.09586943528179451
314,3,10,150,93,0.12209873289616133
315,3,10,150,93,0.09785159463516042
316,3,10,150,93,0.06076546216996844
317,3,10,150,93,0.0
318,3,10,150,93,0.09228506687340403
319,3,10,150,93,0.0
320,3,10,150,93,0.08947300054212491
321,3,10,150,93,0.08223795175588802
322,3,10,150,93,0.07955752067133452
323,3,10,150,93,0.12229181918924699
324,3,10,150,93,0.0
325,3,10,150,93,0.0
326,3,10,150,93,0.10817904857938596
327,3,10,150,93,0.07522118447398767
328,3,10,150,93,0.1253761246808089
329,3,10,150,93,0.056720838976548935
330,3,10,150,93,0.33051067716070737
331,3,10,150,93,0.0
332,3,10,150,93,0.13202102105856586
333,3,10,150,93,0.0
334,3,10,150,93,0.17920452272414056
335,3,10,150,93,0.0
336,3,10,150,93,0.0
337,3,10,150,93,0.2325689761571779
338,3,10,150,93,0.08388555279643939
339,3,10,150,93,0.2035626803416359
340,3,10,150,93,0.16593574125923852
341,3,10,150,93,0.0
342,3,10,150,93,0.15381739323016694
343,3,10,150,93,0.3675257435678538
344,3,10,150,93,0.13804010954782428
345,3,10,150,93,0.14462655322572632
346,3,10,150,93,0.1264086027263655
347,3,10,150,93,0.11419934147174059
348,3,10,150,93,0.0
349,3,10,150,93,0.07123530534387781
350,3,10,150,93,0.2618835547498317
351,3,10,150,93,0.10570747126847255
352,3,10,150,93,0.19656450833316597
353,3,10,150,93,0.09489642549953911
354,3,10,150,93,0.048823562593396645
355,3,10,150,93,0.05122871476979503
356,3,10,150,93,0.0
357,3,10,150,93,0.03371865946438579
358,3,10,150,93,0.2989381055930108
359,3,10,150,93,0.14341929980357182
360,3,10,150,93,0.1559806047717434
361,3,10,150,93,0.0
362,3,10,150,93,0.0
363,3,10,150,93,0.1867805234163032
364,3,10,150,93,0.0
365,3,10,150,93,0.0989084497079971
366,3,10,150,93,0.1800581708881336
367,3,10,150,93,0.1410054764628891
368,3,10,150,93,0.0
369,3,10,150,93,0.0
370,3,10,150,93,0.045683428159663184
371,3,10,150,93,0.174231549865924
372,3,10,150,93,0.1614349203887353
373,3,10,150,93,0.18128610071101886
374,3,10,150,93,0.1523273086076386
375,3,10,150,93,0.0
376,3,10,150,93,0.0
377,3,10,150,93,0.053168340515114924
378,3,10,150,93,0.08175165513312106
379,3,10,150,93,0.1814915701185313
380,3,10,150,93,0.0
381,3,10,150,93,0.10528437187206623
382,3,10,150,93,0.13500098315004241
383,3,10,150,93,0.06801459236612908
384,3,10,150,93,0.08759200575528697
385,3,10,150,93,0.1546778125427113
386,3,10,150,93,0.0
387,3,10,150,93,0.03814967334348895
388,3,10,150,93,0.029785542524894418
389,3,10,150,93,0.1436557902546879
390,3,10,150,93,0.3221940057104188
391,3,10,150,93,0.298074760835303
392,3,10,150,93,0.12956286824805674
393,3,10,150,93,0.19817909493889546
394,3,10,150,93,0.15290238277303939
395,3,10,150,93,0.15727036710905312
396,3,10,150,93,0.0
397,3,10,150,93,0.12905531436930254
398,3,10,150,93,0.12204637821038242
399,3,10,150,93,0.05509887073092855
400,3,10,150,93,0.0
401,3,10,150,93,0.0
402,3,10,150,93,0.469779625693621
403,3,10,150,93,0.02818923206968657
404,3,10,150,93,0.0
405,3,10,150,93,0.20910441350580108
406,3,10,150,93,0.1428233347987388
407,3,10,150,93,0.14649337636835694
408,3,10,150,93,0.12083071655728543
409,3,10,150,93,0.15086419336317547
410,3,10,150,93,0.0
411,3,10,150,93,0.1128999930808451
412,3,10,150,93,0.0
413,3,10,150,93,0.10122860821230018
414,3,10,150,93,0.0
415,3,10,150,93,0.07605458145297357
416,3,10,150,93,0.2752449694292733
417,3,10,150,93,0.06650297775059094
418,3,10,150,93,0.07001560573318603
419,3,10,150,93,0.26168079122473237
420,3,10,150,93,0.0527075128660253
421,3,10,150,93,0.202729931306865
422,3,10,150,93,0.0
423,3,10,150,93,0.0
424,3,10,150,93,0.13291000263869587
425,3,10,150,93,0.07316321377698815
426,3,10,150,93,0.10004388309532918
427,3,10,150,93,0.0
428,3,10,150,93,0.0
429,3,10,150,93,0.14805121685965988
430,3,10,150,93,0.062242588308449316
431,3,10,150,93,0.0
432,3,10,150,93,0.05253723007572906
433,3,10,150,93,0.0
434,3,10,150,93,0.2870958118344385
435,3,10,150,93,0.18753015357981984
436,3,10,150,93,0.10855238808350101
437,3,10,150,93,0.08401780728647901
438,3,10,150,93,0.0
439,3,10,150,93,0.0
440,3,10,150,93,0.10025741859697787
441,3,10,150,93,0.0615755971851825
442,3,10,150,93,0.13195962283106308
443,3,10,150,93,0.056720838976548935
444,3,10,150,93,0.19519002499605084
445,3,10,150,93,0.0
446,3,10,150,93,0.0
447,3,10,150,93,0.09914294517496557
448,3,10,150,93,0.0
449,3,10,150,93,0.0
450,3,10,150,93,0.29056375890662617
451,3,10,150,93,0.0
452,3,10,150,93,0.048188247044562364
453,3,10,150,93,0.19529878873641995
454,3,10,150,93,0.04660970891255033
455,3,10,150,93,0.2805583936524754
456,3,10,150,93,0.20286127521652125
457,3,10,150,93,0.36238463914482993
458,3,10,150,93,0.12059750656999586
459,3,10,150,93,0.04901586605894737
460,3,10,150,93,0.0
461,3,10,150,93,0.10778915452451093
462,3,10,150,93,0.1972444692220082
463,3,10,150,93,0.1032589365938857
464,3,10,150,93,0.091470579054696
465,3,10,150,93,0.0733934381893728
466,3,10,150,93,0.0750834162528243
467,3,10,150,93,0.032842167909375275
468,3,10,150,93,0.4424763580282471
469,3,10,150,93,0.08625887094910875
470,3,10,150,93,0.06625332292180271
471,3,10,150,93,0.039360765922782585
472,3,10,150,93,0.29683302737258815
473,3,10,150,93,0.08903377327702097
474,3,10,150,93,0.33346659590002303
475,3,10,150,93,0.0
476,3,10,150,93,0.12097589732794561
477,3,10,150,93,0.0
478,3,10,150,93,0.2059565668593519
479,3,10,150,93,0.07893633843817272
480,3,10,150,93,0.0881980292211471
481,3,10,150,93,0.05234104579082298
482,3,10,150,93,0.15905893746943514
483,3,10,150,93,0.06194403202282284
484,3,10,150,93,0.33809266656634696
485,3,10,150,93,0.0
486,3,10,150,93,0.06108300840136219
487,3,10,150,93,0.10060724527338907
488,3,10,150,93,0.05887472794707303
489,3,10,150,93,0.12455489955695673
490,3,10,150,93,0.06490403551612171
491,3,10,150,93,0.17758207479178334
492,3,10,150,93,0.12925417913024104
493,3,10,150,93,0.26530843853655434
494,3,10,150,93,0.19527970003833198
495,3,10,150,93,0.17408269195663154
496,3,10,150,93,0.07271211160102074
497,3,10,150,93,0.10121090134321312
498,3,10,150,93,0.0343217267714905
499,3,10,150,93,0.2224748000580069
500,3,10,150,93,0.04698773570888995
501,3,10,150,93,0.0
502,3,10,150,93,0.03272632263321488
503,3,10,150,93,0.2768332968914173
504,3,10,150,93,0.09794337990609951
505,3,10,150,93,0.025255271126572616
506,3,10,150,93,0.16119309772585624
507,3,10,150,93,0.02579743633593384
508,3,10,150,93,0.2518402952398531
509,3,10,150,93,0.0
510,3,10,150,93,0.17032928501352598
511,3,10,150,93,0.12155021559723776
512,3,10,150,93,0.0
513,3,10,150,93,0.09761131800342168
514,3,10,150,93,0.20202473045271674
515,3,10,150,93,0.0
516,3,10,150,93,0.07947838320659593
517,3,10,150,93,0.03859643636257609
518,3,10,150,93,0.05268083714989503
519,3,10,150,93,0.06666229075440745
520,3,10,150,93,0.0
521,3,10,150,93,0.07649261318048692
522,3,10,150,93,0.2035192592417533
523,3,10,150,93,0.20743522595609606
524,3,10,150,93,0.04498699136423688
525,3,10,150,93,0.06516045994396072
526,3,10,150,93,0.052528565413809895
527,3,10,150,93,0.21068702285875093
528,3,10,150,93,0.1255942414278791
529,3,10,150,93,0.03208343640786788
530,3,10,150,93,0.0
531,3,10,150,93,0.0
532,3,10,150,93,0.20000931548847464
533,3,10,150,93,0.17816347909262814
534,3,10,150,93,0.10040759964046686
535,3,10,150,93,0.26295140635259745
536,3,10,150,93,0.19370572859880655
537,3,10,150,93,0.4486216135232207
538,3,10,150,93,0.09944592215223559
539,3,10,150,93,0.09159470869501925
540,3,10,150,93,0.0
541,3,10,150,93,0.0779170553370938
542,3,10,150,93,0.11196951627759619
543,3,10,150,93,0.037245850295261944
544,3,10,150,93,0.04213592739148787
545,3,10,150,93,0.1627301445786375
546,3,10,150,93,0.19423009903097527
547,3,10,150,93,0.04528995543568932
548,3,10,150,93,0.1447639295950455
549,3,10,150,93,0.10184659627402569
550,3,10,150,93,0.0845667599404342
551,3,10,150,93,0.2707992295843408
552,3,10,150,93,0.0
553,3,10,150,93,0.15284217773934242
554,3,10,150,93,0.0
555,3,10,150,93,0.037070343480771185
556,3,10,150,93,0.2848749592866812
557,3,10,150,93,0.044530079137671444
558,3,10,150,93,0.21398626473452756
559,3,10,150,93,0.11571122630007512
560,3,10,150,93,0.16944112208105297
561,3,10,150,93,0.10533345044608906
562,3,10,150,93,0.16880427191129663
563,3,10,150,93,0.10791970824616881
564,3,10,150,93,0.0
565,3,10,150,93,0.2016297075493207
566,3,10,150,93,0.11935234359120704
567,3,10,150,93,0.3504555352124596
568,3,10,150,93,0.07161318866452264
569,3,10,150,93,0.023835426911994775
570,3,10,150,93,0.0
571,3,10,150,93,0.0512644431393966
572,3,10,150,93,0.30260241349881345
573,3,10,150,93,0.0
574,3,10,150,93,0.02529922263119915
575,3,10,150,93,0.13043262693172047
576,3,10,150,93,0.0
577,3,10,150,93,0.2017286250978881
578,3,10,150,93,0.0
579,3,10,150,93,0.06152644703210656
580,3,10,150,93,0.03144137376097698
581,3,10,150,93,0.03032211530825568
582,3,10,150,93,0.06679511870650716
583,3,10,150,93,0.13912814892946682
584,3,10,150,93,0.20261715588288354
585,3,10,150,93,0.05899797109864319
586,3,10,150,93,0.0663945281096953
587,3,10,150,93,0.029230460362194715
588,3,10,150,93,0.23297932427732074
589,3,10,150,93,0.09905100598441088
590,3,10,150,93,0.19997970715667693
591,3,10,150,93,0.08651464973019597
592,3,10,150,93,0.28794660686871154
593,3,10,150,93,0.14271020042879362
594,3,10,150,93,0.0
595,3,10,150,93,0.055965373307784824
596,3,10,150,93,0.15081647728233993
597,3,10,150,93,0.02579743633593384
598,3,10,150,93,0.0
599,3,10,150,93,0.04621780199859461
600,3,10,150,93,0.13574631165894233
601,3,10,150,93,0.14661690295711607
602,3,10,150,93,0.041278922835426404
603,3,10,150,93,0.12541207695631323
604,3,10,150,93,0.0
605,3,10,150,93,0.21970118464532165
606,3,10,150,93,0.31271158383692327
607,3,10,150,93,0.0308875359117713
608,3,10,150,93,0.20657435219961784
609,3,10,150,93,0.0
610,3,10,150,93,0.12186625680881258
611,3,10,150,93,0.19680646538945382
612,3,10,150,93,0.09162544430476362
613,3,10,150,93,0.1652462050665711
614,3,10,150,93,0.1467868763787456
615,3,10,150,93,0.18894939135123942
616,3,10,150,93,0.030480958763669998
617,3,10,150,93,0.0539699203856165
618,3,10,150,93,0.1426801094010411
619,3,10,150,93,0.14795344439858116
620,3,10,150,93,0.24239278329353608
621,3,10,150,93,0.10569072181389248
622,3,10,150,93,0.16226113935431313
623,3,10,150,93,0.04214302778527282
624,3,10,150,93,0.03202992305603544
625,3,10,150,93,0.07991575154621842
626,3,10,150,93,0.13034538143571256
627,3,10,150,93,0.11471658297235718
628,3,10,150,93,0.09696340382814506
629,3,10,150,93,0.3293312540045533
630,3,10,150,93,0.10834532177911152
631,3,10,150,93,0.13449792459172438
632,3,10,150,93,0.08348454970562778
633,3,10,150,93,0.050456115328747164
634,3,10,150,93,0.11971011117287562
635,3,10,150,93,0.0
636,3,10,150,93,0.4108031518056064
637,3,10,150,93,0.04188454685690797
638,3,10,150,93,0.05152901435389809
639,3,10,150,93,0.01070448204588216
640,3,10,150,93,0.1985043148462551
641,3,10,150,93,0.051358492238643604
642,3,10,150,93,0.2907692136776879
643,3,10,150,93,0.21368826267102806
644,3,10,150,93,0.023868766231572826
645,3,10,150,93,0.17744101704673967
646,3,10,150,93,0.11243817952384734
647,3,10,150,93,0.06590268968688952
648,3,10,150,93,0.25823433255585004
649,3,10,150,93,0.04336490181597879
650,3,10,150,93,0.12421510644141015
651,3,10,150,93,0.0
652,3,10,150,93,0.0
653,3,10,150,93,0.19721041589553615
654,3,10,150,93,0.05402442095740813
655,3,10,150,93,0.44627095598563743
656,3,10,150,93,0.0
657,3,10,150,93,0.2504953915210566
658,3,10,150,93,0.09988783377897062
659,3,10,150,93,0.09950788532097599
660,3,10,150,93,0.056667348049264536
661,3,10,150,93,0.26981312823009207
662,3,10,150,93,0.0
663,3,10,150,93,0.13556872143140483
664,3,10,150,93,0.2433808724049065
665,3,10,150,93,0.09320226066953219
666,3,10,150,93,0.09617375892081828
667,3,10,150,93,0.1487205698875683
668,3,10,150,93,0.0
669,3,10,150,93,0.2287469684999221
670,3,10,150,93,0.0271437232396382
671,3,10,150,93,0.22854131648543738
672,3,10,150,93,0.07973520350569015
673,3,10,150,93,0.03236977394070781
674,3,10,150,93,0.0
675,3,10,150,93,0.0382580635535654
676,3,10,150,93,0.22358931366364498
677,3,10,150,93,0.10158983531347915
678,3,10,150,93,0.04266316057115777
679,3,10,150,93,0.20531579536501102
680,3,10,150,93,0.022168697248564677
681,3,10,150,93,0.0
682,3,10,150,93,0.2223645421343127
683,3,10,150,93,0.10991129435376559
684,3,10,150,93,0.03158850394477252
685,3,10,150,93,0.20373936192022438
686,3,10,150,93,0.2987531530167816
687,3,10,150,93,0.0
688,3,10,150,93,0.0
689,3,10,150,93,0.429307082657261
690,3,10,150,93,0.24802939400095458
691,3,10,150,93,0.6023709850354425
692,3,10,150,93,0.03353522641880846
693,3,10,150,93,0.04711181933747839
694,3,10,150,93,0.21361709189247302
695,3,10,150,93,0.05816383356143395
696,3,10,150,93,0.08111636357522063
697,3,10,150,93,0.11087840672502129
698,3,10,150,93,0.0
699,3,10,150,93,0.06266837015218314
700,3,10,150,93,0.0
701,3,10,150,93,0.12271508523586225
702,3,10,150,93,0.0
703,3,10,150,93,0.21888235022994418
704,3,10,150,93,0.24598285660901478
705,3,10,150,93,0.29964721753496854
706,3,10,150,93,0.03481402556224447
707,3,10,150,93,0.24315624064535118
708,3,10,150,93,0.03476299583640518
709,3,10,150,93,0.17767709199491483
710,3,10,150,93,0.26751805020186437
711,3,10,150,93,0.19019589140904572
712,3,10,150,93,0.0709301463537875
713,3,10,150,93,0.0
714,3,10,150,93,0.1266607864485773
715,3,10,150,93,0.16860516623933322
716,3,10,150,93,0.2588099619689913
717,3,10,150,93,0.16781772792345637
718,3,10,150,93,0.0
719,3,10,150,93,0.10353175087921149
720,3,10,150,93,0.05925736915373658
721,3,10,150,93,0.16793709717191038
722,3,10,150,93,0.07401896317743158
723,3,10,150,93,0.0
724,3,10,150,93,0.0
725,3,10,150,93,0.04733244938590725
726,3,10,150,93,0.10841847307700177
727,3,10,150,93,0.06472698856389371
728,3,10,150,93,0.0
729,3,10,150,93,0.1312200120995304
730,3,10,150,93,0.0
731,3,10,150,93,0.2497088707512811
732,3,10,150,93,0.05717828980196049
733,3,10,150,93,0.020730875129846955
734,3,10,150,93,0.08131766139183766
735,3,10,150,93,0.12905232756659873
736,3,10,150,93,0.047009109882897075
737,3,10,150,93,0.12127716502890909
738,3,10,150,93,0.09907057054543131
739,3,10,150,93,0.18767092572990207
740,3,10,150,93,0.0523780734795101
741,3,10,150,93,0.09620963094643388
742,3,10,150,93,0.0527075128660253
743,3,10,150,93,0.1194783875505714
744,3,10,150,93,0.0
745,3,10,150,93,0.06774344219296054
746,3,10,150,93,0.24124954544361757
747,3,10,150,93,0.20395060901728546
748,3,10,150,93,0.05777785042626121
749,3,10,150,93,0.2543928065417666
750,3,10,150,93,0.20954227812062592
751,3,10,150,93,0.06407706415564705
752,3,10,150,93,0.08155432360208091
753,3,10,150,93,0.09985462455958868
754,3,10,150,93,0.0
755,3,10,150,93,0.0
756,3,10,150,93,0.044143057780823704
757,3,10,150,93,0.18464075722796058
758,3,10,150,93,0.251178340862011
759,3,10,150,93,0.04828669550714567
760,3,10,150,93,0.16006374561654185
761,3,10,150,93,0.17663858756688974
762,3,10,150,93,0.0
763,3,10,150,93,0.15021194072867564
764,3,10,150,93,0.04710969775183564
765,3,10,150,93,0.0966785411876802
766,3,10,150,93,0.035191004809260996
767,3,10,150,93,0.1269544353559099
768,3,10,150,93,0.09997171219938322
769,3,10,150,93,0.0
770,3,10,150,93,0.207274302223422
771,3,10,150,93,0.07363642524234874
772,3,10,150,93,0.038996699933076286
773,3,10,150,93,0.15659560794124947
774,3,10,150,93,0.0
775,3,10,150,93,0.0910478037169899
776,3,10,150,93,0.04721006604760436
777,3,10,150,93,0.0
778,3,10,150,93,0.08961728720334347
779,3,10,150,93,0.0
780,3,10,150,93,0.19393055855404154
781,3,10,150,93,0.16573484494600602
782,3,10,150,93,0.011135550403378058
783,3,10,150,93,0.07763399617214947
784,3,10,150,93,0.04582425041433568
785,3,10,150,93,0.2848262604068979
786,3,10,150,93,0.13901223847985233
787,3,10,150,93,0.0
788,3,10,150,93,0.046626370288649896
789,3,10,150,93,0.14531023848228133
790,3,10,150,93,0.08452117092278105
791,3,10,150,93,0.059480024314918285
792,3,10,150,93,0.0946587791577201
793,3,10,150,93,0.11843263243420837
794,3,10,150,93,0.1578863001786244
795,3,10,150,93,0.10325242280712206
796,3,10,150,93,0.1145275641223123
797,3,10,150,93,0.13905617951077562
798,3,10,150,93,0.02688415331260267
799,3,10,150,93,0.2836929289153804
800,3,10,150,93,0.0
801,3,10,150,93,0.0
802,3,10,150,93,0.05621908976192367
803,3,10,150,93,0.0
804,3,10,150,93,0.20994146470018396
805,3,10,150,93,0.15771169694749937
806,3,10,150,93,0.10606704841588428
807,3,10,150,93,0.22931014490903673
808,3,10,150,93,0.09905728133858463
809,3,10,150,93,0.0
810,3,10,150,93,0.0
811,3,10,150,93,0.1162989546852336
812,3,10,150,93,0.11600766930798434
813,3,10,150,93,0.06916902856231065
814,3,10,150,93,0.054181637470214
815,3,10,150,93,0.10380674919178415
816,3,10,150,93,0.10105367325027378
817,3,10,150,93,0.0
818,3,10,150,93,0.05187864210776578
819,3,10,150,93,0.0
820,3,10,150,93,0.12262943855309168
821,3,10,150,93,0.18684232150964158
822,3,10,150,93,0.0
823,3,10,150,93,0.14011732711290795
824,3,10,150,93,0.0
825,3,10,150,93,0.16434089815347858
826,3,10,150,93,0.1395338307503347
827,3,10,150,93,0.0
828,3,10,150,93,0.0
829,3,10,150,93,0.08143169212679746
830,3,10,150,93,0.15298484663625925
831,3,10,150,93,0.0800524392169327
832,3,10,150,93,0.06248152673860667
833,3,10,150,93,0.05828935682373833
834,3,10,150,93,0.11748729211308383
835,3,10,150,93,0.131093662595089
836,3,10,150,93,0.05097554749895306
837,3,10,150,93,0.05351287869030783
838,3,10,150,93,0.08633629724227374
839,3,10,150,93,0.0
840,3,10,150,93,0.1518245759629103
841,3,10,150,93,0.0
842,3,10,150,93,0.0
843,3,10,150,93,0.061358379472136654
844,3,10,150,93,0.0
845,3,10,150,93,0.06531065216760332
846,3,10,150,93,0.16592059617503505
847,3,10,150,93,0.0
848,3,10,150,93,0.09796419403030648
849,3,10,150,93,0.15023650744503608
850,3,10,150,93,0.06228974831361337
851,3,10,150,93,0.2277008805972924
852,3,10,150,93,0.07256783117062009
853,3,10,150,93,0.0
854,3,10,150,93,0.0
855,3,10,150,93,0.0
856,3,10,150,93,0.0
857,3,10,150,93,0.0
858,3,10,150,93,0.0
859,3,10,150,93,0.0
860,3,10,150,93,0.0
861,3,10,150,93,0.12754356661958802
862,3,10,150,93,0.18279787522069124
863,3,10,150,93,0.059558281812319085
864,3,10,150,93,0.19756506460263396
865,3,10,150,93,0.0
866,3,10,150,93,0.0
867,3,10,150,93,0.18752183128814004
868,3,10,150,93,0.0
870,3,10,150,93,0.0
871,3,10,150,93,0.0
872,3,10,150,93,0.0
875,3,10,150,93,0.1395953738647505
876,3,10,150,93,0.0
877,3,10,150,93,0.0
1,3,10,150,94,0.6247579375131872
2,3,10,150,94,0.10688238502350729
3,3,10,150,94,0.0
4,3,10,150,94,0.0
5,3,10,150,94,0.0819283960923954
6,3,10,150,94,0.05340978172012693
7,3,10,150,94,0.2561597458176804
8,3,10,150,94,0.23191260645970924
9,3,10,150,94,0.0
10,3,10,150,94,0.16409920264511527
11,3,10,150,94,0.049016076581777215
12,3,10,150,94,0.13570688190090627
13,3,10,150,94,0.19175719627461657
14,3,10,150,94,0.14623893181570033
15,3,10,150,94,0.0
16,3,10,150,94,0.2571810388985906
17,3,10,150,94,0.12066394366711926
18,3,10,150,94,0.18606782959057458
19,3,10,150,94,0.0
20,3,10,150,94,0.19780725085993958
21,3,10,150,94,0.05824963961462511
22,3,10,150,94,0.17104220435540762
23,3,10,150,94,0.18360000301566626
24,3,10,150,94,0.311062094929455
25,3,10,150,94,0.0
26,3,10,150,94,0.030421795212869307
28,3,10,150,94,0.0
29,3,10,150,94,0.0
30,3,10,150,94,0.0979129253499678
31,3,10,150,94,0.06076546216996844
32,3,10,150,94,0.0
33,3,10,150,94,0.0
34,3,10,150,94,0.0
35,3,10,150,94,0.07108348368841133
37,3,10,150,94,0.08836851842055818
38,3,10,150,94,0.06070898734241371
39,3,10,150,94,0.0
40,3,10,150,94,0.11277789332641257
41,3,10,150,94,0.0
42,3,10,150,94,0.14144963799422255
43,3,10,150,94,0.268915965453296
44,3,10,150,94,0.07698159974258616
45,3,10,150,94,0.04505000432618384
46,3,10,150,94,0.2524329124868603
47,3,10,150,94,0.0
48,3,10,150,94,0.191300388285999
49,3,10,150,94,0.08545966314334597
50,3,10,150,94,0.0
51,3,10,150,94,0.18953836965473142
52,3,10,150,94,0.04892579731758021
53,3,10,150,94,0.09546043308946733
54,3,10,150,94,0.07984133538066794
55,3,10,150,94,0.0
56,3,10,150,94,0.03975645576081676
57,3,10,150,94,0.07600688094360178
58,3,10,150,94,0.12811608865176474
59,3,10,150,94,0.2288547885821571
60,3,10,150,94,0.12123807080432077
61,3,10,150,94,0.0
62,3,10,150,94,0.056765939954965754
63,3,10,150,94,0.03554915059547175
64,3,10,150,94,0.0
65,3,10,150,94,0.3256920858344545
66,3,10,150,94,0.0
67,3,10,150,94,0.0
68,3,10,150,94,0.0
69,3,10,150,94,0.18013245110732332
70,3,10,150,94,0.04310441109649134
71,3,10,150,94,0.1434649426280276
72,3,10,150,94,0.16084022171949366
73,3,10,150,94,0.051960280791503534
74,3,10,150,94,0.0
75,3,10,150,94,0.11731968150568911
76,3,10,150,94,0.14804398249667974
77,3,10,150,94,0.45287742747371695
78,3,10,150,94,0.0
79,3,10,150,94,0.0
80,3,10,150,94,0.08297572808511901
81,3,10,150,94,0.0
82,3,10,150,94,0.10812418485305166
83,3,10,150,94,0.04630610387058298
84,3,10,150,94,0.0
85,3,10,150,94,0.06966660916502733
86,3,10,150,94,0.07738888769495082
87,3,10,150,94,0.10058161863664324
88,3,10,150,94,0.0
89,3,10,150,94,0.22860031301980846
90,3,10,150,94,0.2386569480666451
91,3,10,150,94,0.15983515198577117
92,3,10,150,94,0.10352076784307034
93,3,10,150,94,0.0
94,3,10,150,94,0.19025030646477453
95,3,10,150,94,0.07964436720215591
96,3,10,150,94,0.19186450284072096
97,3,10,150,94,0.2353819276956695
98,3,10,150,94,0.08878770367712427
99,3,10,150,94,0.029785542524894418
100,3,10,150,94,0.0892789338684584
101,3,10,150,94,0.0
102,3,10,150,94,0.026001814664123827
103,3,10,150,94,0.07673373981757839
104,3,10,150,94,0.12171451575741458
106,3,10,150,94,0.05261577455142312
107,3,10,150,94,0.0
108,3,10,150,94,0.0
109,3,10,150,94,0.12702438124116902
110,3,10,150,94,0.08694931131842866
111,3,10,150,94,0.0
112,3,10,150,94,0.06510475888148554
113,3,10,150,94,0.05449144662575446
114,3,10,150,94,0.07610811271330754
115,3,10,150,94,0.10223434053382421
116,3,10,150,94,0.07814915695077672
117,3,10,150,94,0.10135360124281675
118,3,10,150,94,0.0
119,3,10,150,94,0.10939494924525293
121,3,10,150,94,0.06245141164382474
122,3,10,150,94,0.07625852881342107
123,3,10,150,94,0.46927872602275644
124,3,10,150,94,0.10889376106823218
125,3,10,150,94,0.1758278598077621
126,3,10,150,94,0.0
127,3,10,150,94,0.0
128,3,10,150,94,0.047777554739453616
129,3,10,150,94,0.0
130,3,10,150,94,0.11207058154636457
131,3,10,150,94,0.2803335894048546
132,3,10,150,94,0.1431991570830273
133,3,10,150,94,0.0
134,3,10,150,94,0.0
135,3,10,150,94,0.0
136,3,10,150,94,0.40257390286801836
137,3,10,150,94,0.0
138,3,10,150,94,0.21222747957761057
139,3,10,150,94,0.0
140,3,10,150,94,0.0
141,3,10,150,94,0.20239191246999313
142,3,10,150,94,0.30260241349881345
143,3,10,150,94,0.0
144,3,10,150,94,0.2143720535700613
145,3,10,150,94,0.11867414778420507
146,3,10,150,94,0.0
147,3,10,150,94,0.07610811271330754
148,3,10,150,94,0.13364524093464059
149,3,10,150,94,0.05446824630887794
150,3,10,150,94,0.0
151,3,10,150,94,0.17653963481803697
152,3,10,150,94,0.09176715715471626
153,3,10,150,94,0.06516188295518531
154,3,10,150,94,0.055100238151135045
155,3,10,150,94,0.0
156,3,10,150,94,0.07028063830038406
157,3,10,150,94,0.05840183867278569
158,3,10,150,94,0.09116756222643234
159,3,10,150,94,0.11026617795298452
160,3,10,150,94,0.08815843064600337
161,3,10,150,94,0.0
162,3,10,150,94,0.0
163,3,10,150,94,0.0
164,3,10,150,94,0.0
165,3,10,150,94,0.09149012142095872
166,3,10,150,94,0.09726657973356154
167,3,10,150,94,0.03395822402998728
168,3,10,150,94,0.07914143116928869
169,3,10,150,94,0.055427457405235275
170,3,10,150,94,0.0
171,3,10,150,94,0.0
172,3,10,150,94,0.0
173,3,10,150,94,0.07286904346643797
174,3,10,150,94,0.11920425119752891
175,3,10,150,94,0.4413254197204702
176,3,10,150,94,0.08781188970158782
177,3,10,150,94,0.0
178,3,10,150,94,0.18053947820976404
179,3,10,150,94,0.06599888514927177
180,3,10,150,94,0.0
181,3,10,150,94,0.04622579729077891
182,3,10,150,94,0.13120507751234178
183,3,10,150,94,0.0
184,3,10,150,94,0.016355592358211265
185,3,10,150,94,0.0
186,3,10,150,94,0.0
187,3,10,150,94,0.2004102107997965
188,3,10,150,94,0.050562513489816586
189,3,10,150,94,0.22982757951573698
190,3,10,150,94,0.0
191,3,10,150,94,0.07335312372354855
192,3,10,150,94,0.0
193,3,10,150,94,0.04024288246957146
194,3,10,150,94,0.10117267104134949
195,3,10,150,94,0.10257737475069033
196,3,10,150,94,0.17342765698823945
197,3,10,150,94,0.07304192939088519
198,3,10,150,94,0.10387325901274824
199,3,10,150,94,0.052106753859569234
200,3,10,150,94,0.0971420957831845
201,3,10,150,94,0.3193440563594693
202,3,10,150,94,0.0
203,3,10,150,94,0.0
204,3,10,150,94,0.0
205,3,10,150,94,0.11600766930798434
206,3,10,150,94,0.0
207,3,10,150,94,0.2021424171822296
208,3,10,150,94,0.0
209,3,10,150,94,0.070675417981692
210,3,10,150,94,0.0
211,3,10,150,94,0.0
212,3,10,150,94,0.0559167101555819
213,3,10,150,94,0.08985507164305877
214,3,10,150,94,0.1257260924843343
215,3,10,150,94,0.157288596461893
216,3,10,150,94,0.27735230728218535
217,3,10,150,94,0.13000004444613666
218,3,10,150,94,0.06323567569191428
219,3,10,150,94,0.0
220,3,10,150,94,0.07807600999842033
221,3,10,150,94,0.12213234467515617
222,3,10,150,94,0.16053518617112608
223,3,10,150,94,0.039270700903099615
224,3,10,150,94,0.05211803804128038
225,3,10,150,94,0.09311209812195972
226,3,10,150,94,0.0
227,3,10,150,94,0.0
229,3,10,150,94,0.0
230,3,10,150,94,0.1697995249867118
231,3,10,150,94,0.0
232,3,10,150,94,0.0
233,3,10,150,94,0.22363232499877778
234,3,10,150,94,0.18434490788732266
235,3,10,150,94,0.11418024069273867
236,3,10,150,94,0.12127042983235181
237,3,10,150,94,0.04776398023609584
238,3,10,150,94,0.0
239,3,10,150,94,0.18633974250368845
240,3,10,150,94,0.10235170428306553
241,3,10,150,94,0.1381300260171807
242,3,10,150,94,0.0
243,3,10,150,94,0.0
244,3,10,150,94,0.15017336350566032
245,3,10,150,94,0.0
246,3,10,150,94,0.08356426880363813
247,3,10,150,94,0.15642624200758548
248,3,10,150,94,0.23451355966072135
249,3,10,150,94,0.3296200475575061
250,3,10,150,94,0.07806699296748765
251,3,10,150,94,0.0
252,3,10,150,94,0.07630862162354303
253,3,10,150,94,0.038220360097248454
254,3,10,150,94,0.05572346079741265
255,3,10,150,94,0.10933464083642679
256,3,10,150,94,0.0681239071992697
257,3,10,150,94,0.12830873359117523
258,3,10,150,94,0.16260831227163416
259,3,10,150,94,0.0
260,3,10,150,94,0.0
261,3,10,150,94,0.0
262,3,10,150,94,0.024334582709454235
263,3,10,150,94,0.36030713075223775
264,3,10,150,94,0.3852510465367394
265,3,10,150,94,0.19802572813668026
266,3,10,150,94,0.0
267,3,10,150,94,0.22898927482035836
268,3,10,150,94,0.1555062187985528
269,3,10,150,94,0.040019695500760184
270,3,10,150,94,0.049915567102790354
271,3,10,150,94,0.10729393508609222
272,3,10,150,94,0.10457492829503848
273,3,10,150,94,0.0
274,3,10,150,94,0.05380266522938521
275,3,10,150,94,0.0
276,3,10,150,94,0.16683394348006692
277,3,10,150,94,0.0
278,3,10,150,94,0.0
279,3,10,150,94,0.12980652062863637
280,3,10,150,94,0.0882348794193481
281,3,10,150,94,0.0
282,3,10,150,94,0.09659953929285248
283,3,10,150,94,0.0
284,3,10,150,94,0.0
285,3,10,150,94,0.0
286,3,10,150,94,0.016140534521312585
287,3,10,150,94,0.0
288,3,10,150,94,0.13999259891013252
289,3,10,150,94,0.0
290,3,10,150,94,0.09647783930421741
291,3,10,150,94,0.18968772725883148
292,3,10,150,94,0.27665227928348557
293,3,10,150,94,0.18408613480279581
294,3,10,150,94,0.09628038570550856
295,3,10,150,94,0.15956840344924803
296,3,10,150,94,0.15701688667375013
297,3,10,150,94,0.030868393892711742
298,3,10,150,94,0.13814728270261697
299,3,10,150,94,0.14672190562990817
300,3,10,150,94,0.0
301,3,10,150,94,0.1296575124303738
302,3,10,150,94,0.07335312372354855
303,3,10,150,94,0.17978154785217412
304,3,10,150,94,0.0
305,3,10,150,94,0.05428021340641747
306,3,10,150,94,0.0
307,3,10,150,94,0.13128644747266613
308,3,10,150,94,0.05707430901002984
309,3,10,150,94,0.0
310,3,10,150,94,0.2890648263178879
311,3,10,150,94,0.17512035582237062
312,3,10,150,94,0.16963857451199318
313,3,10,150,94,0.09586943528179451
314,3,10,150,94,0.12209873289616133
315,3,10,150,94,0.09785159463516042
316,3,10,150,94,0.06076546216996844
317,3,10,150,94,0.0
318,3,10,150,94,0.09228506687340403
319,3,10,150,94,0.0
320,3,10,150,94,0.08947300054212491
321,3,10,150,94,0.08223795175588802
322,3,10,150,94,0.07955752067133452
323,3,10,150,94,0.12229181918924699
324,3,10,150,94,0.0
325,3,10,150,94,0.0
326,3,10,150,94,0.10817904857938596
327,3,10,150,94,0.08994638243893706
328,3,10,150,94,0.1253761246808089
329,3,10,150,94,0.056720838976548935
330,3,10,150,94,0.33051067716070737
331,3,10,150,94,0.0
332,3,10,150,94,0.13202102105856586
333,3,10,150,94,0.0
334,3,10,150,94,0.17920452272414056
335,3,10,150,94,0.0
336,3,10,150,94,0.0
337,3,10,150,94,0.2325689761571779
338,3,10,150,94,0.08388555279643939
339,3,10,150,94,0.2035626803416359
340,3,10,150,94,0.16593574125923852
341,3,10,150,94,0.0
342,3,10,150,94,0.15381739323016694
343,3,10,150,94,0.3675257435678538
344,3,10,150,94,0.13804010954782428
345,3,10,150,94,0.14462655322572632
346,3,10,150,94,0.1264086027263655
347,3,10,150,94,0.11419934147174059
348,3,10,150,94,0.0
349,3,10,150,94,0.07123530534387781
350,3,10,150,94,0.2618835547498317
351,3,10,150,94,0.10570747126847255
352,3,10,150,94,0.19656450833316597
353,3,10,150,94,0.09489642549953911
354,3,10,150,94,0.048823562593396645
355,3,10,150,94,0.05122871476979503
356,3,10,150,94,0.0
357,3,10,150,94,0.03371865946438579
358,3,10,150,94,0.2989381055930108
359,3,10,150,94,0.14341929980357182
360,3,10,150,94,0.1559806047717434
361,3,10,150,94,0.0
362,3,10,150,94,0.0
363,3,10,150,94,0.1867805234163032
364,3,10,150,94,0.0
365,3,10,150,94,0.0989084497079971
366,3,10,150,94,0.1800581708881336
367,3,10,150,94,0.1410054764628891
368,3,10,150,94,0.0
369,3,10,150,94,0.0
370,3,10,150,94,0.045683428159663184
371,3,10,150,94,0.174231549865924
372,3,10,150,94,0.1614349203887353
373,3,10,150,94,0.18128610071101886
374,3,10,150,94,0.1523273086076386
375,3,10,150,94,0.0
376,3,10,150,94,0.0
377,3,10,150,94,0.053168340515114924
378,3,10,150,94,0.08175165513312106
379,3,10,150,94,0.1814915701185313
380,3,10,150,94,0.0
381,3,10,150,94,0.10528437187206623
382,3,10,150,94,0.13500098315004241
383,3,10,150,94,0.06801459236612908
384,3,10,150,94,0.08759200575528697
385,3,10,150,94,0.1546778125427113
386,3,10,150,94,0.0
387,3,10,150,94,0.03814967334348895
388,3,10,150,94,0.029785542524894418
389,3,10,150,94,0.1436557902546879
390,3,10,150,94,0.3221940057104188
391,3,10,150,94,0.298074760835303
392,3,10,150,94,0.1505154583730443
393,3,10,150,94,0.19817909493889546
394,3,10,150,94,0.15290238277303939
395,3,10,150,94,0.15727036710905312
396,3,10,150,94,0.0
397,3,10,150,94,0.12905531436930254
398,3,10,150,94,0.12204637821038242
399,3,10,150,94,0.05509887073092855
400,3,10,150,94,0.0
401,3,10,150,94,0.0
402,3,10,150,94,0.469779625693621
403,3,10,150,94,0.02818923206968657
404,3,10,150,94,0.0
405,3,10,150,94,0.2151137534670912
406,3,10,150,94,0.1428233347987388
407,3,10,150,94,0.14649337636835694
408,3,10,150,94,0.12083071655728543
409,3,10,150,94,0.15086419336317547
410,3,10,150,94,0.0
411,3,10,150,94,0.1128999930808451
412,3,10,150,94,0.0
413,3,10,150,94,0.10122860821230018
414,3,10,150,94,0.0
415,3,10,150,94,0.07605458145297357
416,3,10,150,94,0.2752449694292733
417,3,10,150,94,0.06650297775059094
418,3,10,150,94,0.07001560573318603
419,3,10,150,94,0.26168079122473237
420,3,10,150,94,0.0527075128660253
421,3,10,150,94,0.202729931306865
422,3,10,150,94,0.0
423,3,10,150,94,0.0
424,3,10,150,94,0.13291000263869587
425,3,10,150,94,0.07316321377698815
426,3,10,150,94,0.10004388309532918
427,3,10,150,94,0.0
428,3,10,150,94,0.0
429,3,10,150,94,0.15588839555158443
430,3,10,150,94,0.062242588308449316
431,3,10,150,94,0.0
432,3,10,150,94,0.05253723007572906
433,3,10,150,94,0.0
434,3,10,150,94,0.2870958118344385
435,3,10,150,94,0.18753015357981984
436,3,10,150,94,0.10855238808350101
437,3,10,150,94,0.08401780728647901
438,3,10,150,94,0.0
439,3,10,150,94,0.0
440,3,10,150,94,0.10025741859697787
441,3,10,150,94,0.0615755971851825
442,3,10,150,94,0.13195962283106308
443,3,10,150,94,0.056720838976548935
444,3,10,150,94,0.19519002499605084
445,3,10,150,94,0.0
446,3,10,150,94,0.0
447,3,10,150,94,0.09914294517496557
448,3,10,150,94,0.0
449,3,10,150,94,0.0
450,3,10,150,94,0.28835601310867554
451,3,10,150,94,0.0
452,3,10,150,94,0.048188247044562364
453,3,10,150,94,0.19529878873641995
454,3,10,150,94,0.04660970891255033
455,3,10,150,94,0.2805583936524754
456,3,10,150,94,0.20286127521652125
457,3,10,150,94,0.36238463914482993
458,3,10,150,94,0.12059750656999586
459,3,10,150,94,0.04901586605894737
460,3,10,150,94,0.0
461,3,10,150,94,0.10778915452451093
462,3,10,150,94,0.1972444692220082
463,3,10,150,94,0.1032589365938857
464,3,10,150,94,0.091470579054696
465,3,10,150,94,0.0733934381893728
466,3,10,150,94,0.0750834162528243
467,3,10,150,94,0.032842167909375275
468,3,10,150,94,0.4424763580282471
469,3,10,150,94,0.08625887094910875
470,3,10,150,94,0.06625332292180271
471,3,10,150,94,0.039360765922782585
472,3,10,150,94,0.29683302737258815
473,3,10,150,94,0.08903377327702097
474,3,10,150,94,0.33346659590002303
475,3,10,150,94,0.0
476,3,10,150,94,0.12097589732794561
477,3,10,150,94,0.0
478,3,10,150,94,0.2059565668593519
479,3,10,150,94,0.07893633843817272
480,3,10,150,94,0.0881980292211471
481,3,10,150,94,0.05234104579082298
482,3,10,150,94,0.15905893746943514
483,3,10,150,94,0.06194403202282284
484,3,10,150,94,0.33809266656634696
485,3,10,150,94,0.0
486,3,10,150,94,0.06108300840136219
487,3,10,150,94,0.10060724527338907
488,3,10,150,94,0.05887472794707303
489,3,10,150,94,0.1419385728645212
490,3,10,150,94,0.06490403551612171
491,3,10,150,94,0.17758207479178334
492,3,10,150,94,0.12925417913024104
493,3,10,150,94,0.26530843853655434
494,3,10,150,94,0.19527970003833198
495,3,10,150,94,0.17408269195663154
496,3,10,150,94,0.07271211160102074
497,3,10,150,94,0.10121090134321312
498,3,10,150,94,0.0343217267714905
499,3,10,150,94,0.2224748000580069
500,3,10,150,94,0.04698773570888995
501,3,10,150,94,0.0
502,3,10,150,94,0.03272632263321488
503,3,10,150,94,0.28914192158692886
504,3,10,150,94,0.09794337990609951
505,3,10,150,94,0.025255271126572616
506,3,10,150,94,0.16119309772585624
507,3,10,150,94,0.02579743633593384
508,3,10,150,94,0.2518402952398531
509,3,10,150,94,0.0
510,3,10,150,94,0.17032928501352598
511,3,10,150,94,0.12155021559723776
512,3,10,150,94,0.0
513,3,10,150,94,0.09761131800342168
514,3,10,150,94,0.20202473045271674
515,3,10,150,94,0.0
516,3,10,150,94,0.07947838320659593
517,3,10,150,94,0.03859643636257609
518,3,10,150,94,0.05268083714989503
519,3,10,150,94,0.06666229075440745
520,3,10,150,94,0.0
521,3,10,150,94,0.07649261318048692
522,3,10,150,94,0.2035192592417533
523,3,10,150,94,0.20743522595609606
524,3,10,150,94,0.04464517364574174
525,3,10,150,94,0.06516045994396072
526,3,10,150,94,0.052528565413809895
527,3,10,150,94,0.21068702285875093
528,3,10,150,94,0.1255942414278791
529,3,10,150,94,0.03208343640786788
530,3,10,150,94,0.0
531,3,10,150,94,0.0
532,3,10,150,94,0.20000931548847464
533,3,10,150,94,0.17816347909262814
534,3,10,150,94,0.10040759964046686
535,3,10,150,94,0.26295140635259745
536,3,10,150,94,0.19370572859880655
537,3,10,150,94,0.4528110668824612
538,3,10,150,94,0.09944592215223559
539,3,10,150,94,0.09159470869501925
540,3,10,150,94,0.0
541,3,10,150,94,0.0779170553370938
542,3,10,150,94,0.11196951627759619
543,3,10,150,94,0.037245850295261944
544,3,10,150,94,0.04213592739148787
545,3,10,150,94,0.1627301445786375
546,3,10,150,94,0.19423009903097527
547,3,10,150,94,0.04528995543568932
548,3,10,150,94,0.1447639295950455
549,3,10,150,94,0.10184659627402569
550,3,10,150,94,0.0845667599404342
551,3,10,150,94,0.26874165756141266
552,3,10,150,94,0.0
553,3,10,150,94,0.15284217773934242
554,3,10,150,94,0.0
555,3,10,150,94,0.037070343480771185
556,3,10,150,94,0.2848749592866812
557,3,10,150,94,0.044530079137671444
558,3,10,150,94,0.21398626473452756
559,3,10,150,94,0.11571122630007512
560,3,10,150,94,0.16944112208105297
561,3,10,150,94,0.1121312573122212
562,3,10,150,94,0.16880427191129663
563,3,10,150,94,0.10791970824616881
564,3,10,150,94,0.0
565,3,10,150,94,0.2016297075493207
566,3,10,150,94,0.11935234359120704
567,3,10,150,94,0.3504555352124596
568,3,10,150,94,0.07161318866452264
569,3,10,150,94,0.023835426911994775
570,3,10,150,94,0.0
571,3,10,150,94,0.0512644431393966
572,3,10,150,94,0.30260241349881345
573,3,10,150,94,0.0
574,3,10,150,94,0.02529922263119915
575,3,10,150,94,0.13043262693172047
576,3,10,150,94,0.0
577,3,10,150,94,0.2017286250978881
578,3,10,150,94,0.0
579,3,10,150,94,0.06152644703210656
580,3,10,150,94,0.03144137376097698
581,3,10,150,94,0.03032211530825568
582,3,10,150,94,0.06679511870650716
583,3,10,150,94,0.13912814892946682
584,3,10,150,94,0.20261715588288354
585,3,10,150,94,0.05899797109864319
586,3,10,150,94,0.0663945281096953
587,3,10,150,94,0.029230460362194715
588,3,10,150,94,0.23297932427732074
589,3,10,150,94,0.09905100598441088
590,3,10,150,94,0.19997970715667693
591,3,10,150,94,0.08651464973019597
592,3,10,150,94,0.29335689235137996
593,3,10,150,94,0.14271020042879362
594,3,10,150,94,0.0
595,3,10,150,94,0.055965373307784824
596,3,10,150,94,0.15081647728233993
597,3,10,150,94,0.02579743633593384
598,3,10,150,94,0.0
599,3,10,150,94,0.04621780199859461
600,3,10,150,94,0.13574631165894233
601,3,10,150,94,0.14661690295711607
602,3,10,150,94,0.041278922835426404
603,3,10,150,94,0.12541207695631323
604,3,10,150,94,0.0
605,3,10,150,94,0.21970118464532165
606,3,10,150,94,0.31033555563648857
607,3,10,150,94,0.0308875359117713
608,3,10,150,94,0.20657435219961784
609,3,10,150,94,0.0
610,3,10,150,94,0.12186625680881258
611,3,10,150,94,0.19680646538945382
612,3,10,150,94,0.09162544430476362
613,3,10,150,94,0.1652462050665711
614,3,10,150,94,0.1467868763787456
615,3,10,150,94,0.18894939135123942
616,3,10,150,94,0.030480958763669998
617,3,10,150,94,0.0539699203856165
618,3,10,150,94,0.1426801094010411
619,3,10,150,94,0.14795344439858116
620,3,10,150,94,0.24239278329353608
621,3,10,150,94,0.10569072181389248
622,3,10,150,94,0.16226113935431313
623,3,10,150,94,0.04214302778527282
624,3,10,150,94,0.03202992305603544
625,3,10,150,94,0.07991575154621842
626,3,10,150,94,0.13034538143571256
627,3,10,150,94,0.11471658297235718
628,3,10,150,94,0.09696340382814506
629,3,10,150,94,0.3293312540045533
630,3,10,150,94,0.10834532177911152
631,3,10,150,94,0.13449792459172438
632,3,10,150,94,0.08348454970562778
633,3,10,150,94,0.050456115328747164
634,3,10,150,94,0.11971011117287562
635,3,10,150,94,0.0
636,3,10,150,94,0.4108031518056064
637,3,10,150,94,0.04188454685690797
638,3,10,150,94,0.05152901435389809
639,3,10,150,94,0.01070448204588216
640,3,10,150,94,0.1985043148462551
641,3,10,150,94,0.051358492238643604
642,3,10,150,94,0.28855990680443594
643,3,10,150,94,0.21368826267102806
644,3,10,150,94,0.023868766231572826
645,3,10,150,94,0.19051308280387036
646,3,10,150,94,0.11243817952384734
647,3,10,150,94,0.06590268968688952
648,3,10,150,94,0.25627223045222886
649,3,10,150,94,0.04336490181597879
650,3,10,150,94,0.13086944773276146
651,3,10,150,94,0.0
652,3,10,150,94,0.0
653,3,10,150,94,0.20331012818455121
654,3,10,150,94,0.05402442095740813
655,3,10,150,94,0.4504782699835224
656,3,10,150,94,0.0
657,3,10,150,94,0.2504953915210566
658,3,10,150,94,0.09988783377897062
659,3,10,150,94,0.09950788532097599
660,3,10,150,94,0.06383492705585056
661,3,10,150,94,0.26981312823009207
662,3,10,150,94,0.0
663,3,10,150,94,0.13556872143140483
664,3,10,150,94,0.2433808724049065
665,3,10,150,94,0.09320226066953219
666,3,10,150,94,0.09544301668052814
667,3,10,150,94,0.1487205698875683
668,3,10,150,94,0.0
669,3,10,150,94,0.2287469684999221
670,3,10,150,94,0.0271437232396382
671,3,10,150,94,0.22854131648543738
672,3,10,150,94,0.07973520350569015
673,3,10,150,94,0.03236977394070781
674,3,10,150,94,0.0
675,3,10,150,94,0.0382580635535654
676,3,10,150,94,0.22358931366364498
677,3,10,150,94,0.10158983531347915
678,3,10,150,94,0.04266316057115777
679,3,10,150,94,0.20531579536501102
680,3,10,150,94,0.022168697248564677
681,3,10,150,94,0.0
682,3,10,150,94,0.22827312970524952
683,3,10,150,94,0.10991129435376559
684,3,10,150,94,0.03158850394477252
685,3,10,150,94,0.20373936192022438
686,3,10,150,94,0.2987531530167816
687,3,10,150,94,0.0
688,3,10,150,94,0.0
689,3,10,150,94,0.429307082657261
690,3,10,150,94,0.24802939400095458
691,3,10,150,94,0.638147349605226
692,3,10,150,94,0.03353522641880846
693,3,10,150,94,0.04711181933747839
694,3,10,150,94,0.21361709189247302
695,3,10,150,94,0.05816383356143395
696,3,10,150,94,0.08111636357522063
697,3,10,150,94,0.12437644188995578
698,3,10,150,94,0.0
699,3,10,150,94,0.06266837015218314
700,3,10,150,94,0.0
701,3,10,150,94,0.12271508523586225
702,3,10,150,94,0.0
703,3,10,150,94,0.21888235022994418
704,3,10,150,94,0.24598285660901478
705,3,10,150,94,0.3123239440776451
706,3,10,150,94,0.03481402556224447
707,3,10,150,94,0.24315624064535118
708,3,10,150,94,0.03476299583640518
709,3,10,150,94,0.17767709199491483
710,3,10,150,94,0.26751805020186437
711,3,10,150,94,0.19019589140904572
712,3,10,150,94,0.0709301463537875
713,3,10,150,94,0.0
714,3,10,150,94,0.1266607864485773
715,3,10,150,94,0.16860516623933322
716,3,10,150,94,0.25684348614917507
717,3,10,150,94,0.16781772792345637
718,3,10,150,94,0.0
719,3,10,150,94,0.10353175087921149
720,3,10,150,94,0.05925736915373658
721,3,10,150,94,0.17899353480938704
722,3,10,150,94,0.07401896317743158
723,3,10,150,94,0.0
724,3,10,150,94,0.0
725,3,10,150,94,0.04733244938590725
726,3,10,150,94,0.10841847307700177
727,3,10,150,94,0.06423518346902
728,3,10,150,94,0.0
729,3,10,150,94,0.1312200120995304
730,3,10,150,94,0.0
731,3,10,150,94,0.2497088707512811
732,3,10,150,94,0.05717828980196049
733,3,10,150,94,0.020730875129846955
734,3,10,150,94,0.08131766139183766
735,3,10,150,94,0.12905232756659873
736,3,10,150,94,0.047009109882897075
737,3,10,150,94,0.12127716502890909
738,3,10,150,94,0.09907057054543131
739,3,10,150,94,0.18767092572990207
740,3,10,150,94,0.0523780734795101
741,3,10,150,94,0.09620963094643388
742,3,10,150,94,0.0527075128660253
743,3,10,150,94,0.1194783875505714
744,3,10,150,94,0.0
745,3,10,150,94,0.06774344219296054
746,3,10,150,94,0.24124954544361757
747,3,10,150,94,0.21225097068587118
748,3,10,150,94,0.05777785042626121
749,3,10,150,94,0.2543928065417666
750,3,10,150,94,0.20954227812062592
751,3,10,150,94,0.06407706415564705
752,3,10,150,94,0.08155432360208091
753,3,10,150,94,0.09985462455958868
754,3,10,150,94,0.0
755,3,10,150,94,0.0
756,3,10,150,94,0.044143057780823704
757,3,10,150,94,0.18464075722796058
758,3,10,150,94,0.2568679969897994
759,3,10,150,94,0.04828669550714567
760,3,10,150,94,0.16006374561654185
761,3,10,150,94,0.17663858756688974
762,3,10,150,94,0.0
763,3,10,150,94,0.15021194072867564
764,3,10,150,94,0.04710969775183564
765,3,10,150,94,0.0966785411876802
766,3,10,150,94,0.035191004809260996
767,3,10,150,94,0.1269544353559099
768,3,10,150,94,0.09997171219938322
769,3,10,150,94,0.0
770,3,10,150,94,0.207274302223422
771,3,10,150,94,0.07363642524234874
772,3,10,150,94,0.038996699933076286
773,3,10,150,94,0.15659560794124947
774,3,10,150,94,0.0
775,3,10,150,94,0.0910478037169899
776,3,10,150,94,0.04721006604760436
777,3,10,150,94,0.0
778,3,10,150,94,0.08961728720334347
779,3,10,150,94,0.0
780,3,10,150,94,0.19393055855404154
781,3,10,150,94,0.16573484494600602
782,3,10,150,94,0.022055991630908645
783,3,10,150,94,0.07763399617214947
784,3,10,150,94,0.04582425041433568
785,3,10,150,94,0.2848262604068979
786,3,10,150,94,0.13901223847985233
787,3,10,150,94,0.0
788,3,10,150,94,0.046626370288649896
789,3,10,150,94,0.14531023848228133
790,3,10,150,94,0.08452117092278105
791,3,10,150,94,0.059480024314918285
792,3,10,150,94,0.0946587791577201
793,3,10,150,94,0.11843263243420837
794,3,10,150,94,0.1578863001786244
795,3,10,150,94,0.10325242280712206
796,3,10,150,94,0.1145275641223123
797,3,10,150,94,0.13905617951077562
798,3,10,150,94,0.02688415331260267
799,3,10,150,94,0.2836929289153804
800,3,10,150,94,0.0
801,3,10,150,94,0.0
802,3,10,150,94,0.05621908976192367
803,3,10,150,94,0.0
804,3,10,150,94,0.20994146470018396
805,3,10,150,94,0.15771169694749937
806,3,10,150,94,0.10606704841588428
807,3,10,150,94,0.22931014490903673
808,3,10,150,94,0.09905728133858463
809,3,10,150,94,0.0
810,3,10,150,94,0.0
811,3,10,150,94,0.1162989546852336
812,3,10,150,94,0.11600766930798434
813,3,10,150,94,0.06916902856231065
814,3,10,150,94,0.054181637470214
815,3,10,150,94,0.10380674919178415
816,3,10,150,94,0.10105367325027378
817,3,10,150,94,0.0
818,3,10,150,94,0.05187864210776578
819,3,10,150,94,0.0
820,3,10,150,94,0.12262943855309168
821,3,10,150,94,0.18684232150964158
822,3,10,150,94,0.0
823,3,10,150,94,0.14011732711290795
824,3,10,150,94,0.0
825,3,10,150,94,0.16434089815347858
826,3,10,150,94,0.1395338307503347
827,3,10,150,94,0.0
828,3,10,150,94,0.0
829,3,10,150,94,0.08143169212679746
830,3,10,150,94,0.15298484663625925
831,3,10,150,94,0.0800524392169327
832,3,10,150,94,0.06248152673860667
833,3,10,150,94,0.05828935682373833
834,3,10,150,94,0.11748729211308383
835,3,10,150,94,0.131093662595089
836,3,10,150,94,0.05097554749895306
837,3,10,150,94,0.05351287869030783
838,3,10,150,94,0.08633629724227374
839,3,10,150,94,0.0
840,3,10,150,94,0.1518245759629103
841,3,10,150,94,0.0
842,3,10,150,94,0.0
843,3,10,150,94,0.061358379472136654
844,3,10,150,94,0.0
845,3,10,150,94,0.06531065216760332
846,3,10,150,94,0.16592059617503505
847,3,10,150,94,0.0
848,3,10,150,94,0.09796419403030648
849,3,10,150,94,0.15023650744503608
850,3,10,150,94,0.06228974831361337
851,3,10,150,94,0.2277008805972924
852,3,10,150,94,0.07256783117062009
853,3,10,150,94,0.0
854,3,10,150,94,0.0
855,3,10,150,94,0.0
856,3,10,150,94,0.0
857,3,10,150,94,0.0
858,3,10,150,94,0.0
859,3,10,150,94,0.0
860,3,10,150,94,0.0
861,3,10,150,94,0.12754356661958802
862,3,10,150,94,0.18279787522069124
863,3,10,150,94,0.059558281812319085
864,3,10,150,94,0.19756506460263396
865,3,10,150,94,0.0
866,3,10,150,94,0.0
867,3,10,150,94,0.18752183128814004
868,3,10,150,94,0.0
870,3,10,150,94,0.0
871,3,10,150,94,0.0
872,3,10,150,94,0.0
875,3,10,150,94,0.1395953738647505
876,3,10,150,94,0.0
877,3,10,150,94,0.0
1,3,10,150,95,0.6247579375131872
2,3,10,150,95,0.10688238502350729
3,3,10,150,95,0.0
4,3,10,150,95,0.0
5,3,10,150,95,0.0819283960923954
6,3,10,150,95,0.05340978172012693
7,3,10,150,95,0.2561597458176804
8,3,10,150,95,0.23191260645970924
9,3,10,150,95,0.0
10,3,10,150,95,0.16409920264511527
11,3,10,150,95,0.049016076581777215
12,3,10,150,95,0.13570688190090627
13,3,10,150,95,0.19175719627461657
14,3,10,150,95,0.18798196875542286
15,3,10,150,95,0.0
16,3,10,150,95,0.2571810388985906
17,3,10,150,95,0.12066394366711926
18,3,10,150,95,0.18606782959057458
19,3,10,150,95,0.0
20,3,10,150,95,0.19780725085993958
21,3,10,150,95,0.05824963961462511
22,3,10,150,95,0.17104220435540762
23,3,10,150,95,0.18360000301566626
24,3,10,150,95,0.311062094929455
25,3,10,150,95,0.0
26,3,10,150,95,0.030421795212869307
28,3,10,150,95,0.0
29,3,10,150,95,0.0
30,3,10,150,95,0.0979129253499678
31,3,10,150,95,0.06076546216996844
32,3,10,150,95,0.0
33,3,10,150,95,0.0
34,3,10,150,95,0.0
35,3,10,150,95,0.07108348368841133
37,3,10,150,95,0.08836851842055818
38,3,10,150,95,0.06070898734241371
39,3,10,150,95,0.0
40,3,10,150,95,0.11277789332641257
41,3,10,150,95,0.0
42,3,10,150,95,0.14144963799422255
43,3,10,150,95,0.268915965453296
44,3,10,150,95,0.07698159974258616
45,3,10,150,95,0.04505000432618384
46,3,10,150,95,0.2524329124868603
47,3,10,150,95,0.0
48,3,10,150,95,0.191300388285999
49,3,10,150,95,0.08545966314334597
50,3,10,150,95,0.0
51,3,10,150,95,0.18953836965473142
52,3,10,150,95,0.04892579731758021
53,3,10,150,95,0.09546043308946733
54,3,10,150,95,0.07984133538066794
55,3,10,150,95,0.0
56,3,10,150,95,0.03975645576081676
57,3,10,150,95,0.07600688094360178
58,3,10,150,95,0.12811608865176474
59,3,10,150,95,0.2288547885821571
60,3,10,150,95,0.12123807080432077
61,3,10,150,95,0.0
62,3,10,150,95,0.056765939954965754
63,3,10,150,95,0.03554915059547175
64,3,10,150,95,0.0
65,3,10,150,95,0.3256920858344545
66,3,10,150,95,0.0
67,3,10,150,95,0.0
68,3,10,150,95,0.0
69,3,10,150,95,0.18013245110732332
70,3,10,150,95,0.04310441109649134
71,3,10,150,95,0.1434649426280276
72,3,10,150,95,0.16084022171949366
73,3,10,150,95,0.051960280791503534
74,3,10,150,95,0.0
75,3,10,150,95,0.11731968150568911
76,3,10,150,95,0.14804398249667974
77,3,10,150,95,0.45287742747371695
78,3,10,150,95,0.0
79,3,10,150,95,0.0
80,3,10,150,95,0.08297572808511901
81,3,10,150,95,0.0
82,3,10,150,95,0.10812418485305166
83,3,10,150,95,0.04630610387058298
84,3,10,150,95,0.0
85,3,10,150,95,0.06966660916502733
86,3,10,150,95,0.07738888769495082
87,3,10,150,95,0.10058161863664324
88,3,10,150,95,0.0
89,3,10,150,95,0.22860031301980846
90,3,10,150,95,0.2386569480666451
91,3,10,150,95,0.15983515198577117
92,3,10,150,95,0.10352076784307034
93,3,10,150,95,0.0
94,3,10,150,95,0.19025030646477453
95,3,10,150,95,0.07964436720215591
96,3,10,150,95,0.19186450284072096
97,3,10,150,95,0.2353819276956695
98,3,10,150,95,0.08878770367712427
99,3,10,150,95,0.029785542524894418
100,3,10,150,95,0.0892789338684584
101,3,10,150,95,0.0
102,3,10,150,95,0.026001814664123827
103,3,10,150,95,0.07673373981757839
104,3,10,150,95,0.12171451575741458
106,3,10,150,95,0.05261577455142312
107,3,10,150,95,0.0
108,3,10,150,95,0.0
109,3,10,150,95,0.12702438124116902
110,3,10,150,95,0.08694931131842866
111,3,10,150,95,0.0
112,3,10,150,95,0.06510475888148554
113,3,10,150,95,0.05449144662575446
114,3,10,150,95,0.07610811271330754
115,3,10,150,95,0.10223434053382421
116,3,10,150,95,0.07814915695077672
117,3,10,150,95,0.10135360124281675
118,3,10,150,95,0.0
119,3,10,150,95,0.10939494924525293
121,3,10,150,95,0.06245141164382474
122,3,10,150,95,0.07625852881342107
123,3,10,150,95,0.46927872602275644
124,3,10,150,95,0.10889376106823218
125,3,10,150,95,0.19450291287060648
126,3,10,150,95,0.0
127,3,10,150,95,0.0
128,3,10,150,95,0.047777554739453616
129,3,10,150,95,0.0
130,3,10,150,95,0.11207058154636457
131,3,10,150,95,0.2803335894048546
132,3,10,150,95,0.1431991570830273
133,3,10,150,95,0.0
134,3,10,150,95,0.0
135,3,10,150,95,0.0
136,3,10,150,95,0.40257390286801836
137,3,10,150,95,0.0
138,3,10,150,95,0.21222747957761057
139,3,10,150,95,0.0
140,3,10,150,95,0.0
141,3,10,150,95,0.20239191246999313
142,3,10,150,95,0.30260241349881345
143,3,10,150,95,0.0
144,3,10,150,95,0.2143720535700613
145,3,10,150,95,0.11867414778420507
146,3,10,150,95,0.0
147,3,10,150,95,0.07610811271330754
148,3,10,150,95,0.13364524093464059
149,3,10,150,95,0.05446824630887794
150,3,10,150,95,0.0
151,3,10,150,95,0.17653963481803697
152,3,10,150,95,0.09176715715471626
153,3,10,150,95,0.06516188295518531
154,3,10,150,95,0.055100238151135045
155,3,10,150,95,0.0
156,3,10,150,95,0.07028063830038406
157,3,10,150,95,0.05840183867278569
158,3,10,150,95,0.09116756222643234
159,3,10,150,95,0.11026617795298452
160,3,10,150,95,0.08815843064600337
161,3,10,150,95,0.0
162,3,10,150,95,0.0
163,3,10,150,95,0.0
164,3,10,150,95,0.0
165,3,10,150,95,0.09149012142095872
166,3,10,150,95,0.09726657973356154
167,3,10,150,95,0.03395822402998728
168,3,10,150,95,0.07914143116928869
169,3,10,150,95,0.055427457405235275
170,3,10,150,95,0.0
171,3,10,150,95,0.0
172,3,10,150,95,0.0
173,3,10,150,95,0.07286904346643797
174,3,10,150,95,0.11920425119752891
175,3,10,150,95,0.4413254197204702
176,3,10,150,95,0.11372080235825373
177,3,10,150,95,0.0
178,3,10,150,95,0.18053947820976404
179,3,10,150,95,0.06599888514927177
180,3,10,150,95,0.0
181,3,10,150,95,0.04622579729077891
182,3,10,150,95,0.13120507751234178
183,3,10,150,95,0.0
184,3,10,150,95,0.016355592358211265
185,3,10,150,95,0.0
186,3,10,150,95,0.0
187,3,10,150,95,0.2004102107997965
188,3,10,150,95,0.050562513489816586
189,3,10,150,95,0.22982757951573698
190,3,10,150,95,0.0
191,3,10,150,95,0.07335312372354855
192,3,10,150,95,0.0
193,3,10,150,95,0.04024288246957146
194,3,10,150,95,0.10117267104134949
195,3,10,150,95,0.10257737475069033
196,3,10,150,95,0.17342765698823945
197,3,10,150,95,0.07304192939088519
198,3,10,150,95,0.10387325901274824
199,3,10,150,95,0.052106753859569234
200,3,10,150,95,0.0971420957831845
201,3,10,150,95,0.3193440563594693
202,3,10,150,95,0.0
203,3,10,150,95,0.0
204,3,10,150,95,0.0
205,3,10,150,95,0.11600766930798434
206,3,10,150,95,0.0
207,3,10,150,95,0.2021424171822296
208,3,10,150,95,0.0
209,3,10,150,95,0.070675417981692
210,3,10,150,95,0.0
211,3,10,150,95,0.0
212,3,10,150,95,0.0559167101555819
213,3,10,150,95,0.08985507164305877
214,3,10,150,95,0.1257260924843343
215,3,10,150,95,0.157288596461893
216,3,10,150,95,0.27735230728218535
217,3,10,150,95,0.13000004444613666
218,3,10,150,95,0.06323567569191428
219,3,10,150,95,0.0
220,3,10,150,95,0.07807600999842033
221,3,10,150,95,0.12213234467515617
222,3,10,150,95,0.16053518617112608
223,3,10,150,95,0.039270700903099615
224,3,10,150,95,0.05211803804128038
225,3,10,150,95,0.09311209812195972
226,3,10,150,95,0.0
227,3,10,150,95,0.0
229,3,10,150,95,0.0
230,3,10,150,95,0.1697995249867118
231,3,10,150,95,0.0
232,3,10,150,95,0.0
233,3,10,150,95,0.22363232499877778
234,3,10,150,95,0.18434490788732266
235,3,10,150,95,0.11418024069273867
236,3,10,150,95,0.12127042983235181
237,3,10,150,95,0.04776398023609584
238,3,10,150,95,0.0
239,3,10,150,95,0.18633974250368845
240,3,10,150,95,0.10235170428306553
241,3,10,150,95,0.1381300260171807
242,3,10,150,95,0.0
243,3,10,150,95,0.0
244,3,10,150,95,0.15017336350566032
245,3,10,150,95,0.0
246,3,10,150,95,0.08356426880363813
247,3,10,150,95,0.15642624200758548
248,3,10,150,95,0.23451355966072135
249,3,10,150,95,0.3296200475575061
250,3,10,150,95,0.07806699296748765
251,3,10,150,95,0.0
252,3,10,150,95,0.07630862162354303
253,3,10,150,95,0.038220360097248454
254,3,10,150,95,0.05572346079741265
255,3,10,150,95,0.10933464083642679
256,3,10,150,95,0.0681239071992697
257,3,10,150,95,0.12830873359117523
258,3,10,150,95,0.16260831227163416
259,3,10,150,95,0.0
260,3,10,150,95,0.0
261,3,10,150,95,0.0
262,3,10,150,95,0.024334582709454235
263,3,10,150,95,0.3901262733483854
264,3,10,150,95,0.3852510465367394
265,3,10,150,95,0.19802572813668026
266,3,10,150,95,0.0
267,3,10,150,95,0.22898927482035836
268,3,10,150,95,0.1555062187985528
269,3,10,150,95,0.040019695500760184
270,3,10,150,95,0.049915567102790354
271,3,10,150,95,0.10729393508609222
272,3,10,150,95,0.10457492829503848
273,3,10,150,95,0.0
274,3,10,150,95,0.05380266522938521
275,3,10,150,95,0.0
276,3,10,150,95,0.16683394348006692
277,3,10,150,95,0.0
278,3,10,150,95,0.0
279,3,10,150,95,0.12980652062863637
280,3,10,150,95,0.0882348794193481
281,3,10,150,95,0.0
282,3,10,150,95,0.09659953929285248
283,3,10,150,95,0.0
284,3,10,150,95,0.0
285,3,10,150,95,0.0
286,3,10,150,95,0.016140534521312585
287,3,10,150,95,0.0
288,3,10,150,95,0.13999259891013252
289,3,10,150,95,0.0
290,3,10,150,95,0.09647783930421741
291,3,10,150,95,0.18968772725883148
292,3,10,150,95,0.27665227928348557
293,3,10,150,95,0.1955493081158793
294,3,10,150,95,0.09628038570550856
295,3,10,150,95,0.15956840344924803
296,3,10,150,95,0.15701688667375013
297,3,10,150,95,0.030868393892711742
298,3,10,150,95,0.13814728270261697
299,3,10,150,95,0.14672190562990817
300,3,10,150,95,0.0
301,3,10,150,95,0.1296575124303738
302,3,10,150,95,0.07335312372354855
303,3,10,150,95,0.18930683146960056
304,3,10,150,95,0.0
305,3,10,150,95,0.05428021340641747
306,3,10,150,95,0.0
307,3,10,150,95,0.13128644747266613
308,3,10,150,95,0.05707430901002984
309,3,10,150,95,0.0
310,3,10,150,95,0.2890648263178879
311,3,10,150,95,0.17512035582237062
312,3,10,150,95,0.16963857451199318
313,3,10,150,95,0.09586943528179451
314,3,10,150,95,0.12209873289616133
315,3,10,150,95,0.09785159463516042
316,3,10,150,95,0.06076546216996844
317,3,10,150,95,0.0
318,3,10,150,95,0.09228506687340403
319,3,10,150,95,0.0
320,3,10,150,95,0.08947300054212491
321,3,10,150,95,0.08223795175588802
322,3,10,150,95,0.07955752067133452
323,3,10,150,95,0.12229181918924699
324,3,10,150,95,0.0
325,3,10,150,95,0.0
326,3,10,150,95,0.10817904857938596
327,3,10,150,95,0.08994638243893706
328,3,10,150,95,0.1253761246808089
329,3,10,150,95,0.056720838976548935
330,3,10,150,95,0.33051067716070737
331,3,10,150,95,0.0
332,3,10,150,95,0.13202102105856586
333,3,10,150,95,0.0
334,3,10,150,95,0.17920452272414056
335,3,10,150,95,0.0
336,3,10,150,95,0.0
337,3,10,150,95,0.2325689761571779
338,3,10,150,95,0.08388555279643939
339,3,10,150,95,0.2035626803416359
340,3,10,150,95,0.16593574125923852
341,3,10,150,95,0.0
342,3,10,150,95,0.15381739323016694
343,3,10,150,95,0.3675257435678538
344,3,10,150,95,0.13804010954782428
345,3,10,150,95,0.14462655322572632
346,3,10,150,95,0.1264086027263655
347,3,10,150,95,0.11419934147174059
348,3,10,150,95,0.0
349,3,10,150,95,0.07123530534387781
350,3,10,150,95,0.2618835547498317
351,3,10,150,95,0.10570747126847255
352,3,10,150,95,0.19656450833316597
353,3,10,150,95,0.09489642549953911
354,3,10,150,95,0.048823562593396645
355,3,10,150,95,0.05122871476979503
356,3,10,150,95,0.0
357,3,10,150,95,0.03371865946438579
358,3,10,150,95,0.2989381055930108
359,3,10,150,95,0.14341929980357182
360,3,10,150,95,0.1559806047717434
361,3,10,150,95,0.0
362,3,10,150,95,0.0
363,3,10,150,95,0.1867805234163032
364,3,10,150,95,0.0
365,3,10,150,95,0.0989084497079971
366,3,10,150,95,0.1800581708881336
367,3,10,150,95,0.1410054764628891
368,3,10,150,95,0.0
369,3,10,150,95,0.0
370,3,10,150,95,0.045683428159663184
371,3,10,150,95,0.174231549865924
372,3,10,150,95,0.1614349203887353
373,3,10,150,95,0.18128610071101886
374,3,10,150,95,0.1523273086076386
375,3,10,150,95,0.0
376,3,10,150,95,0.0
377,3,10,150,95,0.053168340515114924
378,3,10,150,95,0.09108620750241554
379,3,10,150,95,0.1814915701185313
380,3,10,150,95,0.0
381,3,10,150,95,0.10528437187206623
382,3,10,150,95,0.13500098315004241
383,3,10,150,95,0.06801459236612908
384,3,10,150,95,0.08759200575528697
385,3,10,150,95,0.1546778125427113
386,3,10,150,95,0.0
387,3,10,150,95,0.050087090664204414
388,3,10,150,95,0.029785542524894418
389,3,10,150,95,0.1436557902546879
390,3,10,150,95,0.3221940057104188
391,3,10,150,95,0.298074760835303
392,3,10,150,95,0.1505154583730443
393,3,10,150,95,0.19817909493889546
394,3,10,150,95,0.15290238277303939
395,3,10,150,95,0.15727036710905312
396,3,10,150,95,0.0
397,3,10,150,95,0.12905531436930254
398,3,10,150,95,0.12204637821038242
399,3,10,150,95,0.05509887073092855
400,3,10,150,95,0.0
401,3,10,150,95,0.0
402,3,10,150,95,0.469779625693621
403,3,10,150,95,0.02818923206968657
404,3,10,150,95,0.0
405,3,10,150,95,0.21349530650332027
406,3,10,150,95,0.1428233347987388
407,3,10,150,95,0.14649337636835694
408,3,10,150,95,0.12083071655728543
409,3,10,150,95,0.15086419336317547
410,3,10,150,95,0.0
411,3,10,150,95,0.1128999930808451
412,3,10,150,95,0.0
413,3,10,150,95,0.10122860821230018
414,3,10,150,95,0.0
415,3,10,150,95,0.07605458145297357
416,3,10,150,95,0.2752449694292733
417,3,10,150,95,0.06650297775059094
418,3,10,150,95,0.07001560573318603
419,3,10,150,95,0.26168079122473237
420,3,10,150,95,0.0527075128660253
421,3,10,150,95,0.202729931306865
422,3,10,150,95,0.0
423,3,10,150,95,0.0
424,3,10,150,95,0.13291000263869587
425,3,10,150,95,0.07316321377698815
426,3,10,150,95,0.10004388309532918
427,3,10,150,95,0.0
428,3,10,150,95,0.0
429,3,10,150,95,0.15588839555158443
430,3,10,150,95,0.062242588308449316
431,3,10,150,95,0.0
432,3,10,150,95,0.05253723007572906
433,3,10,150,95,0.0
434,3,10,150,95,0.2870958118344385
435,3,10,150,95,0.18753015357981984
436,3,10,150,95,0.10855238808350101
437,3,10,150,95,0.08401780728647901
438,3,10,150,95,0.0
439,3,10,150,95,0.0
440,3,10,150,95,0.10025741859697787
441,3,10,150,95,0.0615755971851825
442,3,10,150,95,0.13195962283106308
443,3,10,150,95,0.056720838976548935
444,3,10,150,95,0.19519002499605084
445,3,10,150,95,0.0
446,3,10,150,95,0.0
447,3,10,150,95,0.09914294517496557
448,3,10,150,95,0.0
449,3,10,150,95,0.0
450,3,10,150,95,0.28618651484843427
451,3,10,150,95,0.0
452,3,10,150,95,0.048188247044562364
453,3,10,150,95,0.19529878873641995
454,3,10,150,95,0.0579244709995581
455,3,10,150,95,0.2805583936524754
456,3,10,150,95,0.20286127521652125
457,3,10,150,95,0.36238463914482993
458,3,10,150,95,0.12059750656999586
459,3,10,150,95,0.04901586605894737
460,3,10,150,95,0.0
461,3,10,150,95,0.10778915452451093
462,3,10,150,95,0.1972444692220082
463,3,10,150,95,0.1032589365938857
464,3,10,150,95,0.091470579054696
465,3,10,150,95,0.0733934381893728
466,3,10,150,95,0.0750834162528243
467,3,10,150,95,0.032842167909375275
468,3,10,150,95,0.4424763580282471
469,3,10,150,95,0.08625887094910875
470,3,10,150,95,0.06625332292180271
471,3,10,150,95,0.039360765922782585
472,3,10,150,95,0.29683302737258815
473,3,10,150,95,0.08903377327702097
474,3,10,150,95,0.33346659590002303
475,3,10,150,95,0.0
476,3,10,150,95,0.12097589732794561
477,3,10,150,95,0.0
478,3,10,150,95,0.2059565668593519
479,3,10,150,95,0.07893633843817272
480,3,10,150,95,0.0881980292211471
481,3,10,150,95,0.05234104579082298
482,3,10,150,95,0.15905893746943514
483,3,10,150,95,0.06194403202282284
484,3,10,150,95,0.33809266656634696
485,3,10,150,95,0.0
486,3,10,150,95,0.06108300840136219
487,3,10,150,95,0.10060724527338907
488,3,10,150,95,0.05887472794707303
489,3,10,150,95,0.1419385728645212
490,3,10,150,95,0.06490403551612171
491,3,10,150,95,0.17758207479178334
492,3,10,150,95,0.12925417913024104
493,3,10,150,95,0.26530843853655434
494,3,10,150,95,0.19527970003833198
495,3,10,150,95,0.17408269195663154
496,3,10,150,95,0.07271211160102074
497,3,10,150,95,0.10121090134321312
498,3,10,150,95,0.0343217267714905
499,3,10,150,95,0.2224748000580069
500,3,10,150,95,0.04698773570888995
501,3,10,150,95,0.0
502,3,10,150,95,0.03272632263321488
503,3,10,150,95,0.28914192158692886
504,3,10,150,95,0.09794337990609951
505,3,10,150,95,0.025255271126572616
506,3,10,150,95,0.16119309772585624
507,3,10,150,95,0.02579743633593384
508,3,10,150,95,0.2518402952398531
509,3,10,150,95,0.0
510,3,10,150,95,0.17032928501352598
511,3,10,150,95,0.12155021559723776
512,3,10,150,95,0.0
513,3,10,150,95,0.09761131800342168
514,3,10,150,95,0.20202473045271674
515,3,10,150,95,0.0
516,3,10,150,95,0.07947838320659593
517,3,10,150,95,0.03859643636257609
518,3,10,150,95,0.05268083714989503
519,3,10,150,95,0.06666229075440745
520,3,10,150,95,0.0
521,3,10,150,95,0.07649261318048692
522,3,10,150,95,0.2035192592417533
523,3,10,150,95,0.20743522595609606
524,3,10,150,95,0.044309277662479885
525,3,10,150,95,0.06516045994396072
526,3,10,150,95,0.052528565413809895
527,3,10,150,95,0.21068702285875093
528,3,10,150,95,0.1255942414278791
529,3,10,150,95,0.03208343640786788
530,3,10,150,95,0.0
531,3,10,150,95,0.0
532,3,10,150,95,0.20000931548847464
533,3,10,150,95,0.17816347909262814
534,3,10,150,95,0.12069476716775106
535,3,10,150,95,0.26295140635259745
536,3,10,150,95,0.19370572859880655
537,3,10,150,95,0.4494042614851024
538,3,10,150,95,0.09944592215223559
539,3,10,150,95,0.09159470869501925
540,3,10,150,95,0.0
541,3,10,150,95,0.0779170553370938
542,3,10,150,95,0.11196951627759619
543,3,10,150,95,0.037245850295261944
544,3,10,150,95,0.04213592739148787
545,3,10,150,95,0.1627301445786375
546,3,10,150,95,0.19423009903097527
547,3,10,150,95,0.04528995543568932
548,3,10,150,95,0.1447639295950455
549,3,10,150,95,0.10184659627402569
550,3,10,150,95,0.0845667599404342
551,3,10,150,95,0.2667197314283373
552,3,10,150,95,0.0
553,3,10,150,95,0.15284217773934242
554,3,10,150,95,0.0
555,3,10,150,95,0.037070343480771185
556,3,10,150,95,0.2848749592866812
557,3,10,150,95,0.044530079137671444
558,3,10,150,95,0.21398626473452756
559,3,10,150,95,0.11571122630007512
560,3,10,150,95,0.16944112208105297
561,3,10,150,95,0.1112876176563842
562,3,10,150,95,0.16880427191129663
563,3,10,150,95,0.10791970824616881
564,3,10,150,95,0.0
565,3,10,150,95,0.2016297075493207
566,3,10,150,95,0.11935234359120704
567,3,10,150,95,0.3504555352124596
568,3,10,150,95,0.07161318866452264
569,3,10,150,95,0.023835426911994775
570,3,10,150,95,0.0
571,3,10,150,95,0.0512644431393966
572,3,10,150,95,0.30260241349881345
573,3,10,150,95,0.0
574,3,10,150,95,0.02529922263119915
575,3,10,150,95,0.13043262693172047
576,3,10,150,95,0.0
577,3,10,150,95,0.2017286250978881
578,3,10,150,95,0.0
579,3,10,150,95,0.07810231452018687
580,3,10,150,95,0.03144137376097698
581,3,10,150,95,0.03032211530825568
582,3,10,150,95,0.06679511870650716
583,3,10,150,95,0.13912814892946682
584,3,10,150,95,0.20261715588288354
585,3,10,150,95,0.05899797109864319
586,3,10,150,95,0.0663945281096953
587,3,10,150,95,0.029230460362194715
588,3,10,150,95,0.23297932427732074
589,3,10,150,95,0.09905100598441088
590,3,10,150,95,0.19997970715667693
591,3,10,150,95,0.08651464973019597
592,3,10,150,95,0.29114976907787893
593,3,10,150,95,0.14271020042879362
594,3,10,150,95,0.0
595,3,10,150,95,0.055965373307784824
596,3,10,150,95,0.15081647728233993
597,3,10,150,95,0.02579743633593384
598,3,10,150,95,0.0
599,3,10,150,95,0.04621780199859461
600,3,10,150,95,0.13574631165894233
601,3,10,150,95,0.14661690295711607
602,3,10,150,95,0.041278922835426404
603,3,10,150,95,0.12541207695631323
604,3,10,150,95,0.0
605,3,10,150,95,0.21970118464532165
606,3,10,150,95,0.30800069033998917
607,3,10,150,95,0.0308875359117713
608,3,10,150,95,0.20657435219961784
609,3,10,150,95,0.0
610,3,10,150,95,0.12186625680881258
611,3,10,150,95,0.19680646538945382
612,3,10,150,95,0.09162544430476362
613,3,10,150,95,0.1652462050665711
614,3,10,150,95,0.1467868763787456
615,3,10,150,95,0.18894939135123942
616,3,10,150,95,0.030480958763669998
617,3,10,150,95,0.0539699203856165
618,3,10,150,95,0.1426801094010411
619,3,10,150,95,0.14795344439858116
620,3,10,150,95,0.24239278329353608
621,3,10,150,95,0.10569072181389248
622,3,10,150,95,0.16226113935431313
623,3,10,150,95,0.04214302778527282
624,3,10,150,95,0.03202992305603544
625,3,10,150,95,0.07991575154621842
626,3,10,150,95,0.13034538143571256
627,3,10,150,95,0.11471658297235718
628,3,10,150,95,0.09696340382814506
629,3,10,150,95,0.3403623265145004
630,3,10,150,95,0.10834532177911152
631,3,10,150,95,0.13449792459172438
632,3,10,150,95,0.08348454970562778
633,3,10,150,95,0.050456115328747164
634,3,10,150,95,0.11971011117287562
635,3,10,150,95,0.0
636,3,10,150,95,0.4108031518056064
637,3,10,150,95,0.04188454685690797
638,3,10,150,95,0.05152901435389809
639,3,10,150,95,0.01070448204588216
640,3,10,150,95,0.1985043148462551
641,3,10,150,95,0.051358492238643604
642,3,10,150,95,0.28638887451335043
643,3,10,150,95,0.21368826267102806
644,3,10,150,95,0.023868766231572826
645,3,10,150,95,0.20355515928001594
646,3,10,150,95,0.11243817952384734
647,3,10,150,95,0.06590268968688952
648,3,10,150,95,0.25434412029381603
649,3,10,150,95,0.04336490181597879
650,3,10,150,95,0.13740850755932282
651,3,10,150,95,0.0
652,3,10,150,95,0.0
653,3,10,150,95,0.2017804879158061
654,3,10,150,95,0.05402442095740813
655,3,10,150,95,0.44708901580265875
656,3,10,150,95,0.0
657,3,10,150,95,0.2504953915210566
658,3,10,150,95,0.09988783377897062
659,3,10,150,95,0.09950788532097599
660,3,10,150,95,0.07087833313972355
661,3,10,150,95,0.26981312823009207
662,3,10,150,95,0.0
663,3,10,150,95,0.13556872143140483
664,3,10,150,95,0.2433808724049065
665,3,10,150,95,0.09320226066953219
666,3,10,150,95,0.09472493400068976
667,3,10,150,95,0.1487205698875683
668,3,10,150,95,0.0
669,3,10,150,95,0.2287469684999221
670,3,10,150,95,0.0271437232396382
671,3,10,150,95,0.22854131648543738
672,3,10,150,95,0.07973520350569015
673,3,10,150,95,0.03236977394070781
674,3,10,150,95,0.0
675,3,10,150,95,0.0382580635535654
676,3,10,150,95,0.22358931366364498
677,3,10,150,95,0.10158983531347915
678,3,10,150,95,0.04266316057115777
679,3,10,150,95,0.20531579536501102
680,3,10,150,95,0.022168697248564677
681,3,10,150,95,0.0
682,3,10,150,95,0.23407935543446617
683,3,10,150,95,0.10991129435376559
684,3,10,150,95,0.03158850394477252
685,3,10,150,95,0.20373936192022438
686,3,10,150,95,0.2987531530167816
687,3,10,150,95,0.0
688,3,10,150,95,0.0
689,3,10,150,95,0.429307082657261
690,3,10,150,95,0.24802939400095458
691,3,10,150,95,0.638147349605226
692,3,10,150,95,0.03353522641880846
693,3,10,150,95,0.04711181933747839
694,3,10,150,95,0.21361709189247302
695,3,10,150,95,0.05816383356143395
696,3,10,150,95,0.08111636357522063
697,3,10,150,95,0.12437644188995578
698,3,10,150,95,0.0
699,3,10,150,95,0.06266837015218314
700,3,10,150,95,0.0
701,3,10,150,95,0.12271508523586225
702,3,10,150,95,0.0
703,3,10,150,95,0.21888235022994418
704,3,10,150,95,0.24598285660901478
705,3,10,150,95,0.3123239440776451
706,3,10,150,95,0.03481402556224447
707,3,10,150,95,0.24315624064535118
708,3,10,150,95,0.03476299583640518
709,3,10,150,95,0.17767709199491483
710,3,10,150,95,0.26751805020186437
711,3,10,150,95,0.19019589140904572
712,3,10,150,95,0.0709301463537875
713,3,10,150,95,0.0
714,3,10,150,95,0.1266607864485773
715,3,10,150,95,0.16860516623933322
716,3,10,150,95,0.25491107804591506
717,3,10,150,95,0.16781772792345637
718,3,10,150,95,0.0
719,3,10,150,95,0.10353175087921149
720,3,10,150,95,0.05925736915373658
721,3,10,150,95,0.17899353480938704
722,3,10,150,95,0.07401896317743158
723,3,10,150,95,0.0
724,3,10,150,95,0.0
725,3,10,150,95,0.04733244938590725
726,3,10,150,95,0.10841847307700177
727,3,10,150,95,0.06375189852801966
728,3,10,150,95,0.0
729,3,10,150,95,0.1312200120995304
730,3,10,150,95,0.0
731,3,10,150,95,0.2497088707512811
732,3,10,150,95,0.05717828980196049
733,3,10,150,95,0.020730875129846955
734,3,10,150,95,0.08131766139183766
735,3,10,150,95,0.12905232756659873
736,3,10,150,95,0.047009109882897075
737,3,10,150,95,0.12127716502890909
738,3,10,150,95,0.09907057054543131
739,3,10,150,95,0.18767092572990207
740,3,10,150,95,0.0523780734795101
741,3,10,150,95,0.09620963094643388
742,3,10,150,95,0.0527075128660253
743,3,10,150,95,0.1194783875505714
744,3,10,150,95,0.0
745,3,10,150,95,0.06774344219296054
746,3,10,150,95,0.24124954544361757
747,3,10,150,95,0.21225097068587118
748,3,10,150,95,0.05777785042626121
749,3,10,150,95,0.2543928065417666
750,3,10,150,95,0.20954227812062592
751,3,10,150,95,0.06407706415564705
752,3,10,150,95,0.08155432360208091
753,3,10,150,95,0.09985462455958868
754,3,10,150,95,0.0
755,3,10,150,95,0.0
756,3,10,150,95,0.044143057780823704
757,3,10,150,95,0.18464075722796058
758,3,10,150,95,0.2549354044748272
759,3,10,150,95,0.04828669550714567
760,3,10,150,95,0.16006374561654185
761,3,10,150,95,0.17663858756688974
762,3,10,150,95,0.0
763,3,10,150,95,0.15021194072867564
764,3,10,150,95,0.04710969775183564
765,3,10,150,95,0.0966785411876802
766,3,10,150,95,0.035191004809260996
767,3,10,150,95,0.1269544353559099
768,3,10,150,95,0.09997171219938322
769,3,10,150,95,0.0
770,3,10,150,95,0.207274302223422
771,3,10,150,95,0.07363642524234874
772,3,10,150,95,0.038996699933076286
773,3,10,150,95,0.15659560794124947
774,3,10,150,95,0.0
775,3,10,150,95,0.0910478037169899
776,3,10,150,95,0.04721006604760436
777,3,10,150,95,0.0
778,3,10,150,95,0.08961728720334347
779,3,10,150,95,0.0
780,3,10,150,95,0.19393055855404154
781,3,10,150,95,0.16573484494600602
782,3,10,150,95,0.022055991630908645
783,3,10,150,95,0.07763399617214947
784,3,10,150,95,0.04582425041433568
785,3,10,150,95,0.2848262604068979
786,3,10,150,95,0.13901223847985233
787,3,10,150,95,0.0
788,3,10,150,95,0.046626370288649896
789,3,10,150,95,0.14531023848228133
790,3,10,150,95,0.08452117092278105
791,3,10,150,95,0.059480024314918285
792,3,10,150,95,0.0946587791577201
793,3,10,150,95,0.11843263243420837
794,3,10,150,95,0.1578863001786244
795,3,10,150,95,0.10325242280712206
796,3,10,150,95,0.1145275641223123
797,3,10,150,95,0.13905617951077562
798,3,10,150,95,0.02688415331260267
799,3,10,150,95,0.2836929289153804
800,3,10,150,95,0.0
801,3,10,150,95,0.0
802,3,10,150,95,0.05621908976192367
803,3,10,150,95,0.0
804,3,10,150,95,0.20994146470018396
805,3,10,150,95,0.15771169694749937
806,3,10,150,95,0.10606704841588428
807,3,10,150,95,0.22931014490903673
808,3,10,150,95,0.09905728133858463
809,3,10,150,95,0.0
810,3,10,150,95,0.0
811,3,10,150,95,0.1162989546852336
812,3,10,150,95,0.11600766930798434
813,3,10,150,95,0.06916902856231065
814,3,10,150,95,0.054181637470214
815,3,10,150,95,0.10380674919178415
816,3,10,150,95,0.10105367325027378
817,3,10,150,95,0.0
818,3,10,150,95,0.05187864210776578
819,3,10,150,95,0.0
820,3,10,150,95,0.12262943855309168
821,3,10,150,95,0.18684232150964158
822,3,10,150,95,0.0
823,3,10,150,95,0.14011732711290795
824,3,10,150,95,0.0
825,3,10,150,95,0.16434089815347858
826,3,10,150,95,0.1395338307503347
827,3,10,150,95,0.0
828,3,10,150,95,0.0
829,3,10,150,95,0.08143169212679746
830,3,10,150,95,0.15298484663625925
831,3,10,150,95,0.0800524392169327
832,3,10,150,95,0.06248152673860667
833,3,10,150,95,0.05828935682373833
834,3,10,150,95,0.11748729211308383
835,3,10,150,95,0.131093662595089
836,3,10,150,95,0.05097554749895306
837,3,10,150,95,0.05351287869030783
838,3,10,150,95,0.08633629724227374
839,3,10,150,95,0.0
840,3,10,150,95,0.1518245759629103
841,3,10,150,95,0.0
842,3,10,150,95,0.0
843,3,10,150,95,0.061358379472136654
844,3,10,150,95,0.0
845,3,10,150,95,0.06531065216760332
846,3,10,150,95,0.16592059617503505
847,3,10,150,95,0.0
848,3,10,150,95,0.09796419403030648
849,3,10,150,95,0.15023650744503608
850,3,10,150,95,0.06228974831361337
851,3,10,150,95,0.2277008805972924
852,3,10,150,95,0.07256783117062009
853,3,10,150,95,0.0
854,3,10,150,95,0.0
855,3,10,150,95,0.0
856,3,10,150,95,0.0
857,3,10,150,95,0.0
858,3,10,150,95,0.0
859,3,10,150,95,0.0
860,3,10,150,95,0.0
861,3,10,150,95,0.12754356661958802
862,3,10,150,95,0.18279787522069124
863,3,10,150,95,0.059558281812319085
864,3,10,150,95,0.19756506460263396
865,3,10,150,95,0.0
866,3,10,150,95,0.0
867,3,10,150,95,0.18752183128814004
868,3,10,150,95,0.0
870,3,10,150,95,0.0
871,3,10,150,95,0.0
872,3,10,150,95,0.0
875,3,10,150,95,0.1395953738647505
876,3,10,150,95,0.0
877,3,10,150,95,0.0
1,3,10,150,96,0.6247579375131872
2,3,10,150,96,0.10688238502350729
3,3,10,150,96,0.0
4,3,10,150,96,0.0
5,3,10,150,96,0.0819283960923954
6,3,10,150,96,0.05340978172012693
7,3,10,150,96,0.2561597458176804
8,3,10,150,96,0.23191260645970924
9,3,10,150,96,0.0
10,3,10,150,96,0.16409920264511527
11,3,10,150,96,0.049016076581777215
12,3,10,150,96,0.13570688190090627
13,3,10,150,96,0.19175719627461657
14,3,10,150,96,0.18798196875542286
15,3,10,150,96,0.0
16,3,10,150,96,0.2571810388985906
17,3,10,150,96,0.12066394366711926
18,3,10,150,96,0.18606782959057458
19,3,10,150,96,0.0
20,3,10,150,96,0.19780725085993958
21,3,10,150,96,0.05824963961462511
22,3,10,150,96,0.17104220435540762
23,3,10,150,96,0.18360000301566626
24,3,10,150,96,0.311062094929455
25,3,10,150,96,0.0
26,3,10,150,96,0.030421795212869307
28,3,10,150,96,0.0
29,3,10,150,96,0.0
30,3,10,150,96,0.0979129253499678
31,3,10,150,96,0.06076546216996844
32,3,10,150,96,0.0
33,3,10,150,96,0.0
34,3,10,150,96,0.0
35,3,10,150,96,0.07108348368841133
37,3,10,150,96,0.08836851842055818
38,3,10,150,96,0.06070898734241371
39,3,10,150,96,0.0
40,3,10,150,96,0.11277789332641257
41,3,10,150,96,0.0
42,3,10,150,96,0.14144963799422255
43,3,10,150,96,0.268915965453296
44,3,10,150,96,0.07698159974258616
45,3,10,150,96,0.04505000432618384
46,3,10,150,96,0.2524329124868603
47,3,10,150,96,0.0
48,3,10,150,96,0.191300388285999
49,3,10,150,96,0.08545966314334597
50,3,10,150,96,0.0
51,3,10,150,96,0.18953836965473142
52,3,10,150,96,0.04892579731758021
53,3,10,150,96,0.09546043308946733
54,3,10,150,96,0.07984133538066794
55,3,10,150,96,0.0
56,3,10,150,96,0.03975645576081676
57,3,10,150,96,0.07600688094360178
58,3,10,150,96,0.12811608865176474
59,3,10,150,96,0.24014392009481458
60,3,10,150,96,0.12123807080432077
61,3,10,150,96,0.0
62,3,10,150,96,0.056765939954965754
63,3,10,150,96,0.03554915059547175
64,3,10,150,96,0.0
65,3,10,150,96,0.3256920858344545
66,3,10,150,96,0.0
67,3,10,150,96,0.0
68,3,10,150,96,0.0
69,3,10,150,96,0.18013245110732332
70,3,10,150,96,0.04310441109649134
71,3,10,150,96,0.1434649426280276
72,3,10,150,96,0.16084022171949366
73,3,10,150,96,0.051960280791503534
74,3,10,150,96,0.0
75,3,10,150,96,0.11731968150568911
76,3,10,150,96,0.14804398249667974
77,3,10,150,96,0.45287742747371695
78,3,10,150,96,0.0
79,3,10,150,96,0.0
80,3,10,150,96,0.08297572808511901
81,3,10,150,96,0.0
82,3,10,150,96,0.10812418485305166
83,3,10,150,96,0.04630610387058298
84,3,10,150,96,0.0
85,3,10,150,96,0.06966660916502733
86,3,10,150,96,0.07738888769495082
87,3,10,150,96,0.10058161863664324
88,3,10,150,96,0.0
89,3,10,150,96,0.22860031301980846
90,3,10,150,96,0.2386569480666451
91,3,10,150,96,0.15983515198577117
92,3,10,150,96,0.10352076784307034
93,3,10,150,96,0.0
94,3,10,150,96,0.19025030646477453
95,3,10,150,96,0.07964436720215591
96,3,10,150,96,0.19186450284072096
97,3,10,150,96,0.2353819276956695
98,3,10,150,96,0.08878770367712427
99,3,10,150,96,0.029785542524894418
100,3,10,150,96,0.0892789338684584
101,3,10,150,96,0.0
102,3,10,150,96,0.026001814664123827
103,3,10,150,96,0.07673373981757839
104,3,10,150,96,0.12171451575741458
106,3,10,150,96,0.05261577455142312
107,3,10,150,96,0.0
108,3,10,150,96,0.0
109,3,10,150,96,0.12702438124116902
110,3,10,150,96,0.08694931131842866
111,3,10,150,96,0.0
112,3,10,150,96,0.06510475888148554
113,3,10,150,96,0.05449144662575446
114,3,10,150,96,0.07610811271330754
115,3,10,150,96,0.10223434053382421
116,3,10,150,96,0.07814915695077672
117,3,10,150,96,0.10135360124281675
118,3,10,150,96,0.0
119,3,10,150,96,0.10939494924525293
121,3,10,150,96,0.06245141164382474
122,3,10,150,96,0.07625852881342107
123,3,10,150,96,0.46927872602275644
124,3,10,150,96,0.10889376106823218
125,3,10,150,96,0.19450291287060648
126,3,10,150,96,0.0
127,3,10,150,96,0.0
128,3,10,150,96,0.047777554739453616
129,3,10,150,96,0.0
130,3,10,150,96,0.11207058154636457
131,3,10,150,96,0.2803335894048546
132,3,10,150,96,0.1431991570830273
133,3,10,150,96,0.0
134,3,10,150,96,0.0
135,3,10,150,96,0.0
136,3,10,150,96,0.40257390286801836
137,3,10,150,96,0.0
138,3,10,150,96,0.21222747957761057
139,3,10,150,96,0.0
140,3,10,150,96,0.0
141,3,10,150,96,0.20239191246999313
142,3,10,150,96,0.30260241349881345
143,3,10,150,96,0.0
144,3,10,150,96,0.2143720535700613
145,3,10,150,96,0.11867414778420507
146,3,10,150,96,0.0
147,3,10,150,96,0.07610811271330754
148,3,10,150,96,0.13364524093464059
149,3,10,150,96,0.05446824630887794
150,3,10,150,96,0.0
151,3,10,150,96,0.17653963481803697
152,3,10,150,96,0.09176715715471626
153,3,10,150,96,0.06516188295518531
154,3,10,150,96,0.10094969415675933
155,3,10,150,96,0.0
156,3,10,150,96,0.07028063830038406
157,3,10,150,96,0.05840183867278569
158,3,10,150,96,0.09116756222643234
159,3,10,150,96,0.11026617795298452
160,3,10,150,96,0.08815843064600337
161,3,10,150,96,0.0
162,3,10,150,96,0.0
163,3,10,150,96,0.0
164,3,10,150,96,0.0
165,3,10,150,96,0.09149012142095872
166,3,10,150,96,0.09726657973356154
167,3,10,150,96,0.03395822402998728
168,3,10,150,96,0.07914143116928869
169,3,10,150,96,0.055427457405235275
170,3,10,150,96,0.0
171,3,10,150,96,0.0
172,3,10,150,96,0.0
173,3,10,150,96,0.07286904346643797
174,3,10,150,96,0.11920425119752891
175,3,10,150,96,0.4413254197204702
176,3,10,150,96,0.11372080235825373
177,3,10,150,96,0.0
178,3,10,150,96,0.18053947820976404
179,3,10,150,96,0.06599888514927177
180,3,10,150,96,0.0
181,3,10,150,96,0.04622579729077891
182,3,10,150,96,0.13120507751234178
183,3,10,150,96,0.0
184,3,10,150,96,0.016355592358211265
185,3,10,150,96,0.0
186,3,10,150,96,0.0
187,3,10,150,96,0.2004102107997965
188,3,10,150,96,0.050562513489816586
189,3,10,150,96,0.22982757951573698
190,3,10,150,96,0.0
191,3,10,150,96,0.07335312372354855
192,3,10,150,96,0.0
193,3,10,150,96,0.04024288246957146
194,3,10,150,96,0.11610816813363455
195,3,10,150,96,0.10257737475069033
196,3,10,150,96,0.17342765698823945
197,3,10,150,96,0.07304192939088519
198,3,10,150,96,0.10387325901274824
199,3,10,150,96,0.052106753859569234
200,3,10,150,96,0.0971420957831845
201,3,10,150,96,0.3193440563594693
202,3,10,150,96,0.0
203,3,10,150,96,0.0
204,3,10,150,96,0.0
205,3,10,150,96,0.11600766930798434
206,3,10,150,96,0.0
207,3,10,150,96,0.2021424171822296
208,3,10,150,96,0.0
209,3,10,150,96,0.070675417981692
210,3,10,150,96,0.0
211,3,10,150,96,0.0
212,3,10,150,96,0.0559167101555819
213,3,10,150,96,0.08985507164305877
214,3,10,150,96,0.1257260924843343
215,3,10,150,96,0.157288596461893
216,3,10,150,96,0.27735230728218535
217,3,10,150,96,0.13000004444613666
218,3,10,150,96,0.06323567569191428
219,3,10,150,96,0.0
220,3,10,150,96,0.07807600999842033
221,3,10,150,96,0.12213234467515617
222,3,10,150,96,0.16053518617112608
223,3,10,150,96,0.039270700903099615
224,3,10,150,96,0.05211803804128038
225,3,10,150,96,0.09311209812195972
226,3,10,150,96,0.0
227,3,10,150,96,0.0
229,3,10,150,96,0.0
230,3,10,150,96,0.1697995249867118
231,3,10,150,96,0.0
232,3,10,150,96,0.0
233,3,10,150,96,0.22363232499877778
234,3,10,150,96,0.19246940056110598
235,3,10,150,96,0.11418024069273867
236,3,10,150,96,0.12127042983235181
237,3,10,150,96,0.04776398023609584
238,3,10,150,96,0.0
239,3,10,150,96,0.20547306478973165
240,3,10,150,96,0.10235170428306553
241,3,10,150,96,0.1381300260171807
242,3,10,150,96,0.0
243,3,10,150,96,0.0
244,3,10,150,96,0.15017336350566032
245,3,10,150,96,0.0
246,3,10,150,96,0.08356426880363813
247,3,10,150,96,0.15642624200758548
248,3,10,150,96,0.23451355966072135
249,3,10,150,96,0.3296200475575061
250,3,10,150,96,0.07806699296748765
251,3,10,150,96,0.0
252,3,10,150,96,0.07630862162354303
253,3,10,150,96,0.038220360097248454
254,3,10,150,96,0.05572346079741265
255,3,10,150,96,0.10933464083642679
256,3,10,150,96,0.0681239071992697
257,3,10,150,96,0.12830873359117523
258,3,10,150,96,0.16260831227163416
259,3,10,150,96,0.0
260,3,10,150,96,0.0
261,3,10,150,96,0.0
262,3,10,150,96,0.024334582709454235
263,3,10,150,96,0.3901262733483854
264,3,10,150,96,0.3852510465367394
265,3,10,150,96,0.19802572813668026
266,3,10,150,96,0.0
267,3,10,150,96,0.22898927482035836
268,3,10,150,96,0.1555062187985528
269,3,10,150,96,0.040019695500760184
270,3,10,150,96,0.049915567102790354
271,3,10,150,96,0.10729393508609222
272,3,10,150,96,0.10457492829503848
273,3,10,150,96,0.0
274,3,10,150,96,0.05380266522938521
275,3,10,150,96,0.0
276,3,10,150,96,0.16683394348006692
277,3,10,150,96,0.0
278,3,10,150,96,0.0
279,3,10,150,96,0.12980652062863637
280,3,10,150,96,0.0882348794193481
281,3,10,150,96,0.0
282,3,10,150,96,0.09659953929285248
283,3,10,150,96,0.0
284,3,10,150,96,0.0
285,3,10,150,96,0.0
286,3,10,150,96,0.016140534521312585
287,3,10,150,96,0.0
288,3,10,150,96,0.13999259891013252
289,3,10,150,96,0.0
290,3,10,150,96,0.09647783930421741
291,3,10,150,96,0.18968772725883148
292,3,10,150,96,0.27665227928348557
293,3,10,150,96,0.20698651466858095
294,3,10,150,96,0.09628038570550856
295,3,10,150,96,0.15956840344924803
296,3,10,150,96,0.15701688667375013
297,3,10,150,96,0.030868393892711742
298,3,10,150,96,0.13814728270261697
299,3,10,150,96,0.16038313598020032
300,3,10,150,96,0.0
301,3,10,150,96,0.1296575124303738
302,3,10,150,96,0.07335312372354855
303,3,10,150,96,0.18930683146960056
304,3,10,150,96,0.0
305,3,10,150,96,0.05428021340641747
306,3,10,150,96,0.0
307,3,10,150,96,0.13128644747266613
308,3,10,150,96,0.05707430901002984
309,3,10,150,96,0.0
310,3,10,150,96,0.2890648263178879
311,3,10,150,96,0.17512035582237062
312,3,10,150,96,0.16963857451199318
313,3,10,150,96,0.09586943528179451
314,3,10,150,96,0.12209873289616133
315,3,10,150,96,0.09785159463516042
316,3,10,150,96,0.06076546216996844
317,3,10,150,96,0.0
318,3,10,150,96,0.09228506687340403
319,3,10,150,96,0.0
320,3,10,150,96,0.08947300054212491
321,3,10,150,96,0.08223795175588802
322,3,10,150,96,0.07955752067133452
323,3,10,150,96,0.12229181918924699
324,3,10,150,96,0.0
325,3,10,150,96,0.0
326,3,10,150,96,0.10817904857938596
327,3,10,150,96,0.08994638243893706
328,3,10,150,96,0.1253761246808089
329,3,10,150,96,0.056720838976548935
330,3,10,150,96,0.33051067716070737
331,3,10,150,96,0.0
332,3,10,150,96,0.13202102105856586
333,3,10,150,96,0.0
334,3,10,150,96,0.17920452272414056
335,3,10,150,96,0.0
336,3,10,150,96,0.0
337,3,10,150,96,0.2325689761571779
338,3,10,150,96,0.08388555279643939
339,3,10,150,96,0.2035626803416359
340,3,10,150,96,0.16593574125923852
341,3,10,150,96,0.0
342,3,10,150,96,0.15381739323016694
343,3,10,150,96,0.3675257435678538
344,3,10,150,96,0.13804010954782428
345,3,10,150,96,0.14462655322572632
346,3,10,150,96,0.1264086027263655
347,3,10,150,96,0.11419934147174059
348,3,10,150,96,0.0
349,3,10,150,96,0.07123530534387781
350,3,10,150,96,0.2618835547498317
351,3,10,150,96,0.10570747126847255
352,3,10,150,96,0.19656450833316597
353,3,10,150,96,0.09489642549953911
354,3,10,150,96,0.048823562593396645
355,3,10,150,96,0.05122871476979503
356,3,10,150,96,0.0
357,3,10,150,96,0.03371865946438579
358,3,10,150,96,0.2989381055930108
359,3,10,150,96,0.14341929980357182
360,3,10,150,96,0.1559806047717434
361,3,10,150,96,0.0
362,3,10,150,96,0.0
363,3,10,150,96,0.1867805234163032
364,3,10,150,96,0.0
365,3,10,150,96,0.0989084497079971
366,3,10,150,96,0.1800581708881336
367,3,10,150,96,0.1410054764628891
368,3,10,150,96,0.0
369,3,10,150,96,0.0
370,3,10,150,96,0.045683428159663184
371,3,10,150,96,0.174231549865924
372,3,10,150,96,0.1614349203887353
373,3,10,150,96,0.18128610071101886
374,3,10,150,96,0.1523273086076386
375,3,10,150,96,0.0
376,3,10,150,96,0.0
377,3,10,150,96,0.053168340515114924
378,3,10,150,96,0.09108620750241554
379,3,10,150,96,0.1814915701185313
380,3,10,150,96,0.0
381,3,10,150,96,0.10528437187206623
382,3,10,150,96,0.13500098315004241
383,3,10,150,96,0.06801459236612908
384,3,10,150,96,0.08759200575528697
385,3,10,150,96,0.1546778125427113
386,3,10,150,96,0.0
387,3,10,150,96,0.050087090664204414
388,3,10,150,96,0.029785542524894418
389,3,10,150,96,0.1436557902546879
390,3,10,150,96,0.3221940057104188
391,3,10,150,96,0.298074760835303
392,3,10,150,96,0.1505154583730443
393,3,10,150,96,0.19817909493889546
394,3,10,150,96,0.15290238277303939
395,3,10,150,96,0.15727036710905312
396,3,10,150,96,0.0
397,3,10,150,96,0.14929652673185007
398,3,10,150,96,0.12204637821038242
399,3,10,150,96,0.05509887073092855
400,3,10,150,96,0.0
401,3,10,150,96,0.0
402,3,10,150,96,0.469779625693621
403,3,10,150,96,0.02818923206968657
404,3,10,150,96,0.0
405,3,10,150,96,0.21190461553200182
406,3,10,150,96,0.1428233347987388
407,3,10,150,96,0.14649337636835694
408,3,10,150,96,0.12083071655728543
409,3,10,150,96,0.15086419336317547
410,3,10,150,96,0.0
411,3,10,150,96,0.1128999930808451
412,3,10,150,96,0.0
413,3,10,150,96,0.10122860821230018
414,3,10,150,96,0.0
415,3,10,150,96,0.07605458145297357
416,3,10,150,96,0.2752449694292733
417,3,10,150,96,0.07581638518226429
418,3,10,150,96,0.07001560573318603
419,3,10,150,96,0.26168079122473237
420,3,10,150,96,0.0527075128660253
421,3,10,150,96,0.202729931306865
422,3,10,150,96,0.0
423,3,10,150,96,0.0
424,3,10,150,96,0.13291000263869587
425,3,10,150,96,0.07316321377698815
426,3,10,150,96,0.10004388309532918
427,3,10,150,96,0.0
428,3,10,150,96,0.0
429,3,10,150,96,0.15588839555158443
430,3,10,150,96,0.062242588308449316
431,3,10,150,96,0.0
432,3,10,150,96,0.05253723007572906
433,3,10,150,96,0.0
434,3,10,150,96,0.2870958118344385
435,3,10,150,96,0.18753015357981984
436,3,10,150,96,0.10855238808350101
437,3,10,150,96,0.08401780728647901
438,3,10,150,96,0.0
439,3,10,150,96,0.0
440,3,10,150,96,0.10025741859697787
441,3,10,150,96,0.0615755971851825
442,3,10,150,96,0.13195962283106308
443,3,10,150,96,0.056720838976548935
444,3,10,150,96,0.19519002499605084
445,3,10,150,96,0.0
446,3,10,150,96,0.0
447,3,10,150,96,0.09914294517496557
448,3,10,150,96,0.0
449,3,10,150,96,0.0
450,3,10,150,96,0.2915049299678706
451,3,10,150,96,0.0
452,3,10,150,96,0.048188247044562364
453,3,10,150,96,0.19529878873641995
454,3,10,150,96,0.0692136025122156
455,3,10,150,96,0.2805583936524754
456,3,10,150,96,0.21587380834847333
457,3,10,150,96,0.36238463914482993
458,3,10,150,96,0.12059750656999586
459,3,10,150,96,0.04901586605894737
460,3,10,150,96,0.0
461,3,10,150,96,0.10778915452451093
462,3,10,150,96,0.1972444692220082
463,3,10,150,96,0.1032589365938857
464,3,10,150,96,0.091470579054696
465,3,10,150,96,0.0733934381893728
466,3,10,150,96,0.0750834162528243
467,3,10,150,96,0.032842167909375275
468,3,10,150,96,0.4424763580282471
469,3,10,150,96,0.08625887094910875
470,3,10,150,96,0.06625332292180271
471,3,10,150,96,0.039360765922782585
472,3,10,150,96,0.29683302737258815
473,3,10,150,96,0.08903377327702097
474,3,10,150,96,0.33346659590002303
475,3,10,150,96,0.0
476,3,10,150,96,0.12097589732794561
477,3,10,150,96,0.0
478,3,10,150,96,0.2059565668593519
479,3,10,150,96,0.07893633843817272
480,3,10,150,96,0.0881980292211471
481,3,10,150,96,0.05234104579082298
482,3,10,150,96,0.15905893746943514
483,3,10,150,96,0.06194403202282284
484,3,10,150,96,0.33809266656634696
485,3,10,150,96,0.0
486,3,10,150,96,0.06108300840136219
487,3,10,150,96,0.10060724527338907
488,3,10,150,96,0.05887472794707303
489,3,10,150,96,0.1419385728645212
490,3,10,150,96,0.06490403551612171
491,3,10,150,96,0.17758207479178334
492,3,10,150,96,0.12925417913024104
493,3,10,150,96,0.26530843853655434
494,3,10,150,96,0.19527970003833198
495,3,10,150,96,0.17408269195663154
496,3,10,150,96,0.07271211160102074
497,3,10,150,96,0.10121090134321312
498,3,10,150,96,0.0343217267714905
499,3,10,150,96,0.2224748000580069
500,3,10,150,96,0.04698773570888995
501,3,10,150,96,0.0
502,3,10,150,96,0.03272632263321488
503,3,10,150,96,0.28914192158692886
504,3,10,150,96,0.09794337990609951
505,3,10,150,96,0.025255271126572616
506,3,10,150,96,0.16119309772585624
507,3,10,150,96,0.02579743633593384
508,3,10,150,96,0.2518402952398531
509,3,10,150,96,0.0
510,3,10,150,96,0.17032928501352598
511,3,10,150,96,0.12155021559723776
512,3,10,150,96,0.0
513,3,10,150,96,0.09761131800342168
514,3,10,150,96,0.20202473045271674
515,3,10,150,96,0.0
516,3,10,150,96,0.07947838320659593
517,3,10,150,96,0.03859643636257609
518,3,10,150,96,0.05268083714989503
519,3,10,150,96,0.06666229075440745
520,3,10,150,96,0.0
521,3,10,150,96,0.07649261318048692
522,3,10,150,96,0.2035192592417533
523,3,10,150,96,0.20743522595609606
524,3,10,150,96,0.043979142217922686
525,3,10,150,96,0.06516045994396072
526,3,10,150,96,0.052528565413809895
527,3,10,150,96,0.21068702285875093
528,3,10,150,96,0.1255942414278791
529,3,10,150,96,0.03208343640786788
530,3,10,150,96,0.0
531,3,10,150,96,0.0
532,3,10,150,96,0.20000931548847464
533,3,10,150,96,0.17816347909262814
534,3,10,150,96,0.14093597953029857
535,3,10,150,96,0.26295140635259745
536,3,10,150,96,0.19370572859880655
537,3,10,150,96,0.45350658899968144
538,3,10,150,96,0.09944592215223559
539,3,10,150,96,0.11183592105756679
540,3,10,150,96,0.0
541,3,10,150,96,0.0779170553370938
542,3,10,150,96,0.12498204940954827
543,3,10,150,96,0.04620397641215124
544,3,10,150,96,0.04213592739148787
545,3,10,150,96,0.1627301445786375
546,3,10,150,96,0.19423009903097527
547,3,10,150,96,0.04528995543568932
548,3,10,150,96,0.1447639295950455
549,3,10,150,96,0.10184659627402569
550,3,10,150,96,0.0845667599404342
551,3,10,150,96,0.264732480862485
552,3,10,150,96,0.0
553,3,10,150,96,0.15284217773934242
554,3,10,150,96,0.0
555,3,10,150,96,0.037070343480771185
556,3,10,150,96,0.2848749592866812
557,3,10,150,96,0.044530079137671444
558,3,10,150,96,0.21398626473452756
559,3,10,150,96,0.11571122630007512
560,3,10,150,96,0.16944112208105297
561,3,10,150,96,0.1104584462262254
562,3,10,150,96,0.16880427191129663
563,3,10,150,96,0.10791970824616881
564,3,10,150,96,0.0
565,3,10,150,96,0.22747993047772938
566,3,10,150,96,0.11935234359120704
567,3,10,150,96,0.3504555352124596
568,3,10,150,96,0.07161318866452264
569,3,10,150,96,0.023835426911994775
570,3,10,150,96,0.0
571,3,10,150,96,0.0512644431393966
572,3,10,150,96,0.30260241349881345
573,3,10,150,96,0.0
574,3,10,150,96,0.02529922263119915
575,3,10,150,96,0.13043262693172047
576,3,10,150,96,0.0
577,3,10,150,96,0.2017286250978881
578,3,10,150,96,0.0
579,3,10,150,96,0.07810231452018687
580,3,10,150,96,0.03144137376097698
581,3,10,150,96,0.03032211530825568
582,3,10,150,96,0.06679511870650716
583,3,10,150,96,0.13912814892946682
584,3,10,150,96,0.20261715588288354
585,3,10,150,96,0.05899797109864319
586,3,10,150,96,0.0663945281096953
587,3,10,150,96,0.029230460362194715
588,3,10,150,96,0.23297932427732074
589,3,10,150,96,0.09905100598441088
590,3,10,150,96,0.19997970715667693
591,3,10,150,96,0.08651464973019597
592,3,10,150,96,0.28898049745988
593,3,10,150,96,0.14271020042879362
594,3,10,150,96,0.0
595,3,10,150,96,0.055965373307784824
596,3,10,150,96,0.15081647728233993
597,3,10,150,96,0.02579743633593384
598,3,10,150,96,0.0
599,3,10,150,96,0.04621780199859461
600,3,10,150,96,0.13574631165894233
601,3,10,150,96,0.14661690295711607
602,3,10,150,96,0.041278922835426404
603,3,10,150,96,0.12541207695631323
604,3,10,150,96,0.0
605,3,10,150,96,0.21970118464532165
606,3,10,150,96,0.30570586744524764
607,3,10,150,96,0.0308875359117713
608,3,10,150,96,0.21544850404479915
609,3,10,150,96,0.0
610,3,10,150,96,0.12186625680881258
611,3,10,150,96,0.19680646538945382
612,3,10,150,96,0.09162544430476362
613,3,10,150,96,0.1652462050665711
614,3,10,150,96,0.1467868763787456
615,3,10,150,96,0.18894939135123942
616,3,10,150,96,0.030480958763669998
617,3,10,150,96,0.0539699203856165
618,3,10,150,96,0.1426801094010411
619,3,10,150,96,0.16057243876458588
620,3,10,150,96,0.24239278329353608
621,3,10,150,96,0.10569072181389248
622,3,10,150,96,0.16226113935431313
623,3,10,150,96,0.04214302778527282
624,3,10,150,96,0.03202992305603544
625,3,10,150,96,0.07991575154621842
626,3,10,150,96,0.13034538143571256
627,3,10,150,96,0.11471658297235718
628,3,10,150,96,0.09696340382814506
629,3,10,150,96,0.3403623265145004
630,3,10,150,96,0.10834532177911152
631,3,10,150,96,0.13449792459172438
632,3,10,150,96,0.08348454970562778
633,3,10,150,96,0.050456115328747164
634,3,10,150,96,0.11971011117287562
635,3,10,150,96,0.0
636,3,10,150,96,0.4108031518056064
637,3,10,150,96,0.04188454685690797
638,3,10,150,96,0.05152901435389809
639,3,10,150,96,0.01070448204588216
640,3,10,150,96,0.21025189528631963
641,3,10,150,96,0.051358492238643604
642,3,10,150,96,0.2842550749257358
643,3,10,150,96,0.21368826267102806
644,3,10,150,96,0.023868766231572826
645,3,10,150,96,0.20355515928001594
646,3,10,150,96,0.11243817952384734
647,3,10,150,96,0.06590268968688952
648,3,10,150,96,0.2524490767802809
649,3,10,150,96,0.04336490181597879
650,3,10,150,96,0.14383542401680546
651,3,10,150,96,0.0
652,3,10,150,96,0.0
653,3,10,150,96,0.2002770806251596
654,3,10,150,96,0.05402442095740813
655,3,10,150,96,0.4437578865499326
656,3,10,150,96,0.0
657,3,10,150,96,0.2504953915210566
658,3,10,150,96,0.09988783377897062
659,3,10,150,96,0.09950788532097599
660,3,10,150,96,0.07035023944795096
661,3,10,150,96,0.26981312823009207
662,3,10,150,96,0.0
663,3,10,150,96,0.13556872143140483
664,3,10,150,96,0.2433808724049065
665,3,10,150,96,0.09320226066953219
666,3,10,150,96,0.09401916627332621
667,3,10,150,96,0.16957773800982062
668,3,10,150,96,0.0
669,3,10,150,96,0.2287469684999221
670,3,10,150,96,0.0271437232396382
671,3,10,150,96,0.22854131648543738
672,3,10,150,96,0.07973520350569015
673,3,10,150,96,0.03236977394070781
674,3,10,150,96,0.0
675,3,10,150,96,0.0382580635535654
676,3,10,150,96,0.22358931366364498
677,3,10,150,96,0.10158983531347915
678,3,10,150,96,0.04266316057115777
679,3,10,150,96,0.20531579536501102
680,3,10,150,96,0.022168697248564677
681,3,10,150,96,0.0
682,3,10,150,96,0.2397860057304897
683,3,10,150,96,0.10991129435376559
684,3,10,150,96,0.03158850394477252
685,3,10,150,96,0.20373936192022438
686,3,10,150,96,0.2987531530167816
687,3,10,150,96,0.0
688,3,10,150,96,0.0
689,3,10,150,96,0.429307082657261
690,3,10,150,96,0.24802939400095458
691,3,10,150,96,0.638147349605226
692,3,10,150,96,0.03353522641880846
693,3,10,150,96,0.04711181933747839
694,3,10,150,96,0.21361709189247302
695,3,10,150,96,0.05816383356143395
696,3,10,150,96,0.08111636357522063
697,3,10,150,96,0.12437644188995578
698,3,10,150,96,0.0
699,3,10,150,96,0.06266837015218314
700,3,10,150,96,0.0
701,3,10,150,96,0.12271508523586225
702,3,10,150,96,0.0
703,3,10,150,96,0.21888235022994418
704,3,10,150,96,0.24598285660901478
705,3,10,150,96,0.3123239440776451
706,3,10,150,96,0.03481402556224447
707,3,10,150,96,0.24315624064535118
708,3,10,150,96,0.03476299583640518
709,3,10,150,96,0.17767709199491483
710,3,10,150,96,0.26751805020186437
711,3,10,150,96,0.19019589140904572
712,3,10,150,96,0.0709301463537875
713,3,10,150,96,0.0
714,3,10,150,96,0.1266607864485773
715,3,10,150,96,0.16860516623933322
716,3,10,150,96,0.2604625172807787
717,3,10,150,96,0.16781772792345637
718,3,10,150,96,0.0
719,3,10,150,96,0.10353175087921149
720,3,10,150,96,0.05925736915373658
721,3,10,150,96,0.17899353480938704
722,3,10,150,96,0.07401896317743158
723,3,10,150,96,0.0
724,3,10,150,96,0.0
725,3,10,150,96,0.04733244938590725
726,3,10,150,96,0.10841847307700177
727,3,10,150,96,0.06327690181238295
728,3,10,150,96,0.0
729,3,10,150,96,0.1312200120995304
730,3,10,150,96,0.0
731,3,10,150,96,0.2497088707512811
732,3,10,150,96,0.05717828980196049
733,3,10,150,96,0.020730875129846955
734,3,10,150,96,0.08131766139183766
735,3,10,150,96,0.12905232756659873
736,3,10,150,96,0.047009109882897075
737,3,10,150,96,0.12127716502890909
738,3,10,150,96,0.09907057054543131
739,3,10,150,96,0.18767092572990207
740,3,10,150,96,0.0523780734795101
741,3,10,150,96,0.09620963094643388
742,3,10,150,96,0.0527075128660253
743,3,10,150,96,0.1194783875505714
744,3,10,150,96,0.0
745,3,10,150,96,0.06774344219296054
746,3,10,150,96,0.24124954544361757
747,3,10,150,96,0.21225097068587118
748,3,10,150,96,0.05777785042626121
749,3,10,150,96,0.2543928065417666
750,3,10,150,96,0.20954227812062592
751,3,10,150,96,0.06407706415564705
752,3,10,150,96,0.08155432360208091
753,3,10,150,96,0.09985462455958868
754,3,10,150,96,0.0
755,3,10,150,96,0.0
756,3,10,150,96,0.044143057780823704
757,3,10,150,96,0.1965511335150391
758,3,10,150,96,0.25303595547611485
759,3,10,150,96,0.04828669550714567
760,3,10,150,96,0.16006374561654185
761,3,10,150,96,0.17663858756688974
762,3,10,150,96,0.0
763,3,10,150,96,0.15021194072867564
764,3,10,150,96,0.04710969775183564
765,3,10,150,96,0.0966785411876802
766,3,10,150,96,0.035191004809260996
767,3,10,150,96,0.1269544353559099
768,3,10,150,96,0.09997171219938322
769,3,10,150,96,0.0
770,3,10,150,96,0.207274302223422
771,3,10,150,96,0.07363642524234874
772,3,10,150,96,0.038996699933076286
773,3,10,150,96,0.15659560794124947
774,3,10,150,96,0.0
775,3,10,150,96,0.0910478037169899
776,3,10,150,96,0.04721006604760436
777,3,10,150,96,0.0
778,3,10,150,96,0.08961728720334347
779,3,10,150,96,0.0
780,3,10,150,96,0.19393055855404154
781,3,10,150,96,0.16573484494600602
782,3,10,150,96,0.03292669913261024
783,3,10,150,96,0.07763399617214947
784,3,10,150,96,0.04582425041433568
785,3,10,150,96,0.2848262604068979
786,3,10,150,96,0.13901223847985233
787,3,10,150,96,0.0
788,3,10,150,96,0.046626370288649896
789,3,10,150,96,0.14531023848228133
790,3,10,150,96,0.08452117092278105
791,3,10,150,96,0.059480024314918285
792,3,10,150,96,0.0946587791577201
793,3,10,150,96,0.11843263243420837
794,3,10,150,96,0.1578863001786244
795,3,10,150,96,0.10325242280712206
796,3,10,150,96,0.1145275641223123
797,3,10,150,96,0.13905617951077562
798,3,10,150,96,0.02688415331260267
799,3,10,150,96,0.2836929289153804
800,3,10,150,96,0.0
801,3,10,150,96,0.0
802,3,10,150,96,0.05621908976192367
803,3,10,150,96,0.0
804,3,10,150,96,0.20994146470018396
805,3,10,150,96,0.15771169694749937
806,3,10,150,96,0.10606704841588428
807,3,10,150,96,0.22931014490903673
808,3,10,150,96,0.09905728133858463
809,3,10,150,96,0.0
810,3,10,150,96,0.07110377625339116
811,3,10,150,96,0.1162989546852336
812,3,10,150,96,0.11600766930798434
813,3,10,150,96,0.06916902856231065
814,3,10,150,96,0.054181637470214
815,3,10,150,96,0.10380674919178415
816,3,10,150,96,0.10105367325027378
817,3,10,150,96,0.0
818,3,10,150,96,0.05187864210776578
819,3,10,150,96,0.0
820,3,10,150,96,0.12262943855309168
821,3,10,150,96,0.18684232150964158
822,3,10,150,96,0.0
823,3,10,150,96,0.14011732711290795
824,3,10,150,96,0.0
825,3,10,150,96,0.16434089815347858
826,3,10,150,96,0.1395338307503347
827,3,10,150,96,0.0
828,3,10,150,96,0.0
829,3,10,150,96,0.08143169212679746
830,3,10,150,96,0.15298484663625925
831,3,10,150,96,0.0800524392169327
832,3,10,150,96,0.06248152673860667
833,3,10,150,96,0.05828935682373833
834,3,10,150,96,0.11748729211308383
835,3,10,150,96,0.131093662595089
836,3,10,150,96,0.05097554749895306
837,3,10,150,96,0.05351287869030783
838,3,10,150,96,0.08633629724227374
839,3,10,150,96,0.0
840,3,10,150,96,0.1518245759629103
841,3,10,150,96,0.0
842,3,10,150,96,0.0
843,3,10,150,96,0.061358379472136654
844,3,10,150,96,0.0
845,3,10,150,96,0.06531065216760332
846,3,10,150,96,0.16592059617503505
847,3,10,150,96,0.0
848,3,10,150,96,0.09796419403030648
849,3,10,150,96,0.15023650744503608
850,3,10,150,96,0.06228974831361337
851,3,10,150,96,0.2277008805972924
852,3,10,150,96,0.07256783117062009
853,3,10,150,96,0.0
854,3,10,150,96,0.0
855,3,10,150,96,0.0
856,3,10,150,96,0.0
857,3,10,150,96,0.0
858,3,10,150,96,0.0
859,3,10,150,96,0.0
860,3,10,150,96,0.0
861,3,10,150,96,0.12754356661958802
862,3,10,150,96,0.18279787522069124
863,3,10,150,96,0.059558281812319085
864,3,10,150,96,0.19756506460263396
865,3,10,150,96,0.0
866,3,10,150,96,0.0
867,3,10,150,96,0.18752183128814004
868,3,10,150,96,0.0
870,3,10,150,96,0.0
871,3,10,150,96,0.0
872,3,10,150,96,0.0
875,3,10,150,96,0.1395953738647505
876,3,10,150,96,0.0
877,3,10,150,96,0.0
1,3,10,150,97,0.6247579375131872
2,3,10,150,97,0.10688238502350729
3,3,10,150,97,0.0
4,3,10,150,97,0.09269449563399158
5,3,10,150,97,0.0819283960923954
6,3,10,150,97,0.05340978172012693
7,3,10,150,97,0.2561597458176804
8,3,10,150,97,0.23191260645970924
9,3,10,150,97,0.0
10,3,10,150,97,0.16409920264511527
11,3,10,150,97,0.049016076581777215
12,3,10,150,97,0.13570688190090627
13,3,10,150,97,0.19175719627461657
14,3,10,150,97,0.18798196875542286
15,3,10,150,97,0.0
16,3,10,150,97,0.2571810388985906
17,3,10,150,97,0.12066394366711926
18,3,10,150,97,0.18606782959057458
19,3,10,150,97,0.0
20,3,10,150,97,0.19780725085993958
21,3,10,150,97,0.05824963961462511
22,3,10,150,97,0.17104220435540762
23,3,10,150,97,0.18360000301566626
24,3,10,150,97,0.311062094929455
25,3,10,150,97,0.0
26,3,10,150,97,0.030421795212869307
28,3,10,150,97,0.0
29,3,10,150,97,0.0
30,3,10,150,97,0.0979129253499678
31,3,10,150,97,0.06076546216996844
32,3,10,150,97,0.0
33,3,10,150,97,0.0
34,3,10,150,97,0.0
35,3,10,150,97,0.07108348368841133
37,3,10,150,97,0.08836851842055818
38,3,10,150,97,0.06070898734241371
39,3,10,150,97,0.0
40,3,10,150,97,0.11277789332641257
41,3,10,150,97,0.0
42,3,10,150,97,0.14144963799422255
43,3,10,150,97,0.268915965453296
44,3,10,150,97,0.07698159974258616
45,3,10,150,97,0.04505000432618384
46,3,10,150,97,0.2524329124868603
47,3,10,150,97,0.0
48,3,10,150,97,0.191300388285999
49,3,10,150,97,0.08545966314334597
50,3,10,150,97,0.0
51,3,10,150,97,0.18953836965473142
52,3,10,150,97,0.04892579731758021
53,3,10,150,97,0.09546043308946733
54,3,10,150,97,0.07984133538066794
55,3,10,150,97,0.0
56,3,10,150,97,0.03975645576081676
57,3,10,150,97,0.07600688094360178
58,3,10,150,97,0.12811608865176474
59,3,10,150,97,0.24014392009481458
60,3,10,150,97,0.12123807080432077
61,3,10,150,97,0.0
62,3,10,150,97,0.056765939954965754
63,3,10,150,97,0.03554915059547175
64,3,10,150,97,0.0
65,3,10,150,97,0.3256920858344545
66,3,10,150,97,0.0
67,3,10,150,97,0.0
68,3,10,150,97,0.0
69,3,10,150,97,0.18013245110732332
70,3,10,150,97,0.04310441109649134
71,3,10,150,97,0.1434649426280276
72,3,10,150,97,0.16084022171949366
73,3,10,150,97,0.051960280791503534
74,3,10,150,97,0.0
75,3,10,150,97,0.11731968150568911
76,3,10,150,97,0.14804398249667974
77,3,10,150,97,0.45287742747371695
78,3,10,150,97,0.0
79,3,10,150,97,0.0
80,3,10,150,97,0.08297572808511901
81,3,10,150,97,0.0
82,3,10,150,97,0.10812418485305166
83,3,10,150,97,0.04630610387058298
84,3,10,150,97,0.0
85,3,10,150,97,0.06966660916502733
86,3,10,150,97,0.07738888769495082
87,3,10,150,97,0.10058161863664324
88,3,10,150,97,0.0
89,3,10,150,97,0.22860031301980846
90,3,10,150,97,0.2386569480666451
91,3,10,150,97,0.15983515198577117
92,3,10,150,97,0.10352076784307034
93,3,10,150,97,0.0
94,3,10,150,97,0.19025030646477453
95,3,10,150,97,0.07964436720215591
96,3,10,150,97,0.19186450284072096
97,3,10,150,97,0.2353819276956695
98,3,10,150,97,0.08878770367712427
99,3,10,150,97,0.029785542524894418
100,3,10,150,97,0.0892789338684584
101,3,10,150,97,0.0
102,3,10,150,97,0.026001814664123827
103,3,10,150,97,0.07673373981757839
104,3,10,150,97,0.1446856689414647
106,3,10,150,97,0.05261577455142312
107,3,10,150,97,0.0
108,3,10,150,97,0.0
109,3,10,150,97,0.12702438124116902
110,3,10,150,97,0.08694931131842866
111,3,10,150,97,0.0
112,3,10,150,97,0.06510475888148554
113,3,10,150,97,0.05449144662575446
114,3,10,150,97,0.07610811271330754
115,3,10,150,97,0.10223434053382421
116,3,10,150,97,0.07814915695077672
117,3,10,150,97,0.10135360124281675
118,3,10,150,97,0.0
119,3,10,150,97,0.10939494924525293
121,3,10,150,97,0.06245141164382474
122,3,10,150,97,0.07625852881342107
123,3,10,150,97,0.46927872602275644
124,3,10,150,97,0.10889376106823218
125,3,10,150,97,0.19450291287060648
126,3,10,150,97,0.0
127,3,10,150,97,0.0
128,3,10,150,97,0.047777554739453616
129,3,10,150,97,0.0
130,3,10,150,97,0.11207058154636457
131,3,10,150,97,0.2803335894048546
132,3,10,150,97,0.1431991570830273
133,3,10,150,97,0.0
134,3,10,150,97,0.0
135,3,10,150,97,0.038239425270133076
136,3,10,150,97,0.40257390286801836
137,3,10,150,97,0.0
138,3,10,150,97,0.21222747957761057
139,3,10,150,97,0.0
140,3,10,150,97,0.0
141,3,10,150,97,0.20239191246999313
142,3,10,150,97,0.30260241349881345
143,3,10,150,97,0.0
144,3,10,150,97,0.2143720535700613
145,3,10,150,97,0.13165757208411763
146,3,10,150,97,0.0
147,3,10,150,97,0.07610811271330754
148,3,10,150,97,0.13364524093464059
149,3,10,150,97,0.05446824630887794
150,3,10,150,97,0.0
151,3,10,150,97,0.17653963481803697
152,3,10,150,97,0.09176715715471626
153,3,10,150,97,0.06516188295518531
154,3,10,150,97,0.10094969415675933
155,3,10,150,97,0.0
156,3,10,150,97,0.07028063830038406
157,3,10,150,97,0.05840183867278569
158,3,10,150,97,0.09116756222643234
159,3,10,150,97,0.11026617795298452
160,3,10,150,97,0.08815843064600337
161,3,10,150,97,0.0
162,3,10,150,97,0.0
163,3,10,150,97,0.0
164,3,10,150,97,0.0
165,3,10,150,97,0.09149012142095872
166,3,10,150,97,0.09726657973356154
167,3,10,150,97,0.03395822402998728
168,3,10,150,97,0.07914143116928869
169,3,10,150,97,0.055427457405235275
170,3,10,150,97,0.0
171,3,10,150,97,0.0
172,3,10,150,97,0.0
173,3,10,150,97,0.07286904346643797
174,3,10,150,97,0.11920425119752891
175,3,10,150,97,0.4413254197204702
176,3,10,150,97,0.11372080235825373
177,3,10,150,97,0.0
178,3,10,150,97,0.18053947820976404
179,3,10,150,97,0.06599888514927177
180,3,10,150,97,0.0
181,3,10,150,97,0.04622579729077891
182,3,10,150,97,0.13120507751234178
183,3,10,150,97,0.0
184,3,10,150,97,0.016355592358211265
185,3,10,150,97,0.0
186,3,10,150,97,0.0
187,3,10,150,97,0.2004102107997965
188,3,10,150,97,0.050562513489816586
189,3,10,150,97,0.22982757951573698
190,3,10,150,97,0.0
191,3,10,150,97,0.07335312372354855
192,3,10,150,97,0.0
193,3,10,150,97,0.04024288246957146
194,3,10,150,97,0.11610816813363455
195,3,10,150,97,0.10257737475069033
196,3,10,150,97,0.17342765698823945
197,3,10,150,97,0.07304192939088519
198,3,10,150,97,0.10387325901274824
199,3,10,150,97,0.052106753859569234
200,3,10,150,97,0.0971420957831845
201,3,10,150,97,0.3193440563594693
202,3,10,150,97,0.0
203,3,10,150,97,0.0
204,3,10,150,97,0.0
205,3,10,150,97,0.11600766930798434
206,3,10,150,97,0.0
207,3,10,150,97,0.21512584148214214
208,3,10,150,97,0.0
209,3,10,150,97,0.070675417981692
210,3,10,150,97,0.0
211,3,10,150,97,0.0
212,3,10,150,97,0.0559167101555819
213,3,10,150,97,0.08985507164305877
214,3,10,150,97,0.1257260924843343
215,3,10,150,97,0.157288596461893
216,3,10,150,97,0.27735230728218535
217,3,10,150,97,0.13000004444613666
218,3,10,150,97,0.06323567569191428
219,3,10,150,97,0.0
220,3,10,150,97,0.07807600999842033
221,3,10,150,97,0.12213234467515617
222,3,10,150,97,0.16053518617112608
223,3,10,150,97,0.039270700903099615
224,3,10,150,97,0.05211803804128038
225,3,10,150,97,0.09311209812195972
226,3,10,150,97,0.0
227,3,10,150,97,0.0
229,3,10,150,97,0.0
230,3,10,150,97,0.1697995249867118
231,3,10,150,97,0.0
232,3,10,150,97,0.0
233,3,10,150,97,0.22363232499877778
234,3,10,150,97,0.20057571887250733
235,3,10,150,97,0.11418024069273867
236,3,10,150,97,0.12127042983235181
237,3,10,150,97,0.04776398023609584
238,3,10,150,97,0.0
239,3,10,150,97,0.20547306478973165
240,3,10,150,97,0.10235170428306553
241,3,10,150,97,0.1381300260171807
242,3,10,150,97,0.0
243,3,10,150,97,0.0
244,3,10,150,97,0.15017336350566032
245,3,10,150,97,0.0
246,3,10,150,97,0.08356426880363813
247,3,10,150,97,0.15642624200758548
248,3,10,150,97,0.23451355966072135
249,3,10,150,97,0.3296200475575061
250,3,10,150,97,0.07806699296748765
251,3,10,150,97,0.0
252,3,10,150,97,0.07630862162354303
253,3,10,150,97,0.038220360097248454
254,3,10,150,97,0.05572346079741265
255,3,10,150,97,0.10933464083642679
256,3,10,150,97,0.0681239071992697
257,3,10,150,97,0.12830873359117523
258,3,10,150,97,0.16260831227163416
259,3,10,150,97,0.0
260,3,10,150,97,0.0
261,3,10,150,97,0.0
262,3,10,150,97,0.024334582709454235
263,3,10,150,97,0.3901262733483854
264,3,10,150,97,0.3852510465367394
265,3,10,150,97,0.19802572813668026
266,3,10,150,97,0.0
267,3,10,150,97,0.22898927482035836
268,3,10,150,97,0.1555062187985528
269,3,10,150,97,0.040019695500760184
270,3,10,150,97,0.049915567102790354
271,3,10,150,97,0.10729393508609222
272,3,10,150,97,0.10457492829503848
273,3,10,150,97,0.0
274,3,10,150,97,0.05380266522938521
275,3,10,150,97,0.0
276,3,10,150,97,0.16683394348006692
277,3,10,150,97,0.0
278,3,10,150,97,0.0
279,3,10,150,97,0.12980652062863637
280,3,10,150,97,0.0882348794193481
281,3,10,150,97,0.0
282,3,10,150,97,0.09659953929285248
283,3,10,150,97,0.0
284,3,10,150,97,0.0
285,3,10,150,97,0.0
286,3,10,150,97,0.016140534521312585
287,3,10,150,97,0.0
288,3,10,150,97,0.13999259891013252
289,3,10,150,97,0.0
290,3,10,150,97,0.09647783930421741
291,3,10,150,97,0.18968772725883148
292,3,10,150,97,0.27665227928348557
293,3,10,150,97,0.20698651466858095
294,3,10,150,97,0.09628038570550856
295,3,10,150,97,0.15956840344924803
296,3,10,150,97,0.15701688667375013
297,3,10,150,97,0.030868393892711742
298,3,10,150,97,0.13814728270261697
299,3,10,150,97,0.16038313598020032
300,3,10,150,97,0.0
301,3,10,150,97,0.1296575124303738
302,3,10,150,97,0.07335312372354855
303,3,10,150,97,0.18930683146960056
304,3,10,150,97,0.0
305,3,10,150,97,0.05428021340641747
306,3,10,150,97,0.0
307,3,10,150,97,0.13128644747266613
308,3,10,150,97,0.05707430901002984
309,3,10,150,97,0.0
310,3,10,150,97,0.2890648263178879
311,3,10,150,97,0.17512035582237062
312,3,10,150,97,0.16963857451199318
313,3,10,150,97,0.09586943528179451
314,3,10,150,97,0.12209873289616133
315,3,10,150,97,0.09785159463516042
316,3,10,150,97,0.06076546216996844
317,3,10,150,97,0.0
318,3,10,150,97,0.09228506687340403
319,3,10,150,97,0.0
320,3,10,150,97,0.08947300054212491
321,3,10,150,97,0.08223795175588802
322,3,10,150,97,0.07955752067133452
323,3,10,150,97,0.12229181918924699
324,3,10,150,97,0.0
325,3,10,150,97,0.0
326,3,10,150,97,0.10817904857938596
327,3,10,150,97,0.08994638243893706
328,3,10,150,97,0.1253761246808089
329,3,10,150,97,0.056720838976548935
330,3,10,150,97,0.33051067716070737
331,3,10,150,97,0.0
332,3,10,150,97,0.13202102105856586
333,3,10,150,97,0.0
334,3,10,150,97,0.189792112870782
335,3,10,150,97,0.0
336,3,10,150,97,0.0
337,3,10,150,97,0.2325689761571779
338,3,10,150,97,0.11941931844204727
339,3,10,150,97,0.2035626803416359
340,3,10,150,97,0.16593574125923852
341,3,10,150,97,0.0
342,3,10,150,97,0.15381739323016694
343,3,10,150,97,0.3675257435678538
344,3,10,150,97,0.13804010954782428
345,3,10,150,97,0.14462655322572632
346,3,10,150,97,0.1264086027263655
347,3,10,150,97,0.11419934147174059
348,3,10,150,97,0.0
349,3,10,150,97,0.07123530534387781
350,3,10,150,97,0.2915685961842613
351,3,10,150,97,0.10570747126847255
352,3,10,150,97,0.19656450833316597
353,3,10,150,97,0.09489642549953911
354,3,10,150,97,0.048823562593396645
355,3,10,150,97,0.05122871476979503
356,3,10,150,97,0.0
357,3,10,150,97,0.03371865946438579
358,3,10,150,97,0.2989381055930108
359,3,10,150,97,0.14341929980357182
360,3,10,150,97,0.1559806047717434
361,3,10,150,97,0.0
362,3,10,150,97,0.0
363,3,10,150,97,0.1867805234163032
364,3,10,150,97,0.0
365,3,10,150,97,0.0989084497079971
366,3,10,150,97,0.1800581708881336
367,3,10,150,97,0.1410054764628891
368,3,10,150,97,0.0
369,3,10,150,97,0.0
370,3,10,150,97,0.045683428159663184
371,3,10,150,97,0.174231549865924
372,3,10,150,97,0.1614349203887353
373,3,10,150,97,0.18128610071101886
374,3,10,150,97,0.1523273086076386
375,3,10,150,97,0.0
376,3,10,150,97,0.0
377,3,10,150,97,0.053168340515114924
378,3,10,150,97,0.10037878098808506
379,3,10,150,97,0.1814915701185313
380,3,10,150,97,0.0
381,3,10,150,97,0.10528437187206623
382,3,10,150,97,0.13500098315004241
383,3,10,150,97,0.06801459236612908
384,3,10,150,97,0.08759200575528697
385,3,10,150,97,0.1546778125427113
386,3,10,150,97,0.0
387,3,10,150,97,0.050087090664204414
388,3,10,150,97,0.029785542524894418
389,3,10,150,97,0.1436557902546879
390,3,10,150,97,0.3221940057104188
391,3,10,150,97,0.298074760835303
392,3,10,150,97,0.17132596933811328
393,3,10,150,97,0.20615286043765468
394,3,10,150,97,0.15290238277303939
395,3,10,150,97,0.15727036710905312
396,3,10,150,97,0.0
397,3,10,150,97,0.14929652673185007
398,3,10,150,97,0.12204637821038242
399,3,10,150,97,0.05509887073092855
400,3,10,150,97,0.0
401,3,10,150,97,0.0
402,3,10,150,97,0.469779625693621
403,3,10,150,97,0.02818923206968657
404,3,10,150,97,0.0
405,3,10,150,97,0.2103409326523514
406,3,10,150,97,0.1428233347987388
407,3,10,150,97,0.14649337636835694
408,3,10,150,97,0.12083071655728543
409,3,10,150,97,0.15086419336317547
410,3,10,150,97,0.0
411,3,10,150,97,0.1128999930808451
412,3,10,150,97,0.0
413,3,10,150,97,0.10122860821230018
414,3,10,150,97,0.0
415,3,10,150,97,0.07605458145297357
416,3,10,150,97,0.2752449694292733
417,3,10,150,97,0.07581638518226429
418,3,10,150,97,0.07001560573318603
419,3,10,150,97,0.26168079122473237
420,3,10,150,97,0.0527075128660253
421,3,10,150,97,0.202729931306865
422,3,10,150,97,0.0
423,3,10,150,97,0.0
424,3,10,150,97,0.13291000263869587
425,3,10,150,97,0.07316321377698815
426,3,10,150,97,0.10004388309532918
427,3,10,150,97,0.0
428,3,10,150,97,0.0
429,3,10,150,97,0.15588839555158443
430,3,10,150,97,0.062242588308449316
431,3,10,150,97,0.0
432,3,10,150,97,0.05253723007572906
433,3,10,150,97,0.0
434,3,10,150,97,0.2870958118344385
435,3,10,150,97,0.18753015357981984
436,3,10,150,97,0.10855238808350101
437,3,10,150,97,0.08401780728647901
438,3,10,150,97,0.0
439,3,10,150,97,0.0
440,3,10,150,97,0.10025741859697787
441,3,10,150,97,0.0615755971851825
442,3,10,150,97,0.13195962283106308
443,3,10,150,97,0.056720838976548935
444,3,10,150,97,0.19519002499605084
445,3,10,150,97,0.0
446,3,10,150,97,0.0
447,3,10,150,97,0.09914294517496557
448,3,10,150,97,0.0
449,3,10,150,97,0.0
450,3,10,150,97,0.28935386182251627
451,3,10,150,97,0.0
452,3,10,150,97,0.05959986874601573
453,3,10,150,97,0.19529878873641995
454,3,10,150,97,0.0692136025122156
455,3,10,150,97,0.2805583936524754
456,3,10,150,97,0.22885723264838587
457,3,10,150,97,0.36238463914482993
458,3,10,150,97,0.12059750656999586
459,3,10,150,97,0.04901586605894737
460,3,10,150,97,0.0
461,3,10,150,97,0.10778915452451093
462,3,10,150,97,0.1972444692220082
463,3,10,150,97,0.1032589365938857
464,3,10,150,97,0.091470579054696
465,3,10,150,97,0.0733934381893728
466,3,10,150,97,0.0750834162528243
467,3,10,150,97,0.032842167909375275
468,3,10,150,97,0.4424763580282471
469,3,10,150,97,0.08625887094910875
470,3,10,150,97,0.092045719307925
471,3,10,150,97,0.039360765922782585
472,3,10,150,97,0.30568732787960684
473,3,10,150,97,0.08903377327702097
474,3,10,150,97,0.33346659590002303
475,3,10,150,97,0.0
476,3,10,150,97,0.12097589732794561
477,3,10,150,97,0.0
478,3,10,150,97,0.2059565668593519
479,3,10,150,97,0.07893633843817272
480,3,10,150,97,0.0881980292211471
481,3,10,150,97,0.05234104579082298
482,3,10,150,97,0.15905893746943514
483,3,10,150,97,0.06194403202282284
484,3,10,150,97,0.33809266656634696
485,3,10,150,97,0.0
486,3,10,150,97,0.06108300840136219
487,3,10,150,97,0.10060724527338907
488,3,10,150,97,0.05887472794707303
489,3,10,150,97,0.1419385728645212
490,3,10,150,97,0.06490403551612171
491,3,10,150,97,0.17758207479178334
492,3,10,150,97,0.12925417913024104
493,3,10,150,97,0.26530843853655434
494,3,10,150,97,0.19527970003833198
495,3,10,150,97,0.17408269195663154
496,3,10,150,97,0.07271211160102074
497,3,10,150,97,0.10121090134321312
498,3,10,150,97,0.0343217267714905
499,3,10,150,97,0.2224748000580069
500,3,10,150,97,0.04698773570888995
501,3,10,150,97,0.0
502,3,10,150,97,0.03272632263321488
503,3,10,150,97,0.3013670817061728
504,3,10,150,97,0.09794337990609951
505,3,10,150,97,0.025255271126572616
506,3,10,150,97,0.16119309772585624
507,3,10,150,97,0.02579743633593384
508,3,10,150,97,0.2518402952398531
509,3,10,150,97,0.0
510,3,10,150,97,0.17032928501352598
511,3,10,150,97,0.12155021559723776
512,3,10,150,97,0.0
513,3,10,150,97,0.09761131800342168
514,3,10,150,97,0.20202473045271674
515,3,10,150,97,0.0
516,3,10,150,97,0.07947838320659593
517,3,10,150,97,0.03859643636257609
518,3,10,150,97,0.05268083714989503
519,3,10,150,97,0.06666229075440745
520,3,10,150,97,0.0
521,3,10,150,97,0.07649261318048692
522,3,10,150,97,0.2035192592417533
523,3,10,150,97,0.2251167017748477
524,3,10,150,97,0.04365461209112377
525,3,10,150,97,0.06516045994396072
526,3,10,150,97,0.052528565413809895
527,3,10,150,97,0.21068702285875093
528,3,10,150,97,0.1255942414278791
529,3,10,150,97,0.03208343640786788
530,3,10,150,97,0.0
531,3,10,150,97,0.0
532,3,10,150,97,0.20000931548847464
533,3,10,150,97,0.18736438881421322
534,3,10,150,97,0.14093597953029857
535,3,10,150,97,0.26295140635259745
536,3,10,150,97,0.19370572859880655
537,3,10,150,97,0.4575392637409915
538,3,10,150,97,0.09944592215223559
539,3,10,150,97,0.11183592105756679
540,3,10,150,97,0.0
541,3,10,150,97,0.0779170553370938
542,3,10,150,97,0.12498204940954827
543,3,10,150,97,0.04620397641215124
544,3,10,150,97,0.04213592739148787
545,3,10,150,97,0.1627301445786375
546,3,10,150,97,0.19423009903097527
547,3,10,150,97,0.04528995543568932
548,3,10,150,97,0.1447639295950455
549,3,10,150,97,0.10184659627402569
550,3,10,150,97,0.0845667599404342
551,3,10,150,97,0.2701581542427079
552,3,10,150,97,0.0
553,3,10,150,97,0.1697152506924953
554,3,10,150,97,0.0
555,3,10,150,97,0.037070343480771185
556,3,10,150,97,0.2848749592866812
557,3,10,150,97,0.044530079137671444
558,3,10,150,97,0.21398626473452756
559,3,10,150,97,0.11571122630007512
560,3,10,150,97,0.16944112208105297
561,3,10,150,97,0.10964335316728895
562,3,10,150,97,0.16880427191129663
563,3,10,150,97,0.10791970824616881
564,3,10,150,97,0.0
565,3,10,150,97,0.22747993047772938
566,3,10,150,97,0.11935234359120704
567,3,10,150,97,0.3504555352124596
568,3,10,150,97,0.07161318866452264
569,3,10,150,97,0.023835426911994775
570,3,10,150,97,0.0
571,3,10,150,97,0.0512644431393966
572,3,10,150,97,0.30260241349881345
573,3,10,150,97,0.0
574,3,10,150,97,0.02529922263119915
575,3,10,150,97,0.13043262693172047
576,3,10,150,97,0.0
577,3,10,150,97,0.2017286250978881
578,3,10,150,97,0.0
579,3,10,150,97,0.07810231452018687
580,3,10,150,97,0.03144137376097698
581,3,10,150,97,0.03032211530825568
582,3,10,150,97,0.06679511870650716
583,3,10,150,97,0.13912814892946682
584,3,10,150,97,0.20261715588288354
585,3,10,150,97,0.05899797109864319
586,3,10,150,97,0.0663945281096953
587,3,10,150,97,0.029230460362194715
588,3,10,150,97,0.24058372651372978
589,3,10,150,97,0.09905100598441088
590,3,10,150,97,0.19997970715667693
591,3,10,150,97,0.08651464973019597
592,3,10,150,97,0.2868480575632954
593,3,10,150,97,0.14271020042879362
594,3,10,150,97,0.05127363304912773
595,3,10,150,97,0.055965373307784824
596,3,10,150,97,0.15081647728233993
597,3,10,150,97,0.02579743633593384
598,3,10,150,97,0.0
599,3,10,150,97,0.04621780199859461
600,3,10,150,97,0.13574631165894233
601,3,10,150,97,0.14661690295711607
602,3,10,150,97,0.041278922835426404
603,3,10,150,97,0.12541207695631323
604,3,10,150,97,0.0
605,3,10,150,97,0.21970118464532165
606,3,10,150,97,0.3034500079872897
607,3,10,150,97,0.0308875359117713
608,3,10,150,97,0.21544850404479915
609,3,10,150,97,0.0
610,3,10,150,97,0.12186625680881258
611,3,10,150,97,0.19680646538945382
612,3,10,150,97,0.09162544430476362
613,3,10,150,97,0.1652462050665711
614,3,10,150,97,0.1467868763787456
615,3,10,150,97,0.18894939135123942
616,3,10,150,97,0.030480958763669998
617,3,10,150,97,0.0539699203856165
618,3,10,150,97,0.1426801094010411
619,3,10,150,97,0.16057243876458588
620,3,10,150,97,0.24239278329353608
621,3,10,150,97,0.10569072181389248
622,3,10,150,97,0.16226113935431313
623,3,10,150,97,0.04214302778527282
624,3,10,150,97,0.03202992305603544
625,3,10,150,97,0.07991575154621842
626,3,10,150,97,0.13034538143571256
627,3,10,150,97,0.11471658297235718
628,3,10,150,97,0.09696340382814506
629,3,10,150,97,0.3403623265145004
630,3,10,150,97,0.10834532177911152
631,3,10,150,97,0.13449792459172438
632,3,10,150,97,0.08348454970562778
633,3,10,150,97,0.050456115328747164
634,3,10,150,97,0.13069157529338593
635,3,10,150,97,0.0
636,3,10,150,97,0.4108031518056064
637,3,10,150,97,0.04188454685690797
638,3,10,150,97,0.05152901435389809
639,3,10,150,97,0.01070448204588216
640,3,10,150,97,0.21025189528631963
641,3,10,150,97,0.051358492238643604
642,3,10,150,97,0.282157504785514
643,3,10,150,97,0.21368826267102806
644,3,10,150,97,0.023868766231572826
645,3,10,150,97,0.20355515928001594
646,3,10,150,97,0.11243817952384734
647,3,10,150,97,0.06590268968688952
648,3,10,150,97,0.25058620891233085
649,3,10,150,97,0.04336490181597879
650,3,10,150,97,0.14277403613972844
651,3,10,150,97,0.0
652,3,10,150,97,0.0
653,3,10,150,97,0.19879919945030322
654,3,10,150,97,0.05402442095740813
655,3,10,150,97,0.4404833160165542
656,3,10,150,97,0.0
657,3,10,150,97,0.2504953915210566
658,3,10,150,97,0.09988783377897062
659,3,10,150,97,0.09950788532097599
660,3,10,150,97,0.06983111217586256
661,3,10,150,97,0.26981312823009207
662,3,10,150,97,0.0
663,3,10,150,97,0.13556872143140483
664,3,10,150,97,0.2433808724049065
665,3,10,150,97,0.10278308561567712
666,3,10,150,97,0.09332538166513582
667,3,10,150,97,0.16957773800982062
668,3,10,150,97,0.0
669,3,10,150,97,0.2287469684999221
670,3,10,150,97,0.0271437232396382
671,3,10,150,97,0.22854131648543738
672,3,10,150,97,0.07973520350569015
673,3,10,150,97,0.03236977394070781
674,3,10,150,97,0.0
675,3,10,150,97,0.0640504599396877
676,3,10,150,97,0.22358931366364498
677,3,10,150,97,0.10158983531347915
678,3,10,150,97,0.04266316057115777
679,3,10,150,97,0.20531579536501102
680,3,10,150,97,0.04297920821363365
681,3,10,150,97,0.0
682,3,10,150,97,0.23801658097775752
683,3,10,150,97,0.10991129435376559
684,3,10,150,97,0.03158850394477252
685,3,10,150,97,0.20373936192022438
686,3,10,150,97,0.2987531530167816
687,3,10,150,97,0.0
688,3,10,150,97,0.0
689,3,10,150,97,0.429307082657261
690,3,10,150,97,0.24802939400095458
691,3,10,150,97,0.638147349605226
692,3,10,150,97,0.03353522641880846
693,3,10,150,97,0.04711181933747839
694,3,10,150,97,0.21361709189247302
695,3,10,150,97,0.05816383356143395
696,3,10,150,97,0.08111636357522063
697,3,10,150,97,0.12437644188995578
698,3,10,150,97,0.0
699,3,10,150,97,0.06266837015218314
700,3,10,150,97,0.0
701,3,10,150,97,0.12271508523586225
702,3,10,150,97,0.0
703,3,10,150,97,0.21888235022994418
704,3,10,150,97,0.2606082032551527
705,3,10,150,97,0.3123239440776451
706,3,10,150,97,0.03481402556224447
707,3,10,150,97,0.24315624064535118
708,3,10,150,97,0.03476299583640518
709,3,10,150,97,0.17767709199491483
710,3,10,150,97,0.26751805020186437
711,3,10,150,97,0.19019589140904572
712,3,10,150,97,0.0709301463537875
713,3,10,150,97,0.0
714,3,10,150,97,0.1266607864485773
715,3,10,150,97,0.16860516623933322
716,3,10,150,97,0.26591969950252764
717,3,10,150,97,0.16781772792345637
718,3,10,150,97,0.0
719,3,10,150,97,0.10353175087921149
720,3,10,150,97,0.05925736915373658
721,3,10,150,97,0.17899353480938704
722,3,10,150,97,0.07401896317743158
723,3,10,150,97,0.0
724,3,10,150,97,0.0
725,3,10,150,97,0.04733244938590725
726,3,10,150,97,0.10841847307700177
727,3,10,150,97,0.06280996999122873
728,3,10,150,97,0.0
729,3,10,150,97,0.1312200120995304
730,3,10,150,97,0.0
731,3,10,150,97,0.2497088707512811
732,3,10,150,97,0.05717828980196049
733,3,10,150,97,0.020730875129846955
734,3,10,150,97,0.08131766139183766
735,3,10,150,97,0.12905232756659873
736,3,10,150,97,0.047009109882897075
737,3,10,150,97,0.12127716502890909
738,3,10,150,97,0.09907057054543131
739,3,10,150,97,0.18767092572990207
740,3,10,150,97,0.0523780734795101
741,3,10,150,97,0.09620963094643388
742,3,10,150,97,0.0527075128660253
743,3,10,150,97,0.1194783875505714
744,3,10,150,97,0.0
745,3,10,150,97,0.06774344219296054
746,3,10,150,97,0.24124954544361757
747,3,10,150,97,0.21225097068587118
748,3,10,150,97,0.07392664091860399
749,3,10,150,97,0.2543928065417666
750,3,10,150,97,0.20954227812062592
751,3,10,150,97,0.06407706415564705
752,3,10,150,97,0.08155432360208091
753,3,10,150,97,0.09985462455958868
754,3,10,150,97,0.0
755,3,10,150,97,0.0
756,3,10,150,97,0.044143057780823704
757,3,10,150,97,0.1965511335150391
758,3,10,150,97,0.25116875692302704
759,3,10,150,97,0.04828669550714567
760,3,10,150,97,0.16006374561654185
761,3,10,150,97,0.17663858756688974
762,3,10,150,97,0.0
763,3,10,150,97,0.15021194072867564
764,3,10,150,97,0.04710969775183564
765,3,10,150,97,0.0966785411876802
766,3,10,150,97,0.035191004809260996
767,3,10,150,97,0.1269544353559099
768,3,10,150,97,0.09997171219938322
769,3,10,150,97,0.0
770,3,10,150,97,0.207274302223422
771,3,10,150,97,0.07363642524234874
772,3,10,150,97,0.038996699933076286
773,3,10,150,97,0.15659560794124947
774,3,10,150,97,0.0
775,3,10,150,97,0.0910478037169899
776,3,10,150,97,0.04721006604760436
777,3,10,150,97,0.0
778,3,10,150,97,0.08961728720334347
779,3,10,150,97,0.0
780,3,10,150,97,0.19393055855404154
781,3,10,150,97,0.16573484494600602
782,3,10,150,97,0.03292669913261024
783,3,10,150,97,0.07763399617214947
784,3,10,150,97,0.04582425041433568
785,3,10,150,97,0.2848262604068979
786,3,10,150,97,0.13901223847985233
787,3,10,150,97,0.0
788,3,10,150,97,0.046626370288649896
789,3,10,150,97,0.14531023848228133
790,3,10,150,97,0.08452117092278105
791,3,10,150,97,0.059480024314918285
792,3,10,150,97,0.0946587791577201
793,3,10,150,97,0.11843263243420837
794,3,10,150,97,0.1578863001786244
795,3,10,150,97,0.10325242280712206
796,3,10,150,97,0.12306413786407099
797,3,10,150,97,0.13905617951077562
798,3,10,150,97,0.02688415331260267
799,3,10,150,97,0.2836929289153804
800,3,10,150,97,0.0
801,3,10,150,97,0.0
802,3,10,150,97,0.05621908976192367
803,3,10,150,97,0.0
804,3,10,150,97,0.20994146470018396
805,3,10,150,97,0.15771169694749937
806,3,10,150,97,0.10606704841588428
807,3,10,150,97,0.22931014490903673
808,3,10,150,97,0.09905728133858463
809,3,10,150,97,0.0
810,3,10,150,97,0.07110377625339116
811,3,10,150,97,0.1162989546852336
812,3,10,150,97,0.11600766930798434
813,3,10,150,97,0.06916902856231065
814,3,10,150,97,0.054181637470214
815,3,10,150,97,0.10380674919178415
816,3,10,150,97,0.10105367325027378
817,3,10,150,97,0.0
818,3,10,150,97,0.05187864210776578
819,3,10,150,97,0.0
820,3,10,150,97,0.12262943855309168
821,3,10,150,97,0.18684232150964158
822,3,10,150,97,0.0
823,3,10,150,97,0.14011732711290795
824,3,10,150,97,0.0
825,3,10,150,97,0.16434089815347858
826,3,10,150,97,0.1395338307503347
827,3,10,150,97,0.0
828,3,10,150,97,0.0
829,3,10,150,97,0.08143169212679746
830,3,10,150,97,0.15298484663625925
831,3,10,150,97,0.0800524392169327
832,3,10,150,97,0.06248152673860667
833,3,10,150,97,0.05828935682373833
834,3,10,150,97,0.11748729211308383
835,3,10,150,97,0.131093662595089
836,3,10,150,97,0.05097554749895306
837,3,10,150,97,0.05351287869030783
838,3,10,150,97,0.08633629724227374
839,3,10,150,97,0.0
840,3,10,150,97,0.1518245759629103
841,3,10,150,97,0.0
842,3,10,150,97,0.0
843,3,10,150,97,0.061358379472136654
844,3,10,150,97,0.0
845,3,10,150,97,0.06531065216760332
846,3,10,150,97,0.16592059617503505
847,3,10,150,97,0.0
848,3,10,150,97,0.09796419403030648
849,3,10,150,97,0.15023650744503608
850,3,10,150,97,0.06228974831361337
851,3,10,150,97,0.2277008805972924
852,3,10,150,97,0.07256783117062009
853,3,10,150,97,0.0
854,3,10,150,97,0.0
855,3,10,150,97,0.0
856,3,10,150,97,0.0
857,3,10,150,97,0.0
858,3,10,150,97,0.0
859,3,10,150,97,0.0
860,3,10,150,97,0.0
861,3,10,150,97,0.12754356661958802
862,3,10,150,97,0.18279787522069124
863,3,10,150,97,0.059558281812319085
864,3,10,150,97,0.19756506460263396
865,3,10,150,97,0.0
866,3,10,150,97,0.0
867,3,10,150,97,0.18752183128814004
868,3,10,150,97,0.0
870,3,10,150,97,0.0
871,3,10,150,97,0.0
872,3,10,150,97,0.0
875,3,10,150,97,0.1395953738647505
876,3,10,150,97,0.0
877,3,10,150,97,0.0
1,3,10,150,98,0.6247579375131872
2,3,10,150,98,0.10688238502350729
3,3,10,150,98,0.0
4,3,10,150,98,0.09269449563399158
5,3,10,150,98,0.0819283960923954
6,3,10,150,98,0.05340978172012693
7,3,10,150,98,0.2561597458176804
8,3,10,150,98,0.23191260645970924
9,3,10,150,98,0.0
10,3,10,150,98,0.16409920264511527
11,3,10,150,98,0.049016076581777215
12,3,10,150,98,0.13570688190090627
13,3,10,150,98,0.19175719627461657
14,3,10,150,98,0.18798196875542286
15,3,10,150,98,0.0
16,3,10,150,98,0.2571810388985906
17,3,10,150,98,0.12066394366711926
18,3,10,150,98,0.18606782959057458
19,3,10,150,98,0.0
20,3,10,150,98,0.19780725085993958
21,3,10,150,98,0.05824963961462511
22,3,10,150,98,0.17104220435540762
23,3,10,150,98,0.18360000301566626
24,3,10,150,98,0.311062094929455
25,3,10,150,98,0.0
26,3,10,150,98,0.030421795212869307
28,3,10,150,98,0.0
29,3,10,150,98,0.0
30,3,10,150,98,0.0979129253499678
31,3,10,150,98,0.06076546216996844
32,3,10,150,98,0.0
33,3,10,150,98,0.0
34,3,10,150,98,0.0
35,3,10,150,98,0.07108348368841133
37,3,10,150,98,0.08836851842055818
38,3,10,150,98,0.06070898734241371
39,3,10,150,98,0.0
40,3,10,150,98,0.11277789332641257
41,3,10,150,98,0.0
42,3,10,150,98,0.14144963799422255
43,3,10,150,98,0.268915965453296
44,3,10,150,98,0.07698159974258616
45,3,10,150,98,0.04505000432618384
46,3,10,150,98,0.2524329124868603
47,3,10,150,98,0.0
48,3,10,150,98,0.191300388285999
49,3,10,150,98,0.08545966314334597
50,3,10,150,98,0.0
51,3,10,150,98,0.18953836965473142
52,3,10,150,98,0.04892579731758021
53,3,10,150,98,0.09546043308946733
54,3,10,150,98,0.07984133538066794
55,3,10,150,98,0.0
56,3,10,150,98,0.03975645576081676
57,3,10,150,98,0.07600688094360178
58,3,10,150,98,0.12811608865176474
59,3,10,150,98,0.24014392009481458
60,3,10,150,98,0.12123807080432077
61,3,10,150,98,0.0
62,3,10,150,98,0.056765939954965754
63,3,10,150,98,0.03554915059547175
64,3,10,150,98,0.0
65,3,10,150,98,0.3256920858344545
66,3,10,150,98,0.0
67,3,10,150,98,0.0
68,3,10,150,98,0.0
69,3,10,150,98,0.18013245110732332
70,3,10,150,98,0.04310441109649134
71,3,10,150,98,0.1434649426280276
72,3,10,150,98,0.16084022171949366
73,3,10,150,98,0.051960280791503534
74,3,10,150,98,0.0
75,3,10,150,98,0.11731968150568911
76,3,10,150,98,0.14804398249667974
77,3,10,150,98,0.45287742747371695
78,3,10,150,98,0.0
79,3,10,150,98,0.045645819170786986
80,3,10,150,98,0.08297572808511901
81,3,10,150,98,0.0
82,3,10,150,98,0.10812418485305166
83,3,10,150,98,0.04630610387058298
84,3,10,150,98,0.0
85,3,10,150,98,0.06966660916502733
86,3,10,150,98,0.07738888769495082
87,3,10,150,98,0.10058161863664324
88,3,10,150,98,0.0
89,3,10,150,98,0.22860031301980846
90,3,10,150,98,0.2386569480666451
91,3,10,150,98,0.15983515198577117
92,3,10,150,98,0.10352076784307034
93,3,10,150,98,0.0
94,3,10,150,98,0.19025030646477453
95,3,10,150,98,0.07964436720215591
96,3,10,150,98,0.19186450284072096
97,3,10,150,98,0.2353819276956695
98,3,10,150,98,0.08878770367712427
99,3,10,150,98,0.029785542524894418
100,3,10,150,98,0.0892789338684584
101,3,10,150,98,0.0
102,3,10,150,98,0.026001814664123827
103,3,10,150,98,0.07673373981757839
104,3,10,150,98,0.1446856689414647
106,3,10,150,98,0.05261577455142312
107,3,10,150,98,0.0
108,3,10,150,98,0.0
109,3,10,150,98,0.12702438124116902
110,3,10,150,98,0.08694931131842866
111,3,10,150,98,0.0
112,3,10,150,98,0.06510475888148554
113,3,10,150,98,0.05449144662575446
114,3,10,150,98,0.07610811271330754
115,3,10,150,98,0.10223434053382421
116,3,10,150,98,0.07814915695077672
117,3,10,150,98,0.10135360124281675
118,3,10,150,98,0.0
119,3,10,150,98,0.10939494924525293
121,3,10,150,98,0.06245141164382474
122,3,10,150,98,0.07625852881342107
123,3,10,150,98,0.46927872602275644
124,3,10,150,98,0.10889376106823218
125,3,10,150,98,0.213052906658138
126,3,10,150,98,0.0
127,3,10,150,98,0.0
128,3,10,150,98,0.047777554739453616
129,3,10,150,98,0.0
130,3,10,150,98,0.11207058154636457
131,3,10,150,98,0.2803335894048546
132,3,10,150,98,0.1431991570830273
133,3,10,150,98,0.0
134,3,10,150,98,0.0
135,3,10,150,98,0.038239425270133076
136,3,10,150,98,0.40257390286801836
137,3,10,150,98,0.0
138,3,10,150,98,0.21222747957761057
139,3,10,150,98,0.0
140,3,10,150,98,0.0
141,3,10,150,98,0.20239191246999313
142,3,10,150,98,0.30260241349881345
143,3,10,150,98,0.0
144,3,10,150,98,0.2143720535700613
145,3,10,150,98,0.13165757208411763
146,3,10,150,98,0.0
147,3,10,150,98,0.07610811271330754
148,3,10,150,98,0.13364524093464059
149,3,10,150,98,0.05446824630887794
150,3,10,150,98,0.0
151,3,10,150,98,0.17653963481803697
152,3,10,150,98,0.11253168976784579
153,3,10,150,98,0.06516188295518531
154,3,10,150,98,0.10094969415675933
155,3,10,150,98,0.0
156,3,10,150,98,0.07028063830038406
157,3,10,150,98,0.05840183867278569
158,3,10,150,98,0.09116756222643234
159,3,10,150,98,0.11026617795298452
160,3,10,150,98,0.08815843064600337
161,3,10,150,98,0.0
162,3,10,150,98,0.0
163,3,10,150,98,0.0
164,3,10,150,98,0.0
165,3,10,150,98,0.09149012142095872
166,3,10,150,98,0.09726657973356154
167,3,10,150,98,0.03395822402998728
168,3,10,150,98,0.07914143116928869
169,3,10,150,98,0.055427457405235275
170,3,10,150,98,0.0
171,3,10,150,98,0.0
172,3,10,150,98,0.0
173,3,10,150,98,0.07286904346643797
174,3,10,150,98,0.11920425119752891
175,3,10,150,98,0.4413254197204702
176,3,10,150,98,0.11372080235825373
177,3,10,150,98,0.0
178,3,10,150,98,0.18053947820976404
179,3,10,150,98,0.06599888514927177
180,3,10,150,98,0.0
181,3,10,150,98,0.04622579729077891
182,3,10,150,98,0.13120507751234178
183,3,10,150,98,0.0
184,3,10,150,98,0.016355592358211265
185,3,10,150,98,0.0
186,3,10,150,98,0.0
187,3,10,150,98,0.2004102107997965
188,3,10,150,98,0.050562513489816586
189,3,10,150,98,0.22982757951573698
190,3,10,150,98,0.0
191,3,10,150,98,0.07335312372354855
192,3,10,150,98,0.0
193,3,10,150,98,0.04024288246957146
194,3,10,150,98,0.11610816813363455
195,3,10,150,98,0.10257737475069033
196,3,10,150,98,0.17342765698823945
197,3,10,150,98,0.07304192939088519
198,3,10,150,98,0.10387325901274824
199,3,10,150,98,0.052106753859569234
200,3,10,150,98,0.11522443045159393
201,3,10,150,98,0.3193440563594693
202,3,10,150,98,0.0
203,3,10,150,98,0.0
204,3,10,150,98,0.0
205,3,10,150,98,0.11600766930798434
206,3,10,150,98,0.0
207,3,10,150,98,0.21512584148214214
208,3,10,150,98,0.0
209,3,10,150,98,0.070675417981692
210,3,10,150,98,0.0
211,3,10,150,98,0.0
212,3,10,150,98,0.0559167101555819
213,3,10,150,98,0.08985507164305877
214,3,10,150,98,0.1257260924843343
215,3,10,150,98,0.157288596461893
216,3,10,150,98,0.27735230728218535
217,3,10,150,98,0.13000004444613666
218,3,10,150,98,0.06323567569191428
219,3,10,150,98,0.0
220,3,10,150,98,0.07807600999842033
221,3,10,150,98,0.12213234467515617
222,3,10,150,98,0.16053518617112608
223,3,10,150,98,0.039270700903099615
224,3,10,150,98,0.05211803804128038
225,3,10,150,98,0.09311209812195972
226,3,10,150,98,0.0
227,3,10,150,98,0.0
229,3,10,150,98,0.0
230,3,10,150,98,0.1697995249867118
231,3,10,150,98,0.0
232,3,10,150,98,0.0
233,3,10,150,98,0.22363232499877778
234,3,10,150,98,0.20866412723653252
235,3,10,150,98,0.11418024069273867
236,3,10,150,98,0.12127042983235181
237,3,10,150,98,0.04776398023609584
238,3,10,150,98,0.0
239,3,10,150,98,0.20547306478973165
240,3,10,150,98,0.10235170428306553
241,3,10,150,98,0.1381300260171807
242,3,10,150,98,0.0
243,3,10,150,98,0.0
244,3,10,150,98,0.15017336350566032
245,3,10,150,98,0.0
246,3,10,150,98,0.08356426880363813
247,3,10,150,98,0.15642624200758548
248,3,10,150,98,0.23451355966072135
249,3,10,150,98,0.3296200475575061
250,3,10,150,98,0.07806699296748765
251,3,10,150,98,0.0
252,3,10,150,98,0.07630862162354303
253,3,10,150,98,0.038220360097248454
254,3,10,150,98,0.07477180390311892
255,3,10,150,98,0.10933464083642679
256,3,10,150,98,0.0681239071992697
257,3,10,150,98,0.12830873359117523
258,3,10,150,98,0.16260831227163416
259,3,10,150,98,0.0
260,3,10,150,98,0.0
261,3,10,150,98,0.0
262,3,10,150,98,0.024334582709454235
263,3,10,150,98,0.3901262733483854
264,3,10,150,98,0.3852510465367394
265,3,10,150,98,0.19802572813668026
266,3,10,150,98,0.0
267,3,10,150,98,0.22898927482035836
268,3,10,150,98,0.1555062187985528
269,3,10,150,98,0.040019695500760184
270,3,10,150,98,0.049915567102790354
271,3,10,150,98,0.10729393508609222
272,3,10,150,98,0.10457492829503848
273,3,10,150,98,0.0
274,3,10,150,98,0.10496301527698051
275,3,10,150,98,0.0
276,3,10,150,98,0.16683394348006692
277,3,10,150,98,0.0
278,3,10,150,98,0.0
279,3,10,150,98,0.12980652062863637
280,3,10,150,98,0.0882348794193481
281,3,10,150,98,0.0
282,3,10,150,98,0.09659953929285248
283,3,10,150,98,0.0
284,3,10,150,98,0.0
285,3,10,150,98,0.0
286,3,10,150,98,0.016140534521312585
287,3,10,150,98,0.0
288,3,10,150,98,0.13999259891013252
289,3,10,150,98,0.0
290,3,10,150,98,0.11552618240992368
291,3,10,150,98,0.18968772725883148
292,3,10,150,98,0.27665227928348557
293,3,10,150,98,0.20698651466858095
294,3,10,150,98,0.09628038570550856
295,3,10,150,98,0.15956840344924803
296,3,10,150,98,0.15701688667375013
297,3,10,150,98,0.030868393892711742
298,3,10,150,98,0.13814728270261697
299,3,10,150,98,0.16038313598020032
300,3,10,150,98,0.0
301,3,10,150,98,0.1296575124303738
302,3,10,150,98,0.07335312372354855
303,3,10,150,98,0.18930683146960056
304,3,10,150,98,0.0
305,3,10,150,98,0.05428021340641747
306,3,10,150,98,0.0
307,3,10,150,98,0.13128644747266613
308,3,10,150,98,0.05707430901002984
309,3,10,150,98,0.0
310,3,10,150,98,0.2890648263178879
311,3,10,150,98,0.17512035582237062
312,3,10,150,98,0.16963857451199318
313,3,10,150,98,0.09586943528179451
314,3,10,150,98,0.12209873289616133
315,3,10,150,98,0.09785159463516042
316,3,10,150,98,0.06076546216996844
317,3,10,150,98,0.0
318,3,10,150,98,0.09228506687340403
319,3,10,150,98,0.0
320,3,10,150,98,0.08947300054212491
321,3,10,150,98,0.08223795175588802
322,3,10,150,98,0.07955752067133452
323,3,10,150,98,0.12229181918924699
324,3,10,150,98,0.0
325,3,10,150,98,0.0
326,3,10,150,98,0.10817904857938596
327,3,10,150,98,0.08994638243893706
328,3,10,150,98,0.1253761246808089
329,3,10,150,98,0.056720838976548935
330,3,10,150,98,0.33051067716070737
331,3,10,150,98,0.0
332,3,10,150,98,0.13202102105856586
333,3,10,150,98,0.0
334,3,10,150,98,0.189792112870782
335,3,10,150,98,0.0
336,3,10,150,98,0.0
337,3,10,150,98,0.2325689761571779
338,3,10,150,98,0.11941931844204727
339,3,10,150,98,0.2035626803416359
340,3,10,150,98,0.16593574125923852
341,3,10,150,98,0.0
342,3,10,150,98,0.15381739323016694
343,3,10,150,98,0.3675257435678538
344,3,10,150,98,0.13804010954782428
345,3,10,150,98,0.14462655322572632
346,3,10,150,98,0.1264086027263655
347,3,10,150,98,0.11419934147174059
348,3,10,150,98,0.0
349,3,10,150,98,0.07123530534387781
350,3,10,150,98,0.2915685961842613
351,3,10,150,98,0.10570747126847255
352,3,10,150,98,0.19656450833316597
353,3,10,150,98,0.09489642549953911
354,3,10,150,98,0.048823562593396645
355,3,10,150,98,0.05122871476979503
356,3,10,150,98,0.0
357,3,10,150,98,0.03371865946438579
358,3,10,150,98,0.2989381055930108
359,3,10,150,98,0.14341929980357182
360,3,10,150,98,0.1559806047717434
361,3,10,150,98,0.0
362,3,10,150,98,0.0
363,3,10,150,98,0.1867805234163032
364,3,10,150,98,0.0
365,3,10,150,98,0.0989084497079971
366,3,10,150,98,0.1800581708881336
367,3,10,150,98,0.1410054764628891
368,3,10,150,98,0.0
369,3,10,150,98,0.0
370,3,10,150,98,0.045683428159663184
371,3,10,150,98,0.174231549865924
372,3,10,150,98,0.1614349203887353
373,3,10,150,98,0.18128610071101886
374,3,10,150,98,0.1523273086076386
375,3,10,150,98,0.0
376,3,10,150,98,0.0
377,3,10,150,98,0.053168340515114924
378,3,10,150,98,0.1096508236364837
379,3,10,150,98,0.1814915701185313
380,3,10,150,98,0.0
381,3,10,150,98,0.10528437187206623
382,3,10,150,98,0.13500098315004241
383,3,10,150,98,0.06801459236612908
384,3,10,150,98,0.08759200575528697
385,3,10,150,98,0.1546778125427113
386,3,10,150,98,0.0
387,3,10,150,98,0.050087090664204414
388,3,10,150,98,0.029785542524894418
389,3,10,150,98,0.1436557902546879
390,3,10,150,98,0.3221940057104188
391,3,10,150,98,0.298074760835303
392,3,10,150,98,0.17132596933811328
393,3,10,150,98,0.20615286043765468
394,3,10,150,98,0.15290238277303939
395,3,10,150,98,0.15727036710905312
396,3,10,150,98,0.0
397,3,10,150,98,0.14929652673185007
398,3,10,150,98,0.12204637821038242
399,3,10,150,98,0.05509887073092855
400,3,10,150,98,0.0
401,3,10,150,98,0.0
402,3,10,150,98,0.469779625693621
403,3,10,150,98,0.02818923206968657
404,3,10,150,98,0.0
405,3,10,150,98,0.20880353740821395
406,3,10,150,98,0.1428233347987388
407,3,10,150,98,0.14649337636835694
408,3,10,150,98,0.12083071655728543
409,3,10,150,98,0.15086419336317547
410,3,10,150,98,0.0
411,3,10,150,98,0.1128999930808451
412,3,10,150,98,0.0
413,3,10,150,98,0.10122860821230018
414,3,10,150,98,0.0
415,3,10,150,98,0.07605458145297357
416,3,10,150,98,0.2752449694292733
417,3,10,150,98,0.07581638518226429
418,3,10,150,98,0.07001560573318603
419,3,10,150,98,0.26168079122473237
420,3,10,150,98,0.0527075128660253
421,3,10,150,98,0.202729931306865
422,3,10,150,98,0.0
423,3,10,150,98,0.0
424,3,10,150,98,0.13291000263869587
425,3,10,150,98,0.07316321377698815
426,3,10,150,98,0.10004388309532918
427,3,10,150,98,0.0
428,3,10,150,98,0.0
429,3,10,150,98,0.163655232566609
430,3,10,150,98,0.062242588308449316
431,3,10,150,98,0.0
432,3,10,150,98,0.05253723007572906
433,3,10,150,98,0.0
434,3,10,150,98,0.2870958118344385
435,3,10,150,98,0.18753015357981984
436,3,10,150,98,0.10855238808350101
437,3,10,150,98,0.08401780728647901
438,3,10,150,98,0.0
439,3,10,150,98,0.0
440,3,10,150,98,0.10025741859697787
441,3,10,150,98,0.0615755971851825
442,3,10,150,98,0.13195962283106308
443,3,10,150,98,0.056720838976548935
444,3,10,150,98,0.19519002499605084
445,3,10,150,98,0.0
446,3,10,150,98,0.0
447,3,10,150,98,0.09914294517496557
448,3,10,150,98,0.0
449,3,10,150,98,0.0
450,3,10,150,98,0.28723895605772154
451,3,10,150,98,0.0
452,3,10,150,98,0.05959986874601573
453,3,10,150,98,0.19529878873641995
454,3,10,150,98,0.0692136025122156
455,3,10,150,98,0.2805583936524754
456,3,10,150,98,0.22885723264838587
457,3,10,150,98,0.36238463914482993
458,3,10,150,98,0.12059750656999586
459,3,10,150,98,0.04901586605894737
460,3,10,150,98,0.0
461,3,10,150,98,0.10778915452451093
462,3,10,150,98,0.1972444692220082
463,3,10,150,98,0.1032589365938857
464,3,10,150,98,0.091470579054696
465,3,10,150,98,0.0733934381893728
466,3,10,150,98,0.0750834162528243
467,3,10,150,98,0.032842167909375275
468,3,10,150,98,0.4424763580282471
469,3,10,150,98,0.08625887094910875
470,3,10,150,98,0.092045719307925
471,3,10,150,98,0.039360765922782585
472,3,10,150,98,0.3145220658614395
473,3,10,150,98,0.08903377327702097
474,3,10,150,98,0.33346659590002303
475,3,10,150,98,0.0
476,3,10,150,98,0.12097589732794561
477,3,10,150,98,0.0
478,3,10,150,98,0.2059565668593519
479,3,10,150,98,0.07893633843817272
480,3,10,150,98,0.0881980292211471
481,3,10,150,98,0.05234104579082298
482,3,10,150,98,0.15905893746943514
483,3,10,150,98,0.06194403202282284
484,3,10,150,98,0.33809266656634696
485,3,10,150,98,0.0
486,3,10,150,98,0.06108300840136219
487,3,10,150,98,0.10060724527338907
488,3,10,150,98,0.05887472794707303
489,3,10,150,98,0.1419385728645212
490,3,10,150,98,0.06490403551612171
491,3,10,150,98,0.17758207479178334
492,3,10,150,98,0.12925417913024104
493,3,10,150,98,0.26530843853655434
494,3,10,150,98,0.19527970003833198
495,3,10,150,98,0.17408269195663154
496,3,10,150,98,0.07271211160102074
497,3,10,150,98,0.10121090134321312
498,3,10,150,98,0.0343217267714905
499,3,10,150,98,0.2224748000580069
500,3,10,150,98,0.04698773570888995
501,3,10,150,98,0.0
502,3,10,150,98,0.03272632263321488
503,3,10,150,98,0.3013670817061728
504,3,10,150,98,0.09794337990609951
505,3,10,150,98,0.025255271126572616
506,3,10,150,98,0.16119309772585624
507,3,10,150,98,0.02579743633593384
508,3,10,150,98,0.2518402952398531
509,3,10,150,98,0.0
510,3,10,150,98,0.17032928501352598
511,3,10,150,98,0.12155021559723776
512,3,10,150,98,0.0
513,3,10,150,98,0.09761131800342168
514,3,10,150,98,0.20202473045271674
515,3,10,150,98,0.0
516,3,10,150,98,0.07947838320659593
517,3,10,150,98,0.03859643636257609
518,3,10,150,98,0.05268083714989503
519,3,10,150,98,0.06666229075440745
520,3,10,150,98,0.0
521,3,10,150,98,0.07649261318048692
522,3,10,150,98,0.2035192592417533
523,3,10,150,98,0.2251167017748477
524,3,10,150,98,0.043335537757054496
525,3,10,150,98,0.06516045994396072
526,3,10,150,98,0.052528565413809895
527,3,10,150,98,0.21068702285875093
528,3,10,150,98,0.1255942414278791
529,3,10,150,98,0.03208343640786788
530,3,10,150,98,0.0
531,3,10,150,98,0.0
532,3,10,150,98,0.20000931548847464
533,3,10,150,98,0.18736438881421322
534,3,10,150,98,0.14093597953029857
535,3,10,150,98,0.26295140635259745
536,3,10,150,98,0.19370572859880655
537,3,10,150,98,0.45419508018522037
538,3,10,150,98,0.09944592215223559
539,3,10,150,98,0.11183592105756679
540,3,10,150,98,0.0
541,3,10,150,98,0.0779170553370938
542,3,10,150,98,0.12498204940954827
543,3,10,150,98,0.04620397641215124
544,3,10,150,98,0.04213592739148787
545,3,10,150,98,0.1627301445786375
546,3,10,150,98,0.19423009903097527
547,3,10,150,98,0.04528995543568932
548,3,10,150,98,0.1447639295950455
549,3,10,150,98,0.10184659627402569
550,3,10,150,98,0.0845667599404342
551,3,10,150,98,0.26818355112452086
552,3,10,150,98,0.017227648189444344
553,3,10,150,98,0.18655104459527586
554,3,10,150,98,0.0
555,3,10,150,98,0.037070343480771185
556,3,10,150,98,0.2848749592866812
557,3,10,150,98,0.044530079137671444
558,3,10,150,98,0.21398626473452756
559,3,10,150,98,0.11571122630007512
560,3,10,150,98,0.16944112208105297
561,3,10,150,98,0.10884196293104198
562,3,10,150,98,0.16880427191129663
563,3,10,150,98,0.10791970824616881
564,3,10,150,98,0.0
565,3,10,150,98,0.22747993047772938
566,3,10,150,98,0.11935234359120704
567,3,10,150,98,0.3504555352124596
568,3,10,150,98,0.07161318866452264
569,3,10,150,98,0.023835426911994775
570,3,10,150,98,0.0
571,3,10,150,98,0.0512644431393966
572,3,10,150,98,0.30260241349881345
573,3,10,150,98,0.0
574,3,10,150,98,0.02529922263119915
575,3,10,150,98,0.13043262693172047
576,3,10,150,98,0.0
577,3,10,150,98,0.2017286250978881
578,3,10,150,98,0.0
579,3,10,150,98,0.07810231452018687
580,3,10,150,98,0.03144137376097698
581,3,10,150,98,0.03032211530825568
582,3,10,150,98,0.06679511870650716
583,3,10,150,98,0.13912814892946682
584,3,10,150,98,0.20261715588288354
585,3,10,150,98,0.05899797109864319
586,3,10,150,98,0.0663945281096953
587,3,10,150,98,0.029230460362194715
588,3,10,150,98,0.24058372651372978
589,3,10,150,98,0.09905100598441088
590,3,10,150,98,0.19997970715667693
591,3,10,150,98,0.08651464973019597
592,3,10,150,98,0.2920605304321007
593,3,10,150,98,0.14271020042879362
594,3,10,150,98,0.05127363304912773
595,3,10,150,98,0.055965373307784824
596,3,10,150,98,0.15081647728233993
597,3,10,150,98,0.02579743633593384
598,3,10,150,98,0.0
599,3,10,150,98,0.04621780199859461
600,3,10,150,98,0.13574631165894233
601,3,10,150,98,0.14661690295711607
602,3,10,150,98,0.041278922835426404
603,3,10,150,98,0.12541207695631323
604,3,10,150,98,0.02961945586160536
605,3,10,150,98,0.21970118464532165
606,3,10,150,98,0.3085411361453751
607,3,10,150,98,0.0308875359117713
608,3,10,150,98,0.21544850404479915
609,3,10,150,98,0.0
610,3,10,150,98,0.12186625680881258
611,3,10,150,98,0.19680646538945382
612,3,10,150,98,0.09162544430476362
613,3,10,150,98,0.1652462050665711
614,3,10,150,98,0.1467868763787456
615,3,10,150,98,0.18894939135123942
616,3,10,150,98,0.030480958763669998
617,3,10,150,98,0.06883908261551583
618,3,10,150,98,0.15083657556038932
619,3,10,150,98,0.16057243876458588
620,3,10,150,98,0.24239278329353608
621,3,10,150,98,0.10569072181389248
622,3,10,150,98,0.16226113935431313
623,3,10,150,98,0.04214302778527282
624,3,10,150,98,0.04298712493603706
625,3,10,150,98,0.07991575154621842
626,3,10,150,98,0.13034538143571256
627,3,10,150,98,0.11471658297235718
628,3,10,150,98,0.09696340382814506
629,3,10,150,98,0.3403623265145004
630,3,10,150,98,0.10834532177911152
631,3,10,150,98,0.13449792459172438
632,3,10,150,98,0.08348454970562778
633,3,10,150,98,0.050456115328747164
634,3,10,150,98,0.13069157529338593
635,3,10,150,98,0.0
636,3,10,150,98,0.4108031518056064
637,3,10,150,98,0.04188454685690797
638,3,10,150,98,0.05152901435389809
639,3,10,150,98,0.01070448204588216
640,3,10,150,98,0.21025189528631963
641,3,10,150,98,0.051358492238643604
642,3,10,150,98,0.2800951976516386
643,3,10,150,98,0.21368826267102806
644,3,10,150,98,0.023868766231572826
645,3,10,150,98,0.20355515928001594
646,3,10,150,98,0.11243817952384734
647,3,10,150,98,0.06590268968688952
648,3,10,150,98,0.24875465838638072
649,3,10,150,98,0.04336490181597879
650,3,10,150,98,0.14903955518717
651,3,10,150,98,0.0
652,3,10,150,98,0.0
653,3,10,150,98,0.19734616346762845
654,3,10,150,98,0.05402442095740813
655,3,10,150,98,0.43726379546662386
656,3,10,150,98,0.0
657,3,10,150,98,0.2504953915210566
658,3,10,150,98,0.09988783377897062
659,3,10,150,98,0.09950788532097599
660,3,10,150,98,0.06932071213913057
661,3,10,150,98,0.26981312823009207
662,3,10,150,98,0.0
663,3,10,150,98,0.13556872143140483
664,3,10,150,98,0.2433808724049065
665,3,10,150,98,0.10278308561567712
666,3,10,150,98,0.09264326051962188
667,3,10,150,98,0.16957773800982062
668,3,10,150,98,0.0
669,3,10,150,98,0.2287469684999221
670,3,10,150,98,0.0271437232396382
671,3,10,150,98,0.22854131648543738
672,3,10,150,98,0.07973520350569015
673,3,10,150,98,0.03236977394070781
674,3,10,150,98,0.0
675,3,10,150,98,0.0640504599396877
676,3,10,150,98,0.22358931366364498
677,3,10,150,98,0.10158983531347915
678,3,10,150,98,0.04266316057115777
679,3,10,150,98,0.20531579536501102
680,3,10,150,98,0.04297920821363365
681,3,10,150,98,0.0
682,3,10,150,98,0.24358596621221676
683,3,10,150,98,0.10991129435376559
684,3,10,150,98,0.03158850394477252
685,3,10,150,98,0.20373936192022438
686,3,10,150,98,0.2987531530167816
687,3,10,150,98,0.0
688,3,10,150,98,0.0
689,3,10,150,98,0.429307082657261
690,3,10,150,98,0.24802939400095458
691,3,10,150,98,0.638147349605226
692,3,10,150,98,0.03353522641880846
693,3,10,150,98,0.04711181933747839
694,3,10,150,98,0.21361709189247302
695,3,10,150,98,0.05816383356143395
696,3,10,150,98,0.08111636357522063
697,3,10,150,98,0.12437644188995578
698,3,10,150,98,0.0
699,3,10,150,98,0.06266837015218314
700,3,10,150,98,0.0
701,3,10,150,98,0.12271508523586225
702,3,10,150,98,0.0
703,3,10,150,98,0.21888235022994418
704,3,10,150,98,0.2606082032551527
705,3,10,150,98,0.3123239440776451
706,3,10,150,98,0.03481402556224447
707,3,10,150,98,0.24315624064535118
708,3,10,150,98,0.03476299583640518
709,3,10,150,98,0.17767709199491483
710,3,10,150,98,0.26751805020186437
711,3,10,150,98,0.19019589140904572
712,3,10,150,98,0.0709301463537875
713,3,10,150,98,0.0
714,3,10,150,98,0.1266607864485773
715,3,10,150,98,0.16860516623933322
716,3,10,150,98,0.2712851390704176
717,3,10,150,98,0.16781772792345637
718,3,10,150,98,0.0
719,3,10,150,98,0.10353175087921149
720,3,10,150,98,0.05925736915373658
721,3,10,150,98,0.17899353480938704
722,3,10,150,98,0.07401896317743158
723,3,10,150,98,0.0
724,3,10,150,98,0.0
725,3,10,150,98,0.04733244938590725
726,3,10,150,98,0.10841847307700177
727,3,10,150,98,0.06235088792892499
728,3,10,150,98,0.0
729,3,10,150,98,0.1312200120995304
730,3,10,150,98,0.0
731,3,10,150,98,0.2497088707512811
732,3,10,150,98,0.05717828980196049
733,3,10,150,98,0.020730875129846955
734,3,10,150,98,0.08131766139183766
735,3,10,150,98,0.12905232756659873
736,3,10,150,98,0.047009109882897075
737,3,10,150,98,0.12127716502890909
738,3,10,150,98,0.09907057054543131
739,3,10,150,98,0.18767092572990207
740,3,10,150,98,0.0523780734795101
741,3,10,150,98,0.09620963094643388
742,3,10,150,98,0.0527075128660253
743,3,10,150,98,0.1194783875505714
744,3,10,150,98,0.0
745,3,10,150,98,0.06774344219296054
746,3,10,150,98,0.24124954544361757
747,3,10,150,98,0.21225097068587118
748,3,10,150,98,0.07392664091860399
749,3,10,150,98,0.2543928065417666
750,3,10,150,98,0.20954227812062592
751,3,10,150,98,0.06407706415564705
752,3,10,150,98,0.08155432360208091
753,3,10,150,98,0.09985462455958868
754,3,10,150,98,0.0
755,3,10,150,98,0.0
756,3,10,150,98,0.044143057780823704
757,3,10,150,98,0.20840861078127593
758,3,10,150,98,0.2493329485166452
759,3,10,150,98,0.04828669550714567
760,3,10,150,98,0.16006374561654185
761,3,10,150,98,0.17663858756688974
762,3,10,150,98,0.0
763,3,10,150,98,0.15021194072867564
764,3,10,150,98,0.04710969775183564
765,3,10,150,98,0.0966785411876802
766,3,10,150,98,0.035191004809260996
767,3,10,150,98,0.1269544353559099
768,3,10,150,98,0.09997171219938322
769,3,10,150,98,0.0
770,3,10,150,98,0.207274302223422
771,3,10,150,98,0.07363642524234874
772,3,10,150,98,0.038996699933076286
773,3,10,150,98,0.15659560794124947
774,3,10,150,98,0.0
775,3,10,150,98,0.0910478037169899
776,3,10,150,98,0.04721006604760436
777,3,10,150,98,0.0
778,3,10,150,98,0.08961728720334347
779,3,10,150,98,0.0
780,3,10,150,98,0.19393055855404154
781,3,10,150,98,0.16573484494600602
782,3,10,150,98,0.043749125222470944
783,3,10,150,98,0.07763399617214947
784,3,10,150,98,0.04582425041433568
785,3,10,150,98,0.2848262604068979
786,3,10,150,98,0.13901223847985233
787,3,10,150,98,0.0
788,3,10,150,98,0.046626370288649896
789,3,10,150,98,0.14531023848228133
790,3,10,150,98,0.08452117092278105
791,3,10,150,98,0.059480024314918285
792,3,10,150,98,0.0946587791577201
793,3,10,150,98,0.11843263243420837
794,3,10,150,98,0.1578863001786244
795,3,10,150,98,0.10325242280712206
796,3,10,150,98,0.12306413786407099
797,3,10,150,98,0.13905617951077562
798,3,10,150,98,0.02688415331260267
799,3,10,150,98,0.2836929289153804
800,3,10,150,98,0.0
801,3,10,150,98,0.0
802,3,10,150,98,0.05621908976192367
803,3,10,150,98,0.0
804,3,10,150,98,0.20994146470018396
805,3,10,150,98,0.15771169694749937
806,3,10,150,98,0.10606704841588428
807,3,10,150,98,0.22931014490903673
808,3,10,150,98,0.09905728133858463
809,3,10,150,98,0.0
810,3,10,150,98,0.07110377625339116
811,3,10,150,98,0.1162989546852336
812,3,10,150,98,0.11600766930798434
813,3,10,150,98,0.06916902856231065
814,3,10,150,98,0.054181637470214
815,3,10,150,98,0.10380674919178415
816,3,10,150,98,0.10105367325027378
817,3,10,150,98,0.0
818,3,10,150,98,0.05187864210776578
819,3,10,150,98,0.0
820,3,10,150,98,0.12262943855309168
821,3,10,150,98,0.18684232150964158
822,3,10,150,98,0.0
823,3,10,150,98,0.14011732711290795
824,3,10,150,98,0.0
825,3,10,150,98,0.16434089815347858
826,3,10,150,98,0.1395338307503347
827,3,10,150,98,0.0
828,3,10,150,98,0.0
829,3,10,150,98,0.08143169212679746
830,3,10,150,98,0.1744107628712425
831,3,10,150,98,0.0800524392169327
832,3,10,150,98,0.06248152673860667
833,3,10,150,98,0.05828935682373833
834,3,10,150,98,0.11748729211308383
835,3,10,150,98,0.131093662595089
836,3,10,150,98,0.05097554749895306
837,3,10,150,98,0.05351287869030783
838,3,10,150,98,0.08633629724227374
839,3,10,150,98,0.0
840,3,10,150,98,0.1518245759629103
841,3,10,150,98,0.0
842,3,10,150,98,0.0
843,3,10,150,98,0.061358379472136654
844,3,10,150,98,0.0
845,3,10,150,98,0.06531065216760332
846,3,10,150,98,0.16592059617503505
847,3,10,150,98,0.0
848,3,10,150,98,0.09796419403030648
849,3,10,150,98,0.15023650744503608
850,3,10,150,98,0.06228974831361337
851,3,10,150,98,0.2277008805972924
852,3,10,150,98,0.07256783117062009
853,3,10,150,98,0.0
854,3,10,150,98,0.0
855,3,10,150,98,0.0
856,3,10,150,98,0.0
857,3,10,150,98,0.0
858,3,10,150,98,0.0
859,3,10,150,98,0.0
860,3,10,150,98,0.0
861,3,10,150,98,0.12754356661958802
862,3,10,150,98,0.2209528150230728
863,3,10,150,98,0.059558281812319085
864,3,10,150,98,0.19756506460263396
865,3,10,150,98,0.0
866,3,10,150,98,0.0
867,3,10,150,98,0.18752183128814004
868,3,10,150,98,0.0
870,3,10,150,98,0.0
871,3,10,150,98,0.0
872,3,10,150,98,0.0
875,3,10,150,98,0.1395953738647505
876,3,10,150,98,0.0
877,3,10,150,98,0.0
1,3,10,150,99,0.6247579375131872
2,3,10,150,99,0.10688238502350729
3,3,10,150,99,0.0
4,3,10,150,99,0.09269449563399158
5,3,10,150,99,0.0819283960923954
6,3,10,150,99,0.05340978172012693
7,3,10,150,99,0.2561597458176804
8,3,10,150,99,0.23191260645970924
9,3,10,150,99,0.0
10,3,10,150,99,0.16409920264511527
11,3,10,150,99,0.049016076581777215
12,3,10,150,99,0.13570688190090627
13,3,10,150,99,0.19175719627461657
14,3,10,150,99,0.18798196875542286
15,3,10,150,99,0.0
16,3,10,150,99,0.2571810388985906
17,3,10,150,99,0.12066394366711926
18,3,10,150,99,0.18606782959057458
19,3,10,150,99,0.0
20,3,10,150,99,0.19780725085993958
21,3,10,150,99,0.05824963961462511
22,3,10,150,99,0.17104220435540762
23,3,10,150,99,0.18360000301566626
24,3,10,150,99,0.311062094929455
25,3,10,150,99,0.0
26,3,10,150,99,0.030421795212869307
28,3,10,150,99,0.0
29,3,10,150,99,0.0
30,3,10,150,99,0.0979129253499678
31,3,10,150,99,0.06076546216996844
32,3,10,150,99,0.0
33,3,10,150,99,0.0
34,3,10,150,99,0.0
35,3,10,150,99,0.07108348368841133
37,3,10,150,99,0.08836851842055818
38,3,10,150,99,0.06070898734241371
39,3,10,150,99,0.0
40,3,10,150,99,0.11277789332641257
41,3,10,150,99,0.0
42,3,10,150,99,0.14144963799422255
43,3,10,150,99,0.268915965453296
44,3,10,150,99,0.07698159974258616
45,3,10,150,99,0.04505000432618384
46,3,10,150,99,0.2524329124868603
47,3,10,150,99,0.0
48,3,10,150,99,0.191300388285999
49,3,10,150,99,0.08545966314334597
50,3,10,150,99,0.0
51,3,10,150,99,0.18953836965473142
52,3,10,150,99,0.04892579731758021
53,3,10,150,99,0.09546043308946733
54,3,10,150,99,0.07984133538066794
55,3,10,150,99,0.0
56,3,10,150,99,0.03975645576081676
57,3,10,150,99,0.07600688094360178
58,3,10,150,99,0.14765415018175773
59,3,10,150,99,0.24014392009481458
60,3,10,150,99,0.12123807080432077
61,3,10,150,99,0.0
62,3,10,150,99,0.056765939954965754
63,3,10,150,99,0.03554915059547175
64,3,10,150,99,0.0
65,3,10,150,99,0.3256920858344545
66,3,10,150,99,0.0
67,3,10,150,99,0.0
68,3,10,150,99,0.0
69,3,10,150,99,0.18013245110732332
70,3,10,150,99,0.04310441109649134
71,3,10,150,99,0.1434649426280276
72,3,10,150,99,0.16084022171949366
73,3,10,150,99,0.051960280791503534
74,3,10,150,99,0.0
75,3,10,150,99,0.11731968150568911
76,3,10,150,99,0.14804398249667974
77,3,10,150,99,0.45287742747371695
78,3,10,150,99,0.0
79,3,10,150,99,0.045645819170786986
80,3,10,150,99,0.08297572808511901
81,3,10,150,99,0.0
82,3,10,150,99,0.10812418485305166
83,3,10,150,99,0.04630610387058298
84,3,10,150,99,0.0
85,3,10,150,99,0.06966660916502733
86,3,10,150,99,0.07738888769495082
87,3,10,150,99,0.11777166916014317
88,3,10,150,99,0.0
89,3,10,150,99,0.22860031301980846
90,3,10,150,99,0.2386569480666451
91,3,10,150,99,0.15983515198577117
92,3,10,150,99,0.11431957504099872
93,3,10,150,99,0.0
94,3,10,150,99,0.19025030646477453
95,3,10,150,99,0.07964436720215591
96,3,10,150,99,0.19186450284072096
97,3,10,150,99,0.2353819276956695
98,3,10,150,99,0.08878770367712427
99,3,10,150,99,0.029785542524894418
100,3,10,150,99,0.0892789338684584
101,3,10,150,99,0.0
102,3,10,150,99,0.026001814664123827
103,3,10,150,99,0.07673373981757839
104,3,10,150,99,0.1446856689414647
106,3,10,150,99,0.05261577455142312
107,3,10,150,99,0.0
108,3,10,150,99,0.0
109,3,10,150,99,0.12702438124116902
110,3,10,150,99,0.08694931131842866
111,3,10,150,99,0.0
112,3,10,150,99,0.06510475888148554
113,3,10,150,99,0.05449144662575446
114,3,10,150,99,0.07610811271330754
115,3,10,150,99,0.10223434053382421
116,3,10,150,99,0.07814915695077672
117,3,10,150,99,0.10135360124281675
118,3,10,150,99,0.0
119,3,10,150,99,0.10939494924525293
121,3,10,150,99,0.06245141164382474
122,3,10,150,99,0.07625852881342107
123,3,10,150,99,0.46927872602275644
124,3,10,150,99,0.10889376106823218
125,3,10,150,99,0.213052906658138
126,3,10,150,99,0.0
127,3,10,150,99,0.0
128,3,10,150,99,0.047777554739453616
129,3,10,150,99,0.0
130,3,10,150,99,0.11207058154636457
131,3,10,150,99,0.2803335894048546
132,3,10,150,99,0.1431991570830273
133,3,10,150,99,0.0
134,3,10,150,99,0.0
135,3,10,150,99,0.038239425270133076
136,3,10,150,99,0.40257390286801836
137,3,10,150,99,0.0
138,3,10,150,99,0.21222747957761057
139,3,10,150,99,0.0
140,3,10,150,99,0.0
141,3,10,150,99,0.20239191246999313
142,3,10,150,99,0.30260241349881345
143,3,10,150,99,0.0
144,3,10,150,99,0.2143720535700613
145,3,10,150,99,0.13165757208411763
146,3,10,150,99,0.0
147,3,10,150,99,0.07610811271330754
148,3,10,150,99,0.13364524093464059
149,3,10,150,99,0.05446824630887794
150,3,10,150,99,0.0
151,3,10,150,99,0.17653963481803697
152,3,10,150,99,0.11253168976784579
153,3,10,150,99,0.06516188295518531
154,3,10,150,99,0.10094969415675933
155,3,10,150,99,0.0
156,3,10,150,99,0.07028063830038406
157,3,10,150,99,0.05840183867278569
158,3,10,150,99,0.09116756222643234
159,3,10,150,99,0.11026617795298452
160,3,10,150,99,0.08815843064600337
161,3,10,150,99,0.0
162,3,10,150,99,0.0
163,3,10,150,99,0.0
164,3,10,150,99,0.0
165,3,10,150,99,0.09149012142095872
166,3,10,150,99,0.09726657973356154
167,3,10,150,99,0.06078154667639363
168,3,10,150,99,0.07914143116928869
169,3,10,150,99,0.055427457405235275
170,3,10,150,99,0.0
171,3,10,150,99,0.0
172,3,10,150,99,0.0
173,3,10,150,99,0.07286904346643797
174,3,10,150,99,0.11920425119752891
175,3,10,150,99,0.4413254197204702
176,3,10,150,99,0.11372080235825373
177,3,10,150,99,0.0
178,3,10,150,99,0.18053947820976404
179,3,10,150,99,0.06599888514927177
180,3,10,150,99,0.0
181,3,10,150,99,0.04622579729077891
182,3,10,150,99,0.13120507751234178
183,3,10,150,99,0.0
184,3,10,150,99,0.016355592358211265
185,3,10,150,99,0.0
186,3,10,150,99,0.0
187,3,10,150,99,0.2004102107997965
188,3,10,150,99,0.050562513489816586
189,3,10,150,99,0.22982757951573698
190,3,10,150,99,0.0
191,3,10,150,99,0.07335312372354855
192,3,10,150,99,0.0
193,3,10,150,99,0.04024288246957146
194,3,10,150,99,0.11610816813363455
195,3,10,150,99,0.10257737475069033
196,3,10,150,99,0.17342765698823945
197,3,10,150,99,0.07304192939088519
198,3,10,150,99,0.10387325901274824
199,3,10,150,99,0.052106753859569234
200,3,10,150,99,0.11522443045159393
201,3,10,150,99,0.3193440563594693
202,3,10,150,99,0.0
203,3,10,150,99,0.0
204,3,10,150,99,0.0
205,3,10,150,99,0.11600766930798434
206,3,10,150,99,0.0
207,3,10,150,99,0.21512584148214214
208,3,10,150,99,0.0
209,3,10,150,99,0.070675417981692
210,3,10,150,99,0.0
211,3,10,150,99,0.0
212,3,10,150,99,0.0559167101555819
213,3,10,150,99,0.08985507164305877
214,3,10,150,99,0.1257260924843343
215,3,10,150,99,0.157288596461893
216,3,10,150,99,0.27735230728218535
217,3,10,150,99,0.13000004444613666
218,3,10,150,99,0.06323567569191428
219,3,10,150,99,0.0
220,3,10,150,99,0.07807600999842033
221,3,10,150,99,0.12213234467515617
222,3,10,150,99,0.16053518617112608
223,3,10,150,99,0.039270700903099615
224,3,10,150,99,0.05211803804128038
225,3,10,150,99,0.09311209812195972
226,3,10,150,99,0.0
227,3,10,150,99,0.0
229,3,10,150,99,0.0
230,3,10,150,99,0.1697995249867118
231,3,10,150,99,0.0
232,3,10,150,99,0.0
233,3,10,150,99,0.22363232499877778
234,3,10,150,99,0.2167348834362955
235,3,10,150,99,0.11418024069273867
236,3,10,150,99,0.12127042983235181
237,3,10,150,99,0.04776398023609584
238,3,10,150,99,0.0
239,3,10,150,99,0.20547306478973165
240,3,10,150,99,0.10235170428306553
241,3,10,150,99,0.1381300260171807
242,3,10,150,99,0.05875805237821357
243,3,10,150,99,0.0
244,3,10,150,99,0.15017336350566032
245,3,10,150,99,0.0
246,3,10,150,99,0.08356426880363813
247,3,10,150,99,0.15642624200758548
248,3,10,150,99,0.23451355966072135
249,3,10,150,99,0.3296200475575061
250,3,10,150,99,0.07806699296748765
251,3,10,150,99,0.0
252,3,10,150,99,0.07630862162354303
253,3,10,150,99,0.038220360097248454
254,3,10,150,99,0.07477180390311892
255,3,10,150,99,0.10933464083642679
256,3,10,150,99,0.0681239071992697
257,3,10,150,99,0.12830873359117523
258,3,10,150,99,0.16260831227163416
259,3,10,150,99,0.0
260,3,10,150,99,0.0
261,3,10,150,99,0.0
262,3,10,150,99,0.024334582709454235
263,3,10,150,99,0.3901262733483854
264,3,10,150,99,0.3852510465367394
265,3,10,150,99,0.236097398495372
266,3,10,150,99,0.0
267,3,10,150,99,0.22898927482035836
268,3,10,150,99,0.1555062187985528
269,3,10,150,99,0.040019695500760184
270,3,10,150,99,0.049915567102790354
271,3,10,150,99,0.10729393508609222
272,3,10,150,99,0.10457492829503848
273,3,10,150,99,0.0
274,3,10,150,99,0.10496301527698051
275,3,10,150,99,0.0
276,3,10,150,99,0.16683394348006692
277,3,10,150,99,0.0
278,3,10,150,99,0.09228784838978409
279,3,10,150,99,0.12980652062863637
280,3,10,150,99,0.0882348794193481
281,3,10,150,99,0.0
282,3,10,150,99,0.09659953929285248
283,3,10,150,99,0.0
284,3,10,150,99,0.0
285,3,10,150,99,0.0
286,3,10,150,99,0.016140534521312585
287,3,10,150,99,0.0
288,3,10,150,99,0.13999259891013252
289,3,10,150,99,0.0
290,3,10,150,99,0.11552618240992368
291,3,10,150,99,0.18968772725883148
292,3,10,150,99,0.27665227928348557
293,3,10,150,99,0.20698651466858095
294,3,10,150,99,0.09628038570550856
295,3,10,150,99,0.15956840344924803
296,3,10,150,99,0.15701688667375013
297,3,10,150,99,0.030868393892711742
298,3,10,150,99,0.13814728270261697
299,3,10,150,99,0.16038313598020032
300,3,10,150,99,0.0
301,3,10,150,99,0.1296575124303738
302,3,10,150,99,0.07335312372354855
303,3,10,150,99,0.18930683146960056
304,3,10,150,99,0.0
305,3,10,150,99,0.05428021340641747
306,3,10,150,99,0.0
307,3,10,150,99,0.13128644747266613
308,3,10,150,99,0.05707430901002984
309,3,10,150,99,0.0
310,3,10,150,99,0.2890648263178879
311,3,10,150,99,0.17512035582237062
312,3,10,150,99,0.16963857451199318
313,3,10,150,99,0.09586943528179451
314,3,10,150,99,0.12209873289616133
315,3,10,150,99,0.09785159463516042
316,3,10,150,99,0.06076546216996844
317,3,10,150,99,0.0
318,3,10,150,99,0.09228506687340403
319,3,10,150,99,0.0
320,3,10,150,99,0.08947300054212491
321,3,10,150,99,0.08223795175588802
322,3,10,150,99,0.07955752067133452
323,3,10,150,99,0.12229181918924699
324,3,10,150,99,0.0
325,3,10,150,99,0.0
326,3,10,150,99,0.10817904857938596
327,3,10,150,99,0.08994638243893706
328,3,10,150,99,0.1253761246808089
329,3,10,150,99,0.056720838976548935
330,3,10,150,99,0.3573339998071137
331,3,10,150,99,0.0
332,3,10,150,99,0.13202102105856586
333,3,10,150,99,0.0
334,3,10,150,99,0.20033325566015067
335,3,10,150,99,0.0
336,3,10,150,99,0.0
337,3,10,150,99,0.2325689761571779
338,3,10,150,99,0.11941931844204727
339,3,10,150,99,0.2035626803416359
340,3,10,150,99,0.16593574125923852
341,3,10,150,99,0.0
342,3,10,150,99,0.15381739323016694
343,3,10,150,99,0.3675257435678538
344,3,10,150,99,0.13804010954782428
345,3,10,150,99,0.14462655322572632
346,3,10,150,99,0.1264086027263655
347,3,10,150,99,0.11419934147174059
348,3,10,150,99,0.0
349,3,10,150,99,0.07123530534387781
350,3,10,150,99,0.2915685961842613
351,3,10,150,99,0.10570747126847255
352,3,10,150,99,0.19656450833316597
353,3,10,150,99,0.09489642549953911
354,3,10,150,99,0.048823562593396645
355,3,10,150,99,0.05122871476979503
356,3,10,150,99,0.0
357,3,10,150,99,0.03371865946438579
358,3,10,150,99,0.2989381055930108
359,3,10,150,99,0.14341929980357182
360,3,10,150,99,0.1559806047717434
361,3,10,150,99,0.0
362,3,10,150,99,0.0
363,3,10,150,99,0.1867805234163032
364,3,10,150,99,0.0
365,3,10,150,99,0.0989084497079971
366,3,10,150,99,0.1800581708881336
367,3,10,150,99,0.1410054764628891
368,3,10,150,99,0.0
369,3,10,150,99,0.0
370,3,10,150,99,0.045683428159663184
371,3,10,150,99,0.174231549865924
372,3,10,150,99,0.1614349203887353
373,3,10,150,99,0.18128610071101886
374,3,10,150,99,0.1523273086076386
375,3,10,150,99,0.0
376,3,10,150,99,0.0
377,3,10,150,99,0.053168340515114924
378,3,10,150,99,0.1096508236364837
379,3,10,150,99,0.1814915701185313
380,3,10,150,99,0.0
381,3,10,150,99,0.10528437187206623
382,3,10,150,99,0.13500098315004241
383,3,10,150,99,0.06801459236612908
384,3,10,150,99,0.08759200575528697
385,3,10,150,99,0.1546778125427113
386,3,10,150,99,0.0
387,3,10,150,99,0.050087090664204414
388,3,10,150,99,0.029785542524894418
389,3,10,150,99,0.1436557902546879
390,3,10,150,99,0.3221940057104188
391,3,10,150,99,0.298074760835303
392,3,10,150,99,0.17132596933811328
393,3,10,150,99,0.20615286043765468
394,3,10,150,99,0.15290238277303939
395,3,10,150,99,0.15727036710905312
396,3,10,150,99,0.0
397,3,10,150,99,0.14929652673185007
398,3,10,150,99,0.12204637821038242
399,3,10,150,99,0.05509887073092855
400,3,10,150,99,0.0
401,3,10,150,99,0.0
402,3,10,150,99,0.469779625693621
403,3,10,150,99,0.02818923206968657
404,3,10,150,99,0.0
405,3,10,150,99,0.20729173551653604
406,3,10,150,99,0.1428233347987388
407,3,10,150,99,0.14649337636835694
408,3,10,150,99,0.12083071655728543
409,3,10,150,99,0.15086419336317547
410,3,10,150,99,0.0
411,3,10,150,99,0.1128999930808451
412,3,10,150,99,0.0
413,3,10,150,99,0.10122860821230018
414,3,10,150,99,0.0
415,3,10,150,99,0.07605458145297357
416,3,10,150,99,0.2752449694292733
417,3,10,150,99,0.07581638518226429
418,3,10,150,99,0.07001560573318603
419,3,10,150,99,0.26168079122473237
420,3,10,150,99,0.0527075128660253
421,3,10,150,99,0.202729931306865
422,3,10,150,99,0.0
423,3,10,150,99,0.0
424,3,10,150,99,0.13291000263869587
425,3,10,150,99,0.07316321377698815
426,3,10,150,99,0.10004388309532918
427,3,10,150,99,0.0
428,3,10,150,99,0.0
429,3,10,150,99,0.171405119215552
430,3,10,150,99,0.062242588308449316
431,3,10,150,99,0.0
432,3,10,150,99,0.05253723007572906
433,3,10,150,99,0.0
434,3,10,150,99,0.2870958118344385
435,3,10,150,99,0.18753015357981984
436,3,10,150,99,0.10855238808350101
437,3,10,150,99,0.08401780728647901
438,3,10,150,99,0.0
439,3,10,150,99,0.0
440,3,10,150,99,0.10025741859697787
441,3,10,150,99,0.0615755971851825
442,3,10,150,99,0.13195962283106308
443,3,10,150,99,0.056720838976548935
444,3,10,150,99,0.19519002499605084
445,3,10,150,99,0.0
446,3,10,150,99,0.0
447,3,10,150,99,0.09914294517496557
448,3,10,150,99,0.0
449,3,10,150,99,0.0
450,3,10,150,99,0.28515925758842464
451,3,10,150,99,0.0
452,3,10,150,99,0.05959986874601573
453,3,10,150,99,0.19529878873641995
454,3,10,150,99,0.0692136025122156
455,3,10,150,99,0.2805583936524754
456,3,10,150,99,0.22885723264838587
457,3,10,150,99,0.36238463914482993
458,3,10,150,99,0.12059750656999586
459,3,10,150,99,0.04901586605894737
460,3,10,150,99,0.0
461,3,10,150,99,0.10778915452451093
462,3,10,150,99,0.1972444692220082
463,3,10,150,99,0.1032589365938857
464,3,10,150,99,0.091470579054696
465,3,10,150,99,0.0733934381893728
466,3,10,150,99,0.0750834162528243
467,3,10,150,99,0.032842167909375275
468,3,10,150,99,0.4424763580282471
469,3,10,150,99,0.08625887094910875
470,3,10,150,99,0.092045719307925
471,3,10,150,99,0.039360765922782585
472,3,10,150,99,0.3145220658614395
473,3,10,150,99,0.08903377327702097
474,3,10,150,99,0.33346659590002303
475,3,10,150,99,0.0
476,3,10,150,99,0.12097589732794561
477,3,10,150,99,0.0
478,3,10,150,99,0.2059565668593519
479,3,10,150,99,0.07893633843817272
480,3,10,150,99,0.0881980292211471
481,3,10,150,99,0.05234104579082298
482,3,10,150,99,0.15905893746943514
483,3,10,150,99,0.06194403202282284
484,3,10,150,99,0.33809266656634696
485,3,10,150,99,0.0
486,3,10,150,99,0.06108300840136219
487,3,10,150,99,0.10060724527338907
488,3,10,150,99,0.05887472794707303
489,3,10,150,99,0.1419385728645212
490,3,10,150,99,0.06490403551612171
491,3,10,150,99,0.17758207479178334
492,3,10,150,99,0.12925417913024104
493,3,10,150,99,0.26530843853655434
494,3,10,150,99,0.19527970003833198
495,3,10,150,99,0.17408269195663154
496,3,10,150,99,0.07271211160102074
497,3,10,150,99,0.11228267750425187
498,3,10,150,99,0.0343217267714905
499,3,10,150,99,0.2224748000580069
500,3,10,150,99,0.04698773570888995
501,3,10,150,99,0.0
502,3,10,150,99,0.03272632263321488
503,3,10,150,99,0.3013670817061728
504,3,10,150,99,0.09794337990609951
505,3,10,150,99,0.025255271126572616
506,3,10,150,99,0.16119309772585624
507,3,10,150,99,0.02579743633593384
508,3,10,150,99,0.2518402952398531
509,3,10,150,99,0.0
510,3,10,150,99,0.17032928501352598
511,3,10,150,99,0.12155021559723776
512,3,10,150,99,0.0
513,3,10,150,99,0.09761131800342168
514,3,10,150,99,0.20202473045271674
515,3,10,150,99,0.0
516,3,10,150,99,0.07947838320659593
517,3,10,150,99,0.03859643636257609
518,3,10,150,99,0.05268083714989503
519,3,10,150,99,0.06666229075440745
520,3,10,150,99,0.0
521,3,10,150,99,0.07649261318048692
522,3,10,150,99,0.2035192592417533
523,3,10,150,99,0.2251167017748477
524,3,10,150,99,0.043021775122708356
525,3,10,150,99,0.06516045994396072
526,3,10,150,99,0.052528565413809895
527,3,10,150,99,0.21068702285875093
528,3,10,150,99,0.1255942414278791
529,3,10,150,99,0.03208343640786788
530,3,10,150,99,0.0
531,3,10,150,99,0.0
532,3,10,150,99,0.20000931548847464
533,3,10,150,99,0.18736438881421322
534,3,10,150,99,0.14093597953029857
535,3,10,150,99,0.26295140635259745
536,3,10,150,99,0.19370572859880655
537,3,10,150,99,0.45090656797925904
538,3,10,150,99,0.09944592215223559
539,3,10,150,99,0.11183592105756679
540,3,10,150,99,0.0
541,3,10,150,99,0.0779170553370938
542,3,10,150,99,0.12498204940954827
543,3,10,150,99,0.04620397641215124
544,3,10,150,99,0.04213592739148787
545,3,10,150,99,0.1627301445786375
546,3,10,150,99,0.19423009903097527
547,3,10,150,99,0.04528995543568932
548,3,10,150,99,0.1447639295950455
549,3,10,150,99,0.10184659627402569
550,3,10,150,99,0.0845667599404342
551,3,10,150,99,0.2662418196532082
552,3,10,150,99,0.017227648189444344
553,3,10,150,99,0.18655104459527586
554,3,10,150,99,0.0
555,3,10,150,99,0.037070343480771185
556,3,10,150,99,0.2848749592866812
557,3,10,150,99,0.044530079137671444
558,3,10,150,99,0.21398626473452756
559,3,10,150,99,0.11571122630007512
560,3,10,150,99,0.16944112208105297
561,3,10,150,99,0.10805391361207191
562,3,10,150,99,0.16880427191129663
563,3,10,150,99,0.10791970824616881
564,3,10,150,99,0.0
565,3,10,150,99,0.22747993047772938
566,3,10,150,99,0.11935234359120704
567,3,10,150,99,0.3504555352124596
568,3,10,150,99,0.07161318866452264
569,3,10,150,99,0.023835426911994775
570,3,10,150,99,0.0
571,3,10,150,99,0.0512644431393966
572,3,10,150,99,0.30260241349881345
573,3,10,150,99,0.0
574,3,10,150,99,0.02529922263119915
575,3,10,150,99,0.13043262693172047
576,3,10,150,99,0.0
577,3,10,150,99,0.2017286250978881
578,3,10,150,99,0.0
579,3,10,150,99,0.07810231452018687
580,3,10,150,99,0.03144137376097698
581,3,10,150,99,0.03032211530825568
582,3,10,150,99,0.06679511870650716
583,3,10,150,99,0.13912814892946682
584,3,10,150,99,0.20261715588288354
585,3,10,150,99,0.05899797109864319
586,3,10,150,99,0.0663945281096953
587,3,10,150,99,0.029230460362194715
588,3,10,150,99,0.24058372651372978
589,3,10,150,99,0.12860582026553505
590,3,10,150,99,0.19997970715667693
591,3,10,150,99,0.08651464973019597
592,3,10,150,99,0.289945922279996
593,3,10,150,99,0.14271020042879362
594,3,10,150,99,0.05127363304912773
595,3,10,150,99,0.055965373307784824
596,3,10,150,99,0.15081647728233993
597,3,10,150,99,0.02579743633593384
598,3,10,150,99,0.0
599,3,10,150,99,0.04621780199859461
600,3,10,150,99,0.13574631165894233
601,3,10,150,99,0.14661690295711607
602,3,10,150,99,0.041278922835426404
603,3,10,150,99,0.12541207695631323
604,3,10,150,99,0.02961945586160536
605,3,10,150,99,0.23223671530594325
606,3,10,150,99,0.30630720333429867
607,3,10,150,99,0.0308875359117713
608,3,10,150,99,0.21544850404479915
609,3,10,150,99,0.0
610,3,10,150,99,0.12186625680881258
611,3,10,150,99,0.19680646538945382
612,3,10,150,99,0.09162544430476362
613,3,10,150,99,0.1652462050665711
614,3,10,150,99,0.1467868763787456
615,3,10,150,99,0.18894939135123942
616,3,10,150,99,0.030480958763669998
617,3,10,150,99,0.06883908261551583
618,3,10,150,99,0.15897524102595895
619,3,10,150,99,0.16057243876458588
620,3,10,150,99,0.24239278329353608
621,3,10,150,99,0.10569072181389248
622,3,10,150,99,0.16226113935431313
623,3,10,150,99,0.04214302778527282
624,3,10,150,99,0.04298712493603706
625,3,10,150,99,0.07991575154621842
626,3,10,150,99,0.13034538143571256
627,3,10,150,99,0.11471658297235718
628,3,10,150,99,0.09696340382814506
629,3,10,150,99,0.3403623265145004
630,3,10,150,99,0.10834532177911152
631,3,10,150,99,0.13449792459172438
632,3,10,150,99,0.08348454970562778
633,3,10,150,99,0.050456115328747164
634,3,10,150,99,0.13069157529338593
635,3,10,150,99,0.0
636,3,10,150,99,0.4108031518056064
637,3,10,150,99,0.04188454685690797
638,3,10,150,99,0.05152901435389809
639,3,10,150,99,0.01070448204588216
640,3,10,150,99,0.21025189528631963
641,3,10,150,99,0.051358492238643604
642,3,10,150,99,0.2780672221924308
643,3,10,150,99,0.21368826267102806
644,3,10,150,99,0.023868766231572826
645,3,10,150,99,0.20355515928001594
646,3,10,150,99,0.11243817952384734
647,3,10,150,99,0.06590268968688952
648,3,10,150,99,0.24695359807973946
649,3,10,150,99,0.04336490181597879
650,3,10,150,99,0.14796046292530712
651,3,10,150,99,0.0
652,3,10,150,99,0.0
653,3,10,150,99,0.19591731649046992
654,3,10,150,99,0.05402442095740813
655,3,10,150,99,0.4340978709743758
656,3,10,150,99,0.0
657,3,10,150,99,0.2817063664415864
658,3,10,150,99,0.09988783377897062
659,3,10,150,99,0.09950788532097599
660,3,10,150,99,0.0760591166958637
661,3,10,150,99,0.28061193542802043
662,3,10,150,99,0.0
663,3,10,150,99,0.13556872143140483
664,3,10,150,99,0.2433808724049065
665,3,10,150,99,0.10278308561567712
666,3,10,150,99,0.09197249479293326
667,3,10,150,99,0.16957773800982062
668,3,10,150,99,0.0
669,3,10,150,99,0.2287469684999221
670,3,10,150,99,0.0271437232396382
671,3,10,150,99,0.22854131648543738
672,3,10,150,99,0.07973520350569015
673,3,10,150,99,0.03236977394070781
674,3,10,150,99,0.0
675,3,10,150,99,0.0640504599396877
676,3,10,150,99,0.22358931366364498
677,3,10,150,99,0.10158983531347915
678,3,10,150,99,0.04266316057115777
679,3,10,150,99,0.20531579536501102
680,3,10,150,99,0.04297920821363365
681,3,10,150,99,0.0
682,3,10,150,99,0.24906263668134024
683,3,10,150,99,0.10991129435376559
684,3,10,150,99,0.03158850394477252
685,3,10,150,99,0.20373936192022438
686,3,10,150,99,0.2987531530167816
687,3,10,150,99,0.0
688,3,10,150,99,0.0
689,3,10,150,99,0.429307082657261
690,3,10,150,99,0.24802939400095458
691,3,10,150,99,0.638147349605226
692,3,10,150,99,0.03353522641880846
693,3,10,150,99,0.04711181933747839
694,3,10,150,99,0.21361709189247302
695,3,10,150,99,0.05816383356143395
696,3,10,150,99,0.08111636357522063
697,3,10,150,99,0.13772413327531072
698,3,10,150,99,0.0
699,3,10,150,99,0.06266837015218314
700,3,10,150,99,0.0
701,3,10,150,99,0.12271508523586225
702,3,10,150,99,0.0
703,3,10,150,99,0.21888235022994418
704,3,10,150,99,0.2606082032551527
705,3,10,150,99,0.3248594747382667
706,3,10,150,99,0.03481402556224447
707,3,10,150,99,0.24315624064535118
708,3,10,150,99,0.03476299583640518
709,3,10,150,99,0.17767709199491483
710,3,10,150,99,0.26751805020186437
711,3,10,150,99,0.19826664760880866
712,3,10,150,99,0.08027536053804027
713,3,10,150,99,0.0
714,3,10,150,99,0.1266607864485773
715,3,10,150,99,0.16860516623933322
716,3,10,150,99,0.276561259000768
717,3,10,150,99,0.16781772792345637
718,3,10,150,99,0.0
719,3,10,150,99,0.10353175087921149
720,3,10,150,99,0.05925736915373658
721,3,10,150,99,0.17899353480938704
722,3,10,150,99,0.07401896317743158
723,3,10,150,99,0.0
724,3,10,150,99,0.0
725,3,10,150,99,0.04733244938590725
726,3,10,150,99,0.10841847307700177
727,3,10,150,99,0.061899448305397634
728,3,10,150,99,0.0
729,3,10,150,99,0.1312200120995304
730,3,10,150,99,0.0
731,3,10,150,99,0.2497088707512811
732,3,10,150,99,0.05717828980196049
733,3,10,150,99,0.020730875129846955
734,3,10,150,99,0.08131766139183766
735,3,10,150,99,0.12905232756659873
736,3,10,150,99,0.047009109882897075
737,3,10,150,99,0.12127716502890909
738,3,10,150,99,0.09907057054543131
739,3,10,150,99,0.18767092572990207
740,3,10,150,99,0.0523780734795101
741,3,10,150,99,0.09620963094643388
742,3,10,150,99,0.0527075128660253
743,3,10,150,99,0.1194783875505714
744,3,10,150,99,0.0
745,3,10,150,99,0.06774344219296054
746,3,10,150,99,0.24124954544361757
747,3,10,150,99,0.22045888128806954
748,3,10,150,99,0.07392664091860399
749,3,10,150,99,0.2543928065417666
750,3,10,150,99,0.20954227812062592
751,3,10,150,99,0.06407706415564705
752,3,10,150,99,0.08155432360208091
753,3,10,150,99,0.09985462455958868
754,3,10,150,99,0.0
755,3,10,150,99,0.0
756,3,10,150,99,0.044143057780823704
757,3,10,150,99,0.2202402102570972
758,3,10,150,99,0.24752770121143233
759,3,10,150,99,0.04828669550714567
760,3,10,150,99,0.16006374561654185
761,3,10,150,99,0.17663858756688974
762,3,10,150,99,0.0
763,3,10,150,99,0.15021194072867564
764,3,10,150,99,0.04710969775183564
765,3,10,150,99,0.0966785411876802
766,3,10,150,99,0.035191004809260996
767,3,10,150,99,0.1269544353559099
768,3,10,150,99,0.09997171219938322
769,3,10,150,99,0.0
770,3,10,150,99,0.207274302223422
771,3,10,150,99,0.07363642524234874
772,3,10,150,99,0.038996699933076286
773,3,10,150,99,0.15659560794124947
774,3,10,150,99,0.0
775,3,10,150,99,0.0910478037169899
776,3,10,150,99,0.04721006604760436
777,3,10,150,99,0.0
778,3,10,150,99,0.08961728720334347
779,3,10,150,99,0.0
780,3,10,150,99,0.19393055855404154
781,3,10,150,99,0.16573484494600602
782,3,10,150,99,0.043749125222470944
783,3,10,150,99,0.07763399617214947
784,3,10,150,99,0.04582425041433568
785,3,10,150,99,0.2848262604068979
786,3,10,150,99,0.13901223847985233
787,3,10,150,99,0.0
788,3,10,150,99,0.046626370288649896
789,3,10,150,99,0.14531023848228133
790,3,10,150,99,0.08452117092278105
791,3,10,150,99,0.059480024314918285
792,3,10,150,99,0.0946587791577201
793,3,10,150,99,0.11843263243420837
794,3,10,150,99,0.1578863001786244
795,3,10,150,99,0.10325242280712206
796,3,10,150,99,0.12306413786407099
797,3,10,150,99,0.13905617951077562
798,3,10,150,99,0.02688415331260267
799,3,10,150,99,0.2836929289153804
800,3,10,150,99,0.0
801,3,10,150,99,0.0
802,3,10,150,99,0.05621908976192367
803,3,10,150,99,0.0
804,3,10,150,99,0.20994146470018396
805,3,10,150,99,0.15771169694749937
806,3,10,150,99,0.10606704841588428
807,3,10,150,99,0.22931014490903673
808,3,10,150,99,0.09905728133858463
809,3,10,150,99,0.0
810,3,10,150,99,0.07110377625339116
811,3,10,150,99,0.1162989546852336
812,3,10,150,99,0.11600766930798434
813,3,10,150,99,0.06916902856231065
814,3,10,150,99,0.054181637470214
815,3,10,150,99,0.10380674919178415
816,3,10,150,99,0.10105367325027378
817,3,10,150,99,0.0
818,3,10,150,99,0.05187864210776578
819,3,10,150,99,0.0
820,3,10,150,99,0.12262943855309168
821,3,10,150,99,0.18684232150964158
822,3,10,150,99,0.0
823,3,10,150,99,0.14011732711290795
824,3,10,150,99,0.0
825,3,10,150,99,0.16434089815347858
826,3,10,150,99,0.1395338307503347
827,3,10,150,99,0.0
828,3,10,150,99,0.0
829,3,10,150,99,0.08143169212679746
830,3,10,150,99,0.1744107628712425
831,3,10,150,99,0.0800524392169327
832,3,10,150,99,0.06248152673860667
833,3,10,150,99,0.05828935682373833
834,3,10,150,99,0.11748729211308383
835,3,10,150,99,0.131093662595089
836,3,10,150,99,0.05097554749895306
837,3,10,150,99,0.05351287869030783
838,3,10,150,99,0.08633629724227374
839,3,10,150,99,0.0
840,3,10,150,99,0.1518245759629103
841,3,10,150,99,0.0
842,3,10,150,99,0.0
843,3,10,150,99,0.08036515142239517
844,3,10,150,99,0.0
845,3,10,150,99,0.06531065216760332
846,3,10,150,99,0.16592059617503505
847,3,10,150,99,0.0
848,3,10,150,99,0.09796419403030648
849,3,10,150,99,0.15023650744503608
850,3,10,150,99,0.06228974831361337
851,3,10,150,99,0.2277008805972924
852,3,10,150,99,0.07256783117062009
853,3,10,150,99,0.0
854,3,10,150,99,0.0
855,3,10,150,99,0.0
856,3,10,150,99,0.0
857,3,10,150,99,0.0
858,3,10,150,99,0.0
859,3,10,150,99,0.0
860,3,10,150,99,0.0
861,3,10,150,99,0.12754356661958802
862,3,10,150,99,0.2209528150230728
863,3,10,150,99,0.059558281812319085
864,3,10,150,99,0.19756506460263396
865,3,10,150,99,0.0
866,3,10,150,99,0.0
867,3,10,150,99,0.18752183128814004
868,3,10,150,99,0.0
870,3,10,150,99,0.0
871,3,10,150,99,0.0
872,3,10,150,99,0.0
875,3,10,150,99,0.1395953738647505
876,3,10,150,99,0.0
877,3,10,150,99,0.0
1,3,10,150,100,0.6247579375131872
2,3,10,150,100,0.10688238502350729
3,3,10,150,100,0.0
4,3,10,150,100,0.09269449563399158
5,3,10,150,100,0.0819283960923954
6,3,10,150,100,0.05340978172012693
7,3,10,150,100,0.2561597458176804
8,3,10,150,100,0.23191260645970924
9,3,10,150,100,0.0
10,3,10,150,100,0.16409920264511527
11,3,10,150,100,0.049016076581777215
12,3,10,150,100,0.13570688190090627
13,3,10,150,100,0.19175719627461657
14,3,10,150,100,0.18798196875542286
15,3,10,150,100,0.0
16,3,10,150,100,0.2571810388985906
17,3,10,150,100,0.12066394366711926
18,3,10,150,100,0.18606782959057458
19,3,10,150,100,0.0
20,3,10,150,100,0.19780725085993958
21,3,10,150,100,0.05824963961462511
22,3,10,150,100,0.17104220435540762
23,3,10,150,100,0.18360000301566626
24,3,10,150,100,0.311062094929455
25,3,10,150,100,0.0
26,3,10,150,100,0.05718728601416153
28,3,10,150,100,0.0
29,3,10,150,100,0.0
30,3,10,150,100,0.0979129253499678
31,3,10,150,100,0.06076546216996844
32,3,10,150,100,0.0
33,3,10,150,100,0.0
34,3,10,150,100,0.0
35,3,10,150,100,0.07108348368841133
37,3,10,150,100,0.08836851842055818
38,3,10,150,100,0.08875372058783093
39,3,10,150,100,0.0
40,3,10,150,100,0.11277789332641257
41,3,10,150,100,0.0
42,3,10,150,100,0.14144963799422255
43,3,10,150,100,0.268915965453296
44,3,10,150,100,0.07698159974258616
45,3,10,150,100,0.04505000432618384
46,3,10,150,100,0.2524329124868603
47,3,10,150,100,0.0
48,3,10,150,100,0.191300388285999
49,3,10,150,100,0.08545966314334597
50,3,10,150,100,0.0
51,3,10,150,100,0.18953836965473142
52,3,10,150,100,0.04892579731758021
53,3,10,150,100,0.09546043308946733
54,3,10,150,100,0.07984133538066794
55,3,10,150,100,0.0
56,3,10,150,100,0.03975645576081676
57,3,10,150,100,0.07600688094360178
58,3,10,150,100,0.14765415018175773
59,3,10,150,100,0.24014392009481458
60,3,10,150,100,0.12123807080432077
61,3,10,150,100,0.0
62,3,10,150,100,0.056765939954965754
63,3,10,150,100,0.03554915059547175
64,3,10,150,100,0.0
65,3,10,150,100,0.3256920858344545
66,3,10,150,100,0.0
67,3,10,150,100,0.0
68,3,10,150,100,0.0
69,3,10,150,100,0.18013245110732332
70,3,10,150,100,0.04310441109649134
71,3,10,150,100,0.1434649426280276
72,3,10,150,100,0.16084022171949366
73,3,10,150,100,0.051960280791503534
74,3,10,150,100,0.0
75,3,10,150,100,0.11731968150568911
76,3,10,150,100,0.14804398249667974
77,3,10,150,100,0.45287742747371695
78,3,10,150,100,0.0
79,3,10,150,100,0.045645819170786986
80,3,10,150,100,0.08297572808511901
81,3,10,150,100,0.0
82,3,10,150,100,0.10812418485305166
83,3,10,150,100,0.04630610387058298
84,3,10,150,100,0.0
85,3,10,150,100,0.06966660916502733
86,3,10,150,100,0.07738888769495082
87,3,10,150,100,0.11777166916014317
88,3,10,150,100,0.0
89,3,10,150,100,0.22860031301980846
90,3,10,150,100,0.2386569480666451
91,3,10,150,100,0.15983515198577117
92,3,10,150,100,0.11431957504099872
93,3,10,150,100,0.0
94,3,10,150,100,0.19025030646477453
95,3,10,150,100,0.07964436720215591
96,3,10,150,100,0.19186450284072096
97,3,10,150,100,0.2353819276956695
98,3,10,150,100,0.08878770367712427
99,3,10,150,100,0.029785542524894418
100,3,10,150,100,0.0892789338684584
101,3,10,150,100,0.0
102,3,10,150,100,0.026001814664123827
103,3,10,150,100,0.07673373981757839
104,3,10,150,100,0.1446856689414647
106,3,10,150,100,0.05261577455142312
107,3,10,150,100,0.0
108,3,10,150,100,0.0
109,3,10,150,100,0.12702438124116902
110,3,10,150,100,0.08694931131842866
111,3,10,150,100,0.0
112,3,10,150,100,0.06510475888148554
113,3,10,150,100,0.05449144662575446
114,3,10,150,100,0.07610811271330754
115,3,10,150,100,0.10223434053382421
116,3,10,150,100,0.07814915695077672
117,3,10,150,100,0.10135360124281675
118,3,10,150,100,0.0
119,3,10,150,100,0.10939494924525293
121,3,10,150,100,0.06245141164382474
122,3,10,150,100,0.07625852881342107
123,3,10,150,100,0.46927872602275644
124,3,10,150,100,0.10889376106823218
125,3,10,150,100,0.213052906658138
126,3,10,150,100,0.0
127,3,10,150,100,0.0
128,3,10,150,100,0.047777554739453616
129,3,10,150,100,0.0
130,3,10,150,100,0.11207058154636457
131,3,10,150,100,0.2803335894048546
132,3,10,150,100,0.1431991570830273
133,3,10,150,100,0.0
134,3,10,150,100,0.0
135,3,10,150,100,0.038239425270133076
136,3,10,150,100,0.40257390286801836
137,3,10,150,100,0.0
138,3,10,150,100,0.21222747957761057
139,3,10,150,100,0.0
140,3,10,150,100,0.0
141,3,10,150,100,0.20239191246999313
142,3,10,150,100,0.30260241349881345
143,3,10,150,100,0.0
144,3,10,150,100,0.2143720535700613
145,3,10,150,100,0.13165757208411763
146,3,10,150,100,0.0
147,3,10,150,100,0.07610811271330754
148,3,10,150,100,0.13364524093464059
149,3,10,150,100,0.05446824630887794
150,3,10,150,100,0.0
151,3,10,150,100,0.17653963481803697
152,3,10,150,100,0.11253168976784579
153,3,10,150,100,0.06516188295518531
154,3,10,150,100,0.10094969415675933
155,3,10,150,100,0.0
156,3,10,150,100,0.07028063830038406
157,3,10,150,100,0.05840183867278569
158,3,10,150,100,0.09116756222643234
159,3,10,150,100,0.11026617795298452
160,3,10,150,100,0.08815843064600337
161,3,10,150,100,0.0
162,3,10,150,100,0.0
163,3,10,150,100,0.0
164,3,10,150,100,0.0
165,3,10,150,100,0.09149012142095872
166,3,10,150,100,0.09726657973356154
167,3,10,150,100,0.06078154667639363
168,3,10,150,100,0.07914143116928869
169,3,10,150,100,0.055427457405235275
170,3,10,150,100,0.0
171,3,10,150,100,0.0
172,3,10,150,100,0.0
173,3,10,150,100,0.07286904346643797
174,3,10,150,100,0.11920425119752891
175,3,10,150,100,0.4413254197204702
176,3,10,150,100,0.11372080235825373
177,3,10,150,100,0.0
178,3,10,150,100,0.18053947820976404
179,3,10,150,100,0.06599888514927177
180,3,10,150,100,0.0
181,3,10,150,100,0.04622579729077891
182,3,10,150,100,0.13120507751234178
183,3,10,150,100,0.0
184,3,10,150,100,0.016355592358211265
185,3,10,150,100,0.0
186,3,10,150,100,0.0
187,3,10,150,100,0.2004102107997965
188,3,10,150,100,0.050562513489816586
189,3,10,150,100,0.22982757951573698
190,3,10,150,100,0.0
191,3,10,150,100,0.07335312372354855
192,3,10,150,100,0.0
193,3,10,150,100,0.04024288246957146
194,3,10,150,100,0.13091289149202825
195,3,10,150,100,0.10257737475069033
196,3,10,150,100,0.17342765698823945
197,3,10,150,100,0.07304192939088519
198,3,10,150,100,0.10387325901274824
199,3,10,150,100,0.052106753859569234
200,3,10,150,100,0.13322840124030366
201,3,10,150,100,0.3193440563594693
202,3,10,150,100,0.0
203,3,10,150,100,0.0
204,3,10,150,100,0.0
205,3,10,150,100,0.11600766930798434
206,3,10,150,100,0.0
207,3,10,150,100,0.22802443816226167
208,3,10,150,100,0.0
209,3,10,150,100,0.070675417981692
210,3,10,150,100,0.0
211,3,10,150,100,0.0
212,3,10,150,100,0.0559167101555819
213,3,10,150,100,0.08985507164305877
214,3,10,150,100,0.1257260924843343
215,3,10,150,100,0.157288596461893
216,3,10,150,100,0.27735230728218535
217,3,10,150,100,0.13000004444613666
218,3,10,150,100,0.06323567569191428
219,3,10,150,100,0.0
220,3,10,150,100,0.07807600999842033
221,3,10,150,100,0.12213234467515617
222,3,10,150,100,0.16053518617112608
223,3,10,150,100,0.039270700903099615
224,3,10,150,100,0.05211803804128038
225,3,10,150,100,0.09311209812195972
226,3,10,150,100,0.0
227,3,10,150,100,0.0
229,3,10,150,100,0.0
230,3,10,150,100,0.1697995249867118
231,3,10,150,100,0.0
232,3,10,150,100,0.0
233,3,10,150,100,0.22363232499877778
234,3,10,150,100,0.2247882388565707
235,3,10,150,100,0.11418024069273867
236,3,10,150,100,0.1426034920220426
237,3,10,150,100,0.04776398023609584
238,3,10,150,100,0.0
239,3,10,150,100,0.20547306478973165
240,3,10,150,100,0.10235170428306553
241,3,10,150,100,0.1381300260171807
242,3,10,150,100,0.05875805237821357
243,3,10,150,100,0.0
244,3,10,150,100,0.15017336350566032
245,3,10,150,100,0.0
246,3,10,150,100,0.08356426880363813
247,3,10,150,100,0.15642624200758548
248,3,10,150,100,0.23451355966072135
249,3,10,150,100,0.3296200475575061
250,3,10,150,100,0.07806699296748765
251,3,10,150,100,0.0
252,3,10,150,100,0.07630862162354303
253,3,10,150,100,0.038220360097248454
254,3,10,150,100,0.07477180390311892
255,3,10,150,100,0.10933464083642679
256,3,10,150,100,0.0681239071992697
257,3,10,150,100,0.12830873359117523
258,3,10,150,100,0.16260831227163416
259,3,10,150,100,0.0
260,3,10,150,100,0.0
261,3,10,150,100,0.0
262,3,10,150,100,0.024334582709454235
263,3,10,150,100,0.3901262733483854
264,3,10,150,100,0.3852510465367394
265,3,10,150,100,0.236097398495372
266,3,10,150,100,0.0
267,3,10,150,100,0.22898927482035836
268,3,10,150,100,0.1555062187985528
269,3,10,150,100,0.040019695500760184
270,3,10,150,100,0.049915567102790354
271,3,10,150,100,0.10729393508609222
272,3,10,150,100,0.10457492829503848
273,3,10,150,100,0.0
274,3,10,150,100,0.10496301527698051
275,3,10,150,100,0.0
276,3,10,150,100,0.16683394348006692
277,3,10,150,100,0.0
278,3,10,150,100,0.09228784838978409
279,3,10,150,100,0.12980652062863637
280,3,10,150,100,0.0882348794193481
281,3,10,150,100,0.0
282,3,10,150,100,0.09659953929285248
283,3,10,150,100,0.0
284,3,10,150,100,0.0
285,3,10,150,100,0.0
286,3,10,150,100,0.016140534521312585
287,3,10,150,100,0.0
288,3,10,150,100,0.13999259891013252
289,3,10,150,100,0.0
290,3,10,150,100,0.11552618240992368
291,3,10,150,100,0.18968772725883148
292,3,10,150,100,0.27665227928348557
293,3,10,150,100,0.20698651466858095
294,3,10,150,100,0.09628038570550856
295,3,10,150,100,0.15956840344924803
296,3,10,150,100,0.1806845444506853
297,3,10,150,100,0.030868393892711742
298,3,10,150,100,0.13814728270261697
299,3,10,150,100,0.16038313598020032
300,3,10,150,100,0.0
301,3,10,150,100,0.1296575124303738
302,3,10,150,100,0.07335312372354855
303,3,10,150,100,0.1987273245843016
304,3,10,150,100,0.0
305,3,10,150,100,0.05428021340641747
306,3,10,150,100,0.0
307,3,10,150,100,0.13128644747266613
308,3,10,150,100,0.05707430901002984
309,3,10,150,100,0.0
310,3,10,150,100,0.2890648263178879
311,3,10,150,100,0.17512035582237062
312,3,10,150,100,0.16963857451199318
313,3,10,150,100,0.09586943528179451
314,3,10,150,100,0.12209873289616133
315,3,10,150,100,0.09785159463516042
316,3,10,150,100,0.06076546216996844
317,3,10,150,100,0.0
318,3,10,150,100,0.09228506687340403
319,3,10,150,100,0.0
320,3,10,150,100,0.08947300054212491
321,3,10,150,100,0.08223795175588802
322,3,10,150,100,0.07955752067133452
323,3,10,150,100,0.12229181918924699
324,3,10,150,100,0.0
325,3,10,150,100,0.0
326,3,10,150,100,0.10817904857938596
327,3,10,150,100,0.08994638243893706
328,3,10,150,100,0.1253761246808089
329,3,10,150,100,0.056720838976548935
330,3,10,150,100,0.3573339998071137
331,3,10,150,100,0.0
332,3,10,150,100,0.13202102105856586
333,3,10,150,100,0.0
334,3,10,150,100,0.20033325566015067
335,3,10,150,100,0.0
336,3,10,150,100,0.0
337,3,10,150,100,0.2325689761571779
338,3,10,150,100,0.11941931844204727
339,3,10,150,100,0.2035626803416359
340,3,10,150,100,0.16593574125923852
341,3,10,150,100,0.0
342,3,10,150,100,0.15381739323016694
343,3,10,150,100,0.3675257435678538
344,3,10,150,100,0.13804010954782428
345,3,10,150,100,0.14462655322572632
346,3,10,150,100,0.1264086027263655
347,3,10,150,100,0.11419934147174059
348,3,10,150,100,0.0
349,3,10,150,100,0.07123530534387781
350,3,10,150,100,0.2915685961842613
351,3,10,150,100,0.10570747126847255
352,3,10,150,100,0.19656450833316597
353,3,10,150,100,0.09489642549953911
354,3,10,150,100,0.048823562593396645
355,3,10,150,100,0.05122871476979503
356,3,10,150,100,0.0
357,3,10,150,100,0.03371865946438579
358,3,10,150,100,0.2989381055930108
359,3,10,150,100,0.14341929980357182
360,3,10,150,100,0.1559806047717434
361,3,10,150,100,0.0
362,3,10,150,100,0.0
363,3,10,150,100,0.1867805234163032
364,3,10,150,100,0.0
365,3,10,150,100,0.0989084497079971
366,3,10,150,100,0.1800581708881336
367,3,10,150,100,0.1410054764628891
368,3,10,150,100,0.0
369,3,10,150,100,0.0
370,3,10,150,100,0.045683428159663184
371,3,10,150,100,0.174231549865924
372,3,10,150,100,0.1614349203887353
373,3,10,150,100,0.18128610071101886
374,3,10,150,100,0.1523273086076386
375,3,10,150,100,0.0
376,3,10,150,100,0.0
377,3,10,150,100,0.053168340515114924
378,3,10,150,100,0.1096508236364837
379,3,10,150,100,0.1814915701185313
380,3,10,150,100,0.0
381,3,10,150,100,0.10528437187206623
382,3,10,150,100,0.13500098315004241
383,3,10,150,100,0.06801459236612908
384,3,10,150,100,0.08759200575528697
385,3,10,150,100,0.1546778125427113
386,3,10,150,100,0.0
387,3,10,150,100,0.050087090664204414
388,3,10,150,100,0.029785542524894418
389,3,10,150,100,0.1436557902546879
390,3,10,150,100,0.3221940057104188
391,3,10,150,100,0.298074760835303
392,3,10,150,100,0.17132596933811328
393,3,10,150,100,0.20615286043765468
394,3,10,150,100,0.15290238277303939
395,3,10,150,100,0.15727036710905312
396,3,10,150,100,0.0
397,3,10,150,100,0.14929652673185007
398,3,10,150,100,0.12204637821038242
399,3,10,150,100,0.05509887073092855
400,3,10,150,100,0.0
401,3,10,150,100,0.0
402,3,10,150,100,0.469779625693621
403,3,10,150,100,0.02818923206968657
404,3,10,150,100,0.0
405,3,10,150,100,0.21297773335341025
406,3,10,150,100,0.1428233347987388
407,3,10,150,100,0.14649337636835694
408,3,10,150,100,0.12083071655728543
409,3,10,150,100,0.15086419336317547
410,3,10,150,100,0.0
411,3,10,150,100,0.1128999930808451
412,3,10,150,100,0.0
413,3,10,150,100,0.10122860821230018
414,3,10,150,100,0.0
415,3,10,150,100,0.07605458145297357
416,3,10,150,100,0.2752449694292733
417,3,10,150,100,0.07581638518226429
418,3,10,150,100,0.07001560573318603
419,3,10,150,100,0.26168079122473237
420,3,10,150,100,0.0527075128660253
421,3,10,150,100,0.202729931306865
422,3,10,150,100,0.0
423,3,10,150,100,0.0
424,3,10,150,100,0.13291000263869587
425,3,10,150,100,0.08717812397892491
426,3,10,150,100,0.10004388309532918
427,3,10,150,100,0.0
428,3,10,150,100,0.0
429,3,10,150,100,0.17913829688886798
430,3,10,150,100,0.062242588308449316
431,3,10,150,100,0.0
432,3,10,150,100,0.05253723007572906
433,3,10,150,100,0.0
434,3,10,150,100,0.2870958118344385
435,3,10,150,100,0.18753015357981984
436,3,10,150,100,0.10855238808350101
437,3,10,150,100,0.08401780728647901
438,3,10,150,100,0.0
439,3,10,150,100,0.0
440,3,10,150,100,0.10025741859697787
441,3,10,150,100,0.0615755971851825
442,3,10,150,100,0.13195962283106308
443,3,10,150,100,0.056720838976548935
444,3,10,150,100,0.19519002499605084
445,3,10,150,100,0.0
446,3,10,150,100,0.0
447,3,10,150,100,0.09914294517496557
448,3,10,150,100,0.0
449,3,10,150,100,0.0
450,3,10,150,100,0.2831138456828619
451,3,10,150,100,0.0
452,3,10,150,100,0.05959986874601573
453,3,10,150,100,0.19529878873641995
454,3,10,150,100,0.0692136025122156
455,3,10,150,100,0.2805583936524754
456,3,10,150,100,0.2417558293285054
457,3,10,150,100,0.36238463914482993
458,3,10,150,100,0.12059750656999586
459,3,10,150,100,0.04901586605894737
460,3,10,150,100,0.0
461,3,10,150,100,0.10778915452451093
462,3,10,150,100,0.1972444692220082
463,3,10,150,100,0.1032589365938857
464,3,10,150,100,0.091470579054696
465,3,10,150,100,0.0733934381893728
466,3,10,150,100,0.0750834162528243
467,3,10,150,100,0.032842167909375275
468,3,10,150,100,0.4424763580282471
469,3,10,150,100,0.08625887094910875
470,3,10,150,100,0.092045719307925
471,3,10,150,100,0.039360765922782585
472,3,10,150,100,0.3145220658614395
473,3,10,150,100,0.08903377327702097
474,3,10,150,100,0.33346659590002303
475,3,10,150,100,0.0
476,3,10,150,100,0.12097589732794561
477,3,10,150,100,0.0
478,3,10,150,100,0.2059565668593519
479,3,10,150,100,0.07893633843817272
480,3,10,150,100,0.0881980292211471
481,3,10,150,100,0.05234104579082298
482,3,10,150,100,0.15905893746943514
483,3,10,150,100,0.06194403202282284
484,3,10,150,100,0.33809266656634696
485,3,10,150,100,0.0
486,3,10,150,100,0.0737830026049486
487,3,10,150,100,0.10060724527338907
488,3,10,150,100,0.05887472794707303
489,3,10,150,100,0.1419385728645212
490,3,10,150,100,0.06490403551612171
491,3,10,150,100,0.17758207479178334
492,3,10,150,100,0.12925417913024104
493,3,10,150,100,0.26530843853655434
494,3,10,150,100,0.19527970003833198
495,3,10,150,100,0.17408269195663154
496,3,10,150,100,0.07271211160102074
497,3,10,150,100,0.1233305826015703
498,3,10,150,100,0.0343217267714905
499,3,10,150,100,0.2224748000580069
500,3,10,150,100,0.04698773570888995
501,3,10,150,100,0.0
502,3,10,150,100,0.03272632263321488
503,3,10,150,100,0.3013670817061728
504,3,10,150,100,0.09794337990609951
505,3,10,150,100,0.025255271126572616
506,3,10,150,100,0.16119309772585624
507,3,10,150,100,0.02579743633593384
508,3,10,150,100,0.2518402952398531
509,3,10,150,100,0.0
510,3,10,150,100,0.17032928501352598
511,3,10,150,100,0.12155021559723776
512,3,10,150,100,0.0
513,3,10,150,100,0.09761131800342168
514,3,10,150,100,0.20202473045271674
515,3,10,150,100,0.0
516,3,10,150,100,0.07947838320659593
517,3,10,150,100,0.03859643636257609
518,3,10,150,100,0.05268083714989503
519,3,10,150,100,0.06666229075440745
520,3,10,150,100,0.0
521,3,10,150,100,0.07649261318048692
522,3,10,150,100,0.2035192592417533
523,3,10,150,100,0.2251167017748477
524,3,10,150,100,0.04271318527793663
525,3,10,150,100,0.06516045994396072
526,3,10,150,100,0.052528565413809895
527,3,10,150,100,0.21068702285875093
528,3,10,150,100,0.1255942414278791
529,3,10,150,100,0.03208343640786788
530,3,10,150,100,0.0
531,3,10,150,100,0.0
532,3,10,150,100,0.20000931548847464
533,3,10,150,100,0.18736438881421322
534,3,10,150,100,0.14093597953029857
535,3,10,150,100,0.26295140635259745
536,3,10,150,100,0.19370572859880655
537,3,10,150,100,0.44767227122087583
538,3,10,150,100,0.09944592215223559
539,3,10,150,100,0.11183592105756679
540,3,10,150,100,0.0
541,3,10,150,100,0.0779170553370938
542,3,10,150,100,0.12498204940954827
543,3,10,150,100,0.04620397641215124
544,3,10,150,100,0.04213592739148787
545,3,10,150,100,0.1627301445786375
546,3,10,150,100,0.19423009903097527
547,3,10,150,100,0.04528995543568932
548,3,10,150,100,0.1447639295950455
549,3,10,150,100,0.10184659627402569
550,3,10,150,100,0.0845667599404342
551,3,10,150,100,0.2643321001782636
552,3,10,150,100,0.017227648189444344
553,3,10,150,100,0.18655104459527586
554,3,10,150,100,0.0
555,3,10,150,100,0.037070343480771185
556,3,10,150,100,0.2848749592866812
557,3,10,150,100,0.044530079137671444
558,3,10,150,100,0.21398626473452756
559,3,10,150,100,0.11571122630007512
560,3,10,150,100,0.16944112208105297
561,3,10,150,100,0.10727885632228272
562,3,10,150,100,0.16880427191129663
563,3,10,150,100,0.10791970824616881
564,3,10,150,100,0.0
565,3,10,150,100,0.22747993047772938
566,3,10,150,100,0.11935234359120704
567,3,10,150,100,0.3504555352124596
568,3,10,150,100,0.07161318866452264
569,3,10,150,100,0.023835426911994775
570,3,10,150,100,0.0
571,3,10,150,100,0.0512644431393966
572,3,10,150,100,0.30260241349881345
573,3,10,150,100,0.0
574,3,10,150,100,0.02529922263119915
575,3,10,150,100,0.13043262693172047
576,3,10,150,100,0.0
577,3,10,150,100,0.2017286250978881
578,3,10,150,100,0.0
579,3,10,150,100,0.09449582591715744
580,3,10,150,100,0.03144137376097698
581,3,10,150,100,0.03032211530825568
582,3,10,150,100,0.06679511870650716
583,3,10,150,100,0.13912814892946682
584,3,10,150,100,0.20261715588288354
585,3,10,150,100,0.05899797109864319
586,3,10,150,100,0.0663945281096953
587,3,10,150,100,0.029230460362194715
588,3,10,150,100,0.24058372651372978
589,3,10,150,100,0.12860582026553505
590,3,10,150,100,0.19997970715667693
591,3,10,150,100,0.08651464973019597
592,3,10,150,100,0.29503905191023955
593,3,10,150,100,0.14271020042879362
594,3,10,150,100,0.05127363304912773
595,3,10,150,100,0.055965373307784824
596,3,10,150,100,0.15081647728233993
597,3,10,150,100,0.02579743633593384
598,3,10,150,100,0.0
599,3,10,150,100,0.04621780199859461
600,3,10,150,100,0.13574631165894233
601,3,10,150,100,0.14661690295711607
602,3,10,150,100,0.041278922835426404
603,3,10,150,100,0.12541207695631323
604,3,10,150,100,0.02961945586160536
605,3,10,150,100,0.23223671530594325
606,3,10,150,100,0.304110099842874
607,3,10,150,100,0.05651141684745061
608,3,10,150,100,0.21544850404479915
609,3,10,150,100,0.0
610,3,10,150,100,0.12186625680881258
611,3,10,150,100,0.19680646538945382
612,3,10,150,100,0.09162544430476362
613,3,10,150,100,0.1652462050665711
614,3,10,150,100,0.1467868763787456
615,3,10,150,100,0.18894939135123942
616,3,10,150,100,0.030480958763669998
617,3,10,150,100,0.06883908261551583
618,3,10,150,100,0.16709635929773586
619,3,10,150,100,0.16057243876458588
620,3,10,150,100,0.24239278329353608
621,3,10,150,100,0.10569072181389248
622,3,10,150,100,0.16226113935431313
623,3,10,150,100,0.04214302778527282
624,3,10,150,100,0.04298712493603706
625,3,10,150,100,0.07991575154621842
626,3,10,150,100,0.13034538143571256
627,3,10,150,100,0.11471658297235718
628,3,10,150,100,0.09696340382814506
629,3,10,150,100,0.3403623265145004
630,3,10,150,100,0.10834532177911152
631,3,10,150,100,0.13449792459172438
632,3,10,150,100,0.08348454970562778
633,3,10,150,100,0.050456115328747164
634,3,10,150,100,0.13069157529338593
635,3,10,150,100,0.0
636,3,10,150,100,0.4108031518056064
637,3,10,150,100,0.04188454685690797
638,3,10,150,100,0.05152901435389809
639,3,10,150,100,0.01070448204588216
640,3,10,150,100,0.21025189528631963
641,3,10,150,100,0.051358492238643604
642,3,10,150,100,0.2760726805751284
643,3,10,150,100,0.21368826267102806
644,3,10,150,100,0.023868766231572826
645,3,10,150,100,0.20355515928001594
646,3,10,150,100,0.11243817952384734
647,3,10,150,100,0.06590268968688952
648,3,10,150,100,0.2451822306203568
649,3,10,150,100,0.04336490181597879
650,3,10,150,100,0.14689916091821326
651,3,10,150,100,0.0
652,3,10,150,100,0.0
653,3,10,150,100,0.194512025934433
654,3,10,150,100,0.05402442095740813
655,3,10,150,100,0.4309841409100622
656,3,10,150,100,0.0
657,3,10,150,100,0.2817063664415864
658,3,10,150,100,0.09988783377897062
659,3,10,150,100,0.09950788532097599
660,3,10,150,100,0.07551355410697225
661,3,10,150,100,0.28061193542802043
662,3,10,150,100,0.0
663,3,10,150,100,0.13556872143140483
664,3,10,150,100,0.2433808724049065
665,3,10,150,100,0.10278308561567712
666,3,10,150,100,0.0913127875211978
667,3,10,150,100,0.16957773800982062
668,3,10,150,100,0.0
669,3,10,150,100,0.2287469684999221
670,3,10,150,100,0.0271437232396382
671,3,10,150,100,0.22854131648543738
672,3,10,150,100,0.07973520350569015
673,3,10,150,100,0.03236977394070781
674,3,10,150,100,0.0
675,3,10,150,100,0.0640504599396877
676,3,10,150,100,0.22358931366364498
677,3,10,150,100,0.10158983531347915
678,3,10,150,100,0.04266316057115777
679,3,10,150,100,0.20531579536501102
680,3,10,150,100,0.04297920821363365
681,3,10,150,100,0.0
682,3,10,150,100,0.24727614135025006
683,3,10,150,100,0.10991129435376559
684,3,10,150,100,0.03158850394477252
685,3,10,150,100,0.20373936192022438
686,3,10,150,100,0.2987531530167816
687,3,10,150,100,0.0
688,3,10,150,100,0.0
689,3,10,150,100,0.429307082657261
690,3,10,150,100,0.24802939400095458
691,3,10,150,100,0.638147349605226
692,3,10,150,100,0.03353522641880846
693,3,10,150,100,0.04711181933747839
694,3,10,150,100,0.21361709189247302
695,3,10,150,100,0.05816383356143395
696,3,10,150,100,0.08111636357522063
697,3,10,150,100,0.15104304665911064
698,3,10,150,100,0.0
699,3,10,150,100,0.06266837015218314
700,3,10,150,100,0.0
701,3,10,150,100,0.12271508523586225
702,3,10,150,100,0.0
703,3,10,150,100,0.21888235022994418
704,3,10,150,100,0.2606082032551527
705,3,10,150,100,0.3373679784389122
706,3,10,150,100,0.03481402556224447
707,3,10,150,100,0.24315624064535118
708,3,10,150,100,0.03476299583640518
709,3,10,150,100,0.18901415549935088
710,3,10,150,100,0.26751805020186437
711,3,10,150,100,0.19826664760880866
712,3,10,150,100,0.08027536053804027
713,3,10,150,100,0.0
714,3,10,150,100,0.1266607864485773
715,3,10,150,100,0.16860516623933322
716,3,10,150,100,0.2817503951568203
717,3,10,150,100,0.16781772792345637
718,3,10,150,100,0.0
719,3,10,150,100,0.10353175087921149
720,3,10,150,100,0.05925736915373658
721,3,10,150,100,0.17899353480938704
722,3,10,150,100,0.07401896317743158
723,3,10,150,100,0.0
724,3,10,150,100,0.0
725,3,10,150,100,0.04733244938590725
726,3,10,150,100,0.10841847307700177
727,3,10,150,100,0.061455451257634366
728,3,10,150,100,0.0
729,3,10,150,100,0.1312200120995304
730,3,10,150,100,0.0
731,3,10,150,100,0.2497088707512811
732,3,10,150,100,0.05717828980196049
733,3,10,150,100,0.020730875129846955
734,3,10,150,100,0.08131766139183766
735,3,10,150,100,0.12905232756659873
736,3,10,150,100,0.047009109882897075
737,3,10,150,100,0.12127716502890909
738,3,10,150,100,0.09907057054543131
739,3,10,150,100,0.18767092572990207
740,3,10,150,100,0.0523780734795101
741,3,10,150,100,0.09620963094643388
742,3,10,150,100,0.0527075128660253
743,3,10,150,100,0.1194783875505714
744,3,10,150,100,0.0
745,3,10,150,100,0.06774344219296054
746,3,10,150,100,0.24124954544361757
747,3,10,150,100,0.22045888128806954
748,3,10,150,100,0.07392664091860399
749,3,10,150,100,0.2543928065417666
750,3,10,150,100,0.20954227812062592
751,3,10,150,100,0.06407706415564705
752,3,10,150,100,0.08155432360208091
753,3,10,150,100,0.09985462455958868
754,3,10,150,100,0.0
755,3,10,150,100,0.0
756,3,10,150,100,0.044143057780823704
757,3,10,150,100,0.2202402102570972
758,3,10,150,100,0.24575221578165476
759,3,10,150,100,0.04828669550714567
760,3,10,150,100,0.16006374561654185
761,3,10,150,100,0.17663858756688974
762,3,10,150,100,0.0
763,3,10,150,100,0.15021194072867564
764,3,10,150,100,0.04710969775183564
765,3,10,150,100,0.0966785411876802
766,3,10,150,100,0.035191004809260996
767,3,10,150,100,0.1269544353559099
768,3,10,150,100,0.09997171219938322
769,3,10,150,100,0.0
770,3,10,150,100,0.207274302223422
771,3,10,150,100,0.07363642524234874
772,3,10,150,100,0.038996699933076286
773,3,10,150,100,0.15659560794124947
774,3,10,150,100,0.0
775,3,10,150,100,0.0910478037169899
776,3,10,150,100,0.04721006604760436
777,3,10,150,100,0.0
778,3,10,150,100,0.08961728720334347
779,3,10,150,100,0.0
780,3,10,150,100,0.19393055855404154
781,3,10,150,100,0.16573484494600602
782,3,10,150,100,0.043749125222470944
783,3,10,150,100,0.07763399617214947
784,3,10,150,100,0.04582425041433568
785,3,10,150,100,0.2848262604068979
786,3,10,150,100,0.13901223847985233
787,3,10,150,100,0.0
788,3,10,150,100,0.046626370288649896
789,3,10,150,100,0.14531023848228133
790,3,10,150,100,0.08452117092278105
791,3,10,150,100,0.059480024314918285
792,3,10,150,100,0.0946587791577201
793,3,10,150,100,0.11843263243420837
794,3,10,150,100,0.1578863001786244
795,3,10,150,100,0.10325242280712206
796,3,10,150,100,0.12306413786407099
797,3,10,150,100,0.13905617951077562
798,3,10,150,100,0.02688415331260267
799,3,10,150,100,0.2836929289153804
800,3,10,150,100,0.0
801,3,10,150,100,0.0
802,3,10,150,100,0.05621908976192367
803,3,10,150,100,0.0
804,3,10,150,100,0.20994146470018396
805,3,10,150,100,0.15771169694749937
806,3,10,150,100,0.10606704841588428
807,3,10,150,100,0.22931014490903673
808,3,10,150,100,0.09905728133858463
809,3,10,150,100,0.0
810,3,10,150,100,0.07110377625339116
811,3,10,150,100,0.1162989546852336
812,3,10,150,100,0.11600766930798434
813,3,10,150,100,0.06916902856231065
814,3,10,150,100,0.054181637470214
815,3,10,150,100,0.10380674919178415
816,3,10,150,100,0.10105367325027378
817,3,10,150,100,0.0
818,3,10,150,100,0.05187864210776578
819,3,10,150,100,0.0
820,3,10,150,100,0.12262943855309168
821,3,10,150,100,0.18684232150964158
822,3,10,150,100,0.0
823,3,10,150,100,0.14011732711290795
824,3,10,150,100,0.0
825,3,10,150,100,0.16434089815347858
826,3,10,150,100,0.1395338307503347
827,3,10,150,100,0.0
828,3,10,150,100,0.0
829,3,10,150,100,0.08143169212679746
830,3,10,150,100,0.1744107628712425
831,3,10,150,100,0.0800524392169327
832,3,10,150,100,0.06248152673860667
833,3,10,150,100,0.05828935682373833
834,3,10,150,100,0.11748729211308383
835,3,10,150,100,0.131093662595089
836,3,10,150,100,0.05097554749895306
837,3,10,150,100,0.05351287869030783
838,3,10,150,100,0.08633629724227374
839,3,10,150,100,0.0
840,3,10,150,100,0.1518245759629103
841,3,10,150,100,0.0
842,3,10,150,100,0.0
843,3,10,150,100,0.09933094423274486
844,3,10,150,100,0.0
845,3,10,150,100,0.06531065216760332
846,3,10,150,100,0.16592059617503505
847,3,10,150,100,0.0
848,3,10,150,100,0.09796419403030648
849,3,10,150,100,0.15023650744503608
850,3,10,150,100,0.06228974831361337
851,3,10,150,100,0.2277008805972924
852,3,10,150,100,0.07256783117062009
853,3,10,150,100,0.0
854,3,10,150,100,0.0
855,3,10,150,100,0.0
856,3,10,150,100,0.0
857,3,10,150,100,0.0
858,3,10,150,100,0.0
859,3,10,150,100,0.0
860,3,10,150,100,0.0
861,3,10,150,100,0.12754356661958802
862,3,10,150,100,0.2209528150230728
863,3,10,150,100,0.059558281812319085
864,3,10,150,100,0.19756506460263396
865,3,10,150,100,0.0
866,3,10,150,100,0.0
867,3,10,150,100,0.18752183128814004
868,3,10,150,100,0.0
870,3,10,150,100,0.0
871,3,10,150,100,0.0
872,3,10,150,100,0.0
875,3,10,150,100,0.1395953738647505
876,3,10,150,100,0.0
877,3,10,150,100,0.0
1,4,10,150,1,1.0
2,4,10,150,1,0.0
3,4,10,150,1,0.0
4,4,10,150,1,0.0
5,4,10,150,1,0.0
6,4,10,150,1,1.0
7,4,10,150,1,1.0
8,4,10,150,1,0.0
9,4,10,150,1,0.0
10,4,10,150,1,0.0
11,4,10,150,1,1.0
12,4,10,150,1,0.0
13,4,10,150,1,0.0
14,4,10,150,1,0.0
15,4,10,150,1,0.0
16,4,10,150,1,0.0
17,4,10,150,1,0.0
18,4,10,150,1,1.0
19,4,10,150,1,0.0
20,4,10,150,1,0.0
21,4,10,150,1,0.0
22,4,10,150,1,0.0
23,4,10,150,1,0.0
24,4,10,150,1,0.0
25,4,10,150,1,0.0
26,4,10,150,1,0.0
27,4,10,150,1,0.0
28,4,10,150,1,0.0
29,4,10,150,1,0.0
30,4,10,150,1,0.0
31,4,10,150,1,0.0
32,4,10,150,1,0.0
33,4,10,150,1,0.0
35,4,10,150,1,0.0
36,4,10,150,1,0.0
37,4,10,150,1,0.0
38,4,10,150,1,0.0
39,4,10,150,1,0.0
40,4,10,150,1,0.0
41,4,10,150,1,0.0
42,4,10,150,1,0.0
43,4,10,150,1,1.0
44,4,10,150,1,0.0
45,4,10,150,1,0.0
46,4,10,150,1,0.0
47,4,10,150,1,0.0
48,4,10,150,1,0.0
49,4,10,150,1,0.0
50,4,10,150,1,0.0
51,4,10,150,1,0.0
52,4,10,150,1,0.0
54,4,10,150,1,0.0
56,4,10,150,1,0.0
57,4,10,150,1,0.0
58,4,10,150,1,1.0
59,4,10,150,1,0.0
60,4,10,150,1,0.0
61,4,10,150,1,0.0
62,4,10,150,1,0.0
63,4,10,150,1,0.0
64,4,10,150,1,0.0
65,4,10,150,1,0.0
66,4,10,150,1,0.0
67,4,10,150,1,0.0
68,4,10,150,1,1.0
69,4,10,150,1,0.0
70,4,10,150,1,0.0
71,4,10,150,1,0.0
72,4,10,150,1,0.0
73,4,10,150,1,0.0
74,4,10,150,1,0.0
75,4,10,150,1,0.0
76,4,10,150,1,0.0
77,4,10,150,1,0.0
78,4,10,150,1,0.0
79,4,10,150,1,1.0
80,4,10,150,1,0.0
81,4,10,150,1,0.0
82,4,10,150,1,0.0
83,4,10,150,1,0.0
84,4,10,150,1,0.0
85,4,10,150,1,0.0
87,4,10,150,1,0.0
89,4,10,150,1,0.0
90,4,10,150,1,0.0
91,4,10,150,1,0.0
92,4,10,150,1,0.0
93,4,10,150,1,0.0
94,4,10,150,1,0.0
95,4,10,150,1,1.0
96,4,10,150,1,0.0
97,4,10,150,1,0.0
98,4,10,150,1,0.0
99,4,10,150,1,0.0
100,4,10,150,1,0.0
101,4,10,150,1,0.0
102,4,10,150,1,0.0
103,4,10,150,1,0.0
104,4,10,150,1,0.0
105,4,10,150,1,0.0
106,4,10,150,1,0.0
107,4,10,150,1,0.0
108,4,10,150,1,0.0
109,4,10,150,1,0.0
110,4,10,150,1,0.0
111,4,10,150,1,0.0
112,4,10,150,1,0.0
113,4,10,150,1,0.0
114,4,10,150,1,0.0
115,4,10,150,1,0.0
116,4,10,150,1,0.0
117,4,10,150,1,0.0
118,4,10,150,1,0.0
119,4,10,150,1,0.0
120,4,10,150,1,0.0
121,4,10,150,1,0.0
122,4,10,150,1,0.0
123,4,10,150,1,0.0
125,4,10,150,1,0.0
126,4,10,150,1,0.0
127,4,10,150,1,0.0
128,4,10,150,1,0.0
129,4,10,150,1,0.0
130,4,10,150,1,1.0
131,4,10,150,1,0.0
133,4,10,150,1,0.0
134,4,10,150,1,0.0
135,4,10,150,1,0.0
137,4,10,150,1,0.0
138,4,10,150,1,0.0
139,4,10,150,1,0.0
141,4,10,150,1,0.0
142,4,10,150,1,0.0
143,4,10,150,1,0.0
144,4,10,150,1,0.0
145,4,10,150,1,0.0
146,4,10,150,1,0.0
148,4,10,150,1,0.0
149,4,10,150,1,0.0
150,4,10,150,1,0.0
151,4,10,150,1,0.0
152,4,10,150,1,0.0
153,4,10,150,1,0.0
154,4,10,150,1,0.0
155,4,10,150,1,0.0
156,4,10,150,1,0.0
158,4,10,150,1,0.0
159,4,10,150,1,0.0
160,4,10,150,1,0.0
161,4,10,150,1,0.0
162,4,10,150,1,0.0
163,4,10,150,1,0.0
164,4,10,150,1,0.0
165,4,10,150,1,0.0
166,4,10,150,1,0.0
167,4,10,150,1,0.0
168,4,10,150,1,1.0
169,4,10,150,1,0.0
170,4,10,150,1,0.0
171,4,10,150,1,0.0
172,4,10,150,1,0.0
173,4,10,150,1,0.0
174,4,10,150,1,0.0
175,4,10,150,1,0.0
176,4,10,150,1,0.0
177,4,10,150,1,0.0
178,4,10,150,1,1.0
179,4,10,150,1,0.0
180,4,10,150,1,0.0
181,4,10,150,1,0.0
182,4,10,150,1,0.0
183,4,10,150,1,0.0
184,4,10,150,1,0.0
185,4,10,150,1,0.0
186,4,10,150,1,0.0
187,4,10,150,1,0.0
188,4,10,150,1,0.0
189,4,10,150,1,1.0
190,4,10,150,1,0.0
191,4,10,150,1,0.0
192,4,10,150,1,0.0
193,4,10,150,1,0.0
194,4,10,150,1,0.0
195,4,10,150,1,0.0
196,4,10,150,1,0.0
197,4,10,150,1,0.0
198,4,10,150,1,0.0
199,4,10,150,1,0.0
200,4,10,150,1,0.0
201,4,10,150,1,0.0
203,4,10,150,1,0.0
204,4,10,150,1,0.0
205,4,10,150,1,0.0
206,4,10,150,1,0.0
207,4,10,150,1,0.0
209,4,10,150,1,0.0
210,4,10,150,1,0.0
211,4,10,150,1,0.0
212,4,10,150,1,0.0
213,4,10,150,1,0.0
214,4,10,150,1,0.0
215,4,10,150,1,0.0
216,4,10,150,1,0.0
217,4,10,150,1,0.0
218,4,10,150,1,0.0
219,4,10,150,1,0.0
221,4,10,150,1,0.0
222,4,10,150,1,0.0
223,4,10,150,1,0.0
224,4,10,150,1,0.0
225,4,10,150,1,0.0
226,4,10,150,1,0.0
227,4,10,150,1,0.0
228,4,10,150,1,0.0
229,4,10,150,1,0.0
230,4,10,150,1,0.0
231,4,10,150,1,0.0
232,4,10,150,1,1.0
233,4,10,150,1,0.0
234,4,10,150,1,0.0
235,4,10,150,1,0.0
236,4,10,150,1,0.0
237,4,10,150,1,0.0
238,4,10,150,1,0.0
239,4,10,150,1,0.0
240,4,10,150,1,0.0
242,4,10,150,1,0.0
243,4,10,150,1,0.0
244,4,10,150,1,0.0
245,4,10,150,1,0.0
246,4,10,150,1,0.0
247,4,10,150,1,0.0
248,4,10,150,1,0.0
249,4,10,150,1,0.0
250,4,10,150,1,1.0
251,4,10,150,1,0.0
252,4,10,150,1,0.0
253,4,10,150,1,0.0
254,4,10,150,1,0.0
255,4,10,150,1,0.0
256,4,10,150,1,0.0
257,4,10,150,1,0.0
258,4,10,150,1,0.0
259,4,10,150,1,0.0
260,4,10,150,1,0.0
261,4,10,150,1,0.0
262,4,10,150,1,0.0
263,4,10,150,1,0.0
264,4,10,150,1,0.0
265,4,10,150,1,0.0
267,4,10,150,1,0.0
268,4,10,150,1,0.0
269,4,10,150,1,0.0
270,4,10,150,1,0.0
271,4,10,150,1,0.0
272,4,10,150,1,0.0
273,4,10,150,1,0.0
274,4,10,150,1,0.0
275,4,10,150,1,0.0
276,4,10,150,1,1.0
277,4,10,150,1,0.0
279,4,10,150,1,0.0
280,4,10,150,1,0.0
281,4,10,150,1,0.0
283,4,10,150,1,0.0
284,4,10,150,1,0.0
285,4,10,150,1,0.0
286,4,10,150,1,0.0
287,4,10,150,1,0.0
288,4,10,150,1,0.0
289,4,10,150,1,0.0
290,4,10,150,1,0.0
291,4,10,150,1,0.0
292,4,10,150,1,0.0
293,4,10,150,1,0.0
294,4,10,150,1,0.0
295,4,10,150,1,1.0
296,4,10,150,1,1.0
297,4,10,150,1,0.0
298,4,10,150,1,0.0
299,4,10,150,1,0.0
300,4,10,150,1,0.0
301,4,10,150,1,0.0
303,4,10,150,1,0.0
304,4,10,150,1,0.0
305,4,10,150,1,1.0
306,4,10,150,1,0.0
307,4,10,150,1,0.0
308,4,10,150,1,0.0
309,4,10,150,1,0.0
310,4,10,150,1,0.0
311,4,10,150,1,0.0
312,4,10,150,1,0.0
313,4,10,150,1,0.0
314,4,10,150,1,1.0
315,4,10,150,1,0.0
316,4,10,150,1,0.0
317,4,10,150,1,0.0
318,4,10,150,1,0.0
319,4,10,150,1,0.0
320,4,10,150,1,0.0
321,4,10,150,1,0.0
322,4,10,150,1,0.0
323,4,10,150,1,0.0
324,4,10,150,1,0.0
325,4,10,150,1,0.0
326,4,10,150,1,0.0
327,4,10,150,1,0.0
328,4,10,150,1,0.0
329,4,10,150,1,0.0
330,4,10,150,1,0.0
331,4,10,150,1,0.0
332,4,10,150,1,0.0
333,4,10,150,1,0.0
334,4,10,150,1,0.0
336,4,10,150,1,0.0
337,4,10,150,1,0.0
338,4,10,150,1,0.0
339,4,10,150,1,0.0
340,4,10,150,1,0.0
341,4,10,150,1,0.0
342,4,10,150,1,1.0
343,4,10,150,1,1.0
344,4,10,150,1,0.0
345,4,10,150,1,0.0
346,4,10,150,1,0.0
347,4,10,150,1,0.0
348,4,10,150,1,0.0
349,4,10,150,1,0.0
350,4,10,150,1,0.0
351,4,10,150,1,0.0
352,4,10,150,1,0.0
353,4,10,150,1,0.0
354,4,10,150,1,0.0
355,4,10,150,1,0.0
356,4,10,150,1,0.0
357,4,10,150,1,0.0
358,4,10,150,1,0.0
359,4,10,150,1,0.0
360,4,10,150,1,0.0
361,4,10,150,1,0.0
362,4,10,150,1,0.0
363,4,10,150,1,1.0
364,4,10,150,1,0.0
365,4,10,150,1,0.0
366,4,10,150,1,0.0
367,4,10,150,1,0.0
368,4,10,150,1,0.0
369,4,10,150,1,0.0
370,4,10,150,1,0.0
371,4,10,150,1,0.0
372,4,10,150,1,0.0
373,4,10,150,1,0.0
374,4,10,150,1,0.0
375,4,10,150,1,0.0
376,4,10,150,1,0.0
377,4,10,150,1,0.0
378,4,10,150,1,1.0
379,4,10,150,1,0.0
380,4,10,150,1,0.0
381,4,10,150,1,0.0
382,4,10,150,1,0.0
383,4,10,150,1,0.0
384,4,10,150,1,0.0
385,4,10,150,1,0.0
386,4,10,150,1,0.0
387,4,10,150,1,0.0
388,4,10,150,1,0.0
389,4,10,150,1,0.0
390,4,10,150,1,0.0
391,4,10,150,1,0.0
392,4,10,150,1,0.0
393,4,10,150,1,0.0
394,4,10,150,1,0.0
395,4,10,150,1,0.0
396,4,10,150,1,0.0
397,4,10,150,1,1.0
398,4,10,150,1,0.0
399,4,10,150,1,0.0
400,4,10,150,1,0.0
401,4,10,150,1,0.0
402,4,10,150,1,0.0
403,4,10,150,1,0.0
404,4,10,150,1,0.0
405,4,10,150,1,0.0
406,4,10,150,1,0.0
407,4,10,150,1,0.0
408,4,10,150,1,0.0
409,4,10,150,1,0.0
410,4,10,150,1,0.0
411,4,10,150,1,0.0
412,4,10,150,1,0.0
413,4,10,150,1,0.0
414,4,10,150,1,0.0
415,4,10,150,1,0.0
416,4,10,150,1,1.0
417,4,10,150,1,0.0
418,4,10,150,1,0.0
419,4,10,150,1,0.0
420,4,10,150,1,0.0
421,4,10,150,1,0.0
422,4,10,150,1,0.0
423,4,10,150,1,0.0
424,4,10,150,1,1.0
425,4,10,150,1,1.0
426,4,10,150,1,0.0
427,4,10,150,1,0.0
428,4,10,150,1,0.0
429,4,10,150,1,1.0
430,4,10,150,1,0.0
431,4,10,150,1,0.0
432,4,10,150,1,0.0
433,4,10,150,1,0.0
434,4,10,150,1,0.0
435,4,10,150,1,0.0
436,4,10,150,1,0.0
437,4,10,150,1,0.0
438,4,10,150,1,0.0
439,4,10,150,1,0.0
440,4,10,150,1,0.0
441,4,10,150,1,0.0
442,4,10,150,1,0.0
443,4,10,150,1,0.0
444,4,10,150,1,0.0
445,4,10,150,1,0.0
446,4,10,150,1,0.0
447,4,10,150,1,1.0
448,4,10,150,1,0.0
449,4,10,150,1,0.0
450,4,10,150,1,0.0
451,4,10,150,1,0.0
452,4,10,150,1,0.0
453,4,10,150,1,0.0
454,4,10,150,1,0.0
455,4,10,150,1,0.0
456,4,10,150,1,0.0
457,4,10,150,1,1.0
458,4,10,150,1,0.0
459,4,10,150,1,0.0
460,4,10,150,1,0.0
461,4,10,150,1,0.0
462,4,10,150,1,0.0
463,4,10,150,1,1.0
464,4,10,150,1,0.0
465,4,10,150,1,0.0
466,4,10,150,1,0.0
467,4,10,150,1,0.0
468,4,10,150,1,0.0
469,4,10,150,1,0.0
470,4,10,150,1,0.0
471,4,10,150,1,0.0
472,4,10,150,1,0.0
473,4,10,150,1,0.0
474,4,10,150,1,0.0
475,4,10,150,1,0.0
476,4,10,150,1,0.0
477,4,10,150,1,0.0
478,4,10,150,1,0.0
479,4,10,150,1,0.0
480,4,10,150,1,0.0
481,4,10,150,1,0.0
482,4,10,150,1,0.0
483,4,10,150,1,0.0
484,4,10,150,1,0.0
485,4,10,150,1,0.0
486,4,10,150,1,0.0
487,4,10,150,1,0.0
488,4,10,150,1,0.0
489,4,10,150,1,0.0
490,4,10,150,1,0.0
491,4,10,150,1,0.0
492,4,10,150,1,0.0
493,4,10,150,1,0.0
494,4,10,150,1,0.0
495,4,10,150,1,0.0
496,4,10,150,1,0.0
497,4,10,150,1,0.0
498,4,10,150,1,0.0
499,4,10,150,1,0.0
500,4,10,150,1,0.0
501,4,10,150,1,0.0
502,4,10,150,1,0.0
503,4,10,150,1,0.0
504,4,10,150,1,0.0
505,4,10,150,1,0.0
506,4,10,150,1,0.0
507,4,10,150,1,0.0
508,4,10,150,1,0.0
509,4,10,150,1,0.0
510,4,10,150,1,0.0
511,4,10,150,1,0.0
512,4,10,150,1,0.0
513,4,10,150,1,0.0
514,4,10,150,1,0.0
515,4,10,150,1,0.0
516,4,10,150,1,0.0
517,4,10,150,1,0.0
518,4,10,150,1,0.0
519,4,10,150,1,0.0
520,4,10,150,1,0.0
521,4,10,150,1,0.0
522,4,10,150,1,0.0
523,4,10,150,1,0.0
524,4,10,150,1,1.0
525,4,10,150,1,0.0
526,4,10,150,1,0.0
527,4,10,150,1,0.0
528,4,10,150,1,0.0
529,4,10,150,1,0.0
530,4,10,150,1,0.0
531,4,10,150,1,0.0
532,4,10,150,1,1.0
533,4,10,150,1,0.0
534,4,10,150,1,0.0
535,4,10,150,1,0.0
536,4,10,150,1,0.0
537,4,10,150,1,0.0
538,4,10,150,1,0.0
539,4,10,150,1,0.0
540,4,10,150,1,0.0
541,4,10,150,1,0.0
542,4,10,150,1,0.0
543,4,10,150,1,0.0
544,4,10,150,1,0.0
545,4,10,150,1,0.0
546,4,10,150,1,0.0
547,4,10,150,1,0.0
548,4,10,150,1,0.0
549,4,10,150,1,0.0
550,4,10,150,1,0.0
551,4,10,150,1,0.0
552,4,10,150,1,0.0
553,4,10,150,1,0.0
554,4,10,150,1,1.0
555,4,10,150,1,0.0
556,4,10,150,1,0.0
557,4,10,150,1,0.0
558,4,10,150,1,0.0
559,4,10,150,1,0.0
560,4,10,150,1,0.0
561,4,10,150,1,0.0
562,4,10,150,1,0.0
563,4,10,150,1,0.0
564,4,10,150,1,0.0
565,4,10,150,1,0.0
566,4,10,150,1,0.0
567,4,10,150,1,0.0
568,4,10,150,1,0.0
569,4,10,150,1,0.0
570,4,10,150,1,0.0
571,4,10,150,1,0.0
572,4,10,150,1,0.0
573,4,10,150,1,0.0
574,4,10,150,1,0.0
575,4,10,150,1,0.0
576,4,10,150,1,0.0
577,4,10,150,1,0.0
578,4,10,150,1,0.0
579,4,10,150,1,0.0
580,4,10,150,1,0.0
581,4,10,150,1,0.0
582,4,10,150,1,0.0
583,4,10,150,1,0.0
584,4,10,150,1,0.0
585,4,10,150,1,0.0
586,4,10,150,1,0.0
587,4,10,150,1,0.0
588,4,10,150,1,1.0
589,4,10,150,1,0.0
590,4,10,150,1,0.0
591,4,10,150,1,0.0
592,4,10,150,1,1.0
593,4,10,150,1,0.0
594,4,10,150,1,0.0
595,4,10,150,1,0.0
596,4,10,150,1,0.0
597,4,10,150,1,1.0
598,4,10,150,1,0.0
599,4,10,150,1,0.0
600,4,10,150,1,0.0
601,4,10,150,1,0.0
602,4,10,150,1,0.0
603,4,10,150,1,0.0
604,4,10,150,1,0.0
605,4,10,150,1,1.0
606,4,10,150,1,0.0
607,4,10,150,1,0.0
608,4,10,150,1,0.0
609,4,10,150,1,0.0
610,4,10,150,1,1.0
611,4,10,150,1,0.0
612,4,10,150,1,0.0
613,4,10,150,1,0.0
614,4,10,150,1,0.0
615,4,10,150,1,0.0
616,4,10,150,1,0.0
617,4,10,150,1,0.0
618,4,10,150,1,0.0
619,4,10,150,1,0.0
620,4,10,150,1,0.0
621,4,10,150,1,0.0
622,4,10,150,1,0.0
623,4,10,150,1,0.0
624,4,10,150,1,0.0
625,4,10,150,1,0.0
626,4,10,150,1,0.0
627,4,10,150,1,0.0
628,4,10,150,1,0.0
629,4,10,150,1,0.0
630,4,10,150,1,1.0
631,4,10,150,1,0.0
632,4,10,150,1,0.0
633,4,10,150,1,0.0
634,4,10,150,1,0.0
635,4,10,150,1,0.0
636,4,10,150,1,0.0
637,4,10,150,1,0.0
638,4,10,150,1,0.0
639,4,10,150,1,0.0
640,4,10,150,1,0.0
641,4,10,150,1,0.0
642,4,10,150,1,0.0
643,4,10,150,1,0.0
644,4,10,150,1,0.0
645,4,10,150,1,0.0
646,4,10,150,1,0.0
647,4,10,150,1,0.0
648,4,10,150,1,0.0
649,4,10,150,1,0.0
650,4,10,150,1,0.0
651,4,10,150,1,0.0
652,4,10,150,1,0.0
653,4,10,150,1,0.0
654,4,10,150,1,1.0
655,4,10,150,1,0.0
656,4,10,150,1,0.0
657,4,10,150,1,0.0
658,4,10,150,1,1.0
659,4,10,150,1,0.0
660,4,10,150,1,0.0
661,4,10,150,1,0.0
662,4,10,150,1,0.0
663,4,10,150,1,1.0
664,4,10,150,1,0.0
665,4,10,150,1,0.0
666,4,10,150,1,1.0
667,4,10,150,1,0.0
668,4,10,150,1,0.0
669,4,10,150,1,0.0
670,4,10,150,1,0.0
671,4,10,150,1,0.0
672,4,10,150,1,0.0
673,4,10,150,1,0.0
674,4,10,150,1,0.0
675,4,10,150,1,0.0
676,4,10,150,1,0.0
677,4,10,150,1,0.0
678,4,10,150,1,0.0
679,4,10,150,1,0.0
680,4,10,150,1,0.0
681,4,10,150,1,0.0
682,4,10,150,1,1.0
683,4,10,150,1,0.0
684,4,10,150,1,0.0
685,4,10,150,1,0.0
686,4,10,150,1,0.0
687,4,10,150,1,0.0
688,4,10,150,1,0.0
689,4,10,150,1,0.0
690,4,10,150,1,0.0
691,4,10,150,1,0.0
692,4,10,150,1,0.0
693,4,10,150,1,0.0
694,4,10,150,1,0.0
695,4,10,150,1,0.0
696,4,10,150,1,0.0
697,4,10,150,1,0.0
698,4,10,150,1,0.0
699,4,10,150,1,0.0
700,4,10,150,1,0.0
701,4,10,150,1,0.0
702,4,10,150,1,0.0
703,4,10,150,1,0.0
704,4,10,150,1,0.0
705,4,10,150,1,0.0
706,4,10,150,1,0.0
707,4,10,150,1,0.0
708,4,10,150,1,0.0
709,4,10,150,1,0.0
710,4,10,150,1,0.0
711,4,10,150,1,0.0
712,4,10,150,1,0.0
713,4,10,150,1,0.0
714,4,10,150,1,0.0
715,4,10,150,1,0.0
716,4,10,150,1,0.0
717,4,10,150,1,0.0
718,4,10,150,1,0.0
719,4,10,150,1,0.0
720,4,10,150,1,0.0
721,4,10,150,1,0.0
722,4,10,150,1,0.0
723,4,10,150,1,0.0
724,4,10,150,1,0.0
725,4,10,150,1,0.0
726,4,10,150,1,0.0
727,4,10,150,1,0.0
728,4,10,150,1,0.0
729,4,10,150,1,0.0
730,4,10,150,1,0.0
731,4,10,150,1,0.0
732,4,10,150,1,0.0
733,4,10,150,1,0.0
734,4,10,150,1,0.0
735,4,10,150,1,0.0
736,4,10,150,1,0.0
737,4,10,150,1,0.0
738,4,10,150,1,0.0
739,4,10,150,1,0.0
740,4,10,150,1,0.0
741,4,10,150,1,0.0
742,4,10,150,1,0.0
743,4,10,150,1,0.0
744,4,10,150,1,0.0
745,4,10,150,1,0.0
746,4,10,150,1,1.0
747,4,10,150,1,1.0
748,4,10,150,1,0.0
749,4,10,150,1,0.0
750,4,10,150,1,0.0
751,4,10,150,1,0.0
752,4,10,150,1,0.0
753,4,10,150,1,0.0
754,4,10,150,1,0.0
755,4,10,150,1,0.0
756,4,10,150,1,0.0
757,4,10,150,1,0.0
758,4,10,150,1,1.0
759,4,10,150,1,0.0
760,4,10,150,1,0.0
761,4,10,150,1,0.0
762,4,10,150,1,0.0
763,4,10,150,1,0.0
764,4,10,150,1,0.0
765,4,10,150,1,0.0
766,4,10,150,1,0.0
767,4,10,150,1,0.0
768,4,10,150,1,0.0
769,4,10,150,1,0.0
770,4,10,150,1,0.0
771,4,10,150,1,1.0
772,4,10,150,1,0.0
773,4,10,150,1,0.0
774,4,10,150,1,0.0
775,4,10,150,1,0.0
776,4,10,150,1,0.0
777,4,10,150,1,0.0
778,4,10,150,1,0.0
779,4,10,150,1,0.0
780,4,10,150,1,0.0
781,4,10,150,1,0.0
782,4,10,150,1,0.0
783,4,10,150,1,0.0
784,4,10,150,1,0.0
785,4,10,150,1,0.0
786,4,10,150,1,0.0
787,4,10,150,1,0.0
788,4,10,150,1,1.0
789,4,10,150,1,0.0
790,4,10,150,1,0.0
791,4,10,150,1,0.0
792,4,10,150,1,0.0
793,4,10,150,1,0.0
794,4,10,150,1,0.0
795,4,10,150,1,0.0
796,4,10,150,1,1.0
797,4,10,150,1,0.0
798,4,10,150,1,0.0
799,4,10,150,1,0.0
800,4,10,150,1,0.0
801,4,10,150,1,0.0
802,4,10,150,1,0.0
803,4,10,150,1,0.0
804,4,10,150,1,0.0
805,4,10,150,1,0.0
806,4,10,150,1,1.0
807,4,10,150,1,0.0
808,4,10,150,1,0.0
809,4,10,150,1,0.0
810,4,10,150,1,0.0
811,4,10,150,1,0.0
812,4,10,150,1,0.0
813,4,10,150,1,0.0
814,4,10,150,1,0.0
815,4,10,150,1,0.0
816,4,10,150,1,0.0
817,4,10,150,1,0.0
818,4,10,150,1,0.0
819,4,10,150,1,0.0
820,4,10,150,1,0.0
821,4,10,150,1,1.0
822,4,10,150,1,0.0
823,4,10,150,1,0.0
824,4,10,150,1,0.0
825,4,10,150,1,0.0
826,4,10,150,1,1.0
827,4,10,150,1,0.0
828,4,10,150,1,0.0
829,4,10,150,1,0.0
830,4,10,150,1,0.0
831,4,10,150,1,1.0
832,4,10,150,1,0.0
833,4,10,150,1,0.0
834,4,10,150,1,1.0
835,4,10,150,1,0.0
836,4,10,150,1,0.0
837,4,10,150,1,0.0
838,4,10,150,1,1.0
839,4,10,150,1,0.0
840,4,10,150,1,1.0
841,4,10,150,1,0.0
842,4,10,150,1,0.0
843,4,10,150,1,0.0
844,4,10,150,1,0.0
845,4,10,150,1,0.0
846,4,10,150,1,1.0
847,4,10,150,1,0.0
848,4,10,150,1,0.0
849,4,10,150,1,0.0
850,4,10,150,1,0.0
851,4,10,150,1,0.0
852,4,10,150,1,1.0
853,4,10,150,1,0.0
854,4,10,150,1,0.0
855,4,10,150,1,0.0
856,4,10,150,1,0.0
857,4,10,150,1,0.0
858,4,10,150,1,0.0
859,4,10,150,1,0.0
860,4,10,150,1,0.0
861,4,10,150,1,0.0
862,4,10,150,1,0.0
863,4,10,150,1,0.0
864,4,10,150,1,1.0
865,4,10,150,1,0.0
866,4,10,150,1,0.0
867,4,10,150,1,0.0
868,4,10,150,1,0.0
869,4,10,150,1,0.0
870,4,10,150,1,1.0
871,4,10,150,1,0.0
872,4,10,150,1,0.0
873,4,10,150,1,0.0
874,4,10,150,1,0.0
875,4,10,150,1,0.0
876,4,10,150,1,0.0
877,4,10,150,1,0.0
878,4,10,150,1,1.0
879,4,10,150,1,0.0
880,4,10,150,1,1.0
881,4,10,150,1,0.0
882,4,10,150,1,1.0
883,4,10,150,1,1.0
884,4,10,150,1,0.0
885,4,10,150,1,0.0
886,4,10,150,1,0.0
887,4,10,150,1,0.0
888,4,10,150,1,0.0
889,4,10,150,1,0.0
890,4,10,150,1,0.0
891,4,10,150,1,0.0
892,4,10,150,1,0.0
893,4,10,150,1,0.0
894,4,10,150,1,0.0
895,4,10,150,1,0.0
896,4,10,150,1,1.0
897,4,10,150,1,1.0
898,4,10,150,1,0.0
899,4,10,150,1,0.0
900,4,10,150,1,0.0
901,4,10,150,1,0.0
902,4,10,150,1,0.0
903,4,10,150,1,0.0
904,4,10,150,1,0.0
905,4,10,150,1,0.0
906,4,10,150,1,0.0
907,4,10,150,1,0.0
908,4,10,150,1,0.0
909,4,10,150,1,0.0
910,4,10,150,1,0.0
911,4,10,150,1,0.0
912,4,10,150,1,0.0
913,4,10,150,1,0.0
914,4,10,150,1,0.0
915,4,10,150,1,0.0
916,4,10,150,1,1.0
917,4,10,150,1,0.0
918,4,10,150,1,0.0
919,4,10,150,1,0.0
920,4,10,150,1,0.0
921,4,10,150,1,0.0
922,4,10,150,1,0.0
923,4,10,150,1,0.0
924,4,10,150,1,0.0
925,4,10,150,1,0.0
926,4,10,150,1,0.0
927,4,10,150,1,0.0
928,4,10,150,1,0.0
929,4,10,150,1,0.0
930,4,10,150,1,0.0
931,4,10,150,1,0.0
932,4,10,150,1,0.0
933,4,10,150,1,0.0
934,4,10,150,1,0.0
935,4,10,150,1,0.0
936,4,10,150,1,1.0
937,4,10,150,1,0.0
938,4,10,150,1,0.0
939,4,10,150,1,0.0
940,4,10,150,1,0.0
941,4,10,150,1,0.0
942,4,10,150,1,0.0
943,4,10,150,1,0.0
1,4,10,150,2,1.0
2,4,10,150,2,0.0
3,4,10,150,2,0.0
4,4,10,150,2,0.0
5,4,10,150,2,0.0
6,4,10,150,2,0.6131471927654584
7,4,10,150,2,1.0
8,4,10,150,2,0.0
9,4,10,150,2,0.0
10,4,10,150,2,0.0
11,4,10,150,2,0.6131471927654584
12,4,10,150,2,0.0
13,4,10,150,2,0.0
14,4,10,150,2,0.0
15,4,10,150,2,0.0
16,4,10,150,2,0.0
17,4,10,150,2,0.0
18,4,10,150,2,0.6131471927654584
19,4,10,150,2,0.0
20,4,10,150,2,0.0
21,4,10,150,2,0.0
22,4,10,150,2,0.0
23,4,10,150,2,0.0
24,4,10,150,2,0.0
25,4,10,150,2,0.0
26,4,10,150,2,0.0
27,4,10,150,2,0.0
28,4,10,150,2,0.0
29,4,10,150,2,0.0
30,4,10,150,2,0.0
31,4,10,150,2,0.0
32,4,10,150,2,0.0
33,4,10,150,2,0.0
35,4,10,150,2,0.0
36,4,10,150,2,0.0
37,4,10,150,2,0.0
38,4,10,150,2,0.0
39,4,10,150,2,0.0
40,4,10,150,2,0.0
41,4,10,150,2,0.0
42,4,10,150,2,0.0
43,4,10,150,2,0.6131471927654584
44,4,10,150,2,0.0
45,4,10,150,2,0.0
46,4,10,150,2,0.0
47,4,10,150,2,0.0
48,4,10,150,2,0.0
49,4,10,150,2,0.0
50,4,10,150,2,0.0
51,4,10,150,2,0.0
52,4,10,150,2,0.0
54,4,10,150,2,0.0
56,4,10,150,2,0.0
57,4,10,150,2,0.38685280723454163
58,4,10,150,2,0.6131471927654584
59,4,10,150,2,0.0
60,4,10,150,2,0.0
61,4,10,150,2,0.0
62,4,10,150,2,0.0
63,4,10,150,2,0.0
64,4,10,150,2,0.0
65,4,10,150,2,0.0
66,4,10,150,2,0.0
67,4,10,150,2,0.0
68,4,10,150,2,0.6131471927654584
69,4,10,150,2,0.0
70,4,10,150,2,0.0
71,4,10,150,2,0.0
72,4,10,150,2,0.0
73,4,10,150,2,0.0
74,4,10,150,2,0.0
75,4,10,150,2,0.0
76,4,10,150,2,0.0
77,4,10,150,2,0.0
78,4,10,150,2,0.0
79,4,10,150,2,0.6131471927654584
80,4,10,150,2,0.0
81,4,10,150,2,0.0
82,4,10,150,2,0.0
83,4,10,150,2,0.0
84,4,10,150,2,0.0
85,4,10,150,2,0.0
87,4,10,150,2,0.0
89,4,10,150,2,0.0
90,4,10,150,2,0.0
91,4,10,150,2,0.0
92,4,10,150,2,0.0
93,4,10,150,2,0.0
94,4,10,150,2,0.0
95,4,10,150,2,0.6131471927654584
96,4,10,150,2,0.0
97,4,10,150,2,0.0
98,4,10,150,2,0.0
99,4,10,150,2,0.0
100,4,10,150,2,0.0
101,4,10,150,2,0.0
102,4,10,150,2,0.0
103,4,10,150,2,0.0
104,4,10,150,2,0.0
105,4,10,150,2,0.0
106,4,10,150,2,0.0
107,4,10,150,2,0.0
108,4,10,150,2,0.0
109,4,10,150,2,0.0
110,4,10,150,2,0.0
111,4,10,150,2,0.0
112,4,10,150,2,0.0
113,4,10,150,2,0.0
114,4,10,150,2,0.0
115,4,10,150,2,0.0
116,4,10,150,2,0.0
117,4,10,150,2,0.0
118,4,10,150,2,0.0
119,4,10,150,2,0.0
120,4,10,150,2,0.0
121,4,10,150,2,0.0
122,4,10,150,2,0.0
123,4,10,150,2,0.0
125,4,10,150,2,0.0
126,4,10,150,2,0.0
127,4,10,150,2,0.0
128,4,10,150,2,0.0
129,4,10,150,2,0.0
130,4,10,150,2,0.6131471927654584
131,4,10,150,2,0.0
133,4,10,150,2,0.0
134,4,10,150,2,0.0
135,4,10,150,2,0.0
137,4,10,150,2,0.0
138,4,10,150,2,0.0
139,4,10,150,2,0.0
141,4,10,150,2,0.0
142,4,10,150,2,0.0
143,4,10,150,2,0.0
144,4,10,150,2,0.0
145,4,10,150,2,0.0
146,4,10,150,2,0.0
148,4,10,150,2,0.0
149,4,10,150,2,0.0
150,4,10,150,2,0.0
151,4,10,150,2,0.0
152,4,10,150,2,0.0
153,4,10,150,2,0.0
154,4,10,150,2,0.0
155,4,10,150,2,0.0
156,4,10,150,2,0.0
158,4,10,150,2,0.0
159,4,10,150,2,0.0
160,4,10,150,2,0.0
161,4,10,150,2,0.0
162,4,10,150,2,0.0
163,4,10,150,2,0.0
164,4,10,150,2,0.0
165,4,10,150,2,0.0
166,4,10,150,2,0.0
167,4,10,150,2,0.0
168,4,10,150,2,0.6131471927654584
169,4,10,150,2,0.0
170,4,10,150,2,0.0
171,4,10,150,2,0.0
172,4,10,150,2,0.0
173,4,10,150,2,0.0
174,4,10,150,2,0.0
175,4,10,150,2,0.0
176,4,10,150,2,0.0
177,4,10,150,2,0.0
178,4,10,150,2,0.6131471927654584
179,4,10,150,2,0.0
180,4,10,150,2,0.0
181,4,10,150,2,0.0
182,4,10,150,2,0.0
183,4,10,150,2,0.0
184,4,10,150,2,0.0
185,4,10,150,2,0.0
186,4,10,150,2,0.38685280723454163
187,4,10,150,2,0.0
188,4,10,150,2,0.0
189,4,10,150,2,0.6131471927654584
190,4,10,150,2,0.0
191,4,10,150,2,0.0
192,4,10,150,2,0.0
193,4,10,150,2,0.0
194,4,10,150,2,0.0
195,4,10,150,2,0.0
196,4,10,150,2,0.0
197,4,10,150,2,0.0
198,4,10,150,2,0.0
199,4,10,150,2,0.0
200,4,10,150,2,0.0
201,4,10,150,2,0.0
203,4,10,150,2,0.0
204,4,10,150,2,0.0
205,4,10,150,2,0.0
206,4,10,150,2,0.0
207,4,10,150,2,0.0
209,4,10,150,2,0.0
210,4,10,150,2,0.0
211,4,10,150,2,0.0
212,4,10,150,2,0.0
213,4,10,150,2,0.0
214,4,10,150,2,0.0
215,4,10,150,2,0.0
216,4,10,150,2,0.0
217,4,10,150,2,0.0
218,4,10,150,2,0.38685280723454163
219,4,10,150,2,0.0
221,4,10,150,2,0.38685280723454163
222,4,10,150,2,0.0
223,4,10,150,2,0.0
224,4,10,150,2,0.0
225,4,10,150,2,0.0
226,4,10,150,2,0.0
227,4,10,150,2,0.0
228,4,10,150,2,0.0
229,4,10,150,2,0.0
230,4,10,150,2,0.0
231,4,10,150,2,0.0
232,4,10,150,2,0.6131471927654584
233,4,10,150,2,0.0
234,4,10,150,2,0.0
235,4,10,150,2,0.0
236,4,10,150,2,0.0
237,4,10,150,2,0.0
238,4,10,150,2,0.0
239,4,10,150,2,0.0
240,4,10,150,2,0.0
242,4,10,150,2,0.0
243,4,10,150,2,0.0
244,4,10,150,2,0.0
245,4,10,150,2,0.0
246,4,10,150,2,0.0
247,4,10,150,2,0.0
248,4,10,150,2,0.0
249,4,10,150,2,0.0
250,4,10,150,2,0.6131471927654584
251,4,10,150,2,0.0
252,4,10,150,2,0.0
253,4,10,150,2,0.0
254,4,10,150,2,0.0
255,4,10,150,2,0.0
256,4,10,150,2,0.38685280723454163
257,4,10,150,2,0.0
258,4,10,150,2,0.0
259,4,10,150,2,0.0
260,4,10,150,2,0.0
261,4,10,150,2,0.0
262,4,10,150,2,0.0
263,4,10,150,2,0.0
264,4,10,150,2,0.0
265,4,10,150,2,0.0
267,4,10,150,2,0.0
268,4,10,150,2,0.0
269,4,10,150,2,0.0
270,4,10,150,2,0.0
271,4,10,150,2,0.0
272,4,10,150,2,0.0
273,4,10,150,2,0.0
274,4,10,150,2,0.0
275,4,10,150,2,0.0
276,4,10,150,2,0.6131471927654584
277,4,10,150,2,0.0
279,4,10,150,2,0.0
280,4,10,150,2,0.0
281,4,10,150,2,0.0
283,4,10,150,2,0.0
284,4,10,150,2,0.0
285,4,10,150,2,0.0
286,4,10,150,2,0.38685280723454163
287,4,10,150,2,0.0
288,4,10,150,2,0.0
289,4,10,150,2,0.0
290,4,10,150,2,0.0
291,4,10,150,2,0.0
292,4,10,150,2,0.0
293,4,10,150,2,0.38685280723454163
294,4,10,150,2,0.0
295,4,10,150,2,0.6131471927654584
296,4,10,150,2,0.6131471927654584
297,4,10,150,2,0.0
298,4,10,150,2,0.0
299,4,10,150,2,0.0
300,4,10,150,2,0.0
301,4,10,150,2,0.0
303,4,10,150,2,0.0
304,4,10,150,2,0.0
305,4,10,150,2,0.6131471927654584
306,4,10,150,2,0.0
307,4,10,150,2,0.0
308,4,10,150,2,0.0
309,4,10,150,2,0.0
310,4,10,150,2,0.0
311,4,10,150,2,0.0
312,4,10,150,2,0.0
313,4,10,150,2,0.0
314,4,10,150,2,0.6131471927654584
315,4,10,150,2,0.0
316,4,10,150,2,0.0
317,4,10,150,2,0.0
318,4,10,150,2,0.0
319,4,10,150,2,0.0
320,4,10,150,2,0.0
321,4,10,150,2,0.0
322,4,10,150,2,0.38685280723454163
323,4,10,150,2,0.0
324,4,10,150,2,0.0
325,4,10,150,2,0.0
326,4,10,150,2,0.0
327,4,10,150,2,0.0
328,4,10,150,2,0.0
329,4,10,150,2,0.0
330,4,10,150,2,0.0
331,4,10,150,2,0.0
332,4,10,150,2,0.0
333,4,10,150,2,0.0
334,4,10,150,2,0.0
336,4,10,150,2,0.0
337,4,10,150,2,0.0
338,4,10,150,2,0.0
339,4,10,150,2,0.0
340,4,10,150,2,0.0
341,4,10,150,2,0.0
342,4,10,150,2,0.6131471927654584
343,4,10,150,2,0.6131471927654584
344,4,10,150,2,0.0
345,4,10,150,2,0.0
346,4,10,150,2,0.0
347,4,10,150,2,0.0
348,4,10,150,2,0.0
349,4,10,150,2,0.0
350,4,10,150,2,0.0
351,4,10,150,2,0.0
352,4,10,150,2,0.0
353,4,10,150,2,0.0
354,4,10,150,2,0.0
355,4,10,150,2,0.0
356,4,10,150,2,0.0
357,4,10,150,2,0.0
358,4,10,150,2,0.0
359,4,10,150,2,0.0
360,4,10,150,2,0.0
361,4,10,150,2,0.0
362,4,10,150,2,0.0
363,4,10,150,2,0.6131471927654584
364,4,10,150,2,0.0
365,4,10,150,2,0.0
366,4,10,150,2,0.0
367,4,10,150,2,0.0
368,4,10,150,2,0.0
369,4,10,150,2,0.0
370,4,10,150,2,0.0
371,4,10,150,2,0.0
372,4,10,150,2,0.0
373,4,10,150,2,0.0
374,4,10,150,2,0.0
375,4,10,150,2,0.0
376,4,10,150,2,0.0
377,4,10,150,2,0.0
378,4,10,150,2,0.6131471927654584
379,4,10,150,2,0.0
380,4,10,150,2,0.0
381,4,10,150,2,0.0
382,4,10,150,2,0.0
383,4,10,150,2,0.0
384,4,10,150,2,0.0
385,4,10,150,2,0.0
386,4,10,150,2,0.0
387,4,10,150,2,0.0
388,4,10,150,2,0.0
389,4,10,150,2,0.0
390,4,10,150,2,0.0
391,4,10,150,2,0.0
392,4,10,150,2,0.0
393,4,10,150,2,0.0
394,4,10,150,2,0.0
395,4,10,150,2,0.0
396,4,10,150,2,0.0
397,4,10,150,2,0.6131471927654584
398,4,10,150,2,0.0
399,4,10,150,2,0.0
400,4,10,150,2,0.0
401,4,10,150,2,0.0
402,4,10,150,2,0.0
403,4,10,150,2,0.0
404,4,10,150,2,0.0
405,4,10,150,2,0.38685280723454163
406,4,10,150,2,0.0
407,4,10,150,2,0.0
408,4,10,150,2,0.0
409,4,10,150,2,0.0
410,4,10,150,2,0.0
411,4,10,150,2,0.0
412,4,10,150,2,0.0
413,4,10,150,2,0.0
414,4,10,150,2,0.0
415,4,10,150,2,0.0
416,4,10,150,2,0.6131471927654584
417,4,10,150,2,0.0
418,4,10,150,2,0.0
419,4,10,150,2,0.0
420,4,10,150,2,0.0
421,4,10,150,2,0.0
422,4,10,150,2,0.0
423,4,10,150,2,0.0
424,4,10,150,2,0.6131471927654584
425,4,10,150,2,0.6131471927654584
426,4,10,150,2,0.0
427,4,10,150,2,0.0
428,4,10,150,2,0.0
429,4,10,150,2,1.0
430,4,10,150,2,0.0
431,4,10,150,2,0.0
432,4,10,150,2,0.0
433,4,10,150,2,0.0
434,4,10,150,2,0.0
435,4,10,150,2,0.0
436,4,10,150,2,0.0
437,4,10,150,2,0.0
438,4,10,150,2,0.0
439,4,10,150,2,0.0
440,4,10,150,2,0.0
441,4,10,150,2,0.0
442,4,10,150,2,0.0
443,4,10,150,2,0.0
444,4,10,150,2,0.0
445,4,10,150,2,0.0
446,4,10,150,2,0.0
447,4,10,150,2,0.6131471927654584
448,4,10,150,2,0.0
449,4,10,150,2,0.0
450,4,10,150,2,0.0
451,4,10,150,2,0.0
452,4,10,150,2,0.0
453,4,10,150,2,0.0
454,4,10,150,2,0.0
455,4,10,150,2,0.38685280723454163
456,4,10,150,2,0.0
457,4,10,150,2,0.6131471927654584
458,4,10,150,2,0.0
459,4,10,150,2,0.0
460,4,10,150,2,0.0
461,4,10,150,2,0.0
462,4,10,150,2,0.0
463,4,10,150,2,0.6131471927654584
464,4,10,150,2,0.0
465,4,10,150,2,0.0
466,4,10,150,2,0.0
467,4,10,150,2,0.0
468,4,10,150,2,0.0
469,4,10,150,2,0.0
470,4,10,150,2,0.0
471,4,10,150,2,0.0
472,4,10,150,2,0.0
473,4,10,150,2,0.0
474,4,10,150,2,0.0
475,4,10,150,2,0.0
476,4,10,150,2,0.0
477,4,10,150,2,0.0
478,4,10,150,2,0.38685280723454163
479,4,10,150,2,0.0
480,4,10,150,2,0.0
481,4,10,150,2,0.0
482,4,10,150,2,0.0
483,4,10,150,2,0.0
484,4,10,150,2,0.0
485,4,10,150,2,0.0
486,4,10,150,2,0.0
487,4,10,150,2,0.0
488,4,10,150,2,0.0
489,4,10,150,2,0.0
490,4,10,150,2,0.0
491,4,10,150,2,0.0
492,4,10,150,2,0.0
493,4,10,150,2,0.0
494,4,10,150,2,0.0
495,4,10,150,2,0.0
496,4,10,150,2,0.0
497,4,10,150,2,0.0
498,4,10,150,2,0.0
499,4,10,150,2,0.0
500,4,10,150,2,0.0
501,4,10,150,2,0.0
502,4,10,150,2,0.0
503,4,10,150,2,0.0
504,4,10,150,2,0.0
505,4,10,150,2,0.38685280723454163
506,4,10,150,2,0.0
507,4,10,150,2,0.0
508,4,10,150,2,0.0
509,4,10,150,2,0.0
510,4,10,150,2,0.0
511,4,10,150,2,0.0
512,4,10,150,2,0.0
513,4,10,150,2,0.0
514,4,10,150,2,0.38685280723454163
515,4,10,150,2,0.0
516,4,10,150,2,0.0
517,4,10,150,2,0.0
518,4,10,150,2,0.0
519,4,10,150,2,0.0
520,4,10,150,2,0.0
521,4,10,150,2,0.0
522,4,10,150,2,0.0
523,4,10,150,2,0.0
524,4,10,150,2,0.6131471927654584
525,4,10,150,2,0.0
526,4,10,150,2,0.0
527,4,10,150,2,0.0
528,4,10,150,2,0.0
529,4,10,150,2,0.0
530,4,10,150,2,0.0
531,4,10,150,2,0.0
532,4,10,150,2,1.0
533,4,10,150,2,0.0
534,4,10,150,2,0.0
535,4,10,150,2,0.0
536,4,10,150,2,0.38685280723454163
537,4,10,150,2,0.38685280723454163
538,4,10,150,2,0.0
539,4,10,150,2,0.0
540,4,10,150,2,0.0
541,4,10,150,2,0.0
542,4,10,150,2,0.0
543,4,10,150,2,0.0
544,4,10,150,2,0.0
545,4,10,150,2,0.0
546,4,10,150,2,0.0
547,4,10,150,2,0.0
548,4,10,150,2,0.0
549,4,10,150,2,0.0
550,4,10,150,2,0.0
551,4,10,150,2,0.0
552,4,10,150,2,0.0
553,4,10,150,2,0.0
554,4,10,150,2,0.6131471927654584
555,4,10,150,2,0.0
556,4,10,150,2,0.0
557,4,10,150,2,0.0
558,4,10,150,2,0.0
559,4,10,150,2,0.0
560,4,10,150,2,0.0
561,4,10,150,2,0.0
562,4,10,150,2,0.0
563,4,10,150,2,0.0
564,4,10,150,2,0.0
565,4,10,150,2,0.0
566,4,10,150,2,0.0
567,4,10,150,2,0.0
568,4,10,150,2,0.0
569,4,10,150,2,0.38685280723454163
570,4,10,150,2,0.0
571,4,10,150,2,0.0
572,4,10,150,2,0.0
573,4,10,150,2,0.0
574,4,10,150,2,0.0
575,4,10,150,2,0.0
576,4,10,150,2,0.0
577,4,10,150,2,0.0
578,4,10,150,2,0.0
579,4,10,150,2,0.0
580,4,10,150,2,0.0
581,4,10,150,2,0.0
582,4,10,150,2,0.0
583,4,10,150,2,0.0
584,4,10,150,2,0.0
585,4,10,150,2,0.0
586,4,10,150,2,0.38685280723454163
587,4,10,150,2,0.0
588,4,10,150,2,0.6131471927654584
589,4,10,150,2,0.0
590,4,10,150,2,0.0
591,4,10,150,2,0.0
592,4,10,150,2,1.0
593,4,10,150,2,0.0
594,4,10,150,2,0.0
595,4,10,150,2,0.0
596,4,10,150,2,0.0
597,4,10,150,2,0.6131471927654584
598,4,10,150,2,0.0
599,4,10,150,2,0.0
600,4,10,150,2,0.0
601,4,10,150,2,0.0
602,4,10,150,2,0.0
603,4,10,150,2,0.0
604,4,10,150,2,0.0
605,4,10,150,2,1.0
606,4,10,150,2,0.0
607,4,10,150,2,0.0
608,4,10,150,2,0.0
609,4,10,150,2,0.0
610,4,10,150,2,0.6131471927654584
611,4,10,150,2,0.0
612,4,10,150,2,0.0
613,4,10,150,2,0.0
614,4,10,150,2,0.0
615,4,10,150,2,0.0
616,4,10,150,2,0.0
617,4,10,150,2,0.0
618,4,10,150,2,0.38685280723454163
619,4,10,150,2,0.0
620,4,10,150,2,0.0
621,4,10,150,2,0.0
622,4,10,150,2,0.0
623,4,10,150,2,0.0
624,4,10,150,2,0.0
625,4,10,150,2,0.0
626,4,10,150,2,0.0
627,4,10,150,2,0.0
628,4,10,150,2,0.0
629,4,10,150,2,0.0
630,4,10,150,2,0.6131471927654584
631,4,10,150,2,0.0
632,4,10,150,2,0.0
633,4,10,150,2,0.0
634,4,10,150,2,0.0
635,4,10,150,2,0.0
636,4,10,150,2,0.0
637,4,10,150,2,0.0
638,4,10,150,2,0.0
639,4,10,150,2,0.0
640,4,10,150,2,0.0
641,4,10,150,2,0.0
642,4,10,150,2,0.0
643,4,10,150,2,0.0
644,4,10,150,2,0.0
645,4,10,150,2,0.0
646,4,10,150,2,0.0
647,4,10,150,2,0.0
648,4,10,150,2,0.0
649,4,10,150,2,0.0
650,4,10,150,2,0.0
651,4,10,150,2,0.0
652,4,10,150,2,0.0
653,4,10,150,2,0.38685280723454163
654,4,10,150,2,0.6131471927654584
655,4,10,150,2,0.0
656,4,10,150,2,0.0
657,4,10,150,2,0.0
658,4,10,150,2,0.6131471927654584
659,4,10,150,2,0.0
660,4,10,150,2,0.0
661,4,10,150,2,0.0
662,4,10,150,2,0.0
663,4,10,150,2,0.6131471927654584
664,4,10,150,2,0.0
665,4,10,150,2,0.0
666,4,10,150,2,0.6131471927654584
667,4,10,150,2,0.0
668,4,10,150,2,0.0
669,4,10,150,2,0.0
670,4,10,150,2,0.0
671,4,10,150,2,0.0
672,4,10,150,2,0.0
673,4,10,150,2,0.0
674,4,10,150,2,0.0
675,4,10,150,2,0.0
676,4,10,150,2,0.0
677,4,10,150,2,0.0
678,4,10,150,2,0.0
679,4,10,150,2,0.0
680,4,10,150,2,0.0
681,4,10,150,2,0.0
682,4,10,150,2,0.6131471927654584
683,4,10,150,2,0.0
684,4,10,150,2,0.0
685,4,10,150,2,0.0
686,4,10,150,2,0.0
687,4,10,150,2,0.0
688,4,10,150,2,0.0
689,4,10,150,2,0.0
690,4,10,150,2,0.0
691,4,10,150,2,0.0
692,4,10,150,2,0.0
693,4,10,150,2,0.0
694,4,10,150,2,0.0
695,4,10,150,2,0.0
696,4,10,150,2,0.0
697,4,10,150,2,0.0
698,4,10,150,2,0.0
699,4,10,150,2,0.38685280723454163
700,4,10,150,2,0.0
701,4,10,150,2,0.0
702,4,10,150,2,0.0
703,4,10,150,2,0.38685280723454163
704,4,10,150,2,0.0
705,4,10,150,2,0.0
706,4,10,150,2,0.0
707,4,10,150,2,0.0
708,4,10,150,2,0.0
709,4,10,150,2,0.38685280723454163
710,4,10,150,2,0.0
711,4,10,150,2,0.0
712,4,10,150,2,0.0
713,4,10,150,2,0.0
714,4,10,150,2,0.0
715,4,10,150,2,0.0
716,4,10,150,2,0.0
717,4,10,150,2,0.0
718,4,10,150,2,0.0
719,4,10,150,2,0.0
720,4,10,150,2,0.0
721,4,10,150,2,0.0
722,4,10,150,2,0.0
723,4,10,150,2,0.0
724,4,10,150,2,0.0
725,4,10,150,2,0.0
726,4,10,150,2,0.0
727,4,10,150,2,0.0
728,4,10,150,2,0.0
729,4,10,150,2,0.0
730,4,10,150,2,0.0
731,4,10,150,2,0.0
732,4,10,150,2,0.0
733,4,10,150,2,0.0
734,4,10,150,2,0.0
735,4,10,150,2,0.0
736,4,10,150,2,0.0
737,4,10,150,2,0.0
738,4,10,150,2,0.0
739,4,10,150,2,0.0
740,4,10,150,2,0.0
741,4,10,150,2,0.0
742,4,10,150,2,0.0
743,4,10,150,2,0.0
744,4,10,150,2,0.0
745,4,10,150,2,0.0
746,4,10,150,2,0.6131471927654584
747,4,10,150,2,1.0
748,4,10,150,2,0.0
749,4,10,150,2,0.0
750,4,10,150,2,0.0
751,4,10,150,2,0.0
752,4,10,150,2,0.0
753,4,10,150,2,0.38685280723454163
754,4,10,150,2,0.0
755,4,10,150,2,0.0
756,4,10,150,2,0.0
757,4,10,150,2,0.0
758,4,10,150,2,0.6131471927654584
759,4,10,150,2,0.0
760,4,10,150,2,0.0
761,4,10,150,2,0.0
762,4,10,150,2,0.0
763,4,10,150,2,0.0
764,4,10,150,2,0.38685280723454163
765,4,10,150,2,0.0
766,4,10,150,2,0.0
767,4,10,150,2,0.0
768,4,10,150,2,0.0
769,4,10,150,2,0.0
770,4,10,150,2,0.38685280723454163
771,4,10,150,2,0.6131471927654584
772,4,10,150,2,0.0
773,4,10,150,2,0.0
774,4,10,150,2,0.0
775,4,10,150,2,0.0
776,4,10,150,2,0.0
777,4,10,150,2,0.0
778,4,10,150,2,0.0
779,4,10,150,2,0.0
780,4,10,150,2,0.0
781,4,10,150,2,0.0
782,4,10,150,2,0.0
783,4,10,150,2,0.0
784,4,10,150,2,0.0
785,4,10,150,2,0.0
786,4,10,150,2,0.0
787,4,10,150,2,0.0
788,4,10,150,2,1.0
789,4,10,150,2,0.0
790,4,10,150,2,0.0
791,4,10,150,2,0.0
792,4,10,150,2,0.0
793,4,10,150,2,0.0
794,4,10,150,2,0.0
795,4,10,150,2,0.0
796,4,10,150,2,0.6131471927654584
797,4,10,150,2,0.0
798,4,10,150,2,0.38685280723454163
799,4,10,150,2,0.0
800,4,10,150,2,0.0
801,4,10,150,2,0.0
802,4,10,150,2,0.0
803,4,10,150,2,0.0
804,4,10,150,2,0.0
805,4,10,150,2,0.0
806,4,10,150,2,1.0
807,4,10,150,2,0.0
808,4,10,150,2,0.0
809,4,10,150,2,0.0
810,4,10,150,2,0.0
811,4,10,150,2,0.0
812,4,10,150,2,0.0
813,4,10,150,2,0.0
814,4,10,150,2,0.0
815,4,10,150,2,0.0
816,4,10,150,2,0.0
817,4,10,150,2,0.0
818,4,10,150,2,0.0
819,4,10,150,2,0.0
820,4,10,150,2,0.0
821,4,10,150,2,0.6131471927654584
822,4,10,150,2,0.0
823,4,10,150,2,0.0
824,4,10,150,2,0.0
825,4,10,150,2,0.0
826,4,10,150,2,0.6131471927654584
827,4,10,150,2,0.0
828,4,10,150,2,0.0
829,4,10,150,2,0.0
830,4,10,150,2,0.0
831,4,10,150,2,0.6131471927654584
832,4,10,150,2,0.0
833,4,10,150,2,0.0
834,4,10,150,2,0.6131471927654584
835,4,10,150,2,0.0
836,4,10,150,2,0.0
837,4,10,150,2,0.0
838,4,10,150,2,0.6131471927654584
839,4,10,150,2,0.0
840,4,10,150,2,1.0
841,4,10,150,2,0.0
842,4,10,150,2,0.0
843,4,10,150,2,0.0
844,4,10,150,2,0.0
845,4,10,150,2,0.0
846,4,10,150,2,0.6131471927654584
847,4,10,150,2,0.0
848,4,10,150,2,0.0
849,4,10,150,2,0.0
850,4,10,150,2,0.38685280723454163
851,4,10,150,2,0.0
852,4,10,150,2,0.6131471927654584
853,4,10,150,2,0.0
854,4,10,150,2,0.0
855,4,10,150,2,0.0
856,4,10,150,2,0.0
857,4,10,150,2,0.0
858,4,10,150,2,0.0
859,4,10,150,2,0.0
860,4,10,150,2,0.0
861,4,10,150,2,0.0
862,4,10,150,2,0.0
863,4,10,150,2,0.0
864,4,10,150,2,1.0
865,4,10,150,2,0.0
866,4,10,150,2,0.0
867,4,10,150,2,0.0
868,4,10,150,2,0.0
869,4,10,150,2,0.0
870,4,10,150,2,0.6131471927654584
871,4,10,150,2,0.0
872,4,10,150,2,0.0
873,4,10,150,2,0.0
874,4,10,150,2,0.0
875,4,10,150,2,0.0
876,4,10,150,2,0.0
877,4,10,150,2,0.0
878,4,10,150,2,0.6131471927654584
879,4,10,150,2,0.0
880,4,10,150,2,1.0
881,4,10,150,2,0.0
882,4,10,150,2,0.6131471927654584
883,4,10,150,2,1.0
884,4,10,150,2,0.0
885,4,10,150,2,0.0
886,4,10,150,2,0.38685280723454163
887,4,10,150,2,0.0
888,4,10,150,2,0.0
889,4,10,150,2,0.0
890,4,10,150,2,0.0
891,4,10,150,2,0.0
892,4,10,150,2,0.38685280723454163
893,4,10,150,2,0.0
894,4,10,150,2,0.38685280723454163
895,4,10,150,2,0.0
896,4,10,150,2,1.0
897,4,10,150,2,0.6131471927654584
898,4,10,150,2,0.0
899,4,10,150,2,0.0
900,4,10,150,2,0.0
901,4,10,150,2,0.38685280723454163
902,4,10,150,2,0.0
903,4,10,150,2,0.38685280723454163
904,4,10,150,2,0.0
905,4,10,150,2,0.0
906,4,10,150,2,0.0
907,4,10,150,2,0.0
908,4,10,150,2,0.0
909,4,10,150,2,0.0
910,4,10,150,2,0.0
911,4,10,150,2,0.0
912,4,10,150,2,0.0
913,4,10,150,2,0.0
914,4,10,150,2,0.0
915,4,10,150,2,0.0
916,4,10,150,2,1.0
917,4,10,150,2,0.0
918,4,10,150,2,0.0
919,4,10,150,2,0.0
920,4,10,150,2,0.0
921,4,10,150,2,0.0
922,4,10,150,2,0.0
923,4,10,150,2,0.0
924,4,10,150,2,0.0
925,4,10,150,2,0.0
926,4,10,150,2,0.0
927,4,10,150,2,0.0
928,4,10,150,2,0.38685280723454163
929,4,10,150,2,0.38685280723454163
930,4,10,150,2,0.0
931,4,10,150,2,0.0
932,4,10,150,2,0.0
933,4,10,150,2,0.0
934,4,10,150,2,0.0
935,4,10,150,2,0.0
936,4,10,150,2,0.6131471927654584
937,4,10,150,2,0.0
938,4,10,150,2,0.38685280723454163
939,4,10,150,2,0.0
940,4,10,150,2,0.0
941,4,10,150,2,0.0
942,4,10,150,2,0.0
943,4,10,150,2,0.0
1,4,10,150,3,1.0
2,4,10,150,3,0.0
3,4,10,150,3,0.0
4,4,10,150,3,0.0
5,4,10,150,3,0.0
6,4,10,150,3,0.46927872602275644
7,4,10,150,3,0.7653606369886217
8,4,10,150,3,0.0
9,4,10,150,3,0.0
10,4,10,150,3,0.0
11,4,10,150,3,0.46927872602275644
12,4,10,150,3,0.0
13,4,10,150,3,0.0
14,4,10,150,3,0.0
15,4,10,150,3,0.0
16,4,10,150,3,0.0
17,4,10,150,3,0.0
18,4,10,150,3,0.7039180890341347
19,4,10,150,3,0.0
20,4,10,150,3,0.0
21,4,10,150,3,0.0
22,4,10,150,3,0.0
23,4,10,150,3,0.0
24,4,10,150,3,0.0
25,4,10,150,3,0.0
26,4,10,150,3,0.0
27,4,10,150,3,0.0
28,4,10,150,3,0.0
29,4,10,150,3,0.0
30,4,10,150,3,0.0
31,4,10,150,3,0.0
32,4,10,150,3,0.0
33,4,10,150,3,0.0
35,4,10,150,3,0.0
36,4,10,150,3,0.0
37,4,10,150,3,0.0
38,4,10,150,3,0.0
39,4,10,150,3,0.0
40,4,10,150,3,0.0
41,4,10,150,3,0.0
42,4,10,150,3,0.0
43,4,10,150,3,0.46927872602275644
44,4,10,150,3,0.0
45,4,10,150,3,0.0
46,4,10,150,3,0.0
47,4,10,150,3,0.0
48,4,10,150,3,0.0
49,4,10,150,3,0.0
50,4,10,150,3,0.0
51,4,10,150,3,0.0
52,4,10,150,3,0.0
54,4,10,150,3,0.0
56,4,10,150,3,0.23463936301137822
57,4,10,150,3,0.2960819109658652
58,4,10,150,3,0.46927872602275644
59,4,10,150,3,0.0
60,4,10,150,3,0.0
61,4,10,150,3,0.0
62,4,10,150,3,0.0
63,4,10,150,3,0.0
64,4,10,150,3,0.0
65,4,10,150,3,0.0
66,4,10,150,3,0.0
67,4,10,150,3,0.0
68,4,10,150,3,0.46927872602275644
69,4,10,150,3,0.0
70,4,10,150,3,0.0
71,4,10,150,3,0.0
72,4,10,150,3,0.0
73,4,10,150,3,0.0
74,4,10,150,3,0.0
75,4,10,150,3,0.0
76,4,10,150,3,0.0
77,4,10,150,3,0.0
78,4,10,150,3,0.0
79,4,10,150,3,0.46927872602275644
80,4,10,150,3,0.0
81,4,10,150,3,0.0
82,4,10,150,3,0.23463936301137822
83,4,10,150,3,0.0
84,4,10,150,3,0.0
85,4,10,150,3,0.0
87,4,10,150,3,0.0
89,4,10,150,3,0.0
90,4,10,150,3,0.0
91,4,10,150,3,0.0
92,4,10,150,3,0.23463936301137822
93,4,10,150,3,0.0
94,4,10,150,3,0.0
95,4,10,150,3,0.46927872602275644
96,4,10,150,3,0.0
97,4,10,150,3,0.0
98,4,10,150,3,0.0
99,4,10,150,3,0.0
100,4,10,150,3,0.0
101,4,10,150,3,0.0
102,4,10,150,3,0.0
103,4,10,150,3,0.0
104,4,10,150,3,0.0
105,4,10,150,3,0.0
106,4,10,150,3,0.0
107,4,10,150,3,0.0
108,4,10,150,3,0.0
109,4,10,150,3,0.0
110,4,10,150,3,0.0
111,4,10,150,3,0.0
112,4,10,150,3,0.0
113,4,10,150,3,0.0
114,4,10,150,3,0.0
115,4,10,150,3,0.0
116,4,10,150,3,0.0
117,4,10,150,3,0.0
118,4,10,150,3,0.0
119,4,10,150,3,0.0
120,4,10,150,3,0.0
121,4,10,150,3,0.0
122,4,10,150,3,0.0
123,4,10,150,3,0.0
125,4,10,150,3,0.0
126,4,10,150,3,0.0
127,4,10,150,3,0.0
128,4,10,150,3,0.0
129,4,10,150,3,0.0
130,4,10,150,3,0.46927872602275644
131,4,10,150,3,0.0
133,4,10,150,3,0.0
134,4,10,150,3,0.0
135,4,10,150,3,0.0
137,4,10,150,3,0.0
138,4,10,150,3,0.0
139,4,10,150,3,0.0
141,4,10,150,3,0.0
142,4,10,150,3,0.0
143,4,10,150,3,0.0
144,4,10,150,3,0.0
145,4,10,150,3,0.0
146,4,10,150,3,0.0
148,4,10,150,3,0.0
149,4,10,150,3,0.0
150,4,10,150,3,0.0
151,4,10,150,3,0.0
152,4,10,150,3,0.0
153,4,10,150,3,0.0
154,4,10,150,3,0.0
155,4,10,150,3,0.0
156,4,10,150,3,0.0
158,4,10,150,3,0.0
159,4,10,150,3,0.0
160,4,10,150,3,0.0
161,4,10,150,3,0.0
162,4,10,150,3,0.0
163,4,10,150,3,0.0
164,4,10,150,3,0.0
165,4,10,150,3,0.0
166,4,10,150,3,0.0
167,4,10,150,3,0.0
168,4,10,150,3,0.46927872602275644
169,4,10,150,3,0.0
170,4,10,150,3,0.0
171,4,10,150,3,0.0
172,4,10,150,3,0.0
173,4,10,150,3,0.0
174,4,10,150,3,0.0
175,4,10,150,3,0.0
176,4,10,150,3,0.0
177,4,10,150,3,0.0
178,4,10,150,3,0.46927872602275644
179,4,10,150,3,0.0
180,4,10,150,3,0.0
181,4,10,150,3,0.0
182,4,10,150,3,0.0
183,4,10,150,3,0.0
184,4,10,150,3,0.0
185,4,10,150,3,0.0
186,4,10,150,3,0.2960819109658652
187,4,10,150,3,0.0
188,4,10,150,3,0.0
189,4,10,150,3,0.46927872602275644
190,4,10,150,3,0.0
191,4,10,150,3,0.0
192,4,10,150,3,0.0
193,4,10,150,3,0.0
194,4,10,150,3,0.0
195,4,10,150,3,0.0
196,4,10,150,3,0.0
197,4,10,150,3,0.0
198,4,10,150,3,0.0
199,4,10,150,3,0.0
200,4,10,150,3,0.0
201,4,10,150,3,0.0
203,4,10,150,3,0.0
204,4,10,150,3,0.0
205,4,10,150,3,0.0
206,4,10,150,3,0.0
207,4,10,150,3,0.0
209,4,10,150,3,0.0
210,4,10,150,3,0.0
211,4,10,150,3,0.0
212,4,10,150,3,0.0
213,4,10,150,3,0.0
214,4,10,150,3,0.0
215,4,10,150,3,0.0
216,4,10,150,3,0.0
217,4,10,150,3,0.0
218,4,10,150,3,0.2960819109658652
219,4,10,150,3,0.0
221,4,10,150,3,0.2960819109658652
222,4,10,150,3,0.0
223,4,10,150,3,0.0
224,4,10,150,3,0.0
225,4,10,150,3,0.0
226,4,10,150,3,0.0
227,4,10,150,3,0.0
228,4,10,150,3,0.0
229,4,10,150,3,0.0
230,4,10,150,3,0.0
231,4,10,150,3,0.0
232,4,10,150,3,0.46927872602275644
233,4,10,150,3,0.0
234,4,10,150,3,0.0
235,4,10,150,3,0.0
236,4,10,150,3,0.0
237,4,10,150,3,0.0
238,4,10,150,3,0.0
239,4,10,150,3,0.0
240,4,10,150,3,0.0
242,4,10,150,3,0.0
243,4,10,150,3,0.0
244,4,10,150,3,0.0
245,4,10,150,3,0.0
246,4,10,150,3,0.0
247,4,10,150,3,0.0
248,4,10,150,3,0.0
249,4,10,150,3,0.0
250,4,10,150,3,0.46927872602275644
251,4,10,150,3,0.0
252,4,10,150,3,0.0
253,4,10,150,3,0.0
254,4,10,150,3,0.0
255,4,10,150,3,0.0
256,4,10,150,3,0.2960819109658652
257,4,10,150,3,0.0
258,4,10,150,3,0.0
259,4,10,150,3,0.0
260,4,10,150,3,0.0
261,4,10,150,3,0.0
262,4,10,150,3,0.0
263,4,10,150,3,0.0
264,4,10,150,3,0.0
265,4,10,150,3,0.0
267,4,10,150,3,0.0
268,4,10,150,3,0.0
269,4,10,150,3,0.23463936301137822
270,4,10,150,3,0.0
271,4,10,150,3,0.0
272,4,10,150,3,0.0
273,4,10,150,3,0.0
274,4,10,150,3,0.0
275,4,10,150,3,0.0
276,4,10,150,3,0.46927872602275644
277,4,10,150,3,0.0
279,4,10,150,3,0.0
280,4,10,150,3,0.0
281,4,10,150,3,0.0
283,4,10,150,3,0.0
284,4,10,150,3,0.0
285,4,10,150,3,0.0
286,4,10,150,3,0.2960819109658652
287,4,10,150,3,0.0
288,4,10,150,3,0.0
289,4,10,150,3,0.0
290,4,10,150,3,0.0
291,4,10,150,3,0.0
292,4,10,150,3,0.0
293,4,10,150,3,0.2960819109658652
294,4,10,150,3,0.0
295,4,10,150,3,0.46927872602275644
296,4,10,150,3,0.7039180890341347
297,4,10,150,3,0.0
298,4,10,150,3,0.0
299,4,10,150,3,0.0
300,4,10,150,3,0.0
301,4,10,150,3,0.0
303,4,10,150,3,0.0
304,4,10,150,3,0.0
305,4,10,150,3,0.46927872602275644
306,4,10,150,3,0.0
307,4,10,150,3,0.0
308,4,10,150,3,0.0
309,4,10,150,3,0.0
310,4,10,150,3,0.0
311,4,10,150,3,0.0
312,4,10,150,3,0.0
313,4,10,150,3,0.0
314,4,10,150,3,0.46927872602275644
315,4,10,150,3,0.0
316,4,10,150,3,0.0
317,4,10,150,3,0.0
318,4,10,150,3,0.0
319,4,10,150,3,0.0
320,4,10,150,3,0.0
321,4,10,150,3,0.0
322,4,10,150,3,0.2960819109658652
323,4,10,150,3,0.0
324,4,10,150,3,0.0
325,4,10,150,3,0.0
326,4,10,150,3,0.0
327,4,10,150,3,0.0
328,4,10,150,3,0.23463936301137822
329,4,10,150,3,0.0
330,4,10,150,3,0.0
331,4,10,150,3,0.23463936301137822
332,4,10,150,3,0.0
333,4,10,150,3,0.0
334,4,10,150,3,0.0
336,4,10,150,3,0.0
337,4,10,150,3,0.0
338,4,10,150,3,0.0
339,4,10,150,3,0.0
340,4,10,150,3,0.0
341,4,10,150,3,0.0
342,4,10,150,3,0.46927872602275644
343,4,10,150,3,0.46927872602275644
344,4,10,150,3,0.0
345,4,10,150,3,0.0
346,4,10,150,3,0.0
347,4,10,150,3,0.0
348,4,10,150,3,0.0
349,4,10,150,3,0.0
350,4,10,150,3,0.0
351,4,10,150,3,0.0
352,4,10,150,3,0.0
353,4,10,150,3,0.0
354,4,10,150,3,0.0
355,4,10,150,3,0.0
356,4,10,150,3,0.0
357,4,10,150,3,0.0
358,4,10,150,3,0.0
359,4,10,150,3,0.0
360,4,10,150,3,0.0
361,4,10,150,3,0.0
362,4,10,150,3,0.0
363,4,10,150,3,0.46927872602275644
364,4,10,150,3,0.0
365,4,10,150,3,0.0
366,4,10,150,3,0.0
367,4,10,150,3,0.0
368,4,10,150,3,0.0
369,4,10,150,3,0.0
370,4,10,150,3,0.0
371,4,10,150,3,0.0
372,4,10,150,3,0.0
373,4,10,150,3,0.0
374,4,10,150,3,0.0
375,4,10,150,3,0.0
376,4,10,150,3,0.0
377,4,10,150,3,0.0
378,4,10,150,3,0.7039180890341347
379,4,10,150,3,0.0
380,4,10,150,3,0.0
381,4,10,150,3,0.0
382,4,10,150,3,0.0
383,4,10,150,3,0.0
384,4,10,150,3,0.0
385,4,10,150,3,0.0
386,4,10,150,3,0.0
387,4,10,150,3,0.0
388,4,10,150,3,0.0
389,4,10,150,3,0.0
390,4,10,150,3,0.0
391,4,10,150,3,0.0
392,4,10,150,3,0.0
393,4,10,150,3,0.0
394,4,10,150,3,0.0
395,4,10,150,3,0.0
396,4,10,150,3,0.0
397,4,10,150,3,0.46927872602275644
398,4,10,150,3,0.0
399,4,10,150,3,0.0
400,4,10,150,3,0.0
401,4,10,150,3,0.0
402,4,10,150,3,0.0
403,4,10,150,3,0.0
404,4,10,150,3,0.0
405,4,10,150,3,0.2960819109658652
406,4,10,150,3,0.0
407,4,10,150,3,0.0
408,4,10,150,3,0.0
409,4,10,150,3,0.0
410,4,10,150,3,0.0
411,4,10,150,3,0.0
412,4,10,150,3,0.0
413,4,10,150,3,0.0
414,4,10,150,3,0.0
415,4,10,150,3,0.0
416,4,10,150,3,0.46927872602275644
417,4,10,150,3,0.0
418,4,10,150,3,0.0
419,4,10,150,3,0.0
420,4,10,150,3,0.0
421,4,10,150,3,0.0
422,4,10,150,3,0.0
423,4,10,150,3,0.0
424,4,10,150,3,0.46927872602275644
425,4,10,150,3,0.7039180890341347
426,4,10,150,3,0.0
427,4,10,150,3,0.0
428,4,10,150,3,0.0
429,4,10,150,3,0.7653606369886217
430,4,10,150,3,0.0
431,4,10,150,3,0.0
432,4,10,150,3,0.0
433,4,10,150,3,0.0
434,4,10,150,3,0.23463936301137822
435,4,10,150,3,0.23463936301137822
436,4,10,150,3,0.0
437,4,10,150,3,0.0
438,4,10,150,3,0.0
439,4,10,150,3,0.0
440,4,10,150,3,0.0
441,4,10,150,3,0.0
442,4,10,150,3,0.0
443,4,10,150,3,0.0
444,4,10,150,3,0.0
445,4,10,150,3,0.0
446,4,10,150,3,0.0
447,4,10,150,3,0.46927872602275644
448,4,10,150,3,0.0
449,4,10,150,3,0.0
450,4,10,150,3,0.23463936301137822
451,4,10,150,3,0.0
452,4,10,150,3,0.0
453,4,10,150,3,0.0
454,4,10,150,3,0.0
455,4,10,150,3,0.2960819109658652
456,4,10,150,3,0.0
457,4,10,150,3,0.46927872602275644
458,4,10,150,3,0.0
459,4,10,150,3,0.0
460,4,10,150,3,0.0
461,4,10,150,3,0.0
462,4,10,150,3,0.0
463,4,10,150,3,0.46927872602275644
464,4,10,150,3,0.0
465,4,10,150,3,0.0
466,4,10,150,3,0.0
467,4,10,150,3,0.0
468,4,10,150,3,0.0
469,4,10,150,3,0.0
470,4,10,150,3,0.0
471,4,10,150,3,0.0
472,4,10,150,3,0.0
473,4,10,150,3,0.0
474,4,10,150,3,0.0
475,4,10,150,3,0.0
476,4,10,150,3,0.0
477,4,10,150,3,0.0
478,4,10,150,3,0.5307212739772434
479,4,10,150,3,0.0
480,4,10,150,3,0.0
481,4,10,150,3,0.0
482,4,10,150,3,0.0
483,4,10,150,3,0.0
484,4,10,150,3,0.0
485,4,10,150,3,0.0
486,4,10,150,3,0.0
487,4,10,150,3,0.0
488,4,10,150,3,0.0
489,4,10,150,3,0.0
490,4,10,150,3,0.0
491,4,10,150,3,0.0
492,4,10,150,3,0.0
493,4,10,150,3,0.0
494,4,10,150,3,0.0
495,4,10,150,3,0.0
496,4,10,150,3,0.0
497,4,10,150,3,0.0
498,4,10,150,3,0.0
499,4,10,150,3,0.0
500,4,10,150,3,0.0
501,4,10,150,3,0.0
502,4,10,150,3,0.0
503,4,10,150,3,0.0
504,4,10,150,3,0.0
505,4,10,150,3,0.2960819109658652
506,4,10,150,3,0.0
507,4,10,150,3,0.0
508,4,10,150,3,0.0
509,4,10,150,3,0.0
510,4,10,150,3,0.0
511,4,10,150,3,0.0
512,4,10,150,3,0.0
513,4,10,150,3,0.0
514,4,10,150,3,0.5307212739772434
515,4,10,150,3,0.0
516,4,10,150,3,0.0
517,4,10,150,3,0.0
518,4,10,150,3,0.0
519,4,10,150,3,0.0
520,4,10,150,3,0.0
521,4,10,150,3,0.23463936301137822
522,4,10,150,3,0.0
523,4,10,150,3,0.0
524,4,10,150,3,0.46927872602275644
525,4,10,150,3,0.0
526,4,10,150,3,0.0
527,4,10,150,3,0.0
528,4,10,150,3,0.0
529,4,10,150,3,0.0
530,4,10,150,3,0.0
531,4,10,150,3,0.0
532,4,10,150,3,1.0
533,4,10,150,3,0.0
534,4,10,150,3,0.0
535,4,10,150,3,0.0
536,4,10,150,3,0.2960819109658652
537,4,10,150,3,0.2960819109658652
538,4,10,150,3,0.0
539,4,10,150,3,0.0
540,4,10,150,3,0.0
541,4,10,150,3,0.0
542,4,10,150,3,0.0
543,4,10,150,3,0.0
544,4,10,150,3,0.0
545,4,10,150,3,0.0
546,4,10,150,3,0.0
547,4,10,150,3,0.0
548,4,10,150,3,0.0
549,4,10,150,3,0.0
550,4,10,150,3,0.0
551,4,10,150,3,0.0
552,4,10,150,3,0.0
553,4,10,150,3,0.0
554,4,10,150,3,0.46927872602275644
555,4,10,150,3,0.0
556,4,10,150,3,0.0
557,4,10,150,3,0.0
558,4,10,150,3,0.0
559,4,10,150,3,0.0
560,4,10,150,3,0.0
561,4,10,150,3,0.0
562,4,10,150,3,0.0
563,4,10,150,3,0.0
564,4,10,150,3,0.0
565,4,10,150,3,0.0
566,4,10,150,3,0.0
567,4,10,150,3,0.0
568,4,10,150,3,0.0
569,4,10,150,3,0.2960819109658652
570,4,10,150,3,0.0
571,4,10,150,3,0.0
572,4,10,150,3,0.0
573,4,10,150,3,0.0
574,4,10,150,3,0.0
575,4,10,150,3,0.0
576,4,10,150,3,0.0
577,4,10,150,3,0.23463936301137822
578,4,10,150,3,0.0
579,4,10,150,3,0.0
580,4,10,150,3,0.0
581,4,10,150,3,0.0
582,4,10,150,3,0.0
583,4,10,150,3,0.0
584,4,10,150,3,0.0
585,4,10,150,3,0.0
586,4,10,150,3,0.2960819109658652
587,4,10,150,3,0.0
588,4,10,150,3,0.46927872602275644
589,4,10,150,3,0.0
590,4,10,150,3,0.0
591,4,10,150,3,0.0
592,4,10,150,3,0.7653606369886217
593,4,10,150,3,0.0
594,4,10,150,3,0.0
595,4,10,150,3,0.0
596,4,10,150,3,0.0
597,4,10,150,3,0.46927872602275644
598,4,10,150,3,0.0
599,4,10,150,3,0.0
600,4,10,150,3,0.0
601,4,10,150,3,0.0
602,4,10,150,3,0.0
603,4,10,150,3,0.0
604,4,10,150,3,0.0
605,4,10,150,3,0.7653606369886217
606,4,10,150,3,0.0
607,4,10,150,3,0.0
608,4,10,150,3,0.0
609,4,10,150,3,0.0
610,4,10,150,3,0.46927872602275644
611,4,10,150,3,0.0
612,4,10,150,3,0.0
613,4,10,150,3,0.0
614,4,10,150,3,0.0
615,4,10,150,3,0.0
616,4,10,150,3,0.0
617,4,10,150,3,0.0
618,4,10,150,3,0.2960819109658652
619,4,10,150,3,0.0
620,4,10,150,3,0.0
621,4,10,150,3,0.0
622,4,10,150,3,0.0
623,4,10,150,3,0.0
624,4,10,150,3,0.0
625,4,10,150,3,0.0
626,4,10,150,3,0.0
627,4,10,150,3,0.0
628,4,10,150,3,0.0
629,4,10,150,3,0.0
630,4,10,150,3,0.46927872602275644
631,4,10,150,3,0.0
632,4,10,150,3,0.0
633,4,10,150,3,0.0
634,4,10,150,3,0.0
635,4,10,150,3,0.0
636,4,10,150,3,0.0
637,4,10,150,3,0.0
638,4,10,150,3,0.0
639,4,10,150,3,0.0
640,4,10,150,3,0.0
641,4,10,150,3,0.0
642,4,10,150,3,0.0
643,4,10,150,3,0.0
644,4,10,150,3,0.0
645,4,10,150,3,0.23463936301137822
646,4,10,150,3,0.0
647,4,10,150,3,0.0
648,4,10,150,3,0.23463936301137822
649,4,10,150,3,0.23463936301137822
650,4,10,150,3,0.0
651,4,10,150,3,0.0
652,4,10,150,3,0.0
653,4,10,150,3,0.5307212739772434
654,4,10,150,3,0.46927872602275644
655,4,10,150,3,0.0
656,4,10,150,3,0.0
657,4,10,150,3,0.0
658,4,10,150,3,0.46927872602275644
659,4,10,150,3,0.0
660,4,10,150,3,0.0
661,4,10,150,3,0.0
662,4,10,150,3,0.0
663,4,10,150,3,0.46927872602275644
664,4,10,150,3,0.23463936301137822
665,4,10,150,3,0.0
666,4,10,150,3,0.46927872602275644
667,4,10,150,3,0.0
668,4,10,150,3,0.0
669,4,10,150,3,0.0
670,4,10,150,3,0.0
671,4,10,150,3,0.0
672,4,10,150,3,0.0
673,4,10,150,3,0.0
674,4,10,150,3,0.0
675,4,10,150,3,0.0
676,4,10,150,3,0.23463936301137822
677,4,10,150,3,0.0
678,4,10,150,3,0.0
679,4,10,150,3,0.0
680,4,10,150,3,0.0
681,4,10,150,3,0.0
682,4,10,150,3,0.46927872602275644
683,4,10,150,3,0.0
684,4,10,150,3,0.0
685,4,10,150,3,0.0
686,4,10,150,3,0.0
687,4,10,150,3,0.0
688,4,10,150,3,0.0
689,4,10,150,3,0.0
690,4,10,150,3,0.0
691,4,10,150,3,0.0
692,4,10,150,3,0.0
693,4,10,150,3,0.0
694,4,10,150,3,0.0
695,4,10,150,3,0.0
696,4,10,150,3,0.0
697,4,10,150,3,0.0
698,4,10,150,3,0.0
699,4,10,150,3,0.2960819109658652
700,4,10,150,3,0.0
701,4,10,150,3,0.0
702,4,10,150,3,0.0
703,4,10,150,3,0.2960819109658652
704,4,10,150,3,0.0
705,4,10,150,3,0.0
706,4,10,150,3,0.0
707,4,10,150,3,0.0
708,4,10,150,3,0.0
709,4,10,150,3,0.2960819109658652
710,4,10,150,3,0.0
711,4,10,150,3,0.0
712,4,10,150,3,0.0
713,4,10,150,3,0.0
714,4,10,150,3,0.0
715,4,10,150,3,0.0
716,4,10,150,3,0.0
717,4,10,150,3,0.0
718,4,10,150,3,0.0
719,4,10,150,3,0.0
720,4,10,150,3,0.0
721,4,10,150,3,0.0
722,4,10,150,3,0.0
723,4,10,150,3,0.0
724,4,10,150,3,0.0
725,4,10,150,3,0.0
726,4,10,150,3,0.0
727,4,10,150,3,0.0
728,4,10,150,3,0.0
729,4,10,150,3,0.0
730,4,10,150,3,0.0
731,4,10,150,3,0.0
732,4,10,150,3,0.0
733,4,10,150,3,0.0
734,4,10,150,3,0.0
735,4,10,150,3,0.0
736,4,10,150,3,0.0
737,4,10,150,3,0.0
738,4,10,150,3,0.0
739,4,10,150,3,0.0
740,4,10,150,3,0.0
741,4,10,150,3,0.0
742,4,10,150,3,0.0
743,4,10,150,3,0.0
744,4,10,150,3,0.0
745,4,10,150,3,0.0
746,4,10,150,3,0.46927872602275644
747,4,10,150,3,1.0
748,4,10,150,3,0.23463936301137822
749,4,10,150,3,0.0
750,4,10,150,3,0.0
751,4,10,150,3,0.0
752,4,10,150,3,0.0
753,4,10,150,3,0.2960819109658652
754,4,10,150,3,0.0
755,4,10,150,3,0.0
756,4,10,150,3,0.0
757,4,10,150,3,0.0
758,4,10,150,3,0.46927872602275644
759,4,10,150,3,0.0
760,4,10,150,3,0.0
761,4,10,150,3,0.0
762,4,10,150,3,0.0
763,4,10,150,3,0.0
764,4,10,150,3,0.2960819109658652
765,4,10,150,3,0.0
766,4,10,150,3,0.0
767,4,10,150,3,0.0
768,4,10,150,3,0.0
769,4,10,150,3,0.0
770,4,10,150,3,0.2960819109658652
771,4,10,150,3,0.46927872602275644
772,4,10,150,3,0.0
773,4,10,150,3,0.0
774,4,10,150,3,0.0
775,4,10,150,3,0.0
776,4,10,150,3,0.0
777,4,10,150,3,0.0
778,4,10,150,3,0.23463936301137822
779,4,10,150,3,0.0
780,4,10,150,3,0.0
781,4,10,150,3,0.0
782,4,10,150,3,0.0
783,4,10,150,3,0.0
784,4,10,150,3,0.0
785,4,10,150,3,0.0
786,4,10,150,3,0.0
787,4,10,150,3,0.0
788,4,10,150,3,0.7653606369886217
789,4,10,150,3,0.0
790,4,10,150,3,0.0
791,4,10,150,3,0.0
792,4,10,150,3,0.0
793,4,10,150,3,0.0
794,4,10,150,3,0.0
795,4,10,150,3,0.0
796,4,10,150,3,0.46927872602275644
797,4,10,150,3,0.0
798,4,10,150,3,0.2960819109658652
799,4,10,150,3,0.0
800,4,10,150,3,0.0
801,4,10,150,3,0.0
802,4,10,150,3,0.23463936301137822
803,4,10,150,3,0.0
804,4,10,150,3,0.0
805,4,10,150,3,0.23463936301137822
806,4,10,150,3,0.7653606369886217
807,4,10,150,3,0.0
808,4,10,150,3,0.0
809,4,10,150,3,0.0
810,4,10,150,3,0.0
811,4,10,150,3,0.0
812,4,10,150,3,0.0
813,4,10,150,3,0.0
814,4,10,150,3,0.0
815,4,10,150,3,0.0
816,4,10,150,3,0.0
817,4,10,150,3,0.0
818,4,10,150,3,0.0
819,4,10,150,3,0.0
820,4,10,150,3,0.0
821,4,10,150,3,0.46927872602275644
822,4,10,150,3,0.0
823,4,10,150,3,0.0
824,4,10,150,3,0.0
825,4,10,150,3,0.0
826,4,10,150,3,0.46927872602275644
827,4,10,150,3,0.0
828,4,10,150,3,0.0
829,4,10,150,3,0.0
830,4,10,150,3,0.0
831,4,10,150,3,0.46927872602275644
832,4,10,150,3,0.0
833,4,10,150,3,0.0
834,4,10,150,3,0.46927872602275644
835,4,10,150,3,0.0
836,4,10,150,3,0.0
837,4,10,150,3,0.0
838,4,10,150,3,0.46927872602275644
839,4,10,150,3,0.0
840,4,10,150,3,0.7653606369886217
841,4,10,150,3,0.0
842,4,10,150,3,0.0
843,4,10,150,3,0.0
844,4,10,150,3,0.0
845,4,10,150,3,0.0
846,4,10,150,3,0.46927872602275644
847,4,10,150,3,0.0
848,4,10,150,3,0.0
849,4,10,150,3,0.0
850,4,10,150,3,0.2960819109658652
851,4,10,150,3,0.0
852,4,10,150,3,0.46927872602275644
853,4,10,150,3,0.0
854,4,10,150,3,0.0
855,4,10,150,3,0.0
856,4,10,150,3,0.0
857,4,10,150,3,0.0
858,4,10,150,3,0.0
859,4,10,150,3,0.0
860,4,10,150,3,0.0
861,4,10,150,3,0.0
862,4,10,150,3,0.0
863,4,10,150,3,0.0
864,4,10,150,3,0.7653606369886217
865,4,10,150,3,0.0
866,4,10,150,3,0.0
867,4,10,150,3,0.0
868,4,10,150,3,0.23463936301137822
869,4,10,150,3,0.0
870,4,10,150,3,0.7039180890341347
871,4,10,150,3,0.0
872,4,10,150,3,0.0
873,4,10,150,3,0.0
874,4,10,150,3,0.0
875,4,10,150,3,0.0
876,4,10,150,3,0.0
877,4,10,150,3,0.0
878,4,10,150,3,0.7039180890341347
879,4,10,150,3,0.0
880,4,10,150,3,0.7653606369886217
881,4,10,150,3,0.0
882,4,10,150,3,0.46927872602275644
883,4,10,150,3,0.7653606369886217
884,4,10,150,3,0.0
885,4,10,150,3,0.0
886,4,10,150,3,0.2960819109658652
887,4,10,150,3,0.0
888,4,10,150,3,0.0
889,4,10,150,3,0.0
890,4,10,150,3,0.0
891,4,10,150,3,0.0
892,4,10,150,3,0.2960819109658652
893,4,10,150,3,0.0
894,4,10,150,3,0.2960819109658652
895,4,10,150,3,0.0
896,4,10,150,3,1.0
897,4,10,150,3,0.7039180890341347
898,4,10,150,3,0.0
899,4,10,150,3,0.0
900,4,10,150,3,0.0
901,4,10,150,3,0.2960819109658652
902,4,10,150,3,0.0
903,4,10,150,3,0.2960819109658652
904,4,10,150,3,0.0
905,4,10,150,3,0.0
906,4,10,150,3,0.0
907,4,10,150,3,0.0
908,4,10,150,3,0.0
909,4,10,150,3,0.0
910,4,10,150,3,0.0
911,4,10,150,3,0.0
912,4,10,150,3,0.0
913,4,10,150,3,0.0
914,4,10,150,3,0.0
915,4,10,150,3,0.0
916,4,10,150,3,1.0
917,4,10,150,3,0.0
918,4,10,150,3,0.23463936301137822
919,4,10,150,3,0.23463936301137822
920,4,10,150,3,0.0
921,4,10,150,3,0.23463936301137822
922,4,10,150,3,0.0
923,4,10,150,3,0.0
924,4,10,150,3,0.0
925,4,10,150,3,0.0
926,4,10,150,3,0.0
927,4,10,150,3,0.0
928,4,10,150,3,0.2960819109658652
929,4,10,150,3,0.2960819109658652
930,4,10,150,3,0.0
931,4,10,150,3,0.0
932,4,10,150,3,0.0
933,4,10,150,3,0.0
934,4,10,150,3,0.23463936301137822
935,4,10,150,3,0.0
936,4,10,150,3,0.46927872602275644
937,4,10,150,3,0.0
938,4,10,150,3,0.2960819109658652
939,4,10,150,3,0.0
940,4,10,150,3,0.0
941,4,10,150,3,0.0
942,4,10,150,3,0.0
943,4,10,150,3,0.23463936301137822
1,4,10,150,4,1.0
2,4,10,150,4,0.0
3,4,10,150,4,0.0
4,4,10,150,4,0.0
5,4,10,150,4,0.0
6,4,10,150,4,0.3903800499921017
7,4,10,150,4,0.6366824387328317
8,4,10,150,4,0.0
9,4,10,150,4,0.0
10,4,10,150,4,0.0
11,4,10,150,4,0.3903800499921017
12,4,10,150,4,0.0
13,4,10,150,4,0.0
14,4,10,150,4,0.0
15,4,10,150,4,0.0
16,4,10,150,4,0.0
17,4,10,150,4,0.0
18,4,10,150,4,0.5855700749881525
19,4,10,150,4,0.0
20,4,10,150,4,0.0
21,4,10,150,4,0.0
22,4,10,150,4,0.0
23,4,10,150,4,0.0
24,4,10,150,4,0.0
25,4,10,150,4,0.0
26,4,10,150,4,0.0
27,4,10,150,4,0.0
28,4,10,150,4,0.0
29,4,10,150,4,0.0
30,4,10,150,4,0.0
31,4,10,150,4,0.0
32,4,10,150,4,0.0
33,4,10,150,4,0.0
35,4,10,150,4,0.0
36,4,10,150,4,0.0
37,4,10,150,4,0.0
38,4,10,150,4,0.0
39,4,10,150,4,0.0
40,4,10,150,4,0.0
41,4,10,150,4,0.0
42,4,10,150,4,0.0
43,4,10,150,4,0.3903800499921017
44,4,10,150,4,0.16812753627111746
45,4,10,150,4,0.0
46,4,10,150,4,0.0
47,4,10,150,4,0.0
48,4,10,150,4,0.0
49,4,10,150,4,0.0
50,4,10,150,4,0.0
51,4,10,150,4,0.16812753627111746
52,4,10,150,4,0.0
54,4,10,150,4,0.0
56,4,10,150,4,0.19519002499605084
57,4,10,150,4,0.24630238874073
58,4,10,150,4,0.3903800499921017
59,4,10,150,4,0.0
60,4,10,150,4,0.0
61,4,10,150,4,0.0
62,4,10,150,4,0.0
63,4,10,150,4,0.0
64,4,10,150,4,0.0
65,4,10,150,4,0.0
66,4,10,150,4,0.0
67,4,10,150,4,0.0
68,4,10,150,4,0.3903800499921017
69,4,10,150,4,0.0
70,4,10,150,4,0.0
71,4,10,150,4,0.0
72,4,10,150,4,0.0
73,4,10,150,4,0.0
74,4,10,150,4,0.0
75,4,10,150,4,0.0
76,4,10,150,4,0.0
77,4,10,150,4,0.0
78,4,10,150,4,0.0
79,4,10,150,4,0.3903800499921017
80,4,10,150,4,0.0
81,4,10,150,4,0.0
82,4,10,150,4,0.36331756126716835
83,4,10,150,4,0.0
84,4,10,150,4,0.0
85,4,10,150,4,0.0
87,4,10,150,4,0.0
89,4,10,150,4,0.0
90,4,10,150,4,0.0
91,4,10,150,4,0.0
92,4,10,150,4,0.19519002499605084
93,4,10,150,4,0.0
94,4,10,150,4,0.0
95,4,10,150,4,0.3903800499921017
96,4,10,150,4,0.0
97,4,10,150,4,0.0
98,4,10,150,4,0.0
99,4,10,150,4,0.0
100,4,10,150,4,0.0
101,4,10,150,4,0.0
102,4,10,150,4,0.0
103,4,10,150,4,0.0
104,4,10,150,4,0.0
105,4,10,150,4,0.0
106,4,10,150,4,0.0
107,4,10,150,4,0.0
108,4,10,150,4,0.0
109,4,10,150,4,0.0
110,4,10,150,4,0.0
111,4,10,150,4,0.0
112,4,10,150,4,0.0
113,4,10,150,4,0.0
114,4,10,150,4,0.0
115,4,10,150,4,0.0
116,4,10,150,4,0.0
117,4,10,150,4,0.16812753627111746
118,4,10,150,4,0.0
119,4,10,150,4,0.0
120,4,10,150,4,0.0
121,4,10,150,4,0.16812753627111746
122,4,10,150,4,0.0
123,4,10,150,4,0.0
125,4,10,150,4,0.0
126,4,10,150,4,0.0
127,4,10,150,4,0.0
128,4,10,150,4,0.0
129,4,10,150,4,0.0
130,4,10,150,4,0.3903800499921017
131,4,10,150,4,0.0
133,4,10,150,4,0.0
134,4,10,150,4,0.0
135,4,10,150,4,0.0
137,4,10,150,4,0.0
138,4,10,150,4,0.0
139,4,10,150,4,0.0
141,4,10,150,4,0.0
142,4,10,150,4,0.0
143,4,10,150,4,0.0
144,4,10,150,4,0.16812753627111746
145,4,10,150,4,0.0
146,4,10,150,4,0.0
148,4,10,150,4,0.0
149,4,10,150,4,0.0
150,4,10,150,4,0.0
151,4,10,150,4,0.0
152,4,10,150,4,0.0
153,4,10,150,4,0.0
154,4,10,150,4,0.0
155,4,10,150,4,0.0
156,4,10,150,4,0.0
158,4,10,150,4,0.0
159,4,10,150,4,0.0
160,4,10,150,4,0.0
161,4,10,150,4,0.0
162,4,10,150,4,0.0
163,4,10,150,4,0.0
164,4,10,150,4,0.0
165,4,10,150,4,0.0
166,4,10,150,4,0.0
167,4,10,150,4,0.0
168,4,10,150,4,0.3903800499921017
169,4,10,150,4,0.0
170,4,10,150,4,0.0
171,4,10,150,4,0.0
172,4,10,150,4,0.0
173,4,10,150,4,0.0
174,4,10,150,4,0.0
175,4,10,150,4,0.0
176,4,10,150,4,0.0
177,4,10,150,4,0.0
178,4,10,150,4,0.3903800499921017
179,4,10,150,4,0.0
180,4,10,150,4,0.0
181,4,10,150,4,0.0
182,4,10,150,4,0.0
183,4,10,150,4,0.0
184,4,10,150,4,0.0
185,4,10,150,4,0.0
186,4,10,150,4,0.24630238874073
187,4,10,150,4,0.0
188,4,10,150,4,0.0
189,4,10,150,4,0.3903800499921017
190,4,10,150,4,0.0
191,4,10,150,4,0.0
192,4,10,150,4,0.0
193,4,10,150,4,0.0
194,4,10,150,4,0.0
195,4,10,150,4,0.0
196,4,10,150,4,0.0
197,4,10,150,4,0.0
198,4,10,150,4,0.0
199,4,10,150,4,0.0
200,4,10,150,4,0.0
201,4,10,150,4,0.0
203,4,10,150,4,0.0
204,4,10,150,4,0.0
205,4,10,150,4,0.0
206,4,10,150,4,0.0
207,4,10,150,4,0.0
209,4,10,150,4,0.0
210,4,10,150,4,0.0
211,4,10,150,4,0.0
212,4,10,150,4,0.0
213,4,10,150,4,0.0
214,4,10,150,4,0.0
215,4,10,150,4,0.0
216,4,10,150,4,0.0
217,4,10,150,4,0.0
218,4,10,150,4,0.24630238874073
219,4,10,150,4,0.0
221,4,10,150,4,0.24630238874073
222,4,10,150,4,0.16812753627111746
223,4,10,150,4,0.0
224,4,10,150,4,0.0
225,4,10,150,4,0.0
226,4,10,150,4,0.0
227,4,10,150,4,0.0
228,4,10,150,4,0.0
229,4,10,150,4,0.0
230,4,10,150,4,0.0
231,4,10,150,4,0.0
232,4,10,150,4,0.3903800499921017
233,4,10,150,4,0.0
234,4,10,150,4,0.0
235,4,10,150,4,0.0
236,4,10,150,4,0.0
237,4,10,150,4,0.0
238,4,10,150,4,0.0
239,4,10,150,4,0.0
240,4,10,150,4,0.0
242,4,10,150,4,0.0
243,4,10,150,4,0.0
244,4,10,150,4,0.0
245,4,10,150,4,0.0
246,4,10,150,4,0.16812753627111746
247,4,10,150,4,0.0
248,4,10,150,4,0.0
249,4,10,150,4,0.0
250,4,10,150,4,0.3903800499921017
251,4,10,150,4,0.0
252,4,10,150,4,0.0
253,4,10,150,4,0.0
254,4,10,150,4,0.0
255,4,10,150,4,0.0
256,4,10,150,4,0.24630238874073
257,4,10,150,4,0.0
258,4,10,150,4,0.0
259,4,10,150,4,0.0
260,4,10,150,4,0.0
261,4,10,150,4,0.0
262,4,10,150,4,0.0
263,4,10,150,4,0.0
264,4,10,150,4,0.0
265,4,10,150,4,0.0
267,4,10,150,4,0.0
268,4,10,150,4,0.0
269,4,10,150,4,0.19519002499605084
270,4,10,150,4,0.0
271,4,10,150,4,0.0
272,4,10,150,4,0.0
273,4,10,150,4,0.0
274,4,10,150,4,0.0
275,4,10,150,4,0.0
276,4,10,150,4,0.3903800499921017
277,4,10,150,4,0.0
279,4,10,150,4,0.0
280,4,10,150,4,0.0
281,4,10,150,4,0.0
283,4,10,150,4,0.0
284,4,10,150,4,0.0
285,4,10,150,4,0.0
286,4,10,150,4,0.4144299250118475
287,4,10,150,4,0.0
288,4,10,150,4,0.0
289,4,10,150,4,0.0
290,4,10,150,4,0.0
291,4,10,150,4,0.16812753627111746
292,4,10,150,4,0.0
293,4,10,150,4,0.24630238874073
294,4,10,150,4,0.0
295,4,10,150,4,0.3903800499921017
296,4,10,150,4,0.5855700749881525
297,4,10,150,4,0.0
298,4,10,150,4,0.16812753627111746
299,4,10,150,4,0.0
300,4,10,150,4,0.0
301,4,10,150,4,0.0
303,4,10,150,4,0.0
304,4,10,150,4,0.0
305,4,10,150,4,0.3903800499921017
306,4,10,150,4,0.0
307,4,10,150,4,0.0
308,4,10,150,4,0.0
309,4,10,150,4,0.0
310,4,10,150,4,0.0
311,4,10,150,4,0.0
312,4,10,150,4,0.0
313,4,10,150,4,0.0
314,4,10,150,4,0.3903800499921017
315,4,10,150,4,0.0
316,4,10,150,4,0.0
317,4,10,150,4,0.0
318,4,10,150,4,0.0
319,4,10,150,4,0.0
320,4,10,150,4,0.0
321,4,10,150,4,0.0
322,4,10,150,4,0.24630238874073
323,4,10,150,4,0.0
324,4,10,150,4,0.0
325,4,10,150,4,0.0
326,4,10,150,4,0.0
327,4,10,150,4,0.0
328,4,10,150,4,0.19519002499605084
329,4,10,150,4,0.0
330,4,10,150,4,0.0
331,4,10,150,4,0.19519002499605084
332,4,10,150,4,0.0
333,4,10,150,4,0.0
334,4,10,150,4,0.0
336,4,10,150,4,0.0
337,4,10,150,4,0.0
338,4,10,150,4,0.0
339,4,10,150,4,0.0
340,4,10,150,4,0.0
341,4,10,150,4,0.0
342,4,10,150,4,0.3903800499921017
343,4,10,150,4,0.3903800499921017
344,4,10,150,4,0.16812753627111746
345,4,10,150,4,0.0
346,4,10,150,4,0.16812753627111746
347,4,10,150,4,0.0
348,4,10,150,4,0.0
349,4,10,150,4,0.0
350,4,10,150,4,0.0
351,4,10,150,4,0.0
352,4,10,150,4,0.0
353,4,10,150,4,0.0
354,4,10,150,4,0.0
355,4,10,150,4,0.0
356,4,10,150,4,0.0
357,4,10,150,4,0.0
358,4,10,150,4,0.0
359,4,10,150,4,0.0
360,4,10,150,4,0.0
361,4,10,150,4,0.0
362,4,10,150,4,0.0
363,4,10,150,4,0.3903800499921017
364,4,10,150,4,0.0
365,4,10,150,4,0.0
366,4,10,150,4,0.0
367,4,10,150,4,0.0
368,4,10,150,4,0.0
369,4,10,150,4,0.0
370,4,10,150,4,0.0
371,4,10,150,4,0.0
372,4,10,150,4,0.0
373,4,10,150,4,0.0
374,4,10,150,4,0.0
375,4,10,150,4,0.0
376,4,10,150,4,0.0
377,4,10,150,4,0.0
378,4,10,150,4,0.5855700749881525
379,4,10,150,4,0.0
380,4,10,150,4,0.0
381,4,10,150,4,0.0
382,4,10,150,4,0.0
383,4,10,150,4,0.0
384,4,10,150,4,0.0
385,4,10,150,4,0.0
386,4,10,150,4,0.0
387,4,10,150,4,0.0
388,4,10,150,4,0.0
389,4,10,150,4,0.0
390,4,10,150,4,0.0
391,4,10,150,4,0.16812753627111746
392,4,10,150,4,0.0
393,4,10,150,4,0.0
394,4,10,150,4,0.0
395,4,10,150,4,0.0
396,4,10,150,4,0.0
397,4,10,150,4,0.3903800499921017
398,4,10,150,4,0.16812753627111746
399,4,10,150,4,0.0
400,4,10,150,4,0.0
401,4,10,150,4,0.0
402,4,10,150,4,0.0
403,4,10,150,4,0.0
404,4,10,150,4,0.0
405,4,10,150,4,0.24630238874073
406,4,10,150,4,0.0
407,4,10,150,4,0.0
408,4,10,150,4,0.0
409,4,10,150,4,0.0
410,4,10,150,4,0.0
411,4,10,150,4,0.0
412,4,10,150,4,0.0
413,4,10,150,4,0.0
414,4,10,150,4,0.0
415,4,10,150,4,0.0
416,4,10,150,4,0.3903800499921017
417,4,10,150,4,0.0
418,4,10,150,4,0.0
419,4,10,150,4,0.0
420,4,10,150,4,0.0
421,4,10,150,4,0.0
422,4,10,150,4,0.0
423,4,10,150,4,0.0
424,4,10,150,4,0.3903800499921017
425,4,10,150,4,0.5855700749881525
426,4,10,150,4,0.0
427,4,10,150,4,0.0
428,4,10,150,4,0.0
429,4,10,150,4,0.6366824387328317
430,4,10,150,4,0.0
431,4,10,150,4,0.0
432,4,10,150,4,0.0
433,4,10,150,4,0.0
434,4,10,150,4,0.19519002499605084
435,4,10,150,4,0.19519002499605084
436,4,10,150,4,0.0
437,4,10,150,4,0.0
438,4,10,150,4,0.0
439,4,10,150,4,0.0
440,4,10,150,4,0.0
441,4,10,150,4,0.0
442,4,10,150,4,0.0
443,4,10,150,4,0.0
444,4,10,150,4,0.0
445,4,10,150,4,0.0
446,4,10,150,4,0.0
447,4,10,150,4,0.3903800499921017
448,4,10,150,4,0.0
449,4,10,150,4,0.16812753627111746
450,4,10,150,4,0.19519002499605084
451,4,10,150,4,0.0
452,4,10,150,4,0.0
453,4,10,150,4,0.0
454,4,10,150,4,0.0
455,4,10,150,4,0.24630238874073
456,4,10,150,4,0.0
457,4,10,150,4,0.5585075862632192
458,4,10,150,4,0.0
459,4,10,150,4,0.0
460,4,10,150,4,0.0
461,4,10,150,4,0.0
462,4,10,150,4,0.0
463,4,10,150,4,0.3903800499921017
464,4,10,150,4,0.0
465,4,10,150,4,0.0
466,4,10,150,4,0.0
467,4,10,150,4,0.0
468,4,10,150,4,0.0
469,4,10,150,4,0.0
470,4,10,150,4,0.0
471,4,10,150,4,0.0
472,4,10,150,4,0.0
473,4,10,150,4,0.0
474,4,10,150,4,0.0
475,4,10,150,4,0.0
476,4,10,150,4,0.0
477,4,10,150,4,0.0
478,4,10,150,4,0.44149241373678083
479,4,10,150,4,0.0
480,4,10,150,4,0.0
481,4,10,150,4,0.0
482,4,10,150,4,0.0
483,4,10,150,4,0.0
484,4,10,150,4,0.16812753627111746
485,4,10,150,4,0.0
486,4,10,150,4,0.0
487,4,10,150,4,0.0
488,4,10,150,4,0.0
489,4,10,150,4,0.0
490,4,10,150,4,0.0
491,4,10,150,4,0.0
492,4,10,150,4,0.0
493,4,10,150,4,0.0
494,4,10,150,4,0.0
495,4,10,150,4,0.0
496,4,10,150,4,0.0
497,4,10,150,4,0.0
498,4,10,150,4,0.0
499,4,10,150,4,0.0
500,4,10,150,4,0.16812753627111746
501,4,10,150,4,0.0
502,4,10,150,4,0.0
503,4,10,150,4,0.0
504,4,10,150,4,0.0
505,4,10,150,4,0.24630238874073
506,4,10,150,4,0.0
507,4,10,150,4,0.0
508,4,10,150,4,0.0
509,4,10,150,4,0.0
510,4,10,150,4,0.0
511,4,10,150,4,0.0
512,4,10,150,4,0.0
513,4,10,150,4,0.0
514,4,10,150,4,0.6096199500078984
515,4,10,150,4,0.0
516,4,10,150,4,0.0
517,4,10,150,4,0.0
518,4,10,150,4,0.0
519,4,10,150,4,0.0
520,4,10,150,4,0.0
521,4,10,150,4,0.19519002499605084
522,4,10,150,4,0.0
523,4,10,150,4,0.0
524,4,10,150,4,0.3903800499921017
525,4,10,150,4,0.0
526,4,10,150,4,0.0
527,4,10,150,4,0.0
528,4,10,150,4,0.0
529,4,10,150,4,0.0
530,4,10,150,4,0.0
531,4,10,150,4,0.0
532,4,10,150,4,0.8318724637288826
533,4,10,150,4,0.0
534,4,10,150,4,0.0
535,4,10,150,4,0.0
536,4,10,150,4,0.24630238874073
537,4,10,150,4,0.24630238874073
538,4,10,150,4,0.0
539,4,10,150,4,0.0
540,4,10,150,4,0.0
541,4,10,150,4,0.0
542,4,10,150,4,0.0
543,4,10,150,4,0.0
544,4,10,150,4,0.0
545,4,10,150,4,0.0
546,4,10,150,4,0.0
547,4,10,150,4,0.0
548,4,10,150,4,0.0
549,4,10,150,4,0.0
550,4,10,150,4,0.0
551,4,10,150,4,0.0
552,4,10,150,4,0.0
553,4,10,150,4,0.0
554,4,10,150,4,0.3903800499921017
555,4,10,150,4,0.0
556,4,10,150,4,0.0
557,4,10,150,4,0.0
558,4,10,150,4,0.0
559,4,10,150,4,0.0
560,4,10,150,4,0.0
561,4,10,150,4,0.0
562,4,10,150,4,0.0
563,4,10,150,4,0.0
564,4,10,150,4,0.0
565,4,10,150,4,0.0
566,4,10,150,4,0.0
567,4,10,150,4,0.0
568,4,10,150,4,0.0
569,4,10,150,4,0.24630238874073
570,4,10,150,4,0.0
571,4,10,150,4,0.0
572,4,10,150,4,0.16812753627111746
573,4,10,150,4,0.0
574,4,10,150,4,0.0
575,4,10,150,4,0.0
576,4,10,150,4,0.0
577,4,10,150,4,0.36331756126716835
578,4,10,150,4,0.0
579,4,10,150,4,0.0
580,4,10,150,4,0.0
581,4,10,150,4,0.0
582,4,10,150,4,0.0
583,4,10,150,4,0.0
584,4,10,150,4,0.0
585,4,10,150,4,0.0
586,4,10,150,4,0.24630238874073
587,4,10,150,4,0.0
588,4,10,150,4,0.3903800499921017
589,4,10,150,4,0.0
590,4,10,150,4,0.0
591,4,10,150,4,0.0
592,4,10,150,4,0.6366824387328317
593,4,10,150,4,0.0
594,4,10,150,4,0.0
595,4,10,150,4,0.0
596,4,10,150,4,0.0
597,4,10,150,4,0.3903800499921017
598,4,10,150,4,0.0
599,4,10,150,4,0.0
600,4,10,150,4,0.0
601,4,10,150,4,0.0
602,4,10,150,4,0.0
603,4,10,150,4,0.0
604,4,10,150,4,0.0
605,4,10,150,4,0.6366824387328317
606,4,10,150,4,0.16812753627111746
607,4,10,150,4,0.0
608,4,10,150,4,0.0
609,4,10,150,4,0.0
610,4,10,150,4,0.3903800499921017
611,4,10,150,4,0.0
612,4,10,150,4,0.0
613,4,10,150,4,0.0
614,4,10,150,4,0.0
615,4,10,150,4,0.0
616,4,10,150,4,0.0
617,4,10,150,4,0.0
618,4,10,150,4,0.24630238874073
619,4,10,150,4,0.0
620,4,10,150,4,0.0
621,4,10,150,4,0.0
622,4,10,150,4,0.0
623,4,10,150,4,0.0
624,4,10,150,4,0.0
625,4,10,150,4,0.0
626,4,10,150,4,0.0
627,4,10,150,4,0.16812753627111746
628,4,10,150,4,0.0
629,4,10,150,4,0.0
630,4,10,150,4,0.3903800499921017
631,4,10,150,4,0.0
632,4,10,150,4,0.0
633,4,10,150,4,0.0
634,4,10,150,4,0.0
635,4,10,150,4,0.0
636,4,10,150,4,0.0
637,4,10,150,4,0.0
638,4,10,150,4,0.0
639,4,10,150,4,0.0
640,4,10,150,4,0.0
641,4,10,150,4,0.16812753627111746
642,4,10,150,4,0.0
643,4,10,150,4,0.0
644,4,10,150,4,0.0
645,4,10,150,4,0.19519002499605084
646,4,10,150,4,0.0
647,4,10,150,4,0.0
648,4,10,150,4,0.19519002499605084
649,4,10,150,4,0.19519002499605084
650,4,10,150,4,0.16812753627111746
651,4,10,150,4,0.0
652,4,10,150,4,0.0
653,4,10,150,4,0.44149241373678083
654,4,10,150,4,0.3903800499921017
655,4,10,150,4,0.0
656,4,10,150,4,0.0
657,4,10,150,4,0.0
658,4,10,150,4,0.3903800499921017
659,4,10,150,4,0.0
660,4,10,150,4,0.0
661,4,10,150,4,0.0
662,4,10,150,4,0.0
663,4,10,150,4,0.3903800499921017
664,4,10,150,4,0.36331756126716835
665,4,10,150,4,0.0
666,4,10,150,4,0.5585075862632192
667,4,10,150,4,0.0
668,4,10,150,4,0.0
669,4,10,150,4,0.0
670,4,10,150,4,0.0
671,4,10,150,4,0.0
672,4,10,150,4,0.0
673,4,10,150,4,0.0
674,4,10,150,4,0.0
675,4,10,150,4,0.0
676,4,10,150,4,0.19519002499605084
677,4,10,150,4,0.0
678,4,10,150,4,0.0
679,4,10,150,4,0.0
680,4,10,150,4,0.0
681,4,10,150,4,0.0
682,4,10,150,4,0.3903800499921017
683,4,10,150,4,0.0
684,4,10,150,4,0.0
685,4,10,150,4,0.0
686,4,10,150,4,0.0
687,4,10,150,4,0.0
688,4,10,150,4,0.0
689,4,10,150,4,0.0
690,4,10,150,4,0.0
691,4,10,150,4,0.0
692,4,10,150,4,0.0
693,4,10,150,4,0.0
694,4,10,150,4,0.16812753627111746
695,4,10,150,4,0.0
696,4,10,150,4,0.0
697,4,10,150,4,0.0
698,4,10,150,4,0.0
699,4,10,150,4,0.24630238874073
700,4,10,150,4,0.0
701,4,10,150,4,0.0
702,4,10,150,4,0.0
703,4,10,150,4,0.24630238874073
704,4,10,150,4,0.0
705,4,10,150,4,0.0
706,4,10,150,4,0.0
707,4,10,150,4,0.0
708,4,10,150,4,0.0
709,4,10,150,4,0.24630238874073
710,4,10,150,4,0.0
711,4,10,150,4,0.0
712,4,10,150,4,0.0
713,4,10,150,4,0.0
714,4,10,150,4,0.0
715,4,10,150,4,0.0
716,4,10,150,4,0.0
717,4,10,150,4,0.0
718,4,10,150,4,0.0
719,4,10,150,4,0.0
720,4,10,150,4,0.0
721,4,10,150,4,0.0
722,4,10,150,4,0.0
723,4,10,150,4,0.0
724,4,10,150,4,0.0
725,4,10,150,4,0.0
726,4,10,150,4,0.0
727,4,10,150,4,0.0
728,4,10,150,4,0.0
729,4,10,150,4,0.0
730,4,10,150,4,0.0
731,4,10,150,4,0.0
732,4,10,150,4,0.0
733,4,10,150,4,0.0
734,4,10,150,4,0.0
735,4,10,150,4,0.0
736,4,10,150,4,0.0
737,4,10,150,4,0.0
738,4,10,150,4,0.0
739,4,10,150,4,0.0
740,4,10,150,4,0.0
741,4,10,150,4,0.16812753627111746
742,4,10,150,4,0.0
743,4,10,150,4,0.0
744,4,10,150,4,0.0
745,4,10,150,4,0.0
746,4,10,150,4,0.3903800499921017
747,4,10,150,4,1.0
748,4,10,150,4,0.19519002499605084
749,4,10,150,4,0.0
750,4,10,150,4,0.0
751,4,10,150,4,0.0
752,4,10,150,4,0.0
753,4,10,150,4,0.24630238874073
754,4,10,150,4,0.0
755,4,10,150,4,0.0
756,4,10,150,4,0.0
757,4,10,150,4,0.0
758,4,10,150,4,0.3903800499921017
759,4,10,150,4,0.0
760,4,10,150,4,0.0
761,4,10,150,4,0.0
762,4,10,150,4,0.0
763,4,10,150,4,0.0
764,4,10,150,4,0.24630238874073
765,4,10,150,4,0.16812753627111746
766,4,10,150,4,0.0
767,4,10,150,4,0.0
768,4,10,150,4,0.0
769,4,10,150,4,0.0
770,4,10,150,4,0.24630238874073
771,4,10,150,4,0.3903800499921017
772,4,10,150,4,0.0
773,4,10,150,4,0.16812753627111746
774,4,10,150,4,0.0
775,4,10,150,4,0.0
776,4,10,150,4,0.0
777,4,10,150,4,0.0
778,4,10,150,4,0.19519002499605084
779,4,10,150,4,0.0
780,4,10,150,4,0.0
781,4,10,150,4,0.0
782,4,10,150,4,0.0
783,4,10,150,4,0.0
784,4,10,150,4,0.0
785,4,10,150,4,0.0
786,4,10,150,4,0.0
787,4,10,150,4,0.0
788,4,10,150,4,0.6366824387328317
789,4,10,150,4,0.0
790,4,10,150,4,0.0
791,4,10,150,4,0.0
792,4,10,150,4,0.0
793,4,10,150,4,0.0
794,4,10,150,4,0.0
795,4,10,150,4,0.0
796,4,10,150,4,0.3903800499921017
797,4,10,150,4,0.0
798,4,10,150,4,0.24630238874073
799,4,10,150,4,0.0
800,4,10,150,4,0.0
801,4,10,150,4,0.0
802,4,10,150,4,0.19519002499605084
803,4,10,150,4,0.0
804,4,10,150,4,0.16812753627111746
805,4,10,150,4,0.36331756126716835
806,4,10,150,4,0.6366824387328317
807,4,10,150,4,0.0
808,4,10,150,4,0.0
809,4,10,150,4,0.0
810,4,10,150,4,0.0
811,4,10,150,4,0.0
812,4,10,150,4,0.0
813,4,10,150,4,0.0
814,4,10,150,4,0.0
815,4,10,150,4,0.0
816,4,10,150,4,0.0
817,4,10,150,4,0.0
818,4,10,150,4,0.0
819,4,10,150,4,0.0
820,4,10,150,4,0.0
821,4,10,150,4,0.3903800499921017
822,4,10,150,4,0.0
823,4,10,150,4,0.0
824,4,10,150,4,0.0
825,4,10,150,4,0.0
826,4,10,150,4,0.3903800499921017
827,4,10,150,4,0.0
828,4,10,150,4,0.0
829,4,10,150,4,0.0
830,4,10,150,4,0.16812753627111746
831,4,10,150,4,0.5585075862632192
832,4,10,150,4,0.0
833,4,10,150,4,0.0
834,4,10,150,4,0.3903800499921017
835,4,10,150,4,0.0
836,4,10,150,4,0.0
837,4,10,150,4,0.0
838,4,10,150,4,0.3903800499921017
839,4,10,150,4,0.0
840,4,10,150,4,0.6366824387328317
841,4,10,150,4,0.0
842,4,10,150,4,0.0
843,4,10,150,4,0.0
844,4,10,150,4,0.0
845,4,10,150,4,0.0
846,4,10,150,4,0.3903800499921017
847,4,10,150,4,0.0
848,4,10,150,4,0.0
849,4,10,150,4,0.0
850,4,10,150,4,0.24630238874073
851,4,10,150,4,0.0
852,4,10,150,4,0.3903800499921017
853,4,10,150,4,0.0
854,4,10,150,4,0.0
855,4,10,150,4,0.0
856,4,10,150,4,0.0
857,4,10,150,4,0.0
858,4,10,150,4,0.0
859,4,10,150,4,0.0
860,4,10,150,4,0.0
861,4,10,150,4,0.0
862,4,10,150,4,0.0
863,4,10,150,4,0.0
864,4,10,150,4,0.6366824387328317
865,4,10,150,4,0.0
866,4,10,150,4,0.0
867,4,10,150,4,0.0
868,4,10,150,4,0.19519002499605084
869,4,10,150,4,0.0
870,4,10,150,4,0.75369761125927
871,4,10,150,4,0.0
872,4,10,150,4,0.0
873,4,10,150,4,0.0
874,4,10,150,4,0.0
875,4,10,150,4,0.16812753627111746
876,4,10,150,4,0.0
877,4,10,150,4,0.0
878,4,10,150,4,0.5855700749881525
879,4,10,150,4,0.0
880,4,10,150,4,0.6366824387328317
881,4,10,150,4,0.0
882,4,10,150,4,0.3903800499921017
883,4,10,150,4,0.6366824387328317
884,4,10,150,4,0.16812753627111746
885,4,10,150,4,0.0
886,4,10,150,4,0.24630238874073
887,4,10,150,4,0.16812753627111746
888,4,10,150,4,0.0
889,4,10,150,4,0.0
890,4,10,150,4,0.0
891,4,10,150,4,0.0
892,4,10,150,4,0.24630238874073
893,4,10,150,4,0.16812753627111746
894,4,10,150,4,0.24630238874073
895,4,10,150,4,0.0
896,4,10,150,4,0.8318724637288826
897,4,10,150,4,0.5855700749881525
898,4,10,150,4,0.0
899,4,10,150,4,0.0
900,4,10,150,4,0.0
901,4,10,150,4,0.4144299250118475
902,4,10,150,4,0.0
903,4,10,150,4,0.24630238874073
904,4,10,150,4,0.0
905,4,10,150,4,0.0
906,4,10,150,4,0.0
907,4,10,150,4,0.0
908,4,10,150,4,0.0
909,4,10,150,4,0.0
910,4,10,150,4,0.0
911,4,10,150,4,0.0
912,4,10,150,4,0.0
913,4,10,150,4,0.0
914,4,10,150,4,0.0
915,4,10,150,4,0.0
916,4,10,150,4,1.0
917,4,10,150,4,0.0
918,4,10,150,4,0.19519002499605084
919,4,10,150,4,0.19519002499605084
920,4,10,150,4,0.0
921,4,10,150,4,0.19519002499605084
922,4,10,150,4,0.16812753627111746
923,4,10,150,4,0.0
924,4,10,150,4,0.0
925,4,10,150,4,0.0
926,4,10,150,4,0.0
927,4,10,150,4,0.0
928,4,10,150,4,0.24630238874073
929,4,10,150,4,0.24630238874073
930,4,10,150,4,0.0
931,4,10,150,4,0.0
932,4,10,150,4,0.0
933,4,10,150,4,0.0
934,4,10,150,4,0.19519002499605084
935,4,10,150,4,0.0
936,4,10,150,4,0.3903800499921017
937,4,10,150,4,0.0
938,4,10,150,4,0.24630238874073
939,4,10,150,4,0.0
940,4,10,150,4,0.0
941,4,10,150,4,0.0
942,4,10,150,4,0.0
943,4,10,150,4,0.36331756126716835
1,4,10,150,5,1.0
2,4,10,150,5,0.0
3,4,10,150,5,0.0
4,4,10,150,5,0.0
5,4,10,150,5,0.0
6,4,10,150,5,0.3391602052736161
7,4,10,150,5,0.5531464700081437
8,4,10,150,5,0.0
9,4,10,150,5,0.0
10,4,10,150,5,0.0
11,4,10,150,5,0.3391602052736161
12,4,10,150,5,0.0
13,4,10,150,5,0.0
14,4,10,150,5,0.0
15,4,10,150,5,0.0
16,4,10,150,5,0.0
17,4,10,150,5,0.0
18,4,10,150,5,0.5087403079104241
19,4,10,150,5,0.0
20,4,10,150,5,0.0
21,4,10,150,5,0.0
22,4,10,150,5,0.0
23,4,10,150,5,0.13120507751234178
24,4,10,150,5,0.0
25,4,10,150,5,0.0
26,4,10,150,5,0.0
27,4,10,150,5,0.0
28,4,10,150,5,0.0
29,4,10,150,5,0.0
30,4,10,150,5,0.0
31,4,10,150,5,0.0
32,4,10,150,5,0.0
33,4,10,150,5,0.0
35,4,10,150,5,0.0
36,4,10,150,5,0.0
37,4,10,150,5,0.0
38,4,10,150,5,0.0
39,4,10,150,5,0.0
40,4,10,150,5,0.0
41,4,10,150,5,0.0
42,4,10,150,5,0.0
43,4,10,150,5,0.3391602052736161
44,4,10,150,5,0.14606834984270645
45,4,10,150,5,0.0
46,4,10,150,5,0.0
47,4,10,150,5,0.0
48,4,10,150,5,0.0
49,4,10,150,5,0.0
50,4,10,150,5,0.0
51,4,10,150,5,0.16812753627111746
52,4,10,150,5,0.0
54,4,10,150,5,0.0
56,4,10,150,5,0.16958010263680806
57,4,10,150,5,0.21398626473452756
58,4,10,150,5,0.3391602052736161
59,4,10,150,5,0.13120507751234178
60,4,10,150,5,0.0
61,4,10,150,5,0.0
62,4,10,150,5,0.0
63,4,10,150,5,0.0
64,4,10,150,5,0.0
65,4,10,150,5,0.0
66,4,10,150,5,0.0
67,4,10,150,5,0.0
68,4,10,150,5,0.3391602052736161
69,4,10,150,5,0.0
70,4,10,150,5,0.0
71,4,10,150,5,0.0
72,4,10,150,5,0.0
73,4,10,150,5,0.0
74,4,10,150,5,0.0
75,4,10,150,5,0.0
76,4,10,150,5,0.0
77,4,10,150,5,0.0
78,4,10,150,5,0.0
79,4,10,150,5,0.3391602052736161
80,4,10,150,5,0.0
81,4,10,150,5,0.0
82,4,10,150,5,0.3156484524795145
83,4,10,150,5,0.0
84,4,10,150,5,0.0
85,4,10,150,5,0.0
87,4,10,150,5,0.0
89,4,10,150,5,0.0
90,4,10,150,5,0.0
91,4,10,150,5,0.0
92,4,10,150,5,0.16958010263680806
93,4,10,150,5,0.0
94,4,10,150,5,0.0
95,4,10,150,5,0.3391602052736161
96,4,10,150,5,0.0
97,4,10,150,5,0.0
98,4,10,150,5,0.0
99,4,10,150,5,0.0
100,4,10,150,5,0.0
101,4,10,150,5,0.0
102,4,10,150,5,0.0
103,4,10,150,5,0.0
104,4,10,150,5,0.0
105,4,10,150,5,0.0
106,4,10,150,5,0.0
107,4,10,150,5,0.0
108,4,10,150,5,0.0
109,4,10,150,5,0.0
110,4,10,150,5,0.0
111,4,10,150,5,0.0
112,4,10,150,5,0.0
113,4,10,150,5,0.0
114,4,10,150,5,0.0
115,4,10,150,5,0.0
116,4,10,150,5,0.0
117,4,10,150,5,0.14606834984270645
118,4,10,150,5,0.0
119,4,10,150,5,0.0
120,4,10,150,5,0.0
121,4,10,150,5,0.14606834984270645
122,4,10,150,5,0.0
123,4,10,150,5,0.0
125,4,10,150,5,0.0
126,4,10,150,5,0.0
127,4,10,150,5,0.0
128,4,10,150,5,0.0
129,4,10,150,5,0.0
130,4,10,150,5,0.3391602052736161
131,4,10,150,5,0.0
133,4,10,150,5,0.0
134,4,10,150,5,0.0
135,4,10,150,5,0.0
137,4,10,150,5,0.0
138,4,10,150,5,0.0
139,4,10,150,5,0.0
141,4,10,150,5,0.0
142,4,10,150,5,0.0
143,4,10,150,5,0.0
144,4,10,150,5,0.14606834984270645
145,4,10,150,5,0.0
146,4,10,150,5,0.0
148,4,10,150,5,0.0
149,4,10,150,5,0.0
150,4,10,150,5,0.0
151,4,10,150,5,0.0
152,4,10,150,5,0.0
153,4,10,150,5,0.0
154,4,10,150,5,0.0
155,4,10,150,5,0.0
156,4,10,150,5,0.0
158,4,10,150,5,0.0
159,4,10,150,5,0.0
160,4,10,150,5,0.0
161,4,10,150,5,0.0
162,4,10,150,5,0.0
163,4,10,150,5,0.0
164,4,10,150,5,0.0
165,4,10,150,5,0.0
166,4,10,150,5,0.0
167,4,10,150,5,0.0
168,4,10,150,5,0.3391602052736161
169,4,10,150,5,0.0
170,4,10,150,5,0.0
171,4,10,150,5,0.0
172,4,10,150,5,0.0
173,4,10,150,5,0.0
174,4,10,150,5,0.13120507751234178
175,4,10,150,5,0.0
176,4,10,150,5,0.0
177,4,10,150,5,0.0
178,4,10,150,5,0.4703652827859579
179,4,10,150,5,0.0
180,4,10,150,5,0.0
181,4,10,150,5,0.0
182,4,10,150,5,0.0
183,4,10,150,5,0.0
184,4,10,150,5,0.0
185,4,10,150,5,0.0
186,4,10,150,5,0.21398626473452756
187,4,10,150,5,0.0
188,4,10,150,5,0.0
189,4,10,150,5,0.3391602052736161
190,4,10,150,5,0.0
191,4,10,150,5,0.0
192,4,10,150,5,0.0
193,4,10,150,5,0.0
194,4,10,150,5,0.0
195,4,10,150,5,0.0
196,4,10,150,5,0.0
197,4,10,150,5,0.0
198,4,10,150,5,0.0
199,4,10,150,5,0.0
200,4,10,150,5,0.0
201,4,10,150,5,0.13120507751234178
203,4,10,150,5,0.0
204,4,10,150,5,0.0
205,4,10,150,5,0.0
206,4,10,150,5,0.0
207,4,10,150,5,0.0
209,4,10,150,5,0.0
210,4,10,150,5,0.0
211,4,10,150,5,0.0
212,4,10,150,5,0.0
213,4,10,150,5,0.0
214,4,10,150,5,0.0
215,4,10,150,5,0.0
216,4,10,150,5,0.0
217,4,10,150,5,0.0
218,4,10,150,5,0.21398626473452756
219,4,10,150,5,0.0
221,4,10,150,5,0.34519134224686937
222,4,10,150,5,0.27727342735504823
223,4,10,150,5,0.0
224,4,10,150,5,0.0
225,4,10,150,5,0.0
226,4,10,150,5,0.0
227,4,10,150,5,0.0
228,4,10,150,5,0.0
229,4,10,150,5,0.0
230,4,10,150,5,0.0
231,4,10,150,5,0.0
232,4,10,150,5,0.3391602052736161
233,4,10,150,5,0.0
234,4,10,150,5,0.0
235,4,10,150,5,0.0
236,4,10,150,5,0.0
237,4,10,150,5,0.0
238,4,10,150,5,0.0
239,4,10,150,5,0.0
240,4,10,150,5,0.0
242,4,10,150,5,0.0
243,4,10,150,5,0.0
244,4,10,150,5,0.0
245,4,10,150,5,0.0
246,4,10,150,5,0.14606834984270645
247,4,10,150,5,0.0
248,4,10,150,5,0.0
249,4,10,150,5,0.0
250,4,10,150,5,0.3391602052736161
251,4,10,150,5,0.0
252,4,10,150,5,0.0
253,4,10,150,5,0.0
254,4,10,150,5,0.0
255,4,10,150,5,0.0
256,4,10,150,5,0.21398626473452756
257,4,10,150,5,0.15101961822780524
258,4,10,150,5,0.0
259,4,10,150,5,0.0
260,4,10,150,5,0.0
261,4,10,150,5,0.0
262,4,10,150,5,0.0
263,4,10,150,5,0.0
264,4,10,150,5,0.0
265,4,10,150,5,0.0
267,4,10,150,5,0.0
268,4,10,150,5,0.13120507751234178
269,4,10,150,5,0.16958010263680806
270,4,10,150,5,0.0
271,4,10,150,5,0.0
272,4,10,150,5,0.0
273,4,10,150,5,0.0
274,4,10,150,5,0.0
275,4,10,150,5,0.0
276,4,10,150,5,0.3391602052736161
277,4,10,150,5,0.0
279,4,10,150,5,0.13120507751234178
280,4,10,150,5,0.0
281,4,10,150,5,0.0
283,4,10,150,5,0.0
284,4,10,150,5,0.0
285,4,10,150,5,0.0
286,4,10,150,5,0.4912596920895758
287,4,10,150,5,0.0
288,4,10,150,5,0.0
289,4,10,150,5,0.0
290,4,10,150,5,0.0
291,4,10,150,5,0.14606834984270645
292,4,10,150,5,0.0
293,4,10,150,5,0.21398626473452756
294,4,10,150,5,0.0
295,4,10,150,5,0.3391602052736161
296,4,10,150,5,0.639945385422766
297,4,10,150,5,0.0
298,4,10,150,5,0.14606834984270645
299,4,10,150,5,0.0
300,4,10,150,5,0.0
301,4,10,150,5,0.0
303,4,10,150,5,0.13120507751234178
304,4,10,150,5,0.0
305,4,10,150,5,0.3391602052736161
306,4,10,150,5,0.0
307,4,10,150,5,0.0
308,4,10,150,5,0.0
309,4,10,150,5,0.0
310,4,10,150,5,0.0
311,4,10,150,5,0.0
312,4,10,150,5,0.0
313,4,10,150,5,0.13120507751234178
314,4,10,150,5,0.3391602052736161
315,4,10,150,5,0.0
316,4,10,150,5,0.0
317,4,10,150,5,0.0
318,4,10,150,5,0.0
319,4,10,150,5,0.0
320,4,10,150,5,0.0
321,4,10,150,5,0.0
322,4,10,150,5,0.21398626473452756
323,4,10,150,5,0.0
324,4,10,150,5,0.0
325,4,10,150,5,0.0
326,4,10,150,5,0.0
327,4,10,150,5,0.0
328,4,10,150,5,0.16958010263680806
329,4,10,150,5,0.0
330,4,10,150,5,0.0
331,4,10,150,5,0.16958010263680806
332,4,10,150,5,0.0
333,4,10,150,5,0.0
334,4,10,150,5,0.13120507751234178
336,4,10,150,5,0.0
337,4,10,150,5,0.0
338,4,10,150,5,0.0
339,4,10,150,5,0.0
340,4,10,150,5,0.0
341,4,10,150,5,0.0
342,4,10,150,5,0.3391602052736161
343,4,10,150,5,0.3391602052736161
344,4,10,150,5,0.14606834984270645
345,4,10,150,5,0.0
346,4,10,150,5,0.27727342735504823
347,4,10,150,5,0.0
348,4,10,150,5,0.0
349,4,10,150,5,0.0
350,4,10,150,5,0.0
351,4,10,150,5,0.0
352,4,10,150,5,0.0
353,4,10,150,5,0.0
354,4,10,150,5,0.0
355,4,10,150,5,0.0
356,4,10,150,5,0.0
357,4,10,150,5,0.0
358,4,10,150,5,0.0
359,4,10,150,5,0.0
360,4,10,150,5,0.0
361,4,10,150,5,0.0
362,4,10,150,5,0.0
363,4,10,150,5,0.3391602052736161
364,4,10,150,5,0.0
365,4,10,150,5,0.0
366,4,10,150,5,0.0
367,4,10,150,5,0.0
368,4,10,150,5,0.0
369,4,10,150,5,0.0
370,4,10,150,5,0.13120507751234178
371,4,10,150,5,0.0
372,4,10,150,5,0.0
373,4,10,150,5,0.0
374,4,10,150,5,0.0
375,4,10,150,5,0.0
376,4,10,150,5,0.0
377,4,10,150,5,0.0
378,4,10,150,5,0.5087403079104241
379,4,10,150,5,0.0
380,4,10,150,5,0.0
381,4,10,150,5,0.0
382,4,10,150,5,0.0
383,4,10,150,5,0.0
384,4,10,150,5,0.0
385,4,10,150,5,0.0
386,4,10,150,5,0.0
387,4,10,150,5,0.0
388,4,10,150,5,0.0
389,4,10,150,5,0.0
390,4,10,150,5,0.0
391,4,10,150,5,0.14606834984270645
392,4,10,150,5,0.0
393,4,10,150,5,0.0
394,4,10,150,5,0.0
395,4,10,150,5,0.0
396,4,10,150,5,0.0
397,4,10,150,5,0.3391602052736161
398,4,10,150,5,0.27727342735504823
399,4,10,150,5,0.0
400,4,10,150,5,0.0
401,4,10,150,5,0.0
402,4,10,150,5,0.0
403,4,10,150,5,0.0
404,4,10,150,5,0.0
405,4,10,150,5,0.21398626473452756
406,4,10,150,5,0.13120507751234178
407,4,10,150,5,0.0
408,4,10,150,5,0.0
409,4,10,150,5,0.0
410,4,10,150,5,0.0
411,4,10,150,5,0.0
412,4,10,150,5,0.0
413,4,10,150,5,0.0
414,4,10,150,5,0.0
415,4,10,150,5,0.0
416,4,10,150,5,0.3391602052736161
417,4,10,150,5,0.0
418,4,10,150,5,0.0
419,4,10,150,5,0.0
420,4,10,150,5,0.0
421,4,10,150,5,0.0
422,4,10,150,5,0.0
423,4,10,150,5,0.0
424,4,10,150,5,0.3391602052736161
425,4,10,150,5,0.5087403079104241
426,4,10,150,5,0.0
427,4,10,150,5,0.0
428,4,10,150,5,0.0
429,4,10,150,5,0.5531464700081437
430,4,10,150,5,0.0
431,4,10,150,5,0.0
432,4,10,150,5,0.0
433,4,10,150,5,0.0
434,4,10,150,5,0.16958010263680806
435,4,10,150,5,0.16958010263680806
436,4,10,150,5,0.0
437,4,10,150,5,0.0
438,4,10,150,5,0.0
439,4,10,150,5,0.0
440,4,10,150,5,0.0
441,4,10,150,5,0.0
442,4,10,150,5,0.0
443,4,10,150,5,0.0
444,4,10,150,5,0.0
445,4,10,150,5,0.0
446,4,10,150,5,0.0
447,4,10,150,5,0.4703652827859579
448,4,10,150,5,0.0
449,4,10,150,5,0.14606834984270645
450,4,10,150,5,0.16958010263680806
451,4,10,150,5,0.0
452,4,10,150,5,0.0
453,4,10,150,5,0.0
454,4,10,150,5,0.0
455,4,10,150,5,0.21398626473452756
456,4,10,150,5,0.0
457,4,10,150,5,0.48522855511632257
458,4,10,150,5,0.0
459,4,10,150,5,0.0
460,4,10,150,5,0.0
461,4,10,150,5,0.0
462,4,10,150,5,0.0
463,4,10,150,5,0.3391602052736161
464,4,10,150,5,0.0
465,4,10,150,5,0.0
466,4,10,150,5,0.0
467,4,10,150,5,0.0
468,4,10,150,5,0.0
469,4,10,150,5,0.0
470,4,10,150,5,0.0
471,4,10,150,5,0.0
472,4,10,150,5,0.0
473,4,10,150,5,0.0
474,4,10,150,5,0.0
475,4,10,150,5,0.0
476,4,10,150,5,0.0
477,4,10,150,5,0.0
478,4,10,150,5,0.38356636737133565
479,4,10,150,5,0.0
480,4,10,150,5,0.0
481,4,10,150,5,0.0
482,4,10,150,5,0.0
483,4,10,150,5,0.0
484,4,10,150,5,0.27727342735504823
485,4,10,150,5,0.0
486,4,10,150,5,0.0
487,4,10,150,5,0.0
488,4,10,150,5,0.0
489,4,10,150,5,0.0
490,4,10,150,5,0.0
491,4,10,150,5,0.0
492,4,10,150,5,0.0
493,4,10,150,5,0.0
494,4,10,150,5,0.0
495,4,10,150,5,0.0
496,4,10,150,5,0.0
497,4,10,150,5,0.0
498,4,10,150,5,0.0
499,4,10,150,5,0.0
500,4,10,150,5,0.14606834984270645
501,4,10,150,5,0.0
502,4,10,150,5,0.0
503,4,10,150,5,0.0
504,4,10,150,5,0.0
505,4,10,150,5,0.21398626473452756
506,4,10,150,5,0.0
507,4,10,150,5,0.0
508,4,10,150,5,0.0
509,4,10,150,5,0.0
510,4,10,150,5,0.0
511,4,10,150,5,0.0
512,4,10,150,5,0.0
513,4,10,150,5,0.0
514,4,10,150,5,0.5296347172140421
515,4,10,150,5,0.13120507751234178
516,4,10,150,5,0.0
517,4,10,150,5,0.0
518,4,10,150,5,0.0
519,4,10,150,5,0.0
520,4,10,150,5,0.0
521,4,10,150,5,0.16958010263680806
522,4,10,150,5,0.0
523,4,10,150,5,0.0
524,4,10,150,5,0.3391602052736161
525,4,10,150,5,0.0
526,4,10,150,5,0.0
527,4,10,150,5,0.0
528,4,10,150,5,0.0
529,4,10,150,5,0.0
530,4,10,150,5,0.0
531,4,10,150,5,0.0
532,4,10,150,5,0.7227265726449519
533,4,10,150,5,0.0
534,4,10,150,5,0.0
535,4,10,150,5,0.0
536,4,10,150,5,0.21398626473452756
537,4,10,150,5,0.21398626473452756
538,4,10,150,5,0.0
539,4,10,150,5,0.0
540,4,10,150,5,0.0
541,4,10,150,5,0.0
542,4,10,150,5,0.0
543,4,10,150,5,0.0
544,4,10,150,5,0.0
545,4,10,150,5,0.0
546,4,10,150,5,0.0
547,4,10,150,5,0.0
548,4,10,150,5,0.0
549,4,10,150,5,0.0
550,4,10,150,5,0.0
551,4,10,150,5,0.0
552,4,10,150,5,0.0
553,4,10,150,5,0.0
554,4,10,150,5,0.3391602052736161
555,4,10,150,5,0.0
556,4,10,150,5,0.0
557,4,10,150,5,0.0
558,4,10,150,5,0.0
559,4,10,150,5,0.0
560,4,10,150,5,0.0
561,4,10,150,5,0.0
562,4,10,150,5,0.0
563,4,10,150,5,0.0
564,4,10,150,5,0.0
565,4,10,150,5,0.0
566,4,10,150,5,0.0
567,4,10,150,5,0.0
568,4,10,150,5,0.0
569,4,10,150,5,0.21398626473452756
570,4,10,150,5,0.0
571,4,10,150,5,0.0
572,4,10,150,5,0.16812753627111746
573,4,10,150,5,0.0
574,4,10,150,5,0.0
575,4,10,150,5,0.0
576,4,10,150,5,0.0
577,4,10,150,5,0.3156484524795145
578,4,10,150,5,0.0
579,4,10,150,5,0.0
580,4,10,150,5,0.0
581,4,10,150,5,0.0
582,4,10,150,5,0.0
583,4,10,150,5,0.0
584,4,10,150,5,0.0
585,4,10,150,5,0.0
586,4,10,150,5,0.21398626473452756
587,4,10,150,5,0.0
588,4,10,150,5,0.3391602052736161
589,4,10,150,5,0.0
590,4,10,150,5,0.0
591,4,10,150,5,0.0
592,4,10,150,5,0.5531464700081437
593,4,10,150,5,0.0
594,4,10,150,5,0.0
595,4,10,150,5,0.0
596,4,10,150,5,0.0
597,4,10,150,5,0.3391602052736161
598,4,10,150,5,0.0
599,4,10,150,5,0.0
600,4,10,150,5,0.0
601,4,10,150,5,0.0
602,4,10,150,5,0.0
603,4,10,150,5,0.0
604,4,10,150,5,0.0
605,4,10,150,5,0.5531464700081437
606,4,10,150,5,0.27727342735504823
607,4,10,150,5,0.0
608,4,10,150,5,0.0
609,4,10,150,5,0.0
610,4,10,150,5,0.3391602052736161
611,4,10,150,5,0.0
612,4,10,150,5,0.0
613,4,10,150,5,0.0
614,4,10,150,5,0.0
615,4,10,150,5,0.0
616,4,10,150,5,0.0
617,4,10,150,5,0.0
618,4,10,150,5,0.21398626473452756
619,4,10,150,5,0.0
620,4,10,150,5,0.0
621,4,10,150,5,0.0
622,4,10,150,5,0.13120507751234178
623,4,10,150,5,0.0
624,4,10,150,5,0.0
625,4,10,150,5,0.0
626,4,10,150,5,0.0
627,4,10,150,5,0.14606834984270645
628,4,10,150,5,0.0
629,4,10,150,5,0.0
630,4,10,150,5,0.3391602052736161
631,4,10,150,5,0.0
632,4,10,150,5,0.0
633,4,10,150,5,0.0
634,4,10,150,5,0.0
635,4,10,150,5,0.0
636,4,10,150,5,0.0
637,4,10,150,5,0.0
638,4,10,150,5,0.0
639,4,10,150,5,0.0
640,4,10,150,5,0.0
641,4,10,150,5,0.14606834984270645
642,4,10,150,5,0.0
643,4,10,150,5,0.13120507751234178
644,4,10,150,5,0.0
645,4,10,150,5,0.16958010263680806
646,4,10,150,5,0.0
647,4,10,150,5,0.0
648,4,10,150,5,0.16958010263680806
649,4,10,150,5,0.16958010263680806
650,4,10,150,5,0.14606834984270645
651,4,10,150,5,0.0
652,4,10,150,5,0.0
653,4,10,150,5,0.38356636737133565
654,4,10,150,5,0.3391602052736161
655,4,10,150,5,0.0
656,4,10,150,5,0.0
657,4,10,150,5,0.0
658,4,10,150,5,0.3391602052736161
659,4,10,150,5,0.0
660,4,10,150,5,0.0
661,4,10,150,5,0.0
662,4,10,150,5,0.0
663,4,10,150,5,0.3391602052736161
664,4,10,150,5,0.4468535299918563
665,4,10,150,5,0.0
666,4,10,150,5,0.6164336326286644
667,4,10,150,5,0.13120507751234178
668,4,10,150,5,0.0
669,4,10,150,5,0.0
670,4,10,150,5,0.0
671,4,10,150,5,0.0
672,4,10,150,5,0.0
673,4,10,150,5,0.0
674,4,10,150,5,0.0
675,4,10,150,5,0.0
676,4,10,150,5,0.16958010263680806
677,4,10,150,5,0.0
678,4,10,150,5,0.0
679,4,10,150,5,0.13120507751234178
680,4,10,150,5,0.0
681,4,10,150,5,0.0
682,4,10,150,5,0.3391602052736161
683,4,10,150,5,0.0
684,4,10,150,5,0.13120507751234178
685,4,10,150,5,0.0
686,4,10,150,5,0.0
687,4,10,150,5,0.0
688,4,10,150,5,0.0
689,4,10,150,5,0.0
690,4,10,150,5,0.13120507751234178
691,4,10,150,5,0.0
692,4,10,150,5,0.0
693,4,10,150,5,0.0
694,4,10,150,5,0.14606834984270645
695,4,10,150,5,0.0
696,4,10,150,5,0.0
697,4,10,150,5,0.0
698,4,10,150,5,0.0
699,4,10,150,5,0.21398626473452756
700,4,10,150,5,0.0
701,4,10,150,5,0.0
702,4,10,150,5,0.0
703,4,10,150,5,0.21398626473452756
704,4,10,150,5,0.13120507751234178
705,4,10,150,5,0.0
706,4,10,150,5,0.0
707,4,10,150,5,0.0
708,4,10,150,5,0.0
709,4,10,150,5,0.21398626473452756
710,4,10,150,5,0.13120507751234178
711,4,10,150,5,0.0
712,4,10,150,5,0.0
713,4,10,150,5,0.0
714,4,10,150,5,0.0
715,4,10,150,5,0.0
716,4,10,150,5,0.13120507751234178
717,4,10,150,5,0.0
718,4,10,150,5,0.0
719,4,10,150,5,0.0
720,4,10,150,5,0.0
721,4,10,150,5,0.13120507751234178
722,4,10,150,5,0.0
723,4,10,150,5,0.0
724,4,10,150,5,0.0
725,4,10,150,5,0.0
726,4,10,150,5,0.0
727,4,10,150,5,0.13120507751234178
728,4,10,150,5,0.0
729,4,10,150,5,0.0
730,4,10,150,5,0.0
731,4,10,150,5,0.0
732,4,10,150,5,0.0
733,4,10,150,5,0.0
734,4,10,150,5,0.0
735,4,10,150,5,0.0
736,4,10,150,5,0.0
737,4,10,150,5,0.0
738,4,10,150,5,0.0
739,4,10,150,5,0.0
740,4,10,150,5,0.0
741,4,10,150,5,0.14606834984270645
742,4,10,150,5,0.0
743,4,10,150,5,0.0
744,4,10,150,5,0.0
745,4,10,150,5,0.0
746,4,10,150,5,0.3391602052736161
747,4,10,150,5,1.0
748,4,10,150,5,0.16958010263680806
749,4,10,150,5,0.0
750,4,10,150,5,0.0
751,4,10,150,5,0.0
752,4,10,150,5,0.0
753,4,10,150,5,0.21398626473452756
754,4,10,150,5,0.0
755,4,10,150,5,0.0
756,4,10,150,5,0.0
757,4,10,150,5,0.0
758,4,10,150,5,0.4703652827859579
759,4,10,150,5,0.0
760,4,10,150,5,0.0
761,4,10,150,5,0.0
762,4,10,150,5,0.0
763,4,10,150,5,0.0
764,4,10,150,5,0.21398626473452756
765,4,10,150,5,0.14606834984270645
766,4,10,150,5,0.0
767,4,10,150,5,0.0
768,4,10,150,5,0.0
769,4,10,150,5,0.0
770,4,10,150,5,0.21398626473452756
771,4,10,150,5,0.3391602052736161
772,4,10,150,5,0.0
773,4,10,150,5,0.14606834984270645
774,4,10,150,5,0.0
775,4,10,150,5,0.0
776,4,10,150,5,0.0
777,4,10,150,5,0.0
778,4,10,150,5,0.16958010263680806
779,4,10,150,5,0.0
780,4,10,150,5,0.0
781,4,10,150,5,0.0
782,4,10,150,5,0.13120507751234178
783,4,10,150,5,0.0
784,4,10,150,5,0.0
785,4,10,150,5,0.0
786,4,10,150,5,0.0
787,4,10,150,5,0.0
788,4,10,150,5,0.5531464700081437
789,4,10,150,5,0.0
790,4,10,150,5,0.0
791,4,10,150,5,0.0
792,4,10,150,5,0.0
793,4,10,150,5,0.0
794,4,10,150,5,0.0
795,4,10,150,5,0.0
796,4,10,150,5,0.4703652827859579
797,4,10,150,5,0.0
798,4,10,150,5,0.21398626473452756
799,4,10,150,5,0.0
800,4,10,150,5,0.0
801,4,10,150,5,0.0
802,4,10,150,5,0.16958010263680806
803,4,10,150,5,0.0
804,4,10,150,5,0.14606834984270645
805,4,10,150,5,0.3156484524795145
806,4,10,150,5,0.5531464700081437
807,4,10,150,5,0.0
808,4,10,150,5,0.0
809,4,10,150,5,0.0
810,4,10,150,5,0.0
811,4,10,150,5,0.0
812,4,10,150,5,0.0
813,4,10,150,5,0.0
814,4,10,150,5,0.0
815,4,10,150,5,0.0
816,4,10,150,5,0.0
817,4,10,150,5,0.0
818,4,10,150,5,0.0
819,4,10,150,5,0.0
820,4,10,150,5,0.0
821,4,10,150,5,0.3391602052736161
822,4,10,150,5,0.0
823,4,10,150,5,0.0
824,4,10,150,5,0.0
825,4,10,150,5,0.13120507751234178
826,4,10,150,5,0.3391602052736161
827,4,10,150,5,0.0
828,4,10,150,5,0.0
829,4,10,150,5,0.0
830,4,10,150,5,0.14606834984270645
831,4,10,150,5,0.48522855511632257
832,4,10,150,5,0.0
833,4,10,150,5,0.0
834,4,10,150,5,0.3391602052736161
835,4,10,150,5,0.0
836,4,10,150,5,0.0
837,4,10,150,5,0.0
838,4,10,150,5,0.3391602052736161
839,4,10,150,5,0.0
840,4,10,150,5,0.5531464700081437
841,4,10,150,5,0.0
842,4,10,150,5,0.0
843,4,10,150,5,0.0
844,4,10,150,5,0.0
845,4,10,150,5,0.0
846,4,10,150,5,0.4703652827859579
847,4,10,150,5,0.0
848,4,10,150,5,0.0
849,4,10,150,5,0.0
850,4,10,150,5,0.21398626473452756
851,4,10,150,5,0.0
852,4,10,150,5,0.3391602052736161
853,4,10,150,5,0.0
854,4,10,150,5,0.0
855,4,10,150,5,0.0
856,4,10,150,5,0.0
857,4,10,150,5,0.0
858,4,10,150,5,0.0
859,4,10,150,5,0.0
860,4,10,150,5,0.0
861,4,10,150,5,0.0
862,4,10,150,5,0.0
863,4,10,150,5,0.0
864,4,10,150,5,0.6843515475204855
865,4,10,150,5,0.0
866,4,10,150,5,0.0
867,4,10,150,5,0.13120507751234178
868,4,10,150,5,0.16958010263680806
869,4,10,150,5,0.0
870,4,10,150,5,0.6548086577531307
871,4,10,150,5,0.0
872,4,10,150,5,0.0
873,4,10,150,5,0.0
874,4,10,150,5,0.0
875,4,10,150,5,0.14606834984270645
876,4,10,150,5,0.0
877,4,10,150,5,0.0
878,4,10,150,5,0.5087403079104241
879,4,10,150,5,0.0
880,4,10,150,5,0.6843515475204855
881,4,10,150,5,0.0
882,4,10,150,5,0.3391602052736161
883,4,10,150,5,0.5531464700081437
884,4,10,150,5,0.14606834984270645
885,4,10,150,5,0.0
886,4,10,150,5,0.21398626473452756
887,4,10,150,5,0.14606834984270645
888,4,10,150,5,0.0
889,4,10,150,5,0.0
890,4,10,150,5,0.0
891,4,10,150,5,0.0
892,4,10,150,5,0.21398626473452756
893,4,10,150,5,0.14606834984270645
894,4,10,150,5,0.21398626473452756
895,4,10,150,5,0.0
896,4,10,150,5,0.8539316501572937
897,4,10,150,5,0.5087403079104241
898,4,10,150,5,0.0
899,4,10,150,5,0.13120507751234178
900,4,10,150,5,0.0
901,4,10,150,5,0.4912596920895758
902,4,10,150,5,0.0
903,4,10,150,5,0.21398626473452756
904,4,10,150,5,0.0
905,4,10,150,5,0.0
906,4,10,150,5,0.0
907,4,10,150,5,0.13120507751234178
908,4,10,150,5,0.0
909,4,10,150,5,0.0
910,4,10,150,5,0.0
911,4,10,150,5,0.0
912,4,10,150,5,0.13120507751234178
913,4,10,150,5,0.0
914,4,10,150,5,0.0
915,4,10,150,5,0.0
916,4,10,150,5,0.8687949224876582
917,4,10,150,5,0.0
918,4,10,150,5,0.16958010263680806
919,4,10,150,5,0.30078518014914984
920,4,10,150,5,0.0
921,4,10,150,5,0.16958010263680806
922,4,10,150,5,0.14606834984270645
923,4,10,150,5,0.0
924,4,10,150,5,0.0
925,4,10,150,5,0.0
926,4,10,150,5,0.0
927,4,10,150,5,0.0
928,4,10,150,5,0.21398626473452756
929,4,10,150,5,0.21398626473452756
930,4,10,150,5,0.0
931,4,10,150,5,0.0
932,4,10,150,5,0.0
933,4,10,150,5,0.0
934,4,10,150,5,0.16958010263680806
935,4,10,150,5,0.0
936,4,10,150,5,0.3391602052736161
937,4,10,150,5,0.0
938,4,10,150,5,0.21398626473452756
939,4,10,150,5,0.0
940,4,10,150,5,0.0
941,4,10,150,5,0.0
942,4,10,150,5,0.0
943,4,10,150,5,0.3156484524795145
1,4,10,150,6,0.892210845475489
2,4,10,150,6,0.0
3,4,10,150,6,0.0
4,4,10,150,6,0.0
5,4,10,150,6,0.0
6,4,10,150,6,0.30260241349881345
7,4,10,150,6,0.4935232796777481
8,4,10,150,6,0.0
9,4,10,150,6,0.21840743681816419
10,4,10,150,6,0.0
11,4,10,150,6,0.30260241349881345
12,4,10,150,6,0.0
13,4,10,150,6,0.0
14,4,10,150,6,0.0
15,4,10,150,6,0.0
16,4,10,150,6,0.0
17,4,10,150,6,0.0
18,4,10,150,6,0.561692774772731
19,4,10,150,6,0.0
20,4,10,150,6,0.0
21,4,10,150,6,0.0
22,4,10,150,6,0.0
23,4,10,150,6,0.11706259313796354
24,4,10,150,6,0.0
25,4,10,150,6,0.0
26,4,10,150,6,0.0
27,4,10,150,6,0.0
28,4,10,150,6,0.0
29,4,10,150,6,0.0
30,4,10,150,6,0.0
31,4,10,150,6,0.0
32,4,10,150,6,0.0
33,4,10,150,6,0.0
35,4,10,150,6,0.0
36,4,10,150,6,0.0
37,4,10,150,6,0.0
38,4,10,150,6,0.0
39,4,10,150,6,0.0
40,4,10,150,6,0.0
41,4,10,150,6,0.0
42,4,10,150,6,0.0
43,4,10,150,6,0.30260241349881345
44,4,10,150,6,0.13032376591037062
45,4,10,150,6,0.0
46,4,10,150,6,0.0
47,4,10,150,6,0.0
48,4,10,150,6,0.0
49,4,10,150,6,0.0
50,4,10,150,6,0.0
51,4,10,150,6,0.16812753627111746
52,4,10,150,6,0.0
54,4,10,150,6,0.0
56,4,10,150,6,0.25909036127391766
57,4,10,150,6,0.19092086617893467
58,4,10,150,6,0.30260241349881345
59,4,10,150,6,0.11706259313796354
60,4,10,150,6,0.0
61,4,10,150,6,0.0
62,4,10,150,6,0.0
63,4,10,150,6,0.0
64,4,10,150,6,0.0
65,4,10,150,6,0.0
66,4,10,150,6,0.0
67,4,10,150,6,0.0
68,4,10,150,6,0.3391602052736161
69,4,10,150,6,0.0
70,4,10,150,6,0.0
71,4,10,150,6,0.0
72,4,10,150,6,0.0
73,4,10,150,6,0.0
74,4,10,150,6,0.0
75,4,10,150,6,0.0
76,4,10,150,6,0.0
77,4,10,150,6,0.0
78,4,10,150,6,0.0
79,4,10,150,6,0.30260241349881345
80,4,10,150,6,0.0
81,4,10,150,6,0.0
82,4,10,150,6,0.2816249726597774
83,4,10,150,6,0.0
84,4,10,150,6,0.0
85,4,10,150,6,0.0
87,4,10,150,6,0.0
89,4,10,150,6,0.16716045496620227
90,4,10,150,6,0.0
91,4,10,150,6,0.0
92,4,10,150,6,0.15130120674940672
93,4,10,150,6,0.0
94,4,10,150,6,0.0
95,4,10,150,6,0.30260241349881345
96,4,10,150,6,0.0
97,4,10,150,6,0.0
98,4,10,150,6,0.0
99,4,10,150,6,0.0
100,4,10,150,6,0.0
101,4,10,150,6,0.0
102,4,10,150,6,0.0
103,4,10,150,6,0.0
104,4,10,150,6,0.0
105,4,10,150,6,0.0
106,4,10,150,6,0.0
107,4,10,150,6,0.0
108,4,10,150,6,0.0
109,4,10,150,6,0.0
110,4,10,150,6,0.0
111,4,10,150,6,0.0
112,4,10,150,6,0.0
113,4,10,150,6,0.0
114,4,10,150,6,0.0
115,4,10,150,6,0.0
116,4,10,150,6,0.0
117,4,10,150,6,0.14606834984270645
118,4,10,150,6,0.0
119,4,10,150,6,0.0
120,4,10,150,6,0.0
121,4,10,150,6,0.13032376591037062
122,4,10,150,6,0.0
123,4,10,150,6,0.0
125,4,10,150,6,0.0
126,4,10,150,6,0.0
127,4,10,150,6,0.0
128,4,10,150,6,0.0
129,4,10,150,6,0.0
130,4,10,150,6,0.30260241349881345
131,4,10,150,6,0.0
133,4,10,150,6,0.0
134,4,10,150,6,0.0
135,4,10,150,6,0.0
137,4,10,150,6,0.0
138,4,10,150,6,0.0
139,4,10,150,6,0.0
141,4,10,150,6,0.0
142,4,10,150,6,0.0
143,4,10,150,6,0.0
144,4,10,150,6,0.13032376591037062
145,4,10,150,6,0.0
146,4,10,150,6,0.0
148,4,10,150,6,0.0
149,4,10,150,6,0.0
150,4,10,150,6,0.0
151,4,10,150,6,0.0
152,4,10,150,6,0.0
153,4,10,150,6,0.0
154,4,10,150,6,0.0
155,4,10,150,6,0.0
156,4,10,150,6,0.0
158,4,10,150,6,0.10778915452451093
159,4,10,150,6,0.0
160,4,10,150,6,0.0
161,4,10,150,6,0.0
162,4,10,150,6,0.0
163,4,10,150,6,0.0
164,4,10,150,6,0.0
165,4,10,150,6,0.0
166,4,10,150,6,0.0
167,4,10,150,6,0.0
168,4,10,150,6,0.30260241349881345
169,4,10,150,6,0.0
170,4,10,150,6,0.0
171,4,10,150,6,0.0
172,4,10,150,6,0.0
173,4,10,150,6,0.0
174,4,10,150,6,0.11706259313796354
175,4,10,150,6,0.0
176,4,10,150,6,0.0
177,4,10,150,6,0.0
178,4,10,150,6,0.41966500663677697
179,4,10,150,6,0.0
180,4,10,150,6,0.0
181,4,10,150,6,0.0
182,4,10,150,6,0.0
183,4,10,150,6,0.0
184,4,10,150,6,0.0
185,4,10,150,6,0.0
186,4,10,150,6,0.19092086617893467
187,4,10,150,6,0.0
188,4,10,150,6,0.0
189,4,10,150,6,0.30260241349881345
190,4,10,150,6,0.0
191,4,10,150,6,0.0
192,4,10,150,6,0.0
193,4,10,150,6,0.0
194,4,10,150,6,0.0
195,4,10,150,6,0.0
196,4,10,150,6,0.0
197,4,10,150,6,0.0
198,4,10,150,6,0.0
199,4,10,150,6,0.0
200,4,10,150,6,0.0
201,4,10,150,6,0.11706259313796354
203,4,10,150,6,0.0
204,4,10,150,6,0.0
205,4,10,150,6,0.0
206,4,10,150,6,0.0
207,4,10,150,6,0.0
209,4,10,150,6,0.0
210,4,10,150,6,0.0
211,4,10,150,6,0.0
212,4,10,150,6,0.0
213,4,10,150,6,0.0
214,4,10,150,6,0.0
215,4,10,150,6,0.0
216,4,10,150,6,0.0
217,4,10,150,6,0.0
218,4,10,150,6,0.19092086617893467
219,4,10,150,6,0.0
221,4,10,150,6,0.3079834593168982
222,4,10,150,6,0.24738635904833417
223,4,10,150,6,0.0
224,4,10,150,6,0.0
225,4,10,150,6,0.0
226,4,10,150,6,0.0
227,4,10,150,6,0.0
228,4,10,150,6,0.0
229,4,10,150,6,0.0
230,4,10,150,6,0.0
231,4,10,150,6,0.0
232,4,10,150,6,0.30260241349881345
233,4,10,150,6,0.0
234,4,10,150,6,0.0
235,4,10,150,6,0.0
236,4,10,150,6,0.0
237,4,10,150,6,0.0
238,4,10,150,6,0.0
239,4,10,150,6,0.10778915452451093
240,4,10,150,6,0.0
242,4,10,150,6,0.0
243,4,10,150,6,0.0
244,4,10,150,6,0.0
245,4,10,150,6,0.0
246,4,10,150,6,0.13032376591037062
247,4,10,150,6,0.0
248,4,10,150,6,0.0
249,4,10,150,6,0.0
250,4,10,150,6,0.30260241349881345
251,4,10,150,6,0.0
252,4,10,150,6,0.0
253,4,10,150,6,0.0
254,4,10,150,6,0.0
255,4,10,150,6,0.0
256,4,10,150,6,0.19092086617893467
257,4,10,150,6,0.15101961822780524
258,4,10,150,6,0.0
259,4,10,150,6,0.0
260,4,10,150,6,0.0
261,4,10,150,6,0.0
262,4,10,150,6,0.0
263,4,10,150,6,0.10778915452451093
264,4,10,150,6,0.0
265,4,10,150,6,0.0
267,4,10,150,6,0.0
268,4,10,150,6,0.11706259313796354
269,4,10,150,6,0.15130120674940672
270,4,10,150,6,0.0
271,4,10,150,6,0.10778915452451093
272,4,10,150,6,0.0
273,4,10,150,6,0.0
274,4,10,150,6,0.0
275,4,10,150,6,0.0
276,4,10,150,6,0.30260241349881345
277,4,10,150,6,0.0
279,4,10,150,6,0.11706259313796354
280,4,10,150,6,0.0
281,4,10,150,6,0.0
283,4,10,150,6,0.0
284,4,10,150,6,0.0
285,4,10,150,6,0.0
286,4,10,150,6,0.43830722522726884
287,4,10,150,6,0.0
288,4,10,150,6,0.0
289,4,10,150,6,0.13905617951077562
290,4,10,150,6,0.0
291,4,10,150,6,0.23811292043488155
292,4,10,150,6,0.0
293,4,10,150,6,0.19092086617893467
294,4,10,150,6,0.0
295,4,10,150,6,0.30260241349881345
296,4,10,150,6,0.6787553679106947
297,4,10,150,6,0.0
298,4,10,150,6,0.13032376591037062
299,4,10,150,6,0.0
300,4,10,150,6,0.0
301,4,10,150,6,0.0
303,4,10,150,6,0.11706259313796354
304,4,10,150,6,0.0
305,4,10,150,6,0.4103915680233244
306,4,10,150,6,0.0
307,4,10,150,6,0.0
308,4,10,150,6,0.0
309,4,10,150,6,0.0
310,4,10,150,6,0.0
311,4,10,150,6,0.0
312,4,10,150,6,0.10778915452451093
313,4,10,150,6,0.11706259313796354
314,4,10,150,6,0.30260241349881345
315,4,10,150,6,0.0
316,4,10,150,6,0.0
317,4,10,150,6,0.0
318,4,10,150,6,0.0
319,4,10,150,6,0.0
320,4,10,150,6,0.0
321,4,10,150,6,0.0
322,4,10,150,6,0.19092086617893467
323,4,10,150,6,0.0
324,4,10,150,6,0.0
325,4,10,150,6,0.0
326,4,10,150,6,0.0
327,4,10,150,6,0.0
328,4,10,150,6,0.15130120674940672
329,4,10,150,6,0.0
330,4,10,150,6,0.0
331,4,10,150,6,0.16958010263680806
332,4,10,150,6,0.0
333,4,10,150,6,0.0
334,4,10,150,6,0.22485174766247445
336,4,10,150,6,0.0
337,4,10,150,6,0.16716045496620227
338,4,10,150,6,0.0
339,4,10,150,6,0.0
340,4,10,150,6,0.0
341,4,10,150,6,0.0
342,4,10,150,6,0.30260241349881345
343,4,10,150,6,0.30260241349881345
344,4,10,150,6,0.13032376591037062
345,4,10,150,6,0.0
346,4,10,150,6,0.24738635904833417
347,4,10,150,6,0.0
348,4,10,150,6,0.0
349,4,10,150,6,0.0
350,4,10,150,6,0.0
351,4,10,150,6,0.0
352,4,10,150,6,0.0
353,4,10,150,6,0.0
354,4,10,150,6,0.0
355,4,10,150,6,0.0
356,4,10,150,6,0.0
357,4,10,150,6,0.0
358,4,10,150,6,0.0
359,4,10,150,6,0.0
360,4,10,150,6,0.0
361,4,10,150,6,0.0
362,4,10,150,6,0.0
363,4,10,150,6,0.30260241349881345
364,4,10,150,6,0.0
365,4,10,150,6,0.0
366,4,10,150,6,0.0
367,4,10,150,6,0.0
368,4,10,150,6,0.0
369,4,10,150,6,0.0
370,4,10,150,6,0.11706259313796354
371,4,10,150,6,0.0
372,4,10,150,6,0.0
373,4,10,150,6,0.0
374,4,10,150,6,0.0
375,4,10,150,6,0.0
376,4,10,150,6,0.0
377,4,10,150,6,0.0
378,4,10,150,6,0.4539036202482202
379,4,10,150,6,0.0
380,4,10,150,6,0.0
381,4,10,150,6,0.0
382,4,10,150,6,0.0
383,4,10,150,6,0.0
384,4,10,150,6,0.0
385,4,10,150,6,0.0
386,4,10,150,6,0.0
387,4,10,150,6,0.10778915452451093
388,4,10,150,6,0.0
389,4,10,150,6,0.0
390,4,10,150,6,0.0
391,4,10,150,6,0.13032376591037062
392,4,10,150,6,0.0
393,4,10,150,6,0.0
394,4,10,150,6,0.10778915452451093
395,4,10,150,6,0.0
396,4,10,150,6,0.0
397,4,10,150,6,0.30260241349881345
398,4,10,150,6,0.24738635904833417
399,4,10,150,6,0.0
400,4,10,150,6,0.0
401,4,10,150,6,0.0
402,4,10,150,6,0.0
403,4,10,150,6,0.0
404,4,10,150,6,0.0
405,4,10,150,6,0.19092086617893467
406,4,10,150,6,0.11706259313796354
407,4,10,150,6,0.10778915452451093
408,4,10,150,6,0.0
409,4,10,150,6,0.0
410,4,10,150,6,0.0
411,4,10,150,6,0.0
412,4,10,150,6,0.0
413,4,10,150,6,0.0
414,4,10,150,6,0.0
415,4,10,150,6,0.0
416,4,10,150,6,0.30260241349881345
417,4,10,150,6,0.0
418,4,10,150,6,0.0
419,4,10,150,6,0.1208113026994942
420,4,10,150,6,0.0
421,4,10,150,6,0.0
422,4,10,150,6,0.0
423,4,10,150,6,0.0
424,4,10,150,6,0.30260241349881345
425,4,10,150,6,0.4539036202482202
426,4,10,150,6,0.0
427,4,10,150,6,0.0
428,4,10,150,6,0.0
429,4,10,150,6,0.4935232796777481
430,4,10,150,6,0.0
431,4,10,150,6,0.0
432,4,10,150,6,0.0
433,4,10,150,6,0.0
434,4,10,150,6,0.15130120674940672
435,4,10,150,6,0.25909036127391766
436,4,10,150,6,0.0
437,4,10,150,6,0.0
438,4,10,150,6,0.0
439,4,10,150,6,0.0
440,4,10,150,6,0.0
441,4,10,150,6,0.0
442,4,10,150,6,0.0
443,4,10,150,6,0.0
444,4,10,150,6,0.0
445,4,10,150,6,0.0
446,4,10,150,6,0.0
447,4,10,150,6,0.41966500663677697
448,4,10,150,6,0.0
449,4,10,150,6,0.13032376591037062
450,4,10,150,6,0.15130120674940672
451,4,10,150,6,0.0
452,4,10,150,6,0.0
453,4,10,150,6,0.0
454,4,10,150,6,0.0
455,4,10,150,6,0.19092086617893467
456,4,10,150,6,0.0
457,4,10,150,6,0.4329261794091841
458,4,10,150,6,0.0
459,4,10,150,6,0.0
460,4,10,150,6,0.0
461,4,10,150,6,0.0
462,4,10,150,6,0.0
463,4,10,150,6,0.30260241349881345
464,4,10,150,6,0.0
465,4,10,150,6,0.0
466,4,10,150,6,0.0
467,4,10,150,6,0.0
468,4,10,150,6,0.0
469,4,10,150,6,0.0
470,4,10,150,6,0.0
471,4,10,150,6,0.0
472,4,10,150,6,0.0
473,4,10,150,6,0.0
474,4,10,150,6,0.0
475,4,10,150,6,0.0
476,4,10,150,6,0.0
477,4,10,150,6,0.0
478,4,10,150,6,0.3422220729283414
479,4,10,150,6,0.0
480,4,10,150,6,0.0
481,4,10,150,6,0.0
482,4,10,150,6,0.0
483,4,10,150,6,0.0
484,4,10,150,6,0.24738635904833417
485,4,10,150,6,0.0
486,4,10,150,6,0.0
487,4,10,150,6,0.0
488,4,10,150,6,0.0
489,4,10,150,6,0.0
490,4,10,150,6,0.0
491,4,10,150,6,0.0
492,4,10,150,6,0.0
493,4,10,150,6,0.0
494,4,10,150,6,0.0
495,4,10,150,6,0.0
496,4,10,150,6,0.0
497,4,10,150,6,0.0
498,4,10,150,6,0.0
499,4,10,150,6,0.0
500,4,10,150,6,0.23811292043488155
501,4,10,150,6,0.0
502,4,10,150,6,0.0
503,4,10,150,6,0.0
504,4,10,150,6,0.0
505,4,10,150,6,0.19092086617893467
506,4,10,150,6,0.0
507,4,10,150,6,0.0
508,4,10,150,6,0.0
509,4,10,150,6,0.0
510,4,10,150,6,0.0
511,4,10,150,6,0.0
512,4,10,150,6,0.0
513,4,10,150,6,0.0
514,4,10,150,6,0.47254583883871204
515,4,10,150,6,0.11706259313796354
516,4,10,150,6,0.0
517,4,10,150,6,0.0
518,4,10,150,6,0.0
519,4,10,150,6,0.0
520,4,10,150,6,0.0
521,4,10,150,6,0.15130120674940672
522,4,10,150,6,0.0
523,4,10,150,6,0.0
524,4,10,150,6,0.30260241349881345
525,4,10,150,6,0.0
526,4,10,150,6,0.0
527,4,10,150,6,0.0
528,4,10,150,6,0.0
529,4,10,150,6,0.0
530,4,10,150,6,0.0
531,4,10,150,6,0.0
532,4,10,150,6,0.644824486427155
533,4,10,150,6,0.10778915452451093
534,4,10,150,6,0.0
535,4,10,150,6,0.0
536,4,10,150,6,0.19092086617893467
537,4,10,150,6,0.19092086617893467
538,4,10,150,6,0.0
539,4,10,150,6,0.0
540,4,10,150,6,0.0
541,4,10,150,6,0.0
542,4,10,150,6,0.10778915452451093
543,4,10,150,6,0.0
544,4,10,150,6,0.0
545,4,10,150,6,0.0
546,4,10,150,6,0.0
547,4,10,150,6,0.0
548,4,10,150,6,0.0
549,4,10,150,6,0.0
550,4,10,150,6,0.0
551,4,10,150,6,0.0
552,4,10,150,6,0.0
553,4,10,150,6,0.0
554,4,10,150,6,0.30260241349881345
555,4,10,150,6,0.0
556,4,10,150,6,0.0
557,4,10,150,6,0.0
558,4,10,150,6,0.0
559,4,10,150,6,0.0
560,4,10,150,6,0.0
561,4,10,150,6,0.0
562,4,10,150,6,0.0
563,4,10,150,6,0.0
564,4,10,150,6,0.0
565,4,10,150,6,0.0
566,4,10,150,6,0.10778915452451093
567,4,10,150,6,0.0
568,4,10,150,6,0.0
569,4,10,150,6,0.19092086617893467
570,4,10,150,6,0.0
571,4,10,150,6,0.0
572,4,10,150,6,0.16812753627111746
573,4,10,150,6,0.0
574,4,10,150,6,0.0
575,4,10,150,6,0.0
576,4,10,150,6,0.0
577,4,10,150,6,0.2816249726597774
578,4,10,150,6,0.0
579,4,10,150,6,0.0
580,4,10,150,6,0.0
581,4,10,150,6,0.0
582,4,10,150,6,0.0
583,4,10,150,6,0.0
584,4,10,150,6,0.0
585,4,10,150,6,0.0
586,4,10,150,6,0.19092086617893467
587,4,10,150,6,0.0
588,4,10,150,6,0.30260241349881345
589,4,10,150,6,0.0
590,4,10,150,6,0.0
591,4,10,150,6,0.0
592,4,10,150,6,0.601312434202259
593,4,10,150,6,0.0
594,4,10,150,6,0.0
595,4,10,150,6,0.0
596,4,10,150,6,0.0
597,4,10,150,6,0.30260241349881345
598,4,10,150,6,0.0
599,4,10,150,6,0.0
600,4,10,150,6,0.0
601,4,10,150,6,0.0
602,4,10,150,6,0.0
603,4,10,150,6,0.0
604,4,10,150,6,0.0
605,4,10,150,6,0.4935232796777481
606,4,10,150,6,0.24738635904833417
607,4,10,150,6,0.0
608,4,10,150,6,0.0
609,4,10,150,6,0.0
610,4,10,150,6,0.30260241349881345
611,4,10,150,6,0.0
612,4,10,150,6,0.0
613,4,10,150,6,0.0
614,4,10,150,6,0.0
615,4,10,150,6,0.0
616,4,10,150,6,0.0
617,4,10,150,6,0.0
618,4,10,150,6,0.2987100207034456
619,4,10,150,6,0.0
620,4,10,150,6,0.0
621,4,10,150,6,0.10778915452451093
622,4,10,150,6,0.22485174766247445
623,4,10,150,6,0.0
624,4,10,150,6,0.0
625,4,10,150,6,0.0
626,4,10,150,6,0.0
627,4,10,150,6,0.13032376591037062
628,4,10,150,6,0.0
629,4,10,150,6,0.0
630,4,10,150,6,0.30260241349881345
631,4,10,150,6,0.0
632,4,10,150,6,0.0
633,4,10,150,6,0.0
634,4,10,150,6,0.0
635,4,10,150,6,0.0
636,4,10,150,6,0.0
637,4,10,150,6,0.0
638,4,10,150,6,0.0
639,4,10,150,6,0.0
640,4,10,150,6,0.0
641,4,10,150,6,0.13032376591037062
642,4,10,150,6,0.0
643,4,10,150,6,0.11706259313796354
644,4,10,150,6,0.0
645,4,10,150,6,0.25909036127391766
646,4,10,150,6,0.0
647,4,10,150,6,0.0
648,4,10,150,6,0.15130120674940672
649,4,10,150,6,0.15130120674940672
650,4,10,150,6,0.13032376591037062
651,4,10,150,6,0.0
652,4,10,150,6,0.0
653,4,10,150,6,0.3422220729283414
654,4,10,150,6,0.30260241349881345
655,4,10,150,6,0.0
656,4,10,150,6,0.0
657,4,10,150,6,0.0
658,4,10,150,6,0.30260241349881345
659,4,10,150,6,0.0
660,4,10,150,6,0.0
661,4,10,150,6,0.0
662,4,10,150,6,0.0
663,4,10,150,6,0.4103915680233244
664,4,10,150,6,0.3986875657977409
665,4,10,150,6,0.0
666,4,10,150,6,0.6577779270716585
667,4,10,150,6,0.11706259313796354
668,4,10,150,6,0.0
669,4,10,150,6,0.10778915452451093
670,4,10,150,6,0.0
671,4,10,150,6,0.0
672,4,10,150,6,0.0
673,4,10,150,6,0.0
674,4,10,150,6,0.0
675,4,10,150,6,0.0
676,4,10,150,6,0.15130120674940672
677,4,10,150,6,0.0
678,4,10,150,6,0.0
679,4,10,150,6,0.11706259313796354
680,4,10,150,6,0.0
681,4,10,150,6,0.0
682,4,10,150,6,0.30260241349881345
683,4,10,150,6,0.0
684,4,10,150,6,0.11706259313796354
685,4,10,150,6,0.0
686,4,10,150,6,0.0
687,4,10,150,6,0.0
688,4,10,150,6,0.0
689,4,10,150,6,0.10778915452451093
690,4,10,150,6,0.11706259313796354
691,4,10,150,6,0.0
692,4,10,150,6,0.10778915452451093
693,4,10,150,6,0.0
694,4,10,150,6,0.23811292043488155
695,4,10,150,6,0.0
696,4,10,150,6,0.0
697,4,10,150,6,0.0
698,4,10,150,6,0.0
699,4,10,150,6,0.19092086617893467
700,4,10,150,6,0.0
701,4,10,150,6,0.0
702,4,10,150,6,0.0
703,4,10,150,6,0.19092086617893467
704,4,10,150,6,0.11706259313796354
705,4,10,150,6,0.0
706,4,10,150,6,0.0
707,4,10,150,6,0.0
708,4,10,150,6,0.0
709,4,10,150,6,0.19092086617893467
710,4,10,150,6,0.11706259313796354
711,4,10,150,6,0.0
712,4,10,150,6,0.0
713,4,10,150,6,0.0
714,4,10,150,6,0.0
715,4,10,150,6,0.0
716,4,10,150,6,0.11706259313796354
717,4,10,150,6,0.0
718,4,10,150,6,0.0
719,4,10,150,6,0.0
720,4,10,150,6,0.0
721,4,10,150,6,0.11706259313796354
722,4,10,150,6,0.0
723,4,10,150,6,0.0
724,4,10,150,6,0.0
725,4,10,150,6,0.0
726,4,10,150,6,0.0
727,4,10,150,6,0.22485174766247445
728,4,10,150,6,0.0
729,4,10,150,6,0.0
730,4,10,150,6,0.0
731,4,10,150,6,0.10778915452451093
732,4,10,150,6,0.0
733,4,10,150,6,0.0
734,4,10,150,6,0.0
735,4,10,150,6,0.0
736,4,10,150,6,0.0
737,4,10,150,6,0.0
738,4,10,150,6,0.0
739,4,10,150,6,0.0
740,4,10,150,6,0.0
741,4,10,150,6,0.13032376591037062
742,4,10,150,6,0.0
743,4,10,150,6,0.0
744,4,10,150,6,0.0
745,4,10,150,6,0.0
746,4,10,150,6,0.30260241349881345
747,4,10,150,6,0.892210845475489
748,4,10,150,6,0.15130120674940672
749,4,10,150,6,0.0
750,4,10,150,6,0.0
751,4,10,150,6,0.0
752,4,10,150,6,0.0
753,4,10,150,6,0.19092086617893467
754,4,10,150,6,0.0
755,4,10,150,6,0.0
756,4,10,150,6,0.0
757,4,10,150,6,0.0
758,4,10,150,6,0.41966500663677697
759,4,10,150,6,0.0
760,4,10,150,6,0.0
761,4,10,150,6,0.0
762,4,10,150,6,0.0
763,4,10,150,6,0.10778915452451093
764,4,10,150,6,0.19092086617893467
765,4,10,150,6,0.13032376591037062
766,4,10,150,6,0.10778915452451093
767,4,10,150,6,0.10778915452451093
768,4,10,150,6,0.0
769,4,10,150,6,0.0
770,4,10,150,6,0.19092086617893467
771,4,10,150,6,0.30260241349881345
772,4,10,150,6,0.0
773,4,10,150,6,0.13032376591037062
774,4,10,150,6,0.0
775,4,10,150,6,0.0
776,4,10,150,6,0.0
777,4,10,150,6,0.0
778,4,10,150,6,0.15130120674940672
779,4,10,150,6,0.0
780,4,10,150,6,0.0
781,4,10,150,6,0.0
782,4,10,150,6,0.11706259313796354
783,4,10,150,6,0.0
784,4,10,150,6,0.0
785,4,10,150,6,0.0
786,4,10,150,6,0.0
787,4,10,150,6,0.0
788,4,10,150,6,0.4935232796777481
789,4,10,150,6,0.0
790,4,10,150,6,0.0
791,4,10,150,6,0.0
792,4,10,150,6,0.0
793,4,10,150,6,0.0
794,4,10,150,6,0.0
795,4,10,150,6,0.0
796,4,10,150,6,0.5274541611612878
797,4,10,150,6,0.0
798,4,10,150,6,0.19092086617893467
799,4,10,150,6,0.0
800,4,10,150,6,0.0
801,4,10,150,6,0.0
802,4,10,150,6,0.15130120674940672
803,4,10,150,6,0.0
804,4,10,150,6,0.13032376591037062
805,4,10,150,6,0.2816249726597774
806,4,10,150,6,0.601312434202259
807,4,10,150,6,0.0
808,4,10,150,6,0.0
809,4,10,150,6,0.0
810,4,10,150,6,0.0
811,4,10,150,6,0.0
812,4,10,150,6,0.0
813,4,10,150,6,0.0
814,4,10,150,6,0.0
815,4,10,150,6,0.0
816,4,10,150,6,0.0
817,4,10,150,6,0.0
818,4,10,150,6,0.0
819,4,10,150,6,0.0
820,4,10,150,6,0.0
821,4,10,150,6,0.30260241349881345
822,4,10,150,6,0.0
823,4,10,150,6,0.0
824,4,10,150,6,0.0
825,4,10,150,6,0.11706259313796354
826,4,10,150,6,0.30260241349881345
827,4,10,150,6,0.0
828,4,10,150,6,0.0
829,4,10,150,6,0.0
830,4,10,150,6,0.13032376591037062
831,4,10,150,6,0.540715333933695
832,4,10,150,6,0.0
833,4,10,150,6,0.0
834,4,10,150,6,0.4103915680233244
835,4,10,150,6,0.0
836,4,10,150,6,0.0
837,4,10,150,6,0.0
838,4,10,150,6,0.30260241349881345
839,4,10,150,6,0.0
840,4,10,150,6,0.4935232796777481
841,4,10,150,6,0.0
842,4,10,150,6,0.0
843,4,10,150,6,0.0
844,4,10,150,6,0.0
845,4,10,150,6,0.0
846,4,10,150,6,0.5274541611612878
847,4,10,150,6,0.0
848,4,10,150,6,0.0
849,4,10,150,6,0.0
850,4,10,150,6,0.2987100207034456
851,4,10,150,6,0.0
852,4,10,150,6,0.30260241349881345
853,4,10,150,6,0.0
854,4,10,150,6,0.0
855,4,10,150,6,0.0
856,4,10,150,6,0.0
857,4,10,150,6,0.0
858,4,10,150,6,0.0
859,4,10,150,6,0.0
860,4,10,150,6,0.0
861,4,10,150,6,0.0
862,4,10,150,6,0.0
863,4,10,150,6,0.0
864,4,10,150,6,0.6105858728157117
865,4,10,150,6,0.0
866,4,10,150,6,0.0
867,4,10,150,6,0.11706259313796354
868,4,10,150,6,0.25909036127391766
869,4,10,150,6,0.0
870,4,10,150,6,0.5842273861585908
871,4,10,150,6,0.0
872,4,10,150,6,0.0
873,4,10,150,6,0.0
874,4,10,150,6,0.0
875,4,10,150,6,0.13032376591037062
876,4,10,150,6,0.0
877,4,10,150,6,0.0
878,4,10,150,6,0.4539036202482202
879,4,10,150,6,0.0
880,4,10,150,6,0.7183750273402227
881,4,10,150,6,0.0
882,4,10,150,6,0.30260241349881345
883,4,10,150,6,0.4935232796777481
884,4,10,150,6,0.13032376591037062
885,4,10,150,6,0.0
886,4,10,150,6,0.19092086617893467
887,4,10,150,6,0.13032376591037062
888,4,10,150,6,0.0
889,4,10,150,6,0.0
890,4,10,150,6,0.0
891,4,10,150,6,0.0
892,4,10,150,6,0.19092086617893467
893,4,10,150,6,0.13032376591037062
894,4,10,150,6,0.2987100207034456
895,4,10,150,6,0.0
896,4,10,150,6,0.8696762340896295
897,4,10,150,6,0.4539036202482202
898,4,10,150,6,0.0
899,4,10,150,6,0.11706259313796354
900,4,10,150,6,0.0
901,4,10,150,6,0.43830722522726884
902,4,10,150,6,0.0
903,4,10,150,6,0.2987100207034456
904,4,10,150,6,0.0
905,4,10,150,6,0.0
906,4,10,150,6,0.0
907,4,10,150,6,0.11706259313796354
908,4,10,150,6,0.10778915452451093
909,4,10,150,6,0.0
910,4,10,150,6,0.0
911,4,10,150,6,0.0
912,4,10,150,6,0.11706259313796354
913,4,10,150,6,0.0
914,4,10,150,6,0.0
915,4,10,150,6,0.0
916,4,10,150,6,0.7751482523375255
917,4,10,150,6,0.0
918,4,10,150,6,0.15130120674940672
919,4,10,150,6,0.26836379988737025
920,4,10,150,6,0.0
921,4,10,150,6,0.15130120674940672
922,4,10,150,6,0.13032376591037062
923,4,10,150,6,0.0
924,4,10,150,6,0.0
925,4,10,150,6,0.0
926,4,10,150,6,0.0
927,4,10,150,6,0.0
928,4,10,150,6,0.19092086617893467
929,4,10,150,6,0.19092086617893467
930,4,10,150,6,0.0
931,4,10,150,6,0.0
932,4,10,150,6,0.0
933,4,10,150,6,0.0
934,4,10,150,6,0.15130120674940672
935,4,10,150,6,0.0
936,4,10,150,6,0.30260241349881345
937,4,10,150,6,0.0
938,4,10,150,6,0.2987100207034456
939,4,10,150,6,0.0
940,4,10,150,6,0.10778915452451093
941,4,10,150,6,0.0
942,4,10,150,6,0.0
943,4,10,150,6,0.2816249726597774
1,4,10,150,7,0.8104616303452685
2,4,10,150,7,0.0
3,4,10,150,7,0.0
4,4,10,150,7,0.0
5,4,10,150,7,0.0
6,4,10,150,7,0.27487633291429087
7,4,10,150,7,0.4483039899025303
8,4,10,150,7,0.0
9,4,10,150,7,0.21840743681816419
10,4,10,150,7,0.0
11,4,10,150,7,0.27487633291429087
12,4,10,150,7,0.0
13,4,10,150,7,0.0
14,4,10,150,7,0.0
15,4,10,150,7,0.0
16,4,10,150,7,0.0
17,4,10,150,7,0.0
18,4,10,150,7,0.510227424721404
19,4,10,150,7,0.0
20,4,10,150,7,0.0
21,4,10,150,7,0.0
22,4,10,150,7,0.0
23,4,10,150,7,0.19796212533499344
24,4,10,150,7,0.0
25,4,10,150,7,0.0
26,4,10,150,7,0.0
27,4,10,150,7,0.0
28,4,10,150,7,0.0
29,4,10,150,7,0.0
30,4,10,150,7,0.0
31,4,10,150,7,0.0
32,4,10,150,7,0.0
33,4,10,150,7,0.0
35,4,10,150,7,0.0
36,4,10,150,7,0.0
37,4,10,150,7,0.0
38,4,10,150,7,0.0
39,4,10,150,7,0.0
40,4,10,150,7,0.0
41,4,10,150,7,0.0
42,4,10,150,7,0.0
43,4,10,150,7,0.27487633291429087
44,4,10,150,7,0.11838279295536291
45,4,10,150,7,0.0
46,4,10,150,7,0.0
47,4,10,150,7,0.0
48,4,10,150,7,0.0
49,4,10,150,7,0.0
50,4,10,150,7,0.0
51,4,10,150,7,0.16812753627111746
52,4,10,150,7,0.0
54,4,10,150,7,0.0
56,4,10,150,7,0.23535109180711322
57,4,10,150,7,0.17342765698823945
58,4,10,150,7,0.27487633291429087
59,4,10,150,7,0.10633668103022985
60,4,10,150,7,0.0
61,4,10,150,7,0.0
62,4,10,150,7,0.09162544430476362
63,4,10,150,7,0.0
64,4,10,150,7,0.0
65,4,10,150,7,0.13012668333070054
66,4,10,150,7,0.0
67,4,10,150,7,0.0
68,4,10,150,7,0.3391602052736161
69,4,10,150,7,0.0
70,4,10,150,7,0.0
71,4,10,150,7,0.0
72,4,10,150,7,0.0
73,4,10,150,7,0.0
74,4,10,150,7,0.0
75,4,10,150,7,0.0
76,4,10,150,7,0.0
77,4,10,150,7,0.0
78,4,10,150,7,0.0
79,4,10,150,7,0.27487633291429087
80,4,10,150,7,0.0
81,4,10,150,7,0.0
82,4,10,150,7,0.2558209594125084
83,4,10,150,7,0.0
84,4,10,150,7,0.0
85,4,10,150,7,0.0
87,4,10,150,7,0.0
89,4,10,150,7,0.16716045496620227
90,4,10,150,7,0.0
91,4,10,150,7,0.0
92,4,10,150,7,0.13743816645714543
93,4,10,150,7,0.0
94,4,10,150,7,0.0
95,4,10,150,7,0.27487633291429087
96,4,10,150,7,0.0
97,4,10,150,7,0.0
98,4,10,150,7,0.0
99,4,10,150,7,0.0
100,4,10,150,7,0.0
101,4,10,150,7,0.0
102,4,10,150,7,0.0
103,4,10,150,7,0.0
104,4,10,150,7,0.0
105,4,10,150,7,0.0
106,4,10,150,7,0.0
107,4,10,150,7,0.0
108,4,10,150,7,0.0
109,4,10,150,7,0.0
110,4,10,150,7,0.0
111,4,10,150,7,0.0
112,4,10,150,7,0.0
113,4,10,150,7,0.0
114,4,10,150,7,0.0
115,4,10,150,7,0.0
116,4,10,150,7,0.0
117,4,10,150,7,0.14606834984270645
118,4,10,150,7,0.0
119,4,10,150,7,0.0
120,4,10,150,7,0.0
121,4,10,150,7,0.13032376591037062
122,4,10,150,7,0.0
123,4,10,150,7,0.0
125,4,10,150,7,0.0
126,4,10,150,7,0.0
127,4,10,150,7,0.0
128,4,10,150,7,0.0
129,4,10,150,7,0.0
130,4,10,150,7,0.27487633291429087
131,4,10,150,7,0.0
133,4,10,150,7,0.0
134,4,10,150,7,0.0
135,4,10,150,7,0.0
137,4,10,150,7,0.0
138,4,10,150,7,0.0
139,4,10,150,7,0.0
141,4,10,150,7,0.0
142,4,10,150,7,0.0
143,4,10,150,7,0.0
144,4,10,150,7,0.11838279295536291
145,4,10,150,7,0.0
146,4,10,150,7,0.0
148,4,10,150,7,0.0
149,4,10,150,7,0.0
150,4,10,150,7,0.0
151,4,10,150,7,0.0
152,4,10,150,7,0.0
153,4,10,150,7,0.0
154,4,10,150,7,0.0
155,4,10,150,7,0.0
156,4,10,150,7,0.0
158,4,10,150,7,0.0979129253499678
159,4,10,150,7,0.0
160,4,10,150,7,0.0
161,4,10,150,7,0.0
162,4,10,150,7,0.0
163,4,10,150,7,0.0
164,4,10,150,7,0.0
165,4,10,150,7,0.0
166,4,10,150,7,0.0
167,4,10,150,7,0.0
168,4,10,150,7,0.27487633291429087
169,4,10,150,7,0.0
170,4,10,150,7,0.0
171,4,10,150,7,0.0
172,4,10,150,7,0.0
173,4,10,150,7,0.0
174,4,10,150,7,0.10633668103022985
175,4,10,150,7,0.0
176,4,10,150,7,0.0
177,4,10,150,7,0.09162544430476362
178,4,10,150,7,0.38121301394452073
179,4,10,150,7,0.0
180,4,10,150,7,0.0
181,4,10,150,7,0.0
182,4,10,150,7,0.0
183,4,10,150,7,0.0
184,4,10,150,7,0.0
185,4,10,150,7,0.0
186,4,10,150,7,0.17342765698823945
187,4,10,150,7,0.0
188,4,10,150,7,0.0
189,4,10,150,7,0.27487633291429087
190,4,10,150,7,0.0
191,4,10,150,7,0.0
192,4,10,150,7,0.0
193,4,10,150,7,0.0
194,4,10,150,7,0.0
195,4,10,150,7,0.0
196,4,10,150,7,0.0
197,4,10,150,7,0.0
198,4,10,150,7,0.0
199,4,10,150,7,0.0
200,4,10,150,7,0.0
201,4,10,150,7,0.10633668103022985
203,4,10,150,7,0.0
204,4,10,150,7,0.0
205,4,10,150,7,0.0
206,4,10,150,7,0.0
207,4,10,150,7,0.0
209,4,10,150,7,0.0
210,4,10,150,7,0.0
211,4,10,150,7,0.0
212,4,10,150,7,0.0
213,4,10,150,7,0.0
214,4,10,150,7,0.0
215,4,10,150,7,0.0
216,4,10,150,7,0.0
217,4,10,150,7,0.0
218,4,10,150,7,0.19092086617893467
219,4,10,150,7,0.0
221,4,10,150,7,0.2797643380184693
222,4,10,150,7,0.22471947398559278
223,4,10,150,7,0.0
224,4,10,150,7,0.0
225,4,10,150,7,0.0
226,4,10,150,7,0.0
227,4,10,150,7,0.0
228,4,10,150,7,0.0
229,4,10,150,7,0.0
230,4,10,150,7,0.09162544430476362
231,4,10,150,7,0.0
232,4,10,150,7,0.27487633291429087
233,4,10,150,7,0.0
234,4,10,150,7,0.0
235,4,10,150,7,0.0
236,4,10,150,7,0.0
237,4,10,150,7,0.0
238,4,10,150,7,0.0
239,4,10,150,7,0.0979129253499678
240,4,10,150,7,0.0
242,4,10,150,7,0.0
243,4,10,150,7,0.0
244,4,10,150,7,0.0
245,4,10,150,7,0.0
246,4,10,150,7,0.11838279295536291
247,4,10,150,7,0.0
248,4,10,150,7,0.0
249,4,10,150,7,0.0
250,4,10,150,7,0.27487633291429087
251,4,10,150,7,0.0
252,4,10,150,7,0.0
253,4,10,150,7,0.0
254,4,10,150,7,0.0
255,4,10,150,7,0.0
256,4,10,150,7,0.17342765698823945
257,4,10,150,7,0.15101961822780524
258,4,10,150,7,0.0
259,4,10,150,7,0.0
260,4,10,150,7,0.0
261,4,10,150,7,0.0
262,4,10,150,7,0.0
263,4,10,150,7,0.0979129253499678
264,4,10,150,7,0.0
265,4,10,150,7,0.0
267,4,10,150,7,0.0
268,4,10,150,7,0.10633668103022985
269,4,10,150,7,0.13743816645714543
270,4,10,150,7,0.0
271,4,10,150,7,0.0979129253499678
272,4,10,150,7,0.0
273,4,10,150,7,0.0
274,4,10,150,7,0.0
275,4,10,150,7,0.0
276,4,10,150,7,0.27487633291429087
277,4,10,150,7,0.0
279,4,10,150,7,0.19796212533499344
280,4,10,150,7,0.0
281,4,10,150,7,0.0
283,4,10,150,7,0.0
284,4,10,150,7,0.0
285,4,10,150,7,0.0
286,4,10,150,7,0.3981471309738322
287,4,10,150,7,0.0
288,4,10,150,7,0.0
289,4,10,150,7,0.13905617951077562
290,4,10,150,7,0.0
291,4,10,150,7,0.3079211626100943
292,4,10,150,7,0.0
293,4,10,150,7,0.17342765698823945
294,4,10,150,7,0.0
295,4,10,150,7,0.27487633291429087
296,4,10,150,7,0.616564105751634
297,4,10,150,7,0.0
298,4,10,150,7,0.11838279295536291
299,4,10,150,7,0.0
300,4,10,150,7,0.0
301,4,10,150,7,0.0
303,4,10,150,7,0.10633668103022985
304,4,10,150,7,0.0
305,4,10,150,7,0.3727892582642586
306,4,10,150,7,0.0
307,4,10,150,7,0.0
308,4,10,150,7,0.09162544430476362
309,4,10,150,7,0.0
310,4,10,150,7,0.0
311,4,10,150,7,0.09162544430476362
312,4,10,150,7,0.0979129253499678
313,4,10,150,7,0.10633668103022985
314,4,10,150,7,0.27487633291429087
315,4,10,150,7,0.0
316,4,10,150,7,0.0
317,4,10,150,7,0.0
318,4,10,150,7,0.0
319,4,10,150,7,0.0
320,4,10,150,7,0.0
321,4,10,150,7,0.09162544430476362
322,4,10,150,7,0.17342765698823945
323,4,10,150,7,0.0
324,4,10,150,7,0.0
325,4,10,150,7,0.0
326,4,10,150,7,0.0
327,4,10,150,7,0.0
328,4,10,150,7,0.13743816645714543
329,4,10,150,7,0.0
330,4,10,150,7,0.0
331,4,10,150,7,0.16958010263680806
332,4,10,150,7,0.0
333,4,10,150,7,0.0
334,4,10,150,7,0.20424960638019762
336,4,10,150,7,0.0
337,4,10,150,7,0.16716045496620227
338,4,10,150,7,0.0
339,4,10,150,7,0.0
340,4,10,150,7,0.0
341,4,10,150,7,0.0
342,4,10,150,7,0.27487633291429087
343,4,10,150,7,0.27487633291429087
344,4,10,150,7,0.11838279295536291
345,4,10,150,7,0.0
346,4,10,150,7,0.22471947398559278
347,4,10,150,7,0.0
348,4,10,150,7,0.0
349,4,10,150,7,0.0
350,4,10,150,7,0.0
351,4,10,150,7,0.0
352,4,10,150,7,0.0
353,4,10,150,7,0.0
354,4,10,150,7,0.0
355,4,10,150,7,0.0
356,4,10,150,7,0.0
357,4,10,150,7,0.0
358,4,10,150,7,0.20438239758848611
359,4,10,150,7,0.0
360,4,10,150,7,0.0
361,4,10,150,7,0.0
362,4,10,150,7,0.0
363,4,10,150,7,0.27487633291429087
364,4,10,150,7,0.0
365,4,10,150,7,0.0
366,4,10,150,7,0.0
367,4,10,150,7,0.0
368,4,10,150,7,0.0
369,4,10,150,7,0.0
370,4,10,150,7,0.10633668103022985
371,4,10,150,7,0.0
372,4,10,150,7,0.0
373,4,10,150,7,0.0
374,4,10,150,7,0.0
375,4,10,150,7,0.0
376,4,10,150,7,0.0
377,4,10,150,7,0.0
378,4,10,150,7,0.41231449937143627
379,4,10,150,7,0.0
380,4,10,150,7,0.0
381,4,10,150,7,0.0
382,4,10,150,7,0.0
383,4,10,150,7,0.0
384,4,10,150,7,0.0
385,4,10,150,7,0.0
386,4,10,150,7,0.0
387,4,10,150,7,0.0979129253499678
388,4,10,150,7,0.0
389,4,10,150,7,0.0
390,4,10,150,7,0.0
391,4,10,150,7,0.11838279295536291
392,4,10,150,7,0.0
393,4,10,150,7,0.0
394,4,10,150,7,0.0979129253499678
395,4,10,150,7,0.0
396,4,10,150,7,0.0
397,4,10,150,7,0.27487633291429087
398,4,10,150,7,0.22471947398559278
399,4,10,150,7,0.0
400,4,10,150,7,0.0
401,4,10,150,7,0.0
402,4,10,150,7,0.0
403,4,10,150,7,0.0
404,4,10,150,7,0.0
405,4,10,150,7,0.17342765698823945
406,4,10,150,7,0.19796212533499344
407,4,10,150,7,0.0979129253499678
408,4,10,150,7,0.0
409,4,10,150,7,0.0
410,4,10,150,7,0.0
411,4,10,150,7,0.0
412,4,10,150,7,0.0
413,4,10,150,7,0.0
414,4,10,150,7,0.0
415,4,10,150,7,0.0
416,4,10,150,7,0.27487633291429087
417,4,10,150,7,0.0
418,4,10,150,7,0.0
419,4,10,150,7,0.1208113026994942
420,4,10,150,7,0.0
421,4,10,150,7,0.0
422,4,10,150,7,0.0
423,4,10,150,7,0.0
424,4,10,150,7,0.27487633291429087
425,4,10,150,7,0.41231449937143627
426,4,10,150,7,0.0
427,4,10,150,7,0.0
428,4,10,150,7,0.0
429,4,10,150,7,0.4483039899025303
430,4,10,150,7,0.0
431,4,10,150,7,0.0
432,4,10,150,7,0.0
433,4,10,150,7,0.0
434,4,10,150,7,0.15130120674940672
435,4,10,150,7,0.23535109180711322
436,4,10,150,7,0.0
437,4,10,150,7,0.0
438,4,10,150,7,0.0
439,4,10,150,7,0.0
440,4,10,150,7,0.0
441,4,10,150,7,0.0
442,4,10,150,7,0.0
443,4,10,150,7,0.0
444,4,10,150,7,0.0
445,4,10,150,7,0.0
446,4,10,150,7,0.0
447,4,10,150,7,0.38121301394452073
448,4,10,150,7,0.0
449,4,10,150,7,0.11838279295536291
450,4,10,150,7,0.22906361076190904
451,4,10,150,7,0.0
452,4,10,150,7,0.09162544430476362
453,4,10,150,7,0.0
454,4,10,150,7,0.0
455,4,10,150,7,0.17342765698823945
456,4,10,150,7,0.0
457,4,10,150,7,0.3932591258696538
458,4,10,150,7,0.0
459,4,10,150,7,0.0
460,4,10,150,7,0.0
461,4,10,150,7,0.0
462,4,10,150,7,0.0
463,4,10,150,7,0.27487633291429087
464,4,10,150,7,0.0
465,4,10,150,7,0.0
466,4,10,150,7,0.0
467,4,10,150,7,0.0
468,4,10,150,7,0.0
469,4,10,150,7,0.0
470,4,10,150,7,0.0
471,4,10,150,7,0.0
472,4,10,150,7,0.0
473,4,10,150,7,0.0
474,4,10,150,7,0.09162544430476362
475,4,10,150,7,0.0
476,4,10,150,7,0.0
477,4,10,150,7,0.0
478,4,10,150,7,0.3108658234453849
479,4,10,150,7,0.0
480,4,10,150,7,0.0
481,4,10,150,7,0.0
482,4,10,150,7,0.0
483,4,10,150,7,0.0
484,4,10,150,7,0.22471947398559278
485,4,10,150,7,0.0
486,4,10,150,7,0.0
487,4,10,150,7,0.0
488,4,10,150,7,0.0
489,4,10,150,7,0.0
490,4,10,150,7,0.0
491,4,10,150,7,0.0
492,4,10,150,7,0.0
493,4,10,150,7,0.0
494,4,10,150,7,0.0
495,4,10,150,7,0.0
496,4,10,150,7,0.0
497,4,10,150,7,0.09162544430476362
498,4,10,150,7,0.0
499,4,10,150,7,0.0
500,4,10,150,7,0.2162957183053307
501,4,10,150,7,0.0
502,4,10,150,7,0.0
503,4,10,150,7,0.0
504,4,10,150,7,0.0
505,4,10,150,7,0.17342765698823945
506,4,10,150,7,0.0
507,4,10,150,7,0.0
508,4,10,150,7,0.0
509,4,10,150,7,0.0
510,4,10,150,7,0.0
511,4,10,150,7,0.0
512,4,10,150,7,0.0
513,4,10,150,7,0.0
514,4,10,150,7,0.4292486164007478
515,4,10,150,7,0.11706259313796354
516,4,10,150,7,0.0
517,4,10,150,7,0.0
518,4,10,150,7,0.0
519,4,10,150,7,0.0
520,4,10,150,7,0.0
521,4,10,150,7,0.13743816645714543
522,4,10,150,7,0.0
523,4,10,150,7,0.0
524,4,10,150,7,0.27487633291429087
525,4,10,150,7,0.0
526,4,10,150,7,0.0
527,4,10,150,7,0.0
528,4,10,150,7,0.0
529,4,10,150,7,0.0
530,4,10,150,7,0.0
531,4,10,150,7,0.0
532,4,10,150,7,0.5857421563596757
533,4,10,150,7,0.0979129253499678
534,4,10,150,7,0.0
535,4,10,150,7,0.0
536,4,10,150,7,0.17342765698823945
537,4,10,150,7,0.17342765698823945
538,4,10,150,7,0.0
539,4,10,150,7,0.0
540,4,10,150,7,0.0
541,4,10,150,7,0.0
542,4,10,150,7,0.0979129253499678
543,4,10,150,7,0.0
544,4,10,150,7,0.0
545,4,10,150,7,0.0
546,4,10,150,7,0.0
547,4,10,150,7,0.0
548,4,10,150,7,0.0
549,4,10,150,7,0.0
550,4,10,150,7,0.0
551,4,10,150,7,0.0
552,4,10,150,7,0.0
553,4,10,150,7,0.0
554,4,10,150,7,0.27487633291429087
555,4,10,150,7,0.0
556,4,10,150,7,0.0
557,4,10,150,7,0.0
558,4,10,150,7,0.0
559,4,10,150,7,0.0
560,4,10,150,7,0.0
561,4,10,150,7,0.09162544430476362
562,4,10,150,7,0.0
563,4,10,150,7,0.0
564,4,10,150,7,0.0
565,4,10,150,7,0.0
566,4,10,150,7,0.0979129253499678
567,4,10,150,7,0.0
568,4,10,150,7,0.0
569,4,10,150,7,0.17342765698823945
570,4,10,150,7,0.0
571,4,10,150,7,0.0
572,4,10,150,7,0.16812753627111746
573,4,10,150,7,0.0
574,4,10,150,7,0.0
575,4,10,150,7,0.0
576,4,10,150,7,0.0
577,4,10,150,7,0.2558209594125084
578,4,10,150,7,0.0
579,4,10,150,7,0.0
580,4,10,150,7,0.0
581,4,10,150,7,0.0
582,4,10,150,7,0.0
583,4,10,150,7,0.0
584,4,10,150,7,0.0
585,4,10,150,7,0.0
586,4,10,150,7,0.17342765698823945
587,4,10,150,7,0.0
588,4,10,150,7,0.27487633291429087
589,4,10,150,7,0.0
590,4,10,150,7,0.0
591,4,10,150,7,0.0
592,4,10,150,7,0.6378423595572618
593,4,10,150,7,0.0
594,4,10,150,7,0.0
595,4,10,150,7,0.09162544430476362
596,4,10,150,7,0.0
597,4,10,150,7,0.27487633291429087
598,4,10,150,7,0.0
599,4,10,150,7,0.0
600,4,10,150,7,0.0
601,4,10,150,7,0.0
602,4,10,150,7,0.0
603,4,10,150,7,0.0
604,4,10,150,7,0.0
605,4,10,150,7,0.4483039899025303
606,4,10,150,7,0.22471947398559278
607,4,10,150,7,0.0
608,4,10,150,7,0.0
609,4,10,150,7,0.0
610,4,10,150,7,0.27487633291429087
611,4,10,150,7,0.0
612,4,10,150,7,0.0
613,4,10,150,7,0.0
614,4,10,150,7,0.0
615,4,10,150,7,0.0
616,4,10,150,7,0.0
617,4,10,150,7,0.0
618,4,10,150,7,0.27134058233820724
619,4,10,150,7,0.0
620,4,10,150,7,0.0
621,4,10,150,7,0.0979129253499678
622,4,10,150,7,0.2958750506849612
623,4,10,150,7,0.0
624,4,10,150,7,0.0
625,4,10,150,7,0.0
626,4,10,150,7,0.0
627,4,10,150,7,0.11838279295536291
628,4,10,150,7,0.0
629,4,10,150,7,0.0
630,4,10,150,7,0.27487633291429087
631,4,10,150,7,0.0
632,4,10,150,7,0.09162544430476362
633,4,10,150,7,0.0
634,4,10,150,7,0.0
635,4,10,150,7,0.0
636,4,10,150,7,0.0
637,4,10,150,7,0.0
638,4,10,150,7,0.0
639,4,10,150,7,0.0
640,4,10,150,7,0.0
641,4,10,150,7,0.11838279295536291
642,4,10,150,7,0.0
643,4,10,150,7,0.10633668103022985
644,4,10,150,7,0.0
645,4,10,150,7,0.3269765361118768
646,4,10,150,7,0.0
647,4,10,150,7,0.0
648,4,10,150,7,0.22906361076190904
649,4,10,150,7,0.13743816645714543
650,4,10,150,7,0.11838279295536291
651,4,10,150,7,0.0
652,4,10,150,7,0.0
653,4,10,150,7,0.3108658234453849
654,4,10,150,7,0.27487633291429087
655,4,10,150,7,0.0
656,4,10,150,7,0.0
657,4,10,150,7,0.0
658,4,10,150,7,0.27487633291429087
659,4,10,150,7,0.0
660,4,10,150,7,0.0
661,4,10,150,7,0.0
662,4,10,150,7,0.0
663,4,10,150,7,0.3727892582642586
664,4,10,150,7,0.3621576404427382
665,4,10,150,7,0.0
666,4,10,150,7,0.5975087322498515
667,4,10,150,7,0.10633668103022985
668,4,10,150,7,0.0
669,4,10,150,7,0.0979129253499678
670,4,10,150,7,0.0
671,4,10,150,7,0.09162544430476362
672,4,10,150,7,0.0
673,4,10,150,7,0.0
674,4,10,150,7,0.0
675,4,10,150,7,0.0
676,4,10,150,7,0.13743816645714543
677,4,10,150,7,0.0
678,4,10,150,7,0.0
679,4,10,150,7,0.10633668103022985
680,4,10,150,7,0.0
681,4,10,150,7,0.0
682,4,10,150,7,0.27487633291429087
683,4,10,150,7,0.0
684,4,10,150,7,0.10633668103022985
685,4,10,150,7,0.0
686,4,10,150,7,0.0
687,4,10,150,7,0.0
688,4,10,150,7,0.0
689,4,10,150,7,0.0979129253499678
690,4,10,150,7,0.10633668103022985
691,4,10,150,7,0.0
692,4,10,150,7,0.0979129253499678
693,4,10,150,7,0.0
694,4,10,150,7,0.2162957183053307
695,4,10,150,7,0.0
696,4,10,150,7,0.0
697,4,10,150,7,0.0
698,4,10,150,7,0.0
699,4,10,150,7,0.17342765698823945
700,4,10,150,7,0.0
701,4,10,150,7,0.0
702,4,10,150,7,0.0
703,4,10,150,7,0.17342765698823945
704,4,10,150,7,0.19796212533499344
705,4,10,150,7,0.0
706,4,10,150,7,0.0
707,4,10,150,7,0.0
708,4,10,150,7,0.0
709,4,10,150,7,0.17342765698823945
710,4,10,150,7,0.10633668103022985
711,4,10,150,7,0.0
712,4,10,150,7,0.0
713,4,10,150,7,0.0
714,4,10,150,7,0.0
715,4,10,150,7,0.0
716,4,10,150,7,0.10633668103022985
717,4,10,150,7,0.0
718,4,10,150,7,0.0
719,4,10,150,7,0.0
720,4,10,150,7,0.0
721,4,10,150,7,0.10633668103022985
722,4,10,150,7,0.0
723,4,10,150,7,0.0
724,4,10,150,7,0.0
725,4,10,150,7,0.0
726,4,10,150,7,0.0
727,4,10,150,7,0.20424960638019762
728,4,10,150,7,0.0
729,4,10,150,7,0.0
730,4,10,150,7,0.0
731,4,10,150,7,0.18953836965473142
732,4,10,150,7,0.0
733,4,10,150,7,0.0
734,4,10,150,7,0.0
735,4,10,150,7,0.0
736,4,10,150,7,0.0
737,4,10,150,7,0.0
738,4,10,150,7,0.09162544430476362
739,4,10,150,7,0.0
740,4,10,150,7,0.0
741,4,10,150,7,0.11838279295536291
742,4,10,150,7,0.0
743,4,10,150,7,0.0
744,4,10,150,7,0.0
745,4,10,150,7,0.0
746,4,10,150,7,0.27487633291429087
747,4,10,150,7,0.8104616303452685
748,4,10,150,7,0.13743816645714543
749,4,10,150,7,0.0
750,4,10,150,7,0.0
751,4,10,150,7,0.0
752,4,10,150,7,0.0
753,4,10,150,7,0.17342765698823945
754,4,10,150,7,0.0
755,4,10,150,7,0.0
756,4,10,150,7,0.09162544430476362
757,4,10,150,7,0.0
758,4,10,150,7,0.38121301394452073
759,4,10,150,7,0.0
760,4,10,150,7,0.0
761,4,10,150,7,0.0
762,4,10,150,7,0.0
763,4,10,150,7,0.0979129253499678
764,4,10,150,7,0.17342765698823945
765,4,10,150,7,0.11838279295536291
766,4,10,150,7,0.0979129253499678
767,4,10,150,7,0.0979129253499678
768,4,10,150,7,0.0
769,4,10,150,7,0.0
770,4,10,150,7,0.17342765698823945
771,4,10,150,7,0.27487633291429087
772,4,10,150,7,0.0
773,4,10,150,7,0.11838279295536291
774,4,10,150,7,0.0
775,4,10,150,7,0.0
776,4,10,150,7,0.0
777,4,10,150,7,0.0
778,4,10,150,7,0.13743816645714543
779,4,10,150,7,0.0
780,4,10,150,7,0.0
781,4,10,150,7,0.0
782,4,10,150,7,0.10633668103022985
783,4,10,150,7,0.0
784,4,10,150,7,0.0
785,4,10,150,7,0.0
786,4,10,150,7,0.0
787,4,10,150,7,0.0
788,4,10,150,7,0.5399294342072939
789,4,10,150,7,0.0
790,4,10,150,7,0.0
791,4,10,150,7,0.0
792,4,10,150,7,0.0
793,4,10,150,7,0.0
794,4,10,150,7,0.0
795,4,10,150,7,0.0
796,4,10,150,7,0.4791259392944885
797,4,10,150,7,0.0
798,4,10,150,7,0.17342765698823945
799,4,10,150,7,0.0
800,4,10,150,7,0.0
801,4,10,150,7,0.0
802,4,10,150,7,0.13743816645714543
803,4,10,150,7,0.0
804,4,10,150,7,0.11838279295536291
805,4,10,150,7,0.2558209594125084
806,4,10,150,7,0.6378423595572618
807,4,10,150,7,0.0
808,4,10,150,7,0.0
809,4,10,150,7,0.0
810,4,10,150,7,0.0
811,4,10,150,7,0.0
812,4,10,150,7,0.0
813,4,10,150,7,0.0
814,4,10,150,7,0.0
815,4,10,150,7,0.0
816,4,10,150,7,0.0
817,4,10,150,7,0.0
818,4,10,150,7,0.0
819,4,10,150,7,0.0
820,4,10,150,7,0.0
821,4,10,150,7,0.36650177721905447
822,4,10,150,7,0.0
823,4,10,150,7,0.0
824,4,10,150,7,0.0
825,4,10,150,7,0.10633668103022985
826,4,10,150,7,0.27487633291429087
827,4,10,150,7,0.0
828,4,10,150,7,0.0
829,4,10,150,7,0.09162544430476362
830,4,10,150,7,0.11838279295536291
831,4,10,150,7,0.49117205121962154
832,4,10,150,7,0.0
833,4,10,150,7,0.0
834,4,10,150,7,0.3727892582642586
835,4,10,150,7,0.0
836,4,10,150,7,0.09162544430476362
837,4,10,150,7,0.0
838,4,10,150,7,0.36650177721905447
839,4,10,150,7,0.0
840,4,10,150,7,0.4483039899025303
841,4,10,150,7,0.0
842,4,10,150,7,0.0
843,4,10,150,7,0.0
844,4,10,150,7,0.0
845,4,10,150,7,0.0
846,4,10,150,7,0.570751383599252
847,4,10,150,7,0.09162544430476362
848,4,10,150,7,0.0
849,4,10,150,7,0.0
850,4,10,150,7,0.27134058233820724
851,4,10,150,7,0.0
852,4,10,150,7,0.27487633291429087
853,4,10,150,7,0.0
854,4,10,150,7,0.0
855,4,10,150,7,0.0
856,4,10,150,7,0.0
857,4,10,150,7,0.0
858,4,10,150,7,0.0
859,4,10,150,7,0.0
860,4,10,150,7,0.0
861,4,10,150,7,0.0
862,4,10,150,7,0.0
863,4,10,150,7,0.0
864,4,10,150,7,0.5546406709327603
865,4,10,150,7,0.0
866,4,10,150,7,0.0
867,4,10,150,7,0.19796212533499344
868,4,10,150,7,0.3269765361118768
869,4,10,150,7,0.0
870,4,10,150,7,0.6223227366315628
871,4,10,150,7,0.09162544430476362
872,4,10,150,7,0.0
873,4,10,150,7,0.0
874,4,10,150,7,0.0
875,4,10,150,7,0.11838279295536291
876,4,10,150,7,0.0
877,4,10,150,7,0.0
878,4,10,150,7,0.5039399436761999
879,4,10,150,7,0.0
880,4,10,150,7,0.652553596282728
881,4,10,150,7,0.09162544430476362
882,4,10,150,7,0.27487633291429087
883,4,10,150,7,0.4483039899025303
884,4,10,150,7,0.11838279295536291
885,4,10,150,7,0.0
886,4,10,150,7,0.17342765698823945
887,4,10,150,7,0.11838279295536291
888,4,10,150,7,0.0
889,4,10,150,7,0.0
890,4,10,150,7,0.0
891,4,10,150,7,0.0
892,4,10,150,7,0.17342765698823945
893,4,10,150,7,0.11838279295536291
894,4,10,150,7,0.27134058233820724
895,4,10,150,7,0.0
896,4,10,150,7,0.8816172070446371
897,4,10,150,7,0.41231449937143627
898,4,10,150,7,0.0
899,4,10,150,7,0.10633668103022985
900,4,10,150,7,0.0
901,4,10,150,7,0.3981471309738322
902,4,10,150,7,0.0
903,4,10,150,7,0.27134058233820724
904,4,10,150,7,0.0
905,4,10,150,7,0.0
906,4,10,150,7,0.0
907,4,10,150,7,0.10633668103022985
908,4,10,150,7,0.0979129253499678
909,4,10,150,7,0.0
910,4,10,150,7,0.0
911,4,10,150,7,0.0
912,4,10,150,7,0.10633668103022985
913,4,10,150,7,0.0
914,4,10,150,7,0.0
915,4,10,150,7,0.0
916,4,10,150,7,0.7041249493150387
917,4,10,150,7,0.0
918,4,10,150,7,0.13743816645714543
919,4,10,150,7,0.24377484748737527
920,4,10,150,7,0.0
921,4,10,150,7,0.13743816645714543
922,4,10,150,7,0.11838279295536291
923,4,10,150,7,0.0
924,4,10,150,7,0.0
925,4,10,150,7,0.0
926,4,10,150,7,0.0
927,4,10,150,7,0.0
928,4,10,150,7,0.17342765698823945
929,4,10,150,7,0.17342765698823945
930,4,10,150,7,0.0
931,4,10,150,7,0.0
932,4,10,150,7,0.0
933,4,10,150,7,0.09162544430476362
934,4,10,150,7,0.13743816645714543
935,4,10,150,7,0.0
936,4,10,150,7,0.27487633291429087
937,4,10,150,7,0.0
938,4,10,150,7,0.27134058233820724
939,4,10,150,7,0.0
940,4,10,150,7,0.0979129253499678
941,4,10,150,7,0.0
942,4,10,150,7,0.0
943,4,10,150,7,0.2558209594125084
1,4,10,150,8,0.7457912185292983
2,4,10,150,8,0.0
3,4,10,150,8,0.0
4,4,10,150,8,0.0
5,4,10,150,8,0.0
6,4,10,150,8,0.2529427027676571
7,4,10,150,8,0.41253177989255346
8,4,10,150,8,0.0
9,4,10,150,8,0.21840743681816419
10,4,10,150,8,0.0
11,4,10,150,8,0.2529427027676571
12,4,10,150,8,0.0
13,4,10,150,8,0.07979453856244817
14,4,10,150,8,0.0
15,4,10,150,8,0.0
16,4,10,150,8,0.0
17,4,10,150,8,0.0
18,4,10,150,8,0.4695140628038533
19,4,10,150,8,0.0
20,4,10,150,8,0.0
21,4,10,150,8,0.0
22,4,10,150,8,0.0
23,4,10,150,8,0.1821658288910461
24,4,10,150,8,0.0
25,4,10,150,8,0.07979453856244817
26,4,10,150,8,0.0
27,4,10,150,8,0.0
28,4,10,150,8,0.0
29,4,10,150,8,0.0
30,4,10,150,8,0.0
31,4,10,150,8,0.0
32,4,10,150,8,0.0
33,4,10,150,8,0.0
35,4,10,150,8,0.0
36,4,10,150,8,0.0
37,4,10,150,8,0.0
38,4,10,150,8,0.0
39,4,10,150,8,0.0
40,4,10,150,8,0.0
41,4,10,150,8,0.0
42,4,10,150,8,0.0
43,4,10,150,8,0.2529427027676571
44,4,10,150,8,0.10893649261775588
45,4,10,150,8,0.0
46,4,10,150,8,0.0
47,4,10,150,8,0.0
48,4,10,150,8,0.0
49,4,10,150,8,0.0
50,4,10,150,8,0.0
51,4,10,150,8,0.16812753627111746
52,4,10,150,8,0.0
54,4,10,150,8,0.0
56,4,10,150,8,0.21657136003619623
57,4,10,150,8,0.15958907712489634
58,4,10,150,8,0.2529427027676571
59,4,10,150,8,0.09785159463516042
60,4,10,150,8,0.0
61,4,10,150,8,0.0
62,4,10,150,8,0.0843142342558857
63,4,10,150,8,0.0
64,4,10,150,8,0.0
65,4,10,150,8,0.13012668333070054
66,4,10,150,8,0.0
67,4,10,150,8,0.0
68,4,10,150,8,0.3391602052736161
69,4,10,150,8,0.0
70,4,10,150,8,0.0
71,4,10,150,8,0.0
72,4,10,150,8,0.0
73,4,10,150,8,0.0
74,4,10,150,8,0.0
75,4,10,150,8,0.0
76,4,10,150,8,0.0
77,4,10,150,8,0.0
78,4,10,150,8,0.0
79,4,10,150,8,0.27487633291429087
80,4,10,150,8,0.0
81,4,10,150,8,0.0
82,4,10,150,8,0.23540784400158446
83,4,10,150,8,0.0
84,4,10,150,8,0.0
85,4,10,150,8,0.0
87,4,10,150,8,0.0
89,4,10,150,8,0.16716045496620227
90,4,10,150,8,0.0
91,4,10,150,8,0.0
92,4,10,150,8,0.12647135138382856
93,4,10,150,8,0.0
94,4,10,150,8,0.0
95,4,10,150,8,0.2529427027676571
96,4,10,150,8,0.0
97,4,10,150,8,0.0
98,4,10,150,8,0.0
99,4,10,150,8,0.0
100,4,10,150,8,0.0
101,4,10,150,8,0.0
102,4,10,150,8,0.0
103,4,10,150,8,0.0
104,4,10,150,8,0.0
105,4,10,150,8,0.0
106,4,10,150,8,0.0
107,4,10,150,8,0.0
108,4,10,150,8,0.0
109,4,10,150,8,0.0
110,4,10,150,8,0.0
111,4,10,150,8,0.0
112,4,10,150,8,0.0
113,4,10,150,8,0.0
114,4,10,150,8,0.0
115,4,10,150,8,0.0
116,4,10,150,8,0.0
117,4,10,150,8,0.14606834984270645
118,4,10,150,8,0.0
119,4,10,150,8,0.07979453856244817
120,4,10,150,8,0.0
121,4,10,150,8,0.13032376591037062
122,4,10,150,8,0.0
123,4,10,150,8,0.0
125,4,10,150,8,0.0
126,4,10,150,8,0.0
127,4,10,150,8,0.0
128,4,10,150,8,0.0
129,4,10,150,8,0.0
130,4,10,150,8,0.2529427027676571
131,4,10,150,8,0.0
133,4,10,150,8,0.0
134,4,10,150,8,0.0
135,4,10,150,8,0.0
137,4,10,150,8,0.0
138,4,10,150,8,0.0
139,4,10,150,8,0.0
141,4,10,150,8,0.0
142,4,10,150,8,0.0
143,4,10,150,8,0.0
144,4,10,150,8,0.10893649261775588
145,4,10,150,8,0.0
146,4,10,150,8,0.0
148,4,10,150,8,0.0
149,4,10,150,8,0.0
150,4,10,150,8,0.0
151,4,10,150,8,0.0
152,4,10,150,8,0.0
153,4,10,150,8,0.0
154,4,10,150,8,0.0
155,4,10,150,8,0.0
156,4,10,150,8,0.0
158,4,10,150,8,0.09010000865236768
159,4,10,150,8,0.0
160,4,10,150,8,0.0
161,4,10,150,8,0.0
162,4,10,150,8,0.0
163,4,10,150,8,0.0
164,4,10,150,8,0.0
165,4,10,150,8,0.0
166,4,10,150,8,0.0
167,4,10,150,8,0.0
168,4,10,150,8,0.2529427027676571
169,4,10,150,8,0.0
170,4,10,150,8,0.0
171,4,10,150,8,0.0
172,4,10,150,8,0.0
173,4,10,150,8,0.0
174,4,10,150,8,0.09785159463516042
175,4,10,150,8,0.0
176,4,10,150,8,0.0
177,4,10,150,8,0.0843142342558857
178,4,10,150,8,0.35079429740281753
179,4,10,150,8,0.0
180,4,10,150,8,0.0
181,4,10,150,8,0.0
182,4,10,150,8,0.0
183,4,10,150,8,0.0
184,4,10,150,8,0.0
185,4,10,150,8,0.0
186,4,10,150,8,0.15958907712489634
187,4,10,150,8,0.0
188,4,10,150,8,0.0
189,4,10,150,8,0.2529427027676571
190,4,10,150,8,0.10699313236726378
191,4,10,150,8,0.0
192,4,10,150,8,0.0
193,4,10,150,8,0.0
194,4,10,150,8,0.0
195,4,10,150,8,0.0
196,4,10,150,8,0.0
197,4,10,150,8,0.0
198,4,10,150,8,0.0
199,4,10,150,8,0.0
200,4,10,150,8,0.0
201,4,10,150,8,0.09785159463516042
203,4,10,150,8,0.0
204,4,10,150,8,0.0
205,4,10,150,8,0.0
206,4,10,150,8,0.0
207,4,10,150,8,0.0
209,4,10,150,8,0.0
210,4,10,150,8,0.0
211,4,10,150,8,0.0
212,4,10,150,8,0.0
213,4,10,150,8,0.0
214,4,10,150,8,0.0
215,4,10,150,8,0.0
216,4,10,150,8,0.0
217,4,10,150,8,0.0
218,4,10,150,8,0.19092086617893467
219,4,10,150,8,0.0
221,4,10,150,8,0.2797643380184693
222,4,10,150,8,0.2067880872529163
223,4,10,150,8,0.0
224,4,10,150,8,0.0
225,4,10,150,8,0.0
226,4,10,150,8,0.0
227,4,10,150,8,0.0
228,4,10,150,8,0.0
229,4,10,150,8,0.0
230,4,10,150,8,0.0843142342558857
231,4,10,150,8,0.0
232,4,10,150,8,0.2529427027676571
233,4,10,150,8,0.0
234,4,10,150,8,0.0
235,4,10,150,8,0.0
236,4,10,150,8,0.0
237,4,10,150,8,0.0
238,4,10,150,8,0.0
239,4,10,150,8,0.09010000865236768
240,4,10,150,8,0.0
242,4,10,150,8,0.0
243,4,10,150,8,0.0
244,4,10,150,8,0.0
245,4,10,150,8,0.0
246,4,10,150,8,0.10893649261775588
247,4,10,150,8,0.0
248,4,10,150,8,0.0
249,4,10,150,8,0.07979453856244817
250,4,10,150,8,0.2529427027676571
251,4,10,150,8,0.0
252,4,10,150,8,0.0
253,4,10,150,8,0.0
254,4,10,150,8,0.0
255,4,10,150,8,0.0
256,4,10,150,8,0.15958907712489634
257,4,10,150,8,0.15101961822780524
258,4,10,150,8,0.0
259,4,10,150,8,0.0
260,4,10,150,8,0.0
261,4,10,150,8,0.0
262,4,10,150,8,0.0
263,4,10,150,8,0.09010000865236768
264,4,10,150,8,0.0
265,4,10,150,8,0.0
267,4,10,150,8,0.0
268,4,10,150,8,0.09785159463516042
269,4,10,150,8,0.12647135138382856
270,4,10,150,8,0.0
271,4,10,150,8,0.09010000865236768
272,4,10,150,8,0.0
273,4,10,150,8,0.0
274,4,10,150,8,0.0
275,4,10,150,8,0.0
276,4,10,150,8,0.3327372413301053
277,4,10,150,8,0.0
279,4,10,150,8,0.1821658288910461
280,4,10,150,8,0.0
281,4,10,150,8,0.0
283,4,10,150,8,0.0
284,4,10,150,8,0.0
285,4,10,150,8,0.0
286,4,10,150,8,0.36637716437781265
287,4,10,150,8,0.0
288,4,10,150,8,0.0
289,4,10,150,8,0.13905617951077562
290,4,10,150,8,0.0
291,4,10,150,8,0.28335073552600926
292,4,10,150,8,0.0
293,4,10,150,8,0.15958907712489634
294,4,10,150,8,0.0
295,4,10,150,8,0.2529427027676571
296,4,10,150,8,0.647160196001462
297,4,10,150,8,0.07979453856244817
298,4,10,150,8,0.10893649261775588
299,4,10,150,8,0.0
300,4,10,150,8,0.0
301,4,10,150,8,0.07979453856244817
303,4,10,150,8,0.09785159463516042
304,4,10,150,8,0.0
305,4,10,150,8,0.3430427114200248
306,4,10,150,8,0.0
307,4,10,150,8,0.0
308,4,10,150,8,0.0843142342558857
309,4,10,150,8,0.0
310,4,10,150,8,0.0
311,4,10,150,8,0.0843142342558857
312,4,10,150,8,0.09010000865236768
313,4,10,150,8,0.09785159463516042
314,4,10,150,8,0.2529427027676571
315,4,10,150,8,0.0
316,4,10,150,8,0.0
317,4,10,150,8,0.0
318,4,10,150,8,0.0
319,4,10,150,8,0.0
320,4,10,150,8,0.0
321,4,10,150,8,0.0843142342558857
322,4,10,150,8,0.17342765698823945
323,4,10,150,8,0.0
324,4,10,150,8,0.0
325,4,10,150,8,0.0
326,4,10,150,8,0.0
327,4,10,150,8,0.0
328,4,10,150,8,0.12647135138382856
329,4,10,150,8,0.0
330,4,10,150,8,0.0
331,4,10,150,8,0.16958010263680806
332,4,10,150,8,0.0
333,4,10,150,8,0.0
334,4,10,150,8,0.18795160328752808
336,4,10,150,8,0.0
337,4,10,150,8,0.16716045496620227
338,4,10,150,8,0.0
339,4,10,150,8,0.0
340,4,10,150,8,0.0
341,4,10,150,8,0.0
342,4,10,150,8,0.2529427027676571
343,4,10,150,8,0.2529427027676571
344,4,10,150,8,0.18873103118020404
345,4,10,150,8,0.0
346,4,10,150,8,0.2067880872529163
347,4,10,150,8,0.0
348,4,10,150,8,0.0
349,4,10,150,8,0.0
350,4,10,150,8,0.0
351,4,10,150,8,0.0
352,4,10,150,8,0.0
353,4,10,150,8,0.0
354,4,10,150,8,0.0
355,4,10,150,8,0.0
356,4,10,150,8,0.0
357,4,10,150,8,0.0
358,4,10,150,8,0.20438239758848611
359,4,10,150,8,0.0
360,4,10,150,8,0.0
361,4,10,150,8,0.0
362,4,10,150,8,0.0
363,4,10,150,8,0.2529427027676571
364,4,10,150,8,0.0
365,4,10,150,8,0.0
366,4,10,150,8,0.0
367,4,10,150,8,0.0
368,4,10,150,8,0.0
369,4,10,150,8,0.0
370,4,10,150,8,0.09785159463516042
371,4,10,150,8,0.0
372,4,10,150,8,0.0
373,4,10,150,8,0.0
374,4,10,150,8,0.0
375,4,10,150,8,0.0
376,4,10,150,8,0.0
377,4,10,150,8,0.0
378,4,10,150,8,0.37941405415148566
379,4,10,150,8,0.0
380,4,10,150,8,0.0
381,4,10,150,8,0.0
382,4,10,150,8,0.0
383,4,10,150,8,0.0
384,4,10,150,8,0.0
385,4,10,150,8,0.0
386,4,10,150,8,0.0
387,4,10,150,8,0.09010000865236768
388,4,10,150,8,0.0
389,4,10,150,8,0.0
390,4,10,150,8,0.0
391,4,10,150,8,0.10893649261775588
392,4,10,150,8,0.0
393,4,10,150,8,0.0
394,4,10,150,8,0.09010000865236768
395,4,10,150,8,0.0
396,4,10,150,8,0.0
397,4,10,150,8,0.3327372413301053
398,4,10,150,8,0.2067880872529163
399,4,10,150,8,0.0
400,4,10,150,8,0.0
401,4,10,150,8,0.0
402,4,10,150,8,0.0
403,4,10,150,8,0.0
404,4,10,150,8,0.0
405,4,10,150,8,0.15958907712489634
406,4,10,150,8,0.1821658288910461
407,4,10,150,8,0.09010000865236768
408,4,10,150,8,0.0
409,4,10,150,8,0.0
410,4,10,150,8,0.0
411,4,10,150,8,0.0
412,4,10,150,8,0.0
413,4,10,150,8,0.0
414,4,10,150,8,0.0
415,4,10,150,8,0.0
416,4,10,150,8,0.2529427027676571
417,4,10,150,8,0.0
418,4,10,150,8,0.0
419,4,10,150,8,0.1208113026994942
420,4,10,150,8,0.0
421,4,10,150,8,0.0
422,4,10,150,8,0.0
423,4,10,150,8,0.0
424,4,10,150,8,0.2529427027676571
425,4,10,150,8,0.37941405415148566
426,4,10,150,8,0.0
427,4,10,150,8,0.0
428,4,10,150,8,0.0
429,4,10,150,8,0.4923263184550016
430,4,10,150,8,0.0
431,4,10,150,8,0.0
432,4,10,150,8,0.0
433,4,10,150,8,0.0
434,4,10,150,8,0.15130120674940672
435,4,10,150,8,0.21657136003619623
436,4,10,150,8,0.0
437,4,10,150,8,0.0
438,4,10,150,8,0.0
439,4,10,150,8,0.0
440,4,10,150,8,0.0
441,4,10,150,8,0.0
442,4,10,150,8,0.07979453856244817
443,4,10,150,8,0.0
444,4,10,150,8,0.0
445,4,10,150,8,0.0
446,4,10,150,8,0.0
447,4,10,150,8,0.35079429740281753
448,4,10,150,8,0.0
449,4,10,150,8,0.10893649261775588
450,4,10,150,8,0.21078558563971425
451,4,10,150,8,0.0
452,4,10,150,8,0.0843142342558857
453,4,10,150,8,0.0
454,4,10,150,8,0.0
455,4,10,150,8,0.15958907712489634
456,4,10,150,8,0.0
457,4,10,150,8,0.361879195385413
458,4,10,150,8,0.0
459,4,10,150,8,0.0
460,4,10,150,8,0.0
461,4,10,150,8,0.0
462,4,10,150,8,0.0
463,4,10,150,8,0.2529427027676571
464,4,10,150,8,0.0
465,4,10,150,8,0.0
466,4,10,150,8,0.0
467,4,10,150,8,0.0
468,4,10,150,8,0.0
469,4,10,150,8,0.0
470,4,10,150,8,0.0
471,4,10,150,8,0.0
472,4,10,150,8,0.0
473,4,10,150,8,0.0
474,4,10,150,8,0.0843142342558857
475,4,10,150,8,0.0
476,4,10,150,8,0.0
477,4,10,150,8,0.0
478,4,10,150,8,0.2860604285087249
479,4,10,150,8,0.0
480,4,10,150,8,0.0
481,4,10,150,8,0.0
482,4,10,150,8,0.0
483,4,10,150,8,0.0
484,4,10,150,8,0.2067880872529163
485,4,10,150,8,0.0
486,4,10,150,8,0.0
487,4,10,150,8,0.0
488,4,10,150,8,0.0
489,4,10,150,8,0.0
490,4,10,150,8,0.0
491,4,10,150,8,0.0
492,4,10,150,8,0.0
493,4,10,150,8,0.0
494,4,10,150,8,0.0
495,4,10,150,8,0.0
496,4,10,150,8,0.0
497,4,10,150,8,0.0843142342558857
498,4,10,150,8,0.0
499,4,10,150,8,0.0
500,4,10,150,8,0.19903650127012357
501,4,10,150,8,0.0
502,4,10,150,8,0.0
503,4,10,150,8,0.0
504,4,10,150,8,0.0
505,4,10,150,8,0.15958907712489634
506,4,10,150,8,0.07979453856244817
507,4,10,150,8,0.0
508,4,10,150,8,0.0
509,4,10,150,8,0.0
510,4,10,150,8,0.0
511,4,10,150,8,0.0
512,4,10,150,8,0.0
513,4,10,150,8,0.0
514,4,10,150,8,0.39499692112648077
515,4,10,150,8,0.11706259313796354
516,4,10,150,8,0.0
517,4,10,150,8,0.0
518,4,10,150,8,0.0
519,4,10,150,8,0.0
520,4,10,150,8,0.0
521,4,10,150,8,0.12647135138382856
522,4,10,150,8,0.0
523,4,10,150,8,0.0
524,4,10,150,8,0.2529427027676571
525,4,10,150,8,0.0
526,4,10,150,8,0.0
527,4,10,150,8,0.0
528,4,10,150,8,0.0
529,4,10,150,8,0.0
530,4,10,150,8,0.0
531,4,10,150,8,0.0
532,4,10,150,8,0.6187976698388302
533,4,10,150,8,0.16989454721481587
534,4,10,150,8,0.07979453856244817
535,4,10,150,8,0.07979453856244817
536,4,10,150,8,0.15958907712489634
537,4,10,150,8,0.2393836156873445
538,4,10,150,8,0.0
539,4,10,150,8,0.0
540,4,10,150,8,0.0
541,4,10,150,8,0.0
542,4,10,150,8,0.09010000865236768
543,4,10,150,8,0.0
544,4,10,150,8,0.0
545,4,10,150,8,0.0
546,4,10,150,8,0.0
547,4,10,150,8,0.0
548,4,10,150,8,0.0
549,4,10,150,8,0.0
550,4,10,150,8,0.0
551,4,10,150,8,0.0
552,4,10,150,8,0.0
553,4,10,150,8,0.0
554,4,10,150,8,0.2529427027676571
555,4,10,150,8,0.0
556,4,10,150,8,0.0
557,4,10,150,8,0.0
558,4,10,150,8,0.0
559,4,10,150,8,0.0
560,4,10,150,8,0.0
561,4,10,150,8,0.0843142342558857
562,4,10,150,8,0.0
563,4,10,150,8,0.0
564,4,10,150,8,0.0
565,4,10,150,8,0.0
566,4,10,150,8,0.09010000865236768
567,4,10,150,8,0.0
568,4,10,150,8,0.0
569,4,10,150,8,0.15958907712489634
570,4,10,150,8,0.0
571,4,10,150,8,0.0
572,4,10,150,8,0.16812753627111746
573,4,10,150,8,0.0
574,4,10,150,8,0.0
575,4,10,150,8,0.0
576,4,10,150,8,0.0
577,4,10,150,8,0.3152023825640326
578,4,10,150,8,0.0
579,4,10,150,8,0.0
580,4,10,150,8,0.07979453856244817
581,4,10,150,8,0.0
582,4,10,150,8,0.0
583,4,10,150,8,0.0
584,4,10,150,8,0.0
585,4,10,150,8,0.0
586,4,10,150,8,0.15958907712489634
587,4,10,150,8,0.0
588,4,10,150,8,0.2529427027676571
589,4,10,150,8,0.0
590,4,10,150,8,0.0
591,4,10,150,8,0.0
592,4,10,150,8,0.5869460228008069
593,4,10,150,8,0.0
594,4,10,150,8,0.0
595,4,10,150,8,0.0843142342558857
596,4,10,150,8,0.0
597,4,10,150,8,0.2529427027676571
598,4,10,150,8,0.0
599,4,10,150,8,0.0
600,4,10,150,8,0.0
601,4,10,150,8,0.0
602,4,10,150,8,0.0
603,4,10,150,8,0.0
604,4,10,150,8,0.0
605,4,10,150,8,0.41253177989255346
606,4,10,150,8,0.2067880872529163
607,4,10,150,8,0.0
608,4,10,150,8,0.0
609,4,10,150,8,0.0
610,4,10,150,8,0.2529427027676571
611,4,10,150,8,0.0
612,4,10,150,8,0.0
613,4,10,150,8,0.0
614,4,10,150,8,0.0
615,4,10,150,8,0.0
616,4,10,150,8,0.0
617,4,10,150,8,0.0
618,4,10,150,8,0.249689085777264
619,4,10,150,8,0.0
620,4,10,150,8,0.0
621,4,10,150,8,0.09010000865236768
622,4,10,150,8,0.27226583754341377
623,4,10,150,8,0.0
624,4,10,150,8,0.0
625,4,10,150,8,0.0
626,4,10,150,8,0.0
627,4,10,150,8,0.10893649261775588
628,4,10,150,8,0.0
629,4,10,150,8,0.07979453856244817
630,4,10,150,8,0.2529427027676571
631,4,10,150,8,0.0
632,4,10,150,8,0.1641087728183339
633,4,10,150,8,0.07979453856244817
634,4,10,150,8,0.0
635,4,10,150,8,0.0
636,4,10,150,8,0.0
637,4,10,150,8,0.0
638,4,10,150,8,0.0
639,4,10,150,8,0.0
640,4,10,150,8,0.0
641,4,10,150,8,0.10893649261775588
642,4,10,150,8,0.07979453856244817
643,4,10,150,8,0.09785159463516042
644,4,10,150,8,0.0
645,4,10,150,8,0.3008855942920819
646,4,10,150,8,0.0
647,4,10,150,8,0.0
648,4,10,150,8,0.21078558563971425
649,4,10,150,8,0.12647135138382856
650,4,10,150,8,0.10893649261775588
651,4,10,150,8,0.0
652,4,10,150,8,0.0
653,4,10,150,8,0.2860604285087249
654,4,10,150,8,0.2529427027676571
655,4,10,150,8,0.0
656,4,10,150,8,0.0
657,4,10,150,8,0.0
658,4,10,150,8,0.2529427027676571
659,4,10,150,8,0.0
660,4,10,150,8,0.0
661,4,10,150,8,0.0
662,4,10,150,8,0.0
663,4,10,150,8,0.3430427114200248
664,4,10,150,8,0.3332594386367449
665,4,10,150,8,0.0
666,4,10,150,8,0.5498307986729412
667,4,10,150,8,0.09785159463516042
668,4,10,150,8,0.07979453856244817
669,4,10,150,8,0.09010000865236768
670,4,10,150,8,0.0
671,4,10,150,8,0.0843142342558857
672,4,10,150,8,0.0
673,4,10,150,8,0.0
674,4,10,150,8,0.0
675,4,10,150,8,0.0
676,4,10,150,8,0.20626588994627673
677,4,10,150,8,0.0
678,4,10,150,8,0.0
679,4,10,150,8,0.09785159463516042
680,4,10,150,8,0.0
681,4,10,150,8,0.0
682,4,10,150,8,0.2529427027676571
683,4,10,150,8,0.0
684,4,10,150,8,0.09785159463516042
685,4,10,150,8,0.0
686,4,10,150,8,0.0
687,4,10,150,8,0.0
688,4,10,150,8,0.0
689,4,10,150,8,0.09010000865236768
690,4,10,150,8,0.09785159463516042
691,4,10,150,8,0.0
692,4,10,150,8,0.09010000865236768
693,4,10,150,8,0.0
694,4,10,150,8,0.19903650127012357
695,4,10,150,8,0.0
696,4,10,150,8,0.0
697,4,10,150,8,0.0
698,4,10,150,8,0.0
699,4,10,150,8,0.15958907712489634
700,4,10,150,8,0.0
701,4,10,150,8,0.0
702,4,10,150,8,0.0
703,4,10,150,8,0.15958907712489634
704,4,10,150,8,0.1821658288910461
705,4,10,150,8,0.0
706,4,10,150,8,0.0
707,4,10,150,8,0.0
708,4,10,150,8,0.0
709,4,10,150,8,0.15958907712489634
710,4,10,150,8,0.17764613319760858
711,4,10,150,8,0.0
712,4,10,150,8,0.0
713,4,10,150,8,0.0
714,4,10,150,8,0.0
715,4,10,150,8,0.0
716,4,10,150,8,0.09785159463516042
717,4,10,150,8,0.0
718,4,10,150,8,0.0
719,4,10,150,8,0.0
720,4,10,150,8,0.0
721,4,10,150,8,0.09785159463516042
722,4,10,150,8,0.0
723,4,10,150,8,0.0
724,4,10,150,8,0.0
725,4,10,150,8,0.0
726,4,10,150,8,0.0
727,4,10,150,8,0.18795160328752808
728,4,10,150,8,0.0
729,4,10,150,8,0.0
730,4,10,150,8,0.0
731,4,10,150,8,0.1744142429082534
732,4,10,150,8,0.0
733,4,10,150,8,0.0
734,4,10,150,8,0.0
735,4,10,150,8,0.0
736,4,10,150,8,0.0
737,4,10,150,8,0.0
738,4,10,150,8,0.0843142342558857
739,4,10,150,8,0.0
740,4,10,150,8,0.0
741,4,10,150,8,0.10893649261775588
742,4,10,150,8,0.0
743,4,10,150,8,0.0
744,4,10,150,8,0.0
745,4,10,150,8,0.0
746,4,10,150,8,0.3327372413301053
747,4,10,150,8,0.7457912185292983
748,4,10,150,8,0.12647135138382856
749,4,10,150,8,0.07979453856244817
750,4,10,150,8,0.0
751,4,10,150,8,0.0
752,4,10,150,8,0.0
753,4,10,150,8,0.15958907712489634
754,4,10,150,8,0.0
755,4,10,150,8,0.0
756,4,10,150,8,0.0843142342558857
757,4,10,150,8,0.0
758,4,10,150,8,0.35079429740281753
759,4,10,150,8,0.0
760,4,10,150,8,0.0
761,4,10,150,8,0.0
762,4,10,150,8,0.0
763,4,10,150,8,0.09010000865236768
764,4,10,150,8,0.15958907712489634
765,4,10,150,8,0.10893649261775588
766,4,10,150,8,0.09010000865236768
767,4,10,150,8,0.09010000865236768
768,4,10,150,8,0.0
769,4,10,150,8,0.0
770,4,10,150,8,0.15958907712489634
771,4,10,150,8,0.2529427027676571
772,4,10,150,8,0.0
773,4,10,150,8,0.10893649261775588
774,4,10,150,8,0.0
775,4,10,150,8,0.0
776,4,10,150,8,0.0
777,4,10,150,8,0.0
778,4,10,150,8,0.12647135138382856
779,4,10,150,8,0.0
780,4,10,150,8,0.0
781,4,10,150,8,0.0
782,4,10,150,8,0.09785159463516042
783,4,10,150,8,0.0
784,4,10,150,8,0.0
785,4,10,150,8,0.0
786,4,10,150,8,0.0
787,4,10,150,8,0.0
788,4,10,150,8,0.49684601414843915
789,4,10,150,8,0.0
790,4,10,150,8,0.0
791,4,10,150,8,0.0
792,4,10,150,8,0.0
793,4,10,150,8,0.0
794,4,10,150,8,0.0
795,4,10,150,8,0.0
796,4,10,150,8,0.5206888446176333
797,4,10,150,8,0.0
798,4,10,150,8,0.15958907712489634
799,4,10,150,8,0.0
800,4,10,150,8,0.0
801,4,10,150,8,0.0
802,4,10,150,8,0.12647135138382856
803,4,10,150,8,0.0
804,4,10,150,8,0.10893649261775588
805,4,10,150,8,0.23540784400158446
806,4,10,150,8,0.5869460228008069
807,4,10,150,8,0.0
808,4,10,150,8,0.0
809,4,10,150,8,0.0
810,4,10,150,8,0.0
811,4,10,150,8,0.0
812,4,10,150,8,0.0
813,4,10,150,8,0.0
814,4,10,150,8,0.0
815,4,10,150,8,0.0
816,4,10,150,8,0.0
817,4,10,150,8,0.0
818,4,10,150,8,0.0
819,4,10,150,8,0.0
820,4,10,150,8,0.0
821,4,10,150,8,0.3372569370235428
822,4,10,150,8,0.0
823,4,10,150,8,0.0
824,4,10,150,8,0.0
825,4,10,150,8,0.09785159463516042
826,4,10,150,8,0.2529427027676571
827,4,10,150,8,0.0
828,4,10,150,8,0.07979453856244817
829,4,10,150,8,0.0843142342558857
830,4,10,150,8,0.10893649261775588
831,4,10,150,8,0.4519792040377807
832,4,10,150,8,0.0
833,4,10,150,8,0.07979453856244817
834,4,10,150,8,0.3430427114200248
835,4,10,150,8,0.0
836,4,10,150,8,0.0843142342558857
837,4,10,150,8,0.0
838,4,10,150,8,0.3372569370235428
839,4,10,150,8,0.07979453856244817
840,4,10,150,8,0.4923263184550016
841,4,10,150,8,0.0
842,4,10,150,8,0.0
843,4,10,150,8,0.0
844,4,10,150,8,0.0
845,4,10,150,8,0.0
846,4,10,150,8,0.5252085403110709
847,4,10,150,8,0.1641087728183339
848,4,10,150,8,0.0
849,4,10,150,8,0.0
850,4,10,150,8,0.3294836243397122
851,4,10,150,8,0.0
852,4,10,150,8,0.2529427027676571
853,4,10,150,8,0.0
854,4,10,150,8,0.0
855,4,10,150,8,0.0
856,4,10,150,8,0.0
857,4,10,150,8,0.0
858,4,10,150,8,0.0
859,4,10,150,8,0.0
860,4,10,150,8,0.0
861,4,10,150,8,0.0
862,4,10,150,8,0.0
863,4,10,150,8,0.0
864,4,10,150,8,0.510383374527714
865,4,10,150,8,0.0
866,4,10,150,8,0.0
867,4,10,150,8,0.1821658288910461
868,4,10,150,8,0.3008855942920819
869,4,10,150,8,0.0
870,4,10,150,8,0.5726647810251273
871,4,10,150,8,0.0843142342558857
872,4,10,150,8,0.0
873,4,10,150,8,0.0
874,4,10,150,8,0.0
875,4,10,150,8,0.10893649261775588
876,4,10,150,8,0.08671382849411972
877,4,10,150,8,0.0
878,4,10,150,8,0.46372828840737135
879,4,10,150,8,0.0
880,4,10,150,8,0.6004833831800817
881,4,10,150,8,0.0843142342558857
882,4,10,150,8,0.2529427027676571
883,4,10,150,8,0.4923263184550016
884,4,10,150,8,0.10893649261775588
885,4,10,150,8,0.0
886,4,10,150,8,0.2393836156873445
887,4,10,150,8,0.10893649261775588
888,4,10,150,8,0.07979453856244817
889,4,10,150,8,0.0
890,4,10,150,8,0.0
891,4,10,150,8,0.0
892,4,10,150,8,0.2393836156873445
893,4,10,150,8,0.10893649261775588
894,4,10,150,8,0.249689085777264
895,4,10,150,8,0.0
896,4,10,150,8,0.8112689688197959
897,4,10,150,8,0.37941405415148566
898,4,10,150,8,0.0
899,4,10,150,8,0.09785159463516042
900,4,10,150,8,0.0
901,4,10,150,8,0.36637716437781265
902,4,10,150,8,0.0
903,4,10,150,8,0.3294836243397122
904,4,10,150,8,0.0
905,4,10,150,8,0.0
906,4,10,150,8,0.0
907,4,10,150,8,0.09785159463516042
908,4,10,150,8,0.09010000865236768
909,4,10,150,8,0.0
910,4,10,150,8,0.0
911,4,10,150,8,0.0
912,4,10,150,8,0.09785159463516042
913,4,10,150,8,0.0
914,4,10,150,8,0.0
915,4,10,150,8,0.0
916,4,10,150,8,0.647939623894138
917,4,10,150,8,0.0
918,4,10,150,8,0.12647135138382856
919,4,10,150,8,0.22432294601898897
920,4,10,150,8,0.0
921,4,10,150,8,0.12647135138382856
922,4,10,150,8,0.18873103118020404
923,4,10,150,8,0.0
924,4,10,150,8,0.0
925,4,10,150,8,0.0
926,4,10,150,8,0.0
927,4,10,150,8,0.0
928,4,10,150,8,0.15958907712489634
929,4,10,150,8,0.2393836156873445
930,4,10,150,8,0.0
931,4,10,150,8,0.0
932,4,10,150,8,0.0
933,4,10,150,8,0.0843142342558857
934,4,10,150,8,0.12647135138382856
935,4,10,150,8,0.0
936,4,10,150,8,0.2529427027676571
937,4,10,150,8,0.0
938,4,10,150,8,0.249689085777264
939,4,10,150,8,0.0
940,4,10,150,8,0.09010000865236768
941,4,10,150,8,0.0
942,4,10,150,8,0.0
943,4,10,150,8,0.23540784400158446
1,4,10,150,9,0.6930221935231562
2,4,10,150,9,0.0
3,4,10,150,9,0.0
4,4,10,150,9,0.0
5,4,10,150,9,0.0
6,4,10,150,9,0.23504554941448536
7,4,10,150,9,0.38334277998463445
8,4,10,150,9,0.0
9,4,10,150,9,0.21840743681816419
10,4,10,150,9,0.0
11,4,10,150,9,0.23504554941448536
12,4,10,150,9,0.0
13,4,10,150,9,0.07414861528507455
14,4,10,150,9,0.0
15,4,10,150,9,0.0
16,4,10,150,9,0.0
17,4,10,150,9,0.0
18,4,10,150,9,0.43629323812092147
19,4,10,150,9,0.0
20,4,10,150,9,0.0
21,4,10,150,9,0.0
22,4,10,150,9,0.0
23,4,10,150,9,0.16927654709047393
24,4,10,150,9,0.0
25,4,10,150,9,0.07414861528507455
26,4,10,150,9,0.0
27,4,10,150,9,0.0
28,4,10,150,9,0.0
29,4,10,150,9,0.0
30,4,10,150,9,0.0
31,4,10,150,9,0.0
32,4,10,150,9,0.0
33,4,10,150,9,0.0
35,4,10,150,9,0.0
36,4,10,150,9,0.0
37,4,10,150,9,0.0
38,4,10,150,9,0.0
39,4,10,150,9,0.0
40,4,10,150,9,0.0
41,4,10,150,9,0.0
42,4,10,150,9,0.0
43,4,10,150,9,0.23504554941448536
44,4,10,150,9,0.10122860821230018
45,4,10,150,9,0.0
46,4,10,150,9,0.0
47,4,10,150,9,0.0
48,4,10,150,9,0.0
49,4,10,150,9,0.0
50,4,10,150,9,0.0
51,4,10,150,9,0.16812753627111746
52,4,10,150,9,0.0
54,4,10,150,9,0.0
56,4,10,150,9,0.20124768870643614
57,4,10,150,9,0.1482972305701491
58,4,10,150,9,0.23504554941448536
59,4,10,150,9,0.16168379134005945
60,4,10,150,9,0.0
61,4,10,150,9,0.0
62,4,10,150,9,0.07834851647149511
63,4,10,150,9,0.0
64,4,10,150,9,0.0
65,4,10,150,9,0.13012668333070054
66,4,10,150,9,0.0
67,4,10,150,9,0.0
68,4,10,150,9,0.3391602052736161
69,4,10,150,9,0.0
70,4,10,150,9,0.0
71,4,10,150,9,0.0
72,4,10,150,9,0.0
73,4,10,150,9,0.0
74,4,10,150,9,0.0
75,4,10,150,9,0.0
76,4,10,150,9,0.0
77,4,10,150,9,0.0
78,4,10,150,9,0.0
79,4,10,150,9,0.27487633291429087
80,4,10,150,9,0.0
81,4,10,150,9,0.0
82,4,10,150,9,0.21875138291954288
83,4,10,150,9,0.0
84,4,10,150,9,0.0
85,4,10,150,9,0.0
87,4,10,150,9,0.0
89,4,10,150,9,0.16716045496620227
90,4,10,150,9,0.0
91,4,10,150,9,0.0
92,4,10,150,9,0.11752277470724268
93,4,10,150,9,0.0
94,4,10,150,9,0.0
95,4,10,150,9,0.23504554941448536
96,4,10,150,9,0.0
97,4,10,150,9,0.0
98,4,10,150,9,0.0
99,4,10,150,9,0.0
100,4,10,150,9,0.0
101,4,10,150,9,0.0
102,4,10,150,9,0.0
103,4,10,150,9,0.0
104,4,10,150,9,0.0
105,4,10,150,9,0.0
106,4,10,150,9,0.0
107,4,10,150,9,0.0
108,4,10,150,9,0.0
109,4,10,150,9,0.0
110,4,10,150,9,0.0
111,4,10,150,9,0.0
112,4,10,150,9,0.0
113,4,10,150,9,0.0
114,4,10,150,9,0.0
115,4,10,150,9,0.0
116,4,10,150,9,0.0
117,4,10,150,9,0.14606834984270645
118,4,10,150,9,0.0
119,4,10,150,9,0.07414861528507455
120,4,10,150,9,0.0
121,4,10,150,9,0.13032376591037062
122,4,10,150,9,0.0
123,4,10,150,9,0.0
125,4,10,150,9,0.0
126,4,10,150,9,0.0
127,4,10,150,9,0.0
128,4,10,150,9,0.0
129,4,10,150,9,0.0
130,4,10,150,9,0.23504554941448536
131,4,10,150,9,0.0
133,4,10,150,9,0.0
134,4,10,150,9,0.0
135,4,10,150,9,0.0
137,4,10,150,9,0.0
138,4,10,150,9,0.0
139,4,10,150,9,0.0
141,4,10,150,9,0.0
142,4,10,150,9,0.0
143,4,10,150,9,0.0
144,4,10,150,9,0.10122860821230018
145,4,10,150,9,0.0
146,4,10,150,9,0.0
148,4,10,150,9,0.0
149,4,10,150,9,0.0
150,4,10,150,9,0.0
151,4,10,150,9,0.0
152,4,10,150,9,0.0
153,4,10,150,9,0.0
154,4,10,150,9,0.0
155,4,10,150,9,0.0
156,4,10,150,9,0.0
158,4,10,150,9,0.08372491399919346
159,4,10,150,9,0.0
160,4,10,150,9,0.0
161,4,10,150,9,0.0
162,4,10,150,9,0.0
163,4,10,150,9,0.0
164,4,10,150,9,0.0
165,4,10,150,9,0.0
166,4,10,150,9,0.0
167,4,10,150,9,0.0
168,4,10,150,9,0.23504554941448536
169,4,10,150,9,0.0
170,4,10,150,9,0.0
171,4,10,150,9,0.0
172,4,10,150,9,0.0
173,4,10,150,9,0.0
174,4,10,150,9,0.09092803061897883
175,4,10,150,9,0.0
176,4,10,150,9,0.0
177,4,10,150,9,0.07834851647149511
178,4,10,150,9,0.3259735800334642
179,4,10,150,9,0.0
180,4,10,150,9,0.0
181,4,10,150,9,0.0
182,4,10,150,9,0.0
183,4,10,150,9,0.0
184,4,10,150,9,0.0
185,4,10,150,9,0.0
186,4,10,150,9,0.15958907712489634
187,4,10,150,9,0.0
188,4,10,150,9,0.0
189,4,10,150,9,0.23504554941448536
190,4,10,150,9,0.10699313236726378
191,4,10,150,9,0.0
192,4,10,150,9,0.0
193,4,10,150,9,0.0
194,4,10,150,9,0.0
195,4,10,150,9,0.0
196,4,10,150,9,0.0
197,4,10,150,9,0.0
198,4,10,150,9,0.0
199,4,10,150,9,0.0
200,4,10,150,9,0.0
201,4,10,150,9,0.09092803061897883
203,4,10,150,9,0.0
204,4,10,150,9,0.0
205,4,10,150,9,0.0
206,4,10,150,9,0.0
207,4,10,150,9,0.0
209,4,10,150,9,0.0
210,4,10,150,9,0.0
211,4,10,150,9,0.0
212,4,10,150,9,0.0
213,4,10,150,9,0.0
214,4,10,150,9,0.0
215,4,10,150,9,0.0
216,4,10,150,9,0.0
217,4,10,150,9,0.0
218,4,10,150,9,0.19092086617893467
219,4,10,150,9,0.0
221,4,10,150,9,0.2797643380184693
222,4,10,150,9,0.19215663883127904
223,4,10,150,9,0.0
224,4,10,150,9,0.0
225,4,10,150,9,0.0
226,4,10,150,9,0.0
227,4,10,150,9,0.0
228,4,10,150,9,0.0
229,4,10,150,9,0.0
230,4,10,150,9,0.0843142342558857
231,4,10,150,9,0.0
232,4,10,150,9,0.2529427027676571
233,4,10,150,9,0.0
234,4,10,150,9,0.0
235,4,10,150,9,0.0
236,4,10,150,9,0.0
237,4,10,150,9,0.0
238,4,10,150,9,0.0
239,4,10,150,9,0.08372491399919346
240,4,10,150,9,0.0
242,4,10,150,9,0.0
243,4,10,150,9,0.0
244,4,10,150,9,0.0
245,4,10,150,9,0.0
246,4,10,150,9,0.10122860821230018
247,4,10,150,9,0.0
248,4,10,150,9,0.0
249,4,10,150,9,0.07414861528507455
250,4,10,150,9,0.2529427027676571
251,4,10,150,9,0.0
252,4,10,150,9,0.0
253,4,10,150,9,0.0
254,4,10,150,9,0.0
255,4,10,150,9,0.0
256,4,10,150,9,0.1482972305701491
257,4,10,150,9,0.15101961822780524
258,4,10,150,9,0.0
259,4,10,150,9,0.0
260,4,10,150,9,0.0
261,4,10,150,9,0.0
262,4,10,150,9,0.0
263,4,10,150,9,0.08372491399919346
264,4,10,150,9,0.0
265,4,10,150,9,0.10209739512291163
267,4,10,150,9,0.0
268,4,10,150,9,0.09092803061897883
269,4,10,150,9,0.11752277470724268
270,4,10,150,9,0.0
271,4,10,150,9,0.15448067472027407
272,4,10,150,9,0.09109240322345806
273,4,10,150,9,0.0
274,4,10,150,9,0.0
275,4,10,150,9,0.0
276,4,10,150,9,0.3091941646995599
277,4,10,150,9,0.0
279,4,10,150,9,0.16927654709047393
280,4,10,150,9,0.0
281,4,10,150,9,0.0
283,4,10,150,9,0.0
284,4,10,150,9,0.0
285,4,10,150,9,0.0
286,4,10,150,9,0.34045386940142813
287,4,10,150,9,0.0
288,4,10,150,9,0.0
289,4,10,150,9,0.13905617951077562
290,4,10,150,9,0.0
291,4,10,150,9,0.26330203868298874
292,4,10,150,9,0.0
293,4,10,150,9,0.1482972305701491
294,4,10,150,9,0.0
295,4,10,150,9,0.23504554941448536
296,4,10,150,9,0.6013698840249749
297,4,10,150,9,0.07414861528507455
298,4,10,150,9,0.10122860821230018
299,4,10,150,9,0.0
300,4,10,150,9,0.0
301,4,10,150,9,0.07414861528507455
303,4,10,150,9,0.09092803061897883
304,4,10,150,9,0.0
305,4,10,150,9,0.3187704634136788
306,4,10,150,9,0.0
307,4,10,150,9,0.0
308,4,10,150,9,0.1491042771925757
309,4,10,150,9,0.0
310,4,10,150,9,0.0
311,4,10,150,9,0.07834851647149511
312,4,10,150,9,0.08372491399919346
313,4,10,150,9,0.16168379134005945
314,4,10,150,9,0.305801310135566
315,4,10,150,9,0.0
316,4,10,150,9,0.0
317,4,10,150,9,0.0
318,4,10,150,9,0.0
319,4,10,150,9,0.0
320,4,10,150,9,0.0
321,4,10,150,9,0.07834851647149511
322,4,10,150,9,0.17342765698823945
323,4,10,150,9,0.14126697285982898
324,4,10,150,9,0.0
325,4,10,150,9,0.0
326,4,10,150,9,0.0
327,4,10,150,9,0.0
328,4,10,150,9,0.11752277470724268
329,4,10,150,9,0.0
330,4,10,150,9,0.07075576072108061
331,4,10,150,9,0.16958010263680806
332,4,10,150,9,0.0
333,4,10,150,9,0.0
334,4,10,150,9,0.17465294461817227
336,4,10,150,9,0.0
337,4,10,150,9,0.16716045496620227
338,4,10,150,9,0.0
339,4,10,150,9,0.0
340,4,10,150,9,0.0
341,4,10,150,9,0.0
342,4,10,150,9,0.23504554941448536
343,4,10,150,9,0.23504554941448536
344,4,10,150,9,0.24613298421845534
345,4,10,150,9,0.0
346,4,10,150,9,0.19215663883127904
347,4,10,150,9,0.0
348,4,10,150,9,0.0
349,4,10,150,9,0.0
350,4,10,150,9,0.0
351,4,10,150,9,0.0
352,4,10,150,9,0.0
353,4,10,150,9,0.0
354,4,10,150,9,0.0
355,4,10,150,9,0.0
356,4,10,150,9,0.0
357,4,10,150,9,0.0
358,4,10,150,9,0.20438239758848611
359,4,10,150,9,0.0
360,4,10,150,9,0.0
361,4,10,150,9,0.0
362,4,10,150,9,0.0
363,4,10,150,9,0.23504554941448536
364,4,10,150,9,0.0
365,4,10,150,9,0.0
366,4,10,150,9,0.0
367,4,10,150,9,0.0
368,4,10,150,9,0.0
369,4,10,150,9,0.0
370,4,10,150,9,0.09092803061897883
371,4,10,150,9,0.0
372,4,10,150,9,0.0
373,4,10,150,9,0.0
374,4,10,150,9,0.0
375,4,10,150,9,0.0
376,4,10,150,9,0.0
377,4,10,150,9,0.0
378,4,10,150,9,0.35256832412172806
379,4,10,150,9,0.0
380,4,10,150,9,0.0
381,4,10,150,9,0.0
382,4,10,150,9,0.0
383,4,10,150,9,0.0
384,4,10,150,9,0.0
385,4,10,150,9,0.0
386,4,10,150,9,0.0
387,4,10,150,9,0.08372491399919346
388,4,10,150,9,0.0
389,4,10,150,9,0.07075576072108061
390,4,10,150,9,0.0
391,4,10,150,9,0.10122860821230018
392,4,10,150,9,0.0
393,4,10,150,9,0.0
394,4,10,150,9,0.08372491399919346
395,4,10,150,9,0.0
396,4,10,150,9,0.0
397,4,10,150,9,0.3091941646995599
398,4,10,150,9,0.19215663883127904
399,4,10,150,9,0.0
400,4,10,150,9,0.0
401,4,10,150,9,0.0
402,4,10,150,9,0.0
403,4,10,150,9,0.0
404,4,10,150,9,0.0
405,4,10,150,9,0.1482972305701491
406,4,10,150,9,0.24003230781155455
407,4,10,150,9,0.08372491399919346
408,4,10,150,9,0.0
409,4,10,150,9,0.07075576072108061
410,4,10,150,9,0.0
411,4,10,150,9,0.0
412,4,10,150,9,0.0
413,4,10,150,9,0.0
414,4,10,150,9,0.0
415,4,10,150,9,0.0
416,4,10,150,9,0.23504554941448536
417,4,10,150,9,0.0
418,4,10,150,9,0.0
419,4,10,150,9,0.1208113026994942
420,4,10,150,9,0.0
421,4,10,150,9,0.0
422,4,10,150,9,0.0
423,4,10,150,9,0.0
424,4,10,150,9,0.23504554941448536
425,4,10,150,9,0.35256832412172806
426,4,10,150,9,0.0
427,4,10,150,9,0.0
428,4,10,150,9,0.0
429,4,10,150,9,0.45749139526970894
430,4,10,150,9,0.0
431,4,10,150,9,0.0
432,4,10,150,9,0.0
433,4,10,150,9,0.0
434,4,10,150,9,0.15130120674940672
435,4,10,150,9,0.20124768870643614
436,4,10,150,9,0.0
437,4,10,150,9,0.0
438,4,10,150,9,0.0
439,4,10,150,9,0.0
440,4,10,150,9,0.0
441,4,10,150,9,0.0
442,4,10,150,9,0.07414861528507455
443,4,10,150,9,0.0
444,4,10,150,9,0.0
445,4,10,150,9,0.0
446,4,10,150,9,0.0
447,4,10,150,9,0.3259735800334642
448,4,10,150,9,0.0
449,4,10,150,9,0.10122860821230018
450,4,10,150,9,0.2666270518998184
451,4,10,150,9,0.0
452,4,10,150,9,0.07834851647149511
453,4,10,150,9,0.0
454,4,10,150,9,0.0
455,4,10,150,9,0.1482972305701491
456,4,10,150,9,0.0
457,4,10,150,9,0.40702991834786617
458,4,10,150,9,0.0
459,4,10,150,9,0.0
460,4,10,150,9,0.0
461,4,10,150,9,0.0
462,4,10,150,9,0.0
463,4,10,150,9,0.23504554941448536
464,4,10,150,9,0.0
465,4,10,150,9,0.0
466,4,10,150,9,0.0
467,4,10,150,9,0.0
468,4,10,150,9,0.0
469,4,10,150,9,0.0
470,4,10,150,9,0.0
471,4,10,150,9,0.0
472,4,10,150,9,0.0
473,4,10,150,9,0.0
474,4,10,150,9,0.07834851647149511
475,4,10,150,9,0.0
476,4,10,150,9,0.0
477,4,10,150,9,0.0
478,4,10,150,9,0.26582000527739175
479,4,10,150,9,0.07075576072108061
480,4,10,150,9,0.0
481,4,10,150,9,0.0
482,4,10,150,9,0.0
483,4,10,150,9,0.0
484,4,10,150,9,0.19215663883127904
485,4,10,150,9,0.0
486,4,10,150,9,0.0
487,4,10,150,9,0.0
488,4,10,150,9,0.0
489,4,10,150,9,0.0
490,4,10,150,9,0.0
491,4,10,150,9,0.0
492,4,10,150,9,0.0
493,4,10,150,9,0.0
494,4,10,150,9,0.0
495,4,10,150,9,0.0
496,4,10,150,9,0.0
497,4,10,150,9,0.1491042771925757
498,4,10,150,9,0.0
499,4,10,150,9,0.0
500,4,10,150,9,0.18495352221149364
501,4,10,150,9,0.0
502,4,10,150,9,0.0
503,4,10,150,9,0.0
504,4,10,150,9,0.0
505,4,10,150,9,0.1482972305701491
506,4,10,150,9,0.07414861528507455
507,4,10,150,9,0.0
508,4,10,150,9,0.0
509,4,10,150,9,0.0
510,4,10,150,9,0.0
511,4,10,150,9,0.0
512,4,10,150,9,0.0
513,4,10,150,9,0.0
514,4,10,150,9,0.367048613489692
515,4,10,150,9,0.11706259313796354
516,4,10,150,9,0.0
517,4,10,150,9,0.0
518,4,10,150,9,0.0
519,4,10,150,9,0.0
520,4,10,150,9,0.0
521,4,10,150,9,0.1882785354283233
522,4,10,150,9,0.0
523,4,10,150,9,0.0
524,4,10,150,9,0.305801310135566
525,4,10,150,9,0.0
526,4,10,150,9,0.0
527,4,10,150,9,0.0
528,4,10,150,9,0.10209739512291163
529,4,10,150,9,0.0
530,4,10,150,9,0.0
531,4,10,150,9,0.0
532,4,10,150,9,0.5750141699769518
533,4,10,150,9,0.157873529284268
534,4,10,150,9,0.07414861528507455
535,4,10,150,9,0.07414861528507455
536,4,10,150,9,0.1482972305701491
537,4,10,150,9,0.22244584585522365
538,4,10,150,9,0.0
539,4,10,150,9,0.0
540,4,10,150,9,0.0
541,4,10,150,9,0.0
542,4,10,150,9,0.08372491399919346
543,4,10,150,9,0.0
544,4,10,150,9,0.0
545,4,10,150,9,0.0
546,4,10,150,9,0.0
547,4,10,150,9,0.0
548,4,10,150,9,0.0
549,4,10,150,9,0.0
550,4,10,150,9,0.0
551,4,10,150,9,0.0
552,4,10,150,9,0.0
553,4,10,150,9,0.07075576072108061
554,4,10,150,9,0.23504554941448536
555,4,10,150,9,0.0
556,4,10,150,9,0.0
557,4,10,150,9,0.0
558,4,10,150,9,0.0
559,4,10,150,9,0.0
560,4,10,150,9,0.0
561,4,10,150,9,0.07834851647149511
562,4,10,150,9,0.0
563,4,10,150,9,0.0
564,4,10,150,9,0.0
565,4,10,150,9,0.0
566,4,10,150,9,0.08372491399919346
567,4,10,150,9,0.07075576072108061
568,4,10,150,9,0.0
569,4,10,150,9,0.2190529912912297
570,4,10,150,9,0.0
571,4,10,150,9,0.0
572,4,10,150,9,0.16812753627111746
573,4,10,150,9,0.0
574,4,10,150,9,0.0
575,4,10,150,9,0.0
576,4,10,150,9,0.0
577,4,10,150,9,0.2928999982046174
578,4,10,150,9,0.0
579,4,10,150,9,0.0
580,4,10,150,9,0.07414861528507455
581,4,10,150,9,0.0
582,4,10,150,9,0.0
583,4,10,150,9,0.0
584,4,10,150,9,0.0
585,4,10,150,9,0.0
586,4,10,150,9,0.1482972305701491
587,4,10,150,9,0.0
588,4,10,150,9,0.23504554941448536
589,4,10,150,9,0.0
590,4,10,150,9,0.0
591,4,10,150,9,0.0
592,4,10,150,9,0.5454162104553231
593,4,10,150,9,0.0
594,4,10,150,9,0.0
595,4,10,150,9,0.07834851647149511
596,4,10,150,9,0.0
597,4,10,150,9,0.23504554941448536
598,4,10,150,9,0.0
599,4,10,150,9,0.0
600,4,10,150,9,0.0
601,4,10,150,9,0.0
602,4,10,150,9,0.0
603,4,10,150,9,0.0
604,4,10,150,9,0.0
605,4,10,150,9,0.38334277998463445
606,4,10,150,9,0.19215663883127904
607,4,10,150,9,0.0
608,4,10,150,9,0.0
609,4,10,150,9,0.0
610,4,10,150,9,0.23504554941448536
611,4,10,150,9,0.0
612,4,10,150,9,0.0
613,4,10,150,9,0.0
614,4,10,150,9,0.0
615,4,10,150,9,0.0
616,4,10,150,9,0.0
617,4,10,150,9,0.0
618,4,10,150,9,0.23202214456934253
619,4,10,150,9,0.0
620,4,10,150,9,0.0
621,4,10,150,9,0.08372491399919346
622,4,10,150,9,0.25300146108966737
623,4,10,150,9,0.0
624,4,10,150,9,0.0
625,4,10,150,9,0.0
626,4,10,150,9,0.0
627,4,10,150,9,0.10122860821230018
628,4,10,150,9,0.0
629,4,10,150,9,0.07414861528507455
630,4,10,150,9,0.23504554941448536
631,4,10,150,9,0.0
632,4,10,150,9,0.15249713175656968
633,4,10,150,9,0.07414861528507455
634,4,10,150,9,0.0
635,4,10,150,9,0.0
636,4,10,150,9,0.0
637,4,10,150,9,0.0
638,4,10,150,9,0.0
639,4,10,150,9,0.0
640,4,10,150,9,0.0
641,4,10,150,9,0.10122860821230018
642,4,10,150,9,0.07414861528507455
643,4,10,150,9,0.09092803061897883
644,4,10,150,9,0.0
645,4,10,150,9,0.2795962051779312
646,4,10,150,9,0.0
647,4,10,150,9,0.0
648,4,10,150,9,0.19587129117873778
649,4,10,150,9,0.11752277470724268
650,4,10,150,9,0.10122860821230018
651,4,10,150,9,0.0
652,4,10,150,9,0.0
653,4,10,150,9,0.3365757659984724
654,4,10,150,9,0.23504554941448536
655,4,10,150,9,0.0
656,4,10,150,9,0.0
657,4,10,150,9,0.0
658,4,10,150,9,0.23504554941448536
659,4,10,150,9,0.0
660,4,10,150,9,0.0
661,4,10,150,9,0.0
662,4,10,150,9,0.0
663,4,10,150,9,0.3895262241347594
664,4,10,150,9,0.3096794135385217
665,4,10,150,9,0.0
666,4,10,150,9,0.5109271022449579
667,4,10,150,9,0.09092803061897883
668,4,10,150,9,0.07414861528507455
669,4,10,150,9,0.08372491399919346
670,4,10,150,9,0.0
671,4,10,150,9,0.07834851647149511
672,4,10,150,9,0.0
673,4,10,150,9,0.0
674,4,10,150,9,0.0
675,4,10,150,9,0.0
676,4,10,150,9,0.19167138999231723
677,4,10,150,9,0.0
678,4,10,150,9,0.0
679,4,10,150,9,0.09092803061897883
680,4,10,150,9,0.0
681,4,10,150,9,0.0
682,4,10,150,9,0.305801310135566
683,4,10,150,9,0.0
684,4,10,150,9,0.09092803061897883
685,4,10,150,9,0.0
686,4,10,150,9,0.0
687,4,10,150,9,0.0
688,4,10,150,9,0.0
689,4,10,150,9,0.08372491399919346
690,4,10,150,9,0.09092803061897883
691,4,10,150,9,0.0
692,4,10,150,9,0.08372491399919346
693,4,10,150,9,0.0
694,4,10,150,9,0.2557092829325743
695,4,10,150,9,0.0
696,4,10,150,9,0.0
697,4,10,150,9,0.0
698,4,10,150,9,0.0
699,4,10,150,9,0.1482972305701491
700,4,10,150,9,0.0
701,4,10,150,9,0.0
702,4,10,150,9,0.0
703,4,10,150,9,0.1482972305701491
704,4,10,150,9,0.16927654709047393
705,4,10,150,9,0.0
706,4,10,150,9,0.0
707,4,10,150,9,0.0
708,4,10,150,9,0.0
709,4,10,150,9,0.1482972305701491
710,4,10,150,9,0.16507664590405338
711,4,10,150,9,0.0
712,4,10,150,9,0.0
713,4,10,150,9,0.0
714,4,10,150,9,0.0
715,4,10,150,9,0.0
716,4,10,150,9,0.16168379134005945
717,4,10,150,9,0.0
718,4,10,150,9,0.0
719,4,10,150,9,0.0
720,4,10,150,9,0.0
721,4,10,150,9,0.16168379134005945
722,4,10,150,9,0.0
723,4,10,150,9,0.0
724,4,10,150,9,0.0
725,4,10,150,9,0.0
726,4,10,150,9,0.0
727,4,10,150,9,0.17465294461817227
728,4,10,150,9,0.0
729,4,10,150,9,0.0
730,4,10,150,9,0.0
731,4,10,150,9,0.16207343047068856
732,4,10,150,9,0.0
733,4,10,150,9,0.0
734,4,10,150,9,0.0
735,4,10,150,9,0.0
736,4,10,150,9,0.0
737,4,10,150,9,0.0
738,4,10,150,9,0.1491042771925757
739,4,10,150,9,0.0
740,4,10,150,9,0.0
741,4,10,150,9,0.10122860821230018
742,4,10,150,9,0.0
743,4,10,150,9,0.0
744,4,10,150,9,0.0
745,4,10,150,9,0.0
746,4,10,150,9,0.3091941646995599
747,4,10,150,9,0.6930221935231562
748,4,10,150,9,0.11752277470724268
749,4,10,150,9,0.14490437600615513
750,4,10,150,9,0.0
751,4,10,150,9,0.0
752,4,10,150,9,0.0
753,4,10,150,9,0.1482972305701491
754,4,10,150,9,0.0
755,4,10,150,9,0.0
756,4,10,150,9,0.07834851647149511
757,4,10,150,9,0.0
758,4,10,150,9,0.3259735800334642
759,4,10,150,9,0.0
760,4,10,150,9,0.0
761,4,10,150,9,0.0
762,4,10,150,9,0.0
763,4,10,150,9,0.08372491399919346
764,4,10,150,9,0.1482972305701491
765,4,10,150,9,0.10122860821230018
766,4,10,150,9,0.08372491399919346
767,4,10,150,9,0.08372491399919346
768,4,10,150,9,0.0
769,4,10,150,9,0.0
770,4,10,150,9,0.2190529912912297
771,4,10,150,9,0.305801310135566
772,4,10,150,9,0.0
773,4,10,150,9,0.10122860821230018
774,4,10,150,9,0.0
775,4,10,150,9,0.0
776,4,10,150,9,0.0
777,4,10,150,9,0.0
778,4,10,150,9,0.11752277470724268
779,4,10,150,9,0.0
780,4,10,150,9,0.0
781,4,10,150,9,0.0
782,4,10,150,9,0.09092803061897883
783,4,10,150,9,0.0
784,4,10,150,9,0.0
785,4,10,150,9,0.0
786,4,10,150,9,0.0
787,4,10,150,9,0.0
788,4,10,150,9,0.46169129645612955
789,4,10,150,9,0.07075576072108061
790,4,10,150,9,0.0
791,4,10,150,9,0.0
792,4,10,150,9,0.0
793,4,10,150,9,0.0
794,4,10,150,9,0.0
795,4,10,150,9,0.0
796,4,10,150,9,0.48384710931773217
797,4,10,150,9,0.0
798,4,10,150,9,0.1482972305701491
799,4,10,150,9,0.0
800,4,10,150,9,0.0
801,4,10,150,9,0.0
802,4,10,150,9,0.11752277470724268
803,4,10,150,9,0.0
804,4,10,150,9,0.10122860821230018
805,4,10,150,9,0.21875138291954288
806,4,10,150,9,0.5454162104553231
807,4,10,150,9,0.0
808,4,10,150,9,0.0
809,4,10,150,9,0.0
810,4,10,150,9,0.0
811,4,10,150,9,0.0
812,4,10,150,9,0.0
813,4,10,150,9,0.0
814,4,10,150,9,0.0
815,4,10,150,9,0.0
816,4,10,150,9,0.0
817,4,10,150,9,0.0
818,4,10,150,9,0.0
819,4,10,150,9,0.0
820,4,10,150,9,0.0
821,4,10,150,9,0.31339406588598046
822,4,10,150,9,0.0
823,4,10,150,9,0.07075576072108061
824,4,10,150,9,0.0
825,4,10,150,9,0.09092803061897883
826,4,10,150,9,0.23504554941448536
827,4,10,150,9,0.0
828,4,10,150,9,0.07414861528507455
829,4,10,150,9,0.07834851647149511
830,4,10,150,9,0.10122860821230018
831,4,10,150,9,0.419999071625979
832,4,10,150,9,0.0
833,4,10,150,9,0.07414861528507455
834,4,10,150,9,0.3187704634136788
835,4,10,150,9,0.0
836,4,10,150,9,0.07834851647149511
837,4,10,150,9,0.0
838,4,10,150,9,0.3841498266070611
839,4,10,150,9,0.07414861528507455
840,4,10,150,9,0.45749139526970894
841,4,10,150,9,0.0
842,4,10,150,9,0.0
843,4,10,150,9,0.0
844,4,10,150,9,0.0
845,4,10,150,9,0.0
846,4,10,150,9,0.4880470105041527
847,4,10,150,9,0.15249713175656968
848,4,10,150,9,0.0
849,4,10,150,9,0.0
850,4,10,150,9,0.3061707598544171
851,4,10,150,9,0.07075576072108061
852,4,10,150,9,0.305801310135566
853,4,10,150,9,0.0
854,4,10,150,9,0.0
855,4,10,150,9,0.0
856,4,10,150,9,0.0
857,4,10,150,9,0.0
858,4,10,150,9,0.0
859,4,10,150,9,0.0
860,4,10,150,9,0.0
861,4,10,150,9,0.0
862,4,10,150,9,0.0
863,4,10,150,9,0.0
864,4,10,150,9,0.4742708106036133
865,4,10,150,9,0.0
866,4,10,150,9,0.0
867,4,10,150,9,0.16927654709047393
868,4,10,150,9,0.35035196589901185
869,4,10,150,9,0.0
870,4,10,150,9,0.602901209526604
871,4,10,150,9,0.07834851647149511
872,4,10,150,9,0.0
873,4,10,150,9,0.0
874,4,10,150,9,0.07075576072108061
875,4,10,150,9,0.10122860821230018
876,4,10,150,9,0.08671382849411972
877,4,10,150,9,0.07075576072108061
878,4,10,150,9,0.5016726013143037
879,4,10,150,9,0.0
880,4,10,150,9,0.5579957246028069
881,4,10,150,9,0.07834851647149511
882,4,10,150,9,0.23504554941448536
883,4,10,150,9,0.45749139526970894
884,4,10,150,9,0.10122860821230018
885,4,10,150,9,0.07075576072108061
886,4,10,150,9,0.22244584585522365
887,4,10,150,9,0.10122860821230018
888,4,10,150,9,0.07414861528507455
889,4,10,150,9,0.0
890,4,10,150,9,0.0
891,4,10,150,9,0.0
892,4,10,150,9,0.22244584585522365
893,4,10,150,9,0.10122860821230018
894,4,10,150,9,0.23202214456934253
895,4,10,150,9,0.0
896,4,10,150,9,0.7538670157815447
897,4,10,150,9,0.42332408484280865
898,4,10,150,9,0.0
899,4,10,150,9,0.09092803061897883
900,4,10,150,9,0.0
901,4,10,150,9,0.34045386940142813
902,4,10,150,9,0.0
903,4,10,150,9,0.3061707598544171
904,4,10,150,9,0.0
905,4,10,150,9,0.0
906,4,10,150,9,0.0
907,4,10,150,9,0.09092803061897883
908,4,10,150,9,0.08372491399919346
909,4,10,150,9,0.0
910,4,10,150,9,0.0
911,4,10,150,9,0.0
912,4,10,150,9,0.09092803061897883
913,4,10,150,9,0.0
914,4,10,150,9,0.0
915,4,10,150,9,0.0
916,4,10,150,9,0.672849923625258
917,4,10,150,9,0.0
918,4,10,150,9,0.11752277470724268
919,4,10,150,9,0.2084508053262215
920,4,10,150,9,0.0
921,4,10,150,9,0.11752277470724268
922,4,10,150,9,0.24613298421845534
923,4,10,150,9,0.0
924,4,10,150,9,0.0
925,4,10,150,9,0.0
926,4,10,150,9,0.0
927,4,10,150,9,0.0
928,4,10,150,9,0.1482972305701491
929,4,10,150,9,0.22244584585522365
930,4,10,150,9,0.0
931,4,10,150,9,0.0
932,4,10,150,9,0.0
933,4,10,150,9,0.07834851647149511
934,4,10,150,9,0.11752277470724268
935,4,10,150,9,0.0
936,4,10,150,9,0.23504554941448536
937,4,10,150,9,0.0
938,4,10,150,9,0.23202214456934253
939,4,10,150,9,0.0
940,4,10,150,9,0.08372491399919346
941,4,10,150,9,0.0
942,4,10,150,9,0.0
943,4,10,150,9,0.21875138291954288
1,4,10,150,10,0.6489315753318465
2,4,10,150,10,0.0
3,4,10,150,10,0.0
4,4,10,150,10,0.0
5,4,10,150,10,0.0
6,4,10,150,10,0.22009176629808017
7,4,10,150,10,0.3589542101716347
8,4,10,150,10,0.0
9,4,10,150,10,0.21840743681816419
10,4,10,150,10,0.0
11,4,10,150,10,0.22009176629808017
12,4,10,150,10,0.0
13,4,10,150,10,0.13305201013572898
14,4,10,150,10,0.0
15,4,10,150,10,0.0
16,4,10,150,10,0.0
17,4,10,150,10,0.0
18,4,10,150,10,0.40853591842579556
19,4,10,150,10,0.0
20,4,10,150,10,0.0
21,4,10,150,10,0.0
22,4,10,150,10,0.0
23,4,10,150,10,0.15850703974098102
24,4,10,150,10,0.0
25,4,10,150,10,0.07414861528507455
26,4,10,150,10,0.0
27,4,10,150,10,0.0
28,4,10,150,10,0.0
29,4,10,150,10,0.0
30,4,10,150,10,0.0
31,4,10,150,10,0.0
32,4,10,150,10,0.0
33,4,10,150,10,0.0
35,4,10,150,10,0.0
36,4,10,150,10,0.0
37,4,10,150,10,0.0
38,4,10,150,10,0.0
39,4,10,150,10,0.0
40,4,10,150,10,0.0
41,4,10,150,10,0.0
42,4,10,150,10,0.0
43,4,10,150,10,0.22009176629808017
44,4,10,150,10,0.09478836436955078
45,4,10,150,10,0.0
46,4,10,150,10,0.11284514134893527
47,4,10,150,10,0.0
48,4,10,150,10,0.0
49,4,10,150,10,0.0
50,4,10,150,10,0.0
51,4,10,150,10,0.16812753627111746
52,4,10,150,10,0.0
54,4,10,150,10,0.0
56,4,10,150,10,0.1884441521277154
57,4,10,150,10,0.13886244387355454
58,4,10,150,10,0.23504554941448536
59,4,10,150,10,0.21501812929496175
60,4,10,150,10,0.06362078819895171
61,4,10,150,10,0.0
62,4,10,150,10,0.13698471029831175
63,4,10,150,10,0.0
64,4,10,150,10,0.0
65,4,10,150,10,0.13012668333070054
66,4,10,150,10,0.0
67,4,10,150,10,0.0
68,4,10,150,10,0.3391602052736161
69,4,10,150,10,0.0
70,4,10,150,10,0.0
71,4,10,150,10,0.0
72,4,10,150,10,0.0
73,4,10,150,10,0.0
74,4,10,150,10,0.0
75,4,10,150,10,0.0
76,4,10,150,10,0.0
77,4,10,150,10,0.0
78,4,10,150,10,0.0
79,4,10,150,10,0.27487633291429087
80,4,10,150,10,0.0
81,4,10,150,10,0.0
82,4,10,150,10,0.20483424751859086
83,4,10,150,10,0.0
84,4,10,150,10,0.0
85,4,10,150,10,0.0
87,4,10,150,10,0.0
89,4,10,150,10,0.16716045496620227
90,4,10,150,10,0.0
91,4,10,150,10,0.0
92,4,10,150,10,0.11004588314904008
93,4,10,150,10,0.0
94,4,10,150,10,0.0
95,4,10,150,10,0.22009176629808017
96,4,10,150,10,0.0
97,4,10,150,10,0.0
98,4,10,150,10,0.0
99,4,10,150,10,0.0
100,4,10,150,10,0.0
101,4,10,150,10,0.0
102,4,10,150,10,0.0
103,4,10,150,10,0.0
104,4,10,150,10,0.0
105,4,10,150,10,0.0
106,4,10,150,10,0.0
107,4,10,150,10,0.0
108,4,10,150,10,0.0
109,4,10,150,10,0.0
110,4,10,150,10,0.0
111,4,10,150,10,0.0
112,4,10,150,10,0.0
113,4,10,150,10,0.0
114,4,10,150,10,0.0
115,4,10,150,10,0.0
116,4,10,150,10,0.0
117,4,10,150,10,0.14606834984270645
118,4,10,150,10,0.0
119,4,10,150,10,0.06943122193677727
120,4,10,150,10,0.0
121,4,10,150,10,0.13032376591037062
122,4,10,150,10,0.0
123,4,10,150,10,0.0
125,4,10,150,10,0.0
126,4,10,150,10,0.0
127,4,10,150,10,0.0
128,4,10,150,10,0.0
129,4,10,150,10,0.0
130,4,10,150,10,0.22009176629808017
131,4,10,150,10,0.0
133,4,10,150,10,0.0
134,4,10,150,10,0.0
135,4,10,150,10,0.0
137,4,10,150,10,0.0
138,4,10,150,10,0.0
139,4,10,150,10,0.0
141,4,10,150,10,0.0
142,4,10,150,10,0.0
143,4,10,150,10,0.0
144,4,10,150,10,0.1584091525685025
145,4,10,150,10,0.0
146,4,10,150,10,0.0
148,4,10,150,10,0.0
149,4,10,150,10,0.0
150,4,10,150,10,0.0
151,4,10,150,10,0.0
152,4,10,150,10,0.0
153,4,10,150,10,0.0
154,4,10,150,10,0.0
155,4,10,150,10,0.0
156,4,10,150,10,0.0
158,4,10,150,10,0.14201905717762703
159,4,10,150,10,0.0
160,4,10,150,10,0.0
161,4,10,150,10,0.0
162,4,10,150,10,0.0
163,4,10,150,10,0.0
164,4,10,150,10,0.0
165,4,10,150,10,0.0
166,4,10,150,10,0.0
167,4,10,150,10,0.0
168,4,10,150,10,0.23504554941448536
169,4,10,150,10,0.0
170,4,10,150,10,0.0
171,4,10,150,10,0.0
172,4,10,150,10,0.0
173,4,10,150,10,0.0
174,4,10,150,10,0.08514311764162098
175,4,10,150,10,0.0
176,4,10,150,10,0.0
177,4,10,150,10,0.07336392209936005
178,4,10,150,10,0.30523488393970116
179,4,10,150,10,0.0
180,4,10,150,10,0.0
181,4,10,150,10,0.0
182,4,10,150,10,0.0
183,4,10,150,10,0.0
184,4,10,150,10,0.0
185,4,10,150,10,0.0
186,4,10,150,10,0.15958907712489634
187,4,10,150,10,0.0
188,4,10,150,10,0.0
189,4,10,150,10,0.22009176629808017
190,4,10,150,10,0.10699313236726378
191,4,10,150,10,0.0
192,4,10,150,10,0.0
193,4,10,150,10,0.0
194,4,10,150,10,0.0
195,4,10,150,10,0.0
196,4,10,150,10,0.0
197,4,10,150,10,0.0
198,4,10,150,10,0.0
199,4,10,150,10,0.0
200,4,10,150,10,0.0
201,4,10,150,10,0.08514311764162098
203,4,10,150,10,0.0
204,4,10,150,10,0.0
205,4,10,150,10,0.0
206,4,10,150,10,0.0
207,4,10,150,10,0.0
209,4,10,150,10,0.0
210,4,10,150,10,0.0
211,4,10,150,10,0.0
212,4,10,150,10,0.0
213,4,10,150,10,0.07311683844390994
214,4,10,150,10,0.0
215,4,10,150,10,0.0
216,4,10,150,10,0.0
217,4,10,150,10,0.0
218,4,10,150,10,0.19092086617893467
219,4,10,150,10,0.0
221,4,10,150,10,0.2797643380184693
222,4,10,150,10,0.17993148201117176
223,4,10,150,10,0.0
224,4,10,150,10,0.0
225,4,10,150,10,0.0
226,4,10,150,10,0.0
227,4,10,150,10,0.0
228,4,10,150,10,0.0
229,4,10,150,10,0.0
230,4,10,150,10,0.0843142342558857
231,4,10,150,10,0.0
232,4,10,150,10,0.2529427027676571
233,4,10,150,10,0.0
234,4,10,150,10,0.0
235,4,10,150,10,0.0
236,4,10,150,10,0.0
237,4,10,150,10,0.0
238,4,10,150,10,0.0
239,4,10,150,10,0.07839826897867533
240,4,10,150,10,0.0
242,4,10,150,10,0.0
243,4,10,150,10,0.0
244,4,10,150,10,0.0
245,4,10,150,10,0.0
246,4,10,150,10,0.09478836436955078
247,4,10,150,10,0.0
248,4,10,150,10,0.0
249,4,10,150,10,0.06943122193677727
250,4,10,150,10,0.2529427027676571
251,4,10,150,10,0.0
252,4,10,150,10,0.0
253,4,10,150,10,0.0
254,4,10,150,10,0.0
255,4,10,150,10,0.0
256,4,10,150,10,0.13886244387355454
257,4,10,150,10,0.15101961822780524
258,4,10,150,10,0.0
259,4,10,150,10,0.0
260,4,10,150,10,0.0
261,4,10,150,10,0.0
262,4,10,150,10,0.0
263,4,10,150,10,0.07839826897867533
264,4,10,150,10,0.0
265,4,10,150,10,0.10209739512291163
267,4,10,150,10,0.0
268,4,10,150,10,0.08514311764162098
269,4,10,150,10,0.1736666713479918
270,4,10,150,10,0.0
271,4,10,150,10,0.14465249243306436
272,4,10,150,10,0.09109240322345806
273,4,10,150,10,0.0
274,4,10,150,10,0.0
275,4,10,150,10,0.0
276,4,10,150,10,0.28952298823485745
277,4,10,150,10,0.0
279,4,10,150,10,0.15850703974098102
280,4,10,150,10,0.0
281,4,10,150,10,0.0
283,4,10,150,10,0.0
284,4,10,150,10,0.0
285,4,10,150,10,0.0
286,4,10,150,10,0.3187939258847263
287,4,10,150,10,0.0
288,4,10,150,10,0.0
289,4,10,150,10,0.13905617951077562
290,4,10,150,10,0.0
291,4,10,150,10,0.24655055544758614
292,4,10,150,10,0.0
293,4,10,150,10,0.13886244387355454
294,4,10,150,10,0.0
295,4,10,150,10,0.22009176629808017
296,4,10,150,10,0.5631102580041939
297,4,10,150,10,0.06943122193677727
298,4,10,150,10,0.09478836436955078
299,4,10,150,10,0.0
300,4,10,150,10,0.0
301,4,10,150,10,0.06943122193677727
303,4,10,150,10,0.1487639058405727
304,4,10,150,10,0.0
305,4,10,150,10,0.36211082347570717
306,4,10,150,10,0.0
307,4,10,150,10,0.0
308,4,10,150,10,0.2032389337527008
309,4,10,150,10,0.0
310,4,10,150,10,0.0
311,4,10,150,10,0.07336392209936005
312,4,10,150,10,0.07839826897867533
313,4,10,150,10,0.15139734109601002
314,4,10,150,10,0.2863459897524692
315,4,10,150,10,0.0
316,4,10,150,10,0.0
317,4,10,150,10,0.0
318,4,10,150,10,0.0
319,4,10,150,10,0.0
320,4,10,150,10,0.0
321,4,10,150,10,0.07336392209936005
322,4,10,150,10,0.17342765698823945
323,4,10,150,10,0.14126697285982898
324,4,10,150,10,0.0
325,4,10,150,10,0.0
326,4,10,150,10,0.0
327,4,10,150,10,0.0
328,4,10,150,10,0.11004588314904008
329,4,10,150,10,0.0
330,4,10,150,10,0.06625422345438903
331,4,10,150,10,0.16958010263680806
332,4,10,150,10,0.0
333,4,10,150,10,0.0
334,4,10,150,10,0.1635413866202963
336,4,10,150,10,0.0
337,4,10,150,10,0.16716045496620227
338,4,10,150,10,0.0
339,4,10,150,10,0.0
340,4,10,150,10,0.0
341,4,10,150,10,0.0
342,4,10,150,10,0.22009176629808017
343,4,10,150,10,0.22009176629808017
344,4,10,150,10,0.23047380976071707
345,4,10,150,10,0.0
346,4,10,150,10,0.17993148201117176
347,4,10,150,10,0.0
348,4,10,150,10,0.0
349,4,10,150,10,0.0
350,4,10,150,10,0.0
351,4,10,150,10,0.0
352,4,10,150,10,0.0
353,4,10,150,10,0.0
354,4,10,150,10,0.0
355,4,10,150,10,0.0
356,4,10,150,10,0.0
357,4,10,150,10,0.0
358,4,10,150,10,0.20438239758848611
359,4,10,150,10,0.0
360,4,10,150,10,0.0
361,4,10,150,10,0.0
362,4,10,150,10,0.0
363,4,10,150,10,0.22009176629808017
364,4,10,150,10,0.0
365,4,10,150,10,0.0
366,4,10,150,10,0.0
367,4,10,150,10,0.0
368,4,10,150,10,0.0
369,4,10,150,10,0.0
370,4,10,150,10,0.09092803061897883
371,4,10,150,10,0.0
372,4,10,150,10,0.0
373,4,10,150,10,0.0
374,4,10,150,10,0.0
375,4,10,150,10,0.0
376,4,10,150,10,0.0
377,4,10,150,10,0.0
378,4,10,150,10,0.33013764944712026
379,4,10,150,10,0.0
380,4,10,150,10,0.0
381,4,10,150,10,0.0
382,4,10,150,10,0.0
383,4,10,150,10,0.0
384,4,10,150,10,0.0
385,4,10,150,10,0.0
386,4,10,150,10,0.0
387,4,10,150,10,0.07839826897867533
388,4,10,150,10,0.0
389,4,10,150,10,0.12987501165334076
390,4,10,150,10,0.0
391,4,10,150,10,0.09478836436955078
392,4,10,150,10,0.0
393,4,10,150,10,0.0
394,4,10,150,10,0.07839826897867533
395,4,10,150,10,0.0
396,4,10,150,10,0.0
397,4,10,150,10,0.28952298823485745
398,4,10,150,10,0.17993148201117176
399,4,10,150,10,0.0
400,4,10,150,10,0.0
401,4,10,150,10,0.0
402,4,10,150,10,0.0
403,4,10,150,10,0.0
404,4,10,150,10,0.0
405,4,10,150,10,0.13886244387355454
406,4,10,150,10,0.22476126319537007
407,4,10,150,10,0.07839826897867533
408,4,10,150,10,0.0
409,4,10,150,10,0.06625422345438903
410,4,10,150,10,0.0
411,4,10,150,10,0.0
412,4,10,150,10,0.0
413,4,10,150,10,0.0
414,4,10,150,10,0.0
415,4,10,150,10,0.0
416,4,10,150,10,0.22009176629808017
417,4,10,150,10,0.0
418,4,10,150,10,0.0
419,4,10,150,10,0.1208113026994942
420,4,10,150,10,0.0
421,4,10,150,10,0.0
422,4,10,150,10,0.0
423,4,10,150,10,0.0
424,4,10,150,10,0.23504554941448536
425,4,10,150,10,0.33013764944712026
426,4,10,150,10,0.0
427,4,10,150,10,0.0
428,4,10,150,10,0.0
429,4,10,150,10,0.42838543210841196
430,4,10,150,10,0.0
431,4,10,150,10,0.0
432,4,10,150,10,0.0
433,4,10,150,10,0.0
434,4,10,150,10,0.15130120674940672
435,4,10,150,10,0.2520649403266671
436,4,10,150,10,0.0
437,4,10,150,10,0.0
438,4,10,150,10,0.0
439,4,10,150,10,0.0
440,4,10,150,10,0.0
441,4,10,150,10,0.0
442,4,10,150,10,0.06943122193677727
443,4,10,150,10,0.0
444,4,10,150,10,0.0
445,4,10,150,10,0.0
446,4,10,150,10,0.0
447,4,10,150,10,0.30523488393970116
448,4,10,150,10,0.0
449,4,10,150,10,0.09478836436955078
450,4,10,150,10,0.24966402870278917
451,4,10,150,10,0.0
452,4,10,150,10,0.07336392209936005
453,4,10,150,10,0.0
454,4,10,150,10,0.0
455,4,10,150,10,0.13886244387355454
456,4,10,150,10,0.0
457,4,10,150,10,0.38113435412202
458,4,10,150,10,0.0
459,4,10,150,10,0.0
460,4,10,150,10,0.0
461,4,10,150,10,0.0
462,4,10,150,10,0.0
463,4,10,150,10,0.22009176629808017
464,4,10,150,10,0.0
465,4,10,150,10,0.0
466,4,10,150,10,0.0
467,4,10,150,10,0.0
468,4,10,150,10,0.0
469,4,10,150,10,0.0
470,4,10,150,10,0.0
471,4,10,150,10,0.0
472,4,10,150,10,0.0
473,4,10,150,10,0.0
474,4,10,150,10,0.07336392209936005
475,4,10,150,10,0.0
476,4,10,150,10,0.0
477,4,10,150,10,0.0
478,4,10,150,10,0.2489083270225946
479,4,10,150,10,0.06625422345438903
480,4,10,150,10,0.0
481,4,10,150,10,0.0
482,4,10,150,10,0.0
483,4,10,150,10,0.0
484,4,10,150,10,0.17993148201117176
485,4,10,150,10,0.0
486,4,10,150,10,0.0
487,4,10,150,10,0.0
488,4,10,150,10,0.0
489,4,10,150,10,0.0
490,4,10,150,10,0.0
491,4,10,150,10,0.06362078819895171
492,4,10,150,10,0.0
493,4,10,150,10,0.0
494,4,10,150,10,0.0
495,4,10,150,10,0.0
496,4,10,150,10,0.0
497,4,10,150,10,0.13961814555374907
498,4,10,150,10,0.0
499,4,10,150,10,0.0
500,4,10,150,10,0.23680742154717782
501,4,10,150,10,0.0
502,4,10,150,10,0.0
503,4,10,150,10,0.0
504,4,10,150,10,0.0
505,4,10,150,10,0.13886244387355454
506,4,10,150,10,0.06943122193677727
507,4,10,150,10,0.0
508,4,10,150,10,0.0
509,4,10,150,10,0.0
510,4,10,150,10,0.0
511,4,10,150,10,0.0
512,4,10,150,10,0.0
513,4,10,150,10,0.0
514,4,10,150,10,0.3436966913921454
515,4,10,150,10,0.11706259313796354
516,4,10,150,10,0.0
517,4,10,150,10,0.0
518,4,10,150,10,0.0
519,4,10,150,10,0.0
520,4,10,150,10,0.0
521,4,10,150,10,0.17630010660342912
522,4,10,150,10,0.0
523,4,10,150,10,0.0
524,4,10,150,10,0.2863459897524692
525,4,10,150,10,0.0
526,4,10,150,10,0.0
527,4,10,150,10,0.0
528,4,10,150,10,0.10209739512291163
529,4,10,150,10,0.0
530,4,10,150,10,0.0
531,4,10,150,10,0.0
532,4,10,150,10,0.5384313152574521
533,4,10,150,10,0.2114502791144043
534,4,10,150,10,0.06943122193677727
535,4,10,150,10,0.06943122193677727
536,4,10,150,10,0.13886244387355454
537,4,10,150,10,0.2082936658103318
538,4,10,150,10,0.06362078819895171
539,4,10,150,10,0.0
540,4,10,150,10,0.0
541,4,10,150,10,0.0
542,4,10,150,10,0.07839826897867533
543,4,10,150,10,0.0
544,4,10,150,10,0.0
545,4,10,150,10,0.0
546,4,10,150,10,0.0
547,4,10,150,10,0.0
548,4,10,150,10,0.0
549,4,10,150,10,0.0
550,4,10,150,10,0.0
551,4,10,150,10,0.0
552,4,10,150,10,0.0
553,4,10,150,10,0.06625422345438903
554,4,10,150,10,0.22009176629808017
555,4,10,150,10,0.0
556,4,10,150,10,0.0
557,4,10,150,10,0.0
558,4,10,150,10,0.0
559,4,10,150,10,0.0
560,4,10,150,10,0.0
561,4,10,150,10,0.07336392209936005
562,4,10,150,10,0.0
563,4,10,150,10,0.0
564,4,10,150,10,0.0
565,4,10,150,10,0.0
566,4,10,150,10,0.07839826897867533
567,4,10,150,10,0.06625422345438903
568,4,10,150,10,0.0
569,4,10,150,10,0.2051166673279436
570,4,10,150,10,0.0
571,4,10,150,10,0.0
572,4,10,150,10,0.16812753627111746
573,4,10,150,10,0.0
574,4,10,150,10,0.0
575,4,10,150,10,0.0
576,4,10,150,10,0.0
577,4,10,150,10,0.2742654694553681
578,4,10,150,10,0.0
579,4,10,150,10,0.0
580,4,10,150,10,0.06943122193677727
581,4,10,150,10,0.0
582,4,10,150,10,0.0
583,4,10,150,10,0.0
584,4,10,150,10,0.0
585,4,10,150,10,0.0
586,4,10,150,10,0.13886244387355454
587,4,10,150,10,0.0
588,4,10,150,10,0.22009176629808017
589,4,10,150,10,0.0
590,4,10,150,10,0.0
591,4,10,150,10,0.0
592,4,10,150,10,0.5107164012496701
593,4,10,150,10,0.0
594,4,10,150,10,0.0
595,4,10,150,10,0.07336392209936005
596,4,10,150,10,0.0
597,4,10,150,10,0.22009176629808017
598,4,10,150,10,0.0
599,4,10,150,10,0.0
600,4,10,150,10,0.0
601,4,10,150,10,0.0
602,4,10,150,10,0.0
603,4,10,150,10,0.0
604,4,10,150,10,0.0
605,4,10,150,10,0.3589542101716347
606,4,10,150,10,0.17993148201117176
607,4,10,150,10,0.0
608,4,10,150,10,0.0
609,4,10,150,10,0.0
610,4,10,150,10,0.22009176629808017
611,4,10,150,10,0.0
612,4,10,150,10,0.0
613,4,10,150,10,0.0
614,4,10,150,10,0.0
615,4,10,150,10,0.0
616,4,10,150,10,0.0
617,4,10,150,10,0.0
618,4,10,150,10,0.28088150105118154
619,4,10,150,10,0.0
620,4,10,150,10,0.0
621,4,10,150,10,0.07839826897867533
622,4,10,150,10,0.23690530871965634
623,4,10,150,10,0.0
624,4,10,150,10,0.0
625,4,10,150,10,0.0
626,4,10,150,10,0.0
627,4,10,150,10,0.09478836436955078
628,4,10,150,10,0.0
629,4,10,150,10,0.06943122193677727
630,4,10,150,10,0.22009176629808017
631,4,10,150,10,0.0
632,4,10,150,10,0.14279514403613733
633,4,10,150,10,0.07414861528507455
634,4,10,150,10,0.0
635,4,10,150,10,0.0
636,4,10,150,10,0.0
637,4,10,150,10,0.0
638,4,10,150,10,0.06362078819895171
639,4,10,150,10,0.0
640,4,10,150,10,0.06362078819895171
641,4,10,150,10,0.09478836436955078
642,4,10,150,10,0.06943122193677727
643,4,10,150,10,0.08514311764162098
644,4,10,150,10,0.0
645,4,10,150,10,0.2618080742270754
646,4,10,150,10,0.0
647,4,10,150,10,0.0
648,4,10,150,10,0.18340980524840012
649,4,10,150,10,0.11004588314904008
650,4,10,150,10,0.09478836436955078
651,4,10,150,10,0.0
652,4,10,150,10,0.0
653,4,10,150,10,0.31516255047698366
654,4,10,150,10,0.28371255449703187
655,4,10,150,10,0.0
656,4,10,150,10,0.0
657,4,10,150,10,0.0
658,4,10,150,10,0.22009176629808017
659,4,10,150,10,0.0
660,4,10,150,10,0.0
661,4,10,150,10,0.0
662,4,10,150,10,0.0
663,4,10,150,10,0.42836504693009625
664,4,10,150,10,0.35359815335916356
665,4,10,150,10,0.0
666,4,10,150,10,0.47842151728792726
667,4,10,150,10,0.08514311764162098
668,4,10,150,10,0.06943122193677727
669,4,10,150,10,0.07839826897867533
670,4,10,150,10,0.0
671,4,10,150,10,0.07336392209936005
672,4,10,150,10,0.0
673,4,10,150,10,0.0
674,4,10,150,10,0.0
675,4,10,150,10,0.0
676,4,10,150,10,0.17947710508581735
677,4,10,150,10,0.0
678,4,10,150,10,0.0
679,4,10,150,10,0.08514311764162098
680,4,10,150,10,0.0
681,4,10,150,10,0.0
682,4,10,150,10,0.2863459897524692
683,4,10,150,10,0.0
684,4,10,150,10,0.08514311764162098
685,4,10,150,10,0.0
686,4,10,150,10,0.0
687,4,10,150,10,0.0
688,4,10,150,10,0.0
689,4,10,150,10,0.07839826897867533
690,4,10,150,10,0.08514311764162098
691,4,10,150,10,0.0
692,4,10,150,10,0.07839826897867533
693,4,10,150,10,0.0
694,4,10,150,10,0.23944085680261515
695,4,10,150,10,0.0
696,4,10,150,10,0.0
697,4,10,150,10,0.0
698,4,10,150,10,0.0
699,4,10,150,10,0.13886244387355454
700,4,10,150,10,0.0
701,4,10,150,10,0.0
702,4,10,150,10,0.0
703,4,10,150,10,0.13886244387355454
704,4,10,150,10,0.15850703974098102
705,4,10,150,10,0.06362078819895171
706,4,10,150,10,0.0
707,4,10,150,10,0.0
708,4,10,150,10,0.06362078819895171
709,4,10,150,10,0.13886244387355454
710,4,10,150,10,0.15457433957839825
711,4,10,150,10,0.0
712,4,10,150,10,0.0
713,4,10,150,10,0.0
714,4,10,150,10,0.0
715,4,10,150,10,0.0
716,4,10,150,10,0.15139734109601002
717,4,10,150,10,0.0
718,4,10,150,10,0.0
719,4,10,150,10,0.0
720,4,10,150,10,0.0
721,4,10,150,10,0.15139734109601002
722,4,10,150,10,0.0
723,4,10,150,10,0.0
724,4,10,150,10,0.0
725,4,10,150,10,0.0
726,4,10,150,10,0.0
727,4,10,150,10,0.22716217481924803
728,4,10,150,10,0.0
729,4,10,150,10,0.0
730,4,10,150,10,0.0
731,4,10,150,10,0.15176219107803537
732,4,10,150,10,0.0
733,4,10,150,10,0.0
734,4,10,150,10,0.0
735,4,10,150,10,0.0
736,4,10,150,10,0.0
737,4,10,150,10,0.0
738,4,10,150,10,0.2032389337527008
739,4,10,150,10,0.0
740,4,10,150,10,0.0
741,4,10,150,10,0.09478836436955078
742,4,10,150,10,0.0
743,4,10,150,10,0.0
744,4,10,150,10,0.0
745,4,10,150,10,0.0
746,4,10,150,10,0.28952298823485745
747,4,10,150,10,0.6489315753318465
748,4,10,150,10,0.11004588314904008
749,4,10,150,10,0.13568544539116628
750,4,10,150,10,0.0
751,4,10,150,10,0.06362078819895171
752,4,10,150,10,0.0
753,4,10,150,10,0.13886244387355454
754,4,10,150,10,0.0
755,4,10,150,10,0.0
756,4,10,150,10,0.07336392209936005
757,4,10,150,10,0.0
758,4,10,150,10,0.30523488393970116
759,4,10,150,10,0.0
760,4,10,150,10,0.0
761,4,10,150,10,0.0
762,4,10,150,10,0.0
763,4,10,150,10,0.07839826897867533
764,4,10,150,10,0.13886244387355454
765,4,10,150,10,0.10122860821230018
766,4,10,150,10,0.07839826897867533
767,4,10,150,10,0.07839826897867533
768,4,10,150,10,0.0
769,4,10,150,10,0.0
770,4,10,150,10,0.2687374555268953
771,4,10,150,10,0.2863459897524692
772,4,10,150,10,0.0
773,4,10,150,10,0.09478836436955078
774,4,10,150,10,0.0
775,4,10,150,10,0.0
776,4,10,150,10,0.0
777,4,10,150,10,0.0
778,4,10,150,10,0.11004588314904008
779,4,10,150,10,0.0
780,4,10,150,10,0.0
781,4,10,150,10,0.0
782,4,10,150,10,0.08514311764162098
783,4,10,150,10,0.0
784,4,10,150,10,0.0
785,4,10,150,10,0.0
786,4,10,150,10,0.0
787,4,10,150,10,0.0
788,4,10,150,10,0.43231813227099475
789,4,10,150,10,0.06625422345438903
790,4,10,150,10,0.0
791,4,10,150,10,0.0
792,4,10,150,10,0.0
793,4,10,150,10,0.0
794,4,10,150,10,0.0
795,4,10,150,10,0.0
796,4,10,150,10,0.4530643748551537
797,4,10,150,10,0.0
798,4,10,150,10,0.13886244387355454
799,4,10,150,10,0.0
800,4,10,150,10,0.0
801,4,10,150,10,0.0
802,4,10,150,10,0.11004588314904008
803,4,10,150,10,0.0
804,4,10,150,10,0.09478836436955078
805,4,10,150,10,0.20483424751859086
806,4,10,150,10,0.5107164012496701
807,4,10,150,10,0.0
808,4,10,150,10,0.0
809,4,10,150,10,0.0
810,4,10,150,10,0.0
811,4,10,150,10,0.0
812,4,10,150,10,0.0
813,4,10,150,10,0.0
814,4,10,150,10,0.0
815,4,10,150,10,0.06362078819895171
816,4,10,150,10,0.0
817,4,10,150,10,0.0
818,4,10,150,10,0.0
819,4,10,150,10,0.0
820,4,10,150,10,0.0
821,4,10,150,10,0.2934556883974402
822,4,10,150,10,0.0
823,4,10,150,10,0.12987501165334076
824,4,10,150,10,0.0
825,4,10,150,10,0.08514311764162098
826,4,10,150,10,0.22009176629808017
827,4,10,150,10,0.0
828,4,10,150,10,0.06943122193677727
829,4,10,150,10,0.07336392209936005
830,4,10,150,10,0.09478836436955078
831,4,10,150,10,0.3932783996463063
832,4,10,150,10,0.0
833,4,10,150,10,0.06943122193677727
834,4,10,150,10,0.2984900352767555
835,4,10,150,10,0.0
836,4,10,150,10,0.07336392209936005
837,4,10,150,10,0.0
838,4,10,150,10,0.35970991185182927
839,4,10,150,10,0.06943122193677727
840,4,10,150,10,0.42838543210841196
841,4,10,150,10,0.0
842,4,10,150,10,0.0
843,4,10,150,10,0.0
844,4,10,150,10,0.0
845,4,10,150,10,0.0
846,4,10,150,10,0.4569970750177365
847,4,10,150,10,0.14279514403613733
848,4,10,150,10,0.0
849,4,10,150,10,0.0
850,4,10,150,10,0.2866919347890071
851,4,10,150,10,0.06625422345438903
852,4,10,150,10,0.2863459897524692
853,4,10,150,10,0.0
854,4,10,150,10,0.0
855,4,10,150,10,0.0
856,4,10,150,10,0.0
857,4,10,150,10,0.0
858,4,10,150,10,0.0
859,4,10,150,10,0.0
860,4,10,150,10,0.0
861,4,10,150,10,0.0
862,4,10,150,10,0.06362078819895171
863,4,10,150,10,0.0
864,4,10,150,10,0.5077181160122074
865,4,10,150,10,0.0
866,4,10,150,10,0.0
867,4,10,150,10,0.15850703974098102
868,4,10,150,10,0.39168308588041617
869,4,10,150,10,0.0
870,4,10,150,10,0.6281649475693719
871,4,10,150,10,0.07336392209936005
872,4,10,150,10,0.0
873,4,10,150,10,0.0
874,4,10,150,10,0.06625422345438903
875,4,10,150,10,0.1584091525685025
876,4,10,150,10,0.08671382849411972
877,4,10,150,10,0.06625422345438903
878,4,10,150,10,0.4697557950008693
879,4,10,150,10,0.0
880,4,10,150,10,0.5861163849908828
881,4,10,150,10,0.07336392209936005
882,4,10,150,10,0.22009176629808017
883,4,10,150,10,0.4920062203073637
884,4,10,150,10,0.09478836436955078
885,4,10,150,10,0.06625422345438903
886,4,10,150,10,0.2082936658103318
887,4,10,150,10,0.09478836436955078
888,4,10,150,10,0.06943122193677727
889,4,10,150,10,0.0
890,4,10,150,10,0.0
891,4,10,150,10,0.0
892,4,10,150,10,0.2082936658103318
893,4,10,150,10,0.09478836436955078
894,4,10,150,10,0.21726071285222986
895,4,10,150,10,0.0
896,4,10,150,10,0.7059054020403313
897,4,10,150,10,0.3963918729015093
898,4,10,150,10,0.0
899,4,10,150,10,0.08514311764162098
900,4,10,150,10,0.0
901,4,10,150,10,0.3187939258847263
902,4,10,150,10,0.0
903,4,10,150,10,0.35031272298795885
904,4,10,150,10,0.0
905,4,10,150,10,0.0
906,4,10,150,10,0.0
907,4,10,150,10,0.08514311764162098
908,4,10,150,10,0.14201905717762703
909,4,10,150,10,0.0
910,4,10,150,10,0.0
911,4,10,150,10,0.0
912,4,10,150,10,0.08514311764162098
913,4,10,150,10,0.0
914,4,10,150,10,0.0
915,4,10,150,10,0.0
916,4,10,150,10,0.6936634693435663
917,4,10,150,10,0.0
918,4,10,150,10,0.11004588314904008
919,4,10,150,10,0.19518900079066107
920,4,10,150,10,0.0
921,4,10,150,10,0.11004588314904008
922,4,10,150,10,0.2940945979596688
923,4,10,150,10,0.0
924,4,10,150,10,0.0
925,4,10,150,10,0.0
926,4,10,150,10,0.0
927,4,10,150,10,0.0
928,4,10,150,10,0.1482972305701491
929,4,10,150,10,0.2082936658103318
930,4,10,150,10,0.0
931,4,10,150,10,0.0
932,4,10,150,10,0.06362078819895171
933,4,10,150,10,0.07336392209936005
934,4,10,150,10,0.1736666713479918
935,4,10,150,10,0.0
936,4,10,150,10,0.22009176629808017
937,4,10,150,10,0.0
938,4,10,150,10,0.21726071285222986
939,4,10,150,10,0.0
940,4,10,150,10,0.07839826897867533
941,4,10,150,10,0.0
942,4,10,150,10,0.0
943,4,10,150,10,0.20483424751859086
1,4,10,150,11,0.6113961062954835
2,4,10,150,11,0.0
3,4,10,150,11,0.0
4,4,10,150,11,0.0
5,4,10,150,11,0.0
6,4,10,150,11,0.22009176629808017
7,4,10,150,11,0.3381915979740705
8,4,10,150,11,0.0
9,4,10,150,11,0.21840743681816419
10,4,10,150,11,0.0
11,4,10,150,11,0.2073612289146658
12,4,10,150,11,0.0
13,4,10,150,11,0.12535602215098401
14,4,10,150,11,0.0
15,4,10,150,11,0.0
16,4,10,150,11,0.0
17,4,10,150,11,0.0
18,4,10,150,11,0.38490540343895446
19,4,10,150,11,0.0
20,4,10,150,11,0.0
21,4,10,150,11,0.0
22,4,10,150,11,0.0
23,4,10,150,11,0.14933868315546478
24,4,10,150,11,0.0
25,4,10,150,11,0.07414861528507455
26,4,10,150,11,0.0
27,4,10,150,11,0.0
28,4,10,150,11,0.0
29,4,10,150,11,0.0
30,4,10,150,11,0.0
31,4,10,150,11,0.0
32,4,10,150,11,0.0
33,4,10,150,11,0.0
35,4,10,150,11,0.0
36,4,10,150,11,0.0
37,4,10,150,11,0.0
38,4,10,150,11,0.0
39,4,10,150,11,0.0
40,4,10,150,11,0.0
41,4,10,150,11,0.0
42,4,10,150,11,0.0
43,4,10,150,11,0.2073612289146658
44,4,10,150,11,0.08930562034683721
45,4,10,150,11,0.0
46,4,10,150,11,0.11284514134893527
47,4,10,150,11,0.0
48,4,10,150,11,0.0
49,4,10,150,11,0.0
50,4,10,150,11,0.0
51,4,10,150,11,0.16812753627111746
52,4,10,150,11,0.0
54,4,10,150,11,0.0
56,4,10,150,11,0.17754417452428867
57,4,10,150,11,0.13083036905940468
58,4,10,150,11,0.23504554941448536
59,4,10,150,11,0.2604230129868793
60,4,10,150,11,0.06362078819895171
61,4,10,150,11,0.0
62,4,10,150,11,0.12906124725950358
63,4,10,150,11,0.0
64,4,10,150,11,0.057841952007295125
65,4,10,150,11,0.13012668333070054
66,4,10,150,11,0.0
67,4,10,150,11,0.0
68,4,10,150,11,0.3391602052736161
69,4,10,150,11,0.0
70,4,10,150,11,0.0
71,4,10,150,11,0.0
72,4,10,150,11,0.0
73,4,10,150,11,0.0
74,4,10,150,11,0.0
75,4,10,150,11,0.0
76,4,10,150,11,0.0
77,4,10,150,11,0.0
78,4,10,150,11,0.0
79,4,10,150,11,0.27487633291429087
80,4,10,150,11,0.0
81,4,10,150,11,0.0
82,4,10,150,11,0.19298623480417013
83,4,10,150,11,0.06556429791586475
84,4,10,150,11,0.0
85,4,10,150,11,0.0
87,4,10,150,11,0.0
89,4,10,150,11,0.16716045496620227
90,4,10,150,11,0.0
91,4,10,150,11,0.0
92,4,10,150,11,0.16152256646462804
93,4,10,150,11,0.0
94,4,10,150,11,0.0
95,4,10,150,11,0.2073612289146658
96,4,10,150,11,0.0
97,4,10,150,11,0.0
98,4,10,150,11,0.0
99,4,10,150,11,0.0
100,4,10,150,11,0.0
101,4,10,150,11,0.0
102,4,10,150,11,0.0
103,4,10,150,11,0.0
104,4,10,150,11,0.0
105,4,10,150,11,0.0
106,4,10,150,11,0.0
107,4,10,150,11,0.0
108,4,10,150,11,0.0
109,4,10,150,11,0.0
110,4,10,150,11,0.0
111,4,10,150,11,0.0
112,4,10,150,11,0.0
113,4,10,150,11,0.0
114,4,10,150,11,0.0
115,4,10,150,11,0.0
116,4,10,150,11,0.0
117,4,10,150,11,0.14606834984270645
118,4,10,150,11,0.0
119,4,10,150,11,0.06541518452970234
120,4,10,150,11,0.0
121,4,10,150,11,0.2147325744928709
122,4,10,150,11,0.0
123,4,10,150,11,0.0
125,4,10,150,11,0.0
126,4,10,150,11,0.0
127,4,10,150,11,0.0
128,4,10,150,11,0.0
129,4,10,150,11,0.0
130,4,10,150,11,0.2073612289146658
131,4,10,150,11,0.0
133,4,10,150,11,0.0
134,4,10,150,11,0.0
135,4,10,150,11,0.0
137,4,10,150,11,0.0
138,4,10,150,11,0.0
139,4,10,150,11,0.0
141,4,10,150,11,0.0
142,4,10,150,11,0.0
143,4,10,150,11,0.0
144,4,10,150,11,0.1492464579681189
145,4,10,150,11,0.057841952007295125
146,4,10,150,11,0.0
148,4,10,150,11,0.0
149,4,10,150,11,0.0
150,4,10,150,11,0.0
151,4,10,150,11,0.0
152,4,10,150,11,0.0
153,4,10,150,11,0.0
154,4,10,150,11,0.0
155,4,10,150,11,0.0
156,4,10,150,11,0.0
158,4,10,150,11,0.13380439768823743
159,4,10,150,11,0.0
160,4,10,150,11,0.0
161,4,10,150,11,0.0
162,4,10,150,11,0.0
163,4,10,150,11,0.0
164,4,10,150,11,0.0
165,4,10,150,11,0.0
166,4,10,150,11,0.0
167,4,10,150,11,0.0
168,4,10,150,11,0.23504554941448536
169,4,10,150,11,0.0
170,4,10,150,11,0.0
171,4,10,150,11,0.0
172,4,10,150,11,0.0
173,4,10,150,11,0.0
174,4,10,150,11,0.08021827351724287
175,4,10,150,11,0.0
176,4,10,150,11,0.0
177,4,10,150,11,0.06912040963822193
178,4,10,150,11,0.28757950243190866
179,4,10,150,11,0.0
180,4,10,150,11,0.0
181,4,10,150,11,0.0
182,4,10,150,11,0.0
183,4,10,150,11,0.0
184,4,10,150,11,0.0
185,4,10,150,11,0.0
186,4,10,150,11,0.15958907712489634
187,4,10,150,11,0.0
188,4,10,150,11,0.0
189,4,10,150,11,0.2073612289146658
190,4,10,150,11,0.10699313236726378
191,4,10,150,11,0.0
192,4,10,150,11,0.0
193,4,10,150,11,0.0
194,4,10,150,11,0.0
195,4,10,150,11,0.0
196,4,10,150,11,0.0
197,4,10,150,11,0.0
198,4,10,150,11,0.0
199,4,10,150,11,0.0
200,4,10,150,11,0.0
201,4,10,150,11,0.08021827351724287
203,4,10,150,11,0.0
204,4,10,150,11,0.0
205,4,10,150,11,0.0
206,4,10,150,11,0.0
207,4,10,150,11,0.0
209,4,10,150,11,0.0
210,4,10,150,11,0.0
211,4,10,150,11,0.0
212,4,10,150,11,0.0
213,4,10,150,11,0.07311683844390994
214,4,10,150,11,0.0
215,4,10,150,11,0.0
216,4,10,150,11,0.0
217,4,10,150,11,0.0
218,4,10,150,11,0.19092086617893467
219,4,10,150,11,0.0
221,4,10,150,11,0.2797643380184693
222,4,10,150,11,0.1695238938640801
223,4,10,150,11,0.0
224,4,10,150,11,0.0
225,4,10,150,11,0.0
226,4,10,150,11,0.0
227,4,10,150,11,0.0
228,4,10,150,11,0.0
229,4,10,150,11,0.0
230,4,10,150,11,0.0843142342558857
231,4,10,150,11,0.0
232,4,10,150,11,0.3234992853586256
233,4,10,150,11,0.0
234,4,10,150,11,0.0
235,4,10,150,11,0.0
236,4,10,150,11,0.0
237,4,10,150,11,0.0
238,4,10,150,11,0.0
239,4,10,150,11,0.07386356006695578
240,4,10,150,11,0.0
242,4,10,150,11,0.0
243,4,10,150,11,0.0
244,4,10,150,11,0.0
245,4,10,150,11,0.0
246,4,10,150,11,0.08930562034683721
247,4,10,150,11,0.0
248,4,10,150,11,0.0
249,4,10,150,11,0.06541518452970234
250,4,10,150,11,0.2529427027676571
251,4,10,150,11,0.0
252,4,10,150,11,0.0
253,4,10,150,11,0.0
254,4,10,150,11,0.0
255,4,10,150,11,0.0
256,4,10,150,11,0.13083036905940468
257,4,10,150,11,0.15101961822780524
258,4,10,150,11,0.0
259,4,10,150,11,0.0
260,4,10,150,11,0.0
261,4,10,150,11,0.0
262,4,10,150,11,0.0
263,4,10,150,11,0.07386356006695578
264,4,10,150,11,0.0
265,4,10,150,11,0.10209739512291163
267,4,10,150,11,0.0
268,4,10,150,11,0.08021827351724287
269,4,10,150,11,0.16362145207861456
270,4,10,150,11,0.0
271,4,10,150,11,0.13628550990801544
272,4,10,150,11,0.09109240322345806
273,4,10,150,11,0.0
274,4,10,150,11,0.0
275,4,10,150,11,0.0
276,4,10,150,11,0.27277641344436815
277,4,10,150,11,0.0
279,4,10,150,11,0.14933868315546478
280,4,10,150,11,0.0
281,4,10,150,11,0.0
283,4,10,150,11,0.0
284,4,10,150,11,0.0
285,4,10,150,11,0.0
286,4,10,150,11,0.30035426292348477
287,4,10,150,11,0.0
288,4,10,150,11,0.0
289,4,10,150,11,0.13905617951077562
290,4,10,150,11,0.0
291,4,10,150,11,0.29013154205931
292,4,10,150,11,0.0
293,4,10,150,11,0.13083036905940468
294,4,10,150,11,0.0
295,4,10,150,11,0.2073612289146658
296,4,10,150,11,0.5305388614858998
297,4,10,150,11,0.06541518452970234
298,4,10,150,11,0.08930562034683721
299,4,10,150,11,0.0
300,4,10,150,11,0.0
301,4,10,150,11,0.06541518452970234
303,4,10,150,11,0.14015911113852453
304,4,10,150,11,0.0
305,4,10,150,11,0.3411656266029032
306,4,10,150,11,0.0
307,4,10,150,11,0.07667481399289292
308,4,10,150,11,0.24932514910785838
309,4,10,150,11,0.0
310,4,10,150,11,0.0
311,4,10,150,11,0.06912040963822193
312,4,10,150,11,0.07386356006695578
313,4,10,150,11,0.14264022335830254
314,4,10,150,11,0.2697831787557255
315,4,10,150,11,0.0
316,4,10,150,11,0.0
317,4,10,150,11,0.0
318,4,10,150,11,0.0
319,4,10,150,11,0.0
320,4,10,150,11,0.0
321,4,10,150,11,0.06912040963822193
322,4,10,150,11,0.17342765698823945
323,4,10,150,11,0.14126697285982898
324,4,10,150,11,0.0
325,4,10,150,11,0.0
326,4,10,150,11,0.0
327,4,10,150,11,0.0
328,4,10,150,11,0.1036806144573329
329,4,10,150,11,0.0
330,4,10,150,11,0.06242194984105966
331,4,10,150,11,0.16958010263680806
332,4,10,150,11,0.0
333,4,10,150,11,0.0
334,4,10,150,11,0.15408183358419864
336,4,10,150,11,0.0
337,4,10,150,11,0.16716045496620227
338,4,10,150,11,0.0
339,4,10,150,11,0.0
340,4,10,150,11,0.0
341,4,10,150,11,0.0
342,4,10,150,11,0.2073612289146658
343,4,10,150,11,0.2073612289146658
344,4,10,150,11,0.21714275471759922
345,4,10,150,11,0.0
346,4,10,150,11,0.1695238938640801
347,4,10,150,11,0.0
348,4,10,150,11,0.0
349,4,10,150,11,0.0
350,4,10,150,11,0.0
351,4,10,150,11,0.0
352,4,10,150,11,0.0
353,4,10,150,11,0.0
354,4,10,150,11,0.0
355,4,10,150,11,0.0
356,4,10,150,11,0.0
357,4,10,150,11,0.0
358,4,10,150,11,0.20438239758848611
359,4,10,150,11,0.0
360,4,10,150,11,0.0
361,4,10,150,11,0.0
362,4,10,150,11,0.0
363,4,10,150,11,0.26520318092196093
364,4,10,150,11,0.0
365,4,10,150,11,0.0
366,4,10,150,11,0.0
367,4,10,150,11,0.0
368,4,10,150,11,0.0
369,4,10,150,11,0.0
370,4,10,150,11,0.09092803061897883
371,4,10,150,11,0.09460634670666435
372,4,10,150,11,0.0
373,4,10,150,11,0.0
374,4,10,150,11,0.0
375,4,10,150,11,0.0
376,4,10,150,11,0.0
377,4,10,150,11,0.0
378,4,10,150,11,0.3110418433719987
379,4,10,150,11,0.0
380,4,10,150,11,0.0
381,4,10,150,11,0.0
382,4,10,150,11,0.0
383,4,10,150,11,0.0
384,4,10,150,11,0.0
385,4,10,150,11,0.0
386,4,10,150,11,0.0
387,4,10,150,11,0.07386356006695578
388,4,10,150,11,0.0
389,4,10,150,11,0.12236278746234133
390,4,10,150,11,0.0
391,4,10,150,11,0.08930562034683721
392,4,10,150,11,0.0
393,4,10,150,11,0.0
394,4,10,150,11,0.07386356006695578
395,4,10,150,11,0.0
396,4,10,150,11,0.0
397,4,10,150,11,0.27277641344436815
398,4,10,150,11,0.1695238938640801
399,4,10,150,11,0.0
400,4,10,150,11,0.0
401,4,10,150,11,0.0
402,4,10,150,11,0.0
403,4,10,150,11,0.0
404,4,10,150,11,0.0
405,4,10,150,11,0.13083036905940468
406,4,10,150,11,0.26960258500381956
407,4,10,150,11,0.07386356006695578
408,4,10,150,11,0.0
409,4,10,150,11,0.1202639018483548
410,4,10,150,11,0.0
411,4,10,150,11,0.0
412,4,10,150,11,0.0
413,4,10,150,11,0.0
414,4,10,150,11,0.0
415,4,10,150,11,0.0
416,4,10,150,11,0.2073612289146658
417,4,10,150,11,0.057841952007295125
418,4,10,150,11,0.0
419,4,10,150,11,0.1208113026994942
420,4,10,150,11,0.0
421,4,10,150,11,0.0
422,4,10,150,11,0.0
423,4,10,150,11,0.0
424,4,10,150,11,0.23504554941448536
425,4,10,150,11,0.3110418433719987
426,4,10,150,11,0.0
427,4,10,150,11,0.0
428,4,10,150,11,0.0
429,4,10,150,11,0.4036067825037728
430,4,10,150,11,0.0
431,4,10,150,11,0.0
432,4,10,150,11,0.0
433,4,10,150,11,0.0
434,4,10,150,11,0.15130120674940672
435,4,10,150,11,0.23748501214557033
436,4,10,150,11,0.0
437,4,10,150,11,0.0
438,4,10,150,11,0.0
439,4,10,150,11,0.0
440,4,10,150,11,0.0
441,4,10,150,11,0.0
442,4,10,150,11,0.06541518452970234
443,4,10,150,11,0.0
444,4,10,150,11,0.0
445,4,10,150,11,0.0
446,4,10,150,11,0.0
447,4,10,150,11,0.28757950243190866
448,4,10,150,11,0.0
449,4,10,150,11,0.09478836436955078
450,4,10,150,11,0.2930649259439096
451,4,10,150,11,0.0
452,4,10,150,11,0.06912040963822193
453,4,10,150,11,0.0
454,4,10,150,11,0.0
455,4,10,150,11,0.13083036905940468
456,4,10,150,11,0.0
457,4,10,150,11,0.3590887991025627
458,4,10,150,11,0.0
459,4,10,150,11,0.0
460,4,10,150,11,0.0
461,4,10,150,11,0.0
462,4,10,150,11,0.0
463,4,10,150,11,0.2073612289146658
464,4,10,150,11,0.0
465,4,10,150,11,0.0
466,4,10,150,11,0.0
467,4,10,150,11,0.0
468,4,10,150,11,0.0
469,4,10,150,11,0.0
470,4,10,150,11,0.0
471,4,10,150,11,0.0
472,4,10,150,11,0.0
473,4,10,150,11,0.0
474,4,10,150,11,0.06912040963822193
475,4,10,150,11,0.0
476,4,10,150,11,0.0
477,4,10,150,11,0.0
478,4,10,150,11,0.2345109835167376
479,4,10,150,11,0.06242194984105966
480,4,10,150,11,0.0
481,4,10,150,11,0.0
482,4,10,150,11,0.0
483,4,10,150,11,0.0
484,4,10,150,11,0.1695238938640801
485,4,10,150,11,0.0
486,4,10,150,11,0.0
487,4,10,150,11,0.057841952007295125
488,4,10,150,11,0.0
489,4,10,150,11,0.0
490,4,10,150,11,0.0
491,4,10,150,11,0.06362078819895171
492,4,10,150,11,0.0
493,4,10,150,11,0.0
494,4,10,150,11,0.0
495,4,10,150,11,0.0
496,4,10,150,11,0.0
497,4,10,150,11,0.13154235947928158
498,4,10,150,11,0.0
499,4,10,150,11,0.0
500,4,10,150,11,0.22311001803507466
501,4,10,150,11,0.0
502,4,10,150,11,0.0
503,4,10,150,11,0.0
504,4,10,150,11,0.0
505,4,10,150,11,0.13083036905940468
506,4,10,150,11,0.06541518452970234
507,4,10,150,11,0.0
508,4,10,150,11,0.0
509,4,10,150,11,0.0
510,4,10,150,11,0.0
511,4,10,150,11,0.0
512,4,10,150,11,0.0
513,4,10,150,11,0.0
514,4,10,150,11,0.38165855587086994
515,4,10,150,11,0.11706259313796354
516,4,10,150,11,0.0
517,4,10,150,11,0.0
518,4,10,150,11,0.0
519,4,10,150,11,0.0
520,4,10,150,11,0.0
521,4,10,150,11,0.16610256429839257
522,4,10,150,11,0.0
523,4,10,150,11,0.0
524,4,10,150,11,0.2697831787557255
525,4,10,150,11,0.0
526,4,10,150,11,0.0
527,4,10,150,11,0.0
528,4,10,150,11,0.10209739512291163
529,4,10,150,11,0.0
530,4,10,150,11,0.0
531,4,10,150,11,0.0
532,4,10,150,11,0.5072873969611058
533,4,10,150,11,0.19921958221793978
534,4,10,150,11,0.06541518452970234
535,4,10,150,11,0.06541518452970234
536,4,10,150,11,0.13083036905940468
537,4,10,150,11,0.2540875055964022
538,4,10,150,11,0.05994083762128166
539,4,10,150,11,0.0
540,4,10,150,11,0.0
541,4,10,150,11,0.0
542,4,10,150,11,0.07386356006695578
543,4,10,150,11,0.0
544,4,10,150,11,0.0
545,4,10,150,11,0.0
546,4,10,150,11,0.0
547,4,10,150,11,0.0
548,4,10,150,11,0.0
549,4,10,150,11,0.0
550,4,10,150,11,0.0
551,4,10,150,11,0.0
552,4,10,150,11,0.0
553,4,10,150,11,0.06242194984105966
554,4,10,150,11,0.2073612289146658
555,4,10,150,11,0.0
556,4,10,150,11,0.0
557,4,10,150,11,0.0
558,4,10,150,11,0.0
559,4,10,150,11,0.0
560,4,10,150,11,0.0
561,4,10,150,11,0.06912040963822193
562,4,10,150,11,0.0
563,4,10,150,11,0.0
564,4,10,150,11,0.0
565,4,10,150,11,0.0
566,4,10,150,11,0.07386356006695578
567,4,10,150,11,0.06242194984105966
568,4,10,150,11,0.0
569,4,10,150,11,0.19325231890046435
570,4,10,150,11,0.0
571,4,10,150,11,0.0
572,4,10,150,11,0.16812753627111746
573,4,10,150,11,0.0
574,4,10,150,11,0.0
575,4,10,150,11,0.0
576,4,10,150,11,0.0
577,4,10,150,11,0.25840141933387245
578,4,10,150,11,0.0
579,4,10,150,11,0.0
580,4,10,150,11,0.06541518452970234
581,4,10,150,11,0.0
582,4,10,150,11,0.0
583,4,10,150,11,0.0
584,4,10,150,11,0.0
585,4,10,150,11,0.0
586,4,10,150,11,0.13083036905940468
587,4,10,150,11,0.0
588,4,10,150,11,0.2073612289146658
589,4,10,150,11,0.0
590,4,10,150,11,0.0
591,4,10,150,11,0.0
592,4,10,150,11,0.5390175196865434
593,4,10,150,11,0.0
594,4,10,150,11,0.0
595,4,10,150,11,0.06912040963822193
596,4,10,150,11,0.0
597,4,10,150,11,0.22009176629808017
598,4,10,150,11,0.0
599,4,10,150,11,0.0
600,4,10,150,11,0.0
601,4,10,150,11,0.0
602,4,10,150,11,0.0
603,4,10,150,11,0.0
604,4,10,150,11,0.0
605,4,10,150,11,0.3381915979740705
606,4,10,150,11,0.1695238938640801
607,4,10,150,11,0.0
608,4,10,150,11,0.0
609,4,10,150,11,0.0
610,4,10,150,11,0.2073612289146658
611,4,10,150,11,0.0
612,4,10,150,11,0.0
613,4,10,150,11,0.0
614,4,10,150,11,0.0
615,4,10,150,11,0.0
616,4,10,150,11,0.0
617,4,10,150,11,0.0
618,4,10,150,11,0.3224767187549372
619,4,10,150,11,0.0
620,4,10,150,11,0.0
621,4,10,150,11,0.13170551207425088
622,4,10,150,11,0.22320224322242055
623,4,10,150,11,0.0
624,4,10,150,11,0.0
625,4,10,150,11,0.0
626,4,10,150,11,0.0
627,4,10,150,11,0.08930562034683721
628,4,10,150,11,0.0
629,4,10,150,11,0.06541518452970234
630,4,10,150,11,0.2073612289146658
631,4,10,150,11,0.0
632,4,10,150,11,0.1345355941679243
633,4,10,150,11,0.07414861528507455
634,4,10,150,11,0.0
635,4,10,150,11,0.0
636,4,10,150,11,0.0
637,4,10,150,11,0.0
638,4,10,150,11,0.05994083762128166
639,4,10,150,11,0.0
640,4,10,150,11,0.05994083762128166
641,4,10,150,11,0.08930562034683721
642,4,10,150,11,0.06541518452970234
643,4,10,150,11,0.138060225524538
644,4,10,150,11,0.0
645,4,10,150,11,0.24666458416251058
646,4,10,150,11,0.0
647,4,10,150,11,0.0
648,4,10,150,11,0.1728010240955548
649,4,10,150,11,0.11004588314904008
650,4,10,150,11,0.08930562034683721
651,4,10,150,11,0.0
652,4,10,150,11,0.0
653,4,10,150,11,0.29693293335779725
654,4,10,150,11,0.26730206653594746
655,4,10,150,11,0.0
656,4,10,150,11,0.0
657,4,10,150,11,0.0
658,4,10,150,11,0.2073612289146658
659,4,10,150,11,0.057841952007295125
660,4,10,150,11,0.0
661,4,10,150,11,0.0
662,4,10,150,11,0.0
663,4,10,150,11,0.4035875764439629
664,4,10,150,11,0.3331453459426947
665,4,10,150,11,0.0
666,4,10,150,11,0.4507486828457017
667,4,10,150,11,0.08021827351724287
668,4,10,150,11,0.06541518452970234
669,4,10,150,11,0.07386356006695578
670,4,10,150,11,0.0
671,4,10,150,11,0.06912040963822193
672,4,10,150,11,0.0
673,4,10,150,11,0.0
674,4,10,150,11,0.0
675,4,10,150,11,0.0
676,4,10,150,11,0.16909579898703525
677,4,10,150,11,0.0
678,4,10,150,11,0.0
679,4,10,150,11,0.08021827351724287
680,4,10,150,11,0.0
681,4,10,150,11,0.0
682,4,10,150,11,0.3276251307630206
683,4,10,150,11,0.0
684,4,10,150,11,0.08021827351724287
685,4,10,150,11,0.0
686,4,10,150,11,0.0
687,4,10,150,11,0.0
688,4,10,150,11,0.0
689,4,10,150,11,0.07386356006695578
690,4,10,150,11,0.08021827351724287
691,4,10,150,11,0.0
692,4,10,150,11,0.07386356006695578
693,4,10,150,11,0.0
694,4,10,150,11,0.22559113025485267
695,4,10,150,11,0.0
696,4,10,150,11,0.0
697,4,10,150,11,0.0
698,4,10,150,11,0.0
699,4,10,150,11,0.13083036905940468
700,4,10,150,11,0.06556429791586475
701,4,10,150,11,0.0
702,4,10,150,11,0.0
703,4,10,150,11,0.13083036905940468
704,4,10,150,11,0.14933868315546478
705,4,10,150,11,0.05994083762128166
706,4,10,150,11,0.0
707,4,10,150,11,0.0
708,4,10,150,11,0.05994083762128166
709,4,10,150,11,0.18867232106669982
710,4,10,150,11,0.14563345804694522
711,4,10,150,11,0.057841952007295125
712,4,10,150,11,0.0
713,4,10,150,11,0.0
714,4,10,150,11,0.0
715,4,10,150,11,0.0
716,4,10,150,11,0.14264022335830254
717,4,10,150,11,0.0
718,4,10,150,11,0.0
719,4,10,150,11,0.057841952007295125
720,4,10,150,11,0.0
721,4,10,150,11,0.14264022335830254
722,4,10,150,11,0.06556429791586475
723,4,10,150,11,0.0
724,4,10,150,11,0.0
725,4,10,150,11,0.0
726,4,10,150,11,0.0
727,4,10,150,11,0.2140226712054803
728,4,10,150,11,0.0
729,4,10,150,11,0.0
730,4,10,150,11,0.0
731,4,10,150,11,0.1429839697051777
732,4,10,150,11,0.0
733,4,10,150,11,0.057841952007295125
734,4,10,150,11,0.0
735,4,10,150,11,0.0
736,4,10,150,11,0.0
737,4,10,150,11,0.0
738,4,10,150,11,0.24932514910785838
739,4,10,150,11,0.0
740,4,10,150,11,0.0
741,4,10,150,11,0.08930562034683721
742,4,10,150,11,0.0
743,4,10,150,11,0.0
744,4,10,150,11,0.0
745,4,10,150,11,0.0
746,4,10,150,11,0.27277641344436815
747,4,10,150,11,0.6692380583027786
748,4,10,150,11,0.16152256646462804
749,4,10,150,11,0.127837134370762
750,4,10,150,11,0.0
751,4,10,150,11,0.05994083762128166
752,4,10,150,11,0.0
753,4,10,150,11,0.13083036905940468
754,4,10,150,11,0.0
755,4,10,150,11,0.0
756,4,10,150,11,0.06912040963822193
757,4,10,150,11,0.0
758,4,10,150,11,0.28757950243190866
759,4,10,150,11,0.057841952007295125
760,4,10,150,11,0.0
761,4,10,150,11,0.0
762,4,10,150,11,0.0
763,4,10,150,11,0.07386356006695578
764,4,10,150,11,0.13083036905940468
765,4,10,150,11,0.10122860821230018
766,4,10,150,11,0.07386356006695578
767,4,10,150,11,0.07386356006695578
768,4,10,150,11,0.0
769,4,10,150,11,0.0
770,4,10,150,11,0.253193156521746
771,4,10,150,11,0.2697831787557255
772,4,10,150,11,0.0
773,4,10,150,11,0.08930562034683721
774,4,10,150,11,0.0
775,4,10,150,11,0.0
776,4,10,150,11,0.057841952007295125
777,4,10,150,11,0.0
778,4,10,150,11,0.16152256646462804
779,4,10,150,11,0.0
780,4,10,150,11,0.0
781,4,10,150,11,0.0
782,4,10,150,11,0.08021827351724287
783,4,10,150,11,0.0
784,4,10,150,11,0.0
785,4,10,150,11,0.0
786,4,10,150,11,0.0
787,4,10,150,11,0.0
788,4,10,150,11,0.4073120076122924
789,4,10,150,11,0.06242194984105966
790,4,10,150,11,0.0
791,4,10,150,11,0.0
792,4,10,150,11,0.0
793,4,10,150,11,0.0
794,4,10,150,11,0.0
795,4,10,150,11,0.0
796,4,10,150,11,0.4847001990358618
797,4,10,150,11,0.0
798,4,10,150,11,0.13083036905940468
799,4,10,150,11,0.0
800,4,10,150,11,0.0
801,4,10,150,11,0.0
802,4,10,150,11,0.1036806144573329
803,4,10,150,11,0.0
804,4,10,150,11,0.08930562034683721
805,4,10,150,11,0.19298623480417013
806,4,10,150,11,0.48117556767924824
807,4,10,150,11,0.0
808,4,10,150,11,0.0
809,4,10,150,11,0.0
810,4,10,150,11,0.0
811,4,10,150,11,0.0
812,4,10,150,11,0.0
813,4,10,150,11,0.0
814,4,10,150,11,0.0
815,4,10,150,11,0.05994083762128166
816,4,10,150,11,0.0
817,4,10,150,11,0.0
818,4,10,150,11,0.0
819,4,10,150,11,0.0
820,4,10,150,11,0.0
821,4,10,150,11,0.2764816385528877
822,4,10,150,11,0.0
823,4,10,150,11,0.18020473946963644
824,4,10,150,11,0.0
825,4,10,150,11,0.08021827351724287
826,4,10,150,11,0.2073612289146658
827,4,10,150,11,0.0
828,4,10,150,11,0.06541518452970234
829,4,10,150,11,0.12696236164551705
830,4,10,150,11,0.14714757235413234
831,4,10,150,11,0.3705304093284588
832,4,10,150,11,0.0
833,4,10,150,11,0.12325713653699746
834,4,10,150,11,0.28122478898162157
835,4,10,150,11,0.0
836,4,10,150,11,0.06912040963822193
837,4,10,150,11,0.0
838,4,10,150,11,0.3389035883939474
839,4,10,150,11,0.06541518452970234
840,4,10,150,11,0.4036067825037728
841,4,10,150,11,0.0
842,4,10,150,11,0.0
843,4,10,150,11,0.0
844,4,10,150,11,0.0
845,4,10,150,11,0.0
846,4,10,150,11,0.43056347213708634
847,4,10,150,11,0.1345355941679243
848,4,10,150,11,0.0
849,4,10,150,11,0.0
850,4,10,150,11,0.2701091136560628
851,4,10,150,11,0.06242194984105966
852,4,10,150,11,0.2697831787557255
853,4,10,150,11,0.0
854,4,10,150,11,0.0
855,4,10,150,11,0.0
856,4,10,150,11,0.0
857,4,10,150,11,0.0
858,4,10,150,11,0.0
859,4,10,150,11,0.0
860,4,10,150,11,0.0
861,4,10,150,11,0.0
862,4,10,150,11,0.05994083762128166
863,4,10,150,11,0.0
864,4,10,150,11,0.47835070911259503
865,4,10,150,11,0.057841952007295125
866,4,10,150,11,0.0
867,4,10,150,11,0.14933868315546478
868,4,10,150,11,0.36902737162485194
869,4,10,150,11,0.0
870,4,10,150,11,0.5918306608193993
871,4,10,150,11,0.06912040963822193
872,4,10,150,11,0.0
873,4,10,150,11,0.0
874,4,10,150,11,0.06242194984105966
875,4,10,150,11,0.1492464579681189
876,4,10,150,11,0.08671382849411972
877,4,10,150,11,0.06242194984105966
878,4,10,150,11,0.44258420285128025
879,4,10,150,11,0.0
880,4,10,150,11,0.552214269179551
881,4,10,150,11,0.06912040963822193
882,4,10,150,11,0.2073612289146658
883,4,10,150,11,0.4635476201250545
884,4,10,150,11,0.08930562034683721
885,4,10,150,11,0.06242194984105966
886,4,10,150,11,0.19624555358910703
887,4,10,150,11,0.08930562034683721
888,4,10,150,11,0.06943122193677727
889,4,10,150,11,0.0
890,4,10,150,11,0.0
891,4,10,150,11,0.0
892,4,10,150,11,0.19624555358910703
893,4,10,150,11,0.08930562034683721
894,4,10,150,11,0.20469392912636045
895,4,10,150,11,0.0
896,4,10,150,11,0.7229164076611192
897,4,10,150,11,0.3734637932130584
898,4,10,150,11,0.0
899,4,10,150,11,0.08021827351724287
900,4,10,150,11,0.0
901,4,10,150,11,0.30035426292348477
902,4,10,150,11,0.0
903,4,10,150,11,0.3300499512773445
904,4,10,150,11,0.0
905,4,10,150,11,0.0
906,4,10,150,11,0.0
907,4,10,150,11,0.08021827351724287
908,4,10,150,11,0.13380439768823743
909,4,10,150,11,0.0
910,4,10,150,11,0.0
911,4,10,150,11,0.057841952007295125
912,4,10,150,11,0.08021827351724287
913,4,10,150,11,0.0
914,4,10,150,11,0.0
915,4,10,150,11,0.0
916,4,10,150,11,0.6535406202405819
917,4,10,150,11,0.0
918,4,10,150,11,0.1036806144573329
919,4,10,150,11,0.18389888797457576
920,4,10,150,11,0.0
921,4,10,150,11,0.16152256646462804
922,4,10,150,11,0.27708359233888086
923,4,10,150,11,0.0
924,4,10,150,11,0.0
925,4,10,150,11,0.0
926,4,10,150,11,0.0
927,4,10,150,11,0.0
928,4,10,150,11,0.1482972305701491
929,4,10,150,11,0.19624555358910703
930,4,10,150,11,0.0
931,4,10,150,11,0.0
932,4,10,150,11,0.11778278962857679
933,4,10,150,11,0.06912040963822193
934,4,10,150,11,0.22146340408590967
935,4,10,150,11,0.0
936,4,10,150,11,0.2073612289146658
937,4,10,150,11,0.0
938,4,10,150,11,0.20469392912636045
939,4,10,150,11,0.0
940,4,10,150,11,0.07386356006695578
941,4,10,150,11,0.0
942,4,10,150,11,0.0
943,4,10,150,11,0.25082818681146524
1,4,10,150,12,0.5789533463717488
2,4,10,150,12,0.0
3,4,10,150,12,0.0
4,4,10,150,12,0.0
5,4,10,150,12,0.0
6,4,10,150,12,0.22009176629808017
7,4,10,150,12,0.32024599984493496
8,4,10,150,12,0.0
9,4,10,150,12,0.21840743681816419
10,4,10,150,12,0.0
11,4,10,150,12,0.19635793579928928
12,4,10,150,12,0.0
13,4,10,150,12,0.11870420463078338
14,4,10,150,12,0.0
15,4,10,150,12,0.0
16,4,10,150,12,0.0
17,4,10,150,12,0.0
18,4,10,150,12,0.36448101167633634
19,4,10,150,12,0.0
20,4,10,150,12,0.0
21,4,10,150,12,0.0
22,4,10,150,12,0.0
23,4,10,150,12,0.14933868315546478
24,4,10,150,12,0.0
25,4,10,150,12,0.07414861528507455
26,4,10,150,12,0.0
27,4,10,150,12,0.0
28,4,10,150,12,0.0
29,4,10,150,12,0.0
30,4,10,150,12,0.0
31,4,10,150,12,0.0
32,4,10,150,12,0.0
33,4,10,150,12,0.0
35,4,10,150,12,0.0
36,4,10,150,12,0.0
37,4,10,150,12,0.0
38,4,10,150,12,0.0
39,4,10,150,12,0.0
40,4,10,150,12,0.0
41,4,10,150,12,0.0
42,4,10,150,12,0.0
43,4,10,150,12,0.19635793579928928
44,4,10,150,12,0.13763016611799228
45,4,10,150,12,0.0
46,4,10,150,12,0.11284514134893527
47,4,10,150,12,0.0
48,4,10,150,12,0.0
49,4,10,150,12,0.0
50,4,10,150,12,0.0
51,4,10,150,12,0.16812753627111746
52,4,10,150,12,0.0
54,4,10,150,12,0.0
56,4,10,150,12,0.16812307587704708
57,4,10,150,12,0.18686728486108495
58,4,10,150,12,0.23504554941448536
59,4,10,150,12,0.24660408087077307
60,4,10,150,12,0.06362078819895171
61,4,10,150,12,0.0
62,4,10,150,12,0.12221281787439028
63,4,10,150,12,0.0
64,4,10,150,12,0.0547726610138292
65,4,10,150,12,0.13012668333070054
66,4,10,150,12,0.0
67,4,10,150,12,0.0
68,4,10,150,12,0.3391602052736161
69,4,10,150,12,0.0
70,4,10,150,12,0.0
71,4,10,150,12,0.0
72,4,10,150,12,0.0
73,4,10,150,12,0.0
74,4,10,150,12,0.0
75,4,10,150,12,0.0
76,4,10,150,12,0.0
77,4,10,150,12,0.0
78,4,10,150,12,0.0
79,4,10,150,12,0.27487633291429087
80,4,10,150,12,0.0
81,4,10,150,12,0.0
82,4,10,150,12,0.19298623480417013
83,4,10,150,12,0.06556429791586475
84,4,10,150,12,0.0
85,4,10,150,12,0.0
87,4,10,150,12,0.0
89,4,10,150,12,0.16716045496620227
90,4,10,150,12,0.0
91,4,10,150,12,0.0
92,4,10,150,12,0.15295162891347386
93,4,10,150,12,0.0
94,4,10,150,12,0.0
95,4,10,150,12,0.19635793579928928
96,4,10,150,12,0.0
97,4,10,150,12,0.0
98,4,10,150,12,0.0
99,4,10,150,12,0.0
100,4,10,150,12,0.0
101,4,10,150,12,0.0
102,4,10,150,12,0.0
103,4,10,150,12,0.0
104,4,10,150,12,0.0
105,4,10,150,12,0.0
106,4,10,150,12,0.0
107,4,10,150,12,0.0
108,4,10,150,12,0.0
109,4,10,150,12,0.0
110,4,10,150,12,0.0
111,4,10,150,12,0.0
112,4,10,150,12,0.0
113,4,10,150,12,0.0
114,4,10,150,12,0.0
115,4,10,150,12,0.0
116,4,10,150,12,0.0
117,4,10,150,12,0.14606834984270645
118,4,10,150,12,0.0
119,4,10,150,12,0.06194403202282284
120,4,10,150,12,0.0
121,4,10,150,12,0.2147325744928709
122,4,10,150,12,0.08177471774917201
123,4,10,150,12,0.0
125,4,10,150,12,0.0
126,4,10,150,12,0.0
127,4,10,150,12,0.0
128,4,10,150,12,0.0
129,4,10,150,12,0.0
130,4,10,150,12,0.19635793579928928
131,4,10,150,12,0.0
133,4,10,150,12,0.0
134,4,10,150,12,0.0
135,4,10,150,12,0.0
137,4,10,150,12,0.0
138,4,10,150,12,0.0
139,4,10,150,12,0.0
141,4,10,150,12,0.0
142,4,10,150,12,0.0
143,4,10,150,12,0.0
144,4,10,150,12,0.14132693254839473
145,4,10,150,12,0.0547726610138292
146,4,10,150,12,0.0
148,4,10,150,12,0.0
149,4,10,150,12,0.0
150,4,10,150,12,0.0
151,4,10,150,12,0.0
152,4,10,150,12,0.0
153,4,10,150,12,0.0
154,4,10,150,12,0.0
155,4,10,150,12,0.0
156,4,10,150,12,0.0
158,4,10,150,12,0.12670428058536298
159,4,10,150,12,0.0
160,4,10,150,12,0.0
161,4,10,150,12,0.0
162,4,10,150,12,0.0
163,4,10,150,12,0.0
164,4,10,150,12,0.0
165,4,10,150,12,0.0
166,4,10,150,12,0.0
167,4,10,150,12,0.0
168,4,10,150,12,0.23504554941448536
169,4,10,150,12,0.0
170,4,10,150,12,0.0
171,4,10,150,12,0.0
172,4,10,150,12,0.0
173,4,10,150,12,0.0
174,4,10,150,12,0.07596161868673496
175,4,10,150,12,0.0
176,4,10,150,12,0.0
177,4,10,150,12,0.06912040963822193
178,4,10,150,12,0.27231955448602424
179,4,10,150,12,0.0
180,4,10,150,12,0.0
181,4,10,150,12,0.0
182,4,10,150,12,0.0
183,4,10,150,12,0.0
184,4,10,150,12,0.0
185,4,10,150,12,0.0
186,4,10,150,12,0.15958907712489634
187,4,10,150,12,0.0
188,4,10,150,12,0.0
189,4,10,150,12,0.19635793579928928
190,4,10,150,12,0.10699313236726378
191,4,10,150,12,0.0
192,4,10,150,12,0.0
193,4,10,150,12,0.0
194,4,10,150,12,0.0
195,4,10,150,12,0.0
196,4,10,150,12,0.0
197,4,10,150,12,0.0
198,4,10,150,12,0.0
199,4,10,150,12,0.0
200,4,10,150,12,0.05306340617755807
201,4,10,150,12,0.07596161868673496
203,4,10,150,12,0.0
204,4,10,150,12,0.0
205,4,10,150,12,0.0
206,4,10,150,12,0.0
207,4,10,150,12,0.0
209,4,10,150,12,0.0
210,4,10,150,12,0.0
211,4,10,150,12,0.0
212,4,10,150,12,0.12681701683239352
213,4,10,150,12,0.07311683844390994
214,4,10,150,12,0.0
215,4,10,150,12,0.0
216,4,10,150,12,0.0
217,4,10,150,12,0.0
218,4,10,150,12,0.19092086617893467
219,4,10,150,12,0.0
221,4,10,150,12,0.2797643380184693
222,4,10,150,12,0.16052837862716918
223,4,10,150,12,0.0
224,4,10,150,12,0.0
225,4,10,150,12,0.0
226,4,10,150,12,0.0
227,4,10,150,12,0.0
228,4,10,150,12,0.0
229,4,10,150,12,0.0
230,4,10,150,12,0.0843142342558857
231,4,10,150,12,0.0
232,4,10,150,12,0.3234992853586256
233,4,10,150,12,0.0
234,4,10,150,12,0.0
235,4,10,150,12,0.0
236,4,10,150,12,0.0
237,4,10,150,12,0.0
238,4,10,150,12,0.0
239,4,10,150,12,0.06994410797740244
240,4,10,150,12,0.0
242,4,10,150,12,0.0
243,4,10,150,12,0.0
244,4,10,150,12,0.0
245,4,10,150,12,0.0
246,4,10,150,12,0.0845667599404342
247,4,10,150,12,0.0
248,4,10,150,12,0.0
249,4,10,150,12,0.06194403202282284
250,4,10,150,12,0.2529427027676571
251,4,10,150,12,0.0
252,4,10,150,12,0.0
253,4,10,150,12,0.0
254,4,10,150,12,0.0
255,4,10,150,12,0.0
256,4,10,150,12,0.12388806404564567
257,4,10,150,12,0.15101961822780524
258,4,10,150,12,0.0
259,4,10,150,12,0.0
260,4,10,150,12,0.0
261,4,10,150,12,0.0
262,4,10,150,12,0.0
263,4,10,150,12,0.06994410797740244
264,4,10,150,12,0.0
265,4,10,150,12,0.10209739512291163
267,4,10,150,12,0.0
268,4,10,150,12,0.07596161868673496
269,4,10,150,12,0.15493914050760518
270,4,10,150,12,0.0
271,4,10,150,12,0.1290537365396508
272,4,10,150,12,0.09109240322345806
273,4,10,150,12,0.0
274,4,10,150,12,0.0
275,4,10,150,12,0.0
276,4,10,150,12,0.2583019678221121
277,4,10,150,12,0.0
279,4,10,150,12,0.1414142639531647
280,4,10,150,12,0.0
281,4,10,150,12,0.0
283,4,10,150,12,0.0
284,4,10,150,12,0.0
285,4,10,150,12,0.0
286,4,10,150,12,0.28441644267281485
287,4,10,150,12,0.0
288,4,10,150,12,0.0
289,4,10,150,12,0.13905617951077562
290,4,10,150,12,0.0
291,4,10,150,12,0.32779958037565365
292,4,10,150,12,0.0
293,4,10,150,12,0.12388806404564567
294,4,10,150,12,0.0
295,4,10,150,12,0.19635793579928928
296,4,10,150,12,0.5023866623858942
297,4,10,150,12,0.06194403202282284
298,4,10,150,12,0.0845667599404342
299,4,10,150,12,0.0
300,4,10,150,12,0.0
301,4,10,150,12,0.06194403202282284
303,4,10,150,12,0.1327217912946955
304,4,10,150,12,0.0
305,4,10,150,12,0.32306221638465227
306,4,10,150,12,0.0
307,4,10,150,12,0.07667481399289292
308,4,10,150,12,0.23609510745046786
309,4,10,150,12,0.0
310,4,10,150,12,0.0
311,4,10,150,12,0.06545264526642976
312,4,10,150,12,0.06994410797740244
313,4,10,150,12,0.1350712472489833
314,4,10,150,12,0.25546756436153767
315,4,10,150,12,0.0
316,4,10,150,12,0.0
317,4,10,150,12,0.0
318,4,10,150,12,0.0
319,4,10,150,12,0.0
320,4,10,150,12,0.0
321,4,10,150,12,0.06545264526642976
322,4,10,150,12,0.17342765698823945
323,4,10,150,12,0.14126697285982898
324,4,10,150,12,0.0
325,4,10,150,12,0.0
326,4,10,150,12,0.0
327,4,10,150,12,0.0
328,4,10,150,12,0.09817896789964464
329,4,10,150,12,0.0
330,4,10,150,12,0.059109628562248356
331,4,10,150,12,0.16958010263680806
332,4,10,150,12,0.0
333,4,10,150,12,0.0
334,4,10,150,12,0.1459057266641374
336,4,10,150,12,0.0
337,4,10,150,12,0.16716045496620227
338,4,10,150,12,0.0
339,4,10,150,12,0.0
340,4,10,150,12,0.0
341,4,10,150,12,0.0
342,4,10,150,12,0.19635793579928928
343,4,10,150,12,0.19635793579928928
344,4,10,150,12,0.25868382670306345
345,4,10,150,12,0.0
346,4,10,150,12,0.16052837862716918
347,4,10,150,12,0.0
348,4,10,150,12,0.0
349,4,10,150,12,0.0
350,4,10,150,12,0.0
351,4,10,150,12,0.0
352,4,10,150,12,0.0
353,4,10,150,12,0.0
354,4,10,150,12,0.0
355,4,10,150,12,0.0
356,4,10,150,12,0.0
357,4,10,150,12,0.0
358,4,10,150,12,0.20438239758848611
359,4,10,150,12,0.0
360,4,10,150,12,0.0
361,4,10,150,12,0.0
362,4,10,150,12,0.0
363,4,10,150,12,0.2511305968131185
364,4,10,150,12,0.0
365,4,10,150,12,0.0
366,4,10,150,12,0.0
367,4,10,150,12,0.0
368,4,10,150,12,0.0
369,4,10,150,12,0.0
370,4,10,150,12,0.09092803061897883
371,4,10,150,12,0.09460634670666435
372,4,10,150,12,0.0
373,4,10,150,12,0.0
374,4,10,150,12,0.0
375,4,10,150,12,0.0
376,4,10,150,12,0.0
377,4,10,150,12,0.0
378,4,10,150,12,0.2945369036989339
379,4,10,150,12,0.0
380,4,10,150,12,0.0
381,4,10,150,12,0.0
382,4,10,150,12,0.0
383,4,10,150,12,0.0
384,4,10,150,12,0.0
385,4,10,150,12,0.0
386,4,10,150,12,0.0
387,4,10,150,12,0.12300751415496051
388,4,10,150,12,0.0
389,4,10,150,12,0.1158698011702089
390,4,10,150,12,0.0
391,4,10,150,12,0.0845667599404342
392,4,10,150,12,0.0
393,4,10,150,12,0.0
394,4,10,150,12,0.06994410797740244
395,4,10,150,12,0.0
396,4,10,150,12,0.0
397,4,10,150,12,0.2583019678221121
398,4,10,150,12,0.16052837862716918
399,4,10,150,12,0.0
400,4,10,150,12,0.0
401,4,10,150,12,0.0
402,4,10,150,12,0.0
403,4,10,150,12,0.0
404,4,10,150,12,0.0
405,4,10,150,12,0.12388806404564567
406,4,10,150,12,0.2552965535292423
407,4,10,150,12,0.06994410797740244
408,4,10,150,12,0.0
409,4,10,150,12,0.11388228957607756
410,4,10,150,12,0.0
411,4,10,150,12,0.0
412,4,10,150,12,0.0
413,4,10,150,12,0.0
414,4,10,150,12,0.0
415,4,10,150,12,0.0
416,4,10,150,12,0.19635793579928928
417,4,10,150,12,0.0547726610138292
418,4,10,150,12,0.0
419,4,10,150,12,0.1208113026994942
420,4,10,150,12,0.0
421,4,10,150,12,0.0
422,4,10,150,12,0.0
423,4,10,150,12,0.0
424,4,10,150,12,0.23504554941448536
425,4,10,150,12,0.2945369036989339
426,4,10,150,12,0.0
427,4,10,150,12,0.0
428,4,10,150,12,0.0
429,4,10,150,12,0.3821900318677578
430,4,10,150,12,0.0
431,4,10,150,12,0.0
432,4,10,150,12,0.0
433,4,10,150,12,0.0
434,4,10,150,12,0.15130120674940672
435,4,10,150,12,0.22488324848500763
436,4,10,150,12,0.0
437,4,10,150,12,0.0
438,4,10,150,12,0.0
439,4,10,150,12,0.0
440,4,10,150,12,0.0
441,4,10,150,12,0.0
442,4,10,150,12,0.06194403202282284
443,4,10,150,12,0.0
444,4,10,150,12,0.0
445,4,10,150,12,0.0
446,4,10,150,12,0.0
447,4,10,150,12,0.27231955448602424
448,4,10,150,12,0.0
449,4,10,150,12,0.09478836436955078
450,4,10,150,12,0.27751390274215193
451,4,10,150,12,0.0
452,4,10,150,12,0.11851605144398783
453,4,10,150,12,0.0
454,4,10,150,12,0.0
455,4,10,150,12,0.12388806404564567
456,4,10,150,12,0.0
457,4,10,150,12,0.34003432430197184
458,4,10,150,12,0.0
459,4,10,150,12,0.0
460,4,10,150,12,0.0
461,4,10,150,12,0.0
462,4,10,150,12,0.0
463,4,10,150,12,0.19635793579928928
464,4,10,150,12,0.0
465,4,10,150,12,0.0
466,4,10,150,12,0.0
467,4,10,150,12,0.0
468,4,10,150,12,0.0
469,4,10,150,12,0.0
470,4,10,150,12,0.0
471,4,10,150,12,0.0
472,4,10,150,12,0.0
473,4,10,150,12,0.0
474,4,10,150,12,0.06545264526642976
475,4,10,150,12,0.0
476,4,10,150,12,0.0
477,4,10,150,12,0.0
478,4,10,150,12,0.2345109835167376
479,4,10,150,12,0.11217303473980643
480,4,10,150,12,0.0
481,4,10,150,12,0.0
482,4,10,150,12,0.0
483,4,10,150,12,0.0
484,4,10,150,12,0.16052837862716918
485,4,10,150,12,0.0
486,4,10,150,12,0.0
487,4,10,150,12,0.0547726610138292
488,4,10,150,12,0.0
489,4,10,150,12,0.0
490,4,10,150,12,0.0
491,4,10,150,12,0.06362078819895171
492,4,10,150,12,0.0
493,4,10,150,12,0.0
494,4,10,150,12,0.0
495,4,10,150,12,0.0
496,4,10,150,12,0.0
497,4,10,150,12,0.12456227382867811
498,4,10,150,12,0.0
499,4,10,150,12,0.0
500,4,10,150,12,0.21127104052579718
501,4,10,150,12,0.0
502,4,10,150,12,0.0
503,4,10,150,12,0.0
504,4,10,150,12,0.0
505,4,10,150,12,0.12388806404564567
506,4,10,150,12,0.06194403202282284
507,4,10,150,12,0.0
508,4,10,150,12,0.0
509,4,10,150,12,0.0
510,4,10,150,12,0.0
511,4,10,150,12,0.0
512,4,10,150,12,0.0
513,4,10,150,12,0.0
514,4,10,150,12,0.3614064528995537
515,4,10,150,12,0.11706259313796354
516,4,10,150,12,0.0
517,4,10,150,12,0.0
518,4,10,150,12,0.0
519,4,10,150,12,0.0
520,4,10,150,12,0.0
521,4,10,150,12,0.157288596461893
522,4,10,150,12,0.0
523,4,10,150,12,0.0
524,4,10,150,12,0.25546756436153767
525,4,10,150,12,0.0
526,4,10,150,12,0.0
527,4,10,150,12,0.0
528,4,10,150,12,0.10209739512291163
529,4,10,150,12,0.0
530,4,10,150,12,0.0
531,4,10,150,12,0.0
532,4,10,150,12,0.4803689997674025
533,4,10,150,12,0.18864831260818582
534,4,10,150,12,0.06194403202282284
535,4,10,150,12,0.06194403202282284
536,4,10,150,12,0.12388806404564567
537,4,10,150,12,0.2936681632598558
538,4,10,150,12,0.056760172607960534
539,4,10,150,12,0.0
540,4,10,150,12,0.0
541,4,10,150,12,0.0
542,4,10,150,12,0.06994410797740244
543,4,10,150,12,0.0
544,4,10,150,12,0.0
545,4,10,150,12,0.0
546,4,10,150,12,0.0
547,4,10,150,12,0.0
548,4,10,150,12,0.0
549,4,10,150,12,0.0
550,4,10,150,12,0.0
551,4,10,150,12,0.0
552,4,10,150,12,0.05306340617755807
553,4,10,150,12,0.059109628562248356
554,4,10,150,12,0.19635793579928928
555,4,10,150,12,0.0
556,4,10,150,12,0.0
557,4,10,150,12,0.0
558,4,10,150,12,0.0
559,4,10,150,12,0.0
560,4,10,150,12,0.0
561,4,10,150,12,0.06545264526642976
562,4,10,150,12,0.0
563,4,10,150,12,0.0
564,4,10,150,12,0.0
565,4,10,150,12,0.0
566,4,10,150,12,0.06994410797740244
567,4,10,150,12,0.059109628562248356
568,4,10,150,12,0.0
569,4,10,150,12,0.18299769260789403
570,4,10,150,12,0.0
571,4,10,150,12,0.0
572,4,10,150,12,0.16812753627111746
573,4,10,150,12,0.0
574,4,10,150,12,0.0
575,4,10,150,12,0.0
576,4,10,150,12,0.0
577,4,10,150,12,0.24468975986290167
578,4,10,150,12,0.0
579,4,10,150,12,0.0
580,4,10,150,12,0.06194403202282284
581,4,10,150,12,0.0
582,4,10,150,12,0.0
583,4,10,150,12,0.0
584,4,10,150,12,0.0
585,4,10,150,12,0.0
586,4,10,150,12,0.12388806404564567
587,4,10,150,12,0.0
588,4,10,150,12,0.19635793579928928
589,4,10,150,12,0.0
590,4,10,150,12,0.0
591,4,10,150,12,0.0
592,4,10,150,12,0.5104154141025964
593,4,10,150,12,0.0
594,4,10,150,12,0.0
595,4,10,150,12,0.06545264526642976
596,4,10,150,12,0.0
597,4,10,150,12,0.22009176629808017
598,4,10,150,12,0.0
599,4,10,150,12,0.0
600,4,10,150,12,0.0
601,4,10,150,12,0.0
602,4,10,150,12,0.0
603,4,10,150,12,0.0
604,4,10,150,12,0.0
605,4,10,150,12,0.32024599984493496
606,4,10,150,12,0.16052837862716918
607,4,10,150,12,0.0
608,4,10,150,12,0.0
609,4,10,150,12,0.0
610,4,10,150,12,0.19635793579928928
611,4,10,150,12,0.0
612,4,10,150,12,0.0
613,4,10,150,12,0.0
614,4,10,150,12,0.0
615,4,10,150,12,0.0
616,4,10,150,12,0.0
617,4,10,150,12,0.0
618,4,10,150,12,0.3053650056448378
619,4,10,150,12,0.0
620,4,10,150,12,0.0
621,4,10,150,12,0.12471676899123163
622,4,10,150,12,0.21135837193056714
623,4,10,150,12,0.0
624,4,10,150,12,0.0
625,4,10,150,12,0.0
626,4,10,150,12,0.0
627,4,10,150,12,0.0845667599404342
628,4,10,150,12,0.0
629,4,10,150,12,0.06194403202282284
630,4,10,150,12,0.19635793579928928
631,4,10,150,12,0.0
632,4,10,150,12,0.1273966772892526
633,4,10,150,12,0.07414861528507455
634,4,10,150,12,0.0
635,4,10,150,12,0.0
636,4,10,150,12,0.0
637,4,10,150,12,0.0
638,4,10,150,12,0.056760172607960534
639,4,10,150,12,0.0
640,4,10,150,12,0.056760172607960534
641,4,10,150,12,0.0845667599404342
642,4,10,150,12,0.06194403202282284
643,4,10,150,12,0.13073427970056417
644,4,10,150,12,0.0
645,4,10,150,12,0.23357572114347683
646,4,10,150,12,0.0
647,4,10,150,12,0.0
648,4,10,150,12,0.16363161316607439
649,4,10,150,12,0.11004588314904008
650,4,10,150,12,0.13763016611799228
651,4,10,150,12,0.0
652,4,10,150,12,0.0
653,4,10,150,12,0.2811766605075387
654,4,10,150,12,0.3061815145848079
655,4,10,150,12,0.0
656,4,10,150,12,0.0
657,4,10,150,12,0.0
658,4,10,150,12,0.19635793579928928
659,4,10,150,12,0.10783606719138729
660,4,10,150,12,0.0
661,4,10,150,12,0.05306340617755807
662,4,10,150,12,0.0
663,4,10,150,12,0.38217184494690065
664,4,10,150,12,0.36853092531233245
665,4,10,150,12,0.0
666,4,10,150,12,0.4268304224038609
667,4,10,150,12,0.07596161868673496
668,4,10,150,12,0.06194403202282284
669,4,10,150,12,0.06994410797740244
670,4,10,150,12,0.0
671,4,10,150,12,0.06545264526642976
672,4,10,150,12,0.0
673,4,10,150,12,0.0
674,4,10,150,12,0.0
675,4,10,150,12,0.0
676,4,10,150,12,0.16012299992246748
677,4,10,150,12,0.0
678,4,10,150,12,0.0
679,4,10,150,12,0.07596161868673496
680,4,10,150,12,0.0
681,4,10,150,12,0.0
682,4,10,150,12,0.31024022537536683
683,4,10,150,12,0.0
684,4,10,150,12,0.07596161868673496
685,4,10,150,12,0.0
686,4,10,150,12,0.0
687,4,10,150,12,0.0
688,4,10,150,12,0.0
689,4,10,150,12,0.12300751415496051
690,4,10,150,12,0.12902502486429304
691,4,10,150,12,0.0
692,4,10,150,12,0.06994410797740244
693,4,10,150,12,0.0
694,4,10,150,12,0.21362049648008502
695,4,10,150,12,0.0
696,4,10,150,12,0.0
697,4,10,150,12,0.0
698,4,10,150,12,0.0
699,4,10,150,12,0.12388806404564567
700,4,10,150,12,0.06556429791586475
701,4,10,150,12,0.0
702,4,10,150,12,0.0
703,4,10,150,12,0.12388806404564567
704,4,10,150,12,0.1414142639531647
705,4,10,150,12,0.056760172607960534
706,4,10,150,12,0.0
707,4,10,150,12,0.0
708,4,10,150,12,0.056760172607960534
709,4,10,150,12,0.17866072505947486
710,4,10,150,12,0.1379056507095578
711,4,10,150,12,0.0547726610138292
712,4,10,150,12,0.0
713,4,10,150,12,0.0
714,4,10,150,12,0.0
715,4,10,150,12,0.0
716,4,10,150,12,0.1881346534265414
717,4,10,150,12,0.0
718,4,10,150,12,0.0
719,4,10,150,12,0.0547726610138292
720,4,10,150,12,0.0
721,4,10,150,12,0.1350712472489833
722,4,10,150,12,0.06556429791586475
723,4,10,150,12,0.0
724,4,10,150,12,0.0
725,4,10,150,12,0.0
726,4,10,150,12,0.0
727,4,10,150,12,0.20266589927209794
728,4,10,150,12,0.0
729,4,10,150,12,0.0
730,4,10,150,12,0.0
731,4,10,150,12,0.1353967532438322
732,4,10,150,12,0.0
733,4,10,150,12,0.10783606719138729
734,4,10,150,12,0.0
735,4,10,150,12,0.0
736,4,10,150,12,0.0
737,4,10,150,12,0.0
738,4,10,150,12,0.2891585136280259
739,4,10,150,12,0.0
740,4,10,150,12,0.0
741,4,10,150,12,0.0845667599404342
742,4,10,150,12,0.0
743,4,10,150,12,0.0
744,4,10,150,12,0.0
745,4,10,150,12,0.0
746,4,10,150,12,0.2583019678221121
747,4,10,150,12,0.6337260073855779
748,4,10,150,12,0.20601503509103192
749,4,10,150,12,0.12105366058507118
750,4,10,150,12,0.0
751,4,10,150,12,0.056760172607960534
752,4,10,150,12,0.0
753,4,10,150,12,0.12388806404564567
754,4,10,150,12,0.0
755,4,10,150,12,0.0
756,4,10,150,12,0.06545264526642976
757,4,10,150,12,0.0
758,4,10,150,12,0.27231955448602424
759,4,10,150,12,0.0547726610138292
760,4,10,150,12,0.0
761,4,10,150,12,0.0
762,4,10,150,12,0.0
763,4,10,150,12,0.06994410797740244
764,4,10,150,12,0.12388806404564567
765,4,10,150,12,0.10122860821230018
766,4,10,150,12,0.06994410797740244
767,4,10,150,12,0.06994410797740244
768,4,10,150,12,0.0
769,4,10,150,12,0.0
770,4,10,150,12,0.23975786521585457
771,4,10,150,12,0.25546756436153767
772,4,10,150,12,0.0
773,4,10,150,12,0.13763016611799228
774,4,10,150,12,0.0
775,4,10,150,12,0.0
776,4,10,150,12,0.0547726610138292
777,4,10,150,12,0.0
778,4,10,150,12,0.15295162891347386
779,4,10,150,12,0.0
780,4,10,150,12,0.0
781,4,10,150,12,0.0
782,4,10,150,12,0.12902502486429304
783,4,10,150,12,0.0
784,4,10,150,12,0.0
785,4,10,150,12,0.0
786,4,10,150,12,0.0
787,4,10,150,12,0.0
788,4,10,150,12,0.4387620512889228
789,4,10,150,12,0.059109628562248356
790,4,10,150,12,0.0
791,4,10,150,12,0.0
792,4,10,150,12,0.0
793,4,10,150,12,0.0
794,4,10,150,12,0.0
795,4,10,150,12,0.0
796,4,10,150,12,0.45898035550007865
797,4,10,150,12,0.0
798,4,10,150,12,0.12388806404564567
799,4,10,150,12,0.0
800,4,10,150,12,0.0
801,4,10,150,12,0.0
802,4,10,150,12,0.09817896789964464
803,4,10,150,12,0.0
804,4,10,150,12,0.0845667599404342
805,4,10,150,12,0.23580913401763695
806,4,10,150,12,0.5087061592663252
807,4,10,150,12,0.0
808,4,10,150,12,0.0
809,4,10,150,12,0.0
810,4,10,150,12,0.0
811,4,10,150,12,0.0
812,4,10,150,12,0.0
813,4,10,150,12,0.0
814,4,10,150,12,0.0
815,4,10,150,12,0.056760172607960534
816,4,10,150,12,0.0
817,4,10,150,12,0.0
818,4,10,150,12,0.0
819,4,10,150,12,0.0
820,4,10,150,12,0.0
821,4,10,150,12,0.26181058106571903
822,4,10,150,12,0.0
823,4,10,150,12,0.2237058683615962
824,4,10,150,12,0.05306340617755807
825,4,10,150,12,0.07596161868673496
826,4,10,150,12,0.19635793579928928
827,4,10,150,12,0.0
828,4,10,150,12,0.06194403202282284
829,4,10,150,12,0.12022530628025895
830,4,10,150,12,0.1393394209542634
831,4,10,150,12,0.3508688037171259
832,4,10,150,12,0.0
833,4,10,150,12,0.11671669303665204
834,4,10,150,12,0.2663020437766917
835,4,10,150,12,0.0
836,4,10,150,12,0.11851605144398783
837,4,10,150,12,0.0
838,4,10,150,12,0.3209202096279674
839,4,10,150,12,0.06194403202282284
840,4,10,150,12,0.3821900318677578
841,4,10,150,12,0.0
842,4,10,150,12,0.0
843,4,10,150,12,0.0
844,4,10,150,12,0.0
845,4,10,150,12,0.0
846,4,10,150,12,0.40771630772985645
847,4,10,150,12,0.1273966772892526
848,4,10,150,12,0.0
849,4,10,150,12,0.0
850,4,10,150,12,0.255776204045871
851,4,10,150,12,0.059109628562248356
852,4,10,150,12,0.25546756436153767
853,4,10,150,12,0.0
854,4,10,150,12,0.0
855,4,10,150,12,0.0
856,4,10,150,12,0.0
857,4,10,150,12,0.0
858,4,10,150,12,0.0
859,4,10,150,12,0.0
860,4,10,150,12,0.0
861,4,10,150,12,0.0
862,4,10,150,12,0.056760172607960534
863,4,10,150,12,0.0
864,4,10,150,12,0.4529677911396305
865,4,10,150,12,0.0547726610138292
866,4,10,150,12,0.0
867,4,10,150,12,0.1414142639531647
868,4,10,150,12,0.34944552231368575
869,4,10,150,12,0.0
870,4,10,150,12,0.5604261100760068
871,4,10,150,12,0.11851605144398783
872,4,10,150,12,0.0
873,4,10,150,12,0.0
874,4,10,150,12,0.059109628562248356
875,4,10,150,12,0.14132693254839473
876,4,10,150,12,0.08671382849411972
877,4,10,150,12,0.059109628562248356
878,4,10,150,12,0.419099177527612
879,4,10,150,12,0.0
880,4,10,150,12,0.5229118991170331
881,4,10,150,12,0.11851605144398783
882,4,10,150,12,0.24942134197684737
883,4,10,150,12,0.4920136106532764
884,4,10,150,12,0.0845667599404342
885,4,10,150,12,0.059109628562248356
886,4,10,150,12,0.1858320960684685
887,4,10,150,12,0.0845667599404342
888,4,10,150,12,0.06943122193677727
889,4,10,150,12,0.0
890,4,10,150,12,0.0
891,4,10,150,12,0.0
892,4,10,150,12,0.1858320960684685
893,4,10,150,12,0.13763016611799228
894,4,10,150,12,0.19383217202304812
895,4,10,150,12,0.0
896,4,10,150,12,0.684556000688976
897,4,10,150,12,0.3536465322611823
898,4,10,150,12,0.0
899,4,10,150,12,0.07596161868673496
900,4,10,150,12,0.0
901,4,10,150,12,0.28441644267281485
902,4,10,150,12,0.0
903,4,10,150,12,0.3125363766538315
904,4,10,150,12,0.0
905,4,10,150,12,0.0
906,4,10,150,12,0.05306340617755807
907,4,10,150,12,0.07596161868673496
908,4,10,150,12,0.12670428058536298
909,4,10,150,12,0.0
910,4,10,150,12,0.0
911,4,10,150,12,0.0547726610138292
912,4,10,150,12,0.07596161868673496
913,4,10,150,12,0.0
914,4,10,150,12,0.0
915,4,10,150,12,0.0
916,4,10,150,12,0.6188615288552227
917,4,10,150,12,0.0
918,4,10,150,12,0.09817896789964464
919,4,10,150,12,0.1741405865863796
920,4,10,150,12,0.0
921,4,10,150,12,0.15295162891347386
922,4,10,150,12,0.315443999311024
923,4,10,150,12,0.0
924,4,10,150,12,0.0
925,4,10,150,12,0.0
926,4,10,150,12,0.0
927,4,10,150,12,0.0
928,4,10,150,12,0.1482972305701491
929,4,10,150,12,0.1858320960684685
930,4,10,150,12,0.0
931,4,10,150,12,0.0
932,4,10,150,12,0.11153283362178974
933,4,10,150,12,0.06545264526642976
934,4,10,150,12,0.20971180152143437
935,4,10,150,12,0.0
936,4,10,150,12,0.19635793579928928
937,4,10,150,12,0.0
938,4,10,150,12,0.19383217202304812
939,4,10,150,12,0.0
940,4,10,150,12,0.06994410797740244
941,4,10,150,12,0.0
942,4,10,150,12,0.0
943,4,10,150,12,0.23751838885390805
1,4,10,150,13,0.5505591812421098
2,4,10,150,13,0.0
3,4,10,150,13,0.0
4,4,10,150,13,0.0
5,4,10,150,13,0.0
6,4,10,150,13,0.22009176629808017
7,4,10,150,13,0.3045398676346468
8,4,10,150,13,0.0
9,4,10,150,13,0.21840743681816419
10,4,10,150,13,0.0
11,4,10,150,13,0.18672776492534796
12,4,10,150,13,0.0
13,4,10,150,13,0.16192644092769956
14,4,10,150,13,0.0
15,4,10,150,13,0.0
16,4,10,150,13,0.0
17,4,10,150,13,0.0
18,4,10,150,13,0.34660541928704813
19,4,10,150,13,0.0
20,4,10,150,13,0.0
21,4,10,150,13,0.0
22,4,10,150,13,0.0664352832729762
23,4,10,150,13,0.14933868315546478
24,4,10,150,13,0.0
25,4,10,150,13,0.07414861528507455
26,4,10,150,13,0.0
27,4,10,150,13,0.0
28,4,10,150,13,0.0
29,4,10,150,13,0.0
30,4,10,150,13,0.0
31,4,10,150,13,0.0
32,4,10,150,13,0.0
33,4,10,150,13,0.0
35,4,10,150,13,0.0
36,4,10,150,13,0.0
37,4,10,150,13,0.0
38,4,10,150,13,0.0
39,4,10,150,13,0.0
40,4,10,150,13,0.0
41,4,10,150,13,0.0
42,4,10,150,13,0.0
43,4,10,150,13,0.23577172556152498
44,4,10,150,13,0.13088023766855095
45,4,10,150,13,0.0
46,4,10,150,13,0.11284514134893527
47,4,10,150,13,0.0
48,4,10,150,13,0.0
49,4,10,150,13,0.0
50,4,10,150,13,0.0
51,4,10,150,13,0.16812753627111746
52,4,10,150,13,0.0
54,4,10,150,13,0.0
56,4,10,150,13,0.15987765436170018
57,4,10,150,13,0.18686728486108495
58,4,10,150,13,0.23504554941448536
59,4,10,150,13,0.28355360067200325
60,4,10,150,13,0.06362078819895171
61,4,10,150,13,0.0
62,4,10,150,13,0.11621901724532241
63,4,10,150,13,0.0
64,4,10,150,13,0.052086392783128294
65,4,10,150,13,0.13012668333070054
66,4,10,150,13,0.0
67,4,10,150,13,0.0
68,4,10,150,13,0.3391602052736161
69,4,10,150,13,0.0
70,4,10,150,13,0.0
71,4,10,150,13,0.0
72,4,10,150,13,0.0
73,4,10,150,13,0.0
74,4,10,150,13,0.0
75,4,10,150,13,0.0
76,4,10,150,13,0.0
77,4,10,150,13,0.0
78,4,10,150,13,0.0
79,4,10,150,13,0.27487633291429087
80,4,10,150,13,0.0
81,4,10,150,13,0.0
82,4,10,150,13,0.19298623480417013
83,4,10,150,13,0.06556429791586475
84,4,10,150,13,0.0
85,4,10,150,13,0.0
87,4,10,150,13,0.0
89,4,10,150,13,0.16716045496620227
90,4,10,150,13,0.0
91,4,10,150,13,0.0
92,4,10,150,13,0.14545027524580229
93,4,10,150,13,0.0
94,4,10,150,13,0.0
95,4,10,150,13,0.18672776492534796
96,4,10,150,13,0.0
97,4,10,150,13,0.0
98,4,10,150,13,0.0
99,4,10,150,13,0.0
100,4,10,150,13,0.0
101,4,10,150,13,0.0
102,4,10,150,13,0.0
103,4,10,150,13,0.0
104,4,10,150,13,0.0
105,4,10,150,13,0.0
106,4,10,150,13,0.0
107,4,10,150,13,0.0
108,4,10,150,13,0.0
109,4,10,150,13,0.0
110,4,10,150,13,0.0
111,4,10,150,13,0.0
112,4,10,150,13,0.0
113,4,10,150,13,0.0
114,4,10,150,13,0.0
115,4,10,150,13,0.0
116,4,10,150,13,0.0
117,4,10,150,13,0.14606834984270645
118,4,10,150,13,0.0
119,4,10,150,13,0.05890605135464942
120,4,10,150,13,0.0
121,4,10,150,13,0.2147325744928709
122,4,10,150,13,0.08177471774917201
123,4,10,150,13,0.0
125,4,10,150,13,0.0
126,4,10,150,13,0.0
127,4,10,150,13,0.10253313861822189
128,4,10,150,13,0.0
129,4,10,150,13,0.0
130,4,10,150,13,0.18672776492534796
131,4,10,150,13,0.0
133,4,10,150,13,0.0
134,4,10,150,13,0.0
135,4,10,150,13,0.0
137,4,10,150,13,0.0
138,4,10,150,13,0.0
139,4,10,150,13,0.0
141,4,10,150,13,0.0
142,4,10,150,13,0.0
143,4,10,150,13,0.0
144,4,10,150,13,0.13439570003165963
145,4,10,150,13,0.052086392783128294
146,4,10,150,13,0.0
148,4,10,150,13,0.0
149,4,10,150,13,0.0
150,4,10,150,13,0.0
151,4,10,150,13,0.0
152,4,10,150,13,0.0
153,4,10,150,13,0.0
154,4,10,150,13,0.0
155,4,10,150,13,0.0
156,4,10,150,13,0.0
158,4,10,150,13,0.1204902008358993
159,4,10,150,13,0.0
160,4,10,150,13,0.0
161,4,10,150,13,0.0
162,4,10,150,13,0.0
163,4,10,150,13,0.0
164,4,10,150,13,0.0
165,4,10,150,13,0.0
166,4,10,150,13,0.0
167,4,10,150,13,0.0
168,4,10,150,13,0.23504554941448536
169,4,10,150,13,0.0
170,4,10,150,13,0.0
171,4,10,150,13,0.0
172,4,10,150,13,0.0
173,4,10,150,13,0.0
174,4,10,150,13,0.07223616005000244
175,4,10,150,13,0.0
176,4,10,150,13,0.0
177,4,10,150,13,0.06912040963822193
178,4,10,150,13,0.2589639249753504
179,4,10,150,13,0.0
180,4,10,150,13,0.0
181,4,10,150,13,0.0
182,4,10,150,13,0.0
183,4,10,150,13,0.0
184,4,10,150,13,0.049043960636177025
185,4,10,150,13,0.0
186,4,10,150,13,0.15958907712489634
187,4,10,150,13,0.0
188,4,10,150,13,0.0
189,4,10,150,13,0.18672776492534796
190,4,10,150,13,0.10699313236726378
191,4,10,150,13,0.0
192,4,10,150,13,0.0
193,4,10,150,13,0.0
194,4,10,150,13,0.0
195,4,10,150,13,0.0
196,4,10,150,13,0.0
197,4,10,150,13,0.0
198,4,10,150,13,0.0
199,4,10,150,13,0.0
200,4,10,150,13,0.05046096657376444
201,4,10,150,13,0.07223616005000244
203,4,10,150,13,0.0
204,4,10,150,13,0.0
205,4,10,150,13,0.0
206,4,10,150,13,0.0
207,4,10,150,13,0.0
209,4,10,150,13,0.0
210,4,10,150,13,0.0
211,4,10,150,13,0.0
212,4,10,150,13,0.12681701683239352
213,4,10,150,13,0.13955212171688613
214,4,10,150,13,0.0
215,4,10,150,13,0.0
216,4,10,150,13,0.0
217,4,10,150,13,0.0
218,4,10,150,13,0.19092086617893467
219,4,10,150,13,0.0
221,4,10,150,13,0.2797643380184693
222,4,10,150,13,0.15265543114478897
223,4,10,150,13,0.0
224,4,10,150,13,0.0
225,4,10,150,13,0.0
226,4,10,150,13,0.0
227,4,10,150,13,0.0
228,4,10,150,13,0.0
229,4,10,150,13,0.0
230,4,10,150,13,0.0843142342558857
231,4,10,150,13,0.0
232,4,10,150,13,0.3234992853586256
233,4,10,150,13,0.0
234,4,10,150,13,0.0
235,4,10,150,13,0.0
236,4,10,150,13,0.0
237,4,10,150,13,0.0
238,4,10,150,13,0.0
239,4,10,150,13,0.0665137718990262
240,4,10,150,13,0.0
242,4,10,150,13,0.0
243,4,10,150,13,0.05446333035917803
244,4,10,150,13,0.049043960636177025
245,4,10,150,13,0.0
246,4,10,150,13,0.08041927109478651
247,4,10,150,13,0.0
248,4,10,150,13,0.0
249,4,10,150,13,0.05890605135464942
250,4,10,150,13,0.2529427027676571
251,4,10,150,13,0.0
252,4,10,150,13,0.0
253,4,10,150,13,0.0
254,4,10,150,13,0.0
255,4,10,150,13,0.0
256,4,10,150,13,0.11781210270929884
257,4,10,150,13,0.15101961822780524
258,4,10,150,13,0.0
259,4,10,150,13,0.0
260,4,10,150,13,0.0
261,4,10,150,13,0.0
262,4,10,150,13,0.0
263,4,10,150,13,0.0665137718990262
264,4,10,150,13,0.0
265,4,10,150,13,0.10209739512291163
267,4,10,150,13,0.0
268,4,10,150,13,0.07223616005000244
269,4,10,150,13,0.1473403113995471
270,4,10,150,13,0.0
271,4,10,150,13,0.1227244301648486
272,4,10,150,13,0.09109240322345806
273,4,10,150,13,0.0
274,4,10,150,13,0.0
275,4,10,150,13,0.0
276,4,10,150,13,0.2456338162799974
277,4,10,150,13,0.0
279,4,10,150,13,0.13447874835845175
280,4,10,150,13,0.0
281,4,10,150,13,0.0
283,4,10,150,13,0.0
284,4,10,150,13,0.0
285,4,10,150,13,0.0
286,4,10,150,13,0.2704675338540878
287,4,10,150,13,0.0
288,4,10,150,13,0.0
289,4,10,150,13,0.13905617951077562
290,4,10,150,13,0.0
291,4,10,150,13,0.31172299065915476
292,4,10,150,13,0.0
293,4,10,150,13,0.11781210270929884
294,4,10,150,13,0.0
295,4,10,150,13,0.18672776492534796
296,4,10,150,13,0.47774763069170006
297,4,10,150,13,0.05890605135464942
298,4,10,150,13,0.08041927109478651
299,4,10,150,13,0.0
300,4,10,150,13,0.0
301,4,10,150,13,0.05890605135464942
303,4,10,150,13,0.17525654962305257
304,4,10,150,13,0.0
305,4,10,150,13,0.30721796576124727
306,4,10,150,13,0.0
307,4,10,150,13,0.07667481399289292
308,4,10,150,13,0.22451606829427312
309,4,10,150,13,0.0
310,4,10,150,13,0.0
311,4,10,150,13,0.062242588308449316
312,4,10,150,13,0.0665137718990262
313,4,10,150,13,0.12844681831582486
314,4,10,150,13,0.24293842319117037
315,4,10,150,13,0.0
316,4,10,150,13,0.0
317,4,10,150,13,0.0
318,4,10,150,13,0.0
319,4,10,150,13,0.0
320,4,10,150,13,0.0
321,4,10,150,13,0.062242588308449316
322,4,10,150,13,0.17342765698823945
323,4,10,150,13,0.14126697285982898
324,4,10,150,13,0.0
325,4,10,150,13,0.0
326,4,10,150,13,0.0
327,4,10,150,13,0.0
328,4,10,150,13,0.09336388246267398
329,4,10,150,13,0.0
330,4,10,150,13,0.056210658265822395
331,4,10,150,13,0.16958010263680806
332,4,10,150,13,0.0
333,4,10,150,13,0.0
334,4,10,150,13,0.13874993194902863
336,4,10,150,13,0.0
337,4,10,150,13,0.16716045496620227
338,4,10,150,13,0.0
339,4,10,150,13,0.0
340,4,10,150,13,0.0
341,4,10,150,13,0.0
342,4,10,150,13,0.18672776492534796
343,4,10,150,13,0.23577172556152498
344,4,10,150,13,0.24599694728902277
345,4,10,150,13,0.0
346,4,10,150,13,0.15265543114478897
347,4,10,150,13,0.0
348,4,10,150,13,0.0
349,4,10,150,13,0.0
350,4,10,150,13,0.0
351,4,10,150,13,0.0
352,4,10,150,13,0.0
353,4,10,150,13,0.0
354,4,10,150,13,0.0
355,4,10,150,13,0.0
356,4,10,150,13,0.0
357,4,10,150,13,0.0
358,4,10,150,13,0.20438239758848611
359,4,10,150,13,0.0
360,4,10,150,13,0.0
361,4,10,150,13,0.0
362,4,10,150,13,0.0
363,4,10,150,13,0.2878581183446533
364,4,10,150,13,0.0
365,4,10,150,13,0.0
366,4,10,150,13,0.0
367,4,10,150,13,0.0
368,4,10,150,13,0.0
369,4,10,150,13,0.0
370,4,10,150,13,0.09092803061897883
371,4,10,150,13,0.09460634670666435
372,4,10,150,13,0.0
373,4,10,150,13,0.0
374,4,10,150,13,0.049043960636177025
375,4,10,150,13,0.0
376,4,10,150,13,0.0
377,4,10,150,13,0.0
378,4,10,150,13,0.32913560802419894
379,4,10,150,13,0.0
380,4,10,150,13,0.0
381,4,10,150,13,0.0
382,4,10,150,13,0.0
383,4,10,150,13,0.0
384,4,10,150,13,0.0
385,4,10,150,13,0.0
386,4,10,150,13,0.0
387,4,10,150,13,0.16601869910896766
388,4,10,150,13,0.0
389,4,10,150,13,0.11018708720269552
390,4,10,150,13,0.0
391,4,10,150,13,0.12946323173096355
392,4,10,150,13,0.0
393,4,10,150,13,0.0
394,4,10,150,13,0.0665137718990262
395,4,10,150,13,0.0
396,4,10,150,13,0.0
397,4,10,150,13,0.2456338162799974
398,4,10,150,13,0.15265543114478897
399,4,10,150,13,0.0
400,4,10,150,13,0.0
401,4,10,150,13,0.0
402,4,10,150,13,0.0
403,4,10,150,13,0.0
404,4,10,150,13,0.0
405,4,10,150,13,0.11781210270929884
406,4,10,150,13,0.24277579940740243
407,4,10,150,13,0.0665137718990262
408,4,10,150,13,0.0
409,4,10,150,13,0.1082970510489507
410,4,10,150,13,0.0
411,4,10,150,13,0.0
412,4,10,150,13,0.0
413,4,10,150,13,0.0
414,4,10,150,13,0.0
415,4,10,150,13,0.0
416,4,10,150,13,0.18672776492534796
417,4,10,150,13,0.10113035341930532
418,4,10,150,13,0.0
419,4,10,150,13,0.1208113026994942
420,4,10,150,13,0.0
421,4,10,150,13,0.0
422,4,10,150,13,0.0
423,4,10,150,13,0.0
424,4,10,150,13,0.23504554941448536
425,4,10,150,13,0.28009164738802195
426,4,10,150,13,0.0
427,4,10,150,13,0.0
428,4,10,150,13,0.0
429,4,10,150,13,0.3634459189892962
430,4,10,150,13,0.0
431,4,10,150,13,0.0
432,4,10,150,13,0.0
433,4,10,150,13,0.0
434,4,10,150,13,0.15130120674940672
435,4,10,150,13,0.21385408329857328
436,4,10,150,13,0.0
437,4,10,150,13,0.0
438,4,10,150,13,0.0
439,4,10,150,13,0.0
440,4,10,150,13,0.0
441,4,10,150,13,0.0
442,4,10,150,13,0.05890605135464942
443,4,10,150,13,0.0
444,4,10,150,13,0.0
445,4,10,150,13,0.0
446,4,10,150,13,0.0
447,4,10,150,13,0.2589639249753504
448,4,10,150,13,0.0
449,4,10,150,13,0.09478836436955078
450,4,10,150,13,0.263903521820074
451,4,10,150,13,0.0
452,4,10,150,13,0.16174751551839078
453,4,10,150,13,0.0
454,4,10,150,13,0.0
455,4,10,150,13,0.11781210270929884
456,4,10,150,13,0.0
457,4,10,150,13,0.3233576942859569
458,4,10,150,13,0.0
459,4,10,150,13,0.0
460,4,10,150,13,0.0
461,4,10,150,13,0.0
462,4,10,150,13,0.0
463,4,10,150,13,0.18672776492534796
464,4,10,150,13,0.0
465,4,10,150,13,0.0
466,4,10,150,13,0.0
467,4,10,150,13,0.0
468,4,10,150,13,0.0
469,4,10,150,13,0.0
470,4,10,150,13,0.0
471,4,10,150,13,0.0
472,4,10,150,13,0.049043960636177025
473,4,10,150,13,0.0
474,4,10,150,13,0.062242588308449316
475,4,10,150,13,0.0
476,4,10,150,13,0.0
477,4,10,150,13,0.0
478,4,10,150,13,0.2345109835167376
479,4,10,150,13,0.10667162483958684
480,4,10,150,13,0.0
481,4,10,150,13,0.0
482,4,10,150,13,0.0
483,4,10,150,13,0.0
484,4,10,150,13,0.15265543114478897
485,4,10,150,13,0.0
486,4,10,150,13,0.0
487,4,10,150,13,0.10113035341930532
488,4,10,150,13,0.0
489,4,10,150,13,0.0
490,4,10,150,13,0.0
491,4,10,150,13,0.06362078819895171
492,4,10,150,13,0.0
493,4,10,150,13,0.0
494,4,10,150,13,0.0
495,4,10,150,13,0.0
496,4,10,150,13,0.0
497,4,10,150,13,0.11845324657427171
498,4,10,150,13,0.0
499,4,10,150,13,0.0
500,4,10,150,13,0.2009094719306858
501,4,10,150,13,0.0
502,4,10,150,13,0.0
503,4,10,150,13,0.0
504,4,10,150,13,0.0
505,4,10,150,13,0.11781210270929884
506,4,10,150,13,0.05890605135464942
507,4,10,150,13,0.0
508,4,10,150,13,0.0
509,4,10,150,13,0.0
510,4,10,150,13,0.0
511,4,10,150,13,0.0
512,4,10,150,13,0.0
513,4,10,150,13,0.0
514,4,10,150,13,0.3927256096860647
515,4,10,150,13,0.11706259313796354
516,4,10,150,13,0.0
517,4,10,150,13,0.0
518,4,10,150,13,0.0
519,4,10,150,13,0.0
520,4,10,150,13,0.0
521,4,10,150,13,0.14957454072849638
522,4,10,150,13,0.0
523,4,10,150,13,0.0
524,4,10,150,13,0.24293842319117037
525,4,10,150,13,0.0
526,4,10,150,13,0.0
527,4,10,150,13,0.0
528,4,10,150,13,0.10209739512291163
529,4,10,150,13,0.0
530,4,10,150,13,0.0
531,4,10,150,13,0.0
532,4,10,150,13,0.45680980145197025
533,4,10,150,13,0.17939625219054875
534,4,10,150,13,0.05890605135464942
535,4,10,150,13,0.05890605135464942
536,4,10,150,13,0.11781210270929884
537,4,10,150,13,0.27926551342084105
538,4,10,150,13,0.10302038957305013
539,4,10,150,13,0.0
540,4,10,150,13,0.0
541,4,10,150,13,0.0
542,4,10,150,13,0.0665137718990262
543,4,10,150,13,0.0
544,4,10,150,13,0.0
545,4,10,150,13,0.0
546,4,10,150,13,0.0
547,4,10,150,13,0.0
548,4,10,150,13,0.0
549,4,10,150,13,0.0
550,4,10,150,13,0.0
551,4,10,150,13,0.0
552,4,10,150,13,0.05046096657376444
553,4,10,150,13,0.056210658265822395
554,4,10,150,13,0.18672776492534796
555,4,10,150,13,0.0
556,4,10,150,13,0.0
557,4,10,150,13,0.0
558,4,10,150,13,0.0
559,4,10,150,13,0.0
560,4,10,150,13,0.0
561,4,10,150,13,0.062242588308449316
562,4,10,150,13,0.0
563,4,10,150,13,0.0
564,4,10,150,13,0.0
565,4,10,150,13,0.0
566,4,10,150,13,0.0665137718990262
567,4,10,150,13,0.056210658265822395
568,4,10,150,13,0.049043960636177025
569,4,10,150,13,0.18299769260789403
570,4,10,150,13,0.0
571,4,10,150,13,0.0
572,4,10,150,13,0.16812753627111746
573,4,10,150,13,0.0
574,4,10,150,13,0.0
575,4,10,150,13,0.0
576,4,10,150,13,0.0
577,4,10,150,13,0.2326892049121099
578,4,10,150,13,0.0
579,4,10,150,13,0.0
580,4,10,150,13,0.05890605135464942
581,4,10,150,13,0.0
582,4,10,150,13,0.0
583,4,10,150,13,0.0
584,4,10,150,13,0.0
585,4,10,150,13,0.0
586,4,10,150,13,0.11781210270929884
587,4,10,150,13,0.0
588,4,10,150,13,0.18672776492534796
589,4,10,150,13,0.0
590,4,10,150,13,0.0
591,4,10,150,13,0.0
592,4,10,150,13,0.5344265812614277
593,4,10,150,13,0.0
594,4,10,150,13,0.0
595,4,10,150,13,0.062242588308449316
596,4,10,150,13,0.0
597,4,10,150,13,0.22009176629808017
598,4,10,150,13,0.0
599,4,10,150,13,0.0
600,4,10,150,13,0.0
601,4,10,150,13,0.0
602,4,10,150,13,0.0
603,4,10,150,13,0.0
604,4,10,150,13,0.0
605,4,10,150,13,0.3045398676346468
606,4,10,150,13,0.15265543114478897
607,4,10,150,13,0.0
608,4,10,150,13,0.0
609,4,10,150,13,0.0
610,4,10,150,13,0.18672776492534796
611,4,10,150,13,0.0
612,4,10,150,13,0.0
613,4,10,150,13,0.0
614,4,10,150,13,0.0
615,4,10,150,13,0.0
616,4,10,150,13,0.0
617,4,10,150,13,0.0
618,4,10,150,13,0.2903886963283264
619,4,10,150,13,0.0
620,4,10,150,13,0.0
621,4,10,150,13,0.11860016468215448
622,4,10,150,13,0.20099252025747794
623,4,10,150,13,0.0
624,4,10,150,13,0.0
625,4,10,150,13,0.0
626,4,10,150,13,0.0
627,4,10,150,13,0.08041927109478651
628,4,10,150,13,0.0
629,4,10,150,13,0.05890605135464942
630,4,10,150,13,0.23577172556152498
631,4,10,150,13,0.0
632,4,10,150,13,0.12114863966309874
633,4,10,150,13,0.07414861528507455
634,4,10,150,13,0.0
635,4,10,150,13,0.0
636,4,10,150,13,0.0
637,4,10,150,13,0.0
638,4,10,150,13,0.05397642893687311
639,4,10,150,13,0.0
640,4,10,150,13,0.05397642893687311
641,4,10,150,13,0.08041927109478651
642,4,10,150,13,0.05890605135464942
643,4,10,150,13,0.17336651346930776
644,4,10,150,13,0.0
645,4,10,150,13,0.2221202426701495
646,4,10,150,13,0.0
647,4,10,150,13,0.0
648,4,10,150,13,0.1556064707711233
649,4,10,150,13,0.11004588314904008
650,4,10,150,13,0.13088023766855095
651,4,10,150,13,0.0
652,4,10,150,13,0.0
653,4,10,150,13,0.2673866434377952
654,4,10,150,13,0.34020912107216256
655,4,10,150,13,0.0
656,4,10,150,13,0.0
657,4,10,150,13,0.0
658,4,10,150,13,0.18672776492534796
659,4,10,150,13,0.10254735935689274
660,4,10,150,13,0.0
661,4,10,150,13,0.05046096657376444
662,4,10,150,13,0.0
663,4,10,150,13,0.36342862402706966
664,4,10,150,13,0.3995006697542775
665,4,10,150,13,0.0
666,4,10,150,13,0.40589696796916314
667,4,10,150,13,0.12128012068617947
668,4,10,150,13,0.06194403202282284
669,4,10,150,13,0.0665137718990262
670,4,10,150,13,0.0
671,4,10,150,13,0.11128654894462633
672,4,10,150,13,0.0
673,4,10,150,13,0.0
674,4,10,150,13,0.0
675,4,10,150,13,0.0
676,4,10,150,13,0.1522699338173234
677,4,10,150,13,0.0
678,4,10,150,13,0.0
679,4,10,150,13,0.07223616005000244
680,4,10,150,13,0.0
681,4,10,150,13,0.0
682,4,10,150,13,0.29502481597429864
683,4,10,150,13,0.0
684,4,10,150,13,0.07223616005000244
685,4,10,150,13,0.0
686,4,10,150,13,0.0
687,4,10,150,13,0.0
688,4,10,150,13,0.0
689,4,10,150,13,0.11697473847279065
690,4,10,150,13,0.12269712662376689
691,4,10,150,13,0.0
692,4,10,150,13,0.0665137718990262
693,4,10,150,13,0.0
694,4,10,150,13,0.20314370125963513
695,4,10,150,13,0.0
696,4,10,150,13,0.0
697,4,10,150,13,0.0
698,4,10,150,13,0.049043960636177025
699,4,10,150,13,0.11781210270929884
700,4,10,150,13,0.12729890218214104
701,4,10,150,13,0.0
702,4,10,150,13,0.0
703,4,10,150,13,0.11781210270929884
704,4,10,150,13,0.13447874835845175
705,4,10,150,13,0.05397642893687311
706,4,10,150,13,0.0
707,4,10,150,13,0.0
708,4,10,150,13,0.05397642893687311
709,4,10,150,13,0.16989849549242714
710,4,10,150,13,0.13114221140465185
711,4,10,150,13,0.052086392783128294
712,4,10,150,13,0.0
713,4,10,150,13,0.0
714,4,10,150,13,0.0
715,4,10,150,13,0.0
716,4,10,150,13,0.22795174552576633
717,4,10,150,13,0.0
718,4,10,150,13,0.0
719,4,10,150,13,0.10113035341930532
720,4,10,150,13,0.0
721,4,10,150,13,0.17749077895200188
722,4,10,150,13,0.06556429791586475
723,4,10,150,13,0.0
724,4,10,150,13,0.0
725,4,10,150,13,0.0
726,4,10,150,13,0.0
727,4,10,150,13,0.24177032152207875
728,4,10,150,13,0.051573320538546435
729,4,10,150,13,0.0
730,4,10,150,13,0.0
731,4,10,150,13,0.12875636020747552
732,4,10,150,13,0.0
733,4,10,150,13,0.15159131999306977
734,4,10,150,13,0.0
735,4,10,150,13,0.0
736,4,10,150,13,0.0
737,4,10,150,13,0.0
738,4,10,150,13,0.27497703486803754
739,4,10,150,13,0.0
740,4,10,150,13,0.0
741,4,10,150,13,0.08041927109478651
742,4,10,150,13,0.0
743,4,10,150,13,0.0
744,4,10,150,13,0.0
745,4,10,150,13,0.0
746,4,10,150,13,0.2456338162799974
747,4,10,150,13,0.602645574025238
748,4,10,150,13,0.19591124181956673
749,4,10,150,13,0.11511670962047181
750,4,10,150,13,0.0
751,4,10,150,13,0.05397642893687311
752,4,10,150,13,0.0
753,4,10,150,13,0.11781210270929884
754,4,10,150,13,0.0
755,4,10,150,13,0.0
756,4,10,150,13,0.062242588308449316
757,4,10,150,13,0.0
758,4,10,150,13,0.2589639249753504
759,4,10,150,13,0.052086392783128294
760,4,10,150,13,0.0
761,4,10,150,13,0.0
762,4,10,150,13,0.0
763,4,10,150,13,0.0665137718990262
764,4,10,150,13,0.11781210270929884
765,4,10,150,13,0.10122860821230018
766,4,10,150,13,0.0665137718990262
767,4,10,150,13,0.06994410797740244
768,4,10,150,13,0.0
769,4,10,150,13,0.0
770,4,10,150,13,0.22799918991199436
771,4,10,150,13,0.24293842319117037
772,4,10,150,13,0.0
773,4,10,150,13,0.13088023766855095
774,4,10,150,13,0.0
775,4,10,150,13,0.0
776,4,10,150,13,0.052086392783128294
777,4,10,150,13,0.0
778,4,10,150,13,0.14545027524580229
779,4,10,150,13,0.0
780,4,10,150,13,0.0
781,4,10,150,13,0.0
782,4,10,150,13,0.12269712662376689
783,4,10,150,13,0.0
784,4,10,150,13,0.0
785,4,10,150,13,0.0
786,4,10,150,13,0.0
787,4,10,150,13,0.0
788,4,10,150,13,0.46628738315303764
789,4,10,150,13,0.056210658265822395
790,4,10,150,13,0.0
791,4,10,150,13,0.0
792,4,10,150,13,0.049043960636177025
793,4,10,150,13,0.0
794,4,10,150,13,0.0
795,4,10,150,13,0.0
796,4,10,150,13,0.43647014101215426
797,4,10,150,13,0.0
798,4,10,150,13,0.11781210270929884
799,4,10,150,13,0.0
800,4,10,150,13,0.0
801,4,10,150,13,0.0
802,4,10,150,13,0.09336388246267398
803,4,10,150,13,0.0
804,4,10,150,13,0.08041927109478651
805,4,10,150,13,0.22424412013122494
806,4,10,150,13,0.48375719441588677
807,4,10,150,13,0.049043960636177025
808,4,10,150,13,0.0
809,4,10,150,13,0.0
810,4,10,150,13,0.0
811,4,10,150,13,0.0
812,4,10,150,13,0.0
813,4,10,150,13,0.0
814,4,10,150,13,0.0
815,4,10,150,13,0.10302038957305013
816,4,10,150,13,0.0
817,4,10,150,13,0.0
818,4,10,150,13,0.0
819,4,10,150,13,0.0
820,4,10,150,13,0.0
821,4,10,150,13,0.24897035323379726
822,4,10,150,13,0.0
823,4,10,150,13,0.21273444655958826
824,4,10,150,13,0.05046096657376444
825,4,10,150,13,0.07223616005000244
826,4,10,150,13,0.18672776492534796
827,4,10,150,13,0.0
828,4,10,150,13,0.05890605135464942
829,4,10,150,13,0.1143289810915776
830,4,10,150,13,0.18154962451409185
831,4,10,150,13,0.3336608079191607
832,4,10,150,13,0.0
833,4,10,150,13,0.11099244413777772
834,4,10,150,13,0.25324153682437417
835,4,10,150,13,0.0
836,4,10,150,13,0.11270355488221376
837,4,10,150,13,0.0
838,4,10,150,13,0.3051810114996197
839,4,10,150,13,0.05890605135464942
840,4,10,150,13,0.3634459189892962
841,4,10,150,13,0.0
842,4,10,150,13,0.0
843,4,10,150,13,0.0
844,4,10,150,13,0.0
845,4,10,150,13,0.0
846,4,10,150,13,0.3877202851828259
847,4,10,150,13,0.12114863966309874
848,4,10,150,13,0.0
849,4,10,150,13,0.0
850,4,10,150,13,0.24323192596297447
851,4,10,150,13,0.056210658265822395
852,4,10,150,13,0.24293842319117037
853,4,10,150,13,0.0
854,4,10,150,13,0.0
855,4,10,150,13,0.0
856,4,10,150,13,0.0
857,4,10,150,13,0.0
858,4,10,150,13,0.0
859,4,10,150,13,0.0
860,4,10,150,13,0.0
861,4,10,150,13,0.0
862,4,10,150,13,0.05397642893687311
863,4,10,150,13,0.0
864,4,10,150,13,0.4797964172576994
865,4,10,150,13,0.052086392783128294
866,4,10,150,13,0.0
867,4,10,150,13,0.13447874835845175
868,4,10,150,13,0.332307329872845
869,4,10,150,13,0.0
870,4,10,150,13,0.5819845546301304
871,4,10,150,13,0.11270355488221376
872,4,10,150,13,0.0
873,4,10,150,13,0.0
874,4,10,150,13,0.056210658265822395
875,4,10,150,13,0.13439570003165963
876,4,10,150,13,0.08671382849411972
877,4,10,150,13,0.056210658265822395
878,4,10,150,13,0.3985448939622936
879,4,10,150,13,0.0
880,4,10,150,13,0.49726622852054864
881,4,10,150,13,0.11270355488221376
882,4,10,150,13,0.2371887314991124
883,4,10,150,13,0.5169272751361109
884,4,10,150,13,0.08041927109478651
885,4,10,150,13,0.056210658265822395
886,4,10,150,13,0.17671815406394825
887,4,10,150,13,0.08041927109478651
888,4,10,150,13,0.06943122193677727
889,4,10,150,13,0.0
890,4,10,150,13,0.0
891,4,10,150,13,0.0
892,4,10,150,13,0.2257621147001253
893,4,10,150,13,0.13088023766855095
894,4,10,150,13,0.23336983524450206
895,4,10,150,13,0.0
896,4,10,150,13,0.6509826631379271
897,4,10,150,13,0.33630230565384434
898,4,10,150,13,0.0
899,4,10,150,13,0.07223616005000244
900,4,10,150,13,0.0
901,4,10,150,13,0.2704675338540878
902,4,10,150,13,0.0
903,4,10,150,13,0.2972083548998476
904,4,10,150,13,0.0
905,4,10,150,13,0.0
906,4,10,150,13,0.05046096657376444
907,4,10,150,13,0.07223616005000244
908,4,10,150,13,0.1204902008358993
909,4,10,150,13,0.0
910,4,10,150,13,0.0
911,4,10,150,13,0.052086392783128294
912,4,10,150,13,0.07223616005000244
913,4,10,150,13,0.0
914,4,10,150,13,0.0
915,4,10,150,13,0.0
916,4,10,150,13,0.5885101083948028
917,4,10,150,13,0.0
918,4,10,150,13,0.09336388246267398
919,4,10,150,13,0.16560004251267643
920,4,10,150,13,0.0
921,4,10,150,13,0.19449423588197928
922,4,10,150,13,0.29997337622589587
923,4,10,150,13,0.0
924,4,10,150,13,0.0
925,4,10,150,13,0.0
926,4,10,150,13,0.0
927,4,10,150,13,0.0
928,4,10,150,13,0.1482972305701491
929,4,10,150,13,0.17671815406394825
930,4,10,150,13,0.0
931,4,10,150,13,0.0
932,4,10,150,13,0.1060628217200014
933,4,10,150,13,0.062242588308449316
934,4,10,150,13,0.19942670418267539
935,4,10,150,13,0.0
936,4,10,150,13,0.18672776492534796
937,4,10,150,13,0.0
938,4,10,150,13,0.18432587460832503
939,4,10,150,13,0.0
940,4,10,150,13,0.0665137718990262
941,4,10,150,13,0.0
942,4,10,150,13,0.0
943,4,10,150,13,0.22586954634058878
1,4,10,150,14,0.5254457787902355
2,4,10,150,14,0.0
3,4,10,150,14,0.0
4,4,10,150,14,0.0
5,4,10,150,14,0.0
6,4,10,150,14,0.22009176629808017
7,4,10,150,14,0.2906484777184987
8,4,10,150,14,0.0
9,4,10,150,14,0.21840743681816419
10,4,10,150,14,0.0
11,4,10,150,14,0.17821029819465137
12,4,10,150,14,0.0
13,4,10,150,14,0.15454027061728437
14,4,10,150,14,0.0
15,4,10,150,14,0.0
16,4,10,150,14,0.0
17,4,10,150,14,0.0
18,4,10,150,14,0.3307952363255756
19,4,10,150,14,0.0
20,4,10,150,14,0.0
21,4,10,150,14,0.0
22,4,10,150,14,0.0664352832729762
23,4,10,150,14,0.14933868315546478
24,4,10,150,14,0.0
25,4,10,150,14,0.07414861528507455
26,4,10,150,14,0.0
27,4,10,150,14,0.0
28,4,10,150,14,0.0
29,4,10,150,14,0.0
30,4,10,150,14,0.0
31,4,10,150,14,0.0
32,4,10,150,14,0.0
33,4,10,150,14,0.0
35,4,10,150,14,0.0
36,4,10,150,14,0.0
37,4,10,150,14,0.0
38,4,10,150,14,0.0
39,4,10,150,14,0.0
40,4,10,150,14,0.0
41,4,10,150,14,0.0
42,4,10,150,14,0.0
43,4,10,150,14,0.22501715015431617
44,4,10,150,14,0.12491021992377035
45,4,10,150,14,0.0
46,4,10,150,14,0.11284514134893527
47,4,10,150,14,0.0
48,4,10,150,14,0.0
49,4,10,150,14,0.0
50,4,10,150,14,0.0
51,4,10,150,14,0.16812753627111746
52,4,10,150,14,0.0
54,4,10,150,14,0.0
56,4,10,150,14,0.15987765436170018
57,4,10,150,14,0.18686728486108495
58,4,10,150,14,0.23504554941448536
59,4,10,150,14,0.27061948580666134
60,4,10,150,14,0.06362078819895171
61,4,10,150,14,0.0
62,4,10,150,14,0.11091776162724634
63,4,10,150,14,0.0
64,4,10,150,14,0.049710505523782283
65,4,10,150,14,0.13012668333070054
66,4,10,150,14,0.0
67,4,10,150,14,0.0
68,4,10,150,14,0.3391602052736161
69,4,10,150,14,0.0
70,4,10,150,14,0.0
71,4,10,150,14,0.0
72,4,10,150,14,0.0
73,4,10,150,14,0.0
74,4,10,150,14,0.0
75,4,10,150,14,0.0
76,4,10,150,14,0.0
77,4,10,150,14,0.0
78,4,10,150,14,0.0
79,4,10,150,14,0.27487633291429087
80,4,10,150,14,0.0
81,4,10,150,14,0.0
82,4,10,150,14,0.19298623480417013
83,4,10,150,14,0.06556429791586475
84,4,10,150,14,0.0
85,4,10,150,14,0.0
87,4,10,150,14,0.0
89,4,10,150,14,0.16716045496620227
90,4,10,150,14,0.0
91,4,10,150,14,0.0
92,4,10,150,14,0.13881565462110795
93,4,10,150,14,0.0
94,4,10,150,14,0.0
95,4,10,150,14,0.17821029819465137
96,4,10,150,14,0.0
97,4,10,150,14,0.0
98,4,10,150,14,0.0
99,4,10,150,14,0.0
100,4,10,150,14,0.0
101,4,10,150,14,0.0
102,4,10,150,14,0.0
103,4,10,150,14,0.0
104,4,10,150,14,0.0
105,4,10,150,14,0.0
106,4,10,150,14,0.0
107,4,10,150,14,0.0
108,4,10,150,14,0.0
109,4,10,150,14,0.0
110,4,10,150,14,0.0
111,4,10,150,14,0.0
112,4,10,150,14,0.0
113,4,10,150,14,0.0
114,4,10,150,14,0.0
115,4,10,150,14,0.0
116,4,10,150,14,0.0
117,4,10,150,14,0.14606834984270645
118,4,10,150,14,0.0
119,4,10,150,14,0.05621908976192367
120,4,10,150,14,0.0
121,4,10,150,14,0.2147325744928709
122,4,10,150,14,0.08177471774917201
123,4,10,150,14,0.0
125,4,10,150,14,0.0
126,4,10,150,14,0.0
127,4,10,150,14,0.10253313861822189
128,4,10,150,14,0.0
129,4,10,150,14,0.0
130,4,10,150,14,0.17821029819465137
131,4,10,150,14,0.0
133,4,10,150,14,0.0
134,4,10,150,14,0.0
135,4,10,150,14,0.0
137,4,10,150,14,0.0
138,4,10,150,14,0.0
139,4,10,150,14,0.0
141,4,10,150,14,0.0
142,4,10,150,14,0.0
143,4,10,150,14,0.0
144,4,10,150,14,0.12826532673540136
145,4,10,150,14,0.049710505523782283
146,4,10,150,14,0.0
148,4,10,150,14,0.0
149,4,10,150,14,0.0
150,4,10,150,14,0.0
151,4,10,150,14,0.0
152,4,10,150,14,0.0
153,4,10,150,14,0.0
154,4,10,150,14,0.0
155,4,10,150,14,0.0
156,4,10,150,14,0.0
158,4,10,150,14,0.1149941179292945
159,4,10,150,14,0.0
160,4,10,150,14,0.0
161,4,10,150,14,0.0
162,4,10,150,14,0.0
163,4,10,150,14,0.0
164,4,10,150,14,0.0
165,4,10,150,14,0.0
166,4,10,150,14,0.0
167,4,10,150,14,0.0
168,4,10,150,14,0.23504554941448536
169,4,10,150,14,0.0
170,4,10,150,14,0.0
171,4,10,150,14,0.0
172,4,10,150,14,0.0
173,4,10,150,14,0.0
174,4,10,150,14,0.06894115413470564
175,4,10,150,14,0.0
176,4,10,150,14,0.0
177,4,10,150,14,0.06912040963822193
178,4,10,150,14,0.247151452329357
179,4,10,150,14,0.0
180,4,10,150,14,0.0
181,4,10,150,14,0.0
182,4,10,150,14,0.0
183,4,10,150,14,0.0
184,4,10,150,14,0.09242120788633598
185,4,10,150,14,0.07745351606183934
186,4,10,150,14,0.15958907712489634
187,4,10,150,14,0.0
188,4,10,150,14,0.0
189,4,10,150,14,0.17821029819465137
190,4,10,150,14,0.10699313236726378
191,4,10,150,14,0.0
192,4,10,150,14,0.0
193,4,10,150,14,0.0
194,4,10,150,14,0.0
195,4,10,150,14,0.0
196,4,10,150,14,0.0
197,4,10,150,14,0.0
198,4,10,150,14,0.0
199,4,10,150,14,0.0
200,4,10,150,14,0.048159222084064895
201,4,10,150,14,0.06894115413470564
203,4,10,150,14,0.0
204,4,10,150,14,0.0
205,4,10,150,14,0.0
206,4,10,150,14,0.0
207,4,10,150,14,0.0
209,4,10,150,14,0.0
210,4,10,150,14,0.0
211,4,10,150,14,0.0
212,4,10,150,14,0.12681701683239352
213,4,10,150,14,0.13955212171688613
214,4,10,150,14,0.0
215,4,10,150,14,0.0
216,4,10,150,14,0.0
217,4,10,150,14,0.0
218,4,10,150,14,0.19092086617893467
219,4,10,150,14,0.0
221,4,10,150,14,0.2797643380184693
222,4,10,150,14,0.14569215197441113
223,4,10,150,14,0.0
224,4,10,150,14,0.0
225,4,10,150,14,0.0
226,4,10,150,14,0.0
227,4,10,150,14,0.0
228,4,10,150,14,0.0
229,4,10,150,14,0.0
230,4,10,150,14,0.0843142342558857
231,4,10,150,14,0.0
232,4,10,150,14,0.3234992853586256
233,4,10,150,14,0.0
234,4,10,150,14,0.0
235,4,10,150,14,0.0
236,4,10,150,14,0.0
237,4,10,150,14,0.0
238,4,10,150,14,0.0
239,4,10,150,14,0.0634797890335986
240,4,10,150,14,0.0
242,4,10,150,14,0.0
243,4,10,150,14,0.05446333035917803
244,4,10,150,14,0.049043960636177025
245,4,10,150,14,0.0
246,4,10,150,14,0.08041927109478651
247,4,10,150,14,0.0
248,4,10,150,14,0.0
249,4,10,150,14,0.05621908976192367
250,4,10,150,14,0.2529427027676571
251,4,10,150,14,0.0
252,4,10,150,14,0.0
253,4,10,150,14,0.0
254,4,10,150,14,0.0
255,4,10,150,14,0.0
256,4,10,150,14,0.15805253545051853
257,4,10,150,14,0.15101961822780524
258,4,10,150,14,0.0
259,4,10,150,14,0.0
260,4,10,150,14,0.0
261,4,10,150,14,0.0
262,4,10,150,14,0.0
263,4,10,150,14,0.0634797890335986
264,4,10,150,14,0.0
265,4,10,150,14,0.10209739512291163
267,4,10,150,14,0.0
268,4,10,150,14,0.06894115413470564
269,4,10,150,14,0.14061947799302157
270,4,10,150,14,0.0
271,4,10,150,14,0.1171264343264113
272,4,10,150,14,0.09109240322345806
273,4,10,150,14,0.0
274,4,10,150,14,0.0
275,4,10,150,14,0.0
276,4,10,150,14,0.23442938795657506
277,4,10,150,14,0.0
279,4,10,150,14,0.12834458686625608
280,4,10,150,14,0.0
281,4,10,150,14,0.0
283,4,10,150,14,0.0
284,4,10,150,14,0.0
285,4,10,150,14,0.0
286,4,10,150,14,0.2581303314982585
287,4,10,150,14,0.0
288,4,10,150,14,0.0
289,4,10,150,14,0.13905617951077562
290,4,10,150,14,0.0
291,4,10,150,14,0.2975039472127017
292,4,10,150,14,0.0
293,4,10,150,14,0.11243817952384734
294,4,10,150,14,0.0
295,4,10,150,14,0.17821029819465137
296,4,10,150,14,0.47774763069170006
297,4,10,150,14,0.05621908976192367
298,4,10,150,14,0.07675099783970546
299,4,10,150,14,0.0
300,4,10,150,14,0.0
301,4,10,150,14,0.05621908976192367
303,4,10,150,14,0.16726233499006635
304,4,10,150,14,0.0
305,4,10,150,14,0.2932044161239459
306,4,10,150,14,0.0
307,4,10,150,14,0.07667481399289292
308,4,10,150,14,0.21427491244384134
309,4,10,150,14,0.0
310,4,10,150,14,0.0
311,4,10,150,14,0.05940343273155045
312,4,10,150,14,0.0634797890335986
313,4,10,150,14,0.12258779942751835
314,4,10,150,14,0.23185694348746405
315,4,10,150,14,0.0
316,4,10,150,14,0.0
317,4,10,150,14,0.0
318,4,10,150,14,0.05633425377856011
319,4,10,150,14,0.0
320,4,10,150,14,0.0
321,4,10,150,14,0.062242588308449316
322,4,10,150,14,0.17342765698823945
323,4,10,150,14,0.14126697285982898
324,4,10,150,14,0.0
325,4,10,150,14,0.0
326,4,10,150,14,0.04561435592667119
327,4,10,150,14,0.0
328,4,10,150,14,0.08910514909732568
329,4,10,150,14,0.0
330,4,10,150,14,0.0536466452928127
331,4,10,150,14,0.16958010263680806
332,4,10,150,14,0.0
333,4,10,150,14,0.0
334,4,10,150,14,0.13242094316830424
336,4,10,150,14,0.0
337,4,10,150,14,0.16716045496620227
338,4,10,150,14,0.0
339,4,10,150,14,0.0
340,4,10,150,14,0.0
341,4,10,150,14,0.0
342,4,10,150,14,0.22382465412132255
343,4,10,150,14,0.22501715015431617
344,4,10,150,14,0.23477595497850673
345,4,10,150,14,0.0
346,4,10,150,14,0.14569215197441113
347,4,10,150,14,0.0
348,4,10,150,14,0.0
349,4,10,150,14,0.0
350,4,10,150,14,0.0
351,4,10,150,14,0.0
352,4,10,150,14,0.0
353,4,10,150,14,0.0
354,4,10,150,14,0.0
355,4,10,150,14,0.0
356,4,10,150,14,0.0
357,4,10,150,14,0.0
358,4,10,150,14,0.20438239758848611
359,4,10,150,14,0.0
360,4,10,150,14,0.0
361,4,10,150,14,0.0
362,4,10,150,14,0.0
363,4,10,150,14,0.2747276556780984
364,4,10,150,14,0.0
365,4,10,150,14,0.0
366,4,10,150,14,0.0
367,4,10,150,14,0.0
368,4,10,150,14,0.0
369,4,10,150,14,0.0
370,4,10,150,14,0.09092803061897883
371,4,10,150,14,0.09460634670666435
372,4,10,150,14,0.0
373,4,10,150,14,0.0
374,4,10,150,14,0.09242120788633598
375,4,10,150,14,0.0
376,4,10,150,14,0.0
377,4,10,150,14,0.0
378,4,10,150,14,0.3141222992516418
379,4,10,150,14,0.0
380,4,10,150,14,0.0
381,4,10,150,14,0.0
382,4,10,150,14,0.0
383,4,10,150,14,0.0
384,4,10,150,14,0.0
385,4,10,150,14,0.0
386,4,10,150,14,0.0
387,4,10,150,14,0.1584458630773283
388,4,10,150,14,0.0
389,4,10,150,14,0.1051609741885086
390,4,10,150,14,0.0
391,4,10,150,14,0.16917220572604144
392,4,10,150,14,0.0
393,4,10,150,14,0.0
394,4,10,150,14,0.0634797890335986
395,4,10,150,14,0.0
396,4,10,150,14,0.0
397,4,10,150,14,0.2800437438832462
398,4,10,150,14,0.14569215197441113
399,4,10,150,14,0.0
400,4,10,150,14,0.0
401,4,10,150,14,0.0
402,4,10,150,14,0.0
403,4,10,150,14,0.0
404,4,10,150,14,0.0
405,4,10,150,14,0.11243817952384734
406,4,10,150,14,0.23170173768285107
407,4,10,150,14,0.0634797890335986
408,4,10,150,14,0.0
409,4,10,150,14,0.10335715081659498
410,4,10,150,14,0.0
411,4,10,150,14,0.0
412,4,10,150,14,0.0
413,4,10,150,14,0.0
414,4,10,150,14,0.0
415,4,10,150,14,0.0
416,4,10,150,14,0.17821029819465137
417,4,10,150,14,0.14213171341011827
418,4,10,150,14,0.0
419,4,10,150,14,0.1208113026994942
420,4,10,150,14,0.0
421,4,10,150,14,0.0
422,4,10,150,14,0.0
423,4,10,150,14,0.0
424,4,10,150,14,0.23504554941448536
425,4,10,150,14,0.26731544729197704
426,4,10,150,14,0.0
427,4,10,150,14,0.0
428,4,10,150,14,0.0
429,4,10,150,14,0.34686756748042236
430,4,10,150,14,0.0
431,4,10,150,14,0.0
432,4,10,150,14,0.0
433,4,10,150,14,0.0
434,4,10,150,14,0.15130120674940672
435,4,10,150,14,0.20409926702662018
436,4,10,150,14,0.0
437,4,10,150,14,0.0
438,4,10,150,14,0.0
439,4,10,150,14,0.0
440,4,10,150,14,0.0
441,4,10,150,14,0.0
442,4,10,150,14,0.05621908976192367
443,4,10,150,14,0.0
444,4,10,150,14,0.0
445,4,10,150,14,0.0
446,4,10,150,14,0.0
447,4,10,150,14,0.247151452329357
448,4,10,150,14,0.0
449,4,10,150,14,0.1511226181481109
450,4,10,150,14,0.25186573264547113
451,4,10,150,14,0.0
452,4,10,150,14,0.15436950677528014
453,4,10,150,14,0.0
454,4,10,150,14,0.0
455,4,10,150,14,0.11243817952384734
456,4,10,150,14,0.0
457,4,10,150,14,0.3086079413271695
458,4,10,150,14,0.0
459,4,10,150,14,0.0
460,4,10,150,14,0.0
461,4,10,150,14,0.0
462,4,10,150,14,0.0
463,4,10,150,14,0.17821029819465137
464,4,10,150,14,0.0
465,4,10,150,14,0.0
466,4,10,150,14,0.0
467,4,10,150,14,0.0
468,4,10,150,14,0.0
469,4,10,150,14,0.0
470,4,10,150,14,0.0
471,4,10,150,14,0.0
472,4,10,150,14,0.046806851959664796
473,4,10,150,14,0.0
474,4,10,150,14,0.05940343273155045
475,4,10,150,14,0.0
476,4,10,150,14,0.0
477,4,10,150,14,0.0
478,4,10,150,14,0.2345109835167376
479,4,10,150,14,0.10180586737687759
480,4,10,150,14,0.0
481,4,10,150,14,0.0
482,4,10,150,14,0.0
483,4,10,150,14,0.0
484,4,10,150,14,0.1913065079010823
485,4,10,150,14,0.0
486,4,10,150,14,0.0
487,4,10,150,14,0.09651735748344707
488,4,10,150,14,0.0
489,4,10,150,14,0.0
490,4,10,150,14,0.0
491,4,10,150,14,0.06362078819895171
492,4,10,150,14,0.0
493,4,10,150,14,0.0
494,4,10,150,14,0.0
495,4,10,150,14,0.0
496,4,10,150,14,0.0
497,4,10,150,14,0.11305007802436315
498,4,10,150,14,0.0
499,4,10,150,14,0.0
500,4,10,150,14,0.19174511576899997
501,4,10,150,14,0.0
502,4,10,150,14,0.0
503,4,10,150,14,0.0
504,4,10,150,14,0.0
505,4,10,150,14,0.11243817952384734
506,4,10,150,14,0.05621908976192367
507,4,10,150,14,0.0
508,4,10,150,14,0.0
509,4,10,150,14,0.0
510,4,10,150,14,0.0
511,4,10,150,14,0.0
512,4,10,150,14,0.0
513,4,10,150,14,0.0
514,4,10,150,14,0.4204260398709968
515,4,10,150,14,0.11706259313796354
516,4,10,150,14,0.0
517,4,10,150,14,0.0
518,4,10,150,14,0.0
519,4,10,150,14,0.0
520,4,10,150,14,0.0
521,4,10,150,14,0.14275179439013838
522,4,10,150,14,0.0
523,4,10,150,14,0.0
524,4,10,150,14,0.23185694348746405
525,4,10,150,14,0.0
526,4,10,150,14,0.0
527,4,10,150,14,0.04561435592667119
528,4,10,150,14,0.10209739512291163
529,4,10,150,14,0.0
530,4,10,150,14,0.0
531,4,10,150,14,0.0
532,4,10,150,14,0.4359727165777481
533,4,10,150,14,0.21682756361788938
534,4,10,150,14,0.05621908976192367
535,4,10,150,14,0.05621908976192367
536,4,10,150,14,0.11243817952384734
537,4,10,150,14,0.26652699689361825
538,4,10,150,14,0.10302038957305013
539,4,10,150,14,0.0
540,4,10,150,14,0.0
541,4,10,150,14,0.0
542,4,10,150,14,0.0634797890335986
543,4,10,150,14,0.0
544,4,10,150,14,0.0
545,4,10,150,14,0.0
546,4,10,150,14,0.0
547,4,10,150,14,0.0
548,4,10,150,14,0.04561435592667119
549,4,10,150,14,0.0
550,4,10,150,14,0.0
551,4,10,150,14,0.0
552,4,10,150,14,0.048159222084064895
553,4,10,150,14,0.0536466452928127
554,4,10,150,14,0.17821029819465137
555,4,10,150,14,0.0
556,4,10,150,14,0.0
557,4,10,150,14,0.0
558,4,10,150,14,0.0
559,4,10,150,14,0.04561435592667119
560,4,10,150,14,0.0
561,4,10,150,14,0.05940343273155045
562,4,10,150,14,0.0
563,4,10,150,14,0.0
564,4,10,150,14,0.0
565,4,10,150,14,0.0
566,4,10,150,14,0.0634797890335986
567,4,10,150,14,0.0536466452928127
568,4,10,150,14,0.046806851959664796
569,4,10,150,14,0.18299769260789403
570,4,10,150,14,0.0
571,4,10,150,14,0.0
572,4,10,150,14,0.16812753627111746
573,4,10,150,14,0.0
574,4,10,150,14,0.0
575,4,10,150,14,0.0
576,4,10,150,14,0.0
577,4,10,150,14,0.2220752366989548
578,4,10,150,14,0.0
579,4,10,150,14,0.0
580,4,10,150,14,0.10183344568859487
581,4,10,150,14,0.0
582,4,10,150,14,0.0
583,4,10,150,14,0.0
584,4,10,150,14,0.0
585,4,10,150,14,0.0
586,4,10,150,14,0.11243817952384734
587,4,10,150,14,0.0
588,4,10,150,14,0.17821029819465137
589,4,10,150,14,0.0
590,4,10,150,14,0.0
591,4,10,150,14,0.0
592,4,10,150,14,0.5100490569670949
593,4,10,150,14,0.0
594,4,10,150,14,0.0
595,4,10,150,14,0.05940343273155045
596,4,10,150,14,0.0
597,4,10,150,14,0.22009176629808017
598,4,10,150,14,0.0
599,4,10,150,14,0.0
600,4,10,150,14,0.0
601,4,10,150,14,0.0
602,4,10,150,14,0.0
603,4,10,150,14,0.0
604,4,10,150,14,0.0
605,4,10,150,14,0.2906484777184987
606,4,10,150,14,0.14569215197441113
607,4,10,150,14,0.0
608,4,10,150,14,0.0
609,4,10,150,14,0.0
610,4,10,150,14,0.17821029819465137
611,4,10,150,14,0.0
612,4,10,150,14,0.0
613,4,10,150,14,0.0
614,4,10,150,14,0.0
615,4,10,150,14,0.0
616,4,10,150,14,0.0
617,4,10,150,14,0.0
618,4,10,150,14,0.2771428029769241
619,4,10,150,14,0.0
620,4,10,150,14,0.0
621,4,10,150,14,0.11319029455738087
622,4,10,150,14,0.19182437589985468
623,4,10,150,14,0.0
624,4,10,150,14,0.0
625,4,10,150,14,0.0
626,4,10,150,14,0.0
627,4,10,150,14,0.07675099783970546
628,4,10,150,14,0.0
629,4,10,150,14,0.05621908976192367
630,4,10,150,14,0.22501715015431617
631,4,10,150,14,0.0
632,4,10,150,14,0.11562252249347413
633,4,10,150,14,0.07414861528507455
634,4,10,150,14,0.0
635,4,10,150,14,0.0
636,4,10,150,14,0.0
637,4,10,150,14,0.0
638,4,10,150,14,0.09712868482236708
639,4,10,150,14,0.0
640,4,10,150,14,0.051514328895695904
641,4,10,150,14,0.07675099783970546
642,4,10,150,14,0.05621908976192367
643,4,10,150,14,0.16545851161815273
644,4,10,150,14,0.0
645,4,10,150,14,0.2119883708624747
646,4,10,150,14,0.0
647,4,10,150,14,0.0
648,4,10,150,14,0.1485085818288761
649,4,10,150,14,0.11004588314904008
650,4,10,150,14,0.12491021992377035
651,4,10,150,14,0.0
652,4,10,150,14,0.0
653,4,10,150,14,0.25518997391398573
654,4,10,150,14,0.32469070113407694
655,4,10,150,14,0.0
656,4,10,150,14,0.0
657,4,10,150,14,0.0
658,4,10,150,14,0.18672776492534796
659,4,10,150,14,0.09786972760784719
660,4,10,150,14,0.0
661,4,10,150,14,0.048159222084064895
662,4,10,150,14,0.0
663,4,10,150,14,0.3468510614167586
664,4,10,150,14,0.38127770401116234
665,4,10,150,14,0.0
666,4,10,150,14,0.4329965951293323
667,4,10,150,14,0.11574800609437044
668,4,10,150,14,0.06194403202282284
669,4,10,150,14,0.0634797890335986
670,4,10,150,14,0.0
671,4,10,150,14,0.15182464061788642
672,4,10,150,14,0.0
673,4,10,150,14,0.0
674,4,10,150,14,0.0
675,4,10,150,14,0.0
676,4,10,150,14,0.14532423885924936
677,4,10,150,14,0.0
678,4,10,150,14,0.0
679,4,10,150,14,0.06894115413470564
680,4,10,150,14,0.0
681,4,10,150,14,0.0
682,4,10,150,14,0.28156744901124636
683,4,10,150,14,0.0
684,4,10,150,14,0.06894115413470564
685,4,10,150,14,0.0
686,4,10,150,14,0.04561435592667119
687,4,10,150,14,0.0
688,4,10,150,14,0.0
689,4,10,150,14,0.1116390111176635
690,4,10,150,14,0.11710037621877055
691,4,10,150,14,0.0
692,4,10,150,14,0.0634797890335986
693,4,10,150,14,0.0
694,4,10,150,14,0.19387743216611678
695,4,10,150,14,0.0
696,4,10,150,14,0.0
697,4,10,150,14,0.0
698,4,10,150,14,0.09242120788633598
699,4,10,150,14,0.11243817952384734
700,4,10,150,14,0.12729890218214104
701,4,10,150,14,0.0
702,4,10,150,14,0.0
703,4,10,150,14,0.11243817952384734
704,4,10,150,14,0.12834458686625608
705,4,10,150,14,0.051514328895695904
706,4,10,150,14,0.0
707,4,10,150,14,0.04561435592667119
708,4,10,150,14,0.051514328895695904
709,4,10,150,14,0.16214868504762964
710,4,10,150,14,0.1707745998233005
711,4,10,150,14,0.049710505523782283
712,4,10,150,14,0.0
713,4,10,150,14,0.0
714,4,10,150,14,0.0
715,4,10,150,14,0.0
716,4,10,150,14,0.21755387347124805
717,4,10,150,14,0.0
718,4,10,150,14,0.0
719,4,10,150,14,0.09651735748344707
720,4,10,150,14,0.0
721,4,10,150,14,0.21500900731385433
722,4,10,150,14,0.06556429791586475
723,4,10,150,14,0.0
724,4,10,150,14,0.0
725,4,10,150,14,0.0
726,4,10,150,14,0.0
727,4,10,150,14,0.23074212402366495
728,4,10,150,14,0.051573320538546435
729,4,10,150,14,0.0
730,4,10,150,14,0.0
731,4,10,150,14,0.12288322176514906
732,4,10,150,14,0.0
733,4,10,150,14,0.19029093549418316
734,4,10,150,14,0.0
735,4,10,150,14,0.0
736,4,10,150,14,0.0
737,4,10,150,14,0.0
738,4,10,150,14,0.26243413452790626
739,4,10,150,14,0.0
740,4,10,150,14,0.0
741,4,10,150,14,0.07675099783970546
742,4,10,150,14,0.0
743,4,10,150,14,0.0
744,4,10,150,14,0.0
745,4,10,150,14,0.0
746,4,10,150,14,0.23442938795657506
747,4,10,150,14,0.620770640240689
748,4,10,150,14,0.18697487670517288
749,4,10,150,14,0.15548009098140753
750,4,10,150,14,0.0
751,4,10,150,14,0.09712868482236708
752,4,10,150,14,0.0
753,4,10,150,14,0.11243817952384734
754,4,10,150,14,0.0
755,4,10,150,14,0.0
756,4,10,150,14,0.05940343273155045
757,4,10,150,14,0.0
758,4,10,150,14,0.247151452329357
759,4,10,150,14,0.049710505523782283
760,4,10,150,14,0.0
761,4,10,150,14,0.0
762,4,10,150,14,0.0
763,4,10,150,14,0.0634797890335986
764,4,10,150,14,0.15805253545051853
765,4,10,150,14,0.10122860821230018
766,4,10,150,14,0.0634797890335986
767,4,10,150,14,0.06994410797740244
768,4,10,150,14,0.0
769,4,10,150,14,0.0
770,4,10,150,14,0.21759915371235594
771,4,10,150,14,0.23185694348746405
772,4,10,150,14,0.0
773,4,10,150,14,0.17052457585044156
774,4,10,150,14,0.0
775,4,10,150,14,0.0
776,4,10,150,14,0.049710505523782283
777,4,10,150,14,0.0
778,4,10,150,14,0.13881565462110795
779,4,10,150,14,0.0
780,4,10,150,14,0.0
781,4,10,150,14,0.0
782,4,10,150,14,0.11710037621877055
783,4,10,150,14,0.0
784,4,10,150,14,0.0
785,4,10,150,14,0.0
786,4,10,150,14,0.0
787,4,10,150,14,0.0
788,4,10,150,14,0.4450179844937789
789,4,10,150,14,0.0536466452928127
790,4,10,150,14,0.0
791,4,10,150,14,0.0
792,4,10,150,14,0.046806851959664796
793,4,10,150,14,0.0
794,4,10,150,14,0.0
795,4,10,150,14,0.0
796,4,10,150,14,0.4165608366486615
797,4,10,150,14,0.0
798,4,10,150,14,0.11243817952384734
799,4,10,150,14,0.0
800,4,10,150,14,0.0
801,4,10,150,14,0.0
802,4,10,150,14,0.08910514909732568
803,4,10,150,14,0.0
804,4,10,150,14,0.12236535376637665
805,4,10,150,14,0.21401536902109605
806,4,10,150,14,0.4616909215677127
807,4,10,150,14,0.046806851959664796
808,4,10,150,14,0.0
809,4,10,150,14,0.0
810,4,10,150,14,0.0
811,4,10,150,14,0.0
812,4,10,150,14,0.0
813,4,10,150,14,0.0
814,4,10,150,14,0.0
815,4,10,150,14,0.0983211808553607
816,4,10,150,14,0.0
817,4,10,150,14,0.0
818,4,10,150,14,0.0
819,4,10,150,14,0.0
820,4,10,150,14,0.0
821,4,10,150,14,0.2376137309262018
822,4,10,150,14,0.0
823,4,10,150,14,0.2030307017963558
824,4,10,150,14,0.05046096657376444
825,4,10,150,14,0.06894115413470564
826,4,10,150,14,0.17821029819465137
827,4,10,150,14,0.0
828,4,10,150,14,0.05621908976192367
829,4,10,150,14,0.10911393825533272
830,4,10,150,14,0.17326835532315255
831,4,10,150,14,0.31844108506795543
832,4,10,150,14,0.0
833,4,10,150,14,0.10592959528570596
834,4,10,150,14,0.24169008722824994
835,4,10,150,14,0.0
836,4,10,150,14,0.10756265481561535
837,4,10,150,14,0.0
838,4,10,150,14,0.3368747321456857
839,4,10,150,14,0.05621908976192367
840,4,10,150,14,0.34686756748042236
841,4,10,150,14,0.0
842,4,10,150,14,0.0
843,4,10,150,14,0.0
844,4,10,150,14,0.0
845,4,10,150,14,0.0
846,4,10,150,14,0.41564903002117726
847,4,10,150,14,0.11562252249347413
848,4,10,150,14,0.0
849,4,10,150,14,0.0
850,4,10,150,14,0.23213705831936962
851,4,10,150,14,0.0536466452928127
852,4,10,150,14,0.23185694348746405
853,4,10,150,14,0.0
854,4,10,150,14,0.0
855,4,10,150,14,0.0
856,4,10,150,14,0.0
857,4,10,150,14,0.0
858,4,10,150,14,0.0
859,4,10,150,14,0.0
860,4,10,150,14,0.0
861,4,10,150,14,0.0
862,4,10,150,14,0.051514328895695904
863,4,10,150,14,0.0
864,4,10,150,14,0.4579108127085651
865,4,10,150,14,0.049710505523782283
866,4,10,150,14,0.0
867,4,10,150,14,0.12834458686625608
868,4,10,150,14,0.3171493450509833
869,4,10,150,14,0.0
870,4,10,150,14,0.5554377040114065
871,4,10,150,14,0.10756265481561535
872,4,10,150,14,0.0
873,4,10,150,14,0.0
874,4,10,150,14,0.056210658265822395
875,4,10,150,14,0.12826532673540136
876,4,10,150,14,0.08671382849411972
877,4,10,150,14,0.0536466452928127
878,4,10,150,14,0.38036552531634016
879,4,10,150,14,0.0
880,4,10,150,14,0.5201981057091701
881,4,10,150,14,0.10756265481561535
882,4,10,150,14,0.22636952027871626
883,4,10,150,14,0.493347970419848
884,4,10,150,14,0.07675099783970546
885,4,10,150,14,0.0536466452928127
886,4,10,150,14,0.16865726928577102
887,4,10,150,14,0.07675099783970546
888,4,10,150,14,0.06943122193677727
889,4,10,150,14,0.0
890,4,10,150,14,0.0
891,4,10,150,14,0.0
892,4,10,150,14,0.21546412124543585
893,4,10,150,14,0.12491021992377035
894,4,10,150,14,0.22272482051711073
895,4,10,150,14,0.0
896,4,10,150,14,0.6212885082394615
897,4,10,150,14,0.366576448511461
898,4,10,150,14,0.0
899,4,10,150,14,0.06894115413470564
900,4,10,150,14,0.04561435592667119
901,4,10,150,14,0.30374468742492966
902,4,10,150,14,0.0
903,4,10,150,14,0.28365138721506555
904,4,10,150,14,0.0
905,4,10,150,14,0.0
906,4,10,150,14,0.048159222084064895
907,4,10,150,14,0.06894115413470564
908,4,10,150,14,0.1149941179292945
909,4,10,150,14,0.0
910,4,10,150,14,0.0
911,4,10,150,14,0.049710505523782283
912,4,10,150,14,0.06894115413470564
913,4,10,150,14,0.0
914,4,10,150,14,0.0
915,4,10,150,14,0.0
916,4,10,150,14,0.5616655988440384
917,4,10,150,14,0.0
918,4,10,150,14,0.08910514909732568
919,4,10,150,14,0.15804630323203134
920,4,10,150,14,0.0
921,4,10,150,14,0.18562250658077276
922,4,10,150,14,0.28629028387420263
923,4,10,150,14,0.0
924,4,10,150,14,0.0
925,4,10,150,14,0.0
926,4,10,150,14,0.0
927,4,10,150,14,0.0
928,4,10,150,14,0.1482972305701491
929,4,10,150,14,0.16865726928577102
930,4,10,150,14,0.0
931,4,10,150,14,0.0
932,4,10,150,14,0.14683919034614937
933,4,10,150,14,0.05940343273155045
934,4,10,150,14,0.19032998351680386
935,4,10,150,14,0.0
936,4,10,150,14,0.17821029819465137
937,4,10,150,14,0.0
938,4,10,150,14,0.17591796855744593
939,4,10,150,14,0.0
940,4,10,150,14,0.0634797890335986
941,4,10,150,14,0.0
942,4,10,150,14,0.0
943,4,10,150,14,0.21556665246081344
1,4,10,150,15,0.5030343053984369
2,4,10,150,15,0.0
3,4,10,150,15,0.0
4,4,10,150,15,0.0
5,4,10,150,15,0.0
6,4,10,150,15,0.22009176629808017
7,4,10,150,15,0.32090395489379503
8,4,10,150,15,0.0
9,4,10,150,15,0.21840743681816419
10,4,10,150,15,0.0
11,4,10,150,15,0.17060921827860473
12,4,10,150,15,0.0
13,4,10,150,15,0.14794877192663963
14,4,10,150,15,0.0
15,4,10,150,15,0.0
16,4,10,150,15,0.0
17,4,10,150,15,0.0
18,4,10,150,15,0.3166860571556274
19,4,10,150,15,0.0
20,4,10,150,15,0.0
21,4,10,150,15,0.0
22,4,10,150,15,0.0664352832729762
23,4,10,150,15,0.14933868315546478
24,4,10,150,15,0.0
25,4,10,150,15,0.07414861528507455
26,4,10,150,15,0.0
27,4,10,150,15,0.0
28,4,10,150,15,0.0
29,4,10,150,15,0.0
30,4,10,150,15,0.0
31,4,10,150,15,0.0
32,4,10,150,15,0.0
33,4,10,150,15,0.0
35,4,10,150,15,0.0
36,4,10,150,15,0.0
37,4,10,150,15,0.0
38,4,10,150,15,0.0
39,4,10,150,15,0.0
40,4,10,150,15,0.0
41,4,10,150,15,0.0
42,4,10,150,15,0.0
43,4,10,150,15,0.21541965013253933
44,4,10,150,15,0.1694627944724332
45,4,10,150,15,0.0
46,4,10,150,15,0.11284514134893527
47,4,10,150,15,0.0
48,4,10,150,15,0.0
49,4,10,150,15,0.0
50,4,10,150,15,0.0
51,4,10,150,15,0.16812753627111746
52,4,10,150,15,0.0
54,4,10,150,15,0.0
56,4,10,150,15,0.15987765436170018
57,4,10,150,15,0.18686728486108495
58,4,10,150,15,0.23504554941448536
59,4,10,150,15,0.25907694107555324
60,4,10,150,15,0.06362078819895171
61,4,10,150,15,0.0
62,4,10,150,15,0.10618686347613707
63,4,10,150,15,0.0
64,4,10,150,15,0.04759023790187059
65,4,10,150,15,0.13012668333070054
66,4,10,150,15,0.0
67,4,10,150,15,0.0
68,4,10,150,15,0.3391602052736161
69,4,10,150,15,0.0
70,4,10,150,15,0.0
71,4,10,150,15,0.0
72,4,10,150,15,0.0
73,4,10,150,15,0.0
74,4,10,150,15,0.0
75,4,10,150,15,0.0
76,4,10,150,15,0.0
77,4,10,150,15,0.0
78,4,10,150,15,0.0
79,4,10,150,15,0.27487633291429087
80,4,10,150,15,0.0
81,4,10,150,15,0.0
82,4,10,150,15,0.19298623480417013
83,4,10,150,15,0.06556429791586475
84,4,10,150,15,0.0
85,4,10,150,15,0.0
87,4,10,150,15,0.0
89,4,10,150,15,0.16716045496620227
90,4,10,150,15,0.0
91,4,10,150,15,0.0
92,4,10,150,15,0.13289484704117296
93,4,10,150,15,0.0
94,4,10,150,15,0.0
95,4,10,150,15,0.17060921827860473
96,4,10,150,15,0.0
97,4,10,150,15,0.0
98,4,10,150,15,0.0
99,4,10,150,15,0.0
100,4,10,150,15,0.0
101,4,10,150,15,0.0
102,4,10,150,15,0.0
103,4,10,150,15,0.0
104,4,10,150,15,0.0
105,4,10,150,15,0.0
106,4,10,150,15,0.0
107,4,10,150,15,0.0
108,4,10,150,15,0.0
109,4,10,150,15,0.0
110,4,10,150,15,0.0
111,4,10,150,15,0.0
112,4,10,150,15,0.0
113,4,10,150,15,0.0
114,4,10,150,15,0.0
115,4,10,150,15,0.0
116,4,10,150,15,0.0
117,4,10,150,15,0.14606834984270645
118,4,10,150,15,0.0
119,4,10,150,15,0.05382121602276955
120,4,10,150,15,0.0
121,4,10,150,15,0.2147325744928709
122,4,10,150,15,0.08177471774917201
123,4,10,150,15,0.0
125,4,10,150,15,0.0
126,4,10,150,15,0.0
127,4,10,150,15,0.10253313861822189
128,4,10,150,15,0.0
129,4,10,150,15,0.0
130,4,10,150,15,0.17060921827860473
131,4,10,150,15,0.0
133,4,10,150,15,0.0
134,4,10,150,15,0.0
135,4,10,150,15,0.0
137,4,10,150,15,0.0
138,4,10,150,15,0.0
139,4,10,150,15,0.0
141,4,10,150,15,0.0
142,4,10,150,15,0.0
143,4,10,150,15,0.0
144,4,10,150,15,0.1227945149537572
145,4,10,150,15,0.04759023790187059
146,4,10,150,15,0.0
148,4,10,150,15,0.0
149,4,10,150,15,0.0
150,4,10,150,15,0.0
151,4,10,150,15,0.04265230456965118
152,4,10,150,15,0.0
153,4,10,150,15,0.0
154,4,10,150,15,0.0
155,4,10,150,15,0.0
156,4,10,150,15,0.0
158,4,10,150,15,0.11008935378765584
159,4,10,150,15,0.0
160,4,10,150,15,0.0
161,4,10,150,15,0.0
162,4,10,150,15,0.0
163,4,10,150,15,0.0
164,4,10,150,15,0.0
165,4,10,150,15,0.0
166,4,10,150,15,0.0
167,4,10,150,15,0.0
168,4,10,150,15,0.23504554941448536
169,4,10,150,15,0.0
170,4,10,150,15,0.0
171,4,10,150,15,0.0
172,4,10,150,15,0.0
173,4,10,150,15,0.0
174,4,10,150,15,0.0660006550311689
175,4,10,150,15,0.0
176,4,10,150,15,0.0
177,4,10,150,15,0.06912040963822193
178,4,10,150,15,0.23660987330977365
179,4,10,150,15,0.0
180,4,10,150,15,0.0
181,4,10,150,15,0.0
182,4,10,150,15,0.0
183,4,10,150,15,0.0
184,4,10,150,15,0.08847923037887293
185,4,10,150,15,0.07745351606183934
186,4,10,150,15,0.15958907712489634
187,4,10,150,15,0.0
188,4,10,150,15,0.0
189,4,10,150,15,0.17060921827860473
190,4,10,150,15,0.10699313236726378
191,4,10,150,15,0.0
192,4,10,150,15,0.0
193,4,10,150,15,0.0
194,4,10,150,15,0.0
195,4,10,150,15,0.0
196,4,10,150,15,0.0
197,4,10,150,15,0.0
198,4,10,150,15,0.0
199,4,10,150,15,0.0
200,4,10,150,15,0.04610512027589789
201,4,10,150,15,0.0660006550311689
203,4,10,150,15,0.0
204,4,10,150,15,0.0
205,4,10,150,15,0.0
206,4,10,150,15,0.0
207,4,10,150,15,0.0
209,4,10,150,15,0.0
210,4,10,150,15,0.0
211,4,10,150,15,0.0
212,4,10,150,15,0.12681701683239352
213,4,10,150,15,0.13955212171688613
214,4,10,150,15,0.0
215,4,10,150,15,0.0
216,4,10,150,15,0.0
217,4,10,150,15,0.0
218,4,10,150,15,0.19092086617893467
219,4,10,150,15,0.0
221,4,10,150,15,0.2797643380184693
222,4,10,150,15,0.13947804593499064
223,4,10,150,15,0.0
224,4,10,150,15,0.0
225,4,10,150,15,0.0
226,4,10,150,15,0.0
227,4,10,150,15,0.0
228,4,10,150,15,0.0
229,4,10,150,15,0.0
230,4,10,150,15,0.0843142342558857
231,4,10,150,15,0.0
232,4,10,150,15,0.3234992853586256
233,4,10,150,15,0.0
234,4,10,150,15,0.0
235,4,10,150,15,0.0
236,4,10,150,15,0.0
237,4,10,150,15,0.0
238,4,10,150,15,0.0
239,4,10,150,15,0.060772229737720354
240,4,10,150,15,0.0
242,4,10,150,15,0.0
243,4,10,150,15,0.05446333035917803
244,4,10,150,15,0.049043960636177025
245,4,10,150,15,0.0
246,4,10,150,15,0.08041927109478651
247,4,10,150,15,0.0
248,4,10,150,15,0.0
249,4,10,150,15,0.05382121602276955
250,4,10,150,15,0.2529427027676571
251,4,10,150,15,0.0
252,4,10,150,15,0.0
253,4,10,150,15,0.0
254,4,10,150,15,0.0
255,4,10,150,15,0.0
256,4,10,150,15,0.1513112305704774
257,4,10,150,15,0.15101961822780524
258,4,10,150,15,0.0
259,4,10,150,15,0.0
260,4,10,150,15,0.0
261,4,10,150,15,0.0
262,4,10,150,15,0.0
263,4,10,150,15,0.060772229737720354
264,4,10,150,15,0.0
265,4,10,150,15,0.10209739512291163
267,4,10,150,15,0.0
268,4,10,150,15,0.0660006550311689
269,4,10,150,15,0.13462173318923787
270,4,10,150,15,0.0
271,4,10,150,15,0.11213072197636396
272,4,10,150,15,0.09109240322345806
273,4,10,150,15,0.0
274,4,10,150,15,0.0
275,4,10,150,15,0.0
276,4,10,150,15,0.2244304343013743
277,4,10,150,15,0.0
279,4,10,150,15,0.12287039445737048
280,4,10,150,15,0.0
281,4,10,150,15,0.0
283,4,10,150,15,0.0
284,4,10,150,15,0.0
285,4,10,150,15,0.0
286,4,10,150,15,0.24712047798052972
287,4,10,150,15,0.0
288,4,10,150,15,0.0
289,4,10,150,15,0.13905617951077562
290,4,10,150,15,0.0
291,4,10,150,15,0.28481471824551213
292,4,10,150,15,0.0
293,4,10,150,15,0.1076424320455391
294,4,10,150,15,0.0
295,4,10,150,15,0.17060921827860473
296,4,10,150,15,0.47774763069170006
297,4,10,150,15,0.05382121602276955
298,4,10,150,15,0.0734773909038217
299,4,10,150,15,0.0
300,4,10,150,15,0.0
301,4,10,150,15,0.05382121602276955
303,4,10,150,15,0.160128210935039
304,4,10,150,15,0.0
305,4,10,150,15,0.2806985720662606
306,4,10,150,15,0.0
307,4,10,150,15,0.07667481399289292
308,4,10,150,15,0.20513559361665126
309,4,10,150,15,0.0
310,4,10,150,15,0.0
311,4,10,150,15,0.056869739426201577
312,4,10,150,15,0.060772229737720354
313,4,10,150,15,0.11735914726981253
314,4,10,150,15,0.22196771051724834
315,4,10,150,15,0.0
316,4,10,150,15,0.0
317,4,10,150,15,0.0
318,4,10,150,15,0.05633425377856011
319,4,10,150,15,0.0
320,4,10,150,15,0.0
321,4,10,150,15,0.062242588308449316
322,4,10,150,15,0.17342765698823945
323,4,10,150,15,0.14126697285982898
324,4,10,150,15,0.0
325,4,10,150,15,0.0
326,4,10,150,15,0.04366879852493834
327,4,10,150,15,0.0
328,4,10,150,15,0.08530460913930236
329,4,10,150,15,0.0
330,4,10,150,15,0.0536466452928127
331,4,10,150,15,0.16958010263680806
332,4,10,150,15,0.0
333,4,10,150,15,0.0
334,4,10,150,15,0.12677288476888926
336,4,10,150,15,0.0
337,4,10,150,15,0.16716045496620227
338,4,10,150,15,0.0
339,4,10,150,15,0.0
340,4,10,150,15,0.0
341,4,10,150,15,0.0
342,4,10,150,15,0.21427801680354305
343,4,10,150,15,0.21541965013253933
344,4,10,150,15,0.22476221944113275
345,4,10,150,15,0.0
346,4,10,150,15,0.13947804593499064
347,4,10,150,15,0.0
348,4,10,150,15,0.0
349,4,10,150,15,0.0
350,4,10,150,15,0.0
351,4,10,150,15,0.0
352,4,10,150,15,0.0
353,4,10,150,15,0.0
354,4,10,150,15,0.0
355,4,10,150,15,0.0
356,4,10,150,15,0.0
357,4,10,150,15,0.0
358,4,10,150,15,0.20438239758848611
359,4,10,150,15,0.0
360,4,10,150,15,0.0
361,4,10,150,15,0.0
362,4,10,150,15,0.0
363,4,10,150,15,0.26300988803440994
364,4,10,150,15,0.0
365,4,10,150,15,0.0
366,4,10,150,15,0.0
367,4,10,150,15,0.0
368,4,10,150,15,0.0
369,4,10,150,15,0.0
370,4,10,150,15,0.09092803061897883
371,4,10,150,15,0.09460634670666435
372,4,10,150,15,0.0
373,4,10,150,15,0.0
374,4,10,150,15,0.08847923037887293
375,4,10,150,15,0.0
376,4,10,150,15,0.0
377,4,10,150,15,0.0
378,4,10,150,15,0.3007242592718417
379,4,10,150,15,0.0
380,4,10,150,15,0.0
381,4,10,150,15,0.0
382,4,10,150,15,0.0
383,4,10,150,15,0.0
384,4,10,150,15,0.0
385,4,10,150,15,0.0
386,4,10,150,15,0.0
387,4,10,150,15,0.15168778186755283
388,4,10,150,15,0.0
389,4,10,150,15,0.10067561628857911
390,4,10,150,15,0.0
391,4,10,150,15,0.2137247802747043
392,4,10,150,15,0.0
393,4,10,150,15,0.0
394,4,10,150,15,0.10342453430737153
395,4,10,150,15,0.0
396,4,10,150,15,0.0
397,4,10,150,15,0.26809923282631265
398,4,10,150,15,0.13947804593499064
399,4,10,150,15,0.0
400,4,10,150,15,0.0
401,4,10,150,15,0.0
402,4,10,150,15,0.0
403,4,10,150,15,0.0
404,4,10,150,15,0.0
405,4,10,150,15,0.1076424320455391
406,4,10,150,15,0.26447142916753585
407,4,10,150,15,0.060772229737720354
408,4,10,150,15,0.0
409,4,10,150,15,0.09894873014051421
410,4,10,150,15,0.0
411,4,10,150,15,0.0
412,4,10,150,15,0.0
413,4,10,150,15,0.0
414,4,10,150,15,0.0
415,4,10,150,15,0.0
416,4,10,150,15,0.17060921827860473
417,4,10,150,15,0.1360694682807435
418,4,10,150,15,0.0
419,4,10,150,15,0.1208113026994942
420,4,10,150,15,0.0
421,4,10,150,15,0.0
422,4,10,150,15,0.0
423,4,10,150,15,0.0
424,4,10,150,15,0.23504554941448536
425,4,10,150,15,0.2559138274179071
426,4,10,150,15,0.0
427,4,10,150,15,0.0
428,4,10,150,15,0.0
429,4,10,150,15,0.33207286634691335
430,4,10,150,15,0.0
431,4,10,150,15,0.0
432,4,10,150,15,0.0
433,4,10,150,15,0.0
434,4,10,150,15,0.15130120674940672
435,4,10,150,15,0.1953939629269582
436,4,10,150,15,0.0
437,4,10,150,15,0.04265230456965118
438,4,10,150,15,0.0
439,4,10,150,15,0.0
440,4,10,150,15,0.0
441,4,10,150,15,0.0
442,4,10,150,15,0.05382121602276955
443,4,10,150,15,0.0
444,4,10,150,15,0.0
445,4,10,150,15,0.0
446,4,10,150,15,0.0
447,4,10,150,15,0.23660987330977365
448,4,10,150,15,0.0
449,4,10,150,15,0.1511226181481109
450,4,10,150,15,0.24112307870601812
451,4,10,150,15,0.0
452,4,10,150,15,0.14778529155603407
453,4,10,150,15,0.0
454,4,10,150,15,0.0
455,4,10,150,15,0.1076424320455391
456,4,10,150,15,0.0
457,4,10,150,15,0.33809740599072124
458,4,10,150,15,0.0
459,4,10,150,15,0.0
460,4,10,150,15,0.05184030722866645
461,4,10,150,15,0.0
462,4,10,150,15,0.0
463,4,10,150,15,0.17060921827860473
464,4,10,150,15,0.0
465,4,10,150,15,0.0
466,4,10,150,15,0.0
467,4,10,150,15,0.0
468,4,10,150,15,0.0
469,4,10,150,15,0.0
470,4,10,150,15,0.0
471,4,10,150,15,0.0
472,4,10,150,15,0.0448104318539346
473,4,10,150,15,0.0
474,4,10,150,15,0.09952204399585275
475,4,10,150,15,0.0
476,4,10,150,15,0.0
477,4,10,150,15,0.0
478,4,10,150,15,0.2345109835167376
479,4,10,150,15,0.0974636125145415
480,4,10,150,15,0.0
481,4,10,150,15,0.0
482,4,10,150,15,0.0
483,4,10,150,15,0.0
484,4,10,150,15,0.18314684445992896
485,4,10,150,15,0.0
486,4,10,150,15,0.0
487,4,10,150,15,0.09240066975580519
488,4,10,150,15,0.0
489,4,10,150,15,0.0
490,4,10,150,15,0.0
491,4,10,150,15,0.06362078819895171
492,4,10,150,15,0.0
493,4,10,150,15,0.0
494,4,10,150,15,0.0
495,4,10,150,15,0.0
496,4,10,150,15,0.0
497,4,10,150,15,0.10822823166484517
498,4,10,150,15,0.0
499,4,10,150,15,0.0
500,4,10,150,15,0.18356674469147755
501,4,10,150,15,0.0
502,4,10,150,15,0.0
503,4,10,150,15,0.0
504,4,10,150,15,0.04265230456965118
505,4,10,150,15,0.1076424320455391
506,4,10,150,15,0.05382121602276955
507,4,10,150,15,0.0
508,4,10,150,15,0.0
509,4,10,150,15,0.0
510,4,10,150,15,0.0
511,4,10,150,15,0.0
512,4,10,150,15,0.0
513,4,10,150,15,0.0
514,4,10,150,15,0.40249390036940674
515,4,10,150,15,0.11706259313796354
516,4,10,150,15,0.0
517,4,10,150,15,0.0
518,4,10,150,15,0.0
519,4,10,150,15,0.0
520,4,10,150,15,0.0
521,4,10,150,15,0.136663101377946
522,4,10,150,15,0.0
523,4,10,150,15,0.0
524,4,10,150,15,0.22196771051724834
525,4,10,150,15,0.0
526,4,10,150,15,0.0
527,4,10,150,15,0.04366879852493834
528,4,10,150,15,0.10209739512291163
529,4,10,150,15,0.0
530,4,10,150,15,0.0
531,4,10,150,15,0.0
532,4,10,150,15,0.4173774754862158
533,4,10,150,15,0.20757936833536372
534,4,10,150,15,0.05382121602276955
535,4,10,150,15,0.09647352059242073
536,4,10,150,15,0.1076424320455391
537,4,10,150,15,0.2551590062460771
538,4,10,150,15,0.10302038957305013
539,4,10,150,15,0.0
540,4,10,150,15,0.0
541,4,10,150,15,0.0
542,4,10,150,15,0.060772229737720354
543,4,10,150,15,0.0
544,4,10,150,15,0.0
545,4,10,150,15,0.0
546,4,10,150,15,0.0
547,4,10,150,15,0.0
548,4,10,150,15,0.08632110309458951
549,4,10,150,15,0.0
550,4,10,150,15,0.0
551,4,10,150,15,0.0
552,4,10,150,15,0.08875742484554908
553,4,10,150,15,0.051358492238643604
554,4,10,150,15,0.17060921827860473
555,4,10,150,15,0.0
556,4,10,150,15,0.0
557,4,10,150,15,0.0
558,4,10,150,15,0.0
559,4,10,150,15,0.04366879852493834
560,4,10,150,15,0.0
561,4,10,150,15,0.056869739426201577
562,4,10,150,15,0.0
563,4,10,150,15,0.0
564,4,10,150,15,0.0
565,4,10,150,15,0.0
566,4,10,150,15,0.060772229737720354
567,4,10,150,15,0.051358492238643604
568,4,10,150,15,0.0448104318539346
569,4,10,150,15,0.18299769260789403
570,4,10,150,15,0.0
571,4,10,150,15,0.0
572,4,10,150,15,0.16812753627111746
573,4,10,150,15,0.0
574,4,10,150,15,0.0
575,4,10,150,15,0.0
576,4,10,150,15,0.0
577,4,10,150,15,0.2126032160658936
578,4,10,150,15,0.0
579,4,10,150,15,0.0
580,4,10,150,15,0.09749001454770789
581,4,10,150,15,0.0
582,4,10,150,15,0.0
583,4,10,150,15,0.0
584,4,10,150,15,0.06323567569191428
585,4,10,150,15,0.0
586,4,10,150,15,0.1076424320455391
587,4,10,150,15,0.0
588,4,10,150,15,0.17060921827860473
589,4,10,150,15,0.0
590,4,10,150,15,0.0
591,4,10,150,15,0.0
592,4,10,150,15,0.488294289243871
593,4,10,150,15,0.0
594,4,10,150,15,0.0
595,4,10,150,15,0.056869739426201577
596,4,10,150,15,0.0
597,4,10,150,15,0.22009176629808017
598,4,10,150,15,0.0
599,4,10,150,15,0.0
600,4,10,150,15,0.0
601,4,10,150,15,0.0
602,4,10,150,15,0.0
603,4,10,150,15,0.0
604,4,10,150,15,0.0
605,4,10,150,15,0.27825165032414384
606,4,10,150,15,0.13947804593499064
607,4,10,150,15,0.0
608,4,10,150,15,0.0
609,4,10,150,15,0.0
610,4,10,150,15,0.21326152284825592
611,4,10,150,15,0.0
612,4,10,150,15,0.0
613,4,10,150,15,0.0
614,4,10,150,15,0.0
615,4,10,150,15,0.0
616,4,10,150,15,0.0
617,4,10,150,15,0.0
618,4,10,150,15,0.2653220237350655
619,4,10,150,15,0.0
620,4,10,150,15,0.0
621,4,10,150,15,0.10836246763959094
622,4,10,150,15,0.226294928764742
623,4,10,150,15,0.0
624,4,10,150,15,0.0
625,4,10,150,15,0.0
626,4,10,150,15,0.0
627,4,10,150,15,0.11612969547347289
628,4,10,150,15,0.0
629,4,10,150,15,0.05382121602276955
630,4,10,150,15,0.21541965013253933
631,4,10,150,15,0.0
632,4,10,150,15,0.11069095544897113
633,4,10,150,15,0.07414861528507455
634,4,10,150,15,0.0
635,4,10,150,15,0.0
636,4,10,150,15,0.0
637,4,10,150,15,0.0
638,4,10,150,15,0.09712868482236708
639,4,10,150,15,0.0
640,4,10,150,15,0.0493171240499355
641,4,10,150,15,0.07675099783970546
642,4,10,150,15,0.05382121602276955
643,4,10,150,15,0.2010536293566253
644,4,10,150,15,0.0
645,4,10,150,15,0.20294657830322427
646,4,10,150,15,0.0
647,4,10,150,15,0.0
648,4,10,150,15,0.14217434856550393
649,4,10,150,15,0.11004588314904008
650,4,10,150,15,0.11958251117971959
651,4,10,150,15,0.0
652,4,10,150,15,0.0
653,4,10,150,15,0.24430553342348507
654,4,10,150,15,0.31084189445837274
655,4,10,150,15,0.0
656,4,10,150,15,0.0
657,4,10,150,15,0.0
658,4,10,150,15,0.18672776492534796
659,4,10,150,15,0.09369535817776849
660,4,10,150,15,0.0
661,4,10,150,15,0.08875742484554908
662,4,10,150,15,0.0
663,4,10,150,15,0.33205706430490417
664,4,10,150,15,0.4076676358237121
665,4,10,150,15,0.0
666,4,10,150,15,0.45718059704590525
667,4,10,150,15,0.11574800609437044
668,4,10,150,15,0.06194403202282284
669,4,10,150,15,0.060772229737720354
670,4,10,150,15,0.0
671,4,10,150,15,0.1453489698050745
672,4,10,150,15,0.0
673,4,10,150,15,0.0
674,4,10,150,15,0.0
675,4,10,150,15,0.0
676,4,10,150,15,0.13912582516207192
677,4,10,150,15,0.0
678,4,10,150,15,0.0
679,4,10,150,15,0.0660006550311689
680,4,10,150,15,0.0
681,4,10,150,15,0.0
682,4,10,150,15,0.26955794841911895
683,4,10,150,15,0.0
684,4,10,150,15,0.0660006550311689
685,4,10,150,15,0.0
686,4,10,150,15,0.04366879852493834
687,4,10,150,15,0.0
688,4,10,150,15,0.0
689,4,10,150,15,0.1116390111176635
690,4,10,150,15,0.11210577530706681
691,4,10,150,15,0.0
692,4,10,150,15,0.060772229737720354
693,4,10,150,15,0.0
694,4,10,150,15,0.18560811288018567
695,4,10,150,15,0.0
696,4,10,150,15,0.0
697,4,10,150,15,0.0
698,4,10,150,15,0.08847923037887293
699,4,10,150,15,0.1076424320455391
700,4,10,150,15,0.12729890218214104
701,4,10,150,15,0.0
702,4,10,150,15,0.0
703,4,10,150,15,0.1076424320455391
704,4,10,150,15,0.12287039445737048
705,4,10,150,15,0.0493171240499355
706,4,10,150,15,0.0
707,4,10,150,15,0.04366879852493834
708,4,10,150,15,0.0493171240499355
709,4,10,150,15,0.1552326699474097
710,4,10,150,15,0.1634906695788768
711,4,10,150,15,0.04759023790187059
712,4,10,150,15,0.04265230456965118
713,4,10,150,15,0.0
714,4,10,150,15,0.0
715,4,10,150,15,0.0
716,4,10,150,15,0.20827469939964502
717,4,10,150,15,0.0
718,4,10,150,15,0.0
719,4,10,150,15,0.09240066975580519
720,4,10,150,15,0.0
721,4,10,150,15,0.20583837764868546
722,4,10,150,15,0.06556429791586475
723,4,10,150,15,0.0
724,4,10,150,15,0.0
725,4,10,150,15,0.0
726,4,10,150,15,0.0
727,4,10,150,15,0.2635527452424105
728,4,10,150,15,0.051573320538546435
729,4,10,150,15,0.0
730,4,10,150,15,0.0
731,4,10,150,15,0.11764196916392193
732,4,10,150,15,0.0
733,4,10,150,15,0.18217458855664143
734,4,10,150,15,0.0
735,4,10,150,15,0.0
736,4,10,150,15,0.0
737,4,10,150,15,0.0
738,4,10,150,15,0.25124071389254915
739,4,10,150,15,0.0
740,4,10,150,15,0.0
741,4,10,150,15,0.0734773909038217
742,4,10,150,15,0.0
743,4,10,150,15,0.0
744,4,10,150,15,0.0
745,4,10,150,15,0.0
746,4,10,150,15,0.2244304343013743
747,4,10,150,15,0.5942933418252457
748,4,10,150,15,0.17899996731707085
749,4,10,150,15,0.14884850678635148
750,4,10,150,15,0.0
751,4,10,150,15,0.09298592257487383
752,4,10,150,15,0.0
753,4,10,150,15,0.1076424320455391
754,4,10,150,15,0.0
755,4,10,150,15,0.0
756,4,10,150,15,0.056869739426201577
757,4,10,150,15,0.0
758,4,10,150,15,0.23660987330977365
759,4,10,150,15,0.049710505523782283
760,4,10,150,15,0.0
761,4,10,150,15,0.0
762,4,10,150,15,0.0
763,4,10,150,15,0.060772229737720354
764,4,10,150,15,0.1513112305704774
765,4,10,150,15,0.10122860821230018
766,4,10,150,15,0.060772229737720354
767,4,10,150,15,0.06994410797740244
768,4,10,150,15,0.0
769,4,10,150,15,0.0
770,4,10,150,15,0.2083180483341182
771,4,10,150,15,0.22196771051724834
772,4,10,150,15,0.0
773,4,10,150,15,0.16325130970465793
774,4,10,150,15,0.0
775,4,10,150,15,0.0
776,4,10,150,15,0.04759023790187059
777,4,10,150,15,0.0
778,4,10,150,15,0.13289484704117296
779,4,10,150,15,0.0
780,4,10,150,15,0.0
781,4,10,150,15,0.04265230456965118
782,4,10,150,15,0.11210577530706681
783,4,10,150,15,0.0
784,4,10,150,15,0.0
785,4,10,150,15,0.0
786,4,10,150,15,0.0
787,4,10,150,15,0.0
788,4,10,150,15,0.42603694188017793
789,4,10,150,15,0.051358492238643604
790,4,10,150,15,0.0
791,4,10,150,15,0.0
792,4,10,150,15,0.0448104318539346
793,4,10,150,15,0.0
794,4,10,150,15,0.0
795,4,10,150,15,0.0
796,4,10,150,15,0.3987935569721341
797,4,10,150,15,0.0
798,4,10,150,15,0.1076424320455391
799,4,10,150,15,0.0
800,4,10,150,15,0.0
801,4,10,150,15,0.0
802,4,10,150,15,0.08530460913930236
803,4,10,150,15,0.0
804,4,10,150,15,0.15979849399841123
805,4,10,150,15,0.20488712031902198
806,4,10,150,15,0.48465104433361483
807,4,10,150,15,0.0448104318539346
808,4,10,150,15,0.0
809,4,10,150,15,0.0
810,4,10,150,15,0.0
811,4,10,150,15,0.0
812,4,10,150,15,0.0
813,4,10,150,15,0.0
814,4,10,150,15,0.0
815,4,10,150,15,0.09412755590387009
816,4,10,150,15,0.0
817,4,10,150,15,0.0
818,4,10,150,15,0.0
819,4,10,150,15,0.0
820,4,10,150,15,0.0
821,4,10,150,15,0.2274789577048063
822,4,10,150,15,0.0
823,4,10,150,15,0.1943709744663476
824,4,10,150,15,0.05046096657376444
825,4,10,150,15,0.0660006550311689
826,4,10,150,15,0.17060921827860473
827,4,10,150,15,0.0
828,4,10,150,15,0.05382121602276955
829,4,10,150,15,0.14711228189772335
830,4,10,150,15,0.1658780606596269
831,4,10,150,15,0.3048588389201468
832,4,10,150,15,0.0
833,4,10,150,15,0.10141145392464014
834,4,10,150,15,0.23138144801632507
835,4,10,150,15,0.0
836,4,10,150,15,0.10297485970209946
837,4,10,150,15,0.0
838,4,10,150,15,0.3225062484683882
839,4,10,150,15,0.05382121602276955
840,4,10,150,15,0.33207286634691335
841,4,10,150,15,0.0
842,4,10,150,15,0.0
843,4,10,150,15,0.0
844,4,10,150,15,0.0
845,4,10,150,15,0.0
846,4,10,150,15,0.4405729455682851
847,4,10,150,15,0.11069095544897113
848,4,10,150,15,0.0
849,4,10,150,15,0.0
850,4,10,150,15,0.222235877806029
851,4,10,150,15,0.051358492238643604
852,4,10,150,15,0.22196771051724834
853,4,10,150,15,0.0
854,4,10,150,15,0.0
855,4,10,150,15,0.0
856,4,10,150,15,0.0
857,4,10,150,15,0.0
858,4,10,150,15,0.0
859,4,10,150,15,0.0
860,4,10,150,15,0.0
861,4,10,150,15,0.0
862,4,10,150,15,0.0493171240499355
863,4,10,150,15,0.0
864,4,10,150,15,0.4383798612591829
865,4,10,150,15,0.04759023790187059
866,4,10,150,15,0.0
867,4,10,150,15,0.12287039445737048
868,4,10,150,15,0.3036221945918034
869,4,10,150,15,0.0
870,4,10,150,15,0.5317470058904442
871,4,10,150,15,0.10297485970209946
872,4,10,150,15,0.0
873,4,10,150,15,0.0
874,4,10,150,15,0.056210658265822395
875,4,10,150,15,0.1227945149537572
876,4,10,150,15,0.08671382849411972
877,4,10,150,15,0.0940107968082948
878,4,10,150,15,0.3641420590827522
879,4,10,150,15,0.0
880,4,10,150,15,0.4980104576679071
881,4,10,150,15,0.10297485970209946
882,4,10,150,15,0.21671433855450262
883,4,10,150,15,0.5149578470963326
884,4,10,150,15,0.0734773909038217
885,4,10,150,15,0.051358492238643604
886,4,10,150,15,0.2041159526379598
887,4,10,150,15,0.0734773909038217
888,4,10,150,15,0.06943122193677727
889,4,10,150,15,0.0
890,4,10,150,15,0.0
891,4,10,150,15,0.04265230456965118
892,4,10,150,15,0.20627407992224325
893,4,10,150,15,0.11958251117971959
894,4,10,150,15,0.21322509363719402
895,4,10,150,15,0.0
896,4,10,150,15,0.5947891215604076
897,4,10,150,15,0.3509411181814891
898,4,10,150,15,0.0
899,4,10,150,15,0.0660006550311689
900,4,10,150,15,0.04366879852493834
901,4,10,150,15,0.29078927650546804
902,4,10,150,15,0.0
903,4,10,150,15,0.2715530018559645
904,4,10,150,15,0.0
905,4,10,150,15,0.0
906,4,10,150,15,0.04610512027589789
907,4,10,150,15,0.0660006550311689
908,4,10,150,15,0.11008935378765584
909,4,10,150,15,0.0
910,4,10,150,15,0.0
911,4,10,150,15,0.04759023790187059
912,4,10,150,15,0.0660006550311689
913,4,10,150,15,0.0
914,4,10,150,15,0.0
915,4,10,150,15,0.0
916,4,10,150,15,0.537709266655847
917,4,10,150,15,0.0
918,4,10,150,15,0.08530460913930236
919,4,10,150,15,0.19395756874012246
920,4,10,150,15,0.0
921,4,10,150,15,0.17770527889510757
922,4,10,150,15,0.2740793434910683
923,4,10,150,15,0.0
924,4,10,150,15,0.0
925,4,10,150,15,0.0
926,4,10,150,15,0.0
927,4,10,150,15,0.0
928,4,10,150,15,0.1482972305701491
929,4,10,150,15,0.2041159526379598
930,4,10,150,15,0.0
931,4,10,150,15,0.0
932,4,10,150,15,0.1832284650463956
933,4,10,150,15,0.056869739426201577
934,4,10,150,15,0.18221197109110845
935,4,10,150,15,0.0
936,4,10,150,15,0.21326152284825592
937,4,10,150,15,0.0
938,4,10,150,15,0.16841466178325942
939,4,10,150,15,0.0
940,4,10,150,15,0.060772229737720354
941,4,10,150,15,0.0
942,4,10,150,15,0.04265230456965118
943,4,10,150,15,0.20637223794499468
1,4,10,150,16,0.4828791064230483
2,4,10,150,16,0.0
3,4,10,150,16,0.0
4,4,10,150,16,0.0
5,4,10,150,16,0.0
6,4,10,150,16,0.22009176629808017
7,4,10,150,16,0.3481134628053354
8,4,10,150,16,0.0
9,4,10,150,16,0.21840743681816419
10,4,10,150,16,0.0
11,4,10,150,16,0.1637733768567814
12,4,10,150,16,0.0
13,4,10,150,16,0.14202087217041148
14,4,10,150,16,0.0
15,4,10,150,16,0.0
16,4,10,150,16,0.0
17,4,10,150,16,0.0
18,4,10,150,16,0.30399731917850825
19,4,10,150,16,0.0
20,4,10,150,16,0.0
21,4,10,150,16,0.0
22,4,10,150,16,0.0664352832729762
23,4,10,150,16,0.14933868315546478
24,4,10,150,16,0.0
25,4,10,150,16,0.07414861528507455
26,4,10,150,16,0.0
27,4,10,150,16,0.0
28,4,10,150,16,0.0
29,4,10,150,16,0.0740318445087683
30,4,10,150,16,0.0
31,4,10,150,16,0.0
32,4,10,150,16,0.0
33,4,10,150,16,0.0
35,4,10,150,16,0.0
36,4,10,150,16,0.0
37,4,10,150,16,0.0
38,4,10,150,16,0.0
39,4,10,150,16,0.0
40,4,10,150,16,0.0
41,4,10,150,16,0.0
42,4,10,150,16,0.0
43,4,10,150,16,0.2067883781396861
44,4,10,150,16,0.1694627944724332
45,4,10,150,16,0.0
46,4,10,150,16,0.11284514134893527
47,4,10,150,16,0.0
48,4,10,150,16,0.0
49,4,10,150,16,0.0
50,4,10,150,16,0.0
51,4,10,150,16,0.16812753627111746
52,4,10,150,16,0.0
54,4,10,150,16,0.0
56,4,10,150,16,0.15987765436170018
57,4,10,150,16,0.18686728486108495
58,4,10,150,16,0.23504554941448536
59,4,10,150,16,0.24869644169156627
60,4,10,150,16,0.06362078819895171
61,4,10,150,16,0.0
62,4,10,150,16,0.10193224835552663
63,4,10,150,16,0.0
64,4,10,150,16,0.045683428159663184
65,4,10,150,16,0.13012668333070054
66,4,10,150,16,0.0
67,4,10,150,16,0.0
68,4,10,150,16,0.3391602052736161
69,4,10,150,16,0.0
70,4,10,150,16,0.0
71,4,10,150,16,0.0
72,4,10,150,16,0.0
73,4,10,150,16,0.0
74,4,10,150,16,0.0
75,4,10,150,16,0.0
76,4,10,150,16,0.0
77,4,10,150,16,0.0
78,4,10,150,16,0.0
79,4,10,150,16,0.27487633291429087
80,4,10,150,16,0.0
81,4,10,150,16,0.0
82,4,10,150,16,0.19298623480417013
83,4,10,150,16,0.06556429791586475
84,4,10,150,16,0.0
85,4,10,150,16,0.0
87,4,10,150,16,0.0
89,4,10,150,16,0.16716045496620227
90,4,10,150,16,0.0
91,4,10,150,16,0.0
92,4,10,150,16,0.12757011658805387
93,4,10,150,16,0.0
94,4,10,150,16,0.0
95,4,10,150,16,0.1637733768567814
96,4,10,150,16,0.0
97,4,10,150,16,0.0
98,4,10,150,16,0.0
99,4,10,150,16,0.0
100,4,10,150,16,0.0
101,4,10,150,16,0.0
102,4,10,150,16,0.0
103,4,10,150,16,0.0
104,4,10,150,16,0.0
105,4,10,150,16,0.0
106,4,10,150,16,0.0
107,4,10,150,16,0.0
108,4,10,150,16,0.0
109,4,10,150,16,0.0
110,4,10,150,16,0.0
111,4,10,150,16,0.0
112,4,10,150,16,0.0
113,4,10,150,16,0.0
114,4,10,150,16,0.0
115,4,10,150,16,0.0
116,4,10,150,16,0.0
117,4,10,150,16,0.14606834984270645
118,4,10,150,16,0.0
119,4,10,150,16,0.05166474815090726
120,4,10,150,16,0.0
121,4,10,150,16,0.2147325744928709
122,4,10,150,16,0.08177471774917201
123,4,10,150,16,0.0
125,4,10,150,16,0.0
126,4,10,150,16,0.0
127,4,10,150,16,0.10253313861822189
128,4,10,150,16,0.0
129,4,10,150,16,0.0
130,4,10,150,16,0.1637733768567814
131,4,10,150,16,0.0
133,4,10,150,16,0.0
134,4,10,150,16,0.0
135,4,10,150,16,0.0
137,4,10,150,16,0.0
138,4,10,150,16,0.0
139,4,10,150,16,0.0
141,4,10,150,16,0.0
142,4,10,150,16,0.0
143,4,10,150,16,0.0
144,4,10,150,16,0.1227945149537572
145,4,10,150,16,0.08575067359220728
146,4,10,150,16,0.0
148,4,10,150,16,0.0
149,4,10,150,16,0.0
150,4,10,150,16,0.0
151,4,10,150,16,0.04094334421419535
152,4,10,150,16,0.0
153,4,10,150,16,0.0
154,4,10,150,16,0.0
155,4,10,150,16,0.0
156,4,10,150,16,0.0
158,4,10,150,16,0.11008935378765584
159,4,10,150,16,0.0
160,4,10,150,16,0.0
161,4,10,150,16,0.0
162,4,10,150,16,0.0
163,4,10,150,16,0.0
164,4,10,150,16,0.0
165,4,10,150,16,0.0
166,4,10,150,16,0.0
167,4,10,150,16,0.0
168,4,10,150,16,0.23504554941448536
169,4,10,150,16,0.0
170,4,10,150,16,0.0
171,4,10,150,16,0.0
172,4,10,150,16,0.0
173,4,10,150,16,0.0
174,4,10,150,16,0.06335619058732639
175,4,10,150,16,0.0
176,4,10,150,16,0.0
177,4,10,150,16,0.06912040963822193
178,4,10,150,16,0.22712956744410778
179,4,10,150,16,0.0
180,4,10,150,16,0.0
181,4,10,150,16,0.0
182,4,10,150,16,0.0
183,4,10,150,16,0.0
184,4,10,150,16,0.08493411133960002
185,4,10,150,16,0.07745351606183934
186,4,10,150,16,0.22147164648185297
187,4,10,150,16,0.0
188,4,10,150,16,0.0
189,4,10,150,16,0.1637733768567814
190,4,10,150,16,0.10699313236726378
191,4,10,150,16,0.0
192,4,10,150,16,0.0
193,4,10,150,16,0.0
194,4,10,150,16,0.0
195,4,10,150,16,0.0
196,4,10,150,16,0.0
197,4,10,150,16,0.0
198,4,10,150,16,0.0
199,4,10,150,16,0.0
200,4,10,150,16,0.044257815106106525
201,4,10,150,16,0.06335619058732639
203,4,10,150,16,0.0
204,4,10,150,16,0.0
205,4,10,150,16,0.0
206,4,10,150,16,0.0
207,4,10,150,16,0.0
209,4,10,150,16,0.0
210,4,10,150,16,0.0
211,4,10,150,16,0.0
212,4,10,150,16,0.12681701683239352
213,4,10,150,16,0.13955212171688613
214,4,10,150,16,0.0
215,4,10,150,16,0.0
216,4,10,150,16,0.0
217,4,10,150,16,0.0
218,4,10,150,16,0.19092086617893467
219,4,10,150,16,0.0
221,4,10,150,16,0.2797643380184693
222,4,10,150,16,0.1739567902686058
223,4,10,150,16,0.0
224,4,10,150,16,0.0
225,4,10,150,16,0.0
226,4,10,150,16,0.0
227,4,10,150,16,0.0
228,4,10,150,16,0.0
229,4,10,150,16,0.0
230,4,10,150,16,0.0843142342558857
231,4,10,150,16,0.0
232,4,10,150,16,0.3234992853586256
233,4,10,150,16,0.0
234,4,10,150,16,0.0
235,4,10,150,16,0.0
236,4,10,150,16,0.0
237,4,10,150,16,0.0
238,4,10,150,16,0.0
239,4,10,150,16,0.060772229737720354
240,4,10,150,16,0.0
242,4,10,150,16,0.0
243,4,10,150,16,0.05446333035917803
244,4,10,150,16,0.049043960636177025
245,4,10,150,16,0.0
246,4,10,150,16,0.08041927109478651
247,4,10,150,16,0.0
248,4,10,150,16,0.0
249,4,10,150,16,0.05382121602276955
250,4,10,150,16,0.2529427027676571
251,4,10,150,16,0.0
252,4,10,150,16,0.0
253,4,10,150,16,0.0
254,4,10,150,16,0.0
255,4,10,150,16,0.0
256,4,10,150,16,0.14524860635850984
257,4,10,150,16,0.2465263090905131
258,4,10,150,16,0.0
259,4,10,150,16,0.0
260,4,10,150,16,0.0
261,4,10,150,16,0.0
262,4,10,150,16,0.0
263,4,10,150,16,0.060772229737720354
264,4,10,150,16,0.0
265,4,10,150,16,0.10209739512291163
267,4,10,150,16,0.05073103706827456
268,4,10,150,16,0.06335619058732639
269,4,10,150,16,0.12922781116499021
270,4,10,150,16,0.0
271,4,10,150,16,0.10763795281840861
272,4,10,150,16,0.09109240322345806
273,4,10,150,16,0.0
274,4,10,150,16,0.0
275,4,10,150,16,0.0
276,4,10,150,16,0.21543812500768866
277,4,10,150,16,0.0
279,4,10,150,16,0.11794731620625351
280,4,10,150,16,0.0
281,4,10,150,16,0.0
283,4,10,150,16,0.0
284,4,10,150,16,0.0
285,4,10,150,16,0.0
286,4,10,150,16,0.23721904113787623
287,4,10,150,16,0.0
288,4,10,150,16,0.0
289,4,10,150,16,0.13905617951077562
290,4,10,150,16,0.0
291,4,10,150,16,0.2734029770267683
292,4,10,150,16,0.0
293,4,10,150,16,0.10332949630181452
294,4,10,150,16,0.0
295,4,10,150,16,0.1637733768567814
296,4,10,150,16,0.47774763069170006
297,4,10,150,16,0.05166474815090726
298,4,10,150,16,0.0705333542487353
299,4,10,150,16,0.0
300,4,10,150,16,0.0
301,4,10,150,16,0.05166474815090726
303,4,10,150,16,0.1537123146068306
304,4,10,150,16,0.0
305,4,10,150,16,0.26945175348671707
306,4,10,150,16,0.0
307,4,10,150,16,0.07667481399289292
308,4,10,150,16,0.19691637544026228
309,4,10,150,16,0.0
310,4,10,150,16,0.0
311,4,10,150,16,0.05459112561892713
312,4,10,150,16,0.05833725389333616
313,4,10,150,16,0.11265688951239886
314,4,10,150,16,0.21307407578185386
315,4,10,150,16,0.0
316,4,10,150,16,0.04568304891751105
317,4,10,150,16,0.0
318,4,10,150,16,0.05633425377856011
319,4,10,150,16,0.0
320,4,10,150,16,0.0
321,4,10,150,16,0.062242588308449316
322,4,10,150,16,0.17342765698823945
323,4,10,150,16,0.14126697285982898
324,4,10,150,16,0.0
325,4,10,150,16,0.0
326,4,10,150,16,0.04191911005669532
327,4,10,150,16,0.0
328,4,10,150,16,0.0818866884283907
329,4,10,150,16,0.0
330,4,10,150,16,0.0536466452928127
331,4,10,150,16,0.16958010263680806
332,4,10,150,16,0.0
333,4,10,150,16,0.0
334,4,10,150,16,0.12169344448066254
336,4,10,150,16,0.0
337,4,10,150,16,0.16716045496620227
338,4,10,150,16,0.0
339,4,10,150,16,0.0400672454325441
340,4,10,150,16,0.0
341,4,10,150,16,0.0
342,4,10,150,16,0.2056924869134767
343,4,10,150,16,0.2067883781396861
344,4,10,150,16,0.21575661643082156
345,4,10,150,16,0.0400672454325441
346,4,10,150,16,0.13947804593499064
347,4,10,150,16,0.0
348,4,10,150,16,0.0
349,4,10,150,16,0.0
350,4,10,150,16,0.0
351,4,10,150,16,0.0
352,4,10,150,16,0.0
353,4,10,150,16,0.0
354,4,10,150,16,0.0
355,4,10,150,16,0.0
356,4,10,150,16,0.0
357,4,10,150,16,0.0
358,4,10,150,16,0.20438239758848611
359,4,10,150,16,0.0
360,4,10,150,16,0.0
361,4,10,150,16,0.0
362,4,10,150,16,0.0
363,4,10,150,16,0.2524718062993493
364,4,10,150,16,0.0
365,4,10,150,16,0.0
366,4,10,150,16,0.0
367,4,10,150,16,0.0
368,4,10,150,16,0.0
369,4,10,150,16,0.0
370,4,10,150,16,0.09092803061897883
371,4,10,150,16,0.09460634670666435
372,4,10,150,16,0.0
373,4,10,150,16,0.0
374,4,10,150,16,0.08493411133960002
375,4,10,150,16,0.0
376,4,10,150,16,0.0
377,4,10,150,16,0.0
378,4,10,150,16,0.2886750665680768
379,4,10,150,16,0.0
380,4,10,150,16,0.0
381,4,10,150,16,0.0
382,4,10,150,16,0.0
383,4,10,150,16,0.0
384,4,10,150,16,0.0
385,4,10,150,16,0.0
386,4,10,150,16,0.0
387,4,10,150,16,0.1456100702823474
388,4,10,150,16,0.0
389,4,10,150,16,0.09664182166167198
390,4,10,150,16,0.0
391,4,10,150,16,0.2137247802747043
392,4,10,150,16,0.0
393,4,10,150,16,0.0
394,4,10,150,16,0.0992805981075315
395,4,10,150,16,0.0
396,4,10,150,16,0.0
397,4,10,150,16,0.25735723506438396
398,4,10,150,16,0.1739567902686058
399,4,10,150,16,0.0
400,4,10,150,16,0.0
401,4,10,150,16,0.0
402,4,10,150,16,0.0
403,4,10,150,16,0.0
404,4,10,150,16,0.0
405,4,10,150,16,0.10332949630181452
406,4,10,150,16,0.2538747875051845
407,4,10,150,16,0.05833725389333616
408,4,10,150,16,0.0
409,4,10,150,16,0.09498412708473565
410,4,10,150,16,0.0
411,4,10,150,16,0.0
412,4,10,150,16,0.0
413,4,10,150,16,0.0
414,4,10,150,16,0.0
415,4,10,150,16,0.0
416,4,10,150,16,0.1637733768567814
417,4,10,150,16,0.1306175394992632
418,4,10,150,16,0.0
419,4,10,150,16,0.1208113026994942
420,4,10,150,16,0.0
421,4,10,150,16,0.0
422,4,10,150,16,0.0
423,4,10,150,16,0.053845569940583225
424,4,10,150,16,0.23504554941448536
425,4,10,150,16,0.2456600652851721
426,4,10,150,16,0.0
427,4,10,150,16,0.0
428,4,10,150,16,0.0
429,4,10,150,16,0.31876762130950315
430,4,10,150,16,0.0
431,4,10,150,16,0.0
432,4,10,150,16,0.0
433,4,10,150,16,0.0
434,4,10,150,16,0.15130120674940672
435,4,10,150,16,0.18756506505832635
436,4,10,150,16,0.0
437,4,10,150,16,0.08101058964673945
438,4,10,150,16,0.0
439,4,10,150,16,0.0
440,4,10,150,16,0.0
441,4,10,150,16,0.0
442,4,10,150,16,0.05166474815090726
443,4,10,150,16,0.0
444,4,10,150,16,0.0
445,4,10,150,16,0.0
446,4,10,150,16,0.0
447,4,10,150,16,0.22712956744410778
448,4,10,150,16,0.0
449,4,10,150,16,0.1511226181481109
450,4,10,150,16,0.23146194113205346
451,4,10,150,16,0.0
452,4,10,150,16,0.14186394200793837
453,4,10,150,16,0.0
454,4,10,150,16,0.0
455,4,10,150,16,0.10332949630181452
456,4,10,150,16,0.0
457,4,10,150,16,0.3245507742447845
458,4,10,150,16,0.0
459,4,10,150,16,0.0
460,4,10,150,16,0.05184030722866645
461,4,10,150,16,0.0
462,4,10,150,16,0.0
463,4,10,150,16,0.1637733768567814
464,4,10,150,16,0.0
465,4,10,150,16,0.0
466,4,10,150,16,0.0
467,4,10,150,16,0.0
468,4,10,150,16,0.0400672454325441
469,4,10,150,16,0.0
470,4,10,150,16,0.0
471,4,10,150,16,0.0
472,4,10,150,16,0.04301500128290471
473,4,10,150,16,0.0
474,4,10,150,16,0.13560171526566656
475,4,10,150,16,0.0
476,4,10,150,16,0.0
477,4,10,150,16,0.0
478,4,10,150,16,0.2345109835167376
479,4,10,150,16,0.09355851403117899
480,4,10,150,16,0.0
481,4,10,150,16,0.0400672454325441
482,4,10,150,16,0.0
483,4,10,150,16,0.0
484,4,10,150,16,0.17580865489275702
485,4,10,150,16,0.0
486,4,10,150,16,0.0
487,4,10,150,16,0.12876567487511198
488,4,10,150,16,0.0
489,4,10,150,16,0.0
490,4,10,150,16,0.0
491,4,10,150,16,0.06362078819895171
492,4,10,150,16,0.0
493,4,10,150,16,0.0
494,4,10,150,16,0.0
495,4,10,150,16,0.0
496,4,10,150,16,0.0
497,4,10,150,16,0.10389182454399959
498,4,10,150,16,0.0
499,4,10,150,16,0.0
500,4,10,150,16,0.17621173087867098
501,4,10,150,16,0.0
502,4,10,150,16,0.0
503,4,10,150,16,0.0
504,4,10,150,16,0.08101058964673945
505,4,10,150,16,0.10332949630181452
506,4,10,150,16,0.05166474815090726
507,4,10,150,16,0.0
508,4,10,150,16,0.0
509,4,10,150,16,0.0
510,4,10,150,16,0.0
511,4,10,150,16,0.0
512,4,10,150,16,0.0
513,4,10,150,16,0.0
514,4,10,150,16,0.42643432391074787
515,4,10,150,16,0.11706259313796354
516,4,10,150,16,0.0
517,4,10,150,16,0.0
518,4,10,150,16,0.0
519,4,10,150,16,0.0
520,4,10,150,16,0.0
521,4,10,150,16,0.13118738735346316
522,4,10,150,16,0.0
523,4,10,150,16,0.0
524,4,10,150,16,0.253141321214398
525,4,10,150,16,0.0
526,4,10,150,16,0.0
527,4,10,150,16,0.04191911005669532
528,4,10,150,16,0.10209739512291163
529,4,10,150,16,0.0
530,4,10,150,16,0.0
531,4,10,150,16,0.0
532,4,10,150,16,0.40065430973789395
533,4,10,150,16,0.19926223483753824
534,4,10,150,16,0.05166474815090726
535,4,10,150,16,0.09260809236510262
536,4,10,150,16,0.10332949630181452
537,4,10,150,16,0.24493548771849152
538,4,10,150,16,0.10302038957305013
539,4,10,150,16,0.0
540,4,10,150,16,0.0
541,4,10,150,16,0.0
542,4,10,150,16,0.05833725389333616
543,4,10,150,16,0.0
544,4,10,150,16,0.0
545,4,10,150,16,0.0
546,4,10,150,16,0.0
547,4,10,150,16,0.0
548,4,10,150,16,0.12292969970343474
549,4,10,150,16,0.0
550,4,10,150,16,0.0
551,4,10,150,16,0.0
552,4,10,150,16,0.12526840475284598
553,4,10,150,16,0.04930069892507246
554,4,10,150,16,0.1637733768567814
555,4,10,150,16,0.0
556,4,10,150,16,0.0
557,4,10,150,16,0.0
558,4,10,150,16,0.0
559,4,10,150,16,0.04366879852493834
560,4,10,150,16,0.0
561,4,10,150,16,0.05459112561892713
562,4,10,150,16,0.0
563,4,10,150,16,0.0
564,4,10,150,16,0.0
565,4,10,150,16,0.0
566,4,10,150,16,0.05833725389333616
567,4,10,150,16,0.04930069892507246
568,4,10,150,16,0.04301500128290471
569,4,10,150,16,0.18299769260789403
570,4,10,150,16,0.0
571,4,10,150,16,0.0
572,4,10,150,16,0.16812753627111746
573,4,10,150,16,0.0
574,4,10,150,16,0.0
575,4,10,150,16,0.0
576,4,10,150,16,0.0
577,4,10,150,16,0.24415203626057735
578,4,10,150,16,0.0
579,4,10,150,16,0.0
580,4,10,150,16,0.0935838582076026
581,4,10,150,16,0.0
582,4,10,150,16,0.0
583,4,10,150,16,0.0
584,4,10,150,16,0.06323567569191428
585,4,10,150,16,0.04173963774222741
586,4,10,150,16,0.10332949630181452
587,4,10,150,16,0.0
588,4,10,150,16,0.1637733768567814
589,4,10,150,16,0.0
590,4,10,150,16,0.053845569940583225
591,4,10,150,16,0.0
592,4,10,150,16,0.4687296821134272
593,4,10,150,16,0.0
594,4,10,150,16,0.0
595,4,10,150,16,0.05459112561892713
596,4,10,150,16,0.0
597,4,10,150,16,0.22009176629808017
598,4,10,150,16,0.0
599,4,10,150,16,0.0
600,4,10,150,16,0.0
601,4,10,150,16,0.0
602,4,10,150,16,0.0
603,4,10,150,16,0.0
604,4,10,150,16,0.0
605,4,10,150,16,0.26710287315859593
606,4,10,150,16,0.1338895448360617
607,4,10,150,16,0.0
608,4,10,150,16,0.0
609,4,10,150,16,0.0
610,4,10,150,16,0.20471672107097674
611,4,10,150,16,0.0
612,4,10,150,16,0.0
613,4,10,150,16,0.0
614,4,10,150,16,0.0
615,4,10,150,16,0.0
616,4,10,150,16,0.0
617,4,10,150,16,0.0
618,4,10,150,16,0.25469130109141336
619,4,10,150,16,0.0
620,4,10,150,16,0.0400672454325441
621,4,10,150,16,0.10402068205299933
622,4,10,150,16,0.21722791431378502
623,4,10,150,16,0.0
624,4,10,150,16,0.0
625,4,10,150,16,0.0
626,4,10,150,16,0.0
627,4,10,150,16,0.11147669846293065
628,4,10,150,16,0.0
629,4,10,150,16,0.05166474815090726
630,4,10,150,16,0.2067883781396861
631,4,10,150,16,0.0
632,4,10,150,16,0.1062558737698344
633,4,10,150,16,0.07414861528507455
634,4,10,150,16,0.0
635,4,10,150,16,0.0
636,4,10,150,16,0.0
637,4,10,150,16,0.0
638,4,10,150,16,0.09712868482236708
639,4,10,150,16,0.0
640,4,10,150,16,0.04734112273659951
641,4,10,150,16,0.07675099783970546
642,4,10,150,16,0.05166474815090726
643,4,10,150,16,0.19299796424408963
644,4,10,150,16,0.0
645,4,10,150,16,0.19481506794065395
646,4,10,150,16,0.0
647,4,10,150,16,0.0
648,4,10,150,16,0.13647781404731782
649,4,10,150,16,0.11004588314904008
650,4,10,150,16,0.11479116935484182
651,4,10,150,16,0.0
652,4,10,150,16,0.0
653,4,10,150,16,0.2345168836552777
654,4,10,150,16,0.29838731598239215
655,4,10,150,16,0.0
656,4,10,150,16,0.0
657,4,10,150,16,0.0
658,4,10,150,16,0.18672776492534796
659,4,10,150,16,0.1300084886983138
660,4,10,150,16,0.0
661,4,10,150,16,0.08520115932030188
662,4,10,150,16,0.0
663,4,10,150,16,0.3187524524117895
664,4,10,150,16,0.39133351660425847
665,4,10,150,16,0.0
666,4,10,150,16,0.4388626298570699
667,4,10,150,16,0.1593472521587426
668,4,10,150,16,0.06194403202282284
669,4,10,150,16,0.05833725389333616
670,4,10,150,16,0.0
671,4,10,150,16,0.13952523695852714
672,4,10,150,16,0.0
673,4,10,150,16,0.0
674,4,10,150,16,0.0
675,4,10,150,16,0.0
676,4,10,150,16,0.13355143657929797
677,4,10,150,16,0.0
678,4,10,150,16,0.0
679,4,10,150,16,0.10342343601987049
680,4,10,150,16,0.0
681,4,10,150,16,0.0
682,4,10,150,16,0.25875750394151703
683,4,10,150,16,0.0
684,4,10,150,16,0.06335619058732639
685,4,10,150,16,0.0
686,4,10,150,16,0.04191911005669532
687,4,10,150,16,0.0
688,4,10,150,16,0.0
689,4,10,150,16,0.1116390111176635
690,4,10,150,16,0.10761400569343292
691,4,10,150,16,0.0
692,4,10,150,16,0.05833725389333616
693,4,10,150,16,0.0
694,4,10,150,16,0.17817130706714393
695,4,10,150,16,0.0
696,4,10,150,16,0.0
697,4,10,150,16,0.0
698,4,10,150,16,0.08493411133960002
699,4,10,150,16,0.10332949630181452
700,4,10,150,16,0.12729890218214104
701,4,10,150,16,0.0
702,4,10,150,16,0.0
703,4,10,150,16,0.10332949630181452
704,4,10,150,16,0.11794731620625351
705,4,10,150,16,0.04734112273659951
706,4,10,150,16,0.0
707,4,10,150,16,0.04191911005669532
708,4,10,150,16,0.04734112273659951
709,4,10,150,16,0.18908016989402182
710,4,10,150,16,0.15694004879492898
711,4,10,150,16,0.08575067359220728
712,4,10,150,16,0.04094334421419535
713,4,10,150,16,0.0
714,4,10,150,16,0.0
715,4,10,150,16,0.0
716,4,10,150,16,0.1999297059014101
717,4,10,150,16,0.0
718,4,10,150,16,0.0
719,4,10,150,16,0.0886984294425679
720,4,10,150,16,0.0
721,4,10,150,16,0.19759100085199888
722,4,10,150,16,0.06556429791586475
723,4,10,150,16,0.0
724,4,10,150,16,0.0
725,4,10,150,16,0.0
726,4,10,150,16,0.0
727,4,10,150,16,0.25299291271436214
728,4,10,150,16,0.051573320538546435
729,4,10,150,16,0.0
730,4,10,150,16,0.0
731,4,10,150,16,0.11292837951226328
732,4,10,150,16,0.0
733,4,10,150,16,0.17487535460536974
734,4,10,150,16,0.0
735,4,10,150,16,0.0
736,4,10,150,16,0.0
737,4,10,150,16,0.0
738,4,10,150,16,0.24117419054636882
739,4,10,150,16,0.0400672454325441
740,4,10,150,16,0.0
741,4,10,150,16,0.0705333542487353
742,4,10,150,16,0.0
743,4,10,150,16,0.0
744,4,10,150,16,0.0
745,4,10,150,16,0.0
746,4,10,150,16,0.21543812500768866
747,4,10,150,16,0.5704816446394068
748,4,10,150,16,0.1718279316941604
749,4,10,150,16,0.18295180256521915
750,4,10,150,16,0.0
751,4,10,150,16,0.08926023279329481
752,4,10,150,16,0.0
753,4,10,150,16,0.10332949630181452
754,4,10,150,16,0.0
755,4,10,150,16,0.0
756,4,10,150,16,0.05459112561892713
757,4,10,150,16,0.0
758,4,10,150,16,0.22712956744410778
759,4,10,150,16,0.049710505523782283
760,4,10,150,16,0.0
761,4,10,150,16,0.0
762,4,10,150,16,0.0
763,4,10,150,16,0.05833725389333616
764,4,10,150,16,0.14524860635850984
765,4,10,150,16,0.10122860821230018
766,4,10,150,16,0.05833725389333616
767,4,10,150,16,0.06994410797740244
768,4,10,150,16,0.0
769,4,10,150,16,0.0
770,4,10,150,16,0.19997131796348652
771,4,10,150,16,0.21307407578185386
772,4,10,150,16,0.0
773,4,10,150,16,0.15671027941153715
774,4,10,150,16,0.0
775,4,10,150,16,0.0
776,4,10,150,16,0.045683428159663184
777,4,10,150,16,0.0
778,4,10,150,16,0.12757011658805387
779,4,10,150,16,0.0
780,4,10,150,16,0.0
781,4,10,150,16,0.04094334421419535
782,4,10,150,16,0.10761400569343292
783,4,10,150,16,0.0
784,4,10,150,16,0.0
785,4,10,150,16,0.0
786,4,10,150,16,0.0
787,4,10,150,16,0.0
788,4,10,150,16,0.4089668151665343
789,4,10,150,16,0.051358492238643604
790,4,10,150,16,0.0
791,4,10,150,16,0.0
792,4,10,150,16,0.04301500128290471
793,4,10,150,16,0.0
794,4,10,150,16,0.0
795,4,10,150,16,0.0
796,4,10,150,16,0.3828149976480143
797,4,10,150,16,0.0
798,4,10,150,16,0.10332949630181452
799,4,10,150,16,0.0
800,4,10,150,16,0.0
801,4,10,150,16,0.0
802,4,10,150,16,0.0818866884283907
803,4,10,150,16,0.0
804,4,10,150,16,0.19346305395217006
805,4,10,150,16,0.19667785778323255
806,4,10,150,16,0.4652324119911611
807,4,10,150,16,0.04301500128290471
808,4,10,150,16,0.0
809,4,10,150,16,0.0
810,4,10,150,16,0.0
811,4,10,150,16,0.0
812,4,10,150,16,0.0
813,4,10,150,16,0.0
814,4,10,150,16,0.0
815,4,10,150,16,0.09035612401950423
816,4,10,150,16,0.0
817,4,10,150,16,0.0
818,4,10,150,16,0.0
819,4,10,150,16,0.0
820,4,10,150,16,0.0
821,4,10,150,16,0.25843174790825263
822,4,10,150,16,0.0
823,4,10,150,16,0.1865830649274417
824,4,10,150,16,0.05046096657376444
825,4,10,150,16,0.06335619058732639
826,4,10,150,16,0.1637733768567814
827,4,10,150,16,0.0
828,4,10,150,16,0.05166474815090726
829,4,10,150,16,0.14121789799278564
830,4,10,150,16,0.1592317836913032
831,4,10,150,16,0.29264398499885286
832,4,10,150,16,0.0
833,4,10,150,16,0.09734817631057045
834,4,10,150,16,0.22211063075011753
835,4,10,150,16,0.0
836,4,10,150,16,0.09884894072503365
837,4,10,150,16,0.0
838,4,10,150,16,0.3095843114574763
839,4,10,150,16,0.05166474815090726
840,4,10,150,16,0.31876762130950315
841,4,10,150,16,0.0
842,4,10,150,16,0.0
843,4,10,150,16,0.0
844,4,10,150,16,0.0
845,4,10,150,16,0.0
846,4,10,150,16,0.42292040122726177
847,4,10,150,16,0.1062558737698344
848,4,10,150,16,0.0
849,4,10,150,16,0.0
850,4,10,150,16,0.21333149834605797
851,4,10,150,16,0.04930069892507246
852,4,10,150,16,0.21307407578185386
853,4,10,150,16,0.0
854,4,10,150,16,0.0
855,4,10,150,16,0.0
856,4,10,150,16,0.0
857,4,10,150,16,0.0
858,4,10,150,16,0.0
859,4,10,150,16,0.0
860,4,10,150,16,0.0
861,4,10,150,16,0.0
862,4,10,150,16,0.04734112273659951
863,4,10,150,16,0.0
864,4,10,150,16,0.4608824331979707
865,4,10,150,16,0.045683428159663184
866,4,10,150,16,0.0
867,4,10,150,16,0.11794731620625351
868,4,10,150,16,0.29145688960232596
869,4,10,150,16,0.0
870,4,10,150,16,0.5104413680974113
871,4,10,150,16,0.09884894072503365
872,4,10,150,16,0.0
873,4,10,150,16,0.0
874,4,10,150,16,0.056210658265822395
875,4,10,150,16,0.11787447698533482
876,4,10,150,16,0.08671382849411972
877,4,10,150,16,0.09024404313926782
878,4,10,150,16,0.3495518898291716
879,4,10,150,16,0.0
880,4,10,150,16,0.5181237958650975
881,4,10,150,16,0.13891618615757775
882,4,10,150,16,0.2080311919628879
883,4,10,150,16,0.49432490464930934
884,4,10,150,16,0.0705333542487353
885,4,10,150,16,0.04930069892507246
886,4,10,150,16,0.19593758866691713
887,4,10,150,16,0.0705333542487353
888,4,10,150,16,0.06943122193677727
889,4,10,150,16,0.0
890,4,10,150,16,0.0
891,4,10,150,16,0.04094334421419535
892,4,10,150,16,0.19800924573562653
893,4,10,150,16,0.11479116935484182
894,4,10,150,16,0.2046817514780554
895,4,10,150,16,0.0
896,4,10,150,16,0.5709575598462395
897,4,10,150,16,0.3368798742669399
898,4,10,150,16,0.0
899,4,10,150,16,0.06335619058732639
900,4,10,150,16,0.04191911005669532
901,4,10,150,16,0.2791381511945715
902,4,10,150,16,0.0
903,4,10,150,16,0.2606726210826575
904,4,10,150,16,0.0
905,4,10,150,16,0.0
906,4,10,150,16,0.044257815106106525
907,4,10,150,16,0.06335619058732639
908,4,10,150,16,0.10567837662993566
909,4,10,150,16,0.0
910,4,10,150,16,0.0
911,4,10,150,16,0.08575067359220728
912,4,10,150,16,0.06335619058732639
913,4,10,150,16,0.0
914,4,10,150,16,0.0
915,4,10,150,16,0.0
916,4,10,150,16,0.5562319829299379
917,4,10,150,16,0.0
918,4,10,150,16,0.0818866884283907
919,4,10,150,16,0.18618622322991243
920,4,10,150,16,0.0
921,4,10,150,16,0.1705851178709586
922,4,10,150,16,0.2630977391674211
923,4,10,150,16,0.0
924,4,10,150,16,0.0
925,4,10,150,16,0.0
926,4,10,150,16,0.0
927,4,10,150,16,0.0
928,4,10,150,16,0.1482972305701491
929,4,10,150,16,0.19593758866691713
930,4,10,150,16,0.0
931,4,10,150,16,0.0
932,4,10,150,16,0.17588700516715336
933,4,10,150,16,0.05459112561892713
934,4,10,150,16,0.17491123932465338
935,4,10,150,16,0.04173963774222741
936,4,10,150,16,0.20471672107097674
937,4,10,150,16,0.0
938,4,10,150,16,0.16166675019515067
939,4,10,150,16,0.0
940,4,10,150,16,0.05833725389333616
941,4,10,150,16,0.0
942,4,10,150,16,0.04094334421419535
943,4,10,150,16,0.2381707162693333
1,4,10,150,17,0.4646307801739275
2,4,10,150,17,0.0
3,4,10,150,17,0.0
4,4,10,150,17,0.0
5,4,10,150,17,0.0
6,4,10,150,17,0.22009176629808017
7,4,10,150,17,0.33495802088108373
8,4,10,150,17,0.0
9,4,10,150,17,0.21840743681816419
10,4,10,150,17,0.0
11,4,10,150,17,0.15758427078022966
12,4,10,150,17,0.0
13,4,10,150,17,0.1744444805463219
14,4,10,150,17,0.0
15,4,10,150,17,0.0
16,4,10,150,17,0.0
17,4,10,150,17,0.0
18,4,10,150,17,0.292509055997439
19,4,10,150,17,0.0
20,4,10,150,17,0.0
21,4,10,150,17,0.0
22,4,10,150,17,0.0664352832729762
23,4,10,150,17,0.19906649093208975
24,4,10,150,17,0.0
25,4,10,150,17,0.07414861528507455
26,4,10,150,17,0.0
27,4,10,150,17,0.0
28,4,10,150,17,0.0
29,4,10,150,17,0.0740318445087683
30,4,10,150,17,0.0
31,4,10,150,17,0.0
32,4,10,150,17,0.0
33,4,10,150,17,0.0
35,4,10,150,17,0.0
36,4,10,150,17,0.0
37,4,10,150,17,0.0
38,4,10,150,17,0.0
39,4,10,150,17,0.0
40,4,10,150,17,0.0
41,4,10,150,17,0.0
42,4,10,150,17,0.0
43,4,10,150,17,0.19897370622983218
44,4,10,150,17,0.1694627944724332
45,4,10,150,17,0.0
46,4,10,150,17,0.11284514134893527
47,4,10,150,17,0.0
48,4,10,150,17,0.0
49,4,10,150,17,0.0
50,4,10,150,17,0.0
51,4,10,150,17,0.16812753627111746
52,4,10,150,17,0.0
54,4,10,150,17,0.0
56,4,10,150,17,0.15987765436170018
57,4,10,150,17,0.18686728486108495
58,4,10,150,17,0.23504554941448536
59,4,10,150,17,0.23929803586986734
60,4,10,150,17,0.06362078819895171
61,4,10,150,17,0.0
62,4,10,150,17,0.09808016012359463
63,4,10,150,17,0.0
64,4,10,150,17,0.043957020679722535
65,4,10,150,17,0.13012668333070054
66,4,10,150,17,0.0
67,4,10,150,17,0.0
68,4,10,150,17,0.3391602052736161
69,4,10,150,17,0.0
70,4,10,150,17,0.0
71,4,10,150,17,0.0
72,4,10,150,17,0.0
73,4,10,150,17,0.0
74,4,10,150,17,0.0
75,4,10,150,17,0.0
76,4,10,150,17,0.0
77,4,10,150,17,0.0
78,4,10,150,17,0.0
79,4,10,150,17,0.27487633291429087
80,4,10,150,17,0.0
81,4,10,150,17,0.0
82,4,10,150,17,0.19298623480417013
83,4,10,150,17,0.06556429791586475
84,4,10,150,17,0.0
85,4,10,150,17,0.0
87,4,10,150,17,0.0
89,4,10,150,17,0.16716045496620227
90,4,10,150,17,0.0
91,4,10,150,17,0.0
92,4,10,150,17,0.12274915606983736
93,4,10,150,17,0.0
94,4,10,150,17,0.0377906726681472
95,4,10,150,17,0.15758427078022966
96,4,10,150,17,0.0
97,4,10,150,17,0.0
98,4,10,150,17,0.0
99,4,10,150,17,0.0
100,4,10,150,17,0.0
101,4,10,150,17,0.0
102,4,10,150,17,0.0
103,4,10,150,17,0.0
104,4,10,150,17,0.0
105,4,10,150,17,0.0
106,4,10,150,17,0.0
107,4,10,150,17,0.0
108,4,10,150,17,0.0
109,4,10,150,17,0.0
110,4,10,150,17,0.0
111,4,10,150,17,0.0
112,4,10,150,17,0.0
113,4,10,150,17,0.0
114,4,10,150,17,0.0
115,4,10,150,17,0.0
116,4,10,150,17,0.0
117,4,10,150,17,0.14606834984270645
118,4,10,150,17,0.0
119,4,10,150,17,0.08750297523320127
120,4,10,150,17,0.0
121,4,10,150,17,0.2147325744928709
122,4,10,150,17,0.08177471774917201
123,4,10,150,17,0.0
125,4,10,150,17,0.0
126,4,10,150,17,0.0
127,4,10,150,17,0.10253313861822189
128,4,10,150,17,0.0
129,4,10,150,17,0.0
130,4,10,150,17,0.15758427078022966
131,4,10,150,17,0.0
133,4,10,150,17,0.0
134,4,10,150,17,0.0
135,4,10,150,17,0.0
137,4,10,150,17,0.0
138,4,10,150,17,0.0
139,4,10,150,17,0.0
141,4,10,150,17,0.0
142,4,10,150,17,0.0
143,4,10,150,17,0.0
144,4,10,150,17,0.1227945149537572
145,4,10,150,17,0.08251009795541105
146,4,10,150,17,0.0
148,4,10,150,17,0.0
149,4,10,150,17,0.0
150,4,10,150,17,0.0
151,4,10,150,17,0.039396067695057414
152,4,10,150,17,0.0
153,4,10,150,17,0.0
154,4,10,150,17,0.0
155,4,10,150,17,0.0
156,4,10,150,17,0.0
158,4,10,150,17,0.11008935378765584
159,4,10,150,17,0.0
160,4,10,150,17,0.0
161,4,10,150,17,0.0
162,4,10,150,17,0.0
163,4,10,150,17,0.0
164,4,10,150,17,0.0
165,4,10,150,17,0.0
166,4,10,150,17,0.0
167,4,10,150,17,0.0
168,4,10,150,17,0.23504554941448536
169,4,10,150,17,0.0
170,4,10,150,17,0.0
171,4,10,150,17,0.0
172,4,10,150,17,0.0
173,4,10,150,17,0.0
174,4,10,150,17,0.060961917527339995
175,4,10,150,17,0.0
176,4,10,150,17,0.0
177,4,10,150,17,0.06912040963822193
178,4,10,150,17,0.21854618830756964
179,4,10,150,17,0.0
180,4,10,150,17,0.0
181,4,10,150,17,0.0
182,4,10,150,17,0.0
183,4,10,150,17,0.0
184,4,10,150,17,0.08172439413960522
185,4,10,150,17,0.07745351606183934
186,4,10,150,17,0.22147164648185297
187,4,10,150,17,0.0
188,4,10,150,17,0.0
189,4,10,150,17,0.15758427078022966
190,4,10,150,17,0.10699313236726378
191,4,10,150,17,0.0
192,4,10,150,17,0.0
193,4,10,150,17,0.0
194,4,10,150,17,0.0
195,4,10,150,17,0.0
196,4,10,150,17,0.0
197,4,10,150,17,0.0
198,4,10,150,17,0.0
199,4,10,150,17,0.0
200,4,10,150,17,0.04258528250242427
201,4,10,150,17,0.060961917527339995
203,4,10,150,17,0.0
204,4,10,150,17,0.0
205,4,10,150,17,0.0
206,4,10,150,17,0.0
207,4,10,150,17,0.0
209,4,10,150,17,0.0
210,4,10,150,17,0.0
211,4,10,150,17,0.0
212,4,10,150,17,0.12681701683239352
213,4,10,150,17,0.13955212171688613
214,4,10,150,17,0.0
215,4,10,150,17,0.0
216,4,10,150,17,0.0
217,4,10,150,17,0.0
218,4,10,150,17,0.19092086617893467
219,4,10,150,17,0.0
221,4,10,150,17,0.2797643380184693
222,4,10,150,17,0.1673828461491634
223,4,10,150,17,0.0
224,4,10,150,17,0.0
225,4,10,150,17,0.0
226,4,10,150,17,0.0
227,4,10,150,17,0.0
228,4,10,150,17,0.0
229,4,10,150,17,0.0
230,4,10,150,17,0.0843142342558857
231,4,10,150,17,0.0
232,4,10,150,17,0.3234992853586256
233,4,10,150,17,0.0
234,4,10,150,17,0.0
235,4,10,150,17,0.06065881345112158
236,4,10,150,17,0.0
237,4,10,150,17,0.0
238,4,10,150,17,0.0
239,4,10,150,17,0.060772229737720354
240,4,10,150,17,0.0
242,4,10,150,17,0.0
243,4,10,150,17,0.05446333035917803
244,4,10,150,17,0.049043960636177025
245,4,10,150,17,0.0
246,4,10,150,17,0.08041927109478651
247,4,10,150,17,0.0
248,4,10,150,17,0.0
249,4,10,150,17,0.05382121602276955
250,4,10,150,17,0.2529427027676571
251,4,10,150,17,0.0
252,4,10,150,17,0.0
253,4,10,150,17,0.0
254,4,10,150,17,0.0
255,4,10,150,17,0.0
256,4,10,150,17,0.13975956382011082
257,4,10,150,17,0.2465263090905131
258,4,10,150,17,0.0
259,4,10,150,17,0.0
260,4,10,150,17,0.0
261,4,10,150,17,0.0
262,4,10,150,17,0.0
263,4,10,150,17,0.060772229737720354
264,4,10,150,17,0.0
265,4,10,150,17,0.10209739512291163
267,4,10,150,17,0.05073103706827456
268,4,10,150,17,0.060961917527339995
269,4,10,150,17,0.12434420525363292
270,4,10,150,17,0.0
271,4,10,150,17,0.14136091484492588
272,4,10,150,17,0.09109240322345806
273,4,10,150,17,0.0
274,4,10,150,17,0.0
275,4,10,150,17,0.0
276,4,10,150,17,0.20729657334528373
277,4,10,150,17,0.0
279,4,10,150,17,0.11349000778741654
280,4,10,150,17,0.0
281,4,10,150,17,0.0
283,4,10,150,17,0.0
284,4,10,150,17,0.0
285,4,10,150,17,0.0
286,4,10,150,17,0.228254374003583
287,4,10,150,17,0.0
288,4,10,150,17,0.0
289,4,10,150,17,0.13905617951077562
290,4,10,150,17,0.0
291,4,10,150,17,0.26307089461545274
292,4,10,150,17,0.0
293,4,10,150,17,0.09942460513010813
294,4,10,150,17,0.0
295,4,10,150,17,0.1637733768567814
296,4,10,150,17,0.47774763069170006
297,4,10,150,17,0.049712302565054066
298,4,10,150,17,0.10565852401428207
299,4,10,150,17,0.0
300,4,10,150,17,0.0
301,4,10,150,17,0.049712302565054066
303,4,10,150,17,0.14790342284046062
304,4,10,150,17,0.0
305,4,10,150,17,0.25926899047084223
306,4,10,150,17,0.0
307,4,10,150,17,0.07667481399289292
308,4,10,150,17,0.18947477315300135
309,4,10,150,17,0.0
310,4,10,150,17,0.0
311,4,10,150,17,0.05252809026007655
312,4,10,150,17,0.0561326498270945
313,4,10,150,17,0.10839950987702417
314,4,10,150,17,0.20502186312991383
315,4,10,150,17,0.0
316,4,10,150,17,0.04568304891751105
317,4,10,150,17,0.0
318,4,10,150,17,0.05633425377856011
319,4,10,150,17,0.0
320,4,10,150,17,0.0
321,4,10,150,17,0.062242588308449316
322,4,10,150,17,0.17342765698823945
323,4,10,150,17,0.14126697285982898
324,4,10,150,17,0.0
325,4,10,150,17,0.0
326,4,10,150,17,0.040334958690002705
327,4,10,150,17,0.0
328,4,10,150,17,0.11658280805826203
329,4,10,150,17,0.0
330,4,10,150,17,0.0536466452928127
331,4,10,150,17,0.16958010263680806
332,4,10,150,17,0.0
333,4,10,150,17,0.0
334,4,10,150,17,0.11709456735443448
336,4,10,150,17,0.0
337,4,10,150,17,0.16716045496620227
338,4,10,150,17,0.0
339,4,10,150,17,0.03855307727568851
340,4,10,150,17,0.0
341,4,10,150,17,0.0
342,4,10,150,17,0.19791922947023236
343,4,10,150,17,0.19897370622983218
344,4,10,150,17,0.2076030287632974
345,4,10,150,17,0.03855307727568851
346,4,10,150,17,0.13947804593499064
347,4,10,150,17,0.0
348,4,10,150,17,0.0
349,4,10,150,17,0.0
350,4,10,150,17,0.0
351,4,10,150,17,0.0
352,4,10,150,17,0.0
353,4,10,150,17,0.0
354,4,10,150,17,0.0
355,4,10,150,17,0.0
356,4,10,150,17,0.0
357,4,10,150,17,0.0
358,4,10,150,17,0.20438239758848611
359,4,10,150,17,0.0
360,4,10,150,17,0.0
361,4,10,150,17,0.04972780777662495
362,4,10,150,17,0.0
363,4,10,150,17,0.24293072690955472
364,4,10,150,17,0.0
365,4,10,150,17,0.0
366,4,10,150,17,0.0
367,4,10,150,17,0.0
368,4,10,150,17,0.0
369,4,10,150,17,0.0
370,4,10,150,17,0.09092803061897883
371,4,10,150,17,0.09460634670666435
372,4,10,150,17,0.0
373,4,10,150,17,0.0
374,4,10,150,17,0.08172439413960522
375,4,10,150,17,0.0
376,4,10,150,17,0.0
377,4,10,150,17,0.0
378,4,10,150,17,0.277765841619947
379,4,10,150,17,0.0
380,4,10,150,17,0.0
381,4,10,150,17,0.0
382,4,10,150,17,0.0
383,4,10,150,17,0.0
384,4,10,150,17,0.0
385,4,10,150,17,0.0
386,4,10,150,17,0.0
387,4,10,150,17,0.1401073677791213
388,4,10,150,17,0.0
389,4,10,150,17,0.09298966221320228
390,4,10,150,17,0.0
391,4,10,150,17,0.2137247802747043
392,4,10,150,17,0.0
393,4,10,150,17,0.0
394,4,10,150,17,0.0955287175221519
395,4,10,150,17,0.0
396,4,10,150,17,0.0
397,4,10,150,17,0.24763153203528643
398,4,10,150,17,0.1673828461491634
399,4,10,150,17,0.0
400,4,10,150,17,0.0
401,4,10,150,17,0.0
402,4,10,150,17,0.0
403,4,10,150,17,0.0
404,4,10,150,17,0.0
405,4,10,150,17,0.09942460513010813
406,4,10,150,17,0.24428068851188067
407,4,10,150,17,0.0561326498270945
408,4,10,150,17,0.0
409,4,10,150,17,0.09139461302940671
410,4,10,150,17,0.0
411,4,10,150,17,0.0
412,4,10,150,17,0.0
413,4,10,150,17,0.0
414,4,10,150,17,0.0
415,4,10,150,17,0.0
416,4,10,150,17,0.15758427078022966
417,4,10,150,17,0.12568141481932776
418,4,10,150,17,0.0
419,4,10,150,17,0.1208113026994942
420,4,10,150,17,0.0
421,4,10,150,17,0.0
422,4,10,150,17,0.0
423,4,10,150,17,0.053845569940583225
424,4,10,150,17,0.23504554941448536
425,4,10,150,17,0.23637640617034447
426,4,10,150,17,0.0
427,4,10,150,17,0.0
428,4,10,150,17,0.0
429,4,10,150,17,0.3067211784753918
430,4,10,150,17,0.0
431,4,10,150,17,0.0
432,4,10,150,17,0.0
433,4,10,150,17,0.0
434,4,10,150,17,0.15130120674940672
435,4,10,150,17,0.18047685508072742
436,4,10,150,17,0.0
437,4,10,150,17,0.07794914497074593
438,4,10,150,17,0.0
439,4,10,150,17,0.0
440,4,10,150,17,0.0
441,4,10,150,17,0.0
442,4,10,150,17,0.049712302565054066
443,4,10,150,17,0.0
444,4,10,150,17,0.0
445,4,10,150,17,0.0
446,4,10,150,17,0.0
447,4,10,150,17,0.21854618830756964
448,4,10,150,17,0.0
449,4,10,150,17,0.1511226181481109
450,4,10,150,17,0.22271483867959807
451,4,10,150,17,0.0
452,4,10,150,17,0.13650280821210334
453,4,10,150,17,0.0
454,4,10,150,17,0.0
455,4,10,150,17,0.09942460513010813
456,4,10,150,17,0.0
457,4,10,150,17,0.31228578217110614
458,4,10,150,17,0.0
459,4,10,150,17,0.0
460,4,10,150,17,0.05184030722866645
461,4,10,150,17,0.0
462,4,10,150,17,0.0
463,4,10,150,17,0.15758427078022966
464,4,10,150,17,0.0
465,4,10,150,17,0.0
466,4,10,150,17,0.0
467,4,10,150,17,0.0
468,4,10,150,17,0.03855307727568851
469,4,10,150,17,0.0
470,4,10,150,17,0.0
471,4,10,150,17,0.0
472,4,10,150,17,0.041389435449602524
473,4,10,150,17,0.0
474,4,10,150,17,0.16826790789896967
475,4,10,150,17,0.0
476,4,10,150,17,0.0
477,4,10,150,17,0.0
478,4,10,150,17,0.2345109835167376
479,4,10,150,17,0.09002287485210844
480,4,10,150,17,0.0
481,4,10,150,17,0.03855307727568851
482,4,10,150,17,0.0
483,4,10,150,17,0.0
484,4,10,150,17,0.16916472756347756
485,4,10,150,17,0.0
486,4,10,150,17,0.0
487,4,10,150,17,0.12389953340501357
488,4,10,150,17,0.0
489,4,10,150,17,0.0
490,4,10,150,17,0.0
491,4,10,150,17,0.06362078819895171
492,4,10,150,17,0.0
493,4,10,150,17,0.0
494,4,10,150,17,0.0
495,4,10,150,17,0.0
496,4,10,150,17,0.0
497,4,10,150,17,0.09996568260976071
498,4,10,150,17,0.0
499,4,10,150,17,0.0
500,4,10,150,17,0.16955257103674748
501,4,10,150,17,0.0
502,4,10,150,17,0.0
503,4,10,150,17,0.0
504,4,10,150,17,0.07794914497074593
505,4,10,150,17,0.09942460513010813
506,4,10,150,17,0.049712302565054066
507,4,10,150,17,0.0
508,4,10,150,17,0.0
509,4,10,150,17,0.0
510,4,10,150,17,0.0
511,4,10,150,17,0.0
512,4,10,150,17,0.0
513,4,10,150,17,0.0
514,4,10,150,17,0.4103190839613741
515,4,10,150,17,0.11706259313796354
516,4,10,150,17,0.0
517,4,10,150,17,0.0
518,4,10,150,17,0.0
519,4,10,150,17,0.0
520,4,10,150,17,0.0
521,4,10,150,17,0.126229727739799
522,4,10,150,17,0.0
523,4,10,150,17,0.0
524,4,10,150,17,0.24357494040560235
525,4,10,150,17,0.0
526,4,10,150,17,0.04972780777662495
527,4,10,150,17,0.040334958690002705
528,4,10,150,17,0.10209739512291163
529,4,10,150,17,0.0
530,4,10,150,17,0.0
531,4,10,150,17,0.0
532,4,10,150,17,0.38551331386550675
533,4,10,150,17,0.19173198094566937
534,4,10,150,17,0.049712302565054066
535,4,10,150,17,0.08910837026011148
536,4,10,150,17,0.09942460513010813
537,4,10,150,17,0.2734698835454562
538,4,10,150,17,0.10302038957305013
539,4,10,150,17,0.0
540,4,10,150,17,0.0
541,4,10,150,17,0.0
542,4,10,150,17,0.0561326498270945
543,4,10,150,17,0.0
544,4,10,150,17,0.0
545,4,10,150,17,0.0
546,4,10,150,17,0.0
547,4,10,150,17,0.0
548,4,10,150,17,0.11828410366074861
549,4,10,150,17,0.0
550,4,10,150,17,0.0
551,4,10,150,17,0.0
552,4,10,150,17,0.1205344274731702
553,4,10,150,17,0.04743759234968417
554,4,10,150,17,0.15758427078022966
555,4,10,150,17,0.0
556,4,10,150,17,0.0
557,4,10,150,17,0.0
558,4,10,150,17,0.0
559,4,10,150,17,0.04366879852493834
560,4,10,150,17,0.0
561,4,10,150,17,0.05252809026007655
562,4,10,150,17,0.0
563,4,10,150,17,0.0
564,4,10,150,17,0.0
565,4,10,150,17,0.0
566,4,10,150,17,0.0561326498270945
567,4,10,150,17,0.04743759234968417
568,4,10,150,17,0.041389435449602524
569,4,10,150,17,0.18299769260789403
570,4,10,150,17,0.0
571,4,10,150,17,0.0
572,4,10,150,17,0.16812753627111746
573,4,10,150,17,0.0
574,4,10,150,17,0.0
575,4,10,150,17,0.0
576,4,10,150,17,0.0
577,4,10,150,17,0.2727160392451395
578,4,10,150,17,0.0
579,4,10,150,17,0.0
580,4,10,150,17,0.09004726125505678
581,4,10,150,17,0.0
582,4,10,150,17,0.0
583,4,10,150,17,0.0
584,4,10,150,17,0.06323567569191428
585,4,10,150,17,0.04173963774222741
586,4,10,150,17,0.09942460513010813
587,4,10,150,17,0.0
588,4,10,150,17,0.15758427078022966
589,4,10,150,17,0.0
590,4,10,150,17,0.053845569940583225
591,4,10,150,17,0.0
592,4,10,150,17,0.451016072126834
593,4,10,150,17,0.0377906726681472
594,4,10,150,17,0.0
595,4,10,150,17,0.05252809026007655
596,4,10,150,17,0.0
597,4,10,150,17,0.22009176629808017
598,4,10,150,17,0.0
599,4,10,150,17,0.0
600,4,10,150,17,0.0
601,4,10,150,17,0.0
602,4,10,150,17,0.0
603,4,10,150,17,0.0
604,4,10,150,17,0.0
605,4,10,150,17,0.2570088759103378
606,4,10,150,17,0.1288297688734749
607,4,10,150,17,0.0
608,4,10,150,17,0.0
609,4,10,150,17,0.0
610,4,10,150,17,0.19698033847528706
611,4,10,150,17,0.0
612,4,10,150,17,0.0
613,4,10,150,17,0.0
614,4,10,150,17,0.0
615,4,10,150,17,0.0
616,4,10,150,17,0.0
617,4,10,150,17,0.0
618,4,10,150,17,0.24506634550044326
619,4,10,150,17,0.0
620,4,10,150,17,0.03855307727568851
621,4,10,150,17,0.10008967050681702
622,4,10,150,17,0.20901872530956844
623,4,10,150,17,0.0
624,4,10,150,17,0.0
625,4,10,150,17,0.0
626,4,10,150,17,0.0
627,4,10,150,17,0.1072639190411923
628,4,10,150,17,0.0
629,4,10,150,17,0.049712302565054066
630,4,10,150,17,0.19897370622983218
631,4,10,150,17,0.0
632,4,10,150,17,0.14003106549327782
633,4,10,150,17,0.07414861528507455
634,4,10,150,17,0.0
635,4,10,150,17,0.0
636,4,10,150,17,0.0
637,4,10,150,17,0.0
638,4,10,150,17,0.09712868482236708
639,4,10,150,17,0.0
640,4,10,150,17,0.0455520698635181
641,4,10,150,17,0.07675099783970546
642,4,10,150,17,0.08750297523320127
643,4,10,150,17,0.22349511401986966
644,4,10,150,17,0.0
645,4,10,150,17,0.18745287547728584
646,4,10,150,17,0.0
647,4,10,150,17,0.0
648,4,10,150,17,0.13132022565019136
649,4,10,150,17,0.11004588314904008
650,4,10,150,17,0.11045313384855915
651,4,10,150,17,0.0
652,4,10,150,17,0.0
653,4,10,150,17,0.22565433286990713
654,4,10,150,17,0.28711105859577457
655,4,10,150,17,0.0
656,4,10,150,17,0.0
657,4,10,150,17,0.0
658,4,10,150,17,0.18672776492534796
659,4,10,150,17,0.12509538045783533
660,4,10,150,17,0.0
661,4,10,150,17,0.08198135019748169
662,4,10,150,17,0.0
663,4,10,150,17,0.3444972554886736
664,4,10,150,17,0.376544759774192
665,4,10,150,17,0.0
666,4,10,150,17,0.42227771586585916
667,4,10,150,17,0.1593472521587426
668,4,10,150,17,0.06194403202282284
669,4,10,150,17,0.0561326498270945
670,4,10,150,17,0.0
671,4,10,150,17,0.17204315706782894
672,4,10,150,17,0.0
673,4,10,150,17,0.0
674,4,10,150,17,0.0
675,4,10,150,17,0.0
676,4,10,150,17,0.1285044379551689
677,4,10,150,17,0.0
678,4,10,150,17,0.0
679,4,10,150,17,0.0995149948030285
680,4,10,150,17,0.0
681,4,10,150,17,0.0
682,4,10,150,17,0.24897888380963637
683,4,10,150,17,0.0
684,4,10,150,17,0.060961917527339995
685,4,10,150,17,0.0
686,4,10,150,17,0.0781256313581499
687,4,10,150,17,0.0
688,4,10,150,17,0.0
689,4,10,150,17,0.1116390111176635
690,4,10,150,17,0.10354720002976427
691,4,10,150,17,0.0
692,4,10,150,17,0.05833725389333616
693,4,10,150,17,0.0
694,4,10,150,17,0.17143809352291356
695,4,10,150,17,0.0
696,4,10,150,17,0.0
697,4,10,150,17,0.0
698,4,10,150,17,0.08172439413960522
699,4,10,150,17,0.09942460513010813
700,4,10,150,17,0.12729890218214104
701,4,10,150,17,0.0
702,4,10,150,17,0.0
703,4,10,150,17,0.09942460513010813
704,4,10,150,17,0.15128068045556373
705,4,10,150,17,0.0455520698635181
706,4,10,150,17,0.0
707,4,10,150,17,0.040334958690002705
708,4,10,150,17,0.0455520698635181
709,4,10,150,17,0.18193470308551918
710,4,10,150,17,0.15100917878239678
711,4,10,150,17,0.08251009795541105
712,4,10,150,17,0.039396067695057414
713,4,10,150,17,0.0
714,4,10,150,17,0.0
715,4,10,150,17,0.0
716,4,10,150,17,0.23016490049719818
717,4,10,150,17,0.0377906726681472
718,4,10,150,17,0.0
719,4,10,150,17,0.08534645612932507
720,4,10,150,17,0.0
721,4,10,150,17,0.1901239040166294
722,4,10,150,17,0.06556429791586475
723,4,10,150,17,0.0
724,4,10,150,17,0.0
725,4,10,150,17,0.0
726,4,10,150,17,0.0
727,4,10,150,17,0.24343214036261251
728,4,10,150,17,0.051573320538546435
729,4,10,150,17,0.0
730,4,10,150,17,0.0
731,4,10,150,17,0.10866074008717104
732,4,10,150,17,0.0
733,4,10,150,17,0.16826669732175203
734,4,10,150,17,0.0
735,4,10,150,17,0.0
736,4,10,150,17,0.0
737,4,10,150,17,0.0
738,4,10,150,17,0.23206005565542562
739,4,10,150,17,0.03855307727568851
740,4,10,150,17,0.0
741,4,10,150,17,0.06786785134613488
742,4,10,150,17,0.0
743,4,10,150,17,0.0
744,4,10,150,17,0.0
745,4,10,150,17,0.0377906726681472
746,4,10,150,17,0.20729657334528373
747,4,10,150,17,0.5867134322118
748,4,10,150,17,0.16533443857226163
749,4,10,150,17,0.17603793088042946
750,4,10,150,17,0.0
751,4,10,150,17,0.08588702855352079
752,4,10,150,17,0.0
753,4,10,150,17,0.09942460513010813
754,4,10,150,17,0.0
755,4,10,150,17,0.0
756,4,10,150,17,0.05252809026007655
757,4,10,150,17,0.0
758,4,10,150,17,0.21854618830756964
759,4,10,150,17,0.049710505523782283
760,4,10,150,17,0.0
761,4,10,150,17,0.0
762,4,10,150,17,0.0
763,4,10,150,17,0.0561326498270945
764,4,10,150,17,0.13975956382011082
765,4,10,150,17,0.10122860821230018
766,4,10,150,17,0.0561326498270945
767,4,10,150,17,0.06994410797740244
768,4,10,150,17,0.0
769,4,10,150,17,0.0
770,4,10,150,17,0.1924142673433104
771,4,10,150,17,0.20502186312991383
772,4,10,150,17,0.0
773,4,10,150,17,0.15078809253856185
774,4,10,150,17,0.0
775,4,10,150,17,0.0
776,4,10,150,17,0.043957020679722535
777,4,10,150,17,0.0
778,4,10,150,17,0.12274915606983736
779,4,10,150,17,0.0
780,4,10,150,17,0.0
781,4,10,150,17,0.039396067695057414
782,4,10,150,17,0.10354720002976427
783,4,10,150,17,0.0
784,4,10,150,17,0.0
785,4,10,150,17,0.0
786,4,10,150,17,0.0
787,4,10,150,17,0.0
788,4,10,150,17,0.39351168412244114
789,4,10,150,17,0.051358492238643604
790,4,10,150,17,0.0
791,4,10,150,17,0.0
792,4,10,150,17,0.041389435449602524
793,4,10,150,17,0.0
794,4,10,150,17,0.0
795,4,10,150,17,0.0
796,4,10,150,17,0.4061388340475879
797,4,10,150,17,0.0
798,4,10,150,17,0.09942460513010813
799,4,10,150,17,0.0
800,4,10,150,17,0.0
801,4,10,150,17,0.0
802,4,10,150,17,0.07879213539011483
803,4,10,150,17,0.0
804,4,10,150,17,0.2239426276750307
805,4,10,150,17,0.22703594190682116
806,4,10,150,17,0.44765096619499056
807,4,10,150,17,0.041389435449602524
808,4,10,150,17,0.0
809,4,10,150,17,0.0
810,4,10,150,17,0.0
811,4,10,150,17,0.0
812,4,10,150,17,0.0
813,4,10,150,17,0.0
814,4,10,150,17,0.0
815,4,10,150,17,0.08694150531312063
816,4,10,150,17,0.0
817,4,10,150,17,0.0
818,4,10,150,17,0.0
819,4,10,150,17,0.0
820,4,10,150,17,0.0
821,4,10,150,17,0.24866543831599472
822,4,10,150,17,0.0
823,4,10,150,17,0.21732263806349628
824,4,10,150,17,0.05046096657376444
825,4,10,150,17,0.060961917527339995
826,4,10,150,17,0.15758427078022966
827,4,10,150,17,0.0
828,4,10,150,17,0.049712302565054066
829,4,10,150,17,0.1358811786348565
830,4,10,150,17,0.15321430747545994
831,4,10,150,17,0.28158477195345905
832,4,10,150,17,0.0
833,4,10,150,17,0.1314599959129238
834,4,10,150,17,0.25150759327547134
835,4,10,150,17,0.0
836,4,10,150,17,0.09511337276250081
837,4,10,150,17,0.0
838,4,10,150,17,0.29788491207999307
839,4,10,150,17,0.049712302565054066
840,4,10,150,17,0.3067211784753918
841,4,10,150,17,0.0
842,4,10,150,17,0.0
843,4,10,150,17,0.0
844,4,10,150,17,0.0
845,4,10,150,17,0.0
846,4,10,150,17,0.4069379547798008
847,4,10,150,17,0.10224039282513062
848,4,10,150,17,0.0
849,4,10,150,17,0.0
850,4,10,150,17,0.2052695575222567
851,4,10,150,17,0.04743759234968417
852,4,10,150,17,0.20502186312991383
853,4,10,150,17,0.0
854,4,10,150,17,0.0
855,4,10,150,17,0.0
856,4,10,150,17,0.0
857,4,10,150,17,0.0
858,4,10,150,17,0.0
859,4,10,150,17,0.0
860,4,10,150,17,0.0
861,4,10,150,17,0.0
862,4,10,150,17,0.0455520698635181
863,4,10,150,17,0.0
864,4,10,150,17,0.4812560486946341
865,4,10,150,17,0.043957020679722535
866,4,10,150,17,0.0
867,4,10,150,17,0.11349000778741654
868,4,10,150,17,0.31823321035863533
869,4,10,150,17,0.0377906726681472
870,4,10,150,17,0.4911514454393608
871,4,10,150,17,0.09511337276250081
872,4,10,150,17,0.0377906726681472
873,4,10,150,17,0.0
874,4,10,150,17,0.056210658265822395
875,4,10,150,17,0.11341992120965298
876,4,10,150,17,0.08671382849411972
877,4,10,150,17,0.08683366004474159
878,4,10,150,17,0.3363420887801052
879,4,10,150,17,0.0
880,4,10,150,17,0.4985435490939817
881,4,10,150,17,0.13366645003818933
882,4,10,150,17,0.20016955328265393
883,4,10,150,17,0.5134347066541414
884,4,10,150,17,0.06786785134613488
885,4,10,150,17,0.04743759234968417
886,4,10,150,17,0.1885329753902196
887,4,10,150,17,0.06786785134613488
888,4,10,150,17,0.06943122193677727
889,4,10,150,17,0.0
890,4,10,150,17,0.0
891,4,10,150,17,0.039396067695057414
892,4,10,150,17,0.19052634314476474
893,4,10,150,17,0.11045313384855915
894,4,10,150,17,0.19694669040680515
895,4,10,150,17,0.0
896,4,10,150,17,0.5871713622628334
897,4,10,150,17,0.36193962987817857
898,4,10,150,17,0.0
899,4,10,150,17,0.060961917527339995
900,4,10,150,17,0.040334958690002705
901,4,10,150,17,0.2685893326935857
902,4,10,150,17,0.0
903,4,10,150,17,0.2508216273857748
904,4,10,150,17,0.0
905,4,10,150,17,0.0
906,4,10,150,17,0.04258528250242427
907,4,10,150,17,0.060961917527339995
908,4,10,150,17,0.10168471969061259
909,4,10,150,17,0.0
910,4,10,150,17,0.0
911,4,10,150,17,0.08251009795541105
912,4,10,150,17,0.060961917527339995
913,4,10,150,17,0.0
914,4,10,150,17,0.0
915,4,10,150,17,0.0
916,4,10,150,17,0.5730022748036254
917,4,10,150,17,0.0
918,4,10,150,17,0.07879213539011483
919,4,10,150,17,0.17915012061251223
920,4,10,150,17,0.0
921,4,10,150,17,0.16413859151943988
922,4,10,150,17,0.2531550986268155
923,4,10,150,17,0.0
924,4,10,150,17,0.0
925,4,10,150,17,0.0
926,4,10,150,17,0.0
927,4,10,150,17,0.0
928,4,10,150,17,0.1482972305701491
929,4,10,150,17,0.1885329753902196
930,4,10,150,17,0.0
931,4,10,150,17,0.0377906726681472
932,4,10,150,17,0.16924011692830074
933,4,10,150,17,0.05252809026007655
934,4,10,150,17,0.16830122593335545
935,4,10,150,17,0.04173963774222741
936,4,10,150,17,0.19698033847528706
937,4,10,150,17,0.0
938,4,10,150,17,0.15555725495720263
939,4,10,150,17,0.0
940,4,10,150,17,0.0561326498270945
941,4,10,150,17,0.0
942,4,10,150,17,0.039396067695057414
943,4,10,150,17,0.22917008469166075
1,4,10,150,18,0.44801103058252845
2,4,10,150,18,0.0
3,4,10,150,18,0.0
4,4,10,150,18,0.0
5,4,10,150,18,0.0
6,4,10,150,18,0.22009176629808017
7,4,10,150,18,0.3229766398184896
8,4,10,150,18,0.0
9,4,10,150,18,0.21840743681816419
10,4,10,150,18,0.03855371268423985
11,4,10,150,18,0.15194751309721466
12,4,10,150,18,0.0
13,4,10,150,18,0.2039744354967482
14,4,10,150,18,0.0
15,4,10,150,18,0.0
16,4,10,150,18,0.0
17,4,10,150,18,0.0
18,4,10,150,18,0.28204606587424014
19,4,10,150,18,0.0
20,4,10,150,18,0.0
21,4,10,150,18,0.0
22,4,10,150,18,0.0664352832729762
23,4,10,150,18,0.19906649093208975
24,4,10,150,18,0.0
25,4,10,150,18,0.07414861528507455
26,4,10,150,18,0.0
27,4,10,150,18,0.0
28,4,10,150,18,0.0
29,4,10,150,18,0.0740318445087683
30,4,10,150,18,0.0
31,4,10,150,18,0.0
32,4,10,150,18,0.0
33,4,10,150,18,0.0
35,4,10,150,18,0.0
36,4,10,150,18,0.0
37,4,10,150,18,0.0
38,4,10,150,18,0.0
39,4,10,150,18,0.0
40,4,10,150,18,0.0
41,4,10,150,18,0.0
42,4,10,150,18,0.0
43,4,10,150,18,0.19185645676225596
44,4,10,150,18,0.1694627944724332
45,4,10,150,18,0.0
46,4,10,150,18,0.11284514134893527
47,4,10,150,18,0.0
48,4,10,150,18,0.0
49,4,10,150,18,0.0
50,4,10,150,18,0.0
51,4,10,150,18,0.16812753627111746
52,4,10,150,18,0.0
54,4,10,150,18,0.0
56,4,10,150,18,0.20383503459815738
57,4,10,150,18,0.18686728486108495
58,4,10,150,18,0.23504554941448536
59,4,10,150,18,0.23073839323839537
60,4,10,150,18,0.06362078819895171
61,4,10,150,18,0.0
62,4,10,150,18,0.09457185251528621
63,4,10,150,18,0.0
64,4,10,150,18,0.04238468688770069
65,4,10,150,18,0.13012668333070054
66,4,10,150,18,0.0
67,4,10,150,18,0.0
68,4,10,150,18,0.3391602052736161
69,4,10,150,18,0.0
70,4,10,150,18,0.0
71,4,10,150,18,0.0
72,4,10,150,18,0.0
73,4,10,150,18,0.0
74,4,10,150,18,0.0
75,4,10,150,18,0.0
76,4,10,150,18,0.0
77,4,10,150,18,0.0
78,4,10,150,18,0.0
79,4,10,150,18,0.27487633291429087
80,4,10,150,18,0.0
81,4,10,150,18,0.0
82,4,10,150,18,0.19298623480417013
83,4,10,150,18,0.12089611529519323
84,4,10,150,18,0.0
85,4,10,150,18,0.0
87,4,10,150,18,0.0
89,4,10,150,18,0.16716045496620227
90,4,10,150,18,0.0
91,4,10,150,18,0.0
92,4,10,150,18,0.11835844343630801
93,4,10,150,18,0.0
94,4,10,150,18,0.03643890790473651
95,4,10,150,18,0.15194751309721466
96,4,10,150,18,0.0
97,4,10,150,18,0.0
98,4,10,150,18,0.0
99,4,10,150,18,0.0
100,4,10,150,18,0.0
101,4,10,150,18,0.0
102,4,10,150,18,0.0
103,4,10,150,18,0.0
104,4,10,150,18,0.0
105,4,10,150,18,0.0
106,4,10,150,18,0.0
107,4,10,150,18,0.0
108,4,10,150,18,0.0
109,4,10,150,18,0.03709674194804795
110,4,10,150,18,0.0
111,4,10,150,18,0.0
112,4,10,150,18,0.0
113,4,10,150,18,0.0
114,4,10,150,18,0.0
115,4,10,150,18,0.0
116,4,10,150,18,0.0
117,4,10,150,18,0.14606834984270645
118,4,10,150,18,0.0
119,4,10,150,18,0.08437301140184723
120,4,10,150,18,0.0
121,4,10,150,18,0.2147325744928709
122,4,10,150,18,0.1530100230930498
123,4,10,150,18,0.0
125,4,10,150,18,0.0
126,4,10,150,18,0.0
127,4,10,150,18,0.10253313861822189
128,4,10,150,18,0.0
129,4,10,150,18,0.0
130,4,10,150,18,0.15194751309721466
131,4,10,150,18,0.0
133,4,10,150,18,0.11047239495909743
134,4,10,150,18,0.0
135,4,10,150,18,0.0
137,4,10,150,18,0.0
138,4,10,150,18,0.0
139,4,10,150,18,0.0
141,4,10,150,18,0.0
142,4,10,150,18,0.0
143,4,10,150,18,0.0
144,4,10,150,18,0.1227945149537572
145,4,10,150,18,0.0795587283404505
146,4,10,150,18,0.0
148,4,10,150,18,0.0
149,4,10,150,18,0.0
150,4,10,150,18,0.0
151,4,10,150,18,0.037986878274303665
152,4,10,150,18,0.0
153,4,10,150,18,0.0
154,4,10,150,18,0.0
155,4,10,150,18,0.0
156,4,10,150,18,0.0
158,4,10,150,18,0.11008935378765584
159,4,10,150,18,0.0
160,4,10,150,18,0.0
161,4,10,150,18,0.0
162,4,10,150,18,0.0
163,4,10,150,18,0.0
164,4,10,150,18,0.0
165,4,10,150,18,0.0
166,4,10,150,18,0.0
167,4,10,150,18,0.0
168,4,10,150,18,0.23504554941448536
169,4,10,150,18,0.0
170,4,10,150,18,0.0
171,4,10,150,18,0.0
172,4,10,150,18,0.0
173,4,10,150,18,0.0
174,4,10,150,18,0.060961917527339995
175,4,10,150,18,0.0
176,4,10,150,18,0.0
177,4,10,150,18,0.06912040963822193
178,4,10,150,18,0.21072883509117943
179,4,10,150,18,0.0
180,4,10,150,18,0.0
181,4,10,150,18,0.0
182,4,10,150,18,0.0
183,4,10,150,18,0.0
184,4,10,150,18,0.07880112899216793
185,4,10,150,18,0.07745351606183934
186,4,10,150,18,0.22147164648185297
187,4,10,150,18,0.0
188,4,10,150,18,0.0
189,4,10,150,18,0.15194751309721466
190,4,10,150,18,0.10699313236726378
191,4,10,150,18,0.0
192,4,10,150,18,0.0
193,4,10,150,18,0.0
194,4,10,150,18,0.0
195,4,10,150,18,0.0
196,4,10,150,18,0.0
197,4,10,150,18,0.0
198,4,10,150,18,0.0
199,4,10,150,18,0.0
200,4,10,150,18,0.041062015509212284
201,4,10,150,18,0.05878132199396477
203,4,10,150,18,0.0
204,4,10,150,18,0.0
205,4,10,150,18,0.0
206,4,10,150,18,0.0
207,4,10,150,18,0.0
209,4,10,150,18,0.0
210,4,10,150,18,0.0
211,4,10,150,18,0.0
212,4,10,150,18,0.12681701683239352
213,4,10,150,18,0.13955212171688613
214,4,10,150,18,0.0
215,4,10,150,18,0.0
216,4,10,150,18,0.0
217,4,10,150,18,0.0
218,4,10,150,18,0.19092086617893467
219,4,10,150,18,0.0
221,4,10,150,18,0.2797643380184693
222,4,10,150,18,0.16139559539523482
223,4,10,150,18,0.0
224,4,10,150,18,0.0
225,4,10,150,18,0.0
226,4,10,150,18,0.0
227,4,10,150,18,0.0
228,4,10,150,18,0.0
229,4,10,150,18,0.0
230,4,10,150,18,0.0843142342558857
231,4,10,150,18,0.0
232,4,10,150,18,0.3234992853586256
233,4,10,150,18,0.0
234,4,10,150,18,0.0
235,4,10,150,18,0.06065881345112158
236,4,10,150,18,0.0
237,4,10,150,18,0.0
238,4,10,150,18,0.0
239,4,10,150,18,0.060772229737720354
240,4,10,150,18,0.0
242,4,10,150,18,0.0
243,4,10,150,18,0.05446333035917803
244,4,10,150,18,0.049043960636177025
245,4,10,150,18,0.0
246,4,10,150,18,0.08041927109478651
247,4,10,150,18,0.0
248,4,10,150,18,0.07984133538066794
249,4,10,150,18,0.05382121602276955
250,4,10,150,18,0.2529427027676571
251,4,10,150,18,0.0
252,4,10,150,18,0.0
253,4,10,150,18,0.05954496680255472
254,4,10,150,18,0.0
255,4,10,150,18,0.0
256,4,10,150,18,0.1347603923213481
257,4,10,150,18,0.2465263090905131
258,4,10,150,18,0.0
259,4,10,150,18,0.0
260,4,10,150,18,0.0
261,4,10,150,18,0.0
262,4,10,150,18,0.0
263,4,10,150,18,0.060772229737720354
264,4,10,150,18,0.0
265,4,10,150,18,0.10209739512291163
267,4,10,150,18,0.05073103706827456
268,4,10,150,18,0.05878132199396477
269,4,10,150,18,0.11989643803148868
270,4,10,150,18,0.0
271,4,10,150,18,0.13630446334196195
272,4,10,150,18,0.09109240322345806
273,4,10,150,18,0.0
274,4,10,150,18,0.0
275,4,10,150,18,0.0
276,4,10,150,18,0.23565141554130373
277,4,10,150,18,0.0
279,4,10,150,18,0.10943049302636965
280,4,10,150,18,0.0
281,4,10,150,18,0.0
283,4,10,150,18,0.0
284,4,10,150,18,0.0
285,4,10,150,18,0.0
286,4,10,150,18,0.25585955988368475
287,4,10,150,18,0.0
288,4,10,150,18,0.0
289,4,10,150,18,0.13905617951077562
290,4,10,150,18,0.0
291,4,10,150,18,0.25366090160625626
292,4,10,150,18,0.0
293,4,10,150,18,0.09586820699422145
294,4,10,150,18,0.0
295,4,10,150,18,0.1637733768567814
296,4,10,150,18,0.47774763069170006
297,4,10,150,18,0.049712302565054066
298,4,10,150,18,0.10187913985325672
299,4,10,150,18,0.0
300,4,10,150,18,0.0
301,4,10,150,18,0.047934103497110726
303,4,10,150,18,0.14261294714188744
304,4,10,150,18,0.0
305,4,10,150,18,0.24999499080851417
306,4,10,150,18,0.0
307,4,10,150,18,0.07667481399289292
308,4,10,150,18,0.18269729861179418
309,4,10,150,18,0.0
310,4,10,150,18,0.0
311,4,10,150,18,0.050649171032404884
312,4,10,150,18,0.05412479622841819
313,4,10,150,18,0.10452208120277204
314,4,10,150,18,0.19768827230602193
315,4,10,150,18,0.0
316,4,10,150,18,0.04568304891751105
317,4,10,150,18,0.0
318,4,10,150,18,0.05633425377856011
319,4,10,150,18,0.0
320,4,10,150,18,0.0
321,4,10,150,18,0.062242588308449316
322,4,10,150,18,0.17342765698823945
323,4,10,150,18,0.14126697285982898
324,4,10,150,18,0.0
325,4,10,150,18,0.0
326,4,10,150,18,0.038892185327126634
327,4,10,150,18,0.0
328,4,10,150,18,0.11241266445334383
329,4,10,150,18,0.0
330,4,10,150,18,0.0536466452928127
331,4,10,150,18,0.16958010263680806
332,4,10,150,18,0.0
333,4,10,150,18,0.0
334,4,10,150,18,0.11290611822238296
336,4,10,150,18,0.0
337,4,10,150,18,0.16716045496620227
338,4,10,150,18,0.0
339,4,10,150,18,0.07294384039972815
340,4,10,150,18,0.0
341,4,10,150,18,0.0
342,4,10,150,18,0.19791922947023236
343,4,10,150,18,0.19185645676225596
344,4,10,150,18,0.2076030287632974
345,4,10,150,18,0.037174041452749815
346,4,10,150,18,0.13947804593499064
347,4,10,150,18,0.0
348,4,10,150,18,0.0
349,4,10,150,18,0.0
350,4,10,150,18,0.0
351,4,10,150,18,0.0
352,4,10,150,18,0.0
353,4,10,150,18,0.0
354,4,10,150,18,0.0
355,4,10,150,18,0.0
356,4,10,150,18,0.0
357,4,10,150,18,0.0
358,4,10,150,18,0.20438239758848611
359,4,10,150,18,0.0
360,4,10,150,18,0.0
361,4,10,150,18,0.04972780777662495
362,4,10,150,18,0.0
363,4,10,150,18,0.23424114364995666
364,4,10,150,18,0.0
365,4,10,150,18,0.0
366,4,10,150,18,0.0
367,4,10,150,18,0.0
368,4,10,150,18,0.0
369,4,10,150,18,0.0
370,4,10,150,18,0.09092803061897883
371,4,10,150,18,0.09460634670666435
372,4,10,150,18,0.0
373,4,10,150,18,0.035769798946978335
374,4,10,150,18,0.07880112899216793
375,4,10,150,18,0.0
376,4,10,150,18,0.0
377,4,10,150,18,0.0
378,4,10,150,18,0.26783021331086326
379,4,10,150,18,0.0
380,4,10,150,18,0.0
381,4,10,150,18,0.0
382,4,10,150,18,0.0
383,4,10,150,18,0.0
384,4,10,150,18,0.0
385,4,10,150,18,0.0
386,4,10,150,18,0.0
387,4,10,150,18,0.1350957554026718
388,4,10,150,18,0.0
389,4,10,150,18,0.0896634406916886
390,4,10,150,18,0.0
391,4,10,150,18,0.2137247802747043
392,4,10,150,18,0.0
393,4,10,150,18,0.0
394,4,10,150,18,0.09211167450272184
395,4,10,150,18,0.0
396,4,10,150,18,0.0
397,4,10,150,18,0.23877380192145203
398,4,10,150,18,0.16139559539523482
399,4,10,150,18,0.0
400,4,10,150,18,0.0
401,4,10,150,18,0.0
402,4,10,150,18,0.04622440829742681
403,4,10,150,18,0.0
404,4,10,150,18,0.0
405,4,10,150,18,0.09586820699422145
406,4,10,150,18,0.23554281739718125
407,4,10,150,18,0.05412479622841819
408,4,10,150,18,0.0
409,4,10,150,18,0.08812544609650795
410,4,10,150,18,0.0
411,4,10,150,18,0.0
412,4,10,150,18,0.0
413,4,10,150,18,0.0
414,4,10,150,18,0.0
415,4,10,150,18,0.0
416,4,10,150,18,0.15194751309721466
417,4,10,150,18,0.12118581587986862
418,4,10,150,18,0.0
419,4,10,150,18,0.1208113026994942
420,4,10,150,18,0.0
421,4,10,150,18,0.05954496680255472
422,4,10,150,18,0.0
423,4,10,150,18,0.053845569940583225
424,4,10,150,18,0.23504554941448536
425,4,10,150,18,0.227921269645822
426,4,10,150,18,0.0
427,4,10,150,18,0.0
428,4,10,150,18,0.0
429,4,10,150,18,0.29574982358854685
430,4,10,150,18,0.0
431,4,10,150,18,0.0
432,4,10,150,18,0.0
433,4,10,150,18,0.0
434,4,10,150,18,0.15130120674940672
435,4,10,150,18,0.17402123425990687
436,4,10,150,18,0.0
437,4,10,150,18,0.11093071867403181
438,4,10,150,18,0.0
439,4,10,150,18,0.0
440,4,10,150,18,0.0
441,4,10,150,18,0.0
442,4,10,150,18,0.047934103497110726
443,4,10,150,18,0.0
444,4,10,150,18,0.0
445,4,10,150,18,0.0
446,4,10,150,18,0.0
447,4,10,150,18,0.21072883509117943
448,4,10,150,18,0.0
449,4,10,150,18,0.1511226181481109
450,4,10,150,18,0.2505181726244985
451,4,10,150,18,0.0
452,4,10,150,18,0.13162013020665847
453,4,10,150,18,0.0
454,4,10,150,18,0.0
455,4,10,150,18,0.09586820699422145
456,4,10,150,18,0.0
457,4,10,150,18,0.3011153825288458
458,4,10,150,18,0.0
459,4,10,150,18,0.0
460,4,10,150,18,0.05184030722866645
461,4,10,150,18,0.0
462,4,10,150,18,0.0
463,4,10,150,18,0.15194751309721466
464,4,10,150,18,0.0
465,4,10,150,18,0.0
466,4,10,150,18,0.0
467,4,10,150,18,0.0
468,4,10,150,18,0.037174041452749815
469,4,10,150,18,0.0
470,4,10,150,18,0.0
471,4,10,150,18,0.0
472,4,10,150,18,0.03990894366504131
473,4,10,150,18,0.0
474,4,10,150,18,0.16224899866419487
475,4,10,150,18,0.0
476,4,10,150,18,0.0
477,4,10,150,18,0.0
478,4,10,150,18,0.2345109835167376
479,4,10,150,18,0.08680277471801953
480,4,10,150,18,0.0
481,4,10,150,18,0.03855307727568851
482,4,10,150,18,0.0
483,4,10,150,18,0.0
484,4,10,150,18,0.19888353821658994
485,4,10,150,18,0.0
486,4,10,150,18,0.0
487,4,10,150,18,0.11946767200549181
488,4,10,150,18,0.0
489,4,10,150,18,0.0
490,4,10,150,18,0.0
491,4,10,150,18,0.06362078819895171
492,4,10,150,18,0.0
493,4,10,150,18,0.0
494,4,10,150,18,0.0
495,4,10,150,18,0.0
496,4,10,150,18,0.0
497,4,10,150,18,0.09638993024121213
498,4,10,150,18,0.0
499,4,10,150,18,0.0
500,4,10,150,18,0.16348770965981976
501,4,10,150,18,0.0
502,4,10,150,18,0.0
503,4,10,150,18,0.0
504,4,10,150,18,0.11093071867403181
505,4,10,150,18,0.09586820699422145
506,4,10,150,18,0.047934103497110726
507,4,10,150,18,0.0
508,4,10,150,18,0.0
509,4,10,150,18,0.0
510,4,10,150,18,0.0
511,4,10,150,18,0.0
512,4,10,150,18,0.0
513,4,10,150,18,0.0
514,4,10,150,18,0.39564205282396747
515,4,10,150,18,0.11706259313796354
516,4,10,150,18,0.0
517,4,10,150,18,0.0
518,4,10,150,18,0.0
519,4,10,150,18,0.0
520,4,10,150,18,0.0
521,4,10,150,18,0.12171451575741458
522,4,10,150,18,0.0
523,4,10,150,18,0.0
524,4,10,150,18,0.23486231375877176
525,4,10,150,18,0.0
526,4,10,150,18,0.04972780777662495
527,4,10,150,18,0.038892185327126634
528,4,10,150,18,0.10209739512291163
529,4,10,150,18,0.0
530,4,10,150,18,0.0
531,4,10,150,18,0.0
532,4,10,150,18,0.37172358013715423
533,4,10,150,18,0.1848737665355369
534,4,10,150,18,0.047934103497110726
535,4,10,150,18,0.0859209817714144
536,4,10,150,18,0.09586820699422145
537,4,10,150,18,0.29945771973996
538,4,10,150,18,0.14697776980950736
539,4,10,150,18,0.0
540,4,10,150,18,0.0
541,4,10,150,18,0.0
542,4,10,150,18,0.05412479622841819
543,4,10,150,18,0.0
544,4,10,150,18,0.0
545,4,10,150,18,0.0
546,4,10,150,18,0.0
547,4,10,150,18,0.0
548,4,10,150,18,0.1140531050541801
549,4,10,150,18,0.0
550,4,10,150,18,0.0
551,4,10,150,18,0.0
552,4,10,150,18,0.1205344274731702
553,4,10,150,18,0.04743759234968417
554,4,10,150,18,0.15194751309721466
555,4,10,150,18,0.0
556,4,10,150,18,0.0
557,4,10,150,18,0.0
558,4,10,150,18,0.0
559,4,10,150,18,0.04366879852493834
560,4,10,150,18,0.0
561,4,10,150,18,0.050649171032404884
562,4,10,150,18,0.0
563,4,10,150,18,0.0
564,4,10,150,18,0.0
565,4,10,150,18,0.0
566,4,10,150,18,0.05412479622841819
567,4,10,150,18,0.08151055815578559
568,4,10,150,18,0.03990894366504131
569,4,10,150,18,0.18299769260789403
570,4,10,150,18,0.0
571,4,10,150,18,0.0
572,4,10,150,18,0.16812753627111746
573,4,10,150,18,0.0
574,4,10,150,18,0.051811563545175146
575,4,10,150,18,0.0
576,4,10,150,18,0.0
577,4,10,150,18,0.2987308402987029
578,4,10,150,18,0.0
579,4,10,150,18,0.0
580,4,10,150,18,0.09004726125505678
581,4,10,150,18,0.0
582,4,10,150,18,0.0
583,4,10,150,18,0.0
584,4,10,150,18,0.06323567569191428
585,4,10,150,18,0.04173963774222741
586,4,10,150,18,0.09586820699422145
587,4,10,150,18,0.0
588,4,10,150,18,0.15194751309721466
589,4,10,150,18,0.0
590,4,10,150,18,0.053845569940583225
591,4,10,150,18,0.0
592,4,10,150,18,0.4348833179050013
593,4,10,150,18,0.03643890790473651
594,4,10,150,18,0.0
595,4,10,150,18,0.050649171032404884
596,4,10,150,18,0.0
597,4,10,150,18,0.22009176629808017
598,4,10,150,18,0.0
599,4,10,150,18,0.0
600,4,10,150,18,0.0
601,4,10,150,18,0.0
602,4,10,150,18,0.0
603,4,10,150,18,0.0
604,4,10,150,18,0.0
605,4,10,150,18,0.2478157200914361
606,4,10,150,18,0.1599913528894633
607,4,10,150,18,0.0
608,4,10,150,18,0.0
609,4,10,150,18,0.0
610,4,10,150,18,0.18993439137151832
611,4,10,150,18,0.0
612,4,10,150,18,0.0
613,4,10,150,18,0.0
614,4,10,150,18,0.0
615,4,10,150,18,0.0
616,4,10,150,18,0.0
617,4,10,150,18,0.0
618,4,10,150,18,0.23630037159322168
619,4,10,150,18,0.0
620,4,10,150,18,0.037174041452749815
621,4,10,150,18,0.09650948311611887
622,4,10,150,18,0.2015421675290915
623,4,10,150,18,0.0
624,4,10,150,18,0.0
625,4,10,150,18,0.0
626,4,10,150,18,0.0
627,4,10,150,18,0.10342711022282389
628,4,10,150,18,0.0
629,4,10,150,18,0.047934103497110726
630,4,10,150,18,0.19185645676225596
631,4,10,150,18,0.0
632,4,10,150,18,0.13502218243425212
633,4,10,150,18,0.07414861528507455
634,4,10,150,18,0.0
635,4,10,150,18,0.0
636,4,10,150,18,0.0
637,4,10,150,18,0.0
638,4,10,150,18,0.09712868482236708
639,4,10,150,18,0.0
640,4,10,150,18,0.043922681482881344
641,4,10,150,18,0.07675099783970546
642,4,10,150,18,0.08437301140184723
643,4,10,150,18,0.21550073872574693
644,4,10,150,18,0.0
645,4,10,150,18,0.2165175227564087
646,4,10,150,18,0.0
647,4,10,150,18,0.0
648,4,10,150,18,0.1266229275810122
649,4,10,150,18,0.11004588314904008
650,4,10,150,18,0.1065022474577325
651,4,10,150,18,0.0
652,4,10,150,18,0.0
653,4,10,150,18,0.21758272275163604
654,4,10,150,18,0.2768411537543496
655,4,10,150,18,0.0
656,4,10,150,18,0.0
657,4,10,150,18,0.0
658,4,10,150,18,0.18672776492534796
659,4,10,150,18,0.1206207438496628
660,4,10,150,18,0.0
661,4,10,150,18,0.07904889378351596
662,4,10,150,18,0.0
663,4,10,150,18,0.3321746579220579
664,4,10,150,18,0.3630758294225309
665,4,10,150,18,0.0
666,4,10,150,18,0.40717292686954815
667,4,10,150,18,0.1593472521587426
668,4,10,150,18,0.06194403202282284
669,4,10,150,18,0.05412479622841819
670,4,10,150,18,0.0
671,4,10,150,18,0.1658892079293093
672,4,10,150,18,0.0
673,4,10,150,18,0.0
674,4,10,150,18,0.0
675,4,10,150,18,0.0
676,4,10,150,18,0.12390786004571805
677,4,10,150,18,0.0
678,4,10,150,18,0.0
679,4,10,150,18,0.09595536344671458
680,4,10,150,18,0.0
681,4,10,150,18,0.0
682,4,10,150,18,0.2758427581407009
683,4,10,150,18,0.0
684,4,10,150,18,0.05878132199396477
685,4,10,150,18,0.0
686,4,10,150,18,0.07533109323186314
687,4,10,150,18,0.0
688,4,10,150,18,0.0
689,4,10,150,18,0.1116390111176635
690,4,10,150,18,0.1356131364501554
691,4,10,150,18,0.0
692,4,10,150,18,0.05833725389333616
693,4,10,150,18,0.0
694,4,10,150,18,0.16530578738574567
695,4,10,150,18,0.0
696,4,10,150,18,0.0
697,4,10,150,18,0.0
698,4,10,150,18,0.07880112899216793
699,4,10,150,18,0.09586820699422145
700,4,10,150,18,0.12729890218214104
701,4,10,150,18,0.0
702,4,10,150,18,0.0
703,4,10,150,18,0.09586820699422145
704,4,10,150,18,0.14586940093110615
705,4,10,150,18,0.043922681482881344
706,4,10,150,18,0.04395738023645723
707,4,10,150,18,0.038892185327126634
708,4,10,150,18,0.043922681482881344
709,4,10,150,18,0.2111967342816503
710,4,10,150,18,0.14560761081820214
711,4,10,150,18,0.11532852728742884
712,4,10,150,18,0.073756677221282
713,4,10,150,18,0.0
714,4,10,150,18,0.0
715,4,10,150,18,0.0
716,4,10,150,18,0.22193194828176213
717,4,10,150,18,0.03643890790473651
718,4,10,150,18,0.0
719,4,10,150,18,0.082293630552742
720,4,10,150,18,0.0
721,4,10,150,18,0.18332321019493997
722,4,10,150,18,0.06556429791586475
723,4,10,150,18,0.0
724,4,10,150,18,0.0
725,4,10,150,18,0.0
726,4,10,150,18,0.0
727,4,10,150,18,0.23472462164460928
728,4,10,150,18,0.051573320538546435
729,4,10,150,18,0.0
730,4,10,150,18,0.0
731,4,10,150,18,0.10477396726082307
732,4,10,150,18,0.0
733,4,10,150,18,0.16224783138908092
734,4,10,150,18,0.0
735,4,10,150,18,0.0
736,4,10,150,18,0.0
737,4,10,150,18,0.04395738023645723
738,4,10,150,18,0.22375931412100647
739,4,10,150,18,0.03855307727568851
740,4,10,150,18,0.0
741,4,10,150,18,0.06544023194852022
742,4,10,150,18,0.0
743,4,10,150,18,0.0
744,4,10,150,18,0.0
745,4,10,150,18,0.03643890790473651
746,4,10,150,18,0.1998816165943254
747,4,10,150,18,0.6014966096490706
748,4,10,150,18,0.15942045894552032
749,4,10,150,18,0.16974108948579442
750,4,10,150,18,0.0
751,4,10,150,18,0.08281486681000798
752,4,10,150,18,0.0
753,4,10,150,18,0.09586820699422145
754,4,10,150,18,0.0
755,4,10,150,18,0.03855371268423985
756,4,10,150,18,0.050649171032404884
757,4,10,150,18,0.0
758,4,10,150,18,0.24649863403815775
759,4,10,150,18,0.049710505523782283
760,4,10,150,18,0.0
761,4,10,150,18,0.0
762,4,10,150,18,0.0
763,4,10,150,18,0.05412479622841819
764,4,10,150,18,0.17053019126832641
765,4,10,150,18,0.10122860821230018
766,4,10,150,18,0.05412479622841819
767,4,10,150,18,0.06994410797740244
768,4,10,150,18,0.0
769,4,10,150,18,0.0
770,4,10,150,18,0.18553164768591007
771,4,10,150,18,0.19768827230602193
772,4,10,150,18,0.0
773,4,10,150,18,0.14539443278485914
774,4,10,150,18,0.0
775,4,10,150,18,0.0
776,4,10,150,18,0.04238468688770069
777,4,10,150,18,0.0
778,4,10,150,18,0.11835844343630801
779,4,10,150,18,0.0
780,4,10,150,18,0.0
781,4,10,150,18,0.037986878274303665
782,4,10,150,18,0.09984333750317706
783,4,10,150,18,0.0
784,4,10,150,18,0.0
785,4,10,150,18,0.0
786,4,10,150,18,0.0
787,4,10,150,18,0.0
788,4,10,150,18,0.3794358502980946
789,4,10,150,18,0.051358492238643604
790,4,10,150,18,0.0
791,4,10,150,18,0.0
792,4,10,150,18,0.03990894366504131
793,4,10,150,18,0.0
794,4,10,150,18,0.0
795,4,10,150,18,0.0
796,4,10,150,18,0.39161132960914546
797,4,10,150,18,0.0
798,4,10,150,18,0.09586820699422145
799,4,10,150,18,0.0
800,4,10,150,18,0.0
801,4,10,150,18,0.0
802,4,10,150,18,0.07597375654860733
803,4,10,150,18,0.0
804,4,10,150,18,0.25170204385441514
805,4,10,150,18,0.21891491191107634
806,4,10,150,18,0.43163858113577513
807,4,10,150,18,0.03990894366504131
808,4,10,150,18,0.0
809,4,10,150,18,0.0
810,4,10,150,18,0.0
811,4,10,150,18,0.0
812,4,10,150,18,0.0
813,4,10,150,18,0.0
814,4,10,150,18,0.0
815,4,10,150,18,0.08383162514792265
816,4,10,150,18,0.0
817,4,10,150,18,0.0
818,4,10,150,18,0.0
819,4,10,150,18,0.0
820,4,10,150,18,0.0
821,4,10,150,18,0.23977072558236937
822,4,10,150,18,0.0
823,4,10,150,18,0.2095490509933381
824,4,10,150,18,0.05046096657376444
825,4,10,150,18,0.05878132199396477
826,4,10,150,18,0.15194751309721466
827,4,10,150,18,0.0
828,4,10,150,18,0.047934103497110726
829,4,10,150,18,0.16679053514138756
830,4,10,150,18,0.18350366144824054
831,4,10,150,18,0.2715125412741531
832,4,10,150,18,0.0
833,4,10,150,18,0.12675769828954794
834,4,10,150,18,0.24251121723036934
835,4,10,150,18,0.0
836,4,10,150,18,0.09171118654161717
837,4,10,150,18,0.0
838,4,10,150,18,0.2872296286655534
839,4,10,150,18,0.047934103497110726
840,4,10,150,18,0.3315196225355252
841,4,10,150,18,0.0
842,4,10,150,18,0.0
843,4,10,150,18,0.0
844,4,10,150,18,0.0
845,4,10,150,18,0.0
846,4,10,150,18,0.3923818659534328
847,4,10,150,18,0.09858327452951562
848,4,10,150,18,0.0
849,4,10,150,18,0.0
850,4,10,150,18,0.1979271067197504
851,4,10,150,18,0.045740759208807255
852,4,10,150,18,0.19768827230602193
853,4,10,150,18,0.0
854,4,10,150,18,0.0
855,4,10,150,18,0.0
856,4,10,150,18,0.0
857,4,10,150,18,0.0
858,4,10,150,18,0.0
859,4,10,150,18,0.0
860,4,10,150,18,0.0
861,4,10,150,18,0.03709674194804795
862,4,10,150,18,0.043922681482881344
863,4,10,150,18,0.0
864,4,10,150,18,0.49981141553778824
865,4,10,150,18,0.04238468688770069
866,4,10,150,18,0.0
867,4,10,150,18,0.10943049302636965
868,4,10,150,18,0.3426198713528339
869,4,10,150,18,0.03643890790473651
870,4,10,150,18,0.4735830569834771
871,4,10,150,18,0.09171118654161717
872,4,10,150,18,0.03643890790473651
873,4,10,150,18,0.0
874,4,10,150,18,0.056210658265822395
875,4,10,150,18,0.10936291343140157
876,4,10,150,18,0.08671382849411972
877,4,10,150,18,0.08372763748311092
878,4,10,150,18,0.3243111998870341
879,4,10,150,18,0.0
880,4,10,150,18,0.480710746576577
881,4,10,150,18,0.12888522799436697
882,4,10,150,18,0.19300952860642695
883,4,10,150,18,0.495069250424722
884,4,10,150,18,0.06544023194852022
885,4,10,150,18,0.08151055815578559
886,4,10,150,18,0.21755898771261414
887,4,10,150,18,0.06544023194852022
888,4,10,150,18,0.06943122193677727
889,4,10,150,18,0.0
890,4,10,150,18,0.0
891,4,10,150,18,0.037986878274303665
892,4,10,150,18,0.21948105310335184
893,4,10,150,18,0.1065022474577325
894,4,10,150,18,0.18990194688768094
895,4,10,150,18,0.0
896,4,10,150,18,0.5661683606872685
897,4,10,150,18,0.38476292103347076
898,4,10,150,18,0.0
899,4,10,150,18,0.0945511209409431
900,4,10,150,18,0.038892185327126634
901,4,10,150,18,0.2589819462638331
902,4,10,150,18,0.0
903,4,10,150,18,0.24184978820263173
904,4,10,150,18,0.0
905,4,10,150,18,0.0
906,4,10,150,18,0.04258528250242427
907,4,10,150,18,0.05878132199396477
908,4,10,150,18,0.09804747771129953
909,4,10,150,18,0.0
910,4,10,150,18,0.0
911,4,10,150,18,0.0795587283404505
912,4,10,150,18,0.0945511209409431
913,4,10,150,18,0.0
914,4,10,150,18,0.0
915,4,10,150,18,0.0
916,4,10,150,18,0.5525060986377385
917,4,10,150,18,0.0
918,4,10,150,18,0.07597375654860733
919,4,10,150,18,0.17274195681687576
920,4,10,150,18,0.0
921,4,10,150,18,0.15826738710134933
922,4,10,150,18,0.24409979164653184
923,4,10,150,18,0.0
924,4,10,150,18,0.0
925,4,10,150,18,0.0
926,4,10,150,18,0.0
927,4,10,150,18,0.035769798946978335
928,4,10,150,18,0.1482972305701491
929,4,10,150,18,0.21755898771261414
930,4,10,150,18,0.0
931,4,10,150,18,0.07220870685171484
932,4,10,150,18,0.19895623091899065
933,4,10,150,18,0.050649171032404884
934,4,10,150,18,0.16228112491918936
935,4,10,150,18,0.04173963774222741
936,4,10,150,18,0.18993439137151832
937,4,10,150,18,0.0
938,4,10,150,18,0.14999300322263964
939,4,10,150,18,0.0
940,4,10,150,18,0.05412479622841819
941,4,10,150,18,0.0
942,4,10,150,18,0.037986878274303665
943,4,10,150,18,0.22097271683757808
1,4,10,150,19,0.4327951041907345
2,4,10,150,19,0.0
3,4,10,150,19,0.0
4,4,10,150,19,0.0
5,4,10,150,19,0.0
6,4,10,150,19,0.22009176629808017
7,4,10,150,19,0.3459705772683157
8,4,10,150,19,0.0
9,4,10,150,19,0.21840743681816419
10,4,10,150,19,0.03855371268423985
11,4,10,150,19,0.1467868763787456
12,4,10,150,19,0.0
13,4,10,150,19,0.23101007874802845
14,4,10,150,19,0.0
15,4,10,150,19,0.0
16,4,10,150,19,0.0
17,4,10,150,19,0.0
18,4,10,150,19,0.27246685490736433
19,4,10,150,19,0.0
20,4,10,150,19,0.0
21,4,10,150,19,0.0
22,4,10,150,19,0.0664352832729762
23,4,10,150,19,0.19906649093208975
24,4,10,150,19,0.0
25,4,10,150,19,0.07414861528507455
26,4,10,150,19,0.0
27,4,10,150,19,0.0
28,4,10,150,19,0.0
29,4,10,150,19,0.0740318445087683
30,4,10,150,19,0.0
31,4,10,150,19,0.0
32,4,10,150,19,0.0
33,4,10,150,19,0.0
35,4,10,150,19,0.0
36,4,10,150,19,0.0
37,4,10,150,19,0.0
38,4,10,150,19,0.0
39,4,10,150,19,0.0
40,4,10,150,19,0.0
41,4,10,150,19,0.0
42,4,10,150,19,0.0
43,4,10,150,19,0.19185645676225596
44,4,10,150,19,0.1694627944724332
45,4,10,150,19,0.0
46,4,10,150,19,0.11284514134893527
47,4,10,150,19,0.0
48,4,10,150,19,0.0
49,4,10,150,19,0.0
50,4,10,150,19,0.0
51,4,10,150,19,0.16812753627111746
52,4,10,150,19,0.0
54,4,10,150,19,0.0
56,4,10,150,19,0.20383503459815738
57,4,10,150,19,0.18686728486108495
58,4,10,150,19,0.23504554941448536
59,4,10,150,19,0.22290175938875298
60,4,10,150,19,0.06362078819895171
61,4,10,150,19,0.0
62,4,10,150,19,0.09135988171908256
63,4,10,150,19,0.0
64,4,10,150,19,0.04238468688770069
65,4,10,150,19,0.13012668333070054
66,4,10,150,19,0.0
67,4,10,150,19,0.0
68,4,10,150,19,0.4176344875447225
69,4,10,150,19,0.0
70,4,10,150,19,0.0
71,4,10,150,19,0.0
72,4,10,150,19,0.0
73,4,10,150,19,0.0
74,4,10,150,19,0.0
75,4,10,150,19,0.0
76,4,10,150,19,0.0
77,4,10,150,19,0.0
78,4,10,150,19,0.0
79,4,10,150,19,0.27487633291429087
80,4,10,150,19,0.0
81,4,10,150,19,0.0
82,4,10,150,19,0.19298623480417013
83,4,10,150,19,0.12089611529519323
84,4,10,150,19,0.0
85,4,10,150,19,0.0
87,4,10,150,19,0.0
89,4,10,150,19,0.16716045496620227
90,4,10,150,19,0.0
91,4,10,150,19,0.0
92,4,10,150,19,0.11433860186938835
93,4,10,150,19,0.0
94,4,10,150,19,0.03520132288421838
95,4,10,150,19,0.1467868763787456
96,4,10,150,19,0.0
97,4,10,150,19,0.0
98,4,10,150,19,0.0
99,4,10,150,19,0.0
100,4,10,150,19,0.0
101,4,10,150,19,0.0
102,4,10,150,19,0.0
103,4,10,150,19,0.0
104,4,10,150,19,0.0
105,4,10,150,19,0.0
106,4,10,150,19,0.0
107,4,10,150,19,0.0
108,4,10,150,19,0.0
109,4,10,150,19,0.03709674194804795
110,4,10,150,19,0.0
111,4,10,150,19,0.0
112,4,10,150,19,0.0
113,4,10,150,19,0.0
114,4,10,150,19,0.0
115,4,10,150,19,0.0
116,4,10,150,19,0.0
117,4,10,150,19,0.14606834984270645
118,4,10,150,19,0.0
119,4,10,150,19,0.08150742675480137
120,4,10,150,19,0.0
121,4,10,150,19,0.2147325744928709
122,4,10,150,19,0.1530100230930498
123,4,10,150,19,0.0
125,4,10,150,19,0.0
126,4,10,150,19,0.0
127,4,10,150,19,0.10253313861822189
128,4,10,150,19,0.0
129,4,10,150,19,0.0
130,4,10,150,19,0.1467868763787456
131,4,10,150,19,0.0
133,4,10,150,19,0.11047239495909743
134,4,10,150,19,0.0
135,4,10,150,19,0.0
137,4,10,150,19,0.0
138,4,10,150,19,0.0
139,4,10,150,19,0.0
141,4,10,150,19,0.0
142,4,10,150,19,0.0
143,4,10,150,19,0.0
144,4,10,150,19,0.1227945149537572
145,4,10,150,19,0.1108199377337333
146,4,10,150,19,0.0
148,4,10,150,19,0.0
149,4,10,150,19,0.0
150,4,10,150,19,0.0
151,4,10,150,19,0.0366967190946864
152,4,10,150,19,0.0
153,4,10,150,19,0.0
154,4,10,150,19,0.0
155,4,10,150,19,0.0
156,4,10,150,19,0.0
158,4,10,150,19,0.11008935378765584
159,4,10,150,19,0.0
160,4,10,150,19,0.0
161,4,10,150,19,0.0
162,4,10,150,19,0.0
163,4,10,150,19,0.0
164,4,10,150,19,0.0
165,4,10,150,19,0.0
166,4,10,150,19,0.0
167,4,10,150,19,0.0
168,4,10,150,19,0.23504554941448536
169,4,10,150,19,0.0
170,4,10,150,19,0.0
171,4,10,150,19,0.0
172,4,10,150,19,0.0
173,4,10,150,19,0.0
174,4,10,150,19,0.060961917527339995
175,4,10,150,19,0.0
176,4,10,150,19,0.0
177,4,10,150,19,0.06912040963822193
178,4,10,150,19,0.20357179157105296
179,4,10,150,19,0.0
180,4,10,150,19,0.0
181,4,10,150,19,0.0
182,4,10,150,19,0.0
183,4,10,150,19,0.0
184,4,10,150,19,0.07612478377634582
185,4,10,150,19,0.07745351606183934
186,4,10,150,19,0.22147164648185297
187,4,10,150,19,0.0
188,4,10,150,19,0.054384419234677496
189,4,10,150,19,0.1467868763787456
190,4,10,150,19,0.10699313236726378
191,4,10,150,19,0.0
192,4,10,150,19,0.0
193,4,10,150,19,0.0
194,4,10,150,19,0.0
195,4,10,150,19,0.0
196,4,10,150,19,0.0
197,4,10,150,19,0.0
198,4,10,150,19,0.0
199,4,10,150,19,0.0
200,4,10,150,19,0.039667414566743345
201,4,10,150,19,0.05678491519230736
203,4,10,150,19,0.0
204,4,10,150,19,0.0
205,4,10,150,19,0.0
206,4,10,150,19,0.0
207,4,10,150,19,0.0
209,4,10,150,19,0.0
210,4,10,150,19,0.0
211,4,10,150,19,0.0
212,4,10,150,19,0.12681701683239352
213,4,10,150,19,0.13955212171688613
214,4,10,150,19,0.0
215,4,10,150,19,0.0
216,4,10,150,19,0.0
217,4,10,150,19,0.0
218,4,10,150,19,0.19092086617893467
219,4,10,150,19,0.0
221,4,10,150,19,0.2797643380184693
222,4,10,150,19,0.15591407076335131
223,4,10,150,19,0.0
224,4,10,150,19,0.0
225,4,10,150,19,0.0
226,4,10,150,19,0.0
227,4,10,150,19,0.0
228,4,10,150,19,0.0
229,4,10,150,19,0.0
230,4,10,150,19,0.0843142342558857
231,4,10,150,19,0.0
232,4,10,150,19,0.3234992853586256
233,4,10,150,19,0.0
234,4,10,150,19,0.0
235,4,10,150,19,0.06065881345112158
236,4,10,150,19,0.0
237,4,10,150,19,0.0
238,4,10,150,19,0.0
239,4,10,150,19,0.060772229737720354
240,4,10,150,19,0.0
242,4,10,150,19,0.0
243,4,10,150,19,0.05446333035917803
244,4,10,150,19,0.049043960636177025
245,4,10,150,19,0.0
246,4,10,150,19,0.08041927109478651
247,4,10,150,19,0.0
248,4,10,150,19,0.07984133538066794
249,4,10,150,19,0.05382121602276955
250,4,10,150,19,0.2529427027676571
251,4,10,150,19,0.0
252,4,10,150,19,0.0
253,4,10,150,19,0.05954496680255472
254,4,10,150,19,0.0
255,4,10,150,19,0.0
256,4,10,150,19,0.16414677185888885
257,4,10,150,19,0.2465263090905131
258,4,10,150,19,0.0
259,4,10,150,19,0.0
260,4,10,150,19,0.0
261,4,10,150,19,0.0
262,4,10,150,19,0.0
263,4,10,150,19,0.060772229737720354
264,4,10,150,19,0.0
265,4,10,150,19,0.10209739512291163
267,4,10,150,19,0.05073103706827456
268,4,10,150,19,0.05678491519230736
269,4,10,150,19,0.11582436111554018
270,4,10,150,19,0.0
271,4,10,150,19,0.13167511598328746
272,4,10,150,19,0.09109240322345806
273,4,10,150,19,0.0
274,4,10,150,19,0.0
275,4,10,150,19,0.0
276,4,10,150,19,0.22764791931413214
277,4,10,150,19,0.0
279,4,10,150,19,0.10571387398522256
280,4,10,150,19,0.0
281,4,10,150,19,0.0
283,4,10,150,19,0.0
284,4,10,150,19,0.0
285,4,10,150,19,0.0
286,4,10,150,19,0.24716972868741968
287,4,10,150,19,0.0
288,4,10,150,19,0.0
289,4,10,150,19,0.13905617951077562
290,4,10,150,19,0.0
291,4,10,150,19,0.24504574406806284
292,4,10,150,19,0.0
293,4,10,150,19,0.09261220774116596
294,4,10,150,19,0.04123398036294628
295,4,10,150,19,0.2016669681570433
296,4,10,150,19,0.47774763069170006
297,4,10,150,19,0.049712302565054066
298,4,10,150,19,0.13703648392775936
299,4,10,150,19,0.0
300,4,10,150,19,0.0
301,4,10,150,19,0.047934103497110726
303,4,10,150,19,0.1377693429489143
304,4,10,150,19,0.0
305,4,10,150,19,0.24150433964415893
306,4,10,150,19,0.0
307,4,10,150,19,0.07667481399289292
308,4,10,150,19,0.17649229815892126
309,4,10,150,19,0.0
310,4,10,150,19,0.0
311,4,10,150,19,0.0489289587929152
312,4,10,150,19,0.05228654033924596
313,4,10,150,19,0.1009721679521305
314,4,10,150,19,0.19097412913856873
315,4,10,150,19,0.0
316,4,10,150,19,0.04568304891751105
317,4,10,150,19,0.0
318,4,10,150,19,0.05633425377856011
319,4,10,150,19,0.0
320,4,10,150,19,0.0
321,4,10,150,19,0.062242588308449316
322,4,10,150,19,0.17342765698823945
323,4,10,150,19,0.14126697285982898
324,4,10,150,19,0.0
325,4,10,150,19,0.0
326,4,10,150,19,0.03757127894590629
327,4,10,150,19,0.0
328,4,10,150,19,0.10859476107359119
329,4,10,150,19,0.0
330,4,10,150,19,0.0536466452928127
331,4,10,150,19,0.16958010263680806
332,4,10,150,19,0.0
333,4,10,150,19,0.0
334,4,10,150,19,0.10907145553155331
336,4,10,150,19,0.0
337,4,10,150,19,0.16716045496620227
338,4,10,150,19,0.0
339,4,10,150,19,0.0704664279467047
340,4,10,150,19,0.0
341,4,10,150,19,0.0
342,4,10,150,19,0.19791922947023236
343,4,10,150,19,0.18534038120918514
344,4,10,150,19,0.2076030287632974
345,4,10,150,19,0.03591148888190114
346,4,10,150,19,0.13947804593499064
347,4,10,150,19,0.0
348,4,10,150,19,0.0
349,4,10,150,19,0.0
350,4,10,150,19,0.0
351,4,10,150,19,0.0
352,4,10,150,19,0.0
353,4,10,150,19,0.0
354,4,10,150,19,0.0
355,4,10,150,19,0.0
356,4,10,150,19,0.0
357,4,10,150,19,0.0
358,4,10,150,19,0.20438239758848611
359,4,10,150,19,0.0
360,4,10,150,19,0.0
361,4,10,150,19,0.04972780777662495
362,4,10,150,19,0.0
363,4,10,150,19,0.2262855448892007
364,4,10,150,19,0.0
365,4,10,150,19,0.0
366,4,10,150,19,0.0
367,4,10,150,19,0.0
368,4,10,150,19,0.0
369,4,10,150,19,0.0
370,4,10,150,19,0.09092803061897883
371,4,10,150,19,0.09460634670666435
372,4,10,150,19,0.0
373,4,10,150,19,0.035769798946978335
374,4,10,150,19,0.07612478377634582
375,4,10,150,19,0.0
376,4,10,150,19,0.0
377,4,10,150,19,0.0
378,4,10,150,19,0.25873381939855794
379,4,10,150,19,0.03396328517181661
380,4,10,150,19,0.0
381,4,10,150,19,0.0
382,4,10,150,19,0.0
383,4,10,150,19,0.0
384,4,10,150,19,0.0
385,4,10,150,19,0.0
386,4,10,150,19,0.0
387,4,10,150,19,0.13050745973642885
388,4,10,150,19,0.0
389,4,10,150,19,0.08661817568599052
390,4,10,150,19,0.0
391,4,10,150,19,0.2137247802747043
392,4,10,150,19,0.0
393,4,10,150,19,0.0
394,4,10,150,19,0.08898325943393234
395,4,10,150,19,0.0
396,4,10,150,19,0.0
397,4,10,150,19,0.2306642591952349
398,4,10,150,19,0.15591407076335131
399,4,10,150,19,0.0
400,4,10,150,19,0.0
401,4,10,150,19,0.0
402,4,10,150,19,0.04622440829742681
403,4,10,150,19,0.0
404,4,10,150,19,0.0
405,4,10,150,19,0.09261220774116596
406,4,10,150,19,0.22754300951974765
407,4,10,150,19,0.05228654033924596
408,4,10,150,19,0.0
409,4,10,150,19,0.0851324164398387
410,4,10,150,19,0.0
411,4,10,150,19,0.0
412,4,10,150,19,0.0
413,4,10,150,19,0.0
414,4,10,150,19,0.0
415,4,10,150,19,0.0
416,4,10,150,19,0.1467868763787456
417,4,10,150,19,0.151033232628178
418,4,10,150,19,0.0
419,4,10,150,19,0.1208113026994942
420,4,10,150,19,0.0
421,4,10,150,19,0.05954496680255472
422,4,10,150,19,0.04320473659574256
423,4,10,150,19,0.053845569940583225
424,4,10,150,19,0.23504554941448536
425,4,10,150,19,0.2201803145681184
426,4,10,150,19,0.0
427,4,10,150,19,0.0
428,4,10,150,19,0.0
429,4,10,150,19,0.28570518799049455
430,4,10,150,19,0.0
431,4,10,150,19,0.0
432,4,10,150,19,0.0
433,4,10,150,19,0.0
434,4,10,150,19,0.15130120674940672
435,4,10,150,19,0.20207418662660273
436,4,10,150,19,0.0
437,4,10,150,19,0.1071631470413911
438,4,10,150,19,0.0
439,4,10,150,19,0.0
440,4,10,150,19,0.0
441,4,10,150,19,0.0
442,4,10,150,19,0.04630610387058298
443,4,10,150,19,0.0
444,4,10,150,19,0.0
445,4,10,150,19,0.0
446,4,10,150,19,0.0
447,4,10,150,19,0.20357179157105296
448,4,10,150,19,0.0
449,4,10,150,19,0.1511226181481109
450,4,10,150,19,0.27597303765874687
451,4,10,150,19,0.0
452,4,10,150,19,0.1271498781900981
453,4,10,150,19,0.0
454,4,10,150,19,0.0
455,4,10,150,19,0.09261220774116596
456,4,10,150,19,0.0
457,4,10,150,19,0.290888514922398
458,4,10,150,19,0.03396328517181661
459,4,10,150,19,0.0
460,4,10,150,19,0.05184030722866645
461,4,10,150,19,0.0
462,4,10,150,19,0.0
463,4,10,150,19,0.1467868763787456
464,4,10,150,19,0.0
465,4,10,150,19,0.0
466,4,10,150,19,0.0
467,4,10,150,19,0.0
468,4,10,150,19,0.03591148888190114
469,4,10,150,19,0.0
470,4,10,150,19,0.0
471,4,10,150,19,0.0
472,4,10,150,19,0.038553504830439546
473,4,10,150,19,0.0
474,4,10,150,19,0.1907017748255377
475,4,10,150,19,0.0
476,4,10,150,19,0.0
477,4,10,150,19,0.0
478,4,10,150,19,0.2345109835167376
479,4,10,150,19,0.08385466732656648
480,4,10,150,19,0.0
481,4,10,150,19,0.03855307727568851
482,4,10,150,19,0.0
483,4,10,150,19,0.0
484,4,10,150,19,0.19212879989216
485,4,10,150,19,0.0
486,4,10,150,19,0.0
487,4,10,150,19,0.11541015739235623
488,4,10,150,19,0.0
489,4,10,150,19,0.0
490,4,10,150,19,0.0
491,4,10,150,19,0.06362078819895171
492,4,10,150,19,0.0
493,4,10,150,19,0.0
494,4,10,150,19,0.0
495,4,10,150,19,0.0
496,4,10,150,19,0.0
497,4,10,150,19,0.09311621155273833
498,4,10,150,19,0.0
499,4,10,150,19,0.0
500,4,10,150,19,0.15793512995455614
501,4,10,150,19,0.0
502,4,10,150,19,0.0
503,4,10,150,19,0.0
504,4,10,150,19,0.1071631470413911
505,4,10,150,19,0.09261220774116596
506,4,10,150,19,0.0802693890423996
507,4,10,150,19,0.0
508,4,10,150,19,0.0
509,4,10,150,19,0.0
510,4,10,150,19,0.0
511,4,10,150,19,0.0
512,4,10,150,19,0.0
513,4,10,150,19,0.0
514,4,10,150,19,0.3822047489579441
515,4,10,150,19,0.11706259313796354
516,4,10,150,19,0.0
517,4,10,150,19,0.0
518,4,10,150,19,0.0
519,4,10,150,19,0.0
520,4,10,150,19,0.0
521,4,10,150,19,0.11758069094919595
522,4,10,150,19,0.0
523,4,10,150,19,0.0
524,4,10,150,19,0.2268856180204699
525,4,10,150,19,0.0
526,4,10,150,19,0.04972780777662495
527,4,10,150,19,0.03757127894590629
528,4,10,150,19,0.10209739512291163
529,4,10,150,19,0.0
530,4,10,150,19,0.0
531,4,10,150,19,0.0
532,4,10,150,19,0.3590986261798674
533,4,10,150,19,0.1785948460819026
534,4,10,150,19,0.047934103497110726
535,4,10,150,19,0.08300282296526938
536,4,10,150,19,0.09261220774116596
537,4,10,150,19,0.2892871518075298
538,4,10,150,19,0.14697776980950736
539,4,10,150,19,0.0
540,4,10,150,19,0.0
541,4,10,150,19,0.0
542,4,10,150,19,0.05228654033924596
543,4,10,150,19,0.0
544,4,10,150,19,0.0
545,4,10,150,19,0.0
546,4,10,150,19,0.0
547,4,10,150,19,0.0
548,4,10,150,19,0.11017948692249381
549,4,10,150,19,0.0
550,4,10,150,19,0.0
551,4,10,150,19,0.0
552,4,10,150,19,0.1205344274731702
553,4,10,150,19,0.04743759234968417
554,4,10,150,19,0.1467868763787456
555,4,10,150,19,0.0
556,4,10,150,19,0.0
557,4,10,150,19,0.0
558,4,10,150,19,0.0
559,4,10,150,19,0.04366879852493834
560,4,10,150,19,0.0
561,4,10,150,19,0.0489289587929152
562,4,10,150,19,0.0
563,4,10,150,19,0.0
564,4,10,150,19,0.0
565,4,10,150,19,0.0
566,4,10,150,19,0.05228654033924596
567,4,10,150,19,0.1127054769964433
568,4,10,150,19,0.038553504830439546
569,4,10,150,19,0.18299769260789403
570,4,10,150,19,0.0
571,4,10,150,19,0.0
572,4,10,150,19,0.16812753627111746
573,4,10,150,19,0.0
574,4,10,150,19,0.051811563545175146
575,4,10,150,19,0.0
576,4,10,150,19,0.0
577,4,10,150,19,0.2885849595800216
578,4,10,150,19,0.0
579,4,10,150,19,0.0
580,4,10,150,19,0.09004726125505678
581,4,10,150,19,0.0
582,4,10,150,19,0.0
583,4,10,150,19,0.0
584,4,10,150,19,0.06323567569191428
585,4,10,150,19,0.04173963774222741
586,4,10,150,19,0.09261220774116596
587,4,10,150,19,0.0
588,4,10,150,19,0.1467868763787456
589,4,10,150,19,0.0
590,4,10,150,19,0.053845569940583225
591,4,10,150,19,0.0
592,4,10,150,19,0.4540765369343445
593,4,10,150,19,0.03520132288421838
594,4,10,150,19,0.0
595,4,10,150,19,0.0489289587929152
596,4,10,150,19,0.0
597,4,10,150,19,0.27101620591530523
598,4,10,150,19,0.0
599,4,10,150,19,0.0
600,4,10,150,19,0.0
601,4,10,150,19,0.0
602,4,10,150,19,0.0
603,4,10,150,19,0.0
604,4,10,150,19,0.0
605,4,10,150,19,0.23939908411991156
606,4,10,150,19,0.18852080611807032
607,4,10,150,19,0.0
608,4,10,150,19,0.0
609,4,10,150,19,0.0
610,4,10,150,19,0.18348359547343202
611,4,10,150,19,0.0
612,4,10,150,19,0.0
613,4,10,150,19,0.0
614,4,10,150,19,0.0
615,4,10,150,19,0.0
616,4,10,150,19,0.0
617,4,10,150,19,0.0
618,4,10,150,19,0.22827483468659485
619,4,10,150,19,0.0
620,4,10,150,19,0.03591148888190114
621,4,10,150,19,0.09323170401926151
622,4,10,150,19,0.2286604185909715
623,4,10,150,19,0.0
624,4,10,150,19,0.0
625,4,10,150,19,0.0
626,4,10,150,19,0.0
627,4,10,150,19,0.0999143857838292
628,4,10,150,19,0.0
629,4,10,150,19,0.04630610387058298
630,4,10,150,19,0.18534038120918514
631,4,10,150,19,0.0
632,4,10,150,19,0.13043638554771658
633,4,10,150,19,0.07414861528507455
634,4,10,150,19,0.0
635,4,10,150,19,0.0
636,4,10,150,19,0.0
637,4,10,150,19,0.0
638,4,10,150,19,0.09712868482236708
639,4,10,150,19,0.0
640,4,10,150,19,0.042430922926167375
641,4,10,150,19,0.07675099783970546
642,4,10,150,19,0.08150742675480137
643,4,10,150,19,0.20818162568166723
644,4,10,150,19,0.0
645,4,10,150,19,0.2091638763863375
646,4,10,150,19,0.0
647,4,10,150,19,0.0
648,4,10,150,19,0.12232239698228799
649,4,10,150,19,0.11004588314904008
650,4,10,150,19,0.10288508125588615
651,4,10,150,19,0.0
652,4,10,150,19,0.0
653,4,10,150,19,0.2101928986903619
654,4,10,150,19,0.30140200387391247
655,4,10,150,19,0.0
656,4,10,150,19,0.0
657,4,10,150,19,0.0
658,4,10,150,19,0.18672776492534796
659,4,10,150,19,0.11652406712866005
660,4,10,150,19,0.0
661,4,10,150,19,0.07636413366142976
662,4,10,150,19,0.0
663,4,10,150,19,0.3208929152882004
664,4,10,150,19,0.3507445814888596
665,4,10,150,19,0.0
666,4,10,150,19,0.39334399664003444
667,4,10,150,19,0.1593472521587426
668,4,10,150,19,0.06194403202282284
669,4,10,150,19,0.05228654033924596
670,4,10,150,19,0.0
671,4,10,150,19,0.16025506545347937
672,4,10,150,19,0.0
673,4,10,150,19,0.0
674,4,10,150,19,0.0
675,4,10,150,19,0.0
676,4,10,150,19,0.11969954205995578
677,4,10,150,19,0.0
678,4,10,150,19,0.0
679,4,10,150,19,0.1266596892460251
680,4,10,150,19,0.0
681,4,10,150,19,0.0
682,4,10,150,19,0.26647423188338787
683,4,10,150,19,0.0
684,4,10,150,19,0.05678491519230736
685,4,10,150,19,0.0
686,4,10,150,19,0.07277260183012466
687,4,10,150,19,0.0
688,4,10,150,19,0.0
689,4,10,150,19,0.1116390111176635
690,4,10,150,19,0.1310072688238543
691,4,10,150,19,0.0
692,4,10,150,19,0.05833725389333616
693,4,10,150,19,0.0
694,4,10,150,19,0.1596914597882119
695,4,10,150,19,0.0
696,4,10,150,19,0.0
697,4,10,150,19,0.0
698,4,10,150,19,0.07612478377634582
699,4,10,150,19,0.09261220774116596
700,4,10,150,19,0.12729890218214104
701,4,10,150,19,0.0
702,4,10,150,19,0.0
703,4,10,150,19,0.09261220774116596
704,4,10,150,19,0.14091519686944093
705,4,10,150,19,0.042430922926167375
706,4,10,150,19,0.04395738023645723
707,4,10,150,19,0.03757127894590629
708,4,10,150,19,0.042430922926167375
709,4,10,150,19,0.20402379936788623
710,4,10,150,19,0.14066229800879665
711,4,10,150,19,0.14537487679853686
712,4,10,150,19,0.07125165815948997
713,4,10,150,19,0.0
714,4,10,150,19,0.0
715,4,10,150,19,0.0
716,4,10,150,19,0.21439441023353176
717,4,10,150,19,0.03520132288421838
718,4,10,150,19,0.0
719,4,10,150,19,0.0794986685104551
720,4,10,150,19,0.0
721,4,10,150,19,0.17709695172847634
722,4,10,150,19,0.06556429791586475
723,4,10,150,19,0.0
724,4,10,150,19,0.0
725,4,10,150,19,0.0
726,4,10,150,19,0.0
727,4,10,150,19,0.22675260238284664
728,4,10,150,19,0.051573320538546435
729,4,10,150,19,0.0
730,4,10,150,19,0.0
731,4,10,150,19,0.10121549913216116
732,4,10,150,19,0.0
733,4,10,150,19,0.15673736202310473
734,4,10,150,19,0.0
735,4,10,150,19,0.0
736,4,10,150,19,0.0
737,4,10,150,19,0.04395738023645723
738,4,10,150,19,0.25012299789748127
739,4,10,150,19,0.03855307727568851
740,4,10,150,19,0.0
741,4,10,150,19,0.0632176666891428
742,4,10,150,19,0.0
743,4,10,150,19,0.0
744,4,10,150,19,0.0
745,4,10,150,19,0.03520132288421838
746,4,10,150,19,0.1930929802493286
747,4,10,150,19,0.5810678087656783
748,4,10,150,19,0.1540060164361317
749,4,10,150,19,0.16397612445821355
750,4,10,150,19,0.0
751,4,10,150,19,0.08000220187207366
752,4,10,150,19,0.0
753,4,10,150,19,0.09261220774116596
754,4,10,150,19,0.0
755,4,10,150,19,0.03855371268423985
756,4,10,150,19,0.0489289587929152
757,4,10,150,19,0.0
758,4,10,150,19,0.23812673063585652
759,4,10,150,19,0.049710505523782283
760,4,10,150,19,0.0
761,4,10,150,19,0.0
762,4,10,150,19,0.0
763,4,10,150,19,0.05228654033924596
764,4,10,150,19,0.1647384257518758
765,4,10,150,19,0.10122860821230018
766,4,10,150,19,0.05228654033924596
767,4,10,150,19,0.06994410797740244
768,4,10,150,19,0.0
769,4,10,150,19,0.0
770,4,10,150,19,0.17923038342715647
771,4,10,150,19,0.22493741431038536
772,4,10,150,19,0.0
773,4,10,150,19,0.14045636020179245
774,4,10,150,19,0.0
775,4,10,150,19,0.0
776,4,10,150,19,0.04094516368001556
777,4,10,150,19,0.0
778,4,10,150,19,0.11433860186938835
779,4,10,150,19,0.0
780,4,10,150,19,0.0
781,4,10,150,19,0.0366967190946864
782,4,10,150,19,0.09645232975905071
783,4,10,150,19,0.0
784,4,10,150,19,0.0
785,4,10,150,19,0.0
786,4,10,150,19,0.0
787,4,10,150,19,0.0
788,4,10,150,19,0.3665489623100097
789,4,10,150,19,0.051358492238643604
790,4,10,150,19,0.0
791,4,10,150,19,0.0
792,4,10,150,19,0.038553504830439546
793,4,10,150,19,0.0
794,4,10,150,19,0.0
795,4,10,150,19,0.0
796,4,10,150,19,0.37831092234511576
797,4,10,150,19,0.0
798,4,10,150,19,0.09261220774116596
799,4,10,150,19,0.0
800,4,10,150,19,0.0
801,4,10,150,19,0.0
802,4,10,150,19,0.0733934381893728
803,4,10,150,19,0.0
804,4,10,150,19,0.24315341556065856
805,4,10,150,19,0.21147984232947734
806,4,10,150,19,0.4169787169135025
807,4,10,150,19,0.038553504830439546
808,4,10,150,19,0.0
809,4,10,150,19,0.0
810,4,10,150,19,0.0
811,4,10,150,19,0.0
812,4,10,150,19,0.0
813,4,10,150,19,0.0
814,4,10,150,19,0.0
815,4,10,150,19,0.11494771292842354
816,4,10,150,19,0.0
817,4,10,150,19,0.0
818,4,10,150,19,0.0
819,4,10,150,19,0.0
820,4,10,150,19,0.0
821,4,10,150,19,0.23162732405356196
822,4,10,150,19,0.0
823,4,10,150,19,0.2024320768169678
824,4,10,150,19,0.05046096657376444
825,4,10,150,19,0.05678491519230736
826,4,10,150,19,0.1467868763787456
827,4,10,150,19,0.0
828,4,10,150,19,0.04630610387058298
829,4,10,150,19,0.1611257806324207
830,4,10,150,19,0.17727127426440145
831,4,10,150,19,0.26229108340713436
832,4,10,150,19,0.0
833,4,10,150,19,0.12245259043481692
834,4,10,150,19,0.24251121723036934
835,4,10,150,19,0.0
836,4,10,150,19,0.08859637335965855
837,4,10,150,19,0.0
838,4,10,150,19,0.27747436687739024
839,4,10,150,19,0.04630610387058298
840,4,10,150,19,0.3202601270552981
841,4,10,150,19,0.0
842,4,10,150,19,0.0
843,4,10,150,19,0.0
844,4,10,150,19,0.03396328517181661
845,4,10,150,19,0.0
846,4,10,150,19,0.37905528874380684
847,4,10,150,19,0.09523506266349818
848,4,10,150,19,0.0
849,4,10,150,19,0.0
850,4,10,150,19,0.2251681371228115
851,4,10,150,19,0.04418725275982313
852,4,10,150,19,0.19097412913856873
853,4,10,150,19,0.0
854,4,10,150,19,0.0
855,4,10,150,19,0.0
856,4,10,150,19,0.0
857,4,10,150,19,0.0
858,4,10,150,19,0.0
859,4,10,150,19,0.0
860,4,10,150,19,0.0
861,4,10,150,19,0.03709674194804795
862,4,10,150,19,0.042430922926167375
863,4,10,150,19,0.0
864,4,10,150,19,0.482836177899749
865,4,10,150,19,0.04094516368001556
866,4,10,150,19,0.0
867,4,10,150,19,0.10571387398522256
868,4,10,150,19,0.364946660128363
869,4,10,150,19,0.03520132288421838
870,4,10,150,19,0.4574986205666065
871,4,10,150,19,0.08859637335965855
872,4,10,150,19,0.03520132288421838
873,4,10,150,19,0.0
874,4,10,150,19,0.056210658265822395
875,4,10,150,19,0.10564858961531018
876,4,10,150,19,0.08671382849411972
877,4,10,150,19,0.08088397185450955
878,4,10,150,19,0.31329652612085673
879,4,10,150,19,0.0
880,4,10,150,19,0.4983475155772564
881,4,10,150,19,0.12450786224155969
882,4,10,150,19,0.18645429094548896
883,4,10,150,19,0.47825507229274966
884,4,10,150,19,0.0971809518609594
885,4,10,150,19,0.07874219182462669
886,4,10,150,19,0.24413325494305552
887,4,10,150,19,0.0632176666891428
888,4,10,150,19,0.06943122193677727
889,4,10,150,19,0.0
890,4,10,150,19,0.0
891,4,10,150,19,0.0366967190946864
892,4,10,150,19,0.2459900406788087
893,4,10,150,19,0.10288508125588615
894,4,10,150,19,0.18345225291085146
895,4,10,150,19,0.0
896,4,10,150,19,0.5809027083698035
897,4,10,150,19,0.37169510822286983
898,4,10,150,19,0.0
899,4,10,150,19,0.09133985425711093
900,4,10,150,19,0.03757127894590629
901,4,10,150,19,0.25018606856852244
902,4,10,150,19,0.0
903,4,10,150,19,0.23363577487716228
904,4,10,150,19,0.0
905,4,10,150,19,0.0
906,4,10,150,19,0.04258528250242427
907,4,10,150,19,0.05678491519230736
908,4,10,150,19,0.09471746326541333
909,4,10,150,19,0.0
910,4,10,150,19,0.0
911,4,10,150,19,0.07685665256191669
912,4,10,150,19,0.09133985425711093
913,4,10,150,19,0.0
914,4,10,150,19,0.0
915,4,10,150,19,0.0
916,4,10,150,19,0.5337411764505372
917,4,10,150,19,0.0
918,4,10,150,19,0.0733934381893728
919,4,10,150,19,0.16687507247636657
920,4,10,150,19,0.0
921,4,10,150,19,0.1528921066998279
922,4,10,150,19,0.23580936081245965
923,4,10,150,19,0.0
924,4,10,150,19,0.0
925,4,10,150,19,0.0
926,4,10,150,19,0.0
927,4,10,150,19,0.034554939064803565
928,4,10,150,19,0.1482972305701491
929,4,10,150,19,0.21755898771261414
930,4,10,150,19,0.0
931,4,10,150,19,0.06975626194902194
932,4,10,150,19,0.22616230888339575
933,4,10,150,19,0.0489289587929152
934,4,10,150,19,0.15676952479555573
935,4,10,150,19,0.04173963774222741
936,4,10,150,19,0.18348359547343202
937,4,10,150,19,0.0
938,4,10,150,19,0.14489874808041192
939,4,10,150,19,0.0
940,4,10,150,19,0.05228654033924596
941,4,10,150,19,0.0
942,4,10,150,19,0.0366967190946864
943,4,10,150,19,0.24743104261224894
1,4,10,150,20,0.41879925010384716
2,4,10,150,20,0.0
3,4,10,150,20,0.0
4,4,10,150,20,0.0
5,4,10,150,20,0.0
6,4,10,150,20,0.27020011346731576
7,4,10,150,20,0.3347824800118607
8,4,10,150,20,0.0
9,4,10,150,20,0.21840743681816419
10,4,10,150,20,0.03855371268423985
11,4,10,150,20,0.1420400396336573
12,4,10,150,20,0.0
13,4,10,150,20,0.2558778987115983
14,4,10,150,20,0.0
15,4,10,150,20,0.05010834716923557
16,4,10,150,20,0.0
17,4,10,150,20,0.0
18,4,10,150,20,0.26365574242510303
19,4,10,150,20,0.0
20,4,10,150,20,0.0
21,4,10,150,20,0.0
22,4,10,150,20,0.0664352832729762
23,4,10,150,20,0.19906649093208975
24,4,10,150,20,0.0
25,4,10,150,20,0.07414861528507455
26,4,10,150,20,0.0
27,4,10,150,20,0.0
28,4,10,150,20,0.0
29,4,10,150,20,0.0740318445087683
30,4,10,150,20,0.0
31,4,10,150,20,0.0
32,4,10,150,20,0.0
33,4,10,150,20,0.0
35,4,10,150,20,0.0
36,4,10,150,20,0.0
37,4,10,150,20,0.0
38,4,10,150,20,0.0
39,4,10,150,20,0.0
40,4,10,150,20,0.0
41,4,10,150,20,0.0
42,4,10,150,20,0.0
43,4,10,150,20,0.19185645676225596
44,4,10,150,20,0.1694627944724332
45,4,10,150,20,0.0
46,4,10,150,20,0.11284514134893527
47,4,10,150,20,0.0
48,4,10,150,20,0.0
49,4,10,150,20,0.0
50,4,10,150,20,0.0
51,4,10,150,20,0.16812753627111746
52,4,10,150,20,0.0
54,4,10,150,20,0.0
56,4,10,150,20,0.20383503459815738
57,4,10,150,20,0.18686728486108495
58,4,10,150,20,0.23504554941448536
59,4,10,150,20,0.21569349739616678
60,4,10,150,20,0.06362078819895171
61,4,10,150,20,0.0
62,4,10,150,20,0.08840545926477482
63,4,10,150,20,0.0
64,4,10,150,20,0.04238468688770069
65,4,10,150,20,0.13012668333070054
66,4,10,150,20,0.0
67,4,10,150,20,0.0
68,4,10,150,20,0.4176344875447225
69,4,10,150,20,0.0
70,4,10,150,20,0.0
71,4,10,150,20,0.0
72,4,10,150,20,0.0
73,4,10,150,20,0.0
74,4,10,150,20,0.0
75,4,10,150,20,0.0
76,4,10,150,20,0.0
77,4,10,150,20,0.0
78,4,10,150,20,0.0
79,4,10,150,20,0.27487633291429087
80,4,10,150,20,0.0
81,4,10,150,20,0.0
82,4,10,150,20,0.19298623480417013
83,4,10,150,20,0.12089611529519323
84,4,10,150,20,0.0
85,4,10,150,20,0.0
87,4,10,150,20,0.0
89,4,10,150,20,0.16716045496620227
90,4,10,150,20,0.0
91,4,10,150,20,0.0
92,4,10,150,20,0.11064108687264426
93,4,10,150,20,0.0
94,4,10,150,20,0.03406297225598251
95,4,10,150,20,0.17437833078197715
96,4,10,150,20,0.0
97,4,10,150,20,0.0
98,4,10,150,20,0.0
99,4,10,150,20,0.0
100,4,10,150,20,0.0
101,4,10,150,20,0.0
102,4,10,150,20,0.0
103,4,10,150,20,0.0
104,4,10,150,20,0.0
105,4,10,150,20,0.0
106,4,10,150,20,0.0
107,4,10,150,20,0.0
108,4,10,150,20,0.0
109,4,10,150,20,0.03709674194804795
110,4,10,150,20,0.0
111,4,10,150,20,0.0
112,4,10,150,20,0.0
113,4,10,150,20,0.0
114,4,10,150,20,0.0
115,4,10,150,20,0.10684080426179023
116,4,10,150,20,0.0
117,4,10,150,20,0.14606834984270645
118,4,10,150,20,0.0
119,4,10,150,20,0.07887161585765425
120,4,10,150,20,0.0
121,4,10,150,20,0.2147325744928709
122,4,10,150,20,0.1530100230930498
123,4,10,150,20,0.0
125,4,10,150,20,0.0
126,4,10,150,20,0.0
127,4,10,150,20,0.10253313861822189
128,4,10,150,20,0.03233829114831982
129,4,10,150,20,0.0
130,4,10,150,20,0.1420400396336573
131,4,10,150,20,0.0
133,4,10,150,20,0.11047239495909743
134,4,10,150,20,0.0
135,4,10,150,20,0.0
137,4,10,150,20,0.0
138,4,10,150,20,0.0
139,4,10,150,20,0.0
141,4,10,150,20,0.0
142,4,10,150,20,0.0
143,4,10,150,20,0.0
144,4,10,150,20,0.1227945149537572
145,4,10,150,20,0.10723621032226117
146,4,10,150,20,0.0
148,4,10,150,20,0.0
149,4,10,150,20,0.0
150,4,10,150,20,0.0
151,4,10,150,20,0.035510009908414325
152,4,10,150,20,0.0
153,4,10,150,20,0.0
154,4,10,150,20,0.0
155,4,10,150,20,0.0
156,4,10,150,20,0.0
158,4,10,150,20,0.11008935378765584
159,4,10,150,20,0.0
160,4,10,150,20,0.0
161,4,10,150,20,0.0
162,4,10,150,20,0.0
163,4,10,150,20,0.0
164,4,10,150,20,0.0
165,4,10,150,20,0.0
166,4,10,150,20,0.0
167,4,10,150,20,0.0
168,4,10,150,20,0.23504554941448536
169,4,10,150,20,0.0
170,4,10,150,20,0.0
171,4,10,150,20,0.0
172,4,10,150,20,0.0
173,4,10,150,20,0.0
174,4,10,150,20,0.060961917527339995
175,4,10,150,20,0.0
176,4,10,150,20,0.0
177,4,10,150,20,0.06912040963822193
178,4,10,150,20,0.19698862770564318
179,4,10,150,20,0.0
180,4,10,150,20,0.0
181,4,10,150,20,0.0
182,4,10,150,20,0.0
183,4,10,150,20,0.0
184,4,10,150,20,0.07366303835498346
185,4,10,150,20,0.07745351606183934
186,4,10,150,20,0.22147164648185297
187,4,10,150,20,0.0
188,4,10,150,20,0.054384419234677496
189,4,10,150,20,0.1420400396336573
190,4,10,150,20,0.10699313236726378
191,4,10,150,20,0.0
192,4,10,150,20,0.0
193,4,10,150,20,0.0
194,4,10,150,20,0.0
195,4,10,150,20,0.0
196,4,10,150,20,0.0
197,4,10,150,20,0.0
198,4,10,150,20,0.0
199,4,10,150,20,0.0
200,4,10,150,20,0.0383846381653829
201,4,10,150,20,0.05494858807198588
203,4,10,150,20,0.0
204,4,10,150,20,0.0
205,4,10,150,20,0.0
206,4,10,150,20,0.0
207,4,10,150,20,0.0
209,4,10,150,20,0.0
210,4,10,150,20,0.0
211,4,10,150,20,0.0
212,4,10,150,20,0.12681701683239352
213,4,10,150,20,0.13955212171688613
214,4,10,150,20,0.0
215,4,10,150,20,0.0
216,4,10,150,20,0.0
217,4,10,150,20,0.0
218,4,10,150,20,0.19092086617893467
219,4,10,150,20,0.0
221,4,10,150,20,0.2797643380184693
222,4,10,150,20,0.15087207614888634
223,4,10,150,20,0.0
224,4,10,150,20,0.0
225,4,10,150,20,0.0
226,4,10,150,20,0.0
227,4,10,150,20,0.0
228,4,10,150,20,0.0
229,4,10,150,20,0.0
230,4,10,150,20,0.0843142342558857
231,4,10,150,20,0.0
232,4,10,150,20,0.3234992853586256
233,4,10,150,20,0.0
234,4,10,150,20,0.0
235,4,10,150,20,0.06065881345112158
236,4,10,150,20,0.0
237,4,10,150,20,0.0
238,4,10,150,20,0.0
239,4,10,150,20,0.060772229737720354
240,4,10,150,20,0.0
242,4,10,150,20,0.0
243,4,10,150,20,0.05446333035917803
244,4,10,150,20,0.049043960636177025
245,4,10,150,20,0.0
246,4,10,150,20,0.08041927109478651
247,4,10,150,20,0.0
248,4,10,150,20,0.07984133538066794
249,4,10,150,20,0.05382121602276955
250,4,10,150,20,0.2529427027676571
251,4,10,150,20,0.0
252,4,10,150,20,0.0
253,4,10,150,20,0.05954496680255472
254,4,10,150,20,0.0
255,4,10,150,20,0.0
256,4,10,150,20,0.15883854575945927
257,4,10,150,20,0.2465263090905131
258,4,10,150,20,0.0
259,4,10,150,20,0.0
260,4,10,150,20,0.0
261,4,10,150,20,0.0
262,4,10,150,20,0.0
263,4,10,150,20,0.060772229737720354
264,4,10,150,20,0.0
265,4,10,150,20,0.10209739512291163
267,4,10,150,20,0.09794101962538232
268,4,10,150,20,0.05494858807198588
269,4,10,150,20,0.11207879920371772
270,4,10,150,20,0.0
271,4,10,150,20,0.15975525889395095
272,4,10,150,20,0.09109240322345806
273,4,10,150,20,0.0
274,4,10,150,20,0.0
275,4,10,150,20,0.0
276,4,10,150,20,0.22028617462004255
277,4,10,150,20,0.0
279,4,10,150,20,0.10229526794987165
280,4,10,150,20,0.0
281,4,10,150,20,0.0
283,4,10,150,20,0.0
284,4,10,150,20,0.0
285,4,10,150,20,0.06258116307550304
286,4,10,150,20,0.2391766820380747
287,4,10,150,20,0.0
288,4,10,150,20,0.0
289,4,10,150,20,0.13905617951077562
290,4,10,150,20,0.0
291,4,10,150,20,0.2371213834517332
292,4,10,150,20,0.0
293,4,10,150,20,0.08961728720334347
294,4,10,150,20,0.04123398036294628
295,4,10,150,20,0.2016669681570433
296,4,10,150,20,0.47774763069170006
297,4,10,150,20,0.049712302565054066
298,4,10,150,20,0.13703648392775936
299,4,10,150,20,0.0
300,4,10,150,20,0.0
301,4,10,150,20,0.047934103497110726
303,4,10,150,20,0.13331411782531957
304,4,10,150,20,0.0
305,4,10,150,20,0.23369450199516342
306,4,10,150,20,0.0
307,4,10,150,20,0.07667481399289292
308,4,10,150,20,0.170784838835622
309,4,10,150,20,0.0
310,4,10,150,20,0.0
311,4,10,150,20,0.04734667987788577
312,4,10,150,20,0.08293397412293688
313,4,10,150,20,0.09770690058701746
314,4,10,150,20,0.1847983521486889
315,4,10,150,20,0.0
316,4,10,150,20,0.04568304891751105
317,4,10,150,20,0.0
318,4,10,150,20,0.05633425377856011
319,4,10,150,20,0.0
320,4,10,150,20,0.0
321,4,10,150,20,0.062242588308449316
322,4,10,150,20,0.17342765698823945
323,4,10,150,20,0.14126697285982898
324,4,10,150,20,0.0
325,4,10,150,20,0.0
326,4,10,150,20,0.036356287988538835
327,4,10,150,20,0.0
328,4,10,150,20,0.10508299207281117
329,4,10,150,20,0.0
330,4,10,150,20,0.0536466452928127
331,4,10,150,20,0.16958010263680806
332,4,10,150,20,0.0
333,4,10,150,20,0.0
334,4,10,150,20,0.10554427104660292
336,4,10,150,20,0.0
337,4,10,150,20,0.16716045496620227
338,4,10,150,20,0.0
339,4,10,150,20,0.06818766408358207
340,4,10,150,20,0.0
341,4,10,150,20,0.0
342,4,10,150,20,0.19791922947023236
343,4,10,150,20,0.17934679000010195
344,4,10,150,20,0.2076030287632974
345,4,10,150,20,0.03475017269886857
346,4,10,150,20,0.13947804593499064
347,4,10,150,20,0.0
348,4,10,150,20,0.0
349,4,10,150,20,0.0
350,4,10,150,20,0.0
351,4,10,150,20,0.0
352,4,10,150,20,0.0
353,4,10,150,20,0.0
354,4,10,150,20,0.03233829114831982
355,4,10,150,20,0.0
356,4,10,150,20,0.0
357,4,10,150,20,0.0
358,4,10,150,20,0.20438239758848611
359,4,10,150,20,0.0
360,4,10,150,20,0.0
361,4,10,150,20,0.04972780777662495
362,4,10,150,20,0.0
363,4,10,150,20,0.21896785705591754
364,4,10,150,20,0.0
365,4,10,150,20,0.0
366,4,10,150,20,0.0
367,4,10,150,20,0.0
368,4,10,150,20,0.0
369,4,10,150,20,0.0
370,4,10,150,20,0.09092803061897883
371,4,10,150,20,0.09460634670666435
372,4,10,150,20,0.0
373,4,10,150,20,0.035769798946978335
374,4,10,150,20,0.07366303835498346
375,4,10,150,20,0.0
376,4,10,150,20,0.0
377,4,10,150,20,0.0
378,4,10,150,20,0.2503668098169306
379,4,10,150,20,0.032864970567577
380,4,10,150,20,0.0
381,4,10,150,20,0.0
382,4,10,150,20,0.0
383,4,10,150,20,0.0
384,4,10,150,20,0.0
385,4,10,150,20,0.0
386,4,10,150,20,0.0
387,4,10,150,20,0.12628707150644458
388,4,10,150,20,0.0
389,4,10,150,20,0.11615538305024047
390,4,10,150,20,0.0
391,4,10,150,20,0.2137247802747043
392,4,10,150,20,0.0
393,4,10,150,20,0.0
394,4,10,150,20,0.08610569288303137
395,4,10,150,20,0.0
396,4,10,150,20,0.0
397,4,10,150,20,0.22320497122386787
398,4,10,150,20,0.15087207614888634
399,4,10,150,20,0.0
400,4,10,150,20,0.0
401,4,10,150,20,0.0
402,4,10,150,20,0.04622440829742681
403,4,10,150,20,0.0
404,4,10,150,20,0.0
405,4,10,150,20,0.08961728720334347
406,4,10,150,20,0.22018465742913315
407,4,10,150,20,0.05059568297461706
408,4,10,150,20,0.0
409,4,10,150,20,0.08237937957084719
410,4,10,150,20,0.0
411,4,10,150,20,0.0
412,4,10,150,20,0.0
413,4,10,150,20,0.0
414,4,10,150,20,0.0
415,4,10,150,20,0.0
416,4,10,150,20,0.1420400396336573
417,4,10,150,20,0.1461490759783761
418,4,10,150,20,0.0
419,4,10,150,20,0.1208113026994942
420,4,10,150,20,0.0
421,4,10,150,20,0.05954496680255472
422,4,10,150,20,0.04320473659574256
423,4,10,150,20,0.053845569940583225
424,4,10,150,20,0.23504554941448536
425,4,10,150,20,0.21306005945048595
426,4,10,150,20,0.0
427,4,10,150,20,0.0
428,4,10,150,20,0.0
429,4,10,150,20,0.2764659704386725
430,4,10,150,20,0.0
431,4,10,150,20,0.0
432,4,10,150,20,0.0
433,4,10,150,20,0.0
434,4,10,150,20,0.15130120674940672
435,4,10,150,20,0.19553945274591175
436,4,10,150,20,0.0
437,4,10,150,20,0.10369767399199639
438,4,10,150,20,0.0
439,4,10,150,20,0.0
440,4,10,150,20,0.0
441,4,10,150,20,0.0
442,4,10,150,20,0.044808643601671735
443,4,10,150,20,0.0
444,4,10,150,20,0.0
445,4,10,150,20,0.0
446,4,10,150,20,0.0
447,4,10,150,20,0.19698862770564318
448,4,10,150,20,0.0
449,4,10,150,20,0.1511226181481109
450,4,10,150,20,0.2993868323661719
451,4,10,150,20,0.0
452,4,10,150,20,0.1230380684097133
453,4,10,150,20,0.0
454,4,10,150,20,0.0
455,4,10,150,20,0.08961728720334347
456,4,10,150,20,0.0
457,4,10,150,20,0.3138199685834549
458,4,10,150,20,0.032864970567577
459,4,10,150,20,0.0
460,4,10,150,20,0.05184030722866645
461,4,10,150,20,0.0
462,4,10,150,20,0.0
463,4,10,150,20,0.1420400396336573
464,4,10,150,20,0.0
465,4,10,150,20,0.0
466,4,10,150,20,0.0
467,4,10,150,20,0.0
468,4,10,150,20,0.03475017269886857
469,4,10,150,20,0.0
470,4,10,150,20,0.0
471,4,10,150,20,0.0
472,4,10,150,20,0.03730675036644464
473,4,10,150,20,0.0
474,4,10,150,20,0.21687309645704797
475,4,10,150,20,0.0
476,4,10,150,20,0.0
477,4,10,150,20,0.0
478,4,10,150,20,0.2345109835167376
479,4,10,150,20,0.08114295068041448
480,4,10,150,20,0.0
481,4,10,150,20,0.03855307727568851
482,4,10,150,20,0.0
483,4,10,150,20,0.0
484,4,10,150,20,0.18591568282327006
485,4,10,150,20,0.0
486,4,10,150,20,0.0
487,4,10,150,20,0.1116779901211288
488,4,10,150,20,0.0
489,4,10,150,20,0.0
490,4,10,150,20,0.0
491,4,10,150,20,0.06362078819895171
492,4,10,150,20,0.0
493,4,10,150,20,0.0
494,4,10,150,20,0.0
495,4,10,150,20,0.0
496,4,10,150,20,0.0
497,4,10,150,20,0.09010499239291735
498,4,10,150,20,0.0
499,4,10,150,20,0.0
500,4,10,150,20,0.15282777773953798
501,4,10,150,20,0.0
502,4,10,150,20,0.0
503,4,10,150,20,0.0
504,4,10,150,20,0.10369767399199639
505,4,10,150,20,0.08961728720334347
506,4,10,150,20,0.07767361416924873
507,4,10,150,20,0.0
508,4,10,150,20,0.0
509,4,10,150,20,0.0
510,4,10,150,20,0.0
511,4,10,150,20,0.0
512,4,10,150,20,0.0
513,4,10,150,20,0.0
514,4,10,150,20,0.36984490050787167
515,4,10,150,20,0.11706259313796354
516,4,10,150,20,0.0
517,4,10,150,20,0.0
518,4,10,150,20,0.0
519,4,10,150,20,0.0
520,4,10,150,20,0.0
521,4,10,150,20,0.11377833233186024
522,4,10,150,20,0.0
523,4,10,150,20,0.0
524,4,10,150,20,0.21954852484755746
525,4,10,150,20,0.0
526,4,10,150,20,0.04972780777662495
527,4,10,150,20,0.06869457913685866
528,4,10,150,20,0.10209739512291163
529,4,10,150,20,0.0
530,4,10,150,20,0.0
531,4,10,150,20,0.0
532,4,10,150,20,0.3474859902555012
533,4,10,150,20,0.1728193939517167
534,4,10,150,20,0.047934103497110726
535,4,10,150,20,0.11265694465840588
536,4,10,150,20,0.08961728720334347
537,4,10,150,20,0.2799320996669097
538,4,10,150,20,0.14697776980950736
539,4,10,150,20,0.0
540,4,10,150,20,0.0
541,4,10,150,20,0.0
542,4,10,150,20,0.05059568297461706
543,4,10,150,20,0.0
544,4,10,150,20,0.0
545,4,10,150,20,0.03233829114831982
546,4,10,150,20,0.05758752804519195
547,4,10,150,20,0.0
548,4,10,150,20,0.10661647059582172
549,4,10,150,20,0.0
550,4,10,150,20,0.0
551,4,10,150,20,0.0
552,4,10,150,20,0.1205344274731702
553,4,10,150,20,0.04743759234968417
554,4,10,150,20,0.1420400396336573
555,4,10,150,20,0.0
556,4,10,150,20,0.0
557,4,10,150,20,0.0
558,4,10,150,20,0.0
559,4,10,150,20,0.04366879852493834
560,4,10,150,20,0.0
561,4,10,150,20,0.04734667987788577
562,4,10,150,20,0.0
563,4,10,150,20,0.0
564,4,10,150,20,0.0
565,4,10,150,20,0.0
566,4,10,150,20,0.05059568297461706
567,4,10,150,20,0.10906077446732207
568,4,10,150,20,0.03730675036644464
569,4,10,150,20,0.18299769260789403
570,4,10,150,20,0.0
571,4,10,150,20,0.0
572,4,10,150,20,0.16812753627111746
573,4,10,150,20,0.0
574,4,10,150,20,0.051811563545175146
575,4,10,150,20,0.0
576,4,10,150,20,0.0
577,4,10,150,20,0.2792526151360968
578,4,10,150,20,0.0
579,4,10,150,20,0.0
580,4,10,150,20,0.09004726125505678
581,4,10,150,20,0.0
582,4,10,150,20,0.0
583,4,10,150,20,0.0
584,4,10,150,20,0.06323567569191428
585,4,10,150,20,0.04173963774222741
586,4,10,150,20,0.08961728720334347
587,4,10,150,20,0.0
588,4,10,150,20,0.1420400396336573
589,4,10,150,20,0.0
590,4,10,150,20,0.053845569940583225
591,4,10,150,20,0.0
592,4,10,150,20,0.47173076882766074
593,4,10,150,20,0.03406297225598251
594,4,10,150,20,0.0
595,4,10,150,20,0.04734667987788577
596,4,10,150,20,0.0
597,4,10,150,20,0.27101620591530523
598,4,10,150,20,0.0
599,4,10,150,20,0.0
600,4,10,150,20,0.0
601,4,10,150,20,0.0
602,4,10,150,20,0.0
603,4,10,150,20,0.0
604,4,10,150,20,0.0
605,4,10,150,20,0.23939908411991156
606,4,10,150,20,0.18242436540230822
607,4,10,150,20,0.0
608,4,10,150,20,0.0
609,4,10,150,20,0.0
610,4,10,150,20,0.17755004954207163
611,4,10,150,20,0.0
612,4,10,150,20,0.0
613,4,10,150,20,0.0
614,4,10,150,20,0.0
615,4,10,150,20,0.0
616,4,10,150,20,0.0
617,4,10,150,20,0.0
618,4,10,150,20,0.22089281662066518
619,4,10,150,20,0.0
620,4,10,150,20,0.03475017269886857
621,4,10,150,20,0.09021675003043265
622,4,10,150,20,0.25360422254879983
623,4,10,150,20,0.0
624,4,10,150,20,0.0
625,4,10,150,20,0.0
626,4,10,150,20,0.0
627,4,10,150,20,0.0966833252864462
628,4,10,150,20,0.0
629,4,10,150,20,0.044808643601671735
630,4,10,150,20,0.17934679000010195
631,4,10,150,20,0.0
632,4,10,150,20,0.12621829573554003
633,4,10,150,20,0.07414861528507455
634,4,10,150,20,0.0
635,4,10,150,20,0.0
636,4,10,150,20,0.0
637,4,10,150,20,0.0
638,4,10,150,20,0.09712868482236708
639,4,10,150,20,0.0
640,4,10,150,20,0.04105877938688906
641,4,10,150,20,0.07675099783970546
642,4,10,150,20,0.07887161585765425
643,4,10,150,20,0.20144938765864295
644,4,10,150,20,0.0
645,4,10,150,20,0.20239987405404494
646,4,10,150,20,0.0
647,4,10,150,20,0.0
648,4,10,150,20,0.11836669969471442
649,4,10,150,20,0.11004588314904008
650,4,10,150,20,0.09955795354341476
651,4,10,150,20,0.0
652,4,10,150,20,0.0
653,4,10,150,20,0.20339561953520371
654,4,10,150,20,0.2916551781199509
655,4,10,150,20,0.03233829114831982
656,4,10,150,20,0.0
657,4,10,150,20,0.0
658,4,10,150,20,0.18672776492534796
659,4,10,150,20,0.11275587792006708
660,4,10,150,20,0.0
661,4,10,150,20,0.07389464807379724
662,4,10,150,20,0.0
663,4,10,150,20,0.3105157867661775
664,4,10,150,20,0.37174039224229716
665,4,10,150,20,0.0
666,4,10,150,20,0.3806239239552453
667,4,10,150,20,0.1593472521587426
668,4,10,150,20,0.06194403202282284
669,4,10,150,20,0.05059568297461706
670,4,10,150,20,0.0
671,4,10,150,20,0.15507269048885172
672,4,10,150,20,0.0
673,4,10,150,20,0.0
674,4,10,150,20,0.0
675,4,10,150,20,0.0
676,4,10,150,20,0.11582866341850039
677,4,10,150,20,0.0
678,4,10,150,20,0.0
679,4,10,150,20,0.1266596892460251
680,4,10,150,20,0.0
681,4,10,150,20,0.0
682,4,10,150,20,0.257856910589218
683,4,10,150,20,0.0
684,4,10,150,20,0.05494858807198588
685,4,10,150,20,0.0
686,4,10,150,20,0.07277260183012466
687,4,10,150,20,0.0
688,4,10,150,20,0.0
689,4,10,150,20,0.1116390111176635
690,4,10,150,20,0.12677071762208228
691,4,10,150,20,0.0
692,4,10,150,20,0.05833725389333616
693,4,10,150,20,0.0
694,4,10,150,20,0.1545273108676805
695,4,10,150,20,0.0
696,4,10,150,20,0.0
697,4,10,150,20,0.0
698,4,10,150,20,0.07366303835498346
699,4,10,150,20,0.08961728720334347
700,4,10,150,20,0.12729890218214104
701,4,10,150,20,0.0
702,4,10,150,20,0.0
703,4,10,150,20,0.09261220774116596
704,4,10,150,20,0.13635824020585416
705,4,10,150,20,0.04105877938688906
706,4,10,150,20,0.04395738023645723
707,4,10,150,20,0.036356287988538835
708,4,10,150,20,0.04105877938688906
709,4,10,150,20,0.22976430949106097
710,4,10,150,20,0.13611351966219645
711,4,10,150,20,0.17301199285529448
712,4,10,150,20,0.10128579244144764
713,4,10,150,20,0.0
714,4,10,150,20,0.0
715,4,10,150,20,0.0
716,4,10,150,20,0.2074612613748275
717,4,10,150,20,0.03406297225598251
718,4,10,150,20,0.0
719,4,10,150,20,0.07692781742226024
720,4,10,150,20,0.0
721,4,10,150,20,0.20370823009032077
722,4,10,150,20,0.06556429791586475
723,4,10,150,20,0.0
724,4,10,150,20,0.0
725,4,10,150,20,0.0
726,4,10,150,20,0.05010834716923557
727,4,10,150,20,0.21941981070835095
728,4,10,150,20,0.09627818061559096
729,4,10,150,20,0.0
730,4,10,150,20,0.0
731,4,10,150,20,0.09794236285250282
732,4,10,150,20,0.0
733,4,10,150,20,0.15166874357618199
734,4,10,150,20,0.0
735,4,10,150,20,0.0
736,4,10,150,20,0.0
737,4,10,150,20,0.04395738023645723
738,4,10,150,20,0.24203444756858192
739,4,10,150,20,0.03855307727568851
740,4,10,150,20,0.0
741,4,10,150,20,0.06117331537803186
742,4,10,150,20,0.0
743,4,10,150,20,0.0
744,4,10,150,20,0.0
745,4,10,150,20,0.03520132288421838
746,4,10,150,20,0.2191869743836489
747,4,10,150,20,0.5946153599372174
748,4,10,150,20,0.14902572503802716
749,4,10,150,20,0.1586734168041107
750,4,10,150,20,0.0
751,4,10,150,20,0.07741506737542789
752,4,10,150,20,0.0
753,4,10,150,20,0.08961728720334347
754,4,10,150,20,0.0
755,4,10,150,20,0.03855371268423985
756,4,10,150,20,0.04734667987788577
757,4,10,150,20,0.0
758,4,10,150,20,0.23042611909035668
759,4,10,150,20,0.049710505523782283
760,4,10,150,20,0.0
761,4,10,150,20,0.0
762,4,10,150,20,0.0
763,4,10,150,20,0.05059568297461706
764,4,10,150,20,0.1594110665765958
765,4,10,150,20,0.10122860821230018
766,4,10,150,20,0.05059568297461706
767,4,10,150,20,0.06994410797740244
768,4,10,150,20,0.0
769,4,10,150,20,0.0
770,4,10,150,20,0.1734343791052641
771,4,10,150,20,0.21766332271626587
772,4,10,150,20,0.0
773,4,10,150,20,0.1359142415319536
774,4,10,150,20,0.0
775,4,10,150,20,0.0
776,4,10,150,20,0.039621067055815605
777,4,10,150,20,0.0
778,4,10,150,20,0.11064108687264426
779,4,10,150,20,0.0
780,4,10,150,20,0.0
781,4,10,150,20,0.0366967190946864
782,4,10,150,20,0.0933332262373688
783,4,10,150,20,0.0
784,4,10,150,20,0.0
785,4,10,150,20,0.0
786,4,10,150,20,0.0
787,4,10,150,20,0.0
788,4,10,150,20,0.3546953952467141
789,4,10,150,20,0.051358492238643604
790,4,10,150,20,0.0
791,4,10,150,20,0.0
792,4,10,150,20,0.03730675036644464
793,4,10,150,20,0.0
794,4,10,150,20,0.0
795,4,10,150,20,0.0
796,4,10,150,20,0.36607699359373
797,4,10,150,20,0.0
798,4,10,150,20,0.08961728720334347
799,4,10,150,20,0.0
800,4,10,150,20,0.0
801,4,10,150,20,0.0
802,4,10,150,20,0.07102001981682865
803,4,10,150,20,0.0
804,4,10,150,20,0.23529024961454958
805,4,10,150,20,0.20464094561622592
806,4,10,150,20,0.40349433776330085
807,4,10,150,20,0.03730675036644464
808,4,10,150,20,0.0
809,4,10,150,20,0.0
810,4,10,150,20,0.0
811,4,10,150,20,0.0
812,4,10,150,20,0.0
813,4,10,150,20,0.0
814,4,10,150,20,0.0
815,4,10,150,20,0.14356879146923052
816,4,10,150,20,0.0
817,4,10,150,20,0.0
818,4,10,150,20,0.0
819,4,10,150,20,0.0
820,4,10,150,20,0.0
821,4,10,150,20,0.22413689221041166
822,4,10,150,20,0.0
823,4,10,150,20,0.22822406052742147
824,4,10,150,20,0.05046096657376444
825,4,10,150,20,0.05494858807198588
826,4,10,150,20,0.1420400396336573
827,4,10,150,20,0.0
828,4,10,150,20,0.044808643601671735
829,4,10,150,20,0.15591524822682917
830,4,10,150,20,0.1715386241850056
831,4,10,150,20,0.2538090379863062
832,4,10,150,20,0.0
833,4,10,150,20,0.1508309740617897
834,4,10,150,20,0.24251121723036934
835,4,10,150,20,0.03233829114831982
836,4,10,150,20,0.08573131804326867
837,4,10,150,20,0.0
838,4,10,150,20,0.30083961116343333
839,4,10,150,20,0.044808643601671735
840,4,10,150,20,0.34224175297170584
841,4,10,150,20,0.0
842,4,10,150,20,0.0
843,4,10,150,20,0.0
844,4,10,150,20,0.032864970567577
845,4,10,150,20,0.0
846,4,10,150,20,0.3667972884550992
847,4,10,150,20,0.0921553234795575
848,4,10,150,20,0.0
849,4,10,150,20,0.0
850,4,10,150,20,0.21788658434720926
851,4,10,150,20,0.0750966036633514
852,4,10,150,20,0.1847983521486889
853,4,10,150,20,0.0
854,4,10,150,20,0.0
855,4,10,150,20,0.0
856,4,10,150,20,0.0
857,4,10,150,20,0.0
858,4,10,150,20,0.0
859,4,10,150,20,0.0
860,4,10,150,20,0.0
861,4,10,150,20,0.03709674194804795
862,4,10,150,20,0.04105877938688906
863,4,10,150,20,0.0
864,4,10,150,20,0.49956037215020477
865,4,10,150,20,0.039621067055815605
866,4,10,150,20,0.0
867,4,10,150,20,0.10229526794987165
868,4,10,150,20,0.38548319992784497
869,4,10,150,20,0.03406297225598251
870,4,10,150,20,0.4427038969747689
871,4,10,150,20,0.08573131804326867
872,4,10,150,20,0.03406297225598251
873,4,10,150,20,0.0
874,4,10,150,20,0.09872301494500255
875,4,10,150,20,0.10223209476492093
876,4,10,150,20,0.08671382849411972
877,4,10,150,20,0.0782683224234459
878,4,10,150,20,0.30316505184340325
879,4,10,150,20,0.0
880,4,10,150,20,0.5145700996737971
881,4,10,150,20,0.12048149074213724
882,4,10,150,20,0.18042467779904023
883,4,10,150,20,0.462789120521786
884,4,10,150,20,0.09403828594560885
885,4,10,150,20,0.07619580389974506
886,4,10,150,20,0.2685766938140398
887,4,10,150,20,0.06117331537803186
888,4,10,150,20,0.06943122193677727
889,4,10,150,20,0.0
890,4,10,150,20,0.0
891,4,10,150,20,0.035510009908414325
892,4,10,150,20,0.27037343427207017
893,4,10,150,20,0.09955795354341476
894,4,10,150,20,0.17751972054440515
895,4,10,150,20,0.0
896,4,10,150,20,0.5621173074576933
897,4,10,150,20,0.3596751235947524
898,4,10,150,20,0.0
899,4,10,150,20,0.1207243706050192
900,4,10,150,20,0.036356287988538835
901,4,10,150,20,0.2744337697902199
902,4,10,150,20,0.0
903,4,10,150,20,0.22608039316652132
904,4,10,150,20,0.0
905,4,10,150,20,0.0
906,4,10,150,20,0.04258528250242427
907,4,10,150,20,0.05494858807198588
908,4,10,150,20,0.09165446236150611
909,4,10,150,20,0.0
910,4,10,150,20,0.0
911,4,10,150,20,0.07437123975468417
912,4,10,150,20,0.08838607945669938
913,4,10,150,20,0.0
914,4,10,150,20,0.0
915,4,10,150,20,0.0
916,4,10,150,20,0.5164808988886329
917,4,10,150,20,0.0
918,4,10,150,20,0.07102001981682865
919,4,10,150,20,0.16147861779722886
920,4,10,150,20,0.0
921,4,10,150,20,0.1479478372390889
922,4,10,150,20,0.22818368904700714
923,4,10,150,20,0.0
924,4,10,150,20,0.0
925,4,10,150,20,0.0
926,4,10,150,20,0.0
927,4,10,150,20,0.0334374913847135
928,4,10,150,20,0.1482972305701491
929,4,10,150,20,0.21755898771261414
930,4,10,150,20,0.0
931,4,10,150,20,0.067500463640696
932,4,10,150,20,0.21884860629194827
933,4,10,150,20,0.04734667987788577
934,4,10,150,20,0.15169986625953333
935,4,10,150,20,0.04173963774222741
936,4,10,150,20,0.17755004954207163
937,4,10,150,20,0.0
938,4,10,150,20,0.1402129701779605
939,4,10,150,20,0.0
940,4,10,150,20,0.05059568297461706
941,4,10,150,20,0.0
942,4,10,150,20,0.035510009908414325
943,4,10,150,20,0.23942954551712173
1,4,10,150,21,0.4058715898896693
2,4,10,150,21,0.0
3,4,10,150,21,0.0
4,4,10,150,21,0.0
5,4,10,150,21,0.0
6,4,10,150,21,0.27020011346731576
7,4,10,150,21,0.32444828255047564
8,4,10,150,21,0.0
9,4,10,150,21,0.21840743681816419
10,4,10,150,21,0.03855371268423985
11,4,10,150,21,0.1420400396336573
12,4,10,150,21,0.0
13,4,10,150,21,0.24797935894572926
14,4,10,150,21,0.0
15,4,10,150,21,0.05010834716923557
16,4,10,150,21,0.0
17,4,10,150,21,0.0
18,4,10,150,21,0.25551711311584957
19,4,10,150,21,0.0
20,4,10,150,21,0.0
21,4,10,150,21,0.0
22,4,10,150,21,0.0664352832729762
23,4,10,150,21,0.19906649093208975
24,4,10,150,21,0.0
25,4,10,150,21,0.07414861528507455
26,4,10,150,21,0.0
27,4,10,150,21,0.0
28,4,10,150,21,0.0
29,4,10,150,21,0.0740318445087683
30,4,10,150,21,0.0
31,4,10,150,21,0.0
32,4,10,150,21,0.0
33,4,10,150,21,0.0
35,4,10,150,21,0.10523285614729473
36,4,10,150,21,0.0
37,4,10,150,21,0.0
38,4,10,150,21,0.0
39,4,10,150,21,0.0
40,4,10,150,21,0.0
41,4,10,150,21,0.0
42,4,10,150,21,0.0
43,4,10,150,21,0.22592974817952552
44,4,10,150,21,0.1694627944724332
45,4,10,150,21,0.0
46,4,10,150,21,0.11284514134893527
47,4,10,150,21,0.0
48,4,10,150,21,0.0
49,4,10,150,21,0.0
50,4,10,150,21,0.0
51,4,10,150,21,0.16812753627111746
52,4,10,150,21,0.0
54,4,10,150,21,0.0
56,4,10,150,21,0.20383503459815738
57,4,10,150,21,0.18686728486108495
58,4,10,150,21,0.23504554941448536
59,4,10,150,21,0.2090353855584453
60,4,10,150,21,0.06362078819895171
61,4,10,150,21,0.0
62,4,10,150,21,0.08567652472592367
63,4,10,150,21,0.0
64,4,10,150,21,0.04238468688770069
65,4,10,150,21,0.13012668333070054
66,4,10,150,21,0.0
67,4,10,150,21,0.0
68,4,10,150,21,0.4176344875447225
69,4,10,150,21,0.0
70,4,10,150,21,0.0
71,4,10,150,21,0.0
72,4,10,150,21,0.0
73,4,10,150,21,0.0
74,4,10,150,21,0.0
75,4,10,150,21,0.0
76,4,10,150,21,0.067856722420442
77,4,10,150,21,0.0
78,4,10,150,21,0.0
79,4,10,150,21,0.27487633291429087
80,4,10,150,21,0.0
81,4,10,150,21,0.0
82,4,10,150,21,0.19298623480417013
83,4,10,150,21,0.12089611529519323
84,4,10,150,21,0.0
85,4,10,150,21,0.0
87,4,10,150,21,0.0
89,4,10,150,21,0.16716045496620227
90,4,10,150,21,0.0
91,4,10,150,21,0.0
92,4,10,150,21,0.10722577422234174
93,4,10,150,21,0.0
94,4,10,150,21,0.03301150301122833
95,4,10,150,21,0.16899555178104547
96,4,10,150,21,0.0
97,4,10,150,21,0.0
98,4,10,150,21,0.0
99,4,10,150,21,0.0
100,4,10,150,21,0.0
101,4,10,150,21,0.0
102,4,10,150,21,0.0
103,4,10,150,21,0.0
104,4,10,150,21,0.0
105,4,10,150,21,0.0
106,4,10,150,21,0.0
107,4,10,150,21,0.0
108,4,10,150,21,0.0
109,4,10,150,21,0.03709674194804795
110,4,10,150,21,0.0
111,4,10,150,21,0.0
112,4,10,150,21,0.0
113,4,10,150,21,0.0
114,4,10,150,21,0.0
115,4,10,150,21,0.10684080426179023
116,4,10,150,21,0.0
117,4,10,150,21,0.14606834984270645
118,4,10,150,21,0.0
119,4,10,150,21,0.07643697575240553
120,4,10,150,21,0.0
121,4,10,150,21,0.2147325744928709
122,4,10,150,21,0.1530100230930498
123,4,10,150,21,0.0
125,4,10,150,21,0.0
126,4,10,150,21,0.0
127,4,10,150,21,0.10253313861822189
128,4,10,150,21,0.03233829114831982
129,4,10,150,21,0.0
130,4,10,150,21,0.13765549174170919
131,4,10,150,21,0.0
133,4,10,150,21,0.11047239495909743
134,4,10,150,21,0.0
135,4,10,150,21,0.0
137,4,10,150,21,0.0
138,4,10,150,21,0.0
139,4,10,150,21,0.0
141,4,10,150,21,0.0
142,4,10,150,21,0.0
143,4,10,150,21,0.0
144,4,10,150,21,0.1227945149537572
145,4,10,150,21,0.10392600074247194
146,4,10,150,21,0.0
148,4,10,150,21,0.0
149,4,10,150,21,0.0
150,4,10,150,21,0.0
151,4,10,150,21,0.035510009908414325
152,4,10,150,21,0.0
153,4,10,150,21,0.0
154,4,10,150,21,0.0
155,4,10,150,21,0.0
156,4,10,150,21,0.0
158,4,10,150,21,0.11008935378765584
159,4,10,150,21,0.0
160,4,10,150,21,0.0
161,4,10,150,21,0.0
162,4,10,150,21,0.0
163,4,10,150,21,0.0
164,4,10,150,21,0.0
165,4,10,150,21,0.0
166,4,10,150,21,0.0
167,4,10,150,21,0.0
168,4,10,150,21,0.23504554941448536
169,4,10,150,21,0.0
170,4,10,150,21,0.0
171,4,10,150,21,0.0
172,4,10,150,21,0.0
173,4,10,150,21,0.0
174,4,10,150,21,0.060961917527339995
175,4,10,150,21,0.0
176,4,10,150,21,0.0
177,4,10,150,21,0.06912040963822193
178,4,10,150,21,0.19090790515324066
179,4,10,150,21,0.0
180,4,10,150,21,0.0
181,4,10,150,21,0.0
182,4,10,150,21,0.0
183,4,10,150,21,0.0
184,4,10,150,21,0.0713891786717079
185,4,10,150,21,0.07745351606183934
186,4,10,150,21,0.22147164648185297
187,4,10,150,21,0.0
188,4,10,150,21,0.054384419234677496
189,4,10,150,21,0.13765549174170919
190,4,10,150,21,0.10699313236726378
191,4,10,150,21,0.0
192,4,10,150,21,0.0
193,4,10,150,21,0.0
194,4,10,150,21,0.0
195,4,10,150,21,0.0
196,4,10,150,21,0.0
197,4,10,150,21,0.0
198,4,10,150,21,0.0
199,4,10,150,21,0.0
200,4,10,150,21,0.03719976603506465
201,4,10,150,21,0.05325241341153146
203,4,10,150,21,0.0
204,4,10,150,21,0.0
205,4,10,150,21,0.0
206,4,10,150,21,0.0
207,4,10,150,21,0.0
209,4,10,150,21,0.0
210,4,10,150,21,0.0
211,4,10,150,21,0.0
212,4,10,150,21,0.12681701683239352
213,4,10,150,21,0.13955212171688613
214,4,10,150,21,0.056720838976548935
215,4,10,150,21,0.0
216,4,10,150,21,0.0
217,4,10,150,21,0.0
218,4,10,150,21,0.19092086617893467
219,4,10,150,21,0.0
221,4,10,150,21,0.2797643380184693
222,4,10,150,21,0.14621489747491132
223,4,10,150,21,0.0
224,4,10,150,21,0.0
225,4,10,150,21,0.0
226,4,10,150,21,0.0
227,4,10,150,21,0.0
228,4,10,150,21,0.0
229,4,10,150,21,0.0
230,4,10,150,21,0.0843142342558857
231,4,10,150,21,0.0
232,4,10,150,21,0.3234992853586256
233,4,10,150,21,0.0
234,4,10,150,21,0.0
235,4,10,150,21,0.06065881345112158
236,4,10,150,21,0.0
237,4,10,150,21,0.0
238,4,10,150,21,0.0
239,4,10,150,21,0.060772229737720354
240,4,10,150,21,0.0
242,4,10,150,21,0.0
243,4,10,150,21,0.05446333035917803
244,4,10,150,21,0.049043960636177025
245,4,10,150,21,0.0
246,4,10,150,21,0.08041927109478651
247,4,10,150,21,0.0
248,4,10,150,21,0.07984133538066794
249,4,10,150,21,0.09207927957633494
250,4,10,150,21,0.2529427027676571
251,4,10,150,21,0.0
252,4,10,150,21,0.0
253,4,10,150,21,0.05954496680255472
254,4,10,150,21,0.0
255,4,10,150,21,0.0
256,4,10,150,21,0.15393545496361077
257,4,10,150,21,0.2465263090905131
258,4,10,150,21,0.0
259,4,10,150,21,0.0
260,4,10,150,21,0.0
261,4,10,150,21,0.0
262,4,10,150,21,0.0
263,4,10,150,21,0.060772229737720354
264,4,10,150,21,0.0
265,4,10,150,21,0.10209739512291163
267,4,10,150,21,0.09794101962538232
268,4,10,150,21,0.05325241341153146
269,4,10,150,21,0.10861910668287521
270,4,10,150,21,0.0
271,4,10,150,21,0.15482387063598035
272,4,10,150,21,0.09109240322345806
273,4,10,150,21,0.0
274,4,10,150,21,0.0
275,4,10,150,21,0.0
276,4,10,150,21,0.2134862942127524
277,4,10,150,21,0.0
279,4,10,150,21,0.09913757732543452
280,4,10,150,21,0.0
281,4,10,150,21,0.0
283,4,10,150,21,0.0
284,4,10,150,21,0.0
285,4,10,150,21,0.06258116307550304
286,4,10,150,21,0.23179368200697154
287,4,10,150,21,0.0
288,4,10,150,21,0.0
289,4,10,150,21,0.13905617951077562
290,4,10,150,21,0.0
291,4,10,150,21,0.22980182718696035
292,4,10,150,21,0.0
293,4,10,150,21,0.08685094548235438
294,4,10,150,21,0.04123398036294628
295,4,10,150,21,0.2016669681570433
296,4,10,150,21,0.47774763069170006
297,4,10,150,21,0.049712302565054066
298,4,10,150,21,0.17110977534502889
299,4,10,150,21,0.0
300,4,10,150,21,0.0
301,4,10,150,21,0.047934103497110726
303,4,10,150,21,0.12919892512482822
304,4,10,150,21,0.0
305,4,10,150,21,0.2264807280570156
306,4,10,150,21,0.0
307,4,10,150,21,0.1383141340724969
308,4,10,150,21,0.16551298515954074
309,4,10,150,21,0.0
310,4,10,150,21,0.0
311,4,10,150,21,0.04588516391390306
312,4,10,150,21,0.0803739355426221
313,4,10,150,21,0.09469084549366139
314,4,10,150,21,0.1790939238238391
315,4,10,150,21,0.0
316,4,10,150,21,0.04568304891751105
317,4,10,150,21,0.0
318,4,10,150,21,0.05633425377856011
319,4,10,150,21,0.0
320,4,10,150,21,0.0
321,4,10,150,21,0.062242588308449316
322,4,10,150,21,0.17342765698823945
323,4,10,150,21,0.14126697285982898
324,4,10,150,21,0.0
325,4,10,150,21,0.0
326,4,10,150,21,0.036356287988538835
327,4,10,150,21,0.0
328,4,10,150,21,0.10183924888208293
329,4,10,150,21,0.0
330,4,10,150,21,0.0536466452928127
331,4,10,150,21,0.16958010263680806
332,4,10,150,21,0.0
333,4,10,150,21,0.0
334,4,10,150,21,0.10228628891481725
336,4,10,150,21,0.0
337,4,10,150,21,0.16716045496620227
338,4,10,150,21,0.0
339,4,10,150,21,0.06608282041002614
340,4,10,150,21,0.0
341,4,10,150,21,0.0
342,4,10,150,21,0.19791922947023236
343,4,10,150,21,0.17934679000010195
344,4,10,150,21,0.2076030287632974
345,4,10,150,21,0.03367749068016014
346,4,10,150,21,0.13947804593499064
347,4,10,150,21,0.0
348,4,10,150,21,0.0
349,4,10,150,21,0.0
350,4,10,150,21,0.0
351,4,10,150,21,0.0
352,4,10,150,21,0.0
353,4,10,150,21,0.0
354,4,10,150,21,0.03134006003933629
355,4,10,150,21,0.0
356,4,10,150,21,0.0
357,4,10,150,21,0.0
358,4,10,150,21,0.20438239758848611
359,4,10,150,21,0.0
360,4,10,150,21,0.0
361,4,10,150,21,0.09622728274290568
362,4,10,150,21,0.0
363,4,10,150,21,0.2122086709944725
364,4,10,150,21,0.0
365,4,10,150,21,0.0
366,4,10,150,21,0.0
367,4,10,150,21,0.0
368,4,10,150,21,0.0
369,4,10,150,21,0.0
370,4,10,150,21,0.09092803061897883
371,4,10,150,21,0.09460634670666435
372,4,10,150,21,0.0
373,4,10,150,21,0.035769798946978335
374,4,10,150,21,0.0713891786717079
375,4,10,150,21,0.0
376,4,10,150,21,0.0
377,4,10,150,21,0.0
378,4,10,150,21,0.24263838851383993
379,4,10,150,21,0.0627188756035364
380,4,10,150,21,0.0
381,4,10,150,21,0.0
382,4,10,150,21,0.0
383,4,10,150,21,0.0
384,4,10,150,21,0.0
385,4,10,150,21,0.0
386,4,10,150,21,0.0
387,4,10,150,21,0.12238879243962661
388,4,10,150,21,0.0
389,4,10,150,21,0.11256985293348683
390,4,10,150,21,0.0
391,4,10,150,21,0.2137247802747043
392,4,10,150,21,0.0
393,4,10,150,21,0.0
394,4,10,150,21,0.0834477484387131
395,4,10,150,21,0.0
396,4,10,150,21,0.0
397,4,10,150,21,0.22320497122386787
398,4,10,150,21,0.14621489747491132
399,4,10,150,21,0.0
400,4,10,150,21,0.0
401,4,10,150,21,0.0
402,4,10,150,21,0.04622440829742681
403,4,10,150,21,0.0
404,4,10,150,21,0.0
405,4,10,150,21,0.08685094548235438
406,4,10,150,21,0.21338791069447888
407,4,10,150,21,0.049033875503285806
408,4,10,150,21,0.0
409,4,10,150,21,0.07983646043361707
410,4,10,150,21,0.0
411,4,10,150,21,0.0
412,4,10,150,21,0.0
413,4,10,150,21,0.0
414,4,10,150,21,0.0
415,4,10,150,21,0.0
416,4,10,150,21,0.16852388563442094
417,4,10,150,21,0.14163768873401972
418,4,10,150,21,0.0
419,4,10,150,21,0.1208113026994942
420,4,10,150,21,0.0
421,4,10,150,21,0.05954496680255472
422,4,10,150,21,0.04320473659574256
423,4,10,150,21,0.053845569940583225
424,4,10,150,21,0.23504554941448536
425,4,10,150,21,0.2064832376125638
426,4,10,150,21,0.0
427,4,10,150,21,0.0
428,4,10,150,21,0.0
429,4,10,150,21,0.26793190996524074
430,4,10,150,21,0.0
431,4,10,150,21,0.0
432,4,10,150,21,0.0
433,4,10,150,21,0.0
434,4,10,150,21,0.15130120674940672
435,4,10,150,21,0.18950346389698564
436,4,10,150,21,0.0
437,4,10,150,21,0.10049669334545344
438,4,10,150,21,0.0
439,4,10,150,21,0.0
440,4,10,150,21,0.0
441,4,10,150,21,0.0
442,4,10,150,21,0.04342547274117719
443,4,10,150,21,0.0
444,4,10,150,21,0.0
445,4,10,150,21,0.0
446,4,10,150,21,0.0
447,4,10,150,21,0.19090790515324066
448,4,10,150,21,0.0
449,4,10,150,21,0.1511226181481109
450,4,10,150,21,0.29014524169840167
451,4,10,150,21,0.0
452,4,10,150,21,0.11924008085024386
453,4,10,150,21,0.0
454,4,10,150,21,0.0
455,4,10,150,21,0.08685094548235438
456,4,10,150,21,0.0
457,4,10,150,21,0.3041328501818224
458,4,10,150,21,0.031850481710824656
459,4,10,150,21,0.0
460,4,10,150,21,0.05184030722866645
461,4,10,150,21,0.0
462,4,10,150,21,0.0
463,4,10,150,21,0.13765549174170919
464,4,10,150,21,0.0
465,4,10,150,21,0.0
466,4,10,150,21,0.0
467,4,10,150,21,0.0
468,4,10,150,21,0.03367749068016014
469,4,10,150,21,0.0
470,4,10,150,21,0.0
471,4,10,150,21,0.0
472,4,10,150,21,0.036155150901276155
473,4,10,150,21,0.0
474,4,10,150,21,0.21017857229087974
475,4,10,150,21,0.0
476,4,10,150,21,0.0
477,4,10,150,21,0.0
478,4,10,150,21,0.2345109835167376
479,4,10,150,21,0.07863819811719457
480,4,10,150,21,0.0
481,4,10,150,21,0.03855307727568851
482,4,10,150,21,0.0
483,4,10,150,21,0.0
484,4,10,150,21,0.18591568282327006
485,4,10,150,21,0.0
486,4,10,150,21,0.0
487,4,10,150,21,0.10823066993292343
488,4,10,150,21,0.0
489,4,10,150,21,0.0
490,4,10,150,21,0.0
491,4,10,150,21,0.06362078819895171
492,4,10,150,21,0.0
493,4,10,150,21,0.030868393892711742
494,4,10,150,21,0.0
495,4,10,150,21,0.0
496,4,10,150,21,0.0
497,4,10,150,21,0.08732359599603297
498,4,10,150,21,0.0
499,4,10,150,21,0.0
500,4,10,150,21,0.1481102296985261
501,4,10,150,21,0.0
502,4,10,150,21,0.0
503,4,10,150,21,0.0
504,4,10,150,21,0.10049669334545344
505,4,10,150,21,0.08685094548235438
506,4,10,150,21,0.07527595445200184
507,4,10,150,21,0.0
508,4,10,150,21,0.0
509,4,10,150,21,0.0
510,4,10,150,21,0.0
511,4,10,150,21,0.0
512,4,10,150,21,0.0
513,4,10,150,21,0.0
514,4,10,150,21,0.35842838243978387
515,4,10,150,21,0.11706259313796354
516,4,10,150,21,0.0
517,4,10,150,21,0.0
518,4,10,150,21,0.0
519,4,10,150,21,0.0
520,4,10,150,21,0.0
521,4,10,150,21,0.11026617795298452
522,4,10,150,21,0.0
523,4,10,150,21,0.0
524,4,10,150,21,0.21277141450399925
525,4,10,150,21,0.0
526,4,10,150,21,0.04972780777662495
527,4,10,150,21,0.0974424817024798
528,4,10,150,21,0.10209739512291163
529,4,10,150,21,0.0
530,4,10,150,21,0.0
531,4,10,150,21,0.0
532,4,10,150,21,0.3367596558360954
533,4,10,150,21,0.16748473682691536
534,4,10,150,21,0.047934103497110726
535,4,10,150,21,0.10917940571594077
536,4,10,150,21,0.08685094548235438
537,4,10,150,21,0.2712910453511777
538,4,10,150,21,0.14697776980950736
539,4,10,150,21,0.0
540,4,10,150,21,0.0
541,4,10,150,21,0.0
542,4,10,150,21,0.049033875503285806
543,4,10,150,21,0.0
544,4,10,150,21,0.0
545,4,10,150,21,0.03134006003933629
546,4,10,150,21,0.05758752804519195
547,4,10,150,21,0.0
548,4,10,150,21,0.10332539138601918
549,4,10,150,21,0.0
550,4,10,150,21,0.0
551,4,10,150,21,0.030868393892711742
552,4,10,150,21,0.1205344274731702
553,4,10,150,21,0.04743759234968417
554,4,10,150,21,0.13765549174170919
555,4,10,150,21,0.0
556,4,10,150,21,0.0
557,4,10,150,21,0.0
558,4,10,150,21,0.0
559,4,10,150,21,0.04366879852493834
560,4,10,150,21,0.032916050504122406
561,4,10,150,21,0.04588516391390306
562,4,10,150,21,0.0
563,4,10,150,21,0.0
564,4,10,150,21,0.0
565,4,10,150,21,0.0
566,4,10,150,21,0.049033875503285806
567,4,10,150,21,0.1365626374155323
568,4,10,150,21,0.036155150901276155
569,4,10,150,21,0.18299769260789403
570,4,10,150,21,0.0
571,4,10,150,21,0.0
572,4,10,150,21,0.16812753627111746
573,4,10,150,21,0.0
574,4,10,150,21,0.051811563545175146
575,4,10,150,21,0.0
576,4,10,150,21,0.0
577,4,10,150,21,0.27063253541650595
578,4,10,150,21,0.0
579,4,10,150,21,0.0
580,4,10,150,21,0.09004726125505678
581,4,10,150,21,0.0
582,4,10,150,21,0.0
583,4,10,150,21,0.0
584,4,10,150,21,0.06323567569191428
585,4,10,150,21,0.04173963774222741
586,4,10,150,21,0.08685094548235438
587,4,10,150,21,0.0
588,4,10,150,21,0.13765549174170919
589,4,10,150,21,0.0
590,4,10,150,21,0.053845569940583225
591,4,10,150,21,0.0
592,4,10,150,21,0.45716919764417674
593,4,10,150,21,0.03301150301122833
594,4,10,150,21,0.0
595,4,10,150,21,0.04588516391390306
596,4,10,150,21,0.0
597,4,10,150,21,0.27101620591530523
598,4,10,150,21,0.0
599,4,10,150,21,0.0
600,4,10,150,21,0.0
601,4,10,150,21,0.0
602,4,10,150,21,0.0
603,4,10,150,21,0.0
604,4,10,150,21,0.0
605,4,10,150,21,0.23939908411991156
606,4,10,150,21,0.17679321823544178
607,4,10,150,21,0.0
608,4,10,150,21,0.0
609,4,10,150,21,0.0
610,4,10,150,21,0.1720693646771365
611,4,10,150,21,0.0
612,4,10,150,21,0.0
613,4,10,150,21,0.0
614,4,10,150,21,0.0
615,4,10,150,21,0.0
616,4,10,150,21,0.0
617,4,10,150,21,0.0
618,4,10,150,21,0.21407421014914793
619,4,10,150,21,0.0
620,4,10,150,21,0.03367749068016014
621,4,10,150,21,0.08743190385477294
622,4,10,150,21,0.24577586751430855
623,4,10,150,21,0.0
624,4,10,150,21,0.0
625,4,10,150,21,0.0
626,4,10,150,21,0.0
627,4,10,150,21,0.093698866318647
628,4,10,150,21,0.0
629,4,10,150,21,0.04342547274117719
630,4,10,150,21,0.20467903653569708
631,4,10,150,21,0.0
632,4,10,150,21,0.12232213966630859
633,4,10,150,21,0.07414861528507455
634,4,10,150,21,0.030868393892711742
635,4,10,150,21,0.0
636,4,10,150,21,0.0
637,4,10,150,21,0.0
638,4,10,150,21,0.09712868482236708
639,4,10,150,21,0.0
640,4,10,150,21,0.039791360812020615
641,4,10,150,21,0.07675099783970546
642,4,10,150,21,0.07643697575240553
643,4,10,150,21,0.19523096861095038
644,4,10,150,21,0.04935421935348238
645,4,10,150,21,0.19615211501790944
646,4,10,150,21,0.0
647,4,10,150,21,0.0
648,4,10,150,21,0.11471290978475765
649,4,10,150,21,0.11004588314904008
650,4,10,150,21,0.09648475941828434
651,4,10,150,21,0.0
652,4,10,150,21,0.0
653,4,10,150,21,0.1971171234353389
654,4,10,150,21,0.28265225120089527
655,4,10,150,21,0.03134006003933629
656,4,10,150,21,0.0
657,4,10,150,21,0.0
658,4,10,150,21,0.18672776492534796
659,4,10,150,21,0.10927528506671193
660,4,10,150,21,0.0
661,4,10,150,21,0.07161363897049194
662,4,10,150,21,0.0
663,4,10,150,21,0.30093066315037387
664,4,10,150,21,0.3911337572814425
665,4,10,150,21,0.0
666,4,10,150,21,0.3688746747456052
667,4,10,150,21,0.1593472521587426
668,4,10,150,21,0.06194403202282284
669,4,10,150,21,0.049033875503285806
670,4,10,150,21,0.0
671,4,10,150,21,0.15028584559683927
672,4,10,150,21,0.0
673,4,10,150,21,0.0
674,4,10,150,21,0.0
675,4,10,150,21,0.0
676,4,10,150,21,0.11582866341850039
677,4,10,150,21,0.0
678,4,10,150,21,0.0
679,4,10,150,21,0.1266596892460251
680,4,10,150,21,0.0
681,4,10,150,21,0.0
682,4,10,150,21,0.24989728190519225
683,4,10,150,21,0.0
684,4,10,150,21,0.05325241341153146
685,4,10,150,21,0.0
686,4,10,150,21,0.07277260183012466
687,4,10,150,21,0.0
688,4,10,150,21,0.0
689,4,10,150,21,0.1116390111176635
690,4,10,150,21,0.12285750917646213
691,4,10,150,21,0.0
692,4,10,150,21,0.05833725389333616
693,4,10,150,21,0.0
694,4,10,150,21,0.14975730096863543
695,4,10,150,21,0.0
696,4,10,150,21,0.0
697,4,10,150,21,0.030868393892711742
698,4,10,150,21,0.0713891786717079
699,4,10,150,21,0.08685094548235438
700,4,10,150,21,0.12729890218214104
701,4,10,150,21,0.0
702,4,10,150,21,0.0
703,4,10,150,21,0.09261220774116596
704,4,10,150,21,0.13214908033666284
705,4,10,150,21,0.07065975470473236
706,4,10,150,21,0.04395738023645723
707,4,10,150,21,0.035234027770431754
708,4,10,150,21,0.039791360812020615
709,4,10,150,21,0.22267185428320396
710,4,10,150,21,0.13191191392314042
711,4,10,150,21,0.16767139051167423
712,4,10,150,21,0.12902765659734133
713,4,10,150,21,0.0
714,4,10,150,21,0.0
715,4,10,150,21,0.0
716,4,10,150,21,0.2010572654412305
717,4,10,150,21,0.03301150301122833
718,4,10,150,21,0.0
719,4,10,150,21,0.0745531792527633
720,4,10,150,21,0.0
721,4,10,150,21,0.19742008420470558
722,4,10,150,21,0.06556429791586475
723,4,10,150,21,0.0
724,4,10,150,21,0.0
725,4,10,150,21,0.0
726,4,10,150,21,0.05010834716923557
727,4,10,150,21,0.21264667356354133
728,4,10,150,21,0.09627818061559096
729,4,10,150,21,0.0
730,4,10,150,21,0.0
731,4,10,150,21,0.09491903941718886
732,4,10,150,21,0.0
733,4,10,150,21,0.1469869730582597
734,4,10,150,21,0.0
735,4,10,150,21,0.0
736,4,10,150,21,0.0
737,4,10,150,21,0.04395738023645723
738,4,10,150,21,0.23456323290543005
739,4,10,150,21,0.03855307727568851
740,4,10,150,21,0.0
741,4,10,150,21,0.05928499338321969
742,4,10,150,21,0.0
743,4,10,150,21,0.0
744,4,10,150,21,0.0
745,4,10,150,21,0.03520132288421838
746,4,10,150,21,0.2124210245222227
747,4,10,150,21,0.5762605387920188
748,4,10,150,21,0.1444255402574064
749,4,10,150,21,0.153775423273899
750,4,10,150,21,0.0
751,4,10,150,21,0.07502538858245236
752,4,10,150,21,0.0
753,4,10,150,21,0.11771933937506614
754,4,10,150,21,0.0
755,4,10,150,21,0.03855371268423985
756,4,10,150,21,0.04588516391390306
757,4,10,150,21,0.0
758,4,10,150,21,0.22331323488310664
759,4,10,150,21,0.049710505523782283
760,4,10,150,21,0.0
761,4,10,150,21,0.0
762,4,10,150,21,0.0
763,4,10,150,21,0.049033875503285806
764,4,10,150,21,0.15449030298265212
765,4,10,150,21,0.10122860821230018
766,4,10,150,21,0.049033875503285806
767,4,10,150,21,0.06994410797740244
768,4,10,150,21,0.0
769,4,10,150,21,0.0
770,4,10,150,21,0.16808073837650492
771,4,10,150,21,0.21094440553466376
772,4,10,150,21,0.0
773,4,10,150,21,0.1317187871887161
774,4,10,150,21,0.0
775,4,10,150,21,0.0
776,4,10,150,21,0.03839802835148714
777,4,10,150,21,0.0
778,4,10,150,21,0.10722577422234174
779,4,10,150,21,0.0
780,4,10,150,21,0.0
781,4,10,150,21,0.0366967190946864
782,4,10,150,21,0.09045217944659611
783,4,10,150,21,0.0
784,4,10,150,21,0.0
785,4,10,150,21,0.0
786,4,10,150,21,0.0
787,4,10,150,21,0.0
788,4,10,150,21,0.34374651807430745
789,4,10,150,21,0.051358492238643604
790,4,10,150,21,0.0
791,4,10,150,21,0.0
792,4,10,150,21,0.036155150901276155
793,4,10,150,21,0.0
794,4,10,150,21,0.0
795,4,10,150,21,0.0
796,4,10,150,21,0.3856451786531308
797,4,10,150,21,0.0
798,4,10,150,21,0.08685094548235438
799,4,10,150,21,0.0
800,4,10,150,21,0.0
801,4,10,150,21,0.0
802,4,10,150,21,0.06882774587085459
803,4,10,150,21,0.0
804,4,10,150,21,0.2280272175103332
805,4,10,150,21,0.19832400830036725
806,4,10,150,21,0.3910391156117444
807,4,10,150,21,0.036155150901276155
808,4,10,150,21,0.0
809,4,10,150,21,0.0
810,4,10,150,21,0.0
811,4,10,150,21,0.0
812,4,10,150,21,0.0
813,4,10,150,21,0.0
814,4,10,150,21,0.0
815,4,10,150,21,0.1391370534634577
816,4,10,150,21,0.0
817,4,10,150,21,0.0
818,4,10,150,21,0.0
819,4,10,150,21,0.0
820,4,10,150,21,0.0
821,4,10,150,21,0.24808654022848414
822,4,10,150,21,0.0
823,4,10,150,21,0.22117915033126695
824,4,10,150,21,0.05046096657376444
825,4,10,150,21,0.05325241341153146
826,4,10,150,21,0.13765549174170919
827,4,10,150,21,0.0
828,4,10,150,21,0.04342547274117719
829,4,10,150,21,0.15110239493068348
830,4,10,150,21,0.166243502365849
831,4,10,150,21,0.24597436062821468
832,4,10,150,21,0.0
833,4,10,150,21,0.1770434580359407
834,4,10,150,21,0.24251121723036934
835,4,10,150,21,0.03134006003933629
836,4,10,150,21,0.0830849299489677
837,4,10,150,21,0.0
838,4,10,150,21,0.2915531755475102
839,4,10,150,21,0.04342547274117719
840,4,10,150,21,0.33167729973444304
841,4,10,150,21,0.0
842,4,10,150,21,0.0
843,4,10,150,21,0.0
844,4,10,150,21,0.031850481710824656
845,4,10,150,21,0.0
846,4,10,150,21,0.3554748452762886
847,4,10,150,21,0.08931063665508025
848,4,10,150,21,0.0
849,4,10,150,21,0.0
850,4,10,150,21,0.21116077543764203
851,4,10,150,21,0.07277849212146621
852,4,10,150,21,0.1790939238238391
853,4,10,150,21,0.0
854,4,10,150,21,0.0
855,4,10,150,21,0.0
856,4,10,150,21,0.0
857,4,10,150,21,0.0
858,4,10,150,21,0.0
859,4,10,150,21,0.0
860,4,10,150,21,0.0
861,4,10,150,21,0.03709674194804795
862,4,10,150,21,0.039791360812020615
863,4,10,150,21,0.0
864,4,10,150,21,0.4841397458094826
865,4,10,150,21,0.03839802835148714
866,4,10,150,21,0.0
867,4,10,150,21,0.09913757732543452
868,4,10,150,21,0.3735839526734493
869,4,10,150,21,0.03406297225598251
870,4,10,150,21,0.42903833870511326
871,4,10,150,21,0.0830849299489677
872,4,10,150,21,0.03301150301122833
873,4,10,150,21,0.0
874,4,10,150,21,0.09872301494500255
875,4,10,150,21,0.12994474808795206
876,4,10,150,21,0.08671382849411972
877,4,10,150,21,0.07585230501755721
878,4,10,150,21,0.2938068336085967
879,4,10,150,21,0.0
880,4,10,150,21,0.4986861471516544
881,4,10,150,21,0.11676242062912784
882,4,10,150,21,0.20572365166948559
883,4,10,150,21,0.44850356366025784
884,4,10,150,21,0.09113547509404434
885,4,10,150,21,0.07384376181199592
886,4,10,150,21,0.2602861626389858
887,4,10,150,21,0.05928499338321969
888,4,10,150,21,0.06943122193677727
889,4,10,150,21,0.0
890,4,10,150,21,0.0
891,4,10,150,21,0.034413872935427296
892,4,10,150,21,0.2620274406048347
893,4,10,150,21,0.09648475941828434
894,4,10,150,21,0.17203997188691633
895,4,10,150,21,0.0
896,4,10,150,21,0.5447656489971786
897,4,10,150,21,0.3485725302062198
898,4,10,150,21,0.0
899,4,10,150,21,0.11699780318073376
900,4,10,150,21,0.035234027770431754
901,4,10,150,21,0.2659624400868736
902,4,10,150,21,0.0
903,4,10,150,21,0.219101654538838
904,4,10,150,21,0.0
905,4,10,150,21,0.0
906,4,10,150,21,0.04258528250242427
907,4,10,150,21,0.05325241341153146
908,4,10,150,21,0.08882523631530641
909,4,10,150,21,0.0
910,4,10,150,21,0.0
911,4,10,150,21,0.07207551903164727
912,4,10,150,21,0.1165261370341092
913,4,10,150,21,0.0
914,4,10,150,21,0.0
915,4,10,150,21,0.0
916,4,10,150,21,0.5005379630636768
917,4,10,150,21,0.0
918,4,10,150,21,0.06882774587085459
919,4,10,150,21,0.15649403221781336
920,4,10,150,21,0.0
921,4,10,150,21,0.14338092512361789
922,4,10,150,21,0.22114002505361208
923,4,10,150,21,0.0
924,4,10,150,21,0.0
925,4,10,150,21,0.0
926,4,10,150,21,0.0
927,4,10,150,21,0.032405329729866005
928,4,10,150,21,0.1482972305701491
929,4,10,150,21,0.25163227912988373
930,4,10,150,21,0.0
931,4,10,150,21,0.06541683274109433
932,4,10,150,21,0.2429614952027692
933,4,10,150,21,0.04588516391390306
934,4,10,150,21,0.14701713503436234
935,4,10,150,21,0.04173963774222741
936,4,10,150,21,0.1720693646771365
937,4,10,150,21,0.0
938,4,10,150,21,0.13588482098564017
939,4,10,150,21,0.0
940,4,10,150,21,0.049033875503285806
941,4,10,150,21,0.0
942,4,10,150,21,0.034413872935427296
943,4,10,150,21,0.23203873999654626
1,4,10,150,22,0.4058715898896693
2,4,10,150,22,0.0
3,4,10,150,22,0.0
4,4,10,150,22,0.0
5,4,10,150,22,0.0
6,4,10,150,22,0.27020011346731576
7,4,10,150,22,0.3148666467698213
8,4,10,150,22,0.0
9,4,10,150,22,0.21840743681816419
10,4,10,150,22,0.03855371268423985
11,4,10,150,22,0.1420400396336573
12,4,10,150,22,0.0
13,4,10,150,22,0.24065601027561115
14,4,10,150,22,0.0
15,4,10,150,22,0.05010834716923557
16,4,10,150,22,0.0
17,4,10,150,22,0.0
18,4,10,150,22,0.24797115881350418
19,4,10,150,22,0.0
20,4,10,150,22,0.0
21,4,10,150,22,0.0
22,4,10,150,22,0.0664352832729762
23,4,10,150,22,0.19906649093208975
24,4,10,150,22,0.0
25,4,10,150,22,0.07414861528507455
26,4,10,150,22,0.0
27,4,10,150,22,0.0
28,4,10,150,22,0.0
29,4,10,150,22,0.0740318445087683
30,4,10,150,22,0.0
31,4,10,150,22,0.0
32,4,10,150,22,0.0
33,4,10,150,22,0.0
35,4,10,150,22,0.10523285614729473
36,4,10,150,22,0.0
37,4,10,150,22,0.0
38,4,10,150,22,0.0
39,4,10,150,22,0.0
40,4,10,150,22,0.0
41,4,10,150,22,0.0
42,4,10,150,22,0.0
43,4,10,150,22,0.22592974817952552
44,4,10,150,22,0.1694627944724332
45,4,10,150,22,0.0
46,4,10,150,22,0.11284514134893527
47,4,10,150,22,0.0
48,4,10,150,22,0.0
49,4,10,150,22,0.0
50,4,10,150,22,0.0
51,4,10,150,22,0.16812753627111746
52,4,10,150,22,0.0
54,4,10,150,22,0.0
56,4,10,150,22,0.20383503459815738
57,4,10,150,22,0.18686728486108495
58,4,10,150,22,0.23504554941448536
59,4,10,150,22,0.20286213380335832
60,4,10,150,22,0.06362078819895171
61,4,10,150,22,0.0
62,4,10,150,22,0.08314631791322982
63,4,10,150,22,0.0
64,4,10,150,22,0.04238468688770069
65,4,10,150,22,0.13012668333070054
66,4,10,150,22,0.0
67,4,10,150,22,0.0
68,4,10,150,22,0.4176344875447225
69,4,10,150,22,0.0
70,4,10,150,22,0.0
71,4,10,150,22,0.0
72,4,10,150,22,0.0
73,4,10,150,22,0.0
74,4,10,150,22,0.0
75,4,10,150,22,0.0
76,4,10,150,22,0.067856722420442
77,4,10,150,22,0.0
78,4,10,150,22,0.0
79,4,10,150,22,0.27487633291429087
80,4,10,150,22,0.0
81,4,10,150,22,0.0
82,4,10,150,22,0.19298623480417013
83,4,10,150,22,0.12089611529519323
84,4,10,150,22,0.0
85,4,10,150,22,0.0
87,4,10,150,22,0.0
89,4,10,150,22,0.16716045496620227
90,4,10,150,22,0.0
91,4,10,150,22,0.0
92,4,10,150,22,0.10405917304072716
93,4,10,150,22,0.0
94,4,10,150,22,0.03203660434343724
95,4,10,150,22,0.16400475998832031
96,4,10,150,22,0.0
97,4,10,150,22,0.0
98,4,10,150,22,0.0
99,4,10,150,22,0.0
100,4,10,150,22,0.0
101,4,10,150,22,0.0
102,4,10,150,22,0.0
103,4,10,150,22,0.0
104,4,10,150,22,0.0
105,4,10,150,22,0.0
106,4,10,150,22,0.0
107,4,10,150,22,0.0
108,4,10,150,22,0.0
109,4,10,150,22,0.03709674194804795
110,4,10,150,22,0.0
111,4,10,150,22,0.0
112,4,10,150,22,0.0
113,4,10,150,22,0.0
114,4,10,150,22,0.0
115,4,10,150,22,0.10684080426179023
116,4,10,150,22,0.0
117,4,10,150,22,0.14606834984270645
118,4,10,150,22,0.0
119,4,10,150,22,0.07417963212871007
120,4,10,150,22,0.0
121,4,10,150,22,0.2147325744928709
122,4,10,150,22,0.1530100230930498
123,4,10,150,22,0.0
125,4,10,150,22,0.0458402539699961
126,4,10,150,22,0.0
127,4,10,150,22,0.10253313861822189
128,4,10,150,22,0.03233829114831982
129,4,10,150,22,0.0
130,4,10,150,22,0.13359023741301432
131,4,10,150,22,0.0
133,4,10,150,22,0.11047239495909743
134,4,10,150,22,0.0
135,4,10,150,22,0.0
137,4,10,150,22,0.0
138,4,10,150,22,0.0
139,4,10,150,22,0.0
141,4,10,150,22,0.0
142,4,10,150,22,0.0
143,4,10,150,22,0.0
144,4,10,150,22,0.1227945149537572
145,4,10,150,22,0.10085684876722772
146,4,10,150,22,0.0
148,4,10,150,22,0.0
149,4,10,150,22,0.0
150,4,10,150,22,0.0
151,4,10,150,22,0.035510009908414325
152,4,10,150,22,0.0
153,4,10,150,22,0.0
154,4,10,150,22,0.0
155,4,10,150,22,0.0
156,4,10,150,22,0.0
158,4,10,150,22,0.11008935378765584
159,4,10,150,22,0.0
160,4,10,150,22,0.0
161,4,10,150,22,0.0
162,4,10,150,22,0.0
163,4,10,150,22,0.0
164,4,10,150,22,0.0
165,4,10,150,22,0.0
166,4,10,150,22,0.0
167,4,10,150,22,0.0
168,4,10,150,22,0.23504554941448536
169,4,10,150,22,0.0
170,4,10,150,22,0.0
171,4,10,150,22,0.0
172,4,10,150,22,0.0
173,4,10,150,22,0.0
174,4,10,150,22,0.060961917527339995
175,4,10,150,22,0.0
176,4,10,150,22,0.0
177,4,10,150,22,0.06912040963822193
178,4,10,150,22,0.19090790515324066
179,4,10,150,22,0.0
180,4,10,150,22,0.0
181,4,10,150,22,0.0
182,4,10,150,22,0.0
183,4,10,150,22,0.0
184,4,10,150,22,0.06928090704414597
185,4,10,150,22,0.07745351606183934
186,4,10,150,22,0.22147164648185297
187,4,10,150,22,0.0
188,4,10,150,22,0.054384419234677496
189,4,10,150,22,0.13359023741301432
190,4,10,150,22,0.10699313236726378
191,4,10,150,22,0.0
192,4,10,150,22,0.0
193,4,10,150,22,0.0
194,4,10,150,22,0.0
195,4,10,150,22,0.0
196,4,10,150,22,0.0
197,4,10,150,22,0.0
198,4,10,150,22,0.0
199,4,10,150,22,0.0
200,4,10,150,22,0.03719976603506465
201,4,10,150,22,0.05167975836235349
203,4,10,150,22,0.0
204,4,10,150,22,0.0
205,4,10,150,22,0.0
206,4,10,150,22,0.0
207,4,10,150,22,0.0
209,4,10,150,22,0.0
210,4,10,150,22,0.0
211,4,10,150,22,0.0
212,4,10,150,22,0.12681701683239352
213,4,10,150,22,0.13955212171688613
214,4,10,150,22,0.056720838976548935
215,4,10,150,22,0.0
216,4,10,150,22,0.0
217,4,10,150,22,0.0
218,4,10,150,22,0.19092086617893467
219,4,10,150,22,0.0
221,4,10,150,22,0.2797643380184693
222,4,10,150,22,0.1418968660083944
223,4,10,150,22,0.0
224,4,10,150,22,0.0
225,4,10,150,22,0.0
226,4,10,150,22,0.0
227,4,10,150,22,0.0
228,4,10,150,22,0.0
229,4,10,150,22,0.0
230,4,10,150,22,0.0843142342558857
231,4,10,150,22,0.0
232,4,10,150,22,0.3234992853586256
233,4,10,150,22,0.0
234,4,10,150,22,0.0
235,4,10,150,22,0.06065881345112158
236,4,10,150,22,0.0
237,4,10,150,22,0.0
238,4,10,150,22,0.0
239,4,10,150,22,0.060772229737720354
240,4,10,150,22,0.0
242,4,10,150,22,0.0
243,4,10,150,22,0.05446333035917803
244,4,10,150,22,0.049043960636177025
245,4,10,150,22,0.0
246,4,10,150,22,0.08041927109478651
247,4,10,150,22,0.0
248,4,10,150,22,0.07984133538066794
249,4,10,150,22,0.09207927957633494
250,4,10,150,22,0.2529427027676571
251,4,10,150,22,0.0
252,4,10,150,22,0.0
253,4,10,150,22,0.05954496680255472
254,4,10,150,22,0.0
255,4,10,150,22,0.0
256,4,10,150,22,0.14938941930086633
257,4,10,150,22,0.2465263090905131
258,4,10,150,22,0.0
259,4,10,150,22,0.0
260,4,10,150,22,0.0
261,4,10,150,22,0.0
262,4,10,150,22,0.0
263,4,10,150,22,0.060772229737720354
264,4,10,150,22,0.0
265,4,10,150,22,0.10209739512291163
267,4,10,150,22,0.09794101962538232
268,4,10,150,22,0.05167975836235349
269,4,10,150,22,0.10541135748206557
270,4,10,150,22,0.0
271,4,10,150,22,0.15025159820191583
272,4,10,150,22,0.09109240322345806
273,4,10,150,22,0.0
274,4,10,150,22,0.0
275,4,10,150,22,0.0
276,4,10,150,22,0.20718159782407608
277,4,10,150,22,0.0
279,4,10,150,22,0.09620983750002492
280,4,10,150,22,0.0
281,4,10,150,22,0.0
283,4,10,150,22,0.0
284,4,10,150,22,0.0
285,4,10,150,22,0.06258116307550304
286,4,10,150,22,0.22494833019993246
287,4,10,150,22,0.0
288,4,10,150,22,0.0
289,4,10,150,22,0.13905617951077562
290,4,10,150,22,0.0
291,4,10,150,22,0.22301529901511905
292,4,10,150,22,0.0
293,4,10,150,22,0.08428605557054564
294,4,10,150,22,0.04123398036294628
295,4,10,150,22,0.2016669681570433
296,4,10,150,22,0.47774763069170006
297,4,10,150,22,0.049712302565054066
298,4,10,150,22,0.17110977534502889
299,4,10,150,22,0.0
300,4,10,150,22,0.0
301,4,10,150,22,0.047934103497110726
303,4,10,150,22,0.1253834108799484
304,4,10,150,22,0.0
305,4,10,150,22,0.2569115020972362
306,4,10,150,22,0.0
307,4,10,150,22,0.1383141340724969
308,4,10,150,22,0.16062504083663975
309,4,10,150,22,0.0
310,4,10,150,22,0.0
311,4,10,150,22,0.044530079137671444
312,4,10,150,22,0.07800032526928867
313,4,10,150,22,0.09189442695154341
314,4,10,150,22,0.17380490600220427
315,4,10,150,22,0.0
316,4,10,150,22,0.04568304891751105
317,4,10,150,22,0.0
318,4,10,150,22,0.05633425377856011
319,4,10,150,22,0.0
320,4,10,150,22,0.0
321,4,10,150,22,0.062242588308449316
322,4,10,150,22,0.17342765698823945
323,4,10,150,22,0.14126697285982898
324,4,10,150,22,0.0
325,4,10,150,22,0.0
326,4,10,150,22,0.036356287988538835
327,4,10,150,22,0.0
328,4,10,150,22,0.0988317230499444
329,4,10,150,22,0.0
330,4,10,150,22,0.0536466452928127
331,4,10,150,22,0.16958010263680806
332,4,10,150,22,0.0
333,4,10,150,22,0.0
334,4,10,150,22,0.09926556105633617
336,4,10,150,22,0.0
337,4,10,150,22,0.16716045496620227
338,4,10,150,22,0.0
339,4,10,150,22,0.06608282041002614
340,4,10,150,22,0.0
341,4,10,150,22,0.0
342,4,10,150,22,0.19791922947023236
343,4,10,150,22,0.17934679000010195
344,4,10,150,22,0.2076030287632974
345,4,10,150,22,0.03268292400479648
346,4,10,150,22,0.13947804593499064
347,4,10,150,22,0.0
348,4,10,150,22,0.0
349,4,10,150,22,0.0
350,4,10,150,22,0.0
351,4,10,150,22,0.0
352,4,10,150,22,0.0
353,4,10,150,22,0.0
354,4,10,150,22,0.05994661226717767
355,4,10,150,22,0.0
356,4,10,150,22,0.0
357,4,10,150,22,0.0
358,4,10,150,22,0.20438239758848611
359,4,10,150,22,0.0
360,4,10,150,22,0.0
361,4,10,150,22,0.09622728274290568
362,4,10,150,22,0.0
363,4,10,150,22,0.20594170548927085
364,4,10,150,22,0.0
365,4,10,150,22,0.0
366,4,10,150,22,0.0
367,4,10,150,22,0.0
368,4,10,150,22,0.0
369,4,10,150,22,0.0
370,4,10,150,22,0.09092803061897883
371,4,10,150,22,0.09460634670666435
372,4,10,150,22,0.0
373,4,10,150,22,0.035769798946978335
374,4,10,150,22,0.06928090704414597
375,4,10,150,22,0.0
376,4,10,150,22,0.0
377,4,10,150,22,0.0
378,4,10,150,22,0.23547276986155802
379,4,10,150,22,0.09039874583571111
380,4,10,150,22,0.0
381,4,10,150,22,0.0
382,4,10,150,22,0.0
383,4,10,150,22,0.0
384,4,10,150,22,0.0
385,4,10,150,22,0.0
386,4,10,150,22,0.0
387,4,10,150,22,0.11877439564401969
388,4,10,150,22,0.0
389,4,10,150,22,0.10924542994005429
390,4,10,150,22,0.0
391,4,10,150,22,0.2137247802747043
392,4,10,150,22,0.0
393,4,10,150,22,0.0
394,4,10,150,22,0.0834477484387131
395,4,10,150,22,0.0
396,4,10,150,22,0.0
397,4,10,150,22,0.22320497122386787
398,4,10,150,22,0.1418968660083944
399,4,10,150,22,0.0
400,4,10,150,22,0.0
401,4,10,150,22,0.0
402,4,10,150,22,0.08963222225173058
403,4,10,150,22,0.0
404,4,10,150,22,0.0
405,4,10,150,22,0.08428605557054564
406,4,10,150,22,0.20708611977668842
407,4,10,150,22,0.0475858026939827
408,4,10,150,22,0.0
409,4,10,150,22,0.07747872292340992
410,4,10,150,22,0.0
411,4,10,150,22,0.0
412,4,10,150,22,0.0
413,4,10,150,22,0.0
414,4,10,150,22,0.0
415,4,10,150,22,0.0
416,4,10,150,22,0.19307911282051418
417,4,10,150,22,0.13745483180657725
418,4,10,150,22,0.0
419,4,10,150,22,0.1208113026994942
420,4,10,150,22,0.0
421,4,10,150,22,0.05954496680255472
422,4,10,150,22,0.04320473659574256
423,4,10,150,22,0.053845569940583225
424,4,10,150,22,0.23504554941448536
425,4,10,150,22,0.2003853561195215
426,4,10,150,22,0.0
427,4,10,150,22,0.0
428,4,10,150,22,0.0
429,4,10,150,22,0.2600193207688328
430,4,10,150,22,0.0
431,4,10,150,22,0.0
432,4,10,150,22,0.0
433,4,10,150,22,0.0
434,4,10,150,22,0.15130120674940672
435,4,10,150,22,0.1839070306042595
436,4,10,150,22,0.0
437,4,10,150,22,0.09752881598383899
438,4,10,150,22,0.0
439,4,10,150,22,0.0
440,4,10,150,22,0.0
441,4,10,150,22,0.0
442,4,10,150,22,0.04214302778527282
443,4,10,150,22,0.0
444,4,10,150,22,0.06689472067330288
445,4,10,150,22,0.0
446,4,10,150,22,0.0
447,4,10,150,22,0.18526999577536782
448,4,10,150,22,0.0
449,4,10,150,22,0.1511226181481109
450,4,10,150,22,0.31110873608876644
451,4,10,150,22,0.0
452,4,10,150,22,0.11571867208770843
453,4,10,150,22,0.0
454,4,10,150,22,0.0
455,4,10,150,22,0.08428605557054564
456,4,10,150,22,0.0
457,4,10,150,22,0.2951511715720082
458,4,10,150,22,0.03090987042821126
459,4,10,150,22,0.0
460,4,10,150,22,0.05184030722866645
461,4,10,150,22,0.0
462,4,10,150,22,0.0
463,4,10,150,22,0.13359023741301432
464,4,10,150,22,0.0
465,4,10,150,22,0.0
466,4,10,150,22,0.0
467,4,10,150,22,0.0
468,4,10,150,22,0.06221501369666819
469,4,10,150,22,0.0
470,4,10,150,22,0.0
471,4,10,150,22,0.0
472,4,10,150,22,0.03508741374203651
473,4,10,150,22,0.0
474,4,10,150,22,0.20397155984267595
475,4,10,150,22,0.0
476,4,10,150,22,0.0
477,4,10,150,22,0.0
478,4,10,150,22,0.2345109835167376
479,4,10,150,22,0.0763158477971904
480,4,10,150,22,0.0
481,4,10,150,22,0.03855307727568851
482,4,10,150,22,0.0
483,4,10,150,22,0.0
484,4,10,150,22,0.18591568282327006
485,4,10,150,22,0.0
486,4,10,150,22,0.0
487,4,10,150,22,0.10503439208105299
488,4,10,150,22,0.0
489,4,10,150,22,0.0
490,4,10,150,22,0.0
491,4,10,150,22,0.06362078819895171
492,4,10,150,22,0.0
493,4,10,150,22,0.029956785715628154
494,4,10,150,22,0.0
495,4,10,150,22,0.029532089691871707
496,4,10,150,22,0.029532089691871707
497,4,10,150,22,0.08474474772686136
498,4,10,150,22,0.0
499,4,10,150,22,0.0
500,4,10,150,22,0.14373622511078551
501,4,10,150,22,0.0
502,4,10,150,22,0.0
503,4,10,150,22,0.0
504,4,10,150,22,0.09752881598383899
505,4,10,150,22,0.08428605557054564
506,4,10,150,22,0.07305289821348408
507,4,10,150,22,0.0
508,4,10,150,22,0.0
509,4,10,150,22,0.0
510,4,10,150,22,0.0
511,4,10,150,22,0.0
512,4,10,150,22,0.0
513,4,10,150,22,0.0
514,4,10,150,22,0.3478432433014597
515,4,10,150,22,0.11706259313796354
516,4,10,150,22,0.0
517,4,10,150,22,0.0
518,4,10,150,22,0.0
519,4,10,150,22,0.0
520,4,10,150,22,0.0
521,4,10,150,22,0.1070097872956971
522,4,10,150,22,0.0
523,4,10,150,22,0.0
524,4,10,150,22,0.20648783000700074
525,4,10,150,22,0.0
526,4,10,150,22,0.04972780777662495
527,4,10,150,22,0.09456480159304359
528,4,10,150,22,0.10209739512291163
529,4,10,150,22,0.0
530,4,10,150,22,0.0
531,4,10,150,22,0.0
532,4,10,150,22,0.32681443947534
533,4,10,150,22,0.16253856255692337
534,4,10,150,22,0.047934103497110726
535,4,10,150,22,0.10595510971383236
536,4,10,150,22,0.08428605557054564
537,4,10,150,22,0.2632792538672651
538,4,10,150,22,0.14697776980950736
539,4,10,150,22,0.0
540,4,10,150,22,0.0
541,4,10,150,22,0.0
542,4,10,150,22,0.049033875503285806
543,4,10,150,22,0.0
544,4,10,150,22,0.0
545,4,10,150,22,0.030414522575305965
546,4,10,150,22,0.05758752804519195
547,4,10,150,22,0.0
548,4,10,150,22,0.10027397666015951
549,4,10,150,22,0.0
550,4,10,150,22,0.0
551,4,10,150,22,0.05948887540749986
552,4,10,150,22,0.1205344274731702
553,4,10,150,22,0.04743759234968417
554,4,10,150,22,0.13359023741301432
555,4,10,150,22,0.0
556,4,10,150,22,0.0
557,4,10,150,22,0.0
558,4,10,150,22,0.0
559,4,10,150,22,0.04366879852493834
560,4,10,150,22,0.06536545161870184
561,4,10,150,22,0.044530079137671444
562,4,10,150,22,0.0
563,4,10,150,22,0.0
564,4,10,150,22,0.0
565,4,10,150,22,0.0
566,4,10,150,22,0.0475858026939827
567,4,10,150,22,0.13252965735881825
568,4,10,150,22,0.036155150901276155
569,4,10,150,22,0.18299769260789403
570,4,10,150,22,0.0
571,4,10,150,22,0.0
572,4,10,150,22,0.16812753627111746
573,4,10,150,22,0.0
574,4,10,150,22,0.051811563545175146
575,4,10,150,22,0.0
576,4,10,150,22,0.0
577,4,10,150,22,0.26264019110704706
578,4,10,150,22,0.0
579,4,10,150,22,0.0
580,4,10,150,22,0.09004726125505678
581,4,10,150,22,0.0
582,4,10,150,22,0.0
583,4,10,150,22,0.0
584,4,10,150,22,0.06323567569191428
585,4,10,150,22,0.04173963774222741
586,4,10,150,22,0.08428605557054564
587,4,10,150,22,0.0
588,4,10,150,22,0.16312232710488603
589,4,10,150,22,0.0
590,4,10,150,22,0.053845569940583225
591,4,10,150,22,0.0
592,4,10,150,22,0.44366803589498793
593,4,10,150,22,0.03203660434343724
594,4,10,150,22,0.0
595,4,10,150,22,0.044530079137671444
596,4,10,150,22,0.0
597,4,10,150,22,0.27101620591530523
598,4,10,150,22,0.0
599,4,10,150,22,0.0
600,4,10,150,22,0.0
601,4,10,150,22,0.0
602,4,10,150,22,0.0
603,4,10,150,22,0.0
604,4,10,150,22,0.0
605,4,10,150,22,0.23939908411991156
606,4,10,150,22,0.20110423474946978
607,4,10,150,22,0.0
608,4,10,150,22,0.0
609,4,10,150,22,0.0
610,4,10,150,22,0.1669877967662679
611,4,10,150,22,0.0
612,4,10,150,22,0.0
613,4,10,150,22,0.0
614,4,10,150,22,0.0
615,4,10,150,22,0.0
616,4,10,150,22,0.0
617,4,10,150,22,0.0
618,4,10,150,22,0.20775215137430672
619,4,10,150,22,0.03620451724718618
620,4,10,150,22,0.03268292400479648
621,4,10,150,22,0.08484985702820269
622,4,10,150,22,0.26804968224265013
623,4,10,150,22,0.0
624,4,10,150,22,0.0
625,4,10,150,22,0.0
626,4,10,150,22,0.0
627,4,10,150,22,0.09093174299449802
628,4,10,150,22,0.0
629,4,10,150,22,0.04214302778527282
630,4,10,150,22,0.198634436870679
631,4,10,150,22,0.0
632,4,10,150,22,0.14824180095825323
633,4,10,150,22,0.07414861528507455
634,4,10,150,22,0.029956785715628154
635,4,10,150,22,0.0
636,4,10,150,22,0.0
637,4,10,150,22,0.0
638,4,10,150,22,0.09712868482236708
639,4,10,150,22,0.0
640,4,10,150,22,0.03861623877555839
641,4,10,150,22,0.07675099783970546
642,4,10,150,22,0.07417963212871007
643,4,10,150,22,0.1894653901353008
644,4,10,150,22,0.04935421935348238
645,4,10,150,22,0.21989142285582192
646,4,10,150,22,0.0
647,4,10,150,22,0.0
648,4,10,150,22,0.1113251978441786
649,4,10,150,22,0.11004588314904008
650,4,10,150,22,0.09363536284924491
651,4,10,150,22,0.0
652,4,10,150,22,0.0
653,4,10,150,22,0.19129584286624274
654,4,10,150,22,0.27430493956682095
655,4,10,150,22,0.030414522575305965
656,4,10,150,22,0.0
657,4,10,150,22,0.0
658,4,10,150,22,0.18672776492534796
659,4,10,150,22,0.10604815754701695
660,4,10,150,22,0.0
661,4,10,150,22,0.06949873856125406
662,4,10,150,22,0.0
663,4,10,150,22,0.2920435518151826
664,4,10,150,22,0.37958276007988817
665,4,10,150,22,0.0
666,4,10,150,22,0.357981034765958
667,4,10,150,22,0.1593472521587426
668,4,10,150,22,0.06194403202282284
669,4,10,150,22,0.0475858026939827
670,4,10,150,22,0.0
671,4,10,150,22,0.17537968021712633
672,4,10,150,22,0.0
673,4,10,150,22,0.0
674,4,10,150,22,0.0
675,4,10,150,22,0.0
676,4,10,150,22,0.11582866341850039
677,4,10,150,22,0.0
678,4,10,150,22,0.0
679,4,10,150,22,0.1266596892460251
680,4,10,150,22,0.0
681,4,10,150,22,0.0
682,4,10,150,22,0.24251729296221317
683,4,10,150,22,0.0
684,4,10,150,22,0.05167975836235349
685,4,10,150,22,0.0
686,4,10,150,22,0.07277260183012466
687,4,10,150,22,0.0
688,4,10,150,22,0.0
689,4,10,150,22,0.1116390111176635
690,4,10,150,22,0.11922927019614289
691,4,10,150,22,0.0
692,4,10,150,22,0.05833725389333616
693,4,10,150,22,0.0
694,4,10,150,22,0.14533465492441705
695,4,10,150,22,0.0
696,4,10,150,22,0.0
697,4,10,150,22,0.029956785715628154
698,4,10,150,22,0.06928090704414597
699,4,10,150,22,0.08428605557054564
700,4,10,150,22,0.12729890218214104
701,4,10,150,22,0.0
702,4,10,150,22,0.037715680681715956
703,4,10,150,22,0.09261220774116596
704,4,10,150,22,0.12824644184346218
705,4,10,150,22,0.06857302449118656
706,4,10,150,22,0.04395738023645723
707,4,10,150,22,0.03419349330210947
708,4,10,150,22,0.03861623877555839
709,4,10,150,22,0.21609588911065702
710,4,10,150,22,0.1280162794497358
711,4,10,150,22,0.1627197039683226
712,4,10,150,22,0.12521720026997663
713,4,10,150,22,0.0
714,4,10,150,22,0.0
715,4,10,150,22,0.0
716,4,10,150,22,0.19511962424501764
717,4,10,150,22,0.03203660434343724
718,4,10,150,22,0.0
719,4,10,150,22,0.0723514680762565
720,4,10,150,22,0.0
721,4,10,150,22,0.19158985657099536
722,4,10,150,22,0.06556429791586475
723,4,10,150,22,0.0
724,4,10,150,22,0.0
725,4,10,150,22,0.0
726,4,10,150,22,0.05010834716923557
727,4,10,150,22,0.20636677292718467
728,4,10,150,22,0.09627818061559096
729,4,10,150,22,0.0
730,4,10,150,22,0.0
731,4,10,150,22,0.09211588183165415
732,4,10,150,22,0.0
733,4,10,150,22,0.14264614058636643
734,4,10,150,22,0.0
735,4,10,150,22,0.0
736,4,10,150,22,0.0
737,4,10,150,22,0.04395738023645723
738,4,10,150,22,0.22763609047285152
739,4,10,150,22,0.03855307727568851
740,4,10,150,22,0.0
741,4,10,150,22,0.057534183641244435
742,4,10,150,22,0.0
743,4,10,150,22,0.0
744,4,10,150,22,0.0
745,4,10,150,22,0.03520132288421838
746,4,10,150,22,0.20614778777359313
747,4,10,150,22,0.5592423608745266
748,4,10,150,22,0.14016035224872764
749,4,10,150,22,0.17876620337324037
750,4,10,150,22,0.041278922835426404
751,4,10,150,22,0.07280973207766785
752,4,10,150,22,0.0
753,4,10,150,22,0.1142428412861738
754,4,10,150,22,0.0
755,4,10,150,22,0.03855371268423985
756,4,10,150,22,0.044530079137671444
757,4,10,150,22,0.0
758,4,10,150,22,0.21671832840115673
759,4,10,150,22,0.049710505523782283
760,4,10,150,22,0.0
761,4,10,150,22,0.0
762,4,10,150,22,0.051960280791503534
763,4,10,150,22,0.0475858026939827
764,4,10,150,22,0.14992788149844402
765,4,10,150,22,0.10122860821230018
766,4,10,150,22,0.0475858026939827
767,4,10,150,22,0.06994410797740244
768,4,10,150,22,0.0
769,4,10,150,22,0.0
770,4,10,150,22,0.16311696293529396
771,4,10,150,22,0.2047147764304155
772,4,10,150,22,0.0
773,4,10,150,22,0.12782885615135436
774,4,10,150,22,0.0
775,4,10,150,22,0.0
776,4,10,150,22,0.03726405433421999
777,4,10,150,22,0.0
778,4,10,150,22,0.10405917304072716
779,4,10,150,22,0.0
780,4,10,150,22,0.0
781,4,10,150,22,0.0366967190946864
782,4,10,150,22,0.08778093757035396
783,4,10,150,22,0.0
784,4,10,150,22,0.0
785,4,10,150,22,0.0
786,4,10,150,22,0.0
787,4,10,150,22,0.0
788,4,10,150,22,0.3335949650712684
789,4,10,150,22,0.051358492238643604
790,4,10,150,22,0.0
791,4,10,150,22,0.0
792,4,10,150,22,0.06658592494149675
793,4,10,150,22,0.0
794,4,10,150,22,0.0
795,4,10,150,22,0.0
796,4,10,150,22,0.3742562706479087
797,4,10,150,22,0.0
798,4,10,150,22,0.08428605557054564
799,4,10,150,22,0.0
800,4,10,150,22,0.0
801,4,10,150,22,0.0
802,4,10,150,22,0.06679511870650716
803,4,10,150,22,0.0
804,4,10,150,22,0.22129309727063012
805,4,10,150,22,0.19246708589918932
806,4,10,150,22,0.3794909133764682
807,4,10,150,22,0.03508741374203651
808,4,10,150,22,0.0
809,4,10,150,22,0.0
810,4,10,150,22,0.0
811,4,10,150,22,0.0
812,4,10,150,22,0.0
813,4,10,150,22,0.0
814,4,10,150,22,0.0
815,4,10,150,22,0.13502804552111214
816,4,10,150,22,0.0
817,4,10,150,22,0.0
818,4,10,150,22,0.0
819,4,10,150,22,0.0
820,4,10,150,22,0.0
821,4,10,150,22,0.24076002627111043
822,4,10,150,22,0.0
823,4,10,150,22,0.214647267825712
824,4,10,150,22,0.05046096657376444
825,4,10,150,22,0.05167975836235349
826,4,10,150,22,0.13359023741301432
827,4,10,150,22,0.0
828,4,10,150,22,0.04214302778527282
829,4,10,150,22,0.15110239493068348
830,4,10,150,22,0.16133398434328985
831,4,10,150,22,0.23871022374824147
832,4,10,150,22,0.0
833,4,10,150,22,0.2013470844457359
834,4,10,150,22,0.24251121723036934
835,4,10,150,22,0.030414522575305965
836,4,10,150,22,0.08063125834567192
837,4,10,150,22,0.0
838,4,10,150,22,0.28294300101729114
839,4,10,150,22,0.04214302778527282
840,4,10,150,22,0.3514142656617994
841,4,10,150,22,0.0
842,4,10,150,22,0.0
843,4,10,150,22,0.0
844,4,10,150,22,0.03090987042821126
845,4,10,150,22,0.0
846,4,10,150,22,0.344976930262385
847,4,10,150,22,0.08667310692294426
848,4,10,150,22,0.0
849,4,10,150,22,0.0
850,4,10,150,22,0.20492475647801242
851,4,10,150,22,0.0706291911644959
852,4,10,150,22,0.1790939238238391
853,4,10,150,22,0.0
854,4,10,150,22,0.0
855,4,10,150,22,0.0
856,4,10,150,22,0.0
857,4,10,150,22,0.0
858,4,10,150,22,0.0
859,4,10,150,22,0.0
860,4,10,150,22,0.0
861,4,10,150,22,0.03709674194804795
862,4,10,150,22,0.03861623877555839
863,4,10,150,22,0.0
864,4,10,150,22,0.469842087412837
865,4,10,150,22,0.03726405433421999
866,4,10,150,22,0.0
867,4,10,150,22,0.12574192719189664
868,4,10,150,22,0.362551237875653
869,4,10,150,22,0.03406297225598251
870,4,10,150,22,0.41636794000522226
871,4,10,150,22,0.08063125834567192
872,4,10,150,22,0.03203660434343724
873,4,10,150,22,0.0
874,4,10,150,22,0.09872301494500255
875,4,10,150,22,0.126107208132431
876,4,10,150,22,0.08671382849411972
877,4,10,150,22,0.07361222794244351
878,4,10,150,22,0.2851301038463828
879,4,10,150,22,0.0
880,4,10,150,22,0.5134909928177496
881,4,10,150,22,0.11331418235046839
882,4,10,150,22,0.199648202336643
883,4,10,150,22,0.43525831619111904
884,4,10,150,22,0.09113547509404434
885,4,10,150,22,0.07166300121497884
886,4,10,150,22,0.2525993683383782
887,4,10,150,22,0.08706627333311613
888,4,10,150,22,0.06943122193677727
889,4,10,150,22,0.0
890,4,10,150,22,0.0
891,4,10,150,22,0.03339755935325358
892,4,10,150,22,0.28382131241903286
893,4,10,150,22,0.09363536284924491
894,4,10,150,22,0.16695927200656485
895,4,10,150,22,0.0
896,4,10,150,22,0.5286775809899432
897,4,10,150,22,0.3382784549800471
898,4,10,150,22,0.0
899,4,10,150,22,0.11354261356344837
900,4,10,150,22,0.03419349330210947
901,4,10,150,22,0.258108013451559
902,4,10,150,22,0.0
903,4,10,150,22,0.21263112482535956
904,4,10,150,22,0.0
905,4,10,150,22,0.0
906,4,10,150,22,0.04258528250242427
907,4,10,150,22,0.05167975836235349
908,4,10,150,22,0.0862020414695411
909,4,10,150,22,0.0
910,4,10,150,22,0.0
911,4,10,150,22,0.06994697833901646
912,4,10,150,22,0.11308487670377056
913,4,10,150,22,0.0
914,4,10,150,22,0.0
915,4,10,150,22,0.0
916,4,10,150,22,0.48575603104429355
917,4,10,150,22,0.0
918,4,10,150,22,0.06679511870650716
919,4,10,150,22,0.15187243642211423
920,4,10,150,22,0.0
921,4,10,150,22,0.13914658678276368
922,4,10,150,22,0.21460929799926606
923,4,10,150,22,0.0
924,4,10,150,22,0.0
925,4,10,150,22,0.0
926,4,10,150,22,0.0
927,4,10,150,22,0.06098042231766063
928,4,10,150,22,0.1482972305701491
929,4,10,150,22,0.25163227912988373
930,4,10,150,22,0.0
931,4,10,150,22,0.06348493696922616
932,4,10,150,22,0.23578633453476974
933,4,10,150,22,0.044530079137671444
934,4,10,150,22,0.14267541181628554
935,4,10,150,22,0.04173963774222741
936,4,10,150,22,0.1669877967662679
937,4,10,150,22,0.0
938,4,10,150,22,0.13187185826452832
939,4,10,150,22,0.0
940,4,10,150,22,0.0475858026939827
941,4,10,150,22,0.0
942,4,10,150,22,0.0629296490451253
943,4,10,150,22,0.25471824080685107
1,4,10,150,23,0.4058715898896693
2,4,10,150,23,0.0
3,4,10,150,23,0.0
4,4,10,150,23,0.0
5,4,10,150,23,0.0
6,4,10,150,23,0.27020011346731576
7,4,10,150,23,0.305952237536779
8,4,10,150,23,0.0
9,4,10,150,23,0.21840743681816419
10,4,10,150,23,0.03855371268423985
11,4,10,150,23,0.1420400396336573
12,4,10,150,23,0.0
13,4,10,150,23,0.23384263012882056
14,4,10,150,23,0.0
15,4,10,150,23,0.05010834716923557
16,4,10,150,23,0.0
17,4,10,150,23,0.0
18,4,10,150,23,0.24095067439467893
19,4,10,150,23,0.0
20,4,10,150,23,0.0
21,4,10,150,23,0.0
22,4,10,150,23,0.0664352832729762
23,4,10,150,23,0.19906649093208975
24,4,10,150,23,0.0
25,4,10,150,23,0.07414861528507455
26,4,10,150,23,0.0
27,4,10,150,23,0.0
28,4,10,150,23,0.0
29,4,10,150,23,0.0740318445087683
30,4,10,150,23,0.0
31,4,10,150,23,0.0
32,4,10,150,23,0.0
33,4,10,150,23,0.0
35,4,10,150,23,0.10523285614729473
36,4,10,150,23,0.0
37,4,10,150,23,0.0
38,4,10,150,23,0.0
39,4,10,150,23,0.0
40,4,10,150,23,0.0
41,4,10,150,23,0.0
42,4,10,150,23,0.03436980580657827
43,4,10,150,23,0.22592974817952552
44,4,10,150,23,0.1694627944724332
45,4,10,150,23,0.0
46,4,10,150,23,0.11284514134893527
47,4,10,150,23,0.0
48,4,10,150,23,0.0
49,4,10,150,23,0.0
50,4,10,150,23,0.0
51,4,10,150,23,0.16812753627111746
52,4,10,150,23,0.0
54,4,10,150,23,0.0
56,4,10,150,23,0.20383503459815738
57,4,10,150,23,0.18686728486108495
58,4,10,150,23,0.23504554941448536
59,4,10,150,23,0.22543045987831956
60,4,10,150,23,0.06362078819895171
61,4,10,150,23,0.0
62,4,10,150,23,0.08314631791322982
63,4,10,150,23,0.0
64,4,10,150,23,0.04238468688770069
65,4,10,150,23,0.13012668333070054
66,4,10,150,23,0.0
67,4,10,150,23,0.0
68,4,10,150,23,0.4176344875447225
69,4,10,150,23,0.0
70,4,10,150,23,0.0
71,4,10,150,23,0.0
72,4,10,150,23,0.0
73,4,10,150,23,0.0
74,4,10,150,23,0.0
75,4,10,150,23,0.0
76,4,10,150,23,0.067856722420442
77,4,10,150,23,0.0
78,4,10,150,23,0.0
79,4,10,150,23,0.27487633291429087
80,4,10,150,23,0.0
81,4,10,150,23,0.0
82,4,10,150,23,0.19298623480417013
83,4,10,150,23,0.12089611529519323
84,4,10,150,23,0.0
85,4,10,150,23,0.0
87,4,10,150,23,0.0
89,4,10,150,23,0.16716045496620227
90,4,10,150,23,0.0
91,4,10,150,23,0.0
92,4,10,150,23,0.1011130812191468
93,4,10,150,23,0.0
94,4,10,150,23,0.05944129112118855
95,4,10,150,23,0.15936150684702605
96,4,10,150,23,0.0
97,4,10,150,23,0.0
98,4,10,150,23,0.0
99,4,10,150,23,0.0
100,4,10,150,23,0.0
101,4,10,150,23,0.0
102,4,10,150,23,0.0
103,4,10,150,23,0.0
104,4,10,150,23,0.0
105,4,10,150,23,0.0
106,4,10,150,23,0.0
107,4,10,150,23,0.0
108,4,10,150,23,0.0
109,4,10,150,23,0.03709674194804795
110,4,10,150,23,0.0
111,4,10,150,23,0.0
112,4,10,150,23,0.0
113,4,10,150,23,0.0
114,4,10,150,23,0.0
115,4,10,150,23,0.10684080426179023
116,4,10,150,23,0.0
117,4,10,150,23,0.14606834984270645
118,4,10,150,23,0.0
119,4,10,150,23,0.10331623627585464
120,4,10,150,23,0.0
121,4,10,150,23,0.2147325744928709
122,4,10,150,23,0.1530100230930498
123,4,10,150,23,0.0
125,4,10,150,23,0.0458402539699961
126,4,10,150,23,0.0
127,4,10,150,23,0.10253313861822189
128,4,10,150,23,0.03233829114831982
129,4,10,150,23,0.0
130,4,10,150,23,0.12980807103224343
131,4,10,150,23,0.0
133,4,10,150,23,0.11047239495909743
134,4,10,150,23,0.0
135,4,10,150,23,0.0
137,4,10,150,23,0.0
138,4,10,150,23,0.0
139,4,10,150,23,0.0
141,4,10,150,23,0.0
142,4,10,150,23,0.13373003436102654
143,4,10,150,23,0.0
144,4,10,150,23,0.1227945149537572
145,4,10,150,23,0.09800142018154022
146,4,10,150,23,0.0
148,4,10,150,23,0.0
149,4,10,150,23,0.0
150,4,10,150,23,0.10235170428306553
151,4,10,150,23,0.035510009908414325
152,4,10,150,23,0.0
153,4,10,150,23,0.0
154,4,10,150,23,0.0
155,4,10,150,23,0.0
156,4,10,150,23,0.0
158,4,10,150,23,0.11008935378765584
159,4,10,150,23,0.0
160,4,10,150,23,0.0
161,4,10,150,23,0.0
162,4,10,150,23,0.0
163,4,10,150,23,0.0
164,4,10,150,23,0.0
165,4,10,150,23,0.0
166,4,10,150,23,0.0
167,4,10,150,23,0.0
168,4,10,150,23,0.23504554941448536
169,4,10,150,23,0.0
170,4,10,150,23,0.0
171,4,10,150,23,0.0
172,4,10,150,23,0.0
173,4,10,150,23,0.0
174,4,10,150,23,0.060961917527339995
175,4,10,150,23,0.0
176,4,10,150,23,0.0
177,4,10,150,23,0.06912040963822193
178,4,10,150,23,0.19090790515324066
179,4,10,150,23,0.0
180,4,10,150,23,0.0
181,4,10,150,23,0.0
182,4,10,150,23,0.0
183,4,10,150,23,0.0
184,4,10,150,23,0.09563114439297403
185,4,10,150,23,0.07745351606183934
186,4,10,150,23,0.22147164648185297
187,4,10,150,23,0.0
188,4,10,150,23,0.054384419234677496
189,4,10,150,23,0.12980807103224343
190,4,10,150,23,0.10699313236726378
191,4,10,150,23,0.0
192,4,10,150,23,0.0
193,4,10,150,23,0.0
194,4,10,150,23,0.0
195,4,10,150,23,0.0
196,4,10,150,23,0.0
197,4,10,150,23,0.0
198,4,10,150,23,0.0
199,4,10,150,23,0.0
200,4,10,150,23,0.03719976603506465
201,4,10,150,23,0.050216616680524157
203,4,10,150,23,0.0
204,4,10,150,23,0.0
205,4,10,150,23,0.0
206,4,10,150,23,0.0
207,4,10,150,23,0.0
209,4,10,150,23,0.0
210,4,10,150,23,0.03436980580657827
211,4,10,150,23,0.0
212,4,10,150,23,0.12681701683239352
213,4,10,150,23,0.13955212171688613
214,4,10,150,23,0.056720838976548935
215,4,10,150,23,0.0
216,4,10,150,23,0.0
217,4,10,150,23,0.0
218,4,10,150,23,0.19092086617893467
219,4,10,150,23,0.0
221,4,10,150,23,0.2797643380184693
222,4,10,150,23,0.13787952487219685
223,4,10,150,23,0.0
224,4,10,150,23,0.0
225,4,10,150,23,0.0
226,4,10,150,23,0.0
227,4,10,150,23,0.0
228,4,10,150,23,0.0
229,4,10,150,23,0.0
230,4,10,150,23,0.0843142342558857
231,4,10,150,23,0.0
232,4,10,150,23,0.3234992853586256
233,4,10,150,23,0.0
234,4,10,150,23,0.0
235,4,10,150,23,0.06065881345112158
236,4,10,150,23,0.0
237,4,10,150,23,0.0
238,4,10,150,23,0.0
239,4,10,150,23,0.060772229737720354
240,4,10,150,23,0.0
242,4,10,150,23,0.0
243,4,10,150,23,0.05446333035917803
244,4,10,150,23,0.0897700875992608
245,4,10,150,23,0.0
246,4,10,150,23,0.08041927109478651
247,4,10,150,23,0.0
248,4,10,150,23,0.07984133538066794
249,4,10,150,23,0.09207927957633494
250,4,10,150,23,0.2529427027676571
251,4,10,150,23,0.0
252,4,10,150,23,0.0
253,4,10,150,23,0.05954496680255472
254,4,10,150,23,0.0
255,4,10,150,23,0.0
256,4,10,150,23,0.14515995126290043
257,4,10,150,23,0.2465263090905131
258,4,10,150,23,0.0
259,4,10,150,23,0.0
260,4,10,150,23,0.0
261,4,10,150,23,0.0
262,4,10,150,23,0.0
263,4,10,150,23,0.060772229737720354
264,4,10,150,23,0.0
265,4,10,150,23,0.10209739512291163
267,4,10,150,23,0.09794101962538232
268,4,10,150,23,0.050216616680524157
269,4,10,150,23,0.10242698302371722
270,4,10,150,23,0.0
271,4,10,150,23,0.14599772041577588
272,4,10,150,23,0.09109240322345806
273,4,10,150,23,0.0
274,4,10,150,23,0.0
275,4,10,150,23,0.0
276,4,10,150,23,0.20131593511414306
277,4,10,150,23,0.0
279,4,10,150,23,0.09348597369127196
280,4,10,150,23,0.0
281,4,10,150,23,0.0
283,4,10,150,23,0.0
284,4,10,150,23,0.0
285,4,10,150,23,0.06258116307550304
286,4,10,150,23,0.2185796611387167
287,4,10,150,23,0.0
288,4,10,150,23,0.0
289,4,10,150,23,0.13905617951077562
290,4,10,150,23,0.0
291,4,10,150,23,0.21670135734792367
292,4,10,150,23,0.0
293,4,10,150,23,0.08189977426795961
294,4,10,150,23,0.04123398036294628
295,4,10,150,23,0.2016669681570433
296,4,10,150,23,0.47774763069170006
297,4,10,150,23,0.049712302565054066
298,4,10,150,23,0.17110977534502889
299,4,10,150,23,0.0
300,4,10,150,23,0.0
301,4,10,150,23,0.047934103497110726
303,4,10,150,23,0.1218335936888134
304,4,10,150,23,0.0
305,4,10,150,23,0.2569115020972362
306,4,10,150,23,0.0
307,4,10,150,23,0.1383141340724969
308,4,10,150,23,0.1560774732813544
309,4,10,150,23,0.0
310,4,10,150,23,0.0
311,4,10,150,23,0.04326935701074781
312,4,10,150,23,0.07579200366109638
313,4,10,150,23,0.09189442695154341
314,4,10,150,23,0.16888419409222946
315,4,10,150,23,0.0
316,4,10,150,23,0.04568304891751105
317,4,10,150,23,0.0
318,4,10,150,23,0.05633425377856011
319,4,10,150,23,0.0
320,4,10,150,23,0.0
321,4,10,150,23,0.062242588308449316
322,4,10,150,23,0.17342765698823945
323,4,10,150,23,0.14126697285982898
324,4,10,150,23,0.0
325,4,10,150,23,0.0
326,4,10,150,23,0.036356287988538835
327,4,10,150,23,0.0
328,4,10,150,23,0.09603362921081524
329,4,10,150,23,0.0
330,4,10,150,23,0.0536466452928127
331,4,10,150,23,0.16958010263680806
332,4,10,150,23,0.0
333,4,10,150,23,0.0
334,4,10,150,23,0.09645518452683792
336,4,10,150,23,0.0
337,4,10,150,23,0.16716045496620227
338,4,10,150,23,0.0
339,4,10,150,23,0.06608282041002614
340,4,10,150,23,0.0
341,4,10,150,23,0.0
342,4,10,150,23,0.19791922947023236
343,4,10,150,23,0.17934679000010195
344,4,10,150,23,0.2076030287632974
345,4,10,150,23,0.03175761494935955
346,4,10,150,23,0.13947804593499064
347,4,10,150,23,0.0
348,4,10,150,23,0.0
349,4,10,150,23,0.0
350,4,10,150,23,0.0
351,4,10,150,23,0.0
352,4,10,150,23,0.0
353,4,10,150,23,0.0
354,4,10,150,23,0.058249421918925924
355,4,10,150,23,0.0
356,4,10,150,23,0.0
357,4,10,150,23,0.0
358,4,10,150,23,0.20438239758848611
359,4,10,150,23,0.0
360,4,10,150,23,0.0
361,4,10,150,23,0.09622728274290568
362,4,10,150,23,0.0
363,4,10,150,23,0.20011114623596227
364,4,10,150,23,0.0
365,4,10,150,23,0.0
366,4,10,150,23,0.0
367,4,10,150,23,0.0
368,4,10,150,23,0.0
369,4,10,150,23,0.0
370,4,10,150,23,0.09092803061897883
371,4,10,150,23,0.09460634670666435
372,4,10,150,23,0.0
373,4,10,150,23,0.035769798946978335
374,4,10,150,23,0.06731944696647899
375,4,10,150,23,0.0
376,4,10,150,23,0.0
377,4,10,150,23,0.0
378,4,10,150,23,0.2288061360490589
379,4,10,150,23,0.08783940389587584
380,4,10,150,23,0.0
381,4,10,150,23,0.0
382,4,10,150,23,0.0
383,4,10,150,23,0.0
384,4,10,150,23,0.0
385,4,10,150,23,0.0
386,4,10,150,23,0.0
387,4,10,150,23,0.1154116908925314
388,4,10,150,23,0.0
389,4,10,150,23,0.13446420380885915
390,4,10,150,23,0.0
391,4,10,150,23,0.2137247802747043
392,4,10,150,23,0.0
393,4,10,150,23,0.0
394,4,10,150,23,0.0834477484387131
395,4,10,150,23,0.0
396,4,10,150,23,0.0
397,4,10,150,23,0.22320497122386787
398,4,10,150,23,0.1418968660083944
399,4,10,150,23,0.0
400,4,10,150,23,0.0
401,4,10,150,23,0.0
402,4,10,150,23,0.08963222225173058
403,4,10,150,23,0.0
404,4,10,150,23,0.0
405,4,10,150,23,0.08189977426795961
406,4,10,150,23,0.22953485763883896
407,4,10,150,23,0.04623856784631377
408,4,10,150,23,0.0
409,4,10,150,23,0.10359686618950614
410,4,10,150,23,0.0
411,4,10,150,23,0.0
412,4,10,150,23,0.0
413,4,10,150,23,0.0
414,4,10,150,23,0.0
415,4,10,150,23,0.0
416,4,10,150,23,0.1876127153989637
417,4,10,150,23,0.13356325219865967
418,4,10,150,23,0.0
419,4,10,150,23,0.1208113026994942
420,4,10,150,23,0.0
421,4,10,150,23,0.05954496680255472
422,4,10,150,23,0.04320473659574256
423,4,10,150,23,0.053845569940583225
424,4,10,150,23,0.23504554941448536
425,4,10,150,23,0.19471210654836515
426,4,10,150,23,0.0
427,4,10,150,23,0.0
428,4,10,150,23,0.0
429,4,10,150,23,0.2526577324341828
430,4,10,150,23,0.0
431,4,10,150,23,0.0
432,4,10,150,23,0.0
433,4,10,150,23,0.0
434,4,10,150,23,0.15130120674940672
435,4,10,150,23,0.2070120078256816
436,4,10,150,23,0.0
437,4,10,150,23,0.09476760965534023
438,4,10,150,23,0.0
439,4,10,150,23,0.0
440,4,10,150,23,0.0
441,4,10,150,23,0.0
442,4,10,150,23,0.040949887133979804
443,4,10,150,23,0.0
444,4,10,150,23,0.06689472067330288
445,4,10,150,23,0.0
446,4,10,150,23,0.0
447,4,10,150,23,0.18002468771276758
448,4,10,150,23,0.0
449,4,10,150,23,0.1511226181481109
450,4,10,150,23,0.30230071968588196
451,4,10,150,23,0.0
452,4,10,150,23,0.11244248005696544
453,4,10,150,23,0.0
454,4,10,150,23,0.0
455,4,10,150,23,0.08189977426795961
456,4,10,150,23,0.0
457,4,10,150,23,0.286794940907386
458,4,10,150,23,0.030034759529155578
459,4,10,150,23,0.0
460,4,10,150,23,0.05184030722866645
461,4,10,150,23,0.0
462,4,10,150,23,0.0
463,4,10,150,23,0.12980807103224343
464,4,10,150,23,0.0
465,4,10,150,23,0.0
466,4,10,150,23,0.0
467,4,10,150,23,0.0
468,4,10,150,23,0.06221501369666819
469,4,10,150,23,0.0
470,4,10,150,23,0.0
471,4,10,150,23,0.0
472,4,10,150,23,0.034094029500693734
473,4,10,150,23,0.0
474,4,10,150,23,0.1981967787567999
475,4,10,150,23,0.0
476,4,10,150,23,0.0
477,4,10,150,23,0.0
478,4,10,150,23,0.2345109835167376
479,4,10,150,23,0.0741552166055099
480,4,10,150,23,0.0
481,4,10,150,23,0.03855307727568851
482,4,10,150,23,0.0
483,4,10,150,23,0.0
484,4,10,150,23,0.18591568282327006
485,4,10,150,23,0.0
486,4,10,150,23,0.0
487,4,10,150,23,0.10206069015307837
488,4,10,150,23,0.0
489,4,10,150,23,0.0
490,4,10,150,23,0.0
491,4,10,150,23,0.06362078819895171
492,4,10,150,23,0.0
493,4,10,150,23,0.029108658262576942
494,4,10,150,23,0.0
495,4,10,150,23,0.028695986104143326
496,4,10,150,23,0.028695986104143326
497,4,10,150,23,0.08234548007073382
498,4,10,150,23,0.0
499,4,10,150,23,0.0
500,4,10,150,23,0.1396668085962224
501,4,10,150,23,0.0
502,4,10,150,23,0.0
503,4,10,150,23,0.0
504,4,10,150,23,0.09476760965534023
505,4,10,150,23,0.08189977426795961
506,4,10,150,23,0.07098464666313538
507,4,10,150,23,0.0
508,4,10,150,23,0.0
509,4,10,150,23,0.0
510,4,10,150,23,0.0
511,4,10,150,23,0.0
512,4,10,150,23,0.0
513,4,10,150,23,0.0
514,4,10,150,23,0.3379952106452581
515,4,10,150,23,0.11706259313796354
516,4,10,150,23,0.0
517,4,10,150,23,0.0
518,4,10,150,23,0.0
519,4,10,150,23,0.0
520,4,10,150,23,0.0
521,4,10,150,23,0.10398015857610773
522,4,10,150,23,0.0
523,4,10,150,23,0.0
524,4,10,150,23,0.22895350646808407
525,4,10,150,23,0.0
526,4,10,150,23,0.04972780777662495
527,4,10,150,23,0.12019920896963987
528,4,10,150,23,0.10209739512291163
529,4,10,150,23,0.0
530,4,10,150,23,0.0
531,4,10,150,23,0.0
532,4,10,150,23,0.3175617679503046
533,4,10,150,23,0.15793681995367434
534,4,10,150,23,0.047934103497110726
535,4,10,150,23,0.10295534070682326
536,4,10,150,23,0.08189977426795961
537,4,10,150,23,0.28413706871959676
538,4,10,150,23,0.14697776980950736
539,4,10,150,23,0.0
540,4,10,150,23,0.0
541,4,10,150,23,0.0
542,4,10,150,23,0.049033875503285806
543,4,10,150,23,0.0
544,4,10,150,23,0.0
545,4,10,150,23,0.029553435814782602
546,4,10,150,23,0.05758752804519195
547,4,10,150,23,0.0
548,4,10,150,23,0.09743505017320565
549,4,10,150,23,0.0
550,4,10,150,23,0.0
551,4,10,150,23,0.05780464436672027
552,4,10,150,23,0.1205344274731702
553,4,10,150,23,0.04743759234968417
554,4,10,150,23,0.12980807103224343
555,4,10,150,23,0.0
556,4,10,150,23,0.0
557,4,10,150,23,0.0
558,4,10,150,23,0.0
559,4,10,150,23,0.04366879852493834
560,4,10,150,23,0.06536545161870184
561,4,10,150,23,0.04326935701074781
562,4,10,150,23,0.0
563,4,10,150,23,0.0
564,4,10,150,23,0.0
565,4,10,150,23,0.0
566,4,10,150,23,0.04623856784631377
567,4,10,150,23,0.12877751779963834
568,4,10,150,23,0.036155150901276155
569,4,10,150,23,0.18299769260789403
570,4,10,150,23,0.0
571,4,10,150,23,0.0
572,4,10,150,23,0.16812753627111746
573,4,10,150,23,0.0
574,4,10,150,23,0.051811563545175146
575,4,10,150,23,0.0
576,4,10,150,23,0.0
577,4,10,150,23,0.2552044014843875
578,4,10,150,23,0.0
579,4,10,150,23,0.0
580,4,10,150,23,0.09004726125505678
581,4,10,150,23,0.0
582,4,10,150,23,0.0
583,4,10,150,23,0.0
584,4,10,150,23,0.06323567569191428
585,4,10,150,23,0.04173963774222741
586,4,10,150,23,0.08189977426795961
587,4,10,150,23,0.0
588,4,10,150,23,0.15850405713638674
589,4,10,150,23,0.0
590,4,10,150,23,0.053845569940583225
591,4,10,150,23,0.0
592,4,10,150,23,0.4311070407049217
593,4,10,150,23,0.03112959369469351
594,4,10,150,23,0.0
595,4,10,150,23,0.04326935701074781
596,4,10,150,23,0.0
597,4,10,150,23,0.27101620591530523
598,4,10,150,23,0.0
599,4,10,150,23,0.0
600,4,10,150,23,0.0
601,4,10,150,23,0.0
602,4,10,150,23,0.0
603,4,10,150,23,0.0
604,4,10,150,23,0.0
605,4,10,150,23,0.23939908411991156
606,4,10,150,23,0.19541063250405596
607,4,10,150,23,0.0
608,4,10,150,23,0.0
609,4,10,150,23,0.0
610,4,10,150,23,0.1669877967662679
611,4,10,150,23,0.0
612,4,10,150,23,0.0
613,4,10,150,23,0.0
614,4,10,150,23,0.0
615,4,10,150,23,0.02831169742649504
616,4,10,150,23,0.0
617,4,10,150,23,0.0
618,4,10,150,23,0.20187033532489396
619,4,10,150,23,0.03620451724718618
620,4,10,150,23,0.03175761494935955
621,4,10,150,23,0.08244761354933886
622,4,10,150,23,0.2604607407437281
623,4,10,150,23,0.0
624,4,10,150,23,0.0
625,4,10,150,23,0.0
626,4,10,150,23,0.0
627,4,10,150,23,0.08835731100037399
628,4,10,150,23,0.0
629,4,10,150,23,0.040949887133979804
630,4,10,150,23,0.19301075879551413
631,4,10,150,23,0.0
632,4,10,150,23,0.14404482394356447
633,4,10,150,23,0.07414861528507455
634,4,10,150,23,0.029108658262576942
635,4,10,150,23,0.0
636,4,10,150,23,0.0
637,4,10,150,23,0.0
638,4,10,150,23,0.09712868482236708
639,4,10,150,23,0.0
640,4,10,150,23,0.0375229475075955
641,4,10,150,23,0.07675099783970546
642,4,10,150,23,0.10039117825516837
643,4,10,150,23,0.18410130333699734
644,4,10,150,23,0.04935421935348238
645,4,10,150,23,0.2136659234252464
646,4,10,150,23,0.0
647,4,10,150,23,0.0
648,4,10,150,23,0.10817339252686953
649,4,10,150,23,0.11004588314904008
650,4,10,150,23,0.09098438678783702
651,4,10,150,23,0.0
652,4,10,150,23,0.0
653,4,10,150,23,0.18587993284406734
654,4,10,150,23,0.2665389011152121
655,4,10,150,23,0.029553435814782602
656,4,10,150,23,0.07397229644086958
657,4,10,150,23,0.0
658,4,10,150,23,0.22745389188843176
659,4,10,150,23,0.10304575419790854
660,4,10,150,23,0.0
661,4,10,150,23,0.06753111130358476
662,4,10,150,23,0.0512644431393966
663,4,10,150,23,0.2837753031408322
664,4,10,150,23,0.39714782525468756
665,4,10,150,23,0.0
666,4,10,150,23,0.34784598402524064
667,4,10,150,23,0.1593472521587426
668,4,10,150,23,0.06194403202282284
669,4,10,150,23,0.04623856784631377
670,4,10,150,23,0.0
671,4,10,150,23,0.1704143837760636
672,4,10,150,23,0.0
673,4,10,150,23,0.0
674,4,10,150,23,0.0
675,4,10,150,23,0.0
676,4,10,150,23,0.11582866341850039
677,4,10,150,23,0.03314040476303028
678,4,10,150,23,0.0
679,4,10,150,23,0.1266596892460251
680,4,10,150,23,0.0
681,4,10,150,23,0.0
682,4,10,150,23,0.23565121674317435
683,4,10,150,23,0.0
684,4,10,150,23,0.050216616680524157
685,4,10,150,23,0.0
686,4,10,150,23,0.07277260183012466
687,4,10,150,23,0.0
688,4,10,150,23,0.0
689,4,10,150,23,0.1116390111176635
690,4,10,150,23,0.11585368717396788
691,4,10,150,23,0.0
692,4,10,150,23,0.05833725389333616
693,4,10,150,23,0.0
694,4,10,150,23,0.1412199841486129
695,4,10,150,23,0.0
696,4,10,150,23,0.0
697,4,10,150,23,0.029108658262576942
698,4,10,150,23,0.06731944696647899
699,4,10,150,23,0.08189977426795961
700,4,10,150,23,0.12729890218214104
701,4,10,150,23,0.0
702,4,10,150,23,0.037715680681715956
703,4,10,150,23,0.09261220774116596
704,4,10,150,23,0.12461556738596548
705,4,10,150,23,0.09494330319666751
706,4,10,150,23,0.04395738023645723
707,4,10,150,23,0.03322541746578526
708,4,10,150,23,0.0375229475075955
709,4,10,150,23,0.20997784768304667
710,4,10,150,23,0.12439192128028922
711,4,10,150,23,0.15811283294424264
712,4,10,150,23,0.12167208878334024
713,4,10,150,23,0.0
714,4,10,150,23,0.0
715,4,10,150,23,0.0
716,4,10,150,23,0.18959545648142132
717,4,10,150,23,0.03112959369469351
718,4,10,150,23,0.0
719,4,10,150,23,0.0723514680762565
720,4,10,150,23,0.0
721,4,10,150,23,0.18616562252177177
722,4,10,150,23,0.06556429791586475
723,4,10,150,23,0.0
724,4,10,150,23,0.0
725,4,10,150,23,0.0
726,4,10,150,23,0.05010834716923557
727,4,10,150,23,0.20052417929318803
728,4,10,150,23,0.09627818061559096
729,4,10,150,23,0.0
730,4,10,150,23,0.0
731,4,10,150,23,0.08950792485706158
732,4,10,150,23,0.0
733,4,10,150,23,0.13860758621502797
734,4,10,150,23,0.0
735,4,10,150,23,0.0
736,4,10,150,23,0.0
737,4,10,150,23,0.04395738023645723
738,4,10,150,23,0.2211913263560339
739,4,10,150,23,0.03855307727568851
740,4,10,150,23,0.0
741,4,10,150,23,0.05590529324231312
742,4,10,150,23,0.0
743,4,10,150,23,0.0
744,4,10,150,23,0.0
745,4,10,150,23,0.03520132288421838
746,4,10,150,23,0.20614778777359313
747,4,10,150,23,0.5434092603653683
748,4,10,150,23,0.13619217476467071
749,4,10,150,23,0.20201672613974897
750,4,10,150,23,0.041278922835426404
751,4,10,150,23,0.07074836497338076
752,4,10,150,23,0.0
753,4,10,150,23,0.11100843253053656
754,4,10,150,23,0.0
755,4,10,150,23,0.03855371268423985
756,4,10,150,23,0.04326935701074781
757,4,10,150,23,0.0
758,4,10,150,23,0.23889436208718245
759,4,10,150,23,0.049710505523782283
760,4,10,150,23,0.0
761,4,10,150,23,0.0
762,4,10,150,23,0.051960280791503534
763,4,10,150,23,0.04623856784631377
764,4,10,150,23,0.14568316868166467
765,4,10,150,23,0.10122860821230018
766,4,10,150,23,0.04623856784631377
767,4,10,150,23,0.06994410797740244
768,4,10,150,23,0.0
769,4,10,150,23,0.0
770,4,10,150,23,0.16311696293529396
771,4,10,150,23,0.198918953621385
772,4,10,150,23,0.0
773,4,10,150,23,0.12420980425362228
774,4,10,150,23,0.0
775,4,10,150,23,0.0
776,4,10,150,23,0.06452074312952014
777,4,10,150,23,0.0
778,4,10,150,23,0.1011130812191468
779,4,10,150,23,0.0
780,4,10,150,23,0.030023253564245667
781,4,10,150,23,0.0366967190946864
782,4,10,150,23,0.08529571022604805
783,4,10,150,23,0.0
784,4,10,150,23,0.0
785,4,10,150,23,0.0
786,4,10,150,23,0.0
787,4,10,150,23,0.0
788,4,10,150,23,0.35246202278366356
789,4,10,150,23,0.051358492238643604
790,4,10,150,23,0.0
791,4,10,150,23,0.0
792,4,10,150,23,0.06658592494149675
793,4,10,150,23,0.0
794,4,10,150,23,0.0
795,4,10,150,23,0.0
796,4,10,150,23,0.39197213777985174
797,4,10,150,23,0.0
798,4,10,150,23,0.08189977426795961
799,4,10,150,23,0.0
800,4,10,150,23,0.0
801,4,10,150,23,0.0
802,4,10,150,23,0.06490403551612171
803,4,10,150,23,0.0
804,4,10,150,23,0.21502791405813212
805,4,10,150,23,0.18701801599865225
806,4,10,150,23,0.3687468814608494
807,4,10,150,23,0.034094029500693734
808,4,10,150,23,0.0
809,4,10,150,23,0.0
810,4,10,150,23,0.0
811,4,10,150,23,0.0
812,4,10,150,23,0.0
813,4,10,150,23,0.0
814,4,10,150,23,0.0
815,4,10,150,23,0.13120517235222742
816,4,10,150,23,0.0
817,4,10,150,23,0.0
818,4,10,150,23,0.05516788910004661
819,4,10,150,23,0.037210602758860095
820,4,10,150,23,0.0
821,4,10,150,23,0.23394370125492775
822,4,10,150,23,0.0
823,4,10,150,23,0.20857023932560662
824,4,10,150,23,0.05046096657376444
825,4,10,150,23,0.050216616680524157
826,4,10,150,23,0.12980807103224343
827,4,10,150,23,0.0
828,4,10,150,23,0.040949887133979804
829,4,10,150,23,0.15110239493068348
830,4,10,150,23,0.15676634539395176
831,4,10,150,23,0.23195193212087034
832,4,10,150,23,0.0
833,4,10,150,23,0.19564660671320128
834,4,10,150,23,0.24251121723036934
835,4,10,150,23,0.029553435814782602
836,4,10,150,23,0.08063125834567192
837,4,10,150,23,0.0
838,4,10,150,23,0.2749324043835451
839,4,10,150,23,0.040949887133979804
840,4,10,150,23,0.36977682872752365
841,4,10,150,23,0.0
842,4,10,150,23,0.0
843,4,10,150,23,0.0
844,4,10,150,23,0.030034759529155578
845,4,10,150,23,0.0
846,4,10,150,23,0.3352100477936753
847,4,10,150,23,0.08421924414472762
848,4,10,150,23,0.0
849,4,10,150,23,0.0
850,4,10,150,23,0.19912298877740875
851,4,10,150,23,0.06862955887476861
852,4,10,150,23,0.20911717738808477
853,4,10,150,23,0.0
854,4,10,150,23,0.0
855,4,10,150,23,0.0
856,4,10,150,23,0.0
857,4,10,150,23,0.0
858,4,10,150,23,0.0
859,4,10,150,23,0.0
860,4,10,150,23,0.0
861,4,10,150,23,0.03709674194804795
862,4,10,150,23,0.0375229475075955
863,4,10,150,23,0.0
864,4,10,150,23,0.45654006039577194
865,4,10,150,23,0.036209045703025085
866,4,10,150,23,0.0
867,4,10,150,23,0.12218195979541528
868,4,10,150,23,0.35228679692731635
869,4,10,150,23,0.03406297225598251
870,4,10,150,23,0.4045798568697014
871,4,10,150,23,0.07834845055627171
872,4,10,150,23,0.03112959369469351
873,4,10,150,23,0.0
874,4,10,150,23,0.13944914190808633
875,4,10,150,23,0.12253689901248559
876,4,10,150,23,0.08671382849411972
877,4,10,150,23,0.07152814081804687
878,4,10,150,23,0.27705758661909896
879,4,10,150,23,0.0
880,4,10,150,23,0.5272648886243578
881,4,10,150,23,0.11010606550563125
882,4,10,150,23,0.19399582284034428
883,4,10,150,23,0.4512471118672454
884,4,10,150,23,0.09113547509404434
885,4,10,150,23,0.06963410000790582
886,4,10,150,23,0.24544785145185827
887,4,10,150,23,0.08460127934645645
888,4,10,150,23,0.06943122193677727
889,4,10,150,23,0.0
890,4,10,150,23,0.02831169742649504
891,4,10,150,23,0.03339755935325358
892,4,10,150,23,0.27578584929863453
893,4,10,150,23,0.09098438678783702
894,4,10,150,23,0.16223237161496712
895,4,10,150,23,0.0
896,4,10,150,23,0.5137098212807847
897,4,10,150,23,0.35701291514324485
898,4,10,150,23,0.0
899,4,10,150,23,0.11032802944322657
900,4,10,150,23,0.03322541746578526
901,4,10,150,23,0.25080053747136477
902,4,10,150,23,0.0
903,4,10,150,23,0.2066111767558487
904,4,10,150,23,0.0
905,4,10,150,23,0.0
906,4,10,150,23,0.04258528250242427
907,4,10,150,23,0.050216616680524157
908,4,10,150,23,0.08376151535390927
909,4,10,150,23,0.0
910,4,10,150,23,0.0
911,4,10,150,23,0.06796666065238463
912,4,10,150,23,0.10988325189102091
913,4,10,150,23,0.0
914,4,10,150,23,0.0
915,4,10,150,23,0.0
916,4,10,150,23,0.47200345327027243
917,4,10,150,23,0.0
918,4,10,150,23,0.06490403551612171
919,4,10,150,23,0.14757266995470675
920,4,10,150,23,0.0
921,4,10,150,23,0.13520711071984054
922,4,10,150,23,0.20853334448939834
923,4,10,150,23,0.0
924,4,10,150,23,0.0
925,4,10,150,23,0.0
926,4,10,150,23,0.0
927,4,10,150,23,0.059253963052063145
928,4,10,150,23,0.1482972305701491
929,4,10,150,23,0.25163227912988373
930,4,10,150,23,0.0
931,4,10,150,23,0.061687570642613335
932,4,10,150,23,0.22911082317411902
933,4,10,150,23,0.04326935701074781
934,4,10,150,23,0.1386360287267423
935,4,10,150,23,0.04173963774222741
936,4,10,150,23,0.1622600887903043
937,4,10,150,23,0.0
938,4,10,150,23,0.12813834211427338
939,4,10,150,23,0.0
940,4,10,150,23,0.04623856784631377
941,4,10,150,23,0.0
942,4,10,150,23,0.06114800386220419
943,4,10,150,23,0.2475067350441184
1,4,10,150,24,0.4058715898896693
2,4,10,150,24,0.0
3,4,10,150,24,0.0
4,4,10,150,24,0.0
5,4,10,150,24,0.040209635547393256
6,4,10,150,24,0.27020011346731576
7,4,10,150,24,0.29763261813900965
8,4,10,150,24,0.0
9,4,10,150,24,0.21840743681816419
10,4,10,150,24,0.03855371268423985
11,4,10,150,24,0.1420400396336573
12,4,10,150,24,0.0
13,4,10,150,24,0.25467639741041453
14,4,10,150,24,0.0
15,4,10,150,24,0.05010834716923557
16,4,10,150,24,0.0
17,4,10,150,24,0.0
18,4,10,150,24,0.23439861280252075
19,4,10,150,24,0.0
20,4,10,150,24,0.0
21,4,10,150,24,0.0
22,4,10,150,24,0.0664352832729762
23,4,10,150,24,0.19906649093208975
24,4,10,150,24,0.0
25,4,10,150,24,0.07414861528507455
26,4,10,150,24,0.0
27,4,10,150,24,0.0
28,4,10,150,24,0.0
29,4,10,150,24,0.0740318445087683
30,4,10,150,24,0.0
31,4,10,150,24,0.0
32,4,10,150,24,0.0
33,4,10,150,24,0.0
35,4,10,150,24,0.10523285614729473
36,4,10,150,24,0.0
37,4,10,150,24,0.0
38,4,10,150,24,0.04739418218477539
39,4,10,150,24,0.0
40,4,10,150,24,0.0
41,4,10,150,24,0.0
42,4,10,150,24,0.0683037314796457
43,4,10,150,24,0.22592974817952552
44,4,10,150,24,0.1694627944724332
45,4,10,150,24,0.0
46,4,10,150,24,0.11284514134893527
47,4,10,150,24,0.0
48,4,10,150,24,0.0
49,4,10,150,24,0.0
50,4,10,150,24,0.0
51,4,10,150,24,0.16812753627111746
52,4,10,150,24,0.0
54,4,10,150,24,0.0
56,4,10,150,24,0.20383503459815738
57,4,10,150,24,0.18686728486108495
58,4,10,150,24,0.23504554941448536
59,4,10,150,24,0.21930043238791336
60,4,10,150,24,0.06362078819895171
61,4,10,150,24,0.0
62,4,10,150,24,0.08314631791322982
63,4,10,150,24,0.0
64,4,10,150,24,0.04238468688770069
65,4,10,150,24,0.13012668333070054
66,4,10,150,24,0.0
67,4,10,150,24,0.0
68,4,10,150,24,0.4176344875447225
69,4,10,150,24,0.0
70,4,10,150,24,0.0
71,4,10,150,24,0.0
72,4,10,150,24,0.0
73,4,10,150,24,0.0
74,4,10,150,24,0.0
75,4,10,150,24,0.0
76,4,10,150,24,0.067856722420442
77,4,10,150,24,0.0
78,4,10,150,24,0.0
79,4,10,150,24,0.27487633291429087
80,4,10,150,24,0.0
81,4,10,150,24,0.0
82,4,10,150,24,0.19298623480417013
83,4,10,150,24,0.12089611529519323
84,4,10,150,24,0.0
85,4,10,150,24,0.0
87,4,10,150,24,0.0
89,4,10,150,24,0.16716045496620227
90,4,10,150,24,0.0
91,4,10,150,24,0.0
92,4,10,150,24,0.09836355940276224
93,4,10,150,24,0.0
94,4,10,150,24,0.05782493125200849
95,4,10,150,24,0.15502806220776957
96,4,10,150,24,0.0
97,4,10,150,24,0.0
98,4,10,150,24,0.0
99,4,10,150,24,0.0
100,4,10,150,24,0.0
101,4,10,150,24,0.0
102,4,10,150,24,0.0
103,4,10,150,24,0.0
104,4,10,150,24,0.0
105,4,10,150,24,0.0
106,4,10,150,24,0.0
107,4,10,150,24,0.0
108,4,10,150,24,0.0
109,4,10,150,24,0.07103066762111539
110,4,10,150,24,0.0
111,4,10,150,24,0.0
112,4,10,150,24,0.0
113,4,10,150,24,0.0
114,4,10,150,24,0.0
115,4,10,150,24,0.10684080426179023
116,4,10,150,24,0.0
117,4,10,150,24,0.14606834984270645
118,4,10,150,24,0.0
119,4,10,150,24,0.10331623627585464
120,4,10,150,24,0.0
121,4,10,150,24,0.2147325744928709
122,4,10,150,24,0.1530100230930498
123,4,10,150,24,0.0
125,4,10,150,24,0.0458402539699961
126,4,10,150,24,0.0
127,4,10,150,24,0.10253313861822189
128,4,10,150,24,0.03233829114831982
129,4,10,150,24,0.0
130,4,10,150,24,0.12627825946936164
131,4,10,150,24,0.0
133,4,10,150,24,0.11047239495909743
134,4,10,150,24,0.0
135,4,10,150,24,0.0
137,4,10,150,24,0.0
138,4,10,150,24,0.0
139,4,10,150,24,0.0
141,4,10,150,24,0.0
142,4,10,150,24,0.13373003436102654
143,4,10,150,24,0.0
144,4,10,150,24,0.1227945149537572
145,4,10,150,24,0.09533651234195209
146,4,10,150,24,0.0
148,4,10,150,24,0.0
149,4,10,150,24,0.0
150,4,10,150,24,0.10235170428306553
151,4,10,150,24,0.035510009908414325
152,4,10,150,24,0.0
153,4,10,150,24,0.0
154,4,10,150,24,0.0
155,4,10,150,24,0.0
156,4,10,150,24,0.0
158,4,10,150,24,0.11008935378765584
159,4,10,150,24,0.0
160,4,10,150,24,0.0
161,4,10,150,24,0.0
162,4,10,150,24,0.0
163,4,10,150,24,0.0
164,4,10,150,24,0.0
165,4,10,150,24,0.0
166,4,10,150,24,0.0
167,4,10,150,24,0.0
168,4,10,150,24,0.23504554941448536
169,4,10,150,24,0.0
170,4,10,150,24,0.0
171,4,10,150,24,0.0
172,4,10,150,24,0.0
173,4,10,150,24,0.0
174,4,10,150,24,0.060961917527339995
175,4,10,150,24,0.0
176,4,10,150,24,0.0
177,4,10,150,24,0.06912040963822193
178,4,10,150,24,0.19090790515324066
179,4,10,150,24,0.0
180,4,10,150,24,0.0
181,4,10,150,24,0.0
182,4,10,150,24,0.0
183,4,10,150,24,0.0
184,4,10,150,24,0.09303069037986347
185,4,10,150,24,0.07745351606183934
186,4,10,150,24,0.22147164648185297
187,4,10,150,24,0.0
188,4,10,150,24,0.054384419234677496
189,4,10,150,24,0.12980807103224343
190,4,10,150,24,0.10699313236726378
191,4,10,150,24,0.0
192,4,10,150,24,0.0
193,4,10,150,24,0.0
194,4,10,150,24,0.0
195,4,10,150,24,0.0
196,4,10,150,24,0.0
197,4,10,150,24,0.0
198,4,10,150,24,0.0
199,4,10,150,24,0.0
200,4,10,150,24,0.03719976603506465
201,4,10,150,24,0.048851099168414396
203,4,10,150,24,0.0
204,4,10,150,24,0.0
205,4,10,150,24,0.0
206,4,10,150,24,0.0
207,4,10,150,24,0.0
209,4,10,150,24,0.0
210,4,10,150,24,0.03436980580657827
211,4,10,150,24,0.0
212,4,10,150,24,0.12681701683239352
213,4,10,150,24,0.13955212171688613
214,4,10,150,24,0.056720838976548935
215,4,10,150,24,0.0
216,4,10,150,24,0.0
217,4,10,150,24,0.0
218,4,10,150,24,0.19092086617893467
219,4,10,150,24,0.0
221,4,10,150,24,0.2797643380184693
222,4,10,150,24,0.13413022995310328
223,4,10,150,24,0.0
224,4,10,150,24,0.0
225,4,10,150,24,0.0
226,4,10,150,24,0.0
227,4,10,150,24,0.0
228,4,10,150,24,0.0
229,4,10,150,24,0.0
230,4,10,150,24,0.13878248056476364
231,4,10,150,24,0.0
232,4,10,150,24,0.3234992853586256
233,4,10,150,24,0.05061430410615009
234,4,10,150,24,0.0
235,4,10,150,24,0.06065881345112158
236,4,10,150,24,0.0
237,4,10,150,24,0.0
238,4,10,150,24,0.0
239,4,10,150,24,0.060772229737720354
240,4,10,150,24,0.0
242,4,10,150,24,0.0
243,4,10,150,24,0.05446333035917803
244,4,10,150,24,0.0897700875992608
245,4,10,150,24,0.0
246,4,10,150,24,0.08041927109478651
247,4,10,150,24,0.0
248,4,10,150,24,0.07984133538066794
249,4,10,150,24,0.09207927957633494
250,4,10,150,24,0.2529427027676571
251,4,10,150,24,0.0
252,4,10,150,24,0.0
253,4,10,150,24,0.05954496680255472
254,4,10,150,24,0.0
255,4,10,150,24,0.0
256,4,10,150,24,0.1412126830355814
257,4,10,150,24,0.3305900772260718
258,4,10,150,24,0.0
259,4,10,150,24,0.0
260,4,10,150,24,0.0
261,4,10,150,24,0.0
262,4,10,150,24,0.0
263,4,10,150,24,0.0975109251896312
264,4,10,150,24,0.0
265,4,10,150,24,0.10209739512291163
267,4,10,150,24,0.09794101962538232
268,4,10,150,24,0.048851099168414396
269,4,10,150,24,0.09964173287591703
270,4,10,150,24,0.0
271,4,10,150,24,0.14202767111468134
272,4,10,150,24,0.09109240322345806
273,4,10,150,24,0.0
274,4,10,150,24,0.0
275,4,10,150,24,0.0
276,4,10,150,24,0.22303418595097468
277,4,10,150,24,0.0
279,4,10,150,24,0.09094385232486826
280,4,10,150,24,0.0
281,4,10,150,24,0.0
283,4,10,150,24,0.0
284,4,10,150,24,0.0
285,4,10,150,24,0.06258116307550304
286,4,10,150,24,0.21263592428812766
287,4,10,150,24,0.0
288,4,10,150,24,0.0
289,4,10,150,24,0.13905617951077562
290,4,10,150,24,0.0
291,4,10,150,24,0.21080869635407162
292,4,10,150,24,0.0
293,4,10,150,24,0.07967271112843692
294,4,10,150,24,0.04123398036294628
295,4,10,150,24,0.2016669681570433
296,4,10,150,24,0.47774763069170006
297,4,10,150,24,0.049712302565054066
298,4,10,150,24,0.17110977534502889
299,4,10,150,24,0.0
300,4,10,150,24,0.0
301,4,10,150,24,0.047934103497110726
303,4,10,150,24,0.11852062844458452
304,4,10,150,24,0.0
305,4,10,150,24,0.2569115020972362
306,4,10,150,24,0.0
307,4,10,150,24,0.1383141340724969
308,4,10,150,24,0.15183332986628853
309,4,10,150,24,0.0
310,4,10,150,24,0.0
311,4,10,150,24,0.04209275315645388
312,4,10,150,24,0.07579200366109638
313,4,10,150,24,0.09189442695154341
314,4,10,150,24,0.1642918033698787
315,4,10,150,24,0.0
316,4,10,150,24,0.04568304891751105
317,4,10,150,24,0.0
318,4,10,150,24,0.05633425377856011
319,4,10,150,24,0.0
320,4,10,150,24,0.0
321,4,10,150,24,0.062242588308449316
322,4,10,150,24,0.17342765698823945
323,4,10,150,24,0.14126697285982898
324,4,10,150,24,0.0
325,4,10,150,24,0.0
326,4,10,150,24,0.036356287988538835
327,4,10,150,24,0.0
328,4,10,150,24,0.09342223061195895
329,4,10,150,24,0.0
330,4,10,150,24,0.0536466452928127
331,4,10,150,24,0.16958010263680806
332,4,10,150,24,0.0
333,4,10,150,24,0.0
334,4,10,150,24,0.09383232276689267
336,4,10,150,24,0.0
337,4,10,150,24,0.16716045496620227
338,4,10,150,24,0.0
339,4,10,150,24,0.06608282041002614
340,4,10,150,24,0.0
341,4,10,150,24,0.0
342,4,10,150,24,0.19791922947023236
343,4,10,150,24,0.17934679000010195
344,4,10,150,24,0.2076030287632974
345,4,10,150,24,0.030894044636925338
346,4,10,150,24,0.13947804593499064
347,4,10,150,24,0.0
348,4,10,150,24,0.0
349,4,10,150,24,0.0
350,4,10,150,24,0.0
351,4,10,150,24,0.0
352,4,10,150,24,0.0
353,4,10,150,24,0.0
354,4,10,150,24,0.05666547200436682
355,4,10,150,24,0.0
356,4,10,150,24,0.08406376813555873
357,4,10,150,24,0.0
358,4,10,150,24,0.20438239758848611
359,4,10,150,24,0.0
360,4,10,150,24,0.0
361,4,10,150,24,0.09622728274290568
362,4,10,150,24,0.0
363,4,10,150,24,0.194669615272377
364,4,10,150,24,0.0
365,4,10,150,24,0.0
366,4,10,150,24,0.0
367,4,10,150,24,0.0
368,4,10,150,24,0.0
369,4,10,150,24,0.0
370,4,10,150,24,0.09092803061897883
371,4,10,150,24,0.09460634670666435
372,4,10,150,24,0.0
373,4,10,150,24,0.035769798946978335
374,4,10,150,24,0.0654888600051331
375,4,10,150,24,0.0
376,4,10,150,24,0.0
377,4,10,150,24,0.0
378,4,10,150,24,0.2225843153389764
379,4,10,150,24,0.08545082712185313
380,4,10,150,24,0.0
381,4,10,150,24,0.0
382,4,10,150,24,0.0
383,4,10,150,24,0.0
384,4,10,150,24,0.0
385,4,10,150,24,0.0
386,4,10,150,24,0.0
387,4,10,150,24,0.11227335351670671
388,4,10,150,24,0.0
389,4,10,150,24,0.13080778015489153
390,4,10,150,24,0.0
391,4,10,150,24,0.2137247802747043
392,4,10,150,24,0.0
393,4,10,150,24,0.0
394,4,10,150,24,0.0834477484387131
395,4,10,150,24,0.0
396,4,10,150,24,0.0
397,4,10,150,24,0.22320497122386787
398,4,10,150,24,0.1418968660083944
399,4,10,150,24,0.0
400,4,10,150,24,0.0
401,4,10,150,24,0.0
402,4,10,150,24,0.08963222225173058
403,4,10,150,24,0.0
404,4,10,150,24,0.0
405,4,10,150,24,0.07967271112843692
406,4,10,150,24,0.2232932211355375
407,4,10,150,24,0.04498122359847828
408,4,10,150,24,0.0
409,4,10,150,24,0.10077980394332883
410,4,10,150,24,0.0
411,4,10,150,24,0.0
412,4,10,150,24,0.0
413,4,10,150,24,0.0
414,4,10,150,24,0.0
415,4,10,150,24,0.0
416,4,10,150,24,0.2097035916281512
417,4,10,150,24,0.12993132771015986
418,4,10,150,24,0.0
419,4,10,150,24,0.1208113026994942
420,4,10,150,24,0.0
421,4,10,150,24,0.05954496680255472
422,4,10,150,24,0.04320473659574256
423,4,10,150,24,0.053845569940583225
424,4,10,150,24,0.23504554941448536
425,4,10,150,24,0.18941738920404247
426,4,10,150,24,0.0
427,4,10,150,24,0.0
428,4,10,150,24,0.0
429,4,10,150,24,0.245787326162017
430,4,10,150,24,0.0
431,4,10,150,24,0.0
432,4,10,150,24,0.0
433,4,10,150,24,0.0
434,4,10,150,24,0.15130120674940672
435,4,10,150,24,0.20138282488607098
436,4,10,150,24,0.0
437,4,10,150,24,0.09219063734777858
438,4,10,150,24,0.0
439,4,10,150,24,0.0
440,4,10,150,24,0.0
441,4,10,150,24,0.0
442,4,10,150,24,0.040949887133979804
443,4,10,150,24,0.0
444,4,10,150,24,0.06689472067330288
445,4,10,150,24,0.0
446,4,10,150,24,0.0
447,4,10,150,24,0.17512935863777604
448,4,10,150,24,0.0
449,4,10,150,24,0.1511226181481109
450,4,10,150,24,0.32127293741843993
451,4,10,150,24,0.0
452,4,10,150,24,0.1093848830746823
453,4,10,150,24,0.0
454,4,10,150,24,0.0
455,4,10,150,24,0.07967271112843692
456,4,10,150,24,0.0
457,4,10,150,24,0.3061888001972723
458,4,10,150,24,0.029218038036945334
459,4,10,150,24,0.0
460,4,10,150,24,0.05184030722866645
461,4,10,150,24,0.0
462,4,10,150,24,0.0
463,4,10,150,24,0.12627825946936164
464,4,10,150,24,0.0
465,4,10,150,24,0.0
466,4,10,150,24,0.0
467,4,10,150,24,0.0
468,4,10,150,24,0.06221501369666819
469,4,10,150,24,0.0
470,4,10,150,24,0.0
471,4,10,150,24,0.0
472,4,10,150,24,0.033166926134933924
473,4,10,150,24,0.0
474,4,10,150,24,0.192807304313351
475,4,10,150,24,0.0
476,4,10,150,24,0.0
477,4,10,150,24,0.0
478,4,10,150,24,0.2345109835167376
479,4,10,150,24,0.0993312907576933
480,4,10,150,24,0.0
481,4,10,150,24,0.03855307727568851
482,4,10,150,24,0.0
483,4,10,150,24,0.0
484,4,10,150,24,0.18591568282327006
485,4,10,150,24,0.0
486,4,10,150,24,0.0
487,4,10,150,24,0.09928540043994068
488,4,10,150,24,0.0
489,4,10,150,24,0.0
490,4,10,150,24,0.0
491,4,10,150,24,0.06362078819895171
492,4,10,150,24,0.0
493,4,10,150,24,0.029108658262576942
494,4,10,150,24,0.0
495,4,10,150,24,0.027915669265958894
496,4,10,150,24,0.027915669265958894
497,4,10,150,24,0.08010629705697091
498,4,10,150,24,0.0
499,4,10,150,24,0.0
500,4,10,150,24,0.13586891288747802
501,4,10,150,24,0.0
502,4,10,150,24,0.0
503,4,10,150,24,0.0
504,4,10,150,24,0.09219063734777858
505,4,10,150,24,0.07967271112843692
506,4,10,150,24,0.06905439360116379
507,4,10,150,24,0.0
508,4,10,150,24,0.0
509,4,10,150,24,0.0
510,4,10,150,24,0.0
511,4,10,150,24,0.0
512,4,10,150,24,0.0
513,4,10,150,24,0.0
514,4,10,150,24,0.32880426132102114
515,4,10,150,24,0.11706259313796354
516,4,10,150,24,0.0
517,4,10,150,24,0.0
518,4,10,150,24,0.0
519,4,10,150,24,0.0
520,4,10,150,24,0.0
521,4,10,150,24,0.10115267363519787
522,4,10,150,24,0.0
523,4,10,150,24,0.0
524,4,10,150,24,0.2227276783815344
525,4,10,150,24,0.0
526,4,10,150,24,0.04972780777662495
527,4,10,150,24,0.14412322987616816
528,4,10,150,24,0.10209739512291163
529,4,10,150,24,0.0
530,4,10,150,24,0.0
531,4,10,150,24,0.0
532,4,10,150,24,0.30892645589669787
533,4,10,150,24,0.15364211617413212
534,4,10,150,24,0.047934103497110726
535,4,10,150,24,0.12734826624384854
536,4,10,150,24,0.07967271112843692
537,4,10,150,24,0.30360320231343435
538,4,10,150,24,0.14697776980950736
539,4,10,150,24,0.0
540,4,10,150,24,0.0
541,4,10,150,24,0.0
542,4,10,150,24,0.049033875503285806
543,4,10,150,24,0.0
544,4,10,150,24,0.0
545,4,10,150,24,0.028749802738407926
546,4,10,150,24,0.05758752804519195
547,4,10,150,24,0.0
548,4,10,150,24,0.12197808644834669
549,4,10,150,24,0.0
550,4,10,150,24,0.0
551,4,10,150,24,0.0562327890849078
552,4,10,150,24,0.1205344274731702
553,4,10,150,24,0.04743759234968417
554,4,10,150,24,0.12627825946936164
555,4,10,150,24,0.0
556,4,10,150,24,0.0
557,4,10,150,24,0.0
558,4,10,150,24,0.0
559,4,10,150,24,0.04366879852493834
560,4,10,150,24,0.06536545161870184
561,4,10,150,24,0.04209275315645388
562,4,10,150,24,0.0
563,4,10,150,24,0.0
564,4,10,150,24,0.0
565,4,10,150,24,0.0
566,4,10,150,24,0.04498122359847828
567,4,10,150,24,0.12527572959992408
568,4,10,150,24,0.036155150901276155
569,4,10,150,24,0.18299769260789403
570,4,10,150,24,0.0
571,4,10,150,24,0.0
572,4,10,150,24,0.16812753627111746
573,4,10,150,24,0.0
574,4,10,150,24,0.051811563545175146
575,4,10,150,24,0.0
576,4,10,150,24,0.0
577,4,10,150,24,0.24826474480437907
578,4,10,150,24,0.0
579,4,10,150,24,0.0
580,4,10,150,24,0.09004726125505678
581,4,10,150,24,0.0
582,4,10,150,24,0.0
583,4,10,150,24,0.0
584,4,10,150,24,0.06323567569191428
585,4,10,150,24,0.04173963774222741
586,4,10,150,24,0.07967271112843692
587,4,10,150,24,0.0
588,4,10,150,24,0.15419392873532053
589,4,10,150,24,0.0
590,4,10,150,24,0.053845569940583225
591,4,10,150,24,0.0
592,4,10,150,24,0.4193841439310994
593,4,10,150,24,0.030283100877278122
594,4,10,150,24,0.0
595,4,10,150,24,0.04209275315645388
596,4,10,150,24,0.0
597,4,10,150,24,0.27101620591530523
598,4,10,150,24,0.0
599,4,10,150,24,0.0
600,4,10,150,24,0.0
601,4,10,150,24,0.0
602,4,10,150,24,0.0
603,4,10,150,24,0.0
604,4,10,150,24,0.0
605,4,10,150,24,0.23939908411991156
606,4,10,150,24,0.21728946353647668
607,4,10,150,24,0.0
608,4,10,150,24,0.0
609,4,10,150,24,0.0
610,4,10,150,24,0.1669877967662679
611,4,10,150,24,0.0
612,4,10,150,24,0.0
613,4,10,150,24,0.0
614,4,10,150,24,0.0
615,4,10,150,24,0.027541830374730368
616,4,10,150,24,0.0
617,4,10,150,24,0.0
618,4,10,150,24,0.19638096753623283
619,4,10,150,24,0.03620451724718618
620,4,10,150,24,0.030894044636925338
621,4,10,150,24,0.08020565326655969
622,4,10,150,24,0.2533781508319991
623,4,10,150,24,0.0
624,4,10,150,24,0.0
625,4,10,150,24,0.0
626,4,10,150,24,0.0
627,4,10,150,24,0.08595465101510395
628,4,10,150,24,0.0
629,4,10,150,24,0.03983635556421846
630,4,10,150,24,0.18776230542324449
631,4,10,150,24,0.0
632,4,10,150,24,0.14012787886390937
633,4,10,150,24,0.07414861528507455
634,4,10,150,24,0.028317119818948914
635,4,10,150,24,0.0
636,4,10,150,24,0.0
637,4,10,150,24,0.0
638,4,10,150,24,0.09712868482236708
639,4,10,150,24,0.0
640,4,10,150,24,0.036502603141236205
641,4,10,150,24,0.07675099783970546
642,4,10,150,24,0.09766128681622696
643,4,10,150,24,0.17909512071604827
644,4,10,150,24,0.04935421935348238
645,4,10,150,24,0.20785580359908468
646,4,10,150,24,0.0
647,4,10,150,24,0.0
648,4,10,150,24,0.10523188289113469
649,4,10,150,24,0.11004588314904008
650,4,10,150,24,0.08851028993105803
651,4,10,150,24,0.0
652,4,10,150,24,0.0
653,4,10,150,24,0.20801792783751652
654,4,10,150,24,0.25929103056577163
655,4,10,150,24,0.028749802738407926
656,4,10,150,24,0.07397229644086958
657,4,10,150,24,0.0
658,4,10,150,24,0.22745389188843176
659,4,10,150,24,0.10024367808830127
660,4,10,150,24,0.0
661,4,10,150,24,0.06569476865063492
662,4,10,150,24,0.0512644431393966
663,4,10,150,24,0.30325127406075303
664,4,10,150,24,0.386348365909751
665,4,10,150,24,0.0
666,4,10,150,24,0.3655797101954392
667,4,10,150,24,0.1593472521587426
668,4,10,150,24,0.06194403202282284
669,4,10,150,24,0.04498122359847828
670,4,10,150,24,0.0
671,4,10,150,24,0.16578038330482397
672,4,10,150,24,0.0
673,4,10,150,24,0.0
674,4,10,150,24,0.0316088333445714
675,4,10,150,24,0.0
676,4,10,150,24,0.11582866341850039
677,4,10,150,24,0.03314040476303028
678,4,10,150,24,0.0
679,4,10,150,24,0.1266596892460251
680,4,10,150,24,0.0
681,4,10,150,24,0.0
682,4,10,150,24,0.22924326088147293
683,4,10,150,24,0.0
684,4,10,150,24,0.07604364224229616
685,4,10,150,24,0.0
686,4,10,150,24,0.07277260183012466
687,4,10,150,24,0.0
688,4,10,150,24,0.0
689,4,10,150,24,0.15001451003751623
690,4,10,150,24,0.11270333079522173
691,4,10,150,24,0.05446824630887794
692,4,10,150,24,0.05833725389333616
693,4,10,150,24,0.0
694,4,10,150,24,0.16457239672064058
695,4,10,150,24,0.0
696,4,10,150,24,0.0
697,4,10,150,24,0.028317119818948914
698,4,10,150,24,0.0654888600051331
699,4,10,150,24,0.07967271112843692
700,4,10,150,24,0.12729890218214104
701,4,10,150,24,0.0
702,4,10,150,24,0.037715680681715956
703,4,10,150,24,0.09261220774116596
704,4,10,150,24,0.1212269532021464
705,4,10,150,24,0.11955409640879727
706,4,10,150,24,0.04395738023645723
707,4,10,150,24,0.03232193387019919
708,4,10,150,24,0.036502603141236205
709,4,10,150,24,0.20426801601536443
710,4,10,150,24,0.12100938860283204
711,4,10,150,24,0.18100588599775458
712,4,10,150,24,0.11836351526821008
713,4,10,150,24,0.03837549891985273
714,4,10,150,24,0.0
715,4,10,150,24,0.0
716,4,10,150,24,0.18443987386443797
717,4,10,150,24,0.030283100877278122
718,4,10,150,24,0.0
719,4,10,150,24,0.0723514680762565
720,4,10,150,24,0.0
721,4,10,150,24,0.18110330581247247
722,4,10,150,24,0.06556429791586475
723,4,10,150,24,0.0
724,4,10,150,24,0.0
725,4,10,150,24,0.0
726,4,10,150,24,0.05010834716923557
727,4,10,150,24,0.1950714169104032
728,4,10,150,24,0.09627818061559096
729,4,10,150,24,0.0
730,4,10,150,24,0.0
731,4,10,150,24,0.08707397675493216
732,4,10,150,24,0.0
733,4,10,150,24,0.13483849345650903
734,4,10,150,24,0.0
735,4,10,150,24,0.0
736,4,10,150,24,0.0
737,4,10,150,24,0.04395738023645723
738,4,10,150,24,0.2151765716865284
739,4,10,150,24,0.03855307727568851
740,4,10,150,24,0.0
741,4,10,150,24,0.05438508614776353
742,4,10,150,24,0.0
743,4,10,150,24,0.0
744,4,10,150,24,0.0
745,4,10,150,24,0.03520132288421838
746,4,10,150,24,0.23491487959421534
747,4,10,150,24,0.5286325806461367
748,4,10,150,24,0.13248876318605676
749,4,10,150,24,0.19652337761254926
750,4,10,150,24,0.041278922835426404
751,4,10,150,24,0.06882453701143539
752,4,10,150,24,0.0
753,4,10,150,24,0.1351823740212676
754,4,10,150,24,0.0
755,4,10,150,24,0.03855371268423985
756,4,10,150,24,0.04209275315645388
757,4,10,150,24,0.0
758,4,10,150,24,0.23239821685601922
759,4,10,150,24,0.049710505523782283
760,4,10,150,24,0.0
761,4,10,150,24,0.0
762,4,10,150,24,0.051960280791503534
763,4,10,150,24,0.04498122359847828
764,4,10,150,24,0.1417216728421489
765,4,10,150,24,0.10122860821230018
766,4,10,150,24,0.04498122359847828
767,4,10,150,24,0.06994410797740244
768,4,10,150,24,0.03058665768901593
769,4,10,150,24,0.0
770,4,10,150,24,0.16311696293529396
771,4,10,150,24,0.193509841406824
772,4,10,150,24,0.0
773,4,10,150,24,0.148024766875139
774,4,10,150,24,0.0
775,4,10,150,24,0.0
776,4,10,150,24,0.06276626004281179
777,4,10,150,24,0.0
778,4,10,150,24,0.09836355940276224
779,4,10,150,24,0.0
780,4,10,150,24,0.030023253564245667
781,4,10,150,24,0.0366967190946864
782,4,10,150,24,0.08297630295170891
783,4,10,150,24,0.0
784,4,10,150,24,0.0
785,4,10,150,24,0.0
786,4,10,150,24,0.0
787,4,10,150,24,0.0
788,4,10,150,24,0.34287768404721125
789,4,10,150,24,0.08809718769055445
790,4,10,150,24,0.0
791,4,10,150,24,0.04465281017341861
792,4,10,150,24,0.06658592494149675
793,4,10,150,24,0.0
794,4,10,150,24,0.0
795,4,10,150,24,0.0
796,4,10,150,24,0.4085059616133933
797,4,10,150,24,0.0
798,4,10,150,24,0.07967271112843692
799,4,10,150,24,0.0
800,4,10,150,24,0.0
801,4,10,150,24,0.0
802,4,10,150,24,0.06313912973468082
803,4,10,150,24,0.0
804,4,10,150,24,0.2091807582430194
805,4,10,150,24,0.18193252054301698
806,4,10,150,24,0.35871971600336566
807,4,10,150,24,0.06035946920881569
808,4,10,150,24,0.0
809,4,10,150,24,0.0
810,4,10,150,24,0.0
811,4,10,150,24,0.0
812,4,10,150,24,0.0
813,4,10,150,24,0.0
814,4,10,150,24,0.0
815,4,10,150,24,0.1276373700515234
816,4,10,150,24,0.0
817,4,10,150,24,0.0
818,4,10,150,24,0.05516788910004661
819,4,10,150,24,0.037210602758860095
820,4,10,150,24,0.0
821,4,10,150,24,0.2275821770816898
822,4,10,150,24,0.0
823,4,10,150,24,0.23009122718269698
824,4,10,150,24,0.05046096657376444
825,4,10,150,24,0.048851099168414396
826,4,10,150,24,0.12627825946936164
827,4,10,150,24,0.0
828,4,10,150,24,0.03983635556421846
829,4,10,150,24,0.15110239493068348
830,4,10,150,24,0.1525034697942917
831,4,10,150,24,0.2528371122894852
832,4,10,150,24,0.0
833,4,10,150,24,0.19032647793289376
834,4,10,150,24,0.24251121723036934
835,4,10,150,24,0.028749802738407926
836,4,10,150,24,0.08063125834567192
837,4,10,150,24,0.0
838,4,10,150,24,0.2674562931349397
839,4,10,150,24,0.03983635556421846
840,4,10,150,24,0.3869141994585088
841,4,10,150,24,0.0
842,4,10,150,24,0.0
843,4,10,150,24,0.0
844,4,10,150,24,0.029218038036945334
845,4,10,150,24,0.0
846,4,10,150,24,0.35328737720412956
847,4,10,150,24,0.08192910872067234
848,4,10,150,24,0.0
849,4,10,150,24,0.0
850,4,10,150,24,0.193708328328079
851,4,10,150,24,0.06676334663892496
852,4,10,150,24,0.20911717738808477
853,4,10,150,24,0.0
854,4,10,150,24,0.0
855,4,10,150,24,0.0
856,4,10,150,24,0.0
857,4,10,150,24,0.0
858,4,10,150,24,0.0
859,4,10,150,24,0.0
860,4,10,150,24,0.0
861,4,10,150,24,0.03709674194804795
862,4,10,150,24,0.036502603141236205
863,4,10,150,24,0.0
864,4,10,150,24,0.47131811821238906
865,4,10,150,24,0.035224429668081425
866,4,10,150,24,0.0
867,4,10,150,24,0.11885952159082716
868,4,10,150,24,0.34270722302751044
869,4,10,150,24,0.03406297225598251
870,4,10,150,24,0.3935783016849471
871,4,10,150,24,0.07621795693974838
872,4,10,150,24,0.030283100877278122
873,4,10,150,24,0.0
874,4,10,150,24,0.13944914190808633
875,4,10,150,24,0.11920480910794866
876,4,10,150,24,0.08671382849411972
877,4,10,150,24,0.06958310876785745
878,4,10,150,24,0.2967162293348951
879,4,10,150,24,0.0
880,4,10,150,24,0.5129272154290946
881,4,10,150,24,0.10711200157667372
882,4,10,150,24,0.21591312614548683
883,4,10,150,24,0.4389765553408306
884,4,10,150,24,0.09113547509404434
885,4,10,150,24,0.06774057174402985
886,4,10,150,24,0.23877350017886187
887,4,10,150,24,0.08230075541372242
888,4,10,150,24,0.06943122193677727
889,4,10,150,24,0.0
890,4,10,150,24,0.027541830374730368
891,4,10,150,24,0.03339755935325358
892,4,10,150,24,0.2682865307124143
893,4,10,150,24,0.08851028993105803
894,4,10,150,24,0.1578208608618491
895,4,10,150,24,0.0
896,4,10,150,24,0.49974074483813086
897,4,10,150,24,0.3744973691441618
898,4,10,150,24,0.0
899,4,10,150,24,0.10732792975033514
900,4,10,150,24,0.03232193387019919
901,4,10,150,24,0.24398063305322196
902,4,10,150,24,0.0316088333445714
903,4,10,150,24,0.20099289343236987
904,4,10,150,24,0.0
905,4,10,150,24,0.0
906,4,10,150,24,0.04258528250242427
907,4,10,150,24,0.048851099168414396
908,4,10,150,24,0.08148382673971448
909,4,10,150,24,0.0
910,4,10,150,24,0.0
911,4,10,150,24,0.09331101737888853
912,4,10,150,24,0.10689524683087613
913,4,10,150,24,0.027192543073881765
914,4,10,150,24,0.0
915,4,10,150,24,0.0
916,4,10,150,24,0.45916847903619956
917,4,10,150,24,0.0
918,4,10,150,24,0.06313912973468082
919,4,10,150,24,0.14355979377043562
920,4,10,150,24,0.0
921,4,10,150,24,0.13153048553769617
922,4,10,150,24,0.20286279253702974
923,4,10,150,24,0.0
924,4,10,150,24,0.0
925,4,10,150,24,0.0
926,4,10,150,24,0.0
927,4,10,150,24,0.057642697109471716
928,4,10,150,24,0.1482972305701491
929,4,10,150,24,0.25163227912988373
930,4,10,150,24,0.0
931,4,10,150,24,0.061687570642613335
932,4,10,150,24,0.25007326032014604
933,4,10,150,24,0.04209275315645388
934,4,10,150,24,0.13486616254399844
935,4,10,150,24,0.04173963774222741
936,4,10,150,24,0.1850403674105838
937,4,10,150,24,0.0
938,4,10,150,24,0.12465393472691519
939,4,10,150,24,0.0
940,4,10,150,24,0.07217376667236004
941,4,10,150,24,0.0
942,4,10,150,24,0.05948523413329931
943,4,10,150,24,0.24077639749035537
1,4,10,150,25,0.4058715898896693
2,4,10,150,25,0.0
3,4,10,150,25,0.0
4,4,10,150,25,0.0
5,4,10,150,25,0.040209635547393256
6,4,10,150,25,0.27020011346731576
7,4,10,150,25,0.28984585099117843
8,4,10,150,25,0.0
9,4,10,150,25,0.21840743681816419
10,4,10,150,25,0.03855371268423985
11,4,10,150,25,0.1722584975122812
12,4,10,150,25,0.0
13,4,10,150,25,0.2741758104096886
14,4,10,150,25,0.0
15,4,10,150,25,0.05010834716923557
16,4,10,150,25,0.0
17,4,10,150,25,0.0
18,4,10,150,25,0.22826619549866392
19,4,10,150,25,0.0
20,4,10,150,25,0.0
21,4,10,150,25,0.0
22,4,10,150,25,0.0664352832729762
23,4,10,150,25,0.19906649093208975
24,4,10,150,25,0.0
25,4,10,150,25,0.07414861528507455
26,4,10,150,25,0.0
27,4,10,150,25,0.0
28,4,10,150,25,0.0
29,4,10,150,25,0.0740318445087683
30,4,10,150,25,0.0
31,4,10,150,25,0.0
32,4,10,150,25,0.0
33,4,10,150,25,0.0
35,4,10,150,25,0.10523285614729473
36,4,10,150,25,0.0
37,4,10,150,25,0.0
38,4,10,150,25,0.04739418218477539
39,4,10,150,25,0.0
40,4,10,150,25,0.0
41,4,10,150,25,0.0
42,4,10,150,25,0.0683037314796457
43,4,10,150,25,0.22592974817952552
44,4,10,150,25,0.1694627944724332
45,4,10,150,25,0.0
46,4,10,150,25,0.11284514134893527
47,4,10,150,25,0.0
48,4,10,150,25,0.0
49,4,10,150,25,0.0
50,4,10,150,25,0.0
51,4,10,150,25,0.16812753627111746
52,4,10,150,25,0.0
54,4,10,150,25,0.0
56,4,10,150,25,0.20383503459815738
57,4,10,150,25,0.18686728486108495
58,4,10,150,25,0.23504554941448536
59,4,10,150,25,0.21356301888431065
60,4,10,150,25,0.06362078819895171
61,4,10,150,25,0.0
62,4,10,150,25,0.08314631791322982
63,4,10,150,25,0.0
64,4,10,150,25,0.04238468688770069
65,4,10,150,25,0.13012668333070054
66,4,10,150,25,0.0
67,4,10,150,25,0.0
68,4,10,150,25,0.4176344875447225
69,4,10,150,25,0.0
70,4,10,150,25,0.0
71,4,10,150,25,0.0
72,4,10,150,25,0.0
73,4,10,150,25,0.0
74,4,10,150,25,0.0
75,4,10,150,25,0.0
76,4,10,150,25,0.067856722420442
77,4,10,150,25,0.05381256178894041
78,4,10,150,25,0.0
79,4,10,150,25,0.27487633291429087
80,4,10,150,25,0.0
81,4,10,150,25,0.0
82,4,10,150,25,0.19298623480417013
83,4,10,150,25,0.12089611529519323
84,4,10,150,25,0.0
85,4,10,150,25,0.0
87,4,10,150,25,0.0
89,4,10,150,25,0.16716045496620227
90,4,10,150,25,0.0
91,4,10,150,25,0.0
92,4,10,150,25,0.09579013805637124
93,4,10,150,25,0.0
94,4,10,150,25,0.056312095468705865
95,4,10,150,25,0.15097216460709872
96,4,10,150,25,0.0
97,4,10,150,25,0.0
98,4,10,150,25,0.0
99,4,10,150,25,0.0
100,4,10,150,25,0.0
101,4,10,150,25,0.0
102,4,10,150,25,0.0
103,4,10,150,25,0.0
104,4,10,150,25,0.0
105,4,10,150,25,0.0
106,4,10,150,25,0.0
107,4,10,150,25,0.0
108,4,10,150,25,0.0
109,4,10,150,25,0.07103066762111539
110,4,10,150,25,0.0
111,4,10,150,25,0.0
112,4,10,150,25,0.0
113,4,10,150,25,0.0
114,4,10,150,25,0.0
115,4,10,150,25,0.10684080426179023
116,4,10,150,25,0.0
117,4,10,150,25,0.14606834984270645
118,4,10,150,25,0.0
119,4,10,150,25,0.10331623627585464
120,4,10,150,25,0.0
121,4,10,150,25,0.2147325744928709
122,4,10,150,25,0.1530100230930498
123,4,10,150,25,0.0
125,4,10,150,25,0.0458402539699961
126,4,10,150,25,0.0
127,4,10,150,25,0.10253313861822189
128,4,10,150,25,0.03233829114831982
129,4,10,150,25,0.0
130,4,10,150,25,0.12297452411780795
131,4,10,150,25,0.0
133,4,10,150,25,0.11047239495909743
134,4,10,150,25,0.0
135,4,10,150,25,0.0
137,4,10,150,25,0.0
138,4,10,150,25,0.0
139,4,10,150,25,0.0
141,4,10,150,25,0.0
142,4,10,150,25,0.13373003436102654
143,4,10,150,25,0.0
144,4,10,150,25,0.1227945149537572
145,4,10,150,25,0.09284228564416994
146,4,10,150,25,0.0
148,4,10,150,25,0.0
149,4,10,150,25,0.0
150,4,10,150,25,0.10235170428306553
151,4,10,150,25,0.035510009908414325
152,4,10,150,25,0.0
153,4,10,150,25,0.0
154,4,10,150,25,0.0
155,4,10,150,25,0.0
156,4,10,150,25,0.0
158,4,10,150,25,0.11008935378765584
159,4,10,150,25,0.0
160,4,10,150,25,0.0
161,4,10,150,25,0.0
162,4,10,150,25,0.0
163,4,10,150,25,0.0
164,4,10,150,25,0.0
165,4,10,150,25,0.0
166,4,10,150,25,0.0
167,4,10,150,25,0.0
168,4,10,150,25,0.23504554941448536
169,4,10,150,25,0.0
170,4,10,150,25,0.0
171,4,10,150,25,0.0
172,4,10,150,25,0.0
173,4,10,150,25,0.0
174,4,10,150,25,0.060961917527339995
175,4,10,150,25,0.0
176,4,10,150,25,0.0
177,4,10,150,25,0.06912040963822193
178,4,10,150,25,0.19090790515324066
179,4,10,150,25,0.0
180,4,10,150,25,0.0
181,4,10,150,25,0.0
182,4,10,150,25,0.0
183,4,10,150,25,0.0
184,4,10,150,25,0.09303069037986347
185,4,10,150,25,0.07745351606183934
186,4,10,150,25,0.22147164648185297
187,4,10,150,25,0.0
188,4,10,150,25,0.054384419234677496
189,4,10,150,25,0.15742422586372787
190,4,10,150,25,0.10699313236726378
191,4,10,150,25,0.0
192,4,10,150,25,0.0
193,4,10,150,25,0.0
194,4,10,150,25,0.0
195,4,10,150,25,0.0
196,4,10,150,25,0.0
197,4,10,150,25,0.0
198,4,10,150,25,0.0
199,4,10,150,25,0.0
200,4,10,150,25,0.03719976603506465
201,4,10,150,25,0.04757303987330585
203,4,10,150,25,0.0
204,4,10,150,25,0.0
205,4,10,150,25,0.0
206,4,10,150,25,0.0
207,4,10,150,25,0.0
209,4,10,150,25,0.0
210,4,10,150,25,0.03436980580657827
211,4,10,150,25,0.0
212,4,10,150,25,0.12681701683239352
213,4,10,150,25,0.19336468350582656
214,4,10,150,25,0.056720838976548935
215,4,10,150,25,0.0
216,4,10,150,25,0.0
217,4,10,150,25,0.0
218,4,10,150,25,0.19092086617893467
219,4,10,150,25,0.0
221,4,10,150,25,0.2797643380184693
222,4,10,150,25,0.13062106864322942
223,4,10,150,25,0.0
224,4,10,150,25,0.0
225,4,10,150,25,0.0
226,4,10,150,25,0.0
227,4,10,150,25,0.0
228,4,10,150,25,0.0
229,4,10,150,25,0.0
230,4,10,150,25,0.13878248056476364
231,4,10,150,25,0.0
232,4,10,150,25,0.3234992853586256
233,4,10,150,25,0.05061430410615009
234,4,10,150,25,0.0
235,4,10,150,25,0.06065881345112158
236,4,10,150,25,0.0
237,4,10,150,25,0.0
238,4,10,150,25,0.0
239,4,10,150,25,0.060772229737720354
240,4,10,150,25,0.0
242,4,10,150,25,0.0
243,4,10,150,25,0.05446333035917803
244,4,10,150,25,0.0897700875992608
245,4,10,150,25,0.0
246,4,10,150,25,0.08041927109478651
247,4,10,150,25,0.0
248,4,10,150,25,0.07984133538066794
249,4,10,150,25,0.09207927957633494
250,4,10,150,25,0.2529427027676571
251,4,10,150,25,0.0
252,4,10,150,25,0.0
253,4,10,150,25,0.05954496680255472
254,4,10,150,25,0.0
255,4,10,150,25,0.0
256,4,10,150,25,0.1412126830355814
257,4,10,150,25,0.3305900772260718
258,4,10,150,25,0.0
259,4,10,150,25,0.0
260,4,10,150,25,0.0
261,4,10,150,25,0.0
262,4,10,150,25,0.0
263,4,10,150,25,0.0975109251896312
264,4,10,150,25,0.0
265,4,10,150,25,0.10209739512291163
267,4,10,150,25,0.09794101962538232
268,4,10,150,25,0.04757303987330585
269,4,10,150,25,0.09703487151454304
270,4,10,150,25,0.0
271,4,10,150,25,0.13831189422694035
272,4,10,150,25,0.09109240322345806
273,4,10,150,25,0.0
274,4,10,150,25,0.0
275,4,10,150,25,0.0
276,4,10,150,25,0.21719908869965396
277,4,10,150,25,0.0
279,4,10,150,25,0.08856454791257515
280,4,10,150,25,0.0
281,4,10,150,25,0.0
283,4,10,150,25,0.0
284,4,10,150,25,0.0
285,4,10,150,25,0.06258116307550304
286,4,10,150,25,0.20707286994264526
287,4,10,150,25,0.0
288,4,10,150,25,0.0
289,4,10,150,25,0.13905617951077562
290,4,10,150,25,0.0
291,4,10,150,25,0.2052934465756339
292,4,10,150,25,0.0
293,4,10,150,25,0.07758828619721583
294,4,10,150,25,0.04123398036294628
295,4,10,150,25,0.2016669681570433
296,4,10,150,25,0.47774763069170006
297,4,10,150,25,0.049712302565054066
298,4,10,150,25,0.17110977534502889
299,4,10,150,25,0.0
300,4,10,150,25,0.0
301,4,10,150,25,0.047934103497110726
303,4,10,150,25,0.11541985090990732
304,4,10,150,25,0.0
305,4,10,150,25,0.2861971647152323
306,4,10,150,25,0.0
307,4,10,150,25,0.1383141340724969
308,4,10,150,25,0.1478610139543395
309,4,10,150,25,0.0
310,4,10,150,25,0.0
311,4,10,150,25,0.04209275315645388
312,4,10,150,25,0.07579200366109638
313,4,10,150,25,0.09189442695154341
314,4,10,150,25,0.15999354457977183
315,4,10,150,25,0.0
316,4,10,150,25,0.04568304891751105
317,4,10,150,25,0.0
318,4,10,150,25,0.05633425377856011
319,4,10,150,25,0.0
320,4,10,150,25,0.0
321,4,10,150,25,0.062242588308449316
322,4,10,150,25,0.17342765698823945
323,4,10,150,25,0.14126697285982898
324,4,10,150,25,0.0
325,4,10,150,25,0.0
326,4,10,150,25,0.036356287988538835
327,4,10,150,25,0.0
328,4,10,150,25,0.09342223061195895
329,4,10,150,25,0.0
330,4,10,150,25,0.0536466452928127
331,4,10,150,25,0.16958010263680806
332,4,10,150,25,0.0
333,4,10,150,25,0.0
334,4,10,150,25,0.09137744919525784
336,4,10,150,25,0.0
337,4,10,150,25,0.16716045496620227
338,4,10,150,25,0.0
339,4,10,150,25,0.06608282041002614
340,4,10,150,25,0.0
341,4,10,150,25,0.0
342,4,10,150,25,0.19791922947023236
343,4,10,150,25,0.17934679000010195
344,4,10,150,25,0.2076030287632974
345,4,10,150,25,0.030894044636925338
346,4,10,150,25,0.13947804593499064
347,4,10,150,25,0.03232623375868038
348,4,10,150,25,0.0
349,4,10,150,25,0.0
350,4,10,150,25,0.0
351,4,10,150,25,0.0
352,4,10,150,25,0.0
353,4,10,150,25,0.0
354,4,10,150,25,0.05518297039355926
355,4,10,150,25,0.0
356,4,10,150,25,0.08406376813555873
357,4,10,150,25,0.0
358,4,10,150,25,0.20438239758848611
359,4,10,150,25,0.0
360,4,10,150,25,0.0
361,4,10,150,25,0.09622728274290568
362,4,10,150,25,0.0
363,4,10,150,25,0.1895766016962376
364,4,10,150,25,0.0
365,4,10,150,25,0.0
366,4,10,150,25,0.0
367,4,10,150,25,0.0
368,4,10,150,25,0.0
369,4,10,150,25,0.0
370,4,10,150,25,0.09092803061897883
371,4,10,150,25,0.16676134190097475
372,4,10,150,25,0.0
373,4,10,150,25,0.035769798946978335
374,4,10,150,25,0.06377551787608354
375,4,10,150,25,0.0
376,4,10,150,25,0.0
377,4,10,150,25,0.0
378,4,10,150,25,0.21676098775767433
379,4,10,150,25,0.0832152331283323
380,4,10,150,25,0.0
381,4,10,150,25,0.0
382,4,10,150,25,0.0
383,4,10,150,25,0.0
384,4,10,150,25,0.0
385,4,10,150,25,0.0
386,4,10,150,25,0.0
387,4,10,150,25,0.10933601934208874
388,4,10,150,25,0.0
389,4,10,150,25,0.12738554192186588
390,4,10,150,25,0.0
391,4,10,150,25,0.2137247802747043
392,4,10,150,25,0.0
393,4,10,150,25,0.0
394,4,10,150,25,0.0834477484387131
395,4,10,150,25,0.0
396,4,10,150,25,0.0
397,4,10,150,25,0.22320497122386787
398,4,10,150,25,0.1418968660083944
399,4,10,150,25,0.0
400,4,10,150,25,0.0
401,4,10,150,25,0.0
402,4,10,150,25,0.08963222225173058
403,4,10,150,25,0.0
404,4,10,150,25,0.0
405,4,10,150,25,0.07758828619721583
406,4,10,150,25,0.21745134691643048
407,4,10,150,25,0.043804409321952
408,4,10,150,25,0.0
409,4,10,150,25,0.09814316797440333
410,4,10,150,25,0.0
411,4,10,150,25,0.0
412,4,10,150,25,0.0
413,4,10,150,25,0.0
414,4,10,150,25,0.0
415,4,10,150,25,0.0
416,4,10,150,25,0.20421725398047563
417,4,10,150,25,0.12653201952810092
418,4,10,150,25,0.0
419,4,10,150,25,0.1208113026994942
420,4,10,150,25,0.0
421,4,10,150,25,0.05954496680255472
422,4,10,150,25,0.04320473659574256
423,4,10,150,25,0.053845569940583225
424,4,10,150,25,0.23504554941448536
425,4,10,150,25,0.1844617861767119
426,4,10,150,25,0.0
427,4,10,150,25,0.0
428,4,10,150,25,0.0
429,4,10,150,25,0.23935695341363167
430,4,10,150,25,0.0
431,4,10,150,25,0.0
432,4,10,150,25,0.0
433,4,10,150,25,0.0
434,4,10,150,25,0.15130120674940672
435,4,10,150,25,0.1961141780060173
436,4,10,150,25,0.0
437,4,10,150,25,0.08977871411595718
438,4,10,150,25,0.0
439,4,10,150,25,0.0
440,4,10,150,25,0.0
441,4,10,150,25,0.0
442,4,10,150,25,0.040949887133979804
443,4,10,150,25,0.0
444,4,10,150,25,0.1312721899408984
445,4,10,150,25,0.0
446,4,10,150,25,0.0
447,4,10,150,25,0.1705475639911138
448,4,10,150,25,0.0
449,4,10,150,25,0.1511226181481109
450,4,10,150,25,0.33903002878261845
451,4,10,150,25,0.0
452,4,10,150,25,0.10652311805940605
453,4,10,150,25,0.0
454,4,10,150,25,0.0
455,4,10,150,25,0.07758828619721583
456,4,10,150,25,0.0
457,4,10,150,25,0.29817818326517104
458,4,10,150,25,0.02845362565455011
459,4,10,150,25,0.0
460,4,10,150,25,0.05184030722866645
461,4,10,150,25,0.0
462,4,10,150,25,0.0
463,4,10,150,25,0.12297452411780795
464,4,10,150,25,0.0
465,4,10,150,25,0.0
466,4,10,150,25,0.0
467,4,10,150,25,0.0
468,4,10,150,25,0.09063580949954383
469,4,10,150,25,0.0
470,4,10,150,25,0.0
471,4,10,150,25,0.0
472,4,10,150,25,0.0322992015809624
473,4,10,150,25,0.0
474,4,10,150,25,0.18776301315844846
475,4,10,150,25,0.0
476,4,10,150,25,0.0
477,4,10,150,25,0.0
478,4,10,150,25,0.2345109835167376
479,4,10,150,25,0.09673255129002371
480,4,10,150,25,0.0
481,4,10,150,25,0.07207850898626693
482,4,10,150,25,0.0
483,4,10,150,25,0.0
484,4,10,150,25,0.18591568282327006
485,4,10,150,25,0.0
486,4,10,150,25,0.0
487,4,10,150,25,0.09668786157058223
488,4,10,150,25,0.0
489,4,10,150,25,0.0
490,4,10,150,25,0.0
491,4,10,150,25,0.06362078819895171
492,4,10,150,25,0.0
493,4,10,150,25,0.029108658262576942
494,4,10,150,25,0.0
495,4,10,150,25,0.02718532990426848
496,4,10,150,25,0.02718532990426848
497,4,10,150,25,0.07801052850123319
498,4,10,150,25,0.0
499,4,10,150,25,0.0
500,4,10,150,25,0.13231426355536205
501,4,10,150,25,0.0
502,4,10,150,25,0.0
503,4,10,150,25,0.0
504,4,10,150,25,0.08977871411595718
505,4,10,150,25,0.07758828619721583
506,4,10,150,25,0.06724776875315802
507,4,10,150,25,0.0
508,4,10,150,25,0.0
509,4,10,150,25,0.0
510,4,10,150,25,0.0
511,4,10,150,25,0.0
512,4,10,150,25,0.0
513,4,10,150,25,0.0
514,4,10,150,25,0.3202019708995942
515,4,10,150,25,0.11706259313796354
516,4,10,150,25,0.0
517,4,10,150,25,0.0
518,4,10,150,25,0.0
519,4,10,150,25,0.0
520,4,10,150,25,0.0
521,4,10,150,25,0.09850628252086785
522,4,10,150,25,0.0
523,4,10,150,25,0.0
524,4,10,150,25,0.2169006000868966
525,4,10,150,25,0.0
526,4,10,150,25,0.04972780777662495
527,4,10,150,25,0.1403526282577833
528,4,10,150,25,0.10209739512291163
529,4,10,150,25,0.0
530,4,10,150,25,0.0
531,4,10,150,25,0.0
532,4,10,150,25,0.3008442154725357
533,4,10,150,25,0.14962247817132013
534,4,10,150,25,0.047934103497110726
535,4,10,150,25,0.12401653700623616
536,4,10,150,25,0.07758828619721583
537,4,10,150,25,0.3218225753780758
538,4,10,150,25,0.14697776980950736
539,4,10,150,25,0.0
540,4,10,150,25,0.0
541,4,10,150,25,0.0
542,4,10,150,25,0.049033875503285806
543,4,10,150,25,0.0
544,4,10,150,25,0.0
545,4,10,150,25,0.02799764048929078
546,4,10,150,25,0.05758752804519195
547,4,10,150,25,0.0
548,4,10,150,25,0.11878685370561119
549,4,10,150,25,0.0
550,4,10,150,25,0.0
551,4,10,150,25,0.0547616074737822
552,4,10,150,25,0.1205344274731702
553,4,10,150,25,0.04743759234968417
554,4,10,150,25,0.12627825946936164
555,4,10,150,25,0.0
556,4,10,150,25,0.0
557,4,10,150,25,0.0
558,4,10,150,25,0.0
559,4,10,150,25,0.04366879852493834
560,4,10,150,25,0.06536545161870184
561,4,10,150,25,0.04099150803926931
562,4,10,150,25,0.0
563,4,10,150,25,0.0
564,4,10,150,25,0.0
565,4,10,150,25,0.0
566,4,10,150,25,0.043804409321952
567,4,10,150,25,0.1219982227803803
568,4,10,150,25,0.036155150901276155
569,4,10,150,25,0.18299769260789403
570,4,10,150,25,0.0
571,4,10,150,25,0.0
572,4,10,150,25,0.16812753627111746
573,4,10,150,25,0.06437746926759551
574,4,10,150,25,0.051811563545175146
575,4,10,150,25,0.0
576,4,10,150,25,0.0
577,4,10,150,25,0.2679319016691883
578,4,10,150,25,0.0
579,4,10,150,25,0.0
580,4,10,150,25,0.09004726125505678
581,4,10,150,25,0.0
582,4,10,150,25,0.0
583,4,10,150,25,0.0
584,4,10,150,25,0.06323567569191428
585,4,10,150,25,0.04173963774222741
586,4,10,150,25,0.07758828619721583
587,4,10,150,25,0.0
588,4,10,150,25,0.1501598540220764
589,4,10,150,25,0.0
590,4,10,150,25,0.053845569940583225
591,4,10,150,25,0.0
592,4,10,150,25,0.4084120713985157
593,4,10,150,25,0.029490823953733692
594,4,10,150,25,0.0
595,4,10,150,25,0.04099150803926931
596,4,10,150,25,0.0
597,4,10,150,25,0.27101620591530523
598,4,10,150,25,0.0
599,4,10,150,25,0.0
600,4,10,150,25,0.0
601,4,10,150,25,0.0
602,4,10,150,25,0.0
603,4,10,150,25,0.0
604,4,10,150,25,0.0
605,4,10,150,25,0.23939908411991156
606,4,10,150,25,0.2116046616931335
607,4,10,150,25,0.0
608,4,10,150,25,0.0
609,4,10,150,25,0.0
610,4,10,150,25,0.1669877967662679
611,4,10,150,25,0.0
612,4,10,150,25,0.0
613,4,10,150,25,0.0
614,4,10,150,25,0.0
615,4,10,150,25,0.027541830374730368
616,4,10,150,25,0.0
617,4,10,150,25,0.0
618,4,10,150,25,0.19124318097227413
619,4,10,150,25,0.03620451724718618
620,4,10,150,25,0.030085783992152577
621,4,10,150,25,0.07810728531941925
622,4,10,150,25,0.2467491843120885
623,4,10,150,25,0.0
624,4,10,150,25,0.0
625,4,10,150,25,0.0
626,4,10,150,25,0.0
627,4,10,150,25,0.08370587580722298
628,4,10,150,25,0.0
629,4,10,150,25,0.03879414309860792
630,4,10,150,25,0.18285000326828407
631,4,10,150,25,0.0
632,4,10,150,25,0.13646180499587943
633,4,10,150,25,0.07414861528507455
634,4,10,150,25,0.027576277569513717
635,4,10,150,25,0.0
636,4,10,150,25,0.0
637,4,10,150,25,0.0
638,4,10,150,25,0.09712868482236708
639,4,10,150,25,0.0
640,4,10,150,25,0.03554760945563907
641,4,10,150,25,0.07675099783970546
642,4,10,150,25,0.09510623856731379
643,4,10,150,25,0.17440957243492117
644,4,10,150,25,0.04935421935348238
645,4,10,150,25,0.20241780841874635
646,4,10,150,25,0.0
647,4,10,150,25,0.030218457878623886
648,4,10,150,25,0.10247877009817327
649,4,10,150,25,0.11004588314904008
650,4,10,150,25,0.08619465321694533
651,4,10,150,25,0.0
652,4,10,150,25,0.0
653,4,10,150,25,0.20257569110696916
654,4,10,150,25,0.25250736924813383
655,4,10,150,25,0.02799764048929078
656,4,10,150,25,0.07397229644086958
657,4,10,150,25,0.0
658,4,10,150,25,0.22745389188843176
659,4,10,150,25,0.09762106842879419
660,4,10,150,25,0.0
661,4,10,150,25,0.09013838416229285
662,4,10,150,25,0.0512644431393966
663,4,10,150,25,0.29531750969998205
664,4,10,150,25,0.4024029314826518
665,4,10,150,25,0.0
666,4,10,150,25,0.3560152878042954
667,4,10,150,25,0.1593472521587426
668,4,10,150,25,0.06194403202282284
669,4,10,150,25,0.043804409321952
670,4,10,150,25,0.0
671,4,10,150,25,0.16144317977335498
672,4,10,150,25,0.0
673,4,10,150,25,0.0
674,4,10,150,25,0.0316088333445714
675,4,10,150,25,0.0
676,4,10,150,25,0.11582866341850039
677,4,10,150,25,0.03314040476303028
678,4,10,150,25,0.0
679,4,10,150,25,0.1266596892460251
680,4,10,150,25,0.0
681,4,10,150,25,0.0
682,4,10,150,25,0.22324571967159168
683,4,10,150,25,0.0
684,4,10,150,25,0.07405416226219134
685,4,10,150,25,0.0
686,4,10,150,25,0.07277260183012466
687,4,10,150,25,0.0
688,4,10,150,25,0.0
689,4,10,150,25,0.15001451003751623
690,4,10,150,25,0.10975474740683282
691,4,10,150,25,0.05446824630887794
692,4,10,150,25,0.05833725389333616
693,4,10,150,25,0.0
694,4,10,150,25,0.16026679695057236
695,4,10,150,25,0.0
696,4,10,150,25,0.039725595076707886
697,4,10,150,25,0.027576277569513717
698,4,10,150,25,0.06377551787608354
699,4,10,150,25,0.07758828619721583
700,4,10,150,25,0.12729890218214104
701,4,10,150,25,0.0
702,4,10,150,25,0.037715680681715956
703,4,10,150,25,0.09261220774116596
704,4,10,150,25,0.11805537186630885
705,4,10,150,25,0.142588625622677
706,4,10,150,25,0.04395738023645723
707,4,10,150,25,0.03147631629512114
708,4,10,150,25,0.03554760945563907
709,4,10,150,25,0.19892388577047906
710,4,10,150,25,0.11784349926703491
711,4,10,150,25,0.17627034761669882
712,4,10,150,25,0.1152668481826091
713,4,10,150,25,0.03837549891985273
714,4,10,150,25,0.0
715,4,10,150,25,0.0
716,4,10,150,25,0.2057768390028067
717,4,10,150,25,0.029490823953733692
718,4,10,150,25,0.0
719,4,10,150,25,0.0723514680762565
720,4,10,150,25,0.0
721,4,10,150,25,0.17636521870064406
722,4,10,150,25,0.06556429791586475
723,4,10,150,25,0.0
724,4,10,150,25,0.0
725,4,10,150,25,0.0
726,4,10,150,25,0.05010834716923557
727,4,10,150,25,0.21613023595497782
728,4,10,150,25,0.09627818061559096
729,4,10,150,25,0.0
730,4,10,150,25,0.0
731,4,10,150,25,0.08479591736122132
732,4,10,150,25,0.0
733,4,10,150,25,0.13131080231272516
734,4,10,150,25,0.0
735,4,10,150,25,0.0
736,4,10,150,25,0.0
737,4,10,150,25,0.04395738023645723
738,4,10,150,25,0.2357093927417305
739,4,10,150,25,0.03855307727568851
740,4,10,150,25,0.0
741,4,10,150,25,0.07912458947143751
742,4,10,150,25,0.0
743,4,10,150,25,0.0
744,4,10,150,25,0.0
745,4,10,150,25,0.03520132288421838
746,4,10,150,25,0.23491487959421534
747,4,10,150,25,0.51480231285497
748,4,10,150,25,0.12902254649554556
749,4,10,150,25,0.19138186526708614
750,4,10,150,25,0.041278922835426404
751,4,10,150,25,0.0670239257507602
752,4,10,150,25,0.0
753,4,10,150,25,0.15780803084928155
754,4,10,150,25,0.0
755,4,10,150,25,0.03855371268423985
756,4,10,150,25,0.04099150803926931
757,4,10,150,25,0.0
758,4,10,150,25,0.25248047929410505
759,4,10,150,25,0.049710505523782283
760,4,10,150,25,0.0
761,4,10,150,25,0.0
762,4,10,150,25,0.051960280791503534
763,4,10,150,25,0.043804409321952
764,4,10,150,25,0.13801390158668955
765,4,10,150,25,0.10122860821230018
766,4,10,150,25,0.043804409321952
767,4,10,150,25,0.06994410797740244
768,4,10,150,25,0.03058665768901593
769,4,10,150,25,0.0
770,4,10,150,25,0.16311696293529396
771,4,10,150,25,0.193509841406824
772,4,10,150,25,0.0
773,4,10,150,25,0.14415209190095196
774,4,10,150,25,0.0
775,4,10,150,25,0.0
776,4,10,150,25,0.061124147512439435
777,4,10,150,25,0.0
778,4,10,150,25,0.09579013805637124
779,4,10,150,25,0.0
780,4,10,150,25,0.030023253564245667
781,4,10,150,25,0.0366967190946864
782,4,10,150,25,0.0808054483124802
783,4,10,150,25,0.0
784,4,10,150,25,0.0
785,4,10,150,25,0.0
786,4,10,150,25,0.0
787,4,10,150,25,0.0
788,4,10,150,25,0.33390719988940204
789,4,10,150,25,0.08809718769055445
790,4,10,150,25,0.0
791,4,10,150,25,0.04465281017341861
792,4,10,150,25,0.06658592494149675
793,4,10,150,25,0.0
794,4,10,150,25,0.0
795,4,10,150,25,0.0
796,4,10,150,25,0.42398083252991253
797,4,10,150,25,0.0
798,4,10,150,25,0.07758828619721583
799,4,10,150,25,0.0
800,4,10,150,25,0.0
801,4,10,150,25,0.05381256178894041
802,4,10,150,25,0.06148726205890397
803,4,10,150,25,0.0
804,4,10,150,25,0.20370809914258298
805,4,10,150,25,0.177172739229583
806,4,10,150,25,0.37549711183853796
807,4,10,150,25,0.08494266866351442
808,4,10,150,25,0.0
809,4,10,150,25,0.0
810,4,10,150,25,0.0
811,4,10,150,25,0.0
812,4,10,150,25,0.0
813,4,10,150,25,0.0
814,4,10,150,25,0.0
815,4,10,150,25,0.12429807718044235
816,4,10,150,25,0.0
817,4,10,150,25,0.0
818,4,10,150,25,0.05516788910004661
819,4,10,150,25,0.037210602758860095
820,4,10,150,25,0.0
821,4,10,150,25,0.22162809371874356
822,4,10,150,25,0.0
823,4,10,150,25,0.22407150118615451
824,4,10,150,25,0.05046096657376444
825,4,10,150,25,0.04757303987330585
826,4,10,150,25,0.12297452411780795
827,4,10,150,25,0.0
828,4,10,150,25,0.03879414309860792
829,4,10,150,25,0.15110239493068348
830,4,10,150,25,0.14851362145055327
831,4,10,150,25,0.24622230060641642
832,4,10,150,25,0.0
833,4,10,150,25,0.18534709101288185
834,4,10,150,25,0.24251121723036934
835,4,10,150,25,0.02799764048929078
836,4,10,150,25,0.08063125834567192
837,4,10,150,25,0.0
838,4,10,150,25,0.2866213540971196
839,4,10,150,25,0.03983635556421846
840,4,10,150,25,0.37679161680540124
841,4,10,150,25,0.0
842,4,10,150,25,0.0
843,4,10,150,25,0.0
844,4,10,150,25,0.02845362565455011
845,4,10,150,25,0.0
846,4,10,150,25,0.37020689575946025
847,4,10,150,25,0.07978565113787724
848,4,10,150,25,0.0
849,4,10,150,25,0.0
850,4,10,150,25,0.21480280896599235
851,4,10,150,25,0.06501666095125466
852,4,10,150,25,0.20911717738808477
853,4,10,150,25,0.0
854,4,10,150,25,0.0
855,4,10,150,25,0.0
856,4,10,150,25,0.0
857,4,10,150,25,0.0
858,4,10,150,25,0.0
859,4,10,150,25,0.0
860,4,10,150,25,0.0
861,4,10,150,25,0.03709674194804795
862,4,10,150,25,0.03554760945563907
863,4,10,150,25,0.0
864,4,10,150,25,0.4851496758370128
865,4,10,150,25,0.03430287599746726
866,4,10,150,25,0.0
867,4,10,150,25,0.11574987781684364
868,4,10,150,25,0.33374119852965545
869,4,10,150,25,0.03406297225598251
870,4,10,150,25,0.38328137049231764
871,4,10,150,25,0.07422391647844365
872,4,10,150,25,0.029490823953733692
873,4,10,150,25,0.0
874,4,10,150,25,0.13944914190808633
875,4,10,150,25,0.11608613180292378
876,4,10,150,25,0.08671382849411972
877,4,10,150,25,0.06776265149141587
878,4,10,150,25,0.2889534370668306
879,4,10,150,25,0.0
880,4,10,150,25,0.5256701815099426
881,4,10,150,25,0.10430970047059622
882,4,10,150,25,0.236426677209048
883,4,10,150,25,0.4274918993875654
884,4,10,150,25,0.09113547509404434
885,4,10,150,25,0.06596831955631649
886,4,10,150,25,0.23252662556346923
887,4,10,150,25,0.08014757468203947
888,4,10,150,25,0.11625487663628292
889,4,10,150,25,0.0
890,4,10,150,25,0.026821271514972177
891,4,10,150,25,0.03339755935325358
892,4,10,150,25,0.2612675260192482
893,4,10,150,25,0.08619465321694533
894,4,10,150,25,0.17985424179379675
895,4,10,150,25,0.0
896,4,10,150,25,0.486666355214206
897,4,10,150,25,0.36469963988574094
898,4,10,150,25,0.0
899,4,10,150,25,0.10451997945694924
900,4,10,150,25,0.03232193387019919
901,4,10,150,25,0.23759752763270459
902,4,10,150,25,0.0316088333445714
903,4,10,150,25,0.22189679276708132
904,4,10,150,25,0.0
905,4,10,150,25,0.0
906,4,10,150,25,0.04258528250242427
907,4,10,150,25,0.04757303987330585
908,4,10,150,25,0.07935201877759106
909,4,10,150,25,0.0
910,4,10,150,25,0.0
911,4,10,150,25,0.09086978237850533
912,4,10,150,25,0.10689524683087613
913,4,10,150,25,0.026481122388885493
914,4,10,150,25,0.0
915,4,10,150,25,0.0
916,4,10,150,25,0.4471555550151879
917,4,10,150,25,0.0
918,4,10,150,25,0.06148726205890397
919,4,10,150,25,0.1398039329616618
920,4,10,150,25,0.0
921,4,10,150,25,0.12808933963733363
922,4,10,150,25,0.1975554262331562
923,4,10,150,25,0.0
924,4,10,150,25,0.0
925,4,10,150,25,0.0
926,4,10,150,25,0.0
927,4,10,150,25,0.0561346289986211
928,4,10,150,25,0.1482972305701491
929,4,10,150,25,0.25163227912988373
930,4,10,150,25,0.0
931,4,10,150,25,0.061687570642613335
932,4,10,150,25,0.2696931021786479
933,4,10,150,25,0.04099150803926931
934,4,10,150,25,0.1313377475120103
935,4,10,150,25,0.04173963774222741
936,4,10,150,25,0.18019927753614542
937,4,10,150,25,0.0
938,4,10,150,25,0.12139269551916781
939,4,10,150,25,0.0
940,4,10,150,25,0.07028553171083748
941,4,10,150,25,0.0
942,4,10,150,25,0.05792896093372047
943,4,10,150,25,0.2344771223851134
1,4,10,150,26,0.4058715898896693
2,4,10,150,26,0.0
3,4,10,150,26,0.0
4,4,10,150,26,0.0
5,4,10,150,26,0.040209635547393256
6,4,10,150,26,0.27020011346731576
7,4,10,150,26,0.28253862184014505
8,4,10,150,26,0.0
9,4,10,150,26,0.21840743681816419
10,4,10,150,26,0.03855371268423985
11,4,10,150,26,0.1722584975122812
12,4,10,150,26,0.0
13,4,10,150,26,0.26726363461872016
14,4,10,150,26,0.0
15,4,10,150,26,0.05010834716923557
16,4,10,150,26,0.0
17,4,10,150,26,0.0
18,4,10,150,26,0.22251143519335223
19,4,10,150,26,0.0
20,4,10,150,26,0.0
21,4,10,150,26,0.0
22,4,10,150,26,0.0664352832729762
23,4,10,150,26,0.19906649093208975
24,4,10,150,26,0.0
25,4,10,150,26,0.12358102547512423
26,4,10,150,26,0.0
27,4,10,150,26,0.0
28,4,10,150,26,0.0
29,4,10,150,26,0.0740318445087683
30,4,10,150,26,0.0
31,4,10,150,26,0.0
32,4,10,150,26,0.0
33,4,10,150,26,0.0
35,4,10,150,26,0.10523285614729473
36,4,10,150,26,0.0
37,4,10,150,26,0.0
38,4,10,150,26,0.04739418218477539
39,4,10,150,26,0.0
40,4,10,150,26,0.0
41,4,10,150,26,0.0
42,4,10,150,26,0.0683037314796457
43,4,10,150,26,0.22592974817952552
44,4,10,150,26,0.1694627944724332
45,4,10,150,26,0.0
46,4,10,150,26,0.11284514134893527
47,4,10,150,26,0.0
48,4,10,150,26,0.0
49,4,10,150,26,0.0
50,4,10,150,26,0.0
51,4,10,150,26,0.16812753627111746
52,4,10,150,26,0.0
54,4,10,150,26,0.0
56,4,10,150,26,0.20383503459815738
57,4,10,150,26,0.23047740788088653
58,4,10,150,26,0.23504554941448536
59,4,10,150,26,0.20817893658043243
60,4,10,150,26,0.06362078819895171
61,4,10,150,26,0.0
62,4,10,150,26,0.08314631791322982
63,4,10,150,26,0.0
64,4,10,150,26,0.04238468688770069
65,4,10,150,26,0.13012668333070054
66,4,10,150,26,0.0
67,4,10,150,26,0.0
68,4,10,150,26,0.4176344875447225
69,4,10,150,26,0.0
70,4,10,150,26,0.0
71,4,10,150,26,0.0
72,4,10,150,26,0.0
73,4,10,150,26,0.0
74,4,10,150,26,0.0
75,4,10,150,26,0.049432410190049694
76,4,10,150,26,0.067856722420442
77,4,10,150,26,0.05381256178894041
78,4,10,150,26,0.0
79,4,10,150,26,0.27487633291429087
80,4,10,150,26,0.0
81,4,10,150,26,0.0
82,4,10,150,26,0.19298623480417013
83,4,10,150,26,0.12089611529519323
84,4,10,150,26,0.0
85,4,10,150,26,0.0
87,4,10,150,26,0.0
89,4,10,150,26,0.16716045496620227
90,4,10,150,26,0.0
91,4,10,150,26,0.0
92,4,10,150,26,0.09337519753956414
93,4,10,150,26,0.0
94,4,10,150,26,0.054892425723020166
95,4,10,150,26,0.15097216460709872
96,4,10,150,26,0.0
97,4,10,150,26,0.0
98,4,10,150,26,0.0
99,4,10,150,26,0.0
100,4,10,150,26,0.0
101,4,10,150,26,0.0
102,4,10,150,26,0.0
103,4,10,150,26,0.0
104,4,10,150,26,0.0
105,4,10,150,26,0.0
106,4,10,150,26,0.0
107,4,10,150,26,0.0
108,4,10,150,26,0.0
109,4,10,150,26,0.07103066762111539
110,4,10,150,26,0.0
111,4,10,150,26,0.0
112,4,10,150,26,0.0
113,4,10,150,26,0.0
114,4,10,150,26,0.0
115,4,10,150,26,0.10684080426179023
116,4,10,150,26,0.0
117,4,10,150,26,0.14606834984270645
118,4,10,150,26,0.0
119,4,10,150,26,0.10331623627585464
120,4,10,150,26,0.0
121,4,10,150,26,0.2147325744928709
122,4,10,150,26,0.1530100230930498
123,4,10,150,26,0.0
125,4,10,150,26,0.0458402539699961
126,4,10,150,26,0.0
127,4,10,150,26,0.10253313861822189
128,4,10,150,26,0.03233829114831982
129,4,10,150,26,0.0
130,4,10,150,26,0.11987424504051505
131,4,10,150,26,0.0
133,4,10,150,26,0.11047239495909743
134,4,10,150,26,0.0
135,4,10,150,26,0.0
137,4,10,150,26,0.0
138,4,10,150,26,0.0
139,4,10,150,26,0.0
141,4,10,150,26,0.0
142,4,10,150,26,0.13373003436102654
143,4,10,150,26,0.0
144,4,10,150,26,0.1227945149537572
145,4,10,150,26,0.09050166267583118
146,4,10,150,26,0.0
148,4,10,150,26,0.0
149,4,10,150,26,0.0
150,4,10,150,26,0.10235170428306553
151,4,10,150,26,0.035510009908414325
152,4,10,150,26,0.0
153,4,10,150,26,0.0
154,4,10,150,26,0.0
155,4,10,150,26,0.0
156,4,10,150,26,0.0
158,4,10,150,26,0.11008935378765584
159,4,10,150,26,0.0
160,4,10,150,26,0.0
161,4,10,150,26,0.0
162,4,10,150,26,0.0
163,4,10,150,26,0.0
164,4,10,150,26,0.0
165,4,10,150,26,0.0
166,4,10,150,26,0.0
167,4,10,150,26,0.0
168,4,10,150,26,0.23504554941448536
169,4,10,150,26,0.0
170,4,10,150,26,0.0
171,4,10,150,26,0.0
172,4,10,150,26,0.0
173,4,10,150,26,0.0
174,4,10,150,26,0.060961917527339995
175,4,10,150,26,0.0
176,4,10,150,26,0.0
177,4,10,150,26,0.06912040963822193
178,4,10,150,26,0.19090790515324066
179,4,10,150,26,0.0
180,4,10,150,26,0.0
181,4,10,150,26,0.0
182,4,10,150,26,0.0
183,4,10,150,26,0.0
184,4,10,150,26,0.09303069037986347
185,4,10,150,26,0.07745351606183934
186,4,10,150,26,0.22147164648185297
187,4,10,150,26,0.0
188,4,10,150,26,0.054384419234677496
189,4,10,150,26,0.18472415061971442
190,4,10,150,26,0.10699313236726378
191,4,10,150,26,0.0
192,4,10,150,26,0.0
193,4,10,150,26,0.0
194,4,10,150,26,0.0
195,4,10,150,26,0.0
196,4,10,150,26,0.0
197,4,10,150,26,0.0
198,4,10,150,26,0.0
199,4,10,150,26,0.0
200,4,10,150,26,0.03719976603506465
201,4,10,150,26,0.046373688209044577
203,4,10,150,26,0.0
204,4,10,150,26,0.0
205,4,10,150,26,0.0
206,4,10,150,26,0.0
207,4,10,150,26,0.0
209,4,10,150,26,0.0
210,4,10,150,26,0.03436980580657827
211,4,10,150,26,0.0
212,4,10,150,26,0.12681701683239352
213,4,10,150,26,0.19336468350582656
214,4,10,150,26,0.056720838976548935
215,4,10,150,26,0.0
216,4,10,150,26,0.0
217,4,10,150,26,0.0
218,4,10,150,26,0.19092086617893467
219,4,10,150,26,0.0
221,4,10,150,26,0.3375735570145491
222,4,10,150,26,0.1273280144999152
223,4,10,150,26,0.0
224,4,10,150,26,0.0
225,4,10,150,26,0.0
226,4,10,150,26,0.0
227,4,10,150,26,0.0
228,4,10,150,26,0.0
229,4,10,150,26,0.0
230,4,10,150,26,0.13878248056476364
231,4,10,150,26,0.0
232,4,10,150,26,0.3234992853586256
233,4,10,150,26,0.05061430410615009
234,4,10,150,26,0.0
235,4,10,150,26,0.06065881345112158
236,4,10,150,26,0.0
237,4,10,150,26,0.0
238,4,10,150,26,0.0
239,4,10,150,26,0.060772229737720354
240,4,10,150,26,0.0
242,4,10,150,26,0.0
243,4,10,150,26,0.05446333035917803
244,4,10,150,26,0.0897700875992608
245,4,10,150,26,0.0
246,4,10,150,26,0.08041927109478651
247,4,10,150,26,0.0
248,4,10,150,26,0.07984133538066794
249,4,10,150,26,0.09207927957633494
250,4,10,150,26,0.2529427027676571
251,4,10,150,26,0.0
252,4,10,150,26,0.0
253,4,10,150,26,0.05954496680255472
254,4,10,150,26,0.0
255,4,10,150,26,0.0
256,4,10,150,26,0.1412126830355814
257,4,10,150,26,0.3305900772260718
258,4,10,150,26,0.0
259,4,10,150,26,0.0
260,4,10,150,26,0.0
261,4,10,150,26,0.0
262,4,10,150,26,0.0
263,4,10,150,26,0.0975109251896312
264,4,10,150,26,0.0
265,4,10,150,26,0.10209739512291163
267,4,10,150,26,0.09794101962538232
268,4,10,150,26,0.046373688209044577
269,4,10,150,26,0.11979929297054083
270,4,10,150,26,0.0
271,4,10,150,26,0.13482494865924097
272,4,10,150,26,0.09109240322345806
273,4,10,150,26,0.0
274,4,10,150,26,0.0
275,4,10,150,26,0.0
276,4,10,150,26,0.21172333837548493
277,4,10,150,26,0.0
279,4,10,150,26,0.08633176988921626
280,4,10,150,26,0.0
281,4,10,150,26,0.0
283,4,10,150,26,0.07132875491150918
284,4,10,150,26,0.0
285,4,10,150,26,0.06258116307550304
286,4,10,150,26,0.22706315174100947
287,4,10,150,26,0.06364028872631156
288,4,10,150,26,0.0
289,4,10,150,26,0.13905617951077562
290,4,10,150,26,0.0
291,4,10,150,26,0.20011784633087054
292,4,10,150,26,0.0
293,4,10,150,26,0.07563222788297667
294,4,10,150,26,0.04123398036294628
295,4,10,150,26,0.23611013359098149
296,4,10,150,26,0.47774763069170006
297,4,10,150,26,0.049712302565054066
298,4,10,150,26,0.17110977534502889
299,4,10,150,26,0.0
300,4,10,150,26,0.0
301,4,10,150,26,0.047934103497110726
303,4,10,150,26,0.11251003075449488
304,4,10,150,26,0.0
305,4,10,150,26,0.31514747987601716
306,4,10,150,26,0.0
307,4,10,150,26,0.1383141340724969
308,4,10,150,26,0.14413332798687198
309,4,10,150,26,0.0
310,4,10,150,26,0.0
311,4,10,150,26,0.04209275315645388
312,4,10,150,26,0.07579200366109638
313,4,10,150,26,0.09189442695154341
314,4,10,150,26,0.15595998850528434
315,4,10,150,26,0.0
316,4,10,150,26,0.04568304891751105
317,4,10,150,26,0.0
318,4,10,150,26,0.05633425377856011
319,4,10,150,26,0.0
320,4,10,150,26,0.0
321,4,10,150,26,0.062242588308449316
322,4,10,150,26,0.17342765698823945
323,4,10,150,26,0.14126697285982898
324,4,10,150,26,0.0
325,4,10,150,26,0.0
326,4,10,150,26,0.036356287988538835
327,4,10,150,26,0.0
328,4,10,150,26,0.09342223061195895
329,4,10,150,26,0.0
330,4,10,150,26,0.0536466452928127
331,4,10,150,26,0.16958010263680806
332,4,10,150,26,0.0
333,4,10,150,26,0.0
334,4,10,150,26,0.08907375584162422
336,4,10,150,26,0.0
337,4,10,150,26,0.16716045496620227
338,4,10,150,26,0.0
339,4,10,150,26,0.06608282041002614
340,4,10,150,26,0.0
341,4,10,150,26,0.0
342,4,10,150,26,0.19791922947023236
343,4,10,150,26,0.17934679000010195
344,4,10,150,26,0.2076030287632974
345,4,10,150,26,0.030894044636925338
346,4,10,150,26,0.13947804593499064
347,4,10,150,26,0.03232623375868038
348,4,10,150,26,0.0
349,4,10,150,26,0.0
350,4,10,150,26,0.0
351,4,10,150,26,0.0
352,4,10,150,26,0.0
353,4,10,150,26,0.0
354,4,10,150,26,0.05379176672953752
355,4,10,150,26,0.0
356,4,10,150,26,0.08406376813555873
357,4,10,150,26,0.0
358,4,10,150,26,0.20438239758848611
359,4,10,150,26,0.0
360,4,10,150,26,0.03588081068184636
361,4,10,150,26,0.09622728274290568
362,4,10,150,26,0.0
363,4,10,150,26,0.18479723478264756
364,4,10,150,26,0.0
365,4,10,150,26,0.0
366,4,10,150,26,0.0
367,4,10,150,26,0.0
368,4,10,150,26,0.0
369,4,10,150,26,0.0
370,4,10,150,26,0.09092803061897883
371,4,10,150,26,0.16676134190097475
372,4,10,150,26,0.0
373,4,10,150,26,0.035769798946978335
374,4,10,150,26,0.062167689708963934
375,4,10,150,26,0.0
376,4,10,150,26,0.0
377,4,10,150,26,0.0
378,4,10,150,26,0.21129628228359848
379,4,10,150,26,0.08111731530323328
380,4,10,150,26,0.0
381,4,10,150,26,0.0
382,4,10,150,26,0.0
383,4,10,150,26,0.0
384,4,10,150,26,0.0
385,4,10,150,26,0.0
386,4,10,150,26,0.0
387,4,10,150,26,0.1065795770985226
388,4,10,150,26,0.0
389,4,10,150,26,0.12417405780998887
390,4,10,150,26,0.0
391,4,10,150,26,0.2137247802747043
392,4,10,150,26,0.0
393,4,10,150,26,0.0
394,4,10,150,26,0.0834477484387131
395,4,10,150,26,0.0
396,4,10,150,26,0.0
397,4,10,150,26,0.22320497122386787
398,4,10,150,26,0.1418968660083944
399,4,10,150,26,0.0
400,4,10,150,26,0.0
401,4,10,150,26,0.0
402,4,10,150,26,0.08963222225173058
403,4,10,150,26,0.0
404,4,10,150,26,0.0
405,4,10,150,26,0.07563222788297667
406,4,10,150,26,0.21196923697528255
407,4,10,150,26,0.04270006763257965
408,4,10,150,26,0.0
409,4,10,150,26,0.09566890582593755
410,4,10,150,26,0.0
411,4,10,150,26,0.0
412,4,10,150,26,0.0
413,4,10,150,26,0.0
414,4,10,150,26,0.0
415,4,10,150,26,0.0
416,4,10,150,26,0.1990687853502466
417,4,10,150,26,0.12334205334962006
418,4,10,150,26,0.0
419,4,10,150,26,0.1208113026994942
420,4,10,150,26,0.0
421,4,10,150,26,0.05954496680255472
422,4,10,150,26,0.04320473659574256
423,4,10,150,26,0.053845569940583225
424,4,10,150,26,0.23504554941448536
425,4,10,150,26,0.1798113675607726
426,4,10,150,26,0.0
427,4,10,150,26,0.0
428,4,10,150,26,0.0
429,4,10,150,26,0.23332258686498006
430,4,10,150,26,0.0
431,4,10,150,26,0.0
432,4,10,150,26,0.0
433,4,10,150,26,0.05780921899607981
434,4,10,150,26,0.15130120674940672
435,4,10,150,26,0.19116999393867273
436,4,10,150,26,0.0
437,4,10,150,26,0.08751532606093762
438,4,10,150,26,0.0
439,4,10,150,26,0.0
440,4,10,150,26,0.0
441,4,10,150,26,0.0
442,4,10,150,26,0.040949887133979804
443,4,10,150,26,0.0
444,4,10,150,26,0.1312721899408984
445,4,10,150,26,0.0
446,4,10,150,26,0.0
447,4,10,150,26,0.16624793324955964
448,4,10,150,26,0.0
449,4,10,150,26,0.1511226181481109
450,4,10,150,26,0.3304828299839321
451,4,10,150,26,0.0
452,4,10,150,26,0.10383759114611464
453,4,10,150,26,0.0
454,4,10,150,26,0.0
455,4,10,150,26,0.07563222788297667
456,4,10,150,26,0.0
457,4,10,150,26,0.31587163245734884
458,4,10,150,26,0.027736288621349494
459,4,10,150,26,0.0
460,4,10,150,26,0.05184030722866645
461,4,10,150,26,0.0
462,4,10,150,26,0.0
463,4,10,150,26,0.11987424504051505
464,4,10,150,26,0.0
465,4,10,150,26,0.0
466,4,10,150,26,0.0
467,4,10,150,26,0.0
468,4,10,150,26,0.09063580949954383
469,4,10,150,26,0.0
470,4,10,150,26,0.0
471,4,10,150,26,0.0
472,4,10,150,26,0.031484914722825885
473,4,10,150,26,0.0
474,4,10,150,26,0.18302936815871707
475,4,10,150,26,0.0
476,4,10,150,26,0.0
477,4,10,150,26,0.0
478,4,10,150,26,0.2345109835167376
479,4,10,150,26,0.0942938518357341
480,4,10,150,26,0.0
481,4,10,150,26,0.07207850898626693
482,4,10,150,26,0.0
483,4,10,150,26,0.0
484,4,10,150,26,0.21578811189105124
485,4,10,150,26,0.0
486,4,10,150,26,0.0
487,4,10,150,26,0.09425028877730758
488,4,10,150,26,0.0
489,4,10,150,26,0.0
490,4,10,150,26,0.0
491,4,10,150,26,0.06362078819895171
492,4,10,150,26,0.0
493,4,10,150,26,0.029108658262576942
494,4,10,150,26,0.0
495,4,10,150,26,0.02649996754880397
496,4,10,150,26,0.02649996754880397
497,4,10,150,26,0.07604382514494094
498,4,10,150,26,0.0
499,4,10,150,26,0.0
500,4,10,150,26,0.1289785227108996
501,4,10,150,26,0.0
502,4,10,150,26,0.0
503,4,10,150,26,0.0
504,4,10,150,26,0.08751532606093762
505,4,10,150,26,0.07563222788297667
506,4,10,150,26,0.06555240256283783
507,4,10,150,26,0.05319635904163211
508,4,10,150,26,0.0
509,4,10,150,26,0.0
510,4,10,150,26,0.0
511,4,10,150,26,0.0
512,4,10,150,26,0.0
513,4,10,150,26,0.0
514,4,10,150,26,0.31212944142237536
515,4,10,150,26,0.11706259313796354
516,4,10,150,26,0.0
517,4,10,150,26,0.0
518,4,10,150,26,0.0
519,4,10,150,26,0.0
520,4,10,150,26,0.0
521,4,10,150,26,0.09850628252086785
522,4,10,150,26,0.0
523,4,10,150,26,0.0
524,4,10,150,26,0.21143237488232108
525,4,10,150,26,0.0
526,4,10,150,26,0.04972780777662495
527,4,10,150,26,0.13681423426966086
528,4,10,150,26,0.10209739512291163
529,4,10,150,26,0.0
530,4,10,150,26,0.0
531,4,10,150,26,0.0
532,4,10,150,26,0.29325970938523765
533,4,10,150,26,0.14585038438283046
534,4,10,150,26,0.047934103497110726
535,4,10,150,26,0.1208899880101984
536,4,10,150,26,0.07563222788297667
537,4,10,150,26,0.3389199318861077
538,4,10,150,26,0.14697776980950736
539,4,10,150,26,0.0
540,4,10,150,26,0.0
541,4,10,150,26,0.0
542,4,10,150,26,0.049033875503285806
543,4,10,150,26,0.0
544,4,10,150,26,0.0
545,4,10,150,26,0.027291799180733545
546,4,10,150,26,0.05758752804519195
547,4,10,150,26,0.0
548,4,10,150,26,0.11579214890928965
549,4,10,150,26,0.0
550,4,10,150,26,0.0
551,4,10,150,26,0.05338102668188379
552,4,10,150,26,0.1205344274731702
553,4,10,150,26,0.04743759234968417
554,4,10,150,26,0.12627825946936164
555,4,10,150,26,0.0
556,4,10,150,26,0.0
557,4,10,150,26,0.0
558,4,10,150,26,0.0
559,4,10,150,26,0.04366879852493834
560,4,10,150,26,0.06536545161870184
561,4,10,150,26,0.03995808168017168
562,4,10,150,26,0.0
563,4,10,150,26,0.0
564,4,10,150,26,0.0
565,4,10,150,26,0.0
566,4,10,150,26,0.04270006763257965
567,4,10,150,26,0.11892255698483234
568,4,10,150,26,0.036155150901276155
569,4,10,150,26,0.18299769260789403
570,4,10,150,26,0.0
571,4,10,150,26,0.0
572,4,10,150,26,0.16812753627111746
573,4,10,150,26,0.06437746926759551
574,4,10,150,26,0.051811563545175146
575,4,10,150,26,0.0
576,4,10,150,26,0.0
577,4,10,150,26,0.26117713945446713
578,4,10,150,26,0.0
579,4,10,150,26,0.0
580,4,10,150,26,0.09004726125505678
581,4,10,150,26,0.0
582,4,10,150,26,0.0
583,4,10,150,26,0.0
584,4,10,150,26,0.06323567569191428
585,4,10,150,26,0.04173963774222741
586,4,10,150,26,0.07563222788297667
587,4,10,150,26,0.0
588,4,10,150,26,0.146374212589319
589,4,10,150,26,0.0
590,4,10,150,26,0.053845569940583225
591,4,10,150,26,0.0
592,4,10,150,26,0.3981156997804587
593,4,10,150,26,0.028747338381158515
594,4,10,150,26,0.0
595,4,10,150,26,0.03995808168017168
596,4,10,150,26,0.0
597,4,10,150,26,0.27101620591530523
598,4,10,150,26,0.0
599,4,10,150,26,0.0
600,4,10,150,26,0.0
601,4,10,150,26,0.0
602,4,10,150,26,0.0
603,4,10,150,26,0.0
604,4,10,150,26,0.0
605,4,10,150,26,0.23939908411991156
606,4,10,150,26,0.2062699510283751
607,4,10,150,26,0.0
608,4,10,150,26,0.0
609,4,10,150,26,0.0
610,4,10,150,26,0.1669877967662679
611,4,10,150,26,0.0
612,4,10,150,26,0.0
613,4,10,150,26,0.0
614,4,10,150,26,0.0
615,4,10,150,26,0.027541830374730368
616,4,10,150,26,0.0
617,4,10,150,26,0.0
618,4,10,150,26,0.18642179835748734
619,4,10,150,26,0.03620451724718618
620,4,10,150,26,0.029327299035175076
621,4,10,150,26,0.07613814265188626
622,4,10,150,26,0.2657391967604706
623,4,10,150,26,0.0
624,4,10,150,26,0.0
625,4,10,150,26,0.0
626,4,10,150,26,0.0
627,4,10,150,26,0.0815955885158243
628,4,10,150,26,0.0
629,4,10,150,26,0.03781611394148834
630,4,10,150,26,0.17824021889642078
631,4,10,150,26,0.0
632,4,10,150,26,0.1330215015516225
633,4,10,150,26,0.07414861528507455
634,4,10,150,26,0.026881059133079824
635,4,10,150,26,0.0
636,4,10,150,26,0.06364028872631156
637,4,10,150,26,0.0
638,4,10,150,26,0.09712868482236708
639,4,10,150,26,0.0
640,4,10,150,26,0.03465142782262442
641,4,10,150,26,0.07675099783970546
642,4,10,150,26,0.09270853966450852
643,4,10,150,26,0.17001257759246435
644,4,10,150,26,0.04935421935348238
645,4,10,150,26,0.19731470514744656
646,4,10,150,26,0.0
647,4,10,150,26,0.030218457878623886
648,4,10,150,26,0.0998952042004292
649,4,10,150,26,0.11004588314904008
650,4,10,150,26,0.0840216219988126
651,4,10,150,26,0.0
652,4,10,150,26,0.0
653,4,10,150,26,0.19746860749585124
654,4,10,150,26,0.24614147095043193
655,4,10,150,26,0.027291799180733545
656,4,10,150,26,0.07397229644086958
657,4,10,150,26,0.0
658,4,10,150,26,0.22745389188843176
659,4,10,150,26,0.09515996879759878
660,4,10,150,26,0.0
661,4,10,150,26,0.08786592855830425
662,4,10,150,26,0.0512644431393966
663,4,10,150,26,0.31308307859715356
664,4,10,150,26,0.3922580547444272
665,4,10,150,26,0.0
666,4,10,150,26,0.3470398780119494
667,4,10,150,26,0.1593472521587426
668,4,10,150,26,0.06194403202282284
669,4,10,150,26,0.04270006763257965
670,4,10,150,26,0.0
671,4,10,150,26,0.15737307731909808
672,4,10,150,26,0.0
673,4,10,150,26,0.0
674,4,10,150,26,0.0316088333445714
675,4,10,150,26,0.0
676,4,10,150,26,0.11582866341850039
677,4,10,150,26,0.03314040476303028
678,4,10,150,26,0.0
679,4,10,150,26,0.1266596892460251
680,4,10,150,26,0.0
681,4,10,150,26,0.0
682,4,10,150,26,0.2176175292902247
683,4,10,150,26,0.0
684,4,10,150,26,0.07218720183689235
685,4,10,150,26,0.0
686,4,10,150,26,0.07277260183012466
687,4,10,150,26,0.0
688,4,10,150,26,0.0
689,4,10,150,26,0.15001451003751623
690,4,10,150,26,0.10698774871779544
691,4,10,150,26,0.05446824630887794
692,4,10,150,26,0.05833725389333616
693,4,10,150,26,0.0
694,4,10,150,26,0.15622635198089221
695,4,10,150,26,0.0
696,4,10,150,26,0.039725595076707886
697,4,10,150,26,0.026881059133079824
698,4,10,150,26,0.062167689708963934
699,4,10,150,26,0.07563222788297667
700,4,10,150,26,0.12729890218214104
701,4,10,150,26,0.0
702,4,10,150,26,0.037715680681715956
703,4,10,150,26,0.09261220774116596
704,4,10,150,26,0.11507910827037478
705,4,10,150,26,0.13899386048047208
706,4,10,150,26,0.04395738023645723
707,4,10,150,26,0.030682774986138056
708,4,10,150,26,0.03465142782262442
709,4,10,150,26,0.1939088668838257
710,4,10,150,26,0.11487257713667098
711,4,10,150,26,0.17182644125004626
712,4,10,150,26,0.11236088533957592
713,4,10,150,26,0.03837549891985273
714,4,10,150,26,0.0
715,4,10,150,26,0.0
716,4,10,150,26,0.22579979470363262
717,4,10,150,26,0.028747338381158515
718,4,10,150,26,0.0
719,4,10,150,26,0.0723514680762565
720,4,10,150,26,0.0
721,4,10,150,26,0.17191892056351135
722,4,10,150,26,0.06556429791586475
723,4,10,150,26,0.0
724,4,10,150,26,0.0
725,4,10,150,26,0.0
726,4,10,150,26,0.05010834716923557
727,4,10,150,26,0.21068143220226168
728,4,10,150,26,0.09627818061559096
729,4,10,150,26,0.0
730,4,10,150,26,0.0
731,4,10,150,26,0.08265814931275133
732,4,10,150,26,0.0
733,4,10,150,26,0.12800035947138763
734,4,10,150,26,0.0
735,4,10,150,26,0.0
736,4,10,150,26,0.0
737,4,10,150,26,0.04395738023645723
738,4,10,150,26,0.22976698390639697
739,4,10,150,26,0.03855307727568851
740,4,10,150,26,0.0
741,4,10,150,26,0.07712979981075394
742,4,10,150,26,0.0
743,4,10,150,26,0.0
744,4,10,150,26,0.0
745,4,10,150,26,0.03520132288421838
746,4,10,150,26,0.23491487959421534
747,4,10,150,26,0.5018237642414598
748,4,10,150,26,0.12576979228268123
749,4,10,150,26,0.18655698631823636
750,4,10,150,26,0.041278922835426404
751,4,10,150,26,0.06533420280876247
752,4,10,150,26,0.0
753,4,10,150,26,0.15780803084928155
754,4,10,150,26,0.0
755,4,10,150,26,0.03855371268423985
756,4,10,150,26,0.03995808168017168
757,4,10,150,26,0.0
758,4,10,150,26,0.24611525891211342
759,4,10,150,26,0.049710505523782283
760,4,10,150,26,0.0
761,4,10,150,26,0.0
762,4,10,150,26,0.051960280791503534
763,4,10,150,26,0.04270006763257965
764,4,10,150,26,0.1345344686347485
765,4,10,150,26,0.15066101840234988
766,4,10,150,26,0.04270006763257965
767,4,10,150,26,0.06994410797740244
768,4,10,150,26,0.03058665768901593
769,4,10,150,26,0.0
770,4,10,150,26,0.1912123147921425
771,4,10,150,26,0.193509841406824
772,4,10,150,26,0.0
773,4,10,150,26,0.14051791061279842
774,4,10,150,26,0.0
775,4,10,150,26,0.0
776,4,10,150,26,0.05958316236116827
777,4,10,150,26,0.0
778,4,10,150,26,0.09337519753956414
779,4,10,150,26,0.0
780,4,10,150,26,0.030023253564245667
781,4,10,150,26,0.0366967190946864
782,4,10,150,26,0.07876828295216166
783,4,10,150,26,0.0
784,4,10,150,26,0.0
785,4,10,150,26,0.0
786,4,10,150,26,0.0
787,4,10,150,26,0.0
788,4,10,150,26,0.32548915141146806
789,4,10,150,26,0.08809718769055445
790,4,10,150,26,0.0
791,4,10,150,26,0.04465281017341861
792,4,10,150,26,0.06658592494149675
793,4,10,150,26,0.0
794,4,10,150,26,0.0
795,4,10,150,26,0.0
796,4,10,150,26,0.43850270350959925
797,4,10,150,26,0.0
798,4,10,150,26,0.07563222788297667
799,4,10,150,26,0.0
800,4,10,150,26,0.0
801,4,10,150,26,0.05381256178894041
802,4,10,150,26,0.05993712252025753
803,4,10,150,26,0.0
804,4,10,150,26,0.1985724666839297
805,4,10,150,26,0.17270608290022865
806,4,10,150,26,0.3660305507945473
807,4,10,150,26,0.08280120090573205
808,4,10,150,26,0.0
809,4,10,150,26,0.0
810,4,10,150,26,0.0
811,4,10,150,26,0.0
812,4,10,150,26,0.0
813,4,10,150,26,0.0
814,4,10,150,26,0.0
815,4,10,150,26,0.12116443034753334
816,4,10,150,26,0.0
817,4,10,150,26,0.0
818,4,10,150,26,0.05516788910004661
819,4,10,150,26,0.037210602758860095
820,4,10,150,26,0.0
821,4,10,150,26,0.24125142751660056
822,4,10,150,26,0.0
823,4,10,150,26,0.2184224922395572
824,4,10,150,26,0.05046096657376444
825,4,10,150,26,0.046373688209044577
826,4,10,150,26,0.11987424504051505
827,4,10,150,26,0.0
828,4,10,150,26,0.03781611394148834
829,4,10,150,26,0.15110239493068348
830,4,10,150,26,0.1447694827634618
831,4,10,150,26,0.24001485355663799
832,4,10,150,26,0.0
833,4,10,150,26,0.18067435320457081
834,4,10,150,26,0.24251121723036934
835,4,10,150,26,0.027291799180733545
836,4,10,150,26,0.08063125834567192
837,4,10,150,26,0.0
838,4,10,150,26,0.279395416907386
839,4,10,150,26,0.03983635556421846
840,4,10,150,26,0.3925031629575197
841,4,10,150,26,0.0
842,4,10,150,26,0.0
843,4,10,150,26,0.0
844,4,10,150,26,0.027736288621349494
845,4,10,150,26,0.0
846,4,10,150,26,0.38608444761914285
847,4,10,150,26,0.07777419562166003
848,4,10,150,26,0.0
849,4,10,150,26,0.0
850,4,10,150,26,0.20938747063345256
851,4,10,150,26,0.06337754264550281
852,4,10,150,26,0.20911717738808477
853,4,10,150,26,0.0
854,4,10,150,26,0.0
855,4,10,150,26,0.0
856,4,10,150,26,0.0
857,4,10,150,26,0.0
858,4,10,150,26,0.05319635904163211
859,4,10,150,26,0.0
860,4,10,150,26,0.0
861,4,10,150,26,0.03709674194804795
862,4,10,150,26,0.0598621704502833
863,4,10,150,26,0.0
864,4,10,150,26,0.4981294348512526
865,4,10,150,26,0.033438075019306616
866,4,10,150,26,0.0
867,4,10,150,26,0.11283173743802023
868,4,10,150,26,0.3253273350692779
869,4,10,150,26,0.03406297225598251
870,4,10,150,26,0.3988293051345183
871,4,10,150,26,0.07235267642328876
872,4,10,150,26,0.028747338381158515
873,4,10,150,26,0.0
874,4,10,150,26,0.13944914190808633
875,4,10,150,26,0.11315951421139979
876,4,10,150,26,0.08671382849411972
877,4,10,150,26,0.06605430472489804
878,4,10,150,26,0.2816687063335613
879,4,10,150,26,0.0
880,4,10,150,26,0.5124176458568607
881,4,10,150,26,0.10167997545846383
882,4,10,150,26,0.2304661850996181
883,4,10,150,26,0.4419252537643553
884,4,10,150,26,0.09113547509404434
885,4,10,150,26,0.06430520923040303
886,4,10,150,26,0.22666445665231058
887,4,10,150,26,0.0781269948044995
888,4,10,150,26,0.11625487663628292
889,4,10,150,26,0.0
890,4,10,150,26,0.051355829969520546
891,4,10,150,26,0.03339755935325358
892,4,10,150,26,0.25468077766381175
893,4,10,150,26,0.0840216219988126
894,4,10,150,26,0.1753199827934406
895,4,10,150,26,0.0
896,4,10,150,26,0.4743971349873598
897,4,10,150,26,0.35550529112818163
898,4,10,150,26,0.0
899,4,10,150,26,0.10188495315541189
900,4,10,150,26,0.03232193387019919
901,4,10,150,26,0.2316075175145884
902,4,10,150,26,0.0316088333445714
903,4,10,150,26,0.24151335246238637
904,4,10,150,26,0.0
905,4,10,150,26,0.0
906,4,10,150,26,0.04258528250242427
907,4,10,150,26,0.046373688209044577
908,4,10,150,26,0.07735149545520406
909,4,10,150,26,0.0
910,4,10,150,26,0.0
911,4,10,150,26,0.08857888768232945
912,4,10,150,26,0.10689524683087613
913,4,10,150,26,0.025813513627847767
914,4,10,150,26,0.0
915,4,10,150,26,0.0
916,4,10,150,26,0.435882431403172
917,4,10,150,26,0.0
918,4,10,150,26,0.05993712252025753
919,4,10,150,26,0.13627937198943088
920,4,10,150,26,0.0
921,4,10,150,26,0.12486011226239004
922,4,10,150,26,0.19257490722769463
923,4,10,150,26,0.0
924,4,10,150,26,0.0
925,4,10,150,26,0.0
926,4,10,150,26,0.0
927,4,10,150,26,0.054719433314437745
928,4,10,150,26,0.1482972305701491
929,4,10,150,26,0.25163227912988373
930,4,10,150,26,0.0
931,4,10,150,26,0.061687570642613335
932,4,10,150,26,0.28810468141882595
933,4,10,150,26,0.03995808168017168
934,4,10,150,26,0.12802662536218856
935,4,10,150,26,0.04173963774222741
936,4,10,150,26,0.17565631992849157
937,4,10,150,26,0.0
938,4,10,150,26,0.11833229551555632
939,4,10,150,26,0.0
940,4,10,150,26,0.0685135812604274
941,4,10,150,26,0.0
942,4,10,150,26,0.05646852880893274
943,4,10,150,26,0.22856578000058825
1,4,10,150,27,0.4058715898896693
2,4,10,150,27,0.0
3,4,10,150,27,0.0
4,4,10,150,27,0.0
5,4,10,150,27,0.040209635547393256
6,4,10,150,27,0.27020011346731576
7,4,10,150,27,0.2999936940797204
8,4,10,150,27,0.0
9,4,10,150,27,0.21840743681816419
10,4,10,150,27,0.03855371268423985
11,4,10,150,27,0.1722584975122812
12,4,10,150,27,0.0
13,4,10,150,27,0.2607613946497252
14,4,10,150,27,0.0
15,4,10,150,27,0.05010834716923557
16,4,10,150,27,0.0
17,4,10,150,27,0.0
18,4,10,150,27,0.21709796863799127
19,4,10,150,27,0.0
20,4,10,150,27,0.0
21,4,10,150,27,0.0
22,4,10,150,27,0.0664352832729762
23,4,10,150,27,0.19906649093208975
24,4,10,150,27,0.0
25,4,10,150,27,0.12358102547512423
26,4,10,150,27,0.0
27,4,10,150,27,0.0
28,4,10,150,27,0.0
29,4,10,150,27,0.0740318445087683
30,4,10,150,27,0.0
31,4,10,150,27,0.0
32,4,10,150,27,0.0
33,4,10,150,27,0.0
35,4,10,150,27,0.10523285614729473
36,4,10,150,27,0.0
37,4,10,150,27,0.0
38,4,10,150,27,0.04739418218477539
39,4,10,150,27,0.0
40,4,10,150,27,0.0
41,4,10,150,27,0.0
42,4,10,150,27,0.0683037314796457
43,4,10,150,27,0.22592974817952552
44,4,10,150,27,0.1694627944724332
45,4,10,150,27,0.0
46,4,10,150,27,0.11284514134893527
47,4,10,150,27,0.0
48,4,10,150,27,0.0
49,4,10,150,27,0.0
50,4,10,150,27,0.0
51,4,10,150,27,0.16812753627111746
52,4,10,150,27,0.0
54,4,10,150,27,0.0
56,4,10,150,27,0.20383503459815738
57,4,10,150,27,0.23047740788088653
58,4,10,150,27,0.23504554941448536
59,4,10,150,27,0.22744310087350525
60,4,10,150,27,0.06362078819895171
61,4,10,150,27,0.0
62,4,10,150,27,0.08314631791322982
63,4,10,150,27,0.0
64,4,10,150,27,0.04238468688770069
65,4,10,150,27,0.13012668333070054
66,4,10,150,27,0.0
67,4,10,150,27,0.0
68,4,10,150,27,0.4176344875447225
69,4,10,150,27,0.0
70,4,10,150,27,0.0
71,4,10,150,27,0.0
72,4,10,150,27,0.0
73,4,10,150,27,0.0
74,4,10,150,27,0.0
75,4,10,150,27,0.049432410190049694
76,4,10,150,27,0.067856722420442
77,4,10,150,27,0.05381256178894041
78,4,10,150,27,0.0
79,4,10,150,27,0.27487633291429087
80,4,10,150,27,0.0
81,4,10,150,27,0.0
82,4,10,150,27,0.19298623480417013
83,4,10,150,27,0.12089611529519323
84,4,10,150,27,0.0
85,4,10,150,27,0.0
87,4,10,150,27,0.0
89,4,10,150,27,0.16716045496620227
90,4,10,150,27,0.0
91,4,10,150,27,0.0
92,4,10,150,27,0.1154324146983833
93,4,10,150,27,0.0
94,4,10,150,27,0.053556951388696684
95,4,10,150,27,0.15097216460709872
96,4,10,150,27,0.0
97,4,10,150,27,0.0
98,4,10,150,27,0.0
99,4,10,150,27,0.0
100,4,10,150,27,0.0
101,4,10,150,27,0.0
102,4,10,150,27,0.0
103,4,10,150,27,0.0
104,4,10,150,27,0.0
105,4,10,150,27,0.0
106,4,10,150,27,0.0
107,4,10,150,27,0.0
108,4,10,150,27,0.0
109,4,10,150,27,0.07103066762111539
110,4,10,150,27,0.0
111,4,10,150,27,0.0
112,4,10,150,27,0.0
113,4,10,150,27,0.0
114,4,10,150,27,0.0
115,4,10,150,27,0.10684080426179023
116,4,10,150,27,0.0
117,4,10,150,27,0.14606834984270645
118,4,10,150,27,0.0
119,4,10,150,27,0.10331623627585464
120,4,10,150,27,0.0
121,4,10,150,27,0.2147325744928709
122,4,10,150,27,0.1530100230930498
123,4,10,150,27,0.0
125,4,10,150,27,0.0458402539699961
126,4,10,150,27,0.0
127,4,10,150,27,0.10253313861822189
128,4,10,150,27,0.03233829114831982
129,4,10,150,27,0.0
130,4,10,150,27,0.11695783215678135
131,4,10,150,27,0.0
133,4,10,150,27,0.11047239495909743
134,4,10,150,27,0.0
135,4,10,150,27,0.0
137,4,10,150,27,0.0
138,4,10,150,27,0.0
139,4,10,150,27,0.0
141,4,10,150,27,0.0
142,4,10,150,27,0.13373003436102654
143,4,10,150,27,0.0
144,4,10,150,27,0.1227945149537572
145,4,10,150,27,0.08829985348038716
146,4,10,150,27,0.0
148,4,10,150,27,0.0
149,4,10,150,27,0.0
150,4,10,150,27,0.10235170428306553
151,4,10,150,27,0.035510009908414325
152,4,10,150,27,0.0
153,4,10,150,27,0.0
154,4,10,150,27,0.0
155,4,10,150,27,0.0
156,4,10,150,27,0.0
158,4,10,150,27,0.11008935378765584
159,4,10,150,27,0.0
160,4,10,150,27,0.0
161,4,10,150,27,0.0
162,4,10,150,27,0.0
163,4,10,150,27,0.0
164,4,10,150,27,0.0
165,4,10,150,27,0.0
166,4,10,150,27,0.0
167,4,10,150,27,0.0
168,4,10,150,27,0.23504554941448536
169,4,10,150,27,0.0
170,4,10,150,27,0.0
171,4,10,150,27,0.0
172,4,10,150,27,0.0
173,4,10,150,27,0.0
174,4,10,150,27,0.060961917527339995
175,4,10,150,27,0.0
176,4,10,150,27,0.0
177,4,10,150,27,0.06912040963822193
178,4,10,150,27,0.19090790515324066
179,4,10,150,27,0.0
180,4,10,150,27,0.0
181,4,10,150,27,0.0
182,4,10,150,27,0.0
183,4,10,150,27,0.0
184,4,10,150,27,0.09303069037986347
185,4,10,150,27,0.07745351606183934
186,4,10,150,27,0.22147164648185297
187,4,10,150,27,0.0
188,4,10,150,27,0.054384419234677496
189,4,10,150,27,0.18472415061971442
190,4,10,150,27,0.10699313236726378
191,4,10,150,27,0.0
192,4,10,150,27,0.0
193,4,10,150,27,0.0
194,4,10,150,27,0.0
195,4,10,150,27,0.0
196,4,10,150,27,0.0
197,4,10,150,27,0.0
198,4,10,150,27,0.0
199,4,10,150,27,0.0
200,4,10,150,27,0.03719976603506465
201,4,10,150,27,0.04524546569791721
203,4,10,150,27,0.0
204,4,10,150,27,0.0
205,4,10,150,27,0.0
206,4,10,150,27,0.0
207,4,10,150,27,0.0
209,4,10,150,27,0.0
210,4,10,150,27,0.03436980580657827
211,4,10,150,27,0.0
212,4,10,150,27,0.12681701683239352
213,4,10,150,27,0.19336468350582656
214,4,10,150,27,0.056720838976548935
215,4,10,150,27,0.0
216,4,10,150,27,0.0
217,4,10,150,27,0.0
218,4,10,150,27,0.19092086617893467
219,4,10,150,27,0.0
221,4,10,150,27,0.3375735570145491
222,4,10,150,27,0.12423025933305447
223,4,10,150,27,0.0
224,4,10,150,27,0.0
225,4,10,150,27,0.0
226,4,10,150,27,0.0
227,4,10,150,27,0.0
228,4,10,150,27,0.0
229,4,10,150,27,0.0
230,4,10,150,27,0.13878248056476364
231,4,10,150,27,0.0
232,4,10,150,27,0.3234992853586256
233,4,10,150,27,0.05061430410615009
234,4,10,150,27,0.0
235,4,10,150,27,0.06065881345112158
236,4,10,150,27,0.0
237,4,10,150,27,0.0
238,4,10,150,27,0.0
239,4,10,150,27,0.060772229737720354
240,4,10,150,27,0.0
242,4,10,150,27,0.0
243,4,10,150,27,0.05446333035917803
244,4,10,150,27,0.0897700875992608
245,4,10,150,27,0.0
246,4,10,150,27,0.08041927109478651
247,4,10,150,27,0.0
248,4,10,150,27,0.07984133538066794
249,4,10,150,27,0.12756848747646268
250,4,10,150,27,0.2529427027676571
251,4,10,150,27,0.0
252,4,10,150,27,0.0
253,4,10,150,27,0.05954496680255472
254,4,10,150,27,0.0
255,4,10,150,27,0.0
256,4,10,150,27,0.1412126830355814
257,4,10,150,27,0.3305900772260718
258,4,10,150,27,0.0
259,4,10,150,27,0.0
260,4,10,150,27,0.0
261,4,10,150,27,0.0
262,4,10,150,27,0.0
263,4,10,150,27,0.0975109251896312
264,4,10,150,27,0.0
265,4,10,150,27,0.10209739512291163
267,4,10,150,27,0.09794101962538232
268,4,10,150,27,0.04524546569791721
269,4,10,150,27,0.11688470359095067
270,4,10,150,27,0.0
271,4,10,150,27,0.13154480105801394
272,4,10,150,27,0.09109240322345806
273,4,10,150,27,0.0
274,4,10,150,27,0.0
275,4,10,150,27,0.0
276,4,10,150,27,0.20657233474149597
277,4,10,150,27,0.0
279,4,10,150,27,0.08423140975017765
280,4,10,150,27,0.0
281,4,10,150,27,0.0
283,4,10,150,27,0.07132875491150918
284,4,10,150,27,0.0
285,4,10,150,27,0.06258116307550304
286,4,10,150,27,0.22153894676324423
287,4,10,150,27,0.06364028872631156
288,4,10,150,27,0.0
289,4,10,150,27,0.13905617951077562
290,4,10,150,27,0.0
291,4,10,150,27,0.19524919197473978
292,4,10,150,27,0.0
293,4,10,150,27,0.07379217622092994
294,4,10,150,27,0.04123398036294628
295,4,10,150,27,0.23611013359098149
296,4,10,150,27,0.47774763069170006
297,4,10,150,27,0.049712302565054066
298,4,10,150,27,0.17110977534502889
299,4,10,150,27,0.0
300,4,10,150,27,0.0
301,4,10,150,27,0.047934103497110726
303,4,10,150,27,0.10977278137177064
304,4,10,150,27,0.0
305,4,10,150,27,0.31514747987601716
306,4,10,150,27,0.0
307,4,10,150,27,0.1383141340724969
308,4,10,150,27,0.14062671741698468
309,4,10,150,27,0.0
310,4,10,150,27,0.0
311,4,10,150,27,0.04209275315645388
312,4,10,150,27,0.07579200366109638
313,4,10,150,27,0.09189442695154341
314,4,10,150,27,0.15216564786380588
315,4,10,150,27,0.0
316,4,10,150,27,0.04568304891751105
317,4,10,150,27,0.0
318,4,10,150,27,0.05633425377856011
319,4,10,150,27,0.0
320,4,10,150,27,0.0
321,4,10,150,27,0.062242588308449316
322,4,10,150,27,0.17342765698823945
323,4,10,150,27,0.14126697285982898
324,4,10,150,27,0.0
325,4,10,150,27,0.0
326,4,10,150,27,0.036356287988538835
327,4,10,150,27,0.0
328,4,10,150,27,0.11968995195076808
329,4,10,150,27,0.0
330,4,10,150,27,0.0536466452928127
331,4,10,150,27,0.16958010263680806
332,4,10,150,27,0.0
333,4,10,150,27,0.0
334,4,10,150,27,0.08690668610073647
336,4,10,150,27,0.0
337,4,10,150,27,0.16716045496620227
338,4,10,150,27,0.0
339,4,10,150,27,0.06608282041002614
340,4,10,150,27,0.0
341,4,10,150,27,0.0
342,4,10,150,27,0.23069905815672795
343,4,10,150,27,0.17934679000010195
344,4,10,150,27,0.2076030287632974
345,4,10,150,27,0.030894044636925338
346,4,10,150,27,0.13947804593499064
347,4,10,150,27,0.03232623375868038
348,4,10,150,27,0.0
349,4,10,150,27,0.0
350,4,10,150,27,0.0
351,4,10,150,27,0.0
352,4,10,150,27,0.0
353,4,10,150,27,0.0
354,4,10,150,27,0.052483070257865895
355,4,10,150,27,0.0
356,4,10,150,27,0.08406376813555873
357,4,10,150,27,0.0
358,4,10,150,27,0.20438239758848611
359,4,10,150,27,0.0
360,4,10,150,27,0.03588081068184636
361,4,10,150,27,0.09622728274290568
362,4,10,150,27,0.0
363,4,10,150,27,0.1803013146105011
364,4,10,150,27,0.0
365,4,10,150,27,0.0
366,4,10,150,27,0.0
367,4,10,150,27,0.0
368,4,10,150,27,0.0
369,4,10,150,27,0.0
370,4,10,150,27,0.09092803061897883
371,4,10,150,27,0.16676134190097475
372,4,10,150,27,0.0
373,4,10,150,27,0.035769798946978335
374,4,10,150,27,0.06065521593982442
375,4,10,150,27,0.0
376,4,10,150,27,0.0
377,4,10,150,27,0.0
378,4,10,150,27,0.20615566847010877
379,4,10,150,27,0.07914381729818405
380,4,10,150,27,0.0
381,4,10,150,27,0.0
382,4,10,150,27,0.0
383,4,10,150,27,0.0
384,4,10,150,27,0.0
385,4,10,150,27,0.0
386,4,10,150,27,0.0
387,4,10,150,27,0.10398660934562484
388,4,10,150,27,0.0
389,4,10,150,27,0.12115303505484953
390,4,10,150,27,0.0
391,4,10,150,27,0.2137247802747043
392,4,10,150,27,0.0
393,4,10,150,27,0.0
394,4,10,150,27,0.0834477484387131
395,4,10,150,27,0.0
396,4,10,150,27,0.0
397,4,10,150,27,0.22320497122386787
398,4,10,150,27,0.1418968660083944
399,4,10,150,27,0.0
400,4,10,150,27,0.0
401,4,10,150,27,0.0
402,4,10,150,27,0.08963222225173058
403,4,10,150,27,0.0
404,4,10,150,27,0.0
405,4,10,150,27,0.07379217622092994
406,4,10,150,27,0.23114118729110758
407,4,10,150,27,0.04270006763257965
408,4,10,150,27,0.0
409,4,10,150,27,0.093341383100525
410,4,10,150,27,0.0
411,4,10,150,27,0.0
412,4,10,150,27,0.0
413,4,10,150,27,0.0
414,4,10,150,27,0.0
415,4,10,150,27,0.0
416,4,10,150,27,0.19422565353199442
417,4,10,150,27,0.12034127237808255
418,4,10,150,27,0.0
419,4,10,150,27,0.1208113026994942
420,4,10,150,27,0.0
421,4,10,150,27,0.05954496680255472
422,4,10,150,27,0.04320473659574256
423,4,10,150,27,0.053845569940583225
424,4,10,150,27,0.23504554941448536
425,4,10,150,27,0.17543674823517202
426,4,10,150,27,0.0
427,4,10,150,27,0.0
428,4,10,150,27,0.0
429,4,10,150,27,0.22764609648817627
430,4,10,150,27,0.0
431,4,10,150,27,0.0
432,4,10,150,27,0.0
433,4,10,150,27,0.05780921899607981
434,4,10,150,27,0.15130120674940672
435,4,10,150,27,0.18651903131431913
436,4,10,150,27,0.0
437,4,10,150,27,0.08538617125906994
438,4,10,150,27,0.0
439,4,10,150,27,0.0
440,4,10,150,27,0.0
441,4,10,150,27,0.0
442,4,10,150,27,0.040949887133979804
443,4,10,150,27,0.0
444,4,10,150,27,0.1312721899408984
445,4,10,150,27,0.0
446,4,10,150,27,0.0
447,4,10,150,27,0.16220329785469856
448,4,10,150,27,0.0
449,4,10,150,27,0.1511226181481109
450,4,10,150,27,0.3224425342315612
451,4,10,150,27,0.0
452,4,10,150,27,0.10131133299506602
453,4,10,150,27,0.0
454,4,10,150,27,0.0
455,4,10,150,27,0.07379217622092994
456,4,10,150,27,0.0
457,4,10,150,27,0.3325157480015573
458,4,10,150,27,0.02706149421947509
459,4,10,150,27,0.0
460,4,10,150,27,0.05184030722866645
461,4,10,150,27,0.0
462,4,10,150,27,0.0
463,4,10,150,27,0.11987424504051505
464,4,10,150,27,0.0
465,4,10,150,27,0.0
466,4,10,150,27,0.0
467,4,10,150,27,0.0
468,4,10,150,27,0.09063580949954383
469,4,10,150,27,0.0
470,4,10,150,27,0.0
471,4,10,150,27,0.0
472,4,10,150,27,0.030718920234936747
473,4,10,150,27,0.0
474,4,10,150,27,0.20290539470243968
475,4,10,150,27,0.0
476,4,10,150,27,0.0
477,4,10,150,27,0.0
478,4,10,150,27,0.2345109835167376
479,4,10,150,27,0.09199978271139746
480,4,10,150,27,0.0
481,4,10,150,27,0.07207850898626693
482,4,10,150,27,0.0
483,4,10,150,27,0.0
484,4,10,150,27,0.21578811189105124
485,4,10,150,27,0.0
486,4,10,150,27,0.0
487,4,10,150,27,0.09195727949584882
488,4,10,150,27,0.0
489,4,10,150,27,0.0
490,4,10,150,27,0.0
491,4,10,150,27,0.06362078819895171
492,4,10,150,27,0.0
493,4,10,150,27,0.029108658262576942
494,4,10,150,27,0.0
495,4,10,150,27,0.025855251523675002
496,4,10,150,27,0.02649996754880397
497,4,10,150,27,0.07419375975928498
498,4,10,150,27,0.0
499,4,10,150,27,0.0
500,4,10,150,27,0.12584061243474415
501,4,10,150,27,0.0
502,4,10,150,27,0.0
503,4,10,150,27,0.0
504,4,10,150,27,0.08538617125906994
505,4,10,150,27,0.07379217622092994
506,4,10,150,27,0.06395758232994006
507,4,10,150,27,0.05319635904163211
508,4,10,150,27,0.0
509,4,10,150,27,0.0
510,4,10,150,27,0.0
511,4,10,150,27,0.0
512,4,10,150,27,0.0
513,4,10,150,27,0.0
514,4,10,150,27,0.3045356640930653
515,4,10,150,27,0.11706259313796354
516,4,10,150,27,0.0
517,4,10,150,27,0.0
518,4,10,150,27,0.0
519,4,10,150,27,0.0
520,4,10,150,27,0.0
521,4,10,150,27,0.09850628252086785
522,4,10,150,27,0.0
523,4,10,150,27,0.0
524,4,10,150,27,0.20628845008065239
525,4,10,150,27,0.0
526,4,10,150,27,0.04972780777662495
527,4,10,150,27,0.13348568946533407
528,4,10,150,27,0.10209739512291163
529,4,10,150,27,0.0
530,4,10,150,27,0.0
531,4,10,150,27,0.0
532,4,10,150,27,0.28612501256656697
533,4,10,150,27,0.1423019996570886
534,4,10,150,27,0.047934103497110726
535,4,10,150,27,0.11794886318035529
536,4,10,150,27,0.07379217622092994
537,4,10,150,27,0.3550033068193579
538,4,10,150,27,0.14697776980950736
539,4,10,150,27,0.0
540,4,10,150,27,0.0
541,4,10,150,27,0.0
542,4,10,150,27,0.049033875503285806
543,4,10,150,27,0.0
544,4,10,150,27,0.0
545,4,10,150,27,0.026627818734190897
546,4,10,150,27,0.05758752804519195
547,4,10,150,27,0.0
548,4,10,150,27,0.11297504908271616
549,4,10,150,27,0.0
550,4,10,150,27,0.0
551,4,10,150,27,0.05208232307870896
552,4,10,150,27,0.1205344274731702
553,4,10,150,27,0.04743759234968417
554,4,10,150,27,0.12627825946936164
555,4,10,150,27,0.0
556,4,10,150,27,0.0
557,4,10,150,27,0.0
558,4,10,150,27,0.0
559,4,10,150,27,0.04366879852493834
560,4,10,150,27,0.06536545161870184
561,4,10,150,27,0.03898594405226045
562,4,10,150,27,0.0
563,4,10,150,27,0.0
564,4,10,150,27,0.043134162606390795
565,4,10,150,27,0.0
566,4,10,150,27,0.04166122040281927
567,4,10,150,27,0.11602929765927913
568,4,10,150,27,0.036155150901276155
569,4,10,150,27,0.18299769260789403
570,4,10,150,27,0.0
571,4,10,150,27,0.0
572,4,10,150,27,0.16812753627111746
573,4,10,150,27,0.06437746926759551
574,4,10,150,27,0.051811563545175146
575,4,10,150,27,0.0
576,4,10,150,27,0.0
577,4,10,150,27,0.25482297743922955
578,4,10,150,27,0.0
579,4,10,150,27,0.0
580,4,10,150,27,0.09004726125505678
581,4,10,150,27,0.0
582,4,10,150,27,0.0
583,4,10,150,27,0.0
584,4,10,150,27,0.06323567569191428
585,4,10,150,27,0.04173963774222741
586,4,10,150,27,0.07379217622092994
587,4,10,150,27,0.0
588,4,10,150,27,0.14281308368045634
589,4,10,150,27,0.0
590,4,10,150,27,0.053845569940583225
591,4,10,150,27,0.0
592,4,10,150,27,0.4127589046413864
593,4,10,150,27,0.02804794621397926
594,4,10,150,27,0.0
595,4,10,150,27,0.03995808168017168
596,4,10,150,27,0.0
597,4,10,150,27,0.27101620591530523
598,4,10,150,27,0.0
599,4,10,150,27,0.0
600,4,10,150,27,0.0
601,4,10,150,27,0.0
602,4,10,150,27,0.0
603,4,10,150,27,0.0
604,4,10,150,27,0.0
605,4,10,150,27,0.23939908411991156
606,4,10,150,27,0.20125162250832512
607,4,10,150,27,0.0
608,4,10,150,27,0.0
609,4,10,150,27,0.0
610,4,10,150,27,0.1669877967662679
611,4,10,150,27,0.0
612,4,10,150,27,0.0
613,4,10,150,27,0.04578230021840749
614,4,10,150,27,0.0
615,4,10,150,27,0.027541830374730368
616,4,10,150,27,0.0
617,4,10,150,27,0.0
618,4,10,150,27,0.18188635428144892
619,4,10,150,27,0.03620451724718618
620,4,10,150,27,0.029327299035175076
621,4,10,150,27,0.07428578262160229
622,4,10,150,27,0.25927404474317656
623,4,10,150,27,0.0
624,4,10,150,27,0.0
625,4,10,150,27,0.0
626,4,10,150,27,0.0
627,4,10,150,27,0.07961045463220355
628,4,10,150,27,0.0
629,4,10,150,27,0.03689608811046497
630,4,10,150,27,0.17390382394675208
631,4,10,150,27,0.0
632,4,10,150,27,0.1297852299003797
633,4,10,150,27,0.07414861528507455
634,4,10,150,27,0.026227071555033968
635,4,10,150,27,0.0
636,4,10,150,27,0.06364028872631156
637,4,10,150,27,0.0
638,4,10,150,27,0.09712868482236708
639,4,10,150,27,0.0
640,4,10,150,27,0.033808395438916686
641,4,10,150,27,0.07675099783970546
642,4,10,150,27,0.09045303949916167
643,4,10,150,27,0.16587635240481158
644,4,10,150,27,0.04935421935348238
645,4,10,150,27,0.1925142482348909
646,4,10,150,27,0.0
647,4,10,150,27,0.030218457878623886
648,4,10,150,27,0.09746486013065112
649,4,10,150,27,0.11004588314904008
650,4,10,150,27,0.08197746530087702
651,4,10,150,27,0.0
652,4,10,150,27,0.0
653,4,10,150,27,0.19266440630284926
654,4,10,150,27,0.24015311075797868
655,4,10,150,27,0.026627818734190897
656,4,10,150,27,0.07397229644086958
657,4,10,150,27,0.0
658,4,10,150,27,0.22745389188843176
659,4,10,150,27,0.1171737643699905
660,4,10,150,27,0.0
661,4,10,150,27,0.08572824397057603
662,4,10,150,27,0.0512644431393966
663,4,10,150,27,0.3054661002896685
664,4,10,150,27,0.38271483347768787
665,4,10,150,27,0.0
666,4,10,150,27,0.3385967668911132
667,4,10,150,27,0.1593472521587426
668,4,10,150,27,0.06194403202282284
669,4,10,150,27,0.06599015680402887
670,4,10,150,27,0.0
671,4,10,150,27,0.1535443577297391
672,4,10,150,27,0.0
673,4,10,150,27,0.0
674,4,10,150,27,0.0316088333445714
675,4,10,150,27,0.0
676,4,10,150,27,0.11582866341850039
677,4,10,150,27,0.03314040476303028
678,4,10,150,27,0.0
679,4,10,150,27,0.1266596892460251
680,4,10,150,27,0.0
681,4,10,150,27,0.0
682,4,10,150,27,0.21232312626033445
683,4,10,150,27,0.0
684,4,10,150,27,0.07043096399442131
685,4,10,150,27,0.0976168253917686
686,4,10,150,27,0.07277260183012466
687,4,10,150,27,0.0
688,4,10,150,27,0.0
689,4,10,150,27,0.15001451003751623
690,4,10,150,27,0.1043848505835316
691,4,10,150,27,0.05446824630887794
692,4,10,150,27,0.05833725389333616
693,4,10,150,27,0.0
694,4,10,150,27,0.1524255309993561
695,4,10,150,27,0.0
696,4,10,150,27,0.039725595076707886
697,4,10,150,27,0.026227071555033968
698,4,10,150,27,0.06065521593982442
699,4,10,150,27,0.07379217622092994
700,4,10,150,27,0.12729890218214104
701,4,10,150,27,0.0
702,4,10,150,27,0.037715680681715956
703,4,10,150,27,0.09261220774116596
704,4,10,150,27,0.1122793559641569
705,4,10,150,27,0.13561228768868408
706,4,10,150,27,0.04395738023645723
707,4,10,150,27,0.029936295704887678
708,4,10,150,27,0.033808395438916686
709,4,10,150,27,0.18919127039377848
710,4,10,150,27,0.11207784951326986
711,4,10,150,27,0.16764608668882772
712,4,10,150,27,0.10962726450616576
713,4,10,150,27,0.07544584240062391
714,4,10,150,27,0.0
715,4,10,150,27,0.0
716,4,10,150,27,0.22030632585888177
717,4,10,150,27,0.02804794621397926
718,4,10,150,27,0.0
719,4,10,150,27,0.0723514680762565
720,4,10,150,27,0.0
721,4,10,150,27,0.16773631607895706
722,4,10,150,27,0.06556429791586475
723,4,10,150,27,0.0
724,4,10,150,27,0.0
725,4,10,150,27,0.0
726,4,10,150,27,0.05010834716923557
727,4,10,150,27,0.2298847134385067
728,4,10,150,27,0.09627818061559096
729,4,10,150,27,0.0
730,4,10,150,27,0.0
731,4,10,150,27,0.1049761008562893
732,4,10,150,27,0.0
733,4,10,150,27,0.12488624686647627
734,4,10,150,27,0.0
735,4,10,150,27,0.0
736,4,10,150,27,0.0
737,4,10,150,27,0.04395738023645723
738,4,10,150,27,0.22417699756784049
739,4,10,150,27,0.03855307727568851
740,4,10,150,27,0.0
741,4,10,150,27,0.07525331381652008
742,4,10,150,27,0.0488929053971083
743,4,10,150,27,0.0
744,4,10,150,27,0.0
745,4,10,150,27,0.03520132288421838
746,4,10,150,27,0.23491487959421534
747,4,10,150,27,0.5139438621978234
748,4,10,150,27,0.12270994700504254
749,4,10,150,27,0.18201825326289867
750,4,10,150,27,0.041278922835426404
751,4,10,150,27,0.08807362754501395
752,4,10,150,27,0.0
753,4,10,150,27,0.15780803084928155
754,4,10,150,27,0.0
755,4,10,150,27,0.03855371268423985
756,4,10,150,27,0.03898594405226045
757,4,10,150,27,0.0
758,4,10,150,27,0.2401275364306734
759,4,10,150,27,0.049710505523782283
760,4,10,150,27,0.0
761,4,10,150,27,0.0
762,4,10,150,27,0.051960280791503534
763,4,10,150,27,0.04166122040281927
764,4,10,150,27,0.13126138810356316
765,4,10,150,27,0.15066101840234988
766,4,10,150,27,0.04166122040281927
767,4,10,150,27,0.06994410797740244
768,4,10,150,27,0.060133059387366614
769,4,10,150,27,0.0
770,4,10,150,27,0.1912123147921425
771,4,10,150,27,0.193509841406824
772,4,10,150,27,0.0
773,4,10,150,27,0.1370992593022688
774,4,10,150,27,0.024328936401209596
775,4,10,150,27,0.0
776,4,10,150,27,0.05813356739350046
777,4,10,150,27,0.0
778,4,10,150,27,0.09337519753956414
779,4,10,150,27,0.0
780,4,10,150,27,0.030023253564245667
781,4,10,150,27,0.0366967190946864
782,4,10,150,27,0.07685193440578604
783,4,10,150,27,0.0
784,4,10,150,27,0.0
785,4,10,150,27,0.0
786,4,10,150,27,0.0
787,4,10,150,27,0.0
788,4,10,150,27,0.34189928294870436
789,4,10,150,27,0.08809718769055445
790,4,10,150,27,0.0
791,4,10,150,27,0.04465281017341861
792,4,10,150,27,0.06658592494149675
793,4,10,150,27,0.0
794,4,10,150,27,0.0
795,4,10,150,27,0.0
796,4,10,150,27,0.4278343991241557
797,4,10,150,27,0.0
798,4,10,150,27,0.07379217622092994
799,4,10,150,27,0.0
800,4,10,150,27,0.0
801,4,10,150,27,0.10642833634036353
802,4,10,150,27,0.058478916078390675
803,4,10,150,27,0.0
804,4,10,150,27,0.19374140977094506
805,4,10,150,27,0.16850432759324696
806,4,10,150,27,0.35712541680336707
807,4,10,150,27,0.08078673575495272
808,4,10,150,27,0.0
809,4,10,150,27,0.0
810,4,10,150,27,0.0
811,4,10,150,27,0.0
812,4,10,150,27,0.0
813,4,10,150,27,0.0
814,4,10,150,27,0.0
815,4,10,150,27,0.142545565028729
816,4,10,150,27,0.0
817,4,10,150,27,0.0
818,4,10,150,27,0.05516788910004661
819,4,10,150,27,0.037210602758860095
820,4,10,150,27,0.0
821,4,10,150,27,0.23538203687984816
822,4,10,150,27,0.0
823,4,10,150,27,0.21310850531726733
824,4,10,150,27,0.05046096657376444
825,4,10,150,27,0.04524546569791721
826,4,10,150,27,0.11695783215678135
827,4,10,150,27,0.0
828,4,10,150,27,0.03689608811046497
829,4,10,150,27,0.15110239493068348
830,4,10,150,27,0.14124739522447352
831,4,10,150,27,0.2341755474491129
832,4,10,150,27,0.0
833,4,10,150,27,0.17627873835612715
834,4,10,150,27,0.24251121723036934
835,4,10,150,27,0.026627818734190897
836,4,10,150,27,0.08063125834567192
837,4,10,150,27,0.0
838,4,10,150,27,0.29692695997986635
839,4,10,150,27,0.03983635556421846
840,4,10,150,27,0.4072829148698622
841,4,10,150,27,0.0
842,4,10,150,27,0.0
843,4,10,150,27,0.0
844,4,10,150,27,0.02706149421947509
845,4,10,150,27,0.0
846,4,10,150,27,0.40102036004873015
847,4,10,150,27,0.07588203216272543
848,4,10,150,27,0.0
849,4,10,150,27,0.0
850,4,10,150,27,0.20938747063345256
851,4,10,150,27,0.061835634441215426
852,4,10,150,27,0.20911717738808477
853,4,10,150,27,0.0
854,4,10,150,27,0.0
855,4,10,150,27,0.0
856,4,10,150,27,0.0
857,4,10,150,27,0.0
858,4,10,150,27,0.05319635904163211
859,4,10,150,27,0.0
860,4,10,150,27,0.0
861,4,10,150,27,0.03709674194804795
862,4,10,150,27,0.058405787512559995
863,4,10,150,27,0.0
864,4,10,150,27,0.5103394119123956
865,4,10,150,27,0.033438075019306616
866,4,10,150,27,0.0
867,4,10,150,27,0.11008666127385265
868,4,10,150,27,0.3174124670248024
869,4,10,150,27,0.03406297225598251
870,4,10,150,27,0.38912621233496203
871,4,10,150,27,0.07059241276012927
872,4,10,150,27,0.02804794621397926
873,4,10,150,27,0.0
874,4,10,150,27,0.13944914190808633
875,4,10,150,27,0.11040646358695887
876,4,10,150,27,0.08671382849411972
877,4,10,150,27,0.06444727374621988
878,4,10,150,27,0.2748160062909611
879,4,10,150,27,0.0
880,4,10,150,27,0.5242800059411612
881,4,10,150,27,0.09920620980225832
882,4,10,150,27,0.2248591879397001
883,4,10,150,27,0.4311736823714339
884,4,10,150,27,0.09113547509404434
885,4,10,150,27,0.06274073188477008
886,4,10,150,27,0.22114995150200178
887,4,10,150,27,0.0762262481166832
888,4,10,150,27,0.11625487663628292
889,4,10,150,27,0.0
890,4,10,150,27,0.050106397248360746
891,4,10,150,27,0.03339755935325358
892,4,10,150,27,0.24848466522141824
893,4,10,150,27,0.0840216219988126
894,4,10,150,27,0.17105463408219782
895,4,10,150,27,0.0
896,4,10,150,27,0.46285555726133626
897,4,10,150,27,0.3468562255100306
898,4,10,150,27,0.0
899,4,10,150,27,0.09940620060985367
900,4,10,150,27,0.03232193387019919
901,4,10,150,27,0.22597275295093394
902,4,10,150,27,0.0316088333445714
903,4,10,150,27,0.25996652587149566
904,4,10,150,27,0.0
905,4,10,150,27,0.0
906,4,10,150,27,0.04258528250242427
907,4,10,150,27,0.04524546569791721
908,4,10,150,27,0.07546961584173595
909,4,10,150,27,0.0
910,4,10,150,27,0.0
911,4,10,150,27,0.08642385755741618
912,4,10,150,27,0.10689524683087613
913,4,10,150,27,0.0251854982965041
914,4,10,150,27,0.0
915,4,10,150,27,0.0
916,4,10,150,27,0.42527787545115964
917,4,10,150,27,0.0
918,4,10,150,27,0.058478916078390675
919,4,10,150,27,0.13296383981550322
920,4,10,150,27,0.0
921,4,10,150,27,0.12182239853211045
922,4,10,150,27,0.1878897645572832
923,4,10,150,27,0.0
924,4,10,150,27,0.0
925,4,10,150,27,0.0
926,4,10,150,27,0.0
927,4,10,150,27,0.05338816770142056
928,4,10,150,27,0.1482972305701491
929,4,10,150,27,0.25163227912988373
930,4,10,150,27,0.0
931,4,10,150,27,0.061687570642613335
932,4,10,150,27,0.2810954009476966
933,4,10,150,27,0.03898594405226045
934,4,10,150,27,0.14924081013729998
935,4,10,150,27,0.04173963774222741
936,4,10,150,27,0.1713827884924808
937,4,10,150,27,0.0
938,4,10,150,27,0.1154533966237492
939,4,10,150,27,0.0
940,4,10,150,27,0.06684671869932336
941,4,10,150,27,0.0
942,4,10,150,27,0.05509470956287034
943,4,10,150,27,0.22300501767546105
1,4,10,150,28,0.4058715898896693
2,4,10,150,28,0.0
3,4,10,150,28,0.0
4,4,10,150,28,0.0
5,4,10,150,28,0.040209635547393256
6,4,10,150,28,0.27020011346731576
7,4,10,150,28,0.2929410220090929
8,4,10,150,28,0.0
9,4,10,150,28,0.21840743681816419
10,4,10,150,28,0.03855371268423985
11,4,10,150,28,0.1722584975122812
12,4,10,150,28,0.0
13,4,10,150,28,0.25463105044103895
14,4,10,150,28,0.0
15,4,10,150,28,0.05010834716923557
16,4,10,150,28,0.0
17,4,10,150,28,0.0
18,4,10,150,28,0.21199412542321944
19,4,10,150,28,0.0
20,4,10,150,28,0.0
21,4,10,150,28,0.0
22,4,10,150,28,0.0664352832729762
23,4,10,150,28,0.19906649093208975
24,4,10,150,28,0.0
25,4,10,150,28,0.12358102547512423
26,4,10,150,28,0.0
27,4,10,150,28,0.0
28,4,10,150,28,0.0
29,4,10,150,28,0.0740318445087683
30,4,10,150,28,0.0
31,4,10,150,28,0.0
32,4,10,150,28,0.0
33,4,10,150,28,0.0
35,4,10,150,28,0.10523285614729473
36,4,10,150,28,0.0
37,4,10,150,28,0.0
38,4,10,150,28,0.04739418218477539
39,4,10,150,28,0.0
40,4,10,150,28,0.0
41,4,10,150,28,0.0
42,4,10,150,28,0.0683037314796457
43,4,10,150,28,0.22592974817952552
44,4,10,150,28,0.1694627944724332
45,4,10,150,28,0.0
46,4,10,150,28,0.11284514134893527
47,4,10,150,28,0.0
48,4,10,150,28,0.0
49,4,10,150,28,0.0
50,4,10,150,28,0.0
51,4,10,150,28,0.16812753627111746
52,4,10,150,28,0.0
54,4,10,150,28,0.0
56,4,10,150,28,0.20383503459815738
57,4,10,150,28,0.23047740788088653
58,4,10,150,28,0.23504554941448536
59,4,10,150,28,0.2220960497959542
60,4,10,150,28,0.10892598114203371
61,4,10,150,28,0.0
62,4,10,150,28,0.08314631791322982
63,4,10,150,28,0.0
64,4,10,150,28,0.04238468688770069
65,4,10,150,28,0.13012668333070054
66,4,10,150,28,0.0
67,4,10,150,28,0.0
68,4,10,150,28,0.4176344875447225
69,4,10,150,28,0.0
70,4,10,150,28,0.0
71,4,10,150,28,0.0
72,4,10,150,28,0.0
73,4,10,150,28,0.0
74,4,10,150,28,0.0
75,4,10,150,28,0.049432410190049694
76,4,10,150,28,0.1301464707340554
77,4,10,150,28,0.05381256178894041
78,4,10,150,28,0.0
79,4,10,150,28,0.27487633291429087
80,4,10,150,28,0.0
81,4,10,150,28,0.0
82,4,10,150,28,0.19298623480417013
83,4,10,150,28,0.12089611529519323
84,4,10,150,28,0.0
85,4,10,150,28,0.0
87,4,10,150,28,0.0
89,4,10,150,28,0.16716045496620227
90,4,10,150,28,0.0
91,4,10,150,28,0.0
92,4,10,150,28,0.11271866776551598
93,4,10,150,28,0.0
94,4,10,150,28,0.05229785953876386
95,4,10,150,28,0.15097216460709872
96,4,10,150,28,0.0
97,4,10,150,28,0.0
98,4,10,150,28,0.0
99,4,10,150,28,0.05658242244874664
100,4,10,150,28,0.0
101,4,10,150,28,0.0
102,4,10,150,28,0.0
103,4,10,150,28,0.0
104,4,10,150,28,0.0
105,4,10,150,28,0.0
106,4,10,150,28,0.0
107,4,10,150,28,0.0
108,4,10,150,28,0.0
109,4,10,150,28,0.07103066762111539
110,4,10,150,28,0.0
111,4,10,150,28,0.0
112,4,10,150,28,0.0
113,4,10,150,28,0.0
114,4,10,150,28,0.0
115,4,10,150,28,0.10684080426179023
116,4,10,150,28,0.0
117,4,10,150,28,0.14606834984270645
118,4,10,150,28,0.0
119,4,10,150,28,0.10331623627585464
120,4,10,150,28,0.0
121,4,10,150,28,0.2147325744928709
122,4,10,150,28,0.1530100230930498
123,4,10,150,28,0.0
125,4,10,150,28,0.0458402539699961
126,4,10,150,28,0.0
127,4,10,150,28,0.10253313861822189
128,4,10,150,28,0.03233829114831982
129,4,10,150,28,0.0
130,4,10,150,28,0.13771762463655016
131,4,10,150,28,0.0
133,4,10,150,28,0.11047239495909743
134,4,10,150,28,0.0
135,4,10,150,28,0.0
137,4,10,150,28,0.0
138,4,10,150,28,0.0
139,4,10,150,28,0.0
141,4,10,150,28,0.0
142,4,10,150,28,0.13373003436102654
143,4,10,150,28,0.0
144,4,10,150,28,0.1227945149537572
145,4,10,150,28,0.08829985348038716
146,4,10,150,28,0.0
148,4,10,150,28,0.0
149,4,10,150,28,0.0
150,4,10,150,28,0.10235170428306553
151,4,10,150,28,0.035510009908414325
152,4,10,150,28,0.0
153,4,10,150,28,0.0
154,4,10,150,28,0.0
155,4,10,150,28,0.0
156,4,10,150,28,0.0
158,4,10,150,28,0.11008935378765584
159,4,10,150,28,0.0
160,4,10,150,28,0.0
161,4,10,150,28,0.0
162,4,10,150,28,0.0
163,4,10,150,28,0.0
164,4,10,150,28,0.0
165,4,10,150,28,0.0
166,4,10,150,28,0.0
167,4,10,150,28,0.0
168,4,10,150,28,0.23504554941448536
169,4,10,150,28,0.0
170,4,10,150,28,0.0
171,4,10,150,28,0.0
172,4,10,150,28,0.0
173,4,10,150,28,0.0
174,4,10,150,28,0.060961917527339995
175,4,10,150,28,0.0
176,4,10,150,28,0.0
177,4,10,150,28,0.06912040963822193
178,4,10,150,28,0.19090790515324066
179,4,10,150,28,0.0
180,4,10,150,28,0.0
181,4,10,150,28,0.0
182,4,10,150,28,0.0
183,4,10,150,28,0.0
184,4,10,150,28,0.09303069037986347
185,4,10,150,28,0.07745351606183934
186,4,10,150,28,0.22147164648185297
187,4,10,150,28,0.0
188,4,10,150,28,0.054384419234677496
189,4,10,150,28,0.18472415061971442
190,4,10,150,28,0.10699313236726378
191,4,10,150,28,0.0
192,4,10,150,28,0.0
193,4,10,150,28,0.0
194,4,10,150,28,0.0
195,4,10,150,28,0.0
196,4,10,150,28,0.0
197,4,10,150,28,0.0
198,4,10,150,28,0.0
199,4,10,150,28,0.0
200,4,10,150,28,0.03719976603506465
201,4,10,150,28,0.04418177189852209
203,4,10,150,28,0.0
204,4,10,150,28,0.0
205,4,10,150,28,0.0
206,4,10,150,28,0.0
207,4,10,150,28,0.0
209,4,10,150,28,0.0
210,4,10,150,28,0.03436980580657827
211,4,10,150,28,0.0
212,4,10,150,28,0.12681701683239352
213,4,10,150,28,0.19336468350582656
214,4,10,150,28,0.056720838976548935
215,4,10,150,28,0.0
216,4,10,150,28,0.0
217,4,10,150,28,0.0
218,4,10,150,28,0.19092086617893467
219,4,10,150,28,0.0
221,4,10,150,28,0.3375735570145491
222,4,10,150,28,0.1213096803421767
223,4,10,150,28,0.0
224,4,10,150,28,0.0
225,4,10,150,28,0.0
226,4,10,150,28,0.0
227,4,10,150,28,0.0
228,4,10,150,28,0.0
229,4,10,150,28,0.0
230,4,10,150,28,0.13878248056476364
231,4,10,150,28,0.0
232,4,10,150,28,0.3234992853586256
233,4,10,150,28,0.05061430410615009
234,4,10,150,28,0.0
235,4,10,150,28,0.06065881345112158
236,4,10,150,28,0.0
237,4,10,150,28,0.0
238,4,10,150,28,0.0
239,4,10,150,28,0.060772229737720354
240,4,10,150,28,0.0
242,4,10,150,28,0.0
243,4,10,150,28,0.05446333035917803
244,4,10,150,28,0.0897700875992608
245,4,10,150,28,0.0
246,4,10,150,28,0.08041927109478651
247,4,10,150,28,0.0
248,4,10,150,28,0.07984133538066794
249,4,10,150,28,0.12756848747646268
250,4,10,150,28,0.2529427027676571
251,4,10,150,28,0.0
252,4,10,150,28,0.0
253,4,10,150,28,0.05954496680255472
254,4,10,150,28,0.0
255,4,10,150,28,0.0
256,4,10,150,28,0.1412126830355814
257,4,10,150,28,0.3305900772260718
258,4,10,150,28,0.0
259,4,10,150,28,0.0
260,4,10,150,28,0.0
261,4,10,150,28,0.0
262,4,10,150,28,0.0
263,4,10,150,28,0.0975109251896312
264,4,10,150,28,0.0
265,4,10,150,28,0.10209739512291163
267,4,10,150,28,0.09794101962538232
268,4,10,150,28,0.04418177189852209
269,4,10,150,28,0.11413681421604797
270,4,10,150,28,0.0
271,4,10,150,28,0.12845226157212875
272,4,10,150,28,0.09109240322345806
273,4,10,150,28,0.0
274,4,10,150,28,0.0
275,4,10,150,28,0.0
276,4,10,150,28,0.20171594287544392
277,4,10,150,28,0.0
279,4,10,150,28,0.08225117975622052
280,4,10,150,28,0.0
281,4,10,150,28,0.0
283,4,10,150,28,0.07132875491150918
284,4,10,150,28,0.0
285,4,10,150,28,0.06258116307550304
286,4,10,150,28,0.21633069881261177
287,4,10,150,28,0.06364028872631156
288,4,10,150,28,0.0
289,4,10,150,28,0.13905617951077562
290,4,10,150,28,0.0
291,4,10,150,28,0.19065900041329015
292,4,10,150,28,0.0
293,4,10,150,28,0.07205736635480697
294,4,10,150,28,0.04123398036294628
295,4,10,150,28,0.23611013359098149
296,4,10,150,28,0.47774763069170006
297,4,10,150,28,0.049712302565054066
298,4,10,150,28,0.17110977534502889
299,4,10,150,28,0.0
300,4,10,150,28,0.0
301,4,10,150,28,0.047934103497110726
303,4,10,150,28,0.10719208902865075
304,4,10,150,28,0.0
305,4,10,150,28,0.31514747987601716
306,4,10,150,28,0.0
307,4,10,150,28,0.1383141340724969
308,4,10,150,28,0.13732066751699168
309,4,10,150,28,0.0
310,4,10,150,28,0.0
311,4,10,150,28,0.04209275315645388
312,4,10,150,28,0.07579200366109638
313,4,10,150,28,0.09189442695154341
314,4,10,150,28,0.14858832462009525
315,4,10,150,28,0.0
316,4,10,150,28,0.04568304891751105
317,4,10,150,28,0.0
318,4,10,150,28,0.05633425377856011
319,4,10,150,28,0.0
320,4,10,150,28,0.0
321,4,10,150,28,0.062242588308449316
322,4,10,150,28,0.17342765698823945
323,4,10,150,28,0.14126697285982898
324,4,10,150,28,0.0
325,4,10,150,28,0.0
326,4,10,150,28,0.036356287988538835
327,4,10,150,28,0.0
328,4,10,150,28,0.11968995195076808
329,4,10,150,28,0.0
330,4,10,150,28,0.0536466452928127
331,4,10,150,28,0.16958010263680806
332,4,10,150,28,0.0
333,4,10,150,28,0.0
334,4,10,150,28,0.08486356196209849
336,4,10,150,28,0.0
337,4,10,150,28,0.16716045496620227
338,4,10,150,28,0.0
339,4,10,150,28,0.06608282041002614
340,4,10,150,28,0.0
341,4,10,150,28,0.0
342,4,10,150,28,0.23069905815672795
343,4,10,150,28,0.17934679000010195
344,4,10,150,28,0.2076030287632974
345,4,10,150,28,0.030894044636925338
346,4,10,150,28,0.13947804593499064
347,4,10,150,28,0.03232623375868038
348,4,10,150,28,0.0
349,4,10,150,28,0.0
350,4,10,150,28,0.0
351,4,10,150,28,0.0
352,4,10,150,28,0.0
353,4,10,150,28,0.0
354,4,10,150,28,0.051249224710132255
355,4,10,150,28,0.0
356,4,10,150,28,0.08406376813555873
357,4,10,150,28,0.0
358,4,10,150,28,0.20438239758848611
359,4,10,150,28,0.0
360,4,10,150,28,0.03588081068184636
361,4,10,150,28,0.09622728274290568
362,4,10,150,28,0.0
363,4,10,150,28,0.1803013146105011
364,4,10,150,28,0.0
365,4,10,150,28,0.0
366,4,10,150,28,0.0
367,4,10,150,28,0.0
368,4,10,150,28,0.0
369,4,10,150,28,0.0
370,4,10,150,28,0.09092803061897883
371,4,10,150,28,0.16676134190097475
372,4,10,150,28,0.0
373,4,10,150,28,0.035769798946978335
374,4,10,150,28,0.05922924814170463
375,4,10,150,28,0.0
376,4,10,150,28,0.0
377,4,10,150,28,0.0
378,4,10,150,28,0.20130907217854035
379,4,10,150,28,0.07728319355562825
380,4,10,150,28,0.0
381,4,10,150,28,0.0
382,4,10,150,28,0.0
383,4,10,150,28,0.04838338183089434
384,4,10,150,28,0.0
385,4,10,150,28,0.0
386,4,10,150,28,0.0
387,4,10,150,28,0.10154194644128975
388,4,10,150,28,0.0
389,4,10,150,28,0.11830479976369028
390,4,10,150,28,0.0
391,4,10,150,28,0.2137247802747043
392,4,10,150,28,0.0
393,4,10,150,28,0.0
394,4,10,150,28,0.0834477484387131
395,4,10,150,28,0.0
396,4,10,150,28,0.0
397,4,10,150,28,0.22320497122386787
398,4,10,150,28,0.1418968660083944
399,4,10,150,28,0.0
400,4,10,150,28,0.0
401,4,10,150,28,0.0
402,4,10,150,28,0.08963222225173058
403,4,10,150,28,0.0
404,4,10,150,28,0.0
405,4,10,150,28,0.07205736635480697
406,4,10,150,28,0.22570719641679785
407,4,10,150,28,0.04270006763257965
408,4,10,150,28,0.0
409,4,10,150,28,0.09114698308939718
410,4,10,150,28,0.0
411,4,10,150,28,0.0
412,4,10,150,28,0.0
413,4,10,150,28,0.0
414,4,10,150,28,0.0
415,4,10,150,28,0.08035849674662018
416,4,10,150,28,0.18965952474629913
417,4,10,150,28,0.11751212114125975
418,4,10,150,28,0.0
419,4,10,150,28,0.1208113026994942
420,4,10,150,28,0.0
421,4,10,150,28,0.05954496680255472
422,4,10,150,28,0.04320473659574256
423,4,10,150,28,0.053845569940583225
424,4,10,150,28,0.23504554941448536
425,4,10,150,28,0.17131233535964302
426,4,10,150,28,0.0
427,4,10,150,28,0.0
428,4,10,150,28,0.0
429,4,10,150,28,0.2222942731053058
430,4,10,150,28,0.0
431,4,10,150,28,0.0
432,4,10,150,28,0.0
433,4,10,150,28,0.05780921899607981
434,4,10,150,28,0.15130120674940672
435,4,10,150,28,0.18213408060118372
436,4,10,150,28,0.0
437,4,10,150,28,0.08337879351366763
438,4,10,150,28,0.0
439,4,10,150,28,0.0
440,4,10,150,28,0.0
441,4,10,150,28,0.0
442,4,10,150,28,0.040949887133979804
443,4,10,150,28,0.0
444,4,10,150,28,0.1312721899408984
445,4,10,150,28,0.0
446,4,10,150,28,0.0
447,4,10,150,28,0.15838999547161745
448,4,10,150,28,0.0
449,4,10,150,28,0.1511226181481109
450,4,10,150,28,0.3148621033743947
451,4,10,150,28,0.0
452,4,10,150,28,0.12243896529886661
453,4,10,150,28,0.0
454,4,10,150,28,0.0
455,4,10,150,28,0.07205736635480697
456,4,10,150,28,0.0
457,4,10,150,28,0.32469850192187405
458,4,10,150,28,0.026425294698493085
459,4,10,150,28,0.0
460,4,10,150,28,0.05184030722866645
461,4,10,150,28,0.0
462,4,10,150,28,0.0
463,4,10,150,28,0.11987424504051505
464,4,10,150,28,0.0
465,4,10,150,28,0.0
466,4,10,150,28,0.0
467,4,10,150,28,0.0
468,4,10,150,28,0.09063580949954383
469,4,10,150,28,0.0
470,4,10,150,28,0.0
471,4,10,150,28,0.0
472,4,10,150,28,0.029996736818897345
473,4,10,150,28,0.0
474,4,10,150,28,0.22164461146389625
475,4,10,150,28,0.0
476,4,10,150,28,0.0
477,4,10,150,28,0.0
478,4,10,150,28,0.2345109835167376
479,4,10,150,28,0.11334632398533932
480,4,10,150,28,0.0
481,4,10,150,28,0.07207850898626693
482,4,10,150,28,0.0
483,4,10,150,28,0.05658242244874664
484,4,10,150,28,0.21578811189105124
485,4,10,150,28,0.0
486,4,10,150,28,0.0
487,4,10,150,28,0.0897954189314767
488,4,10,150,28,0.0
489,4,10,150,28,0.0
490,4,10,150,28,0.0
491,4,10,150,28,0.06362078819895171
492,4,10,150,28,0.0
493,4,10,150,28,0.029108658262576942
494,4,10,150,28,0.0
495,4,10,150,28,0.025247410046008424
496,4,10,150,28,0.02649996754880397
497,4,10,150,28,0.07244950890469834
498,4,10,150,28,0.0
499,4,10,150,28,0.0
500,4,10,150,28,0.12288217500694498
501,4,10,150,28,0.0
502,4,10,150,28,0.0
503,4,10,150,28,0.0
504,4,10,150,28,0.08337879351366763
505,4,10,150,28,0.07379217622092994
506,4,10,150,28,0.08596337893935137
507,4,10,150,28,0.05319635904163211
508,4,10,150,28,0.0
509,4,10,150,28,0.0
510,4,10,150,28,0.0
511,4,10,150,28,0.0
512,4,10,150,28,0.0
513,4,10,150,28,0.0
514,4,10,150,28,0.29737621302777595
515,4,10,150,28,0.11706259313796354
516,4,10,150,28,0.0
517,4,10,150,28,0.0
518,4,10,150,28,0.0
519,4,10,150,28,0.0
520,4,10,150,28,0.0
521,4,10,150,28,0.09850628252086785
522,4,10,150,28,0.0
523,4,10,150,28,0.0
524,4,10,150,28,0.20143873217294786
525,4,10,150,28,0.0
526,4,10,150,28,0.04972780777662495
527,4,10,150,28,0.13034752085546175
528,4,10,150,28,0.10209739512291163
529,4,10,150,28,0.0
530,4,10,150,28,0.0
531,4,10,150,28,0.0
532,4,10,150,28,0.27939838489185354
533,4,10,150,28,0.1389565648750185
534,4,10,150,28,0.047934103497110726
535,4,10,150,28,0.1386853571143246
536,4,10,150,28,0.07205736635480697
537,4,10,150,28,0.3701667927639437
538,4,10,150,28,0.14697776980950736
539,4,10,150,28,0.0
540,4,10,150,28,0.0
541,4,10,150,28,0.0
542,4,10,150,28,0.049033875503285806
543,4,10,150,28,0.0
544,4,10,150,28,0.0
545,4,10,150,28,0.026001814664123827
546,4,10,150,28,0.05758752804519195
547,4,10,150,28,0.0
548,4,10,150,28,0.1103190733436671
549,4,10,150,28,0.0
550,4,10,150,28,0.0
551,4,10,150,28,0.07436729992058996
552,4,10,150,28,0.1205344274731702
553,4,10,150,28,0.04743759234968417
554,4,10,150,28,0.12627825946936164
555,4,10,150,28,0.0
556,4,10,150,28,0.040419659112753054
557,4,10,150,28,0.0
558,4,10,150,28,0.0
559,4,10,150,28,0.04366879852493834
560,4,10,150,28,0.06536545161870184
561,4,10,150,28,0.03806940785769845
562,4,10,150,28,0.0
563,4,10,150,28,0.0
564,4,10,150,28,0.043134162606390795
565,4,10,150,28,0.0
566,4,10,150,28,0.040681790063576403
567,4,10,150,28,0.11330151836549616
568,4,10,150,28,0.036155150901276155
569,4,10,150,28,0.18299769260789403
570,4,10,150,28,0.0
571,4,10,150,28,0.0
572,4,10,150,28,0.16812753627111746
573,4,10,150,28,0.06437746926759551
574,4,10,150,28,0.051811563545175146
575,4,10,150,28,0.0
576,4,10,150,28,0.0
577,4,10,150,28,0.24883224186242703
578,4,10,150,28,0.0
579,4,10,150,28,0.0
580,4,10,150,28,0.09004726125505678
581,4,10,150,28,0.0
582,4,10,150,28,0.0
583,4,10,150,28,0.0
584,4,10,150,28,0.06323567569191428
585,4,10,150,28,0.04173963774222741
586,4,10,150,28,0.07205736635480697
587,4,10,150,28,0.0
588,4,10,150,28,0.13945563361910376
589,4,10,150,28,0.0
590,4,10,150,28,0.053845569940583225
591,4,10,150,28,0.0
592,4,10,150,28,0.4030551900096598
593,4,10,150,28,0.02738855579742861
594,4,10,150,28,0.0
595,4,10,150,28,0.03995808168017168
596,4,10,150,28,0.0
597,4,10,150,28,0.27101620591530523
598,4,10,150,28,0.0
599,4,10,150,28,0.0
600,4,10,150,28,0.0
601,4,10,150,28,0.0
602,4,10,150,28,0.0
603,4,10,150,28,0.0
604,4,10,150,28,0.0
605,4,10,150,28,0.23939908411991156
606,4,10,150,28,0.1965203174001059
607,4,10,150,28,0.0
608,4,10,150,28,0.023509401063454803
609,4,10,150,28,0.0
610,4,10,150,28,0.1669877967662679
611,4,10,150,28,0.0
612,4,10,150,28,0.0
613,4,10,150,28,0.04578230021840749
614,4,10,150,28,0.0
615,4,10,150,28,0.027541830374730368
616,4,10,150,28,0.0
617,4,10,150,28,0.0
618,4,10,150,28,0.1776103150306767
619,4,10,150,28,0.03620451724718618
620,4,10,150,28,0.029327299035175076
621,4,10,150,28,0.07253936836463842
622,4,10,150,28,0.2531786672399651
623,4,10,150,28,0.0
624,4,10,150,28,0.0
625,4,10,150,28,0.0
626,4,10,150,28,0.06228974831361337
627,4,10,150,28,0.0777388605254111
628,4,10,150,28,0.0
629,4,10,150,28,0.05953808424085829
630,4,10,150,28,0.16981544920311945
631,4,10,150,28,0.0
632,4,10,150,28,0.12673405687853898
633,4,10,150,28,0.07414861528507455
634,4,10,150,28,0.02561048881112675
635,4,10,150,28,0.0
636,4,10,150,28,0.06364028872631156
637,4,10,150,28,0.0
638,4,10,150,28,0.09712868482236708
639,4,10,150,28,0.0
640,4,10,150,28,0.03301358031123131
641,4,10,150,28,0.07675099783970546
642,4,10,150,28,0.08832654271616737
643,4,10,150,28,0.1619766987091839
644,4,10,150,28,0.04935421935348238
645,4,10,150,28,0.2114977546261622
646,4,10,150,28,0.0
647,4,10,150,28,0.030218457878623886
648,4,10,150,28,0.11868292070770092
649,4,10,150,28,0.11004588314904008
650,4,10,150,28,0.08005022419095326
651,4,10,150,28,0.0
652,4,10,150,28,0.0
653,4,10,150,28,0.18813498150442318
654,4,10,150,28,0.2345072549605331
655,4,10,150,28,0.026001814664123827
656,4,10,150,28,0.07397229644086958
657,4,10,150,28,0.0
658,4,10,150,28,0.22745389188843176
659,4,10,150,28,0.11441907934930164
660,4,10,150,28,0.0
661,4,10,150,28,0.08371282430060606
662,4,10,150,28,0.0512644431393966
663,4,10,150,28,0.2982847752266692
664,4,10,150,28,0.39722683802798237
665,4,10,150,28,0.0
666,4,10,150,28,0.33063655969948086
667,4,10,150,28,0.1593472521587426
668,4,10,150,28,0.06194403202282284
669,4,10,150,28,0.06443876774148267
670,4,10,150,28,0.0
671,4,10,150,28,0.1499346218428401
672,4,10,150,28,0.0
673,4,10,150,28,0.0
674,4,10,150,28,0.0316088333445714
675,4,10,150,28,0.0
676,4,10,150,28,0.11582866341850039
677,4,10,150,28,0.03314040476303028
678,4,10,150,28,0.0
679,4,10,150,28,0.1266596892460251
680,4,10,150,28,0.0
681,4,10,150,28,0.0
682,4,10,150,28,0.2073315367300337
683,4,10,150,28,0.0
684,4,10,150,28,0.06877517421459071
685,4,10,150,28,0.0976168253917686
686,4,10,150,28,0.07277260183012466
687,4,10,150,28,0.0
688,4,10,150,28,0.0
689,4,10,150,28,0.15001451003751623
690,4,10,150,28,0.10193082526621455
691,4,10,150,28,0.05446824630887794
692,4,10,150,28,0.05833725389333616
693,4,10,150,28,0.0
694,4,10,150,28,0.14884209805878218
695,4,10,150,28,0.0
696,4,10,150,28,0.039725595076707886
697,4,10,150,28,0.02561048881112675
698,4,10,150,28,0.05922924814170463
699,4,10,150,28,0.07205736635480697
700,4,10,150,28,0.12729890218214104
701,4,10,150,28,0.0
702,4,10,150,28,0.037715680681715956
703,4,10,150,28,0.09261220774116596
704,4,10,150,28,0.1122793559641569
705,4,10,150,28,0.1324241240282782
706,4,10,150,28,0.04395738023645723
707,4,10,150,28,0.029232511322807294
708,4,10,150,28,0.03301358031123131
709,4,10,150,28,0.18474349694038664
710,4,10,150,28,0.10944296639873288
711,4,10,150,28,0.16370482760014135
712,4,10,150,28,0.1305593942408557
713,4,10,150,28,0.11212986779582237
714,4,10,150,28,0.0
715,4,10,150,28,0.0
716,4,10,150,28,0.21512705608744914
717,4,10,150,28,0.02738855579742861
718,4,10,150,28,0.0
719,4,10,150,28,0.0723514680762565
720,4,10,150,28,0.0
721,4,10,150,28,0.16379293575135045
722,4,10,150,28,0.06556429791586475
723,4,10,150,28,0.0
724,4,10,150,28,0.0
725,4,10,150,28,0.0
726,4,10,150,28,0.05010834716923557
727,4,10,150,28,0.2244802615119235
728,4,10,150,28,0.09627818061559096
729,4,10,150,28,0.0
730,4,10,150,28,0.0
731,4,10,150,28,0.10250817559918113
732,4,10,150,28,0.0
733,4,10,150,28,0.12195024600158266
734,4,10,150,28,0.0
735,4,10,150,28,0.0
736,4,10,150,28,0.0
737,4,10,150,28,0.04395738023645723
738,4,10,150,28,0.21890673062281701
739,4,10,150,28,0.03855307727568851
740,4,10,150,28,0.0
741,4,10,150,28,0.07348415348065349
742,4,10,150,28,0.0488929053971083
743,4,10,150,28,0.0
744,4,10,150,28,0.0
745,4,10,150,28,0.03520132288421838
746,4,10,150,28,0.23491487959421534
747,4,10,150,28,0.5018613498173138
748,4,10,150,28,0.1198251096464257
749,4,10,150,28,0.1777391131460717
750,4,10,150,28,0.041278922835426404
751,4,10,150,28,0.08600306931194489
752,4,10,150,28,0.0
753,4,10,150,28,0.15780803084928155
754,4,10,150,28,0.0
755,4,10,150,28,0.03855371268423985
756,4,10,150,28,0.03806940785769845
757,4,10,150,28,0.0
758,4,10,150,28,0.25799168293380015
759,4,10,150,28,0.049710505523782283
760,4,10,150,28,0.0
761,4,10,150,28,0.0
762,4,10,150,28,0.051960280791503534
763,4,10,150,28,0.040681790063576403
764,4,10,150,28,0.1281755114864907
765,4,10,150,28,0.15066101840234988
766,4,10,150,28,0.040681790063576403
767,4,10,150,28,0.06994410797740244
768,4,10,150,28,0.060133059387366614
769,4,10,150,28,0.0
770,4,10,150,28,0.1912123147921425
771,4,10,150,28,0.193509841406824
772,4,10,150,28,0.0
773,4,10,150,28,0.13387613782982918
774,4,10,150,28,0.023756977677906275
775,4,10,150,28,0.0
776,4,10,150,28,0.05676688204239728
777,4,10,150,28,0.0
778,4,10,150,28,0.11805093117474011
779,4,10,150,28,0.0
780,4,10,150,28,0.030023253564245667
781,4,10,150,28,0.0366967190946864
782,4,10,150,28,0.0750451914573381
783,4,10,150,28,0.0
784,4,10,150,28,0.0
785,4,10,150,28,0.0
786,4,10,150,28,0.0
787,4,10,150,28,0.0
788,4,10,150,28,0.3338614355825557
789,4,10,150,28,0.08809718769055445
790,4,10,150,28,0.0
791,4,10,150,28,0.04465281017341861
792,4,10,150,28,0.06658592494149675
793,4,10,150,28,0.0
794,4,10,150,28,0.0
795,4,10,150,28,0.0
796,4,10,150,28,0.41777626864640377
797,4,10,150,28,0.0
798,4,10,150,28,0.07205736635480697
799,4,10,150,28,0.0
800,4,10,150,28,0.0
801,4,10,150,28,0.10642833634036353
802,4,10,150,28,0.05710411178654767
803,4,10,150,28,0.0
804,4,10,150,28,0.18918666526604078
805,4,10,150,28,0.16454289177492953
806,4,10,150,28,0.37223901321323805
807,4,10,150,28,0.10239688904693699
808,4,10,150,28,0.0
809,4,10,150,28,0.0
810,4,10,150,28,0.0
811,4,10,150,28,0.0
812,4,10,150,28,0.0
813,4,10,150,28,0.0
814,4,10,150,28,0.0
815,4,10,150,28,0.13919440417065185
816,4,10,150,28,0.0
817,4,10,150,28,0.0
818,4,10,150,28,0.05516788910004661
819,4,10,150,28,0.037210602758860095
820,4,10,150,28,0.0
821,4,10,150,28,0.2298483461717069
822,4,10,150,28,0.0
823,4,10,150,28,0.2080984519957303
824,4,10,150,28,0.05046096657376444
825,4,10,150,28,0.04418177189852209
826,4,10,150,28,0.11420822357309535
827,4,10,150,28,0.0
828,4,10,150,28,0.05953808424085829
829,4,10,150,28,0.15110239493068348
830,4,10,150,28,0.1379267535609731
831,4,10,150,28,0.22867022058487763
832,4,10,150,28,0.0
833,4,10,150,28,0.17213453079715313
834,4,10,150,28,0.24251121723036934
835,4,10,150,28,0.04951121572757863
836,4,10,150,28,0.08063125834567192
837,4,10,150,28,0.0
838,4,10,150,28,0.28994638499114733
839,4,10,150,28,0.03983635556421846
840,4,10,150,28,0.4212173385413485
841,4,10,150,28,0.0
842,4,10,150,28,0.0
843,4,10,150,28,0.0
844,4,10,150,28,0.026425294698493085
845,4,10,150,28,0.0
846,4,10,150,28,0.41510201263318836
847,4,10,150,28,0.07409809103510194
848,4,10,150,28,0.0
849,4,10,150,28,0.0
850,4,10,150,28,0.20938747063345256
851,4,10,150,28,0.06038191571112372
852,4,10,150,28,0.20911717738808477
853,4,10,150,28,0.0
854,4,10,150,28,0.0
855,4,10,150,28,0.0
856,4,10,150,28,0.0
857,4,10,150,28,0.0
858,4,10,150,28,0.05319635904163211
859,4,10,150,28,0.0
860,4,10,150,28,0.0
861,4,10,150,28,0.03709674194804795
862,4,10,150,28,0.0570327024295003
863,4,10,150,28,0.0
864,4,10,150,28,0.49834163799925946
865,4,10,150,28,0.033438075019306616
866,4,10,150,28,0.0
867,4,10,150,28,0.10749858980222896
868,4,10,150,28,0.3099502900349757
869,4,10,150,28,0.03406297225598251
870,4,10,150,28,0.3799780881448763
871,4,10,150,28,0.09244222847996925
872,4,10,150,28,0.02804794621397926
873,4,10,150,28,0.0
874,4,10,150,28,0.13944914190808633
875,4,10,150,28,0.10781087375449533
876,4,10,150,28,0.08671382849411972
877,4,10,150,28,0.06293215694027374
878,4,10,150,28,0.26835524658040993
879,4,10,150,28,0.0
880,4,10,150,28,0.51195449701194
881,4,10,150,28,0.09687393122803178
882,4,10,150,28,0.21957288310762296
883,4,10,150,28,0.4210370473445572
884,4,10,150,28,0.09113547509404434
885,4,10,150,28,0.06126573485587634
886,4,10,150,28,0.21595084859697766
887,4,10,150,28,0.09794361574160047
888,4,10,150,28,0.11625487663628292
889,4,10,150,28,0.0
890,4,10,150,28,0.048928425859604247
891,4,10,150,28,0.03339755935325358
892,4,10,150,28,0.24264293956860963
893,4,10,150,28,0.10869735563398858
894,4,10,150,28,0.16703324208579692
895,4,10,150,28,0.0
896,4,10,150,28,0.4519741003312307
897,4,10,150,28,0.3387018433931592
898,4,10,150,28,0.0
899,4,10,150,28,0.09706922037152237
900,4,10,150,28,0.03232193387019919
901,4,10,150,28,0.22066026887239745
902,4,10,150,28,0.0316088333445714
903,4,10,150,28,0.2538548685517097
904,4,10,150,28,0.0
905,4,10,150,28,0.0
906,4,10,150,28,0.04258528250242427
907,4,10,150,28,0.04418177189852209
908,4,10,150,28,0.07369537037480771
909,4,10,150,28,0.0
910,4,10,150,28,0.0
911,4,10,150,28,0.084392084428648
912,4,10,150,28,0.1328892265512611
913,4,10,150,28,0.02459340231606863
914,4,10,150,28,0.0
915,4,10,150,28,0.0
916,4,10,150,28,0.4152798473137644
917,4,10,150,28,0.0
918,4,10,150,28,0.05710411178654767
919,4,10,150,28,0.1298379395783436
920,4,10,150,28,0.0
921,4,10,150,28,0.11895842690650704
922,4,10,150,28,0.18347258872658795
923,4,10,150,28,0.0
924,4,10,150,28,0.0
925,4,10,150,28,0.0
926,4,10,150,28,0.0
927,4,10,150,28,0.05213304385488488
928,4,10,150,28,0.1482972305701491
929,4,10,150,28,0.25163227912988373
930,4,10,150,28,0.0
931,4,10,150,28,0.061687570642613335
932,4,10,150,28,0.27448701642972456
933,4,10,150,28,0.03806940785769845
934,4,10,150,28,0.14573224807674728
935,4,10,150,28,0.04173963774222741
936,4,10,150,28,0.1673536817824378
937,4,10,150,28,0.0
938,4,10,150,28,0.11273915641838338
939,4,10,150,28,0.0
940,4,10,150,28,0.06527519237964503
941,4,10,150,28,0.0
942,4,10,150,28,0.05379946593928227
943,4,10,150,28,0.21776230327576582
1,4,10,150,29,0.4058715898896693
2,4,10,150,29,0.0
3,4,10,150,29,0.0
4,4,10,150,29,0.0
5,4,10,150,29,0.040209635547393256
6,4,10,150,29,0.27020011346731576
7,4,10,150,29,0.28627788413028116
8,4,10,150,29,0.0
9,4,10,150,29,0.21840743681816419
10,4,10,150,29,0.03855371268423985
11,4,10,150,29,0.1722584975122812
12,4,10,150,29,0.0
13,4,10,150,29,0.24883929827987314
14,4,10,150,29,0.0
15,4,10,150,29,0.05010834716923557
16,4,10,150,29,0.0
17,4,10,150,29,0.0
18,4,10,150,29,0.20717217840635824
19,4,10,150,29,0.0
20,4,10,150,29,0.0
21,4,10,150,29,0.0
22,4,10,150,29,0.0664352832729762
23,4,10,150,29,0.19906649093208975
24,4,10,150,29,0.0
25,4,10,150,29,0.12358102547512423
26,4,10,150,29,0.0
27,4,10,150,29,0.0
28,4,10,150,29,0.0
29,4,10,150,29,0.0740318445087683
30,4,10,150,29,0.0
31,4,10,150,29,0.0
32,4,10,150,29,0.0
33,4,10,150,29,0.0
35,4,10,150,29,0.10523285614729473
36,4,10,150,29,0.0
37,4,10,150,29,0.0
38,4,10,150,29,0.04739418218477539
39,4,10,150,29,0.0
40,4,10,150,29,0.0
41,4,10,150,29,0.0
42,4,10,150,29,0.0683037314796457
43,4,10,150,29,0.22592974817952552
44,4,10,150,29,0.1694627944724332
45,4,10,150,29,0.0
46,4,10,150,29,0.11284514134893527
47,4,10,150,29,0.0
48,4,10,150,29,0.0
49,4,10,150,29,0.0
50,4,10,150,29,0.0
51,4,10,150,29,0.16812753627111746
52,4,10,150,29,0.0
54,4,10,150,29,0.0
56,4,10,150,29,0.20383503459815738
57,4,10,150,29,0.23047740788088653
58,4,10,150,29,0.28294666822582426
59,4,10,150,29,0.21704432780775162
60,4,10,150,29,0.10892598114203371
61,4,10,150,29,0.0
62,4,10,150,29,0.08314631791322982
63,4,10,150,29,0.0
64,4,10,150,29,0.04238468688770069
65,4,10,150,29,0.13012668333070054
66,4,10,150,29,0.0
67,4,10,150,29,0.0
68,4,10,150,29,0.4176344875447225
69,4,10,150,29,0.0
70,4,10,150,29,0.0
71,4,10,150,29,0.0
72,4,10,150,29,0.0
73,4,10,150,29,0.0
74,4,10,150,29,0.0
75,4,10,150,29,0.049432410190049694
76,4,10,150,29,0.1301464707340554
77,4,10,150,29,0.05381256178894041
78,4,10,150,29,0.0
79,4,10,150,29,0.27487633291429087
80,4,10,150,29,0.0
81,4,10,150,29,0.0
82,4,10,150,29,0.19298623480417013
83,4,10,150,29,0.12089611529519323
84,4,10,150,29,0.0
85,4,10,150,29,0.0
87,4,10,150,29,0.0
89,4,10,150,29,0.16716045496620227
90,4,10,150,29,0.0
91,4,10,150,29,0.0
92,4,10,150,29,0.11015480689111005
93,4,10,150,29,0.0
94,4,10,150,29,0.05110831002984362
95,4,10,150,29,0.15097216460709872
96,4,10,150,29,0.0
97,4,10,150,29,0.0
98,4,10,150,29,0.0
99,4,10,150,29,0.05658242244874664
100,4,10,150,29,0.0
101,4,10,150,29,0.0
102,4,10,150,29,0.0
103,4,10,150,29,0.0
104,4,10,150,29,0.0
105,4,10,150,29,0.0
106,4,10,150,29,0.0
107,4,10,150,29,0.0
108,4,10,150,29,0.0
109,4,10,150,29,0.07103066762111539
110,4,10,150,29,0.0
111,4,10,150,29,0.0
112,4,10,150,29,0.0
113,4,10,150,29,0.0
114,4,10,150,29,0.0
115,4,10,150,29,0.10684080426179023
116,4,10,150,29,0.0
117,4,10,150,29,0.14606834984270645
118,4,10,150,29,0.0
119,4,10,150,29,0.1305412650002718
120,4,10,150,29,0.0
121,4,10,150,29,0.2147325744928709
122,4,10,150,29,0.1530100230930498
123,4,10,150,29,0.0
125,4,10,150,29,0.0458402539699961
126,4,10,150,29,0.06911917000496234
127,4,10,150,29,0.10253313861822189
128,4,10,150,29,0.03233829114831982
129,4,10,150,29,0.0
130,4,10,150,29,0.16099269493775217
131,4,10,150,29,0.0
133,4,10,150,29,0.11047239495909743
134,4,10,150,29,0.0
135,4,10,150,29,0.0
137,4,10,150,29,0.0
138,4,10,150,29,0.0
139,4,10,150,29,0.0
141,4,10,150,29,0.0
142,4,10,150,29,0.13373003436102654
143,4,10,150,29,0.0
144,4,10,150,29,0.1227945149537572
145,4,10,150,29,0.08829985348038716
146,4,10,150,29,0.0
148,4,10,150,29,0.0
149,4,10,150,29,0.0
150,4,10,150,29,0.10235170428306553
151,4,10,150,29,0.035510009908414325
152,4,10,150,29,0.0
153,4,10,150,29,0.0
154,4,10,150,29,0.0
155,4,10,150,29,0.0
156,4,10,150,29,0.0
158,4,10,150,29,0.11008935378765584
159,4,10,150,29,0.0
160,4,10,150,29,0.0
161,4,10,150,29,0.0
162,4,10,150,29,0.0
163,4,10,150,29,0.0
164,4,10,150,29,0.0
165,4,10,150,29,0.06166887310869151
166,4,10,150,29,0.0
167,4,10,150,29,0.0
168,4,10,150,29,0.23504554941448536
169,4,10,150,29,0.0
170,4,10,150,29,0.0
171,4,10,150,29,0.0
172,4,10,150,29,0.0
173,4,10,150,29,0.0
174,4,10,150,29,0.060961917527339995
175,4,10,150,29,0.0
176,4,10,150,29,0.0
177,4,10,150,29,0.06912040963822193
178,4,10,150,29,0.19090790515324066
179,4,10,150,29,0.0
180,4,10,150,29,0.0
181,4,10,150,29,0.0
182,4,10,150,29,0.0
183,4,10,150,29,0.0
184,4,10,150,29,0.09303069037986347
185,4,10,150,29,0.07745351606183934
186,4,10,150,29,0.22147164648185297
187,4,10,150,29,0.0
188,4,10,150,29,0.054384419234677496
189,4,10,150,29,0.18472415061971442
190,4,10,150,29,0.10699313236726378
191,4,10,150,29,0.0
192,4,10,150,29,0.0
193,4,10,150,29,0.0
194,4,10,150,29,0.0
195,4,10,150,29,0.0
196,4,10,150,29,0.0
197,4,10,150,29,0.0
198,4,10,150,29,0.0
199,4,10,150,29,0.0
200,4,10,150,29,0.03719976603506465
201,4,10,150,29,0.043176828187084765
203,4,10,150,29,0.0
204,4,10,150,29,0.0
205,4,10,150,29,0.0
206,4,10,150,29,0.0
207,4,10,150,29,0.0
209,4,10,150,29,0.0
210,4,10,150,29,0.06648469969095826
211,4,10,150,29,0.0
212,4,10,150,29,0.12681701683239352
213,4,10,150,29,0.19336468350582656
214,4,10,150,29,0.056720838976548935
215,4,10,150,29,0.0
216,4,10,150,29,0.0
217,4,10,150,29,0.0
218,4,10,150,29,0.19092086617893467
219,4,10,150,29,0.0
221,4,10,150,29,0.3375735570145491
222,4,10,150,29,0.11855041118755005
223,4,10,150,29,0.0
224,4,10,150,29,0.0
225,4,10,150,29,0.0
226,4,10,150,29,0.0
227,4,10,150,29,0.0
228,4,10,150,29,0.0
229,4,10,150,29,0.0
230,4,10,150,29,0.13878248056476364
231,4,10,150,29,0.0
232,4,10,150,29,0.3234992853586256
233,4,10,150,29,0.05061430410615009
234,4,10,150,29,0.0
235,4,10,150,29,0.06065881345112158
236,4,10,150,29,0.0
237,4,10,150,29,0.0
238,4,10,150,29,0.0
239,4,10,150,29,0.060772229737720354
240,4,10,150,29,0.0
242,4,10,150,29,0.0
243,4,10,150,29,0.05446333035917803
244,4,10,150,29,0.0897700875992608
245,4,10,150,29,0.0
246,4,10,150,29,0.08041927109478651
247,4,10,150,29,0.0
248,4,10,150,29,0.07984133538066794
249,4,10,150,29,0.12756848747646268
250,4,10,150,29,0.2529427027676571
251,4,10,150,29,0.0
252,4,10,150,29,0.0
253,4,10,150,29,0.05954496680255472
254,4,10,150,29,0.0
255,4,10,150,29,0.0
256,4,10,150,29,0.1412126830355814
257,4,10,150,29,0.3305900772260718
258,4,10,150,29,0.0
259,4,10,150,29,0.0
260,4,10,150,29,0.0
261,4,10,150,29,0.0
262,4,10,150,29,0.0
263,4,10,150,29,0.0975109251896312
264,4,10,150,29,0.0
265,4,10,150,29,0.10209739512291163
267,4,10,150,29,0.09794101962538232
268,4,10,150,29,0.043176828187084765
269,4,10,150,29,0.11154069665984502
270,4,10,150,29,0.0
271,4,10,150,29,0.12553052966913253
272,4,10,150,29,0.09109240322345806
273,4,10,150,29,0.0
274,4,10,150,29,0.0
275,4,10,150,29,0.0
276,4,10,150,29,0.1971277799390428
277,4,10,150,29,0.0
279,4,10,150,29,0.0803803221083162
280,4,10,150,29,0.03337620304869898
281,4,10,150,29,0.0
283,4,10,150,29,0.07132875491150918
284,4,10,150,29,0.0
285,4,10,150,29,0.1185995982858366
286,4,10,150,29,0.23960576911381382
287,4,10,150,29,0.06364028872631156
288,4,10,150,29,0.0
289,4,10,150,29,0.13905617951077562
290,4,10,150,29,0.0
291,4,10,150,29,0.20906799835504683
292,4,10,150,29,0.0
293,4,10,150,29,0.07041837375515932
294,4,10,150,29,0.04123398036294628
295,4,10,150,29,0.23611013359098149
296,4,10,150,29,0.47774763069170006
297,4,10,150,29,0.049712302565054066
298,4,10,150,29,0.17110977534502889
299,4,10,150,29,0.0
300,4,10,150,29,0.0
301,4,10,150,29,0.047934103497110726
303,4,10,150,29,0.10475393385387434
304,4,10,150,29,0.0
305,4,10,150,29,0.31514747987601716
306,4,10,150,29,0.0
307,4,10,150,29,0.1383141340724969
308,4,10,150,29,0.1341972178375959
309,4,10,150,29,0.0
310,4,10,150,29,0.0
311,4,10,150,29,0.04209275315645388
312,4,10,150,29,0.07579200366109638
313,4,10,150,29,0.09189442695154341
314,4,10,150,29,0.14520858460507408
315,4,10,150,29,0.0
316,4,10,150,29,0.04568304891751105
317,4,10,150,29,0.0
318,4,10,150,29,0.10118786565551004
319,4,10,150,29,0.0
320,4,10,150,29,0.0
321,4,10,150,29,0.062242588308449316
322,4,10,150,29,0.17342765698823945
323,4,10,150,29,0.14126697285982898
324,4,10,150,29,0.0
325,4,10,150,29,0.0
326,4,10,150,29,0.036356287988538835
327,4,10,150,29,0.0
328,4,10,150,29,0.11968995195076808
329,4,10,150,29,0.0
330,4,10,150,29,0.0536466452928127
331,4,10,150,29,0.16958010263680806
332,4,10,150,29,0.0
333,4,10,150,29,0.0
334,4,10,150,29,0.08293328394790152
336,4,10,150,29,0.0
337,4,10,150,29,0.16716045496620227
338,4,10,150,29,0.0
339,4,10,150,29,0.06608282041002614
340,4,10,150,29,0.0
341,4,10,150,29,0.0
342,4,10,150,29,0.23069905815672795
343,4,10,150,29,0.17934679000010195
344,4,10,150,29,0.2076030287632974
345,4,10,150,29,0.030894044636925338
346,4,10,150,29,0.13947804593499064
347,4,10,150,29,0.03232623375868038
348,4,10,150,29,0.0
349,4,10,150,29,0.0
350,4,10,150,29,0.0
351,4,10,150,29,0.0
352,4,10,150,29,0.0
353,4,10,150,29,0.0
354,4,10,150,29,0.051249224710132255
355,4,10,150,29,0.0
356,4,10,150,29,0.08406376813555873
357,4,10,150,29,0.0
358,4,10,150,29,0.20438239758848611
359,4,10,150,29,0.0
360,4,10,150,29,0.03588081068184636
361,4,10,150,29,0.09622728274290568
362,4,10,150,29,0.0
363,4,10,150,29,0.1803013146105011
364,4,10,150,29,0.0
365,4,10,150,29,0.0
366,4,10,150,29,0.0
367,4,10,150,29,0.0
368,4,10,150,29,0.0
369,4,10,150,29,0.0
370,4,10,150,29,0.09092803061897883
371,4,10,150,29,0.16676134190097475
372,4,10,150,29,0.0
373,4,10,150,29,0.035769798946978335
374,4,10,150,29,0.05788203960081861
375,4,10,150,29,0.0
376,4,10,150,29,0.0
377,4,10,150,29,0.0
378,4,10,150,29,0.196730163786053
379,4,10,150,29,0.075525336049553
380,4,10,150,29,0.0
381,4,10,150,29,0.0
382,4,10,150,29,0.0
383,4,10,150,29,0.04838338183089434
384,4,10,150,29,0.0
385,4,10,150,29,0.0
386,4,10,150,29,0.0
387,4,10,150,29,0.09923230750789304
388,4,10,150,29,0.0
389,4,10,150,29,0.1156138786112195
390,4,10,150,29,0.0
391,4,10,150,29,0.2137247802747043
392,4,10,150,29,0.0
393,4,10,150,29,0.0
394,4,10,150,29,0.0834477484387131
395,4,10,150,29,0.0
396,4,10,150,29,0.0
397,4,10,150,29,0.22320497122386787
398,4,10,150,29,0.1418968660083944
399,4,10,150,29,0.0
400,4,10,150,29,0.0
401,4,10,150,29,0.0
402,4,10,150,29,0.08963222225173058
403,4,10,150,29,0.0
404,4,10,150,29,0.0
405,4,10,150,29,0.07041837375515932
406,4,10,150,29,0.22057333650311706
407,4,10,150,29,0.04270006763257965
408,4,10,150,29,0.0
409,4,10,150,29,0.08907378449332101
410,4,10,150,29,0.0
411,4,10,150,29,0.0
412,4,10,150,29,0.0
413,4,10,150,29,0.0
414,4,10,150,29,0.0
415,4,10,150,29,0.08035849674662018
416,4,10,150,29,0.20809125642514054
417,4,10,150,29,0.11483922998990871
418,4,10,150,29,0.0
419,4,10,150,29,0.1208113026994942
420,4,10,150,29,0.0
421,4,10,150,29,0.05954496680255472
422,4,10,150,29,0.04320473659574256
423,4,10,150,29,0.053845569940583225
424,4,10,150,29,0.23504554941448536
425,4,10,150,29,0.1674157226455415
426,4,10,150,29,0.0
427,4,10,150,29,0.0
428,4,10,150,29,0.0
429,4,10,150,29,0.2172380423964333
430,4,10,150,29,0.0
431,4,10,150,29,0.0
432,4,10,150,29,0.0
433,4,10,150,29,0.05780921899607981
434,4,10,150,29,0.15130120674940672
435,4,10,150,29,0.1779913201125601
436,4,10,150,29,0.0
437,4,10,150,29,0.08148228754280605
438,4,10,150,29,0.0
439,4,10,150,29,0.0
440,4,10,150,29,0.0
441,4,10,150,29,0.0
442,4,10,150,29,0.040949887133979804
443,4,10,150,29,0.0
444,4,10,150,29,0.1312721899408984
445,4,10,150,29,0.0
446,4,10,150,29,0.0
447,4,10,150,29,0.1547873099507791
448,4,10,150,29,0.0
449,4,10,150,29,0.1511226181481109
450,4,10,150,29,0.3077003559577726
451,4,10,150,29,0.0
452,4,10,150,29,0.11965400980874728
453,4,10,150,29,0.0
454,4,10,150,29,0.0
455,4,10,150,29,0.07041837375515932
456,4,10,150,29,0.0
457,4,10,150,29,0.31731301909495235
458,4,10,150,29,0.026425294698493085
459,4,10,150,29,0.0
460,4,10,150,29,0.05184030722866645
461,4,10,150,29,0.0
462,4,10,150,29,0.0
463,4,10,150,29,0.11987424504051505
464,4,10,150,29,0.0
465,4,10,150,29,0.0
466,4,10,150,29,0.0
467,4,10,150,29,0.0
468,4,10,150,29,0.09063580949954383
469,4,10,150,29,0.0
470,4,10,150,29,0.0
471,4,10,150,29,0.0
472,4,10,150,29,0.052060104527337656
473,4,10,150,29,0.0
474,4,10,150,29,0.2393488211268607
475,4,10,150,29,0.0
476,4,10,150,29,0.0
477,4,10,150,29,0.0
478,4,10,150,29,0.2345109835167376
479,4,10,150,29,0.11076818665383464
480,4,10,150,29,0.0
481,4,10,150,29,0.07207850898626693
482,4,10,150,29,0.0
483,4,10,150,29,0.05658242244874664
484,4,10,150,29,0.21578811189105124
485,4,10,150,29,0.0
486,4,10,150,29,0.0
487,4,10,150,29,0.08775296255878229
488,4,10,150,29,0.0
489,4,10,150,29,0.0
490,4,10,150,29,0.0
491,4,10,150,29,0.06362078819895171
492,4,10,150,29,0.0
493,4,10,150,29,0.029108658262576942
494,4,10,150,29,0.0
495,4,10,150,29,0.04741880434253891
496,4,10,150,29,0.02649996754880397
497,4,10,150,29,0.07080159676261119
498,4,10,150,29,0.0
499,4,10,150,29,0.0
500,4,10,150,29,0.12008713841799594
501,4,10,150,29,0.0
502,4,10,150,29,0.0
503,4,10,150,29,0.0
504,4,10,150,29,0.10422795092963223
505,4,10,150,29,0.07379217622092994
506,4,10,150,29,0.08400808485840269
507,4,10,150,29,0.05319635904163211
508,4,10,150,29,0.0
509,4,10,150,29,0.0
510,4,10,150,29,0.0
511,4,10,150,29,0.0
512,4,10,150,29,0.0
513,4,10,150,29,0.0
514,4,10,150,29,0.290612193786997
515,4,10,150,29,0.11706259313796354
516,4,10,150,29,0.0
517,4,10,150,29,0.0
518,4,10,150,29,0.0
519,4,10,150,29,0.0
520,4,10,150,29,0.0
521,4,10,150,29,0.09850628252086785
522,4,10,150,29,0.0
523,4,10,150,29,0.032114893884379984
524,4,10,150,29,0.19685687457787293
525,4,10,150,29,0.0
526,4,10,150,29,0.04972780777662495
527,4,10,150,29,0.1273826800227761
528,4,10,150,29,0.10209739512291163
529,4,10,150,29,0.0
530,4,10,150,29,0.0
531,4,10,150,29,0.0
532,4,10,150,29,0.2730432832782805
533,4,10,150,29,0.13579590562498164
534,4,10,150,29,0.047934103497110726
535,4,10,150,29,0.15827653005154652
536,4,10,150,29,0.07205736635480697
537,4,10,150,29,0.361747103498754
538,4,10,150,29,0.14697776980950736
539,4,10,150,29,0.0
540,4,10,150,29,0.0
541,4,10,150,29,0.0
542,4,10,150,29,0.049033875503285806
543,4,10,150,29,0.0
544,4,10,150,29,0.0
545,4,10,150,29,0.025410386140327024
546,4,10,150,29,0.05758752804519195
547,4,10,150,29,0.0
548,4,10,150,29,0.1103190733436671
549,4,10,150,29,0.0
550,4,10,150,29,0.0
551,4,10,150,29,0.07267576634960908
552,4,10,150,29,0.1205344274731702
553,4,10,150,29,0.04743759234968417
554,4,10,150,29,0.12627825946936164
555,4,10,150,29,0.0
556,4,10,150,29,0.040419659112753054
557,4,10,150,29,0.0
558,4,10,150,29,0.0
559,4,10,150,29,0.04366879852493834
560,4,10,150,29,0.06536545161870184
561,4,10,150,29,0.03720349392123144
562,4,10,150,29,0.0
563,4,10,150,29,0.0
564,4,10,150,29,0.043134162606390795
565,4,10,150,29,0.0
566,4,10,150,29,0.03975645576081676
567,4,10,150,29,0.11072440016753828
568,4,10,150,29,0.036155150901276155
569,4,10,150,29,0.18299769260789403
570,4,10,150,29,0.0
571,4,10,150,29,0.0
572,4,10,150,29,0.16812753627111746
573,4,10,150,29,0.06437746926759551
574,4,10,150,29,0.051811563545175146
575,4,10,150,29,0.0
576,4,10,150,29,0.0
577,4,10,150,29,0.24317238744923492
578,4,10,150,29,0.0
579,4,10,150,29,0.0
580,4,10,150,29,0.09004726125505678
581,4,10,150,29,0.0
582,4,10,150,29,0.0
583,4,10,150,29,0.0
584,4,10,150,29,0.06323567569191428
585,4,10,150,29,0.04173963774222741
586,4,10,150,29,0.07041837375515932
587,4,10,150,29,0.0
588,4,10,150,29,0.13628362271940705
589,4,10,150,29,0.0
590,4,10,150,29,0.053845569940583225
591,4,10,150,29,0.0
592,4,10,150,29,0.41663309571821294
593,4,10,150,29,0.026765584926608993
594,4,10,150,29,0.0
595,4,10,150,29,0.03995808168017168
596,4,10,150,29,0.0
597,4,10,150,29,0.27101620591530523
598,4,10,150,29,0.0
599,4,10,150,29,0.0
600,4,10,150,29,0.0
601,4,10,150,29,0.0
602,4,10,150,29,0.0
603,4,10,150,29,0.0
604,4,10,150,29,0.0
605,4,10,150,29,0.23939908411991156
606,4,10,150,29,0.19205033241185085
607,4,10,150,29,0.0
608,4,10,150,29,0.04572032752726573
609,4,10,150,29,0.0
610,4,10,150,29,0.1669877967662679
611,4,10,150,29,0.0
612,4,10,150,29,0.0
613,4,10,150,29,0.04578230021840749
614,4,10,150,29,0.0
615,4,10,150,29,0.027541830374730368
616,4,10,150,29,0.0
617,4,10,150,29,0.0
618,4,10,150,29,0.17357045059096077
619,4,10,150,29,0.03620451724718618
620,4,10,150,29,0.029327299035175076
621,4,10,150,29,0.09363507569634953
622,4,10,150,29,0.27016561388502575
623,4,10,150,29,0.0
624,4,10,150,29,0.0
625,4,10,150,29,0.0
626,4,10,150,29,0.06228974831361337
627,4,10,150,29,0.07597063857182466
628,4,10,150,29,0.0
629,4,10,150,29,0.05818385101801922
630,4,10,150,29,0.1659528841576626
631,4,10,150,29,0.0
632,4,10,150,29,0.12385140668113284
633,4,10,150,29,0.07414861528507455
634,4,10,150,29,0.02502796125345678
635,4,10,150,29,0.0
636,4,10,150,29,0.06364028872631156
637,4,10,150,29,0.0
638,4,10,150,29,0.09712868482236708
639,4,10,150,29,0.0
640,4,10,150,29,0.032262664526278094
641,4,10,150,29,0.07675099783970546
642,4,10,150,29,0.10906316029424946
643,4,10,150,29,0.15829243124383544
644,4,10,150,29,0.04935421935348238
645,4,10,150,29,0.20668709789236592
646,4,10,150,29,0.0
647,4,10,150,29,0.030218457878623886
648,4,10,150,29,0.13872906233034432
649,4,10,150,29,0.15489949502599
650,4,10,150,29,0.07822942873746586
651,4,10,150,29,0.0
652,4,10,150,29,0.0
653,4,10,150,29,0.18385572654383678
654,4,10,150,29,0.22917323187743216
655,4,10,150,29,0.025410386140327024
656,4,10,150,29,0.07397229644086958
657,4,10,150,29,0.0
658,4,10,150,29,0.22745389188843176
659,4,10,150,29,0.11181654148539186
660,4,10,150,29,0.0
661,4,10,150,29,0.08180872057790395
662,4,10,150,29,0.0512644431393966
663,4,10,150,29,0.3142457535227744
664,4,10,150,29,0.38819165008198453
665,4,10,150,29,0.0
666,4,10,150,29,0.3231160118091782
667,4,10,150,29,0.1593472521587426
668,4,10,150,29,0.06194403202282284
669,4,10,150,29,0.06297306522137304
670,4,10,150,29,0.03337620304869898
671,4,10,150,29,0.14652425940437178
672,4,10,150,29,0.0
673,4,10,150,29,0.0
674,4,10,150,29,0.0316088333445714
675,4,10,150,29,0.0
676,4,10,150,29,0.11582866341850039
677,4,10,150,29,0.03314040476303028
678,4,10,150,29,0.0
679,4,10,150,29,0.1266596892460251
680,4,10,150,29,0.0
681,4,10,150,29,0.0
682,4,10,150,29,0.20261564338609897
683,4,10,150,29,0.0
684,4,10,150,29,0.06721083725253531
685,4,10,150,29,0.0976168253917686
686,4,10,150,29,0.07277260183012466
687,4,10,150,29,0.0
688,4,10,150,29,0.0
689,4,10,150,29,0.15001451003751623
690,4,10,150,29,0.09961234102596783
691,4,10,150,29,0.05446824630887794
692,4,10,150,29,0.05833725389333616
693,4,10,150,29,0.0
694,4,10,150,29,0.14545658579854814
695,4,10,150,29,0.0
696,4,10,150,29,0.039725595076707886
697,4,10,150,29,0.02502796125345678
698,4,10,150,29,0.05788203960081861
699,4,10,150,29,0.07041837375515932
700,4,10,150,29,0.12729890218214104
701,4,10,150,29,0.0
702,4,10,150,29,0.037715680681715956
703,4,10,150,29,0.09261220774116596
704,4,10,150,29,0.1122793559641569
705,4,10,150,29,0.12941204947883564
706,4,10,150,29,0.04395738023645723
707,4,10,150,29,0.028567598460307132
708,4,10,150,29,0.032262664526278094
709,4,10,150,29,0.18054138354607543
710,4,10,150,29,0.10695361352497157
711,4,10,150,29,0.15998125269675012
712,4,10,150,29,0.12758973420746525
713,4,10,150,29,0.11212986779582237
714,4,10,150,29,0.0
715,4,10,150,29,0.0
716,4,10,150,29,0.21023384848428514
717,4,10,150,29,0.026765584926608993
718,4,10,150,29,0.0
719,4,10,150,29,0.0723514680762565
720,4,10,150,29,0.0
721,4,10,150,29,0.16006735676961018
722,4,10,150,29,0.06556429791586475
723,4,10,150,29,0.0
724,4,10,150,29,0.0
725,4,10,150,29,0.0
726,4,10,150,29,0.05010834716923557
727,4,10,150,29,0.21937430904658653
728,4,10,150,29,0.09627818061559096
729,4,10,150,29,0.0
730,4,10,150,29,0.0
731,4,10,150,29,0.10017655914260447
732,4,10,150,29,0.0
733,4,10,150,29,0.11917640675609001
734,4,10,150,29,0.0
735,4,10,150,29,0.0
736,4,10,150,29,0.0
737,4,10,150,29,0.04395738023645723
738,4,10,150,29,0.21392755181495976
739,4,10,150,29,0.03855307727568851
740,4,10,150,29,0.0
741,4,10,150,29,0.07181270766131666
742,4,10,150,29,0.0488929053971083
743,4,10,150,29,0.0
744,4,10,150,29,0.0
745,4,10,150,29,0.03520132288421838
746,4,10,150,29,0.23491487959421534
747,4,10,150,29,0.49044618048751093
748,4,10,150,29,0.11709960803711857
749,4,10,150,29,0.1736963191077781
750,4,10,150,29,0.041278922835426404
751,4,10,150,29,0.0840468724471415
752,4,10,150,29,0.0
753,4,10,150,29,0.15780803084928155
754,4,10,150,29,0.0
755,4,10,150,29,0.03855371268423985
756,4,10,150,29,0.03720349392123144
757,4,10,150,29,0.0
758,4,10,150,29,0.2521234909571871
759,4,10,150,29,0.049710505523782283
760,4,10,150,29,0.0
761,4,10,150,29,0.0
762,4,10,150,29,0.051960280791503534
763,4,10,150,29,0.03975645576081676
764,4,10,150,29,0.1252600744477847
765,4,10,150,29,0.15066101840234988
766,4,10,150,29,0.03975645576081676
767,4,10,150,29,0.06994410797740244
768,4,10,150,29,0.060133059387366614
769,4,10,150,29,0.0
770,4,10,150,29,0.1912123147921425
771,4,10,150,29,0.2192447252418897
772,4,10,150,29,0.0
773,4,10,150,29,0.13083103626322354
774,4,10,150,29,0.023216609460556273
775,4,10,150,29,0.0
776,4,10,150,29,0.05547568165194124
777,4,10,150,29,0.0
778,4,10,150,29,0.11805093117474011
779,4,10,150,29,0.0
780,4,10,150,29,0.030023253564245667
781,4,10,150,29,0.0366967190946864
782,4,10,150,29,0.07333823879364955
783,4,10,150,29,0.0
784,4,10,150,29,0.0
785,4,10,150,29,0.0
786,4,10,150,29,0.0
787,4,10,150,29,0.0
788,4,10,150,29,0.3262675357509523
789,4,10,150,29,0.08809718769055445
790,4,10,150,29,0.0
791,4,10,150,29,0.04465281017341861
792,4,10,150,29,0.06658592494149675
793,4,10,150,29,0.0
794,4,10,150,29,0.0
795,4,10,150,29,0.0
796,4,10,150,29,0.4310193336555945
797,4,10,150,29,0.04001677477281075
798,4,10,150,29,0.07041837375515932
799,4,10,150,29,0.0
800,4,10,150,29,0.0
801,4,10,150,29,0.10642833634036353
802,4,10,150,29,0.055805240881847164
803,4,10,150,29,0.0
804,4,10,150,29,0.18488348906062324
805,4,10,150,29,0.160800254545922
806,4,10,150,29,0.36377218991924537
807,4,10,150,29,0.10006780387681717
808,4,10,150,29,0.0
809,4,10,150,29,0.0
810,4,10,150,29,0.0
811,4,10,150,29,0.0
812,4,10,150,29,0.0
813,4,10,150,29,0.0
814,4,10,150,29,0.0
815,4,10,150,29,0.15877399849488252
816,4,10,150,29,0.0
817,4,10,150,29,0.0
818,4,10,150,29,0.05516788910004661
819,4,10,150,29,0.037210602758860095
820,4,10,150,29,0.0
821,4,10,150,29,0.22462029305966655
822,4,10,150,29,0.0
823,4,10,150,29,0.22611077804214194
824,4,10,150,29,0.05046096657376444
825,4,10,150,29,0.043176828187084765
826,4,10,150,29,0.11161048176369433
827,4,10,150,29,0.0
828,4,10,150,29,0.05818385101801922
829,4,10,150,29,0.15110239493068348
830,4,10,150,29,0.13478951805243744
831,4,10,150,29,0.2234689647208627
832,4,10,150,29,0.0
833,4,10,150,29,0.16821921670239182
834,4,10,150,29,0.24251121723036934
835,4,10,150,29,0.04838505028076659
836,4,10,150,29,0.08063125834567192
837,4,10,150,29,0.0
838,4,10,150,29,0.28335136211791156
839,4,10,150,29,0.03983635556421846
840,4,10,150,29,0.4116364707461922
841,4,10,150,29,0.0
842,4,10,150,29,0.0
843,4,10,150,29,0.0
844,4,10,150,29,0.025824233840383477
845,4,10,150,29,0.0
846,4,10,150,29,0.4056602419826398
847,4,10,150,29,0.07241268079881111
848,4,10,150,29,0.0
849,4,10,150,29,0.0
850,4,10,150,29,0.20938747063345256
851,4,10,150,29,0.05900848898170678
852,4,10,150,29,0.20911717738808477
853,4,10,150,29,0.0
854,4,10,150,29,0.0
855,4,10,150,29,0.0
856,4,10,150,29,0.0
857,4,10,150,29,0.0
858,4,10,150,29,0.05319635904163211
859,4,10,150,29,0.0
860,4,10,150,29,0.0
861,4,10,150,29,0.03709674194804795
862,4,10,150,29,0.055735455777997864
863,4,10,150,29,0.0
864,4,10,150,29,0.48700652684968865
865,4,10,150,29,0.033438075019306616
866,4,10,150,29,0.0
867,4,10,150,29,0.10505346306402895
868,4,10,150,29,0.302900265071191
869,4,10,150,29,0.03406297225598251
870,4,10,150,29,0.3940808978443893
871,4,10,150,29,0.09033956866823578
872,4,10,150,29,0.02804794621397926
873,4,10,150,29,0.0
874,4,10,150,29,0.13944914190808633
875,4,10,150,29,0.1281043072974621
876,4,10,150,29,0.08671382849411972
877,4,10,150,29,0.06150072328230334
878,4,10,150,29,0.2622513284736032
879,4,10,150,29,0.0
880,4,10,150,29,0.5003097523535344
881,4,10,150,29,0.09467046939736042
882,4,10,150,29,0.23732421560640818
883,4,10,150,29,0.41146028039227467
884,4,10,150,29,0.09113547509404434
885,4,10,150,29,0.05987220507369803
886,4,10,150,29,0.21103890328669134
887,4,10,150,29,0.09571582322705338
888,4,10,150,29,0.11625487663628292
889,4,10,150,29,0.0
890,4,10,150,29,0.04781551635495441
891,4,10,150,29,0.03339755935325358
892,4,10,150,29,0.25986952832881816
893,4,10,150,29,0.10869735563398858
894,4,10,150,29,0.16323396018690314
895,4,10,150,29,0.0
896,4,10,150,29,0.44169364958553287
897,4,10,150,29,0.33099784527484083
898,4,10,150,29,0.0
899,4,10,150,29,0.09486131655973007
900,4,10,150,29,0.03232193387019919
901,4,10,150,29,0.2156412046737793
902,4,10,150,29,0.0316088333445714
903,4,10,150,29,0.2708264345493516
904,4,10,150,29,0.0
905,4,10,150,29,0.0
906,4,10,150,29,0.04258528250242427
907,4,10,150,29,0.043176828187084765
908,4,10,150,29,0.07201912028709485
909,4,10,150,29,0.0
910,4,10,150,29,0.0
911,4,10,150,29,0.08247253048372134
912,4,10,150,29,0.1328892265512611
913,4,10,150,29,0.02403400906545054
914,4,10,150,29,0.0
915,4,10,150,29,0.0
916,4,10,150,29,0.42857969508225907
917,4,10,150,29,0.0
918,4,10,150,29,0.055805240881847164
919,4,10,150,29,0.14963035289668167
920,4,10,150,29,0.0
921,4,10,150,29,0.13899830195789142
922,4,10,150,29,0.17929938298270337
923,4,10,150,29,0.0
924,4,10,150,29,0.0
925,4,10,150,29,0.0
926,4,10,150,29,0.0
927,4,10,150,29,0.05094724318803102
928,4,10,150,29,0.1482972305701491
929,4,10,150,29,0.25163227912988373
930,4,10,150,29,0.0
931,4,10,150,29,0.061687570642613335
932,4,10,150,29,0.29098929053678596
933,4,10,150,29,0.03720349392123144
934,4,10,150,29,0.14241747141738814
935,4,10,150,29,0.04173963774222741
936,4,10,150,29,0.16354711127006843
937,4,10,150,29,0.0
938,4,10,150,29,0.11017482951597607
939,4,10,150,29,0.0
940,4,10,150,29,0.0637904648262673
941,4,10,150,29,0.0
942,4,10,150,29,0.05257576139663633
943,4,10,150,29,0.21280915522711527
1,4,10,150,30,0.4058715898896693
2,4,10,150,30,0.0
3,4,10,150,30,0.0
4,4,10,150,30,0.0
5,4,10,150,30,0.040209635547393256
6,4,10,150,30,0.27020011346731576
7,4,10,150,30,0.2799705743814016
8,4,10,150,30,0.0
9,4,10,150,30,0.21840743681816419
10,4,10,150,30,0.03855371268423985
11,4,10,150,30,0.1722584975122812
12,4,10,150,30,0.0
13,4,10,150,30,0.2653889637607682
14,4,10,150,30,0.0
15,4,10,150,30,0.05010834716923557
16,4,10,150,30,0.0
17,4,10,150,30,0.0
18,4,10,150,30,0.20717217840635824
19,4,10,150,30,0.0
20,4,10,150,30,0.0
21,4,10,150,30,0.0
22,4,10,150,30,0.0664352832729762
23,4,10,150,30,0.19906649093208975
24,4,10,150,30,0.0
25,4,10,150,30,0.12358102547512423
26,4,10,150,30,0.0
27,4,10,150,30,0.0
28,4,10,150,30,0.0
29,4,10,150,30,0.0740318445087683
30,4,10,150,30,0.0
31,4,10,150,30,0.0
32,4,10,150,30,0.0
33,4,10,150,30,0.0
35,4,10,150,30,0.10523285614729473
36,4,10,150,30,0.0
37,4,10,150,30,0.0
38,4,10,150,30,0.04739418218477539
39,4,10,150,30,0.0
40,4,10,150,30,0.0
41,4,10,150,30,0.0
42,4,10,150,30,0.0683037314796457
43,4,10,150,30,0.22592974817952552
44,4,10,150,30,0.1694627944724332
45,4,10,150,30,0.0
46,4,10,150,30,0.11284514134893527
47,4,10,150,30,0.0
48,4,10,150,30,0.0
49,4,10,150,30,0.0
50,4,10,150,30,0.0
51,4,10,150,30,0.16812753627111746
52,4,10,150,30,0.0
54,4,10,150,30,0.0
56,4,10,150,30,0.20383503459815738
57,4,10,150,30,0.23047740788088653
58,4,10,150,30,0.28294666822582426
59,4,10,150,30,0.2122623803343036
60,4,10,150,30,0.10892598114203371
61,4,10,150,30,0.0
62,4,10,150,30,0.08314631791322982
63,4,10,150,30,0.0
64,4,10,150,30,0.04238468688770069
65,4,10,150,30,0.13012668333070054
66,4,10,150,30,0.0
67,4,10,150,30,0.0
68,4,10,150,30,0.4176344875447225
69,4,10,150,30,0.0
70,4,10,150,30,0.0
71,4,10,150,30,0.0
72,4,10,150,30,0.0
73,4,10,150,30,0.0
74,4,10,150,30,0.0
75,4,10,150,30,0.049432410190049694
76,4,10,150,30,0.1301464707340554
77,4,10,150,30,0.05381256178894041
78,4,10,150,30,0.0
79,4,10,150,30,0.27487633291429087
80,4,10,150,30,0.0
81,4,10,150,30,0.0
82,4,10,150,30,0.19298623480417013
83,4,10,150,30,0.12089611529519323
84,4,10,150,30,0.0
85,4,10,150,30,0.0
87,4,10,150,30,0.03597158591011401
89,4,10,150,30,0.16716045496620227
90,4,10,150,30,0.0
91,4,10,150,30,0.0
92,4,10,150,30,0.10772786256217244
93,4,10,150,30,0.0
94,4,10,150,30,0.04998228542239161
95,4,10,150,30,0.15097216460709872
96,4,10,150,30,0.0
97,4,10,150,30,0.0
98,4,10,150,30,0.0
99,4,10,150,30,0.05658242244874664
100,4,10,150,30,0.0
101,4,10,150,30,0.0
102,4,10,150,30,0.0
103,4,10,150,30,0.0
104,4,10,150,30,0.0
105,4,10,150,30,0.0
106,4,10,150,30,0.0
107,4,10,150,30,0.0
108,4,10,150,30,0.0
109,4,10,150,30,0.07103066762111539
110,4,10,150,30,0.0
111,4,10,150,30,0.0
112,4,10,150,30,0.0
113,4,10,150,30,0.0
114,4,10,150,30,0.0
115,4,10,150,30,0.10684080426179023
116,4,10,150,30,0.0
117,4,10,150,30,0.14606834984270645
118,4,10,150,30,0.0
119,4,10,150,30,0.1305412650002718
120,4,10,150,30,0.0
121,4,10,150,30,0.2147325744928709
122,4,10,150,30,0.1530100230930498
123,4,10,150,30,0.0
125,4,10,150,30,0.0458402539699961
126,4,10,150,30,0.06911917000496234
127,4,10,150,30,0.10253313861822189
128,4,10,150,30,0.03233829114831982
129,4,10,150,30,0.0
130,4,10,150,30,0.16099269493775217
131,4,10,150,30,0.0
133,4,10,150,30,0.11047239495909743
134,4,10,150,30,0.0
135,4,10,150,30,0.0
137,4,10,150,30,0.0
138,4,10,150,30,0.0
139,4,10,150,30,0.0
141,4,10,150,30,0.0
142,4,10,150,30,0.13373003436102654
143,4,10,150,30,0.0
144,4,10,150,30,0.1227945149537572
145,4,10,150,30,0.08829985348038716
146,4,10,150,30,0.0
148,4,10,150,30,0.0
149,4,10,150,30,0.0
150,4,10,150,30,0.10235170428306553
151,4,10,150,30,0.035510009908414325
152,4,10,150,30,0.0
153,4,10,150,30,0.0
154,4,10,150,30,0.0
155,4,10,150,30,0.0
156,4,10,150,30,0.0
158,4,10,150,30,0.11008935378765584
159,4,10,150,30,0.0
160,4,10,150,30,0.0
161,4,10,150,30,0.0
162,4,10,150,30,0.0
163,4,10,150,30,0.0
164,4,10,150,30,0.0
165,4,10,150,30,0.06166887310869151
166,4,10,150,30,0.0
167,4,10,150,30,0.0
168,4,10,150,30,0.23504554941448536
169,4,10,150,30,0.0
170,4,10,150,30,0.0
171,4,10,150,30,0.0
172,4,10,150,30,0.0
173,4,10,150,30,0.0
174,4,10,150,30,0.060961917527339995
175,4,10,150,30,0.0
176,4,10,150,30,0.0
177,4,10,150,30,0.06912040963822193
178,4,10,150,30,0.21869354042431444
179,4,10,150,30,0.0
180,4,10,150,30,0.0
181,4,10,150,30,0.0
182,4,10,150,30,0.0
183,4,10,150,30,0.0
184,4,10,150,30,0.09303069037986347
185,4,10,150,30,0.07745351606183934
186,4,10,150,30,0.22147164648185297
187,4,10,150,30,0.0
188,4,10,150,30,0.054384419234677496
189,4,10,150,30,0.18472415061971442
190,4,10,150,30,0.10699313236726378
191,4,10,150,30,0.0
192,4,10,150,30,0.0
193,4,10,150,30,0.0
194,4,10,150,30,0.0
195,4,10,150,30,0.0
196,4,10,150,30,0.0
197,4,10,150,30,0.0
198,4,10,150,30,0.0
199,4,10,150,30,0.0
200,4,10,150,30,0.03719976603506465
201,4,10,150,30,0.042225550968526857
203,4,10,150,30,0.0
204,4,10,150,30,0.0
205,4,10,150,30,0.0
206,4,10,150,30,0.0
207,4,10,150,30,0.0
209,4,10,150,30,0.0
210,4,10,150,30,0.06648469969095826
211,4,10,150,30,0.0
212,4,10,150,30,0.12681701683239352
213,4,10,150,30,0.19336468350582656
214,4,10,150,30,0.056720838976548935
215,4,10,150,30,0.0
216,4,10,150,30,0.0
217,4,10,150,30,0.0
218,4,10,150,30,0.19092086617893467
219,4,10,150,30,0.0
221,4,10,150,30,0.3375735570145491
222,4,10,150,30,0.11593849386641801
223,4,10,150,30,0.0
224,4,10,150,30,0.0
225,4,10,150,30,0.0
226,4,10,150,30,0.0
227,4,10,150,30,0.0
228,4,10,150,30,0.0
229,4,10,150,30,0.0
230,4,10,150,30,0.13878248056476364
231,4,10,150,30,0.0
232,4,10,150,30,0.3234992853586256
233,4,10,150,30,0.05061430410615009
234,4,10,150,30,0.0
235,4,10,150,30,0.06065881345112158
236,4,10,150,30,0.0
237,4,10,150,30,0.0
238,4,10,150,30,0.0
239,4,10,150,30,0.060772229737720354
240,4,10,150,30,0.0
242,4,10,150,30,0.0
243,4,10,150,30,0.05446333035917803
244,4,10,150,30,0.0897700875992608
245,4,10,150,30,0.0
246,4,10,150,30,0.08041927109478651
247,4,10,150,30,0.0
248,4,10,150,30,0.14830051302014485
249,4,10,150,30,0.12756848747646268
250,4,10,150,30,0.3039989562789163
251,4,10,150,30,0.0
252,4,10,150,30,0.0
253,4,10,150,30,0.05954496680255472
254,4,10,150,30,0.0
255,4,10,150,30,0.0
256,4,10,150,30,0.1412126830355814
257,4,10,150,30,0.3305900772260718
258,4,10,150,30,0.0
259,4,10,150,30,0.0
260,4,10,150,30,0.0
261,4,10,150,30,0.0
262,4,10,150,30,0.0
263,4,10,150,30,0.0975109251896312
264,4,10,150,30,0.0
265,4,10,150,30,0.10209739512291163
267,4,10,150,30,0.09794101962538232
268,4,10,150,30,0.042225550968526857
269,4,10,150,30,0.11154069665984502
270,4,10,150,30,0.0
271,4,10,150,30,0.12276482551434069
272,4,10,150,30,0.09109240322345806
273,4,10,150,30,0.0
274,4,10,150,30,0.0
275,4,10,150,30,0.0
276,4,10,150,30,0.19278463631143836
277,4,10,150,30,0.0
279,4,10,150,30,0.07860937291050411
280,4,10,150,30,0.03337620304869898
281,4,10,150,30,0.0
283,4,10,150,30,0.07132875491150918
284,4,10,150,30,0.0
285,4,10,150,30,0.1185995982858366
286,4,10,150,30,0.23960576911381382
287,4,10,150,30,0.06364028872631156
288,4,10,150,30,0.0
289,4,10,150,30,0.13905617951077562
290,4,10,150,30,0.0
291,4,10,150,30,0.22649391003464345
292,4,10,150,30,0.0
293,4,10,150,30,0.06886690743551852
294,4,10,150,30,0.04123398036294628
295,4,10,150,30,0.23611013359098149
296,4,10,150,30,0.47774763069170006
297,4,10,150,30,0.049712302565054066
298,4,10,150,30,0.17110977534502889
299,4,10,150,30,0.0
300,4,10,150,30,0.0
301,4,10,150,30,0.047934103497110726
303,4,10,150,30,0.10244598222765182
304,4,10,150,30,0.0
305,4,10,150,30,0.31514747987601716
306,4,10,150,30,0.0
307,4,10,150,30,0.1383141340724969
308,4,10,150,30,0.1312405681372146
309,4,10,150,30,0.0
310,4,10,150,30,0.0
311,4,10,150,30,0.04209275315645388
312,4,10,150,30,0.07579200366109638
313,4,10,150,30,0.09189442695154341
314,4,10,150,30,0.14200933111022926
315,4,10,150,30,0.0
316,4,10,150,30,0.04568304891751105
317,4,10,150,30,0.0
318,4,10,150,30,0.10118786565551004
319,4,10,150,30,0.0
320,4,10,150,30,0.0
321,4,10,150,30,0.062242588308449316
322,4,10,150,30,0.17342765698823945
323,4,10,150,30,0.14126697285982898
324,4,10,150,30,0.0
325,4,10,150,30,0.0
326,4,10,150,30,0.036356287988538835
327,4,10,150,30,0.0
328,4,10,150,30,0.11968995195076808
329,4,10,150,30,0.0
330,4,10,150,30,0.0536466452928127
331,4,10,150,30,0.16958010263680806
332,4,10,150,30,0.0
333,4,10,150,30,0.0
334,4,10,150,30,0.08110608757909943
336,4,10,150,30,0.0
337,4,10,150,30,0.16716045496620227
338,4,10,150,30,0.0
339,4,10,150,30,0.06608282041002614
340,4,10,150,30,0.0
341,4,10,150,30,0.0
342,4,10,150,30,0.2625072992734236
343,4,10,150,30,0.20801744225824093
344,4,10,150,30,0.2076030287632974
345,4,10,150,30,0.030894044636925338
346,4,10,150,30,0.13947804593499064
347,4,10,150,30,0.03232623375868038
348,4,10,150,30,0.0
349,4,10,150,30,0.0
350,4,10,150,30,0.0
351,4,10,150,30,0.0
352,4,10,150,30,0.0
353,4,10,150,30,0.0
354,4,10,150,30,0.051249224710132255
355,4,10,150,30,0.0
356,4,10,150,30,0.08406376813555873
357,4,10,150,30,0.0
358,4,10,150,30,0.20438239758848611
359,4,10,150,30,0.0
360,4,10,150,30,0.03588081068184636
361,4,10,150,30,0.09622728274290568
362,4,10,150,30,0.0
363,4,10,150,30,0.1803013146105011
364,4,10,150,30,0.0
365,4,10,150,30,0.0
366,4,10,150,30,0.0
367,4,10,150,30,0.0
368,4,10,150,30,0.0
369,4,10,150,30,0.0
370,4,10,150,30,0.09092803061897883
371,4,10,150,30,0.16676134190097475
372,4,10,150,30,0.0
373,4,10,150,30,0.035769798946978335
374,4,10,150,30,0.05660677534571069
375,4,10,150,30,0.0
376,4,10,150,30,0.0
377,4,10,150,30,0.0
378,4,10,150,30,0.19239578048670683
379,4,10,150,30,0.07386135250503313
380,4,10,150,30,0.0
381,4,10,150,30,0.05105625351125917
382,4,10,150,30,0.0
383,4,10,150,30,0.04838338183089434
384,4,10,150,30,0.0
385,4,10,150,30,0.0
386,4,10,150,30,0.0
387,4,10,150,30,0.09704600903621817
388,4,10,150,30,0.0
389,4,10,150,30,0.11306665933898795
390,4,10,150,30,0.0
391,4,10,150,30,0.2137247802747043
392,4,10,150,30,0.0
393,4,10,150,30,0.0
394,4,10,150,30,0.0834477484387131
395,4,10,150,30,0.0
396,4,10,150,30,0.0
397,4,10,150,30,0.22320497122386787
398,4,10,150,30,0.1418968660083944
399,4,10,150,30,0.0
400,4,10,150,30,0.0
401,4,10,150,30,0.0
402,4,10,150,30,0.08963222225173058
403,4,10,150,30,0.0
404,4,10,150,30,0.0
405,4,10,150,30,0.06886690743551852
406,4,10,150,30,0.23774576114970047
407,4,10,150,30,0.04270006763257965
408,4,10,150,30,0.0
409,4,10,150,30,0.10914342353313093
410,4,10,150,30,0.0
411,4,10,150,30,0.0
412,4,10,150,30,0.0
413,4,10,150,30,0.0
414,4,10,150,30,0.0
415,4,10,150,30,0.08035849674662018
416,4,10,150,30,0.20350656412767482
417,4,10,150,30,0.11230907787190737
418,4,10,150,30,0.0
419,4,10,150,30,0.1208113026994942
420,4,10,150,30,0.0
421,4,10,150,30,0.05954496680255472
422,4,10,150,30,0.04320473659574256
423,4,10,150,30,0.053845569940583225
424,4,10,150,30,0.23504554941448536
425,4,10,150,30,0.1674157226455415
426,4,10,150,30,0.0
427,4,10,150,30,0.0
428,4,10,150,30,0.0
429,4,10,150,30,0.21245182697920958
430,4,10,150,30,0.0
431,4,10,150,30,0.0
432,4,10,150,30,0.0
433,4,10,150,30,0.05780921899607981
434,4,10,150,30,0.15130120674940672
435,4,10,150,30,0.19610191701063637
436,4,10,150,30,0.0
437,4,10,150,30,0.07968705970625455
438,4,10,150,30,0.0
439,4,10,150,30,0.0
440,4,10,150,30,0.0
441,4,10,150,30,0.0
442,4,10,150,30,0.040949887133979804
443,4,10,150,30,0.0
444,4,10,150,30,0.1312721899408984
445,4,10,150,30,0.0
446,4,10,150,30,0.0
447,4,10,150,30,0.15137701679445867
448,4,10,150,30,0.0
449,4,10,150,30,0.1511226181481109
450,4,10,150,30,0.3009210636601428
451,4,10,150,30,0.0
452,4,10,150,30,0.11701777786630428
453,4,10,150,30,0.0
454,4,10,150,30,0.0
455,4,10,150,30,0.06886690743551852
456,4,10,150,30,0.0
457,4,10,150,30,0.33235406309028953
458,4,10,150,30,0.026425294698493085
459,4,10,150,30,0.0
460,4,10,150,30,0.05184030722866645
461,4,10,150,30,0.0
462,4,10,150,30,0.0
463,4,10,150,30,0.11987424504051505
464,4,10,150,30,0.0
465,4,10,150,30,0.0
466,4,10,150,30,0.0
467,4,10,150,30,0.0
468,4,10,150,30,0.09063580949954383
469,4,10,150,30,0.0
470,4,10,150,30,0.0
471,4,10,150,30,0.0
472,4,10,150,30,0.050913109865802664
473,4,10,150,30,0.0
474,4,10,150,30,0.2340754582980742
475,4,10,150,30,0.0
476,4,10,150,30,0.0
477,4,10,150,30,0.0
478,4,10,150,30,0.2345109835167376
479,4,10,150,30,0.10832772826610429
480,4,10,150,30,0.0
481,4,10,150,30,0.10388675010296258
482,4,10,150,30,0.0
483,4,10,150,30,0.05658242244874664
484,4,10,150,30,0.2444587641491902
485,4,10,150,30,0.0
486,4,10,150,30,0.0
487,4,10,150,30,0.0858195784347464
488,4,10,150,30,0.0
489,4,10,150,30,0.0
490,4,10,150,30,0.0
491,4,10,150,30,0.06362078819895171
492,4,10,150,30,0.0
493,4,10,150,30,0.029108658262576942
494,4,10,150,30,0.0
495,4,10,150,30,0.04637406738069313
496,4,10,150,30,0.02649996754880397
497,4,10,150,30,0.0692416872262747
498,4,10,150,30,0.0
499,4,10,150,30,0.0
500,4,10,150,30,0.11744136373246633
501,4,10,150,30,0.0
502,4,10,150,30,0.0
503,4,10,150,30,0.0
504,4,10,150,30,0.1019315878242481
505,4,10,150,30,0.07379217622092994
506,4,10,150,30,0.10418933201907492
507,4,10,150,30,0.05319635904163211
508,4,10,150,30,0.0
509,4,10,150,30,0.0
510,4,10,150,30,0.0
511,4,10,150,30,0.0
512,4,10,150,30,0.0
513,4,10,150,30,0.0
514,4,10,150,30,0.2842093899917103
515,4,10,150,30,0.11706259313796354
516,4,10,150,30,0.0
517,4,10,150,30,0.0
518,4,10,150,30,0.0
519,4,10,150,30,0.0
520,4,10,150,30,0.0
521,4,10,150,30,0.09850628252086785
522,4,10,150,30,0.0
523,4,10,150,30,0.032114893884379984
524,4,10,150,30,0.19251969957069032
525,4,10,150,30,0.0
526,4,10,150,30,0.04972780777662495
527,4,10,150,30,0.12457616906232613
528,4,10,150,30,0.10209739512291163
529,4,10,150,30,0.0
530,4,10,150,30,0.0
531,4,10,150,30,0.0
532,4,10,150,30,0.28905968356823714
533,4,10,150,30,0.13280403343754926
534,4,10,150,30,0.047934103497110726
535,4,10,150,30,0.15478936196643298
536,4,10,150,30,0.07205736635480697
537,4,10,150,30,0.3537770465750124
538,4,10,150,30,0.14697776980950736
539,4,10,150,30,0.0
540,4,10,150,30,0.0
541,4,10,150,30,0.0
542,4,10,150,30,0.049033875503285806
543,4,10,150,30,0.0
544,4,10,150,30,0.0
545,4,10,150,30,0.02485054137022686
546,4,10,150,30,0.05758752804519195
547,4,10,150,30,0.0
548,4,10,150,30,0.1103190733436671
549,4,10,150,30,0.0
550,4,10,150,30,0.0
551,4,10,150,30,0.09310668855320356
552,4,10,150,30,0.1205344274731702
553,4,10,150,30,0.04743759234968417
554,4,10,150,30,0.12627825946936164
555,4,10,150,30,0.0
556,4,10,150,30,0.040419659112753054
557,4,10,150,30,0.0
558,4,10,150,30,0.0
559,4,10,150,30,0.04366879852493834
560,4,10,150,30,0.06536545161870184
561,4,10,150,30,0.036383821941977264
562,4,10,150,30,0.0
563,4,10,150,30,0.0
564,4,10,150,30,0.08498983725535779
565,4,10,150,30,0.0
566,4,10,150,30,0.03888053661057258
567,4,10,150,30,0.10828490648908935
568,4,10,150,30,0.036155150901276155
569,4,10,150,30,0.18299769260789403
570,4,10,150,30,0.0
571,4,10,150,30,0.0
572,4,10,150,30,0.16812753627111746
573,4,10,150,30,0.06437746926759551
574,4,10,150,30,0.051811563545175146
575,4,10,150,30,0.0
576,4,10,150,30,0.0
577,4,10,150,30,0.23781478333435024
578,4,10,150,30,0.0
579,4,10,150,30,0.0
580,4,10,150,30,0.09004726125505678
581,4,10,150,30,0.0
582,4,10,150,30,0.0
583,4,10,150,30,0.0
584,4,10,150,30,0.06323567569191428
585,4,10,150,30,0.04173963774222741
586,4,10,150,30,0.06886690743551852
587,4,10,150,30,0.0
588,4,10,150,30,0.1332810050886314
589,4,10,150,30,0.0
590,4,10,150,30,0.053845569940583225
591,4,10,150,30,0.0
592,4,10,150,30,0.4074537838258089
593,4,10,150,30,0.026175882249243814
594,4,10,150,30,0.0
595,4,10,150,30,0.03995808168017168
596,4,10,150,30,0.0
597,4,10,150,30,0.27101620591530523
598,4,10,150,30,0.0684591776394769
599,4,10,150,30,0.0
600,4,10,150,30,0.0
601,4,10,150,30,0.0
602,4,10,150,30,0.0
603,4,10,150,30,0.0
604,4,10,150,30,0.0
605,4,10,150,30,0.23939908411991156
606,4,10,150,30,0.1878190557361242
607,4,10,150,30,0.0
608,4,10,150,30,0.04471301161667497
609,4,10,150,30,0.0
610,4,10,150,30,0.1669877967662679
611,4,10,150,30,0.0
612,4,10,150,30,0.0
613,4,10,150,30,0.04578230021840749
614,4,10,150,30,0.0
615,4,10,150,30,0.027541830374730368
616,4,10,150,30,0.0
617,4,10,150,30,0.0
618,4,10,150,30,0.16974632495703101
619,4,10,150,30,0.03620451724718618
620,4,10,150,30,0.029327299035175076
621,4,10,150,30,0.09157209612819019
622,4,10,150,30,0.2642132916668918
623,4,10,150,30,0.0
624,4,10,150,30,0.0
625,4,10,150,30,0.0
626,4,10,150,30,0.06228974831361337
627,4,10,150,30,0.07429684406706086
628,4,10,150,30,0.0
629,4,10,150,30,0.05690193721644068
630,4,10,150,30,0.16229658968950186
631,4,10,150,30,0.0
632,4,10,150,30,0.12112269717167994
633,4,10,150,30,0.07414861528507455
634,4,10,150,30,0.024476542115760943
635,4,10,150,30,0.0
636,4,10,150,30,0.06364028872631156
637,4,10,150,30,0.0
638,4,10,150,30,0.09712868482236708
639,4,10,150,30,0.0
640,4,10,150,30,0.03155184951131585
641,4,10,150,30,0.07675099783970546
642,4,10,150,30,0.10666026725814444
643,4,10,150,30,0.1548049128216868
644,4,10,150,30,0.04935421935348238
645,4,10,150,30,0.20213334218935508
646,4,10,150,30,0.0
647,4,10,150,30,0.030218457878623886
648,4,10,150,30,0.13567256647161813
649,4,10,150,30,0.15489949502599
650,4,10,150,30,0.07650586828841437
651,4,10,150,30,0.0
652,4,10,150,30,0.0
653,4,10,150,30,0.1798049944380708
654,4,10,150,30,0.22412405888946585
655,4,10,150,30,0.02485054137022686
656,4,10,150,30,0.07397229644086958
657,4,10,150,30,0.0
658,4,10,150,30,0.22745389188843176
659,4,10,150,30,0.10935298561435625
660,4,10,150,30,0.0
661,4,10,150,30,0.0800063007283512
662,4,10,150,30,0.0512644431393966
663,4,10,150,30,0.30732225221648346
664,4,10,150,30,0.3796389636373639
665,4,10,150,30,0.0
666,4,10,150,30,0.31599707987528264
667,4,10,150,30,0.1593472521587426
668,4,10,150,30,0.06194403202282284
669,4,10,150,30,0.06158563486015506
670,4,10,150,30,0.03337620304869898
671,4,10,150,30,0.14329601879963133
672,4,10,150,30,0.0
673,4,10,150,30,0.0
674,4,10,150,30,0.06123763026386081
675,4,10,150,30,0.0
676,4,10,150,30,0.11582866341850039
677,4,10,150,30,0.03314040476303028
678,4,10,150,30,0.0
679,4,10,150,30,0.1266596892460251
680,4,10,150,30,0.0
681,4,10,150,30,0.0
682,4,10,150,30,0.19815159047231165
683,4,10,150,30,0.0
684,4,10,150,30,0.06573003977381581
685,4,10,150,30,0.0976168253917686
686,4,10,150,30,0.07277260183012466
687,4,10,150,30,0.0
688,4,10,150,30,0.0
689,4,10,150,30,0.15001451003751623
690,4,10,150,30,0.09741766960882169
691,4,10,150,30,0.05446824630887794
692,4,10,150,30,0.05833725389333616
693,4,10,150,30,0.0
694,4,10,150,30,0.14225186831073686
695,4,10,150,30,0.0
696,4,10,150,30,0.039725595076707886
697,4,10,150,30,0.024476542115760943
698,4,10,150,30,0.05660677534571069
699,4,10,150,30,0.06886690743551852
700,4,10,150,30,0.12729890218214104
701,4,10,150,30,0.0
702,4,10,150,30,0.037715680681715956
703,4,10,150,30,0.09261220774116596
704,4,10,150,30,0.1122793559641569
705,4,10,150,30,0.14859295087560698
706,4,10,150,30,0.04395738023645723
707,4,10,150,30,0.027938193597901582
708,4,10,150,30,0.03155184951131585
709,4,10,150,30,0.17656367345514104
710,4,10,150,30,0.10695361352497157
711,4,10,150,30,0.15645652595148407
712,4,10,150,30,0.12477866140361055
713,4,10,150,30,0.11212986779582237
714,4,10,150,30,0.0
715,4,10,150,30,0.0
716,4,10,150,30,0.205601950333585
717,4,10,150,30,0.026175882249243814
718,4,10,150,30,0.0
719,4,10,150,30,0.0723514680762565
720,4,10,150,30,0.0
721,4,10,150,30,0.15654073296876186
722,4,10,150,30,0.06556429791586475
723,4,10,150,30,0.0
724,4,10,150,30,0.0
725,4,10,150,30,0.0
726,4,10,150,30,0.05010834716923557
727,4,10,150,30,0.2145410271383216
728,4,10,150,30,0.09627818061559096
729,4,10,150,30,0.0
730,4,10,150,30,0.0
731,4,10,150,30,0.09796945680213232
732,4,10,150,30,0.0
733,4,10,150,30,0.11655069742317122
734,4,10,150,30,0.0
735,4,10,150,30,0.0
736,4,10,150,30,0.0
737,4,10,150,30,0.04395738023645723
738,4,10,150,30,0.2092142735356555
739,4,10,150,30,0.03855307727568851
740,4,10,150,30,0.0
741,4,10,150,30,0.07023052120460968
742,4,10,150,30,0.0488929053971083
743,4,10,150,30,0.0
744,4,10,150,30,0.0
745,4,10,150,30,0.03520132288421838
746,4,10,150,30,0.23491487959421534
747,4,10,150,30,0.4796406095825581
748,4,10,150,30,0.11451965499042643
749,4,10,150,30,0.16986942032311889
750,4,10,150,30,0.041278922835426404
751,4,10,150,30,0.0821951413587999
752,4,10,150,30,0.0
753,4,10,150,30,0.15780803084928155
754,4,10,150,30,0.0
755,4,10,150,30,0.03855371268423985
756,4,10,150,30,0.036383821941977264
757,4,10,150,30,0.0
758,4,10,150,30,0.246568675022778
759,4,10,150,30,0.049710505523782283
760,4,10,150,30,0.0
761,4,10,150,30,0.0
762,4,10,150,30,0.051960280791503534
763,4,10,150,30,0.03888053661057258
764,4,10,150,30,0.12250032899587844
765,4,10,150,30,0.15066101840234988
766,4,10,150,30,0.03888053661057258
767,4,10,150,30,0.06994410797740244
768,4,10,150,30,0.060133059387366614
769,4,10,150,30,0.0
770,4,10,150,30,0.1912123147921425
771,4,10,150,30,0.2192447252418897
772,4,10,150,30,0.0
773,4,10,150,30,0.1279485506916049
774,4,10,150,30,0.02270509824958248
775,4,10,150,30,0.0
776,4,10,150,30,0.054253434572771854
777,4,10,150,30,0.0
778,4,10,150,30,0.11805093117474011
779,4,10,150,30,0.0
780,4,10,150,30,0.030023253564245667
781,4,10,150,30,0.0366967190946864
782,4,10,150,30,0.07172244164636334
783,4,10,150,30,0.0
784,4,10,150,30,0.0
785,4,10,150,30,0.0
786,4,10,150,30,0.0
787,4,10,150,30,0.0
788,4,10,150,30,0.3190791690518035
789,4,10,150,30,0.08809718769055445
790,4,10,150,30,0.0
791,4,10,150,30,0.04465281017341861
792,4,10,150,30,0.06658592494149675
793,4,10,150,30,0.0
794,4,10,150,30,0.0
795,4,10,150,30,0.0
796,4,10,150,30,0.4435551860657824
797,4,10,150,30,0.04001677477281075
798,4,10,150,30,0.06886690743551852
799,4,10,150,30,0.0
800,4,10,150,30,0.0
801,4,10,150,30,0.10642833634036353
802,4,10,150,30,0.0545757329129659
803,4,10,150,30,0.0
804,4,10,150,30,0.18081011316397783
805,4,10,150,30,0.1572574834506241
806,4,10,150,30,0.35575751604103284
807,4,10,150,30,0.09786309764581126
808,4,10,150,30,0.0
809,4,10,150,30,0.0
810,4,10,150,30,0.0
811,4,10,150,30,0.0
812,4,10,150,30,0.0
813,4,10,150,30,0.0
814,4,10,150,30,0.0
815,4,10,150,30,0.17730799379956208
816,4,10,150,30,0.0
817,4,10,150,30,0.0
818,4,10,150,30,0.05516788910004661
819,4,10,150,30,0.037210602758860095
820,4,10,150,30,0.0
821,4,10,150,30,0.21967143098282277
822,4,10,150,30,0.0
823,4,10,150,30,0.221129077415827
824,4,10,150,30,0.05046096657376444
825,4,10,150,30,0.042225550968526857
826,4,10,150,30,0.13118358950199344
827,4,10,150,30,0.0
828,4,10,150,30,0.05690193721644068
829,4,10,150,30,0.15110239493068348
830,4,10,150,30,0.1318198187204694
831,4,10,150,30,0.21854546885237122
832,4,10,150,30,0.0
833,4,10,150,30,0.18654511379137614
834,4,10,150,30,0.24251121723036934
835,4,10,150,30,0.04731902486890828
836,4,10,150,30,0.08063125834567192
837,4,10,150,30,0.0
838,4,10,150,30,0.27710852986394924
839,4,10,150,30,0.03983635556421846
840,4,10,150,30,0.4025672451131346
841,4,10,150,30,0.0
842,4,10,150,30,0.0
843,4,10,150,30,0.0
844,4,10,150,30,0.025255271126572616
845,4,10,150,30,0.0
846,4,10,150,30,0.41875480903687884
847,4,10,150,30,0.07081727565973653
848,4,10,150,30,0.0
849,4,10,150,30,0.0
850,4,10,150,30,0.20938747063345256
851,4,10,150,30,0.05770840665452431
852,4,10,150,30,0.23690281265915858
853,4,10,150,30,0.0
854,4,10,150,30,0.0
855,4,10,150,30,0.0
856,4,10,150,30,0.0
857,4,10,150,30,0.0
858,4,10,150,30,0.05319635904163211
859,4,10,150,30,0.0
860,4,10,150,30,0.0
861,4,10,150,30,0.03709674194804795
862,4,10,150,30,0.07653960899921698
863,4,10,150,30,0.0
864,4,10,150,30,0.47627673881908716
865,4,10,150,30,0.033438075019306616
866,4,10,150,30,0.0554835367217868
867,4,10,150,30,0.1027389121732037
868,4,10,150,30,0.2962267289696307
869,4,10,150,30,0.03406297225598251
870,4,10,150,30,0.3853984587647084
871,4,10,150,30,0.08834919611849516
872,4,10,150,30,0.02804794621397926
873,4,10,150,30,0.0
874,4,10,150,30,0.13944914190808633
875,4,10,150,30,0.12528189735564824
876,4,10,150,30,0.08671382849411972
877,4,10,150,30,0.0601457317407804
878,4,10,150,30,0.25647337477046134
879,4,10,150,30,0.03963466998423315
880,4,10,150,30,0.5113189896894033
881,4,10,150,30,0.09258467790712697
882,4,10,150,30,0.23209545913684348
883,4,10,150,30,0.40239493660688513
884,4,10,150,30,0.09113547509404434
885,4,10,150,30,0.0585530932467558
886,4,10,150,30,0.20638926806901856
887,4,10,150,30,0.09360700037195889
888,4,10,150,30,0.11625487663628292
889,4,10,150,30,0.0
890,4,10,150,30,0.046762038984987306
891,4,10,150,30,0.03339755935325358
892,4,10,150,30,0.2761761744170995
893,4,10,150,30,0.10869735563398858
894,4,10,150,30,0.15963756938793197
895,4,10,150,30,0.0
896,4,10,150,30,0.4319622004709334
897,4,10,150,30,0.32370525981123566
898,4,10,150,30,0.0
899,4,10,150,30,0.09277132030121207
900,4,10,150,30,0.03232193387019919
901,4,10,150,30,0.21089017098275173
902,4,10,150,30,0.0316088333445714
903,4,10,150,30,0.2648595530486135
904,4,10,150,30,0.0
905,4,10,150,30,0.0
906,4,10,150,30,0.04258528250242427
907,4,10,150,30,0.042225550968526857
908,4,10,150,30,0.07043238612188843
909,4,10,150,30,0.0
910,4,10,150,30,0.0
911,4,10,150,30,0.08065548549222624
912,4,10,150,30,0.1328892265512611
913,4,10,150,30,0.023504488805288947
914,4,10,150,30,0.0
915,4,10,150,30,0.0
916,4,10,150,30,0.41913717423515795
917,4,10,150,30,0.0
918,4,10,150,30,0.0545757329129659
919,4,10,150,30,0.14633367845596926
920,4,10,150,30,0.0
921,4,10,150,30,0.15796799785445423
922,4,10,150,30,0.17534903680178693
923,4,10,150,30,0.0
924,4,10,150,30,0.0
925,4,10,150,30,0.0
926,4,10,150,30,0.0
927,4,10,150,30,0.04982476722515793
928,4,10,150,30,0.1482972305701491
929,4,10,150,30,0.25163227912988373
930,4,10,150,30,0.0
931,4,10,150,30,0.061687570642613335
932,4,10,150,30,0.2845781784992701
933,4,10,150,30,0.036383821941977264
934,4,10,150,30,0.1392797120734883
935,4,10,150,30,0.04173963774222741
936,4,10,150,30,0.1599438210877037
937,4,10,150,30,0.0
938,4,10,150,30,0.1077474440460911
939,4,10,150,30,0.0
940,4,10,150,30,0.06238502541586152
941,4,10,150,30,0.0
942,4,10,150,30,0.05141740571918253
943,4,10,150,30,0.2081205175997533
1,4,10,150,31,0.4058715898896693
2,4,10,150,31,0.0
3,4,10,150,31,0.0
4,4,10,150,31,0.0
5,4,10,150,31,0.040209635547393256
6,4,10,150,31,0.27020011346731576
7,4,10,150,31,0.2739893074750939
8,4,10,150,31,0.0
9,4,10,150,31,0.21840743681816419
10,4,10,150,31,0.03855371268423985
11,4,10,150,31,0.1722584975122812
12,4,10,150,31,0.0
13,4,10,150,31,0.2597192171106109
14,4,10,150,31,0.0
15,4,10,150,31,0.05010834716923557
16,4,10,150,31,0.0
17,4,10,150,31,0.0
18,4,10,150,31,0.20717217840635824
19,4,10,150,31,0.0
20,4,10,150,31,0.0
21,4,10,150,31,0.0
22,4,10,150,31,0.11702382382650763
23,4,10,150,31,0.19906649093208975
24,4,10,150,31,0.0
25,4,10,150,31,0.12358102547512423
26,4,10,150,31,0.0
27,4,10,150,31,0.0
28,4,10,150,31,0.0
29,4,10,150,31,0.13455232720853103
30,4,10,150,31,0.0
31,4,10,150,31,0.0
32,4,10,150,31,0.0
33,4,10,150,31,0.0
35,4,10,150,31,0.10523285614729473
36,4,10,150,31,0.0
37,4,10,150,31,0.0
38,4,10,150,31,0.04739418218477539
39,4,10,150,31,0.0
40,4,10,150,31,0.0
41,4,10,150,31,0.0
42,4,10,150,31,0.0683037314796457
43,4,10,150,31,0.22592974817952552
44,4,10,150,31,0.1694627944724332
45,4,10,150,31,0.0
46,4,10,150,31,0.11284514134893527
47,4,10,150,31,0.0
48,4,10,150,31,0.0
49,4,10,150,31,0.0
50,4,10,150,31,0.0
51,4,10,150,31,0.16812753627111746
52,4,10,150,31,0.0
54,4,10,150,31,0.0
56,4,10,150,31,0.20383503459815738
57,4,10,150,31,0.23047740788088653
58,4,10,150,31,0.28294666822582426
59,4,10,150,31,0.20772762537388373
60,4,10,150,31,0.10892598114203371
61,4,10,150,31,0.0
62,4,10,150,31,0.08314631791322982
63,4,10,150,31,0.0
64,4,10,150,31,0.04238468688770069
65,4,10,150,31,0.13012668333070054
66,4,10,150,31,0.0
67,4,10,150,31,0.0
68,4,10,150,31,0.4176344875447225
69,4,10,150,31,0.0
70,4,10,150,31,0.0
71,4,10,150,31,0.0
72,4,10,150,31,0.0
73,4,10,150,31,0.0
74,4,10,150,31,0.0
75,4,10,150,31,0.049432410190049694
76,4,10,150,31,0.1301464707340554
77,4,10,150,31,0.05381256178894041
78,4,10,150,31,0.0
79,4,10,150,31,0.27487633291429087
80,4,10,150,31,0.0
81,4,10,150,31,0.0
82,4,10,150,31,0.19298623480417013
83,4,10,150,31,0.12089611529519323
84,4,10,150,31,0.0
85,4,10,150,31,0.0
87,4,10,150,31,0.03597158591011401
89,4,10,150,31,0.16716045496620227
90,4,10,150,31,0.0
91,4,10,150,31,0.0
92,4,10,150,31,0.10542637391232386
93,4,10,150,31,0.0
94,4,10,150,31,0.04891446824067841
95,4,10,150,31,0.15097216460709872
96,4,10,150,31,0.0
97,4,10,150,31,0.0
98,4,10,150,31,0.0
99,4,10,150,31,0.05658242244874664
100,4,10,150,31,0.0
101,4,10,150,31,0.0
102,4,10,150,31,0.0
103,4,10,150,31,0.0
104,4,10,150,31,0.0
105,4,10,150,31,0.0
106,4,10,150,31,0.0
107,4,10,150,31,0.0
108,4,10,150,31,0.0
109,4,10,150,31,0.07103066762111539
110,4,10,150,31,0.0
111,4,10,150,31,0.0
112,4,10,150,31,0.0
113,4,10,150,31,0.0
114,4,10,150,31,0.0
115,4,10,150,31,0.10684080426179023
116,4,10,150,31,0.0
117,4,10,150,31,0.14606834984270645
118,4,10,150,31,0.0
119,4,10,150,31,0.15725931248287467
120,4,10,150,31,0.0
121,4,10,150,31,0.2147325744928709
122,4,10,150,31,0.1530100230930498
123,4,10,150,31,0.0
125,4,10,150,31,0.0458402539699961
126,4,10,150,31,0.06911917000496234
127,4,10,150,31,0.10253313861822189
128,4,10,150,31,0.03233829114831982
129,4,10,150,31,0.0
130,4,10,150,31,0.16099269493775217
131,4,10,150,31,0.0
133,4,10,150,31,0.11047239495909743
134,4,10,150,31,0.0
135,4,10,150,31,0.0
137,4,10,150,31,0.0
138,4,10,150,31,0.0
139,4,10,150,31,0.0
141,4,10,150,31,0.0
142,4,10,150,31,0.13373003436102654
143,4,10,150,31,0.0
144,4,10,150,31,0.1227945149537572
145,4,10,150,31,0.08829985348038716
146,4,10,150,31,0.0
148,4,10,150,31,0.0
149,4,10,150,31,0.0
150,4,10,150,31,0.10235170428306553
151,4,10,150,31,0.035510009908414325
152,4,10,150,31,0.0
153,4,10,150,31,0.0
154,4,10,150,31,0.0
155,4,10,150,31,0.0
156,4,10,150,31,0.0
158,4,10,150,31,0.11008935378765584
159,4,10,150,31,0.0
160,4,10,150,31,0.0
161,4,10,150,31,0.0
162,4,10,150,31,0.0
163,4,10,150,31,0.0
164,4,10,150,31,0.0
165,4,10,150,31,0.06166887310869151
166,4,10,150,31,0.0
167,4,10,150,31,0.0
168,4,10,150,31,0.23504554941448536
169,4,10,150,31,0.0
170,4,10,150,31,0.0
171,4,10,150,31,0.0
172,4,10,150,31,0.0
173,4,10,150,31,0.0
174,4,10,150,31,0.060961917527339995
175,4,10,150,31,0.0
176,4,10,150,31,0.0
177,4,10,150,31,0.06912040963822193
178,4,10,150,31,0.21869354042431444
179,4,10,150,31,0.0
180,4,10,150,31,0.12262943855309168
181,4,10,150,31,0.0
182,4,10,150,31,0.0
183,4,10,150,31,0.0
184,4,10,150,31,0.09303069037986347
185,4,10,150,31,0.07745351606183934
186,4,10,150,31,0.22147164648185297
187,4,10,150,31,0.0
188,4,10,150,31,0.054384419234677496
189,4,10,150,31,0.18472415061971442
190,4,10,150,31,0.10699313236726378
191,4,10,150,31,0.0
192,4,10,150,31,0.0
193,4,10,150,31,0.0
194,4,10,150,31,0.0
195,4,10,150,31,0.0
196,4,10,150,31,0.0
197,4,10,150,31,0.0
198,4,10,150,31,0.0
199,4,10,150,31,0.0
200,4,10,150,31,0.03719976603506465
201,4,10,150,31,0.04132344798443041
203,4,10,150,31,0.0
204,4,10,150,31,0.0
205,4,10,150,31,0.0
206,4,10,150,31,0.0
207,4,10,150,31,0.0
209,4,10,150,31,0.0
210,4,10,150,31,0.06648469969095826
211,4,10,150,31,0.0
212,4,10,150,31,0.12681701683239352
213,4,10,150,31,0.19336468350582656
214,4,10,150,31,0.056720838976548935
215,4,10,150,31,0.0
216,4,10,150,31,0.0
217,4,10,150,31,0.0
218,4,10,150,31,0.19092086617893467
219,4,10,150,31,0.0
221,4,10,150,31,0.3375735570145491
222,4,10,150,31,0.11346159400627175
223,4,10,150,31,0.0
224,4,10,150,31,0.0
225,4,10,150,31,0.0
226,4,10,150,31,0.0
227,4,10,150,31,0.0
228,4,10,150,31,0.0
229,4,10,150,31,0.0
230,4,10,150,31,0.13878248056476364
231,4,10,150,31,0.0
232,4,10,150,31,0.3234992853586256
233,4,10,150,31,0.05061430410615009
234,4,10,150,31,0.0
235,4,10,150,31,0.06065881345112158
236,4,10,150,31,0.0
237,4,10,150,31,0.0
238,4,10,150,31,0.0
239,4,10,150,31,0.060772229737720354
240,4,10,150,31,0.05497526658285817
242,4,10,150,31,0.0
243,4,10,150,31,0.05446333035917803
244,4,10,150,31,0.0897700875992608
245,4,10,150,31,0.0
246,4,10,150,31,0.08041927109478651
247,4,10,150,31,0.0
248,4,10,150,31,0.14830051302014485
249,4,10,150,31,0.12756848747646268
250,4,10,150,31,0.3039989562789163
251,4,10,150,31,0.0
252,4,10,150,31,0.0
253,4,10,150,31,0.05954496680255472
254,4,10,150,31,0.0
255,4,10,150,31,0.0
256,4,10,150,31,0.1412126830355814
257,4,10,150,31,0.3305900772260718
258,4,10,150,31,0.0
259,4,10,150,31,0.0
260,4,10,150,31,0.0
261,4,10,150,31,0.0
262,4,10,150,31,0.0
263,4,10,150,31,0.0975109251896312
264,4,10,150,31,0.0
265,4,10,150,31,0.10209739512291163
267,4,10,150,31,0.09794101962538232
268,4,10,150,31,0.04132344798443041
269,4,10,150,31,0.11154069665984502
270,4,10,150,31,0.0
271,4,10,150,31,0.12276482551434069
272,4,10,150,31,0.09109240322345806
273,4,10,150,31,0.0
274,4,10,150,31,0.0
275,4,10,150,31,0.0
276,4,10,150,31,0.21002991486173395
277,4,10,150,31,0.0
279,4,10,150,31,0.07692996913118169
280,4,10,150,31,0.03337620304869898
281,4,10,150,31,0.0
283,4,10,150,31,0.07132875491150918
284,4,10,150,31,0.0
285,4,10,150,31,0.1185995982858366
286,4,10,150,31,0.23960576911381382
287,4,10,150,31,0.06364028872631156
288,4,10,150,31,0.0
289,4,10,150,31,0.13905617951077562
290,4,10,150,31,0.0
291,4,10,150,31,0.22165511391628812
292,4,10,150,31,0.0
293,4,10,150,31,0.06886690743551852
294,4,10,150,31,0.04123398036294628
295,4,10,150,31,0.23611013359098149
296,4,10,150,31,0.47774763069170006
297,4,10,150,31,0.049712302565054066
298,4,10,150,31,0.17110977534502889
299,4,10,150,31,0.0
300,4,10,150,31,0.0
301,4,10,150,31,0.047934103497110726
303,4,10,150,31,0.10025733520809867
304,4,10,150,31,0.0
305,4,10,150,31,0.31514747987601716
306,4,10,150,31,0.0
307,4,10,150,31,0.1383141340724969
308,4,10,150,31,0.1312405681372146
309,4,10,150,31,0.0
310,4,10,150,31,0.0
311,4,10,150,31,0.04209275315645388
312,4,10,150,31,0.07579200366109638
313,4,10,150,31,0.11861247443414627
314,4,10,150,31,0.14200933111022926
315,4,10,150,31,0.0
316,4,10,150,31,0.04568304891751105
317,4,10,150,31,0.0
318,4,10,150,31,0.10118786565551004
319,4,10,150,31,0.0
320,4,10,150,31,0.0
321,4,10,150,31,0.062242588308449316
322,4,10,150,31,0.17342765698823945
323,4,10,150,31,0.14126697285982898
324,4,10,150,31,0.0
325,4,10,150,31,0.0
326,4,10,150,31,0.036356287988538835
327,4,10,150,31,0.0
328,4,10,150,31,0.11968995195076808
329,4,10,150,31,0.0
330,4,10,150,31,0.0536466452928127
331,4,10,150,31,0.16958010263680806
332,4,10,150,31,0.0
333,4,10,150,31,0.0
334,4,10,150,31,0.07937334420559015
336,4,10,150,31,0.0
337,4,10,150,31,0.16716045496620227
338,4,10,150,31,0.0
339,4,10,150,31,0.06608282041002614
340,4,10,150,31,0.0
341,4,10,150,31,0.0
342,4,10,150,31,0.2625072992734236
343,4,10,150,31,0.20801744225824093
344,4,10,150,31,0.2076030287632974
345,4,10,150,31,0.056149696530797676
346,4,10,150,31,0.13947804593499064
347,4,10,150,31,0.03232623375868038
348,4,10,150,31,0.0
349,4,10,150,31,0.0
350,4,10,150,31,0.0
351,4,10,150,31,0.0
352,4,10,150,31,0.0
353,4,10,150,31,0.0
354,4,10,150,31,0.051249224710132255
355,4,10,150,31,0.0
356,4,10,150,31,0.08406376813555873
357,4,10,150,31,0.0
358,4,10,150,31,0.20438239758848611
359,4,10,150,31,0.0
360,4,10,150,31,0.03588081068184636
361,4,10,150,31,0.09622728274290568
362,4,10,150,31,0.0
363,4,10,150,31,0.1803013146105011
364,4,10,150,31,0.0
365,4,10,150,31,0.0
366,4,10,150,31,0.0
367,4,10,150,31,0.0
368,4,10,150,31,0.0
369,4,10,150,31,0.0
370,4,10,150,31,0.09092803061897883
371,4,10,150,31,0.16676134190097475
372,4,10,150,31,0.0
373,4,10,150,31,0.035769798946978335
374,4,10,150,31,0.055397433139672825
375,4,10,150,31,0.0
376,4,10,150,31,0.0
377,4,10,150,31,0.0
378,4,10,150,31,0.18828545383083944
379,4,10,150,31,0.07386135250503313
380,4,10,150,31,0.0
381,4,10,150,31,0.05105625351125917
382,4,10,150,31,0.0
383,4,10,150,31,0.04838338183089434
384,4,10,150,31,0.0
385,4,10,150,31,0.0
386,4,10,150,31,0.0
387,4,10,150,31,0.09497272657244463
388,4,10,150,31,0.0
389,4,10,150,31,0.132015025788991
390,4,10,150,31,0.0
391,4,10,150,31,0.2137247802747043
392,4,10,150,31,0.0
393,4,10,150,31,0.0
394,4,10,150,31,0.0834477484387131
395,4,10,150,31,0.0
396,4,10,150,31,0.0
397,4,10,150,31,0.22320497122386787
398,4,10,150,31,0.1418968660083944
399,4,10,150,31,0.0
400,4,10,150,31,0.0
401,4,10,150,31,0.0
402,4,10,150,31,0.08963222225173058
403,4,10,150,31,0.0
404,4,10,150,31,0.0
405,4,10,150,31,0.06739564083797003
406,4,10,150,31,0.23266658146654412
407,4,10,150,31,0.04270006763257965
408,4,10,150,31,0.0
409,4,10,150,31,0.10914342353313093
410,4,10,150,31,0.0
411,4,10,150,31,0.0
412,4,10,150,31,0.0
413,4,10,150,31,0.0
414,4,10,150,31,0.0
415,4,10,150,31,0.08035849674662018
416,4,10,150,31,0.19915886766020596
417,4,10,150,31,0.10990971653817645
418,4,10,150,31,0.0
419,4,10,150,31,0.1208113026994942
420,4,10,150,31,0.06052048269976269
421,4,10,150,31,0.05954496680255472
422,4,10,150,31,0.04320473659574256
423,4,10,150,31,0.053845569940583225
424,4,10,150,31,0.23504554941448536
425,4,10,150,31,0.1674157226455415
426,4,10,150,31,0.0
427,4,10,150,31,0.0
428,4,10,150,31,0.0
429,4,10,150,31,0.22927693738525967
430,4,10,150,31,0.0
431,4,10,150,31,0.0
432,4,10,150,31,0.0
433,4,10,150,31,0.05780921899607981
434,4,10,150,31,0.15130120674940672
435,4,10,150,31,0.19191241277766177
436,4,10,150,31,0.0
437,4,10,150,31,0.07798463232032264
438,4,10,150,31,0.0
439,4,10,150,31,0.0
440,4,10,150,31,0.0
441,4,10,150,31,0.0
442,4,10,150,31,0.040949887133979804
443,4,10,150,31,0.06783204105472322
444,4,10,150,31,0.1312721899408984
445,4,10,150,31,0.0
446,4,10,150,31,0.0
447,4,10,150,31,0.14814301142468425
448,4,10,150,31,0.0
449,4,10,150,31,0.1511226181481109
450,4,10,150,31,0.2944922123301122
451,4,10,150,31,0.0
452,4,10,150,31,0.11451782027701884
453,4,10,150,31,0.0
454,4,10,150,31,0.0
455,4,10,150,31,0.06739564083797003
456,4,10,150,31,0.0
457,4,10,150,31,0.32525367990490966
458,4,10,150,31,0.04926693941311216
459,4,10,150,31,0.0
460,4,10,150,31,0.05184030722866645
461,4,10,150,31,0.0
462,4,10,150,31,0.0
463,4,10,150,31,0.11987424504051505
464,4,10,150,31,0.0
465,4,10,150,31,0.0
466,4,10,150,31,0.0
467,4,10,150,31,0.07807600999842033
468,4,10,150,31,0.09063580949954383
469,4,10,150,31,0.0
470,4,10,150,31,0.0
471,4,10,150,31,0.0
472,4,10,150,31,0.04982540663195252
473,4,10,150,31,0.0
474,4,10,150,31,0.2290746906445787
475,4,10,150,31,0.0
476,4,10,150,31,0.0
477,4,10,150,31,0.0
478,4,10,150,31,0.2345109835167376
479,4,10,150,31,0.10601342413773235
480,4,10,150,31,0.0
481,4,10,150,31,0.10388675010296258
482,4,10,150,31,0.0
483,4,10,150,31,0.05658242244874664
484,4,10,150,31,0.2444587641491902
485,4,10,150,31,0.0
486,4,10,150,31,0.0
487,4,10,150,31,0.08398613645414116
488,4,10,150,31,0.0
489,4,10,150,31,0.0
490,4,10,150,31,0.0
491,4,10,150,31,0.06362078819895171
492,4,10,150,31,0.0
493,4,10,150,31,0.029108658262576942
494,4,10,150,31,0.0
495,4,10,150,31,0.04538333585418222
496,4,10,150,31,0.02649996754880397
497,4,10,150,31,0.06776241386599927
498,4,10,150,31,0.0
499,4,10,150,31,0.0
500,4,10,150,31,0.11493235669172032
501,4,10,150,31,0.0
502,4,10,150,31,0.0
503,4,10,150,31,0.02136391268805077
504,4,10,150,31,0.09975393028181649
505,4,10,150,31,0.07379217622092994
506,4,10,150,31,0.10196344022679309
507,4,10,150,31,0.05319635904163211
508,4,10,150,31,0.0
509,4,10,150,31,0.0
510,4,10,150,31,0.0
511,4,10,150,31,0.0
512,4,10,150,31,0.0
513,4,10,150,31,0.0
514,4,10,150,31,0.27813756539880324
515,4,10,150,31,0.11706259313796354
516,4,10,150,31,0.0
517,4,10,150,31,0.0
518,4,10,150,31,0.0
519,4,10,150,31,0.0
520,4,10,150,31,0.0
521,4,10,150,31,0.09850628252086785
522,4,10,150,31,0.0
523,4,10,150,31,0.032114893884379984
524,4,10,150,31,0.18840672551833232
525,4,10,150,31,0.0
526,4,10,150,31,0.04972780777662495
527,4,10,150,31,0.12457616906232613
528,4,10,150,31,0.10209739512291163
529,4,10,150,31,0.0
530,4,10,150,31,0.0
531,4,10,150,31,0.0
532,4,10,150,31,0.2828842377268498
533,4,10,150,31,0.1299668196625685
534,4,10,150,31,0.047934103497110726
535,4,10,150,31,0.15148245555234302
536,4,10,150,31,0.07205736635480697
537,4,10,150,31,0.3462189846409474
538,4,10,150,31,0.14697776980950736
539,4,10,150,31,0.0
540,4,10,150,31,0.0
541,4,10,150,31,0.0
542,4,10,150,31,0.049033875503285806
543,4,10,150,31,0.0
544,4,10,150,31,0.0
545,4,10,150,31,0.02431963657414254
546,4,10,150,31,0.05758752804519195
547,4,10,150,31,0.0
548,4,10,150,31,0.1103190733436671
549,4,10,150,31,0.0
550,4,10,150,31,0.0
551,4,10,150,31,0.09111756538827939
552,4,10,150,31,0.1205344274731702
553,4,10,150,31,0.04743759234968417
554,4,10,150,31,0.12627825946936164
555,4,10,150,31,0.0
556,4,10,150,31,0.040419659112753054
557,4,10,150,31,0.0
558,4,10,150,31,0.0
559,4,10,150,31,0.04366879852493834
560,4,10,150,31,0.06536545161870184
561,4,10,150,31,0.03560652114675128
562,4,10,150,31,0.0
563,4,10,150,31,0.0
564,4,10,150,31,0.08498983725535779
565,4,10,150,31,0.0
566,4,10,150,31,0.03804989622115975
567,4,10,150,31,0.10597151720142271
568,4,10,150,31,0.036155150901276155
569,4,10,150,31,0.18299769260789403
570,4,10,150,31,0.0
571,4,10,150,31,0.0
572,4,10,150,31,0.16812753627111746
573,4,10,150,31,0.06437746926759551
574,4,10,150,31,0.051811563545175146
575,4,10,150,31,0.0
576,4,10,150,31,0.0
577,4,10,150,31,0.23273412906726748
578,4,10,150,31,0.0
579,4,10,150,31,0.0
580,4,10,150,31,0.09004726125505678
581,4,10,150,31,0.0
582,4,10,150,31,0.0
583,4,10,150,31,0.0
584,4,10,150,31,0.06323567569191428
585,4,10,150,31,0.04173963774222741
586,4,10,150,31,0.06739564083797003
587,4,10,150,31,0.0
588,4,10,150,31,0.1304336013329422
589,4,10,150,31,0.0
590,4,10,150,31,0.053845569940583225
591,4,10,150,31,0.0
592,4,10,150,31,0.39874897676373844
593,4,10,150,31,0.025616662986338273
594,4,10,150,31,0.0
595,4,10,150,31,0.03995808168017168
596,4,10,150,31,0.0
597,4,10,150,31,0.27101620591530523
598,4,10,150,31,0.0684591776394769
599,4,10,150,31,0.0
600,4,10,150,31,0.0
601,4,10,150,31,0.0
602,4,10,150,31,0.0
603,4,10,150,31,0.0
604,4,10,150,31,0.0
605,4,10,150,31,0.23939908411991156
606,4,10,150,31,0.2051704185162763
607,4,10,150,31,0.0
608,4,10,150,31,0.04375776674047653
609,4,10,150,31,0.0
610,4,10,150,31,0.1669877967662679
611,4,10,150,31,0.0
612,4,10,150,31,0.0
613,4,10,150,31,0.04578230021840749
614,4,10,150,31,0.0
615,4,10,150,31,0.027541830374730368
616,4,10,150,31,0.0
617,4,10,150,31,0.0
618,4,10,150,31,0.16611987929153152
619,4,10,150,31,0.03620451724718618
620,4,10,150,31,0.029327299035175076
621,4,10,150,31,0.08961575786184574
622,4,10,150,31,0.2585686619726978
623,4,10,150,31,0.0
624,4,10,150,31,0.0
625,4,10,150,31,0.0
626,4,10,150,31,0.06228974831361337
627,4,10,150,31,0.07270957277741445
628,4,10,150,31,0.0
629,4,10,150,31,0.0556862891979677
630,4,10,150,31,0.15882929951780697
631,4,10,150,31,0.0
632,4,10,150,31,0.12112269717167994
633,4,10,150,31,0.07414861528507455
634,4,10,150,31,0.023953627407094433
635,4,10,150,31,0.0
636,4,10,150,31,0.06364028872631156
637,4,10,150,31,0.0
638,4,10,150,31,0.09712868482236708
639,4,10,150,31,0.0
640,4,10,150,31,0.030877778553209584
641,4,10,150,31,0.07675099783970546
642,4,10,150,31,0.10438158662115729
643,4,10,150,31,0.17286158686853373
644,4,10,150,31,0.04935421935348238
645,4,10,150,31,0.19781498311547782
646,4,10,150,31,0.0
647,4,10,150,31,0.030218457878623886
648,4,10,150,31,0.13277406960735474
649,4,10,150,31,0.15489949502599
650,4,10,150,31,0.07487140359817718
651,4,10,150,31,0.0
652,4,10,150,31,0.0
653,4,10,150,31,0.17596365623602042
654,4,10,150,31,0.21933589206405976
655,4,10,150,31,0.02431963657414254
656,4,10,150,31,0.07397229644086958
657,4,10,150,31,0.0
658,4,10,150,31,0.22745389188843176
659,4,10,150,31,0.10701677797751347
660,4,10,150,31,0.0
661,4,10,150,31,0.07829705310509678
662,4,10,150,31,0.0512644431393966
663,4,10,150,31,0.3007566464530354
664,4,10,150,31,0.39289230265328395
665,4,10,150,31,0.0
666,4,10,150,31,0.3092461458511481
667,4,10,150,31,0.1593472521587426
668,4,10,150,31,0.06194403202282284
669,4,10,150,31,0.06026992473416453
670,4,10,150,31,0.06613087842005526
671,4,10,150,31,0.14023465516545072
672,4,10,150,31,0.0
673,4,10,150,31,0.0
674,4,10,150,31,0.06123763026386081
675,4,10,150,31,0.0
676,4,10,150,31,0.11582866341850039
677,4,10,150,31,0.03314040476303028
678,4,10,150,31,0.0
679,4,10,150,31,0.1266596892460251
680,4,10,150,31,0.0
681,4,10,150,31,0.0
682,4,10,150,31,0.1939182971944628
683,4,10,150,31,0.0
684,4,10,150,31,0.06573003977381581
685,4,10,150,31,0.0976168253917686
686,4,10,150,31,0.07277260183012466
687,4,10,150,31,0.0
688,4,10,150,31,0.0
689,4,10,150,31,0.15001451003751623
690,4,10,150,31,0.09533644702102545
691,4,10,150,31,0.05446824630887794
692,4,10,150,31,0.05833725389333616
693,4,10,150,31,0.0
694,4,10,150,31,0.1392128118164342
695,4,10,150,31,0.0
696,4,10,150,31,0.039725595076707886
697,4,10,150,31,0.023953627407094433
698,4,10,150,31,0.055397433139672825
699,4,10,150,31,0.06739564083797003
700,4,10,150,31,0.12729890218214104
701,4,10,150,31,0.0
702,4,10,150,31,0.037715680681715956
703,4,10,150,31,0.09261220774116596
704,4,10,150,31,0.1122793559641569
705,4,10,150,31,0.1454184240470407
706,4,10,150,31,0.04395738023645723
707,4,10,150,31,0.04870523715726493
708,4,10,150,31,0.030877778553209584
709,4,10,150,31,0.1727915825515639
710,4,10,150,31,0.10695361352497157
711,4,10,150,31,0.15311400239158082
712,4,10,150,31,0.14347681366410273
713,4,10,150,31,0.11212986779582237
714,4,10,150,31,0.0
715,4,10,150,31,0.0
716,4,10,150,31,0.2225734009062161
717,4,10,150,31,0.025616662986338273
718,4,10,150,31,0.0
719,4,10,150,31,0.0723514680762565
720,4,10,150,31,0.0
721,4,10,150,31,0.15319641041749377
722,4,10,150,31,0.06556429791586475
723,4,10,150,31,0.0
724,4,10,150,31,0.0
725,4,10,150,31,0.0
726,4,10,150,31,0.05010834716923557
727,4,10,150,31,0.20995759136653377
728,4,10,150,31,0.09627818061559096
729,4,10,150,31,0.0
730,4,10,150,31,0.0
731,4,10,150,31,0.0958764458809158
732,4,10,150,31,0.0
733,4,10,150,31,0.13542463118774195
734,4,10,150,31,0.0
735,4,10,150,31,0.0
736,4,10,150,31,0.0
737,4,10,150,31,0.04395738023645723
738,4,10,150,31,0.2047446380627458
739,4,10,150,31,0.03855307727568851
740,4,10,150,31,0.0
741,4,10,150,31,0.0687301224815581
742,4,10,150,31,0.0488929053971083
743,4,10,150,31,0.0
744,4,10,150,31,0.0
745,4,10,150,31,0.03520132288421838
746,4,10,150,31,0.23491487959421534
747,4,10,150,31,0.4693936094777929
748,4,10,150,31,0.11207306708014528
749,4,10,150,31,0.166240344858966
750,4,10,150,31,0.041278922835426404
751,4,10,150,31,0.08043913153542852
752,4,10,150,31,0.0
753,4,10,150,31,0.15780803084928155
754,4,10,150,31,0.0
755,4,10,150,31,0.03855371268423985
756,4,10,150,31,0.03560652114675128
757,4,10,150,31,0.0
758,4,10,150,31,0.24130100337798302
759,4,10,150,31,0.049710505523782283
760,4,10,150,31,0.0
761,4,10,150,31,0.02459490482356159
762,4,10,150,31,0.051960280791503534
763,4,10,150,31,0.03804989622115975
764,4,10,150,31,0.11988324266295301
765,4,10,150,31,0.15066101840234988
766,4,10,150,31,0.03804989622115975
767,4,10,150,31,0.06994410797740244
768,4,10,150,31,0.060133059387366614
769,4,10,150,31,0.0
770,4,10,150,31,0.1912123147921425
771,4,10,150,31,0.2192447252418897
772,4,10,150,31,0.0
773,4,10,150,31,0.12521506902606683
774,4,10,150,31,0.022220028513004784
775,4,10,150,31,0.0
776,4,10,150,31,0.05309436893353228
777,4,10,150,31,0.0
778,4,10,150,31,0.11805093117474011
779,4,10,150,31,0.0
780,4,10,150,31,0.030023253564245667
781,4,10,150,31,0.06605409437043552
782,4,10,150,31,0.07019016966525661
783,4,10,150,31,0.0
784,4,10,150,31,0.0
785,4,10,150,31,0.0
786,4,10,150,31,0.0
787,4,10,150,31,0.0
788,4,10,150,31,0.31226238954360497
789,4,10,150,31,0.08809718769055445
790,4,10,150,31,0.0
791,4,10,150,31,0.04465281017341861
792,4,10,150,31,0.06658592494149675
793,4,10,150,31,0.0
794,4,10,150,31,0.0
795,4,10,150,31,0.0
796,4,10,150,31,0.43407911179834097
797,4,10,150,31,0.04001677477281075
798,4,10,150,31,0.06739564083797003
799,4,10,150,31,0.0
800,4,10,150,31,0.0
801,4,10,150,31,0.10642833634036353
802,4,10,150,31,0.05340978172012693
803,4,10,150,31,0.0
804,4,10,150,31,0.17694730169322603
805,4,10,150,31,0.15389784830464237
806,4,10,150,31,0.3695210562182652
807,4,10,150,31,0.09577235897232397
808,4,10,150,31,0.0
809,4,10,150,31,0.0
810,4,10,150,31,0.0
811,4,10,150,31,0.0
812,4,10,150,31,0.0
813,4,10,150,31,0.0
814,4,10,150,31,0.0
815,4,10,150,31,0.19488391398918556
816,4,10,150,31,0.0
817,4,10,150,31,0.0
818,4,10,150,31,0.05516788910004661
819,4,10,150,31,0.037210602758860095
820,4,10,150,31,0.0
821,4,10,150,31,0.21967143098282277
822,4,10,150,31,0.0
823,4,10,150,31,0.21640489511312605
824,4,10,150,31,0.05046096657376444
825,4,10,150,31,0.04132344798443041
826,4,10,150,31,0.12838099474976775
827,4,10,150,31,0.0
828,4,10,150,31,0.0556862891979677
829,4,10,150,31,0.15110239493068348
830,4,10,150,31,0.1503675443108214
831,4,10,150,31,0.21387648253744007
832,4,10,150,31,0.0
833,4,10,150,31,0.18255978026795472
834,4,10,150,31,0.24251121723036934
835,4,10,150,31,0.046308105353125226
836,4,10,150,31,0.08063125834567192
837,4,10,150,31,0.0
838,4,10,150,31,0.2711884074268217
839,4,10,150,31,0.03983635556421846
840,4,10,150,31,0.3939668336374685
841,4,10,150,31,0.0
842,4,10,150,31,0.0
843,4,10,150,31,0.0
844,4,10,150,31,0.02471571971931147
845,4,10,150,31,0.0
846,4,10,150,31,0.4098085678589136
847,4,10,150,31,0.06930434156573631
848,4,10,150,31,0.0
849,4,10,150,31,0.0
850,4,10,150,31,0.20938747063345256
851,4,10,150,31,0.056475529293390524
852,4,10,150,31,0.23690281265915858
853,4,10,150,31,0.0
854,4,10,150,31,0.0
855,4,10,150,31,0.0
856,4,10,150,31,0.0
857,4,10,150,31,0.0
858,4,10,150,31,0.05319635904163211
859,4,10,150,31,0.0
860,4,10,150,31,0.0
861,4,10,150,31,0.03709674194804795
862,4,10,150,31,0.07490442347538016
863,4,10,150,31,0.0
864,4,10,150,31,0.46610160415560664
865,4,10,150,31,0.033438075019306616
866,4,10,150,31,0.11045880330464496
867,4,10,150,31,0.12190791971192085
868,4,10,150,31,0.28989816699605664
869,4,10,150,31,0.03406297225598251
870,4,10,150,31,0.3985287524296006
871,4,10,150,31,0.08646171160656016
872,4,10,150,31,0.02804794621397926
873,4,10,150,31,0.0
874,4,10,150,31,0.13944914190808633
875,4,10,150,31,0.12260538583914884
876,4,10,150,31,0.08671382849411972
877,4,10,150,31,0.058860783579311446
878,4,10,150,31,0.2509940999850555
879,4,10,150,31,0.03963466998423315
880,4,10,150,31,0.5003952154379365
881,4,10,150,31,0.09060670693206782
882,4,10,150,31,0.22713699201255094
883,4,10,150,31,0.41516211900315275
884,4,10,150,31,0.09113547509404434
885,4,10,150,31,0.05730217007501681
886,4,10,150,31,0.20197998576624135
887,4,10,150,31,0.09160718858902203
888,4,10,150,31,0.11625487663628292
889,4,10,150,31,0.0
890,4,10,150,31,0.04576301886699682
891,4,10,150,31,0.03339755935325358
892,4,10,150,31,0.29163988342838354
893,4,10,150,31,0.10869735563398858
894,4,10,150,31,0.15622708629379556
895,4,10,150,31,0.0
896,4,10,150,31,0.42273379773553416
897,4,10,150,31,0.31678964890396566
898,4,10,150,31,0.0
899,4,10,150,31,0.0907893619143418
900,4,10,150,31,0.03232193387019919
901,4,10,150,31,0.20638473178310812
902,4,10,150,31,0.0316088333445714
903,4,10,150,31,0.2592011166826868
904,4,10,150,31,0.0
905,4,10,150,31,0.0
906,4,10,150,31,0.04258528250242427
907,4,10,150,31,0.04132344798443041
908,4,10,150,31,0.06892767477436933
909,4,10,150,31,0.0
910,4,10,150,31,0.0
911,4,10,150,31,0.07893236874235798
912,4,10,150,31,0.1328892265512611
913,4,10,150,31,0.04436625364672626
914,4,10,150,31,0.0
915,4,10,150,31,0.0
916,4,10,150,31,0.4101827642404818
917,4,10,150,31,0.0
918,4,10,150,31,0.05340978172012693
919,4,10,150,31,0.14320741852611463
920,4,10,150,31,0.0
921,4,10,150,31,0.1545931833407855
922,4,10,150,31,0.17160289528961978
923,4,10,150,31,0.0
924,4,10,150,31,0.0
925,4,10,150,31,0.0
926,4,10,150,31,0.0
927,4,10,150,31,0.04876031524845721
928,4,10,150,31,0.1482972305701491
929,4,10,150,31,0.25163227912988373
930,4,10,150,31,0.0
931,4,10,150,31,0.061687570642613335
932,4,10,150,31,0.2784984751408872
933,4,10,150,31,0.03560652114675128
934,4,10,150,31,0.13630415246553346
935,4,10,150,31,0.04173963774222741
936,4,10,150,31,0.1565267952589928
937,4,10,150,31,0.0
938,4,10,150,31,0.1077474440460911
939,4,10,150,31,0.0
940,4,10,150,31,0.06105223717983523
941,4,10,150,31,0.0
942,4,10,150,31,0.05031892875275184
943,4,10,150,31,0.20367424903316025
1,4,10,150,32,0.4058715898896693
2,4,10,150,32,0.0
3,4,10,150,32,0.0
4,4,10,150,32,0.0
5,4,10,150,32,0.040209635547393256
6,4,10,150,32,0.27020011346731576
7,4,10,150,32,0.26830765262363265
8,4,10,150,32,0.0
9,4,10,150,32,0.21840743681816419
10,4,10,150,32,0.03855371268423985
11,4,10,150,32,0.1722584975122812
12,4,10,150,32,0.0
13,4,10,150,32,0.2543334779242437
14,4,10,150,32,0.0
15,4,10,150,32,0.05010834716923557
16,4,10,150,32,0.0
17,4,10,150,32,0.0
18,4,10,150,32,0.20717217840635824
19,4,10,150,32,0.0
20,4,10,150,32,0.0
21,4,10,150,32,0.0
22,4,10,150,32,0.11702382382650763
23,4,10,150,32,0.19906649093208975
24,4,10,150,32,0.0
25,4,10,150,32,0.12358102547512423
26,4,10,150,32,0.0
27,4,10,150,32,0.0
28,4,10,150,32,0.0
29,4,10,150,32,0.13455232720853103
30,4,10,150,32,0.0
31,4,10,150,32,0.0
32,4,10,150,32,0.0
33,4,10,150,32,0.0
35,4,10,150,32,0.10523285614729473
36,4,10,150,32,0.0
37,4,10,150,32,0.0
38,4,10,150,32,0.04739418218477539
39,4,10,150,32,0.0
40,4,10,150,32,0.0
41,4,10,150,32,0.0
42,4,10,150,32,0.0683037314796457
43,4,10,150,32,0.22592974817952552
44,4,10,150,32,0.1694627944724332
45,4,10,150,32,0.0
46,4,10,150,32,0.11284514134893527
47,4,10,150,32,0.0
48,4,10,150,32,0.0
49,4,10,150,32,0.0
50,4,10,150,32,0.0
51,4,10,150,32,0.16812753627111746
52,4,10,150,32,0.0
54,4,10,150,32,0.0
56,4,10,150,32,0.20383503459815738
57,4,10,150,32,0.23047740788088653
58,4,10,150,32,0.28294666822582426
59,4,10,150,32,0.20342002417088664
60,4,10,150,32,0.10892598114203371
61,4,10,150,32,0.0
62,4,10,150,32,0.08314631791322982
63,4,10,150,32,0.0
64,4,10,150,32,0.04238468688770069
65,4,10,150,32,0.13012668333070054
66,4,10,150,32,0.0
67,4,10,150,32,0.0
68,4,10,150,32,0.4176344875447225
69,4,10,150,32,0.0
70,4,10,150,32,0.0
71,4,10,150,32,0.0
72,4,10,150,32,0.0
73,4,10,150,32,0.0
74,4,10,150,32,0.0
75,4,10,150,32,0.049432410190049694
76,4,10,150,32,0.1301464707340554
77,4,10,150,32,0.05381256178894041
78,4,10,150,32,0.0
79,4,10,150,32,0.27487633291429087
80,4,10,150,32,0.0
81,4,10,150,32,0.0
82,4,10,150,32,0.19298623480417013
83,4,10,150,32,0.12089611529519323
84,4,10,150,32,0.0
85,4,10,150,32,0.0
87,4,10,150,32,0.03597158591011401
89,4,10,150,32,0.16716045496620227
90,4,10,150,32,0.0
91,4,10,150,32,0.0
92,4,10,150,32,0.10542637391232386
93,4,10,150,32,0.0
94,4,10,150,32,0.047900139877475545
95,4,10,150,32,0.15097216460709872
96,4,10,150,32,0.0
97,4,10,150,32,0.0
98,4,10,150,32,0.0930297504356062
99,4,10,150,32,0.05658242244874664
100,4,10,150,32,0.0
101,4,10,150,32,0.0
102,4,10,150,32,0.0
103,4,10,150,32,0.0
104,4,10,150,32,0.0
105,4,10,150,32,0.0
106,4,10,150,32,0.0
107,4,10,150,32,0.0
108,4,10,150,32,0.0
109,4,10,150,32,0.07103066762111539
110,4,10,150,32,0.0
111,4,10,150,32,0.0
112,4,10,150,32,0.0
113,4,10,150,32,0.0
114,4,10,150,32,0.0
115,4,10,150,32,0.10684080426179023
116,4,10,150,32,0.0
117,4,10,150,32,0.14606834984270645
118,4,10,150,32,0.0
119,4,10,150,32,0.18374222286855332
120,4,10,150,32,0.0
121,4,10,150,32,0.2147325744928709
122,4,10,150,32,0.1530100230930498
123,4,10,150,32,0.0
125,4,10,150,32,0.0458402539699961
126,4,10,150,32,0.06911917000496234
127,4,10,150,32,0.10253313861822189
128,4,10,150,32,0.03233829114831982
129,4,10,150,32,0.0
130,4,10,150,32,0.16099269493775217
131,4,10,150,32,0.0
133,4,10,150,32,0.11047239495909743
134,4,10,150,32,0.0
135,4,10,150,32,0.0
137,4,10,150,32,0.0
138,4,10,150,32,0.0
139,4,10,150,32,0.0
141,4,10,150,32,0.0
142,4,10,150,32,0.13373003436102654
143,4,10,150,32,0.0
144,4,10,150,32,0.1227945149537572
145,4,10,150,32,0.08829985348038716
146,4,10,150,32,0.0
148,4,10,150,32,0.0
149,4,10,150,32,0.0
150,4,10,150,32,0.10235170428306553
151,4,10,150,32,0.035510009908414325
152,4,10,150,32,0.0
153,4,10,150,32,0.0
154,4,10,150,32,0.0
155,4,10,150,32,0.0
156,4,10,150,32,0.0
158,4,10,150,32,0.14391090187484273
159,4,10,150,32,0.0
160,4,10,150,32,0.0
161,4,10,150,32,0.0
162,4,10,150,32,0.0
163,4,10,150,32,0.0
164,4,10,150,32,0.0
165,4,10,150,32,0.06166887310869151
166,4,10,150,32,0.0
167,4,10,150,32,0.0
168,4,10,150,32,0.23504554941448536
169,4,10,150,32,0.0
170,4,10,150,32,0.0
171,4,10,150,32,0.0
172,4,10,150,32,0.0
173,4,10,150,32,0.0
174,4,10,150,32,0.060961917527339995
175,4,10,150,32,0.0
176,4,10,150,32,0.0
177,4,10,150,32,0.06912040963822193
178,4,10,150,32,0.21869354042431444
179,4,10,150,32,0.06723507268634088
180,4,10,150,32,0.12262943855309168
181,4,10,150,32,0.0
182,4,10,150,32,0.0
183,4,10,150,32,0.0
184,4,10,150,32,0.09303069037986347
185,4,10,150,32,0.07745351606183934
186,4,10,150,32,0.22147164648185297
187,4,10,150,32,0.0
188,4,10,150,32,0.054384419234677496
189,4,10,150,32,0.18472415061971442
190,4,10,150,32,0.10699313236726378
191,4,10,150,32,0.0
192,4,10,150,32,0.0
193,4,10,150,32,0.0
194,4,10,150,32,0.0
195,4,10,150,32,0.0
196,4,10,150,32,0.0
197,4,10,150,32,0.0
198,4,10,150,32,0.0
199,4,10,150,32,0.0
200,4,10,150,32,0.03719976603506465
201,4,10,150,32,0.040466532906672535
203,4,10,150,32,0.0
204,4,10,150,32,0.0
205,4,10,150,32,0.0
206,4,10,150,32,0.0
207,4,10,150,32,0.0
209,4,10,150,32,0.0
210,4,10,150,32,0.06648469969095826
211,4,10,150,32,0.0
212,4,10,150,32,0.12681701683239352
213,4,10,150,32,0.19336468350582656
214,4,10,150,32,0.056720838976548935
215,4,10,150,32,0.0
216,4,10,150,32,0.0
217,4,10,150,32,0.0
218,4,10,150,32,0.19092086617893467
219,4,10,150,32,0.0
221,4,10,150,32,0.3375735570145491
222,4,10,150,32,0.11110876636500015
223,4,10,150,32,0.0
224,4,10,150,32,0.0
225,4,10,150,32,0.0
226,4,10,150,32,0.0
227,4,10,150,32,0.0
228,4,10,150,32,0.0
229,4,10,150,32,0.0
230,4,10,150,32,0.18892580735141576
231,4,10,150,32,0.0
232,4,10,150,32,0.3234992853586256
233,4,10,150,32,0.05061430410615009
234,4,10,150,32,0.0
235,4,10,150,32,0.06065881345112158
236,4,10,150,32,0.0
237,4,10,150,32,0.0
238,4,10,150,32,0.0
239,4,10,150,32,0.060772229737720354
240,4,10,150,32,0.05497526658285817
242,4,10,150,32,0.0
243,4,10,150,32,0.05446333035917803
244,4,10,150,32,0.0897700875992608
245,4,10,150,32,0.0
246,4,10,150,32,0.08041927109478651
247,4,10,150,32,0.0
248,4,10,150,32,0.14830051302014485
249,4,10,150,32,0.12756848747646268
250,4,10,150,32,0.3039989562789163
251,4,10,150,32,0.0
252,4,10,150,32,0.0
253,4,10,150,32,0.05954496680255472
254,4,10,150,32,0.0
255,4,10,150,32,0.0
256,4,10,150,32,0.1412126830355814
257,4,10,150,32,0.3305900772260718
258,4,10,150,32,0.0
259,4,10,150,32,0.0
260,4,10,150,32,0.0
261,4,10,150,32,0.0
262,4,10,150,32,0.0
263,4,10,150,32,0.0975109251896312
264,4,10,150,32,0.0
265,4,10,150,32,0.10209739512291163
267,4,10,150,32,0.09794101962538232
268,4,10,150,32,0.040466532906672535
269,4,10,150,32,0.11154069665984502
270,4,10,150,32,0.0
271,4,10,150,32,0.12276482551434069
272,4,10,150,32,0.09109240322345806
273,4,10,150,32,0.0
274,4,10,150,32,0.0
275,4,10,150,32,0.0
276,4,10,150,32,0.20567457159771024
277,4,10,150,32,0.0
279,4,10,150,32,0.07533468960598826
280,4,10,150,32,0.03337620304869898
281,4,10,150,32,0.0
283,4,10,150,32,0.07132875491150918
284,4,10,150,32,0.0
285,4,10,150,32,0.1185995982858366
286,4,10,150,32,0.23960576911381382
287,4,10,150,32,0.06364028872631156
288,4,10,150,32,0.0
289,4,10,150,32,0.13905617951077562
290,4,10,150,32,0.0
291,4,10,150,32,0.2170587015053835
292,4,10,150,32,0.0
293,4,10,150,32,0.06886690743551852
294,4,10,150,32,0.04123398036294628
295,4,10,150,32,0.23611013359098149
296,4,10,150,32,0.47774763069170006
297,4,10,150,32,0.049712302565054066
298,4,10,150,32,0.17110977534502889
299,4,10,150,32,0.0
300,4,10,150,32,0.0
301,4,10,150,32,0.047934103497110726
303,4,10,150,32,0.09817832132164818
304,4,10,150,32,0.0
305,4,10,150,32,0.31514747987601716
306,4,10,150,32,0.0
307,4,10,150,32,0.1383141340724969
308,4,10,150,32,0.1312405681372146
309,4,10,150,32,0.0
310,4,10,150,32,0.0
311,4,10,150,32,0.06712613803507668
312,4,10,150,32,0.07579200366109638
313,4,10,150,32,0.11861247443414627
314,4,10,150,32,0.14200933111022926
315,4,10,150,32,0.0
316,4,10,150,32,0.04568304891751105
317,4,10,150,32,0.0
318,4,10,150,32,0.10118786565551004
319,4,10,150,32,0.0
320,4,10,150,32,0.0
321,4,10,150,32,0.062242588308449316
322,4,10,150,32,0.17342765698823945
323,4,10,150,32,0.14126697285982898
324,4,10,150,32,0.0
325,4,10,150,32,0.0
326,4,10,150,32,0.036356287988538835
327,4,10,150,32,0.0
328,4,10,150,32,0.11968995195076808
329,4,10,150,32,0.0
330,4,10,150,32,0.0536466452928127
331,4,10,150,32,0.16958010263680806
332,4,10,150,32,0.0
333,4,10,150,32,0.0
334,4,10,150,32,0.07772739695918751
336,4,10,150,32,0.0
337,4,10,150,32,0.16716045496620227
338,4,10,150,32,0.0
339,4,10,150,32,0.06608282041002614
340,4,10,150,32,0.0
341,4,10,150,32,0.0
342,4,10,150,32,0.2625072992734236
343,4,10,150,32,0.23617544027995818
344,4,10,150,32,0.2076030287632974
345,4,10,150,32,0.056149696530797676
346,4,10,150,32,0.13947804593499064
347,4,10,150,32,0.03232623375868038
348,4,10,150,32,0.0
349,4,10,150,32,0.0
350,4,10,150,32,0.0
351,4,10,150,32,0.0
352,4,10,150,32,0.0
353,4,10,150,32,0.0
354,4,10,150,32,0.051249224710132255
355,4,10,150,32,0.0
356,4,10,150,32,0.08406376813555873
357,4,10,150,32,0.0
358,4,10,150,32,0.20438239758848611
359,4,10,150,32,0.0
360,4,10,150,32,0.03588081068184636
361,4,10,150,32,0.09622728274290568
362,4,10,150,32,0.0
363,4,10,150,32,0.1803013146105011
364,4,10,150,32,0.0
365,4,10,150,32,0.0
366,4,10,150,32,0.0
367,4,10,150,32,0.0
368,4,10,150,32,0.0
369,4,10,150,32,0.0
370,4,10,150,32,0.09092803061897883
371,4,10,150,32,0.16676134190097475
372,4,10,150,32,0.0
373,4,10,150,32,0.035769798946978335
374,4,10,150,32,0.05424866898658581
375,4,10,150,32,0.0
376,4,10,150,32,0.0
377,4,10,150,32,0.0
378,4,10,150,32,0.18438102058095862
379,4,10,150,32,0.07386135250503313
380,4,10,150,32,0.0
381,4,10,150,32,0.05105625351125917
382,4,10,150,32,0.0
383,4,10,150,32,0.04838338183089434
384,4,10,150,32,0.0
385,4,10,150,32,0.0
386,4,10,150,32,0.0
387,4,10,150,32,0.11374007426991586
388,4,10,150,32,0.0
389,4,10,150,32,0.12927745979179242
390,4,10,150,32,0.0
391,4,10,150,32,0.2137247802747043
392,4,10,150,32,0.0
393,4,10,150,32,0.0
394,4,10,150,32,0.11073655428626575
395,4,10,150,32,0.0
396,4,10,150,32,0.0
397,4,10,150,32,0.22320497122386787
398,4,10,150,32,0.1418968660083944
399,4,10,150,32,0.0
400,4,10,150,32,0.0
401,4,10,150,32,0.0
402,4,10,150,32,0.08963222225173058
403,4,10,150,32,0.0
404,4,10,150,32,0.0
405,4,10,150,32,0.06599807254137072
406,4,10,150,32,0.22784182672138875
407,4,10,150,32,0.04270006763257965
408,4,10,150,32,0.0
409,4,10,150,32,0.10914342353313093
410,4,10,150,32,0.0
411,4,10,150,32,0.0
412,4,10,150,32,0.0
413,4,10,150,32,0.0
414,4,10,150,32,0.0
415,4,10,150,32,0.08035849674662018
416,4,10,150,32,0.19502895486513822
417,4,10,150,32,0.10763054338376922
418,4,10,150,32,0.0
419,4,10,150,32,0.1208113026994942
420,4,10,150,32,0.06052048269976269
421,4,10,150,32,0.05954496680255472
422,4,10,150,32,0.04320473659574256
423,4,10,150,32,0.053845569940583225
424,4,10,150,32,0.23504554941448536
425,4,10,150,32,0.1674157226455415
426,4,10,150,32,0.0
427,4,10,150,32,0.0
428,4,10,150,32,0.0
429,4,10,150,32,0.2245224729295927
430,4,10,150,32,0.0
431,4,10,150,32,0.0
432,4,10,150,32,0.0
433,4,10,150,32,0.05780921899607981
434,4,10,150,32,0.15130120674940672
435,4,10,150,32,0.18793276809312254
436,4,10,150,32,0.0
437,4,10,150,32,0.0763674824809901
438,4,10,150,32,0.0
439,4,10,150,32,0.0
440,4,10,150,32,0.0
441,4,10,150,32,0.0
442,4,10,150,32,0.040949887133979804
443,4,10,150,32,0.06783204105472322
444,4,10,150,32,0.1312721899408984
445,4,10,150,32,0.0
446,4,10,150,32,0.0
447,4,10,150,32,0.16580777884386574
448,4,10,150,32,0.0
449,4,10,150,32,0.1511226181481109
450,4,10,150,32,0.30912216917586505
451,4,10,150,32,0.031239484277305284
452,4,10,150,32,0.11214308990833526
453,4,10,150,32,0.0
454,4,10,150,32,0.0
455,4,10,150,32,0.06599807254137072
456,4,10,150,32,0.0
457,4,10,150,32,0.3185089672538317
458,4,10,150,32,0.04926693941311216
459,4,10,150,32,0.0
460,4,10,150,32,0.05184030722866645
461,4,10,150,32,0.0
462,4,10,150,32,0.0
463,4,10,150,32,0.11987424504051505
464,4,10,150,32,0.0
465,4,10,150,32,0.0
466,4,10,150,32,0.0
467,4,10,150,32,0.07807600999842033
468,4,10,150,32,0.09063580949954383
469,4,10,150,32,0.0
470,4,10,150,32,0.0
471,4,10,150,32,0.0
472,4,10,150,32,0.048792188343526444
473,4,10,150,32,0.0
474,4,10,150,32,0.22432442013423742
475,4,10,150,32,0.0
476,4,10,150,32,0.0
477,4,10,150,32,0.0
478,4,10,150,32,0.2345109835167376
479,4,10,150,32,0.10381504752543728
480,4,10,150,32,0.0
481,4,10,150,32,0.10388675010296258
482,4,10,150,32,0.0
483,4,10,150,32,0.05658242244874664
484,4,10,150,32,0.2444587641491902
485,4,10,150,32,0.0
486,4,10,150,32,0.0
487,4,10,150,32,0.10298131060813336
488,4,10,150,32,0.0
489,4,10,150,32,0.0
490,4,10,150,32,0.0
491,4,10,150,32,0.06362078819895171
492,4,10,150,32,0.0
493,4,10,150,32,0.05484179250244328
494,4,10,150,32,0.0
495,4,10,150,32,0.06517900763098286
496,4,10,150,32,0.02649996754880397
497,4,10,150,32,0.06635723987933383
498,4,10,150,32,0.0
499,4,10,150,32,0.0
500,4,10,150,32,0.11254903017432785
501,4,10,150,32,0.0
502,4,10,150,32,0.0
503,4,10,150,32,0.02092089401958944
504,4,10,150,32,0.09768535539047869
505,4,10,150,32,0.07379217622092994
506,4,10,150,32,0.12058582306225775
507,4,10,150,32,0.05319635904163211
508,4,10,150,32,0.0
509,4,10,150,32,0.0
510,4,10,150,32,0.0
511,4,10,150,32,0.0
512,4,10,150,32,0.0
513,4,10,150,32,0.0
514,4,10,150,32,0.2723698890526547
515,4,10,150,32,0.11706259313796354
516,4,10,150,32,0.0
517,4,10,150,32,0.0
518,4,10,150,32,0.0
519,4,10,150,32,0.0
520,4,10,150,32,0.0
521,4,10,150,32,0.09850628252086785
522,4,10,150,32,0.0
523,4,10,150,32,0.032114893884379984
524,4,10,150,32,0.18449977748465232
525,4,10,150,32,0.0
526,4,10,150,32,0.04972780777662495
527,4,10,150,32,0.12457616906232613
528,4,10,150,32,0.10209739512291163
529,4,10,150,32,0.0
530,4,10,150,32,0.0
531,4,10,150,32,0.07738888769495082
532,4,10,150,32,0.29775490653989817
533,4,10,150,32,0.1272717268566861
534,4,10,150,32,0.047934103497110726
535,4,10,150,32,0.14834119782797556
536,4,10,150,32,0.07205736635480697
537,4,10,150,32,0.3597762950044028
538,4,10,150,32,0.14697776980950736
539,4,10,150,32,0.0
540,4,10,150,32,0.0
541,4,10,150,32,0.0
542,4,10,150,32,0.049033875503285806
543,4,10,150,32,0.0
544,4,10,150,32,0.0
545,4,10,150,32,0.023815325722012618
546,4,10,150,32,0.05758752804519195
547,4,10,150,32,0.0
548,4,10,150,32,0.1103190733436671
549,4,10,150,32,0.0
550,4,10,150,32,0.0
551,4,10,150,32,0.08922808085980481
552,4,10,150,32,0.1205344274731702
553,4,10,150,32,0.04743759234968417
554,4,10,150,32,0.12627825946936164
555,4,10,150,32,0.0
556,4,10,150,32,0.040419659112753054
557,4,10,150,32,0.0
558,4,10,150,32,0.0
559,4,10,150,32,0.04366879852493834
560,4,10,150,32,0.06536545161870184
561,4,10,150,32,0.03486815669931573
562,4,10,150,32,0.0
563,4,10,150,32,0.0
564,4,10,150,32,0.08498983725535779
565,4,10,150,32,0.0
566,4,10,150,32,0.03726086405251498
567,4,10,150,32,0.10597151720142271
568,4,10,150,32,0.036155150901276155
569,4,10,150,32,0.18299769260789403
570,4,10,150,32,0.0
571,4,10,150,32,0.0
572,4,10,150,32,0.16812753627111746
573,4,10,150,32,0.06437746926759551
574,4,10,150,32,0.051811563545175146
575,4,10,150,32,0.0
576,4,10,150,32,0.0
577,4,10,150,32,0.2279079736026574
578,4,10,150,32,0.0
579,4,10,150,32,0.0
580,4,10,150,32,0.12128674553236206
581,4,10,150,32,0.0
582,4,10,150,32,0.0
583,4,10,150,32,0.0
584,4,10,150,32,0.06323567569191428
585,4,10,150,32,0.04173963774222741
586,4,10,150,32,0.06599807254137072
587,4,10,150,32,0.0
588,4,10,150,32,0.1277288289801954
589,4,10,150,32,0.0
590,4,10,150,32,0.053845569940583225
591,4,10,150,32,0.0
592,4,10,150,32,0.3904802086164601
593,4,10,150,32,0.02508545598824107
594,4,10,150,32,0.0
595,4,10,150,32,0.03995808168017168
596,4,10,150,32,0.0
597,4,10,150,32,0.27101620591530523
598,4,10,150,32,0.0684591776394769
599,4,10,150,32,0.0
600,4,10,150,32,0.031239484277305284
601,4,10,150,32,0.0
602,4,10,150,32,0.0
603,4,10,150,32,0.0
604,4,10,150,32,0.0
605,4,10,150,32,0.23939908411991156
606,4,10,150,32,0.20091584553866
607,4,10,150,32,0.0
608,4,10,150,32,0.042850371740353256
609,4,10,150,32,0.0
610,4,10,150,32,0.1669877967662679
611,4,10,150,32,0.0
612,4,10,150,32,0.0
613,4,10,150,32,0.04578230021840749
614,4,10,150,32,0.0
615,4,10,150,32,0.027541830374730368
616,4,10,150,32,0.0
617,4,10,150,32,0.0
618,4,10,150,32,0.1626750885922204
619,4,10,150,32,0.03620451724718618
620,4,10,150,32,0.029327299035175076
621,4,10,150,32,0.10849419181864654
622,4,10,150,32,0.25320678159031623
623,4,10,150,32,0.0
624,4,10,150,32,0.0
625,4,10,150,32,0.0
626,4,10,150,32,0.06228974831361337
627,4,10,150,32,0.07120181066536187
628,4,10,150,32,0.0
629,4,10,150,32,0.05453153510155002
630,4,10,150,32,0.15553569193700173
631,4,10,150,32,0.0
632,4,10,150,32,0.12112269717167994
633,4,10,150,32,0.07414861528507455
634,4,10,150,32,0.023456906405016697
635,4,10,150,32,0.0
636,4,10,150,32,0.06364028872631156
637,4,10,150,32,0.0
638,4,10,150,32,0.09712868482236708
639,4,10,150,32,0.0
640,4,10,150,32,0.030877778553209584
641,4,10,150,32,0.07675099783970546
642,4,10,150,32,0.10221704905764951
643,4,10,150,32,0.1692769948904246
644,4,10,150,32,0.04935421935348238
645,4,10,150,32,0.19371293815296795
646,4,10,150,32,0.0
647,4,10,150,32,0.030218457878623886
648,4,10,150,32,0.13002076348864258
649,4,10,150,32,0.15489949502599
650,4,10,150,32,0.07331881208499207
651,4,10,150,32,0.0
652,4,10,150,32,0.0
653,4,10,150,32,0.17231473734079994
654,4,10,150,32,0.2147875728368263
655,4,10,150,32,0.023815325722012618
656,4,10,150,32,0.07397229644086958
657,4,10,150,32,0.0
658,4,10,150,32,0.22745389188843176
659,4,10,150,32,0.10479759504155542
660,4,10,150,32,0.0
661,4,10,150,32,0.07667342466598286
662,4,10,150,32,0.0512644431393966
663,4,10,150,32,0.2945199232933755
664,4,10,150,32,0.38474498304419763
665,4,10,150,32,0.0
666,4,10,150,32,0.3028333778454821
667,4,10,150,32,0.1593472521587426
668,4,10,150,32,0.06194403202282284
669,4,10,150,32,0.05902012081510394
670,4,10,150,32,0.06613087842005526
671,4,10,150,32,0.13732664055639082
672,4,10,150,32,0.0
673,4,10,150,32,0.0
674,4,10,150,32,0.06123763026386081
675,4,10,150,32,0.0
676,4,10,150,32,0.11582866341850039
677,4,10,150,32,0.03314040476303028
678,4,10,150,32,0.0
679,4,10,150,32,0.1266596892460251
680,4,10,150,32,0.0
681,4,10,150,32,0.0
682,4,10,150,32,0.18989705693441294
683,4,10,150,32,0.0
684,4,10,150,32,0.06573003977381581
685,4,10,150,32,0.1906465758273748
686,4,10,150,32,0.07277260183012466
687,4,10,150,32,0.0
688,4,10,150,32,0.0
689,4,10,150,32,0.15001451003751623
690,4,10,150,32,0.0933594764898403
691,4,10,150,32,0.05446824630887794
692,4,10,150,32,0.05833725389333616
693,4,10,150,32,0.0
694,4,10,150,32,0.13632598694384568
695,4,10,150,32,0.0
696,4,10,150,32,0.039725595076707886
697,4,10,150,32,0.023456906405016697
698,4,10,150,32,0.05424866898658581
699,4,10,150,32,0.06599807254137072
700,4,10,150,32,0.12729890218214104
701,4,10,150,32,0.0
702,4,10,150,32,0.037715680681715956
703,4,10,150,32,0.09261220774116596
704,4,10,150,32,0.1122793559641569
705,4,10,150,32,0.1424029147846808
706,4,10,150,32,0.04395738023645723
707,4,10,150,32,0.04769524757213741
708,4,10,150,32,0.052053674193544515
709,4,10,150,32,0.16920844223728357
710,4,10,150,32,0.10695361352497157
711,4,10,150,32,0.1706756874853829
712,4,10,150,32,0.14050156714102097
713,4,10,150,32,0.11212986779582237
714,4,10,150,32,0.0
715,4,10,150,32,0.0
716,4,10,150,32,0.21795794618384529
717,4,10,150,32,0.02508545598824107
718,4,10,150,32,0.035328385129692476
719,4,10,150,32,0.09883437846193516
720,4,10,150,32,0.0
721,4,10,150,32,0.15001961079528908
722,4,10,150,32,0.06556429791586475
723,4,10,150,32,0.0
724,4,10,150,32,0.0
725,4,10,150,32,0.0
726,4,10,150,32,0.05010834716923557
727,4,10,150,32,0.20560374785861796
728,4,10,150,32,0.09627818061559096
729,4,10,150,32,0.0
730,4,10,150,32,0.0
731,4,10,150,32,0.09388827751441965
732,4,10,150,32,0.0
733,4,10,150,32,0.15335313680693521
734,4,10,150,32,0.0
735,4,10,150,32,0.0
736,4,10,150,32,0.0
737,4,10,150,32,0.04395738023645723
738,4,10,150,32,0.20049889439895108
739,4,10,150,32,0.03855307727568851
740,4,10,150,32,0.0
741,4,10,150,32,0.06730488133825412
742,4,10,150,32,0.0488929053971083
743,4,10,150,32,0.0
744,4,10,150,32,0.0
745,4,10,150,32,0.03520132288421838
746,4,10,150,32,0.23491487959421534
747,4,10,150,32,0.4596598994176774
748,4,10,150,32,0.10974903301048752
749,4,10,150,32,0.16279305609218667
750,4,10,150,32,0.041278922835426404
751,4,10,150,32,0.07877108329607473
752,4,10,150,32,0.0
753,4,10,150,32,0.15780803084928155
754,4,10,150,32,0.0
755,4,10,150,32,0.03855371268423985
756,4,10,150,32,0.03486815669931573
757,4,10,150,32,0.0
758,4,10,150,32,0.25703397440039466
759,4,10,150,32,0.049710505523782283
760,4,10,150,32,0.0
761,4,10,150,32,0.02459490482356159
762,4,10,150,32,0.051960280791503534
763,4,10,150,32,0.03726086405251498
764,4,10,150,32,0.11739725073296943
765,4,10,150,32,0.15066101840234988
766,4,10,150,32,0.03726086405251498
767,4,10,150,32,0.06994410797740244
768,4,10,150,32,0.060133059387366614
769,4,10,150,32,0.0
770,4,10,150,32,0.1912123147921425
771,4,10,150,32,0.2192447252418897
772,4,10,150,32,0.0
773,4,10,150,32,0.12261851220797756
774,4,10,150,32,0.042496032601834995
775,4,10,150,32,0.0
776,4,10,150,32,0.07273013874587743
777,4,10,150,32,0.0
778,4,10,150,32,0.11805093117474011
779,4,10,150,32,0.0
780,4,10,150,32,0.030023253564245667
781,4,10,150,32,0.06605409437043552
782,4,10,150,32,0.06873465185078954
783,4,10,150,32,0.0
784,4,10,150,32,0.0
785,4,10,150,32,0.0
786,4,10,150,32,0.0
787,4,10,150,32,0.0
788,4,10,150,32,0.30578707436861197
789,4,10,150,32,0.08809718769055445
790,4,10,150,32,0.0
791,4,10,150,32,0.04465281017341861
792,4,10,150,32,0.06658592494149675
793,4,10,150,32,0.0
794,4,10,150,32,0.0
795,4,10,150,32,0.0
796,4,10,150,32,0.42507771056047977
797,4,10,150,32,0.04001677477281075
798,4,10,150,32,0.06599807254137072
799,4,10,150,32,0.0
800,4,10,150,32,0.0
801,4,10,150,32,0.10642833634036353
802,4,10,150,32,0.05230223504897359
803,4,10,150,32,0.0
804,4,10,150,32,0.1940147610019002
805,4,10,150,32,0.15070650312220674
806,4,10,150,32,0.3618583809075856
807,4,10,150,32,0.11452312487196514
808,4,10,150,32,0.0
809,4,10,150,32,0.0
810,4,10,150,32,0.0
811,4,10,150,32,0.0
812,4,10,150,32,0.0
813,4,10,150,32,0.0
814,4,10,150,32,0.0
815,4,10,150,32,0.19084264995011693
816,4,10,150,32,0.0
817,4,10,150,32,0.0
818,4,10,150,32,0.05516788910004661
819,4,10,150,32,0.037210602758860095
820,4,10,150,32,0.0
821,4,10,150,32,0.21967143098282277
822,4,10,150,32,0.0
823,4,10,150,32,0.23265413115189565
824,4,10,150,32,0.05046096657376444
825,4,10,150,32,0.040466532906672535
826,4,10,150,32,0.1257187868396224
827,4,10,150,32,0.0
828,4,10,150,32,0.05453153510155002
829,4,10,150,32,0.15110239493068348
830,4,10,150,32,0.14724940625095
831,4,10,150,32,0.20944137386177475
832,4,10,150,32,0.0
833,4,10,150,32,0.17877407902727613
834,4,10,150,32,0.24251121723036934
835,4,10,150,32,0.04534782455287728
836,4,10,150,32,0.08063125834567192
837,4,10,150,32,0.0
838,4,10,150,32,0.2655648342118096
839,4,10,150,32,0.03983635556421846
840,4,10,150,32,0.40653400755947683
841,4,10,150,32,0.0
842,4,10,150,32,0.0
843,4,10,150,32,0.0
844,4,10,150,32,0.024203195379786477
845,4,10,150,32,0.0
846,4,10,150,32,0.4220472352894669
847,4,10,150,32,0.06786719297000109
848,4,10,150,32,0.0
849,4,10,150,32,0.0
850,4,10,150,32,0.20938747063345256
851,4,10,150,32,0.05530440890203071
852,4,10,150,32,0.23690281265915858
853,4,10,150,32,0.0
854,4,10,150,32,0.0
855,4,10,150,32,0.0
856,4,10,150,32,0.0
857,4,10,150,32,0.0
858,4,10,150,32,0.05319635904163211
859,4,10,150,32,0.0
860,4,10,150,32,0.0
861,4,10,150,32,0.03709674194804795
862,4,10,150,32,0.07335114723640325
863,4,10,150,32,0.0
864,4,10,150,32,0.45643615967191886
865,4,10,150,32,0.033438075019306616
866,4,10,150,32,0.11045880330464496
867,4,10,150,32,0.11937994250782594
868,4,10,150,32,0.2838866136908511
869,4,10,150,32,0.03406297225598251
870,4,10,150,32,0.39026455102497365
871,4,10,150,32,0.0846687744742974
872,4,10,150,32,0.02804794621397926
873,4,10,150,32,0.0
874,4,10,150,32,0.13944914190808633
875,4,10,150,32,0.12006294543631815
876,4,10,150,32,0.08671382849411972
877,4,10,150,32,0.07837697654375093
878,4,10,150,32,0.2457892915966921
879,4,10,150,32,0.03963466998423315
880,4,10,150,32,0.49001863202436885
881,4,10,150,32,0.08872781596088528
882,4,10,150,32,0.22242690312438607
883,4,10,150,32,0.406552995204438
884,4,10,150,32,0.09113547509404434
885,4,10,150,32,0.05611390781906884
886,4,10,150,32,0.21852834791663875
887,4,10,150,32,0.08970755085398795
888,4,10,150,32,0.11625487663628292
889,4,10,150,32,0.0
890,4,10,150,32,0.04481404140302472
891,4,10,150,32,0.03339755935325358
892,4,10,150,32,0.3063289883791913
893,4,10,150,32,0.10869735563398858
894,4,10,150,32,0.15298744022530258
895,4,10,150,32,0.0
896,4,10,150,32,0.4139676617322192
897,4,10,150,32,0.3102204529664507
898,4,10,150,32,0.0
899,4,10,150,32,0.0889066832677359
900,4,10,150,32,0.03232193387019919
901,4,10,150,32,0.20210497786347892
902,4,10,150,32,0.0316088333445714
903,4,10,150,32,0.2745628970680017
904,4,10,150,32,0.0
905,4,10,150,32,0.0
906,4,10,150,32,0.07382476677972956
907,4,10,150,32,0.040466532906672535
908,4,10,150,32,0.06892767477436933
909,4,10,150,32,0.0
910,4,10,150,32,0.0
911,4,10,150,32,0.077295565905287
912,4,10,150,32,0.1328892265512611
913,4,10,150,32,0.064183016429273
914,4,10,150,32,0.0
915,4,10,150,32,0.0
916,4,10,150,32,0.4016768962053046
917,4,10,150,32,0.0
918,4,10,150,32,0.05230223504897359
919,4,10,150,32,0.16097453422886754
920,4,10,150,32,0.0
921,4,10,150,32,0.15138741915157217
922,4,10,150,32,0.16804440451663333
923,4,10,150,32,0.0
924,4,10,150,32,0.0
925,4,10,150,32,0.0
926,4,10,150,32,0.0
927,4,10,150,32,0.047749183521298984
928,4,10,150,32,0.1482972305701491
929,4,10,150,32,0.25163227912988373
930,4,10,150,32,0.0
931,4,10,150,32,0.061687570642613335
932,4,10,150,32,0.2727233146903188
933,4,10,150,32,0.03486815669931573
934,4,10,150,32,0.13347764380989727
935,4,10,150,32,0.04173963774222741
936,4,10,150,32,0.1532809341928715
937,4,10,150,32,0.0
938,4,10,150,32,0.1077474440460911
939,4,10,150,32,0.0
940,4,10,150,32,0.059786210622952515
941,4,10,150,32,0.0
942,4,10,150,32,0.04927547640673503
943,4,10,150,32,0.2201874776259789
1,4,10,150,33,0.4058715898896693
2,4,10,150,33,0.0
3,4,10,150,33,0.0
4,4,10,150,33,0.0
5,4,10,150,33,0.040209635547393256
6,4,10,150,33,0.27020011346731576
7,4,10,150,33,0.28304904284111665
8,4,10,150,33,0.0
9,4,10,150,33,0.21840743681816419
10,4,10,150,33,0.03855371268423985
11,4,10,150,33,0.1722584975122812
12,4,10,150,33,0.0
13,4,10,150,33,0.24920942673402044
14,4,10,150,33,0.0
15,4,10,150,33,0.05010834716923557
16,4,10,150,33,0.0
17,4,10,150,33,0.0
18,4,10,150,33,0.20717217840635824
19,4,10,150,33,0.0
20,4,10,150,33,0.0
21,4,10,150,33,0.0
22,4,10,150,33,0.11702382382650763
23,4,10,150,33,0.19906649093208975
24,4,10,150,33,0.0
25,4,10,150,33,0.12358102547512423
26,4,10,150,33,0.0
27,4,10,150,33,0.0
28,4,10,150,33,0.0
29,4,10,150,33,0.13455232720853103
30,4,10,150,33,0.0
31,4,10,150,33,0.0
32,4,10,150,33,0.0
33,4,10,150,33,0.0
35,4,10,150,33,0.10523285614729473
36,4,10,150,33,0.0
37,4,10,150,33,0.0
38,4,10,150,33,0.04739418218477539
39,4,10,150,33,0.0
40,4,10,150,33,0.0
41,4,10,150,33,0.0
42,4,10,150,33,0.0683037314796457
43,4,10,150,33,0.22592974817952552
44,4,10,150,33,0.2044921015662719
45,4,10,150,33,0.0
46,4,10,150,33,0.11284514134893527
47,4,10,150,33,0.0
48,4,10,150,33,0.0
49,4,10,150,33,0.0
50,4,10,150,33,0.0
51,4,10,150,33,0.16812753627111746
52,4,10,150,33,0.0
54,4,10,150,33,0.0
56,4,10,150,33,0.20383503459815738
57,4,10,150,33,0.23047740788088653
58,4,10,150,33,0.28294666822582426
59,4,10,150,33,0.19932172525453812
60,4,10,150,33,0.10892598114203371
61,4,10,150,33,0.0
62,4,10,150,33,0.08314631791322982
63,4,10,150,33,0.0
64,4,10,150,33,0.04238468688770069
65,4,10,150,33,0.13012668333070054
66,4,10,150,33,0.0
67,4,10,150,33,0.0
68,4,10,150,33,0.4176344875447225
69,4,10,150,33,0.07673373981757839
70,4,10,150,33,0.0
71,4,10,150,33,0.0
72,4,10,150,33,0.0
73,4,10,150,33,0.0
74,4,10,150,33,0.0
75,4,10,150,33,0.049432410190049694
76,4,10,150,33,0.1301464707340554
77,4,10,150,33,0.05381256178894041
78,4,10,150,33,0.0
79,4,10,150,33,0.27487633291429087
80,4,10,150,33,0.0
81,4,10,150,33,0.0
82,4,10,150,33,0.19298623480417013
83,4,10,150,33,0.12089611529519323
84,4,10,150,33,0.0
85,4,10,150,33,0.0
87,4,10,150,33,0.07100089300395272
89,4,10,150,33,0.16716045496620227
90,4,10,150,33,0.0
91,4,10,150,33,0.0
92,4,10,150,33,0.10542637391232386
93,4,10,150,33,0.0
94,4,10,150,33,0.047900139877475545
95,4,10,150,33,0.15097216460709872
96,4,10,150,33,0.0
97,4,10,150,33,0.0
98,4,10,150,33,0.0930297504356062
99,4,10,150,33,0.05658242244874664
100,4,10,150,33,0.0
101,4,10,150,33,0.0
102,4,10,150,33,0.0
103,4,10,150,33,0.0
104,4,10,150,33,0.0
105,4,10,150,33,0.0
106,4,10,150,33,0.0
107,4,10,150,33,0.0
108,4,10,150,33,0.0
109,4,10,150,33,0.07103066762111539
110,4,10,150,33,0.0
111,4,10,150,33,0.0
112,4,10,150,33,0.0
113,4,10,150,33,0.0
114,4,10,150,33,0.0
115,4,10,150,33,0.10684080426179023
116,4,10,150,33,0.0
117,4,10,150,33,0.14606834984270645
118,4,10,150,33,0.0
119,4,10,150,33,0.18374222286855332
120,4,10,150,33,0.0
121,4,10,150,33,0.2147325744928709
122,4,10,150,33,0.1530100230930498
123,4,10,150,33,0.0
125,4,10,150,33,0.08659951558726678
126,4,10,150,33,0.06911917000496234
127,4,10,150,33,0.10253313861822189
128,4,10,150,33,0.03233829114831982
129,4,10,150,33,0.0
130,4,10,150,33,0.16099269493775217
131,4,10,150,33,0.0
133,4,10,150,33,0.11047239495909743
134,4,10,150,33,0.0
135,4,10,150,33,0.0
137,4,10,150,33,0.0
138,4,10,150,33,0.0
139,4,10,150,33,0.0
141,4,10,150,33,0.0
142,4,10,150,33,0.13373003436102654
143,4,10,150,33,0.0
144,4,10,150,33,0.1227945149537572
145,4,10,150,33,0.08829985348038716
146,4,10,150,33,0.0
148,4,10,150,33,0.0
149,4,10,150,33,0.0
150,4,10,150,33,0.10235170428306553
151,4,10,150,33,0.035510009908414325
152,4,10,150,33,0.0
153,4,10,150,33,0.0
154,4,10,150,33,0.0
155,4,10,150,33,0.0
156,4,10,150,33,0.0
158,4,10,150,33,0.14391090187484273
159,4,10,150,33,0.0
160,4,10,150,33,0.0
161,4,10,150,33,0.0
162,4,10,150,33,0.0
163,4,10,150,33,0.0
164,4,10,150,33,0.0
165,4,10,150,33,0.12114889742360979
166,4,10,150,33,0.0
167,4,10,150,33,0.0
168,4,10,150,33,0.23504554941448536
169,4,10,150,33,0.0
170,4,10,150,33,0.0
171,4,10,150,33,0.0
172,4,10,150,33,0.0
173,4,10,150,33,0.0
174,4,10,150,33,0.060961917527339995
175,4,10,150,33,0.0
176,4,10,150,33,0.0
177,4,10,150,33,0.06912040963822193
178,4,10,150,33,0.21869354042431444
179,4,10,150,33,0.06723507268634088
180,4,10,150,33,0.12262943855309168
181,4,10,150,33,0.0
182,4,10,150,33,0.0
183,4,10,150,33,0.0
184,4,10,150,33,0.09303069037986347
185,4,10,150,33,0.07745351606183934
186,4,10,150,33,0.22147164648185297
187,4,10,150,33,0.0
188,4,10,150,33,0.054384419234677496
189,4,10,150,33,0.18472415061971442
190,4,10,150,33,0.10699313236726378
191,4,10,150,33,0.0
192,4,10,150,33,0.0
193,4,10,150,33,0.0
194,4,10,150,33,0.0
195,4,10,150,33,0.0
196,4,10,150,33,0.0
197,4,10,150,33,0.0
198,4,10,150,33,0.0
199,4,10,150,33,0.0
200,4,10,150,33,0.03719976603506465
201,4,10,150,33,0.039651254525717876
203,4,10,150,33,0.0
204,4,10,150,33,0.0
205,4,10,150,33,0.0
206,4,10,150,33,0.0
207,4,10,150,33,0.0
209,4,10,150,33,0.0
210,4,10,150,33,0.06648469969095826
211,4,10,150,33,0.0
212,4,10,150,33,0.12681701683239352
213,4,10,150,33,0.19336468350582656
214,4,10,150,33,0.056720838976548935
215,4,10,150,33,0.0
216,4,10,150,33,0.0
217,4,10,150,33,0.0
218,4,10,150,33,0.19092086617893467
219,4,10,150,33,0.0
221,4,10,150,33,0.3375735570145491
222,4,10,150,33,0.1088702604035223
223,4,10,150,33,0.0
224,4,10,150,33,0.0
225,4,10,150,33,0.0
226,4,10,150,33,0.0
227,4,10,150,33,0.0
228,4,10,150,33,0.0
229,4,10,150,33,0.0
230,4,10,150,33,0.18892580735141576
231,4,10,150,33,0.0
232,4,10,150,33,0.3234992853586256
233,4,10,150,33,0.0968152409481219
234,4,10,150,33,0.0
235,4,10,150,33,0.06065881345112158
236,4,10,150,33,0.0
237,4,10,150,33,0.0
238,4,10,150,33,0.0
239,4,10,150,33,0.060772229737720354
240,4,10,150,33,0.05497526658285817
242,4,10,150,33,0.0
243,4,10,150,33,0.05446333035917803
244,4,10,150,33,0.0897700875992608
245,4,10,150,33,0.0
246,4,10,150,33,0.08041927109478651
247,4,10,150,33,0.0
248,4,10,150,33,0.14830051302014485
249,4,10,150,33,0.16110371389527117
250,4,10,150,33,0.3039989562789163
251,4,10,150,33,0.0
252,4,10,150,33,0.0
253,4,10,150,33,0.05954496680255472
254,4,10,150,33,0.0
255,4,10,150,33,0.0
256,4,10,150,33,0.1412126830355814
257,4,10,150,33,0.3305900772260718
258,4,10,150,33,0.0
259,4,10,150,33,0.0
260,4,10,150,33,0.0
261,4,10,150,33,0.0
262,4,10,150,33,0.0
263,4,10,150,33,0.0975109251896312
264,4,10,150,33,0.0
265,4,10,150,33,0.10209739512291163
267,4,10,150,33,0.09794101962538232
268,4,10,150,33,0.040466532906672535
269,4,10,150,33,0.11154069665984502
270,4,10,150,33,0.0
271,4,10,150,33,0.12276482551434069
272,4,10,150,33,0.09109240322345806
273,4,10,150,33,0.0
274,4,10,150,33,0.0
275,4,10,150,33,0.0
276,4,10,150,33,0.20153085036212906
277,4,10,150,33,0.0
279,4,10,150,33,0.07381692321089478
280,4,10,150,33,0.03337620304869898
281,4,10,150,33,0.0
283,4,10,150,33,0.07132875491150918
284,4,10,150,33,0.0
285,4,10,150,33,0.1185995982858366
286,4,10,150,33,0.23960576911381382
287,4,10,150,33,0.06364028872631156
288,4,10,150,33,0.0
289,4,10,150,33,0.13905617951077562
290,4,10,150,33,0.0
291,4,10,150,33,0.21268562444579064
292,4,10,150,33,0.0
293,4,10,150,33,0.06886690743551852
294,4,10,150,33,0.04123398036294628
295,4,10,150,33,0.23611013359098149
296,4,10,150,33,0.47774763069170006
297,4,10,150,33,0.049712302565054066
298,4,10,150,33,0.17110977534502889
299,4,10,150,33,0.0
300,4,10,150,33,0.0
301,4,10,150,33,0.047934103497110726
303,4,10,150,33,0.09620032476245294
304,4,10,150,33,0.0
305,4,10,150,33,0.31514747987601716
306,4,10,150,33,0.0
307,4,10,150,33,0.1383141340724969
308,4,10,150,33,0.15269555842056493
309,4,10,150,33,0.0
310,4,10,150,33,0.0
311,4,10,150,33,0.06712613803507668
312,4,10,150,33,0.07579200366109638
313,4,10,150,33,0.11861247443414627
314,4,10,150,33,0.14200933111022926
315,4,10,150,33,0.0
316,4,10,150,33,0.04568304891751105
317,4,10,150,33,0.0
318,4,10,150,33,0.10118786565551004
319,4,10,150,33,0.0
320,4,10,150,33,0.0
321,4,10,150,33,0.062242588308449316
322,4,10,150,33,0.17342765698823945
323,4,10,150,33,0.14126697285982898
324,4,10,150,33,0.0
325,4,10,150,33,0.0
326,4,10,150,33,0.036356287988538835
327,4,10,150,33,0.0
328,4,10,150,33,0.11968995195076808
329,4,10,150,33,0.0
330,4,10,150,33,0.0536466452928127
331,4,10,150,33,0.16958010263680806
332,4,10,150,33,0.0
333,4,10,150,33,0.0
334,4,10,150,33,0.07616142473975239
336,4,10,150,33,0.0
337,4,10,150,33,0.16716045496620227
338,4,10,150,33,0.0
339,4,10,150,33,0.06608282041002614
340,4,10,150,33,0.0
341,4,10,150,33,0.0
342,4,10,150,33,0.2625072992734236
343,4,10,150,33,0.23617544027995818
344,4,10,150,33,0.2076030287632974
345,4,10,150,33,0.056149696530797676
346,4,10,150,33,0.13947804593499064
347,4,10,150,33,0.03232623375868038
348,4,10,150,33,0.0
349,4,10,150,33,0.07673373981757839
350,4,10,150,33,0.0
351,4,10,150,33,0.0
352,4,10,150,33,0.0
353,4,10,150,33,0.0
354,4,10,150,33,0.051249224710132255
355,4,10,150,33,0.0
356,4,10,150,33,0.08406376813555873
357,4,10,150,33,0.0
358,4,10,150,33,0.20438239758848611
359,4,10,150,33,0.0
360,4,10,150,33,0.03588081068184636
361,4,10,150,33,0.09622728274290568
362,4,10,150,33,0.0
363,4,10,150,33,0.1803013146105011
364,4,10,150,33,0.0
365,4,10,150,33,0.0
366,4,10,150,33,0.0
367,4,10,150,33,0.0
368,4,10,150,33,0.0
369,4,10,150,33,0.0
370,4,10,150,33,0.09092803061897883
371,4,10,150,33,0.16676134190097475
372,4,10,150,33,0.0
373,4,10,150,33,0.035769798946978335
374,4,10,150,33,0.0531557222020829
375,4,10,150,33,0.0
376,4,10,150,33,0.0
377,4,10,150,33,0.0
378,4,10,150,33,0.18066630006648568
379,4,10,150,33,0.07386135250503313
380,4,10,150,33,0.0
381,4,10,150,33,0.05105625351125917
382,4,10,150,33,0.0
383,4,10,150,33,0.04838338183089434
384,4,10,150,33,0.0
385,4,10,150,33,0.0
386,4,10,150,33,0.0
387,4,10,150,33,0.11144855540383704
388,4,10,150,33,0.0
389,4,10,150,33,0.12667290954885316
390,4,10,150,33,0.0
391,4,10,150,33,0.2137247802747043
392,4,10,150,33,0.0
393,4,10,150,33,0.0
394,4,10,150,33,0.11073655428626575
395,4,10,150,33,0.0
396,4,10,150,33,0.0
397,4,10,150,33,0.22320497122386787
398,4,10,150,33,0.1418968660083944
399,4,10,150,33,0.0
400,4,10,150,33,0.0
401,4,10,150,33,0.0
402,4,10,150,33,0.08963222225173058
403,4,10,150,33,0.0
404,4,10,150,33,0.0
405,4,10,150,33,0.0646684107724282
406,4,10,150,33,0.2232515022665715
407,4,10,150,33,0.04270006763257965
408,4,10,150,33,0.0
409,4,10,150,33,0.10914342353313093
410,4,10,150,33,0.0
411,4,10,150,33,0.0
412,4,10,150,33,0.0
413,4,10,150,33,0.0
414,4,10,150,33,0.0
415,4,10,150,33,0.08035849674662018
416,4,10,150,33,0.19109971064427958
417,4,10,150,33,0.10546211310698807
418,4,10,150,33,0.0
419,4,10,150,33,0.1208113026994942
420,4,10,150,33,0.06052048269976269
421,4,10,150,33,0.05954496680255472
422,4,10,150,33,0.04320473659574256
423,4,10,150,33,0.053845569940583225
424,4,10,150,33,0.23504554941448536
425,4,10,150,33,0.1674157226455415
426,4,10,150,33,0.040759261617270684
427,4,10,150,33,0.0
428,4,10,150,33,0.0
429,4,10,150,33,0.2199990234252792
430,4,10,150,33,0.0
431,4,10,150,33,0.0
432,4,10,150,33,0.0
433,4,10,150,33,0.05780921899607981
434,4,10,150,33,0.15130120674940672
435,4,10,150,33,0.1841464905967862
436,4,10,150,33,0.0
437,4,10,150,33,0.07482890842972961
438,4,10,150,33,0.0
439,4,10,150,33,0.0
440,4,10,150,33,0.0
441,4,10,150,33,0.0
442,4,10,150,33,0.040949887133979804
443,4,10,150,33,0.06783204105472322
444,4,10,150,33,0.1312721899408984
445,4,10,150,33,0.0
446,4,10,150,33,0.0
447,4,10,150,33,0.16246725303708914
448,4,10,150,33,0.0
449,4,10,150,33,0.1511226181481109
450,4,10,150,33,0.30289429138400864
451,4,10,150,33,0.031239484277305284
452,4,10,150,33,0.1098837454523479
453,4,10,150,33,0.0
454,4,10,150,33,0.0
455,4,10,150,33,0.0646684107724282
456,4,10,150,33,0.0
457,4,10,150,33,0.3120919738400118
458,4,10,150,33,0.04926693941311216
459,4,10,150,33,0.0
460,4,10,150,33,0.05184030722866645
461,4,10,150,33,0.0
462,4,10,150,33,0.0
463,4,10,150,33,0.11987424504051505
464,4,10,150,33,0.0
465,4,10,150,33,0.0
466,4,10,150,33,0.0
467,4,10,150,33,0.07807600999842033
468,4,10,150,33,0.09063580949954383
469,4,10,150,33,0.0
470,4,10,150,33,0.0
471,4,10,150,33,0.0
472,4,10,150,33,0.04780917315891235
473,4,10,150,33,0.0
474,4,10,150,33,0.21980496079539505
475,4,10,150,33,0.0
476,4,10,150,33,0.0
477,4,10,150,33,0.0
478,4,10,150,33,0.2345109835167376
479,4,10,150,33,0.10172348796286074
480,4,10,150,33,0.0
481,4,10,150,33,0.10388675010296258
482,4,10,150,33,0.0
483,4,10,150,33,0.05658242244874664
484,4,10,150,33,0.2723783861819967
485,4,10,150,33,0.0
486,4,10,150,33,0.0
487,4,10,150,33,0.10090654832556221
488,4,10,150,33,0.0
489,4,10,150,33,0.0
490,4,10,150,33,0.0
491,4,10,150,33,0.06362078819895171
492,4,10,150,33,0.0
493,4,10,150,33,0.05484179250244328
494,4,10,150,33,0.0
495,4,10,150,33,0.08401282635468596
496,4,10,150,33,0.02649996754880397
497,4,10,150,33,0.06502034197364438
498,4,10,150,33,0.0
499,4,10,150,33,0.0
500,4,10,150,33,0.11028150724840372
501,4,10,150,33,0.0
502,4,10,150,33,0.0
503,4,10,150,33,0.02049940121110615
504,4,10,150,33,0.0957172906054524
505,4,10,150,33,0.07379217622092994
506,4,10,150,33,0.11815638304032615
507,4,10,150,33,0.05319635904163211
508,4,10,150,33,0.0
509,4,10,150,33,0.0
510,4,10,150,33,0.0
511,4,10,150,33,0.0
512,4,10,150,33,0.0
513,4,10,150,33,0.0
514,4,10,150,33,0.26688245866963234
515,4,10,150,33,0.11706259313796354
516,4,10,150,33,0.0
517,4,10,150,33,0.0
518,4,10,150,33,0.0
519,4,10,150,33,0.0
520,4,10,150,33,0.0
521,4,10,150,33,0.09850628252086785
522,4,10,150,33,0.0
523,4,10,150,33,0.032114893884379984
524,4,10,150,33,0.18078266437735718
525,4,10,150,33,0.0
526,4,10,150,33,0.04972780777662495
527,4,10,150,33,0.12457616906232613
528,4,10,150,33,0.10209739512291163
529,4,10,150,33,0.0
530,4,10,150,33,0.0
531,4,10,150,33,0.07738888769495082
532,4,10,150,33,0.2917560447474878
533,4,10,150,33,0.12470758607268746
534,4,10,150,33,0.047934103497110726
535,4,10,150,33,0.14535257085879616
536,4,10,150,33,0.07205736635480697
537,4,10,150,33,0.3525278896128776
538,4,10,150,33,0.14697776980950736
539,4,10,150,33,0.0
540,4,10,150,33,0.0
541,4,10,150,33,0.0
542,4,10,150,33,0.049033875503285806
543,4,10,150,33,0.0
544,4,10,150,33,0.0
545,4,10,150,33,0.02333551885935578
546,4,10,150,33,0.05758752804519195
547,4,10,150,33,0.0
548,4,10,150,33,0.1103190733436671
549,4,10,150,33,0.0
550,4,10,150,33,0.0
551,4,10,150,33,0.08743040460553203
552,4,10,150,33,0.1205344274731702
553,4,10,150,33,0.04743759234968417
554,4,10,150,33,0.12627825946936164
555,4,10,150,33,0.0
556,4,10,150,33,0.040419659112753054
557,4,10,150,33,0.0
558,4,10,150,33,0.0
559,4,10,150,33,0.04366879852493834
560,4,10,150,33,0.06536545161870184
561,4,10,150,33,0.03416566868517691
562,4,10,150,33,0.0
563,4,10,150,33,0.0
564,4,10,150,33,0.08498983725535779
565,4,10,150,33,0.0
566,4,10,150,33,0.03651017021403452
567,4,10,150,33,0.10597151720142271
568,4,10,150,33,0.036155150901276155
569,4,10,150,33,0.18299769260789403
570,4,10,150,33,0.0
571,4,10,150,33,0.0
572,4,10,150,33,0.16812753627111746
573,4,10,150,33,0.06437746926759551
574,4,10,150,33,0.051811563545175146
575,4,10,150,33,0.0
576,4,10,150,33,0.0
577,4,10,150,33,0.22331631648802494
578,4,10,150,33,0.0
579,4,10,150,33,0.0
580,4,10,150,33,0.12128674553236206
581,4,10,150,33,0.0
582,4,10,150,33,0.0
583,4,10,150,33,0.0
584,4,10,150,33,0.06323567569191428
585,4,10,150,33,0.04173963774222741
586,4,10,150,33,0.0646684107724282
587,4,10,150,33,0.0
588,4,10,150,33,0.12515547896940077
589,4,10,150,33,0.0
590,4,10,150,33,0.053845569940583225
591,4,10,150,33,0.0
592,4,10,150,33,0.3826132121280317
593,4,10,150,33,0.024580059838025532
594,4,10,150,33,0.0
595,4,10,150,33,0.03995808168017168
596,4,10,150,33,0.0
597,4,10,150,33,0.27101620591530523
598,4,10,150,33,0.0684591776394769
599,4,10,150,33,0.0
600,4,10,150,33,0.031239484277305284
601,4,10,150,33,0.0
602,4,10,150,33,0.0
603,4,10,150,33,0.0
604,4,10,150,33,0.0
605,4,10,150,33,0.23939908411991156
606,4,10,150,33,0.1968679982561495
607,4,10,150,33,0.0
608,4,10,150,33,0.04198706620893176
609,4,10,150,33,0.0
610,4,10,150,33,0.1669877967662679
611,4,10,150,33,0.0
612,4,10,150,33,0.0
613,4,10,150,33,0.04578230021840749
614,4,10,150,33,0.0
615,4,10,150,33,0.027541830374730368
616,4,10,150,33,0.0
617,4,10,150,33,0.0
618,4,10,150,33,0.15939767702955965
619,4,10,150,33,0.03620451724718618
620,4,10,150,33,0.029327299035175076
621,4,10,150,33,0.10630836163514927
622,4,10,150,33,0.24810542992725704
623,4,10,150,33,0.0
624,4,10,150,33,0.0
625,4,10,150,33,0.0
626,4,10,150,33,0.06228974831361337
627,4,10,150,33,0.0697673092947064
628,4,10,150,33,0.0
629,4,10,150,33,0.05343288941942307
630,4,10,150,33,0.1524021176474645
631,4,10,150,33,0.0
632,4,10,150,33,0.12112269717167994
633,4,10,150,33,0.07414861528507455
634,4,10,150,33,0.0229843206087442
635,4,10,150,33,0.0
636,4,10,150,33,0.06364028872631156
637,4,10,150,33,0.0
638,4,10,150,33,0.09712868482236708
639,4,10,150,33,0.0
640,4,10,150,33,0.030877778553209584
641,4,10,150,33,0.07675099783970546
642,4,10,150,33,0.1001576843363407
643,4,10,150,33,0.16586657486147324
644,4,10,150,33,0.04935421935348238
645,4,10,150,33,0.189810207692922
646,4,10,150,33,0.0
647,4,10,150,33,0.030218457878623886
648,4,10,150,33,0.14754821673112664
649,4,10,150,33,0.15489949502599
650,4,10,150,33,0.07184165953159614
651,4,10,150,33,0.0
652,4,10,150,33,0.0
653,4,10,150,33,0.1688431159790729
654,4,10,150,33,0.21046025215839195
655,4,10,150,33,0.02333551885935578
656,4,10,150,33,0.07397229644086958
657,4,10,150,33,0.0
658,4,10,150,33,0.22745389188843176
659,4,10,150,33,0.10268624011499256
660,4,10,150,33,0.0
661,4,10,150,33,0.07512868680400446
662,4,10,150,33,0.0512644431393966
663,4,10,150,33,0.2885862366398811
664,4,10,150,33,0.3769935340238399
665,4,10,150,33,0.0
666,4,10,150,33,0.29673220019929475
667,4,10,150,33,0.1593472521587426
668,4,10,150,33,0.06194403202282284
669,4,10,150,33,0.05902012081510394
670,4,10,150,33,0.06613087842005526
671,4,10,150,33,0.13455992363915534
672,4,10,150,33,0.0
673,4,10,150,33,0.0
674,4,10,150,33,0.06123763026386081
675,4,10,150,33,0.0
676,4,10,150,33,0.11582866341850039
677,4,10,150,33,0.03314040476303028
678,4,10,150,33,0.0
679,4,10,150,33,0.1266596892460251
680,4,10,150,33,0.0
681,4,10,150,33,0.0
682,4,10,150,33,0.1860712049524159
683,4,10,150,33,0.0
684,4,10,150,33,0.06573003977381581
685,4,10,150,33,0.1906465758273748
686,4,10,150,33,0.07277260183012466
687,4,10,150,33,0.0
688,4,10,150,33,0.0
689,4,10,150,33,0.15001451003751623
690,4,10,150,33,0.09147856509535657
691,4,10,150,33,0.05446824630887794
692,4,10,150,33,0.09052881616458627
693,4,10,150,33,0.0
694,4,10,150,33,0.13357943017373755
695,4,10,150,33,0.0
696,4,10,150,33,0.039725595076707886
697,4,10,150,33,0.023456906405016697
698,4,10,150,33,0.0531557222020829
699,4,10,150,33,0.0646684107724282
700,4,10,150,33,0.12729890218214104
701,4,10,150,33,0.0
702,4,10,150,33,0.037715680681715956
703,4,10,150,33,0.09261220774116596
704,4,10,150,33,0.1122793559641569
705,4,10,150,33,0.13953392627813802
706,4,10,150,33,0.04395738023645723
707,4,10,150,33,0.0467343324299995
708,4,10,150,33,0.052053674193544515
709,4,10,150,33,0.16579940333718235
710,4,10,150,33,0.10695361352497157
711,4,10,150,33,0.16723708802636023
712,4,10,150,33,0.13767088504516403
713,4,10,150,33,0.11212986779582237
714,4,10,150,33,0.0
715,4,10,150,33,0.0
716,4,10,150,33,0.2135667520607711
717,4,10,150,33,0.024580059838025532
718,4,10,150,33,0.035328385129692476
719,4,10,150,33,0.09883437846193516
720,4,10,150,33,0.0
721,4,10,150,33,0.14699716887562406
722,4,10,150,33,0.06556429791586475
723,4,10,150,33,0.0
724,4,10,150,33,0.0
725,4,10,150,33,0.0
726,4,10,150,33,0.05010834716923557
727,4,10,150,33,0.20146145350740746
728,4,10,150,33,0.09627818061559096
729,4,10,150,33,0.0
730,4,10,150,33,0.0
731,4,10,150,33,0.09388827751441965
732,4,10,150,33,0.0
733,4,10,150,33,0.15026353440935344
734,4,10,150,33,0.0
735,4,10,150,33,0.0
736,4,10,150,33,0.0
737,4,10,150,33,0.04395738023645723
738,4,10,150,33,0.19645944742221683
739,4,10,150,33,0.03855307727568851
740,4,10,150,33,0.0
741,4,10,150,33,0.06594889132017304
742,4,10,150,33,0.0488929053971083
743,4,10,150,33,0.0
744,4,10,150,33,0.0
745,4,10,150,33,0.03520132288421838
746,4,10,150,33,0.23491487959421534
747,4,10,150,33,0.4503991411646462
748,4,10,150,33,0.10753792156808925
749,4,10,150,33,0.1595132678408039
750,4,10,150,33,0.041278922835426404
751,4,10,150,33,0.07718408395012682
752,4,10,150,33,0.0
753,4,10,150,33,0.15780803084928155
754,4,10,150,33,0.0
755,4,10,150,33,0.03855371268423985
756,4,10,150,33,0.03416566868517691
757,4,10,150,33,0.0
758,4,10,150,33,0.25185551636489195
759,4,10,150,33,0.049710505523782283
760,4,10,150,33,0.0
761,4,10,150,33,0.02459490482356159
762,4,10,150,33,0.051960280791503534
763,4,10,150,33,0.03651017021403452
764,4,10,150,33,0.11503205081018776
765,4,10,150,33,0.15066101840234988
766,4,10,150,33,0.03651017021403452
767,4,10,150,33,0.06994410797740244
768,4,10,150,33,0.060133059387366614
769,4,10,150,33,0.0
770,4,10,150,33,0.1912123147921425
771,4,10,150,33,0.2192447252418897
772,4,10,150,33,0.0
773,4,10,150,33,0.12014811964090134
774,4,10,150,33,0.04163986593352851
775,4,10,150,33,0.0
776,4,10,150,33,0.07126484618177023
777,4,10,150,33,0.0
778,4,10,150,33,0.11805093117474011
779,4,10,150,33,0.0
780,4,10,150,33,0.030023253564245667
781,4,10,150,33,0.06605409437043552
782,4,10,150,33,0.06734985627649033
783,4,10,150,33,0.0
784,4,10,150,33,0.0
785,4,10,150,33,0.0
786,4,10,150,33,0.0
787,4,10,150,33,0.0
788,4,10,150,33,0.31977336747041674
789,4,10,150,33,0.08809718769055445
790,4,10,150,33,0.0
791,4,10,150,33,0.04465281017341861
792,4,10,150,33,0.06658592494149675
793,4,10,150,33,0.0
794,4,10,150,33,0.0
795,4,10,150,33,0.0
796,4,10,150,33,0.43666065774278473
797,4,10,150,33,0.04001677477281075
798,4,10,150,33,0.0646684107724282
799,4,10,150,33,0.0
800,4,10,150,33,0.0
801,4,10,150,33,0.1561471668577559
802,4,10,150,33,0.05124850302776537
803,4,10,150,33,0.0
804,4,10,150,33,0.1901059497233127
805,4,10,150,33,0.14767022239738706
806,4,10,150,33,0.35456802777549
807,4,10,150,33,0.11221582990200026
808,4,10,150,33,0.0
809,4,10,150,33,0.0
810,4,10,150,33,0.0
811,4,10,150,33,0.0
812,4,10,150,33,0.0
813,4,10,150,33,0.0
814,4,10,150,33,0.0
815,4,10,150,33,0.1869977471256703
816,4,10,150,33,0.0
817,4,10,150,33,0.0
818,4,10,150,33,0.05516788910004661
819,4,10,150,33,0.037210602758860095
820,4,10,150,33,0.0
821,4,10,150,33,0.2411264212661731
822,4,10,150,33,0.0
823,4,10,150,33,0.24811383211094593
824,4,10,150,33,0.05046096657376444
825,4,10,150,33,0.039651254525717876
826,4,10,150,33,0.14333291191449218
827,4,10,150,33,0.0
828,4,10,150,33,0.05343288941942307
829,4,10,150,33,0.15110239493068348
830,4,10,150,33,0.14428277558353708
831,4,10,150,33,0.2052217629408008
832,4,10,150,33,0.0
833,4,10,150,33,0.17517232144546993
834,4,10,150,33,0.24251121723036934
835,4,10,150,33,0.04443420289256475
836,4,10,150,33,0.1068899734619443
837,4,10,150,33,0.0
838,4,10,150,33,0.2602145051244616
839,4,10,150,33,0.03983635556421846
840,4,10,150,33,0.39834357552393546
841,4,10,150,33,0.0
842,4,10,150,33,0.0
843,4,10,150,33,0.0
844,4,10,150,33,0.04386255292460634
845,4,10,150,33,0.0
846,4,10,150,33,0.41354425858358634
847,4,10,150,33,0.06649987407139102
848,4,10,150,33,0.0
849,4,10,150,33,0.0
850,4,10,150,33,0.20938747063345256
851,4,10,150,33,0.05419019214782325
852,4,10,150,33,0.23690281265915858
853,4,10,150,33,0.0
854,4,10,150,33,0.0
855,4,10,150,33,0.0
856,4,10,150,33,0.0
857,4,10,150,33,0.0
858,4,10,150,33,0.05319635904163211
859,4,10,150,33,0.0
860,4,10,150,33,0.0
861,4,10,150,33,0.03709674194804795
862,4,10,150,33,0.09202032203664968
863,4,10,150,33,0.0
864,4,10,150,33,0.46738732884448464
865,4,10,150,33,0.033438075019306616
866,4,10,150,33,0.11045880330464496
867,4,10,150,33,0.13712177614512358
868,4,10,150,33,0.29831413490984365
869,4,10,150,33,0.03406297225598251
870,4,10,150,33,0.382401899385471
871,4,10,150,33,0.08296295446915833
872,4,10,150,33,0.02804794621397926
873,4,10,150,33,0.0
874,4,10,150,33,0.13944914190808633
875,4,10,150,33,0.1377910186280888
876,4,10,150,33,0.08671382849411972
877,4,10,150,33,0.07679791725819068
878,4,10,150,33,0.2408373799473523
879,4,10,150,33,0.03963466998423315
880,4,10,150,33,0.4801462370288349
881,4,10,150,33,0.08694021853293005
882,4,10,150,33,0.21794567302053133
883,4,10,150,33,0.41850915943446865
884,4,10,150,33,0.09113547509404434
885,4,10,150,33,0.0549833821073337
886,4,10,150,33,0.2141256619219412
887,4,10,150,33,0.0879002147279027
888,4,10,150,33,0.11625487663628292
889,4,10,150,33,0.0
890,4,10,150,33,0.043911173860521006
891,4,10,150,33,0.03339755935325358
892,4,10,150,33,0.3203043635509086
893,4,10,150,33,0.10869735563398858
894,4,10,150,33,0.1499052055090016
895,4,10,150,33,0.0
896,4,10,150,33,0.4056274640235843
897,4,10,150,33,0.3039704480743388
898,4,10,150,33,0.0
899,4,10,150,33,0.08711548220393989
900,4,10,150,33,0.03232193387019919
901,4,10,150,33,0.1980331731572189
902,4,10,150,33,0.0316088333445714
903,4,10,150,33,0.26903128419896566
904,4,10,150,33,0.0
905,4,10,150,33,0.0
906,4,10,150,33,0.07382476677972956
907,4,10,150,33,0.039651254525717876
908,4,10,150,33,0.06892767477436933
909,4,10,150,33,0.0
910,4,10,150,33,0.0
911,4,10,150,33,0.07573829377694398
912,4,10,150,33,0.1328892265512611
913,4,10,150,33,0.06288992255735852
914,4,10,150,33,0.0
915,4,10,150,33,0.0
916,4,10,150,33,0.39358432028928997
917,4,10,150,33,0.0
918,4,10,150,33,0.05124850302776537
919,4,10,150,33,0.15773138369892922
920,4,10,150,33,0.0
921,4,10,150,33,0.1684843988351906
922,4,10,150,33,0.16465881745982322
923,4,10,150,33,0.0
924,4,10,150,33,0.0
925,4,10,150,33,0.0
926,4,10,150,33,0.0
927,4,10,150,33,0.04678718173273626
928,4,10,150,33,0.1482972305701491
929,4,10,150,33,0.25163227912988373
930,4,10,150,33,0.0
931,4,10,150,33,0.061687570642613335
932,4,10,150,33,0.2672287638484638
933,4,10,150,33,0.03416566868517691
934,4,10,150,33,0.1307884725485503
935,4,10,150,33,0.04173963774222741
936,4,10,150,33,0.15019278645982526
937,4,10,150,33,0.0
938,4,10,150,33,0.1077474440460911
939,4,10,150,33,0.0
940,4,10,150,33,0.05858169910444637
941,4,10,150,33,0.0
942,4,10,150,33,0.04927547640673503
943,4,10,150,33,0.23589834398943813
1,4,10,150,34,0.4058715898896693
2,4,10,150,34,0.0
3,4,10,150,34,0.0
4,4,10,150,34,0.0
5,4,10,150,34,0.040209635547393256
6,4,10,150,34,0.27020011346731576
7,4,10,150,34,0.2775037639244661
8,4,10,150,34,0.0
9,4,10,150,34,0.21840743681816419
10,4,10,150,34,0.03855371268423985
11,4,10,150,34,0.1722584975122812
12,4,10,150,34,0.0
13,4,10,150,34,0.24432710752167655
14,4,10,150,34,0.0
15,4,10,150,34,0.05010834716923557
16,4,10,150,34,0.0
17,4,10,150,34,0.0
18,4,10,150,34,0.20717217840635824
19,4,10,150,34,0.0
20,4,10,150,34,0.0
21,4,10,150,34,0.0
22,4,10,150,34,0.11702382382650763
23,4,10,150,34,0.19906649093208975
24,4,10,150,34,0.0
25,4,10,150,34,0.12358102547512423
26,4,10,150,34,0.0
27,4,10,150,34,0.0
28,4,10,150,34,0.0
29,4,10,150,34,0.13455232720853103
30,4,10,150,34,0.0
31,4,10,150,34,0.0
32,4,10,150,34,0.0
33,4,10,150,34,0.0
35,4,10,150,34,0.10523285614729473
36,4,10,150,34,0.0
37,4,10,150,34,0.0
38,4,10,150,34,0.04739418218477539
39,4,10,150,34,0.0
40,4,10,150,34,0.0
41,4,10,150,34,0.0
42,4,10,150,34,0.0683037314796457
43,4,10,150,34,0.22592974817952552
44,4,10,150,34,0.2044921015662719
45,4,10,150,34,0.0
46,4,10,150,34,0.11284514134893527
47,4,10,150,34,0.0
48,4,10,150,34,0.0
49,4,10,150,34,0.0
50,4,10,150,34,0.0
51,4,10,150,34,0.16812753627111746
52,4,10,150,34,0.0
54,4,10,150,34,0.0
56,4,10,150,34,0.20383503459815738
57,4,10,150,34,0.23047740788088653
58,4,10,150,34,0.28294666822582426
59,4,10,150,34,0.19932172525453812
60,4,10,150,34,0.10892598114203371
61,4,10,150,34,0.0
62,4,10,150,34,0.08314631791322982
63,4,10,150,34,0.0
64,4,10,150,34,0.04238468688770069
65,4,10,150,34,0.13012668333070054
66,4,10,150,34,0.0
67,4,10,150,34,0.0
68,4,10,150,34,0.4176344875447225
69,4,10,150,34,0.07673373981757839
70,4,10,150,34,0.0
71,4,10,150,34,0.0
72,4,10,150,34,0.0
73,4,10,150,34,0.0
74,4,10,150,34,0.0
75,4,10,150,34,0.049432410190049694
76,4,10,150,34,0.1301464707340554
77,4,10,150,34,0.05381256178894041
78,4,10,150,34,0.0
79,4,10,150,34,0.27487633291429087
80,4,10,150,34,0.0
81,4,10,150,34,0.0
82,4,10,150,34,0.19298623480417013
83,4,10,150,34,0.12089611529519323
84,4,10,150,34,0.0
85,4,10,150,34,0.0
87,4,10,150,34,0.07100089300395272
89,4,10,150,34,0.16716045496620227
90,4,10,150,34,0.0
91,4,10,150,34,0.0
92,4,10,150,34,0.10542637391232386
93,4,10,150,34,0.0
94,4,10,150,34,0.047900139877475545
95,4,10,150,34,0.15097216460709872
96,4,10,150,34,0.0
97,4,10,150,34,0.0
98,4,10,150,34,0.0930297504356062
99,4,10,150,34,0.05658242244874664
100,4,10,150,34,0.0
101,4,10,150,34,0.0
102,4,10,150,34,0.0
103,4,10,150,34,0.0
104,4,10,150,34,0.0
105,4,10,150,34,0.0
106,4,10,150,34,0.0
107,4,10,150,34,0.0
108,4,10,150,34,0.0
109,4,10,150,34,0.07103066762111539
110,4,10,150,34,0.0
111,4,10,150,34,0.0
112,4,10,150,34,0.0
113,4,10,150,34,0.0
114,4,10,150,34,0.0
115,4,10,150,34,0.10684080426179023
116,4,10,150,34,0.0
117,4,10,150,34,0.14606834984270645
118,4,10,150,34,0.0
119,4,10,150,34,0.18374222286855332
120,4,10,150,34,0.0
121,4,10,150,34,0.2147325744928709
122,4,10,150,34,0.1530100230930498
123,4,10,150,34,0.0
125,4,10,150,34,0.12702645795516354
126,4,10,150,34,0.06911917000496234
127,4,10,150,34,0.10253313861822189
128,4,10,150,34,0.03233829114831982
129,4,10,150,34,0.0
130,4,10,150,34,0.16099269493775217
131,4,10,150,34,0.0
133,4,10,150,34,0.11047239495909743
134,4,10,150,34,0.0
135,4,10,150,34,0.0
137,4,10,150,34,0.0
138,4,10,150,34,0.0
139,4,10,150,34,0.0
141,4,10,150,34,0.0
142,4,10,150,34,0.13373003436102654
143,4,10,150,34,0.0
144,4,10,150,34,0.1227945149537572
145,4,10,150,34,0.08829985348038716
146,4,10,150,34,0.0
148,4,10,150,34,0.0
149,4,10,150,34,0.0
150,4,10,150,34,0.10235170428306553
151,4,10,150,34,0.035510009908414325
152,4,10,150,34,0.0
153,4,10,150,34,0.0
154,4,10,150,34,0.0
155,4,10,150,34,0.0
156,4,10,150,34,0.0
158,4,10,150,34,0.14391090187484273
159,4,10,150,34,0.0
160,4,10,150,34,0.0
161,4,10,150,34,0.0
162,4,10,150,34,0.0
163,4,10,150,34,0.0
164,4,10,150,34,0.0
165,4,10,150,34,0.12114889742360979
166,4,10,150,34,0.0
167,4,10,150,34,0.0
168,4,10,150,34,0.23504554941448536
169,4,10,150,34,0.0
170,4,10,150,34,0.0
171,4,10,150,34,0.0
172,4,10,150,34,0.0
173,4,10,150,34,0.0
174,4,10,150,34,0.060961917527339995
175,4,10,150,34,0.0
176,4,10,150,34,0.0
177,4,10,150,34,0.06912040963822193
178,4,10,150,34,0.21869354042431444
179,4,10,150,34,0.06723507268634088
180,4,10,150,34,0.12262943855309168
181,4,10,150,34,0.0
182,4,10,150,34,0.0
183,4,10,150,34,0.0
184,4,10,150,34,0.09303069037986347
185,4,10,150,34,0.07745351606183934
186,4,10,150,34,0.22147164648185297
187,4,10,150,34,0.0
188,4,10,150,34,0.054384419234677496
189,4,10,150,34,0.18472415061971442
190,4,10,150,34,0.10699313236726378
191,4,10,150,34,0.0
192,4,10,150,34,0.0
193,4,10,150,34,0.0
194,4,10,150,34,0.0
195,4,10,150,34,0.0
196,4,10,150,34,0.0
197,4,10,150,34,0.0
198,4,10,150,34,0.0
199,4,10,150,34,0.0
200,4,10,150,34,0.03719976603506465
201,4,10,150,34,0.038874437676124675
203,4,10,150,34,0.0
204,4,10,150,34,0.0
205,4,10,150,34,0.0
206,4,10,150,34,0.0
207,4,10,150,34,0.0
209,4,10,150,34,0.0
210,4,10,150,34,0.06648469969095826
211,4,10,150,34,0.0
212,4,10,150,34,0.12681701683239352
213,4,10,150,34,0.19336468350582656
214,4,10,150,34,0.056720838976548935
215,4,10,150,34,0.0
216,4,10,150,34,0.0
217,4,10,150,34,0.0
218,4,10,150,34,0.19092086617893467
219,4,10,150,34,0.0
221,4,10,150,34,0.3375735570145491
222,4,10,150,34,0.10673735808523115
223,4,10,150,34,0.0
224,4,10,150,34,0.0
225,4,10,150,34,0.0
226,4,10,150,34,0.0
227,4,10,150,34,0.0
228,4,10,150,34,0.0
229,4,10,150,34,0.0
230,4,10,150,34,0.18892580735141576
231,4,10,150,34,0.0
232,4,10,150,34,0.3234992853586256
233,4,10,150,34,0.0968152409481219
234,4,10,150,34,0.0
235,4,10,150,34,0.06065881345112158
236,4,10,150,34,0.0
237,4,10,150,34,0.0
238,4,10,150,34,0.0
239,4,10,150,34,0.060772229737720354
240,4,10,150,34,0.05497526658285817
242,4,10,150,34,0.0
243,4,10,150,34,0.05446333035917803
244,4,10,150,34,0.0897700875992608
245,4,10,150,34,0.0
246,4,10,150,34,0.08041927109478651
247,4,10,150,34,0.0
248,4,10,150,34,0.14830051302014485
249,4,10,150,34,0.16110371389527117
250,4,10,150,34,0.3039989562789163
251,4,10,150,34,0.0
252,4,10,150,34,0.0
253,4,10,150,34,0.05954496680255472
254,4,10,150,34,0.0
255,4,10,150,34,0.0
256,4,10,150,34,0.16583176898817792
257,4,10,150,34,0.3305900772260718
258,4,10,150,34,0.0
259,4,10,150,34,0.0
260,4,10,150,34,0.0
261,4,10,150,34,0.0
262,4,10,150,34,0.0
263,4,10,150,34,0.0975109251896312
264,4,10,150,34,0.0
265,4,10,150,34,0.10209739512291163
267,4,10,150,34,0.09794101962538232
268,4,10,150,34,0.040466532906672535
269,4,10,150,34,0.11154069665984502
270,4,10,150,34,0.0
271,4,10,150,34,0.12276482551434069
272,4,10,150,34,0.09109240322345806
273,4,10,150,34,0.0
274,4,10,150,34,0.0
275,4,10,150,34,0.0
276,4,10,150,34,0.1975826131084349
277,4,10,150,34,0.0
279,4,10,150,34,0.07237075888592598
280,4,10,150,34,0.03337620304869898
281,4,10,150,34,0.0
283,4,10,150,34,0.07132875491150918
284,4,10,150,34,0.0
285,4,10,150,34,0.1185995982858366
286,4,10,150,34,0.23960576911381382
287,4,10,150,34,0.06364028872631156
288,4,10,150,34,0.0
289,4,10,150,34,0.13905617951077562
290,4,10,150,34,0.0
291,4,10,150,34,0.20851885144675267
292,4,10,150,34,0.0
293,4,10,150,34,0.06886690743551852
294,4,10,150,34,0.04123398036294628
295,4,10,150,34,0.23611013359098149
296,4,10,150,34,0.47774763069170006
297,4,10,150,34,0.08043477786221322
298,4,10,150,34,0.17110977534502889
299,4,10,150,34,0.0
300,4,10,150,34,0.0
301,4,10,150,34,0.047934103497110726
303,4,10,150,34,0.11390687212846413
304,4,10,150,34,0.0
305,4,10,150,34,0.31514747987601716
306,4,10,150,34,0.0
307,4,10,150,34,0.1383141340724969
308,4,10,150,34,0.15269555842056493
309,4,10,150,34,0.0
310,4,10,150,34,0.0
311,4,10,150,34,0.06712613803507668
312,4,10,150,34,0.07579200366109638
313,4,10,150,34,0.14465709645474623
314,4,10,150,34,0.16328939412592594
315,4,10,150,34,0.0
316,4,10,150,34,0.04568304891751105
317,4,10,150,34,0.0
318,4,10,150,34,0.10118786565551004
319,4,10,150,34,0.0
320,4,10,150,34,0.0
321,4,10,150,34,0.062242588308449316
322,4,10,150,34,0.17342765698823945
323,4,10,150,34,0.14126697285982898
324,4,10,150,34,0.0
325,4,10,150,34,0.0
326,4,10,150,34,0.036356287988538835
327,4,10,150,34,0.0
328,4,10,150,34,0.11968995195076808
329,4,10,150,34,0.0
330,4,10,150,34,0.0536466452928127
331,4,10,150,34,0.16958010263680806
332,4,10,150,34,0.0
333,4,10,150,34,0.0
334,4,10,150,34,0.074669328745955
336,4,10,150,34,0.0
337,4,10,150,34,0.16716045496620227
338,4,10,150,34,0.0
339,4,10,150,34,0.06608282041002614
340,4,10,150,34,0.0
341,4,10,150,34,0.0
342,4,10,150,34,0.2625072992734236
343,4,10,150,34,0.23617544027995818
344,4,10,150,34,0.23832550406045652
345,4,10,150,34,0.056149696530797676
346,4,10,150,34,0.13947804593499064
347,4,10,150,34,0.03232623375868038
348,4,10,150,34,0.0
349,4,10,150,34,0.07673373981757839
350,4,10,150,34,0.0
351,4,10,150,34,0.0
352,4,10,150,34,0.0
353,4,10,150,34,0.0
354,4,10,150,34,0.051249224710132255
355,4,10,150,34,0.0
356,4,10,150,34,0.08406376813555873
357,4,10,150,34,0.0
358,4,10,150,34,0.20438239758848611
359,4,10,150,34,0.0
360,4,10,150,34,0.03588081068184636
361,4,10,150,34,0.09622728274290568
362,4,10,150,34,0.0
363,4,10,150,34,0.1803013146105011
364,4,10,150,34,0.0
365,4,10,150,34,0.0
366,4,10,150,34,0.0
367,4,10,150,34,0.0
368,4,10,150,34,0.0
369,4,10,150,34,0.0
370,4,10,150,34,0.09092803061897883
371,4,10,150,34,0.16676134190097475
372,4,10,150,34,0.0
373,4,10,150,34,0.035769798946978335
374,4,10,150,34,0.05211433621940002
375,4,10,150,34,0.0
376,4,10,150,34,0.0
377,4,10,150,34,0.0
378,4,10,150,34,0.17712682501773833
379,4,10,150,34,0.07386135250503313
380,4,10,150,34,0.0
381,4,10,150,34,0.05105625351125917
382,4,10,150,34,0.0
383,4,10,150,34,0.04838338183089434
384,4,10,150,34,0.0
385,4,10,150,34,0.0
386,4,10,150,34,0.0
387,4,10,150,34,0.10926514111503138
388,4,10,150,34,0.0
389,4,10,150,34,0.12419123143547287
390,4,10,150,34,0.0
391,4,10,150,34,0.2137247802747043
392,4,10,150,34,0.0
393,4,10,150,34,0.0
394,4,10,150,34,0.11073655428626575
395,4,10,150,34,0.04931346192675315
396,4,10,150,34,0.0
397,4,10,150,34,0.22320497122386787
398,4,10,150,34,0.1418968660083944
399,4,10,150,34,0.0
400,4,10,150,34,0.0
401,4,10,150,34,0.0
402,4,10,150,34,0.08963222225173058
403,4,10,150,34,0.0
404,4,10,150,34,0.0
405,4,10,150,34,0.063401477059351
406,4,10,150,34,0.2188777307243575
407,4,10,150,34,0.04270006763257965
408,4,10,150,34,0.0
409,4,10,150,34,0.10914342353313093
410,4,10,150,34,0.0
411,4,10,150,34,0.0
412,4,10,150,34,0.0
413,4,10,150,34,0.0
414,4,10,150,34,0.0
415,4,10,150,34,0.08035849674662018
416,4,10,150,34,0.18735583224858904
417,4,10,150,34,0.10339598058646274
418,4,10,150,34,0.0
419,4,10,150,34,0.1208113026994942
420,4,10,150,34,0.06052048269976269
421,4,10,150,34,0.05954496680255472
422,4,10,150,34,0.04320473659574256
423,4,10,150,34,0.053845569940583225
424,4,10,150,34,0.23504554941448536
425,4,10,150,34,0.1674157226455415
426,4,10,150,34,0.040759261617270684
427,4,10,150,34,0.0
428,4,10,150,34,0.0
429,4,10,150,34,0.21568897194431125
430,4,10,150,34,0.0
431,4,10,150,34,0.0
432,4,10,150,34,0.0
433,4,10,150,34,0.05780921899607981
434,4,10,150,34,0.15130120674940672
435,4,10,150,34,0.18053883433470605
436,4,10,150,34,0.0
437,4,10,150,34,0.07336291806952099
438,4,10,150,34,0.0
439,4,10,150,34,0.0
440,4,10,150,34,0.0
441,4,10,150,34,0.0
442,4,10,150,34,0.040949887133979804
443,4,10,150,34,0.06783204105472322
444,4,10,150,34,0.1312721899408984
445,4,10,150,34,0.0
446,4,10,150,34,0.0
447,4,10,150,34,0.16246725303708914
448,4,10,150,34,0.0
449,4,10,150,34,0.1511226181481109
450,4,10,150,34,0.2969602196375503
451,4,10,150,34,0.031239484277305284
452,4,10,150,34,0.10773098771530253
453,4,10,150,34,0.0
454,4,10,150,34,0.0
455,4,10,150,34,0.063401477059351
456,4,10,150,34,0.0
457,4,10,150,34,0.32556893824084504
458,4,10,150,34,0.04926693941311216
459,4,10,150,34,0.0
460,4,10,150,34,0.05184030722866645
461,4,10,150,34,0.0
462,4,10,150,34,0.0
463,4,10,150,34,0.11987424504051505
464,4,10,150,34,0.0
465,4,10,150,34,0.0
466,4,10,150,34,0.0
467,4,10,150,34,0.07807600999842033
468,4,10,150,34,0.09063580949954383
469,4,10,150,34,0.0
470,4,10,150,34,0.0
471,4,10,150,34,0.0
472,4,10,150,34,0.04687253264856295
473,4,10,150,34,0.0
474,4,10,150,34,0.23508994130036415
475,4,10,150,34,0.0
476,4,10,150,34,0.0
477,4,10,150,34,0.0
478,4,10,150,34,0.2345109835167376
479,4,10,150,34,0.10172348796286074
480,4,10,150,34,0.0
481,4,10,150,34,0.10388675010296258
482,4,10,150,34,0.0
483,4,10,150,34,0.05658242244874664
484,4,10,150,34,0.2723783861819967
485,4,10,150,34,0.0
486,4,10,150,34,0.0
487,4,10,150,34,0.09892966492272445
488,4,10,150,34,0.0
489,4,10,150,34,0.0
490,4,10,150,34,0.0
491,4,10,150,34,0.06362078819895171
492,4,10,150,34,0.0
493,4,10,150,34,0.05484179250244328
494,4,10,150,34,0.0
495,4,10,150,34,0.08236691174555452
496,4,10,150,34,0.02649996754880397
497,4,10,150,34,0.06374651349543875
498,4,10,150,34,0.0
499,4,10,150,34,0.0
500,4,10,150,34,0.10812095686850261
501,4,10,150,34,0.0
502,4,10,150,34,0.0
503,4,10,150,34,0.020097792725880793
504,4,10,150,34,0.09384207114445153
505,4,10,150,34,0.07379217622092994
506,4,10,150,34,0.11584155415708913
507,4,10,150,34,0.05319635904163211
508,4,10,150,34,0.0
509,4,10,150,34,0.0
510,4,10,150,34,0.0
511,4,10,150,34,0.0
512,4,10,150,34,0.0
513,4,10,150,34,0.0
514,4,10,150,34,0.26165390302277464
515,4,10,150,34,0.11706259313796354
516,4,10,150,34,0.0
517,4,10,150,34,0.0
518,4,10,150,34,0.0
519,4,10,150,34,0.0
520,4,10,150,34,0.0
521,4,10,150,34,0.09850628252086785
522,4,10,150,34,0.0
523,4,10,150,34,0.032114893884379984
524,4,10,150,34,0.17724090960862476
525,4,10,150,34,0.0
526,4,10,150,34,0.04972780777662495
527,4,10,150,34,0.12457616906232613
528,4,10,150,34,0.10209739512291163
529,4,10,150,34,0.0
530,4,10,150,34,0.0
531,4,10,150,34,0.07738888769495082
532,4,10,150,34,0.3056314150136628
533,4,10,150,34,0.12226441106367165
534,4,10,150,34,0.047934103497110726
535,4,10,150,34,0.14250493520324414
536,4,10,150,34,0.07205736635480697
537,4,10,150,34,0.3456214346247965
538,4,10,150,34,0.14697776980950736
539,4,10,150,34,0.0
540,4,10,150,34,0.0
541,4,10,150,34,0.0
542,4,10,150,34,0.049033875503285806
543,4,10,150,34,0.0
544,4,10,150,34,0.0
545,4,10,150,34,0.022878347340805464
546,4,10,150,34,0.05758752804519195
547,4,10,150,34,0.0
548,4,10,150,34,0.1103190733436671
549,4,10,150,34,0.0
550,4,10,150,34,0.0
551,4,10,150,34,0.08571753543463916
552,4,10,150,34,0.1205344274731702
553,4,10,150,34,0.04743759234968417
554,4,10,150,34,0.12627825946936164
555,4,10,150,34,0.0
556,4,10,150,34,0.040419659112753054
557,4,10,150,34,0.0
558,4,10,150,34,0.0
559,4,10,150,34,0.04366879852493834
560,4,10,150,34,0.06536545161870184
561,4,10,150,34,0.03349632120980132
562,4,10,150,34,0.0
563,4,10,150,34,0.0
564,4,10,150,34,0.08498983725535779
565,4,10,150,34,0.0
566,4,10,150,34,0.03579489106983033
567,4,10,150,34,0.10597151720142271
568,4,10,150,34,0.036155150901276155
569,4,10,150,34,0.18299769260789403
570,4,10,150,34,0.0
571,4,10,150,34,0.0
572,4,10,150,34,0.16812753627111746
573,4,10,150,34,0.06437746926759551
574,4,10,150,34,0.051811563545175146
575,4,10,150,34,0.0
576,4,10,150,34,0.0
577,4,10,150,34,0.21894127515548728
578,4,10,150,34,0.0
579,4,10,150,34,0.0
580,4,10,150,34,0.12128674553236206
581,4,10,150,34,0.0
582,4,10,150,34,0.0
583,4,10,150,34,0.0
584,4,10,150,34,0.06323567569191428
585,4,10,150,34,0.04173963774222741
586,4,10,150,34,0.063401477059351
587,4,10,150,34,0.0
588,4,10,150,34,0.12270352918760306
589,4,10,150,34,0.0
590,4,10,150,34,0.053845569940583225
591,4,10,150,34,0.0
592,4,10,150,34,0.37511734866511764
593,4,10,150,34,0.024098506230842615
594,4,10,150,34,0.0
595,4,10,150,34,0.03995808168017168
596,4,10,150,34,0.0
597,4,10,150,34,0.27101620591530523
598,4,10,150,34,0.0684591776394769
599,4,10,150,34,0.0
600,4,10,150,34,0.031239484277305284
601,4,10,150,34,0.0
602,4,10,150,34,0.0
603,4,10,150,34,0.0
604,4,10,150,34,0.0
605,4,10,150,34,0.23939908411991156
606,4,10,150,34,0.21260234207110965
607,4,10,150,34,0.0
608,4,10,150,34,0.041164487935275156
609,4,10,150,34,0.0
610,4,10,150,34,0.19303241878686786
611,4,10,150,34,0.0
612,4,10,150,34,0.0
613,4,10,150,34,0.04578230021840749
614,4,10,150,34,0.0
615,4,10,150,34,0.027541830374730368
616,4,10,150,34,0.0
617,4,10,150,34,0.0
618,4,10,150,34,0.15627488046779472
619,4,10,150,34,0.03620451724718618
620,4,10,150,34,0.029327299035175076
621,4,10,150,34,0.10422565006502053
622,4,10,150,34,0.24324473937034027
623,4,10,150,34,0.0
624,4,10,150,34,0.0
625,4,10,150,34,0.0
626,4,10,150,34,0.06228974831361337
627,4,10,150,34,0.06840048188762507
628,4,10,150,34,0.0
629,4,10,150,34,0.052386073390020105
630,4,10,150,34,0.14941637269895475
631,4,10,150,34,0.0
632,4,10,150,34,0.12112269717167994
633,4,10,150,34,0.07414861528507455
634,4,10,150,34,0.022534029495918394
635,4,10,150,34,0.0
636,4,10,150,34,0.06364028872631156
637,4,10,150,34,0.0
638,4,10,150,34,0.09712868482236708
639,4,10,150,34,0.0
640,4,10,150,34,0.030877778553209584
641,4,10,150,34,0.07675099783970546
642,4,10,150,34,0.11778670216050852
643,4,10,150,34,0.16261704463404666
644,4,10,150,34,0.04935421935348238
645,4,10,150,34,0.18609159224621497
646,4,10,150,34,0.0
647,4,10,150,34,0.030218457878623886
648,4,10,150,34,0.14465756567215882
649,4,10,150,34,0.15489949502599
650,4,10,150,34,0.07043419305179827
651,4,10,150,34,0.0
652,4,10,150,34,0.0
653,4,10,150,34,0.16553527164982745
654,4,10,150,34,0.20633707693980627
655,4,10,150,34,0.022878347340805464
656,4,10,150,34,0.07397229644086958
657,4,10,150,34,0.0
658,4,10,150,34,0.22745389188843176
659,4,10,150,34,0.10067449036087162
660,4,10,150,34,0.0
661,4,10,150,34,0.07365682341669831
662,4,10,150,34,0.0512644431393966
663,4,10,150,34,0.2829324772856304
664,4,10,150,34,0.36960776696752995
665,4,10,150,34,0.0
666,4,10,150,34,0.2909188513988887
667,4,10,150,34,0.1593472521587426
668,4,10,150,34,0.06194403202282284
669,4,10,150,34,0.07941370599111754
670,4,10,150,34,0.06613087842005526
671,4,10,150,34,0.13192372921824305
672,4,10,150,34,0.0
673,4,10,150,34,0.0
674,4,10,150,34,0.06123763026386081
675,4,10,150,34,0.0
676,4,10,150,34,0.11582866341850039
677,4,10,150,34,0.03314040476303028
678,4,10,150,34,0.0
679,4,10,150,34,0.15527711509166947
680,4,10,150,34,0.0
681,4,10,150,34,0.0
682,4,10,150,34,0.1824258411685942
683,4,10,150,34,0.0
684,4,10,150,34,0.06573003977381581
685,4,10,150,34,0.1906465758273748
686,4,10,150,34,0.07277260183012466
687,4,10,150,34,0.0
688,4,10,150,34,0.0
689,4,10,150,34,0.15001451003751623
690,4,10,150,34,0.08968638748098648
691,4,10,150,34,0.05446824630887794
692,4,10,150,34,0.09052881616458627
693,4,10,150,34,0.0
694,4,10,150,34,0.13096244482587888
695,4,10,150,34,0.0
696,4,10,150,34,0.039725595076707886
697,4,10,150,34,0.023456906405016697
698,4,10,150,34,0.05211433621940002
699,4,10,150,34,0.063401477059351
700,4,10,150,34,0.12729890218214104
701,4,10,150,34,0.0
702,4,10,150,34,0.037715680681715956
703,4,10,150,34,0.09261220774116596
704,4,10,150,34,0.1122793559641569
705,4,10,150,34,0.13680028502720482
706,4,10,150,34,0.04395738023645723
707,4,10,150,34,0.04581874937164842
708,4,10,150,34,0.052053674193544515
709,4,10,150,34,0.16255118908254165
710,4,10,150,34,0.10695361352497157
711,4,10,150,34,0.16396070776021968
712,4,10,150,34,0.13497374306363788
713,4,10,150,34,0.1468735732232516
714,4,10,150,34,0.0
715,4,10,150,34,0.0
716,4,10,150,34,0.20938271668791558
717,4,10,150,34,0.024098506230842615
718,4,10,150,34,0.035328385129692476
719,4,10,150,34,0.09883437846193516
720,4,10,150,34,0.0
721,4,10,150,34,0.1441173135219676
722,4,10,150,34,0.06556429791586475
723,4,10,150,34,0.0
724,4,10,150,34,0.0
725,4,10,150,34,0.0
726,4,10,150,34,0.05010834716923557
727,4,10,150,34,0.1975145758234596
728,4,10,150,34,0.09627818061559096
729,4,10,150,34,0.0
730,4,10,150,34,0.0
731,4,10,150,34,0.09388827751441965
732,4,10,150,34,0.0
733,4,10,150,34,0.14731968693706465
734,4,10,150,34,0.0
735,4,10,150,34,0.0
736,4,10,150,34,0.0
737,4,10,150,34,0.04395738023645723
738,4,10,150,34,0.192610565190247
739,4,10,150,34,0.03855307727568851
740,4,10,150,34,0.0
741,4,10,150,34,0.06465687141809721
742,4,10,150,34,0.0488929053971083
743,4,10,150,34,0.0
744,4,10,150,34,0.0
745,4,10,150,34,0.03520132288421838
746,4,10,150,34,0.23491487959421534
747,4,10,150,34,0.441575267971124
748,4,10,150,34,0.10543112140644136
749,4,10,150,34,0.15638820671286302
750,4,10,150,34,0.041278922835426404
751,4,10,150,34,0.07567195280446569
752,4,10,150,34,0.0
753,4,10,150,34,0.15780803084928155
754,4,10,150,34,0.0
755,4,10,150,34,0.03855371268423985
756,4,10,150,34,0.03349632120980132
757,4,10,150,34,0.0
758,4,10,150,34,0.26651258706213826
759,4,10,150,34,0.049710505523782283
760,4,10,150,34,0.0
761,4,10,150,34,0.02459490482356159
762,4,10,150,34,0.051960280791503534
763,4,10,150,34,0.03579489106983033
764,4,10,150,34,0.11277843143845623
765,4,10,150,34,0.15066101840234988
766,4,10,150,34,0.03579489106983033
767,4,10,150,34,0.06994410797740244
768,4,10,150,34,0.060133059387366614
769,4,10,150,34,0.0
770,4,10,150,34,0.1912123147921425
771,4,10,150,34,0.2192447252418897
772,4,10,150,34,0.0
773,4,10,150,34,0.11779427018770292
774,4,10,150,34,0.04082408974034433
775,4,10,150,34,0.0
776,4,10,150,34,0.0894599102453195
777,4,10,150,34,0.0
778,4,10,150,34,0.14142149673809498
779,4,10,150,34,0.0
780,4,10,150,34,0.030023253564245667
781,4,10,150,34,0.06605409437043552
782,4,10,150,34,0.06603038974764887
783,4,10,150,34,0.0
784,4,10,150,34,0.0
785,4,10,150,34,0.0
786,4,10,150,34,0.0
787,4,10,150,34,0.0
788,4,10,150,34,0.3135086138611441
789,4,10,150,34,0.08809718769055445
790,4,10,150,34,0.0
791,4,10,150,34,0.04465281017341861
792,4,10,150,34,0.06658592494149675
793,4,10,150,34,0.0
794,4,10,150,34,0.0
795,4,10,150,34,0.0
796,4,10,150,34,0.4476971683989689
797,4,10,150,34,0.04001677477281075
798,4,10,150,34,0.063401477059351
799,4,10,150,34,0.0
800,4,10,150,34,0.0
801,4,10,150,34,0.1561471668577559
802,4,10,150,34,0.05124850302776537
803,4,10,150,34,0.036404262410258695
804,4,10,150,34,0.18638154032644974
805,4,10,150,34,0.14477718109734286
806,4,10,150,34,0.34762160397131037
807,4,10,150,34,0.11001738376198168
808,4,10,150,34,0.0
809,4,10,150,34,0.0
810,4,10,150,34,0.0
811,4,10,150,34,0.0
812,4,10,150,34,0.0
813,4,10,150,34,0.0
814,4,10,150,34,0.0
815,4,10,150,34,0.1833342312409718
816,4,10,150,34,0.0
817,4,10,150,34,0.0
818,4,10,150,34,0.05516788910004661
819,4,10,150,34,0.037210602758860095
820,4,10,150,34,0.0
821,4,10,150,34,0.2411264212661731
822,4,10,150,34,0.0
823,4,10,150,34,0.24325297694491552
824,4,10,150,34,0.05046096657376444
825,4,10,150,34,0.038874437676124675
826,4,10,150,34,0.14052484386196137
827,4,10,150,34,0.0
828,4,10,150,34,0.052386073390020105
829,4,10,150,34,0.15110239493068348
830,4,10,150,34,0.14145609853334007
831,4,10,150,34,0.2012012161696454
832,4,10,150,34,0.0
833,4,10,150,34,0.17174048019583332
834,4,10,150,34,0.24251121723036934
835,4,10,150,34,0.043563682201150075
836,4,10,150,34,0.1068899734619443
837,4,10,150,34,0.0
838,4,10,150,34,0.2551165828895388
839,4,10,150,34,0.03983635556421846
840,4,10,150,34,0.39053953489279997
841,4,10,150,34,0.0
842,4,10,150,34,0.0
843,4,10,150,34,0.0
844,4,10,150,34,0.0430032315592279
845,4,10,150,34,0.0
846,4,10,150,34,0.4054424178735554
847,4,10,150,34,0.06519705973947681
848,4,10,150,34,0.0
849,4,10,150,34,0.0
850,4,10,150,34,0.20938747063345256
851,4,10,150,34,0.0531285396264429
852,4,10,150,34,0.23690281265915858
853,4,10,150,34,0.0
854,4,10,150,34,0.0
855,4,10,150,34,0.0
856,4,10,150,34,0.0
857,4,10,150,34,0.0
858,4,10,150,34,0.10250982096838526
859,4,10,150,34,0.0
860,4,10,150,34,0.0
861,4,10,150,34,0.03709674194804795
862,4,10,150,34,0.09021753073740597
863,4,10,150,34,0.0
864,4,10,150,34,0.45823063615781906
865,4,10,150,34,0.033438075019306616
866,4,10,150,34,0.11045880330464496
867,4,10,150,34,0.1344353918823863
868,4,10,150,34,0.2924697940625829
869,4,10,150,34,0.03406297225598251
870,4,10,150,34,0.3749101757991111
871,4,10,150,34,0.08133760814167011
872,4,10,150,34,0.02804794621397926
873,4,10,150,34,0.0
874,4,10,150,34,0.13944914190808633
875,4,10,150,34,0.1350915230819016
876,4,10,150,34,0.08671382849411972
877,4,10,150,34,0.07529335159303291
878,4,10,150,34,0.2361190794296817
879,4,10,150,34,0.03963466998423315
880,4,10,150,34,0.4707395816366114
881,4,10,150,34,0.08523695271015788
882,4,10,150,34,0.21367584919973726
883,4,10,150,34,0.4299012802699503
884,4,10,150,34,0.09113547509404434
885,4,10,150,34,0.05390619001897505
886,4,10,150,34,0.20993067681741254
887,4,10,150,34,0.0861781413988178
888,4,10,150,34,0.11625487663628292
889,4,10,150,34,0.0
890,4,10,150,34,0.06264213001151019
891,4,10,150,34,0.03339755935325358
892,4,10,150,34,0.3140292070752619
893,4,10,150,34,0.10869735563398858
894,4,10,150,34,0.14696837814063687
895,4,10,150,34,0.0
896,4,10,150,34,0.3976807230571186
897,4,10,150,34,0.29801529309457925
898,4,10,150,34,0.0
899,4,10,150,34,0.08540878275026775
900,4,10,150,34,0.03232193387019919
901,4,10,150,34,0.19415345970232284
902,4,10,150,34,0.0316088333445714
903,4,10,150,34,0.26376063041680337
904,4,10,150,34,0.0
905,4,10,150,34,0.0
906,4,10,150,34,0.07382476677972956
907,4,10,150,34,0.038874437676124675
908,4,10,150,34,0.06892767477436933
909,4,10,150,34,0.0
910,4,10,150,34,0.0
911,4,10,150,34,0.09384571749949347
912,4,10,150,34,0.1328892265512611
913,4,10,150,34,0.0616578316160623
914,4,10,150,34,0.0
915,4,10,150,34,0.0
916,4,10,150,34,0.3858735193223721
917,4,10,150,34,0.0
918,4,10,150,34,0.05024448181470198
919,4,10,150,34,0.15464123187315265
920,4,10,150,34,0.0
921,4,10,150,34,0.16518358221603754
922,4,10,150,34,0.16143294868550942
923,4,10,150,34,0.0
924,4,10,150,34,0.0
925,4,10,150,34,0.0
926,4,10,150,34,0.0
927,4,10,150,34,0.045870563291536735
928,4,10,150,34,0.1482972305701491
929,4,10,150,34,0.25163227912988373
930,4,10,150,34,0.0
931,4,10,150,34,0.061687570642613335
932,4,10,150,34,0.2815846537174854
933,4,10,150,34,0.03349632120980132
934,4,10,150,34,0.12822616549361524
935,4,10,150,34,0.04173963774222741
936,4,10,150,34,0.14725032502689198
937,4,10,150,34,0.0
938,4,10,150,34,0.1077474440460911
939,4,10,150,34,0.0
940,4,10,150,34,0.057434011559967364
941,4,10,150,34,0.0
942,4,10,150,34,0.04927547640673503
943,4,10,150,34,0.23127680526149513
1,4,10,150,35,0.4058715898896693
2,4,10,150,35,0.0
3,4,10,150,35,0.0
4,4,10,150,35,0.0
5,4,10,150,35,0.040209635547393256
6,4,10,150,35,0.27020011346731576
7,4,10,150,35,0.2722127059876824
8,4,10,150,35,0.0
9,4,10,150,35,0.21840743681816419
10,4,10,150,35,0.07023180797790304
11,4,10,150,35,0.1722584975122812
12,4,10,150,35,0.0
13,4,10,150,35,0.23966861618036328
14,4,10,150,35,0.0
15,4,10,150,35,0.05010834716923557
16,4,10,150,35,0.053168340515114924
17,4,10,150,35,0.0
18,4,10,150,35,0.20717217840635824
19,4,10,150,35,0.0
20,4,10,150,35,0.0
21,4,10,150,35,0.0
22,4,10,150,35,0.11702382382650763
23,4,10,150,35,0.19906649093208975
24,4,10,150,35,0.0
25,4,10,150,35,0.12358102547512423
26,4,10,150,35,0.0
27,4,10,150,35,0.0
28,4,10,150,35,0.0
29,4,10,150,35,0.13455232720853103
30,4,10,150,35,0.0
31,4,10,150,35,0.0
32,4,10,150,35,0.0
33,4,10,150,35,0.0
35,4,10,150,35,0.10523285614729473
36,4,10,150,35,0.0
37,4,10,150,35,0.0
38,4,10,150,35,0.04739418218477539
39,4,10,150,35,0.0
40,4,10,150,35,0.0
41,4,10,150,35,0.0
42,4,10,150,35,0.0683037314796457
43,4,10,150,35,0.22592974817952552
44,4,10,150,35,0.2044921015662719
45,4,10,150,35,0.0
46,4,10,150,35,0.11284514134893527
47,4,10,150,35,0.0
48,4,10,150,35,0.0
49,4,10,150,35,0.0
50,4,10,150,35,0.0
51,4,10,150,35,0.16812753627111746
52,4,10,150,35,0.0
54,4,10,150,35,0.0
56,4,10,150,35,0.20383503459815738
57,4,10,150,35,0.23047740788088653
58,4,10,150,35,0.3284106835353137
59,4,10,150,35,0.19932172525453812
60,4,10,150,35,0.10892598114203371
61,4,10,150,35,0.0
62,4,10,150,35,0.08314631791322982
63,4,10,150,35,0.0
64,4,10,150,35,0.04238468688770069
65,4,10,150,35,0.13012668333070054
66,4,10,150,35,0.0
67,4,10,150,35,0.0
68,4,10,150,35,0.4176344875447225
69,4,10,150,35,0.07673373981757839
70,4,10,150,35,0.0
71,4,10,150,35,0.0
72,4,10,150,35,0.0
73,4,10,150,35,0.0
74,4,10,150,35,0.0
75,4,10,150,35,0.049432410190049694
76,4,10,150,35,0.1301464707340554
77,4,10,150,35,0.05381256178894041
78,4,10,150,35,0.0
79,4,10,150,35,0.27487633291429087
80,4,10,150,35,0.0
81,4,10,150,35,0.0
82,4,10,150,35,0.19298623480417013
83,4,10,150,35,0.12089611529519323
84,4,10,150,35,0.0
85,4,10,150,35,0.0
87,4,10,150,35,0.07100089300395272
89,4,10,150,35,0.16716045496620227
90,4,10,150,35,0.0
91,4,10,150,35,0.0
92,4,10,150,35,0.10542637391232386
93,4,10,150,35,0.0
94,4,10,150,35,0.047900139877475545
95,4,10,150,35,0.15097216460709872
96,4,10,150,35,0.0
97,4,10,150,35,0.0
98,4,10,150,35,0.0930297504356062
99,4,10,150,35,0.05658242244874664
100,4,10,150,35,0.0
101,4,10,150,35,0.0
102,4,10,150,35,0.0
103,4,10,150,35,0.0
104,4,10,150,35,0.0
105,4,10,150,35,0.0
106,4,10,150,35,0.0
107,4,10,150,35,0.0
108,4,10,150,35,0.0
109,4,10,150,35,0.07103066762111539
110,4,10,150,35,0.0
111,4,10,150,35,0.0
112,4,10,150,35,0.0
113,4,10,150,35,0.053168340515114924
114,4,10,150,35,0.0
115,4,10,150,35,0.10684080426179023
116,4,10,150,35,0.0
117,4,10,150,35,0.14606834984270645
118,4,10,150,35,0.0
119,4,10,150,35,0.18374222286855332
120,4,10,150,35,0.0
121,4,10,150,35,0.2147325744928709
122,4,10,150,35,0.1530100230930498
123,4,10,150,35,0.0
125,4,10,150,35,0.12702645795516354
126,4,10,150,35,0.06911917000496234
127,4,10,150,35,0.10253313861822189
128,4,10,150,35,0.03233829114831982
129,4,10,150,35,0.0
130,4,10,150,35,0.16099269493775217
131,4,10,150,35,0.0
133,4,10,150,35,0.11047239495909743
134,4,10,150,35,0.0
135,4,10,150,35,0.0
137,4,10,150,35,0.0
138,4,10,150,35,0.0
139,4,10,150,35,0.0
141,4,10,150,35,0.0
142,4,10,150,35,0.13373003436102654
143,4,10,150,35,0.0
144,4,10,150,35,0.1227945149537572
145,4,10,150,35,0.08829985348038716
146,4,10,150,35,0.0
148,4,10,150,35,0.0
149,4,10,150,35,0.0
150,4,10,150,35,0.10235170428306553
151,4,10,150,35,0.06298430394440727
152,4,10,150,35,0.0
153,4,10,150,35,0.0
154,4,10,150,35,0.0
155,4,10,150,35,0.0
156,4,10,150,35,0.0
158,4,10,150,35,0.14391090187484273
159,4,10,150,35,0.0
160,4,10,150,35,0.0
161,4,10,150,35,0.0
162,4,10,150,35,0.0
163,4,10,150,35,0.0
164,4,10,150,35,0.0
165,4,10,150,35,0.12114889742360979
166,4,10,150,35,0.0
167,4,10,150,35,0.0
168,4,10,150,35,0.23504554941448536
169,4,10,150,35,0.0
170,4,10,150,35,0.0
171,4,10,150,35,0.0
172,4,10,150,35,0.0
173,4,10,150,35,0.0
174,4,10,150,35,0.060961917527339995
175,4,10,150,35,0.0
176,4,10,150,35,0.0
177,4,10,150,35,0.06912040963822193
178,4,10,150,35,0.21869354042431444
179,4,10,150,35,0.06723507268634088
180,4,10,150,35,0.12262943855309168
181,4,10,150,35,0.0
182,4,10,150,35,0.0
183,4,10,150,35,0.0
184,4,10,150,35,0.09303069037986347
185,4,10,150,35,0.07745351606183934
186,4,10,150,35,0.22147164648185297
187,4,10,150,35,0.0
188,4,10,150,35,0.054384419234677496
189,4,10,150,35,0.18472415061971442
190,4,10,150,35,0.10699313236726378
191,4,10,150,35,0.0
192,4,10,150,35,0.0
193,4,10,150,35,0.0
194,4,10,150,35,0.0
195,4,10,150,35,0.0
196,4,10,150,35,0.0
197,4,10,150,35,0.0
198,4,10,150,35,0.0
199,4,10,150,35,0.0
200,4,10,150,35,0.03719976603506465
201,4,10,150,35,0.038133233668310756
203,4,10,150,35,0.0
204,4,10,150,35,0.0
205,4,10,150,35,0.0
206,4,10,150,35,0.0
207,4,10,150,35,0.0
209,4,10,150,35,0.0
210,4,10,150,35,0.06648469969095826
211,4,10,150,35,0.0
212,4,10,150,35,0.12681701683239352
213,4,10,150,35,0.19336468350582656
214,4,10,150,35,0.056720838976548935
215,4,10,150,35,0.0
216,4,10,150,35,0.0
217,4,10,150,35,0.0
218,4,10,150,35,0.19092086617893467
219,4,10,150,35,0.0
221,4,10,150,35,0.3375735570145491
222,4,10,150,35,0.12376885461088538
223,4,10,150,35,0.0
224,4,10,150,35,0.0
225,4,10,150,35,0.0
226,4,10,150,35,0.0
227,4,10,150,35,0.0
228,4,10,150,35,0.0
229,4,10,150,35,0.0
230,4,10,150,35,0.18892580735141576
231,4,10,150,35,0.0
232,4,10,150,35,0.3234992853586256
233,4,10,150,35,0.0968152409481219
234,4,10,150,35,0.0
235,4,10,150,35,0.06065881345112158
236,4,10,150,35,0.0
237,4,10,150,35,0.0
238,4,10,150,35,0.0
239,4,10,150,35,0.060772229737720354
240,4,10,150,35,0.05497526658285817
242,4,10,150,35,0.0
243,4,10,150,35,0.05446333035917803
244,4,10,150,35,0.0897700875992608
245,4,10,150,35,0.0
246,4,10,150,35,0.08041927109478651
247,4,10,150,35,0.0
248,4,10,150,35,0.14830051302014485
249,4,10,150,35,0.16110371389527117
250,4,10,150,35,0.3039989562789163
251,4,10,150,35,0.0
252,4,10,150,35,0.0
253,4,10,150,35,0.05954496680255472
254,4,10,150,35,0.0
255,4,10,150,35,0.0
256,4,10,150,35,0.16583176898817792
257,4,10,150,35,0.3305900772260718
258,4,10,150,35,0.0
259,4,10,150,35,0.0
260,4,10,150,35,0.0
261,4,10,150,35,0.0
262,4,10,150,35,0.0
263,4,10,150,35,0.0975109251896312
264,4,10,150,35,0.0
265,4,10,150,35,0.10209739512291163
267,4,10,150,35,0.09794101962538232
268,4,10,150,35,0.040466532906672535
269,4,10,150,35,0.11154069665984502
270,4,10,150,35,0.0
271,4,10,150,35,0.12276482551434069
272,4,10,150,35,0.09109240322345806
273,4,10,150,35,0.0
274,4,10,150,35,0.0
275,4,10,150,35,0.0
276,4,10,150,35,0.19381538113120522
277,4,10,150,35,0.0
279,4,10,150,35,0.070990893356251
280,4,10,150,35,0.03337620304869898
281,4,10,150,35,0.0
283,4,10,150,35,0.07132875491150918
284,4,10,150,35,0.0
285,4,10,150,35,0.1185995982858366
286,4,10,150,35,0.23960576911381382
287,4,10,150,35,0.06364028872631156
288,4,10,150,35,0.04257155882081049
289,4,10,150,35,0.13905617951077562
290,4,10,150,35,0.0
291,4,10,150,35,0.2045431024035193
292,4,10,150,35,0.04546401530948942
293,4,10,150,35,0.06886690743551852
294,4,10,150,35,0.04123398036294628
295,4,10,150,35,0.23611013359098149
296,4,10,150,35,0.47774763069170006
297,4,10,150,35,0.08043477786221322
298,4,10,150,35,0.17110977534502889
299,4,10,150,35,0.0
300,4,10,150,35,0.0
301,4,10,150,35,0.047934103497110726
303,4,10,150,35,0.11173505344281359
304,4,10,150,35,0.0
305,4,10,150,35,0.31514747987601716
306,4,10,150,35,0.0
307,4,10,150,35,0.1383141340724969
308,4,10,150,35,0.15269555842056493
309,4,10,150,35,0.0
310,4,10,150,35,0.0
311,4,10,150,35,0.06712613803507668
312,4,10,150,35,0.07579200366109638
313,4,10,150,35,0.14465709645474623
314,4,10,150,35,0.16328939412592594
315,4,10,150,35,0.0
316,4,10,150,35,0.04568304891751105
317,4,10,150,35,0.0
318,4,10,150,35,0.10118786565551004
319,4,10,150,35,0.0
320,4,10,150,35,0.0
321,4,10,150,35,0.062242588308449316
322,4,10,150,35,0.17342765698823945
323,4,10,150,35,0.14126697285982898
324,4,10,150,35,0.0
325,4,10,150,35,0.0
326,4,10,150,35,0.036356287988538835
327,4,10,150,35,0.0
328,4,10,150,35,0.11968995195076808
329,4,10,150,35,0.0
330,4,10,150,35,0.0536466452928127
331,4,10,150,35,0.16958010263680806
332,4,10,150,35,0.0
333,4,10,150,35,0.0
334,4,10,150,35,0.0732456372654923
336,4,10,150,35,0.0
337,4,10,150,35,0.16716045496620227
338,4,10,150,35,0.0
339,4,10,150,35,0.06608282041002614
340,4,10,150,35,0.0
341,4,10,150,35,0.0
342,4,10,150,35,0.2625072992734236
343,4,10,150,35,0.23617544027995818
344,4,10,150,35,0.23832550406045652
345,4,10,150,35,0.056149696530797676
346,4,10,150,35,0.13947804593499064
347,4,10,150,35,0.03232623375868038
348,4,10,150,35,0.0
349,4,10,150,35,0.07673373981757839
350,4,10,150,35,0.0
351,4,10,150,35,0.0
352,4,10,150,35,0.0
353,4,10,150,35,0.0
354,4,10,150,35,0.051249224710132255
355,4,10,150,35,0.0
356,4,10,150,35,0.08406376813555873
357,4,10,150,35,0.0
358,4,10,150,35,0.20438239758848611
359,4,10,150,35,0.0
360,4,10,150,35,0.03588081068184636
361,4,10,150,35,0.09622728274290568
362,4,10,150,35,0.0
363,4,10,150,35,0.1803013146105011
364,4,10,150,35,0.0
365,4,10,150,35,0.0
366,4,10,150,35,0.0
367,4,10,150,35,0.0
368,4,10,150,35,0.0
369,4,10,150,35,0.0
370,4,10,150,35,0.09092803061897883
371,4,10,150,35,0.16676134190097475
372,4,10,150,35,0.0
373,4,10,150,35,0.035769798946978335
374,4,10,150,35,0.051120692139138384
375,4,10,150,35,0.0
376,4,10,150,35,0.0
377,4,10,150,35,0.0
378,4,10,150,35,0.17374961571407466
379,4,10,150,35,0.07386135250503313
380,4,10,150,35,0.0
381,4,10,150,35,0.05105625351125917
382,4,10,150,35,0.0
383,4,10,150,35,0.04838338183089434
384,4,10,150,35,0.0
385,4,10,150,35,0.0
386,4,10,150,35,0.0
387,4,10,150,35,0.10718182453606118
388,4,10,150,35,0.0
389,4,10,150,35,0.12419123143547287
390,4,10,150,35,0.0
391,4,10,150,35,0.2137247802747043
392,4,10,150,35,0.0
393,4,10,150,35,0.0
394,4,10,150,35,0.11073655428626575
395,4,10,150,35,0.04931346192675315
396,4,10,150,35,0.0
397,4,10,150,35,0.22320497122386787
398,4,10,150,35,0.1418968660083944
399,4,10,150,35,0.0
400,4,10,150,35,0.0
401,4,10,150,35,0.0
402,4,10,150,35,0.08963222225173058
403,4,10,150,35,0.0
404,4,10,150,35,0.0
405,4,10,150,35,0.062192625389540866
406,4,10,150,35,0.21470447289910677
407,4,10,150,35,0.04270006763257965
408,4,10,150,35,0.0
409,4,10,150,35,0.10914342353313093
410,4,10,150,35,0.0
411,4,10,150,35,0.0
412,4,10,150,35,0.0
413,4,10,150,35,0.0
414,4,10,150,35,0.0
415,4,10,150,35,0.08035849674662018
416,4,10,150,35,0.1837835903834609
417,4,10,150,35,0.1014245690424289
418,4,10,150,35,0.0
419,4,10,150,35,0.1208113026994942
420,4,10,150,35,0.06052048269976269
421,4,10,150,35,0.05954496680255472
422,4,10,150,35,0.04320473659574256
423,4,10,150,35,0.053845569940583225
424,4,10,150,35,0.23504554941448536
425,4,10,150,35,0.1674157226455415
426,4,10,150,35,0.040759261617270684
427,4,10,150,35,0.0
428,4,10,150,35,0.0
429,4,10,150,35,0.2115765129608962
430,4,10,150,35,0.0
431,4,10,150,35,0.0
432,4,10,150,35,0.0
433,4,10,150,35,0.05780921899607981
434,4,10,150,35,0.15130120674940672
435,4,10,150,35,0.19616318639091654
436,4,10,150,35,0.0
437,4,10,150,35,0.07336291806952099
438,4,10,150,35,0.0
439,4,10,150,35,0.0
440,4,10,150,35,0.0
441,4,10,150,35,0.0
442,4,10,150,35,0.040949887133979804
443,4,10,150,35,0.06783204105472322
444,4,10,150,35,0.1312721899408984
445,4,10,150,35,0.0
446,4,10,150,35,0.0
447,4,10,150,35,0.16246725303708914
448,4,10,150,35,0.0
449,4,10,150,35,0.1511226181481109
450,4,10,150,35,0.2912981929147345
451,4,10,150,35,0.031239484277305284
452,4,10,150,35,0.10773098771530253
453,4,10,150,35,0.0
454,4,10,150,35,0.0
455,4,10,150,35,0.063401477059351
456,4,10,150,35,0.0
457,4,10,150,35,0.3193614400423041
458,4,10,150,35,0.04926693941311216
459,4,10,150,35,0.0
460,4,10,150,35,0.05184030722866645
461,4,10,150,35,0.0
462,4,10,150,35,0.0
463,4,10,150,35,0.11987424504051505
464,4,10,150,35,0.0
465,4,10,150,35,0.0
466,4,10,150,35,0.0
467,4,10,150,35,0.07807600999842033
468,4,10,150,35,0.09063580949954383
469,4,10,150,35,0.0
470,4,10,150,35,0.0
471,4,10,150,35,0.0
472,4,10,150,35,0.04597883202850637
473,4,10,150,35,0.0
474,4,10,150,35,0.23060757146802605
475,4,10,150,35,0.0
476,4,10,150,35,0.0
477,4,10,150,35,0.0
478,4,10,150,35,0.2345109835167376
479,4,10,150,35,0.10172348796286074
480,4,10,150,35,0.0
481,4,10,150,35,0.10388675010296258
482,4,10,150,35,0.0
483,4,10,150,35,0.05658242244874664
484,4,10,150,35,0.2723783861819967
485,4,10,150,35,0.0
486,4,10,150,35,0.0
487,4,10,150,35,0.09704341090811149
488,4,10,150,35,0.0
489,4,10,150,35,0.0
490,4,10,150,35,0.0
491,4,10,150,35,0.06362078819895171
492,4,10,150,35,0.0
493,4,10,150,35,0.05484179250244328
494,4,10,150,35,0.0
495,4,10,150,35,0.08079645339948935
496,4,10,150,35,0.02649996754880397
497,4,10,150,35,0.06253108314810792
498,4,10,150,35,0.0
499,4,10,150,35,0.0
500,4,10,150,35,0.10605945601214864
501,4,10,150,35,0.0
502,4,10,150,35,0.0
503,4,10,150,35,0.01971459581276415
504,4,10,150,35,0.09205282033101674
505,4,10,150,35,0.07379217622092994
506,4,10,150,35,0.11363284763050287
507,4,10,150,35,0.05319635904163211
508,4,10,150,35,0.0
509,4,10,150,35,0.0
510,4,10,150,35,0.0
511,4,10,150,35,0.0
512,4,10,150,35,0.0
513,4,10,150,35,0.0
514,4,10,150,35,0.2566650483106782
515,4,10,150,35,0.11706259313796354
516,4,10,150,35,0.0
517,4,10,150,35,0.0
518,4,10,150,35,0.0
519,4,10,150,35,0.0
520,4,10,150,35,0.0
521,4,10,150,35,0.09850628252086785
522,4,10,150,35,0.0
523,4,10,150,35,0.032114893884379984
524,4,10,150,35,0.17386152509777997
525,4,10,150,35,0.0
526,4,10,150,35,0.04972780777662495
527,4,10,150,35,0.12457616906232613
528,4,10,150,35,0.10209739512291163
529,4,10,150,35,0.0
530,4,10,150,35,0.0
531,4,10,150,35,0.07738888769495082
532,4,10,150,35,0.29980405793111664
533,4,10,150,35,0.11993324238546697
534,4,10,150,35,0.047934103497110726
535,4,10,150,35,0.13978784820674775
536,4,10,150,35,0.09414825230406802
537,4,10,150,35,0.33903160316113445
538,4,10,150,35,0.14697776980950736
539,4,10,150,35,0.0
540,4,10,150,35,0.0
541,4,10,150,35,0.0
542,4,10,150,35,0.049033875503285806
543,4,10,150,35,0.0
544,4,10,150,35,0.0
545,4,10,150,35,0.02244213465825961
546,4,10,150,35,0.05758752804519195
547,4,10,150,35,0.0
548,4,10,150,35,0.1103190733436671
549,4,10,150,35,0.0
550,4,10,150,35,0.0
551,4,10,150,35,0.08408319203053877
552,4,10,150,35,0.1205344274731702
553,4,10,150,35,0.04743759234968417
554,4,10,150,35,0.12627825946936164
555,4,10,150,35,0.0
556,4,10,150,35,0.040419659112753054
557,4,10,150,35,0.0
558,4,10,150,35,0.0
559,4,10,150,35,0.04366879852493834
560,4,10,150,35,0.09375790921485552
561,4,10,150,35,0.032857659687940244
562,4,10,150,35,0.0
563,4,10,150,35,0.0
564,4,10,150,35,0.08498983725535779
565,4,10,150,35,0.0
566,4,10,150,35,0.03579489106983033
567,4,10,150,35,0.12663324119363792
568,4,10,150,35,0.036155150901276155
569,4,10,150,35,0.18299769260789403
570,4,10,150,35,0.0
571,4,10,150,35,0.0
572,4,10,150,35,0.16812753627111746
573,4,10,150,35,0.06437746926759551
574,4,10,150,35,0.051811563545175146
575,4,10,150,35,0.0
576,4,10,150,35,0.0
577,4,10,150,35,0.21476680575291623
578,4,10,150,35,0.0
579,4,10,150,35,0.0
580,4,10,150,35,0.12128674553236206
581,4,10,150,35,0.0
582,4,10,150,35,0.0
583,4,10,150,35,0.0
584,4,10,150,35,0.06323567569191428
585,4,10,150,35,0.04173963774222741
586,4,10,150,35,0.062192625389540866
587,4,10,150,35,0.0
588,4,10,150,35,0.12036398801238445
589,4,10,150,35,0.0
590,4,10,150,35,0.053845569940583225
591,4,10,150,35,0.0
592,4,10,150,35,0.3679651299102756
593,4,10,150,35,0.024098506230842615
594,4,10,150,35,0.0
595,4,10,150,35,0.03995808168017168
596,4,10,150,35,0.0
597,4,10,150,35,0.27101620591530523
598,4,10,150,35,0.0684591776394769
599,4,10,150,35,0.0
600,4,10,150,35,0.061720443040975285
601,4,10,150,35,0.0
602,4,10,150,35,0.0
603,4,10,150,35,0.0
604,4,10,150,35,0.0
605,4,10,150,35,0.23939908411991156
606,4,10,150,35,0.2085487346767958
607,4,10,150,35,0.0
608,4,10,150,35,0.040379620416639055
609,4,10,150,35,0.0
610,4,10,150,35,0.19303241878686786
611,4,10,150,35,0.0
612,4,10,150,35,0.0
613,4,10,150,35,0.04578230021840749
614,4,10,150,35,0.0
615,4,10,150,35,0.027541830374730368
616,4,10,150,35,0.0
617,4,10,150,35,0.0
618,4,10,150,35,0.15329524720111187
619,4,10,150,35,0.03620451724718618
620,4,10,150,35,0.029327299035175076
621,4,10,150,35,0.10223841953094004
622,4,10,150,35,0.23860688512784203
623,4,10,150,35,0.0
624,4,10,150,35,0.019066616834155378
625,4,10,150,35,0.0
626,4,10,150,35,0.06228974831361337
627,4,10,150,35,0.06709631610820214
628,4,10,150,35,0.0
629,4,10,150,35,0.07182329222808244
630,4,10,150,35,0.14656750797195445
631,4,10,150,35,0.0
632,4,10,150,35,0.12112269717167994
633,4,10,150,35,0.07414861528507455
634,4,10,150,35,0.022104381789790163
635,4,10,150,35,0.04546401530948942
636,4,10,150,35,0.06364028872631156
637,4,10,150,35,0.0
638,4,10,150,35,0.09712868482236708
639,4,10,150,35,0.0
640,4,10,150,35,0.030877778553209584
641,4,10,150,35,0.07675099783970546
642,4,10,150,35,0.11554090824225532
643,4,10,150,35,0.15951648775330657
644,4,10,150,35,0.04935421935348238
645,4,10,150,35,0.1825434551607985
646,4,10,150,35,0.0
647,4,10,150,35,0.030218457878623886
648,4,10,150,35,0.14189943529532612
649,4,10,150,35,0.15489949502599
650,4,10,150,35,0.0690912512808567
651,4,10,150,35,0.0
652,4,10,150,35,0.0
653,4,10,150,35,0.16237907405274238
654,4,10,150,35,0.20240292695511536
655,4,10,150,35,0.02244213465825961
656,4,10,150,35,0.07397229644086958
657,4,10,150,35,0.0
658,4,10,150,35,0.22745389188843176
659,4,10,150,35,0.09875496842818701
660,4,10,150,35,0.0
661,4,10,150,35,0.07225243698739109
662,4,10,150,35,0.0512644431393966
663,4,10,150,35,0.277537912151287
664,4,10,150,35,0.3625605972958323
665,4,10,150,35,0.0
666,4,10,150,35,0.2853720131294335
667,4,10,150,35,0.1593472521587426
668,4,10,150,35,0.06194403202282284
669,4,10,150,35,0.07941370599111754
670,4,10,150,35,0.06613087842005526
671,4,10,150,35,0.12940839002190596
672,4,10,150,35,0.0
673,4,10,150,35,0.0
674,4,10,150,35,0.06123763026386081
675,4,10,150,35,0.0
676,4,10,150,35,0.11582866341850039
677,4,10,150,35,0.03314040476303028
678,4,10,150,35,0.0
679,4,10,150,35,0.15527711509166947
680,4,10,150,35,0.0
681,4,10,150,35,0.0
682,4,10,150,35,0.17894759755438414
683,4,10,150,35,0.0
684,4,10,150,35,0.06573003977381581
685,4,10,150,35,0.1906465758273748
686,4,10,150,35,0.07277260183012466
687,4,10,150,35,0.0
688,4,10,150,35,0.0
689,4,10,150,35,0.15001451003751623
690,4,10,150,35,0.08797637149564694
691,4,10,150,35,0.05446824630887794
692,4,10,150,35,0.09052881616458627
693,4,10,150,35,0.0
694,4,10,150,35,0.12846543407071964
695,4,10,150,35,0.0
696,4,10,150,35,0.039725595076707886
697,4,10,150,35,0.023456906405016697
698,4,10,150,35,0.051120692139138384
699,4,10,150,35,0.062192625389540866
700,4,10,150,35,0.12729890218214104
701,4,10,150,35,0.0
702,4,10,150,35,0.037715680681715956
703,4,10,150,35,0.09261220774116596
704,4,10,150,35,0.1122793559641569
705,4,10,150,35,0.1341919664097879
706,4,10,150,35,0.04395738023645723
707,4,10,150,35,0.044945140833559
708,4,10,150,35,0.052053674193544515
709,4,10,150,35,0.1594518878443685
710,4,10,150,35,0.10695361352497157
711,4,10,150,35,0.16083453176949866
712,4,10,150,35,0.13240025042197176
713,4,10,150,35,0.1468735732232516
714,4,10,150,35,0.0
715,4,10,150,35,0.0
716,4,10,150,35,0.2053904966571326
717,4,10,150,35,0.023639029246263633
718,4,10,150,35,0.035328385129692476
719,4,10,150,35,0.09883437846193516
720,4,10,150,35,0.0
721,4,10,150,35,0.14136948392587642
722,4,10,150,35,0.06556429791586475
723,4,10,150,35,0.0
724,4,10,150,35,0.0
725,4,10,150,35,0.0
726,4,10,150,35,0.05010834716923557
727,4,10,150,35,0.193748641087073
728,4,10,150,35,0.09627818061559096
729,4,10,150,35,0.0
730,4,10,150,35,0.0
731,4,10,150,35,0.09388827751441965
732,4,10,150,35,0.0
733,4,10,150,35,0.14451079891410792
734,4,10,150,35,0.0
735,4,10,150,35,0.0
736,4,10,150,35,0.0
737,4,10,150,35,0.04395738023645723
738,4,10,150,35,0.18893813334555448
739,4,10,150,35,0.03855307727568851
740,4,10,150,35,0.0
741,4,10,150,35,0.06342408362507311
742,4,10,150,35,0.0488929053971083
743,4,10,150,35,0.0
744,4,10,150,35,0.0
745,4,10,150,35,0.03520132288421838
746,4,10,150,35,0.23491487959421534
747,4,10,150,35,0.43315592153327914
748,4,10,150,35,0.10342090661218943
749,4,10,150,35,0.1534064126980882
750,4,10,150,35,0.041278922835426404
751,4,10,150,35,0.07422914467525066
752,4,10,150,35,0.0
753,4,10,150,35,0.15780803084928155
754,4,10,150,35,0.0
755,4,10,150,35,0.03855371268423985
756,4,10,150,35,0.032857659687940244
757,4,10,150,35,0.0
758,4,10,150,35,0.28049771051730044
759,4,10,150,35,0.049710505523782283
760,4,10,150,35,0.0
761,4,10,150,35,0.02459490482356159
762,4,10,150,35,0.051960280791503534
763,4,10,150,35,0.03511240359718155
764,4,10,150,35,0.11062812829906213
765,4,10,150,35,0.15066101840234988
766,4,10,150,35,0.03511240359718155
767,4,10,150,35,0.06994410797740244
768,4,10,150,35,0.060133059387366614
769,4,10,150,35,0.0
770,4,10,150,35,0.1912123147921425
771,4,10,150,35,0.2192447252418897
772,4,10,150,35,0.0
773,4,10,150,35,0.11554833197277503
774,4,10,150,35,0.040045712463662016
775,4,10,150,35,0.0
776,4,10,150,35,0.08775421241465407
777,4,10,150,35,0.0
778,4,10,150,35,0.14142149673809498
779,4,10,150,35,0.0
780,4,10,150,35,0.030023253564245667
781,4,10,150,35,0.0944465519665892
782,4,10,150,35,0.0647714136069205
783,4,10,150,35,0.0
784,4,10,150,35,0.0
785,4,10,150,35,0.0
786,4,10,150,35,0.0
787,4,10,150,35,0.0
788,4,10,150,35,0.3075310652464465
789,4,10,150,35,0.08809718769055445
790,4,10,150,35,0.0
791,4,10,150,35,0.04465281017341861
792,4,10,150,35,0.06658592494149675
793,4,10,150,35,0.0
794,4,10,150,35,0.0
795,4,10,150,35,0.0
796,4,10,150,35,0.43916109803136943
797,4,10,150,35,0.07799758411617824
798,4,10,150,35,0.062192625389540866
799,4,10,150,35,0.0
800,4,10,150,35,0.0
801,4,10,150,35,0.1561471668577559
802,4,10,150,35,0.05124850302776537
803,4,10,150,35,0.036404262410258695
804,4,10,150,35,0.20189449174624105
805,4,10,150,35,0.1420167700590307
806,4,10,150,35,0.3409936360451149
807,4,10,150,35,0.12698634129485112
808,4,10,150,35,0.0
809,4,10,150,35,0.0
810,4,10,150,35,0.0
811,4,10,150,35,0.0
812,4,10,150,35,0.0
813,4,10,150,35,0.0
814,4,10,150,35,0.0
815,4,10,150,35,0.1798386677013158
816,4,10,150,35,0.0
817,4,10,150,35,0.0
818,4,10,150,35,0.05516788910004661
819,4,10,150,35,0.037210602758860095
820,4,10,150,35,0.0
821,4,10,150,35,0.2411264212661731
822,4,10,150,35,0.0
823,4,10,150,35,0.25768158247389455
824,4,10,150,35,0.05046096657376444
825,4,10,150,35,0.038133233668310756
826,4,10,150,35,0.13784551050836585
827,4,10,150,35,0.0
828,4,10,150,35,0.051387248201246655
829,4,10,150,35,0.15110239493068348
830,4,10,150,35,0.13875900930375037
831,4,10,150,35,0.19736498967437272
832,4,10,150,35,0.0
833,4,10,150,35,0.16846597026502555
834,4,10,150,35,0.24251121723036934
835,4,10,150,35,0.061799686998891205
836,4,10,150,35,0.1068899734619443
837,4,10,150,35,0.0
838,4,10,150,35,0.25025237275554496
839,4,10,150,35,0.03983635556421846
840,4,10,150,35,0.3830932672224097
841,4,10,150,35,0.0
842,4,10,150,35,0.0
843,4,10,150,35,0.0
844,4,10,150,35,0.04218330542045765
845,4,10,150,35,0.0
846,4,10,150,35,0.4167786194778022
847,4,10,150,35,0.06395397238271068
848,4,10,150,35,0.0
849,4,10,150,35,0.0
850,4,10,150,35,0.20938747063345256
851,4,10,150,35,0.05211555811842728
852,4,10,150,35,0.23690281265915858
853,4,10,150,35,0.0
854,4,10,150,35,0.0
855,4,10,150,35,0.0
856,4,10,150,35,0.0
857,4,10,150,35,0.0
858,4,10,150,35,0.10250982096838526
859,4,10,150,35,0.0
860,4,10,150,35,0.0
861,4,10,150,35,0.03709674194804795
862,4,10,150,35,0.08849738764711222
863,4,10,150,35,0.0
864,4,10,150,35,0.4685603450306821
865,4,10,150,35,0.033438075019306616
866,4,10,150,35,0.11045880330464496
867,4,10,150,35,0.1318721637764153
868,4,10,150,35,0.2868933845636273
869,4,10,150,35,0.03406297225598251
870,4,10,150,35,0.3677619071299237
871,4,10,150,35,0.07978677513302622
872,4,10,150,35,0.02804794621397926
873,4,10,150,35,0.0
874,4,10,150,35,0.13944914190808633
875,4,10,150,35,0.13251578477375653
876,4,10,150,35,0.08671382849411972
877,4,10,150,35,0.07385776210804922
878,4,10,150,35,0.23161708741496248
879,4,10,150,35,0.03963466998423315
880,4,10,150,35,0.4808307872390309
881,4,10,150,35,0.08361177239272229
882,4,10,150,35,0.20960177365633312
883,4,10,150,35,0.4407711341166857
884,4,10,150,35,0.09113547509404434
885,4,10,150,35,0.05287838134889409
886,4,10,150,35,0.20592800904080005
887,4,10,150,35,0.08453501579728688
888,4,10,150,35,0.11625487663628292
889,4,10,150,35,0.0
890,4,10,150,35,0.08051437335506076
891,4,10,150,35,0.03339755935325358
892,4,10,150,35,0.3271083493433796
893,4,10,150,35,0.10869735563398858
894,4,10,150,35,0.1441661883878921
895,4,10,150,35,0.0
896,4,10,150,35,0.39009829708825866
897,4,10,150,35,0.31139976652458184
898,4,10,150,35,0.0
899,4,10,150,35,0.08378032621529678
900,4,10,150,35,0.03232193387019919
901,4,10,150,35,0.19045161007915304
902,4,10,150,35,0.0316088333445714
903,4,10,150,35,0.2587316075407109
904,4,10,150,35,0.0
905,4,10,150,35,0.0
906,4,10,150,35,0.07382476677972956
907,4,10,150,35,0.038133233668310756
908,4,10,150,35,0.06892767477436933
909,4,10,150,35,0.0
910,4,10,150,35,0.0
911,4,10,150,35,0.09205639716240425
912,4,10,150,35,0.1328892265512611
913,4,10,150,35,0.06048222536581398
914,4,10,150,35,0.0
915,4,10,150,35,0.0
916,4,10,150,35,0.37851621678300545
917,4,10,150,35,0.0
918,4,10,150,35,0.04928648953191037
919,4,10,150,35,0.15169274675826547
920,4,10,150,35,0.0
921,4,10,150,35,0.16203409014663117
922,4,10,150,35,0.15835496850851494
923,4,10,150,35,0.0
924,4,10,150,35,0.0
925,4,10,150,35,0.0
926,4,10,150,35,0.0
927,4,10,150,35,0.04499596683729014
928,4,10,150,35,0.1482972305701491
929,4,10,150,35,0.25163227912988373
930,4,10,150,35,0.0
931,4,10,150,35,0.08679587898287541
932,4,10,150,35,0.27621578701867583
933,4,10,150,35,0.032857659687940244
934,4,10,150,35,0.1257813263280355
935,4,10,150,35,0.04173963774222741
936,4,10,150,35,0.1444427595008994
937,4,10,150,35,0.0
938,4,10,150,35,0.1077474440460911
939,4,10,150,35,0.0
940,4,10,150,35,0.05633893926830502
941,4,10,150,35,0.0
942,4,10,150,35,0.04927547640673503
943,4,10,150,35,0.22686713903294667
1,4,10,150,36,0.4058715898896693
2,4,10,150,36,0.0
3,4,10,150,36,0.0
4,4,10,150,36,0.0
5,4,10,150,36,0.040209635547393256
6,4,10,150,36,0.27020011346731576
7,4,10,150,36,0.26715756578570155
8,4,10,150,36,0.0
9,4,10,150,36,0.21840743681816419
10,4,10,150,36,0.07023180797790304
11,4,10,150,36,0.1722584975122812
12,4,10,150,36,0.0
13,4,10,150,36,0.2352178376892913
14,4,10,150,36,0.0
15,4,10,150,36,0.05010834716923557
16,4,10,150,36,0.053168340515114924
17,4,10,150,36,0.0
18,4,10,150,36,0.20717217840635824
19,4,10,150,36,0.0
20,4,10,150,36,0.0
21,4,10,150,36,0.0
22,4,10,150,36,0.11702382382650763
23,4,10,150,36,0.19906649093208975
24,4,10,150,36,0.0
25,4,10,150,36,0.12358102547512423
26,4,10,150,36,0.0
27,4,10,150,36,0.0
28,4,10,150,36,0.0
29,4,10,150,36,0.13455232720853103
30,4,10,150,36,0.0
31,4,10,150,36,0.0
32,4,10,150,36,0.0
33,4,10,150,36,0.0
35,4,10,150,36,0.10523285614729473
36,4,10,150,36,0.0
37,4,10,150,36,0.0
38,4,10,150,36,0.04739418218477539
39,4,10,150,36,0.0
40,4,10,150,36,0.0
41,4,10,150,36,0.0
42,4,10,150,36,0.0683037314796457
43,4,10,150,36,0.22592974817952552
44,4,10,150,36,0.2044921015662719
45,4,10,150,36,0.0
46,4,10,150,36,0.11284514134893527
47,4,10,150,36,0.0
48,4,10,150,36,0.0
49,4,10,150,36,0.0
50,4,10,150,36,0.0
51,4,10,150,36,0.16812753627111746
52,4,10,150,36,0.0
54,4,10,150,36,0.0
56,4,10,150,36,0.20383503459815738
57,4,10,150,36,0.23047740788088653
58,4,10,150,36,0.3284106835353137
59,4,10,150,36,0.19932172525453812
60,4,10,150,36,0.10892598114203371
61,4,10,150,36,0.0
62,4,10,150,36,0.08314631791322982
63,4,10,150,36,0.0
64,4,10,150,36,0.04238468688770069
65,4,10,150,36,0.13012668333070054
66,4,10,150,36,0.0
67,4,10,150,36,0.0
68,4,10,150,36,0.4827392464262081
69,4,10,150,36,0.07673373981757839
70,4,10,150,36,0.0
71,4,10,150,36,0.0
72,4,10,150,36,0.0
73,4,10,150,36,0.0
74,4,10,150,36,0.0
75,4,10,150,36,0.049432410190049694
76,4,10,150,36,0.1301464707340554
77,4,10,150,36,0.05381256178894041
78,4,10,150,36,0.0
79,4,10,150,36,0.27487633291429087
80,4,10,150,36,0.0
81,4,10,150,36,0.0
82,4,10,150,36,0.19298623480417013
83,4,10,150,36,0.12089611529519323
84,4,10,150,36,0.0
85,4,10,150,36,0.0
87,4,10,150,36,0.07100089300395272
89,4,10,150,36,0.16716045496620227
90,4,10,150,36,0.0
91,4,10,150,36,0.0
92,4,10,150,36,0.10542637391232386
93,4,10,150,36,0.0
94,4,10,150,36,0.06797988006444197
95,4,10,150,36,0.15097216460709872
96,4,10,150,36,0.0
97,4,10,150,36,0.0
98,4,10,150,36,0.0930297504356062
99,4,10,150,36,0.05658242244874664
100,4,10,150,36,0.0
101,4,10,150,36,0.0
102,4,10,150,36,0.0
103,4,10,150,36,0.0
104,4,10,150,36,0.0
105,4,10,150,36,0.0
106,4,10,150,36,0.0
107,4,10,150,36,0.0
108,4,10,150,36,0.0
109,4,10,150,36,0.07103066762111539
110,4,10,150,36,0.0
111,4,10,150,36,0.0
112,4,10,150,36,0.0
113,4,10,150,36,0.053168340515114924
114,4,10,150,36,0.0
115,4,10,150,36,0.10684080426179023
116,4,10,150,36,0.0
117,4,10,150,36,0.14606834984270645
118,4,10,150,36,0.0
119,4,10,150,36,0.18374222286855332
120,4,10,150,36,0.0
121,4,10,150,36,0.2147325744928709
122,4,10,150,36,0.1530100230930498
123,4,10,150,36,0.0
125,4,10,150,36,0.12702645795516354
126,4,10,150,36,0.06911917000496234
127,4,10,150,36,0.10253313861822189
128,4,10,150,36,0.03233829114831982
129,4,10,150,36,0.0
130,4,10,150,36,0.16099269493775217
131,4,10,150,36,0.0
133,4,10,150,36,0.11047239495909743
134,4,10,150,36,0.0
135,4,10,150,36,0.0
137,4,10,150,36,0.0
138,4,10,150,36,0.0
139,4,10,150,36,0.0
141,4,10,150,36,0.0
142,4,10,150,36,0.13373003436102654
143,4,10,150,36,0.0
144,4,10,150,36,0.1227945149537572
145,4,10,150,36,0.08829985348038716
146,4,10,150,36,0.0
148,4,10,150,36,0.0
149,4,10,150,36,0.0
150,4,10,150,36,0.10235170428306553
151,4,10,150,36,0.06298430394440727
152,4,10,150,36,0.0
153,4,10,150,36,0.0
154,4,10,150,36,0.0
155,4,10,150,36,0.0
156,4,10,150,36,0.0
158,4,10,150,36,0.14391090187484273
159,4,10,150,36,0.0
160,4,10,150,36,0.0
161,4,10,150,36,0.0
162,4,10,150,36,0.0
163,4,10,150,36,0.0
164,4,10,150,36,0.0
165,4,10,150,36,0.12114889742360979
166,4,10,150,36,0.0
167,4,10,150,36,0.0
168,4,10,150,36,0.23504554941448536
169,4,10,150,36,0.0
170,4,10,150,36,0.0
171,4,10,150,36,0.0
172,4,10,150,36,0.0
173,4,10,150,36,0.0
174,4,10,150,36,0.060961917527339995
175,4,10,150,36,0.0
176,4,10,150,36,0.0
177,4,10,150,36,0.06912040963822193
178,4,10,150,36,0.21869354042431444
179,4,10,150,36,0.06723507268634088
180,4,10,150,36,0.12262943855309168
181,4,10,150,36,0.0
182,4,10,150,36,0.0
183,4,10,150,36,0.0
184,4,10,150,36,0.09303069037986347
185,4,10,150,36,0.07745351606183934
186,4,10,150,36,0.22147164648185297
187,4,10,150,36,0.0
188,4,10,150,36,0.054384419234677496
189,4,10,150,36,0.18472415061971442
190,4,10,150,36,0.10699313236726378
191,4,10,150,36,0.0
192,4,10,150,36,0.0
193,4,10,150,36,0.0
194,4,10,150,36,0.0
195,4,10,150,36,0.0
196,4,10,150,36,0.0
197,4,10,150,36,0.0
198,4,10,150,36,0.0
199,4,10,150,36,0.0
200,4,10,150,36,0.03719976603506465
201,4,10,150,36,0.03742507847089344
203,4,10,150,36,0.0
204,4,10,150,36,0.0
205,4,10,150,36,0.0
206,4,10,150,36,0.0
207,4,10,150,36,0.0
209,4,10,150,36,0.0
210,4,10,150,36,0.06648469969095826
211,4,10,150,36,0.0
212,4,10,150,36,0.12681701683239352
213,4,10,150,36,0.19336468350582656
214,4,10,150,36,0.056720838976548935
215,4,10,150,36,0.0
216,4,10,150,36,0.0
217,4,10,150,36,0.0
218,4,10,150,36,0.19092086617893467
219,4,10,150,36,0.0
221,4,10,150,36,0.3375735570145491
222,4,10,150,36,0.12147039866472936
223,4,10,150,36,0.0
224,4,10,150,36,0.0
225,4,10,150,36,0.0
226,4,10,150,36,0.0
227,4,10,150,36,0.0
228,4,10,150,36,0.0
229,4,10,150,36,0.0
230,4,10,150,36,0.18892580735141576
231,4,10,150,36,0.0
232,4,10,150,36,0.3234992853586256
233,4,10,150,36,0.0968152409481219
234,4,10,150,36,0.0
235,4,10,150,36,0.06065881345112158
236,4,10,150,36,0.0
237,4,10,150,36,0.0
238,4,10,150,36,0.0
239,4,10,150,36,0.060772229737720354
240,4,10,150,36,0.05497526658285817
242,4,10,150,36,0.0
243,4,10,150,36,0.05446333035917803
244,4,10,150,36,0.0897700875992608
245,4,10,150,36,0.0
246,4,10,150,36,0.08041927109478651
247,4,10,150,36,0.0
248,4,10,150,36,0.14830051302014485
249,4,10,150,36,0.16110371389527117
250,4,10,150,36,0.3039989562789163
251,4,10,150,36,0.0
252,4,10,150,36,0.0
253,4,10,150,36,0.05954496680255472
254,4,10,150,36,0.0
255,4,10,150,36,0.0
256,4,10,150,36,0.16583176898817792
257,4,10,150,36,0.3305900772260718
258,4,10,150,36,0.0
259,4,10,150,36,0.0
260,4,10,150,36,0.0
261,4,10,150,36,0.0
262,4,10,150,36,0.0
263,4,10,150,36,0.0975109251896312
264,4,10,150,36,0.0
265,4,10,150,36,0.10209739512291163
267,4,10,150,36,0.09794101962538232
268,4,10,150,36,0.040466532906672535
269,4,10,150,36,0.11154069665984502
270,4,10,150,36,0.0
271,4,10,150,36,0.12276482551434069
272,4,10,150,36,0.09109240322345806
273,4,10,150,36,0.0
274,4,10,150,36,0.0
275,4,10,150,36,0.0
276,4,10,150,36,0.1902161225243607
277,4,10,150,36,0.0
279,4,10,150,36,0.06967255328216218
280,4,10,150,36,0.03337620304869898
281,4,10,150,36,0.0
283,4,10,150,36,0.07132875491150918
284,4,10,150,36,0.0
285,4,10,150,36,0.1185995982858366
286,4,10,150,36,0.23960576911381382
287,4,10,150,36,0.06364028872631156
288,4,10,150,36,0.08482009256337293
289,4,10,150,36,0.13905617951077562
290,4,10,150,36,0.0
291,4,10,150,36,0.20074462409132507
292,4,10,150,36,0.04546401530948942
293,4,10,150,36,0.06886690743551852
294,4,10,150,36,0.04123398036294628
295,4,10,150,36,0.23611013359098149
296,4,10,150,36,0.47774763069170006
297,4,10,150,36,0.08043477786221322
298,4,10,150,36,0.17110977534502889
299,4,10,150,36,0.0
300,4,10,150,36,0.0
301,4,10,150,36,0.047934103497110726
303,4,10,150,36,0.10966007182658145
304,4,10,150,36,0.0
305,4,10,150,36,0.31514747987601716
306,4,10,150,36,0.0
307,4,10,150,36,0.1383141340724969
308,4,10,150,36,0.15269555842056493
309,4,10,150,36,0.0
310,4,10,150,36,0.0
311,4,10,150,36,0.06712613803507668
312,4,10,150,36,0.07579200366109638
313,4,10,150,36,0.14465709645474623
314,4,10,150,36,0.16328939412592594
315,4,10,150,36,0.0
316,4,10,150,36,0.04568304891751105
317,4,10,150,36,0.0
318,4,10,150,36,0.10118786565551004
319,4,10,150,36,0.0
320,4,10,150,36,0.0
321,4,10,150,36,0.062242588308449316
322,4,10,150,36,0.17342765698823945
323,4,10,150,36,0.14126697285982898
324,4,10,150,36,0.0
325,4,10,150,36,0.0
326,4,10,150,36,0.036356287988538835
327,4,10,150,36,0.0
328,4,10,150,36,0.11968995195076808
329,4,10,150,36,0.0
330,4,10,150,36,0.0536466452928127
331,4,10,150,36,0.16958010263680806
332,4,10,150,36,0.0
333,4,10,150,36,0.0
334,4,10,150,36,0.07188542535246994
336,4,10,150,36,0.0
337,4,10,150,36,0.16716045496620227
338,4,10,150,36,0.0
339,4,10,150,36,0.06608282041002614
340,4,10,150,36,0.0
341,4,10,150,36,0.0
342,4,10,150,36,0.2625072992734236
343,4,10,150,36,0.23617544027995818
344,4,10,150,36,0.23832550406045652
345,4,10,150,36,0.056149696530797676
346,4,10,150,36,0.13947804593499064
347,4,10,150,36,0.03232623375868038
348,4,10,150,36,0.0
349,4,10,150,36,0.07673373981757839
350,4,10,150,36,0.0749368547125808
351,4,10,150,36,0.0
352,4,10,150,36,0.0
353,4,10,150,36,0.0
354,4,10,150,36,0.051249224710132255
355,4,10,150,36,0.0
356,4,10,150,36,0.08406376813555873
357,4,10,150,36,0.0
358,4,10,150,36,0.20438239758848611
359,4,10,150,36,0.0
360,4,10,150,36,0.03588081068184636
361,4,10,150,36,0.09622728274290568
362,4,10,150,36,0.0
363,4,10,150,36,0.1803013146105011
364,4,10,150,36,0.0
365,4,10,150,36,0.0
366,4,10,150,36,0.0
367,4,10,150,36,0.0
368,4,10,150,36,0.0
369,4,10,150,36,0.0
370,4,10,150,36,0.09092803061897883
371,4,10,150,36,0.16676134190097475
372,4,10,150,36,0.0
373,4,10,150,36,0.035769798946978335
374,4,10,150,36,0.0501713526692999
375,4,10,150,36,0.0
376,4,10,150,36,0.0
377,4,10,150,36,0.0
378,4,10,150,36,0.17052298944661937
379,4,10,150,36,0.07386135250503313
380,4,10,150,36,0.0
381,4,10,150,36,0.05105625351125917
382,4,10,150,36,0.0
383,4,10,150,36,0.04838338183089434
384,4,10,150,36,0.0
385,4,10,150,36,0.0
386,4,10,150,36,0.0
387,4,10,150,36,0.1051913988938488
388,4,10,150,36,0.04511904280884329
389,4,10,150,36,0.12419123143547287
390,4,10,150,36,0.0
391,4,10,150,36,0.2137247802747043
392,4,10,150,36,0.0
393,4,10,150,36,0.0
394,4,10,150,36,0.11073655428626575
395,4,10,150,36,0.04931346192675315
396,4,10,150,36,0.0
397,4,10,150,36,0.22320497122386787
398,4,10,150,36,0.1418968660083944
399,4,10,150,36,0.0
400,4,10,150,36,0.0
401,4,10,150,36,0.0
402,4,10,150,36,0.08963222225173058
403,4,10,150,36,0.0
404,4,10,150,36,0.0
405,4,10,150,36,0.06103767400792671
406,4,10,150,36,0.21071729232809222
407,4,10,150,36,0.04270006763257965
408,4,10,150,36,0.0
409,4,10,150,36,0.10914342353313093
410,4,10,150,36,0.0
411,4,10,150,36,0.0
412,4,10,150,36,0.0
413,4,10,150,36,0.0
414,4,10,150,36,0.0
415,4,10,150,36,0.08035849674662018
416,4,10,150,36,0.18037062766799583
417,4,10,150,36,0.09954105881253476
418,4,10,150,36,0.0
419,4,10,150,36,0.1208113026994942
420,4,10,150,36,0.06052048269976269
421,4,10,150,36,0.05954496680255472
422,4,10,150,36,0.04320473659574256
423,4,10,150,36,0.053845569940583225
424,4,10,150,36,0.23504554941448536
425,4,10,150,36,0.1674157226455415
426,4,10,150,36,0.040759261617270684
427,4,10,150,36,0.0
428,4,10,150,36,0.0
429,4,10,150,36,0.2076474203324575
430,4,10,150,36,0.0
431,4,10,150,36,0.0
432,4,10,150,36,0.0
433,4,10,150,36,0.05780921899607981
434,4,10,150,36,0.15130120674940672
435,4,10,150,36,0.1925203277444937
436,4,10,150,36,0.0
437,4,10,150,36,0.07336291806952099
438,4,10,150,36,0.0
439,4,10,150,36,0.0
440,4,10,150,36,0.0
441,4,10,150,36,0.0
442,4,10,150,36,0.040949887133979804
443,4,10,150,36,0.06783204105472322
444,4,10,150,36,0.1312721899408984
445,4,10,150,36,0.0
446,4,10,150,36,0.0
447,4,10,150,36,0.16246725303708914
448,4,10,150,36,0.0
449,4,10,150,36,0.1511226181481109
450,4,10,150,36,0.2858886246860043
451,4,10,150,36,0.06148915918944534
452,4,10,150,36,0.10773098771530253
453,4,10,150,36,0.0
454,4,10,150,36,0.0
455,4,10,150,36,0.063401477059351
456,4,10,150,36,0.0
457,4,10,150,36,0.31343072182449466
458,4,10,150,36,0.04926693941311216
459,4,10,150,36,0.0
460,4,10,150,36,0.05184030722866645
461,4,10,150,36,0.0
462,4,10,150,36,0.0
463,4,10,150,36,0.11987424504051505
464,4,10,150,36,0.0
465,4,10,150,36,0.0
466,4,10,150,36,0.0
467,4,10,150,36,0.07807600999842033
468,4,10,150,36,0.09063580949954383
469,4,10,150,36,0.0
470,4,10,150,36,0.0
471,4,10,150,36,0.0
472,4,10,150,36,0.04512497973904731
473,4,10,150,36,0.0
474,4,10,150,36,0.2263250615786385
475,4,10,150,36,0.0
476,4,10,150,36,0.0
477,4,10,150,36,0.0
478,4,10,150,36,0.2345109835167376
479,4,10,150,36,0.10172348796286074
480,4,10,150,36,0.037692618019161885
481,4,10,150,36,0.10388675010296258
482,4,10,150,36,0.0
483,4,10,150,36,0.05658242244874664
484,4,10,150,36,0.2723783861819967
485,4,10,150,36,0.0
486,4,10,150,36,0.0
487,4,10,150,36,0.09524126120301601
488,4,10,150,36,0.0
489,4,10,150,36,0.0
490,4,10,150,36,0.0
491,4,10,150,36,0.06362078819895171
492,4,10,150,36,0.0
493,4,10,150,36,0.05484179250244328
494,4,10,150,36,0.0
495,4,10,150,36,0.08079645339948935
496,4,10,150,36,0.02649996754880397
497,4,10,150,36,0.06136984641910045
498,4,10,150,36,0.0
499,4,10,150,36,0.0
500,4,10,150,36,0.10408987337293307
501,4,10,150,36,0.0
502,4,10,150,36,0.0
503,4,10,150,36,0.019348484886761243
504,4,10,150,36,0.09034334864756748
505,4,10,150,36,0.07379217622092994
506,4,10,150,36,0.11152262292869004
507,4,10,150,36,0.05319635904163211
508,4,10,150,36,0.0
509,4,10,150,36,0.0
510,4,10,150,36,0.0
511,4,10,150,36,0.0
512,4,10,150,36,0.0
513,4,10,150,36,0.0
514,4,10,150,36,0.25189863669351664
515,4,10,150,36,0.11706259313796354
516,4,10,150,36,0.0
517,4,10,150,36,0.0
518,4,10,150,36,0.0
519,4,10,150,36,0.0
520,4,10,150,36,0.0
521,4,10,150,36,0.09850628252086785
522,4,10,150,36,0.04224853374256244
523,4,10,150,36,0.032114893884379984
524,4,10,150,36,0.17063282061129925
525,4,10,150,36,0.0
526,4,10,150,36,0.04972780777662495
527,4,10,150,36,0.12457616906232613
528,4,10,150,36,0.10209739512291163
529,4,10,150,36,0.0
530,4,10,150,36,0.0
531,4,10,150,36,0.07738888769495082
532,4,10,150,36,0.2942365310940954
533,4,10,150,36,0.11770601587545931
534,4,10,150,36,0.047934103497110726
535,4,10,150,36,0.13719191070759845
536,4,10,150,36,0.09414825230406802
537,4,10,150,36,0.33273559915697376
538,4,10,150,36,0.14697776980950736
539,4,10,150,36,0.0
540,4,10,150,36,0.0
541,4,10,150,36,0.0
542,4,10,150,36,0.049033875503285806
543,4,10,150,36,0.0
544,4,10,150,36,0.0
545,4,10,150,36,0.02244213465825961
546,4,10,150,36,0.05758752804519195
547,4,10,150,36,0.0
548,4,10,150,36,0.1103190733436671
549,4,10,150,36,0.0
550,4,10,150,36,0.0
551,4,10,150,36,0.08252172074358244
552,4,10,150,36,0.1205344274731702
553,4,10,150,36,0.04743759234968417
554,4,10,150,36,0.12627825946936164
555,4,10,150,36,0.0
556,4,10,150,36,0.040419659112753054
557,4,10,150,36,0.0
558,4,10,150,36,0.0
559,4,10,150,36,0.04366879852493834
560,4,10,150,36,0.09375790921485552
561,4,10,150,36,0.03224747481126874
562,4,10,150,36,0.0
563,4,10,150,36,0.0
564,4,10,150,36,0.08498983725535779
565,4,10,150,36,0.0
566,4,10,150,36,0.03579489106983033
567,4,10,150,36,0.1471381878632886
568,4,10,150,36,0.036155150901276155
569,4,10,150,36,0.18299769260789403
570,4,10,150,36,0.0
571,4,10,150,36,0.0
572,4,10,150,36,0.16812753627111746
573,4,10,150,36,0.06437746926759551
574,4,10,150,36,0.051811563545175146
575,4,10,150,36,0.0
576,4,10,150,36,0.0
577,4,10,150,36,0.21077846762640093
578,4,10,150,36,0.0
579,4,10,150,36,0.0
580,4,10,150,36,0.12128674553236206
581,4,10,150,36,0.05276490902632437
582,4,10,150,36,0.0
583,4,10,150,36,0.0
584,4,10,150,36,0.06323567569191428
585,4,10,150,36,0.04173963774222741
586,4,10,150,36,0.06103767400792671
587,4,10,150,36,0.0
588,4,10,150,36,0.11812876231832857
589,4,10,150,36,0.0
590,4,10,150,36,0.053845569940583225
591,4,10,150,36,0.0
592,4,10,150,36,0.3797023663087443
593,4,10,150,36,0.024098506230842615
594,4,10,150,36,0.0
595,4,10,150,36,0.03995808168017168
596,4,10,150,36,0.0
597,4,10,150,36,0.27101620591530523
598,4,10,150,36,0.0684591776394769
599,4,10,150,36,0.0
600,4,10,150,36,0.09197011795311534
601,4,10,150,36,0.0
602,4,10,150,36,0.0
603,4,10,150,36,0.0
604,4,10,150,36,0.0
605,4,10,150,36,0.23939908411991156
606,4,10,150,36,0.20467586956231942
607,4,10,150,36,0.0
608,4,10,150,36,0.03962974857737922
609,4,10,150,36,0.0
610,4,10,150,36,0.19303241878686786
611,4,10,150,36,0.0
612,4,10,150,36,0.0
613,4,10,150,36,0.04578230021840749
614,4,10,150,36,0.0
615,4,10,150,36,0.027541830374730368
616,4,10,150,36,0.0
617,4,10,150,36,0.0
618,4,10,150,36,0.15044846984703053
619,4,10,150,36,0.03620451724718618
620,4,10,150,36,0.05233820567490509
621,4,10,150,36,0.10033979564825755
622,4,10,150,36,0.2341758235684534
623,4,10,150,36,0.0
624,4,10,150,36,0.01871253923544672
625,4,10,150,36,0.0
626,4,10,150,36,0.06228974831361337
627,4,10,150,36,0.06585030048327854
628,4,10,150,36,0.0
629,4,10,150,36,0.07182329222808244
630,4,10,150,36,0.14384566844883276
631,4,10,150,36,0.0
632,4,10,150,36,0.12112269717167994
633,4,10,150,36,0.07414861528507455
634,4,10,150,36,0.022104381789790163
635,4,10,150,36,0.04546401530948942
636,4,10,150,36,0.06364028872631156
637,4,10,150,36,0.01928973283308616
638,4,10,150,36,0.09712868482236708
639,4,10,150,36,0.0
640,4,10,150,36,0.030877778553209584
641,4,10,150,36,0.07675099783970546
642,4,10,150,36,0.11339524980170027
643,4,10,150,36,0.15655417852826614
644,4,10,150,36,0.04935421935348238
645,4,10,150,36,0.17915352244092908
646,4,10,150,36,0.0
647,4,10,150,36,0.030218457878623886
648,4,10,150,36,0.1578348364230653
649,4,10,150,36,0.15489949502599
650,4,10,150,36,0.06780818860864321
651,4,10,150,36,0.0
652,4,10,150,36,0.0
653,4,10,150,36,0.15936360502007502
654,4,10,150,36,0.19864419288229918
655,4,10,150,36,0.02202537183039084
656,4,10,150,36,0.07397229644086958
657,4,10,150,36,0.0
658,4,10,150,36,0.22745389188843176
659,4,10,150,36,0.11549158611986932
660,4,10,150,36,0.0
661,4,10,150,36,0.07091066935174452
662,4,10,150,36,0.0512644431393966
663,4,10,150,36,0.27238387993152247
664,4,10,150,36,0.35582764688341734
665,4,10,150,36,0.0
666,4,10,150,36,0.28007249733035805
667,4,10,150,36,0.1593472521587426
668,4,10,150,36,0.06194403202282284
669,4,10,150,36,0.07941370599111754
670,4,10,150,36,0.06613087842005526
671,4,10,150,36,0.12700520479034313
672,4,10,150,36,0.0
673,4,10,150,36,0.0
674,4,10,150,36,0.06123763026386081
675,4,10,150,36,0.0
676,4,10,150,36,0.11582866341850039
677,4,10,150,36,0.03314040476303028
678,4,10,150,36,0.0
679,4,10,150,36,0.15527711509166947
680,4,10,150,36,0.0
681,4,10,150,36,0.0
682,4,10,150,36,0.1756244418950521
683,4,10,150,36,0.0
684,4,10,150,36,0.06573003977381581
685,4,10,150,36,0.1906465758273748
686,4,10,150,36,0.07277260183012466
687,4,10,150,36,0.0
688,4,10,150,36,0.0
689,4,10,150,36,0.15001451003751623
690,4,10,150,36,0.08634260171712611
691,4,10,150,36,0.05446824630887794
692,4,10,150,36,0.09052881616458627
693,4,10,150,36,0.0
694,4,10,150,36,0.1260797600516487
695,4,10,150,36,0.0
696,4,10,150,36,0.039725595076707886
697,4,10,150,36,0.023456906405016697
698,4,10,150,36,0.0501713526692999
699,4,10,150,36,0.06103767400792671
700,4,10,150,36,0.12729890218214104
701,4,10,150,36,0.0
702,4,10,150,36,0.037715680681715956
703,4,10,150,36,0.09261220774116596
704,4,10,150,36,0.13473043171971474
705,4,10,150,36,0.13169994752433703
706,4,10,150,36,0.04395738023645723
707,4,10,150,36,0.044110484760151114
708,4,10,150,36,0.052053674193544515
709,4,10,150,36,0.15649077827529395
710,4,10,150,36,0.10695361352497157
711,4,10,150,36,0.15784774573956387
712,4,10,150,36,0.12994150469137855
713,4,10,150,36,0.1468735732232516
714,4,10,150,36,0.0
715,4,10,150,36,0.0
716,4,10,150,36,0.22014683373056193
717,4,10,150,36,0.023200039425252138
718,4,10,150,36,0.035328385129692476
719,4,10,150,36,0.09883437846193516
720,4,10,150,36,0.0
721,4,10,150,36,0.13874417457841592
722,4,10,150,36,0.06556429791586475
723,4,10,150,36,0.0
724,4,10,150,36,0.0
725,4,10,150,36,0.0
726,4,10,150,36,0.05010834716923557
727,4,10,150,36,0.19015062187968618
728,4,10,150,36,0.09627818061559096
729,4,10,150,36,0.0
730,4,10,150,36,0.0
731,4,10,150,36,0.09388827751441965
732,4,10,150,36,0.0
733,4,10,150,36,0.14182715361342116
734,4,10,150,36,0.0
735,4,10,150,36,0.0
736,4,10,150,36,0.0
737,4,10,150,36,0.04395738023645723
738,4,10,150,36,0.18542944792215785
739,4,10,150,36,0.03855307727568851
740,4,10,150,36,0.0
741,4,10,150,36,0.06224626338430371
742,4,10,150,36,0.0488929053971083
743,4,10,150,36,0.0
744,4,10,150,36,0.0
745,4,10,150,36,0.03520132288421838
746,4,10,150,36,0.23491487959421534
747,4,10,150,36,0.4436825289482965
748,4,10,150,36,0.10150032329171708
749,4,10,150,36,0.1505575709393686
750,4,10,150,36,0.041278922835426404
751,4,10,150,36,0.07285066848676777
752,4,10,150,36,0.0
753,4,10,150,36,0.15780803084928155
754,4,10,150,36,0.0
755,4,10,150,36,0.03855371268423985
756,4,10,150,36,0.03224747481126874
757,4,10,150,36,0.0
758,4,10,150,36,0.275288713208175
759,4,10,150,36,0.049710505523782283
760,4,10,150,36,0.0
761,4,10,150,36,0.02459490482356159
762,4,10,150,36,0.051960280791503534
763,4,10,150,36,0.03446034688157651
764,4,10,150,36,0.108573702893733
765,4,10,150,36,0.15066101840234988
766,4,10,150,36,0.03446034688157651
767,4,10,150,36,0.06994410797740244
768,4,10,150,36,0.060133059387366614
769,4,10,150,36,0.0
770,4,10,150,36,0.1912123147921425
771,4,10,150,36,0.2192447252418897
772,4,10,150,36,0.0
773,4,10,150,36,0.11340253566944657
774,4,10,150,36,0.057872593444039166
775,4,10,150,36,0.0
776,4,10,150,36,0.08612456825289126
777,4,10,150,36,0.0
778,4,10,150,36,0.14142149673809498
779,4,10,150,36,0.0
780,4,10,150,36,0.030023253564245667
781,4,10,150,36,0.12262357287001438
782,4,10,150,36,0.06356857270470968
783,4,10,150,36,0.0
784,4,10,150,36,0.0
785,4,10,150,36,0.0
786,4,10,150,36,0.0
787,4,10,150,36,0.0
788,4,10,150,36,0.3018200436185448
789,4,10,150,36,0.08809718769055445
790,4,10,150,36,0.0
791,4,10,150,36,0.04465281017341861
792,4,10,150,36,0.06658592494149675
793,4,10,150,36,0.0
794,4,10,150,36,0.0
795,4,10,150,36,0.0
796,4,10,150,36,0.4310056340395274
797,4,10,150,36,0.07799758411617824
798,4,10,150,36,0.06103767400792671
799,4,10,150,36,0.0
800,4,10,150,36,0.0
801,4,10,150,36,0.1561471668577559
802,4,10,150,36,0.05124850302776537
803,4,10,150,36,0.036404262410258695
804,4,10,150,36,0.1981451995958919
805,4,10,150,36,0.13937944025079846
806,4,10,150,36,0.3346611960073259
807,4,10,150,36,0.12462813484503497
808,4,10,150,36,0.0
809,4,10,150,36,0.0
810,4,10,150,36,0.0
811,4,10,150,36,0.0
812,4,10,150,36,0.0
813,4,10,150,36,0.0
814,4,10,150,36,0.0
815,4,10,150,36,0.176498964377516
816,4,10,150,36,0.0
817,4,10,150,36,0.0
818,4,10,150,36,0.05516788910004661
819,4,10,150,36,0.037210602758860095
820,4,10,150,36,0.0
821,4,10,150,36,0.2411264212661731
822,4,10,150,36,0.0
823,4,10,150,36,0.271466845220876
824,4,10,150,36,0.05046096657376444
825,4,10,150,36,0.03742507847089344
826,4,10,150,36,0.13528564329237724
827,4,10,150,36,0.0
828,4,10,150,36,0.0504329586382053
829,4,10,150,36,0.15110239493068348
830,4,10,150,36,0.13618217791091242
831,4,10,150,36,0.19369981287762317
832,4,10,150,36,0.0
833,4,10,150,36,0.16533746420994458
834,4,10,150,36,0.24251121723036934
835,4,10,150,36,0.06065203270007951
836,4,10,150,36,0.1068899734619443
837,4,10,150,36,0.0
838,4,10,150,36,0.24560504806301242
839,4,10,150,36,0.0640765686166134
840,4,10,150,36,0.3759790137961504
841,4,10,150,36,0.0
842,4,10,150,36,0.0
843,4,10,150,36,0.0
844,4,10,150,36,0.04139993815510656
845,4,10,150,36,0.0
846,4,10,150,36,0.4090388104670368
847,4,10,150,36,0.0627663118152321
848,4,10,150,36,0.0
849,4,10,150,36,0.0
850,4,10,150,36,0.20938747063345256
851,4,10,150,36,0.05114774343822256
852,4,10,150,36,0.23690281265915858
853,4,10,150,36,0.0
854,4,10,150,36,0.0
855,4,10,150,36,0.0
856,4,10,150,36,0.0
857,4,10,150,36,0.0
858,4,10,150,36,0.10250982096838526
859,4,10,150,36,0.0
860,4,10,150,36,0.0
861,4,10,150,36,0.03709674194804795
862,4,10,150,36,0.08685394231107621
863,4,10,150,36,0.0
864,4,10,150,36,0.47842947275936265
865,4,10,150,36,0.05644898165903662
866,4,10,150,36,0.11045880330464496
867,4,10,150,36,0.14799377687096005
868,4,10,150,36,0.30013616802192045
869,4,10,150,36,0.03406297225598251
870,4,10,150,36,0.3609323655229505
871,4,10,150,36,0.07830509067932692
872,4,10,150,36,0.02804794621397926
873,4,10,150,36,0.0
874,4,10,150,36,0.13944914190808633
875,4,10,150,36,0.1300548935064798
876,4,10,150,36,0.08671382849411972
877,4,10,150,36,0.07248618269882931
878,4,10,150,36,0.22731583025722324
879,4,10,150,36,0.03963466998423315
880,4,10,150,36,0.47190149411840737
881,4,10,150,36,0.08205905562864717
882,4,10,150,36,0.20570935302676643
883,4,10,150,36,0.4325857708660564
884,4,10,150,36,0.09113547509404434
885,4,10,150,36,0.05189640062024814
886,4,10,150,36,0.202103812247932
887,4,10,150,36,0.0829651538935913
888,4,10,150,36,0.11625487663628292
889,4,10,150,36,0.0
890,4,10,150,36,0.07901917700076978
891,4,10,150,36,0.03339755935325358
892,4,10,150,36,0.339604318708474
893,4,10,150,36,0.10869735563398858
894,4,10,150,36,0.14148894269488996
895,4,10,150,36,0.0
896,4,10,150,36,0.3828539563908617
897,4,10,150,36,0.3056169009785588
898,4,10,150,36,0.0
899,4,10,150,36,0.08222447931370072
900,4,10,150,36,0.03232193387019919
901,4,10,150,36,0.18691481855742784
902,4,10,150,36,0.05978585424799658
903,4,10,150,36,0.25392681877798007
904,4,10,150,36,0.0
905,4,10,150,36,0.0
906,4,10,150,36,0.10407444169186962
907,4,10,150,36,0.03742507847089344
908,4,10,150,36,0.06892767477436933
909,4,10,150,36,0.0
910,4,10,150,36,0.0
911,4,10,150,36,0.09034685905522184
912,4,10,150,36,0.1328892265512611
913,4,10,150,36,0.05935903705672076
914,4,10,150,36,0.0
915,4,10,150,36,0.0
916,4,10,150,36,0.37148696170977585
917,4,10,150,36,0.0
918,4,10,150,36,0.0483712122169031
919,4,10,150,36,0.1488757287219314
920,4,10,150,36,0.0
921,4,10,150,36,0.1590250276555192
922,4,10,150,36,0.15541422933696786
923,4,10,150,36,0.0
924,4,10,150,36,0.0
925,4,10,150,36,0.0
926,4,10,150,36,0.0
927,4,10,150,36,0.04499596683729014
928,4,10,150,36,0.1482972305701491
929,4,10,150,36,0.25163227912988373
930,4,10,150,36,0.0
931,4,10,150,36,0.08679587898287541
932,4,10,150,36,0.2710863073923902
933,4,10,150,36,0.03224747481126874
934,4,10,150,36,0.12344549767127876
935,4,10,150,36,0.04173963774222741
936,4,10,150,36,0.14176037772967123
937,4,10,150,36,0.0
938,4,10,150,36,0.1077474440460911
939,4,10,150,36,0.0
940,4,10,150,36,0.05529269406898999
941,4,10,150,36,0.0
942,4,10,150,36,0.04927547640673503
943,4,10,150,36,0.24122464300310983
1,4,10,150,37,0.4058715898896693
2,4,10,150,37,0.0
3,4,10,150,37,0.0
4,4,10,150,37,0.0
5,4,10,150,37,0.040209635547393256
6,4,10,150,37,0.27020011346731576
7,4,10,150,37,0.26232181897245543
8,4,10,150,37,0.0
9,4,10,150,37,0.21840743681816419
10,4,10,150,37,0.07023180797790304
11,4,10,150,37,0.1722584975122812
12,4,10,150,37,0.0
13,4,10,150,37,0.24906095268154288
14,4,10,150,37,0.0
15,4,10,150,37,0.05010834716923557
16,4,10,150,37,0.053168340515114924
17,4,10,150,37,0.0
18,4,10,150,37,0.20717217840635824
19,4,10,150,37,0.0
20,4,10,150,37,0.0
21,4,10,150,37,0.0
22,4,10,150,37,0.11702382382650763
23,4,10,150,37,0.19906649093208975
24,4,10,150,37,0.0
25,4,10,150,37,0.12358102547512423
26,4,10,150,37,0.0
27,4,10,150,37,0.0
28,4,10,150,37,0.0
29,4,10,150,37,0.13455232720853103
30,4,10,150,37,0.0
31,4,10,150,37,0.0
32,4,10,150,37,0.0
33,4,10,150,37,0.0
35,4,10,150,37,0.10523285614729473
36,4,10,150,37,0.0
37,4,10,150,37,0.0
38,4,10,150,37,0.04739418218477539
39,4,10,150,37,0.0
40,4,10,150,37,0.0
41,4,10,150,37,0.0
42,4,10,150,37,0.0683037314796457
43,4,10,150,37,0.22592974817952552
44,4,10,150,37,0.2044921015662719
45,4,10,150,37,0.0
46,4,10,150,37,0.11284514134893527
47,4,10,150,37,0.0
48,4,10,150,37,0.0
49,4,10,150,37,0.0
50,4,10,150,37,0.0
51,4,10,150,37,0.16812753627111746
52,4,10,150,37,0.0
54,4,10,150,37,0.0
56,4,10,150,37,0.20383503459815738
57,4,10,150,37,0.23047740788088653
58,4,10,150,37,0.3284106835353137
59,4,10,150,37,0.21885267452793505
60,4,10,150,37,0.10892598114203371
61,4,10,150,37,0.0
62,4,10,150,37,0.08314631791322982
63,4,10,150,37,0.0
64,4,10,150,37,0.04238468688770069
65,4,10,150,37,0.13012668333070054
66,4,10,150,37,0.0
67,4,10,150,37,0.0
68,4,10,150,37,0.4827392464262081
69,4,10,150,37,0.07673373981757839
70,4,10,150,37,0.0
71,4,10,150,37,0.0
72,4,10,150,37,0.0
73,4,10,150,37,0.0
74,4,10,150,37,0.0
75,4,10,150,37,0.049432410190049694
76,4,10,150,37,0.1301464707340554
77,4,10,150,37,0.10201115106436301
78,4,10,150,37,0.0
79,4,10,150,37,0.27487633291429087
80,4,10,150,37,0.0
81,4,10,150,37,0.0
82,4,10,150,37,0.19298623480417013
83,4,10,150,37,0.12089611529519323
84,4,10,150,37,0.0
85,4,10,150,37,0.0
87,4,10,150,37,0.07100089300395272
89,4,10,150,37,0.16716045496620227
90,4,10,150,37,0.0
91,4,10,150,37,0.0
92,4,10,150,37,0.10542637391232386
93,4,10,150,37,0.0
94,4,10,150,37,0.08791240958776
95,4,10,150,37,0.15097216460709872
96,4,10,150,37,0.0
97,4,10,150,37,0.06462745615384195
98,4,10,150,37,0.0930297504356062
99,4,10,150,37,0.05658242244874664
100,4,10,150,37,0.0
101,4,10,150,37,0.0
102,4,10,150,37,0.0
103,4,10,150,37,0.0
104,4,10,150,37,0.0
105,4,10,150,37,0.0
106,4,10,150,37,0.0
107,4,10,150,37,0.0
108,4,10,150,37,0.0
109,4,10,150,37,0.07103066762111539
110,4,10,150,37,0.0
111,4,10,150,37,0.0
112,4,10,150,37,0.0
113,4,10,150,37,0.053168340515114924
114,4,10,150,37,0.0
115,4,10,150,37,0.10684080426179023
116,4,10,150,37,0.0
117,4,10,150,37,0.14606834984270645
118,4,10,150,37,0.0
119,4,10,150,37,0.18374222286855332
120,4,10,150,37,0.0
121,4,10,150,37,0.2147325744928709
122,4,10,150,37,0.1530100230930498
123,4,10,150,37,0.0
125,4,10,150,37,0.12702645795516354
126,4,10,150,37,0.06911917000496234
127,4,10,150,37,0.10253313861822189
128,4,10,150,37,0.03233829114831982
129,4,10,150,37,0.0
130,4,10,150,37,0.16099269493775217
131,4,10,150,37,0.0
133,4,10,150,37,0.11047239495909743
134,4,10,150,37,0.0
135,4,10,150,37,0.0
137,4,10,150,37,0.0
138,4,10,150,37,0.0
139,4,10,150,37,0.0
141,4,10,150,37,0.0
142,4,10,150,37,0.13373003436102654
143,4,10,150,37,0.0
144,4,10,150,37,0.1227945149537572
145,4,10,150,37,0.08829985348038716
146,4,10,150,37,0.0
148,4,10,150,37,0.0
149,4,10,150,37,0.0
150,4,10,150,37,0.10235170428306553
151,4,10,150,37,0.06298430394440727
152,4,10,150,37,0.0
153,4,10,150,37,0.0
154,4,10,150,37,0.0
155,4,10,150,37,0.0
156,4,10,150,37,0.0
158,4,10,150,37,0.14391090187484273
159,4,10,150,37,0.0
160,4,10,150,37,0.0
161,4,10,150,37,0.0
162,4,10,150,37,0.0
163,4,10,150,37,0.0
164,4,10,150,37,0.0
165,4,10,150,37,0.12114889742360979
166,4,10,150,37,0.0
167,4,10,150,37,0.0
168,4,10,150,37,0.23504554941448536
169,4,10,150,37,0.0
170,4,10,150,37,0.0
171,4,10,150,37,0.0
172,4,10,150,37,0.0
173,4,10,150,37,0.0
174,4,10,150,37,0.060961917527339995
175,4,10,150,37,0.0
176,4,10,150,37,0.0
177,4,10,150,37,0.06912040963822193
178,4,10,150,37,0.21869354042431444
179,4,10,150,37,0.06723507268634088
180,4,10,150,37,0.12262943855309168
181,4,10,150,37,0.0
182,4,10,150,37,0.0
183,4,10,150,37,0.0
184,4,10,150,37,0.09303069037986347
185,4,10,150,37,0.07745351606183934
186,4,10,150,37,0.22147164648185297
187,4,10,150,37,0.0
188,4,10,150,37,0.054384419234677496
189,4,10,150,37,0.18472415061971442
190,4,10,150,37,0.10699313236726378
191,4,10,150,37,0.0
192,4,10,150,37,0.0
193,4,10,150,37,0.0
194,4,10,150,37,0.0
195,4,10,150,37,0.0
196,4,10,150,37,0.0
197,4,10,150,37,0.0
198,4,10,150,37,0.0
199,4,10,150,37,0.0
200,4,10,150,37,0.03719976603506465
201,4,10,150,37,0.03674765725162587
203,4,10,150,37,0.0
204,4,10,150,37,0.0
205,4,10,150,37,0.0
206,4,10,150,37,0.0
207,4,10,150,37,0.0
209,4,10,150,37,0.0
210,4,10,150,37,0.06648469969095826
211,4,10,150,37,0.0
212,4,10,150,37,0.12681701683239352
213,4,10,150,37,0.19336468350582656
214,4,10,150,37,0.056720838976548935
215,4,10,150,37,0.0
216,4,10,150,37,0.0
217,4,10,150,37,0.0
218,4,10,150,37,0.19092086617893467
219,4,10,150,37,0.0
221,4,10,150,37,0.3375735570145491
222,4,10,150,37,0.11927169584484414
223,4,10,150,37,0.0
224,4,10,150,37,0.0
225,4,10,150,37,0.0
226,4,10,150,37,0.0
227,4,10,150,37,0.0
228,4,10,150,37,0.0
229,4,10,150,37,0.0
230,4,10,150,37,0.23712439662683835
231,4,10,150,37,0.0
232,4,10,150,37,0.3234992853586256
233,4,10,150,37,0.0968152409481219
234,4,10,150,37,0.0
235,4,10,150,37,0.06065881345112158
236,4,10,150,37,0.0
237,4,10,150,37,0.0
238,4,10,150,37,0.0
239,4,10,150,37,0.060772229737720354
240,4,10,150,37,0.05497526658285817
242,4,10,150,37,0.0
243,4,10,150,37,0.05446333035917803
244,4,10,150,37,0.0897700875992608
245,4,10,150,37,0.0
246,4,10,150,37,0.08041927109478651
247,4,10,150,37,0.0
248,4,10,150,37,0.14830051302014485
249,4,10,150,37,0.16110371389527117
250,4,10,150,37,0.3039989562789163
251,4,10,150,37,0.0
252,4,10,150,37,0.0
253,4,10,150,37,0.05954496680255472
254,4,10,150,37,0.0
255,4,10,150,37,0.0
256,4,10,150,37,0.16583176898817792
257,4,10,150,37,0.3305900772260718
258,4,10,150,37,0.0
259,4,10,150,37,0.0
260,4,10,150,37,0.0
261,4,10,150,37,0.0
262,4,10,150,37,0.0
263,4,10,150,37,0.0975109251896312
264,4,10,150,37,0.0
265,4,10,150,37,0.10209739512291163
267,4,10,150,37,0.09794101962538232
268,4,10,150,37,0.040466532906672535
269,4,10,150,37,0.11154069665984502
270,4,10,150,37,0.0
271,4,10,150,37,0.12276482551434069
272,4,10,150,37,0.09109240322345806
273,4,10,150,37,0.0
274,4,10,150,37,0.0
275,4,10,150,37,0.0
276,4,10,150,37,0.18677307195747897
277,4,10,150,37,0.0
279,4,10,150,37,0.06841142924656143
280,4,10,150,37,0.03337620304869898
281,4,10,150,37,0.0
283,4,10,150,37,0.07132875491150918
284,4,10,150,37,0.0
285,4,10,150,37,0.1185995982858366
286,4,10,150,37,0.23960576911381382
287,4,10,150,37,0.06364028872631156
288,4,10,150,37,0.08482009256337293
289,4,10,150,37,0.13905617951077562
290,4,10,150,37,0.0
291,4,10,150,37,0.20074462409132507
292,4,10,150,37,0.04546401530948942
293,4,10,150,37,0.06886690743551852
294,4,10,150,37,0.04123398036294628
295,4,10,150,37,0.23611013359098149
296,4,10,150,37,0.47774763069170006
297,4,10,150,37,0.08043477786221322
298,4,10,150,37,0.17110977534502889
299,4,10,150,37,0.0
300,4,10,150,37,0.0
301,4,10,150,37,0.047934103497110726
303,4,10,150,37,0.10767514453726375
304,4,10,150,37,0.0
305,4,10,150,37,0.31514747987601716
306,4,10,150,37,0.0
307,4,10,150,37,0.1383141340724969
308,4,10,150,37,0.15269555842056493
309,4,10,150,37,0.0
310,4,10,150,37,0.0
311,4,10,150,37,0.06712613803507668
312,4,10,150,37,0.07579200366109638
313,4,10,150,37,0.14465709645474623
314,4,10,150,37,0.16328939412592594
315,4,10,150,37,0.0
316,4,10,150,37,0.04568304891751105
317,4,10,150,37,0.0
318,4,10,150,37,0.10118786565551004
319,4,10,150,37,0.0
320,4,10,150,37,0.0
321,4,10,150,37,0.062242588308449316
322,4,10,150,37,0.17342765698823945
323,4,10,150,37,0.14126697285982898
324,4,10,150,37,0.0
325,4,10,150,37,0.0
326,4,10,150,37,0.0634222181618871
327,4,10,150,37,0.0
328,4,10,150,37,0.1437524526514495
329,4,10,150,37,0.0
330,4,10,150,37,0.0536466452928127
331,4,10,150,37,0.16958010263680806
332,4,10,150,37,0.0
333,4,10,150,37,0.0
334,4,10,150,37,0.07058424671826317
336,4,10,150,37,0.0
337,4,10,150,37,0.16716045496620227
338,4,10,150,37,0.0
339,4,10,150,37,0.06608282041002614
340,4,10,150,37,0.0
341,4,10,150,37,0.0
342,4,10,150,37,0.2625072992734236
343,4,10,150,37,0.23617544027995818
344,4,10,150,37,0.23832550406045652
345,4,10,150,37,0.056149696530797676
346,4,10,150,37,0.13947804593499064
347,4,10,150,37,0.03232623375868038
348,4,10,150,37,0.0
349,4,10,150,37,0.07673373981757839
350,4,10,150,37,0.0749368547125808
351,4,10,150,37,0.0
352,4,10,150,37,0.0
353,4,10,150,37,0.0
354,4,10,150,37,0.051249224710132255
355,4,10,150,37,0.0
356,4,10,150,37,0.08406376813555873
357,4,10,150,37,0.0
358,4,10,150,37,0.20438239758848611
359,4,10,150,37,0.0
360,4,10,150,37,0.03588081068184636
361,4,10,150,37,0.09622728274290568
362,4,10,150,37,0.0
363,4,10,150,37,0.1803013146105011
364,4,10,150,37,0.0
365,4,10,150,37,0.0
366,4,10,150,37,0.0
367,4,10,150,37,0.0
368,4,10,150,37,0.0
369,4,10,150,37,0.0
370,4,10,150,37,0.09092803061897883
371,4,10,150,37,0.16676134190097475
372,4,10,150,37,0.0
373,4,10,150,37,0.035769798946978335
374,4,10,150,37,0.0501713526692999
375,4,10,150,37,0.0
376,4,10,150,37,0.0
377,4,10,150,37,0.0
378,4,10,150,37,0.1674363989531907
379,4,10,150,37,0.07386135250503313
380,4,10,150,37,0.0
381,4,10,150,37,0.05105625351125917
382,4,10,150,37,0.0
383,4,10,150,37,0.04838338183089434
384,4,10,150,37,0.0
385,4,10,150,37,0.0
386,4,10,150,37,0.0
387,4,10,150,37,0.103287357844194
388,4,10,150,37,0.04511904280884329
389,4,10,150,37,0.12419123143547287
390,4,10,150,37,0.0
391,4,10,150,37,0.2137247802747043
392,4,10,150,37,0.0
393,4,10,150,37,0.0
394,4,10,150,37,0.11073655428626575
395,4,10,150,37,0.04931346192675315
396,4,10,150,37,0.0
397,4,10,150,37,0.22320497122386787
398,4,10,150,37,0.1418968660083944
399,4,10,150,37,0.0
400,4,10,150,37,0.0
401,4,10,150,37,0.0
402,4,10,150,37,0.08963222225173058
403,4,10,150,37,0.0
404,4,10,150,37,0.0
405,4,10,150,37,0.05993284758572256
406,4,10,150,37,0.2069031556336114
407,4,10,150,37,0.04270006763257965
408,4,10,150,37,0.0
409,4,10,150,37,0.10914342353313093
410,4,10,150,37,0.0
411,4,10,150,37,0.0
412,4,10,150,37,0.0
413,4,10,150,37,0.0
414,4,10,150,37,0.0
415,4,10,150,37,0.08035849674662018
416,4,10,150,37,0.17710578773960559
417,4,10,150,37,0.09773929303987469
418,4,10,150,37,0.0
419,4,10,150,37,0.1208113026994942
420,4,10,150,37,0.06052048269976269
421,4,10,150,37,0.10774355607797731
422,4,10,150,37,0.04320473659574256
423,4,10,150,37,0.053845569940583225
424,4,10,150,37,0.23504554941448536
425,4,10,150,37,0.1674157226455415
426,4,10,150,37,0.040759261617270684
427,4,10,150,37,0.0
428,4,10,150,37,0.0
429,4,10,150,37,0.20388885056035191
430,4,10,150,37,0.0
431,4,10,150,37,0.0
432,4,10,150,37,0.0
433,4,10,150,37,0.05780921899607981
434,4,10,150,37,0.15130120674940672
435,4,10,150,37,0.18903556938237304
436,4,10,150,37,0.0
437,4,10,150,37,0.07336291806952099
438,4,10,150,37,0.0
439,4,10,150,37,0.0
440,4,10,150,37,0.0
441,4,10,150,37,0.0
442,4,10,150,37,0.040949887133979804
443,4,10,150,37,0.06783204105472322
444,4,10,150,37,0.1312721899408984
445,4,10,150,37,0.0
446,4,10,150,37,0.0
447,4,10,150,37,0.16246725303708914
448,4,10,150,37,0.0
449,4,10,150,37,0.1511226181481109
450,4,10,150,37,0.2807138320436817
451,4,10,150,37,0.06148915918944534
452,4,10,150,37,0.10773098771530253
453,4,10,150,37,0.0
454,4,10,150,37,0.0
455,4,10,150,37,0.063401477059351
456,4,10,150,37,0.0
457,4,10,150,37,0.307757397133956
458,4,10,150,37,0.04926693941311216
459,4,10,150,37,0.0
460,4,10,150,37,0.05184030722866645
461,4,10,150,37,0.0
462,4,10,150,37,0.0
463,4,10,150,37,0.11987424504051505
464,4,10,150,37,0.0
465,4,10,150,37,0.0
466,4,10,150,37,0.0
467,4,10,150,37,0.07807600999842033
468,4,10,150,37,0.09063580949954383
469,4,10,150,37,0.0
470,4,10,150,37,0.0
471,4,10,150,37,0.0
472,4,10,150,37,0.04430818469029346
473,4,10,150,37,0.0
474,4,10,150,37,0.22222841287596043
475,4,10,150,37,0.0
476,4,10,150,37,0.0
477,4,10,150,37,0.0
478,4,10,150,37,0.2345109835167376
479,4,10,150,37,0.10172348796286074
480,4,10,150,37,0.037692618019161885
481,4,10,150,37,0.10388675010296258
482,4,10,150,37,0.0
483,4,10,150,37,0.05658242244874664
484,4,10,150,37,0.2723783861819967
485,4,10,150,37,0.0
486,4,10,150,37,0.0
487,4,10,150,37,0.0935173249034861
488,4,10,150,37,0.0
489,4,10,150,37,0.0
490,4,10,150,37,0.0
491,4,10,150,37,0.06362078819895171
492,4,10,150,37,0.0
493,4,10,150,37,0.05484179250244328
494,4,10,150,37,0.0
495,4,10,150,37,0.08079645339948935
496,4,10,150,37,0.02649996754880397
497,4,10,150,37,0.06025900743395781
498,4,10,150,37,0.0
499,4,10,150,37,0.0
500,4,10,150,37,0.1022057707386917
501,4,10,150,37,0.0
502,4,10,150,37,0.0
503,4,10,150,37,0.03778289050421341
504,4,10,150,37,0.08870806813797152
505,4,10,150,37,0.07379217622092994
506,4,10,150,37,0.10950398210582504
507,4,10,150,37,0.05319635904163211
508,4,10,150,37,0.0
509,4,10,150,37,0.0
510,4,10,150,37,0.0
511,4,10,150,37,0.0
512,4,10,150,37,0.0
513,4,10,150,37,0.0
514,4,10,150,37,0.2473390876271473
515,4,10,150,37,0.11706259313796354
516,4,10,150,37,0.0
517,4,10,150,37,0.0
518,4,10,150,37,0.0
519,4,10,150,37,0.0
520,4,10,150,37,0.0
521,4,10,150,37,0.09850628252086785
522,4,10,150,37,0.04224853374256244
523,4,10,150,37,0.032114893884379984
524,4,10,150,37,0.16754424209367583
525,4,10,150,37,0.0
526,4,10,150,37,0.04972780777662495
527,4,10,150,37,0.12457616906232613
528,4,10,150,37,0.10209739512291163
529,4,10,150,37,0.0
530,4,10,150,37,0.0
531,4,10,150,37,0.1517763576041802
532,4,10,150,37,0.28891063525657984
533,4,10,150,37,0.11557545112991054
534,4,10,150,37,0.047934103497110726
535,4,10,150,37,0.1347086370520076
536,4,10,150,37,0.09414825230406802
537,4,10,150,37,0.32671284210517637
538,4,10,150,37,0.14697776980950736
539,4,10,150,37,0.04478826142555715
540,4,10,150,37,0.0
541,4,10,150,37,0.0
542,4,10,150,37,0.049033875503285806
543,4,10,150,37,0.0
544,4,10,150,37,0.0
545,4,10,150,37,0.02244213465825961
546,4,10,150,37,0.05758752804519195
547,4,10,150,37,0.0
548,4,10,150,37,0.1103190733436671
549,4,10,150,37,0.0
550,4,10,150,37,0.0
551,4,10,150,37,0.08102801740437227
552,4,10,150,37,0.1205344274731702
553,4,10,150,37,0.04743759234968417
554,4,10,150,37,0.12627825946936164
555,4,10,150,37,0.0
556,4,10,150,37,0.040419659112753054
557,4,10,150,37,0.0
558,4,10,150,37,0.0
559,4,10,150,37,0.04366879852493834
560,4,10,150,37,0.09375790921485552
561,4,10,150,37,0.03166377199493557
562,4,10,150,37,0.0
563,4,10,150,37,0.0
564,4,10,150,37,0.08498983725535779
565,4,10,150,37,0.0
566,4,10,150,37,0.03579489106983033
567,4,10,150,37,0.1471381878632886
568,4,10,150,37,0.036155150901276155
569,4,10,150,37,0.18299769260789403
570,4,10,150,37,0.0
571,4,10,150,37,0.0
572,4,10,150,37,0.16812753627111746
573,4,10,150,37,0.06437746926759551
574,4,10,150,37,0.051811563545175146
575,4,10,150,37,0.0
576,4,10,150,37,0.0
577,4,10,150,37,0.20696322361439767
578,4,10,150,37,0.0
579,4,10,150,37,0.0
580,4,10,150,37,0.12128674553236206
581,4,10,150,37,0.05276490902632437
582,4,10,150,37,0.0
583,4,10,150,37,0.0
584,4,10,150,37,0.06323567569191428
585,4,10,150,37,0.04173963774222741
586,4,10,150,37,0.05993284758572256
587,4,10,150,37,0.0
588,4,10,150,37,0.11599054555380026
589,4,10,150,37,0.0
590,4,10,150,37,0.053845569940583225
591,4,10,150,37,0.0
592,4,10,150,37,0.3728294765125693
593,4,10,150,37,0.024098506230842615
594,4,10,150,37,0.0
595,4,10,150,37,0.03995808168017168
596,4,10,150,37,0.0
597,4,10,150,37,0.27101620591530523
598,4,10,150,37,0.0684591776394769
599,4,10,150,37,0.0
600,4,10,150,37,0.09197011795311534
601,4,10,150,37,0.0
602,4,10,150,37,0.0
603,4,10,150,37,0.0
604,4,10,150,37,0.0
605,4,10,150,37,0.23939908411991156
606,4,10,150,37,0.20097108702668917
607,4,10,150,37,0.0
608,4,10,150,37,0.03962974857737922
609,4,10,150,37,0.0
610,4,10,150,37,0.19303241878686786
611,4,10,150,37,0.0
612,4,10,150,37,0.0
613,4,10,150,37,0.04578230021840749
614,4,10,150,37,0.0
615,4,10,150,37,0.027541830374730368
616,4,10,150,37,0.0
617,4,10,150,37,0.0
618,4,10,150,37,0.14772524280129487
619,4,10,150,37,0.03620451724718618
620,4,10,150,37,0.05233820567490509
621,4,10,150,37,0.09852357215624895
622,4,10,150,37,0.22993707034718477
623,4,10,150,37,0.0
624,4,10,150,37,0.018373828625812934
625,4,10,150,37,0.0
626,4,10,150,37,0.06228974831361337
627,4,10,150,37,0.08275909144058319
628,4,10,150,37,0.0
629,4,10,150,37,0.07182329222808244
630,4,10,150,37,0.1412419569246805
631,4,10,150,37,0.0
632,4,10,150,37,0.12112269717167994
633,4,10,150,37,0.07414861528507455
634,4,10,150,37,0.022104381789790163
635,4,10,150,37,0.04546401530948942
636,4,10,150,37,0.06364028872631156
637,4,10,150,37,0.01928973283308616
638,4,10,150,37,0.09712868482236708
639,4,10,150,37,0.0
640,4,10,150,37,0.030877778553209584
641,4,10,150,37,0.07675099783970546
642,4,10,150,37,0.11134271306648509
643,4,10,150,37,0.153720433701718
644,4,10,150,37,0.04935421935348238
645,4,10,150,37,0.1759107130049408
646,4,10,150,37,0.0
647,4,10,150,37,0.030218457878623886
648,4,10,150,37,0.1549779107544721
649,4,10,150,37,0.15489949502599
650,4,10,150,37,0.06658081093355517
651,4,10,150,37,0.0
652,4,10,150,37,0.0419387969316025
653,4,10,150,37,0.15647900752474747
654,4,10,150,37,0.19504858809425826
655,4,10,150,37,0.021626696534311794
656,4,10,150,37,0.07397229644086958
657,4,10,150,37,0.0
658,4,10,150,37,0.22745389188843176
659,4,10,150,37,0.1134011041681664
660,4,10,150,37,0.0
661,4,10,150,37,0.06962713451216634
662,4,10,150,37,0.0512644431393966
663,4,10,150,37,0.26745353302001096
664,4,10,150,37,0.3493869069237578
665,4,10,150,37,0.0
666,4,10,150,37,0.27500298083562574
667,4,10,150,37,0.1593472521587426
668,4,10,150,37,0.06194403202282284
669,4,10,150,37,0.07941370599111754
670,4,10,150,37,0.06613087842005526
671,4,10,150,37,0.12700520479034313
672,4,10,150,37,0.0
673,4,10,150,37,0.0
674,4,10,150,37,0.06123763026386081
675,4,10,150,37,0.0
676,4,10,150,37,0.11582866341850039
677,4,10,150,37,0.03314040476303028
678,4,10,150,37,0.0
679,4,10,150,37,0.15527711509166947
680,4,10,150,37,0.05766131729594942
681,4,10,150,37,0.0
682,4,10,150,37,0.17244551139115852
683,4,10,150,37,0.0
684,4,10,150,37,0.06573003977381581
685,4,10,150,37,0.1906465758273748
686,4,10,150,37,0.07277260183012466
687,4,10,150,37,0.0
688,4,10,150,37,0.0
689,4,10,150,37,0.15001451003751623
690,4,10,150,37,0.08477973764523272
691,4,10,150,37,0.05446824630887794
692,4,10,150,37,0.09052881616458627
693,4,10,150,37,0.0
694,4,10,150,37,0.1237976244284575
695,4,10,150,37,0.0
696,4,10,150,37,0.039725595076707886
697,4,10,150,37,0.023456906405016697
698,4,10,150,37,0.049263214589536794
699,4,10,150,37,0.05993284758572256
700,4,10,150,37,0.12729890218214104
701,4,10,150,37,0.0
702,4,10,150,37,0.037715680681715956
703,4,10,150,37,0.09261220774116596
704,4,10,150,37,0.13473043171971474
705,4,10,150,37,0.12931608240836143
706,4,10,150,37,0.04395738023645723
707,4,10,150,37,0.043312052810517525
708,4,10,150,37,0.052053674193544515
709,4,10,150,37,0.1536581810395706
710,4,10,150,37,0.10695361352497157
711,4,10,150,37,0.15499058640292557
712,4,10,150,37,0.127589468673339
713,4,10,150,37,0.1468735732232516
714,4,10,150,37,0.0
715,4,10,150,37,0.0
716,4,10,150,37,0.23426274488769658
717,4,10,150,37,0.022780101788869273
718,4,10,150,37,0.035328385129692476
719,4,10,150,37,0.09883437846193516
720,4,10,150,37,0.0
721,4,10,150,37,0.1362328038144967
722,4,10,150,37,0.06556429791586475
723,4,10,150,37,0.0
724,4,10,150,37,0.0
725,4,10,150,37,0.0
726,4,10,150,37,0.05010834716923557
727,4,10,150,37,0.1867087569222511
728,4,10,150,37,0.09627818061559096
729,4,10,150,37,0.0
730,4,10,150,37,0.0
731,4,10,150,37,0.09388827751441965
732,4,10,150,37,0.0
733,4,10,150,37,0.13925997868015347
734,4,10,150,37,0.0
735,4,10,150,37,0.0
736,4,10,150,37,0.0
737,4,10,150,37,0.04395738023645723
738,4,10,150,37,0.18207303965711613
739,4,10,150,37,0.03855307727568851
740,4,10,150,37,0.0
741,4,10,150,37,0.06111956061280678
742,4,10,150,37,0.0488929053971083
743,4,10,150,37,0.0
744,4,10,150,37,0.0
745,4,10,150,37,0.03520132288421838
746,4,10,150,37,0.23491487959421534
747,4,10,150,37,0.45375228096853076
748,4,10,150,37,0.09966309340283913
749,4,10,150,37,0.1478323690842801
750,4,10,150,37,0.041278922835426404
751,4,10,150,37,0.0715320182477537
752,4,10,150,37,0.0
753,4,10,150,37,0.15780803084928155
754,4,10,150,37,0.0
755,4,10,150,37,0.03855371268423985
756,4,10,150,37,0.03166377199493557
757,4,10,150,37,0.0
758,4,10,150,37,0.2884065161246687
759,4,10,150,37,0.049710505523782283
760,4,10,150,37,0.0
761,4,10,150,37,0.02459490482356159
762,4,10,150,37,0.051960280791503534
763,4,10,150,37,0.033836589466637305
764,4,10,150,37,0.10660843967452906
765,4,10,150,37,0.15066101840234988
766,4,10,150,37,0.033836589466637305
767,4,10,150,37,0.06994410797740244
768,4,10,150,37,0.060133059387366614
769,4,10,150,37,0.0
770,4,10,150,37,0.1912123147921425
771,4,10,150,37,0.2192447252418897
772,4,10,150,37,0.0
773,4,10,150,37,0.11134986705471067
774,4,10,150,37,0.056825057288743513
775,4,10,150,37,0.0
776,4,10,150,37,0.10266638017492336
777,4,10,150,37,0.0
778,4,10,150,37,0.14142149673809498
779,4,10,150,37,0.0
780,4,10,150,37,0.030023253564245667
781,4,10,150,37,0.12262357287001438
782,4,10,150,37,0.0624179351699824
783,4,10,150,37,0.0
784,4,10,150,37,0.0
785,4,10,150,37,0.0
786,4,10,150,37,0.0
787,4,10,150,37,0.0
788,4,10,150,37,0.2963568806727014
789,4,10,150,37,0.08809718769055445
790,4,10,150,37,0.0
791,4,10,150,37,0.04465281017341861
792,4,10,150,37,0.06658592494149675
793,4,10,150,37,0.0
794,4,10,150,37,0.0
795,4,10,150,37,0.0
796,4,10,150,37,0.4413048471045074
797,4,10,150,37,0.07799758411617824
798,4,10,150,37,0.05993284758572256
799,4,10,150,37,0.0
800,4,10,150,37,0.0
801,4,10,150,37,0.1561471668577559
802,4,10,150,37,0.05124850302776537
803,4,10,150,37,0.036404262410258695
804,4,10,150,37,0.19455862695031526
805,4,10,150,37,0.1368565707148278
806,4,10,150,37,0.3286035842479506
807,4,10,150,37,0.12237227469694129
808,4,10,150,37,0.0
809,4,10,150,37,0.0
810,4,10,150,37,0.0
811,4,10,150,37,0.0
812,4,10,150,37,0.0
813,4,10,150,37,0.0
814,4,10,150,37,0.0
815,4,10,150,37,0.1733042043787876
816,4,10,150,37,0.0
817,4,10,150,37,0.0
818,4,10,150,37,0.05516788910004661
819,4,10,150,37,0.037210602758860095
820,4,10,150,37,0.0
821,4,10,150,37,0.26192538724775705
822,4,10,150,37,0.0
823,4,10,150,37,0.2665530973065391
824,4,10,150,37,0.05046096657376444
825,4,10,150,37,0.03674765725162587
826,4,10,150,37,0.13283687446748899
827,4,10,150,37,0.0
828,4,10,150,37,0.049520085299581976
829,4,10,150,37,0.15110239493068348
830,4,10,150,37,0.13371718115547016
831,4,10,150,37,0.19369981287762317
832,4,10,150,37,0.0
833,4,10,150,37,0.16234473550577316
834,4,10,150,37,0.24251121723036934
835,4,10,150,37,0.05955418666684542
836,4,10,150,37,0.1068899734619443
837,4,10,150,37,0.0
838,4,10,150,37,0.24560504806301242
839,4,10,150,37,0.0640765686166134
840,4,10,150,37,0.36917351939637527
841,4,10,150,37,0.0
842,4,10,150,37,0.0
843,4,10,150,37,0.0
844,4,10,150,37,0.04139993815510656
845,4,10,150,37,0.0
846,4,10,150,37,0.4016349096327381
847,4,10,150,37,0.061630195787796854
848,4,10,150,37,0.0
849,4,10,150,37,0.0419387969316025
850,4,10,150,37,0.20938747063345256
851,4,10,150,37,0.05022193197333403
852,4,10,150,37,0.23690281265915858
853,4,10,150,37,0.0
854,4,10,150,37,0.0
855,4,10,150,37,0.0
856,4,10,150,37,0.0
857,4,10,150,37,0.0
858,4,10,150,37,0.10250982096838526
859,4,10,150,37,0.0
860,4,10,150,37,0.0
861,4,10,150,37,0.03709674194804795
862,4,10,150,37,0.08528182260144557
863,4,10,150,37,0.0
864,4,10,150,37,0.46976955032199885
865,4,10,150,37,0.05644898165903662
866,4,10,150,37,0.16283687678415507
867,4,10,150,37,0.14531498155861594
868,4,10,150,37,0.3128042138818268
869,4,10,150,37,0.03406297225598251
870,4,10,150,37,0.3543992264323847
871,4,10,150,37,0.0768877114200128
872,4,10,150,37,0.02804794621397926
873,4,10,150,37,0.0
874,4,10,150,37,0.13944914190808633
875,4,10,150,37,0.12770080506817783
876,4,10,150,37,0.08671382849411972
877,4,10,150,37,0.07117412991844349
878,4,10,150,37,0.2232012479187672
879,4,10,150,37,0.03963466998423315
880,4,10,150,37,0.463359732856143
881,4,10,150,37,0.08057372686549877
882,4,10,150,37,0.2019858636865767
883,4,10,150,37,0.4247556528726954
884,4,10,150,37,0.09113547509404434
885,4,10,150,37,0.05095703791427256
886,4,10,150,37,0.19844558582582583
887,4,10,150,37,0.08146342409091288
888,4,10,150,37,0.11625487663628292
889,4,10,150,37,0.0
890,4,10,150,37,0.07758887225816213
891,4,10,150,37,0.03339755935325358
892,4,10,150,37,0.33345723282254996
893,4,10,150,37,0.10869735563398858
894,4,10,150,37,0.13892788962594863
895,4,10,150,37,0.0
896,4,10,150,37,0.3940247499445214
897,4,10,150,37,0.3181857415741434
898,4,10,150,37,0.0
899,4,10,150,37,0.08073615626118798
900,4,10,150,37,0.03232193387019919
901,4,10,150,37,0.18353152400041506
902,4,10,150,37,0.05978585424799658
903,4,10,150,37,0.2493305581364667
904,4,10,150,37,0.0
905,4,10,150,37,0.0
906,4,10,150,37,0.10407444169186962
907,4,10,150,37,0.03674765725162587
908,4,10,150,37,0.06892767477436933
909,4,10,150,37,0.0
910,4,10,150,37,0.0
911,4,10,150,37,0.08871151500468676
912,4,10,150,37,0.1328892265512611
913,4,10,150,37,0.05828459518778023
914,4,10,150,37,0.0
915,4,10,150,37,0.0
916,4,10,150,37,0.36476277672939805
917,4,10,150,37,0.0
918,4,10,150,37,0.04749565799240336
919,4,10,150,37,0.1461809694377633
920,4,10,150,37,0.0
921,4,10,150,37,0.15614655865745833
922,4,10,150,37,0.15260111842229446
923,4,10,150,37,0.0
924,4,10,150,37,0.0
925,4,10,150,37,0.0
926,4,10,150,37,0.0
927,4,10,150,37,0.04499596683729014
928,4,10,150,37,0.1482972305701491
929,4,10,150,37,0.25163227912988373
930,4,10,150,37,0.0
931,4,10,150,37,0.08679587898287541
932,4,10,150,37,0.2661794474903243
933,4,10,150,37,0.03166377199493557
934,4,10,150,37,0.12121104411868013
935,4,10,150,37,0.04173963774222741
936,4,10,150,37,0.13919441148860773
937,4,10,150,37,0.0
938,4,10,150,37,0.1077474440460911
939,4,10,150,37,0.0
940,4,10,150,37,0.05429185597423662
941,4,10,150,37,0.0
942,4,10,150,37,0.04927547640673503
943,4,10,150,37,0.23685830100845934
1,4,10,150,38,0.4058715898896693
2,4,10,150,38,0.0
3,4,10,150,38,0.0
4,4,10,150,38,0.0
5,4,10,150,38,0.040209635547393256
6,4,10,150,38,0.27020011346731576
7,4,10,150,38,0.25769050443489716
8,4,10,150,38,0.0
9,4,10,150,38,0.21840743681816419
10,4,10,150,38,0.07023180797790304
11,4,10,150,38,0.1722584975122812
12,4,10,150,38,0.0
13,4,10,150,38,0.244663759892127
14,4,10,150,38,0.0
15,4,10,150,38,0.05010834716923557
16,4,10,150,38,0.053168340515114924
17,4,10,150,38,0.0
18,4,10,150,38,0.20717217840635824
19,4,10,150,38,0.0
20,4,10,150,38,0.0
21,4,10,150,38,0.0
22,4,10,150,38,0.11702382382650763
23,4,10,150,38,0.19906649093208975
24,4,10,150,38,0.0
25,4,10,150,38,0.12358102547512423
26,4,10,150,38,0.0
27,4,10,150,38,0.0
28,4,10,150,38,0.0
29,4,10,150,38,0.13455232720853103
30,4,10,150,38,0.0
31,4,10,150,38,0.0
32,4,10,150,38,0.0
33,4,10,150,38,0.0
35,4,10,150,38,0.10523285614729473
36,4,10,150,38,0.0
37,4,10,150,38,0.0
38,4,10,150,38,0.04739418218477539
39,4,10,150,38,0.0
40,4,10,150,38,0.0
41,4,10,150,38,0.0
42,4,10,150,38,0.0683037314796457
43,4,10,150,38,0.22592974817952552
44,4,10,150,38,0.2044921015662719
45,4,10,150,38,0.05200670101006268
46,4,10,150,38,0.11284514134893527
47,4,10,150,38,0.0
48,4,10,150,38,0.0
49,4,10,150,38,0.0
50,4,10,150,38,0.0
51,4,10,150,38,0.16812753627111746
52,4,10,150,38,0.0
54,4,10,150,38,0.0
56,4,10,150,38,0.20383503459815738
57,4,10,150,38,0.23047740788088653
58,4,10,150,38,0.3284106835353137
59,4,10,150,38,0.21885267452793505
60,4,10,150,38,0.1505674224523334
61,4,10,150,38,0.0
62,4,10,150,38,0.08314631791322982
63,4,10,150,38,0.0
64,4,10,150,38,0.04238468688770069
65,4,10,150,38,0.13012668333070054
66,4,10,150,38,0.0
67,4,10,150,38,0.0
68,4,10,150,38,0.4827392464262081
69,4,10,150,38,0.07673373981757839
70,4,10,150,38,0.0
71,4,10,150,38,0.0
72,4,10,150,38,0.0
73,4,10,150,38,0.0
74,4,10,150,38,0.0
75,4,10,150,38,0.049432410190049694
76,4,10,150,38,0.1301464707340554
77,4,10,150,38,0.10201115106436301
78,4,10,150,38,0.0
79,4,10,150,38,0.27487633291429087
80,4,10,150,38,0.0
81,4,10,150,38,0.0
82,4,10,150,38,0.19298623480417013
83,4,10,150,38,0.12089611529519323
84,4,10,150,38,0.0
85,4,10,150,38,0.0
87,4,10,150,38,0.07100089300395272
89,4,10,150,38,0.16716045496620227
90,4,10,150,38,0.0
91,4,10,150,38,0.0
92,4,10,150,38,0.10542637391232386
93,4,10,150,38,0.0
94,4,10,150,38,0.08791240958776
95,4,10,150,38,0.15097216460709872
96,4,10,150,38,0.0
97,4,10,150,38,0.06462745615384195
98,4,10,150,38,0.0930297504356062
99,4,10,150,38,0.05658242244874664
100,4,10,150,38,0.0
101,4,10,150,38,0.0
102,4,10,150,38,0.0
103,4,10,150,38,0.0
104,4,10,150,38,0.0
105,4,10,150,38,0.0
106,4,10,150,38,0.0
107,4,10,150,38,0.0
108,4,10,150,38,0.0
109,4,10,150,38,0.07103066762111539
110,4,10,150,38,0.0
111,4,10,150,38,0.0
112,4,10,150,38,0.0
113,4,10,150,38,0.053168340515114924
114,4,10,150,38,0.0
115,4,10,150,38,0.10684080426179023
116,4,10,150,38,0.0
117,4,10,150,38,0.14606834984270645
118,4,10,150,38,0.0
119,4,10,150,38,0.18374222286855332
120,4,10,150,38,0.0
121,4,10,150,38,0.271985059917519
122,4,10,150,38,0.1530100230930498
123,4,10,150,38,0.07386004580671933
125,4,10,150,38,0.12702645795516354
126,4,10,150,38,0.06911917000496234
127,4,10,150,38,0.10253313861822189
128,4,10,150,38,0.03233829114831982
129,4,10,150,38,0.0
130,4,10,150,38,0.16099269493775217
131,4,10,150,38,0.0
133,4,10,150,38,0.11047239495909743
134,4,10,150,38,0.0
135,4,10,150,38,0.0
137,4,10,150,38,0.0
138,4,10,150,38,0.0
139,4,10,150,38,0.0
141,4,10,150,38,0.0
142,4,10,150,38,0.13373003436102654
143,4,10,150,38,0.0
144,4,10,150,38,0.1227945149537572
145,4,10,150,38,0.08829985348038716
146,4,10,150,38,0.0
148,4,10,150,38,0.0
149,4,10,150,38,0.0
150,4,10,150,38,0.10235170428306553
151,4,10,150,38,0.06298430394440727
152,4,10,150,38,0.0
153,4,10,150,38,0.0
154,4,10,150,38,0.0
155,4,10,150,38,0.0
156,4,10,150,38,0.0
158,4,10,150,38,0.14391090187484273
159,4,10,150,38,0.0
160,4,10,150,38,0.0
161,4,10,150,38,0.0
162,4,10,150,38,0.0
163,4,10,150,38,0.0
164,4,10,150,38,0.0
165,4,10,150,38,0.12114889742360979
166,4,10,150,38,0.0
167,4,10,150,38,0.0
168,4,10,150,38,0.23504554941448536
169,4,10,150,38,0.06416923277158361
170,4,10,150,38,0.0
171,4,10,150,38,0.0
172,4,10,150,38,0.0
173,4,10,150,38,0.0
174,4,10,150,38,0.060961917527339995
175,4,10,150,38,0.0
176,4,10,150,38,0.0
177,4,10,150,38,0.06912040963822193
178,4,10,150,38,0.21869354042431444
179,4,10,150,38,0.06723507268634088
180,4,10,150,38,0.12262943855309168
181,4,10,150,38,0.0
182,4,10,150,38,0.0
183,4,10,150,38,0.0
184,4,10,150,38,0.09303069037986347
185,4,10,150,38,0.07745351606183934
186,4,10,150,38,0.22147164648185297
187,4,10,150,38,0.0
188,4,10,150,38,0.054384419234677496
189,4,10,150,38,0.18472415061971442
190,4,10,150,38,0.10699313236726378
191,4,10,150,38,0.0
192,4,10,150,38,0.0
193,4,10,150,38,0.0
194,4,10,150,38,0.0
195,4,10,150,38,0.0
196,4,10,150,38,0.0
197,4,10,150,38,0.0
198,4,10,150,38,0.0
199,4,10,150,38,0.0
200,4,10,150,38,0.06324423456206756
201,4,10,150,38,0.03609887416557791
203,4,10,150,38,0.0
204,4,10,150,38,0.0
205,4,10,150,38,0.0
206,4,10,150,38,0.0
207,4,10,150,38,0.0
209,4,10,150,38,0.0
210,4,10,150,38,0.06648469969095826
211,4,10,150,38,0.0
212,4,10,150,38,0.12681701683239352
213,4,10,150,38,0.19336468350582656
214,4,10,150,38,0.056720838976548935
215,4,10,150,38,0.0
216,4,10,150,38,0.0
217,4,10,150,38,0.0
218,4,10,150,38,0.19092086617893467
219,4,10,150,38,0.0
221,4,10,150,38,0.3375735570145491
222,4,10,150,38,0.11716594367733779
223,4,10,150,38,0.0
224,4,10,150,38,0.0
225,4,10,150,38,0.0
226,4,10,150,38,0.0
227,4,10,150,38,0.0
228,4,10,150,38,0.0
229,4,10,150,38,0.0
230,4,10,150,38,0.23712439662683835
231,4,10,150,38,0.0
232,4,10,150,38,0.3234992853586256
233,4,10,150,38,0.0968152409481219
234,4,10,150,38,0.0
235,4,10,150,38,0.06065881345112158
236,4,10,150,38,0.0
237,4,10,150,38,0.0
238,4,10,150,38,0.0
239,4,10,150,38,0.060772229737720354
240,4,10,150,38,0.05497526658285817
242,4,10,150,38,0.0
243,4,10,150,38,0.05446333035917803
244,4,10,150,38,0.0897700875992608
245,4,10,150,38,0.0
246,4,10,150,38,0.08041927109478651
247,4,10,150,38,0.0
248,4,10,150,38,0.14830051302014485
249,4,10,150,38,0.16110371389527117
250,4,10,150,38,0.3039989562789163
251,4,10,150,38,0.0
252,4,10,150,38,0.0
253,4,10,150,38,0.05954496680255472
254,4,10,150,38,0.0
255,4,10,150,38,0.0
256,4,10,150,38,0.16583176898817792
257,4,10,150,38,0.3305900772260718
258,4,10,150,38,0.0
259,4,10,150,38,0.0
260,4,10,150,38,0.0
261,4,10,150,38,0.0
262,4,10,150,38,0.0
263,4,10,150,38,0.0975109251896312
264,4,10,150,38,0.0
265,4,10,150,38,0.10209739512291163
267,4,10,150,38,0.09794101962538232
268,4,10,150,38,0.040466532906672535
269,4,10,150,38,0.11154069665984502
270,4,10,150,38,0.0
271,4,10,150,38,0.12276482551434069
272,4,10,150,38,0.09109240322345806
273,4,10,150,38,0.0
274,4,10,150,38,0.0
275,4,10,150,38,0.0
276,4,10,150,38,0.18347557712167228
277,4,10,150,38,0.0
279,4,10,150,38,0.06720361951100144
280,4,10,150,38,0.03337620304869898
281,4,10,150,38,0.0
283,4,10,150,38,0.07132875491150918
284,4,10,150,38,0.0
285,4,10,150,38,0.1185995982858366
286,4,10,150,38,0.23960576911381382
287,4,10,150,38,0.06364028872631156
288,4,10,150,38,0.08482009256337293
289,4,10,150,38,0.13905617951077562
290,4,10,150,38,0.0
291,4,10,150,38,0.20074462409132507
292,4,10,150,38,0.04546401530948942
293,4,10,150,38,0.06886690743551852
294,4,10,150,38,0.04123398036294628
295,4,10,150,38,0.2670961153715764
296,4,10,150,38,0.47774763069170006
297,4,10,150,38,0.08043477786221322
298,4,10,150,38,0.17110977534502889
299,4,10,150,38,0.0
300,4,10,150,38,0.0
301,4,10,150,38,0.047934103497110726
303,4,10,150,38,0.1057741304920635
304,4,10,150,38,0.0
305,4,10,150,38,0.31514747987601716
306,4,10,150,38,0.0
307,4,10,150,38,0.1383141340724969
308,4,10,150,38,0.15269555842056493
309,4,10,150,38,0.0
310,4,10,150,38,0.0
311,4,10,150,38,0.06712613803507668
312,4,10,150,38,0.07579200366109638
313,4,10,150,38,0.14465709645474623
314,4,10,150,38,0.16328939412592594
315,4,10,150,38,0.0
316,4,10,150,38,0.04568304891751105
317,4,10,150,38,0.0
318,4,10,150,38,0.10118786565551004
319,4,10,150,38,0.0
320,4,10,150,38,0.0
321,4,10,150,38,0.062242588308449316
322,4,10,150,38,0.17342765698823945
323,4,10,150,38,0.14126697285982898
324,4,10,150,38,0.0
325,4,10,150,38,0.0
326,4,10,150,38,0.0634222181618871
327,4,10,150,38,0.0
328,4,10,150,38,0.1437524526514495
329,4,10,150,38,0.0
330,4,10,150,38,0.0536466452928127
331,4,10,150,38,0.16958010263680806
332,4,10,150,38,0.0
333,4,10,150,38,0.0
334,4,10,150,38,0.07058424671826317
336,4,10,150,38,0.0
337,4,10,150,38,0.16716045496620227
338,4,10,150,38,0.0
339,4,10,150,38,0.06608282041002614
340,4,10,150,38,0.0
341,4,10,150,38,0.0
342,4,10,150,38,0.2625072992734236
343,4,10,150,38,0.23617544027995818
344,4,10,150,38,0.23832550406045652
345,4,10,150,38,0.056149696530797676
346,4,10,150,38,0.13947804593499064
347,4,10,150,38,0.03232623375868038
348,4,10,150,38,0.0
349,4,10,150,38,0.07673373981757839
350,4,10,150,38,0.0749368547125808
351,4,10,150,38,0.0
352,4,10,150,38,0.0
353,4,10,150,38,0.0
354,4,10,150,38,0.051249224710132255
355,4,10,150,38,0.0
356,4,10,150,38,0.08406376813555873
357,4,10,150,38,0.0
358,4,10,150,38,0.20438239758848611
359,4,10,150,38,0.0
360,4,10,150,38,0.03588081068184636
361,4,10,150,38,0.09622728274290568
362,4,10,150,38,0.0
363,4,10,150,38,0.1803013146105011
364,4,10,150,38,0.0
365,4,10,150,38,0.0
366,4,10,150,38,0.0
367,4,10,150,38,0.0
368,4,10,150,38,0.0
369,4,10,150,38,0.0
370,4,10,150,38,0.09092803061897883
371,4,10,150,38,0.16676134190097475
372,4,10,150,38,0.0
373,4,10,150,38,0.035769798946978335
374,4,10,150,38,0.0501713526692999
375,4,10,150,38,0.0
376,4,10,150,38,0.0
377,4,10,150,38,0.0
378,4,10,150,38,0.16448029476168333
379,4,10,150,38,0.07386135250503313
380,4,10,150,38,0.0
381,4,10,150,38,0.05105625351125917
382,4,10,150,38,0.0
383,4,10,150,38,0.04838338183089434
384,4,10,150,38,0.0
385,4,10,150,38,0.0
386,4,10,150,38,0.0
387,4,10,150,38,0.10146381055482412
388,4,10,150,38,0.04511904280884329
389,4,10,150,38,0.12419123143547287
390,4,10,150,38,0.0
391,4,10,150,38,0.2137247802747043
392,4,10,150,38,0.0
393,4,10,150,38,0.0
394,4,10,150,38,0.11073655428626575
395,4,10,150,38,0.04931346192675315
396,4,10,150,38,0.0
397,4,10,150,38,0.22320497122386787
398,4,10,150,38,0.1418968660083944
399,4,10,150,38,0.0
400,4,10,150,38,0.0
401,4,10,150,38,0.0
402,4,10,150,38,0.08963222225173058
403,4,10,150,38,0.0
404,4,10,150,38,0.0
405,4,10,150,38,0.05887472794707303
406,4,10,150,38,0.2209053494251669
407,4,10,150,38,0.04270006763257965
408,4,10,150,38,0.0
409,4,10,150,38,0.10914342353313093
410,4,10,150,38,0.0
411,4,10,150,38,0.0
412,4,10,150,38,0.0
413,4,10,150,38,0.0
414,4,10,150,38,0.0
415,4,10,150,38,0.08035849674662018
416,4,10,150,38,0.17397896964777818
417,4,10,150,38,0.11366878432344504
418,4,10,150,38,0.0
419,4,10,150,38,0.1208113026994942
420,4,10,150,38,0.06052048269976269
421,4,10,150,38,0.10774355607797731
422,4,10,150,38,0.04320473659574256
423,4,10,150,38,0.053845569940583225
424,4,10,150,38,0.23504554941448536
425,4,10,150,38,0.1674157226455415
426,4,10,150,38,0.040759261617270684
427,4,10,150,38,0.0
428,4,10,150,38,0.0
429,4,10,150,38,0.20028917516413428
430,4,10,150,38,0.0
431,4,10,150,38,0.0
432,4,10,150,38,0.0
433,4,10,150,38,0.05780921899607981
434,4,10,150,38,0.15130120674940672
435,4,10,150,38,0.18569812995767876
436,4,10,150,38,0.0
437,4,10,150,38,0.07336291806952099
438,4,10,150,38,0.0
439,4,10,150,38,0.0
440,4,10,150,38,0.0
441,4,10,150,38,0.0
442,4,10,150,38,0.040949887133979804
443,4,10,150,38,0.06783204105472322
444,4,10,150,38,0.1312721899408984
445,4,10,150,38,0.0
446,4,10,150,38,0.0
447,4,10,150,38,0.16246725303708914
448,4,10,150,38,0.0
449,4,10,150,38,0.1511226181481109
450,4,10,150,38,0.29341289192123804
451,4,10,150,38,0.06148915918944534
452,4,10,150,38,0.10773098771530253
453,4,10,150,38,0.0
454,4,10,150,38,0.0
455,4,10,150,38,0.063401477059351
456,4,10,150,38,0.018650043077523788
457,4,10,150,38,0.3023239135107838
458,4,10,150,38,0.04926693941311216
459,4,10,150,38,0.0
460,4,10,150,38,0.05184030722866645
461,4,10,150,38,0.0
462,4,10,150,38,0.0
463,4,10,150,38,0.11987424504051505
464,4,10,150,38,0.0
465,4,10,150,38,0.0
466,4,10,150,38,0.0
467,4,10,150,38,0.07807600999842033
468,4,10,150,38,0.09063580949954383
469,4,10,150,38,0.0
470,4,10,150,38,0.0
471,4,10,150,38,0.0
472,4,10,150,38,0.04352591983450379
473,4,10,150,38,0.0
474,4,10,150,38,0.21830495091140686
475,4,10,150,38,0.0
476,4,10,150,38,0.0
477,4,10,150,38,0.0
478,4,10,150,38,0.2345109835167376
479,4,10,150,38,0.10172348796286074
480,4,10,150,38,0.037692618019161885
481,4,10,150,38,0.10388675010296258
482,4,10,150,38,0.0
483,4,10,150,38,0.05658242244874664
484,4,10,150,38,0.2723783861819967
485,4,10,150,38,0.0
486,4,10,150,38,0.0
487,4,10,150,38,0.09186626839573692
488,4,10,150,38,0.0
489,4,10,150,38,0.0
490,4,10,150,38,0.0
491,4,10,150,38,0.06362078819895171
492,4,10,150,38,0.0
493,4,10,150,38,0.05484179250244328
494,4,10,150,38,0.0
495,4,10,150,38,0.08079645339948935
496,4,10,150,38,0.02649996754880397
497,4,10,150,38,0.05919512941480979
498,4,10,150,38,0.0
499,4,10,150,38,0.0
500,4,10,150,38,0.10040131896377415
501,4,10,150,38,0.0
502,4,10,150,38,0.0
503,4,10,150,38,0.05608659198762317
504,4,10,150,38,0.0871419194768522
505,4,10,150,38,0.07379217622092994
506,4,10,150,38,0.1075706797742318
507,4,10,150,38,0.05319635904163211
508,4,10,150,38,0.0
509,4,10,150,38,0.0
510,4,10,150,38,0.0
511,4,10,150,38,0.0
512,4,10,150,38,0.0
513,4,10,150,38,0.0
514,4,10,150,38,0.24297229451507954
515,4,10,150,38,0.11706259313796354
516,4,10,150,38,0.0
517,4,10,150,38,0.08878770367712427
518,4,10,150,38,0.0
519,4,10,150,38,0.0
520,4,10,150,38,0.0
521,4,10,150,38,0.09850628252086785
522,4,10,150,38,0.08388997505286215
523,4,10,150,38,0.032114893884379984
524,4,10,150,38,0.16458623392214017
525,4,10,150,38,0.0
526,4,10,150,38,0.04972780777662495
527,4,10,150,38,0.12457616906232613
528,4,10,150,38,0.10209739512291163
529,4,10,150,38,0.0
530,4,10,150,38,0.0
531,4,10,150,38,0.1517763576041802
532,4,10,150,38,0.28380989285413605
533,4,10,150,38,0.11557545112991054
534,4,10,150,38,0.047934103497110726
535,4,10,150,38,0.13233034434438068
536,4,10,150,38,0.09414825230406802
537,4,10,150,38,0.3385997854579023
538,4,10,150,38,0.14697776980950736
539,4,10,150,38,0.04478826142555715
540,4,10,150,38,0.0
541,4,10,150,38,0.0
542,4,10,150,38,0.049033875503285806
543,4,10,150,38,0.0
544,4,10,150,38,0.0
545,4,10,150,38,0.02244213465825961
546,4,10,150,38,0.05758752804519195
547,4,10,150,38,0.0
548,4,10,150,38,0.1103190733436671
549,4,10,150,38,0.0
550,4,10,150,38,0.04785685030080952
551,4,10,150,38,0.07959746070716593
552,4,10,150,38,0.1205344274731702
553,4,10,150,38,0.04743759234968417
554,4,10,150,38,0.12627825946936164
555,4,10,150,38,0.0
556,4,10,150,38,0.040419659112753054
557,4,10,150,38,0.0
558,4,10,150,38,0.08878770367712427
559,4,10,150,38,0.04366879852493834
560,4,10,150,38,0.09375790921485552
561,4,10,150,38,0.031104745345423533
562,4,10,150,38,0.0
563,4,10,150,38,0.0
564,4,10,150,38,0.08498983725535779
565,4,10,150,38,0.0
566,4,10,150,38,0.03579489106983033
567,4,10,150,38,0.1471381878632886
568,4,10,150,38,0.036155150901276155
569,4,10,150,38,0.18299769260789403
570,4,10,150,38,0.0
571,4,10,150,38,0.0
572,4,10,150,38,0.16812753627111746
573,4,10,150,38,0.06437746926759551
574,4,10,150,38,0.051811563545175146
575,4,10,150,38,0.0
576,4,10,150,38,0.0
577,4,10,150,38,0.22096435690052613
578,4,10,150,38,0.0
579,4,10,150,38,0.0
580,4,10,150,38,0.12128674553236206
581,4,10,150,38,0.05276490902632437
582,4,10,150,38,0.0
583,4,10,150,38,0.0
584,4,10,150,38,0.06323567569191428
585,4,10,150,38,0.04173963774222741
586,4,10,150,38,0.05887472794707303
587,4,10,150,38,0.0
588,4,10,150,38,0.1139427223801624
589,4,10,150,38,0.0
590,4,10,150,38,0.053845569940583225
591,4,10,150,38,0.0
592,4,10,150,38,0.383902226672404
593,4,10,150,38,0.024098506230842615
594,4,10,150,38,0.0
595,4,10,150,38,0.03995808168017168
596,4,10,150,38,0.0
597,4,10,150,38,0.27101620591530523
598,4,10,150,38,0.0684591776394769
599,4,10,150,38,0.0
600,4,10,150,38,0.09197011795311534
601,4,10,150,38,0.0
602,4,10,150,38,0.0
603,4,10,150,38,0.0
604,4,10,150,38,0.0
605,4,10,150,38,0.23939908411991156
606,4,10,150,38,0.19742292499952158
607,4,10,150,38,0.0
608,4,10,150,38,0.03962974857737922
609,4,10,150,38,0.0
610,4,10,150,38,0.19303241878686786
611,4,10,150,38,0.0
612,4,10,150,38,0.0
613,4,10,150,38,0.04578230021840749
614,4,10,150,38,0.0
615,4,10,150,38,0.027541830374730368
616,4,10,150,38,0.0
617,4,10,150,38,0.0
618,4,10,150,38,0.14511714078664012
619,4,10,150,38,0.03620451724718618
620,4,10,150,38,0.05233820567490509
621,4,10,150,38,0.09678412991767817
622,4,10,150,38,0.22587751136427647
623,4,10,150,38,0.0
624,4,10,150,38,0.018049437082788954
625,4,10,150,38,0.0
626,4,10,150,38,0.06228974831361337
627,4,10,150,38,0.08129797248065354
628,4,10,150,38,0.0
629,4,10,150,38,0.07182329222808244
630,4,10,150,38,0.1412419569246805
631,4,10,150,38,0.0
632,4,10,150,38,0.12112269717167994
633,4,10,150,38,0.07414861528507455
634,4,10,150,38,0.022104381789790163
635,4,10,150,38,0.04546401530948942
636,4,10,150,38,0.06364028872631156
637,4,10,150,38,0.01928973283308616
638,4,10,150,38,0.09712868482236708
639,4,10,150,38,0.0
640,4,10,150,38,0.030877778553209584
641,4,10,150,38,0.07675099783970546
642,4,10,150,38,0.10937694777980057
643,4,10,150,38,0.1510064860700981
644,4,10,150,38,0.04935421935348238
645,4,10,150,38,0.1728049940615327
646,4,10,150,38,0.0
647,4,10,150,38,0.030218457878623886
648,4,10,150,38,0.16989684926218207
649,4,10,150,38,0.15489949502599
650,4,10,150,38,0.06540532092358627
651,4,10,150,38,0.0
652,4,10,150,38,0.0419387969316025
653,4,10,150,38,0.15371635703226919
654,4,10,150,38,0.19504858809425826
655,4,10,150,38,0.0212448753253439
656,4,10,150,38,0.07397229644086958
657,4,10,150,38,0.0
658,4,10,150,38,0.22745389188843176
659,4,10,150,38,0.11139899780748912
660,4,10,150,38,0.0
661,4,10,150,38,0.06962713451216634
662,4,10,150,38,0.0512644431393966
663,4,10,150,38,0.26273161762445263
664,4,10,150,38,0.34321845068322515
665,4,10,150,38,0.0
666,4,10,150,38,0.2701477792820347
667,4,10,150,38,0.1593472521587426
668,4,10,150,38,0.06194403202282284
669,4,10,150,38,0.07941370599111754
670,4,10,150,38,0.06613087842005526
671,4,10,150,38,0.12700520479034313
672,4,10,150,38,0.0
673,4,10,150,38,0.0
674,4,10,150,38,0.06123763026386081
675,4,10,150,38,0.0
676,4,10,150,38,0.11582866341850039
677,4,10,150,38,0.03314040476303028
678,4,10,150,38,0.0
679,4,10,150,38,0.15527711509166947
680,4,10,150,38,0.05766131729594942
681,4,10,150,38,0.0
682,4,10,150,38,0.16940097088373546
683,4,10,150,38,0.0
684,4,10,150,38,0.06573003977381581
685,4,10,150,38,0.1906465758273748
686,4,10,150,38,0.07277260183012466
687,4,10,150,38,0.0
688,4,10,150,38,0.0
689,4,10,150,38,0.15001451003751623
690,4,10,150,38,0.08328294400075144
691,4,10,150,38,0.05446824630887794
692,4,10,150,38,0.09052881616458627
693,4,10,150,38,0.0
694,4,10,150,38,0.13926705360412853
695,4,10,150,38,0.0
696,4,10,150,38,0.039725595076707886
697,4,10,150,38,0.023456906405016697
698,4,10,150,38,0.04839346824975813
699,4,10,150,38,0.05887472794707303
700,4,10,150,38,0.12729890218214104
701,4,10,150,38,0.0
702,4,10,150,38,0.037715680681715956
703,4,10,150,38,0.09261220774116596
704,4,10,150,38,0.13473043171971474
705,4,10,150,38,0.12703299572215326
706,4,10,150,38,0.04395738023645723
707,4,10,150,38,0.04254737474973485
708,4,10,150,38,0.052053674193544515
709,4,10,150,38,0.15094533248411723
710,4,10,150,38,0.10695361352497157
711,4,10,150,38,0.16990930112095926
712,4,10,150,38,0.1253368655028486
713,4,10,150,38,0.1468735732232516
714,4,10,150,38,0.0
715,4,10,150,38,0.0
716,4,10,150,38,0.24778190275051992
717,4,10,150,38,0.022780101788869273
718,4,10,150,38,0.035328385129692476
719,4,10,150,38,0.09883437846193516
720,4,10,150,38,0.0
721,4,10,150,38,0.13382760181006623
722,4,10,150,38,0.06556429791586475
723,4,10,150,38,0.0
724,4,10,150,38,0.0
725,4,10,150,38,0.0
726,4,10,150,38,0.05010834716923557
727,4,10,150,38,0.1834123975739872
728,4,10,150,38,0.09627818061559096
729,4,10,150,38,0.0
730,4,10,150,38,0.0
731,4,10,150,38,0.09388827751441965
732,4,10,150,38,0.0
733,4,10,150,38,0.13680133164008712
734,4,10,150,38,0.0
735,4,10,150,38,0.0
736,4,10,150,38,0.0
737,4,10,150,38,0.04395738023645723
738,4,10,150,38,0.17885852430050386
739,4,10,150,38,0.03855307727568851
740,4,10,150,38,0.0
741,4,10,150,38,0.060040489452412804
742,4,10,150,38,0.0488929053971083
743,4,10,150,38,0.0
744,4,10,150,38,0.0
745,4,10,150,38,0.03520132288421838
746,4,10,150,38,0.23491487959421534
747,4,10,150,38,0.4633963319749175
748,4,10,150,38,0.0979035328175145
749,4,10,150,38,0.1452223757457786
750,4,10,150,38,0.041278922835426404
751,4,10,150,38,0.07026911424186735
752,4,10,150,38,0.0
753,4,10,150,38,0.15780803084928155
754,4,10,150,38,0.0
755,4,10,150,38,0.03855371268423985
756,4,10,150,38,0.031104745345423533
757,4,10,150,38,0.0
758,4,10,150,38,0.2833146739893603
759,4,10,150,38,0.049710505523782283
760,4,10,150,38,0.0
761,4,10,150,38,0.02459490482356159
762,4,10,150,38,0.051960280791503534
763,4,10,150,38,0.05089428854171846
764,4,10,150,38,0.1047262583964902
765,4,10,150,38,0.15066101840234988
766,4,10,150,38,0.03323920153561399
767,4,10,150,38,0.06994410797740244
768,4,10,150,38,0.060133059387366614
769,4,10,150,38,0.0
770,4,10,150,38,0.1912123147921425
771,4,10,150,38,0.2192447252418897
772,4,10,150,38,0.0
773,4,10,150,38,0.1093839754637416
774,4,10,150,38,0.05582180595818388
775,4,10,150,38,0.0
776,4,10,150,38,0.12063877131022939
777,4,10,150,38,0.0
778,4,10,150,38,0.14142149673809498
779,4,10,150,38,0.0
780,4,10,150,38,0.030023253564245667
781,4,10,150,38,0.12262357287001438
782,4,10,150,38,0.061315941093814975
783,4,10,150,38,0.0
784,4,10,150,38,0.0
785,4,10,150,38,0.0
786,4,10,150,38,0.0
787,4,10,150,38,0.0
788,4,10,150,38,0.2911246741595671
789,4,10,150,38,0.08809718769055445
790,4,10,150,38,0.0
791,4,10,150,38,0.04465281017341861
792,4,10,150,38,0.06658592494149675
793,4,10,150,38,0.0
794,4,10,150,38,0.0
795,4,10,150,38,0.0
796,4,10,150,38,0.43351357163266174
797,4,10,150,38,0.07799758411617824
798,4,10,150,38,0.05887472794707303
799,4,10,150,38,0.0
800,4,10,150,38,0.0
801,4,10,150,38,0.1561471668577559
802,4,10,150,38,0.05124850302776537
803,4,10,150,38,0.036404262410258695
804,4,10,150,38,0.19112367746371922
805,4,10,150,38,0.15209544305760492
806,4,10,150,38,0.32280205937753526
807,4,10,150,38,0.12021178154003188
808,4,10,150,38,0.0
809,4,10,150,38,0.0
810,4,10,150,38,0.0
811,4,10,150,38,0.0
812,4,10,150,38,0.0
813,4,10,150,38,0.0
814,4,10,150,38,0.0
815,4,10,150,38,0.18789959057806085
816,4,10,150,38,0.0
817,4,10,150,38,0.0
818,4,10,150,38,0.05516788910004661
819,4,10,150,38,0.037210602758860095
820,4,10,150,38,0.0
821,4,10,150,38,0.28257688382381674
822,4,10,150,38,0.0
823,4,10,150,38,0.2618470791818455
824,4,10,150,38,0.05046096657376444
825,4,10,150,38,0.03609887416557791
826,4,10,150,38,0.14814671489725098
827,4,10,150,38,0.0
828,4,10,150,38,0.06630089089117262
829,4,10,150,38,0.15110239493068348
830,4,10,150,38,0.13135639268795932
831,4,10,150,38,0.19369981287762317
832,4,10,150,38,0.0
833,4,10,150,38,0.15947852507543575
834,4,10,150,38,0.24251121723036934
835,4,10,150,38,0.05850275231966448
836,4,10,150,38,0.1068899734619443
837,4,10,150,38,0.0
838,4,10,150,38,0.24560504806301242
839,4,10,150,38,0.0640765686166134
840,4,10,150,38,0.36265572879108254
841,4,10,150,38,0.0
842,4,10,150,38,0.0
843,4,10,150,38,0.0
844,4,10,150,38,0.04139993815510656
845,4,10,150,38,0.0
846,4,10,150,38,0.39454401035848324
847,4,10,150,38,0.060542109318960056
848,4,10,150,38,0.0
849,4,10,150,38,0.0419387969316025
850,4,10,150,38,0.20938747063345256
851,4,10,150,38,0.049335259394730165
852,4,10,150,38,0.23690281265915858
853,4,10,150,38,0.0
854,4,10,150,38,0.0
855,4,10,150,38,0.0
856,4,10,150,38,0.0
857,4,10,150,38,0.0
858,4,10,150,38,0.10250982096838526
859,4,10,150,38,0.0
860,4,10,150,38,0.01939247039510922
861,4,10,150,38,0.03709674194804795
862,4,10,150,38,0.10143125160948235
863,4,10,150,38,0.0
864,4,10,150,38,0.4791308150443499
865,4,10,150,38,0.05644898165903662
866,4,10,150,38,0.16283687678415507
867,4,10,150,38,0.14274943291590814
868,4,10,150,38,0.307281628269867
869,4,10,150,38,0.03406297225598251
870,4,10,150,38,0.34814227725482483
871,4,10,150,38,0.07553025218519223
872,4,10,150,38,0.02804794621397926
873,4,10,150,38,0.0
874,4,10,150,38,0.13944914190808633
875,4,10,150,38,0.12544623624394957
876,4,10,150,38,0.08671382849411972
877,4,10,150,38,0.06991754446214958
878,4,10,150,38,0.21926061046689027
879,4,10,150,38,0.03963466998423315
880,4,10,150,38,0.472834163463547
881,4,10,150,38,0.0791511907072823
882,4,10,150,38,0.19841978568918706
883,4,10,150,38,0.41725655486489327
884,4,10,150,38,0.09113547509404434
885,4,10,150,38,0.05005738697632271
886,4,10,150,38,0.19494201174209352
887,4,10,150,38,0.08002518025077264
888,4,10,150,38,0.11625487663628292
889,4,10,150,38,0.0
890,4,10,150,38,0.07621903396773877
891,4,10,150,38,0.03339755935325358
892,4,10,150,38,0.32757001636425304
893,4,10,150,38,0.10869735563398858
894,4,10,150,38,0.13647510564702803
895,4,10,150,38,0.0
896,4,10,150,38,0.38706820870169234
897,4,10,150,38,0.31256814462255006
898,4,10,150,38,0.0
899,4,10,150,38,0.07931075239785827
900,4,10,150,38,0.03232193387019919
901,4,10,150,38,0.19794634598192923
902,4,10,150,38,0.05978585424799658
903,4,10,150,38,0.2449286054392868
904,4,10,150,38,0.0
905,4,10,150,38,0.0
906,4,10,150,38,0.10407444169186962
907,4,10,150,38,0.03609887416557791
908,4,10,150,38,0.06892767477436933
909,4,10,150,38,0.0
910,4,10,150,38,0.0
911,4,10,150,38,0.08714530548883567
912,4,10,150,38,0.1328892265512611
913,4,10,150,38,0.057255575588624395
914,4,10,150,38,0.0
915,4,10,150,38,0.0
916,4,10,150,38,0.35832285816965226
917,4,10,150,38,0.0
918,4,10,150,38,0.0466571180181353
919,4,10,150,38,0.1436001317037029
920,4,10,150,38,0.0
921,4,10,150,38,0.15338977757865713
922,4,10,150,38,0.14990693239932001
923,4,10,150,38,0.0
924,4,10,150,38,0.0
925,4,10,150,38,0.0
926,4,10,150,38,0.0
927,4,10,150,38,0.04499596683729014
928,4,10,150,38,0.1482972305701491
929,4,10,150,38,0.25163227912988373
930,4,10,150,38,0.0
931,4,10,150,38,0.08679587898287541
932,4,10,150,38,0.2614800261856458
933,4,10,150,38,0.048759832351528
934,4,10,150,38,0.11907105258866407
935,4,10,150,38,0.04173963774222741
936,4,10,150,38,0.13673692204301285
937,4,10,150,38,0.0
938,4,10,150,38,0.12839894062215076
939,4,10,150,38,0.0
940,4,10,150,38,0.053333328533288586
941,4,10,150,38,0.0
942,4,10,150,38,0.04927547640673503
943,4,10,150,38,0.2326765470960369
1,4,10,150,39,0.4058715898896693
2,4,10,150,39,0.0
3,4,10,150,39,0.0
4,4,10,150,39,0.0
5,4,10,150,39,0.040209635547393256
6,4,10,150,39,0.27020011346731576
7,4,10,150,39,0.25769050443489716
8,4,10,150,39,0.0
9,4,10,150,39,0.21840743681816419
10,4,10,150,39,0.10100512432806459
11,4,10,150,39,0.1722584975122812
12,4,10,150,39,0.0
13,4,10,150,39,0.2576795438384298
14,4,10,150,39,0.0
15,4,10,150,39,0.05010834716923557
16,4,10,150,39,0.053168340515114924
17,4,10,150,39,0.0
18,4,10,150,39,0.20717217840635824
19,4,10,150,39,0.0
20,4,10,150,39,0.0
21,4,10,150,39,0.0
22,4,10,150,39,0.11702382382650763
23,4,10,150,39,0.19906649093208975
24,4,10,150,39,0.0
25,4,10,150,39,0.12358102547512423
26,4,10,150,39,0.0
27,4,10,150,39,0.0
28,4,10,150,39,0.0
29,4,10,150,39,0.13455232720853103
30,4,10,150,39,0.0
31,4,10,150,39,0.0
32,4,10,150,39,0.0
33,4,10,150,39,0.0
35,4,10,150,39,0.10523285614729473
36,4,10,150,39,0.0
37,4,10,150,39,0.0
38,4,10,150,39,0.04739418218477539
39,4,10,150,39,0.0
40,4,10,150,39,0.0
41,4,10,150,39,0.0
42,4,10,150,39,0.0683037314796457
43,4,10,150,39,0.22592974817952552
44,4,10,150,39,0.2044921015662719
45,4,10,150,39,0.05200670101006268
46,4,10,150,39,0.11284514134893527
47,4,10,150,39,0.0
48,4,10,150,39,0.0
49,4,10,150,39,0.0
50,4,10,150,39,0.0
51,4,10,150,39,0.16812753627111746
52,4,10,150,39,0.0
54,4,10,150,39,0.0
56,4,10,150,39,0.20383503459815738
57,4,10,150,39,0.23047740788088653
58,4,10,150,39,0.3284106835353137
59,4,10,150,39,0.21885267452793505
60,4,10,150,39,0.1505674224523334
61,4,10,150,39,0.0
62,4,10,150,39,0.08314631791322982
63,4,10,150,39,0.0
64,4,10,150,39,0.04238468688770069
65,4,10,150,39,0.13012668333070054
66,4,10,150,39,0.0
67,4,10,150,39,0.0
68,4,10,150,39,0.4827392464262081
69,4,10,150,39,0.07673373981757839
70,4,10,150,39,0.0
71,4,10,150,39,0.0
72,4,10,150,39,0.0
73,4,10,150,39,0.0
74,4,10,150,39,0.0
75,4,10,150,39,0.049432410190049694
76,4,10,150,39,0.1301464707340554
77,4,10,150,39,0.10201115106436301
78,4,10,150,39,0.0
79,4,10,150,39,0.27487633291429087
80,4,10,150,39,0.0
81,4,10,150,39,0.0
82,4,10,150,39,0.19298623480417013
83,4,10,150,39,0.12089611529519323
84,4,10,150,39,0.0
85,4,10,150,39,0.0
87,4,10,150,39,0.07100089300395272
89,4,10,150,39,0.2553387838830436
90,4,10,150,39,0.0
91,4,10,150,39,0.0
92,4,10,150,39,0.10542637391232386
93,4,10,150,39,0.0
94,4,10,150,39,0.08791240958776
95,4,10,150,39,0.15097216460709872
96,4,10,150,39,0.0
97,4,10,150,39,0.06462745615384195
98,4,10,150,39,0.0930297504356062
99,4,10,150,39,0.05658242244874664
100,4,10,150,39,0.0
101,4,10,150,39,0.0
102,4,10,150,39,0.0
103,4,10,150,39,0.0
104,4,10,150,39,0.0
105,4,10,150,39,0.0
106,4,10,150,39,0.0
107,4,10,150,39,0.0
108,4,10,150,39,0.0
109,4,10,150,39,0.07103066762111539
110,4,10,150,39,0.0
111,4,10,150,39,0.0
112,4,10,150,39,0.05685954565780693
113,4,10,150,39,0.053168340515114924
114,4,10,150,39,0.0
115,4,10,150,39,0.10684080426179023
116,4,10,150,39,0.0
117,4,10,150,39,0.14606834984270645
118,4,10,150,39,0.0
119,4,10,150,39,0.18374222286855332
120,4,10,150,39,0.0
121,4,10,150,39,0.271985059917519
122,4,10,150,39,0.1530100230930498
123,4,10,150,39,0.07386004580671933
125,4,10,150,39,0.12702645795516354
126,4,10,150,39,0.06911917000496234
127,4,10,150,39,0.10253313861822189
128,4,10,150,39,0.03233829114831982
129,4,10,150,39,0.0
130,4,10,150,39,0.16099269493775217
131,4,10,150,39,0.0
133,4,10,150,39,0.11047239495909743
134,4,10,150,39,0.0
135,4,10,150,39,0.0
137,4,10,150,39,0.0
138,4,10,150,39,0.0
139,4,10,150,39,0.0
141,4,10,150,39,0.0
142,4,10,150,39,0.13373003436102654
143,4,10,150,39,0.0
144,4,10,150,39,0.1227945149537572
145,4,10,150,39,0.08829985348038716
146,4,10,150,39,0.0
148,4,10,150,39,0.0
149,4,10,150,39,0.0
150,4,10,150,39,0.10235170428306553
151,4,10,150,39,0.06298430394440727
152,4,10,150,39,0.0
153,4,10,150,39,0.0
154,4,10,150,39,0.06372882143962796
155,4,10,150,39,0.0
156,4,10,150,39,0.0
158,4,10,150,39,0.14391090187484273
159,4,10,150,39,0.0
160,4,10,150,39,0.0
161,4,10,150,39,0.0
162,4,10,150,39,0.0
163,4,10,150,39,0.0
164,4,10,150,39,0.0
165,4,10,150,39,0.12114889742360979
166,4,10,150,39,0.0
167,4,10,150,39,0.0
168,4,10,150,39,0.23504554941448536
169,4,10,150,39,0.06416923277158361
170,4,10,150,39,0.0
171,4,10,150,39,0.0
172,4,10,150,39,0.0
173,4,10,150,39,0.0
174,4,10,150,39,0.060961917527339995
175,4,10,150,39,0.0
176,4,10,150,39,0.0
177,4,10,150,39,0.06912040963822193
178,4,10,150,39,0.21869354042431444
179,4,10,150,39,0.06723507268634088
180,4,10,150,39,0.12262943855309168
181,4,10,150,39,0.0
182,4,10,150,39,0.0
183,4,10,150,39,0.0
184,4,10,150,39,0.09303069037986347
185,4,10,150,39,0.07745351606183934
186,4,10,150,39,0.22147164648185297
187,4,10,150,39,0.04416548762473651
188,4,10,150,39,0.054384419234677496
189,4,10,150,39,0.18472415061971442
190,4,10,150,39,0.10699313236726378
191,4,10,150,39,0.0
192,4,10,150,39,0.0
193,4,10,150,39,0.0
194,4,10,150,39,0.0
195,4,10,150,39,0.0
196,4,10,150,39,0.0
197,4,10,150,39,0.0
198,4,10,150,39,0.0
199,4,10,150,39,0.0
200,4,10,150,39,0.0891099526415642
201,4,10,150,39,0.035476826497407195
203,4,10,150,39,0.0
204,4,10,150,39,0.0
205,4,10,150,39,0.0
206,4,10,150,39,0.0
207,4,10,150,39,0.025865718079496645
209,4,10,150,39,0.0
210,4,10,150,39,0.06648469969095826
211,4,10,150,39,0.0
212,4,10,150,39,0.12681701683239352
213,4,10,150,39,0.19336468350582656
214,4,10,150,39,0.056720838976548935
215,4,10,150,39,0.0
216,4,10,150,39,0.0
217,4,10,150,39,0.0
218,4,10,150,39,0.19092086617893467
219,4,10,150,39,0.0
221,4,10,150,39,0.3375735570145491
222,4,10,150,39,0.11514696652810008
223,4,10,150,39,0.0
224,4,10,150,39,0.0
225,4,10,150,39,0.0
226,4,10,150,39,0.0
227,4,10,150,39,0.0
228,4,10,150,39,0.0
229,4,10,150,39,0.0
230,4,10,150,39,0.23712439662683835
231,4,10,150,39,0.0
232,4,10,150,39,0.3234992853586256
233,4,10,150,39,0.0968152409481219
234,4,10,150,39,0.0
235,4,10,150,39,0.06065881345112158
236,4,10,150,39,0.0
237,4,10,150,39,0.0
238,4,10,150,39,0.0
239,4,10,150,39,0.060772229737720354
240,4,10,150,39,0.05497526658285817
242,4,10,150,39,0.0
243,4,10,150,39,0.05446333035917803
244,4,10,150,39,0.0897700875992608
245,4,10,150,39,0.0
246,4,10,150,39,0.08041927109478651
247,4,10,150,39,0.0
248,4,10,150,39,0.14830051302014485
249,4,10,150,39,0.16110371389527117
250,4,10,150,39,0.3039989562789163
251,4,10,150,39,0.0
252,4,10,150,39,0.0
253,4,10,150,39,0.05954496680255472
254,4,10,150,39,0.0
255,4,10,150,39,0.0
256,4,10,150,39,0.16583176898817792
257,4,10,150,39,0.3305900772260718
258,4,10,150,39,0.0
259,4,10,150,39,0.0
260,4,10,150,39,0.0
261,4,10,150,39,0.0
262,4,10,150,39,0.0
263,4,10,150,39,0.0975109251896312
264,4,10,150,39,0.0
265,4,10,150,39,0.10209739512291163
267,4,10,150,39,0.09794101962538232
268,4,10,150,39,0.040466532906672535
269,4,10,150,39,0.11154069665984502
270,4,10,150,39,0.0
271,4,10,150,39,0.12276482551434069
272,4,10,150,39,0.09109240322345806
273,4,10,150,39,0.0
274,4,10,150,39,0.0
275,4,10,150,39,0.0
276,4,10,150,39,0.1803139673054958
277,4,10,150,39,0.0
279,4,10,150,39,0.06604558187753662
280,4,10,150,39,0.03337620304869898
281,4,10,150,39,0.0
283,4,10,150,39,0.07132875491150918
284,4,10,150,39,0.0
285,4,10,150,39,0.1185995982858366
286,4,10,150,39,0.2610657027199842
287,4,10,150,39,0.06364028872631156
288,4,10,150,39,0.08482009256337293
289,4,10,150,39,0.13905617951077562
290,4,10,150,39,0.0
291,4,10,150,39,0.20074462409132507
292,4,10,150,39,0.04546401530948942
293,4,10,150,39,0.06886690743551852
294,4,10,150,39,0.04123398036294628
295,4,10,150,39,0.2670961153715764
296,4,10,150,39,0.47774763069170006
297,4,10,150,39,0.08043477786221322
298,4,10,150,39,0.17110977534502889
299,4,10,150,39,0.0
300,4,10,150,39,0.0
301,4,10,150,39,0.047934103497110726
303,4,10,150,39,0.10395145450157199
304,4,10,150,39,0.0
305,4,10,150,39,0.31514747987601716
306,4,10,150,39,0.0
307,4,10,150,39,0.1383141340724969
308,4,10,150,39,0.15269555842056493
309,4,10,150,39,0.0
310,4,10,150,39,0.0
311,4,10,150,39,0.06712613803507668
312,4,10,150,39,0.07579200366109638
313,4,10,150,39,0.14465709645474623
314,4,10,150,39,0.18379915372429234
315,4,10,150,39,0.0
316,4,10,150,39,0.04568304891751105
317,4,10,150,39,0.0
318,4,10,150,39,0.10118786565551004
319,4,10,150,39,0.0
320,4,10,150,39,0.0
321,4,10,150,39,0.062242588308449316
322,4,10,150,39,0.17342765698823945
323,4,10,150,39,0.14126697285982898
324,4,10,150,39,0.0
325,4,10,150,39,0.0
326,4,10,150,39,0.0634222181618871
327,4,10,150,39,0.0
328,4,10,150,39,0.1437524526514495
329,4,10,150,39,0.0
330,4,10,150,39,0.0536466452928127
331,4,10,150,39,0.16958010263680806
332,4,10,150,39,0.0
333,4,10,150,39,0.0
334,4,10,150,39,0.07058424671826317
336,4,10,150,39,0.0
337,4,10,150,39,0.16716045496620227
338,4,10,150,39,0.0
339,4,10,150,39,0.06608282041002614
340,4,10,150,39,0.0
341,4,10,150,39,0.0
342,4,10,150,39,0.2625072992734236
343,4,10,150,39,0.23617544027995818
344,4,10,150,39,0.23832550406045652
345,4,10,150,39,0.056149696530797676
346,4,10,150,39,0.13947804593499064
347,4,10,150,39,0.03232623375868038
348,4,10,150,39,0.0
349,4,10,150,39,0.07673373981757839
350,4,10,150,39,0.0749368547125808
351,4,10,150,39,0.0
352,4,10,150,39,0.0
353,4,10,150,39,0.0
354,4,10,150,39,0.051249224710132255
355,4,10,150,39,0.0
356,4,10,150,39,0.08406376813555873
357,4,10,150,39,0.0
358,4,10,150,39,0.20438239758848611
359,4,10,150,39,0.0
360,4,10,150,39,0.03588081068184636
361,4,10,150,39,0.09622728274290568
362,4,10,150,39,0.0
363,4,10,150,39,0.1803013146105011
364,4,10,150,39,0.0
365,4,10,150,39,0.0
366,4,10,150,39,0.0
367,4,10,150,39,0.0
368,4,10,150,39,0.0
369,4,10,150,39,0.0
370,4,10,150,39,0.09092803061897883
371,4,10,150,39,0.16676134190097475
372,4,10,150,39,0.0
373,4,10,150,39,0.035769798946978335
374,4,10,150,39,0.06834943074719504
375,4,10,150,39,0.0
376,4,10,150,39,0.0
377,4,10,150,39,0.0
378,4,10,150,39,0.16448029476168333
379,4,10,150,39,0.07386135250503313
380,4,10,150,39,0.0
381,4,10,150,39,0.05105625351125917
382,4,10,150,39,0.0
383,4,10,150,39,0.04838338183089434
384,4,10,150,39,0.0
385,4,10,150,39,0.0
386,4,10,150,39,0.0
387,4,10,150,39,0.11694718377160818
388,4,10,150,39,0.04511904280884329
389,4,10,150,39,0.12419123143547287
390,4,10,150,39,0.0
391,4,10,150,39,0.2137247802747043
392,4,10,150,39,0.0
393,4,10,150,39,0.0
394,4,10,150,39,0.11073655428626575
395,4,10,150,39,0.04931346192675315
396,4,10,150,39,0.0
397,4,10,150,39,0.22320497122386787
398,4,10,150,39,0.1418968660083944
399,4,10,150,39,0.0
400,4,10,150,39,0.0
401,4,10,150,39,0.0
402,4,10,150,39,0.08963222225173058
403,4,10,150,39,0.0
404,4,10,150,39,0.0
405,4,10,150,39,0.05786021189691368
406,4,10,150,39,0.2170987582038985
407,4,10,150,39,0.04270006763257965
408,4,10,150,39,0.0
409,4,10,150,39,0.10914342353313093
410,4,10,150,39,0.0
411,4,10,150,39,0.0
412,4,10,150,39,0.0
413,4,10,150,39,0.0
414,4,10,150,39,0.0
415,4,10,150,39,0.08035849674662018
416,4,10,150,39,0.17098100323243384
417,4,10,150,39,0.11171006943644113
418,4,10,150,39,0.0
419,4,10,150,39,0.1208113026994942
420,4,10,150,39,0.06052048269976269
421,4,10,150,39,0.10774355607797731
422,4,10,150,39,0.04320473659574256
423,4,10,150,39,0.053845569940583225
424,4,10,150,39,0.23504554941448536
425,4,10,150,39,0.1674157226455415
426,4,10,150,39,0.040759261617270684
427,4,10,150,39,0.0
428,4,10,150,39,0.0
429,4,10,150,39,0.19683783721383644
430,4,10,150,39,0.0
431,4,10,150,39,0.0
432,4,10,150,39,0.0
433,4,10,150,39,0.05780921899607981
434,4,10,150,39,0.15130120674940672
435,4,10,150,39,0.18249822161167323
436,4,10,150,39,0.0
437,4,10,150,39,0.07336291806952099
438,4,10,150,39,0.0
439,4,10,150,39,0.0
440,4,10,150,39,0.0
441,4,10,150,39,0.0
442,4,10,150,39,0.040949887133979804
443,4,10,150,39,0.06783204105472322
444,4,10,150,39,0.1312721899408984
445,4,10,150,39,0.0
446,4,10,150,39,0.0
447,4,10,150,39,0.16246725303708914
448,4,10,150,39,0.0
449,4,10,150,39,0.1511226181481109
450,4,10,150,39,0.28835686706036107
451,4,10,150,39,0.06148915918944534
452,4,10,150,39,0.10773098771530253
453,4,10,150,39,0.0
454,4,10,150,39,0.0
455,4,10,150,39,0.063401477059351
456,4,10,150,39,0.018650043077523788
457,4,10,150,39,0.29711433593312764
458,4,10,150,39,0.04926693941311216
459,4,10,150,39,0.0
460,4,10,150,39,0.05184030722866645
461,4,10,150,39,0.0
462,4,10,150,39,0.0
463,4,10,150,39,0.11987424504051505
464,4,10,150,39,0.0
465,4,10,150,39,0.0
466,4,10,150,39,0.0
467,4,10,150,39,0.07807600999842033
468,4,10,150,39,0.09063580949954383
469,4,10,150,39,0.0
470,4,10,150,39,0.0
471,4,10,150,39,0.0
472,4,10,150,39,0.042775890988345035
473,4,10,150,39,0.0
474,4,10,150,39,0.2145431691715749
475,4,10,150,39,0.0
476,4,10,150,39,0.0
477,4,10,150,39,0.0
478,4,10,150,39,0.2345109835167376
479,4,10,150,39,0.10172348796286074
480,4,10,150,39,0.037692618019161885
481,4,10,150,39,0.10388675010296258
482,4,10,150,39,0.0
483,4,10,150,39,0.05658242244874664
484,4,10,150,39,0.2723783861819967
485,4,10,150,39,0.0
486,4,10,150,39,0.0
487,4,10,150,39,0.09028324955207437
488,4,10,150,39,0.0
489,4,10,150,39,0.0
490,4,10,150,39,0.0
491,4,10,150,39,0.10497643268981144
492,4,10,150,39,0.0
493,4,10,150,39,0.05484179250244328
494,4,10,150,39,0.0
495,4,10,150,39,0.08079645339948935
496,4,10,150,39,0.02649996754880397
497,4,10,150,39,0.05817509227873041
498,4,10,150,39,0.0
499,4,10,150,39,0.0
500,4,10,150,39,0.09867122605128567
501,4,10,150,39,0.0
502,4,10,150,39,0.0
503,4,10,150,39,0.05608659198762317
504,4,10,150,39,0.08564030954957684
505,4,10,150,39,0.07379217622092994
506,4,10,150,39,0.10571704605119163
507,4,10,150,39,0.05319635904163211
508,4,10,150,39,0.0
509,4,10,150,39,0.0
510,4,10,150,39,0.0
511,4,10,150,39,0.0
512,4,10,150,39,0.0
513,4,10,150,39,0.0
514,4,10,150,39,0.25601722541174865
515,4,10,150,39,0.11706259313796354
516,4,10,150,39,0.0
517,4,10,150,39,0.08878770367712427
518,4,10,150,39,0.0
519,4,10,150,39,0.0
520,4,10,150,39,0.0
521,4,10,150,39,0.09850628252086785
522,4,10,150,39,0.12524561954372188
523,4,10,150,39,0.032114893884379984
524,4,10,150,39,0.1617501210130597
525,4,10,150,39,0.0
526,4,10,150,39,0.04972780777662495
527,4,10,150,39,0.12457616906232613
528,4,10,150,39,0.10209739512291163
529,4,10,150,39,0.0
530,4,10,150,39,0.0
531,4,10,150,39,0.1517763576041802
532,4,10,150,39,0.2789193447100602
533,4,10,150,39,0.11557545112991054
534,4,10,150,39,0.07648531846808838
535,4,10,150,39,0.13005005765870498
536,4,10,150,39,0.09414825230406802
537,4,10,150,39,0.3327651102261735
538,4,10,150,39,0.14697776980950736
539,4,10,150,39,0.04478826142555715
540,4,10,150,39,0.0
541,4,10,150,39,0.0
542,4,10,150,39,0.049033875503285806
543,4,10,150,39,0.0
544,4,10,150,39,0.0
545,4,10,150,39,0.02244213465825961
546,4,10,150,39,0.05758752804519195
547,4,10,150,39,0.0
548,4,10,150,39,0.1103190733436671
549,4,10,150,39,0.0
550,4,10,150,39,0.04785685030080952
551,4,10,150,39,0.07822585519398303
552,4,10,150,39,0.1205344274731702
553,4,10,150,39,0.04743759234968417
554,4,10,150,39,0.12627825946936164
555,4,10,150,39,0.0
556,4,10,150,39,0.040419659112753054
557,4,10,150,39,0.0
558,4,10,150,39,0.08878770367712427
559,4,10,150,39,0.04366879852493834
560,4,10,150,39,0.09375790921485552
561,4,10,150,39,0.030568755380129424
562,4,10,150,39,0.0
563,4,10,150,39,0.0
564,4,10,150,39,0.08498983725535779
565,4,10,150,39,0.0
566,4,10,150,39,0.03579489106983033
567,4,10,150,39,0.1471381878632886
568,4,10,150,39,0.036155150901276155
569,4,10,150,39,0.18299769260789403
570,4,10,150,39,0.0
571,4,10,150,39,0.0
572,4,10,150,39,0.16812753627111746
573,4,10,150,39,0.06437746926759551
574,4,10,150,39,0.051811563545175146
575,4,10,150,39,0.0
576,4,10,150,39,0.0
577,4,10,150,39,0.21715674887573405
578,4,10,150,39,0.0
579,4,10,150,39,0.0
580,4,10,150,39,0.12128674553236206
581,4,10,150,39,0.05276490902632437
582,4,10,150,39,0.0
583,4,10,150,39,0.0
584,4,10,150,39,0.06323567569191428
585,4,10,150,39,0.04173963774222741
586,4,10,150,39,0.05786021189691368
587,4,10,150,39,0.0
588,4,10,150,39,0.12921106179930905
589,4,10,150,39,0.0
590,4,10,150,39,0.053845569940583225
591,4,10,150,39,0.0
592,4,10,150,39,0.3772869099782666
593,4,10,150,39,0.024098506230842615
594,4,10,150,39,0.0
595,4,10,150,39,0.03995808168017168
596,4,10,150,39,0.0
597,4,10,150,39,0.27101620591530523
598,4,10,150,39,0.0684591776394769
599,4,10,150,39,0.0
600,4,10,150,39,0.09197011795311534
601,4,10,150,39,0.0
602,4,10,150,39,0.0
603,4,10,150,39,0.0
604,4,10,150,39,0.0
605,4,10,150,39,0.23939908411991156
606,4,10,150,39,0.19402097762642329
607,4,10,150,39,0.0
608,4,10,150,39,0.03962974857737922
609,4,10,150,39,0.0
610,4,10,150,39,0.19303241878686786
611,4,10,150,39,0.0
612,4,10,150,39,0.0
613,4,10,150,39,0.04578230021840749
614,4,10,150,39,0.0
615,4,10,150,39,0.027541830374730368
616,4,10,150,39,0.0
617,4,10,150,39,0.0
618,4,10,150,39,0.14261651490496075
619,4,10,150,39,0.03620451724718618
620,4,10,150,39,0.07486279505364456
621,4,10,150,39,0.09678412991767817
622,4,10,150,39,0.2219852409684775
623,4,10,150,39,0.04416548762473651
624,4,10,150,39,0.017738413248703597
625,4,10,150,39,0.0
626,4,10,150,39,0.06228974831361337
627,4,10,150,39,0.07989706413163862
628,4,10,150,39,0.0
629,4,10,150,39,0.09070535185717458
630,4,10,150,39,0.1412419569246805
631,4,10,150,39,0.0
632,4,10,150,39,0.12112269717167994
633,4,10,150,39,0.07414861528507455
634,4,10,150,39,0.022104381789790163
635,4,10,150,39,0.04546401530948942
636,4,10,150,39,0.06364028872631156
637,4,10,150,39,0.01928973283308616
638,4,10,150,39,0.09712868482236708
639,4,10,150,39,0.0
640,4,10,150,39,0.030877778553209584
641,4,10,150,39,0.07675099783970546
642,4,10,150,39,0.10749218885335926
643,4,10,150,39,0.14840437631709844
644,4,10,150,39,0.04935421935348238
645,4,10,150,39,0.16982725732904674
646,4,10,150,39,0.0
647,4,10,150,39,0.030218457878623886
648,4,10,150,39,0.16696922502580447
649,4,10,150,39,0.15489949502599
650,4,10,150,39,0.06427827116630411
651,4,10,150,39,0.0
652,4,10,150,39,0.0419387969316025
653,4,10,150,39,0.15106755139326128
654,4,10,150,39,0.19504858809425826
655,4,10,150,39,0.020878788419251157
656,4,10,150,39,0.07397229644086958
657,4,10,150,39,0.0
658,4,10,150,39,0.2625403796417579
659,4,10,150,39,0.10947939537044747
660,4,10,150,39,0.0
661,4,10,150,39,0.06962713451216634
662,4,10,150,39,0.0512644431393966
663,4,10,150,39,0.2582042855711486
664,4,10,150,39,0.33730418765271086
665,4,10,150,39,0.0
666,4,10,150,39,0.2654926536015744
667,4,10,150,39,0.1593472521587426
668,4,10,150,39,0.06194403202282284
669,4,10,150,39,0.07941370599111754
670,4,10,150,39,0.06613087842005526
671,4,10,150,39,0.12700520479034313
672,4,10,150,39,0.0
673,4,10,150,39,0.0
674,4,10,150,39,0.06123763026386081
675,4,10,150,39,0.0
676,4,10,150,39,0.11582866341850039
677,4,10,150,39,0.03314040476303028
678,4,10,150,39,0.0
679,4,10,150,39,0.15527711509166947
680,4,10,150,39,0.05766131729594942
681,4,10,150,39,0.0
682,4,10,150,39,0.16648189151187617
683,4,10,150,39,0.0
684,4,10,150,39,0.06573003977381581
685,4,10,150,39,0.1906465758273748
686,4,10,150,39,0.07277260183012466
687,4,10,150,39,0.0
688,4,10,150,39,0.0
689,4,10,150,39,0.15001451003751623
690,4,10,150,39,0.08184783106962687
691,4,10,150,39,0.05446824630887794
692,4,10,150,39,0.09052881616458627
693,4,10,150,39,0.0
694,4,10,150,39,0.13686723510701704
695,4,10,150,39,0.0
696,4,10,150,39,0.039725595076707886
697,4,10,150,39,0.023456906405016697
698,4,10,150,39,0.04755956290574715
699,4,10,150,39,0.05786021189691368
700,4,10,150,39,0.12729890218214104
701,4,10,150,39,0.0
702,4,10,150,39,0.037715680681715956
703,4,10,150,39,0.09261220774116596
704,4,10,150,39,0.13473043171971474
705,4,10,150,39,0.12484399175468172
706,4,10,150,39,0.04395738023645723
707,4,10,150,39,0.0418142079720547
708,4,10,150,39,0.052053674193544515
709,4,10,150,39,0.14834427651593607
710,4,10,150,39,0.10695361352497157
711,4,10,150,39,0.16698146231695604
712,4,10,150,39,0.12317708886925437
713,4,10,150,39,0.1468735732232516
714,4,10,150,39,0.0
715,4,10,150,39,0.0
716,4,10,150,39,0.24351218081642603
717,4,10,150,39,0.022780101788869273
718,4,10,150,39,0.035328385129692476
719,4,10,150,39,0.09883437846193516
720,4,10,150,39,0.0
721,4,10,150,39,0.1315215147210065
722,4,10,150,39,0.06556429791586475
723,4,10,150,39,0.0
724,4,10,150,39,0.0
725,4,10,150,39,0.0
726,4,10,150,39,0.05010834716923557
727,4,10,150,39,0.18025187645354487
728,4,10,150,39,0.09627818061559096
729,4,10,150,39,0.0
730,4,10,150,39,0.0
731,4,10,150,39,0.09388827751441965
732,4,10,150,39,0.0
733,4,10,150,39,0.13444400190844388
734,4,10,150,39,0.0
735,4,10,150,39,0.0
736,4,10,150,39,0.0
737,4,10,150,39,0.07904386798978341
738,4,10,150,39,0.17577647449852765
739,4,10,150,39,0.03855307727568851
740,4,10,150,39,0.0
741,4,10,150,39,0.059005885262586995
742,4,10,150,39,0.0488929053971083
743,4,10,150,39,0.0
744,4,10,150,39,0.0
745,4,10,150,39,0.03520132288421838
746,4,10,150,39,0.23491487959421534
747,4,10,150,39,0.4726429655096868
748,4,10,150,39,0.09621648119325965
749,4,10,150,39,0.14271993647898806
750,4,10,150,39,0.041278922835426404
751,4,10,150,39,0.08629002743875616
752,4,10,150,39,0.0
753,4,10,150,39,0.15780803084928155
754,4,10,150,39,0.0
755,4,10,150,39,0.03855371268423985
756,4,10,150,39,0.031104745345423533
757,4,10,150,39,0.0
758,4,10,150,39,0.2784326593452117
759,4,10,150,39,0.049710505523782283
760,4,10,150,39,0.0
761,4,10,150,39,0.02459490482356159
762,4,10,150,39,0.051960280791503534
763,4,10,150,39,0.05001728962575859
764,4,10,150,39,0.10292163910191124
765,4,10,150,39,0.15066101840234988
766,4,10,150,39,0.032666431102047366
767,4,10,150,39,0.06994410797740244
768,4,10,150,39,0.060133059387366614
769,4,10,150,39,0.0
770,4,10,150,39,0.1912123147921425
771,4,10,150,39,0.2192447252418897
772,4,10,150,39,0.0
773,4,10,150,39,0.10749909543783363
774,4,10,150,39,0.05485989717205123
775,4,10,150,39,0.0
776,4,10,150,39,0.138487812915294
777,4,10,150,39,0.0
778,4,10,150,39,0.14142149673809498
779,4,10,150,39,0.0
780,4,10,150,39,0.030023253564245667
781,4,10,150,39,0.12262357287001438
782,4,10,150,39,0.06025935860860633
783,4,10,150,39,0.0
784,4,10,150,39,0.0
785,4,10,150,39,0.0
786,4,10,150,39,0.0
787,4,10,150,39,0.0
788,4,10,150,39,0.2861080793517269
789,4,10,150,39,0.08809718769055445
790,4,10,150,39,0.0
791,4,10,150,39,0.04465281017341861
792,4,10,150,39,0.06658592494149675
793,4,10,150,39,0.0
794,4,10,150,39,0.0
795,4,10,150,39,0.0
796,4,10,150,39,0.4260433634173708
797,4,10,150,39,0.07799758411617824
798,4,10,150,39,0.05786021189691368
799,4,10,150,39,0.0
800,4,10,150,39,0.0
801,4,10,150,39,0.1561471668577559
802,4,10,150,39,0.05124850302776537
803,4,10,150,39,0.07149075016358487
804,4,10,150,39,0.18783027730522112
805,4,10,150,39,0.1494745686430895
806,4,10,150,39,0.31723960700310716
807,4,10,150,39,0.11814031919883432
808,4,10,150,39,0.0
809,4,10,150,39,0.0
810,4,10,150,39,0.0
811,4,10,150,39,0.0
812,4,10,150,39,0.0
813,4,10,150,39,0.0
814,4,10,150,39,0.0
815,4,10,150,39,0.20189352190357288
816,4,10,150,39,0.0
817,4,10,150,39,0.0
818,4,10,150,39,0.05516788910004661
819,4,10,150,39,0.037210602758860095
820,4,10,150,39,0.0
821,4,10,150,39,0.28257688382381674
822,4,10,150,39,0.0
823,4,10,150,39,0.25733498929573784
824,4,10,150,39,0.05046096657376444
825,4,10,150,39,0.035476826497407195
826,4,10,150,39,0.14559388407692417
827,4,10,150,39,0.0
828,4,10,150,39,0.06515840887394059
829,4,10,150,39,0.15110239493068348
830,4,10,150,39,0.12909288891783963
831,4,10,150,39,0.19369981287762317
832,4,10,150,39,0.0
833,4,10,150,39,0.15673042705466492
834,4,10,150,39,0.24251121723036934
835,4,10,150,39,0.05749464606972727
836,4,10,150,39,0.1068899734619443
837,4,10,150,39,0.0
838,4,10,150,39,0.24560504806301242
839,4,10,150,39,0.0640765686166134
840,4,10,150,39,0.37363830170759493
841,4,10,150,39,0.0
842,4,10,150,39,0.0
843,4,10,150,39,0.0
844,4,10,150,39,0.04139993815510656
845,4,10,150,39,0.0
846,4,10,150,39,0.4049770915900199
847,4,10,150,39,0.05949886132858626
848,4,10,150,39,0.0
849,4,10,150,39,0.0419387969316025
850,4,10,150,39,0.20938747063345256
851,4,10,150,39,0.06571690006289015
852,4,10,150,39,0.23690281265915858
853,4,10,150,39,0.0
854,4,10,150,39,0.0
855,4,10,150,39,0.0
856,4,10,150,39,0.0
857,4,10,150,39,0.0
858,4,10,150,39,0.10250982096838526
859,4,10,150,39,0.0
860,4,10,150,39,0.01939247039510922
861,4,10,150,39,0.03709674194804795
862,4,10,150,39,0.09968341112964048
863,4,10,150,39,0.0
864,4,10,150,39,0.48810631551113715
865,4,10,150,39,0.05644898165903662
866,4,10,150,39,0.16283687678415507
867,4,10,150,39,0.14028960684291927
868,4,10,150,39,0.30198662046823216
869,4,10,150,39,0.03406297225598251
870,4,10,150,39,0.3593749426989831
871,4,10,150,39,0.07422873189310107
872,4,10,150,39,0.02804794621397926
873,4,10,150,39,0.0
874,4,10,150,39,0.13944914190808633
875,4,10,150,39,0.123284574958381
876,4,10,150,39,0.08671382849411972
877,4,10,150,39,0.06871274108525165
878,4,10,150,39,0.21548236101686527
879,4,10,150,39,0.03963466998423315
880,4,10,150,39,0.4819181664120226
881,4,10,150,39,0.07778727521821285
882,4,10,150,39,0.19500066063723226
883,4,10,150,39,0.4100664839005708
884,4,10,150,39,0.09113547509404434
885,4,10,150,39,0.04919480935962152
886,4,10,150,39,0.1915828149074092
887,4,10,150,39,0.07864620437076025
888,4,10,150,39,0.11625487663628292
889,4,10,150,39,0.0
890,4,10,150,39,0.0749056447431223
891,4,10,150,39,0.03339755935325358
892,4,10,150,39,0.32192540362903577
893,4,10,150,39,0.10869735563398858
894,4,10,150,39,0.13412339736821316
895,4,10,150,39,0.0
896,4,10,150,39,0.3976301112634174
897,4,10,150,39,0.3244138155069778
898,4,10,150,39,0.0
899,4,10,150,39,0.07794408737767888
900,4,10,150,39,0.03232193387019919
901,4,10,150,39,0.19453537913636526
902,4,10,150,39,0.05978585424799658
903,4,10,150,39,0.24070805088174071
904,4,10,150,39,0.0
905,4,10,150,39,0.0
906,4,10,150,39,0.10407444169186962
907,4,10,150,39,0.035476826497407195
908,4,10,150,39,0.06892767477436933
909,4,10,150,39,0.0
910,4,10,150,39,0.0
911,4,10,150,39,0.10287541195960254
912,4,10,150,39,0.1328892265512611
913,4,10,150,39,0.07350073515222172
914,4,10,150,39,0.0
915,4,10,150,39,0.0
916,4,10,150,39,0.3521483193916746
917,4,10,150,39,0.0
918,4,10,150,39,0.04585313307019414
919,4,10,150,39,0.14112564658082688
920,4,10,150,39,0.0
921,4,10,150,39,0.15074659948323021
922,4,10,150,39,0.14732376990749527
923,4,10,150,39,0.0
924,4,10,150,39,0.0
925,4,10,150,39,0.0
926,4,10,150,39,0.0
927,4,10,150,39,0.04499596683729014
928,4,10,150,39,0.1482972305701491
929,4,10,150,39,0.25163227912988373
930,4,10,150,39,0.0
931,4,10,150,39,0.08679587898287541
932,4,10,150,39,0.2569742612740881
933,4,10,150,39,0.04791961390384065
934,4,10,150,39,0.11701924703180164
935,4,10,150,39,0.04173963774222741
936,4,10,150,39,0.13438070220303783
937,4,10,150,39,0.0
938,4,10,150,39,0.12839894062215076
939,4,10,150,39,0.0
940,4,10,150,39,0.05241430062959985
941,4,10,150,39,0.0
942,4,10,150,39,0.04927547640673503
943,4,10,150,39,0.22866711724802477
1,4,10,150,40,0.4058715898896693
2,4,10,150,40,0.0
3,4,10,150,40,0.0
4,4,10,150,40,0.0
5,4,10,150,40,0.040209635547393256
6,4,10,150,40,0.27020011346731576
7,4,10,150,40,0.25769050443489716
8,4,10,150,40,0.0
9,4,10,150,40,0.21840743681816419
10,4,10,150,40,0.10100512432806459
11,4,10,150,40,0.1722584975122812
12,4,10,150,40,0.0
13,4,10,150,40,0.2533430217556011
14,4,10,150,40,0.0
15,4,10,150,40,0.05010834716923557
16,4,10,150,40,0.053168340515114924
17,4,10,150,40,0.0
18,4,10,150,40,0.20717217840635824
19,4,10,150,40,0.0
20,4,10,150,40,0.0
21,4,10,150,40,0.0
22,4,10,150,40,0.11702382382650763
23,4,10,150,40,0.19906649093208975
24,4,10,150,40,0.0
25,4,10,150,40,0.12358102547512423
26,4,10,150,40,0.0
27,4,10,150,40,0.0
28,4,10,150,40,0.0
29,4,10,150,40,0.13455232720853103
30,4,10,150,40,0.0
31,4,10,150,40,0.0
32,4,10,150,40,0.0
33,4,10,150,40,0.0
35,4,10,150,40,0.10523285614729473
36,4,10,150,40,0.0
37,4,10,150,40,0.0
38,4,10,150,40,0.04739418218477539
39,4,10,150,40,0.0
40,4,10,150,40,0.0
41,4,10,150,40,0.0
42,4,10,150,40,0.0683037314796457
43,4,10,150,40,0.22592974817952552
44,4,10,150,40,0.2044921015662719
45,4,10,150,40,0.05200670101006268
46,4,10,150,40,0.11284514134893527
47,4,10,150,40,0.0
48,4,10,150,40,0.0
49,4,10,150,40,0.0
50,4,10,150,40,0.0
51,4,10,150,40,0.16812753627111746
52,4,10,150,40,0.0
54,4,10,150,40,0.0
56,4,10,150,40,0.20383503459815738
57,4,10,150,40,0.23047740788088653
58,4,10,150,40,0.3284106835353137
59,4,10,150,40,0.21885267452793505
60,4,10,150,40,0.1505674224523334
61,4,10,150,40,0.0
62,4,10,150,40,0.08314631791322982
63,4,10,150,40,0.0
64,4,10,150,40,0.04238468688770069
65,4,10,150,40,0.13012668333070054
66,4,10,150,40,0.0
67,4,10,150,40,0.0
68,4,10,150,40,0.4827392464262081
69,4,10,150,40,0.07673373981757839
70,4,10,150,40,0.0
71,4,10,150,40,0.0
72,4,10,150,40,0.0
73,4,10,150,40,0.0
74,4,10,150,40,0.0
75,4,10,150,40,0.049432410190049694
76,4,10,150,40,0.1301464707340554
77,4,10,150,40,0.10201115106436301
78,4,10,150,40,0.0
79,4,10,150,40,0.27487633291429087
80,4,10,150,40,0.0
81,4,10,150,40,0.0
82,4,10,150,40,0.19298623480417013
83,4,10,150,40,0.12089611529519323
84,4,10,150,40,0.0
85,4,10,150,40,0.0
87,4,10,150,40,0.07100089300395272
89,4,10,150,40,0.2553387838830436
90,4,10,150,40,0.0
91,4,10,150,40,0.05648147012627732
92,4,10,150,40,0.10542637391232386
93,4,10,150,40,0.0
94,4,10,150,40,0.08791240958776
95,4,10,150,40,0.15097216460709872
96,4,10,150,40,0.0
97,4,10,150,40,0.06462745615384195
98,4,10,150,40,0.0930297504356062
99,4,10,150,40,0.05658242244874664
100,4,10,150,40,0.0
101,4,10,150,40,0.0
102,4,10,150,40,0.0
103,4,10,150,40,0.0
104,4,10,150,40,0.0
105,4,10,150,40,0.0
106,4,10,150,40,0.0
107,4,10,150,40,0.0
108,4,10,150,40,0.0
109,4,10,150,40,0.07103066762111539
110,4,10,150,40,0.0
111,4,10,150,40,0.0
112,4,10,150,40,0.05685954565780693
113,4,10,150,40,0.053168340515114924
114,4,10,150,40,0.0
115,4,10,150,40,0.10684080426179023
116,4,10,150,40,0.0
117,4,10,150,40,0.14606834984270645
118,4,10,150,40,0.0
119,4,10,150,40,0.18374222286855332
120,4,10,150,40,0.0
121,4,10,150,40,0.271985059917519
122,4,10,150,40,0.1530100230930498
123,4,10,150,40,0.07386004580671933
125,4,10,150,40,0.12702645795516354
126,4,10,150,40,0.06911917000496234
127,4,10,150,40,0.10253313861822189
128,4,10,150,40,0.03233829114831982
129,4,10,150,40,0.0
130,4,10,150,40,0.16099269493775217
131,4,10,150,40,0.0
133,4,10,150,40,0.11047239495909743
134,4,10,150,40,0.0
135,4,10,150,40,0.0
137,4,10,150,40,0.0
138,4,10,150,40,0.0
139,4,10,150,40,0.0
141,4,10,150,40,0.0
142,4,10,150,40,0.13373003436102654
143,4,10,150,40,0.0
144,4,10,150,40,0.1227945149537572
145,4,10,150,40,0.08829985348038716
146,4,10,150,40,0.0
148,4,10,150,40,0.0
149,4,10,150,40,0.0
150,4,10,150,40,0.10235170428306553
151,4,10,150,40,0.06298430394440727
152,4,10,150,40,0.0
153,4,10,150,40,0.0
154,4,10,150,40,0.06372882143962796
155,4,10,150,40,0.0
156,4,10,150,40,0.0
158,4,10,150,40,0.17575552384613552
159,4,10,150,40,0.0
160,4,10,150,40,0.0
161,4,10,150,40,0.0
162,4,10,150,40,0.0
163,4,10,150,40,0.0
164,4,10,150,40,0.0
165,4,10,150,40,0.12114889742360979
166,4,10,150,40,0.0
167,4,10,150,40,0.0
168,4,10,150,40,0.23504554941448536
169,4,10,150,40,0.06416923277158361
170,4,10,150,40,0.0
171,4,10,150,40,0.0
172,4,10,150,40,0.0
173,4,10,150,40,0.0
174,4,10,150,40,0.060961917527339995
175,4,10,150,40,0.0
176,4,10,150,40,0.0
177,4,10,150,40,0.06912040963822193
178,4,10,150,40,0.21869354042431444
179,4,10,150,40,0.06723507268634088
180,4,10,150,40,0.12262943855309168
181,4,10,150,40,0.0
182,4,10,150,40,0.0
183,4,10,150,40,0.0
184,4,10,150,40,0.09303069037986347
185,4,10,150,40,0.07745351606183934
186,4,10,150,40,0.22147164648185297
187,4,10,150,40,0.04416548762473651
188,4,10,150,40,0.054384419234677496
189,4,10,150,40,0.2089531400761587
190,4,10,150,40,0.10699313236726378
191,4,10,150,40,0.0
192,4,10,150,40,0.0
193,4,10,150,40,0.0
194,4,10,150,40,0.0
195,4,10,150,40,0.0
196,4,10,150,40,0.0
197,4,10,150,40,0.0
198,4,10,150,40,0.0
199,4,10,150,40,0.0
200,4,10,150,40,0.0891099526415642
201,4,10,150,40,0.03487978243545732
203,4,10,150,40,0.0
204,4,10,150,40,0.0
205,4,10,150,40,0.0
206,4,10,150,40,0.0
207,4,10,150,40,0.025865718079496645
209,4,10,150,40,0.0
210,4,10,150,40,0.06648469969095826
211,4,10,150,40,0.0
212,4,10,150,40,0.12681701683239352
213,4,10,150,40,0.19336468350582656
214,4,10,150,40,0.056720838976548935
215,4,10,150,40,0.0
216,4,10,150,40,0.0
217,4,10,150,40,0.0
218,4,10,150,40,0.19092086617893467
219,4,10,150,40,0.0
221,4,10,150,40,0.3375735570145491
222,4,10,150,40,0.11320914346429904
223,4,10,150,40,0.03870447337439288
224,4,10,150,40,0.0
225,4,10,150,40,0.0
226,4,10,150,40,0.0
227,4,10,150,40,0.0
228,4,10,150,40,0.0
229,4,10,150,40,0.0
230,4,10,150,40,0.23712439662683835
231,4,10,150,40,0.0
232,4,10,150,40,0.3234992853586256
233,4,10,150,40,0.0968152409481219
234,4,10,150,40,0.016829128219614346
235,4,10,150,40,0.06065881345112158
236,4,10,150,40,0.0
237,4,10,150,40,0.0
238,4,10,150,40,0.0
239,4,10,150,40,0.060772229737720354
240,4,10,150,40,0.05497526658285817
242,4,10,150,40,0.0
243,4,10,150,40,0.05446333035917803
244,4,10,150,40,0.0897700875992608
245,4,10,150,40,0.0
246,4,10,150,40,0.08041927109478651
247,4,10,150,40,0.0
248,4,10,150,40,0.14830051302014485
249,4,10,150,40,0.16110371389527117
250,4,10,150,40,0.3039989562789163
251,4,10,150,40,0.0
252,4,10,150,40,0.0
253,4,10,150,40,0.05954496680255472
254,4,10,150,40,0.0
255,4,10,150,40,0.0
256,4,10,150,40,0.16583176898817792
257,4,10,150,40,0.3305900772260718
258,4,10,150,40,0.0
259,4,10,150,40,0.0
260,4,10,150,40,0.0
261,4,10,150,40,0.0
262,4,10,150,40,0.0
263,4,10,150,40,0.0975109251896312
264,4,10,150,40,0.0
265,4,10,150,40,0.10209739512291163
267,4,10,150,40,0.09794101962538232
268,4,10,150,40,0.040466532906672535
269,4,10,150,40,0.11154069665984502
270,4,10,150,40,0.0
271,4,10,150,40,0.12276482551434069
272,4,10,150,40,0.09109240322345806
273,4,10,150,40,0.0
274,4,10,150,40,0.0
275,4,10,150,40,0.0
276,4,10,150,40,0.19410856864953857
277,4,10,150,40,0.0
279,4,10,150,40,0.06493409231178052
280,4,10,150,40,0.03337620304869898
281,4,10,150,40,0.0
283,4,10,150,40,0.07132875491150918
284,4,10,150,40,0.0
285,4,10,150,40,0.1185995982858366
286,4,10,150,40,0.2610657027199842
287,4,10,150,40,0.06364028872631156
288,4,10,150,40,0.08482009256337293
289,4,10,150,40,0.13905617951077562
290,4,10,150,40,0.0
291,4,10,150,40,0.20074462409132507
292,4,10,150,40,0.08933583385868532
293,4,10,150,40,0.06886690743551852
294,4,10,150,40,0.04123398036294628
295,4,10,150,40,0.2670961153715764
296,4,10,150,40,0.47774763069170006
297,4,10,150,40,0.08043477786221322
298,4,10,150,40,0.19947114504638494
299,4,10,150,40,0.0
300,4,10,150,40,0.0
301,4,10,150,40,0.047934103497110726
303,4,10,150,40,0.10220204214514962
304,4,10,150,40,0.0
305,4,10,150,40,0.31514747987601716
306,4,10,150,40,0.0
307,4,10,150,40,0.1383141340724969
308,4,10,150,40,0.15269555842056493
309,4,10,150,40,0.0
310,4,10,150,40,0.0
311,4,10,150,40,0.06712613803507668
312,4,10,150,40,0.07579200366109638
313,4,10,150,40,0.14465709645474623
314,4,10,150,40,0.18379915372429234
315,4,10,150,40,0.0
316,4,10,150,40,0.04568304891751105
317,4,10,150,40,0.0
318,4,10,150,40,0.10118786565551004
319,4,10,150,40,0.0
320,4,10,150,40,0.0
321,4,10,150,40,0.062242588308449316
322,4,10,150,40,0.17342765698823945
323,4,10,150,40,0.14126697285982898
324,4,10,150,40,0.0
325,4,10,150,40,0.0
326,4,10,150,40,0.0634222181618871
327,4,10,150,40,0.0
328,4,10,150,40,0.1437524526514495
329,4,10,150,40,0.0
330,4,10,150,40,0.0536466452928127
331,4,10,150,40,0.16958010263680806
332,4,10,150,40,0.0
333,4,10,150,40,0.0
334,4,10,150,40,0.07058424671826317
336,4,10,150,40,0.0
337,4,10,150,40,0.16716045496620227
338,4,10,150,40,0.0
339,4,10,150,40,0.06608282041002614
340,4,10,150,40,0.0
341,4,10,150,40,0.0
342,4,10,150,40,0.2625072992734236
343,4,10,150,40,0.23617544027995818
344,4,10,150,40,0.23832550406045652
345,4,10,150,40,0.056149696530797676
346,4,10,150,40,0.13947804593499064
347,4,10,150,40,0.03232623375868038
348,4,10,150,40,0.0
349,4,10,150,40,0.07673373981757839
350,4,10,150,40,0.0749368547125808
351,4,10,150,40,0.0
352,4,10,150,40,0.0
353,4,10,150,40,0.0
354,4,10,150,40,0.051249224710132255
355,4,10,150,40,0.0
356,4,10,150,40,0.08406376813555873
357,4,10,150,40,0.0
358,4,10,150,40,0.20438239758848611
359,4,10,150,40,0.0
360,4,10,150,40,0.03588081068184636
361,4,10,150,40,0.09622728274290568
362,4,10,150,40,0.0
363,4,10,150,40,0.1803013146105011
364,4,10,150,40,0.0
365,4,10,150,40,0.0
366,4,10,150,40,0.0
367,4,10,150,40,0.0
368,4,10,150,40,0.0
369,4,10,150,40,0.0
370,4,10,150,40,0.13479984916817475
371,4,10,150,40,0.16676134190097475
372,4,10,150,40,0.0
373,4,10,150,40,0.035769798946978335
374,4,10,150,40,0.06834943074719504
375,4,10,150,40,0.0
376,4,10,150,40,0.0
377,4,10,150,40,0.0
378,4,10,150,40,0.16448029476168333
379,4,10,150,40,0.07386135250503313
380,4,10,150,40,0.0
381,4,10,150,40,0.05105625351125917
382,4,10,150,40,0.0
383,4,10,150,40,0.04838338183089434
384,4,10,150,40,0.0
385,4,10,150,40,0.0
386,4,10,150,40,0.0
387,4,10,150,40,0.11497906462099297
388,4,10,150,40,0.04511904280884329
389,4,10,150,40,0.12419123143547287
390,4,10,150,40,0.0
391,4,10,150,40,0.2137247802747043
392,4,10,150,40,0.0
393,4,10,150,40,0.0
394,4,10,150,40,0.11073655428626575
395,4,10,150,40,0.04931346192675315
396,4,10,150,40,0.0
397,4,10,150,40,0.22320497122386787
398,4,10,150,40,0.1418968660083944
399,4,10,150,40,0.016829128219614346
400,4,10,150,40,0.0
401,4,10,150,40,0.0
402,4,10,150,40,0.08963222225173058
403,4,10,150,40,0.0
404,4,10,150,40,0.0
405,4,10,150,40,0.05688647497208646
406,4,10,150,40,0.2302743035853804
407,4,10,150,40,0.04270006763257965
408,4,10,150,40,0.0
409,4,10,150,40,0.10914342353313093
410,4,10,150,40,0.0
411,4,10,150,40,0.0
412,4,10,150,40,0.0
413,4,10,150,40,0.0
414,4,10,150,40,0.0
415,4,10,150,40,0.08035849674662018
416,4,10,150,40,0.16810354200591693
417,4,10,150,40,0.10983008635447324
418,4,10,150,40,0.0
419,4,10,150,40,0.1208113026994942
420,4,10,150,40,0.06052048269976269
421,4,10,150,40,0.10774355607797731
422,4,10,150,40,0.04320473659574256
423,4,10,150,40,0.053845569940583225
424,4,10,150,40,0.23504554941448536
425,4,10,150,40,0.1674157226455415
426,4,10,150,40,0.040759261617270684
427,4,10,150,40,0.0
428,4,10,150,40,0.0
429,4,10,150,40,0.1935252280128932
430,4,10,150,40,0.0
431,4,10,150,40,0.0
432,4,10,150,40,0.0
433,4,10,150,40,0.05780921899607981
434,4,10,150,40,0.20778267687568405
435,4,10,150,40,0.17942693564031878
436,4,10,150,40,0.0
437,4,10,150,40,0.07336291806952099
438,4,10,150,40,0.0
439,4,10,150,40,0.0
440,4,10,150,40,0.0
441,4,10,150,40,0.0
442,4,10,150,40,0.040949887133979804
443,4,10,150,40,0.06783204105472322
444,4,10,150,40,0.1312721899408984
445,4,10,150,40,0.0
446,4,10,150,40,0.0
447,4,10,150,40,0.16246725303708914
448,4,10,150,40,0.0
449,4,10,150,40,0.1511226181481109
450,4,10,150,40,0.3003332005912103
451,4,10,150,40,0.06148915918944534
452,4,10,150,40,0.10773098771530253
453,4,10,150,40,0.0
454,4,10,150,40,0.0
455,4,10,150,40,0.063401477059351
456,4,10,150,40,0.018650043077523788
457,4,10,150,40,0.2921141606778234
458,4,10,150,40,0.04926693941311216
459,4,10,150,40,0.0
460,4,10,150,40,0.05184030722866645
461,4,10,150,40,0.0
462,4,10,150,40,0.0
463,4,10,150,40,0.11987424504051505
464,4,10,150,40,0.0
465,4,10,150,40,0.0
466,4,10,150,40,0.0
467,4,10,150,40,0.07807600999842033
468,4,10,150,40,0.09063580949954383
469,4,10,150,40,0.0
470,4,10,150,40,0.0
471,4,10,150,40,0.0
472,4,10,150,40,0.042775890988345035
473,4,10,150,40,0.0
474,4,10,150,40,0.21093259466894404
475,4,10,150,40,0.0
476,4,10,150,40,0.0
477,4,10,150,40,0.0
478,4,10,150,40,0.2345109835167376
479,4,10,150,40,0.10172348796286074
480,4,10,150,40,0.037692618019161885
481,4,10,150,40,0.10388675010296258
482,4,10,150,40,0.0
483,4,10,150,40,0.05658242244874664
484,4,10,150,40,0.2723783861819967
485,4,10,150,40,0.0
486,4,10,150,40,0.0
487,4,10,150,40,0.08876386116927908
488,4,10,150,40,0.0
489,4,10,150,40,0.0
490,4,10,150,40,0.0
491,4,10,150,40,0.10497643268981144
492,4,10,150,40,0.0
493,4,10,150,40,0.05484179250244328
494,4,10,150,40,0.0
495,4,10,150,40,0.08079645339948935
496,4,10,150,40,0.02649996754880397
497,4,10,150,40,0.05719605619158376
498,4,10,150,40,0.0
499,4,10,150,40,0.02651211589009722
500,4,10,150,40,0.09701067533648203
501,4,10,150,40,0.0
502,4,10,150,40,0.0
503,4,10,150,40,0.05608659198762317
504,4,10,150,40,0.08419905779939954
505,4,10,150,40,0.07379217622092994
506,4,10,150,40,0.10393792032819724
507,4,10,150,40,0.05319635904163211
508,4,10,150,40,0.0
509,4,10,150,40,0.0
510,4,10,150,40,0.0
511,4,10,150,40,0.0
512,4,10,150,40,0.0
513,4,10,150,40,0.0
514,4,10,150,40,0.25601722541174865
515,4,10,150,40,0.11706259313796354
516,4,10,150,40,0.0
517,4,10,150,40,0.08878770367712427
518,4,10,150,40,0.0
519,4,10,150,40,0.0
520,4,10,150,40,0.0
521,4,10,150,40,0.09850628252086785
522,4,10,150,40,0.12524561954372188
523,4,10,150,40,0.032114893884379984
524,4,10,150,40,0.15902800748699278
525,4,10,150,40,0.0
526,4,10,150,40,0.04972780777662495
527,4,10,150,40,0.12457616906232613
528,4,10,150,40,0.10209739512291163
529,4,10,150,40,0.0
530,4,10,150,40,0.0
531,4,10,150,40,0.1517763576041802
532,4,10,150,40,0.2742253752950038
533,4,10,150,40,0.11557545112991054
534,4,10,150,40,0.07648531846808838
535,4,10,150,40,0.12786142856339838
536,4,10,150,40,0.09414825230406802
537,4,10,150,40,0.3439940917387775
538,4,10,150,40,0.14697776980950736
539,4,10,150,40,0.04478826142555715
540,4,10,150,40,0.0
541,4,10,150,40,0.0
542,4,10,150,40,0.049033875503285806
543,4,10,150,40,0.0
544,4,10,150,40,0.0
545,4,10,150,40,0.02244213465825961
546,4,10,150,40,0.05758752804519195
547,4,10,150,40,0.0
548,4,10,150,40,0.1103190733436671
549,4,10,150,40,0.0
550,4,10,150,40,0.04785685030080952
551,4,10,150,40,0.07690938224683451
552,4,10,150,40,0.1205344274731702
553,4,10,150,40,0.04743759234968417
554,4,10,150,40,0.12627825946936164
555,4,10,150,40,0.0
556,4,10,150,40,0.040419659112753054
557,4,10,150,40,0.0
558,4,10,150,40,0.08878770367712427
559,4,10,150,40,0.04366879852493834
560,4,10,150,40,0.09375790921485552
561,4,10,150,40,0.0300543098763232
562,4,10,150,40,0.0
563,4,10,150,40,0.0
564,4,10,150,40,0.08498983725535779
565,4,10,150,40,0.0
566,4,10,150,40,0.03579489106983033
567,4,10,150,40,0.1471381878632886
568,4,10,150,40,0.036155150901276155
569,4,10,150,40,0.18299769260789403
570,4,10,150,40,0.0
571,4,10,150,40,0.0
572,4,10,150,40,0.16812753627111746
573,4,10,150,40,0.06437746926759551
574,4,10,150,40,0.051811563545175146
575,4,10,150,40,0.0
576,4,10,150,40,0.0
577,4,10,150,40,0.21350219010514973
578,4,10,150,40,0.0
579,4,10,150,40,0.0
580,4,10,150,40,0.12128674553236206
581,4,10,150,40,0.05276490902632437
582,4,10,150,40,0.0
583,4,10,150,40,0.0
584,4,10,150,40,0.06323567569191428
585,4,10,150,40,0.04173963774222741
586,4,10,150,40,0.05786021189691368
587,4,10,150,40,0.0
588,4,10,150,40,0.12703655227289595
589,4,10,150,40,0.0
590,4,10,150,40,0.053845569940583225
591,4,10,150,40,0.0
592,4,10,150,40,0.3877666284142745
593,4,10,150,40,0.024098506230842615
594,4,10,150,40,0.0
595,4,10,150,40,0.03995808168017168
596,4,10,150,40,0.0
597,4,10,150,40,0.27101620591530523
598,4,10,150,40,0.0684591776394769
599,4,10,150,40,0.0
600,4,10,150,40,0.09197011795311534
601,4,10,150,40,0.0
602,4,10,150,40,0.0
603,4,10,150,40,0.0
604,4,10,150,40,0.0
605,4,10,150,40,0.23939908411991156
606,4,10,150,40,0.19075577371665328
607,4,10,150,40,0.0
608,4,10,150,40,0.03962974857737922
609,4,10,150,40,0.0
610,4,10,150,40,0.19303241878686786
611,4,10,150,40,0.03870447337439288
612,4,10,150,40,0.0
613,4,10,150,40,0.04578230021840749
614,4,10,150,40,0.0
615,4,10,150,40,0.027541830374730368
616,4,10,150,40,0.0
617,4,10,150,40,0.0
618,4,10,150,40,0.15704553150900497
619,4,10,150,40,0.03620451724718618
620,4,10,150,40,0.07486279505364456
621,4,10,150,40,0.09678412991767817
622,4,10,150,40,0.21824942288535698
623,4,10,150,40,0.0880373061739324
624,4,10,150,40,0.01743989121772866
625,4,10,150,40,0.0
626,4,10,150,40,0.06228974831361337
627,4,10,150,40,0.07855246619499652
628,4,10,150,40,0.0
629,4,10,150,40,0.09070535185717458
630,4,10,150,40,0.1412419569246805
631,4,10,150,40,0.0
632,4,10,150,40,0.12112269717167994
633,4,10,150,40,0.07414861528507455
634,4,10,150,40,0.022104381789790163
635,4,10,150,40,0.04546401530948942
636,4,10,150,40,0.06364028872631156
637,4,10,150,40,0.01928973283308616
638,4,10,150,40,0.09712868482236708
639,4,10,150,40,0.0
640,4,10,150,40,0.030877778553209584
641,4,10,150,40,0.07675099783970546
642,4,10,150,40,0.12251231724415343
643,4,10,150,40,0.14590686003970607
644,4,10,150,40,0.04935421935348238
645,4,10,150,40,0.16696921264027076
646,4,10,150,40,0.0
647,4,10,150,40,0.030218457878623886
648,4,10,150,40,0.16415927852911555
649,4,10,150,40,0.15489949502599
650,4,10,150,40,0.06319652389911122
651,4,10,150,40,0.0
652,4,10,150,40,0.0419387969316025
653,4,10,150,40,0.1485252162010409
654,4,10,150,40,0.19504858809425826
655,4,10,150,40,0.02052741661187338
656,4,10,150,40,0.07397229644086958
657,4,10,150,40,0.0
658,4,10,150,40,0.2625403796417579
659,4,10,150,40,0.10763695258835236
660,4,10,150,40,0.0
661,4,10,150,40,0.06962713451216634
662,4,10,150,40,0.0512644431393966
663,4,10,150,40,0.2538589325424178
664,4,10,150,40,0.33162765222969054
665,4,10,150,40,0.0
666,4,10,150,40,0.26102464369274786
667,4,10,150,40,0.1593472521587426
668,4,10,150,40,0.06194403202282284
669,4,10,150,40,0.07941370599111754
670,4,10,150,40,0.06613087842005526
671,4,10,150,40,0.12700520479034313
672,4,10,150,40,0.0
673,4,10,150,40,0.0
674,4,10,150,40,0.06123763026386081
675,4,10,150,40,0.0
676,4,10,150,40,0.11582866341850039
677,4,10,150,40,0.03314040476303028
678,4,10,150,40,0.0
679,4,10,150,40,0.15527711509166947
680,4,10,150,40,0.05766131729594942
681,4,10,150,40,0.0
682,4,10,150,40,0.16368014641337889
683,4,10,150,40,0.0
684,4,10,150,40,0.06573003977381581
685,4,10,150,40,0.1906465758273748
686,4,10,150,40,0.07277260183012466
687,4,10,150,40,0.0
688,4,10,150,40,0.0
689,4,10,150,40,0.15001451003751623
690,4,10,150,40,0.08047040342605878
691,4,10,150,40,0.05446824630887794
692,4,10,150,40,0.09052881616458627
693,4,10,150,40,0.0
694,4,10,150,40,0.13456387885833695
695,4,10,150,40,0.0
696,4,10,150,40,0.039725595076707886
697,4,10,150,40,0.023456906405016697
698,4,10,150,40,0.04675917692353752
699,4,10,150,40,0.05688647497208646
700,4,10,150,40,0.12729890218214104
701,4,10,150,40,0.0
702,4,10,150,40,0.037715680681715956
703,4,10,150,40,0.09261220774116596
704,4,10,150,40,0.13473043171971474
705,4,10,150,40,0.13957210442960805
706,4,10,150,40,0.04395738023645723
707,4,10,150,40,0.04111051130469137
708,4,10,150,40,0.052053674193544515
709,4,10,150,40,0.14584777166580343
710,4,10,150,40,0.10695361352497157
711,4,10,150,40,0.16417130987732528
712,4,10,150,40,0.12110412584695485
713,4,10,150,40,0.1468735732232516
714,4,10,150,40,0.0
715,4,10,150,40,0.0
716,4,10,150,40,0.2562432113220428
717,4,10,150,40,0.022780101788869273
718,4,10,150,40,0.035328385129692476
719,4,10,150,40,0.09883437846193516
720,4,10,150,40,0.0
721,4,10,150,40,0.12930812228612878
722,4,10,150,40,0.06556429791586475
723,4,10,150,40,0.0
724,4,10,150,40,0.0
725,4,10,150,40,0.0
726,4,10,150,40,0.05010834716923557
727,4,10,150,40,0.17721839451288207
728,4,10,150,40,0.09627818061559096
729,4,10,150,40,0.0
730,4,10,150,40,0.0
731,4,10,150,40,0.09388827751441965
732,4,10,150,40,0.0
733,4,10,150,40,0.1321814265619686
734,4,10,150,40,0.0
735,4,10,150,40,0.0
736,4,10,150,40,0.0
737,4,10,150,40,0.1138970555583582
738,4,10,150,40,0.17281830967120015
739,4,10,150,40,0.03855307727568851
740,4,10,150,40,0.0
741,4,10,150,40,0.058012867653791066
742,4,10,150,40,0.0488929053971083
743,4,10,150,40,0.0
744,4,10,150,40,0.0
745,4,10,150,40,0.03520132288421838
746,4,10,150,40,0.23491487959421534
747,4,10,150,40,0.4815179246606398
748,4,10,150,40,0.09621648119325965
749,4,10,150,40,0.14031808436848794
750,4,10,150,40,0.041278922835426404
751,4,10,150,40,0.08483784150291529
752,4,10,150,40,0.0
753,4,10,150,40,0.15780803084928155
754,4,10,150,40,0.0
755,4,10,150,40,0.03855371268423985
756,4,10,150,40,0.031104745345423533
757,4,10,150,40,0.0
758,4,10,150,40,0.2905760086401773
759,4,10,150,40,0.049710505523782283
760,4,10,150,40,0.0
761,4,10,150,40,0.02459490482356159
762,4,10,150,40,0.051960280791503534
763,4,10,150,40,0.049175542245449115
764,4,10,150,40,0.1011895576408923
765,4,10,150,40,0.15066101840234988
766,4,10,150,40,0.03211668354455381
767,4,10,150,40,0.06994410797740244
768,4,10,150,40,0.060133059387366614
769,4,10,150,40,0.0
770,4,10,150,40,0.1912123147921425
771,4,10,150,40,0.2192447252418897
772,4,10,150,40,0.0
773,4,10,150,40,0.10568997937721776
774,4,10,150,40,0.05393665292842792
775,4,10,150,40,0.0
776,4,10,150,40,0.138487812915294
777,4,10,150,40,0.0
778,4,10,150,40,0.14142149673809498
779,4,10,150,40,0.0
780,4,10,150,40,0.030023253564245667
781,4,10,150,40,0.15002169728433992
782,4,10,150,40,0.05924524613615037
783,4,10,150,40,0.0
784,4,10,150,40,0.0
785,4,10,150,40,0.0
786,4,10,150,40,0.0
787,4,10,150,40,0.0
788,4,10,150,40,0.2981222580192634
789,4,10,150,40,0.08809718769055445
790,4,10,150,40,0.0
791,4,10,150,40,0.04465281017341861
792,4,10,150,40,0.06658592494149675
793,4,10,150,40,0.0
794,4,10,150,40,0.04108065887337468
795,4,10,150,40,0.0
796,4,10,150,40,0.4188734250273041
797,4,10,150,40,0.07799758411617824
798,4,10,150,40,0.05688647497208646
799,4,10,150,40,0.0
800,4,10,150,40,0.0
801,4,10,150,40,0.1561471668577559
802,4,10,150,40,0.05124850302776537
803,4,10,150,40,0.07149075016358487
804,4,10,150,40,0.18466925748492583
805,4,10,150,40,0.1469590419618234
806,4,10,150,40,0.3119007409805118
807,4,10,150,40,0.11615212061913097
808,4,10,150,40,0.0
809,4,10,150,40,0.0
810,4,10,150,40,0.0
811,4,10,150,40,0.0
812,4,10,150,40,0.0
813,4,10,150,40,0.0
814,4,10,150,40,0.0
815,4,10,150,40,0.1984958299367481
816,4,10,150,40,0.0
817,4,10,150,40,0.0
818,4,10,150,40,0.05516788910004661
819,4,10,150,40,0.037210602758860095
820,4,10,150,40,0.0
821,4,10,150,40,0.302950268110492
822,4,10,150,40,0.0
823,4,10,150,40,0.25300426576548674
824,4,10,150,40,0.05046096657376444
825,4,10,150,40,0.05170891065507167
826,4,10,150,40,0.14314366593380196
827,4,10,150,40,0.0
828,4,10,150,40,0.06406184965641498
829,4,10,150,40,0.15110239493068348
830,4,10,150,40,0.12692036813800087
831,4,10,150,40,0.19369981287762317
832,4,10,150,40,0.0
833,4,10,150,40,0.15409279060184705
834,4,10,150,40,0.24251121723036934
835,4,10,150,40,0.05749464606972727
836,4,10,150,40,0.1068899734619443
837,4,10,150,40,0.0
838,4,10,150,40,0.24560504806301242
839,4,10,150,40,0.0640765686166134
840,4,10,150,40,0.3673502948203989
841,4,10,150,40,0.0
842,4,10,150,40,0.0
843,4,10,150,40,0.0
844,4,10,150,40,0.04139993815510656
845,4,10,150,40,0.0
846,4,10,150,40,0.39816168018964493
847,4,10,150,40,0.05849754736236643
848,4,10,150,40,0.0
849,4,10,150,40,0.0419387969316025
850,4,10,150,40,0.20938747063345256
851,4,10,150,40,0.0646109419255362
852,4,10,150,40,0.23690281265915858
853,4,10,150,40,0.0
854,4,10,150,40,0.0
855,4,10,150,40,0.0
856,4,10,150,40,0.0
857,4,10,150,40,0.0
858,4,10,150,40,0.10250982096838526
859,4,10,150,40,0.0
860,4,10,150,40,0.01939247039510922
861,4,10,150,40,0.03709674194804795
862,4,10,150,40,0.09800582622237122
863,4,10,150,40,0.0
864,4,10,150,40,0.47989191174259666
865,4,10,150,40,0.05644898165903662
866,4,10,150,40,0.16283687678415507
867,4,10,150,40,0.1379286550614805
868,4,10,150,40,0.29690444891176426
869,4,10,150,40,0.03406297225598251
870,4,10,150,40,0.35332697570938537
871,4,10,150,40,0.0729795270464927
872,4,10,150,40,0.02804794621397926
873,4,10,150,40,0.0
874,4,10,150,40,0.13944914190808633
875,4,10,150,40,0.12120980303890574
876,4,10,150,40,0.08671382849411972
877,4,10,150,40,0.06755636555520678
878,4,10,150,40,0.21185598073424722
879,4,10,150,40,0.03963466998423315
880,4,10,150,40,0.4738079037981132
881,4,10,150,40,0.09330731140932548
882,4,10,150,40,0.19171896951645875
883,4,10,150,40,0.4031654224644417
884,4,10,150,40,0.09113547509404434
885,4,10,150,40,0.048366903605168966
886,4,10,150,40,0.2051877713702721
887,4,10,150,40,0.07732265731341874
888,4,10,150,40,0.11625487663628292
889,4,10,150,40,0.0
890,4,10,150,40,0.0736450480433674
891,4,10,150,40,0.03339755935325358
892,4,10,150,40,0.333336807953826
893,4,10,150,40,0.10869735563398858
894,4,10,150,40,0.13186621751665323
895,4,10,150,40,0.0
896,4,10,150,40,0.39093834313698583
897,4,10,150,40,0.31895421380959654
898,4,10,150,40,0.0
899,4,10,150,40,0.07663235633723911
900,4,10,150,40,0.03232193387019919
901,4,10,150,40,0.19126151829762808
902,4,10,150,40,0.05978585424799658
903,4,10,150,40,0.23665714422995843
904,4,10,150,40,0.0
905,4,10,150,40,0.0
906,4,10,150,40,0.10407444169186962
907,4,10,150,40,0.03487978243545732
908,4,10,150,40,0.06892767477436933
909,4,10,150,40,0.0
910,4,10,150,40,0.0
911,4,10,150,40,0.10114410846108873
912,4,10,150,40,0.1328892265512611
913,4,10,150,40,0.07226378185610906
914,4,10,150,40,0.0
915,4,10,150,40,0.0
916,4,10,150,40,0.3462219701723104
917,4,10,150,40,0.0
918,4,10,150,40,0.0450814648144848
919,4,10,150,40,0.13875062497944216
920,4,10,150,40,0.0
921,4,10,150,40,0.14820966563185609
922,4,10,150,40,0.14484443929392507
923,4,10,150,40,0.0
924,4,10,150,40,0.0
925,4,10,150,40,0.0
926,4,10,150,40,0.0
927,4,10,150,40,0.04499596683729014
928,4,10,150,40,0.1482972305701491
929,4,10,150,40,0.25163227912988373
930,4,10,150,40,0.0
931,4,10,150,40,0.08679587898287541
932,4,10,150,40,0.2526496084819658
933,4,10,150,40,0.0471131685772185
934,4,10,150,40,0.1150499151193407
935,4,10,150,40,0.04173963774222741
936,4,10,150,40,0.1321191921354211
937,4,10,150,40,0.0
938,4,10,150,40,0.12839894062215076
939,4,10,150,40,0.0
940,4,10,150,40,0.0515322136437629
941,4,10,150,40,0.0
942,4,10,150,40,0.04927547640673503
943,4,10,150,40,0.22481884901224816
1,4,10,150,41,0.4058715898896693
2,4,10,150,41,0.0
3,4,10,150,41,0.0
4,4,10,150,41,0.0
5,4,10,150,41,0.040209635547393256
6,4,10,150,41,0.27020011346731576
7,4,10,150,41,0.2749955383785748
8,4,10,150,41,0.0
9,4,10,150,41,0.21840743681816419
10,4,10,150,41,0.10100512432806459
11,4,10,150,41,0.1722584975122812
12,4,10,150,41,0.0
13,4,10,150,41,0.2491766321701812
14,4,10,150,41,0.0
15,4,10,150,41,0.05010834716923557
16,4,10,150,41,0.053168340515114924
17,4,10,150,41,0.0
18,4,10,150,41,0.20717217840635824
19,4,10,150,41,0.0
20,4,10,150,41,0.0
21,4,10,150,41,0.0
22,4,10,150,41,0.11702382382650763
23,4,10,150,41,0.19906649093208975
24,4,10,150,41,0.0
25,4,10,150,41,0.12358102547512423
26,4,10,150,41,0.0
27,4,10,150,41,0.0
28,4,10,150,41,0.0
29,4,10,150,41,0.13455232720853103
30,4,10,150,41,0.0
31,4,10,150,41,0.0
32,4,10,150,41,0.0
33,4,10,150,41,0.0
35,4,10,150,41,0.10523285614729473
36,4,10,150,41,0.0
37,4,10,150,41,0.0
38,4,10,150,41,0.04739418218477539
39,4,10,150,41,0.0
40,4,10,150,41,0.0
41,4,10,150,41,0.0
42,4,10,150,41,0.0683037314796457
43,4,10,150,41,0.22592974817952552
44,4,10,150,41,0.2044921015662719
45,4,10,150,41,0.05200670101006268
46,4,10,150,41,0.11284514134893527
47,4,10,150,41,0.0
48,4,10,150,41,0.0
49,4,10,150,41,0.0
50,4,10,150,41,0.0
51,4,10,150,41,0.16812753627111746
52,4,10,150,41,0.0
54,4,10,150,41,0.0
56,4,10,150,41,0.20383503459815738
57,4,10,150,41,0.23047740788088653
58,4,10,150,41,0.3284106835353137
59,4,10,150,41,0.2378606442039324
60,4,10,150,41,0.1505674224523334
61,4,10,150,41,0.0
62,4,10,150,41,0.08314631791322982
63,4,10,150,41,0.0
64,4,10,150,41,0.04238468688770069
65,4,10,150,41,0.13012668333070054
66,4,10,150,41,0.0
67,4,10,150,41,0.0
68,4,10,150,41,0.4827392464262081
69,4,10,150,41,0.07673373981757839
70,4,10,150,41,0.0
71,4,10,150,41,0.0
72,4,10,150,41,0.0
73,4,10,150,41,0.0
74,4,10,150,41,0.0
75,4,10,150,41,0.049432410190049694
76,4,10,150,41,0.1301464707340554
77,4,10,150,41,0.10201115106436301
78,4,10,150,41,0.0
79,4,10,150,41,0.27487633291429087
80,4,10,150,41,0.0
81,4,10,150,41,0.0
82,4,10,150,41,0.19298623480417013
83,4,10,150,41,0.12089611529519323
84,4,10,150,41,0.0
85,4,10,150,41,0.0
87,4,10,150,41,0.07100089300395272
89,4,10,150,41,0.2553387838830436
90,4,10,150,41,0.0
91,4,10,150,41,0.05648147012627732
92,4,10,150,41,0.10542637391232386
93,4,10,150,41,0.0
94,4,10,150,41,0.08791240958776
95,4,10,150,41,0.15097216460709872
96,4,10,150,41,0.0
97,4,10,150,41,0.06462745615384195
98,4,10,150,41,0.0930297504356062
99,4,10,150,41,0.05658242244874664
100,4,10,150,41,0.0
101,4,10,150,41,0.0
102,4,10,150,41,0.0
103,4,10,150,41,0.0
104,4,10,150,41,0.0
105,4,10,150,41,0.0
106,4,10,150,41,0.0
107,4,10,150,41,0.0
108,4,10,150,41,0.0
109,4,10,150,41,0.07103066762111539
110,4,10,150,41,0.0
111,4,10,150,41,0.0
112,4,10,150,41,0.05685954565780693
113,4,10,150,41,0.053168340515114924
114,4,10,150,41,0.0
115,4,10,150,41,0.10684080426179023
116,4,10,150,41,0.0
117,4,10,150,41,0.14606834984270645
118,4,10,150,41,0.0
119,4,10,150,41,0.18374222286855332
120,4,10,150,41,0.0
121,4,10,150,41,0.271985059917519
122,4,10,150,41,0.1530100230930498
123,4,10,150,41,0.07386004580671933
125,4,10,150,41,0.12702645795516354
126,4,10,150,41,0.06911917000496234
127,4,10,150,41,0.10253313861822189
128,4,10,150,41,0.03233829114831982
129,4,10,150,41,0.0
130,4,10,150,41,0.16099269493775217
131,4,10,150,41,0.0
133,4,10,150,41,0.11047239495909743
134,4,10,150,41,0.0
135,4,10,150,41,0.0
137,4,10,150,41,0.0
138,4,10,150,41,0.0
139,4,10,150,41,0.0
141,4,10,150,41,0.0
142,4,10,150,41,0.13373003436102654
143,4,10,150,41,0.0
144,4,10,150,41,0.1227945149537572
145,4,10,150,41,0.08829985348038716
146,4,10,150,41,0.0
148,4,10,150,41,0.0
149,4,10,150,41,0.0
150,4,10,150,41,0.10235170428306553
151,4,10,150,41,0.06298430394440727
152,4,10,150,41,0.0
153,4,10,150,41,0.0
154,4,10,150,41,0.06372882143962796
155,4,10,150,41,0.0
156,4,10,150,41,0.0
158,4,10,150,41,0.17575552384613552
159,4,10,150,41,0.0
160,4,10,150,41,0.0
161,4,10,150,41,0.0
162,4,10,150,41,0.0
163,4,10,150,41,0.0
164,4,10,150,41,0.0
165,4,10,150,41,0.12114889742360979
166,4,10,150,41,0.0
167,4,10,150,41,0.0
168,4,10,150,41,0.23504554941448536
169,4,10,150,41,0.06416923277158361
170,4,10,150,41,0.0
171,4,10,150,41,0.0
172,4,10,150,41,0.0
173,4,10,150,41,0.0
174,4,10,150,41,0.060961917527339995
175,4,10,150,41,0.0
176,4,10,150,41,0.0
177,4,10,150,41,0.06912040963822193
178,4,10,150,41,0.21869354042431444
179,4,10,150,41,0.06723507268634088
180,4,10,150,41,0.12262943855309168
181,4,10,150,41,0.0
182,4,10,150,41,0.0
183,4,10,150,41,0.0
184,4,10,150,41,0.09303069037986347
185,4,10,150,41,0.07745351606183934
186,4,10,150,41,0.22147164648185297
187,4,10,150,41,0.04416548762473651
188,4,10,150,41,0.054384419234677496
189,4,10,150,41,0.2089531400761587
190,4,10,150,41,0.10699313236726378
191,4,10,150,41,0.0
192,4,10,150,41,0.0
193,4,10,150,41,0.0
194,4,10,150,41,0.0
195,4,10,150,41,0.0
196,4,10,150,41,0.0
197,4,10,150,41,0.0
198,4,10,150,41,0.0
199,4,10,150,41,0.0
200,4,10,150,41,0.0891099526415642
201,4,10,150,41,0.03487978243545732
203,4,10,150,41,0.0
204,4,10,150,41,0.0
205,4,10,150,41,0.0
206,4,10,150,41,0.0
207,4,10,150,41,0.025865718079496645
209,4,10,150,41,0.0
210,4,10,150,41,0.06648469969095826
211,4,10,150,41,0.0
212,4,10,150,41,0.12681701683239352
213,4,10,150,41,0.19336468350582656
214,4,10,150,41,0.056720838976548935
215,4,10,150,41,0.0
216,4,10,150,41,0.0
217,4,10,150,41,0.0
218,4,10,150,41,0.19092086617893467
219,4,10,150,41,0.0
221,4,10,150,41,0.3375735570145491
222,4,10,150,41,0.1113473459968362
223,4,10,150,41,0.03870447337439288
224,4,10,150,41,0.0
225,4,10,150,41,0.0
226,4,10,150,41,0.0
227,4,10,150,41,0.0
228,4,10,150,41,0.0
229,4,10,150,41,0.0
230,4,10,150,41,0.23712439662683835
231,4,10,150,41,0.0
232,4,10,150,41,0.3234992853586256
233,4,10,150,41,0.0968152409481219
234,4,10,150,41,0.016552362338872865
235,4,10,150,41,0.06065881345112158
236,4,10,150,41,0.0
237,4,10,150,41,0.0
238,4,10,150,41,0.0
239,4,10,150,41,0.060772229737720354
240,4,10,150,41,0.05497526658285817
242,4,10,150,41,0.0
243,4,10,150,41,0.05446333035917803
244,4,10,150,41,0.12439856924920116
245,4,10,150,41,0.0
246,4,10,150,41,0.08041927109478651
247,4,10,150,41,0.0
248,4,10,150,41,0.14830051302014485
249,4,10,150,41,0.1927430268106979
250,4,10,150,41,0.3039989562789163
251,4,10,150,41,0.0
252,4,10,150,41,0.0
253,4,10,150,41,0.05954496680255472
254,4,10,150,41,0.0
255,4,10,150,41,0.0
256,4,10,150,41,0.16583176898817792
257,4,10,150,41,0.3305900772260718
258,4,10,150,41,0.0
259,4,10,150,41,0.0
260,4,10,150,41,0.0
261,4,10,150,41,0.0
262,4,10,150,41,0.0
263,4,10,150,41,0.0975109251896312
264,4,10,150,41,0.0
265,4,10,150,41,0.10209739512291163
267,4,10,150,41,0.09794101962538232
268,4,10,150,41,0.040466532906672535
269,4,10,150,41,0.13223875150584097
270,4,10,150,41,0.0
271,4,10,150,41,0.12276482551434069
272,4,10,150,41,0.09109240322345806
273,4,10,150,41,0.0
274,4,10,150,41,0.0
275,4,10,150,41,0.0
276,4,10,150,41,0.19091632789525254
277,4,10,150,41,0.0
279,4,10,150,41,0.06493409231178052
280,4,10,150,41,0.03337620304869898
281,4,10,150,41,0.0
283,4,10,150,41,0.07132875491150918
284,4,10,150,41,0.0
285,4,10,150,41,0.1185995982858366
286,4,10,150,41,0.2610657027199842
287,4,10,150,41,0.06364028872631156
288,4,10,150,41,0.08482009256337293
289,4,10,150,41,0.13905617951077562
290,4,10,150,41,0.0
291,4,10,150,41,0.20074462409132507
292,4,10,150,41,0.08933583385868532
293,4,10,150,41,0.06886690743551852
294,4,10,150,41,0.04123398036294628
295,4,10,150,41,0.2670961153715764
296,4,10,150,41,0.47774763069170006
297,4,10,150,41,0.08043477786221322
298,4,10,150,41,0.19947114504638494
299,4,10,150,41,0.0
300,4,10,150,41,0.0
301,4,10,150,41,0.047934103497110726
303,4,10,150,41,0.10052126356655913
304,4,10,150,41,0.0
305,4,10,150,41,0.31514747987601716
306,4,10,150,41,0.0
307,4,10,150,41,0.1383141340724969
308,4,10,150,41,0.15269555842056493
309,4,10,150,41,0.0
310,4,10,150,41,0.0
311,4,10,150,41,0.06712613803507668
312,4,10,150,41,0.07579200366109638
313,4,10,150,41,0.14465709645474623
314,4,10,150,41,0.18379915372429234
315,4,10,150,41,0.0
316,4,10,150,41,0.04568304891751105
317,4,10,150,41,0.0
318,4,10,150,41,0.10118786565551004
319,4,10,150,41,0.0
320,4,10,150,41,0.0
321,4,10,150,41,0.062242588308449316
322,4,10,150,41,0.17342765698823945
323,4,10,150,41,0.14126697285982898
324,4,10,150,41,0.0
325,4,10,150,41,0.0
326,4,10,150,41,0.0634222181618871
327,4,10,150,41,0.0
328,4,10,150,41,0.1437524526514495
329,4,10,150,41,0.0
330,4,10,150,41,0.0536466452928127
331,4,10,150,41,0.16958010263680806
332,4,10,150,41,0.0
333,4,10,150,41,0.0
334,4,10,150,41,0.07058424671826317
336,4,10,150,41,0.0
337,4,10,150,41,0.16716045496620227
338,4,10,150,41,0.0
339,4,10,150,41,0.06608282041002614
340,4,10,150,41,0.0
341,4,10,150,41,0.0
342,4,10,150,41,0.2625072992734236
343,4,10,150,41,0.23617544027995818
344,4,10,150,41,0.23832550406045652
345,4,10,150,41,0.056149696530797676
346,4,10,150,41,0.13947804593499064
347,4,10,150,41,0.03232623375868038
348,4,10,150,41,0.0
349,4,10,150,41,0.07673373981757839
350,4,10,150,41,0.0749368547125808
351,4,10,150,41,0.0
352,4,10,150,41,0.0
353,4,10,150,41,0.0
354,4,10,150,41,0.051249224710132255
355,4,10,150,41,0.0
356,4,10,150,41,0.08406376813555873
357,4,10,150,41,0.0
358,4,10,150,41,0.20438239758848611
359,4,10,150,41,0.0
360,4,10,150,41,0.06752012359727312
361,4,10,150,41,0.09622728274290568
362,4,10,150,41,0.0
363,4,10,150,41,0.1803013146105011
364,4,10,150,41,0.0
365,4,10,150,41,0.0
366,4,10,150,41,0.0
367,4,10,150,41,0.0
368,4,10,150,41,0.0
369,4,10,150,41,0.0
370,4,10,150,41,0.13479984916817475
371,4,10,150,41,0.16676134190097475
372,4,10,150,41,0.0
373,4,10,150,41,0.035769798946978335
374,4,10,150,41,0.06834943074719504
375,4,10,150,41,0.0
376,4,10,150,41,0.0
377,4,10,150,41,0.0
378,4,10,150,41,0.16448029476168333
379,4,10,150,41,0.07386135250503313
380,4,10,150,41,0.0
381,4,10,150,41,0.05105625351125917
382,4,10,150,41,0.0
383,4,10,150,41,0.04838338183089434
384,4,10,150,41,0.0
385,4,10,150,41,0.0
386,4,10,150,41,0.0
387,4,10,150,41,0.11497906462099297
388,4,10,150,41,0.04511904280884329
389,4,10,150,41,0.12419123143547287
390,4,10,150,41,0.0
391,4,10,150,41,0.2137247802747043
392,4,10,150,41,0.0
393,4,10,150,41,0.0
394,4,10,150,41,0.11073655428626575
395,4,10,150,41,0.04931346192675315
396,4,10,150,41,0.0
397,4,10,150,41,0.22320497122386787
398,4,10,150,41,0.1418968660083944
399,4,10,150,41,0.016552362338872865
400,4,10,150,41,0.0
401,4,10,150,41,0.0
402,4,10,150,41,0.08963222225173058
403,4,10,150,41,0.0
404,4,10,150,41,0.0
405,4,10,150,41,0.055950940157539264
406,4,10,150,41,0.22648729396656606
407,4,10,150,41,0.04270006763257965
408,4,10,150,41,0.0
409,4,10,150,41,0.10914342353313093
410,4,10,150,41,0.0
411,4,10,150,41,0.0
412,4,10,150,41,0.0
413,4,10,150,41,0.0
414,4,10,150,41,0.0
415,4,10,150,41,0.08035849674662018
416,4,10,150,41,0.16533897070716091
417,4,10,150,41,0.10802385966315949
418,4,10,150,41,0.0
419,4,10,150,41,0.1208113026994942
420,4,10,150,41,0.06052048269976269
421,4,10,150,41,0.10774355607797731
422,4,10,150,41,0.04320473659574256
423,4,10,150,41,0.053845569940583225
424,4,10,150,41,0.23504554941448536
425,4,10,150,41,0.1674157226455415
426,4,10,150,41,0.040759261617270684
427,4,10,150,41,0.0
428,4,10,150,41,0.0
429,4,10,150,41,0.19034258067206072
430,4,10,150,41,0.0
431,4,10,150,41,0.0
432,4,10,150,41,0.0
433,4,10,150,41,0.05780921899607981
434,4,10,150,41,0.20778267687568405
435,4,10,150,41,0.17647614382132484
436,4,10,150,41,0.0
437,4,10,150,41,0.07336291806952099
438,4,10,150,41,0.0
439,4,10,150,41,0.0
440,4,10,150,41,0.0
441,4,10,150,41,0.0
442,4,10,150,41,0.040949887133979804
443,4,10,150,41,0.06783204105472322
444,4,10,150,41,0.1312721899408984
445,4,10,150,41,0.0
446,4,10,150,41,0.0
447,4,10,150,41,0.16246725303708914
448,4,10,150,41,0.0
449,4,10,150,41,0.1511226181481109
450,4,10,150,41,0.2953940271715999
451,4,10,150,41,0.06148915918944534
452,4,10,150,41,0.10773098771530253
453,4,10,150,41,0.0
454,4,10,150,41,0.0
455,4,10,150,41,0.063401477059351
456,4,10,150,41,0.018650043077523788
457,4,10,150,41,0.2873101546769167
458,4,10,150,41,0.04926693941311216
459,4,10,150,41,0.0
460,4,10,150,41,0.05184030722866645
461,4,10,150,41,0.0
462,4,10,150,41,0.0
463,4,10,150,41,0.11987424504051505
464,4,10,150,41,0.0
465,4,10,150,41,0.0
466,4,10,150,41,0.0
467,4,10,150,41,0.07807600999842033
468,4,10,150,41,0.09063580949954383
469,4,10,150,41,0.0
470,4,10,150,41,0.0
471,4,10,150,41,0.0
472,4,10,150,41,0.042775890988345035
473,4,10,150,41,0.0
474,4,10,150,41,0.20746367194289364
475,4,10,150,41,0.0
476,4,10,150,41,0.0
477,4,10,150,41,0.0
478,4,10,150,41,0.2345109835167376
479,4,10,150,41,0.10172348796286074
480,4,10,150,41,0.0741070054529978
481,4,10,150,41,0.10388675010296258
482,4,10,150,41,0.0
483,4,10,150,41,0.05658242244874664
484,4,10,150,41,0.2723783861819967
485,4,10,150,41,0.0
486,4,10,150,41,0.0
487,4,10,150,41,0.0873040821543508
488,4,10,150,41,0.0
489,4,10,150,41,0.0
490,4,10,150,41,0.0
491,4,10,150,41,0.10497643268981144
492,4,10,150,41,0.0
493,4,10,150,41,0.05484179250244328
494,4,10,150,41,0.0
495,4,10,150,41,0.08079645339948935
496,4,10,150,41,0.02649996754880397
497,4,10,150,41,0.05625543011397427
498,4,10,150,41,0.0
499,4,10,150,41,0.02651211589009722
500,4,10,150,41,0.09541527213731128
501,4,10,150,41,0.0
502,4,10,150,41,0.0
503,4,10,150,41,0.05608659198762317
504,4,10,150,41,0.08281434992354572
505,4,10,150,41,0.07379217622092994
506,4,10,150,41,0.10222859411196791
507,4,10,150,41,0.05319635904163211
508,4,10,150,41,0.0
509,4,10,150,41,0.0
510,4,10,150,41,0.0
511,4,10,150,41,0.0
512,4,10,150,41,0.0
513,4,10,150,41,0.0
514,4,10,150,41,0.25601722541174865
515,4,10,150,41,0.11706259313796354
516,4,10,150,41,0.0
517,4,10,150,41,0.08878770367712427
518,4,10,150,41,0.0
519,4,10,150,41,0.0
520,4,10,150,41,0.0
521,4,10,150,41,0.09850628252086785
522,4,10,150,41,0.12524561954372188
523,4,10,150,41,0.032114893884379984
524,4,10,150,41,0.15641268921379767
525,4,10,150,41,0.0
526,4,10,150,41,0.04972780777662495
527,4,10,150,41,0.1448182018041012
528,4,10,150,41,0.10209739512291163
529,4,10,150,41,0.0
530,4,10,150,41,0.0
531,4,10,150,41,0.1517763576041802
532,4,10,150,41,0.26971556192114593
533,4,10,150,41,0.11557545112991054
534,4,10,150,41,0.1046638363823608
535,4,10,150,41,0.1257586648059764
536,4,10,150,41,0.09414825230406802
537,4,10,150,41,0.35478253250660785
538,4,10,150,41,0.14697776980950736
539,4,10,150,41,0.04478826142555715
540,4,10,150,41,0.0
541,4,10,150,41,0.0
542,4,10,150,41,0.049033875503285806
543,4,10,150,41,0.0
544,4,10,150,41,0.0
545,4,10,150,41,0.02244213465825961
546,4,10,150,41,0.05758752804519195
547,4,10,150,41,0.0
548,4,10,150,41,0.1103190733436671
549,4,10,150,41,0.0
550,4,10,150,41,0.04785685030080952
551,4,10,150,41,0.09209020352840816
552,4,10,150,41,0.1205344274731702
553,4,10,150,41,0.04743759234968417
554,4,10,150,41,0.12627825946936164
555,4,10,150,41,0.0
556,4,10,150,41,0.040419659112753054
557,4,10,150,41,0.0
558,4,10,150,41,0.08878770367712427
559,4,10,150,41,0.04366879852493834
560,4,10,150,41,0.09375790921485552
561,4,10,150,41,0.02956004734326439
562,4,10,150,41,0.0
563,4,10,150,41,0.0
564,4,10,150,41,0.08498983725535779
565,4,10,150,41,0.0
566,4,10,150,41,0.03579489106983033
567,4,10,150,41,0.1471381878632886
568,4,10,150,41,0.036155150901276155
569,4,10,150,41,0.18299769260789403
570,4,10,150,41,0.0
571,4,10,150,41,0.0
572,4,10,150,41,0.16812753627111746
573,4,10,150,41,0.06437746926759551
574,4,10,150,41,0.051811563545175146
575,4,10,150,41,0.0
576,4,10,150,41,0.0
577,4,10,150,41,0.20999100872287124
578,4,10,150,41,0.0
579,4,10,150,41,0.0
580,4,10,150,41,0.12128674553236206
581,4,10,150,41,0.05276490902632437
582,4,10,150,41,0.0
583,4,10,150,41,0.0
584,4,10,150,41,0.06323567569191428
585,4,10,150,41,0.04173963774222741
586,4,10,150,41,0.05786021189691368
587,4,10,150,41,0.0
588,4,10,150,41,0.12494735413872336
589,4,10,150,41,0.0
590,4,10,150,41,0.053845569940583225
591,4,10,150,41,0.0
592,4,10,150,41,0.3813895558152227
593,4,10,150,41,0.024098506230842615
594,4,10,150,41,0.0
595,4,10,150,41,0.03995808168017168
596,4,10,150,41,0.0
597,4,10,150,41,0.27101620591530523
598,4,10,150,41,0.0684591776394769
599,4,10,150,41,0.0
600,4,10,150,41,0.09197011795311534
601,4,10,150,41,0.0
602,4,10,150,41,0.0
603,4,10,150,41,0.0
604,4,10,150,41,0.0
605,4,10,150,41,0.23939908411991156
606,4,10,150,41,0.18761867184005812
607,4,10,150,41,0.0
608,4,10,150,41,0.03962974857737922
609,4,10,150,41,0.0
610,4,10,150,41,0.19303241878686786
611,4,10,150,41,0.03870447337439288
612,4,10,150,41,0.0
613,4,10,150,41,0.04578230021840749
614,4,10,150,41,0.0
615,4,10,150,41,0.027541830374730368
616,4,10,150,41,0.0
617,4,10,150,41,0.0
618,4,10,150,41,0.1544628163334235
619,4,10,150,41,0.03620451724718618
620,4,10,150,41,0.07486279505364456
621,4,10,150,41,0.09678412991767817
622,4,10,150,41,0.21466017019455003
623,4,10,150,41,0.13162627377097758
624,4,10,150,41,0.01743989121772866
625,4,10,150,41,0.0
626,4,10,150,41,0.06228974831361337
627,4,10,150,41,0.07726062016428323
628,4,10,150,41,0.0
629,4,10,150,41,0.09070535185717458
630,4,10,150,41,0.1412419569246805
631,4,10,150,41,0.0
632,4,10,150,41,0.12112269717167994
633,4,10,150,41,0.07414861528507455
634,4,10,150,41,0.022104381789790163
635,4,10,150,41,0.04546401530948942
636,4,10,150,41,0.06364028872631156
637,4,10,150,41,0.01928973283308616
638,4,10,150,41,0.09712868482236708
639,4,10,150,41,0.0
640,4,10,150,41,0.030877778553209584
641,4,10,150,41,0.07675099783970546
642,4,10,150,41,0.13694316881225022
643,4,10,150,41,0.14350732750907574
644,4,10,150,41,0.04935421935348238
645,4,10,150,41,0.16422329612040984
646,4,10,150,41,0.0
647,4,10,150,41,0.030218457878623886
648,4,10,150,41,0.16145957319018753
649,4,10,150,41,0.15489949502599
650,4,10,150,41,0.062157216255334866
651,4,10,150,41,0.0
652,4,10,150,41,0.0419387969316025
653,4,10,150,41,0.14608262311257122
654,4,10,150,41,0.19504858809425826
655,4,10,150,41,0.020189829990404126
656,4,10,150,41,0.07397229644086958
657,4,10,150,41,0.0
658,4,10,150,41,0.2625403796417579
659,4,10,150,41,0.10586679339800736
660,4,10,150,41,0.016445645735761356
661,4,10,150,41,0.06962713451216634
662,4,10,150,41,0.0512644431393966
663,4,10,150,41,0.24968405847096667
664,4,10,150,41,0.3261738213449388
665,4,10,150,41,0.0
666,4,10,150,41,0.2567319248742736
667,4,10,150,41,0.1593472521587426
668,4,10,150,41,0.06194403202282284
669,4,10,150,41,0.07941370599111754
670,4,10,150,41,0.06613087842005526
671,4,10,150,41,0.12700520479034313
672,4,10,150,41,0.0
673,4,10,150,41,0.0
674,4,10,150,41,0.06123763026386081
675,4,10,150,41,0.0
676,4,10,150,41,0.11582866341850039
677,4,10,150,41,0.03314040476303028
678,4,10,150,41,0.0
679,4,10,150,41,0.15527711509166947
680,4,10,150,41,0.11377863936243801
681,4,10,150,41,0.0
682,4,10,150,41,0.1609883207114869
683,4,10,150,41,0.0
684,4,10,150,41,0.06573003977381581
685,4,10,150,41,0.1906465758273748
686,4,10,150,41,0.07277260183012466
687,4,10,150,41,0.0
688,4,10,150,41,0.0
689,4,10,150,41,0.15001451003751623
690,4,10,150,41,0.07914701567910001
691,4,10,150,41,0.05446824630887794
692,4,10,150,41,0.12090042896411356
693,4,10,150,41,0.0
694,4,10,150,41,0.1323508889778028
695,4,10,150,41,0.0
696,4,10,150,41,0.039725595076707886
697,4,10,150,41,0.023456906405016697
698,4,10,150,41,0.045990192064957226
699,4,10,150,41,0.055950940157539264
700,4,10,150,41,0.12729890218214104
701,4,10,150,41,0.0
702,4,10,150,41,0.037715680681715956
703,4,10,150,41,0.09261220774116596
704,4,10,150,41,0.13473043171971474
705,4,10,150,41,0.13727675104556403
706,4,10,150,41,0.04395738023645723
707,4,10,150,41,0.040434422399758405
708,4,10,150,41,0.07186325791519563
709,4,10,150,41,0.14344921088163742
710,4,10,150,41,0.10695361352497157
711,4,10,150,41,0.16147140667510687
712,4,10,150,41,0.11911249029613676
713,4,10,150,41,0.1468735732232516
714,4,10,150,41,0.0
715,4,10,150,41,0.0
716,4,10,150,41,0.2520291262464467
717,4,10,150,41,0.022780101788869273
718,4,10,150,41,0.035328385129692476
719,4,10,150,41,0.09883437846193516
720,4,10,150,41,0.0
721,4,10,150,41,0.1271815667162546
722,4,10,150,41,0.06556429791586475
723,4,10,150,41,0.0
724,4,10,150,41,0.0
725,4,10,150,41,0.0
726,4,10,150,41,0.05010834716923557
727,4,10,150,41,0.17430392357886282
728,4,10,150,41,0.09627818061559096
729,4,10,150,41,0.0
730,4,10,150,41,0.0
731,4,10,150,41,0.09388827751441965
732,4,10,150,41,0.0
733,4,10,150,41,0.1300076176478829
734,4,10,150,41,0.0
735,4,10,150,41,0.0
736,4,10,150,41,0.0
737,4,10,150,41,0.1138970555583582
738,4,10,150,41,0.16997620097369448
739,4,10,150,41,0.03855307727568851
740,4,10,150,41,0.0
741,4,10,150,41,0.05705880858424121
742,4,10,150,41,0.0488929053971083
743,4,10,150,41,0.0
744,4,10,150,41,0.0
745,4,10,150,41,0.03520132288421838
746,4,10,150,41,0.23491487959421534
747,4,10,150,41,0.4900446971920132
748,4,10,150,41,0.09621648119325965
749,4,10,150,41,0.13801046286264312
750,4,10,150,41,0.041278922835426404
751,4,10,150,41,0.08344262841657167
752,4,10,150,41,0.0
753,4,10,150,41,0.15780803084928155
754,4,10,150,41,0.0
755,4,10,150,41,0.03855371268423985
756,4,10,150,41,0.031104745345423533
757,4,10,150,41,0.0
758,4,10,150,41,0.30224294427853077
759,4,10,150,41,0.049710505523782283
760,4,10,150,41,0.0
761,4,10,150,41,0.02459490482356159
762,4,10,150,41,0.051960280791503534
763,4,10,150,41,0.04836681869881649
764,4,10,150,41,0.09952543002377177
765,4,10,150,41,0.15066101840234988
766,4,10,150,41,0.03158850394477252
767,4,10,150,41,0.10635849541123835
768,4,10,150,41,0.060133059387366614
769,4,10,150,41,0.0
770,4,10,150,41,0.1912123147921425
771,4,10,150,41,0.2192447252418897
772,4,10,150,41,0.0
773,4,10,150,41,0.10395183941856011
774,4,10,150,41,0.05304962984219428
775,4,10,150,41,0.0
776,4,10,150,41,0.138487812915294
777,4,10,150,41,0.0
778,4,10,150,41,0.14142149673809498
779,4,10,150,41,0.0
780,4,10,150,41,0.030023253564245667
781,4,10,150,41,0.15002169728433992
782,4,10,150,41,0.05827091980666726
783,4,10,150,41,0.0
784,4,10,150,41,0.0
785,4,10,150,41,0.0
786,4,10,150,41,0.0
787,4,10,150,41,0.0
788,4,10,150,41,0.3096650907136947
789,4,10,150,41,0.08809718769055445
790,4,10,150,41,0.0
791,4,10,150,41,0.04465281017341861
792,4,10,150,41,0.06658592494149675
793,4,10,150,41,0.0
794,4,10,150,41,0.04108065887337468
795,4,10,150,41,0.0
796,4,10,150,41,0.41198478107118003
797,4,10,150,41,0.07799758411617824
798,4,10,150,41,0.055950940157539264
799,4,10,150,41,0.0
800,4,10,150,41,0.0
801,4,10,150,41,0.1561471668577559
802,4,10,150,41,0.05124850302776537
803,4,10,150,41,0.07149075016358487
804,4,10,150,41,0.18163225229804264
805,4,10,150,41,0.14454220562005235
806,4,10,150,41,0.30677133188962485
807,4,10,150,41,0.11424192399197132
808,4,10,150,41,0.0
809,4,10,150,41,0.0
810,4,10,150,41,0.0
811,4,10,150,41,0.0
812,4,10,150,41,0.0
813,4,10,150,41,0.0
814,4,10,150,41,0.0
815,4,10,150,41,0.1952314378375824
816,4,10,150,41,0.0
817,4,10,150,41,0.0
818,4,10,150,41,0.05516788910004661
819,4,10,150,41,0.037210602758860095
820,4,10,150,41,0.0
821,4,10,150,41,0.302950268110492
822,4,10,150,41,0.0
823,4,10,150,41,0.24884344724107113
824,4,10,150,41,0.05046096657376444
825,4,10,150,41,0.06730416996481758
826,4,10,150,41,0.14078957591453647
827,4,10,150,41,0.0
828,4,10,150,41,0.06300831117178797
829,4,10,150,41,0.15110239493068348
830,4,10,150,41,0.1248330807269509
831,4,10,150,41,0.19369981287762317
832,4,10,150,41,0.0
833,4,10,150,41,0.15155863515717422
834,4,10,150,41,0.2706897351446418
835,4,10,150,41,0.05749464606972727
836,4,10,150,41,0.13166415252801508
837,4,10,150,41,0.0
838,4,10,150,41,0.24560504806301242
839,4,10,150,41,0.0640765686166134
840,4,10,150,41,0.3777546277466164
841,4,10,150,41,0.0
842,4,10,150,41,0.0
843,4,10,150,41,0.0
844,4,10,150,41,0.04139993815510656
845,4,10,150,41,0.0
846,4,10,150,41,0.3916136542516905
847,4,10,150,41,0.05753551742203403
848,4,10,150,41,0.0
849,4,10,150,41,0.0419387969316025
850,4,10,150,41,0.20938747063345256
851,4,10,150,41,0.06354837326397497
852,4,10,150,41,0.23690281265915858
853,4,10,150,41,0.0
854,4,10,150,41,0.0
855,4,10,150,41,0.0
856,4,10,150,41,0.0
857,4,10,150,41,0.0
858,4,10,150,41,0.10250982096838526
859,4,10,150,41,0.0
860,4,10,150,41,0.01939247039510922
861,4,10,150,41,0.03709674194804795
862,4,10,150,41,0.09639405712427751
863,4,10,150,41,0.0
864,4,10,150,41,0.47199977937062065
865,4,10,150,41,0.05644898165903662
866,4,10,150,41,0.16283687678415507
867,4,10,150,41,0.13566032926352936
868,4,10,150,41,0.2920216635275899
869,4,10,150,41,0.03406297225598251
870,4,10,150,41,0.34751628543798085
871,4,10,150,41,0.07177933159872266
872,4,10,150,41,0.02804794621397926
873,4,10,150,41,0.0
874,4,10,150,41,0.13944914190808633
875,4,10,150,41,0.11921642955842648
876,4,10,150,41,0.08671382849411972
877,4,10,150,41,0.06755636555520678
878,4,10,150,41,0.20837187232808949
879,4,10,150,41,0.03963466998423315
880,4,10,150,41,0.46601582686544574
881,4,10,150,41,0.1082184581570927
882,4,10,150,41,0.18856602726296584
883,4,10,150,41,0.3965351067536829
884,4,10,150,41,0.09113547509404434
885,4,10,150,41,0.04757147864314264
886,4,10,150,41,0.20181332597300622
887,4,10,150,41,0.07605103628389456
888,4,10,150,41,0.11625487663628292
889,4,10,150,41,0.0
890,4,10,150,41,0.08887955340881441
891,4,10,150,41,0.03339755935325358
892,4,10,150,41,0.3278548688995278
893,4,10,150,41,0.10869735563398858
894,4,10,150,41,0.12969759241885948
895,4,10,150,41,0.0
896,4,10,150,41,0.3845091096412294
897,4,10,150,41,0.31370880580335564
898,4,10,150,41,0.0
899,4,10,150,41,0.07537208775302023
900,4,10,150,41,0.03232193387019919
901,4,10,150,41,0.2045617448605828
902,4,10,150,41,0.05978585424799658
903,4,10,150,41,0.23276516467511554
904,4,10,150,41,0.0
905,4,10,150,41,0.0
906,4,10,150,41,0.10407444169186962
907,4,10,150,41,0.03430616189018335
908,4,10,150,41,0.06892767477436933
909,4,10,150,41,0.0
910,4,10,150,41,0.0
911,4,10,150,41,0.10114410846108873
912,4,10,150,41,0.1328892265512611
913,4,10,150,41,0.07107535730017715
914,4,10,150,41,0.0
915,4,10,150,41,0.0
916,4,10,150,41,0.34052812630491924
917,4,10,150,41,0.0
918,4,10,150,41,0.04434007101489659
919,4,10,150,41,0.13646878135541476
920,4,10,150,41,0.0
921,4,10,150,41,0.14577226197625892
922,4,10,150,41,0.14246237895850217
923,4,10,150,41,0.0
924,4,10,150,41,0.018280262702529162
925,4,10,150,41,0.0
926,4,10,150,41,0.0
927,4,10,150,41,0.04499596683729014
928,4,10,150,41,0.1482972305701491
929,4,10,150,41,0.25163227912988373
930,4,10,150,41,0.0
931,4,10,150,41,0.08679587898287541
932,4,10,150,41,0.24849462252559257
933,4,10,150,41,0.04633836209730836
934,4,10,150,41,0.11315784497335861
935,4,10,150,41,0.04173963774222741
936,4,10,150,41,0.1321191921354211
937,4,10,150,41,0.0
938,4,10,150,41,0.12839894062215076
939,4,10,150,41,0.0
940,4,10,150,41,0.050684733114198
941,4,10,150,41,0.0
942,4,10,150,41,0.06867427323128149
943,4,10,150,41,0.2211215578666711
1,4,10,150,42,0.4058715898896693
2,4,10,150,42,0.06250343848035038
3,4,10,150,42,0.0
4,4,10,150,42,0.0
5,4,10,150,42,0.040209635547393256
6,4,10,150,42,0.27020011346731576
7,4,10,150,42,0.2749955383785748
8,4,10,150,42,0.0
9,4,10,150,42,0.21840743681816419
10,4,10,150,42,0.13118672884982416
11,4,10,150,42,0.1722584975122812
12,4,10,150,42,0.0
13,4,10,150,42,0.24516987969211895
14,4,10,150,42,0.0
15,4,10,150,42,0.05010834716923557
16,4,10,150,42,0.053168340515114924
17,4,10,150,42,0.0
18,4,10,150,42,0.20717217840635824
19,4,10,150,42,0.0
20,4,10,150,42,0.0
21,4,10,150,42,0.0
22,4,10,150,42,0.11702382382650763
23,4,10,150,42,0.19906649093208975
24,4,10,150,42,0.0
25,4,10,150,42,0.12358102547512423
26,4,10,150,42,0.0
27,4,10,150,42,0.0
28,4,10,150,42,0.0
29,4,10,150,42,0.13455232720853103
30,4,10,150,42,0.0
31,4,10,150,42,0.0
32,4,10,150,42,0.0
33,4,10,150,42,0.0
35,4,10,150,42,0.10523285614729473
36,4,10,150,42,0.0
37,4,10,150,42,0.0
38,4,10,150,42,0.04739418218477539
39,4,10,150,42,0.0
40,4,10,150,42,0.0
41,4,10,150,42,0.0
42,4,10,150,42,0.0683037314796457
43,4,10,150,42,0.22592974817952552
44,4,10,150,42,0.2044921015662719
45,4,10,150,42,0.05200670101006268
46,4,10,150,42,0.11284514134893527
47,4,10,150,42,0.06250343848035038
48,4,10,150,42,0.0
49,4,10,150,42,0.0
50,4,10,150,42,0.0
51,4,10,150,42,0.16812753627111746
52,4,10,150,42,0.0
54,4,10,150,42,0.0
56,4,10,150,42,0.20383503459815738
57,4,10,150,42,0.23047740788088653
58,4,10,150,42,0.3717269535737058
59,4,10,150,42,0.2378606442039324
60,4,10,150,42,0.1505674224523334
61,4,10,150,42,0.0
62,4,10,150,42,0.08314631791322982
63,4,10,150,42,0.0
64,4,10,150,42,0.04238468688770069
65,4,10,150,42,0.13012668333070054
66,4,10,150,42,0.0
67,4,10,150,42,0.0
68,4,10,150,42,0.4827392464262081
69,4,10,150,42,0.07673373981757839
70,4,10,150,42,0.0
71,4,10,150,42,0.0
72,4,10,150,42,0.0
73,4,10,150,42,0.0
74,4,10,150,42,0.0
75,4,10,150,42,0.049432410190049694
76,4,10,150,42,0.1301464707340554
77,4,10,150,42,0.10201115106436301
78,4,10,150,42,0.0
79,4,10,150,42,0.27487633291429087
80,4,10,150,42,0.0
81,4,10,150,42,0.0
82,4,10,150,42,0.19298623480417013
83,4,10,150,42,0.12089611529519323
84,4,10,150,42,0.0
85,4,10,150,42,0.0
87,4,10,150,42,0.07100089300395272
89,4,10,150,42,0.2553387838830436
90,4,10,150,42,0.0
91,4,10,150,42,0.05648147012627732
92,4,10,150,42,0.10542637391232386
93,4,10,150,42,0.0
94,4,10,150,42,0.08791240958776
95,4,10,150,42,0.15097216460709872
96,4,10,150,42,0.0
97,4,10,150,42,0.06462745615384195
98,4,10,150,42,0.0930297504356062
99,4,10,150,42,0.05658242244874664
100,4,10,150,42,0.0
101,4,10,150,42,0.0
102,4,10,150,42,0.0
103,4,10,150,42,0.0
104,4,10,150,42,0.0
105,4,10,150,42,0.0
106,4,10,150,42,0.0
107,4,10,150,42,0.0
108,4,10,150,42,0.0
109,4,10,150,42,0.07103066762111539
110,4,10,150,42,0.0
111,4,10,150,42,0.0
112,4,10,150,42,0.05685954565780693
113,4,10,150,42,0.053168340515114924
114,4,10,150,42,0.0
115,4,10,150,42,0.10684080426179023
116,4,10,150,42,0.0
117,4,10,150,42,0.20857178832305684
118,4,10,150,42,0.0
119,4,10,150,42,0.18374222286855332
120,4,10,150,42,0.0
121,4,10,150,42,0.271985059917519
122,4,10,150,42,0.1530100230930498
123,4,10,150,42,0.07386004580671933
125,4,10,150,42,0.12702645795516354
126,4,10,150,42,0.06911917000496234
127,4,10,150,42,0.10253313861822189
128,4,10,150,42,0.03233829114831982
129,4,10,150,42,0.0
130,4,10,150,42,0.16099269493775217
131,4,10,150,42,0.0
133,4,10,150,42,0.11047239495909743
134,4,10,150,42,0.0
135,4,10,150,42,0.0
137,4,10,150,42,0.0
138,4,10,150,42,0.0
139,4,10,150,42,0.0
141,4,10,150,42,0.0
142,4,10,150,42,0.13373003436102654
143,4,10,150,42,0.0
144,4,10,150,42,0.1227945149537572
145,4,10,150,42,0.08829985348038716
146,4,10,150,42,0.0
148,4,10,150,42,0.0
149,4,10,150,42,0.0
150,4,10,150,42,0.10235170428306553
151,4,10,150,42,0.06298430394440727
152,4,10,150,42,0.0
153,4,10,150,42,0.0
154,4,10,150,42,0.06372882143962796
155,4,10,150,42,0.0
156,4,10,150,42,0.0
158,4,10,150,42,0.17575552384613552
159,4,10,150,42,0.0
160,4,10,150,42,0.0
161,4,10,150,42,0.0
162,4,10,150,42,0.0
163,4,10,150,42,0.0
164,4,10,150,42,0.0
165,4,10,150,42,0.12114889742360979
166,4,10,150,42,0.0
167,4,10,150,42,0.0
168,4,10,150,42,0.23504554941448536
169,4,10,150,42,0.06416923277158361
170,4,10,150,42,0.0
171,4,10,150,42,0.0
172,4,10,150,42,0.0
173,4,10,150,42,0.0
174,4,10,150,42,0.060961917527339995
175,4,10,150,42,0.0
176,4,10,150,42,0.0
177,4,10,150,42,0.06912040963822193
178,4,10,150,42,0.21869354042431444
179,4,10,150,42,0.06723507268634088
180,4,10,150,42,0.12262943855309168
181,4,10,150,42,0.01719677167528726
182,4,10,150,42,0.0
183,4,10,150,42,0.0
184,4,10,150,42,0.09303069037986347
185,4,10,150,42,0.07745351606183934
186,4,10,150,42,0.22147164648185297
187,4,10,150,42,0.04416548762473651
188,4,10,150,42,0.054384419234677496
189,4,10,150,42,0.2089531400761587
190,4,10,150,42,0.10699313236726378
191,4,10,150,42,0.0
192,4,10,150,42,0.0
193,4,10,150,42,0.0
194,4,10,150,42,0.0
195,4,10,150,42,0.0
196,4,10,150,42,0.0
197,4,10,150,42,0.05576624569167862
198,4,10,150,42,0.0
199,4,10,150,42,0.0
200,4,10,150,42,0.0891099526415642
201,4,10,150,42,0.03487978243545732
203,4,10,150,42,0.0
204,4,10,150,42,0.0
205,4,10,150,42,0.0
206,4,10,150,42,0.0
207,4,10,150,42,0.025865718079496645
209,4,10,150,42,0.0
210,4,10,150,42,0.06648469969095826
211,4,10,150,42,0.0
212,4,10,150,42,0.12681701683239352
213,4,10,150,42,0.19336468350582656
214,4,10,150,42,0.056720838976548935
215,4,10,150,42,0.0
216,4,10,150,42,0.0
217,4,10,150,42,0.0
218,4,10,150,42,0.19092086617893467
219,4,10,150,42,0.0
221,4,10,150,42,0.3375735570145491
222,4,10,150,42,0.10955688414408199
223,4,10,150,42,0.03870447337439288
224,4,10,150,42,0.0
225,4,10,150,42,0.0
226,4,10,150,42,0.0
227,4,10,150,42,0.0
228,4,10,150,42,0.0
229,4,10,150,42,0.0
230,4,10,150,42,0.23712439662683835
231,4,10,150,42,0.0
232,4,10,150,42,0.3234992853586256
233,4,10,150,42,0.0968152409481219
234,4,10,150,42,0.016552362338872865
235,4,10,150,42,0.06065881345112158
236,4,10,150,42,0.0
237,4,10,150,42,0.0
238,4,10,150,42,0.0
239,4,10,150,42,0.060772229737720354
240,4,10,150,42,0.05497526658285817
242,4,10,150,42,0.0
243,4,10,150,42,0.09267768927614353
244,4,10,150,42,0.12439856924920116
245,4,10,150,42,0.0
246,4,10,150,42,0.08041927109478651
247,4,10,150,42,0.0
248,4,10,150,42,0.14830051302014485
249,4,10,150,42,0.1927430268106979
250,4,10,150,42,0.3039989562789163
251,4,10,150,42,0.0
252,4,10,150,42,0.0
253,4,10,150,42,0.05954496680255472
254,4,10,150,42,0.0
255,4,10,150,42,0.0
256,4,10,150,42,0.16583176898817792
257,4,10,150,42,0.3305900772260718
258,4,10,150,42,0.0
259,4,10,150,42,0.0
260,4,10,150,42,0.0
261,4,10,150,42,0.0
262,4,10,150,42,0.0
263,4,10,150,42,0.0975109251896312
264,4,10,150,42,0.0
265,4,10,150,42,0.10209739512291163
267,4,10,150,42,0.09794101962538232
268,4,10,150,42,0.040466532906672535
269,4,10,150,42,0.13223875150584097
270,4,10,150,42,0.0
271,4,10,150,42,0.12276482551434069
272,4,10,150,42,0.09109240322345806
273,4,10,150,42,0.0
274,4,10,150,42,0.0
275,4,10,150,42,0.0
276,4,10,150,42,0.18784639929386426
277,4,10,150,42,0.0
279,4,10,150,42,0.06493409231178052
280,4,10,150,42,0.03337620304869898
281,4,10,150,42,0.0
283,4,10,150,42,0.07132875491150918
284,4,10,150,42,0.0
285,4,10,150,42,0.1185995982858366
286,4,10,150,42,0.2610657027199842
287,4,10,150,42,0.06364028872631156
288,4,10,150,42,0.12538054736008386
289,4,10,150,42,0.13905617951077562
290,4,10,150,42,0.0
291,4,10,150,42,0.20074462409132507
292,4,10,150,42,0.08933583385868532
293,4,10,150,42,0.06886690743551852
294,4,10,150,42,0.04123398036294628
295,4,10,150,42,0.2670961153715764
296,4,10,150,42,0.47774763069170006
297,4,10,150,42,0.08043477786221322
298,4,10,150,42,0.19947114504638494
299,4,10,150,42,0.0
300,4,10,150,42,0.0
301,4,10,150,42,0.047934103497110726
303,4,10,150,42,0.09890488478181747
304,4,10,150,42,0.0
305,4,10,150,42,0.31514747987601716
306,4,10,150,42,0.0
307,4,10,150,42,0.1383141340724969
308,4,10,150,42,0.17281095469409677
309,4,10,150,42,0.0
310,4,10,150,42,0.0
311,4,10,150,42,0.06712613803507668
312,4,10,150,42,0.07579200366109638
313,4,10,150,42,0.14465709645474623
314,4,10,150,42,0.18379915372429234
315,4,10,150,42,0.0
316,4,10,150,42,0.04568304891751105
317,4,10,150,42,0.0
318,4,10,150,42,0.10118786565551004
319,4,10,150,42,0.0
320,4,10,150,42,0.0
321,4,10,150,42,0.062242588308449316
322,4,10,150,42,0.17342765698823945
323,4,10,150,42,0.14126697285982898
324,4,10,150,42,0.0
325,4,10,150,42,0.0
326,4,10,150,42,0.0634222181618871
327,4,10,150,42,0.0
328,4,10,150,42,0.1437524526514495
329,4,10,150,42,0.0
330,4,10,150,42,0.0536466452928127
331,4,10,150,42,0.16958010263680806
332,4,10,150,42,0.0
333,4,10,150,42,0.0
334,4,10,150,42,0.07058424671826317
336,4,10,150,42,0.0
337,4,10,150,42,0.16716045496620227
338,4,10,150,42,0.0
339,4,10,150,42,0.06608282041002614
340,4,10,150,42,0.0
341,4,10,150,42,0.0
342,4,10,150,42,0.2625072992734236
343,4,10,150,42,0.23617544027995818
344,4,10,150,42,0.23832550406045652
345,4,10,150,42,0.056149696530797676
346,4,10,150,42,0.13947804593499064
347,4,10,150,42,0.03232623375868038
348,4,10,150,42,0.071942683897578
349,4,10,150,42,0.07673373981757839
350,4,10,150,42,0.0749368547125808
351,4,10,150,42,0.0
352,4,10,150,42,0.0
353,4,10,150,42,0.0
354,4,10,150,42,0.051249224710132255
355,4,10,150,42,0.0
356,4,10,150,42,0.08406376813555873
357,4,10,150,42,0.0
358,4,10,150,42,0.20438239758848611
359,4,10,150,42,0.0
360,4,10,150,42,0.06752012359727312
361,4,10,150,42,0.09622728274290568
362,4,10,150,42,0.0
363,4,10,150,42,0.1803013146105011
364,4,10,150,42,0.0
365,4,10,150,42,0.0
366,4,10,150,42,0.0
367,4,10,150,42,0.0
368,4,10,150,42,0.0
369,4,10,150,42,0.0
370,4,10,150,42,0.13479984916817475
371,4,10,150,42,0.16676134190097475
372,4,10,150,42,0.0
373,4,10,150,42,0.035769798946978335
374,4,10,150,42,0.06834943074719504
375,4,10,150,42,0.0
376,4,10,150,42,0.0
377,4,10,150,42,0.0
378,4,10,150,42,0.16448029476168333
379,4,10,150,42,0.07386135250503313
380,4,10,150,42,0.0
381,4,10,150,42,0.05105625351125917
382,4,10,150,42,0.0
383,4,10,150,42,0.04838338183089434
384,4,10,150,42,0.0
385,4,10,150,42,0.0
386,4,10,150,42,0.0
387,4,10,150,42,0.11497906462099297
388,4,10,150,42,0.04511904280884329
389,4,10,150,42,0.12419123143547287
390,4,10,150,42,0.0
391,4,10,150,42,0.2137247802747043
392,4,10,150,42,0.0
393,4,10,150,42,0.0
394,4,10,150,42,0.11073655428626575
395,4,10,150,42,0.04931346192675315
396,4,10,150,42,0.0
397,4,10,150,42,0.22320497122386787
398,4,10,150,42,0.1418968660083944
399,4,10,150,42,0.016552362338872865
400,4,10,150,42,0.0
401,4,10,150,42,0.0
402,4,10,150,42,0.08963222225173058
403,4,10,150,42,0.0
404,4,10,150,42,0.0
405,4,10,150,42,0.055051250783886355
406,4,10,150,42,0.22284538533955497
407,4,10,150,42,0.04270006763257965
408,4,10,150,42,0.0
409,4,10,150,42,0.10914342353313093
410,4,10,150,42,0.0
411,4,10,150,42,0.0
412,4,10,150,42,0.0
413,4,10,150,42,0.0
414,4,10,150,42,0.0
415,4,10,150,42,0.08035849674662018
416,4,10,150,42,0.17876029404047017
417,4,10,150,42,0.10628683936705241
418,4,10,150,42,0.0
419,4,10,150,42,0.1208113026994942
420,4,10,150,42,0.06052048269976269
421,4,10,150,42,0.15435807162450887
422,4,10,150,42,0.04320473659574256
423,4,10,150,42,0.053845569940583225
424,4,10,150,42,0.23504554941448536
425,4,10,150,42,0.1674157226455415
426,4,10,150,42,0.040759261617270684
427,4,10,150,42,0.0
428,4,10,150,42,0.0
429,4,10,150,42,0.18728187790813675
430,4,10,150,42,0.0
431,4,10,150,42,0.0
432,4,10,150,42,0.0
433,4,10,150,42,0.05780921899607981
434,4,10,150,42,0.20778267687568405
435,4,10,150,42,0.17363841292972168
436,4,10,150,42,0.0
437,4,10,150,42,0.07336291806952099
438,4,10,150,42,0.0
439,4,10,150,42,0.0
440,4,10,150,42,0.0
441,4,10,150,42,0.0
442,4,10,150,42,0.040949887133979804
443,4,10,150,42,0.06783204105472322
444,4,10,150,42,0.1312721899408984
445,4,10,150,42,0.0
446,4,10,150,42,0.0
447,4,10,150,42,0.16246725303708914
448,4,10,150,42,0.0
449,4,10,150,42,0.1511226181481109
450,4,10,150,42,0.290644100422585
451,4,10,150,42,0.06148915918944534
452,4,10,150,42,0.10773098771530253
453,4,10,150,42,0.0
454,4,10,150,42,0.0
455,4,10,150,42,0.063401477059351
456,4,10,150,42,0.018650043077523788
457,4,10,150,42,0.282690216345629
458,4,10,150,42,0.04926693941311216
459,4,10,150,42,0.0
460,4,10,150,42,0.05184030722866645
461,4,10,150,42,0.0
462,4,10,150,42,0.0
463,4,10,150,42,0.11987424504051505
464,4,10,150,42,0.0
465,4,10,150,42,0.0
466,4,10,150,42,0.0
467,4,10,150,42,0.07807600999842033
468,4,10,150,42,0.09063580949954383
469,4,10,150,42,0.0
470,4,10,150,42,0.0
471,4,10,150,42,0.0
472,4,10,150,42,0.042775890988345035
473,4,10,150,42,0.0
474,4,10,150,42,0.20412766256502649
475,4,10,150,42,0.0
476,4,10,150,42,0.0
477,4,10,150,42,0.0
478,4,10,150,42,0.2345109835167376
479,4,10,150,42,0.10172348796286074
480,4,10,150,42,0.0741070054529978
481,4,10,150,42,0.10388675010296258
482,4,10,150,42,0.0
483,4,10,150,42,0.05658242244874664
484,4,10,150,42,0.2723783861819967
485,4,10,150,42,0.0
486,4,10,150,42,0.0
487,4,10,150,42,0.08590023523471675
488,4,10,150,42,0.0
489,4,10,150,42,0.0
490,4,10,150,42,0.0
491,4,10,150,42,0.10497643268981144
492,4,10,150,42,0.0
493,4,10,150,42,0.05484179250244328
494,4,10,150,42,0.0
495,4,10,150,42,0.08079645339948935
496,4,10,150,42,0.02649996754880397
497,4,10,150,42,0.055350844551313325
498,4,10,150,42,0.0
499,4,10,150,42,0.02651211589009722
500,4,10,150,42,0.09541527213731128
501,4,10,150,42,0.0
502,4,10,150,42,0.0
503,4,10,150,42,0.05608659198762317
504,4,10,150,42,0.08148269775823089
505,4,10,150,42,0.07379217622092994
506,4,10,150,42,0.1005847615052763
507,4,10,150,42,0.05319635904163211
508,4,10,150,42,0.0
509,4,10,150,42,0.0
510,4,10,150,42,0.0
511,4,10,150,42,0.0
512,4,10,150,42,0.0
513,4,10,150,42,0.0
514,4,10,150,42,0.25601722541174865
515,4,10,150,42,0.11706259313796354
516,4,10,150,42,0.0
517,4,10,150,42,0.08878770367712427
518,4,10,150,42,0.0
519,4,10,150,42,0.0
520,4,10,150,42,0.0
521,4,10,150,42,0.09850628252086785
522,4,10,150,42,0.12524561954372188
523,4,10,150,42,0.032114893884379984
524,4,10,150,42,0.15389757804687357
525,4,10,150,42,0.0
526,4,10,150,42,0.04972780777662495
527,4,10,150,42,0.1448182018041012
528,4,10,150,42,0.10209739512291163
529,4,10,150,42,0.0
530,4,10,150,42,0.0
531,4,10,150,42,0.1517763576041802
532,4,10,150,42,0.28145851292131957
533,4,10,150,42,0.11557545112991054
534,4,10,150,42,0.1046638363823608
535,4,10,150,42,0.12373646939599506
536,4,10,150,42,0.09414825230406802
537,4,10,150,42,0.34907764044304074
538,4,10,150,42,0.14697776980950736
539,4,10,150,42,0.04478826142555715
540,4,10,150,42,0.0
541,4,10,150,42,0.0
542,4,10,150,42,0.049033875503285806
543,4,10,150,42,0.0
544,4,10,150,42,0.0
545,4,10,150,42,0.02244213465825961
546,4,10,150,42,0.05758752804519195
547,4,10,150,42,0.0
548,4,10,150,42,0.1103190733436671
549,4,10,150,42,0.0
550,4,10,150,42,0.04785685030080952
551,4,10,150,42,0.09060939592627033
552,4,10,150,42,0.1205344274731702
553,4,10,150,42,0.04743759234968417
554,4,10,150,42,0.12627825946936164
555,4,10,150,42,0.0
556,4,10,150,42,0.07660623398069263
557,4,10,150,42,0.0
558,4,10,150,42,0.08878770367712427
559,4,10,150,42,0.04366879852493834
560,4,10,150,42,0.09375790921485552
561,4,10,150,42,0.029084722703418667
562,4,10,150,42,0.0
563,4,10,150,42,0.0
564,4,10,150,42,0.08498983725535779
565,4,10,150,42,0.0
566,4,10,150,42,0.03579489106983033
567,4,10,150,42,0.1471381878632886
568,4,10,150,42,0.036155150901276155
569,4,10,150,42,0.18299769260789403
570,4,10,150,42,0.0
571,4,10,150,42,0.0
572,4,10,150,42,0.16812753627111746
573,4,10,150,42,0.06437746926759551
574,4,10,150,42,0.051811563545175146
575,4,10,150,42,0.0
576,4,10,150,42,0.0
577,4,10,150,42,0.20661435984836318
578,4,10,150,42,0.0
579,4,10,150,42,0.0
580,4,10,150,42,0.12128674553236206
581,4,10,150,42,0.05276490902632437
582,4,10,150,42,0.0
583,4,10,150,42,0.0
584,4,10,150,42,0.06323567569191428
585,4,10,150,42,0.04173963774222741
586,4,10,150,42,0.05786021189691368
587,4,10,150,42,0.0
588,4,10,150,42,0.12293820457898162
589,4,10,150,42,0.0
590,4,10,150,42,0.053845569940583225
591,4,10,150,42,0.0
592,4,10,150,42,0.3913367924746367
593,4,10,150,42,0.024098506230842615
594,4,10,150,42,0.0
595,4,10,150,42,0.03995808168017168
596,4,10,150,42,0.0
597,4,10,150,42,0.27101620591530523
598,4,10,150,42,0.0684591776394769
599,4,10,150,42,0.0
600,4,10,150,42,0.09197011795311534
601,4,10,150,42,0.0
602,4,10,150,42,0.0
603,4,10,150,42,0.0
604,4,10,150,42,0.0
605,4,10,150,42,0.23939908411991156
606,4,10,150,42,0.18460176944524417
607,4,10,150,42,0.0
608,4,10,150,42,0.03962974857737922
609,4,10,150,42,0.0
610,4,10,150,42,0.19303241878686786
611,4,10,150,42,0.03870447337439288
612,4,10,150,42,0.0
613,4,10,150,42,0.04578230021840749
614,4,10,150,42,0.0
615,4,10,150,42,0.027541830374730368
616,4,10,150,42,0.03618657486793958
617,4,10,150,42,0.0
618,4,10,150,42,0.15197905906163517
619,4,10,150,42,0.03620451724718618
620,4,10,150,42,0.09695427979674315
621,4,10,150,42,0.09678412991767817
622,4,10,150,42,0.2112084413491226
623,4,10,150,42,0.17494254380936963
624,4,10,150,42,0.01743989121772866
625,4,10,150,42,0.0
626,4,10,150,42,0.06228974831361337
627,4,10,150,42,0.07601827180037869
628,4,10,150,42,0.0
629,4,10,150,42,0.10922434570876023
630,4,10,150,42,0.15874779570678058
631,4,10,150,42,0.0
632,4,10,150,42,0.12112269717167994
633,4,10,150,42,0.07414861528507455
634,4,10,150,42,0.022104381789790163
635,4,10,150,42,0.04546401530948942
636,4,10,150,42,0.06364028872631156
637,4,10,150,42,0.01928973283308616
638,4,10,150,42,0.09712868482236708
639,4,10,150,42,0.0
640,4,10,150,42,0.030877778553209584
641,4,10,150,42,0.07675099783970546
642,4,10,150,42,0.1347411269264869
643,4,10,150,42,0.1411997341560828
644,4,10,150,42,0.04935421935348238
645,4,10,150,42,0.16158259063789654
646,4,10,150,42,0.0
647,4,10,150,42,0.030218457878623886
648,4,10,150,42,0.15886330828624254
649,4,10,150,42,0.15489949502599
650,4,10,150,42,0.061157730155488955
651,4,10,150,42,0.0
652,4,10,150,42,0.0419387969316025
653,4,10,150,42,0.14373361908655014
654,4,10,150,42,0.21255442687635834
655,4,10,150,42,0.01986517815350773
656,4,10,150,42,0.07397229644086958
657,4,10,150,42,0.0
658,4,10,150,42,0.2625403796417579
659,4,10,150,42,0.10416445866020473
660,4,10,150,42,0.016181200264967402
661,4,10,150,42,0.06962713451216634
662,4,10,150,42,0.0512644431393966
663,4,10,150,42,0.2617491154222052
664,4,10,150,42,0.32092895646507197
665,4,10,150,42,0.0
666,4,10,150,42,0.2526036835250401
667,4,10,150,42,0.1593472521587426
668,4,10,150,42,0.06194403202282284
669,4,10,150,42,0.07941370599111754
670,4,10,150,42,0.06613087842005526
671,4,10,150,42,0.12700520479034313
672,4,10,150,42,0.0
673,4,10,150,42,0.0
674,4,10,150,42,0.06123763026386081
675,4,10,150,42,0.0
676,4,10,150,42,0.11582866341850039
677,4,10,150,42,0.03314040476303028
678,4,10,150,42,0.0
679,4,10,150,42,0.15527711509166947
680,4,10,150,42,0.11377863936243801
681,4,10,150,42,0.0
682,4,10,150,42,0.1583996335327097
683,4,10,150,42,0.0
684,4,10,150,42,0.06573003977381581
685,4,10,150,42,0.1906465758273748
686,4,10,150,42,0.07277260183012466
687,4,10,150,42,0.0
688,4,10,150,42,0.0
689,4,10,150,42,0.15001451003751623
690,4,10,150,42,0.07914701567910001
691,4,10,150,42,0.05446824630887794
692,4,10,150,42,0.12090042896411356
693,4,10,150,42,0.0
694,4,10,150,42,0.1302226908086287
695,4,10,150,42,0.0
696,4,10,150,42,0.039725595076707886
697,4,10,150,42,0.023456906405016697
698,4,10,150,42,0.04525067121014058
699,4,10,150,42,0.055051250783886355
700,4,10,150,42,0.12729890218214104
701,4,10,150,42,0.0
702,4,10,150,42,0.037715680681715956
703,4,10,150,42,0.09261220774116596
704,4,10,150,42,0.13473043171971474
705,4,10,150,42,0.13727675104556403
706,4,10,150,42,0.04395738023645723
707,4,10,150,42,0.03978423814797592
708,4,10,150,42,0.07186325791519563
709,4,10,150,42,0.14114255204220208
710,4,10,150,42,0.10695361352497157
711,4,10,150,42,0.15887495148909325
712,4,10,150,42,0.11719716516510177
713,4,10,150,42,0.1468735732232516
714,4,10,150,42,0.03441184191455828
715,4,10,150,42,0.0
716,4,10,150,42,0.264056474580955
717,4,10,150,42,0.04028594057096935
718,4,10,150,42,0.035328385129692476
719,4,10,150,42,0.09883437846193516
720,4,10,150,42,0.0
721,4,10,150,42,0.12513649108791014
722,4,10,150,42,0.06556429791586475
723,4,10,150,42,0.0
724,4,10,150,42,0.0
725,4,10,150,42,0.0
726,4,10,150,42,0.05010834716923557
727,4,10,150,42,0.17150112192104686
728,4,10,150,42,0.09627818061559096
729,4,10,150,42,0.0
730,4,10,150,42,0.0
731,4,10,150,42,0.09388827751441965
732,4,10,150,42,0.0
733,4,10,150,42,0.1300076176478829
734,4,10,150,42,0.0
735,4,10,150,42,0.0
736,4,10,150,42,0.0
737,4,10,150,42,0.1138970555583582
738,4,10,150,42,0.1672429889604676
739,4,10,150,42,0.03855307727568851
740,4,10,150,42,0.0
741,4,10,150,42,0.056141304720820955
742,4,10,150,42,0.0488929053971083
743,4,10,150,42,0.0
744,4,10,150,42,0.0
745,4,10,150,42,0.03520132288421838
746,4,10,150,42,0.23491487959421534
747,4,10,150,42,0.49824476256504296
748,4,10,150,42,0.09621648119325965
749,4,10,150,42,0.15187122775021888
750,4,10,150,42,0.041278922835426404
751,4,10,150,42,0.08210087355267343
752,4,10,150,42,0.0
753,4,10,150,42,0.15780803084928155
754,4,10,150,42,0.0
755,4,10,150,42,0.03855371268423985
756,4,10,150,42,0.031104745345423533
757,4,10,150,42,0.0
758,4,10,150,42,0.2973828871559281
759,4,10,150,42,0.049710505523782283
760,4,10,150,42,0.0
761,4,10,150,42,0.02459490482356159
762,4,10,150,42,0.051960280791503534
763,4,10,150,42,0.04758908176181064
764,4,10,150,42,0.09792506421135641
765,4,10,150,42,0.15066101840234988
766,4,10,150,42,0.031080561786004785
767,4,10,150,42,0.10635849541123835
768,4,10,150,42,0.060133059387366614
769,4,10,150,42,0.0
770,4,10,150,42,0.1912123147921425
771,4,10,150,42,0.24251639833154792
772,4,10,150,42,0.0
773,4,10,150,42,0.10228029708105481
774,4,10,150,42,0.05219659344797363
775,4,10,150,42,0.0
776,4,10,150,42,0.138487812915294
777,4,10,150,42,0.0
778,4,10,150,42,0.14142149673809498
779,4,10,150,42,0.0
780,4,10,150,42,0.030023253564245667
781,4,10,150,42,0.15002169728433992
782,4,10,150,42,0.05733392523257384
783,4,10,150,42,0.0
784,4,10,150,42,0.0
785,4,10,150,42,0.0
786,4,10,150,42,0.0
787,4,10,150,42,0.0
788,4,10,150,42,0.30468568570777477
789,4,10,150,42,0.08809718769055445
790,4,10,150,42,0.0
791,4,10,150,42,0.04465281017341861
792,4,10,150,42,0.06658592494149675
793,4,10,150,42,0.0
794,4,10,150,42,0.04108065887337468
795,4,10,150,42,0.0
796,4,10,150,42,0.42144004746218033
797,4,10,150,42,0.07799758411617824
798,4,10,150,42,0.055051250783886355
799,4,10,150,42,0.0
800,4,10,150,42,0.0
801,4,10,150,42,0.1561471668577559
802,4,10,150,42,0.05124850302776537
803,4,10,150,42,0.07149075016358487
804,4,10,150,42,0.178711611342858
805,4,10,150,42,0.1422179714592937
806,4,10,150,42,0.30183845843539286
807,4,10,150,42,0.11240491741528397
808,4,10,150,42,0.0
809,4,10,150,42,0.0
810,4,10,150,42,0.0
811,4,10,150,42,0.0
812,4,10,150,42,0.0
813,4,10,150,42,0.0
814,4,10,150,42,0.0
815,4,10,150,42,0.20817209123123048
816,4,10,150,42,0.0
817,4,10,150,42,0.0
818,4,10,150,42,0.05516788910004661
819,4,10,150,42,0.037210602758860095
820,4,10,150,42,0.0
821,4,10,150,42,0.302950268110492
822,4,10,150,42,0.0
823,4,10,150,42,0.2448420523662831
824,4,10,150,42,0.05046096657376444
825,4,10,150,42,0.06622192100976197
826,4,10,150,42,0.13852568392246706
827,4,10,150,42,0.0
828,4,10,150,42,0.06199513949221549
829,4,10,150,42,0.15110239493068348
830,4,10,150,42,0.13890573750850851
831,4,10,150,42,0.19369981287762317
832,4,10,150,42,0.0
833,4,10,150,42,0.16520154585657212
834,4,10,150,42,0.2706897351446418
835,4,10,150,42,0.05749464606972727
836,4,10,150,42,0.13166415252801508
837,4,10,150,42,0.0
838,4,10,150,42,0.24560504806301242
839,4,10,150,42,0.0640765686166134
840,4,10,150,42,0.3716803451076669
841,4,10,150,42,0.0
842,4,10,150,42,0.0
843,4,10,150,42,0.0
844,4,10,150,42,0.04139993815510656
845,4,10,150,42,0.0
846,4,10,150,42,0.38531651889854746
847,4,10,150,42,0.05661034809536185
848,4,10,150,42,0.0
849,4,10,150,42,0.0419387969316025
850,4,10,150,42,0.20938747063345256
851,4,10,150,42,0.06252651740279472
852,4,10,150,42,0.26227118260874954
853,4,10,150,42,0.0
854,4,10,150,42,0.0
855,4,10,150,42,0.0
856,4,10,150,42,0.0
857,4,10,150,42,0.0
858,4,10,150,42,0.10250982096838526
859,4,10,150,42,0.0
860,4,10,150,42,0.01939247039510922
861,4,10,150,42,0.03709674194804795
862,4,10,150,42,0.09484404369047611
863,4,10,150,42,0.01607996882840013
864,4,10,150,42,0.48049000645972945
865,4,10,150,42,0.05644898165903662
866,4,10,150,42,0.16283687678415507
867,4,10,150,42,0.14955888422612146
868,4,10,150,42,0.2873259642808487
869,4,10,150,42,0.03406297225598251
870,4,10,150,42,0.3419282344007767
871,4,10,150,42,0.0706251221840918
872,4,10,150,42,0.02804794621397926
873,4,10,150,42,0.0
874,4,10,150,42,0.13944914190808633
875,4,10,150,42,0.11729943308729383
876,4,10,150,42,0.08671382849411972
877,4,10,150,42,0.06755636555520678
878,4,10,150,42,0.20502125911633845
879,4,10,150,42,0.03963466998423315
880,4,10,150,42,0.4585223068959083
881,4,10,150,42,0.10647830872326913
882,4,10,150,42,0.18553389142248208
883,4,10,150,42,0.3901588345977174
884,4,10,150,42,0.09113547509404434
885,4,10,150,42,0.046806530749439995
886,4,10,150,42,0.19856817398220453
887,4,10,150,42,0.07482813799108202
888,4,10,150,42,0.11625487663628292
889,4,10,150,42,0.0
890,4,10,150,42,0.08745037296051855
891,4,10,150,42,0.03339755935325358
892,4,10,150,42,0.3225829728273842
893,4,10,150,42,0.10869735563398858
894,4,10,150,42,0.12761205917564566
895,4,10,150,42,0.0
896,4,10,150,42,0.3783262151439626
897,4,10,150,42,0.30866437798484303
898,4,10,150,42,0.0
899,4,10,150,42,0.07416010693142024
900,4,10,150,42,0.03232193387019919
901,4,10,150,42,0.20127239837974148
902,4,10,150,42,0.05978585424799658
903,4,10,150,42,0.22902230808280227
904,4,10,150,42,0.0
905,4,10,150,42,0.0
906,4,10,150,42,0.10407444169186962
907,4,10,150,42,0.033754519876367156
908,4,10,150,42,0.06892767477436933
909,4,10,150,42,0.0
910,4,10,150,42,0.0
911,4,10,150,42,0.10114410846108873
912,4,10,150,42,0.1328892265512611
913,4,10,150,42,0.0699324677703229
914,4,10,150,42,0.0
915,4,10,150,42,0.0
916,4,10,150,42,0.3350524446487426
917,4,10,150,42,0.0
918,4,10,150,42,0.043627084055128
919,4,10,150,42,0.13427436760516995
920,4,10,150,42,0.0
921,4,10,150,42,0.1434282485476353
922,4,10,150,42,0.14017158834562973
923,4,10,150,42,0.0
924,4,10,150,42,0.018280262702529162
925,4,10,150,42,0.0
926,4,10,150,42,0.0
927,4,10,150,42,0.04499596683729014
928,4,10,150,42,0.1482972305701491
929,4,10,150,42,0.25163227912988373
930,4,10,150,42,0.0
931,4,10,150,42,0.08679587898287541
932,4,10,150,42,0.244498836741356
933,4,10,150,42,0.04559324267922452
934,4,10,150,42,0.11133827035349808
935,4,10,150,42,0.04173963774222741
936,4,10,150,42,0.1321191921354211
937,4,10,150,42,0.0
938,4,10,150,42,0.12839894062215076
939,4,10,150,42,0.0
940,4,10,150,42,0.050684733114198
941,4,10,150,42,0.0
942,4,10,150,42,0.06867427323128149
943,4,10,150,42,0.21756593010888775
1,4,10,150,43,0.4058715898896693
2,4,10,150,43,0.06250343848035038
3,4,10,150,43,0.0
4,4,10,150,43,0.0
5,4,10,150,43,0.040209635547393256
6,4,10,150,43,0.27020011346731576
7,4,10,150,43,0.2749955383785748
8,4,10,150,43,0.0
9,4,10,150,43,0.21840743681816419
10,4,10,150,43,0.13118672884982416
11,4,10,150,43,0.1722584975122812
12,4,10,150,43,0.0
13,4,10,150,43,0.2570440107938644
14,4,10,150,43,0.0
15,4,10,150,43,0.05010834716923557
16,4,10,150,43,0.053168340515114924
17,4,10,150,43,0.0
18,4,10,150,43,0.20717217840635824
19,4,10,150,43,0.0
20,4,10,150,43,0.0
21,4,10,150,43,0.0
22,4,10,150,43,0.11702382382650763
23,4,10,150,43,0.19906649093208975
24,4,10,150,43,0.0
25,4,10,150,43,0.12358102547512423
26,4,10,150,43,0.0
27,4,10,150,43,0.0
28,4,10,150,43,0.0
29,4,10,150,43,0.13455232720853103
30,4,10,150,43,0.0
31,4,10,150,43,0.0
32,4,10,150,43,0.0
33,4,10,150,43,0.0
35,4,10,150,43,0.10523285614729473
36,4,10,150,43,0.0
37,4,10,150,43,0.0
38,4,10,150,43,0.04739418218477539
39,4,10,150,43,0.0
40,4,10,150,43,0.0
41,4,10,150,43,0.0
42,4,10,150,43,0.0683037314796457
43,4,10,150,43,0.22592974817952552
44,4,10,150,43,0.2044921015662719
45,4,10,150,43,0.05200670101006268
46,4,10,150,43,0.11284514134893527
47,4,10,150,43,0.06250343848035038
48,4,10,150,43,0.0
49,4,10,150,43,0.0
50,4,10,150,43,0.0
51,4,10,150,43,0.16812753627111746
52,4,10,150,43,0.0
54,4,10,150,43,0.0
56,4,10,150,43,0.20383503459815738
57,4,10,150,43,0.23047740788088653
58,4,10,150,43,0.3717269535737058
59,4,10,150,43,0.2378606442039324
60,4,10,150,43,0.1505674224523334
61,4,10,150,43,0.0
62,4,10,150,43,0.08314631791322982
63,4,10,150,43,0.0
64,4,10,150,43,0.04238468688770069
65,4,10,150,43,0.13012668333070054
66,4,10,150,43,0.0
67,4,10,150,43,0.0
68,4,10,150,43,0.4827392464262081
69,4,10,150,43,0.07673373981757839
70,4,10,150,43,0.0
71,4,10,150,43,0.0
72,4,10,150,43,0.0
73,4,10,150,43,0.0
74,4,10,150,43,0.0
75,4,10,150,43,0.049432410190049694
76,4,10,150,43,0.1301464707340554
77,4,10,150,43,0.10201115106436301
78,4,10,150,43,0.0
79,4,10,150,43,0.27487633291429087
80,4,10,150,43,0.0
81,4,10,150,43,0.0
82,4,10,150,43,0.19298623480417013
83,4,10,150,43,0.12089611529519323
84,4,10,150,43,0.05034889199379723
85,4,10,150,43,0.0
87,4,10,150,43,0.07100089300395272
89,4,10,150,43,0.2553387838830436
90,4,10,150,43,0.0
91,4,10,150,43,0.05648147012627732
92,4,10,150,43,0.10542637391232386
93,4,10,150,43,0.0
94,4,10,150,43,0.08791240958776
95,4,10,150,43,0.15097216460709872
96,4,10,150,43,0.0
97,4,10,150,43,0.06462745615384195
98,4,10,150,43,0.0930297504356062
99,4,10,150,43,0.05658242244874664
100,4,10,150,43,0.0
101,4,10,150,43,0.0
102,4,10,150,43,0.0
103,4,10,150,43,0.0
104,4,10,150,43,0.0
105,4,10,150,43,0.0
106,4,10,150,43,0.0
107,4,10,150,43,0.0
108,4,10,150,43,0.0
109,4,10,150,43,0.07103066762111539
110,4,10,150,43,0.0
111,4,10,150,43,0.0
112,4,10,150,43,0.05685954565780693
113,4,10,150,43,0.053168340515114924
114,4,10,150,43,0.0
115,4,10,150,43,0.10684080426179023
116,4,10,150,43,0.0
117,4,10,150,43,0.20857178832305684
118,4,10,150,43,0.0
119,4,10,150,43,0.18374222286855332
120,4,10,150,43,0.0
121,4,10,150,43,0.271985059917519
122,4,10,150,43,0.1530100230930498
123,4,10,150,43,0.07386004580671933
125,4,10,150,43,0.12702645795516354
126,4,10,150,43,0.06911917000496234
127,4,10,150,43,0.10253313861822189
128,4,10,150,43,0.03233829114831982
129,4,10,150,43,0.0
130,4,10,150,43,0.16099269493775217
131,4,10,150,43,0.0
133,4,10,150,43,0.11047239495909743
134,4,10,150,43,0.0
135,4,10,150,43,0.0
137,4,10,150,43,0.0
138,4,10,150,43,0.0
139,4,10,150,43,0.0
141,4,10,150,43,0.0
142,4,10,150,43,0.13373003436102654
143,4,10,150,43,0.0
144,4,10,150,43,0.1227945149537572
145,4,10,150,43,0.08829985348038716
146,4,10,150,43,0.0
148,4,10,150,43,0.0
149,4,10,150,43,0.0
150,4,10,150,43,0.10235170428306553
151,4,10,150,43,0.06298430394440727
152,4,10,150,43,0.0
153,4,10,150,43,0.0
154,4,10,150,43,0.06372882143962796
155,4,10,150,43,0.0
156,4,10,150,43,0.0
158,4,10,150,43,0.17575552384613552
159,4,10,150,43,0.0
160,4,10,150,43,0.0
161,4,10,150,43,0.0
162,4,10,150,43,0.0
163,4,10,150,43,0.0
164,4,10,150,43,0.0
165,4,10,150,43,0.12114889742360979
166,4,10,150,43,0.0
167,4,10,150,43,0.0
168,4,10,150,43,0.23504554941448536
169,4,10,150,43,0.06416923277158361
170,4,10,150,43,0.0
171,4,10,150,43,0.0
172,4,10,150,43,0.0
173,4,10,150,43,0.0
174,4,10,150,43,0.060961917527339995
175,4,10,150,43,0.0
176,4,10,150,43,0.0
177,4,10,150,43,0.06912040963822193
178,4,10,150,43,0.21869354042431444
179,4,10,150,43,0.06723507268634088
180,4,10,150,43,0.12262943855309168
181,4,10,150,43,0.01719677167528726
182,4,10,150,43,0.0
183,4,10,150,43,0.0
184,4,10,150,43,0.09303069037986347
185,4,10,150,43,0.07745351606183934
186,4,10,150,43,0.22147164648185297
187,4,10,150,43,0.04416548762473651
188,4,10,150,43,0.054384419234677496
189,4,10,150,43,0.2089531400761587
190,4,10,150,43,0.10699313236726378
191,4,10,150,43,0.0
192,4,10,150,43,0.0
193,4,10,150,43,0.0
194,4,10,150,43,0.0
195,4,10,150,43,0.0
196,4,10,150,43,0.0
197,4,10,150,43,0.05576624569167862
198,4,10,150,43,0.0
199,4,10,150,43,0.0
200,4,10,150,43,0.0891099526415642
201,4,10,150,43,0.03487978243545732
203,4,10,150,43,0.0
204,4,10,150,43,0.0
205,4,10,150,43,0.0
206,4,10,150,43,0.0
207,4,10,150,43,0.025865718079496645
209,4,10,150,43,0.0
210,4,10,150,43,0.06648469969095826
211,4,10,150,43,0.0
212,4,10,150,43,0.12681701683239352
213,4,10,150,43,0.19336468350582656
214,4,10,150,43,0.056720838976548935
215,4,10,150,43,0.0
216,4,10,150,43,0.0
217,4,10,150,43,0.0
218,4,10,150,43,0.19092086617893467
219,4,10,150,43,0.0
221,4,10,150,43,0.3375735570145491
222,4,10,150,43,0.10783345953445597
223,4,10,150,43,0.03870447337439288
224,4,10,150,43,0.0
225,4,10,150,43,0.0
226,4,10,150,43,0.0
227,4,10,150,43,0.0
228,4,10,150,43,0.0
229,4,10,150,43,0.0
230,4,10,150,43,0.23712439662683835
231,4,10,150,43,0.0
232,4,10,150,43,0.3234992853586256
233,4,10,150,43,0.0968152409481219
234,4,10,150,43,0.016552362338872865
235,4,10,150,43,0.06065881345112158
236,4,10,150,43,0.0
237,4,10,150,43,0.0
238,4,10,150,43,0.0
239,4,10,150,43,0.060772229737720354
240,4,10,150,43,0.05497526658285817
242,4,10,150,43,0.0
243,4,10,150,43,0.09267768927614353
244,4,10,150,43,0.12439856924920116
245,4,10,150,43,0.0
246,4,10,150,43,0.08041927109478651
247,4,10,150,43,0.0
248,4,10,150,43,0.14830051302014485
249,4,10,150,43,0.22399338952175052
250,4,10,150,43,0.3503302816689379
251,4,10,150,43,0.0
252,4,10,150,43,0.0
253,4,10,150,43,0.05954496680255472
254,4,10,150,43,0.0
255,4,10,150,43,0.0
256,4,10,150,43,0.16583176898817792
257,4,10,150,43,0.3305900772260718
258,4,10,150,43,0.0
259,4,10,150,43,0.0
260,4,10,150,43,0.0
261,4,10,150,43,0.0
262,4,10,150,43,0.0
263,4,10,150,43,0.0975109251896312
264,4,10,150,43,0.0
265,4,10,150,43,0.10209739512291163
267,4,10,150,43,0.09794101962538232
268,4,10,150,43,0.040466532906672535
269,4,10,150,43,0.13223875150584097
270,4,10,150,43,0.0
271,4,10,150,43,0.12276482551434069
272,4,10,150,43,0.09109240322345806
273,4,10,150,43,0.0
274,4,10,150,43,0.0
275,4,10,150,43,0.0
276,4,10,150,43,0.18784639929386426
277,4,10,150,43,0.0
279,4,10,150,43,0.06493409231178052
280,4,10,150,43,0.03337620304869898
281,4,10,150,43,0.0
283,4,10,150,43,0.07132875491150918
284,4,10,150,43,0.0
285,4,10,150,43,0.1185995982858366
286,4,10,150,43,0.2610657027199842
287,4,10,150,43,0.06364028872631156
288,4,10,150,43,0.12538054736008386
289,4,10,150,43,0.13905617951077562
290,4,10,150,43,0.0
291,4,10,150,43,0.20074462409132507
292,4,10,150,43,0.08933583385868532
293,4,10,150,43,0.06886690743551852
294,4,10,150,43,0.04123398036294628
295,4,10,150,43,0.2670961153715764
296,4,10,150,43,0.47774763069170006
297,4,10,150,43,0.08043477786221322
298,4,10,150,43,0.19947114504638494
299,4,10,150,43,0.0
300,4,10,150,43,0.0
301,4,10,150,43,0.047934103497110726
303,4,10,150,43,0.09734902534151942
304,4,10,150,43,0.0
305,4,10,150,43,0.31514747987601716
306,4,10,150,43,0.0
307,4,10,150,43,0.1383141340724969
308,4,10,150,43,0.17281095469409677
309,4,10,150,43,0.0
310,4,10,150,43,0.0
311,4,10,150,43,0.06712613803507668
312,4,10,150,43,0.07579200366109638
313,4,10,150,43,0.14465709645474623
314,4,10,150,43,0.18379915372429234
315,4,10,150,43,0.0
316,4,10,150,43,0.04568304891751105
317,4,10,150,43,0.0
318,4,10,150,43,0.10118786565551004
319,4,10,150,43,0.0
320,4,10,150,43,0.0
321,4,10,150,43,0.062242588308449316
322,4,10,150,43,0.17342765698823945
323,4,10,150,43,0.14126697285982898
324,4,10,150,43,0.0
325,4,10,150,43,0.0
326,4,10,150,43,0.0634222181618871
327,4,10,150,43,0.0
328,4,10,150,43,0.1437524526514495
329,4,10,150,43,0.0
330,4,10,150,43,0.0536466452928127
331,4,10,150,43,0.16958010263680806
332,4,10,150,43,0.0
333,4,10,150,43,0.0
334,4,10,150,43,0.07058424671826317
336,4,10,150,43,0.0
337,4,10,150,43,0.16716045496620227
338,4,10,150,43,0.0
339,4,10,150,43,0.06608282041002614
340,4,10,150,43,0.0
341,4,10,150,43,0.0
342,4,10,150,43,0.2625072992734236
343,4,10,150,43,0.23617544027995818
344,4,10,150,43,0.23832550406045652
345,4,10,150,43,0.056149696530797676
346,4,10,150,43,0.13947804593499064
347,4,10,150,43,0.03232623375868038
348,4,10,150,43,0.071942683897578
349,4,10,150,43,0.07673373981757839
350,4,10,150,43,0.0749368547125808
351,4,10,150,43,0.0
352,4,10,150,43,0.0
353,4,10,150,43,0.0
354,4,10,150,43,0.051249224710132255
355,4,10,150,43,0.0
356,4,10,150,43,0.08406376813555873
357,4,10,150,43,0.0
358,4,10,150,43,0.20438239758848611
359,4,10,150,43,0.0
360,4,10,150,43,0.06752012359727312
361,4,10,150,43,0.09622728274290568
362,4,10,150,43,0.0
363,4,10,150,43,0.1803013146105011
364,4,10,150,43,0.0
365,4,10,150,43,0.0
366,4,10,150,43,0.0
367,4,10,150,43,0.0
368,4,10,150,43,0.0
369,4,10,150,43,0.0
370,4,10,150,43,0.13479984916817475
371,4,10,150,43,0.16676134190097475
372,4,10,150,43,0.0
373,4,10,150,43,0.035769798946978335
374,4,10,150,43,0.06834943074719504
375,4,10,150,43,0.0
376,4,10,150,43,0.0
377,4,10,150,43,0.0
378,4,10,150,43,0.16448029476168333
379,4,10,150,43,0.09385454473649416
380,4,10,150,43,0.0
381,4,10,150,43,0.05105625351125917
382,4,10,150,43,0.0
383,4,10,150,43,0.04838338183089434
384,4,10,150,43,0.0
385,4,10,150,43,0.0
386,4,10,150,43,0.0
387,4,10,150,43,0.11497906462099297
388,4,10,150,43,0.04511904280884329
389,4,10,150,43,0.12419123143547287
390,4,10,150,43,0.0
391,4,10,150,43,0.2137247802747043
392,4,10,150,43,0.0
393,4,10,150,43,0.0
394,4,10,150,43,0.11073655428626575
395,4,10,150,43,0.04931346192675315
396,4,10,150,43,0.0
397,4,10,150,43,0.22320497122386787
398,4,10,150,43,0.1418968660083944
399,4,10,150,43,0.016552362338872865
400,4,10,150,43,0.0
401,4,10,150,43,0.0
402,4,10,150,43,0.08963222225173058
403,4,10,150,43,0.0
404,4,10,150,43,0.0
405,4,10,150,43,0.05418524696191869
406,4,10,150,43,0.21933983455435105
407,4,10,150,43,0.04270006763257965
408,4,10,150,43,0.0
409,4,10,150,43,0.10914342353313093
410,4,10,150,43,0.0
411,4,10,150,43,0.0
412,4,10,150,43,0.0
413,4,10,150,43,0.0
414,4,10,150,43,0.0
415,4,10,150,43,0.08035849674662018
416,4,10,150,43,0.17594823989727124
417,4,10,150,43,0.10461485539200943
418,4,10,150,43,0.0
419,4,10,150,43,0.1208113026994942
420,4,10,150,43,0.06052048269976269
421,4,10,150,43,0.15435807162450887
422,4,10,150,43,0.04320473659574256
423,4,10,150,43,0.053845569940583225
424,4,10,150,43,0.23504554941448536
425,4,10,150,43,0.1674157226455415
426,4,10,150,43,0.040759261617270684
427,4,10,150,43,0.0
428,4,10,150,43,0.0
429,4,10,150,43,0.18433577187522532
430,4,10,150,43,0.0
431,4,10,150,43,0.0
432,4,10,150,43,0.0
433,4,10,150,43,0.05780921899607981
434,4,10,150,43,0.20778267687568405
435,4,10,150,43,0.17090693040940894
436,4,10,150,43,0.0
437,4,10,150,43,0.07336291806952099
438,4,10,150,43,0.0
439,4,10,150,43,0.0
440,4,10,150,43,0.0
441,4,10,150,43,0.0
442,4,10,150,43,0.040949887133979804
443,4,10,150,43,0.06783204105472322
444,4,10,150,43,0.1312721899408984
445,4,10,150,43,0.0
446,4,10,150,43,0.0
447,4,10,150,43,0.16246725303708914
448,4,10,150,43,0.0
449,4,10,150,43,0.1511226181481109
450,4,10,150,43,0.2860720171689928
451,4,10,150,43,0.06148915918944534
452,4,10,150,43,0.10773098771530253
453,4,10,150,43,0.0
454,4,10,150,43,0.0
455,4,10,150,43,0.063401477059351
456,4,10,150,43,0.018650043077523788
457,4,10,150,43,0.282690216345629
458,4,10,150,43,0.04926693941311216
459,4,10,150,43,0.0
460,4,10,150,43,0.05184030722866645
461,4,10,150,43,0.0
462,4,10,150,43,0.0
463,4,10,150,43,0.11987424504051505
464,4,10,150,43,0.0
465,4,10,150,43,0.0
466,4,10,150,43,0.0
467,4,10,150,43,0.07807600999842033
468,4,10,150,43,0.09063580949954383
469,4,10,150,43,0.0
470,4,10,150,43,0.0
471,4,10,150,43,0.0
472,4,10,150,43,0.042775890988345035
473,4,10,150,43,0.0
474,4,10,150,43,0.20091655775935
475,4,10,150,43,0.0
476,4,10,150,43,0.0
477,4,10,150,43,0.0
478,4,10,150,43,0.2345109835167376
479,4,10,150,43,0.10172348796286074
480,4,10,150,43,0.0741070054529978
481,4,10,150,43,0.10388675010296258
482,4,10,150,43,0.0
483,4,10,150,43,0.05658242244874664
484,4,10,150,43,0.2723783861819967
485,4,10,150,43,0.0
486,4,10,150,43,0.0
487,4,10,150,43,0.08454895018738481
488,4,10,150,43,0.0
489,4,10,150,43,0.0
490,4,10,150,43,0.0
491,4,10,150,43,0.10497643268981144
492,4,10,150,43,0.0
493,4,10,150,43,0.07861863963596306
494,4,10,150,43,0.0
495,4,10,150,43,0.08079645339948935
496,4,10,150,43,0.02649996754880397
497,4,10,150,43,0.054480127860084104
498,4,10,150,43,0.0
499,4,10,150,43,0.02651211589009722
500,4,10,150,43,0.09541527213731128
501,4,10,150,43,0.0
502,4,10,150,43,0.0
503,4,10,150,43,0.05608659198762317
504,4,10,150,43,0.08148269775823089
505,4,10,150,43,0.07379217622092994
506,4,10,150,43,0.0990024761501764
507,4,10,150,43,0.05319635904163211
508,4,10,150,43,0.0
509,4,10,150,43,0.0
510,4,10,150,43,0.0
511,4,10,150,43,0.0
512,4,10,150,43,0.0
513,4,10,150,43,0.0
514,4,10,150,43,0.25601722541174865
515,4,10,150,43,0.11706259313796354
516,4,10,150,43,0.0
517,4,10,150,43,0.08878770367712427
518,4,10,150,43,0.0
519,4,10,150,43,0.0
520,4,10,150,43,0.0
521,4,10,150,43,0.09850628252086785
522,4,10,150,43,0.12524561954372188
523,4,10,150,43,0.032114893884379984
524,4,10,150,43,0.1514766359450609
525,4,10,150,43,0.0
526,4,10,150,43,0.04972780777662495
527,4,10,150,43,0.1448182018041012
528,4,10,150,43,0.10209739512291163
529,4,10,150,43,0.0
530,4,10,150,43,0.0
531,4,10,150,43,0.1517763576041802
532,4,10,150,43,0.27703092690929493
533,4,10,150,43,0.11557545112991054
534,4,10,150,43,0.1046638363823608
535,4,10,150,43,0.12373646939599506
536,4,10,150,43,0.09414825230406802
537,4,10,150,43,0.34358634703040114
538,4,10,150,43,0.14697776980950736
539,4,10,150,43,0.04478826142555715
540,4,10,150,43,0.0
541,4,10,150,43,0.0
542,4,10,150,43,0.049033875503285806
543,4,10,150,43,0.0
544,4,10,150,43,0.0
545,4,10,150,43,0.02244213465825961
546,4,10,150,43,0.05758752804519195
547,4,10,150,43,0.0
548,4,10,150,43,0.1103190733436671
549,4,10,150,43,0.0
550,4,10,150,43,0.04785685030080952
551,4,10,150,43,0.08918403170545776
552,4,10,150,43,0.1205344274731702
553,4,10,150,43,0.04743759234968417
554,4,10,150,43,0.12627825946936164
555,4,10,150,43,0.0
556,4,10,150,43,0.07660623398069263
557,4,10,150,43,0.0
558,4,10,150,43,0.08878770367712427
559,4,10,150,43,0.04366879852493834
560,4,10,150,43,0.09375790921485552
561,4,10,150,43,0.028627194842318685
562,4,10,150,43,0.02783211215220634
563,4,10,150,43,0.0
564,4,10,150,43,0.08498983725535779
565,4,10,150,43,0.0
566,4,10,150,43,0.03579489106983033
567,4,10,150,43,0.1471381878632886
568,4,10,150,43,0.036155150901276155
569,4,10,150,43,0.18299769260789403
570,4,10,150,43,0.0
571,4,10,150,43,0.0
572,4,10,150,43,0.16812753627111746
573,4,10,150,43,0.06437746926759551
574,4,10,150,43,0.051811563545175146
575,4,10,150,43,0.0
576,4,10,150,43,0.0
577,4,10,150,43,0.2033641371421707
578,4,10,150,43,0.0
579,4,10,150,43,0.0
580,4,10,150,43,0.12128674553236206
581,4,10,150,43,0.05276490902632437
582,4,10,150,43,0.0
583,4,10,150,43,0.0
584,4,10,150,43,0.06323567569191428
585,4,10,150,43,0.04173963774222741
586,4,10,150,43,0.05786021189691368
587,4,10,150,43,0.0
588,4,10,150,43,0.12100428021731384
589,4,10,150,43,0.0
590,4,10,150,43,0.053845569940583225
591,4,10,150,43,0.0
592,4,10,150,43,0.38518072602502934
593,4,10,150,43,0.024098506230842615
594,4,10,150,43,0.0
595,4,10,150,43,0.03995808168017168
596,4,10,150,43,0.0
597,4,10,150,43,0.27101620591530523
598,4,10,150,43,0.0684591776394769
599,4,10,150,43,0.0
600,4,10,150,43,0.09197011795311534
601,4,10,150,43,0.0
602,4,10,150,43,0.0
603,4,10,150,43,0.0
604,4,10,150,43,0.0
605,4,10,150,43,0.23939908411991156
606,4,10,150,43,0.1816978238381015
607,4,10,150,43,0.0
608,4,10,150,43,0.03962974857737922
609,4,10,150,43,0.0
610,4,10,150,43,0.19303241878686786
611,4,10,150,43,0.03870447337439288
612,4,10,150,43,0.0
613,4,10,150,43,0.04578230021840749
614,4,10,150,43,0.0
615,4,10,150,43,0.027541830374730368
616,4,10,150,43,0.03618657486793958
617,4,10,150,43,0.0
618,4,10,150,43,0.1495882969239482
619,4,10,150,43,0.03620451724718618
620,4,10,150,43,0.09695427979674315
621,4,10,150,43,0.09678412991767817
622,4,10,150,43,0.2078859497647223
623,4,10,150,43,0.17494254380936963
624,4,10,150,43,0.033954967498045684
625,4,10,150,43,0.0
626,4,10,150,43,0.06228974831361337
627,4,10,150,43,0.07482243859075843
628,4,10,150,43,0.0
629,4,10,150,43,0.10922434570876023
630,4,10,150,43,0.15874779570678058
631,4,10,150,43,0.0
632,4,10,150,43,0.12112269717167994
633,4,10,150,43,0.07414861528507455
634,4,10,150,43,0.022104381789790163
635,4,10,150,43,0.04546401530948942
636,4,10,150,43,0.06364028872631156
637,4,10,150,43,0.01928973283308616
638,4,10,150,43,0.09712868482236708
639,4,10,150,43,0.0
640,4,10,150,43,0.030877778553209584
641,4,10,150,43,0.07675099783970546
642,4,10,150,43,0.13262153238080363
643,4,10,150,43,0.13897854012872063
644,4,10,150,43,0.04935421935348238
645,4,10,150,43,0.16158259063789654
646,4,10,150,43,0.0
647,4,10,150,43,0.030218457878623886
648,4,10,150,43,0.15636425094989984
649,4,10,150,43,0.15489949502599
650,4,10,150,43,0.06019566612781708
651,4,10,150,43,0.0
652,4,10,150,43,0.0419387969316025
653,4,10,150,43,0.14147256485614143
654,4,10,150,43,0.21255442687635834
655,4,10,150,43,0.03528354721281893
656,4,10,150,43,0.07397229644086958
657,4,10,150,43,0.0
658,4,10,150,43,0.2625403796417579
659,4,10,150,43,0.10252586157061175
660,4,10,150,43,0.01592665597988846
661,4,10,150,43,0.06962713451216634
662,4,10,150,43,0.0512644431393966
663,4,10,150,43,0.2733624407965037
664,4,10,150,43,0.31588046621423477
665,4,10,150,43,0.0
666,4,10,150,43,0.24863000895342027
667,4,10,150,43,0.1919898989841522
668,4,10,150,43,0.06194403202282284
669,4,10,150,43,0.09857402842117612
670,4,10,150,43,0.06613087842005526
671,4,10,150,43,0.12700520479034313
672,4,10,150,43,0.0
673,4,10,150,43,0.0
674,4,10,150,43,0.06123763026386081
675,4,10,150,43,0.0
676,4,10,150,43,0.11582866341850039
677,4,10,150,43,0.03314040476303028
678,4,10,150,43,0.0
679,4,10,150,43,0.15527711509166947
680,4,10,150,43,0.11377863936243801
681,4,10,150,43,0.0
682,4,10,150,43,0.15590787020155292
683,4,10,150,43,0.0
684,4,10,150,43,0.06573003977381581
685,4,10,150,43,0.1906465758273748
686,4,10,150,43,0.07277260183012466
687,4,10,150,43,0.0
688,4,10,150,43,0.0
689,4,10,150,43,0.15001451003751623
690,4,10,150,43,0.07914701567910001
691,4,10,150,43,0.05446824630887794
692,4,10,150,43,0.12090042896411356
693,4,10,150,43,0.0
694,4,10,150,43,0.12817417517380875
695,4,10,150,43,0.0
696,4,10,150,43,0.039725595076707886
697,4,10,150,43,0.023456906405016697
698,4,10,150,43,0.04453883898731933
699,4,10,150,43,0.05418524696191869
700,4,10,150,43,0.12729890218214104
701,4,10,150,43,0.0
702,4,10,150,43,0.037715680681715956
703,4,10,150,43,0.09261220774116596
704,4,10,150,43,0.13473043171971474
705,4,10,150,43,0.13727675104556403
706,4,10,150,43,0.04395738023645723
707,4,10,150,43,0.0391583976484481
708,4,10,150,43,0.07186325791519563
709,4,10,150,43,0.13892225753898266
710,4,10,150,43,0.10695361352497157
711,4,10,150,43,0.15637571099509245
712,4,10,150,43,0.11535355232231308
713,4,10,150,43,0.1468735732232516
714,4,10,150,43,0.03441184191455828
715,4,10,150,43,0.0
716,4,10,150,43,0.2756335031986553
717,4,10,150,43,0.04028594057096935
718,4,10,150,43,0.035328385129692476
719,4,10,150,43,0.09883437846193516
720,4,10,150,43,0.0
721,4,10,150,43,0.12316798577682876
722,4,10,150,43,0.06556429791586475
723,4,10,150,43,0.0
724,4,10,150,43,0.0
725,4,10,150,43,0.0
726,4,10,150,43,0.05010834716923557
727,4,10,150,43,0.1688032608381368
728,4,10,150,43,0.09627818061559096
729,4,10,150,43,0.0
730,4,10,150,43,0.02601736765943984
731,4,10,150,43,0.09388827751441965
732,4,10,150,43,0.0
733,4,10,150,43,0.1300076176478829
734,4,10,150,43,0.0
735,4,10,150,43,0.0
736,4,10,150,43,0.0
737,4,10,150,43,0.1138970555583582
738,4,10,150,43,0.16461211199446316
739,4,10,150,43,0.03855307727568851
740,4,10,150,43,0.0
741,4,10,150,43,0.055258153406978094
742,4,10,150,43,0.0488929053971083
743,4,10,150,43,0.0
744,4,10,150,43,0.03596673601130318
745,4,10,150,43,0.03520132288421838
746,4,10,150,43,0.23491487959421534
747,4,10,150,43,0.4904069412165225
748,4,10,150,43,0.09621648119325965
749,4,10,150,43,0.14948216189238903
750,4,10,150,43,0.041278922835426404
751,4,10,150,43,0.08080935575296685
752,4,10,150,43,0.0
753,4,10,150,43,0.15780803084928155
754,4,10,150,43,0.0
755,4,10,150,43,0.03855371268423985
756,4,10,150,43,0.031104745345423533
757,4,10,150,43,0.0
758,4,10,150,43,0.29270479695456625
759,4,10,150,43,0.049710505523782283
760,4,10,150,43,0.0
761,4,10,150,43,0.04712005628768104
762,4,10,150,43,0.051960280791503534
763,4,10,150,43,0.04684046431710541
764,4,10,150,43,0.09638461819667138
765,4,10,150,43,0.15066101840234988
766,4,10,150,43,0.030591637648726862
767,4,10,150,43,0.10635849541123835
768,4,10,150,43,0.060133059387366614
769,4,10,150,43,0.0
770,4,10,150,43,0.1912123147921425
771,4,10,150,43,0.24251639833154792
772,4,10,150,43,0.0
773,4,10,150,43,0.10067133948385326
774,4,10,150,43,0.051375495856620296
775,4,10,150,43,0.0
776,4,10,150,43,0.138487812915294
777,4,10,150,43,0.0
778,4,10,150,43,0.14142149673809498
779,4,10,150,43,0.0
780,4,10,150,43,0.030023253564245667
781,4,10,150,43,0.15002169728433992
782,4,10,150,43,0.056432012965862
783,4,10,150,43,0.0
784,4,10,150,43,0.0
785,4,10,150,43,0.0
786,4,10,150,43,0.0
787,4,10,150,43,0.0
788,4,10,150,43,0.2998927161645832
789,4,10,150,43,0.08809718769055445
790,4,10,150,43,0.0
791,4,10,150,43,0.04465281017341861
792,4,10,150,43,0.06658592494149675
793,4,10,150,43,0.0
794,4,10,150,43,0.04108065887337468
795,4,10,150,43,0.0
796,4,10,150,43,0.4148104307570989
797,4,10,150,43,0.07799758411617824
798,4,10,150,43,0.05418524696191869
799,4,10,150,43,0.0
800,4,10,150,43,0.0
801,4,10,150,43,0.1561471668577559
802,4,10,150,43,0.05124850302776537
803,4,10,150,43,0.10569353498973794
804,4,10,150,43,0.17590032302062764
805,4,10,150,43,0.13998075967786247
806,4,10,150,43,0.2970902782414855
807,4,10,150,43,0.11063669077731467
808,4,10,150,43,0.0
809,4,10,150,43,0.0
810,4,10,150,43,0.0
811,4,10,150,43,0.0
812,4,10,150,43,0.0
813,4,10,150,43,0.0
814,4,10,150,43,0.0
815,4,10,150,43,0.20489736406216105
816,4,10,150,43,0.0
817,4,10,150,43,0.0
818,4,10,150,43,0.05516788910004661
819,4,10,150,43,0.037210602758860095
820,4,10,150,43,0.0
821,4,10,150,43,0.302950268110492
822,4,10,150,43,0.0
823,4,10,150,43,0.2409904749705217
824,4,10,150,43,0.05046096657376444
825,4,10,150,43,0.06518019287686948
826,4,10,150,43,0.1363465550196837
827,4,10,150,43,0.0
828,4,10,150,43,0.061019902290894865
829,4,10,150,43,0.15110239493068348
830,4,10,150,43,0.1367206300338784
831,4,10,150,43,0.19369981287762317
832,4,10,150,43,0.0
833,4,10,150,43,0.17833364806254978
834,4,10,150,43,0.2706897351446418
835,4,10,150,43,0.07429241414274851
836,4,10,150,43,0.13166415252801508
837,4,10,150,43,0.0
838,4,10,150,43,0.24560504806301242
839,4,10,150,43,0.0640765686166134
840,4,10,150,43,0.3815643570929755
841,4,10,150,43,0.0
842,4,10,150,43,0.0
843,4,10,150,43,0.0
844,4,10,150,43,0.04139993815510656
845,4,10,150,43,0.0
846,4,10,150,43,0.37925515656286934
847,4,10,150,43,0.055719818323278034
848,4,10,150,43,0.0
849,4,10,150,43,0.0419387969316025
850,4,10,150,43,0.20938747063345256
851,4,10,150,43,0.0615429211670304
852,4,10,150,43,0.26227118260874954
853,4,10,150,43,0.0
854,4,10,150,43,0.0
855,4,10,150,43,0.0
856,4,10,150,43,0.0
857,4,10,150,43,0.0
858,4,10,150,43,0.10250982096838526
859,4,10,150,43,0.0
860,4,10,150,43,0.01939247039510922
861,4,10,150,43,0.03709674194804795
862,4,10,150,43,0.09335206479522344
863,4,10,150,43,0.015827017001434712
864,4,10,150,43,0.47293148279157715
865,4,10,150,43,0.05644898165903662
866,4,10,150,43,0.16283687678415507
867,4,10,150,43,0.14720619353327072
868,4,10,150,43,0.2828060781806297
869,4,10,150,43,0.03406297225598251
870,4,10,150,43,0.3365494073330291
871,4,10,150,43,0.06951412788573412
872,4,10,150,43,0.02804794621397926
873,4,10,150,43,0.0
874,4,10,150,43,0.13944914190808633
875,4,10,150,43,0.11729943308729383
876,4,10,150,43,0.08671382849411972
877,4,10,150,43,0.06755636555520678
878,4,10,150,43,0.20179609726349748
879,4,10,150,43,0.03963466998423315
880,4,10,150,43,0.4513093541550504
881,4,10,150,43,0.10480331276953515
882,4,10,150,43,0.1826152827298812
883,4,10,150,43,0.3997521639501209
884,4,10,150,43,0.09113547509404434
885,4,10,150,43,0.04607022350946124
886,4,10,150,43,0.19544452474370144
887,4,10,150,43,0.07365102661634886
888,4,10,150,43,0.11625487663628292
889,4,10,150,43,0.0
890,4,10,150,43,0.08607470290510769
891,4,10,150,43,0.03339755935325358
892,4,10,150,43,0.31750846346760825
893,4,10,150,43,0.10869735563398858
894,4,10,150,43,0.1256046110359275
895,4,10,150,43,0.0
896,4,10,150,43,0.3723748163364875
897,4,10,150,43,0.30380882016855476
898,4,10,150,43,0.0
899,4,10,150,43,0.07299350426343983
900,4,10,150,43,0.03232193387019919
901,4,10,150,43,0.1981062093509452
902,4,10,150,43,0.05978585424799658
903,4,10,150,43,0.22541958895668907
904,4,10,150,43,0.0
905,4,10,150,43,0.0
906,4,10,150,43,0.10407444169186962
907,4,10,150,43,0.033223532064003525
908,4,10,150,43,0.06892767477436933
909,4,10,150,43,0.0
910,4,10,150,43,0.0
911,4,10,150,43,0.10114410846108873
912,4,10,150,43,0.1328892265512611
913,4,10,150,43,0.06883236952538971
914,4,10,150,43,0.0
915,4,10,150,43,0.0
916,4,10,150,43,0.3297817797048255
917,4,10,150,43,0.0
918,4,10,150,43,0.043627084055128
919,4,10,150,43,0.13216211558759355
920,4,10,150,43,0.0
921,4,10,150,43,0.14117199806010347
922,4,10,150,43,0.1379665679417314
923,4,10,150,43,0.02142307850464013
924,4,10,150,43,0.018280262702529162
925,4,10,150,43,0.0
926,4,10,150,43,0.0
927,4,10,150,43,0.04499596683729014
928,4,10,150,43,0.1482972305701491
929,4,10,150,43,0.25163227912988373
930,4,10,150,43,0.0
931,4,10,150,43,0.08679587898287541
932,4,10,150,43,0.24065265842442957
933,4,10,150,43,0.04487602151069724
934,4,10,150,43,0.10958682299699912
935,4,10,150,43,0.04173963774222741
936,4,10,150,43,0.1321191921354211
937,4,10,150,43,0.0
938,4,10,150,43,0.12839894062215076
939,4,10,150,43,0.0
940,4,10,150,43,0.050684733114198
941,4,10,150,43,0.0
942,4,10,150,43,0.06867427323128149
943,4,10,150,43,0.21414342972385753
1,4,10,150,44,0.4058715898896693
2,4,10,150,44,0.06250343848035038
3,4,10,150,44,0.0
4,4,10,150,44,0.0
5,4,10,150,44,0.040209635547393256
6,4,10,150,44,0.27020011346731576
7,4,10,150,44,0.2749955383785748
8,4,10,150,44,0.0
9,4,10,150,44,0.21840743681816419
10,4,10,150,44,0.13118672884982416
11,4,10,150,44,0.1722584975122812
12,4,10,150,44,0.0
13,4,10,150,44,0.2530862486909258
14,4,10,150,44,0.0
15,4,10,150,44,0.05010834716923557
16,4,10,150,44,0.053168340515114924
17,4,10,150,44,0.0
18,4,10,150,44,0.20717217840635824
19,4,10,150,44,0.0
20,4,10,150,44,0.0
21,4,10,150,44,0.0
22,4,10,150,44,0.11702382382650763
23,4,10,150,44,0.23682446174402746
24,4,10,150,44,0.0
25,4,10,150,44,0.12358102547512423
26,4,10,150,44,0.0
27,4,10,150,44,0.0
28,4,10,150,44,0.0
29,4,10,150,44,0.13455232720853103
30,4,10,150,44,0.0
31,4,10,150,44,0.0
32,4,10,150,44,0.0
33,4,10,150,44,0.0
35,4,10,150,44,0.10523285614729473
36,4,10,150,44,0.0
37,4,10,150,44,0.0
38,4,10,150,44,0.04739418218477539
39,4,10,150,44,0.0
40,4,10,150,44,0.0
41,4,10,150,44,0.0
42,4,10,150,44,0.0683037314796457
43,4,10,150,44,0.22592974817952552
44,4,10,150,44,0.2044921015662719
45,4,10,150,44,0.05200670101006268
46,4,10,150,44,0.11284514134893527
47,4,10,150,44,0.06250343848035038
48,4,10,150,44,0.0
49,4,10,150,44,0.0
50,4,10,150,44,0.0
51,4,10,150,44,0.16812753627111746
52,4,10,150,44,0.0
54,4,10,150,44,0.0
56,4,10,150,44,0.20383503459815738
57,4,10,150,44,0.23047740788088653
58,4,10,150,44,0.3717269535737058
59,4,10,150,44,0.2378606442039324
60,4,10,150,44,0.1505674224523334
61,4,10,150,44,0.0
62,4,10,150,44,0.08314631791322982
63,4,10,150,44,0.0
64,4,10,150,44,0.04238468688770069
65,4,10,150,44,0.13012668333070054
66,4,10,150,44,0.0
67,4,10,150,44,0.0
68,4,10,150,44,0.4827392464262081
69,4,10,150,44,0.07673373981757839
70,4,10,150,44,0.0
71,4,10,150,44,0.0
72,4,10,150,44,0.0
73,4,10,150,44,0.0
74,4,10,150,44,0.0
75,4,10,150,44,0.049432410190049694
76,4,10,150,44,0.1301464707340554
77,4,10,150,44,0.10201115106436301
78,4,10,150,44,0.0
79,4,10,150,44,0.27487633291429087
80,4,10,150,44,0.0
81,4,10,150,44,0.0
82,4,10,150,44,0.19298623480417013
83,4,10,150,44,0.12089611529519323
84,4,10,150,44,0.05034889199379723
85,4,10,150,44,0.0
87,4,10,150,44,0.07100089300395272
89,4,10,150,44,0.2553387838830436
90,4,10,150,44,0.021827649599846295
91,4,10,150,44,0.05648147012627732
92,4,10,150,44,0.10542637391232386
93,4,10,150,44,0.0
94,4,10,150,44,0.08791240958776
95,4,10,150,44,0.15097216460709872
96,4,10,150,44,0.0
97,4,10,150,44,0.06462745615384195
98,4,10,150,44,0.0930297504356062
99,4,10,150,44,0.05658242244874664
100,4,10,150,44,0.0
101,4,10,150,44,0.0
102,4,10,150,44,0.0
103,4,10,150,44,0.0
104,4,10,150,44,0.0
105,4,10,150,44,0.0
106,4,10,150,44,0.0
107,4,10,150,44,0.0
108,4,10,150,44,0.0
109,4,10,150,44,0.07103066762111539
110,4,10,150,44,0.0
111,4,10,150,44,0.0
112,4,10,150,44,0.05685954565780693
113,4,10,150,44,0.053168340515114924
114,4,10,150,44,0.0
115,4,10,150,44,0.10684080426179023
116,4,10,150,44,0.0
117,4,10,150,44,0.20857178832305684
118,4,10,150,44,0.0
119,4,10,150,44,0.18374222286855332
120,4,10,150,44,0.0
121,4,10,150,44,0.271985059917519
122,4,10,150,44,0.1530100230930498
123,4,10,150,44,0.07386004580671933
125,4,10,150,44,0.12702645795516354
126,4,10,150,44,0.06911917000496234
127,4,10,150,44,0.10253313861822189
128,4,10,150,44,0.03233829114831982
129,4,10,150,44,0.0
130,4,10,150,44,0.16099269493775217
131,4,10,150,44,0.0
133,4,10,150,44,0.11047239495909743
134,4,10,150,44,0.0
135,4,10,150,44,0.0
137,4,10,150,44,0.0
138,4,10,150,44,0.0
139,4,10,150,44,0.0
141,4,10,150,44,0.0
142,4,10,150,44,0.13373003436102654
143,4,10,150,44,0.0
144,4,10,150,44,0.1227945149537572
145,4,10,150,44,0.08829985348038716
146,4,10,150,44,0.0
148,4,10,150,44,0.0
149,4,10,150,44,0.0
150,4,10,150,44,0.10235170428306553
151,4,10,150,44,0.06298430394440727
152,4,10,150,44,0.0
153,4,10,150,44,0.0
154,4,10,150,44,0.06372882143962796
155,4,10,150,44,0.0
156,4,10,150,44,0.0
158,4,10,150,44,0.17575552384613552
159,4,10,150,44,0.0
160,4,10,150,44,0.0
161,4,10,150,44,0.0
162,4,10,150,44,0.0
163,4,10,150,44,0.0
164,4,10,150,44,0.0
165,4,10,150,44,0.12114889742360979
166,4,10,150,44,0.0
167,4,10,150,44,0.0
168,4,10,150,44,0.23504554941448536
169,4,10,150,44,0.06416923277158361
170,4,10,150,44,0.0
171,4,10,150,44,0.0
172,4,10,150,44,0.0
173,4,10,150,44,0.0
174,4,10,150,44,0.060961917527339995
175,4,10,150,44,0.0
176,4,10,150,44,0.0
177,4,10,150,44,0.06912040963822193
178,4,10,150,44,0.2437589399037192
179,4,10,150,44,0.06723507268634088
180,4,10,150,44,0.12262943855309168
181,4,10,150,44,0.01719677167528726
182,4,10,150,44,0.0
183,4,10,150,44,0.0
184,4,10,150,44,0.09303069037986347
185,4,10,150,44,0.07745351606183934
186,4,10,150,44,0.22147164648185297
187,4,10,150,44,0.04416548762473651
188,4,10,150,44,0.054384419234677496
189,4,10,150,44,0.2089531400761587
190,4,10,150,44,0.10699313236726378
191,4,10,150,44,0.0
192,4,10,150,44,0.0
193,4,10,150,44,0.0
194,4,10,150,44,0.0
195,4,10,150,44,0.0
196,4,10,150,44,0.0
197,4,10,150,44,0.05576624569167862
198,4,10,150,44,0.0
199,4,10,150,44,0.0
200,4,10,150,44,0.0891099526415642
201,4,10,150,44,0.03487978243545732
203,4,10,150,44,0.0
204,4,10,150,44,0.0
205,4,10,150,44,0.0
206,4,10,150,44,0.0
207,4,10,150,44,0.025865718079496645
209,4,10,150,44,0.0
210,4,10,150,44,0.06648469969095826
211,4,10,150,44,0.0
212,4,10,150,44,0.12681701683239352
213,4,10,150,44,0.19336468350582656
214,4,10,150,44,0.056720838976548935
215,4,10,150,44,0.0
216,4,10,150,44,0.0
217,4,10,150,44,0.0
218,4,10,150,44,0.19092086617893467
219,4,10,150,44,0.0
221,4,10,150,44,0.3375735570145491
222,4,10,150,44,0.10617312448811056
223,4,10,150,44,0.03870447337439288
224,4,10,150,44,0.0
225,4,10,150,44,0.0
226,4,10,150,44,0.0
227,4,10,150,44,0.0
228,4,10,150,44,0.0
229,4,10,150,44,0.0
230,4,10,150,44,0.23712439662683835
231,4,10,150,44,0.0
232,4,10,150,44,0.3234992853586256
233,4,10,150,44,0.0968152409481219
234,4,10,150,44,0.016552362338872865
235,4,10,150,44,0.06065881345112158
236,4,10,150,44,0.0
237,4,10,150,44,0.0
238,4,10,150,44,0.0
239,4,10,150,44,0.060772229737720354
240,4,10,150,44,0.05497526658285817
242,4,10,150,44,0.0
243,4,10,150,44,0.09267768927614353
244,4,10,150,44,0.12439856924920116
245,4,10,150,44,0.0
246,4,10,150,44,0.08041927109478651
247,4,10,150,44,0.0
248,4,10,150,44,0.14830051302014485
249,4,10,150,44,0.22399338952175052
250,4,10,150,44,0.3503302816689379
251,4,10,150,44,0.0
252,4,10,150,44,0.0
253,4,10,150,44,0.05954496680255472
254,4,10,150,44,0.0
255,4,10,150,44,0.0
256,4,10,150,44,0.16583176898817792
257,4,10,150,44,0.3305900772260718
258,4,10,150,44,0.0
259,4,10,150,44,0.0
260,4,10,150,44,0.0
261,4,10,150,44,0.0
262,4,10,150,44,0.0
263,4,10,150,44,0.0975109251896312
264,4,10,150,44,0.0
265,4,10,150,44,0.10209739512291163
267,4,10,150,44,0.09794101962538232
268,4,10,150,44,0.040466532906672535
269,4,10,150,44,0.13223875150584097
270,4,10,150,44,0.0
271,4,10,150,44,0.12276482551434069
272,4,10,150,44,0.09109240322345806
273,4,10,150,44,0.0
274,4,10,150,44,0.0
275,4,10,150,44,0.04605780568615433
276,4,10,150,44,0.18784639929386426
277,4,10,150,44,0.0
279,4,10,150,44,0.06493409231178052
280,4,10,150,44,0.03337620304869898
281,4,10,150,44,0.0
283,4,10,150,44,0.07132875491150918
284,4,10,150,44,0.0
285,4,10,150,44,0.1185995982858366
286,4,10,150,44,0.2610657027199842
287,4,10,150,44,0.06364028872631156
288,4,10,150,44,0.12538054736008386
289,4,10,150,44,0.13905617951077562
290,4,10,150,44,0.0
291,4,10,150,44,0.2183602490428485
292,4,10,150,44,0.08933583385868532
293,4,10,150,44,0.06886690743551852
294,4,10,150,44,0.04123398036294628
295,4,10,150,44,0.2670961153715764
296,4,10,150,44,0.47774763069170006
297,4,10,150,44,0.08043477786221322
298,4,10,150,44,0.19947114504638494
299,4,10,150,44,0.0
300,4,10,150,44,0.0
301,4,10,150,44,0.047934103497110726
303,4,10,150,44,0.09585012139092841
304,4,10,150,44,0.0
305,4,10,150,44,0.31514747987601716
306,4,10,150,44,0.0
307,4,10,150,44,0.1383141340724969
308,4,10,150,44,0.17281095469409677
309,4,10,150,44,0.0
310,4,10,150,44,0.0
311,4,10,150,44,0.06712613803507668
312,4,10,150,44,0.07579200366109638
313,4,10,150,44,0.14465709645474623
314,4,10,150,44,0.18379915372429234
315,4,10,150,44,0.0
316,4,10,150,44,0.04568304891751105
317,4,10,150,44,0.0
318,4,10,150,44,0.10118786565551004
319,4,10,150,44,0.0
320,4,10,150,44,0.0
321,4,10,150,44,0.062242588308449316
322,4,10,150,44,0.17342765698823945
323,4,10,150,44,0.14126697285982898
324,4,10,150,44,0.0
325,4,10,150,44,0.0
326,4,10,150,44,0.0634222181618871
327,4,10,150,44,0.0
328,4,10,150,44,0.1437524526514495
329,4,10,150,44,0.0
330,4,10,150,44,0.0536466452928127
331,4,10,150,44,0.16958010263680806
332,4,10,150,44,0.0
333,4,10,150,44,0.0
334,4,10,150,44,0.07058424671826317
336,4,10,150,44,0.0
337,4,10,150,44,0.16716045496620227
338,4,10,150,44,0.05005165434923901
339,4,10,150,44,0.06608282041002614
340,4,10,150,44,0.0
341,4,10,150,44,0.0
342,4,10,150,44,0.2625072992734236
343,4,10,150,44,0.23617544027995818
344,4,10,150,44,0.23832550406045652
345,4,10,150,44,0.056149696530797676
346,4,10,150,44,0.13947804593499064
347,4,10,150,44,0.059994037400180646
348,4,10,150,44,0.071942683897578
349,4,10,150,44,0.07673373981757839
350,4,10,150,44,0.0749368547125808
351,4,10,150,44,0.0
352,4,10,150,44,0.0
353,4,10,150,44,0.0
354,4,10,150,44,0.051249224710132255
355,4,10,150,44,0.0
356,4,10,150,44,0.08406376813555873
357,4,10,150,44,0.0
358,4,10,150,44,0.20438239758848611
359,4,10,150,44,0.0
360,4,10,150,44,0.06752012359727312
361,4,10,150,44,0.09622728274290568
362,4,10,150,44,0.0
363,4,10,150,44,0.1803013146105011
364,4,10,150,44,0.0
365,4,10,150,44,0.0
366,4,10,150,44,0.0
367,4,10,150,44,0.0
368,4,10,150,44,0.0
369,4,10,150,44,0.0
370,4,10,150,44,0.13479984916817475
371,4,10,150,44,0.16676134190097475
372,4,10,150,44,0.0
373,4,10,150,44,0.035769798946978335
374,4,10,150,44,0.06834943074719504
375,4,10,150,44,0.0
376,4,10,150,44,0.0
377,4,10,150,44,0.0
378,4,10,150,44,0.16448029476168333
379,4,10,150,44,0.09385454473649416
380,4,10,150,44,0.0
381,4,10,150,44,0.05105625351125917
382,4,10,150,44,0.0
383,4,10,150,44,0.04838338183089434
384,4,10,150,44,0.0
385,4,10,150,44,0.0
386,4,10,150,44,0.0
387,4,10,150,44,0.11497906462099297
388,4,10,150,44,0.04511904280884329
389,4,10,150,44,0.12419123143547287
390,4,10,150,44,0.0
391,4,10,150,44,0.2137247802747043
392,4,10,150,44,0.0
393,4,10,150,44,0.0
394,4,10,150,44,0.11073655428626575
395,4,10,150,44,0.04931346192675315
396,4,10,150,44,0.0
397,4,10,150,44,0.22320497122386787
398,4,10,150,44,0.1418968660083944
399,4,10,150,44,0.016552362338872865
400,4,10,150,44,0.0
401,4,10,150,44,0.0
402,4,10,150,44,0.08963222225173058
403,4,10,150,44,0.0854499779566911
404,4,10,150,44,0.0
405,4,10,150,44,0.053350945021554734
406,4,10,150,44,0.2159626117893351
407,4,10,150,44,0.04270006763257965
408,4,10,150,44,0.0
409,4,10,150,44,0.10914342353313093
410,4,10,150,44,0.0
411,4,10,150,44,0.0
412,4,10,150,44,0.0
413,4,10,150,44,0.0
414,4,10,150,44,0.0
415,4,10,150,44,0.08035849674662018
416,4,10,150,44,0.17323912687886822
417,4,10,150,44,0.10300407788820312
418,4,10,150,44,0.0
419,4,10,150,44,0.1208113026994942
420,4,10,150,44,0.06052048269976269
421,4,10,150,44,0.15435807162450887
422,4,10,150,44,0.04320473659574256
423,4,10,150,44,0.053845569940583225
424,4,10,150,44,0.23504554941448536
425,4,10,150,44,0.1674157226455415
426,4,10,150,44,0.040759261617270684
427,4,10,150,44,0.0
428,4,10,150,44,0.0
429,4,10,150,44,0.18149751421697247
430,4,10,150,44,0.0
431,4,10,150,44,0.0
432,4,10,150,44,0.0
433,4,10,150,44,0.05780921899607981
434,4,10,150,44,0.20778267687568405
435,4,10,150,44,0.16827543952107862
436,4,10,150,44,0.0
437,4,10,150,44,0.09166074247719914
438,4,10,150,44,0.0
439,4,10,150,44,0.0
440,4,10,150,44,0.0
441,4,10,150,44,0.0
442,4,10,150,44,0.040949887133979804
443,4,10,150,44,0.06783204105472322
444,4,10,150,44,0.1312721899408984
445,4,10,150,44,0.0
446,4,10,150,44,0.0
447,4,10,150,44,0.16246725303708914
448,4,10,150,44,0.0
449,4,10,150,44,0.1511226181481109
450,4,10,150,44,0.28166730458780515
451,4,10,150,44,0.06148915918944534
452,4,10,150,44,0.10773098771530253
453,4,10,150,44,0.0
454,4,10,150,44,0.0
455,4,10,150,44,0.063401477059351
456,4,10,150,44,0.018650043077523788
457,4,10,150,44,0.282690216345629
458,4,10,150,44,0.04926693941311216
459,4,10,150,44,0.0
460,4,10,150,44,0.05184030722866645
461,4,10,150,44,0.0
462,4,10,150,44,0.0
463,4,10,150,44,0.11987424504051505
464,4,10,150,44,0.0
465,4,10,150,44,0.0
466,4,10,150,44,0.0
467,4,10,150,44,0.07807600999842033
468,4,10,150,44,0.09063580949954383
469,4,10,150,44,0.0
470,4,10,150,44,0.0
471,4,10,150,44,0.0
472,4,10,150,44,0.042775890988345035
473,4,10,150,44,0.0
474,4,10,150,44,0.21322021795753315
475,4,10,150,44,0.0
476,4,10,150,44,0.0
477,4,10,150,44,0.0
478,4,10,150,44,0.2345109835167376
479,4,10,150,44,0.10172348796286074
480,4,10,150,44,0.0741070054529978
481,4,10,150,44,0.10388675010296258
482,4,10,150,44,0.0
483,4,10,150,44,0.05658242244874664
484,4,10,150,44,0.2723783861819967
485,4,10,150,44,0.0
486,4,10,150,44,0.0
487,4,10,150,44,0.08324713175613091
488,4,10,150,44,0.0
489,4,10,150,44,0.0
490,4,10,150,44,0.0
491,4,10,150,44,0.10497643268981144
492,4,10,150,44,0.0
493,4,10,150,44,0.07861863963596306
494,4,10,150,44,0.0
495,4,10,150,44,0.08079645339948935
496,4,10,150,44,0.02649996754880397
497,4,10,150,44,0.053641285574897356
498,4,10,150,44,0.0
499,4,10,150,44,0.02651211589009722
500,4,10,150,44,0.09541527213731128
501,4,10,150,44,0.0
502,4,10,150,44,0.0
503,4,10,150,44,0.05608659198762317
504,4,10,150,44,0.08148269775823089
505,4,10,150,44,0.07379217622092994
506,4,10,150,44,0.09747811366067852
507,4,10,150,44,0.05319635904163211
508,4,10,150,44,0.0
509,4,10,150,44,0.0
510,4,10,150,44,0.0
511,4,10,150,44,0.0
512,4,10,150,44,0.0
513,4,10,150,44,0.0
514,4,10,150,44,0.25601722541174865
515,4,10,150,44,0.11706259313796354
516,4,10,150,44,0.0
517,4,10,150,44,0.08878770367712427
518,4,10,150,44,0.0
519,4,10,150,44,0.0
520,4,10,150,44,0.0
521,4,10,150,44,0.09850628252086785
522,4,10,150,44,0.12524561954372188
523,4,10,150,44,0.032114893884379984
524,4,10,150,44,0.14914431749355347
525,4,10,150,44,0.0
526,4,10,150,44,0.04972780777662495
527,4,10,150,44,0.1448182018041012
528,4,10,150,44,0.10209739512291163
529,4,10,150,44,0.0
530,4,10,150,44,0.0
531,4,10,150,44,0.1517763576041802
532,4,10,150,44,0.2727654219458556
533,4,10,150,44,0.11557545112991054
534,4,10,150,44,0.1046638363823608
535,4,10,150,44,0.12373646939599506
536,4,10,150,44,0.09414825230406802
537,4,10,150,44,0.3536932896957877
538,4,10,150,44,0.14697776980950736
539,4,10,150,44,0.04478826142555715
540,4,10,150,44,0.0
541,4,10,150,44,0.02032291829478943
542,4,10,150,44,0.049033875503285806
543,4,10,150,44,0.0
544,4,10,150,44,0.0
545,4,10,150,44,0.02244213465825961
546,4,10,150,44,0.05758752804519195
547,4,10,150,44,0.0
548,4,10,150,44,0.1103190733436671
549,4,10,150,44,0.0
550,4,10,150,44,0.04785685030080952
551,4,10,150,44,0.08781084592384387
552,4,10,150,44,0.1205344274731702
553,4,10,150,44,0.04743759234968417
554,4,10,150,44,0.12627825946936164
555,4,10,150,44,0.0
556,4,10,150,44,0.07660623398069263
557,4,10,150,44,0.0
558,4,10,150,44,0.08878770367712427
559,4,10,150,44,0.04366879852493834
560,4,10,150,44,0.09375790921485552
561,4,10,150,44,0.028186415745733433
562,4,10,150,44,0.02783211215220634
563,4,10,150,44,0.0
564,4,10,150,44,0.08498983725535779
565,4,10,150,44,0.0
566,4,10,150,44,0.03579489106983033
567,4,10,150,44,0.1471381878632886
568,4,10,150,44,0.036155150901276155
569,4,10,150,44,0.18299769260789403
570,4,10,150,44,0.0
571,4,10,150,44,0.0
572,4,10,150,44,0.16812753627111746
573,4,10,150,44,0.06437746926759551
574,4,10,150,44,0.051811563545175146
575,4,10,150,44,0.0
576,4,10,150,44,0.0
577,4,10,150,44,0.20023289563768154
578,4,10,150,44,0.0
579,4,10,150,44,0.0
580,4,10,150,44,0.12128674553236206
581,4,10,150,44,0.05276490902632437
582,4,10,150,44,0.0
583,4,10,150,44,0.0
584,4,10,150,44,0.06323567569191428
585,4,10,150,44,0.04173963774222741
586,4,10,150,44,0.05786021189691368
587,4,10,150,44,0.0
588,4,10,150,44,0.12100428021731384
589,4,10,150,44,0.0
590,4,10,150,44,0.053845569940583225
591,4,10,150,44,0.0
592,4,10,150,44,0.3792500152664473
593,4,10,150,44,0.024098506230842615
594,4,10,150,44,0.0
595,4,10,150,44,0.03995808168017168
596,4,10,150,44,0.0
597,4,10,150,44,0.27101620591530523
598,4,10,150,44,0.0684591776394769
599,4,10,150,44,0.0
600,4,10,150,44,0.09197011795311534
601,4,10,150,44,0.0
602,4,10,150,44,0.0
603,4,10,150,44,0.0
604,4,10,150,44,0.0
605,4,10,150,44,0.23939908411991156
606,4,10,150,44,0.17890018323503157
607,4,10,150,44,0.0
608,4,10,150,44,0.03962974857737922
609,4,10,150,44,0.0
610,4,10,150,44,0.19303241878686786
611,4,10,150,44,0.03870447337439288
612,4,10,150,44,0.0
613,4,10,150,44,0.04578230021840749
614,4,10,150,44,0.0
615,4,10,150,44,0.027541830374730368
616,4,10,150,44,0.03618657486793958
617,4,10,150,44,0.0
618,4,10,150,44,0.14728505363584252
619,4,10,150,44,0.03620451724718618
620,4,10,150,44,0.09695427979674315
621,4,10,150,44,0.09678412991767817
622,4,10,150,44,0.20468508493550033
623,4,10,150,44,0.17494254380936963
624,4,10,150,44,0.05037254605440354
625,4,10,150,44,0.0
626,4,10,150,44,0.06228974831361337
627,4,10,150,44,0.07367038135748784
628,4,10,150,44,0.0
629,4,10,150,44,0.10922434570876023
630,4,10,150,44,0.15874779570678058
631,4,10,150,44,0.0
632,4,10,150,44,0.12112269717167994
633,4,10,150,44,0.07414861528507455
634,4,10,150,44,0.022104381789790163
635,4,10,150,44,0.04546401530948942
636,4,10,150,44,0.06364028872631156
637,4,10,150,44,0.01928973283308616
638,4,10,150,44,0.09712868482236708
639,4,10,150,44,0.016417578556357865
640,4,10,150,44,0.030877778553209584
641,4,10,150,44,0.07675099783970546
642,4,10,150,44,0.13057953002770728
643,4,10,150,44,0.13683865755552074
644,4,10,150,44,0.04935421935348238
645,4,10,150,44,0.16158259063789654
646,4,10,150,44,0.0
647,4,10,150,44,0.030218457878623886
648,4,10,150,44,0.15395667683544131
649,4,10,150,44,0.15489949502599
650,4,10,150,44,0.05926882046653894
651,4,10,150,44,0.0
652,4,10,150,44,0.0419387969316025
653,4,10,150,44,0.13929428124601606
654,4,10,150,44,0.21255442687635834
655,4,10,150,44,0.050137494617119485
656,4,10,150,44,0.07397229644086958
657,4,10,150,44,0.0
658,4,10,150,44,0.2625403796417579
659,4,10,150,44,0.10094724875546737
660,4,10,150,44,0.015681429820877526
661,4,10,150,44,0.06962713451216634
662,4,10,150,44,0.0512644431393966
663,4,10,150,44,0.26915342030538303
664,4,10,150,44,0.31101678651059106
665,4,10,150,44,0.0
666,4,10,150,44,0.24480179905251628
667,4,10,150,44,0.1919898989841522
668,4,10,150,44,0.06194403202282284
669,4,10,150,44,0.09857402842117612
670,4,10,150,44,0.06613087842005526
671,4,10,150,44,0.12700520479034313
672,4,10,150,44,0.0
673,4,10,150,44,0.0
674,4,10,150,44,0.06123763026386081
675,4,10,150,44,0.0
676,4,10,150,44,0.11582866341850039
677,4,10,150,44,0.03314040476303028
678,4,10,150,44,0.0
679,4,10,150,44,0.15527711509166947
680,4,10,150,44,0.11377863936243801
681,4,10,150,44,0.0
682,4,10,150,44,0.15350732307996126
683,4,10,150,44,0.0
684,4,10,150,44,0.06573003977381581
685,4,10,150,44,0.1906465758273748
686,4,10,150,44,0.07277260183012466
687,4,10,150,44,0.0
688,4,10,150,44,0.0
689,4,10,150,44,0.15001451003751623
690,4,10,150,44,0.07914701567910001
691,4,10,150,44,0.05446824630887794
692,4,10,150,44,0.12090042896411356
693,4,10,150,44,0.0
694,4,10,150,44,0.12620064973934478
695,4,10,150,44,0.0
696,4,10,150,44,0.039725595076707886
697,4,10,150,44,0.023456906405016697
698,4,10,150,44,0.043853064872184384
699,4,10,150,44,0.053350945021554734
700,4,10,150,44,0.12729890218214104
701,4,10,150,44,0.0
702,4,10,150,44,0.037715680681715956
703,4,10,150,44,0.09261220774116596
704,4,10,150,44,0.13473043171971474
705,4,10,150,44,0.13727675104556403
706,4,10,150,44,0.04395738023645723
707,4,10,150,44,0.0385554673496787
708,4,10,150,44,0.07186325791519563
709,4,10,150,44,0.13678324156096247
710,4,10,150,44,0.10695361352497157
711,4,10,150,44,0.15396796042784508
712,4,10,150,44,0.11357742878451657
713,4,10,150,44,0.1468735732232516
714,4,10,150,44,0.03441184191455828
715,4,10,150,44,0.0
716,4,10,150,44,0.28678673046438563
717,4,10,150,44,0.04028594057096935
718,4,10,150,44,0.035328385129692476
719,4,10,150,44,0.09883437846193516
720,4,10,150,44,0.0
721,4,10,150,44,0.12127154172081944
722,4,10,150,44,0.06556429791586475
723,4,10,150,44,0.0
724,4,10,150,44,0.0
725,4,10,150,44,0.0
726,4,10,150,44,0.05010834716923557
727,4,10,150,44,0.1662041606041562
728,4,10,150,44,0.09627818061559096
729,4,10,150,44,0.0
730,4,10,150,44,0.02601736765943984
731,4,10,150,44,0.09388827751441965
732,4,10,150,44,0.0
733,4,10,150,44,0.1300076176478829
734,4,10,150,44,0.0
735,4,10,150,44,0.0
736,4,10,150,44,0.0
737,4,10,150,44,0.1138970555583582
738,4,10,150,44,0.16207754378365646
739,4,10,150,44,0.03855307727568851
740,4,10,150,44,0.0
741,4,10,150,44,0.054407331694551996
742,4,10,150,44,0.0488929053971083
743,4,10,150,44,0.0
744,4,10,150,44,0.03596673601130318
745,4,10,150,44,0.03520132288421838
746,4,10,150,44,0.23491487959421534
747,4,10,150,44,0.4828560397153733
748,4,10,150,44,0.09621648119325965
749,4,10,150,44,0.16257776858300788
750,4,10,150,44,0.041278922835426404
751,4,10,150,44,0.0795651166642045
752,4,10,150,44,0.0
753,4,10,150,44,0.15780803084928155
754,4,10,150,44,0.0
755,4,10,150,44,0.03855371268423985
756,4,10,150,44,0.031104745345423533
757,4,10,150,44,0.0
758,4,10,150,44,0.2881979580317012
759,4,10,150,44,0.049710505523782283
760,4,10,150,44,0.0
761,4,10,150,44,0.04712005628768104
762,4,10,150,44,0.051960280791503534
763,4,10,150,44,0.04611925158008911
764,4,10,150,44,0.09490056343100359
765,4,10,150,44,0.15066101840234988
766,4,10,150,44,0.030120611602334917
767,4,10,150,44,0.10635849541123835
768,4,10,150,44,0.060133059387366614
769,4,10,150,44,0.0
770,4,10,150,44,0.1912123147921425
771,4,10,150,44,0.24251639833154792
772,4,10,150,44,0.0
773,4,10,150,44,0.09912128114547483
774,4,10,150,44,0.050584456260354134
775,4,10,150,44,0.0
776,4,10,150,44,0.138487812915294
777,4,10,150,44,0.0
778,4,10,150,44,0.14142149673809498
779,4,10,150,44,0.0
780,4,10,150,44,0.030023253564245667
781,4,10,150,44,0.15002169728433992
782,4,10,150,44,0.055563117084495045
783,4,10,150,44,0.0
784,4,10,150,44,0.0
785,4,10,150,44,0.0
786,4,10,150,44,0.0
787,4,10,150,44,0.0
788,4,10,150,44,0.2952752032985263
789,4,10,150,44,0.08809718769055445
790,4,10,150,44,0.0
791,4,10,150,44,0.04465281017341861
792,4,10,150,44,0.06658592494149675
793,4,10,150,44,0.0
794,4,10,150,44,0.04108065887337468
795,4,10,150,44,0.0
796,4,10,150,44,0.4238207208355629
797,4,10,150,44,0.07799758411617824
798,4,10,150,44,0.053350945021554734
799,4,10,150,44,0.0
800,4,10,150,44,0.03244993904038569
801,4,10,150,44,0.1561471668577559
802,4,10,150,44,0.05124850302776537
803,4,10,150,44,0.10569353498973794
804,4,10,150,44,0.17319194778871452
805,4,10,150,44,0.13782544571399075
806,4,10,150,44,0.2925159151168819
807,4,10,150,44,0.10893319377460041
808,4,10,150,44,0.0
809,4,10,150,44,0.0
810,4,10,150,44,0.0
811,4,10,150,44,0.0
812,4,10,150,44,0.0
813,4,10,150,44,0.0
814,4,10,150,44,0.0
815,4,10,150,44,0.21713973092666275
816,4,10,150,44,0.0
817,4,10,150,44,0.0
818,4,10,150,44,0.05516788910004661
819,4,10,150,44,0.037210602758860095
820,4,10,150,44,0.0
821,4,10,150,44,0.302950268110492
822,4,10,150,44,0.0
823,4,10,150,44,0.23727989262292365
824,4,10,150,44,0.05046096657376444
825,4,10,150,44,0.06417659938160153
826,4,10,150,44,0.13424719768917623
827,4,10,150,44,0.0
828,4,10,150,44,0.060080365687547994
829,4,10,150,44,0.15110239493068348
830,4,10,150,44,0.13461551298965396
831,4,10,150,44,0.19369981287762317
832,4,10,150,44,0.0
833,4,10,150,44,0.19098502219460767
834,4,10,150,44,0.2706897351446418
835,4,10,150,44,0.09099101560418921
836,4,10,150,44,0.13166415252801508
837,4,10,150,44,0.0
838,4,10,150,44,0.24560504806301242
839,4,10,150,44,0.0640765686166134
840,4,10,150,44,0.3756893283472336
841,4,10,150,44,0.0
842,4,10,150,44,0.0
843,4,10,150,44,0.0
844,4,10,150,44,0.04139993815510656
845,4,10,150,44,0.0
846,4,10,150,44,0.37341568307600287
847,4,10,150,44,0.0548618882565108
848,4,10,150,44,0.0
849,4,10,150,44,0.0419387969316025
850,4,10,150,44,0.20938747063345256
851,4,10,150,44,0.06059533152918295
852,4,10,150,44,0.26227118260874954
853,4,10,150,44,0.0
854,4,10,150,44,0.0
855,4,10,150,44,0.0
856,4,10,150,44,0.0
857,4,10,150,44,0.0
858,4,10,150,44,0.10250982096838526
859,4,10,150,44,0.0
860,4,10,150,44,0.01939247039510922
861,4,10,150,44,0.03709674194804795
862,4,10,150,44,0.09191470290868681
863,4,10,150,44,0.015583325005276599
864,4,10,150,44,0.46564965469490877
865,4,10,150,44,0.05644898165903662
866,4,10,150,44,0.16283687678415507
867,4,10,150,44,0.1603368437998569
868,4,10,150,44,0.27845165196681837
869,4,10,150,44,0.03406297225598251
870,4,10,150,44,0.3313674834827306
871,4,10,150,44,0.06844380385789431
872,4,10,150,44,0.02804794621397926
873,4,10,150,44,0.0
874,4,10,150,44,0.13944914190808633
875,4,10,150,44,0.11729943308729383
876,4,10,150,44,0.08671382849411972
877,4,10,150,44,0.06755636555520678
878,4,10,150,44,0.19868899920739502
879,4,10,150,44,0.03963466998423315
880,4,10,150,44,0.45975766243368044
881,4,10,150,44,0.10318963354681897
882,4,10,150,44,0.17980351581427173
883,4,10,150,44,0.39359709361736656
884,4,10,150,44,0.09113547509404434
885,4,10,150,44,0.04536087033637415
886,4,10,150,44,0.19243522322032222
887,4,10,150,44,0.07251700586603277
888,4,10,150,44,0.11625487663628292
889,4,10,150,44,0.0
890,4,10,150,44,0.10014660792474982
891,4,10,150,44,0.03339755935325358
892,4,10,150,44,0.3126197171389411
893,4,10,150,44,0.10869735563398858
894,4,10,150,44,0.13906786552973313
895,4,10,150,44,0.0
896,4,10,150,44,0.36664128093282783
897,4,10,150,44,0.2991310102040741
898,4,10,150,44,0.0
899,4,10,150,44,0.07186960752668135
900,4,10,150,44,0.055315677011973347
901,4,10,150,44,0.19505592529529073
902,4,10,150,44,0.05978585424799658
903,4,10,150,44,0.23734597069590152
904,4,10,150,44,0.0
905,4,10,150,44,0.0
906,4,10,150,44,0.10407444169186962
907,4,10,150,44,0.032711982171350594
908,4,10,150,44,0.06892767477436933
909,4,10,150,44,0.0
910,4,10,150,44,0.0
911,4,10,150,44,0.10114410846108873
912,4,10,150,44,0.1328892265512611
913,4,10,150,44,0.06777254267814399
914,4,10,150,44,0.0
915,4,10,150,44,0.0
916,4,10,150,44,0.3247040584775368
917,4,10,150,44,0.0
918,4,10,150,44,0.043627084055128
919,4,10,150,44,0.13012718697400197
920,4,10,150,44,0.0
921,4,10,150,44,0.13899834234179742
922,4,10,150,44,0.13584226692267287
923,4,10,150,44,0.02142307850464013
924,4,10,150,44,0.018280262702529162
925,4,10,150,44,0.0
926,4,10,150,44,0.0
927,4,10,150,44,0.04499596683729014
928,4,10,150,44,0.1482972305701491
929,4,10,150,44,0.25163227912988373
930,4,10,150,44,0.0
931,4,10,150,44,0.08679587898287541
932,4,10,150,44,0.23694727751109074
933,4,10,150,44,0.044185055723487625
934,4,10,150,44,0.10789949103505433
935,4,10,150,44,0.04173963774222741
936,4,10,150,44,0.1321191921354211
937,4,10,150,44,0.0
938,4,10,150,44,0.1482741018676109
939,4,10,150,44,0.0
940,4,10,150,44,0.050684733114198
941,4,10,150,44,0.0
942,4,10,150,44,0.06867427323128149
943,4,10,150,44,0.21084621712537352
1,4,10,150,45,0.4058715898896693
2,4,10,150,45,0.06250343848035038
3,4,10,150,45,0.0
4,4,10,150,45,0.0
5,4,10,150,45,0.040209635547393256
6,4,10,150,45,0.27020011346731576
7,4,10,150,45,0.2749955383785748
8,4,10,150,45,0.0
9,4,10,150,45,0.21840743681816419
10,4,10,150,45,0.13118672884982416
11,4,10,150,45,0.1722584975122812
12,4,10,150,45,0.0
13,4,10,150,45,0.24927021442568545
14,4,10,150,45,0.0
15,4,10,150,45,0.05010834716923557
16,4,10,150,45,0.053168340515114924
17,4,10,150,45,0.0
18,4,10,150,45,0.20717217840635824
19,4,10,150,45,0.0
20,4,10,150,45,0.0
21,4,10,150,45,0.0
22,4,10,150,45,0.11702382382650763
23,4,10,150,45,0.23682446174402746
24,4,10,150,45,0.0
25,4,10,150,45,0.12358102547512423
26,4,10,150,45,0.0
27,4,10,150,45,0.0
28,4,10,150,45,0.0
29,4,10,150,45,0.13455232720853103
30,4,10,150,45,0.0
31,4,10,150,45,0.0
32,4,10,150,45,0.0
33,4,10,150,45,0.0
35,4,10,150,45,0.10523285614729473
36,4,10,150,45,0.0
37,4,10,150,45,0.0
38,4,10,150,45,0.04739418218477539
39,4,10,150,45,0.0
40,4,10,150,45,0.0
41,4,10,150,45,0.0
42,4,10,150,45,0.0683037314796457
43,4,10,150,45,0.22592974817952552
44,4,10,150,45,0.2044921015662719
45,4,10,150,45,0.05200670101006268
46,4,10,150,45,0.11284514134893527
47,4,10,150,45,0.06250343848035038
48,4,10,150,45,0.0
49,4,10,150,45,0.0
50,4,10,150,45,0.0
51,4,10,150,45,0.16812753627111746
52,4,10,150,45,0.0
54,4,10,150,45,0.0
56,4,10,150,45,0.20383503459815738
57,4,10,150,45,0.23047740788088653
58,4,10,150,45,0.3717269535737058
59,4,10,150,45,0.2378606442039324
60,4,10,150,45,0.1505674224523334
61,4,10,150,45,0.0
62,4,10,150,45,0.08314631791322982
63,4,10,150,45,0.0
64,4,10,150,45,0.04238468688770069
65,4,10,150,45,0.13012668333070054
66,4,10,150,45,0.0
67,4,10,150,45,0.0
68,4,10,150,45,0.4827392464262081
69,4,10,150,45,0.07673373981757839
70,4,10,150,45,0.0
71,4,10,150,45,0.0
72,4,10,150,45,0.0
73,4,10,150,45,0.0
74,4,10,150,45,0.0
75,4,10,150,45,0.049432410190049694
76,4,10,150,45,0.1301464707340554
77,4,10,150,45,0.10201115106436301
78,4,10,150,45,0.0
79,4,10,150,45,0.27487633291429087
80,4,10,150,45,0.0
81,4,10,150,45,0.0
82,4,10,150,45,0.19298623480417013
83,4,10,150,45,0.12089611529519323
84,4,10,150,45,0.05034889199379723
85,4,10,150,45,0.0
87,4,10,150,45,0.07100089300395272
89,4,10,150,45,0.2553387838830436
90,4,10,150,45,0.021827649599846295
91,4,10,150,45,0.05648147012627732
92,4,10,150,45,0.10542637391232386
93,4,10,150,45,0.0
94,4,10,150,45,0.08791240958776
95,4,10,150,45,0.15097216460709872
96,4,10,150,45,0.0
97,4,10,150,45,0.06462745615384195
98,4,10,150,45,0.0930297504356062
99,4,10,150,45,0.05658242244874664
100,4,10,150,45,0.0
101,4,10,150,45,0.0
102,4,10,150,45,0.0
103,4,10,150,45,0.0
104,4,10,150,45,0.0
105,4,10,150,45,0.0
106,4,10,150,45,0.0
107,4,10,150,45,0.0
108,4,10,150,45,0.0
109,4,10,150,45,0.07103066762111539
110,4,10,150,45,0.0
111,4,10,150,45,0.0
112,4,10,150,45,0.05685954565780693
113,4,10,150,45,0.053168340515114924
114,4,10,150,45,0.0
115,4,10,150,45,0.10684080426179023
116,4,10,150,45,0.0
117,4,10,150,45,0.20857178832305684
118,4,10,150,45,0.0
119,4,10,150,45,0.18374222286855332
120,4,10,150,45,0.0
121,4,10,150,45,0.271985059917519
122,4,10,150,45,0.1530100230930498
123,4,10,150,45,0.07386004580671933
125,4,10,150,45,0.12702645795516354
126,4,10,150,45,0.06911917000496234
127,4,10,150,45,0.10253313861822189
128,4,10,150,45,0.03233829114831982
129,4,10,150,45,0.0
130,4,10,150,45,0.16099269493775217
131,4,10,150,45,0.0
133,4,10,150,45,0.11047239495909743
134,4,10,150,45,0.0
135,4,10,150,45,0.0
137,4,10,150,45,0.0
138,4,10,150,45,0.0
139,4,10,150,45,0.0
141,4,10,150,45,0.0
142,4,10,150,45,0.13373003436102654
143,4,10,150,45,0.06140244428718695
144,4,10,150,45,0.1227945149537572
145,4,10,150,45,0.08829985348038716
146,4,10,150,45,0.0
148,4,10,150,45,0.0
149,4,10,150,45,0.0
150,4,10,150,45,0.10235170428306553
151,4,10,150,45,0.06298430394440727
152,4,10,150,45,0.0
153,4,10,150,45,0.0
154,4,10,150,45,0.06372882143962796
155,4,10,150,45,0.0
156,4,10,150,45,0.0
158,4,10,150,45,0.17575552384613552
159,4,10,150,45,0.0
160,4,10,150,45,0.0
161,4,10,150,45,0.0
162,4,10,150,45,0.0
163,4,10,150,45,0.0
164,4,10,150,45,0.0
165,4,10,150,45,0.12114889742360979
166,4,10,150,45,0.0
167,4,10,150,45,0.0
168,4,10,150,45,0.23504554941448536
169,4,10,150,45,0.06416923277158361
170,4,10,150,45,0.0
171,4,10,150,45,0.0
172,4,10,150,45,0.0
173,4,10,150,45,0.0
174,4,10,150,45,0.060961917527339995
175,4,10,150,45,0.0
176,4,10,150,45,0.0
177,4,10,150,45,0.06912040963822193
178,4,10,150,45,0.2437589399037192
179,4,10,150,45,0.06723507268634088
180,4,10,150,45,0.12262943855309168
181,4,10,150,45,0.01719677167528726
182,4,10,150,45,0.0
183,4,10,150,45,0.0
184,4,10,150,45,0.09303069037986347
185,4,10,150,45,0.07745351606183934
186,4,10,150,45,0.22147164648185297
187,4,10,150,45,0.04416548762473651
188,4,10,150,45,0.054384419234677496
189,4,10,150,45,0.2089531400761587
190,4,10,150,45,0.10699313236726378
191,4,10,150,45,0.0
192,4,10,150,45,0.0
193,4,10,150,45,0.0
194,4,10,150,45,0.0
195,4,10,150,45,0.0
196,4,10,150,45,0.0
197,4,10,150,45,0.05576624569167862
198,4,10,150,45,0.0
199,4,10,150,45,0.0
200,4,10,150,45,0.0891099526415642
201,4,10,150,45,0.03487978243545732
203,4,10,150,45,0.0
204,4,10,150,45,0.0
205,4,10,150,45,0.0
206,4,10,150,45,0.0
207,4,10,150,45,0.025865718079496645
209,4,10,150,45,0.0
210,4,10,150,45,0.06648469969095826
211,4,10,150,45,0.0
212,4,10,150,45,0.12681701683239352
213,4,10,150,45,0.19336468350582656
214,4,10,150,45,0.056720838976548935
215,4,10,150,45,0.0
216,4,10,150,45,0.0
217,4,10,150,45,0.0
218,4,10,150,45,0.19092086617893467
219,4,10,150,45,0.0
221,4,10,150,45,0.3375735570145491
222,4,10,150,45,0.10457224619784419
223,4,10,150,45,0.03870447337439288
224,4,10,150,45,0.0
225,4,10,150,45,0.0
226,4,10,150,45,0.0
227,4,10,150,45,0.0
228,4,10,150,45,0.0
229,4,10,150,45,0.0
230,4,10,150,45,0.23712439662683835
231,4,10,150,45,0.0
232,4,10,150,45,0.3234992853586256
233,4,10,150,45,0.0968152409481219
234,4,10,150,45,0.03260724553476941
235,4,10,150,45,0.06065881345112158
236,4,10,150,45,0.0
237,4,10,150,45,0.0
238,4,10,150,45,0.0
239,4,10,150,45,0.060772229737720354
240,4,10,150,45,0.05497526658285817
242,4,10,150,45,0.0
243,4,10,150,45,0.09267768927614353
244,4,10,150,45,0.12439856924920116
245,4,10,150,45,0.0
246,4,10,150,45,0.08041927109478651
247,4,10,150,45,0.0
248,4,10,150,45,0.14830051302014485
249,4,10,150,45,0.22399338952175052
250,4,10,150,45,0.3503302816689379
251,4,10,150,45,0.0
252,4,10,150,45,0.0
253,4,10,150,45,0.05954496680255472
254,4,10,150,45,0.0
255,4,10,150,45,0.0
256,4,10,150,45,0.16583176898817792
257,4,10,150,45,0.3305900772260718
258,4,10,150,45,0.0
259,4,10,150,45,0.0
260,4,10,150,45,0.0
261,4,10,150,45,0.0
262,4,10,150,45,0.0
263,4,10,150,45,0.0975109251896312
264,4,10,150,45,0.0
265,4,10,150,45,0.10209739512291163
267,4,10,150,45,0.09794101962538232
268,4,10,150,45,0.040466532906672535
269,4,10,150,45,0.13223875150584097
270,4,10,150,45,0.0
271,4,10,150,45,0.12276482551434069
272,4,10,150,45,0.09109240322345806
273,4,10,150,45,0.0
274,4,10,150,45,0.0
275,4,10,150,45,0.04605780568615433
276,4,10,150,45,0.18784639929386426
277,4,10,150,45,0.0
279,4,10,150,45,0.06493409231178052
280,4,10,150,45,0.03337620304869898
281,4,10,150,45,0.0
283,4,10,150,45,0.07132875491150918
284,4,10,150,45,0.0
285,4,10,150,45,0.1185995982858366
286,4,10,150,45,0.2610657027199842
287,4,10,150,45,0.06364028872631156
288,4,10,150,45,0.12538054736008386
289,4,10,150,45,0.13905617951077562
290,4,10,150,45,0.0
291,4,10,150,45,0.2183602490428485
292,4,10,150,45,0.08933583385868532
293,4,10,150,45,0.06886690743551852
294,4,10,150,45,0.04123398036294628
295,4,10,150,45,0.2670961153715764
296,4,10,150,45,0.47774763069170006
297,4,10,150,45,0.08043477786221322
298,4,10,150,45,0.19947114504638494
299,4,10,150,45,0.0
300,4,10,150,45,0.0
301,4,10,150,45,0.047934103497110726
303,4,10,150,45,0.0944048933335087
304,4,10,150,45,0.0
305,4,10,150,45,0.31514747987601716
306,4,10,150,45,0.0
307,4,10,150,45,0.1383141340724969
308,4,10,150,45,0.17281095469409677
309,4,10,150,45,0.0
310,4,10,150,45,0.0
311,4,10,150,45,0.06712613803507668
312,4,10,150,45,0.07579200366109638
313,4,10,150,45,0.14465709645474623
314,4,10,150,45,0.18379915372429234
315,4,10,150,45,0.0
316,4,10,150,45,0.04568304891751105
317,4,10,150,45,0.0
318,4,10,150,45,0.10118786565551004
319,4,10,150,45,0.0
320,4,10,150,45,0.0
321,4,10,150,45,0.062242588308449316
322,4,10,150,45,0.17342765698823945
323,4,10,150,45,0.14126697285982898
324,4,10,150,45,0.0
325,4,10,150,45,0.0
326,4,10,150,45,0.0634222181618871
327,4,10,150,45,0.0
328,4,10,150,45,0.1437524526514495
329,4,10,150,45,0.0
330,4,10,150,45,0.0536466452928127
331,4,10,150,45,0.16958010263680806
332,4,10,150,45,0.0
333,4,10,150,45,0.0
334,4,10,150,45,0.07058424671826317
336,4,10,150,45,0.0
337,4,10,150,45,0.16716045496620227
338,4,10,150,45,0.05005165434923901
339,4,10,150,45,0.06608282041002614
340,4,10,150,45,0.0
341,4,10,150,45,0.0
342,4,10,150,45,0.2625072992734236
343,4,10,150,45,0.2618907379019753
344,4,10,150,45,0.23832550406045652
345,4,10,150,45,0.056149696530797676
346,4,10,150,45,0.13947804593499064
347,4,10,150,45,0.059994037400180646
348,4,10,150,45,0.071942683897578
349,4,10,150,45,0.07673373981757839
350,4,10,150,45,0.0749368547125808
351,4,10,150,45,0.0
352,4,10,150,45,0.0
353,4,10,150,45,0.0
354,4,10,150,45,0.051249224710132255
355,4,10,150,45,0.0
356,4,10,150,45,0.08406376813555873
357,4,10,150,45,0.0
358,4,10,150,45,0.20438239758848611
359,4,10,150,45,0.0
360,4,10,150,45,0.06752012359727312
361,4,10,150,45,0.09622728274290568
362,4,10,150,45,0.0
363,4,10,150,45,0.1803013146105011
364,4,10,150,45,0.0
365,4,10,150,45,0.0
366,4,10,150,45,0.0
367,4,10,150,45,0.0
368,4,10,150,45,0.0
369,4,10,150,45,0.0
370,4,10,150,45,0.13479984916817475
371,4,10,150,45,0.16676134190097475
372,4,10,150,45,0.0
373,4,10,150,45,0.035769798946978335
374,4,10,150,45,0.06834943074719504
375,4,10,150,45,0.0
376,4,10,150,45,0.0
377,4,10,150,45,0.0
378,4,10,150,45,0.16448029476168333
379,4,10,150,45,0.09385454473649416
380,4,10,150,45,0.0
381,4,10,150,45,0.05105625351125917
382,4,10,150,45,0.0
383,4,10,150,45,0.04838338183089434
384,4,10,150,45,0.0
385,4,10,150,45,0.0
386,4,10,150,45,0.0
387,4,10,150,45,0.11497906462099297
388,4,10,150,45,0.04511904280884329
389,4,10,150,45,0.12419123143547287
390,4,10,150,45,0.0
391,4,10,150,45,0.2137247802747043
392,4,10,150,45,0.0
393,4,10,150,45,0.0
394,4,10,150,45,0.11073655428626575
395,4,10,150,45,0.04931346192675315
396,4,10,150,45,0.0
397,4,10,150,45,0.22320497122386787
398,4,10,150,45,0.1418968660083944
399,4,10,150,45,0.016552362338872865
400,4,10,150,45,0.0
401,4,10,150,45,0.0
402,4,10,150,45,0.08963222225173058
403,4,10,150,45,0.0854499779566911
404,4,10,150,45,0.0
405,4,10,150,45,0.05254651951310353
406,4,10,150,45,0.21270632769305717
407,4,10,150,45,0.04270006763257965
408,4,10,150,45,0.0
409,4,10,150,45,0.10914342353313093
410,4,10,150,45,0.0
411,4,10,150,45,0.0
412,4,10,150,45,0.0
413,4,10,150,45,0.0
414,4,10,150,45,0.0
415,4,10,150,45,0.15103391472831218
416,4,10,150,45,0.1706270274555708
417,4,10,150,45,0.10145098248015948
418,4,10,150,45,0.0
419,4,10,150,45,0.1208113026994942
420,4,10,150,45,0.06052048269976269
421,4,10,150,45,0.15435807162450887
422,4,10,150,45,0.04320473659574256
423,4,10,150,45,0.053845569940583225
424,4,10,150,45,0.23504554941448536
425,4,10,150,45,0.1674157226455415
426,4,10,150,45,0.040759261617270684
427,4,10,150,45,0.0
428,4,10,150,45,0.0
429,4,10,150,45,0.17876089483567323
430,4,10,150,45,0.0
431,4,10,150,45,0.0
432,4,10,150,45,0.0
433,4,10,150,45,0.05780921899607981
434,4,10,150,45,0.20778267687568405
435,4,10,150,45,0.16573818257198608
436,4,10,150,45,0.0
437,4,10,150,45,0.09166074247719914
438,4,10,150,45,0.0
439,4,10,150,45,0.0
440,4,10,150,45,0.0
441,4,10,150,45,0.0
442,4,10,150,45,0.040949887133979804
443,4,10,150,45,0.06783204105472322
444,4,10,150,45,0.1312721899408984
445,4,10,150,45,0.0
446,4,10,150,45,0.0
447,4,10,150,45,0.16246725303708914
448,4,10,150,45,0.0
449,4,10,150,45,0.1511226181481109
450,4,10,150,45,0.27742032518349313
451,4,10,150,45,0.06148915918944534
452,4,10,150,45,0.10773098771530253
453,4,10,150,45,0.0
454,4,10,150,45,0.0
455,4,10,150,45,0.063401477059351
456,4,10,150,45,0.018650043077523788
457,4,10,150,45,0.282690216345629
458,4,10,150,45,0.04926693941311216
459,4,10,150,45,0.0
460,4,10,150,45,0.05184030722866645
461,4,10,150,45,0.0
462,4,10,150,45,0.0
463,4,10,150,45,0.11987424504051505
464,4,10,150,45,0.0
465,4,10,150,45,0.0
466,4,10,150,45,0.0
467,4,10,150,45,0.07807600999842033
468,4,10,150,45,0.09063580949954383
469,4,10,150,45,0.0
470,4,10,150,45,0.0
471,4,10,150,45,0.0
472,4,10,150,45,0.059378631551402404
473,4,10,150,45,0.06140244428718695
474,4,10,150,45,0.21000528367336502
475,4,10,150,45,0.0
476,4,10,150,45,0.0
477,4,10,150,45,0.0
478,4,10,150,45,0.2345109835167376
479,4,10,150,45,0.10172348796286074
480,4,10,150,45,0.0741070054529978
481,4,10,150,45,0.10388675010296258
482,4,10,150,45,0.0
483,4,10,150,45,0.05658242244874664
484,4,10,150,45,0.2723783861819967
485,4,10,150,45,0.0
486,4,10,150,45,0.0
487,4,10,150,45,0.08199193156683765
488,4,10,150,45,0.0
489,4,10,150,45,0.0
490,4,10,150,45,0.0
491,4,10,150,45,0.10497643268981144
492,4,10,150,45,0.0
493,4,10,150,45,0.10211942989864832
494,4,10,150,45,0.0
495,4,10,150,45,0.09864236150154798
496,4,10,150,45,0.02649996754880397
497,4,10,150,45,0.05283248231180371
498,4,10,150,45,0.0
499,4,10,150,45,0.02651211589009722
500,4,10,150,45,0.09541527213731128
501,4,10,150,45,0.0
502,4,10,150,45,0.0
503,4,10,150,45,0.05608659198762317
504,4,10,150,45,0.08148269775823089
505,4,10,150,45,0.07379217622092994
506,4,10,150,45,0.09600833873705393
507,4,10,150,45,0.05319635904163211
508,4,10,150,45,0.0
509,4,10,150,45,0.0
510,4,10,150,45,0.0
511,4,10,150,45,0.08495943917278885
512,4,10,150,45,0.05478392673173268
513,4,10,150,45,0.0
514,4,10,150,45,0.25601722541174865
515,4,10,150,45,0.11706259313796354
516,4,10,150,45,0.0
517,4,10,150,45,0.08878770367712427
518,4,10,150,45,0.0
519,4,10,150,45,0.0
520,4,10,150,45,0.0
521,4,10,150,45,0.09850628252086785
522,4,10,150,45,0.12524561954372188
523,4,10,150,45,0.032114893884379984
524,4,10,150,45,0.14689551958783903
525,4,10,150,45,0.0
526,4,10,150,45,0.04972780777662495
527,4,10,150,45,0.1448182018041012
528,4,10,150,45,0.10209739512291163
529,4,10,150,45,0.0
530,4,10,150,45,0.0
531,4,10,150,45,0.1517763576041802
532,4,10,150,45,0.2686526651212473
533,4,10,150,45,0.11557545112991054
534,4,10,150,45,0.1046638363823608
535,4,10,150,45,0.12373646939599506
536,4,10,150,45,0.09414825230406802
537,4,10,150,45,0.36343830178211234
538,4,10,150,45,0.14697776980950736
539,4,10,150,45,0.04478826142555715
540,4,10,150,45,0.0
541,4,10,150,45,0.02032291829478943
542,4,10,150,45,0.049033875503285806
543,4,10,150,45,0.01660274056305737
544,4,10,150,45,0.0
545,4,10,150,45,0.02244213465825961
546,4,10,150,45,0.05758752804519195
547,4,10,150,45,0.0
548,4,10,150,45,0.1103190733436671
549,4,10,150,45,0.0
550,4,10,150,45,0.04785685030080952
551,4,10,150,45,0.08648683405580143
552,4,10,150,45,0.1205344274731702
553,4,10,150,45,0.04743759234968417
554,4,10,150,45,0.12627825946936164
555,4,10,150,45,0.0
556,4,10,150,45,0.07660623398069263
557,4,10,150,45,0.0
558,4,10,150,45,0.08878770367712427
559,4,10,150,45,0.04366879852493834
560,4,10,150,45,0.09375790921485552
561,4,10,150,45,0.027761420990560528
562,4,10,150,45,0.02783211215220634
563,4,10,150,45,0.0
564,4,10,150,45,0.08498983725535779
565,4,10,150,45,0.0
566,4,10,150,45,0.03579489106983033
567,4,10,150,45,0.1471381878632886
568,4,10,150,45,0.036155150901276155
569,4,10,150,45,0.18299769260789403
570,4,10,150,45,0.0
571,4,10,150,45,0.0
572,4,10,150,45,0.16812753627111746
573,4,10,150,45,0.06437746926759551
574,4,10,150,45,0.051811563545175146
575,4,10,150,45,0.0
576,4,10,150,45,0.0
577,4,10,150,45,0.19721378418957275
578,4,10,150,45,0.0
579,4,10,150,45,0.0
580,4,10,150,45,0.12128674553236206
581,4,10,150,45,0.05276490902632437
582,4,10,150,45,0.0
583,4,10,150,45,0.0
584,4,10,150,45,0.06323567569191428
585,4,10,150,45,0.04173963774222741
586,4,10,150,45,0.05786021189691368
587,4,10,150,45,0.0
588,4,10,150,45,0.12100428021731384
589,4,10,150,45,0.0
590,4,10,150,45,0.053845569940583225
591,4,10,150,45,0.0
592,4,10,150,45,0.3735316838247534
593,4,10,150,45,0.024098506230842615
594,4,10,150,45,0.0
595,4,10,150,45,0.03995808168017168
596,4,10,150,45,0.0
597,4,10,150,45,0.27101620591530523
598,4,10,150,45,0.0684591776394769
599,4,10,150,45,0.0
600,4,10,150,45,0.09197011795311534
601,4,10,150,45,0.0
602,4,10,150,45,0.0
603,4,10,150,45,0.0
604,4,10,150,45,0.0
605,4,10,150,45,0.23939908411991156
606,4,10,150,45,0.17620272640830226
607,4,10,150,45,0.0
608,4,10,150,45,0.03962974857737922
609,4,10,150,45,0.0
610,4,10,150,45,0.19303241878686786
611,4,10,150,45,0.07624568872860434
612,4,10,150,45,0.0
613,4,10,150,45,0.04578230021840749
614,4,10,150,45,0.0
615,4,10,150,45,0.027541830374730368
616,4,10,150,45,0.03618657486793958
617,4,10,150,45,0.0
618,4,10,150,45,0.14506428970916027
619,4,10,150,45,0.06585447467677402
620,4,10,150,45,0.11865662440592485
621,4,10,150,45,0.09678412991767817
622,4,10,150,45,0.2015988433805458
623,4,10,150,45,0.17494254380936963
624,4,10,150,45,0.05037254605440354
625,4,10,150,45,0.0
626,4,10,150,45,0.06228974831361337
627,4,10,150,45,0.07255957940342032
628,4,10,150,45,0.0
629,4,10,150,45,0.10922434570876023
630,4,10,150,45,0.15874779570678058
631,4,10,150,45,0.0
632,4,10,150,45,0.12112269717167994
633,4,10,150,45,0.07414861528507455
634,4,10,150,45,0.022104381789790163
635,4,10,150,45,0.04546401530948942
636,4,10,150,45,0.06364028872631156
637,4,10,150,45,0.01928973283308616
638,4,10,150,45,0.09712868482236708
639,4,10,150,45,0.016417578556357865
640,4,10,150,45,0.030877778553209584
641,4,10,150,45,0.07675099783970546
642,4,10,150,45,0.14368865121258567
643,4,10,150,45,0.1347754043809911
644,4,10,150,45,0.04935421935348238
645,4,10,150,45,0.16158259063789654
646,4,10,150,45,0.0
647,4,10,150,45,0.030218457878623886
648,4,10,150,45,0.1516353181792306
649,4,10,150,45,0.15489949502599
650,4,10,150,45,0.058375165236629965
651,4,10,150,45,0.0
652,4,10,150,45,0.0419387969316025
653,4,10,150,45,0.1371940021793491
654,4,10,150,45,0.21255442687635834
655,4,10,150,45,0.06445952075072688
656,4,10,150,45,0.07397229644086958
657,4,10,150,45,0.0
658,4,10,150,45,0.2625403796417579
659,4,10,150,45,0.0994251662155225
660,4,10,150,45,0.015444985233967121
661,4,10,150,45,0.06962713451216634
662,4,10,150,45,0.0512644431393966
663,4,10,150,45,0.26509512523876216
664,4,10,150,45,0.30632727564017326
665,4,10,150,45,0.0
666,4,10,150,45,0.24111067771262196
667,4,10,150,45,0.1919898989841522
668,4,10,150,45,0.06194403202282284
669,4,10,150,45,0.09857402842117612
670,4,10,150,45,0.06613087842005526
671,4,10,150,45,0.12700520479034313
672,4,10,150,45,0.0
673,4,10,150,45,0.037541215354211455
674,4,10,150,45,0.06123763026386081
675,4,10,150,45,0.0
676,4,10,150,45,0.14154396104051753
677,4,10,150,45,0.03314040476303028
678,4,10,150,45,0.0
679,4,10,150,45,0.15527711509166947
680,4,10,150,45,0.11377863936243801
681,4,10,150,45,0.0
682,4,10,150,45,0.15119273977933387
683,4,10,150,45,0.0
684,4,10,150,45,0.06573003977381581
685,4,10,150,45,0.1906465758273748
686,4,10,150,45,0.07277260183012466
687,4,10,150,45,0.0
688,4,10,150,45,0.0
689,4,10,150,45,0.15001451003751623
690,4,10,150,45,0.07914701567910001
691,4,10,150,45,0.05446824630887794
692,4,10,150,45,0.12090042896411356
693,4,10,150,45,0.0
694,4,10,150,45,0.12429779643857515
695,4,10,150,45,0.0
696,4,10,150,45,0.039725595076707886
697,4,10,150,45,0.04239477130634912
698,4,10,150,45,0.0431918483934004
699,4,10,150,45,0.05254651951310353
700,4,10,150,45,0.12729890218214104
701,4,10,150,45,0.0
702,4,10,150,45,0.037715680681715956
703,4,10,150,45,0.11918688501400482
704,4,10,150,45,0.13473043171971474
705,4,10,150,45,0.13727675104556403
706,4,10,150,45,0.04395738023645723
707,4,10,150,45,0.037974128042309194
708,4,10,150,45,0.07186325791519563
709,4,10,150,45,0.13472082394875662
710,4,10,150,45,0.10695361352497157
711,4,10,150,45,0.16672443087694166
712,4,10,150,45,0.11186490839970142
713,4,10,150,45,0.1468735732232516
714,4,10,150,45,0.03441184191455828
715,4,10,150,45,0.0
716,4,10,150,45,0.29754055959990583
717,4,10,150,45,0.04028594057096935
718,4,10,150,45,0.035328385129692476
719,4,10,150,45,0.09883437846193516
720,4,10,150,45,0.0
721,4,10,150,45,0.13452100874630857
722,4,10,150,45,0.06556429791586475
723,4,10,150,45,0.0
724,4,10,150,45,0.0
725,4,10,150,45,0.0
726,4,10,150,45,0.05010834716923557
727,4,10,150,45,0.1636981343969974
728,4,10,150,45,0.09627818061559096
729,4,10,150,45,0.0
730,4,10,150,45,0.02601736765943984
731,4,10,150,45,0.09388827751441965
732,4,10,150,45,0.0
733,4,10,150,45,0.1300076176478829
734,4,10,150,45,0.0
735,4,10,150,45,0.0
736,4,10,150,45,0.0
737,4,10,150,45,0.1138970555583582
738,4,10,150,45,0.15963373870177808
739,4,10,150,45,0.03855307727568851
740,4,10,150,45,0.0
741,4,10,150,45,0.05358697798864893
742,4,10,150,45,0.0488929053971083
743,4,10,150,45,0.0
744,4,10,150,45,0.03596673601130318
745,4,10,150,45,0.03520132288421838
746,4,10,150,45,0.23491487959421534
747,4,10,150,45,0.475575536715851
748,4,10,150,45,0.09621648119325965
749,4,10,150,45,0.16012642111198536
750,4,10,150,45,0.041278922835426404
751,4,10,150,45,0.07836543389566641
752,4,10,150,45,0.0
753,4,10,150,45,0.15780803084928155
754,4,10,150,45,0.0
755,4,10,150,45,0.03855371268423985
756,4,10,150,45,0.031104745345423533
757,4,10,150,45,0.0
758,4,10,150,45,0.28385250943972995
759,4,10,150,45,0.049710505523782283
760,4,10,150,45,0.0
761,4,10,150,45,0.04712005628768104
762,4,10,150,45,0.051960280791503534
763,4,10,150,45,0.04542386553984721
764,4,10,150,45,0.0934696528077813
765,4,10,150,45,0.15066101840234988
766,4,10,150,45,0.02966645304350751
767,4,10,150,45,0.10635849541123835
768,4,10,150,45,0.060133059387366614
769,4,10,150,45,0.0
770,4,10,150,45,0.1912123147921425
771,4,10,150,45,0.24251639833154792
772,4,10,150,45,0.0
773,4,10,150,45,0.09762673054376442
774,4,10,150,45,0.049821743867339854
775,4,10,150,45,0.0
776,4,10,150,45,0.138487812915294
777,4,10,150,45,0.0
778,4,10,150,45,0.1631238413472767
779,4,10,150,45,0.0
780,4,10,150,45,0.030023253564245667
781,4,10,150,45,0.17659637455717878
782,4,10,150,45,0.05472533644736161
783,4,10,150,45,0.0
784,4,10,150,45,0.0
785,4,10,150,45,0.0
786,4,10,150,45,0.0
787,4,10,150,45,0.0
788,4,10,150,45,0.2908230440078055
789,4,10,150,45,0.08809718769055445
790,4,10,150,45,0.0
791,4,10,150,45,0.04465281017341861
792,4,10,150,45,0.06658592494149675
793,4,10,150,45,0.0
794,4,10,150,45,0.04108065887337468
795,4,10,150,45,0.0
796,4,10,150,45,0.4325083515685076
797,4,10,150,45,0.07799758411617824
798,4,10,150,45,0.05254651951310353
799,4,10,150,45,0.0
800,4,10,150,45,0.03244993904038569
801,4,10,150,45,0.1561471668577559
802,4,10,150,45,0.05124850302776537
803,4,10,150,45,0.10569353498973794
804,4,10,150,45,0.17058055973170255
805,4,10,150,45,0.13574731374835833
806,4,10,150,45,0.30318335961056997
807,4,10,150,45,0.10729069916173192
808,4,10,150,45,0.0
809,4,10,150,45,0.0
810,4,10,150,45,0.0
811,4,10,150,45,0.0
812,4,10,150,45,0.0
813,4,10,150,45,0.0
814,4,10,150,45,0.0
815,4,10,150,45,0.21386569822892765
816,4,10,150,45,0.0
817,4,10,150,45,0.0
818,4,10,150,45,0.05516788910004661
819,4,10,150,45,0.037210602758860095
820,4,10,150,45,0.0
821,4,10,150,45,0.302950268110492
822,4,10,150,45,0.0
823,4,10,150,45,0.23370218658245284
824,4,10,150,45,0.05046096657376444
825,4,10,150,45,0.06320894466494456
826,4,10,150,45,0.13222301854454
827,4,10,150,45,0.0
828,4,10,150,45,0.05917447397941398
829,4,10,150,45,0.15110239493068348
830,4,10,150,45,0.13258578038719732
831,4,10,150,45,0.19369981287762317
832,4,10,150,45,0.0
833,4,10,150,45,0.18810535017523874
834,4,10,150,45,0.2706897351446418
835,4,10,150,45,0.10759375616724656
836,4,10,150,45,0.13166415252801508
837,4,10,150,45,0.0
838,4,10,150,45,0.24560504806301242
839,4,10,150,45,0.0640765686166134
840,4,10,150,45,0.370024684940199
841,4,10,150,45,0.0
842,4,10,150,45,0.0
843,4,10,150,45,0.0
844,4,10,150,45,0.04139993815510656
845,4,10,150,45,0.0
846,4,10,150,45,0.3677853216906384
847,4,10,150,45,0.0540346807471123
848,4,10,150,45,0.015077999239304984
849,4,10,150,45,0.0419387969316025
850,4,10,150,45,0.20938747063345256
851,4,10,150,45,0.05968167516648049
852,4,10,150,45,0.26227118260874954
853,4,10,150,45,0.0
854,4,10,150,45,0.0
855,4,10,150,45,0.0
856,4,10,150,45,0.0
857,4,10,150,45,0.0
858,4,10,150,45,0.10250982096838526
859,4,10,150,45,0.0
860,4,10,150,45,0.01939247039510922
861,4,10,150,45,0.03709674194804795
862,4,10,150,45,0.10560681232745367
863,4,10,150,45,0.015348359642701197
864,4,10,150,45,0.4586285895556363
865,4,10,150,45,0.05644898165903662
866,4,10,150,45,0.16283687678415507
867,4,10,150,45,0.1579192849910101
868,4,10,150,45,0.2893311574095844
869,4,10,150,45,0.03406297225598251
870,4,10,150,45,0.32637112481884756
871,4,10,150,45,0.06741180823538984
872,4,10,150,45,0.02804794621397926
873,4,10,150,45,0.0
874,4,10,150,45,0.13944914190808633
875,4,10,150,45,0.11729943308729383
876,4,10,150,45,0.08671382849411972
877,4,10,150,45,0.06755636555520678
878,4,10,150,45,0.19569316662848765
879,4,10,150,45,0.03963466998423315
880,4,10,150,45,0.4528254367492408
881,4,10,150,45,0.11671173957000086
882,4,10,150,45,0.19217043777890475
883,4,10,150,45,0.38766243693921126
884,4,10,150,45,0.09113547509404434
885,4,10,150,45,0.04536087033637415
886,4,10,150,45,0.18953368507099072
887,4,10,150,45,0.08650159374605305
888,4,10,150,45,0.11625487663628292
889,4,10,150,45,0.0
890,4,10,150,45,0.11371459668594645
891,4,10,150,45,0.03339755935325358
892,4,10,150,45,0.3079060372817284
893,4,10,150,45,0.10869735563398858
894,4,10,150,45,0.13697100035906404
895,4,10,150,45,0.0
896,4,10,150,45,0.3611130639778249
897,4,10,150,45,0.29462071305976456
898,4,10,150,45,0.0
899,4,10,150,45,0.07078595763906491
900,4,10,150,45,0.055315677011973347
901,4,10,150,45,0.19211487220206638
902,4,10,150,45,0.05978585424799658
903,4,10,150,45,0.2337672683302966
904,4,10,150,45,0.0
905,4,10,150,45,0.0
906,4,10,150,45,0.10407444169186962
907,4,10,150,45,0.03221875092905481
908,4,10,150,45,0.06892767477436933
909,4,10,150,45,0.0
910,4,10,150,45,0.0
911,4,10,150,45,0.10114410846108873
912,4,10,150,45,0.15575097056245804
913,4,10,150,45,0.06675066833119717
914,4,10,150,45,0.0
915,4,10,150,45,0.0
916,4,10,150,45,0.31980817093081326
917,4,10,150,45,0.0
918,4,10,150,45,0.043627084055128
919,4,10,150,45,0.1281651293477951
920,4,10,150,45,0.0
921,4,10,150,45,0.13899834234179742
922,4,10,150,45,0.13379403732534736
923,4,10,150,45,0.02142307850464013
924,4,10,150,45,0.018280262702529162
925,4,10,150,45,0.0
926,4,10,150,45,0.0
927,4,10,150,45,0.04499596683729014
928,4,10,150,45,0.1482972305701491
929,4,10,150,45,0.25163227912988373
930,4,10,150,45,0.0
931,4,10,150,45,0.08679587898287541
932,4,10,150,45,0.23337458664102312
933,4,10,150,45,0.043518833486900235
934,4,10,150,45,0.1062725825913064
935,4,10,150,45,0.04173963774222741
936,4,10,150,45,0.1321191921354211
937,4,10,150,45,0.0
938,4,10,150,45,0.1482741018676109
939,4,10,150,45,0.0
940,4,10,150,45,0.050684733114198
941,4,10,150,45,0.0
942,4,10,150,45,0.06867427323128149
943,4,10,150,45,0.2076670780239468
1,4,10,150,46,0.4058715898896693
2,4,10,150,46,0.06250343848035038
3,4,10,150,46,0.0
4,4,10,150,46,0.0
5,4,10,150,46,0.040209635547393256
6,4,10,150,46,0.27020011346731576
7,4,10,150,46,0.2749955383785748
8,4,10,150,46,0.0
9,4,10,150,46,0.21840743681816419
10,4,10,150,46,0.13118672884982416
11,4,10,150,46,0.1722584975122812
12,4,10,150,46,0.0
13,4,10,150,46,0.2455879240181037
14,4,10,150,46,0.0
15,4,10,150,46,0.05010834716923557
16,4,10,150,46,0.053168340515114924
17,4,10,150,46,0.0
18,4,10,150,46,0.22726556150706873
19,4,10,150,46,0.0
20,4,10,150,46,0.0
21,4,10,150,46,0.0
22,4,10,150,46,0.11702382382650763
23,4,10,150,46,0.23682446174402746
24,4,10,150,46,0.0
25,4,10,150,46,0.12358102547512423
26,4,10,150,46,0.0
27,4,10,150,46,0.0
28,4,10,150,46,0.0
29,4,10,150,46,0.13455232720853103
30,4,10,150,46,0.0
31,4,10,150,46,0.0
32,4,10,150,46,0.0
33,4,10,150,46,0.0
35,4,10,150,46,0.10523285614729473
36,4,10,150,46,0.0
37,4,10,150,46,0.0
38,4,10,150,46,0.04739418218477539
39,4,10,150,46,0.0
40,4,10,150,46,0.0
41,4,10,150,46,0.0
42,4,10,150,46,0.0683037314796457
43,4,10,150,46,0.22592974817952552
44,4,10,150,46,0.2044921015662719
45,4,10,150,46,0.05200670101006268
46,4,10,150,46,0.11284514134893527
47,4,10,150,46,0.06250343848035038
48,4,10,150,46,0.0
49,4,10,150,46,0.0
50,4,10,150,46,0.0
51,4,10,150,46,0.16812753627111746
52,4,10,150,46,0.0
54,4,10,150,46,0.0
56,4,10,150,46,0.20383503459815738
57,4,10,150,46,0.23047740788088653
58,4,10,150,46,0.3717269535737058
59,4,10,150,46,0.2378606442039324
60,4,10,150,46,0.1505674224523334
61,4,10,150,46,0.0
62,4,10,150,46,0.08314631791322982
63,4,10,150,46,0.0
64,4,10,150,46,0.04238468688770069
65,4,10,150,46,0.13012668333070054
66,4,10,150,46,0.0
67,4,10,150,46,0.0
68,4,10,150,46,0.4827392464262081
69,4,10,150,46,0.07673373981757839
70,4,10,150,46,0.0
71,4,10,150,46,0.0
72,4,10,150,46,0.0
73,4,10,150,46,0.0
74,4,10,150,46,0.0
75,4,10,150,46,0.049432410190049694
76,4,10,150,46,0.1301464707340554
77,4,10,150,46,0.10201115106436301
78,4,10,150,46,0.0
79,4,10,150,46,0.27487633291429087
80,4,10,150,46,0.0
81,4,10,150,46,0.0
82,4,10,150,46,0.19298623480417013
83,4,10,150,46,0.12089611529519323
84,4,10,150,46,0.05034889199379723
85,4,10,150,46,0.0
87,4,10,150,46,0.07100089300395272
89,4,10,150,46,0.2553387838830436
90,4,10,150,46,0.021827649599846295
91,4,10,150,46,0.05648147012627732
92,4,10,150,46,0.10542637391232386
93,4,10,150,46,0.0
94,4,10,150,46,0.08791240958776
95,4,10,150,46,0.15097216460709872
96,4,10,150,46,0.0
97,4,10,150,46,0.06462745615384195
98,4,10,150,46,0.0930297504356062
99,4,10,150,46,0.05658242244874664
100,4,10,150,46,0.0
101,4,10,150,46,0.0
102,4,10,150,46,0.0
103,4,10,150,46,0.0
104,4,10,150,46,0.0
105,4,10,150,46,0.0
106,4,10,150,46,0.0
107,4,10,150,46,0.0
108,4,10,150,46,0.0
109,4,10,150,46,0.07103066762111539
110,4,10,150,46,0.0
111,4,10,150,46,0.0
112,4,10,150,46,0.05685954565780693
113,4,10,150,46,0.053168340515114924
114,4,10,150,46,0.0
115,4,10,150,46,0.10684080426179023
116,4,10,150,46,0.0
117,4,10,150,46,0.20857178832305684
118,4,10,150,46,0.0
119,4,10,150,46,0.18374222286855332
120,4,10,150,46,0.0
121,4,10,150,46,0.271985059917519
122,4,10,150,46,0.1530100230930498
123,4,10,150,46,0.07386004580671933
125,4,10,150,46,0.12702645795516354
126,4,10,150,46,0.06911917000496234
127,4,10,150,46,0.10253313861822189
128,4,10,150,46,0.03233829114831982
129,4,10,150,46,0.0
130,4,10,150,46,0.16099269493775217
131,4,10,150,46,0.0
133,4,10,150,46,0.11047239495909743
134,4,10,150,46,0.0
135,4,10,150,46,0.0
137,4,10,150,46,0.0
138,4,10,150,46,0.0
139,4,10,150,46,0.0
141,4,10,150,46,0.0
142,4,10,150,46,0.13373003436102654
143,4,10,150,46,0.06140244428718695
144,4,10,150,46,0.1227945149537572
145,4,10,150,46,0.08829985348038716
146,4,10,150,46,0.0
148,4,10,150,46,0.0
149,4,10,150,46,0.0
150,4,10,150,46,0.10235170428306553
151,4,10,150,46,0.06298430394440727
152,4,10,150,46,0.0
153,4,10,150,46,0.0
154,4,10,150,46,0.06372882143962796
155,4,10,150,46,0.0
156,4,10,150,46,0.0
158,4,10,150,46,0.17575552384613552
159,4,10,150,46,0.0
160,4,10,150,46,0.0
161,4,10,150,46,0.0
162,4,10,150,46,0.0
163,4,10,150,46,0.0
164,4,10,150,46,0.0
165,4,10,150,46,0.12114889742360979
166,4,10,150,46,0.0
167,4,10,150,46,0.0
168,4,10,150,46,0.23504554941448536
169,4,10,150,46,0.06416923277158361
170,4,10,150,46,0.0
171,4,10,150,46,0.0
172,4,10,150,46,0.0
173,4,10,150,46,0.0
174,4,10,150,46,0.060961917527339995
175,4,10,150,46,0.0
176,4,10,150,46,0.0
177,4,10,150,46,0.06912040963822193
178,4,10,150,46,0.2437589399037192
179,4,10,150,46,0.06723507268634088
180,4,10,150,46,0.12262943855309168
181,4,10,150,46,0.01719677167528726
182,4,10,150,46,0.0
183,4,10,150,46,0.0
184,4,10,150,46,0.09303069037986347
185,4,10,150,46,0.07745351606183934
186,4,10,150,46,0.22147164648185297
187,4,10,150,46,0.04416548762473651
188,4,10,150,46,0.054384419234677496
189,4,10,150,46,0.2089531400761587
190,4,10,150,46,0.10699313236726378
191,4,10,150,46,0.0
192,4,10,150,46,0.0
193,4,10,150,46,0.0
194,4,10,150,46,0.0
195,4,10,150,46,0.0
196,4,10,150,46,0.0
197,4,10,150,46,0.05576624569167862
198,4,10,150,46,0.0
199,4,10,150,46,0.0
200,4,10,150,46,0.0891099526415642
201,4,10,150,46,0.03487978243545732
203,4,10,150,46,0.0
204,4,10,150,46,0.0
205,4,10,150,46,0.0
206,4,10,150,46,0.0
207,4,10,150,46,0.025865718079496645
209,4,10,150,46,0.0
210,4,10,150,46,0.06648469969095826
211,4,10,150,46,0.0
212,4,10,150,46,0.12681701683239352
213,4,10,150,46,0.19336468350582656
214,4,10,150,46,0.056720838976548935
215,4,10,150,46,0.0
216,4,10,150,46,0.0
217,4,10,150,46,0.0
218,4,10,150,46,0.19092086617893467
219,4,10,150,46,0.0
221,4,10,150,46,0.3375735570145491
222,4,10,150,46,0.10302747527541055
223,4,10,150,46,0.03870447337439288
224,4,10,150,46,0.0
225,4,10,150,46,0.0
226,4,10,150,46,0.0
227,4,10,150,46,0.0
228,4,10,150,46,0.0
229,4,10,150,46,0.0
230,4,10,150,46,0.23712439662683835
231,4,10,150,46,0.0
232,4,10,150,46,0.3234992853586256
233,4,10,150,46,0.0968152409481219
234,4,10,150,46,0.03260724553476941
235,4,10,150,46,0.06065881345112158
236,4,10,150,46,0.0
237,4,10,150,46,0.0
238,4,10,150,46,0.0
239,4,10,150,46,0.060772229737720354
240,4,10,150,46,0.05497526658285817
242,4,10,150,46,0.0
243,4,10,150,46,0.09267768927614353
244,4,10,150,46,0.12439856924920116
245,4,10,150,46,0.0
246,4,10,150,46,0.08041927109478651
247,4,10,150,46,0.0
248,4,10,150,46,0.14830051302014485
249,4,10,150,46,0.22399338952175052
250,4,10,150,46,0.3503302816689379
251,4,10,150,46,0.0
252,4,10,150,46,0.0
253,4,10,150,46,0.05954496680255472
254,4,10,150,46,0.0
255,4,10,150,46,0.0
256,4,10,150,46,0.16583176898817792
257,4,10,150,46,0.3305900772260718
258,4,10,150,46,0.0
259,4,10,150,46,0.0
260,4,10,150,46,0.0
261,4,10,150,46,0.0
262,4,10,150,46,0.0
263,4,10,150,46,0.0975109251896312
264,4,10,150,46,0.0
265,4,10,150,46,0.10209739512291163
267,4,10,150,46,0.09794101962538232
268,4,10,150,46,0.040466532906672535
269,4,10,150,46,0.13223875150584097
270,4,10,150,46,0.0
271,4,10,150,46,0.12276482551434069
272,4,10,150,46,0.09109240322345806
273,4,10,150,46,0.0
274,4,10,150,46,0.0
275,4,10,150,46,0.04605780568615433
276,4,10,150,46,0.18784639929386426
277,4,10,150,46,0.0
279,4,10,150,46,0.06493409231178052
280,4,10,150,46,0.03337620304869898
281,4,10,150,46,0.0
283,4,10,150,46,0.07132875491150918
284,4,10,150,46,0.0
285,4,10,150,46,0.1185995982858366
286,4,10,150,46,0.2610657027199842
287,4,10,150,46,0.06364028872631156
288,4,10,150,46,0.12538054736008386
289,4,10,150,46,0.13905617951077562
290,4,10,150,46,0.0
291,4,10,150,46,0.2183602490428485
292,4,10,150,46,0.08933583385868532
293,4,10,150,46,0.08851759063468367
294,4,10,150,46,0.04123398036294628
295,4,10,150,46,0.2670961153715764
296,4,10,150,46,0.47774763069170006
297,4,10,150,46,0.08043477786221322
298,4,10,150,46,0.19947114504638494
299,4,10,150,46,0.0
300,4,10,150,46,0.0
301,4,10,150,46,0.047934103497110726
303,4,10,150,46,0.09301031743541481
304,4,10,150,46,0.0
305,4,10,150,46,0.31514747987601716
306,4,10,150,46,0.0
307,4,10,150,46,0.1383141340724969
308,4,10,150,46,0.17281095469409677
309,4,10,150,46,0.0
310,4,10,150,46,0.0
311,4,10,150,46,0.06712613803507668
312,4,10,150,46,0.07579200366109638
313,4,10,150,46,0.14465709645474623
314,4,10,150,46,0.18379915372429234
315,4,10,150,46,0.0
316,4,10,150,46,0.04568304891751105
317,4,10,150,46,0.0
318,4,10,150,46,0.10118786565551004
319,4,10,150,46,0.0
320,4,10,150,46,0.0
321,4,10,150,46,0.062242588308449316
322,4,10,150,46,0.17342765698823945
323,4,10,150,46,0.14126697285982898
324,4,10,150,46,0.0
325,4,10,150,46,0.0
326,4,10,150,46,0.0634222181618871
327,4,10,150,46,0.0
328,4,10,150,46,0.1437524526514495
329,4,10,150,46,0.0
330,4,10,150,46,0.0536466452928127
331,4,10,150,46,0.16958010263680806
332,4,10,150,46,0.0
333,4,10,150,46,0.0
334,4,10,150,46,0.07058424671826317
336,4,10,150,46,0.0
337,4,10,150,46,0.16716045496620227
338,4,10,150,46,0.05005165434923901
339,4,10,150,46,0.06608282041002614
340,4,10,150,46,0.0
341,4,10,150,46,0.0
342,4,10,150,46,0.2625072992734236
343,4,10,150,46,0.2618907379019753
344,4,10,150,46,0.23832550406045652
345,4,10,150,46,0.056149696530797676
346,4,10,150,46,0.13947804593499064
347,4,10,150,46,0.059994037400180646
348,4,10,150,46,0.071942683897578
349,4,10,150,46,0.07673373981757839
350,4,10,150,46,0.0749368547125808
351,4,10,150,46,0.0
352,4,10,150,46,0.0
353,4,10,150,46,0.0
354,4,10,150,46,0.051249224710132255
355,4,10,150,46,0.0
356,4,10,150,46,0.08406376813555873
357,4,10,150,46,0.0
358,4,10,150,46,0.20438239758848611
359,4,10,150,46,0.0
360,4,10,150,46,0.06752012359727312
361,4,10,150,46,0.09622728274290568
362,4,10,150,46,0.0
363,4,10,150,46,0.1803013146105011
364,4,10,150,46,0.0
365,4,10,150,46,0.0
366,4,10,150,46,0.0
367,4,10,150,46,0.0
368,4,10,150,46,0.0
369,4,10,150,46,0.0
370,4,10,150,46,0.13479984916817475
371,4,10,150,46,0.16676134190097475
372,4,10,150,46,0.0
373,4,10,150,46,0.035769798946978335
374,4,10,150,46,0.06834943074719504
375,4,10,150,46,0.0
376,4,10,150,46,0.0
377,4,10,150,46,0.0
378,4,10,150,46,0.16448029476168333
379,4,10,150,46,0.09385454473649416
380,4,10,150,46,0.0
381,4,10,150,46,0.05105625351125917
382,4,10,150,46,0.0
383,4,10,150,46,0.04838338183089434
384,4,10,150,46,0.0
385,4,10,150,46,0.0
386,4,10,150,46,0.0
387,4,10,150,46,0.11497906462099297
388,4,10,150,46,0.04511904280884329
389,4,10,150,46,0.12419123143547287
390,4,10,150,46,0.0
391,4,10,150,46,0.2137247802747043
392,4,10,150,46,0.0
393,4,10,150,46,0.0
394,4,10,150,46,0.11073655428626575
395,4,10,150,46,0.04931346192675315
396,4,10,150,46,0.0
397,4,10,150,46,0.22320497122386787
398,4,10,150,46,0.1418968660083944
399,4,10,150,46,0.016552362338872865
400,4,10,150,46,0.0
401,4,10,150,46,0.0
402,4,10,150,46,0.08963222225173058
403,4,10,150,46,0.0854499779566911
404,4,10,150,46,0.0
405,4,10,150,46,0.05177028740209617
406,4,10,150,46,0.20956416940551098
407,4,10,150,46,0.04270006763257965
408,4,10,150,46,0.0
409,4,10,150,46,0.10914342353313093
410,4,10,150,46,0.0
411,4,10,150,46,0.0
412,4,10,150,46,0.0
413,4,10,150,46,0.0
414,4,10,150,46,0.0
415,4,10,150,46,0.15103391472831218
416,4,10,150,46,0.18287876057235838
417,4,10,150,46,0.09995231975189434
418,4,10,150,46,0.0
419,4,10,150,46,0.1208113026994942
420,4,10,150,46,0.06052048269976269
421,4,10,150,46,0.15435807162450887
422,4,10,150,46,0.04320473659574256
423,4,10,150,46,0.053845569940583225
424,4,10,150,46,0.23504554941448536
425,4,10,150,46,0.1674157226455415
426,4,10,150,46,0.040759261617270684
427,4,10,150,46,0.0
428,4,10,150,46,0.0
429,4,10,150,46,0.17612018812379943
430,4,10,150,46,0.0
431,4,10,150,46,0.0
432,4,10,150,46,0.0
433,4,10,150,46,0.05780921899607981
434,4,10,150,46,0.20778267687568405
435,4,10,150,46,0.16328985106450547
436,4,10,150,46,0.0
437,4,10,150,46,0.09166074247719914
438,4,10,150,46,0.0
439,4,10,150,46,0.0
440,4,10,150,46,0.0
441,4,10,150,46,0.0
442,4,10,150,46,0.040949887133979804
443,4,10,150,46,0.06783204105472322
444,4,10,150,46,0.1312721899408984
445,4,10,150,46,0.0
446,4,10,150,46,0.0
447,4,10,150,46,0.16246725303708914
448,4,10,150,46,0.0
449,4,10,150,46,0.1511226181481109
450,4,10,150,46,0.28809447737380073
451,4,10,150,46,0.06148915918944534
452,4,10,150,46,0.10773098771530253
453,4,10,150,46,0.0
454,4,10,150,46,0.0
455,4,10,150,46,0.063401477059351
456,4,10,150,46,0.018650043077523788
457,4,10,150,46,0.282690216345629
458,4,10,150,46,0.06982799741808067
459,4,10,150,46,0.0
460,4,10,150,46,0.05184030722866645
461,4,10,150,46,0.0
462,4,10,150,46,0.0
463,4,10,150,46,0.11987424504051505
464,4,10,150,46,0.0
465,4,10,150,46,0.0
466,4,10,150,46,0.0
467,4,10,150,46,0.07807600999842033
468,4,10,150,46,0.09063580949954383
469,4,10,150,46,0.0
470,4,10,150,46,0.0
471,4,10,150,46,0.0
472,4,10,150,46,0.059378631551402404
473,4,10,150,46,0.06140244428718695
474,4,10,150,46,0.22167531000471835
475,4,10,150,46,0.0
476,4,10,150,46,0.0
477,4,10,150,46,0.0
478,4,10,150,46,0.2345109835167376
479,4,10,150,46,0.10172348796286074
480,4,10,150,46,0.0741070054529978
481,4,10,150,46,0.10388675010296258
482,4,10,150,46,0.0
483,4,10,150,46,0.05658242244874664
484,4,10,150,46,0.2723783861819967
485,4,10,150,46,0.0
486,4,10,150,46,0.0
487,4,10,150,46,0.08199193156683765
488,4,10,150,46,0.0
489,4,10,150,46,0.0
490,4,10,150,46,0.0
491,4,10,150,46,0.10497643268981144
492,4,10,150,46,0.0
493,4,10,150,46,0.1254889491373293
494,4,10,150,46,0.0
495,4,10,150,46,0.09864236150154798
496,4,10,150,46,0.02649996754880397
497,4,10,150,46,0.052052025877112086
498,4,10,150,46,0.0
499,4,10,150,46,0.02651211589009722
500,4,10,150,46,0.09541527213731128
501,4,10,150,46,0.0
502,4,10,150,46,0.0
503,4,10,150,46,0.05608659198762317
504,4,10,150,46,0.08148269775823089
505,4,10,150,46,0.07379217622092994
506,4,10,150,46,0.09459007628803312
507,4,10,150,46,0.05319635904163211
508,4,10,150,46,0.0
509,4,10,150,46,0.0
510,4,10,150,46,0.0
511,4,10,150,46,0.08495943917278885
512,4,10,150,46,0.05478392673173268
513,4,10,150,46,0.0
514,4,10,150,46,0.27252722616773445
515,4,10,150,46,0.11706259313796354
516,4,10,150,46,0.0
517,4,10,150,46,0.08878770367712427
518,4,10,150,46,0.0
519,4,10,150,46,0.0
520,4,10,150,46,0.0
521,4,10,150,46,0.09850628252086785
522,4,10,150,46,0.12524561954372188
523,4,10,150,46,0.032114893884379984
524,4,10,150,46,0.1447255372498317
525,4,10,150,46,0.0
526,4,10,150,46,0.04972780777662495
527,4,10,150,46,0.1448182018041012
528,4,10,150,46,0.10209739512291163
529,4,10,150,46,0.0
530,4,10,150,46,0.0
531,4,10,150,46,0.1517763576041802
532,4,10,150,46,0.27945633567626815
533,4,10,150,46,0.11557545112991054
534,4,10,150,46,0.1046638363823608
535,4,10,150,46,0.12373646939599506
536,4,10,150,46,0.09414825230406802
537,4,10,150,46,0.37284177199046525
538,4,10,150,46,0.14697776980950736
539,4,10,150,46,0.04478826142555715
540,4,10,150,46,0.0
541,4,10,150,46,0.02032291829478943
542,4,10,150,46,0.049033875503285806
543,4,10,150,46,0.0331127413190432
544,4,10,150,46,0.0
545,4,10,150,46,0.02244213465825961
546,4,10,150,46,0.05758752804519195
547,4,10,150,46,0.0
548,4,10,150,46,0.1103190733436671
549,4,10,150,46,0.0
550,4,10,150,46,0.04785685030080952
551,4,10,150,46,0.08520922597831997
552,4,10,150,46,0.1205344274731702
553,4,10,150,46,0.04743759234968417
554,4,10,150,46,0.12627825946936164
555,4,10,150,46,0.0
556,4,10,150,46,0.07660623398069263
557,4,10,150,46,0.0
558,4,10,150,46,0.08878770367712427
559,4,10,150,46,0.04366879852493834
560,4,10,150,46,0.09375790921485552
561,4,10,150,46,0.02735132139462643
562,4,10,150,46,0.02783211215220634
563,4,10,150,46,0.0
564,4,10,150,46,0.08498983725535779
565,4,10,150,46,0.0
566,4,10,150,46,0.03579489106983033
567,4,10,150,46,0.1471381878632886
568,4,10,150,46,0.036155150901276155
569,4,10,150,46,0.18299769260789403
570,4,10,150,46,0.0
571,4,10,150,46,0.0
572,4,10,150,46,0.16812753627111746
573,4,10,150,46,0.06437746926759551
574,4,10,150,46,0.051811563545175146
575,4,10,150,46,0.0
576,4,10,150,46,0.0
577,4,10,150,46,0.19430048615499887
578,4,10,150,46,0.0
579,4,10,150,46,0.0
580,4,10,150,46,0.12128674553236206
581,4,10,150,46,0.05276490902632437
582,4,10,150,46,0.0
583,4,10,150,46,0.0
584,4,10,150,46,0.06323567569191428
585,4,10,150,46,0.04173963774222741
586,4,10,150,46,0.05786021189691368
587,4,10,150,46,0.0
588,4,10,150,46,0.12100428021731384
589,4,10,150,46,0.0
590,4,10,150,46,0.053845569940583225
591,4,10,150,46,0.0
592,4,10,150,46,0.36801376769729
593,4,10,150,46,0.024098506230842615
594,4,10,150,46,0.0
595,4,10,150,46,0.03995808168017168
596,4,10,150,46,0.0
597,4,10,150,46,0.27101620591530523
598,4,10,150,46,0.0684591776394769
599,4,10,150,46,0.0
600,4,10,150,46,0.09197011795311534
601,4,10,150,46,0.0
602,4,10,150,46,0.0
603,4,10,150,46,0.0
604,4,10,150,46,0.0
605,4,10,150,46,0.23939908411991156
606,4,10,150,46,0.17359980968703279
607,4,10,150,46,0.0
608,4,10,150,46,0.03962974857737922
609,4,10,150,46,0.0
610,4,10,150,46,0.19303241878686786
611,4,10,150,46,0.07624568872860434
612,4,10,150,46,0.0
613,4,10,150,46,0.04578230021840749
614,4,10,150,46,0.0
615,4,10,150,46,0.027541830374730368
616,4,10,150,46,0.03618657486793958
617,4,10,150,46,0.0
618,4,10,150,46,0.14292135881904405
619,4,10,150,46,0.06585447467677402
620,4,10,150,46,0.11865662440592485
621,4,10,150,46,0.09678412991767817
622,4,10,150,46,0.19862076800611683
623,4,10,150,46,0.17494254380936963
624,4,10,150,46,0.05037254605440354
625,4,10,150,46,0.0
626,4,10,150,46,0.06228974831361337
627,4,10,150,46,0.07148770868741451
628,4,10,150,46,0.0
629,4,10,150,46,0.10922434570876023
630,4,10,150,46,0.15874779570678058
631,4,10,150,46,0.0
632,4,10,150,46,0.12112269717167994
633,4,10,150,46,0.07414861528507455
634,4,10,150,46,0.022104381789790163
635,4,10,150,46,0.04546401530948942
636,4,10,150,46,0.06364028872631156
637,4,10,150,46,0.01928973283308616
638,4,10,150,46,0.09712868482236708
639,4,10,150,46,0.016417578556357865
640,4,10,150,46,0.030877778553209584
641,4,10,150,46,0.07675099783970546
642,4,10,150,46,0.1415660416450627
643,4,10,150,46,0.13278446382728915
644,4,10,150,46,0.04935421935348238
645,4,10,150,46,0.16158259063789654
646,4,10,150,46,0.0
647,4,10,150,46,0.030218457878623886
648,4,10,150,46,0.14939531819018878
649,4,10,150,46,0.15489949502599
650,4,10,150,46,0.057512830715487545
651,4,10,150,46,0.0
652,4,10,150,46,0.08156220960446063
653,4,10,150,46,0.13516733341201678
654,4,10,150,46,0.21255442687635834
655,4,10,150,46,0.06350730640179399
656,4,10,150,46,0.07397229644086958
657,4,10,150,46,0.0
658,4,10,150,46,0.2625403796417579
659,4,10,150,46,0.09795642942051008
660,4,10,150,46,0.015216827525260072
661,4,10,150,46,0.06962713451216634
662,4,10,150,46,0.0512644431393966
663,4,10,150,46,0.2611790647539087
664,4,10,150,46,0.30180212211844454
665,4,10,150,46,0.0
666,4,10,150,46,0.23754892229891442
667,4,10,150,46,0.1919898989841522
668,4,10,150,46,0.06194403202282284
669,4,10,150,46,0.09857402842117612
670,4,10,150,46,0.06613087842005526
671,4,10,150,46,0.12700520479034313
672,4,10,150,46,0.0
673,4,10,150,46,0.07487273249288087
674,4,10,150,46,0.06123763026386081
675,4,10,150,46,0.0
676,4,10,150,46,0.14154396104051753
677,4,10,150,46,0.03314040476303028
678,4,10,150,46,0.0
679,4,10,150,46,0.15527711509166947
680,4,10,150,46,0.11377863936243801
681,4,10,150,46,0.0
682,4,10,150,46,0.14895927768412062
683,4,10,150,46,0.0
684,4,10,150,46,0.06573003977381581
685,4,10,150,46,0.1906465758273748
686,4,10,150,46,0.07277260183012466
687,4,10,150,46,0.0
688,4,10,150,46,0.0
689,4,10,150,46,0.15001451003751623
690,4,10,150,46,0.07914701567910001
691,4,10,150,46,0.05446824630887794
692,4,10,150,46,0.12090042896411356
693,4,10,150,46,0.0
694,4,10,150,46,0.12246163408534795
695,4,10,150,46,0.0
696,4,10,150,46,0.039725595076707886
697,4,10,150,46,0.04239477130634912
698,4,10,150,46,0.042553806141175515
699,4,10,150,46,0.05177028740209617
700,4,10,150,46,0.12729890218214104
701,4,10,150,46,0.0
702,4,10,150,46,0.037715680681715956
703,4,10,150,46,0.11918688501400482
704,4,10,150,46,0.1557865054057909
705,4,10,150,46,0.13727675104556403
706,4,10,150,46,0.04395738023645723
707,4,10,150,46,0.03741316343709695
708,4,10,150,46,0.07186325791519563
709,4,10,150,46,0.13472082394875662
710,4,10,150,46,0.10695361352497157
711,4,10,150,46,0.17903381425884118
712,4,10,150,46,0.110212408199891
713,4,10,150,46,0.1468735732232516
714,4,10,150,46,0.03441184191455828
715,4,10,150,46,0.0
716,4,10,150,46,0.2931452059432102
717,4,10,150,46,0.04028594057096935
718,4,10,150,46,0.035328385129692476
719,4,10,150,46,0.09883437846193516
720,4,10,150,46,0.0
721,4,10,150,46,0.14730611022664256
722,4,10,150,46,0.06556429791586475
723,4,10,150,46,0.0
724,4,10,150,46,0.0
725,4,10,150,46,0.0
726,4,10,150,46,0.05010834716923557
727,4,10,150,46,0.17605222309005603
728,4,10,150,46,0.09627818061559096
729,4,10,150,46,0.0
730,4,10,150,46,0.02601736765943984
731,4,10,150,46,0.09388827751441965
732,4,10,150,46,0.0
733,4,10,150,46,0.1300076176478829
734,4,10,150,46,0.0
735,4,10,150,46,0.0
736,4,10,150,46,0.0
737,4,10,150,46,0.1138970555583582
738,4,10,150,46,0.15727558377299009
739,4,10,150,46,0.03855307727568851
740,4,10,150,46,0.0
741,4,10,150,46,0.05358697798864893
742,4,10,150,46,0.0488929053971083
743,4,10,150,46,0.0
744,4,10,150,46,0.03596673601130318
745,4,10,150,46,0.03520132288421838
746,4,10,150,46,0.23491487959421534
747,4,10,150,46,0.46855019981001944
748,4,10,150,46,0.09621648119325965
749,4,10,150,46,0.1577609881386975
750,4,10,150,46,0.041278922835426404
751,4,10,150,46,0.0772077974480674
752,4,10,150,46,0.0
753,4,10,150,46,0.15780803084928155
754,4,10,150,46,0.0
755,4,10,150,46,0.03855371268423985
756,4,10,150,46,0.031104745345423533
757,4,10,150,46,0.0
758,4,10,150,46,0.27965935954781
759,4,10,150,46,0.049710505523782283
760,4,10,150,46,0.0
761,4,10,150,46,0.04712005628768104
762,4,10,150,46,0.051960280791503534
763,4,10,150,46,0.04542386553984721
764,4,10,150,46,0.09208889254836933
765,4,10,150,46,0.15066101840234988
766,4,10,150,46,0.029228211773002045
767,4,10,150,46,0.10635849541123835
768,4,10,150,46,0.060133059387366614
769,4,10,150,46,0.0
770,4,10,150,46,0.1912123147921425
771,4,10,150,46,0.24251639833154792
772,4,10,150,46,0.0
773,4,10,150,46,0.09618456075130394
774,4,10,150,46,0.04908576291608828
775,4,10,150,46,0.0
776,4,10,150,46,0.138487812915294
777,4,10,150,46,0.0
778,4,10,150,46,0.1631238413472767
779,4,10,150,46,0.0
780,4,10,150,46,0.030023253564245667
781,4,10,150,46,0.17659637455717878
782,4,10,150,46,0.053916918233753185
783,4,10,150,46,0.0
784,4,10,150,46,0.0
785,4,10,150,46,0.0
786,4,10,150,46,0.0
787,4,10,150,46,0.0
788,4,10,150,46,0.2865269233994088
789,4,10,150,46,0.08809718769055445
790,4,10,150,46,0.0
791,4,10,150,46,0.04465281017341861
792,4,10,150,46,0.06658592494149675
793,4,10,150,46,0.0
794,4,10,150,46,0.04108065887337468
795,4,10,150,46,0.014772284029464532
796,4,10,150,46,0.4261192153540221
797,4,10,150,46,0.07799758411617824
798,4,10,150,46,0.05177028740209617
799,4,10,150,46,0.0
800,4,10,150,46,0.03244993904038569
801,4,10,150,46,0.1561471668577559
802,4,10,150,46,0.05124850302776537
803,4,10,150,46,0.10569353498973794
804,4,10,150,46,0.1680606952534408
805,4,10,150,46,0.13374201587343076
806,4,10,150,46,0.29870464890939535
807,4,10,150,46,0.10570577047999499
808,4,10,150,46,0.03535057968151573
809,4,10,150,46,0.0
810,4,10,150,46,0.0
811,4,10,150,46,0.0
812,4,10,150,46,0.0
813,4,10,150,46,0.0
814,4,10,150,46,0.0
815,4,10,150,46,0.2254786974199947
816,4,10,150,46,0.0
817,4,10,150,46,0.0
818,4,10,150,46,0.05516788910004661
819,4,10,150,46,0.037210602758860095
820,4,10,150,46,0.0
821,4,10,150,46,0.302950268110492
822,4,10,150,46,0.0
823,4,10,150,46,0.23024987150394993
824,4,10,150,46,0.05046096657376444
825,4,10,150,46,0.06227520418115129
826,4,10,150,46,0.1302697825593669
827,4,10,150,46,0.0
828,4,10,150,46,0.05830033184249592
829,4,10,150,46,0.15110239493068348
830,4,10,150,46,0.14539946961051395
831,4,10,150,46,0.19369981287762317
832,4,10,150,46,0.0
833,4,10,150,46,0.18532660451498822
834,4,10,150,46,0.2706897351446418
835,4,10,150,46,0.10759375616724656
836,4,10,150,46,0.13166415252801508
837,4,10,150,46,0.0
838,4,10,150,46,0.24560504806301242
839,4,10,150,46,0.0640765686166134
840,4,10,150,46,0.3645585751963493
841,4,10,150,46,0.0
842,4,10,150,46,0.0
843,4,10,150,46,0.0
844,4,10,150,46,0.04139993815510656
845,4,10,150,46,0.0
846,4,10,150,46,0.36235229245675626
847,4,10,150,46,0.05323646509567452
848,4,10,150,46,0.01485526275194592
849,4,10,150,46,0.0419387969316025
850,4,10,150,46,0.20938747063345256
851,4,10,150,46,0.058800040509567005
852,4,10,150,46,0.26227118260874954
853,4,10,150,46,0.0
854,4,10,150,46,0.0
855,4,10,150,46,0.0
856,4,10,150,46,0.0
857,4,10,150,46,0.0
858,4,10,150,46,0.10250982096838526
859,4,10,150,46,0.0
860,4,10,150,46,0.01939247039510922
861,4,10,150,46,0.03709674194804795
862,4,10,150,46,0.10404675850030617
863,4,10,150,46,0.015121629314672844
864,4,10,150,46,0.45185359776668776
865,4,10,150,46,0.07803010102565
866,4,10,150,46,0.16283687678415507
867,4,10,150,46,0.1579192849910101
868,4,10,150,46,0.28505707537375635
869,4,10,150,46,0.03406297225598251
870,4,10,150,46,0.32154987786400774
871,4,10,150,46,0.08118826588666139
872,4,10,150,46,0.02804794621397926
873,4,10,150,46,0.0
874,4,10,150,46,0.13944914190808633
875,4,10,150,46,0.11729943308729383
876,4,10,150,46,0.08671382849411972
877,4,10,150,46,0.06755636555520678
878,4,10,150,46,0.1928023315884263
879,4,10,150,46,0.03963466998423315
880,4,10,150,46,0.44613617078181467
881,4,10,150,46,0.11498764060349992
882,4,10,150,46,0.20410392551943274
883,4,10,150,46,0.38193577731319084
884,4,10,150,46,0.09113547509404434
885,4,10,150,46,0.04536087033637415
886,4,10,150,46,0.20150612367143547
887,4,10,150,46,0.085223767634235
888,4,10,150,46,0.11625487663628292
889,4,10,150,46,0.0
890,4,10,150,46,0.11203477236540564
891,4,10,150,46,0.05744798702310109
892,4,10,150,46,0.3033575618446158
893,4,10,150,46,0.10869735563398858
894,4,10,150,46,0.13494762583796005
895,4,10,150,46,0.0
896,4,10,150,46,0.3557785992299943
897,4,10,150,46,0.29026849220548234
898,4,10,150,46,0.0
899,4,10,150,46,0.069740287367523
900,4,10,150,46,0.055315677011973347
901,4,10,150,46,0.1892768967436132
902,4,10,150,46,0.05978585424799658
903,4,10,150,46,0.23031399184572943
904,4,10,150,46,0.0
905,4,10,150,46,0.0
906,4,10,150,46,0.10407444169186962
907,4,10,150,46,0.031742806389256244
908,4,10,150,46,0.06892767477436933
909,4,10,150,46,0.0
910,4,10,150,46,0.0
911,4,10,150,46,0.10114410846108873
912,4,10,150,46,0.15575097056245804
913,4,10,150,46,0.08053689252891667
914,4,10,150,46,0.0
915,4,10,150,46,0.0
916,4,10,150,46,0.3150838737948798
917,4,10,150,46,0.0
918,4,10,150,46,0.043627084055128
919,4,10,150,46,0.1262718376543964
920,4,10,150,46,0.0
921,4,10,150,46,0.13899834234179742
922,4,10,150,46,0.13181759380452854
923,4,10,150,46,0.02142307850464013
924,4,10,150,46,0.018280262702529162
925,4,10,150,46,0.0
926,4,10,150,46,0.0
927,4,10,150,46,0.04499596683729014
928,4,10,150,46,0.1482972305701491
929,4,10,150,46,0.25163227912988373
930,4,10,150,46,0.0
931,4,10,150,46,0.08679587898287541
932,4,10,150,46,0.22992711096190305
933,4,10,150,46,0.04287596091800077
934,4,10,150,46,0.10470269381672288
935,4,10,150,46,0.04173963774222741
936,4,10,150,46,0.1321191921354211
937,4,10,150,46,0.0
938,4,10,150,46,0.1482741018676109
939,4,10,150,46,0.0
940,4,10,150,46,0.050684733114198
941,4,10,150,46,0.0
942,4,10,150,46,0.06867427323128149
943,4,10,150,46,0.2045993609638081
1,4,10,150,47,0.4058715898896693
2,4,10,150,47,0.06250343848035038
3,4,10,150,47,0.0
4,4,10,150,47,0.0
5,4,10,150,47,0.040209635547393256
6,4,10,150,47,0.27020011346731576
7,4,10,150,47,0.2749955383785748
8,4,10,150,47,0.0
9,4,10,150,47,0.21840743681816419
10,4,10,150,47,0.13118672884982416
11,4,10,150,47,0.1722584975122812
12,4,10,150,47,0.0
13,4,10,150,47,0.24203200304166578
14,4,10,150,47,0.0
15,4,10,150,47,0.05010834716923557
16,4,10,150,47,0.053168340515114924
17,4,10,150,47,0.0
18,4,10,150,47,0.24724966735366713
19,4,10,150,47,0.0
20,4,10,150,47,0.0
21,4,10,150,47,0.0
22,4,10,150,47,0.11702382382650763
23,4,10,150,47,0.23682446174402746
24,4,10,150,47,0.0
25,4,10,150,47,0.12358102547512423
26,4,10,150,47,0.0
27,4,10,150,47,0.0
28,4,10,150,47,0.0
29,4,10,150,47,0.13455232720853103
30,4,10,150,47,0.0
31,4,10,150,47,0.0
32,4,10,150,47,0.0
33,4,10,150,47,0.0
35,4,10,150,47,0.10523285614729473
36,4,10,150,47,0.0
37,4,10,150,47,0.0
38,4,10,150,47,0.04739418218477539
39,4,10,150,47,0.0
40,4,10,150,47,0.0
41,4,10,150,47,0.0
42,4,10,150,47,0.0683037314796457
43,4,10,150,47,0.22592974817952552
44,4,10,150,47,0.2044921015662719
45,4,10,150,47,0.05200670101006268
46,4,10,150,47,0.11284514134893527
47,4,10,150,47,0.06250343848035038
48,4,10,150,47,0.0
49,4,10,150,47,0.0
50,4,10,150,47,0.0
51,4,10,150,47,0.16812753627111746
52,4,10,150,47,0.0
54,4,10,150,47,0.0
56,4,10,150,47,0.20383503459815738
57,4,10,150,47,0.23047740788088653
58,4,10,150,47,0.3717269535737058
59,4,10,150,47,0.2378606442039324
60,4,10,150,47,0.1505674224523334
61,4,10,150,47,0.0
62,4,10,150,47,0.08314631791322982
63,4,10,150,47,0.0
64,4,10,150,47,0.04238468688770069
65,4,10,150,47,0.13012668333070054
66,4,10,150,47,0.0
67,4,10,150,47,0.0
68,4,10,150,47,0.4827392464262081
69,4,10,150,47,0.07673373981757839
70,4,10,150,47,0.0
71,4,10,150,47,0.0
72,4,10,150,47,0.0
73,4,10,150,47,0.0
74,4,10,150,47,0.0
75,4,10,150,47,0.049432410190049694
76,4,10,150,47,0.1301464707340554
77,4,10,150,47,0.10201115106436301
78,4,10,150,47,0.0
79,4,10,150,47,0.27487633291429087
80,4,10,150,47,0.0
81,4,10,150,47,0.0
82,4,10,150,47,0.19298623480417013
83,4,10,150,47,0.12089611529519323
84,4,10,150,47,0.05034889199379723
85,4,10,150,47,0.0
87,4,10,150,47,0.07100089300395272
89,4,10,150,47,0.2553387838830436
90,4,10,150,47,0.021827649599846295
91,4,10,150,47,0.05648147012627732
92,4,10,150,47,0.10542637391232386
93,4,10,150,47,0.0
94,4,10,150,47,0.08791240958776
95,4,10,150,47,0.15097216460709872
96,4,10,150,47,0.0
97,4,10,150,47,0.06462745615384195
98,4,10,150,47,0.0930297504356062
99,4,10,150,47,0.05658242244874664
100,4,10,150,47,0.0
101,4,10,150,47,0.0
102,4,10,150,47,0.0
103,4,10,150,47,0.0
104,4,10,150,47,0.0
105,4,10,150,47,0.0
106,4,10,150,47,0.0
107,4,10,150,47,0.0
108,4,10,150,47,0.0
109,4,10,150,47,0.07103066762111539
110,4,10,150,47,0.0
111,4,10,150,47,0.0
112,4,10,150,47,0.05685954565780693
113,4,10,150,47,0.053168340515114924
114,4,10,150,47,0.0
115,4,10,150,47,0.10684080426179023
116,4,10,150,47,0.0
117,4,10,150,47,0.20857178832305684
118,4,10,150,47,0.0
119,4,10,150,47,0.18374222286855332
120,4,10,150,47,0.0
121,4,10,150,47,0.271985059917519
122,4,10,150,47,0.1530100230930498
123,4,10,150,47,0.07386004580671933
125,4,10,150,47,0.12702645795516354
126,4,10,150,47,0.06911917000496234
127,4,10,150,47,0.10253313861822189
128,4,10,150,47,0.03233829114831982
129,4,10,150,47,0.0
130,4,10,150,47,0.16099269493775217
131,4,10,150,47,0.0
133,4,10,150,47,0.11047239495909743
134,4,10,150,47,0.0
135,4,10,150,47,0.0
137,4,10,150,47,0.06989841918216891
138,4,10,150,47,0.0
139,4,10,150,47,0.0
141,4,10,150,47,0.0
142,4,10,150,47,0.13373003436102654
143,4,10,150,47,0.06140244428718695
144,4,10,150,47,0.1227945149537572
145,4,10,150,47,0.08829985348038716
146,4,10,150,47,0.0
148,4,10,150,47,0.054181637470214
149,4,10,150,47,0.0
150,4,10,150,47,0.10235170428306553
151,4,10,150,47,0.06298430394440727
152,4,10,150,47,0.0
153,4,10,150,47,0.0
154,4,10,150,47,0.06372882143962796
155,4,10,150,47,0.0
156,4,10,150,47,0.0
158,4,10,150,47,0.17575552384613552
159,4,10,150,47,0.0
160,4,10,150,47,0.0
161,4,10,150,47,0.0
162,4,10,150,47,0.0
163,4,10,150,47,0.0
164,4,10,150,47,0.0
165,4,10,150,47,0.12114889742360979
166,4,10,150,47,0.0
167,4,10,150,47,0.0
168,4,10,150,47,0.23504554941448536
169,4,10,150,47,0.06416923277158361
170,4,10,150,47,0.0
171,4,10,150,47,0.0
172,4,10,150,47,0.0
173,4,10,150,47,0.0
174,4,10,150,47,0.060961917527339995
175,4,10,150,47,0.0
176,4,10,150,47,0.0
177,4,10,150,47,0.06912040963822193
178,4,10,150,47,0.2437589399037192
179,4,10,150,47,0.06723507268634088
180,4,10,150,47,0.12262943855309168
181,4,10,150,47,0.01719677167528726
182,4,10,150,47,0.0
183,4,10,150,47,0.0
184,4,10,150,47,0.09303069037986347
185,4,10,150,47,0.07745351606183934
186,4,10,150,47,0.22147164648185297
187,4,10,150,47,0.08625091781054979
188,4,10,150,47,0.054384419234677496
189,4,10,150,47,0.2089531400761587
190,4,10,150,47,0.10699313236726378
191,4,10,150,47,0.0
192,4,10,150,47,0.0
193,4,10,150,47,0.0
194,4,10,150,47,0.0
195,4,10,150,47,0.0
196,4,10,150,47,0.0
197,4,10,150,47,0.05576624569167862
198,4,10,150,47,0.0
199,4,10,150,47,0.0
200,4,10,150,47,0.0891099526415642
201,4,10,150,47,0.03487978243545732
203,4,10,150,47,0.0
204,4,10,150,47,0.0
205,4,10,150,47,0.0
206,4,10,150,47,0.0
207,4,10,150,47,0.050513241088636716
209,4,10,150,47,0.0
210,4,10,150,47,0.06648469969095826
211,4,10,150,47,0.0
212,4,10,150,47,0.12681701683239352
213,4,10,150,47,0.19336468350582656
214,4,10,150,47,0.056720838976548935
215,4,10,150,47,0.0
216,4,10,150,47,0.0
217,4,10,150,47,0.0
218,4,10,150,47,0.19092086617893467
219,4,10,150,47,0.0
221,4,10,150,47,0.3375735570145491
222,4,10,150,47,0.10153571804855983
223,4,10,150,47,0.03870447337439288
224,4,10,150,47,0.0
225,4,10,150,47,0.0
226,4,10,150,47,0.0
227,4,10,150,47,0.0
228,4,10,150,47,0.0
229,4,10,150,47,0.0
230,4,10,150,47,0.23712439662683835
231,4,10,150,47,0.0
232,4,10,150,47,0.3234992853586256
233,4,10,150,47,0.0968152409481219
234,4,10,150,47,0.0484856228772032
235,4,10,150,47,0.06065881345112158
236,4,10,150,47,0.0
237,4,10,150,47,0.0
238,4,10,150,47,0.0
239,4,10,150,47,0.060772229737720354
240,4,10,150,47,0.05497526658285817
242,4,10,150,47,0.0
243,4,10,150,47,0.09267768927614353
244,4,10,150,47,0.12439856924920116
245,4,10,150,47,0.0
246,4,10,150,47,0.08041927109478651
247,4,10,150,47,0.0
248,4,10,150,47,0.14830051302014485
249,4,10,150,47,0.22399338952175052
250,4,10,150,47,0.3503302816689379
251,4,10,150,47,0.0
252,4,10,150,47,0.0
253,4,10,150,47,0.05954496680255472
254,4,10,150,47,0.0
255,4,10,150,47,0.0
256,4,10,150,47,0.16583176898817792
257,4,10,150,47,0.3305900772260718
258,4,10,150,47,0.0
259,4,10,150,47,0.0
260,4,10,150,47,0.0
261,4,10,150,47,0.0
262,4,10,150,47,0.0
263,4,10,150,47,0.0975109251896312
264,4,10,150,47,0.0
265,4,10,150,47,0.10209739512291163
267,4,10,150,47,0.09794101962538232
268,4,10,150,47,0.040466532906672535
269,4,10,150,47,0.13223875150584097
270,4,10,150,47,0.0
271,4,10,150,47,0.12276482551434069
272,4,10,150,47,0.09109240322345806
273,4,10,150,47,0.0
274,4,10,150,47,0.0
275,4,10,150,47,0.04605780568615433
276,4,10,150,47,0.18784639929386426
277,4,10,150,47,0.0
279,4,10,150,47,0.06493409231178052
280,4,10,150,47,0.03337620304869898
281,4,10,150,47,0.0
283,4,10,150,47,0.07132875491150918
284,4,10,150,47,0.0
285,4,10,150,47,0.1185995982858366
286,4,10,150,47,0.2610657027199842
287,4,10,150,47,0.06364028872631156
288,4,10,150,47,0.12538054736008386
289,4,10,150,47,0.13905617951077562
290,4,10,150,47,0.0
291,4,10,150,47,0.2183602490428485
292,4,10,150,47,0.08933583385868532
293,4,10,150,47,0.08851759063468367
294,4,10,150,47,0.04123398036294628
295,4,10,150,47,0.2670961153715764
296,4,10,150,47,0.47774763069170006
297,4,10,150,47,0.08043477786221322
298,4,10,150,47,0.19947114504638494
299,4,10,150,47,0.0
300,4,10,150,47,0.0
301,4,10,150,47,0.047934103497110726
303,4,10,150,47,0.09166360081603674
304,4,10,150,47,0.0
305,4,10,150,47,0.31514747987601716
306,4,10,150,47,0.0
307,4,10,150,47,0.1383141340724969
308,4,10,150,47,0.17281095469409677
309,4,10,150,47,0.0
310,4,10,150,47,0.0
311,4,10,150,47,0.06712613803507668
312,4,10,150,47,0.07579200366109638
313,4,10,150,47,0.14465709645474623
314,4,10,150,47,0.18379915372429234
315,4,10,150,47,0.0
316,4,10,150,47,0.04568304891751105
317,4,10,150,47,0.0
318,4,10,150,47,0.10118786565551004
319,4,10,150,47,0.0
320,4,10,150,47,0.0
321,4,10,150,47,0.062242588308449316
322,4,10,150,47,0.17342765698823945
323,4,10,150,47,0.14126697285982898
324,4,10,150,47,0.0
325,4,10,150,47,0.0
326,4,10,150,47,0.0634222181618871
327,4,10,150,47,0.0
328,4,10,150,47,0.1437524526514495
329,4,10,150,47,0.0
330,4,10,150,47,0.0536466452928127
331,4,10,150,47,0.16958010263680806
332,4,10,150,47,0.024647523009140075
333,4,10,150,47,0.0
334,4,10,150,47,0.07058424671826317
336,4,10,150,47,0.0
337,4,10,150,47,0.16716045496620227
338,4,10,150,47,0.05005165434923901
339,4,10,150,47,0.06608282041002614
340,4,10,150,47,0.0
341,4,10,150,47,0.0
342,4,10,150,47,0.2625072992734236
343,4,10,150,47,0.28732332399638805
344,4,10,150,47,0.23832550406045652
345,4,10,150,47,0.056149696530797676
346,4,10,150,47,0.13947804593499064
347,4,10,150,47,0.059994037400180646
348,4,10,150,47,0.071942683897578
349,4,10,150,47,0.07673373981757839
350,4,10,150,47,0.0749368547125808
351,4,10,150,47,0.0
352,4,10,150,47,0.0
353,4,10,150,47,0.0
354,4,10,150,47,0.051249224710132255
355,4,10,150,47,0.0
356,4,10,150,47,0.08406376813555873
357,4,10,150,47,0.0
358,4,10,150,47,0.20438239758848611
359,4,10,150,47,0.0
360,4,10,150,47,0.06752012359727312
361,4,10,150,47,0.09622728274290568
362,4,10,150,47,0.0
363,4,10,150,47,0.1803013146105011
364,4,10,150,47,0.0
365,4,10,150,47,0.0
366,4,10,150,47,0.0
367,4,10,150,47,0.0
368,4,10,150,47,0.0
369,4,10,150,47,0.0
370,4,10,150,47,0.13479984916817475
371,4,10,150,47,0.16676134190097475
372,4,10,150,47,0.0
373,4,10,150,47,0.035769798946978335
374,4,10,150,47,0.06834943074719504
375,4,10,150,47,0.0
376,4,10,150,47,0.0
377,4,10,150,47,0.0
378,4,10,150,47,0.16448029476168333
379,4,10,150,47,0.11339835829152477
380,4,10,150,47,0.0
381,4,10,150,47,0.05105625351125917
382,4,10,150,47,0.0
383,4,10,150,47,0.04838338183089434
384,4,10,150,47,0.0
385,4,10,150,47,0.0
386,4,10,150,47,0.0
387,4,10,150,47,0.11497906462099297
388,4,10,150,47,0.04511904280884329
389,4,10,150,47,0.12419123143547287
390,4,10,150,47,0.0
391,4,10,150,47,0.2137247802747043
392,4,10,150,47,0.0
393,4,10,150,47,0.0
394,4,10,150,47,0.11073655428626575
395,4,10,150,47,0.04931346192675315
396,4,10,150,47,0.0
397,4,10,150,47,0.22320497122386787
398,4,10,150,47,0.16581649615734612
399,4,10,150,47,0.016552362338872865
400,4,10,150,47,0.0
401,4,10,150,47,0.0
402,4,10,150,47,0.08963222225173058
403,4,10,150,47,0.0854499779566911
404,4,10,150,47,0.0
405,4,10,150,47,0.05102069414882301
406,4,10,150,47,0.20956416940551098
407,4,10,150,47,0.04270006763257965
408,4,10,150,47,0.0
409,4,10,150,47,0.10914342353313093
410,4,10,150,47,0.0
411,4,10,150,47,0.0
412,4,10,150,47,0.0
413,4,10,150,47,0.0
414,4,10,150,47,0.0
415,4,10,150,47,0.15103391472831218
416,4,10,150,47,0.18023081921504525
417,4,10,150,47,0.09850508837083022
418,4,10,150,47,0.0
419,4,10,150,47,0.1208113026994942
420,4,10,150,47,0.06052048269976269
421,4,10,150,47,0.15435807162450887
422,4,10,150,47,0.04320473659574256
423,4,10,150,47,0.053845569940583225
424,4,10,150,47,0.23504554941448536
425,4,10,150,47,0.1674157226455415
426,4,10,150,47,0.040759261617270684
427,4,10,150,47,0.0
428,4,10,150,47,0.0
429,4,10,150,47,0.1735701056072118
430,4,10,150,47,0.0
431,4,10,150,47,0.0
432,4,10,150,47,0.0
433,4,10,150,47,0.05780921899607981
434,4,10,150,47,0.20778267687568405
435,4,10,150,47,0.16092554178927868
436,4,10,150,47,0.0
437,4,10,150,47,0.09166074247719914
438,4,10,150,47,0.0
439,4,10,150,47,0.0
440,4,10,150,47,0.0
441,4,10,150,47,0.0
442,4,10,150,47,0.040949887133979804
443,4,10,150,47,0.06783204105472322
444,4,10,150,47,0.1312721899408984
445,4,10,150,47,0.0
446,4,10,150,47,0.0
447,4,10,150,47,0.16246725303708914
448,4,10,150,47,0.0
449,4,10,150,47,0.1511226181481109
450,4,10,150,47,0.29840231230204367
451,4,10,150,47,0.06148915918944534
452,4,10,150,47,0.10773098771530253
453,4,10,150,47,0.0
454,4,10,150,47,0.0
455,4,10,150,47,0.063401477059351
456,4,10,150,47,0.018650043077523788
457,4,10,150,47,0.282690216345629
458,4,10,150,47,0.06982799741808067
459,4,10,150,47,0.0
460,4,10,150,47,0.05184030722866645
461,4,10,150,47,0.0
462,4,10,150,47,0.0
463,4,10,150,47,0.11987424504051505
464,4,10,150,47,0.0
465,4,10,150,47,0.0
466,4,10,150,47,0.0
467,4,10,150,47,0.07807600999842033
468,4,10,150,47,0.11455543964849552
469,4,10,150,47,0.0
470,4,10,150,47,0.0
471,4,10,150,47,0.0
472,4,10,150,47,0.059378631551402404
473,4,10,150,47,0.06140244428718695
474,4,10,150,47,0.21846562496847022
475,4,10,150,47,0.0
476,4,10,150,47,0.0
477,4,10,150,47,0.0
478,4,10,150,47,0.2345109835167376
479,4,10,150,47,0.10172348796286074
480,4,10,150,47,0.0741070054529978
481,4,10,150,47,0.10388675010296258
482,4,10,150,47,0.0
483,4,10,150,47,0.05658242244874664
484,4,10,150,47,0.2723783861819967
485,4,10,150,47,0.0
486,4,10,150,47,0.0
487,4,10,150,47,0.08199193156683765
488,4,10,150,47,0.0
489,4,10,150,47,0.0
490,4,10,150,47,0.0
491,4,10,150,47,0.10497643268981144
492,4,10,150,47,0.0
493,4,10,150,47,0.1254889491373293
494,4,10,150,47,0.0
495,4,10,150,47,0.09864236150154798
496,4,10,150,47,0.02649996754880397
497,4,10,150,47,0.05129835327117049
498,4,10,150,47,0.0
499,4,10,150,47,0.02651211589009722
500,4,10,150,47,0.09541527213731128
501,4,10,150,47,0.0
502,4,10,150,47,0.0
503,4,10,150,47,0.05608659198762317
504,4,10,150,47,0.08148269775823089
505,4,10,150,47,0.07379217622092994
506,4,10,150,47,0.09322048599657122
507,4,10,150,47,0.05319635904163211
508,4,10,150,47,0.0
509,4,10,150,47,0.0
510,4,10,150,47,0.0
511,4,10,150,47,0.08495943917278885
512,4,10,150,47,0.05478392673173268
513,4,10,150,47,0.0
514,4,10,150,47,0.27252722616773445
515,4,10,150,47,0.11706259313796354
516,4,10,150,47,0.0
517,4,10,150,47,0.08878770367712427
518,4,10,150,47,0.0
519,4,10,150,47,0.0
520,4,10,150,47,0.0
521,4,10,150,47,0.09850628252086785
522,4,10,150,47,0.12524561954372188
523,4,10,150,47,0.032114893884379984
524,4,10,150,47,0.14263002471276173
525,4,10,150,47,0.0
526,4,10,150,47,0.04972780777662495
527,4,10,150,47,0.1448182018041012
528,4,10,150,47,0.10209739512291163
529,4,10,150,47,0.0
530,4,10,150,47,0.0
531,4,10,150,47,0.1517763576041802
532,4,10,150,47,0.27541002659978253
533,4,10,150,47,0.11557545112991054
534,4,10,150,47,0.1046638363823608
535,4,10,150,47,0.12373646939599506
536,4,10,150,47,0.09414825230406802
537,4,10,150,47,0.36744331486675325
538,4,10,150,47,0.14697776980950736
539,4,10,150,47,0.04478826142555715
540,4,10,150,47,0.0
541,4,10,150,47,0.04030702414138781
542,4,10,150,47,0.049033875503285806
543,4,10,150,47,0.04953295293703468
544,4,10,150,47,0.0
545,4,10,150,47,0.02244213465825961
546,4,10,150,47,0.05758752804519195
547,4,10,150,47,0.0
548,4,10,150,47,0.1103190733436671
549,4,10,150,47,0.0
550,4,10,150,47,0.04785685030080952
551,4,10,150,47,0.08397546305917901
552,4,10,150,47,0.1205344274731702
553,4,10,150,47,0.04743759234968417
554,4,10,150,47,0.12627825946936164
555,4,10,150,47,0.0
556,4,10,150,47,0.07660623398069263
557,4,10,150,47,0.0
558,4,10,150,47,0.08878770367712427
559,4,10,150,47,0.04366879852493834
560,4,10,150,47,0.09375790921485552
561,4,10,150,47,0.0414345131997027
562,4,10,150,47,0.02783211215220634
563,4,10,150,47,0.0
564,4,10,150,47,0.08498983725535779
565,4,10,150,47,0.0
566,4,10,150,47,0.03579489106983033
567,4,10,150,47,0.1471381878632886
568,4,10,150,47,0.036155150901276155
569,4,10,150,47,0.18299769260789403
570,4,10,150,47,0.0
571,4,10,150,47,0.0
572,4,10,150,47,0.16812753627111746
573,4,10,150,47,0.06437746926759551
574,4,10,150,47,0.051811563545175146
575,4,10,150,47,0.0
576,4,10,150,47,0.0
577,4,10,150,47,0.1914871671483212
578,4,10,150,47,0.0
579,4,10,150,47,0.0
580,4,10,150,47,0.12128674553236206
581,4,10,150,47,0.05276490902632437
582,4,10,150,47,0.03190895161277091
583,4,10,150,47,0.0
584,4,10,150,47,0.06323567569191428
585,4,10,150,47,0.04173963774222741
586,4,10,150,47,0.05786021189691368
587,4,10,150,47,0.0
588,4,10,150,47,0.12100428021731384
589,4,10,150,47,0.0
590,4,10,150,47,0.053845569940583225
591,4,10,150,47,0.0
592,4,10,150,47,0.3626852162980108
593,4,10,150,47,0.04209127943503662
594,4,10,150,47,0.0
595,4,10,150,47,0.03995808168017168
596,4,10,150,47,0.0
597,4,10,150,47,0.27101620591530523
598,4,10,150,47,0.0684591776394769
599,4,10,150,47,0.0
600,4,10,150,47,0.09197011795311534
601,4,10,150,47,0.0
602,4,10,150,47,0.0
603,4,10,150,47,0.0
604,4,10,150,47,0.0
605,4,10,150,47,0.23939908411991156
606,4,10,150,47,0.17108622027810794
607,4,10,150,47,0.0
608,4,10,150,47,0.03962974857737922
609,4,10,150,47,0.0
610,4,10,150,47,0.19303241878686786
611,4,10,150,47,0.07624568872860434
612,4,10,150,47,0.0
613,4,10,150,47,0.04578230021840749
614,4,10,150,47,0.0
615,4,10,150,47,0.027541830374730368
616,4,10,150,47,0.03618657486793958
617,4,10,150,47,0.0
618,4,10,150,47,0.1408519693739499
619,4,10,150,47,0.09517846330438508
620,4,10,150,47,0.14012037550990028
621,4,10,150,47,0.09678412991767817
622,4,10,150,47,0.19574489469869358
623,4,10,150,47,0.17494254380936963
624,4,10,150,47,0.05037254605440354
625,4,10,150,47,0.0
626,4,10,150,47,0.06228974831361337
627,4,10,150,47,0.07045262260207295
628,4,10,150,47,0.0
629,4,10,150,47,0.10922434570876023
630,4,10,150,47,0.15874779570678058
631,4,10,150,47,0.0
632,4,10,150,47,0.12112269717167994
633,4,10,150,47,0.07414861528507455
634,4,10,150,47,0.022104381789790163
635,4,10,150,47,0.04546401530948942
636,4,10,150,47,0.06364028872631156
637,4,10,150,47,0.01928973283308616
638,4,10,150,47,0.09712868482236708
639,4,10,150,47,0.016417578556357865
640,4,10,150,47,0.030877778553209584
641,4,10,150,47,0.07675099783970546
642,4,10,150,47,0.13951627613216291
643,4,10,150,47,0.13086184868993528
644,4,10,150,47,0.04935421935348238
645,4,10,150,47,0.16158259063789654
646,4,10,150,47,0.0
647,4,10,150,47,0.030218457878623886
648,4,10,150,47,0.14723219087903097
649,4,10,150,47,0.15489949502599
650,4,10,150,47,0.05668008992836135
651,4,10,150,47,0.0
652,4,10,150,47,0.08156220960446063
653,4,10,150,47,0.13321021618758216
654,4,10,150,47,0.21255442687635834
655,4,10,150,47,0.06258777029718258
656,4,10,150,47,0.07397229644086958
657,4,10,150,47,0.0
658,4,10,150,47,0.2625403796417579
659,4,10,150,47,0.09653809696973505
660,4,10,150,47,0.014996499769291415
661,4,10,150,47,0.06962713451216634
662,4,10,150,47,0.0512644431393966
663,4,10,150,47,0.25739739625909946
664,4,10,150,47,0.2974322635390164
665,4,10,150,47,0.0
666,4,10,150,47,0.2341093997771529
667,4,10,150,47,0.1919898989841522
668,4,10,150,47,0.06194403202282284
669,4,10,150,47,0.09857402842117612
670,4,10,150,47,0.06613087842005526
671,4,10,150,47,0.12700520479034313
672,4,10,150,47,0.0
673,4,10,150,47,0.11200122330869035
674,4,10,150,47,0.06123763026386081
675,4,10,150,47,0.0
676,4,10,150,47,0.14154396104051753
677,4,10,150,47,0.03314040476303028
678,4,10,150,47,0.0
679,4,10,150,47,0.15527711509166947
680,4,10,150,47,0.11377863936243801
681,4,10,150,47,0.0
682,4,10,150,47,0.14680246389830534
683,4,10,150,47,0.0
684,4,10,150,47,0.06573003977381581
685,4,10,150,47,0.1906465758273748
686,4,10,150,47,0.07277260183012466
687,4,10,150,47,0.0
688,4,10,150,47,0.0
689,4,10,150,47,0.15001451003751623
690,4,10,150,47,0.07914701567910001
691,4,10,150,47,0.05446824630887794
692,4,10,150,47,0.12090042896411356
693,4,10,150,47,0.0
694,4,10,150,47,0.12068848544543008
695,4,10,150,47,0.0
696,4,10,150,47,0.039725595076707886
697,4,10,150,47,0.04239477130634912
698,4,10,150,47,0.041937660325009396
699,4,10,150,47,0.05102069414882301
700,4,10,150,47,0.12729890218214104
701,4,10,150,47,0.0
702,4,10,150,47,0.037715680681715956
703,4,10,150,47,0.11918688501400482
704,4,10,150,47,0.1557865054057909
705,4,10,150,47,0.13727675104556403
706,4,10,150,47,0.04395738023645723
707,4,10,150,47,0.03687145010492567
708,4,10,150,47,0.07186325791519563
709,4,10,150,47,0.13472082394875662
710,4,10,150,47,0.10695361352497157
711,4,10,150,47,0.1764415447156214
712,4,10,150,47,0.12309583630372126
713,4,10,150,47,0.1468735732232516
714,4,10,150,47,0.03441184191455828
715,4,10,150,47,0.0
716,4,10,150,47,0.2889006927362871
717,4,10,150,47,0.05729434769501736
718,4,10,150,47,0.035328385129692476
719,4,10,150,47,0.09883437846193516
720,4,10,150,47,0.0
721,4,10,150,47,0.15965245054955676
722,4,10,150,47,0.06556429791586475
723,4,10,150,47,0.0
724,4,10,150,47,0.0
725,4,10,150,47,0.0
726,4,10,150,47,0.05010834716923557
727,4,10,150,47,0.17350312465397696
728,4,10,150,47,0.09627818061559096
729,4,10,150,47,0.0
730,4,10,150,47,0.02601736765943984
731,4,10,150,47,0.09388827751441965
732,4,10,150,47,0.0
733,4,10,150,47,0.1300076176478829
734,4,10,150,47,0.0
735,4,10,150,47,0.0
736,4,10,150,47,0.0
737,4,10,150,47,0.1138970555583582
738,4,10,150,47,0.15499835638220574
739,4,10,150,47,0.03855307727568851
740,4,10,150,47,0.0
741,4,10,150,47,0.05358697798864893
742,4,10,150,47,0.0488929053971083
743,4,10,150,47,0.0
744,4,10,150,47,0.03596673601130318
745,4,10,150,47,0.03520132288421838
746,4,10,150,47,0.23491487959421534
747,4,10,150,47,0.46176595953973726
748,4,10,150,47,0.09621648119325965
749,4,10,150,47,0.1554767324725084
750,4,10,150,47,0.041278922835426404
751,4,10,150,47,0.07608988895322662
752,4,10,150,47,0.023242424817620892
753,4,10,150,47,0.15780803084928155
754,4,10,150,47,0.0
755,4,10,150,47,0.03855371268423985
756,4,10,150,47,0.031104745345423533
757,4,10,150,47,0.0
758,4,10,150,47,0.275610110844523
759,4,10,150,47,0.049710505523782283
760,4,10,150,47,0.0
761,4,10,150,47,0.04712005628768104
762,4,10,150,47,0.051960280791503534
763,4,10,150,47,0.04542386553984721
764,4,10,150,47,0.09075551744037524
765,4,10,150,47,0.15066101840234988
766,4,10,150,47,0.028805010136509015
767,4,10,150,47,0.10635849541123835
768,4,10,150,47,0.060133059387366614
769,4,10,150,47,0.0
770,4,10,150,47,0.1912123147921425
771,4,10,150,47,0.2651268025111742
772,4,10,150,47,0.0
773,4,10,150,47,0.09479188357243819
774,4,10,150,47,0.0628542570143195
775,4,10,150,47,0.0
776,4,10,150,47,0.138487812915294
777,4,10,150,47,0.0
778,4,10,150,47,0.1631238413472767
779,4,10,150,47,0.0
780,4,10,150,47,0.030023253564245667
781,4,10,150,47,0.17659637455717878
782,4,10,150,47,0.05313624344569578
783,4,10,150,47,0.0
784,4,10,150,47,0.0
785,4,10,150,47,0.0
786,4,10,150,47,0.0
787,4,10,150,47,0.0
788,4,10,150,47,0.2823782377451619
789,4,10,150,47,0.08809718769055445
790,4,10,150,47,0.0
791,4,10,150,47,0.04465281017341861
792,4,10,150,47,0.06658592494149675
793,4,10,150,47,0.0
794,4,10,150,47,0.04108065887337468
795,4,10,150,47,0.014558392915476373
796,4,10,150,47,0.419949342538008
797,4,10,150,47,0.07799758411617824
798,4,10,150,47,0.05102069414882301
799,4,10,150,47,0.0
800,4,10,150,47,0.03244993904038569
801,4,10,150,47,0.1561471668577559
802,4,10,150,47,0.06960082070980815
803,4,10,150,47,0.10569353498973794
804,4,10,150,47,0.16562730788736496
805,4,10,150,47,0.13180553613169732
806,4,10,150,47,0.2943796393183776
807,4,10,150,47,0.11865445117173427
808,4,10,150,47,0.03535057968151573
809,4,10,150,47,0.0
810,4,10,150,47,0.0
811,4,10,150,47,0.0
812,4,10,150,47,0.0
813,4,10,150,47,0.0
814,4,10,150,47,0.0
815,4,10,150,47,0.22221394230998145
816,4,10,150,47,0.0
817,4,10,150,47,0.0
818,4,10,150,47,0.05516788910004661
819,4,10,150,47,0.037210602758860095
820,4,10,150,47,0.0
821,4,10,150,47,0.302950268110492
822,4,10,150,47,0.0
823,4,10,150,47,0.22691603352646586
824,4,10,150,47,0.05046096657376444
825,4,10,150,47,0.06137350795262099
826,4,10,150,47,0.1428627955766155
827,4,10,150,47,0.0
828,4,10,150,47,0.05745618865524075
829,4,10,150,47,0.15110239493068348
830,4,10,150,47,0.1577734165976749
831,4,10,150,47,0.19369981287762317
832,4,10,150,47,0.0
833,4,10,150,47,0.1971224378302187
834,4,10,150,47,0.2706897351446418
835,4,10,150,47,0.10759375616724656
836,4,10,150,47,0.13166415252801508
837,4,10,150,47,0.0
838,4,10,150,47,0.24560504806301242
839,4,10,150,47,0.0640765686166134
840,4,10,150,47,0.35928005228092513
841,4,10,150,47,0.0
842,4,10,150,47,0.0
843,4,10,150,47,0.0
844,4,10,150,47,0.05872188515498603
845,4,10,150,47,0.0
846,4,10,150,47,0.3571057147890679
847,4,10,150,47,0.052465642736627426
848,4,10,150,47,0.01464017017098397
849,4,10,150,47,0.0419387969316025
850,4,10,150,47,0.20938747063345256
851,4,10,150,47,0.05794866193181595
852,4,10,150,47,0.26227118260874954
853,4,10,150,47,0.0
854,4,10,150,47,0.0
855,4,10,150,47,0.0
856,4,10,150,47,0.0
857,4,10,150,47,0.0
858,4,10,150,47,0.10250982096838526
859,4,10,150,47,0.0
860,4,10,150,47,0.037744788077152
861,4,10,150,47,0.03709674194804795
862,4,10,150,47,0.10254024284990988
863,4,10,150,47,0.029381897491791233
864,4,10,150,47,0.4453111112295278
865,4,10,150,47,0.07803010102565
866,4,10,150,47,0.16283687678415507
867,4,10,150,47,0.1579192849910101
868,4,10,150,47,0.28092967196881996
869,4,10,150,47,0.03406297225598251
870,4,10,150,47,0.31689408723326246
871,4,10,150,47,0.0800127233233971
872,4,10,150,47,0.02804794621397926
873,4,10,150,47,0.0
874,4,10,150,47,0.13944914190808633
875,4,10,150,47,0.11729943308729383
876,4,10,150,47,0.08671382849411972
877,4,10,150,47,0.06755636555520678
878,4,10,150,47,0.19001070468762282
879,4,10,150,47,0.03963466998423315
880,4,10,150,47,0.4396764681137234
881,4,10,150,47,0.1133227095410795
882,4,10,150,47,0.20114866038158188
883,4,10,150,47,0.37640564610812405
884,4,10,150,47,0.09113547509404434
885,4,10,150,47,0.04536087033637415
886,4,10,150,47,0.19858847267166105
887,4,10,150,47,0.09846901170078147
888,4,10,150,47,0.11625487663628292
889,4,10,150,47,0.0
890,4,10,150,47,0.11041259652456412
891,4,10,150,47,0.05744798702310109
892,4,10,150,47,0.298965181715026
893,4,10,150,47,0.10869735563398858
894,4,10,150,47,0.13299368980728488
895,4,10,150,47,0.0
896,4,10,150,47,0.36510642103404756
897,4,10,150,47,0.2860656315625609
898,4,10,150,47,0.0
899,4,10,150,47,0.06873050257560179
900,4,10,150,47,0.055315677011973347
901,4,10,150,47,0.18653631538084198
902,4,10,150,47,0.05978585424799658
903,4,10,150,47,0.22697922545586813
904,4,10,150,47,0.0
905,4,10,150,47,0.0
906,4,10,150,47,0.10407444169186962
907,4,10,150,47,0.031742806389256244
908,4,10,150,47,0.06892767477436933
909,4,10,150,47,0.0
910,4,10,150,47,0.0
911,4,10,150,47,0.10114410846108873
912,4,10,150,47,0.15575097056245804
913,4,10,150,47,0.0793707813421973
914,4,10,150,47,0.0
915,4,10,150,47,0.0
916,4,10,150,47,0.3105217058436497
917,4,10,150,47,0.0
918,4,10,150,47,0.043627084055128
919,4,10,150,47,0.12444352024814018
920,4,10,150,47,0.0
921,4,10,150,47,0.13899834234179742
922,4,10,150,47,0.1299089781885647
923,4,10,150,47,0.02142307850464013
924,4,10,150,47,0.018280262702529162
925,4,10,150,47,0.0
926,4,10,150,47,0.0
927,4,10,150,47,0.04499596683729014
928,4,10,150,47,0.1482972305701491
929,4,10,150,47,0.25163227912988373
930,4,10,150,47,0.0
931,4,10,150,47,0.08679587898287541
932,4,10,150,47,0.2265979463045198
933,4,10,150,47,0.042255150552740255
934,4,10,150,47,0.11766589827367646
935,4,10,150,47,0.04173963774222741
936,4,10,150,47,0.1321191921354211
937,4,10,150,47,0.0
938,4,10,150,47,0.1482741018676109
939,4,10,150,47,0.0
940,4,10,150,47,0.050684733114198
941,4,10,150,47,0.0
942,4,10,150,47,0.06867427323128149
943,4,10,150,47,0.20163692230838232
1,4,10,150,48,0.4058715898896693
2,4,10,150,48,0.06250343848035038
3,4,10,150,48,0.0
4,4,10,150,48,0.0
5,4,10,150,48,0.040209635547393256
6,4,10,150,48,0.27020011346731576
7,4,10,150,48,0.2749955383785748
8,4,10,150,48,0.0
9,4,10,150,48,0.21840743681816419
10,4,10,150,48,0.13118672884982416
11,4,10,150,48,0.1722584975122812
12,4,10,150,48,0.0
13,4,10,150,48,0.25279364633732443
14,4,10,150,48,0.0
15,4,10,150,48,0.05010834716923557
16,4,10,150,48,0.053168340515114924
17,4,10,150,48,0.0
18,4,10,150,48,0.24724966735366713
19,4,10,150,48,0.0
20,4,10,150,48,0.0
21,4,10,150,48,0.0
22,4,10,150,48,0.11702382382650763
23,4,10,150,48,0.23682446174402746
24,4,10,150,48,0.0
25,4,10,150,48,0.12358102547512423
26,4,10,150,48,0.0
27,4,10,150,48,0.0
28,4,10,150,48,0.0
29,4,10,150,48,0.13455232720853103
30,4,10,150,48,0.0
31,4,10,150,48,0.0
32,4,10,150,48,0.0
33,4,10,150,48,0.0
35,4,10,150,48,0.10523285614729473
36,4,10,150,48,0.0
37,4,10,150,48,0.0
38,4,10,150,48,0.04739418218477539
39,4,10,150,48,0.0
40,4,10,150,48,0.0
41,4,10,150,48,0.0
42,4,10,150,48,0.0683037314796457
43,4,10,150,48,0.22592974817952552
44,4,10,150,48,0.2044921015662719
45,4,10,150,48,0.05200670101006268
46,4,10,150,48,0.11284514134893527
47,4,10,150,48,0.06250343848035038
48,4,10,150,48,0.0
49,4,10,150,48,0.0
50,4,10,150,48,0.0
51,4,10,150,48,0.16812753627111746
52,4,10,150,48,0.0
54,4,10,150,48,0.0
56,4,10,150,48,0.20383503459815738
57,4,10,150,48,0.23047740788088653
58,4,10,150,48,0.3717269535737058
59,4,10,150,48,0.2378606442039324
60,4,10,150,48,0.1505674224523334
61,4,10,150,48,0.0
62,4,10,150,48,0.08314631791322982
63,4,10,150,48,0.0
64,4,10,150,48,0.04238468688770069
65,4,10,150,48,0.13012668333070054
66,4,10,150,48,0.0
67,4,10,150,48,0.0
68,4,10,150,48,0.4827392464262081
69,4,10,150,48,0.07673373981757839
70,4,10,150,48,0.0
71,4,10,150,48,0.0
72,4,10,150,48,0.0
73,4,10,150,48,0.0
74,4,10,150,48,0.0
75,4,10,150,48,0.049432410190049694
76,4,10,150,48,0.1301464707340554
77,4,10,150,48,0.10201115106436301
78,4,10,150,48,0.0
79,4,10,150,48,0.27487633291429087
80,4,10,150,48,0.0
81,4,10,150,48,0.0
82,4,10,150,48,0.19298623480417013
83,4,10,150,48,0.12089611529519323
84,4,10,150,48,0.05034889199379723
85,4,10,150,48,0.0
87,4,10,150,48,0.07100089300395272
89,4,10,150,48,0.2553387838830436
90,4,10,150,48,0.021827649599846295
91,4,10,150,48,0.05648147012627732
92,4,10,150,48,0.10542637391232386
93,4,10,150,48,0.0
94,4,10,150,48,0.08791240958776
95,4,10,150,48,0.17287436926807473
96,4,10,150,48,0.0
97,4,10,150,48,0.06462745615384195
98,4,10,150,48,0.0930297504356062
99,4,10,150,48,0.05658242244874664
100,4,10,150,48,0.0
101,4,10,150,48,0.0
102,4,10,150,48,0.0
103,4,10,150,48,0.0
104,4,10,150,48,0.0
105,4,10,150,48,0.0
106,4,10,150,48,0.0
107,4,10,150,48,0.0
108,4,10,150,48,0.0
109,4,10,150,48,0.07103066762111539
110,4,10,150,48,0.0
111,4,10,150,48,0.0
112,4,10,150,48,0.05685954565780693
113,4,10,150,48,0.053168340515114924
114,4,10,150,48,0.0
115,4,10,150,48,0.10684080426179023
116,4,10,150,48,0.0
117,4,10,150,48,0.20857178832305684
118,4,10,150,48,0.0
119,4,10,150,48,0.18374222286855332
120,4,10,150,48,0.0
121,4,10,150,48,0.271985059917519
122,4,10,150,48,0.1530100230930498
123,4,10,150,48,0.07386004580671933
125,4,10,150,48,0.12702645795516354
126,4,10,150,48,0.06911917000496234
127,4,10,150,48,0.10253313861822189
128,4,10,150,48,0.03233829114831982
129,4,10,150,48,0.0
130,4,10,150,48,0.16099269493775217
131,4,10,150,48,0.0
133,4,10,150,48,0.11047239495909743
134,4,10,150,48,0.0
135,4,10,150,48,0.0
137,4,10,150,48,0.06989841918216891
138,4,10,150,48,0.0
139,4,10,150,48,0.0
141,4,10,150,48,0.0
142,4,10,150,48,0.13373003436102654
143,4,10,150,48,0.06140244428718695
144,4,10,150,48,0.1227945149537572
145,4,10,150,48,0.08829985348038716
146,4,10,150,48,0.0
148,4,10,150,48,0.054181637470214
149,4,10,150,48,0.0
150,4,10,150,48,0.10235170428306553
151,4,10,150,48,0.06298430394440727
152,4,10,150,48,0.0
153,4,10,150,48,0.0
154,4,10,150,48,0.06372882143962796
155,4,10,150,48,0.0
156,4,10,150,48,0.0
158,4,10,150,48,0.17575552384613552
159,4,10,150,48,0.0
160,4,10,150,48,0.0
161,4,10,150,48,0.0
162,4,10,150,48,0.0
163,4,10,150,48,0.0
164,4,10,150,48,0.0
165,4,10,150,48,0.12114889742360979
166,4,10,150,48,0.0
167,4,10,150,48,0.0
168,4,10,150,48,0.23504554941448536
169,4,10,150,48,0.06416923277158361
170,4,10,150,48,0.0
171,4,10,150,48,0.0
172,4,10,150,48,0.0
173,4,10,150,48,0.0
174,4,10,150,48,0.060961917527339995
175,4,10,150,48,0.0
176,4,10,150,48,0.0
177,4,10,150,48,0.06912040963822193
178,4,10,150,48,0.2437589399037192
179,4,10,150,48,0.06723507268634088
180,4,10,150,48,0.12262943855309168
181,4,10,150,48,0.01719677167528726
182,4,10,150,48,0.0
183,4,10,150,48,0.0
184,4,10,150,48,0.09303069037986347
185,4,10,150,48,0.07745351606183934
186,4,10,150,48,0.22147164648185297
187,4,10,150,48,0.08625091781054979
188,4,10,150,48,0.054384419234677496
189,4,10,150,48,0.2089531400761587
190,4,10,150,48,0.10699313236726378
191,4,10,150,48,0.0
192,4,10,150,48,0.0
193,4,10,150,48,0.0
194,4,10,150,48,0.0
195,4,10,150,48,0.0
196,4,10,150,48,0.0
197,4,10,150,48,0.05576624569167862
198,4,10,150,48,0.0
199,4,10,150,48,0.0
200,4,10,150,48,0.0891099526415642
201,4,10,150,48,0.03487978243545732
203,4,10,150,48,0.0
204,4,10,150,48,0.0
205,4,10,150,48,0.0
206,4,10,150,48,0.0
207,4,10,150,48,0.050513241088636716
209,4,10,150,48,0.0
210,4,10,150,48,0.06648469969095826
211,4,10,150,48,0.0
212,4,10,150,48,0.12681701683239352
213,4,10,150,48,0.2384146878320104
214,4,10,150,48,0.056720838976548935
215,4,10,150,48,0.0
216,4,10,150,48,0.03497205398870122
217,4,10,150,48,0.0
218,4,10,150,48,0.19092086617893467
219,4,10,150,48,0.0
221,4,10,150,48,0.3375735570145491
222,4,10,150,48,0.11429213013330779
223,4,10,150,48,0.03870447337439288
224,4,10,150,48,0.0
225,4,10,150,48,0.0
226,4,10,150,48,0.0
227,4,10,150,48,0.0
228,4,10,150,48,0.0
229,4,10,150,48,0.0
230,4,10,150,48,0.23712439662683835
231,4,10,150,48,0.0
232,4,10,150,48,0.3234992853586256
233,4,10,150,48,0.0968152409481219
234,4,10,150,48,0.0484856228772032
235,4,10,150,48,0.06065881345112158
236,4,10,150,48,0.0
237,4,10,150,48,0.0
238,4,10,150,48,0.0
239,4,10,150,48,0.060772229737720354
240,4,10,150,48,0.05497526658285817
242,4,10,150,48,0.0
243,4,10,150,48,0.09267768927614353
244,4,10,150,48,0.15765545519871427
245,4,10,150,48,0.0
246,4,10,150,48,0.08041927109478651
247,4,10,150,48,0.0
248,4,10,150,48,0.14830051302014485
249,4,10,150,48,0.22399338952175052
250,4,10,150,48,0.3503302816689379
251,4,10,150,48,0.0
252,4,10,150,48,0.0
253,4,10,150,48,0.05954496680255472
254,4,10,150,48,0.0
255,4,10,150,48,0.0
256,4,10,150,48,0.16583176898817792
257,4,10,150,48,0.3305900772260718
258,4,10,150,48,0.0
259,4,10,150,48,0.0
260,4,10,150,48,0.0
261,4,10,150,48,0.0
262,4,10,150,48,0.0
263,4,10,150,48,0.0975109251896312
264,4,10,150,48,0.0
265,4,10,150,48,0.10209739512291163
267,4,10,150,48,0.09794101962538232
268,4,10,150,48,0.040466532906672535
269,4,10,150,48,0.13223875150584097
270,4,10,150,48,0.0
271,4,10,150,48,0.12276482551434069
272,4,10,150,48,0.14498698048571354
273,4,10,150,48,0.0
274,4,10,150,48,0.0
275,4,10,150,48,0.04605780568615433
276,4,10,150,48,0.18784639929386426
277,4,10,150,48,0.0
279,4,10,150,48,0.06493409231178052
280,4,10,150,48,0.03337620304869898
281,4,10,150,48,0.0
283,4,10,150,48,0.07132875491150918
284,4,10,150,48,0.0
285,4,10,150,48,0.1185995982858366
286,4,10,150,48,0.2610657027199842
287,4,10,150,48,0.06364028872631156
288,4,10,150,48,0.12538054736008386
289,4,10,150,48,0.13905617951077562
290,4,10,150,48,0.0
291,4,10,150,48,0.2183602490428485
292,4,10,150,48,0.08933583385868532
293,4,10,150,48,0.10795785893996995
294,4,10,150,48,0.04123398036294628
295,4,10,150,48,0.2670961153715764
296,4,10,150,48,0.47774763069170006
297,4,10,150,48,0.08043477786221322
298,4,10,150,48,0.19947114504638494
299,4,10,150,48,0.0
300,4,10,150,48,0.0
301,4,10,150,48,0.047934103497110726
303,4,10,150,48,0.09036215935790606
304,4,10,150,48,0.0
305,4,10,150,48,0.31514747987601716
306,4,10,150,48,0.0
307,4,10,150,48,0.1383141340724969
308,4,10,150,48,0.17281095469409677
309,4,10,150,48,0.0
310,4,10,150,48,0.0
311,4,10,150,48,0.06712613803507668
312,4,10,150,48,0.07579200366109638
313,4,10,150,48,0.14465709645474623
314,4,10,150,48,0.18379915372429234
315,4,10,150,48,0.0
316,4,10,150,48,0.04568304891751105
317,4,10,150,48,0.0
318,4,10,150,48,0.10118786565551004
319,4,10,150,48,0.0
320,4,10,150,48,0.0
321,4,10,150,48,0.062242588308449316
322,4,10,150,48,0.17342765698823945
323,4,10,150,48,0.14126697285982898
324,4,10,150,48,0.0
325,4,10,150,48,0.0
326,4,10,150,48,0.0634222181618871
327,4,10,150,48,0.0
328,4,10,150,48,0.1437524526514495
329,4,10,150,48,0.0
330,4,10,150,48,0.0536466452928127
331,4,10,150,48,0.16958010263680806
332,4,10,150,48,0.024647523009140075
333,4,10,150,48,0.0
334,4,10,150,48,0.07058424671826317
336,4,10,150,48,0.0
337,4,10,150,48,0.16716045496620227
338,4,10,150,48,0.05005165434923901
339,4,10,150,48,0.06608282041002614
340,4,10,150,48,0.0
341,4,10,150,48,0.0
342,4,10,150,48,0.2625072992734236
343,4,10,150,48,0.28732332399638805
344,4,10,150,48,0.23832550406045652
345,4,10,150,48,0.056149696530797676
346,4,10,150,48,0.13947804593499064
347,4,10,150,48,0.08705643551438974
348,4,10,150,48,0.071942683897578
349,4,10,150,48,0.07673373981757839
350,4,10,150,48,0.0749368547125808
351,4,10,150,48,0.0
352,4,10,150,48,0.0
353,4,10,150,48,0.0
354,4,10,150,48,0.051249224710132255
355,4,10,150,48,0.0
356,4,10,150,48,0.08406376813555873
357,4,10,150,48,0.0
358,4,10,150,48,0.20438239758848611
359,4,10,150,48,0.0
360,4,10,150,48,0.06752012359727312
361,4,10,150,48,0.09622728274290568
362,4,10,150,48,0.0
363,4,10,150,48,0.1803013146105011
364,4,10,150,48,0.0
365,4,10,150,48,0.0
366,4,10,150,48,0.0
367,4,10,150,48,0.0
368,4,10,150,48,0.0
369,4,10,150,48,0.0
370,4,10,150,48,0.13479984916817475
371,4,10,150,48,0.16676134190097475
372,4,10,150,48,0.0
373,4,10,150,48,0.035769798946978335
374,4,10,150,48,0.06834943074719504
375,4,10,150,48,0.0
376,4,10,150,48,0.0
377,4,10,150,48,0.0
378,4,10,150,48,0.16448029476168333
379,4,10,150,48,0.11339835829152477
380,4,10,150,48,0.0
381,4,10,150,48,0.05105625351125917
382,4,10,150,48,0.0
383,4,10,150,48,0.04838338183089434
384,4,10,150,48,0.0
385,4,10,150,48,0.0
386,4,10,150,48,0.0
387,4,10,150,48,0.11497906462099297
388,4,10,150,48,0.04511904280884329
389,4,10,150,48,0.12419123143547287
390,4,10,150,48,0.0
391,4,10,150,48,0.2137247802747043
392,4,10,150,48,0.0
393,4,10,150,48,0.0
394,4,10,150,48,0.11073655428626575
395,4,10,150,48,0.04931346192675315
396,4,10,150,48,0.0
397,4,10,150,48,0.22320497122386787
398,4,10,150,48,0.16581649615734612
399,4,10,150,48,0.016552362338872865
400,4,10,150,48,0.0
401,4,10,150,48,0.0
402,4,10,150,48,0.08963222225173058
403,4,10,150,48,0.0854499779566911
404,4,10,150,48,0.0
405,4,10,150,48,0.06449431945426384
406,4,10,150,48,0.20956416940551098
407,4,10,150,48,0.04270006763257965
408,4,10,150,48,0.0
409,4,10,150,48,0.10914342353313093
410,4,10,150,48,0.0
411,4,10,150,48,0.0
412,4,10,150,48,0.0
413,4,10,150,48,0.0
414,4,10,150,48,0.0
415,4,10,150,48,0.15103391472831218
416,4,10,150,48,0.1776718987922041
417,4,10,150,48,0.09850508837083022
418,4,10,150,48,0.0
419,4,10,150,48,0.1208113026994942
420,4,10,150,48,0.06052048269976269
421,4,10,150,48,0.15435807162450887
422,4,10,150,48,0.04320473659574256
423,4,10,150,48,0.053845569940583225
424,4,10,150,48,0.23504554941448536
425,4,10,150,48,0.1674157226455415
426,4,10,150,48,0.040759261617270684
427,4,10,150,48,0.0
428,4,10,150,48,0.0
429,4,10,150,48,0.17110575411634366
430,4,10,150,48,0.0
431,4,10,150,48,0.0
432,4,10,150,48,0.0
433,4,10,150,48,0.05780921899607981
434,4,10,150,48,0.20778267687568405
435,4,10,150,48,0.17283873608507713
436,4,10,150,48,0.0
437,4,10,150,48,0.09166074247719914
438,4,10,150,48,0.0
439,4,10,150,48,0.0
440,4,10,150,48,0.0
441,4,10,150,48,0.0
442,4,10,150,48,0.040949887133979804
443,4,10,150,48,0.06783204105472322
444,4,10,150,48,0.1312721899408984
445,4,10,150,48,0.0
446,4,10,150,48,0.0
447,4,10,150,48,0.16246725303708914
448,4,10,150,48,0.0
449,4,10,150,48,0.1511226181481109
450,4,10,150,48,0.29416559088836786
451,4,10,150,48,0.06148915918944534
452,4,10,150,48,0.10773098771530253
453,4,10,150,48,0.0
454,4,10,150,48,0.0
455,4,10,150,48,0.063401477059351
456,4,10,150,48,0.018650043077523788
457,4,10,150,48,0.282690216345629
458,4,10,150,48,0.06982799741808067
459,4,10,150,48,0.0
460,4,10,150,48,0.05184030722866645
461,4,10,150,48,0.0
462,4,10,150,48,0.0
463,4,10,150,48,0.11987424504051505
464,4,10,150,48,0.0
465,4,10,150,48,0.0
466,4,10,150,48,0.0
467,4,10,150,48,0.07807600999842033
468,4,10,150,48,0.11455543964849552
469,4,10,150,48,0.0
470,4,10,150,48,0.0
471,4,10,150,48,0.0
472,4,10,150,48,0.059378631551402404
473,4,10,150,48,0.06140244428718695
474,4,10,150,48,0.2153638460837305
475,4,10,150,48,0.0
476,4,10,150,48,0.0
477,4,10,150,48,0.0
478,4,10,150,48,0.2345109835167376
479,4,10,150,48,0.10172348796286074
480,4,10,150,48,0.0741070054529978
481,4,10,150,48,0.10388675010296258
482,4,10,150,48,0.0
483,4,10,150,48,0.05658242244874664
484,4,10,150,48,0.2723783861819967
485,4,10,150,48,0.0
486,4,10,150,48,0.0
487,4,10,150,48,0.08199193156683765
488,4,10,150,48,0.0
489,4,10,150,48,0.0
490,4,10,150,48,0.0
491,4,10,150,48,0.10497643268981144
492,4,10,150,48,0.0
493,4,10,150,48,0.1254889491373293
494,4,10,150,48,0.0
495,4,10,150,48,0.09864236150154798
496,4,10,150,48,0.02649996754880397
497,4,10,150,48,0.05057001832592956
498,4,10,150,48,0.0
499,4,10,150,48,0.02651211589009722
500,4,10,150,48,0.09541527213731128
501,4,10,150,48,0.0
502,4,10,150,48,0.0
503,4,10,150,48,0.05608659198762317
504,4,10,150,48,0.08148269775823089
505,4,10,150,48,0.07379217622092994
506,4,10,150,48,0.09189693985455885
507,4,10,150,48,0.05319635904163211
508,4,10,150,48,0.0
509,4,10,150,48,0.0
510,4,10,150,48,0.0
511,4,10,150,48,0.08495943917278885
512,4,10,150,48,0.05478392673173268
513,4,10,150,48,0.0
514,4,10,150,48,0.27252722616773445
515,4,10,150,48,0.11706259313796354
516,4,10,150,48,0.0
517,4,10,150,48,0.08878770367712427
518,4,10,150,48,0.0
519,4,10,150,48,0.0
520,4,10,150,48,0.0
521,4,10,150,48,0.09850628252086785
522,4,10,150,48,0.12524561954372188
523,4,10,150,48,0.032114893884379984
524,4,10,150,48,0.140604961048637
525,4,10,150,48,0.0
526,4,10,150,48,0.04972780777662495
527,4,10,150,48,0.1448182018041012
528,4,10,150,48,0.10209739512291163
529,4,10,150,48,0.0
530,4,10,150,48,0.0
531,4,10,150,48,0.1517763576041802
532,4,10,150,48,0.27149975007332167
533,4,10,150,48,0.11557545112991054
534,4,10,150,48,0.1046638363823608
535,4,10,150,48,0.12373646939599506
536,4,10,150,48,0.09414825230406802
537,4,10,150,48,0.376424366094517
538,4,10,150,48,0.14697776980950736
539,4,10,150,48,0.04478826142555715
540,4,10,150,48,0.0
541,4,10,150,48,0.04030702414138781
542,4,10,150,48,0.049033875503285806
543,4,10,150,48,0.04953295293703468
544,4,10,150,48,0.0
545,4,10,150,48,0.02244213465825961
546,4,10,150,48,0.05758752804519195
547,4,10,150,48,0.0
548,4,10,150,48,0.1103190733436671
549,4,10,150,48,0.0
550,4,10,150,48,0.04785685030080952
551,4,10,150,48,0.08278317791962538
552,4,10,150,48,0.1205344274731702
553,4,10,150,48,0.04743759234968417
554,4,10,150,48,0.12627825946936164
555,4,10,150,48,0.0
556,4,10,150,48,0.07660623398069263
557,4,10,150,48,0.0
558,4,10,150,48,0.08878770367712427
559,4,10,150,48,0.04366879852493834
560,4,10,150,48,0.09375790921485552
561,4,10,150,48,0.05504424327520779
562,4,10,150,48,0.02783211215220634
563,4,10,150,48,0.0
564,4,10,150,48,0.08498983725535779
565,4,10,150,48,0.0
566,4,10,150,48,0.03579489106983033
567,4,10,150,48,0.1471381878632886
568,4,10,150,48,0.036155150901276155
569,4,10,150,48,0.18299769260789403
570,4,10,150,48,0.0
571,4,10,150,48,0.0
572,4,10,150,48,0.16812753627111746
573,4,10,150,48,0.06437746926759551
574,4,10,150,48,0.051811563545175146
575,4,10,150,48,0.0
576,4,10,150,48,0.0
577,4,10,150,48,0.1914871671483212
578,4,10,150,48,0.0
579,4,10,150,48,0.0
580,4,10,150,48,0.12128674553236206
581,4,10,150,48,0.05276490902632437
582,4,10,150,48,0.03190895161277091
583,4,10,150,48,0.0
584,4,10,150,48,0.06323567569191428
585,4,10,150,48,0.04173963774222741
586,4,10,150,48,0.05786021189691368
587,4,10,150,48,0.0
588,4,10,150,48,0.12100428021731384
589,4,10,150,48,0.0
590,4,10,150,48,0.053845569940583225
591,4,10,150,48,0.0
592,4,10,150,48,0.35753580505364324
593,4,10,150,48,0.04209127943503662
594,4,10,150,48,0.0
595,4,10,150,48,0.03995808168017168
596,4,10,150,48,0.0
597,4,10,150,48,0.27101620591530523
598,4,10,150,48,0.0684591776394769
599,4,10,150,48,0.0
600,4,10,150,48,0.09197011795311534
601,4,10,150,48,0.0
602,4,10,150,48,0.0
603,4,10,150,48,0.0
604,4,10,150,48,0.0
605,4,10,150,48,0.23939908411991156
606,4,10,150,48,0.16865713503595528
607,4,10,150,48,0.0
608,4,10,150,48,0.056859922018167475
609,4,10,150,48,0.0
610,4,10,150,48,0.19303241878686786
611,4,10,150,48,0.07624568872860434
612,4,10,150,48,0.0
613,4,10,150,48,0.04578230021840749
614,4,10,150,48,0.0
615,4,10,150,48,0.027541830374730368
616,4,10,150,48,0.03618657486793958
617,4,10,150,48,0.0
618,4,10,150,48,0.13885215057160433
619,4,10,150,48,0.09517846330438508
620,4,10,150,48,0.14012037550990028
621,4,10,150,48,0.09678412991767817
622,4,10,150,48,0.19296570515223913
623,4,10,150,48,0.17494254380936963
624,4,10,150,48,0.05037254605440354
625,4,10,150,48,0.0
626,4,10,150,48,0.06228974831361337
627,4,10,150,48,0.06945233499530101
628,4,10,150,48,0.0
629,4,10,150,48,0.10922434570876023
630,4,10,150,48,0.15874779570678058
631,4,10,150,48,0.0
632,4,10,150,48,0.12112269717167994
633,4,10,150,48,0.07414861528507455
634,4,10,150,48,0.022104381789790163
635,4,10,150,48,0.04546401530948942
636,4,10,150,48,0.06364028872631156
637,4,10,150,48,0.01928973283308616
638,4,10,150,48,0.09712868482236708
639,4,10,150,48,0.016417578556357865
640,4,10,150,48,0.030877778553209584
641,4,10,150,48,0.07675099783970546
642,4,10,150,48,0.1375354215265621
643,4,10,150,48,0.12900386980129766
644,4,10,150,48,0.04935421935348238
645,4,10,150,48,0.16158259063789654
646,4,10,150,48,0.0
647,4,10,150,48,0.030218457878623886
648,4,10,150,48,0.1451417855766478
649,4,10,150,48,0.15489949502599
650,4,10,150,48,0.055875344988967277
651,4,10,150,48,0.0
652,4,10,150,48,0.08156220960446063
653,4,10,150,48,0.131318895134845
654,4,10,150,48,0.21255442687635834
655,4,10,150,48,0.07589716604678215
656,4,10,150,48,0.07397229644086958
657,4,10,150,48,0.0
658,4,10,150,48,0.2625403796417579
659,4,10,150,48,0.09516744732727117
660,4,10,150,48,0.014783579195008365
661,4,10,150,48,0.06962713451216634
662,4,10,150,48,0.0512644431393966
663,4,10,150,48,0.2537428633831897
664,4,10,150,48,0.29320931489517915
665,4,10,150,48,0.0
666,4,10,150,48,0.23078551029544306
667,4,10,150,48,0.1919898989841522
668,4,10,150,48,0.06194403202282284
669,4,10,150,48,0.09857402842117612
670,4,10,150,48,0.06613087842005526
671,4,10,150,48,0.12700520479034313
672,4,10,150,48,0.0
673,4,10,150,48,0.11200122330869035
674,4,10,150,48,0.08738090043348379
675,4,10,150,48,0.0
676,4,10,150,48,0.16684180252782607
677,4,10,150,48,0.03314040476303028
678,4,10,150,48,0.0
679,4,10,150,48,0.15527711509166947
680,4,10,150,48,0.11377863936243801
681,4,10,150,48,0.0
682,4,10,150,48,0.1447181598673474
683,4,10,150,48,0.0
684,4,10,150,48,0.06573003977381581
685,4,10,150,48,0.1906465758273748
686,4,10,150,48,0.07277260183012466
687,4,10,150,48,0.0
688,4,10,150,48,0.0
689,4,10,150,48,0.15001451003751623
690,4,10,150,48,0.07914701567910001
691,4,10,150,48,0.05446824630887794
692,4,10,150,48,0.12090042896411356
693,4,10,150,48,0.0
694,4,10,150,48,0.1350909905136846
695,4,10,150,48,0.0
696,4,10,150,48,0.039725595076707886
697,4,10,150,48,0.04239477130634912
698,4,10,150,48,0.041937660325009396
699,4,10,150,48,0.050296301412810544
700,4,10,150,48,0.12729890218214104
701,4,10,150,48,0.0
702,4,10,150,48,0.037715680681715956
703,4,10,150,48,0.11918688501400482
704,4,10,150,48,0.17661711560720053
705,4,10,150,48,0.13727675104556403
706,4,10,150,48,0.04395738023645723
707,4,10,150,48,0.03634794859112139
708,4,10,150,48,0.07186325791519563
709,4,10,150,48,0.13472082394875662
710,4,10,150,48,0.10695361352497157
711,4,10,150,48,0.17393642448048713
712,4,10,150,48,0.13554613744050656
713,4,10,150,48,0.1468735732232516
714,4,10,150,48,0.03441184191455828
715,4,10,150,48,0.0
716,4,10,150,48,0.2847988754886289
717,4,10,150,48,0.05729434769501736
718,4,10,150,48,0.035328385129692476
719,4,10,150,48,0.09883437846193516
720,4,10,150,48,0.0
721,4,10,150,48,0.15738570217629191
722,4,10,150,48,0.06556429791586475
723,4,10,150,48,0.0
724,4,10,150,48,0.0
725,4,10,150,48,0.0
726,4,10,150,48,0.05010834716923557
727,4,10,150,48,0.17103972415989127
728,4,10,150,48,0.09627818061559096
729,4,10,150,48,0.0
730,4,10,150,48,0.02601736765943984
731,4,10,150,48,0.09388827751441965
732,4,10,150,48,0.0
733,4,10,150,48,0.1300076176478829
734,4,10,150,48,0.0
735,4,10,150,48,0.0
736,4,10,150,48,0.0
737,4,10,150,48,0.1138970555583582
738,4,10,150,48,0.15279768692189558
739,4,10,150,48,0.03855307727568851
740,4,10,150,48,0.0
741,4,10,150,48,0.05358697798864893
742,4,10,150,48,0.0488929053971083
743,4,10,150,48,0.0
744,4,10,150,48,0.03596673601130318
745,4,10,150,48,0.03520132288421838
746,4,10,150,48,0.23491487959421534
747,4,10,150,48,0.4552097981152631
748,4,10,150,48,0.09621648119325965
749,4,10,150,48,0.1532692710198375
750,4,10,150,48,0.041278922835426404
751,4,10,150,48,0.07500956333709652
752,4,10,150,48,0.023242424817620892
753,4,10,150,48,0.15780803084928155
754,4,10,150,48,0.0
755,4,10,150,48,0.03855371268423985
756,4,10,150,48,0.031104745345423533
757,4,10,150,48,0.0
758,4,10,150,48,0.27169699351834553
759,4,10,150,48,0.08145040004058159
760,4,10,150,48,0.0
761,4,10,150,48,0.04712005628768104
762,4,10,150,48,0.051960280791503534
763,4,10,150,48,0.04542386553984721
764,4,10,150,48,0.08946696896639536
765,4,10,150,48,0.15066101840234988
766,4,10,150,48,0.02839603608290661
767,4,10,150,48,0.10635849541123835
768,4,10,150,48,0.060133059387366614
769,4,10,150,48,0.0
770,4,10,150,48,0.1912123147921425
771,4,10,150,48,0.2651268025111742
772,4,10,150,48,0.0
773,4,10,150,48,0.09344602669929336
774,4,10,150,48,0.061961851139248056
775,4,10,150,48,0.0
776,4,10,150,48,0.138487812915294
777,4,10,150,48,0.0
778,4,10,150,48,0.1631238413472767
779,4,10,150,48,0.0
780,4,10,150,48,0.030023253564245667
781,4,10,150,48,0.17659637455717878
782,4,10,150,48,0.052381814102598734
783,4,10,150,48,0.0
784,4,10,150,48,0.0
785,4,10,150,48,0.0
786,4,10,150,48,0.0
787,4,10,150,48,0.0
788,4,10,150,48,0.29256704447259557
789,4,10,150,48,0.08809718769055445
790,4,10,150,48,0.0
791,4,10,150,48,0.04465281017341861
792,4,10,150,48,0.06658592494149675
793,4,10,150,48,0.0
794,4,10,150,48,0.04108065887337468
795,4,10,150,48,0.014351692590207873
796,4,10,150,48,0.4139868941961569
797,4,10,150,48,0.07799758411617824
798,4,10,150,48,0.050296301412810544
799,4,10,150,48,0.0
800,4,10,150,48,0.03244993904038569
801,4,10,150,48,0.1561471668577559
802,4,10,150,48,0.06960082070980815
803,4,10,150,48,0.10569353498973794
804,4,10,150,48,0.1632757283818228
805,4,10,150,48,0.12993415875173606
806,4,10,150,48,0.29020003188829874
807,4,10,150,48,0.11696979313329925
808,4,10,150,48,0.03535057968151573
809,4,10,150,48,0.0
810,4,10,150,48,0.0
811,4,10,150,48,0.0
812,4,10,150,48,0.0
813,4,10,150,48,0.0
814,4,10,150,48,0.0
815,4,10,150,48,0.23325696278945515
816,4,10,150,48,0.0
817,4,10,150,48,0.0
818,4,10,150,48,0.05516788910004661
819,4,10,150,48,0.037210602758860095
820,4,10,150,48,0.0
821,4,10,150,48,0.302950268110492
822,4,10,150,48,0.0
823,4,10,150,48,0.22369427558856206
824,4,10,150,48,0.05046096657376444
825,4,10,150,48,0.060502125779442396
826,4,10,150,48,0.14083442702756624
827,4,10,150,48,0.0
828,4,10,150,48,0.05745618865524075
829,4,10,150,48,0.15110239493068348
830,4,10,150,48,0.1555333467823594
831,4,10,150,48,0.19369981287762317
832,4,10,150,48,0.0
833,4,10,150,48,0.2085217079429833
834,4,10,150,48,0.2706897351446418
835,4,10,150,48,0.12392697171827026
836,4,10,150,48,0.13166415252801508
837,4,10,150,48,0.0
838,4,10,150,48,0.24560504806301242
839,4,10,150,48,0.0640765686166134
840,4,10,150,48,0.35417898761670624
841,4,10,150,48,0.0
842,4,10,150,48,0.0
843,4,10,150,48,0.0
844,4,10,150,48,0.05872188515498603
845,4,10,150,48,0.0
846,4,10,150,48,0.3520355214077866
847,4,10,150,48,0.051720734594496345
848,4,10,150,48,0.028630326812219695
849,4,10,150,48,0.0419387969316025
850,4,10,150,48,0.20938747063345256
851,4,10,150,48,0.05712590578422994
852,4,10,150,48,0.26227118260874954
853,4,10,150,48,0.0
854,4,10,150,48,0.0
855,4,10,150,48,0.0
856,4,10,150,48,0.0
857,4,10,150,48,0.0
858,4,10,150,48,0.10250982096838526
859,4,10,150,48,0.0
860,4,10,150,48,0.037744788077152
861,4,10,150,48,0.03709674194804795
862,4,10,150,48,0.10108437463195186
863,4,10,150,48,0.04316275082256396
864,4,10,150,48,0.4531865940796847
865,4,10,150,48,0.07803010102565
866,4,10,150,48,0.16283687678415507
867,4,10,150,48,0.1579192849910101
868,4,10,150,48,0.2769410274178271
869,4,10,150,48,0.03406297225598251
870,4,10,150,48,0.31239481926549467
871,4,10,150,48,0.0788767012341057
872,4,10,150,48,0.02804794621397926
873,4,10,150,48,0.0
874,4,10,150,48,0.13944914190808633
875,4,10,150,48,0.11729943308729383
876,4,10,150,48,0.08671382849411972
877,4,10,150,48,0.06755636555520678
878,4,10,150,48,0.1873129292743987
879,4,10,150,48,0.03963466998423315
880,4,10,150,48,0.4334339336870423
881,4,10,150,48,0.12591176970796217
882,4,10,150,48,0.19829274807247
883,4,10,150,48,0.371061431953776
884,4,10,150,48,0.09113547509404434
885,4,10,150,48,0.04536087033637415
886,4,10,150,48,0.19576890995384413
887,4,10,150,48,0.09707094689612969
888,4,10,150,48,0.11625487663628292
889,4,10,150,48,0.0
890,4,10,150,48,0.10884495648710465
891,4,10,150,48,0.08124088837009244
892,4,10,150,48,0.2947204686712697
893,4,10,150,48,0.10869735563398858
894,4,10,150,48,0.1311054430000016
895,4,10,150,48,0.0
896,4,10,150,48,0.3599226334811557
897,4,10,150,48,0.28200406656459587
898,4,10,150,48,0.0
899,4,10,150,48,0.06775466566003524
900,4,10,150,48,0.055315677011973347
901,4,10,150,48,0.18388786940967855
902,4,10,150,48,0.05978585424799658
903,4,10,150,48,0.22375657031781063
904,4,10,150,48,0.0
905,4,10,150,48,0.0
906,4,10,150,48,0.10407444169186962
907,4,10,150,48,0.031742806389256244
908,4,10,150,48,0.06892767477436933
909,4,10,150,48,0.0
910,4,10,150,48,0.0
911,4,10,150,48,0.10114410846108873
912,4,10,150,48,0.15575097056245804
913,4,10,150,48,0.07824387355673654
914,4,10,150,48,0.0
915,4,10,150,48,0.0
916,4,10,150,48,0.30611291306181865
917,4,10,150,48,0.0
918,4,10,150,48,0.043627084055128
919,4,10,150,48,0.12267666890251512
920,4,10,150,48,0.0
921,4,10,150,48,0.15405864814296488
922,4,10,150,48,0.1280645281724967
923,4,10,150,48,0.02142307850464013
924,4,10,150,48,0.018280262702529162
925,4,10,150,48,0.0
926,4,10,150,48,0.0
927,4,10,150,48,0.04499596683729014
928,4,10,150,48,0.1482972305701491
929,4,10,150,48,0.25163227912988373
930,4,10,150,48,0.0
931,4,10,150,48,0.08679587898287541
932,4,10,150,48,0.22338070457473194
933,4,10,150,48,0.04165521116284812
934,4,10,150,48,0.115995275727123
935,4,10,150,48,0.04173963774222741
936,4,10,150,48,0.1321191921354211
937,4,10,150,48,0.0
938,4,10,150,48,0.1482741018676109
939,4,10,150,48,0.02916862694666808
940,4,10,150,48,0.050684733114198
941,4,10,150,48,0.0
942,4,10,150,48,0.06867427323128149
943,4,10,150,48,0.20163692230838232
1,4,10,150,49,0.4058715898896693
2,4,10,150,49,0.06250343848035038
3,4,10,150,49,0.0
4,4,10,150,49,0.0
5,4,10,150,49,0.040209635547393256
6,4,10,150,49,0.27020011346731576
7,4,10,150,49,0.2749955383785748
8,4,10,150,49,0.0
9,4,10,150,49,0.21840743681816419
10,4,10,150,49,0.13118672884982416
11,4,10,150,49,0.1722584975122812
12,4,10,150,49,0.0
13,4,10,150,49,0.26320071212396345
14,4,10,150,49,0.0
15,4,10,150,49,0.05010834716923557
16,4,10,150,49,0.053168340515114924
17,4,10,150,49,0.0
18,4,10,150,49,0.24724966735366713
19,4,10,150,49,0.0
20,4,10,150,49,0.0
21,4,10,150,49,0.0
22,4,10,150,49,0.11702382382650763
23,4,10,150,49,0.23682446174402746
24,4,10,150,49,0.0
25,4,10,150,49,0.12358102547512423
26,4,10,150,49,0.0
27,4,10,150,49,0.0
28,4,10,150,49,0.0
29,4,10,150,49,0.13455232720853103
30,4,10,150,49,0.0
31,4,10,150,49,0.0
32,4,10,150,49,0.0
33,4,10,150,49,0.0
35,4,10,150,49,0.10523285614729473
36,4,10,150,49,0.0
37,4,10,150,49,0.0
38,4,10,150,49,0.04739418218477539
39,4,10,150,49,0.0
40,4,10,150,49,0.0
41,4,10,150,49,0.0
42,4,10,150,49,0.0683037314796457
43,4,10,150,49,0.22592974817952552
44,4,10,150,49,0.2044921015662719
45,4,10,150,49,0.05200670101006268
46,4,10,150,49,0.11284514134893527
47,4,10,150,49,0.06250343848035038
48,4,10,150,49,0.0
49,4,10,150,49,0.0
50,4,10,150,49,0.0
51,4,10,150,49,0.16812753627111746
52,4,10,150,49,0.0
54,4,10,150,49,0.0
56,4,10,150,49,0.20383503459815738
57,4,10,150,49,0.23047740788088653
58,4,10,150,49,0.3717269535737058
59,4,10,150,49,0.2378606442039324
60,4,10,150,49,0.1505674224523334
61,4,10,150,49,0.0
62,4,10,150,49,0.08314631791322982
63,4,10,150,49,0.0
64,4,10,150,49,0.04238468688770069
65,4,10,150,49,0.13012668333070054
66,4,10,150,49,0.0
67,4,10,150,49,0.0
68,4,10,150,49,0.4827392464262081
69,4,10,150,49,0.07673373981757839
70,4,10,150,49,0.0
71,4,10,150,49,0.0
72,4,10,150,49,0.0
73,4,10,150,49,0.0
74,4,10,150,49,0.0
75,4,10,150,49,0.049432410190049694
76,4,10,150,49,0.1301464707340554
77,4,10,150,49,0.10201115106436301
78,4,10,150,49,0.0
79,4,10,150,49,0.27487633291429087
80,4,10,150,49,0.0
81,4,10,150,49,0.0
82,4,10,150,49,0.19298623480417013
83,4,10,150,49,0.12089611529519323
84,4,10,150,49,0.05034889199379723
85,4,10,150,49,0.0
87,4,10,150,49,0.07100089300395272
89,4,10,150,49,0.2553387838830436
90,4,10,150,49,0.021827649599846295
91,4,10,150,49,0.05648147012627732
92,4,10,150,49,0.10542637391232386
93,4,10,150,49,0.0
94,4,10,150,49,0.08791240958776
95,4,10,150,49,0.17287436926807473
96,4,10,150,49,0.0
97,4,10,150,49,0.06462745615384195
98,4,10,150,49,0.0930297504356062
99,4,10,150,49,0.05658242244874664
100,4,10,150,49,0.0
101,4,10,150,49,0.0
102,4,10,150,49,0.0
103,4,10,150,49,0.0
104,4,10,150,49,0.0
105,4,10,150,49,0.0
106,4,10,150,49,0.0
107,4,10,150,49,0.0
108,4,10,150,49,0.0
109,4,10,150,49,0.07103066762111539
110,4,10,150,49,0.0
111,4,10,150,49,0.0
112,4,10,150,49,0.05685954565780693
113,4,10,150,49,0.053168340515114924
114,4,10,150,49,0.0
115,4,10,150,49,0.10684080426179023
116,4,10,150,49,0.0
117,4,10,150,49,0.20857178832305684
118,4,10,150,49,0.0
119,4,10,150,49,0.18374222286855332
120,4,10,150,49,0.0
121,4,10,150,49,0.271985059917519
122,4,10,150,49,0.1530100230930498
123,4,10,150,49,0.07386004580671933
125,4,10,150,49,0.12702645795516354
126,4,10,150,49,0.06911917000496234
127,4,10,150,49,0.10253313861822189
128,4,10,150,49,0.05750548798281727
129,4,10,150,49,0.0
130,4,10,150,49,0.16099269493775217
131,4,10,150,49,0.0
133,4,10,150,49,0.11047239495909743
134,4,10,150,49,0.0
135,4,10,150,49,0.0
137,4,10,150,49,0.06989841918216891
138,4,10,150,49,0.0
139,4,10,150,49,0.0
141,4,10,150,49,0.0
142,4,10,150,49,0.13373003436102654
143,4,10,150,49,0.06140244428718695
144,4,10,150,49,0.1227945149537572
145,4,10,150,49,0.08829985348038716
146,4,10,150,49,0.0
148,4,10,150,49,0.054181637470214
149,4,10,150,49,0.0
150,4,10,150,49,0.10235170428306553
151,4,10,150,49,0.06298430394440727
152,4,10,150,49,0.0
153,4,10,150,49,0.0
154,4,10,150,49,0.06372882143962796
155,4,10,150,49,0.0
156,4,10,150,49,0.0
158,4,10,150,49,0.17575552384613552
159,4,10,150,49,0.0
160,4,10,150,49,0.0
161,4,10,150,49,0.0
162,4,10,150,49,0.0
163,4,10,150,49,0.0
164,4,10,150,49,0.0
165,4,10,150,49,0.12114889742360979
166,4,10,150,49,0.0
167,4,10,150,49,0.0
168,4,10,150,49,0.23504554941448536
169,4,10,150,49,0.06416923277158361
170,4,10,150,49,0.0
171,4,10,150,49,0.0
172,4,10,150,49,0.0
173,4,10,150,49,0.0
174,4,10,150,49,0.060961917527339995
175,4,10,150,49,0.0
176,4,10,150,49,0.0
177,4,10,150,49,0.06912040963822193
178,4,10,150,49,0.2437589399037192
179,4,10,150,49,0.06723507268634088
180,4,10,150,49,0.12262943855309168
181,4,10,150,49,0.01719677167528726
182,4,10,150,49,0.0
183,4,10,150,49,0.0
184,4,10,150,49,0.09303069037986347
185,4,10,150,49,0.07745351606183934
186,4,10,150,49,0.22147164648185297
187,4,10,150,49,0.08625091781054979
188,4,10,150,49,0.054384419234677496
189,4,10,150,49,0.2089531400761587
190,4,10,150,49,0.10699313236726378
191,4,10,150,49,0.0
192,4,10,150,49,0.0
193,4,10,150,49,0.0
194,4,10,150,49,0.0
195,4,10,150,49,0.0
196,4,10,150,49,0.0
197,4,10,150,49,0.05576624569167862
198,4,10,150,49,0.0
199,4,10,150,49,0.0
200,4,10,150,49,0.0891099526415642
201,4,10,150,49,0.03487978243545732
203,4,10,150,49,0.0
204,4,10,150,49,0.0
205,4,10,150,49,0.0
206,4,10,150,49,0.0
207,4,10,150,49,0.050513241088636716
209,4,10,150,49,0.0
210,4,10,150,49,0.09440608278107551
211,4,10,150,49,0.0
212,4,10,150,49,0.12681701683239352
213,4,10,150,49,0.2384146878320104
214,4,10,150,49,0.056720838976548935
215,4,10,150,49,0.0
216,4,10,150,49,0.03497205398870122
217,4,10,150,49,0.0
218,4,10,150,49,0.19092086617893467
219,4,10,150,49,0.0
221,4,10,150,49,0.3375735570145491
222,4,10,150,49,0.11270027306281852
223,4,10,150,49,0.03870447337439288
224,4,10,150,49,0.0
225,4,10,150,49,0.0
226,4,10,150,49,0.0
227,4,10,150,49,0.0
228,4,10,150,49,0.0
229,4,10,150,49,0.0
230,4,10,150,49,0.23712439662683835
231,4,10,150,49,0.0
232,4,10,150,49,0.3234992853586256
233,4,10,150,49,0.0968152409481219
234,4,10,150,49,0.0484856228772032
235,4,10,150,49,0.06065881345112158
236,4,10,150,49,0.0
237,4,10,150,49,0.0
238,4,10,150,49,0.0
239,4,10,150,49,0.060772229737720354
240,4,10,150,49,0.05497526658285817
242,4,10,150,49,0.0
243,4,10,150,49,0.09267768927614353
244,4,10,150,49,0.15765545519871427
245,4,10,150,49,0.0
246,4,10,150,49,0.08041927109478651
247,4,10,150,49,0.0
248,4,10,150,49,0.14830051302014485
249,4,10,150,49,0.22399338952175052
250,4,10,150,49,0.3503302816689379
251,4,10,150,49,0.0
252,4,10,150,49,0.0
253,4,10,150,49,0.05954496680255472
254,4,10,150,49,0.0
255,4,10,150,49,0.0
256,4,10,150,49,0.16583176898817792
257,4,10,150,49,0.3305900772260718
258,4,10,150,49,0.0
259,4,10,150,49,0.0
260,4,10,150,49,0.0
261,4,10,150,49,0.0
262,4,10,150,49,0.0
263,4,10,150,49,0.12774011823457565
264,4,10,150,49,0.0
265,4,10,150,49,0.10209739512291163
267,4,10,150,49,0.09794101962538232
268,4,10,150,49,0.040466532906672535
269,4,10,150,49,0.13223875150584097
270,4,10,150,49,0.0
271,4,10,150,49,0.12276482551434069
272,4,10,150,49,0.14498698048571354
273,4,10,150,49,0.0
274,4,10,150,49,0.0
275,4,10,150,49,0.04605780568615433
276,4,10,150,49,0.18784639929386426
277,4,10,150,49,0.0
279,4,10,150,49,0.06493409231178052
280,4,10,150,49,0.03337620304869898
281,4,10,150,49,0.0
283,4,10,150,49,0.07132875491150918
284,4,10,150,49,0.0
285,4,10,150,49,0.1185995982858366
286,4,10,150,49,0.2610657027199842
287,4,10,150,49,0.06364028872631156
288,4,10,150,49,0.12538054736008386
289,4,10,150,49,0.13905617951077562
290,4,10,150,49,0.0
291,4,10,150,49,0.2183602490428485
292,4,10,150,49,0.08933583385868532
293,4,10,150,49,0.10795785893996995
294,4,10,150,49,0.04123398036294628
295,4,10,150,49,0.2670961153715764
296,4,10,150,49,0.47774763069170006
297,4,10,150,49,0.08043477786221322
298,4,10,150,49,0.19947114504638494
299,4,10,150,49,0.0
300,4,10,150,49,0.0
301,4,10,150,49,0.047934103497110726
303,4,10,150,49,0.08910359814191697
304,4,10,150,49,0.0
305,4,10,150,49,0.31514747987601716
306,4,10,150,49,0.0
307,4,10,150,49,0.1383141340724969
308,4,10,150,49,0.17281095469409677
309,4,10,150,49,0.0
310,4,10,150,49,0.0
311,4,10,150,49,0.06712613803507668
312,4,10,150,49,0.07579200366109638
313,4,10,150,49,0.14465709645474623
314,4,10,150,49,0.18379915372429234
315,4,10,150,49,0.0
316,4,10,150,49,0.04568304891751105
317,4,10,150,49,0.0
318,4,10,150,49,0.10118786565551004
319,4,10,150,49,0.0
320,4,10,150,49,0.0
321,4,10,150,49,0.062242588308449316
322,4,10,150,49,0.17342765698823945
323,4,10,150,49,0.14126697285982898
324,4,10,150,49,0.0
325,4,10,150,49,0.0
326,4,10,150,49,0.0634222181618871
327,4,10,150,49,0.0
328,4,10,150,49,0.1437524526514495
329,4,10,150,49,0.0
330,4,10,150,49,0.0536466452928127
331,4,10,150,49,0.16958010263680806
332,4,10,150,49,0.024647523009140075
333,4,10,150,49,0.0
334,4,10,150,49,0.07058424671826317
336,4,10,150,49,0.0
337,4,10,150,49,0.16716045496620227
338,4,10,150,49,0.05005165434923901
339,4,10,150,49,0.06608282041002614
340,4,10,150,49,0.0
341,4,10,150,49,0.0
342,4,10,150,49,0.2625072992734236
343,4,10,150,49,0.28732332399638805
344,4,10,150,49,0.23832550406045652
345,4,10,150,49,0.056149696530797676
346,4,10,150,49,0.13947804593499064
347,4,10,150,49,0.08705643551438974
348,4,10,150,49,0.071942683897578
349,4,10,150,49,0.07673373981757839
350,4,10,150,49,0.0749368547125808
351,4,10,150,49,0.0
352,4,10,150,49,0.0
353,4,10,150,49,0.0
354,4,10,150,49,0.051249224710132255
355,4,10,150,49,0.0
356,4,10,150,49,0.08406376813555873
357,4,10,150,49,0.0
358,4,10,150,49,0.20438239758848611
359,4,10,150,49,0.0
360,4,10,150,49,0.06752012359727312
361,4,10,150,49,0.09622728274290568
362,4,10,150,49,0.0
363,4,10,150,49,0.1803013146105011
364,4,10,150,49,0.0
365,4,10,150,49,0.0
366,4,10,150,49,0.0
367,4,10,150,49,0.0
368,4,10,150,49,0.0
369,4,10,150,49,0.0
370,4,10,150,49,0.13479984916817475
371,4,10,150,49,0.16676134190097475
372,4,10,150,49,0.0
373,4,10,150,49,0.035769798946978335
374,4,10,150,49,0.06834943074719504
375,4,10,150,49,0.0
376,4,10,150,49,0.0
377,4,10,150,49,0.0
378,4,10,150,49,0.16448029476168333
379,4,10,150,49,0.11339835829152477
380,4,10,150,49,0.0
381,4,10,150,49,0.05105625351125917
382,4,10,150,49,0.0
383,4,10,150,49,0.04838338183089434
384,4,10,150,49,0.0
385,4,10,150,49,0.0
386,4,10,150,49,0.0
387,4,10,150,49,0.11497906462099297
388,4,10,150,49,0.04511904280884329
389,4,10,150,49,0.12419123143547287
390,4,10,150,49,0.0
391,4,10,150,49,0.2137247802747043
392,4,10,150,49,0.0
393,4,10,150,49,0.0
394,4,10,150,49,0.11073655428626575
395,4,10,150,49,0.04931346192675315
396,4,10,150,49,0.0
397,4,10,150,49,0.22320497122386787
398,4,10,150,49,0.16581649615734612
399,4,10,150,49,0.016552362338872865
400,4,10,150,49,0.0
401,4,10,150,49,0.0
402,4,10,150,49,0.08963222225173058
403,4,10,150,49,0.0854499779566911
404,4,10,150,49,0.0
405,4,10,150,49,0.06359604467095273
406,4,10,150,49,0.20956416940551098
407,4,10,150,49,0.04270006763257965
408,4,10,150,49,0.0
409,4,10,150,49,0.10914342353313093
410,4,10,150,49,0.0
411,4,10,150,49,0.0
412,4,10,150,49,0.0
413,4,10,150,49,0.041646268351119564
414,4,10,150,49,0.0
415,4,10,150,49,0.15103391472831218
416,4,10,150,49,0.1891252578348856
417,4,10,150,49,0.09850508837083022
418,4,10,150,49,0.0
419,4,10,150,49,0.1208113026994942
420,4,10,150,49,0.06052048269976269
421,4,10,150,49,0.15435807162450887
422,4,10,150,49,0.04320473659574256
423,4,10,150,49,0.053845569940583225
424,4,10,150,49,0.2766918177656049
425,4,10,150,49,0.1674157226455415
426,4,10,150,49,0.040759261617270684
427,4,10,150,49,0.0
428,4,10,150,49,0.0
429,4,10,150,49,0.16872259873920784
430,4,10,150,49,0.0
431,4,10,150,49,0.0
432,4,10,150,49,0.0
433,4,10,150,49,0.05780921899607981
434,4,10,150,49,0.20778267687568405
435,4,10,150,49,0.17043144379145597
436,4,10,150,49,0.0
437,4,10,150,49,0.09166074247719914
438,4,10,150,49,0.0
439,4,10,150,49,0.10863976191957724
440,4,10,150,49,0.0
441,4,10,150,49,0.0
442,4,10,150,49,0.040949887133979804
443,4,10,150,49,0.06783204105472322
444,4,10,150,49,0.1312721899408984
445,4,10,150,49,0.0
446,4,10,150,49,0.0
447,4,10,150,49,0.16246725303708914
448,4,10,150,49,0.0
449,4,10,150,49,0.1511226181481109
450,4,10,150,49,0.2900684621078987
451,4,10,150,49,0.06148915918944534
452,4,10,150,49,0.10773098771530253
453,4,10,150,49,0.0
454,4,10,150,49,0.0
455,4,10,150,49,0.063401477059351
456,4,10,150,49,0.018650043077523788
457,4,10,150,49,0.282690216345629
458,4,10,150,49,0.06982799741808067
459,4,10,150,49,0.0
460,4,10,150,49,0.05184030722866645
461,4,10,150,49,0.0
462,4,10,150,49,0.0
463,4,10,150,49,0.11987424504051505
464,4,10,150,49,0.0
465,4,10,150,49,0.0
466,4,10,150,49,0.0
467,4,10,150,49,0.07807600999842033
468,4,10,150,49,0.11455543964849552
469,4,10,150,49,0.0
470,4,10,150,49,0.0
471,4,10,150,49,0.0
472,4,10,150,49,0.059378631551402404
473,4,10,150,49,0.06140244428718695
474,4,10,150,49,0.21236426544142134
475,4,10,150,49,0.0
476,4,10,150,49,0.0
477,4,10,150,49,0.0
478,4,10,150,49,0.2345109835167376
479,4,10,150,49,0.10172348796286074
480,4,10,150,49,0.0741070054529978
481,4,10,150,49,0.10388675010296258
482,4,10,150,49,0.0
483,4,10,150,49,0.05658242244874664
484,4,10,150,49,0.2723783861819967
485,4,10,150,49,0.0
486,4,10,150,49,0.0
487,4,10,150,49,0.08199193156683765
488,4,10,150,49,0.0
489,4,10,150,49,0.0
490,4,10,150,49,0.0
491,4,10,150,49,0.10497643268981144
492,4,10,150,49,0.0
493,4,10,150,49,0.1254889491373293
494,4,10,150,49,0.0
495,4,10,150,49,0.09864236150154798
496,4,10,150,49,0.047739744220948385
497,4,10,150,49,0.05057001832592956
498,4,10,150,49,0.0
499,4,10,150,49,0.02651211589009722
500,4,10,150,49,0.09541527213731128
501,4,10,150,49,0.0
502,4,10,150,49,0.0
503,4,10,150,49,0.05608659198762317
504,4,10,150,49,0.08148269775823089
505,4,10,150,49,0.07379217622092994
506,4,10,150,49,0.09189693985455885
507,4,10,150,49,0.05319635904163211
508,4,10,150,49,0.0
509,4,10,150,49,0.0
510,4,10,150,49,0.0
511,4,10,150,49,0.08495943917278885
512,4,10,150,49,0.05478392673173268
513,4,10,150,49,0.0
514,4,10,150,49,0.27252722616773445
515,4,10,150,49,0.11706259313796354
516,4,10,150,49,0.0
517,4,10,150,49,0.08878770367712427
518,4,10,150,49,0.0
519,4,10,150,49,0.0
520,4,10,150,49,0.0
521,4,10,150,49,0.09850628252086785
522,4,10,150,49,0.12524561954372188
523,4,10,150,49,0.032114893884379984
524,4,10,150,49,0.15257458719439604
525,4,10,150,49,0.0
526,4,10,150,49,0.04972780777662495
527,4,10,150,49,0.1448182018041012
528,4,10,150,49,0.10209739512291163
529,4,10,150,49,0.0
530,4,10,150,49,0.0
531,4,10,150,49,0.1517763576041802
532,4,10,150,49,0.26771831038638794
533,4,10,150,49,0.11557545112991054
534,4,10,150,49,0.1046638363823608
535,4,10,150,49,0.12373646939599506
536,4,10,150,49,0.09414825230406802
537,4,10,150,49,0.3711815397689153
538,4,10,150,49,0.14697776980950736
539,4,10,150,49,0.04478826142555715
540,4,10,150,49,0.0
541,4,10,150,49,0.04030702414138781
542,4,10,150,49,0.049033875503285806
543,4,10,150,49,0.04953295293703468
544,4,10,150,49,0.0
545,4,10,150,49,0.02244213465825961
546,4,10,150,49,0.05758752804519195
547,4,10,150,49,0.0
548,4,10,150,49,0.1103190733436671
549,4,10,150,49,0.0
550,4,10,150,49,0.04785685030080952
551,4,10,150,49,0.08163017651055879
552,4,10,150,49,0.1205344274731702
553,4,10,150,49,0.04743759234968417
554,4,10,150,49,0.12627825946936164
555,4,10,150,49,0.0
556,4,10,150,49,0.07660623398069263
557,4,10,150,49,0.0
558,4,10,150,49,0.08878770367712427
559,4,10,150,49,0.04366879852493834
560,4,10,150,49,0.09375790921485552
561,4,10,150,49,0.054277588845500595
562,4,10,150,49,0.02783211215220634
563,4,10,150,49,0.0
564,4,10,150,49,0.08498983725535779
565,4,10,150,49,0.0
566,4,10,150,49,0.03579489106983033
567,4,10,150,49,0.1471381878632886
568,4,10,150,49,0.036155150901276155
569,4,10,150,49,0.18299769260789403
570,4,10,150,49,0.0
571,4,10,150,49,0.0
572,4,10,150,49,0.16812753627111746
573,4,10,150,49,0.06437746926759551
574,4,10,150,49,0.051811563545175146
575,4,10,150,49,0.0
576,4,10,150,49,0.0
577,4,10,150,49,0.1914871671483212
578,4,10,150,49,0.0
579,4,10,150,49,0.0
580,4,10,150,49,0.12128674553236206
581,4,10,150,49,0.05276490902632437
582,4,10,150,49,0.03190895161277091
583,4,10,150,49,0.0
584,4,10,150,49,0.06323567569191428
585,4,10,150,49,0.04173963774222741
586,4,10,150,49,0.05786021189691368
587,4,10,150,49,0.0
588,4,10,150,49,0.12100428021731384
589,4,10,150,49,0.0
590,4,10,150,49,0.053845569940583225
591,4,10,150,49,0.0
592,4,10,150,49,0.35255605799176004
593,4,10,150,49,0.04209127943503662
594,4,10,150,49,0.0
595,4,10,150,49,0.0611978583523161
596,4,10,150,49,0.0
597,4,10,150,49,0.27101620591530523
598,4,10,150,49,0.0684591776394769
599,4,10,150,49,0.0
600,4,10,150,49,0.09197011795311534
601,4,10,150,49,0.0
602,4,10,150,49,0.0
603,4,10,150,49,0.0
604,4,10,150,49,0.0
605,4,10,150,49,0.23939908411991156
606,4,10,150,49,0.16630808394571572
607,4,10,150,49,0.0
608,4,10,150,49,0.056859922018167475
609,4,10,150,49,0.0
610,4,10,150,49,0.19303241878686786
611,4,10,150,49,0.07624568872860434
612,4,10,150,49,0.0
613,4,10,150,49,0.04578230021840749
614,4,10,150,49,0.0
615,4,10,150,49,0.027541830374730368
616,4,10,150,49,0.03618657486793958
617,4,10,150,49,0.0
618,4,10,150,49,0.13691822233540607
619,4,10,150,49,0.09517846330438508
620,4,10,150,49,0.14012037550990028
621,4,10,150,49,0.09678412991767817
622,4,10,150,49,0.19027808508819571
623,4,10,150,49,0.17494254380936963
624,4,10,150,49,0.05037254605440354
625,4,10,150,49,0.0
626,4,10,150,49,0.06228974831361337
627,4,10,150,49,0.06945233499530101
628,4,10,150,49,0.0
629,4,10,150,49,0.10922434570876023
630,4,10,150,49,0.15874779570678058
631,4,10,150,49,0.0
632,4,10,150,49,0.12112269717167994
633,4,10,150,49,0.07414861528507455
634,4,10,150,49,0.022104381789790163
635,4,10,150,49,0.04546401530948942
636,4,10,150,49,0.06364028872631156
637,4,10,150,49,0.01928973283308616
638,4,10,150,49,0.09712868482236708
639,4,10,150,49,0.016417578556357865
640,4,10,150,49,0.04980447686876634
641,4,10,150,49,0.07675099783970546
642,4,10,150,49,0.14954780011893018
643,4,10,150,49,0.1272071080992964
644,4,10,150,49,0.04935421935348238
645,4,10,150,49,0.16158259063789654
646,4,10,150,49,0.0
647,4,10,150,49,0.030218457878623886
648,4,10,150,49,0.14312025550870577
649,4,10,150,49,0.15489949502599
650,4,10,150,49,0.0550971150016272
651,4,10,150,49,0.0
652,4,10,150,49,0.08156220960446063
653,4,10,150,49,0.12948988983530754
654,4,10,150,49,0.21255442687635834
655,4,10,150,49,0.08876804025633461
656,4,10,150,49,0.07397229644086958
657,4,10,150,49,0.0
658,4,10,150,49,0.2625403796417579
659,4,10,150,49,0.09384195821676433
660,4,10,150,49,0.014577673984901044
661,4,10,150,49,0.06962713451216634
662,4,10,150,49,0.0512644431393966
663,4,10,150,49,0.2502087410364314
664,4,10,150,49,0.2891255050956348
665,4,10,150,49,0.0
666,4,10,150,49,0.2275711372156713
667,4,10,150,49,0.22356588040577743
668,4,10,150,49,0.06194403202282284
669,4,10,150,49,0.09857402842117612
670,4,10,150,49,0.06613087842005526
671,4,10,150,49,0.12700520479034313
672,4,10,150,49,0.0
673,4,10,150,49,0.11200122330869035
674,4,10,150,49,0.11338915993603582
675,4,10,150,49,0.0
676,4,10,150,49,0.16684180252782607
677,4,10,150,49,0.03314040476303028
678,4,10,150,49,0.0
679,4,10,150,49,0.15527711509166947
680,4,10,150,49,0.11377863936243801
681,4,10,150,49,0.0
682,4,10,150,49,0.14270253004450367
683,4,10,150,49,0.0
684,4,10,150,49,0.06573003977381581
685,4,10,150,49,0.1906465758273748
686,4,10,150,49,0.07277260183012466
687,4,10,150,49,0.0
688,4,10,150,49,0.0
689,4,10,150,49,0.15001451003751623
690,4,10,150,49,0.07914701567910001
691,4,10,150,49,0.05446824630887794
692,4,10,150,49,0.12090042896411356
693,4,10,150,49,0.0
694,4,10,150,49,0.14941911728862917
695,4,10,150,49,0.0
696,4,10,150,49,0.039725595076707886
697,4,10,150,49,0.04239477130634912
698,4,10,150,49,0.041937660325009396
699,4,10,150,49,0.050296301412810544
700,4,10,150,49,0.12729890218214104
701,4,10,150,49,0.0
702,4,10,150,49,0.037715680681715956
703,4,10,150,49,0.11918688501400482
704,4,10,150,49,0.17661711560720053
705,4,10,150,49,0.13727675104556403
706,4,10,150,49,0.04395738023645723
707,4,10,150,49,0.03584169554556988
708,4,10,150,49,0.07186325791519563
709,4,10,150,49,0.13472082394875662
710,4,10,150,49,0.10695361352497157
711,4,10,150,49,0.1715138436186033
712,4,10,150,49,0.13365825524765118
713,4,10,150,49,0.1468735732232516
714,4,10,150,49,0.03441184191455828
715,4,10,150,49,0.0
716,4,10,150,49,0.28083220601554115
717,4,10,150,49,0.05729434769501736
718,4,10,150,49,0.035328385129692476
719,4,10,150,49,0.09883437846193516
720,4,10,150,49,0.0
721,4,10,150,49,0.1551936392362537
722,4,10,150,49,0.06556429791586475
723,4,10,150,49,0.0
724,4,10,150,49,0.0
725,4,10,150,49,0.0
726,4,10,150,49,0.05010834716923557
727,4,10,150,49,0.16865748844584091
728,4,10,150,49,0.09627818061559096
729,4,10,150,49,0.0
730,4,10,150,49,0.02601736765943984
731,4,10,150,49,0.09388827751441965
732,4,10,150,49,0.0
733,4,10,150,49,0.1300076176478829
734,4,10,150,49,0.0
735,4,10,150,49,0.0
736,4,10,150,49,0.0
737,4,10,150,49,0.1138970555583582
738,4,10,150,49,0.15066952570906908
739,4,10,150,49,0.03855307727568851
740,4,10,150,49,0.0
741,4,10,150,49,0.05358697798864893
742,4,10,150,49,0.0488929053971083
743,4,10,150,49,0.0
744,4,10,150,49,0.03596673601130318
745,4,10,150,49,0.03520132288421838
746,4,10,150,49,0.23491487959421534
747,4,10,150,49,0.46279761832468597
748,4,10,150,49,0.09621648119325965
749,4,10,150,49,0.15113454159903586
750,4,10,150,49,0.041278922835426404
751,4,10,150,49,0.07396483257905397
752,4,10,150,49,0.023242424817620892
753,4,10,150,49,0.15780803084928155
754,4,10,150,49,0.0
755,4,10,150,49,0.03855371268423985
756,4,10,150,49,0.031104745345423533
757,4,10,150,49,0.0
758,4,10,150,49,0.267912806631126
759,4,10,150,49,0.08145040004058159
760,4,10,150,49,0.0
761,4,10,150,49,0.04712005628768104
762,4,10,150,49,0.051960280791503534
763,4,10,150,49,0.04542386553984721
764,4,10,150,49,0.08946696896639536
765,4,10,150,49,0.15066101840234988
766,4,10,150,49,0.028000537016087925
767,4,10,150,49,0.10635849541123835
768,4,10,150,49,0.060133059387366614
769,4,10,150,49,0.0
770,4,10,150,49,0.1912123147921425
771,4,10,150,49,0.2651268025111742
772,4,10,150,49,0.0
773,4,10,150,49,0.09214451347929391
774,4,10,150,49,0.06109884849224541
775,4,10,150,49,0.0
776,4,10,150,49,0.138487812915294
777,4,10,150,49,0.0
778,4,10,150,49,0.1631238413472767
779,4,10,150,49,0.0
780,4,10,150,49,0.030023253564245667
781,4,10,150,49,0.17659637455717878
782,4,10,150,49,0.05165224189979686
783,4,10,150,49,0.0
784,4,10,150,49,0.0
785,4,10,150,49,0.0
786,4,10,150,49,0.0
787,4,10,150,49,0.0
788,4,10,150,49,0.2884921801946034
789,4,10,150,49,0.08809718769055445
790,4,10,150,49,0.0
791,4,10,150,49,0.04465281017341861
792,4,10,150,49,0.06658592494149675
793,4,10,150,49,0.0
794,4,10,150,49,0.04108065887337468
795,4,10,150,49,0.014151802682682622
796,4,10,150,49,0.40822089820109236
797,4,10,150,49,0.11278903329502893
798,4,10,150,49,0.049595776162908764
799,4,10,150,49,0.0
800,4,10,150,49,0.03244993904038569
801,4,10,150,49,0.1561471668577559
802,4,10,150,49,0.06960082070980815
803,4,10,150,49,0.10569353498973794
804,4,10,150,49,0.16100162934840084
805,4,10,150,49,0.12812444001549608
806,4,10,150,49,0.28615813528457995
807,4,10,150,49,0.11534064165965245
808,4,10,150,49,0.03535057968151573
809,4,10,150,49,0.0
810,4,10,150,49,0.0
811,4,10,150,49,0.0
812,4,10,150,49,0.0
813,4,10,150,49,0.0
814,4,10,150,49,0.0
815,4,10,150,49,0.23000816739974497
816,4,10,150,49,0.0
817,4,10,150,49,0.0
818,4,10,150,49,0.05516788910004661
819,4,10,150,49,0.037210602758860095
820,4,10,150,49,0.0
821,4,10,150,49,0.302950268110492
822,4,10,150,49,0.0
823,4,10,150,49,0.22057866899510464
824,4,10,150,49,0.05046096657376444
825,4,10,150,49,0.05965945413976518
826,4,10,150,49,0.13887288970937428
827,4,10,150,49,0.0
828,4,10,150,49,0.05745618865524075
829,4,10,150,49,0.15110239493068348
830,4,10,150,49,0.16729505085725052
831,4,10,150,49,0.19369981287762317
832,4,10,150,49,0.0
833,4,10,150,49,0.20561742437811867
834,4,10,150,49,0.2706897351446418
835,4,10,150,49,0.12392697171827026
836,4,10,150,49,0.13166415252801508
837,4,10,150,49,0.0
838,4,10,150,49,0.24560504806301242
839,4,10,150,49,0.0640765686166134
840,4,10,150,49,0.3492459941988849
841,4,10,150,49,0.0
842,4,10,150,49,0.0
843,4,10,150,49,0.0
844,4,10,150,49,0.05872188515498603
845,4,10,150,49,0.0
846,4,10,150,49,0.34713238211759456
847,4,10,150,49,0.05100036988557791
848,4,10,150,49,0.028231564551744786
849,4,10,150,49,0.0419387969316025
850,4,10,150,49,0.20938747063345256
851,4,10,150,49,0.056330258026815114
852,4,10,150,49,0.26227118260874954
853,4,10,150,49,0.0
854,4,10,150,49,0.0
855,4,10,150,49,0.0
856,4,10,150,49,0.0
857,4,10,150,49,0.0
858,4,10,150,49,0.10250982096838526
859,4,10,150,49,0.0
860,4,10,150,49,0.037744788077152
861,4,10,150,49,0.03709674194804795
862,4,10,150,49,0.09967647475042743
863,4,10,150,49,0.056489548902484615
864,4,10,150,49,0.46080259340909874
865,4,10,150,49,0.07803010102565
866,4,10,150,49,0.16283687678415507
867,4,10,150,49,0.1579192849910101
868,4,10,150,49,0.27308380179704783
869,4,10,150,49,0.03406297225598251
870,4,10,150,49,0.3080437943851992
871,4,10,150,49,0.07777810910523444
872,4,10,150,49,0.02804794621397926
873,4,10,150,49,0.0
874,4,10,150,49,0.13944914190808633
875,4,10,150,49,0.11729943308729383
876,4,10,150,49,0.08671382849411972
877,4,10,150,49,0.0835317778614811
878,4,10,150,49,0.18470404088889286
879,4,10,150,49,0.03963466998423315
880,4,10,150,49,0.4273970799585753
881,4,10,150,49,0.12415807467547259
882,4,10,150,49,0.19553093312792627
883,4,10,150,49,0.3798212678696875
884,4,10,150,49,0.09113547509404434
885,4,10,150,49,0.04536087033637415
886,4,10,150,49,0.20697021441377544
887,4,10,150,49,0.09571894590555002
888,4,10,150,49,0.11625487663628292
889,4,10,150,49,0.0
890,4,10,150,49,0.10732896747395912
891,4,10,150,49,0.10491091696774645
892,4,10,150,49,0.2906156115710909
893,4,10,150,49,0.10869735563398858
894,4,10,150,49,0.1292794106548545
895,4,10,150,49,0.0
896,4,10,150,49,0.3549096427505794
897,4,10,150,49,0.27807632309928487
898,4,10,150,49,0.0
899,4,10,150,49,0.06681098088083161
900,4,10,150,49,0.055315677011973347
901,4,10,150,49,0.18132668514654882
902,4,10,150,49,0.05978585424799658
903,4,10,150,49,0.22064009608539073
904,4,10,150,49,0.0
905,4,10,150,49,0.0
906,4,10,150,49,0.10407444169186962
907,4,10,150,49,0.031742806389256244
908,4,10,150,49,0.06892767477436933
909,4,10,150,49,0.0
910,4,10,150,49,0.0
911,4,10,150,49,0.10114410846108873
912,4,10,150,49,0.15575097056245804
913,4,10,150,49,0.07715409543116933
914,4,10,150,49,0.0
915,4,10,150,49,0.0
916,4,10,150,49,0.3018493823667729
917,4,10,150,49,0.0
918,4,10,150,49,0.043627084055128
919,4,10,150,49,0.12096803224880356
920,4,10,150,49,0.0
921,4,10,150,49,0.15405864814296488
922,4,10,150,49,0.1280645281724967
923,4,10,150,49,0.02142307850464013
924,4,10,150,49,0.018280262702529162
925,4,10,150,49,0.0
926,4,10,150,49,0.0
927,4,10,150,49,0.04499596683729014
928,4,10,150,49,0.1482972305701491
929,4,10,150,49,0.25163227912988373
930,4,10,150,49,0.0
931,4,10,150,49,0.08679587898287541
932,4,10,150,49,0.22026946538815445
933,4,10,150,49,0.04107503873684677
934,4,10,150,49,0.11437969730020765
935,4,10,150,49,0.04173963774222741
936,4,10,150,49,0.1321191921354211
937,4,10,150,49,0.0
938,4,10,150,49,0.1482741018676109
939,4,10,150,49,0.02916862694666808
940,4,10,150,49,0.050684733114198
941,4,10,150,49,0.0
942,4,10,150,49,0.06867427323128149
943,4,10,150,49,0.20163692230838232
1,4,10,150,50,0.4058715898896693
2,4,10,150,50,0.06250343848035038
3,4,10,150,50,0.0
4,4,10,150,50,0.0
5,4,10,150,50,0.040209635547393256
6,4,10,150,50,0.27020011346731576
7,4,10,150,50,0.2749955383785748
8,4,10,150,50,0.0
9,4,10,150,50,0.21840743681816419
10,4,10,150,50,0.13118672884982416
11,4,10,150,50,0.1722584975122812
12,4,10,150,50,0.0
13,4,10,150,50,0.2596031781895076
14,4,10,150,50,0.0
15,4,10,150,50,0.05010834716923557
16,4,10,150,50,0.053168340515114924
17,4,10,150,50,0.0
18,4,10,150,50,0.24724966735366713
19,4,10,150,50,0.0
20,4,10,150,50,0.0
21,4,10,150,50,0.0
22,4,10,150,50,0.11702382382650763
23,4,10,150,50,0.23682446174402746
24,4,10,150,50,0.0
25,4,10,150,50,0.12358102547512423
26,4,10,150,50,0.0
27,4,10,150,50,0.0
28,4,10,150,50,0.0
29,4,10,150,50,0.13455232720853103
30,4,10,150,50,0.0
31,4,10,150,50,0.0
32,4,10,150,50,0.0
33,4,10,150,50,0.0
35,4,10,150,50,0.10523285614729473
36,4,10,150,50,0.0
37,4,10,150,50,0.0
38,4,10,150,50,0.04739418218477539
39,4,10,150,50,0.0
40,4,10,150,50,0.0
41,4,10,150,50,0.0
42,4,10,150,50,0.0683037314796457
43,4,10,150,50,0.22592974817952552
44,4,10,150,50,0.2044921015662719
45,4,10,150,50,0.05200670101006268
46,4,10,150,50,0.11284514134893527
47,4,10,150,50,0.06250343848035038
48,4,10,150,50,0.0
49,4,10,150,50,0.0
50,4,10,150,50,0.0
51,4,10,150,50,0.16812753627111746
52,4,10,150,50,0.0
54,4,10,150,50,0.0
56,4,10,150,50,0.20383503459815738
57,4,10,150,50,0.23047740788088653
58,4,10,150,50,0.3717269535737058
59,4,10,150,50,0.2378606442039324
60,4,10,150,50,0.1505674224523334
61,4,10,150,50,0.0
62,4,10,150,50,0.08314631791322982
63,4,10,150,50,0.0
64,4,10,150,50,0.04238468688770069
65,4,10,150,50,0.13012668333070054
66,4,10,150,50,0.0
67,4,10,150,50,0.0
68,4,10,150,50,0.4827392464262081
69,4,10,150,50,0.07673373981757839
70,4,10,150,50,0.0
71,4,10,150,50,0.0
72,4,10,150,50,0.0
73,4,10,150,50,0.0
74,4,10,150,50,0.0
75,4,10,150,50,0.049432410190049694
76,4,10,150,50,0.1301464707340554
77,4,10,150,50,0.10201115106436301
78,4,10,150,50,0.0
79,4,10,150,50,0.27487633291429087
80,4,10,150,50,0.0
81,4,10,150,50,0.0
82,4,10,150,50,0.19298623480417013
83,4,10,150,50,0.12089611529519323
84,4,10,150,50,0.05034889199379723
85,4,10,150,50,0.0
87,4,10,150,50,0.07100089300395272
89,4,10,150,50,0.2553387838830436
90,4,10,150,50,0.021827649599846295
91,4,10,150,50,0.05648147012627732
92,4,10,150,50,0.10542637391232386
93,4,10,150,50,0.0
94,4,10,150,50,0.08791240958776
95,4,10,150,50,0.17287436926807473
96,4,10,150,50,0.0
97,4,10,150,50,0.06462745615384195
98,4,10,150,50,0.0930297504356062
99,4,10,150,50,0.05658242244874664
100,4,10,150,50,0.0
101,4,10,150,50,0.0
102,4,10,150,50,0.0
103,4,10,150,50,0.0
104,4,10,150,50,0.0
105,4,10,150,50,0.0
106,4,10,150,50,0.0
107,4,10,150,50,0.0
108,4,10,150,50,0.0
109,4,10,150,50,0.07103066762111539
110,4,10,150,50,0.0
111,4,10,150,50,0.0
112,4,10,150,50,0.05685954565780693
113,4,10,150,50,0.053168340515114924
114,4,10,150,50,0.0
115,4,10,150,50,0.10684080426179023
116,4,10,150,50,0.0
117,4,10,150,50,0.20857178832305684
118,4,10,150,50,0.0
119,4,10,150,50,0.18374222286855332
120,4,10,150,50,0.0
121,4,10,150,50,0.271985059917519
122,4,10,150,50,0.1530100230930498
123,4,10,150,50,0.07386004580671933
125,4,10,150,50,0.12702645795516354
126,4,10,150,50,0.06911917000496234
127,4,10,150,50,0.10253313861822189
128,4,10,150,50,0.05750548798281727
129,4,10,150,50,0.0
130,4,10,150,50,0.16099269493775217
131,4,10,150,50,0.0
133,4,10,150,50,0.11047239495909743
134,4,10,150,50,0.0
135,4,10,150,50,0.0
137,4,10,150,50,0.06989841918216891
138,4,10,150,50,0.0
139,4,10,150,50,0.0
141,4,10,150,50,0.0
142,4,10,150,50,0.13373003436102654
143,4,10,150,50,0.06140244428718695
144,4,10,150,50,0.1227945149537572
145,4,10,150,50,0.08829985348038716
146,4,10,150,50,0.0
148,4,10,150,50,0.054181637470214
149,4,10,150,50,0.0
150,4,10,150,50,0.10235170428306553
151,4,10,150,50,0.06298430394440727
152,4,10,150,50,0.0
153,4,10,150,50,0.0
154,4,10,150,50,0.06372882143962796
155,4,10,150,50,0.0
156,4,10,150,50,0.0
158,4,10,150,50,0.17575552384613552
159,4,10,150,50,0.0
160,4,10,150,50,0.0
161,4,10,150,50,0.0
162,4,10,150,50,0.0
163,4,10,150,50,0.0
164,4,10,150,50,0.0
165,4,10,150,50,0.12114889742360979
166,4,10,150,50,0.0
167,4,10,150,50,0.0
168,4,10,150,50,0.23504554941448536
169,4,10,150,50,0.06416923277158361
170,4,10,150,50,0.0
171,4,10,150,50,0.0
172,4,10,150,50,0.0
173,4,10,150,50,0.0
174,4,10,150,50,0.060961917527339995
175,4,10,150,50,0.0
176,4,10,150,50,0.0
177,4,10,150,50,0.06912040963822193
178,4,10,150,50,0.2437589399037192
179,4,10,150,50,0.06723507268634088
180,4,10,150,50,0.12262943855309168
181,4,10,150,50,0.01719677167528726
182,4,10,150,50,0.0
183,4,10,150,50,0.0
184,4,10,150,50,0.09303069037986347
185,4,10,150,50,0.07745351606183934
186,4,10,150,50,0.22147164648185297
187,4,10,150,50,0.08625091781054979
188,4,10,150,50,0.054384419234677496
189,4,10,150,50,0.2089531400761587
190,4,10,150,50,0.10699313236726378
191,4,10,150,50,0.0
192,4,10,150,50,0.0
193,4,10,150,50,0.0
194,4,10,150,50,0.0
195,4,10,150,50,0.0
196,4,10,150,50,0.0
197,4,10,150,50,0.05576624569167862
198,4,10,150,50,0.0
199,4,10,150,50,0.0
200,4,10,150,50,0.0891099526415642
201,4,10,150,50,0.03487978243545732
203,4,10,150,50,0.0
204,4,10,150,50,0.0
205,4,10,150,50,0.0
206,4,10,150,50,0.0
207,4,10,150,50,0.050513241088636716
209,4,10,150,50,0.0
210,4,10,150,50,0.09440608278107551
211,4,10,150,50,0.0
212,4,10,150,50,0.12681701683239352
213,4,10,150,50,0.2384146878320104
214,4,10,150,50,0.056720838976548935
215,4,10,150,50,0.0
216,4,10,150,50,0.03497205398870122
217,4,10,150,50,0.0
218,4,10,150,50,0.19092086617893467
219,4,10,150,50,0.0
221,4,10,150,50,0.3375735570145491
222,4,10,150,50,0.11115984008490556
223,4,10,150,50,0.03870447337439288
224,4,10,150,50,0.0
225,4,10,150,50,0.0
226,4,10,150,50,0.0
227,4,10,150,50,0.0
228,4,10,150,50,0.0
229,4,10,150,50,0.0
230,4,10,150,50,0.23712439662683835
231,4,10,150,50,0.0
232,4,10,150,50,0.3234992853586256
233,4,10,150,50,0.0968152409481219
234,4,10,150,50,0.06411917231744522
235,4,10,150,50,0.06065881345112158
236,4,10,150,50,0.0
237,4,10,150,50,0.0
238,4,10,150,50,0.0
239,4,10,150,50,0.060772229737720354
240,4,10,150,50,0.05497526658285817
242,4,10,150,50,0.0
243,4,10,150,50,0.09267768927614353
244,4,10,150,50,0.15765545519871427
245,4,10,150,50,0.0
246,4,10,150,50,0.08041927109478651
247,4,10,150,50,0.0
248,4,10,150,50,0.14830051302014485
249,4,10,150,50,0.25407033333205165
250,4,10,150,50,0.3503302816689379
251,4,10,150,50,0.0
252,4,10,150,50,0.0
253,4,10,150,50,0.05954496680255472
254,4,10,150,50,0.0
255,4,10,150,50,0.0
256,4,10,150,50,0.16583176898817792
257,4,10,150,50,0.3305900772260718
258,4,10,150,50,0.0
259,4,10,150,50,0.0
260,4,10,150,50,0.0
261,4,10,150,50,0.0
262,4,10,150,50,0.0
263,4,10,150,50,0.12774011823457565
264,4,10,150,50,0.0
265,4,10,150,50,0.10209739512291163
267,4,10,150,50,0.09794101962538232
268,4,10,150,50,0.040466532906672535
269,4,10,150,50,0.13223875150584097
270,4,10,150,50,0.0
271,4,10,150,50,0.12276482551434069
272,4,10,150,50,0.14498698048571354
273,4,10,150,50,0.0
274,4,10,150,50,0.0
275,4,10,150,50,0.04605780568615433
276,4,10,150,50,0.18784639929386426
277,4,10,150,50,0.0
279,4,10,150,50,0.06493409231178052
280,4,10,150,50,0.03337620304869898
281,4,10,150,50,0.0
283,4,10,150,50,0.07132875491150918
284,4,10,150,50,0.0
285,4,10,150,50,0.1185995982858366
286,4,10,150,50,0.2610657027199842
287,4,10,150,50,0.06364028872631156
288,4,10,150,50,0.12538054736008386
289,4,10,150,50,0.13905617951077562
290,4,10,150,50,0.0
291,4,10,150,50,0.2183602490428485
292,4,10,150,50,0.08933583385868532
293,4,10,150,50,0.10795785893996995
294,4,10,150,50,0.04123398036294628
295,4,10,150,50,0.2670961153715764
296,4,10,150,50,0.47774763069170006
297,4,10,150,50,0.10821553499518591
298,4,10,150,50,0.19947114504638494
299,4,10,150,50,0.0
300,4,10,150,50,0.0
301,4,10,150,50,0.047934103497110726
303,4,10,150,50,0.0878856940739117
304,4,10,150,50,0.0
305,4,10,150,50,0.31514747987601716
306,4,10,150,50,0.0
307,4,10,150,50,0.1383141340724969
308,4,10,150,50,0.19205342317019936
309,4,10,150,50,0.0
310,4,10,150,50,0.0
311,4,10,150,50,0.08938791352906189
312,4,10,150,50,0.07579200366109638
313,4,10,150,50,0.14465709645474623
314,4,10,150,50,0.18379915372429234
315,4,10,150,50,0.0
316,4,10,150,50,0.04568304891751105
317,4,10,150,50,0.0
318,4,10,150,50,0.10118786565551004
319,4,10,150,50,0.0
320,4,10,150,50,0.0
321,4,10,150,50,0.062242588308449316
322,4,10,150,50,0.17342765698823945
323,4,10,150,50,0.14126697285982898
324,4,10,150,50,0.0
325,4,10,150,50,0.0
326,4,10,150,50,0.0634222181618871
327,4,10,150,50,0.0
328,4,10,150,50,0.1437524526514495
329,4,10,150,50,0.0
330,4,10,150,50,0.0536466452928127
331,4,10,150,50,0.16958010263680806
332,4,10,150,50,0.024647523009140075
333,4,10,150,50,0.0
334,4,10,150,50,0.07058424671826317
336,4,10,150,50,0.0
337,4,10,150,50,0.16716045496620227
338,4,10,150,50,0.05005165434923901
339,4,10,150,50,0.06608282041002614
340,4,10,150,50,0.0
341,4,10,150,50,0.0
342,4,10,150,50,0.2625072992734236
343,4,10,150,50,0.28732332399638805
344,4,10,150,50,0.23832550406045652
345,4,10,150,50,0.056149696530797676
346,4,10,150,50,0.13947804593499064
347,4,10,150,50,0.08705643551438974
348,4,10,150,50,0.071942683897578
349,4,10,150,50,0.07673373981757839
350,4,10,150,50,0.0749368547125808
351,4,10,150,50,0.0
352,4,10,150,50,0.0
353,4,10,150,50,0.0
354,4,10,150,50,0.051249224710132255
355,4,10,150,50,0.0
356,4,10,150,50,0.08406376813555873
357,4,10,150,50,0.0
358,4,10,150,50,0.20438239758848611
359,4,10,150,50,0.0
360,4,10,150,50,0.06752012359727312
361,4,10,150,50,0.09622728274290568
362,4,10,150,50,0.0
363,4,10,150,50,0.1803013146105011
364,4,10,150,50,0.0
365,4,10,150,50,0.0
366,4,10,150,50,0.0
367,4,10,150,50,0.0
368,4,10,150,50,0.0
369,4,10,150,50,0.0
370,4,10,150,50,0.13479984916817475
371,4,10,150,50,0.16676134190097475
372,4,10,150,50,0.0
373,4,10,150,50,0.035769798946978335
374,4,10,150,50,0.06834943074719504
375,4,10,150,50,0.0
376,4,10,150,50,0.0
377,4,10,150,50,0.0
378,4,10,150,50,0.16448029476168333
379,4,10,150,50,0.11339835829152477
380,4,10,150,50,0.0
381,4,10,150,50,0.05105625351125917
382,4,10,150,50,0.0
383,4,10,150,50,0.04838338183089434
384,4,10,150,50,0.0
385,4,10,150,50,0.0
386,4,10,150,50,0.0
387,4,10,150,50,0.11497906462099297
388,4,10,150,50,0.04511904280884329
389,4,10,150,50,0.12419123143547287
390,4,10,150,50,0.0
391,4,10,150,50,0.2137247802747043
392,4,10,150,50,0.0
393,4,10,150,50,0.014053556787151419
394,4,10,150,50,0.11073655428626575
395,4,10,150,50,0.04931346192675315
396,4,10,150,50,0.0
397,4,10,150,50,0.22320497122386787
398,4,10,150,50,0.16581649615734612
399,4,10,150,50,0.032185911779114895
400,4,10,150,50,0.0
401,4,10,150,50,0.0
402,4,10,150,50,0.08963222225173058
403,4,10,150,50,0.0854499779566911
404,4,10,150,50,0.0
405,4,10,150,50,0.06272678817481846
406,4,10,150,50,0.20956416940551098
407,4,10,150,50,0.04270006763257965
408,4,10,150,50,0.0
409,4,10,150,50,0.10914342353313093
410,4,10,150,50,0.0
411,4,10,150,50,0.0
412,4,10,150,50,0.0
413,4,10,150,50,0.041646268351119564
414,4,10,150,50,0.0
415,4,10,150,50,0.15103391472831218
416,4,10,150,50,0.20020862223003277
417,4,10,150,50,0.09850508837083022
418,4,10,150,50,0.0
419,4,10,150,50,0.1208113026994942
420,4,10,150,50,0.06052048269976269
421,4,10,150,50,0.15435807162450887
422,4,10,150,50,0.04320473659574256
423,4,10,150,50,0.053845569940583225
424,4,10,150,50,0.2766918177656049
425,4,10,150,50,0.1674157226455415
426,4,10,150,50,0.040759261617270684
427,4,10,150,50,0.0
428,4,10,150,50,0.0
429,4,10,150,50,0.1664164299238743
430,4,10,150,50,0.0
431,4,10,150,50,0.0
432,4,10,150,50,0.0
433,4,10,150,50,0.05780921899607981
434,4,10,150,50,0.20778267687568405
435,4,10,150,50,0.1681019177898345
436,4,10,150,50,0.0
437,4,10,150,50,0.09166074247719914
438,4,10,150,50,0.0
439,4,10,150,50,0.10863976191957724
440,4,10,150,50,0.0
441,4,10,150,50,0.0
442,4,10,150,50,0.040949887133979804
443,4,10,150,50,0.06783204105472322
444,4,10,150,50,0.1312721899408984
445,4,10,150,50,0.0
446,4,10,150,50,0.0
447,4,10,150,50,0.16246725303708914
448,4,10,150,50,0.0
449,4,10,150,50,0.1511226181481109
450,4,10,150,50,0.2997720939031818
451,4,10,150,50,0.06148915918944534
452,4,10,150,50,0.10773098771530253
453,4,10,150,50,0.0
454,4,10,150,50,0.0
455,4,10,150,50,0.063401477059351
456,4,10,150,50,0.018650043077523788
457,4,10,150,50,0.282690216345629
458,4,10,150,50,0.06982799741808067
459,4,10,150,50,0.0
460,4,10,150,50,0.05184030722866645
461,4,10,150,50,0.0
462,4,10,150,50,0.0
463,4,10,150,50,0.11987424504051505
464,4,10,150,50,0.0
465,4,10,150,50,0.0
466,4,10,150,50,0.0
467,4,10,150,50,0.07807600999842033
468,4,10,150,50,0.11455543964849552
469,4,10,150,50,0.0
470,4,10,150,50,0.0
471,4,10,150,50,0.0
472,4,10,150,50,0.059378631551402404
473,4,10,150,50,0.06140244428718695
474,4,10,150,50,0.20946158464992154
475,4,10,150,50,0.0
476,4,10,150,50,0.0
477,4,10,150,50,0.0
478,4,10,150,50,0.2345109835167376
479,4,10,150,50,0.10172348796286074
480,4,10,150,50,0.0741070054529978
481,4,10,150,50,0.10388675010296258
482,4,10,150,50,0.0
483,4,10,150,50,0.05658242244874664
484,4,10,150,50,0.2723783861819967
485,4,10,150,50,0.0
486,4,10,150,50,0.0
487,4,10,150,50,0.08199193156683765
488,4,10,150,50,0.0
489,4,10,150,50,0.0
490,4,10,150,50,0.0
491,4,10,150,50,0.10497643268981144
492,4,10,150,50,0.0
493,4,10,150,50,0.1254889491373293
494,4,10,150,50,0.0
495,4,10,150,50,0.09864236150154798
496,4,10,150,50,0.047739744220948385
497,4,10,150,50,0.05057001832592956
498,4,10,150,50,0.0
499,4,10,150,50,0.02651211589009722
500,4,10,150,50,0.09541527213731128
501,4,10,150,50,0.0
502,4,10,150,50,0.0
503,4,10,150,50,0.05608659198762317
504,4,10,150,50,0.08148269775823089
505,4,10,150,50,0.07379217622092994
506,4,10,150,50,0.09189693985455885
507,4,10,150,50,0.05319635904163211
508,4,10,150,50,0.0
509,4,10,150,50,0.0
510,4,10,150,50,0.0
511,4,10,150,50,0.08495943917278885
512,4,10,150,50,0.05478392673173268
513,4,10,150,50,0.0
514,4,10,150,50,0.27252722616773445
515,4,10,150,50,0.11706259313796354
516,4,10,150,50,0.0
517,4,10,150,50,0.08878770367712427
518,4,10,150,50,0.0
519,4,10,150,50,0.0
520,4,10,150,50,0.0
521,4,10,150,50,0.09850628252086785
522,4,10,150,50,0.12524561954372188
523,4,10,150,50,0.032114893884379984
524,4,10,150,50,0.15048913594109964
525,4,10,150,50,0.0
526,4,10,150,50,0.04972780777662495
527,4,10,150,50,0.1448182018041012
528,4,10,150,50,0.10209739512291163
529,4,10,150,50,0.0
530,4,10,150,50,0.0
531,4,10,150,50,0.1517763576041802
532,4,10,150,50,0.26405902808917064
533,4,10,150,50,0.11557545112991054
534,4,10,150,50,0.1046638363823608
535,4,10,150,50,0.12373646939599506
536,4,10,150,50,0.09414825230406802
537,4,10,150,50,0.3797764851664344
538,4,10,150,50,0.14697776980950736
539,4,10,150,50,0.04478826142555715
540,4,10,150,50,0.0
541,4,10,150,50,0.04030702414138781
542,4,10,150,50,0.049033875503285806
543,4,10,150,50,0.04953295293703468
544,4,10,150,50,0.0
545,4,10,150,50,0.02244213465825961
546,4,10,150,50,0.05758752804519195
547,4,10,150,50,0.0
548,4,10,150,50,0.1103190733436671
549,4,10,150,50,0.0
550,4,10,150,50,0.04785685030080952
551,4,10,150,50,0.08051442219628459
552,4,10,150,50,0.1205344274731702
553,4,10,150,50,0.04743759234968417
554,4,10,150,50,0.12627825946936164
555,4,10,150,50,0.0
556,4,10,150,50,0.07660623398069263
557,4,10,150,50,0.0
558,4,10,150,50,0.08878770367712427
559,4,10,150,50,0.04366879852493834
560,4,10,150,50,0.09375790921485552
561,4,10,150,50,0.05353570077773518
562,4,10,150,50,0.02783211215220634
563,4,10,150,50,0.0
564,4,10,150,50,0.08498983725535779
565,4,10,150,50,0.0
566,4,10,150,50,0.03579489106983033
567,4,10,150,50,0.1471381878632886
568,4,10,150,50,0.036155150901276155
569,4,10,150,50,0.18299769260789403
570,4,10,150,50,0.0
571,4,10,150,50,0.0
572,4,10,150,50,0.16812753627111746
573,4,10,150,50,0.06437746926759551
574,4,10,150,50,0.051811563545175146
575,4,10,150,50,0.0
576,4,10,150,50,0.0
577,4,10,150,50,0.1914871671483212
578,4,10,150,50,0.0
579,4,10,150,50,0.0
580,4,10,150,50,0.12128674553236206
581,4,10,150,50,0.05276490902632437
582,4,10,150,50,0.03190895161277091
583,4,10,150,50,0.0
584,4,10,150,50,0.06323567569191428
585,4,10,150,50,0.04173963774222741
586,4,10,150,50,0.05786021189691368
587,4,10,150,50,0.0
588,4,10,150,50,0.12100428021731384
589,4,10,150,50,0.0
590,4,10,150,50,0.053845569940583225
591,4,10,150,50,0.0
592,4,10,150,50,0.34773717899941914
593,4,10,150,50,0.05980662297351645
594,4,10,150,50,0.0
595,4,10,150,50,0.0611978583523161
596,4,10,150,50,0.0
597,4,10,150,50,0.27101620591530523
598,4,10,150,50,0.0684591776394769
599,4,10,150,50,0.0
600,4,10,150,50,0.09197011795311534
601,4,10,150,50,0.0
602,4,10,150,50,0.0
603,4,10,150,50,0.0
604,4,10,150,50,0.0
605,4,10,150,50,0.23939908411991156
606,4,10,150,50,0.16403491769650266
607,4,10,150,50,0.0
608,4,10,150,50,0.056859922018167475
609,4,10,150,50,0.0
610,4,10,150,50,0.19303241878686786
611,4,10,150,50,0.07624568872860434
612,4,10,150,50,0.0
613,4,10,150,50,0.04578230021840749
614,4,10,150,50,0.0
615,4,10,150,50,0.027541830374730368
616,4,10,150,50,0.03618657486793958
617,4,10,150,50,0.0
618,4,10,150,50,0.13504676861811904
619,4,10,150,50,0.09517846330438508
620,4,10,150,50,0.14012037550990028
621,4,10,150,50,0.09678412991767817
622,4,10,150,50,0.18767728715507445
623,4,10,150,50,0.17494254380936963
624,4,10,150,50,0.06626749824739844
625,4,10,150,50,0.0
626,4,10,150,50,0.06228974831361337
627,4,10,150,50,0.06945233499530101
628,4,10,150,50,0.0
629,4,10,150,50,0.10922434570876023
630,4,10,150,50,0.15874779570678058
631,4,10,150,50,0.0
632,4,10,150,50,0.12112269717167994
633,4,10,150,50,0.07414861528507455
634,4,10,150,50,0.022104381789790163
635,4,10,150,50,0.04546401530948942
636,4,10,150,50,0.06364028872631156
637,4,10,150,50,0.01928973283308616
638,4,10,150,50,0.09712868482236708
639,4,10,150,50,0.016417578556357865
640,4,10,150,50,0.06863585092844288
641,4,10,150,50,0.07675099783970546
642,4,10,150,50,0.14750372021728586
643,4,10,150,50,0.12546838982456895
644,4,10,150,50,0.04935421935348238
645,4,10,150,50,0.16158259063789654
646,4,10,150,50,0.0
647,4,10,150,50,0.030218457878623886
648,4,10,150,50,0.14116402989006818
649,4,10,150,50,0.15489949502599
650,4,10,150,50,0.05434402531843663
651,4,10,150,50,0.0
652,4,10,150,50,0.08156220960446063
653,4,10,150,50,0.1277199695752436
654,4,10,150,50,0.21255442687635834
655,4,10,150,50,0.10122312774787053
656,4,10,150,50,0.07397229644086958
657,4,10,150,50,0.0
658,4,10,150,50,0.2625403796417579
659,4,10,150,50,0.09255928832413277
660,4,10,150,50,0.014378420432648437
661,4,10,150,50,0.06962713451216634
662,4,10,150,50,0.0512644431393966
663,4,10,150,50,0.24678878662478806
664,4,10,150,50,0.28517362059082263
665,4,10,150,50,0.0
666,4,10,150,50,0.22446060274169738
667,4,10,150,50,0.22356588040577743
668,4,10,150,50,0.06194403202282284
669,4,10,150,50,0.09857402842117612
670,4,10,150,50,0.06613087842005526
671,4,10,150,50,0.14406006556003687
672,4,10,150,50,0.0
673,4,10,150,50,0.11200122330869035
674,4,10,150,50,0.11338915993603582
675,4,10,150,50,0.0
676,4,10,150,50,0.16684180252782607
677,4,10,150,50,0.03314040476303028
678,4,10,150,50,0.0
679,4,10,150,50,0.15527711509166947
680,4,10,150,50,0.11377863936243801
681,4,10,150,50,0.0
682,4,10,150,50,0.1407520140666973
683,4,10,150,50,0.0
684,4,10,150,50,0.06573003977381581
685,4,10,150,50,0.1906465758273748
686,4,10,150,50,0.07277260183012466
687,4,10,150,50,0.0
688,4,10,150,50,0.0
689,4,10,150,50,0.15001451003751623
690,4,10,150,50,0.07914701567910001
691,4,10,150,50,0.05446824630887794
692,4,10,150,50,0.12090042896411356
693,4,10,150,50,0.0
694,4,10,150,50,0.14941911728862917
695,4,10,150,50,0.0
696,4,10,150,50,0.039725595076707886
697,4,10,150,50,0.04239477130634912
698,4,10,150,50,0.041937660325009396
699,4,10,150,50,0.050296301412810544
700,4,10,150,50,0.12729890218214104
701,4,10,150,50,0.0
702,4,10,150,50,0.037715680681715956
703,4,10,150,50,0.11918688501400482
704,4,10,150,50,0.17661711560720053
705,4,10,150,50,0.13727675104556403
706,4,10,150,50,0.04395738023645723
707,4,10,150,50,0.03535179673430492
708,4,10,150,50,0.07186325791519563
709,4,10,150,50,0.13472082394875662
710,4,10,150,50,0.10695361352497157
711,4,10,150,50,0.16916952293775248
712,4,10,150,50,0.1318313600808664
713,4,10,150,50,0.1468735732232516
714,4,10,150,50,0.03441184191455828
715,4,10,150,50,0.0
716,4,10,150,50,0.27699367768149485
717,4,10,150,50,0.07404050304446648
718,4,10,150,50,0.035328385129692476
719,4,10,150,50,0.09883437846193516
720,4,10,150,50,0.0
721,4,10,150,50,0.1667407947373387
722,4,10,150,50,0.06556429791586475
723,4,10,150,50,0.0
724,4,10,150,50,0.0
725,4,10,150,50,0.0
726,4,10,150,50,0.05010834716923557
727,4,10,150,50,0.16635220958436794
728,4,10,150,50,0.09627818061559096
729,4,10,150,50,0.0
730,4,10,150,50,0.02601736765943984
731,4,10,150,50,0.09388827751441965
732,4,10,150,50,0.0
733,4,10,150,50,0.1300076176478829
734,4,10,150,50,0.0
735,4,10,150,50,0.0
736,4,10,150,50,0.0
737,4,10,150,50,0.1138970555583582
738,4,10,150,50,0.14861011360773918
739,4,10,150,50,0.03855307727568851
740,4,10,150,50,0.0
741,4,10,150,50,0.05358697798864893
742,4,10,150,50,0.0488929053971083
743,4,10,150,50,0.034616222155696735
744,4,10,150,50,0.03596673601130318
745,4,10,150,50,0.03520132288421838
746,4,10,150,50,0.23491487959421534
747,4,10,150,50,0.45647191303584833
748,4,10,150,50,0.09621648119325965
749,4,10,150,50,0.14906877347218186
750,4,10,150,50,0.041278922835426404
751,4,10,150,50,0.07295385129024132
752,4,10,150,50,0.023242424817620892
753,4,10,150,50,0.15780803084928155
754,4,10,150,50,0.0
755,4,10,150,50,0.03855371268423985
756,4,10,150,50,0.031104745345423533
757,4,10,150,50,0.0
758,4,10,150,50,0.27791927089891494
759,4,10,150,50,0.08145040004058159
760,4,10,150,50,0.0
761,4,10,150,50,0.04712005628768104
762,4,10,150,50,0.051960280791503534
763,4,10,150,50,0.04542386553984721
764,4,10,150,50,0.08946696896639536
765,4,10,150,50,0.15066101840234988
766,4,10,150,50,0.027617814335417826
767,4,10,150,50,0.10635849541123835
768,4,10,150,50,0.060133059387366614
769,4,10,150,50,0.0
770,4,10,150,50,0.1912123147921425
771,4,10,150,50,0.2651268025111742
772,4,10,150,50,0.0
773,4,10,150,50,0.09088504494883054
774,4,10,150,50,0.06026372468489225
775,4,10,150,50,0.0
776,4,10,150,50,0.138487812915294
777,4,10,150,50,0.0
778,4,10,150,50,0.1631238413472767
779,4,10,150,50,0.0
780,4,10,150,50,0.030023253564245667
781,4,10,150,50,0.17659637455717878
782,4,10,150,50,0.050946238137399284
783,4,10,150,50,0.0
784,4,10,150,50,0.0
785,4,10,150,50,0.0
786,4,10,150,50,0.0
787,4,10,150,50,0.0
788,4,10,150,50,0.2845489522310468
789,4,10,150,50,0.08809718769055445
790,4,10,150,50,0.0
791,4,10,150,50,0.04465281017341861
792,4,10,150,50,0.06658592494149675
793,4,10,150,50,0.0
794,4,10,150,50,0.04108065887337468
795,4,10,150,50,0.013958370111874474
796,4,10,150,50,0.40264116962748286
797,4,10,150,50,0.11278903329502893
798,4,10,150,50,0.04891788100710955
799,4,10,150,50,0.0
800,4,10,150,50,0.03244993904038569
801,4,10,150,50,0.1561471668577559
802,4,10,150,50,0.06960082070980815
803,4,10,150,50,0.10569353498973794
804,4,10,150,50,0.15880099386983593
805,4,10,150,50,0.12637318327660169
806,4,10,150,50,0.2959152150106387
807,4,10,150,50,0.11376411905435997
808,4,10,150,50,0.03535057968151573
809,4,10,150,50,0.0
810,4,10,150,50,0.0
811,4,10,150,50,0.0
812,4,10,150,50,0.0
813,4,10,150,50,0.0
814,4,10,150,50,0.034616222155696735
815,4,10,150,50,0.22686432261017295
816,4,10,150,50,0.0
817,4,10,150,50,0.0
818,4,10,150,50,0.05516788910004661
819,4,10,150,50,0.037210602758860095
820,4,10,150,50,0.0
821,4,10,150,50,0.302950268110492
822,4,10,150,50,0.0
823,4,10,150,50,0.2175637104088481
824,4,10,150,50,0.05046096657376444
825,4,10,150,50,0.058844004557403
826,4,10,150,50,0.13697471880674347
827,4,10,150,50,0.0
828,4,10,150,50,0.05745618865524075
829,4,10,150,50,0.15110239493068348
830,4,10,150,50,0.16500839434455078
831,4,10,150,50,0.19369981287762317
832,4,10,150,50,0.0
833,4,10,150,50,0.20280696214286723
834,4,10,150,50,0.2706897351446418
835,4,10,150,50,0.12392697171827026
836,4,10,150,50,0.1552149671019067
837,4,10,150,50,0.0
838,4,10,150,50,0.24560504806301242
839,4,10,150,50,0.08633834411059861
840,4,10,150,50,0.344472358499102
841,4,10,150,50,0.03291850551891958
842,4,10,150,50,0.0
843,4,10,150,50,0.0
844,4,10,150,50,0.05872188515498603
845,4,10,150,50,0.0
846,4,10,150,50,0.3423876361237906
847,4,10,150,50,0.050303276173890875
848,4,10,150,50,0.027845684093146916
849,4,10,150,50,0.0419387969316025
850,4,10,150,50,0.20938747063345256
851,4,10,150,50,0.0555603132453106
852,4,10,150,50,0.26227118260874954
853,4,10,150,50,0.0
854,4,10,150,50,0.0
855,4,10,150,50,0.0
856,4,10,150,50,0.0
857,4,10,150,50,0.0
858,4,10,150,50,0.10250982096838526
859,4,10,150,50,0.0
860,4,10,150,50,0.05581413229524745
861,4,10,150,50,0.03709674194804795
862,4,10,150,50,0.0983140563227269
863,4,10,150,50,0.055717426868775705
864,4,10,150,50,0.4545041569288293
865,4,10,150,50,0.07803010102565
866,4,10,150,50,0.16283687678415507
867,4,10,150,50,0.1579192849910101
868,4,10,150,50,0.26935118179010664
869,4,10,150,50,0.03406297225598251
870,4,10,150,50,0.30383332704012095
871,4,10,150,50,0.07671500640841461
872,4,10,150,50,0.02804794621397926
873,4,10,150,50,0.0
874,4,10,150,50,0.13944914190808633
875,4,10,150,50,0.11729943308729383
876,4,10,150,50,0.08671382849411972
877,4,10,150,50,0.0835317778614811
878,4,10,150,50,0.1821794312494784
879,4,10,150,50,0.03963466998423315
880,4,10,150,50,0.421555243565997
881,4,10,150,50,0.12246103182449679
882,4,10,150,50,0.19285833714029754
883,4,10,150,50,0.374629716945822
884,4,10,150,50,0.09113547509404434
885,4,10,150,50,0.04536087033637415
886,4,10,150,50,0.20414126169641172
887,4,10,150,50,0.0944106205849735
888,4,10,150,50,0.11625487663628292
889,4,10,150,50,0.0
890,4,10,150,50,0.10586195167631259
891,4,10,150,50,0.10491091696774645
892,4,10,150,50,0.2866433596874515
893,4,10,150,50,0.10869735563398858
894,4,10,150,50,0.12751236730947693
895,4,10,150,50,0.0
896,4,10,150,50,0.3500585940085097
897,4,10,150,50,0.2879438683075753
898,4,10,150,50,0.0
899,4,10,150,50,0.06589778133447222
900,4,10,150,50,0.055315677011973347
901,4,10,150,50,0.18132668514654882
902,4,10,150,50,0.05978585424799658
903,4,10,150,50,0.22064009608539073
904,4,10,150,50,0.0
905,4,10,150,50,0.0
906,4,10,150,50,0.10407444169186962
907,4,10,150,50,0.031742806389256244
908,4,10,150,50,0.06892767477436933
909,4,10,150,50,0.0
910,4,10,150,50,0.0
911,4,10,150,50,0.11703906065408363
912,4,10,150,50,0.15575097056245804
913,4,10,150,50,0.07609952200598366
914,4,10,150,50,0.0
915,4,10,150,50,0.0
916,4,10,150,50,0.2977235827540137
917,4,10,150,50,0.0
918,4,10,150,50,0.043627084055128
919,4,10,150,50,0.11931459218974154
920,4,10,150,50,0.0
921,4,10,150,50,0.15405864814296488
922,4,10,150,50,0.1280645281724967
923,4,10,150,50,0.02142307850464013
924,4,10,150,50,0.018280262702529162
925,4,10,150,50,0.0
926,4,10,150,50,0.0
927,4,10,150,50,0.04499596683729014
928,4,10,150,50,0.1482972305701491
929,4,10,150,50,0.25163227912988373
930,4,10,150,50,0.0
931,4,10,150,50,0.08679587898287541
932,4,10,150,50,0.23092713814048477
933,4,10,150,50,0.04051360847124287
934,4,10,150,50,0.11281630927162026
935,4,10,150,50,0.04173963774222741
936,4,10,150,50,0.1321191921354211
937,4,10,150,50,0.0
938,4,10,150,50,0.1482741018676109
939,4,10,150,50,0.02916862694666808
940,4,10,150,50,0.050684733114198
941,4,10,150,50,0.0
942,4,10,150,50,0.08711514530833754
943,4,10,150,50,0.20163692230838232
1,4,10,150,51,0.4058715898896693
2,4,10,150,51,0.06250343848035038
3,4,10,150,51,0.0
4,4,10,150,51,0.0
5,4,10,150,51,0.040209635547393256
6,4,10,150,51,0.27020011346731576
7,4,10,150,51,0.29136519416833906
8,4,10,150,51,0.0
9,4,10,150,51,0.21840743681816419
10,4,10,150,51,0.13118672884982416
11,4,10,150,51,0.1722584975122812
12,4,10,150,51,0.0
13,4,10,150,51,0.2561196354328884
14,4,10,150,51,0.0
15,4,10,150,51,0.05010834716923557
16,4,10,150,51,0.053168340515114924
17,4,10,150,51,0.0
18,4,10,150,51,0.24724966735366713
19,4,10,150,51,0.0
20,4,10,150,51,0.0
21,4,10,150,51,0.0
22,4,10,150,51,0.11702382382650763
23,4,10,150,51,0.23682446174402746
24,4,10,150,51,0.0
25,4,10,150,51,0.12358102547512423
26,4,10,150,51,0.0
27,4,10,150,51,0.0
28,4,10,150,51,0.0
29,4,10,150,51,0.13455232720853103
30,4,10,150,51,0.0
31,4,10,150,51,0.0
32,4,10,150,51,0.0
33,4,10,150,51,0.0
35,4,10,150,51,0.10523285614729473
36,4,10,150,51,0.0
37,4,10,150,51,0.0
38,4,10,150,51,0.04739418218477539
39,4,10,150,51,0.0
40,4,10,150,51,0.0
41,4,10,150,51,0.0
42,4,10,150,51,0.0683037314796457
43,4,10,150,51,0.22592974817952552
44,4,10,150,51,0.2044921015662719
45,4,10,150,51,0.05200670101006268
46,4,10,150,51,0.11284514134893527
47,4,10,150,51,0.06250343848035038
48,4,10,150,51,0.0
49,4,10,150,51,0.0
50,4,10,150,51,0.0
51,4,10,150,51,0.16812753627111746
52,4,10,150,51,0.0
54,4,10,150,51,0.0
56,4,10,150,51,0.20383503459815738
57,4,10,150,51,0.266853764647674
58,4,10,150,51,0.3717269535737058
59,4,10,150,51,0.2378606442039324
60,4,10,150,51,0.1505674224523334
61,4,10,150,51,0.0
62,4,10,150,51,0.08314631791322982
63,4,10,150,51,0.0
64,4,10,150,51,0.04238468688770069
65,4,10,150,51,0.13012668333070054
66,4,10,150,51,0.0
67,4,10,150,51,0.0
68,4,10,150,51,0.4827392464262081
69,4,10,150,51,0.07673373981757839
70,4,10,150,51,0.0
71,4,10,150,51,0.0
72,4,10,150,51,0.0
73,4,10,150,51,0.0
74,4,10,150,51,0.0
75,4,10,150,51,0.049432410190049694
76,4,10,150,51,0.1301464707340554
77,4,10,150,51,0.10201115106436301
78,4,10,150,51,0.0
79,4,10,150,51,0.27487633291429087
80,4,10,150,51,0.0
81,4,10,150,51,0.0
82,4,10,150,51,0.19298623480417013
83,4,10,150,51,0.12089611529519323
84,4,10,150,51,0.05034889199379723
85,4,10,150,51,0.0
87,4,10,150,51,0.07100089300395272
89,4,10,150,51,0.2553387838830436
90,4,10,150,51,0.021827649599846295
91,4,10,150,51,0.05648147012627732
92,4,10,150,51,0.10542637391232386
93,4,10,150,51,0.0
94,4,10,150,51,0.08791240958776
95,4,10,150,51,0.17287436926807473
96,4,10,150,51,0.0
97,4,10,150,51,0.06462745615384195
98,4,10,150,51,0.0930297504356062
99,4,10,150,51,0.05658242244874664
100,4,10,150,51,0.0
101,4,10,150,51,0.0
102,4,10,150,51,0.0
103,4,10,150,51,0.0
104,4,10,150,51,0.0
105,4,10,150,51,0.0
106,4,10,150,51,0.0
107,4,10,150,51,0.0
108,4,10,150,51,0.0
109,4,10,150,51,0.07103066762111539
110,4,10,150,51,0.0
111,4,10,150,51,0.0
112,4,10,150,51,0.05685954565780693
113,4,10,150,51,0.053168340515114924
114,4,10,150,51,0.0
115,4,10,150,51,0.10684080426179023
116,4,10,150,51,0.0
117,4,10,150,51,0.20857178832305684
118,4,10,150,51,0.0
119,4,10,150,51,0.18374222286855332
120,4,10,150,51,0.0
121,4,10,150,51,0.271985059917519
122,4,10,150,51,0.1530100230930498
123,4,10,150,51,0.07386004580671933
125,4,10,150,51,0.12702645795516354
126,4,10,150,51,0.06911917000496234
127,4,10,150,51,0.10253313861822189
128,4,10,150,51,0.05750548798281727
129,4,10,150,51,0.0
130,4,10,150,51,0.16099269493775217
131,4,10,150,51,0.0
133,4,10,150,51,0.11047239495909743
134,4,10,150,51,0.0
135,4,10,150,51,0.0
137,4,10,150,51,0.06989841918216891
138,4,10,150,51,0.0
139,4,10,150,51,0.0
141,4,10,150,51,0.0
142,4,10,150,51,0.13373003436102654
143,4,10,150,51,0.1208996448617798
144,4,10,150,51,0.1227945149537572
145,4,10,150,51,0.08829985348038716
146,4,10,150,51,0.0
148,4,10,150,51,0.054181637470214
149,4,10,150,51,0.0
150,4,10,150,51,0.10235170428306553
151,4,10,150,51,0.06298430394440727
152,4,10,150,51,0.0
153,4,10,150,51,0.0
154,4,10,150,51,0.06372882143962796
155,4,10,150,51,0.0
156,4,10,150,51,0.0
158,4,10,150,51,0.17575552384613552
159,4,10,150,51,0.0
160,4,10,150,51,0.0
161,4,10,150,51,0.0
162,4,10,150,51,0.0
163,4,10,150,51,0.0
164,4,10,150,51,0.0
165,4,10,150,51,0.12114889742360979
166,4,10,150,51,0.0
167,4,10,150,51,0.0
168,4,10,150,51,0.23504554941448536
169,4,10,150,51,0.06416923277158361
170,4,10,150,51,0.0
171,4,10,150,51,0.0
172,4,10,150,51,0.0
173,4,10,150,51,0.0
174,4,10,150,51,0.060961917527339995
175,4,10,150,51,0.0
176,4,10,150,51,0.0
177,4,10,150,51,0.06912040963822193
178,4,10,150,51,0.2437589399037192
179,4,10,150,51,0.06723507268634088
180,4,10,150,51,0.12262943855309168
181,4,10,150,51,0.01719677167528726
182,4,10,150,51,0.0
183,4,10,150,51,0.0
184,4,10,150,51,0.09303069037986347
185,4,10,150,51,0.07745351606183934
186,4,10,150,51,0.22147164648185297
187,4,10,150,51,0.08625091781054979
188,4,10,150,51,0.054384419234677496
189,4,10,150,51,0.2089531400761587
190,4,10,150,51,0.10699313236726378
191,4,10,150,51,0.0
192,4,10,150,51,0.0
193,4,10,150,51,0.0
194,4,10,150,51,0.0
195,4,10,150,51,0.0
196,4,10,150,51,0.0
197,4,10,150,51,0.05576624569167862
198,4,10,150,51,0.0
199,4,10,150,51,0.0
200,4,10,150,51,0.0891099526415642
201,4,10,150,51,0.03487978243545732
203,4,10,150,51,0.0
204,4,10,150,51,0.0
205,4,10,150,51,0.0
206,4,10,150,51,0.0
207,4,10,150,51,0.050513241088636716
209,4,10,150,51,0.0
210,4,10,150,51,0.09440608278107551
211,4,10,150,51,0.0
212,4,10,150,51,0.12681701683239352
213,4,10,150,51,0.2384146878320104
214,4,10,150,51,0.056720838976548935
215,4,10,150,51,0.0
216,4,10,150,51,0.03497205398870122
217,4,10,150,51,0.0
218,4,10,150,51,0.19092086617893467
219,4,10,150,51,0.0
221,4,10,150,51,0.3375735570145491
222,4,10,150,51,0.12476107276951183
223,4,10,150,51,0.03870447337439288
224,4,10,150,51,0.0
225,4,10,150,51,0.0
226,4,10,150,51,0.0
227,4,10,150,51,0.0
228,4,10,150,51,0.0
229,4,10,150,51,0.0
230,4,10,150,51,0.23712439662683835
231,4,10,150,51,0.0
232,4,10,150,51,0.3234992853586256
233,4,10,150,51,0.0968152409481219
234,4,10,150,51,0.06411917231744522
235,4,10,150,51,0.06065881345112158
236,4,10,150,51,0.0
237,4,10,150,51,0.0
238,4,10,150,51,0.0
239,4,10,150,51,0.060772229737720354
240,4,10,150,51,0.05497526658285817
242,4,10,150,51,0.0
243,4,10,150,51,0.09267768927614353
244,4,10,150,51,0.15765545519871427
245,4,10,150,51,0.0
246,4,10,150,51,0.08041927109478651
247,4,10,150,51,0.0
248,4,10,150,51,0.14830051302014485
249,4,10,150,51,0.25407033333205165
250,4,10,150,51,0.3503302816689379
251,4,10,150,51,0.0
252,4,10,150,51,0.0
253,4,10,150,51,0.05954496680255472
254,4,10,150,51,0.0
255,4,10,150,51,0.0
256,4,10,150,51,0.16583176898817792
257,4,10,150,51,0.3305900772260718
258,4,10,150,51,0.0
259,4,10,150,51,0.0
260,4,10,150,51,0.0
261,4,10,150,51,0.0
262,4,10,150,51,0.0
263,4,10,150,51,0.12774011823457565
264,4,10,150,51,0.0
265,4,10,150,51,0.10209739512291163
267,4,10,150,51,0.09794101962538232
268,4,10,150,51,0.040466532906672535
269,4,10,150,51,0.13223875150584097
270,4,10,150,51,0.0
271,4,10,150,51,0.12276482551434069
272,4,10,150,51,0.14498698048571354
273,4,10,150,51,0.0
274,4,10,150,51,0.0
275,4,10,150,51,0.04605780568615433
276,4,10,150,51,0.18784639929386426
277,4,10,150,51,0.0
279,4,10,150,51,0.06493409231178052
280,4,10,150,51,0.03337620304869898
281,4,10,150,51,0.0
283,4,10,150,51,0.07132875491150918
284,4,10,150,51,0.0
285,4,10,150,51,0.1185995982858366
286,4,10,150,51,0.2811006876018765
287,4,10,150,51,0.06364028872631156
288,4,10,150,51,0.12538054736008386
289,4,10,150,51,0.13905617951077562
290,4,10,150,51,0.0
291,4,10,150,51,0.2183602490428485
292,4,10,150,51,0.08933583385868532
293,4,10,150,51,0.10795785893996995
294,4,10,150,51,0.04123398036294628
295,4,10,150,51,0.2670961153715764
296,4,10,150,51,0.47774763069170006
297,4,10,150,51,0.10821553499518591
298,4,10,150,51,0.19947114504638494
299,4,10,150,51,0.0
300,4,10,150,51,0.0
301,4,10,150,51,0.047934103497110726
303,4,10,150,51,0.08670638041859835
304,4,10,150,51,0.0
305,4,10,150,51,0.31514747987601716
306,4,10,150,51,0.0
307,4,10,150,51,0.1383141340724969
308,4,10,150,51,0.19205342317019936
309,4,10,150,51,0.0
310,4,10,150,51,0.0
311,4,10,150,51,0.08938791352906189
312,4,10,150,51,0.07579200366109638
313,4,10,150,51,0.14465709645474623
314,4,10,150,51,0.18379915372429234
315,4,10,150,51,0.0
316,4,10,150,51,0.04568304891751105
317,4,10,150,51,0.0
318,4,10,150,51,0.10118786565551004
319,4,10,150,51,0.0
320,4,10,150,51,0.0
321,4,10,150,51,0.062242588308449316
322,4,10,150,51,0.17342765698823945
323,4,10,150,51,0.14126697285982898
324,4,10,150,51,0.0
325,4,10,150,51,0.0
326,4,10,150,51,0.0634222181618871
327,4,10,150,51,0.0
328,4,10,150,51,0.1437524526514495
329,4,10,150,51,0.0
330,4,10,150,51,0.0536466452928127
331,4,10,150,51,0.16958010263680806
332,4,10,150,51,0.024647523009140075
333,4,10,150,51,0.0
334,4,10,150,51,0.07058424671826317
336,4,10,150,51,0.0
337,4,10,150,51,0.16716045496620227
338,4,10,150,51,0.05005165434923901
339,4,10,150,51,0.06608282041002614
340,4,10,150,51,0.0
341,4,10,150,51,0.0
342,4,10,150,51,0.2625072992734236
343,4,10,150,51,0.28732332399638805
344,4,10,150,51,0.23832550406045652
345,4,10,150,51,0.056149696530797676
346,4,10,150,51,0.13947804593499064
347,4,10,150,51,0.08705643551438974
348,4,10,150,51,0.071942683897578
349,4,10,150,51,0.07673373981757839
350,4,10,150,51,0.0749368547125808
351,4,10,150,51,0.0
352,4,10,150,51,0.0
353,4,10,150,51,0.0
354,4,10,150,51,0.051249224710132255
355,4,10,150,51,0.0
356,4,10,150,51,0.08406376813555873
357,4,10,150,51,0.0
358,4,10,150,51,0.20438239758848611
359,4,10,150,51,0.0
360,4,10,150,51,0.06752012359727312
361,4,10,150,51,0.09622728274290568
362,4,10,150,51,0.0
363,4,10,150,51,0.1803013146105011
364,4,10,150,51,0.0
365,4,10,150,51,0.0
366,4,10,150,51,0.0
367,4,10,150,51,0.0
368,4,10,150,51,0.0
369,4,10,150,51,0.0
370,4,10,150,51,0.13479984916817475
371,4,10,150,51,0.16676134190097475
372,4,10,150,51,0.0
373,4,10,150,51,0.035769798946978335
374,4,10,150,51,0.06834943074719504
375,4,10,150,51,0.0
376,4,10,150,51,0.0
377,4,10,150,51,0.0
378,4,10,150,51,0.16448029476168333
379,4,10,150,51,0.11339835829152477
380,4,10,150,51,0.0
381,4,10,150,51,0.05105625351125917
382,4,10,150,51,0.0
383,4,10,150,51,0.04838338183089434
384,4,10,150,51,0.0
385,4,10,150,51,0.0
386,4,10,150,51,0.0
387,4,10,150,51,0.11497906462099297
388,4,10,150,51,0.04511904280884329
389,4,10,150,51,0.12419123143547287
390,4,10,150,51,0.0
391,4,10,150,51,0.2137247802747043
392,4,10,150,51,0.0
393,4,10,150,51,0.014053556787151419
394,4,10,150,51,0.11073655428626575
395,4,10,150,51,0.04931346192675315
396,4,10,150,51,0.0
397,4,10,150,51,0.22320497122386787
398,4,10,150,51,0.16581649615734612
399,4,10,150,51,0.032185911779114895
400,4,10,150,51,0.0
401,4,10,150,51,0.0
402,4,10,150,51,0.08963222225173058
403,4,10,150,51,0.0854499779566911
404,4,10,150,51,0.0
405,4,10,150,51,0.06188507487178306
406,4,10,150,51,0.20956416940551098
407,4,10,150,51,0.04270006763257965
408,4,10,150,51,0.0
409,4,10,150,51,0.10914342353313093
410,4,10,150,51,0.0
411,4,10,150,51,0.0
412,4,10,150,51,0.0
413,4,10,150,51,0.041646268351119564
414,4,10,150,51,0.0
415,4,10,150,51,0.15103391472831218
416,4,10,150,51,0.1975220784802755
417,4,10,150,51,0.09850508837083022
418,4,10,150,51,0.0
419,4,10,150,51,0.1208113026994942
420,4,10,150,51,0.06052048269976269
421,4,10,150,51,0.15435807162450887
422,4,10,150,51,0.04320473659574256
423,4,10,150,51,0.053845569940583225
424,4,10,150,51,0.2766918177656049
425,4,10,150,51,0.1674157226455415
426,4,10,150,51,0.040759261617270684
427,4,10,150,51,0.0
428,4,10,150,51,0.0
429,4,10,150,51,0.16418333419258643
430,4,10,150,51,0.0
431,4,10,150,51,0.0
432,4,10,150,51,0.0
433,4,10,150,51,0.05780921899607981
434,4,10,150,51,0.20778267687568405
435,4,10,150,51,0.1658462049662299
436,4,10,150,51,0.0
437,4,10,150,51,0.09166074247719914
438,4,10,150,51,0.0
439,4,10,150,51,0.10863976191957724
440,4,10,150,51,0.0
441,4,10,150,51,0.0
442,4,10,150,51,0.040949887133979804
443,4,10,150,51,0.06783204105472322
444,4,10,150,51,0.1312721899408984
445,4,10,150,51,0.0
446,4,10,150,51,0.0
447,4,10,150,51,0.16246725303708914
448,4,10,150,51,0.0
449,4,10,150,51,0.1511226181481109
450,4,10,150,51,0.2957495356524092
451,4,10,150,51,0.06148915918944534
452,4,10,150,51,0.10773098771530253
453,4,10,150,51,0.0
454,4,10,150,51,0.0
455,4,10,150,51,0.063401477059351
456,4,10,150,51,0.018650043077523788
457,4,10,150,51,0.282690216345629
458,4,10,150,51,0.06982799741808067
459,4,10,150,51,0.0
460,4,10,150,51,0.05184030722866645
461,4,10,150,51,0.0
462,4,10,150,51,0.0
463,4,10,150,51,0.11987424504051505
464,4,10,150,51,0.0
465,4,10,150,51,0.0
466,4,10,150,51,0.0
467,4,10,150,51,0.07807600999842033
468,4,10,150,51,0.11455543964849552
469,4,10,150,51,0.0
470,4,10,150,51,0.0
471,4,10,150,51,0.0
472,4,10,150,51,0.059378631551402404
473,4,10,150,51,0.06140244428718695
474,4,10,150,51,0.2066508779741174
475,4,10,150,51,0.0
476,4,10,150,51,0.0
477,4,10,150,51,0.0
478,4,10,150,51,0.2345109835167376
479,4,10,150,51,0.10172348796286074
480,4,10,150,51,0.0741070054529978
481,4,10,150,51,0.10388675010296258
482,4,10,150,51,0.0
483,4,10,150,51,0.05658242244874664
484,4,10,150,51,0.2723783861819967
485,4,10,150,51,0.0
486,4,10,150,51,0.0
487,4,10,150,51,0.08199193156683765
488,4,10,150,51,0.0
489,4,10,150,51,0.0
490,4,10,150,51,0.0
491,4,10,150,51,0.10497643268981144
492,4,10,150,51,0.0
493,4,10,150,51,0.1254889491373293
494,4,10,150,51,0.0
495,4,10,150,51,0.09864236150154798
496,4,10,150,51,0.047739744220948385
497,4,10,150,51,0.05057001832592956
498,4,10,150,51,0.0
499,4,10,150,51,0.02651211589009722
500,4,10,150,51,0.09541527213731128
501,4,10,150,51,0.0
502,4,10,150,51,0.0
503,4,10,150,51,0.05608659198762317
504,4,10,150,51,0.08148269775823089
505,4,10,150,51,0.07379217622092994
506,4,10,150,51,0.09189693985455885
507,4,10,150,51,0.05319635904163211
508,4,10,150,51,0.0
509,4,10,150,51,0.0
510,4,10,150,51,0.0
511,4,10,150,51,0.08495943917278885
512,4,10,150,51,0.05478392673173268
513,4,10,150,51,0.0
514,4,10,150,51,0.27252722616773445
515,4,10,150,51,0.11706259313796354
516,4,10,150,51,0.0
517,4,10,150,51,0.08878770367712427
518,4,10,150,51,0.0
519,4,10,150,51,0.0
520,4,10,150,51,0.0
521,4,10,150,51,0.09850628252086785
522,4,10,150,51,0.12524561954372188
523,4,10,150,51,0.032114893884379984
524,4,10,150,51,0.14846976413250482
525,4,10,150,51,0.0
526,4,10,150,51,0.04972780777662495
527,4,10,150,51,0.1448182018041012
528,4,10,150,51,0.10209739512291163
529,4,10,150,51,0.0
530,4,10,150,51,0.0
531,4,10,150,51,0.1517763576041802
532,4,10,150,51,0.2605156935235651
533,4,10,150,51,0.11557545112991054
534,4,10,150,51,0.1046638363823608
535,4,10,150,51,0.12373646939599506
536,4,10,150,51,0.09414825230406802
537,4,10,150,51,0.374680370268064
538,4,10,150,51,0.14697776980950736
539,4,10,150,51,0.04478826142555715
540,4,10,150,51,0.0
541,4,10,150,51,0.04030702414138781
542,4,10,150,51,0.049033875503285806
543,4,10,150,51,0.04953295293703468
544,4,10,150,51,0.0
545,4,10,150,51,0.02244213465825961
546,4,10,150,51,0.05758752804519195
547,4,10,150,51,0.0
548,4,10,150,51,0.1103190733436671
549,4,10,150,51,0.0
550,4,10,150,51,0.04785685030080952
551,4,10,150,51,0.07943402158562447
552,4,10,150,51,0.1205344274731702
553,4,10,150,51,0.04743759234968417
554,4,10,150,51,0.12627825946936164
555,4,10,150,51,0.0
556,4,10,150,51,0.07660623398069263
557,4,10,150,51,0.0
558,4,10,150,51,0.08878770367712427
559,4,10,150,51,0.04366879852493834
560,4,10,150,51,0.09375790921485552
561,4,10,150,51,0.05281732011704591
562,4,10,150,51,0.02783211215220634
563,4,10,150,51,0.0
564,4,10,150,51,0.08498983725535779
565,4,10,150,51,0.0
566,4,10,150,51,0.03579489106983033
567,4,10,150,51,0.1471381878632886
568,4,10,150,51,0.036155150901276155
569,4,10,150,51,0.18299769260789403
570,4,10,150,51,0.0
571,4,10,150,51,0.0
572,4,10,150,51,0.16812753627111746
573,4,10,150,51,0.06437746926759551
574,4,10,150,51,0.051811563545175146
575,4,10,150,51,0.0
576,4,10,150,51,0.0
577,4,10,150,51,0.1914871671483212
578,4,10,150,51,0.0
579,4,10,150,51,0.0
580,4,10,150,51,0.12128674553236206
581,4,10,150,51,0.05276490902632437
582,4,10,150,51,0.03190895161277091
583,4,10,150,51,0.0
584,4,10,150,51,0.06323567569191428
585,4,10,150,51,0.04173963774222741
586,4,10,150,51,0.05786021189691368
587,4,10,150,51,0.0
588,4,10,150,51,0.12100428021731384
589,4,10,150,51,0.0
590,4,10,150,51,0.053845569940583225
591,4,10,150,51,0.0
592,4,10,150,51,0.34307099062854196
593,4,10,150,51,0.05980662297351645
594,4,10,150,51,0.0
595,4,10,150,51,0.08222680541038725
596,4,10,150,51,0.0
597,4,10,150,51,0.27101620591530523
598,4,10,150,51,0.0684591776394769
599,4,10,150,51,0.0
600,4,10,150,51,0.09197011795311534
601,4,10,150,51,0.0
602,4,10,150,51,0.0
603,4,10,150,51,0.0
604,4,10,150,51,0.0
605,4,10,150,51,0.23939908411991156
606,4,10,150,51,0.16183377881461597
607,4,10,150,51,0.0
608,4,10,150,51,0.07383096797554035
609,4,10,150,51,0.0
610,4,10,150,51,0.19303241878686786
611,4,10,150,51,0.07624568872860434
612,4,10,150,51,0.0
613,4,10,150,51,0.04578230021840749
614,4,10,150,51,0.0
615,4,10,150,51,0.027541830374730368
616,4,10,150,51,0.03618657486793958
617,4,10,150,51,0.0
618,4,10,150,51,0.13323461363640665
619,4,10,150,51,0.09517846330438508
620,4,10,150,51,0.14012037550990028
621,4,10,150,51,0.09678412991767817
622,4,10,150,51,0.18515889790109638
623,4,10,150,51,0.17494254380936963
624,4,10,150,51,0.06626749824739844
625,4,10,150,51,0.0
626,4,10,150,51,0.06228974831361337
627,4,10,150,51,0.06945233499530101
628,4,10,150,51,0.0
629,4,10,150,51,0.10922434570876023
630,4,10,150,51,0.15874779570678058
631,4,10,150,51,0.0
632,4,10,150,51,0.12112269717167994
633,4,10,150,51,0.07414861528507455
634,4,10,150,51,0.022104381789790163
635,4,10,150,51,0.04546401530948942
636,4,10,150,51,0.06364028872631156
637,4,10,150,51,0.01928973283308616
638,4,10,150,51,0.09712868482236708
639,4,10,150,51,0.016417578556357865
640,4,10,150,51,0.06863585092844288
641,4,10,150,51,0.07675099783970546
642,4,10,150,51,0.1455244088709424
643,4,10,150,51,0.12378476444060314
644,4,10,150,51,0.04935421935348238
645,4,10,150,51,0.16158259063789654
646,4,10,150,51,0.0
647,4,10,150,51,0.030218457878623886
648,4,10,150,51,0.13926978908281676
649,4,10,150,51,0.15489949502599
650,4,10,150,51,0.06703351950656598
651,4,10,150,51,0.0
652,4,10,150,51,0.08156220960446063
653,4,10,150,51,0.12600613086959922
654,4,10,150,51,0.21255442687635834
655,4,10,150,51,0.09986484278415166
656,4,10,150,51,0.07397229644086958
657,4,10,150,51,0.0
658,4,10,150,51,0.2625403796417579
659,4,10,150,51,0.09131726100902805
660,4,10,150,51,0.014185480412810873
661,4,10,150,51,0.06962713451216634
662,4,10,150,51,0.0512644431393966
663,4,10,150,51,0.24347719662016162
664,4,10,150,51,0.28517362059082263
665,4,10,150,51,0.0
666,4,10,150,51,0.2214486284188852
667,4,10,150,51,0.22356588040577743
668,4,10,150,51,0.06194403202282284
669,4,10,150,51,0.11692427423906517
670,4,10,150,51,0.06613087842005526
671,4,10,150,51,0.14406006556003687
672,4,10,150,51,0.0
673,4,10,150,51,0.14837758007547783
674,4,10,150,51,0.11338915993603582
675,4,10,150,51,0.0
676,4,10,150,51,0.16684180252782607
677,4,10,150,51,0.03314040476303028
678,4,10,150,51,0.0
679,4,10,150,51,0.15527711509166947
680,4,10,150,51,0.11377863936243801
681,4,10,150,51,0.0
682,4,10,150,51,0.13886330198504596
683,4,10,150,51,0.0
684,4,10,150,51,0.06573003977381581
685,4,10,150,51,0.1906465758273748
686,4,10,150,51,0.07277260183012466
687,4,10,150,51,0.0
688,4,10,150,51,0.0
689,4,10,150,51,0.15001451003751623
690,4,10,150,51,0.07914701567910001
691,4,10,150,51,0.05446824630887794
692,4,10,150,51,0.12090042896411356
693,4,10,150,51,0.0
694,4,10,150,51,0.14941911728862917
695,4,10,150,51,0.0
696,4,10,150,51,0.039725595076707886
697,4,10,150,51,0.04239477130634912
698,4,10,150,51,0.041937660325009396
699,4,10,150,51,0.050296301412810544
700,4,10,150,51,0.12729890218214104
701,4,10,150,51,0.0
702,4,10,150,51,0.037715680681715956
703,4,10,150,51,0.11918688501400482
704,4,10,150,51,0.17661711560720053
705,4,10,150,51,0.15283347059959726
706,4,10,150,51,0.04395738023645723
707,4,10,150,51,0.034877420818316074
708,4,10,150,51,0.07186325791519563
709,4,10,150,51,0.13472082394875662
710,4,10,150,51,0.10695361352497157
711,4,10,150,51,0.1668994842179632
712,4,10,150,51,0.13006235177092298
713,4,10,150,51,0.1468735732232516
714,4,10,150,51,0.03441184191455828
715,4,10,150,51,0.0
716,4,10,150,51,0.27327677665491223
717,4,10,150,51,0.07404050304446648
718,4,10,150,51,0.035328385129692476
719,4,10,150,51,0.09883437846193516
720,4,10,150,51,0.0
721,4,10,150,51,0.1645033464449446
722,4,10,150,51,0.06556429791586475
723,4,10,150,51,0.0
724,4,10,150,51,0.0
725,4,10,150,51,0.0
726,4,10,150,51,0.05010834716923557
727,4,10,150,51,0.16411997560793257
728,4,10,150,51,0.09627818061559096
729,4,10,150,51,0.0
730,4,10,150,51,0.02601736765943984
731,4,10,150,51,0.09388827751441965
732,4,10,150,51,0.0
733,4,10,150,51,0.1300076176478829
734,4,10,150,51,0.0
735,4,10,150,51,0.0
736,4,10,150,51,0.0
737,4,10,150,51,0.1138970555583582
738,4,10,150,51,0.14661595587658577
739,4,10,150,51,0.03855307727568851
740,4,10,150,51,0.0
741,4,10,150,51,0.05358697798864893
742,4,10,150,51,0.0488929053971083
743,4,10,150,51,0.0690623255281084
744,4,10,150,51,0.03596673601130318
745,4,10,150,51,0.03520132288421838
746,4,10,150,51,0.23491487959421534
747,4,10,150,51,0.4503466435482176
748,4,10,150,51,0.09621648119325965
749,4,10,150,51,0.16048718264276696
750,4,10,150,51,0.041278922835426404
751,4,10,150,51,0.0719749038751828
752,4,10,150,51,0.023242424817620892
753,4,10,150,51,0.15780803084928155
754,4,10,150,51,0.0
755,4,10,150,51,0.03855371268423985
756,4,10,150,51,0.031104745345423533
757,4,10,150,51,0.0
758,4,10,150,51,0.28760867112543376
759,4,10,150,51,0.08145040004058159
760,4,10,150,51,0.0
761,4,10,150,51,0.06869287000000811
762,4,10,150,51,0.051960280791503534
763,4,10,150,51,0.04542386553984721
764,4,10,150,51,0.08946696896639536
765,4,10,150,51,0.15066101840234988
766,4,10,150,51,0.027247218575563264
767,4,10,150,51,0.10635849541123835
768,4,10,150,51,0.060133059387366614
769,4,10,150,51,0.0
770,4,10,150,51,0.21464739068424896
771,4,10,150,51,0.2872791742076055
772,4,10,150,51,0.0
773,4,10,150,51,0.08966548383935369
774,4,10,150,51,0.07287378407567746
775,4,10,150,51,0.0
776,4,10,150,51,0.138487812915294
777,4,10,150,51,0.0
778,4,10,150,51,0.1631238413472767
779,4,10,150,51,0.0
780,4,10,150,51,0.030023253564245667
781,4,10,150,51,0.17659637455717878
782,4,10,150,51,0.05026260475479492
783,4,10,150,51,0.0
784,4,10,150,51,0.0
785,4,10,150,51,0.0
786,4,10,150,51,0.0
787,4,10,150,51,0.0
788,4,10,150,51,0.28073066907919547
789,4,10,150,51,0.08809718769055445
790,4,10,150,51,0.0
791,4,10,150,51,0.04465281017341861
792,4,10,150,51,0.06658592494149675
793,4,10,150,51,0.0
794,4,10,150,51,0.04108065887337468
795,4,10,150,51,0.013771066630320272
796,4,10,150,51,0.3972382398954415
797,4,10,150,51,0.11278903329502893
798,4,10,150,51,0.048261465584001434
799,4,10,150,51,0.0
800,4,10,150,51,0.03244993904038569
801,4,10,150,51,0.1561471668577559
802,4,10,150,51,0.06960082070980815
803,4,10,150,51,0.10569353498973794
804,4,10,150,51,0.15667008755429238
805,4,10,150,51,0.1246774167212602
806,4,10,150,51,0.2959152150106387
807,4,10,150,51,0.11223755002057993
808,4,10,150,51,0.03535057968151573
809,4,10,150,51,0.0
810,4,10,150,51,0.0
811,4,10,150,51,0.0
812,4,10,150,51,0.0
813,4,10,150,51,0.0
814,4,10,150,51,0.034616222155696735
815,4,10,150,51,0.23723881497054455
816,4,10,150,51,0.0
817,4,10,150,51,0.0
818,4,10,150,51,0.05516788910004661
819,4,10,150,51,0.037210602758860095
820,4,10,150,51,0.0
821,4,10,150,51,0.302950268110492
822,4,10,150,51,0.0
823,4,10,150,51,0.2146442835636779
824,4,10,150,51,0.05046096657376444
825,4,10,150,51,0.0580543932464938
826,4,10,150,51,0.13513669319832483
827,4,10,150,51,0.0
828,4,10,150,51,0.05745618865524075
829,4,10,150,51,0.15110239493068348
830,4,10,150,51,0.16500839434455078
831,4,10,150,51,0.19369981287762317
832,4,10,150,51,0.0
833,4,10,150,51,0.2000855519933774
834,4,10,150,51,0.2706897351446418
835,4,10,150,51,0.12392697171827026
836,4,10,150,51,0.1552149671019067
837,4,10,150,51,0.0
838,4,10,150,51,0.2625760940203853
839,4,10,150,51,0.08633834411059861
840,4,10,150,51,0.3398499798453664
841,4,10,150,51,0.03291850551891958
842,4,10,150,51,0.0
843,4,10,150,51,0.0
844,4,10,150,51,0.05872188515498603
845,4,10,150,51,0.0
846,4,10,150,51,0.3377932317790782
847,4,10,150,51,0.04962827051882969
848,4,10,150,51,0.02747203061246811
849,4,10,150,51,0.0419387969316025
850,4,10,150,51,0.2304164176915237
851,4,10,150,51,0.054814764873711265
852,4,10,150,51,0.26227118260874954
853,4,10,150,51,0.0
854,4,10,150,51,0.0
855,4,10,150,51,0.0
856,4,10,150,51,0.0
857,4,10,150,51,0.0
858,4,10,150,51,0.10250982096838526
859,4,10,150,51,0.02575009712173795
860,4,10,150,51,0.05581413229524745
861,4,10,150,51,0.03709674194804795
862,4,10,150,51,0.09699480737837506
863,4,10,150,51,0.06838849176395118
864,4,10,150,51,0.448405292212439
865,4,10,150,51,0.07803010102565
866,4,10,150,51,0.16283687678415507
867,4,10,150,51,0.1579192849910101
868,4,10,150,51,0.2657368332876903
869,4,10,150,51,0.03406297225598251
870,4,10,150,51,0.2997562722328123
871,4,10,150,51,0.07568558910019141
872,4,10,150,51,0.02804794621397926
873,4,10,150,51,0.0
874,4,10,150,51,0.13944914190808633
875,4,10,150,51,0.11729943308729383
876,4,10,150,51,0.08671382849411972
877,4,10,150,51,0.0835317778614811
878,4,10,150,51,0.17973481619291365
879,4,10,150,51,0.03963466998423315
880,4,10,150,51,0.41589851114276294
881,4,10,150,51,0.12081776134007717
882,4,10,150,51,0.19027042481933096
883,4,10,150,51,0.36960266509698725
884,4,10,150,51,0.09113547509404434
885,4,10,150,51,0.04536087033637415
886,4,10,150,51,0.20140194695277433
887,4,10,150,51,0.0931437507577997
888,4,10,150,51,0.11625487663628292
889,4,10,150,51,0.0
890,4,10,150,51,0.10444141962606783
891,4,10,150,51,0.10491091696774645
892,4,10,150,51,0.2827969722651708
893,4,10,150,51,0.10869735563398858
894,4,10,150,51,0.12580131436082603
895,4,10,150,51,0.0
896,4,10,150,51,0.34536125521606825
897,4,10,150,51,0.2840800297222728
898,4,10,150,51,0.0
899,4,10,150,51,0.06501351735725155
900,4,10,150,51,0.055315677011973347
901,4,10,150,51,0.18132668514654882
902,4,10,150,51,0.05978585424799658
903,4,10,150,51,0.22064009608539073
904,4,10,150,51,0.0
905,4,10,150,51,0.0
906,4,10,150,51,0.10407444169186962
907,4,10,150,51,0.031742806389256244
908,4,10,150,51,0.06892767477436933
909,4,10,150,51,0.0
910,4,10,150,51,0.0
911,4,10,150,51,0.11703906065408363
912,4,10,150,51,0.15575097056245804
913,4,10,150,51,0.07507836371156319
914,4,10,150,51,0.0
915,4,10,150,51,0.0
916,4,10,150,51,0.29372851290390434
917,4,10,150,51,0.0
918,4,10,150,51,0.043627084055128
919,4,10,150,51,0.11771354290259398
920,4,10,150,51,0.0
921,4,10,150,51,0.15405864814296488
922,4,10,150,51,0.1280645281724967
923,4,10,150,51,0.02142307850464013
924,4,10,150,51,0.018280262702529162
925,4,10,150,51,0.0
926,4,10,150,51,0.0
927,4,10,150,51,0.04499596683729014
928,4,10,150,51,0.1482972305701491
929,4,10,150,51,0.25163227912988373
930,4,10,150,51,0.0
931,4,10,150,51,0.08679587898287541
932,4,10,150,51,0.22782839117988762
933,4,10,150,51,0.039969967640961966
934,4,10,150,51,0.11130245863337891
935,4,10,150,51,0.04173963774222741
936,4,10,150,51,0.1321191921354211
937,4,10,150,51,0.0
938,4,10,150,51,0.1482741018676109
939,4,10,150,51,0.02916862694666808
940,4,10,150,51,0.050684733114198
941,4,10,150,51,0.0
942,4,10,150,51,0.08711514530833754
943,4,10,150,51,0.20163692230838232
1,4,10,150,52,0.4058715898896693
2,4,10,150,52,0.06250343848035038
3,4,10,150,52,0.0
4,4,10,150,52,0.0
5,4,10,150,52,0.040209635547393256
6,4,10,150,52,0.27020011346731576
7,4,10,150,52,0.29136519416833906
8,4,10,150,52,0.0
9,4,10,150,52,0.21840743681816419
10,4,10,150,52,0.15977884673203213
11,4,10,150,52,0.1722584975122812
12,4,10,150,52,0.0
13,4,10,150,52,0.25274440007791893
14,4,10,150,52,0.0
15,4,10,150,52,0.05010834716923557
16,4,10,150,52,0.053168340515114924
17,4,10,150,52,0.0
18,4,10,150,52,0.24724966735366713
19,4,10,150,52,0.0
20,4,10,150,52,0.0
21,4,10,150,52,0.0
22,4,10,150,52,0.11702382382650763
23,4,10,150,52,0.23682446174402746
24,4,10,150,52,0.0
25,4,10,150,52,0.12358102547512423
26,4,10,150,52,0.0
27,4,10,150,52,0.0
28,4,10,150,52,0.0
29,4,10,150,52,0.13455232720853103
30,4,10,150,52,0.0
31,4,10,150,52,0.0
32,4,10,150,52,0.0
33,4,10,150,52,0.0
35,4,10,150,52,0.10523285614729473
36,4,10,150,52,0.0
37,4,10,150,52,0.0
38,4,10,150,52,0.04739418218477539
39,4,10,150,52,0.0
40,4,10,150,52,0.0
41,4,10,150,52,0.0
42,4,10,150,52,0.0683037314796457
43,4,10,150,52,0.22592974817952552
44,4,10,150,52,0.2044921015662719
45,4,10,150,52,0.05200670101006268
46,4,10,150,52,0.11284514134893527
47,4,10,150,52,0.06250343848035038
48,4,10,150,52,0.0
49,4,10,150,52,0.0
50,4,10,150,52,0.0
51,4,10,150,52,0.16812753627111746
52,4,10,150,52,0.0
54,4,10,150,52,0.0
56,4,10,150,52,0.20383503459815738
57,4,10,150,52,0.3030555992505742
58,4,10,150,52,0.3717269535737058
59,4,10,150,52,0.2378606442039324
60,4,10,150,52,0.1505674224523334
61,4,10,150,52,0.0
62,4,10,150,52,0.08314631791322982
63,4,10,150,52,0.0
64,4,10,150,52,0.04238468688770069
65,4,10,150,52,0.13012668333070054
66,4,10,150,52,0.0
67,4,10,150,52,0.0
68,4,10,150,52,0.4827392464262081
69,4,10,150,52,0.07673373981757839
70,4,10,150,52,0.0
71,4,10,150,52,0.0
72,4,10,150,52,0.0
73,4,10,150,52,0.0
74,4,10,150,52,0.0
75,4,10,150,52,0.049432410190049694
76,4,10,150,52,0.1301464707340554
77,4,10,150,52,0.10201115106436301
78,4,10,150,52,0.0
79,4,10,150,52,0.27487633291429087
80,4,10,150,52,0.0
81,4,10,150,52,0.0
82,4,10,150,52,0.19298623480417013
83,4,10,150,52,0.12089611529519323
84,4,10,150,52,0.05034889199379723
85,4,10,150,52,0.0
87,4,10,150,52,0.07100089300395272
89,4,10,150,52,0.2553387838830436
90,4,10,150,52,0.04275570647343925
91,4,10,150,52,0.05648147012627732
92,4,10,150,52,0.10542637391232386
93,4,10,150,52,0.0
94,4,10,150,52,0.08791240958776
95,4,10,150,52,0.17287436926807473
96,4,10,150,52,0.0
97,4,10,150,52,0.06462745615384195
98,4,10,150,52,0.0930297504356062
99,4,10,150,52,0.05658242244874664
100,4,10,150,52,0.0
101,4,10,150,52,0.0
102,4,10,150,52,0.0
103,4,10,150,52,0.0
104,4,10,150,52,0.0
105,4,10,150,52,0.0
106,4,10,150,52,0.0
107,4,10,150,52,0.0
108,4,10,150,52,0.0
109,4,10,150,52,0.07103066762111539
110,4,10,150,52,0.0
111,4,10,150,52,0.0
112,4,10,150,52,0.05685954565780693
113,4,10,150,52,0.053168340515114924
114,4,10,150,52,0.0
115,4,10,150,52,0.10684080426179023
116,4,10,150,52,0.0
117,4,10,150,52,0.20857178832305684
118,4,10,150,52,0.0
119,4,10,150,52,0.18374222286855332
120,4,10,150,52,0.0
121,4,10,150,52,0.271985059917519
122,4,10,150,52,0.1530100230930498
123,4,10,150,52,0.07386004580671933
125,4,10,150,52,0.12702645795516354
126,4,10,150,52,0.06911917000496234
127,4,10,150,52,0.10253313861822189
128,4,10,150,52,0.05750548798281727
129,4,10,150,52,0.0
130,4,10,150,52,0.16099269493775217
131,4,10,150,52,0.0
133,4,10,150,52,0.11047239495909743
134,4,10,150,52,0.0
135,4,10,150,52,0.0
137,4,10,150,52,0.06989841918216891
138,4,10,150,52,0.0
139,4,10,150,52,0.0
141,4,10,150,52,0.0
142,4,10,150,52,0.13373003436102654
143,4,10,150,52,0.1208996448617798
144,4,10,150,52,0.1227945149537572
145,4,10,150,52,0.08829985348038716
146,4,10,150,52,0.0
148,4,10,150,52,0.054181637470214
149,4,10,150,52,0.0
150,4,10,150,52,0.10235170428306553
151,4,10,150,52,0.06298430394440727
152,4,10,150,52,0.0
153,4,10,150,52,0.0
154,4,10,150,52,0.06372882143962796
155,4,10,150,52,0.0
156,4,10,150,52,0.0
158,4,10,150,52,0.17575552384613552
159,4,10,150,52,0.0
160,4,10,150,52,0.0
161,4,10,150,52,0.0
162,4,10,150,52,0.0
163,4,10,150,52,0.0
164,4,10,150,52,0.0
165,4,10,150,52,0.12114889742360979
166,4,10,150,52,0.0
167,4,10,150,52,0.0
168,4,10,150,52,0.23504554941448536
169,4,10,150,52,0.06416923277158361
170,4,10,150,52,0.0
171,4,10,150,52,0.0
172,4,10,150,52,0.0
173,4,10,150,52,0.0
174,4,10,150,52,0.060961917527339995
175,4,10,150,52,0.0
176,4,10,150,52,0.04798885303920521
177,4,10,150,52,0.06912040963822193
178,4,10,150,52,0.2437589399037192
179,4,10,150,52,0.06723507268634088
180,4,10,150,52,0.12262943855309168
181,4,10,150,52,0.01719677167528726
182,4,10,150,52,0.0
183,4,10,150,52,0.0
184,4,10,150,52,0.09303069037986347
185,4,10,150,52,0.07745351606183934
186,4,10,150,52,0.22147164648185297
187,4,10,150,52,0.08625091781054979
188,4,10,150,52,0.054384419234677496
189,4,10,150,52,0.2089531400761587
190,4,10,150,52,0.10699313236726378
191,4,10,150,52,0.0
192,4,10,150,52,0.0
193,4,10,150,52,0.0
194,4,10,150,52,0.0
195,4,10,150,52,0.0
196,4,10,150,52,0.0
197,4,10,150,52,0.05576624569167862
198,4,10,150,52,0.0
199,4,10,150,52,0.0
200,4,10,150,52,0.0891099526415642
201,4,10,150,52,0.03487978243545732
203,4,10,150,52,0.0
204,4,10,150,52,0.0
205,4,10,150,52,0.0
206,4,10,150,52,0.0
207,4,10,150,52,0.050513241088636716
209,4,10,150,52,0.0
210,4,10,150,52,0.09440608278107551
211,4,10,150,52,0.0
212,4,10,150,52,0.12681701683239352
213,4,10,150,52,0.2384146878320104
214,4,10,150,52,0.056720838976548935
215,4,10,150,52,0.0
216,4,10,150,52,0.03497205398870122
217,4,10,150,52,0.0
218,4,10,150,52,0.19092086617893467
219,4,10,150,52,0.0
221,4,10,150,52,0.3375735570145491
222,4,10,150,52,0.12476107276951183
223,4,10,150,52,0.03870447337439288
224,4,10,150,52,0.0
225,4,10,150,52,0.0
226,4,10,150,52,0.0
227,4,10,150,52,0.0
228,4,10,150,52,0.0
229,4,10,150,52,0.0
230,4,10,150,52,0.23712439662683835
231,4,10,150,52,0.0
232,4,10,150,52,0.3234992853586256
233,4,10,150,52,0.0968152409481219
234,4,10,150,52,0.06411917231744522
235,4,10,150,52,0.06065881345112158
236,4,10,150,52,0.0
237,4,10,150,52,0.0
238,4,10,150,52,0.0
239,4,10,150,52,0.060772229737720354
240,4,10,150,52,0.05497526658285817
242,4,10,150,52,0.0
243,4,10,150,52,0.09267768927614353
244,4,10,150,52,0.15765545519871427
245,4,10,150,52,0.10704534003732354
246,4,10,150,52,0.08041927109478651
247,4,10,150,52,0.0
248,4,10,150,52,0.14830051302014485
249,4,10,150,52,0.25407033333205165
250,4,10,150,52,0.3503302816689379
251,4,10,150,52,0.0
252,4,10,150,52,0.0
253,4,10,150,52,0.05954496680255472
254,4,10,150,52,0.0
255,4,10,150,52,0.0
256,4,10,150,52,0.16583176898817792
257,4,10,150,52,0.3305900772260718
258,4,10,150,52,0.0
259,4,10,150,52,0.0
260,4,10,150,52,0.0
261,4,10,150,52,0.0
262,4,10,150,52,0.0
263,4,10,150,52,0.12774011823457565
264,4,10,150,52,0.0
265,4,10,150,52,0.10209739512291163
267,4,10,150,52,0.09794101962538232
268,4,10,150,52,0.040466532906672535
269,4,10,150,52,0.13223875150584097
270,4,10,150,52,0.0
271,4,10,150,52,0.12276482551434069
272,4,10,150,52,0.14498698048571354
273,4,10,150,52,0.0
274,4,10,150,52,0.0
275,4,10,150,52,0.04605780568615433
276,4,10,150,52,0.18784639929386426
277,4,10,150,52,0.0
279,4,10,150,52,0.06493409231178052
280,4,10,150,52,0.03337620304869898
281,4,10,150,52,0.0
283,4,10,150,52,0.07132875491150918
284,4,10,150,52,0.0
285,4,10,150,52,0.1185995982858366
286,4,10,150,52,0.2811006876018765
287,4,10,150,52,0.06364028872631156
288,4,10,150,52,0.12538054736008386
289,4,10,150,52,0.13905617951077562
290,4,10,150,52,0.0
291,4,10,150,52,0.2183602490428485
292,4,10,150,52,0.08933583385868532
293,4,10,150,52,0.10795785893996995
294,4,10,150,52,0.04123398036294628
295,4,10,150,52,0.2670961153715764
296,4,10,150,52,0.47774763069170006
297,4,10,150,52,0.10821553499518591
298,4,10,150,52,0.19947114504638494
299,4,10,150,52,0.0
300,4,10,150,52,0.0
301,4,10,150,52,0.047934103497110726
303,4,10,150,52,0.08556373299839706
304,4,10,150,52,0.0
305,4,10,150,52,0.31514747987601716
306,4,10,150,52,0.0
307,4,10,150,52,0.1383141340724969
308,4,10,150,52,0.19205342317019936
309,4,10,150,52,0.0
310,4,10,150,52,0.0
311,4,10,150,52,0.08938791352906189
312,4,10,150,52,0.07579200366109638
313,4,10,150,52,0.14465709645474623
314,4,10,150,52,0.20285519102295546
315,4,10,150,52,0.0
316,4,10,150,52,0.04568304891751105
317,4,10,150,52,0.0
318,4,10,150,52,0.10118786565551004
319,4,10,150,52,0.0
320,4,10,150,52,0.0
321,4,10,150,52,0.062242588308449316
322,4,10,150,52,0.17342765698823945
323,4,10,150,52,0.14126697285982898
324,4,10,150,52,0.0
325,4,10,150,52,0.0
326,4,10,150,52,0.0634222181618871
327,4,10,150,52,0.0
328,4,10,150,52,0.1437524526514495
329,4,10,150,52,0.0
330,4,10,150,52,0.0536466452928127
331,4,10,150,52,0.16958010263680806
332,4,10,150,52,0.024647523009140075
333,4,10,150,52,0.0
334,4,10,150,52,0.07058424671826317
336,4,10,150,52,0.0
337,4,10,150,52,0.16716045496620227
338,4,10,150,52,0.05005165434923901
339,4,10,150,52,0.06608282041002614
340,4,10,150,52,0.0
341,4,10,150,52,0.0
342,4,10,150,52,0.2625072992734236
343,4,10,150,52,0.28732332399638805
344,4,10,150,52,0.23832550406045652
345,4,10,150,52,0.056149696530797676
346,4,10,150,52,0.13947804593499064
347,4,10,150,52,0.08705643551438974
348,4,10,150,52,0.071942683897578
349,4,10,150,52,0.07673373981757839
350,4,10,150,52,0.0749368547125808
351,4,10,150,52,0.0
352,4,10,150,52,0.0
353,4,10,150,52,0.0
354,4,10,150,52,0.051249224710132255
355,4,10,150,52,0.0
356,4,10,150,52,0.08406376813555873
357,4,10,150,52,0.0
358,4,10,150,52,0.20438239758848611
359,4,10,150,52,0.0
360,4,10,150,52,0.06752012359727312
361,4,10,150,52,0.09622728274290568
362,4,10,150,52,0.0
363,4,10,150,52,0.1803013146105011
364,4,10,150,52,0.0
365,4,10,150,52,0.0
366,4,10,150,52,0.0
367,4,10,150,52,0.0
368,4,10,150,52,0.0
369,4,10,150,52,0.0
370,4,10,150,52,0.13479984916817475
371,4,10,150,52,0.16676134190097475
372,4,10,150,52,0.0
373,4,10,150,52,0.035769798946978335
374,4,10,150,52,0.06834943074719504
375,4,10,150,52,0.0
376,4,10,150,52,0.0
377,4,10,150,52,0.0
378,4,10,150,52,0.16448029476168333
379,4,10,150,52,0.11339835829152477
380,4,10,150,52,0.0
381,4,10,150,52,0.05105625351125917
382,4,10,150,52,0.0
383,4,10,150,52,0.04838338183089434
384,4,10,150,52,0.0
385,4,10,150,52,0.0
386,4,10,150,52,0.0
387,4,10,150,52,0.11497906462099297
388,4,10,150,52,0.04511904280884329
389,4,10,150,52,0.12419123143547287
390,4,10,150,52,0.0
391,4,10,150,52,0.2137247802747043
392,4,10,150,52,0.0
393,4,10,150,52,0.014053556787151419
394,4,10,150,52,0.11073655428626575
395,4,10,150,52,0.04931346192675315
396,4,10,150,52,0.0
397,4,10,150,52,0.22320497122386787
398,4,10,150,52,0.16581649615734612
399,4,10,150,52,0.032185911779114895
400,4,10,150,52,0.0
401,4,10,150,52,0.0
402,4,10,150,52,0.08963222225173058
403,4,10,150,52,0.0854499779566911
404,4,10,150,52,0.0
405,4,10,150,52,0.061069531415698035
406,4,10,150,52,0.20956416940551098
407,4,10,150,52,0.04270006763257965
408,4,10,150,52,0.0
409,4,10,150,52,0.10914342353313093
410,4,10,150,52,0.0
411,4,10,150,52,0.0
412,4,10,150,52,0.0
413,4,10,150,52,0.041646268351119564
414,4,10,150,52,0.0
415,4,10,150,52,0.15103391472831218
416,4,10,150,52,0.1949190625047652
417,4,10,150,52,0.09850508837083022
418,4,10,150,52,0.0
419,4,10,150,52,0.1208113026994942
420,4,10,150,52,0.06052048269976269
421,4,10,150,52,0.15435807162450887
422,4,10,150,52,0.04320473659574256
423,4,10,150,52,0.053845569940583225
424,4,10,150,52,0.2766918177656049
425,4,10,150,52,0.1674157226455415
426,4,10,150,52,0.040759261617270684
427,4,10,150,52,0.0
428,4,10,150,52,0.04415960465480069
429,4,10,150,52,0.1620196680085121
430,4,10,150,52,0.0
431,4,10,150,52,0.0
432,4,10,150,52,0.0
433,4,10,150,52,0.05780921899607981
434,4,10,150,52,0.20778267687568405
435,4,10,150,52,0.17683897940041685
436,4,10,150,52,0.0
437,4,10,150,52,0.09166074247719914
438,4,10,150,52,0.0
439,4,10,150,52,0.10863976191957724
440,4,10,150,52,0.0
441,4,10,150,52,0.0
442,4,10,150,52,0.040949887133979804
443,4,10,150,52,0.06783204105472322
444,4,10,150,52,0.1312721899408984
445,4,10,150,52,0.0
446,4,10,150,52,0.0
447,4,10,150,52,0.16246725303708914
448,4,10,150,52,0.0
449,4,10,150,52,0.1511226181481109
450,4,10,150,52,0.2918520434228008
451,4,10,150,52,0.06148915918944534
452,4,10,150,52,0.10773098771530253
453,4,10,150,52,0.0
454,4,10,150,52,0.0
455,4,10,150,52,0.063401477059351
456,4,10,150,52,0.018650043077523788
457,4,10,150,52,0.282690216345629
458,4,10,150,52,0.06982799741808067
459,4,10,150,52,0.0
460,4,10,150,52,0.05184030722866645
461,4,10,150,52,0.0
462,4,10,150,52,0.0
463,4,10,150,52,0.11987424504051505
464,4,10,150,52,0.0
465,4,10,150,52,0.0
466,4,10,150,52,0.0
467,4,10,150,52,0.07807600999842033
468,4,10,150,52,0.11455543964849552
469,4,10,150,52,0.0
470,4,10,150,52,0.0
471,4,10,150,52,0.0
472,4,10,150,52,0.059378631551402404
473,4,10,150,52,0.06140244428718695
474,4,10,150,52,0.21710591396138124
475,4,10,150,52,0.0
476,4,10,150,52,0.0
477,4,10,150,52,0.0
478,4,10,150,52,0.2345109835167376
479,4,10,150,52,0.10172348796286074
480,4,10,150,52,0.0741070054529978
481,4,10,150,52,0.10388675010296258
482,4,10,150,52,0.0
483,4,10,150,52,0.05658242244874664
484,4,10,150,52,0.2723783861819967
485,4,10,150,52,0.0
486,4,10,150,52,0.0
487,4,10,150,52,0.08199193156683765
488,4,10,150,52,0.0
489,4,10,150,52,0.0
490,4,10,150,52,0.0
491,4,10,150,52,0.10497643268981144
492,4,10,150,52,0.0
493,4,10,150,52,0.1254889491373293
494,4,10,150,52,0.0
495,4,10,150,52,0.09864236150154798
496,4,10,150,52,0.047739744220948385
497,4,10,150,52,0.05057001832592956
498,4,10,150,52,0.0
499,4,10,150,52,0.02651211589009722
500,4,10,150,52,0.09541527213731128
501,4,10,150,52,0.0
502,4,10,150,52,0.0
503,4,10,150,52,0.05608659198762317
504,4,10,150,52,0.08148269775823089
505,4,10,150,52,0.07379217622092994
506,4,10,150,52,0.09189693985455885
507,4,10,150,52,0.05319635904163211
508,4,10,150,52,0.0
509,4,10,150,52,0.0
510,4,10,150,52,0.0
511,4,10,150,52,0.08495943917278885
512,4,10,150,52,0.05478392673173268
513,4,10,150,52,0.0
514,4,10,150,52,0.27252722616773445
515,4,10,150,52,0.11706259313796354
516,4,10,150,52,0.0
517,4,10,150,52,0.08878770367712427
518,4,10,150,52,0.0
519,4,10,150,52,0.0
520,4,10,150,52,0.0
521,4,10,150,52,0.09850628252086785
522,4,10,150,52,0.12524561954372188
523,4,10,150,52,0.032114893884379984
524,4,10,150,52,0.1465131769454388
525,4,10,150,52,0.0
526,4,10,150,52,0.04972780777662495
527,4,10,150,52,0.1448182018041012
528,4,10,150,52,0.10209739512291163
529,4,10,150,52,0.0
530,4,10,150,52,0.0
531,4,10,150,52,0.1517763576041802
532,4,10,150,52,0.27026087987542663
533,4,10,150,52,0.11557545112991054
534,4,10,150,52,0.1046638363823608
535,4,10,150,52,0.12373646939599506
536,4,10,150,52,0.09414825230406802
537,4,10,150,52,0.38292105403625837
538,4,10,150,52,0.14697776980950736
539,4,10,150,52,0.04478826142555715
540,4,10,150,52,0.0
541,4,10,150,52,0.04030702414138781
542,4,10,150,52,0.049033875503285806
543,4,10,150,52,0.04953295293703468
544,4,10,150,52,0.05282936728943967
545,4,10,150,52,0.02244213465825961
546,4,10,150,52,0.05758752804519195
547,4,10,150,52,0.0
548,4,10,150,52,0.1103190733436671
549,4,10,150,52,0.0
550,4,10,150,52,0.04785685030080952
551,4,10,150,52,0.0783872118883123
552,4,10,150,52,0.1205344274731702
553,4,10,150,52,0.04743759234968417
554,4,10,150,52,0.12627825946936164
555,4,10,150,52,0.0
556,4,10,150,52,0.07660623398069263
557,4,10,150,52,0.0
558,4,10,150,52,0.08878770367712427
559,4,10,150,52,0.04366879852493834
560,4,10,150,52,0.09375790921485552
561,4,10,150,52,0.05212127474780866
562,4,10,150,52,0.02783211215220634
563,4,10,150,52,0.0
564,4,10,150,52,0.08498983725535779
565,4,10,150,52,0.0
566,4,10,150,52,0.03579489106983033
567,4,10,150,52,0.1471381878632886
568,4,10,150,52,0.036155150901276155
569,4,10,150,52,0.18299769260789403
570,4,10,150,52,0.0
571,4,10,150,52,0.0
572,4,10,150,52,0.16812753627111746
573,4,10,150,52,0.06437746926759551
574,4,10,150,52,0.051811563545175146
575,4,10,150,52,0.0
576,4,10,150,52,0.0
577,4,10,150,52,0.1914871671483212
578,4,10,150,52,0.0
579,4,10,150,52,0.0
580,4,10,150,52,0.12128674553236206
581,4,10,150,52,0.05276490902632437
582,4,10,150,52,0.03190895161277091
583,4,10,150,52,0.0
584,4,10,150,52,0.06323567569191428
585,4,10,150,52,0.04173963774222741
586,4,10,150,52,0.05786021189691368
587,4,10,150,52,0.0
588,4,10,150,52,0.12100428021731384
589,4,10,150,52,0.0
590,4,10,150,52,0.053845569940583225
591,4,10,150,52,0.0
592,4,10,150,52,0.3517282340077464
593,4,10,150,52,0.05980662297351645
594,4,10,150,52,0.0
595,4,10,150,52,0.08222680541038725
596,4,10,150,52,0.0
597,4,10,150,52,0.27101620591530523
598,4,10,150,52,0.0684591776394769
599,4,10,150,52,0.0
600,4,10,150,52,0.09197011795311534
601,4,10,150,52,0.0
602,4,10,150,52,0.0
603,4,10,150,52,0.0
604,4,10,150,52,0.0
605,4,10,150,52,0.23939908411991156
606,4,10,150,52,0.15970107590427418
607,4,10,150,52,0.0
608,4,10,150,52,0.09072059226435805
609,4,10,150,52,0.0
610,4,10,150,52,0.19303241878686786
611,4,10,150,52,0.07624568872860434
612,4,10,150,52,0.0
613,4,10,150,52,0.04578230021840749
614,4,10,150,52,0.0
615,4,10,150,52,0.027541830374730368
616,4,10,150,52,0.03618657486793958
617,4,10,150,52,0.0
618,4,10,150,52,0.13147880066372603
619,4,10,150,52,0.09517846330438508
620,4,10,150,52,0.14012037550990028
621,4,10,150,52,0.09678412991767817
622,4,10,150,52,0.18271880830223888
623,4,10,150,52,0.17494254380936963
624,4,10,150,52,0.06626749824739844
625,4,10,150,52,0.0
626,4,10,150,52,0.06228974831361337
627,4,10,150,52,0.06945233499530101
628,4,10,150,52,0.0
629,4,10,150,52,0.10922434570876023
630,4,10,150,52,0.15874779570678058
631,4,10,150,52,0.0
632,4,10,150,52,0.12112269717167994
633,4,10,150,52,0.07414861528507455
634,4,10,150,52,0.022104381789790163
635,4,10,150,52,0.04546401530948942
636,4,10,150,52,0.06364028872631156
637,4,10,150,52,0.01928973283308616
638,4,10,150,52,0.09712868482236708
639,4,10,150,52,0.016417578556357865
640,4,10,150,52,0.08728477671007713
641,4,10,150,52,0.07675099783970546
642,4,10,150,52,0.14360663661969716
643,4,10,150,52,0.12215348493077435
644,4,10,150,52,0.04935421935348238
645,4,10,150,52,0.16158259063789654
646,4,10,150,52,0.0
647,4,10,150,52,0.030218457878623886
648,4,10,150,52,0.13743444242852
649,4,10,150,52,0.15489949502599
650,4,10,150,52,0.0661501280218632
651,4,10,150,52,0.0
652,4,10,150,52,0.08156220960446063
653,4,10,150,52,0.12434557740545289
654,4,10,150,52,0.21255442687635834
655,4,10,150,52,0.11172714300080969
656,4,10,150,52,0.07397229644086958
657,4,10,150,52,0.0
658,4,10,150,52,0.2625403796417579
659,4,10,150,52,0.09011384976976206
660,4,10,150,52,0.0271768936417462
661,4,10,150,52,0.06962713451216634
662,4,10,150,52,0.0512644431393966
663,4,10,150,52,0.24026856780584893
664,4,10,150,52,0.28517362059082263
665,4,10,150,52,0.0
666,4,10,150,52,0.2185302998858713
667,4,10,150,52,0.22356588040577743
668,4,10,150,52,0.06194403202282284
669,4,10,150,52,0.11692427423906517
670,4,10,150,52,0.06613087842005526
671,4,10,150,52,0.14406006556003687
672,4,10,150,52,0.0
673,4,10,150,52,0.14837758007547783
674,4,10,150,52,0.11338915993603582
675,4,10,150,52,0.0
676,4,10,150,52,0.16684180252782607
677,4,10,150,52,0.03314040476303028
678,4,10,150,52,0.0
679,4,10,150,52,0.15527711509166947
680,4,10,150,52,0.11377863936243801
681,4,10,150,52,0.0
682,4,10,150,52,0.13703331216183093
683,4,10,150,52,0.0
684,4,10,150,52,0.06573003977381581
685,4,10,150,52,0.1906465758273748
686,4,10,150,52,0.07277260183012466
687,4,10,150,52,0.0
688,4,10,150,52,0.0
689,4,10,150,52,0.15001451003751623
690,4,10,150,52,0.07914701567910001
691,4,10,150,52,0.05446824630887794
692,4,10,150,52,0.12090042896411356
693,4,10,150,52,0.0
694,4,10,150,52,0.1635369612126357
695,4,10,150,52,0.0
696,4,10,150,52,0.039725595076707886
697,4,10,150,52,0.04239477130634912
698,4,10,150,52,0.041937660325009396
699,4,10,150,52,0.050296301412810544
700,4,10,150,52,0.12729890218214104
701,4,10,150,52,0.0
702,4,10,150,52,0.037715680681715956
703,4,10,150,52,0.11918688501400482
704,4,10,150,52,0.17661711560720053
705,4,10,150,52,0.15283347059959726
706,4,10,150,52,0.04395738023645723
707,4,10,150,52,0.03441779380206969
708,4,10,150,52,0.07186325791519563
709,4,10,150,52,0.13472082394875662
710,4,10,150,52,0.10695361352497157
711,4,10,150,52,0.16470002364592812
712,4,10,150,52,0.12834834398973227
713,4,10,150,52,0.1468735732232516
714,4,10,150,52,0.03441184191455828
715,4,10,150,52,0.0
716,4,10,150,52,0.2696754384103892
717,4,10,150,52,0.07404050304446648
718,4,10,150,52,0.035328385129692476
719,4,10,150,52,0.09883437846193516
720,4,10,150,52,0.0
721,4,10,150,52,0.1623354630259583
722,4,10,150,52,0.06556429791586475
723,4,10,150,52,0.0
724,4,10,150,52,0.0
725,4,10,150,52,0.0
726,4,10,150,52,0.05010834716923557
727,4,10,150,52,0.16195714438574862
728,4,10,150,52,0.09627818061559096
729,4,10,150,52,0.0
730,4,10,150,52,0.02601736765943984
731,4,10,150,52,0.11215048470247742
732,4,10,150,52,0.0
733,4,10,150,52,0.1300076176478829
734,4,10,150,52,0.0
735,4,10,150,52,0.0
736,4,10,150,52,0.0
737,4,10,150,52,0.1138970555583582
738,4,10,150,52,0.1446837988319262
739,4,10,150,52,0.03855307727568851
740,4,10,150,52,0.0
741,4,10,150,52,0.05358697798864893
742,4,10,150,52,0.0488929053971083
743,4,10,150,52,0.0690623255281084
744,4,10,150,52,0.03596673601130318
745,4,10,150,52,0.03520132288421838
746,4,10,150,52,0.23491487959421534
747,4,10,150,52,0.4444118158231716
748,4,10,150,52,0.09621648119325965
749,4,10,150,52,0.1583722256541715
750,4,10,150,52,0.041278922835426404
751,4,10,150,52,0.07102639307545654
752,4,10,150,52,0.023242424817620892
753,4,10,150,52,0.15780803084928155
754,4,10,150,52,0.0
755,4,10,150,52,0.03855371268423985
756,4,10,150,52,0.031104745345423533
757,4,10,150,52,0.0
758,4,10,150,52,0.29699681661348704
759,4,10,150,52,0.08145040004058159
760,4,10,150,52,0.0
761,4,10,150,52,0.06869287000000811
762,4,10,150,52,0.051960280791503534
763,4,10,150,52,0.04542386553984721
764,4,10,150,52,0.08946696896639536
765,4,10,150,52,0.15066101840234988
766,4,10,150,52,0.026888145069522296
767,4,10,150,52,0.10635849541123835
768,4,10,150,52,0.060133059387366614
769,4,10,150,52,0.0
770,4,10,150,52,0.21464739068424896
771,4,10,150,52,0.2872791742076055
772,4,10,150,52,0.04415960465480069
773,4,10,150,52,0.08848384030521578
774,4,10,150,52,0.07191342751399912
775,4,10,150,52,0.0
776,4,10,150,52,0.138487812915294
777,4,10,150,52,0.0
778,4,10,150,52,0.1631238413472767
779,4,10,150,52,0.0
780,4,10,150,52,0.030023253564245667
781,4,10,150,52,0.17659637455717878
782,4,10,150,52,0.049600226330296135
783,4,10,150,52,0.0
784,4,10,150,52,0.0
785,4,10,150,52,0.0
786,4,10,150,52,0.0
787,4,10,150,52,0.0
788,4,10,150,52,0.2902094553165953
789,4,10,150,52,0.08809718769055445
790,4,10,150,52,0.0
791,4,10,150,52,0.04465281017341861
792,4,10,150,52,0.06658592494149675
793,4,10,150,52,0.0
794,4,10,150,52,0.04108065887337468
795,4,10,150,52,0.013589586632163407
796,4,10,150,52,0.40518164806049656
797,4,10,150,52,0.11278903329502893
798,4,10,150,52,0.04762545888093689
799,4,10,150,52,0.0
800,4,10,150,52,0.03244993904038569
801,4,10,150,52,0.1561471668577559
802,4,10,150,52,0.06960082070980815
803,4,10,150,52,0.10569353498973794
804,4,10,150,52,0.1546054335980049
805,4,10,150,52,0.12303437352321486
806,4,10,150,52,0.2959152150106387
807,4,10,150,52,0.11075844379608321
808,4,10,150,52,0.03535057968151573
809,4,10,150,52,0.0
810,4,10,150,52,0.0
811,4,10,150,52,0.0
812,4,10,150,52,0.0
813,4,10,150,52,0.0
814,4,10,150,52,0.034616222155696735
815,4,10,150,52,0.23411239776123435
816,4,10,150,52,0.0
817,4,10,150,52,0.0
818,4,10,150,52,0.05516788910004661
819,4,10,150,52,0.037210602758860095
820,4,10,150,52,0.0
821,4,10,150,52,0.302950268110492
822,4,10,150,52,0.0
823,4,10,150,52,0.21181562509943433
824,4,10,150,52,0.05046096657376444
825,4,10,150,52,0.05728933187091562
826,4,10,150,52,0.14653416846568953
827,4,10,150,52,0.0
828,4,10,150,52,0.05745618865524075
829,4,10,150,52,0.1751347628439014
830,4,10,150,52,0.17854437265047174
831,4,10,150,52,0.21058943716644085
832,4,10,150,52,0.0
833,4,10,150,52,0.19744875365511183
834,4,10,150,52,0.2706897351446418
835,4,10,150,52,0.13993736621795813
836,4,10,150,52,0.1552149671019067
837,4,10,150,52,0.0
838,4,10,150,52,0.2625760940203853
839,4,10,150,52,0.08633834411059861
840,4,10,150,52,0.33537131632774514
841,4,10,150,52,0.03291850551891958
842,4,10,150,52,0.0
843,4,10,150,52,0.0
844,4,10,150,52,0.05872188515498603
845,4,10,150,52,0.0
846,4,10,150,52,0.3333416728166304
847,4,10,150,52,0.04897425157577589
848,4,10,150,52,0.04028834897254006
849,4,10,150,52,0.0419387969316025
850,4,10,150,52,0.25134447456511666
851,4,10,150,52,0.054092396469338895
852,4,10,150,52,0.26227118260874954
853,4,10,150,52,0.0
854,4,10,150,52,0.0
855,4,10,150,52,0.0
856,4,10,150,52,0.0
857,4,10,150,52,0.0
858,4,10,150,52,0.10250982096838526
859,4,10,150,52,0.02575009712173795
860,4,10,150,52,0.05581413229524745
861,4,10,150,52,0.06460834446248033
862,4,10,150,52,0.09571657542025667
863,4,10,150,52,0.06748724397447738
864,4,10,150,52,0.4556744028223769
865,4,10,150,52,0.07803010102565
866,4,10,150,52,0.16283687678415507
867,4,10,150,52,0.1579192849910101
868,4,10,150,52,0.2622348590899125
869,4,10,150,52,0.03406297225598251
870,4,10,150,52,0.29580597780808376
871,4,10,150,52,0.07468817757506219
872,4,10,150,52,0.02804794621397926
873,4,10,150,52,0.0
874,4,10,150,52,0.13944914190808633
875,4,10,150,52,0.11729943308729383
876,4,10,150,52,0.08671382849411972
877,4,10,150,52,0.0835317778614811
878,4,10,150,52,0.17736620706574574
879,4,10,150,52,0.03963466998423315
880,4,10,150,52,0.4104176531190678
881,4,10,150,52,0.11922558204896559
882,4,10,150,52,0.20094132822544772
883,4,10,150,52,0.36473191014523276
884,4,10,150,52,0.09113547509404434
885,4,10,150,52,0.04536087033637415
886,4,10,150,52,0.21192615521388233
887,4,10,150,52,0.09191626938909937
888,4,10,150,52,0.11625487663628292
889,4,10,150,52,0.013178354518835343
890,4,10,150,52,0.10306505357178507
891,4,10,150,52,0.10491091696774645
892,4,10,150,52,0.27907017350780716
893,4,10,150,52,0.10869735563398858
894,4,10,150,52,0.12414346004124362
895,4,10,150,52,0.0
896,4,10,150,52,0.34080996215776094
897,4,10,150,52,0.29351467689770677
898,4,10,150,52,0.0
899,4,10,150,52,0.06415674617700123
900,4,10,150,52,0.055315677011973347
901,4,10,150,52,0.18132668514654882
902,4,10,150,52,0.05978585424799658
903,4,10,150,52,0.22064009608539073
904,4,10,150,52,0.0
905,4,10,150,52,0.0
906,4,10,150,52,0.10407444169186962
907,4,10,150,52,0.031742806389256244
908,4,10,150,52,0.06892767477436933
909,4,10,150,52,0.0
910,4,10,150,52,0.0
911,4,10,150,52,0.11703906065408363
912,4,10,150,52,0.15575097056245804
913,4,10,150,52,0.07408895441787815
914,4,10,150,52,0.0
915,4,10,150,52,0.0
916,4,10,150,52,0.28985765442856637
917,4,10,150,52,0.0
918,4,10,150,52,0.043627084055128
919,4,10,150,52,0.11616227210255546
920,4,10,150,52,0.0
921,4,10,150,52,0.15405864814296488
922,4,10,150,52,0.1280645281724967
923,4,10,150,52,0.02142307850464013
924,4,10,150,52,0.018280262702529162
925,4,10,150,52,0.0
926,4,10,150,52,0.0
927,4,10,150,52,0.04499596683729014
928,4,10,150,52,0.1482972305701491
929,4,10,150,52,0.25163227912988373
930,4,10,150,52,0.0
931,4,10,150,52,0.08679587898287541
932,4,10,150,52,0.22482598787146316
933,4,10,150,52,0.05262158375611833
934,4,10,150,52,0.10983567537469023
935,4,10,150,52,0.04173963774222741
936,4,10,150,52,0.1321191921354211
937,4,10,150,52,0.0
938,4,10,150,52,0.1482741018676109
939,4,10,150,52,0.02916862694666808
940,4,10,150,52,0.050684733114198
941,4,10,150,52,0.0
942,4,10,150,52,0.08711514530833754
943,4,10,150,52,0.20163692230838232
1,4,10,150,53,0.4058715898896693
2,4,10,150,53,0.06250343848035038
3,4,10,150,53,0.0
4,4,10,150,53,0.0
5,4,10,150,53,0.040209635547393256
6,4,10,150,53,0.27020011346731576
7,4,10,150,53,0.29136519416833906
8,4,10,150,53,0.0
9,4,10,150,53,0.21840743681816419
10,4,10,150,53,0.15977884673203213
11,4,10,150,53,0.1722584975122812
12,4,10,150,53,0.0
13,4,10,150,53,0.2494721729838275
14,4,10,150,53,0.0
15,4,10,150,53,0.05010834716923557
16,4,10,150,53,0.053168340515114924
17,4,10,150,53,0.0
18,4,10,150,53,0.24724966735366713
19,4,10,150,53,0.0
20,4,10,150,53,0.0
21,4,10,150,53,0.0
22,4,10,150,53,0.11702382382650763
23,4,10,150,53,0.23682446174402746
24,4,10,150,53,0.0
25,4,10,150,53,0.12358102547512423
26,4,10,150,53,0.0
27,4,10,150,53,0.0
28,4,10,150,53,0.0
29,4,10,150,53,0.13455232720853103
30,4,10,150,53,0.0
31,4,10,150,53,0.0
32,4,10,150,53,0.0
33,4,10,150,53,0.0
35,4,10,150,53,0.10523285614729473
36,4,10,150,53,0.0
37,4,10,150,53,0.0
38,4,10,150,53,0.04739418218477539
39,4,10,150,53,0.0
40,4,10,150,53,0.0
41,4,10,150,53,0.0
42,4,10,150,53,0.0683037314796457
43,4,10,150,53,0.22592974817952552
44,4,10,150,53,0.2044921015662719
45,4,10,150,53,0.05200670101006268
46,4,10,150,53,0.11284514134893527
47,4,10,150,53,0.06250343848035038
48,4,10,150,53,0.0
49,4,10,150,53,0.0
50,4,10,150,53,0.0
51,4,10,150,53,0.16812753627111746
52,4,10,150,53,0.0
54,4,10,150,53,0.0
56,4,10,150,53,0.20383503459815738
57,4,10,150,53,0.3030555992505742
58,4,10,150,53,0.3717269535737058
59,4,10,150,53,0.2378606442039324
60,4,10,150,53,0.1505674224523334
61,4,10,150,53,0.0
62,4,10,150,53,0.08314631791322982
63,4,10,150,53,0.0
64,4,10,150,53,0.04238468688770069
65,4,10,150,53,0.13012668333070054
66,4,10,150,53,0.0
67,4,10,150,53,0.0
68,4,10,150,53,0.4827392464262081
69,4,10,150,53,0.07673373981757839
70,4,10,150,53,0.0
71,4,10,150,53,0.0
72,4,10,150,53,0.0
73,4,10,150,53,0.0
74,4,10,150,53,0.0
75,4,10,150,53,0.049432410190049694
76,4,10,150,53,0.1301464707340554
77,4,10,150,53,0.10201115106436301
78,4,10,150,53,0.0
79,4,10,150,53,0.27487633291429087
80,4,10,150,53,0.0
81,4,10,150,53,0.0
82,4,10,150,53,0.19298623480417013
83,4,10,150,53,0.12089611529519323
84,4,10,150,53,0.05034889199379723
85,4,10,150,53,0.0
87,4,10,150,53,0.07100089300395272
89,4,10,150,53,0.2553387838830436
90,4,10,150,53,0.04275570647343925
91,4,10,150,53,0.05648147012627732
92,4,10,150,53,0.10542637391232386
93,4,10,150,53,0.0
94,4,10,150,53,0.08791240958776
95,4,10,150,53,0.17287436926807473
96,4,10,150,53,0.0
97,4,10,150,53,0.06462745615384195
98,4,10,150,53,0.0930297504356062
99,4,10,150,53,0.05658242244874664
100,4,10,150,53,0.0
101,4,10,150,53,0.0
102,4,10,150,53,0.0
103,4,10,150,53,0.0
104,4,10,150,53,0.0
105,4,10,150,53,0.0
106,4,10,150,53,0.0
107,4,10,150,53,0.0
108,4,10,150,53,0.0
109,4,10,150,53,0.07103066762111539
110,4,10,150,53,0.0
111,4,10,150,53,0.0
112,4,10,150,53,0.05685954565780693
113,4,10,150,53,0.053168340515114924
114,4,10,150,53,0.0
115,4,10,150,53,0.10684080426179023
116,4,10,150,53,0.0
117,4,10,150,53,0.20857178832305684
118,4,10,150,53,0.0
119,4,10,150,53,0.18374222286855332
120,4,10,150,53,0.0
121,4,10,150,53,0.271985059917519
122,4,10,150,53,0.1530100230930498
123,4,10,150,53,0.07386004580671933
125,4,10,150,53,0.12702645795516354
126,4,10,150,53,0.06911917000496234
127,4,10,150,53,0.10253313861822189
128,4,10,150,53,0.05750548798281727
129,4,10,150,53,0.0
130,4,10,150,53,0.16099269493775217
131,4,10,150,53,0.0
133,4,10,150,53,0.11047239495909743
134,4,10,150,53,0.0
135,4,10,150,53,0.0
137,4,10,150,53,0.06989841918216891
138,4,10,150,53,0.0
139,4,10,150,53,0.0
141,4,10,150,53,0.0
142,4,10,150,53,0.13373003436102654
143,4,10,150,53,0.1208996448617798
144,4,10,150,53,0.1227945149537572
145,4,10,150,53,0.08829985348038716
146,4,10,150,53,0.0
148,4,10,150,53,0.054181637470214
149,4,10,150,53,0.0
150,4,10,150,53,0.10235170428306553
151,4,10,150,53,0.06298430394440727
152,4,10,150,53,0.0
153,4,10,150,53,0.0
154,4,10,150,53,0.06372882143962796
155,4,10,150,53,0.0
156,4,10,150,53,0.0
158,4,10,150,53,0.17575552384613552
159,4,10,150,53,0.0
160,4,10,150,53,0.0
161,4,10,150,53,0.0
162,4,10,150,53,0.0
163,4,10,150,53,0.0
164,4,10,150,53,0.0
165,4,10,150,53,0.12114889742360979
166,4,10,150,53,0.0
167,4,10,150,53,0.0
168,4,10,150,53,0.23504554941448536
169,4,10,150,53,0.06416923277158361
170,4,10,150,53,0.0
171,4,10,150,53,0.0
172,4,10,150,53,0.0
173,4,10,150,53,0.0
174,4,10,150,53,0.060961917527339995
175,4,10,150,53,0.0
176,4,10,150,53,0.04798885303920521
177,4,10,150,53,0.06912040963822193
178,4,10,150,53,0.2437589399037192
179,4,10,150,53,0.06723507268634088
180,4,10,150,53,0.12262943855309168
181,4,10,150,53,0.01719677167528726
182,4,10,150,53,0.0
183,4,10,150,53,0.0
184,4,10,150,53,0.09303069037986347
185,4,10,150,53,0.07745351606183934
186,4,10,150,53,0.22147164648185297
187,4,10,150,53,0.08625091781054979
188,4,10,150,53,0.054384419234677496
189,4,10,150,53,0.2089531400761587
190,4,10,150,53,0.10699313236726378
191,4,10,150,53,0.0
192,4,10,150,53,0.0
193,4,10,150,53,0.0
194,4,10,150,53,0.020323217806223443
195,4,10,150,53,0.0
196,4,10,150,53,0.0
197,4,10,150,53,0.05576624569167862
198,4,10,150,53,0.0
199,4,10,150,53,0.0
200,4,10,150,53,0.11302970636219896
201,4,10,150,53,0.03487978243545732
203,4,10,150,53,0.0
204,4,10,150,53,0.0
205,4,10,150,53,0.0
206,4,10,150,53,0.0
207,4,10,150,53,0.050513241088636716
209,4,10,150,53,0.0
210,4,10,150,53,0.09440608278107551
211,4,10,150,53,0.0
212,4,10,150,53,0.12681701683239352
213,4,10,150,53,0.2384146878320104
214,4,10,150,53,0.056720838976548935
215,4,10,150,53,0.0
216,4,10,150,53,0.03497205398870122
217,4,10,150,53,0.0
218,4,10,150,53,0.19092086617893467
219,4,10,150,53,0.0
221,4,10,150,53,0.3375735570145491
222,4,10,150,53,0.12476107276951183
223,4,10,150,53,0.03870447337439288
224,4,10,150,53,0.0
225,4,10,150,53,0.0
226,4,10,150,53,0.0
227,4,10,150,53,0.0
228,4,10,150,53,0.0
229,4,10,150,53,0.0
230,4,10,150,53,0.23712439662683835
231,4,10,150,53,0.0
232,4,10,150,53,0.3234992853586256
233,4,10,150,53,0.0968152409481219
234,4,10,150,53,0.06411917231744522
235,4,10,150,53,0.06065881345112158
236,4,10,150,53,0.0
237,4,10,150,53,0.0
238,4,10,150,53,0.0
239,4,10,150,53,0.060772229737720354
240,4,10,150,53,0.05497526658285817
242,4,10,150,53,0.0
243,4,10,150,53,0.09267768927614353
244,4,10,150,53,0.15765545519871427
245,4,10,150,53,0.10704534003732354
246,4,10,150,53,0.08041927109478651
247,4,10,150,53,0.0
248,4,10,150,53,0.14830051302014485
249,4,10,150,53,0.25407033333205165
250,4,10,150,53,0.3503302816689379
251,4,10,150,53,0.0
252,4,10,150,53,0.0
253,4,10,150,53,0.05954496680255472
254,4,10,150,53,0.0
255,4,10,150,53,0.0
256,4,10,150,53,0.16583176898817792
257,4,10,150,53,0.3305900772260718
258,4,10,150,53,0.0
259,4,10,150,53,0.0
260,4,10,150,53,0.0
261,4,10,150,53,0.0
262,4,10,150,53,0.0
263,4,10,150,53,0.12774011823457565
264,4,10,150,53,0.0
265,4,10,150,53,0.10209739512291163
267,4,10,150,53,0.09794101962538232
268,4,10,150,53,0.058643164519127634
269,4,10,150,53,0.13223875150584097
270,4,10,150,53,0.0
271,4,10,150,53,0.12276482551434069
272,4,10,150,53,0.14498698048571354
273,4,10,150,53,0.0
274,4,10,150,53,0.0
275,4,10,150,53,0.04605780568615433
276,4,10,150,53,0.18784639929386426
277,4,10,150,53,0.0
279,4,10,150,53,0.06493409231178052
280,4,10,150,53,0.03337620304869898
281,4,10,150,53,0.0
283,4,10,150,53,0.07132875491150918
284,4,10,150,53,0.0
285,4,10,150,53,0.1185995982858366
286,4,10,150,53,0.2811006876018765
287,4,10,150,53,0.06364028872631156
288,4,10,150,53,0.12538054736008386
289,4,10,150,53,0.13905617951077562
290,4,10,150,53,0.0
291,4,10,150,53,0.2183602490428485
292,4,10,150,53,0.08933583385868532
293,4,10,150,53,0.10795785893996995
294,4,10,150,53,0.04123398036294628
295,4,10,150,53,0.2670961153715764
296,4,10,150,53,0.47774763069170006
297,4,10,150,53,0.10821553499518591
298,4,10,150,53,0.19947114504638494
299,4,10,150,53,0.0
300,4,10,150,53,0.0
301,4,10,150,53,0.047934103497110726
303,4,10,150,53,0.08445595784965927
304,4,10,150,53,0.0
305,4,10,150,53,0.31514747987601716
306,4,10,150,53,0.0
307,4,10,150,53,0.1383141340724969
308,4,10,150,53,0.19205342317019936
309,4,10,150,53,0.0
310,4,10,150,53,0.0
311,4,10,150,53,0.08938791352906189
312,4,10,150,53,0.07579200366109638
313,4,10,150,53,0.14465709645474623
314,4,10,150,53,0.20285519102295546
315,4,10,150,53,0.0
316,4,10,150,53,0.04568304891751105
317,4,10,150,53,0.0
318,4,10,150,53,0.10118786565551004
319,4,10,150,53,0.0
320,4,10,150,53,0.0
321,4,10,150,53,0.062242588308449316
322,4,10,150,53,0.17342765698823945
323,4,10,150,53,0.14126697285982898
324,4,10,150,53,0.0
325,4,10,150,53,0.0
326,4,10,150,53,0.0634222181618871
327,4,10,150,53,0.0
328,4,10,150,53,0.1437524526514495
329,4,10,150,53,0.0
330,4,10,150,53,0.0536466452928127
331,4,10,150,53,0.16958010263680806
332,4,10,150,53,0.024647523009140075
333,4,10,150,53,0.0
334,4,10,150,53,0.07058424671826317
336,4,10,150,53,0.0
337,4,10,150,53,0.16716045496620227
338,4,10,150,53,0.05005165434923901
339,4,10,150,53,0.06608282041002614
340,4,10,150,53,0.0
341,4,10,150,53,0.0
342,4,10,150,53,0.2625072992734236
343,4,10,150,53,0.28732332399638805
344,4,10,150,53,0.23832550406045652
345,4,10,150,53,0.056149696530797676
346,4,10,150,53,0.13947804593499064
347,4,10,150,53,0.08705643551438974
348,4,10,150,53,0.071942683897578
349,4,10,150,53,0.07673373981757839
350,4,10,150,53,0.0749368547125808
351,4,10,150,53,0.0
352,4,10,150,53,0.0
353,4,10,150,53,0.0
354,4,10,150,53,0.051249224710132255
355,4,10,150,53,0.0
356,4,10,150,53,0.08406376813555873
357,4,10,150,53,0.0
358,4,10,150,53,0.20438239758848611
359,4,10,150,53,0.0
360,4,10,150,53,0.06752012359727312
361,4,10,150,53,0.09622728274290568
362,4,10,150,53,0.0
363,4,10,150,53,0.1803013146105011
364,4,10,150,53,0.0
365,4,10,150,53,0.0
366,4,10,150,53,0.0
367,4,10,150,53,0.0
368,4,10,150,53,0.0
369,4,10,150,53,0.0
370,4,10,150,53,0.13479984916817475
371,4,10,150,53,0.22569563125869263
372,4,10,150,53,0.0
373,4,10,150,53,0.062173010658778456
374,4,10,150,53,0.06834943074719504
375,4,10,150,53,0.0
376,4,10,150,53,0.0
377,4,10,150,53,0.0
378,4,10,150,53,0.16448029476168333
379,4,10,150,53,0.11339835829152477
380,4,10,150,53,0.0
381,4,10,150,53,0.05105625351125917
382,4,10,150,53,0.0
383,4,10,150,53,0.04838338183089434
384,4,10,150,53,0.0
385,4,10,150,53,0.0
386,4,10,150,53,0.0
387,4,10,150,53,0.11497906462099297
388,4,10,150,53,0.04511904280884329
389,4,10,150,53,0.12419123143547287
390,4,10,150,53,0.0
391,4,10,150,53,0.2137247802747043
392,4,10,150,53,0.0
393,4,10,150,53,0.014053556787151419
394,4,10,150,53,0.11073655428626575
395,4,10,150,53,0.04931346192675315
396,4,10,150,53,0.0
397,4,10,150,53,0.22320497122386787
398,4,10,150,53,0.16581649615734612
399,4,10,150,53,0.032185911779114895
400,4,10,150,53,0.0
401,4,10,150,53,0.0
402,4,10,150,53,0.08963222225173058
403,4,10,150,53,0.0854499779566911
404,4,10,150,53,0.0
405,4,10,150,53,0.0602788773981993
406,4,10,150,53,0.20956416940551098
407,4,10,150,53,0.04270006763257965
408,4,10,150,53,0.0
409,4,10,150,53,0.10914342353313093
410,4,10,150,53,0.0
411,4,10,150,53,0.0
412,4,10,150,53,0.0
413,4,10,150,53,0.041646268351119564
414,4,10,150,53,0.0
415,4,10,150,53,0.15103391472831218
416,4,10,150,53,0.1949190625047652
417,4,10,150,53,0.09850508837083022
418,4,10,150,53,0.0
419,4,10,150,53,0.1208113026994942
420,4,10,150,53,0.06052048269976269
421,4,10,150,53,0.15435807162450887
422,4,10,150,53,0.04320473659574256
423,4,10,150,53,0.053845569940583225
424,4,10,150,53,0.2766918177656049
425,4,10,150,53,0.1674157226455415
426,4,10,150,53,0.040759261617270684
427,4,10,150,53,0.0
428,4,10,150,53,0.04415960465480069
429,4,10,150,53,0.15992203440211092
430,4,10,150,53,0.0
431,4,10,150,53,0.0
432,4,10,150,53,0.0
433,4,10,150,53,0.05780921899607981
434,4,10,150,53,0.20778267687568405
435,4,10,150,53,0.17454948337396828
436,4,10,150,53,0.0
437,4,10,150,53,0.09166074247719914
438,4,10,150,53,0.0
439,4,10,150,53,0.10863976191957724
440,4,10,150,53,0.0
441,4,10,150,53,0.0
442,4,10,150,53,0.040949887133979804
443,4,10,150,53,0.06783204105472322
444,4,10,150,53,0.1312721899408984
445,4,10,150,53,0.0
446,4,10,150,53,0.0
447,4,10,150,53,0.16246725303708914
448,4,10,150,53,0.0
449,4,10,150,53,0.1511226181481109
450,4,10,150,53,0.2880734981270015
451,4,10,150,53,0.06148915918944534
452,4,10,150,53,0.10773098771530253
453,4,10,150,53,0.0
454,4,10,150,53,0.0
455,4,10,150,53,0.063401477059351
456,4,10,150,53,0.018650043077523788
457,4,10,150,53,0.282690216345629
458,4,10,150,53,0.06982799741808067
459,4,10,150,53,0.0
460,4,10,150,53,0.05184030722866645
461,4,10,150,53,0.0
462,4,10,150,53,0.0
463,4,10,150,53,0.11987424504051505
464,4,10,150,53,0.0
465,4,10,150,53,0.0
466,4,10,150,53,0.0
467,4,10,150,53,0.07807600999842033
468,4,10,150,53,0.11455543964849552
469,4,10,150,53,0.0
470,4,10,150,53,0.0
471,4,10,150,53,0.0
472,4,10,150,53,0.059378631551402404
473,4,10,150,53,0.06140244428718695
474,4,10,150,53,0.22724187439947496
475,4,10,150,53,0.0
476,4,10,150,53,0.0
477,4,10,150,53,0.0
478,4,10,150,53,0.2345109835167376
479,4,10,150,53,0.10172348796286074
480,4,10,150,53,0.0741070054529978
481,4,10,150,53,0.10388675010296258
482,4,10,150,53,0.0
483,4,10,150,53,0.05658242244874664
484,4,10,150,53,0.2723783861819967
485,4,10,150,53,0.0
486,4,10,150,53,0.0
487,4,10,150,53,0.08199193156683765
488,4,10,150,53,0.0
489,4,10,150,53,0.0
490,4,10,150,53,0.0
491,4,10,150,53,0.10497643268981144
492,4,10,150,53,0.0
493,4,10,150,53,0.1254889491373293
494,4,10,150,53,0.0
495,4,10,150,53,0.09864236150154798
496,4,10,150,53,0.047739744220948385
497,4,10,150,53,0.05057001832592956
498,4,10,150,53,0.0
499,4,10,150,53,0.02651211589009722
500,4,10,150,53,0.09541527213731128
501,4,10,150,53,0.0
502,4,10,150,53,0.0
503,4,10,150,53,0.05608659198762317
504,4,10,150,53,0.08148269775823089
505,4,10,150,53,0.07379217622092994
506,4,10,150,53,0.09189693985455885
507,4,10,150,53,0.05319635904163211
508,4,10,150,53,0.0
509,4,10,150,53,0.0
510,4,10,150,53,0.0
511,4,10,150,53,0.08495943917278885
512,4,10,150,53,0.05478392673173268
513,4,10,150,53,0.0
514,4,10,150,53,0.27252722616773445
515,4,10,150,53,0.11706259313796354
516,4,10,150,53,0.0
517,4,10,150,53,0.08878770367712427
518,4,10,150,53,0.0
519,4,10,150,53,0.0
520,4,10,150,53,0.0
521,4,10,150,53,0.09850628252086785
522,4,10,150,53,0.12524561954372188
523,4,10,150,53,0.032114893884379984
524,4,10,150,53,0.14461630252569113
525,4,10,150,53,0.0
526,4,10,150,53,0.04972780777662495
527,4,10,150,53,0.1448182018041012
528,4,10,150,53,0.10209739512291163
529,4,10,150,53,0.0
530,4,10,150,53,0.0
531,4,10,150,53,0.1517763576041802
532,4,10,150,53,0.26676187070517904
533,4,10,150,53,0.11557545112991054
534,4,10,150,53,0.1046638363823608
535,4,10,150,53,0.13889821983463596
536,4,10,150,53,0.09414825230406802
537,4,10,150,53,0.3909102417118446
538,4,10,150,53,0.14697776980950736
539,4,10,150,53,0.04478826142555715
540,4,10,150,53,0.0
541,4,10,150,53,0.04030702414138781
542,4,10,150,53,0.049033875503285806
543,4,10,150,53,0.04953295293703468
544,4,10,150,53,0.05282936728943967
545,4,10,150,53,0.02244213465825961
546,4,10,150,53,0.05758752804519195
547,4,10,150,53,0.0
548,4,10,150,53,0.1103190733436671
549,4,10,150,53,0.0
550,4,10,150,53,0.04785685030080952
551,4,10,150,53,0.07737234960652824
552,4,10,150,53,0.1205344274731702
553,4,10,150,53,0.04743759234968417
554,4,10,150,53,0.12627825946936164
555,4,10,150,53,0.0
556,4,10,150,53,0.07660623398069263
557,4,10,150,53,0.0
558,4,10,150,53,0.08878770367712427
559,4,10,150,53,0.04366879852493834
560,4,10,150,53,0.09375790921485552
561,4,10,150,53,0.05144647187440857
562,4,10,150,53,0.02783211215220634
563,4,10,150,53,0.0
564,4,10,150,53,0.08498983725535779
565,4,10,150,53,0.0
566,4,10,150,53,0.03579489106983033
567,4,10,150,53,0.1471381878632886
568,4,10,150,53,0.036155150901276155
569,4,10,150,53,0.18299769260789403
570,4,10,150,53,0.0
571,4,10,150,53,0.0
572,4,10,150,53,0.16812753627111746
573,4,10,150,53,0.06437746926759551
574,4,10,150,53,0.051811563545175146
575,4,10,150,53,0.0
576,4,10,150,53,0.0
577,4,10,150,53,0.1914871671483212
578,4,10,150,53,0.0
579,4,10,150,53,0.0
580,4,10,150,53,0.12128674553236206
581,4,10,150,53,0.05276490902632437
582,4,10,150,53,0.03190895161277091
583,4,10,150,53,0.0
584,4,10,150,53,0.06323567569191428
585,4,10,150,53,0.04173963774222741
586,4,10,150,53,0.05786021189691368
587,4,10,150,53,0.0
588,4,10,150,53,0.12100428021731384
589,4,10,150,53,0.0
590,4,10,150,53,0.053845569940583225
591,4,10,150,53,0.0
592,4,10,150,53,0.34717448462013484
593,4,10,150,53,0.05980662297351645
594,4,10,150,53,0.0
595,4,10,150,53,0.08222680541038725
596,4,10,150,53,0.0
597,4,10,150,53,0.27101620591530523
598,4,10,150,53,0.0684591776394769
599,4,10,150,53,0.0
600,4,10,150,53,0.09197011795311534
601,4,10,150,53,0.0
602,4,10,150,53,0.0
603,4,10,150,53,0.0
604,4,10,150,53,0.0
605,4,10,150,53,0.23939908411991156
606,4,10,150,53,0.15763346060847175
607,4,10,150,53,0.0
608,4,10,150,53,0.09072059226435805
609,4,10,150,53,0.0
610,4,10,150,53,0.19303241878686786
611,4,10,150,53,0.07624568872860434
612,4,10,150,53,0.0
613,4,10,150,53,0.04578230021840749
614,4,10,150,53,0.0
615,4,10,150,53,0.027541830374730368
616,4,10,150,53,0.03618657486793958
617,4,10,150,53,0.0
618,4,10,150,53,0.1297765730626482
619,4,10,150,53,0.12363660028711727
620,4,10,150,53,0.14012037550990028
621,4,10,150,53,0.09678412991767817
622,4,10,150,53,0.1803531874024589
623,4,10,150,53,0.17494254380936963
624,4,10,150,53,0.06626749824739844
625,4,10,150,53,0.0
626,4,10,150,53,0.06228974831361337
627,4,10,150,53,0.06945233499530101
628,4,10,150,53,0.0
629,4,10,150,53,0.10922434570876023
630,4,10,150,53,0.15874779570678058
631,4,10,150,53,0.0
632,4,10,150,53,0.12112269717167994
633,4,10,150,53,0.11499138576948859
634,4,10,150,53,0.022104381789790163
635,4,10,150,53,0.04546401530948942
636,4,10,150,53,0.06364028872631156
637,4,10,150,53,0.01928973283308616
638,4,10,150,53,0.09712868482236708
639,4,10,150,53,0.016417578556357865
640,4,10,150,53,0.08728477671007713
641,4,10,150,53,0.07675099783970546
642,4,10,150,53,0.1417473925490335
643,4,10,150,53,0.12057199017597488
644,4,10,150,53,0.04935421935348238
645,4,10,150,53,0.16158259063789654
646,4,10,150,53,0.0
647,4,10,150,53,0.030218457878623886
648,4,10,150,53,0.1486018921803061
649,4,10,150,53,0.15489949502599
650,4,10,150,53,0.06529369661873805
651,4,10,150,53,0.0
652,4,10,150,53,0.08156220960446063
653,4,10,150,53,0.12273570210340416
654,4,10,150,53,0.21255442687635834
655,4,10,150,53,0.12322741959931263
656,4,10,150,53,0.07397229644086958
657,4,10,150,53,0.0
658,4,10,150,53,0.2625403796417579
659,4,10,150,53,0.0889471652431075
660,4,10,150,53,0.026825040276526844
661,4,10,150,53,0.06962713451216634
662,4,10,150,53,0.0512644431393966
663,4,10,150,53,0.24026856780584893
664,4,10,150,53,0.28517362059082263
665,4,10,150,53,0.0
666,4,10,150,53,0.21570103534847296
667,4,10,150,53,0.22356588040577743
668,4,10,150,53,0.06194403202282284
669,4,10,150,53,0.11692427423906517
670,4,10,150,53,0.06613087842005526
671,4,10,150,53,0.14406006556003687
672,4,10,150,53,0.0
673,4,10,150,53,0.14837758007547783
674,4,10,150,53,0.11338915993603582
675,4,10,150,53,0.0
676,4,10,150,53,0.16684180252782607
677,4,10,150,53,0.03314040476303028
678,4,10,150,53,0.03824432123396675
679,4,10,150,53,0.15527711509166947
680,4,10,150,53,0.11377863936243801
681,4,10,150,53,0.0
682,4,10,150,53,0.148205955260439
683,4,10,150,53,0.0
684,4,10,150,53,0.06573003977381581
685,4,10,150,53,0.1906465758273748
686,4,10,150,53,0.07277260183012466
687,4,10,150,53,0.0
688,4,10,150,53,0.0
689,4,10,150,53,0.18098128360653137
690,4,10,150,53,0.07914701567910001
691,4,10,150,53,0.09842092178212862
692,4,10,150,53,0.12090042896411356
693,4,10,150,53,0.0
694,4,10,150,53,0.17758864979147368
695,4,10,150,53,0.0
696,4,10,150,53,0.039725595076707886
697,4,10,150,53,0.04239477130634912
698,4,10,150,53,0.041937660325009396
699,4,10,150,53,0.050296301412810544
700,4,10,150,53,0.12729890218214104
701,4,10,150,53,0.0
702,4,10,150,53,0.037715680681715956
703,4,10,150,53,0.11918688501400482
704,4,10,150,53,0.19694033341342398
705,4,10,150,53,0.15283347059959726
706,4,10,150,53,0.04395738023645723
707,4,10,150,53,0.033972194068254566
708,4,10,150,53,0.07186325791519563
709,4,10,150,53,0.13472082394875662
710,4,10,150,53,0.10695361352497157
711,4,10,150,53,0.16256768805469224
712,4,10,150,53,0.1396334294932178
713,4,10,150,53,0.1468735732232516
714,4,10,150,53,0.03441184191455828
715,4,10,150,53,0.0
716,4,10,150,53,0.266184008824193
717,4,10,150,53,0.09054670163637572
718,4,10,150,53,0.035328385129692476
719,4,10,150,53,0.09883437846193516
720,4,10,150,53,0.0
721,4,10,150,53,0.1602337408897541
722,4,10,150,53,0.06556429791586475
723,4,10,150,53,0.0
724,4,10,150,53,0.0
725,4,10,150,53,0.0
726,4,10,150,53,0.05010834716923557
727,4,10,150,53,0.15986032025917116
728,4,10,150,53,0.09627818061559096
729,4,10,150,53,0.0
730,4,10,150,53,0.02601736765943984
731,4,10,150,53,0.13032711631493252
732,4,10,150,53,0.0
733,4,10,150,53,0.1300076176478829
734,4,10,150,53,0.0
735,4,10,150,53,0.0
736,4,10,150,53,0.0
737,4,10,150,53,0.1138970555583582
738,4,10,150,53,0.1428106089750275
739,4,10,150,53,0.03855307727568851
740,4,10,150,53,0.0
741,4,10,150,53,0.05358697798864893
742,4,10,150,53,0.0488929053971083
743,4,10,150,53,0.0690623255281084
744,4,10,150,53,0.03596673601130318
745,4,10,150,53,0.03520132288421838
746,4,10,150,53,0.23491487959421534
747,4,10,150,53,0.45160489590273023
748,4,10,150,53,0.09621648119325965
749,4,10,150,53,0.15632181469520515
750,4,10,150,53,0.041278922835426404
751,4,10,150,53,0.08305361348206966
752,4,10,150,53,0.023242424817620892
753,4,10,150,53,0.15780803084928155
754,4,10,150,53,0.0
755,4,10,150,53,0.03855371268423985
756,4,10,150,53,0.031104745345423533
757,4,10,150,53,0.0
758,4,10,150,53,0.29315166305169915
759,4,10,150,53,0.08145040004058159
760,4,10,150,53,0.0
761,4,10,150,53,0.06869287000000811
762,4,10,150,53,0.051960280791503534
763,4,10,150,53,0.04542386553984721
764,4,10,150,53,0.08946696896639536
765,4,10,150,53,0.15066101840234988
766,4,10,150,53,0.026540030069628226
767,4,10,150,53,0.10635849541123835
768,4,10,150,53,0.060133059387366614
769,4,10,150,53,0.0
770,4,10,150,53,0.21464739068424896
771,4,10,150,53,0.2872791742076055
772,4,10,150,53,0.04415960465480069
773,4,10,150,53,0.08733825915862371
774,4,10,150,53,0.0709823799186113
775,4,10,150,53,0.0
776,4,10,150,53,0.138487812915294
777,4,10,150,53,0.0
778,4,10,150,53,0.1631238413472767
779,4,10,150,53,0.0
780,4,10,150,53,0.030023253564245667
781,4,10,150,53,0.17659637455717878
782,4,10,150,53,0.04895806292560339
783,4,10,150,53,0.0
784,4,10,150,53,0.0
785,4,10,150,53,0.0
786,4,10,150,53,0.0
787,4,10,150,53,0.0
788,4,10,150,53,0.2864521762538121
789,4,10,150,53,0.08809718769055445
790,4,10,150,53,0.0
791,4,10,150,53,0.04465281017341861
792,4,10,150,53,0.06658592494149675
793,4,10,150,53,0.0
794,4,10,150,53,0.04108065887337468
795,4,10,150,53,0.013413645192663429
796,4,10,150,53,0.3999358488799671
797,4,10,150,53,0.11278903329502893
798,4,10,150,53,0.04700886236338519
799,4,10,150,53,0.0
800,4,10,150,53,0.03244993904038569
801,4,10,150,53,0.1561471668577559
802,4,10,150,53,0.06960082070980815
803,4,10,150,53,0.10569353498973794
804,4,10,150,53,0.15260379048125466
805,4,10,150,53,0.12144147409429336
806,4,10,150,53,0.2959152150106387
807,4,10,150,53,0.1093244781747788
808,4,10,150,53,0.03535057968151573
809,4,10,150,53,0.0
810,4,10,150,53,0.0
811,4,10,150,53,0.0
812,4,10,150,53,0.0
813,4,10,150,53,0.0
814,4,10,150,53,0.034616222155696735
815,4,10,150,53,0.24402817893107148
816,4,10,150,53,0.0
817,4,10,150,53,0.0
818,4,10,150,53,0.05516788910004661
819,4,10,150,53,0.037210602758860095
820,4,10,150,53,0.0
821,4,10,150,53,0.302950268110492
822,4,10,150,53,0.0
823,4,10,150,53,0.20907329400450758
824,4,10,150,53,0.05046096657376444
825,4,10,150,53,0.06949440303842724
826,4,10,150,53,0.1446370222732684
827,4,10,150,53,0.0
828,4,10,150,53,0.05745618865524075
829,4,10,150,53,0.1751347628439014
830,4,10,150,53,0.17854437265047174
831,4,10,150,53,0.21058943716644085
832,4,10,150,53,0.0
833,4,10,150,53,0.1948924273380672
834,4,10,150,53,0.2706897351446418
835,4,10,150,53,0.13993736621795813
836,4,10,150,53,0.1552149671019067
837,4,10,150,53,0.02845813698273218
838,4,10,150,53,0.2625760940203853
839,4,10,150,53,0.08633834411059861
840,4,10,150,53,0.3310293364162993
841,4,10,150,53,0.03291850551891958
842,4,10,150,53,0.0
843,4,10,150,53,0.0
844,4,10,150,53,0.05872188515498603
845,4,10,150,53,0.0
846,4,10,150,53,0.3419727540197691
847,4,10,150,53,0.06128697628980689
848,4,10,150,53,0.03976674443038793
849,4,10,150,53,0.0419387969316025
850,4,10,150,53,0.2721744638560368
851,4,10,150,53,0.053392073909247606
852,4,10,150,53,0.26227118260874954
853,4,10,150,53,0.0
854,4,10,150,53,0.0
855,4,10,150,53,0.0
856,4,10,150,53,0.0
857,4,10,150,53,0.0
858,4,10,150,53,0.10250982096838526
859,4,10,150,53,0.02575009712173795
860,4,10,150,53,0.07362455969578281
861,4,10,150,53,0.06460834446248033
862,4,10,150,53,0.09447735361614451
863,4,10,150,53,0.06661350122025311
864,4,10,150,53,0.4627216686234907
865,4,10,150,53,0.07803010102565
866,4,10,150,53,0.16283687678415507
867,4,10,150,53,0.1579192849910101
868,4,10,150,53,0.2588397610752197
869,4,10,150,53,0.0587446084443979
870,4,10,150,53,0.2919762417788012
871,4,10,150,53,0.07372120589064866
872,4,10,150,53,0.02804794621397926
873,4,10,150,53,0.0
874,4,10,150,53,0.13944914190808633
875,4,10,150,53,0.11729943308729383
876,4,10,150,53,0.08671382849411972
877,4,10,150,53,0.0835317778614811
878,4,10,150,53,0.17506988513672245
879,4,10,150,53,0.03963466998423315
880,4,10,150,53,0.4051040645132843
881,4,10,150,53,0.11768199421964408
882,4,10,150,53,0.198339784300679
883,4,10,150,53,0.36000980497459795
884,4,10,150,53,0.09113547509404434
885,4,10,150,53,0.04536087033637415
886,4,10,150,53,0.209182393109465
887,4,10,150,53,0.09072624932539038
888,4,10,150,53,0.11625487663628292
889,4,10,150,53,0.013007737212581352
890,4,10,150,53,0.10173069261008777
891,4,10,150,53,0.10491091696774645
892,4,10,150,53,0.27545711231783215
893,4,10,150,53,0.10869735563398858
894,4,10,150,53,0.12253620150900323
895,4,10,150,53,0.0
896,4,10,150,53,0.33639756927481246
897,4,10,150,53,0.3026613896047759
898,4,10,150,53,0.0
899,4,10,150,53,0.06332612265757051
900,4,10,150,53,0.055315677011973347
901,4,10,150,53,0.18132668514654882
902,4,10,150,53,0.05978585424799658
903,4,10,150,53,0.22064009608539073
904,4,10,150,53,0.0
905,4,10,150,53,0.0
906,4,10,150,53,0.10407444169186962
907,4,10,150,53,0.031742806389256244
908,4,10,150,53,0.06892767477436933
909,4,10,150,53,0.0
910,4,10,150,53,0.0
911,4,10,150,53,0.11703906065408363
912,4,10,150,53,0.15575097056245804
913,4,10,150,53,0.07312974074610404
914,4,10,150,53,0.0
915,4,10,150,53,0.0
916,4,10,150,53,0.28610493005580667
917,4,10,150,53,0.0
918,4,10,150,53,0.043627084055128
919,4,10,150,53,0.1146583442846967
920,4,10,150,53,0.0
921,4,10,150,53,0.15405864814296488
922,4,10,150,53,0.1280645281724967
923,4,10,150,53,0.02142307850464013
924,4,10,150,53,0.018280262702529162
925,4,10,150,53,0.0
926,4,10,150,53,0.0
927,4,10,150,53,0.04499596683729014
928,4,10,150,53,0.1482972305701491
929,4,10,150,53,0.25163227912988373
930,4,10,150,53,0.0
931,4,10,150,53,0.08679587898287541
932,4,10,150,53,0.23486199818204004
933,4,10,150,53,0.051940303490175
934,4,10,150,53,0.10841365663659717
935,4,10,150,53,0.04173963774222741
936,4,10,150,53,0.1321191921354211
937,4,10,150,53,0.0
938,4,10,150,53,0.1482741018676109
939,4,10,150,53,0.02916862694666808
940,4,10,150,53,0.050684733114198
941,4,10,150,53,0.0
942,4,10,150,53,0.08711514530833754
943,4,10,150,53,0.20163692230838232
1,4,10,150,54,0.4058715898896693
2,4,10,150,54,0.06250343848035038
3,4,10,150,54,0.0
4,4,10,150,54,0.0
5,4,10,150,54,0.040209635547393256
6,4,10,150,54,0.27020011346731576
7,4,10,150,54,0.29136519416833906
8,4,10,150,54,0.0
9,4,10,150,54,0.21840743681816419
10,4,10,150,54,0.15977884673203213
11,4,10,150,54,0.1722584975122812
12,4,10,150,54,0.0
13,4,10,150,54,0.24629800696158582
14,4,10,150,54,0.0
15,4,10,150,54,0.05010834716923557
16,4,10,150,54,0.053168340515114924
17,4,10,150,54,0.0
18,4,10,150,54,0.24724966735366713
19,4,10,150,54,0.0
20,4,10,150,54,0.0
21,4,10,150,54,0.0
22,4,10,150,54,0.11702382382650763
23,4,10,150,54,0.23682446174402746
24,4,10,150,54,0.0
25,4,10,150,54,0.12358102547512423
26,4,10,150,54,0.0
27,4,10,150,54,0.0
28,4,10,150,54,0.0
29,4,10,150,54,0.13455232720853103
30,4,10,150,54,0.0
31,4,10,150,54,0.0
32,4,10,150,54,0.0
33,4,10,150,54,0.0
35,4,10,150,54,0.10523285614729473
36,4,10,150,54,0.0
37,4,10,150,54,0.0
38,4,10,150,54,0.04739418218477539
39,4,10,150,54,0.0
40,4,10,150,54,0.0
41,4,10,150,54,0.0
42,4,10,150,54,0.0683037314796457
43,4,10,150,54,0.22592974817952552
44,4,10,150,54,0.2044921015662719
45,4,10,150,54,0.05200670101006268
46,4,10,150,54,0.11284514134893527
47,4,10,150,54,0.06250343848035038
48,4,10,150,54,0.0
49,4,10,150,54,0.0
50,4,10,150,54,0.0
51,4,10,150,54,0.16812753627111746
52,4,10,150,54,0.0
54,4,10,150,54,0.0
56,4,10,150,54,0.20383503459815738
57,4,10,150,54,0.3030555992505742
58,4,10,150,54,0.3717269535737058
59,4,10,150,54,0.2378606442039324
60,4,10,150,54,0.1505674224523334
61,4,10,150,54,0.0
62,4,10,150,54,0.08314631791322982
63,4,10,150,54,0.0
64,4,10,150,54,0.04238468688770069
65,4,10,150,54,0.13012668333070054
66,4,10,150,54,0.0
67,4,10,150,54,0.0
68,4,10,150,54,0.4827392464262081
69,4,10,150,54,0.07673373981757839
70,4,10,150,54,0.0
71,4,10,150,54,0.0
72,4,10,150,54,0.0
73,4,10,150,54,0.0
74,4,10,150,54,0.0
75,4,10,150,54,0.049432410190049694
76,4,10,150,54,0.1301464707340554
77,4,10,150,54,0.10201115106436301
78,4,10,150,54,0.0
79,4,10,150,54,0.27487633291429087
80,4,10,150,54,0.0
81,4,10,150,54,0.0
82,4,10,150,54,0.19298623480417013
83,4,10,150,54,0.12089611529519323
84,4,10,150,54,0.05034889199379723
85,4,10,150,54,0.0
87,4,10,150,54,0.07100089300395272
89,4,10,150,54,0.2553387838830436
90,4,10,150,54,0.04275570647343925
91,4,10,150,54,0.05648147012627732
92,4,10,150,54,0.10542637391232386
93,4,10,150,54,0.0
94,4,10,150,54,0.08791240958776
95,4,10,150,54,0.17287436926807473
96,4,10,150,54,0.0
97,4,10,150,54,0.06462745615384195
98,4,10,150,54,0.0930297504356062
99,4,10,150,54,0.05658242244874664
100,4,10,150,54,0.0
101,4,10,150,54,0.0
102,4,10,150,54,0.0
103,4,10,150,54,0.0
104,4,10,150,54,0.0
105,4,10,150,54,0.0
106,4,10,150,54,0.0
107,4,10,150,54,0.0
108,4,10,150,54,0.0
109,4,10,150,54,0.07103066762111539
110,4,10,150,54,0.0
111,4,10,150,54,0.0
112,4,10,150,54,0.05685954565780693
113,4,10,150,54,0.053168340515114924
114,4,10,150,54,0.0
115,4,10,150,54,0.10684080426179023
116,4,10,150,54,0.0
117,4,10,150,54,0.20857178832305684
118,4,10,150,54,0.0
119,4,10,150,54,0.18374222286855332
120,4,10,150,54,0.0
121,4,10,150,54,0.271985059917519
122,4,10,150,54,0.1530100230930498
123,4,10,150,54,0.07386004580671933
125,4,10,150,54,0.12702645795516354
126,4,10,150,54,0.06911917000496234
127,4,10,150,54,0.10253313861822189
128,4,10,150,54,0.05750548798281727
129,4,10,150,54,0.0
130,4,10,150,54,0.16099269493775217
131,4,10,150,54,0.0
133,4,10,150,54,0.11047239495909743
134,4,10,150,54,0.0
135,4,10,150,54,0.0
137,4,10,150,54,0.06989841918216891
138,4,10,150,54,0.0
139,4,10,150,54,0.0
141,4,10,150,54,0.0
142,4,10,150,54,0.13373003436102654
143,4,10,150,54,0.1208996448617798
144,4,10,150,54,0.1227945149537572
145,4,10,150,54,0.08829985348038716
146,4,10,150,54,0.0
148,4,10,150,54,0.054181637470214
149,4,10,150,54,0.0
150,4,10,150,54,0.10235170428306553
151,4,10,150,54,0.06298430394440727
152,4,10,150,54,0.040655755922716606
153,4,10,150,54,0.0
154,4,10,150,54,0.06372882143962796
155,4,10,150,54,0.0
156,4,10,150,54,0.0
158,4,10,150,54,0.17575552384613552
159,4,10,150,54,0.0
160,4,10,150,54,0.0
161,4,10,150,54,0.0
162,4,10,150,54,0.0
163,4,10,150,54,0.0
164,4,10,150,54,0.0
165,4,10,150,54,0.12114889742360979
166,4,10,150,54,0.0
167,4,10,150,54,0.0
168,4,10,150,54,0.23504554941448536
169,4,10,150,54,0.06416923277158361
170,4,10,150,54,0.0
171,4,10,150,54,0.0
172,4,10,150,54,0.0
173,4,10,150,54,0.0
174,4,10,150,54,0.060961917527339995
175,4,10,150,54,0.0
176,4,10,150,54,0.04798885303920521
177,4,10,150,54,0.06912040963822193
178,4,10,150,54,0.2437589399037192
179,4,10,150,54,0.06723507268634088
180,4,10,150,54,0.12262943855309168
181,4,10,150,54,0.01719677167528726
182,4,10,150,54,0.0
183,4,10,150,54,0.0
184,4,10,150,54,0.09303069037986347
185,4,10,150,54,0.07745351606183934
186,4,10,150,54,0.22147164648185297
187,4,10,150,54,0.08625091781054979
188,4,10,150,54,0.054384419234677496
189,4,10,150,54,0.2089531400761587
190,4,10,150,54,0.10699313236726378
191,4,10,150,54,0.0
192,4,10,150,54,0.0
193,4,10,150,54,0.0
194,4,10,150,54,0.020323217806223443
195,4,10,150,54,0.0
196,4,10,150,54,0.0
197,4,10,150,54,0.05576624569167862
198,4,10,150,54,0.0
199,4,10,150,54,0.0
200,4,10,150,54,0.11302970636219896
201,4,10,150,54,0.03487978243545732
203,4,10,150,54,0.0
204,4,10,150,54,0.0
205,4,10,150,54,0.0
206,4,10,150,54,0.0
207,4,10,150,54,0.050513241088636716
209,4,10,150,54,0.0
210,4,10,150,54,0.09440608278107551
211,4,10,150,54,0.0
212,4,10,150,54,0.12681701683239352
213,4,10,150,54,0.2384146878320104
214,4,10,150,54,0.056720838976548935
215,4,10,150,54,0.0
216,4,10,150,54,0.03497205398870122
217,4,10,150,54,0.0
218,4,10,150,54,0.19092086617893467
219,4,10,150,54,0.0
221,4,10,150,54,0.3375735570145491
222,4,10,150,54,0.12476107276951183
223,4,10,150,54,0.03870447337439288
224,4,10,150,54,0.0
225,4,10,150,54,0.0
226,4,10,150,54,0.0
227,4,10,150,54,0.0
228,4,10,150,54,0.0
229,4,10,150,54,0.0
230,4,10,150,54,0.23712439662683835
231,4,10,150,54,0.0
232,4,10,150,54,0.3234992853586256
233,4,10,150,54,0.0968152409481219
234,4,10,150,54,0.06411917231744522
235,4,10,150,54,0.06065881345112158
236,4,10,150,54,0.0
237,4,10,150,54,0.0
238,4,10,150,54,0.0
239,4,10,150,54,0.060772229737720354
240,4,10,150,54,0.05497526658285817
242,4,10,150,54,0.0
243,4,10,150,54,0.09267768927614353
244,4,10,150,54,0.15765545519871427
245,4,10,150,54,0.10704534003732354
246,4,10,150,54,0.08041927109478651
247,4,10,150,54,0.0
248,4,10,150,54,0.14830051302014485
249,4,10,150,54,0.28358055700477847
250,4,10,150,54,0.3503302816689379
251,4,10,150,54,0.0
252,4,10,150,54,0.0
253,4,10,150,54,0.05954496680255472
254,4,10,150,54,0.0
255,4,10,150,54,0.0
256,4,10,150,54,0.16583176898817792
257,4,10,150,54,0.3305900772260718
258,4,10,150,54,0.0
259,4,10,150,54,0.0
260,4,10,150,54,0.0
261,4,10,150,54,0.0
262,4,10,150,54,0.0
263,4,10,150,54,0.12774011823457565
264,4,10,150,54,0.0
265,4,10,150,54,0.10209739512291163
267,4,10,150,54,0.09794101962538232
268,4,10,150,54,0.058643164519127634
269,4,10,150,54,0.13223875150584097
270,4,10,150,54,0.0
271,4,10,150,54,0.12276482551434069
272,4,10,150,54,0.14498698048571354
273,4,10,150,54,0.0
274,4,10,150,54,0.0
275,4,10,150,54,0.04605780568615433
276,4,10,150,54,0.18784639929386426
277,4,10,150,54,0.0
279,4,10,150,54,0.06493409231178052
280,4,10,150,54,0.03337620304869898
281,4,10,150,54,0.0
283,4,10,150,54,0.07132875491150918
284,4,10,150,54,0.0
285,4,10,150,54,0.1185995982858366
286,4,10,150,54,0.2811006876018765
287,4,10,150,54,0.06364028872631156
288,4,10,150,54,0.12538054736008386
289,4,10,150,54,0.13905617951077562
290,4,10,150,54,0.0
291,4,10,150,54,0.2183602490428485
292,4,10,150,54,0.08933583385868532
293,4,10,150,54,0.10795785893996995
294,4,10,150,54,0.04123398036294628
295,4,10,150,54,0.2670961153715764
296,4,10,150,54,0.47774763069170006
297,4,10,150,54,0.10821553499518591
298,4,10,150,54,0.19947114504638494
299,4,10,150,54,0.0
300,4,10,150,54,0.0
301,4,10,150,54,0.047934103497110726
303,4,10,150,54,0.08338138015798364
304,4,10,150,54,0.0
305,4,10,150,54,0.31514747987601716
306,4,10,150,54,0.0
307,4,10,150,54,0.1383141340724969
308,4,10,150,54,0.19205342317019936
309,4,10,150,54,0.0
310,4,10,150,54,0.0
311,4,10,150,54,0.08938791352906189
312,4,10,150,54,0.07579200366109638
313,4,10,150,54,0.14465709645474623
314,4,10,150,54,0.20285519102295546
315,4,10,150,54,0.0
316,4,10,150,54,0.04568304891751105
317,4,10,150,54,0.0
318,4,10,150,54,0.10118786565551004
319,4,10,150,54,0.0
320,4,10,150,54,0.0
321,4,10,150,54,0.062242588308449316
322,4,10,150,54,0.17342765698823945
323,4,10,150,54,0.14126697285982898
324,4,10,150,54,0.0
325,4,10,150,54,0.0
326,4,10,150,54,0.0634222181618871
327,4,10,150,54,0.0
328,4,10,150,54,0.1437524526514495
329,4,10,150,54,0.0
330,4,10,150,54,0.0536466452928127
331,4,10,150,54,0.16958010263680806
332,4,10,150,54,0.024647523009140075
333,4,10,150,54,0.0
334,4,10,150,54,0.07058424671826317
336,4,10,150,54,0.0
337,4,10,150,54,0.16716045496620227
338,4,10,150,54,0.05005165434923901
339,4,10,150,54,0.06608282041002614
340,4,10,150,54,0.0
341,4,10,150,54,0.0
342,4,10,150,54,0.2625072992734236
343,4,10,150,54,0.28732332399638805
344,4,10,150,54,0.23832550406045652
345,4,10,150,54,0.056149696530797676
346,4,10,150,54,0.13947804593499064
347,4,10,150,54,0.08705643551438974
348,4,10,150,54,0.071942683897578
349,4,10,150,54,0.07673373981757839
350,4,10,150,54,0.0749368547125808
351,4,10,150,54,0.0
352,4,10,150,54,0.0
353,4,10,150,54,0.0
354,4,10,150,54,0.051249224710132255
355,4,10,150,54,0.0
356,4,10,150,54,0.08406376813555873
357,4,10,150,54,0.0
358,4,10,150,54,0.20438239758848611
359,4,10,150,54,0.0
360,4,10,150,54,0.06752012359727312
361,4,10,150,54,0.09622728274290568
362,4,10,150,54,0.0
363,4,10,150,54,0.1803013146105011
364,4,10,150,54,0.0
365,4,10,150,54,0.0
366,4,10,150,54,0.0
367,4,10,150,54,0.0
368,4,10,150,54,0.0
369,4,10,150,54,0.0
370,4,10,150,54,0.13479984916817475
371,4,10,150,54,0.22569563125869263
372,4,10,150,54,0.0
373,4,10,150,54,0.062173010658778456
374,4,10,150,54,0.06834943074719504
375,4,10,150,54,0.0
376,4,10,150,54,0.0
377,4,10,150,54,0.0
378,4,10,150,54,0.16448029476168333
379,4,10,150,54,0.11339835829152477
380,4,10,150,54,0.0
381,4,10,150,54,0.05105625351125917
382,4,10,150,54,0.0
383,4,10,150,54,0.04838338183089434
384,4,10,150,54,0.0
385,4,10,150,54,0.0
386,4,10,150,54,0.0
387,4,10,150,54,0.11497906462099297
388,4,10,150,54,0.04511904280884329
389,4,10,150,54,0.12419123143547287
390,4,10,150,54,0.0
391,4,10,150,54,0.2137247802747043
392,4,10,150,54,0.0
393,4,10,150,54,0.014053556787151419
394,4,10,150,54,0.11073655428626575
395,4,10,150,54,0.04931346192675315
396,4,10,150,54,0.0
397,4,10,150,54,0.22320497122386787
398,4,10,150,54,0.16581649615734612
399,4,10,150,54,0.032185911779114895
400,4,10,150,54,0.0
401,4,10,150,54,0.0
402,4,10,150,54,0.08963222225173058
403,4,10,150,54,0.0854499779566911
404,4,10,150,54,0.0
405,4,10,150,54,0.05951191745149358
406,4,10,150,54,0.20956416940551098
407,4,10,150,54,0.04270006763257965
408,4,10,150,54,0.0
409,4,10,150,54,0.10914342353313093
410,4,10,150,54,0.0
411,4,10,150,54,0.0
412,4,10,150,54,0.0
413,4,10,150,54,0.041646268351119564
414,4,10,150,54,0.0
415,4,10,150,54,0.15103391472831218
416,4,10,150,54,0.1949190625047652
417,4,10,150,54,0.09850508837083022
418,4,10,150,54,0.0
419,4,10,150,54,0.1208113026994942
420,4,10,150,54,0.06052048269976269
421,4,10,150,54,0.15435807162450887
422,4,10,150,54,0.07550298029238112
423,4,10,150,54,0.053845569940583225
424,4,10,150,54,0.2766918177656049
425,4,10,150,54,0.1674157226455415
426,4,10,150,54,0.040759261617270684
427,4,10,150,54,0.0
428,4,10,150,54,0.04415960465480069
429,4,10,150,54,0.15788726201954204
430,4,10,150,54,0.0
431,4,10,150,54,0.0
432,4,10,150,54,0.0
433,4,10,150,54,0.05780921899607981
434,4,10,150,54,0.20778267687568405
435,4,10,150,54,0.17232859824398064
436,4,10,150,54,0.0
437,4,10,150,54,0.09166074247719914
438,4,10,150,54,0.0
439,4,10,150,54,0.10863976191957724
440,4,10,150,54,0.0
441,4,10,150,54,0.0
442,4,10,150,54,0.040949887133979804
443,4,10,150,54,0.06783204105472322
444,4,10,150,54,0.1312721899408984
445,4,10,150,54,0.0
446,4,10,150,54,0.0
447,4,10,150,54,0.16246725303708914
448,4,10,150,54,0.0
449,4,10,150,54,0.1511226181481109
450,4,10,150,54,0.2844081870875923
451,4,10,150,54,0.06148915918944534
452,4,10,150,54,0.10773098771530253
453,4,10,150,54,0.0
454,4,10,150,54,0.0
455,4,10,150,54,0.063401477059351
456,4,10,150,54,0.018650043077523788
457,4,10,150,54,0.282690216345629
458,4,10,150,54,0.06982799741808067
459,4,10,150,54,0.0
460,4,10,150,54,0.05184030722866645
461,4,10,150,54,0.0
462,4,10,150,54,0.0
463,4,10,150,54,0.11987424504051505
464,4,10,150,54,0.0
465,4,10,150,54,0.0
466,4,10,150,54,0.0
467,4,10,150,54,0.07807600999842033
468,4,10,150,54,0.11455543964849552
469,4,10,150,54,0.0
470,4,10,150,54,0.0
471,4,10,150,54,0.0
472,4,10,150,54,0.059378631551402404
473,4,10,150,54,0.06140244428718695
474,4,10,150,54,0.22435055618982405
475,4,10,150,54,0.0
476,4,10,150,54,0.0
477,4,10,150,54,0.0
478,4,10,150,54,0.2345109835167376
479,4,10,150,54,0.10172348796286074
480,4,10,150,54,0.0741070054529978
481,4,10,150,54,0.10388675010296258
482,4,10,150,54,0.0
483,4,10,150,54,0.05658242244874664
484,4,10,150,54,0.2723783861819967
485,4,10,150,54,0.0
486,4,10,150,54,0.0
487,4,10,150,54,0.08199193156683765
488,4,10,150,54,0.0
489,4,10,150,54,0.0
490,4,10,150,54,0.0
491,4,10,150,54,0.10497643268981144
492,4,10,150,54,0.0
493,4,10,150,54,0.1254889491373293
494,4,10,150,54,0.0
495,4,10,150,54,0.09864236150154798
496,4,10,150,54,0.047739744220948385
497,4,10,150,54,0.05057001832592956
498,4,10,150,54,0.0
499,4,10,150,54,0.02651211589009722
500,4,10,150,54,0.09541527213731128
501,4,10,150,54,0.0
502,4,10,150,54,0.0
503,4,10,150,54,0.05608659198762317
504,4,10,150,54,0.08148269775823089
505,4,10,150,54,0.07379217622092994
506,4,10,150,54,0.09189693985455885
507,4,10,150,54,0.05319635904163211
508,4,10,150,54,0.0
509,4,10,150,54,0.0
510,4,10,150,54,0.0
511,4,10,150,54,0.08495943917278885
512,4,10,150,54,0.05478392673173268
513,4,10,150,54,0.0
514,4,10,150,54,0.27252722616773445
515,4,10,150,54,0.11706259313796354
516,4,10,150,54,0.0
517,4,10,150,54,0.08878770367712427
518,4,10,150,54,0.0
519,4,10,150,54,0.0
520,4,10,150,54,0.0
521,4,10,150,54,0.09850628252086785
522,4,10,150,54,0.12524561954372188
523,4,10,150,54,0.032114893884379984
524,4,10,150,54,0.1427762730416451
525,4,10,150,54,0.0
526,4,10,150,54,0.04972780777662495
527,4,10,150,54,0.1448182018041012
528,4,10,150,54,0.10209739512291163
529,4,10,150,54,0.0
530,4,10,150,54,0.0
531,4,10,150,54,0.1517763576041802
532,4,10,150,54,0.2633677187406756
533,4,10,150,54,0.11557545112991054
534,4,10,150,54,0.1046638363823608
535,4,10,150,54,0.13889821983463596
536,4,10,150,54,0.09414825230406802
537,4,10,150,54,0.3859364845502855
538,4,10,150,54,0.14697776980950736
539,4,10,150,54,0.04478826142555715
540,4,10,150,54,0.0
541,4,10,150,54,0.04030702414138781
542,4,10,150,54,0.049033875503285806
543,4,10,150,54,0.04953295293703468
544,4,10,150,54,0.05282936728943967
545,4,10,150,54,0.02244213465825961
546,4,10,150,54,0.05758752804519195
547,4,10,150,54,0.0
548,4,10,150,54,0.1103190733436671
549,4,10,150,54,0.0
550,4,10,150,54,0.04785685030080952
551,4,10,150,54,0.07638790039824733
552,4,10,150,54,0.1205344274731702
553,4,10,150,54,0.04743759234968417
554,4,10,150,54,0.12627825946936164
555,4,10,150,54,0.0
556,4,10,150,54,0.07660623398069263
557,4,10,150,54,0.0
558,4,10,150,54,0.08878770367712427
559,4,10,150,54,0.04366879852493834
560,4,10,150,54,0.09375790921485552
561,4,10,150,54,0.0635154186560959
562,4,10,150,54,0.02783211215220634
563,4,10,150,54,0.0
564,4,10,150,54,0.08498983725535779
565,4,10,150,54,0.0
566,4,10,150,54,0.03579489106983033
567,4,10,150,54,0.1471381878632886
568,4,10,150,54,0.036155150901276155
569,4,10,150,54,0.18299769260789403
570,4,10,150,54,0.0
571,4,10,150,54,0.0
572,4,10,150,54,0.16812753627111746
573,4,10,150,54,0.06437746926759551
574,4,10,150,54,0.051811563545175146
575,4,10,150,54,0.0
576,4,10,150,54,0.0
577,4,10,150,54,0.1914871671483212
578,4,10,150,54,0.0
579,4,10,150,54,0.0
580,4,10,150,54,0.12128674553236206
581,4,10,150,54,0.05276490902632437
582,4,10,150,54,0.03190895161277091
583,4,10,150,54,0.0
584,4,10,150,54,0.06323567569191428
585,4,10,150,54,0.04173963774222741
586,4,10,150,54,0.05786021189691368
587,4,10,150,54,0.0
588,4,10,150,54,0.12100428021731384
589,4,10,150,54,0.0
590,4,10,150,54,0.053845569940583225
591,4,10,150,54,0.0
592,4,10,150,54,0.3427572005611952
593,4,10,150,54,0.05980662297351645
594,4,10,150,54,0.0
595,4,10,150,54,0.10296141646738245
596,4,10,150,54,0.0
597,4,10,150,54,0.27101620591530523
598,4,10,150,54,0.0684591776394769
599,4,10,150,54,0.0
600,4,10,150,54,0.09197011795311534
601,4,10,150,54,0.0
602,4,10,150,54,0.0
603,4,10,150,54,0.0
604,4,10,150,54,0.0
605,4,10,150,54,0.23939908411991156
606,4,10,150,54,0.15562780695721573
607,4,10,150,54,0.0
608,4,10,150,54,0.09072059226435805
609,4,10,150,54,0.0
610,4,10,150,54,0.19303241878686786
611,4,10,150,54,0.07624568872860434
612,4,10,150,54,0.0
613,4,10,150,54,0.08385150490449667
614,4,10,150,54,0.0
615,4,10,150,54,0.027541830374730368
616,4,10,150,54,0.03618657486793958
617,4,10,150,54,0.0
618,4,10,150,54,0.1281253572826617
619,4,10,150,54,0.12363660028711727
620,4,10,150,54,0.14012037550990028
621,4,10,150,54,0.09678412991767817
622,4,10,150,54,0.17805845868538878
623,4,10,150,54,0.17494254380936963
624,4,10,150,54,0.06626749824739844
625,4,10,150,54,0.0
626,4,10,150,54,0.06228974831361337
627,4,10,150,54,0.06945233499530101
628,4,10,150,54,0.0
629,4,10,150,54,0.10922434570876023
630,4,10,150,54,0.15874779570678058
631,4,10,150,54,0.0
632,4,10,150,54,0.12112269717167994
633,4,10,150,54,0.11499138576948859
634,4,10,150,54,0.022104381789790163
635,4,10,150,54,0.04546401530948942
636,4,10,150,54,0.06364028872631156
637,4,10,150,54,0.01928973283308616
638,4,10,150,54,0.09712868482236708
639,4,10,150,54,0.016417578556357865
640,4,10,150,54,0.08728477671007713
641,4,10,150,54,0.07675099783970546
642,4,10,150,54,0.1399438657196117
643,4,10,150,54,0.11903788915832171
644,4,10,150,54,0.04935421935348238
645,4,10,150,54,0.16158259063789654
646,4,10,150,54,0.0
647,4,10,150,54,0.030218457878623886
648,4,10,150,54,0.14671115193718434
649,4,10,150,54,0.15489949502599
650,4,10,150,54,0.0644629304823995
651,4,10,150,54,0.0
652,4,10,150,54,0.08156220960446063
653,4,10,150,54,0.1211740710378109
654,4,10,150,54,0.21255442687635834
655,4,10,150,54,0.1343830595276241
656,4,10,150,54,0.07397229644086958
657,4,10,150,54,0.0
658,4,10,150,54,0.2625403796417579
659,4,10,150,54,0.08781544355121487
660,4,10,150,54,0.026825040276526844
661,4,10,150,54,0.08605775303302886
662,4,10,150,54,0.0512644431393966
663,4,10,150,54,0.24026856780584893
664,4,10,150,54,0.28517362059082263
665,4,10,150,54,0.0
666,4,10,150,54,0.21295655732041707
667,4,10,150,54,0.2543908605186312
668,4,10,150,54,0.06194403202282284
669,4,10,150,54,0.11692427423906517
670,4,10,150,54,0.06613087842005526
671,4,10,150,54,0.14406006556003687
672,4,10,150,54,0.0
673,4,10,150,54,0.14837758007547783
674,4,10,150,54,0.11338915993603582
675,4,10,150,54,0.0
676,4,10,150,54,0.16684180252782607
677,4,10,150,54,0.03314040476303028
678,4,10,150,54,0.03824432123396675
679,4,10,150,54,0.15527711509166947
680,4,10,150,54,0.11377863936243801
681,4,10,150,54,0.0
682,4,10,150,54,0.14632025273155597
683,4,10,150,54,0.0
684,4,10,150,54,0.06573003977381581
685,4,10,150,54,0.1906465758273748
686,4,10,150,54,0.07277260183012466
687,4,10,150,54,0.0
688,4,10,150,54,0.0
689,4,10,150,54,0.18098128360653137
690,4,10,150,54,0.07914701567910001
691,4,10,150,54,0.09842092178212862
692,4,10,150,54,0.12090042896411356
693,4,10,150,54,0.0
694,4,10,150,54,0.17758864979147368
695,4,10,150,54,0.0
696,4,10,150,54,0.039725595076707886
697,4,10,150,54,0.04239477130634912
698,4,10,150,54,0.041937660325009396
699,4,10,150,54,0.050296301412810544
700,4,10,150,54,0.12729890218214104
701,4,10,150,54,0.0
702,4,10,150,54,0.037715680681715956
703,4,10,150,54,0.11918688501400482
704,4,10,150,54,0.21717049343670972
705,4,10,150,54,0.16817244731511605
706,4,10,150,54,0.04395738023645723
707,4,10,150,54,0.033539947927040875
708,4,10,150,54,0.07186325791519563
709,4,10,150,54,0.13472082394875662
710,4,10,150,54,0.10695361352497157
711,4,10,150,54,0.16049925362545014
712,4,10,150,54,0.13785679973060622
713,4,10,150,54,0.1468735732232516
714,4,10,150,54,0.03441184191455828
715,4,10,150,54,0.0
716,4,10,150,54,0.2627972093011512
717,4,10,150,54,0.09054670163637572
718,4,10,150,54,0.035328385129692476
719,4,10,150,54,0.09883437846193516
720,4,10,150,54,0.0
721,4,10,150,54,0.15819500250115673
722,4,10,150,54,0.06556429791586475
723,4,10,150,54,0.0
724,4,10,150,54,0.0
725,4,10,150,54,0.0
726,4,10,150,54,0.05010834716923557
727,4,10,150,54,0.1578263330981894
728,4,10,150,54,0.09627818061559096
729,4,10,150,54,0.0
730,4,10,150,54,0.02601736765943984
731,4,10,150,54,0.13032711631493252
732,4,10,150,54,0.0
733,4,10,150,54,0.1300076176478829
734,4,10,150,54,0.0
735,4,10,150,54,0.0
736,4,10,150,54,0.0
737,4,10,150,54,0.1138970555583582
738,4,10,150,54,0.1409935542823041
739,4,10,150,54,0.03855307727568851
740,4,10,150,54,0.0
741,4,10,150,54,0.05358697798864893
742,4,10,150,54,0.0488929053971083
743,4,10,150,54,0.0690623255281084
744,4,10,150,54,0.03596673601130318
745,4,10,150,54,0.03520132288421838
746,4,10,150,54,0.23491487959421534
747,4,10,150,54,0.44585888864706186
748,4,10,150,54,0.09621648119325965
749,4,10,150,54,0.1543328498066328
750,4,10,150,54,0.041278922835426404
751,4,10,150,54,0.08199687855734412
752,4,10,150,54,0.023242424817620892
753,4,10,150,54,0.15780803084928155
754,4,10,150,54,0.0
755,4,10,150,54,0.03855371268423985
756,4,10,150,54,0.031104745345423533
757,4,10,150,54,0.0
758,4,10,150,54,0.28942173984185615
759,4,10,150,54,0.08145040004058159
760,4,10,150,54,0.0
761,4,10,150,54,0.06869287000000811
762,4,10,150,54,0.051960280791503534
763,4,10,150,54,0.04542386553984721
764,4,10,150,54,0.08946696896639536
765,4,10,150,54,0.15066101840234988
766,4,10,150,54,0.026202347270505986
767,4,10,150,54,0.10635849541123835
768,4,10,150,54,0.060133059387366614
769,4,10,150,54,0.0
770,4,10,150,54,0.21464739068424896
771,4,10,150,54,0.2872791742076055
772,4,10,150,54,0.04415960465480069
773,4,10,150,54,0.0862270084273407
774,4,10,150,54,0.07007923366457953
775,4,10,150,54,0.0
776,4,10,150,54,0.138487812915294
777,4,10,150,54,0.0
778,4,10,150,54,0.1631238413472767
779,4,10,150,54,0.0
780,4,10,150,54,0.030023253564245667
781,4,10,150,54,0.17659637455717878
782,4,10,150,54,0.04833514367174619
783,4,10,150,54,0.0
784,4,10,150,54,0.0
785,4,10,150,54,0.0
786,4,10,150,54,0.0
787,4,10,150,54,0.0
788,4,10,150,54,0.28280749414763995
789,4,10,150,54,0.08809718769055445
790,4,10,150,54,0.0
791,4,10,150,54,0.04465281017341861
792,4,10,150,54,0.06658592494149675
793,4,10,150,54,0.0
794,4,10,150,54,0.04108065887337468
795,4,10,150,54,0.013242976310857048
796,4,10,150,54,0.39484725415852906
797,4,10,150,54,0.11278903329502893
798,4,10,150,54,0.04641074381624059
799,4,10,150,54,0.0
800,4,10,150,54,0.03244993904038569
801,4,10,150,54,0.1561471668577559
802,4,10,150,54,0.06960082070980815
803,4,10,150,54,0.10569353498973794
804,4,10,150,54,0.15066213197554915
805,4,10,150,54,0.11989631017420341
806,4,10,150,54,0.2959152150106387
807,4,10,150,54,0.10793348518397265
808,4,10,150,54,0.03535057968151573
809,4,10,150,54,0.05234104579082298
810,4,10,150,54,0.0
811,4,10,150,54,0.0
812,4,10,150,54,0.0
813,4,10,150,54,0.0
814,4,10,150,54,0.034616222155696735
815,4,10,150,54,0.240923279716189
816,4,10,150,54,0.0
817,4,10,150,54,0.0
818,4,10,150,54,0.05516788910004661
819,4,10,150,54,0.037210602758860095
820,4,10,150,54,0.0
821,4,10,150,54,0.302950268110492
822,4,10,150,54,0.0
823,4,10,150,54,0.20641314422487556
824,4,10,150,54,0.05046096657376444
825,4,10,150,54,0.08238190489603152
826,4,10,150,54,0.1427967291609469
827,4,10,150,54,0.0
828,4,10,150,54,0.05745618865524075
829,4,10,150,54,0.1751347628439014
830,4,10,150,54,0.17854437265047174
831,4,10,150,54,0.21058943716644085
832,4,10,150,54,0.0
833,4,10,150,54,0.1924127082036658
834,4,10,150,54,0.2706897351446418
835,4,10,150,54,0.13993736621795813
836,4,10,150,54,0.17832202911372014
837,4,10,150,54,0.02845813698273218
838,4,10,150,54,0.2625760940203853
839,4,10,150,54,0.08633834411059861
840,4,10,150,54,0.32681747559250335
841,4,10,150,54,0.03291850551891958
842,4,10,150,54,0.0
843,4,10,150,54,0.0
844,4,10,150,54,0.05872188515498603
845,4,10,150,54,0.0
846,4,10,150,54,0.3376216543225202
847,4,10,150,54,0.06050718976925717
848,4,10,150,54,0.03926077116901626
849,4,10,150,54,0.0419387969316025
850,4,10,150,54,0.2721744638560368
851,4,10,150,54,0.05271273839525929
852,4,10,150,54,0.26227118260874954
853,4,10,150,54,0.0
854,4,10,150,54,0.0
855,4,10,150,54,0.0
856,4,10,150,54,0.0
857,4,10,150,54,0.0
858,4,10,150,54,0.10250982096838526
859,4,10,150,54,0.02575009712173795
860,4,10,150,54,0.07362455969578281
861,4,10,150,54,0.06460834446248033
862,4,10,150,54,0.09327526842109905
863,4,10,150,54,0.06576594251393764
864,4,10,150,54,0.45683421680578884
865,4,10,150,54,0.07803010102565
866,4,10,150,54,0.16283687678415507
867,4,10,150,54,0.1579192849910101
868,4,10,150,54,0.2555464062894602
869,4,10,150,54,0.0587446084443979
870,4,10,150,54,0.30098480144862566
871,4,10,150,54,0.07278321210938654
872,4,10,150,54,0.02804794621397926
873,4,10,150,54,0.0
874,4,10,150,54,0.13944914190808633
875,4,10,150,54,0.11729943308729383
876,4,10,150,54,0.08671382849411972
877,4,10,150,54,0.0835317778614811
878,4,10,150,54,0.17284237866066043
879,4,10,150,54,0.03963466998423315
880,4,10,150,54,0.3999497118587563
881,4,10,150,54,0.11618466414465471
882,4,10,150,54,0.20853973000051734
883,4,10,150,54,0.35542921036576236
884,4,10,150,54,0.09113547509404434
885,4,10,150,54,0.04536087033637415
886,4,10,150,54,0.20652085520438446
887,4,10,150,54,0.08957189140847453
888,4,10,150,54,0.11625487663628292
889,4,10,150,54,0.012842232912071247
890,4,10,150,54,0.10173069261008777
891,4,10,150,54,0.10491091696774645
892,4,10,150,54,0.2719523262086385
893,4,10,150,54,0.10869735563398858
894,4,10,150,54,0.12097710879468414
895,4,10,150,54,0.0
896,4,10,150,54,0.3321174055932863
897,4,10,150,54,0.29881046912880677
898,4,10,150,54,0.0
899,4,10,150,54,0.06252039100238907
900,4,10,150,54,0.055315677011973347
901,4,10,150,54,0.18132668514654882
902,4,10,150,54,0.05978585424799658
903,4,10,150,54,0.22064009608539073
904,4,10,150,54,0.0
905,4,10,150,54,0.0
906,4,10,150,54,0.10407444169186962
907,4,10,150,54,0.031742806389256244
908,4,10,150,54,0.06892767477436933
909,4,10,150,54,0.0
910,4,10,150,54,0.0
911,4,10,150,54,0.11703906065408363
912,4,10,150,54,0.15575097056245804
913,4,10,150,54,0.07219927248779984
914,4,10,150,54,0.0
915,4,10,150,54,0.0
916,4,10,150,54,0.2824646661461407
917,4,10,150,54,0.0
918,4,10,150,54,0.043627084055128
919,4,10,150,54,0.11319948570242684
920,4,10,150,54,0.0
921,4,10,150,54,0.15405864814296488
922,4,10,150,54,0.1280645281724967
923,4,10,150,54,0.02142307850464013
924,4,10,150,54,0.018280262702529162
925,4,10,150,54,0.0
926,4,10,150,54,0.0
927,4,10,150,54,0.04499596683729014
928,4,10,150,54,0.1482972305701491
929,4,10,150,54,0.25163227912988373
930,4,10,150,54,0.032298243696638564
931,4,10,150,54,0.08679587898287541
932,4,10,150,54,0.24459725249376602
933,4,10,150,54,0.06482780534777928
934,4,10,150,54,0.10703425250856574
935,4,10,150,54,0.04173963774222741
936,4,10,150,54,0.1321191921354211
937,4,10,150,54,0.0
938,4,10,150,54,0.1482741018676109
939,4,10,150,54,0.02916862694666808
940,4,10,150,54,0.050684733114198
941,4,10,150,54,0.0
942,4,10,150,54,0.08711514530833754
943,4,10,150,54,0.20163692230838232
1,4,10,150,55,0.4058715898896693
2,4,10,150,55,0.06250343848035038
3,4,10,150,55,0.0
4,4,10,150,55,0.0
5,4,10,150,55,0.040209635547393256
6,4,10,150,55,0.27020011346731576
7,4,10,150,55,0.29136519416833906
8,4,10,150,55,0.0
9,4,10,150,55,0.21840743681816419
10,4,10,150,55,0.15977884673203213
11,4,10,150,55,0.1722584975122812
12,4,10,150,55,0.0
13,4,10,150,55,0.24321727741483806
14,4,10,150,55,0.0
15,4,10,150,55,0.05010834716923557
16,4,10,150,55,0.053168340515114924
17,4,10,150,55,0.0
18,4,10,150,55,0.24724966735366713
19,4,10,150,55,0.0
20,4,10,150,55,0.0
21,4,10,150,55,0.0
22,4,10,150,55,0.11702382382650763
23,4,10,150,55,0.23682446174402746
24,4,10,150,55,0.0
25,4,10,150,55,0.12358102547512423
26,4,10,150,55,0.0
27,4,10,150,55,0.0
28,4,10,150,55,0.0
29,4,10,150,55,0.13455232720853103
30,4,10,150,55,0.0
31,4,10,150,55,0.0
32,4,10,150,55,0.0
33,4,10,150,55,0.0
35,4,10,150,55,0.10523285614729473
36,4,10,150,55,0.0
37,4,10,150,55,0.0
38,4,10,150,55,0.04739418218477539
39,4,10,150,55,0.0
40,4,10,150,55,0.10558114683788161
41,4,10,150,55,0.0
42,4,10,150,55,0.0683037314796457
43,4,10,150,55,0.22592974817952552
44,4,10,150,55,0.2044921015662719
45,4,10,150,55,0.05200670101006268
46,4,10,150,55,0.11284514134893527
47,4,10,150,55,0.06250343848035038
48,4,10,150,55,0.0
49,4,10,150,55,0.0
50,4,10,150,55,0.0
51,4,10,150,55,0.16812753627111746
52,4,10,150,55,0.0
54,4,10,150,55,0.0
56,4,10,150,55,0.20383503459815738
57,4,10,150,55,0.3030555992505742
58,4,10,150,55,0.3717269535737058
59,4,10,150,55,0.2378606442039324
60,4,10,150,55,0.1505674224523334
61,4,10,150,55,0.0
62,4,10,150,55,0.08314631791322982
63,4,10,150,55,0.0
64,4,10,150,55,0.04238468688770069
65,4,10,150,55,0.13012668333070054
66,4,10,150,55,0.0
67,4,10,150,55,0.0
68,4,10,150,55,0.4827392464262081
69,4,10,150,55,0.07673373981757839
70,4,10,150,55,0.0
71,4,10,150,55,0.0
72,4,10,150,55,0.0
73,4,10,150,55,0.0
74,4,10,150,55,0.0
75,4,10,150,55,0.049432410190049694
76,4,10,150,55,0.1301464707340554
77,4,10,150,55,0.10201115106436301
78,4,10,150,55,0.0
79,4,10,150,55,0.27487633291429087
80,4,10,150,55,0.0
81,4,10,150,55,0.0
82,4,10,150,55,0.19298623480417013
83,4,10,150,55,0.12089611529519323
84,4,10,150,55,0.05034889199379723
85,4,10,150,55,0.0
87,4,10,150,55,0.07100089300395272
89,4,10,150,55,0.2553387838830436
90,4,10,150,55,0.04275570647343925
91,4,10,150,55,0.05648147012627732
92,4,10,150,55,0.10542637391232386
93,4,10,150,55,0.0
94,4,10,150,55,0.08791240958776
95,4,10,150,55,0.17287436926807473
96,4,10,150,55,0.0
97,4,10,150,55,0.06462745615384195
98,4,10,150,55,0.0930297504356062
99,4,10,150,55,0.05658242244874664
100,4,10,150,55,0.0
101,4,10,150,55,0.0
102,4,10,150,55,0.0
103,4,10,150,55,0.0
104,4,10,150,55,0.0
105,4,10,150,55,0.0
106,4,10,150,55,0.0
107,4,10,150,55,0.0
108,4,10,150,55,0.0
109,4,10,150,55,0.07103066762111539
110,4,10,150,55,0.0
111,4,10,150,55,0.0
112,4,10,150,55,0.05685954565780693
113,4,10,150,55,0.053168340515114924
114,4,10,150,55,0.0
115,4,10,150,55,0.10684080426179023
116,4,10,150,55,0.0
117,4,10,150,55,0.20857178832305684
118,4,10,150,55,0.0
119,4,10,150,55,0.18374222286855332
120,4,10,150,55,0.0
121,4,10,150,55,0.271985059917519
122,4,10,150,55,0.1530100230930498
123,4,10,150,55,0.07386004580671933
125,4,10,150,55,0.12702645795516354
126,4,10,150,55,0.06911917000496234
127,4,10,150,55,0.10253313861822189
128,4,10,150,55,0.05750548798281727
129,4,10,150,55,0.0
130,4,10,150,55,0.16099269493775217
131,4,10,150,55,0.0
133,4,10,150,55,0.11047239495909743
134,4,10,150,55,0.0
135,4,10,150,55,0.0
137,4,10,150,55,0.1371200812351206
138,4,10,150,55,0.0
139,4,10,150,55,0.0
141,4,10,150,55,0.0
142,4,10,150,55,0.13373003436102654
143,4,10,150,55,0.1208996448617798
144,4,10,150,55,0.1227945149537572
145,4,10,150,55,0.08829985348038716
146,4,10,150,55,0.0
148,4,10,150,55,0.054181637470214
149,4,10,150,55,0.0
150,4,10,150,55,0.10235170428306553
151,4,10,150,55,0.06298430394440727
152,4,10,150,55,0.040655755922716606
153,4,10,150,55,0.0
154,4,10,150,55,0.06372882143962796
155,4,10,150,55,0.0
156,4,10,150,55,0.0
158,4,10,150,55,0.17575552384613552
159,4,10,150,55,0.0
160,4,10,150,55,0.0
161,4,10,150,55,0.0
162,4,10,150,55,0.0
163,4,10,150,55,0.0
164,4,10,150,55,0.0
165,4,10,150,55,0.12114889742360979
166,4,10,150,55,0.0
167,4,10,150,55,0.0
168,4,10,150,55,0.23504554941448536
169,4,10,150,55,0.06416923277158361
170,4,10,150,55,0.0
171,4,10,150,55,0.0
172,4,10,150,55,0.0
173,4,10,150,55,0.05840183867278569
174,4,10,150,55,0.060961917527339995
175,4,10,150,55,0.0
176,4,10,150,55,0.04798885303920521
177,4,10,150,55,0.06912040963822193
178,4,10,150,55,0.2437589399037192
179,4,10,150,55,0.06723507268634088
180,4,10,150,55,0.12262943855309168
181,4,10,150,55,0.01719677167528726
182,4,10,150,55,0.0
183,4,10,150,55,0.0
184,4,10,150,55,0.09303069037986347
185,4,10,150,55,0.07745351606183934
186,4,10,150,55,0.22147164648185297
187,4,10,150,55,0.08625091781054979
188,4,10,150,55,0.054384419234677496
189,4,10,150,55,0.2089531400761587
190,4,10,150,55,0.10699313236726378
191,4,10,150,55,0.0
192,4,10,150,55,0.0
193,4,10,150,55,0.0
194,4,10,150,55,0.020323217806223443
195,4,10,150,55,0.0
196,4,10,150,55,0.0
197,4,10,150,55,0.05576624569167862
198,4,10,150,55,0.0
199,4,10,150,55,0.0
200,4,10,150,55,0.11302970636219896
201,4,10,150,55,0.03487978243545732
203,4,10,150,55,0.0
204,4,10,150,55,0.0
205,4,10,150,55,0.0
206,4,10,150,55,0.0
207,4,10,150,55,0.050513241088636716
209,4,10,150,55,0.0
210,4,10,150,55,0.09440608278107551
211,4,10,150,55,0.0
212,4,10,150,55,0.12681701683239352
213,4,10,150,55,0.2384146878320104
214,4,10,150,55,0.056720838976548935
215,4,10,150,55,0.0
216,4,10,150,55,0.03497205398870122
217,4,10,150,55,0.0
218,4,10,150,55,0.19092086617893467
219,4,10,150,55,0.0
221,4,10,150,55,0.3375735570145491
222,4,10,150,55,0.12476107276951183
223,4,10,150,55,0.03870447337439288
224,4,10,150,55,0.0
225,4,10,150,55,0.0
226,4,10,150,55,0.08080765379783027
227,4,10,150,55,0.0
228,4,10,150,55,0.0
229,4,10,150,55,0.0
230,4,10,150,55,0.23712439662683835
231,4,10,150,55,0.0
232,4,10,150,55,0.3234992853586256
233,4,10,150,55,0.0968152409481219
234,4,10,150,55,0.06411917231744522
235,4,10,150,55,0.06065881345112158
236,4,10,150,55,0.0
237,4,10,150,55,0.0
238,4,10,150,55,0.0
239,4,10,150,55,0.060772229737720354
240,4,10,150,55,0.05497526658285817
242,4,10,150,55,0.0
243,4,10,150,55,0.09267768927614353
244,4,10,150,55,0.15765545519871427
245,4,10,150,55,0.10704534003732354
246,4,10,150,55,0.08041927109478651
247,4,10,150,55,0.0
248,4,10,150,55,0.14830051302014485
249,4,10,150,55,0.28358055700477847
250,4,10,150,55,0.3503302816689379
251,4,10,150,55,0.0
252,4,10,150,55,0.0
253,4,10,150,55,0.05954496680255472
254,4,10,150,55,0.0
255,4,10,150,55,0.0
256,4,10,150,55,0.16583176898817792
257,4,10,150,55,0.3305900772260718
258,4,10,150,55,0.0
259,4,10,150,55,0.0
260,4,10,150,55,0.0
261,4,10,150,55,0.0
262,4,10,150,55,0.0
263,4,10,150,55,0.12774011823457565
264,4,10,150,55,0.05840183867278569
265,4,10,150,55,0.10209739512291163
267,4,10,150,55,0.09794101962538232
268,4,10,150,55,0.058643164519127634
269,4,10,150,55,0.13223875150584097
270,4,10,150,55,0.0
271,4,10,150,55,0.12276482551434069
272,4,10,150,55,0.14498698048571354
273,4,10,150,55,0.0
274,4,10,150,55,0.0
275,4,10,150,55,0.04605780568615433
276,4,10,150,55,0.18784639929386426
277,4,10,150,55,0.0
279,4,10,150,55,0.06493409231178052
280,4,10,150,55,0.03337620304869898
281,4,10,150,55,0.0
283,4,10,150,55,0.07132875491150918
284,4,10,150,55,0.0
285,4,10,150,55,0.1185995982858366
286,4,10,150,55,0.2811006876018765
287,4,10,150,55,0.06364028872631156
288,4,10,150,55,0.12538054736008386
289,4,10,150,55,0.13905617951077562
290,4,10,150,55,0.0
291,4,10,150,55,0.2183602490428485
292,4,10,150,55,0.08933583385868532
293,4,10,150,55,0.10795785893996995
294,4,10,150,55,0.04123398036294628
295,4,10,150,55,0.2670961153715764
296,4,10,150,55,0.47774763069170006
297,4,10,150,55,0.13535082686131417
298,4,10,150,55,0.19947114504638494
299,4,10,150,55,0.0
300,4,10,150,55,0.0
301,4,10,150,55,0.047934103497110726
303,4,10,150,55,0.08233843431903752
304,4,10,150,55,0.0
305,4,10,150,55,0.31514747987601716
306,4,10,150,55,0.0
307,4,10,150,55,0.1383141340724969
308,4,10,150,55,0.19205342317019936
309,4,10,150,55,0.0
310,4,10,150,55,0.0
311,4,10,150,55,0.08938791352906189
312,4,10,150,55,0.07579200366109638
313,4,10,150,55,0.14465709645474623
314,4,10,150,55,0.20285519102295546
315,4,10,150,55,0.0
316,4,10,150,55,0.04568304891751105
317,4,10,150,55,0.0
318,4,10,150,55,0.10118786565551004
319,4,10,150,55,0.0
320,4,10,150,55,0.0
321,4,10,150,55,0.062242588308449316
322,4,10,150,55,0.17342765698823945
323,4,10,150,55,0.14126697285982898
324,4,10,150,55,0.0
325,4,10,150,55,0.0
326,4,10,150,55,0.0634222181618871
327,4,10,150,55,0.0
328,4,10,150,55,0.1437524526514495
329,4,10,150,55,0.0
330,4,10,150,55,0.0536466452928127
331,4,10,150,55,0.16958010263680806
332,4,10,150,55,0.024647523009140075
333,4,10,150,55,0.0
334,4,10,150,55,0.07058424671826317
336,4,10,150,55,0.0
337,4,10,150,55,0.16716045496620227
338,4,10,150,55,0.05005165434923901
339,4,10,150,55,0.06608282041002614
340,4,10,150,55,0.0
341,4,10,150,55,0.0
342,4,10,150,55,0.2625072992734236
343,4,10,150,55,0.28732332399638805
344,4,10,150,55,0.23832550406045652
345,4,10,150,55,0.056149696530797676
346,4,10,150,55,0.13947804593499064
347,4,10,150,55,0.08705643551438974
348,4,10,150,55,0.071942683897578
349,4,10,150,55,0.07673373981757839
350,4,10,150,55,0.0749368547125808
351,4,10,150,55,0.0
352,4,10,150,55,0.0
353,4,10,150,55,0.0
354,4,10,150,55,0.051249224710132255
355,4,10,150,55,0.0
356,4,10,150,55,0.08406376813555873
357,4,10,150,55,0.0
358,4,10,150,55,0.20438239758848611
359,4,10,150,55,0.0
360,4,10,150,55,0.06752012359727312
361,4,10,150,55,0.09622728274290568
362,4,10,150,55,0.0
363,4,10,150,55,0.1803013146105011
364,4,10,150,55,0.0
365,4,10,150,55,0.0
366,4,10,150,55,0.0
367,4,10,150,55,0.0
368,4,10,150,55,0.0
369,4,10,150,55,0.0
370,4,10,150,55,0.13479984916817475
371,4,10,150,55,0.22569563125869263
372,4,10,150,55,0.0
373,4,10,150,55,0.062173010658778456
374,4,10,150,55,0.06834943074719504
375,4,10,150,55,0.0
376,4,10,150,55,0.0
377,4,10,150,55,0.0
378,4,10,150,55,0.16448029476168333
379,4,10,150,55,0.11339835829152477
380,4,10,150,55,0.0
381,4,10,150,55,0.05105625351125917
382,4,10,150,55,0.0
383,4,10,150,55,0.04838338183089434
384,4,10,150,55,0.0
385,4,10,150,55,0.0
386,4,10,150,55,0.0
387,4,10,150,55,0.11497906462099297
388,4,10,150,55,0.04511904280884329
389,4,10,150,55,0.12419123143547287
390,4,10,150,55,0.0
391,4,10,150,55,0.2137247802747043
392,4,10,150,55,0.0
393,4,10,150,55,0.014053556787151419
394,4,10,150,55,0.11073655428626575
395,4,10,150,55,0.04931346192675315
396,4,10,150,55,0.0
397,4,10,150,55,0.22320497122386787
398,4,10,150,55,0.16581649615734612
399,4,10,150,55,0.032185911779114895
400,4,10,150,55,0.0
401,4,10,150,55,0.0
402,4,10,150,55,0.08963222225173058
403,4,10,150,55,0.0854499779566911
404,4,10,150,55,0.0
405,4,10,150,55,0.05876753415445365
406,4,10,150,55,0.20956416940551098
407,4,10,150,55,0.04270006763257965
408,4,10,150,55,0.0
409,4,10,150,55,0.10914342353313093
410,4,10,150,55,0.0
411,4,10,150,55,0.0
412,4,10,150,55,0.0
413,4,10,150,55,0.041646268351119564
414,4,10,150,55,0.0
415,4,10,150,55,0.15103391472831218
416,4,10,150,55,0.1949190625047652
417,4,10,150,55,0.09850508837083022
418,4,10,150,55,0.0
419,4,10,150,55,0.1208113026994942
420,4,10,150,55,0.06052048269976269
421,4,10,150,55,0.15435807162450887
422,4,10,150,55,0.07550298029238112
423,4,10,150,55,0.053845569940583225
424,4,10,150,55,0.2766918177656049
425,4,10,150,55,0.1674157226455415
426,4,10,150,55,0.040759261617270684
427,4,10,150,55,0.0
428,4,10,150,55,0.04415960465480069
429,4,10,150,55,0.15591238630227902
430,4,10,150,55,0.0
431,4,10,150,55,0.0
432,4,10,150,55,0.0
433,4,10,150,55,0.05780921899607981
434,4,10,150,55,0.20778267687568405
435,4,10,150,55,0.17017308829524339
436,4,10,150,55,0.0
437,4,10,150,55,0.09166074247719914
438,4,10,150,55,0.0
439,4,10,150,55,0.10863976191957724
440,4,10,150,55,0.0
441,4,10,150,55,0.0
442,4,10,150,55,0.040949887133979804
443,4,10,150,55,0.06783204105472322
444,4,10,150,55,0.1312721899408984
445,4,10,150,55,0.0
446,4,10,150,55,0.0
447,4,10,150,55,0.16246725303708914
448,4,10,150,55,0.0
449,4,10,150,55,0.1511226181481109
450,4,10,150,55,0.29335890848662455
451,4,10,150,55,0.06148915918944534
452,4,10,150,55,0.10773098771530253
453,4,10,150,55,0.0
454,4,10,150,55,0.0
455,4,10,150,55,0.063401477059351
456,4,10,150,55,0.018650043077523788
457,4,10,150,55,0.282690216345629
458,4,10,150,55,0.06982799741808067
459,4,10,150,55,0.0
460,4,10,150,55,0.05184030722866645
461,4,10,150,55,0.0
462,4,10,150,55,0.0
463,4,10,150,55,0.11987424504051505
464,4,10,150,55,0.0
465,4,10,150,55,0.0
466,4,10,150,55,0.0
467,4,10,150,55,0.07807600999842033
468,4,10,150,55,0.11455543964849552
469,4,10,150,55,0.0
470,4,10,150,55,0.0
471,4,10,150,55,0.0
472,4,10,150,55,0.059378631551402404
473,4,10,150,55,0.06140244428718695
474,4,10,150,55,0.2340524867451825
475,4,10,150,55,0.0
476,4,10,150,55,0.0
477,4,10,150,55,0.0
478,4,10,150,55,0.2345109835167376
479,4,10,150,55,0.10172348796286074
480,4,10,150,55,0.0741070054529978
481,4,10,150,55,0.13102204196909084
482,4,10,150,55,0.0
483,4,10,150,55,0.05658242244874664
484,4,10,150,55,0.2723783861819967
485,4,10,150,55,0.0
486,4,10,150,55,0.0
487,4,10,150,55,0.08199193156683765
488,4,10,150,55,0.0
489,4,10,150,55,0.0
490,4,10,150,55,0.0
491,4,10,150,55,0.10497643268981144
492,4,10,150,55,0.0
493,4,10,150,55,0.1254889491373293
494,4,10,150,55,0.0
495,4,10,150,55,0.09864236150154798
496,4,10,150,55,0.047739744220948385
497,4,10,150,55,0.05057001832592956
498,4,10,150,55,0.0
499,4,10,150,55,0.02651211589009722
500,4,10,150,55,0.09541527213731128
501,4,10,150,55,0.0
502,4,10,150,55,0.0
503,4,10,150,55,0.05608659198762317
504,4,10,150,55,0.08148269775823089
505,4,10,150,55,0.07379217622092994
506,4,10,150,55,0.09189693985455885
507,4,10,150,55,0.05319635904163211
508,4,10,150,55,0.0
509,4,10,150,55,0.0
510,4,10,150,55,0.0
511,4,10,150,55,0.08495943917278885
512,4,10,150,55,0.05478392673173268
513,4,10,150,55,0.0
514,4,10,150,55,0.27252722616773445
515,4,10,150,55,0.11706259313796354
516,4,10,150,55,0.0
517,4,10,150,55,0.08878770367712427
518,4,10,150,55,0.0
519,4,10,150,55,0.0
520,4,10,150,55,0.0
521,4,10,150,55,0.09850628252086785
522,4,10,150,55,0.12524561954372188
523,4,10,150,55,0.032114893884379984
524,4,10,150,55,0.140990407665144
525,4,10,150,55,0.0
526,4,10,150,55,0.04972780777662495
527,4,10,150,55,0.1636135858112592
528,4,10,150,55,0.10209739512291163
529,4,10,150,55,0.0
530,4,10,150,55,0.0
531,4,10,150,55,0.1517763576041802
532,4,10,150,55,0.2633677187406756
533,4,10,150,55,0.11557545112991054
534,4,10,150,55,0.1046638363823608
535,4,10,150,55,0.13889821983463596
536,4,10,150,55,0.09414825230406802
537,4,10,150,55,0.3811091376066804
538,4,10,150,55,0.14697776980950736
539,4,10,150,55,0.04478826142555715
540,4,10,150,55,0.0
541,4,10,150,55,0.04030702414138781
542,4,10,150,55,0.049033875503285806
543,4,10,150,55,0.04953295293703468
544,4,10,150,55,0.05282936728943967
545,4,10,150,55,0.02244213465825961
546,4,10,150,55,0.05758752804519195
547,4,10,150,55,0.0
548,4,10,150,55,0.1103190733436671
549,4,10,150,55,0.0
550,4,10,150,55,0.04785685030080952
551,4,10,150,55,0.07543242997169365
552,4,10,150,55,0.1205344274731702
553,4,10,150,55,0.04743759234968417
554,4,10,150,55,0.12627825946936164
555,4,10,150,55,0.0
556,4,10,150,55,0.07660623398069263
557,4,10,150,55,0.0
558,4,10,150,55,0.08878770367712427
559,4,10,150,55,0.04366879852493834
560,4,10,150,55,0.09375790921485552
561,4,10,150,55,0.07522909736349147
562,4,10,150,55,0.02783211215220634
563,4,10,150,55,0.0
564,4,10,150,55,0.08498983725535779
565,4,10,150,55,0.0
566,4,10,150,55,0.03579489106983033
567,4,10,150,55,0.1471381878632886
568,4,10,150,55,0.036155150901276155
569,4,10,150,55,0.18299769260789403
570,4,10,150,55,0.0
571,4,10,150,55,0.0
572,4,10,150,55,0.16812753627111746
573,4,10,150,55,0.06437746926759551
574,4,10,150,55,0.051811563545175146
575,4,10,150,55,0.0
576,4,10,150,55,0.0
577,4,10,150,55,0.20541190363713152
578,4,10,150,55,0.0
579,4,10,150,55,0.0
580,4,10,150,55,0.12128674553236206
581,4,10,150,55,0.05276490902632437
582,4,10,150,55,0.03190895161277091
583,4,10,150,55,0.0
584,4,10,150,55,0.06323567569191428
585,4,10,150,55,0.04173963774222741
586,4,10,150,55,0.05786021189691368
587,4,10,150,55,0.0
588,4,10,150,55,0.12100428021731384
589,4,10,150,55,0.0
590,4,10,150,55,0.053845569940583225
591,4,10,150,55,0.0
592,4,10,150,55,0.3384699460756397
593,4,10,150,55,0.07711036365720102
594,4,10,150,55,0.0
595,4,10,150,55,0.10296141646738245
596,4,10,150,55,0.0
597,4,10,150,55,0.27101620591530523
598,4,10,150,55,0.0684591776394769
599,4,10,150,55,0.0
600,4,10,150,55,0.09197011795311534
601,4,10,150,55,0.0
602,4,10,150,55,0.0
603,4,10,150,55,0.0
604,4,10,150,55,0.0
605,4,10,150,55,0.23939908411991156
606,4,10,150,55,0.15368119281647105
607,4,10,150,55,0.04355557842812834
608,4,10,150,55,0.09072059226435805
609,4,10,150,55,0.0
610,4,10,150,55,0.19303241878686786
611,4,10,150,55,0.07624568872860434
612,4,10,150,55,0.0
613,4,10,150,55,0.08385150490449667
614,4,10,150,55,0.0
615,4,10,150,55,0.027541830374730368
616,4,10,150,55,0.03618657486793958
617,4,10,150,55,0.0
618,4,10,150,55,0.1281253572826617
619,4,10,150,55,0.12363660028711727
620,4,10,150,55,0.14012037550990028
621,4,10,150,55,0.09678412991767817
622,4,10,150,55,0.17583127884951621
623,4,10,150,55,0.17494254380936963
624,4,10,150,55,0.06626749824739844
625,4,10,150,55,0.0
626,4,10,150,55,0.06228974831361337
627,4,10,150,55,0.06945233499530101
628,4,10,150,55,0.0
629,4,10,150,55,0.10922434570876023
630,4,10,150,55,0.15874779570678058
631,4,10,150,55,0.0
632,4,10,150,55,0.12112269717167994
633,4,10,150,55,0.11499138576948859
634,4,10,150,55,0.022104381789790163
635,4,10,150,55,0.04546401530948942
636,4,10,150,55,0.06364028872631156
637,4,10,150,55,0.01928973283308616
638,4,10,150,55,0.09712868482236708
639,4,10,150,55,0.016417578556357865
640,4,10,150,55,0.08728477671007713
641,4,10,150,55,0.07675099783970546
642,4,10,150,55,0.13819342848576208
643,4,10,150,55,0.11754894677167169
644,4,10,150,55,0.04935421935348238
645,4,10,150,55,0.16158259063789654
646,4,10,150,55,0.0
647,4,10,150,55,0.030218457878623886
648,4,10,150,55,0.14487606855106186
649,4,10,150,55,0.15489949502599
650,4,10,150,55,0.06365661922938945
651,4,10,150,55,0.0
652,4,10,150,55,0.08156220960446063
653,4,10,150,55,0.11965840899266848
654,4,10,150,55,0.21255442687635834
655,4,10,150,55,0.13270217762696915
656,4,10,150,55,0.07397229644086958
657,4,10,150,55,0.0
658,4,10,150,55,0.2625403796417579
659,4,10,150,55,0.08781544355121487
660,4,10,150,55,0.03965485437391095
661,4,10,150,55,0.08605775303302886
662,4,10,150,55,0.0512644431393966
663,4,10,150,55,0.24026856780584893
664,4,10,150,55,0.28517362059082263
665,4,10,150,55,0.0
666,4,10,150,55,0.21029286723861704
667,4,10,150,55,0.2543908605186312
668,4,10,150,55,0.06194403202282284
669,4,10,150,55,0.11692427423906517
670,4,10,150,55,0.06613087842005526
671,4,10,150,55,0.1607186693017089
672,4,10,150,55,0.0
673,4,10,150,55,0.14837758007547783
674,4,10,150,55,0.11338915993603582
675,4,10,150,55,0.0
676,4,10,150,55,0.16684180252782607
677,4,10,150,55,0.03314040476303028
678,4,10,150,55,0.03824432123396675
679,4,10,150,55,0.15527711509166947
680,4,10,150,55,0.11377863936243801
681,4,10,150,55,0.0
682,4,10,150,55,0.14449005876677892
683,4,10,150,55,0.0
684,4,10,150,55,0.06573003977381581
685,4,10,150,55,0.1906465758273748
686,4,10,150,55,0.07277260183012466
687,4,10,150,55,0.0
688,4,10,150,55,0.0
689,4,10,150,55,0.18098128360653137
690,4,10,150,55,0.07914701567910001
691,4,10,150,55,0.09842092178212862
692,4,10,150,55,0.12090042896411356
693,4,10,150,55,0.0
694,4,10,150,55,0.17758864979147368
695,4,10,150,55,0.0
696,4,10,150,55,0.039725595076707886
697,4,10,150,55,0.04239477130634912
698,4,10,150,55,0.041937660325009396
699,4,10,150,55,0.050296301412810544
700,4,10,150,55,0.12729890218214104
701,4,10,150,55,0.0
702,4,10,150,55,0.037715680681715956
703,4,10,150,55,0.11918688501400482
704,4,10,150,55,0.21717049343670972
705,4,10,150,55,0.16817244731511605
706,4,10,150,55,0.04395738023645723
707,4,10,150,55,0.033120425618070944
708,4,10,150,55,0.07186325791519563
709,4,10,150,55,0.13472082394875662
710,4,10,150,55,0.10695361352497157
711,4,10,150,55,0.15849170675580776
712,4,10,150,55,0.13613246780689559
713,4,10,150,55,0.1468735732232516
714,4,10,150,55,0.03441184191455828
715,4,10,150,55,0.0
716,4,10,150,55,0.2595101054488525
717,4,10,150,55,0.09054670163637572
718,4,10,150,55,0.035328385129692476
719,4,10,150,55,0.09883437846193516
720,4,10,150,55,0.0
721,4,10,150,55,0.15621627752337336
722,4,10,150,55,0.06556429791586475
723,4,10,150,55,0.0
724,4,10,150,55,0.0
725,4,10,150,55,0.0
726,4,10,150,55,0.05010834716923557
727,4,10,150,55,0.15585221948830424
728,4,10,150,55,0.09627818061559096
729,4,10,150,55,0.0
730,4,10,150,55,0.02601736765943984
731,4,10,150,55,0.13032711631493252
732,4,10,150,55,0.0
733,4,10,150,55,0.1300076176478829
734,4,10,150,55,0.0
735,4,10,150,55,0.0
736,4,10,150,55,0.0
737,4,10,150,55,0.1138970555583582
738,4,10,150,55,0.13922998739868644
739,4,10,150,55,0.03855307727568851
740,4,10,150,55,0.0
741,4,10,150,55,0.05358697798864893
742,4,10,150,55,0.0488929053971083
743,4,10,150,55,0.0690623255281084
744,4,10,150,55,0.03596673601130318
745,4,10,150,55,0.03520132288421838
746,4,10,150,55,0.23491487959421534
747,4,10,150,55,0.44028202398266625
748,4,10,150,55,0.09621648119325965
749,4,10,150,55,0.15240243316908675
750,4,10,150,55,0.041278922835426404
751,4,10,150,55,0.09347938860735916
752,4,10,150,55,0.023242424817620892
753,4,10,150,55,0.15780803084928155
754,4,10,150,55,0.0
755,4,10,150,55,0.03855371268423985
756,4,10,150,55,0.031104745345423533
757,4,10,150,55,0.0
758,4,10,150,55,0.28580161267801346
759,4,10,150,55,0.08145040004058159
760,4,10,150,55,0.0
761,4,10,150,55,0.06869287000000811
762,4,10,150,55,0.051960280791503534
763,4,10,150,55,0.04542386553984721
764,4,10,150,55,0.08946696896639536
765,4,10,150,55,0.15066101840234988
766,4,10,150,55,0.025874604685715265
767,4,10,150,55,0.10635849541123835
768,4,10,150,55,0.060133059387366614
769,4,10,150,55,0.0
770,4,10,150,55,0.21464739068424896
771,4,10,150,55,0.2872791742076055
772,4,10,150,55,0.08771518308292904
773,4,10,150,55,0.08514846907630483
774,4,10,150,55,0.06920267291434341
775,4,10,150,55,0.0
776,4,10,150,55,0.138487812915294
777,4,10,150,55,0.0
778,4,10,150,55,0.1631238413472767
779,4,10,150,55,0.0
780,4,10,150,55,0.030023253564245667
781,4,10,150,55,0.17659637455717878
782,4,10,150,55,0.04773056100746555
783,4,10,150,55,0.0
784,4,10,150,55,0.0
785,4,10,150,55,0.0
786,4,10,150,55,0.0
787,4,10,150,55,0.0
788,4,10,150,55,0.2792700988840306
789,4,10,150,55,0.08809718769055445
790,4,10,150,55,0.0
791,4,10,150,55,0.04465281017341861
792,4,10,150,55,0.06658592494149675
793,4,10,150,55,0.0
794,4,10,150,55,0.04108065887337468
795,4,10,150,55,0.013077331330976634
796,4,10,150,55,0.3899084500758467
797,4,10,150,55,0.11278903329502893
798,4,10,150,55,0.04583023181159601
799,4,10,150,55,0.0
800,4,10,150,55,0.03244993904038569
801,4,10,150,55,0.1561471668577559
802,4,10,150,55,0.06960082070980815
803,4,10,150,55,0.10569353498973794
804,4,10,150,55,0.1487776291844832
805,4,10,150,55,0.11839663053872299
806,4,10,150,55,0.2959152150106387
807,4,10,150,55,0.10658343821854353
808,4,10,150,55,0.06916251961538802
809,4,10,150,55,0.05234104579082298
810,4,10,150,55,0.0
811,4,10,150,55,0.0
812,4,10,150,55,0.0
813,4,10,150,55,0.0
814,4,10,150,55,0.034616222155696735
815,4,10,150,55,0.23790977800142762
816,4,10,150,55,0.0
817,4,10,150,55,0.0
818,4,10,150,55,0.05516788910004661
819,4,10,150,55,0.037210602758860095
820,4,10,150,55,0.0
821,4,10,150,55,0.302950268110492
822,4,10,150,55,0.0
823,4,10,150,55,0.20383130005936487
824,4,10,150,55,0.05046096657376444
825,4,10,150,55,0.08238190489603152
826,4,10,150,55,0.14101060791647543
827,4,10,150,55,0.0
828,4,10,150,55,0.05745618865524075
829,4,10,150,55,0.1751347628439014
830,4,10,150,55,0.17854437265047174
831,4,10,150,55,0.21058943716644085
832,4,10,150,55,0.0
833,4,10,150,55,0.1900059834288882
834,4,10,150,55,0.2706897351446418
835,4,10,150,55,0.13993736621795813
836,4,10,150,55,0.17832202911372014
837,4,10,150,55,0.05665916465450996
838,4,10,150,55,0.2625760940203853
839,4,10,150,55,0.08633834411059861
840,4,10,150,55,0.32272959739213947
841,4,10,150,55,0.06507217400164225
842,4,10,150,55,0.0
843,4,10,150,55,0.0
844,4,10,150,55,0.05872188515498603
845,4,10,150,55,0.0
846,4,10,150,55,0.3333986359598281
847,4,10,150,55,0.059750357468369326
848,4,10,150,55,0.051277830362844466
849,4,10,150,55,0.0419387969316025
850,4,10,150,55,0.2721744638560368
851,4,10,150,55,0.052053400170530624
852,4,10,150,55,0.26227118260874954
853,4,10,150,55,0.0
854,4,10,150,55,0.0
855,4,10,150,55,0.0
856,4,10,150,55,0.0
857,4,10,150,55,0.0
858,4,10,150,55,0.10250982096838526
859,4,10,150,55,0.02575009712173795
860,4,10,150,55,0.09127407611611123
861,4,10,150,55,0.06460834446248033
862,4,10,150,55,0.10461670681031729
863,4,10,150,55,0.06494333300616358
864,4,10,150,55,0.451120071218332
865,4,10,150,55,0.07803010102565
866,4,10,150,55,0.16283687678415507
867,4,10,150,55,0.1579192849910101
868,4,10,150,55,0.25234999648439044
869,4,10,150,55,0.0587446084443979
870,4,10,150,55,0.29722004191043977
871,4,10,150,55,0.07187282962266357
872,4,10,150,55,0.02804794621397926
873,4,10,150,55,0.0
874,4,10,150,55,0.13944914190808633
875,4,10,150,55,0.11729943308729383
876,4,10,150,55,0.08671382849411972
877,4,10,150,55,0.0835317778614811
878,4,10,150,55,0.1706804422753891
879,4,10,150,55,0.03963466998423315
880,4,10,150,55,0.3949470855292273
881,4,10,150,55,0.11473141029122329
882,4,10,150,55,0.2059312862059088
883,4,10,150,55,0.35098345262838115
884,4,10,150,55,0.09113547509404434
885,4,10,150,55,0.04536087033637415
886,4,10,150,55,0.2039376637750401
887,4,10,150,55,0.08845151379834142
888,4,10,150,55,0.11625487663628292
889,4,10,150,55,0.012681600486066253
890,4,10,150,55,0.10173069261008777
891,4,10,150,55,0.10491091696774645
892,4,10,150,55,0.2685507088874378
893,4,10,150,55,0.10869735563398858
894,4,10,150,55,0.11946391038052875
895,4,10,150,55,0.0
896,4,10,150,55,0.3404713734866125
897,4,10,150,55,0.2950729064400991
898,4,10,150,55,0.0
899,4,10,150,55,0.061738377301948026
900,4,10,150,55,0.055315677011973347
901,4,10,150,55,0.18132668514654882
902,4,10,150,55,0.05978585424799658
903,4,10,150,55,0.22064009608539073
904,4,10,150,55,0.0
905,4,10,150,55,0.0
906,4,10,150,55,0.10407444169186962
907,4,10,150,55,0.031742806389256244
908,4,10,150,55,0.06892767477436933
909,4,10,150,55,0.0
910,4,10,150,55,0.0
911,4,10,150,55,0.11703906065408363
912,4,10,150,55,0.15575097056245804
913,4,10,150,55,0.07219927248779984
914,4,10,150,55,0.0
915,4,10,150,55,0.0
916,4,10,150,55,0.27893155902260486
917,4,10,150,55,0.0
918,4,10,150,55,0.043627084055128
919,4,10,150,55,0.1117835708739544
920,4,10,150,55,0.0
921,4,10,150,55,0.15405864814296488
922,4,10,150,55,0.1280645281724967
923,4,10,150,55,0.02142307850464013
924,4,10,150,55,0.018280262702529162
925,4,10,150,55,0.0
926,4,10,150,55,0.0
927,4,10,150,55,0.04499596683729014
928,4,10,150,55,0.1482972305701491
929,4,10,150,55,0.25163227912988373
930,4,10,150,55,0.032298243696638564
931,4,10,150,55,0.08679587898287541
932,4,10,150,55,0.2540459345705961
933,4,10,150,55,0.06482780534777928
934,4,10,150,55,0.1056954532698507
935,4,10,150,55,0.04173963774222741
936,4,10,150,55,0.1321191921354211
937,4,10,150,55,0.0
938,4,10,150,55,0.1482741018676109
939,4,10,150,55,0.02916862694666808
940,4,10,150,55,0.050684733114198
941,4,10,150,55,0.0
942,4,10,150,55,0.08711514530833754
943,4,10,150,55,0.20163692230838232
1,4,10,150,56,0.4058715898896693
2,4,10,150,56,0.06250343848035038
3,4,10,150,56,0.0
4,4,10,150,56,0.0
5,4,10,150,56,0.040209635547393256
6,4,10,150,56,0.27020011346731576
7,4,10,150,56,0.29136519416833906
8,4,10,150,56,0.0
9,4,10,150,56,0.21840743681816419
10,4,10,150,56,0.15977884673203213
11,4,10,150,56,0.1722584975122812
12,4,10,150,56,0.0
13,4,10,150,56,0.2402256559134276
14,4,10,150,56,0.0
15,4,10,150,56,0.05010834716923557
16,4,10,150,56,0.053168340515114924
17,4,10,150,56,0.0
18,4,10,150,56,0.24724966735366713
19,4,10,150,56,0.0
20,4,10,150,56,0.0
21,4,10,150,56,0.0
22,4,10,150,56,0.11702382382650763
23,4,10,150,56,0.23682446174402746
24,4,10,150,56,0.0
25,4,10,150,56,0.12358102547512423
26,4,10,150,56,0.0
27,4,10,150,56,0.0
28,4,10,150,56,0.0
29,4,10,150,56,0.13455232720853103
30,4,10,150,56,0.0
31,4,10,150,56,0.0
32,4,10,150,56,0.0
33,4,10,150,56,0.0
35,4,10,150,56,0.10523285614729473
36,4,10,150,56,0.0
37,4,10,150,56,0.0
38,4,10,150,56,0.04739418218477539
39,4,10,150,56,0.0
40,4,10,150,56,0.10558114683788161
41,4,10,150,56,0.0
42,4,10,150,56,0.0683037314796457
43,4,10,150,56,0.22592974817952552
44,4,10,150,56,0.2044921015662719
45,4,10,150,56,0.05200670101006268
46,4,10,150,56,0.11284514134893527
47,4,10,150,56,0.06250343848035038
48,4,10,150,56,0.0
49,4,10,150,56,0.0
50,4,10,150,56,0.0
51,4,10,150,56,0.16812753627111746
52,4,10,150,56,0.0
54,4,10,150,56,0.0
56,4,10,150,56,0.20383503459815738
57,4,10,150,56,0.3030555992505742
58,4,10,150,56,0.3717269535737058
59,4,10,150,56,0.2378606442039324
60,4,10,150,56,0.1505674224523334
61,4,10,150,56,0.0
62,4,10,150,56,0.08314631791322982
63,4,10,150,56,0.0
64,4,10,150,56,0.04238468688770069
65,4,10,150,56,0.13012668333070054
66,4,10,150,56,0.0
67,4,10,150,56,0.0
68,4,10,150,56,0.4827392464262081
69,4,10,150,56,0.07673373981757839
70,4,10,150,56,0.0
71,4,10,150,56,0.0
72,4,10,150,56,0.0
73,4,10,150,56,0.0
74,4,10,150,56,0.0
75,4,10,150,56,0.049432410190049694
76,4,10,150,56,0.1301464707340554
77,4,10,150,56,0.10201115106436301
78,4,10,150,56,0.0
79,4,10,150,56,0.27487633291429087
80,4,10,150,56,0.0
81,4,10,150,56,0.0
82,4,10,150,56,0.19298623480417013
83,4,10,150,56,0.12089611529519323
84,4,10,150,56,0.05034889199379723
85,4,10,150,56,0.0
87,4,10,150,56,0.07100089300395272
89,4,10,150,56,0.2553387838830436
90,4,10,150,56,0.04275570647343925
91,4,10,150,56,0.05648147012627732
92,4,10,150,56,0.10542637391232386
93,4,10,150,56,0.0
94,4,10,150,56,0.10584596736853813
95,4,10,150,56,0.17287436926807473
96,4,10,150,56,0.0
97,4,10,150,56,0.06462745615384195
98,4,10,150,56,0.0930297504356062
99,4,10,150,56,0.05658242244874664
100,4,10,150,56,0.0
101,4,10,150,56,0.0
102,4,10,150,56,0.0
103,4,10,150,56,0.0
104,4,10,150,56,0.0
105,4,10,150,56,0.0
106,4,10,150,56,0.0
107,4,10,150,56,0.0
108,4,10,150,56,0.0
109,4,10,150,56,0.07103066762111539
110,4,10,150,56,0.0
111,4,10,150,56,0.0
112,4,10,150,56,0.05685954565780693
113,4,10,150,56,0.053168340515114924
114,4,10,150,56,0.0
115,4,10,150,56,0.10684080426179023
116,4,10,150,56,0.0
117,4,10,150,56,0.20857178832305684
118,4,10,150,56,0.0
119,4,10,150,56,0.18374222286855332
120,4,10,150,56,0.0
121,4,10,150,56,0.271985059917519
122,4,10,150,56,0.1530100230930498
123,4,10,150,56,0.07386004580671933
125,4,10,150,56,0.12702645795516354
126,4,10,150,56,0.06911917000496234
127,4,10,150,56,0.10253313861822189
128,4,10,150,56,0.05750548798281727
129,4,10,150,56,0.0
130,4,10,150,56,0.16099269493775217
131,4,10,150,56,0.0
133,4,10,150,56,0.11047239495909743
134,4,10,150,56,0.0
135,4,10,150,56,0.0
137,4,10,150,56,0.1371200812351206
138,4,10,150,56,0.0
139,4,10,150,56,0.0
141,4,10,150,56,0.0
142,4,10,150,56,0.13373003436102654
143,4,10,150,56,0.1208996448617798
144,4,10,150,56,0.1227945149537572
145,4,10,150,56,0.08829985348038716
146,4,10,150,56,0.0
148,4,10,150,56,0.054181637470214
149,4,10,150,56,0.0
150,4,10,150,56,0.10235170428306553
151,4,10,150,56,0.06298430394440727
152,4,10,150,56,0.040655755922716606
153,4,10,150,56,0.0
154,4,10,150,56,0.06372882143962796
155,4,10,150,56,0.0
156,4,10,150,56,0.0
158,4,10,150,56,0.17575552384613552
159,4,10,150,56,0.0
160,4,10,150,56,0.0
161,4,10,150,56,0.0
162,4,10,150,56,0.0
163,4,10,150,56,0.0
164,4,10,150,56,0.0
165,4,10,150,56,0.12114889742360979
166,4,10,150,56,0.0
167,4,10,150,56,0.0
168,4,10,150,56,0.23504554941448536
169,4,10,150,56,0.06416923277158361
170,4,10,150,56,0.0
171,4,10,150,56,0.0
172,4,10,150,56,0.0
173,4,10,150,56,0.05840183867278569
174,4,10,150,56,0.060961917527339995
175,4,10,150,56,0.0
176,4,10,150,56,0.09511409151391914
177,4,10,150,56,0.06912040963822193
178,4,10,150,56,0.2437589399037192
179,4,10,150,56,0.06723507268634088
180,4,10,150,56,0.12262943855309168
181,4,10,150,56,0.01719677167528726
182,4,10,150,56,0.0
183,4,10,150,56,0.0
184,4,10,150,56,0.09303069037986347
185,4,10,150,56,0.07745351606183934
186,4,10,150,56,0.22147164648185297
187,4,10,150,56,0.08625091781054979
188,4,10,150,56,0.054384419234677496
189,4,10,150,56,0.2089531400761587
190,4,10,150,56,0.10699313236726378
191,4,10,150,56,0.0
192,4,10,150,56,0.0
193,4,10,150,56,0.0
194,4,10,150,56,0.020323217806223443
195,4,10,150,56,0.0
196,4,10,150,56,0.0
197,4,10,150,56,0.05576624569167862
198,4,10,150,56,0.0
199,4,10,150,56,0.0
200,4,10,150,56,0.11302970636219896
201,4,10,150,56,0.03487978243545732
203,4,10,150,56,0.0
204,4,10,150,56,0.0
205,4,10,150,56,0.0
206,4,10,150,56,0.0
207,4,10,150,56,0.050513241088636716
209,4,10,150,56,0.0
210,4,10,150,56,0.09440608278107551
211,4,10,150,56,0.0
212,4,10,150,56,0.12681701683239352
213,4,10,150,56,0.2384146878320104
214,4,10,150,56,0.056720838976548935
215,4,10,150,56,0.0
216,4,10,150,56,0.03497205398870122
217,4,10,150,56,0.0
218,4,10,150,56,0.19092086617893467
219,4,10,150,56,0.0
221,4,10,150,56,0.3375735570145491
222,4,10,150,56,0.12476107276951183
223,4,10,150,56,0.03870447337439288
224,4,10,150,56,0.0
225,4,10,150,56,0.0
226,4,10,150,56,0.08080765379783027
227,4,10,150,56,0.0
228,4,10,150,56,0.0
229,4,10,150,56,0.0
230,4,10,150,56,0.23712439662683835
231,4,10,150,56,0.0
232,4,10,150,56,0.3234992853586256
233,4,10,150,56,0.0968152409481219
234,4,10,150,56,0.06411917231744522
235,4,10,150,56,0.06065881345112158
236,4,10,150,56,0.0
237,4,10,150,56,0.0
238,4,10,150,56,0.0
239,4,10,150,56,0.060772229737720354
240,4,10,150,56,0.05497526658285817
242,4,10,150,56,0.0
243,4,10,150,56,0.09267768927614353
244,4,10,150,56,0.15765545519871427
245,4,10,150,56,0.10704534003732354
246,4,10,150,56,0.08041927109478651
247,4,10,150,56,0.0
248,4,10,150,56,0.14830051302014485
249,4,10,150,56,0.28358055700477847
250,4,10,150,56,0.3503302816689379
251,4,10,150,56,0.0
252,4,10,150,56,0.0
253,4,10,150,56,0.05954496680255472
254,4,10,150,56,0.0
255,4,10,150,56,0.0
256,4,10,150,56,0.16583176898817792
257,4,10,150,56,0.3305900772260718
258,4,10,150,56,0.0
259,4,10,150,56,0.0
260,4,10,150,56,0.0
261,4,10,150,56,0.0
262,4,10,150,56,0.0
263,4,10,150,56,0.12774011823457565
264,4,10,150,56,0.05840183867278569
265,4,10,150,56,0.10209739512291163
267,4,10,150,56,0.09794101962538232
268,4,10,150,56,0.058643164519127634
269,4,10,150,56,0.13223875150584097
270,4,10,150,56,0.0
271,4,10,150,56,0.12276482551434069
272,4,10,150,56,0.14498698048571354
273,4,10,150,56,0.0
274,4,10,150,56,0.0
275,4,10,150,56,0.04605780568615433
276,4,10,150,56,0.18784639929386426
277,4,10,150,56,0.0
279,4,10,150,56,0.06493409231178052
280,4,10,150,56,0.03337620304869898
281,4,10,150,56,0.0
283,4,10,150,56,0.07132875491150918
284,4,10,150,56,0.0
285,4,10,150,56,0.1185995982858366
286,4,10,150,56,0.2811006876018765
287,4,10,150,56,0.06364028872631156
288,4,10,150,56,0.12538054736008386
289,4,10,150,56,0.13905617951077562
290,4,10,150,56,0.0
291,4,10,150,56,0.23494592513118112
292,4,10,150,56,0.08933583385868532
293,4,10,150,56,0.10795785893996995
294,4,10,150,56,0.04123398036294628
295,4,10,150,56,0.2670961153715764
296,4,10,150,56,0.47774763069170006
297,4,10,150,56,0.13535082686131417
298,4,10,150,56,0.19947114504638494
299,4,10,150,56,0.0
300,4,10,150,56,0.0
301,4,10,150,56,0.047934103497110726
303,4,10,150,56,0.08132565499217595
304,4,10,150,56,0.0
305,4,10,150,56,0.31514747987601716
306,4,10,150,56,0.0
307,4,10,150,56,0.1383141340724969
308,4,10,150,56,0.19205342317019936
309,4,10,150,56,0.0
310,4,10,150,56,0.0
311,4,10,150,56,0.08938791352906189
312,4,10,150,56,0.09804650712627644
313,4,10,150,56,0.14465709645474623
314,4,10,150,56,0.20285519102295546
315,4,10,150,56,0.0
316,4,10,150,56,0.04568304891751105
317,4,10,150,56,0.0
318,4,10,150,56,0.10118786565551004
319,4,10,150,56,0.0
320,4,10,150,56,0.0
321,4,10,150,56,0.062242588308449316
322,4,10,150,56,0.17342765698823945
323,4,10,150,56,0.14126697285982898
324,4,10,150,56,0.0
325,4,10,150,56,0.0
326,4,10,150,56,0.0634222181618871
327,4,10,150,56,0.0
328,4,10,150,56,0.1437524526514495
329,4,10,150,56,0.0
330,4,10,150,56,0.0536466452928127
331,4,10,150,56,0.16958010263680806
332,4,10,150,56,0.024647523009140075
333,4,10,150,56,0.0
334,4,10,150,56,0.07058424671826317
336,4,10,150,56,0.0
337,4,10,150,56,0.16716045496620227
338,4,10,150,56,0.05005165434923901
339,4,10,150,56,0.06608282041002614
340,4,10,150,56,0.0
341,4,10,150,56,0.0
342,4,10,150,56,0.2625072992734236
343,4,10,150,56,0.28732332399638805
344,4,10,150,56,0.23832550406045652
345,4,10,150,56,0.056149696530797676
346,4,10,150,56,0.13947804593499064
347,4,10,150,56,0.08705643551438974
348,4,10,150,56,0.071942683897578
349,4,10,150,56,0.07673373981757839
350,4,10,150,56,0.0749368547125808
351,4,10,150,56,0.0
352,4,10,150,56,0.0
353,4,10,150,56,0.0
354,4,10,150,56,0.051249224710132255
355,4,10,150,56,0.0
356,4,10,150,56,0.08406376813555873
357,4,10,150,56,0.0
358,4,10,150,56,0.20438239758848611
359,4,10,150,56,0.0
360,4,10,150,56,0.06752012359727312
361,4,10,150,56,0.09622728274290568
362,4,10,150,56,0.0
363,4,10,150,56,0.1803013146105011
364,4,10,150,56,0.0
365,4,10,150,56,0.0
366,4,10,150,56,0.0
367,4,10,150,56,0.0
368,4,10,150,56,0.0
369,4,10,150,56,0.0
370,4,10,150,56,0.13479984916817475
371,4,10,150,56,0.22569563125869263
372,4,10,150,56,0.0
373,4,10,150,56,0.062173010658778456
374,4,10,150,56,0.06834943074719504
375,4,10,150,56,0.0
376,4,10,150,56,0.0
377,4,10,150,56,0.0
378,4,10,150,56,0.16448029476168333
379,4,10,150,56,0.11339835829152477
380,4,10,150,56,0.0
381,4,10,150,56,0.05105625351125917
382,4,10,150,56,0.0
383,4,10,150,56,0.04838338183089434
384,4,10,150,56,0.0
385,4,10,150,56,0.0
386,4,10,150,56,0.0
387,4,10,150,56,0.11497906462099297
388,4,10,150,56,0.04511904280884329
389,4,10,150,56,0.12419123143547287
390,4,10,150,56,0.0
391,4,10,150,56,0.2137247802747043
392,4,10,150,56,0.0
393,4,10,150,56,0.014053556787151419
394,4,10,150,56,0.11073655428626575
395,4,10,150,56,0.04931346192675315
396,4,10,150,56,0.0
397,4,10,150,56,0.22320497122386787
398,4,10,150,56,0.16581649615734612
399,4,10,150,56,0.032185911779114895
400,4,10,150,56,0.0
401,4,10,150,56,0.0
402,4,10,150,56,0.08963222225173058
403,4,10,150,56,0.0854499779566911
404,4,10,150,56,0.0
405,4,10,150,56,0.0703448830688829
406,4,10,150,56,0.20956416940551098
407,4,10,150,56,0.04270006763257965
408,4,10,150,56,0.0
409,4,10,150,56,0.10914342353313093
410,4,10,150,56,0.0
411,4,10,150,56,0.0
412,4,10,150,56,0.0
413,4,10,150,56,0.041646268351119564
414,4,10,150,56,0.0
415,4,10,150,56,0.15103391472831218
416,4,10,150,56,0.1949190625047652
417,4,10,150,56,0.09850508837083022
418,4,10,150,56,0.0
419,4,10,150,56,0.1208113026994942
420,4,10,150,56,0.06052048269976269
421,4,10,150,56,0.15435807162450887
422,4,10,150,56,0.07550298029238112
423,4,10,150,56,0.053845569940583225
424,4,10,150,56,0.2766918177656049
425,4,10,150,56,0.1674157226455415
426,4,10,150,56,0.040759261617270684
427,4,10,150,56,0.0
428,4,10,150,56,0.04415960465480069
429,4,10,150,56,0.15399463254664203
430,4,10,150,56,0.0
431,4,10,150,56,0.0
432,4,10,150,56,0.0
433,4,10,150,56,0.05780921899607981
434,4,10,150,56,0.20778267687568405
435,4,10,150,56,0.16807992503267982
436,4,10,150,56,0.0
437,4,10,150,56,0.09166074247719914
438,4,10,150,56,0.0
439,4,10,150,56,0.10863976191957724
440,4,10,150,56,0.0
441,4,10,150,56,0.0
442,4,10,150,56,0.040949887133979804
443,4,10,150,56,0.06783204105472322
444,4,10,150,56,0.1312721899408984
445,4,10,150,56,0.0
446,4,10,150,56,0.0
447,4,10,150,56,0.16246725303708914
448,4,10,150,56,0.0
449,4,10,150,56,0.1511226181481109
450,4,10,150,56,0.28975053482342467
451,4,10,150,56,0.06148915918944534
452,4,10,150,56,0.10773098771530253
453,4,10,150,56,0.0
454,4,10,150,56,0.0
455,4,10,150,56,0.063401477059351
456,4,10,150,56,0.018650043077523788
457,4,10,150,56,0.282690216345629
458,4,10,150,56,0.06982799741808067
459,4,10,150,56,0.0
460,4,10,150,56,0.05184030722866645
461,4,10,150,56,0.0
462,4,10,150,56,0.0
463,4,10,150,56,0.11987424504051505
464,4,10,150,56,0.0
465,4,10,150,56,0.0
466,4,10,150,56,0.0
467,4,10,150,56,0.07807600999842033
468,4,10,150,56,0.11455543964849552
469,4,10,150,56,0.0
470,4,10,150,56,0.0
471,4,10,150,56,0.0
472,4,10,150,56,0.059378631551402404
473,4,10,150,56,0.06140244428718695
474,4,10,150,56,0.24347379543657394
475,4,10,150,56,0.0
476,4,10,150,56,0.0
477,4,10,150,56,0.0
478,4,10,150,56,0.2345109835167376
479,4,10,150,56,0.10172348796286074
480,4,10,150,56,0.0741070054529978
481,4,10,150,56,0.13102204196909084
482,4,10,150,56,0.0
483,4,10,150,56,0.05658242244874664
484,4,10,150,56,0.2723783861819967
485,4,10,150,56,0.0
486,4,10,150,56,0.0
487,4,10,150,56,0.08199193156683765
488,4,10,150,56,0.0
489,4,10,150,56,0.0
490,4,10,150,56,0.0
491,4,10,150,56,0.10497643268981144
492,4,10,150,56,0.0
493,4,10,150,56,0.1254889491373293
494,4,10,150,56,0.0
495,4,10,150,56,0.09864236150154798
496,4,10,150,56,0.047739744220948385
497,4,10,150,56,0.05057001832592956
498,4,10,150,56,0.0
499,4,10,150,56,0.02651211589009722
500,4,10,150,56,0.09541527213731128
501,4,10,150,56,0.0
502,4,10,150,56,0.0
503,4,10,150,56,0.05608659198762317
504,4,10,150,56,0.08148269775823089
505,4,10,150,56,0.07379217622092994
506,4,10,150,56,0.09189693985455885
507,4,10,150,56,0.05319635904163211
508,4,10,150,56,0.0
509,4,10,150,56,0.0
510,4,10,150,56,0.0
511,4,10,150,56,0.08495943917278885
512,4,10,150,56,0.05478392673173268
513,4,10,150,56,0.0
514,4,10,150,56,0.27252722616773445
515,4,10,150,56,0.11706259313796354
516,4,10,150,56,0.0
517,4,10,150,56,0.08878770367712427
518,4,10,150,56,0.0
519,4,10,150,56,0.0
520,4,10,150,56,0.0
521,4,10,150,56,0.09850628252086785
522,4,10,150,56,0.12524561954372188
523,4,10,150,56,0.032114893884379984
524,4,10,150,56,0.13925619725235228
525,4,10,150,56,0.0
526,4,10,150,56,0.04972780777662495
527,4,10,150,56,0.1636135858112592
528,4,10,150,56,0.10209739512291163
529,4,10,150,56,0.0
530,4,10,150,56,0.0
531,4,10,150,56,0.1517763576041802
532,4,10,150,56,0.2633677187406756
533,4,10,150,56,0.11557545112991054
534,4,10,150,56,0.1046638363823608
535,4,10,150,56,0.13889821983463596
536,4,10,150,56,0.09414825230406802
537,4,10,150,56,0.3764214184505142
538,4,10,150,56,0.14697776980950736
539,4,10,150,56,0.04478826142555715
540,4,10,150,56,0.0
541,4,10,150,56,0.04030702414138781
542,4,10,150,56,0.049033875503285806
543,4,10,150,56,0.04953295293703468
544,4,10,150,56,0.05282936728943967
545,4,10,150,56,0.02244213465825961
546,4,10,150,56,0.05758752804519195
547,4,10,150,56,0.0
548,4,10,150,56,0.1103190733436671
549,4,10,150,56,0.0
550,4,10,150,56,0.04785685030080952
551,4,10,150,56,0.08680479731090122
552,4,10,150,56,0.1205344274731702
553,4,10,150,56,0.04743759234968417
554,4,10,150,56,0.12627825946936164
555,4,10,150,56,0.0
556,4,10,150,56,0.07660623398069263
557,4,10,150,56,0.0
558,4,10,150,56,0.08878770367712427
559,4,10,150,56,0.04366879852493834
560,4,10,150,56,0.09375790921485552
561,4,10,150,56,0.07430376431315697
562,4,10,150,56,0.053882237000818504
563,4,10,150,56,0.0
564,4,10,150,56,0.08498983725535779
565,4,10,150,56,0.0
566,4,10,150,56,0.03579489106983033
567,4,10,150,56,0.1471381878632886
568,4,10,150,56,0.036155150901276155
569,4,10,150,56,0.18299769260789403
570,4,10,150,56,0.0
571,4,10,150,56,0.0
572,4,10,150,56,0.16812753627111746
573,4,10,150,56,0.06437746926759551
574,4,10,150,56,0.051811563545175146
575,4,10,150,56,0.0
576,4,10,150,56,0.0
577,4,10,150,56,0.20541190363713152
578,4,10,150,56,0.0
579,4,10,150,56,0.0
580,4,10,150,56,0.12128674553236206
581,4,10,150,56,0.05276490902632437
582,4,10,150,56,0.03190895161277091
583,4,10,150,56,0.0
584,4,10,150,56,0.06323567569191428
585,4,10,150,56,0.04173963774222741
586,4,10,150,56,0.05786021189691368
587,4,10,150,56,0.0
588,4,10,150,56,0.12100428021731384
589,4,10,150,56,0.0
590,4,10,150,56,0.053845569940583225
591,4,10,150,56,0.0
592,4,10,150,56,0.3466068989853371
593,4,10,150,56,0.07711036365720102
594,4,10,150,56,0.0
595,4,10,150,56,0.10296141646738245
596,4,10,150,56,0.0
597,4,10,150,56,0.27101620591530523
598,4,10,150,56,0.0684591776394769
599,4,10,150,56,0.0
600,4,10,150,56,0.09197011795311534
601,4,10,150,56,0.0
602,4,10,150,56,0.0
603,4,10,150,56,0.0
604,4,10,150,56,0.0
605,4,10,150,56,0.23939908411991156
606,4,10,150,56,0.15179088319012002
607,4,10,150,56,0.04355557842812834
608,4,10,150,56,0.09072059226435805
609,4,10,150,56,0.0
610,4,10,150,56,0.19303241878686786
611,4,10,150,56,0.07624568872860434
612,4,10,150,56,0.0
613,4,10,150,56,0.08385150490449667
614,4,10,150,56,0.0
615,4,10,150,56,0.04919117729584568
616,4,10,150,56,0.03618657486793958
617,4,10,150,56,0.0
618,4,10,150,56,0.1281253572826617
619,4,10,150,56,0.12363660028711727
620,4,10,150,56,0.14012037550990028
621,4,10,150,56,0.11278207190006835
622,4,10,150,56,0.17366851870345343
623,4,10,150,56,0.17494254380936963
624,4,10,150,56,0.06626749824739844
625,4,10,150,56,0.0
626,4,10,150,56,0.06228974831361337
627,4,10,150,56,0.06945233499530101
628,4,10,150,56,0.0
629,4,10,150,56,0.12645233447339901
630,4,10,150,56,0.15874779570678058
631,4,10,150,56,0.0
632,4,10,150,56,0.12112269717167994
633,4,10,150,56,0.11499138576948859
634,4,10,150,56,0.022104381789790163
635,4,10,150,56,0.04546401530948942
636,4,10,150,56,0.06364028872631156
637,4,10,150,56,0.01928973283308616
638,4,10,150,56,0.09712868482236708
639,4,10,150,56,0.016417578556357865
640,4,10,150,56,0.08728477671007713
641,4,10,150,56,0.07675099783970546
642,4,10,150,56,0.13649362148024868
643,4,10,150,56,0.11610307104948571
644,4,10,150,56,0.04935421935348238
645,4,10,150,56,0.16158259063789654
646,4,10,150,56,0.0
647,4,10,150,56,0.030218457878623886
648,4,10,150,56,0.14309406372671737
649,4,10,150,56,0.15489949502599
650,4,10,150,56,0.06287362999105123
651,4,10,150,56,0.0
652,4,10,150,56,0.08156220960446063
653,4,10,150,56,0.11818658646027304
654,4,10,150,56,0.21255442687635834
655,4,10,150,56,0.13106991411307534
656,4,10,150,56,0.07397229644086958
657,4,10,150,56,0.0
658,4,10,150,56,0.2625403796417579
659,4,10,150,56,0.08781544355121487
660,4,10,150,56,0.03965485437391095
661,4,10,150,56,0.08605775303302886
662,4,10,150,56,0.0512644431393966
663,4,10,150,56,0.24026856780584893
664,4,10,150,56,0.28517362059082263
665,4,10,150,56,0.0
666,4,10,150,56,0.20770622261406077
667,4,10,150,56,0.2543908605186312
668,4,10,150,56,0.06194403202282284
669,4,10,150,56,0.1348578320198433
670,4,10,150,56,0.06613087842005526
671,4,10,150,56,0.1607186693017089
672,4,10,150,56,0.0
673,4,10,150,56,0.14837758007547783
674,4,10,150,56,0.11338915993603582
675,4,10,150,56,0.0
676,4,10,150,56,0.16684180252782607
677,4,10,150,56,0.03314040476303028
678,4,10,150,56,0.03824432123396675
679,4,10,150,56,0.15527711509166947
680,4,10,150,56,0.11377863936243801
681,4,10,150,56,0.0
682,4,10,150,56,0.14271280194053182
683,4,10,150,56,0.0
684,4,10,150,56,0.06573003977381581
685,4,10,150,56,0.1906465758273748
686,4,10,150,56,0.07277260183012466
687,4,10,150,56,0.0
688,4,10,150,56,0.0
689,4,10,150,56,0.18098128360653137
690,4,10,150,56,0.07914701567910001
691,4,10,150,56,0.09842092178212862
692,4,10,150,56,0.12090042896411356
693,4,10,150,56,0.0
694,4,10,150,56,0.17758864979147368
695,4,10,150,56,0.0
696,4,10,150,56,0.039725595076707886
697,4,10,150,56,0.04239477130634912
698,4,10,150,56,0.041937660325009396
699,4,10,150,56,0.050296301412810544
700,4,10,150,56,0.12729890218214104
701,4,10,150,56,0.0
702,4,10,150,56,0.037715680681715956
703,4,10,150,56,0.11918688501400482
704,4,10,150,56,0.21717049343670972
705,4,10,150,56,0.16817244731511605
706,4,10,150,56,0.04395738023645723
707,4,10,150,56,0.032713037711800265
708,4,10,150,56,0.07186325791519563
709,4,10,150,56,0.13472082394875662
710,4,10,150,56,0.10695361352497157
711,4,10,150,56,0.15654222683906158
712,4,10,150,56,0.1344580110328542
713,4,10,150,56,0.1468735732232516
714,4,10,150,56,0.03441184191455828
715,4,10,150,56,0.0
716,4,10,150,56,0.2563180788808965
717,4,10,150,56,0.09054670163637572
718,4,10,150,56,0.035328385129692476
719,4,10,150,56,0.09883437846193516
720,4,10,150,56,0.0
721,4,10,150,56,0.16659498726608518
722,4,10,150,56,0.06556429791586475
723,4,10,150,56,0.0
724,4,10,150,56,0.0
725,4,10,150,56,0.0
726,4,10,150,56,0.05010834716923557
727,4,10,150,56,0.15393520579659803
728,4,10,150,56,0.09627818061559096
729,4,10,150,56,0.0
730,4,10,150,56,0.02601736765943984
731,4,10,150,56,0.13032711631493252
732,4,10,150,56,0.0
733,4,10,150,56,0.1300076176478829
734,4,10,150,56,0.0
735,4,10,150,56,0.0
736,4,10,150,56,0.0
737,4,10,150,56,0.1138970555583582
738,4,10,150,56,0.13922998739868644
739,4,10,150,56,0.03855307727568851
740,4,10,150,56,0.0
741,4,10,150,56,0.05358697798864893
742,4,10,150,56,0.0488929053971083
743,4,10,150,56,0.0690623255281084
744,4,10,150,56,0.03596673601130318
745,4,10,150,56,0.03520132288421838
746,4,10,150,56,0.23491487959421534
747,4,10,150,56,0.4348664664053792
748,4,10,150,56,0.09621648119325965
749,4,10,150,56,0.15052785254396833
750,4,10,150,56,0.041278922835426404
751,4,10,150,56,0.09232957329872263
752,4,10,150,56,0.023242424817620892
753,4,10,150,56,0.15780803084928155
754,4,10,150,56,0.0
755,4,10,150,56,0.03855371268423985
756,4,10,150,56,0.031104745345423533
757,4,10,150,56,0.0
758,4,10,150,56,0.2822861952754619
759,4,10,150,56,0.08145040004058159
760,4,10,150,56,0.0
761,4,10,150,56,0.06869287000000811
762,4,10,150,56,0.051960280791503534
763,4,10,150,56,0.04542386553984721
764,4,10,150,56,0.08946696896639536
765,4,10,150,56,0.15066101840234988
766,4,10,150,56,0.025556341836377245
767,4,10,150,56,0.10635849541123835
768,4,10,150,56,0.060133059387366614
769,4,10,150,56,0.0
770,4,10,150,56,0.21464739068424896
771,4,10,150,56,0.2872791742076055
772,4,10,150,56,0.13108008489890782
773,4,10,150,56,0.09640132717750576
774,4,10,150,56,0.06835146609858536
775,4,10,150,56,0.0
776,4,10,150,56,0.138487812915294
777,4,10,150,56,0.0
778,4,10,150,56,0.1631238413472767
779,4,10,150,56,0.0
780,4,10,150,56,0.030023253564245667
781,4,10,150,56,0.17659637455717878
782,4,10,150,56,0.04714346549310878
783,4,10,150,56,0.0
784,4,10,150,56,0.0
785,4,10,150,56,0.0
786,4,10,150,56,0.0
787,4,10,150,56,0.0
788,4,10,150,56,0.27583502041673286
789,4,10,150,56,0.08809718769055445
790,4,10,150,56,0.0
791,4,10,150,56,0.04465281017341861
792,4,10,150,56,0.06658592494149675
793,4,10,150,56,0.0
794,4,10,150,56,0.04108065887337468
795,4,10,150,56,0.012916477521548902
796,4,10,150,56,0.3851124976039383
797,4,10,150,56,0.11278903329502893
798,4,10,150,56,0.04526651072911574
799,4,10,150,56,0.0
800,4,10,150,56,0.03244993904038569
801,4,10,150,56,0.1561471668577559
802,4,10,150,56,0.06960082070980815
803,4,10,150,56,0.10569353498973794
804,4,10,150,56,0.14694763437848912
805,4,10,150,56,0.11694032813546047
806,4,10,150,56,0.2959152150106387
807,4,10,150,56,0.10527244046025107
808,4,10,150,56,0.06916251961538802
809,4,10,150,56,0.05234104579082298
810,4,10,150,56,0.0
811,4,10,150,56,0.0
812,4,10,150,56,0.0
813,4,10,150,56,0.0
814,4,10,150,56,0.034616222155696735
815,4,10,150,56,0.23498343981184702
816,4,10,150,56,0.0
817,4,10,150,56,0.0
818,4,10,150,56,0.05516788910004661
819,4,10,150,56,0.037210602758860095
820,4,10,150,56,0.0
821,4,10,150,56,0.302950268110492
822,4,10,150,56,0.0
823,4,10,150,56,0.20132413401261245
824,4,10,150,56,0.05046096657376444
825,4,10,150,56,0.08238190489603152
826,4,10,150,56,0.14101060791647543
827,4,10,150,56,0.0
828,4,10,150,56,0.05745618865524075
829,4,10,150,56,0.1751347628439014
830,4,10,150,56,0.17854437265047174
831,4,10,150,56,0.21058943716644085
832,4,10,150,56,0.0
833,4,10,150,56,0.18766887156140777
834,4,10,150,56,0.2706897351446418
835,4,10,150,56,0.13993736621795813
836,4,10,150,56,0.17832202911372014
837,4,10,150,56,0.05665916465450996
838,4,10,150,56,0.2625760940203853
839,4,10,150,56,0.08633834411059861
840,4,10,150,56,0.3187599583395112
841,4,10,150,56,0.06507217400164225
842,4,10,150,56,0.0
843,4,10,150,56,0.0
844,4,10,150,56,0.05872188515498603
845,4,10,150,56,0.0
846,4,10,150,56,0.32929776558384266
847,4,10,150,56,0.05901541603649706
848,4,10,150,56,0.05064710272091994
849,4,10,150,56,0.0419387969316025
850,4,10,150,56,0.2721744638560368
851,4,10,150,56,0.06371333428533359
852,4,10,150,56,0.26227118260874954
853,4,10,150,56,0.0
854,4,10,150,56,0.0
855,4,10,150,56,0.0
856,4,10,150,56,0.0
857,4,10,150,56,0.0
858,4,10,150,56,0.10250982096838526
859,4,10,150,56,0.02575009712173795
860,4,10,150,56,0.09127407611611123
861,4,10,150,56,0.06460834446248033
862,4,10,150,56,0.10332990024448815
863,4,10,150,56,0.0641445169291991
864,4,10,150,56,0.4455712034770296
865,4,10,150,56,0.07803010102565
866,4,10,150,56,0.16283687678415507
867,4,10,150,56,0.1579192849910101
868,4,10,150,56,0.2492460406988978
869,4,10,150,56,0.0587446084443979
870,4,10,150,56,0.29356417552841135
871,4,10,150,56,0.07098877934156601
872,4,10,150,56,0.02804794621397926
873,4,10,150,56,0.0
874,4,10,150,56,0.13944914190808633
875,4,10,150,56,0.11729943308729383
876,4,10,150,56,0.08671382849411972
877,4,10,150,56,0.0835317778614811
878,4,10,150,56,0.1706804422753891
879,4,10,150,56,0.03963466998423315
880,4,10,150,56,0.3900891568263524
881,4,10,150,56,0.11332019083525946
882,4,10,150,56,0.20339828990657138
883,4,10,150,56,0.346666285465411
884,4,10,150,56,0.09113547509404434
885,4,10,150,56,0.04536087033637415
886,4,10,150,56,0.20142918943316093
887,4,10,150,56,0.09966374378415681
888,4,10,150,56,0.11625487663628292
889,4,10,150,56,0.012525614245739648
890,4,10,150,56,0.10173069261008777
891,4,10,150,56,0.10491091696774645
892,4,10,150,56,0.2652474810762146
893,4,10,150,56,0.10869735563398858
894,4,10,150,56,0.11799448022023884
895,4,10,150,56,0.0
896,4,10,150,56,0.33628350701444565
897,4,10,150,56,0.29144345025683527
898,4,10,150,56,0.0
899,4,10,150,56,0.060978982825692654
900,4,10,150,56,0.055315677011973347
901,4,10,150,56,0.18132668514654882
902,4,10,150,56,0.05978585424799658
903,4,10,150,56,0.22064009608539073
904,4,10,150,56,0.0
905,4,10,150,56,0.0
906,4,10,150,56,0.10407444169186962
907,4,10,150,56,0.031742806389256244
908,4,10,150,56,0.06892767477436933
909,4,10,150,56,0.0
910,4,10,150,56,0.0
911,4,10,150,56,0.11703906065408363
912,4,10,150,56,0.15575097056245804
913,4,10,150,56,0.07219927248779984
914,4,10,150,56,0.0
915,4,10,150,56,0.0
916,4,10,150,56,0.27550064466379187
917,4,10,150,56,0.0
918,4,10,150,56,0.043627084055128
919,4,10,150,56,0.11040861043658146
920,4,10,150,56,0.0
921,4,10,150,56,0.15405864814296488
922,4,10,150,56,0.1280645281724967
923,4,10,150,56,0.02142307850464013
924,4,10,150,56,0.018280262702529162
925,4,10,150,56,0.0
926,4,10,150,56,0.0
927,4,10,150,56,0.04499596683729014
928,4,10,150,56,0.1482972305701491
929,4,10,150,56,0.25163227912988373
930,4,10,150,56,0.032298243696638564
931,4,10,150,56,0.08679587898287541
932,4,10,150,56,0.2509211184050446
933,4,10,150,56,0.06482780534777928
934,4,10,150,56,0.10439537790528651
935,4,10,150,56,0.04173963774222741
936,4,10,150,56,0.1321191921354211
937,4,10,150,56,0.0
938,4,10,150,56,0.1482741018676109
939,4,10,150,56,0.02916862694666808
940,4,10,150,56,0.050684733114198
941,4,10,150,56,0.0
942,4,10,150,56,0.10504870308911567
943,4,10,150,56,0.20163692230838232
1,4,10,150,57,0.4058715898896693
2,4,10,150,57,0.06250343848035038
3,4,10,150,57,0.0
4,4,10,150,57,0.0
5,4,10,150,57,0.040209635547393256
6,4,10,150,57,0.27020011346731576
7,4,10,150,57,0.29136519416833906
8,4,10,150,57,0.0
9,4,10,150,57,0.21840743681816419
10,4,10,150,57,0.15977884673203213
11,4,10,150,57,0.1722584975122812
12,4,10,150,57,0.0
13,4,10,150,57,0.24941841664374068
14,4,10,150,57,0.0
15,4,10,150,57,0.05010834716923557
16,4,10,150,57,0.053168340515114924
17,4,10,150,57,0.0
18,4,10,150,57,0.24724966735366713
19,4,10,150,57,0.0
20,4,10,150,57,0.0
21,4,10,150,57,0.0
22,4,10,150,57,0.11702382382650763
23,4,10,150,57,0.23682446174402746
24,4,10,150,57,0.0
25,4,10,150,57,0.12358102547512423
26,4,10,150,57,0.0
27,4,10,150,57,0.0
28,4,10,150,57,0.0
29,4,10,150,57,0.13455232720853103
30,4,10,150,57,0.0
31,4,10,150,57,0.0
32,4,10,150,57,0.0
33,4,10,150,57,0.0
35,4,10,150,57,0.10523285614729473
36,4,10,150,57,0.0
37,4,10,150,57,0.0
38,4,10,150,57,0.04739418218477539
39,4,10,150,57,0.0
40,4,10,150,57,0.10558114683788161
41,4,10,150,57,0.0
42,4,10,150,57,0.0683037314796457
43,4,10,150,57,0.22592974817952552
44,4,10,150,57,0.2044921015662719
45,4,10,150,57,0.05200670101006268
46,4,10,150,57,0.11284514134893527
47,4,10,150,57,0.06250343848035038
48,4,10,150,57,0.0
49,4,10,150,57,0.0
50,4,10,150,57,0.0
51,4,10,150,57,0.16812753627111746
52,4,10,150,57,0.0
54,4,10,150,57,0.0
56,4,10,150,57,0.20383503459815738
57,4,10,150,57,0.3030555992505742
58,4,10,150,57,0.3717269535737058
59,4,10,150,57,0.2378606442039324
60,4,10,150,57,0.1505674224523334
61,4,10,150,57,0.0
62,4,10,150,57,0.08314631791322982
63,4,10,150,57,0.0
64,4,10,150,57,0.04238468688770069
65,4,10,150,57,0.13012668333070054
66,4,10,150,57,0.0
67,4,10,150,57,0.0
68,4,10,150,57,0.4827392464262081
69,4,10,150,57,0.07673373981757839
70,4,10,150,57,0.0
71,4,10,150,57,0.0
72,4,10,150,57,0.0
73,4,10,150,57,0.0
74,4,10,150,57,0.0
75,4,10,150,57,0.049432410190049694
76,4,10,150,57,0.1301464707340554
77,4,10,150,57,0.10201115106436301
78,4,10,150,57,0.0
79,4,10,150,57,0.27487633291429087
80,4,10,150,57,0.0
81,4,10,150,57,0.0
82,4,10,150,57,0.19298623480417013
83,4,10,150,57,0.12089611529519323
84,4,10,150,57,0.05034889199379723
85,4,10,150,57,0.0
87,4,10,150,57,0.07100089300395272
89,4,10,150,57,0.2553387838830436
90,4,10,150,57,0.04275570647343925
91,4,10,150,57,0.05648147012627732
92,4,10,150,57,0.10542637391232386
93,4,10,150,57,0.0
94,4,10,150,57,0.10584596736853813
95,4,10,150,57,0.17287436926807473
96,4,10,150,57,0.0
97,4,10,150,57,0.06462745615384195
98,4,10,150,57,0.0930297504356062
99,4,10,150,57,0.05658242244874664
100,4,10,150,57,0.0
101,4,10,150,57,0.0
102,4,10,150,57,0.02424726876918863
103,4,10,150,57,0.0
104,4,10,150,57,0.0
105,4,10,150,57,0.0
106,4,10,150,57,0.0
107,4,10,150,57,0.0
108,4,10,150,57,0.0
109,4,10,150,57,0.07103066762111539
110,4,10,150,57,0.0
111,4,10,150,57,0.0
112,4,10,150,57,0.05685954565780693
113,4,10,150,57,0.053168340515114924
114,4,10,150,57,0.0
115,4,10,150,57,0.10684080426179023
116,4,10,150,57,0.0
117,4,10,150,57,0.26646890433550474
118,4,10,150,57,0.0
119,4,10,150,57,0.18374222286855332
120,4,10,150,57,0.0
121,4,10,150,57,0.271985059917519
122,4,10,150,57,0.1530100230930498
123,4,10,150,57,0.07386004580671933
125,4,10,150,57,0.12702645795516354
126,4,10,150,57,0.06911917000496234
127,4,10,150,57,0.10253313861822189
128,4,10,150,57,0.05750548798281727
129,4,10,150,57,0.0
130,4,10,150,57,0.16099269493775217
131,4,10,150,57,0.0
133,4,10,150,57,0.11047239495909743
134,4,10,150,57,0.0
135,4,10,150,57,0.0
137,4,10,150,57,0.1371200812351206
138,4,10,150,57,0.0
139,4,10,150,57,0.0
141,4,10,150,57,0.0
142,4,10,150,57,0.13373003436102654
143,4,10,150,57,0.1208996448617798
144,4,10,150,57,0.1227945149537572
145,4,10,150,57,0.08829985348038716
146,4,10,150,57,0.0
148,4,10,150,57,0.054181637470214
149,4,10,150,57,0.0
150,4,10,150,57,0.10235170428306553
151,4,10,150,57,0.06298430394440727
152,4,10,150,57,0.040655755922716606
153,4,10,150,57,0.0
154,4,10,150,57,0.06372882143962796
155,4,10,150,57,0.0
156,4,10,150,57,0.0
158,4,10,150,57,0.17575552384613552
159,4,10,150,57,0.0
160,4,10,150,57,0.0
161,4,10,150,57,0.0
162,4,10,150,57,0.0
163,4,10,150,57,0.0
164,4,10,150,57,0.0
165,4,10,150,57,0.12114889742360979
166,4,10,150,57,0.0
167,4,10,150,57,0.0
168,4,10,150,57,0.23504554941448536
169,4,10,150,57,0.06416923277158361
170,4,10,150,57,0.0
171,4,10,150,57,0.0
172,4,10,150,57,0.0
173,4,10,150,57,0.05840183867278569
174,4,10,150,57,0.060961917527339995
175,4,10,150,57,0.0
176,4,10,150,57,0.09511409151391914
177,4,10,150,57,0.06912040963822193
178,4,10,150,57,0.2437589399037192
179,4,10,150,57,0.06723507268634088
180,4,10,150,57,0.12262943855309168
181,4,10,150,57,0.01719677167528726
182,4,10,150,57,0.0
183,4,10,150,57,0.0
184,4,10,150,57,0.09303069037986347
185,4,10,150,57,0.07745351606183934
186,4,10,150,57,0.22147164648185297
187,4,10,150,57,0.08625091781054979
188,4,10,150,57,0.054384419234677496
189,4,10,150,57,0.2089531400761587
190,4,10,150,57,0.10699313236726378
191,4,10,150,57,0.0
192,4,10,150,57,0.0
193,4,10,150,57,0.0
194,4,10,150,57,0.020323217806223443
195,4,10,150,57,0.0
196,4,10,150,57,0.0
197,4,10,150,57,0.05576624569167862
198,4,10,150,57,0.0
199,4,10,150,57,0.0
200,4,10,150,57,0.11302970636219896
201,4,10,150,57,0.03487978243545732
203,4,10,150,57,0.0
204,4,10,150,57,0.0
205,4,10,150,57,0.0
206,4,10,150,57,0.0
207,4,10,150,57,0.050513241088636716
209,4,10,150,57,0.0
210,4,10,150,57,0.09440608278107551
211,4,10,150,57,0.0
212,4,10,150,57,0.12681701683239352
213,4,10,150,57,0.2384146878320104
214,4,10,150,57,0.056720838976548935
215,4,10,150,57,0.0
216,4,10,150,57,0.03497205398870122
217,4,10,150,57,0.0
218,4,10,150,57,0.19092086617893467
219,4,10,150,57,0.0
221,4,10,150,57,0.3375735570145491
222,4,10,150,57,0.12476107276951183
223,4,10,150,57,0.03870447337439288
224,4,10,150,57,0.0
225,4,10,150,57,0.0
226,4,10,150,57,0.08080765379783027
227,4,10,150,57,0.0
228,4,10,150,57,0.0
229,4,10,150,57,0.0
230,4,10,150,57,0.23712439662683835
231,4,10,150,57,0.0
232,4,10,150,57,0.3234992853586256
233,4,10,150,57,0.0968152409481219
234,4,10,150,57,0.06411917231744522
235,4,10,150,57,0.06065881345112158
236,4,10,150,57,0.0
237,4,10,150,57,0.0
238,4,10,150,57,0.0
239,4,10,150,57,0.08989646527561479
240,4,10,150,57,0.05497526658285817
242,4,10,150,57,0.0
243,4,10,150,57,0.09267768927614353
244,4,10,150,57,0.15765545519871427
245,4,10,150,57,0.10704534003732354
246,4,10,150,57,0.08041927109478651
247,4,10,150,57,0.0
248,4,10,150,57,0.14830051302014485
249,4,10,150,57,0.28358055700477847
250,4,10,150,57,0.3503302816689379
251,4,10,150,57,0.0
252,4,10,150,57,0.0
253,4,10,150,57,0.05954496680255472
254,4,10,150,57,0.0
255,4,10,150,57,0.0
256,4,10,150,57,0.16583176898817792
257,4,10,150,57,0.3305900772260718
258,4,10,150,57,0.0
259,4,10,150,57,0.0
260,4,10,150,57,0.0
261,4,10,150,57,0.0
262,4,10,150,57,0.0
263,4,10,150,57,0.12774011823457565
264,4,10,150,57,0.05840183867278569
265,4,10,150,57,0.10209739512291163
267,4,10,150,57,0.09794101962538232
268,4,10,150,57,0.058643164519127634
269,4,10,150,57,0.13223875150584097
270,4,10,150,57,0.0
271,4,10,150,57,0.12276482551434069
272,4,10,150,57,0.14498698048571354
273,4,10,150,57,0.0
274,4,10,150,57,0.0
275,4,10,150,57,0.04605780568615433
276,4,10,150,57,0.18784639929386426
277,4,10,150,57,0.0
279,4,10,150,57,0.06493409231178052
280,4,10,150,57,0.03337620304869898
281,4,10,150,57,0.0
283,4,10,150,57,0.1292258709239571
284,4,10,150,57,0.0
285,4,10,150,57,0.1185995982858366
286,4,10,150,57,0.3005968627632655
287,4,10,150,57,0.06364028872631156
288,4,10,150,57,0.12538054736008386
289,4,10,150,57,0.13905617951077562
290,4,10,150,57,0.0
291,4,10,150,57,0.23494592513118112
292,4,10,150,57,0.08933583385868532
293,4,10,150,57,0.10795785893996995
294,4,10,150,57,0.04123398036294628
295,4,10,150,57,0.2670961153715764
296,4,10,150,57,0.47774763069170006
297,4,10,150,57,0.13535082686131417
298,4,10,150,57,0.19947114504638494
299,4,10,150,57,0.0
300,4,10,150,57,0.0
301,4,10,150,57,0.047934103497110726
303,4,10,150,57,0.08034166903187366
304,4,10,150,57,0.0
305,4,10,150,57,0.31514747987601716
306,4,10,150,57,0.0
307,4,10,150,57,0.1383141340724969
308,4,10,150,57,0.19205342317019936
309,4,10,150,57,0.0
310,4,10,150,57,0.0
311,4,10,150,57,0.08938791352906189
312,4,10,150,57,0.09804650712627644
313,4,10,150,57,0.14465709645474623
314,4,10,150,57,0.20285519102295546
315,4,10,150,57,0.0
316,4,10,150,57,0.04568304891751105
317,4,10,150,57,0.0
318,4,10,150,57,0.10118786565551004
319,4,10,150,57,0.0
320,4,10,150,57,0.0
321,4,10,150,57,0.062242588308449316
322,4,10,150,57,0.17342765698823945
323,4,10,150,57,0.14126697285982898
324,4,10,150,57,0.0
325,4,10,150,57,0.0
326,4,10,150,57,0.0634222181618871
327,4,10,150,57,0.0
328,4,10,150,57,0.1437524526514495
329,4,10,150,57,0.0
330,4,10,150,57,0.0536466452928127
331,4,10,150,57,0.16958010263680806
332,4,10,150,57,0.024647523009140075
333,4,10,150,57,0.0
334,4,10,150,57,0.07058424671826317
336,4,10,150,57,0.0
337,4,10,150,57,0.16716045496620227
338,4,10,150,57,0.05005165434923901
339,4,10,150,57,0.06608282041002614
340,4,10,150,57,0.0
341,4,10,150,57,0.0
342,4,10,150,57,0.2625072992734236
343,4,10,150,57,0.28732332399638805
344,4,10,150,57,0.23832550406045652
345,4,10,150,57,0.056149696530797676
346,4,10,150,57,0.13947804593499064
347,4,10,150,57,0.08705643551438974
348,4,10,150,57,0.071942683897578
349,4,10,150,57,0.07673373981757839
350,4,10,150,57,0.0749368547125808
351,4,10,150,57,0.0
352,4,10,150,57,0.0
353,4,10,150,57,0.0
354,4,10,150,57,0.051249224710132255
355,4,10,150,57,0.0
356,4,10,150,57,0.08406376813555873
357,4,10,150,57,0.0
358,4,10,150,57,0.20438239758848611
359,4,10,150,57,0.0
360,4,10,150,57,0.06752012359727312
361,4,10,150,57,0.09622728274290568
362,4,10,150,57,0.0
363,4,10,150,57,0.1803013146105011
364,4,10,150,57,0.0
365,4,10,150,57,0.0
366,4,10,150,57,0.0
367,4,10,150,57,0.0
368,4,10,150,57,0.0
369,4,10,150,57,0.0
370,4,10,150,57,0.13479984916817475
371,4,10,150,57,0.22569563125869263
372,4,10,150,57,0.0
373,4,10,150,57,0.062173010658778456
374,4,10,150,57,0.06834943074719504
375,4,10,150,57,0.0
376,4,10,150,57,0.0
377,4,10,150,57,0.08010929472340098
378,4,10,150,57,0.16448029476168333
379,4,10,150,57,0.11339835829152477
380,4,10,150,57,0.0
381,4,10,150,57,0.05105625351125917
382,4,10,150,57,0.0
383,4,10,150,57,0.04838338183089434
384,4,10,150,57,0.0
385,4,10,150,57,0.0
386,4,10,150,57,0.0
387,4,10,150,57,0.11497906462099297
388,4,10,150,57,0.04511904280884329
389,4,10,150,57,0.12419123143547287
390,4,10,150,57,0.0
391,4,10,150,57,0.2137247802747043
392,4,10,150,57,0.0
393,4,10,150,57,0.027661957314667494
394,4,10,150,57,0.11073655428626575
395,4,10,150,57,0.04931346192675315
396,4,10,150,57,0.0
397,4,10,150,57,0.22320497122386787
398,4,10,150,57,0.16581649615734612
399,4,10,150,57,0.04732425758521323
400,4,10,150,57,0.0
401,4,10,150,57,0.0
402,4,10,150,57,0.08963222225173058
403,4,10,150,57,0.0854499779566911
404,4,10,150,57,0.0
405,4,10,150,57,0.06949375709485237
406,4,10,150,57,0.20956416940551098
407,4,10,150,57,0.04270006763257965
408,4,10,150,57,0.0
409,4,10,150,57,0.10914342353313093
410,4,10,150,57,0.0
411,4,10,150,57,0.0
412,4,10,150,57,0.0
413,4,10,150,57,0.041646268351119564
414,4,10,150,57,0.0
415,4,10,150,57,0.15103391472831218
416,4,10,150,57,0.1949190625047652
417,4,10,150,57,0.09850508837083022
418,4,10,150,57,0.0
419,4,10,150,57,0.1208113026994942
420,4,10,150,57,0.06052048269976269
421,4,10,150,57,0.15435807162450887
422,4,10,150,57,0.07550298029238112
423,4,10,150,57,0.053845569940583225
424,4,10,150,57,0.2766918177656049
425,4,10,150,57,0.1674157226455415
426,4,10,150,57,0.040759261617270684
427,4,10,150,57,0.0
428,4,10,150,57,0.04415960465480069
429,4,10,150,57,0.15213140062551722
430,4,10,150,57,0.0
431,4,10,150,57,0.0
432,4,10,150,57,0.05789711601244791
433,4,10,150,57,0.05780921899607981
434,4,10,150,57,0.20778267687568405
435,4,10,150,57,0.17814560078949015
436,4,10,150,57,0.0
437,4,10,150,57,0.09166074247719914
438,4,10,150,57,0.0
439,4,10,150,57,0.10863976191957724
440,4,10,150,57,0.0
441,4,10,150,57,0.0
442,4,10,150,57,0.040949887133979804
443,4,10,150,57,0.06783204105472322
444,4,10,150,57,0.1312721899408984
445,4,10,150,57,0.0
446,4,10,150,57,0.0
447,4,10,150,57,0.16246725303708914
448,4,10,150,57,0.0
449,4,10,150,57,0.1511226181481109
450,4,10,150,57,0.2862447474026685
451,4,10,150,57,0.06148915918944534
452,4,10,150,57,0.10773098771530253
453,4,10,150,57,0.0
454,4,10,150,57,0.0
455,4,10,150,57,0.063401477059351
456,4,10,150,57,0.018650043077523788
457,4,10,150,57,0.282690216345629
458,4,10,150,57,0.06982799741808067
459,4,10,150,57,0.0
460,4,10,150,57,0.05184030722866645
461,4,10,150,57,0.0
462,4,10,150,57,0.0
463,4,10,150,57,0.11987424504051505
464,4,10,150,57,0.0
465,4,10,150,57,0.0
466,4,10,150,57,0.0
467,4,10,150,57,0.07807600999842033
468,4,10,150,57,0.11455543964849552
469,4,10,150,57,0.05165643482805862
470,4,10,150,57,0.0
471,4,10,150,57,0.0
472,4,10,150,57,0.059378631551402404
473,4,10,150,57,0.06140244428718695
474,4,10,150,57,0.2405279255701198
475,4,10,150,57,0.0
476,4,10,150,57,0.0
477,4,10,150,57,0.0
478,4,10,150,57,0.2345109835167376
479,4,10,150,57,0.10172348796286074
480,4,10,150,57,0.0741070054529978
481,4,10,150,57,0.13102204196909084
482,4,10,150,57,0.0
483,4,10,150,57,0.05658242244874664
484,4,10,150,57,0.2723783861819967
485,4,10,150,57,0.0
486,4,10,150,57,0.0
487,4,10,150,57,0.08199193156683765
488,4,10,150,57,0.0
489,4,10,150,57,0.0
490,4,10,150,57,0.0
491,4,10,150,57,0.10497643268981144
492,4,10,150,57,0.0
493,4,10,150,57,0.1254889491373293
494,4,10,150,57,0.0
495,4,10,150,57,0.09864236150154798
496,4,10,150,57,0.047739744220948385
497,4,10,150,57,0.05057001832592956
498,4,10,150,57,0.0
499,4,10,150,57,0.05075938465928585
500,4,10,150,57,0.09541527213731128
501,4,10,150,57,0.0
502,4,10,150,57,0.0
503,4,10,150,57,0.05608659198762317
504,4,10,150,57,0.08148269775823089
505,4,10,150,57,0.07379217622092994
506,4,10,150,57,0.10550534038207493
507,4,10,150,57,0.05319635904163211
508,4,10,150,57,0.0
509,4,10,150,57,0.0
510,4,10,150,57,0.0
511,4,10,150,57,0.08495943917278885
512,4,10,150,57,0.05478392673173268
513,4,10,150,57,0.0
514,4,10,150,57,0.27252722616773445
515,4,10,150,57,0.11706259313796354
516,4,10,150,57,0.0
517,4,10,150,57,0.08878770367712427
518,4,10,150,57,0.0
519,4,10,150,57,0.0
520,4,10,150,57,0.0
521,4,10,150,57,0.09850628252086785
522,4,10,150,57,0.12524561954372188
523,4,10,150,57,0.032114893884379984
524,4,10,150,57,0.13757129052772052
525,4,10,150,57,0.0
526,4,10,150,57,0.04972780777662495
527,4,10,150,57,0.1636135858112592
528,4,10,150,57,0.10209739512291163
529,4,10,150,57,0.0
530,4,10,150,57,0.0
531,4,10,150,57,0.1517763576041802
532,4,10,150,57,0.2633677187406756
533,4,10,150,57,0.11557545112991054
534,4,10,150,57,0.1046638363823608
535,4,10,150,57,0.13889821983463596
536,4,10,150,57,0.09414825230406802
537,4,10,150,57,0.3718669713827591
538,4,10,150,57,0.14697776980950736
539,4,10,150,57,0.04478826142555715
540,4,10,150,57,0.0
541,4,10,150,57,0.04030702414138781
542,4,10,150,57,0.049033875503285806
543,4,10,150,57,0.04953295293703468
544,4,10,150,57,0.05282936728943967
545,4,10,150,57,0.02244213465825961
546,4,10,150,57,0.05758752804519195
547,4,10,150,57,0.0
548,4,10,150,57,0.1103190733436671
549,4,10,150,57,0.0
550,4,10,150,57,0.04785685030080952
551,4,10,150,57,0.08575451739801236
552,4,10,150,57,0.1205344274731702
553,4,10,150,57,0.04743759234968417
554,4,10,150,57,0.12627825946936164
555,4,10,150,57,0.0
556,4,10,150,57,0.07660623398069263
557,4,10,150,57,0.0
558,4,10,150,57,0.08878770367712427
559,4,10,150,57,0.04366879852493834
560,4,10,150,57,0.09375790921485552
561,4,10,150,57,0.08550406881126595
562,4,10,150,57,0.053882237000818504
563,4,10,150,57,0.0
564,4,10,150,57,0.08498983725535779
565,4,10,150,57,0.0
566,4,10,150,57,0.03579489106983033
567,4,10,150,57,0.1471381878632886
568,4,10,150,57,0.036155150901276155
569,4,10,150,57,0.18299769260789403
570,4,10,150,57,0.0
571,4,10,150,57,0.0
572,4,10,150,57,0.16812753627111746
573,4,10,150,57,0.06437746926759551
574,4,10,150,57,0.051811563545175146
575,4,10,150,57,0.0
576,4,10,150,57,0.0
577,4,10,150,57,0.20541190363713152
578,4,10,150,57,0.0
579,4,10,150,57,0.0
580,4,10,150,57,0.12128674553236206
581,4,10,150,57,0.05276490902632437
582,4,10,150,57,0.03190895161277091
583,4,10,150,57,0.0
584,4,10,150,57,0.06323567569191428
585,4,10,150,57,0.04173963774222741
586,4,10,150,57,0.05786021189691368
587,4,10,150,57,0.0
588,4,10,150,57,0.12100428021731384
589,4,10,150,57,0.0
590,4,10,150,57,0.053845569940583225
591,4,10,150,57,0.0
592,4,10,150,57,0.35451251791971455
593,4,10,150,57,0.07711036365720102
594,4,10,150,57,0.0
595,4,10,150,57,0.10296141646738245
596,4,10,150,57,0.0
597,4,10,150,57,0.27101620591530523
598,4,10,150,57,0.0684591776394769
599,4,10,150,57,0.0
600,4,10,150,57,0.09197011795311534
601,4,10,150,57,0.0
602,4,10,150,57,0.0
603,4,10,150,57,0.0
604,4,10,150,57,0.0
605,4,10,150,57,0.23939908411991156
606,4,10,150,57,0.14995431516032265
607,4,10,150,57,0.08673473912838402
608,4,10,150,57,0.09072059226435805
609,4,10,150,57,0.0
610,4,10,150,57,0.19303241878686786
611,4,10,150,57,0.07624568872860434
612,4,10,150,57,0.0
613,4,10,150,57,0.08385150490449667
614,4,10,150,57,0.0
615,4,10,150,57,0.04919117729584568
616,4,10,150,57,0.03618657486793958
617,4,10,150,57,0.0
618,4,10,150,57,0.1281253572826617
619,4,10,150,57,0.12363660028711727
620,4,10,150,57,0.14012037550990028
621,4,10,150,57,0.11278207190006835
622,4,10,150,57,0.17156724593575012
623,4,10,150,57,0.17494254380936963
624,4,10,150,57,0.06626749824739844
625,4,10,150,57,0.0
626,4,10,150,57,0.06228974831361337
627,4,10,150,57,0.06945233499530101
628,4,10,150,57,0.0
629,4,10,150,57,0.14360653209080107
630,4,10,150,57,0.15874779570678058
631,4,10,150,57,0.0
632,4,10,150,57,0.12112269717167994
633,4,10,150,57,0.11499138576948859
634,4,10,150,57,0.022104381789790163
635,4,10,150,57,0.04546401530948942
636,4,10,150,57,0.06364028872631156
637,4,10,150,57,0.01928973283308616
638,4,10,150,57,0.09712868482236708
639,4,10,150,57,0.016417578556357865
640,4,10,150,57,0.08728477671007713
641,4,10,150,57,0.07675099783970546
642,4,10,150,57,0.13484214007231782
643,4,10,150,57,0.11469830164588653
644,4,10,150,57,0.04935421935348238
645,4,10,150,57,0.16158259063789654
646,4,10,150,57,0.0
647,4,10,150,57,0.030218457878623886
648,4,10,150,57,0.14136272138802689
649,4,10,150,57,0.15489949502599
650,4,10,150,57,0.062112901175643755
651,4,10,150,57,0.0
652,4,10,150,57,0.08156220960446063
653,4,10,150,57,0.1167566079155672
654,4,10,150,57,0.21255442687635834
655,4,10,150,57,0.14158338621581154
656,4,10,150,57,0.07397229644086958
657,4,10,150,57,0.0
658,4,10,150,57,0.2625403796417579
659,4,10,150,57,0.08781544355121487
660,4,10,150,57,0.03965485437391095
661,4,10,150,57,0.08605775303302886
662,4,10,150,57,0.0512644431393966
663,4,10,150,57,0.24026856780584893
664,4,10,150,57,0.28517362059082263
665,4,10,150,57,0.0
666,4,10,150,57,0.2051931164246385
667,4,10,150,57,0.2543908605186312
668,4,10,150,57,0.06194403202282284
669,4,10,150,57,0.1348578320198433
670,4,10,150,57,0.06613087842005526
671,4,10,150,57,0.1607186693017089
672,4,10,150,57,0.0
673,4,10,150,57,0.14837758007547783
674,4,10,150,57,0.11338915993603582
675,4,10,150,57,0.0
676,4,10,150,57,0.16684180252782607
677,4,10,150,57,0.03314040476303028
678,4,10,150,57,0.03824432123396675
679,4,10,150,57,0.15527711509166947
680,4,10,150,57,0.11377863936243801
681,4,10,150,57,0.0
682,4,10,150,57,0.140986072614117
683,4,10,150,57,0.0
684,4,10,150,57,0.06573003977381581
685,4,10,150,57,0.1906465758273748
686,4,10,150,57,0.07277260183012466
687,4,10,150,57,0.0
688,4,10,150,57,0.0
689,4,10,150,57,0.18098128360653137
690,4,10,150,57,0.07914701567910001
691,4,10,150,57,0.09842092178212862
692,4,10,150,57,0.12090042896411356
693,4,10,150,57,0.0
694,4,10,150,57,0.17758864979147368
695,4,10,150,57,0.0
696,4,10,150,57,0.039725595076707886
697,4,10,150,57,0.04239477130634912
698,4,10,150,57,0.041937660325009396
699,4,10,150,57,0.050296301412810544
700,4,10,150,57,0.12729890218214104
701,4,10,150,57,0.0
702,4,10,150,57,0.037715680681715956
703,4,10,150,57,0.11918688501400482
704,4,10,150,57,0.21717049343670972
705,4,10,150,57,0.16817244731511605
706,4,10,150,57,0.04395738023645723
707,4,10,150,57,0.03231723186393654
708,4,10,150,57,0.07186325791519563
709,4,10,150,57,0.13472082394875662
710,4,10,150,57,0.10695361352497157
711,4,10,150,57,0.16674750101703206
712,4,10,150,57,0.14493048943192424
713,4,10,150,57,0.1468735732232516
714,4,10,150,57,0.03441184191455828
715,4,10,150,57,0.0
716,4,10,150,57,0.2532168017867899
717,4,10,150,57,0.09054670163637572
718,4,10,150,57,0.035328385129692476
719,4,10,150,57,0.09883437846193516
720,4,10,150,57,0.0
721,4,10,150,57,0.16457929949151592
722,4,10,150,57,0.06556429791586475
723,4,10,150,57,0.0
724,4,10,150,57,0.0
725,4,10,150,57,0.0
726,4,10,150,57,0.05010834716923557
727,4,10,150,57,0.15207269289934972
728,4,10,150,57,0.09627818061559096
729,4,10,150,57,0.0
730,4,10,150,57,0.02601736765943984
731,4,10,150,57,0.13032711631493252
732,4,10,150,57,0.0
733,4,10,150,57,0.14514596345398123
734,4,10,150,57,0.0
735,4,10,150,57,0.0
736,4,10,150,57,0.03351972906068008
737,4,10,150,57,0.1138970555583582
738,4,10,150,57,0.13922998739868644
739,4,10,150,57,0.03855307727568851
740,4,10,150,57,0.0
741,4,10,150,57,0.05358697798864893
742,4,10,150,57,0.0488929053971083
743,4,10,150,57,0.0690623255281084
744,4,10,150,57,0.03596673601130318
745,4,10,150,57,0.03520132288421838
746,4,10,150,57,0.23491487959421534
747,4,10,150,57,0.42960487339896164
748,4,10,150,57,0.09621648119325965
749,4,10,150,57,0.14870656633911739
750,4,10,150,57,0.041278922835426404
751,4,10,150,57,0.09121244729641273
752,4,10,150,57,0.023242424817620892
753,4,10,150,57,0.15780803084928155
754,4,10,150,57,0.0
755,4,10,150,57,0.03855371268423985
756,4,10,150,57,0.031104745345423533
757,4,10,150,57,0.0
758,4,10,150,57,0.27887072136424745
759,4,10,150,57,0.08145040004058159
760,4,10,150,57,0.0
761,4,10,150,57,0.06869287000000811
762,4,10,150,57,0.051960280791503534
763,4,10,150,57,0.04542386553984721
764,4,10,150,57,0.08946696896639536
765,4,10,150,57,0.15066101840234988
766,4,10,150,57,0.02524712721565147
767,4,10,150,57,0.10635849541123835
768,4,10,150,57,0.08438032815655525
769,4,10,150,57,0.0
770,4,10,150,57,0.21464739068424896
771,4,10,150,57,0.2872791742076055
772,4,10,150,57,0.13108008489890782
773,4,10,150,57,0.09523493568018183
774,4,10,150,57,0.06752445913487194
775,4,10,150,57,0.0
776,4,10,150,57,0.138487812915294
777,4,10,150,57,0.0
778,4,10,150,57,0.1631238413472767
779,4,10,150,57,0.0
780,4,10,150,57,0.030023253564245667
781,4,10,150,57,0.2016539629141292
782,4,10,150,57,0.04657306113338149
783,4,10,150,57,0.0
784,4,10,150,57,0.0
785,4,10,150,57,0.0
786,4,10,150,57,0.0
787,4,10,150,57,0.0
788,4,10,150,57,0.27249760140085316
789,4,10,150,57,0.08809718769055445
790,4,10,150,57,0.0
791,4,10,150,57,0.04465281017341861
792,4,10,150,57,0.06658592494149675
793,4,10,150,57,0.0
794,4,10,150,57,0.04108065887337468
795,4,10,150,57,0.012760196793911518
796,4,10,150,57,0.3804528942989827
797,4,10,150,57,0.11278903329502893
798,4,10,150,57,0.044718816265005894
799,4,10,150,57,0.0
800,4,10,150,57,0.03244993904038569
801,4,10,150,57,0.1561471668577559
802,4,10,150,57,0.06960082070980815
803,4,10,150,57,0.10569353498973794
804,4,10,150,57,0.14516966641571064
805,4,10,150,57,0.11552542848184558
806,4,10,150,57,0.2959152150106387
807,4,10,150,57,0.10399871443333361
808,4,10,150,57,0.06916251961538802
809,4,10,150,57,0.05234104579082298
810,4,10,150,57,0.0
811,4,10,150,57,0.0
812,4,10,150,57,0.0
813,4,10,150,57,0.0
814,4,10,150,57,0.034616222155696735
815,4,10,150,57,0.23214029756232396
816,4,10,150,57,0.0
817,4,10,150,57,0.0
818,4,10,150,57,0.05516788910004661
819,4,10,150,57,0.037210602758860095
820,4,10,150,57,0.0
821,4,10,150,57,0.302950268110492
822,4,10,150,57,0.0
823,4,10,150,57,0.19888824682108003
824,4,10,150,57,0.05046096657376444
825,4,10,150,57,0.08238190489603152
826,4,10,150,57,0.14101060791647543
827,4,10,150,57,0.0
828,4,10,150,57,0.05745618865524075
829,4,10,150,57,0.1751347628439014
830,4,10,150,57,0.17854437265047174
831,4,10,150,57,0.21058943716644085
832,4,10,150,57,0.0
833,4,10,150,57,0.1853982039003854
834,4,10,150,57,0.2706897351446418
835,4,10,150,57,0.13993736621795813
836,4,10,150,57,0.17832202911372014
837,4,10,150,57,0.05665916465450996
838,4,10,150,57,0.2625760940203853
839,4,10,150,57,0.08633834411059861
840,4,10,150,57,0.31490317632228926
841,4,10,150,57,0.06507217400164225
842,4,10,150,57,0.0
843,4,10,150,57,0.0
844,4,10,150,57,0.05872188515498603
845,4,10,150,57,0.0
846,4,10,150,57,0.3374128134401724
847,4,10,150,57,0.05830136902603157
848,4,10,150,57,0.05003430669717851
849,4,10,150,57,0.0419387969316025
850,4,10,150,57,0.2721744638560368
851,4,10,150,57,0.06294244561032881
852,4,10,150,57,0.26227118260874954
853,4,10,150,57,0.0
854,4,10,150,57,0.0
855,4,10,150,57,0.0
856,4,10,150,57,0.0
857,4,10,150,57,0.0
858,4,10,150,57,0.10250982096838526
859,4,10,150,57,0.02575009712173795
860,4,10,150,57,0.09127407611611123
861,4,10,150,57,0.06460834446248033
862,4,10,150,57,0.1141790079370995
863,4,10,150,57,0.06336841123297353
864,4,10,150,57,0.4401800903211802
865,4,10,150,57,0.07803010102565
866,4,10,150,57,0.16283687678415507
867,4,10,150,57,0.1579192849910101
868,4,10,150,57,0.2462303305305353
869,4,10,150,57,0.0587446084443979
870,4,10,150,57,0.29001224560918154
871,4,10,150,57,0.07012986265386374
872,4,10,150,57,0.02804794621397926
873,4,10,150,57,0.0
874,4,10,150,57,0.13944914190808633
875,4,10,150,57,0.11729943308729383
876,4,10,150,57,0.08671382849411972
877,4,10,150,57,0.0835317778614811
878,4,10,150,57,0.1706804422753891
879,4,10,150,57,0.03963466998423315
880,4,10,150,57,0.3853693392777546
881,4,10,150,57,0.11194909241851264
882,4,10,150,57,0.2009373068178177
883,4,10,150,57,0.3424718555792831
884,4,10,150,57,0.09113547509404434
885,4,10,150,57,0.04536087033637415
886,4,10,150,57,0.19899203114139719
887,4,10,150,57,0.09845787923078543
888,4,10,150,57,0.11625487663628292
889,4,10,150,57,0.012374062701972116
890,4,10,150,57,0.10173069261008777
891,4,10,150,57,0.10491091696774645
892,4,10,150,57,0.2620381641957093
893,4,10,150,57,0.10869735563398858
894,4,10,150,57,0.11656682603238078
895,4,10,150,57,0.0
896,4,10,150,57,0.3322147017940602
897,4,10,150,57,0.28791717969310765
898,4,10,150,57,0.0
899,4,10,150,57,0.060241177972110246
900,4,10,150,57,0.055315677011973347
901,4,10,150,57,0.18132668514654882
902,4,10,150,57,0.05978585424799658
903,4,10,150,57,0.22064009608539073
904,4,10,150,57,0.0
905,4,10,150,57,0.0
906,4,10,150,57,0.10407444169186962
907,4,10,150,57,0.031742806389256244
908,4,10,150,57,0.06892767477436933
909,4,10,150,57,0.0
910,4,10,150,57,0.0
911,4,10,150,57,0.13243052909755645
912,4,10,150,57,0.15575097056245804
913,4,10,150,57,0.07219927248779984
914,4,10,150,57,0.0
915,4,10,150,57,0.0
916,4,10,150,57,0.27216727137058594
917,4,10,150,57,0.0
918,4,10,150,57,0.043627084055128
919,4,10,150,57,0.10907274019272627
920,4,10,150,57,0.0
921,4,10,150,57,0.15405864814296488
922,4,10,150,57,0.1280645281724967
923,4,10,150,57,0.02142307850464013
924,4,10,150,57,0.018280262702529162
925,4,10,150,57,0.0
926,4,10,150,57,0.0
927,4,10,150,57,0.04499596683729014
928,4,10,150,57,0.1482972305701491
929,4,10,150,57,0.25163227912988373
930,4,10,150,57,0.032298243696638564
931,4,10,150,57,0.08679587898287541
932,4,10,150,57,0.25998447120213286
933,4,10,150,57,0.06482780534777928
934,4,10,150,57,0.10313226374790117
935,4,10,150,57,0.04173963774222741
936,4,10,150,57,0.1321191921354211
937,4,10,150,57,0.0
938,4,10,150,57,0.1482741018676109
939,4,10,150,57,0.02916862694666808
940,4,10,150,57,0.050684733114198
941,4,10,150,57,0.0
942,4,10,150,57,0.10504870308911567
943,4,10,150,57,0.20163692230838232
1,4,10,150,58,0.4058715898896693
2,4,10,150,58,0.06250343848035038
3,4,10,150,58,0.0
4,4,10,150,58,0.0
5,4,10,150,58,0.040209635547393256
6,4,10,150,58,0.27020011346731576
7,4,10,150,58,0.29136519416833906
8,4,10,150,58,0.0
9,4,10,150,58,0.21840743681816419
10,4,10,150,58,0.18761894776868226
11,4,10,150,58,0.1722584975122812
12,4,10,150,58,0.0
13,4,10,150,58,0.2464490492128599
14,4,10,150,58,0.0
15,4,10,150,58,0.05010834716923557
16,4,10,150,58,0.053168340515114924
17,4,10,150,58,0.0
18,4,10,150,58,0.24724966735366713
19,4,10,150,58,0.0
20,4,10,150,58,0.0
21,4,10,150,58,0.0
22,4,10,150,58,0.11702382382650763
23,4,10,150,58,0.23682446174402746
24,4,10,150,58,0.0
25,4,10,150,58,0.12358102547512423
26,4,10,150,58,0.0
27,4,10,150,58,0.0
28,4,10,150,58,0.0
29,4,10,150,58,0.13455232720853103
30,4,10,150,58,0.0
31,4,10,150,58,0.0
32,4,10,150,58,0.0
33,4,10,150,58,0.0
35,4,10,150,58,0.10523285614729473
36,4,10,150,58,0.0
37,4,10,150,58,0.0
38,4,10,150,58,0.04739418218477539
39,4,10,150,58,0.0
40,4,10,150,58,0.10558114683788161
41,4,10,150,58,0.0
42,4,10,150,58,0.0683037314796457
43,4,10,150,58,0.22592974817952552
44,4,10,150,58,0.2044921015662719
45,4,10,150,58,0.05200670101006268
46,4,10,150,58,0.11284514134893527
47,4,10,150,58,0.06250343848035038
48,4,10,150,58,0.0
49,4,10,150,58,0.0
50,4,10,150,58,0.0
51,4,10,150,58,0.16812753627111746
52,4,10,150,58,0.0
54,4,10,150,58,0.0
56,4,10,150,58,0.20383503459815738
57,4,10,150,58,0.3030555992505742
58,4,10,150,58,0.3717269535737058
59,4,10,150,58,0.2378606442039324
60,4,10,150,58,0.1505674224523334
61,4,10,150,58,0.0
62,4,10,150,58,0.08314631791322982
63,4,10,150,58,0.0
64,4,10,150,58,0.04238468688770069
65,4,10,150,58,0.13012668333070054
66,4,10,150,58,0.0
67,4,10,150,58,0.0
68,4,10,150,58,0.4827392464262081
69,4,10,150,58,0.07673373981757839
70,4,10,150,58,0.0
71,4,10,150,58,0.0
72,4,10,150,58,0.0
73,4,10,150,58,0.0
74,4,10,150,58,0.0
75,4,10,150,58,0.049432410190049694
76,4,10,150,58,0.1301464707340554
77,4,10,150,58,0.10201115106436301
78,4,10,150,58,0.0
79,4,10,150,58,0.27487633291429087
80,4,10,150,58,0.0
81,4,10,150,58,0.0
82,4,10,150,58,0.19298623480417013
83,4,10,150,58,0.12089611529519323
84,4,10,150,58,0.05034889199379723
85,4,10,150,58,0.0
87,4,10,150,58,0.07100089300395272
89,4,10,150,58,0.2553387838830436
90,4,10,150,58,0.04275570647343925
91,4,10,150,58,0.05648147012627732
92,4,10,150,58,0.10542637391232386
93,4,10,150,58,0.0
94,4,10,150,58,0.10584596736853813
95,4,10,150,58,0.17287436926807473
96,4,10,150,58,0.0
97,4,10,150,58,0.06462745615384195
98,4,10,150,58,0.0930297504356062
99,4,10,150,58,0.05658242244874664
100,4,10,150,58,0.0
101,4,10,150,58,0.0
102,4,10,150,58,0.02424726876918863
103,4,10,150,58,0.0
104,4,10,150,58,0.0
105,4,10,150,58,0.0
106,4,10,150,58,0.0
107,4,10,150,58,0.0
108,4,10,150,58,0.0
109,4,10,150,58,0.07103066762111539
110,4,10,150,58,0.0
111,4,10,150,58,0.0
112,4,10,150,58,0.05685954565780693
113,4,10,150,58,0.053168340515114924
114,4,10,150,58,0.0
115,4,10,150,58,0.10684080426179023
116,4,10,150,58,0.0
117,4,10,150,58,0.26646890433550474
118,4,10,150,58,0.0
119,4,10,150,58,0.18374222286855332
120,4,10,150,58,0.0
121,4,10,150,58,0.271985059917519
122,4,10,150,58,0.1530100230930498
123,4,10,150,58,0.07386004580671933
125,4,10,150,58,0.12702645795516354
126,4,10,150,58,0.06911917000496234
127,4,10,150,58,0.10253313861822189
128,4,10,150,58,0.05750548798281727
129,4,10,150,58,0.0
130,4,10,150,58,0.16099269493775217
131,4,10,150,58,0.0
133,4,10,150,58,0.11047239495909743
134,4,10,150,58,0.0
135,4,10,150,58,0.0
137,4,10,150,58,0.1371200812351206
138,4,10,150,58,0.0
139,4,10,150,58,0.0
141,4,10,150,58,0.0
142,4,10,150,58,0.13373003436102654
143,4,10,150,58,0.1208996448617798
144,4,10,150,58,0.1227945149537572
145,4,10,150,58,0.08829985348038716
146,4,10,150,58,0.0
148,4,10,150,58,0.054181637470214
149,4,10,150,58,0.0
150,4,10,150,58,0.10235170428306553
151,4,10,150,58,0.06298430394440727
152,4,10,150,58,0.040655755922716606
153,4,10,150,58,0.0
154,4,10,150,58,0.06372882143962796
155,4,10,150,58,0.0
156,4,10,150,58,0.0
158,4,10,150,58,0.17575552384613552
159,4,10,150,58,0.0
160,4,10,150,58,0.0
161,4,10,150,58,0.0
162,4,10,150,58,0.0
163,4,10,150,58,0.0
164,4,10,150,58,0.0
165,4,10,150,58,0.12114889742360979
166,4,10,150,58,0.0
167,4,10,150,58,0.0
168,4,10,150,58,0.23504554941448536
169,4,10,150,58,0.06416923277158361
170,4,10,150,58,0.0
171,4,10,150,58,0.0
172,4,10,150,58,0.0
173,4,10,150,58,0.05840183867278569
174,4,10,150,58,0.060961917527339995
175,4,10,150,58,0.0
176,4,10,150,58,0.09511409151391914
177,4,10,150,58,0.06912040963822193
178,4,10,150,58,0.2437589399037192
179,4,10,150,58,0.06723507268634088
180,4,10,150,58,0.12262943855309168
181,4,10,150,58,0.01719677167528726
182,4,10,150,58,0.0
183,4,10,150,58,0.0
184,4,10,150,58,0.09303069037986347
185,4,10,150,58,0.07745351606183934
186,4,10,150,58,0.22147164648185297
187,4,10,150,58,0.08625091781054979
188,4,10,150,58,0.054384419234677496
189,4,10,150,58,0.2089531400761587
190,4,10,150,58,0.10699313236726378
191,4,10,150,58,0.0
192,4,10,150,58,0.0
193,4,10,150,58,0.0
194,4,10,150,58,0.020323217806223443
195,4,10,150,58,0.0
196,4,10,150,58,0.0
197,4,10,150,58,0.05576624569167862
198,4,10,150,58,0.0
199,4,10,150,58,0.0
200,4,10,150,58,0.11302970636219896
201,4,10,150,58,0.03487978243545732
203,4,10,150,58,0.0
204,4,10,150,58,0.0
205,4,10,150,58,0.0
206,4,10,150,58,0.0
207,4,10,150,58,0.050513241088636716
209,4,10,150,58,0.0
210,4,10,150,58,0.09440608278107551
211,4,10,150,58,0.0
212,4,10,150,58,0.12681701683239352
213,4,10,150,58,0.2384146878320104
214,4,10,150,58,0.056720838976548935
215,4,10,150,58,0.0
216,4,10,150,58,0.03497205398870122
217,4,10,150,58,0.0
218,4,10,150,58,0.19092086617893467
219,4,10,150,58,0.0
221,4,10,150,58,0.3375735570145491
222,4,10,150,58,0.12476107276951183
223,4,10,150,58,0.03870447337439288
224,4,10,150,58,0.0
225,4,10,150,58,0.0
226,4,10,150,58,0.08080765379783027
227,4,10,150,58,0.0
228,4,10,150,58,0.0
229,4,10,150,58,0.0
230,4,10,150,58,0.23712439662683835
231,4,10,150,58,0.0
232,4,10,150,58,0.3234992853586256
233,4,10,150,58,0.0968152409481219
234,4,10,150,58,0.06411917231744522
235,4,10,150,58,0.06065881345112158
236,4,10,150,58,0.0
237,4,10,150,58,0.0
238,4,10,150,58,0.0
239,4,10,150,58,0.08989646527561479
240,4,10,150,58,0.05497526658285817
242,4,10,150,58,0.0
243,4,10,150,58,0.09267768927614353
244,4,10,150,58,0.15765545519871427
245,4,10,150,58,0.10704534003732354
246,4,10,150,58,0.08041927109478651
247,4,10,150,58,0.0
248,4,10,150,58,0.14830051302014485
249,4,10,150,58,0.28358055700477847
250,4,10,150,58,0.3503302816689379
251,4,10,150,58,0.0
252,4,10,150,58,0.0
253,4,10,150,58,0.05954496680255472
254,4,10,150,58,0.0
255,4,10,150,58,0.0
256,4,10,150,58,0.16583176898817792
257,4,10,150,58,0.3305900772260718
258,4,10,150,58,0.0
259,4,10,150,58,0.0
260,4,10,150,58,0.0
261,4,10,150,58,0.0
262,4,10,150,58,0.0
263,4,10,150,58,0.12774011823457565
264,4,10,150,58,0.05840183867278569
265,4,10,150,58,0.10209739512291163
267,4,10,150,58,0.09794101962538232
268,4,10,150,58,0.058643164519127634
269,4,10,150,58,0.13223875150584097
270,4,10,150,58,0.046726672111120165
271,4,10,150,58,0.12276482551434069
272,4,10,150,58,0.14498698048571354
273,4,10,150,58,0.0
274,4,10,150,58,0.0
275,4,10,150,58,0.04605780568615433
276,4,10,150,58,0.18784639929386426
277,4,10,150,58,0.0
279,4,10,150,58,0.06493409231178052
280,4,10,150,58,0.03337620304869898
281,4,10,150,58,0.0
283,4,10,150,58,0.1292258709239571
284,4,10,150,58,0.0
285,4,10,150,58,0.1185995982858366
286,4,10,150,58,0.3005968627632655
287,4,10,150,58,0.06364028872631156
288,4,10,150,58,0.12538054736008386
289,4,10,150,58,0.13905617951077562
290,4,10,150,58,0.0
291,4,10,150,58,0.23494592513118112
292,4,10,150,58,0.08933583385868532
293,4,10,150,58,0.10795785893996995
294,4,10,150,58,0.04123398036294628
295,4,10,150,58,0.2670961153715764
296,4,10,150,58,0.47774763069170006
297,4,10,150,58,0.13535082686131417
298,4,10,150,58,0.19947114504638494
299,4,10,150,58,0.0
300,4,10,150,58,0.0
301,4,10,150,58,0.047934103497110726
303,4,10,150,58,0.08034166903187366
304,4,10,150,58,0.0
305,4,10,150,58,0.31514747987601716
306,4,10,150,58,0.0
307,4,10,150,58,0.1383141340724969
308,4,10,150,58,0.19205342317019936
309,4,10,150,58,0.0
310,4,10,150,58,0.0
311,4,10,150,58,0.08938791352906189
312,4,10,150,58,0.09804650712627644
313,4,10,150,58,0.14465709645474623
314,4,10,150,58,0.20285519102295546
315,4,10,150,58,0.0
316,4,10,150,58,0.04568304891751105
317,4,10,150,58,0.0
318,4,10,150,58,0.10118786565551004
319,4,10,150,58,0.0
320,4,10,150,58,0.0
321,4,10,150,58,0.062242588308449316
322,4,10,150,58,0.17342765698823945
323,4,10,150,58,0.14126697285982898
324,4,10,150,58,0.0
325,4,10,150,58,0.0
326,4,10,150,58,0.0634222181618871
327,4,10,150,58,0.0
328,4,10,150,58,0.1437524526514495
329,4,10,150,58,0.0
330,4,10,150,58,0.0536466452928127
331,4,10,150,58,0.16958010263680806
332,4,10,150,58,0.024647523009140075
333,4,10,150,58,0.0
334,4,10,150,58,0.07058424671826317
336,4,10,150,58,0.0
337,4,10,150,58,0.16716045496620227
338,4,10,150,58,0.05005165434923901
339,4,10,150,58,0.06608282041002614
340,4,10,150,58,0.0
341,4,10,150,58,0.0
342,4,10,150,58,0.2625072992734236
343,4,10,150,58,0.28732332399638805
344,4,10,150,58,0.23832550406045652
345,4,10,150,58,0.056149696530797676
346,4,10,150,58,0.13947804593499064
347,4,10,150,58,0.08705643551438974
348,4,10,150,58,0.071942683897578
349,4,10,150,58,0.07673373981757839
350,4,10,150,58,0.0749368547125808
351,4,10,150,58,0.0
352,4,10,150,58,0.0
353,4,10,150,58,0.0
354,4,10,150,58,0.051249224710132255
355,4,10,150,58,0.0
356,4,10,150,58,0.08406376813555873
357,4,10,150,58,0.0
358,4,10,150,58,0.20438239758848611
359,4,10,150,58,0.0
360,4,10,150,58,0.06752012359727312
361,4,10,150,58,0.09622728274290568
362,4,10,150,58,0.0
363,4,10,150,58,0.1803013146105011
364,4,10,150,58,0.0
365,4,10,150,58,0.0
366,4,10,150,58,0.0
367,4,10,150,58,0.0
368,4,10,150,58,0.0
369,4,10,150,58,0.0
370,4,10,150,58,0.13479984916817475
371,4,10,150,58,0.22569563125869263
372,4,10,150,58,0.0
373,4,10,150,58,0.062173010658778456
374,4,10,150,58,0.06834943074719504
375,4,10,150,58,0.0
376,4,10,150,58,0.0
377,4,10,150,58,0.08010929472340098
378,4,10,150,58,0.16448029476168333
379,4,10,150,58,0.11339835829152477
380,4,10,150,58,0.0
381,4,10,150,58,0.05105625351125917
382,4,10,150,58,0.0
383,4,10,150,58,0.04838338183089434
384,4,10,150,58,0.0
385,4,10,150,58,0.0
386,4,10,150,58,0.0
387,4,10,150,58,0.11497906462099297
388,4,10,150,58,0.04511904280884329
389,4,10,150,58,0.12419123143547287
390,4,10,150,58,0.0
391,4,10,150,58,0.2137247802747043
392,4,10,150,58,0.0
393,4,10,150,58,0.027661957314667494
394,4,10,150,58,0.11073655428626575
395,4,10,150,58,0.04931346192675315
396,4,10,150,58,0.0
397,4,10,150,58,0.22320497122386787
398,4,10,150,58,0.18852571653533698
399,4,10,150,58,0.04732425758521323
400,4,10,150,58,0.0
401,4,10,150,58,0.0
402,4,10,150,58,0.08963222225173058
403,4,10,150,58,0.0854499779566911
404,4,10,150,58,0.0
405,4,10,150,58,0.06866642244272947
406,4,10,150,58,0.20956416940551098
407,4,10,150,58,0.04270006763257965
408,4,10,150,58,0.0
409,4,10,150,58,0.10914342353313093
410,4,10,150,58,0.0
411,4,10,150,58,0.0
412,4,10,150,58,0.0
413,4,10,150,58,0.041646268351119564
414,4,10,150,58,0.0
415,4,10,150,58,0.15103391472831218
416,4,10,150,58,0.1949190625047652
417,4,10,150,58,0.09850508837083022
418,4,10,150,58,0.0
419,4,10,150,58,0.1208113026994942
420,4,10,150,58,0.06052048269976269
421,4,10,150,58,0.15435807162450887
422,4,10,150,58,0.07550298029238112
423,4,10,150,58,0.053845569940583225
424,4,10,150,58,0.2766918177656049
425,4,10,150,58,0.1674157226455415
426,4,10,150,58,0.040759261617270684
427,4,10,150,58,0.0
428,4,10,150,58,0.04415960465480069
429,4,10,150,58,0.15032025118310488
430,4,10,150,58,0.0
431,4,10,150,58,0.0
432,4,10,150,58,0.05789711601244791
433,4,10,150,58,0.05780921899607981
434,4,10,150,58,0.20778267687568405
435,4,10,150,58,0.17602474799899806
436,4,10,150,58,0.0
437,4,10,150,58,0.09166074247719914
438,4,10,150,58,0.0
439,4,10,150,58,0.10863976191957724
440,4,10,150,58,0.0
441,4,10,150,58,0.0
442,4,10,150,58,0.040949887133979804
443,4,10,150,58,0.06783204105472322
444,4,10,150,58,0.1312721899408984
445,4,10,150,58,0.0
446,4,10,150,58,0.0
447,4,10,150,58,0.16246725303708914
448,4,10,150,58,0.0
449,4,10,150,58,0.1511226181481109
450,4,10,150,58,0.2828369564238161
451,4,10,150,58,0.06148915918944534
452,4,10,150,58,0.10773098771530253
453,4,10,150,58,0.0
454,4,10,150,58,0.0
455,4,10,150,58,0.063401477059351
456,4,10,150,58,0.018650043077523788
457,4,10,150,58,0.282690216345629
458,4,10,150,58,0.06982799741808067
459,4,10,150,58,0.0
460,4,10,150,58,0.05184030722866645
461,4,10,150,58,0.0
462,4,10,150,58,0.0
463,4,10,150,58,0.11987424504051505
464,4,10,150,58,0.0
465,4,10,150,58,0.0
466,4,10,150,58,0.0
467,4,10,150,58,0.07807600999842033
468,4,10,150,58,0.11455543964849552
469,4,10,150,58,0.05165643482805862
470,4,10,150,58,0.0
471,4,10,150,58,0.0
472,4,10,150,58,0.059378631551402404
473,4,10,150,58,0.06140244428718695
474,4,10,150,58,0.23766440090335317
475,4,10,150,58,0.0
476,4,10,150,58,0.0
477,4,10,150,58,0.0
478,4,10,150,58,0.2345109835167376
479,4,10,150,58,0.10172348796286074
480,4,10,150,58,0.0741070054529978
481,4,10,150,58,0.13102204196909084
482,4,10,150,58,0.0
483,4,10,150,58,0.05658242244874664
484,4,10,150,58,0.2723783861819967
485,4,10,150,58,0.0
486,4,10,150,58,0.0
487,4,10,150,58,0.08199193156683765
488,4,10,150,58,0.0
489,4,10,150,58,0.0
490,4,10,150,58,0.0
491,4,10,150,58,0.10497643268981144
492,4,10,150,58,0.0
493,4,10,150,58,0.1475552329391869
494,4,10,150,58,0.0
495,4,10,150,58,0.09864236150154798
496,4,10,150,58,0.047739744220948385
497,4,10,150,58,0.05057001832592956
498,4,10,150,58,0.0
499,4,10,150,58,0.05075938465928585
500,4,10,150,58,0.09541527213731128
501,4,10,150,58,0.0
502,4,10,150,58,0.0
503,4,10,150,58,0.05608659198762317
504,4,10,150,58,0.08148269775823089
505,4,10,150,58,0.07379217622092994
506,4,10,150,58,0.10550534038207493
507,4,10,150,58,0.05319635904163211
508,4,10,150,58,0.0
509,4,10,150,58,0.0
510,4,10,150,58,0.0
511,4,10,150,58,0.08495943917278885
512,4,10,150,58,0.05478392673173268
513,4,10,150,58,0.0
514,4,10,150,58,0.27252722616773445
515,4,10,150,58,0.11706259313796354
516,4,10,150,58,0.0
517,4,10,150,58,0.08878770367712427
518,4,10,150,58,0.0
519,4,10,150,58,0.0
520,4,10,150,58,0.0
521,4,10,150,58,0.09850628252086785
522,4,10,150,58,0.12524561954372188
523,4,10,150,58,0.032114893884379984
524,4,10,150,58,0.13593348159999913
525,4,10,150,58,0.0
526,4,10,150,58,0.04972780777662495
527,4,10,150,58,0.1636135858112592
528,4,10,150,58,0.10209739512291163
529,4,10,150,58,0.0
530,4,10,150,58,0.0
531,4,10,150,58,0.1517763576041802
532,4,10,150,58,0.2633677187406756
533,4,10,150,58,0.11557545112991054
534,4,10,150,58,0.1046638363823608
535,4,10,150,58,0.13889821983463596
536,4,10,150,58,0.09414825230406802
537,4,10,150,58,0.36743983369059163
538,4,10,150,58,0.14697776980950736
539,4,10,150,58,0.04478826142555715
540,4,10,150,58,0.0
541,4,10,150,58,0.04030702414138781
542,4,10,150,58,0.049033875503285806
543,4,10,150,58,0.04953295293703468
544,4,10,150,58,0.05282936728943967
545,4,10,150,58,0.02244213465825961
546,4,10,150,58,0.05758752804519195
547,4,10,150,58,0.0
548,4,10,150,58,0.1103190733436671
549,4,10,150,58,0.0
550,4,10,150,58,0.04785685030080952
551,4,10,150,58,0.08473359570971431
552,4,10,150,58,0.1205344274731702
553,4,10,150,58,0.04743759234968417
554,4,10,150,58,0.12627825946936164
555,4,10,150,58,0.0
556,4,10,150,58,0.07660623398069263
557,4,10,150,58,0.031742154565302834
558,4,10,150,58,0.08878770367712427
559,4,10,150,58,0.04366879852493834
560,4,10,150,58,0.09375790921485552
561,4,10,150,58,0.08448612875474393
562,4,10,150,58,0.053882237000818504
563,4,10,150,58,0.0
564,4,10,150,58,0.08498983725535779
565,4,10,150,58,0.0
566,4,10,150,58,0.03579489106983033
567,4,10,150,58,0.1471381878632886
568,4,10,150,58,0.036155150901276155
569,4,10,150,58,0.18299769260789403
570,4,10,150,58,0.0
571,4,10,150,58,0.0
572,4,10,150,58,0.16812753627111746
573,4,10,150,58,0.06437746926759551
574,4,10,150,58,0.051811563545175146
575,4,10,150,58,0.0
576,4,10,150,58,0.0
577,4,10,150,58,0.20541190363713152
578,4,10,150,58,0.0
579,4,10,150,58,0.0
580,4,10,150,58,0.12128674553236206
581,4,10,150,58,0.05276490902632437
582,4,10,150,58,0.03190895161277091
583,4,10,150,58,0.0
584,4,10,150,58,0.06323567569191428
585,4,10,150,58,0.04173963774222741
586,4,10,150,58,0.05786021189691368
587,4,10,150,58,0.0
588,4,10,150,58,0.13560342958033234
589,4,10,150,58,0.0
590,4,10,150,58,0.053845569940583225
591,4,10,150,58,0.0
592,4,10,150,58,0.3502919878613671
593,4,10,150,58,0.07711036365720102
594,4,10,150,58,0.0
595,4,10,150,58,0.10296141646738245
596,4,10,150,58,0.0
597,4,10,150,58,0.27101620591530523
598,4,10,150,58,0.0684591776394769
599,4,10,150,58,0.0
600,4,10,150,58,0.09197011795311534
601,4,10,150,58,0.0
602,4,10,150,58,0.0
603,4,10,150,58,0.0
604,4,10,150,58,0.0
605,4,10,150,58,0.23939908411991156
606,4,10,150,58,0.14995431516032265
607,4,10,150,58,0.08673473912838402
608,4,10,150,58,0.09072059226435805
609,4,10,150,58,0.0
610,4,10,150,58,0.19303241878686786
611,4,10,150,58,0.07624568872860434
612,4,10,150,58,0.0
613,4,10,150,58,0.08385150490449667
614,4,10,150,58,0.0
615,4,10,150,58,0.04919117729584568
616,4,10,150,58,0.03618657486793958
617,4,10,150,58,0.0
618,4,10,150,58,0.1281253572826617
619,4,10,150,58,0.12363660028711727
620,4,10,150,58,0.14012037550990028
621,4,10,150,58,0.11278207190006835
622,4,10,150,58,0.18142987465296662
623,4,10,150,58,0.17494254380936963
624,4,10,150,58,0.06626749824739844
625,4,10,150,58,0.0
626,4,10,150,58,0.06228974831361337
627,4,10,150,58,0.06945233499530101
628,4,10,150,58,0.0
629,4,10,150,58,0.14360653209080107
630,4,10,150,58,0.15874779570678058
631,4,10,150,58,0.0
632,4,10,150,58,0.12112269717167994
633,4,10,150,58,0.11499138576948859
634,4,10,150,58,0.022104381789790163
635,4,10,150,58,0.04546401530948942
636,4,10,150,58,0.06364028872631156
637,4,10,150,58,0.01928973283308616
638,4,10,150,58,0.09712868482236708
639,4,10,150,58,0.016417578556357865
640,4,10,150,58,0.08728477671007713
641,4,10,150,58,0.07675099783970546
642,4,10,150,58,0.13323682213136998
643,4,10,150,58,0.11333279942729492
644,4,10,150,58,0.04935421935348238
645,4,10,150,58,0.16158259063789654
646,4,10,150,58,0.0
647,4,10,150,58,0.030218457878623886
648,4,10,150,58,0.13967977484992164
649,4,10,150,58,0.15489949502599
650,4,10,150,58,0.061373436831870326
651,4,10,150,58,0.0
652,4,10,150,58,0.08156220960446063
653,4,10,150,58,0.1153666012209942
654,4,10,150,58,0.21255442687635834
655,4,10,150,58,0.1398978126264982
656,4,10,150,58,0.07397229644086958
657,4,10,150,58,0.0
658,4,10,150,58,0.2625403796417579
659,4,10,150,58,0.08781544355121487
660,4,10,150,58,0.03965485437391095
661,4,10,150,58,0.08605775303302886
662,4,10,150,58,0.0512644431393966
663,4,10,150,58,0.24026856780584893
664,4,10,150,58,0.28517362059082263
665,4,10,150,58,0.0
666,4,10,150,58,0.20275025849477468
667,4,10,150,58,0.28468511714771283
668,4,10,150,58,0.06194403202282284
669,4,10,150,58,0.1348578320198433
670,4,10,150,58,0.06613087842005526
671,4,10,150,58,0.1607186693017089
672,4,10,150,58,0.0
673,4,10,150,58,0.14837758007547783
674,4,10,150,58,0.11338915993603582
675,4,10,150,58,0.0
676,4,10,150,58,0.16684180252782607
677,4,10,150,58,0.03314040476303028
678,4,10,150,58,0.03824432123396675
679,4,10,150,58,0.15527711509166947
680,4,10,150,58,0.11377863936243801
681,4,10,150,58,0.0
682,4,10,150,58,0.1393076101418525
683,4,10,150,58,0.0
684,4,10,150,58,0.06573003977381581
685,4,10,150,58,0.1906465758273748
686,4,10,150,58,0.07277260183012466
687,4,10,150,58,0.0
688,4,10,150,58,0.0
689,4,10,150,58,0.18098128360653137
690,4,10,150,58,0.07914701567910001
691,4,10,150,58,0.09842092178212862
692,4,10,150,58,0.12090042896411356
693,4,10,150,58,0.0
694,4,10,150,58,0.19133517262280883
695,4,10,150,58,0.0
696,4,10,150,58,0.039725595076707886
697,4,10,150,58,0.04239477130634912
698,4,10,150,58,0.041937660325009396
699,4,10,150,58,0.050296301412810544
700,4,10,150,58,0.12729890218214104
701,4,10,150,58,0.0
702,4,10,150,58,0.037715680681715956
703,4,10,150,58,0.11918688501400482
704,4,10,150,58,0.21717049343670972
705,4,10,150,58,0.16817244731511605
706,4,10,150,58,0.04395738023645723
707,4,10,150,58,0.03193248988279382
708,4,10,150,58,0.07186325791519563
709,4,10,150,58,0.13472082394875662
710,4,10,150,58,0.10695361352497157
711,4,10,150,58,0.1647623444862376
712,4,10,150,58,0.15511023313323485
713,4,10,150,58,0.1468735732232516
714,4,10,150,58,0.03441184191455828
715,4,10,150,58,0.0
716,4,10,150,58,0.250202213953641
717,4,10,150,58,0.09054670163637572
718,4,10,150,58,0.035328385129692476
719,4,10,150,58,0.09883437846193516
720,4,10,150,58,0.0
721,4,10,150,58,0.1626199557578681
722,4,10,150,58,0.06556429791586475
723,4,10,150,58,0.0
724,4,10,150,58,0.0
725,4,10,150,58,0.0
726,4,10,150,58,0.05010834716923557
727,4,10,150,58,0.15026224238211044
728,4,10,150,58,0.09627818061559096
729,4,10,150,58,0.0
730,4,10,150,58,0.02601736765943984
731,4,10,150,58,0.13032711631493252
732,4,10,150,58,0.0
733,4,10,150,58,0.14514596345398123
734,4,10,150,58,0.0
735,4,10,150,58,0.0
736,4,10,150,58,0.03351972906068008
737,4,10,150,58,0.1138970555583582
738,4,10,150,58,0.13922998739868644
739,4,10,150,58,0.03855307727568851
740,4,10,150,58,0.0
741,4,10,150,58,0.05358697798864893
742,4,10,150,58,0.0488929053971083
743,4,10,150,58,0.0690623255281084
744,4,10,150,58,0.03596673601130318
745,4,10,150,58,0.03520132288421838
746,4,10,150,58,0.23491487959421534
747,4,10,150,58,0.4244903564503571
748,4,10,150,58,0.09621648119325965
749,4,10,150,58,0.14693619011434889
750,4,10,150,58,0.041278922835426404
751,4,10,150,58,0.09012654805153156
752,4,10,150,58,0.023242424817620892
753,4,10,150,58,0.15780803084928155
754,4,10,150,58,0.0
755,4,10,150,58,0.03855371268423985
756,4,10,150,58,0.031104745345423533
757,4,10,150,58,0.0
758,4,10,150,58,0.27555071938288617
759,4,10,150,58,0.08145040004058159
760,4,10,150,58,0.0
761,4,10,150,58,0.06869287000000811
762,4,10,150,58,0.051960280791503534
763,4,10,150,58,0.04542386553984721
764,4,10,150,58,0.08946696896639536
765,4,10,150,58,0.15066101840234988
766,4,10,150,58,0.024946555997670643
767,4,10,150,58,0.10635849541123835
768,4,10,150,58,0.08438032815655525
769,4,10,150,58,0.0
770,4,10,150,58,0.21464739068424896
771,4,10,150,58,0.2872791742076055
772,4,10,150,58,0.13108008489890782
773,4,10,150,58,0.09410114804695073
774,4,10,150,58,0.06672056930010757
775,4,10,150,58,0.0
776,4,10,150,58,0.138487812915294
777,4,10,150,58,0.0
778,4,10,150,58,0.1631238413472767
779,4,10,150,58,0.0
780,4,10,150,58,0.053423533096188754
781,4,10,150,58,0.2016539629141292
782,4,10,150,58,0.04601860115104822
783,4,10,150,58,0.0
784,4,10,150,58,0.0
785,4,10,150,58,0.0
786,4,10,150,58,0.0
787,4,10,150,58,0.0
788,4,10,150,58,0.26925347246490305
789,4,10,150,58,0.08809718769055445
790,4,10,150,58,0.0
791,4,10,150,58,0.04465281017341861
792,4,10,150,58,0.06658592494149675
793,4,10,150,58,0.0
794,4,10,150,58,0.04108065887337468
795,4,10,150,58,0.01260828454428165
796,4,10,150,58,0.37592353977690124
797,4,10,150,58,0.11278903329502893
798,4,10,150,58,0.04418643137397952
799,4,10,150,58,0.0
800,4,10,150,58,0.03244993904038569
801,4,10,150,58,0.1561471668577559
802,4,10,150,58,0.06960082070980815
803,4,10,150,58,0.10569353498973794
804,4,10,150,58,0.14344139756849736
805,4,10,150,58,0.11415007918170741
806,4,10,150,58,0.2959152150106387
807,4,10,150,58,0.10276059256708464
808,4,10,150,58,0.1025417224926713
809,4,10,150,58,0.05234104579082298
810,4,10,150,58,0.0
811,4,10,150,58,0.0
812,4,10,150,58,0.0
813,4,10,150,58,0.0
814,4,10,150,58,0.034616222155696735
815,4,10,150,58,0.2293766289918466
816,4,10,150,58,0.0
817,4,10,150,58,0.0
818,4,10,150,58,0.05516788910004661
819,4,10,150,58,0.037210602758860095
820,4,10,150,58,0.0
821,4,10,150,58,0.302950268110492
822,4,10,150,58,0.0
823,4,10,150,58,0.19652044940482494
824,4,10,150,58,0.05046096657376444
825,4,10,150,58,0.08238190489603152
826,4,10,150,58,0.14101060791647543
827,4,10,150,58,0.0
828,4,10,150,58,0.05745618865524075
829,4,10,150,58,0.1751347628439014
830,4,10,150,58,0.17854437265047174
831,4,10,150,58,0.21058943716644085
832,4,10,150,58,0.0
833,4,10,150,58,0.18319100767240223
834,4,10,150,58,0.2706897351446418
835,4,10,150,58,0.13993736621795813
836,4,10,150,58,0.17832202911372014
837,4,10,150,58,0.05665916465450996
838,4,10,150,58,0.2625760940203853
839,4,10,150,58,0.08633834411059861
840,4,10,150,58,0.3111542020154404
841,4,10,150,58,0.06507217400164225
842,4,10,150,58,0.0
843,4,10,150,58,0.0
844,4,10,150,58,0.05872188515498603
845,4,10,150,58,0.0
846,4,10,150,58,0.34530102329397766
847,4,10,150,58,0.05760728160181008
848,4,10,150,58,0.04943864001493222
849,4,10,150,58,0.0419387969316025
850,4,10,150,58,0.2721744638560368
851,4,10,150,58,0.062193105403096825
852,4,10,150,58,0.26227118260874954
853,4,10,150,58,0.0
854,4,10,150,58,0.0
855,4,10,150,58,0.0
856,4,10,150,58,0.0
857,4,10,150,58,0.0
858,4,10,150,58,0.10250982096838526
859,4,10,150,58,0.05070263548706836
860,4,10,150,58,0.09127407611611123
861,4,10,150,58,0.06460834446248033
862,4,10,150,58,0.11281968799585004
863,4,10,150,58,0.06336841123297353
864,4,10,150,58,0.4349396736690739
865,4,10,150,58,0.07803010102565
866,4,10,150,58,0.16283687678415507
867,4,10,150,58,0.17207691146483065
868,4,10,150,58,0.24329891779120771
869,4,10,150,58,0.0587446084443979
870,4,10,150,58,0.2865596019421402
871,4,10,150,58,0.07012986265386374
872,4,10,150,58,0.02804794621397926
873,4,10,150,58,0.0
874,4,10,150,58,0.13944914190808633
875,4,10,150,58,0.11729943308729383
876,4,10,150,58,0.08671382849411972
877,4,10,150,58,0.0835317778614811
878,4,10,150,58,0.1706804422753891
879,4,10,150,58,0.03963466998423315
880,4,10,150,58,0.38078145366646116
881,4,10,150,58,0.11061631998968674
882,4,10,150,58,0.2009373068178177
883,4,10,150,58,0.33839467159409664
884,4,10,150,58,0.09113547509404434
885,4,10,150,58,0.04536087033637415
886,4,10,150,58,0.1966229981556732
887,4,10,150,58,0.10919088702949581
888,4,10,150,58,0.11625487663628292
889,4,10,150,58,0.012226747442460245
890,4,10,150,58,0.10173069261008777
891,4,10,150,58,0.10491091696774645
892,4,10,150,58,0.25891855658661317
893,4,10,150,58,0.10869735563398858
894,4,10,150,58,0.11517907872246143
895,4,10,150,58,0.0
896,4,10,150,58,0.3282596309182152
897,4,10,150,58,0.29639464323874937
898,4,10,150,58,0.0
899,4,10,150,58,0.05952399680210957
900,4,10,150,58,0.055315677011973347
901,4,10,150,58,0.18132668514654882
902,4,10,150,58,0.05978585424799658
903,4,10,150,58,0.22064009608539073
904,4,10,150,58,0.0
905,4,10,150,58,0.0
906,4,10,150,58,0.10407444169186962
907,4,10,150,58,0.031742806389256244
908,4,10,150,58,0.06892767477436933
909,4,10,150,58,0.0
910,4,10,150,58,0.0
911,4,10,150,58,0.13243052909755645
912,4,10,150,58,0.15575097056245804
913,4,10,150,58,0.07219927248779984
914,4,10,150,58,0.0
915,4,10,150,58,0.0
916,4,10,150,58,0.268927075068186
917,4,10,150,58,0.0
918,4,10,150,58,0.043627084055128
919,4,10,150,58,0.10777421121205435
920,4,10,150,58,0.0
921,4,10,150,58,0.15405864814296488
922,4,10,150,58,0.1280645281724967
923,4,10,150,58,0.02142307850464013
924,4,10,150,58,0.018280262702529162
925,4,10,150,58,0.0
926,4,10,150,58,0.0
927,4,10,150,58,0.04499596683729014
928,4,10,150,58,0.1482972305701491
929,4,10,150,58,0.25163227912988373
930,4,10,150,58,0.032298243696638564
931,4,10,150,58,0.08679587898287541
932,4,10,150,58,0.2687944782542465
933,4,10,150,58,0.06482780534777928
934,4,10,150,58,0.10190445712011939
935,4,10,150,58,0.04173963774222741
936,4,10,150,58,0.1321191921354211
937,4,10,150,58,0.0
938,4,10,150,58,0.1482741018676109
939,4,10,150,58,0.02916862694666808
940,4,10,150,58,0.050684733114198
941,4,10,150,58,0.0
942,4,10,150,58,0.10504870308911567
943,4,10,150,58,0.20163692230838232
1,4,10,150,59,0.4058715898896693
2,4,10,150,59,0.06250343848035038
3,4,10,150,59,0.0
4,4,10,150,59,0.0
5,4,10,150,59,0.040209635547393256
6,4,10,150,59,0.27020011346731576
7,4,10,150,59,0.29136519416833906
8,4,10,150,59,0.0
9,4,10,150,59,0.21840743681816419
10,4,10,150,59,0.18761894776868226
11,4,10,150,59,0.1722584975122812
12,4,10,150,59,0.0
13,4,10,150,59,0.2552786847354804
14,4,10,150,59,0.0
15,4,10,150,59,0.05010834716923557
16,4,10,150,59,0.053168340515114924
17,4,10,150,59,0.0
18,4,10,150,59,0.24724966735366713
19,4,10,150,59,0.0
20,4,10,150,59,0.0
21,4,10,150,59,0.0
22,4,10,150,59,0.11702382382650763
23,4,10,150,59,0.23682446174402746
24,4,10,150,59,0.0
25,4,10,150,59,0.12358102547512423
26,4,10,150,59,0.0
27,4,10,150,59,0.0
28,4,10,150,59,0.0
29,4,10,150,59,0.13455232720853103
30,4,10,150,59,0.0
31,4,10,150,59,0.0
32,4,10,150,59,0.0
33,4,10,150,59,0.0
35,4,10,150,59,0.10523285614729473
36,4,10,150,59,0.0
37,4,10,150,59,0.0
38,4,10,150,59,0.04739418218477539
39,4,10,150,59,0.0
40,4,10,150,59,0.10558114683788161
41,4,10,150,59,0.0
42,4,10,150,59,0.0683037314796457
43,4,10,150,59,0.22592974817952552
44,4,10,150,59,0.2044921015662719
45,4,10,150,59,0.05200670101006268
46,4,10,150,59,0.11284514134893527
47,4,10,150,59,0.06250343848035038
48,4,10,150,59,0.0
49,4,10,150,59,0.0
50,4,10,150,59,0.0
51,4,10,150,59,0.16812753627111746
52,4,10,150,59,0.0
54,4,10,150,59,0.0
56,4,10,150,59,0.20383503459815738
57,4,10,150,59,0.3030555992505742
58,4,10,150,59,0.3717269535737058
59,4,10,150,59,0.2378606442039324
60,4,10,150,59,0.1505674224523334
61,4,10,150,59,0.0
62,4,10,150,59,0.08314631791322982
63,4,10,150,59,0.0
64,4,10,150,59,0.04238468688770069
65,4,10,150,59,0.13012668333070054
66,4,10,150,59,0.0
67,4,10,150,59,0.0
68,4,10,150,59,0.4827392464262081
69,4,10,150,59,0.07673373981757839
70,4,10,150,59,0.0
71,4,10,150,59,0.0
72,4,10,150,59,0.0
73,4,10,150,59,0.0
74,4,10,150,59,0.0
75,4,10,150,59,0.049432410190049694
76,4,10,150,59,0.1301464707340554
77,4,10,150,59,0.10201115106436301
78,4,10,150,59,0.0
79,4,10,150,59,0.27487633291429087
80,4,10,150,59,0.0
81,4,10,150,59,0.0
82,4,10,150,59,0.19298623480417013
83,4,10,150,59,0.12089611529519323
84,4,10,150,59,0.05034889199379723
85,4,10,150,59,0.0
87,4,10,150,59,0.07100089300395272
89,4,10,150,59,0.2553387838830436
90,4,10,150,59,0.04275570647343925
91,4,10,150,59,0.05648147012627732
92,4,10,150,59,0.10542637391232386
93,4,10,150,59,0.0
94,4,10,150,59,0.10584596736853813
95,4,10,150,59,0.17287436926807473
96,4,10,150,59,0.0
97,4,10,150,59,0.06462745615384195
98,4,10,150,59,0.0930297504356062
99,4,10,150,59,0.05658242244874664
100,4,10,150,59,0.0
101,4,10,150,59,0.0
102,4,10,150,59,0.02424726876918863
103,4,10,150,59,0.0
104,4,10,150,59,0.0
105,4,10,150,59,0.0
106,4,10,150,59,0.0
107,4,10,150,59,0.0
108,4,10,150,59,0.0
109,4,10,150,59,0.07103066762111539
110,4,10,150,59,0.0
111,4,10,150,59,0.0
112,4,10,150,59,0.05685954565780693
113,4,10,150,59,0.053168340515114924
114,4,10,150,59,0.0
115,4,10,150,59,0.10684080426179023
116,4,10,150,59,0.0
117,4,10,150,59,0.26646890433550474
118,4,10,150,59,0.0
119,4,10,150,59,0.2063582228182277
120,4,10,150,59,0.0
121,4,10,150,59,0.271985059917519
122,4,10,150,59,0.1530100230930498
123,4,10,150,59,0.07386004580671933
125,4,10,150,59,0.12702645795516354
126,4,10,150,59,0.06911917000496234
127,4,10,150,59,0.10253313861822189
128,4,10,150,59,0.05750548798281727
129,4,10,150,59,0.0
130,4,10,150,59,0.16099269493775217
131,4,10,150,59,0.0
133,4,10,150,59,0.11047239495909743
134,4,10,150,59,0.0
135,4,10,150,59,0.0
137,4,10,150,59,0.1371200812351206
138,4,10,150,59,0.0
139,4,10,150,59,0.0
141,4,10,150,59,0.0
142,4,10,150,59,0.13373003436102654
143,4,10,150,59,0.1208996448617798
144,4,10,150,59,0.1227945149537572
145,4,10,150,59,0.08829985348038716
146,4,10,150,59,0.0
148,4,10,150,59,0.054181637470214
149,4,10,150,59,0.0
150,4,10,150,59,0.10235170428306553
151,4,10,150,59,0.06298430394440727
152,4,10,150,59,0.040655755922716606
153,4,10,150,59,0.0
154,4,10,150,59,0.06372882143962796
155,4,10,150,59,0.0
156,4,10,150,59,0.0
158,4,10,150,59,0.17575552384613552
159,4,10,150,59,0.0
160,4,10,150,59,0.0
161,4,10,150,59,0.0
162,4,10,150,59,0.0
163,4,10,150,59,0.0
164,4,10,150,59,0.0
165,4,10,150,59,0.12114889742360979
166,4,10,150,59,0.0
167,4,10,150,59,0.0
168,4,10,150,59,0.23504554941448536
169,4,10,150,59,0.06416923277158361
170,4,10,150,59,0.0
171,4,10,150,59,0.0
172,4,10,150,59,0.0
173,4,10,150,59,0.05840183867278569
174,4,10,150,59,0.060961917527339995
175,4,10,150,59,0.0
176,4,10,150,59,0.09511409151391914
177,4,10,150,59,0.06912040963822193
178,4,10,150,59,0.2437589399037192
179,4,10,150,59,0.06723507268634088
180,4,10,150,59,0.12262943855309168
181,4,10,150,59,0.01719677167528726
182,4,10,150,59,0.0
183,4,10,150,59,0.0
184,4,10,150,59,0.09303069037986347
185,4,10,150,59,0.07745351606183934
186,4,10,150,59,0.22147164648185297
187,4,10,150,59,0.08625091781054979
188,4,10,150,59,0.054384419234677496
189,4,10,150,59,0.2089531400761587
190,4,10,150,59,0.10699313236726378
191,4,10,150,59,0.0
192,4,10,150,59,0.0
193,4,10,150,59,0.0
194,4,10,150,59,0.020323217806223443
195,4,10,150,59,0.0
196,4,10,150,59,0.0
197,4,10,150,59,0.05576624569167862
198,4,10,150,59,0.0
199,4,10,150,59,0.0
200,4,10,150,59,0.11302970636219896
201,4,10,150,59,0.03487978243545732
203,4,10,150,59,0.0
204,4,10,150,59,0.0
205,4,10,150,59,0.0
206,4,10,150,59,0.0
207,4,10,150,59,0.050513241088636716
209,4,10,150,59,0.0
210,4,10,150,59,0.09440608278107551
211,4,10,150,59,0.0
212,4,10,150,59,0.12681701683239352
213,4,10,150,59,0.2384146878320104
214,4,10,150,59,0.056720838976548935
215,4,10,150,59,0.0
216,4,10,150,59,0.03497205398870122
217,4,10,150,59,0.0
218,4,10,150,59,0.19092086617893467
219,4,10,150,59,0.0
221,4,10,150,59,0.3375735570145491
222,4,10,150,59,0.12476107276951183
223,4,10,150,59,0.03870447337439288
224,4,10,150,59,0.0
225,4,10,150,59,0.0
226,4,10,150,59,0.08080765379783027
227,4,10,150,59,0.0
228,4,10,150,59,0.0
229,4,10,150,59,0.0
230,4,10,150,59,0.23712439662683835
231,4,10,150,59,0.0
232,4,10,150,59,0.3234992853586256
233,4,10,150,59,0.0968152409481219
234,4,10,150,59,0.06411917231744522
235,4,10,150,59,0.06065881345112158
236,4,10,150,59,0.0
237,4,10,150,59,0.0
238,4,10,150,59,0.0
239,4,10,150,59,0.08989646527561479
240,4,10,150,59,0.05497526658285817
242,4,10,150,59,0.0
243,4,10,150,59,0.09267768927614353
244,4,10,150,59,0.15765545519871427
245,4,10,150,59,0.10704534003732354
246,4,10,150,59,0.08041927109478651
247,4,10,150,59,0.0
248,4,10,150,59,0.14830051302014485
249,4,10,150,59,0.28358055700477847
250,4,10,150,59,0.3503302816689379
251,4,10,150,59,0.0
252,4,10,150,59,0.0
253,4,10,150,59,0.05954496680255472
254,4,10,150,59,0.0
255,4,10,150,59,0.0
256,4,10,150,59,0.16583176898817792
257,4,10,150,59,0.3305900772260718
258,4,10,150,59,0.0
259,4,10,150,59,0.0
260,4,10,150,59,0.0
261,4,10,150,59,0.0
262,4,10,150,59,0.0
263,4,10,150,59,0.12774011823457565
264,4,10,150,59,0.05840183867278569
265,4,10,150,59,0.10209739512291163
267,4,10,150,59,0.09794101962538232
268,4,10,150,59,0.07635205355386199
269,4,10,150,59,0.13223875150584097
270,4,10,150,59,0.046726672111120165
271,4,10,150,59,0.12276482551434069
272,4,10,150,59,0.14498698048571354
273,4,10,150,59,0.0
274,4,10,150,59,0.0
275,4,10,150,59,0.04605780568615433
276,4,10,150,59,0.18784639929386426
277,4,10,150,59,0.0
279,4,10,150,59,0.06493409231178052
280,4,10,150,59,0.03337620304869898
281,4,10,150,59,0.0
283,4,10,150,59,0.1292258709239571
284,4,10,150,59,0.0
285,4,10,150,59,0.1185995982858366
286,4,10,150,59,0.3005968627632655
287,4,10,150,59,0.06364028872631156
288,4,10,150,59,0.12538054736008386
289,4,10,150,59,0.13905617951077562
290,4,10,150,59,0.0
291,4,10,150,59,0.23494592513118112
292,4,10,150,59,0.08933583385868532
293,4,10,150,59,0.10795785893996995
294,4,10,150,59,0.04123398036294628
295,4,10,150,59,0.2670961153715764
296,4,10,150,59,0.47774763069170006
297,4,10,150,59,0.13535082686131417
298,4,10,150,59,0.19947114504638494
299,4,10,150,59,0.0
300,4,10,150,59,0.0
301,4,10,150,59,0.047934103497110726
303,4,10,150,59,0.09234081574188174
304,4,10,150,59,0.0
305,4,10,150,59,0.31514747987601716
306,4,10,150,59,0.0
307,4,10,150,59,0.1383141340724969
308,4,10,150,59,0.19205342317019936
309,4,10,150,59,0.0
310,4,10,150,59,0.0
311,4,10,150,59,0.08938791352906189
312,4,10,150,59,0.09804650712627644
313,4,10,150,59,0.14465709645474623
314,4,10,150,59,0.20285519102295546
315,4,10,150,59,0.0
316,4,10,150,59,0.04568304891751105
317,4,10,150,59,0.0
318,4,10,150,59,0.10118786565551004
319,4,10,150,59,0.0
320,4,10,150,59,0.0
321,4,10,150,59,0.062242588308449316
322,4,10,150,59,0.17342765698823945
323,4,10,150,59,0.14126697285982898
324,4,10,150,59,0.0
325,4,10,150,59,0.0
326,4,10,150,59,0.0634222181618871
327,4,10,150,59,0.0
328,4,10,150,59,0.1437524526514495
329,4,10,150,59,0.0
330,4,10,150,59,0.0536466452928127
331,4,10,150,59,0.16958010263680806
332,4,10,150,59,0.024647523009140075
333,4,10,150,59,0.0
334,4,10,150,59,0.07058424671826317
336,4,10,150,59,0.0
337,4,10,150,59,0.16716045496620227
338,4,10,150,59,0.05005165434923901
339,4,10,150,59,0.06608282041002614
340,4,10,150,59,0.0
341,4,10,150,59,0.0
342,4,10,150,59,0.2625072992734236
343,4,10,150,59,0.28732332399638805
344,4,10,150,59,0.23832550406045652
345,4,10,150,59,0.056149696530797676
346,4,10,150,59,0.13947804593499064
347,4,10,150,59,0.08705643551438974
348,4,10,150,59,0.071942683897578
349,4,10,150,59,0.07673373981757839
350,4,10,150,59,0.14102577978634634
351,4,10,150,59,0.0
352,4,10,150,59,0.0
353,4,10,150,59,0.0
354,4,10,150,59,0.051249224710132255
355,4,10,150,59,0.0
356,4,10,150,59,0.08406376813555873
357,4,10,150,59,0.0
358,4,10,150,59,0.20438239758848611
359,4,10,150,59,0.0
360,4,10,150,59,0.06752012359727312
361,4,10,150,59,0.09622728274290568
362,4,10,150,59,0.0
363,4,10,150,59,0.1803013146105011
364,4,10,150,59,0.0
365,4,10,150,59,0.0
366,4,10,150,59,0.0
367,4,10,150,59,0.0
368,4,10,150,59,0.0
369,4,10,150,59,0.0
370,4,10,150,59,0.13479984916817475
371,4,10,150,59,0.22569563125869263
372,4,10,150,59,0.0
373,4,10,150,59,0.062173010658778456
374,4,10,150,59,0.06834943074719504
375,4,10,150,59,0.0
376,4,10,150,59,0.0
377,4,10,150,59,0.08010929472340098
378,4,10,150,59,0.16448029476168333
379,4,10,150,59,0.11339835829152477
380,4,10,150,59,0.0
381,4,10,150,59,0.05105625351125917
382,4,10,150,59,0.0
383,4,10,150,59,0.04838338183089434
384,4,10,150,59,0.0
385,4,10,150,59,0.0
386,4,10,150,59,0.0
387,4,10,150,59,0.11497906462099297
388,4,10,150,59,0.04511904280884329
389,4,10,150,59,0.14120339070995014
390,4,10,150,59,0.0
391,4,10,150,59,0.2137247802747043
392,4,10,150,59,0.0
393,4,10,150,59,0.027661957314667494
394,4,10,150,59,0.11073655428626575
395,4,10,150,59,0.04931346192675315
396,4,10,150,59,0.0
397,4,10,150,59,0.24725147036493156
398,4,10,150,59,0.18852571653533698
399,4,10,150,59,0.04732425758521323
400,4,10,150,59,0.0
401,4,10,150,59,0.0
402,4,10,150,59,0.08963222225173058
403,4,10,150,59,0.0854499779566911
404,4,10,150,59,0.0
405,4,10,150,59,0.06786183254449064
406,4,10,150,59,0.20956416940551098
407,4,10,150,59,0.04270006763257965
408,4,10,150,59,0.0
409,4,10,150,59,0.10914342353313093
410,4,10,150,59,0.0
411,4,10,150,59,0.0
412,4,10,150,59,0.0
413,4,10,150,59,0.041646268351119564
414,4,10,150,59,0.0
415,4,10,150,59,0.15103391472831218
416,4,10,150,59,0.1949190625047652
417,4,10,150,59,0.09850508837083022
418,4,10,150,59,0.0
419,4,10,150,59,0.1208113026994942
420,4,10,150,59,0.06052048269976269
421,4,10,150,59,0.15435807162450887
422,4,10,150,59,0.07550298029238112
423,4,10,150,59,0.053845569940583225
424,4,10,150,59,0.2766918177656049
425,4,10,150,59,0.1674157226455415
426,4,10,150,59,0.040759261617270684
427,4,10,150,59,0.0
428,4,10,150,59,0.04415960465480069
429,4,10,150,59,0.14855889313793333
430,4,10,150,59,0.0
431,4,10,150,59,0.0
432,4,10,150,59,0.05789711601244791
433,4,10,150,59,0.05780921899607981
434,4,10,150,59,0.20778267687568405
435,4,10,150,59,0.17396220084652114
436,4,10,150,59,0.0
437,4,10,150,59,0.10867290175167639
438,4,10,150,59,0.0
439,4,10,150,59,0.10863976191957724
440,4,10,150,59,0.0
441,4,10,150,59,0.0
442,4,10,150,59,0.040949887133979804
443,4,10,150,59,0.06783204105472322
444,4,10,150,59,0.1312721899408984
445,4,10,150,59,0.0
446,4,10,150,59,0.0
447,4,10,150,59,0.16246725303708914
448,4,10,150,59,0.0
449,4,10,150,59,0.1511226181481109
450,4,10,150,59,0.27952285107375197
451,4,10,150,59,0.06148915918944534
452,4,10,150,59,0.10773098771530253
453,4,10,150,59,0.0
454,4,10,150,59,0.0
455,4,10,150,59,0.063401477059351
456,4,10,150,59,0.018650043077523788
457,4,10,150,59,0.282690216345629
458,4,10,150,59,0.06982799741808067
459,4,10,150,59,0.0
460,4,10,150,59,0.05184030722866645
461,4,10,150,59,0.0
462,4,10,150,59,0.0
463,4,10,150,59,0.11987424504051505
464,4,10,150,59,0.0
465,4,10,150,59,0.0
466,4,10,150,59,0.0
467,4,10,150,59,0.07807600999842033
468,4,10,150,59,0.11455543964849552
469,4,10,150,59,0.05165643482805862
470,4,10,150,59,0.0
471,4,10,150,59,0.0
472,4,10,150,59,0.059378631551402404
473,4,10,150,59,0.06140244428718695
474,4,10,150,59,0.2348795991132598
475,4,10,150,59,0.0
476,4,10,150,59,0.0
477,4,10,150,59,0.0
478,4,10,150,59,0.2345109835167376
479,4,10,150,59,0.10172348796286074
480,4,10,150,59,0.0741070054529978
481,4,10,150,59,0.13102204196909084
482,4,10,150,59,0.0
483,4,10,150,59,0.05658242244874664
484,4,10,150,59,0.2723783861819967
485,4,10,150,59,0.0
486,4,10,150,59,0.0
487,4,10,150,59,0.08199193156683765
488,4,10,150,59,0.0
489,4,10,150,59,0.0
490,4,10,150,59,0.0
491,4,10,150,59,0.10497643268981144
492,4,10,150,59,0.0
493,4,10,150,59,0.1475552329391869
494,4,10,150,59,0.0
495,4,10,150,59,0.09864236150154798
496,4,10,150,59,0.047739744220948385
497,4,10,150,59,0.05057001832592956
498,4,10,150,59,0.0
499,4,10,150,59,0.05075938465928585
500,4,10,150,59,0.09541527213731128
501,4,10,150,59,0.0
502,4,10,150,59,0.0
503,4,10,150,59,0.05608659198762317
504,4,10,150,59,0.08148269775823089
505,4,10,150,59,0.07379217622092994
506,4,10,150,59,0.10550534038207493
507,4,10,150,59,0.05319635904163211
508,4,10,150,59,0.0
509,4,10,150,59,0.0
510,4,10,150,59,0.0
511,4,10,150,59,0.08495943917278885
512,4,10,150,59,0.05478392673173268
513,4,10,150,59,0.0
514,4,10,150,59,0.27252722616773445
515,4,10,150,59,0.11706259313796354
516,4,10,150,59,0.0
517,4,10,150,59,0.08878770367712427
518,4,10,150,59,0.0
519,4,10,150,59,0.0
520,4,10,150,59,0.0
521,4,10,150,59,0.09850628252086785
522,4,10,150,59,0.12524561954372188
523,4,10,150,59,0.032114893884379984
524,4,10,150,59,0.1343406986613072
525,4,10,150,59,0.0
526,4,10,150,59,0.04972780777662495
527,4,10,150,59,0.1636135858112592
528,4,10,150,59,0.10209739512291163
529,4,10,150,59,0.0
530,4,10,150,59,0.0
531,4,10,150,59,0.1517763576041802
532,4,10,150,59,0.2633677187406756
533,4,10,150,59,0.11557545112991054
534,4,10,150,59,0.1046638363823608
535,4,10,150,59,0.13889821983463596
536,4,10,150,59,0.09414825230406802
537,4,10,150,59,0.3631344051000083
538,4,10,150,59,0.14697776980950736
539,4,10,150,59,0.04478826142555715
540,4,10,150,59,0.0
541,4,10,150,59,0.04030702414138781
542,4,10,150,59,0.049033875503285806
543,4,10,150,59,0.04953295293703468
544,4,10,150,59,0.05282936728943967
545,4,10,150,59,0.02244213465825961
546,4,10,150,59,0.05758752804519195
547,4,10,150,59,0.0
548,4,10,150,59,0.1103190733436671
549,4,10,150,59,0.0
550,4,10,150,59,0.04785685030080952
551,4,10,150,59,0.08374074079279549
552,4,10,150,59,0.1205344274731702
553,4,10,150,59,0.07411563356774664
554,4,10,150,59,0.12627825946936164
555,4,10,150,59,0.0
556,4,10,150,59,0.07660623398069263
557,4,10,150,59,0.031742154565302834
558,4,10,150,59,0.08878770367712427
559,4,10,150,59,0.04366879852493834
560,4,10,150,59,0.09375790921485552
561,4,10,150,59,0.083496173499771
562,4,10,150,59,0.053882237000818504
563,4,10,150,59,0.0
564,4,10,150,59,0.08498983725535779
565,4,10,150,59,0.0
566,4,10,150,59,0.03579489106983033
567,4,10,150,59,0.1471381878632886
568,4,10,150,59,0.036155150901276155
569,4,10,150,59,0.18299769260789403
570,4,10,150,59,0.0
571,4,10,150,59,0.0
572,4,10,150,59,0.16812753627111746
573,4,10,150,59,0.06437746926759551
574,4,10,150,59,0.051811563545175146
575,4,10,150,59,0.0
576,4,10,150,59,0.0
577,4,10,150,59,0.20541190363713152
578,4,10,150,59,0.0
579,4,10,150,59,0.0
580,4,10,150,59,0.12128674553236206
581,4,10,150,59,0.05276490902632437
582,4,10,150,59,0.03190895161277091
583,4,10,150,59,0.0
584,4,10,150,59,0.06323567569191428
585,4,10,150,59,0.04173963774222741
586,4,10,150,59,0.05786021189691368
587,4,10,150,59,0.0
588,4,10,150,59,0.13560342958033234
589,4,10,150,59,0.0
590,4,10,150,59,0.053845569940583225
591,4,10,150,59,0.0
592,4,10,150,59,0.35790485721985976
593,4,10,150,59,0.07711036365720102
594,4,10,150,59,0.0
595,4,10,150,59,0.10296141646738245
596,4,10,150,59,0.0
597,4,10,150,59,0.27101620591530523
598,4,10,150,59,0.0684591776394769
599,4,10,150,59,0.0
600,4,10,150,59,0.09197011795311534
601,4,10,150,59,0.0
602,4,10,150,59,0.0
603,4,10,150,59,0.0
604,4,10,150,59,0.0
605,4,10,150,59,0.23939908411991156
606,4,10,150,59,0.14995431516032265
607,4,10,150,59,0.08673473912838402
608,4,10,150,59,0.09072059226435805
609,4,10,150,59,0.0
610,4,10,150,59,0.19303241878686786
611,4,10,150,59,0.07624568872860434
612,4,10,150,59,0.0
613,4,10,150,59,0.08385150490449667
614,4,10,150,59,0.0
615,4,10,150,59,0.04919117729584568
616,4,10,150,59,0.03618657486793958
617,4,10,150,59,0.0
618,4,10,150,59,0.1281253572826617
619,4,10,150,59,0.12363660028711727
620,4,10,150,59,0.14012037550990028
621,4,10,150,59,0.11278207190006835
622,4,10,150,59,0.17930399363002178
623,4,10,150,59,0.17494254380936963
624,4,10,150,59,0.06626749824739844
625,4,10,150,59,0.0
626,4,10,150,59,0.06228974831361337
627,4,10,150,59,0.06945233499530101
628,4,10,150,59,0.0
629,4,10,150,59,0.14360653209080107
630,4,10,150,59,0.15874779570678058
631,4,10,150,59,0.0
632,4,10,150,59,0.12112269717167994
633,4,10,150,59,0.11499138576948859
634,4,10,150,59,0.022104381789790163
635,4,10,150,59,0.04546401530948942
636,4,10,150,59,0.06364028872631156
637,4,10,150,59,0.01928973283308616
638,4,10,150,59,0.09712868482236708
639,4,10,150,59,0.016417578556357865
640,4,10,150,59,0.10536866733091729
641,4,10,150,59,0.07675099783970546
642,4,10,150,59,0.13167563695021753
643,4,10,150,59,0.11200483705042315
644,4,10,150,59,0.04935421935348238
645,4,10,150,59,0.16158259063789654
646,4,10,150,59,0.0
647,4,10,150,59,0.030218457878623886
648,4,10,150,59,0.1380430952060061
649,4,10,150,59,0.15489949502599
650,4,10,150,59,0.0723716718363745
651,4,10,150,59,0.0
652,4,10,150,59,0.08156220960446063
653,4,10,150,59,0.11401480803540955
654,4,10,150,59,0.21255442687635834
655,4,10,150,59,0.13825857815321735
656,4,10,150,59,0.07397229644086958
657,4,10,150,59,0.0
658,4,10,150,59,0.2625403796417579
659,4,10,150,59,0.08781544355121487
660,4,10,150,59,0.03965485437391095
661,4,10,150,59,0.08605775303302886
662,4,10,150,59,0.0512644431393966
663,4,10,150,59,0.24026856780584893
664,4,10,150,59,0.28517362059082263
665,4,10,150,59,0.0
666,4,10,150,59,0.20037455863963421
667,4,10,150,59,0.28468511714771283
668,4,10,150,59,0.06194403202282284
669,4,10,150,59,0.1348578320198433
670,4,10,150,59,0.06613087842005526
671,4,10,150,59,0.1607186693017089
672,4,10,150,59,0.0
673,4,10,150,59,0.14837758007547783
674,4,10,150,59,0.11338915993603582
675,4,10,150,59,0.0
676,4,10,150,59,0.16684180252782607
677,4,10,150,59,0.03314040476303028
678,4,10,150,59,0.03824432123396675
679,4,10,150,59,0.15527711509166947
680,4,10,150,59,0.11377863936243801
681,4,10,150,59,0.0
682,4,10,150,59,0.13767529128963021
683,4,10,150,59,0.0
684,4,10,150,59,0.06573003977381581
685,4,10,150,59,0.1906465758273748
686,4,10,150,59,0.07277260183012466
687,4,10,150,59,0.0
688,4,10,150,59,0.0
689,4,10,150,59,0.18098128360653137
690,4,10,150,59,0.07914701567910001
691,4,10,150,59,0.09842092178212862
692,4,10,150,59,0.12090042896411356
693,4,10,150,59,0.0
694,4,10,150,59,0.2050252665356312
695,4,10,150,59,0.0
696,4,10,150,59,0.039725595076707886
697,4,10,150,59,0.04239477130634912
698,4,10,150,59,0.041937660325009396
699,4,10,150,59,0.050296301412810544
700,4,10,150,59,0.12729890218214104
701,4,10,150,59,0.0
702,4,10,150,59,0.037715680681715956
703,4,10,150,59,0.11918688501400482
704,4,10,150,59,0.21717049343670972
705,4,10,150,59,0.16817244731511605
706,4,10,150,59,0.04395738023645723
707,4,10,150,59,0.043275695364383325
708,4,10,150,59,0.07186325791519563
709,4,10,150,59,0.13472082394875662
710,4,10,150,59,0.10695361352497157
711,4,10,150,59,0.1628317630860731
712,4,10,150,59,0.15511023313323485
713,4,10,150,59,0.1468735732232516
714,4,10,150,59,0.03441184191455828
715,4,10,150,59,0.0
716,4,10,150,59,0.24727050196541286
717,4,10,150,59,0.09054670163637572
718,4,10,150,59,0.035328385129692476
719,4,10,150,59,0.09883437846193516
720,4,10,150,59,0.0
721,4,10,150,59,0.1626199557578681
722,4,10,150,59,0.06556429791586475
723,4,10,150,59,0.0
724,4,10,150,59,0.0
725,4,10,150,59,0.0
726,4,10,150,59,0.05010834716923557
727,4,10,150,59,0.14850156404754022
728,4,10,150,59,0.09627818061559096
729,4,10,150,59,0.0
730,4,10,150,59,0.02601736765943984
731,4,10,150,59,0.13032711631493252
732,4,10,150,59,0.0
733,4,10,150,59,0.14514596345398123
734,4,10,150,59,0.0
735,4,10,150,59,0.0
736,4,10,150,59,0.03351972906068008
737,4,10,150,59,0.1138970555583582
738,4,10,150,59,0.13922998739868644
739,4,10,150,59,0.03855307727568851
740,4,10,150,59,0.0
741,4,10,150,59,0.05358697798864893
742,4,10,150,59,0.0488929053971083
743,4,10,150,59,0.0690623255281084
744,4,10,150,59,0.03596673601130318
745,4,10,150,59,0.03520132288421838
746,4,10,150,59,0.23491487959421534
747,4,10,150,59,0.41951644575936964
748,4,10,150,59,0.09621648119325965
749,4,10,150,59,0.14521448436580334
750,4,10,150,59,0.041278922835426404
751,4,10,150,59,0.08907050191506831
752,4,10,150,59,0.023242424817620892
753,4,10,150,59,0.15780803084928155
754,4,10,150,59,0.0
755,4,10,150,59,0.03855371268423985
756,4,10,150,59,0.031104745345423533
757,4,10,150,59,0.0
758,4,10,150,59,0.27232198957025
759,4,10,150,59,0.08145040004058159
760,4,10,150,59,0.0
761,4,10,150,59,0.06869287000000811
762,4,10,150,59,0.051960280791503534
763,4,10,150,59,0.04542386553984721
764,4,10,150,59,0.08946696896639536
765,4,10,150,59,0.15066101840234988
766,4,10,150,59,0.02465424796359015
767,4,10,150,59,0.10635849541123835
768,4,10,150,59,0.08438032815655525
769,4,10,150,59,0.0
770,4,10,150,59,0.21464739068424896
771,4,10,150,59,0.2872791742076055
772,4,10,150,59,0.13108008489890782
773,4,10,150,59,0.09299853005058722
774,4,10,150,59,0.06593877968367046
775,4,10,150,59,0.0
776,4,10,150,59,0.138487812915294
777,4,10,150,59,0.0
778,4,10,150,59,0.1631238413472767
779,4,10,150,59,0.0
780,4,10,150,59,0.07672775543002532
781,4,10,150,59,0.2016539629141292
782,4,10,150,59,0.04547938416114175
783,4,10,150,59,0.0
784,4,10,150,59,0.0
785,4,10,150,59,0.0
786,4,10,150,59,0.0
787,4,10,150,59,0.0
788,4,10,150,59,0.26609852982621135
789,4,10,150,59,0.08809718769055445
790,4,10,150,59,0.0
791,4,10,150,59,0.04465281017341861
792,4,10,150,59,0.06658592494149675
793,4,10,150,59,0.0
794,4,10,150,59,0.04108065887337468
795,4,10,150,59,0.01246054860555686
796,4,10,150,59,0.3715187044606746
797,4,10,150,59,0.11278903329502893
798,4,10,150,59,0.04366868259578478
799,4,10,150,59,0.0
800,4,10,150,59,0.03244993904038569
801,4,10,150,59,0.1561471668577559
802,4,10,150,59,0.06960082070980815
803,4,10,150,59,0.10569353498973794
804,4,10,150,59,0.14176064159829768
805,4,10,150,59,0.11281254043532282
806,4,10,150,59,0.2959152150106387
807,4,10,150,59,0.10155650865277456
808,4,10,150,59,0.1025417224926713
809,4,10,150,59,0.10356976056061801
810,4,10,150,59,0.0
811,4,10,150,59,0.0
812,4,10,150,59,0.0
813,4,10,150,59,0.0
814,4,10,150,59,0.034616222155696735
815,4,10,150,59,0.22668893809411794
816,4,10,150,59,0.0
817,4,10,150,59,0.0
818,4,10,150,59,0.05516788910004661
819,4,10,150,59,0.037210602758860095
820,4,10,150,59,0.0
821,4,10,150,59,0.302950268110492
822,4,10,150,59,0.0
823,4,10,150,59,0.1942177465296263
824,4,10,150,59,0.05046096657376444
825,4,10,150,59,0.08238190489603152
826,4,10,150,59,0.14101060791647543
827,4,10,150,59,0.0
828,4,10,150,59,0.05745618865524075
829,4,10,150,59,0.1751347628439014
830,4,10,150,59,0.17854437265047174
831,4,10,150,59,0.21058943716644085
832,4,10,150,59,0.0
833,4,10,150,59,0.181044490801739
834,4,10,150,59,0.2706897351446418
835,4,10,150,59,0.13993736621795813
836,4,10,150,59,0.17832202911372014
837,4,10,150,59,0.05665916465450996
838,4,10,150,59,0.27895398740912175
839,4,10,150,59,0.08633834411059861
840,4,10,150,59,0.31922566330301355
841,4,10,150,59,0.06507217400164225
842,4,10,150,59,0.0
843,4,10,150,59,0.0
844,4,10,150,59,0.05872188515498603
845,4,10,150,59,0.0
846,4,10,150,59,0.3529723736324098
847,4,10,150,59,0.0569322757518916
848,4,10,150,59,0.04885934916325203
849,4,10,150,59,0.0419387969316025
850,4,10,150,59,0.2721744638560368
851,4,10,150,59,0.0614643657576148
852,4,10,150,59,0.26227118260874954
853,4,10,150,59,0.0
854,4,10,150,59,0.0
855,4,10,150,59,0.0
856,4,10,150,59,0.0
857,4,10,150,59,0.0
858,4,10,150,59,0.10250982096838526
859,4,10,150,59,0.05070263548706836
860,4,10,150,59,0.09127407611611123
861,4,10,150,59,0.06460834446248033
862,4,10,150,59,0.11149773793562046
863,4,10,150,59,0.06336841123297353
864,4,10,150,59,0.42984332445895884
865,4,10,150,59,0.07803010102565
866,4,10,150,59,0.16283687678415507
867,4,10,150,59,0.17207691146483065
868,4,10,150,59,0.24044809428033512
869,4,10,150,59,0.0587446084443979
870,4,10,150,59,0.28320187697608007
871,4,10,150,59,0.07012986265386374
872,4,10,150,59,0.02804794621397926
873,4,10,150,59,0.0
874,4,10,150,59,0.13944914190808633
875,4,10,150,59,0.11729943308729383
876,4,10,150,59,0.08671382849411972
877,4,10,150,59,0.0835317778614811
878,4,10,150,59,0.1706804422753891
879,4,10,150,59,0.03963466998423315
880,4,10,150,59,0.3763196963743545
881,4,10,150,59,0.10932018760827011
882,4,10,150,59,0.2009373068178177
883,4,10,150,59,0.3344295759229258
884,4,10,150,59,0.09113547509404434
885,4,10,150,59,0.04536087033637415
886,4,10,150,59,0.20603646396861033
887,4,10,150,59,0.10791145697389706
888,4,10,150,59,0.11625487663628292
889,4,10,150,59,0.012083482115236802
890,4,10,150,59,0.11434431442033766
891,4,10,150,59,0.10491091696774645
892,4,10,150,59,0.25588471198418156
893,4,10,150,59,0.10869735563398858
894,4,10,150,59,0.11382948280742976
895,4,10,150,59,0.0
896,4,10,150,59,0.32441329127154606
897,4,10,150,59,0.3046390477418234
898,4,10,150,59,0.0
899,4,10,150,59,0.05882653209044905
900,4,10,150,59,0.055315677011973347
901,4,10,150,59,0.18132668514654882
902,4,10,150,59,0.05978585424799658
903,4,10,150,59,0.22064009608539073
904,4,10,150,59,0.0
905,4,10,150,59,0.0
906,4,10,150,59,0.10407444169186962
907,4,10,150,59,0.031742806389256244
908,4,10,150,59,0.06892767477436933
909,4,10,150,59,0.0
910,4,10,150,59,0.0
911,4,10,150,59,0.13243052909755645
912,4,10,150,59,0.15575097056245804
913,4,10,150,59,0.07219927248779984
914,4,10,150,59,0.0
915,4,10,150,59,0.0
916,4,10,150,59,0.2657759569486532
917,4,10,150,59,0.0
918,4,10,150,59,0.043627084055128
919,4,10,150,59,0.1065113808715892
920,4,10,150,59,0.0
921,4,10,150,59,0.15405864814296488
922,4,10,150,59,0.1280645281724967
923,4,10,150,59,0.02142307850464013
924,4,10,150,59,0.018280262702529162
925,4,10,150,59,0.0
926,4,10,150,59,0.0
927,4,10,150,59,0.04499596683729014
928,4,10,150,59,0.1482972305701491
929,4,10,150,59,0.25163227912988373
930,4,10,150,59,0.032298243696638564
931,4,10,150,59,0.08679587898287541
932,4,10,150,59,0.26564491382068195
933,4,10,150,59,0.06482780534777928
934,4,10,150,59,0.10071040486185964
935,4,10,150,59,0.04173963774222741
936,4,10,150,59,0.1321191921354211
937,4,10,150,59,0.0
938,4,10,150,59,0.1482741018676109
939,4,10,150,59,0.02916862694666808
940,4,10,150,59,0.050684733114198
941,4,10,150,59,0.0
942,4,10,150,59,0.10504870308911567
943,4,10,150,59,0.20163692230838232
1,4,10,150,60,0.4058715898896693
2,4,10,150,60,0.06250343848035038
3,4,10,150,60,0.0
4,4,10,150,60,0.0
5,4,10,150,60,0.040209635547393256
6,4,10,150,60,0.27020011346731576
7,4,10,150,60,0.29136519416833906
8,4,10,150,60,0.0
9,4,10,150,60,0.21840743681816419
10,4,10,150,60,0.18761894776868226
11,4,10,150,60,0.1722584975122812
12,4,10,150,60,0.0
13,4,10,150,60,0.263869516102277
14,4,10,150,60,0.03963175841995263
15,4,10,150,60,0.05010834716923557
16,4,10,150,60,0.053168340515114924
17,4,10,150,60,0.0
18,4,10,150,60,0.24724966735366713
19,4,10,150,60,0.0
20,4,10,150,60,0.0
21,4,10,150,60,0.0
22,4,10,150,60,0.11702382382650763
23,4,10,150,60,0.23682446174402746
24,4,10,150,60,0.0
25,4,10,150,60,0.12358102547512423
26,4,10,150,60,0.0
27,4,10,150,60,0.0
28,4,10,150,60,0.0
29,4,10,150,60,0.13455232720853103
30,4,10,150,60,0.0
31,4,10,150,60,0.0
32,4,10,150,60,0.0
33,4,10,150,60,0.0
35,4,10,150,60,0.10523285614729473
36,4,10,150,60,0.0
37,4,10,150,60,0.0
38,4,10,150,60,0.04739418218477539
39,4,10,150,60,0.0
40,4,10,150,60,0.10558114683788161
41,4,10,150,60,0.0
42,4,10,150,60,0.0683037314796457
43,4,10,150,60,0.22592974817952552
44,4,10,150,60,0.2044921015662719
45,4,10,150,60,0.05200670101006268
46,4,10,150,60,0.11284514134893527
47,4,10,150,60,0.06250343848035038
48,4,10,150,60,0.0
49,4,10,150,60,0.0
50,4,10,150,60,0.0
51,4,10,150,60,0.16812753627111746
52,4,10,150,60,0.0
54,4,10,150,60,0.0
56,4,10,150,60,0.20383503459815738
57,4,10,150,60,0.3030555992505742
58,4,10,150,60,0.3717269535737058
59,4,10,150,60,0.2378606442039324
60,4,10,150,60,0.1505674224523334
61,4,10,150,60,0.0
62,4,10,150,60,0.08314631791322982
63,4,10,150,60,0.0
64,4,10,150,60,0.04238468688770069
65,4,10,150,60,0.13012668333070054
66,4,10,150,60,0.0
67,4,10,150,60,0.0
68,4,10,150,60,0.4827392464262081
69,4,10,150,60,0.07673373981757839
70,4,10,150,60,0.0
71,4,10,150,60,0.0
72,4,10,150,60,0.0
73,4,10,150,60,0.0
74,4,10,150,60,0.0
75,4,10,150,60,0.049432410190049694
76,4,10,150,60,0.1301464707340554
77,4,10,150,60,0.10201115106436301
78,4,10,150,60,0.0
79,4,10,150,60,0.27487633291429087
80,4,10,150,60,0.0
81,4,10,150,60,0.0
82,4,10,150,60,0.19298623480417013
83,4,10,150,60,0.12089611529519323
84,4,10,150,60,0.05034889199379723
85,4,10,150,60,0.0
87,4,10,150,60,0.07100089300395272
89,4,10,150,60,0.2553387838830436
90,4,10,150,60,0.04275570647343925
91,4,10,150,60,0.05648147012627732
92,4,10,150,60,0.10542637391232386
93,4,10,150,60,0.0
94,4,10,150,60,0.10584596736853813
95,4,10,150,60,0.17287436926807473
96,4,10,150,60,0.0
97,4,10,150,60,0.06462745615384195
98,4,10,150,60,0.0930297504356062
99,4,10,150,60,0.05658242244874664
100,4,10,150,60,0.0
101,4,10,150,60,0.0
102,4,10,150,60,0.02424726876918863
103,4,10,150,60,0.0
104,4,10,150,60,0.0
105,4,10,150,60,0.0
106,4,10,150,60,0.0
107,4,10,150,60,0.0
108,4,10,150,60,0.0
109,4,10,150,60,0.07103066762111539
110,4,10,150,60,0.0
111,4,10,150,60,0.0
112,4,10,150,60,0.05685954565780693
113,4,10,150,60,0.053168340515114924
114,4,10,150,60,0.0
115,4,10,150,60,0.10684080426179023
116,4,10,150,60,0.0
117,4,10,150,60,0.26646890433550474
118,4,10,150,60,0.0
119,4,10,150,60,0.2063582228182277
120,4,10,150,60,0.0
121,4,10,150,60,0.271985059917519
122,4,10,150,60,0.1530100230930498
123,4,10,150,60,0.07386004580671933
125,4,10,150,60,0.12702645795516354
126,4,10,150,60,0.06911917000496234
127,4,10,150,60,0.10253313861822189
128,4,10,150,60,0.05750548798281727
129,4,10,150,60,0.0
130,4,10,150,60,0.16099269493775217
131,4,10,150,60,0.0
133,4,10,150,60,0.11047239495909743
134,4,10,150,60,0.0
135,4,10,150,60,0.0
137,4,10,150,60,0.1371200812351206
138,4,10,150,60,0.0
139,4,10,150,60,0.0
141,4,10,150,60,0.0
142,4,10,150,60,0.13373003436102654
143,4,10,150,60,0.1208996448617798
144,4,10,150,60,0.1227945149537572
145,4,10,150,60,0.08829985348038716
146,4,10,150,60,0.0
148,4,10,150,60,0.054181637470214
149,4,10,150,60,0.0
150,4,10,150,60,0.10235170428306553
151,4,10,150,60,0.06298430394440727
152,4,10,150,60,0.040655755922716606
153,4,10,150,60,0.0
154,4,10,150,60,0.06372882143962796
155,4,10,150,60,0.0
156,4,10,150,60,0.0
158,4,10,150,60,0.17575552384613552
159,4,10,150,60,0.03310852000739229
160,4,10,150,60,0.0
161,4,10,150,60,0.0
162,4,10,150,60,0.0
163,4,10,150,60,0.0
164,4,10,150,60,0.0
165,4,10,150,60,0.12114889742360979
166,4,10,150,60,0.0
167,4,10,150,60,0.0
168,4,10,150,60,0.23504554941448536
169,4,10,150,60,0.06416923277158361
170,4,10,150,60,0.0
171,4,10,150,60,0.0
172,4,10,150,60,0.0
173,4,10,150,60,0.05840183867278569
174,4,10,150,60,0.060961917527339995
175,4,10,150,60,0.0
176,4,10,150,60,0.09511409151391914
177,4,10,150,60,0.06912040963822193
178,4,10,150,60,0.2437589399037192
179,4,10,150,60,0.06723507268634088
180,4,10,150,60,0.12262943855309168
181,4,10,150,60,0.01719677167528726
182,4,10,150,60,0.0
183,4,10,150,60,0.0
184,4,10,150,60,0.09303069037986347
185,4,10,150,60,0.07745351606183934
186,4,10,150,60,0.22147164648185297
187,4,10,150,60,0.08625091781054979
188,4,10,150,60,0.054384419234677496
189,4,10,150,60,0.2089531400761587
190,4,10,150,60,0.10699313236726378
191,4,10,150,60,0.0
192,4,10,150,60,0.0
193,4,10,150,60,0.0
194,4,10,150,60,0.020323217806223443
195,4,10,150,60,0.0
196,4,10,150,60,0.0
197,4,10,150,60,0.05576624569167862
198,4,10,150,60,0.0
199,4,10,150,60,0.0
200,4,10,150,60,0.11302970636219896
201,4,10,150,60,0.03487978243545732
203,4,10,150,60,0.0
204,4,10,150,60,0.0
205,4,10,150,60,0.0
206,4,10,150,60,0.0
207,4,10,150,60,0.050513241088636716
209,4,10,150,60,0.0
210,4,10,150,60,0.09440608278107551
211,4,10,150,60,0.0
212,4,10,150,60,0.12681701683239352
213,4,10,150,60,0.2384146878320104
214,4,10,150,60,0.056720838976548935
215,4,10,150,60,0.0
216,4,10,150,60,0.03497205398870122
217,4,10,150,60,0.0
218,4,10,150,60,0.19092086617893467
219,4,10,150,60,0.0
221,4,10,150,60,0.3375735570145491
222,4,10,150,60,0.12476107276951183
223,4,10,150,60,0.03870447337439288
224,4,10,150,60,0.0
225,4,10,150,60,0.0
226,4,10,150,60,0.08080765379783027
227,4,10,150,60,0.0
228,4,10,150,60,0.0
229,4,10,150,60,0.0
230,4,10,150,60,0.23712439662683835
231,4,10,150,60,0.0
232,4,10,150,60,0.3234992853586256
233,4,10,150,60,0.0968152409481219
234,4,10,150,60,0.06411917231744522
235,4,10,150,60,0.06065881345112158
236,4,10,150,60,0.0
237,4,10,150,60,0.0
238,4,10,150,60,0.0
239,4,10,150,60,0.08989646527561479
240,4,10,150,60,0.05497526658285817
242,4,10,150,60,0.0
243,4,10,150,60,0.09267768927614353
244,4,10,150,60,0.15765545519871427
245,4,10,150,60,0.10704534003732354
246,4,10,150,60,0.08041927109478651
247,4,10,150,60,0.0
248,4,10,150,60,0.14830051302014485
249,4,10,150,60,0.28358055700477847
250,4,10,150,60,0.3503302816689379
251,4,10,150,60,0.0
252,4,10,150,60,0.0
253,4,10,150,60,0.05954496680255472
254,4,10,150,60,0.0
255,4,10,150,60,0.0
256,4,10,150,60,0.16583176898817792
257,4,10,150,60,0.3305900772260718
258,4,10,150,60,0.0
259,4,10,150,60,0.0
260,4,10,150,60,0.0
261,4,10,150,60,0.0
262,4,10,150,60,0.0
263,4,10,150,60,0.12774011823457565
264,4,10,150,60,0.05840183867278569
265,4,10,150,60,0.10209739512291163
267,4,10,150,60,0.09794101962538232
268,4,10,150,60,0.07635205355386199
269,4,10,150,60,0.13223875150584097
270,4,10,150,60,0.046726672111120165
271,4,10,150,60,0.12276482551434069
272,4,10,150,60,0.14498698048571354
273,4,10,150,60,0.0
274,4,10,150,60,0.0
275,4,10,150,60,0.04605780568615433
276,4,10,150,60,0.18784639929386426
277,4,10,150,60,0.0
279,4,10,150,60,0.06493409231178052
280,4,10,150,60,0.03337620304869898
281,4,10,150,60,0.0
283,4,10,150,60,0.1292258709239571
284,4,10,150,60,0.0
285,4,10,150,60,0.1185995982858366
286,4,10,150,60,0.3005968627632655
287,4,10,150,60,0.06364028872631156
288,4,10,150,60,0.12538054736008386
289,4,10,150,60,0.13905617951077562
290,4,10,150,60,0.0
291,4,10,150,60,0.23494592513118112
292,4,10,150,60,0.08933583385868532
293,4,10,150,60,0.10795785893996995
294,4,10,150,60,0.04123398036294628
295,4,10,150,60,0.2670961153715764
296,4,10,150,60,0.47774763069170006
297,4,10,150,60,0.13535082686131417
298,4,10,150,60,0.19947114504638494
299,4,10,150,60,0.0
300,4,10,150,60,0.0
301,4,10,150,60,0.047934103497110726
303,4,10,150,60,0.10429171540620567
304,4,10,150,60,0.0
305,4,10,150,60,0.31514747987601716
306,4,10,150,60,0.0
307,4,10,150,60,0.1383141340724969
308,4,10,150,60,0.19205342317019936
309,4,10,150,60,0.0
310,4,10,150,60,0.0
311,4,10,150,60,0.08938791352906189
312,4,10,150,60,0.09804650712627644
313,4,10,150,60,0.14465709645474623
314,4,10,150,60,0.20285519102295546
315,4,10,150,60,0.0
316,4,10,150,60,0.04568304891751105
317,4,10,150,60,0.0
318,4,10,150,60,0.10118786565551004
319,4,10,150,60,0.0
320,4,10,150,60,0.0
321,4,10,150,60,0.062242588308449316
322,4,10,150,60,0.17342765698823945
323,4,10,150,60,0.14126697285982898
324,4,10,150,60,0.0
325,4,10,150,60,0.0
326,4,10,150,60,0.0634222181618871
327,4,10,150,60,0.0
328,4,10,150,60,0.1437524526514495
329,4,10,150,60,0.0
330,4,10,150,60,0.0536466452928127
331,4,10,150,60,0.16958010263680806
332,4,10,150,60,0.024647523009140075
333,4,10,150,60,0.0
334,4,10,150,60,0.07058424671826317
336,4,10,150,60,0.0
337,4,10,150,60,0.16716045496620227
338,4,10,150,60,0.05005165434923901
339,4,10,150,60,0.06608282041002614
340,4,10,150,60,0.0
341,4,10,150,60,0.0
342,4,10,150,60,0.2625072992734236
343,4,10,150,60,0.28732332399638805
344,4,10,150,60,0.23832550406045652
345,4,10,150,60,0.056149696530797676
346,4,10,150,60,0.13947804593499064
347,4,10,150,60,0.08705643551438974
348,4,10,150,60,0.071942683897578
349,4,10,150,60,0.07673373981757839
350,4,10,150,60,0.14102577978634634
351,4,10,150,60,0.0
352,4,10,150,60,0.0
353,4,10,150,60,0.0
354,4,10,150,60,0.051249224710132255
355,4,10,150,60,0.0
356,4,10,150,60,0.08406376813555873
357,4,10,150,60,0.0
358,4,10,150,60,0.20438239758848611
359,4,10,150,60,0.0
360,4,10,150,60,0.06752012359727312
361,4,10,150,60,0.09622728274290568
362,4,10,150,60,0.0
363,4,10,150,60,0.2000219371064626
364,4,10,150,60,0.0
365,4,10,150,60,0.0
366,4,10,150,60,0.0
367,4,10,150,60,0.0
368,4,10,150,60,0.0
369,4,10,150,60,0.0
370,4,10,150,60,0.13479984916817475
371,4,10,150,60,0.22569563125869263
372,4,10,150,60,0.0
373,4,10,150,60,0.062173010658778456
374,4,10,150,60,0.06834943074719504
375,4,10,150,60,0.0
376,4,10,150,60,0.0
377,4,10,150,60,0.08010929472340098
378,4,10,150,60,0.16448029476168333
379,4,10,150,60,0.11339835829152477
380,4,10,150,60,0.0
381,4,10,150,60,0.05105625351125917
382,4,10,150,60,0.0
383,4,10,150,60,0.04838338183089434
384,4,10,150,60,0.0
385,4,10,150,60,0.0
386,4,10,150,60,0.0
387,4,10,150,60,0.11497906462099297
388,4,10,150,60,0.04511904280884329
389,4,10,150,60,0.14120339070995014
390,4,10,150,60,0.0
391,4,10,150,60,0.2137247802747043
392,4,10,150,60,0.0
393,4,10,150,60,0.027661957314667494
394,4,10,150,60,0.11073655428626575
395,4,10,150,60,0.04931346192675315
396,4,10,150,60,0.0
397,4,10,150,60,0.24725147036493156
398,4,10,150,60,0.18852571653533698
399,4,10,150,60,0.04732425758521323
400,4,10,150,60,0.0
401,4,10,150,60,0.0
402,4,10,150,60,0.08963222225173058
403,4,10,150,60,0.0854499779566911
404,4,10,150,60,0.0
405,4,10,150,60,0.07861463583214831
406,4,10,150,60,0.20956416940551098
407,4,10,150,60,0.04270006763257965
408,4,10,150,60,0.0
409,4,10,150,60,0.10914342353313093
410,4,10,150,60,0.0
411,4,10,150,60,0.0
412,4,10,150,60,0.0
413,4,10,150,60,0.041646268351119564
414,4,10,150,60,0.0
415,4,10,150,60,0.15103391472831218
416,4,10,150,60,0.2076467491497012
417,4,10,150,60,0.09850508837083022
418,4,10,150,60,0.0
419,4,10,150,60,0.1208113026994942
420,4,10,150,60,0.06052048269976269
421,4,10,150,60,0.15435807162450887
422,4,10,150,60,0.07550298029238112
423,4,10,150,60,0.053845569940583225
424,4,10,150,60,0.2766918177656049
425,4,10,150,60,0.1674157226455415
426,4,10,150,60,0.040759261617270684
427,4,10,150,60,0.0
428,4,10,150,60,0.04415960465480069
429,4,10,150,60,0.14684517235026845
430,4,10,150,60,0.0
431,4,10,150,60,0.0
432,4,10,150,60,0.05789711601244791
433,4,10,150,60,0.05780921899607981
434,4,10,150,60,0.20778267687568405
435,4,10,150,60,0.17195543683824452
436,4,10,150,60,0.0
437,4,10,150,60,0.10867290175167639
438,4,10,150,60,0.0
439,4,10,150,60,0.10863976191957724
440,4,10,150,60,0.0
441,4,10,150,60,0.0
442,4,10,150,60,0.040949887133979804
443,4,10,150,60,0.06783204105472322
444,4,10,150,60,0.1312721899408984
445,4,10,150,60,0.0
446,4,10,150,60,0.0
447,4,10,150,60,0.16246725303708914
448,4,10,150,60,0.0
449,4,10,150,60,0.1882329728596757
450,4,10,150,60,0.2878340106487365
451,4,10,150,60,0.06148915918944534
452,4,10,150,60,0.10773098771530253
453,4,10,150,60,0.0
454,4,10,150,60,0.0
455,4,10,150,60,0.063401477059351
456,4,10,150,60,0.018650043077523788
457,4,10,150,60,0.2974024120042739
458,4,10,150,60,0.06982799741808067
459,4,10,150,60,0.0
460,4,10,150,60,0.05184030722866645
461,4,10,150,60,0.0
462,4,10,150,60,0.0
463,4,10,150,60,0.11987424504051505
464,4,10,150,60,0.0
465,4,10,150,60,0.0
466,4,10,150,60,0.0
467,4,10,150,60,0.07807600999842033
468,4,10,150,60,0.11455543964849552
469,4,10,150,60,0.05165643482805862
470,4,10,150,60,0.0
471,4,10,150,60,0.0
472,4,10,150,60,0.07484150925457735
473,4,10,150,60,0.06140244428718695
474,4,10,150,60,0.23217011438907664
475,4,10,150,60,0.0
476,4,10,150,60,0.0
477,4,10,150,60,0.0
478,4,10,150,60,0.2345109835167376
479,4,10,150,60,0.10172348796286074
480,4,10,150,60,0.0741070054529978
481,4,10,150,60,0.13102204196909084
482,4,10,150,60,0.0
483,4,10,150,60,0.05658242244874664
484,4,10,150,60,0.2723783861819967
485,4,10,150,60,0.0
486,4,10,150,60,0.0
487,4,10,150,60,0.08199193156683765
488,4,10,150,60,0.0
489,4,10,150,60,0.0
490,4,10,150,60,0.0
491,4,10,150,60,0.14208678740137623
492,4,10,150,60,0.0
493,4,10,150,60,0.1475552329391869
494,4,10,150,60,0.0
495,4,10,150,60,0.09864236150154798
496,4,10,150,60,0.047739744220948385
497,4,10,150,60,0.05057001832592956
498,4,10,150,60,0.0
499,4,10,150,60,0.05075938465928585
500,4,10,150,60,0.09541527213731128
501,4,10,150,60,0.0
502,4,10,150,60,0.0
503,4,10,150,60,0.05608659198762317
504,4,10,150,60,0.08148269775823089
505,4,10,150,60,0.07379217622092994
506,4,10,150,60,0.10550534038207493
507,4,10,150,60,0.05319635904163211
508,4,10,150,60,0.0
509,4,10,150,60,0.0
510,4,10,150,60,0.0
511,4,10,150,60,0.08495943917278885
512,4,10,150,60,0.05478392673173268
513,4,10,150,60,0.0
514,4,10,150,60,0.27252722616773445
515,4,10,150,60,0.11706259313796354
516,4,10,150,60,0.0
517,4,10,150,60,0.08878770367712427
518,4,10,150,60,0.0
519,4,10,150,60,0.0
520,4,10,150,60,0.0
521,4,10,150,60,0.09850628252086785
522,4,10,150,60,0.12524561954372188
523,4,10,150,60,0.032114893884379984
524,4,10,150,60,0.1327909937391552
525,4,10,150,60,0.0
526,4,10,150,60,0.04972780777662495
527,4,10,150,60,0.1636135858112592
528,4,10,150,60,0.10209739512291163
529,4,10,150,60,0.0
530,4,10,150,60,0.0
531,4,10,150,60,0.1517763576041802
532,4,10,150,60,0.2633677187406756
533,4,10,150,60,0.11557545112991054
534,4,10,150,60,0.1046638363823608
535,4,10,150,60,0.13889821983463596
536,4,10,150,60,0.09414825230406802
537,4,10,150,60,0.3589454200746661
538,4,10,150,60,0.14697776980950736
539,4,10,150,60,0.04478826142555715
540,4,10,150,60,0.0
541,4,10,150,60,0.04030702414138781
542,4,10,150,60,0.049033875503285806
543,4,10,150,60,0.04953295293703468
544,4,10,150,60,0.05282936728943967
545,4,10,150,60,0.02244213465825961
546,4,10,150,60,0.05758752804519195
547,4,10,150,60,0.0
548,4,10,150,60,0.1103190733436671
549,4,10,150,60,0.0
550,4,10,150,60,0.04785685030080952
551,4,10,150,60,0.08277473838634362
552,4,10,150,60,0.1205344274731702
553,4,10,150,60,0.07411563356774664
554,4,10,150,60,0.12627825946936164
555,4,10,150,60,0.0
556,4,10,150,60,0.07660623398069263
557,4,10,150,60,0.031742154565302834
558,4,10,150,60,0.08878770367712427
559,4,10,150,60,0.04366879852493834
560,4,10,150,60,0.09375790921485552
561,4,10,150,60,0.0825329923317195
562,4,10,150,60,0.053882237000818504
563,4,10,150,60,0.0
564,4,10,150,60,0.08498983725535779
565,4,10,150,60,0.0
566,4,10,150,60,0.03579489106983033
567,4,10,150,60,0.1471381878632886
568,4,10,150,60,0.036155150901276155
569,4,10,150,60,0.18299769260789403
570,4,10,150,60,0.0
571,4,10,150,60,0.0
572,4,10,150,60,0.16812753627111746
573,4,10,150,60,0.06437746926759551
574,4,10,150,60,0.051811563545175146
575,4,10,150,60,0.0
576,4,10,150,60,0.0
577,4,10,150,60,0.20541190363713152
578,4,10,150,60,0.0
579,4,10,150,60,0.0
580,4,10,150,60,0.12128674553236206
581,4,10,150,60,0.05276490902632437
582,4,10,150,60,0.03190895161277091
583,4,10,150,60,0.0
584,4,10,150,60,0.06323567569191428
585,4,10,150,60,0.04173963774222741
586,4,10,150,60,0.05786021189691368
587,4,10,150,60,0.0
588,4,10,150,60,0.13560342958033234
589,4,10,150,60,0.0
590,4,10,150,60,0.053845569940583225
591,4,10,150,60,0.0
592,4,10,150,60,0.3537761983367162
593,4,10,150,60,0.07711036365720102
594,4,10,150,60,0.0
595,4,10,150,60,0.10296141646738245
596,4,10,150,60,0.0
597,4,10,150,60,0.27101620591530523
598,4,10,150,60,0.0684591776394769
599,4,10,150,60,0.0
600,4,10,150,60,0.09197011795311534
601,4,10,150,60,0.0
602,4,10,150,60,0.0
603,4,10,150,60,0.0
604,4,10,150,60,0.0
605,4,10,150,60,0.23939908411991156
606,4,10,150,60,0.14995431516032265
607,4,10,150,60,0.08673473912838402
608,4,10,150,60,0.09072059226435805
609,4,10,150,60,0.0
610,4,10,150,60,0.19303241878686786
611,4,10,150,60,0.07624568872860434
612,4,10,150,60,0.0
613,4,10,150,60,0.08385150490449667
614,4,10,150,60,0.0
615,4,10,150,60,0.04919117729584568
616,4,10,150,60,0.03618657486793958
617,4,10,150,60,0.0
618,4,10,150,60,0.1281253572826617
619,4,10,150,60,0.12363660028711727
620,4,10,150,60,0.14012037550990028
621,4,10,150,60,0.11278207190006835
622,4,10,150,60,0.1772356086635977
623,4,10,150,60,0.17494254380936963
624,4,10,150,60,0.06626749824739844
625,4,10,150,60,0.0
626,4,10,150,60,0.06228974831361337
627,4,10,150,60,0.06945233499530101
628,4,10,150,60,0.0
629,4,10,150,60,0.14360653209080107
630,4,10,150,60,0.15874779570678058
631,4,10,150,60,0.0
632,4,10,150,60,0.12112269717167994
633,4,10,150,60,0.11499138576948859
634,4,10,150,60,0.022104381789790163
635,4,10,150,60,0.04546401530948942
636,4,10,150,60,0.06364028872631156
637,4,10,150,60,0.01928973283308616
638,4,10,150,60,0.09712868482236708
639,4,10,150,60,0.016417578556357865
640,4,10,150,60,0.10536866733091729
641,4,10,150,60,0.07675099783970546
642,4,10,150,60,0.13015667520040775
643,4,10,150,60,0.11071279041815515
644,4,10,150,60,0.04935421935348238
645,4,10,150,60,0.16158259063789654
646,4,10,150,60,0.0
647,4,10,150,60,0.030218457878623886
648,4,10,150,60,0.1479863132430794
649,4,10,150,60,0.15489949502599
650,4,10,150,60,0.07153681883064496
651,4,10,150,60,0.0
652,4,10,150,60,0.08156220960446063
653,4,10,150,60,0.11269957511663377
654,4,10,150,60,0.21255442687635834
655,4,10,150,60,0.14819931045821347
656,4,10,150,60,0.07397229644086958
657,4,10,150,60,0.0
658,4,10,150,60,0.2625403796417579
659,4,10,150,60,0.08781544355121487
660,4,10,150,60,0.03965485437391095
661,4,10,150,60,0.08605775303302886
662,4,10,150,60,0.0512644431393966
663,4,10,150,60,0.24026856780584893
664,4,10,150,60,0.28517362059082263
665,4,10,150,60,0.0
666,4,10,150,60,0.19806311137985225
667,4,10,150,60,0.28468511714771283
668,4,10,150,60,0.06194403202282284
669,4,10,150,60,0.1348578320198433
670,4,10,150,60,0.06613087842005526
671,4,10,150,60,0.1607186693017089
672,4,10,150,60,0.0
673,4,10,150,60,0.14837758007547783
674,4,10,150,60,0.11338915993603582
675,4,10,150,60,0.0
676,4,10,150,60,0.16684180252782607
677,4,10,150,60,0.03314040476303028
678,4,10,150,60,0.03824432123396675
679,4,10,150,60,0.15527711509166947
680,4,10,150,60,0.11377863936243801
681,4,10,150,60,0.0
682,4,10,150,60,0.13608711973256432
683,4,10,150,60,0.0
684,4,10,150,60,0.06573003977381581
685,4,10,150,60,0.1906465758273748
686,4,10,150,60,0.07277260183012466
687,4,10,150,60,0.0
688,4,10,150,60,0.0
689,4,10,150,60,0.18098128360653137
690,4,10,150,60,0.07914701567910001
691,4,10,150,60,0.09842092178212862
692,4,10,150,60,0.12090042896411356
693,4,10,150,60,0.0
694,4,10,150,60,0.2050252665356312
695,4,10,150,60,0.0
696,4,10,150,60,0.039725595076707886
697,4,10,150,60,0.04239477130634912
698,4,10,150,60,0.041937660325009396
699,4,10,150,60,0.050296301412810544
700,4,10,150,60,0.12729890218214104
701,4,10,150,60,0.0
702,4,10,150,60,0.037715680681715956
703,4,10,150,60,0.11918688501400482
704,4,10,150,60,0.21717049343670972
705,4,10,150,60,0.16817244731511605
706,4,10,150,60,0.04395738023645723
707,4,10,150,60,0.04277648284886103
708,4,10,150,60,0.07186325791519563
709,4,10,150,60,0.13472082394875662
710,4,10,150,60,0.10695361352497157
711,4,10,150,60,0.16095339571675218
712,4,10,150,60,0.15511023313323485
713,4,10,150,60,0.1468735732232516
714,4,10,150,60,0.03441184191455828
715,4,10,150,60,0.0
716,4,10,150,60,0.2444180803402664
717,4,10,150,60,0.09054670163637572
718,4,10,150,60,0.035328385129692476
719,4,10,150,60,0.09883437846193516
720,4,10,150,60,0.0
721,4,10,150,60,0.1626199557578681
722,4,10,150,60,0.06556429791586475
723,4,10,150,60,0.0
724,4,10,150,60,0.0
725,4,10,150,60,0.0
726,4,10,150,60,0.05010834716923557
727,4,10,150,60,0.14678850458719053
728,4,10,150,60,0.09627818061559096
729,4,10,150,60,0.0
730,4,10,150,60,0.02601736765943984
731,4,10,150,60,0.13032711631493252
732,4,10,150,60,0.0
733,4,10,150,60,0.14514596345398123
734,4,10,150,60,0.0
735,4,10,150,60,0.0
736,4,10,150,60,0.03351972906068008
737,4,10,150,60,0.1138970555583582
738,4,10,150,60,0.13922998739868644
739,4,10,150,60,0.03855307727568851
740,4,10,150,60,0.0
741,4,10,150,60,0.05358697798864893
742,4,10,150,60,0.0488929053971083
743,4,10,150,60,0.0690623255281084
744,4,10,150,60,0.03596673601130318
745,4,10,150,60,0.03520132288421838
746,4,10,150,60,0.25743994347908983
747,4,10,150,60,0.414677058236486
748,4,10,150,60,0.09621648119325965
749,4,10,150,60,0.14353934344847932
750,4,10,150,60,0.041278922835426404
751,4,10,150,60,0.0880430173432906
752,4,10,150,60,0.023242424817620892
753,4,10,150,60,0.15780803084928155
754,4,10,150,60,0.0
755,4,10,150,60,0.03855371268423985
756,4,10,150,60,0.031104745345423533
757,4,10,150,60,0.0
758,4,10,150,60,0.2691805831918954
759,4,10,150,60,0.08145040004058159
760,4,10,150,60,0.03004859059698017
761,4,10,150,60,0.06869287000000811
762,4,10,150,60,0.051960280791503534
763,4,10,150,60,0.04542386553984721
764,4,10,150,60,0.08946696896639536
765,4,10,150,60,0.15066101840234988
766,4,10,150,60,0.024369845620876
767,4,10,150,60,0.10635849541123835
768,4,10,150,60,0.08438032815655525
769,4,10,150,60,0.0
770,4,10,150,60,0.21464739068424896
771,4,10,150,60,0.2872791742076055
772,4,10,150,60,0.13108008489890782
773,4,10,150,60,0.09192573319000484
774,4,10,150,60,0.06517813415737239
775,4,10,150,60,0.0
776,4,10,150,60,0.138487812915294
777,4,10,150,60,0.0
778,4,10,150,60,0.1631238413472767
779,4,10,150,60,0.0
780,4,10,150,60,0.07672775543002532
781,4,10,150,60,0.2016539629141292
782,4,10,150,60,0.04495475070163703
783,4,10,150,60,0.0
784,4,10,150,60,0.0
785,4,10,150,60,0.0
786,4,10,150,60,0.0
787,4,10,150,60,0.0
788,4,10,150,60,0.2630289149919998
789,4,10,150,60,0.08809718769055445
790,4,10,150,60,0.0
791,4,10,150,60,0.04465281017341861
792,4,10,150,60,0.06658592494149675
793,4,10,150,60,0.0
794,4,10,150,60,0.04108065887337468
795,4,10,150,60,0.012316808296780966
796,4,10,150,60,0.3672330012395995
797,4,10,150,60,0.11278903329502893
798,4,10,150,60,0.04316493672400548
799,4,10,150,60,0.0
800,4,10,150,60,0.03244993904038569
801,4,10,150,60,0.1561471668577559
802,4,10,150,60,0.06960082070980815
803,4,10,150,60,0.10569353498973794
804,4,10,150,60,0.1401253429416622
805,4,10,150,60,0.11151117643368208
806,4,10,150,60,0.2959152150106387
807,4,10,150,60,0.1119206225414961
808,4,10,150,60,0.1025417224926713
809,4,10,150,60,0.10356976056061801
810,4,10,150,60,0.0
811,4,10,150,60,0.0
812,4,10,150,60,0.0
813,4,10,150,60,0.0
814,4,10,150,60,0.034616222155696735
815,4,10,150,60,0.22407393782493262
816,4,10,150,60,0.0
817,4,10,150,60,0.0
818,4,10,150,60,0.05516788910004661
819,4,10,150,60,0.037210602758860095
820,4,10,150,60,0.0
821,4,10,150,60,0.302950268110492
822,4,10,150,60,0.0
823,4,10,150,60,0.1919773219913779
824,4,10,150,60,0.05046096657376444
825,4,10,150,60,0.08238190489603152
826,4,10,150,60,0.14101060791647543
827,4,10,150,60,0.0
828,4,10,150,60,0.05745618865524075
829,4,10,150,60,0.1751347628439014
830,4,10,150,60,0.17854437265047174
831,4,10,150,60,0.21058943716644085
832,4,10,150,60,0.0
833,4,10,150,60,0.17895602809967057
834,4,10,150,60,0.2706897351446418
835,4,10,150,60,0.15540024392113308
836,4,10,150,60,0.17832202911372014
837,4,10,150,60,0.05665916465450996
838,4,10,150,60,0.27895398740912175
839,4,10,150,60,0.08633834411059861
840,4,10,150,60,0.31554319338416087
841,4,10,150,60,0.06507217400164225
842,4,10,150,60,0.0
843,4,10,150,60,0.0
844,4,10,150,60,0.05872188515498603
845,4,10,150,60,0.0
846,4,10,150,60,0.360436246511902
847,4,10,150,60,0.05627552594456436
848,4,10,150,60,0.04829572566980624
849,4,10,150,60,0.0419387969316025
850,4,10,150,60,0.2721744638560368
851,4,10,150,60,0.06075533542577419
852,4,10,150,60,0.26227118260874954
853,4,10,150,60,0.0
854,4,10,150,60,0.0
855,4,10,150,60,0.0
856,4,10,150,60,0.037110354711564805
857,4,10,150,60,0.0
858,4,10,150,60,0.10250982096838526
859,4,10,150,60,0.05070263548706836
860,4,10,150,60,0.09127407611611123
861,4,10,150,60,0.06460834446248033
862,4,10,150,60,0.11021154101235398
863,4,10,150,60,0.06336841123297353
864,4,10,150,60,0.43642044230402366
865,4,10,150,60,0.07803010102565
866,4,10,150,60,0.16283687678415507
867,4,10,150,60,0.17207691146483065
868,4,10,150,60,0.2376743734426332
869,4,10,150,60,0.0587446084443979
870,4,10,150,60,0.2799349642155696
871,4,10,150,60,0.07012986265386374
872,4,10,150,60,0.02804794621397926
873,4,10,150,60,0.0
874,4,10,150,60,0.13944914190808633
875,4,10,150,60,0.11729943308729383
876,4,10,150,60,0.08671382849411972
877,4,10,150,60,0.0835317778614811
878,4,10,150,60,0.1706804422753891
879,4,10,150,60,0.03963466998423315
880,4,10,150,60,0.3719786106751921
881,4,10,150,60,0.10805911010521027
882,4,10,150,60,0.21288820648214166
883,4,10,150,60,0.34210735170129536
884,4,10,150,60,0.09113547509404434
885,4,10,150,60,0.04536087033637415
886,4,10,150,60,0.2036597030500153
887,4,10,150,60,0.1182022625145796
888,4,10,150,60,0.11625487663628292
889,4,10,150,60,0.011944091506900541
890,4,10,150,60,0.11434431442033766
891,4,10,150,60,0.10491091696774645
892,4,10,150,60,0.25293291999845513
893,4,10,150,60,0.10869735563398858
894,4,10,150,60,0.11251638773236673
895,4,10,150,60,0.0
896,4,10,150,60,0.32067097878318734
897,4,10,150,60,0.31266047610363046
898,4,10,150,60,0.0
899,4,10,150,60,0.05814793083824373
900,4,10,150,60,0.055315677011973347
901,4,10,150,60,0.18132668514654882
902,4,10,150,60,0.05978585424799658
903,4,10,150,60,0.23389434103643633
904,4,10,150,60,0.0
905,4,10,150,60,0.0
906,4,10,150,60,0.10407444169186962
907,4,10,150,60,0.031742806389256244
908,4,10,150,60,0.06892767477436933
909,4,10,150,60,0.0
910,4,10,150,60,0.0
911,4,10,150,60,0.13243052909755645
912,4,10,150,60,0.15575097056245804
913,4,10,150,60,0.07219927248779984
914,4,10,150,60,0.0
915,4,10,150,60,0.0
916,4,10,150,60,0.2627100631965939
917,4,10,150,60,0.0
918,4,10,150,60,0.043627084055128
919,4,10,150,60,0.10528270473065256
920,4,10,150,60,0.0
921,4,10,150,60,0.15405864814296488
922,4,10,150,60,0.1280645281724967
923,4,10,150,60,0.02142307850464013
924,4,10,150,60,0.018280262702529162
925,4,10,150,60,0.0
926,4,10,150,60,0.0
927,4,10,150,60,0.06161666228429627
928,4,10,150,60,0.1482972305701491
929,4,10,150,60,0.25163227912988373
930,4,10,150,60,0.032298243696638564
931,4,10,150,60,0.08679587898287541
932,4,10,150,60,0.2625805317339813
933,4,10,150,60,0.06482780534777928
934,4,10,150,60,0.10071040486185964
935,4,10,150,60,0.04173963774222741
936,4,10,150,60,0.1321191921354211
937,4,10,150,60,0.0
938,4,10,150,60,0.1482741018676109
939,4,10,150,60,0.02916862694666808
940,4,10,150,60,0.050684733114198
941,4,10,150,60,0.0
942,4,10,150,60,0.10504870308911567
943,4,10,150,60,0.20163692230838232
1,4,10,150,61,0.4058715898896693
2,4,10,150,61,0.06250343848035038
3,4,10,150,61,0.0
4,4,10,150,61,0.0
5,4,10,150,61,0.040209635547393256
6,4,10,150,61,0.27020011346731576
7,4,10,150,61,0.29136519416833906
8,4,10,150,61,0.0
9,4,10,150,61,0.21840743681816419
10,4,10,150,61,0.18761894776868226
11,4,10,150,61,0.1722584975122812
12,4,10,150,61,0.0
13,4,10,150,61,0.27223170707099
14,4,10,150,61,0.03963175841995263
15,4,10,150,61,0.05010834716923557
16,4,10,150,61,0.053168340515114924
17,4,10,150,61,0.0
18,4,10,150,61,0.24724966735366713
19,4,10,150,61,0.0
20,4,10,150,61,0.0
21,4,10,150,61,0.0
22,4,10,150,61,0.11702382382650763
23,4,10,150,61,0.23682446174402746
24,4,10,150,61,0.0
25,4,10,150,61,0.12358102547512423
26,4,10,150,61,0.0
27,4,10,150,61,0.0
28,4,10,150,61,0.0
29,4,10,150,61,0.13455232720853103
30,4,10,150,61,0.0
31,4,10,150,61,0.0
32,4,10,150,61,0.0
33,4,10,150,61,0.0
35,4,10,150,61,0.10523285614729473
36,4,10,150,61,0.0
37,4,10,150,61,0.0
38,4,10,150,61,0.04739418218477539
39,4,10,150,61,0.0
40,4,10,150,61,0.10558114683788161
41,4,10,150,61,0.0
42,4,10,150,61,0.0683037314796457
43,4,10,150,61,0.22592974817952552
44,4,10,150,61,0.2044921015662719
45,4,10,150,61,0.05200670101006268
46,4,10,150,61,0.11284514134893527
47,4,10,150,61,0.06250343848035038
48,4,10,150,61,0.0
49,4,10,150,61,0.0
50,4,10,150,61,0.0
51,4,10,150,61,0.16812753627111746
52,4,10,150,61,0.0
54,4,10,150,61,0.0
56,4,10,150,61,0.20383503459815738
57,4,10,150,61,0.3030555992505742
58,4,10,150,61,0.3717269535737058
59,4,10,150,61,0.2378606442039324
60,4,10,150,61,0.1505674224523334
61,4,10,150,61,0.0
62,4,10,150,61,0.08314631791322982
63,4,10,150,61,0.0
64,4,10,150,61,0.04238468688770069
65,4,10,150,61,0.13012668333070054
66,4,10,150,61,0.0
67,4,10,150,61,0.0
68,4,10,150,61,0.4827392464262081
69,4,10,150,61,0.07673373981757839
70,4,10,150,61,0.0
71,4,10,150,61,0.0
72,4,10,150,61,0.0
73,4,10,150,61,0.0
74,4,10,150,61,0.0
75,4,10,150,61,0.049432410190049694
76,4,10,150,61,0.1301464707340554
77,4,10,150,61,0.10201115106436301
78,4,10,150,61,0.0
79,4,10,150,61,0.27487633291429087
80,4,10,150,61,0.0
81,4,10,150,61,0.0
82,4,10,150,61,0.19298623480417013
83,4,10,150,61,0.12089611529519323
84,4,10,150,61,0.05034889199379723
85,4,10,150,61,0.0
87,4,10,150,61,0.07100089300395272
89,4,10,150,61,0.2553387838830436
90,4,10,150,61,0.04275570647343925
91,4,10,150,61,0.05648147012627732
92,4,10,150,61,0.10542637391232386
93,4,10,150,61,0.0
94,4,10,150,61,0.10584596736853813
95,4,10,150,61,0.17287436926807473
96,4,10,150,61,0.0
97,4,10,150,61,0.06462745615384195
98,4,10,150,61,0.0930297504356062
99,4,10,150,61,0.05658242244874664
100,4,10,150,61,0.0
101,4,10,150,61,0.0
102,4,10,150,61,0.02424726876918863
103,4,10,150,61,0.0
104,4,10,150,61,0.0
105,4,10,150,61,0.0
106,4,10,150,61,0.0
107,4,10,150,61,0.0
108,4,10,150,61,0.0
109,4,10,150,61,0.07103066762111539
110,4,10,150,61,0.0
111,4,10,150,61,0.0
112,4,10,150,61,0.05685954565780693
113,4,10,150,61,0.053168340515114924
114,4,10,150,61,0.0
115,4,10,150,61,0.10684080426179023
116,4,10,150,61,0.0
117,4,10,150,61,0.26646890433550474
118,4,10,150,61,0.0
119,4,10,150,61,0.2063582228182277
120,4,10,150,61,0.0
121,4,10,150,61,0.271985059917519
122,4,10,150,61,0.1530100230930498
123,4,10,150,61,0.07386004580671933
125,4,10,150,61,0.12702645795516354
126,4,10,150,61,0.06911917000496234
127,4,10,150,61,0.10253313861822189
128,4,10,150,61,0.05750548798281727
129,4,10,150,61,0.0
130,4,10,150,61,0.16099269493775217
131,4,10,150,61,0.06556385272536247
133,4,10,150,61,0.11047239495909743
134,4,10,150,61,0.0
135,4,10,150,61,0.0
137,4,10,150,61,0.1371200812351206
138,4,10,150,61,0.0
139,4,10,150,61,0.0
141,4,10,150,61,0.0
142,4,10,150,61,0.13373003436102654
143,4,10,150,61,0.1208996448617798
144,4,10,150,61,0.1227945149537572
145,4,10,150,61,0.08829985348038716
146,4,10,150,61,0.0
148,4,10,150,61,0.054181637470214
149,4,10,150,61,0.0
150,4,10,150,61,0.10235170428306553
151,4,10,150,61,0.06298430394440727
152,4,10,150,61,0.040655755922716606
153,4,10,150,61,0.0
154,4,10,150,61,0.06372882143962796
155,4,10,150,61,0.0
156,4,10,150,61,0.0
158,4,10,150,61,0.17575552384613552
159,4,10,150,61,0.03310852000739229
160,4,10,150,61,0.0
161,4,10,150,61,0.0
162,4,10,150,61,0.0
163,4,10,150,61,0.0
164,4,10,150,61,0.0
165,4,10,150,61,0.12114889742360979
166,4,10,150,61,0.0
167,4,10,150,61,0.0
168,4,10,150,61,0.23504554941448536
169,4,10,150,61,0.06416923277158361
170,4,10,150,61,0.0
171,4,10,150,61,0.0
172,4,10,150,61,0.0
173,4,10,150,61,0.05840183867278569
174,4,10,150,61,0.060961917527339995
175,4,10,150,61,0.0
176,4,10,150,61,0.09511409151391914
177,4,10,150,61,0.06912040963822193
178,4,10,150,61,0.2437589399037192
179,4,10,150,61,0.06723507268634088
180,4,10,150,61,0.12262943855309168
181,4,10,150,61,0.01719677167528726
182,4,10,150,61,0.0
183,4,10,150,61,0.0
184,4,10,150,61,0.09303069037986347
185,4,10,150,61,0.07745351606183934
186,4,10,150,61,0.22147164648185297
187,4,10,150,61,0.08625091781054979
188,4,10,150,61,0.054384419234677496
189,4,10,150,61,0.2089531400761587
190,4,10,150,61,0.10699313236726378
191,4,10,150,61,0.0
192,4,10,150,61,0.0
193,4,10,150,61,0.0
194,4,10,150,61,0.020323217806223443
195,4,10,150,61,0.0
196,4,10,150,61,0.0
197,4,10,150,61,0.05576624569167862
198,4,10,150,61,0.0
199,4,10,150,61,0.0
200,4,10,150,61,0.11302970636219896
201,4,10,150,61,0.03487978243545732
203,4,10,150,61,0.0
204,4,10,150,61,0.0
205,4,10,150,61,0.0
206,4,10,150,61,0.0
207,4,10,150,61,0.050513241088636716
209,4,10,150,61,0.0
210,4,10,150,61,0.09440608278107551
211,4,10,150,61,0.0
212,4,10,150,61,0.12681701683239352
213,4,10,150,61,0.2384146878320104
214,4,10,150,61,0.056720838976548935
215,4,10,150,61,0.0
216,4,10,150,61,0.03497205398870122
217,4,10,150,61,0.0
218,4,10,150,61,0.19092086617893467
219,4,10,150,61,0.0
221,4,10,150,61,0.3375735570145491
222,4,10,150,61,0.12476107276951183
223,4,10,150,61,0.03870447337439288
224,4,10,150,61,0.0
225,4,10,150,61,0.0
226,4,10,150,61,0.08080765379783027
227,4,10,150,61,0.0
228,4,10,150,61,0.0
229,4,10,150,61,0.0
230,4,10,150,61,0.23712439662683835
231,4,10,150,61,0.0
232,4,10,150,61,0.3234992853586256
233,4,10,150,61,0.0968152409481219
234,4,10,150,61,0.06411917231744522
235,4,10,150,61,0.06065881345112158
236,4,10,150,61,0.0
237,4,10,150,61,0.0
238,4,10,150,61,0.0
239,4,10,150,61,0.08989646527561479
240,4,10,150,61,0.05497526658285817
242,4,10,150,61,0.0
243,4,10,150,61,0.09267768927614353
244,4,10,150,61,0.15765545519871427
245,4,10,150,61,0.10704534003732354
246,4,10,150,61,0.08041927109478651
247,4,10,150,61,0.0
248,4,10,150,61,0.14830051302014485
249,4,10,150,61,0.28358055700477847
250,4,10,150,61,0.3503302816689379
251,4,10,150,61,0.0
252,4,10,150,61,0.0
253,4,10,150,61,0.05954496680255472
254,4,10,150,61,0.0
255,4,10,150,61,0.0
256,4,10,150,61,0.16583176898817792
257,4,10,150,61,0.3305900772260718
258,4,10,150,61,0.0
259,4,10,150,61,0.0
260,4,10,150,61,0.0
261,4,10,150,61,0.0
262,4,10,150,61,0.0
263,4,10,150,61,0.12774011823457565
264,4,10,150,61,0.05840183867278569
265,4,10,150,61,0.10209739512291163
267,4,10,150,61,0.09794101962538232
268,4,10,150,61,0.07635205355386199
269,4,10,150,61,0.13223875150584097
270,4,10,150,61,0.046726672111120165
271,4,10,150,61,0.12276482551434069
272,4,10,150,61,0.14498698048571354
273,4,10,150,61,0.0
274,4,10,150,61,0.0
275,4,10,150,61,0.04605780568615433
276,4,10,150,61,0.18784639929386426
277,4,10,150,61,0.0
279,4,10,150,61,0.06493409231178052
280,4,10,150,61,0.03337620304869898
281,4,10,150,61,0.0
283,4,10,150,61,0.1292258709239571
284,4,10,150,61,0.0
285,4,10,150,61,0.1185995982858366
286,4,10,150,61,0.3005968627632655
287,4,10,150,61,0.06364028872631156
288,4,10,150,61,0.12538054736008386
289,4,10,150,61,0.13905617951077562
290,4,10,150,61,0.0
291,4,10,150,61,0.23494592513118112
292,4,10,150,61,0.08933583385868532
293,4,10,150,61,0.1262897143468065
294,4,10,150,61,0.04123398036294628
295,4,10,150,61,0.2670961153715764
296,4,10,150,61,0.47774763069170006
297,4,10,150,61,0.13535082686131417
298,4,10,150,61,0.19947114504638494
299,4,10,150,61,0.0
300,4,10,150,61,0.0
301,4,10,150,61,0.047934103497110726
303,4,10,150,61,0.10429171540620567
304,4,10,150,61,0.0
305,4,10,150,61,0.31514747987601716
306,4,10,150,61,0.0
307,4,10,150,61,0.1383141340724969
308,4,10,150,61,0.19205342317019936
309,4,10,150,61,0.0
310,4,10,150,61,0.0
311,4,10,150,61,0.08938791352906189
312,4,10,150,61,0.09804650712627644
313,4,10,150,61,0.14465709645474623
314,4,10,150,61,0.20285519102295546
315,4,10,150,61,0.0
316,4,10,150,61,0.04568304891751105
317,4,10,150,61,0.0
318,4,10,150,61,0.13815200906377123
319,4,10,150,61,0.0
320,4,10,150,61,0.0
321,4,10,150,61,0.062242588308449316
322,4,10,150,61,0.17342765698823945
323,4,10,150,61,0.14126697285982898
324,4,10,150,61,0.0
325,4,10,150,61,0.0
326,4,10,150,61,0.0634222181618871
327,4,10,150,61,0.0
328,4,10,150,61,0.1437524526514495
329,4,10,150,61,0.0
330,4,10,150,61,0.0536466452928127
331,4,10,150,61,0.16958010263680806
332,4,10,150,61,0.024647523009140075
333,4,10,150,61,0.0
334,4,10,150,61,0.07058424671826317
336,4,10,150,61,0.0
337,4,10,150,61,0.16716045496620227
338,4,10,150,61,0.05005165434923901
339,4,10,150,61,0.06608282041002614
340,4,10,150,61,0.0
341,4,10,150,61,0.0
342,4,10,150,61,0.2625072992734236
343,4,10,150,61,0.28732332399638805
344,4,10,150,61,0.23832550406045652
345,4,10,150,61,0.056149696530797676
346,4,10,150,61,0.13947804593499064
347,4,10,150,61,0.08705643551438974
348,4,10,150,61,0.071942683897578
349,4,10,150,61,0.07673373981757839
350,4,10,150,61,0.2065896325117088
351,4,10,150,61,0.0
352,4,10,150,61,0.0
353,4,10,150,61,0.0
354,4,10,150,61,0.051249224710132255
355,4,10,150,61,0.0
356,4,10,150,61,0.08406376813555873
357,4,10,150,61,0.0
358,4,10,150,61,0.20438239758848611
359,4,10,150,61,0.0
360,4,10,150,61,0.06752012359727312
361,4,10,150,61,0.09622728274290568
362,4,10,150,61,0.0
363,4,10,150,61,0.2000219371064626
364,4,10,150,61,0.0
365,4,10,150,61,0.0
366,4,10,150,61,0.0
367,4,10,150,61,0.0
368,4,10,150,61,0.0
369,4,10,150,61,0.0
370,4,10,150,61,0.13479984916817475
371,4,10,150,61,0.22569563125869263
372,4,10,150,61,0.0
373,4,10,150,61,0.062173010658778456
374,4,10,150,61,0.06834943074719504
375,4,10,150,61,0.0
376,4,10,150,61,0.0
377,4,10,150,61,0.08010929472340098
378,4,10,150,61,0.16448029476168333
379,4,10,150,61,0.11339835829152477
380,4,10,150,61,0.0
381,4,10,150,61,0.05105625351125917
382,4,10,150,61,0.0
383,4,10,150,61,0.04838338183089434
384,4,10,150,61,0.0
385,4,10,150,61,0.0
386,4,10,150,61,0.0
387,4,10,150,61,0.11497906462099297
388,4,10,150,61,0.04511904280884329
389,4,10,150,61,0.14120339070995014
390,4,10,150,61,0.0
391,4,10,150,61,0.2137247802747043
392,4,10,150,61,0.028653609888707104
393,4,10,150,61,0.027661957314667494
394,4,10,150,61,0.11073655428626575
395,4,10,150,61,0.09179488000267515
396,4,10,150,61,0.0
397,4,10,150,61,0.24725147036493156
398,4,10,150,61,0.18852571653533698
399,4,10,150,61,0.04732425758521323
400,4,10,150,61,0.0
401,4,10,150,61,0.0
402,4,10,150,61,0.08963222225173058
403,4,10,150,61,0.0854499779566911
404,4,10,150,61,0.0
405,4,10,150,61,0.07772160040956475
406,4,10,150,61,0.20956416940551098
407,4,10,150,61,0.04270006763257965
408,4,10,150,61,0.0
409,4,10,150,61,0.10914342353313093
410,4,10,150,61,0.0
411,4,10,150,61,0.0
412,4,10,150,61,0.0
413,4,10,150,61,0.041646268351119564
414,4,10,150,61,0.0
415,4,10,150,61,0.15103391472831218
416,4,10,150,61,0.2076467491497012
417,4,10,150,61,0.09850508837083022
418,4,10,150,61,0.0
419,4,10,150,61,0.1208113026994942
420,4,10,150,61,0.06052048269976269
421,4,10,150,61,0.15435807162450887
422,4,10,150,61,0.07550298029238112
423,4,10,150,61,0.053845569940583225
424,4,10,150,61,0.2766918177656049
425,4,10,150,61,0.1674157226455415
426,4,10,150,61,0.040759261617270684
427,4,10,150,61,0.0
428,4,10,150,61,0.04415960465480069
429,4,10,150,61,0.14517706132798788
430,4,10,150,61,0.0
431,4,10,150,61,0.0
432,4,10,150,61,0.05789711601244791
433,4,10,150,61,0.05780921899607981
434,4,10,150,61,0.20778267687568405
435,4,10,150,61,0.17195543683824452
436,4,10,150,61,0.0
437,4,10,150,61,0.10867290175167639
438,4,10,150,61,0.0
439,4,10,150,61,0.10863976191957724
440,4,10,150,61,0.0
441,4,10,150,61,0.0
442,4,10,150,61,0.040949887133979804
443,4,10,150,61,0.06783204105472322
444,4,10,150,61,0.1312721899408984
445,4,10,150,61,0.0
446,4,10,150,61,0.0
447,4,10,150,61,0.16246725303708914
448,4,10,150,61,0.0
449,4,10,150,61,0.1882329728596757
450,4,10,150,61,0.28456431455954456
451,4,10,150,61,0.06148915918944534
452,4,10,150,61,0.10773098771530253
453,4,10,150,61,0.0
454,4,10,150,61,0.0
455,4,10,150,61,0.063401477059351
456,4,10,150,61,0.018650043077523788
457,4,10,150,61,0.2974024120042739
458,4,10,150,61,0.06982799741808067
459,4,10,150,61,0.0
460,4,10,150,61,0.05184030722866645
461,4,10,150,61,0.0
462,4,10,150,61,0.0
463,4,10,150,61,0.11987424504051505
464,4,10,150,61,0.0
465,4,10,150,61,0.0
466,4,10,150,61,0.0
467,4,10,150,61,0.07807600999842033
468,4,10,150,61,0.11455543964849552
469,4,10,150,61,0.05165643482805862
470,4,10,150,61,0.0
471,4,10,150,61,0.0
472,4,10,150,61,0.07484150925457735
473,4,10,150,61,0.06140244428718695
474,4,10,150,61,0.2295327411567257
475,4,10,150,61,0.0
476,4,10,150,61,0.0
477,4,10,150,61,0.0
478,4,10,150,61,0.2345109835167376
479,4,10,150,61,0.10172348796286074
480,4,10,150,61,0.0741070054529978
481,4,10,150,61,0.13102204196909084
482,4,10,150,61,0.0
483,4,10,150,61,0.05658242244874664
484,4,10,150,61,0.2723783861819967
485,4,10,150,61,0.0
486,4,10,150,61,0.0
487,4,10,150,61,0.08199193156683765
488,4,10,150,61,0.0
489,4,10,150,61,0.0
490,4,10,150,61,0.0
491,4,10,150,61,0.14208678740137623
492,4,10,150,61,0.0
493,4,10,150,61,0.1475552329391869
494,4,10,150,61,0.0
495,4,10,150,61,0.11519757297347474
496,4,10,150,61,0.047739744220948385
497,4,10,150,61,0.05057001832592956
498,4,10,150,61,0.0
499,4,10,150,61,0.05075938465928585
500,4,10,150,61,0.09541527213731128
501,4,10,150,61,0.0
502,4,10,150,61,0.0
503,4,10,150,61,0.05608659198762317
504,4,10,150,61,0.08148269775823089
505,4,10,150,61,0.07379217622092994
506,4,10,150,61,0.10550534038207493
507,4,10,150,61,0.05319635904163211
508,4,10,150,61,0.0
509,4,10,150,61,0.0
510,4,10,150,61,0.0
511,4,10,150,61,0.08495943917278885
512,4,10,150,61,0.05478392673173268
513,4,10,150,61,0.0
514,4,10,150,61,0.27252722616773445
515,4,10,150,61,0.11706259313796354
516,4,10,150,61,0.0
517,4,10,150,61,0.08878770367712427
518,4,10,150,61,0.0
519,4,10,150,61,0.0
520,4,10,150,61,0.0
521,4,10,150,61,0.09850628252086785
522,4,10,150,61,0.12524561954372188
523,4,10,150,61,0.032114893884379984
524,4,10,150,61,0.13128253338754414
525,4,10,150,61,0.0
526,4,10,150,61,0.08455387297587473
527,4,10,150,61,0.1636135858112592
528,4,10,150,61,0.10209739512291163
529,4,10,150,61,0.0
530,4,10,150,61,0.0
531,4,10,150,61,0.1517763576041802
532,4,10,150,61,0.2633677187406756
533,4,10,150,61,0.11557545112991054
534,4,10,150,61,0.1046638363823608
535,4,10,150,61,0.13889821983463596
536,4,10,150,61,0.11332938400002224
537,4,10,150,61,0.35486792265312705
538,4,10,150,61,0.14697776980950736
539,4,10,150,61,0.04478826142555715
540,4,10,150,61,0.0
541,4,10,150,61,0.04030702414138781
542,4,10,150,61,0.049033875503285806
543,4,10,150,61,0.04953295293703468
544,4,10,150,61,0.05282936728943967
545,4,10,150,61,0.02244213465825961
546,4,10,150,61,0.05758752804519195
547,4,10,150,61,0.0
548,4,10,150,61,0.1103190733436671
549,4,10,150,61,0.0
550,4,10,150,61,0.04785685030080952
551,4,10,150,61,0.08183444561907922
552,4,10,150,61,0.1205344274731702
553,4,10,150,61,0.07411563356774664
554,4,10,150,61,0.12627825946936164
555,4,10,150,61,0.0
556,4,10,150,61,0.07660623398069263
557,4,10,150,61,0.031742154565302834
558,4,10,150,61,0.08878770367712427
559,4,10,150,61,0.04366879852493834
560,4,10,150,61,0.09375790921485552
561,4,10,150,61,0.08159544571709913
562,4,10,150,61,0.053882237000818504
563,4,10,150,61,0.0
564,4,10,150,61,0.11981590245460758
565,4,10,150,61,0.0
566,4,10,150,61,0.03579489106983033
567,4,10,150,61,0.1471381878632886
568,4,10,150,61,0.036155150901276155
569,4,10,150,61,0.18299769260789403
570,4,10,150,61,0.0
571,4,10,150,61,0.0
572,4,10,150,61,0.16812753627111746
573,4,10,150,61,0.06437746926759551
574,4,10,150,61,0.051811563545175146
575,4,10,150,61,0.0
576,4,10,150,61,0.0
577,4,10,150,61,0.20541190363713152
578,4,10,150,61,0.0
579,4,10,150,61,0.0
580,4,10,150,61,0.12128674553236206
581,4,10,150,61,0.09893005350346888
582,4,10,150,61,0.03190895161277091
583,4,10,150,61,0.0
584,4,10,150,61,0.06323567569191428
585,4,10,150,61,0.04173963774222741
586,4,10,150,61,0.05786021189691368
587,4,10,150,61,0.0
588,4,10,150,61,0.13560342958033234
589,4,10,150,61,0.0
590,4,10,150,61,0.053845569940583225
591,4,10,150,61,0.0
592,4,10,150,61,0.3497574215092537
593,4,10,150,61,0.07711036365720102
594,4,10,150,61,0.0
595,4,10,150,61,0.10296141646738245
596,4,10,150,61,0.0
597,4,10,150,61,0.27101620591530523
598,4,10,150,61,0.0684591776394769
599,4,10,150,61,0.0
600,4,10,150,61,0.09197011795311534
601,4,10,150,61,0.0
602,4,10,150,61,0.0
603,4,10,150,61,0.0
604,4,10,150,61,0.0
605,4,10,150,61,0.23939908411991156
606,4,10,150,61,0.14995431516032265
607,4,10,150,61,0.08673473912838402
608,4,10,150,61,0.09072059226435805
609,4,10,150,61,0.0
610,4,10,150,61,0.19303241878686786
611,4,10,150,61,0.07624568872860434
612,4,10,150,61,0.0
613,4,10,150,61,0.08385150490449667
614,4,10,150,61,0.0
615,4,10,150,61,0.04919117729584568
616,4,10,150,61,0.03618657486793958
617,4,10,150,61,0.0
618,4,10,150,61,0.1281253572826617
619,4,10,150,61,0.12363660028711727
620,4,10,150,61,0.14012037550990028
621,4,10,150,61,0.11278207190006835
622,4,10,150,61,0.1752222726606466
623,4,10,150,61,0.17494254380936963
624,4,10,150,61,0.06626749824739844
625,4,10,150,61,0.0
626,4,10,150,61,0.06228974831361337
627,4,10,150,61,0.06945233499530101
628,4,10,150,61,0.0
629,4,10,150,61,0.14360653209080107
630,4,10,150,61,0.15874779570678058
631,4,10,150,61,0.0
632,4,10,150,61,0.12112269717167994
633,4,10,150,61,0.11499138576948859
634,4,10,150,61,0.022104381789790163
635,4,10,150,61,0.04546401530948942
636,4,10,150,61,0.06364028872631156
637,4,10,150,61,0.01928973283308616
638,4,10,150,61,0.09712868482236708
639,4,10,150,61,0.016417578556357865
640,4,10,150,61,0.10536866733091729
641,4,10,150,61,0.07675099783970546
642,4,10,150,61,0.14003779838976482
643,4,10,150,61,0.11071279041815515
644,4,10,150,61,0.04935421935348238
645,4,10,150,61,0.16158259063789654
646,4,10,150,61,0.0
647,4,10,150,61,0.030218457878623886
648,4,10,150,61,0.1463052392498628
649,4,10,150,61,0.15489949502599
650,4,10,150,61,0.07072418499270272
651,4,10,150,61,0.0
652,4,10,150,61,0.08156220960446063
653,4,10,150,61,0.11141934642099799
654,4,10,150,61,0.21255442687635834
655,4,10,150,61,0.14651581688935408
656,4,10,150,61,0.07397229644086958
657,4,10,150,61,0.0
658,4,10,150,61,0.2625403796417579
659,4,10,150,61,0.08781544355121487
660,4,10,150,61,0.03965485437391095
661,4,10,150,61,0.08605775303302886
662,4,10,150,61,0.0512644431393966
663,4,10,150,61,0.24026856780584893
664,4,10,150,61,0.28517362059082263
665,4,10,150,61,0.0
666,4,10,150,61,0.19581318205693357
667,4,10,150,61,0.28468511714771283
668,4,10,150,61,0.06194403202282284
669,4,10,150,61,0.1348578320198433
670,4,10,150,61,0.06613087842005526
671,4,10,150,61,0.1607186693017089
672,4,10,150,61,0.0
673,4,10,150,61,0.14837758007547783
674,4,10,150,61,0.11338915993603582
675,4,10,150,61,0.0
676,4,10,150,61,0.16684180252782607
677,4,10,150,61,0.03314040476303028
678,4,10,150,61,0.03824432123396675
679,4,10,150,61,0.15527711509166947
680,4,10,150,61,0.11377863936243801
681,4,10,150,61,0.0
682,4,10,150,61,0.13454121651502562
683,4,10,150,61,0.0
684,4,10,150,61,0.06573003977381581
685,4,10,150,61,0.1906465758273748
686,4,10,150,61,0.07277260183012466
687,4,10,150,61,0.0
688,4,10,150,61,0.0
689,4,10,150,61,0.18098128360653137
690,4,10,150,61,0.07914701567910001
691,4,10,150,61,0.09842092178212862
692,4,10,150,61,0.12090042896411356
693,4,10,150,61,0.0
694,4,10,150,61,0.2050252665356312
695,4,10,150,61,0.0
696,4,10,150,61,0.039725595076707886
697,4,10,150,61,0.04239477130634912
698,4,10,150,61,0.041937660325009396
699,4,10,150,61,0.050296301412810544
700,4,10,150,61,0.12729890218214104
701,4,10,150,61,0.0
702,4,10,150,61,0.037715680681715956
703,4,10,150,61,0.11918688501400482
704,4,10,150,61,0.21717049343670972
705,4,10,150,61,0.18306616888675684
706,4,10,150,61,0.04395738023645723
707,4,10,150,61,0.042290556608368925
708,4,10,150,61,0.07186325791519563
709,4,10,150,61,0.13472082394875662
710,4,10,150,61,0.10695361352497157
711,4,10,150,61,0.17048467867560535
712,4,10,150,61,0.15511023313323485
713,4,10,150,61,0.1468735732232516
714,4,10,150,61,0.03441184191455828
715,4,10,150,61,0.0
716,4,10,150,61,0.24164157439638878
717,4,10,150,61,0.09054670163637572
718,4,10,150,61,0.035328385129692476
719,4,10,150,61,0.09883437846193516
720,4,10,150,61,0.0
721,4,10,150,61,0.1626199557578681
722,4,10,150,61,0.06556429791586475
723,4,10,150,61,0.0
724,4,10,150,61,0.0
725,4,10,150,61,0.0
726,4,10,150,61,0.05010834716923557
727,4,10,150,61,0.14512103729135112
728,4,10,150,61,0.09627818061559096
729,4,10,150,61,0.0
730,4,10,150,61,0.02601736765943984
731,4,10,150,61,0.13032711631493252
732,4,10,150,61,0.0
733,4,10,150,61,0.14514596345398123
734,4,10,150,61,0.0
735,4,10,150,61,0.0
736,4,10,150,61,0.03351972906068008
737,4,10,150,61,0.1138970555583582
738,4,10,150,61,0.13922998739868644
739,4,10,150,61,0.03855307727568851
740,4,10,150,61,0.0
741,4,10,150,61,0.05358697798864893
742,4,10,150,61,0.0488929053971083
743,4,10,150,61,0.0690623255281084
744,4,10,150,61,0.03596673601130318
745,4,10,150,61,0.03520132288421838
746,4,10,150,61,0.25743994347908983
747,4,10,150,61,0.40996646843322576
748,4,10,150,61,0.09621648119325965
749,4,10,150,61,0.14190878551385286
750,4,10,150,61,0.041278922835426404
751,4,10,150,61,0.08704287872576176
752,4,10,150,61,0.023242424817620892
753,4,10,150,61,0.15780803084928155
754,4,10,150,61,0.0
755,4,10,150,61,0.03855371268423985
756,4,10,150,61,0.031104745345423533
757,4,10,150,61,0.0
758,4,10,150,61,0.2661227836699931
759,4,10,150,61,0.08145040004058159
760,4,10,150,61,0.03004859059698017
761,4,10,150,61,0.06869287000000811
762,4,10,150,61,0.051960280791503534
763,4,10,150,61,0.04542386553984721
764,4,10,150,61,0.08946696896639536
765,4,10,150,61,0.15066101840234988
766,4,10,150,61,0.02409301249493235
767,4,10,150,61,0.10635849541123835
768,4,10,150,61,0.08438032815655525
769,4,10,150,61,0.0
770,4,10,150,61,0.21464739068424896
771,4,10,150,61,0.2872791742076055
772,4,10,150,61,0.17356150297482983
773,4,10,150,61,0.09088148824608729
774,4,10,150,61,0.06443773280634768
775,4,10,150,61,0.0
776,4,10,150,61,0.138487812915294
777,4,10,150,61,0.0
778,4,10,150,61,0.1631238413472767
779,4,10,150,61,0.0
780,4,10,150,61,0.07672775543002532
781,4,10,150,61,0.2016539629141292
782,4,10,150,61,0.04444408008203774
783,4,10,150,61,0.0
784,4,10,150,61,0.0
785,4,10,150,61,0.0
786,4,10,150,61,0.0
787,4,10,150,61,0.0
788,4,10,150,61,0.26004099632055666
789,4,10,150,61,0.08809718769055445
790,4,10,150,61,0.0
791,4,10,150,61,0.04465281017341861
792,4,10,150,61,0.06658592494149675
793,4,10,150,61,0.0
794,4,10,150,61,0.04108065887337468
795,4,10,150,61,0.012176893559712394
796,4,10,150,61,0.3630613597255581
797,4,10,150,61,0.11278903329502893
798,4,10,150,61,0.04267459778011697
799,4,10,150,61,0.0
800,4,10,150,61,0.03244993904038569
801,4,10,150,61,0.1561471668577559
802,4,10,150,61,0.06960082070980815
803,4,10,150,61,0.10569353498973794
804,4,10,150,61,0.13853356688719115
805,4,10,150,61,0.11024444754134367
806,4,10,150,61,0.2959152150106387
807,4,10,150,61,0.12200890106293766
808,4,10,150,61,0.1025417224926713
809,4,10,150,61,0.10356976056061801
810,4,10,150,61,0.0
811,4,10,150,61,0.0
812,4,10,150,61,0.0
813,4,10,150,61,0.0
814,4,10,150,61,0.034616222155696735
815,4,10,150,61,0.22152853439416811
816,4,10,150,61,0.0
817,4,10,150,61,0.0
818,4,10,150,61,0.05516788910004661
819,4,10,150,61,0.037210602758860095
820,4,10,150,61,0.03947561302344988
821,4,10,150,61,0.302950268110492
822,4,10,150,61,0.028653609888707104
823,4,10,150,61,0.18979652515811288
824,4,10,150,61,0.05046096657376444
825,4,10,150,61,0.08238190489603152
826,4,10,150,61,0.14101060791647543
827,4,10,150,61,0.0
828,4,10,150,61,0.05745618865524075
829,4,10,150,61,0.1751347628439014
830,4,10,150,61,0.17854437265047174
831,4,10,150,61,0.21058943716644085
832,4,10,150,61,0.0
833,4,10,150,61,0.17692314871930825
834,4,10,150,61,0.2706897351446418
835,4,10,150,61,0.15540024392113308
836,4,10,150,61,0.17832202911372014
837,4,10,150,61,0.05665916465450996
838,4,10,150,61,0.27895398740912175
839,4,10,150,61,0.08633834411059861
840,4,10,150,61,0.3119587304395146
841,4,10,150,61,0.06507217400164225
842,4,10,150,61,0.03947561302344988
843,4,10,150,61,0.0
844,4,10,150,61,0.05872188515498603
845,4,10,150,61,0.0
846,4,10,150,61,0.3563418138110312
847,4,10,150,61,0.055636255183324435
848,4,10,150,61,0.04829572566980624
849,4,10,150,61,0.0419387969316025
850,4,10,150,61,0.2721744638560368
851,4,10,150,61,0.060065175558316336
852,4,10,150,61,0.26227118260874954
853,4,10,150,61,0.0
854,4,10,150,61,0.0
855,4,10,150,61,0.0
856,4,10,150,61,0.037110354711564805
857,4,10,150,61,0.0
858,4,10,150,61,0.10250982096838526
859,4,10,150,61,0.05070263548706836
860,4,10,150,61,0.10848832312989015
861,4,10,150,61,0.06460834446248033
862,4,10,150,61,0.10895957553468262
863,4,10,150,61,0.06336841123297353
864,4,10,150,61,0.43146285508134385
865,4,10,150,61,0.07803010102565
866,4,10,150,61,0.16283687678415507
867,4,10,150,61,0.17207691146483065
868,4,10,150,61,0.23497447370668822
869,4,10,150,61,0.0587446084443979
870,4,10,150,61,0.2767549985969801
871,4,10,150,61,0.07012986265386374
872,4,10,150,61,0.02804794621397926
873,4,10,150,61,0.0
874,4,10,150,61,0.13944914190808633
875,4,10,150,61,0.11729943308729383
876,4,10,150,61,0.08671382849411972
877,4,10,150,61,0.0835317778614811
878,4,10,150,61,0.1706804422753891
879,4,10,150,61,0.03963466998423315
880,4,10,150,61,0.3677530606581999
881,4,10,150,61,0.10683159550776493
882,4,10,150,61,0.21288820648214166
883,4,10,150,61,0.3382211289876543
884,4,10,150,61,0.09113547509404434
885,4,10,150,61,0.04536087033637415
886,4,10,150,61,0.20134619835650197
887,4,10,150,61,0.11685952516882095
888,4,10,150,61,0.11625487663628292
889,4,10,150,61,0.011808410705312702
890,4,10,150,61,0.11434431442033766
891,4,10,150,61,0.10491091696774645
892,4,10,150,61,0.25005968838318193
893,4,10,150,61,0.10869735563398858
894,4,10,150,61,0.11123823998287272
895,4,10,150,61,0.0
896,4,10,150,61,0.3170282659471276
897,4,10,150,61,0.3091087598430788
898,4,10,150,61,0.0
899,4,10,150,61,0.05748739019668477
900,4,10,150,61,0.055315677011973347
901,4,10,150,61,0.18132668514654882
902,4,10,150,61,0.05978585424799658
903,4,10,150,61,0.23389434103643633
904,4,10,150,61,0.0
905,4,10,150,61,0.0
906,4,10,150,61,0.10407444169186962
907,4,10,150,61,0.04552366948252362
908,4,10,150,61,0.06892767477436933
909,4,10,150,61,0.0
910,4,10,150,61,0.0
911,4,10,150,61,0.13243052909755645
912,4,10,150,61,0.15575097056245804
913,4,10,150,61,0.07219927248779984
914,4,10,150,61,0.0
915,4,10,150,61,0.0
916,4,10,150,61,0.25972576657268476
917,4,10,150,61,0.0
918,4,10,150,61,0.043627084055128
919,4,10,150,61,0.1040867291503468
920,4,10,150,61,0.0
921,4,10,150,61,0.15405864814296488
922,4,10,150,61,0.1280645281724967
923,4,10,150,61,0.02142307850464013
924,4,10,150,61,0.018280262702529162
925,4,10,150,61,0.0
926,4,10,150,61,0.0
927,4,10,150,61,0.06161666228429627
928,4,10,150,61,0.1482972305701491
929,4,10,150,61,0.25163227912988373
930,4,10,150,61,0.032298243696638564
931,4,10,150,61,0.08679587898287541
932,4,10,150,61,0.2595977065432631
933,4,10,150,61,0.06482780534777928
934,4,10,150,61,0.10071040486185964
935,4,10,150,61,0.04173963774222741
936,4,10,150,61,0.1321191921354211
937,4,10,150,61,0.0
938,4,10,150,61,0.1482741018676109
939,4,10,150,61,0.02916862694666808
940,4,10,150,61,0.050684733114198
941,4,10,150,61,0.0
942,4,10,150,61,0.10504870308911567
943,4,10,150,61,0.20163692230838232
1,4,10,150,62,0.4058715898896693
2,4,10,150,62,0.06250343848035038
3,4,10,150,62,0.0
4,4,10,150,62,0.0
5,4,10,150,62,0.040209635547393256
6,4,10,150,62,0.27020011346731576
7,4,10,150,62,0.29136519416833906
8,4,10,150,62,0.0
9,4,10,150,62,0.21840743681816419
10,4,10,150,62,0.18761894776868226
11,4,10,150,62,0.1722584975122812
12,4,10,150,62,0.0
13,4,10,150,62,0.26918565900560193
14,4,10,150,62,0.03963175841995263
15,4,10,150,62,0.05010834716923557
16,4,10,150,62,0.053168340515114924
17,4,10,150,62,0.0
18,4,10,150,62,0.24724966735366713
19,4,10,150,62,0.0
20,4,10,150,62,0.0
21,4,10,150,62,0.0
22,4,10,150,62,0.11702382382650763
23,4,10,150,62,0.23682446174402746
24,4,10,150,62,0.0
25,4,10,150,62,0.12358102547512423
26,4,10,150,62,0.0
27,4,10,150,62,0.0
28,4,10,150,62,0.0
29,4,10,150,62,0.13455232720853103
30,4,10,150,62,0.0
31,4,10,150,62,0.0
32,4,10,150,62,0.0
33,4,10,150,62,0.0
35,4,10,150,62,0.10523285614729473
36,4,10,150,62,0.0
37,4,10,150,62,0.0
38,4,10,150,62,0.04739418218477539
39,4,10,150,62,0.0
40,4,10,150,62,0.10558114683788161
41,4,10,150,62,0.0
42,4,10,150,62,0.0683037314796457
43,4,10,150,62,0.22592974817952552
44,4,10,150,62,0.2044921015662719
45,4,10,150,62,0.05200670101006268
46,4,10,150,62,0.11284514134893527
47,4,10,150,62,0.06250343848035038
48,4,10,150,62,0.0
49,4,10,150,62,0.0
50,4,10,150,62,0.0
51,4,10,150,62,0.16812753627111746
52,4,10,150,62,0.0
54,4,10,150,62,0.0
56,4,10,150,62,0.20383503459815738
57,4,10,150,62,0.3030555992505742
58,4,10,150,62,0.3717269535737058
59,4,10,150,62,0.2378606442039324
60,4,10,150,62,0.1505674224523334
61,4,10,150,62,0.0
62,4,10,150,62,0.08314631791322982
63,4,10,150,62,0.0
64,4,10,150,62,0.04238468688770069
65,4,10,150,62,0.13012668333070054
66,4,10,150,62,0.0
67,4,10,150,62,0.0
68,4,10,150,62,0.4827392464262081
69,4,10,150,62,0.07673373981757839
70,4,10,150,62,0.0
71,4,10,150,62,0.0
72,4,10,150,62,0.031239588460834872
73,4,10,150,62,0.0
74,4,10,150,62,0.0
75,4,10,150,62,0.049432410190049694
76,4,10,150,62,0.1301464707340554
77,4,10,150,62,0.10201115106436301
78,4,10,150,62,0.0
79,4,10,150,62,0.27487633291429087
80,4,10,150,62,0.0
81,4,10,150,62,0.0
82,4,10,150,62,0.19298623480417013
83,4,10,150,62,0.12089611529519323
84,4,10,150,62,0.05034889199379723
85,4,10,150,62,0.0
87,4,10,150,62,0.07100089300395272
89,4,10,150,62,0.2553387838830436
90,4,10,150,62,0.04275570647343925
91,4,10,150,62,0.05648147012627732
92,4,10,150,62,0.10542637391232386
93,4,10,150,62,0.0
94,4,10,150,62,0.10584596736853813
95,4,10,150,62,0.17287436926807473
96,4,10,150,62,0.0
97,4,10,150,62,0.06462745615384195
98,4,10,150,62,0.0930297504356062
99,4,10,150,62,0.05658242244874664
100,4,10,150,62,0.0
101,4,10,150,62,0.0
102,4,10,150,62,0.02424726876918863
103,4,10,150,62,0.0
104,4,10,150,62,0.0
105,4,10,150,62,0.0
106,4,10,150,62,0.0
107,4,10,150,62,0.0
108,4,10,150,62,0.0
109,4,10,150,62,0.07103066762111539
110,4,10,150,62,0.0
111,4,10,150,62,0.0
112,4,10,150,62,0.05685954565780693
113,4,10,150,62,0.053168340515114924
114,4,10,150,62,0.0
115,4,10,150,62,0.10684080426179023
116,4,10,150,62,0.0
117,4,10,150,62,0.26646890433550474
118,4,10,150,62,0.0
119,4,10,150,62,0.2063582228182277
120,4,10,150,62,0.0
121,4,10,150,62,0.271985059917519
122,4,10,150,62,0.1530100230930498
123,4,10,150,62,0.07386004580671933
125,4,10,150,62,0.12702645795516354
126,4,10,150,62,0.06911917000496234
127,4,10,150,62,0.1678437907858252
128,4,10,150,62,0.05750548798281727
129,4,10,150,62,0.0
130,4,10,150,62,0.16099269493775217
131,4,10,150,62,0.06556385272536247
133,4,10,150,62,0.11047239495909743
134,4,10,150,62,0.0
135,4,10,150,62,0.0
137,4,10,150,62,0.1371200812351206
138,4,10,150,62,0.0
139,4,10,150,62,0.0
141,4,10,150,62,0.0
142,4,10,150,62,0.13373003436102654
143,4,10,150,62,0.1208996448617798
144,4,10,150,62,0.1227945149537572
145,4,10,150,62,0.08829985348038716
146,4,10,150,62,0.0
148,4,10,150,62,0.054181637470214
149,4,10,150,62,0.0
150,4,10,150,62,0.10235170428306553
151,4,10,150,62,0.06298430394440727
152,4,10,150,62,0.040655755922716606
153,4,10,150,62,0.0
154,4,10,150,62,0.06372882143962796
155,4,10,150,62,0.0
156,4,10,150,62,0.0
158,4,10,150,62,0.17575552384613552
159,4,10,150,62,0.03310852000739229
160,4,10,150,62,0.0
161,4,10,150,62,0.0
162,4,10,150,62,0.0
163,4,10,150,62,0.0
164,4,10,150,62,0.0
165,4,10,150,62,0.12114889742360979
166,4,10,150,62,0.0
167,4,10,150,62,0.0
168,4,10,150,62,0.23504554941448536
169,4,10,150,62,0.06416923277158361
170,4,10,150,62,0.0
171,4,10,150,62,0.0
172,4,10,150,62,0.0
173,4,10,150,62,0.05840183867278569
174,4,10,150,62,0.060961917527339995
175,4,10,150,62,0.0
176,4,10,150,62,0.09511409151391914
177,4,10,150,62,0.06912040963822193
178,4,10,150,62,0.2437589399037192
179,4,10,150,62,0.06723507268634088
180,4,10,150,62,0.12262943855309168
181,4,10,150,62,0.01719677167528726
182,4,10,150,62,0.0
183,4,10,150,62,0.0
184,4,10,150,62,0.09303069037986347
185,4,10,150,62,0.07745351606183934
186,4,10,150,62,0.22147164648185297
187,4,10,150,62,0.08625091781054979
188,4,10,150,62,0.054384419234677496
189,4,10,150,62,0.2089531400761587
190,4,10,150,62,0.10699313236726378
191,4,10,150,62,0.0
192,4,10,150,62,0.0
193,4,10,150,62,0.0
194,4,10,150,62,0.039890284039303295
195,4,10,150,62,0.0
196,4,10,150,62,0.0
197,4,10,150,62,0.05576624569167862
198,4,10,150,62,0.0
199,4,10,150,62,0.0
200,4,10,150,62,0.11302970636219896
201,4,10,150,62,0.03487978243545732
203,4,10,150,62,0.0
204,4,10,150,62,0.0
205,4,10,150,62,0.0
206,4,10,150,62,0.0
207,4,10,150,62,0.050513241088636716
209,4,10,150,62,0.0
210,4,10,150,62,0.09440608278107551
211,4,10,150,62,0.0
212,4,10,150,62,0.12681701683239352
213,4,10,150,62,0.2384146878320104
214,4,10,150,62,0.056720838976548935
215,4,10,150,62,0.0
216,4,10,150,62,0.03497205398870122
217,4,10,150,62,0.0
218,4,10,150,62,0.19092086617893467
219,4,10,150,62,0.0
221,4,10,150,62,0.3375735570145491
222,4,10,150,62,0.12476107276951183
223,4,10,150,62,0.03870447337439288
224,4,10,150,62,0.0
225,4,10,150,62,0.0
226,4,10,150,62,0.08080765379783027
227,4,10,150,62,0.0
228,4,10,150,62,0.0
229,4,10,150,62,0.0
230,4,10,150,62,0.23712439662683835
231,4,10,150,62,0.0
232,4,10,150,62,0.3234992853586256
233,4,10,150,62,0.0968152409481219
234,4,10,150,62,0.06411917231744522
235,4,10,150,62,0.06065881345112158
236,4,10,150,62,0.0
237,4,10,150,62,0.0
238,4,10,150,62,0.0
239,4,10,150,62,0.08989646527561479
240,4,10,150,62,0.05497526658285817
242,4,10,150,62,0.0
243,4,10,150,62,0.09267768927614353
244,4,10,150,62,0.15765545519871427
245,4,10,150,62,0.10704534003732354
246,4,10,150,62,0.08041927109478651
247,4,10,150,62,0.0
248,4,10,150,62,0.14830051302014485
249,4,10,150,62,0.28358055700477847
250,4,10,150,62,0.3503302816689379
251,4,10,150,62,0.0
252,4,10,150,62,0.0
253,4,10,150,62,0.05954496680255472
254,4,10,150,62,0.0
255,4,10,150,62,0.0
256,4,10,150,62,0.16583176898817792
257,4,10,150,62,0.3305900772260718
258,4,10,150,62,0.0
259,4,10,150,62,0.0
260,4,10,150,62,0.0
261,4,10,150,62,0.0
262,4,10,150,62,0.0
263,4,10,150,62,0.12774011823457565
264,4,10,150,62,0.05840183867278569
265,4,10,150,62,0.10209739512291163
267,4,10,150,62,0.09794101962538232
268,4,10,150,62,0.09385240010559207
269,4,10,150,62,0.13223875150584097
270,4,10,150,62,0.046726672111120165
271,4,10,150,62,0.12276482551434069
272,4,10,150,62,0.14498698048571354
273,4,10,150,62,0.0
274,4,10,150,62,0.0
275,4,10,150,62,0.04605780568615433
276,4,10,150,62,0.18784639929386426
277,4,10,150,62,0.0
279,4,10,150,62,0.06493409231178052
280,4,10,150,62,0.03337620304869898
281,4,10,150,62,0.0
283,4,10,150,62,0.1292258709239571
284,4,10,150,62,0.0
285,4,10,150,62,0.1185995982858366
286,4,10,150,62,0.3005968627632655
287,4,10,150,62,0.06364028872631156
288,4,10,150,62,0.12538054736008386
289,4,10,150,62,0.13905617951077562
290,4,10,150,62,0.0
291,4,10,150,62,0.23494592513118112
292,4,10,150,62,0.08933583385868532
293,4,10,150,62,0.1445507740968775
294,4,10,150,62,0.04123398036294628
295,4,10,150,62,0.2670961153715764
296,4,10,150,62,0.47774763069170006
297,4,10,150,62,0.13535082686131417
298,4,10,150,62,0.19947114504638494
299,4,10,150,62,0.0
300,4,10,150,62,0.0
301,4,10,150,62,0.047934103497110726
303,4,10,150,62,0.10429171540620567
304,4,10,150,62,0.0
305,4,10,150,62,0.31514747987601716
306,4,10,150,62,0.0
307,4,10,150,62,0.1383141340724969
308,4,10,150,62,0.19205342317019936
309,4,10,150,62,0.0
310,4,10,150,62,0.0
311,4,10,150,62,0.08938791352906189
312,4,10,150,62,0.09804650712627644
313,4,10,150,62,0.14465709645474623
314,4,10,150,62,0.20285519102295546
315,4,10,150,62,0.0
316,4,10,150,62,0.04568304891751105
317,4,10,150,62,0.0
318,4,10,150,62,0.13815200906377123
319,4,10,150,62,0.0
320,4,10,150,62,0.0
321,4,10,150,62,0.062242588308449316
322,4,10,150,62,0.17342765698823945
323,4,10,150,62,0.14126697285982898
324,4,10,150,62,0.0
325,4,10,150,62,0.0
326,4,10,150,62,0.0634222181618871
327,4,10,150,62,0.0
328,4,10,150,62,0.1437524526514495
329,4,10,150,62,0.0
330,4,10,150,62,0.0536466452928127
331,4,10,150,62,0.16958010263680806
332,4,10,150,62,0.024647523009140075
333,4,10,150,62,0.0
334,4,10,150,62,0.07058424671826317
336,4,10,150,62,0.0
337,4,10,150,62,0.16716045496620227
338,4,10,150,62,0.05005165434923901
339,4,10,150,62,0.06608282041002614
340,4,10,150,62,0.0
341,4,10,150,62,0.0
342,4,10,150,62,0.2625072992734236
343,4,10,150,62,0.28732332399638805
344,4,10,150,62,0.23832550406045652
345,4,10,150,62,0.056149696530797676
346,4,10,150,62,0.13947804593499064
347,4,10,150,62,0.08705643551438974
348,4,10,150,62,0.071942683897578
349,4,10,150,62,0.07673373981757839
350,4,10,150,62,0.2065896325117088
351,4,10,150,62,0.0
352,4,10,150,62,0.0
353,4,10,150,62,0.0
354,4,10,150,62,0.051249224710132255
355,4,10,150,62,0.0
356,4,10,150,62,0.08406376813555873
357,4,10,150,62,0.0
358,4,10,150,62,0.20438239758848611
359,4,10,150,62,0.0
360,4,10,150,62,0.06752012359727312
361,4,10,150,62,0.09622728274290568
362,4,10,150,62,0.0
363,4,10,150,62,0.2000219371064626
364,4,10,150,62,0.0
365,4,10,150,62,0.0
366,4,10,150,62,0.0
367,4,10,150,62,0.0
368,4,10,150,62,0.0
369,4,10,150,62,0.0
370,4,10,150,62,0.13479984916817475
371,4,10,150,62,0.22569563125869263
372,4,10,150,62,0.0
373,4,10,150,62,0.062173010658778456
374,4,10,150,62,0.06834943074719504
375,4,10,150,62,0.0
376,4,10,150,62,0.0
377,4,10,150,62,0.08010929472340098
378,4,10,150,62,0.16448029476168333
379,4,10,150,62,0.11339835829152477
380,4,10,150,62,0.0
381,4,10,150,62,0.05105625351125917
382,4,10,150,62,0.0
383,4,10,150,62,0.04838338183089434
384,4,10,150,62,0.0
385,4,10,150,62,0.0
386,4,10,150,62,0.0
387,4,10,150,62,0.11497906462099297
388,4,10,150,62,0.04511904280884329
389,4,10,150,62,0.14120339070995014
390,4,10,150,62,0.0
391,4,10,150,62,0.2137247802747043
392,4,10,150,62,0.028653609888707104
393,4,10,150,62,0.040998751422445454
394,4,10,150,62,0.11073655428626575
395,4,10,150,62,0.09179488000267515
396,4,10,150,62,0.0
397,4,10,150,62,0.2710147943938467
398,4,10,150,62,0.18852571653533698
399,4,10,150,62,0.04732425758521323
400,4,10,150,62,0.0
401,4,10,150,62,0.0
402,4,10,150,62,0.08963222225173058
403,4,10,150,62,0.0854499779566911
404,4,10,150,62,0.0
405,4,10,150,62,0.07685195986286428
406,4,10,150,62,0.20956416940551098
407,4,10,150,62,0.04270006763257965
408,4,10,150,62,0.0
409,4,10,150,62,0.12740448328320192
410,4,10,150,62,0.0
411,4,10,150,62,0.0
412,4,10,150,62,0.0
413,4,10,150,62,0.041646268351119564
414,4,10,150,62,0.0
415,4,10,150,62,0.15103391472831218
416,4,10,150,62,0.2076467491497012
417,4,10,150,62,0.09850508837083022
418,4,10,150,62,0.0
419,4,10,150,62,0.1208113026994942
420,4,10,150,62,0.06052048269976269
421,4,10,150,62,0.15435807162450887
422,4,10,150,62,0.07550298029238112
423,4,10,150,62,0.053845569940583225
424,4,10,150,62,0.2766918177656049
425,4,10,150,62,0.1674157226455415
426,4,10,150,62,0.040759261617270684
427,4,10,150,62,0.0
428,4,10,150,62,0.04415960465480069
429,4,10,150,62,0.14355264986043786
430,4,10,150,62,0.0
431,4,10,150,62,0.0
432,4,10,150,62,0.05789711601244791
433,4,10,150,62,0.05780921899607981
434,4,10,150,62,0.20778267687568405
435,4,10,150,62,0.17195543683824452
436,4,10,150,62,0.0
437,4,10,150,62,0.10867290175167639
438,4,10,150,62,0.0
439,4,10,150,62,0.10863976191957724
440,4,10,150,62,0.0
441,4,10,150,62,0.0
442,4,10,150,62,0.040949887133979804
443,4,10,150,62,0.06783204105472322
444,4,10,150,62,0.1312721899408984
445,4,10,150,62,0.0
446,4,10,150,62,0.0
447,4,10,150,62,0.16246725303708914
448,4,10,150,62,0.0
449,4,10,150,62,0.1882329728596757
450,4,10,150,62,0.2813802747973558
451,4,10,150,62,0.06148915918944534
452,4,10,150,62,0.10773098771530253
453,4,10,150,62,0.0
454,4,10,150,62,0.0
455,4,10,150,62,0.063401477059351
456,4,10,150,62,0.018650043077523788
457,4,10,150,62,0.2974024120042739
458,4,10,150,62,0.06982799741808067
459,4,10,150,62,0.0
460,4,10,150,62,0.05184030722866645
461,4,10,150,62,0.0
462,4,10,150,62,0.0
463,4,10,150,62,0.11987424504051505
464,4,10,150,62,0.0
465,4,10,150,62,0.0
466,4,10,150,62,0.0
467,4,10,150,62,0.07807600999842033
468,4,10,150,62,0.11455543964849552
469,4,10,150,62,0.05165643482805862
470,4,10,150,62,0.0
471,4,10,150,62,0.0
472,4,10,150,62,0.07484150925457735
473,4,10,150,62,0.06140244428718695
474,4,10,150,62,0.22696445927043782
475,4,10,150,62,0.0
476,4,10,150,62,0.0
477,4,10,150,62,0.0
478,4,10,150,62,0.2345109835167376
479,4,10,150,62,0.10172348796286074
480,4,10,150,62,0.0741070054529978
481,4,10,150,62,0.13102204196909084
482,4,10,150,62,0.0
483,4,10,150,62,0.05658242244874664
484,4,10,150,62,0.2723783861819967
485,4,10,150,62,0.0
486,4,10,150,62,0.0
487,4,10,150,62,0.08199193156683765
488,4,10,150,62,0.0
489,4,10,150,62,0.0
490,4,10,150,62,0.0
491,4,10,150,62,0.14208678740137623
492,4,10,150,62,0.0
493,4,10,150,62,0.1475552329391869
494,4,10,150,62,0.0
495,4,10,150,62,0.11519757297347474
496,4,10,150,62,0.047739744220948385
497,4,10,150,62,0.05057001832592956
498,4,10,150,62,0.0
499,4,10,150,62,0.05075938465928585
500,4,10,150,62,0.09541527213731128
501,4,10,150,62,0.0
502,4,10,150,62,0.0
503,4,10,150,62,0.05608659198762317
504,4,10,150,62,0.08148269775823089
505,4,10,150,62,0.07379217622092994
506,4,10,150,62,0.11884213448985288
507,4,10,150,62,0.05319635904163211
508,4,10,150,62,0.0
509,4,10,150,62,0.0
510,4,10,150,62,0.0
511,4,10,150,62,0.08495943917278885
512,4,10,150,62,0.05478392673173268
513,4,10,150,62,0.0
514,4,10,150,62,0.27252722616773445
515,4,10,150,62,0.11706259313796354
516,4,10,150,62,0.0
517,4,10,150,62,0.08878770367712427
518,4,10,150,62,0.0
519,4,10,150,62,0.0
520,4,10,150,62,0.0
521,4,10,150,62,0.09850628252086785
522,4,10,150,62,0.12524561954372188
523,4,10,150,62,0.032114893884379984
524,4,10,150,62,0.12981359021723193
525,4,10,150,62,0.0
526,4,10,150,62,0.11924544365159577
527,4,10,150,62,0.1636135858112592
528,4,10,150,62,0.10209739512291163
529,4,10,150,62,0.0
530,4,10,150,62,0.0
531,4,10,150,62,0.1517763576041802
532,4,10,150,62,0.2633677187406756
533,4,10,150,62,0.11557545112991054
534,4,10,150,62,0.1046638363823608
535,4,10,150,62,0.13889821983463596
536,4,10,150,62,0.11332938400002224
537,4,10,150,62,0.35089724355444313
538,4,10,150,62,0.14697776980950736
539,4,10,150,62,0.04478826142555715
540,4,10,150,62,0.0
541,4,10,150,62,0.04030702414138781
542,4,10,150,62,0.049033875503285806
543,4,10,150,62,0.04953295293703468
544,4,10,150,62,0.05282936728943967
545,4,10,150,62,0.02244213465825961
546,4,10,150,62,0.05758752804519195
547,4,10,150,62,0.0
548,4,10,150,62,0.1103190733436671
549,4,10,150,62,0.0
550,4,10,150,62,0.04785685030080952
551,4,10,150,62,0.09210796019502317
552,4,10,150,62,0.1205344274731702
553,4,10,150,62,0.07411563356774664
554,4,10,150,62,0.12627825946936164
555,4,10,150,62,0.0
556,4,10,150,62,0.07660623398069263
557,4,10,150,62,0.031742154565302834
558,4,10,150,62,0.08878770367712427
559,4,10,150,62,0.07221175124961293
560,4,10,150,62,0.09375790921485552
561,4,10,150,62,0.08068246003940131
562,4,10,150,62,0.07930308311174379
563,4,10,150,62,0.0
564,4,10,150,62,0.11981590245460758
565,4,10,150,62,0.0
566,4,10,150,62,0.03579489106983033
567,4,10,150,62,0.1471381878632886
568,4,10,150,62,0.036155150901276155
569,4,10,150,62,0.18299769260789403
570,4,10,150,62,0.0
571,4,10,150,62,0.0
572,4,10,150,62,0.16812753627111746
573,4,10,150,62,0.06437746926759551
574,4,10,150,62,0.051811563545175146
575,4,10,150,62,0.0
576,4,10,150,62,0.0
577,4,10,150,62,0.20541190363713152
578,4,10,150,62,0.0
579,4,10,150,62,0.0
580,4,10,150,62,0.12128674553236206
581,4,10,150,62,0.09893005350346888
582,4,10,150,62,0.03190895161277091
583,4,10,150,62,0.0
584,4,10,150,62,0.06323567569191428
585,4,10,150,62,0.04173963774222741
586,4,10,150,62,0.05786021189691368
587,4,10,150,62,0.0
588,4,10,150,62,0.13560342958033234
589,4,10,150,62,0.0
590,4,10,150,62,0.053845569940583225
591,4,10,150,62,0.0
592,4,10,150,62,0.3458439246994734
593,4,10,150,62,0.07711036365720102
594,4,10,150,62,0.0
595,4,10,150,62,0.10296141646738245
596,4,10,150,62,0.0
597,4,10,150,62,0.27101620591530523
598,4,10,150,62,0.0684591776394769
599,4,10,150,62,0.0
600,4,10,150,62,0.09197011795311534
601,4,10,150,62,0.0
602,4,10,150,62,0.0
603,4,10,150,62,0.0
604,4,10,150,62,0.0
605,4,10,150,62,0.23939908411991156
606,4,10,150,62,0.14995431516032265
607,4,10,150,62,0.08673473912838402
608,4,10,150,62,0.09072059226435805
609,4,10,150,62,0.0
610,4,10,150,62,0.19303241878686786
611,4,10,150,62,0.07624568872860434
612,4,10,150,62,0.0
613,4,10,150,62,0.08385150490449667
614,4,10,150,62,0.0
615,4,10,150,62,0.04919117729584568
616,4,10,150,62,0.03618657486793958
617,4,10,150,62,0.0
618,4,10,150,62,0.1281253572826617
619,4,10,150,62,0.12363660028711727
620,4,10,150,62,0.14012037550990028
621,4,10,150,62,0.11278207190006835
622,4,10,150,62,0.18445085454689258
623,4,10,150,62,0.17494254380936963
624,4,10,150,62,0.06626749824739844
625,4,10,150,62,0.0
626,4,10,150,62,0.06228974831361337
627,4,10,150,62,0.06945233499530101
628,4,10,150,62,0.0
629,4,10,150,62,0.14360653209080107
630,4,10,150,62,0.15874779570678058
631,4,10,150,62,0.0
632,4,10,150,62,0.12112269717167994
633,4,10,150,62,0.11499138576948859
634,4,10,150,62,0.022104381789790163
635,4,10,150,62,0.04546401530948942
636,4,10,150,62,0.11426572661305327
637,4,10,150,62,0.01928973283308616
638,4,10,150,62,0.09712868482236708
639,4,10,150,62,0.016417578556357865
640,4,10,150,62,0.10536866733091729
641,4,10,150,62,0.07675099783970546
642,4,10,150,62,0.13847089103185334
643,4,10,150,62,0.11071279041815515
644,4,10,150,62,0.04935421935348238
645,4,10,150,62,0.16158259063789654
646,4,10,150,62,0.0
647,4,10,150,62,0.030218457878623886
648,4,10,150,62,0.14466820440271708
649,4,10,150,62,0.15489949502599
650,4,10,150,62,0.0699328397479073
651,4,10,150,62,0.0
652,4,10,150,62,0.08156220960446063
653,4,10,150,62,0.11017265591509018
654,4,10,150,62,0.21255442687635834
655,4,10,150,62,0.1560656003175038
656,4,10,150,62,0.07397229644086958
657,4,10,150,62,0.0
658,4,10,150,62,0.2625403796417579
659,4,10,150,62,0.08781544355121487
660,4,10,150,62,0.05211993631772275
661,4,10,150,62,0.08605775303302886
662,4,10,150,62,0.0512644431393966
663,4,10,150,62,0.24026856780584893
664,4,10,150,62,0.28517362059082263
665,4,10,150,62,0.0
666,4,10,150,62,0.1936221942003043
667,4,10,150,62,0.28468511714771283
668,4,10,150,62,0.06194403202282284
669,4,10,150,62,0.1348578320198433
670,4,10,150,62,0.06613087842005526
671,4,10,150,62,0.1607186693017089
672,4,10,150,62,0.0
673,4,10,150,62,0.14837758007547783
674,4,10,150,62,0.11338915993603582
675,4,10,150,62,0.0
676,4,10,150,62,0.16684180252782607
677,4,10,150,62,0.03314040476303028
678,4,10,150,62,0.03824432123396675
679,4,10,150,62,0.15527711509166947
680,4,10,150,62,0.11377863936243801
681,4,10,150,62,0.0
682,4,10,150,62,0.13303581137067308
683,4,10,150,62,0.0
684,4,10,150,62,0.06573003977381581
685,4,10,150,62,0.1906465758273748
686,4,10,150,62,0.07277260183012466
687,4,10,150,62,0.0
688,4,10,150,62,0.0
689,4,10,150,62,0.18098128360653137
690,4,10,150,62,0.07914701567910001
691,4,10,150,62,0.09842092178212862
692,4,10,150,62,0.12090042896411356
693,4,10,150,62,0.0
694,4,10,150,62,0.2050252665356312
695,4,10,150,62,0.0
696,4,10,150,62,0.039725595076707886
697,4,10,150,62,0.04239477130634912
698,4,10,150,62,0.041937660325009396
699,4,10,150,62,0.050296301412810544
700,4,10,150,62,0.12729890218214104
701,4,10,150,62,0.0
702,4,10,150,62,0.037715680681715956
703,4,10,150,62,0.11918688501400482
704,4,10,150,62,0.21717049343670972
705,4,10,150,62,0.18306616888675684
706,4,10,150,62,0.04395738023645723
707,4,10,150,62,0.04181736019224568
708,4,10,150,62,0.07186325791519563
709,4,10,150,62,0.13472082394875662
710,4,10,150,62,0.10695361352497157
711,4,10,150,62,0.17976627032749545
712,4,10,150,62,0.15511023313323485
713,4,10,150,62,0.1468735732232516
714,4,10,150,62,0.03441184191455828
715,4,10,150,62,0.0
716,4,10,150,62,0.23893780466241177
717,4,10,150,62,0.09054670163637572
718,4,10,150,62,0.035328385129692476
719,4,10,150,62,0.09883437846193516
720,4,10,150,62,0.0
721,4,10,150,62,0.1626199557578681
722,4,10,150,62,0.06556429791586475
723,4,10,150,62,0.0
724,4,10,150,62,0.0
725,4,10,150,62,0.0
726,4,10,150,62,0.05010834716923557
727,4,10,150,62,0.14349725268652128
728,4,10,150,62,0.09627818061559096
729,4,10,150,62,0.0
730,4,10,150,62,0.02601736765943984
731,4,10,150,62,0.13032711631493252
732,4,10,150,62,0.0
733,4,10,150,62,0.14514596345398123
734,4,10,150,62,0.0
735,4,10,150,62,0.0
736,4,10,150,62,0.03351972906068008
737,4,10,150,62,0.1138970555583582
738,4,10,150,62,0.13922998739868644
739,4,10,150,62,0.03855307727568851
740,4,10,150,62,0.0
741,4,10,150,62,0.05358697798864893
742,4,10,150,62,0.0488929053971083
743,4,10,150,62,0.0690623255281084
744,4,10,150,62,0.03596673601130318
745,4,10,150,62,0.03520132288421838
746,4,10,150,62,0.25743994347908983
747,4,10,150,62,0.41656845655826935
748,4,10,150,62,0.09621648119325965
749,4,10,150,62,0.1403209433545877
750,4,10,150,62,0.041278922835426404
751,4,10,150,62,0.0860689407697423
752,4,10,150,62,0.023242424817620892
753,4,10,150,62,0.15780803084928155
754,4,10,150,62,0.0
755,4,10,150,62,0.03855371268423985
756,4,10,150,62,0.031104745345423533
757,4,10,150,62,0.0
758,4,10,150,62,0.2631450894143336
759,4,10,150,62,0.08145040004058159
760,4,10,150,62,0.03004859059698017
761,4,10,150,62,0.06869287000000811
762,4,10,150,62,0.051960280791503534
763,4,10,150,62,0.04542386553984721
764,4,10,150,62,0.08946696896639536
765,4,10,150,62,0.15066101840234988
766,4,10,150,62,0.023823431574733288
767,4,10,150,62,0.10635849541123835
768,4,10,150,62,0.08438032815655525
769,4,10,150,62,0.0
770,4,10,150,62,0.21464739068424896
771,4,10,150,62,0.2872791742076055
772,4,10,150,62,0.17356150297482983
773,4,10,150,62,0.08986459941844095
774,4,10,150,62,0.0637167277718328
775,4,10,150,62,0.0
776,4,10,150,62,0.138487812915294
777,4,10,150,62,0.0
778,4,10,150,62,0.1631238413472767
779,4,10,150,62,0.0
780,4,10,150,62,0.07672775543002532
781,4,10,150,62,0.2016539629141292
782,4,10,150,62,0.043946787516052625
783,4,10,150,62,0.0
784,4,10,150,62,0.029814614753779622
785,4,10,150,62,0.0
786,4,10,150,62,0.0
787,4,10,150,62,0.0
788,4,10,150,62,0.25713135224461053
789,4,10,150,62,0.08809718769055445
790,4,10,150,62,0.0
791,4,10,150,62,0.04465281017341861
792,4,10,150,62,0.06658592494149675
793,4,10,150,62,0.0
794,4,10,150,62,0.04108065887337468
795,4,10,150,62,0.012040644173228086
796,4,10,150,62,0.35899900283000075
797,4,10,150,62,0.11278903329502893
798,4,10,150,62,0.0421971042603212
799,4,10,150,62,0.0
800,4,10,150,62,0.03244993904038569
801,4,10,150,62,0.1561471668577559
802,4,10,150,62,0.06960082070980815
803,4,10,150,62,0.10569353498973794
804,4,10,150,62,0.13698349063799806
805,4,10,150,62,0.10901090318397934
806,4,10,150,62,0.2959152150106387
807,4,10,150,62,0.12064372218263197
808,4,10,150,62,0.1025417224926713
809,4,10,150,62,0.10356976056061801
810,4,10,150,62,0.0
811,4,10,150,62,0.0
812,4,10,150,62,0.0
813,4,10,150,62,0.0
814,4,10,150,62,0.034616222155696735
815,4,10,150,62,0.21904981297380235
816,4,10,150,62,0.0
817,4,10,150,62,0.0
818,4,10,150,62,0.05516788910004661
819,4,10,150,62,0.037210602758860095
820,4,10,150,62,0.0787987754690289
821,4,10,150,62,0.302950268110492
822,4,10,150,62,0.028653609888707104
823,4,10,150,62,0.18767285872522202
824,4,10,150,62,0.05046096657376444
825,4,10,150,62,0.08238190489603152
826,4,10,150,62,0.14101060791647543
827,4,10,150,62,0.0
828,4,10,150,62,0.05745618865524075
829,4,10,150,62,0.1751347628439014
830,4,10,150,62,0.1915156585871039
831,4,10,150,62,0.21058943716644085
832,4,10,150,62,0.0
833,4,10,150,62,0.17494352474134792
834,4,10,150,62,0.2706897351446418
835,4,10,150,62,0.15540024392113308
836,4,10,150,62,0.17832202911372014
837,4,10,150,62,0.05665916465450996
838,4,10,150,62,0.27895398740912175
839,4,10,150,62,0.08633834411059861
840,4,10,150,62,0.31965734424391357
841,4,10,150,62,0.06507217400164225
842,4,10,150,62,0.03947561302344988
843,4,10,150,62,0.0
844,4,10,150,62,0.05872188515498603
845,4,10,150,62,0.0
846,4,10,150,62,0.3635438175522809
847,4,10,150,62,0.05501373141748548
848,4,10,150,62,0.04829572566980624
849,4,10,150,62,0.0419387969316025
850,4,10,150,62,0.2721744638560368
851,4,10,150,62,0.059393095829708926
852,4,10,150,62,0.26227118260874954
853,4,10,150,62,0.0
854,4,10,150,62,0.0
855,4,10,150,62,0.0
856,4,10,150,62,0.037110354711564805
857,4,10,150,62,0.0
858,4,10,150,62,0.10250982096838526
859,4,10,150,62,0.05070263548706836
860,4,10,150,62,0.10848832312989015
861,4,10,150,62,0.06460834446248033
862,4,10,150,62,0.10774040783436632
863,4,10,150,62,0.06336841123297353
864,4,10,150,62,0.4378243163858094
865,4,10,150,62,0.07803010102565
866,4,10,150,62,0.16283687678415507
867,4,10,150,62,0.17207691146483065
868,4,10,150,62,0.23234530332550563
869,4,10,150,62,0.0587446084443979
870,4,10,150,62,0.2736583386335506
871,4,10,150,62,0.07012986265386374
872,4,10,150,62,0.02804794621397926
873,4,10,150,62,0.0
874,4,10,150,62,0.13944914190808633
875,4,10,150,62,0.11729943308729383
876,4,10,150,62,0.08671382849411972
877,4,10,150,62,0.0835317778614811
878,4,10,150,62,0.1706804422753891
879,4,10,150,62,0.03963466998423315
880,4,10,150,62,0.36363820750236847
881,4,10,150,62,0.10563623814722836
882,4,10,150,62,0.21288820648214166
883,4,10,150,62,0.3344367137675802
884,4,10,150,62,0.09113547509404434
885,4,10,150,62,0.04536087033637415
886,4,10,150,62,0.19909330061517783
887,4,10,150,62,0.11555196355378165
888,4,10,150,62,0.11625487663628292
889,4,10,150,62,0.011676284337773726
890,4,10,150,62,0.11434431442033766
891,4,10,150,62,0.10491091696774645
892,4,10,150,62,0.2584509013683806
893,4,10,150,62,0.10869735563398858
894,4,10,150,62,0.10999357590849787
895,4,10,150,62,0.0
896,4,10,150,62,0.31348098136903196
897,4,10,150,62,0.3168392624657021
898,4,10,150,62,0.0
899,4,10,150,62,0.05684415375822261
900,4,10,150,62,0.055315677011973347
901,4,10,150,62,0.19447772481984943
902,4,10,150,62,0.05978585424799658
903,4,10,150,62,0.23389434103643633
904,4,10,150,62,0.0
905,4,10,150,62,0.0
906,4,10,150,62,0.10407444169186962
907,4,10,150,62,0.04552366948252362
908,4,10,150,62,0.06892767477436933
909,4,10,150,62,0.0
910,4,10,150,62,0.0
911,4,10,150,62,0.13243052909755645
912,4,10,150,62,0.15575097056245804
913,4,10,150,62,0.07219927248779984
914,4,10,150,62,0.0
915,4,10,150,62,0.0
916,4,10,150,62,0.25681964965738424
917,4,10,150,62,0.0
918,4,10,150,62,0.043627084055128
919,4,10,150,62,0.10292208457836716
920,4,10,150,62,0.0
921,4,10,150,62,0.15405864814296488
922,4,10,150,62,0.1280645281724967
923,4,10,150,62,0.02142307850464013
924,4,10,150,62,0.018280262702529162
925,4,10,150,62,0.0
926,4,10,150,62,0.0
927,4,10,150,62,0.07810793930752503
928,4,10,150,62,0.1482972305701491
929,4,10,150,62,0.25163227912988373
930,4,10,150,62,0.032298243696638564
931,4,10,150,62,0.08679587898287541
932,4,10,150,62,0.26788219697921595
933,4,10,150,62,0.07729288729159109
934,4,10,150,62,0.10071040486185964
935,4,10,150,62,0.04173963774222741
936,4,10,150,62,0.1321191921354211
937,4,10,150,62,0.0
938,4,10,150,62,0.1482741018676109
939,4,10,150,62,0.02916862694666808
940,4,10,150,62,0.050684733114198
941,4,10,150,62,0.0
942,4,10,150,62,0.10504870308911567
943,4,10,150,62,0.20163692230838232
1,4,10,150,63,0.4058715898896693
2,4,10,150,63,0.06250343848035038
3,4,10,150,63,0.0
4,4,10,150,63,0.0
5,4,10,150,63,0.040209635547393256
6,4,10,150,63,0.27020011346731576
7,4,10,150,63,0.29136519416833906
8,4,10,150,63,0.0
9,4,10,150,63,0.21840743681816419
10,4,10,150,63,0.21491451057814584
11,4,10,150,63,0.1722584975122812
12,4,10,150,63,0.0
13,4,10,150,63,0.26621817699275596
14,4,10,150,63,0.03963175841995263
15,4,10,150,63,0.05010834716923557
16,4,10,150,63,0.053168340515114924
17,4,10,150,63,0.0
18,4,10,150,63,0.24724966735366713
19,4,10,150,63,0.0
20,4,10,150,63,0.0
21,4,10,150,63,0.0
22,4,10,150,63,0.11702382382650763
23,4,10,150,63,0.23682446174402746
24,4,10,150,63,0.0
25,4,10,150,63,0.12358102547512423
26,4,10,150,63,0.0
27,4,10,150,63,0.0
28,4,10,150,63,0.0
29,4,10,150,63,0.13455232720853103
30,4,10,150,63,0.0
31,4,10,150,63,0.0
32,4,10,150,63,0.0
33,4,10,150,63,0.0
35,4,10,150,63,0.10523285614729473
36,4,10,150,63,0.0
37,4,10,150,63,0.0
38,4,10,150,63,0.04739418218477539
39,4,10,150,63,0.0
40,4,10,150,63,0.10558114683788161
41,4,10,150,63,0.0
42,4,10,150,63,0.0683037314796457
43,4,10,150,63,0.22592974817952552
44,4,10,150,63,0.2044921015662719
45,4,10,150,63,0.05200670101006268
46,4,10,150,63,0.11284514134893527
47,4,10,150,63,0.06250343848035038
48,4,10,150,63,0.0
49,4,10,150,63,0.0
50,4,10,150,63,0.0
51,4,10,150,63,0.16812753627111746
52,4,10,150,63,0.0
54,4,10,150,63,0.0
56,4,10,150,63,0.20383503459815738
57,4,10,150,63,0.3030555992505742
58,4,10,150,63,0.3717269535737058
59,4,10,150,63,0.2378606442039324
60,4,10,150,63,0.1505674224523334
61,4,10,150,63,0.0
62,4,10,150,63,0.08314631791322982
63,4,10,150,63,0.0
64,4,10,150,63,0.04238468688770069
65,4,10,150,63,0.13012668333070054
66,4,10,150,63,0.0
67,4,10,150,63,0.0
68,4,10,150,63,0.4827392464262081
69,4,10,150,63,0.07673373981757839
70,4,10,150,63,0.0
71,4,10,150,63,0.0
72,4,10,150,63,0.031239588460834872
73,4,10,150,63,0.0
74,4,10,150,63,0.0
75,4,10,150,63,0.049432410190049694
76,4,10,150,63,0.1301464707340554
77,4,10,150,63,0.10201115106436301
78,4,10,150,63,0.0
79,4,10,150,63,0.27487633291429087
80,4,10,150,63,0.0
81,4,10,150,63,0.0
82,4,10,150,63,0.19298623480417013
83,4,10,150,63,0.12089611529519323
84,4,10,150,63,0.05034889199379723
85,4,10,150,63,0.0
87,4,10,150,63,0.07100089300395272
89,4,10,150,63,0.2553387838830436
90,4,10,150,63,0.06273474731352509
91,4,10,150,63,0.05648147012627732
92,4,10,150,63,0.10542637391232386
93,4,10,150,63,0.0
94,4,10,150,63,0.10584596736853813
95,4,10,150,63,0.17287436926807473
96,4,10,150,63,0.0
97,4,10,150,63,0.06462745615384195
98,4,10,150,63,0.0930297504356062
99,4,10,150,63,0.05658242244874664
100,4,10,150,63,0.0
101,4,10,150,63,0.0
102,4,10,150,63,0.02424726876918863
103,4,10,150,63,0.0
104,4,10,150,63,0.0
105,4,10,150,63,0.0
106,4,10,150,63,0.0
107,4,10,150,63,0.0
108,4,10,150,63,0.0
109,4,10,150,63,0.07103066762111539
110,4,10,150,63,0.0
111,4,10,150,63,0.0
112,4,10,150,63,0.05685954565780693
113,4,10,150,63,0.053168340515114924
114,4,10,150,63,0.0
115,4,10,150,63,0.10684080426179023
116,4,10,150,63,0.0
117,4,10,150,63,0.26646890433550474
118,4,10,150,63,0.0
119,4,10,150,63,0.2063582228182277
120,4,10,150,63,0.0
121,4,10,150,63,0.271985059917519
122,4,10,150,63,0.1530100230930498
123,4,10,150,63,0.07386004580671933
125,4,10,150,63,0.12702645795516354
126,4,10,150,63,0.06911917000496234
127,4,10,150,63,0.1678437907858252
128,4,10,150,63,0.05750548798281727
129,4,10,150,63,0.0
130,4,10,150,63,0.16099269493775217
131,4,10,150,63,0.06556385272536247
133,4,10,150,63,0.11047239495909743
134,4,10,150,63,0.0
135,4,10,150,63,0.0
137,4,10,150,63,0.1371200812351206
138,4,10,150,63,0.0
139,4,10,150,63,0.0
141,4,10,150,63,0.0
142,4,10,150,63,0.13373003436102654
143,4,10,150,63,0.1208996448617798
144,4,10,150,63,0.1227945149537572
145,4,10,150,63,0.08829985348038716
146,4,10,150,63,0.0
148,4,10,150,63,0.10461537305334957
149,4,10,150,63,0.0
150,4,10,150,63,0.10235170428306553
151,4,10,150,63,0.06298430394440727
152,4,10,150,63,0.040655755922716606
153,4,10,150,63,0.0
154,4,10,150,63,0.06372882143962796
155,4,10,150,63,0.0
156,4,10,150,63,0.0
158,4,10,150,63,0.17575552384613552
159,4,10,150,63,0.03310852000739229
160,4,10,150,63,0.0
161,4,10,150,63,0.0
162,4,10,150,63,0.0
163,4,10,150,63,0.0
164,4,10,150,63,0.0
165,4,10,150,63,0.12114889742360979
166,4,10,150,63,0.0
167,4,10,150,63,0.0
168,4,10,150,63,0.23504554941448536
169,4,10,150,63,0.06416923277158361
170,4,10,150,63,0.0
171,4,10,150,63,0.0
172,4,10,150,63,0.0
173,4,10,150,63,0.05840183867278569
174,4,10,150,63,0.060961917527339995
175,4,10,150,63,0.0
176,4,10,150,63,0.09511409151391914
177,4,10,150,63,0.06912040963822193
178,4,10,150,63,0.2437589399037192
179,4,10,150,63,0.06723507268634088
180,4,10,150,63,0.12262943855309168
181,4,10,150,63,0.01719677167528726
182,4,10,150,63,0.0
183,4,10,150,63,0.0
184,4,10,150,63,0.09303069037986347
185,4,10,150,63,0.07745351606183934
186,4,10,150,63,0.22147164648185297
187,4,10,150,63,0.08625091781054979
188,4,10,150,63,0.054384419234677496
189,4,10,150,63,0.2089531400761587
190,4,10,150,63,0.10699313236726378
191,4,10,150,63,0.0
192,4,10,150,63,0.0
193,4,10,150,63,0.0
194,4,10,150,63,0.039890284039303295
195,4,10,150,63,0.0
196,4,10,150,63,0.0
197,4,10,150,63,0.05576624569167862
198,4,10,150,63,0.0
199,4,10,150,63,0.0
200,4,10,150,63,0.11302970636219896
201,4,10,150,63,0.03487978243545732
203,4,10,150,63,0.0
204,4,10,150,63,0.0
205,4,10,150,63,0.0
206,4,10,150,63,0.0
207,4,10,150,63,0.050513241088636716
209,4,10,150,63,0.0
210,4,10,150,63,0.09440608278107551
211,4,10,150,63,0.0
212,4,10,150,63,0.12681701683239352
213,4,10,150,63,0.2384146878320104
214,4,10,150,63,0.056720838976548935
215,4,10,150,63,0.0
216,4,10,150,63,0.03497205398870122
217,4,10,150,63,0.0
218,4,10,150,63,0.19092086617893467
219,4,10,150,63,0.0
221,4,10,150,63,0.3375735570145491
222,4,10,150,63,0.12476107276951183
223,4,10,150,63,0.03870447337439288
224,4,10,150,63,0.0
225,4,10,150,63,0.0
226,4,10,150,63,0.08080765379783027
227,4,10,150,63,0.0
228,4,10,150,63,0.0
229,4,10,150,63,0.0
230,4,10,150,63,0.23712439662683835
231,4,10,150,63,0.0
232,4,10,150,63,0.3234992853586256
233,4,10,150,63,0.0968152409481219
234,4,10,150,63,0.06411917231744522
235,4,10,150,63,0.06065881345112158
236,4,10,150,63,0.0
237,4,10,150,63,0.0
238,4,10,150,63,0.0
239,4,10,150,63,0.08989646527561479
240,4,10,150,63,0.05497526658285817
242,4,10,150,63,0.0
243,4,10,150,63,0.09267768927614353
244,4,10,150,63,0.15765545519871427
245,4,10,150,63,0.10704534003732354
246,4,10,150,63,0.08041927109478651
247,4,10,150,63,0.0
248,4,10,150,63,0.14830051302014485
249,4,10,150,63,0.28358055700477847
250,4,10,150,63,0.3503302816689379
251,4,10,150,63,0.0
252,4,10,150,63,0.0
253,4,10,150,63,0.05954496680255472
254,4,10,150,63,0.0
255,4,10,150,63,0.0
256,4,10,150,63,0.16583176898817792
257,4,10,150,63,0.3305900772260718
258,4,10,150,63,0.0
259,4,10,150,63,0.0
260,4,10,150,63,0.0
261,4,10,150,63,0.0
262,4,10,150,63,0.0
263,4,10,150,63,0.12774011823457565
264,4,10,150,63,0.05840183867278569
265,4,10,150,63,0.10209739512291163
267,4,10,150,63,0.09794101962538232
268,4,10,150,63,0.09385240010559207
269,4,10,150,63,0.13223875150584097
270,4,10,150,63,0.046726672111120165
271,4,10,150,63,0.12276482551434069
272,4,10,150,63,0.14498698048571354
273,4,10,150,63,0.0
274,4,10,150,63,0.0
275,4,10,150,63,0.04605780568615433
276,4,10,150,63,0.18784639929386426
277,4,10,150,63,0.0
279,4,10,150,63,0.06493409231178052
280,4,10,150,63,0.03337620304869898
281,4,10,150,63,0.0
283,4,10,150,63,0.1292258709239571
284,4,10,150,63,0.0
285,4,10,150,63,0.1185995982858366
286,4,10,150,63,0.3005968627632655
287,4,10,150,63,0.06364028872631156
288,4,10,150,63,0.12538054736008386
289,4,10,150,63,0.13905617951077562
290,4,10,150,63,0.0
291,4,10,150,63,0.23494592513118112
292,4,10,150,63,0.08933583385868532
293,4,10,150,63,0.16274268506786616
294,4,10,150,63,0.04123398036294628
295,4,10,150,63,0.2670961153715764
296,4,10,150,63,0.47774763069170006
297,4,10,150,63,0.13535082686131417
298,4,10,150,63,0.19947114504638494
299,4,10,150,63,0.0
300,4,10,150,63,0.0
301,4,10,150,63,0.047934103497110726
303,4,10,150,63,0.10429171540620567
304,4,10,150,63,0.0
305,4,10,150,63,0.31514747987601716
306,4,10,150,63,0.0
307,4,10,150,63,0.1383141340724969
308,4,10,150,63,0.19205342317019936
309,4,10,150,63,0.0
310,4,10,150,63,0.0
311,4,10,150,63,0.08938791352906189
312,4,10,150,63,0.09804650712627644
313,4,10,150,63,0.14465709645474623
314,4,10,150,63,0.20285519102295546
315,4,10,150,63,0.0
316,4,10,150,63,0.04568304891751105
317,4,10,150,63,0.0
318,4,10,150,63,0.13815200906377123
319,4,10,150,63,0.0
320,4,10,150,63,0.0
321,4,10,150,63,0.062242588308449316
322,4,10,150,63,0.17342765698823945
323,4,10,150,63,0.14126697285982898
324,4,10,150,63,0.0
325,4,10,150,63,0.0
326,4,10,150,63,0.0634222181618871
327,4,10,150,63,0.0
328,4,10,150,63,0.1437524526514495
329,4,10,150,63,0.0
330,4,10,150,63,0.0536466452928127
331,4,10,150,63,0.16958010263680806
332,4,10,150,63,0.024647523009140075
333,4,10,150,63,0.0
334,4,10,150,63,0.07058424671826317
336,4,10,150,63,0.0
337,4,10,150,63,0.16716045496620227
338,4,10,150,63,0.05005165434923901
339,4,10,150,63,0.08902540236697767
340,4,10,150,63,0.0
341,4,10,150,63,0.0
342,4,10,150,63,0.2625072992734236
343,4,10,150,63,0.28732332399638805
344,4,10,150,63,0.23832550406045652
345,4,10,150,63,0.056149696530797676
346,4,10,150,63,0.13947804593499064
347,4,10,150,63,0.08705643551438974
348,4,10,150,63,0.071942683897578
349,4,10,150,63,0.07673373981757839
350,4,10,150,63,0.2065896325117088
351,4,10,150,63,0.0
352,4,10,150,63,0.0
353,4,10,150,63,0.0
354,4,10,150,63,0.051249224710132255
355,4,10,150,63,0.0
356,4,10,150,63,0.08406376813555873
357,4,10,150,63,0.0
358,4,10,150,63,0.20438239758848611
359,4,10,150,63,0.0
360,4,10,150,63,0.06752012359727312
361,4,10,150,63,0.09622728274290568
362,4,10,150,63,0.0
363,4,10,150,63,0.2000219371064626
364,4,10,150,63,0.0
365,4,10,150,63,0.0
366,4,10,150,63,0.0
367,4,10,150,63,0.0
368,4,10,150,63,0.0
369,4,10,150,63,0.0
370,4,10,150,63,0.13479984916817475
371,4,10,150,63,0.22569563125869263
372,4,10,150,63,0.0
373,4,10,150,63,0.062173010658778456
374,4,10,150,63,0.06834943074719504
375,4,10,150,63,0.0
376,4,10,150,63,0.0
377,4,10,150,63,0.08010929472340098
378,4,10,150,63,0.16448029476168333
379,4,10,150,63,0.11339835829152477
380,4,10,150,63,0.0
381,4,10,150,63,0.05105625351125917
382,4,10,150,63,0.0
383,4,10,150,63,0.04838338183089434
384,4,10,150,63,0.0
385,4,10,150,63,0.0
386,4,10,150,63,0.0
387,4,10,150,63,0.11497906462099297
388,4,10,150,63,0.04511904280884329
389,4,10,150,63,0.14120339070995014
390,4,10,150,63,0.0
391,4,10,150,63,0.2137247802747043
392,4,10,150,63,0.028653609888707104
393,4,10,150,63,0.040998751422445454
394,4,10,150,63,0.11073655428626575
395,4,10,150,63,0.09179488000267515
396,4,10,150,63,0.0
397,4,10,150,63,0.2710147943938467
398,4,10,150,63,0.18852571653533698
399,4,10,150,63,0.04732425758521323
400,4,10,150,63,0.0
401,4,10,150,63,0.0
402,4,10,150,63,0.08963222225173058
403,4,10,150,63,0.0854499779566911
404,4,10,150,63,0.0
405,4,10,150,63,0.07600474976486918
406,4,10,150,63,0.20956416940551098
407,4,10,150,63,0.04270006763257965
408,4,10,150,63,0.0
409,4,10,150,63,0.12740448328320192
410,4,10,150,63,0.0
411,4,10,150,63,0.0
412,4,10,150,63,0.0
413,4,10,150,63,0.041646268351119564
414,4,10,150,63,0.0
415,4,10,150,63,0.15103391472831218
416,4,10,150,63,0.2076467491497012
417,4,10,150,63,0.09850508837083022
418,4,10,150,63,0.0
419,4,10,150,63,0.1208113026994942
420,4,10,150,63,0.06052048269976269
421,4,10,150,63,0.15435807162450887
422,4,10,150,63,0.07550298029238112
423,4,10,150,63,0.053845569940583225
424,4,10,150,63,0.2766918177656049
425,4,10,150,63,0.1674157226455415
426,4,10,150,63,0.040759261617270684
427,4,10,150,63,0.0
428,4,10,150,63,0.04415960465480069
429,4,10,150,63,0.14355264986043786
430,4,10,150,63,0.0
431,4,10,150,63,0.0
432,4,10,150,63,0.05789711601244791
433,4,10,150,63,0.05780921899607981
434,4,10,150,63,0.20778267687568405
435,4,10,150,63,0.17195543683824452
436,4,10,150,63,0.0
437,4,10,150,63,0.10867290175167639
438,4,10,150,63,0.0
439,4,10,150,63,0.10863976191957724
440,4,10,150,63,0.0
441,4,10,150,63,0.0
442,4,10,150,63,0.040949887133979804
443,4,10,150,63,0.06783204105472322
444,4,10,150,63,0.1312721899408984
445,4,10,150,63,0.0
446,4,10,150,63,0.0
447,4,10,150,63,0.16246725303708914
448,4,10,150,63,0.0
449,4,10,150,63,0.1882329728596757
450,4,10,150,63,0.2782783602774094
451,4,10,150,63,0.06148915918944534
452,4,10,150,63,0.10773098771530253
453,4,10,150,63,0.0
454,4,10,150,63,0.0
455,4,10,150,63,0.063401477059351
456,4,10,150,63,0.018650043077523788
457,4,10,150,63,0.2974024120042739
458,4,10,150,63,0.06982799741808067
459,4,10,150,63,0.0
460,4,10,150,63,0.05184030722866645
461,4,10,150,63,0.0
462,4,10,150,63,0.0
463,4,10,150,63,0.11987424504051505
464,4,10,150,63,0.0
465,4,10,150,63,0.0
466,4,10,150,63,0.0
467,4,10,150,63,0.07807600999842033
468,4,10,150,63,0.11455543964849552
469,4,10,150,63,0.05165643482805862
470,4,10,150,63,0.0
471,4,10,150,63,0.0
472,4,10,150,63,0.07484150925457735
473,4,10,150,63,0.06140244428718695
474,4,10,150,63,0.22446242051797097
475,4,10,150,63,0.0
476,4,10,150,63,0.0
477,4,10,150,63,0.0
478,4,10,150,63,0.2345109835167376
479,4,10,150,63,0.10172348796286074
480,4,10,150,63,0.0741070054529978
481,4,10,150,63,0.13102204196909084
482,4,10,150,63,0.0
483,4,10,150,63,0.05658242244874664
484,4,10,150,63,0.2723783861819967
485,4,10,150,63,0.0
486,4,10,150,63,0.0
487,4,10,150,63,0.08199193156683765
488,4,10,150,63,0.0
489,4,10,150,63,0.0
490,4,10,150,63,0.0
491,4,10,150,63,0.14208678740137623
492,4,10,150,63,0.0
493,4,10,150,63,0.1475552329391869
494,4,10,150,63,0.0
495,4,10,150,63,0.11519757297347474
496,4,10,150,63,0.047739744220948385
497,4,10,150,63,0.05057001832592956
498,4,10,150,63,0.0
499,4,10,150,63,0.05075938465928585
500,4,10,150,63,0.09541527213731128
501,4,10,150,63,0.0
502,4,10,150,63,0.0
503,4,10,150,63,0.05608659198762317
504,4,10,150,63,0.08148269775823089
505,4,10,150,63,0.07379217622092994
506,4,10,150,63,0.11884213448985288
507,4,10,150,63,0.05319635904163211
508,4,10,150,63,0.0
509,4,10,150,63,0.0
510,4,10,150,63,0.0
511,4,10,150,63,0.08495943917278885
512,4,10,150,63,0.05478392673173268
513,4,10,150,63,0.0
514,4,10,150,63,0.27252722616773445
515,4,10,150,63,0.11706259313796354
516,4,10,150,63,0.0
517,4,10,150,63,0.08878770367712427
518,4,10,150,63,0.0
519,4,10,150,63,0.0
520,4,10,150,63,0.0
521,4,10,150,63,0.09850628252086785
522,4,10,150,63,0.12524561954372188
523,4,10,150,63,0.032114893884379984
524,4,10,150,63,0.1283825351773177
525,4,10,150,63,0.0
526,4,10,150,63,0.11924544365159577
527,4,10,150,63,0.1636135858112592
528,4,10,150,63,0.10209739512291163
529,4,10,150,63,0.0
530,4,10,150,63,0.0
531,4,10,150,63,0.1517763576041802
532,4,10,150,63,0.2633677187406756
533,4,10,150,63,0.11557545112991054
534,4,10,150,63,0.1046638363823608
535,4,10,150,63,0.13889821983463596
536,4,10,150,63,0.11332938400002224
537,4,10,150,63,0.3470289793146183
538,4,10,150,63,0.14697776980950736
539,4,10,150,63,0.04478826142555715
540,4,10,150,63,0.0
541,4,10,150,63,0.04030702414138781
542,4,10,150,63,0.049033875503285806
543,4,10,150,63,0.04953295293703468
544,4,10,150,63,0.05282936728943967
545,4,10,150,63,0.02244213465825961
546,4,10,150,63,0.05758752804519195
547,4,10,150,63,0.0
548,4,10,150,63,0.1103190733436671
549,4,10,150,63,0.0
550,4,10,150,63,0.04785685030080952
551,4,10,150,63,0.0910925691220798
552,4,10,150,63,0.1205344274731702
553,4,10,150,63,0.07411563356774664
554,4,10,150,63,0.12627825946936164
555,4,10,150,63,0.0
556,4,10,150,63,0.07660623398069263
557,4,10,150,63,0.031742154565302834
558,4,10,150,63,0.08878770367712427
559,4,10,150,63,0.07221175124961293
560,4,10,150,63,0.09375790921485552
561,4,10,150,63,0.07979302280190677
562,4,10,150,63,0.07930308311174379
563,4,10,150,63,0.0
564,4,10,150,63,0.15437610727371853
565,4,10,150,63,0.0
566,4,10,150,63,0.03579489106983033
567,4,10,150,63,0.1471381878632886
568,4,10,150,63,0.036155150901276155
569,4,10,150,63,0.18299769260789403
570,4,10,150,63,0.0
571,4,10,150,63,0.0
572,4,10,150,63,0.16812753627111746
573,4,10,150,63,0.06437746926759551
574,4,10,150,63,0.051811563545175146
575,4,10,150,63,0.0
576,4,10,150,63,0.0
577,4,10,150,63,0.20541190363713152
578,4,10,150,63,0.0
579,4,10,150,63,0.0
580,4,10,150,63,0.12128674553236206
581,4,10,150,63,0.09893005350346888
582,4,10,150,63,0.03190895161277091
583,4,10,150,63,0.0
584,4,10,150,63,0.06323567569191428
585,4,10,150,63,0.04173963774222741
586,4,10,150,63,0.05786021189691368
587,4,10,150,63,0.019492972026130224
588,4,10,150,63,0.13560342958033234
589,4,10,150,63,0.0
590,4,10,150,63,0.053845569940583225
591,4,10,150,63,0.0
592,4,10,150,63,0.3420313678582622
593,4,10,150,63,0.07711036365720102
594,4,10,150,63,0.0
595,4,10,150,63,0.10296141646738245
596,4,10,150,63,0.0
597,4,10,150,63,0.27101620591530523
598,4,10,150,63,0.0684591776394769
599,4,10,150,63,0.0
600,4,10,150,63,0.09197011795311534
601,4,10,150,63,0.0
602,4,10,150,63,0.0
603,4,10,150,63,0.0
604,4,10,150,63,0.0
605,4,10,150,63,0.23939908411991156
606,4,10,150,63,0.14995431516032265
607,4,10,150,63,0.08673473912838402
608,4,10,150,63,0.09072059226435805
609,4,10,150,63,0.0
610,4,10,150,63,0.19303241878686786
611,4,10,150,63,0.07624568872860434
612,4,10,150,63,0.0
613,4,10,150,63,0.08385150490449667
614,4,10,150,63,0.0
615,4,10,150,63,0.04919117729584568
616,4,10,150,63,0.03618657486793958
617,4,10,150,63,0.0
618,4,10,150,63,0.1281253572826617
619,4,10,150,63,0.12363660028711727
620,4,10,150,63,0.14012037550990028
621,4,10,150,63,0.11278207190006835
622,4,10,150,63,0.18241748250491993
623,4,10,150,63,0.17494254380936963
624,4,10,150,63,0.06626749824739844
625,4,10,150,63,0.0
626,4,10,150,63,0.06228974831361337
627,4,10,150,63,0.06945233499530101
628,4,10,150,63,0.0
629,4,10,150,63,0.14360653209080107
630,4,10,150,63,0.15874779570678058
631,4,10,150,63,0.0
632,4,10,150,63,0.12112269717167994
633,4,10,150,63,0.11499138576948859
634,4,10,150,63,0.022104381789790163
635,4,10,150,63,0.04546401530948942
636,4,10,150,63,0.11426572661305327
637,4,10,150,63,0.01928973283308616
638,4,10,150,63,0.09712868482236708
639,4,10,150,63,0.016417578556357865
640,4,10,150,63,0.10536866733091729
641,4,10,150,63,0.07675099783970546
642,4,10,150,63,0.13694439857323676
643,4,10,150,63,0.11071279041815515
644,4,10,150,63,0.04935421935348238
645,4,10,150,63,0.16158259063789654
646,4,10,150,63,0.0
647,4,10,150,63,0.030218457878623886
648,4,10,150,63,0.14307339323788137
649,4,10,150,63,0.15489949502599
650,4,10,150,63,0.06916190549819366
651,4,10,150,63,0.0
652,4,10,150,63,0.08156220960446063
653,4,10,150,63,0.10895812102514385
654,4,10,150,63,0.21255442687635834
655,4,10,150,63,0.16536906826721237
656,4,10,150,63,0.07397229644086958
657,4,10,150,63,0.0
658,4,10,150,63,0.2625403796417579
659,4,10,150,63,0.08781544355121487
660,4,10,150,63,0.06453781699231068
661,4,10,150,63,0.08605775303302886
662,4,10,150,63,0.0512644431393966
663,4,10,150,63,0.24026856780584893
664,4,10,150,63,0.28517362059082263
665,4,10,150,63,0.0
666,4,10,150,63,0.19148771801498413
667,4,10,150,63,0.28468511714771283
668,4,10,150,63,0.06194403202282284
669,4,10,150,63,0.1348578320198433
670,4,10,150,63,0.06613087842005526
671,4,10,150,63,0.1607186693017089
672,4,10,150,63,0.0
673,4,10,150,63,0.14837758007547783
674,4,10,150,63,0.11338915993603582
675,4,10,150,63,0.0
676,4,10,150,63,0.16684180252782607
677,4,10,150,63,0.03314040476303028
678,4,10,150,63,0.03824432123396675
679,4,10,150,63,0.15527711509166947
680,4,10,150,63,0.11377863936243801
681,4,10,150,63,0.0
682,4,10,150,63,0.13156923481245222
683,4,10,150,63,0.0
684,4,10,150,63,0.06573003977381581
685,4,10,150,63,0.1906465758273748
686,4,10,150,63,0.07277260183012466
687,4,10,150,63,0.0
688,4,10,150,63,0.0
689,4,10,150,63,0.18098128360653137
690,4,10,150,63,0.07914701567910001
691,4,10,150,63,0.09842092178212862
692,4,10,150,63,0.14819599177357712
693,4,10,150,63,0.0
694,4,10,150,63,0.2050252665356312
695,4,10,150,63,0.0
696,4,10,150,63,0.039725595076707886
697,4,10,150,63,0.04239477130634912
698,4,10,150,63,0.041937660325009396
699,4,10,150,63,0.050296301412810544
700,4,10,150,63,0.12729890218214104
701,4,10,150,63,0.0
702,4,10,150,63,0.037715680681715956
703,4,10,150,63,0.11918688501400482
704,4,10,150,63,0.21717049343670972
705,4,10,150,63,0.18306616888675684
706,4,10,150,63,0.04395738023645723
707,4,10,150,63,0.04135636882794492
708,4,10,150,63,0.07186325791519563
709,4,10,150,63,0.13472082394875662
710,4,10,150,63,0.10695361352497157
711,4,10,150,63,0.1888084639128606
712,4,10,150,63,0.15511023313323485
713,4,10,150,63,0.1468735732232516
714,4,10,150,63,0.03441184191455828
715,4,10,150,63,0.0
716,4,10,150,63,0.23630377267072286
717,4,10,150,63,0.09054670163637572
718,4,10,150,63,0.035328385129692476
719,4,10,150,63,0.09883437846193516
720,4,10,150,63,0.0
721,4,10,150,63,0.1626199557578681
722,4,10,150,63,0.06556429791586475
723,4,10,150,63,0.0
724,4,10,150,63,0.0
725,4,10,150,63,0.0
726,4,10,150,63,0.05010834716923557
727,4,10,150,63,0.14191535000339503
728,4,10,150,63,0.09627818061559096
729,4,10,150,63,0.0
730,4,10,150,63,0.02601736765943984
731,4,10,150,63,0.13032711631493252
732,4,10,150,63,0.0
733,4,10,150,63,0.14514596345398123
734,4,10,150,63,0.0
735,4,10,150,63,0.0
736,4,10,150,63,0.03351972906068008
737,4,10,150,63,0.1138970555583582
738,4,10,150,63,0.13922998739868644
739,4,10,150,63,0.03855307727568851
740,4,10,150,63,0.0
741,4,10,150,63,0.05358697798864893
742,4,10,150,63,0.0488929053971083
743,4,10,150,63,0.0690623255281084
744,4,10,150,63,0.03596673601130318
745,4,10,150,63,0.03520132288421838
746,4,10,150,63,0.25743994347908983
747,4,10,150,63,0.41197623791437066
748,4,10,150,63,0.09621648119325965
749,4,10,150,63,0.14979797919237947
750,4,10,150,63,0.041278922835426404
751,4,10,150,63,0.08512012338272985
752,4,10,150,63,0.023242424817620892
753,4,10,150,63,0.15780803084928155
754,4,10,150,63,0.0
755,4,10,150,63,0.03855371268423985
756,4,10,150,63,0.031104745345423533
757,4,10,150,63,0.0
758,4,10,150,63,0.26024419817632927
759,4,10,150,63,0.08145040004058159
760,4,10,150,63,0.03004859059698017
761,4,10,150,63,0.06869287000000811
762,4,10,150,63,0.051960280791503534
763,4,10,150,63,0.04542386553984721
764,4,10,150,63,0.08946696896639536
765,4,10,150,63,0.15066101840234988
766,4,10,150,63,0.023823431574733288
767,4,10,150,63,0.10635849541123835
768,4,10,150,63,0.08438032815655525
769,4,10,150,63,0.0
770,4,10,150,63,0.21464739068424896
771,4,10,150,63,0.2872791742076055
772,4,10,150,63,0.17356150297482983
773,4,10,150,63,0.08887393898225374
774,4,10,150,63,0.06301431946271711
775,4,10,150,63,0.0
776,4,10,150,63,0.138487812915294
777,4,10,150,63,0.0
778,4,10,150,63,0.1631238413472767
779,4,10,150,63,0.0
780,4,10,150,63,0.07672775543002532
781,4,10,150,63,0.2016539629141292
782,4,10,150,63,0.043462321508621164
783,4,10,150,63,0.0
784,4,10,150,63,0.029814614753779622
785,4,10,150,63,0.0
786,4,10,150,63,0.0
787,4,10,150,63,0.0
788,4,10,150,63,0.25429675598289525
789,4,10,150,63,0.08809718769055445
790,4,10,150,63,0.011023923131002483
791,4,10,150,63,0.04465281017341861
792,4,10,150,63,0.06658592494149675
793,4,10,150,63,0.0
794,4,10,150,63,0.04108065887337468
795,4,10,150,63,0.012040644173228086
796,4,10,150,63,0.35504142541869627
797,4,10,150,63,0.11278903329502893
798,4,10,150,63,0.04173192662660453
799,4,10,150,63,0.0
800,4,10,150,63,0.03244993904038569
801,4,10,150,63,0.1561471668577559
802,4,10,150,63,0.06960082070980815
803,4,10,150,63,0.10569353498973794
804,4,10,150,63,0.1354733951669884
805,4,10,150,63,0.11883309849784049
806,4,10,150,63,0.2959152150106387
807,4,10,150,63,0.11931375506305263
808,4,10,150,63,0.1025417224926713
809,4,10,150,63,0.10356976056061801
810,4,10,150,63,0.0
811,4,10,150,63,0.0
812,4,10,150,63,0.0
813,4,10,150,63,0.0
814,4,10,150,63,0.034616222155696735
815,4,10,150,63,0.21663502467371867
816,4,10,150,63,0.0
817,4,10,150,63,0.0
818,4,10,150,63,0.05516788910004661
819,4,10,150,63,0.037210602758860095
820,4,10,150,63,0.0787987754690289
821,4,10,150,63,0.302950268110492
822,4,10,150,63,0.028653609888707104
823,4,10,150,63,0.18560396755685968
824,4,10,150,63,0.05046096657376444
825,4,10,150,63,0.08238190489603152
826,4,10,150,63,0.14101060791647543
827,4,10,150,63,0.0
828,4,10,150,63,0.05745618865524075
829,4,10,150,63,0.1751347628439014
830,4,10,150,63,0.20443782642227196
831,4,10,150,63,0.21058943716644085
832,4,10,150,63,0.0
833,4,10,150,63,0.17301496077233267
834,4,10,150,63,0.2706897351446418
835,4,10,150,63,0.15540024392113308
836,4,10,150,63,0.17832202911372014
837,4,10,150,63,0.05665916465450996
838,4,10,150,63,0.27895398740912175
839,4,10,150,63,0.08633834411059861
840,4,10,150,63,0.3161334662527083
841,4,10,150,63,0.06507217400164225
842,4,10,150,63,0.03947561302344988
843,4,10,150,63,0.0
844,4,10,150,63,0.05872188515498603
845,4,10,150,63,0.0
846,4,10,150,63,0.3595361384528334
847,4,10,150,63,0.054407264271189505
848,4,10,150,63,0.04829572566980624
849,4,10,150,63,0.0419387969316025
850,4,10,150,63,0.2721744638560368
851,4,10,150,63,0.05873835090676995
852,4,10,150,63,0.26227118260874954
853,4,10,150,63,0.0
854,4,10,150,63,0.0
855,4,10,150,63,0.0
856,4,10,150,63,0.037110354711564805
857,4,10,150,63,0.0
858,4,10,150,63,0.10250982096838526
859,4,10,150,63,0.05070263548706836
860,4,10,150,63,0.10848832312989015
861,4,10,150,63,0.06460834446248033
862,4,10,150,63,0.10655268586029741
863,4,10,150,63,0.06336841123297353
864,4,10,150,63,0.4329977747770885
865,4,10,150,63,0.07803010102565
866,4,10,150,63,0.16283687678415507
867,4,10,150,63,0.17207691146483065
868,4,10,150,63,0.2297839465617958
869,4,10,150,63,0.0587446084443979
870,4,10,150,63,0.2706415501442965
871,4,10,150,63,0.07012986265386374
872,4,10,150,63,0.02804794621397926
873,4,10,150,63,0.0
874,4,10,150,63,0.13944914190808633
875,4,10,150,63,0.11729943308729383
876,4,10,150,63,0.08671382849411972
877,4,10,150,63,0.0835317778614811
878,4,10,150,63,0.1706804422753891
879,4,10,150,63,0.03963466998423315
880,4,10,150,63,0.35962948785536686
881,4,10,150,63,0.10447171237804505
882,4,10,150,63,0.21288820648214166
883,4,10,150,63,0.3307499091428214
884,4,10,150,63,0.11407805705099587
885,4,10,150,63,0.04536087033637415
886,4,10,150,63,0.19689851137329853
887,4,10,150,63,0.11427812758992836
888,4,10,150,63,0.11625487663628292
889,4,10,150,63,0.01154756587677838
890,4,10,150,63,0.11434431442033766
891,4,10,150,63,0.10491091696774645
892,4,10,150,63,0.2556017584985573
893,4,10,150,63,0.10869735563398858
894,4,10,150,63,0.10878101518277851
895,4,10,150,63,0.0
896,4,10,150,63,0.3100251911273886
897,4,10,150,63,0.3243703739223992
898,4,10,150,63,0.0
899,4,10,150,63,0.05684415375822261
900,4,10,150,63,0.055315677011973347
901,4,10,150,63,0.19447772481984943
902,4,10,150,63,0.05978585424799658
903,4,10,150,63,0.23389434103643633
904,4,10,150,63,0.0
905,4,10,150,63,0.0
906,4,10,150,63,0.10407444169186962
907,4,10,150,63,0.04552366948252362
908,4,10,150,63,0.06892767477436933
909,4,10,150,63,0.0
910,4,10,150,63,0.0
911,4,10,150,63,0.13243052909755645
912,4,10,150,63,0.15575097056245804
913,4,10,150,63,0.07219927248779984
914,4,10,150,63,0.0
915,4,10,150,63,0.0
916,4,10,150,63,0.2539884895810302
917,4,10,150,63,0.0
918,4,10,150,63,0.043627084055128
919,4,10,150,63,0.1017874794294927
920,4,10,150,63,0.0
921,4,10,150,63,0.15405864814296488
922,4,10,150,63,0.1280645281724967
923,4,10,150,63,0.02142307850464013
924,4,10,150,63,0.018280262702529162
925,4,10,150,63,0.0
926,4,10,150,63,0.0
927,4,10,150,63,0.07810793930752503
928,4,10,150,63,0.1482972305701491
929,4,10,150,63,0.25163227912988373
930,4,10,150,63,0.032298243696638564
931,4,10,150,63,0.08679587898287541
932,4,10,150,63,0.26492908423155304
933,4,10,150,63,0.07729288729159109
934,4,10,150,63,0.10071040486185964
935,4,10,150,63,0.04173963774222741
936,4,10,150,63,0.1321191921354211
937,4,10,150,63,0.0
938,4,10,150,63,0.1482741018676109
939,4,10,150,63,0.02916862694666808
940,4,10,150,63,0.050684733114198
941,4,10,150,63,0.0
942,4,10,150,63,0.10504870308911567
943,4,10,150,63,0.20163692230838232
1,4,10,150,64,0.4058715898896693
2,4,10,150,64,0.06250343848035038
3,4,10,150,64,0.0
4,4,10,150,64,0.0
5,4,10,150,64,0.040209635547393256
6,4,10,150,64,0.27020011346731576
7,4,10,150,64,0.29136519416833906
8,4,10,150,64,0.0
9,4,10,150,64,0.21840743681816419
10,4,10,150,64,0.21491451057814584
11,4,10,150,64,0.1722584975122812
12,4,10,150,64,0.0
13,4,10,150,64,0.2633260722896556
14,4,10,150,64,0.03963175841995263
15,4,10,150,64,0.05010834716923557
16,4,10,150,64,0.053168340515114924
17,4,10,150,64,0.0
18,4,10,150,64,0.24724966735366713
19,4,10,150,64,0.0
20,4,10,150,64,0.0
21,4,10,150,64,0.0
22,4,10,150,64,0.11702382382650763
23,4,10,150,64,0.23682446174402746
24,4,10,150,64,0.0
25,4,10,150,64,0.12358102547512423
26,4,10,150,64,0.0
27,4,10,150,64,0.0
28,4,10,150,64,0.0
29,4,10,150,64,0.13455232720853103
30,4,10,150,64,0.0
31,4,10,150,64,0.0
32,4,10,150,64,0.0
33,4,10,150,64,0.0
35,4,10,150,64,0.10523285614729473
36,4,10,150,64,0.0
37,4,10,150,64,0.0
38,4,10,150,64,0.04739418218477539
39,4,10,150,64,0.0
40,4,10,150,64,0.10558114683788161
41,4,10,150,64,0.0
42,4,10,150,64,0.0683037314796457
43,4,10,150,64,0.22592974817952552
44,4,10,150,64,0.2044921015662719
45,4,10,150,64,0.05200670101006268
46,4,10,150,64,0.11284514134893527
47,4,10,150,64,0.06250343848035038
48,4,10,150,64,0.0
49,4,10,150,64,0.0
50,4,10,150,64,0.0
51,4,10,150,64,0.16812753627111746
52,4,10,150,64,0.0
54,4,10,150,64,0.0
56,4,10,150,64,0.20383503459815738
57,4,10,150,64,0.3030555992505742
58,4,10,150,64,0.3717269535737058
59,4,10,150,64,0.2378606442039324
60,4,10,150,64,0.1505674224523334
61,4,10,150,64,0.0
62,4,10,150,64,0.08314631791322982
63,4,10,150,64,0.0
64,4,10,150,64,0.04238468688770069
65,4,10,150,64,0.13012668333070054
66,4,10,150,64,0.0
67,4,10,150,64,0.0
68,4,10,150,64,0.4827392464262081
69,4,10,150,64,0.07673373981757839
70,4,10,150,64,0.0
71,4,10,150,64,0.0
72,4,10,150,64,0.031239588460834872
73,4,10,150,64,0.0
74,4,10,150,64,0.0
75,4,10,150,64,0.049432410190049694
76,4,10,150,64,0.1301464707340554
77,4,10,150,64,0.10201115106436301
78,4,10,150,64,0.0
79,4,10,150,64,0.27487633291429087
80,4,10,150,64,0.0
81,4,10,150,64,0.0
82,4,10,150,64,0.19298623480417013
83,4,10,150,64,0.12089611529519323
84,4,10,150,64,0.05034889199379723
85,4,10,150,64,0.0
87,4,10,150,64,0.07100089300395272
89,4,10,150,64,0.2553387838830436
90,4,10,150,64,0.08263958354441517
91,4,10,150,64,0.05648147012627732
92,4,10,150,64,0.10542637391232386
93,4,10,150,64,0.0
94,4,10,150,64,0.10584596736853813
95,4,10,150,64,0.17287436926807473
96,4,10,150,64,0.10181164814261426
97,4,10,150,64,0.06462745615384195
98,4,10,150,64,0.0930297504356062
99,4,10,150,64,0.05658242244874664
100,4,10,150,64,0.0
101,4,10,150,64,0.0
102,4,10,150,64,0.02424726876918863
103,4,10,150,64,0.0
104,4,10,150,64,0.0
105,4,10,150,64,0.0
106,4,10,150,64,0.0
107,4,10,150,64,0.0
108,4,10,150,64,0.0
109,4,10,150,64,0.07103066762111539
110,4,10,150,64,0.0
111,4,10,150,64,0.0
112,4,10,150,64,0.05685954565780693
113,4,10,150,64,0.053168340515114924
114,4,10,150,64,0.0
115,4,10,150,64,0.10684080426179023
116,4,10,150,64,0.0
117,4,10,150,64,0.26646890433550474
118,4,10,150,64,0.0
119,4,10,150,64,0.2063582228182277
120,4,10,150,64,0.0
121,4,10,150,64,0.271985059917519
122,4,10,150,64,0.1530100230930498
123,4,10,150,64,0.07386004580671933
125,4,10,150,64,0.12702645795516354
126,4,10,150,64,0.06911917000496234
127,4,10,150,64,0.1678437907858252
128,4,10,150,64,0.05750548798281727
129,4,10,150,64,0.0
130,4,10,150,64,0.16099269493775217
131,4,10,150,64,0.06556385272536247
133,4,10,150,64,0.11047239495909743
134,4,10,150,64,0.0
135,4,10,150,64,0.0
137,4,10,150,64,0.1371200812351206
138,4,10,150,64,0.0
139,4,10,150,64,0.0
141,4,10,150,64,0.0
142,4,10,150,64,0.13373003436102654
143,4,10,150,64,0.1208996448617798
144,4,10,150,64,0.1227945149537572
145,4,10,150,64,0.08829985348038716
146,4,10,150,64,0.0
148,4,10,150,64,0.10461537305334957
149,4,10,150,64,0.0
150,4,10,150,64,0.10235170428306553
151,4,10,150,64,0.06298430394440727
152,4,10,150,64,0.040655755922716606
153,4,10,150,64,0.0
154,4,10,150,64,0.06372882143962796
155,4,10,150,64,0.0
156,4,10,150,64,0.0
158,4,10,150,64,0.17575552384613552
159,4,10,150,64,0.03310852000739229
160,4,10,150,64,0.0
161,4,10,150,64,0.0
162,4,10,150,64,0.0
163,4,10,150,64,0.0
164,4,10,150,64,0.0
165,4,10,150,64,0.12114889742360979
166,4,10,150,64,0.0
167,4,10,150,64,0.0
168,4,10,150,64,0.23504554941448536
169,4,10,150,64,0.06416923277158361
170,4,10,150,64,0.0
171,4,10,150,64,0.0
172,4,10,150,64,0.0
173,4,10,150,64,0.05840183867278569
174,4,10,150,64,0.08712841477105211
175,4,10,150,64,0.0
176,4,10,150,64,0.09511409151391914
177,4,10,150,64,0.06912040963822193
178,4,10,150,64,0.2437589399037192
179,4,10,150,64,0.06723507268634088
180,4,10,150,64,0.12262943855309168
181,4,10,150,64,0.01719677167528726
182,4,10,150,64,0.0
183,4,10,150,64,0.0
184,4,10,150,64,0.09303069037986347
185,4,10,150,64,0.07745351606183934
186,4,10,150,64,0.22147164648185297
187,4,10,150,64,0.08625091781054979
188,4,10,150,64,0.054384419234677496
189,4,10,150,64,0.2089531400761587
190,4,10,150,64,0.10699313236726378
191,4,10,150,64,0.0
192,4,10,150,64,0.0
193,4,10,150,64,0.0
194,4,10,150,64,0.039890284039303295
195,4,10,150,64,0.0
196,4,10,150,64,0.0
197,4,10,150,64,0.05576624569167862
198,4,10,150,64,0.0
199,4,10,150,64,0.0
200,4,10,150,64,0.11302970636219896
201,4,10,150,64,0.03487978243545732
203,4,10,150,64,0.0
204,4,10,150,64,0.0
205,4,10,150,64,0.0
206,4,10,150,64,0.0
207,4,10,150,64,0.050513241088636716
209,4,10,150,64,0.0
210,4,10,150,64,0.09440608278107551
211,4,10,150,64,0.0
212,4,10,150,64,0.12681701683239352
213,4,10,150,64,0.2384146878320104
214,4,10,150,64,0.056720838976548935
215,4,10,150,64,0.0
216,4,10,150,64,0.03497205398870122
217,4,10,150,64,0.0
218,4,10,150,64,0.19092086617893467
219,4,10,150,64,0.0
221,4,10,150,64,0.3375735570145491
222,4,10,150,64,0.12476107276951183
223,4,10,150,64,0.03870447337439288
224,4,10,150,64,0.0
225,4,10,150,64,0.0
226,4,10,150,64,0.08080765379783027
227,4,10,150,64,0.0
228,4,10,150,64,0.0
229,4,10,150,64,0.0
230,4,10,150,64,0.23712439662683835
231,4,10,150,64,0.0
232,4,10,150,64,0.3234992853586256
233,4,10,150,64,0.0968152409481219
234,4,10,150,64,0.06411917231744522
235,4,10,150,64,0.06065881345112158
236,4,10,150,64,0.0
237,4,10,150,64,0.0
238,4,10,150,64,0.0
239,4,10,150,64,0.08989646527561479
240,4,10,150,64,0.05497526658285817
242,4,10,150,64,0.0
243,4,10,150,64,0.09267768927614353
244,4,10,150,64,0.15765545519871427
245,4,10,150,64,0.10704534003732354
246,4,10,150,64,0.08041927109478651
247,4,10,150,64,0.0
248,4,10,150,64,0.14830051302014485
249,4,10,150,64,0.28358055700477847
250,4,10,150,64,0.3503302816689379
251,4,10,150,64,0.0
252,4,10,150,64,0.0
253,4,10,150,64,0.05954496680255472
254,4,10,150,64,0.0
255,4,10,150,64,0.0
256,4,10,150,64,0.16583176898817792
257,4,10,150,64,0.3305900772260718
258,4,10,150,64,0.0
259,4,10,150,64,0.0
260,4,10,150,64,0.0
261,4,10,150,64,0.0
262,4,10,150,64,0.0
263,4,10,150,64,0.12774011823457565
264,4,10,150,64,0.05840183867278569
265,4,10,150,64,0.10209739512291163
267,4,10,150,64,0.09794101962538232
268,4,10,150,64,0.09385240010559207
269,4,10,150,64,0.13223875150584097
270,4,10,150,64,0.046726672111120165
271,4,10,150,64,0.12276482551434069
272,4,10,150,64,0.14498698048571354
273,4,10,150,64,0.0
274,4,10,150,64,0.0
275,4,10,150,64,0.04605780568615433
276,4,10,150,64,0.18784639929386426
277,4,10,150,64,0.0
279,4,10,150,64,0.06493409231178052
280,4,10,150,64,0.03337620304869898
281,4,10,150,64,0.0
283,4,10,150,64,0.1292258709239571
284,4,10,150,64,0.0
285,4,10,150,64,0.1185995982858366
286,4,10,150,64,0.3005968627632655
287,4,10,150,64,0.06364028872631156
288,4,10,150,64,0.12538054736008386
289,4,10,150,64,0.13905617951077562
290,4,10,150,64,0.0
291,4,10,150,64,0.23494592513118112
292,4,10,150,64,0.08933583385868532
293,4,10,150,64,0.16274268506786616
294,4,10,150,64,0.04123398036294628
295,4,10,150,64,0.2670961153715764
296,4,10,150,64,0.5087533365407171
297,4,10,150,64,0.13535082686131417
298,4,10,150,64,0.19947114504638494
299,4,10,150,64,0.0
300,4,10,150,64,0.0
301,4,10,150,64,0.047934103497110726
303,4,10,150,64,0.10429171540620567
304,4,10,150,64,0.0
305,4,10,150,64,0.31514747987601716
306,4,10,150,64,0.0
307,4,10,150,64,0.1383141340724969
308,4,10,150,64,0.19205342317019936
309,4,10,150,64,0.0
310,4,10,150,64,0.0
311,4,10,150,64,0.08938791352906189
312,4,10,150,64,0.09804650712627644
313,4,10,150,64,0.14465709645474623
314,4,10,150,64,0.20285519102295546
315,4,10,150,64,0.0
316,4,10,150,64,0.04568304891751105
317,4,10,150,64,0.0
318,4,10,150,64,0.13815200906377123
319,4,10,150,64,0.0
320,4,10,150,64,0.0
321,4,10,150,64,0.062242588308449316
322,4,10,150,64,0.17342765698823945
323,4,10,150,64,0.14126697285982898
324,4,10,150,64,0.0
325,4,10,150,64,0.0
326,4,10,150,64,0.0634222181618871
327,4,10,150,64,0.0
328,4,10,150,64,0.1437524526514495
329,4,10,150,64,0.0
330,4,10,150,64,0.0536466452928127
331,4,10,150,64,0.16958010263680806
332,4,10,150,64,0.024647523009140075
333,4,10,150,64,0.0
334,4,10,150,64,0.07058424671826317
336,4,10,150,64,0.0
337,4,10,150,64,0.16716045496620227
338,4,10,150,64,0.05005165434923901
339,4,10,150,64,0.11188277275938595
340,4,10,150,64,0.0
341,4,10,150,64,0.0
342,4,10,150,64,0.2625072992734236
343,4,10,150,64,0.28732332399638805
344,4,10,150,64,0.23832550406045652
345,4,10,150,64,0.056149696530797676
346,4,10,150,64,0.13947804593499064
347,4,10,150,64,0.08705643551438974
348,4,10,150,64,0.071942683897578
349,4,10,150,64,0.07673373981757839
350,4,10,150,64,0.2065896325117088
351,4,10,150,64,0.0
352,4,10,150,64,0.0
353,4,10,150,64,0.0
354,4,10,150,64,0.051249224710132255
355,4,10,150,64,0.0
356,4,10,150,64,0.08406376813555873
357,4,10,150,64,0.0
358,4,10,150,64,0.20438239758848611
359,4,10,150,64,0.0
360,4,10,150,64,0.06752012359727312
361,4,10,150,64,0.09622728274290568
362,4,10,150,64,0.0
363,4,10,150,64,0.2000219371064626
364,4,10,150,64,0.0
365,4,10,150,64,0.0
366,4,10,150,64,0.0
367,4,10,150,64,0.0
368,4,10,150,64,0.0
369,4,10,150,64,0.0
370,4,10,150,64,0.13479984916817475
371,4,10,150,64,0.22569563125869263
372,4,10,150,64,0.0
373,4,10,150,64,0.062173010658778456
374,4,10,150,64,0.06834943074719504
375,4,10,150,64,0.0
376,4,10,150,64,0.0
377,4,10,150,64,0.08010929472340098
378,4,10,150,64,0.16448029476168333
379,4,10,150,64,0.1315227022729401
380,4,10,150,64,0.0
381,4,10,150,64,0.05105625351125917
382,4,10,150,64,0.0
383,4,10,150,64,0.04838338183089434
384,4,10,150,64,0.0
385,4,10,150,64,0.0
386,4,10,150,64,0.0
387,4,10,150,64,0.11497906462099297
388,4,10,150,64,0.04511904280884329
389,4,10,150,64,0.14120339070995014
390,4,10,150,64,0.0
391,4,10,150,64,0.2137247802747043
392,4,10,150,64,0.028653609888707104
393,4,10,150,64,0.054235696447924676
394,4,10,150,64,0.11073655428626575
395,4,10,150,64,0.09179488000267515
396,4,10,150,64,0.0
397,4,10,150,64,0.2710147943938467
398,4,10,150,64,0.18852571653533698
399,4,10,150,64,0.04732425758521323
400,4,10,150,64,0.0
401,4,10,150,64,0.0
402,4,10,150,64,0.08963222225173058
403,4,10,150,64,0.0854499779566911
404,4,10,150,64,0.0
405,4,10,150,64,0.07517905973597636
406,4,10,150,64,0.20956416940551098
407,4,10,150,64,0.04270006763257965
408,4,10,150,64,0.0
409,4,10,150,64,0.12740448328320192
410,4,10,150,64,0.0
411,4,10,150,64,0.0
412,4,10,150,64,0.0
413,4,10,150,64,0.041646268351119564
414,4,10,150,64,0.0
415,4,10,150,64,0.15103391472831218
416,4,10,150,64,0.2076467491497012
417,4,10,150,64,0.09850508837083022
418,4,10,150,64,0.0
419,4,10,150,64,0.1208113026994942
420,4,10,150,64,0.06052048269976269
421,4,10,150,64,0.15435807162450887
422,4,10,150,64,0.07550298029238112
423,4,10,150,64,0.053845569940583225
424,4,10,150,64,0.2766918177656049
425,4,10,150,64,0.1674157226455415
426,4,10,150,64,0.040759261617270684
427,4,10,150,64,0.0
428,4,10,150,64,0.04415960465480069
429,4,10,150,64,0.14355264986043786
430,4,10,150,64,0.0
431,4,10,150,64,0.0
432,4,10,150,64,0.05789711601244791
433,4,10,150,64,0.05780921899607981
434,4,10,150,64,0.20778267687568405
435,4,10,150,64,0.17195543683824452
436,4,10,150,64,0.0
437,4,10,150,64,0.10867290175167639
438,4,10,150,64,0.0
439,4,10,150,64,0.10863976191957724
440,4,10,150,64,0.0
441,4,10,150,64,0.0
442,4,10,150,64,0.040949887133979804
443,4,10,150,64,0.06783204105472322
444,4,10,150,64,0.1312721899408984
445,4,10,150,64,0.0
446,4,10,150,64,0.0
447,4,10,150,64,0.16246725303708914
448,4,10,150,64,0.0
449,4,10,150,64,0.1882329728596757
450,4,10,150,64,0.27525523780087296
451,4,10,150,64,0.06148915918944534
452,4,10,150,64,0.10773098771530253
453,4,10,150,64,0.0
454,4,10,150,64,0.0
455,4,10,150,64,0.063401477059351
456,4,10,150,64,0.018650043077523788
457,4,10,150,64,0.2974024120042739
458,4,10,150,64,0.06982799741808067
459,4,10,150,64,0.0
460,4,10,150,64,0.05184030722866645
461,4,10,150,64,0.0
462,4,10,150,64,0.0
463,4,10,150,64,0.11987424504051505
464,4,10,150,64,0.0
465,4,10,150,64,0.0
466,4,10,150,64,0.0
467,4,10,150,64,0.07807600999842033
468,4,10,150,64,0.11455543964849552
469,4,10,150,64,0.05165643482805862
470,4,10,150,64,0.0
471,4,10,150,64,0.0
472,4,10,150,64,0.07484150925457735
473,4,10,150,64,0.06140244428718695
474,4,10,150,64,0.22446242051797097
475,4,10,150,64,0.0
476,4,10,150,64,0.0
477,4,10,150,64,0.0
478,4,10,150,64,0.2345109835167376
479,4,10,150,64,0.10172348796286074
480,4,10,150,64,0.0741070054529978
481,4,10,150,64,0.13102204196909084
482,4,10,150,64,0.0
483,4,10,150,64,0.05658242244874664
484,4,10,150,64,0.2723783861819967
485,4,10,150,64,0.0
486,4,10,150,64,0.0
487,4,10,150,64,0.08199193156683765
488,4,10,150,64,0.0
489,4,10,150,64,0.0
490,4,10,150,64,0.0
491,4,10,150,64,0.14208678740137623
492,4,10,150,64,0.0
493,4,10,150,64,0.1475552329391869
494,4,10,150,64,0.0
495,4,10,150,64,0.11519757297347474
496,4,10,150,64,0.047739744220948385
497,4,10,150,64,0.05057001832592956
498,4,10,150,64,0.0
499,4,10,150,64,0.05075938465928585
500,4,10,150,64,0.09541527213731128
501,4,10,150,64,0.0
502,4,10,150,64,0.0
503,4,10,150,64,0.05608659198762317
504,4,10,150,64,0.08148269775823089
505,4,10,150,64,0.07379217622092994
506,4,10,150,64,0.11884213448985288
507,4,10,150,64,0.05319635904163211
508,4,10,150,64,0.0
509,4,10,150,64,0.0
510,4,10,150,64,0.0
511,4,10,150,64,0.08495943917278885
512,4,10,150,64,0.05478392673173268
513,4,10,150,64,0.0
514,4,10,150,64,0.27252722616773445
515,4,10,150,64,0.11706259313796354
516,4,10,150,64,0.0
517,4,10,150,64,0.08878770367712427
518,4,10,150,64,0.0
519,4,10,150,64,0.0
520,4,10,150,64,0.0
521,4,10,150,64,0.09850628252086785
522,4,10,150,64,0.12524561954372188
523,4,10,150,64,0.032114893884379984
524,4,10,150,64,0.1283825351773177
525,4,10,150,64,0.0
526,4,10,150,64,0.11924544365159577
527,4,10,150,64,0.1636135858112592
528,4,10,150,64,0.10209739512291163
529,4,10,150,64,0.0
530,4,10,150,64,0.0
531,4,10,150,64,0.1517763576041802
532,4,10,150,64,0.2633677187406756
533,4,10,150,64,0.11557545112991054
534,4,10,150,64,0.1046638363823608
535,4,10,150,64,0.13889821983463596
536,4,10,150,64,0.11332938400002224
537,4,10,150,64,0.34325897324469007
538,4,10,150,64,0.14697776980950736
539,4,10,150,64,0.04478826142555715
540,4,10,150,64,0.0
541,4,10,150,64,0.04030702414138781
542,4,10,150,64,0.049033875503285806
543,4,10,150,64,0.04953295293703468
544,4,10,150,64,0.05282936728943967
545,4,10,150,64,0.02244213465825961
546,4,10,150,64,0.05758752804519195
547,4,10,150,64,0.0
548,4,10,150,64,0.1103190733436671
549,4,10,150,64,0.0
550,4,10,150,64,0.04785685030080952
551,4,10,150,64,0.0910925691220798
552,4,10,150,64,0.1205344274731702
553,4,10,150,64,0.07411563356774664
554,4,10,150,64,0.12627825946936164
555,4,10,150,64,0.0
556,4,10,150,64,0.07660623398069263
557,4,10,150,64,0.031742154565302834
558,4,10,150,64,0.08878770367712427
559,4,10,150,64,0.07221175124961293
560,4,10,150,64,0.09375790921485552
561,4,10,150,64,0.07892617824934164
562,4,10,150,64,0.07930308311174379
563,4,10,150,64,0.0
564,4,10,150,64,0.15437610727371853
565,4,10,150,64,0.0
566,4,10,150,64,0.03579489106983033
567,4,10,150,64,0.1471381878632886
568,4,10,150,64,0.036155150901276155
569,4,10,150,64,0.18299769260789403
570,4,10,150,64,0.0
571,4,10,150,64,0.0
572,4,10,150,64,0.16812753627111746
573,4,10,150,64,0.06437746926759551
574,4,10,150,64,0.051811563545175146
575,4,10,150,64,0.0
576,4,10,150,64,0.0
577,4,10,150,64,0.20541190363713152
578,4,10,150,64,0.0
579,4,10,150,64,0.0
580,4,10,150,64,0.12128674553236206
581,4,10,150,64,0.09893005350346888
582,4,10,150,64,0.03190895161277091
583,4,10,150,64,0.0
584,4,10,150,64,0.06323567569191428
585,4,10,150,64,0.04173963774222741
586,4,10,150,64,0.05786021189691368
587,4,10,150,64,0.019492972026130224
588,4,10,150,64,0.13560342958033234
589,4,10,150,64,0.0
590,4,10,150,64,0.053845569940583225
591,4,10,150,64,0.0
592,4,10,150,64,0.3383156541576998
593,4,10,150,64,0.07711036365720102
594,4,10,150,64,0.0
595,4,10,150,64,0.10296141646738245
596,4,10,150,64,0.0
597,4,10,150,64,0.27101620591530523
598,4,10,150,64,0.0684591776394769
599,4,10,150,64,0.0
600,4,10,150,64,0.09197011795311534
601,4,10,150,64,0.0
602,4,10,150,64,0.0
603,4,10,150,64,0.0
604,4,10,150,64,0.0
605,4,10,150,64,0.23939908411991156
606,4,10,150,64,0.14995431516032265
607,4,10,150,64,0.08673473912838402
608,4,10,150,64,0.09072059226435805
609,4,10,150,64,0.0
610,4,10,150,64,0.19303241878686786
611,4,10,150,64,0.07624568872860434
612,4,10,150,64,0.0
613,4,10,150,64,0.08385150490449667
614,4,10,150,64,0.0
615,4,10,150,64,0.04919117729584568
616,4,10,150,64,0.03618657486793958
617,4,10,150,64,0.0
618,4,10,150,64,0.1281253572826617
619,4,10,150,64,0.12363660028711727
620,4,10,150,64,0.14012037550990028
621,4,10,150,64,0.11278207190006835
622,4,10,150,64,0.18241748250491993
623,4,10,150,64,0.17494254380936963
624,4,10,150,64,0.06626749824739844
625,4,10,150,64,0.0
626,4,10,150,64,0.06228974831361337
627,4,10,150,64,0.06945233499530101
628,4,10,150,64,0.0
629,4,10,150,64,0.14360653209080107
630,4,10,150,64,0.15874779570678058
631,4,10,150,64,0.0
632,4,10,150,64,0.12112269717167994
633,4,10,150,64,0.11499138576948859
634,4,10,150,64,0.022104381789790163
635,4,10,150,64,0.04546401530948942
636,4,10,150,64,0.11426572661305327
637,4,10,150,64,0.01928973283308616
638,4,10,150,64,0.09712868482236708
639,4,10,150,64,0.03138892079718151
640,4,10,150,64,0.10536866733091729
641,4,10,150,64,0.07675099783970546
642,4,10,150,64,0.13545668070343975
643,4,10,150,64,0.11071279041815515
644,4,10,150,64,0.04935421935348238
645,4,10,150,64,0.16158259063789654
646,4,10,150,64,0.0
647,4,10,150,64,0.030218457878623886
648,4,10,150,64,0.14151909203220878
649,4,10,150,64,0.15489949502599
650,4,10,150,64,0.0684105538270711
651,4,10,150,64,0.0
652,4,10,150,64,0.08156220960446063
653,4,10,150,64,0.10777443665836835
654,4,10,150,64,0.21255442687635834
655,4,10,150,64,0.16357255434962234
656,4,10,150,64,0.07397229644086958
657,4,10,150,64,0.0
658,4,10,150,64,0.2625403796417579
659,4,10,150,64,0.08781544355121487
660,4,10,150,64,0.06453781699231068
661,4,10,150,64,0.08605775303302886
662,4,10,150,64,0.0512644431393966
663,4,10,150,64,0.24026856780584893
664,4,10,150,64,0.28517362059082263
665,4,10,150,64,0.0
666,4,10,150,64,0.18940745987441335
667,4,10,150,64,0.28468511714771283
668,4,10,150,64,0.06194403202282284
669,4,10,150,64,0.1348578320198433
670,4,10,150,64,0.06613087842005526
671,4,10,150,64,0.17678252116816562
672,4,10,150,64,0.0
673,4,10,150,64,0.14837758007547783
674,4,10,150,64,0.11338915993603582
675,4,10,150,64,0.0
676,4,10,150,64,0.16684180252782607
677,4,10,150,64,0.03314040476303028
678,4,10,150,64,0.03824432123396675
679,4,10,150,64,0.15527711509166947
680,4,10,150,64,0.11377863936243801
681,4,10,150,64,0.0
682,4,10,150,64,0.13013991091322516
683,4,10,150,64,0.0
684,4,10,150,64,0.06573003977381581
685,4,10,150,64,0.1906465758273748
686,4,10,150,64,0.07277260183012466
687,4,10,150,64,0.0
688,4,10,150,64,0.0
689,4,10,150,64,0.18098128360653137
690,4,10,150,64,0.07914701567910001
691,4,10,150,64,0.09842092178212862
692,4,10,150,64,0.1753901755134814
693,4,10,150,64,0.0
694,4,10,150,64,0.2050252665356312
695,4,10,150,64,0.0
696,4,10,150,64,0.039725595076707886
697,4,10,150,64,0.04239477130634912
698,4,10,150,64,0.041937660325009396
699,4,10,150,64,0.050296301412810544
700,4,10,150,64,0.12729890218214104
701,4,10,150,64,0.03902876023380719
702,4,10,150,64,0.037715680681715956
703,4,10,150,64,0.11918688501400482
704,4,10,150,64,0.23659106617286202
705,4,10,150,64,0.18306616888675684
706,4,10,150,64,0.04395738023645723
707,4,10,150,64,0.04090708715175905
708,4,10,150,64,0.07186325791519563
709,4,10,150,64,0.13472082394875662
710,4,10,150,64,0.10695361352497157
711,4,10,150,64,0.18675731228739365
712,4,10,150,64,0.15511023313323485
713,4,10,150,64,0.1468735732232516
714,4,10,150,64,0.03441184191455828
715,4,10,150,64,0.0
716,4,10,150,64,0.23373664799117871
717,4,10,150,64,0.09054670163637572
718,4,10,150,64,0.035328385129692476
719,4,10,150,64,0.09883437846193516
720,4,10,150,64,0.0
721,4,10,150,64,0.1626199557578681
722,4,10,150,64,0.06556429791586475
723,4,10,150,64,0.0
724,4,10,150,64,0.0
725,4,10,150,64,0.0
726,4,10,150,64,0.05010834716923557
727,4,10,150,64,0.14037362938978673
728,4,10,150,64,0.09627818061559096
729,4,10,150,64,0.0
730,4,10,150,64,0.02601736765943984
731,4,10,150,64,0.13032711631493252
732,4,10,150,64,0.0
733,4,10,150,64,0.14514596345398123
734,4,10,150,64,0.0
735,4,10,150,64,0.0
736,4,10,150,64,0.03351972906068008
737,4,10,150,64,0.1138970555583582
738,4,10,150,64,0.13922998739868644
739,4,10,150,64,0.03855307727568851
740,4,10,150,64,0.0
741,4,10,150,64,0.05358697798864893
742,4,10,150,64,0.0488929053971083
743,4,10,150,64,0.0690623255281084
744,4,10,150,64,0.03596673601130318
745,4,10,150,64,0.03520132288421838
746,4,10,150,64,0.25743994347908983
747,4,10,150,64,0.4183643302192356
748,4,10,150,64,0.09621648119325965
749,4,10,150,64,0.1481706243474509
750,4,10,150,64,0.041278922835426404
751,4,10,150,64,0.08419540700181055
752,4,10,150,64,0.023242424817620892
753,4,10,150,64,0.15780803084928155
754,4,10,150,64,0.0
755,4,10,150,64,0.03855371268423985
756,4,10,150,64,0.031104745345423533
757,4,10,150,64,0.0
758,4,10,150,64,0.2574169927690861
759,4,10,150,64,0.08145040004058159
760,4,10,150,64,0.03004859059698017
761,4,10,150,64,0.06869287000000811
762,4,10,150,64,0.051960280791503534
763,4,10,150,64,0.04542386553984721
764,4,10,150,64,0.08946696896639536
765,4,10,150,64,0.15066101840234988
766,4,10,150,64,0.023823431574733288
767,4,10,150,64,0.10635849541123835
768,4,10,150,64,0.08438032815655525
769,4,10,150,64,0.0
770,4,10,150,64,0.21464739068424896
771,4,10,150,64,0.2872791742076055
772,4,10,150,64,0.17356150297482983
773,4,10,150,64,0.08790844241166973
774,4,10,150,64,0.062329753097867605
775,4,10,150,64,0.0
776,4,10,150,64,0.138487812915294
777,4,10,150,64,0.0
778,4,10,150,64,0.1631238413472767
779,4,10,150,64,0.0
780,4,10,150,64,0.07672775543002532
781,4,10,150,64,0.2016539629141292
782,4,10,150,64,0.04299016147108111
783,4,10,150,64,0.0
784,4,10,150,64,0.029814614753779622
785,4,10,150,64,0.0
786,4,10,150,64,0.0
787,4,10,150,64,0.0
788,4,10,150,64,0.25153416158656555
789,4,10,150,64,0.08809718769055445
790,4,10,150,64,0.010904162939215666
791,4,10,150,64,0.04465281017341861
792,4,10,150,64,0.08944329533390502
793,4,10,150,64,0.0
794,4,10,150,64,0.04108065887337468
795,4,10,150,64,0.012040644173228086
796,4,10,150,64,0.35118437483016035
797,4,10,150,64,0.11278903329502893
798,4,10,150,64,0.04127856501685417
799,4,10,150,64,0.0
800,4,10,150,64,0.03244993904038569
801,4,10,150,64,0.1561471668577559
802,4,10,150,64,0.06960082070980815
803,4,10,150,64,0.10569353498973794
804,4,10,150,64,0.13400165778326315
805,4,10,150,64,0.11754213569833584
806,4,10,150,64,0.2959152150106387
807,4,10,150,64,0.11801757057234519
808,4,10,150,64,0.1025417224926713
809,4,10,150,64,0.10356976056061801
810,4,10,150,64,0.0
811,4,10,150,64,0.0
812,4,10,150,64,0.03260477305529222
813,4,10,150,64,0.0
814,4,10,150,64,0.034616222155696735
815,4,10,150,64,0.21428157465466843
816,4,10,150,64,0.0
817,4,10,150,64,0.0
818,4,10,150,64,0.05516788910004661
819,4,10,150,64,0.037210602758860095
820,4,10,150,64,0.0787987754690289
821,4,10,150,64,0.302950268110492
822,4,10,150,64,0.028653609888707104
823,4,10,150,64,0.1835876285016197
824,4,10,150,64,0.05046096657376444
825,4,10,150,64,0.08238190489603152
826,4,10,150,64,0.14101060791647543
827,4,10,150,64,0.0
828,4,10,150,64,0.05745618865524075
829,4,10,150,64,0.1751347628439014
830,4,10,150,64,0.20443782642227196
831,4,10,150,64,0.21058943716644085
832,4,10,150,64,0.0
833,4,10,150,64,0.1711353844511035
834,4,10,150,64,0.2706897351446418
835,4,10,150,64,0.15540024392113308
836,4,10,150,64,0.20050437359357948
837,4,10,150,64,0.05665916465450996
838,4,10,150,64,0.27895398740912175
839,4,10,150,64,0.10730655186373157
840,4,10,150,64,0.3126990986415825
841,4,10,150,64,0.06507217400164225
842,4,10,150,64,0.03947561302344988
843,4,10,150,64,0.0
844,4,10,150,64,0.05872188515498603
845,4,10,150,64,0.0
846,4,10,150,64,0.3664939223542563
847,4,10,150,64,0.05381620205801158
848,4,10,150,64,0.04829572566980624
849,4,10,150,64,0.0419387969316025
850,4,10,150,64,0.2721744638560368
851,4,10,150,64,0.05810023722562018
852,4,10,150,64,0.26227118260874954
853,4,10,150,64,0.0
854,4,10,150,64,0.0
855,4,10,150,64,0.0
856,4,10,150,64,0.037110354711564805
857,4,10,150,64,0.0
858,4,10,150,64,0.10250982096838526
859,4,10,150,64,0.05070263548706836
860,4,10,150,64,0.10848832312989015
861,4,10,150,64,0.06460834446248033
862,4,10,150,64,0.10539513333182027
863,4,10,150,64,0.06336841123297353
864,4,10,150,64,0.4282938326383108
865,4,10,150,64,0.07803010102565
866,4,10,150,64,0.16283687678415507
867,4,10,150,64,0.17207691146483065
868,4,10,150,64,0.2272876510794388
869,4,10,150,64,0.0587446084443979
870,4,10,150,64,0.26770139140356564
871,4,10,150,64,0.07012986265386374
872,4,10,150,64,0.02804794621397926
873,4,10,150,64,0.0
874,4,10,150,64,0.13944914190808633
875,4,10,150,64,0.11729943308729383
876,4,10,150,64,0.08671382849411972
877,4,10,150,64,0.0835317778614811
878,4,10,150,64,0.1706804422753891
879,4,10,150,64,0.03963466998423315
880,4,10,150,64,0.3557225941002181
881,4,10,150,64,0.1033367668453149
882,4,10,150,64,0.21288820648214166
883,4,10,150,64,0.3271567534139847
884,4,10,150,64,0.11407805705099587
885,4,10,150,64,0.04536087033637415
886,4,10,150,64,0.19475947219419817
887,4,10,150,64,0.11303664846180207
888,4,10,150,64,0.11625487663628292
889,4,10,150,64,0.011422117006386255
890,4,10,150,64,0.11434431442033766
891,4,10,150,64,0.10491091696774645
892,4,10,150,64,0.2528249869939785
893,4,10,150,64,0.10869735563398858
894,4,10,150,64,0.10759925483428545
895,4,10,150,64,0.0
896,4,10,150,64,0.3066571817620344
897,4,10,150,64,0.3317101868578101
898,4,10,150,64,0.0
899,4,10,150,64,0.05684415375822261
900,4,10,150,64,0.055315677011973347
901,4,10,150,64,0.19447772481984943
902,4,10,150,64,0.05978585424799658
903,4,10,150,64,0.23389434103643633
904,4,10,150,64,0.0
905,4,10,150,64,0.0
906,4,10,150,64,0.10407444169186962
907,4,10,150,64,0.04552366948252362
908,4,10,150,64,0.06892767477436933
909,4,10,150,64,0.0
910,4,10,150,64,0.0
911,4,10,150,64,0.13243052909755645
912,4,10,150,64,0.15575097056245804
913,4,10,150,64,0.07219927248779984
914,4,10,150,64,0.0
915,4,10,150,64,0.0
916,4,10,150,64,0.2512292440871711
917,4,10,150,64,0.0
918,4,10,150,64,0.043627084055128
919,4,10,150,64,0.1006816945003788
920,4,10,150,64,0.0
921,4,10,150,64,0.15405864814296488
922,4,10,150,64,0.1280645281724967
923,4,10,150,64,0.02142307850464013
924,4,10,150,64,0.018280262702529162
925,4,10,150,64,0.0
926,4,10,150,64,0.0
927,4,10,150,64,0.09447575046156538
928,4,10,150,64,0.1873259908039563
929,4,10,150,64,0.25163227912988373
930,4,10,150,64,0.032298243696638564
931,4,10,150,64,0.08679587898287541
932,4,10,150,64,0.2620509837984823
933,4,10,150,64,0.07729288729159109
934,4,10,150,64,0.10071040486185964
935,4,10,150,64,0.04173963774222741
936,4,10,150,64,0.1321191921354211
937,4,10,150,64,0.0
938,4,10,150,64,0.1482741018676109
939,4,10,150,64,0.02916862694666808
940,4,10,150,64,0.050684733114198
941,4,10,150,64,0.0
942,4,10,150,64,0.10504870308911567
943,4,10,150,64,0.20163692230838232
1,4,10,150,65,0.4058715898896693
2,4,10,150,65,0.06250343848035038
3,4,10,150,65,0.0
4,4,10,150,65,0.0
5,4,10,150,65,0.040209635547393256
6,4,10,150,65,0.27020011346731576
7,4,10,150,65,0.29136519416833906
8,4,10,150,65,0.0
9,4,10,150,65,0.21840743681816419
10,4,10,150,65,0.21491451057814584
11,4,10,150,65,0.1722584975122812
12,4,10,150,65,0.0
13,4,10,150,65,0.2605063321112897
14,4,10,150,65,0.03963175841995263
15,4,10,150,65,0.05010834716923557
16,4,10,150,65,0.053168340515114924
17,4,10,150,65,0.0
18,4,10,150,65,0.24724966735366713
19,4,10,150,65,0.0
20,4,10,150,65,0.0
21,4,10,150,65,0.0
22,4,10,150,65,0.11702382382650763
23,4,10,150,65,0.23682446174402746
24,4,10,150,65,0.0
25,4,10,150,65,0.12358102547512423
26,4,10,150,65,0.0
27,4,10,150,65,0.0
28,4,10,150,65,0.0
29,4,10,150,65,0.13455232720853103
30,4,10,150,65,0.0
31,4,10,150,65,0.0
32,4,10,150,65,0.0
33,4,10,150,65,0.0
35,4,10,150,65,0.10523285614729473
36,4,10,150,65,0.0
37,4,10,150,65,0.0
38,4,10,150,65,0.04739418218477539
39,4,10,150,65,0.0
40,4,10,150,65,0.10558114683788161
41,4,10,150,65,0.0
42,4,10,150,65,0.0683037314796457
43,4,10,150,65,0.22592974817952552
44,4,10,150,65,0.2044921015662719
45,4,10,150,65,0.05200670101006268
46,4,10,150,65,0.11284514134893527
47,4,10,150,65,0.06250343848035038
48,4,10,150,65,0.0
49,4,10,150,65,0.0
50,4,10,150,65,0.0
51,4,10,150,65,0.16812753627111746
52,4,10,150,65,0.0
54,4,10,150,65,0.0
56,4,10,150,65,0.20383503459815738
57,4,10,150,65,0.3030555992505742
58,4,10,150,65,0.3717269535737058
59,4,10,150,65,0.2378606442039324
60,4,10,150,65,0.1505674224523334
61,4,10,150,65,0.07763867093308688
62,4,10,150,65,0.08314631791322982
63,4,10,150,65,0.0
64,4,10,150,65,0.04238468688770069
65,4,10,150,65,0.13012668333070054
66,4,10,150,65,0.0
67,4,10,150,65,0.0
68,4,10,150,65,0.4827392464262081
69,4,10,150,65,0.07673373981757839
70,4,10,150,65,0.0
71,4,10,150,65,0.0
72,4,10,150,65,0.031239588460834872
73,4,10,150,65,0.0
74,4,10,150,65,0.0
75,4,10,150,65,0.049432410190049694
76,4,10,150,65,0.1301464707340554
77,4,10,150,65,0.10201115106436301
78,4,10,150,65,0.0
79,4,10,150,65,0.27487633291429087
80,4,10,150,65,0.0
81,4,10,150,65,0.0
82,4,10,150,65,0.19298623480417013
83,4,10,150,65,0.12089611529519323
84,4,10,150,65,0.05034889199379723
85,4,10,150,65,0.0
87,4,10,150,65,0.07100089300395272
89,4,10,150,65,0.2553387838830436
90,4,10,150,65,0.10247188479303698
91,4,10,150,65,0.05648147012627732
92,4,10,150,65,0.10542637391232386
93,4,10,150,65,0.0
94,4,10,150,65,0.12315199805289229
95,4,10,150,65,0.17287436926807473
96,4,10,150,65,0.10181164814261426
97,4,10,150,65,0.06462745615384195
98,4,10,150,65,0.0930297504356062
99,4,10,150,65,0.05658242244874664
100,4,10,150,65,0.0
101,4,10,150,65,0.0
102,4,10,150,65,0.02424726876918863
103,4,10,150,65,0.0
104,4,10,150,65,0.0
105,4,10,150,65,0.0
106,4,10,150,65,0.0
107,4,10,150,65,0.0
108,4,10,150,65,0.0
109,4,10,150,65,0.07103066762111539
110,4,10,150,65,0.0
111,4,10,150,65,0.0
112,4,10,150,65,0.05685954565780693
113,4,10,150,65,0.053168340515114924
114,4,10,150,65,0.0
115,4,10,150,65,0.10684080426179023
116,4,10,150,65,0.0
117,4,10,150,65,0.26646890433550474
118,4,10,150,65,0.0
119,4,10,150,65,0.2063582228182277
120,4,10,150,65,0.0
121,4,10,150,65,0.271985059917519
122,4,10,150,65,0.1530100230930498
123,4,10,150,65,0.07386004580671933
125,4,10,150,65,0.12702645795516354
126,4,10,150,65,0.06911917000496234
127,4,10,150,65,0.1678437907858252
128,4,10,150,65,0.05750548798281727
129,4,10,150,65,0.0
130,4,10,150,65,0.17988759512424388
131,4,10,150,65,0.06556385272536247
133,4,10,150,65,0.11047239495909743
134,4,10,150,65,0.0
135,4,10,150,65,0.0
137,4,10,150,65,0.1371200812351206
138,4,10,150,65,0.0
139,4,10,150,65,0.0
141,4,10,150,65,0.0
142,4,10,150,65,0.13373003436102654
143,4,10,150,65,0.1208996448617798
144,4,10,150,65,0.1227945149537572
145,4,10,150,65,0.08829985348038716
146,4,10,150,65,0.0
148,4,10,150,65,0.10461537305334957
149,4,10,150,65,0.0
150,4,10,150,65,0.10235170428306553
151,4,10,150,65,0.06298430394440727
152,4,10,150,65,0.040655755922716606
153,4,10,150,65,0.0
154,4,10,150,65,0.06372882143962796
155,4,10,150,65,0.0
156,4,10,150,65,0.0
158,4,10,150,65,0.17575552384613552
159,4,10,150,65,0.03310852000739229
160,4,10,150,65,0.0
161,4,10,150,65,0.0
162,4,10,150,65,0.0
163,4,10,150,65,0.0
164,4,10,150,65,0.0
165,4,10,150,65,0.12114889742360979
166,4,10,150,65,0.0
167,4,10,150,65,0.0
168,4,10,150,65,0.23504554941448536
169,4,10,150,65,0.06416923277158361
170,4,10,150,65,0.0
171,4,10,150,65,0.0
172,4,10,150,65,0.0
173,4,10,150,65,0.05840183867278569
174,4,10,150,65,0.08712841477105211
175,4,10,150,65,0.0
176,4,10,150,65,0.09511409151391914
177,4,10,150,65,0.06912040963822193
178,4,10,150,65,0.2437589399037192
179,4,10,150,65,0.06723507268634088
180,4,10,150,65,0.12262943855309168
181,4,10,150,65,0.01719677167528726
182,4,10,150,65,0.0
183,4,10,150,65,0.0
184,4,10,150,65,0.09303069037986347
185,4,10,150,65,0.07745351606183934
186,4,10,150,65,0.22147164648185297
187,4,10,150,65,0.08625091781054979
188,4,10,150,65,0.054384419234677496
189,4,10,150,65,0.23042891886703956
190,4,10,150,65,0.10699313236726378
191,4,10,150,65,0.0
192,4,10,150,65,0.0
193,4,10,150,65,0.0
194,4,10,150,65,0.05924008649215777
195,4,10,150,65,0.0
196,4,10,150,65,0.0
197,4,10,150,65,0.05576624569167862
198,4,10,150,65,0.0
199,4,10,150,65,0.0
200,4,10,150,65,0.11302970636219896
201,4,10,150,65,0.03487978243545732
203,4,10,150,65,0.0
204,4,10,150,65,0.0
205,4,10,150,65,0.0
206,4,10,150,65,0.0
207,4,10,150,65,0.050513241088636716
209,4,10,150,65,0.0
210,4,10,150,65,0.09440608278107551
211,4,10,150,65,0.0
212,4,10,150,65,0.12681701683239352
213,4,10,150,65,0.2384146878320104
214,4,10,150,65,0.056720838976548935
215,4,10,150,65,0.0
216,4,10,150,65,0.03497205398870122
217,4,10,150,65,0.0
218,4,10,150,65,0.19092086617893467
219,4,10,150,65,0.0
221,4,10,150,65,0.3375735570145491
222,4,10,150,65,0.12476107276951183
223,4,10,150,65,0.03870447337439288
224,4,10,150,65,0.0
225,4,10,150,65,0.0
226,4,10,150,65,0.08080765379783027
227,4,10,150,65,0.0
228,4,10,150,65,0.0
229,4,10,150,65,0.0
230,4,10,150,65,0.23712439662683835
231,4,10,150,65,0.0
232,4,10,150,65,0.3234992853586256
233,4,10,150,65,0.0968152409481219
234,4,10,150,65,0.06411917231744522
235,4,10,150,65,0.06065881345112158
236,4,10,150,65,0.0
237,4,10,150,65,0.0
238,4,10,150,65,0.0
239,4,10,150,65,0.08989646527561479
240,4,10,150,65,0.05497526658285817
242,4,10,150,65,0.0
243,4,10,150,65,0.09267768927614353
244,4,10,150,65,0.15765545519871427
245,4,10,150,65,0.10704534003732354
246,4,10,150,65,0.08041927109478651
247,4,10,150,65,0.0
248,4,10,150,65,0.14830051302014485
249,4,10,150,65,0.31180658179892495
250,4,10,150,65,0.3503302816689379
251,4,10,150,65,0.0
252,4,10,150,65,0.0
253,4,10,150,65,0.05954496680255472
254,4,10,150,65,0.0
255,4,10,150,65,0.0
256,4,10,150,65,0.16583176898817792
257,4,10,150,65,0.3305900772260718
258,4,10,150,65,0.0
259,4,10,150,65,0.0
260,4,10,150,65,0.0
261,4,10,150,65,0.0
262,4,10,150,65,0.0
263,4,10,150,65,0.12774011823457565
264,4,10,150,65,0.05840183867278569
265,4,10,150,65,0.10209739512291163
267,4,10,150,65,0.09794101962538232
268,4,10,150,65,0.11115843078994621
269,4,10,150,65,0.13223875150584097
270,4,10,150,65,0.046726672111120165
271,4,10,150,65,0.12276482551434069
272,4,10,150,65,0.14498698048571354
273,4,10,150,65,0.0
274,4,10,150,65,0.0
275,4,10,150,65,0.04605780568615433
276,4,10,150,65,0.18784639929386426
277,4,10,150,65,0.0
279,4,10,150,65,0.06493409231178052
280,4,10,150,65,0.03337620304869898
281,4,10,150,65,0.0
283,4,10,150,65,0.1292258709239571
284,4,10,150,65,0.0
285,4,10,150,65,0.1185995982858366
286,4,10,150,65,0.3005968627632655
287,4,10,150,65,0.06364028872631156
288,4,10,150,65,0.12538054736008386
289,4,10,150,65,0.13905617951077562
290,4,10,150,65,0.0
291,4,10,150,65,0.23494592513118112
292,4,10,150,65,0.08933583385868532
293,4,10,150,65,0.18080098233811712
294,4,10,150,65,0.04123398036294628
295,4,10,150,65,0.2670961153715764
296,4,10,150,65,0.5087533365407171
297,4,10,150,65,0.13535082686131417
298,4,10,150,65,0.19947114504638494
299,4,10,150,65,0.0
300,4,10,150,65,0.0
301,4,10,150,65,0.047934103497110726
303,4,10,150,65,0.10429171540620567
304,4,10,150,65,0.0
305,4,10,150,65,0.31514747987601716
306,4,10,150,65,0.0
307,4,10,150,65,0.1383141340724969
308,4,10,150,65,0.19205342317019936
309,4,10,150,65,0.0
310,4,10,150,65,0.0
311,4,10,150,65,0.08938791352906189
312,4,10,150,65,0.09804650712627644
313,4,10,150,65,0.14465709645474623
314,4,10,150,65,0.20285519102295546
315,4,10,150,65,0.0
316,4,10,150,65,0.04568304891751105
317,4,10,150,65,0.0
318,4,10,150,65,0.13815200906377123
319,4,10,150,65,0.0
320,4,10,150,65,0.0
321,4,10,150,65,0.062242588308449316
322,4,10,150,65,0.17342765698823945
323,4,10,150,65,0.14126697285982898
324,4,10,150,65,0.0
325,4,10,150,65,0.0
326,4,10,150,65,0.0634222181618871
327,4,10,150,65,0.0
328,4,10,150,65,0.1437524526514495
329,4,10,150,65,0.0
330,4,10,150,65,0.0536466452928127
331,4,10,150,65,0.16958010263680806
332,4,10,150,65,0.024647523009140075
333,4,10,150,65,0.0
334,4,10,150,65,0.07058424671826317
336,4,10,150,65,0.0
337,4,10,150,65,0.16716045496620227
338,4,10,150,65,0.05005165434923901
339,4,10,150,65,0.11188277275938595
340,4,10,150,65,0.0
341,4,10,150,65,0.0
342,4,10,150,65,0.2625072992734236
343,4,10,150,65,0.28732332399638805
344,4,10,150,65,0.23832550406045652
345,4,10,150,65,0.056149696530797676
346,4,10,150,65,0.13947804593499064
347,4,10,150,65,0.08705643551438974
348,4,10,150,65,0.071942683897578
349,4,10,150,65,0.07673373981757839
350,4,10,150,65,0.2065896325117088
351,4,10,150,65,0.0
352,4,10,150,65,0.0
353,4,10,150,65,0.0
354,4,10,150,65,0.051249224710132255
355,4,10,150,65,0.0
356,4,10,150,65,0.08406376813555873
357,4,10,150,65,0.05006331611131463
358,4,10,150,65,0.20438239758848611
359,4,10,150,65,0.0
360,4,10,150,65,0.06752012359727312
361,4,10,150,65,0.09622728274290568
362,4,10,150,65,0.0
363,4,10,150,65,0.2000219371064626
364,4,10,150,65,0.0
365,4,10,150,65,0.0
366,4,10,150,65,0.0
367,4,10,150,65,0.0
368,4,10,150,65,0.0
369,4,10,150,65,0.0
370,4,10,150,65,0.13479984916817475
371,4,10,150,65,0.22569563125869263
372,4,10,150,65,0.0
373,4,10,150,65,0.062173010658778456
374,4,10,150,65,0.06834943074719504
375,4,10,150,65,0.0
376,4,10,150,65,0.0
377,4,10,150,65,0.08010929472340098
378,4,10,150,65,0.16448029476168333
379,4,10,150,65,0.1315227022729401
380,4,10,150,65,0.0
381,4,10,150,65,0.05105625351125917
382,4,10,150,65,0.0
383,4,10,150,65,0.04838338183089434
384,4,10,150,65,0.0
385,4,10,150,65,0.0
386,4,10,150,65,0.0
387,4,10,150,65,0.11497906462099297
388,4,10,150,65,0.04511904280884329
389,4,10,150,65,0.14120339070995014
390,4,10,150,65,0.0
391,4,10,150,65,0.2137247802747043
392,4,10,150,65,0.028653609888707104
393,4,10,150,65,0.054235696447924676
394,4,10,150,65,0.11073655428626575
395,4,10,150,65,0.09179488000267515
396,4,10,150,65,0.0
397,4,10,150,65,0.2710147943938467
398,4,10,150,65,0.18852571653533698
399,4,10,150,65,0.04732425758521323
400,4,10,150,65,0.0
401,4,10,150,65,0.0
402,4,10,150,65,0.08963222225173058
403,4,10,150,65,0.0854499779566911
404,4,10,150,65,0.0
405,4,10,150,65,0.07437402963217364
406,4,10,150,65,0.20956416940551098
407,4,10,150,65,0.04270006763257965
408,4,10,150,65,0.0
409,4,10,150,65,0.12740448328320192
410,4,10,150,65,0.0
411,4,10,150,65,0.0
412,4,10,150,65,0.0
413,4,10,150,65,0.041646268351119564
414,4,10,150,65,0.0
415,4,10,150,65,0.15103391472831218
416,4,10,150,65,0.2076467491497012
417,4,10,150,65,0.09850508837083022
418,4,10,150,65,0.0
419,4,10,150,65,0.1208113026994942
420,4,10,150,65,0.06052048269976269
421,4,10,150,65,0.19620555836557932
422,4,10,150,65,0.07550298029238112
423,4,10,150,65,0.053845569940583225
424,4,10,150,65,0.2766918177656049
425,4,10,150,65,0.1674157226455415
426,4,10,150,65,0.040759261617270684
427,4,10,150,65,0.0
428,4,10,150,65,0.04415960465480069
429,4,10,150,65,0.14355264986043786
430,4,10,150,65,0.0
431,4,10,150,65,0.0
432,4,10,150,65,0.05789711601244791
433,4,10,150,65,0.05780921899607981
434,4,10,150,65,0.20778267687568405
435,4,10,150,65,0.17195543683824452
436,4,10,150,65,0.0
437,4,10,150,65,0.10867290175167639
438,4,10,150,65,0.0
439,4,10,150,65,0.10863976191957724
440,4,10,150,65,0.0
441,4,10,150,65,0.0
442,4,10,150,65,0.040949887133979804
443,4,10,150,65,0.06783204105472322
444,4,10,150,65,0.1312721899408984
445,4,10,150,65,0.0
446,4,10,150,65,0.0
447,4,10,150,65,0.16246725303708914
448,4,10,150,65,0.0
449,4,10,150,65,0.1882329728596757
450,4,10,150,65,0.27230775809791735
451,4,10,150,65,0.06148915918944534
452,4,10,150,65,0.10773098771530253
453,4,10,150,65,0.0
454,4,10,150,65,0.0
455,4,10,150,65,0.063401477059351
456,4,10,150,65,0.018650043077523788
457,4,10,150,65,0.2974024120042739
458,4,10,150,65,0.06982799741808067
459,4,10,150,65,0.0
460,4,10,150,65,0.05184030722866645
461,4,10,150,65,0.0
462,4,10,150,65,0.0
463,4,10,150,65,0.11987424504051505
464,4,10,150,65,0.0
465,4,10,150,65,0.0
466,4,10,150,65,0.0
467,4,10,150,65,0.07807600999842033
468,4,10,150,65,0.11455543964849552
469,4,10,150,65,0.05165643482805862
470,4,10,150,65,0.0
471,4,10,150,65,0.0
472,4,10,150,65,0.09001362813522405
473,4,10,150,65,0.06140244428718695
474,4,10,150,65,0.22446242051797097
475,4,10,150,65,0.0
476,4,10,150,65,0.0
477,4,10,150,65,0.0
478,4,10,150,65,0.2345109835167376
479,4,10,150,65,0.10172348796286074
480,4,10,150,65,0.0741070054529978
481,4,10,150,65,0.13102204196909084
482,4,10,150,65,0.0
483,4,10,150,65,0.05658242244874664
484,4,10,150,65,0.2723783861819967
485,4,10,150,65,0.0
486,4,10,150,65,0.0
487,4,10,150,65,0.08199193156683765
488,4,10,150,65,0.0
489,4,10,150,65,0.0
490,4,10,150,65,0.0
491,4,10,150,65,0.14208678740137623
492,4,10,150,65,0.0
493,4,10,150,65,0.1475552329391869
494,4,10,150,65,0.0
495,4,10,150,65,0.1315057383772031
496,4,10,150,65,0.047739744220948385
497,4,10,150,65,0.05057001832592956
498,4,10,150,65,0.0
499,4,10,150,65,0.05075938465928585
500,4,10,150,65,0.09541527213731128
501,4,10,150,65,0.0
502,4,10,150,65,0.0
503,4,10,150,65,0.05608659198762317
504,4,10,150,65,0.08148269775823089
505,4,10,150,65,0.07379217622092994
506,4,10,150,65,0.11884213448985288
507,4,10,150,65,0.05319635904163211
508,4,10,150,65,0.0
509,4,10,150,65,0.0
510,4,10,150,65,0.0
511,4,10,150,65,0.08495943917278885
512,4,10,150,65,0.05478392673173268
513,4,10,150,65,0.0
514,4,10,150,65,0.27252722616773445
515,4,10,150,65,0.11706259313796354
516,4,10,150,65,0.0
517,4,10,150,65,0.08878770367712427
518,4,10,150,65,0.0
519,4,10,150,65,0.0
520,4,10,150,65,0.0
521,4,10,150,65,0.09850628252086785
522,4,10,150,65,0.12524561954372188
523,4,10,150,65,0.032114893884379984
524,4,10,150,65,0.1283825351773177
525,4,10,150,65,0.0
526,4,10,150,65,0.15355181494703254
527,4,10,150,65,0.1636135858112592
528,4,10,150,65,0.10209739512291163
529,4,10,150,65,0.0
530,4,10,150,65,0.0
531,4,10,150,65,0.1517763576041802
532,4,10,150,65,0.2633677187406756
533,4,10,150,65,0.11557545112991054
534,4,10,150,65,0.1046638363823608
535,4,10,150,65,0.13889821983463596
536,4,10,150,65,0.13222428418651394
537,4,10,150,65,0.3395832980256483
538,4,10,150,65,0.14697776980950736
539,4,10,150,65,0.04478826142555715
540,4,10,150,65,0.0
541,4,10,150,65,0.04030702414138781
542,4,10,150,65,0.049033875503285806
543,4,10,150,65,0.04953295293703468
544,4,10,150,65,0.05282936728943967
545,4,10,150,65,0.02244213465825961
546,4,10,150,65,0.05758752804519195
547,4,10,150,65,0.0
548,4,10,150,65,0.1103190733436671
549,4,10,150,65,0.0
550,4,10,150,65,0.04785685030080952
551,4,10,150,65,0.0910925691220798
552,4,10,150,65,0.1205344274731702
553,4,10,150,65,0.07411563356774664
554,4,10,150,65,0.12627825946936164
555,4,10,150,65,0.0
556,4,10,150,65,0.07660623398069263
557,4,10,150,65,0.031742154565302834
558,4,10,150,65,0.08878770367712427
559,4,10,150,65,0.07221175124961293
560,4,10,150,65,0.09375790921485552
561,4,10,150,65,0.08878919272355779
562,4,10,150,65,0.07930308311174379
563,4,10,150,65,0.0
564,4,10,150,65,0.15437610727371853
565,4,10,150,65,0.0
566,4,10,150,65,0.03579489106983033
567,4,10,150,65,0.1471381878632886
568,4,10,150,65,0.036155150901276155
569,4,10,150,65,0.18299769260789403
570,4,10,150,65,0.0
571,4,10,150,65,0.0
572,4,10,150,65,0.16812753627111746
573,4,10,150,65,0.06437746926759551
574,4,10,150,65,0.051811563545175146
575,4,10,150,65,0.0
576,4,10,150,65,0.0
577,4,10,150,65,0.20541190363713152
578,4,10,150,65,0.05006331611131463
579,4,10,150,65,0.0
580,4,10,150,65,0.12128674553236206
581,4,10,150,65,0.09893005350346888
582,4,10,150,65,0.03190895161277091
583,4,10,150,65,0.0
584,4,10,150,65,0.06323567569191428
585,4,10,150,65,0.04173963774222741
586,4,10,150,65,0.05786021189691368
587,4,10,150,65,0.019492972026130224
588,4,10,150,65,0.13560342958033234
589,4,10,150,65,0.0
590,4,10,150,65,0.053845569940583225
591,4,10,150,65,0.0
592,4,10,150,65,0.3346929128366305
593,4,10,150,65,0.07711036365720102
594,4,10,150,65,0.0
595,4,10,150,65,0.10296141646738245
596,4,10,150,65,0.0
597,4,10,150,65,0.27101620591530523
598,4,10,150,65,0.0684591776394769
599,4,10,150,65,0.0
600,4,10,150,65,0.09197011795311534
601,4,10,150,65,0.0
602,4,10,150,65,0.0
603,4,10,150,65,0.0
604,4,10,150,65,0.0
605,4,10,150,65,0.23939908411991156
606,4,10,150,65,0.16168049407206384
607,4,10,150,65,0.08673473912838402
608,4,10,150,65,0.09072059226435805
609,4,10,150,65,0.0
610,4,10,150,65,0.19303241878686786
611,4,10,150,65,0.07624568872860434
612,4,10,150,65,0.0
613,4,10,150,65,0.08385150490449667
614,4,10,150,65,0.0
615,4,10,150,65,0.04919117729584568
616,4,10,150,65,0.03618657486793958
617,4,10,150,65,0.0
618,4,10,150,65,0.1281253572826617
619,4,10,150,65,0.12363660028711727
620,4,10,150,65,0.14012037550990028
621,4,10,150,65,0.11278207190006835
622,4,10,150,65,0.18241748250491993
623,4,10,150,65,0.17494254380936963
624,4,10,150,65,0.06626749824739844
625,4,10,150,65,0.0
626,4,10,150,65,0.06228974831361337
627,4,10,150,65,0.06945233499530101
628,4,10,150,65,0.0
629,4,10,150,65,0.14360653209080107
630,4,10,150,65,0.15874779570678058
631,4,10,150,65,0.0
632,4,10,150,65,0.12112269717167994
633,4,10,150,65,0.11499138576948859
634,4,10,150,65,0.022104381789790163
635,4,10,150,65,0.04546401530948942
636,4,10,150,65,0.11426572661305327
637,4,10,150,65,0.01928973283308616
638,4,10,150,65,0.09712868482236708
639,4,10,150,65,0.03138892079718151
640,4,10,150,65,0.10536866733091729
641,4,10,150,65,0.07675099783970546
642,4,10,150,65,0.1340061876258404
643,4,10,150,65,0.11071279041815515
644,4,10,150,65,0.04935421935348238
645,4,10,150,65,0.16158259063789654
646,4,10,150,65,0.0
647,4,10,150,65,0.030218457878623886
648,4,10,150,65,0.14000368162738516
649,4,10,150,65,0.15489949502599
650,4,10,150,65,0.06767800203083929
651,4,10,150,65,0.0
652,4,10,150,65,0.08156220960446063
653,4,10,150,65,0.1066203697382038
654,4,10,150,65,0.21255442687635834
655,4,10,150,65,0.17252916109304423
656,4,10,150,65,0.07397229644086958
657,4,10,150,65,0.0
658,4,10,150,65,0.2625403796417579
659,4,10,150,65,0.08781544355121487
660,4,10,150,65,0.06453781699231068
661,4,10,150,65,0.08605775303302886
662,4,10,150,65,0.0512644431393966
663,4,10,150,65,0.24026856780584893
664,4,10,150,65,0.28517362059082263
665,4,10,150,65,0.0
666,4,10,150,65,0.18737925271647332
667,4,10,150,65,0.28468511714771283
668,4,10,150,65,0.06194403202282284
669,4,10,150,65,0.1348578320198433
670,4,10,150,65,0.06613087842005526
671,4,10,150,65,0.17678252116816562
672,4,10,150,65,0.0
673,4,10,150,65,0.14837758007547783
674,4,10,150,65,0.11338915993603582
675,4,10,150,65,0.0
676,4,10,150,65,0.16684180252782607
677,4,10,150,65,0.03314040476303028
678,4,10,150,65,0.03824432123396675
679,4,10,150,65,0.15527711509166947
680,4,10,150,65,0.11377863936243801
681,4,10,150,65,0.0
682,4,10,150,65,0.12874635070697513
683,4,10,150,65,0.0
684,4,10,150,65,0.06573003977381581
685,4,10,150,65,0.1906465758273748
686,4,10,150,65,0.09705739754002543
687,4,10,150,65,0.0
688,4,10,150,65,0.0
689,4,10,150,65,0.21046485047453145
690,4,10,150,65,0.07914701567910001
691,4,10,150,65,0.09842092178212862
692,4,10,150,65,0.1753901755134814
693,4,10,150,65,0.0
694,4,10,150,65,0.21840392540363213
695,4,10,150,65,0.0
696,4,10,150,65,0.039725595076707886
697,4,10,150,65,0.04239477130634912
698,4,10,150,65,0.041937660325009396
699,4,10,150,65,0.050296301412810544
700,4,10,150,65,0.12729890218214104
701,4,10,150,65,0.03902876023380719
702,4,10,150,65,0.037715680681715956
703,4,10,150,65,0.11918688501400482
704,4,10,150,65,0.23659106617286202
705,4,10,150,65,0.18306616888675684
706,4,10,150,65,0.04395738023645723
707,4,10,150,65,0.040469047134609325
708,4,10,150,65,0.07186325791519563
709,4,10,150,65,0.13472082394875662
710,4,10,150,65,0.10695361352497157
711,4,10,150,65,0.19546565271630145
712,4,10,150,65,0.15511023313323485
713,4,10,150,65,0.1468735732232516
714,4,10,150,65,0.03441184191455828
715,4,10,150,65,0.0
716,4,10,150,65,0.23123375637939667
717,4,10,150,65,0.09054670163637572
718,4,10,150,65,0.035328385129692476
719,4,10,150,65,0.09883437846193516
720,4,10,150,65,0.0
721,4,10,150,65,0.1626199557578681
722,4,10,150,65,0.06556429791586475
723,4,10,150,65,0.0
724,4,10,150,65,0.0
725,4,10,150,65,0.0
726,4,10,150,65,0.05010834716923557
727,4,10,150,65,0.13887048479293104
728,4,10,150,65,0.09627818061559096
729,4,10,150,65,0.0
730,4,10,150,65,0.02601736765943984
731,4,10,150,65,0.13032711631493252
732,4,10,150,65,0.0
733,4,10,150,65,0.14514596345398123
734,4,10,150,65,0.0
735,4,10,150,65,0.0
736,4,10,150,65,0.03351972906068008
737,4,10,150,65,0.1138970555583582
738,4,10,150,65,0.13922998739868644
739,4,10,150,65,0.03855307727568851
740,4,10,150,65,0.0
741,4,10,150,65,0.05358697798864893
742,4,10,150,65,0.0488929053971083
743,4,10,150,65,0.0690623255281084
744,4,10,150,65,0.03596673601130318
745,4,10,150,65,0.03520132288421838
746,4,10,150,65,0.25743994347908983
747,4,10,150,65,0.41388441411804267
748,4,10,150,65,0.09621648119325965
749,4,10,150,65,0.1465839882081077
750,4,10,150,65,0.041278922835426404
751,4,10,150,65,0.08329382832449778
752,4,10,150,65,0.023242424817620892
753,4,10,150,65,0.15780803084928155
754,4,10,150,65,0.0
755,4,10,150,65,0.03855371268423985
756,4,10,150,65,0.031104745345423533
757,4,10,150,65,0.0
758,4,10,150,65,0.2546605280149743
759,4,10,150,65,0.08145040004058159
760,4,10,150,65,0.03004859059698017
761,4,10,150,65,0.06869287000000811
762,4,10,150,65,0.051960280791503534
763,4,10,150,65,0.04542386553984721
764,4,10,150,65,0.08946696896639536
765,4,10,150,65,0.15066101840234988
766,4,10,150,65,0.023823431574733288
767,4,10,150,65,0.13884445379214724
768,4,10,150,65,0.08438032815655525
769,4,10,150,65,0.0
770,4,10,150,65,0.21464739068424896
771,4,10,150,65,0.2872791742076055
772,4,10,150,65,0.17356150297482983
773,4,10,150,65,0.08696710392235718
774,4,10,150,65,0.0616623155456743
775,4,10,150,65,0.0
776,4,10,150,65,0.138487812915294
777,4,10,150,65,0.0
778,4,10,150,65,0.1631238413472767
779,4,10,150,65,0.0
780,4,10,150,65,0.07672775543002532
781,4,10,150,65,0.2016539629141292
782,4,10,150,65,0.04252981554133549
783,4,10,150,65,0.0
784,4,10,150,65,0.029814614753779622
785,4,10,150,65,0.0
786,4,10,150,65,0.0
787,4,10,150,65,0.0
788,4,10,150,65,0.24884069118505878
789,4,10,150,65,0.08809718769055445
790,4,10,150,65,0.01078739931575899
791,4,10,150,65,0.04465281017341861
792,4,10,150,65,0.08944329533390502
793,4,10,150,65,0.0
794,4,10,150,65,0.04108065887337468
795,4,10,150,65,0.02310557914784035
796,4,10,150,65,0.35813200242637716
797,4,10,150,65,0.11278903329502893
798,4,10,150,65,0.040836547151812376
799,4,10,150,65,0.0
800,4,10,150,65,0.03244993904038569
801,4,10,150,65,0.1561471668577559
802,4,10,150,65,0.06960082070980815
803,4,10,150,65,0.10569353498973794
804,4,10,150,65,0.13256674533751234
805,4,10,150,65,0.11628347460261662
806,4,10,150,65,0.2959152150106387
807,4,10,150,65,0.11675381843947653
808,4,10,150,65,0.1025417224926713
809,4,10,150,65,0.10356976056061801
810,4,10,150,65,0.0
811,4,10,150,65,0.0
812,4,10,150,65,0.03260477305529222
813,4,10,150,65,0.0
814,4,10,150,65,0.034616222155696735
815,4,10,150,65,0.21198701126303948
816,4,10,150,65,0.0
817,4,10,150,65,0.0
818,4,10,150,65,0.05516788910004661
819,4,10,150,65,0.037210602758860095
820,4,10,150,65,0.0787987754690289
821,4,10,150,65,0.302950268110492
822,4,10,150,65,0.028653609888707104
823,4,10,150,65,0.1816217410836526
824,4,10,150,65,0.05046096657376444
825,4,10,150,65,0.08238190489603152
826,4,10,150,65,0.14101060791647543
827,4,10,150,65,0.0
828,4,10,150,65,0.05745618865524075
829,4,10,150,65,0.1751347628439014
830,4,10,150,65,0.20443782642227196
831,4,10,150,65,0.21058943716644085
832,4,10,150,65,0.0
833,4,10,150,65,0.16930283777131225
834,4,10,150,65,0.2706897351446418
835,4,10,150,65,0.15540024392113308
836,4,10,150,65,0.20050437359357948
837,4,10,150,65,0.05665916465450996
838,4,10,150,65,0.27895398740912175
839,4,10,150,65,0.10730655186373157
840,4,10,150,65,0.32005883309300304
841,4,10,150,65,0.06507217400164225
842,4,10,150,65,0.03947561302344988
843,4,10,150,65,0.0
844,4,10,150,65,0.05872188515498603
845,4,10,150,65,0.0
846,4,10,150,65,0.3732776127227959
847,4,10,150,65,0.05323992905218817
848,4,10,150,65,0.04829572566980624
849,4,10,150,65,0.0419387969316025
850,4,10,150,65,0.2721744638560368
851,4,10,150,65,0.05747809004568783
852,4,10,150,65,0.26227118260874954
853,4,10,150,65,0.0
854,4,10,150,65,0.0
855,4,10,150,65,0.0
856,4,10,150,65,0.037110354711564805
857,4,10,150,65,0.0
858,4,10,150,65,0.10250982096838526
859,4,10,150,65,0.05070263548706836
860,4,10,150,65,0.10848832312989015
861,4,10,150,65,0.06460834446248033
862,4,10,150,65,0.10426654439462964
863,4,10,150,65,0.06336841123297353
864,4,10,150,65,0.4237075897435771
865,4,10,150,65,0.07803010102565
866,4,10,150,65,0.16283687678415507
867,4,10,150,65,0.1858556726321321
868,4,10,150,65,0.2248538164187747
869,4,10,150,65,0.0587446084443979
870,4,10,150,65,0.2648347995671341
871,4,10,150,65,0.07012986265386374
872,4,10,150,65,0.02804794621397926
873,4,10,150,65,0.0
874,4,10,150,65,0.13944914190808633
875,4,10,150,65,0.11729943308729383
876,4,10,150,65,0.08671382849411972
877,4,10,150,65,0.0835317778614811
878,4,10,150,65,0.1706804422753891
879,4,10,150,65,0.03963466998423315
880,4,10,150,65,0.35191345631824567
881,4,10,150,65,0.10223021924506191
882,4,10,150,65,0.21288820648214166
883,4,10,150,65,0.3236535034919245
884,4,10,150,65,0.11407805705099587
885,4,10,150,65,0.04536087033637415
886,4,10,150,65,0.1926739547819336
887,4,10,150,65,0.11182623288645045
888,4,10,150,65,0.11625487663628292
889,4,10,150,65,0.011299807043058826
890,4,10,150,65,0.11434431442033766
891,4,10,150,65,0.10491091696774645
892,4,10,150,65,0.250117694215398
893,4,10,150,65,0.10869735563398858
894,4,10,150,65,0.10644706379076156
895,4,10,150,65,0.0
896,4,10,150,65,0.30337344472498284
897,4,10,150,65,0.3281581779992746
898,4,10,150,65,0.0
899,4,10,150,65,0.05684415375822261
900,4,10,150,65,0.055315677011973347
901,4,10,150,65,0.19447772481984943
902,4,10,150,65,0.05978585424799658
903,4,10,150,65,0.23389434103643633
904,4,10,150,65,0.0
905,4,10,150,65,0.0
906,4,10,150,65,0.10407444169186962
907,4,10,150,65,0.04552366948252362
908,4,10,150,65,0.06892767477436933
909,4,10,150,65,0.0
910,4,10,150,65,0.0
911,4,10,150,65,0.13243052909755645
912,4,10,150,65,0.15575097056245804
913,4,10,150,65,0.07219927248779984
914,4,10,150,65,0.0
915,4,10,150,65,0.0
916,4,10,150,65,0.24853903879388795
917,4,10,150,65,0.0
918,4,10,150,65,0.043627084055128
919,4,10,150,65,0.09960357786445223
920,4,10,150,65,0.0
921,4,10,150,65,0.15405864814296488
922,4,10,150,65,0.1280645281724967
923,4,10,150,65,0.02142307850464013
924,4,10,150,65,0.018280262702529162
925,4,10,150,65,0.0
926,4,10,150,65,0.0
927,4,10,150,65,0.09447575046156538
928,4,10,150,65,0.1873259908039563
929,4,10,150,65,0.25163227912988373
930,4,10,150,65,0.032298243696638564
931,4,10,150,65,0.08679587898287541
932,4,10,150,65,0.2592448974836259
933,4,10,150,65,0.07729288729159109
934,4,10,150,65,0.10071040486185964
935,4,10,150,65,0.04173963774222741
936,4,10,150,65,0.1321191921354211
937,4,10,150,65,0.0
938,4,10,150,65,0.1482741018676109
939,4,10,150,65,0.02916862694666808
940,4,10,150,65,0.050684733114198
941,4,10,150,65,0.0
942,4,10,150,65,0.10504870308911567
943,4,10,150,65,0.20163692230838232
1,4,10,150,66,0.4058715898896693
2,4,10,150,66,0.06250343848035038
3,4,10,150,66,0.0
4,4,10,150,66,0.0
5,4,10,150,66,0.040209635547393256
6,4,10,150,66,0.27020011346731576
7,4,10,150,66,0.29136519416833906
8,4,10,150,66,0.0
9,4,10,150,66,0.21840743681816419
10,4,10,150,66,0.21491451057814584
11,4,10,150,66,0.1722584975122812
12,4,10,150,66,0.0
13,4,10,150,66,0.2577561074086265
14,4,10,150,66,0.03963175841995263
15,4,10,150,66,0.05010834716923557
16,4,10,150,66,0.053168340515114924
17,4,10,150,66,0.0
18,4,10,150,66,0.24724966735366713
19,4,10,150,66,0.0
20,4,10,150,66,0.0
21,4,10,150,66,0.0
22,4,10,150,66,0.11702382382650763
23,4,10,150,66,0.23682446174402746
24,4,10,150,66,0.0
25,4,10,150,66,0.12358102547512423
26,4,10,150,66,0.0
27,4,10,150,66,0.0
28,4,10,150,66,0.0
29,4,10,150,66,0.13455232720853103
30,4,10,150,66,0.0
31,4,10,150,66,0.0
32,4,10,150,66,0.0
33,4,10,150,66,0.0
35,4,10,150,66,0.10523285614729473
36,4,10,150,66,0.0
37,4,10,150,66,0.0
38,4,10,150,66,0.04739418218477539
39,4,10,150,66,0.0
40,4,10,150,66,0.10558114683788161
41,4,10,150,66,0.0
42,4,10,150,66,0.0683037314796457
43,4,10,150,66,0.22592974817952552
44,4,10,150,66,0.2044921015662719
45,4,10,150,66,0.05200670101006268
46,4,10,150,66,0.11284514134893527
47,4,10,150,66,0.06250343848035038
48,4,10,150,66,0.0
49,4,10,150,66,0.0
50,4,10,150,66,0.0
51,4,10,150,66,0.16812753627111746
52,4,10,150,66,0.0
54,4,10,150,66,0.0
56,4,10,150,66,0.20383503459815738
57,4,10,150,66,0.3030555992505742
58,4,10,150,66,0.3717269535737058
59,4,10,150,66,0.2378606442039324
60,4,10,150,66,0.1505674224523334
61,4,10,150,66,0.07763867093308688
62,4,10,150,66,0.08314631791322982
63,4,10,150,66,0.0
64,4,10,150,66,0.04238468688770069
65,4,10,150,66,0.13012668333070054
66,4,10,150,66,0.0
67,4,10,150,66,0.0
68,4,10,150,66,0.4827392464262081
69,4,10,150,66,0.07673373981757839
70,4,10,150,66,0.0
71,4,10,150,66,0.0
72,4,10,150,66,0.031239588460834872
73,4,10,150,66,0.0
74,4,10,150,66,0.0
75,4,10,150,66,0.049432410190049694
76,4,10,150,66,0.1301464707340554
77,4,10,150,66,0.10201115106436301
78,4,10,150,66,0.0
79,4,10,150,66,0.27487633291429087
80,4,10,150,66,0.0
81,4,10,150,66,0.0
82,4,10,150,66,0.19298623480417013
83,4,10,150,66,0.12089611529519323
84,4,10,150,66,0.05034889199379723
85,4,10,150,66,0.0
87,4,10,150,66,0.07100089300395272
89,4,10,150,66,0.2553387838830436
90,4,10,150,66,0.10247188479303698
91,4,10,150,66,0.05648147012627732
92,4,10,150,66,0.10542637391232386
93,4,10,150,66,0.0
94,4,10,150,66,0.12315199805289229
95,4,10,150,66,0.17287436926807473
96,4,10,150,66,0.10181164814261426
97,4,10,150,66,0.06462745615384195
98,4,10,150,66,0.0930297504356062
99,4,10,150,66,0.05658242244874664
100,4,10,150,66,0.0
101,4,10,150,66,0.0
102,4,10,150,66,0.02424726876918863
103,4,10,150,66,0.0
104,4,10,150,66,0.0
105,4,10,150,66,0.0
106,4,10,150,66,0.0
107,4,10,150,66,0.0
108,4,10,150,66,0.0
109,4,10,150,66,0.07103066762111539
110,4,10,150,66,0.0
111,4,10,150,66,0.0
112,4,10,150,66,0.05685954565780693
113,4,10,150,66,0.053168340515114924
114,4,10,150,66,0.0
115,4,10,150,66,0.10684080426179023
116,4,10,150,66,0.0
117,4,10,150,66,0.26646890433550474
118,4,10,150,66,0.0
119,4,10,150,66,0.2063582228182277
120,4,10,150,66,0.0
121,4,10,150,66,0.271985059917519
122,4,10,150,66,0.1530100230930498
123,4,10,150,66,0.07386004580671933
125,4,10,150,66,0.12702645795516354
126,4,10,150,66,0.06911917000496234
127,4,10,150,66,0.1678437907858252
128,4,10,150,66,0.05750548798281727
129,4,10,150,66,0.0
130,4,10,150,66,0.17988759512424388
131,4,10,150,66,0.06556385272536247
133,4,10,150,66,0.11047239495909743
134,4,10,150,66,0.0
135,4,10,150,66,0.0
137,4,10,150,66,0.1371200812351206
138,4,10,150,66,0.0
139,4,10,150,66,0.0
141,4,10,150,66,0.0
142,4,10,150,66,0.13373003436102654
143,4,10,150,66,0.1208996448617798
144,4,10,150,66,0.1227945149537572
145,4,10,150,66,0.1075804523117992
146,4,10,150,66,0.0
148,4,10,150,66,0.10461537305334957
149,4,10,150,66,0.0
150,4,10,150,66,0.10235170428306553
151,4,10,150,66,0.06298430394440727
152,4,10,150,66,0.040655755922716606
153,4,10,150,66,0.0
154,4,10,150,66,0.06372882143962796
155,4,10,150,66,0.0
156,4,10,150,66,0.0
158,4,10,150,66,0.17575552384613552
159,4,10,150,66,0.03310852000739229
160,4,10,150,66,0.0
161,4,10,150,66,0.0
162,4,10,150,66,0.0
163,4,10,150,66,0.0
164,4,10,150,66,0.0
165,4,10,150,66,0.12114889742360979
166,4,10,150,66,0.0
167,4,10,150,66,0.0
168,4,10,150,66,0.23504554941448536
169,4,10,150,66,0.06416923277158361
170,4,10,150,66,0.0
171,4,10,150,66,0.0
172,4,10,150,66,0.0
173,4,10,150,66,0.05840183867278569
174,4,10,150,66,0.08712841477105211
175,4,10,150,66,0.0
176,4,10,150,66,0.09511409151391914
177,4,10,150,66,0.06912040963822193
178,4,10,150,66,0.2437589399037192
179,4,10,150,66,0.06723507268634088
180,4,10,150,66,0.12262943855309168
181,4,10,150,66,0.01719677167528726
182,4,10,150,66,0.0
183,4,10,150,66,0.0
184,4,10,150,66,0.09303069037986347
185,4,10,150,66,0.07745351606183934
186,4,10,150,66,0.22147164648185297
187,4,10,150,66,0.08625091781054979
188,4,10,150,66,0.054384419234677496
189,4,10,150,66,0.23042891886703956
190,4,10,150,66,0.10699313236726378
191,4,10,150,66,0.0
192,4,10,150,66,0.0
193,4,10,150,66,0.0
194,4,10,150,66,0.07852068532356982
195,4,10,150,66,0.0
196,4,10,150,66,0.0
197,4,10,150,66,0.05576624569167862
198,4,10,150,66,0.0
199,4,10,150,66,0.0
200,4,10,150,66,0.11302970636219896
201,4,10,150,66,0.03487978243545732
203,4,10,150,66,0.0
204,4,10,150,66,0.0
205,4,10,150,66,0.0
206,4,10,150,66,0.0
207,4,10,150,66,0.050513241088636716
209,4,10,150,66,0.0
210,4,10,150,66,0.09440608278107551
211,4,10,150,66,0.0
212,4,10,150,66,0.12681701683239352
213,4,10,150,66,0.2384146878320104
214,4,10,150,66,0.056720838976548935
215,4,10,150,66,0.0
216,4,10,150,66,0.03497205398870122
217,4,10,150,66,0.0
218,4,10,150,66,0.19092086617893467
219,4,10,150,66,0.0
221,4,10,150,66,0.3375735570145491
222,4,10,150,66,0.12476107276951183
223,4,10,150,66,0.03870447337439288
224,4,10,150,66,0.0
225,4,10,150,66,0.0
226,4,10,150,66,0.08080765379783027
227,4,10,150,66,0.0
228,4,10,150,66,0.0
229,4,10,150,66,0.0
230,4,10,150,66,0.23712439662683835
231,4,10,150,66,0.0
232,4,10,150,66,0.3234992853586256
233,4,10,150,66,0.0968152409481219
234,4,10,150,66,0.06411917231744522
235,4,10,150,66,0.06065881345112158
236,4,10,150,66,0.0
237,4,10,150,66,0.0
238,4,10,150,66,0.0
239,4,10,150,66,0.08989646527561479
240,4,10,150,66,0.05497526658285817
242,4,10,150,66,0.0
243,4,10,150,66,0.09267768927614353
244,4,10,150,66,0.15765545519871427
245,4,10,150,66,0.10704534003732354
246,4,10,150,66,0.11120150311654428
247,4,10,150,66,0.0
248,4,10,150,66,0.14830051302014485
249,4,10,150,66,0.31180658179892495
250,4,10,150,66,0.3503302816689379
251,4,10,150,66,0.0
252,4,10,150,66,0.0
253,4,10,150,66,0.05954496680255472
254,4,10,150,66,0.0
255,4,10,150,66,0.0
256,4,10,150,66,0.16583176898817792
257,4,10,150,66,0.3305900772260718
258,4,10,150,66,0.0
259,4,10,150,66,0.0
260,4,10,150,66,0.0
261,4,10,150,66,0.0
262,4,10,150,66,0.0
263,4,10,150,66,0.12774011823457565
264,4,10,150,66,0.05840183867278569
265,4,10,150,66,0.10209739512291163
267,4,10,150,66,0.09794101962538232
268,4,10,150,66,0.11115843078994621
269,4,10,150,66,0.13223875150584097
270,4,10,150,66,0.046726672111120165
271,4,10,150,66,0.12276482551434069
272,4,10,150,66,0.14498698048571354
273,4,10,150,66,0.0
274,4,10,150,66,0.0
275,4,10,150,66,0.04605780568615433
276,4,10,150,66,0.20223032365941937
277,4,10,150,66,0.0
279,4,10,150,66,0.06493409231178052
280,4,10,150,66,0.03337620304869898
281,4,10,150,66,0.0
283,4,10,150,66,0.1292258709239571
284,4,10,150,66,0.0
285,4,10,150,66,0.1185995982858366
286,4,10,150,66,0.3005968627632655
287,4,10,150,66,0.11352455583778437
288,4,10,150,66,0.12538054736008386
289,4,10,150,66,0.13905617951077562
290,4,10,150,66,0.0
291,4,10,150,66,0.23494592513118112
292,4,10,150,66,0.08933583385868532
293,4,10,150,66,0.19879469499200159
294,4,10,150,66,0.04123398036294628
295,4,10,150,66,0.2670961153715764
296,4,10,150,66,0.5087533365407171
297,4,10,150,66,0.13535082686131417
298,4,10,150,66,0.19947114504638494
299,4,10,150,66,0.0
300,4,10,150,66,0.0
301,4,10,150,66,0.047934103497110726
303,4,10,150,66,0.10429171540620567
304,4,10,150,66,0.0
305,4,10,150,66,0.31514747987601716
306,4,10,150,66,0.0
307,4,10,150,66,0.1383141340724969
308,4,10,150,66,0.19205342317019936
309,4,10,150,66,0.0
310,4,10,150,66,0.0
311,4,10,150,66,0.08938791352906189
312,4,10,150,66,0.11944547884539282
313,4,10,150,66,0.14465709645474623
314,4,10,150,66,0.20285519102295546
315,4,10,150,66,0.0
316,4,10,150,66,0.04568304891751105
317,4,10,150,66,0.0
318,4,10,150,66,0.13815200906377123
319,4,10,150,66,0.0
320,4,10,150,66,0.0
321,4,10,150,66,0.062242588308449316
322,4,10,150,66,0.17342765698823945
323,4,10,150,66,0.14126697285982898
324,4,10,150,66,0.0
325,4,10,150,66,0.0
326,4,10,150,66,0.0634222181618871
327,4,10,150,66,0.0
328,4,10,150,66,0.1437524526514495
329,4,10,150,66,0.0
330,4,10,150,66,0.0536466452928127
331,4,10,150,66,0.16958010263680806
332,4,10,150,66,0.024647523009140075
333,4,10,150,66,0.0
334,4,10,150,66,0.07058424671826317
336,4,10,150,66,0.0
337,4,10,150,66,0.16716045496620227
338,4,10,150,66,0.05005165434923901
339,4,10,150,66,0.11188277275938595
340,4,10,150,66,0.0
341,4,10,150,66,0.0
342,4,10,150,66,0.2625072992734236
343,4,10,150,66,0.28732332399638805
344,4,10,150,66,0.23832550406045652
345,4,10,150,66,0.056149696530797676
346,4,10,150,66,0.13947804593499064
347,4,10,150,66,0.08705643551438974
348,4,10,150,66,0.071942683897578
349,4,10,150,66,0.07673373981757839
350,4,10,150,66,0.2065896325117088
351,4,10,150,66,0.0
352,4,10,150,66,0.0
353,4,10,150,66,0.0
354,4,10,150,66,0.051249224710132255
355,4,10,150,66,0.0
356,4,10,150,66,0.08406376813555873
357,4,10,150,66,0.05006331611131463
358,4,10,150,66,0.20438239758848611
359,4,10,150,66,0.0
360,4,10,150,66,0.06752012359727312
361,4,10,150,66,0.09622728274290568
362,4,10,150,66,0.0
363,4,10,150,66,0.2000219371064626
364,4,10,150,66,0.0
365,4,10,150,66,0.0
366,4,10,150,66,0.0
367,4,10,150,66,0.0
368,4,10,150,66,0.0
369,4,10,150,66,0.0
370,4,10,150,66,0.13479984916817475
371,4,10,150,66,0.22569563125869263
372,4,10,150,66,0.0
373,4,10,150,66,0.062173010658778456
374,4,10,150,66,0.06834943074719504
375,4,10,150,66,0.0
376,4,10,150,66,0.0
377,4,10,150,66,0.08010929472340098
378,4,10,150,66,0.16448029476168333
379,4,10,150,66,0.14951641492682458
380,4,10,150,66,0.0
381,4,10,150,66,0.05105625351125917
382,4,10,150,66,0.0
383,4,10,150,66,0.04838338183089434
384,4,10,150,66,0.0
385,4,10,150,66,0.0
386,4,10,150,66,0.0
387,4,10,150,66,0.11497906462099297
388,4,10,150,66,0.04511904280884329
389,4,10,150,66,0.14120339070995014
390,4,10,150,66,0.0
391,4,10,150,66,0.2137247802747043
392,4,10,150,66,0.028653609888707104
393,4,10,150,66,0.054235696447924676
394,4,10,150,66,0.11073655428626575
395,4,10,150,66,0.09179488000267515
396,4,10,150,66,0.0
397,4,10,150,66,0.2710147943938467
398,4,10,150,66,0.18852571653533698
399,4,10,150,66,0.04732425758521323
400,4,10,150,66,0.0
401,4,10,150,66,0.0
402,4,10,150,66,0.08963222225173058
403,4,10,150,66,0.0854499779566911
404,4,10,150,66,0.0
405,4,10,150,66,0.07358884605573901
406,4,10,150,66,0.20956416940551098
407,4,10,150,66,0.04270006763257965
408,4,10,150,66,0.0
409,4,10,150,66,0.12740448328320192
410,4,10,150,66,0.0
411,4,10,150,66,0.0
412,4,10,150,66,0.0
413,4,10,150,66,0.041646268351119564
414,4,10,150,66,0.0
415,4,10,150,66,0.15103391472831218
416,4,10,150,66,0.2076467491497012
417,4,10,150,66,0.09850508837083022
418,4,10,150,66,0.0
419,4,10,150,66,0.1208113026994942
420,4,10,150,66,0.06052048269976269
421,4,10,150,66,0.19620555836557932
422,4,10,150,66,0.07550298029238112
423,4,10,150,66,0.053845569940583225
424,4,10,150,66,0.2766918177656049
425,4,10,150,66,0.1674157226455415
426,4,10,150,66,0.040759261617270684
427,4,10,150,66,0.0
428,4,10,150,66,0.04415960465480069
429,4,10,150,66,0.14355264986043786
430,4,10,150,66,0.0
431,4,10,150,66,0.0
432,4,10,150,66,0.05789711601244791
433,4,10,150,66,0.05780921899607981
434,4,10,150,66,0.20778267687568405
435,4,10,150,66,0.17195543683824452
436,4,10,150,66,0.0
437,4,10,150,66,0.10867290175167639
438,4,10,150,66,0.0
439,4,10,150,66,0.10863976191957724
440,4,10,150,66,0.0
441,4,10,150,66,0.07736100002633538
442,4,10,150,66,0.040949887133979804
443,4,10,150,66,0.06783204105472322
444,4,10,150,66,0.1312721899408984
445,4,10,150,66,0.0
446,4,10,150,66,0.0
447,4,10,150,66,0.16246725303708914
448,4,10,150,66,0.0
449,4,10,150,66,0.1882329728596757
450,4,10,150,66,0.2694329430522401
451,4,10,150,66,0.06148915918944534
452,4,10,150,66,0.10773098771530253
453,4,10,150,66,0.0
454,4,10,150,66,0.0
455,4,10,150,66,0.063401477059351
456,4,10,150,66,0.018650043077523788
457,4,10,150,66,0.2974024120042739
458,4,10,150,66,0.06982799741808067
459,4,10,150,66,0.0
460,4,10,150,66,0.05184030722866645
461,4,10,150,66,0.0
462,4,10,150,66,0.0
463,4,10,150,66,0.11987424504051505
464,4,10,150,66,0.0
465,4,10,150,66,0.0
466,4,10,150,66,0.0
467,4,10,150,66,0.07807600999842033
468,4,10,150,66,0.11455543964849552
469,4,10,150,66,0.05165643482805862
470,4,10,150,66,0.0
471,4,10,150,66,0.0
472,4,10,150,66,0.09001362813522405
473,4,10,150,66,0.06140244428718695
474,4,10,150,66,0.22446242051797097
475,4,10,150,66,0.0
476,4,10,150,66,0.0
477,4,10,150,66,0.0
478,4,10,150,66,0.2345109835167376
479,4,10,150,66,0.10172348796286074
480,4,10,150,66,0.0741070054529978
481,4,10,150,66,0.13102204196909084
482,4,10,150,66,0.0
483,4,10,150,66,0.05658242244874664
484,4,10,150,66,0.2723783861819967
485,4,10,150,66,0.0
486,4,10,150,66,0.0
487,4,10,150,66,0.08199193156683765
488,4,10,150,66,0.0
489,4,10,150,66,0.0
490,4,10,150,66,0.0
491,4,10,150,66,0.14208678740137623
492,4,10,150,66,0.0
493,4,10,150,66,0.1475552329391869
494,4,10,150,66,0.0
495,4,10,150,66,0.14775557842552953
496,4,10,150,66,0.047739744220948385
497,4,10,150,66,0.06371155798374943
498,4,10,150,66,0.0
499,4,10,150,66,0.05075938465928585
500,4,10,150,66,0.09541527213731128
501,4,10,150,66,0.0
502,4,10,150,66,0.0
503,4,10,150,66,0.05608659198762317
504,4,10,150,66,0.08148269775823089
505,4,10,150,66,0.07379217622092994
506,4,10,150,66,0.13198367414767273
507,4,10,150,66,0.05319635904163211
508,4,10,150,66,0.0
509,4,10,150,66,0.0
510,4,10,150,66,0.0
511,4,10,150,66,0.08495943917278885
512,4,10,150,66,0.05478392673173268
513,4,10,150,66,0.0
514,4,10,150,66,0.27252722616773445
515,4,10,150,66,0.11706259313796354
516,4,10,150,66,0.0
517,4,10,150,66,0.08878770367712427
518,4,10,150,66,0.0
519,4,10,150,66,0.0
520,4,10,150,66,0.0
521,4,10,150,66,0.09850628252086785
522,4,10,150,66,0.12524561954372188
523,4,10,150,66,0.032114893884379984
524,4,10,150,66,0.1283825351773177
525,4,10,150,66,0.0
526,4,10,150,66,0.15355181494703254
527,4,10,150,66,0.1636135858112592
528,4,10,150,66,0.10209739512291163
529,4,10,150,66,0.0
530,4,10,150,66,0.0
531,4,10,150,66,0.1517763576041802
532,4,10,150,66,0.2633677187406756
533,4,10,150,66,0.11557545112991054
534,4,10,150,66,0.1046638363823608
535,4,10,150,66,0.13889821983463596
536,4,10,150,66,0.15105160768725473
537,4,10,150,66,0.33599823977668797
538,4,10,150,66,0.14697776980950736
539,4,10,150,66,0.04478826142555715
540,4,10,150,66,0.0
541,4,10,150,66,0.04030702414138781
542,4,10,150,66,0.049033875503285806
543,4,10,150,66,0.04953295293703468
544,4,10,150,66,0.05282936728943967
545,4,10,150,66,0.02244213465825961
546,4,10,150,66,0.05758752804519195
547,4,10,150,66,0.0
548,4,10,150,66,0.1103190733436671
549,4,10,150,66,0.0
550,4,10,150,66,0.04785685030080952
551,4,10,150,66,0.0910925691220798
552,4,10,150,66,0.1205344274731702
553,4,10,150,66,0.07411563356774664
554,4,10,150,66,0.12627825946936164
555,4,10,150,66,0.0
556,4,10,150,66,0.07660623398069263
557,4,10,150,66,0.031742154565302834
558,4,10,150,66,0.08878770367712427
559,4,10,150,66,0.07221175124961293
560,4,10,150,66,0.09375790921485552
561,4,10,150,66,0.09840905282904938
562,4,10,150,66,0.07930308311174379
563,4,10,150,66,0.0
564,4,10,150,66,0.15437610727371853
565,4,10,150,66,0.0
566,4,10,150,66,0.03579489106983033
567,4,10,150,66,0.1471381878632886
568,4,10,150,66,0.036155150901276155
569,4,10,150,66,0.18299769260789403
570,4,10,150,66,0.0
571,4,10,150,66,0.04988426711147283
572,4,10,150,66,0.16812753627111746
573,4,10,150,66,0.06437746926759551
574,4,10,150,66,0.051811563545175146
575,4,10,150,66,0.0
576,4,10,150,66,0.0
577,4,10,150,66,0.20541190363713152
578,4,10,150,66,0.05006331611131463
579,4,10,150,66,0.0
580,4,10,150,66,0.12128674553236206
581,4,10,150,66,0.09893005350346888
582,4,10,150,66,0.03190895161277091
583,4,10,150,66,0.0
584,4,10,150,66,0.06323567569191428
585,4,10,150,66,0.04173963774222741
586,4,10,150,66,0.05786021189691368
587,4,10,150,66,0.019492972026130224
588,4,10,150,66,0.13560342958033234
589,4,10,150,66,0.0
590,4,10,150,66,0.053845569940583225
591,4,10,150,66,0.0
592,4,10,150,66,0.3417167113414281
593,4,10,150,66,0.07711036365720102
594,4,10,150,66,0.0
595,4,10,150,66,0.10296141646738245
596,4,10,150,66,0.0
597,4,10,150,66,0.27101620591530523
598,4,10,150,66,0.0684591776394769
599,4,10,150,66,0.0
600,4,10,150,66,0.09197011795311534
601,4,10,150,66,0.0
602,4,10,150,66,0.0
603,4,10,150,66,0.0
604,4,10,150,66,0.0
605,4,10,150,66,0.23939908411991156
606,4,10,150,66,0.16168049407206384
607,4,10,150,66,0.08673473912838402
608,4,10,150,66,0.09072059226435805
609,4,10,150,66,0.0
610,4,10,150,66,0.19303241878686786
611,4,10,150,66,0.07624568872860434
612,4,10,150,66,0.0
613,4,10,150,66,0.08385150490449667
614,4,10,150,66,0.0
615,4,10,150,66,0.04919117729584568
616,4,10,150,66,0.03618657486793958
617,4,10,150,66,0.0
618,4,10,150,66,0.1281253572826617
619,4,10,150,66,0.12363660028711727
620,4,10,150,66,0.14012037550990028
621,4,10,150,66,0.11278207190006835
622,4,10,150,66,0.18241748250491993
623,4,10,150,66,0.17494254380936963
624,4,10,150,66,0.06626749824739844
625,4,10,150,66,0.0
626,4,10,150,66,0.06228974831361337
627,4,10,150,66,0.06945233499530101
628,4,10,150,66,0.0
629,4,10,150,66,0.14360653209080107
630,4,10,150,66,0.15874779570678058
631,4,10,150,66,0.0
632,4,10,150,66,0.12112269717167994
633,4,10,150,66,0.11499138576948859
634,4,10,150,66,0.022104381789790163
635,4,10,150,66,0.04546401530948942
636,4,10,150,66,0.11426572661305327
637,4,10,150,66,0.01928973283308616
638,4,10,150,66,0.09712868482236708
639,4,10,150,66,0.03138892079718151
640,4,10,150,66,0.10536866733091729
641,4,10,150,66,0.07675099783970546
642,4,10,150,66,0.13259145377069226
643,4,10,150,66,0.11071279041815515
644,4,10,150,66,0.04935421935348238
645,4,10,150,66,0.16158259063789654
646,4,10,150,66,0.0
647,4,10,150,66,0.05363388010108191
648,4,10,150,66,0.1385256308615752
649,4,10,150,66,0.15489949502599
650,4,10,150,66,0.06696350994343549
651,4,10,150,66,0.0
652,4,10,150,66,0.08156220960446063
653,4,10,150,66,0.10549475420216445
654,4,10,150,66,0.21255442687635834
655,4,10,150,66,0.18126495927288705
656,4,10,150,66,0.07397229644086958
657,4,10,150,66,0.0
658,4,10,150,66,0.2625403796417579
659,4,10,150,66,0.08781544355121487
660,4,10,150,66,0.07682040659958697
661,4,10,150,66,0.08605775303302886
662,4,10,150,66,0.0512644431393966
663,4,10,150,66,0.24026856780584893
664,4,10,150,66,0.28517362059082263
665,4,10,150,66,0.0
666,4,10,150,66,0.18540104725248
667,4,10,150,66,0.28468511714771283
668,4,10,150,66,0.06194403202282284
669,4,10,150,66,0.1348578320198433
670,4,10,150,66,0.06613087842005526
671,4,10,150,66,0.17678252116816562
672,4,10,150,66,0.0
673,4,10,150,66,0.14837758007547783
674,4,10,150,66,0.11338915993603582
675,4,10,150,66,0.0
676,4,10,150,66,0.16684180252782607
677,4,10,150,66,0.03314040476303028
678,4,10,150,66,0.03824432123396675
679,4,10,150,66,0.15527711509166947
680,4,10,150,66,0.11377863936243801
681,4,10,150,66,0.0
682,4,10,150,66,0.1273871461485969
683,4,10,150,66,0.0
684,4,10,150,66,0.06573003977381581
685,4,10,150,66,0.1906465758273748
686,4,10,150,66,0.09705739754002543
687,4,10,150,66,0.0
688,4,10,150,66,0.0
689,4,10,150,66,0.21046485047453145
690,4,10,150,66,0.07914701567910001
691,4,10,150,66,0.09842092178212862
692,4,10,150,66,0.1753901755134814
693,4,10,150,66,0.0
694,4,10,150,66,0.21840392540363213
695,4,10,150,66,0.0
696,4,10,150,66,0.039725595076707886
697,4,10,150,66,0.04239477130634912
698,4,10,150,66,0.041937660325009396
699,4,10,150,66,0.050296301412810544
700,4,10,150,66,0.12729890218214104
701,4,10,150,66,0.03902876023380719
702,4,10,150,66,0.037715680681715956
703,4,10,150,66,0.11918688501400482
704,4,10,150,66,0.23659106617286202
705,4,10,150,66,0.1976851662746111
706,4,10,150,66,0.04395738023645723
707,4,10,150,66,0.040041806183417024
708,4,10,150,66,0.07186325791519563
709,4,10,150,66,0.13472082394875662
710,4,10,150,66,0.10695361352497157
711,4,10,150,66,0.1934020772850797
712,4,10,150,66,0.15511023313323485
713,4,10,150,66,0.1468735732232516
714,4,10,150,66,0.03441184191455828
715,4,10,150,66,0.0
716,4,10,150,66,0.22879256892828878
717,4,10,150,66,0.09054670163637572
718,4,10,150,66,0.035328385129692476
719,4,10,150,66,0.09883437846193516
720,4,10,150,66,0.0
721,4,10,150,66,0.1626199557578681
722,4,10,150,66,0.06556429791586475
723,4,10,150,66,0.0
724,4,10,150,66,0.0
725,4,10,150,66,0.0
726,4,10,150,66,0.05010834716923557
727,4,10,150,66,0.13740439744429347
728,4,10,150,66,0.09627818061559096
729,4,10,150,66,0.0
730,4,10,150,66,0.02601736765943984
731,4,10,150,66,0.13032711631493252
732,4,10,150,66,0.0
733,4,10,150,66,0.14514596345398123
734,4,10,150,66,0.0
735,4,10,150,66,0.0
736,4,10,150,66,0.03351972906068008
737,4,10,150,66,0.1138970555583582
738,4,10,150,66,0.13922998739868644
739,4,10,150,66,0.03855307727568851
740,4,10,150,66,0.0
741,4,10,150,66,0.05358697798864893
742,4,10,150,66,0.0488929053971083
743,4,10,150,66,0.0690623255281084
744,4,10,150,66,0.03596673601130318
745,4,10,150,66,0.03520132288421838
746,4,10,150,66,0.25743994347908983
747,4,10,150,66,0.4095149420575
748,4,10,150,66,0.09621648119325965
749,4,10,150,66,0.14503646764644776
750,4,10,150,66,0.041278922835426404
751,4,10,150,66,0.08241447640095391
752,4,10,150,66,0.023242424817620892
753,4,10,150,66,0.15780803084928155
754,4,10,150,66,0.0
755,4,10,150,66,0.03855371268423985
756,4,10,150,66,0.031104745345423533
757,4,10,150,66,0.0
758,4,10,150,66,0.2519720187980819
759,4,10,150,66,0.08145040004058159
760,4,10,150,66,0.03004859059698017
761,4,10,150,66,0.06869287000000811
762,4,10,150,66,0.051960280791503534
763,4,10,150,66,0.04542386553984721
764,4,10,150,66,0.08946696896639536
765,4,10,150,66,0.15066101840234988
766,4,10,150,66,0.023823431574733288
767,4,10,150,66,0.13884445379214724
768,4,10,150,66,0.08438032815655525
769,4,10,150,66,0.0
770,4,10,150,66,0.21464739068424896
771,4,10,150,66,0.2872791742076055
772,4,10,150,66,0.17356150297482983
773,4,10,150,66,0.08696710392235718
774,4,10,150,66,0.0610113324311269
775,4,10,150,66,0.0
776,4,10,150,66,0.138487812915294
777,4,10,150,66,0.0
778,4,10,150,66,0.1631238413472767
779,4,10,150,66,0.0
780,4,10,150,66,0.07672775543002532
781,4,10,150,66,0.2016539629141292
782,4,10,150,66,0.04208081858854157
783,4,10,150,66,0.0
784,4,10,150,66,0.029814614753779622
785,4,10,150,66,0.0
786,4,10,150,66,0.0
787,4,10,150,66,0.0
788,4,10,150,66,0.24621362331158933
789,4,10,150,66,0.08809718769055445
790,4,10,150,66,0.010673514283348269
791,4,10,150,66,0.04465281017341861
792,4,10,150,66,0.08944329533390502
793,4,10,150,66,0.0
794,4,10,150,66,0.04108065887337468
795,4,10,150,66,0.02310557914784035
796,4,10,150,66,0.3543511212788645
797,4,10,150,66,0.11278903329502893
798,4,10,150,66,0.04040542641920613
799,4,10,150,66,0.0
800,4,10,150,66,0.03244993904038569
801,4,10,150,66,0.1561471668577559
802,4,10,150,66,0.06960082070980815
803,4,10,150,66,0.10569353498973794
804,4,10,150,66,0.13116720800256904
805,4,10,150,66,0.11505584346685213
806,4,10,150,66,0.2959152150106387
807,4,10,150,66,0.11552122177666173
808,4,10,150,66,0.1025417224926713
809,4,10,150,66,0.10356976056061801
810,4,10,150,66,0.0
811,4,10,150,66,0.0
812,4,10,150,66,0.03260477305529222
813,4,10,150,66,0.0
814,4,10,150,66,0.034616222155696735
815,4,10,150,66,0.20974901608536262
816,4,10,150,66,0.0
817,4,10,150,66,0.0
818,4,10,150,66,0.05516788910004661
819,4,10,150,66,0.037210602758860095
820,4,10,150,66,0.0787987754690289
821,4,10,150,66,0.302950268110492
822,4,10,150,66,0.028653609888707104
823,4,10,150,66,0.1797043189817761
824,4,10,150,66,0.05046096657376444
825,4,10,150,66,0.08238190489603152
826,4,10,150,66,0.14101060791647543
827,4,10,150,66,0.0
828,4,10,150,66,0.05745618865524075
829,4,10,150,66,0.1751347628439014
830,4,10,150,66,0.20443782642227196
831,4,10,150,66,0.21058943716644085
832,4,10,150,66,0.0
833,4,10,150,66,0.16751546913848098
834,4,10,150,66,0.2706897351446418
835,4,10,150,66,0.15540024392113308
836,4,10,150,66,0.20050437359357948
837,4,10,150,66,0.05665916465450996
838,4,10,150,66,0.27895398740912175
839,4,10,150,66,0.10730655186373157
840,4,10,150,66,0.32723712691192786
841,4,10,150,66,0.06507217400164225
842,4,10,150,66,0.03947561302344988
843,4,10,150,66,0.0
844,4,10,150,66,0.05872188515498603
845,4,10,150,66,0.0
846,4,10,150,66,0.3798940637596385
847,4,10,150,66,0.052677862990834955
848,4,10,150,66,0.05957396506021444
849,4,10,150,66,0.0419387969316025
850,4,10,150,66,0.2721744638560368
851,4,10,150,66,0.06742850859616767
852,4,10,150,66,0.26227118260874954
853,4,10,150,66,0.0
854,4,10,150,66,0.0
855,4,10,150,66,0.0
856,4,10,150,66,0.037110354711564805
857,4,10,150,66,0.0
858,4,10,150,66,0.10250982096838526
859,4,10,150,66,0.05070263548706836
860,4,10,150,66,0.10848832312989015
861,4,10,150,66,0.06460834446248033
862,4,10,150,66,0.10316577872904521
863,4,10,150,66,0.06336841123297353
864,4,10,150,66,0.42979164002289016
865,4,10,150,66,0.07803010102565
866,4,10,150,66,0.16283687678415507
867,4,10,150,66,0.1858556726321321
868,4,10,150,66,0.22247998344745626
869,4,10,150,66,0.0587446084443979
870,4,10,150,66,0.26203887824732824
871,4,10,150,66,0.07012986265386374
872,4,10,150,66,0.02804794621397926
873,4,10,150,66,0.0
874,4,10,150,66,0.13944914190808633
875,4,10,150,66,0.11729943308729383
876,4,10,150,66,0.08671382849411972
877,4,10,150,66,0.0835317778614811
878,4,10,150,66,0.1706804422753891
879,4,10,150,66,0.03963466998423315
880,4,10,150,66,0.3481982257788492
881,4,10,150,66,0.11170817937112114
882,4,10,150,66,0.21288820648214166
883,4,10,150,66,0.3202366197133501
884,4,10,150,66,0.11407805705099587
885,4,10,150,66,0.04536087033637415
886,4,10,150,66,0.190639851941874
887,4,10,150,66,0.1106456578670352
888,4,10,150,66,0.11625487663628292
889,4,10,150,66,0.011180512405522446
890,4,10,150,66,0.11434431442033766
891,4,10,150,66,0.10491091696774645
892,4,10,150,66,0.24747714472998092
893,4,10,150,66,0.10869735563398858
894,4,10,150,66,0.10532327788509592
895,4,10,150,66,0.0
896,4,10,150,66,0.300170662147482
897,4,10,150,66,0.32469373734556717
898,4,10,150,66,0.0
899,4,10,150,66,0.05684415375822261
900,4,10,150,66,0.055315677011973347
901,4,10,150,66,0.19447772481984943
902,4,10,150,66,0.05978585424799658
903,4,10,150,66,0.23389434103643633
904,4,10,150,66,0.0
905,4,10,150,66,0.0
906,4,10,150,66,0.10407444169186962
907,4,10,150,66,0.04552366948252362
908,4,10,150,66,0.06892767477436933
909,4,10,150,66,0.0
910,4,10,150,66,0.0
911,4,10,150,66,0.13243052909755645
912,4,10,150,66,0.15575097056245804
913,4,10,150,66,0.07219927248779984
914,4,10,150,66,0.0
915,4,10,150,66,0.0
916,4,10,150,66,0.24591515553344148
917,4,10,150,66,0.0
918,4,10,150,66,0.043627084055128
919,4,10,150,66,0.09855204019895153
920,4,10,150,66,0.0
921,4,10,150,66,0.15405864814296488
922,4,10,150,66,0.1280645281724967
923,4,10,150,66,0.02142307850464013
924,4,10,150,66,0.018280262702529162
925,4,10,150,66,0.0
926,4,10,150,66,0.0
927,4,10,150,66,0.09447575046156538
928,4,10,150,66,0.1873259908039563
929,4,10,150,66,0.25163227912988373
930,4,10,150,66,0.032298243696638564
931,4,10,150,66,0.08679587898287541
932,4,10,150,66,0.26706521787681314
933,4,10,150,66,0.07729288729159109
934,4,10,150,66,0.10071040486185964
935,4,10,150,66,0.04173963774222741
936,4,10,150,66,0.1321191921354211
937,4,10,150,66,0.0
938,4,10,150,66,0.1482741018676109
939,4,10,150,66,0.02916862694666808
940,4,10,150,66,0.050684733114198
941,4,10,150,66,0.0
942,4,10,150,66,0.10504870308911567
943,4,10,150,66,0.20163692230838232
1,4,10,150,67,0.4058715898896693
2,4,10,150,67,0.06250343848035038
3,4,10,150,67,0.0
4,4,10,150,67,0.0
5,4,10,150,67,0.040209635547393256
6,4,10,150,67,0.27020011346731576
7,4,10,150,67,0.29136519416833906
8,4,10,150,67,0.0
9,4,10,150,67,0.21840743681816419
10,4,10,150,67,0.21491451057814584
11,4,10,150,67,0.1722584975122812
12,4,10,150,67,0.0
13,4,10,150,67,0.25507270166585216
14,4,10,150,67,0.03963175841995263
15,4,10,150,67,0.05010834716923557
16,4,10,150,67,0.053168340515114924
17,4,10,150,67,0.0
18,4,10,150,67,0.24724966735366713
19,4,10,150,67,0.0
20,4,10,150,67,0.0
21,4,10,150,67,0.0
22,4,10,150,67,0.11702382382650763
23,4,10,150,67,0.23682446174402746
24,4,10,150,67,0.0
25,4,10,150,67,0.12358102547512423
26,4,10,150,67,0.0
27,4,10,150,67,0.0
28,4,10,150,67,0.0
29,4,10,150,67,0.13455232720853103
30,4,10,150,67,0.0
31,4,10,150,67,0.0
32,4,10,150,67,0.0
33,4,10,150,67,0.0
35,4,10,150,67,0.10523285614729473
36,4,10,150,67,0.0
37,4,10,150,67,0.0
38,4,10,150,67,0.04739418218477539
39,4,10,150,67,0.0
40,4,10,150,67,0.10558114683788161
41,4,10,150,67,0.0
42,4,10,150,67,0.0683037314796457
43,4,10,150,67,0.22592974817952552
44,4,10,150,67,0.2044921015662719
45,4,10,150,67,0.05200670101006268
46,4,10,150,67,0.11284514134893527
47,4,10,150,67,0.06250343848035038
48,4,10,150,67,0.0
49,4,10,150,67,0.0
50,4,10,150,67,0.0
51,4,10,150,67,0.16812753627111746
52,4,10,150,67,0.0
54,4,10,150,67,0.0
56,4,10,150,67,0.20383503459815738
57,4,10,150,67,0.3030555992505742
58,4,10,150,67,0.3717269535737058
59,4,10,150,67,0.2378606442039324
60,4,10,150,67,0.1505674224523334
61,4,10,150,67,0.07763867093308688
62,4,10,150,67,0.08314631791322982
63,4,10,150,67,0.0
64,4,10,150,67,0.04238468688770069
65,4,10,150,67,0.13012668333070054
66,4,10,150,67,0.0
67,4,10,150,67,0.0
68,4,10,150,67,0.4827392464262081
69,4,10,150,67,0.07673373981757839
70,4,10,150,67,0.0
71,4,10,150,67,0.0
72,4,10,150,67,0.031239588460834872
73,4,10,150,67,0.0
74,4,10,150,67,0.0
75,4,10,150,67,0.049432410190049694
76,4,10,150,67,0.1301464707340554
77,4,10,150,67,0.10201115106436301
78,4,10,150,67,0.0
79,4,10,150,67,0.27487633291429087
80,4,10,150,67,0.0
81,4,10,150,67,0.0
82,4,10,150,67,0.19298623480417013
83,4,10,150,67,0.12089611529519323
84,4,10,150,67,0.05034889199379723
85,4,10,150,67,0.0
87,4,10,150,67,0.07100089300395272
89,4,10,150,67,0.2553387838830436
90,4,10,150,67,0.10247188479303698
91,4,10,150,67,0.05648147012627732
92,4,10,150,67,0.10542637391232386
93,4,10,150,67,0.0
94,4,10,150,67,0.12315199805289229
95,4,10,150,67,0.17287436926807473
96,4,10,150,67,0.10181164814261426
97,4,10,150,67,0.06462745615384195
98,4,10,150,67,0.0930297504356062
99,4,10,150,67,0.05658242244874664
100,4,10,150,67,0.0
101,4,10,150,67,0.0
102,4,10,150,67,0.02424726876918863
103,4,10,150,67,0.0
104,4,10,150,67,0.0
105,4,10,150,67,0.0
106,4,10,150,67,0.0
107,4,10,150,67,0.0
108,4,10,150,67,0.0
109,4,10,150,67,0.07103066762111539
110,4,10,150,67,0.0
111,4,10,150,67,0.0
112,4,10,150,67,0.05685954565780693
113,4,10,150,67,0.053168340515114924
114,4,10,150,67,0.0
115,4,10,150,67,0.10684080426179023
116,4,10,150,67,0.0
117,4,10,150,67,0.26646890433550474
118,4,10,150,67,0.0
119,4,10,150,67,0.2063582228182277
120,4,10,150,67,0.0
121,4,10,150,67,0.271985059917519
122,4,10,150,67,0.1530100230930498
123,4,10,150,67,0.07386004580671933
125,4,10,150,67,0.12702645795516354
126,4,10,150,67,0.06911917000496234
127,4,10,150,67,0.1678437907858252
128,4,10,150,67,0.05750548798281727
129,4,10,150,67,0.0
130,4,10,150,67,0.17988759512424388
131,4,10,150,67,0.06556385272536247
133,4,10,150,67,0.11047239495909743
134,4,10,150,67,0.0
135,4,10,150,67,0.0
137,4,10,150,67,0.1371200812351206
138,4,10,150,67,0.0
139,4,10,150,67,0.0
141,4,10,150,67,0.0
142,4,10,150,67,0.13373003436102654
143,4,10,150,67,0.1208996448617798
144,4,10,150,67,0.1227945149537572
145,4,10,150,67,0.1075804523117992
146,4,10,150,67,0.0
148,4,10,150,67,0.10461537305334957
149,4,10,150,67,0.0
150,4,10,150,67,0.10235170428306553
151,4,10,150,67,0.06298430394440727
152,4,10,150,67,0.040655755922716606
153,4,10,150,67,0.0
154,4,10,150,67,0.06372882143962796
155,4,10,150,67,0.0
156,4,10,150,67,0.0
158,4,10,150,67,0.17575552384613552
159,4,10,150,67,0.03310852000739229
160,4,10,150,67,0.0
161,4,10,150,67,0.0
162,4,10,150,67,0.0
163,4,10,150,67,0.0
164,4,10,150,67,0.0
165,4,10,150,67,0.12114889742360979
166,4,10,150,67,0.0
167,4,10,150,67,0.0
168,4,10,150,67,0.23504554941448536
169,4,10,150,67,0.06416923277158361
170,4,10,150,67,0.0
171,4,10,150,67,0.0
172,4,10,150,67,0.0
173,4,10,150,67,0.05840183867278569
174,4,10,150,67,0.08712841477105211
175,4,10,150,67,0.0
176,4,10,150,67,0.09511409151391914
177,4,10,150,67,0.06912040963822193
178,4,10,150,67,0.2437589399037192
179,4,10,150,67,0.06723507268634088
180,4,10,150,67,0.12262943855309168
181,4,10,150,67,0.01719677167528726
182,4,10,150,67,0.0
183,4,10,150,67,0.0
184,4,10,150,67,0.09303069037986347
185,4,10,150,67,0.07745351606183934
186,4,10,150,67,0.22147164648185297
187,4,10,150,67,0.08625091781054979
188,4,10,150,67,0.054384419234677496
189,4,10,150,67,0.23042891886703956
190,4,10,150,67,0.10699313236726378
191,4,10,150,67,0.0
192,4,10,150,67,0.0
193,4,10,150,67,0.0
194,4,10,150,67,0.07852068532356982
195,4,10,150,67,0.0
196,4,10,150,67,0.0
197,4,10,150,67,0.05576624569167862
198,4,10,150,67,0.0
199,4,10,150,67,0.0
200,4,10,150,67,0.11302970636219896
201,4,10,150,67,0.03487978243545732
203,4,10,150,67,0.0
204,4,10,150,67,0.0
205,4,10,150,67,0.0
206,4,10,150,67,0.0
207,4,10,150,67,0.050513241088636716
209,4,10,150,67,0.0
210,4,10,150,67,0.09440608278107551
211,4,10,150,67,0.0
212,4,10,150,67,0.12681701683239352
213,4,10,150,67,0.2384146878320104
214,4,10,150,67,0.056720838976548935
215,4,10,150,67,0.0
216,4,10,150,67,0.03497205398870122
217,4,10,150,67,0.0
218,4,10,150,67,0.19092086617893467
219,4,10,150,67,0.0
221,4,10,150,67,0.3375735570145491
222,4,10,150,67,0.12476107276951183
223,4,10,150,67,0.03870447337439288
224,4,10,150,67,0.0
225,4,10,150,67,0.0
226,4,10,150,67,0.08080765379783027
227,4,10,150,67,0.0
228,4,10,150,67,0.0
229,4,10,150,67,0.0
230,4,10,150,67,0.23712439662683835
231,4,10,150,67,0.0
232,4,10,150,67,0.3234992853586256
233,4,10,150,67,0.0968152409481219
234,4,10,150,67,0.06411917231744522
235,4,10,150,67,0.06065881345112158
236,4,10,150,67,0.0
237,4,10,150,67,0.0
238,4,10,150,67,0.0
239,4,10,150,67,0.11792279130466408
240,4,10,150,67,0.05497526658285817
242,4,10,150,67,0.0
243,4,10,150,67,0.09267768927614353
244,4,10,150,67,0.15765545519871427
245,4,10,150,67,0.10704534003732354
246,4,10,150,67,0.11120150311654428
247,4,10,150,67,0.0
248,4,10,150,67,0.14830051302014485
249,4,10,150,67,0.31180658179892495
250,4,10,150,67,0.3503302816689379
251,4,10,150,67,0.0
252,4,10,150,67,0.0
253,4,10,150,67,0.05954496680255472
254,4,10,150,67,0.0
255,4,10,150,67,0.0
256,4,10,150,67,0.16583176898817792
257,4,10,150,67,0.3305900772260718
258,4,10,150,67,0.0
259,4,10,150,67,0.0
260,4,10,150,67,0.0
261,4,10,150,67,0.0
262,4,10,150,67,0.0
263,4,10,150,67,0.12774011823457565
264,4,10,150,67,0.05840183867278569
265,4,10,150,67,0.10209739512291163
267,4,10,150,67,0.09794101962538232
268,4,10,150,67,0.11115843078994621
269,4,10,150,67,0.13223875150584097
270,4,10,150,67,0.046726672111120165
271,4,10,150,67,0.12276482551434069
272,4,10,150,67,0.14498698048571354
273,4,10,150,67,0.0
274,4,10,150,67,0.0
275,4,10,150,67,0.04605780568615433
276,4,10,150,67,0.20223032365941937
277,4,10,150,67,0.0
279,4,10,150,67,0.06493409231178052
280,4,10,150,67,0.03337620304869898
281,4,10,150,67,0.0
283,4,10,150,67,0.1292258709239571
284,4,10,150,67,0.0
285,4,10,150,67,0.1185995982858366
286,4,10,150,67,0.3005968627632655
287,4,10,150,67,0.11352455583778437
288,4,10,150,67,0.12538054736008386
289,4,10,150,67,0.13905617951077562
290,4,10,150,67,0.0
291,4,10,150,67,0.23494592513118112
292,4,10,150,67,0.08933583385868532
293,4,10,150,67,0.21672523003959007
294,4,10,150,67,0.04123398036294628
295,4,10,150,67,0.2670961153715764
296,4,10,150,67,0.5087533365407171
297,4,10,150,67,0.13535082686131417
298,4,10,150,67,0.19947114504638494
299,4,10,150,67,0.0
300,4,10,150,67,0.0
301,4,10,150,67,0.047934103497110726
303,4,10,150,67,0.10429171540620567
304,4,10,150,67,0.0
305,4,10,150,67,0.31514747987601716
306,4,10,150,67,0.0
307,4,10,150,67,0.1383141340724969
308,4,10,150,67,0.19205342317019936
309,4,10,150,67,0.0
310,4,10,150,67,0.0
311,4,10,150,67,0.08938791352906189
312,4,10,150,67,0.11944547884539282
313,4,10,150,67,0.14465709645474623
314,4,10,150,67,0.20285519102295546
315,4,10,150,67,0.0
316,4,10,150,67,0.04568304891751105
317,4,10,150,67,0.0
318,4,10,150,67,0.13815200906377123
319,4,10,150,67,0.0
320,4,10,150,67,0.0
321,4,10,150,67,0.062242588308449316
322,4,10,150,67,0.17342765698823945
323,4,10,150,67,0.14126697285982898
324,4,10,150,67,0.0
325,4,10,150,67,0.0
326,4,10,150,67,0.0634222181618871
327,4,10,150,67,0.0
328,4,10,150,67,0.1437524526514495
329,4,10,150,67,0.0
330,4,10,150,67,0.0536466452928127
331,4,10,150,67,0.16958010263680806
332,4,10,150,67,0.024647523009140075
333,4,10,150,67,0.0
334,4,10,150,67,0.07058424671826317
336,4,10,150,67,0.0
337,4,10,150,67,0.16716045496620227
338,4,10,150,67,0.05005165434923901
339,4,10,150,67,0.1344957225763306
340,4,10,150,67,0.0
341,4,10,150,67,0.0
342,4,10,150,67,0.2625072992734236
343,4,10,150,67,0.28732332399638805
344,4,10,150,67,0.23832550406045652
345,4,10,150,67,0.056149696530797676
346,4,10,150,67,0.13947804593499064
347,4,10,150,67,0.08705643551438974
348,4,10,150,67,0.071942683897578
349,4,10,150,67,0.07673373981757839
350,4,10,150,67,0.2065896325117088
351,4,10,150,67,0.0
352,4,10,150,67,0.0
353,4,10,150,67,0.0
354,4,10,150,67,0.051249224710132255
355,4,10,150,67,0.0
356,4,10,150,67,0.08406376813555873
357,4,10,150,67,0.05006331611131463
358,4,10,150,67,0.20438239758848611
359,4,10,150,67,0.0
360,4,10,150,67,0.06752012359727312
361,4,10,150,67,0.09622728274290568
362,4,10,150,67,0.0
363,4,10,150,67,0.2000219371064626
364,4,10,150,67,0.0
365,4,10,150,67,0.0
366,4,10,150,67,0.0
367,4,10,150,67,0.0
368,4,10,150,67,0.0
369,4,10,150,67,0.0
370,4,10,150,67,0.13479984916817475
371,4,10,150,67,0.22569563125869263
372,4,10,150,67,0.0
373,4,10,150,67,0.062173010658778456
374,4,10,150,67,0.06834943074719504
375,4,10,150,67,0.0
376,4,10,150,67,0.0
377,4,10,150,67,0.08010929472340098
378,4,10,150,67,0.16448029476168333
379,4,10,150,67,0.14951641492682458
380,4,10,150,67,0.0
381,4,10,150,67,0.05105625351125917
382,4,10,150,67,0.0
383,4,10,150,67,0.04838338183089434
384,4,10,150,67,0.0
385,4,10,150,67,0.0
386,4,10,150,67,0.0
387,4,10,150,67,0.11497906462099297
388,4,10,150,67,0.04511904280884329
389,4,10,150,67,0.14120339070995014
390,4,10,150,67,0.0
391,4,10,150,67,0.2137247802747043
392,4,10,150,67,0.056679935917756406
393,4,10,150,67,0.054235696447924676
394,4,10,150,67,0.11073655428626575
395,4,10,150,67,0.09179488000267515
396,4,10,150,67,0.0
397,4,10,150,67,0.2710147943938467
398,4,10,150,67,0.18852571653533698
399,4,10,150,67,0.04732425758521323
400,4,10,150,67,0.0
401,4,10,150,67,0.0
402,4,10,150,67,0.08963222225173058
403,4,10,150,67,0.0854499779566911
404,4,10,150,67,0.0
405,4,10,150,67,0.07282273915687491
406,4,10,150,67,0.20956416940551098
407,4,10,150,67,0.04270006763257965
408,4,10,150,67,0.0
409,4,10,150,67,0.12740448328320192
410,4,10,150,67,0.0
411,4,10,150,67,0.0
412,4,10,150,67,0.0
413,4,10,150,67,0.041646268351119564
414,4,10,150,67,0.0
415,4,10,150,67,0.15103391472831218
416,4,10,150,67,0.2076467491497012
417,4,10,150,67,0.09850508837083022
418,4,10,150,67,0.0
419,4,10,150,67,0.1208113026994942
420,4,10,150,67,0.06052048269976269
421,4,10,150,67,0.19620555836557932
422,4,10,150,67,0.07550298029238112
423,4,10,150,67,0.053845569940583225
424,4,10,150,67,0.2766918177656049
425,4,10,150,67,0.1674157226455415
426,4,10,150,67,0.040759261617270684
427,4,10,150,67,0.0
428,4,10,150,67,0.04415960465480069
429,4,10,150,67,0.14355264986043786
430,4,10,150,67,0.0
431,4,10,150,67,0.0
432,4,10,150,67,0.05789711601244791
433,4,10,150,67,0.05780921899607981
434,4,10,150,67,0.20778267687568405
435,4,10,150,67,0.17195543683824452
436,4,10,150,67,0.0
437,4,10,150,67,0.10867290175167639
438,4,10,150,67,0.0
439,4,10,150,67,0.10863976191957724
440,4,10,150,67,0.0
441,4,10,150,67,0.07736100002633538
442,4,10,150,67,0.040949887133979804
443,4,10,150,67,0.06783204105472322
444,4,10,150,67,0.1312721899408984
445,4,10,150,67,0.0
446,4,10,150,67,0.0
447,4,10,150,67,0.16246725303708914
448,4,10,150,67,0.0
449,4,10,150,67,0.1882329728596757
450,4,10,150,67,0.2666279739907979
451,4,10,150,67,0.06148915918944534
452,4,10,150,67,0.10773098771530253
453,4,10,150,67,0.0
454,4,10,150,67,0.0
455,4,10,150,67,0.0799090051133151
456,4,10,150,67,0.018650043077523788
457,4,10,150,67,0.2974024120042739
458,4,10,150,67,0.06982799741808067
459,4,10,150,67,0.0
460,4,10,150,67,0.05184030722866645
461,4,10,150,67,0.0
462,4,10,150,67,0.0
463,4,10,150,67,0.11987424504051505
464,4,10,150,67,0.0
465,4,10,150,67,0.0
466,4,10,150,67,0.0
467,4,10,150,67,0.07807600999842033
468,4,10,150,67,0.11455543964849552
469,4,10,150,67,0.05165643482805862
470,4,10,150,67,0.0
471,4,10,150,67,0.0
472,4,10,150,67,0.09001362813522405
473,4,10,150,67,0.06140244428718695
474,4,10,150,67,0.22446242051797097
475,4,10,150,67,0.0
476,4,10,150,67,0.0
477,4,10,150,67,0.0
478,4,10,150,67,0.2345109835167376
479,4,10,150,67,0.10172348796286074
480,4,10,150,67,0.0741070054529978
481,4,10,150,67,0.13102204196909084
482,4,10,150,67,0.0
483,4,10,150,67,0.05658242244874664
484,4,10,150,67,0.2723783861819967
485,4,10,150,67,0.0
486,4,10,150,67,0.0
487,4,10,150,67,0.08199193156683765
488,4,10,150,67,0.0
489,4,10,150,67,0.0
490,4,10,150,67,0.0
491,4,10,150,67,0.14208678740137623
492,4,10,150,67,0.0
493,4,10,150,67,0.1475552329391869
494,4,10,150,67,0.0
495,4,10,150,67,0.16394836376720962
496,4,10,150,67,0.047739744220948385
497,4,10,150,67,0.06371155798374943
498,4,10,150,67,0.0
499,4,10,150,67,0.05075938465928585
500,4,10,150,67,0.09541527213731128
501,4,10,150,67,0.0
502,4,10,150,67,0.0
503,4,10,150,67,0.05608659198762317
504,4,10,150,67,0.08148269775823089
505,4,10,150,67,0.07379217622092994
506,4,10,150,67,0.13198367414767273
507,4,10,150,67,0.05319635904163211
508,4,10,150,67,0.0
509,4,10,150,67,0.0
510,4,10,150,67,0.0
511,4,10,150,67,0.08495943917278885
512,4,10,150,67,0.05478392673173268
513,4,10,150,67,0.0
514,4,10,150,67,0.27252722616773445
515,4,10,150,67,0.11706259313796354
516,4,10,150,67,0.0
517,4,10,150,67,0.08878770367712427
518,4,10,150,67,0.0
519,4,10,150,67,0.0
520,4,10,150,67,0.0
521,4,10,150,67,0.09850628252086785
522,4,10,150,67,0.12524561954372188
523,4,10,150,67,0.032114893884379984
524,4,10,150,67,0.1283825351773177
525,4,10,150,67,0.0
526,4,10,150,67,0.15355181494703254
527,4,10,150,67,0.1636135858112592
528,4,10,150,67,0.10209739512291163
529,4,10,150,67,0.0
530,4,10,150,67,0.0
531,4,10,150,67,0.1517763576041802
532,4,10,150,67,0.2633677187406756
533,4,10,150,67,0.11557545112991054
534,4,10,150,67,0.1046638363823608
535,4,10,150,67,0.13889821983463596
536,4,10,150,67,0.15105160768725473
537,4,10,150,67,0.3325002834518376
538,4,10,150,67,0.14697776980950736
539,4,10,150,67,0.04478826142555715
540,4,10,150,67,0.0
541,4,10,150,67,0.0586415067779619
542,4,10,150,67,0.049033875503285806
543,4,10,150,67,0.04953295293703468
544,4,10,150,67,0.05282936728943967
545,4,10,150,67,0.02244213465825961
546,4,10,150,67,0.05758752804519195
547,4,10,150,67,0.0
548,4,10,150,67,0.12908029235254362
549,4,10,150,67,0.0
550,4,10,150,67,0.04785685030080952
551,4,10,150,67,0.0910925691220798
552,4,10,150,67,0.1205344274731702
553,4,10,150,67,0.07411563356774664
554,4,10,150,67,0.12627825946936164
555,4,10,150,67,0.0
556,4,10,150,67,0.07660623398069263
557,4,10,150,67,0.031742154565302834
558,4,10,150,67,0.08878770367712427
559,4,10,150,67,0.07221175124961293
560,4,10,150,67,0.09375790921485552
561,4,10,150,67,0.09738455172155938
562,4,10,150,67,0.07930308311174379
563,4,10,150,67,0.0
564,4,10,150,67,0.15437610727371853
565,4,10,150,67,0.0
566,4,10,150,67,0.03579489106983033
567,4,10,150,67,0.1471381878632886
568,4,10,150,67,0.036155150901276155
569,4,10,150,67,0.18299769260789403
570,4,10,150,67,0.0
571,4,10,150,67,0.04988426711147283
572,4,10,150,67,0.16812753627111746
573,4,10,150,67,0.06437746926759551
574,4,10,150,67,0.051811563545175146
575,4,10,150,67,0.0
576,4,10,150,67,0.0
577,4,10,150,67,0.20541190363713152
578,4,10,150,67,0.05006331611131463
579,4,10,150,67,0.0
580,4,10,150,67,0.1471734367352052
581,4,10,150,67,0.09893005350346888
582,4,10,150,67,0.03190895161277091
583,4,10,150,67,0.0
584,4,10,150,67,0.06323567569191428
585,4,10,150,67,0.04173963774222741
586,4,10,150,67,0.05786021189691368
587,4,10,150,67,0.019492972026130224
588,4,10,150,67,0.13560342958033234
589,4,10,150,67,0.0
590,4,10,150,67,0.053845569940583225
591,4,10,150,67,0.0
592,4,10,150,67,0.33815922207440624
593,4,10,150,67,0.07711036365720102
594,4,10,150,67,0.0
595,4,10,150,67,0.10296141646738245
596,4,10,150,67,0.0
597,4,10,150,67,0.27101620591530523
598,4,10,150,67,0.0684591776394769
599,4,10,150,67,0.0
600,4,10,150,67,0.09197011795311534
601,4,10,150,67,0.0
602,4,10,150,67,0.0
603,4,10,150,67,0.0
604,4,10,150,67,0.0
605,4,10,150,67,0.23939908411991156
606,4,10,150,67,0.16168049407206384
607,4,10,150,67,0.08673473912838402
608,4,10,150,67,0.10661266864439813
609,4,10,150,67,0.0
610,4,10,150,67,0.19303241878686786
611,4,10,150,67,0.07624568872860434
612,4,10,150,67,0.0
613,4,10,150,67,0.08385150490449667
614,4,10,150,67,0.0
615,4,10,150,67,0.04919117729584568
616,4,10,150,67,0.03618657486793958
617,4,10,150,67,0.0
618,4,10,150,67,0.1281253572826617
619,4,10,150,67,0.12363660028711727
620,4,10,150,67,0.14012037550990028
621,4,10,150,67,0.11278207190006835
622,4,10,150,67,0.18241748250491993
623,4,10,150,67,0.17494254380936963
624,4,10,150,67,0.06626749824739844
625,4,10,150,67,0.0
626,4,10,150,67,0.06228974831361337
627,4,10,150,67,0.06945233499530101
628,4,10,150,67,0.0
629,4,10,150,67,0.14360653209080107
630,4,10,150,67,0.15874779570678058
631,4,10,150,67,0.0
632,4,10,150,67,0.12112269717167994
633,4,10,150,67,0.11499138576948859
634,4,10,150,67,0.022104381789790163
635,4,10,150,67,0.04546401530948942
636,4,10,150,67,0.11426572661305327
637,4,10,150,67,0.01928973283308616
638,4,10,150,67,0.09712868482236708
639,4,10,150,67,0.03138892079718151
640,4,10,150,67,0.10536866733091729
641,4,10,150,67,0.07675099783970546
642,4,10,150,67,0.13121109203234937
643,4,10,150,67,0.11071279041815515
644,4,10,150,67,0.04935421935348238
645,4,10,150,67,0.16158259063789654
646,4,10,150,67,0.0
647,4,10,150,67,0.05363388010108191
648,4,10,150,67,0.13708349054873256
649,4,10,150,67,0.15489949502599
650,4,10,150,67,0.06626637702602348
651,4,10,150,67,0.0
652,4,10,150,67,0.08156220960446063
653,4,10,150,67,0.10439648641675804
654,4,10,150,67,0.21255442687635834
655,4,10,150,67,0.18978851408672012
656,4,10,150,67,0.07397229644086958
657,4,10,150,67,0.0
658,4,10,150,67,0.2625403796417579
659,4,10,150,67,0.08781544355121487
660,4,10,150,67,0.07682040659958697
661,4,10,150,67,0.08605775303302886
662,4,10,150,67,0.0512644431393966
663,4,10,150,67,0.24026856780584893
664,4,10,150,67,0.28517362059082263
665,4,10,150,67,0.0
666,4,10,150,67,0.18347090390916448
667,4,10,150,67,0.28468511714771283
668,4,10,150,67,0.06194403202282284
669,4,10,150,67,0.1348578320198433
670,4,10,150,67,0.06613087842005526
671,4,10,150,67,0.17678252116816562
672,4,10,150,67,0.0
673,4,10,150,67,0.14837758007547783
674,4,10,150,67,0.11338915993603582
675,4,10,150,67,0.0
676,4,10,150,67,0.16684180252782607
677,4,10,150,67,0.03314040476303028
678,4,10,150,67,0.03824432123396675
679,4,10,150,67,0.15527711509166947
680,4,10,150,67,0.11377863936243801
681,4,10,150,67,0.0
682,4,10,150,67,0.13647160341630138
683,4,10,150,67,0.0
684,4,10,150,67,0.06573003977381581
685,4,10,150,67,0.1906465758273748
686,4,10,150,67,0.09705739754002543
687,4,10,150,67,0.0
688,4,10,150,67,0.0
689,4,10,150,67,0.21046485047453145
690,4,10,150,67,0.07914701567910001
691,4,10,150,67,0.09842092178212862
692,4,10,150,67,0.1753901755134814
693,4,10,150,67,0.0
694,4,10,150,67,0.23168793043092825
695,4,10,150,67,0.0
696,4,10,150,67,0.039725595076707886
697,4,10,150,67,0.04239477130634912
698,4,10,150,67,0.041937660325009396
699,4,10,150,67,0.06339169989706635
700,4,10,150,67,0.12729890218214104
701,4,10,150,67,0.03902876023380719
702,4,10,150,67,0.037715680681715956
703,4,10,150,67,0.11918688501400482
704,4,10,150,67,0.23659106617286202
705,4,10,150,67,0.1976851662746111
706,4,10,150,67,0.04395738023645723
707,4,10,150,67,0.039624945400780764
708,4,10,150,67,0.07186325791519563
709,4,10,150,67,0.13472082394875662
710,4,10,150,67,0.10695361352497157
711,4,10,150,67,0.1913886381077549
712,4,10,150,67,0.15511023313323485
713,4,10,150,67,0.1468735732232516
714,4,10,150,67,0.03441184191455828
715,4,10,150,67,0.0
716,4,10,150,67,0.22641069212413237
717,4,10,150,67,0.09054670163637572
718,4,10,150,67,0.035328385129692476
719,4,10,150,67,0.09883437846193516
720,4,10,150,67,0.0
721,4,10,150,67,0.1626199557578681
722,4,10,150,67,0.06556429791586475
723,4,10,150,67,0.0
724,4,10,150,67,0.0
725,4,10,150,67,0.0
726,4,10,150,67,0.05010834716923557
727,4,10,150,67,0.13597392988761234
728,4,10,150,67,0.09627818061559096
729,4,10,150,67,0.0
730,4,10,150,67,0.02601736765943984
731,4,10,150,67,0.13032711631493252
732,4,10,150,67,0.0
733,4,10,150,67,0.14514596345398123
734,4,10,150,67,0.0
735,4,10,150,67,0.0
736,4,10,150,67,0.03351972906068008
737,4,10,150,67,0.1138970555583582
738,4,10,150,67,0.13922998739868644
739,4,10,150,67,0.03855307727568851
740,4,10,150,67,0.0
741,4,10,150,67,0.05358697798864893
742,4,10,150,67,0.0488929053971083
743,4,10,150,67,0.0690623255281084
744,4,10,150,67,0.03596673601130318
745,4,10,150,67,0.03520132288421838
746,4,10,150,67,0.25743994347908983
747,4,10,150,67,0.40525162989657076
748,4,10,150,67,0.09621648119325965
749,4,10,150,67,0.1435265453632982
750,4,10,150,67,0.041278922835426404
751,4,10,150,67,0.08155648905203937
752,4,10,150,67,0.023242424817620892
753,4,10,150,67,0.15780803084928155
754,4,10,150,67,0.0
755,4,10,150,67,0.03855371268423985
756,4,10,150,67,0.031104745345423533
757,4,10,150,67,0.0
758,4,10,150,67,0.2493488291128447
759,4,10,150,67,0.08145040004058159
760,4,10,150,67,0.03004859059698017
761,4,10,150,67,0.06869287000000811
762,4,10,150,67,0.051960280791503534
763,4,10,150,67,0.04542386553984721
764,4,10,150,67,0.08946696896639536
765,4,10,150,67,0.15066101840234988
766,4,10,150,67,0.023823431574733288
767,4,10,150,67,0.13884445379214724
768,4,10,150,67,0.08438032815655525
769,4,10,150,67,0.0
770,4,10,150,67,0.21464739068424896
771,4,10,150,67,0.3080231627562772
772,4,10,150,67,0.17356150297482983
773,4,10,150,67,0.08696710392235718
774,4,10,150,67,0.060376165484101074
775,4,10,150,67,0.0
776,4,10,150,67,0.138487812915294
777,4,10,150,67,0.0
778,4,10,150,67,0.1631238413472767
779,4,10,150,67,0.0
780,4,10,150,67,0.07672775543002532
781,4,10,150,67,0.2016539629141292
782,4,10,150,67,0.04164273038416734
783,4,10,150,67,0.0
784,4,10,150,67,0.029814614753779622
785,4,10,150,67,0.0
786,4,10,150,67,0.0
787,4,10,150,67,0.0
788,4,10,150,67,0.243650382202054
789,4,10,150,67,0.08809718769055445
790,4,10,150,67,0.010562396181001563
791,4,10,150,67,0.04465281017341861
792,4,10,150,67,0.08944329533390502
793,4,10,150,67,0.0
794,4,10,150,67,0.04108065887337468
795,4,10,150,67,0.034092229848757476
796,4,10,150,67,0.3506620997330402
797,4,10,150,67,0.11278903329502893
798,4,10,150,67,0.03998478011762052
799,4,10,150,67,0.0
800,4,10,150,67,0.03244993904038569
801,4,10,150,67,0.1561471668577559
802,4,10,150,67,0.06960082070980815
803,4,10,150,67,0.10569353498973794
804,4,10,150,67,0.12980167357253602
805,4,10,150,67,0.11385803863420373
806,4,10,150,67,0.2959152150106387
807,4,10,150,67,0.1143185720585064
808,4,10,150,67,0.1025417224926713
809,4,10,150,67,0.10356976056061801
810,4,10,150,67,0.0
811,4,10,150,67,0.0
812,4,10,150,67,0.03260477305529222
813,4,10,150,67,0.0
814,4,10,150,67,0.034616222155696735
815,4,10,150,67,0.20756539483206507
816,4,10,150,67,0.0
817,4,10,150,67,0.0
818,4,10,150,67,0.05516788910004661
819,4,10,150,67,0.037210602758860095
820,4,10,150,67,0.0787987754690289
821,4,10,150,67,0.302950268110492
822,4,10,150,67,0.028653609888707104
823,4,10,150,67,0.17783348221905076
824,4,10,150,67,0.05046096657376444
825,4,10,150,67,0.08238190489603152
826,4,10,150,67,0.14101060791647543
827,4,10,150,67,0.0
828,4,10,150,67,0.05745618865524075
829,4,10,150,67,0.1751347628439014
830,4,10,150,67,0.20443782642227196
831,4,10,150,67,0.21058943716644085
832,4,10,150,67,0.0
833,4,10,150,67,0.16577152608933682
834,4,10,150,67,0.2706897351446418
835,4,10,150,67,0.15540024392113308
836,4,10,150,67,0.20050437359357948
837,4,10,150,67,0.05665916465450996
838,4,10,150,67,0.27895398740912175
839,4,10,150,67,0.10730655186373157
840,4,10,150,67,0.33424101820792684
841,4,10,150,67,0.06507217400164225
842,4,10,150,67,0.03947561302344988
843,4,10,150,67,0.0
844,4,10,150,67,0.05872188515498603
845,4,10,150,67,0.0
846,4,10,150,67,0.3759391238647619
847,4,10,150,67,0.052129452784427745
848,4,10,150,67,0.05957396506021444
849,4,10,150,67,0.0419387969316025
850,4,10,150,67,0.2721744638560368
851,4,10,150,67,0.06672653474572145
852,4,10,150,67,0.26227118260874954
853,4,10,150,67,0.0
854,4,10,150,67,0.0
855,4,10,150,67,0.0
856,4,10,150,67,0.037110354711564805
857,4,10,150,67,0.0
858,4,10,150,67,0.10250982096838526
859,4,10,150,67,0.05070263548706836
860,4,10,150,67,0.10848832312989015
861,4,10,150,67,0.06460834446248033
862,4,10,150,67,0.1020917570661543
863,4,10,150,67,0.06336841123297353
864,4,10,150,67,0.425317234482596
865,4,10,150,67,0.09772208899610854
866,4,10,150,67,0.16283687678415507
867,4,10,150,67,0.1858556726321321
868,4,10,150,67,0.22016382469088103
869,4,10,150,67,0.0587446084443979
870,4,10,150,67,0.25931088612412206
871,4,10,150,67,0.07012986265386374
872,4,10,150,67,0.02804794621397926
873,4,10,150,67,0.0
874,4,10,150,67,0.13944914190808633
875,4,10,150,67,0.11729943308729383
876,4,10,150,67,0.08671382849411972
877,4,10,150,67,0.0835317778614811
878,4,10,150,67,0.1706804422753891
879,4,10,150,67,0.03963466998423315
880,4,10,150,67,0.3445732598058896
881,4,10,150,67,0.11054522586032764
882,4,10,150,67,0.21288820648214166
883,4,10,150,67,0.31690275192249645
884,4,10,150,67,0.11407805705099587
885,4,10,150,67,0.04536087033637415
886,4,10,150,67,0.18865516929498924
887,4,10,150,67,0.1094937658838794
888,4,10,150,67,0.11625487663628292
889,4,10,150,67,0.011064116128833741
890,4,10,150,67,0.11434431442033766
891,4,10,150,67,0.10491091696774645
892,4,10,150,67,0.24490074955529342
893,4,10,150,67,0.10869735563398858
894,4,10,150,67,0.10422679527769595
895,4,10,150,67,0.0
896,4,10,150,67,0.2970456937938051
897,4,10,150,67,0.32131346811278166
898,4,10,150,67,0.0
899,4,10,150,67,0.05684415375822261
900,4,10,150,67,0.055315677011973347
901,4,10,150,67,0.19447772481984943
902,4,10,150,67,0.05978585424799658
903,4,10,150,67,0.23389434103643633
904,4,10,150,67,0.0
905,4,10,150,67,0.0
906,4,10,150,67,0.10407444169186962
907,4,10,150,67,0.04552366948252362
908,4,10,150,67,0.06892767477436933
909,4,10,150,67,0.0
910,4,10,150,67,0.0
911,4,10,150,67,0.13243052909755645
912,4,10,150,67,0.15575097056245804
913,4,10,150,67,0.07219927248779984
914,4,10,150,67,0.0
915,4,10,150,67,0.0
916,4,10,150,67,0.24335502166414957
917,4,10,150,67,0.0
918,4,10,150,67,0.043627084055128
919,4,10,150,67,0.09752605050159495
920,4,10,150,67,0.0
921,4,10,150,67,0.15405864814296488
922,4,10,150,67,0.1280645281724967
923,4,10,150,67,0.02142307850464013
924,4,10,150,67,0.018280262702529162
925,4,10,150,67,0.0
926,4,10,150,67,0.0
927,4,10,150,67,0.09447575046156538
928,4,10,150,67,0.1873259908039563
929,4,10,150,67,0.25163227912988373
930,4,10,150,67,0.032298243696638564
931,4,10,150,67,0.08679587898287541
932,4,10,150,67,0.27469553718602907
933,4,10,150,67,0.08953235157918321
934,4,10,150,67,0.10071040486185964
935,4,10,150,67,0.04173963774222741
936,4,10,150,67,0.1321191921354211
937,4,10,150,67,0.0
938,4,10,150,67,0.1482741018676109
939,4,10,150,67,0.02916862694666808
940,4,10,150,67,0.050684733114198
941,4,10,150,67,0.0
942,4,10,150,67,0.10504870308911567
943,4,10,150,67,0.20163692230838232
1,4,10,150,68,0.4058715898896693
2,4,10,150,68,0.06250343848035038
3,4,10,150,68,0.0
4,4,10,150,68,0.0
5,4,10,150,68,0.040209635547393256
6,4,10,150,68,0.27020011346731576
7,4,10,150,68,0.29136519416833906
8,4,10,150,68,0.0
9,4,10,150,68,0.21840743681816419
10,4,10,150,68,0.21491451057814584
11,4,10,150,68,0.1722584975122812
12,4,10,150,68,0.0
13,4,10,150,68,0.25245356061787777
14,4,10,150,68,0.03963175841995263
15,4,10,150,68,0.05010834716923557
16,4,10,150,68,0.053168340515114924
17,4,10,150,68,0.0
18,4,10,150,68,0.24724966735366713
19,4,10,150,68,0.0
20,4,10,150,68,0.0
21,4,10,150,68,0.0
22,4,10,150,68,0.11702382382650763
23,4,10,150,68,0.23682446174402746
24,4,10,150,68,0.0
25,4,10,150,68,0.12358102547512423
26,4,10,150,68,0.0
27,4,10,150,68,0.0
28,4,10,150,68,0.0
29,4,10,150,68,0.13455232720853103
30,4,10,150,68,0.0
31,4,10,150,68,0.0
32,4,10,150,68,0.0
33,4,10,150,68,0.0
35,4,10,150,68,0.10523285614729473
36,4,10,150,68,0.0
37,4,10,150,68,0.0
38,4,10,150,68,0.04739418218477539
39,4,10,150,68,0.0
40,4,10,150,68,0.10558114683788161
41,4,10,150,68,0.0
42,4,10,150,68,0.0683037314796457
43,4,10,150,68,0.22592974817952552
44,4,10,150,68,0.2044921015662719
45,4,10,150,68,0.05200670101006268
46,4,10,150,68,0.11284514134893527
47,4,10,150,68,0.06250343848035038
48,4,10,150,68,0.0
49,4,10,150,68,0.0
50,4,10,150,68,0.0
51,4,10,150,68,0.16812753627111746
52,4,10,150,68,0.0
54,4,10,150,68,0.0
56,4,10,150,68,0.20383503459815738
57,4,10,150,68,0.3030555992505742
58,4,10,150,68,0.3717269535737058
59,4,10,150,68,0.2378606442039324
60,4,10,150,68,0.1505674224523334
61,4,10,150,68,0.07763867093308688
62,4,10,150,68,0.08314631791322982
63,4,10,150,68,0.0
64,4,10,150,68,0.04238468688770069
65,4,10,150,68,0.13012668333070054
66,4,10,150,68,0.0
67,4,10,150,68,0.0
68,4,10,150,68,0.4827392464262081
69,4,10,150,68,0.07673373981757839
70,4,10,150,68,0.0
71,4,10,150,68,0.0
72,4,10,150,68,0.031239588460834872
73,4,10,150,68,0.0
74,4,10,150,68,0.0
75,4,10,150,68,0.049432410190049694
76,4,10,150,68,0.1301464707340554
77,4,10,150,68,0.10201115106436301
78,4,10,150,68,0.0
79,4,10,150,68,0.27487633291429087
80,4,10,150,68,0.0
81,4,10,150,68,0.0
82,4,10,150,68,0.19298623480417013
83,4,10,150,68,0.12089611529519323
84,4,10,150,68,0.05034889199379723
85,4,10,150,68,0.0
87,4,10,150,68,0.07100089300395272
89,4,10,150,68,0.2553387838830436
90,4,10,150,68,0.10247188479303698
91,4,10,150,68,0.05648147012627732
92,4,10,150,68,0.10542637391232386
93,4,10,150,68,0.0
94,4,10,150,68,0.12315199805289229
95,4,10,150,68,0.17287436926807473
96,4,10,150,68,0.10181164814261426
97,4,10,150,68,0.06462745615384195
98,4,10,150,68,0.0930297504356062
99,4,10,150,68,0.05658242244874664
100,4,10,150,68,0.0
101,4,10,150,68,0.0
102,4,10,150,68,0.02424726876918863
103,4,10,150,68,0.0
104,4,10,150,68,0.0
105,4,10,150,68,0.0
106,4,10,150,68,0.0
107,4,10,150,68,0.0
108,4,10,150,68,0.0
109,4,10,150,68,0.07103066762111539
110,4,10,150,68,0.0
111,4,10,150,68,0.0
112,4,10,150,68,0.05685954565780693
113,4,10,150,68,0.053168340515114924
114,4,10,150,68,0.0
115,4,10,150,68,0.10684080426179023
116,4,10,150,68,0.0
117,4,10,150,68,0.26646890433550474
118,4,10,150,68,0.0
119,4,10,150,68,0.2063582228182277
120,4,10,150,68,0.0
121,4,10,150,68,0.271985059917519
122,4,10,150,68,0.1530100230930498
123,4,10,150,68,0.07386004580671933
125,4,10,150,68,0.12702645795516354
126,4,10,150,68,0.06911917000496234
127,4,10,150,68,0.1678437907858252
128,4,10,150,68,0.05750548798281727
129,4,10,150,68,0.0
130,4,10,150,68,0.17988759512424388
131,4,10,150,68,0.06556385272536247
133,4,10,150,68,0.11047239495909743
134,4,10,150,68,0.0
135,4,10,150,68,0.0
137,4,10,150,68,0.1371200812351206
138,4,10,150,68,0.0
139,4,10,150,68,0.0
141,4,10,150,68,0.0
142,4,10,150,68,0.13373003436102654
143,4,10,150,68,0.1208996448617798
144,4,10,150,68,0.1227945149537572
145,4,10,150,68,0.1075804523117992
146,4,10,150,68,0.0
148,4,10,150,68,0.10461537305334957
149,4,10,150,68,0.0
150,4,10,150,68,0.10235170428306553
151,4,10,150,68,0.06298430394440727
152,4,10,150,68,0.040655755922716606
153,4,10,150,68,0.0
154,4,10,150,68,0.06372882143962796
155,4,10,150,68,0.0
156,4,10,150,68,0.0
158,4,10,150,68,0.17575552384613552
159,4,10,150,68,0.03310852000739229
160,4,10,150,68,0.0
161,4,10,150,68,0.0
162,4,10,150,68,0.0
163,4,10,150,68,0.0
164,4,10,150,68,0.0
165,4,10,150,68,0.12114889742360979
166,4,10,150,68,0.0
167,4,10,150,68,0.0
168,4,10,150,68,0.23504554941448536
169,4,10,150,68,0.06416923277158361
170,4,10,150,68,0.0
171,4,10,150,68,0.0
172,4,10,150,68,0.0
173,4,10,150,68,0.05840183867278569
174,4,10,150,68,0.08712841477105211
175,4,10,150,68,0.0
176,4,10,150,68,0.09511409151391914
177,4,10,150,68,0.06912040963822193
178,4,10,150,68,0.2437589399037192
179,4,10,150,68,0.06723507268634088
180,4,10,150,68,0.12262943855309168
181,4,10,150,68,0.01719677167528726
182,4,10,150,68,0.0
183,4,10,150,68,0.0
184,4,10,150,68,0.09303069037986347
185,4,10,150,68,0.07745351606183934
186,4,10,150,68,0.22147164648185297
187,4,10,150,68,0.08625091781054979
188,4,10,150,68,0.054384419234677496
189,4,10,150,68,0.23042891886703956
190,4,10,150,68,0.10699313236726378
191,4,10,150,68,0.0
192,4,10,150,68,0.0
193,4,10,150,68,0.0
194,4,10,150,68,0.07852068532356982
195,4,10,150,68,0.0
196,4,10,150,68,0.0
197,4,10,150,68,0.05576624569167862
198,4,10,150,68,0.0
199,4,10,150,68,0.0
200,4,10,150,68,0.11302970636219896
201,4,10,150,68,0.03487978243545732
203,4,10,150,68,0.0
204,4,10,150,68,0.0
205,4,10,150,68,0.0
206,4,10,150,68,0.0
207,4,10,150,68,0.050513241088636716
209,4,10,150,68,0.0
210,4,10,150,68,0.09440608278107551
211,4,10,150,68,0.0
212,4,10,150,68,0.12681701683239352
213,4,10,150,68,0.2384146878320104
214,4,10,150,68,0.056720838976548935
215,4,10,150,68,0.0
216,4,10,150,68,0.03497205398870122
217,4,10,150,68,0.0
218,4,10,150,68,0.19092086617893467
219,4,10,150,68,0.0
221,4,10,150,68,0.3375735570145491
222,4,10,150,68,0.12476107276951183
223,4,10,150,68,0.03870447337439288
224,4,10,150,68,0.0
225,4,10,150,68,0.0
226,4,10,150,68,0.08080765379783027
227,4,10,150,68,0.0
228,4,10,150,68,0.0
229,4,10,150,68,0.0
230,4,10,150,68,0.23712439662683835
231,4,10,150,68,0.0
232,4,10,150,68,0.3234992853586256
233,4,10,150,68,0.0968152409481219
234,4,10,150,68,0.06411917231744522
235,4,10,150,68,0.06065881345112158
236,4,10,150,68,0.0
237,4,10,150,68,0.0
238,4,10,150,68,0.0
239,4,10,150,68,0.11792279130466408
240,4,10,150,68,0.05497526658285817
242,4,10,150,68,0.0
243,4,10,150,68,0.09267768927614353
244,4,10,150,68,0.15765545519871427
245,4,10,150,68,0.10704534003732354
246,4,10,150,68,0.11120150311654428
247,4,10,150,68,0.0
248,4,10,150,68,0.14830051302014485
249,4,10,150,68,0.31180658179892495
250,4,10,150,68,0.3503302816689379
251,4,10,150,68,0.0
252,4,10,150,68,0.0
253,4,10,150,68,0.05954496680255472
254,4,10,150,68,0.0
255,4,10,150,68,0.0
256,4,10,150,68,0.16583176898817792
257,4,10,150,68,0.3305900772260718
258,4,10,150,68,0.0
259,4,10,150,68,0.0
260,4,10,150,68,0.0
261,4,10,150,68,0.0
262,4,10,150,68,0.0
263,4,10,150,68,0.12774011823457565
264,4,10,150,68,0.05840183867278569
265,4,10,150,68,0.10209739512291163
267,4,10,150,68,0.09794101962538232
268,4,10,150,68,0.11115843078994621
269,4,10,150,68,0.13223875150584097
270,4,10,150,68,0.046726672111120165
271,4,10,150,68,0.12276482551434069
272,4,10,150,68,0.14498698048571354
273,4,10,150,68,0.0
274,4,10,150,68,0.0
275,4,10,150,68,0.04605780568615433
276,4,10,150,68,0.20223032365941937
277,4,10,150,68,0.0
279,4,10,150,68,0.06493409231178052
280,4,10,150,68,0.03337620304869898
281,4,10,150,68,0.0
283,4,10,150,68,0.1292258709239571
284,4,10,150,68,0.0
285,4,10,150,68,0.1185995982858366
286,4,10,150,68,0.3005968627632655
287,4,10,150,68,0.11352455583778437
288,4,10,150,68,0.12538054736008386
289,4,10,150,68,0.13905617951077562
290,4,10,150,68,0.0
291,4,10,150,68,0.23494592513118112
292,4,10,150,68,0.08933583385868532
293,4,10,150,68,0.21672523003959007
294,4,10,150,68,0.04123398036294628
295,4,10,150,68,0.2670961153715764
296,4,10,150,68,0.5087533365407171
297,4,10,150,68,0.13535082686131417
298,4,10,150,68,0.19947114504638494
299,4,10,150,68,0.0
300,4,10,150,68,0.0
301,4,10,150,68,0.047934103497110726
303,4,10,150,68,0.10429171540620567
304,4,10,150,68,0.0
305,4,10,150,68,0.31514747987601716
306,4,10,150,68,0.0
307,4,10,150,68,0.1383141340724969
308,4,10,150,68,0.19205342317019936
309,4,10,150,68,0.0
310,4,10,150,68,0.0
311,4,10,150,68,0.08938791352906189
312,4,10,150,68,0.14069579419580536
313,4,10,150,68,0.14465709645474623
314,4,10,150,68,0.20285519102295546
315,4,10,150,68,0.0
316,4,10,150,68,0.04568304891751105
317,4,10,150,68,0.0
318,4,10,150,68,0.13815200906377123
319,4,10,150,68,0.0
320,4,10,150,68,0.0
321,4,10,150,68,0.062242588308449316
322,4,10,150,68,0.17342765698823945
323,4,10,150,68,0.14126697285982898
324,4,10,150,68,0.0
325,4,10,150,68,0.0
326,4,10,150,68,0.0634222181618871
327,4,10,150,68,0.0
328,4,10,150,68,0.1437524526514495
329,4,10,150,68,0.0
330,4,10,150,68,0.0536466452928127
331,4,10,150,68,0.16958010263680806
332,4,10,150,68,0.024647523009140075
333,4,10,150,68,0.0
334,4,10,150,68,0.07058424671826317
336,4,10,150,68,0.0
337,4,10,150,68,0.16716045496620227
338,4,10,150,68,0.05005165434923901
339,4,10,150,68,0.1344957225763306
340,4,10,150,68,0.0
341,4,10,150,68,0.0
342,4,10,150,68,0.2625072992734236
343,4,10,150,68,0.28732332399638805
344,4,10,150,68,0.23832550406045652
345,4,10,150,68,0.056149696530797676
346,4,10,150,68,0.13947804593499064
347,4,10,150,68,0.08705643551438974
348,4,10,150,68,0.071942683897578
349,4,10,150,68,0.07673373981757839
350,4,10,150,68,0.2065896325117088
351,4,10,150,68,0.0
352,4,10,150,68,0.0
353,4,10,150,68,0.0
354,4,10,150,68,0.051249224710132255
355,4,10,150,68,0.0
356,4,10,150,68,0.08406376813555873
357,4,10,150,68,0.05006331611131463
358,4,10,150,68,0.20438239758848611
359,4,10,150,68,0.0
360,4,10,150,68,0.06752012359727312
361,4,10,150,68,0.09622728274290568
362,4,10,150,68,0.0
363,4,10,150,68,0.2000219371064626
364,4,10,150,68,0.0
365,4,10,150,68,0.0
366,4,10,150,68,0.0
367,4,10,150,68,0.0
368,4,10,150,68,0.0
369,4,10,150,68,0.0
370,4,10,150,68,0.13479984916817475
371,4,10,150,68,0.22569563125869263
372,4,10,150,68,0.0
373,4,10,150,68,0.062173010658778456
374,4,10,150,68,0.06834943074719504
375,4,10,150,68,0.0
376,4,10,150,68,0.0
377,4,10,150,68,0.08010929472340098
378,4,10,150,68,0.16448029476168333
379,4,10,150,68,0.14951641492682458
380,4,10,150,68,0.0
381,4,10,150,68,0.05105625351125917
382,4,10,150,68,0.0
383,4,10,150,68,0.04838338183089434
384,4,10,150,68,0.0
385,4,10,150,68,0.0
386,4,10,150,68,0.0
387,4,10,150,68,0.11497906462099297
388,4,10,150,68,0.04511904280884329
389,4,10,150,68,0.15765400236591215
390,4,10,150,68,0.0
391,4,10,150,68,0.2137247802747043
392,4,10,150,68,0.056679935917756406
393,4,10,150,68,0.054235696447924676
394,4,10,150,68,0.11073655428626575
395,4,10,150,68,0.09179488000267515
396,4,10,150,68,0.0
397,4,10,150,68,0.2710147943938467
398,4,10,150,68,0.18852571653533698
399,4,10,150,68,0.04732425758521323
400,4,10,150,68,0.0
401,4,10,150,68,0.0
402,4,10,150,68,0.08963222225173058
403,4,10,150,68,0.0854499779566911
404,4,10,150,68,0.0
405,4,10,150,68,0.0720749796980773
406,4,10,150,68,0.20956416940551098
407,4,10,150,68,0.06232415948793755
408,4,10,150,68,0.0
409,4,10,150,68,0.12740448328320192
410,4,10,150,68,0.0
411,4,10,150,68,0.0
412,4,10,150,68,0.0
413,4,10,150,68,0.041646268351119564
414,4,10,150,68,0.0
415,4,10,150,68,0.15103391472831218
416,4,10,150,68,0.2200039995691806
417,4,10,150,68,0.09850508837083022
418,4,10,150,68,0.0
419,4,10,150,68,0.1208113026994942
420,4,10,150,68,0.06052048269976269
421,4,10,150,68,0.19620555836557932
422,4,10,150,68,0.07550298029238112
423,4,10,150,68,0.053845569940583225
424,4,10,150,68,0.2766918177656049
425,4,10,150,68,0.1674157226455415
426,4,10,150,68,0.040759261617270684
427,4,10,150,68,0.0
428,4,10,150,68,0.04415960465480069
429,4,10,150,68,0.14355264986043786
430,4,10,150,68,0.0
431,4,10,150,68,0.0
432,4,10,150,68,0.05789711601244791
433,4,10,150,68,0.05780921899607981
434,4,10,150,68,0.20778267687568405
435,4,10,150,68,0.17195543683824452
436,4,10,150,68,0.0
437,4,10,150,68,0.10867290175167639
438,4,10,150,68,0.0
439,4,10,150,68,0.10863976191957724
440,4,10,150,68,0.0
441,4,10,150,68,0.07736100002633538
442,4,10,150,68,0.040949887133979804
443,4,10,150,68,0.06783204105472322
444,4,10,150,68,0.1312721899408984
445,4,10,150,68,0.0
446,4,10,150,68,0.0
447,4,10,150,68,0.16246725303708914
448,4,10,150,68,0.0
449,4,10,150,68,0.1882329728596757
450,4,10,150,68,0.26389018093549726
451,4,10,150,68,0.06148915918944534
452,4,10,150,68,0.10773098771530253
453,4,10,150,68,0.0
454,4,10,150,68,0.0
455,4,10,150,68,0.0799090051133151
456,4,10,150,68,0.018650043077523788
457,4,10,150,68,0.2974024120042739
458,4,10,150,68,0.06982799741808067
459,4,10,150,68,0.0
460,4,10,150,68,0.05184030722866645
461,4,10,150,68,0.0
462,4,10,150,68,0.0
463,4,10,150,68,0.11987424504051505
464,4,10,150,68,0.0
465,4,10,150,68,0.0
466,4,10,150,68,0.0
467,4,10,150,68,0.07807600999842033
468,4,10,150,68,0.11455543964849552
469,4,10,150,68,0.05165643482805862
470,4,10,150,68,0.0
471,4,10,150,68,0.0
472,4,10,150,68,0.09001362813522405
473,4,10,150,68,0.06140244428718695
474,4,10,150,68,0.22446242051797097
475,4,10,150,68,0.0
476,4,10,150,68,0.0
477,4,10,150,68,0.0
478,4,10,150,68,0.2345109835167376
479,4,10,150,68,0.10172348796286074
480,4,10,150,68,0.0741070054529978
481,4,10,150,68,0.13102204196909084
482,4,10,150,68,0.0
483,4,10,150,68,0.05658242244874664
484,4,10,150,68,0.2723783861819967
485,4,10,150,68,0.0
486,4,10,150,68,0.0
487,4,10,150,68,0.08199193156683765
488,4,10,150,68,0.0
489,4,10,150,68,0.0
490,4,10,150,68,0.0
491,4,10,150,68,0.14208678740137623
492,4,10,150,68,0.0
493,4,10,150,68,0.1475552329391869
494,4,10,150,68,0.0
495,4,10,150,68,0.16394836376720962
496,4,10,150,68,0.047739744220948385
497,4,10,150,68,0.06371155798374943
498,4,10,150,68,0.0
499,4,10,150,68,0.05075938465928585
500,4,10,150,68,0.09541527213731128
501,4,10,150,68,0.0
502,4,10,150,68,0.0
503,4,10,150,68,0.07192387398891865
504,4,10,150,68,0.08148269775823089
505,4,10,150,68,0.07379217622092994
506,4,10,150,68,0.13198367414767273
507,4,10,150,68,0.05319635904163211
508,4,10,150,68,0.0
509,4,10,150,68,0.0
510,4,10,150,68,0.0
511,4,10,150,68,0.08495943917278885
512,4,10,150,68,0.05478392673173268
513,4,10,150,68,0.0
514,4,10,150,68,0.27252722616773445
515,4,10,150,68,0.11706259313796354
516,4,10,150,68,0.0
517,4,10,150,68,0.08878770367712427
518,4,10,150,68,0.0
519,4,10,150,68,0.0
520,4,10,150,68,0.0
521,4,10,150,68,0.09850628252086785
522,4,10,150,68,0.12524561954372188
523,4,10,150,68,0.032114893884379984
524,4,10,150,68,0.1283825351773177
525,4,10,150,68,0.0
526,4,10,150,68,0.15355181494703254
527,4,10,150,68,0.1636135858112592
528,4,10,150,68,0.10209739512291163
529,4,10,150,68,0.0
530,4,10,150,68,0.0
531,4,10,150,68,0.1517763576041802
532,4,10,150,68,0.2633677187406756
533,4,10,150,68,0.11557545112991054
534,4,10,150,68,0.1046638363823608
535,4,10,150,68,0.13889821983463596
536,4,10,150,68,0.15105160768725473
537,4,10,150,68,0.32908609943620476
538,4,10,150,68,0.14697776980950736
539,4,10,150,68,0.04478826142555715
540,4,10,150,68,0.0
541,4,10,150,68,0.0586415067779619
542,4,10,150,68,0.049033875503285806
543,4,10,150,68,0.04953295293703468
544,4,10,150,68,0.05282936728943967
545,4,10,150,68,0.02244213465825961
546,4,10,150,68,0.05758752804519195
547,4,10,150,68,0.0
548,4,10,150,68,0.12908029235254362
549,4,10,150,68,0.0
550,4,10,150,68,0.04785685030080952
551,4,10,150,68,0.0910925691220798
552,4,10,150,68,0.1205344274731702
553,4,10,150,68,0.07411563356774664
554,4,10,150,68,0.12627825946936164
555,4,10,150,68,0.0
556,4,10,150,68,0.07660623398069263
557,4,10,150,68,0.031742154565302834
558,4,10,150,68,0.08878770367712427
559,4,10,150,68,0.07221175124961293
560,4,10,150,68,0.09375790921485552
561,4,10,150,68,0.09638458631880664
562,4,10,150,68,0.07930308311174379
563,4,10,150,68,0.0
564,4,10,150,68,0.15437610727371853
565,4,10,150,68,0.0
566,4,10,150,68,0.03579489106983033
567,4,10,150,68,0.1471381878632886
568,4,10,150,68,0.036155150901276155
569,4,10,150,68,0.18299769260789403
570,4,10,150,68,0.0
571,4,10,150,68,0.04988426711147283
572,4,10,150,68,0.16812753627111746
573,4,10,150,68,0.06437746926759551
574,4,10,150,68,0.051811563545175146
575,4,10,150,68,0.0
576,4,10,150,68,0.0
577,4,10,150,68,0.20541190363713152
578,4,10,150,68,0.05006331611131463
579,4,10,150,68,0.0
580,4,10,150,68,0.1471734367352052
581,4,10,150,68,0.09893005350346888
582,4,10,150,68,0.03190895161277091
583,4,10,150,68,0.0
584,4,10,150,68,0.06323567569191428
585,4,10,150,68,0.04173963774222741
586,4,10,150,68,0.05786021189691368
587,4,10,150,68,0.019492972026130224
588,4,10,150,68,0.13560342958033234
589,4,10,150,68,0.0
590,4,10,150,68,0.053845569940583225
591,4,10,150,68,0.0
592,4,10,150,68,0.33468693086683343
593,4,10,150,68,0.07711036365720102
594,4,10,150,68,0.0
595,4,10,150,68,0.10296141646738245
596,4,10,150,68,0.0
597,4,10,150,68,0.27101620591530523
598,4,10,150,68,0.0684591776394769
599,4,10,150,68,0.0
600,4,10,150,68,0.09197011795311534
601,4,10,150,68,0.0
602,4,10,150,68,0.0
603,4,10,150,68,0.0
604,4,10,150,68,0.0
605,4,10,150,68,0.23939908411991156
606,4,10,150,68,0.16168049407206384
607,4,10,150,68,0.08673473912838402
608,4,10,150,68,0.10661266864439813
609,4,10,150,68,0.0
610,4,10,150,68,0.19303241878686786
611,4,10,150,68,0.07624568872860434
612,4,10,150,68,0.0
613,4,10,150,68,0.08385150490449667
614,4,10,150,68,0.0
615,4,10,150,68,0.04919117729584568
616,4,10,150,68,0.03618657486793958
617,4,10,150,68,0.0
618,4,10,150,68,0.1281253572826617
619,4,10,150,68,0.12363660028711727
620,4,10,150,68,0.14012037550990028
621,4,10,150,68,0.11278207190006835
622,4,10,150,68,0.18241748250491993
623,4,10,150,68,0.17494254380936963
624,4,10,150,68,0.06626749824739844
625,4,10,150,68,0.0
626,4,10,150,68,0.06228974831361337
627,4,10,150,68,0.06945233499530101
628,4,10,150,68,0.0
629,4,10,150,68,0.14360653209080107
630,4,10,150,68,0.15874779570678058
631,4,10,150,68,0.0
632,4,10,150,68,0.12112269717167994
633,4,10,150,68,0.11499138576948859
634,4,10,150,68,0.022104381789790163
635,4,10,150,68,0.04546401530948942
636,4,10,150,68,0.11426572661305327
637,4,10,150,68,0.01928973283308616
638,4,10,150,68,0.09712868482236708
639,4,10,150,68,0.03138892079718151
640,4,10,150,68,0.10536866733091729
641,4,10,150,68,0.07675099783970546
642,4,10,150,68,0.12986378847988347
643,4,10,150,68,0.11071279041815515
644,4,10,150,68,0.04935421935348238
645,4,10,150,68,0.16158259063789654
646,4,10,150,68,0.0
647,4,10,150,68,0.05363388010108191
648,4,10,150,68,0.13567588795248867
649,4,10,150,68,0.15489949502599
650,4,10,150,68,0.07585415354555362
651,4,10,150,68,0.0
652,4,10,150,68,0.08156220960446063
653,4,10,150,68,0.10332452096905353
654,4,10,150,68,0.21255442687635834
655,4,10,150,68,0.1981079388877155
656,4,10,150,68,0.07397229644086958
657,4,10,150,68,0.04140815094666367
658,4,10,150,68,0.2625403796417579
659,4,10,150,68,0.08781544355121487
660,4,10,150,68,0.07682040659958697
661,4,10,150,68,0.08605775303302886
662,4,10,150,68,0.0512644431393966
663,4,10,150,68,0.24026856780584893
664,4,10,150,68,0.28517362059082263
665,4,10,150,68,0.0
666,4,10,150,68,0.1815869854325924
667,4,10,150,68,0.28468511714771283
668,4,10,150,68,0.06194403202282284
669,4,10,150,68,0.1348578320198433
670,4,10,150,68,0.06613087842005526
671,4,10,150,68,0.19261980316946112
672,4,10,150,68,0.03603026685992244
673,4,10,150,68,0.14837758007547783
674,4,10,150,68,0.11338915993603582
675,4,10,150,68,0.0
676,4,10,150,68,0.19009456031551833
677,4,10,150,68,0.03314040476303028
678,4,10,150,68,0.03824432123396675
679,4,10,150,68,0.15527711509166947
680,4,10,150,68,0.11377863936243801
681,4,10,150,68,0.0
682,4,10,150,68,0.13507028380798528
683,4,10,150,68,0.0
684,4,10,150,68,0.06573003977381581
685,4,10,150,68,0.1906465758273748
686,4,10,150,68,0.09705739754002543
687,4,10,150,68,0.0
688,4,10,150,68,0.0
689,4,10,150,68,0.21046485047453145
690,4,10,150,68,0.07914701567910001
691,4,10,150,68,0.09842092178212862
692,4,10,150,68,0.1753901755134814
693,4,10,150,68,0.0
694,4,10,150,68,0.23168793043092825
695,4,10,150,68,0.0
696,4,10,150,68,0.039725595076707886
697,4,10,150,68,0.04239477130634912
698,4,10,150,68,0.041937660325009396
699,4,10,150,68,0.06339169989706635
700,4,10,150,68,0.12729890218214104
701,4,10,150,68,0.03902876023380719
702,4,10,150,68,0.037715680681715956
703,4,10,150,68,0.11918688501400482
704,4,10,150,68,0.23659106617286202
705,4,10,150,68,0.2122026070505732
706,4,10,150,68,0.04395738023645723
707,4,10,150,68,0.04948628183750615
708,4,10,150,68,0.07186325791519563
709,4,10,150,68,0.13472082394875662
710,4,10,150,68,0.10695361352497157
711,4,10,150,68,0.1894234186432251
712,4,10,150,68,0.15511023313323485
713,4,10,150,68,0.1468735732232516
714,4,10,150,68,0.03441184191455828
715,4,10,150,68,0.0
716,4,10,150,68,0.2240858587195
717,4,10,150,68,0.09054670163637572
718,4,10,150,68,0.035328385129692476
719,4,10,150,68,0.09883437846193516
720,4,10,150,68,0.0
721,4,10,150,68,0.1626199557578681
722,4,10,150,68,0.06556429791586475
723,4,10,150,68,0.0
724,4,10,150,68,0.0
725,4,10,150,68,0.0
726,4,10,150,68,0.05010834716923557
727,4,10,150,68,0.13457772049751626
728,4,10,150,68,0.09627818061559096
729,4,10,150,68,0.0
730,4,10,150,68,0.02601736765943984
731,4,10,150,68,0.13032711631493252
732,4,10,150,68,0.0
733,4,10,150,68,0.14514596345398123
734,4,10,150,68,0.0
735,4,10,150,68,0.0
736,4,10,150,68,0.03351972906068008
737,4,10,150,68,0.1138970555583582
738,4,10,150,68,0.13922998739868644
739,4,10,150,68,0.03855307727568851
740,4,10,150,68,0.0
741,4,10,150,68,0.05358697798864893
742,4,10,150,68,0.0488929053971083
743,4,10,150,68,0.0690623255281084
744,4,10,150,68,0.03596673601130318
745,4,10,150,68,0.03520132288421838
746,4,10,150,68,0.25743994347908983
747,4,10,150,68,0.40109041949777596
748,4,10,150,68,0.09621648119325965
749,4,10,150,68,0.1420527841023718
750,4,10,150,68,0.07184731398235064
751,4,10,150,68,0.08071904958160675
752,4,10,150,68,0.023242424817620892
753,4,10,150,68,0.15780803084928155
754,4,10,150,68,0.0
755,4,10,150,68,0.03855371268423985
756,4,10,150,68,0.031104745345423533
757,4,10,150,68,0.0
758,4,10,150,68,0.25705667586218495
759,4,10,150,68,0.08145040004058159
760,4,10,150,68,0.03004859059698017
761,4,10,150,68,0.06869287000000811
762,4,10,150,68,0.051960280791503534
763,4,10,150,68,0.04542386553984721
764,4,10,150,68,0.08946696896639536
765,4,10,150,68,0.15066101840234988
766,4,10,150,68,0.023823431574733288
767,4,10,150,68,0.13884445379214724
768,4,10,150,68,0.08438032815655525
769,4,10,150,68,0.0
770,4,10,150,68,0.21464739068424896
771,4,10,150,68,0.32869562799119006
772,4,10,150,68,0.17356150297482983
773,4,10,150,68,0.08696710392235718
774,4,10,150,68,0.059756210105473925
775,4,10,150,68,0.038478285726379145
776,4,10,150,68,0.15403842856019037
777,4,10,150,68,0.0
778,4,10,150,68,0.1631238413472767
779,4,10,150,68,0.0
780,4,10,150,68,0.07672775543002532
781,4,10,150,68,0.2016539629141292
782,4,10,150,68,0.041215133923289356
783,4,10,150,68,0.0
784,4,10,150,68,0.029814614753779622
785,4,10,150,68,0.0
786,4,10,150,68,0.0
787,4,10,150,68,0.0
788,4,10,150,68,0.24114852797299569
789,4,10,150,68,0.08809718769055445
790,4,10,150,68,0.010453939238247768
791,4,10,150,68,0.04465281017341861
792,4,10,150,68,0.08944329533390502
793,4,10,150,68,0.0
794,4,10,150,68,0.04108065887337468
795,4,10,150,68,0.034092229848757476
796,4,10,150,68,0.34706142630392955
797,4,10,150,68,0.11278903329502893
798,4,10,150,68,0.03957420784463193
799,4,10,150,68,0.0
800,4,10,150,68,0.03244993904038569
801,4,10,150,68,0.1561471668577559
802,4,10,150,68,0.06960082070980815
803,4,10,150,68,0.10569353498973794
804,4,10,150,68,0.12846884223021948
805,4,10,150,68,0.11268891994497858
806,4,10,150,68,0.2959152150106387
807,4,10,150,68,0.1131447245135955
808,4,10,150,68,0.1025417224926713
809,4,10,150,68,0.10356976056061801
810,4,10,150,68,0.0
811,4,10,150,68,0.0
812,4,10,150,68,0.03260477305529222
813,4,10,150,68,0.0
814,4,10,150,68,0.034616222155696735
815,4,10,150,68,0.2054340689700924
816,4,10,150,68,0.0
817,4,10,150,68,0.0
818,4,10,150,68,0.05516788910004661
819,4,10,150,68,0.037210602758860095
820,4,10,150,68,0.0787987754690289
821,4,10,150,68,0.302950268110492
822,4,10,150,68,0.028653609888707104
823,4,10,150,68,0.18627566384384564
824,4,10,150,68,0.05046096657376444
825,4,10,150,68,0.08238190489603152
826,4,10,150,68,0.14101060791647543
827,4,10,150,68,0.0
828,4,10,150,68,0.05745618865524075
829,4,10,150,68,0.1751347628439014
830,4,10,150,68,0.20443782642227196
831,4,10,150,68,0.21058943716644085
832,4,10,150,68,0.0
833,4,10,150,68,0.16406934860922875
834,4,10,150,68,0.2706897351446418
835,4,10,150,68,0.17041307832807873
836,4,10,150,68,0.20050437359357948
837,4,10,150,68,0.05665916465450996
838,4,10,150,68,0.27895398740912175
839,4,10,150,68,0.10730655186373157
840,4,10,150,68,0.3410771738054534
841,4,10,150,68,0.06507217400164225
842,4,10,150,68,0.03947561302344988
843,4,10,150,68,0.0
844,4,10,150,68,0.05872188515498603
845,4,10,150,68,0.0
846,4,10,150,68,0.3720789005463779
847,4,10,150,68,0.05159417641535945
848,4,10,150,68,0.05957396506021444
849,4,10,150,68,0.0419387969316025
850,4,10,150,68,0.2721744638560368
851,4,10,150,68,0.06604137241749021
852,4,10,150,68,0.26227118260874954
853,4,10,150,68,0.0
854,4,10,150,68,0.010268213849890856
855,4,10,150,68,0.0
856,4,10,150,68,0.037110354711564805
857,4,10,150,68,0.0
858,4,10,150,68,0.10250982096838526
859,4,10,150,68,0.05070263548706836
860,4,10,150,68,0.10848832312989015
861,4,10,150,68,0.06460834446248033
862,4,10,150,68,0.10104345707228791
863,4,10,150,68,0.06336841123297353
864,4,10,150,68,0.42094998616488455
865,4,10,150,68,0.09772208899610854
866,4,10,150,68,0.16283687678415507
867,4,10,150,68,0.1858556726321321
868,4,10,150,68,0.21790313545694517
869,4,10,150,68,0.0587446084443979
870,4,10,150,68,0.25664822649179486
871,4,10,150,68,0.07012986265386374
872,4,10,150,68,0.02804794621397926
873,4,10,150,68,0.0
874,4,10,150,68,0.13944914190808633
875,4,10,150,68,0.11729943308729383
876,4,10,150,68,0.08671382849411972
877,4,10,150,68,0.0835317778614811
878,4,10,150,68,0.1706804422753891
879,4,10,150,68,0.03963466998423315
880,4,10,150,68,0.3410351078872487
881,4,10,150,68,0.1094101238411093
882,4,10,150,68,0.21288820648214166
883,4,10,150,68,0.3136487266961373
884,4,10,150,68,0.11407805705099587
885,4,10,150,68,0.04536087033637415
886,4,10,150,68,0.1867180176727809
887,4,10,150,68,0.10836946048055383
888,4,10,150,68,0.11625487663628292
889,4,10,150,68,0.010950507418362848
890,4,10,150,68,0.11434431442033766
891,4,10,150,68,0.10491091696774645
892,4,10,150,68,0.2423860562868611
893,4,10,150,68,0.10869735563398858
894,4,10,150,68,0.10315657225489576
895,4,10,150,68,0.0
896,4,10,150,68,0.3042637789366319
897,4,10,150,68,0.3180141527093495
898,4,10,150,68,0.0
899,4,10,150,68,0.05684415375822261
900,4,10,150,68,0.055315677011973347
901,4,10,150,68,0.19447772481984943
902,4,10,150,68,0.05978585424799658
903,4,10,150,68,0.23389434103643633
904,4,10,150,68,0.0
905,4,10,150,68,0.0
906,4,10,150,68,0.10407444169186962
907,4,10,150,68,0.04552366948252362
908,4,10,150,68,0.06892767477436933
909,4,10,150,68,0.0
910,4,10,150,68,0.0
911,4,10,150,68,0.13243052909755645
912,4,10,150,68,0.17642343579737088
913,4,10,150,68,0.07219927248779984
914,4,10,150,68,0.0
915,4,10,150,68,0.0
916,4,10,150,68,0.24085620026025725
917,4,10,150,68,0.0
918,4,10,150,68,0.043627084055128
919,4,10,150,68,0.09652463215910931
920,4,10,150,68,0.0
921,4,10,150,68,0.15405864814296488
922,4,10,150,68,0.1280645281724967
923,4,10,150,68,0.02142307850464013
924,4,10,150,68,0.018280262702529162
925,4,10,150,68,0.0
926,4,10,150,68,0.0
927,4,10,150,68,0.09447575046156538
928,4,10,150,68,0.1873259908039563
929,4,10,150,68,0.25163227912988373
930,4,10,150,68,0.032298243696638564
931,4,10,150,68,0.08679587898287541
932,4,10,150,68,0.27187490466659225
933,4,10,150,68,0.10172961534962659
934,4,10,150,68,0.10071040486185964
935,4,10,150,68,0.04173963774222741
936,4,10,150,68,0.1321191921354211
937,4,10,150,68,0.0
938,4,10,150,68,0.1661428141234511
939,4,10,150,68,0.02916862694666808
940,4,10,150,68,0.050684733114198
941,4,10,150,68,0.0
942,4,10,150,68,0.10504870308911567
943,4,10,150,68,0.20163692230838232
1,4,10,150,69,0.4058715898896693
2,4,10,150,69,0.06250343848035038
3,4,10,150,69,0.0
4,4,10,150,69,0.0
5,4,10,150,69,0.040209635547393256
6,4,10,150,69,0.27020011346731576
7,4,10,150,69,0.29136519416833906
8,4,10,150,69,0.0
9,4,10,150,69,0.21840743681816419
10,4,10,150,69,0.21491451057814584
11,4,10,150,69,0.1722584975122812
12,4,10,150,69,0.0
13,4,10,150,69,0.24989626280021487
14,4,10,150,69,0.03963175841995263
15,4,10,150,69,0.05010834716923557
16,4,10,150,69,0.053168340515114924
17,4,10,150,69,0.0
18,4,10,150,69,0.24724966735366713
19,4,10,150,69,0.0
20,4,10,150,69,0.0
21,4,10,150,69,0.0
22,4,10,150,69,0.11702382382650763
23,4,10,150,69,0.23682446174402746
24,4,10,150,69,0.0
25,4,10,150,69,0.12358102547512423
26,4,10,150,69,0.0
27,4,10,150,69,0.0
28,4,10,150,69,0.0
29,4,10,150,69,0.13455232720853103
30,4,10,150,69,0.0
31,4,10,150,69,0.0
32,4,10,150,69,0.0
33,4,10,150,69,0.0
35,4,10,150,69,0.10523285614729473
36,4,10,150,69,0.0
37,4,10,150,69,0.0
38,4,10,150,69,0.04739418218477539
39,4,10,150,69,0.0
40,4,10,150,69,0.10558114683788161
41,4,10,150,69,0.0
42,4,10,150,69,0.0683037314796457
43,4,10,150,69,0.22592974817952552
44,4,10,150,69,0.2044921015662719
45,4,10,150,69,0.05200670101006268
46,4,10,150,69,0.11284514134893527
47,4,10,150,69,0.06250343848035038
48,4,10,150,69,0.0
49,4,10,150,69,0.0
50,4,10,150,69,0.0
51,4,10,150,69,0.16812753627111746
52,4,10,150,69,0.0
54,4,10,150,69,0.0
56,4,10,150,69,0.20383503459815738
57,4,10,150,69,0.3030555992505742
58,4,10,150,69,0.3717269535737058
59,4,10,150,69,0.2378606442039324
60,4,10,150,69,0.1505674224523334
61,4,10,150,69,0.07763867093308688
62,4,10,150,69,0.08314631791322982
63,4,10,150,69,0.0
64,4,10,150,69,0.04238468688770069
65,4,10,150,69,0.13012668333070054
66,4,10,150,69,0.0
67,4,10,150,69,0.0
68,4,10,150,69,0.4827392464262081
69,4,10,150,69,0.07673373981757839
70,4,10,150,69,0.0
71,4,10,150,69,0.0
72,4,10,150,69,0.031239588460834872
73,4,10,150,69,0.0
74,4,10,150,69,0.0
75,4,10,150,69,0.049432410190049694
76,4,10,150,69,0.1301464707340554
77,4,10,150,69,0.10201115106436301
78,4,10,150,69,0.0
79,4,10,150,69,0.27487633291429087
80,4,10,150,69,0.0
81,4,10,150,69,0.0
82,4,10,150,69,0.19298623480417013
83,4,10,150,69,0.12089611529519323
84,4,10,150,69,0.05034889199379723
85,4,10,150,69,0.0
87,4,10,150,69,0.07100089300395272
89,4,10,150,69,0.2553387838830436
90,4,10,150,69,0.10247188479303698
91,4,10,150,69,0.05648147012627732
92,4,10,150,69,0.10542637391232386
93,4,10,150,69,0.0
94,4,10,150,69,0.12315199805289229
95,4,10,150,69,0.17287436926807473
96,4,10,150,69,0.10181164814261426
97,4,10,150,69,0.06462745615384195
98,4,10,150,69,0.0930297504356062
99,4,10,150,69,0.05658242244874664
100,4,10,150,69,0.0
101,4,10,150,69,0.0
102,4,10,150,69,0.02424726876918863
103,4,10,150,69,0.0
104,4,10,150,69,0.0
105,4,10,150,69,0.0
106,4,10,150,69,0.0
107,4,10,150,69,0.0
108,4,10,150,69,0.0
109,4,10,150,69,0.07103066762111539
110,4,10,150,69,0.0
111,4,10,150,69,0.0
112,4,10,150,69,0.05685954565780693
113,4,10,150,69,0.053168340515114924
114,4,10,150,69,0.0
115,4,10,150,69,0.10684080426179023
116,4,10,150,69,0.0
117,4,10,150,69,0.26646890433550474
118,4,10,150,69,0.0
119,4,10,150,69,0.2063582228182277
120,4,10,150,69,0.0
121,4,10,150,69,0.271985059917519
122,4,10,150,69,0.1530100230930498
123,4,10,150,69,0.07386004580671933
125,4,10,150,69,0.12702645795516354
126,4,10,150,69,0.06911917000496234
127,4,10,150,69,0.1678437907858252
128,4,10,150,69,0.05750548798281727
129,4,10,150,69,0.0
130,4,10,150,69,0.17988759512424388
131,4,10,150,69,0.06556385272536247
133,4,10,150,69,0.11047239495909743
134,4,10,150,69,0.0
135,4,10,150,69,0.0
137,4,10,150,69,0.1371200812351206
138,4,10,150,69,0.0
139,4,10,150,69,0.0
141,4,10,150,69,0.0
142,4,10,150,69,0.13373003436102654
143,4,10,150,69,0.1208996448617798
144,4,10,150,69,0.1227945149537572
145,4,10,150,69,0.1075804523117992
146,4,10,150,69,0.0
148,4,10,150,69,0.10461537305334957
149,4,10,150,69,0.0
150,4,10,150,69,0.10235170428306553
151,4,10,150,69,0.06298430394440727
152,4,10,150,69,0.040655755922716606
153,4,10,150,69,0.0
154,4,10,150,69,0.06372882143962796
155,4,10,150,69,0.0
156,4,10,150,69,0.0
158,4,10,150,69,0.17575552384613552
159,4,10,150,69,0.03310852000739229
160,4,10,150,69,0.0
161,4,10,150,69,0.0
162,4,10,150,69,0.0
163,4,10,150,69,0.0
164,4,10,150,69,0.0
165,4,10,150,69,0.12114889742360979
166,4,10,150,69,0.0
167,4,10,150,69,0.0
168,4,10,150,69,0.23504554941448536
169,4,10,150,69,0.06416923277158361
170,4,10,150,69,0.0
171,4,10,150,69,0.0
172,4,10,150,69,0.0
173,4,10,150,69,0.05840183867278569
174,4,10,150,69,0.08712841477105211
175,4,10,150,69,0.0
176,4,10,150,69,0.09511409151391914
177,4,10,150,69,0.06912040963822193
178,4,10,150,69,0.2437589399037192
179,4,10,150,69,0.06723507268634088
180,4,10,150,69,0.12262943855309168
181,4,10,150,69,0.01719677167528726
182,4,10,150,69,0.0
183,4,10,150,69,0.0
184,4,10,150,69,0.09303069037986347
185,4,10,150,69,0.07745351606183934
186,4,10,150,69,0.22147164648185297
187,4,10,150,69,0.08625091781054979
188,4,10,150,69,0.054384419234677496
189,4,10,150,69,0.23042891886703956
190,4,10,150,69,0.10699313236726378
191,4,10,150,69,0.0
192,4,10,150,69,0.0
193,4,10,150,69,0.0
194,4,10,150,69,0.07852068532356982
195,4,10,150,69,0.0
196,4,10,150,69,0.0
197,4,10,150,69,0.05576624569167862
198,4,10,150,69,0.0
199,4,10,150,69,0.0
200,4,10,150,69,0.11302970636219896
201,4,10,150,69,0.04958997437466226
203,4,10,150,69,0.0
204,4,10,150,69,0.0
205,4,10,150,69,0.0
206,4,10,150,69,0.0
207,4,10,150,69,0.050513241088636716
209,4,10,150,69,0.0
210,4,10,150,69,0.09440608278107551
211,4,10,150,69,0.0
212,4,10,150,69,0.12681701683239352
213,4,10,150,69,0.2384146878320104
214,4,10,150,69,0.056720838976548935
215,4,10,150,69,0.0
216,4,10,150,69,0.03497205398870122
217,4,10,150,69,0.0
218,4,10,150,69,0.19092086617893467
219,4,10,150,69,0.0
221,4,10,150,69,0.3375735570145491
222,4,10,150,69,0.12476107276951183
223,4,10,150,69,0.03870447337439288
224,4,10,150,69,0.0
225,4,10,150,69,0.0
226,4,10,150,69,0.08080765379783027
227,4,10,150,69,0.0
228,4,10,150,69,0.0
229,4,10,150,69,0.0
230,4,10,150,69,0.23712439662683835
231,4,10,150,69,0.0
232,4,10,150,69,0.3234992853586256
233,4,10,150,69,0.0968152409481219
234,4,10,150,69,0.06411917231744522
235,4,10,150,69,0.06065881345112158
236,4,10,150,69,0.0
237,4,10,150,69,0.0
238,4,10,150,69,0.0
239,4,10,150,69,0.11792279130466408
240,4,10,150,69,0.05497526658285817
242,4,10,150,69,0.0
243,4,10,150,69,0.09267768927614353
244,4,10,150,69,0.15765545519871427
245,4,10,150,69,0.10704534003732354
246,4,10,150,69,0.11120150311654428
247,4,10,150,69,0.0
248,4,10,150,69,0.14830051302014485
249,4,10,150,69,0.31180658179892495
250,4,10,150,69,0.3503302816689379
251,4,10,150,69,0.0
252,4,10,150,69,0.0
253,4,10,150,69,0.05954496680255472
254,4,10,150,69,0.0
255,4,10,150,69,0.0
256,4,10,150,69,0.16583176898817792
257,4,10,150,69,0.3305900772260718
258,4,10,150,69,0.0
259,4,10,150,69,0.0
260,4,10,150,69,0.0
261,4,10,150,69,0.0
262,4,10,150,69,0.0
263,4,10,150,69,0.12774011823457565
264,4,10,150,69,0.05840183867278569
265,4,10,150,69,0.10209739512291163
267,4,10,150,69,0.09794101962538232
268,4,10,150,69,0.11115843078994621
269,4,10,150,69,0.13223875150584097
270,4,10,150,69,0.046726672111120165
271,4,10,150,69,0.12276482551434069
272,4,10,150,69,0.14498698048571354
273,4,10,150,69,0.0
274,4,10,150,69,0.0
275,4,10,150,69,0.04605780568615433
276,4,10,150,69,0.20223032365941937
277,4,10,150,69,0.0
279,4,10,150,69,0.06493409231178052
280,4,10,150,69,0.03337620304869898
281,4,10,150,69,0.0
283,4,10,150,69,0.1292258709239571
284,4,10,150,69,0.0
285,4,10,150,69,0.1185995982858366
286,4,10,150,69,0.3005968627632655
287,4,10,150,69,0.11352455583778437
288,4,10,150,69,0.12538054736008386
289,4,10,150,69,0.13905617951077562
290,4,10,150,69,0.0
291,4,10,150,69,0.23494592513118112
292,4,10,150,69,0.08933583385868532
293,4,10,150,69,0.21672523003959007
294,4,10,150,69,0.04123398036294628
295,4,10,150,69,0.2670961153715764
296,4,10,150,69,0.5087533365407171
297,4,10,150,69,0.13535082686131417
298,4,10,150,69,0.19947114504638494
299,4,10,150,69,0.0
300,4,10,150,69,0.0
301,4,10,150,69,0.047934103497110726
303,4,10,150,69,0.10429171540620567
304,4,10,150,69,0.0
305,4,10,150,69,0.31514747987601716
306,4,10,150,69,0.0
307,4,10,150,69,0.1383141340724969
308,4,10,150,69,0.19205342317019936
309,4,10,150,69,0.0
310,4,10,150,69,0.0
311,4,10,150,69,0.08938791352906189
312,4,10,150,69,0.14069579419580536
313,4,10,150,69,0.14465709645474623
314,4,10,150,69,0.20285519102295546
315,4,10,150,69,0.0
316,4,10,150,69,0.04568304891751105
317,4,10,150,69,0.0
318,4,10,150,69,0.13815200906377123
319,4,10,150,69,0.0
320,4,10,150,69,0.0
321,4,10,150,69,0.062242588308449316
322,4,10,150,69,0.17342765698823945
323,4,10,150,69,0.14126697285982898
324,4,10,150,69,0.0
325,4,10,150,69,0.0
326,4,10,150,69,0.0634222181618871
327,4,10,150,69,0.0
328,4,10,150,69,0.1437524526514495
329,4,10,150,69,0.0
330,4,10,150,69,0.0536466452928127
331,4,10,150,69,0.16958010263680806
332,4,10,150,69,0.024647523009140075
333,4,10,150,69,0.0
334,4,10,150,69,0.07058424671826317
336,4,10,150,69,0.0
337,4,10,150,69,0.16716045496620227
338,4,10,150,69,0.05005165434923901
339,4,10,150,69,0.1344957225763306
340,4,10,150,69,0.0
341,4,10,150,69,0.0
342,4,10,150,69,0.2625072992734236
343,4,10,150,69,0.28732332399638805
344,4,10,150,69,0.23832550406045652
345,4,10,150,69,0.056149696530797676
346,4,10,150,69,0.13947804593499064
347,4,10,150,69,0.08705643551438974
348,4,10,150,69,0.071942683897578
349,4,10,150,69,0.07673373981757839
350,4,10,150,69,0.2065896325117088
351,4,10,150,69,0.0
352,4,10,150,69,0.0
353,4,10,150,69,0.0
354,4,10,150,69,0.051249224710132255
355,4,10,150,69,0.0
356,4,10,150,69,0.08406376813555873
357,4,10,150,69,0.05006331611131463
358,4,10,150,69,0.20438239758848611
359,4,10,150,69,0.0
360,4,10,150,69,0.06752012359727312
361,4,10,150,69,0.09622728274290568
362,4,10,150,69,0.0
363,4,10,150,69,0.2000219371064626
364,4,10,150,69,0.0
365,4,10,150,69,0.0
366,4,10,150,69,0.0
367,4,10,150,69,0.0
368,4,10,150,69,0.0
369,4,10,150,69,0.0
370,4,10,150,69,0.13479984916817475
371,4,10,150,69,0.22569563125869263
372,4,10,150,69,0.0
373,4,10,150,69,0.062173010658778456
374,4,10,150,69,0.06834943074719504
375,4,10,150,69,0.0
376,4,10,150,69,0.0
377,4,10,150,69,0.08010929472340098
378,4,10,150,69,0.16448029476168333
379,4,10,150,69,0.14951641492682458
380,4,10,150,69,0.0
381,4,10,150,69,0.05105625351125917
382,4,10,150,69,0.0
383,4,10,150,69,0.04838338183089434
384,4,10,150,69,0.0
385,4,10,150,69,0.0
386,4,10,150,69,0.0
387,4,10,150,69,0.11497906462099297
388,4,10,150,69,0.04511904280884329
389,4,10,150,69,0.15765400236591215
390,4,10,150,69,0.0
391,4,10,150,69,0.2137247802747043
392,4,10,150,69,0.056679935917756406
393,4,10,150,69,0.054235696447924676
394,4,10,150,69,0.11073655428626575
395,4,10,150,69,0.09179488000267515
396,4,10,150,69,0.0
397,4,10,150,69,0.2710147943938467
398,4,10,150,69,0.18852571653533698
399,4,10,150,69,0.06179253091908095
400,4,10,150,69,0.0
401,4,10,150,69,0.0
402,4,10,150,69,0.08963222225173058
403,4,10,150,69,0.0854499779566911
404,4,10,150,69,0.0
405,4,10,150,69,0.07134487635614432
406,4,10,150,69,0.20956416940551098
407,4,10,150,69,0.06232415948793755
408,4,10,150,69,0.0
409,4,10,150,69,0.12740448328320192
410,4,10,150,69,0.0
411,4,10,150,69,0.0
412,4,10,150,69,0.0
413,4,10,150,69,0.041646268351119564
414,4,10,150,69,0.0
415,4,10,150,69,0.15103391472831218
416,4,10,150,69,0.2200039995691806
417,4,10,150,69,0.09850508837083022
418,4,10,150,69,0.0
419,4,10,150,69,0.1208113026994942
420,4,10,150,69,0.06052048269976269
421,4,10,150,69,0.19620555836557932
422,4,10,150,69,0.07550298029238112
423,4,10,150,69,0.053845569940583225
424,4,10,150,69,0.2766918177656049
425,4,10,150,69,0.1674157226455415
426,4,10,150,69,0.040759261617270684
427,4,10,150,69,0.0
428,4,10,150,69,0.04415960465480069
429,4,10,150,69,0.14355264986043786
430,4,10,150,69,0.0
431,4,10,150,69,0.0
432,4,10,150,69,0.05789711601244791
433,4,10,150,69,0.05780921899607981
434,4,10,150,69,0.20778267687568405
435,4,10,150,69,0.17195543683824452
436,4,10,150,69,0.0
437,4,10,150,69,0.10867290175167639
438,4,10,150,69,0.0
439,4,10,150,69,0.10863976191957724
440,4,10,150,69,0.0
441,4,10,150,69,0.07736100002633538
442,4,10,150,69,0.040949887133979804
443,4,10,150,69,0.06783204105472322
444,4,10,150,69,0.1312721899408984
445,4,10,150,69,0.0
446,4,10,150,69,0.0
447,4,10,150,69,0.16246725303708914
448,4,10,150,69,0.0
449,4,10,150,69,0.1882329728596757
450,4,10,150,69,0.26121703272496166
451,4,10,150,69,0.06148915918944534
452,4,10,150,69,0.10773098771530253
453,4,10,150,69,0.0
454,4,10,150,69,0.0
455,4,10,150,69,0.0799090051133151
456,4,10,150,69,0.018650043077523788
457,4,10,150,69,0.2974024120042739
458,4,10,150,69,0.06982799741808067
459,4,10,150,69,0.0
460,4,10,150,69,0.05184030722866645
461,4,10,150,69,0.0
462,4,10,150,69,0.0
463,4,10,150,69,0.11987424504051505
464,4,10,150,69,0.0
465,4,10,150,69,0.0
466,4,10,150,69,0.0
467,4,10,150,69,0.07807600999842033
468,4,10,150,69,0.11455543964849552
469,4,10,150,69,0.05165643482805862
470,4,10,150,69,0.0
471,4,10,150,69,0.0
472,4,10,150,69,0.09001362813522405
473,4,10,150,69,0.06140244428718695
474,4,10,150,69,0.22446242051797097
475,4,10,150,69,0.0
476,4,10,150,69,0.0
477,4,10,150,69,0.0
478,4,10,150,69,0.2345109835167376
479,4,10,150,69,0.10172348796286074
480,4,10,150,69,0.0741070054529978
481,4,10,150,69,0.13102204196909084
482,4,10,150,69,0.0
483,4,10,150,69,0.05658242244874664
484,4,10,150,69,0.2723783861819967
485,4,10,150,69,0.0
486,4,10,150,69,0.0
487,4,10,150,69,0.09557986065110975
488,4,10,150,69,0.0
489,4,10,150,69,0.0
490,4,10,150,69,0.0
491,4,10,150,69,0.14208678740137623
492,4,10,150,69,0.0
493,4,10,150,69,0.1475552329391869
494,4,10,150,69,0.0
495,4,10,150,69,0.16394836376720962
496,4,10,150,69,0.047739744220948385
497,4,10,150,69,0.07671760639820283
498,4,10,150,69,0.0
499,4,10,150,69,0.05075938465928585
500,4,10,150,69,0.09541527213731128
501,4,10,150,69,0.0
502,4,10,150,69,0.0
503,4,10,150,69,0.07192387398891865
504,4,10,150,69,0.08148269775823089
505,4,10,150,69,0.07379217622092994
506,4,10,150,69,0.13198367414767273
507,4,10,150,69,0.05319635904163211
508,4,10,150,69,0.0
509,4,10,150,69,0.0
510,4,10,150,69,0.0
511,4,10,150,69,0.08495943917278885
512,4,10,150,69,0.05478392673173268
513,4,10,150,69,0.0
514,4,10,150,69,0.27252722616773445
515,4,10,150,69,0.11706259313796354
516,4,10,150,69,0.0
517,4,10,150,69,0.08878770367712427
518,4,10,150,69,0.0
519,4,10,150,69,0.0
520,4,10,150,69,0.0
521,4,10,150,69,0.09850628252086785
522,4,10,150,69,0.12524561954372188
523,4,10,150,69,0.05782495986511108
524,4,10,150,69,0.1283825351773177
525,4,10,150,69,0.0
526,4,10,150,69,0.15355181494703254
527,4,10,150,69,0.1636135858112592
528,4,10,150,69,0.10209739512291163
529,4,10,150,69,0.0
530,4,10,150,69,0.0
531,4,10,150,69,0.1517763576041802
532,4,10,150,69,0.2633677187406756
533,4,10,150,69,0.11557545112991054
534,4,10,150,69,0.1046638363823608
535,4,10,150,69,0.13889821983463596
536,4,10,150,69,0.15105160768725473
537,4,10,150,69,0.33588230642790773
538,4,10,150,69,0.14697776980950736
539,4,10,150,69,0.04478826142555715
540,4,10,150,69,0.0
541,4,10,150,69,0.0586415067779619
542,4,10,150,69,0.049033875503285806
543,4,10,150,69,0.04953295293703468
544,4,10,150,69,0.05282936728943967
545,4,10,150,69,0.02244213465825961
546,4,10,150,69,0.05758752804519195
547,4,10,150,69,0.0
548,4,10,150,69,0.12908029235254362
549,4,10,150,69,0.0
550,4,10,150,69,0.04785685030080952
551,4,10,150,69,0.0910925691220798
552,4,10,150,69,0.1205344274731702
553,4,10,150,69,0.07411563356774664
554,4,10,150,69,0.12627825946936164
555,4,10,150,69,0.0
556,4,10,150,69,0.07660623398069263
557,4,10,150,69,0.031742154565302834
558,4,10,150,69,0.08878770367712427
559,4,10,150,69,0.07221175124961293
560,4,10,150,69,0.09375790921485552
561,4,10,150,69,0.10553800732724009
562,4,10,150,69,0.07930308311174379
563,4,10,150,69,0.0
564,4,10,150,69,0.15437610727371853
565,4,10,150,69,0.0
566,4,10,150,69,0.03579489106983033
567,4,10,150,69,0.1471381878632886
568,4,10,150,69,0.036155150901276155
569,4,10,150,69,0.18299769260789403
570,4,10,150,69,0.0
571,4,10,150,69,0.04988426711147283
572,4,10,150,69,0.16812753627111746
573,4,10,150,69,0.06437746926759551
574,4,10,150,69,0.051811563545175146
575,4,10,150,69,0.0
576,4,10,150,69,0.0
577,4,10,150,69,0.20541190363713152
578,4,10,150,69,0.05006331611131463
579,4,10,150,69,0.0
580,4,10,150,69,0.1471734367352052
581,4,10,150,69,0.09893005350346888
582,4,10,150,69,0.03190895161277091
583,4,10,150,69,0.0
584,4,10,150,69,0.06323567569191428
585,4,10,150,69,0.04173963774222741
586,4,10,150,69,0.05786021189691368
587,4,10,150,69,0.019492972026130224
588,4,10,150,69,0.13560342958033234
589,4,10,150,69,0.0
590,4,10,150,69,0.053845569940583225
591,4,10,150,69,0.0
592,4,10,150,69,0.33129662749455674
593,4,10,150,69,0.07711036365720102
594,4,10,150,69,0.0
595,4,10,150,69,0.10296141646738245
596,4,10,150,69,0.0
597,4,10,150,69,0.27101620591530523
598,4,10,150,69,0.0684591776394769
599,4,10,150,69,0.0
600,4,10,150,69,0.09197011795311534
601,4,10,150,69,0.0
602,4,10,150,69,0.0
603,4,10,150,69,0.0
604,4,10,150,69,0.0
605,4,10,150,69,0.23939908411991156
606,4,10,150,69,0.16168049407206384
607,4,10,150,69,0.08673473912838402
608,4,10,150,69,0.10661266864439813
609,4,10,150,69,0.0
610,4,10,150,69,0.19303241878686786
611,4,10,150,69,0.07624568872860434
612,4,10,150,69,0.0
613,4,10,150,69,0.08385150490449667
614,4,10,150,69,0.0
615,4,10,150,69,0.04919117729584568
616,4,10,150,69,0.03618657486793958
617,4,10,150,69,0.0
618,4,10,150,69,0.1281253572826617
619,4,10,150,69,0.12363660028711727
620,4,10,150,69,0.14012037550990028
621,4,10,150,69,0.11278207190006835
622,4,10,150,69,0.18241748250491993
623,4,10,150,69,0.17494254380936963
624,4,10,150,69,0.06626749824739844
625,4,10,150,69,0.0
626,4,10,150,69,0.06228974831361337
627,4,10,150,69,0.06945233499530101
628,4,10,150,69,0.0
629,4,10,150,69,0.16000142907167028
630,4,10,150,69,0.15874779570678058
631,4,10,150,69,0.0
632,4,10,150,69,0.12112269717167994
633,4,10,150,69,0.11499138576948859
634,4,10,150,69,0.022104381789790163
635,4,10,150,69,0.04546401530948942
636,4,10,150,69,0.11426572661305327
637,4,10,150,69,0.01928973283308616
638,4,10,150,69,0.09712868482236708
639,4,10,150,69,0.03138892079718151
640,4,10,150,69,0.10536866733091729
641,4,10,150,69,0.07675099783970546
642,4,10,150,69,0.12854829749587743
643,4,10,150,69,0.11071279041815515
644,4,10,150,69,0.04935421935348238
645,4,10,150,69,0.17581821458755492
646,4,10,150,69,0.0
647,4,10,150,69,0.05363388010108191
648,4,10,150,69,0.1343015217073813
649,4,10,150,69,0.15489949502599
650,4,10,150,69,0.07508576802210154
651,4,10,150,69,0.0
652,4,10,150,69,0.08156220960446063
653,4,10,150,69,0.10227786679892212
654,4,10,150,69,0.21255442687635834
655,4,10,150,69,0.20623092520196937
656,4,10,150,69,0.07397229644086958
657,4,10,150,69,0.04140815094666367
658,4,10,150,69,0.2625403796417579
659,4,10,150,69,0.08781544355121487
660,4,10,150,69,0.07682040659958697
661,4,10,150,69,0.08605775303302886
662,4,10,150,69,0.0512644431393966
663,4,10,150,69,0.24026856780584893
664,4,10,150,69,0.28517362059082263
665,4,10,150,69,0.0
666,4,10,150,69,0.17974755009079643
667,4,10,150,69,0.28468511714771283
668,4,10,150,69,0.06194403202282284
669,4,10,150,69,0.1348578320198433
670,4,10,150,69,0.06613087842005526
671,4,10,150,69,0.19261980316946112
672,4,10,150,69,0.03603026685992244
673,4,10,150,69,0.14837758007547783
674,4,10,150,69,0.11338915993603582
675,4,10,150,69,0.0
676,4,10,150,69,0.19009456031551833
677,4,10,150,69,0.03314040476303028
678,4,10,150,69,0.03824432123396675
679,4,10,150,69,0.15527711509166947
680,4,10,150,69,0.11377863936243801
681,4,10,150,69,0.0
682,4,10,150,69,0.13370205219672232
683,4,10,150,69,0.0
684,4,10,150,69,0.06573003977381581
685,4,10,150,69,0.1906465758273748
686,4,10,150,69,0.1210058554547505
687,4,10,150,69,0.0
688,4,10,150,69,0.0
689,4,10,150,69,0.21046485047453145
690,4,10,150,69,0.09361528901296776
691,4,10,150,69,0.09842092178212862
692,4,10,150,69,0.1753901755134814
693,4,10,150,69,0.0
694,4,10,150,69,0.2448812985235888
695,4,10,150,69,0.0
696,4,10,150,69,0.039725595076707886
697,4,10,150,69,0.04239477130634912
698,4,10,150,69,0.041937660325009396
699,4,10,150,69,0.06339169989706635
700,4,10,150,69,0.12729890218214104
701,4,10,150,69,0.03902876023380719
702,4,10,150,69,0.037715680681715956
703,4,10,150,69,0.11918688501400482
704,4,10,150,69,0.23659106617286202
705,4,10,150,69,0.22667088038444094
706,4,10,150,69,0.04395738023645723
707,4,10,150,69,0.05911477212762683
708,4,10,150,69,0.07186325791519563
709,4,10,150,69,0.13472082394875662
710,4,10,150,69,0.10695361352497157
711,4,10,150,69,0.1875046019946305
712,4,10,150,69,0.15511023313323485
713,4,10,150,69,0.1468735732232516
714,4,10,150,69,0.03441184191455828
715,4,10,150,69,0.0
716,4,10,150,69,0.2218159193450267
717,4,10,150,69,0.09054670163637572
718,4,10,150,69,0.035328385129692476
719,4,10,150,69,0.09883437846193516
720,4,10,150,69,0.0
721,4,10,150,69,0.1626199557578681
722,4,10,150,69,0.06556429791586475
723,4,10,150,69,0.0
724,4,10,150,69,0.0
725,4,10,150,69,0.0
726,4,10,150,69,0.05010834716923557
727,4,10,150,69,0.13321447844186043
728,4,10,150,69,0.09627818061559096
729,4,10,150,69,0.0
730,4,10,150,69,0.02601736765943984
731,4,10,150,69,0.13032711631493252
732,4,10,150,69,0.0
733,4,10,150,69,0.14514596345398123
734,4,10,150,69,0.0
735,4,10,150,69,0.0
736,4,10,150,69,0.03351972906068008
737,4,10,150,69,0.1138970555583582
738,4,10,150,69,0.13922998739868644
739,4,10,150,69,0.03855307727568851
740,4,10,150,69,0.0
741,4,10,150,69,0.05358697798864893
742,4,10,150,69,0.0488929053971083
743,4,10,150,69,0.0690623255281084
744,4,10,150,69,0.03596673601130318
745,4,10,150,69,0.03520132288421838
746,4,10,150,69,0.25743994347908983
747,4,10,150,69,0.4071572389137795
748,4,10,150,69,0.09621648119325965
749,4,10,150,69,0.1406138213327882
750,4,10,150,69,0.07184731398235064
751,4,10,150,69,0.0799013837549349
752,4,10,150,69,0.023242424817620892
753,4,10,150,69,0.15780803084928155
754,4,10,150,69,0.0
755,4,10,150,69,0.03855371268423985
756,4,10,150,69,0.031104745345423533
757,4,10,150,69,0.0
758,4,10,150,69,0.26458252472252514
759,4,10,150,69,0.08145040004058159
760,4,10,150,69,0.03004859059698017
761,4,10,150,69,0.06869287000000811
762,4,10,150,69,0.051960280791503534
763,4,10,150,69,0.04542386553984721
764,4,10,150,69,0.08946696896639536
765,4,10,150,69,0.15066101840234988
766,4,10,150,69,0.023823431574733288
767,4,10,150,69,0.13884445379214724
768,4,10,150,69,0.08438032815655525
769,4,10,150,69,0.0
770,4,10,150,69,0.21464739068424896
771,4,10,150,69,0.32869562799119006
772,4,10,150,69,0.17356150297482983
773,4,10,150,69,0.08696710392235718
774,4,10,150,69,0.05915089313026263
775,4,10,150,69,0.038478285726379145
776,4,10,150,69,0.15403842856019037
777,4,10,150,69,0.0
778,4,10,150,69,0.1631238413472767
779,4,10,150,69,0.0
780,4,10,150,69,0.07672775543002532
781,4,10,150,69,0.2016539629141292
782,4,10,150,69,0.04079763388178173
783,4,10,150,69,0.0
784,4,10,150,69,0.029814614753779622
785,4,10,150,69,0.0
786,4,10,150,69,0.0
787,4,10,150,69,0.0
788,4,10,150,69,0.23870574759466143
789,4,10,150,69,0.08809718769055445
790,4,10,150,69,0.02047781838445371
791,4,10,150,69,0.04465281017341861
792,4,10,150,69,0.08944329533390502
793,4,10,150,69,0.0
794,4,10,150,69,0.04108065887337468
795,4,10,150,69,0.034092229848757476
796,4,10,150,69,0.3435457720746536
797,4,10,150,69,0.11278903329502893
798,4,10,150,69,0.03917333001542198
799,4,10,150,69,0.0
800,4,10,150,69,0.03244993904038569
801,4,10,150,69,0.1561471668577559
802,4,10,150,69,0.06960082070980815
803,4,10,150,69,0.10569353498973794
804,4,10,150,69,0.12716748173813952
805,4,10,150,69,0.11154740651833184
806,4,10,150,69,0.2959152150106387
807,4,10,150,69,0.11199859388913323
808,4,10,150,69,0.1025417224926713
809,4,10,150,69,0.10356976056061801
810,4,10,150,69,0.0
811,4,10,150,69,0.0
812,4,10,150,69,0.03260477305529222
813,4,10,150,69,0.0
814,4,10,150,69,0.034616222155696735
815,4,10,150,69,0.2033530680328704
816,4,10,150,69,0.0
817,4,10,150,69,0.0
818,4,10,150,69,0.05516788910004661
819,4,10,150,69,0.037210602758860095
820,4,10,150,69,0.0787987754690289
821,4,10,150,69,0.302950268110492
822,4,10,150,69,0.028653609888707104
823,4,10,150,69,0.18438873324375551
824,4,10,150,69,0.05046096657376444
825,4,10,150,69,0.08238190489603152
826,4,10,150,69,0.14101060791647543
827,4,10,150,69,0.0
828,4,10,150,69,0.05745618865524075
829,4,10,150,69,0.1751347628439014
830,4,10,150,69,0.20443782642227196
831,4,10,150,69,0.21058943716644085
832,4,10,150,69,0.0
833,4,10,150,69,0.16240736299050007
834,4,10,150,69,0.2706897351446418
835,4,10,150,69,0.17041307832807873
836,4,10,150,69,0.20050437359357948
837,4,10,150,69,0.05665916465450996
838,4,10,150,69,0.27895398740912175
839,4,10,150,69,0.10730655186373157
840,4,10,150,69,0.3477519139093816
841,4,10,150,69,0.06507217400164225
842,4,10,150,69,0.03947561302344988
843,4,10,150,69,0.0
844,4,10,150,69,0.05872188515498603
845,4,10,150,69,0.0
846,4,10,150,69,0.36830982492693787
847,4,10,150,69,0.05107153900660915
848,4,10,150,69,0.05957396506021444
849,4,10,150,69,0.0419387969316025
850,4,10,150,69,0.2721744638560368
851,4,10,150,69,0.07550216336160924
852,4,10,150,69,0.26227118260874954
853,4,10,150,69,0.0
854,4,10,150,69,0.020293974352529907
855,4,10,150,69,0.0
856,4,10,150,69,0.037110354711564805
857,4,10,150,69,0.0
858,4,10,150,69,0.10250982096838526
859,4,10,150,69,0.05070263548706836
860,4,10,150,69,0.10848832312989015
861,4,10,150,69,0.06460834446248033
862,4,10,150,69,0.10001990956664905
863,4,10,150,69,0.06336841123297353
864,4,10,150,69,0.41668585743431724
865,4,10,150,69,0.09772208899610854
866,4,10,150,69,0.16283687678415507
867,4,10,150,69,0.1858556726321321
868,4,10,150,69,0.21569582567924941
869,4,10,150,69,0.0587446084443979
870,4,10,150,69,0.25404843765178736
871,4,10,150,69,0.07012986265386374
872,4,10,150,69,0.02804794621397926
873,4,10,150,69,0.0
874,4,10,150,69,0.13944914190808633
875,4,10,150,69,0.11729943308729383
876,4,10,150,69,0.08671382849411972
877,4,10,150,69,0.0835317778614811
878,4,10,150,69,0.1706804422753891
879,4,10,150,69,0.03963466998423315
880,4,10,150,69,0.33758049890882125
881,4,10,150,69,0.10830182388192353
882,4,10,150,69,0.21288820648214166
883,4,10,150,69,0.31047153560273516
884,4,10,150,69,0.11407805705099587
885,4,10,150,69,0.04536087033637415
886,4,10,150,69,0.18482660612784452
887,4,10,150,69,0.10727170220727003
888,4,10,150,69,0.11625487663628292
889,4,10,150,69,0.010839581239881777
890,4,10,150,69,0.11434431442033766
891,4,10,150,69,0.10491091696774645
892,4,10,150,69,0.23993074002490294
893,4,10,150,69,0.10869735563398858
894,4,10,150,69,0.102111619367484
895,4,10,150,69,0.0
896,4,10,150,69,0.3011816552543034
897,4,10,150,69,0.31479274083177844
898,4,10,150,69,0.0
899,4,10,150,69,0.05684415375822261
900,4,10,150,69,0.055315677011973347
901,4,10,150,69,0.19447772481984943
902,4,10,150,69,0.05978585424799658
903,4,10,150,69,0.23389434103643633
904,4,10,150,69,0.0
905,4,10,150,69,0.0
906,4,10,150,69,0.10407444169186962
907,4,10,150,69,0.04552366948252362
908,4,10,150,69,0.06892767477436933
909,4,10,150,69,0.0
910,4,10,150,69,0.0
911,4,10,150,69,0.13243052909755645
912,4,10,150,69,0.17642343579737088
913,4,10,150,69,0.07219927248779984
914,4,10,150,69,0.0
915,4,10,150,69,0.0
916,4,10,150,69,0.23841638109593796
917,4,10,150,69,0.0
918,4,10,150,69,0.043627084055128
919,4,10,150,69,0.09554685933401204
920,4,10,150,69,0.0
921,4,10,150,69,0.15405864814296488
922,4,10,150,69,0.1280645281724967
923,4,10,150,69,0.02142307850464013
924,4,10,150,69,0.018280262702529162
925,4,10,150,69,0.0
926,4,10,150,69,0.0
927,4,10,150,69,0.09447575046156538
928,4,10,150,69,0.1873259908039563
929,4,10,150,69,0.25163227912988373
930,4,10,150,69,0.032298243696638564
931,4,10,150,69,0.08679587898287541
932,4,10,150,69,0.26912087299962134
933,4,10,150,69,0.10172961534962659
934,4,10,150,69,0.10071040486185964
935,4,10,150,69,0.04173963774222741
936,4,10,150,69,0.1321191921354211
937,4,10,150,69,0.0
938,4,10,150,69,0.1661428141234511
939,4,10,150,69,0.02916862694666808
940,4,10,150,69,0.050684733114198
941,4,10,150,69,0.0
942,4,10,150,69,0.10504870308911567
943,4,10,150,69,0.20163692230838232
1,4,10,150,70,0.4058715898896693
2,4,10,150,70,0.06250343848035038
3,4,10,150,70,0.0
4,4,10,150,70,0.0
5,4,10,150,70,0.040209635547393256
6,4,10,150,70,0.27020011346731576
7,4,10,150,70,0.29136519416833906
8,4,10,150,70,0.0
9,4,10,150,70,0.21840743681816419
10,4,10,150,70,0.21491451057814584
11,4,10,150,70,0.1722584975122812
12,4,10,150,70,0.0
13,4,10,150,70,0.24739851085285985
14,4,10,150,70,0.03963175841995263
15,4,10,150,70,0.05010834716923557
16,4,10,150,70,0.053168340515114924
17,4,10,150,70,0.0
18,4,10,150,70,0.24724966735366713
19,4,10,150,70,0.0
20,4,10,150,70,0.0
21,4,10,150,70,0.0
22,4,10,150,70,0.11702382382650763
23,4,10,150,70,0.23682446174402746
24,4,10,150,70,0.0
25,4,10,150,70,0.12358102547512423
26,4,10,150,70,0.0
27,4,10,150,70,0.0
28,4,10,150,70,0.0
29,4,10,150,70,0.13455232720853103
30,4,10,150,70,0.0
31,4,10,150,70,0.0
32,4,10,150,70,0.0
33,4,10,150,70,0.0
35,4,10,150,70,0.10523285614729473
36,4,10,150,70,0.0
37,4,10,150,70,0.0
38,4,10,150,70,0.04739418218477539
39,4,10,150,70,0.0
40,4,10,150,70,0.10558114683788161
41,4,10,150,70,0.0
42,4,10,150,70,0.0683037314796457
43,4,10,150,70,0.22592974817952552
44,4,10,150,70,0.2044921015662719
45,4,10,150,70,0.05200670101006268
46,4,10,150,70,0.11284514134893527
47,4,10,150,70,0.06250343848035038
48,4,10,150,70,0.0
49,4,10,150,70,0.0
50,4,10,150,70,0.0
51,4,10,150,70,0.16812753627111746
52,4,10,150,70,0.0
54,4,10,150,70,0.0
56,4,10,150,70,0.20383503459815738
57,4,10,150,70,0.3030555992505742
58,4,10,150,70,0.3717269535737058
59,4,10,150,70,0.2378606442039324
60,4,10,150,70,0.1505674224523334
61,4,10,150,70,0.07763867093308688
62,4,10,150,70,0.08314631791322982
63,4,10,150,70,0.0
64,4,10,150,70,0.04238468688770069
65,4,10,150,70,0.13012668333070054
66,4,10,150,70,0.0
67,4,10,150,70,0.0
68,4,10,150,70,0.4827392464262081
69,4,10,150,70,0.07673373981757839
70,4,10,150,70,0.0
71,4,10,150,70,0.0
72,4,10,150,70,0.031239588460834872
73,4,10,150,70,0.0
74,4,10,150,70,0.0
75,4,10,150,70,0.049432410190049694
76,4,10,150,70,0.1301464707340554
77,4,10,150,70,0.10201115106436301
78,4,10,150,70,0.0
79,4,10,150,70,0.27487633291429087
80,4,10,150,70,0.0
81,4,10,150,70,0.0
82,4,10,150,70,0.19298623480417013
83,4,10,150,70,0.12089611529519323
84,4,10,150,70,0.05034889199379723
85,4,10,150,70,0.0
87,4,10,150,70,0.07100089300395272
89,4,10,150,70,0.2553387838830436
90,4,10,150,70,0.10247188479303698
91,4,10,150,70,0.05648147012627732
92,4,10,150,70,0.10542637391232386
93,4,10,150,70,0.0
94,4,10,150,70,0.12315199805289229
95,4,10,150,70,0.17287436926807473
96,4,10,150,70,0.10181164814261426
97,4,10,150,70,0.06462745615384195
98,4,10,150,70,0.0930297504356062
99,4,10,150,70,0.05658242244874664
100,4,10,150,70,0.0
101,4,10,150,70,0.0
102,4,10,150,70,0.02424726876918863
103,4,10,150,70,0.0
104,4,10,150,70,0.0
105,4,10,150,70,0.0
106,4,10,150,70,0.0
107,4,10,150,70,0.0
108,4,10,150,70,0.0
109,4,10,150,70,0.07103066762111539
110,4,10,150,70,0.0
111,4,10,150,70,0.0
112,4,10,150,70,0.05685954565780693
113,4,10,150,70,0.053168340515114924
114,4,10,150,70,0.0
115,4,10,150,70,0.10684080426179023
116,4,10,150,70,0.0
117,4,10,150,70,0.26646890433550474
118,4,10,150,70,0.0
119,4,10,150,70,0.2063582228182277
120,4,10,150,70,0.0
121,4,10,150,70,0.271985059917519
122,4,10,150,70,0.1530100230930498
123,4,10,150,70,0.07386004580671933
125,4,10,150,70,0.12702645795516354
126,4,10,150,70,0.06911917000496234
127,4,10,150,70,0.23132283185955704
128,4,10,150,70,0.05750548798281727
129,4,10,150,70,0.0
130,4,10,150,70,0.17988759512424388
131,4,10,150,70,0.06556385272536247
133,4,10,150,70,0.11047239495909743
134,4,10,150,70,0.0
135,4,10,150,70,0.0
137,4,10,150,70,0.1371200812351206
138,4,10,150,70,0.0
139,4,10,150,70,0.0
141,4,10,150,70,0.0
142,4,10,150,70,0.13373003436102654
143,4,10,150,70,0.1208996448617798
144,4,10,150,70,0.1227945149537572
145,4,10,150,70,0.1075804523117992
146,4,10,150,70,0.0
148,4,10,150,70,0.10461537305334957
149,4,10,150,70,0.0
150,4,10,150,70,0.10235170428306553
151,4,10,150,70,0.06298430394440727
152,4,10,150,70,0.040655755922716606
153,4,10,150,70,0.0
154,4,10,150,70,0.06372882143962796
155,4,10,150,70,0.0
156,4,10,150,70,0.0
158,4,10,150,70,0.17575552384613552
159,4,10,150,70,0.03310852000739229
160,4,10,150,70,0.0
161,4,10,150,70,0.0
162,4,10,150,70,0.0
163,4,10,150,70,0.0
164,4,10,150,70,0.0
165,4,10,150,70,0.12114889742360979
166,4,10,150,70,0.0
167,4,10,150,70,0.0
168,4,10,150,70,0.23504554941448536
169,4,10,150,70,0.06416923277158361
170,4,10,150,70,0.0
171,4,10,150,70,0.0
172,4,10,150,70,0.0
173,4,10,150,70,0.05840183867278569
174,4,10,150,70,0.08712841477105211
175,4,10,150,70,0.0
176,4,10,150,70,0.09511409151391914
177,4,10,150,70,0.06912040963822193
178,4,10,150,70,0.2437589399037192
179,4,10,150,70,0.06723507268634088
180,4,10,150,70,0.12262943855309168
181,4,10,150,70,0.03237044210806213
182,4,10,150,70,0.0
183,4,10,150,70,0.0
184,4,10,150,70,0.11356458502877588
185,4,10,150,70,0.07745351606183934
186,4,10,150,70,0.22147164648185297
187,4,10,150,70,0.08625091781054979
188,4,10,150,70,0.054384419234677496
189,4,10,150,70,0.23042891886703956
190,4,10,150,70,0.10699313236726378
191,4,10,150,70,0.0
192,4,10,150,70,0.0
193,4,10,150,70,0.0
194,4,10,150,70,0.07852068532356982
195,4,10,150,70,0.0
196,4,10,150,70,0.0
197,4,10,150,70,0.05576624569167862
198,4,10,150,70,0.0
199,4,10,150,70,0.0
200,4,10,150,70,0.11302970636219896
201,4,10,150,70,0.06425121619109513
203,4,10,150,70,0.0
204,4,10,150,70,0.0
205,4,10,150,70,0.0
206,4,10,150,70,0.0
207,4,10,150,70,0.050513241088636716
209,4,10,150,70,0.0
210,4,10,150,70,0.09440608278107551
211,4,10,150,70,0.0
212,4,10,150,70,0.12681701683239352
213,4,10,150,70,0.2384146878320104
214,4,10,150,70,0.056720838976548935
215,4,10,150,70,0.0
216,4,10,150,70,0.03497205398870122
217,4,10,150,70,0.0
218,4,10,150,70,0.19092086617893467
219,4,10,150,70,0.0
221,4,10,150,70,0.3375735570145491
222,4,10,150,70,0.12476107276951183
223,4,10,150,70,0.03870447337439288
224,4,10,150,70,0.0
225,4,10,150,70,0.0
226,4,10,150,70,0.08080765379783027
227,4,10,150,70,0.0
228,4,10,150,70,0.0
229,4,10,150,70,0.0
230,4,10,150,70,0.23712439662683835
231,4,10,150,70,0.0
232,4,10,150,70,0.3234992853586256
233,4,10,150,70,0.0968152409481219
234,4,10,150,70,0.06411917231744522
235,4,10,150,70,0.06065881345112158
236,4,10,150,70,0.0
237,4,10,150,70,0.0
238,4,10,150,70,0.0
239,4,10,150,70,0.11792279130466408
240,4,10,150,70,0.05497526658285817
242,4,10,150,70,0.0
243,4,10,150,70,0.09267768927614353
244,4,10,150,70,0.15765545519871427
245,4,10,150,70,0.10704534003732354
246,4,10,150,70,0.11120150311654428
247,4,10,150,70,0.0
248,4,10,150,70,0.14830051302014485
249,4,10,150,70,0.31180658179892495
250,4,10,150,70,0.3503302816689379
251,4,10,150,70,0.0
252,4,10,150,70,0.0
253,4,10,150,70,0.05954496680255472
254,4,10,150,70,0.0
255,4,10,150,70,0.0
256,4,10,150,70,0.16583176898817792
257,4,10,150,70,0.3305900772260718
258,4,10,150,70,0.0
259,4,10,150,70,0.0
260,4,10,150,70,0.0
261,4,10,150,70,0.0
262,4,10,150,70,0.0
263,4,10,150,70,0.12774011823457565
264,4,10,150,70,0.05840183867278569
265,4,10,150,70,0.10209739512291163
267,4,10,150,70,0.09794101962538232
268,4,10,150,70,0.12816798712864202
269,4,10,150,70,0.13223875150584097
270,4,10,150,70,0.046726672111120165
271,4,10,150,70,0.12276482551434069
272,4,10,150,70,0.14498698048571354
273,4,10,150,70,0.0
274,4,10,150,70,0.0
275,4,10,150,70,0.04605780568615433
276,4,10,150,70,0.20223032365941937
277,4,10,150,70,0.0
279,4,10,150,70,0.06493409231178052
280,4,10,150,70,0.03337620304869898
281,4,10,150,70,0.0
283,4,10,150,70,0.1292258709239571
284,4,10,150,70,0.0
285,4,10,150,70,0.1185995982858366
286,4,10,150,70,0.3005968627632655
287,4,10,150,70,0.11352455583778437
288,4,10,150,70,0.12538054736008386
289,4,10,150,70,0.13905617951077562
290,4,10,150,70,0.0
291,4,10,150,70,0.23494592513118112
292,4,10,150,70,0.08933583385868532
293,4,10,150,70,0.21672523003959007
294,4,10,150,70,0.04123398036294628
295,4,10,150,70,0.2670961153715764
296,4,10,150,70,0.5087533365407171
297,4,10,150,70,0.13535082686131417
298,4,10,150,70,0.19947114504638494
299,4,10,150,70,0.0
300,4,10,150,70,0.0
301,4,10,150,70,0.047934103497110726
303,4,10,150,70,0.10429171540620567
304,4,10,150,70,0.0
305,4,10,150,70,0.31514747987601716
306,4,10,150,70,0.0
307,4,10,150,70,0.1383141340724969
308,4,10,150,70,0.19205342317019936
309,4,10,150,70,0.0
310,4,10,150,70,0.0
311,4,10,150,70,0.08938791352906189
312,4,10,150,70,0.14069579419580536
313,4,10,150,70,0.14465709645474623
314,4,10,150,70,0.20285519102295546
315,4,10,150,70,0.0
316,4,10,150,70,0.04568304891751105
317,4,10,150,70,0.0
318,4,10,150,70,0.13815200906377123
319,4,10,150,70,0.0
320,4,10,150,70,0.0
321,4,10,150,70,0.062242588308449316
322,4,10,150,70,0.17342765698823945
323,4,10,150,70,0.14126697285982898
324,4,10,150,70,0.0
325,4,10,150,70,0.0
326,4,10,150,70,0.0634222181618871
327,4,10,150,70,0.0
328,4,10,150,70,0.1437524526514495
329,4,10,150,70,0.0
330,4,10,150,70,0.0536466452928127
331,4,10,150,70,0.16958010263680806
332,4,10,150,70,0.024647523009140075
333,4,10,150,70,0.0
334,4,10,150,70,0.07058424671826317
336,4,10,150,70,0.0
337,4,10,150,70,0.16716045496620227
338,4,10,150,70,0.05005165434923901
339,4,10,150,70,0.1344957225763306
340,4,10,150,70,0.0
341,4,10,150,70,0.0
342,4,10,150,70,0.2625072992734236
343,4,10,150,70,0.28732332399638805
344,4,10,150,70,0.23832550406045652
345,4,10,150,70,0.056149696530797676
346,4,10,150,70,0.13947804593499064
347,4,10,150,70,0.08705643551438974
348,4,10,150,70,0.071942683897578
349,4,10,150,70,0.07673373981757839
350,4,10,150,70,0.2065896325117088
351,4,10,150,70,0.0
352,4,10,150,70,0.0
353,4,10,150,70,0.0
354,4,10,150,70,0.051249224710132255
355,4,10,150,70,0.0
356,4,10,150,70,0.08406376813555873
357,4,10,150,70,0.05006331611131463
358,4,10,150,70,0.20438239758848611
359,4,10,150,70,0.0
360,4,10,150,70,0.06752012359727312
361,4,10,150,70,0.09622728274290568
362,4,10,150,70,0.0
363,4,10,150,70,0.2000219371064626
364,4,10,150,70,0.0
365,4,10,150,70,0.0
366,4,10,150,70,0.0
367,4,10,150,70,0.07630862162354303
368,4,10,150,70,0.0
369,4,10,150,70,0.0
370,4,10,150,70,0.13479984916817475
371,4,10,150,70,0.22569563125869263
372,4,10,150,70,0.0
373,4,10,150,70,0.062173010658778456
374,4,10,150,70,0.06834943074719504
375,4,10,150,70,0.0
376,4,10,150,70,0.0
377,4,10,150,70,0.08010929472340098
378,4,10,150,70,0.16448029476168333
379,4,10,150,70,0.14951641492682458
380,4,10,150,70,0.0
381,4,10,150,70,0.05105625351125917
382,4,10,150,70,0.0
383,4,10,150,70,0.04838338183089434
384,4,10,150,70,0.0
385,4,10,150,70,0.0
386,4,10,150,70,0.0
387,4,10,150,70,0.11497906462099297
388,4,10,150,70,0.04511904280884329
389,4,10,150,70,0.15765400236591215
390,4,10,150,70,0.0
391,4,10,150,70,0.2137247802747043
392,4,10,150,70,0.056679935917756406
393,4,10,150,70,0.054235696447924676
394,4,10,150,70,0.11073655428626575
395,4,10,150,70,0.09179488000267515
396,4,10,150,70,0.0
397,4,10,150,70,0.2710147943938467
398,4,10,150,70,0.18852571653533698
399,4,10,150,70,0.06179253091908095
400,4,10,150,70,0.0
401,4,10,150,70,0.0
402,4,10,150,70,0.08963222225173058
403,4,10,150,70,0.0854499779566911
404,4,10,150,70,0.0
405,4,10,150,70,0.07063177323945294
406,4,10,150,70,0.20956416940551098
407,4,10,150,70,0.06232415948793755
408,4,10,150,70,0.0
409,4,10,150,70,0.12740448328320192
410,4,10,150,70,0.0
411,4,10,150,70,0.0
412,4,10,150,70,0.0
413,4,10,150,70,0.041646268351119564
414,4,10,150,70,0.0
415,4,10,150,70,0.15103391472831218
416,4,10,150,70,0.2200039995691806
417,4,10,150,70,0.09850508837083022
418,4,10,150,70,0.0
419,4,10,150,70,0.1208113026994942
420,4,10,150,70,0.06052048269976269
421,4,10,150,70,0.19620555836557932
422,4,10,150,70,0.07550298029238112
423,4,10,150,70,0.053845569940583225
424,4,10,150,70,0.2766918177656049
425,4,10,150,70,0.1674157226455415
426,4,10,150,70,0.040759261617270684
427,4,10,150,70,0.0
428,4,10,150,70,0.04415960465480069
429,4,10,150,70,0.14355264986043786
430,4,10,150,70,0.0
431,4,10,150,70,0.0
432,4,10,150,70,0.05789711601244791
433,4,10,150,70,0.05780921899607981
434,4,10,150,70,0.20778267687568405
435,4,10,150,70,0.17195543683824452
436,4,10,150,70,0.0
437,4,10,150,70,0.10867290175167639
438,4,10,150,70,0.0
439,4,10,150,70,0.10863976191957724
440,4,10,150,70,0.0
441,4,10,150,70,0.07736100002633538
442,4,10,150,70,0.040949887133979804
443,4,10,150,70,0.06783204105472322
444,4,10,150,70,0.1312721899408984
445,4,10,150,70,0.0
446,4,10,150,70,0.0
447,4,10,150,70,0.16246725303708914
448,4,10,150,70,0.0
449,4,10,150,70,0.1882329728596757
450,4,10,150,70,0.25860612792446575
451,4,10,150,70,0.06148915918944534
452,4,10,150,70,0.10773098771530253
453,4,10,150,70,0.0
454,4,10,150,70,0.0
455,4,10,150,70,0.0962493458910181
456,4,10,150,70,0.018650043077523788
457,4,10,150,70,0.2974024120042739
458,4,10,150,70,0.06982799741808067
459,4,10,150,70,0.0
460,4,10,150,70,0.05184030722866645
461,4,10,150,70,0.0
462,4,10,150,70,0.0
463,4,10,150,70,0.11987424504051505
464,4,10,150,70,0.0
465,4,10,150,70,0.0
466,4,10,150,70,0.0
467,4,10,150,70,0.07807600999842033
468,4,10,150,70,0.11455543964849552
469,4,10,150,70,0.05165643482805862
470,4,10,150,70,0.0
471,4,10,150,70,0.0
472,4,10,150,70,0.09001362813522405
473,4,10,150,70,0.06140244428718695
474,4,10,150,70,0.2352179097276382
475,4,10,150,70,0.0
476,4,10,150,70,0.0
477,4,10,150,70,0.0
478,4,10,150,70,0.2345109835167376
479,4,10,150,70,0.10172348796286074
480,4,10,150,70,0.0741070054529978
481,4,10,150,70,0.13102204196909084
482,4,10,150,70,0.0
483,4,10,150,70,0.05658242244874664
484,4,10,150,70,0.2723783861819967
485,4,10,150,70,0.0
486,4,10,150,70,0.0
487,4,10,150,70,0.09557986065110975
488,4,10,150,70,0.0
489,4,10,150,70,0.0
490,4,10,150,70,0.0
491,4,10,150,70,0.14208678740137623
492,4,10,150,70,0.0
493,4,10,150,70,0.1475552329391869
494,4,10,150,70,0.0
495,4,10,150,70,0.16394836376720962
496,4,10,150,70,0.06723229289182285
497,4,10,150,70,0.07671760639820283
498,4,10,150,70,0.0
499,4,10,150,70,0.05075938465928585
500,4,10,150,70,0.09541527213731128
501,4,10,150,70,0.0
502,4,10,150,70,0.0
503,4,10,150,70,0.07192387398891865
504,4,10,150,70,0.08148269775823089
505,4,10,150,70,0.07379217622092994
506,4,10,150,70,0.13198367414767273
507,4,10,150,70,0.05319635904163211
508,4,10,150,70,0.0
509,4,10,150,70,0.0
510,4,10,150,70,0.0
511,4,10,150,70,0.08495943917278885
512,4,10,150,70,0.05478392673173268
513,4,10,150,70,0.0
514,4,10,150,70,0.27252722616773445
515,4,10,150,70,0.11706259313796354
516,4,10,150,70,0.0
517,4,10,150,70,0.08878770367712427
518,4,10,150,70,0.0
519,4,10,150,70,0.0
520,4,10,150,70,0.0
521,4,10,150,70,0.09850628252086785
522,4,10,150,70,0.12524561954372188
523,4,10,150,70,0.05782495986511108
524,4,10,150,70,0.1283825351773177
525,4,10,150,70,0.0
526,4,10,150,70,0.15355181494703254
527,4,10,150,70,0.1636135858112592
528,4,10,150,70,0.10209739512291163
529,4,10,150,70,0.0
530,4,10,150,70,0.0
531,4,10,150,70,0.1517763576041802
532,4,10,150,70,0.2633677187406756
533,4,10,150,70,0.11557545112991054
534,4,10,150,70,0.1046638363823608
535,4,10,150,70,0.13889821983463596
536,4,10,150,70,0.15105160768725473
537,4,10,150,70,0.33252511062369067
538,4,10,150,70,0.14697776980950736
539,4,10,150,70,0.04478826142555715
540,4,10,150,70,0.0
541,4,10,150,70,0.0586415067779619
542,4,10,150,70,0.049033875503285806
543,4,10,150,70,0.04953295293703468
544,4,10,150,70,0.05282936728943967
545,4,10,150,70,0.02244213465825961
546,4,10,150,70,0.05758752804519195
547,4,10,150,70,0.0
548,4,10,150,70,0.12908029235254362
549,4,10,150,70,0.0
550,4,10,150,70,0.04785685030080952
551,4,10,150,70,0.0910925691220798
552,4,10,150,70,0.1205344274731702
553,4,10,150,70,0.07411563356774664
554,4,10,150,70,0.12627825946936164
555,4,10,150,70,0.0
556,4,10,150,70,0.07660623398069263
557,4,10,150,70,0.031742154565302834
558,4,10,150,70,0.08878770367712427
559,4,10,150,70,0.07221175124961293
560,4,10,150,70,0.09375790921485552
561,4,10,150,70,0.11447829382451988
562,4,10,150,70,0.07930308311174379
563,4,10,150,70,0.0
564,4,10,150,70,0.15437610727371853
565,4,10,150,70,0.0
566,4,10,150,70,0.03579489106983033
567,4,10,150,70,0.1471381878632886
568,4,10,150,70,0.036155150901276155
569,4,10,150,70,0.18299769260789403
570,4,10,150,70,0.0
571,4,10,150,70,0.04988426711147283
572,4,10,150,70,0.16812753627111746
573,4,10,150,70,0.06437746926759551
574,4,10,150,70,0.051811563545175146
575,4,10,150,70,0.0
576,4,10,150,70,0.0
577,4,10,150,70,0.20541190363713152
578,4,10,150,70,0.05006331611131463
579,4,10,150,70,0.0
580,4,10,150,70,0.1471734367352052
581,4,10,150,70,0.09893005350346888
582,4,10,150,70,0.03190895161277091
583,4,10,150,70,0.0
584,4,10,150,70,0.06323567569191428
585,4,10,150,70,0.04173963774222741
586,4,10,150,70,0.05786021189691368
587,4,10,150,70,0.019492972026130224
588,4,10,150,70,0.13560342958033234
589,4,10,150,70,0.0
590,4,10,150,70,0.053845569940583225
591,4,10,150,70,0.0
592,4,10,150,70,0.3279852662632836
593,4,10,150,70,0.07711036365720102
594,4,10,150,70,0.0
595,4,10,150,70,0.10296141646738245
596,4,10,150,70,0.0
597,4,10,150,70,0.27101620591530523
598,4,10,150,70,0.0684591776394769
599,4,10,150,70,0.0
600,4,10,150,70,0.09197011795311534
601,4,10,150,70,0.0
602,4,10,150,70,0.0
603,4,10,150,70,0.0
604,4,10,150,70,0.0
605,4,10,150,70,0.23939908411991156
606,4,10,150,70,0.16168049407206384
607,4,10,150,70,0.08673473912838402
608,4,10,150,70,0.10661266864439813
609,4,10,150,70,0.0
610,4,10,150,70,0.19303241878686786
611,4,10,150,70,0.07624568872860434
612,4,10,150,70,0.0
613,4,10,150,70,0.08385150490449667
614,4,10,150,70,0.0
615,4,10,150,70,0.04919117729584568
616,4,10,150,70,0.03618657486793958
617,4,10,150,70,0.0
618,4,10,150,70,0.1281253572826617
619,4,10,150,70,0.12363660028711727
620,4,10,150,70,0.14012037550990028
621,4,10,150,70,0.11278207190006835
622,4,10,150,70,0.18241748250491993
623,4,10,150,70,0.17494254380936963
624,4,10,150,70,0.06626749824739844
625,4,10,150,70,0.0
626,4,10,150,70,0.06228974831361337
627,4,10,150,70,0.06945233499530101
628,4,10,150,70,0.0
629,4,10,150,70,0.16000142907167028
630,4,10,150,70,0.15874779570678058
631,4,10,150,70,0.0
632,4,10,150,70,0.12112269717167994
633,4,10,150,70,0.11499138576948859
634,4,10,150,70,0.022104381789790163
635,4,10,150,70,0.04546401530948942
636,4,10,150,70,0.11426572661305327
637,4,10,150,70,0.01928973283308616
638,4,10,150,70,0.09712868482236708
639,4,10,150,70,0.03138892079718151
640,4,10,150,70,0.10536866733091729
641,4,10,150,70,0.07675099783970546
642,4,10,150,70,0.12726343730308537
643,4,10,150,70,0.11071279041815515
644,4,10,150,70,0.04935421935348238
645,4,10,150,70,0.17581821458755492
646,4,10,150,70,0.0
647,4,10,150,70,0.05363388010108191
648,4,10,150,70,0.13295915714530884
649,4,10,150,70,0.15489949502599
650,4,10,150,70,0.07433527411237152
651,4,10,150,70,0.0
652,4,10,150,70,0.08156220960446063
653,4,10,150,70,0.10125558363987959
654,4,10,150,70,0.21255442687635834
655,4,10,150,70,0.21416477035079437
656,4,10,150,70,0.07397229644086958
657,4,10,150,70,0.04140815094666367
658,4,10,150,70,0.2625403796417579
659,4,10,150,70,0.08781544355121487
660,4,10,150,70,0.07682040659958697
661,4,10,150,70,0.08605775303302886
662,4,10,150,70,0.0512644431393966
663,4,10,150,70,0.24026856780584893
664,4,10,150,70,0.28517362059082263
665,4,10,150,70,0.0
666,4,10,150,70,0.17795094541875892
667,4,10,150,70,0.28468511714771283
668,4,10,150,70,0.06194403202282284
669,4,10,150,70,0.1348578320198433
670,4,10,150,70,0.06613087842005526
671,4,10,150,70,0.19261980316946112
672,4,10,150,70,0.03603026685992244
673,4,10,150,70,0.14837758007547783
674,4,10,150,70,0.11338915993603582
675,4,10,150,70,0.0
676,4,10,150,70,0.19009456031551833
677,4,10,150,70,0.03314040476303028
678,4,10,150,70,0.03824432123396675
679,4,10,150,70,0.15527711509166947
680,4,10,150,70,0.11377863936243801
681,4,10,150,70,0.0
682,4,10,150,70,0.1323656794254868
683,4,10,150,70,0.0
684,4,10,150,70,0.06573003977381581
685,4,10,150,70,0.1906465758273748
686,4,10,150,70,0.1448746216863233
687,4,10,150,70,0.0
688,4,10,150,70,0.0
689,4,10,150,70,0.21046485047453145
690,4,10,150,70,0.09361528901296776
691,4,10,150,70,0.09842092178212862
692,4,10,150,70,0.1753901755134814
693,4,10,150,70,0.0
694,4,10,150,70,0.2448812985235888
695,4,10,150,70,0.0
696,4,10,150,70,0.039725595076707886
697,4,10,150,70,0.04239477130634912
698,4,10,150,70,0.041937660325009396
699,4,10,150,70,0.06339169989706635
700,4,10,150,70,0.12729890218214104
701,4,10,150,70,0.03902876023380719
702,4,10,150,70,0.037715680681715956
703,4,10,150,70,0.11918688501400482
704,4,10,150,70,0.23659106617286202
705,4,10,150,70,0.22667088038444094
706,4,10,150,70,0.04395738023645723
707,4,10,150,70,0.05852391080163224
708,4,10,150,70,0.07186325791519563
709,4,10,150,70,0.13472082394875662
710,4,10,150,70,0.10695361352497157
711,4,10,150,70,0.19562561965149464
712,4,10,150,70,0.15511023313323485
713,4,10,150,70,0.1468735732232516
714,4,10,150,70,0.03441184191455828
715,4,10,150,70,0.0
716,4,10,150,70,0.21959883479045966
717,4,10,150,70,0.09054670163637572
718,4,10,150,70,0.035328385129692476
719,4,10,150,70,0.09883437846193516
720,4,10,150,70,0.0
721,4,10,150,70,0.1626199557578681
722,4,10,150,70,0.06556429791586475
723,4,10,150,70,0.0
724,4,10,150,70,0.0
725,4,10,150,70,0.0
726,4,10,150,70,0.05010834716923557
727,4,10,150,70,0.13188297904600893
728,4,10,150,70,0.09627818061559096
729,4,10,150,70,0.0
730,4,10,150,70,0.02601736765943984
731,4,10,150,70,0.13032711631493252
732,4,10,150,70,0.0
733,4,10,150,70,0.14514596345398123
734,4,10,150,70,0.0
735,4,10,150,70,0.0
736,4,10,150,70,0.03351972906068008
737,4,10,150,70,0.1138970555583582
738,4,10,150,70,0.13922998739868644
739,4,10,150,70,0.03855307727568851
740,4,10,150,70,0.0
741,4,10,150,70,0.05358697798864893
742,4,10,150,70,0.0488929053971083
743,4,10,150,70,0.0690623255281084
744,4,10,150,70,0.03596673601130318
745,4,10,150,70,0.03520132288421838
746,4,10,150,70,0.25743994347908983
747,4,10,150,70,0.4130827943598098
748,4,10,150,70,0.09621648119325965
749,4,10,150,70,0.1392083643558674
750,4,10,150,70,0.07184731398235064
751,4,10,150,70,0.07910275701824855
752,4,10,150,70,0.023242424817620892
753,4,10,150,70,0.15780803084928155
754,4,10,150,70,0.0
755,4,10,150,70,0.03855371268423985
756,4,10,150,70,0.031104745345423533
757,4,10,150,70,0.0
758,4,10,150,70,0.26193798130696344
759,4,10,150,70,0.08145040004058159
760,4,10,150,70,0.03004859059698017
761,4,10,150,70,0.06869287000000811
762,4,10,150,70,0.051960280791503534
763,4,10,150,70,0.04542386553984721
764,4,10,150,70,0.08946696896639536
765,4,10,150,70,0.15066101840234988
766,4,10,150,70,0.023823431574733288
767,4,10,150,70,0.13884445379214724
768,4,10,150,70,0.08438032815655525
769,4,10,150,70,0.0
770,4,10,150,70,0.21464739068424896
771,4,10,150,70,0.32869562799119006
772,4,10,150,70,0.17356150297482983
773,4,10,150,70,0.08696710392235718
774,4,10,150,70,0.05855967076923829
775,4,10,150,70,0.038478285726379145
776,4,10,150,70,0.15403842856019037
777,4,10,150,70,0.0
778,4,10,150,70,0.1631238413472767
779,4,10,150,70,0.0
780,4,10,150,70,0.09911168261706653
781,4,10,150,70,0.2016539629141292
782,4,10,150,70,0.04038985519660321
783,4,10,150,70,0.0
784,4,10,150,70,0.029814614753779622
785,4,10,150,70,0.0
786,4,10,150,70,0.0
787,4,10,150,70,0.0
788,4,10,150,70,0.23631984658430472
789,4,10,150,70,0.08809718769055445
790,4,10,150,70,0.020273139410169717
791,4,10,150,70,0.04465281017341861
792,4,10,150,70,0.08944329533390502
793,4,10,150,70,0.0
794,4,10,150,70,0.04108065887337468
795,4,10,150,70,0.034092229848757476
796,4,10,150,70,0.3401119787414133
797,4,10,150,70,0.11278903329502893
798,4,10,150,70,0.038781786499588675
799,4,10,150,70,0.0
800,4,10,150,70,0.03244993904038569
801,4,10,150,70,0.1561471668577559
802,4,10,150,70,0.06960082070980815
803,4,10,150,70,0.10569353498973794
804,4,10,150,70,0.1258964230132413
805,4,10,150,70,0.11043247287053931
806,4,10,150,70,0.2959152150106387
807,4,10,150,70,0.110879150553515
808,4,10,150,70,0.1025417224926713
809,4,10,150,70,0.10356976056061801
810,4,10,150,70,0.0
811,4,10,150,70,0.0
812,4,10,150,70,0.03260477305529222
813,4,10,150,70,0.0
814,4,10,150,70,0.034616222155696735
815,4,10,150,70,0.20132052254384167
816,4,10,150,70,0.0
817,4,10,150,70,0.0
818,4,10,150,70,0.05516788910004661
819,4,10,150,70,0.037210602758860095
820,4,10,150,70,0.0787987754690289
821,4,10,150,70,0.302950268110492
822,4,10,150,70,0.028653609888707104
823,4,10,150,70,0.18254573922548117
824,4,10,150,70,0.05046096657376444
825,4,10,150,70,0.08238190489603152
826,4,10,150,70,0.14101060791647543
827,4,10,150,70,0.0
828,4,10,150,70,0.05745618865524075
829,4,10,150,70,0.1751347628439014
830,4,10,150,70,0.20443782642227196
831,4,10,150,70,0.21058943716644085
832,4,10,150,70,0.0
833,4,10,150,70,0.16078407618089052
834,4,10,150,70,0.2706897351446418
835,4,10,150,70,0.17041307832807873
836,4,10,150,70,0.20050437359357948
837,4,10,150,70,0.05665916465450996
838,4,10,150,70,0.27895398740912175
839,4,10,150,70,0.10730655186373157
840,4,10,150,70,0.3442760795354277
841,4,10,150,70,0.06507217400164225
842,4,10,150,70,0.03947561302344988
843,4,10,150,70,0.0
844,4,10,150,70,0.05872188515498603
845,4,10,150,70,0.0
846,4,10,150,70,0.37462366630749183
847,4,10,150,70,0.05107153900660915
848,4,10,150,70,0.05957396506021444
849,4,10,150,70,0.0419387969316025
850,4,10,150,70,0.2721744638560368
851,4,10,150,70,0.07474750751580836
852,4,10,150,70,0.26227118260874954
853,4,10,150,70,0.0
854,4,10,150,70,0.03008628819498533
855,4,10,150,70,0.0
856,4,10,150,70,0.037110354711564805
857,4,10,150,70,0.0
858,4,10,150,70,0.10250982096838526
859,4,10,150,70,0.05070263548706836
860,4,10,150,70,0.10848832312989015
861,4,10,150,70,0.06460834446248033
862,4,10,150,70,0.09902019504072956
863,4,10,150,70,0.06336841123297353
864,4,10,150,70,0.4125210175916585
865,4,10,150,70,0.09772208899610854
866,4,10,150,70,0.16283687678415507
867,4,10,150,70,0.1858556726321321
868,4,10,150,70,0.21353991241112097
869,4,10,150,70,0.0587446084443979
870,4,10,150,70,0.25150918407209477
871,4,10,150,70,0.07012986265386374
872,4,10,150,70,0.02804794621397926
873,4,10,150,70,0.0
874,4,10,150,70,0.13944914190808633
875,4,10,150,70,0.11729943308729383
876,4,10,150,70,0.08671382849411972
877,4,10,150,70,0.0835317778614811
878,4,10,150,70,0.1706804422753891
879,4,10,150,70,0.03963466998423315
880,4,10,150,70,0.3342063294070841
881,4,10,150,70,0.10721933033651408
882,4,10,150,70,0.21288820648214166
883,4,10,150,70,0.3073683243983723
884,4,10,150,70,0.11407805705099587
885,4,10,150,70,0.04536087033637415
886,4,10,150,70,0.18297923550210646
887,4,10,150,70,0.10619950488794276
888,4,10,150,70,0.11625487663628292
889,4,10,150,70,0.010731237942358864
890,4,10,150,70,0.11434431442033766
891,4,10,150,70,0.10491091696774645
892,4,10,150,70,0.23753259502500496
893,4,10,150,70,0.10869735563398858
894,4,10,150,70,0.10109099787733146
895,4,10,150,70,0.0
896,4,10,150,70,0.2981712978464358
897,4,10,150,70,0.3116463385102103
898,4,10,150,70,0.0
899,4,10,150,70,0.05684415375822261
900,4,10,150,70,0.055315677011973347
901,4,10,150,70,0.19447772481984943
902,4,10,150,70,0.05978585424799658
903,4,10,150,70,0.23389434103643633
904,4,10,150,70,0.0
905,4,10,150,70,0.0
906,4,10,150,70,0.10407444169186962
907,4,10,150,70,0.058866326113661355
908,4,10,150,70,0.06892767477436933
909,4,10,150,70,0.0
910,4,10,150,70,0.0
911,4,10,150,70,0.13243052909755645
912,4,10,150,70,0.17642343579737088
913,4,10,150,70,0.07219927248779984
914,4,10,150,70,0.0
915,4,10,150,70,0.0
916,4,10,150,70,0.2360333723486651
917,4,10,150,70,0.0
918,4,10,150,70,0.043627084055128
919,4,10,150,70,0.09459185363968527
920,4,10,150,70,0.0
921,4,10,150,70,0.15405864814296488
922,4,10,150,70,0.1280645281724967
923,4,10,150,70,0.02142307850464013
924,4,10,150,70,0.018280262702529162
925,4,10,150,70,0.0
926,4,10,150,70,0.0
927,4,10,150,70,0.09447575046156538
928,4,10,150,70,0.1873259908039563
929,4,10,150,70,0.25163227912988373
930,4,10,150,70,0.032298243696638564
931,4,10,150,70,0.08679587898287541
932,4,10,150,70,0.2664309680883739
933,4,10,150,70,0.1138451190605383
934,4,10,150,70,0.10071040486185964
935,4,10,150,70,0.04173963774222741
936,4,10,150,70,0.1321191921354211
937,4,10,150,70,0.0
938,4,10,150,70,0.1661428141234511
939,4,10,150,70,0.02916862694666808
940,4,10,150,70,0.050684733114198
941,4,10,150,70,0.0
942,4,10,150,70,0.10504870308911567
943,4,10,150,70,0.20163692230838232
1,4,10,150,71,0.4058715898896693
2,4,10,150,71,0.06250343848035038
3,4,10,150,71,0.0
4,4,10,150,71,0.0
5,4,10,150,71,0.040209635547393256
6,4,10,150,71,0.27020011346731576
7,4,10,150,71,0.29136519416833906
8,4,10,150,71,0.0
9,4,10,150,71,0.21840743681816419
10,4,10,150,71,0.21491451057814584
11,4,10,150,71,0.1722584975122812
12,4,10,150,71,0.0
13,4,10,150,71,0.24495812350821025
14,4,10,150,71,0.03963175841995263
15,4,10,150,71,0.05010834716923557
16,4,10,150,71,0.053168340515114924
17,4,10,150,71,0.0
18,4,10,150,71,0.24724966735366713
19,4,10,150,71,0.0
20,4,10,150,71,0.0
21,4,10,150,71,0.0
22,4,10,150,71,0.11702382382650763
23,4,10,150,71,0.23682446174402746
24,4,10,150,71,0.0
25,4,10,150,71,0.12358102547512423
26,4,10,150,71,0.0
27,4,10,150,71,0.0
28,4,10,150,71,0.0
29,4,10,150,71,0.13455232720853103
30,4,10,150,71,0.0
31,4,10,150,71,0.0
32,4,10,150,71,0.0
33,4,10,150,71,0.0
35,4,10,150,71,0.10523285614729473
36,4,10,150,71,0.0
37,4,10,150,71,0.0
38,4,10,150,71,0.04739418218477539
39,4,10,150,71,0.0
40,4,10,150,71,0.10558114683788161
41,4,10,150,71,0.0
42,4,10,150,71,0.0683037314796457
43,4,10,150,71,0.22592974817952552
44,4,10,150,71,0.2044921015662719
45,4,10,150,71,0.05200670101006268
46,4,10,150,71,0.11284514134893527
47,4,10,150,71,0.06250343848035038
48,4,10,150,71,0.0
49,4,10,150,71,0.0
50,4,10,150,71,0.0
51,4,10,150,71,0.16812753627111746
52,4,10,150,71,0.0
54,4,10,150,71,0.0
56,4,10,150,71,0.20383503459815738
57,4,10,150,71,0.3030555992505742
58,4,10,150,71,0.3717269535737058
59,4,10,150,71,0.2378606442039324
60,4,10,150,71,0.1505674224523334
61,4,10,150,71,0.07763867093308688
62,4,10,150,71,0.08314631791322982
63,4,10,150,71,0.0
64,4,10,150,71,0.04238468688770069
65,4,10,150,71,0.13012668333070054
66,4,10,150,71,0.0
67,4,10,150,71,0.0
68,4,10,150,71,0.4827392464262081
69,4,10,150,71,0.07673373981757839
70,4,10,150,71,0.0
71,4,10,150,71,0.0
72,4,10,150,71,0.031239588460834872
73,4,10,150,71,0.0
74,4,10,150,71,0.0
75,4,10,150,71,0.049432410190049694
76,4,10,150,71,0.1301464707340554
77,4,10,150,71,0.10201115106436301
78,4,10,150,71,0.0
79,4,10,150,71,0.27487633291429087
80,4,10,150,71,0.0
81,4,10,150,71,0.0
82,4,10,150,71,0.19298623480417013
83,4,10,150,71,0.12089611529519323
84,4,10,150,71,0.05034889199379723
85,4,10,150,71,0.0
87,4,10,150,71,0.07100089300395272
89,4,10,150,71,0.2553387838830436
90,4,10,150,71,0.10247188479303698
91,4,10,150,71,0.05648147012627732
92,4,10,150,71,0.10542637391232386
93,4,10,150,71,0.0
94,4,10,150,71,0.12315199805289229
95,4,10,150,71,0.17287436926807473
96,4,10,150,71,0.10181164814261426
97,4,10,150,71,0.06462745615384195
98,4,10,150,71,0.0930297504356062
99,4,10,150,71,0.05658242244874664
100,4,10,150,71,0.0
101,4,10,150,71,0.0
102,4,10,150,71,0.02424726876918863
103,4,10,150,71,0.0
104,4,10,150,71,0.0
105,4,10,150,71,0.0
106,4,10,150,71,0.0
107,4,10,150,71,0.0
108,4,10,150,71,0.0
109,4,10,150,71,0.07103066762111539
110,4,10,150,71,0.0
111,4,10,150,71,0.0
112,4,10,150,71,0.05685954565780693
113,4,10,150,71,0.053168340515114924
114,4,10,150,71,0.0
115,4,10,150,71,0.10684080426179023
116,4,10,150,71,0.0
117,4,10,150,71,0.26646890433550474
118,4,10,150,71,0.0
119,4,10,150,71,0.2063582228182277
120,4,10,150,71,0.0
121,4,10,150,71,0.271985059917519
122,4,10,150,71,0.1530100230930498
123,4,10,150,71,0.07386004580671933
125,4,10,150,71,0.12702645795516354
126,4,10,150,71,0.06911917000496234
127,4,10,150,71,0.23132283185955704
128,4,10,150,71,0.05750548798281727
129,4,10,150,71,0.0
130,4,10,150,71,0.19839806705808383
131,4,10,150,71,0.06556385272536247
133,4,10,150,71,0.11047239495909743
134,4,10,150,71,0.0
135,4,10,150,71,0.0
137,4,10,150,71,0.1371200812351206
138,4,10,150,71,0.0
139,4,10,150,71,0.0
141,4,10,150,71,0.0
142,4,10,150,71,0.13373003436102654
143,4,10,150,71,0.1208996448617798
144,4,10,150,71,0.1227945149537572
145,4,10,150,71,0.1075804523117992
146,4,10,150,71,0.0
148,4,10,150,71,0.1536601205062077
149,4,10,150,71,0.0
150,4,10,150,71,0.10235170428306553
151,4,10,150,71,0.06298430394440727
152,4,10,150,71,0.040655755922716606
153,4,10,150,71,0.0
154,4,10,150,71,0.06372882143962796
155,4,10,150,71,0.0
156,4,10,150,71,0.0
158,4,10,150,71,0.17575552384613552
159,4,10,150,71,0.03310852000739229
160,4,10,150,71,0.0
161,4,10,150,71,0.0
162,4,10,150,71,0.0
163,4,10,150,71,0.0
164,4,10,150,71,0.0
165,4,10,150,71,0.12114889742360979
166,4,10,150,71,0.0
167,4,10,150,71,0.0
168,4,10,150,71,0.23504554941448536
169,4,10,150,71,0.06416923277158361
170,4,10,150,71,0.0
171,4,10,150,71,0.0
172,4,10,150,71,0.0
173,4,10,150,71,0.05840183867278569
174,4,10,150,71,0.08712841477105211
175,4,10,150,71,0.0
176,4,10,150,71,0.09511409151391914
177,4,10,150,71,0.06912040963822193
178,4,10,150,71,0.2437589399037192
179,4,10,150,71,0.06723507268634088
180,4,10,150,71,0.12262943855309168
181,4,10,150,71,0.03237044210806213
182,4,10,150,71,0.0
183,4,10,150,71,0.0
184,4,10,150,71,0.11356458502877588
185,4,10,150,71,0.07745351606183934
186,4,10,150,71,0.22147164648185297
187,4,10,150,71,0.08625091781054979
188,4,10,150,71,0.054384419234677496
189,4,10,150,71,0.23042891886703956
190,4,10,150,71,0.10699313236726378
191,4,10,150,71,0.0
192,4,10,150,71,0.0
193,4,10,150,71,0.0
194,4,10,150,71,0.09747680426009508
195,4,10,150,71,0.0
196,4,10,150,71,0.0
197,4,10,150,71,0.05576624569167862
198,4,10,150,71,0.0
199,4,10,150,71,0.0
200,4,10,150,71,0.11302970636219896
201,4,10,150,71,0.06425121619109513
203,4,10,150,71,0.0
204,4,10,150,71,0.0
205,4,10,150,71,0.0
206,4,10,150,71,0.0
207,4,10,150,71,0.050513241088636716
209,4,10,150,71,0.0
210,4,10,150,71,0.09440608278107551
211,4,10,150,71,0.0
212,4,10,150,71,0.12681701683239352
213,4,10,150,71,0.2384146878320104
214,4,10,150,71,0.056720838976548935
215,4,10,150,71,0.0
216,4,10,150,71,0.03497205398870122
217,4,10,150,71,0.0
218,4,10,150,71,0.19092086617893467
219,4,10,150,71,0.0
221,4,10,150,71,0.3375735570145491
222,4,10,150,71,0.12476107276951183
223,4,10,150,71,0.03870447337439288
224,4,10,150,71,0.0
225,4,10,150,71,0.0
226,4,10,150,71,0.08080765379783027
227,4,10,150,71,0.0
228,4,10,150,71,0.0
229,4,10,150,71,0.0
230,4,10,150,71,0.23712439662683835
231,4,10,150,71,0.0
232,4,10,150,71,0.3234992853586256
233,4,10,150,71,0.0968152409481219
234,4,10,150,71,0.06411917231744522
235,4,10,150,71,0.06065881345112158
236,4,10,150,71,0.0
237,4,10,150,71,0.0
238,4,10,150,71,0.0
239,4,10,150,71,0.11792279130466408
240,4,10,150,71,0.05497526658285817
242,4,10,150,71,0.0
243,4,10,150,71,0.09267768927614353
244,4,10,150,71,0.15765545519871427
245,4,10,150,71,0.10704534003732354
246,4,10,150,71,0.11120150311654428
247,4,10,150,71,0.0
248,4,10,150,71,0.14830051302014485
249,4,10,150,71,0.31180658179892495
250,4,10,150,71,0.3503302816689379
251,4,10,150,71,0.0
252,4,10,150,71,0.0
253,4,10,150,71,0.05954496680255472
254,4,10,150,71,0.0
255,4,10,150,71,0.0
256,4,10,150,71,0.16583176898817792
257,4,10,150,71,0.3305900772260718
258,4,10,150,71,0.0
259,4,10,150,71,0.0
260,4,10,150,71,0.0
261,4,10,150,71,0.0
262,4,10,150,71,0.0
263,4,10,150,71,0.12774011823457565
264,4,10,150,71,0.05840183867278569
265,4,10,150,71,0.10209739512291163
267,4,10,150,71,0.09794101962538232
268,4,10,150,71,0.12816798712864202
269,4,10,150,71,0.13223875150584097
270,4,10,150,71,0.046726672111120165
271,4,10,150,71,0.12276482551434069
272,4,10,150,71,0.14498698048571354
273,4,10,150,71,0.0
274,4,10,150,71,0.0
275,4,10,150,71,0.04605780568615433
276,4,10,150,71,0.20223032365941937
277,4,10,150,71,0.0
279,4,10,150,71,0.06493409231178052
280,4,10,150,71,0.03337620304869898
281,4,10,150,71,0.0
283,4,10,150,71,0.1292258709239571
284,4,10,150,71,0.0
285,4,10,150,71,0.1185995982858366
286,4,10,150,71,0.3005968627632655
287,4,10,150,71,0.11352455583778437
288,4,10,150,71,0.12538054736008386
289,4,10,150,71,0.13905617951077562
290,4,10,150,71,0.0
291,4,10,150,71,0.23494592513118112
292,4,10,150,71,0.08933583385868532
293,4,10,150,71,0.2344161202530718
294,4,10,150,71,0.04123398036294628
295,4,10,150,71,0.2670961153715764
296,4,10,150,71,0.5087533365407171
297,4,10,150,71,0.13535082686131417
298,4,10,150,71,0.19947114504638494
299,4,10,150,71,0.0
300,4,10,150,71,0.0
301,4,10,150,71,0.047934103497110726
303,4,10,150,71,0.11577931806589845
304,4,10,150,71,0.0
305,4,10,150,71,0.31514747987601716
306,4,10,150,71,0.0
307,4,10,150,71,0.1383141340724969
308,4,10,150,71,0.19205342317019936
309,4,10,150,71,0.0
310,4,10,150,71,0.0
311,4,10,150,71,0.08938791352906189
312,4,10,150,71,0.14069579419580536
313,4,10,150,71,0.14465709645474623
314,4,10,150,71,0.20285519102295546
315,4,10,150,71,0.0
316,4,10,150,71,0.04568304891751105
317,4,10,150,71,0.0
318,4,10,150,71,0.13815200906377123
319,4,10,150,71,0.0
320,4,10,150,71,0.0
321,4,10,150,71,0.062242588308449316
322,4,10,150,71,0.17342765698823945
323,4,10,150,71,0.14126697285982898
324,4,10,150,71,0.0
325,4,10,150,71,0.0
326,4,10,150,71,0.0634222181618871
327,4,10,150,71,0.0
328,4,10,150,71,0.1437524526514495
329,4,10,150,71,0.0
330,4,10,150,71,0.0536466452928127
331,4,10,150,71,0.16958010263680806
332,4,10,150,71,0.024647523009140075
333,4,10,150,71,0.0
334,4,10,150,71,0.07058424671826317
336,4,10,150,71,0.0
337,4,10,150,71,0.16716045496620227
338,4,10,150,71,0.05005165434923901
339,4,10,150,71,0.1344957225763306
340,4,10,150,71,0.0
341,4,10,150,71,0.0
342,4,10,150,71,0.2625072992734236
343,4,10,150,71,0.28732332399638805
344,4,10,150,71,0.23832550406045652
345,4,10,150,71,0.056149696530797676
346,4,10,150,71,0.13947804593499064
347,4,10,150,71,0.08705643551438974
348,4,10,150,71,0.071942683897578
349,4,10,150,71,0.07673373981757839
350,4,10,150,71,0.2065896325117088
351,4,10,150,71,0.0
352,4,10,150,71,0.0
353,4,10,150,71,0.0
354,4,10,150,71,0.051249224710132255
355,4,10,150,71,0.0
356,4,10,150,71,0.08406376813555873
357,4,10,150,71,0.05006331611131463
358,4,10,150,71,0.20438239758848611
359,4,10,150,71,0.0
360,4,10,150,71,0.06752012359727312
361,4,10,150,71,0.09622728274290568
362,4,10,150,71,0.0
363,4,10,150,71,0.2000219371064626
364,4,10,150,71,0.0
365,4,10,150,71,0.0
366,4,10,150,71,0.0
367,4,10,150,71,0.07630862162354303
368,4,10,150,71,0.0
369,4,10,150,71,0.0
370,4,10,150,71,0.13479984916817475
371,4,10,150,71,0.22569563125869263
372,4,10,150,71,0.0
373,4,10,150,71,0.062173010658778456
374,4,10,150,71,0.06834943074719504
375,4,10,150,71,0.0
376,4,10,150,71,0.0
377,4,10,150,71,0.08010929472340098
378,4,10,150,71,0.16448029476168333
379,4,10,150,71,0.14951641492682458
380,4,10,150,71,0.0
381,4,10,150,71,0.05105625351125917
382,4,10,150,71,0.0
383,4,10,150,71,0.04838338183089434
384,4,10,150,71,0.0
385,4,10,150,71,0.0
386,4,10,150,71,0.0
387,4,10,150,71,0.11497906462099297
388,4,10,150,71,0.04511904280884329
389,4,10,150,71,0.17394090433083284
390,4,10,150,71,0.0
391,4,10,150,71,0.2137247802747043
392,4,10,150,71,0.056679935917756406
393,4,10,150,71,0.054235696447924676
394,4,10,150,71,0.11073655428626575
395,4,10,150,71,0.09179488000267515
396,4,10,150,71,0.0
397,4,10,150,71,0.2710147943938467
398,4,10,150,71,0.18852571653533698
399,4,10,150,71,0.06179253091908095
400,4,10,150,71,0.0
401,4,10,150,71,0.0
402,4,10,150,71,0.08963222225173058
403,4,10,150,71,0.0854499779566911
404,4,10,150,71,0.0
405,4,10,150,71,0.06993504760052523
406,4,10,150,71,0.20956416940551098
407,4,10,150,71,0.06232415948793755
408,4,10,150,71,0.0
409,4,10,150,71,0.12740448328320192
410,4,10,150,71,0.0
411,4,10,150,71,0.0
412,4,10,150,71,0.0
413,4,10,150,71,0.041646268351119564
414,4,10,150,71,0.0
415,4,10,150,71,0.15103391472831218
416,4,10,150,71,0.2200039995691806
417,4,10,150,71,0.09850508837083022
418,4,10,150,71,0.0
419,4,10,150,71,0.1208113026994942
420,4,10,150,71,0.06052048269976269
421,4,10,150,71,0.19620555836557932
422,4,10,150,71,0.07550298029238112
423,4,10,150,71,0.053845569940583225
424,4,10,150,71,0.2766918177656049
425,4,10,150,71,0.1674157226455415
426,4,10,150,71,0.040759261617270684
427,4,10,150,71,0.0
428,4,10,150,71,0.04415960465480069
429,4,10,150,71,0.14355264986043786
430,4,10,150,71,0.0
431,4,10,150,71,0.0
432,4,10,150,71,0.05789711601244791
433,4,10,150,71,0.05780921899607981
434,4,10,150,71,0.20778267687568405
435,4,10,150,71,0.17195543683824452
436,4,10,150,71,0.0
437,4,10,150,71,0.10867290175167639
438,4,10,150,71,0.0
439,4,10,150,71,0.10863976191957724
440,4,10,150,71,0.0
441,4,10,150,71,0.07736100002633538
442,4,10,150,71,0.040949887133979804
443,4,10,150,71,0.06783204105472322
444,4,10,150,71,0.1312721899408984
445,4,10,150,71,0.0
446,4,10,150,71,0.0
447,4,10,150,71,0.16246725303708914
448,4,10,150,71,0.0
449,4,10,150,71,0.1882329728596757
450,4,10,150,71,0.2560551864508889
451,4,10,150,71,0.06148915918944534
452,4,10,150,71,0.10773098771530253
453,4,10,150,71,0.0
454,4,10,150,71,0.0
455,4,10,150,71,0.0962493458910181
456,4,10,150,71,0.018650043077523788
457,4,10,150,71,0.2974024120042739
458,4,10,150,71,0.06982799741808067
459,4,10,150,71,0.0
460,4,10,150,71,0.05184030722866645
461,4,10,150,71,0.0
462,4,10,150,71,0.0
463,4,10,150,71,0.11987424504051505
464,4,10,150,71,0.0
465,4,10,150,71,0.0
466,4,10,150,71,0.0
467,4,10,150,71,0.07807600999842033
468,4,10,150,71,0.11455543964849552
469,4,10,150,71,0.05165643482805862
470,4,10,150,71,0.0
471,4,10,150,71,0.0
472,4,10,150,71,0.09001362813522405
473,4,10,150,71,0.06140244428718695
474,4,10,150,71,0.24593822460513717
475,4,10,150,71,0.0
476,4,10,150,71,0.0
477,4,10,150,71,0.0
478,4,10,150,71,0.2345109835167376
479,4,10,150,71,0.10172348796286074
480,4,10,150,71,0.0741070054529978
481,4,10,150,71,0.13102204196909084
482,4,10,150,71,0.0
483,4,10,150,71,0.05658242244874664
484,4,10,150,71,0.29539974213048126
485,4,10,150,71,0.0
486,4,10,150,71,0.0
487,4,10,150,71,0.09557986065110975
488,4,10,150,71,0.0
489,4,10,150,71,0.0
490,4,10,150,71,0.0
491,4,10,150,71,0.14208678740137623
492,4,10,150,71,0.0
493,4,10,150,71,0.1475552329391869
494,4,10,150,71,0.0
495,4,10,150,71,0.16394836376720962
496,4,10,150,71,0.06723229289182285
497,4,10,150,71,0.07671760639820283
498,4,10,150,71,0.0
499,4,10,150,71,0.05075938465928585
500,4,10,150,71,0.09541527213731128
501,4,10,150,71,0.0
502,4,10,150,71,0.0
503,4,10,150,71,0.07192387398891865
504,4,10,150,71,0.08148269775823089
505,4,10,150,71,0.07379217622092994
506,4,10,150,71,0.13198367414767273
507,4,10,150,71,0.05319635904163211
508,4,10,150,71,0.0
509,4,10,150,71,0.0
510,4,10,150,71,0.0
511,4,10,150,71,0.08495943917278885
512,4,10,150,71,0.05478392673173268
513,4,10,150,71,0.0
514,4,10,150,71,0.27252722616773445
515,4,10,150,71,0.11706259313796354
516,4,10,150,71,0.0
517,4,10,150,71,0.08878770367712427
518,4,10,150,71,0.0
519,4,10,150,71,0.0
520,4,10,150,71,0.0
521,4,10,150,71,0.09850628252086785
522,4,10,150,71,0.12524561954372188
523,4,10,150,71,0.05782495986511108
524,4,10,150,71,0.1283825351773177
525,4,10,150,71,0.0
526,4,10,150,71,0.15355181494703254
527,4,10,150,71,0.1636135858112592
528,4,10,150,71,0.10209739512291163
529,4,10,150,71,0.0
530,4,10,150,71,0.0
531,4,10,150,71,0.1517763576041802
532,4,10,150,71,0.2633677187406756
533,4,10,150,71,0.11557545112991054
534,4,10,150,71,0.1046638363823608
535,4,10,150,71,0.13889821983463596
536,4,10,150,71,0.15105160768725473
537,4,10,150,71,0.32924501783353277
538,4,10,150,71,0.14697776980950736
539,4,10,150,71,0.04478826142555715
540,4,10,150,71,0.0
541,4,10,150,71,0.0586415067779619
542,4,10,150,71,0.049033875503285806
543,4,10,150,71,0.04953295293703468
544,4,10,150,71,0.05282936728943967
545,4,10,150,71,0.02244213465825961
546,4,10,150,71,0.05758752804519195
547,4,10,150,71,0.0
548,4,10,150,71,0.12908029235254362
549,4,10,150,71,0.0
550,4,10,150,71,0.04785685030080952
551,4,10,150,71,0.0910925691220798
552,4,10,150,71,0.1205344274731702
553,4,10,150,71,0.07411563356774664
554,4,10,150,71,0.12627825946936164
555,4,10,150,71,0.0
556,4,10,150,71,0.07660623398069263
557,4,10,150,71,0.031742154565302834
558,4,10,150,71,0.08878770367712427
559,4,10,150,71,0.09986350037763675
560,4,10,150,71,0.09375790921485552
561,4,10,150,71,0.11334905752263853
562,4,10,150,71,0.07930308311174379
563,4,10,150,71,0.0
564,4,10,150,71,0.15437610727371853
565,4,10,150,71,0.0
566,4,10,150,71,0.03579489106983033
567,4,10,150,71,0.1471381878632886
568,4,10,150,71,0.036155150901276155
569,4,10,150,71,0.18299769260789403
570,4,10,150,71,0.0
571,4,10,150,71,0.04988426711147283
572,4,10,150,71,0.16812753627111746
573,4,10,150,71,0.06437746926759551
574,4,10,150,71,0.051811563545175146
575,4,10,150,71,0.0
576,4,10,150,71,0.0
577,4,10,150,71,0.20541190363713152
578,4,10,150,71,0.05006331611131463
579,4,10,150,71,0.0
580,4,10,150,71,0.1471734367352052
581,4,10,150,71,0.14348105418014392
582,4,10,150,71,0.03190895161277091
583,4,10,150,71,0.0
584,4,10,150,71,0.06323567569191428
585,4,10,150,71,0.04173963774222741
586,4,10,150,71,0.05786021189691368
587,4,10,150,71,0.019492972026130224
588,4,10,150,71,0.13560342958033234
589,4,10,150,71,0.0
590,4,10,150,71,0.053845569940583225
591,4,10,150,71,0.0
592,4,10,150,71,0.3247499553866693
593,4,10,150,71,0.07711036365720102
594,4,10,150,71,0.044551000676675064
595,4,10,150,71,0.10296141646738245
596,4,10,150,71,0.0
597,4,10,150,71,0.27101620591530523
598,4,10,150,71,0.0684591776394769
599,4,10,150,71,0.0
600,4,10,150,71,0.09197011795311534
601,4,10,150,71,0.0
602,4,10,150,71,0.0
603,4,10,150,71,0.0
604,4,10,150,71,0.0
605,4,10,150,71,0.23939908411991156
606,4,10,150,71,0.16168049407206384
607,4,10,150,71,0.08673473912838402
608,4,10,150,71,0.10661266864439813
609,4,10,150,71,0.0
610,4,10,150,71,0.2146842601596213
611,4,10,150,71,0.07624568872860434
612,4,10,150,71,0.0
613,4,10,150,71,0.08385150490449667
614,4,10,150,71,0.0
615,4,10,150,71,0.04919117729584568
616,4,10,150,71,0.03618657486793958
617,4,10,150,71,0.0
618,4,10,150,71,0.1281253572826617
619,4,10,150,71,0.12363660028711727
620,4,10,150,71,0.14012037550990028
621,4,10,150,71,0.11278207190006835
622,4,10,150,71,0.18241748250491993
623,4,10,150,71,0.17494254380936963
624,4,10,150,71,0.06626749824739844
625,4,10,150,71,0.0
626,4,10,150,71,0.06228974831361337
627,4,10,150,71,0.06945233499530101
628,4,10,150,71,0.0
629,4,10,150,71,0.16000142907167028
630,4,10,150,71,0.15874779570678058
631,4,10,150,71,0.0
632,4,10,150,71,0.12112269717167994
633,4,10,150,71,0.11499138576948859
634,4,10,150,71,0.022104381789790163
635,4,10,150,71,0.04546401530948942
636,4,10,150,71,0.11426572661305327
637,4,10,150,71,0.01928973283308616
638,4,10,150,71,0.09712868482236708
639,4,10,150,71,0.03138892079718151
640,4,10,150,71,0.10536866733091729
641,4,10,150,71,0.07675099783970546
642,4,10,150,71,0.12600808584296372
643,4,10,150,71,0.11071279041815515
644,4,10,150,71,0.04935421935348238
645,4,10,150,71,0.17581821458755492
646,4,10,150,71,0.0
647,4,10,150,71,0.05363388010108191
648,4,10,150,71,0.13164762198960345
649,4,10,150,71,0.15489949502599
650,4,10,150,71,0.07360201641579314
651,4,10,150,71,0.0
652,4,10,150,71,0.08156220960446063
653,4,10,150,71,0.10025677873989038
654,4,10,150,71,0.21255442687635834
655,4,10,150,71,0.22191640290025752
656,4,10,150,71,0.07397229644086958
657,4,10,150,71,0.04140815094666367
658,4,10,150,71,0.2625403796417579
659,4,10,150,71,0.08781544355121487
660,4,10,150,71,0.07682040659958697
661,4,10,150,71,0.08605775303302886
662,4,10,150,71,0.0512644431393966
663,4,10,150,71,0.24026856780584893
664,4,10,150,71,0.28517362059082263
665,4,10,150,71,0.0
666,4,10,150,71,0.1761956024554108
667,4,10,150,71,0.28468511714771283
668,4,10,150,71,0.06194403202282284
669,4,10,150,71,0.1348578320198433
670,4,10,150,71,0.09267469812912739
671,4,10,150,71,0.19261980316946112
672,4,10,150,71,0.03603026685992244
673,4,10,150,71,0.14837758007547783
674,4,10,150,71,0.11338915993603582
675,4,10,150,71,0.0
676,4,10,150,71,0.19009456031551833
677,4,10,150,71,0.03314040476303028
678,4,10,150,71,0.03824432123396675
679,4,10,150,71,0.15527711509166947
680,4,10,150,71,0.11377863936243801
681,4,10,150,71,0.0
682,4,10,150,71,0.13105999845019578
683,4,10,150,71,0.0
684,4,10,150,71,0.06573003977381581
685,4,10,150,71,0.1906465758273748
686,4,10,150,71,0.1448746216863233
687,4,10,150,71,0.0
688,4,10,150,71,0.0
689,4,10,150,71,0.21046485047453145
690,4,10,150,71,0.09361528901296776
691,4,10,150,71,0.09842092178212862
692,4,10,150,71,0.1753901755134814
693,4,10,150,71,0.0
694,4,10,150,71,0.2448812985235888
695,4,10,150,71,0.0
696,4,10,150,71,0.039725595076707886
697,4,10,150,71,0.04239477130634912
698,4,10,150,71,0.041937660325009396
699,4,10,150,71,0.06339169989706635
700,4,10,150,71,0.12729890218214104
701,4,10,150,71,0.07712412595697886
702,4,10,150,71,0.037715680681715956
703,4,10,150,71,0.11918688501400482
704,4,10,150,71,0.23659106617286202
705,4,10,150,71,0.22667088038444094
706,4,10,150,71,0.04395738023645723
707,4,10,150,71,0.05794661948816654
708,4,10,150,71,0.07186325791519563
709,4,10,150,71,0.13472082394875662
710,4,10,150,71,0.10695361352497157
711,4,10,150,71,0.19369593024131596
712,4,10,150,71,0.15511023313323485
713,4,10,150,71,0.1468735732232516
714,4,10,150,71,0.03441184191455828
715,4,10,150,71,0.0
716,4,10,150,71,0.21743266889287602
717,4,10,150,71,0.09054670163637572
718,4,10,150,71,0.035328385129692476
719,4,10,150,71,0.09883437846193516
720,4,10,150,71,0.0
721,4,10,150,71,0.1626199557578681
722,4,10,150,71,0.06556429791586475
723,4,10,150,71,0.0
724,4,10,150,71,0.0
725,4,10,150,71,0.0
726,4,10,150,71,0.05010834716923557
727,4,10,150,71,0.1305820595217601
728,4,10,150,71,0.09627818061559096
729,4,10,150,71,0.0
730,4,10,150,71,0.02601736765943984
731,4,10,150,71,0.13032711631493252
732,4,10,150,71,0.0
733,4,10,150,71,0.14514596345398123
734,4,10,150,71,0.0
735,4,10,150,71,0.0
736,4,10,150,71,0.03351972906068008
737,4,10,150,71,0.1138970555583582
738,4,10,150,71,0.13922998739868644
739,4,10,150,71,0.03855307727568851
740,4,10,150,71,0.0
741,4,10,150,71,0.05358697798864893
742,4,10,150,71,0.0488929053971083
743,4,10,150,71,0.0690623255281084
744,4,10,150,71,0.03596673601130318
745,4,10,150,71,0.03520132288421838
746,4,10,150,71,0.25743994347908983
747,4,10,150,71,0.4188722605779525
748,4,10,150,71,0.09621648119325965
749,4,10,150,71,0.1378351857968199
750,4,10,150,71,0.07184731398235064
751,4,10,150,71,0.07832247193694894
752,4,10,150,71,0.023242424817620892
753,4,10,150,71,0.15780803084928155
754,4,10,150,71,0.0
755,4,10,150,71,0.03855371268423985
756,4,10,150,71,0.031104745345423533
757,4,10,150,71,0.010271498773679529
758,4,10,150,71,0.25935417377933945
759,4,10,150,71,0.08145040004058159
760,4,10,150,71,0.03004859059698017
761,4,10,150,71,0.06869287000000811
762,4,10,150,71,0.051960280791503534
763,4,10,150,71,0.05892228941894017
764,4,10,150,71,0.08946696896639536
765,4,10,150,71,0.15066101840234988
766,4,10,150,71,0.023823431574733288
767,4,10,150,71,0.13884445379214724
768,4,10,150,71,0.08438032815655525
769,4,10,150,71,0.0
770,4,10,150,71,0.21464739068424896
771,4,10,150,71,0.32869562799119006
772,4,10,150,71,0.17356150297482983
773,4,10,150,71,0.08696710392235718
774,4,10,150,71,0.05798202671245134
775,4,10,150,71,0.038478285726379145
776,4,10,150,71,0.15403842856019037
777,4,10,150,71,0.0
778,4,10,150,71,0.1631238413472767
779,4,10,150,71,0.0
780,4,10,150,71,0.09911168261706653
781,4,10,150,71,0.2016539629141292
782,4,10,150,71,0.039991441757758206
783,4,10,150,71,0.0
784,4,10,150,71,0.029814614753779622
785,4,10,150,71,0.0
786,4,10,150,71,0.0
787,4,10,150,71,0.0
788,4,10,150,71,0.23398874135288775
789,4,10,150,71,0.08809718769055445
790,4,10,150,71,0.0200731611941233
791,4,10,150,71,0.04465281017341861
792,4,10,150,71,0.08944329533390502
793,4,10,150,71,0.0
794,4,10,150,71,0.04108065887337468
795,4,10,150,71,0.034092229848757476
796,4,10,150,71,0.336757047598849
797,4,10,150,71,0.11278903329502893
798,4,10,150,71,0.03839923536518517
799,4,10,150,71,0.0
800,4,10,150,71,0.03244993904038569
801,4,10,150,71,0.1561471668577559
802,4,10,150,71,0.06960082070980815
803,4,10,150,71,0.10569353498973794
804,4,10,150,71,0.12465455604969723
805,4,10,150,71,0.10934314533860477
806,4,10,150,71,0.2959152150106387
807,4,10,150,71,0.1097854169054688
808,4,10,150,71,0.1025417224926713
809,4,10,150,71,0.10356976056061801
810,4,10,150,71,0.0
811,4,10,150,71,0.0
812,4,10,150,71,0.03260477305529222
813,4,10,150,71,0.0
814,4,10,150,71,0.034616222155696735
815,4,10,150,71,0.19933465749663273
816,4,10,150,71,0.0
817,4,10,150,71,0.0
818,4,10,150,71,0.05516788910004661
819,4,10,150,71,0.037210602758860095
820,4,10,150,71,0.0787987754690289
821,4,10,150,71,0.302950268110492
822,4,10,150,71,0.028653609888707104
823,4,10,150,71,0.1807450723164935
824,4,10,150,71,0.05046096657376444
825,4,10,150,71,0.08238190489603152
826,4,10,150,71,0.15278371679604155
827,4,10,150,71,0.0
828,4,10,150,71,0.05745618865524075
829,4,10,150,71,0.1751347628439014
830,4,10,150,71,0.20443782642227196
831,4,10,150,71,0.21058943716644085
832,4,10,150,71,0.0
833,4,10,150,71,0.15919807057648983
834,4,10,150,71,0.2706897351446418
835,4,10,150,71,0.17041307832807873
836,4,10,150,71,0.20050437359357948
837,4,10,150,71,0.05665916465450996
838,4,10,150,71,0.27895398740912175
839,4,10,150,71,0.10730655186373157
840,4,10,150,71,0.34088007288741873
841,4,10,150,71,0.06507217400164225
842,4,10,150,71,0.03947561302344988
843,4,10,150,71,0.0
844,4,10,150,71,0.05872188515498603
845,4,10,150,71,0.0
846,4,10,150,71,0.3709283051223682
847,4,10,150,71,0.05107153900660915
848,4,10,150,71,0.07066239904240339
849,4,10,150,71,0.0419387969316025
850,4,10,150,71,0.29160326485645294
851,4,10,150,71,0.07401018346823489
852,4,10,150,71,0.26227118260874954
853,4,10,150,71,0.0
854,4,10,150,71,0.02978951115818986
855,4,10,150,71,0.0
856,4,10,150,71,0.037110354711564805
857,4,10,150,71,0.0
858,4,10,150,71,0.10250982096838526
859,4,10,150,71,0.05070263548706836
860,4,10,150,71,0.10848832312989015
861,4,10,150,71,0.06460834446248033
862,4,10,150,71,0.09804344045150791
863,4,10,150,71,0.06336841123297353
864,4,10,150,71,0.4084518295142436
865,4,10,150,71,0.09772208899610854
866,4,10,150,71,0.16283687678415507
867,4,10,150,71,0.1858556726321321
868,4,10,150,71,0.21143351291005194
869,4,10,150,71,0.0587446084443979
870,4,10,150,71,0.24902824824205763
871,4,10,150,71,0.07012986265386374
872,4,10,150,71,0.02804794621397926
873,4,10,150,71,0.0
874,4,10,150,71,0.13944914190808633
875,4,10,150,71,0.13144128539341735
876,4,10,150,71,0.08671382849411972
877,4,10,150,71,0.0835317778614811
878,4,10,150,71,0.1706804422753891
879,4,10,150,71,0.03963466998423315
880,4,10,150,71,0.33090965274571194
881,4,10,150,71,0.10616169787157716
882,4,10,150,71,0.21288820648214166
883,4,10,150,71,0.3043363830725247
884,4,10,150,71,0.11407805705099587
885,4,10,150,71,0.04536087033637415
886,4,10,150,71,0.1811742925009799
887,4,10,150,71,0.10515193218088338
888,4,10,150,71,0.11625487663628292
889,4,10,150,71,0.010625382910424044
890,4,10,150,71,0.11434431442033766
891,4,10,150,71,0.10491091696774645
892,4,10,150,71,0.24505372277712578
893,4,10,150,71,0.10869735563398858
894,4,10,150,71,0.10009381648352524
895,4,10,150,71,0.0
896,4,10,150,71,0.29523007779101296
897,4,10,150,71,0.30857219801564995
898,4,10,150,71,0.0
899,4,10,150,71,0.05684415375822261
900,4,10,150,71,0.055315677011973347
901,4,10,150,71,0.20721814636370853
902,4,10,150,71,0.05978585424799658
903,4,10,150,71,0.23389434103643633
904,4,10,150,71,0.0
905,4,10,150,71,0.0
906,4,10,150,71,0.10407444169186962
907,4,10,150,71,0.058866326113661355
908,4,10,150,71,0.06892767477436933
909,4,10,150,71,0.0
910,4,10,150,71,0.0
911,4,10,150,71,0.13243052909755645
912,4,10,150,71,0.17642343579737088
913,4,10,150,71,0.07219927248779984
914,4,10,150,71,0.0
915,4,10,150,71,0.0
916,4,10,150,71,0.23370509295519196
917,4,10,150,71,0.0
918,4,10,150,71,0.043627084055128
919,4,10,150,71,0.09365878107698691
920,4,10,150,71,0.0
921,4,10,150,71,0.15405864814296488
922,4,10,150,71,0.1280645281724967
923,4,10,150,71,0.02142307850464013
924,4,10,150,71,0.018280262702529162
925,4,10,150,71,0.0
926,4,10,150,71,0.0
927,4,10,150,71,0.09447575046156538
928,4,10,150,71,0.1873259908039563
929,4,10,150,71,0.25163227912988373
930,4,10,150,71,0.032298243696638564
931,4,10,150,71,0.08679587898287541
932,4,10,150,71,0.263802840859539
933,4,10,150,71,0.1138451190605383
934,4,10,150,71,0.10071040486185964
935,4,10,150,71,0.04173963774222741
936,4,10,150,71,0.1321191921354211
937,4,10,150,71,0.0
938,4,10,150,71,0.1661428141234511
939,4,10,150,71,0.02916862694666808
940,4,10,150,71,0.050684733114198
941,4,10,150,71,0.0
942,4,10,150,71,0.10504870308911567
943,4,10,150,71,0.20163692230838232
1,4,10,150,72,0.4058715898896693
2,4,10,150,72,0.06250343848035038
3,4,10,150,72,0.0
4,4,10,150,72,0.0
5,4,10,150,72,0.040209635547393256
6,4,10,150,72,0.27020011346731576
7,4,10,150,72,0.3064406191902649
8,4,10,150,72,0.0
9,4,10,150,72,0.21840743681816419
10,4,10,150,72,0.21491451057814584
11,4,10,150,72,0.1722584975122812
12,4,10,150,72,0.0
13,4,10,150,72,0.24257302820041715
14,4,10,150,72,0.03963175841995263
15,4,10,150,72,0.05010834716923557
16,4,10,150,72,0.053168340515114924
17,4,10,150,72,0.0
18,4,10,150,72,0.24724966735366713
19,4,10,150,72,0.0
20,4,10,150,72,0.0
21,4,10,150,72,0.0
22,4,10,150,72,0.11702382382650763
23,4,10,150,72,0.23682446174402746
24,4,10,150,72,0.0
25,4,10,150,72,0.12358102547512423
26,4,10,150,72,0.0
27,4,10,150,72,0.0
28,4,10,150,72,0.0
29,4,10,150,72,0.13455232720853103
30,4,10,150,72,0.0
31,4,10,150,72,0.0
32,4,10,150,72,0.0
33,4,10,150,72,0.0
35,4,10,150,72,0.10523285614729473
36,4,10,150,72,0.0
37,4,10,150,72,0.0
38,4,10,150,72,0.04739418218477539
39,4,10,150,72,0.0
40,4,10,150,72,0.10558114683788161
41,4,10,150,72,0.0
42,4,10,150,72,0.0683037314796457
43,4,10,150,72,0.22592974817952552
44,4,10,150,72,0.2044921015662719
45,4,10,150,72,0.05200670101006268
46,4,10,150,72,0.11284514134893527
47,4,10,150,72,0.06250343848035038
48,4,10,150,72,0.0
49,4,10,150,72,0.0
50,4,10,150,72,0.0
51,4,10,150,72,0.16812753627111746
52,4,10,150,72,0.0
54,4,10,150,72,0.0
56,4,10,150,72,0.20383503459815738
57,4,10,150,72,0.3030555992505742
58,4,10,150,72,0.3717269535737058
59,4,10,150,72,0.25441959592874125
60,4,10,150,72,0.1505674224523334
61,4,10,150,72,0.07763867093308688
62,4,10,150,72,0.08314631791322982
63,4,10,150,72,0.0
64,4,10,150,72,0.04238468688770069
65,4,10,150,72,0.13012668333070054
66,4,10,150,72,0.0
67,4,10,150,72,0.0
68,4,10,150,72,0.4827392464262081
69,4,10,150,72,0.07673373981757839
70,4,10,150,72,0.0
71,4,10,150,72,0.0
72,4,10,150,72,0.031239588460834872
73,4,10,150,72,0.0
74,4,10,150,72,0.0
75,4,10,150,72,0.049432410190049694
76,4,10,150,72,0.1301464707340554
77,4,10,150,72,0.10201115106436301
78,4,10,150,72,0.0
79,4,10,150,72,0.27487633291429087
80,4,10,150,72,0.0
81,4,10,150,72,0.0
82,4,10,150,72,0.19298623480417013
83,4,10,150,72,0.12089611529519323
84,4,10,150,72,0.05034889199379723
85,4,10,150,72,0.0
87,4,10,150,72,0.07100089300395272
89,4,10,150,72,0.2553387838830436
90,4,10,150,72,0.10247188479303698
91,4,10,150,72,0.05648147012627732
92,4,10,150,72,0.10542637391232386
93,4,10,150,72,0.0
94,4,10,150,72,0.12315199805289229
95,4,10,150,72,0.17287436926807473
96,4,10,150,72,0.10181164814261426
97,4,10,150,72,0.06462745615384195
98,4,10,150,72,0.0930297504356062
99,4,10,150,72,0.05658242244874664
100,4,10,150,72,0.0
101,4,10,150,72,0.0
102,4,10,150,72,0.02424726876918863
103,4,10,150,72,0.0
104,4,10,150,72,0.0
105,4,10,150,72,0.0
106,4,10,150,72,0.0
107,4,10,150,72,0.0
108,4,10,150,72,0.0
109,4,10,150,72,0.07103066762111539
110,4,10,150,72,0.0
111,4,10,150,72,0.0
112,4,10,150,72,0.05685954565780693
113,4,10,150,72,0.053168340515114924
114,4,10,150,72,0.0
115,4,10,150,72,0.10684080426179023
116,4,10,150,72,0.0
117,4,10,150,72,0.26646890433550474
118,4,10,150,72,0.0
119,4,10,150,72,0.2063582228182277
120,4,10,150,72,0.0
121,4,10,150,72,0.271985059917519
122,4,10,150,72,0.1530100230930498
123,4,10,150,72,0.07386004580671933
125,4,10,150,72,0.12702645795516354
126,4,10,150,72,0.06911917000496234
127,4,10,150,72,0.23132283185955704
128,4,10,150,72,0.0804528329814545
129,4,10,150,72,0.0
130,4,10,150,72,0.19839806705808383
131,4,10,150,72,0.06556385272536247
133,4,10,150,72,0.11047239495909743
134,4,10,150,72,0.0
135,4,10,150,72,0.0
137,4,10,150,72,0.1371200812351206
138,4,10,150,72,0.0
139,4,10,150,72,0.0
141,4,10,150,72,0.0
142,4,10,150,72,0.13373003436102654
143,4,10,150,72,0.1208996448617798
144,4,10,150,72,0.1227945149537572
145,4,10,150,72,0.1075804523117992
146,4,10,150,72,0.0
148,4,10,150,72,0.20254719486838738
149,4,10,150,72,0.0
150,4,10,150,72,0.10235170428306553
151,4,10,150,72,0.06298430394440727
152,4,10,150,72,0.040655755922716606
153,4,10,150,72,0.0
154,4,10,150,72,0.06372882143962796
155,4,10,150,72,0.0
156,4,10,150,72,0.0
158,4,10,150,72,0.17575552384613552
159,4,10,150,72,0.03310852000739229
160,4,10,150,72,0.0
161,4,10,150,72,0.0
162,4,10,150,72,0.0
163,4,10,150,72,0.0
164,4,10,150,72,0.0
165,4,10,150,72,0.12114889742360979
166,4,10,150,72,0.0
167,4,10,150,72,0.0
168,4,10,150,72,0.23504554941448536
169,4,10,150,72,0.06416923277158361
170,4,10,150,72,0.0
171,4,10,150,72,0.0
172,4,10,150,72,0.0
173,4,10,150,72,0.05840183867278569
174,4,10,150,72,0.08712841477105211
175,4,10,150,72,0.0
176,4,10,150,72,0.09511409151391914
177,4,10,150,72,0.06912040963822193
178,4,10,150,72,0.2437589399037192
179,4,10,150,72,0.06723507268634088
180,4,10,150,72,0.12262943855309168
181,4,10,150,72,0.04744586712998791
182,4,10,150,72,0.0
183,4,10,150,72,0.0
184,4,10,150,72,0.11356458502877588
185,4,10,150,72,0.07745351606183934
186,4,10,150,72,0.22147164648185297
187,4,10,150,72,0.08625091781054979
188,4,10,150,72,0.054384419234677496
189,4,10,150,72,0.23042891886703956
190,4,10,150,72,0.10699313236726378
191,4,10,150,72,0.0
192,4,10,150,72,0.0
193,4,10,150,72,0.0
194,4,10,150,72,0.09747680426009508
195,4,10,150,72,0.0
196,4,10,150,72,0.0
197,4,10,150,72,0.05576624569167862
198,4,10,150,72,0.0
199,4,10,150,72,0.0
200,4,10,150,72,0.11302970636219896
201,4,10,150,72,0.06425121619109513
203,4,10,150,72,0.0
204,4,10,150,72,0.0
205,4,10,150,72,0.0
206,4,10,150,72,0.0
207,4,10,150,72,0.050513241088636716
209,4,10,150,72,0.0
210,4,10,150,72,0.09440608278107551
211,4,10,150,72,0.0
212,4,10,150,72,0.12681701683239352
213,4,10,150,72,0.2384146878320104
214,4,10,150,72,0.056720838976548935
215,4,10,150,72,0.0
216,4,10,150,72,0.03497205398870122
217,4,10,150,72,0.0
218,4,10,150,72,0.19092086617893467
219,4,10,150,72,0.0
221,4,10,150,72,0.3375735570145491
222,4,10,150,72,0.12476107276951183
223,4,10,150,72,0.03870447337439288
224,4,10,150,72,0.0
225,4,10,150,72,0.0
226,4,10,150,72,0.08080765379783027
227,4,10,150,72,0.0
228,4,10,150,72,0.0
229,4,10,150,72,0.0
230,4,10,150,72,0.23712439662683835
231,4,10,150,72,0.0
232,4,10,150,72,0.3234992853586256
233,4,10,150,72,0.0968152409481219
234,4,10,150,72,0.06411917231744522
235,4,10,150,72,0.06065881345112158
236,4,10,150,72,0.0
237,4,10,150,72,0.0
238,4,10,150,72,0.0
239,4,10,150,72,0.11792279130466408
240,4,10,150,72,0.05497526658285817
242,4,10,150,72,0.0
243,4,10,150,72,0.09267768927614353
244,4,10,150,72,0.15765545519871427
245,4,10,150,72,0.10704534003732354
246,4,10,150,72,0.11120150311654428
247,4,10,150,72,0.0
248,4,10,150,72,0.14830051302014485
249,4,10,150,72,0.31180658179892495
250,4,10,150,72,0.3503302816689379
251,4,10,150,72,0.0
252,4,10,150,72,0.0
253,4,10,150,72,0.05954496680255472
254,4,10,150,72,0.0
255,4,10,150,72,0.0
256,4,10,150,72,0.16583176898817792
257,4,10,150,72,0.3305900772260718
258,4,10,150,72,0.0
259,4,10,150,72,0.0
260,4,10,150,72,0.0
261,4,10,150,72,0.0
262,4,10,150,72,0.0
263,4,10,150,72,0.12774011823457565
264,4,10,150,72,0.05840183867278569
265,4,10,150,72,0.10209739512291163
267,4,10,150,72,0.09794101962538232
268,4,10,150,72,0.12816798712864202
269,4,10,150,72,0.13223875150584097
270,4,10,150,72,0.046726672111120165
271,4,10,150,72,0.12276482551434069
272,4,10,150,72,0.14498698048571354
273,4,10,150,72,0.0
274,4,10,150,72,0.0
275,4,10,150,72,0.04605780568615433
276,4,10,150,72,0.20223032365941937
277,4,10,150,72,0.0
279,4,10,150,72,0.06493409231178052
280,4,10,150,72,0.03337620304869898
281,4,10,150,72,0.0
283,4,10,150,72,0.1292258709239571
284,4,10,150,72,0.0
285,4,10,150,72,0.1185995982858366
286,4,10,150,72,0.3005968627632655
287,4,10,150,72,0.11352455583778437
288,4,10,150,72,0.12538054736008386
289,4,10,150,72,0.13905617951077562
290,4,10,150,72,0.0
291,4,10,150,72,0.23494592513118112
292,4,10,150,72,0.08933583385868532
293,4,10,150,72,0.2344161202530718
294,4,10,150,72,0.04123398036294628
295,4,10,150,72,0.2670961153715764
296,4,10,150,72,0.5087533365407171
297,4,10,150,72,0.13535082686131417
298,4,10,150,72,0.19947114504638494
299,4,10,150,72,0.0
300,4,10,150,72,0.0
301,4,10,150,72,0.047934103497110726
303,4,10,150,72,0.11577931806589845
304,4,10,150,72,0.0
305,4,10,150,72,0.31514747987601716
306,4,10,150,72,0.0
307,4,10,150,72,0.1383141340724969
308,4,10,150,72,0.19205342317019936
309,4,10,150,72,0.0
310,4,10,150,72,0.0
311,4,10,150,72,0.08938791352906189
312,4,10,150,72,0.14069579419580536
313,4,10,150,72,0.14465709645474623
314,4,10,150,72,0.20285519102295546
315,4,10,150,72,0.0
316,4,10,150,72,0.04568304891751105
317,4,10,150,72,0.0
318,4,10,150,72,0.13815200906377123
319,4,10,150,72,0.0
320,4,10,150,72,0.0
321,4,10,150,72,0.062242588308449316
322,4,10,150,72,0.17342765698823945
323,4,10,150,72,0.14126697285982898
324,4,10,150,72,0.03555702818464106
325,4,10,150,72,0.0
326,4,10,150,72,0.0634222181618871
327,4,10,150,72,0.021582233251080392
328,4,10,150,72,0.1437524526514495
329,4,10,150,72,0.0
330,4,10,150,72,0.0536466452928127
331,4,10,150,72,0.16958010263680806
332,4,10,150,72,0.024647523009140075
333,4,10,150,72,0.0
334,4,10,150,72,0.07058424671826317
336,4,10,150,72,0.0
337,4,10,150,72,0.16716045496620227
338,4,10,150,72,0.05005165434923901
339,4,10,150,72,0.1344957225763306
340,4,10,150,72,0.0
341,4,10,150,72,0.0
342,4,10,150,72,0.2625072992734236
343,4,10,150,72,0.28732332399638805
344,4,10,150,72,0.23832550406045652
345,4,10,150,72,0.056149696530797676
346,4,10,150,72,0.13947804593499064
347,4,10,150,72,0.08705643551438974
348,4,10,150,72,0.071942683897578
349,4,10,150,72,0.07673373981757839
350,4,10,150,72,0.2065896325117088
351,4,10,150,72,0.0
352,4,10,150,72,0.0
353,4,10,150,72,0.0
354,4,10,150,72,0.051249224710132255
355,4,10,150,72,0.0
356,4,10,150,72,0.08406376813555873
357,4,10,150,72,0.05006331611131463
358,4,10,150,72,0.20438239758848611
359,4,10,150,72,0.0
360,4,10,150,72,0.06752012359727312
361,4,10,150,72,0.09622728274290568
362,4,10,150,72,0.0
363,4,10,150,72,0.2000219371064626
364,4,10,150,72,0.0
365,4,10,150,72,0.0
366,4,10,150,72,0.0
367,4,10,150,72,0.07630862162354303
368,4,10,150,72,0.0
369,4,10,150,72,0.0
370,4,10,150,72,0.13479984916817475
371,4,10,150,72,0.22569563125869263
372,4,10,150,72,0.0
373,4,10,150,72,0.062173010658778456
374,4,10,150,72,0.06834943074719504
375,4,10,150,72,0.0
376,4,10,150,72,0.0
377,4,10,150,72,0.08010929472340098
378,4,10,150,72,0.16448029476168333
379,4,10,150,72,0.14951641492682458
380,4,10,150,72,0.0
381,4,10,150,72,0.05105625351125917
382,4,10,150,72,0.0
383,4,10,150,72,0.04838338183089434
384,4,10,150,72,0.0
385,4,10,150,72,0.0
386,4,10,150,72,0.0
387,4,10,150,72,0.11497906462099297
388,4,10,150,72,0.04511904280884329
389,4,10,150,72,0.17394090433083284
390,4,10,150,72,0.0
391,4,10,150,72,0.2137247802747043
392,4,10,150,72,0.056679935917756406
393,4,10,150,72,0.054235696447924676
394,4,10,150,72,0.11073655428626575
395,4,10,150,72,0.09179488000267515
396,4,10,150,72,0.0
397,4,10,150,72,0.2710147943938467
398,4,10,150,72,0.18852571653533698
399,4,10,150,72,0.06179253091908095
400,4,10,150,72,0.0
401,4,10,150,72,0.0
402,4,10,150,72,0.08963222225173058
403,4,10,150,72,0.0854499779566911
404,4,10,150,72,0.0
405,4,10,150,72,0.06925410772601354
406,4,10,150,72,0.20956416940551098
407,4,10,150,72,0.06232415948793755
408,4,10,150,72,0.0
409,4,10,150,72,0.12740448328320192
410,4,10,150,72,0.0
411,4,10,150,72,0.0
412,4,10,150,72,0.0
413,4,10,150,72,0.041646268351119564
414,4,10,150,72,0.0
415,4,10,150,72,0.15103391472831218
416,4,10,150,72,0.2200039995691806
417,4,10,150,72,0.09850508837083022
418,4,10,150,72,0.0
419,4,10,150,72,0.1208113026994942
420,4,10,150,72,0.06052048269976269
421,4,10,150,72,0.19620555836557932
422,4,10,150,72,0.07550298029238112
423,4,10,150,72,0.053845569940583225
424,4,10,150,72,0.2766918177656049
425,4,10,150,72,0.1674157226455415
426,4,10,150,72,0.040759261617270684
427,4,10,150,72,0.0
428,4,10,150,72,0.04415960465480069
429,4,10,150,72,0.14355264986043786
430,4,10,150,72,0.0
431,4,10,150,72,0.0
432,4,10,150,72,0.05789711601244791
433,4,10,150,72,0.05780921899607981
434,4,10,150,72,0.20778267687568405
435,4,10,150,72,0.17195543683824452
436,4,10,150,72,0.0
437,4,10,150,72,0.10867290175167639
438,4,10,150,72,0.0
439,4,10,150,72,0.10863976191957724
440,4,10,150,72,0.0
441,4,10,150,72,0.07736100002633538
442,4,10,150,72,0.040949887133979804
443,4,10,150,72,0.06783204105472322
444,4,10,150,72,0.1312721899408984
445,4,10,150,72,0.0
446,4,10,150,72,0.0
447,4,10,150,72,0.16246725303708914
448,4,10,150,72,0.0
449,4,10,150,72,0.1882329728596757
450,4,10,150,72,0.2535620418472578
451,4,10,150,72,0.06148915918944534
452,4,10,150,72,0.10773098771530253
453,4,10,150,72,0.0
454,4,10,150,72,0.0
455,4,10,150,72,0.0962493458910181
456,4,10,150,72,0.018650043077523788
457,4,10,150,72,0.2974024120042739
458,4,10,150,72,0.06982799741808067
459,4,10,150,72,0.0
460,4,10,150,72,0.05184030722866645
461,4,10,150,72,0.0
462,4,10,150,72,0.0
463,4,10,150,72,0.11987424504051505
464,4,10,150,72,0.0
465,4,10,150,72,0.0
466,4,10,150,72,0.0
467,4,10,150,72,0.07807600999842033
468,4,10,150,72,0.11455543964849552
469,4,10,150,72,0.05165643482805862
470,4,10,150,72,0.0
471,4,10,150,72,0.0
472,4,10,150,72,0.10482927682898631
473,4,10,150,72,0.06140244428718695
474,4,10,150,72,0.24593822460513717
475,4,10,150,72,0.0
476,4,10,150,72,0.0
477,4,10,150,72,0.0
478,4,10,150,72,0.2345109835167376
479,4,10,150,72,0.10172348796286074
480,4,10,150,72,0.0741070054529978
481,4,10,150,72,0.13102204196909084
482,4,10,150,72,0.0
483,4,10,150,72,0.05658242244874664
484,4,10,150,72,0.29539974213048126
485,4,10,150,72,0.0
486,4,10,150,72,0.0
487,4,10,150,72,0.09557986065110975
488,4,10,150,72,0.0
489,4,10,150,72,0.0
490,4,10,150,72,0.0
491,4,10,150,72,0.14208678740137623
492,4,10,150,72,0.0
493,4,10,150,72,0.1475552329391869
494,4,10,150,72,0.0
495,4,10,150,72,0.16394836376720962
496,4,10,150,72,0.08659863258371955
497,4,10,150,72,0.07671760639820283
498,4,10,150,72,0.0
499,4,10,150,72,0.05075938465928585
500,4,10,150,72,0.09541527213731128
501,4,10,150,72,0.0
502,4,10,150,72,0.0
503,4,10,150,72,0.07192387398891865
504,4,10,150,72,0.08148269775823089
505,4,10,150,72,0.07379217622092994
506,4,10,150,72,0.1448625127812991
507,4,10,150,72,0.05319635904163211
508,4,10,150,72,0.0
509,4,10,150,72,0.0
510,4,10,150,72,0.0
511,4,10,150,72,0.08495943917278885
512,4,10,150,72,0.05478392673173268
513,4,10,150,72,0.0
514,4,10,150,72,0.27252722616773445
515,4,10,150,72,0.11706259313796354
516,4,10,150,72,0.0
517,4,10,150,72,0.08878770367712427
518,4,10,150,72,0.0
519,4,10,150,72,0.0
520,4,10,150,72,0.0
521,4,10,150,72,0.09850628252086785
522,4,10,150,72,0.12524561954372188
523,4,10,150,72,0.05782495986511108
524,4,10,150,72,0.1283825351773177
525,4,10,150,72,0.0
526,4,10,150,72,0.15355181494703254
527,4,10,150,72,0.1636135858112592
528,4,10,150,72,0.10209739512291163
529,4,10,150,72,0.0
530,4,10,150,72,0.0
531,4,10,150,72,0.1517763576041802
532,4,10,150,72,0.2633677187406756
533,4,10,150,72,0.11557545112991054
534,4,10,150,72,0.1046638363823608
535,4,10,150,72,0.13889821983463596
536,4,10,150,72,0.15105160768725473
537,4,10,150,72,0.32603924234871734
538,4,10,150,72,0.14697776980950736
539,4,10,150,72,0.04478826142555715
540,4,10,150,72,0.0
541,4,10,150,72,0.0586415067779619
542,4,10,150,72,0.049033875503285806
543,4,10,150,72,0.04953295293703468
544,4,10,150,72,0.05282936728943967
545,4,10,150,72,0.02244213465825961
546,4,10,150,72,0.05758752804519195
547,4,10,150,72,0.0
548,4,10,150,72,0.12908029235254362
549,4,10,150,72,0.0
550,4,10,150,72,0.04785685030080952
551,4,10,150,72,0.0910925691220798
552,4,10,150,72,0.1205344274731702
553,4,10,150,72,0.07411563356774664
554,4,10,150,72,0.12627825946936164
555,4,10,150,72,0.0
556,4,10,150,72,0.07660623398069263
557,4,10,150,72,0.031742154565302834
558,4,10,150,72,0.08878770367712427
559,4,10,150,72,0.09986350037763675
560,4,10,150,72,0.09375790921485552
561,4,10,150,72,0.12198215354846673
562,4,10,150,72,0.07930308311174379
563,4,10,150,72,0.0
564,4,10,150,72,0.15437610727371853
565,4,10,150,72,0.0
566,4,10,150,72,0.03579489106983033
567,4,10,150,72,0.1471381878632886
568,4,10,150,72,0.036155150901276155
569,4,10,150,72,0.18299769260789403
570,4,10,150,72,0.0
571,4,10,150,72,0.04988426711147283
572,4,10,150,72,0.16812753627111746
573,4,10,150,72,0.06437746926759551
574,4,10,150,72,0.051811563545175146
575,4,10,150,72,0.0
576,4,10,150,72,0.0
577,4,10,150,72,0.20541190363713152
578,4,10,150,72,0.05006331611131463
579,4,10,150,72,0.0
580,4,10,150,72,0.1471734367352052
581,4,10,150,72,0.14348105418014392
582,4,10,150,72,0.03190895161277091
583,4,10,150,72,0.0
584,4,10,150,72,0.06323567569191428
585,4,10,150,72,0.04173963774222741
586,4,10,150,72,0.05786021189691368
587,4,10,150,72,0.019492972026130224
588,4,10,150,72,0.13560342958033234
589,4,10,150,72,0.0
590,4,10,150,72,0.053845569940583225
591,4,10,150,72,0.0
592,4,10,150,72,0.32158794718826467
593,4,10,150,72,0.07711036365720102
594,4,10,150,72,0.044551000676675064
595,4,10,150,72,0.10296141646738245
596,4,10,150,72,0.0
597,4,10,150,72,0.27101620591530523
598,4,10,150,72,0.0684591776394769
599,4,10,150,72,0.0
600,4,10,150,72,0.09197011795311534
601,4,10,150,72,0.0
602,4,10,150,72,0.0
603,4,10,150,72,0.0
604,4,10,150,72,0.0
605,4,10,150,72,0.23939908411991156
606,4,10,150,72,0.16168049407206384
607,4,10,150,72,0.08673473912838402
608,4,10,150,72,0.10661266864439813
609,4,10,150,72,0.0
610,4,10,150,72,0.2146842601596213
611,4,10,150,72,0.07624568872860434
612,4,10,150,72,0.0
613,4,10,150,72,0.08385150490449667
614,4,10,150,72,0.0
615,4,10,150,72,0.04919117729584568
616,4,10,150,72,0.03618657486793958
617,4,10,150,72,0.0
618,4,10,150,72,0.1281253572826617
619,4,10,150,72,0.12363660028711727
620,4,10,150,72,0.159486715201797
621,4,10,150,72,0.11278207190006835
622,4,10,150,72,0.18241748250491993
623,4,10,150,72,0.17494254380936963
624,4,10,150,72,0.06626749824739844
625,4,10,150,72,0.0
626,4,10,150,72,0.06228974831361337
627,4,10,150,72,0.06945233499530101
628,4,10,150,72,0.0
629,4,10,150,72,0.16000142907167028
630,4,10,150,72,0.15874779570678058
631,4,10,150,72,0.0
632,4,10,150,72,0.12112269717167994
633,4,10,150,72,0.11499138576948859
634,4,10,150,72,0.022104381789790163
635,4,10,150,72,0.04546401530948942
636,4,10,150,72,0.11426572661305327
637,4,10,150,72,0.01928973283308616
638,4,10,150,72,0.09712868482236708
639,4,10,150,72,0.03138892079718151
640,4,10,150,72,0.10536866733091729
641,4,10,150,72,0.07675099783970546
642,4,10,150,72,0.13451792411103475
643,4,10,150,72,0.11071279041815515
644,4,10,150,72,0.04935421935348238
645,4,10,150,72,0.17581821458755492
646,4,10,150,72,0.0
647,4,10,150,72,0.05363388010108191
648,4,10,150,72,0.130365802383082
649,4,10,150,72,0.15489949502599
650,4,10,150,72,0.07288537219316733
651,4,10,150,72,0.0
652,4,10,150,72,0.08156220960446063
653,4,10,150,72,0.09928060383651367
654,4,10,150,72,0.21255442687635834
655,4,10,150,72,0.22949240613679092
656,4,10,150,72,0.07397229644086958
657,4,10,150,72,0.04140815094666367
658,4,10,150,72,0.2625403796417579
659,4,10,150,72,0.08781544355121487
660,4,10,150,72,0.08885746570179341
661,4,10,150,72,0.08605775303302886
662,4,10,150,72,0.0512644431393966
663,4,10,150,72,0.24026856780584893
664,4,10,150,72,0.28517362059082263
665,4,10,150,72,0.0
666,4,10,150,72,0.17448003042762258
667,4,10,150,72,0.31347596517570553
668,4,10,150,72,0.06194403202282284
669,4,10,150,72,0.1348578320198433
670,4,10,150,72,0.09267469812912739
671,4,10,150,72,0.19261980316946112
672,4,10,150,72,0.03603026685992244
673,4,10,150,72,0.14837758007547783
674,4,10,150,72,0.11338915993603582
675,4,10,150,72,0.0
676,4,10,150,72,0.19009456031551833
677,4,10,150,72,0.03314040476303028
678,4,10,150,72,0.03824432123396675
679,4,10,150,72,0.15527711509166947
680,4,10,150,72,0.11377863936243801
681,4,10,150,72,0.0
682,4,10,150,72,0.1297839003854894
683,4,10,150,72,0.0
684,4,10,150,72,0.06573003977381581
685,4,10,150,72,0.1906465758273748
686,4,10,150,72,0.1448746216863233
687,4,10,150,72,0.0
688,4,10,150,72,0.044407774452984945
689,4,10,150,72,0.21046485047453145
690,4,10,150,72,0.10794205081150231
691,4,10,150,72,0.09842092178212862
692,4,10,150,72,0.1753901755134814
693,4,10,150,72,0.0
694,4,10,150,72,0.2448812985235888
695,4,10,150,72,0.0
696,4,10,150,72,0.039725595076707886
697,4,10,150,72,0.04239477130634912
698,4,10,150,72,0.041937660325009396
699,4,10,150,72,0.06339169989706635
700,4,10,150,72,0.12729890218214104
701,4,10,150,72,0.07712412595697886
702,4,10,150,72,0.037715680681715956
703,4,10,150,72,0.11918688501400482
704,4,10,150,72,0.23659106617286202
705,4,10,150,72,0.22667088038444094
706,4,10,150,72,0.04395738023645723
707,4,10,150,72,0.05738240790675692
708,4,10,150,72,0.07186325791519563
709,4,10,150,72,0.13472082394875662
710,4,10,150,72,0.10695361352497157
711,4,10,150,72,0.1918099619470589
712,4,10,150,72,0.15511023313323485
713,4,10,150,72,0.1468735732232516
714,4,10,150,72,0.03441184191455828
715,4,10,150,72,0.0
716,4,10,150,72,0.21531558197650785
717,4,10,150,72,0.09054670163637572
718,4,10,150,72,0.035328385129692476
719,4,10,150,72,0.09883437846193516
720,4,10,150,72,0.0
721,4,10,150,72,0.1626199557578681
722,4,10,150,72,0.06556429791586475
723,4,10,150,72,0.0
724,4,10,150,72,0.0
725,4,10,150,72,0.0
726,4,10,150,72,0.05010834716923557
727,4,10,150,72,0.1293106150275469
728,4,10,150,72,0.09627818061559096
729,4,10,150,72,0.0
730,4,10,150,72,0.02601736765943984
731,4,10,150,72,0.13032711631493252
732,4,10,150,72,0.0
733,4,10,150,72,0.14514596345398123
734,4,10,150,72,0.0
735,4,10,150,72,0.0
736,4,10,150,72,0.03351972906068008
737,4,10,150,72,0.1138970555583582
738,4,10,150,72,0.13922998739868644
739,4,10,150,72,0.03855307727568851
740,4,10,150,72,0.0
741,4,10,150,72,0.05358697798864893
742,4,10,150,72,0.0488929053971083
743,4,10,150,72,0.0690623255281084
744,4,10,150,72,0.03596673601130318
745,4,10,150,72,0.03520132288421838
746,4,10,150,72,0.25743994347908983
747,4,10,150,72,0.4147938072939336
748,4,10,150,72,0.09621648119325965
749,4,10,150,72,0.13649311944611253
750,4,10,150,72,0.07184731398235064
751,4,10,150,72,0.07755986583254142
752,4,10,150,72,0.023242424817620892
753,4,10,150,72,0.15780803084928155
754,4,10,150,72,0.0
755,4,10,150,72,0.03855371268423985
756,4,10,150,72,0.031104745345423533
757,4,10,150,72,0.010271498773679529
758,4,10,150,72,0.2568289077702825
759,4,10,150,72,0.08145040004058159
760,4,10,150,72,0.03004859059698017
761,4,10,150,72,0.06869287000000811
762,4,10,150,72,0.051960280791503534
763,4,10,150,72,0.05892228941894017
764,4,10,150,72,0.08946696896639536
765,4,10,150,72,0.15066101840234988
766,4,10,150,72,0.023823431574733288
767,4,10,150,72,0.13884445379214724
768,4,10,150,72,0.08438032815655525
769,4,10,150,72,0.0
770,4,10,150,72,0.21464739068424896
771,4,10,150,72,0.32869562799119006
772,4,10,150,72,0.17356150297482983
773,4,10,150,72,0.08696710392235718
774,4,10,150,72,0.05741747037985204
775,4,10,150,72,0.038478285726379145
776,4,10,150,72,0.15403842856019037
777,4,10,150,72,0.0
778,4,10,150,72,0.1631238413472767
779,4,10,150,72,0.0
780,4,10,150,72,0.09911168261706653
781,4,10,150,72,0.2016539629141292
782,4,10,150,72,0.03960205520171238
783,4,10,150,72,0.0
784,4,10,150,72,0.029814614753779622
785,4,10,150,72,0.0
786,4,10,150,72,0.0
787,4,10,150,72,0.0
788,4,10,150,72,0.2317104521453919
789,4,10,150,72,0.08809718769055445
790,4,10,150,72,0.01987771389933263
791,4,10,150,72,0.04465281017341861
792,4,10,150,72,0.08944329533390502
793,4,10,150,72,0.0
794,4,10,150,72,0.04108065887337468
795,4,10,150,72,0.034092229848757476
796,4,10,150,72,0.3432148765168836
797,4,10,150,72,0.11278903329502893
798,4,10,150,72,0.038025351720174
799,4,10,150,72,0.0
800,4,10,150,72,0.03244993904038569
801,4,10,150,72,0.1561471668577559
802,4,10,150,72,0.06960082070980815
803,4,10,150,72,0.10569353498973794
804,4,10,150,72,0.12344082615794616
805,4,10,150,72,0.10827849878126085
806,4,10,150,72,0.2959152150106387
807,4,10,150,72,0.10871646406171234
808,4,10,150,72,0.1025417224926713
809,4,10,150,72,0.10356976056061801
810,4,10,150,72,0.0
811,4,10,150,72,0.0
812,4,10,150,72,0.06432747115948827
813,4,10,150,72,0.0
814,4,10,150,72,0.034616222155696735
815,4,10,150,72,0.19739378634091526
816,4,10,150,72,0.0
817,4,10,150,72,0.0
818,4,10,150,72,0.05516788910004661
819,4,10,150,72,0.037210602758860095
820,4,10,150,72,0.0787987754690289
821,4,10,150,72,0.302950268110492
822,4,10,150,72,0.028653609888707104
823,4,10,150,72,0.17898520325105977
824,4,10,150,72,0.05046096657376444
825,4,10,150,72,0.08238190489603152
826,4,10,150,72,0.15278371679604155
827,4,10,150,72,0.0
828,4,10,150,72,0.05745618865524075
829,4,10,150,72,0.1751347628439014
830,4,10,150,72,0.20443782642227196
831,4,10,150,72,0.21058943716644085
832,4,10,150,72,0.0
833,4,10,150,72,0.15764799921856248
834,4,10,150,72,0.2706897351446418
835,4,10,150,72,0.17041307832807873
836,4,10,150,72,0.20050437359357948
837,4,10,150,72,0.05665916465450996
838,4,10,150,72,0.27895398740912175
839,4,10,150,72,0.10730655186373157
840,4,10,150,72,0.34729775695077836
841,4,10,150,72,0.06507217400164225
842,4,10,150,72,0.03947561302344988
843,4,10,150,72,0.0
844,4,10,150,72,0.05872188515498603
845,4,10,150,72,0.0
846,4,10,150,72,0.3673166700093757
847,4,10,150,72,0.05107153900660915
848,4,10,150,72,0.08171518501440664
849,4,10,150,72,0.0419387969316025
850,4,10,150,72,0.29160326485645294
851,4,10,150,72,0.07328956502622973
852,4,10,150,72,0.26227118260874954
853,4,10,150,72,0.0
854,4,10,150,72,0.03923620535786466
855,4,10,150,72,0.0
856,4,10,150,72,0.037110354711564805
857,4,10,150,72,0.0
858,4,10,150,72,0.10250982096838526
859,4,10,150,72,0.05070263548706836
860,4,10,150,72,0.10848832312989015
861,4,10,150,72,0.06460834446248033
862,4,10,150,72,0.09708881626337419
863,4,10,150,72,0.06336841123297353
864,4,10,150,72,0.4044748373325523
865,4,10,150,72,0.09772208899610854
866,4,10,150,72,0.16283687678415507
867,4,10,150,72,0.1858556726321321
868,4,10,150,72,0.20937483825852493
869,4,10,150,72,0.0587446084443979
870,4,10,150,72,0.24660352315891435
871,4,10,150,72,0.07012986265386374
872,4,10,150,72,0.02804794621397926
873,4,10,150,72,0.0
874,4,10,150,72,0.13944914190808633
875,4,10,150,72,0.13144128539341735
876,4,10,150,72,0.08671382849411972
877,4,10,150,72,0.0835317778614811
878,4,10,150,72,0.1706804422753891
879,4,10,150,72,0.03963466998423315
880,4,10,150,72,0.3374244162688427
881,4,10,150,72,0.10512802826374984
882,4,10,150,72,0.21288820648214166
883,4,10,150,72,0.3013731366659091
884,4,10,150,72,0.11407805705099587
885,4,10,150,72,0.04536087033637415
886,4,10,150,72,0.17941024422714366
887,4,10,150,72,0.10412809440625413
888,4,10,150,72,0.11625487663628292
889,4,10,150,72,0.010521926243789725
890,4,10,150,72,0.11434431442033766
891,4,10,150,72,0.10491091696774645
892,4,10,150,72,0.24266769664342475
893,4,10,150,72,0.12806369532588527
894,4,10,150,72,0.09911922830243167
895,4,10,150,72,0.0
896,4,10,150,72,0.29235549717627723
897,4,10,150,72,0.30556770855001336
898,4,10,150,72,0.0
899,4,10,150,72,0.05684415375822261
900,4,10,150,72,0.055315677011973347
901,4,10,150,72,0.20721814636370853
902,4,10,150,72,0.05978585424799658
903,4,10,150,72,0.23389434103643633
904,4,10,150,72,0.0
905,4,10,150,72,0.0
906,4,10,150,72,0.10407444169186962
907,4,10,150,72,0.058866326113661355
908,4,10,150,72,0.06892767477436933
909,4,10,150,72,0.0
910,4,10,150,72,0.0
911,4,10,150,72,0.13243052909755645
912,4,10,150,72,0.17642343579737088
913,4,10,150,72,0.07219927248779984
914,4,10,150,72,0.0
915,4,10,150,72,0.0
916,4,10,150,72,0.23142956556042035
917,4,10,150,72,0.0
918,4,10,150,72,0.043627084055128
919,4,10,150,72,0.09274684920846549
920,4,10,150,72,0.0
921,4,10,150,72,0.15405864814296488
922,4,10,150,72,0.1280645281724967
923,4,10,150,72,0.04031825574984845
924,4,10,150,72,0.018280262702529162
925,4,10,150,72,0.0
926,4,10,150,72,0.0
927,4,10,150,72,0.09447575046156538
928,4,10,150,72,0.1873259908039563
929,4,10,150,72,0.25163227912988373
930,4,10,150,72,0.032298243696638564
931,4,10,150,72,0.08679587898287541
932,4,10,150,72,0.27097100644118643
933,4,10,150,72,0.1138451190605383
934,4,10,150,72,0.10071040486185964
935,4,10,150,72,0.04173963774222741
936,4,10,150,72,0.1321191921354211
937,4,10,150,72,0.0
938,4,10,150,72,0.1661428141234511
939,4,10,150,72,0.02916862694666808
940,4,10,150,72,0.050684733114198
941,4,10,150,72,0.0
942,4,10,150,72,0.10504870308911567
943,4,10,150,72,0.20163692230838232
1,4,10,150,73,0.4058715898896693
2,4,10,150,73,0.06250343848035038
3,4,10,150,73,0.0
4,4,10,150,73,0.0
5,4,10,150,73,0.040209635547393256
6,4,10,150,73,0.27020011346731576
7,4,10,150,73,0.3064406191902649
8,4,10,150,73,0.0
9,4,10,150,73,0.21840743681816419
10,4,10,150,73,0.21491451057814584
11,4,10,150,73,0.1722584975122812
12,4,10,150,73,0.0
13,4,10,150,73,0.24024125424009096
14,4,10,150,73,0.03963175841995263
15,4,10,150,73,0.05010834716923557
16,4,10,150,73,0.053168340515114924
17,4,10,150,73,0.0
18,4,10,150,73,0.24724966735366713
19,4,10,150,73,0.0
20,4,10,150,73,0.0
21,4,10,150,73,0.0
22,4,10,150,73,0.11702382382650763
23,4,10,150,73,0.23682446174402746
24,4,10,150,73,0.0
25,4,10,150,73,0.12358102547512423
26,4,10,150,73,0.0
27,4,10,150,73,0.0
28,4,10,150,73,0.0
29,4,10,150,73,0.13455232720853103
30,4,10,150,73,0.0
31,4,10,150,73,0.0
32,4,10,150,73,0.0
33,4,10,150,73,0.0
35,4,10,150,73,0.10523285614729473
36,4,10,150,73,0.0
37,4,10,150,73,0.0
38,4,10,150,73,0.04739418218477539
39,4,10,150,73,0.0
40,4,10,150,73,0.10558114683788161
41,4,10,150,73,0.0
42,4,10,150,73,0.0683037314796457
43,4,10,150,73,0.22592974817952552
44,4,10,150,73,0.2044921015662719
45,4,10,150,73,0.05200670101006268
46,4,10,150,73,0.11284514134893527
47,4,10,150,73,0.06250343848035038
48,4,10,150,73,0.0
49,4,10,150,73,0.0
50,4,10,150,73,0.0
51,4,10,150,73,0.16812753627111746
52,4,10,150,73,0.0
54,4,10,150,73,0.0
56,4,10,150,73,0.20383503459815738
57,4,10,150,73,0.3030555992505742
58,4,10,150,73,0.3717269535737058
59,4,10,150,73,0.25441959592874125
60,4,10,150,73,0.1505674224523334
61,4,10,150,73,0.07763867093308688
62,4,10,150,73,0.08314631791322982
63,4,10,150,73,0.0
64,4,10,150,73,0.04238468688770069
65,4,10,150,73,0.13012668333070054
66,4,10,150,73,0.0
67,4,10,150,73,0.0
68,4,10,150,73,0.4827392464262081
69,4,10,150,73,0.07673373981757839
70,4,10,150,73,0.0
71,4,10,150,73,0.0
72,4,10,150,73,0.031239588460834872
73,4,10,150,73,0.0
74,4,10,150,73,0.0
75,4,10,150,73,0.049432410190049694
76,4,10,150,73,0.1301464707340554
77,4,10,150,73,0.10201115106436301
78,4,10,150,73,0.0
79,4,10,150,73,0.27487633291429087
80,4,10,150,73,0.0
81,4,10,150,73,0.0
82,4,10,150,73,0.19298623480417013
83,4,10,150,73,0.12089611529519323
84,4,10,150,73,0.05034889199379723
85,4,10,150,73,0.0
87,4,10,150,73,0.07100089300395272
89,4,10,150,73,0.2553387838830436
90,4,10,150,73,0.10247188479303698
91,4,10,150,73,0.05648147012627732
92,4,10,150,73,0.10542637391232386
93,4,10,150,73,0.0
94,4,10,150,73,0.12315199805289229
95,4,10,150,73,0.17287436926807473
96,4,10,150,73,0.10181164814261426
97,4,10,150,73,0.06462745615384195
98,4,10,150,73,0.0930297504356062
99,4,10,150,73,0.05658242244874664
100,4,10,150,73,0.0
101,4,10,150,73,0.0
102,4,10,150,73,0.02424726876918863
103,4,10,150,73,0.0
104,4,10,150,73,0.0
105,4,10,150,73,0.0
106,4,10,150,73,0.0
107,4,10,150,73,0.0
108,4,10,150,73,0.0
109,4,10,150,73,0.07103066762111539
110,4,10,150,73,0.0
111,4,10,150,73,0.0
112,4,10,150,73,0.05685954565780693
113,4,10,150,73,0.053168340515114924
114,4,10,150,73,0.0
115,4,10,150,73,0.10684080426179023
116,4,10,150,73,0.0
117,4,10,150,73,0.26646890433550474
118,4,10,150,73,0.0
119,4,10,150,73,0.2063582228182277
120,4,10,150,73,0.0
121,4,10,150,73,0.271985059917519
122,4,10,150,73,0.1530100230930498
123,4,10,150,73,0.07386004580671933
125,4,10,150,73,0.12702645795516354
126,4,10,150,73,0.06911917000496234
127,4,10,150,73,0.23132283185955704
128,4,10,150,73,0.0804528329814545
129,4,10,150,73,0.0
130,4,10,150,73,0.19839806705808383
131,4,10,150,73,0.06556385272536247
133,4,10,150,73,0.11047239495909743
134,4,10,150,73,0.0
135,4,10,150,73,0.0
137,4,10,150,73,0.1371200812351206
138,4,10,150,73,0.0
139,4,10,150,73,0.0
141,4,10,150,73,0.0
142,4,10,150,73,0.13373003436102654
143,4,10,150,73,0.1208996448617798
144,4,10,150,73,0.1227945149537572
145,4,10,150,73,0.1075804523117992
146,4,10,150,73,0.0
148,4,10,150,73,0.20254719486838738
149,4,10,150,73,0.0
150,4,10,150,73,0.10235170428306553
151,4,10,150,73,0.06298430394440727
152,4,10,150,73,0.040655755922716606
153,4,10,150,73,0.0
154,4,10,150,73,0.06372882143962796
155,4,10,150,73,0.0
156,4,10,150,73,0.0
158,4,10,150,73,0.17575552384613552
159,4,10,150,73,0.03310852000739229
160,4,10,150,73,0.0
161,4,10,150,73,0.0
162,4,10,150,73,0.0
163,4,10,150,73,0.0
164,4,10,150,73,0.0
165,4,10,150,73,0.12114889742360979
166,4,10,150,73,0.0
167,4,10,150,73,0.0
168,4,10,150,73,0.23504554941448536
169,4,10,150,73,0.06416923277158361
170,4,10,150,73,0.0
171,4,10,150,73,0.0
172,4,10,150,73,0.0
173,4,10,150,73,0.11302181651994404
174,4,10,150,73,0.08712841477105211
175,4,10,150,73,0.0
176,4,10,150,73,0.09511409151391914
177,4,10,150,73,0.06912040963822193
178,4,10,150,73,0.2437589399037192
179,4,10,150,73,0.06723507268634088
180,4,10,150,73,0.12262943855309168
181,4,10,150,73,0.04744586712998791
182,4,10,150,73,0.0
183,4,10,150,73,0.0
184,4,10,150,73,0.11356458502877588
185,4,10,150,73,0.07745351606183934
186,4,10,150,73,0.22147164648185297
187,4,10,150,73,0.08625091781054979
188,4,10,150,73,0.054384419234677496
189,4,10,150,73,0.23042891886703956
190,4,10,150,73,0.10699313236726378
191,4,10,150,73,0.0
192,4,10,150,73,0.0
193,4,10,150,73,0.0
194,4,10,150,73,0.09747680426009508
195,4,10,150,73,0.0
196,4,10,150,73,0.0
197,4,10,150,73,0.05576624569167862
198,4,10,150,73,0.0
199,4,10,150,73,0.0
200,4,10,150,73,0.11302970636219896
201,4,10,150,73,0.0787714846140849
203,4,10,150,73,0.0
204,4,10,150,73,0.0
205,4,10,150,73,0.0
206,4,10,150,73,0.0
207,4,10,150,73,0.050513241088636716
209,4,10,150,73,0.0
210,4,10,150,73,0.09440608278107551
211,4,10,150,73,0.0
212,4,10,150,73,0.12681701683239352
213,4,10,150,73,0.2384146878320104
214,4,10,150,73,0.056720838976548935
215,4,10,150,73,0.0
216,4,10,150,73,0.03497205398870122
217,4,10,150,73,0.0
218,4,10,150,73,0.19092086617893467
219,4,10,150,73,0.0
221,4,10,150,73,0.3375735570145491
222,4,10,150,73,0.12476107276951183
223,4,10,150,73,0.03870447337439288
224,4,10,150,73,0.0
225,4,10,150,73,0.0
226,4,10,150,73,0.08080765379783027
227,4,10,150,73,0.0
228,4,10,150,73,0.0
229,4,10,150,73,0.0
230,4,10,150,73,0.23712439662683835
231,4,10,150,73,0.0
232,4,10,150,73,0.3234992853586256
233,4,10,150,73,0.0968152409481219
234,4,10,150,73,0.06411917231744522
235,4,10,150,73,0.06065881345112158
236,4,10,150,73,0.0
237,4,10,150,73,0.0
238,4,10,150,73,0.0
239,4,10,150,73,0.11792279130466408
240,4,10,150,73,0.05497526658285817
242,4,10,150,73,0.0
243,4,10,150,73,0.09267768927614353
244,4,10,150,73,0.15765545519871427
245,4,10,150,73,0.10704534003732354
246,4,10,150,73,0.11120150311654428
247,4,10,150,73,0.0
248,4,10,150,73,0.14830051302014485
249,4,10,150,73,0.31180658179892495
250,4,10,150,73,0.3503302816689379
251,4,10,150,73,0.0
252,4,10,150,73,0.0
253,4,10,150,73,0.05954496680255472
254,4,10,150,73,0.0
255,4,10,150,73,0.0
256,4,10,150,73,0.16583176898817792
257,4,10,150,73,0.3305900772260718
258,4,10,150,73,0.07557488532248983
259,4,10,150,73,0.0
260,4,10,150,73,0.0
261,4,10,150,73,0.0
262,4,10,150,73,0.0
263,4,10,150,73,0.12774011823457565
264,4,10,150,73,0.05840183867278569
265,4,10,150,73,0.10209739512291163
267,4,10,150,73,0.09794101962538232
268,4,10,150,73,0.12816798712864202
269,4,10,150,73,0.13223875150584097
270,4,10,150,73,0.046726672111120165
271,4,10,150,73,0.12276482551434069
272,4,10,150,73,0.14498698048571354
273,4,10,150,73,0.0
274,4,10,150,73,0.0
275,4,10,150,73,0.04605780568615433
276,4,10,150,73,0.20223032365941937
277,4,10,150,73,0.0
279,4,10,150,73,0.06493409231178052
280,4,10,150,73,0.03337620304869898
281,4,10,150,73,0.0
283,4,10,150,73,0.1292258709239571
284,4,10,150,73,0.0
285,4,10,150,73,0.1185995982858366
286,4,10,150,73,0.3005968627632655
287,4,10,150,73,0.11352455583778437
288,4,10,150,73,0.12538054736008386
289,4,10,150,73,0.13905617951077562
290,4,10,150,73,0.0
291,4,10,150,73,0.23494592513118112
292,4,10,150,73,0.08933583385868532
293,4,10,150,73,0.2344161202530718
294,4,10,150,73,0.04123398036294628
295,4,10,150,73,0.2670961153715764
296,4,10,150,73,0.5087533365407171
297,4,10,150,73,0.13535082686131417
298,4,10,150,73,0.19947114504638494
299,4,10,150,73,0.0
300,4,10,150,73,0.0
301,4,10,150,73,0.047934103497110726
303,4,10,150,73,0.11577931806589845
304,4,10,150,73,0.0
305,4,10,150,73,0.31514747987601716
306,4,10,150,73,0.0
307,4,10,150,73,0.1383141340724969
308,4,10,150,73,0.19205342317019936
309,4,10,150,73,0.0
310,4,10,150,73,0.0
311,4,10,150,73,0.08938791352906189
312,4,10,150,73,0.14069579419580536
313,4,10,150,73,0.14465709645474623
314,4,10,150,73,0.20285519102295546
315,4,10,150,73,0.0
316,4,10,150,73,0.04568304891751105
317,4,10,150,73,0.0
318,4,10,150,73,0.13815200906377123
319,4,10,150,73,0.0
320,4,10,150,73,0.0
321,4,10,150,73,0.062242588308449316
322,4,10,150,73,0.17342765698823945
323,4,10,150,73,0.14126697285982898
324,4,10,150,73,0.03555702818464106
325,4,10,150,73,0.0
326,4,10,150,73,0.0634222181618871
327,4,10,150,73,0.021582233251080392
328,4,10,150,73,0.1437524526514495
329,4,10,150,73,0.0
330,4,10,150,73,0.0536466452928127
331,4,10,150,73,0.16958010263680806
332,4,10,150,73,0.024647523009140075
333,4,10,150,73,0.0
334,4,10,150,73,0.07058424671826317
336,4,10,150,73,0.0
337,4,10,150,73,0.16716045496620227
338,4,10,150,73,0.05005165434923901
339,4,10,150,73,0.1344957225763306
340,4,10,150,73,0.0
341,4,10,150,73,0.0
342,4,10,150,73,0.2625072992734236
343,4,10,150,73,0.28732332399638805
344,4,10,150,73,0.23832550406045652
345,4,10,150,73,0.056149696530797676
346,4,10,150,73,0.13947804593499064
347,4,10,150,73,0.08705643551438974
348,4,10,150,73,0.071942683897578
349,4,10,150,73,0.07673373981757839
350,4,10,150,73,0.2065896325117088
351,4,10,150,73,0.0
352,4,10,150,73,0.0
353,4,10,150,73,0.0
354,4,10,150,73,0.051249224710132255
355,4,10,150,73,0.0
356,4,10,150,73,0.08406376813555873
357,4,10,150,73,0.05006331611131463
358,4,10,150,73,0.20438239758848611
359,4,10,150,73,0.0
360,4,10,150,73,0.06752012359727312
361,4,10,150,73,0.09622728274290568
362,4,10,150,73,0.0
363,4,10,150,73,0.2000219371064626
364,4,10,150,73,0.0
365,4,10,150,73,0.0
366,4,10,150,73,0.0
367,4,10,150,73,0.07630862162354303
368,4,10,150,73,0.0
369,4,10,150,73,0.0
370,4,10,150,73,0.13479984916817475
371,4,10,150,73,0.22569563125869263
372,4,10,150,73,0.0
373,4,10,150,73,0.062173010658778456
374,4,10,150,73,0.06834943074719504
375,4,10,150,73,0.0
376,4,10,150,73,0.0
377,4,10,150,73,0.08010929472340098
378,4,10,150,73,0.16448029476168333
379,4,10,150,73,0.14951641492682458
380,4,10,150,73,0.0
381,4,10,150,73,0.05105625351125917
382,4,10,150,73,0.0
383,4,10,150,73,0.04838338183089434
384,4,10,150,73,0.0
385,4,10,150,73,0.0
386,4,10,150,73,0.0
387,4,10,150,73,0.11497906462099297
388,4,10,150,73,0.04511904280884329
389,4,10,150,73,0.17394090433083284
390,4,10,150,73,0.0
391,4,10,150,73,0.2137247802747043
392,4,10,150,73,0.056679935917756406
393,4,10,150,73,0.054235696447924676
394,4,10,150,73,0.11073655428626575
395,4,10,150,73,0.09179488000267515
396,4,10,150,73,0.0
397,4,10,150,73,0.2710147943938467
398,4,10,150,73,0.18852571653533698
399,4,10,150,73,0.06179253091908095
400,4,10,150,73,0.0
401,4,10,150,73,0.0
402,4,10,150,73,0.08963222225173058
403,4,10,150,73,0.0854499779566911
404,4,10,150,73,0.0
405,4,10,150,73,0.06858839098809277
406,4,10,150,73,0.20956416940551098
407,4,10,150,73,0.06232415948793755
408,4,10,150,73,0.0
409,4,10,150,73,0.12740448328320192
410,4,10,150,73,0.0
411,4,10,150,73,0.0
412,4,10,150,73,0.0
413,4,10,150,73,0.041646268351119564
414,4,10,150,73,0.0
415,4,10,150,73,0.15103391472831218
416,4,10,150,73,0.2200039995691806
417,4,10,150,73,0.09850508837083022
418,4,10,150,73,0.0
419,4,10,150,73,0.1208113026994942
420,4,10,150,73,0.06052048269976269
421,4,10,150,73,0.19620555836557932
422,4,10,150,73,0.07550298029238112
423,4,10,150,73,0.053845569940583225
424,4,10,150,73,0.2766918177656049
425,4,10,150,73,0.1674157226455415
426,4,10,150,73,0.040759261617270684
427,4,10,150,73,0.0
428,4,10,150,73,0.04415960465480069
429,4,10,150,73,0.14355264986043786
430,4,10,150,73,0.0
431,4,10,150,73,0.0
432,4,10,150,73,0.05789711601244791
433,4,10,150,73,0.05780921899607981
434,4,10,150,73,0.20778267687568405
435,4,10,150,73,0.17195543683824452
436,4,10,150,73,0.0
437,4,10,150,73,0.10867290175167639
438,4,10,150,73,0.0
439,4,10,150,73,0.10863976191957724
440,4,10,150,73,0.0
441,4,10,150,73,0.07736100002633538
442,4,10,150,73,0.040949887133979804
443,4,10,150,73,0.06783204105472322
444,4,10,150,73,0.1312721899408984
445,4,10,150,73,0.0
446,4,10,150,73,0.0
447,4,10,150,73,0.16246725303708914
448,4,10,150,73,0.0
449,4,10,150,73,0.1882329728596757
450,4,10,150,73,0.2511246341482531
451,4,10,150,73,0.06148915918944534
452,4,10,150,73,0.10773098771530253
453,4,10,150,73,0.0
454,4,10,150,73,0.0
455,4,10,150,73,0.0962493458910181
456,4,10,150,73,0.018650043077523788
457,4,10,150,73,0.2974024120042739
458,4,10,150,73,0.06982799741808067
459,4,10,150,73,0.0
460,4,10,150,73,0.05184030722866645
461,4,10,150,73,0.0
462,4,10,150,73,0.0
463,4,10,150,73,0.11987424504051505
464,4,10,150,73,0.0
465,4,10,150,73,0.0
466,4,10,150,73,0.0
467,4,10,150,73,0.07807600999842033
468,4,10,150,73,0.11455543964849552
469,4,10,150,73,0.05165643482805862
470,4,10,150,73,0.0
471,4,10,150,73,0.0
472,4,10,150,73,0.1195980915282009
473,4,10,150,73,0.06140244428718695
474,4,10,150,73,0.24593822460513717
475,4,10,150,73,0.0
476,4,10,150,73,0.0
477,4,10,150,73,0.0
478,4,10,150,73,0.2345109835167376
479,4,10,150,73,0.10172348796286074
480,4,10,150,73,0.0741070054529978
481,4,10,150,73,0.13102204196909084
482,4,10,150,73,0.0
483,4,10,150,73,0.05658242244874664
484,4,10,150,73,0.29539974213048126
485,4,10,150,73,0.0
486,4,10,150,73,0.0
487,4,10,150,73,0.09557986065110975
488,4,10,150,73,0.0
489,4,10,150,73,0.0
490,4,10,150,73,0.0
491,4,10,150,73,0.14208678740137623
492,4,10,150,73,0.0
493,4,10,150,73,0.1475552329391869
494,4,10,150,73,0.0
495,4,10,150,73,0.16394836376720962
496,4,10,150,73,0.08659863258371955
497,4,10,150,73,0.08955573351991261
498,4,10,150,73,0.0
499,4,10,150,73,0.05075938465928585
500,4,10,150,73,0.09541527213731128
501,4,10,150,73,0.0
502,4,10,150,73,0.0
503,4,10,150,73,0.07192387398891865
504,4,10,150,73,0.08148269775823089
505,4,10,150,73,0.07379217622092994
506,4,10,150,73,0.1577006399030089
507,4,10,150,73,0.05319635904163211
508,4,10,150,73,0.0
509,4,10,150,73,0.0
510,4,10,150,73,0.0
511,4,10,150,73,0.08495943917278885
512,4,10,150,73,0.05478392673173268
513,4,10,150,73,0.0
514,4,10,150,73,0.27252722616773445
515,4,10,150,73,0.11706259313796354
516,4,10,150,73,0.0
517,4,10,150,73,0.08878770367712427
518,4,10,150,73,0.0
519,4,10,150,73,0.0
520,4,10,150,73,0.0
521,4,10,150,73,0.09850628252086785
522,4,10,150,73,0.12524561954372188
523,4,10,150,73,0.05782495986511108
524,4,10,150,73,0.1283825351773177
525,4,10,150,73,0.0
526,4,10,150,73,0.15355181494703254
527,4,10,150,73,0.1636135858112592
528,4,10,150,73,0.10209739512291163
529,4,10,150,73,0.0
530,4,10,150,73,0.0
531,4,10,150,73,0.1517763576041802
532,4,10,150,73,0.2633677187406756
533,4,10,150,73,0.11557545112991054
534,4,10,150,73,0.12913418894806108
535,4,10,150,73,0.13889821983463596
536,4,10,150,73,0.15105160768725473
537,4,10,150,73,0.3229051353913474
538,4,10,150,73,0.14697776980950736
539,4,10,150,73,0.04478826142555715
540,4,10,150,73,0.0
541,4,10,150,73,0.0586415067779619
542,4,10,150,73,0.049033875503285806
543,4,10,150,73,0.04953295293703468
544,4,10,150,73,0.05282936728943967
545,4,10,150,73,0.02244213465825961
546,4,10,150,73,0.05758752804519195
547,4,10,150,73,0.0
548,4,10,150,73,0.12908029235254362
549,4,10,150,73,0.0
550,4,10,150,73,0.04785685030080952
551,4,10,150,73,0.0910925691220798
552,4,10,150,73,0.1205344274731702
553,4,10,150,73,0.07411563356774664
554,4,10,150,73,0.12627825946936164
555,4,10,150,73,0.0
556,4,10,150,73,0.07660623398069263
557,4,10,150,73,0.031742154565302834
558,4,10,150,73,0.08878770367712427
559,4,10,150,73,0.09986350037763675
560,4,10,150,73,0.09375790921485552
561,4,10,150,73,0.12080957961731299
562,4,10,150,73,0.07930308311174379
563,4,10,150,73,0.0
564,4,10,150,73,0.15437610727371853
565,4,10,150,73,0.0
566,4,10,150,73,0.03579489106983033
567,4,10,150,73,0.1471381878632886
568,4,10,150,73,0.036155150901276155
569,4,10,150,73,0.18299769260789403
570,4,10,150,73,0.0
571,4,10,150,73,0.04988426711147283
572,4,10,150,73,0.16812753627111746
573,4,10,150,73,0.06437746926759551
574,4,10,150,73,0.051811563545175146
575,4,10,150,73,0.0
576,4,10,150,73,0.0
577,4,10,150,73,0.20541190363713152
578,4,10,150,73,0.05006331611131463
579,4,10,150,73,0.0
580,4,10,150,73,0.1471734367352052
581,4,10,150,73,0.14348105418014392
582,4,10,150,73,0.03190895161277091
583,4,10,150,73,0.0
584,4,10,150,73,0.06323567569191428
585,4,10,150,73,0.04173963774222741
586,4,10,150,73,0.05786021189691368
587,4,10,150,73,0.019492972026130224
588,4,10,150,73,0.13560342958033234
589,4,10,150,73,0.0
590,4,10,150,73,0.053845569940583225
591,4,10,150,73,0.0
592,4,10,150,73,0.3184966290529739
593,4,10,150,73,0.07711036365720102
594,4,10,150,73,0.044551000676675064
595,4,10,150,73,0.10296141646738245
596,4,10,150,73,0.0
597,4,10,150,73,0.27101620591530523
598,4,10,150,73,0.0684591776394769
599,4,10,150,73,0.0
600,4,10,150,73,0.09197011795311534
601,4,10,150,73,0.0
602,4,10,150,73,0.0
603,4,10,150,73,0.0
604,4,10,150,73,0.0
605,4,10,150,73,0.23939908411991156
606,4,10,150,73,0.16168049407206384
607,4,10,150,73,0.08673473912838402
608,4,10,150,73,0.10661266864439813
609,4,10,150,73,0.0
610,4,10,150,73,0.2146842601596213
611,4,10,150,73,0.07624568872860434
612,4,10,150,73,0.0
613,4,10,150,73,0.08385150490449667
614,4,10,150,73,0.0
615,4,10,150,73,0.04919117729584568
616,4,10,150,73,0.03618657486793958
617,4,10,150,73,0.0
618,4,10,150,73,0.1281253572826617
619,4,10,150,73,0.12363660028711727
620,4,10,150,73,0.159486715201797
621,4,10,150,73,0.11278207190006835
622,4,10,150,73,0.18241748250491993
623,4,10,150,73,0.17494254380936963
624,4,10,150,73,0.06626749824739844
625,4,10,150,73,0.0
626,4,10,150,73,0.06228974831361337
627,4,10,150,73,0.06945233499530101
628,4,10,150,73,0.0
629,4,10,150,73,0.16000142907167028
630,4,10,150,73,0.15874779570678058
631,4,10,150,73,0.0
632,4,10,150,73,0.12112269717167994
633,4,10,150,73,0.11499138576948859
634,4,10,150,73,0.022104381789790163
635,4,10,150,73,0.04546401530948942
636,4,10,150,73,0.11426572661305327
637,4,10,150,73,0.01928973283308616
638,4,10,150,73,0.09712868482236708
639,4,10,150,73,0.03138892079718151
640,4,10,150,73,0.10536866733091729
641,4,10,150,73,0.07675099783970546
642,4,10,150,73,0.13322484798065765
643,4,10,150,73,0.11071279041815515
644,4,10,150,73,0.04935421935348238
645,4,10,150,73,0.17581821458755492
646,4,10,150,73,0.0
647,4,10,150,73,0.05363388010108191
648,4,10,150,73,0.12911263921993452
649,4,10,150,73,0.15489949502599
650,4,10,150,73,0.07218474931588563
651,4,10,150,73,0.0
652,4,10,150,73,0.08156220960446063
653,4,10,150,73,0.09832625236343821
654,4,10,150,73,0.21255442687635834
655,4,10,150,73,0.23689903974701826
656,4,10,150,73,0.07397229644086958
657,4,10,150,73,0.04140815094666367
658,4,10,150,73,0.2625403796417579
659,4,10,150,73,0.08781544355121487
660,4,10,150,73,0.10085647425542008
661,4,10,150,73,0.08605775303302886
662,4,10,150,73,0.0512644431393966
663,4,10,150,73,0.24026856780584893
664,4,10,150,73,0.28517362059082263
665,4,10,150,73,0.0
666,4,10,150,73,0.1728028118408475
667,4,10,150,73,0.31347596517570553
668,4,10,150,73,0.06194403202282284
669,4,10,150,73,0.1348578320198433
670,4,10,150,73,0.09267469812912739
671,4,10,150,73,0.20819966483156851
672,4,10,150,73,0.03603026685992244
673,4,10,150,73,0.14837758007547783
674,4,10,150,73,0.11338915993603582
675,4,10,150,73,0.0
676,4,10,150,73,0.19009456031551833
677,4,10,150,73,0.03314040476303028
678,4,10,150,73,0.03824432123396675
679,4,10,150,73,0.15527711509166947
680,4,10,150,73,0.11377863936243801
681,4,10,150,73,0.0
682,4,10,150,73,0.1285363308529921
683,4,10,150,73,0.0
684,4,10,150,73,0.06573003977381581
685,4,10,150,73,0.1906465758273748
686,4,10,150,73,0.1448746216863233
687,4,10,150,73,0.0
688,4,10,150,73,0.044407774452984945
689,4,10,150,73,0.21046485047453145
690,4,10,150,73,0.12222352404401943
691,4,10,150,73,0.09842092178212862
692,4,10,150,73,0.1753901755134814
693,4,10,150,73,0.0
694,4,10,150,73,0.2448812985235888
695,4,10,150,73,0.0
696,4,10,150,73,0.039725595076707886
697,4,10,150,73,0.04239477130634912
698,4,10,150,73,0.041937660325009396
699,4,10,150,73,0.06339169989706635
700,4,10,150,73,0.12729890218214104
701,4,10,150,73,0.11497698281480273
702,4,10,150,73,0.037715680681715956
703,4,10,150,73,0.11918688501400482
704,4,10,150,73,0.23659106617286202
705,4,10,150,73,0.22667088038444094
706,4,10,150,73,0.04395738023645723
707,4,10,150,73,0.05683080987654541
708,4,10,150,73,0.07186325791519563
709,4,10,150,73,0.13472082394875662
710,4,10,150,73,0.10695361352497157
711,4,10,150,73,0.1899661564839479
712,4,10,150,73,0.15511023313323485
713,4,10,150,73,0.1468735732232516
714,4,10,150,73,0.03441184191455828
715,4,10,150,73,0.0
716,4,10,150,73,0.21324582479439244
717,4,10,150,73,0.09054670163637572
718,4,10,150,73,0.035328385129692476
719,4,10,150,73,0.09883437846193516
720,4,10,150,73,0.0
721,4,10,150,73,0.1626199557578681
722,4,10,150,73,0.06556429791586475
723,4,10,150,73,0.0
724,4,10,150,73,0.0
725,4,10,150,73,0.0
726,4,10,150,73,0.05010834716923557
727,4,10,150,73,0.12806759503001497
728,4,10,150,73,0.09627818061559096
729,4,10,150,73,0.0
730,4,10,150,73,0.02601736765943984
731,4,10,150,73,0.14717311932656024
732,4,10,150,73,0.0
733,4,10,150,73,0.14514596345398123
734,4,10,150,73,0.0
735,4,10,150,73,0.0
736,4,10,150,73,0.03351972906068008
737,4,10,150,73,0.1138970555583582
738,4,10,150,73,0.13922998739868644
739,4,10,150,73,0.03855307727568851
740,4,10,150,73,0.0
741,4,10,150,73,0.05358697798864893
742,4,10,150,73,0.0488929053971083
743,4,10,150,73,0.0690623255281084
744,4,10,150,73,0.03596673601130318
745,4,10,150,73,0.03520132288421838
746,4,10,150,73,0.25743994347908983
747,4,10,150,73,0.410806532179598
748,4,10,150,73,0.09621648119325965
749,4,10,150,73,0.13518105641895198
750,4,10,150,73,0.07184731398235064
751,4,10,150,73,0.07681430860032806
752,4,10,150,73,0.023242424817620892
753,4,10,150,73,0.15780803084928155
754,4,10,150,73,0.0
755,4,10,150,73,0.03855371268423985
756,4,10,150,73,0.031104745345423533
757,4,10,150,73,0.010271498773679529
758,4,10,150,73,0.25436009677410293
759,4,10,150,73,0.08145040004058159
760,4,10,150,73,0.03004859059698017
761,4,10,150,73,0.06869287000000811
762,4,10,150,73,0.051960280791503534
763,4,10,150,73,0.05892228941894017
764,4,10,150,73,0.08946696896639536
765,4,10,150,73,0.15066101840234988
766,4,10,150,73,0.023823431574733288
767,4,10,150,73,0.13884445379214724
768,4,10,150,73,0.08438032815655525
769,4,10,150,73,0.0
770,4,10,150,73,0.21464739068424896
771,4,10,150,73,0.32869562799119006
772,4,10,150,73,0.17356150297482983
773,4,10,150,73,0.08696710392235718
774,4,10,150,73,0.05686553530573109
775,4,10,150,73,0.038478285726379145
776,4,10,150,73,0.15403842856019037
777,4,10,150,73,0.0
778,4,10,150,73,0.1631238413472767
779,4,10,150,73,0.0
780,4,10,150,73,0.09911168261706653
781,4,10,150,73,0.2016539629141292
782,4,10,150,73,0.03922137379710684
783,4,10,150,73,0.0
784,4,10,150,73,0.029814614753779622
785,4,10,150,73,0.0
786,4,10,150,73,0.0
787,4,10,150,73,0.0
788,4,10,150,73,0.22948309652116466
789,4,10,150,73,0.08809718769055445
790,4,10,150,73,0.019686636037110527
791,4,10,150,73,0.04465281017341861
792,4,10,150,73,0.08944329533390502
793,4,10,150,73,0.0
794,4,10,150,73,0.04108065887337468
795,4,10,150,73,0.034092229848757476
796,4,10,150,73,0.33991566589237254
797,4,10,150,73,0.11278903329502893
798,4,10,150,73,0.03765982664250506
799,4,10,150,73,0.0
800,4,10,150,73,0.03244993904038569
801,4,10,150,73,0.1561471668577559
802,4,10,150,73,0.06960082070980815
803,4,10,150,73,0.10569353498973794
804,4,10,150,73,0.12225423049143028
805,4,10,150,73,0.10723765353232924
806,4,10,150,73,0.2959152150106387
807,4,10,150,73,0.10767140879799031
808,4,10,150,73,0.1025417224926713
809,4,10,150,73,0.10356976056061801
810,4,10,150,73,0.030071530282993673
811,4,10,150,73,0.0
812,4,10,150,73,0.09594989011285139
813,4,10,150,73,0.0
814,4,10,150,73,0.034616222155696735
815,4,10,150,73,0.19549630542832322
816,4,10,150,73,0.0
817,4,10,150,73,0.0
818,4,10,150,73,0.05516788910004661
819,4,10,150,73,0.037210602758860095
820,4,10,150,73,0.0787987754690289
821,4,10,150,73,0.302950268110492
822,4,10,150,73,0.028653609888707104
823,4,10,150,73,0.18687734582892285
824,4,10,150,73,0.05046096657376444
825,4,10,150,73,0.08238190489603152
826,4,10,150,73,0.15278371679604155
827,4,10,150,73,0.0
828,4,10,150,73,0.05745618865524075
829,4,10,150,73,0.1751347628439014
830,4,10,150,73,0.20443782642227196
831,4,10,150,73,0.21058943716644085
832,4,10,150,73,0.0
833,4,10,150,73,0.156132581357795
834,4,10,150,73,0.2706897351446418
835,4,10,150,73,0.1851818930272933
836,4,10,150,73,0.20050437359357948
837,4,10,150,73,0.05665916465450996
838,4,10,150,73,0.27895398740912175
839,4,10,150,73,0.10730655186373157
840,4,10,150,73,0.3439592989526021
841,4,10,150,73,0.06507217400164225
842,4,10,150,73,0.03947561302344988
843,4,10,150,73,0.0
844,4,10,150,73,0.05872188515498603
845,4,10,150,73,0.0
846,4,10,150,73,0.3637857768483523
847,4,10,150,73,0.05107153900660915
848,4,10,150,73,0.08171518501440664
849,4,10,150,73,0.07738342520054953
850,4,10,150,73,0.29160326485645294
851,4,10,150,73,0.07258505677747834
852,4,10,150,73,0.26227118260874954
853,4,10,150,73,0.0
854,4,10,150,73,0.048471708641105914
855,4,10,150,73,0.0
856,4,10,150,73,0.037110354711564805
857,4,10,150,73,0.0
858,4,10,150,73,0.10250982096838526
859,4,10,150,73,0.05070263548706836
860,4,10,150,73,0.10848832312989015
861,4,10,150,73,0.06460834446248033
862,4,10,150,73,0.09615553371633527
863,4,10,150,73,0.06336841123297353
864,4,10,150,73,0.4005867550494718
865,4,10,150,73,0.09772208899610854
866,4,10,150,73,0.16283687678415507
867,4,10,150,73,0.1858556726321321
868,4,10,150,73,0.20736218747281857
869,4,10,150,73,0.0587446084443979
870,4,10,150,73,0.24423300538910045
871,4,10,150,73,0.07012986265386374
872,4,10,150,73,0.02804794621397926
873,4,10,150,73,0.0
874,4,10,150,73,0.13944914190808633
875,4,10,150,73,0.14549311298153195
876,4,10,150,73,0.08671382849411972
877,4,10,150,73,0.0835317778614811
878,4,10,150,73,0.1706804422753891
879,4,10,150,73,0.03963466998423315
880,4,10,150,73,0.33418086741565406
881,4,10,150,73,0.10411746744161543
882,4,10,150,73,0.21288820648214166
883,4,10,150,73,0.298476136790726
884,4,10,150,73,0.11407805705099587
885,4,10,150,73,0.04536087033637415
886,4,10,150,73,0.17768563313246344
887,4,10,150,73,0.10312714561620857
888,4,10,150,73,0.11625487663628292
889,4,10,150,73,0.01042078246119461
890,4,10,150,73,0.11434431442033766
891,4,10,150,73,0.10491091696774645
892,4,10,150,73,0.2499476805615943
893,4,10,150,73,0.12806369532588527
894,4,10,150,73,0.09816642807877168
895,4,10,150,73,0.0
896,4,10,150,73,0.289545180874703
897,4,10,150,73,0.31224305554314596
898,4,10,150,73,0.0
899,4,10,150,73,0.05684415375822261
900,4,10,150,73,0.055315677011973347
901,4,10,150,73,0.20721814636370853
902,4,10,150,73,0.05978585424799658
903,4,10,150,73,0.23389434103643633
904,4,10,150,73,0.0
905,4,10,150,73,0.0
906,4,10,150,73,0.10407444169186962
907,4,10,150,73,0.058866326113661355
908,4,10,150,73,0.06892767477436933
909,4,10,150,73,0.0
910,4,10,150,73,0.0
911,4,10,150,73,0.13243052909755645
912,4,10,150,73,0.17642343579737088
913,4,10,150,73,0.07219927248779984
914,4,10,150,73,0.0
915,4,10,150,73,0.0
916,4,10,150,73,0.22920491000565055
917,4,10,150,73,0.0
918,4,10,150,73,0.043627084055128
919,4,10,150,73,0.09185530454873556
920,4,10,150,73,0.0
921,4,10,150,73,0.15405864814296488
922,4,10,150,73,0.1280645281724967
923,4,10,150,73,0.04031825574984845
924,4,10,150,73,0.018280262702529162
925,4,10,150,73,0.0
926,4,10,150,73,0.0
927,4,10,150,73,0.09447575046156538
928,4,10,150,73,0.1873259908039563
929,4,10,150,73,0.25163227912988373
930,4,10,150,73,0.032298243696638564
931,4,10,150,73,0.08679587898287541
932,4,10,150,73,0.268366252147148
933,4,10,150,73,0.1138451190605383
934,4,10,150,73,0.10071040486185964
935,4,10,150,73,0.04173963774222741
936,4,10,150,73,0.1321191921354211
937,4,10,150,73,0.0
938,4,10,150,73,0.1661428141234511
939,4,10,150,73,0.02916862694666808
940,4,10,150,73,0.050684733114198
941,4,10,150,73,0.0
942,4,10,150,73,0.10504870308911567
943,4,10,150,73,0.20163692230838232
1,4,10,150,74,0.4058715898896693
2,4,10,150,74,0.06250343848035038
3,4,10,150,74,0.0
4,4,10,150,74,0.0
5,4,10,150,74,0.040209635547393256
6,4,10,150,74,0.27020011346731576
7,4,10,150,74,0.3064406191902649
8,4,10,150,74,0.0
9,4,10,150,74,0.21840743681816419
10,4,10,150,74,0.21491451057814584
11,4,10,150,74,0.1722584975122812
12,4,10,150,74,0.0
13,4,10,150,74,0.2379609265040313
14,4,10,150,74,0.03963175841995263
15,4,10,150,74,0.05010834716923557
16,4,10,150,74,0.053168340515114924
17,4,10,150,74,0.06267320809766952
18,4,10,150,74,0.24724966735366713
19,4,10,150,74,0.0
20,4,10,150,74,0.0
21,4,10,150,74,0.0
22,4,10,150,74,0.11702382382650763
23,4,10,150,74,0.23682446174402746
24,4,10,150,74,0.0
25,4,10,150,74,0.12358102547512423
26,4,10,150,74,0.0
27,4,10,150,74,0.0
28,4,10,150,74,0.0
29,4,10,150,74,0.13455232720853103
30,4,10,150,74,0.0
31,4,10,150,74,0.0
32,4,10,150,74,0.0
33,4,10,150,74,0.0
35,4,10,150,74,0.10523285614729473
36,4,10,150,74,0.0
37,4,10,150,74,0.0
38,4,10,150,74,0.04739418218477539
39,4,10,150,74,0.0
40,4,10,150,74,0.10558114683788161
41,4,10,150,74,0.0
42,4,10,150,74,0.0683037314796457
43,4,10,150,74,0.22592974817952552
44,4,10,150,74,0.2044921015662719
45,4,10,150,74,0.05200670101006268
46,4,10,150,74,0.11284514134893527
47,4,10,150,74,0.06250343848035038
48,4,10,150,74,0.0
49,4,10,150,74,0.0
50,4,10,150,74,0.0
51,4,10,150,74,0.16812753627111746
52,4,10,150,74,0.0
54,4,10,150,74,0.0
56,4,10,150,74,0.20383503459815738
57,4,10,150,74,0.3030555992505742
58,4,10,150,74,0.3717269535737058
59,4,10,150,74,0.2708748840256518
60,4,10,150,74,0.1505674224523334
61,4,10,150,74,0.07763867093308688
62,4,10,150,74,0.08314631791322982
63,4,10,150,74,0.0
64,4,10,150,74,0.04238468688770069
65,4,10,150,74,0.13012668333070054
66,4,10,150,74,0.0
67,4,10,150,74,0.0
68,4,10,150,74,0.4827392464262081
69,4,10,150,74,0.07673373981757839
70,4,10,150,74,0.0
71,4,10,150,74,0.0
72,4,10,150,74,0.031239588460834872
73,4,10,150,74,0.0
74,4,10,150,74,0.0
75,4,10,150,74,0.049432410190049694
76,4,10,150,74,0.1301464707340554
77,4,10,150,74,0.10201115106436301
78,4,10,150,74,0.0
79,4,10,150,74,0.27487633291429087
80,4,10,150,74,0.0
81,4,10,150,74,0.0
82,4,10,150,74,0.19298623480417013
83,4,10,150,74,0.12089611529519323
84,4,10,150,74,0.05034889199379723
85,4,10,150,74,0.0
87,4,10,150,74,0.07100089300395272
89,4,10,150,74,0.2553387838830436
90,4,10,150,74,0.10247188479303698
91,4,10,150,74,0.05648147012627732
92,4,10,150,74,0.10542637391232386
93,4,10,150,74,0.0
94,4,10,150,74,0.12315199805289229
95,4,10,150,74,0.17287436926807473
96,4,10,150,74,0.10181164814261426
97,4,10,150,74,0.06462745615384195
98,4,10,150,74,0.0930297504356062
99,4,10,150,74,0.05658242244874664
100,4,10,150,74,0.0
101,4,10,150,74,0.0
102,4,10,150,74,0.02424726876918863
103,4,10,150,74,0.0
104,4,10,150,74,0.0
105,4,10,150,74,0.0
106,4,10,150,74,0.0
107,4,10,150,74,0.0
108,4,10,150,74,0.0
109,4,10,150,74,0.07103066762111539
110,4,10,150,74,0.0
111,4,10,150,74,0.0
112,4,10,150,74,0.05685954565780693
113,4,10,150,74,0.053168340515114924
114,4,10,150,74,0.0
115,4,10,150,74,0.10684080426179023
116,4,10,150,74,0.0
117,4,10,150,74,0.26646890433550474
118,4,10,150,74,0.0
119,4,10,150,74,0.2063582228182277
120,4,10,150,74,0.0
121,4,10,150,74,0.271985059917519
122,4,10,150,74,0.1530100230930498
123,4,10,150,74,0.07386004580671933
125,4,10,150,74,0.12702645795516354
126,4,10,150,74,0.06911917000496234
127,4,10,150,74,0.23132283185955704
128,4,10,150,74,0.0804528329814545
129,4,10,150,74,0.0
130,4,10,150,74,0.19839806705808383
131,4,10,150,74,0.06556385272536247
133,4,10,150,74,0.11047239495909743
134,4,10,150,74,0.0
135,4,10,150,74,0.0
137,4,10,150,74,0.1371200812351206
138,4,10,150,74,0.0
139,4,10,150,74,0.0
141,4,10,150,74,0.0
142,4,10,150,74,0.13373003436102654
143,4,10,150,74,0.1208996448617798
144,4,10,150,74,0.1227945149537572
145,4,10,150,74,0.1075804523117992
146,4,10,150,74,0.0
148,4,10,150,74,0.20254719486838738
149,4,10,150,74,0.0
150,4,10,150,74,0.10235170428306553
151,4,10,150,74,0.06298430394440727
152,4,10,150,74,0.040655755922716606
153,4,10,150,74,0.0
154,4,10,150,74,0.06372882143962796
155,4,10,150,74,0.0
156,4,10,150,74,0.0
158,4,10,150,74,0.17575552384613552
159,4,10,150,74,0.03310852000739229
160,4,10,150,74,0.0
161,4,10,150,74,0.0
162,4,10,150,74,0.04858102772529458
163,4,10,150,74,0.0
164,4,10,150,74,0.0
165,4,10,150,74,0.12114889742360979
166,4,10,150,74,0.0
167,4,10,150,74,0.06267320809766952
168,4,10,150,74,0.23504554941448536
169,4,10,150,74,0.06416923277158361
170,4,10,150,74,0.0
171,4,10,150,74,0.0
172,4,10,150,74,0.0
173,4,10,150,74,0.11302181651994404
174,4,10,150,74,0.08712841477105211
175,4,10,150,74,0.0
176,4,10,150,74,0.09511409151391914
177,4,10,150,74,0.06912040963822193
178,4,10,150,74,0.2437589399037192
179,4,10,150,74,0.06723507268634088
180,4,10,150,74,0.12262943855309168
181,4,10,150,74,0.062426915812405386
182,4,10,150,74,0.0
183,4,10,150,74,0.0
184,4,10,150,74,0.11356458502877588
185,4,10,150,74,0.07745351606183934
186,4,10,150,74,0.22147164648185297
187,4,10,150,74,0.08625091781054979
188,4,10,150,74,0.054384419234677496
189,4,10,150,74,0.23042891886703956
190,4,10,150,74,0.10699313236726378
191,4,10,150,74,0.0
192,4,10,150,74,0.0
193,4,10,150,74,0.0
194,4,10,150,74,0.09747680426009508
195,4,10,150,74,0.0
196,4,10,150,74,0.0
197,4,10,150,74,0.05576624569167862
198,4,10,150,74,0.0
199,4,10,150,74,0.0
200,4,10,150,74,0.11302970636219896
201,4,10,150,74,0.09324660969141986
203,4,10,150,74,0.0
204,4,10,150,74,0.0
205,4,10,150,74,0.0
206,4,10,150,74,0.0
207,4,10,150,74,0.050513241088636716
209,4,10,150,74,0.0
210,4,10,150,74,0.09440608278107551
211,4,10,150,74,0.0
212,4,10,150,74,0.12681701683239352
213,4,10,150,74,0.2384146878320104
214,4,10,150,74,0.056720838976548935
215,4,10,150,74,0.0
216,4,10,150,74,0.03497205398870122
217,4,10,150,74,0.0
218,4,10,150,74,0.19092086617893467
219,4,10,150,74,0.0
221,4,10,150,74,0.3375735570145491
222,4,10,150,74,0.12476107276951183
223,4,10,150,74,0.03870447337439288
224,4,10,150,74,0.0
225,4,10,150,74,0.0
226,4,10,150,74,0.08080765379783027
227,4,10,150,74,0.0
228,4,10,150,74,0.0
229,4,10,150,74,0.0
230,4,10,150,74,0.23712439662683835
231,4,10,150,74,0.0
232,4,10,150,74,0.3234992853586256
233,4,10,150,74,0.0968152409481219
234,4,10,150,74,0.07835624461577749
235,4,10,150,74,0.06065881345112158
236,4,10,150,74,0.0
237,4,10,150,74,0.0
238,4,10,150,74,0.0
239,4,10,150,74,0.11792279130466408
240,4,10,150,74,0.05497526658285817
242,4,10,150,74,0.0
243,4,10,150,74,0.09267768927614353
244,4,10,150,74,0.15765545519871427
245,4,10,150,74,0.10704534003732354
246,4,10,150,74,0.11120150311654428
247,4,10,150,74,0.0
248,4,10,150,74,0.14830051302014485
249,4,10,150,74,0.31180658179892495
250,4,10,150,74,0.3503302816689379
251,4,10,150,74,0.0
252,4,10,150,74,0.0
253,4,10,150,74,0.05954496680255472
254,4,10,150,74,0.0
255,4,10,150,74,0.0
256,4,10,150,74,0.16583176898817792
257,4,10,150,74,0.3305900772260718
258,4,10,150,74,0.07557488532248983
259,4,10,150,74,0.0
260,4,10,150,74,0.0
261,4,10,150,74,0.0
262,4,10,150,74,0.0
263,4,10,150,74,0.12774011823457565
264,4,10,150,74,0.05840183867278569
265,4,10,150,74,0.10209739512291163
267,4,10,150,74,0.09794101962538232
268,4,10,150,74,0.12816798712864202
269,4,10,150,74,0.13223875150584097
270,4,10,150,74,0.046726672111120165
271,4,10,150,74,0.12276482551434069
272,4,10,150,74,0.14498698048571354
273,4,10,150,74,0.0
274,4,10,150,74,0.0
275,4,10,150,74,0.04605780568615433
276,4,10,150,74,0.20223032365941937
277,4,10,150,74,0.0
279,4,10,150,74,0.06493409231178052
280,4,10,150,74,0.03337620304869898
281,4,10,150,74,0.0
283,4,10,150,74,0.1292258709239571
284,4,10,150,74,0.0
285,4,10,150,74,0.1185995982858366
286,4,10,150,74,0.3005968627632655
287,4,10,150,74,0.11352455583778437
288,4,10,150,74,0.12538054736008386
289,4,10,150,74,0.13905617951077562
290,4,10,150,74,0.0
291,4,10,150,74,0.23494592513118112
292,4,10,150,74,0.08933583385868532
293,4,10,150,74,0.2344161202530718
294,4,10,150,74,0.04123398036294628
295,4,10,150,74,0.2670961153715764
296,4,10,150,74,0.5087533365407171
297,4,10,150,74,0.13535082686131417
298,4,10,150,74,0.19947114504638494
299,4,10,150,74,0.0
300,4,10,150,74,0.0
301,4,10,150,74,0.047934103497110726
303,4,10,150,74,0.11577931806589845
304,4,10,150,74,0.0
305,4,10,150,74,0.31514747987601716
306,4,10,150,74,0.0
307,4,10,150,74,0.1383141340724969
308,4,10,150,74,0.19205342317019936
309,4,10,150,74,0.0
310,4,10,150,74,0.0
311,4,10,150,74,0.08938791352906189
312,4,10,150,74,0.14069579419580536
313,4,10,150,74,0.14465709645474623
314,4,10,150,74,0.20285519102295546
315,4,10,150,74,0.0
316,4,10,150,74,0.04568304891751105
317,4,10,150,74,0.0
318,4,10,150,74,0.13815200906377123
319,4,10,150,74,0.0
320,4,10,150,74,0.0
321,4,10,150,74,0.062242588308449316
322,4,10,150,74,0.17342765698823945
323,4,10,150,74,0.14126697285982898
324,4,10,150,74,0.03555702818464106
325,4,10,150,74,0.0
326,4,10,150,74,0.0634222181618871
327,4,10,150,74,0.04302935573946656
328,4,10,150,74,0.1437524526514495
329,4,10,150,74,0.0
330,4,10,150,74,0.0536466452928127
331,4,10,150,74,0.16958010263680806
332,4,10,150,74,0.024647523009140075
333,4,10,150,74,0.0
334,4,10,150,74,0.0858345406672181
336,4,10,150,74,0.0
337,4,10,150,74,0.16716045496620227
338,4,10,150,74,0.05005165434923901
339,4,10,150,74,0.1344957225763306
340,4,10,150,74,0.0
341,4,10,150,74,0.0
342,4,10,150,74,0.2625072992734236
343,4,10,150,74,0.28732332399638805
344,4,10,150,74,0.23832550406045652
345,4,10,150,74,0.056149696530797676
346,4,10,150,74,0.13947804593499064
347,4,10,150,74,0.08705643551438974
348,4,10,150,74,0.071942683897578
349,4,10,150,74,0.07673373981757839
350,4,10,150,74,0.2065896325117088
351,4,10,150,74,0.0
352,4,10,150,74,0.0
353,4,10,150,74,0.0
354,4,10,150,74,0.051249224710132255
355,4,10,150,74,0.0
356,4,10,150,74,0.08406376813555873
357,4,10,150,74,0.05006331611131463
358,4,10,150,74,0.20438239758848611
359,4,10,150,74,0.0
360,4,10,150,74,0.09491042451242505
361,4,10,150,74,0.09622728274290568
362,4,10,150,74,0.0
363,4,10,150,74,0.2000219371064626
364,4,10,150,74,0.0
365,4,10,150,74,0.0
366,4,10,150,74,0.0
367,4,10,150,74,0.07630862162354303
368,4,10,150,74,0.0
369,4,10,150,74,0.0
370,4,10,150,74,0.13479984916817475
371,4,10,150,74,0.22569563125869263
372,4,10,150,74,0.0
373,4,10,150,74,0.062173010658778456
374,4,10,150,74,0.06834943074719504
375,4,10,150,74,0.0
376,4,10,150,74,0.0
377,4,10,150,74,0.08010929472340098
378,4,10,150,74,0.16448029476168333
379,4,10,150,74,0.14951641492682458
380,4,10,150,74,0.0
381,4,10,150,74,0.05105625351125917
382,4,10,150,74,0.0
383,4,10,150,74,0.04838338183089434
384,4,10,150,74,0.0
385,4,10,150,74,0.0
386,4,10,150,74,0.0
387,4,10,150,74,0.11497906462099297
388,4,10,150,74,0.04511904280884329
389,4,10,150,74,0.17394090433083284
390,4,10,150,74,0.0
391,4,10,150,74,0.2137247802747043
392,4,10,150,74,0.056679935917756406
393,4,10,150,74,0.054235696447924676
394,4,10,150,74,0.11073655428626575
395,4,10,150,74,0.09179488000267515
396,4,10,150,74,0.0
397,4,10,150,74,0.2710147943938467
398,4,10,150,74,0.18852571653533698
399,4,10,150,74,0.06179253091908095
400,4,10,150,74,0.0
401,4,10,150,74,0.0
402,4,10,150,74,0.08963222225173058
403,4,10,150,74,0.0854499779566911
404,4,10,150,74,0.0
405,4,10,150,74,0.06793736204289111
406,4,10,150,74,0.20956416940551098
407,4,10,150,74,0.06232415948793755
408,4,10,150,74,0.0
409,4,10,150,74,0.12740448328320192
410,4,10,150,74,0.0
411,4,10,150,74,0.0
412,4,10,150,74,0.0
413,4,10,150,74,0.041646268351119564
414,4,10,150,74,0.0
415,4,10,150,74,0.15103391472831218
416,4,10,150,74,0.2200039995691806
417,4,10,150,74,0.09850508837083022
418,4,10,150,74,0.0
419,4,10,150,74,0.1208113026994942
420,4,10,150,74,0.06052048269976269
421,4,10,150,74,0.19620555836557932
422,4,10,150,74,0.07550298029238112
423,4,10,150,74,0.053845569940583225
424,4,10,150,74,0.2766918177656049
425,4,10,150,74,0.1674157226455415
426,4,10,150,74,0.040759261617270684
427,4,10,150,74,0.0
428,4,10,150,74,0.04415960465480069
429,4,10,150,74,0.14355264986043786
430,4,10,150,74,0.0
431,4,10,150,74,0.0
432,4,10,150,74,0.05789711601244791
433,4,10,150,74,0.05780921899607981
434,4,10,150,74,0.20778267687568405
435,4,10,150,74,0.17195543683824452
436,4,10,150,74,0.0
437,4,10,150,74,0.10867290175167639
438,4,10,150,74,0.0
439,4,10,150,74,0.10863976191957724
440,4,10,150,74,0.0
441,4,10,150,74,0.07736100002633538
442,4,10,150,74,0.040949887133979804
443,4,10,150,74,0.06783204105472322
444,4,10,150,74,0.1312721899408984
445,4,10,150,74,0.0
446,4,10,150,74,0.0
447,4,10,150,74,0.16246725303708914
448,4,10,150,74,0.0
449,4,10,150,74,0.1882329728596757
450,4,10,150,74,0.2487410032840727
451,4,10,150,74,0.06148915918944534
452,4,10,150,74,0.10773098771530253
453,4,10,150,74,0.0
454,4,10,150,74,0.0
455,4,10,150,74,0.0962493458910181
456,4,10,150,74,0.018650043077523788
457,4,10,150,74,0.2974024120042739
458,4,10,150,74,0.06982799741808067
459,4,10,150,74,0.0
460,4,10,150,74,0.05184030722866645
461,4,10,150,74,0.0
462,4,10,150,74,0.0
463,4,10,150,74,0.11987424504051505
464,4,10,150,74,0.0
465,4,10,150,74,0.0
466,4,10,150,74,0.0
467,4,10,150,74,0.07807600999842033
468,4,10,150,74,0.11455543964849552
469,4,10,150,74,0.05165643482805862
470,4,10,150,74,0.0
471,4,10,150,74,0.0
472,4,10,150,74,0.1195980915282009
473,4,10,150,74,0.06140244428718695
474,4,10,150,74,0.24593822460513717
475,4,10,150,74,0.0
476,4,10,150,74,0.0
477,4,10,150,74,0.0
478,4,10,150,74,0.2345109835167376
479,4,10,150,74,0.10172348796286074
480,4,10,150,74,0.0741070054529978
481,4,10,150,74,0.13102204196909084
482,4,10,150,74,0.0
483,4,10,150,74,0.05658242244874664
484,4,10,150,74,0.29539974213048126
485,4,10,150,74,0.0
486,4,10,150,74,0.0
487,4,10,150,74,0.09557986065110975
488,4,10,150,74,0.0
489,4,10,150,74,0.0
490,4,10,150,74,0.0
491,4,10,150,74,0.14208678740137623
492,4,10,150,74,0.0
493,4,10,150,74,0.1475552329391869
494,4,10,150,74,0.0
495,4,10,150,74,0.16394836376720962
496,4,10,150,74,0.08659863258371955
497,4,10,150,74,0.08955573351991261
498,4,10,150,74,0.0
499,4,10,150,74,0.05075938465928585
500,4,10,150,74,0.09541527213731128
501,4,10,150,74,0.0
502,4,10,150,74,0.0
503,4,10,150,74,0.07192387398891865
504,4,10,150,74,0.08148269775823089
505,4,10,150,74,0.07379217622092994
506,4,10,150,74,0.17049885343680607
507,4,10,150,74,0.05319635904163211
508,4,10,150,74,0.0
509,4,10,150,74,0.0
510,4,10,150,74,0.0
511,4,10,150,74,0.08495943917278885
512,4,10,150,74,0.05478392673173268
513,4,10,150,74,0.0
514,4,10,150,74,0.27252722616773445
515,4,10,150,74,0.11706259313796354
516,4,10,150,74,0.0
517,4,10,150,74,0.08878770367712427
518,4,10,150,74,0.0
519,4,10,150,74,0.0
520,4,10,150,74,0.0
521,4,10,150,74,0.09850628252086785
522,4,10,150,74,0.12524561954372188
523,4,10,150,74,0.05782495986511108
524,4,10,150,74,0.1283825351773177
525,4,10,150,74,0.0
526,4,10,150,74,0.15355181494703254
527,4,10,150,74,0.1636135858112592
528,4,10,150,74,0.10209739512291163
529,4,10,150,74,0.0
530,4,10,150,74,0.0
531,4,10,150,74,0.1517763576041802
532,4,10,150,74,0.2633677187406756
533,4,10,150,74,0.11557545112991054
534,4,10,150,74,0.12913418894806108
535,4,10,150,74,0.13889821983463596
536,4,10,150,74,0.15105160768725473
537,4,10,150,74,0.32933200077129426
538,4,10,150,74,0.14697776980950736
539,4,10,150,74,0.04478826142555715
540,4,10,150,74,0.0
541,4,10,150,74,0.0586415067779619
542,4,10,150,74,0.049033875503285806
543,4,10,150,74,0.04953295293703468
544,4,10,150,74,0.05282936728943967
545,4,10,150,74,0.02244213465825961
546,4,10,150,74,0.05758752804519195
547,4,10,150,74,0.0
548,4,10,150,74,0.12908029235254362
549,4,10,150,74,0.0
550,4,10,150,74,0.04785685030080952
551,4,10,150,74,0.0910925691220798
552,4,10,150,74,0.1205344274731702
553,4,10,150,74,0.07411563356774664
554,4,10,150,74,0.12627825946936164
555,4,10,150,74,0.0
556,4,10,150,74,0.07660623398069263
557,4,10,150,74,0.031742154565302834
558,4,10,150,74,0.08878770367712427
559,4,10,150,74,0.09986350037763675
560,4,10,150,74,0.09375790921485552
561,4,10,150,74,0.11966287633333933
562,4,10,150,74,0.07930308311174379
563,4,10,150,74,0.0
564,4,10,150,74,0.15437610727371853
565,4,10,150,74,0.0
566,4,10,150,74,0.03579489106983033
567,4,10,150,74,0.1471381878632886
568,4,10,150,74,0.036155150901276155
569,4,10,150,74,0.18299769260789403
570,4,10,150,74,0.0
571,4,10,150,74,0.04988426711147283
572,4,10,150,74,0.16812753627111746
573,4,10,150,74,0.06437746926759551
574,4,10,150,74,0.051811563545175146
575,4,10,150,74,0.0
576,4,10,150,74,0.0
577,4,10,150,74,0.20541190363713152
578,4,10,150,74,0.05006331611131463
579,4,10,150,74,0.0
580,4,10,150,74,0.1471734367352052
581,4,10,150,74,0.14348105418014392
582,4,10,150,74,0.03190895161277091
583,4,10,150,74,0.0
584,4,10,150,74,0.06323567569191428
585,4,10,150,74,0.04173963774222741
586,4,10,150,74,0.05786021189691368
587,4,10,150,74,0.019492972026130224
588,4,10,150,74,0.13560342958033234
589,4,10,150,74,0.0
590,4,10,150,74,0.053845569940583225
591,4,10,150,74,0.0
592,4,10,150,74,0.31547351506129795
593,4,10,150,74,0.07711036365720102
594,4,10,150,74,0.044551000676675064
595,4,10,150,74,0.10296141646738245
596,4,10,150,74,0.0
597,4,10,150,74,0.27101620591530523
598,4,10,150,74,0.0684591776394769
599,4,10,150,74,0.0
600,4,10,150,74,0.09197011795311534
601,4,10,150,74,0.0
602,4,10,150,74,0.0
603,4,10,150,74,0.0
604,4,10,150,74,0.0
605,4,10,150,74,0.23939908411991156
606,4,10,150,74,0.16168049407206384
607,4,10,150,74,0.08673473912838402
608,4,10,150,74,0.10661266864439813
609,4,10,150,74,0.0
610,4,10,150,74,0.2146842601596213
611,4,10,150,74,0.07624568872860434
612,4,10,150,74,0.0
613,4,10,150,74,0.08385150490449667
614,4,10,150,74,0.0
615,4,10,150,74,0.04919117729584568
616,4,10,150,74,0.03618657486793958
617,4,10,150,74,0.0
618,4,10,150,74,0.1281253572826617
619,4,10,150,74,0.12363660028711727
620,4,10,150,74,0.159486715201797
621,4,10,150,74,0.11278207190006835
622,4,10,150,74,0.18241748250491993
623,4,10,150,74,0.17494254380936963
624,4,10,150,74,0.06626749824739844
625,4,10,150,74,0.0
626,4,10,150,74,0.06228974831361337
627,4,10,150,74,0.06945233499530101
628,4,10,150,74,0.0
629,4,10,150,74,0.1761343378337656
630,4,10,150,74,0.15874779570678058
631,4,10,150,74,0.0
632,4,10,150,74,0.12112269717167994
633,4,10,150,74,0.11499138576948859
634,4,10,150,74,0.022104381789790163
635,4,10,150,74,0.04546401530948942
636,4,10,150,74,0.11426572661305327
637,4,10,150,74,0.01928973283308616
638,4,10,150,74,0.09712868482236708
639,4,10,150,74,0.03138892079718151
640,4,10,150,74,0.10536866733091729
641,4,10,150,74,0.07675099783970546
642,4,10,150,74,0.13196030115274685
643,4,10,150,74,0.11071279041815515
644,4,10,150,74,0.04935421935348238
645,4,10,150,74,0.17581821458755492
646,4,10,150,74,0.0
647,4,10,150,74,0.05363388010108191
648,4,10,150,74,0.12788712475440128
649,4,10,150,74,0.15489949502599
650,4,10,150,74,0.08099140850839764
651,4,10,150,74,0.0
652,4,10,150,74,0.08156220960446063
653,4,10,150,74,0.09739295686780668
654,4,10,150,74,0.21255442687635834
655,4,10,150,74,0.2441422598616601
656,4,10,150,74,0.07397229644086958
657,4,10,150,74,0.04140815094666367
658,4,10,150,74,0.2625403796417579
659,4,10,150,74,0.08781544355121487
660,4,10,150,74,0.10085647425542008
661,4,10,150,74,0.08605775303302886
662,4,10,150,74,0.0512644431393966
663,4,10,150,74,0.24026856780584893
664,4,10,150,74,0.28517362059082263
665,4,10,150,74,0.0
666,4,10,150,74,0.17116259794021585
667,4,10,150,74,0.31347596517570553
668,4,10,150,74,0.06194403202282284
669,4,10,150,74,0.1348578320198433
670,4,10,150,74,0.09267469812912739
671,4,10,150,74,0.20819966483156851
672,4,10,150,74,0.03603026685992244
673,4,10,150,74,0.14837758007547783
674,4,10,150,74,0.11338915993603582
675,4,10,150,74,0.0
676,4,10,150,74,0.19009456031551833
677,4,10,150,74,0.03314040476303028
678,4,10,150,74,0.03824432123396675
679,4,10,150,74,0.15527711509166947
680,4,10,150,74,0.11377863936243801
681,4,10,150,74,0.0
682,4,10,150,74,0.13680811074362753
683,4,10,150,74,0.0
684,4,10,150,74,0.06573003977381581
685,4,10,150,74,0.1906465758273748
686,4,10,150,74,0.1448746216863233
687,4,10,150,74,0.0
688,4,10,150,74,0.044407774452984945
689,4,10,150,74,0.21046485047453145
690,4,10,150,74,0.12222352404401943
691,4,10,150,74,0.09842092178212862
692,4,10,150,74,0.1753901755134814
693,4,10,150,74,0.0
694,4,10,150,74,0.2448812985235888
695,4,10,150,74,0.0
696,4,10,150,74,0.039725595076707886
697,4,10,150,74,0.04239477130634912
698,4,10,150,74,0.041937660325009396
699,4,10,150,74,0.06339169989706635
700,4,10,150,74,0.12729890218214104
701,4,10,150,74,0.11497698281480273
702,4,10,150,74,0.037715680681715956
703,4,10,150,74,0.11918688501400482
704,4,10,150,74,0.23659106617286202
705,4,10,150,74,0.22667088038444094
706,4,10,150,74,0.04395738023645723
707,4,10,150,74,0.0562913818235487
708,4,10,150,74,0.07186325791519563
709,4,10,150,74,0.13472082394875662
710,4,10,150,74,0.10695361352497157
711,4,10,150,74,0.18816303113433547
712,4,10,150,74,0.15511023313323485
713,4,10,150,74,0.1468735732232516
714,4,10,150,74,0.03441184191455828
715,4,10,150,74,0.0
716,4,10,150,74,0.21122173292717464
717,4,10,150,74,0.09054670163637572
718,4,10,150,74,0.035328385129692476
719,4,10,150,74,0.09883437846193516
720,4,10,150,74,0.0
721,4,10,150,74,0.17386347403129385
722,4,10,150,74,0.06556429791586475
723,4,10,150,74,0.0
724,4,10,150,74,0.0
725,4,10,150,74,0.0
726,4,10,150,74,0.05010834716923557
727,4,10,150,74,0.13634382407864953
728,4,10,150,74,0.09627818061559096
729,4,10,150,74,0.0
730,4,10,150,74,0.02601736765943984
731,4,10,150,74,0.14717311932656024
732,4,10,150,74,0.0
733,4,10,150,74,0.14514596345398123
734,4,10,150,74,0.0
735,4,10,150,74,0.0
736,4,10,150,74,0.03351972906068008
737,4,10,150,74,0.1138970555583582
738,4,10,150,74,0.13922998739868644
739,4,10,150,74,0.03855307727568851
740,4,10,150,74,0.0
741,4,10,150,74,0.05358697798864893
742,4,10,150,74,0.0488929053971083
743,4,10,150,74,0.0690623255281084
744,4,10,150,74,0.03596673601130318
745,4,10,150,74,0.03520132288421838
746,4,10,150,74,0.25743994347908983
747,4,10,150,74,0.41639905295970225
748,4,10,150,74,0.09621648119325965
749,4,10,150,74,0.1338979416045666
750,4,10,150,74,0.07184731398235064
751,4,10,150,74,0.07608520069177327
752,4,10,150,74,0.023242424817620892
753,4,10,150,74,0.15780803084928155
754,4,10,150,74,0.0
755,4,10,150,74,0.03855371268423985
756,4,10,150,74,0.031104745345423533
757,4,10,150,74,0.010271498773679529
758,4,10,150,74,0.2519457554676713
759,4,10,150,74,0.11006100937916612
760,4,10,150,74,0.03004859059698017
761,4,10,150,74,0.06869287000000811
762,4,10,150,74,0.051960280791503534
763,4,10,150,74,0.05892228941894017
764,4,10,150,74,0.08946696896639536
765,4,10,150,74,0.15066101840234988
766,4,10,150,74,0.023823431574733288
767,4,10,150,74,0.13884445379214724
768,4,10,150,74,0.08438032815655525
769,4,10,150,74,0.0
770,4,10,150,74,0.21464739068424896
771,4,10,150,74,0.32869562799119006
772,4,10,150,74,0.17356150297482983
773,4,10,150,74,0.08696710392235718
774,4,10,150,74,0.05632577764506742
775,4,10,150,74,0.038478285726379145
776,4,10,150,74,0.15403842856019037
777,4,10,150,74,0.0
778,4,10,150,74,0.1631238413472767
779,4,10,150,74,0.0
780,4,10,150,74,0.09911168261706653
781,4,10,150,74,0.2016539629141292
782,4,10,150,74,0.038849091414554324
783,4,10,150,74,0.0
784,4,10,150,74,0.029814614753779622
785,4,10,150,74,0.0
786,4,10,150,74,0.0
787,4,10,150,74,0.0
788,4,10,150,74,0.2367967074647274
789,4,10,150,74,0.08809718769055445
790,4,10,150,74,0.019499773949967613
791,4,10,150,74,0.04465281017341861
792,4,10,150,74,0.08944329533390502
793,4,10,150,74,0.0
794,4,10,150,74,0.04108065887337468
795,4,10,150,74,0.034092229848757476
796,4,10,150,74,0.33668924616980095
797,4,10,150,74,0.11278903329502893
798,4,10,150,74,0.037302366190928
799,4,10,150,74,0.0
800,4,10,150,74,0.03244993904038569
801,4,10,150,74,0.1561471668577559
802,4,10,150,74,0.06960082070980815
803,4,10,150,74,0.10569353498973794
804,4,10,150,74,0.12109381483541795
805,4,10,150,74,0.10621977258397496
806,4,10,150,74,0.2959152150106387
807,4,10,150,74,0.11614123485943535
808,4,10,150,74,0.1025417224926713
809,4,10,150,74,0.10356976056061801
810,4,10,150,74,0.030071530282993673
811,4,10,150,74,0.0
812,4,10,150,74,0.09594989011285139
813,4,10,150,74,0.0
814,4,10,150,74,0.034616222155696735
815,4,10,150,74,0.19364068887747105
816,4,10,150,74,0.0
817,4,10,150,74,0.0
818,4,10,150,74,0.05516788910004661
819,4,10,150,74,0.037210602758860095
820,4,10,150,74,0.0787987754690289
821,4,10,150,74,0.302950268110492
822,4,10,150,74,0.028653609888707104
823,4,10,150,74,0.18510353892684503
824,4,10,150,74,0.05046096657376444
825,4,10,150,74,0.08238190489603152
826,4,10,150,74,0.15278371679604155
827,4,10,150,74,0.0
828,4,10,150,74,0.05745618865524075
829,4,10,150,74,0.1751347628439014
830,4,10,150,74,0.20443782642227196
831,4,10,150,74,0.21058943716644085
832,4,10,150,74,0.0
833,4,10,150,74,0.15465059835325673
834,4,10,150,74,0.2706897351446418
835,4,10,150,74,0.1851818930272933
836,4,10,150,74,0.20050437359357948
837,4,10,150,74,0.05665916465450996
838,4,10,150,74,0.27895398740912175
839,4,10,150,74,0.10730655186373157
840,4,10,150,74,0.3406944977761422
841,4,10,150,74,0.06507217400164225
842,4,10,150,74,0.03947561302344988
843,4,10,150,74,0.0
844,4,10,150,74,0.05872188515498603
845,4,10,150,74,0.0
846,4,10,150,74,0.36033278623042003
847,4,10,150,74,0.05107153900660915
848,4,10,150,74,0.08171518501440664
849,4,10,150,74,0.07738342520054953
850,4,10,150,74,0.29160326485645294
851,4,10,150,74,0.07189609218346346
852,4,10,150,74,0.26227118260874954
853,4,10,150,74,0.0
854,4,10,150,74,0.04801162370699192
855,4,10,150,74,0.0
856,4,10,150,74,0.037110354711564805
857,4,10,150,74,0.0
858,4,10,150,74,0.10250982096838526
859,4,10,150,74,0.05070263548706836
860,4,10,150,74,0.10848832312989015
861,4,10,150,74,0.06460834446248033
862,4,10,150,74,0.09615553371633527
863,4,10,150,74,0.06336841123297353
864,4,10,150,74,0.3967844560183298
865,4,10,150,74,0.09772208899610854
866,4,10,150,74,0.16283687678415507
867,4,10,150,74,0.19922646846196726
868,4,10,150,74,0.2053939420563519
869,4,10,150,74,0.0587446084443979
870,4,10,150,74,0.24191478865312974
871,4,10,150,74,0.07012986265386374
872,4,10,150,74,0.02804794621397926
873,4,10,150,74,0.0
874,4,10,150,74,0.13944914190808633
875,4,10,150,74,0.15950125360109937
876,4,10,150,74,0.08671382849411972
877,4,10,150,74,0.0835317778614811
878,4,10,150,74,0.1706804422753891
879,4,10,150,74,0.03963466998423315
880,4,10,150,74,0.3310088813916932
881,4,10,150,74,0.1031292027509136
882,4,10,150,74,0.21288820648214166
883,4,10,150,74,0.2956430537907695
884,4,10,150,74,0.11407805705099587
885,4,10,150,74,0.04536087033637415
886,4,10,150,74,0.17599907235083204
887,4,10,150,74,0.10214828088611402
888,4,10,150,74,0.11625487663628292
889,4,10,150,74,0.010321870226687383
890,4,10,150,74,0.11434431442033766
891,4,10,150,74,0.10491091696774645
892,4,10,150,74,0.2570670452723778
893,4,10,150,74,0.12806369532588527
894,4,10,150,74,0.09723464960714324
895,4,10,150,74,0.0
896,4,10,150,74,0.2867968689376901
897,4,10,150,74,0.3092792993714625
898,4,10,150,74,0.0
899,4,10,150,74,0.05684415375822261
900,4,10,150,74,0.055315677011973347
901,4,10,150,74,0.20721814636370853
902,4,10,150,74,0.05978585424799658
903,4,10,150,74,0.24651430146847014
904,4,10,150,74,0.0
905,4,10,150,74,0.0
906,4,10,150,74,0.10407444169186962
907,4,10,150,74,0.058866326113661355
908,4,10,150,74,0.06892767477436933
909,4,10,150,74,0.0
910,4,10,150,74,0.0
911,4,10,150,74,0.14690565417489143
912,4,10,150,74,0.17642343579737088
913,4,10,150,74,0.07219927248779984
914,4,10,150,74,0.0
915,4,10,150,74,0.0
916,4,10,150,74,0.22702933730819613
917,4,10,150,74,0.0
918,4,10,150,74,0.043627084055128
919,4,10,150,74,0.09098343015177059
920,4,10,150,74,0.0
921,4,10,150,74,0.15405864814296488
922,4,10,150,74,0.1280645281724967
923,4,10,150,74,0.04031825574984845
924,4,10,150,74,0.018280262702529162
925,4,10,150,74,0.0
926,4,10,150,74,0.0
927,4,10,150,74,0.09447575046156538
928,4,10,150,74,0.1873259908039563
929,4,10,150,74,0.25163227912988373
930,4,10,150,74,0.032298243696638564
931,4,10,150,74,0.08679587898287541
932,4,10,150,74,0.26581896687705886
933,4,10,150,74,0.1138451190605383
934,4,10,150,74,0.10071040486185964
935,4,10,150,74,0.04173963774222741
936,4,10,150,74,0.1321191921354211
937,4,10,150,74,0.0
938,4,10,150,74,0.1661428141234511
939,4,10,150,74,0.02916862694666808
940,4,10,150,74,0.050684733114198
941,4,10,150,74,0.0
942,4,10,150,74,0.10504870308911567
943,4,10,150,74,0.20163692230838232
1,4,10,150,75,0.4058715898896693
2,4,10,150,75,0.06250343848035038
3,4,10,150,75,0.0
4,4,10,150,75,0.0
5,4,10,150,75,0.040209635547393256
6,4,10,150,75,0.27020011346731576
7,4,10,150,75,0.32137584944629577
8,4,10,150,75,0.0
9,4,10,150,75,0.21840743681816419
10,4,10,150,75,0.21491451057814584
11,4,10,150,75,0.1722584975122812
12,4,10,150,75,0.0
13,4,10,150,75,0.23573025959474853
14,4,10,150,75,0.03963175841995263
15,4,10,150,75,0.05010834716923557
16,4,10,150,75,0.053168340515114924
17,4,10,150,75,0.06267320809766952
18,4,10,150,75,0.2651132679673976
19,4,10,150,75,0.0
20,4,10,150,75,0.0
21,4,10,150,75,0.0
22,4,10,150,75,0.11702382382650763
23,4,10,150,75,0.23682446174402746
24,4,10,150,75,0.0
25,4,10,150,75,0.12358102547512423
26,4,10,150,75,0.0
27,4,10,150,75,0.0
28,4,10,150,75,0.0
29,4,10,150,75,0.13455232720853103
30,4,10,150,75,0.0
31,4,10,150,75,0.0
32,4,10,150,75,0.0
33,4,10,150,75,0.0
35,4,10,150,75,0.10523285614729473
36,4,10,150,75,0.0
37,4,10,150,75,0.0
38,4,10,150,75,0.04739418218477539
39,4,10,150,75,0.0
40,4,10,150,75,0.10558114683788161
41,4,10,150,75,0.0
42,4,10,150,75,0.0683037314796457
43,4,10,150,75,0.22592974817952552
44,4,10,150,75,0.2044921015662719
45,4,10,150,75,0.05200670101006268
46,4,10,150,75,0.11284514134893527
47,4,10,150,75,0.06250343848035038
48,4,10,150,75,0.0
49,4,10,150,75,0.0
50,4,10,150,75,0.0
51,4,10,150,75,0.16812753627111746
52,4,10,150,75,0.0
54,4,10,150,75,0.04843244625481133
56,4,10,150,75,0.20383503459815738
57,4,10,150,75,0.3030555992505742
58,4,10,150,75,0.3717269535737058
59,4,10,150,75,0.2708748840256518
60,4,10,150,75,0.1505674224523334
61,4,10,150,75,0.07763867093308688
62,4,10,150,75,0.08314631791322982
63,4,10,150,75,0.0
64,4,10,150,75,0.04238468688770069
65,4,10,150,75,0.13012668333070054
66,4,10,150,75,0.0
67,4,10,150,75,0.0
68,4,10,150,75,0.4827392464262081
69,4,10,150,75,0.07673373981757839
70,4,10,150,75,0.0
71,4,10,150,75,0.0
72,4,10,150,75,0.031239588460834872
73,4,10,150,75,0.0
74,4,10,150,75,0.0
75,4,10,150,75,0.049432410190049694
76,4,10,150,75,0.1301464707340554
77,4,10,150,75,0.10201115106436301
78,4,10,150,75,0.0
79,4,10,150,75,0.27487633291429087
80,4,10,150,75,0.0
81,4,10,150,75,0.0
82,4,10,150,75,0.19298623480417013
83,4,10,150,75,0.12089611529519323
84,4,10,150,75,0.05034889199379723
85,4,10,150,75,0.0
87,4,10,150,75,0.07100089300395272
89,4,10,150,75,0.2553387838830436
90,4,10,150,75,0.10247188479303698
91,4,10,150,75,0.05648147012627732
92,4,10,150,75,0.10542637391232386
93,4,10,150,75,0.0
94,4,10,150,75,0.1398942649682608
95,4,10,150,75,0.17287436926807473
96,4,10,150,75,0.10181164814261426
97,4,10,150,75,0.06462745615384195
98,4,10,150,75,0.0930297504356062
99,4,10,150,75,0.05658242244874664
100,4,10,150,75,0.0
101,4,10,150,75,0.0
102,4,10,150,75,0.02424726876918863
103,4,10,150,75,0.0
104,4,10,150,75,0.0
105,4,10,150,75,0.0
106,4,10,150,75,0.0
107,4,10,150,75,0.0
108,4,10,150,75,0.0
109,4,10,150,75,0.07103066762111539
110,4,10,150,75,0.0
111,4,10,150,75,0.0
112,4,10,150,75,0.05685954565780693
113,4,10,150,75,0.053168340515114924
114,4,10,150,75,0.0
115,4,10,150,75,0.10684080426179023
116,4,10,150,75,0.0
117,4,10,150,75,0.26646890433550474
118,4,10,150,75,0.0
119,4,10,150,75,0.2063582228182277
120,4,10,150,75,0.0
121,4,10,150,75,0.271985059917519
122,4,10,150,75,0.1530100230930498
123,4,10,150,75,0.07386004580671933
125,4,10,150,75,0.12702645795516354
126,4,10,150,75,0.06911917000496234
127,4,10,150,75,0.23132283185955704
128,4,10,150,75,0.0804528329814545
129,4,10,150,75,0.0
130,4,10,150,75,0.19839806705808383
131,4,10,150,75,0.06556385272536247
133,4,10,150,75,0.11047239495909743
134,4,10,150,75,0.0
135,4,10,150,75,0.0
137,4,10,150,75,0.1371200812351206
138,4,10,150,75,0.0
139,4,10,150,75,0.0
141,4,10,150,75,0.0
142,4,10,150,75,0.13373003436102654
143,4,10,150,75,0.1208996448617798
144,4,10,150,75,0.1227945149537572
145,4,10,150,75,0.1075804523117992
146,4,10,150,75,0.0
148,4,10,150,75,0.20254719486838738
149,4,10,150,75,0.0
150,4,10,150,75,0.10235170428306553
151,4,10,150,75,0.06298430394440727
152,4,10,150,75,0.040655755922716606
153,4,10,150,75,0.0
154,4,10,150,75,0.06372882143962796
155,4,10,150,75,0.0
156,4,10,150,75,0.0
158,4,10,150,75,0.17575552384613552
159,4,10,150,75,0.03310852000739229
160,4,10,150,75,0.0
161,4,10,150,75,0.0
162,4,10,150,75,0.04858102772529458
163,4,10,150,75,0.0
164,4,10,150,75,0.0
165,4,10,150,75,0.12114889742360979
166,4,10,150,75,0.0
167,4,10,150,75,0.06267320809766952
168,4,10,150,75,0.23504554941448536
169,4,10,150,75,0.06416923277158361
170,4,10,150,75,0.0
171,4,10,150,75,0.0
172,4,10,150,75,0.0
173,4,10,150,75,0.11302181651994404
174,4,10,150,75,0.08712841477105211
175,4,10,150,75,0.0
176,4,10,150,75,0.09511409151391914
177,4,10,150,75,0.06912040963822193
178,4,10,150,75,0.2437589399037192
179,4,10,150,75,0.06723507268634088
180,4,10,150,75,0.12262943855309168
181,4,10,150,75,0.062426915812405386
182,4,10,150,75,0.0
183,4,10,150,75,0.0
184,4,10,150,75,0.11356458502877588
185,4,10,150,75,0.07745351606183934
186,4,10,150,75,0.22147164648185297
187,4,10,150,75,0.08625091781054979
188,4,10,150,75,0.054384419234677496
189,4,10,150,75,0.23042891886703956
190,4,10,150,75,0.10699313236726378
191,4,10,150,75,0.0
192,4,10,150,75,0.0
193,4,10,150,75,0.0
194,4,10,150,75,0.09747680426009508
195,4,10,150,75,0.0
196,4,10,150,75,0.0
197,4,10,150,75,0.05576624569167862
198,4,10,150,75,0.0
199,4,10,150,75,0.0
200,4,10,150,75,0.1350618908658632
201,4,10,150,75,0.09324660969141986
203,4,10,150,75,0.0
204,4,10,150,75,0.0
205,4,10,150,75,0.0
206,4,10,150,75,0.0
207,4,10,150,75,0.050513241088636716
209,4,10,150,75,0.0
210,4,10,150,75,0.09440608278107551
211,4,10,150,75,0.0
212,4,10,150,75,0.12681701683239352
213,4,10,150,75,0.2384146878320104
214,4,10,150,75,0.056720838976548935
215,4,10,150,75,0.0
216,4,10,150,75,0.03497205398870122
217,4,10,150,75,0.0
218,4,10,150,75,0.19092086617893467
219,4,10,150,75,0.0
221,4,10,150,75,0.3375735570145491
222,4,10,150,75,0.12476107276951183
223,4,10,150,75,0.03870447337439288
224,4,10,150,75,0.0
225,4,10,150,75,0.0
226,4,10,150,75,0.08080765379783027
227,4,10,150,75,0.0
228,4,10,150,75,0.0
229,4,10,150,75,0.0
230,4,10,150,75,0.23712439662683835
231,4,10,150,75,0.0
232,4,10,150,75,0.3234992853586256
233,4,10,150,75,0.0968152409481219
234,4,10,150,75,0.07835624461577749
235,4,10,150,75,0.06065881345112158
236,4,10,150,75,0.0
237,4,10,150,75,0.0
238,4,10,150,75,0.0
239,4,10,150,75,0.11792279130466408
240,4,10,150,75,0.05497526658285817
242,4,10,150,75,0.0
243,4,10,150,75,0.09267768927614353
244,4,10,150,75,0.15765545519871427
245,4,10,150,75,0.10704534003732354
246,4,10,150,75,0.11120150311654428
247,4,10,150,75,0.0
248,4,10,150,75,0.14830051302014485
249,4,10,150,75,0.31180658179892495
250,4,10,150,75,0.3503302816689379
251,4,10,150,75,0.0
252,4,10,150,75,0.0
253,4,10,150,75,0.05954496680255472
254,4,10,150,75,0.0
255,4,10,150,75,0.0
256,4,10,150,75,0.16583176898817792
257,4,10,150,75,0.3305900772260718
258,4,10,150,75,0.07557488532248983
259,4,10,150,75,0.0
260,4,10,150,75,0.0
261,4,10,150,75,0.0
262,4,10,150,75,0.0252218468349957
263,4,10,150,75,0.12774011823457565
264,4,10,150,75,0.05840183867278569
265,4,10,150,75,0.10209739512291163
267,4,10,150,75,0.09794101962538232
268,4,10,150,75,0.12816798712864202
269,4,10,150,75,0.13223875150584097
270,4,10,150,75,0.046726672111120165
271,4,10,150,75,0.12276482551434069
272,4,10,150,75,0.14498698048571354
273,4,10,150,75,0.0
274,4,10,150,75,0.0
275,4,10,150,75,0.04605780568615433
276,4,10,150,75,0.20223032365941937
277,4,10,150,75,0.0
279,4,10,150,75,0.06493409231178052
280,4,10,150,75,0.03337620304869898
281,4,10,150,75,0.0
283,4,10,150,75,0.1292258709239571
284,4,10,150,75,0.0
285,4,10,150,75,0.1185995982858366
286,4,10,150,75,0.31887623993711317
287,4,10,150,75,0.11352455583778437
288,4,10,150,75,0.12538054736008386
289,4,10,150,75,0.13905617951077562
290,4,10,150,75,0.0
291,4,10,150,75,0.23494592513118112
292,4,10,150,75,0.08933583385868532
293,4,10,150,75,0.2344161202530718
294,4,10,150,75,0.04123398036294628
295,4,10,150,75,0.2670961153715764
296,4,10,150,75,0.5087533365407171
297,4,10,150,75,0.13535082686131417
298,4,10,150,75,0.19947114504638494
299,4,10,150,75,0.0
300,4,10,150,75,0.0
301,4,10,150,75,0.047934103497110726
303,4,10,150,75,0.11577931806589845
304,4,10,150,75,0.0
305,4,10,150,75,0.31514747987601716
306,4,10,150,75,0.0
307,4,10,150,75,0.1383141340724969
308,4,10,150,75,0.19205342317019936
309,4,10,150,75,0.0
310,4,10,150,75,0.0
311,4,10,150,75,0.08938791352906189
312,4,10,150,75,0.14069579419580536
313,4,10,150,75,0.14465709645474623
314,4,10,150,75,0.20285519102295546
315,4,10,150,75,0.0
316,4,10,150,75,0.04568304891751105
317,4,10,150,75,0.0
318,4,10,150,75,0.13815200906377123
319,4,10,150,75,0.0
320,4,10,150,75,0.0
321,4,10,150,75,0.062242588308449316
322,4,10,150,75,0.17342765698823945
323,4,10,150,75,0.14126697285982898
324,4,10,150,75,0.03555702818464106
325,4,10,150,75,0.0
326,4,10,150,75,0.0634222181618871
327,4,10,150,75,0.04302935573946656
328,4,10,150,75,0.1437524526514495
329,4,10,150,75,0.0
330,4,10,150,75,0.0536466452928127
331,4,10,150,75,0.16958010263680806
332,4,10,150,75,0.046679707512804314
333,4,10,150,75,0.0
334,4,10,150,75,0.0858345406672181
336,4,10,150,75,0.0
337,4,10,150,75,0.16716045496620227
338,4,10,150,75,0.05005165434923901
339,4,10,150,75,0.1344957225763306
340,4,10,150,75,0.0
341,4,10,150,75,0.0
342,4,10,150,75,0.2625072992734236
343,4,10,150,75,0.28732332399638805
344,4,10,150,75,0.23832550406045652
345,4,10,150,75,0.056149696530797676
346,4,10,150,75,0.13947804593499064
347,4,10,150,75,0.08705643551438974
348,4,10,150,75,0.071942683897578
349,4,10,150,75,0.07673373981757839
350,4,10,150,75,0.2065896325117088
351,4,10,150,75,0.0
352,4,10,150,75,0.0
353,4,10,150,75,0.0
354,4,10,150,75,0.051249224710132255
355,4,10,150,75,0.0
356,4,10,150,75,0.08406376813555873
357,4,10,150,75,0.05006331611131463
358,4,10,150,75,0.20438239758848611
359,4,10,150,75,0.0
360,4,10,150,75,0.09491042451242505
361,4,10,150,75,0.09622728274290568
362,4,10,150,75,0.0
363,4,10,150,75,0.2000219371064626
364,4,10,150,75,0.0
365,4,10,150,75,0.0
366,4,10,150,75,0.0
367,4,10,150,75,0.07630862162354303
368,4,10,150,75,0.0
369,4,10,150,75,0.0
370,4,10,150,75,0.13479984916817475
371,4,10,150,75,0.22569563125869263
372,4,10,150,75,0.0
373,4,10,150,75,0.062173010658778456
374,4,10,150,75,0.06834943074719504
375,4,10,150,75,0.0
376,4,10,150,75,0.0
377,4,10,150,75,0.08010929472340098
378,4,10,150,75,0.16448029476168333
379,4,10,150,75,0.14951641492682458
380,4,10,150,75,0.0
381,4,10,150,75,0.05105625351125917
382,4,10,150,75,0.0
383,4,10,150,75,0.04838338183089434
384,4,10,150,75,0.0
385,4,10,150,75,0.0
386,4,10,150,75,0.0
387,4,10,150,75,0.11497906462099297
388,4,10,150,75,0.04511904280884329
389,4,10,150,75,0.17394090433083284
390,4,10,150,75,0.0
391,4,10,150,75,0.2137247802747043
392,4,10,150,75,0.056679935917756406
393,4,10,150,75,0.054235696447924676
394,4,10,150,75,0.11073655428626575
395,4,10,150,75,0.09179488000267515
396,4,10,150,75,0.0
397,4,10,150,75,0.2710147943938467
398,4,10,150,75,0.18852571653533698
399,4,10,150,75,0.06179253091908095
400,4,10,150,75,0.0
401,4,10,150,75,0.0
402,4,10,150,75,0.08963222225173058
403,4,10,150,75,0.0854499779566911
404,4,10,150,75,0.0
405,4,10,150,75,0.0673005111630452
406,4,10,150,75,0.20956416940551098
407,4,10,150,75,0.06232415948793755
408,4,10,150,75,0.0
409,4,10,150,75,0.12740448328320192
410,4,10,150,75,0.0
411,4,10,150,75,0.0
412,4,10,150,75,0.0
413,4,10,150,75,0.041646268351119564
414,4,10,150,75,0.0
415,4,10,150,75,0.15103391472831218
416,4,10,150,75,0.2200039995691806
417,4,10,150,75,0.09850508837083022
418,4,10,150,75,0.0
419,4,10,150,75,0.1208113026994942
420,4,10,150,75,0.06052048269976269
421,4,10,150,75,0.19620555836557932
422,4,10,150,75,0.07550298029238112
423,4,10,150,75,0.053845569940583225
424,4,10,150,75,0.2766918177656049
425,4,10,150,75,0.1674157226455415
426,4,10,150,75,0.040759261617270684
427,4,10,150,75,0.0
428,4,10,150,75,0.04415960465480069
429,4,10,150,75,0.14355264986043786
430,4,10,150,75,0.0
431,4,10,150,75,0.0
432,4,10,150,75,0.05789711601244791
433,4,10,150,75,0.05780921899607981
434,4,10,150,75,0.2562151231304954
435,4,10,150,75,0.17195543683824452
436,4,10,150,75,0.0
437,4,10,150,75,0.10867290175167639
438,4,10,150,75,0.0
439,4,10,150,75,0.10863976191957724
440,4,10,150,75,0.0
441,4,10,150,75,0.07736100002633538
442,4,10,150,75,0.040949887133979804
443,4,10,150,75,0.06783204105472322
444,4,10,150,75,0.1312721899408984
445,4,10,150,75,0.0
446,4,10,150,75,0.0
447,4,10,150,75,0.16246725303708914
448,4,10,150,75,0.0
449,4,10,150,75,0.1882329728596757
450,4,10,150,75,0.24640928297536824
451,4,10,150,75,0.06148915918944534
452,4,10,150,75,0.10773098771530253
453,4,10,150,75,0.0
454,4,10,150,75,0.0
455,4,10,150,75,0.0962493458910181
456,4,10,150,75,0.018650043077523788
457,4,10,150,75,0.2974024120042739
458,4,10,150,75,0.06982799741808067
459,4,10,150,75,0.0
460,4,10,150,75,0.05184030722866645
461,4,10,150,75,0.05428363317977833
462,4,10,150,75,0.0
463,4,10,150,75,0.11987424504051505
464,4,10,150,75,0.0
465,4,10,150,75,0.0
466,4,10,150,75,0.0
467,4,10,150,75,0.07807600999842033
468,4,10,150,75,0.11455543964849552
469,4,10,150,75,0.05165643482805862
470,4,10,150,75,0.0
471,4,10,150,75,0.0
472,4,10,150,75,0.1195980915282009
473,4,10,150,75,0.06140244428718695
474,4,10,150,75,0.24593822460513717
475,4,10,150,75,0.0
476,4,10,150,75,0.0
477,4,10,150,75,0.0
478,4,10,150,75,0.2345109835167376
479,4,10,150,75,0.10172348796286074
480,4,10,150,75,0.0741070054529978
481,4,10,150,75,0.13102204196909084
482,4,10,150,75,0.0
483,4,10,150,75,0.05658242244874664
484,4,10,150,75,0.29539974213048126
485,4,10,150,75,0.0
486,4,10,150,75,0.0
487,4,10,150,75,0.09557986065110975
488,4,10,150,75,0.0
489,4,10,150,75,0.0
490,4,10,150,75,0.0
491,4,10,150,75,0.14208678740137623
492,4,10,150,75,0.0
493,4,10,150,75,0.1475552329391869
494,4,10,150,75,0.0
495,4,10,150,75,0.16394836376720962
496,4,10,150,75,0.08659863258371955
497,4,10,150,75,0.08955573351991261
498,4,10,150,75,0.0
499,4,10,150,75,0.05075938465928585
500,4,10,150,75,0.09541527213731128
501,4,10,150,75,0.0
502,4,10,150,75,0.0
503,4,10,150,75,0.07192387398891865
504,4,10,150,75,0.08148269775823089
505,4,10,150,75,0.07379217622092994
506,4,10,150,75,0.18325792458363765
507,4,10,150,75,0.05319635904163211
508,4,10,150,75,0.0
509,4,10,150,75,0.0
510,4,10,150,75,0.0
511,4,10,150,75,0.08495943917278885
512,4,10,150,75,0.05478392673173268
513,4,10,150,75,0.0
514,4,10,150,75,0.27252722616773445
515,4,10,150,75,0.11706259313796354
516,4,10,150,75,0.0
517,4,10,150,75,0.08878770367712427
518,4,10,150,75,0.0
519,4,10,150,75,0.0
520,4,10,150,75,0.0
521,4,10,150,75,0.09850628252086785
522,4,10,150,75,0.12524561954372188
523,4,10,150,75,0.05782495986511108
524,4,10,150,75,0.1283825351773177
525,4,10,150,75,0.0
526,4,10,150,75,0.15355181494703254
527,4,10,150,75,0.1636135858112592
528,4,10,150,75,0.10209739512291163
529,4,10,150,75,0.0
530,4,10,150,75,0.0
531,4,10,150,75,0.1517763576041802
532,4,10,150,75,0.2633677187406756
533,4,10,150,75,0.11557545112991054
534,4,10,150,75,0.12913418894806108
535,4,10,150,75,0.13889821983463596
536,4,10,150,75,0.15105160768725473
537,4,10,150,75,0.3262448132776115
538,4,10,150,75,0.14697776980950736
539,4,10,150,75,0.04478826142555715
540,4,10,150,75,0.0
541,4,10,150,75,0.0586415067779619
542,4,10,150,75,0.049033875503285806
543,4,10,150,75,0.04953295293703468
544,4,10,150,75,0.05282936728943967
545,4,10,150,75,0.02244213465825961
546,4,10,150,75,0.05758752804519195
547,4,10,150,75,0.0
548,4,10,150,75,0.12908029235254362
549,4,10,150,75,0.0
550,4,10,150,75,0.04785685030080952
551,4,10,150,75,0.0910925691220798
552,4,10,150,75,0.1205344274731702
553,4,10,150,75,0.07411563356774664
554,4,10,150,75,0.12627825946936164
555,4,10,150,75,0.0
556,4,10,150,75,0.07660623398069263
557,4,10,150,75,0.031742154565302834
558,4,10,150,75,0.08878770367712427
559,4,10,150,75,0.09986350037763675
560,4,10,150,75,0.09375790921485552
561,4,10,150,75,0.11854114587772246
562,4,10,150,75,0.07930308311174379
563,4,10,150,75,0.0
564,4,10,150,75,0.15437610727371853
565,4,10,150,75,0.0
566,4,10,150,75,0.03579489106983033
567,4,10,150,75,0.1471381878632886
568,4,10,150,75,0.036155150901276155
569,4,10,150,75,0.18299769260789403
570,4,10,150,75,0.0
571,4,10,150,75,0.04988426711147283
572,4,10,150,75,0.16812753627111746
573,4,10,150,75,0.06437746926759551
574,4,10,150,75,0.051811563545175146
575,4,10,150,75,0.0
576,4,10,150,75,0.0
577,4,10,150,75,0.20541190363713152
578,4,10,150,75,0.05006331611131463
579,4,10,150,75,0.0
580,4,10,150,75,0.1471734367352052
581,4,10,150,75,0.14348105418014392
582,4,10,150,75,0.03190895161277091
583,4,10,150,75,0.0
584,4,10,150,75,0.06323567569191428
585,4,10,150,75,0.04173963774222741
586,4,10,150,75,0.05786021189691368
587,4,10,150,75,0.019492972026130224
588,4,10,150,75,0.14934904111986536
589,4,10,150,75,0.0
590,4,10,150,75,0.053845569940583225
591,4,10,150,75,0.0
592,4,10,150,75,0.3125162382463985
593,4,10,150,75,0.07711036365720102
594,4,10,150,75,0.044551000676675064
595,4,10,150,75,0.10296141646738245
596,4,10,150,75,0.0
597,4,10,150,75,0.27101620591530523
598,4,10,150,75,0.0684591776394769
599,4,10,150,75,0.0
600,4,10,150,75,0.09197011795311534
601,4,10,150,75,0.0
602,4,10,150,75,0.0
603,4,10,150,75,0.0
604,4,10,150,75,0.0
605,4,10,150,75,0.23939908411991156
606,4,10,150,75,0.16168049407206384
607,4,10,150,75,0.08673473912838402
608,4,10,150,75,0.12209659098915113
609,4,10,150,75,0.0
610,4,10,150,75,0.2146842601596213
611,4,10,150,75,0.07624568872860434
612,4,10,150,75,0.0
613,4,10,150,75,0.08385150490449667
614,4,10,150,75,0.0
615,4,10,150,75,0.04919117729584568
616,4,10,150,75,0.03618657486793958
617,4,10,150,75,0.0
618,4,10,150,75,0.1281253572826617
619,4,10,150,75,0.12363660028711727
620,4,10,150,75,0.159486715201797
621,4,10,150,75,0.11278207190006835
622,4,10,150,75,0.18241748250491993
623,4,10,150,75,0.17494254380936963
624,4,10,150,75,0.06626749824739844
625,4,10,150,75,0.0
626,4,10,150,75,0.06228974831361337
627,4,10,150,75,0.06945233499530101
628,4,10,150,75,0.0
629,4,10,150,75,0.1761343378337656
630,4,10,150,75,0.15874779570678058
631,4,10,150,75,0.0
632,4,10,150,75,0.12112269717167994
633,4,10,150,75,0.11499138576948859
634,4,10,150,75,0.022104381789790163
635,4,10,150,75,0.04546401530948942
636,4,10,150,75,0.11426572661305327
637,4,10,150,75,0.01928973283308616
638,4,10,150,75,0.09712868482236708
639,4,10,150,75,0.03138892079718151
640,4,10,150,75,0.10536866733091729
641,4,10,150,75,0.07675099783970546
642,4,10,150,75,0.13072329354210688
643,4,10,150,75,0.11071279041815515
644,4,10,150,75,0.04935421935348238
645,4,10,150,75,0.17581821458755492
646,4,10,150,75,0.0
647,4,10,150,75,0.05363388010108191
648,4,10,150,75,0.1266882994619299
649,4,10,150,75,0.15489949502599
650,4,10,150,75,0.08023218783486062
651,4,10,150,75,0.0
652,4,10,150,75,0.08156220960446063
653,4,10,150,75,0.09647998661981708
654,4,10,150,75,0.21255442687635834
655,4,10,150,75,0.25122773760719774
656,4,10,150,75,0.07397229644086958
657,4,10,150,75,0.04140815094666367
658,4,10,150,75,0.2625403796417579
659,4,10,150,75,0.08781544355121487
660,4,10,150,75,0.10085647425542008
661,4,10,150,75,0.08605775303302886
662,4,10,150,75,0.0512644431393966
663,4,10,150,75,0.24026856780584893
664,4,10,150,75,0.28517362059082263
665,4,10,150,75,0.0
666,4,10,150,75,0.1695581045095448
667,4,10,150,75,0.31347596517570553
668,4,10,150,75,0.06194403202282284
669,4,10,150,75,0.1348578320198433
670,4,10,150,75,0.09267469812912739
671,4,10,150,75,0.20819966483156851
672,4,10,150,75,0.03603026685992244
673,4,10,150,75,0.14837758007547783
674,4,10,150,75,0.11338915993603582
675,4,10,150,75,0.0
676,4,10,150,75,0.19009456031551833
677,4,10,150,75,0.03314040476303028
678,4,10,150,75,0.03824432123396675
679,4,10,150,75,0.15527711509166947
680,4,10,150,75,0.11377863936243801
681,4,10,150,75,0.0
682,4,10,150,75,0.13552565933431127
683,4,10,150,75,0.0
684,4,10,150,75,0.06573003977381581
685,4,10,150,75,0.1906465758273748
686,4,10,150,75,0.1448746216863233
687,4,10,150,75,0.0
688,4,10,150,75,0.08840257630093261
689,4,10,150,75,0.21046485047453145
690,4,10,150,75,0.12222352404401943
691,4,10,150,75,0.09842092178212862
692,4,10,150,75,0.1753901755134814
693,4,10,150,75,0.0
694,4,10,150,75,0.2448812985235888
695,4,10,150,75,0.0
696,4,10,150,75,0.039725595076707886
697,4,10,150,75,0.04239477130634912
698,4,10,150,75,0.041937660325009396
699,4,10,150,75,0.06339169989706635
700,4,10,150,75,0.12729890218214104
701,4,10,150,75,0.11497698281480273
702,4,10,150,75,0.037715680681715956
703,4,10,150,75,0.11918688501400482
704,4,10,150,75,0.2553105266507764
705,4,10,150,75,0.22667088038444094
706,4,10,150,75,0.04395738023645723
707,4,10,150,75,0.05576370139905067
708,4,10,150,75,0.07186325791519563
709,4,10,150,75,0.13472082394875662
710,4,10,150,75,0.10695361352497157
711,4,10,150,75,0.18639917412945614
712,4,10,150,75,0.15511023313323485
713,4,10,150,75,0.1468735732232516
714,4,10,150,75,0.03441184191455828
715,4,10,150,75,0.0
716,4,10,150,75,0.20924172159891133
717,4,10,150,75,0.09054670163637572
718,4,10,150,75,0.035328385129692476
719,4,10,150,75,0.09883437846193516
720,4,10,150,75,0.0
721,4,10,150,75,0.17386347403129385
722,4,10,150,75,0.06556429791586475
723,4,10,150,75,0.0
724,4,10,150,75,0.0
725,4,10,150,75,0.0
726,4,10,150,75,0.05010834716923557
727,4,10,150,75,0.1350657249338634
728,4,10,150,75,0.09627818061559096
729,4,10,150,75,0.03522636359408964
730,4,10,150,75,0.02601736765943984
731,4,10,150,75,0.14717311932656024
732,4,10,150,75,0.0
733,4,10,150,75,0.14514596345398123
734,4,10,150,75,0.0
735,4,10,150,75,0.0
736,4,10,150,75,0.03351972906068008
737,4,10,150,75,0.1138970555583582
738,4,10,150,75,0.13922998739868644
739,4,10,150,75,0.03855307727568851
740,4,10,150,75,0.0
741,4,10,150,75,0.05358697798864893
742,4,10,150,75,0.0488929053971083
743,4,10,150,75,0.0690623255281084
744,4,10,150,75,0.03596673601130318
745,4,10,150,75,0.03520132288421838
746,4,10,150,75,0.25743994347908983
747,4,10,150,75,0.4124956911677479
748,4,10,150,75,0.09621648119325965
749,4,10,150,75,0.1326427703798348
750,4,10,150,75,0.07184731398235064
751,4,10,150,75,0.08554799479006837
752,4,10,150,75,0.023242424817620892
753,4,10,150,75,0.15780803084928155
754,4,10,150,75,0.0
755,4,10,150,75,0.03855371268423985
756,4,10,150,75,0.031104745345423533
757,4,10,150,75,0.010271498773679529
758,4,10,150,75,0.2495839935266979
759,4,10,150,75,0.11006100937916612
760,4,10,150,75,0.03004859059698017
761,4,10,150,75,0.06869287000000811
762,4,10,150,75,0.051960280791503534
763,4,10,150,75,0.05892228941894017
764,4,10,150,75,0.08946696896639536
765,4,10,150,75,0.15066101840234988
766,4,10,150,75,0.023823431574733288
767,4,10,150,75,0.13884445379214724
768,4,10,150,75,0.08438032815655525
769,4,10,150,75,0.0
770,4,10,150,75,0.21464739068424896
771,4,10,150,75,0.32869562799119006
772,4,10,150,75,0.17356150297482983
773,4,10,150,75,0.08696710392235718
774,4,10,150,75,0.05579777479107642
775,4,10,150,75,0.038478285726379145
776,4,10,150,75,0.15403842856019037
777,4,10,150,75,0.0
778,4,10,150,75,0.1631238413472767
779,4,10,150,75,0.0
780,4,10,150,75,0.09911168261706653
781,4,10,150,75,0.2016539629141292
782,4,10,150,75,0.0384849165731327
783,4,10,150,75,0.0
784,4,10,150,75,0.029814614753779622
785,4,10,150,75,0.0
786,4,10,150,75,0.0
787,4,10,150,75,0.0
788,4,10,150,75,0.23457695404836248
789,4,10,150,75,0.08809718769055445
790,4,10,150,75,0.028691070357014587
791,4,10,150,75,0.04465281017341861
792,4,10,150,75,0.08944329533390502
793,4,10,150,75,0.0
794,4,10,150,75,0.04108065887337468
795,4,10,150,75,0.034092229848757476
796,4,10,150,75,0.33353309120278113
797,4,10,150,75,0.11278903329502893
798,4,10,150,75,0.03695269048944832
799,4,10,150,75,0.0
800,4,10,150,75,0.06097304495209779
801,4,10,150,75,0.1561471668577559
802,4,10,150,75,0.06960082070980815
803,4,10,150,75,0.10569353498973794
804,4,10,150,75,0.11995867063489474
805,4,10,150,75,0.10522405897966354
806,4,10,150,75,0.2959152150106387
807,4,10,150,75,0.1150525165845055
808,4,10,150,75,0.1025417224926713
809,4,10,150,75,0.10356976056061801
810,4,10,150,75,0.030071530282993673
811,4,10,150,75,0.0
812,4,10,150,75,0.09594989011285139
813,4,10,150,75,0.0
814,4,10,150,75,0.034616222155696735
815,4,10,150,75,0.19182548382126458
816,4,10,150,75,0.0
817,4,10,150,75,0.0
818,4,10,150,75,0.05516788910004661
819,4,10,150,75,0.037210602758860095
820,4,10,150,75,0.0787987754690289
821,4,10,150,75,0.302950268110492
822,4,10,150,75,0.028653609888707104
823,4,10,150,75,0.18336836187428698
824,4,10,150,75,0.05046096657376444
825,4,10,150,75,0.08238190489603152
826,4,10,150,75,0.15278371679604155
827,4,10,150,75,0.0
828,4,10,150,75,0.05745618865524075
829,4,10,150,75,0.1751347628439014
830,4,10,150,75,0.20443782642227196
831,4,10,150,75,0.21058943716644085
832,4,10,150,75,0.0
833,4,10,150,75,0.15320088987667815
834,4,10,150,75,0.2706897351446418
835,4,10,150,75,0.1851818930272933
836,4,10,150,75,0.20050437359357948
837,4,10,150,75,0.05665916465450996
838,4,10,150,75,0.27895398740912175
839,4,10,150,75,0.10730655186373157
840,4,10,150,75,0.337500797224001
841,4,10,150,75,0.06507217400164225
842,4,10,150,75,0.03947561302344988
843,4,10,150,75,0.0
844,4,10,150,75,0.05872188515498603
845,4,10,150,75,0.0
846,4,10,150,75,0.3569549946140294
847,4,10,150,75,0.05107153900660915
848,4,10,150,75,0.08171518501440664
849,4,10,150,75,0.07738342520054953
850,4,10,150,75,0.29160326485645294
851,4,10,150,75,0.07122213181485783
852,4,10,150,75,0.26227118260874954
853,4,10,150,75,0.0
854,4,10,150,75,0.0475615584721757
855,4,10,150,75,0.0
856,4,10,150,75,0.037110354711564805
857,4,10,150,75,0.0
858,4,10,150,75,0.10250982096838526
859,4,10,150,75,0.05070263548706836
860,4,10,150,75,0.10848832312989015
861,4,10,150,75,0.06460834446248033
862,4,10,150,75,0.09615553371633527
863,4,10,150,75,0.06336841123297353
864,4,10,150,75,0.39306496320427375
865,4,10,150,75,0.09772208899610854
866,4,10,150,75,0.16283687678415507
867,4,10,150,75,0.19922646846196726
868,4,10,150,75,0.20346856095852495
869,4,10,150,75,0.0587446084443979
870,4,10,150,75,0.2396470578880727
871,4,10,150,75,0.07012986265386374
872,4,10,150,75,0.02804794621397926
873,4,10,150,75,0.0
874,4,10,150,75,0.13944914190808633
875,4,10,150,75,0.15950125360109937
876,4,10,150,75,0.08671382849411972
877,4,10,150,75,0.0835317778614811
878,4,10,150,75,0.1706804422753891
879,4,10,150,75,0.03963466998423315
880,4,10,150,75,0.32790597466979216
881,4,10,150,75,0.10216246042335218
882,4,10,150,75,0.21288820648214166
883,4,10,150,75,0.29287166948520704
884,4,10,150,75,0.11407805705099587
885,4,10,150,75,0.04536087033637415
886,4,10,150,75,0.17434924137847357
887,4,10,150,75,0.10214828088611402
888,4,10,150,75,0.11625487663628292
889,4,10,150,75,0.01022511209628822
890,4,10,150,75,0.11434431442033766
891,4,10,150,75,0.10491091696774645
892,4,10,150,75,0.25465727590485737
893,4,10,150,75,0.12806369532588527
894,4,10,150,75,0.09632316334550825
895,4,10,150,75,0.0
896,4,10,150,75,0.28410840955646316
897,4,10,150,75,0.3157541767098753
898,4,10,150,75,0.0
899,4,10,150,75,0.05684415375822261
900,4,10,150,75,0.055315677011973347
901,4,10,150,75,0.20721814636370853
902,4,10,150,75,0.05978585424799658
903,4,10,150,75,0.24651430146847014
904,4,10,150,75,0.0
905,4,10,150,75,0.0
906,4,10,150,75,0.10407444169186962
907,4,10,150,75,0.058866326113661355
908,4,10,150,75,0.06892767477436933
909,4,10,150,75,0.0
910,4,10,150,75,0.02138152805479416
911,4,10,150,75,0.14690565417489143
912,4,10,150,75,0.17642343579737088
913,4,10,150,75,0.07219927248779984
914,4,10,150,75,0.0
915,4,10,150,75,0.0
916,4,10,150,75,0.22490114408920894
917,4,10,150,75,0.0
918,4,10,150,75,0.043627084055128
919,4,10,150,75,0.09013054337781883
920,4,10,150,75,0.0
921,4,10,150,75,0.15405864814296488
922,4,10,150,75,0.1280645281724967
923,4,10,150,75,0.04031825574984845
924,4,10,150,75,0.018280262702529162
925,4,10,150,75,0.0
926,4,10,150,75,0.0
927,4,10,150,75,0.09447575046156538
928,4,10,150,75,0.1873259908039563
929,4,10,150,75,0.25163227912988373
930,4,10,150,75,0.032298243696638564
931,4,10,150,75,0.08679587898287541
932,4,10,150,75,0.26581896687705886
933,4,10,150,75,0.12577023885221503
934,4,10,150,75,0.10071040486185964
935,4,10,150,75,0.04173963774222741
936,4,10,150,75,0.1321191921354211
937,4,10,150,75,0.0
938,4,10,150,75,0.1661428141234511
939,4,10,150,75,0.02916862694666808
940,4,10,150,75,0.050684733114198
941,4,10,150,75,0.0
942,4,10,150,75,0.10504870308911567
943,4,10,150,75,0.20163692230838232
1,4,10,150,76,0.4058715898896693
2,4,10,150,76,0.06250343848035038
3,4,10,150,76,0.0
4,4,10,150,76,0.0
5,4,10,150,76,0.040209635547393256
6,4,10,150,76,0.27020011346731576
7,4,10,150,76,0.32137584944629577
8,4,10,150,76,0.0
9,4,10,150,76,0.21840743681816419
10,4,10,150,76,0.21491451057814584
11,4,10,150,76,0.1722584975122812
12,4,10,150,76,0.0
13,4,10,150,76,0.23354755242906122
14,4,10,150,76,0.03963175841995263
15,4,10,150,76,0.05010834716923557
16,4,10,150,76,0.053168340515114924
17,4,10,150,76,0.06267320809766952
18,4,10,150,76,0.2651132679673976
19,4,10,150,76,0.0
20,4,10,150,76,0.0
21,4,10,150,76,0.0
22,4,10,150,76,0.11702382382650763
23,4,10,150,76,0.23682446174402746
24,4,10,150,76,0.0
25,4,10,150,76,0.12358102547512423
26,4,10,150,76,0.0
27,4,10,150,76,0.0
28,4,10,150,76,0.0
29,4,10,150,76,0.13455232720853103
30,4,10,150,76,0.0
31,4,10,150,76,0.0
32,4,10,150,76,0.0
33,4,10,150,76,0.0
35,4,10,150,76,0.10523285614729473
36,4,10,150,76,0.0
37,4,10,150,76,0.0
38,4,10,150,76,0.04739418218477539
39,4,10,150,76,0.0
40,4,10,150,76,0.10558114683788161
41,4,10,150,76,0.0
42,4,10,150,76,0.0683037314796457
43,4,10,150,76,0.22592974817952552
44,4,10,150,76,0.2044921015662719
45,4,10,150,76,0.05200670101006268
46,4,10,150,76,0.11284514134893527
47,4,10,150,76,0.06250343848035038
48,4,10,150,76,0.0
49,4,10,150,76,0.0
50,4,10,150,76,0.0
51,4,10,150,76,0.16812753627111746
52,4,10,150,76,0.0
54,4,10,150,76,0.04843244625481133
56,4,10,150,76,0.20383503459815738
57,4,10,150,76,0.3030555992505742
58,4,10,150,76,0.3717269535737058
59,4,10,150,76,0.2708748840256518
60,4,10,150,76,0.1505674224523334
61,4,10,150,76,0.07763867093308688
62,4,10,150,76,0.08314631791322982
63,4,10,150,76,0.0
64,4,10,150,76,0.04238468688770069
65,4,10,150,76,0.13012668333070054
66,4,10,150,76,0.0
67,4,10,150,76,0.0
68,4,10,150,76,0.4827392464262081
69,4,10,150,76,0.07673373981757839
70,4,10,150,76,0.0
71,4,10,150,76,0.0
72,4,10,150,76,0.031239588460834872
73,4,10,150,76,0.0
74,4,10,150,76,0.0
75,4,10,150,76,0.049432410190049694
76,4,10,150,76,0.1301464707340554
77,4,10,150,76,0.10201115106436301
78,4,10,150,76,0.0
79,4,10,150,76,0.27487633291429087
80,4,10,150,76,0.0
81,4,10,150,76,0.0
82,4,10,150,76,0.19298623480417013
83,4,10,150,76,0.12089611529519323
84,4,10,150,76,0.05034889199379723
85,4,10,150,76,0.0
87,4,10,150,76,0.07100089300395272
89,4,10,150,76,0.2553387838830436
90,4,10,150,76,0.12160038777651704
91,4,10,150,76,0.05648147012627732
92,4,10,150,76,0.10542637391232386
93,4,10,150,76,0.0
94,4,10,150,76,0.1398942649682608
95,4,10,150,76,0.17287436926807473
96,4,10,150,76,0.10181164814261426
97,4,10,150,76,0.06462745615384195
98,4,10,150,76,0.0930297504356062
99,4,10,150,76,0.05658242244874664
100,4,10,150,76,0.0
101,4,10,150,76,0.0
102,4,10,150,76,0.02424726876918863
103,4,10,150,76,0.0
104,4,10,150,76,0.0
105,4,10,150,76,0.0
106,4,10,150,76,0.0
107,4,10,150,76,0.0
108,4,10,150,76,0.0
109,4,10,150,76,0.07103066762111539
110,4,10,150,76,0.0
111,4,10,150,76,0.0
112,4,10,150,76,0.05685954565780693
113,4,10,150,76,0.053168340515114924
114,4,10,150,76,0.0
115,4,10,150,76,0.10684080426179023
116,4,10,150,76,0.0
117,4,10,150,76,0.26646890433550474
118,4,10,150,76,0.0
119,4,10,150,76,0.2063582228182277
120,4,10,150,76,0.0
121,4,10,150,76,0.271985059917519
122,4,10,150,76,0.1530100230930498
123,4,10,150,76,0.07386004580671933
125,4,10,150,76,0.12702645795516354
126,4,10,150,76,0.06911917000496234
127,4,10,150,76,0.23132283185955704
128,4,10,150,76,0.0804528329814545
129,4,10,150,76,0.0
130,4,10,150,76,0.19839806705808383
131,4,10,150,76,0.06556385272536247
133,4,10,150,76,0.11047239495909743
134,4,10,150,76,0.0
135,4,10,150,76,0.0
137,4,10,150,76,0.1371200812351206
138,4,10,150,76,0.0
139,4,10,150,76,0.0
141,4,10,150,76,0.0
142,4,10,150,76,0.13373003436102654
143,4,10,150,76,0.1208996448617798
144,4,10,150,76,0.1227945149537572
145,4,10,150,76,0.1075804523117992
146,4,10,150,76,0.0
148,4,10,150,76,0.20254719486838738
149,4,10,150,76,0.0
150,4,10,150,76,0.10235170428306553
151,4,10,150,76,0.06298430394440727
152,4,10,150,76,0.040655755922716606
153,4,10,150,76,0.0
154,4,10,150,76,0.06372882143962796
155,4,10,150,76,0.0
156,4,10,150,76,0.0
158,4,10,150,76,0.17575552384613552
159,4,10,150,76,0.03310852000739229
160,4,10,150,76,0.0
161,4,10,150,76,0.0
162,4,10,150,76,0.04858102772529458
163,4,10,150,76,0.0
164,4,10,150,76,0.0
165,4,10,150,76,0.12114889742360979
166,4,10,150,76,0.0
167,4,10,150,76,0.06267320809766952
168,4,10,150,76,0.23504554941448536
169,4,10,150,76,0.06416923277158361
170,4,10,150,76,0.0
171,4,10,150,76,0.0
172,4,10,150,76,0.0
173,4,10,150,76,0.11302181651994404
174,4,10,150,76,0.08712841477105211
175,4,10,150,76,0.0
176,4,10,150,76,0.09511409151391914
177,4,10,150,76,0.06912040963822193
178,4,10,150,76,0.2437589399037192
179,4,10,150,76,0.06723507268634088
180,4,10,150,76,0.12262943855309168
181,4,10,150,76,0.062426915812405386
182,4,10,150,76,0.0
183,4,10,150,76,0.0
184,4,10,150,76,0.11356458502877588
185,4,10,150,76,0.07745351606183934
186,4,10,150,76,0.22147164648185297
187,4,10,150,76,0.08625091781054979
188,4,10,150,76,0.054384419234677496
189,4,10,150,76,0.23042891886703956
190,4,10,150,76,0.10699313236726378
191,4,10,150,76,0.0
192,4,10,150,76,0.0
193,4,10,150,76,0.0
194,4,10,150,76,0.09747680426009508
195,4,10,150,76,0.0
196,4,10,150,76,0.0
197,4,10,150,76,0.05576624569167862
198,4,10,150,76,0.0
199,4,10,150,76,0.0
200,4,10,150,76,0.1350618908658632
201,4,10,150,76,0.10763403601326355
203,4,10,150,76,0.0
204,4,10,150,76,0.0
205,4,10,150,76,0.0
206,4,10,150,76,0.0
207,4,10,150,76,0.050513241088636716
209,4,10,150,76,0.0
210,4,10,150,76,0.09440608278107551
211,4,10,150,76,0.0
212,4,10,150,76,0.12681701683239352
213,4,10,150,76,0.2384146878320104
214,4,10,150,76,0.056720838976548935
215,4,10,150,76,0.0
216,4,10,150,76,0.03497205398870122
217,4,10,150,76,0.0
218,4,10,150,76,0.19092086617893467
219,4,10,150,76,0.0
221,4,10,150,76,0.3375735570145491
222,4,10,150,76,0.12476107276951183
223,4,10,150,76,0.03870447337439288
224,4,10,150,76,0.0
225,4,10,150,76,0.0
226,4,10,150,76,0.08080765379783027
227,4,10,150,76,0.0
228,4,10,150,76,0.0
229,4,10,150,76,0.0
230,4,10,150,76,0.23712439662683835
231,4,10,150,76,0.0
232,4,10,150,76,0.3234992853586256
233,4,10,150,76,0.0968152409481219
234,4,10,150,76,0.07835624461577749
235,4,10,150,76,0.06065881345112158
236,4,10,150,76,0.0
237,4,10,150,76,0.0
238,4,10,150,76,0.0
239,4,10,150,76,0.11792279130466408
240,4,10,150,76,0.05497526658285817
242,4,10,150,76,0.0
243,4,10,150,76,0.09267768927614353
244,4,10,150,76,0.15765545519871427
245,4,10,150,76,0.10704534003732354
246,4,10,150,76,0.11120150311654428
247,4,10,150,76,0.0
248,4,10,150,76,0.14830051302014485
249,4,10,150,76,0.31180658179892495
250,4,10,150,76,0.3503302816689379
251,4,10,150,76,0.0
252,4,10,150,76,0.0
253,4,10,150,76,0.05954496680255472
254,4,10,150,76,0.0
255,4,10,150,76,0.0
256,4,10,150,76,0.16583176898817792
257,4,10,150,76,0.3305900772260718
258,4,10,150,76,0.07557488532248983
259,4,10,150,76,0.0
260,4,10,150,76,0.0
261,4,10,150,76,0.0
262,4,10,150,76,0.0252218468349957
263,4,10,150,76,0.12774011823457565
264,4,10,150,76,0.05840183867278569
265,4,10,150,76,0.10209739512291163
267,4,10,150,76,0.09794101962538232
268,4,10,150,76,0.12816798712864202
269,4,10,150,76,0.13223875150584097
270,4,10,150,76,0.046726672111120165
271,4,10,150,76,0.12276482551434069
272,4,10,150,76,0.14498698048571354
273,4,10,150,76,0.0
274,4,10,150,76,0.0
275,4,10,150,76,0.04605780568615433
276,4,10,150,76,0.20223032365941937
277,4,10,150,76,0.0
279,4,10,150,76,0.06493409231178052
280,4,10,150,76,0.03337620304869898
281,4,10,150,76,0.0
283,4,10,150,76,0.1292258709239571
284,4,10,150,76,0.0
285,4,10,150,76,0.1185995982858366
286,4,10,150,76,0.31887623993711317
287,4,10,150,76,0.11352455583778437
288,4,10,150,76,0.12538054736008386
289,4,10,150,76,0.13905617951077562
290,4,10,150,76,0.0
291,4,10,150,76,0.23494592513118112
292,4,10,150,76,0.08933583385868532
293,4,10,150,76,0.2344161202530718
294,4,10,150,76,0.04123398036294628
295,4,10,150,76,0.2670961153715764
296,4,10,150,76,0.5087533365407171
297,4,10,150,76,0.13535082686131417
298,4,10,150,76,0.19947114504638494
299,4,10,150,76,0.0
300,4,10,150,76,0.0
301,4,10,150,76,0.047934103497110726
303,4,10,150,76,0.11577931806589845
304,4,10,150,76,0.0
305,4,10,150,76,0.31514747987601716
306,4,10,150,76,0.0
307,4,10,150,76,0.1383141340724969
308,4,10,150,76,0.19205342317019936
309,4,10,150,76,0.0
310,4,10,150,76,0.0
311,4,10,150,76,0.08938791352906189
312,4,10,150,76,0.14069579419580536
313,4,10,150,76,0.14465709645474623
314,4,10,150,76,0.20285519102295546
315,4,10,150,76,0.0
316,4,10,150,76,0.04568304891751105
317,4,10,150,76,0.0
318,4,10,150,76,0.13815200906377123
319,4,10,150,76,0.0
320,4,10,150,76,0.0
321,4,10,150,76,0.062242588308449316
322,4,10,150,76,0.17342765698823945
323,4,10,150,76,0.14126697285982898
324,4,10,150,76,0.03555702818464106
325,4,10,150,76,0.0
326,4,10,150,76,0.0634222181618871
327,4,10,150,76,0.04302935573946656
328,4,10,150,76,0.1437524526514495
329,4,10,150,76,0.0
330,4,10,150,76,0.0536466452928127
331,4,10,150,76,0.16958010263680806
332,4,10,150,76,0.046679707512804314
333,4,10,150,76,0.0
334,4,10,150,76,0.0858345406672181
336,4,10,150,76,0.0
337,4,10,150,76,0.16716045496620227
338,4,10,150,76,0.05005165434923901
339,4,10,150,76,0.1344957225763306
340,4,10,150,76,0.0
341,4,10,150,76,0.0
342,4,10,150,76,0.2625072992734236
343,4,10,150,76,0.28732332399638805
344,4,10,150,76,0.23832550406045652
345,4,10,150,76,0.056149696530797676
346,4,10,150,76,0.13947804593499064
347,4,10,150,76,0.08705643551438974
348,4,10,150,76,0.071942683897578
349,4,10,150,76,0.07673373981757839
350,4,10,150,76,0.2065896325117088
351,4,10,150,76,0.0
352,4,10,150,76,0.0
353,4,10,150,76,0.0
354,4,10,150,76,0.051249224710132255
355,4,10,150,76,0.0
356,4,10,150,76,0.08406376813555873
357,4,10,150,76,0.05006331611131463
358,4,10,150,76,0.20438239758848611
359,4,10,150,76,0.0
360,4,10,150,76,0.09491042451242505
361,4,10,150,76,0.09622728274290568
362,4,10,150,76,0.0
363,4,10,150,76,0.2000219371064626
364,4,10,150,76,0.0
365,4,10,150,76,0.0
366,4,10,150,76,0.0
367,4,10,150,76,0.07630862162354303
368,4,10,150,76,0.0
369,4,10,150,76,0.0
370,4,10,150,76,0.13479984916817475
371,4,10,150,76,0.22569563125869263
372,4,10,150,76,0.0
373,4,10,150,76,0.062173010658778456
374,4,10,150,76,0.06834943074719504
375,4,10,150,76,0.0
376,4,10,150,76,0.0
377,4,10,150,76,0.08010929472340098
378,4,10,150,76,0.17937057950814977
379,4,10,150,76,0.14951641492682458
380,4,10,150,76,0.0
381,4,10,150,76,0.05105625351125917
382,4,10,150,76,0.0
383,4,10,150,76,0.04838338183089434
384,4,10,150,76,0.0
385,4,10,150,76,0.0
386,4,10,150,76,0.0
387,4,10,150,76,0.11497906462099297
388,4,10,150,76,0.04511904280884329
389,4,10,150,76,0.17394090433083284
390,4,10,150,76,0.0
391,4,10,150,76,0.2137247802747043
392,4,10,150,76,0.056679935917756406
393,4,10,150,76,0.054235696447924676
394,4,10,150,76,0.11073655428626575
395,4,10,150,76,0.09179488000267515
396,4,10,150,76,0.0
397,4,10,150,76,0.2710147943938467
398,4,10,150,76,0.18852571653533698
399,4,10,150,76,0.07594334672458623
400,4,10,150,76,0.0
401,4,10,150,76,0.0
402,4,10,150,76,0.08963222225173058
403,4,10,150,76,0.0854499779566911
404,4,10,150,76,0.0
405,4,10,150,76,0.06667735269275575
406,4,10,150,76,0.20956416940551098
407,4,10,150,76,0.06232415948793755
408,4,10,150,76,0.0
409,4,10,150,76,0.12740448328320192
410,4,10,150,76,0.0
411,4,10,150,76,0.0
412,4,10,150,76,0.0
413,4,10,150,76,0.041646268351119564
414,4,10,150,76,0.0
415,4,10,150,76,0.15103391472831218
416,4,10,150,76,0.2200039995691806
417,4,10,150,76,0.09850508837083022
418,4,10,150,76,0.0
419,4,10,150,76,0.1208113026994942
420,4,10,150,76,0.06052048269976269
421,4,10,150,76,0.19620555836557932
422,4,10,150,76,0.07550298029238112
423,4,10,150,76,0.053845569940583225
424,4,10,150,76,0.2766918177656049
425,4,10,150,76,0.1674157226455415
426,4,10,150,76,0.040759261617270684
427,4,10,150,76,0.0
428,4,10,150,76,0.04415960465480069
429,4,10,150,76,0.14355264986043786
430,4,10,150,76,0.0
431,4,10,150,76,0.0
432,4,10,150,76,0.05789711601244791
433,4,10,150,76,0.05780921899607981
434,4,10,150,76,0.2562151231304954
435,4,10,150,76,0.17195543683824452
436,4,10,150,76,0.0
437,4,10,150,76,0.10867290175167639
438,4,10,150,76,0.0
439,4,10,150,76,0.10863976191957724
440,4,10,150,76,0.0
441,4,10,150,76,0.07736100002633538
442,4,10,150,76,0.040949887133979804
443,4,10,150,76,0.06783204105472322
444,4,10,150,76,0.1312721899408984
445,4,10,150,76,0.0
446,4,10,150,76,0.0
447,4,10,150,76,0.16246725303708914
448,4,10,150,76,0.0
449,4,10,150,76,0.1882329728596757
450,4,10,150,76,0.24412769507669616
451,4,10,150,76,0.06148915918944534
452,4,10,150,76,0.10773098771530253
453,4,10,150,76,0.0
454,4,10,150,76,0.0
455,4,10,150,76,0.0962493458910181
456,4,10,150,76,0.018650043077523788
457,4,10,150,76,0.2974024120042739
458,4,10,150,76,0.06982799741808067
459,4,10,150,76,0.0
460,4,10,150,76,0.05184030722866645
461,4,10,150,76,0.05428363317977833
462,4,10,150,76,0.0
463,4,10,150,76,0.11987424504051505
464,4,10,150,76,0.0
465,4,10,150,76,0.0
466,4,10,150,76,0.0
467,4,10,150,76,0.07807600999842033
468,4,10,150,76,0.11455543964849552
469,4,10,150,76,0.05165643482805862
470,4,10,150,76,0.0
471,4,10,150,76,0.0
472,4,10,150,76,0.1195980915282009
473,4,10,150,76,0.06140244428718695
474,4,10,150,76,0.24593822460513717
475,4,10,150,76,0.0
476,4,10,150,76,0.0
477,4,10,150,76,0.0
478,4,10,150,76,0.2345109835167376
479,4,10,150,76,0.10172348796286074
480,4,10,150,76,0.0741070054529978
481,4,10,150,76,0.13102204196909084
482,4,10,150,76,0.0
483,4,10,150,76,0.05658242244874664
484,4,10,150,76,0.29539974213048126
485,4,10,150,76,0.0
486,4,10,150,76,0.0
487,4,10,150,76,0.09557986065110975
488,4,10,150,76,0.0
489,4,10,150,76,0.02196588169196602
490,4,10,150,76,0.0
491,4,10,150,76,0.14208678740137623
492,4,10,150,76,0.0
493,4,10,150,76,0.1475552329391869
494,4,10,150,76,0.0
495,4,10,150,76,0.16394836376720962
496,4,10,150,76,0.08659863258371955
497,4,10,150,76,0.08955573351991261
498,4,10,150,76,0.0
499,4,10,150,76,0.05075938465928585
500,4,10,150,76,0.09541527213731128
501,4,10,150,76,0.0
502,4,10,150,76,0.0
503,4,10,150,76,0.07192387398891865
504,4,10,150,76,0.08148269775823089
505,4,10,150,76,0.07379217622092994
506,4,10,150,76,0.18325792458363765
507,4,10,150,76,0.05319635904163211
508,4,10,150,76,0.0
509,4,10,150,76,0.0
510,4,10,150,76,0.0
511,4,10,150,76,0.08495943917278885
512,4,10,150,76,0.05478392673173268
513,4,10,150,76,0.0
514,4,10,150,76,0.27252722616773445
515,4,10,150,76,0.11706259313796354
516,4,10,150,76,0.0
517,4,10,150,76,0.08878770367712427
518,4,10,150,76,0.0
519,4,10,150,76,0.0
520,4,10,150,76,0.0
521,4,10,150,76,0.09850628252086785
522,4,10,150,76,0.12524561954372188
523,4,10,150,76,0.05782495986511108
524,4,10,150,76,0.1283825351773177
525,4,10,150,76,0.0
526,4,10,150,76,0.15355181494703254
527,4,10,150,76,0.1636135858112592
528,4,10,150,76,0.10209739512291163
529,4,10,150,76,0.0
530,4,10,150,76,0.0
531,4,10,150,76,0.1517763576041802
532,4,10,150,76,0.2751056785549508
533,4,10,150,76,0.11557545112991054
534,4,10,150,76,0.12913418894806108
535,4,10,150,76,0.13889821983463596
536,4,10,150,76,0.15105160768725473
537,4,10,150,76,0.32322400087561626
538,4,10,150,76,0.14697776980950736
539,4,10,150,76,0.08229481249254499
540,4,10,150,76,0.0
541,4,10,150,76,0.0586415067779619
542,4,10,150,76,0.049033875503285806
543,4,10,150,76,0.04953295293703468
544,4,10,150,76,0.05282936728943967
545,4,10,150,76,0.02244213465825961
546,4,10,150,76,0.05758752804519195
547,4,10,150,76,0.0
548,4,10,150,76,0.12908029235254362
549,4,10,150,76,0.0
550,4,10,150,76,0.04785685030080952
551,4,10,150,76,0.0910925691220798
552,4,10,150,76,0.1205344274731702
553,4,10,150,76,0.07411563356774664
554,4,10,150,76,0.12627825946936164
555,4,10,150,76,0.0
556,4,10,150,76,0.07660623398069263
557,4,10,150,76,0.031742154565302834
558,4,10,150,76,0.08878770367712427
559,4,10,150,76,0.09986350037763675
560,4,10,150,76,0.09375790921485552
561,4,10,150,76,0.11744353283058588
562,4,10,150,76,0.07930308311174379
563,4,10,150,76,0.0
564,4,10,150,76,0.15437610727371853
565,4,10,150,76,0.0
566,4,10,150,76,0.03579489106983033
567,4,10,150,76,0.1471381878632886
568,4,10,150,76,0.036155150901276155
569,4,10,150,76,0.18299769260789403
570,4,10,150,76,0.0
571,4,10,150,76,0.04988426711147283
572,4,10,150,76,0.16812753627111746
573,4,10,150,76,0.06437746926759551
574,4,10,150,76,0.051811563545175146
575,4,10,150,76,0.0
576,4,10,150,76,0.0
577,4,10,150,76,0.20541190363713152
578,4,10,150,76,0.05006331611131463
579,4,10,150,76,0.0
580,4,10,150,76,0.1471734367352052
581,4,10,150,76,0.14348105418014392
582,4,10,150,76,0.03190895161277091
583,4,10,150,76,0.0
584,4,10,150,76,0.06323567569191428
585,4,10,150,76,0.04173963774222741
586,4,10,150,76,0.05786021189691368
587,4,10,150,76,0.019492972026130224
588,4,10,150,76,0.14934904111986536
589,4,10,150,76,0.0
590,4,10,150,76,0.053845569940583225
591,4,10,150,76,0.0
592,4,10,150,76,0.30962254342000356
593,4,10,150,76,0.07711036365720102
594,4,10,150,76,0.044551000676675064
595,4,10,150,76,0.10296141646738245
596,4,10,150,76,0.0
597,4,10,150,76,0.27101620591530523
598,4,10,150,76,0.0684591776394769
599,4,10,150,76,0.0
600,4,10,150,76,0.09197011795311534
601,4,10,150,76,0.0
602,4,10,150,76,0.0
603,4,10,150,76,0.0
604,4,10,150,76,0.0
605,4,10,150,76,0.23939908411991156
606,4,10,150,76,0.16168049407206384
607,4,10,150,76,0.08673473912838402
608,4,10,150,76,0.12209659098915113
609,4,10,150,76,0.0
610,4,10,150,76,0.2146842601596213
611,4,10,150,76,0.07624568872860434
612,4,10,150,76,0.0
613,4,10,150,76,0.08385150490449667
614,4,10,150,76,0.0
615,4,10,150,76,0.04919117729584568
616,4,10,150,76,0.03618657486793958
617,4,10,150,76,0.0
618,4,10,150,76,0.1281253572826617
619,4,10,150,76,0.12363660028711727
620,4,10,150,76,0.159486715201797
621,4,10,150,76,0.11278207190006835
622,4,10,150,76,0.18241748250491993
623,4,10,150,76,0.17494254380936963
624,4,10,150,76,0.06626749824739844
625,4,10,150,76,0.0
626,4,10,150,76,0.06228974831361337
627,4,10,150,76,0.06945233499530101
628,4,10,150,76,0.0
629,4,10,150,76,0.1761343378337656
630,4,10,150,76,0.15874779570678058
631,4,10,150,76,0.0
632,4,10,150,76,0.12112269717167994
633,4,10,150,76,0.11499138576948859
634,4,10,150,76,0.022104381789790163
635,4,10,150,76,0.04546401530948942
636,4,10,150,76,0.11426572661305327
637,4,10,150,76,0.01928973283308616
638,4,10,150,76,0.09712868482236708
639,4,10,150,76,0.03138892079718151
640,4,10,150,76,0.10536866733091729
641,4,10,150,76,0.07675099783970546
642,4,10,150,76,0.1295128818197123
643,4,10,150,76,0.11071279041815515
644,4,10,150,76,0.04935421935348238
645,4,10,150,76,0.17581821458755492
646,4,10,150,76,0.0
647,4,10,150,76,0.05363388010108191
648,4,10,150,76,0.12551524913093004
649,4,10,150,76,0.15489949502599
650,4,10,150,76,0.08874863285058628
651,4,10,150,76,0.0
652,4,10,150,76,0.08156220960446063
653,4,10,150,76,0.09558664539793695
654,4,10,150,76,0.21255442687635834
655,4,10,150,76,0.2581608762946211
656,4,10,150,76,0.07397229644086958
657,4,10,150,76,0.04140815094666367
658,4,10,150,76,0.2625403796417579
659,4,10,150,76,0.08781544355121487
660,4,10,150,76,0.10085647425542008
661,4,10,150,76,0.08605775303302886
662,4,10,150,76,0.0512644431393966
663,4,10,150,76,0.24026856780584893
664,4,10,150,76,0.28517362059082263
665,4,10,150,76,0.0
666,4,10,150,76,0.16798810797897812
667,4,10,150,76,0.31347596517570553
668,4,10,150,76,0.06194403202282284
669,4,10,150,76,0.1348578320198433
670,4,10,150,76,0.09267469812912739
671,4,10,150,76,0.20819966483156851
672,4,10,150,76,0.03603026685992244
673,4,10,150,76,0.14837758007547783
674,4,10,150,76,0.11338915993603582
675,4,10,150,76,0.0
676,4,10,150,76,0.19009456031551833
677,4,10,150,76,0.03314040476303028
678,4,10,150,76,0.03824432123396675
679,4,10,150,76,0.15527711509166947
680,4,10,150,76,0.11377863936243801
681,4,10,150,76,0.0
682,4,10,150,76,0.14353012317008548
683,4,10,150,76,0.0
684,4,10,150,76,0.06573003977381581
685,4,10,150,76,0.1906465758273748
686,4,10,150,76,0.1448746216863233
687,4,10,150,76,0.0
688,4,10,150,76,0.08840257630093261
689,4,10,150,76,0.21046485047453145
690,4,10,150,76,0.12222352404401943
691,4,10,150,76,0.09842092178212862
692,4,10,150,76,0.1753901755134814
693,4,10,150,76,0.0
694,4,10,150,76,0.2448812985235888
695,4,10,150,76,0.0
696,4,10,150,76,0.039725595076707886
697,4,10,150,76,0.04239477130634912
698,4,10,150,76,0.041937660325009396
699,4,10,150,76,0.06339169989706635
700,4,10,150,76,0.12729890218214104
701,4,10,150,76,0.11497698281480273
702,4,10,150,76,0.037715680681715956
703,4,10,150,76,0.11918688501400482
704,4,10,150,76,0.2553105266507764
705,4,10,150,76,0.22667088038444094
706,4,10,150,76,0.04395738023645723
707,4,10,150,76,0.055247366199495884
708,4,10,150,76,0.07186325791519563
709,4,10,150,76,0.13472082394875662
710,4,10,150,76,0.10695361352497157
711,4,10,150,76,0.18467324037046398
712,4,10,150,76,0.15511023313323485
713,4,10,150,76,0.1468735732232516
714,4,10,150,76,0.03441184191455828
715,4,10,150,76,0.0
716,4,10,150,76,0.20730428087373737
717,4,10,150,76,0.09054670163637572
718,4,10,150,76,0.035328385129692476
719,4,10,150,76,0.09883437846193516
720,4,10,150,76,0.0
721,4,10,150,76,0.1850388725092322
722,4,10,150,76,0.06556429791586475
723,4,10,150,76,0.0
724,4,10,150,76,0.0
725,4,10,150,76,0.0
726,4,10,150,76,0.05010834716923557
727,4,10,150,76,0.1338151051527682
728,4,10,150,76,0.09627818061559096
729,4,10,150,76,0.03522636359408964
730,4,10,150,76,0.02601736765943984
731,4,10,150,76,0.14717311932656024
732,4,10,150,76,0.0
733,4,10,150,76,0.14514596345398123
734,4,10,150,76,0.0
735,4,10,150,76,0.0
736,4,10,150,76,0.03351972906068008
737,4,10,150,76,0.1138970555583582
738,4,10,150,76,0.13922998739868644
739,4,10,150,76,0.03855307727568851
740,4,10,150,76,0.0
741,4,10,150,76,0.05358697798864893
742,4,10,150,76,0.0488929053971083
743,4,10,150,76,0.0690623255281084
744,4,10,150,76,0.03596673601130318
745,4,10,150,76,0.03520132288421838
746,4,10,150,76,0.25743994347908983
747,4,10,150,76,0.4086762523630954
748,4,10,150,76,0.09621648119325965
749,4,10,150,76,0.13141458556434948
750,4,10,150,76,0.07184731398235064
751,4,10,150,76,0.08554799479006837
752,4,10,150,76,0.023242424817620892
753,4,10,150,76,0.15780803084928155
754,4,10,150,76,0.0
755,4,10,150,76,0.03855371268423985
756,4,10,150,76,0.031104745345423533
757,4,10,150,76,0.010271498773679529
758,4,10,150,76,0.24727300989630563
759,4,10,150,76,0.11006100937916612
760,4,10,150,76,0.03004859059698017
761,4,10,150,76,0.06869287000000811
762,4,10,150,76,0.051960280791503534
763,4,10,150,76,0.05892228941894017
764,4,10,150,76,0.08946696896639536
765,4,10,150,76,0.15066101840234988
766,4,10,150,76,0.023823431574733288
767,4,10,150,76,0.13884445379214724
768,4,10,150,76,0.08438032815655525
769,4,10,150,76,0.0
770,4,10,150,76,0.21464739068424896
771,4,10,150,76,0.32869562799119006
772,4,10,150,76,0.17356150297482983
773,4,10,150,76,0.08696710392235718
774,4,10,150,76,0.05528112409432131
775,4,10,150,76,0.038478285726379145
776,4,10,150,76,0.15403842856019037
777,4,10,150,76,0.0
778,4,10,150,76,0.1631238413472767
779,4,10,150,76,0.0
780,4,10,150,76,0.09911168261706653
781,4,10,150,76,0.2016539629141292
782,4,10,150,76,0.03812857155692874
783,4,10,150,76,0.0
784,4,10,150,76,0.029814614753779622
785,4,10,150,76,0.0
786,4,10,150,76,0.0
787,4,10,150,76,0.0
788,4,10,150,76,0.23240492573351365
789,4,10,150,76,0.08809718769055445
790,4,10,150,76,0.02842540991542701
791,4,10,150,76,0.04465281017341861
792,4,10,150,76,0.08944329533390502
793,4,10,150,76,0.0
794,4,10,150,76,0.04108065887337468
795,4,10,150,76,0.034092229848757476
796,4,10,150,76,0.3304447941406488
797,4,10,150,76,0.11278903329502893
798,4,10,150,76,0.03661053287904478
799,4,10,150,76,0.0
800,4,10,150,76,0.06097304495209779
801,4,10,150,76,0.1561471668577559
802,4,10,150,76,0.06960082070980815
803,4,10,150,76,0.10569353498973794
804,4,10,150,76,0.11884793224080295
805,4,10,150,76,0.1042497533986471
806,4,10,150,76,0.2959152150106387
807,4,10,150,76,0.11398720595017675
808,4,10,150,76,0.1025417224926713
809,4,10,150,76,0.10356976056061801
810,4,10,150,76,0.05986794407701488
811,4,10,150,76,0.0
812,4,10,150,76,0.09594989011285139
813,4,10,150,76,0.0
814,4,10,150,76,0.034616222155696735
815,4,10,150,76,0.1900493060033726
816,4,10,150,76,0.0
817,4,10,150,76,0.0
818,4,10,150,76,0.05516788910004661
819,4,10,150,76,0.037210602758860095
820,4,10,150,76,0.0787987754690289
821,4,10,150,76,0.302950268110492
822,4,10,150,76,0.028653609888707104
823,4,10,150,76,0.18167049144343345
824,4,10,150,76,0.05046096657376444
825,4,10,150,76,0.08238190489603152
826,4,10,150,76,0.16437485658499673
827,4,10,150,76,0.0
828,4,10,150,76,0.05745618865524075
829,4,10,150,76,0.1751347628439014
830,4,10,150,76,0.20443782642227196
831,4,10,150,76,0.21058943716644085
832,4,10,150,76,0.0
833,4,10,150,76,0.15178235039558494
834,4,10,150,76,0.2706897351446418
835,4,10,150,76,0.1851818930272933
836,4,10,150,76,0.20050437359357948
837,4,10,150,76,0.05665916465450996
838,4,10,150,76,0.27895398740912175
839,4,10,150,76,0.10730655186373157
840,4,10,150,76,0.334375761813645
841,4,10,150,76,0.06507217400164225
842,4,10,150,76,0.03947561302344988
843,4,10,150,76,0.0
844,4,10,150,76,0.05872188515498603
845,4,10,150,76,0.0
846,4,10,150,76,0.3629091684376546
847,4,10,150,76,0.05107153900660915
848,4,10,150,76,0.08171518501440664
849,4,10,150,76,0.07738342520054953
850,4,10,150,76,0.29160326485645294
851,4,10,150,76,0.07056266171655536
852,4,10,150,76,0.26227118260874954
853,4,10,150,76,0.0
854,4,10,150,76,0.04712116972163114
855,4,10,150,76,0.0
856,4,10,150,76,0.037110354711564805
857,4,10,150,76,0.0
858,4,10,150,76,0.10250982096838526
859,4,10,150,76,0.05070263548706836
860,4,10,150,76,0.10848832312989015
861,4,10,150,76,0.06460834446248033
862,4,10,150,76,0.09615553371633527
863,4,10,150,76,0.06336841123297353
864,4,10,150,76,0.38942544016110775
865,4,10,150,76,0.09772208899610854
866,4,10,150,76,0.16283687678415507
867,4,10,150,76,0.19922646846196726
868,4,10,150,76,0.20158457590391315
869,4,10,150,76,0.0587446084443979
870,4,10,150,76,0.2374280837462403
871,4,10,150,76,0.07012986265386374
872,4,10,150,76,0.02804794621397926
873,4,10,150,76,0.0
874,4,10,150,76,0.13944914190808633
875,4,10,150,76,0.15950125360109937
876,4,10,150,76,0.08671382849411972
877,4,10,150,76,0.0835317778614811
878,4,10,150,76,0.1706804422753891
879,4,10,150,76,0.03963466998423315
880,4,10,150,76,0.32486978100583974
881,4,10,150,76,0.10121650323137502
882,4,10,150,76,0.21288820648214166
883,4,10,150,76,0.29015987044544383
884,4,10,150,76,0.11407805705099587
885,4,10,150,76,0.04536087033637415
886,4,10,150,76,0.17273488207159815
887,4,10,150,76,0.10214828088611402
888,4,10,150,76,0.11625487663628292
889,4,10,150,76,0.010130434283262041
890,4,10,150,76,0.11434431442033766
891,4,10,150,76,0.10491091696774645
892,4,10,150,76,0.25229931701630604
893,4,10,150,76,0.12806369532588527
894,4,10,150,76,0.10469061651092854
895,4,10,150,76,0.0
896,4,10,150,76,0.2814777525401047
897,4,10,150,76,0.3128305007028783
898,4,10,150,76,0.0
899,4,10,150,76,0.05684415375822261
900,4,10,150,76,0.055315677011973347
901,4,10,150,76,0.20721814636370853
902,4,10,150,76,0.05978585424799658
903,4,10,150,76,0.24651430146847014
904,4,10,150,76,0.0
905,4,10,150,76,0.0
906,4,10,150,76,0.10407444169186962
907,4,10,150,76,0.058866326113661355
908,4,10,150,76,0.06892767477436933
909,4,10,150,76,0.0
910,4,10,150,76,0.02138152805479416
911,4,10,150,76,0.14690565417489143
912,4,10,150,76,0.17642343579737088
913,4,10,150,76,0.07219927248779984
914,4,10,150,76,0.0
915,4,10,150,76,0.0
916,4,10,150,76,0.22281870741086862
917,4,10,150,76,0.0
918,4,10,150,76,0.043627084055128
919,4,10,150,76,0.08929599382437474
920,4,10,150,76,0.0
921,4,10,150,76,0.15405864814296488
922,4,10,150,76,0.1280645281724967
923,4,10,150,76,0.04031825574984845
924,4,10,150,76,0.018280262702529162
925,4,10,150,76,0.0
926,4,10,150,76,0.0
927,4,10,150,76,0.09447575046156538
928,4,10,150,76,0.1873259908039563
929,4,10,150,76,0.25163227912988373
930,4,10,150,76,0.032298243696638564
931,4,10,150,76,0.08679587898287541
932,4,10,150,76,0.26581896687705886
933,4,10,150,76,0.12577023885221503
934,4,10,150,76,0.10071040486185964
935,4,10,150,76,0.04173963774222741
936,4,10,150,76,0.1321191921354211
937,4,10,150,76,0.0
938,4,10,150,76,0.1661428141234511
939,4,10,150,76,0.02916862694666808
940,4,10,150,76,0.050684733114198
941,4,10,150,76,0.0
942,4,10,150,76,0.10504870308911567
943,4,10,150,76,0.20163692230838232
1,4,10,150,77,0.4058715898896693
2,4,10,150,77,0.06250343848035038
3,4,10,150,77,0.0
4,4,10,150,77,0.0
5,4,10,150,77,0.040209635547393256
6,4,10,150,77,0.27020011346731576
7,4,10,150,77,0.33622203315690036
8,4,10,150,77,0.0
9,4,10,150,77,0.21840743681816419
10,4,10,150,77,0.21491451057814584
11,4,10,150,77,0.1722584975122812
12,4,10,150,77,0.0
13,4,10,150,77,0.23354755242906122
14,4,10,150,77,0.03963175841995263
15,4,10,150,77,0.05010834716923557
16,4,10,150,77,0.053168340515114924
17,4,10,150,77,0.06267320809766952
18,4,10,150,77,0.2651132679673976
19,4,10,150,77,0.0
20,4,10,150,77,0.0
21,4,10,150,77,0.0
22,4,10,150,77,0.11702382382650763
23,4,10,150,77,0.23682446174402746
24,4,10,150,77,0.0
25,4,10,150,77,0.12358102547512423
26,4,10,150,77,0.0
27,4,10,150,77,0.0
28,4,10,150,77,0.0
29,4,10,150,77,0.13455232720853103
30,4,10,150,77,0.0
31,4,10,150,77,0.0
32,4,10,150,77,0.0
33,4,10,150,77,0.0
35,4,10,150,77,0.10523285614729473
36,4,10,150,77,0.0
37,4,10,150,77,0.0
38,4,10,150,77,0.04739418218477539
39,4,10,150,77,0.0
40,4,10,150,77,0.10558114683788161
41,4,10,150,77,0.0
42,4,10,150,77,0.0683037314796457
43,4,10,150,77,0.22592974817952552
44,4,10,150,77,0.2044921015662719
45,4,10,150,77,0.05200670101006268
46,4,10,150,77,0.11284514134893527
47,4,10,150,77,0.06250343848035038
48,4,10,150,77,0.0
49,4,10,150,77,0.0
50,4,10,150,77,0.0
51,4,10,150,77,0.16812753627111746
52,4,10,150,77,0.0
54,4,10,150,77,0.04843244625481133
56,4,10,150,77,0.20383503459815738
57,4,10,150,77,0.3030555992505742
58,4,10,150,77,0.3717269535737058
59,4,10,150,77,0.2708748840256518
60,4,10,150,77,0.1505674224523334
61,4,10,150,77,0.07763867093308688
62,4,10,150,77,0.10440036542861637
63,4,10,150,77,0.0
64,4,10,150,77,0.04238468688770069
65,4,10,150,77,0.13012668333070054
66,4,10,150,77,0.0
67,4,10,150,77,0.0
68,4,10,150,77,0.4827392464262081
69,4,10,150,77,0.07673373981757839
70,4,10,150,77,0.0
71,4,10,150,77,0.0
72,4,10,150,77,0.06094775325655553
73,4,10,150,77,0.0
74,4,10,150,77,0.0
75,4,10,150,77,0.049432410190049694
76,4,10,150,77,0.1301464707340554
77,4,10,150,77,0.10201115106436301
78,4,10,150,77,0.0
79,4,10,150,77,0.27487633291429087
80,4,10,150,77,0.0
81,4,10,150,77,0.0
82,4,10,150,77,0.19298623480417013
83,4,10,150,77,0.12089611529519323
84,4,10,150,77,0.05034889199379723
85,4,10,150,77,0.0
87,4,10,150,77,0.07100089300395272
89,4,10,150,77,0.2553387838830436
90,4,10,150,77,0.12160038777651704
91,4,10,150,77,0.05648147012627732
92,4,10,150,77,0.10542637391232386
93,4,10,150,77,0.0
94,4,10,150,77,0.1398942649682608
95,4,10,150,77,0.17287436926807473
96,4,10,150,77,0.10181164814261426
97,4,10,150,77,0.06462745615384195
98,4,10,150,77,0.0930297504356062
99,4,10,150,77,0.05658242244874664
100,4,10,150,77,0.0
101,4,10,150,77,0.0
102,4,10,150,77,0.02424726876918863
103,4,10,150,77,0.0
104,4,10,150,77,0.0
105,4,10,150,77,0.0
106,4,10,150,77,0.0
107,4,10,150,77,0.0
108,4,10,150,77,0.0
109,4,10,150,77,0.07103066762111539
110,4,10,150,77,0.0
111,4,10,150,77,0.0
112,4,10,150,77,0.05685954565780693
113,4,10,150,77,0.053168340515114924
114,4,10,150,77,0.0
115,4,10,150,77,0.10684080426179023
116,4,10,150,77,0.0
117,4,10,150,77,0.26646890433550474
118,4,10,150,77,0.0
119,4,10,150,77,0.2063582228182277
120,4,10,150,77,0.0
121,4,10,150,77,0.271985059917519
122,4,10,150,77,0.1530100230930498
123,4,10,150,77,0.07386004580671933
125,4,10,150,77,0.12702645795516354
126,4,10,150,77,0.06911917000496234
127,4,10,150,77,0.23132283185955704
128,4,10,150,77,0.0804528329814545
129,4,10,150,77,0.0
130,4,10,150,77,0.19839806705808383
131,4,10,150,77,0.06556385272536247
133,4,10,150,77,0.11047239495909743
134,4,10,150,77,0.0
135,4,10,150,77,0.0
137,4,10,150,77,0.1371200812351206
138,4,10,150,77,0.0
139,4,10,150,77,0.0
141,4,10,150,77,0.0
142,4,10,150,77,0.13373003436102654
143,4,10,150,77,0.1208996448617798
144,4,10,150,77,0.1227945149537572
145,4,10,150,77,0.1075804523117992
146,4,10,150,77,0.0
148,4,10,150,77,0.20254719486838738
149,4,10,150,77,0.0
150,4,10,150,77,0.10235170428306553
151,4,10,150,77,0.06298430394440727
152,4,10,150,77,0.040655755922716606
153,4,10,150,77,0.0
154,4,10,150,77,0.06372882143962796
155,4,10,150,77,0.0
156,4,10,150,77,0.0
158,4,10,150,77,0.17575552384613552
159,4,10,150,77,0.03310852000739229
160,4,10,150,77,0.0
161,4,10,150,77,0.0
162,4,10,150,77,0.04858102772529458
163,4,10,150,77,0.0
164,4,10,150,77,0.0
165,4,10,150,77,0.12114889742360979
166,4,10,150,77,0.0
167,4,10,150,77,0.06267320809766952
168,4,10,150,77,0.23504554941448536
169,4,10,150,77,0.06416923277158361
170,4,10,150,77,0.0
171,4,10,150,77,0.0
172,4,10,150,77,0.0
173,4,10,150,77,0.11302181651994404
174,4,10,150,77,0.08712841477105211
175,4,10,150,77,0.0
176,4,10,150,77,0.09511409151391914
177,4,10,150,77,0.06912040963822193
178,4,10,150,77,0.2437589399037192
179,4,10,150,77,0.06723507268634088
180,4,10,150,77,0.12262943855309168
181,4,10,150,77,0.062426915812405386
182,4,10,150,77,0.0
183,4,10,150,77,0.0
184,4,10,150,77,0.11356458502877588
185,4,10,150,77,0.07745351606183934
186,4,10,150,77,0.22147164648185297
187,4,10,150,77,0.08625091781054979
188,4,10,150,77,0.054384419234677496
189,4,10,150,77,0.23042891886703956
190,4,10,150,77,0.10699313236726378
191,4,10,150,77,0.0
192,4,10,150,77,0.0
193,4,10,150,77,0.0
194,4,10,150,77,0.09747680426009508
195,4,10,150,77,0.0
196,4,10,150,77,0.0
197,4,10,150,77,0.05576624569167862
198,4,10,150,77,0.0
199,4,10,150,77,0.0
200,4,10,150,77,0.1350618908658632
201,4,10,150,77,0.10763403601326355
203,4,10,150,77,0.0
204,4,10,150,77,0.0
205,4,10,150,77,0.0
206,4,10,150,77,0.0
207,4,10,150,77,0.050513241088636716
209,4,10,150,77,0.0
210,4,10,150,77,0.09440608278107551
211,4,10,150,77,0.0
212,4,10,150,77,0.12681701683239352
213,4,10,150,77,0.2384146878320104
214,4,10,150,77,0.056720838976548935
215,4,10,150,77,0.0
216,4,10,150,77,0.03497205398870122
217,4,10,150,77,0.0
218,4,10,150,77,0.19092086617893467
219,4,10,150,77,0.0
221,4,10,150,77,0.3375735570145491
222,4,10,150,77,0.12476107276951183
223,4,10,150,77,0.03870447337439288
224,4,10,150,77,0.0
225,4,10,150,77,0.0
226,4,10,150,77,0.08080765379783027
227,4,10,150,77,0.0
228,4,10,150,77,0.0
229,4,10,150,77,0.0
230,4,10,150,77,0.23712439662683835
231,4,10,150,77,0.0
232,4,10,150,77,0.3234992853586256
233,4,10,150,77,0.0968152409481219
234,4,10,150,77,0.09246514949439727
235,4,10,150,77,0.06065881345112158
236,4,10,150,77,0.0
237,4,10,150,77,0.0
238,4,10,150,77,0.0
239,4,10,150,77,0.11792279130466408
240,4,10,150,77,0.05497526658285817
242,4,10,150,77,0.0
243,4,10,150,77,0.09267768927614353
244,4,10,150,77,0.15765545519871427
245,4,10,150,77,0.10704534003732354
246,4,10,150,77,0.11120150311654428
247,4,10,150,77,0.0
248,4,10,150,77,0.14830051302014485
249,4,10,150,77,0.31180658179892495
250,4,10,150,77,0.3503302816689379
251,4,10,150,77,0.0
252,4,10,150,77,0.0
253,4,10,150,77,0.05954496680255472
254,4,10,150,77,0.0
255,4,10,150,77,0.0
256,4,10,150,77,0.16583176898817792
257,4,10,150,77,0.3305900772260718
258,4,10,150,77,0.07557488532248983
259,4,10,150,77,0.0
260,4,10,150,77,0.0
261,4,10,150,77,0.0
262,4,10,150,77,0.05029331645508228
263,4,10,150,77,0.12774011823457565
264,4,10,150,77,0.05840183867278569
265,4,10,150,77,0.10209739512291163
267,4,10,150,77,0.09794101962538232
268,4,10,150,77,0.12816798712864202
269,4,10,150,77,0.13223875150584097
270,4,10,150,77,0.046726672111120165
271,4,10,150,77,0.12276482551434069
272,4,10,150,77,0.14498698048571354
273,4,10,150,77,0.0
274,4,10,150,77,0.0
275,4,10,150,77,0.04605780568615433
276,4,10,150,77,0.20223032365941937
277,4,10,150,77,0.0
279,4,10,150,77,0.06493409231178052
280,4,10,150,77,0.03337620304869898
281,4,10,150,77,0.0
283,4,10,150,77,0.1292258709239571
284,4,10,150,77,0.0
285,4,10,150,77,0.1185995982858366
286,4,10,150,77,0.31887623993711317
287,4,10,150,77,0.11352455583778437
288,4,10,150,77,0.12538054736008386
289,4,10,150,77,0.13905617951077562
290,4,10,150,77,0.0
291,4,10,150,77,0.23494592513118112
292,4,10,150,77,0.08933583385868532
293,4,10,150,77,0.2344161202530718
294,4,10,150,77,0.04123398036294628
295,4,10,150,77,0.2670961153715764
296,4,10,150,77,0.5087533365407171
297,4,10,150,77,0.13535082686131417
298,4,10,150,77,0.19947114504638494
299,4,10,150,77,0.0
300,4,10,150,77,0.0
301,4,10,150,77,0.047934103497110726
303,4,10,150,77,0.11577931806589845
304,4,10,150,77,0.0
305,4,10,150,77,0.31514747987601716
306,4,10,150,77,0.0
307,4,10,150,77,0.1383141340724969
308,4,10,150,77,0.19205342317019936
309,4,10,150,77,0.0
310,4,10,150,77,0.0
311,4,10,150,77,0.08938791352906189
312,4,10,150,77,0.14069579419580536
313,4,10,150,77,0.14465709645474623
314,4,10,150,77,0.20285519102295546
315,4,10,150,77,0.0
316,4,10,150,77,0.04568304891751105
317,4,10,150,77,0.0
318,4,10,150,77,0.13815200906377123
319,4,10,150,77,0.0
320,4,10,150,77,0.0
321,4,10,150,77,0.062242588308449316
322,4,10,150,77,0.17342765698823945
323,4,10,150,77,0.14126697285982898
324,4,10,150,77,0.03555702818464106
325,4,10,150,77,0.0
326,4,10,150,77,0.0634222181618871
327,4,10,150,77,0.04302935573946656
328,4,10,150,77,0.1437524526514495
329,4,10,150,77,0.0
330,4,10,150,77,0.0536466452928127
331,4,10,150,77,0.16958010263680806
332,4,10,150,77,0.046679707512804314
333,4,10,150,77,0.0
334,4,10,150,77,0.0858345406672181
336,4,10,150,77,0.0
337,4,10,150,77,0.16716045496620227
338,4,10,150,77,0.05005165434923901
339,4,10,150,77,0.1344957225763306
340,4,10,150,77,0.0
341,4,10,150,77,0.0
342,4,10,150,77,0.2625072992734236
343,4,10,150,77,0.28732332399638805
344,4,10,150,77,0.23832550406045652
345,4,10,150,77,0.056149696530797676
346,4,10,150,77,0.13947804593499064
347,4,10,150,77,0.08705643551438974
348,4,10,150,77,0.071942683897578
349,4,10,150,77,0.07673373981757839
350,4,10,150,77,0.2065896325117088
351,4,10,150,77,0.0
352,4,10,150,77,0.0
353,4,10,150,77,0.0
354,4,10,150,77,0.051249224710132255
355,4,10,150,77,0.0
356,4,10,150,77,0.08406376813555873
357,4,10,150,77,0.05006331611131463
358,4,10,150,77,0.20438239758848611
359,4,10,150,77,0.0
360,4,10,150,77,0.09491042451242505
361,4,10,150,77,0.09622728274290568
362,4,10,150,77,0.0
363,4,10,150,77,0.21862978877358352
364,4,10,150,77,0.0
365,4,10,150,77,0.0
366,4,10,150,77,0.0
367,4,10,150,77,0.07630862162354303
368,4,10,150,77,0.0
369,4,10,150,77,0.0
370,4,10,150,77,0.13479984916817475
371,4,10,150,77,0.22569563125869263
372,4,10,150,77,0.0
373,4,10,150,77,0.062173010658778456
374,4,10,150,77,0.06834943074719504
375,4,10,150,77,0.0
376,4,10,150,77,0.0
377,4,10,150,77,0.08010929472340098
378,4,10,150,77,0.17937057950814977
379,4,10,150,77,0.14951641492682458
380,4,10,150,77,0.0
381,4,10,150,77,0.05105625351125917
382,4,10,150,77,0.0
383,4,10,150,77,0.04838338183089434
384,4,10,150,77,0.0
385,4,10,150,77,0.0
386,4,10,150,77,0.0
387,4,10,150,77,0.11497906462099297
388,4,10,150,77,0.04511904280884329
389,4,10,150,77,0.17394090433083284
390,4,10,150,77,0.0
391,4,10,150,77,0.2137247802747043
392,4,10,150,77,0.056679935917756406
393,4,10,150,77,0.054235696447924676
394,4,10,150,77,0.11073655428626575
395,4,10,150,77,0.09179488000267515
396,4,10,150,77,0.0
397,4,10,150,77,0.2710147943938467
398,4,10,150,77,0.18852571653533698
399,4,10,150,77,0.07594334672458623
400,4,10,150,77,0.0
401,4,10,150,77,0.0
402,4,10,150,77,0.08963222225173058
403,4,10,150,77,0.0854499779566911
404,4,10,150,77,0.0
405,4,10,150,77,0.06667735269275575
406,4,10,150,77,0.20956416940551098
407,4,10,150,77,0.06232415948793755
408,4,10,150,77,0.0
409,4,10,150,77,0.12740448328320192
410,4,10,150,77,0.0
411,4,10,150,77,0.0
412,4,10,150,77,0.0
413,4,10,150,77,0.041646268351119564
414,4,10,150,77,0.0
415,4,10,150,77,0.15103391472831218
416,4,10,150,77,0.2200039995691806
417,4,10,150,77,0.09850508837083022
418,4,10,150,77,0.0
419,4,10,150,77,0.1208113026994942
420,4,10,150,77,0.06052048269976269
421,4,10,150,77,0.19620555836557932
422,4,10,150,77,0.07550298029238112
423,4,10,150,77,0.053845569940583225
424,4,10,150,77,0.2766918177656049
425,4,10,150,77,0.1674157226455415
426,4,10,150,77,0.040759261617270684
427,4,10,150,77,0.07466168586864165
428,4,10,150,77,0.04415960465480069
429,4,10,150,77,0.14355264986043786
430,4,10,150,77,0.0
431,4,10,150,77,0.0
432,4,10,150,77,0.05789711601244791
433,4,10,150,77,0.05780921899607981
434,4,10,150,77,0.2562151231304954
435,4,10,150,77,0.17195543683824452
436,4,10,150,77,0.0
437,4,10,150,77,0.10867290175167639
438,4,10,150,77,0.0
439,4,10,150,77,0.10863976191957724
440,4,10,150,77,0.0
441,4,10,150,77,0.07736100002633538
442,4,10,150,77,0.040949887133979804
443,4,10,150,77,0.06783204105472322
444,4,10,150,77,0.1312721899408984
445,4,10,150,77,0.0
446,4,10,150,77,0.0
447,4,10,150,77,0.16246725303708914
448,4,10,150,77,0.0
449,4,10,150,77,0.1882329728596757
450,4,10,150,77,0.24189454433011923
451,4,10,150,77,0.06148915918944534
452,4,10,150,77,0.10773098771530253
453,4,10,150,77,0.0
454,4,10,150,77,0.0
455,4,10,150,77,0.0962493458910181
456,4,10,150,77,0.018650043077523788
457,4,10,150,77,0.31128444613224265
458,4,10,150,77,0.06982799741808067
459,4,10,150,77,0.0
460,4,10,150,77,0.05184030722866645
461,4,10,150,77,0.05428363317977833
462,4,10,150,77,0.0
463,4,10,150,77,0.11987424504051505
464,4,10,150,77,0.0
465,4,10,150,77,0.0
466,4,10,150,77,0.0
467,4,10,150,77,0.07807600999842033
468,4,10,150,77,0.11455543964849552
469,4,10,150,77,0.05165643482805862
470,4,10,150,77,0.0
471,4,10,150,77,0.0
472,4,10,150,77,0.1195980915282009
473,4,10,150,77,0.06140244428718695
474,4,10,150,77,0.24593822460513717
475,4,10,150,77,0.0
476,4,10,150,77,0.0
477,4,10,150,77,0.0
478,4,10,150,77,0.2345109835167376
479,4,10,150,77,0.10172348796286074
480,4,10,150,77,0.0741070054529978
481,4,10,150,77,0.13102204196909084
482,4,10,150,77,0.0
483,4,10,150,77,0.05658242244874664
484,4,10,150,77,0.29539974213048126
485,4,10,150,77,0.0
486,4,10,150,77,0.0
487,4,10,150,77,0.09557986065110975
488,4,10,150,77,0.0
489,4,10,150,77,0.02196588169196602
490,4,10,150,77,0.0
491,4,10,150,77,0.14208678740137623
492,4,10,150,77,0.0
493,4,10,150,77,0.1475552329391869
494,4,10,150,77,0.0
495,4,10,150,77,0.16394836376720962
496,4,10,150,77,0.08659863258371955
497,4,10,150,77,0.08955573351991261
498,4,10,150,77,0.0
499,4,10,150,77,0.05075938465928585
500,4,10,150,77,0.09541527213731128
501,4,10,150,77,0.0
502,4,10,150,77,0.0
503,4,10,150,77,0.0873154783867225
504,4,10,150,77,0.08148269775823089
505,4,10,150,77,0.07379217622092994
506,4,10,150,77,0.18325792458363765
507,4,10,150,77,0.05319635904163211
508,4,10,150,77,0.0
509,4,10,150,77,0.0
510,4,10,150,77,0.0
511,4,10,150,77,0.08495943917278885
512,4,10,150,77,0.05478392673173268
513,4,10,150,77,0.0
514,4,10,150,77,0.27252722616773445
515,4,10,150,77,0.11706259313796354
516,4,10,150,77,0.0
517,4,10,150,77,0.08878770367712427
518,4,10,150,77,0.0
519,4,10,150,77,0.0
520,4,10,150,77,0.0
521,4,10,150,77,0.09850628252086785
522,4,10,150,77,0.12524561954372188
523,4,10,150,77,0.05782495986511108
524,4,10,150,77,0.1283825351773177
525,4,10,150,77,0.0
526,4,10,150,77,0.15355181494703254
527,4,10,150,77,0.1636135858112592
528,4,10,150,77,0.10209739512291163
529,4,10,150,77,0.0
530,4,10,150,77,0.0
531,4,10,150,77,0.1517763576041802
532,4,10,150,77,0.2751056785549508
533,4,10,150,77,0.11557545112991054
534,4,10,150,77,0.12913418894806108
535,4,10,150,77,0.13889821983463596
536,4,10,150,77,0.15105160768725473
537,4,10,150,77,0.3202673190512121
538,4,10,150,77,0.14697776980950736
539,4,10,150,77,0.08229481249254499
540,4,10,150,77,0.0
541,4,10,150,77,0.0586415067779619
542,4,10,150,77,0.049033875503285806
543,4,10,150,77,0.04953295293703468
544,4,10,150,77,0.05282936728943967
545,4,10,150,77,0.02244213465825961
546,4,10,150,77,0.05758752804519195
547,4,10,150,77,0.0
548,4,10,150,77,0.12908029235254362
549,4,10,150,77,0.0
550,4,10,150,77,0.04785685030080952
551,4,10,150,77,0.0910925691220798
552,4,10,150,77,0.1205344274731702
553,4,10,150,77,0.07411563356774664
554,4,10,150,77,0.12627825946936164
555,4,10,150,77,0.0
556,4,10,150,77,0.07660623398069263
557,4,10,150,77,0.031742154565302834
558,4,10,150,77,0.08878770367712427
559,4,10,150,77,0.09986350037763675
560,4,10,150,77,0.09375790921485552
561,4,10,150,77,0.1255166915639138
562,4,10,150,77,0.07930308311174379
563,4,10,150,77,0.0
564,4,10,150,77,0.15437610727371853
565,4,10,150,77,0.0
566,4,10,150,77,0.03579489106983033
567,4,10,150,77,0.1471381878632886
568,4,10,150,77,0.036155150901276155
569,4,10,150,77,0.18299769260789403
570,4,10,150,77,0.0
571,4,10,150,77,0.04988426711147283
572,4,10,150,77,0.16812753627111746
573,4,10,150,77,0.06437746926759551
574,4,10,150,77,0.051811563545175146
575,4,10,150,77,0.0
576,4,10,150,77,0.0
577,4,10,150,77,0.20541190363713152
578,4,10,150,77,0.05006331611131463
579,4,10,150,77,0.0
580,4,10,150,77,0.1471734367352052
581,4,10,150,77,0.14348105418014392
582,4,10,150,77,0.03190895161277091
583,4,10,150,77,0.0
584,4,10,150,77,0.06323567569191428
585,4,10,150,77,0.04173963774222741
586,4,10,150,77,0.05786021189691368
587,4,10,150,77,0.019492972026130224
588,4,10,150,77,0.14934904111986536
589,4,10,150,77,0.0
590,4,10,150,77,0.053845569940583225
591,4,10,150,77,0.0
592,4,10,150,77,0.3067902805184995
593,4,10,150,77,0.07711036365720102
594,4,10,150,77,0.044551000676675064
595,4,10,150,77,0.10296141646738245
596,4,10,150,77,0.0
597,4,10,150,77,0.27101620591530523
598,4,10,150,77,0.0684591776394769
599,4,10,150,77,0.0
600,4,10,150,77,0.09197011795311534
601,4,10,150,77,0.0
602,4,10,150,77,0.0
603,4,10,150,77,0.0
604,4,10,150,77,0.0
605,4,10,150,77,0.26275270116262744
606,4,10,150,77,0.16168049407206384
607,4,10,150,77,0.08673473912838402
608,4,10,150,77,0.12209659098915113
609,4,10,150,77,0.0
610,4,10,150,77,0.2146842601596213
611,4,10,150,77,0.07624568872860434
612,4,10,150,77,0.0
613,4,10,150,77,0.08385150490449667
614,4,10,150,77,0.0
615,4,10,150,77,0.04919117729584568
616,4,10,150,77,0.03618657486793958
617,4,10,150,77,0.0
618,4,10,150,77,0.1281253572826617
619,4,10,150,77,0.12363660028711727
620,4,10,150,77,0.159486715201797
621,4,10,150,77,0.11278207190006835
622,4,10,150,77,0.18241748250491993
623,4,10,150,77,0.17494254380936963
624,4,10,150,77,0.06626749824739844
625,4,10,150,77,0.0
626,4,10,150,77,0.06228974831361337
627,4,10,150,77,0.06945233499530101
628,4,10,150,77,0.0
629,4,10,150,77,0.1761343378337656
630,4,10,150,77,0.15874779570678058
631,4,10,150,77,0.0
632,4,10,150,77,0.12112269717167994
633,4,10,150,77,0.11499138576948859
634,4,10,150,77,0.022104381789790163
635,4,10,150,77,0.04546401530948942
636,4,10,150,77,0.11426572661305327
637,4,10,150,77,0.01928973283308616
638,4,10,150,77,0.09712868482236708
639,4,10,150,77,0.03138892079718151
640,4,10,150,77,0.10536866733091729
641,4,10,150,77,0.07675099783970546
642,4,10,150,77,0.1283281666294257
643,4,10,150,77,0.11071279041815515
644,4,10,150,77,0.04935421935348238
645,4,10,150,77,0.17581821458755492
646,4,10,150,77,0.0
647,4,10,150,77,0.05363388010108191
648,4,10,150,77,0.12436710216540259
649,4,10,150,77,0.15489949502599
650,4,10,150,77,0.08793680740142655
651,4,10,150,77,0.0
652,4,10,150,77,0.08156220960446063
653,4,10,150,77,0.09471226943470949
654,4,10,150,77,0.21255442687635834
655,4,10,150,77,0.2557993574450159
656,4,10,150,77,0.07397229644086958
657,4,10,150,77,0.04140815094666367
658,4,10,150,77,0.2625403796417579
659,4,10,150,77,0.08781544355121487
660,4,10,150,77,0.10085647425542008
661,4,10,150,77,0.08605775303302886
662,4,10,150,77,0.0512644431393966
663,4,10,150,77,0.24026856780584893
664,4,10,150,77,0.28517362059082263
665,4,10,150,77,0.0
666,4,10,150,77,0.16645144181485674
667,4,10,150,77,0.31347596517570553
668,4,10,150,77,0.06194403202282284
669,4,10,150,77,0.1348578320198433
670,4,10,150,77,0.09267469812912739
671,4,10,150,77,0.20819966483156851
672,4,10,150,77,0.03603026685992244
673,4,10,150,77,0.14837758007547783
674,4,10,150,77,0.11338915993603582
675,4,10,150,77,0.0
676,4,10,150,77,0.19009456031551833
677,4,10,150,77,0.03314040476303028
678,4,10,150,77,0.03824432123396675
679,4,10,150,77,0.15527711509166947
680,4,10,150,77,0.11377863936243801
681,4,10,150,77,0.0
682,4,10,150,77,0.1422171856862295
683,4,10,150,77,0.0
684,4,10,150,77,0.06573003977381581
685,4,10,150,77,0.1906465758273748
686,4,10,150,77,0.1682282387290392
687,4,10,150,77,0.0
688,4,10,150,77,0.08840257630093261
689,4,10,150,77,0.21046485047453145
690,4,10,150,77,0.12222352404401943
691,4,10,150,77,0.09842092178212862
692,4,10,150,77,0.1753901755134814
693,4,10,150,77,0.0
694,4,10,150,77,0.2448812985235888
695,4,10,150,77,0.0
696,4,10,150,77,0.039725595076707886
697,4,10,150,77,0.04239477130634912
698,4,10,150,77,0.041937660325009396
699,4,10,150,77,0.06339169989706635
700,4,10,150,77,0.12729890218214104
701,4,10,150,77,0.11497698281480273
702,4,10,150,77,0.037715680681715956
703,4,10,150,77,0.11918688501400482
704,4,10,150,77,0.2553105266507764
705,4,10,150,77,0.22667088038444094
706,4,10,150,77,0.04395738023645723
707,4,10,150,77,0.05474199257920241
708,4,10,150,77,0.08885812311565845
709,4,10,150,77,0.13472082394875662
710,4,10,150,77,0.10695361352497157
711,4,10,150,77,0.18298394745973331
712,4,10,150,77,0.15511023313323485
713,4,10,150,77,0.1468735732232516
714,4,10,150,77,0.03441184191455828
715,4,10,150,77,0.0
716,4,10,150,77,0.20540797120081666
717,4,10,150,77,0.09054670163637572
718,4,10,150,77,0.035328385129692476
719,4,10,150,77,0.09883437846193516
720,4,10,150,77,0.0
721,4,10,150,77,0.1850388725092322
722,4,10,150,77,0.06556429791586475
723,4,10,150,77,0.0
724,4,10,150,77,0.0
725,4,10,150,77,0.0
726,4,10,150,77,0.05010834716923557
727,4,10,150,77,0.13259103550396703
728,4,10,150,77,0.09627818061559096
729,4,10,150,77,0.03522636359408964
730,4,10,150,77,0.02601736765943984
731,4,10,150,77,0.14717311932656024
732,4,10,150,77,0.0
733,4,10,150,77,0.14514596345398123
734,4,10,150,77,0.0
735,4,10,150,77,0.0
736,4,10,150,77,0.03351972906068008
737,4,10,150,77,0.1138970555583582
738,4,10,150,77,0.13922998739868644
739,4,10,150,77,0.03855307727568851
740,4,10,150,77,0.0
741,4,10,150,77,0.05358697798864893
742,4,10,150,77,0.0488929053971083
743,4,10,150,77,0.0690623255281084
744,4,10,150,77,0.03596673601130318
745,4,10,150,77,0.03520132288421838
746,4,10,150,77,0.25743994347908983
747,4,10,150,77,0.4049378986388849
748,4,10,150,77,0.09621648119325965
749,4,10,150,77,0.1302124745962681
750,4,10,150,77,0.07184731398235064
751,4,10,150,77,0.08554799479006837
752,4,10,150,77,0.04389473417066348
753,4,10,150,77,0.15780803084928155
754,4,10,150,77,0.0
755,4,10,150,77,0.03855371268423985
756,4,10,150,77,0.031104745345423533
757,4,10,150,77,0.010271498773679529
758,4,10,150,77,0.2541585573938583
759,4,10,150,77,0.11006100937916612
760,4,10,150,77,0.03004859059698017
761,4,10,150,77,0.06869287000000811
762,4,10,150,77,0.051960280791503534
763,4,10,150,77,0.05892228941894017
764,4,10,150,77,0.08946696896639536
765,4,10,150,77,0.15066101840234988
766,4,10,150,77,0.023823431574733288
767,4,10,150,77,0.13884445379214724
768,4,10,150,77,0.08438032815655525
769,4,10,150,77,0.0
770,4,10,150,77,0.21464739068424896
771,4,10,150,77,0.32869562799119006
772,4,10,150,77,0.17356150297482983
773,4,10,150,77,0.08696710392235718
774,4,10,150,77,0.054775441674700456
775,4,10,150,77,0.038478285726379145
776,4,10,150,77,0.15403842856019037
777,4,10,150,77,0.0
778,4,10,150,77,0.1631238413472767
779,4,10,150,77,0.0
780,4,10,150,77,0.09911168261706653
781,4,10,150,77,0.2016539629141292
782,4,10,150,77,0.03777979159564038
783,4,10,150,77,0.0
784,4,10,150,77,0.029814614753779622
785,4,10,150,77,0.0
786,4,10,150,77,0.0
787,4,10,150,77,0.0
788,4,10,150,77,0.2302790086668453
789,4,10,150,77,0.08809718769055445
790,4,10,150,77,0.028165389333352338
791,4,10,150,77,0.04465281017341861
792,4,10,150,77,0.08944329533390502
793,4,10,150,77,0.0
794,4,10,150,77,0.04108065887337468
795,4,10,150,77,0.034092229848757476
796,4,10,150,77,0.33656953024389796
797,4,10,150,77,0.11278903329502893
798,4,10,150,77,0.03627563913089494
799,4,10,150,77,0.0
800,4,10,150,77,0.06097304495209779
801,4,10,150,77,0.1561471668577559
802,4,10,150,77,0.06960082070980815
803,4,10,150,77,0.10569353498973794
804,4,10,150,77,0.11776077435595383
805,4,10,150,77,0.10329613191559699
806,4,10,150,77,0.2959152150106387
807,4,10,150,77,0.11294451141284503
808,4,10,150,77,0.1025417224926713
809,4,10,150,77,0.10356976056061801
810,4,10,150,77,0.05986794407701488
811,4,10,150,77,0.0
812,4,10,150,77,0.09594989011285139
813,4,10,150,77,0.0
814,4,10,150,77,0.034616222155696735
815,4,10,150,77,0.18831083569399404
816,4,10,150,77,0.0
817,4,10,150,77,0.0
818,4,10,150,77,0.05516788910004661
819,4,10,150,77,0.037210602758860095
820,4,10,150,77,0.0787987754690289
821,4,10,150,77,0.302950268110492
822,4,10,150,77,0.028653609888707104
823,4,10,150,77,0.18000866608818056
824,4,10,150,77,0.05046096657376444
825,4,10,150,77,0.08238190489603152
826,4,10,150,77,0.17593166652195671
827,4,10,150,77,0.0
828,4,10,150,77,0.05745618865524075
829,4,10,150,77,0.1751347628439014
830,4,10,150,77,0.20443782642227196
831,4,10,150,77,0.21058943716644085
832,4,10,150,77,0.0
833,4,10,150,77,0.15039392591143697
834,4,10,150,77,0.2706897351446418
835,4,10,150,77,0.1851818930272933
836,4,10,150,77,0.20050437359357948
837,4,10,150,77,0.05665916465450996
838,4,10,150,77,0.27895398740912175
839,4,10,150,77,0.10730655186373157
840,4,10,150,77,0.33131706959154056
841,4,10,150,77,0.06507217400164225
842,4,10,150,77,0.03947561302344988
843,4,10,150,77,0.0
844,4,10,150,77,0.05872188515498603
845,4,10,150,77,0.0
846,4,10,150,77,0.35958946773683265
847,4,10,150,77,0.05107153900660915
848,4,10,150,77,0.08171518501440664
849,4,10,150,77,0.07738342520054953
850,4,10,150,77,0.29160326485645294
851,4,10,150,77,0.06991719189125235
852,4,10,150,77,0.26227118260874954
853,4,10,150,77,0.0
854,4,10,150,77,0.04669013023915711
855,4,10,150,77,0.0
856,4,10,150,77,0.037110354711564805
857,4,10,150,77,0.0
858,4,10,150,77,0.10250982096838526
859,4,10,150,77,0.05070263548706836
860,4,10,150,77,0.10848832312989015
861,4,10,150,77,0.06460834446248033
862,4,10,150,77,0.09615553371633527
863,4,10,150,77,0.06336841123297353
864,4,10,150,77,0.3858631826623893
865,4,10,150,77,0.09772208899610854
866,4,10,150,77,0.16283687678415507
867,4,10,150,77,0.19922646846196726
868,4,10,150,77,0.19974058706013703
869,4,10,150,77,0.0587446084443979
870,4,10,150,77,0.23525621749276313
871,4,10,150,77,0.07012986265386374
872,4,10,150,77,0.02804794621397926
873,4,10,150,77,0.0
874,4,10,150,77,0.13944914190808633
875,4,10,150,77,0.15950125360109937
876,4,10,150,77,0.08671382849411972
877,4,10,150,77,0.0835317778614811
878,4,10,150,77,0.1706804422753891
879,4,10,150,77,0.03963466998423315
880,4,10,150,77,0.3218980444572046
881,4,10,150,77,0.1002906283129802
882,4,10,150,77,0.21288820648214166
883,4,10,150,77,0.28750564175947546
884,4,10,150,77,0.11407805705099587
885,4,10,150,77,0.04536087033637415
886,4,10,150,77,0.1711547949342626
887,4,10,150,77,0.10214828088611402
888,4,10,150,77,0.11625487663628292
889,4,10,150,77,0.01003776644041157
890,4,10,150,77,0.11434431442033766
891,4,10,150,77,0.10491091696774645
892,4,10,150,77,0.24999141660386492
893,4,10,150,77,0.12806369532588527
894,4,10,150,77,0.10373296224582138
895,4,10,150,77,0.0
896,4,10,150,77,0.27890294326648973
897,4,10,150,77,0.30996889310863474
898,4,10,150,77,0.0
899,4,10,150,77,0.05684415375822261
900,4,10,150,77,0.055315677011973347
901,4,10,150,77,0.20721814636370853
902,4,10,150,77,0.05978585424799658
903,4,10,150,77,0.24651430146847014
904,4,10,150,77,0.0
905,4,10,150,77,0.0
906,4,10,150,77,0.10407444169186962
907,4,10,150,77,0.058866326113661355
908,4,10,150,77,0.06892767477436933
909,4,10,150,77,0.0
910,4,10,150,77,0.02138152805479416
911,4,10,150,77,0.14690565417489143
912,4,10,150,77,0.17642343579737088
913,4,10,150,77,0.07219927248779984
914,4,10,150,77,0.0
915,4,10,150,77,0.0
916,4,10,150,77,0.22078047998792277
917,4,10,150,77,0.0
918,4,10,150,77,0.043627084055128
919,4,10,150,77,0.08847916140717364
920,4,10,150,77,0.0
921,4,10,150,77,0.15405864814296488
922,4,10,150,77,0.1280645281724967
923,4,10,150,77,0.04031825574984845
924,4,10,150,77,0.018280262702529162
925,4,10,150,77,0.0
926,4,10,150,77,0.0
927,4,10,150,77,0.09447575046156538
928,4,10,150,77,0.1873259908039563
929,4,10,150,77,0.25163227912988373
930,4,10,150,77,0.032298243696638564
931,4,10,150,77,0.08679587898287541
932,4,10,150,77,0.26581896687705886
933,4,10,150,77,0.12577023885221503
934,4,10,150,77,0.10071040486185964
935,4,10,150,77,0.04173963774222741
936,4,10,150,77,0.1321191921354211
937,4,10,150,77,0.0
938,4,10,150,77,0.1661428141234511
939,4,10,150,77,0.02916862694666808
940,4,10,150,77,0.050684733114198
941,4,10,150,77,0.0
942,4,10,150,77,0.10504870308911567
943,4,10,150,77,0.20163692230838232
1,4,10,150,78,0.4058715898896693
2,4,10,150,78,0.06250343848035038
3,4,10,150,78,0.0
4,4,10,150,78,0.0
5,4,10,150,78,0.040209635547393256
6,4,10,150,78,0.27020011346731576
7,4,10,150,78,0.33622203315690036
8,4,10,150,78,0.0
9,4,10,150,78,0.21840743681816419
10,4,10,150,78,0.21491451057814584
11,4,10,150,78,0.1722584975122812
12,4,10,150,78,0.0
13,4,10,150,78,0.23354755242906122
14,4,10,150,78,0.03963175841995263
15,4,10,150,78,0.05010834716923557
16,4,10,150,78,0.053168340515114924
17,4,10,150,78,0.06267320809766952
18,4,10,150,78,0.2651132679673976
19,4,10,150,78,0.0
20,4,10,150,78,0.0
21,4,10,150,78,0.0
22,4,10,150,78,0.11702382382650763
23,4,10,150,78,0.23682446174402746
24,4,10,150,78,0.0
25,4,10,150,78,0.12358102547512423
26,4,10,150,78,0.0
27,4,10,150,78,0.0
28,4,10,150,78,0.0
29,4,10,150,78,0.13455232720853103
30,4,10,150,78,0.0
31,4,10,150,78,0.0
32,4,10,150,78,0.0
33,4,10,150,78,0.0
35,4,10,150,78,0.10523285614729473
36,4,10,150,78,0.0
37,4,10,150,78,0.0
38,4,10,150,78,0.04739418218477539
39,4,10,150,78,0.0
40,4,10,150,78,0.10558114683788161
41,4,10,150,78,0.0
42,4,10,150,78,0.0683037314796457
43,4,10,150,78,0.22592974817952552
44,4,10,150,78,0.2044921015662719
45,4,10,150,78,0.05200670101006268
46,4,10,150,78,0.11284514134893527
47,4,10,150,78,0.06250343848035038
48,4,10,150,78,0.0
49,4,10,150,78,0.0
50,4,10,150,78,0.0
51,4,10,150,78,0.16812753627111746
52,4,10,150,78,0.0
54,4,10,150,78,0.04843244625481133
56,4,10,150,78,0.20383503459815738
57,4,10,150,78,0.3030555992505742
58,4,10,150,78,0.3717269535737058
59,4,10,150,78,0.2708748840256518
60,4,10,150,78,0.1505674224523334
61,4,10,150,78,0.07763867093308688
62,4,10,150,78,0.10440036542861637
63,4,10,150,78,0.0
64,4,10,150,78,0.04238468688770069
65,4,10,150,78,0.13012668333070054
66,4,10,150,78,0.0
67,4,10,150,78,0.0
68,4,10,150,78,0.4827392464262081
69,4,10,150,78,0.07673373981757839
70,4,10,150,78,0.0
71,4,10,150,78,0.0
72,4,10,150,78,0.06094775325655553
73,4,10,150,78,0.0
74,4,10,150,78,0.0
75,4,10,150,78,0.049432410190049694
76,4,10,150,78,0.1301464707340554
77,4,10,150,78,0.10201115106436301
78,4,10,150,78,0.0
79,4,10,150,78,0.27487633291429087
80,4,10,150,78,0.0
81,4,10,150,78,0.0
82,4,10,150,78,0.19298623480417013
83,4,10,150,78,0.12089611529519323
84,4,10,150,78,0.05034889199379723
85,4,10,150,78,0.0
87,4,10,150,78,0.07100089300395272
89,4,10,150,78,0.2553387838830436
90,4,10,150,78,0.12160038777651704
91,4,10,150,78,0.05648147012627732
92,4,10,150,78,0.10542637391232386
93,4,10,150,78,0.0
94,4,10,150,78,0.1398942649682608
95,4,10,150,78,0.17287436926807473
96,4,10,150,78,0.10181164814261426
97,4,10,150,78,0.06462745615384195
98,4,10,150,78,0.0930297504356062
99,4,10,150,78,0.05658242244874664
100,4,10,150,78,0.0
101,4,10,150,78,0.0
102,4,10,150,78,0.02424726876918863
103,4,10,150,78,0.0
104,4,10,150,78,0.0
105,4,10,150,78,0.0
106,4,10,150,78,0.0
107,4,10,150,78,0.0
108,4,10,150,78,0.0
109,4,10,150,78,0.07103066762111539
110,4,10,150,78,0.0
111,4,10,150,78,0.0
112,4,10,150,78,0.05685954565780693
113,4,10,150,78,0.053168340515114924
114,4,10,150,78,0.0
115,4,10,150,78,0.10684080426179023
116,4,10,150,78,0.0
117,4,10,150,78,0.26646890433550474
118,4,10,150,78,0.0
119,4,10,150,78,0.2063582228182277
120,4,10,150,78,0.0
121,4,10,150,78,0.271985059917519
122,4,10,150,78,0.1530100230930498
123,4,10,150,78,0.07386004580671933
125,4,10,150,78,0.12702645795516354
126,4,10,150,78,0.06911917000496234
127,4,10,150,78,0.23132283185955704
128,4,10,150,78,0.0804528329814545
129,4,10,150,78,0.0
130,4,10,150,78,0.19839806705808383
131,4,10,150,78,0.06556385272536247
133,4,10,150,78,0.11047239495909743
134,4,10,150,78,0.0
135,4,10,150,78,0.0
137,4,10,150,78,0.1371200812351206
138,4,10,150,78,0.0
139,4,10,150,78,0.0
141,4,10,150,78,0.0
142,4,10,150,78,0.13373003436102654
143,4,10,150,78,0.1208996448617798
144,4,10,150,78,0.1227945149537572
145,4,10,150,78,0.1075804523117992
146,4,10,150,78,0.0
148,4,10,150,78,0.20254719486838738
149,4,10,150,78,0.0
150,4,10,150,78,0.10235170428306553
151,4,10,150,78,0.06298430394440727
152,4,10,150,78,0.040655755922716606
153,4,10,150,78,0.0
154,4,10,150,78,0.11753148666901318
155,4,10,150,78,0.0
156,4,10,150,78,0.0
158,4,10,150,78,0.17575552384613552
159,4,10,150,78,0.03310852000739229
160,4,10,150,78,0.0
161,4,10,150,78,0.0
162,4,10,150,78,0.04858102772529458
163,4,10,150,78,0.0
164,4,10,150,78,0.0
165,4,10,150,78,0.12114889742360979
166,4,10,150,78,0.0
167,4,10,150,78,0.06267320809766952
168,4,10,150,78,0.23504554941448536
169,4,10,150,78,0.06416923277158361
170,4,10,150,78,0.0
171,4,10,150,78,0.0
172,4,10,150,78,0.0
173,4,10,150,78,0.11302181651994404
174,4,10,150,78,0.08712841477105211
175,4,10,150,78,0.0
176,4,10,150,78,0.09511409151391914
177,4,10,150,78,0.06912040963822193
178,4,10,150,78,0.2437589399037192
179,4,10,150,78,0.06723507268634088
180,4,10,150,78,0.12262943855309168
181,4,10,150,78,0.062426915812405386
182,4,10,150,78,0.0
183,4,10,150,78,0.0
184,4,10,150,78,0.11356458502877588
185,4,10,150,78,0.07745351606183934
186,4,10,150,78,0.22147164648185297
187,4,10,150,78,0.08625091781054979
188,4,10,150,78,0.054384419234677496
189,4,10,150,78,0.23042891886703956
190,4,10,150,78,0.10699313236726378
191,4,10,150,78,0.0
192,4,10,150,78,0.0
193,4,10,150,78,0.0
194,4,10,150,78,0.09747680426009508
195,4,10,150,78,0.0
196,4,10,150,78,0.0
197,4,10,150,78,0.05576624569167862
198,4,10,150,78,0.0
199,4,10,150,78,0.0
200,4,10,150,78,0.1350618908658632
201,4,10,150,78,0.10763403601326355
203,4,10,150,78,0.0
204,4,10,150,78,0.0
205,4,10,150,78,0.0
206,4,10,150,78,0.0
207,4,10,150,78,0.07235021436558893
209,4,10,150,78,0.0
210,4,10,150,78,0.09440608278107551
211,4,10,150,78,0.0
212,4,10,150,78,0.12681701683239352
213,4,10,150,78,0.2384146878320104
214,4,10,150,78,0.056720838976548935
215,4,10,150,78,0.0
216,4,10,150,78,0.03497205398870122
217,4,10,150,78,0.0
218,4,10,150,78,0.19092086617893467
219,4,10,150,78,0.0
221,4,10,150,78,0.3375735570145491
222,4,10,150,78,0.12476107276951183
223,4,10,150,78,0.03870447337439288
224,4,10,150,78,0.0
225,4,10,150,78,0.0
226,4,10,150,78,0.08080765379783027
227,4,10,150,78,0.0
228,4,10,150,78,0.0
229,4,10,150,78,0.0
230,4,10,150,78,0.23712439662683835
231,4,10,150,78,0.0
232,4,10,150,78,0.3234992853586256
233,4,10,150,78,0.0968152409481219
234,4,10,150,78,0.09246514949439727
235,4,10,150,78,0.06065881345112158
236,4,10,150,78,0.0
237,4,10,150,78,0.0
238,4,10,150,78,0.0
239,4,10,150,78,0.11792279130466408
240,4,10,150,78,0.05497526658285817
242,4,10,150,78,0.0
243,4,10,150,78,0.09267768927614353
244,4,10,150,78,0.15765545519871427
245,4,10,150,78,0.10704534003732354
246,4,10,150,78,0.11120150311654428
247,4,10,150,78,0.0
248,4,10,150,78,0.14830051302014485
249,4,10,150,78,0.31180658179892495
250,4,10,150,78,0.3503302816689379
251,4,10,150,78,0.0
252,4,10,150,78,0.0
253,4,10,150,78,0.05954496680255472
254,4,10,150,78,0.0
255,4,10,150,78,0.0
256,4,10,150,78,0.16583176898817792
257,4,10,150,78,0.3305900772260718
258,4,10,150,78,0.07557488532248983
259,4,10,150,78,0.0
260,4,10,150,78,0.0
261,4,10,150,78,0.0
262,4,10,150,78,0.05029331645508228
263,4,10,150,78,0.12774011823457565
264,4,10,150,78,0.05840183867278569
265,4,10,150,78,0.10209739512291163
267,4,10,150,78,0.09794101962538232
268,4,10,150,78,0.14476191294501756
269,4,10,150,78,0.13223875150584097
270,4,10,150,78,0.046726672111120165
271,4,10,150,78,0.12276482551434069
272,4,10,150,78,0.14498698048571354
273,4,10,150,78,0.0
274,4,10,150,78,0.0
275,4,10,150,78,0.04605780568615433
276,4,10,150,78,0.20223032365941937
277,4,10,150,78,0.0
279,4,10,150,78,0.07923708494918187
280,4,10,150,78,0.03337620304869898
281,4,10,150,78,0.0
283,4,10,150,78,0.1292258709239571
284,4,10,150,78,0.0
285,4,10,150,78,0.1185995982858366
286,4,10,150,78,0.31887623993711317
287,4,10,150,78,0.11352455583778437
288,4,10,150,78,0.12538054736008386
289,4,10,150,78,0.13905617951077562
290,4,10,150,78,0.0
291,4,10,150,78,0.23494592513118112
292,4,10,150,78,0.08933583385868532
293,4,10,150,78,0.2344161202530718
294,4,10,150,78,0.04123398036294628
295,4,10,150,78,0.2670961153715764
296,4,10,150,78,0.5087533365407171
297,4,10,150,78,0.13535082686131417
298,4,10,150,78,0.19947114504638494
299,4,10,150,78,0.0
300,4,10,150,78,0.0
301,4,10,150,78,0.047934103497110726
303,4,10,150,78,0.11577931806589845
304,4,10,150,78,0.0
305,4,10,150,78,0.31514747987601716
306,4,10,150,78,0.0
307,4,10,150,78,0.1383141340724969
308,4,10,150,78,0.19205342317019936
309,4,10,150,78,0.0
310,4,10,150,78,0.0
311,4,10,150,78,0.08938791352906189
312,4,10,150,78,0.14069579419580536
313,4,10,150,78,0.14465709645474623
314,4,10,150,78,0.20285519102295546
315,4,10,150,78,0.0
316,4,10,150,78,0.04568304891751105
317,4,10,150,78,0.0
318,4,10,150,78,0.13815200906377123
319,4,10,150,78,0.0
320,4,10,150,78,0.0
321,4,10,150,78,0.062242588308449316
322,4,10,150,78,0.17342765698823945
323,4,10,150,78,0.14126697285982898
324,4,10,150,78,0.03555702818464106
325,4,10,150,78,0.0
326,4,10,150,78,0.0634222181618871
327,4,10,150,78,0.04302935573946656
328,4,10,150,78,0.1437524526514495
329,4,10,150,78,0.0
330,4,10,150,78,0.0536466452928127
331,4,10,150,78,0.16958010263680806
332,4,10,150,78,0.046679707512804314
333,4,10,150,78,0.0
334,4,10,150,78,0.0858345406672181
336,4,10,150,78,0.0
337,4,10,150,78,0.16716045496620227
338,4,10,150,78,0.05005165434923901
339,4,10,150,78,0.1344957225763306
340,4,10,150,78,0.0
341,4,10,150,78,0.0
342,4,10,150,78,0.2625072992734236
343,4,10,150,78,0.28732332399638805
344,4,10,150,78,0.23832550406045652
345,4,10,150,78,0.056149696530797676
346,4,10,150,78,0.13947804593499064
347,4,10,150,78,0.11116062301189339
348,4,10,150,78,0.071942683897578
349,4,10,150,78,0.07673373981757839
350,4,10,150,78,0.2065896325117088
351,4,10,150,78,0.0
352,4,10,150,78,0.0
353,4,10,150,78,0.0
354,4,10,150,78,0.051249224710132255
355,4,10,150,78,0.0
356,4,10,150,78,0.08406376813555873
357,4,10,150,78,0.05006331611131463
358,4,10,150,78,0.20438239758848611
359,4,10,150,78,0.0
360,4,10,150,78,0.09491042451242505
361,4,10,150,78,0.09622728274290568
362,4,10,150,78,0.0
363,4,10,150,78,0.21862978877358352
364,4,10,150,78,0.0
365,4,10,150,78,0.0
366,4,10,150,78,0.0
367,4,10,150,78,0.07630862162354303
368,4,10,150,78,0.0
369,4,10,150,78,0.0
370,4,10,150,78,0.13479984916817475
371,4,10,150,78,0.22569563125869263
372,4,10,150,78,0.0
373,4,10,150,78,0.08627719815628208
374,4,10,150,78,0.06834943074719504
375,4,10,150,78,0.0
376,4,10,150,78,0.0
377,4,10,150,78,0.08010929472340098
378,4,10,150,78,0.17937057950814977
379,4,10,150,78,0.14951641492682458
380,4,10,150,78,0.0
381,4,10,150,78,0.09118180877280627
382,4,10,150,78,0.0
383,4,10,150,78,0.04838338183089434
384,4,10,150,78,0.0
385,4,10,150,78,0.0
386,4,10,150,78,0.0
387,4,10,150,78,0.11497906462099297
388,4,10,150,78,0.04511904280884329
389,4,10,150,78,0.17394090433083284
390,4,10,150,78,0.0
391,4,10,150,78,0.2137247802747043
392,4,10,150,78,0.056679935917756406
393,4,10,150,78,0.054235696447924676
394,4,10,150,78,0.11073655428626575
395,4,10,150,78,0.09179488000267515
396,4,10,150,78,0.0
397,4,10,150,78,0.2710147943938467
398,4,10,150,78,0.18852571653533698
399,4,10,150,78,0.07594334672458623
400,4,10,150,78,0.0
401,4,10,150,78,0.0
402,4,10,150,78,0.08963222225173058
403,4,10,150,78,0.0854499779566911
404,4,10,150,78,0.0
405,4,10,150,78,0.06667735269275575
406,4,10,150,78,0.20956416940551098
407,4,10,150,78,0.06232415948793755
408,4,10,150,78,0.0
409,4,10,150,78,0.12740448328320192
410,4,10,150,78,0.0
411,4,10,150,78,0.0
412,4,10,150,78,0.0
413,4,10,150,78,0.041646268351119564
414,4,10,150,78,0.0
415,4,10,150,78,0.15103391472831218
416,4,10,150,78,0.2200039995691806
417,4,10,150,78,0.09850508837083022
418,4,10,150,78,0.0
419,4,10,150,78,0.1208113026994942
420,4,10,150,78,0.06052048269976269
421,4,10,150,78,0.19620555836557932
422,4,10,150,78,0.07550298029238112
423,4,10,150,78,0.053845569940583225
424,4,10,150,78,0.2766918177656049
425,4,10,150,78,0.1674157226455415
426,4,10,150,78,0.040759261617270684
427,4,10,150,78,0.07466168586864165
428,4,10,150,78,0.04415960465480069
429,4,10,150,78,0.14355264986043786
430,4,10,150,78,0.0
431,4,10,150,78,0.0
432,4,10,150,78,0.05789711601244791
433,4,10,150,78,0.05780921899607981
434,4,10,150,78,0.2562151231304954
435,4,10,150,78,0.17195543683824452
436,4,10,150,78,0.0
437,4,10,150,78,0.1246139643684977
438,4,10,150,78,0.0
439,4,10,150,78,0.10863976191957724
440,4,10,150,78,0.0
441,4,10,150,78,0.07736100002633538
442,4,10,150,78,0.040949887133979804
443,4,10,150,78,0.06783204105472322
444,4,10,150,78,0.1312721899408984
445,4,10,150,78,0.0
446,4,10,150,78,0.0
447,4,10,150,78,0.16246725303708914
448,4,10,150,78,0.0
449,4,10,150,78,0.1882329728596757
450,4,10,150,78,0.24874657705827097
451,4,10,150,78,0.06148915918944534
452,4,10,150,78,0.10773098771530253
453,4,10,150,78,0.0
454,4,10,150,78,0.0
455,4,10,150,78,0.0962493458910181
456,4,10,150,78,0.018650043077523788
457,4,10,150,78,0.31128444613224265
458,4,10,150,78,0.06982799741808067
459,4,10,150,78,0.0
460,4,10,150,78,0.05184030722866645
461,4,10,150,78,0.05428363317977833
462,4,10,150,78,0.0
463,4,10,150,78,0.11987424504051505
464,4,10,150,78,0.0
465,4,10,150,78,0.0
466,4,10,150,78,0.0
467,4,10,150,78,0.07807600999842033
468,4,10,150,78,0.11455543964849552
469,4,10,150,78,0.05165643482805862
470,4,10,150,78,0.0
471,4,10,150,78,0.0
472,4,10,150,78,0.1195980915282009
473,4,10,150,78,0.06140244428718695
474,4,10,150,78,0.24593822460513717
475,4,10,150,78,0.0
476,4,10,150,78,0.0
477,4,10,150,78,0.0
478,4,10,150,78,0.2345109835167376
479,4,10,150,78,0.10172348796286074
480,4,10,150,78,0.0741070054529978
481,4,10,150,78,0.13102204196909084
482,4,10,150,78,0.0
483,4,10,150,78,0.05658242244874664
484,4,10,150,78,0.29539974213048126
485,4,10,150,78,0.0
486,4,10,150,78,0.0
487,4,10,150,78,0.09557986065110975
488,4,10,150,78,0.0
489,4,10,150,78,0.02196588169196602
490,4,10,150,78,0.0
491,4,10,150,78,0.14208678740137623
492,4,10,150,78,0.0
493,4,10,150,78,0.1475552329391869
494,4,10,150,78,0.0
495,4,10,150,78,0.16394836376720962
496,4,10,150,78,0.08659863258371955
497,4,10,150,78,0.08955573351991261
498,4,10,150,78,0.0
499,4,10,150,78,0.05075938465928585
500,4,10,150,78,0.09541527213731128
501,4,10,150,78,0.0
502,4,10,150,78,0.0
503,4,10,150,78,0.0873154783867225
504,4,10,150,78,0.08148269775823089
505,4,10,150,78,0.07379217622092994
506,4,10,150,78,0.18325792458363765
507,4,10,150,78,0.05319635904163211
508,4,10,150,78,0.0
509,4,10,150,78,0.0
510,4,10,150,78,0.0
511,4,10,150,78,0.08495943917278885
512,4,10,150,78,0.05478392673173268
513,4,10,150,78,0.0
514,4,10,150,78,0.27252722616773445
515,4,10,150,78,0.11706259313796354
516,4,10,150,78,0.0
517,4,10,150,78,0.08878770367712427
518,4,10,150,78,0.0
519,4,10,150,78,0.0
520,4,10,150,78,0.0
521,4,10,150,78,0.09850628252086785
522,4,10,150,78,0.16015986784807879
523,4,10,150,78,0.05782495986511108
524,4,10,150,78,0.1283825351773177
525,4,10,150,78,0.0
526,4,10,150,78,0.15355181494703254
527,4,10,150,78,0.1636135858112592
528,4,10,150,78,0.10209739512291163
529,4,10,150,78,0.0
530,4,10,150,78,0.0
531,4,10,150,78,0.1517763576041802
532,4,10,150,78,0.2751056785549508
533,4,10,150,78,0.11557545112991054
534,4,10,150,78,0.12913418894806108
535,4,10,150,78,0.13889821983463596
536,4,10,150,78,0.15105160768725473
537,4,10,150,78,0.31737262658397847
538,4,10,150,78,0.14697776980950736
539,4,10,150,78,0.08229481249254499
540,4,10,150,78,0.0
541,4,10,150,78,0.0586415067779619
542,4,10,150,78,0.049033875503285806
543,4,10,150,78,0.04953295293703468
544,4,10,150,78,0.05282936728943967
545,4,10,150,78,0.02244213465825961
546,4,10,150,78,0.05758752804519195
547,4,10,150,78,0.0
548,4,10,150,78,0.12908029235254362
549,4,10,150,78,0.0
550,4,10,150,78,0.04785685030080952
551,4,10,150,78,0.0910925691220798
552,4,10,150,78,0.1205344274731702
553,4,10,150,78,0.07411563356774664
554,4,10,150,78,0.12627825946936164
555,4,10,150,78,0.0
556,4,10,150,78,0.07660623398069263
557,4,10,150,78,0.031742154565302834
558,4,10,150,78,0.08878770367712427
559,4,10,150,78,0.09986350037763675
560,4,10,150,78,0.09375790921485552
561,4,10,150,78,0.13342058963615733
562,4,10,150,78,0.07930308311174379
563,4,10,150,78,0.0
564,4,10,150,78,0.15437610727371853
565,4,10,150,78,0.0
566,4,10,150,78,0.03579489106983033
567,4,10,150,78,0.1471381878632886
568,4,10,150,78,0.036155150901276155
569,4,10,150,78,0.18299769260789403
570,4,10,150,78,0.0
571,4,10,150,78,0.04988426711147283
572,4,10,150,78,0.16812753627111746
573,4,10,150,78,0.06437746926759551
574,4,10,150,78,0.051811563545175146
575,4,10,150,78,0.0
576,4,10,150,78,0.0
577,4,10,150,78,0.20541190363713152
578,4,10,150,78,0.05006331611131463
579,4,10,150,78,0.0
580,4,10,150,78,0.1471734367352052
581,4,10,150,78,0.14348105418014392
582,4,10,150,78,0.03190895161277091
583,4,10,150,78,0.0
584,4,10,150,78,0.06323567569191428
585,4,10,150,78,0.04173963774222741
586,4,10,150,78,0.05786021189691368
587,4,10,150,78,0.019492972026130224
588,4,10,150,78,0.14934904111986536
589,4,10,150,78,0.0
590,4,10,150,78,0.053845569940583225
591,4,10,150,78,0.0
592,4,10,150,78,0.3130557619892311
593,4,10,150,78,0.07711036365720102
594,4,10,150,78,0.044551000676675064
595,4,10,150,78,0.10296141646738245
596,4,10,150,78,0.0
597,4,10,150,78,0.27101620591530523
598,4,10,150,78,0.0684591776394769
599,4,10,150,78,0.0
600,4,10,150,78,0.09197011795311534
601,4,10,150,78,0.0
602,4,10,150,78,0.0
603,4,10,150,78,0.0
604,4,10,150,78,0.0
605,4,10,150,78,0.26275270116262744
606,4,10,150,78,0.16168049407206384
607,4,10,150,78,0.08673473912838402
608,4,10,150,78,0.12209659098915113
609,4,10,150,78,0.0
610,4,10,150,78,0.2146842601596213
611,4,10,150,78,0.07624568872860434
612,4,10,150,78,0.0
613,4,10,150,78,0.08385150490449667
614,4,10,150,78,0.0
615,4,10,150,78,0.04919117729584568
616,4,10,150,78,0.03618657486793958
617,4,10,150,78,0.0
618,4,10,150,78,0.1281253572826617
619,4,10,150,78,0.12363660028711727
620,4,10,150,78,0.159486715201797
621,4,10,150,78,0.11278207190006835
622,4,10,150,78,0.18241748250491993
623,4,10,150,78,0.17494254380936963
624,4,10,150,78,0.06626749824739844
625,4,10,150,78,0.0
626,4,10,150,78,0.06228974831361337
627,4,10,150,78,0.06945233499530101
628,4,10,150,78,0.0
629,4,10,150,78,0.1761343378337656
630,4,10,150,78,0.15874779570678058
631,4,10,150,78,0.0
632,4,10,150,78,0.12112269717167994
633,4,10,150,78,0.11499138576948859
634,4,10,150,78,0.022104381789790163
635,4,10,150,78,0.04546401530948942
636,4,10,150,78,0.11426572661305327
637,4,10,150,78,0.01928973283308616
638,4,10,150,78,0.09712868482236708
639,4,10,150,78,0.03138892079718151
640,4,10,150,78,0.10536866733091729
641,4,10,150,78,0.07675099783970546
642,4,10,150,78,0.12716829000393493
643,4,10,150,78,0.11071279041815515
644,4,10,150,78,0.04935421935348238
645,4,10,150,78,0.17581821458755492
646,4,10,150,78,0.0
647,4,10,150,78,0.05363388010108191
648,4,10,150,78,0.12324302708063786
649,4,10,150,78,0.15489949502599
650,4,10,150,78,0.09618036612942144
651,4,10,150,78,0.0
652,4,10,150,78,0.08156220960446063
653,4,10,150,78,0.09385622550959263
654,4,10,150,78,0.21255442687635834
655,4,10,150,78,0.2534873498530053
656,4,10,150,78,0.07397229644086958
657,4,10,150,78,0.04140815094666367
658,4,10,150,78,0.2625403796417579
659,4,10,150,78,0.08781544355121487
660,4,10,150,78,0.10085647425542008
661,4,10,150,78,0.08605775303302886
662,4,10,150,78,0.0512644431393966
663,4,10,150,78,0.24026856780584893
664,4,10,150,78,0.28517362059082263
665,4,10,150,78,0.0
666,4,10,150,78,0.16494699316799186
667,4,10,150,78,0.31347596517570553
668,4,10,150,78,0.06194403202282284
669,4,10,150,78,0.1348578320198433
670,4,10,150,78,0.09267469812912739
671,4,10,150,78,0.20819966483156851
672,4,10,150,78,0.03603026685992244
673,4,10,150,78,0.14837758007547783
674,4,10,150,78,0.11338915993603582
675,4,10,150,78,0.0
676,4,10,150,78,0.19009456031551833
677,4,10,150,78,0.03314040476303028
678,4,10,150,78,0.03824432123396675
679,4,10,150,78,0.15527711509166947
680,4,10,150,78,0.11377863936243801
681,4,10,150,78,0.0
682,4,10,150,78,0.14093177505695684
683,4,10,150,78,0.0
684,4,10,150,78,0.06573003977381581
685,4,10,150,78,0.1906465758273748
686,4,10,150,78,0.1682282387290392
687,4,10,150,78,0.0
688,4,10,150,78,0.08840257630093261
689,4,10,150,78,0.21046485047453145
690,4,10,150,78,0.12222352404401943
691,4,10,150,78,0.09842092178212862
692,4,10,150,78,0.1753901755134814
693,4,10,150,78,0.0
694,4,10,150,78,0.2448812985235888
695,4,10,150,78,0.0
696,4,10,150,78,0.039725595076707886
697,4,10,150,78,0.04239477130634912
698,4,10,150,78,0.041937660325009396
699,4,10,150,78,0.06339169989706635
700,4,10,150,78,0.12729890218214104
701,4,10,150,78,0.11497698281480273
702,4,10,150,78,0.037715680681715956
703,4,10,150,78,0.11918688501400482
704,4,10,150,78,0.2553105266507764
705,4,10,150,78,0.22667088038444094
706,4,10,150,78,0.04395738023645723
707,4,10,150,78,0.054247214548057004
708,4,10,150,78,0.08885812311565845
709,4,10,150,78,0.13472082394875662
710,4,10,150,78,0.10695361352497157
711,4,10,150,78,0.18133007201622714
712,4,10,150,78,0.15511023313323485
713,4,10,150,78,0.1468735732232516
714,4,10,150,78,0.03441184191455828
715,4,10,150,78,0.0
716,4,10,150,78,0.20355141927817214
717,4,10,150,78,0.09054670163637572
718,4,10,150,78,0.035328385129692476
719,4,10,150,78,0.09883437846193516
720,4,10,150,78,0.0
721,4,10,150,78,0.1850388725092322
722,4,10,150,78,0.06556429791586475
723,4,10,150,78,0.0
724,4,10,150,78,0.0
725,4,10,150,78,0.0
726,4,10,150,78,0.05010834716923557
727,4,10,150,78,0.13139262951976274
728,4,10,150,78,0.09627818061559096
729,4,10,150,78,0.03522636359408964
730,4,10,150,78,0.02601736765943984
731,4,10,150,78,0.14717311932656024
732,4,10,150,78,0.0
733,4,10,150,78,0.14514596345398123
734,4,10,150,78,0.0
735,4,10,150,78,0.0
736,4,10,150,78,0.03351972906068008
737,4,10,150,78,0.1138970555583582
738,4,10,150,78,0.13922998739868644
739,4,10,150,78,0.03855307727568851
740,4,10,150,78,0.0
741,4,10,150,78,0.05358697798864893
742,4,10,150,78,0.0488929053971083
743,4,10,150,78,0.0690623255281084
744,4,10,150,78,0.03596673601130318
745,4,10,150,78,0.03520132288421838
746,4,10,150,78,0.25743994347908983
747,4,10,150,78,0.41031628625410954
748,4,10,150,78,0.09621648119325965
749,4,10,150,78,0.12903556691030657
750,4,10,150,78,0.07184731398235064
751,4,10,150,78,0.08554799479006837
752,4,10,150,78,0.04389473417066348
753,4,10,150,78,0.15780803084928155
754,4,10,150,78,0.0
755,4,10,150,78,0.03855371268423985
756,4,10,150,78,0.031104745345423533
757,4,10,150,78,0.02032489047902012
758,4,10,150,78,0.2518613799492458
759,4,10,150,78,0.11006100937916612
760,4,10,150,78,0.03004859059698017
761,4,10,150,78,0.06869287000000811
762,4,10,150,78,0.051960280791503534
763,4,10,150,78,0.05892228941894017
764,4,10,150,78,0.08946696896639536
765,4,10,150,78,0.15066101840234988
766,4,10,150,78,0.03443306895956307
767,4,10,150,78,0.13884445379214724
768,4,10,150,78,0.08438032815655525
769,4,10,150,78,0.0
770,4,10,150,78,0.21464739068424896
771,4,10,150,78,0.32869562799119006
772,4,10,150,78,0.17356150297482983
773,4,10,150,78,0.08696710392235718
774,4,10,150,78,0.05428036131846906
775,4,10,150,78,0.038478285726379145
776,4,10,150,78,0.15403842856019037
777,4,10,150,78,0.0
778,4,10,150,78,0.1631238413472767
779,4,10,150,78,0.0
780,4,10,150,78,0.09911168261706653
781,4,10,150,78,0.2016539629141292
782,4,10,150,78,0.03743832410382905
783,4,10,150,78,0.0
784,4,10,150,78,0.029814614753779622
785,4,10,150,78,0.0
786,4,10,150,78,0.0
787,4,10,150,78,0.0
788,4,10,150,78,0.22819766326537042
789,4,10,150,78,0.08809718769055445
790,4,10,150,78,0.027910820304637547
791,4,10,150,78,0.04465281017341861
792,4,10,150,78,0.08944329533390502
793,4,10,150,78,0.0
794,4,10,150,78,0.04108065887337468
795,4,10,150,78,0.034092229848757476
796,4,10,150,78,0.33352749246500873
797,4,10,150,78,0.11278903329502893
798,4,10,150,78,0.035947766715915576
799,4,10,150,78,0.0
800,4,10,150,78,0.06097304495209779
801,4,10,150,78,0.1561471668577559
802,4,10,150,78,0.06960082070980815
803,4,10,150,78,0.10569353498973794
804,4,10,150,78,0.11669640966375348
805,4,10,150,78,0.10236250392059498
806,4,10,150,78,0.2959152150106387
807,4,10,150,78,0.11192367785614404
808,4,10,150,78,0.1025417224926713
809,4,10,150,78,0.10356976056061801
810,4,10,150,78,0.05986794407701488
811,4,10,150,78,0.0
812,4,10,150,78,0.09594989011285139
813,4,10,150,78,0.0
814,4,10,150,78,0.034616222155696735
815,4,10,150,78,0.18660881389796213
816,4,10,150,78,0.0
817,4,10,150,78,0.0
818,4,10,150,78,0.05516788910004661
819,4,10,150,78,0.037210602758860095
820,4,10,150,78,0.0787987754690289
821,4,10,150,78,0.302950268110492
822,4,10,150,78,0.028653609888707104
823,4,10,150,78,0.18742004588335676
824,4,10,150,78,0.05046096657376444
825,4,10,150,78,0.08238190489603152
826,4,10,150,78,0.17593166652195671
827,4,10,150,78,0.0
828,4,10,150,78,0.05745618865524075
829,4,10,150,78,0.1751347628439014
830,4,10,150,78,0.21673727180406585
831,4,10,150,78,0.21058943716644085
832,4,10,150,78,0.0
833,4,10,150,78,0.14903461093124096
834,4,10,150,78,0.2706897351446418
835,4,10,150,78,0.1997297127887765
836,4,10,150,78,0.20050437359357948
837,4,10,150,78,0.05665916465450996
838,4,10,150,78,0.27895398740912175
839,4,10,150,78,0.10730655186373157
840,4,10,150,78,0.3283225054616326
841,4,10,150,78,0.06507217400164225
842,4,10,150,78,0.03947561302344988
843,4,10,150,78,0.009038363563941257
844,4,10,150,78,0.05872188515498603
845,4,10,150,78,0.0
846,4,10,150,78,0.356339367393663
847,4,10,150,78,0.05107153900660915
848,4,10,150,78,0.08171518501440664
849,4,10,150,78,0.07738342520054953
850,4,10,150,78,0.29160326485645294
851,4,10,150,78,0.06928525489156938
852,4,10,150,78,0.26227118260874954
853,4,10,150,78,0.0
854,4,10,150,78,0.04626812786720784
855,4,10,150,78,0.0
856,4,10,150,78,0.037110354711564805
857,4,10,150,78,0.0
858,4,10,150,78,0.10250982096838526
859,4,10,150,78,0.05070263548706836
860,4,10,150,78,0.10848832312989015
861,4,10,150,78,0.06460834446248033
862,4,10,150,78,0.1056243612971947
863,4,10,150,78,0.06336841123297353
864,4,10,150,78,0.38237561093154715
865,4,10,150,78,0.09772208899610854
866,4,10,150,78,0.16283687678415507
867,4,10,150,78,0.19922646846196726
868,4,10,150,78,0.19793525901581246
869,4,10,150,78,0.0587446084443979
870,4,10,150,78,0.23312988626838593
871,4,10,150,78,0.07012986265386374
872,4,10,150,78,0.02804794621397926
873,4,10,150,78,0.0
874,4,10,150,78,0.13944914190808633
875,4,10,150,78,0.15950125360109937
876,4,10,150,78,0.08671382849411972
877,4,10,150,78,0.0835317778614811
878,4,10,150,78,0.1706804422753891
879,4,10,150,78,0.03963466998423315
880,4,10,150,78,0.3189886129008787
881,4,10,150,78,0.09938416515223139
882,4,10,150,78,0.21288820648214166
883,4,10,150,78,0.2849070612425691
884,4,10,150,78,0.11407805705099587
885,4,10,150,78,0.04536087033637415
886,4,10,150,78,0.16960783567193494
887,4,10,150,78,0.10214828088611402
888,4,10,150,78,0.11625487663628292
889,4,10,150,78,0.009947041457953203
890,4,10,150,78,0.11434431442033766
891,4,10,150,78,0.10491091696774645
892,4,10,150,78,0.2477319032927345
893,4,10,150,78,0.12806369532588527
894,4,10,150,78,0.10279538601947906
895,4,10,150,78,0.0
896,4,10,150,78,0.2763821170661939
897,4,10,150,78,0.3071672815592065
898,4,10,150,78,0.0
899,4,10,150,78,0.05684415375822261
900,4,10,150,78,0.055315677011973347
901,4,10,150,78,0.21968803523715988
902,4,10,150,78,0.05978585424799658
903,4,10,150,78,0.24651430146847014
904,4,10,150,78,0.0
905,4,10,150,78,0.0
906,4,10,150,78,0.10407444169186962
907,4,10,150,78,0.058866326113661355
908,4,10,150,78,0.06892767477436933
909,4,10,150,78,0.0
910,4,10,150,78,0.02138152805479416
911,4,10,150,78,0.14690565417489143
912,4,10,150,78,0.17642343579737088
913,4,10,150,78,0.07219927248779984
914,4,10,150,78,0.0
915,4,10,150,78,0.0
916,4,10,150,78,0.21878498574197047
917,4,10,150,78,0.0
918,4,10,150,78,0.043627084055128
919,4,10,150,78,0.08767945457854297
920,4,10,150,78,0.0
921,4,10,150,78,0.15405864814296488
922,4,10,150,78,0.1280645281724967
923,4,10,150,78,0.04031825574984845
924,4,10,150,78,0.018280262702529162
925,4,10,150,78,0.0
926,4,10,150,78,0.0
927,4,10,150,78,0.09447575046156538
928,4,10,150,78,0.1873259908039563
929,4,10,150,78,0.25163227912988373
930,4,10,150,78,0.032298243696638564
931,4,10,150,78,0.08679587898287541
932,4,10,150,78,0.26581896687705886
933,4,10,150,78,0.12577023885221503
934,4,10,150,78,0.10071040486185964
935,4,10,150,78,0.04173963774222741
936,4,10,150,78,0.1321191921354211
937,4,10,150,78,0.0
938,4,10,150,78,0.1661428141234511
939,4,10,150,78,0.02916862694666808
940,4,10,150,78,0.050684733114198
941,4,10,150,78,0.0
942,4,10,150,78,0.10504870308911567
943,4,10,150,78,0.20163692230838232
1,4,10,150,79,0.4058715898896693
2,4,10,150,79,0.06250343848035038
3,4,10,150,79,0.0
4,4,10,150,79,0.0
5,4,10,150,79,0.040209635547393256
6,4,10,150,79,0.27020011346731576
7,4,10,150,79,0.33622203315690036
8,4,10,150,79,0.0
9,4,10,150,79,0.21840743681816419
10,4,10,150,79,0.21491451057814584
11,4,10,150,79,0.1722584975122812
12,4,10,150,79,0.0
13,4,10,150,79,0.23354755242906122
14,4,10,150,79,0.03963175841995263
15,4,10,150,79,0.05010834716923557
16,4,10,150,79,0.053168340515114924
17,4,10,150,79,0.06267320809766952
18,4,10,150,79,0.2651132679673976
19,4,10,150,79,0.0
20,4,10,150,79,0.0
21,4,10,150,79,0.0
22,4,10,150,79,0.11702382382650763
23,4,10,150,79,0.23682446174402746
24,4,10,150,79,0.0
25,4,10,150,79,0.12358102547512423
26,4,10,150,79,0.0
27,4,10,150,79,0.0
28,4,10,150,79,0.0
29,4,10,150,79,0.13455232720853103
30,4,10,150,79,0.0
31,4,10,150,79,0.0
32,4,10,150,79,0.0
33,4,10,150,79,0.0
35,4,10,150,79,0.10523285614729473
36,4,10,150,79,0.0
37,4,10,150,79,0.0
38,4,10,150,79,0.04739418218477539
39,4,10,150,79,0.0
40,4,10,150,79,0.10558114683788161
41,4,10,150,79,0.0
42,4,10,150,79,0.0683037314796457
43,4,10,150,79,0.22592974817952552
44,4,10,150,79,0.2044921015662719
45,4,10,150,79,0.05200670101006268
46,4,10,150,79,0.11284514134893527
47,4,10,150,79,0.06250343848035038
48,4,10,150,79,0.0
49,4,10,150,79,0.0
50,4,10,150,79,0.0
51,4,10,150,79,0.16812753627111746
52,4,10,150,79,0.0
54,4,10,150,79,0.04843244625481133
56,4,10,150,79,0.20383503459815738
57,4,10,150,79,0.3030555992505742
58,4,10,150,79,0.3717269535737058
59,4,10,150,79,0.2708748840256518
60,4,10,150,79,0.1505674224523334
61,4,10,150,79,0.07763867093308688
62,4,10,150,79,0.10440036542861637
63,4,10,150,79,0.0
64,4,10,150,79,0.04238468688770069
65,4,10,150,79,0.13012668333070054
66,4,10,150,79,0.0
67,4,10,150,79,0.0
68,4,10,150,79,0.4827392464262081
69,4,10,150,79,0.07673373981757839
70,4,10,150,79,0.0
71,4,10,150,79,0.0
72,4,10,150,79,0.09048427472954688
73,4,10,150,79,0.0
74,4,10,150,79,0.0
75,4,10,150,79,0.049432410190049694
76,4,10,150,79,0.1301464707340554
77,4,10,150,79,0.10201115106436301
78,4,10,150,79,0.0
79,4,10,150,79,0.3183561588137008
80,4,10,150,79,0.0
81,4,10,150,79,0.0
82,4,10,150,79,0.19298623480417013
83,4,10,150,79,0.12089611529519323
84,4,10,150,79,0.05034889199379723
85,4,10,150,79,0.0
87,4,10,150,79,0.07100089300395272
89,4,10,150,79,0.2553387838830436
90,4,10,150,79,0.12160038777651704
91,4,10,150,79,0.05648147012627732
92,4,10,150,79,0.10542637391232386
93,4,10,150,79,0.0
94,4,10,150,79,0.1398942649682608
95,4,10,150,79,0.17287436926807473
96,4,10,150,79,0.10181164814261426
97,4,10,150,79,0.06462745615384195
98,4,10,150,79,0.0930297504356062
99,4,10,150,79,0.05658242244874664
100,4,10,150,79,0.0
101,4,10,150,79,0.0
102,4,10,150,79,0.02424726876918863
103,4,10,150,79,0.0
104,4,10,150,79,0.0
105,4,10,150,79,0.0
106,4,10,150,79,0.0
107,4,10,150,79,0.0
108,4,10,150,79,0.0
109,4,10,150,79,0.07103066762111539
110,4,10,150,79,0.0
111,4,10,150,79,0.0
112,4,10,150,79,0.05685954565780693
113,4,10,150,79,0.053168340515114924
114,4,10,150,79,0.0
115,4,10,150,79,0.10684080426179023
116,4,10,150,79,0.0
117,4,10,150,79,0.26646890433550474
118,4,10,150,79,0.0
119,4,10,150,79,0.2063582228182277
120,4,10,150,79,0.0
121,4,10,150,79,0.271985059917519
122,4,10,150,79,0.1530100230930498
123,4,10,150,79,0.07386004580671933
125,4,10,150,79,0.12702645795516354
126,4,10,150,79,0.06911917000496234
127,4,10,150,79,0.23132283185955704
128,4,10,150,79,0.0804528329814545
129,4,10,150,79,0.0
130,4,10,150,79,0.19839806705808383
131,4,10,150,79,0.06556385272536247
133,4,10,150,79,0.11047239495909743
134,4,10,150,79,0.0
135,4,10,150,79,0.0
137,4,10,150,79,0.1371200812351206
138,4,10,150,79,0.0
139,4,10,150,79,0.0
141,4,10,150,79,0.0
142,4,10,150,79,0.13373003436102654
143,4,10,150,79,0.1208996448617798
144,4,10,150,79,0.1227945149537572
145,4,10,150,79,0.1075804523117992
146,4,10,150,79,0.0
148,4,10,150,79,0.20254719486838738
149,4,10,150,79,0.0
150,4,10,150,79,0.10235170428306553
151,4,10,150,79,0.06298430394440727
152,4,10,150,79,0.040655755922716606
153,4,10,150,79,0.0
154,4,10,150,79,0.11753148666901318
155,4,10,150,79,0.0
156,4,10,150,79,0.0
158,4,10,150,79,0.17575552384613552
159,4,10,150,79,0.03310852000739229
160,4,10,150,79,0.0
161,4,10,150,79,0.0
162,4,10,150,79,0.04858102772529458
163,4,10,150,79,0.0
164,4,10,150,79,0.0
165,4,10,150,79,0.12114889742360979
166,4,10,150,79,0.0
167,4,10,150,79,0.06267320809766952
168,4,10,150,79,0.23504554941448536
169,4,10,150,79,0.06416923277158361
170,4,10,150,79,0.0
171,4,10,150,79,0.0
172,4,10,150,79,0.0
173,4,10,150,79,0.11302181651994404
174,4,10,150,79,0.08712841477105211
175,4,10,150,79,0.0
176,4,10,150,79,0.09511409151391914
177,4,10,150,79,0.06912040963822193
178,4,10,150,79,0.2437589399037192
179,4,10,150,79,0.06723507268634088
180,4,10,150,79,0.12262943855309168
181,4,10,150,79,0.062426915812405386
182,4,10,150,79,0.0
183,4,10,150,79,0.0
184,4,10,150,79,0.11356458502877588
185,4,10,150,79,0.07745351606183934
186,4,10,150,79,0.22147164648185297
187,4,10,150,79,0.08625091781054979
188,4,10,150,79,0.054384419234677496
189,4,10,150,79,0.23042891886703956
190,4,10,150,79,0.10699313236726378
191,4,10,150,79,0.0
192,4,10,150,79,0.0
193,4,10,150,79,0.0
194,4,10,150,79,0.09747680426009508
195,4,10,150,79,0.0
196,4,10,150,79,0.0
197,4,10,150,79,0.05576624569167862
198,4,10,150,79,0.0
199,4,10,150,79,0.0
200,4,10,150,79,0.1350618908658632
201,4,10,150,79,0.10763403601326355
203,4,10,150,79,0.0
204,4,10,150,79,0.0
205,4,10,150,79,0.0
206,4,10,150,79,0.0
207,4,10,150,79,0.09412450373990706
209,4,10,150,79,0.0
210,4,10,150,79,0.09440608278107551
211,4,10,150,79,0.0
212,4,10,150,79,0.12681701683239352
213,4,10,150,79,0.2384146878320104
214,4,10,150,79,0.056720838976548935
215,4,10,150,79,0.0
216,4,10,150,79,0.03497205398870122
217,4,10,150,79,0.0
218,4,10,150,79,0.19092086617893467
219,4,10,150,79,0.0
221,4,10,150,79,0.3375735570145491
222,4,10,150,79,0.12476107276951183
223,4,10,150,79,0.03870447337439288
224,4,10,150,79,0.0
225,4,10,150,79,0.0
226,4,10,150,79,0.08080765379783027
227,4,10,150,79,0.0
228,4,10,150,79,0.0
229,4,10,150,79,0.0
230,4,10,150,79,0.23712439662683835
231,4,10,150,79,0.0
232,4,10,150,79,0.3234992853586256
233,4,10,150,79,0.0968152409481219
234,4,10,150,79,0.10649253808515176
235,4,10,150,79,0.06065881345112158
236,4,10,150,79,0.0
237,4,10,150,79,0.0
238,4,10,150,79,0.0
239,4,10,150,79,0.11792279130466408
240,4,10,150,79,0.05497526658285817
242,4,10,150,79,0.0
243,4,10,150,79,0.09267768927614353
244,4,10,150,79,0.15765545519871427
245,4,10,150,79,0.10704534003732354
246,4,10,150,79,0.11120150311654428
247,4,10,150,79,0.0
248,4,10,150,79,0.14830051302014485
249,4,10,150,79,0.31180658179892495
250,4,10,150,79,0.3503302816689379
251,4,10,150,79,0.0
252,4,10,150,79,0.0
253,4,10,150,79,0.05954496680255472
254,4,10,150,79,0.0
255,4,10,150,79,0.0
256,4,10,150,79,0.16583176898817792
257,4,10,150,79,0.3305900772260718
258,4,10,150,79,0.07557488532248983
259,4,10,150,79,0.0
260,4,10,150,79,0.0
261,4,10,150,79,0.0
262,4,10,150,79,0.05029331645508228
263,4,10,150,79,0.15472701459244137
264,4,10,150,79,0.05840183867278569
265,4,10,150,79,0.10209739512291163
267,4,10,150,79,0.09794101962538232
268,4,10,150,79,0.14476191294501756
269,4,10,150,79,0.13223875150584097
270,4,10,150,79,0.046726672111120165
271,4,10,150,79,0.12276482551434069
272,4,10,150,79,0.14498698048571354
273,4,10,150,79,0.0
274,4,10,150,79,0.0
275,4,10,150,79,0.04605780568615433
276,4,10,150,79,0.20223032365941937
277,4,10,150,79,0.0
279,4,10,150,79,0.07923708494918187
280,4,10,150,79,0.03337620304869898
281,4,10,150,79,0.0
283,4,10,150,79,0.1292258709239571
284,4,10,150,79,0.0
285,4,10,150,79,0.1185995982858366
286,4,10,150,79,0.31887623993711317
287,4,10,150,79,0.11352455583778437
288,4,10,150,79,0.12538054736008386
289,4,10,150,79,0.13905617951077562
290,4,10,150,79,0.0
291,4,10,150,79,0.23494592513118112
292,4,10,150,79,0.08933583385868532
293,4,10,150,79,0.2344161202530718
294,4,10,150,79,0.04123398036294628
295,4,10,150,79,0.2670961153715764
296,4,10,150,79,0.5087533365407171
297,4,10,150,79,0.13535082686131417
298,4,10,150,79,0.19947114504638494
299,4,10,150,79,0.0
300,4,10,150,79,0.0
301,4,10,150,79,0.047934103497110726
303,4,10,150,79,0.11577931806589845
304,4,10,150,79,0.0
305,4,10,150,79,0.31514747987601716
306,4,10,150,79,0.0
307,4,10,150,79,0.1383141340724969
308,4,10,150,79,0.19205342317019936
309,4,10,150,79,0.0
310,4,10,150,79,0.0
311,4,10,150,79,0.08938791352906189
312,4,10,150,79,0.14069579419580536
313,4,10,150,79,0.14465709645474623
314,4,10,150,79,0.20285519102295546
315,4,10,150,79,0.0
316,4,10,150,79,0.04568304891751105
317,4,10,150,79,0.0
318,4,10,150,79,0.13815200906377123
319,4,10,150,79,0.0
320,4,10,150,79,0.0
321,4,10,150,79,0.062242588308449316
322,4,10,150,79,0.17342765698823945
323,4,10,150,79,0.14126697285982898
324,4,10,150,79,0.03555702818464106
325,4,10,150,79,0.0
326,4,10,150,79,0.0634222181618871
327,4,10,150,79,0.04302935573946656
328,4,10,150,79,0.1437524526514495
329,4,10,150,79,0.0
330,4,10,150,79,0.0536466452928127
331,4,10,150,79,0.16958010263680806
332,4,10,150,79,0.046679707512804314
333,4,10,150,79,0.0
334,4,10,150,79,0.0858345406672181
336,4,10,150,79,0.0
337,4,10,150,79,0.16716045496620227
338,4,10,150,79,0.05005165434923901
339,4,10,150,79,0.1344957225763306
340,4,10,150,79,0.0
341,4,10,150,79,0.0
342,4,10,150,79,0.2625072992734236
343,4,10,150,79,0.28732332399638805
344,4,10,150,79,0.23832550406045652
345,4,10,150,79,0.056149696530797676
346,4,10,150,79,0.13947804593499064
347,4,10,150,79,0.11116062301189339
348,4,10,150,79,0.071942683897578
349,4,10,150,79,0.07673373981757839
350,4,10,150,79,0.2065896325117088
351,4,10,150,79,0.0
352,4,10,150,79,0.0
353,4,10,150,79,0.0
354,4,10,150,79,0.051249224710132255
355,4,10,150,79,0.0
356,4,10,150,79,0.08406376813555873
357,4,10,150,79,0.05006331611131463
358,4,10,150,79,0.20438239758848611
359,4,10,150,79,0.0
360,4,10,150,79,0.09491042451242505
361,4,10,150,79,0.09622728274290568
362,4,10,150,79,0.0
363,4,10,150,79,0.21862978877358352
364,4,10,150,79,0.0
365,4,10,150,79,0.0
366,4,10,150,79,0.0
367,4,10,150,79,0.07630862162354303
368,4,10,150,79,0.0
369,4,10,150,79,0.0
370,4,10,150,79,0.13479984916817475
371,4,10,150,79,0.22569563125869263
372,4,10,150,79,0.0
373,4,10,150,79,0.08627719815628208
374,4,10,150,79,0.06834943074719504
375,4,10,150,79,0.0
376,4,10,150,79,0.0
377,4,10,150,79,0.08010929472340098
378,4,10,150,79,0.17937057950814977
379,4,10,150,79,0.14951641492682458
380,4,10,150,79,0.0
381,4,10,150,79,0.09118180877280627
382,4,10,150,79,0.0
383,4,10,150,79,0.04838338183089434
384,4,10,150,79,0.0
385,4,10,150,79,0.0
386,4,10,150,79,0.0
387,4,10,150,79,0.11497906462099297
388,4,10,150,79,0.04511904280884329
389,4,10,150,79,0.17394090433083284
390,4,10,150,79,0.0
391,4,10,150,79,0.2137247802747043
392,4,10,150,79,0.056679935917756406
393,4,10,150,79,0.054235696447924676
394,4,10,150,79,0.11073655428626575
395,4,10,150,79,0.09179488000267515
396,4,10,150,79,0.0
397,4,10,150,79,0.2710147943938467
398,4,10,150,79,0.18852571653533698
399,4,10,150,79,0.07594334672458623
400,4,10,150,79,0.0
401,4,10,150,79,0.0
402,4,10,150,79,0.08963222225173058
403,4,10,150,79,0.0854499779566911
404,4,10,150,79,0.0
405,4,10,150,79,0.06667735269275575
406,4,10,150,79,0.20956416940551098
407,4,10,150,79,0.06232415948793755
408,4,10,150,79,0.0
409,4,10,150,79,0.12740448328320192
410,4,10,150,79,0.0
411,4,10,150,79,0.0
412,4,10,150,79,0.0
413,4,10,150,79,0.041646268351119564
414,4,10,150,79,0.0
415,4,10,150,79,0.15103391472831218
416,4,10,150,79,0.2200039995691806
417,4,10,150,79,0.09850508837083022
418,4,10,150,79,0.0
419,4,10,150,79,0.1208113026994942
420,4,10,150,79,0.06052048269976269
421,4,10,150,79,0.19620555836557932
422,4,10,150,79,0.07550298029238112
423,4,10,150,79,0.053845569940583225
424,4,10,150,79,0.2766918177656049
425,4,10,150,79,0.1674157226455415
426,4,10,150,79,0.040759261617270684
427,4,10,150,79,0.07466168586864165
428,4,10,150,79,0.04415960465480069
429,4,10,150,79,0.14355264986043786
430,4,10,150,79,0.0
431,4,10,150,79,0.0
432,4,10,150,79,0.05789711601244791
433,4,10,150,79,0.05780921899607981
434,4,10,150,79,0.2562151231304954
435,4,10,150,79,0.17195543683824452
436,4,10,150,79,0.0
437,4,10,150,79,0.1246139643684977
438,4,10,150,79,0.0
439,4,10,150,79,0.10863976191957724
440,4,10,150,79,0.0
441,4,10,150,79,0.07736100002633538
442,4,10,150,79,0.040949887133979804
443,4,10,150,79,0.06783204105472322
444,4,10,150,79,0.1312721899408984
445,4,10,150,79,0.0
446,4,10,150,79,0.0
447,4,10,150,79,0.16246725303708914
448,4,10,150,79,0.0
449,4,10,150,79,0.1882329728596757
450,4,10,150,79,0.24652479243825104
451,4,10,150,79,0.06148915918944534
452,4,10,150,79,0.10773098771530253
453,4,10,150,79,0.0
454,4,10,150,79,0.0
455,4,10,150,79,0.0962493458910181
456,4,10,150,79,0.018650043077523788
457,4,10,150,79,0.31128444613224265
458,4,10,150,79,0.06982799741808067
459,4,10,150,79,0.0
460,4,10,150,79,0.05184030722866645
461,4,10,150,79,0.05428363317977833
462,4,10,150,79,0.0
463,4,10,150,79,0.11987424504051505
464,4,10,150,79,0.0
465,4,10,150,79,0.0
466,4,10,150,79,0.0
467,4,10,150,79,0.07807600999842033
468,4,10,150,79,0.11455543964849552
469,4,10,150,79,0.05165643482805862
470,4,10,150,79,0.0
471,4,10,150,79,0.0
472,4,10,150,79,0.1195980915282009
473,4,10,150,79,0.06140244428718695
474,4,10,150,79,0.24593822460513717
475,4,10,150,79,0.0
476,4,10,150,79,0.0
477,4,10,150,79,0.0
478,4,10,150,79,0.2345109835167376
479,4,10,150,79,0.10172348796286074
480,4,10,150,79,0.0741070054529978
481,4,10,150,79,0.13102204196909084
482,4,10,150,79,0.0
483,4,10,150,79,0.05658242244874664
484,4,10,150,79,0.29539974213048126
485,4,10,150,79,0.0
486,4,10,150,79,0.0
487,4,10,150,79,0.09557986065110975
488,4,10,150,79,0.0
489,4,10,150,79,0.02196588169196602
490,4,10,150,79,0.0
491,4,10,150,79,0.14208678740137623
492,4,10,150,79,0.0
493,4,10,150,79,0.1475552329391869
494,4,10,150,79,0.0
495,4,10,150,79,0.16394836376720962
496,4,10,150,79,0.08659863258371955
497,4,10,150,79,0.08955573351991261
498,4,10,150,79,0.0
499,4,10,150,79,0.05075938465928585
500,4,10,150,79,0.09541527213731128
501,4,10,150,79,0.0
502,4,10,150,79,0.0
503,4,10,150,79,0.10261815551018476
504,4,10,150,79,0.08148269775823089
505,4,10,150,79,0.07379217622092994
506,4,10,150,79,0.18325792458363765
507,4,10,150,79,0.05319635904163211
508,4,10,150,79,0.0
509,4,10,150,79,0.0
510,4,10,150,79,0.0
511,4,10,150,79,0.08495943917278885
512,4,10,150,79,0.05478392673173268
513,4,10,150,79,0.0
514,4,10,150,79,0.27252722616773445
515,4,10,150,79,0.11706259313796354
516,4,10,150,79,0.0
517,4,10,150,79,0.08878770367712427
518,4,10,150,79,0.0
519,4,10,150,79,0.0
520,4,10,150,79,0.0
521,4,10,150,79,0.09850628252086785
522,4,10,150,79,0.16015986784807879
523,4,10,150,79,0.05782495986511108
524,4,10,150,79,0.1283825351773177
525,4,10,150,79,0.0
526,4,10,150,79,0.15355181494703254
527,4,10,150,79,0.1636135858112592
528,4,10,150,79,0.10209739512291163
529,4,10,150,79,0.0
530,4,10,150,79,0.0
531,4,10,150,79,0.1517763576041802
532,4,10,150,79,0.2751056785549508
533,4,10,150,79,0.11557545112991054
534,4,10,150,79,0.12913418894806108
535,4,10,150,79,0.13889821983463596
536,4,10,150,79,0.15105160768725473
537,4,10,150,79,0.314537879553894
538,4,10,150,79,0.14697776980950736
539,4,10,150,79,0.08229481249254499
540,4,10,150,79,0.0
541,4,10,150,79,0.0586415067779619
542,4,10,150,79,0.049033875503285806
543,4,10,150,79,0.04953295293703468
544,4,10,150,79,0.05282936728943967
545,4,10,150,79,0.02244213465825961
546,4,10,150,79,0.05758752804519195
547,4,10,150,79,0.0
548,4,10,150,79,0.14714570243929503
549,4,10,150,79,0.0
550,4,10,150,79,0.04785685030080952
551,4,10,150,79,0.0910925691220798
552,4,10,150,79,0.1205344274731702
553,4,10,150,79,0.07411563356774664
554,4,10,150,79,0.12627825946936164
555,4,10,150,79,0.0
556,4,10,150,79,0.07660623398069263
557,4,10,150,79,0.031742154565302834
558,4,10,150,79,0.08878770367712427
559,4,10,150,79,0.09986350037763675
560,4,10,150,79,0.09375790921485552
561,4,10,150,79,0.13222888755304418
562,4,10,150,79,0.07930308311174379
563,4,10,150,79,0.0
564,4,10,150,79,0.15437610727371853
565,4,10,150,79,0.0
566,4,10,150,79,0.03579489106983033
567,4,10,150,79,0.1471381878632886
568,4,10,150,79,0.036155150901276155
569,4,10,150,79,0.18299769260789403
570,4,10,150,79,0.0
571,4,10,150,79,0.04988426711147283
572,4,10,150,79,0.16812753627111746
573,4,10,150,79,0.06437746926759551
574,4,10,150,79,0.051811563545175146
575,4,10,150,79,0.0
576,4,10,150,79,0.0
577,4,10,150,79,0.20541190363713152
578,4,10,150,79,0.05006331611131463
579,4,10,150,79,0.0
580,4,10,150,79,0.1471734367352052
581,4,10,150,79,0.14348105418014392
582,4,10,150,79,0.03190895161277091
583,4,10,150,79,0.05364822253323318
584,4,10,150,79,0.06323567569191428
585,4,10,150,79,0.04173963774222741
586,4,10,150,79,0.05786021189691368
587,4,10,150,79,0.019492972026130224
588,4,10,150,79,0.14934904111986536
589,4,10,150,79,0.0
590,4,10,150,79,0.053845569940583225
591,4,10,150,79,0.0
592,4,10,150,79,0.3102595728499797
593,4,10,150,79,0.07711036365720102
594,4,10,150,79,0.044551000676675064
595,4,10,150,79,0.10296141646738245
596,4,10,150,79,0.0
597,4,10,150,79,0.27101620591530523
598,4,10,150,79,0.0684591776394769
599,4,10,150,79,0.0
600,4,10,150,79,0.09197011795311534
601,4,10,150,79,0.0
602,4,10,150,79,0.0
603,4,10,150,79,0.0
604,4,10,150,79,0.0
605,4,10,150,79,0.26275270116262744
606,4,10,150,79,0.1728918912586268
607,4,10,150,79,0.08673473912838402
608,4,10,150,79,0.12209659098915113
609,4,10,150,79,0.0
610,4,10,150,79,0.2146842601596213
611,4,10,150,79,0.07624568872860434
612,4,10,150,79,0.0
613,4,10,150,79,0.08385150490449667
614,4,10,150,79,0.0
615,4,10,150,79,0.04919117729584568
616,4,10,150,79,0.03618657486793958
617,4,10,150,79,0.0
618,4,10,150,79,0.1281253572826617
619,4,10,150,79,0.12363660028711727
620,4,10,150,79,0.159486715201797
621,4,10,150,79,0.11278207190006835
622,4,10,150,79,0.18241748250491993
623,4,10,150,79,0.17494254380936963
624,4,10,150,79,0.06626749824739844
625,4,10,150,79,0.0
626,4,10,150,79,0.06228974831361337
627,4,10,150,79,0.06945233499530101
628,4,10,150,79,0.0
629,4,10,150,79,0.1761343378337656
630,4,10,150,79,0.15874779570678058
631,4,10,150,79,0.0
632,4,10,150,79,0.12112269717167994
633,4,10,150,79,0.11499138576948859
634,4,10,150,79,0.022104381789790163
635,4,10,150,79,0.04546401530948942
636,4,10,150,79,0.11426572661305327
637,4,10,150,79,0.01928973283308616
638,4,10,150,79,0.09712868482236708
639,4,10,150,79,0.03138892079718151
640,4,10,150,79,0.10536866733091729
641,4,10,150,79,0.07675099783970546
642,4,10,150,79,0.12716829000393493
643,4,10,150,79,0.11071279041815515
644,4,10,150,79,0.04935421935348238
645,4,10,150,79,0.17581821458755492
646,4,10,150,79,0.0
647,4,10,150,79,0.05363388010108191
648,4,10,150,79,0.12214223017588963
649,4,10,150,79,0.15489949502599
650,4,10,150,79,0.10425321113317523
651,4,10,150,79,0.0
652,4,10,150,79,0.08156220960446063
653,4,10,150,79,0.09301790917657436
654,4,10,150,79,0.21255442687635834
655,4,10,150,79,0.2512232210278634
656,4,10,150,79,0.07397229644086958
657,4,10,150,79,0.04140815094666367
658,4,10,150,79,0.2625403796417579
659,4,10,150,79,0.08781544355121487
660,4,10,150,79,0.10085647425542008
661,4,10,150,79,0.08605775303302886
662,4,10,150,79,0.0512644431393966
663,4,10,150,79,0.24026856780584893
664,4,10,150,79,0.28517362059082263
665,4,10,150,79,0.0
666,4,10,150,79,0.16347369975879922
667,4,10,150,79,0.31347596517570553
668,4,10,150,79,0.06194403202282284
669,4,10,150,79,0.1348578320198433
670,4,10,150,79,0.09267469812912739
671,4,10,150,79,0.20819966483156851
672,4,10,150,79,0.03603026685992244
673,4,10,150,79,0.14837758007547783
674,4,10,150,79,0.11338915993603582
675,4,10,150,79,0.0
676,4,10,150,79,0.19009456031551833
677,4,10,150,79,0.03314040476303028
678,4,10,150,79,0.03824432123396675
679,4,10,150,79,0.15527711509166947
680,4,10,150,79,0.11377863936243801
681,4,10,150,79,0.0
682,4,10,150,79,0.14860490403946813
683,4,10,150,79,0.0
684,4,10,150,79,0.06573003977381581
685,4,10,150,79,0.1906465758273748
686,4,10,150,79,0.1682282387290392
687,4,10,150,79,0.0
688,4,10,150,79,0.08840257630093261
689,4,10,150,79,0.21046485047453145
690,4,10,150,79,0.12222352404401943
691,4,10,150,79,0.13843129503711957
692,4,10,150,79,0.1753901755134814
693,4,10,150,79,0.0
694,4,10,150,79,0.2448812985235888
695,4,10,150,79,0.0
696,4,10,150,79,0.039725595076707886
697,4,10,150,79,0.04239477130634912
698,4,10,150,79,0.041937660325009396
699,4,10,150,79,0.06339169989706635
700,4,10,150,79,0.12729890218214104
701,4,10,150,79,0.11497698281480273
702,4,10,150,79,0.037715680681715956
703,4,10,150,79,0.11918688501400482
704,4,10,150,79,0.2553105266507764
705,4,10,150,79,0.22667088038444094
706,4,10,150,79,0.04395738023645723
707,4,10,150,79,0.054247214548057004
708,4,10,150,79,0.08885812311565845
709,4,10,150,79,0.13472082394875662
710,4,10,150,79,0.10695361352497157
711,4,10,150,79,0.18133007201622714
712,4,10,150,79,0.15511023313323485
713,4,10,150,79,0.1468735732232516
714,4,10,150,79,0.03441184191455828
715,4,10,150,79,0.0
716,4,10,150,79,0.2017333142088126
717,4,10,150,79,0.09054670163637572
718,4,10,150,79,0.035328385129692476
719,4,10,150,79,0.09883437846193516
720,4,10,150,79,0.0
721,4,10,150,79,0.1850388725092322
722,4,10,150,79,0.06556429791586475
723,4,10,150,79,0.0
724,4,10,150,79,0.0
725,4,10,150,79,0.0
726,4,10,150,79,0.05010834716923557
727,4,10,150,79,0.1302190410149344
728,4,10,150,79,0.09627818061559096
729,4,10,150,79,0.07004038915633412
730,4,10,150,79,0.02601736765943984
731,4,10,150,79,0.14717311932656024
732,4,10,150,79,0.0
733,4,10,150,79,0.14514596345398123
734,4,10,150,79,0.0
735,4,10,150,79,0.0
736,4,10,150,79,0.03351972906068008
737,4,10,150,79,0.1138970555583582
738,4,10,150,79,0.13922998739868644
739,4,10,150,79,0.03855307727568851
740,4,10,150,79,0.0
741,4,10,150,79,0.05358697798864893
742,4,10,150,79,0.0488929053971083
743,4,10,150,79,0.0690623255281084
744,4,10,150,79,0.03596673601130318
745,4,10,150,79,0.03520132288421838
746,4,10,150,79,0.25743994347908983
747,4,10,150,79,0.40665137385642247
748,4,10,150,79,0.09621648119325965
749,4,10,150,79,0.1278830315010265
750,4,10,150,79,0.07184731398235064
751,4,10,150,79,0.08554799479006837
752,4,10,150,79,0.04389473417066348
753,4,10,150,79,0.15780803084928155
754,4,10,150,79,0.0
755,4,10,150,79,0.03855371268423985
756,4,10,150,79,0.031104745345423533
757,4,10,150,79,0.02032489047902012
758,4,10,150,79,0.24961177415781757
759,4,10,150,79,0.11006100937916612
760,4,10,150,79,0.03004859059698017
761,4,10,150,79,0.06869287000000811
762,4,10,150,79,0.051960280791503534
763,4,10,150,79,0.05892228941894017
764,4,10,150,79,0.08946696896639536
765,4,10,150,79,0.15066101840234988
766,4,10,150,79,0.03443306895956307
767,4,10,150,79,0.13884445379214724
768,4,10,150,79,0.08438032815655525
769,4,10,150,79,0.0
770,4,10,150,79,0.21464739068424896
771,4,10,150,79,0.32869562799119006
772,4,10,150,79,0.17356150297482983
773,4,10,150,79,0.08696710392235718
774,4,10,150,79,0.053795533453206625
775,4,10,150,79,0.038478285726379145
776,4,10,150,79,0.15403842856019037
777,4,10,150,79,0.0
778,4,10,150,79,0.1631238413472767
779,4,10,150,79,0.0
780,4,10,150,79,0.12088597199138466
781,4,10,150,79,0.2016539629141292
782,4,10,150,79,0.03710392797393287
783,4,10,150,79,0.0
784,4,10,150,79,0.029814614753779622
785,4,10,150,79,0.0
786,4,10,150,79,0.0
787,4,10,150,79,0.0
788,4,10,150,79,0.2261594199071564
789,4,10,150,79,0.08809718769055445
790,4,10,150,79,0.036593443455785586
791,4,10,150,79,0.04465281017341861
792,4,10,150,79,0.08944329533390502
793,4,10,150,79,0.0
794,4,10,150,79,0.04108065887337468
795,4,10,150,79,0.044671411846369496
796,4,10,150,79,0.33948037183492463
797,4,10,150,79,0.11278903329502893
798,4,10,150,79,0.035626684125923694
799,4,10,150,79,0.0
800,4,10,150,79,0.06097304495209779
801,4,10,150,79,0.1561471668577559
802,4,10,150,79,0.06960082070980815
803,4,10,150,79,0.10569353498973794
804,4,10,150,79,0.11565408662450323
805,4,10,150,79,0.10144821018611584
806,4,10,150,79,0.2959152150106387
807,4,10,150,79,0.11092398447737407
808,4,10,150,79,0.1025417224926713
809,4,10,150,79,0.10356976056061801
810,4,10,150,79,0.05986794407701488
811,4,10,150,79,0.0
812,4,10,150,79,0.09594989011285139
813,4,10,150,79,0.0
814,4,10,150,79,0.034616222155696735
815,4,10,150,79,0.18660881389796213
816,4,10,150,79,0.0
817,4,10,150,79,0.0
818,4,10,150,79,0.05516788910004661
819,4,10,150,79,0.037210602758860095
820,4,10,150,79,0.0787987754690289
821,4,10,150,79,0.302950268110492
822,4,10,150,79,0.028653609888707104
823,4,10,150,79,0.1857460249567109
824,4,10,150,79,0.05046096657376444
825,4,10,150,79,0.08238190489603152
826,4,10,150,79,0.17593166652195671
827,4,10,150,79,0.0
828,4,10,150,79,0.05745618865524075
829,4,10,150,79,0.1751347628439014
830,4,10,150,79,0.21673727180406585
831,4,10,150,79,0.21058943716644085
832,4,10,150,79,0.0
833,4,10,150,79,0.14770344565317517
834,4,10,150,79,0.2706897351446418
835,4,10,150,79,0.1997297127887765
836,4,10,150,79,0.20050437359357948
837,4,10,150,79,0.05665916465450996
838,4,10,150,79,0.27895398740912175
839,4,10,150,79,0.10730655186373157
840,4,10,150,79,0.32538995498528905
841,4,10,150,79,0.06507217400164225
842,4,10,150,79,0.03947561302344988
843,4,10,150,79,0.008957633620261233
844,4,10,150,79,0.05872188515498603
845,4,10,150,79,0.0
846,4,10,150,79,0.3531565725373647
847,4,10,150,79,0.05107153900660915
848,4,10,150,79,0.08171518501440664
849,4,10,150,79,0.07738342520054953
850,4,10,150,79,0.29160326485645294
851,4,10,150,79,0.0686664045116657
852,4,10,150,79,0.26227118260874954
853,4,10,150,79,0.0
854,4,10,150,79,0.045854864633163836
855,4,10,150,79,0.0
856,4,10,150,79,0.037110354711564805
857,4,10,150,79,0.0
858,4,10,150,79,0.10250982096838526
859,4,10,150,79,0.05070263548706836
860,4,10,150,79,0.10848832312989015
861,4,10,150,79,0.06460834446248033
862,4,10,150,79,0.1056243612971947
863,4,10,150,79,0.06336841123297353
864,4,10,150,79,0.3789602624210853
865,4,10,150,79,0.09772208899610854
866,4,10,150,79,0.16283687678415507
867,4,10,150,79,0.2124003391105491
868,4,10,150,79,0.19616731704273366
869,4,10,150,79,0.0587446084443979
870,4,10,150,79,0.23104758868703362
871,4,10,150,79,0.07012986265386374
872,4,10,150,79,0.02804794621397926
873,4,10,150,79,0.0
874,4,10,150,79,0.13944914190808633
875,4,10,150,79,0.15950125360109937
876,4,10,150,79,0.08671382849411972
877,4,10,150,79,0.0835317778614811
878,4,10,150,79,0.1706804422753891
879,4,10,150,79,0.03963466998423315
880,4,10,150,79,0.31613943200968336
881,4,10,150,79,0.09849647370248323
882,4,10,150,79,0.21288820648214166
883,4,10,150,79,0.28236229405706714
884,4,10,150,79,0.11407805705099587
885,4,10,150,79,0.04536087033637415
886,4,10,150,79,0.16809291198861326
887,4,10,150,79,0.10214828088611402
888,4,10,150,79,0.11625487663628292
889,4,10,150,79,0.009858195275676676
890,4,10,150,79,0.11434431442033766
891,4,10,150,79,0.10491091696774645
892,4,10,150,79,0.2455191816579957
893,4,10,150,79,0.12806369532588527
894,4,10,150,79,0.10187722581656061
895,4,10,150,79,0.0
896,4,10,150,79,0.2739134940032829
897,4,10,150,79,0.3071672815592065
898,4,10,150,79,0.0
899,4,10,150,79,0.05684415375822261
900,4,10,150,79,0.055315677011973347
901,4,10,150,79,0.21968803523715988
902,4,10,150,79,0.05978585424799658
903,4,10,150,79,0.24651430146847014
904,4,10,150,79,0.0
905,4,10,150,79,0.0
906,4,10,150,79,0.10407444169186962
907,4,10,150,79,0.058866326113661355
908,4,10,150,79,0.06892767477436933
909,4,10,150,79,0.0
910,4,10,150,79,0.02138152805479416
911,4,10,150,79,0.14690565417489143
912,4,10,150,79,0.17642343579737088
913,4,10,150,79,0.07219927248779984
914,4,10,150,79,0.0
915,4,10,150,79,0.0
916,4,10,150,79,0.2168308156699179
917,4,10,150,79,0.0
918,4,10,150,79,0.043627084055128
919,4,10,150,79,0.08689630867165996
920,4,10,150,79,0.0
921,4,10,150,79,0.15405864814296488
922,4,10,150,79,0.1280645281724967
923,4,10,150,79,0.04031825574984845
924,4,10,150,79,0.018280262702529162
925,4,10,150,79,0.0
926,4,10,150,79,0.0
927,4,10,150,79,0.09447575046156538
928,4,10,150,79,0.1873259908039563
929,4,10,150,79,0.25163227912988373
930,4,10,150,79,0.032298243696638564
931,4,10,150,79,0.08679587898287541
932,4,10,150,79,0.26581896687705886
933,4,10,150,79,0.12577023885221503
934,4,10,150,79,0.10071040486185964
935,4,10,150,79,0.04173963774222741
936,4,10,150,79,0.1321191921354211
937,4,10,150,79,0.0
938,4,10,150,79,0.1661428141234511
939,4,10,150,79,0.02916862694666808
940,4,10,150,79,0.050684733114198
941,4,10,150,79,0.0
942,4,10,150,79,0.10504870308911567
943,4,10,150,79,0.20163692230838232
1,4,10,150,80,0.4058715898896693
2,4,10,150,80,0.06250343848035038
3,4,10,150,80,0.0
4,4,10,150,80,0.0
5,4,10,150,80,0.040209635547393256
6,4,10,150,80,0.27020011346731576
7,4,10,150,80,0.33622203315690036
8,4,10,150,80,0.0
9,4,10,150,80,0.21840743681816419
10,4,10,150,80,0.21491451057814584
11,4,10,150,80,0.1722584975122812
12,4,10,150,80,0.0
13,4,10,150,80,0.23354755242906122
14,4,10,150,80,0.03963175841995263
15,4,10,150,80,0.05010834716923557
16,4,10,150,80,0.053168340515114924
17,4,10,150,80,0.06267320809766952
18,4,10,150,80,0.2651132679673976
19,4,10,150,80,0.0
20,4,10,150,80,0.0
21,4,10,150,80,0.0
22,4,10,150,80,0.11702382382650763
23,4,10,150,80,0.23682446174402746
24,4,10,150,80,0.0
25,4,10,150,80,0.12358102547512423
26,4,10,150,80,0.0
27,4,10,150,80,0.0
28,4,10,150,80,0.0
29,4,10,150,80,0.13455232720853103
30,4,10,150,80,0.0
31,4,10,150,80,0.0
32,4,10,150,80,0.0
33,4,10,150,80,0.0
35,4,10,150,80,0.10523285614729473
36,4,10,150,80,0.0
37,4,10,150,80,0.0
38,4,10,150,80,0.04739418218477539
39,4,10,150,80,0.0
40,4,10,150,80,0.10558114683788161
41,4,10,150,80,0.0
42,4,10,150,80,0.0683037314796457
43,4,10,150,80,0.22592974817952552
44,4,10,150,80,0.2044921015662719
45,4,10,150,80,0.05200670101006268
46,4,10,150,80,0.11284514134893527
47,4,10,150,80,0.06250343848035038
48,4,10,150,80,0.0
49,4,10,150,80,0.0
50,4,10,150,80,0.0
51,4,10,150,80,0.16812753627111746
52,4,10,150,80,0.0
54,4,10,150,80,0.04843244625481133
56,4,10,150,80,0.20383503459815738
57,4,10,150,80,0.3030555992505742
58,4,10,150,80,0.3717269535737058
59,4,10,150,80,0.28704198671875886
60,4,10,150,80,0.1505674224523334
61,4,10,150,80,0.07763867093308688
62,4,10,150,80,0.10440036542861637
63,4,10,150,80,0.0
64,4,10,150,80,0.04238468688770069
65,4,10,150,80,0.13012668333070054
66,4,10,150,80,0.0
67,4,10,150,80,0.0
68,4,10,150,80,0.4827392464262081
69,4,10,150,80,0.07673373981757839
70,4,10,150,80,0.0
71,4,10,150,80,0.0
72,4,10,150,80,0.09048427472954688
73,4,10,150,80,0.0
74,4,10,150,80,0.0
75,4,10,150,80,0.049432410190049694
76,4,10,150,80,0.1301464707340554
77,4,10,150,80,0.10201115106436301
78,4,10,150,80,0.0
79,4,10,150,80,0.3183561588137008
80,4,10,150,80,0.0
81,4,10,150,80,0.0
82,4,10,150,80,0.19298623480417013
83,4,10,150,80,0.12089611529519323
84,4,10,150,80,0.05034889199379723
85,4,10,150,80,0.0
87,4,10,150,80,0.07100089300395272
89,4,10,150,80,0.2553387838830436
90,4,10,150,80,0.12160038777651704
91,4,10,150,80,0.05648147012627732
92,4,10,150,80,0.10542637391232386
93,4,10,150,80,0.0
94,4,10,150,80,0.1398942649682608
95,4,10,150,80,0.17287436926807473
96,4,10,150,80,0.10181164814261426
97,4,10,150,80,0.06462745615384195
98,4,10,150,80,0.0930297504356062
99,4,10,150,80,0.05658242244874664
100,4,10,150,80,0.0
101,4,10,150,80,0.0
102,4,10,150,80,0.02424726876918863
103,4,10,150,80,0.0
104,4,10,150,80,0.0
105,4,10,150,80,0.0
106,4,10,150,80,0.0
107,4,10,150,80,0.0
108,4,10,150,80,0.0
109,4,10,150,80,0.07103066762111539
110,4,10,150,80,0.0
111,4,10,150,80,0.0
112,4,10,150,80,0.05685954565780693
113,4,10,150,80,0.053168340515114924
114,4,10,150,80,0.0
115,4,10,150,80,0.10684080426179023
116,4,10,150,80,0.0
117,4,10,150,80,0.26646890433550474
118,4,10,150,80,0.0
119,4,10,150,80,0.2063582228182277
120,4,10,150,80,0.0
121,4,10,150,80,0.271985059917519
122,4,10,150,80,0.1530100230930498
123,4,10,150,80,0.07386004580671933
125,4,10,150,80,0.12702645795516354
126,4,10,150,80,0.06911917000496234
127,4,10,150,80,0.23132283185955704
128,4,10,150,80,0.0804528329814545
129,4,10,150,80,0.0
130,4,10,150,80,0.19839806705808383
131,4,10,150,80,0.06556385272536247
133,4,10,150,80,0.11047239495909743
134,4,10,150,80,0.0
135,4,10,150,80,0.0
137,4,10,150,80,0.1371200812351206
138,4,10,150,80,0.0
139,4,10,150,80,0.0
141,4,10,150,80,0.0
142,4,10,150,80,0.13373003436102654
143,4,10,150,80,0.1208996448617798
144,4,10,150,80,0.1227945149537572
145,4,10,150,80,0.1075804523117992
146,4,10,150,80,0.0
148,4,10,150,80,0.20254719486838738
149,4,10,150,80,0.0
150,4,10,150,80,0.10235170428306553
151,4,10,150,80,0.06298430394440727
152,4,10,150,80,0.040655755922716606
153,4,10,150,80,0.0
154,4,10,150,80,0.11753148666901318
155,4,10,150,80,0.0
156,4,10,150,80,0.0
158,4,10,150,80,0.17575552384613552
159,4,10,150,80,0.03310852000739229
160,4,10,150,80,0.0
161,4,10,150,80,0.0
162,4,10,150,80,0.04858102772529458
163,4,10,150,80,0.0
164,4,10,150,80,0.0
165,4,10,150,80,0.12114889742360979
166,4,10,150,80,0.0
167,4,10,150,80,0.06267320809766952
168,4,10,150,80,0.23504554941448536
169,4,10,150,80,0.06416923277158361
170,4,10,150,80,0.0
171,4,10,150,80,0.0
172,4,10,150,80,0.0
173,4,10,150,80,0.11302181651994404
174,4,10,150,80,0.08712841477105211
175,4,10,150,80,0.0
176,4,10,150,80,0.09511409151391914
177,4,10,150,80,0.06912040963822193
178,4,10,150,80,0.2437589399037192
179,4,10,150,80,0.06723507268634088
180,4,10,150,80,0.12262943855309168
181,4,10,150,80,0.062426915812405386
182,4,10,150,80,0.0
183,4,10,150,80,0.0
184,4,10,150,80,0.11356458502877588
185,4,10,150,80,0.07745351606183934
186,4,10,150,80,0.22147164648185297
187,4,10,150,80,0.08625091781054979
188,4,10,150,80,0.054384419234677496
189,4,10,150,80,0.23042891886703956
190,4,10,150,80,0.10699313236726378
191,4,10,150,80,0.0
192,4,10,150,80,0.0
193,4,10,150,80,0.0
194,4,10,150,80,0.11592484831532757
195,4,10,150,80,0.0
196,4,10,150,80,0.0
197,4,10,150,80,0.05576624569167862
198,4,10,150,80,0.0
199,4,10,150,80,0.0
200,4,10,150,80,0.1350618908658632
201,4,10,150,80,0.10763403601326355
203,4,10,150,80,0.0
204,4,10,150,80,0.0
205,4,10,150,80,0.0
206,4,10,150,80,0.0
207,4,10,150,80,0.09412450373990706
209,4,10,150,80,0.0
210,4,10,150,80,0.09440608278107551
211,4,10,150,80,0.0
212,4,10,150,80,0.12681701683239352
213,4,10,150,80,0.2384146878320104
214,4,10,150,80,0.056720838976548935
215,4,10,150,80,0.0
216,4,10,150,80,0.03497205398870122
217,4,10,150,80,0.0
218,4,10,150,80,0.19092086617893467
219,4,10,150,80,0.0
221,4,10,150,80,0.3375735570145491
222,4,10,150,80,0.12476107276951183
223,4,10,150,80,0.03870447337439288
224,4,10,150,80,0.0
225,4,10,150,80,0.0
226,4,10,150,80,0.08080765379783027
227,4,10,150,80,0.0
228,4,10,150,80,0.0
229,4,10,150,80,0.0
230,4,10,150,80,0.23712439662683835
231,4,10,150,80,0.0
232,4,10,150,80,0.3234992853586256
233,4,10,150,80,0.0968152409481219
234,4,10,150,80,0.10649253808515176
235,4,10,150,80,0.06065881345112158
236,4,10,150,80,0.0
237,4,10,150,80,0.0
238,4,10,150,80,0.0
239,4,10,150,80,0.11792279130466408
240,4,10,150,80,0.05497526658285817
242,4,10,150,80,0.0
243,4,10,150,80,0.09267768927614353
244,4,10,150,80,0.15765545519871427
245,4,10,150,80,0.10704534003732354
246,4,10,150,80,0.11120150311654428
247,4,10,150,80,0.0
248,4,10,150,80,0.14830051302014485
249,4,10,150,80,0.31180658179892495
250,4,10,150,80,0.3503302816689379
251,4,10,150,80,0.0
252,4,10,150,80,0.0
253,4,10,150,80,0.05954496680255472
254,4,10,150,80,0.0
255,4,10,150,80,0.0
256,4,10,150,80,0.16583176898817792
257,4,10,150,80,0.3305900772260718
258,4,10,150,80,0.07557488532248983
259,4,10,150,80,0.0
260,4,10,150,80,0.0
261,4,10,150,80,0.0
262,4,10,150,80,0.05029331645508228
263,4,10,150,80,0.15472701459244137
264,4,10,150,80,0.05840183867278569
265,4,10,150,80,0.10209739512291163
267,4,10,150,80,0.09794101962538232
268,4,10,150,80,0.16126143108036026
269,4,10,150,80,0.13223875150584097
270,4,10,150,80,0.046726672111120165
271,4,10,150,80,0.12276482551434069
272,4,10,150,80,0.14498698048571354
273,4,10,150,80,0.0
274,4,10,150,80,0.0
275,4,10,150,80,0.04605780568615433
276,4,10,150,80,0.20223032365941937
277,4,10,150,80,0.0
279,4,10,150,80,0.07923708494918187
280,4,10,150,80,0.03337620304869898
281,4,10,150,80,0.0
283,4,10,150,80,0.1292258709239571
284,4,10,150,80,0.0
285,4,10,150,80,0.1185995982858366
286,4,10,150,80,0.31887623993711317
287,4,10,150,80,0.11352455583778437
288,4,10,150,80,0.12538054736008386
289,4,10,150,80,0.13905617951077562
290,4,10,150,80,0.0
291,4,10,150,80,0.23494592513118112
292,4,10,150,80,0.08933583385868532
293,4,10,150,80,0.2344161202530718
294,4,10,150,80,0.04123398036294628
295,4,10,150,80,0.2670961153715764
296,4,10,150,80,0.5382063622180417
297,4,10,150,80,0.13535082686131417
298,4,10,150,80,0.19947114504638494
299,4,10,150,80,0.0
300,4,10,150,80,0.0
301,4,10,150,80,0.047934103497110726
303,4,10,150,80,0.11577931806589845
304,4,10,150,80,0.0
305,4,10,150,80,0.31514747987601716
306,4,10,150,80,0.0
307,4,10,150,80,0.1383141340724969
308,4,10,150,80,0.19205342317019936
309,4,10,150,80,0.0
310,4,10,150,80,0.0
311,4,10,150,80,0.08938791352906189
312,4,10,150,80,0.14069579419580536
313,4,10,150,80,0.14465709645474623
314,4,10,150,80,0.20285519102295546
315,4,10,150,80,0.0
316,4,10,150,80,0.04568304891751105
317,4,10,150,80,0.0
318,4,10,150,80,0.13815200906377123
319,4,10,150,80,0.0
320,4,10,150,80,0.0
321,4,10,150,80,0.062242588308449316
322,4,10,150,80,0.17342765698823945
323,4,10,150,80,0.14126697285982898
324,4,10,150,80,0.03555702818464106
325,4,10,150,80,0.0
326,4,10,150,80,0.0634222181618871
327,4,10,150,80,0.04302935573946656
328,4,10,150,80,0.1437524526514495
329,4,10,150,80,0.0
330,4,10,150,80,0.0536466452928127
331,4,10,150,80,0.16958010263680806
332,4,10,150,80,0.046679707512804314
333,4,10,150,80,0.0
334,4,10,150,80,0.0858345406672181
336,4,10,150,80,0.0
337,4,10,150,80,0.16716045496620227
338,4,10,150,80,0.05005165434923901
339,4,10,150,80,0.1344957225763306
340,4,10,150,80,0.0
341,4,10,150,80,0.0
342,4,10,150,80,0.2625072992734236
343,4,10,150,80,0.28732332399638805
344,4,10,150,80,0.23832550406045652
345,4,10,150,80,0.056149696530797676
346,4,10,150,80,0.13947804593499064
347,4,10,150,80,0.11116062301189339
348,4,10,150,80,0.071942683897578
349,4,10,150,80,0.07673373981757839
350,4,10,150,80,0.2065896325117088
351,4,10,150,80,0.0
352,4,10,150,80,0.0
353,4,10,150,80,0.0
354,4,10,150,80,0.051249224710132255
355,4,10,150,80,0.0
356,4,10,150,80,0.08406376813555873
357,4,10,150,80,0.05006331611131463
358,4,10,150,80,0.20438239758848611
359,4,10,150,80,0.0
360,4,10,150,80,0.09491042451242505
361,4,10,150,80,0.09622728274290568
362,4,10,150,80,0.0
363,4,10,150,80,0.21862978877358352
364,4,10,150,80,0.0
365,4,10,150,80,0.0
366,4,10,150,80,0.0
367,4,10,150,80,0.07630862162354303
368,4,10,150,80,0.0
369,4,10,150,80,0.0
370,4,10,150,80,0.13479984916817475
371,4,10,150,80,0.22569563125869263
372,4,10,150,80,0.0
373,4,10,150,80,0.08627719815628208
374,4,10,150,80,0.06834943074719504
375,4,10,150,80,0.0
376,4,10,150,80,0.0
377,4,10,150,80,0.08010929472340098
378,4,10,150,80,0.17937057950814977
379,4,10,150,80,0.14951641492682458
380,4,10,150,80,0.0
381,4,10,150,80,0.09118180877280627
382,4,10,150,80,0.0
383,4,10,150,80,0.04838338183089434
384,4,10,150,80,0.0
385,4,10,150,80,0.0
386,4,10,150,80,0.0
387,4,10,150,80,0.11497906462099297
388,4,10,150,80,0.04511904280884329
389,4,10,150,80,0.17394090433083284
390,4,10,150,80,0.0
391,4,10,150,80,0.2137247802747043
392,4,10,150,80,0.056679935917756406
393,4,10,150,80,0.054235696447924676
394,4,10,150,80,0.11073655428626575
395,4,10,150,80,0.09179488000267515
396,4,10,150,80,0.0
397,4,10,150,80,0.2710147943938467
398,4,10,150,80,0.18852571653533698
399,4,10,150,80,0.07594334672458623
400,4,10,150,80,0.0
401,4,10,150,80,0.0
402,4,10,150,80,0.08963222225173058
403,4,10,150,80,0.0854499779566911
404,4,10,150,80,0.0
405,4,10,150,80,0.06667735269275575
406,4,10,150,80,0.20956416940551098
407,4,10,150,80,0.06232415948793755
408,4,10,150,80,0.0
409,4,10,150,80,0.12740448328320192
410,4,10,150,80,0.0
411,4,10,150,80,0.0
412,4,10,150,80,0.0
413,4,10,150,80,0.041646268351119564
414,4,10,150,80,0.0
415,4,10,150,80,0.15103391472831218
416,4,10,150,80,0.2200039995691806
417,4,10,150,80,0.09850508837083022
418,4,10,150,80,0.0
419,4,10,150,80,0.1208113026994942
420,4,10,150,80,0.06052048269976269
421,4,10,150,80,0.19620555836557932
422,4,10,150,80,0.07550298029238112
423,4,10,150,80,0.053845569940583225
424,4,10,150,80,0.2766918177656049
425,4,10,150,80,0.1674157226455415
426,4,10,150,80,0.040759261617270684
427,4,10,150,80,0.07466168586864165
428,4,10,150,80,0.04415960465480069
429,4,10,150,80,0.14355264986043786
430,4,10,150,80,0.0
431,4,10,150,80,0.0
432,4,10,150,80,0.05789711601244791
433,4,10,150,80,0.05780921899607981
434,4,10,150,80,0.2562151231304954
435,4,10,150,80,0.17195543683824452
436,4,10,150,80,0.0
437,4,10,150,80,0.1246139643684977
438,4,10,150,80,0.0
439,4,10,150,80,0.10863976191957724
440,4,10,150,80,0.0
441,4,10,150,80,0.07736100002633538
442,4,10,150,80,0.040949887133979804
443,4,10,150,80,0.06783204105472322
444,4,10,150,80,0.1312721899408984
445,4,10,150,80,0.0
446,4,10,150,80,0.0
447,4,10,150,80,0.16246725303708914
448,4,10,150,80,0.0
449,4,10,150,80,0.1882329728596757
450,4,10,150,80,0.24434846107837735
451,4,10,150,80,0.06148915918944534
452,4,10,150,80,0.10773098771530253
453,4,10,150,80,0.0
454,4,10,150,80,0.0
455,4,10,150,80,0.0962493458910181
456,4,10,150,80,0.018650043077523788
457,4,10,150,80,0.31128444613224265
458,4,10,150,80,0.06982799741808067
459,4,10,150,80,0.0
460,4,10,150,80,0.05184030722866645
461,4,10,150,80,0.05428363317977833
462,4,10,150,80,0.0
463,4,10,150,80,0.11987424504051505
464,4,10,150,80,0.0
465,4,10,150,80,0.0
466,4,10,150,80,0.0
467,4,10,150,80,0.07807600999842033
468,4,10,150,80,0.11455543964849552
469,4,10,150,80,0.05165643482805862
470,4,10,150,80,0.0
471,4,10,150,80,0.0
472,4,10,150,80,0.1195980915282009
473,4,10,150,80,0.06140244428718695
474,4,10,150,80,0.24593822460513717
475,4,10,150,80,0.0
476,4,10,150,80,0.0
477,4,10,150,80,0.0
478,4,10,150,80,0.2345109835167376
479,4,10,150,80,0.10172348796286074
480,4,10,150,80,0.0741070054529978
481,4,10,150,80,0.13102204196909084
482,4,10,150,80,0.0
483,4,10,150,80,0.05658242244874664
484,4,10,150,80,0.29539974213048126
485,4,10,150,80,0.0
486,4,10,150,80,0.0
487,4,10,150,80,0.09557986065110975
488,4,10,150,80,0.0
489,4,10,150,80,0.02196588169196602
490,4,10,150,80,0.0
491,4,10,150,80,0.14208678740137623
492,4,10,150,80,0.0
493,4,10,150,80,0.1475552329391869
494,4,10,150,80,0.0
495,4,10,150,80,0.17949652011459483
496,4,10,150,80,0.08659863258371955
497,4,10,150,80,0.08955573351991261
498,4,10,150,80,0.0
499,4,10,150,80,0.05075938465928585
500,4,10,150,80,0.09541527213731128
501,4,10,150,80,0.0
502,4,10,150,80,0.0
503,4,10,150,80,0.10261815551018476
504,4,10,150,80,0.08148269775823089
505,4,10,150,80,0.07379217622092994
506,4,10,150,80,0.18325792458363765
507,4,10,150,80,0.05319635904163211
508,4,10,150,80,0.0
509,4,10,150,80,0.0
510,4,10,150,80,0.0
511,4,10,150,80,0.08495943917278885
512,4,10,150,80,0.05478392673173268
513,4,10,150,80,0.0
514,4,10,150,80,0.27252722616773445
515,4,10,150,80,0.11706259313796354
516,4,10,150,80,0.0
517,4,10,150,80,0.08878770367712427
518,4,10,150,80,0.0
519,4,10,150,80,0.0
520,4,10,150,80,0.0
521,4,10,150,80,0.09850628252086785
522,4,10,150,80,0.16015986784807879
523,4,10,150,80,0.05782495986511108
524,4,10,150,80,0.1388155168339688
525,4,10,150,80,0.0
526,4,10,150,80,0.15355181494703254
527,4,10,150,80,0.1636135858112592
528,4,10,150,80,0.10209739512291163
529,4,10,150,80,0.0
530,4,10,150,80,0.0
531,4,10,150,80,0.1517763576041802
532,4,10,150,80,0.2751056785549508
533,4,10,150,80,0.11557545112991054
534,4,10,150,80,0.12913418894806108
535,4,10,150,80,0.13889821983463596
536,4,10,150,80,0.15105160768725473
537,4,10,150,80,0.31176112576628956
538,4,10,150,80,0.14697776980950736
539,4,10,150,80,0.08229481249254499
540,4,10,150,80,0.0
541,4,10,150,80,0.0586415067779619
542,4,10,150,80,0.049033875503285806
543,4,10,150,80,0.04953295293703468
544,4,10,150,80,0.05282936728943967
545,4,10,150,80,0.02244213465825961
546,4,10,150,80,0.05758752804519195
547,4,10,150,80,0.0
548,4,10,150,80,0.14714570243929503
549,4,10,150,80,0.0
550,4,10,150,80,0.08775411958203361
551,4,10,150,80,0.0910925691220798
552,4,10,150,80,0.1205344274731702
553,4,10,150,80,0.07411563356774664
554,4,10,150,80,0.12627825946936164
555,4,10,150,80,0.0
556,4,10,150,80,0.07660623398069263
557,4,10,150,80,0.031742154565302834
558,4,10,150,80,0.08878770367712427
559,4,10,150,80,0.09986350037763675
560,4,10,150,80,0.09375790921485552
561,4,10,150,80,0.13106156530599275
562,4,10,150,80,0.07930308311174379
563,4,10,150,80,0.0
564,4,10,150,80,0.15437610727371853
565,4,10,150,80,0.0
566,4,10,150,80,0.03579489106983033
567,4,10,150,80,0.1471381878632886
568,4,10,150,80,0.036155150901276155
569,4,10,150,80,0.18299769260789403
570,4,10,150,80,0.0
571,4,10,150,80,0.04988426711147283
572,4,10,150,80,0.16812753627111746
573,4,10,150,80,0.06437746926759551
574,4,10,150,80,0.051811563545175146
575,4,10,150,80,0.0
576,4,10,150,80,0.0
577,4,10,150,80,0.20541190363713152
578,4,10,150,80,0.05006331611131463
579,4,10,150,80,0.0
580,4,10,150,80,0.17202958801773222
581,4,10,150,80,0.14348105418014392
582,4,10,150,80,0.03190895161277091
583,4,10,150,80,0.05364822253323318
584,4,10,150,80,0.06323567569191428
585,4,10,150,80,0.04173963774222741
586,4,10,150,80,0.05786021189691368
587,4,10,150,80,0.019492972026130224
588,4,10,150,80,0.14934904111986536
589,4,10,150,80,0.0
590,4,10,150,80,0.053845569940583225
591,4,10,150,80,0.0
592,4,10,150,80,0.30752058813604444
593,4,10,150,80,0.07711036365720102
594,4,10,150,80,0.044551000676675064
595,4,10,150,80,0.10296141646738245
596,4,10,150,80,0.0
597,4,10,150,80,0.27101620591530523
598,4,10,150,80,0.0684591776394769
599,4,10,150,80,0.0
600,4,10,150,80,0.09197011795311534
601,4,10,150,80,0.0
602,4,10,150,80,0.0
603,4,10,150,80,0.0
604,4,10,150,80,0.0
605,4,10,150,80,0.26275270116262744
606,4,10,150,80,0.1728918912586268
607,4,10,150,80,0.08673473912838402
608,4,10,150,80,0.12209659098915113
609,4,10,150,80,0.0
610,4,10,150,80,0.2146842601596213
611,4,10,150,80,0.07624568872860434
612,4,10,150,80,0.0
613,4,10,150,80,0.08385150490449667
614,4,10,150,80,0.0
615,4,10,150,80,0.04919117729584568
616,4,10,150,80,0.03618657486793958
617,4,10,150,80,0.0
618,4,10,150,80,0.1281253572826617
619,4,10,150,80,0.12363660028711727
620,4,10,150,80,0.159486715201797
621,4,10,150,80,0.11278207190006835
622,4,10,150,80,0.18241748250491993
623,4,10,150,80,0.17494254380936963
624,4,10,150,80,0.06626749824739844
625,4,10,150,80,0.0
626,4,10,150,80,0.06228974831361337
627,4,10,150,80,0.06945233499530101
628,4,10,150,80,0.0
629,4,10,150,80,0.1761343378337656
630,4,10,150,80,0.15874779570678058
631,4,10,150,80,0.0
632,4,10,150,80,0.12112269717167994
633,4,10,150,80,0.11499138576948859
634,4,10,150,80,0.022104381789790163
635,4,10,150,80,0.04546401530948942
636,4,10,150,80,0.11426572661305327
637,4,10,150,80,0.01928973283308616
638,4,10,150,80,0.09712868482236708
639,4,10,150,80,0.03138892079718151
640,4,10,150,80,0.10536866733091729
641,4,10,150,80,0.07675099783970546
642,4,10,150,80,0.12716829000393493
643,4,10,150,80,0.11071279041815515
644,4,10,150,80,0.04935421935348238
645,4,10,150,80,0.17581821458755492
646,4,10,150,80,0.0
647,4,10,150,80,0.05363388010108191
648,4,10,150,80,0.12214223017588963
649,4,10,150,80,0.15489949502599
650,4,10,150,80,0.10333285934821837
651,4,10,150,80,0.0
652,4,10,150,80,0.08156220960446063
653,4,10,150,80,0.09219674311547092
654,4,10,150,80,0.21255442687635834
655,4,10,150,80,0.2490054117404329
656,4,10,150,80,0.07397229644086958
657,4,10,150,80,0.04140815094666367
658,4,10,150,80,0.2625403796417579
659,4,10,150,80,0.08781544355121487
660,4,10,150,80,0.10085647425542008
661,4,10,150,80,0.08605775303302886
662,4,10,150,80,0.0512644431393966
663,4,10,150,80,0.24026856780584893
664,4,10,150,80,0.28517362059082263
665,4,10,150,80,0.0
666,4,10,150,80,0.16203054697979927
667,4,10,150,80,0.31347596517570553
668,4,10,150,80,0.06194403202282284
669,4,10,150,80,0.1348578320198433
670,4,10,150,80,0.09267469812912739
671,4,10,150,80,0.20819966483156851
672,4,10,150,80,0.03603026685992244
673,4,10,150,80,0.14837758007547783
674,4,10,150,80,0.11338915993603582
675,4,10,150,80,0.0
676,4,10,150,80,0.19009456031551833
677,4,10,150,80,0.03314040476303028
678,4,10,150,80,0.03824432123396675
679,4,10,150,80,0.15527711509166947
680,4,10,150,80,0.11377863936243801
681,4,10,150,80,0.0
682,4,10,150,80,0.15612105618244468
683,4,10,150,80,0.0
684,4,10,150,80,0.06573003977381581
685,4,10,150,80,0.1906465758273748
686,4,10,150,80,0.1682282387290392
687,4,10,150,80,0.0
688,4,10,150,80,0.08840257630093261
689,4,10,150,80,0.2385743953554933
690,4,10,150,80,0.12222352404401943
691,4,10,150,80,0.13843129503711957
692,4,10,150,80,0.1753901755134814
693,4,10,150,80,0.0
694,4,10,150,80,0.2448812985235888
695,4,10,150,80,0.0
696,4,10,150,80,0.039725595076707886
697,4,10,150,80,0.04239477130634912
698,4,10,150,80,0.041937660325009396
699,4,10,150,80,0.06339169989706635
700,4,10,150,80,0.12729890218214104
701,4,10,150,80,0.11497698281480273
702,4,10,150,80,0.037715680681715956
703,4,10,150,80,0.11918688501400482
704,4,10,150,80,0.2737585707060089
705,4,10,150,80,0.22667088038444094
706,4,10,150,80,0.04395738023645723
707,4,10,150,80,0.054247214548057004
708,4,10,150,80,0.10570703332515097
709,4,10,150,80,0.13472082394875662
710,4,10,150,80,0.10695361352497157
711,4,10,150,80,0.18133007201622714
712,4,10,150,80,0.15511023313323485
713,4,10,150,80,0.1468735732232516
714,4,10,150,80,0.03441184191455828
715,4,10,150,80,0.0
716,4,10,150,80,0.19995240392509797
717,4,10,150,80,0.09054670163637572
718,4,10,150,80,0.035328385129692476
719,4,10,150,80,0.09883437846193516
720,4,10,150,80,0.0
721,4,10,150,80,0.1850388725092322
722,4,10,150,80,0.06556429791586475
723,4,10,150,80,0.0
724,4,10,150,80,0.0
725,4,10,150,80,0.0
726,4,10,150,80,0.05010834716923557
727,4,10,150,80,0.12906946177866158
728,4,10,150,80,0.09627818061559096
729,4,10,150,80,0.07004038915633412
730,4,10,150,80,0.02601736765943984
731,4,10,150,80,0.14717311932656024
732,4,10,150,80,0.0
733,4,10,150,80,0.14514596345398123
734,4,10,150,80,0.0
735,4,10,150,80,0.0
736,4,10,150,80,0.03351972906068008
737,4,10,150,80,0.1138970555583582
738,4,10,150,80,0.13922998739868644
739,4,10,150,80,0.03855307727568851
740,4,10,150,80,0.0
741,4,10,150,80,0.05358697798864893
742,4,10,150,80,0.0488929053971083
743,4,10,150,80,0.0690623255281084
744,4,10,150,80,0.03596673601130318
745,4,10,150,80,0.03520132288421838
746,4,10,150,80,0.25743994347908983
747,4,10,150,80,0.40306143822071505
748,4,10,150,80,0.09621648119325965
749,4,10,150,80,0.13558211721670654
750,4,10,150,80,0.07184731398235064
751,4,10,150,80,0.08554799479006837
752,4,10,150,80,0.04389473417066348
753,4,10,150,80,0.15780803084928155
754,4,10,150,80,0.0
755,4,10,150,80,0.03855371268423985
756,4,10,150,80,0.031104745345423533
757,4,10,150,80,0.02032489047902012
758,4,10,150,80,0.2562362333524822
759,4,10,150,80,0.11006100937916612
760,4,10,150,80,0.03004859059698017
761,4,10,150,80,0.06869287000000811
762,4,10,150,80,0.051960280791503534
763,4,10,150,80,0.05892228941894017
764,4,10,150,80,0.08946696896639536
765,4,10,150,80,0.15066101840234988
766,4,10,150,80,0.03443306895956307
767,4,10,150,80,0.13884445379214724
768,4,10,150,80,0.08438032815655525
769,4,10,150,80,0.0
770,4,10,150,80,0.21464739068424896
771,4,10,150,80,0.32869562799119006
772,4,10,150,80,0.17356150297482983
773,4,10,150,80,0.08696710392235718
774,4,10,150,80,0.053320624194314645
775,4,10,150,80,0.038478285726379145
776,4,10,150,80,0.15403842856019037
777,4,10,150,80,0.0
778,4,10,150,80,0.1631238413472767
779,4,10,150,80,0.0
780,4,10,150,80,0.12088597199138466
781,4,10,150,80,0.2016539629141292
782,4,10,150,80,0.03677637291861569
783,4,10,150,80,0.0
784,4,10,150,80,0.029814614753779622
785,4,10,150,80,0.0
786,4,10,150,80,0.0
787,4,10,150,80,0.0
788,4,10,150,80,0.2241628749227485
789,4,10,150,80,0.08809718769055445
790,4,10,150,80,0.036270394979521114
791,4,10,150,80,0.04465281017341861
792,4,10,150,80,0.08944329533390502
793,4,10,150,80,0.0
794,4,10,150,80,0.04108065887337468
795,4,10,150,80,0.044671411846369496
796,4,10,150,80,0.33648342466389725
797,4,10,150,80,0.11278903329502893
798,4,10,150,80,0.035312170242169046
799,4,10,150,80,0.0
800,4,10,150,80,0.06097304495209779
801,4,10,150,80,0.1561471668577559
802,4,10,150,80,0.06960082070980815
803,4,10,150,80,0.10569353498973794
804,4,10,150,80,0.11463308742548149
805,4,10,150,80,0.10055262106890199
806,4,10,150,80,0.2959152150106387
807,4,10,150,80,0.1099447428214229
808,4,10,150,80,0.1025417224926713
809,4,10,150,80,0.10356976056061801
810,4,10,150,80,0.08932096975433959
811,4,10,150,80,0.0
812,4,10,150,80,0.09594989011285139
813,4,10,150,80,0.0
814,4,10,150,80,0.034616222155696735
815,4,10,150,80,0.18660881389796213
816,4,10,150,80,0.0
817,4,10,150,80,0.0
818,4,10,150,80,0.05516788910004661
819,4,10,150,80,0.037210602758860095
820,4,10,150,80,0.0787987754690289
821,4,10,150,80,0.302950268110492
822,4,10,150,80,0.028653609888707104
823,4,10,150,80,0.19293429370348378
824,4,10,150,80,0.05046096657376444
825,4,10,150,80,0.08238190489603152
826,4,10,150,80,0.17593166652195671
827,4,10,150,80,0.0
828,4,10,150,80,0.05745618865524075
829,4,10,150,80,0.1751347628439014
830,4,10,150,80,0.21673727180406585
831,4,10,150,80,0.21058943716644085
832,4,10,150,80,0.0
833,4,10,150,80,0.1463995133486102
834,4,10,150,80,0.2706897351446418
835,4,10,150,80,0.1997297127887765
836,4,10,150,80,0.20050437359357948
837,4,10,150,80,0.05665916465450996
838,4,10,150,80,0.27895398740912175
839,4,10,150,80,0.10730655186373157
840,4,10,150,80,0.322517398613906
841,4,10,150,80,0.06507217400164225
842,4,10,150,80,0.03947561302344988
843,4,10,150,80,0.008878555249419823
844,4,10,150,80,0.05872188515498603
845,4,10,150,80,0.0
846,4,10,150,80,0.3500388912844697
847,4,10,150,80,0.05107153900660915
848,4,10,150,80,0.08171518501440664
849,4,10,150,80,0.07738342520054953
850,4,10,150,80,0.29160326485645294
851,4,10,150,80,0.0680602145701573
852,4,10,150,80,0.26227118260874954
853,4,10,150,80,0.0
854,4,10,150,80,0.05427809849711663
855,4,10,150,80,0.0
856,4,10,150,80,0.037110354711564805
857,4,10,150,80,0.0
858,4,10,150,80,0.10250982096838526
859,4,10,150,80,0.05070263548706836
860,4,10,150,80,0.10848832312989015
861,4,10,150,80,0.06460834446248033
862,4,10,150,80,0.11503931795782096
863,4,10,150,80,0.06336841123297353
864,4,10,150,80,0.37561478509567775
865,4,10,150,80,0.09772208899610854
866,4,10,150,80,0.16283687678415507
867,4,10,150,80,0.22553696898882497
868,4,10,150,80,0.19443554361889304
869,4,10,150,80,0.0587446084443979
870,4,10,150,80,0.22900789074059386
871,4,10,150,80,0.07012986265386374
872,4,10,150,80,0.02804794621397926
873,4,10,150,80,0.0
874,4,10,150,80,0.13944914190808633
875,4,10,150,80,0.15950125360109937
876,4,10,150,80,0.08671382849411972
877,4,10,150,80,0.0835317778614811
878,4,10,150,80,0.1706804422753891
879,4,10,150,80,0.03963466998423315
880,4,10,150,80,0.31334853964883624
881,4,10,150,80,0.0976269426405744
882,4,10,150,80,0.21288820648214166
883,4,10,150,80,0.27986958770763903
884,4,10,150,80,0.11407805705099587
885,4,10,150,80,0.04536087033637415
886,4,10,150,80,0.1666089806074523
887,4,10,150,80,0.10214828088611402
888,4,10,150,80,0.11625487663628292
889,4,10,150,80,0.009771166708212866
890,4,10,150,80,0.11434431442033766
891,4,10,150,80,0.10491091696774645
892,4,10,150,80,0.2455191816579957
893,4,10,150,80,0.12806369532588527
894,4,10,150,80,0.10097784933110204
895,4,10,150,80,0.0
896,4,10,150,80,0.27149537402031515
897,4,10,150,80,0.3071672815592065
898,4,10,150,80,0.0
899,4,10,150,80,0.05684415375822261
900,4,10,150,80,0.055315677011973347
901,4,10,150,80,0.21968803523715988
902,4,10,150,80,0.05978585424799658
903,4,10,150,80,0.24651430146847014
904,4,10,150,80,0.0
905,4,10,150,80,0.0
906,4,10,150,80,0.10407444169186962
907,4,10,150,80,0.058866326113661355
908,4,10,150,80,0.06892767477436933
909,4,10,150,80,0.0
910,4,10,150,80,0.02138152805479416
911,4,10,150,80,0.14690565417489143
912,4,10,150,80,0.17642343579737088
913,4,10,150,80,0.08380195844185999
914,4,10,150,80,0.0
915,4,10,150,80,0.0
916,4,10,150,80,0.2149166240007468
917,4,10,150,80,0.0
918,4,10,150,80,0.043627084055128
919,4,10,150,80,0.08612918436035254
920,4,10,150,80,0.0
921,4,10,150,80,0.15405864814296488
922,4,10,150,80,0.1280645281724967
923,4,10,150,80,0.04031825574984845
924,4,10,150,80,0.018280262702529162
925,4,10,150,80,0.0
926,4,10,150,80,0.0
927,4,10,150,80,0.09447575046156538
928,4,10,150,80,0.1873259908039563
929,4,10,150,80,0.25163227912988373
930,4,10,150,80,0.032298243696638564
931,4,10,150,80,0.08679587898287541
932,4,10,150,80,0.26581896687705886
933,4,10,150,80,0.13752245444306133
934,4,10,150,80,0.10071040486185964
935,4,10,150,80,0.04173963774222741
936,4,10,150,80,0.1321191921354211
937,4,10,150,80,0.0
938,4,10,150,80,0.1661428141234511
939,4,10,150,80,0.02916862694666808
940,4,10,150,80,0.050684733114198
941,4,10,150,80,0.0
942,4,10,150,80,0.12154822122445835
943,4,10,150,80,0.20163692230838232
1,4,10,150,81,0.4058715898896693
2,4,10,150,81,0.06250343848035038
3,4,10,150,81,0.0
4,4,10,150,81,0.0
5,4,10,150,81,0.040209635547393256
6,4,10,150,81,0.27020011346731576
7,4,10,150,81,0.33622203315690036
8,4,10,150,81,0.0
9,4,10,150,81,0.21840743681816419
10,4,10,150,81,0.21491451057814584
11,4,10,150,81,0.1722584975122812
12,4,10,150,81,0.0
13,4,10,150,81,0.23354755242906122
14,4,10,150,81,0.03963175841995263
15,4,10,150,81,0.05010834716923557
16,4,10,150,81,0.09640453153873886
17,4,10,150,81,0.12407735386140566
18,4,10,150,81,0.2651132679673976
19,4,10,150,81,0.0
20,4,10,150,81,0.0
21,4,10,150,81,0.0
22,4,10,150,81,0.11702382382650763
23,4,10,150,81,0.23682446174402746
24,4,10,150,81,0.0
25,4,10,150,81,0.12358102547512423
26,4,10,150,81,0.0
27,4,10,150,81,0.0
28,4,10,150,81,0.0
29,4,10,150,81,0.13455232720853103
30,4,10,150,81,0.0
31,4,10,150,81,0.0
32,4,10,150,81,0.0
33,4,10,150,81,0.0
35,4,10,150,81,0.10523285614729473
36,4,10,150,81,0.0
37,4,10,150,81,0.0
38,4,10,150,81,0.04739418218477539
39,4,10,150,81,0.0
40,4,10,150,81,0.10558114683788161
41,4,10,150,81,0.0
42,4,10,150,81,0.0683037314796457
43,4,10,150,81,0.22592974817952552
44,4,10,150,81,0.2044921015662719
45,4,10,150,81,0.05200670101006268
46,4,10,150,81,0.11284514134893527
47,4,10,150,81,0.06250343848035038
48,4,10,150,81,0.0
49,4,10,150,81,0.0
50,4,10,150,81,0.0
51,4,10,150,81,0.16812753627111746
52,4,10,150,81,0.0
54,4,10,150,81,0.04843244625481133
56,4,10,150,81,0.20383503459815738
57,4,10,150,81,0.3030555992505742
58,4,10,150,81,0.3717269535737058
59,4,10,150,81,0.28704198671875886
60,4,10,150,81,0.1505674224523334
61,4,10,150,81,0.07763867093308688
62,4,10,150,81,0.10440036542861637
63,4,10,150,81,0.0
64,4,10,150,81,0.04238468688770069
65,4,10,150,81,0.13012668333070054
66,4,10,150,81,0.0
67,4,10,150,81,0.0
68,4,10,150,81,0.4827392464262081
69,4,10,150,81,0.07673373981757839
70,4,10,150,81,0.0
71,4,10,150,81,0.0
72,4,10,150,81,0.09048427472954688
73,4,10,150,81,0.0
74,4,10,150,81,0.0
75,4,10,150,81,0.049432410190049694
76,4,10,150,81,0.1301464707340554
77,4,10,150,81,0.10201115106436301
78,4,10,150,81,0.0
79,4,10,150,81,0.3183561588137008
80,4,10,150,81,0.0
81,4,10,150,81,0.0
82,4,10,150,81,0.19298623480417013
83,4,10,150,81,0.12089611529519323
84,4,10,150,81,0.05034889199379723
85,4,10,150,81,0.0
87,4,10,150,81,0.07100089300395272
89,4,10,150,81,0.2553387838830436
90,4,10,150,81,0.12160038777651704
91,4,10,150,81,0.05648147012627732
92,4,10,150,81,0.10542637391232386
93,4,10,150,81,0.0
94,4,10,150,81,0.1398942649682608
95,4,10,150,81,0.17287436926807473
96,4,10,150,81,0.10181164814261426
97,4,10,150,81,0.06462745615384195
98,4,10,150,81,0.0930297504356062
99,4,10,150,81,0.05658242244874664
100,4,10,150,81,0.0
101,4,10,150,81,0.0
102,4,10,150,81,0.02424726876918863
103,4,10,150,81,0.0
104,4,10,150,81,0.0
105,4,10,150,81,0.0
106,4,10,150,81,0.0
107,4,10,150,81,0.0
108,4,10,150,81,0.0
109,4,10,150,81,0.07103066762111539
110,4,10,150,81,0.0
111,4,10,150,81,0.0
112,4,10,150,81,0.05685954565780693
113,4,10,150,81,0.053168340515114924
114,4,10,150,81,0.0
115,4,10,150,81,0.10684080426179023
116,4,10,150,81,0.0
117,4,10,150,81,0.26646890433550474
118,4,10,150,81,0.0
119,4,10,150,81,0.2063582228182277
120,4,10,150,81,0.0
121,4,10,150,81,0.271985059917519
122,4,10,150,81,0.1530100230930498
123,4,10,150,81,0.07386004580671933
125,4,10,150,81,0.12702645795516354
126,4,10,150,81,0.06911917000496234
127,4,10,150,81,0.23132283185955704
128,4,10,150,81,0.0804528329814545
129,4,10,150,81,0.0
130,4,10,150,81,0.19839806705808383
131,4,10,150,81,0.06556385272536247
133,4,10,150,81,0.11047239495909743
134,4,10,150,81,0.0
135,4,10,150,81,0.0
137,4,10,150,81,0.1371200812351206
138,4,10,150,81,0.06140414576373613
139,4,10,150,81,0.0
141,4,10,150,81,0.0
142,4,10,150,81,0.13373003436102654
143,4,10,150,81,0.1208996448617798
144,4,10,150,81,0.1227945149537572
145,4,10,150,81,0.1075804523117992
146,4,10,150,81,0.0
148,4,10,150,81,0.20254719486838738
149,4,10,150,81,0.0
150,4,10,150,81,0.10235170428306553
151,4,10,150,81,0.06298430394440727
152,4,10,150,81,0.040655755922716606
153,4,10,150,81,0.0
154,4,10,150,81,0.11753148666901318
155,4,10,150,81,0.0
156,4,10,150,81,0.0
158,4,10,150,81,0.17575552384613552
159,4,10,150,81,0.03310852000739229
160,4,10,150,81,0.0
161,4,10,150,81,0.0
162,4,10,150,81,0.04858102772529458
163,4,10,150,81,0.0
164,4,10,150,81,0.0
165,4,10,150,81,0.12114889742360979
166,4,10,150,81,0.0
167,4,10,150,81,0.06267320809766952
168,4,10,150,81,0.23504554941448536
169,4,10,150,81,0.06416923277158361
170,4,10,150,81,0.0
171,4,10,150,81,0.0
172,4,10,150,81,0.0
173,4,10,150,81,0.11302181651994404
174,4,10,150,81,0.08712841477105211
175,4,10,150,81,0.0
176,4,10,150,81,0.09511409151391914
177,4,10,150,81,0.06912040963822193
178,4,10,150,81,0.2437589399037192
179,4,10,150,81,0.06723507268634088
180,4,10,150,81,0.12262943855309168
181,4,10,150,81,0.062426915812405386
182,4,10,150,81,0.0
183,4,10,150,81,0.0
184,4,10,150,81,0.11356458502877588
185,4,10,150,81,0.07745351606183934
186,4,10,150,81,0.22147164648185297
187,4,10,150,81,0.08625091781054979
188,4,10,150,81,0.054384419234677496
189,4,10,150,81,0.23042891886703956
190,4,10,150,81,0.10699313236726378
191,4,10,150,81,0.0
192,4,10,150,81,0.0
193,4,10,150,81,0.0
194,4,10,150,81,0.11592484831532757
195,4,10,150,81,0.0
196,4,10,150,81,0.0
197,4,10,150,81,0.05576624569167862
198,4,10,150,81,0.0
199,4,10,150,81,0.0
200,4,10,150,81,0.1350618908658632
201,4,10,150,81,0.10763403601326355
203,4,10,150,81,0.0
204,4,10,150,81,0.0
205,4,10,150,81,0.0
206,4,10,150,81,0.0
207,4,10,150,81,0.09412450373990706
209,4,10,150,81,0.0
210,4,10,150,81,0.09440608278107551
211,4,10,150,81,0.0
212,4,10,150,81,0.12681701683239352
213,4,10,150,81,0.2384146878320104
214,4,10,150,81,0.056720838976548935
215,4,10,150,81,0.0
216,4,10,150,81,0.06585783135342528
217,4,10,150,81,0.0
218,4,10,150,81,0.19092086617893467
219,4,10,150,81,0.0
221,4,10,150,81,0.3375735570145491
222,4,10,150,81,0.12476107276951183
223,4,10,150,81,0.03870447337439288
224,4,10,150,81,0.0
225,4,10,150,81,0.0
226,4,10,150,81,0.08080765379783027
227,4,10,150,81,0.0
228,4,10,150,81,0.0
229,4,10,150,81,0.0
230,4,10,150,81,0.23712439662683835
231,4,10,150,81,0.0
232,4,10,150,81,0.3234992853586256
233,4,10,150,81,0.0968152409481219
234,4,10,150,81,0.12044132560043697
235,4,10,150,81,0.06065881345112158
236,4,10,150,81,0.0
237,4,10,150,81,0.0
238,4,10,150,81,0.0
239,4,10,150,81,0.11792279130466408
240,4,10,150,81,0.05497526658285817
242,4,10,150,81,0.0
243,4,10,150,81,0.09267768927614353
244,4,10,150,81,0.15765545519871427
245,4,10,150,81,0.10704534003732354
246,4,10,150,81,0.11120150311654428
247,4,10,150,81,0.0
248,4,10,150,81,0.14830051302014485
249,4,10,150,81,0.31180658179892495
250,4,10,150,81,0.3503302816689379
251,4,10,150,81,0.0
252,4,10,150,81,0.0
253,4,10,150,81,0.05954496680255472
254,4,10,150,81,0.0
255,4,10,150,81,0.0
256,4,10,150,81,0.16583176898817792
257,4,10,150,81,0.3305900772260718
258,4,10,150,81,0.07557488532248983
259,4,10,150,81,0.0
260,4,10,150,81,0.0
261,4,10,150,81,0.0
262,4,10,150,81,0.05029331645508228
263,4,10,150,81,0.15472701459244137
264,4,10,150,81,0.05840183867278569
265,4,10,150,81,0.10209739512291163
267,4,10,150,81,0.09794101962538232
268,4,10,150,81,0.16126143108036026
269,4,10,150,81,0.13223875150584097
270,4,10,150,81,0.046726672111120165
271,4,10,150,81,0.12276482551434069
272,4,10,150,81,0.14498698048571354
273,4,10,150,81,0.0
274,4,10,150,81,0.0
275,4,10,150,81,0.04605780568615433
276,4,10,150,81,0.20223032365941937
277,4,10,150,81,0.0
279,4,10,150,81,0.07923708494918187
280,4,10,150,81,0.03337620304869898
281,4,10,150,81,0.0
283,4,10,150,81,0.1292258709239571
284,4,10,150,81,0.0
285,4,10,150,81,0.1185995982858366
286,4,10,150,81,0.31887623993711317
287,4,10,150,81,0.11352455583778437
288,4,10,150,81,0.12538054736008386
289,4,10,150,81,0.13905617951077562
290,4,10,150,81,0.0
291,4,10,150,81,0.23494592513118112
292,4,10,150,81,0.08933583385868532
293,4,10,150,81,0.2344161202530718
294,4,10,150,81,0.04123398036294628
295,4,10,150,81,0.2670961153715764
296,4,10,150,81,0.5382063622180417
297,4,10,150,81,0.13535082686131417
298,4,10,150,81,0.19947114504638494
299,4,10,150,81,0.0
300,4,10,150,81,0.0
301,4,10,150,81,0.047934103497110726
303,4,10,150,81,0.11577931806589845
304,4,10,150,81,0.0
305,4,10,150,81,0.31514747987601716
306,4,10,150,81,0.0
307,4,10,150,81,0.1383141340724969
308,4,10,150,81,0.19205342317019936
309,4,10,150,81,0.0
310,4,10,150,81,0.0
311,4,10,150,81,0.08938791352906189
312,4,10,150,81,0.14069579419580536
313,4,10,150,81,0.14465709645474623
314,4,10,150,81,0.20285519102295546
315,4,10,150,81,0.0
316,4,10,150,81,0.04568304891751105
317,4,10,150,81,0.0
318,4,10,150,81,0.13815200906377123
319,4,10,150,81,0.0
320,4,10,150,81,0.0
321,4,10,150,81,0.062242588308449316
322,4,10,150,81,0.17342765698823945
323,4,10,150,81,0.14126697285982898
324,4,10,150,81,0.03555702818464106
325,4,10,150,81,0.0
326,4,10,150,81,0.0634222181618871
327,4,10,150,81,0.04302935573946656
328,4,10,150,81,0.1437524526514495
329,4,10,150,81,0.0
330,4,10,150,81,0.0536466452928127
331,4,10,150,81,0.16958010263680806
332,4,10,150,81,0.046679707512804314
333,4,10,150,81,0.0
334,4,10,150,81,0.0858345406672181
336,4,10,150,81,0.0
337,4,10,150,81,0.16716045496620227
338,4,10,150,81,0.05005165434923901
339,4,10,150,81,0.1344957225763306
340,4,10,150,81,0.0
341,4,10,150,81,0.0
342,4,10,150,81,0.2625072992734236
343,4,10,150,81,0.28732332399638805
344,4,10,150,81,0.23832550406045652
345,4,10,150,81,0.056149696530797676
346,4,10,150,81,0.13947804593499064
347,4,10,150,81,0.11116062301189339
348,4,10,150,81,0.071942683897578
349,4,10,150,81,0.07673373981757839
350,4,10,150,81,0.2065896325117088
351,4,10,150,81,0.0
352,4,10,150,81,0.0
353,4,10,150,81,0.0
354,4,10,150,81,0.051249224710132255
355,4,10,150,81,0.0
356,4,10,150,81,0.08406376813555873
357,4,10,150,81,0.05006331611131463
358,4,10,150,81,0.20438239758848611
359,4,10,150,81,0.0
360,4,10,150,81,0.09491042451242505
361,4,10,150,81,0.09622728274290568
362,4,10,150,81,0.0
363,4,10,150,81,0.21862978877358352
364,4,10,150,81,0.0
365,4,10,150,81,0.0
366,4,10,150,81,0.0
367,4,10,150,81,0.07630862162354303
368,4,10,150,81,0.0
369,4,10,150,81,0.0
370,4,10,150,81,0.13479984916817475
371,4,10,150,81,0.22569563125869263
372,4,10,150,81,0.0
373,4,10,150,81,0.08627719815628208
374,4,10,150,81,0.06834943074719504
375,4,10,150,81,0.0
376,4,10,150,81,0.0
377,4,10,150,81,0.08010929472340098
378,4,10,150,81,0.17937057950814977
379,4,10,150,81,0.14951641492682458
380,4,10,150,81,0.0
381,4,10,150,81,0.09118180877280627
382,4,10,150,81,0.0
383,4,10,150,81,0.04838338183089434
384,4,10,150,81,0.0
385,4,10,150,81,0.0
386,4,10,150,81,0.0
387,4,10,150,81,0.11497906462099297
388,4,10,150,81,0.04511904280884329
389,4,10,150,81,0.17394090433083284
390,4,10,150,81,0.0
391,4,10,150,81,0.2137247802747043
392,4,10,150,81,0.056679935917756406
393,4,10,150,81,0.06677476047860295
394,4,10,150,81,0.11073655428626575
395,4,10,150,81,0.09179488000267515
396,4,10,150,81,0.0
397,4,10,150,81,0.2710147943938467
398,4,10,150,81,0.18852571653533698
399,4,10,150,81,0.07594334672458623
400,4,10,150,81,0.0
401,4,10,150,81,0.0
402,4,10,150,81,0.08963222225173058
403,4,10,150,81,0.0854499779566911
404,4,10,150,81,0.0
405,4,10,150,81,0.06667735269275575
406,4,10,150,81,0.20956416940551098
407,4,10,150,81,0.06232415948793755
408,4,10,150,81,0.0
409,4,10,150,81,0.12740448328320192
410,4,10,150,81,0.0
411,4,10,150,81,0.0
412,4,10,150,81,0.0
413,4,10,150,81,0.041646268351119564
414,4,10,150,81,0.0
415,4,10,150,81,0.15103391472831218
416,4,10,150,81,0.2200039995691806
417,4,10,150,81,0.09850508837083022
418,4,10,150,81,0.0
419,4,10,150,81,0.1208113026994942
420,4,10,150,81,0.06052048269976269
421,4,10,150,81,0.19620555836557932
422,4,10,150,81,0.07550298029238112
423,4,10,150,81,0.053845569940583225
424,4,10,150,81,0.2766918177656049
425,4,10,150,81,0.1674157226455415
426,4,10,150,81,0.040759261617270684
427,4,10,150,81,0.07466168586864165
428,4,10,150,81,0.04415960465480069
429,4,10,150,81,0.14355264986043786
430,4,10,150,81,0.0
431,4,10,150,81,0.0
432,4,10,150,81,0.05789711601244791
433,4,10,150,81,0.05780921899607981
434,4,10,150,81,0.2562151231304954
435,4,10,150,81,0.17195543683824452
436,4,10,150,81,0.0
437,4,10,150,81,0.1246139643684977
438,4,10,150,81,0.0
439,4,10,150,81,0.10863976191957724
440,4,10,150,81,0.0
441,4,10,150,81,0.07736100002633538
442,4,10,150,81,0.040949887133979804
443,4,10,150,81,0.06783204105472322
444,4,10,150,81,0.1312721899408984
445,4,10,150,81,0.0
446,4,10,150,81,0.0
447,4,10,150,81,0.16246725303708914
448,4,10,150,81,0.0
449,4,10,150,81,0.1882329728596757
450,4,10,150,81,0.24221612073353846
451,4,10,150,81,0.06148915918944534
452,4,10,150,81,0.10773098771530253
453,4,10,150,81,0.0
454,4,10,150,81,0.0
455,4,10,150,81,0.0962493458910181
456,4,10,150,81,0.018650043077523788
457,4,10,150,81,0.31128444613224265
458,4,10,150,81,0.06982799741808067
459,4,10,150,81,0.0
460,4,10,150,81,0.05184030722866645
461,4,10,150,81,0.05428363317977833
462,4,10,150,81,0.0
463,4,10,150,81,0.11987424504051505
464,4,10,150,81,0.0
465,4,10,150,81,0.0
466,4,10,150,81,0.0
467,4,10,150,81,0.07807600999842033
468,4,10,150,81,0.11455543964849552
469,4,10,150,81,0.05165643482805862
470,4,10,150,81,0.0
471,4,10,150,81,0.0
472,4,10,150,81,0.13402286793172438
473,4,10,150,81,0.06140244428718695
474,4,10,150,81,0.24593822460513717
475,4,10,150,81,0.0
476,4,10,150,81,0.0
477,4,10,150,81,0.0
478,4,10,150,81,0.2345109835167376
479,4,10,150,81,0.10172348796286074
480,4,10,150,81,0.0741070054529978
481,4,10,150,81,0.13102204196909084
482,4,10,150,81,0.0
483,4,10,150,81,0.05658242244874664
484,4,10,150,81,0.29539974213048126
485,4,10,150,81,0.0
486,4,10,150,81,0.0
487,4,10,150,81,0.09557986065110975
488,4,10,150,81,0.0
489,4,10,150,81,0.02196588169196602
490,4,10,150,81,0.0
491,4,10,150,81,0.14208678740137623
492,4,10,150,81,0.0
493,4,10,150,81,0.1475552329391869
494,4,10,150,81,0.0
495,4,10,150,81,0.17949652011459483
496,4,10,150,81,0.08659863258371955
497,4,10,150,81,0.08955573351991261
498,4,10,150,81,0.0
499,4,10,150,81,0.05075938465928585
500,4,10,150,81,0.09541527213731128
501,4,10,150,81,0.0
502,4,10,150,81,0.0
503,4,10,150,81,0.10261815551018476
504,4,10,150,81,0.08148269775823089
505,4,10,150,81,0.07379217622092994
506,4,10,150,81,0.18325792458363765
507,4,10,150,81,0.05319635904163211
508,4,10,150,81,0.0
509,4,10,150,81,0.0
510,4,10,150,81,0.0
511,4,10,150,81,0.08495943917278885
512,4,10,150,81,0.05478392673173268
513,4,10,150,81,0.0
514,4,10,150,81,0.27252722616773445
515,4,10,150,81,0.11706259313796354
516,4,10,150,81,0.0
517,4,10,150,81,0.08878770367712427
518,4,10,150,81,0.0
519,4,10,150,81,0.0
520,4,10,150,81,0.0
521,4,10,150,81,0.09850628252086785
522,4,10,150,81,0.16015986784807879
523,4,10,150,81,0.05782495986511108
524,4,10,150,81,0.1388155168339688
525,4,10,150,81,0.0
526,4,10,150,81,0.15355181494703254
527,4,10,150,81,0.1636135858112592
528,4,10,150,81,0.10209739512291163
529,4,10,150,81,0.0
530,4,10,150,81,0.0
531,4,10,150,81,0.1517763576041802
532,4,10,150,81,0.2751056785549508
533,4,10,150,81,0.11557545112991054
534,4,10,150,81,0.12913418894806108
535,4,10,150,81,0.13889821983463596
536,4,10,150,81,0.15105160768725473
537,4,10,150,81,0.3090404995610334
538,4,10,150,81,0.14697776980950736
539,4,10,150,81,0.08229481249254499
540,4,10,150,81,0.0
541,4,10,150,81,0.0586415067779619
542,4,10,150,81,0.049033875503285806
543,4,10,150,81,0.06395772934055814
544,4,10,150,81,0.05282936728943967
545,4,10,150,81,0.02244213465825961
546,4,10,150,81,0.05758752804519195
547,4,10,150,81,0.0
548,4,10,150,81,0.14714570243929503
549,4,10,150,81,0.0
550,4,10,150,81,0.08775411958203361
551,4,10,150,81,0.0910925691220798
552,4,10,150,81,0.1205344274731702
553,4,10,150,81,0.07411563356774664
554,4,10,150,81,0.12627825946936164
555,4,10,150,81,0.0
556,4,10,150,81,0.07660623398069263
557,4,10,150,81,0.031742154565302834
558,4,10,150,81,0.08878770367712427
559,4,10,150,81,0.09986350037763675
560,4,10,150,81,0.09375790921485552
561,4,10,150,81,0.1386444756844823
562,4,10,150,81,0.07930308311174379
563,4,10,150,81,0.0
564,4,10,150,81,0.15437610727371853
565,4,10,150,81,0.0
566,4,10,150,81,0.03579489106983033
567,4,10,150,81,0.1471381878632886
568,4,10,150,81,0.036155150901276155
569,4,10,150,81,0.18299769260789403
570,4,10,150,81,0.0
571,4,10,150,81,0.04988426711147283
572,4,10,150,81,0.16812753627111746
573,4,10,150,81,0.06437746926759551
574,4,10,150,81,0.051811563545175146
575,4,10,150,81,0.0
576,4,10,150,81,0.0
577,4,10,150,81,0.2181315616010628
578,4,10,150,81,0.05006331611131463
579,4,10,150,81,0.029371016515430802
580,4,10,150,81,0.17202958801773222
581,4,10,150,81,0.14348105418014392
582,4,10,150,81,0.03190895161277091
583,4,10,150,81,0.05364822253323318
584,4,10,150,81,0.06323567569191428
585,4,10,150,81,0.04173963774222741
586,4,10,150,81,0.05786021189691368
587,4,10,150,81,0.019492972026130224
588,4,10,150,81,0.14934904111986536
589,4,10,150,81,0.0
590,4,10,150,81,0.053845569940583225
591,4,10,150,81,0.0
592,4,10,150,81,0.30752058813604444
593,4,10,150,81,0.07711036365720102
594,4,10,150,81,0.044551000676675064
595,4,10,150,81,0.10296141646738245
596,4,10,150,81,0.0
597,4,10,150,81,0.27101620591530523
598,4,10,150,81,0.0684591776394769
599,4,10,150,81,0.0
600,4,10,150,81,0.09197011795311534
601,4,10,150,81,0.0
602,4,10,150,81,0.0
603,4,10,150,81,0.0
604,4,10,150,81,0.0
605,4,10,150,81,0.26275270116262744
606,4,10,150,81,0.1728918912586268
607,4,10,150,81,0.08673473912838402
608,4,10,150,81,0.12209659098915113
609,4,10,150,81,0.0
610,4,10,150,81,0.2146842601596213
611,4,10,150,81,0.07624568872860434
612,4,10,150,81,0.0
613,4,10,150,81,0.08385150490449667
614,4,10,150,81,0.0
615,4,10,150,81,0.04919117729584568
616,4,10,150,81,0.03618657486793958
617,4,10,150,81,0.0
618,4,10,150,81,0.1281253572826617
619,4,10,150,81,0.12363660028711727
620,4,10,150,81,0.159486715201797
621,4,10,150,81,0.11278207190006835
622,4,10,150,81,0.18241748250491993
623,4,10,150,81,0.17494254380936963
624,4,10,150,81,0.06626749824739844
625,4,10,150,81,0.0
626,4,10,150,81,0.06228974831361337
627,4,10,150,81,0.06945233499530101
628,4,10,150,81,0.03461894863592259
629,4,10,150,81,0.19194057324582506
630,4,10,150,81,0.15874779570678058
631,4,10,150,81,0.0
632,4,10,150,81,0.12112269717167994
633,4,10,150,81,0.11499138576948859
634,4,10,150,81,0.03760924576765743
635,4,10,150,81,0.04546401530948942
636,4,10,150,81,0.11426572661305327
637,4,10,150,81,0.01928973283308616
638,4,10,150,81,0.09712868482236708
639,4,10,150,81,0.03138892079718151
640,4,10,150,81,0.10536866733091729
641,4,10,150,81,0.07675099783970546
642,4,10,150,81,0.12716829000393493
643,4,10,150,81,0.11071279041815515
644,4,10,150,81,0.04935421935348238
645,4,10,150,81,0.17581821458755492
646,4,10,150,81,0.0
647,4,10,150,81,0.05363388010108191
648,4,10,150,81,0.12214223017588963
649,4,10,150,81,0.15489949502599
650,4,10,150,81,0.10243111098457679
651,4,10,150,81,0.0
652,4,10,150,81,0.08156220960446063
653,4,10,150,81,0.0913921755968533
654,4,10,150,81,0.21255442687635834
655,4,10,150,81,0.24683243187719148
656,4,10,150,81,0.07397229644086958
657,4,10,150,81,0.04140815094666367
658,4,10,150,81,0.2625403796417579
659,4,10,150,81,0.08781544355121487
660,4,10,150,81,0.10085647425542008
661,4,10,150,81,0.08605775303302886
662,4,10,150,81,0.0512644431393966
663,4,10,150,81,0.24026856780584893
664,4,10,150,81,0.28517362059082263
665,4,10,150,81,0.0
666,4,10,150,81,0.16061656519781245
667,4,10,150,81,0.31347596517570553
668,4,10,150,81,0.06194403202282284
669,4,10,150,81,0.1348578320198433
670,4,10,150,81,0.09267469812912739
671,4,10,150,81,0.20819966483156851
672,4,10,150,81,0.03603026685992244
673,4,10,150,81,0.14837758007547783
674,4,10,150,81,0.11338915993603582
675,4,10,150,81,0.0
676,4,10,150,81,0.21243649940315465
677,4,10,150,81,0.03314040476303028
678,4,10,150,81,0.03824432123396675
679,4,10,150,81,0.15527711509166947
680,4,10,150,81,0.11377863936243801
681,4,10,150,81,0.0
682,4,10,150,81,0.15475864438206957
683,4,10,150,81,0.0
684,4,10,150,81,0.06573003977381581
685,4,10,150,81,0.1906465758273748
686,4,10,150,81,0.1682282387290392
687,4,10,150,81,0.0
688,4,10,150,81,0.08840257630093261
689,4,10,150,81,0.2385743953554933
690,4,10,150,81,0.12222352404401943
691,4,10,150,81,0.13843129503711957
692,4,10,150,81,0.1753901755134814
693,4,10,150,81,0.0
694,4,10,150,81,0.2448812985235888
695,4,10,150,81,0.0
696,4,10,150,81,0.039725595076707886
697,4,10,150,81,0.04239477130634912
698,4,10,150,81,0.041937660325009396
699,4,10,150,81,0.06339169989706635
700,4,10,150,81,0.12729890218214104
701,4,10,150,81,0.11497698281480273
702,4,10,150,81,0.037715680681715956
703,4,10,150,81,0.11918688501400482
704,4,10,150,81,0.2737585707060089
705,4,10,150,81,0.22667088038444094
706,4,10,150,81,0.04395738023645723
707,4,10,150,81,0.054247214548057004
708,4,10,150,81,0.10570703332515097
709,4,10,150,81,0.13472082394875662
710,4,10,150,81,0.10695361352497157
711,4,10,150,81,0.18133007201622714
712,4,10,150,81,0.15511023313323485
713,4,10,150,81,0.1468735732232516
714,4,10,150,81,0.03441184191455828
715,4,10,150,81,0.0
716,4,10,150,81,0.2069341289557077
717,4,10,150,81,0.09054670163637572
718,4,10,150,81,0.035328385129692476
719,4,10,150,81,0.09883437846193516
720,4,10,150,81,0.0
721,4,10,150,81,0.1850388725092322
722,4,10,150,81,0.06556429791586475
723,4,10,150,81,0.0
724,4,10,150,81,0.0
725,4,10,150,81,0.0
726,4,10,150,81,0.05010834716923557
727,4,10,150,81,0.12794311942552108
728,4,10,150,81,0.09627818061559096
729,4,10,150,81,0.07004038915633412
730,4,10,150,81,0.02601736765943984
731,4,10,150,81,0.14717311932656024
732,4,10,150,81,0.0
733,4,10,150,81,0.14514596345398123
734,4,10,150,81,0.0
735,4,10,150,81,0.0
736,4,10,150,81,0.03351972906068008
737,4,10,150,81,0.1138970555583582
738,4,10,150,81,0.13922998739868644
739,4,10,150,81,0.03855307727568851
740,4,10,150,81,0.0
741,4,10,150,81,0.05358697798864893
742,4,10,150,81,0.0488929053971083
743,4,10,150,81,0.0690623255281084
744,4,10,150,81,0.03596673601130318
745,4,10,150,81,0.03520132288421838
746,4,10,150,81,0.25743994347908983
747,4,10,150,81,0.3995440673219021
748,4,10,150,81,0.09621648119325965
749,4,10,150,81,0.13439894128302582
750,4,10,150,81,0.07184731398235064
751,4,10,150,81,0.08554799479006837
752,4,10,150,81,0.04389473417066348
753,4,10,150,81,0.15780803084928155
754,4,10,150,81,0.0
755,4,10,150,81,0.03855371268423985
756,4,10,150,81,0.031104745345423533
757,4,10,150,81,0.02032489047902012
758,4,10,150,81,0.25400015273312526
759,4,10,150,81,0.11006100937916612
760,4,10,150,81,0.03004859059698017
761,4,10,150,81,0.06869287000000811
762,4,10,150,81,0.051960280791503534
763,4,10,150,81,0.05892228941894017
764,4,10,150,81,0.08946696896639536
765,4,10,150,81,0.15066101840234988
766,4,10,150,81,0.03443306895956307
767,4,10,150,81,0.13884445379214724
768,4,10,150,81,0.08438032815655525
769,4,10,150,81,0.0
770,4,10,150,81,0.21464739068424896
771,4,10,150,81,0.32869562799119006
772,4,10,150,81,0.17356150297482983
773,4,10,150,81,0.08696710392235718
774,4,10,150,81,0.052855314457229546
775,4,10,150,81,0.038478285726379145
776,4,10,150,81,0.15403842856019037
777,4,10,150,81,0.0
778,4,10,150,81,0.1631238413472767
779,4,10,150,81,0.0
780,4,10,150,81,0.12088597199138466
781,4,10,150,81,0.2016539629141292
782,4,10,150,81,0.036455438858441484
783,4,10,150,81,0.0
784,4,10,150,81,0.029814614753779622
785,4,10,150,81,0.0
786,4,10,150,81,0.0
787,4,10,150,81,0.0
788,4,10,150,81,0.2222066868628633
789,4,10,150,81,0.08809718769055445
790,4,10,150,81,0.044680513501371116
791,4,10,150,81,0.04465281017341861
792,4,10,150,81,0.08944329533390502
793,4,10,150,81,0.0
794,4,10,150,81,0.04108065887337468
795,4,10,150,81,0.05519131445087014
796,4,10,150,81,0.3335470559279786
797,4,10,150,81,0.11278903329502893
798,4,10,150,81,0.03500401374738743
799,4,10,150,81,0.0
800,4,10,150,81,0.06097304495209779
801,4,10,150,81,0.1561471668577559
802,4,10,150,81,0.06960082070980815
803,4,10,150,81,0.10569353498973794
804,4,10,150,81,0.11363272607230566
805,4,10,150,81,0.09967513483576489
806,4,10,150,81,0.2959152150106387
807,4,10,150,81,0.10898529495018848
808,4,10,150,81,0.1025417224926713
809,4,10,150,81,0.10356976056061801
810,4,10,150,81,0.08932096975433959
811,4,10,150,81,0.0
812,4,10,150,81,0.09594989011285139
813,4,10,150,81,0.0
814,4,10,150,81,0.034616222155696735
815,4,10,150,81,0.18660881389796213
816,4,10,150,81,0.0
817,4,10,150,81,0.0
818,4,10,150,81,0.05516788910004661
819,4,10,150,81,0.037210602758860095
820,4,10,150,81,0.0787987754690289
821,4,10,150,81,0.302950268110492
822,4,10,150,81,0.05548928785951652
823,4,10,150,81,0.19997726323509846
824,4,10,150,81,0.05046096657376444
825,4,10,150,81,0.08238190489603152
826,4,10,150,81,0.17593166652195671
827,4,10,150,81,0.0
828,4,10,150,81,0.05745618865524075
829,4,10,150,81,0.1751347628439014
830,4,10,150,81,0.21673727180406585
831,4,10,150,81,0.21058943716644085
832,4,10,150,81,0.0
833,4,10,150,81,0.14512193792456085
834,4,10,150,81,0.2706897351446418
835,4,10,150,81,0.1997297127887765
836,4,10,150,81,0.20050437359357948
837,4,10,150,81,0.05665916465450996
838,4,10,150,81,0.27895398740912175
839,4,10,150,81,0.10730655186373157
840,4,10,150,81,0.31970290631900133
841,4,10,150,81,0.06507217400164225
842,4,10,150,81,0.03947561302344988
843,4,10,150,81,0.008801075319819832
844,4,10,150,81,0.05872188515498603
845,4,10,150,81,0.0
846,4,10,150,81,0.34698422891068403
847,4,10,150,81,0.05107153900660915
848,4,10,150,81,0.08171518501440664
849,4,10,150,81,0.07738342520054953
850,4,10,150,81,0.29160326485645294
851,4,10,150,81,0.06746627777691601
852,4,10,150,81,0.26227118260874954
853,4,10,150,81,0.0
854,4,10,150,81,0.06253107032543313
855,4,10,150,81,0.0
856,4,10,150,81,0.037110354711564805
857,4,10,150,81,0.0
858,4,10,150,81,0.10250982096838526
859,4,10,150,81,0.05070263548706836
860,4,10,150,81,0.10848832312989015
861,4,10,150,81,0.06460834446248033
862,4,10,150,81,0.12442805956287147
863,4,10,150,81,0.06336841123297353
864,4,10,150,81,0.3723369311781915
865,4,10,150,81,0.09772208899610854
866,4,10,150,81,0.16283687678415507
867,4,10,150,81,0.22553696898882497
868,4,10,150,81,0.19273877519113422
869,4,10,150,81,0.0587446084443979
870,4,10,150,81,0.2357360590821122
871,4,10,150,81,0.07012986265386374
872,4,10,150,81,0.02804794621397926
873,4,10,150,81,0.0
874,4,10,150,81,0.13944914190808633
875,4,10,150,81,0.15950125360109937
876,4,10,150,81,0.08671382849411972
877,4,10,150,81,0.0835317778614811
878,4,10,150,81,0.1706804422753891
879,4,10,150,81,0.03963466998423315
880,4,10,150,81,0.3106140606587057
881,4,10,150,81,0.09677498774134138
882,4,10,150,81,0.21288820648214166
883,4,10,150,81,0.27742726738145945
884,4,10,150,81,0.11407805705099587
885,4,10,150,81,0.04536087033637415
886,4,10,150,81,0.16515504449672808
887,4,10,150,81,0.10214828088611402
888,4,10,150,81,0.11625487663628292
889,4,10,150,81,0.009685897282344105
890,4,10,150,81,0.11434431442033766
891,4,10,150,81,0.10491091696774645
892,4,10,150,81,0.2455191816579957
893,4,10,150,81,0.12806369532588527
894,4,10,150,81,0.10009665228523767
895,4,10,150,81,0.0
896,4,10,150,81,0.26912613241795064
897,4,10,150,81,0.3071672815592065
898,4,10,150,81,0.0
899,4,10,150,81,0.05684415375822261
900,4,10,150,81,0.055315677011973347
901,4,10,150,81,0.21968803523715988
902,4,10,150,81,0.05978585424799658
903,4,10,150,81,0.24651430146847014
904,4,10,150,81,0.0
905,4,10,150,81,0.0
906,4,10,150,81,0.10407444169186962
907,4,10,150,81,0.07177286059804715
908,4,10,150,81,0.06892767477436933
909,4,10,150,81,0.0
910,4,10,150,81,0.02138152805479416
911,4,10,150,81,0.14690565417489143
912,4,10,150,81,0.17642343579737088
913,4,10,150,81,0.08380195844185999
914,4,10,150,81,0.0
915,4,10,150,81,0.0
916,4,10,150,81,0.21304112461715805
917,4,10,150,81,0.0
918,4,10,150,81,0.043627084055128
919,4,10,150,81,0.08537756622505054
920,4,10,150,81,0.0
921,4,10,150,81,0.15405864814296488
922,4,10,150,81,0.1280645281724967
923,4,10,150,81,0.04031825574984845
924,4,10,150,81,0.018280262702529162
925,4,10,150,81,0.0
926,4,10,150,81,0.0
927,4,10,150,81,0.09447575046156538
928,4,10,150,81,0.1873259908039563
929,4,10,150,81,0.25163227912988373
930,4,10,150,81,0.032298243696638564
931,4,10,150,81,0.08679587898287541
932,4,10,150,81,0.26581896687705886
933,4,10,150,81,0.13752245444306133
934,4,10,150,81,0.10071040486185964
935,4,10,150,81,0.04173963774222741
936,4,10,150,81,0.1321191921354211
937,4,10,150,81,0.0
938,4,10,150,81,0.1661428141234511
939,4,10,150,81,0.02916862694666808
940,4,10,150,81,0.050684733114198
941,4,10,150,81,0.0
942,4,10,150,81,0.12154822122445835
943,4,10,150,81,0.20163692230838232
1,4,10,150,82,0.4058715898896693
2,4,10,150,82,0.06250343848035038
3,4,10,150,82,0.0
4,4,10,150,82,0.0
5,4,10,150,82,0.040209635547393256
6,4,10,150,82,0.27020011346731576
7,4,10,150,82,0.33622203315690036
8,4,10,150,82,0.0
9,4,10,150,82,0.21840743681816419
10,4,10,150,82,0.21491451057814584
11,4,10,150,82,0.1722584975122812
12,4,10,150,82,0.0
13,4,10,150,82,0.23354755242906122
14,4,10,150,82,0.03963175841995263
15,4,10,150,82,0.05010834716923557
16,4,10,150,82,0.09640453153873886
17,4,10,150,82,0.12407735386140566
18,4,10,150,82,0.2651132679673976
19,4,10,150,82,0.0
20,4,10,150,82,0.0
21,4,10,150,82,0.0
22,4,10,150,82,0.11702382382650763
23,4,10,150,82,0.23682446174402746
24,4,10,150,82,0.0
25,4,10,150,82,0.12358102547512423
26,4,10,150,82,0.0
27,4,10,150,82,0.0
28,4,10,150,82,0.0
29,4,10,150,82,0.13455232720853103
30,4,10,150,82,0.0
31,4,10,150,82,0.0
32,4,10,150,82,0.0
33,4,10,150,82,0.0
35,4,10,150,82,0.10523285614729473
36,4,10,150,82,0.0
37,4,10,150,82,0.0
38,4,10,150,82,0.04739418218477539
39,4,10,150,82,0.0
40,4,10,150,82,0.10558114683788161
41,4,10,150,82,0.0
42,4,10,150,82,0.0683037314796457
43,4,10,150,82,0.22592974817952552
44,4,10,150,82,0.2044921015662719
45,4,10,150,82,0.05200670101006268
46,4,10,150,82,0.11284514134893527
47,4,10,150,82,0.06250343848035038
48,4,10,150,82,0.0
49,4,10,150,82,0.0
50,4,10,150,82,0.0
51,4,10,150,82,0.16812753627111746
52,4,10,150,82,0.0
54,4,10,150,82,0.04843244625481133
56,4,10,150,82,0.20383503459815738
57,4,10,150,82,0.3030555992505742
58,4,10,150,82,0.3717269535737058
59,4,10,150,82,0.3031198490064083
60,4,10,150,82,0.1505674224523334
61,4,10,150,82,0.07763867093308688
62,4,10,150,82,0.10440036542861637
63,4,10,150,82,0.0
64,4,10,150,82,0.04238468688770069
65,4,10,150,82,0.13012668333070054
66,4,10,150,82,0.0
67,4,10,150,82,0.0
68,4,10,150,82,0.4827392464262081
69,4,10,150,82,0.07673373981757839
70,4,10,150,82,0.0
71,4,10,150,82,0.0
72,4,10,150,82,0.09048427472954688
73,4,10,150,82,0.0
74,4,10,150,82,0.0
75,4,10,150,82,0.049432410190049694
76,4,10,150,82,0.1301464707340554
77,4,10,150,82,0.10201115106436301
78,4,10,150,82,0.0
79,4,10,150,82,0.3183561588137008
80,4,10,150,82,0.0
81,4,10,150,82,0.0
82,4,10,150,82,0.19298623480417013
83,4,10,150,82,0.12089611529519323
84,4,10,150,82,0.05034889199379723
85,4,10,150,82,0.0
87,4,10,150,82,0.07100089300395272
89,4,10,150,82,0.2553387838830436
90,4,10,150,82,0.12160038777651704
91,4,10,150,82,0.05648147012627732
92,4,10,150,82,0.10542637391232386
93,4,10,150,82,0.0
94,4,10,150,82,0.1398942649682608
95,4,10,150,82,0.17287436926807473
96,4,10,150,82,0.10181164814261426
97,4,10,150,82,0.06462745615384195
98,4,10,150,82,0.0930297504356062
99,4,10,150,82,0.05658242244874664
100,4,10,150,82,0.0
101,4,10,150,82,0.0
102,4,10,150,82,0.02424726876918863
103,4,10,150,82,0.0
104,4,10,150,82,0.0
105,4,10,150,82,0.0
106,4,10,150,82,0.0
107,4,10,150,82,0.0
108,4,10,150,82,0.0
109,4,10,150,82,0.07103066762111539
110,4,10,150,82,0.0
111,4,10,150,82,0.0
112,4,10,150,82,0.05685954565780693
113,4,10,150,82,0.053168340515114924
114,4,10,150,82,0.0
115,4,10,150,82,0.10684080426179023
116,4,10,150,82,0.0
117,4,10,150,82,0.26646890433550474
118,4,10,150,82,0.0
119,4,10,150,82,0.2063582228182277
120,4,10,150,82,0.0
121,4,10,150,82,0.271985059917519
122,4,10,150,82,0.1530100230930498
123,4,10,150,82,0.07386004580671933
125,4,10,150,82,0.12702645795516354
126,4,10,150,82,0.06911917000496234
127,4,10,150,82,0.23132283185955704
128,4,10,150,82,0.0804528329814545
129,4,10,150,82,0.0
130,4,10,150,82,0.19839806705808383
131,4,10,150,82,0.06556385272536247
133,4,10,150,82,0.11047239495909743
134,4,10,150,82,0.0
135,4,10,150,82,0.0
137,4,10,150,82,0.1371200812351206
138,4,10,150,82,0.06140414576373613
139,4,10,150,82,0.0
141,4,10,150,82,0.0
142,4,10,150,82,0.13373003436102654
143,4,10,150,82,0.1208996448617798
144,4,10,150,82,0.1227945149537572
145,4,10,150,82,0.1075804523117992
146,4,10,150,82,0.0
148,4,10,150,82,0.20254719486838738
149,4,10,150,82,0.0
150,4,10,150,82,0.10235170428306553
151,4,10,150,82,0.06298430394440727
152,4,10,150,82,0.040655755922716606
153,4,10,150,82,0.0
154,4,10,150,82,0.11753148666901318
155,4,10,150,82,0.0
156,4,10,150,82,0.0
158,4,10,150,82,0.17575552384613552
159,4,10,150,82,0.03310852000739229
160,4,10,150,82,0.0
161,4,10,150,82,0.0
162,4,10,150,82,0.04858102772529458
163,4,10,150,82,0.0
164,4,10,150,82,0.0
165,4,10,150,82,0.12114889742360979
166,4,10,150,82,0.0
167,4,10,150,82,0.06267320809766952
168,4,10,150,82,0.23504554941448536
169,4,10,150,82,0.06416923277158361
170,4,10,150,82,0.0
171,4,10,150,82,0.0
172,4,10,150,82,0.0
173,4,10,150,82,0.11302181651994404
174,4,10,150,82,0.08712841477105211
175,4,10,150,82,0.0
176,4,10,150,82,0.09511409151391914
177,4,10,150,82,0.06912040963822193
178,4,10,150,82,0.2437589399037192
179,4,10,150,82,0.06723507268634088
180,4,10,150,82,0.12262943855309168
181,4,10,150,82,0.062426915812405386
182,4,10,150,82,0.0
183,4,10,150,82,0.0
184,4,10,150,82,0.11356458502877588
185,4,10,150,82,0.07745351606183934
186,4,10,150,82,0.22147164648185297
187,4,10,150,82,0.08625091781054979
188,4,10,150,82,0.054384419234677496
189,4,10,150,82,0.23042891886703956
190,4,10,150,82,0.10699313236726378
191,4,10,150,82,0.0
192,4,10,150,82,0.0
193,4,10,150,82,0.0
194,4,10,150,82,0.11592484831532757
195,4,10,150,82,0.0
196,4,10,150,82,0.0
197,4,10,150,82,0.05576624569167862
198,4,10,150,82,0.0
199,4,10,150,82,0.0
200,4,10,150,82,0.1350618908658632
201,4,10,150,82,0.10763403601326355
203,4,10,150,82,0.0
204,4,10,150,82,0.0
205,4,10,150,82,0.0
206,4,10,150,82,0.0
207,4,10,150,82,0.09412450373990706
209,4,10,150,82,0.0
210,4,10,150,82,0.09440608278107551
211,4,10,150,82,0.0
212,4,10,150,82,0.12681701683239352
213,4,10,150,82,0.2384146878320104
214,4,10,150,82,0.056720838976548935
215,4,10,150,82,0.0
216,4,10,150,82,0.06585783135342528
217,4,10,150,82,0.0
218,4,10,150,82,0.19092086617893467
219,4,10,150,82,0.0
221,4,10,150,82,0.3375735570145491
222,4,10,150,82,0.12476107276951183
223,4,10,150,82,0.03870447337439288
224,4,10,150,82,0.0
225,4,10,150,82,0.0
226,4,10,150,82,0.08080765379783027
227,4,10,150,82,0.0
228,4,10,150,82,0.0
229,4,10,150,82,0.0
230,4,10,150,82,0.23712439662683835
231,4,10,150,82,0.0
232,4,10,150,82,0.3234992853586256
233,4,10,150,82,0.0968152409481219
234,4,10,150,82,0.12044132560043697
235,4,10,150,82,0.06065881345112158
236,4,10,150,82,0.0
237,4,10,150,82,0.0
238,4,10,150,82,0.0
239,4,10,150,82,0.11792279130466408
240,4,10,150,82,0.05497526658285817
242,4,10,150,82,0.0
243,4,10,150,82,0.09267768927614353
244,4,10,150,82,0.15765545519871427
245,4,10,150,82,0.10704534003732354
246,4,10,150,82,0.11120150311654428
247,4,10,150,82,0.0
248,4,10,150,82,0.14830051302014485
249,4,10,150,82,0.31180658179892495
250,4,10,150,82,0.3503302816689379
251,4,10,150,82,0.0
252,4,10,150,82,0.0
253,4,10,150,82,0.05954496680255472
254,4,10,150,82,0.0
255,4,10,150,82,0.0
256,4,10,150,82,0.16583176898817792
257,4,10,150,82,0.3305900772260718
258,4,10,150,82,0.07557488532248983
259,4,10,150,82,0.0
260,4,10,150,82,0.0
261,4,10,150,82,0.0
262,4,10,150,82,0.05029331645508228
263,4,10,150,82,0.15472701459244137
264,4,10,150,82,0.05840183867278569
265,4,10,150,82,0.10209739512291163
267,4,10,150,82,0.09794101962538232
268,4,10,150,82,0.17766987391815556
269,4,10,150,82,0.13223875150584097
270,4,10,150,82,0.046726672111120165
271,4,10,150,82,0.12276482551434069
272,4,10,150,82,0.14498698048571354
273,4,10,150,82,0.0
274,4,10,150,82,0.0
275,4,10,150,82,0.04605780568615433
276,4,10,150,82,0.20223032365941937
277,4,10,150,82,0.0
279,4,10,150,82,0.07923708494918187
280,4,10,150,82,0.03337620304869898
281,4,10,150,82,0.0
283,4,10,150,82,0.1292258709239571
284,4,10,150,82,0.0
285,4,10,150,82,0.1185995982858366
286,4,10,150,82,0.31887623993711317
287,4,10,150,82,0.11352455583778437
288,4,10,150,82,0.12538054736008386
289,4,10,150,82,0.13905617951077562
290,4,10,150,82,0.0
291,4,10,150,82,0.23494592513118112
292,4,10,150,82,0.08933583385868532
293,4,10,150,82,0.2344161202530718
294,4,10,150,82,0.04123398036294628
295,4,10,150,82,0.2670961153715764
296,4,10,150,82,0.5382063622180417
297,4,10,150,82,0.13535082686131417
298,4,10,150,82,0.19947114504638494
299,4,10,150,82,0.0
300,4,10,150,82,0.0
301,4,10,150,82,0.047934103497110726
303,4,10,150,82,0.11577931806589845
304,4,10,150,82,0.0
305,4,10,150,82,0.31514747987601716
306,4,10,150,82,0.0
307,4,10,150,82,0.1383141340724969
308,4,10,150,82,0.19205342317019936
309,4,10,150,82,0.0
310,4,10,150,82,0.0
311,4,10,150,82,0.08938791352906189
312,4,10,150,82,0.14069579419580536
313,4,10,150,82,0.14465709645474623
314,4,10,150,82,0.20285519102295546
315,4,10,150,82,0.0
316,4,10,150,82,0.04568304891751105
317,4,10,150,82,0.0
318,4,10,150,82,0.13815200906377123
319,4,10,150,82,0.0
320,4,10,150,82,0.0
321,4,10,150,82,0.062242588308449316
322,4,10,150,82,0.17342765698823945
323,4,10,150,82,0.14126697285982898
324,4,10,150,82,0.03555702818464106
325,4,10,150,82,0.0
326,4,10,150,82,0.0634222181618871
327,4,10,150,82,0.04302935573946656
328,4,10,150,82,0.1437524526514495
329,4,10,150,82,0.0
330,4,10,150,82,0.0536466452928127
331,4,10,150,82,0.16958010263680806
332,4,10,150,82,0.046679707512804314
333,4,10,150,82,0.0
334,4,10,150,82,0.0858345406672181
336,4,10,150,82,0.0
337,4,10,150,82,0.16716045496620227
338,4,10,150,82,0.05005165434923901
339,4,10,150,82,0.1344957225763306
340,4,10,150,82,0.0
341,4,10,150,82,0.0
342,4,10,150,82,0.2625072992734236
343,4,10,150,82,0.28732332399638805
344,4,10,150,82,0.23832550406045652
345,4,10,150,82,0.056149696530797676
346,4,10,150,82,0.13947804593499064
347,4,10,150,82,0.11116062301189339
348,4,10,150,82,0.071942683897578
349,4,10,150,82,0.07673373981757839
350,4,10,150,82,0.2065896325117088
351,4,10,150,82,0.0
352,4,10,150,82,0.0
353,4,10,150,82,0.0
354,4,10,150,82,0.051249224710132255
355,4,10,150,82,0.0
356,4,10,150,82,0.08406376813555873
357,4,10,150,82,0.05006331611131463
358,4,10,150,82,0.20438239758848611
359,4,10,150,82,0.0
360,4,10,150,82,0.09491042451242505
361,4,10,150,82,0.09622728274290568
362,4,10,150,82,0.0
363,4,10,150,82,0.21862978877358352
364,4,10,150,82,0.0
365,4,10,150,82,0.0
366,4,10,150,82,0.0
367,4,10,150,82,0.07630862162354303
368,4,10,150,82,0.0
369,4,10,150,82,0.0
370,4,10,150,82,0.13479984916817475
371,4,10,150,82,0.22569563125869263
372,4,10,150,82,0.0
373,4,10,150,82,0.08627719815628208
374,4,10,150,82,0.06834943074719504
375,4,10,150,82,0.0
376,4,10,150,82,0.0
377,4,10,150,82,0.08010929472340098
378,4,10,150,82,0.17937057950814977
379,4,10,150,82,0.14951641492682458
380,4,10,150,82,0.0
381,4,10,150,82,0.09118180877280627
382,4,10,150,82,0.0
383,4,10,150,82,0.04838338183089434
384,4,10,150,82,0.0
385,4,10,150,82,0.0
386,4,10,150,82,0.0
387,4,10,150,82,0.11497906462099297
388,4,10,150,82,0.04511904280884329
389,4,10,150,82,0.17394090433083284
390,4,10,150,82,0.0
391,4,10,150,82,0.2137247802747043
392,4,10,150,82,0.056679935917756406
393,4,10,150,82,0.06677476047860295
394,4,10,150,82,0.11073655428626575
395,4,10,150,82,0.09179488000267515
396,4,10,150,82,0.0
397,4,10,150,82,0.2710147943938467
398,4,10,150,82,0.18852571653533698
399,4,10,150,82,0.07594334672458623
400,4,10,150,82,0.0
401,4,10,150,82,0.0
402,4,10,150,82,0.08963222225173058
403,4,10,150,82,0.0854499779566911
404,4,10,150,82,0.0
405,4,10,150,82,0.06667735269275575
406,4,10,150,82,0.20956416940551098
407,4,10,150,82,0.06232415948793755
408,4,10,150,82,0.0
409,4,10,150,82,0.12740448328320192
410,4,10,150,82,0.0
411,4,10,150,82,0.0
412,4,10,150,82,0.0
413,4,10,150,82,0.041646268351119564
414,4,10,150,82,0.0
415,4,10,150,82,0.15103391472831218
416,4,10,150,82,0.2200039995691806
417,4,10,150,82,0.09850508837083022
418,4,10,150,82,0.0
419,4,10,150,82,0.1208113026994942
420,4,10,150,82,0.06052048269976269
421,4,10,150,82,0.19620555836557932
422,4,10,150,82,0.07550298029238112
423,4,10,150,82,0.053845569940583225
424,4,10,150,82,0.2766918177656049
425,4,10,150,82,0.1674157226455415
426,4,10,150,82,0.040759261617270684
427,4,10,150,82,0.07466168586864165
428,4,10,150,82,0.04415960465480069
429,4,10,150,82,0.14355264986043786
430,4,10,150,82,0.0
431,4,10,150,82,0.0
432,4,10,150,82,0.05789711601244791
433,4,10,150,82,0.05780921899607981
434,4,10,150,82,0.2562151231304954
435,4,10,150,82,0.17195543683824452
436,4,10,150,82,0.0
437,4,10,150,82,0.1246139643684977
438,4,10,150,82,0.0
439,4,10,150,82,0.10863976191957724
440,4,10,150,82,0.0
441,4,10,150,82,0.07736100002633538
442,4,10,150,82,0.040949887133979804
443,4,10,150,82,0.06783204105472322
444,4,10,150,82,0.1312721899408984
445,4,10,150,82,0.0
446,4,10,150,82,0.0
447,4,10,150,82,0.16246725303708914
448,4,10,150,82,0.0
449,4,10,150,82,0.1882329728596757
450,4,10,150,82,0.24012637319021507
451,4,10,150,82,0.06148915918944534
452,4,10,150,82,0.10773098771530253
453,4,10,150,82,0.0
454,4,10,150,82,0.015175188400892194
455,4,10,150,82,0.11201222307971222
456,4,10,150,82,0.018650043077523788
457,4,10,150,82,0.31128444613224265
458,4,10,150,82,0.06982799741808067
459,4,10,150,82,0.0
460,4,10,150,82,0.05184030722866645
461,4,10,150,82,0.05428363317977833
462,4,10,150,82,0.0
463,4,10,150,82,0.11987424504051505
464,4,10,150,82,0.0
465,4,10,150,82,0.0
466,4,10,150,82,0.0
467,4,10,150,82,0.07807600999842033
468,4,10,150,82,0.11455543964849552
469,4,10,150,82,0.05165643482805862
470,4,10,150,82,0.0
471,4,10,150,82,0.0
472,4,10,150,82,0.13402286793172438
473,4,10,150,82,0.06140244428718695
474,4,10,150,82,0.24593822460513717
475,4,10,150,82,0.0
476,4,10,150,82,0.0
477,4,10,150,82,0.0
478,4,10,150,82,0.2345109835167376
479,4,10,150,82,0.10172348796286074
480,4,10,150,82,0.0741070054529978
481,4,10,150,82,0.13102204196909084
482,4,10,150,82,0.0
483,4,10,150,82,0.05658242244874664
484,4,10,150,82,0.29539974213048126
485,4,10,150,82,0.0
486,4,10,150,82,0.0
487,4,10,150,82,0.09557986065110975
488,4,10,150,82,0.0
489,4,10,150,82,0.02196588169196602
490,4,10,150,82,0.0
491,4,10,150,82,0.14208678740137623
492,4,10,150,82,0.0
493,4,10,150,82,0.1475552329391869
494,4,10,150,82,0.0
495,4,10,150,82,0.17949652011459483
496,4,10,150,82,0.08659863258371955
497,4,10,150,82,0.08955573351991261
498,4,10,150,82,0.0
499,4,10,150,82,0.05075938465928585
500,4,10,150,82,0.09541527213731128
501,4,10,150,82,0.0
502,4,10,150,82,0.0
503,4,10,150,82,0.10261815551018476
504,4,10,150,82,0.08148269775823089
505,4,10,150,82,0.07379217622092994
506,4,10,150,82,0.18325792458363765
507,4,10,150,82,0.05319635904163211
508,4,10,150,82,0.0
509,4,10,150,82,0.0
510,4,10,150,82,0.0
511,4,10,150,82,0.08495943917278885
512,4,10,150,82,0.05478392673173268
513,4,10,150,82,0.0
514,4,10,150,82,0.27252722616773445
515,4,10,150,82,0.11706259313796354
516,4,10,150,82,0.0
517,4,10,150,82,0.08878770367712427
518,4,10,150,82,0.0
519,4,10,150,82,0.0
520,4,10,150,82,0.0
521,4,10,150,82,0.09850628252086785
522,4,10,150,82,0.16015986784807879
523,4,10,150,82,0.05782495986511108
524,4,10,150,82,0.1388155168339688
525,4,10,150,82,0.0
526,4,10,150,82,0.15355181494703254
527,4,10,150,82,0.1636135858112592
528,4,10,150,82,0.10209739512291163
529,4,10,150,82,0.0
530,4,10,150,82,0.0
531,4,10,150,82,0.1517763576041802
532,4,10,150,82,0.2751056785549508
533,4,10,150,82,0.11557545112991054
534,4,10,150,82,0.12913418894806108
535,4,10,150,82,0.15258506350829476
536,4,10,150,82,0.15105160768725473
537,4,10,150,82,0.30637421697509615
538,4,10,150,82,0.14697776980950736
539,4,10,150,82,0.08229481249254499
540,4,10,150,82,0.0
541,4,10,150,82,0.0586415067779619
542,4,10,150,82,0.049033875503285806
543,4,10,150,82,0.06395772934055814
544,4,10,150,82,0.05282936728943967
545,4,10,150,82,0.02244213465825961
546,4,10,150,82,0.05758752804519195
547,4,10,150,82,0.0
548,4,10,150,82,0.14714570243929503
549,4,10,150,82,0.0
550,4,10,150,82,0.08775411958203361
551,4,10,150,82,0.0910925691220798
552,4,10,150,82,0.1205344274731702
553,4,10,150,82,0.07411563356774664
554,4,10,150,82,0.12627825946936164
555,4,10,150,82,0.0
556,4,10,150,82,0.07660623398069263
557,4,10,150,82,0.031742154565302834
558,4,10,150,82,0.08878770367712427
559,4,10,150,82,0.09986350037763675
560,4,10,150,82,0.09375790921485552
561,4,10,150,82,0.1386444756844823
562,4,10,150,82,0.07930308311174379
563,4,10,150,82,0.0
564,4,10,150,82,0.15437610727371853
565,4,10,150,82,0.0
566,4,10,150,82,0.03579489106983033
567,4,10,150,82,0.1471381878632886
568,4,10,150,82,0.036155150901276155
569,4,10,150,82,0.18299769260789403
570,4,10,150,82,0.0
571,4,10,150,82,0.04988426711147283
572,4,10,150,82,0.16812753627111746
573,4,10,150,82,0.06437746926759551
574,4,10,150,82,0.051811563545175146
575,4,10,150,82,0.0
576,4,10,150,82,0.0
577,4,10,150,82,0.2181315616010628
578,4,10,150,82,0.05006331611131463
579,4,10,150,82,0.029371016515430802
580,4,10,150,82,0.17202958801773222
581,4,10,150,82,0.14348105418014392
582,4,10,150,82,0.03190895161277091
583,4,10,150,82,0.05364822253323318
584,4,10,150,82,0.06323567569191428
585,4,10,150,82,0.04173963774222741
586,4,10,150,82,0.05786021189691368
587,4,10,150,82,0.019492972026130224
588,4,10,150,82,0.14934904111986536
589,4,10,150,82,0.0
590,4,10,150,82,0.053845569940583225
591,4,10,150,82,0.023834756589907247
592,4,10,150,82,0.30752058813604444
593,4,10,150,82,0.07711036365720102
594,4,10,150,82,0.044551000676675064
595,4,10,150,82,0.10296141646738245
596,4,10,150,82,0.0
597,4,10,150,82,0.27101620591530523
598,4,10,150,82,0.0684591776394769
599,4,10,150,82,0.0
600,4,10,150,82,0.09197011795311534
601,4,10,150,82,0.0
602,4,10,150,82,0.0
603,4,10,150,82,0.0
604,4,10,150,82,0.0
605,4,10,150,82,0.26275270116262744
606,4,10,150,82,0.1728918912586268
607,4,10,150,82,0.08673473912838402
608,4,10,150,82,0.12209659098915113
609,4,10,150,82,0.0
610,4,10,150,82,0.2146842601596213
611,4,10,150,82,0.07624568872860434
612,4,10,150,82,0.0
613,4,10,150,82,0.08385150490449667
614,4,10,150,82,0.0
615,4,10,150,82,0.04919117729584568
616,4,10,150,82,0.03618657486793958
617,4,10,150,82,0.0
618,4,10,150,82,0.1281253572826617
619,4,10,150,82,0.12363660028711727
620,4,10,150,82,0.159486715201797
621,4,10,150,82,0.11278207190006835
622,4,10,150,82,0.18241748250491993
623,4,10,150,82,0.17494254380936963
624,4,10,150,82,0.06626749824739844
625,4,10,150,82,0.0
626,4,10,150,82,0.06228974831361337
627,4,10,150,82,0.06945233499530101
628,4,10,150,82,0.03461894863592259
629,4,10,150,82,0.19194057324582506
630,4,10,150,82,0.15874779570678058
631,4,10,150,82,0.0
632,4,10,150,82,0.12112269717167994
633,4,10,150,82,0.11499138576948859
634,4,10,150,82,0.03760924576765743
635,4,10,150,82,0.04546401530948942
636,4,10,150,82,0.11426572661305327
637,4,10,150,82,0.01928973283308616
638,4,10,150,82,0.09712868482236708
639,4,10,150,82,0.03138892079718151
640,4,10,150,82,0.10536866733091729
641,4,10,150,82,0.07675099783970546
642,4,10,150,82,0.12716829000393493
643,4,10,150,82,0.11071279041815515
644,4,10,150,82,0.04935421935348238
645,4,10,150,82,0.17581821458755492
646,4,10,150,82,0.0
647,4,10,150,82,0.05363388010108191
648,4,10,150,82,0.12214223017588963
649,4,10,150,82,0.15489949502599
650,4,10,150,82,0.11017499019089495
651,4,10,150,82,0.0
652,4,10,150,82,0.08156220960446063
653,4,10,150,82,0.0906036790514784
654,4,10,150,82,0.21255442687635834
655,4,10,150,82,0.2533304720176616
656,4,10,150,82,0.07397229644086958
657,4,10,150,82,0.04140815094666367
658,4,10,150,82,0.2625403796417579
659,4,10,150,82,0.08781544355121487
660,4,10,150,82,0.10085647425542008
661,4,10,150,82,0.08605775303302886
662,4,10,150,82,0.0512644431393966
663,4,10,150,82,0.24026856780584893
664,4,10,150,82,0.28517362059082263
665,4,10,150,82,0.0
666,4,10,150,82,0.15923082723981577
667,4,10,150,82,0.31347596517570553
668,4,10,150,82,0.06194403202282284
669,4,10,150,82,0.1348578320198433
670,4,10,150,82,0.09267469812912739
671,4,10,150,82,0.20819966483156851
672,4,10,150,82,0.03603026685992244
673,4,10,150,82,0.14837758007547783
674,4,10,150,82,0.11338915993603582
675,4,10,150,82,0.0
676,4,10,150,82,0.21243649940315465
677,4,10,150,82,0.03314040476303028
678,4,10,150,82,0.03824432123396675
679,4,10,150,82,0.15527711509166947
680,4,10,150,82,0.11377863936243801
681,4,10,150,82,0.0
682,4,10,150,82,0.15342344631215551
683,4,10,150,82,0.0
684,4,10,150,82,0.06573003977381581
685,4,10,150,82,0.1906465758273748
686,4,10,150,82,0.1682282387290392
687,4,10,150,82,0.0
688,4,10,150,82,0.08840257630093261
689,4,10,150,82,0.2385743953554933
690,4,10,150,82,0.12222352404401943
691,4,10,150,82,0.13843129503711957
692,4,10,150,82,0.1753901755134814
693,4,10,150,82,0.0
694,4,10,150,82,0.2448812985235888
695,4,10,150,82,0.0
696,4,10,150,82,0.039725595076707886
697,4,10,150,82,0.04239477130634912
698,4,10,150,82,0.041937660325009396
699,4,10,150,82,0.06339169989706635
700,4,10,150,82,0.12729890218214104
701,4,10,150,82,0.11497698281480273
702,4,10,150,82,0.037715680681715956
703,4,10,150,82,0.11918688501400482
704,4,10,150,82,0.2737585707060089
705,4,10,150,82,0.22667088038444094
706,4,10,150,82,0.04395738023645723
707,4,10,150,82,0.054247214548057004
708,4,10,150,82,0.10570703332515097
709,4,10,150,82,0.13472082394875662
710,4,10,150,82,0.10695361352497157
711,4,10,150,82,0.18133007201622714
712,4,10,150,82,0.15511023313323485
713,4,10,150,82,0.1468735732232516
714,4,10,150,82,0.03441184191455828
715,4,10,150,82,0.0
716,4,10,150,82,0.2051487808694394
717,4,10,150,82,0.09054670163637572
718,4,10,150,82,0.035328385129692476
719,4,10,150,82,0.09883437846193516
720,4,10,150,82,0.0
721,4,10,150,82,0.1850388725092322
722,4,10,150,82,0.06556429791586475
723,4,10,150,82,0.0
724,4,10,150,82,0.0
725,4,10,150,82,0.0
726,4,10,150,82,0.05010834716923557
727,4,10,150,82,0.12683927539278328
728,4,10,150,82,0.09627818061559096
729,4,10,150,82,0.07004038915633412
730,4,10,150,82,0.02601736765943984
731,4,10,150,82,0.14717311932656024
732,4,10,150,82,0.0
733,4,10,150,82,0.14514596345398123
734,4,10,150,82,0.0
735,4,10,150,82,0.0
736,4,10,150,82,0.03351972906068008
737,4,10,150,82,0.1138970555583582
738,4,10,150,82,0.13922998739868644
739,4,10,150,82,0.03855307727568851
740,4,10,150,82,0.0
741,4,10,150,82,0.05358697798864893
742,4,10,150,82,0.0488929053971083
743,4,10,150,82,0.0690623255281084
744,4,10,150,82,0.03596673601130318
745,4,10,150,82,0.03520132288421838
746,4,10,150,82,0.25743994347908983
747,4,10,150,82,0.3960969547572768
748,4,10,150,82,0.09621648119325965
749,4,10,150,82,0.13323939890194525
750,4,10,150,82,0.07184731398235064
751,4,10,150,82,0.08554799479006837
752,4,10,150,82,0.04389473417066348
753,4,10,150,82,0.15780803084928155
754,4,10,150,82,0.0
755,4,10,150,82,0.03855371268423985
756,4,10,150,82,0.031104745345423533
757,4,10,150,82,0.02032489047902012
758,4,10,150,82,0.2604363525344613
759,4,10,150,82,0.11006100937916612
760,4,10,150,82,0.03004859059698017
761,4,10,150,82,0.06869287000000811
762,4,10,150,82,0.051960280791503534
763,4,10,150,82,0.05892228941894017
764,4,10,150,82,0.08946696896639536
765,4,10,150,82,0.15066101840234988
766,4,10,150,82,0.03443306895956307
767,4,10,150,82,0.13884445379214724
768,4,10,150,82,0.08438032815655525
769,4,10,150,82,0.0
770,4,10,150,82,0.21464739068424896
771,4,10,150,82,0.32869562799119006
772,4,10,150,82,0.17356150297482983
773,4,10,150,82,0.08696710392235718
774,4,10,150,82,0.052399299130074295
775,4,10,150,82,0.038478285726379145
776,4,10,150,82,0.15403842856019037
777,4,10,150,82,0.0
778,4,10,150,82,0.1631238413472767
779,4,10,150,82,0.0
780,4,10,150,82,0.1424788567451383
781,4,10,150,82,0.2016539629141292
782,4,10,150,82,0.03614091535123441
783,4,10,150,82,0.0
784,4,10,150,82,0.029814614753779622
785,4,10,150,82,0.0
786,4,10,150,82,0.0
787,4,10,150,82,0.0
788,4,10,150,82,0.22028957302017016
789,4,10,150,82,0.08809718769055445
790,4,10,150,82,0.044295027213170524
791,4,10,150,82,0.04465281017341861
792,4,10,150,82,0.08944329533390502
793,4,10,150,82,0.0
794,4,10,150,82,0.04108065887337468
795,4,10,150,82,0.06568235981802002
796,4,10,150,82,0.3306693401979218
797,4,10,150,82,0.11278903329502893
798,4,10,150,82,0.03470201257788008
799,4,10,150,82,0.0
800,4,10,150,82,0.06097304495209779
801,4,10,150,82,0.1561471668577559
802,4,10,150,82,0.06960082070980815
803,4,10,150,82,0.10569353498973794
804,4,10,150,82,0.11265234661023024
805,4,10,150,82,0.09881517610336236
806,4,10,150,82,0.2959152150106387
807,4,10,150,82,0.10804501173662368
808,4,10,150,82,0.1025417224926713
809,4,10,150,82,0.10356976056061801
810,4,10,150,82,0.08932096975433959
811,4,10,150,82,0.0
812,4,10,150,82,0.09594989011285139
813,4,10,150,82,0.0
814,4,10,150,82,0.034616222155696735
815,4,10,150,82,0.18660881389796213
816,4,10,150,82,0.0
817,4,10,150,82,0.0
818,4,10,150,82,0.05516788910004661
819,4,10,150,82,0.037210602758860095
820,4,10,150,82,0.0787987754690289
821,4,10,150,82,0.302950268110492
822,4,10,150,82,0.05548928785951652
823,4,10,150,82,0.19825193631094293
824,4,10,150,82,0.05046096657376444
825,4,10,150,82,0.08238190489603152
826,4,10,150,82,0.17593166652195671
827,4,10,150,82,0.0
828,4,10,150,82,0.05745618865524075
829,4,10,150,82,0.1751347628439014
830,4,10,150,82,0.21673727180406585
831,4,10,150,82,0.21058943716644085
832,4,10,150,82,0.0
833,4,10,150,82,0.14386988165208092
834,4,10,150,82,0.2706897351446418
835,4,10,150,82,0.1997297127887765
836,4,10,150,82,0.20050437359357948
837,4,10,150,82,0.05665916465450996
838,4,10,150,82,0.27895398740912175
839,4,10,150,82,0.10730655186373157
840,4,10,150,82,0.3169446325878798
841,4,10,150,82,0.06507217400164225
842,4,10,150,82,0.03947561302344988
843,4,10,150,82,0.008725143026492294
844,4,10,150,82,0.05872188515498603
845,4,10,150,82,0.0
846,4,10,150,82,0.34399058241951697
847,4,10,150,82,0.05107153900660915
848,4,10,150,82,0.08171518501440664
849,4,10,150,82,0.07738342520054953
850,4,10,150,82,0.29160326485645294
851,4,10,150,82,0.06688420467701453
852,4,10,150,82,0.26227118260874954
853,4,10,150,82,0.0
854,4,10,150,82,0.061991576297545085
855,4,10,150,82,0.0
856,4,10,150,82,0.037110354711564805
857,4,10,150,82,0.0
858,4,10,150,82,0.10250982096838526
859,4,10,150,82,0.05070263548706836
860,4,10,150,82,0.10848832312989015
861,4,10,150,82,0.06460834446248033
862,4,10,150,82,0.13379104682825674
863,4,10,150,82,0.06336841123297353
864,4,10,150,82,0.36912455132146776
865,4,10,150,82,0.11652577583309928
866,4,10,150,82,0.16283687678415507
867,4,10,150,82,0.22553696898882497
868,4,10,150,82,0.191075899158197
869,4,10,150,82,0.0587446084443979
870,4,10,150,82,0.2337022190187519
871,4,10,150,82,0.07012986265386374
872,4,10,150,82,0.02804794621397926
873,4,10,150,82,0.0
874,4,10,150,82,0.13944914190808633
875,4,10,150,82,0.15950125360109937
876,4,10,150,82,0.08671382849411972
877,4,10,150,82,0.0835317778614811
878,4,10,150,82,0.1706804422753891
879,4,10,150,82,0.03963466998423315
880,4,10,150,82,0.3079342019927447
881,4,10,150,82,0.09594005036279218
882,4,10,150,82,0.21288820648214166
883,4,10,150,82,0.2750337316056177
884,4,10,150,82,0.11407805705099587
885,4,10,150,82,0.04536087033637415
886,4,10,150,82,0.163730150284653
887,4,10,150,82,0.10214828088611402
888,4,10,150,82,0.11625487663628292
889,4,10,150,82,0.00960233108539007
890,4,10,150,82,0.11434431442033766
891,4,10,150,82,0.10491091696774645
892,4,10,150,82,0.2455191816579957
893,4,10,150,82,0.12806369532588527
894,4,10,150,82,0.0992330568623794
895,4,10,150,82,0.0
896,4,10,150,82,0.26680421564229867
897,4,10,150,82,0.3071672815592065
898,4,10,150,82,0.0
899,4,10,150,82,0.05684415375822261
900,4,10,150,82,0.055315677011973347
901,4,10,150,82,0.21968803523715988
902,4,10,150,82,0.05978585424799658
903,4,10,150,82,0.24651430146847014
904,4,10,150,82,0.0
905,4,10,150,82,0.0
906,4,10,150,82,0.10407444169186962
907,4,10,150,82,0.07177286059804715
908,4,10,150,82,0.06892767477436933
909,4,10,150,82,0.0
910,4,10,150,82,0.02138152805479416
911,4,10,150,82,0.14690565417489143
912,4,10,150,82,0.17642343579737088
913,4,10,150,82,0.08380195844185999
914,4,10,150,82,0.0
915,4,10,150,82,0.0
916,4,10,150,82,0.21983070316191977
917,4,10,150,82,0.0
918,4,10,150,82,0.043627084055128
919,4,10,150,82,0.08464096141636397
920,4,10,150,82,0.0
921,4,10,150,82,0.15405864814296488
922,4,10,150,82,0.1280645281724967
923,4,10,150,82,0.04031825574984845
924,4,10,150,82,0.018280262702529162
925,4,10,150,82,0.032527050404589315
926,4,10,150,82,0.0
927,4,10,150,82,0.10993808291069883
928,4,10,150,82,0.1873259908039563
929,4,10,150,82,0.25163227912988373
930,4,10,150,82,0.032298243696638564
931,4,10,150,82,0.08679587898287541
932,4,10,150,82,0.26581896687705886
933,4,10,150,82,0.13752245444306133
934,4,10,150,82,0.10071040486185964
935,4,10,150,82,0.04173963774222741
936,4,10,150,82,0.1321191921354211
937,4,10,150,82,0.0
938,4,10,150,82,0.1661428141234511
939,4,10,150,82,0.02916862694666808
940,4,10,150,82,0.050684733114198
941,4,10,150,82,0.0
942,4,10,150,82,0.12154822122445835
943,4,10,150,82,0.20163692230838232
1,4,10,150,83,0.4058715898896693
2,4,10,150,83,0.06250343848035038
3,4,10,150,83,0.0
4,4,10,150,83,0.0
5,4,10,150,83,0.040209635547393256
6,4,10,150,83,0.27020011346731576
7,4,10,150,83,0.33622203315690036
8,4,10,150,83,0.0
9,4,10,150,83,0.21840743681816419
10,4,10,150,83,0.21491451057814584
11,4,10,150,83,0.1722584975122812
12,4,10,150,83,0.0
13,4,10,150,83,0.23354755242906122
14,4,10,150,83,0.03963175841995263
15,4,10,150,83,0.05010834716923557
16,4,10,150,83,0.1394055771274295
17,4,10,150,83,0.12407735386140566
18,4,10,150,83,0.2651132679673976
19,4,10,150,83,0.0
20,4,10,150,83,0.0
21,4,10,150,83,0.0
22,4,10,150,83,0.11702382382650763
23,4,10,150,83,0.23682446174402746
24,4,10,150,83,0.0
25,4,10,150,83,0.12358102547512423
26,4,10,150,83,0.0
27,4,10,150,83,0.0
28,4,10,150,83,0.0
29,4,10,150,83,0.13455232720853103
30,4,10,150,83,0.0
31,4,10,150,83,0.0
32,4,10,150,83,0.0
33,4,10,150,83,0.0
35,4,10,150,83,0.10523285614729473
36,4,10,150,83,0.0
37,4,10,150,83,0.0
38,4,10,150,83,0.04739418218477539
39,4,10,150,83,0.0
40,4,10,150,83,0.10558114683788161
41,4,10,150,83,0.0
42,4,10,150,83,0.0683037314796457
43,4,10,150,83,0.22592974817952552
44,4,10,150,83,0.2044921015662719
45,4,10,150,83,0.05200670101006268
46,4,10,150,83,0.11284514134893527
47,4,10,150,83,0.06250343848035038
48,4,10,150,83,0.0
49,4,10,150,83,0.0
50,4,10,150,83,0.0
51,4,10,150,83,0.16812753627111746
52,4,10,150,83,0.0
54,4,10,150,83,0.04843244625481133
56,4,10,150,83,0.20383503459815738
57,4,10,150,83,0.3030555992505742
58,4,10,150,83,0.3717269535737058
59,4,10,150,83,0.31915425394541946
60,4,10,150,83,0.1505674224523334
61,4,10,150,83,0.07763867093308688
62,4,10,150,83,0.10440036542861637
63,4,10,150,83,0.0
64,4,10,150,83,0.04238468688770069
65,4,10,150,83,0.13012668333070054
66,4,10,150,83,0.0
67,4,10,150,83,0.0
68,4,10,150,83,0.4827392464262081
69,4,10,150,83,0.07673373981757839
70,4,10,150,83,0.0
71,4,10,150,83,0.0
72,4,10,150,83,0.09048427472954688
73,4,10,150,83,0.0
74,4,10,150,83,0.0
75,4,10,150,83,0.049432410190049694
76,4,10,150,83,0.1301464707340554
77,4,10,150,83,0.10201115106436301
78,4,10,150,83,0.0
79,4,10,150,83,0.3183561588137008
80,4,10,150,83,0.0
81,4,10,150,83,0.0
82,4,10,150,83,0.19298623480417013
83,4,10,150,83,0.12089611529519323
84,4,10,150,83,0.05034889199379723
85,4,10,150,83,0.0
87,4,10,150,83,0.07100089300395272
89,4,10,150,83,0.2553387838830436
90,4,10,150,83,0.14035324954983075
91,4,10,150,83,0.05648147012627732
92,4,10,150,83,0.10542637391232386
93,4,10,150,83,0.0
94,4,10,150,83,0.1398942649682608
95,4,10,150,83,0.17287436926807473
96,4,10,150,83,0.10181164814261426
97,4,10,150,83,0.06462745615384195
98,4,10,150,83,0.0930297504356062
99,4,10,150,83,0.05658242244874664
100,4,10,150,83,0.0
101,4,10,150,83,0.0
102,4,10,150,83,0.02424726876918863
103,4,10,150,83,0.0
104,4,10,150,83,0.0
105,4,10,150,83,0.0
106,4,10,150,83,0.0
107,4,10,150,83,0.0
108,4,10,150,83,0.0
109,4,10,150,83,0.07103066762111539
110,4,10,150,83,0.0
111,4,10,150,83,0.0
112,4,10,150,83,0.05685954565780693
113,4,10,150,83,0.053168340515114924
114,4,10,150,83,0.0
115,4,10,150,83,0.10684080426179023
116,4,10,150,83,0.0
117,4,10,150,83,0.26646890433550474
118,4,10,150,83,0.0
119,4,10,150,83,0.2063582228182277
120,4,10,150,83,0.0
121,4,10,150,83,0.271985059917519
122,4,10,150,83,0.1530100230930498
123,4,10,150,83,0.07386004580671933
125,4,10,150,83,0.12702645795516354
126,4,10,150,83,0.06911917000496234
127,4,10,150,83,0.23132283185955704
128,4,10,150,83,0.0804528329814545
129,4,10,150,83,0.0
130,4,10,150,83,0.19839806705808383
131,4,10,150,83,0.06556385272536247
133,4,10,150,83,0.11047239495909743
134,4,10,150,83,0.0
135,4,10,150,83,0.0
137,4,10,150,83,0.1371200812351206
138,4,10,150,83,0.06140414576373613
139,4,10,150,83,0.0
141,4,10,150,83,0.0
142,4,10,150,83,0.13373003436102654
143,4,10,150,83,0.1208996448617798
144,4,10,150,83,0.1227945149537572
145,4,10,150,83,0.1075804523117992
146,4,10,150,83,0.0
148,4,10,150,83,0.20254719486838738
149,4,10,150,83,0.0
150,4,10,150,83,0.10235170428306553
151,4,10,150,83,0.06298430394440727
152,4,10,150,83,0.040655755922716606
153,4,10,150,83,0.0
154,4,10,150,83,0.11753148666901318
155,4,10,150,83,0.0
156,4,10,150,83,0.0
158,4,10,150,83,0.17575552384613552
159,4,10,150,83,0.03310852000739229
160,4,10,150,83,0.0
161,4,10,150,83,0.0
162,4,10,150,83,0.04858102772529458
163,4,10,150,83,0.0
164,4,10,150,83,0.0
165,4,10,150,83,0.12114889742360979
166,4,10,150,83,0.0
167,4,10,150,83,0.06267320809766952
168,4,10,150,83,0.23504554941448536
169,4,10,150,83,0.06416923277158361
170,4,10,150,83,0.0
171,4,10,150,83,0.0
172,4,10,150,83,0.0
173,4,10,150,83,0.11302181651994404
174,4,10,150,83,0.08712841477105211
175,4,10,150,83,0.0
176,4,10,150,83,0.09511409151391914
177,4,10,150,83,0.06912040963822193
178,4,10,150,83,0.2437589399037192
179,4,10,150,83,0.06723507268634088
180,4,10,150,83,0.12262943855309168
181,4,10,150,83,0.062426915812405386
182,4,10,150,83,0.0
183,4,10,150,83,0.0
184,4,10,150,83,0.11356458502877588
185,4,10,150,83,0.07745351606183934
186,4,10,150,83,0.22147164648185297
187,4,10,150,83,0.08625091781054979
188,4,10,150,83,0.054384419234677496
189,4,10,150,83,0.23042891886703956
190,4,10,150,83,0.10699313236726378
191,4,10,150,83,0.0
192,4,10,150,83,0.0
193,4,10,150,83,0.0
194,4,10,150,83,0.11592484831532757
195,4,10,150,83,0.0
196,4,10,150,83,0.0
197,4,10,150,83,0.05576624569167862
198,4,10,150,83,0.0
199,4,10,150,83,0.0
200,4,10,150,83,0.1350618908658632
201,4,10,150,83,0.10763403601326355
203,4,10,150,83,0.0
204,4,10,150,83,0.0
205,4,10,150,83,0.0
206,4,10,150,83,0.0
207,4,10,150,83,0.09412450373990706
209,4,10,150,83,0.0
210,4,10,150,83,0.09440608278107551
211,4,10,150,83,0.0
212,4,10,150,83,0.12681701683239352
213,4,10,150,83,0.2384146878320104
214,4,10,150,83,0.056720838976548935
215,4,10,150,83,0.0
216,4,10,150,83,0.06585783135342528
217,4,10,150,83,0.0
218,4,10,150,83,0.19092086617893467
219,4,10,150,83,0.0
221,4,10,150,83,0.3375735570145491
222,4,10,150,83,0.12476107276951183
223,4,10,150,83,0.03870447337439288
224,4,10,150,83,0.0
225,4,10,150,83,0.0
226,4,10,150,83,0.08080765379783027
227,4,10,150,83,0.0
228,4,10,150,83,0.0
229,4,10,150,83,0.0
230,4,10,150,83,0.23712439662683835
231,4,10,150,83,0.0
232,4,10,150,83,0.3234992853586256
233,4,10,150,83,0.0968152409481219
234,4,10,150,83,0.1343142508894386
235,4,10,150,83,0.06065881345112158
236,4,10,150,83,0.0
237,4,10,150,83,0.0
238,4,10,150,83,0.0
239,4,10,150,83,0.11792279130466408
240,4,10,150,83,0.05497526658285817
242,4,10,150,83,0.0
243,4,10,150,83,0.09267768927614353
244,4,10,150,83,0.15765545519871427
245,4,10,150,83,0.10704534003732354
246,4,10,150,83,0.11120150311654428
247,4,10,150,83,0.0
248,4,10,150,83,0.14830051302014485
249,4,10,150,83,0.31180658179892495
250,4,10,150,83,0.3503302816689379
251,4,10,150,83,0.0
252,4,10,150,83,0.0
253,4,10,150,83,0.05954496680255472
254,4,10,150,83,0.0
255,4,10,150,83,0.0
256,4,10,150,83,0.16583176898817792
257,4,10,150,83,0.3305900772260718
258,4,10,150,83,0.07557488532248983
259,4,10,150,83,0.0
260,4,10,150,83,0.0
261,4,10,150,83,0.0
262,4,10,150,83,0.05029331645508228
263,4,10,150,83,0.15472701459244137
264,4,10,150,83,0.05840183867278569
265,4,10,150,83,0.10209739512291163
267,4,10,150,83,0.09794101962538232
268,4,10,150,83,0.17766987391815556
269,4,10,150,83,0.13223875150584097
270,4,10,150,83,0.046726672111120165
271,4,10,150,83,0.12276482551434069
272,4,10,150,83,0.14498698048571354
273,4,10,150,83,0.0
274,4,10,150,83,0.0
275,4,10,150,83,0.04605780568615433
276,4,10,150,83,0.20223032365941937
277,4,10,150,83,0.0
279,4,10,150,83,0.07923708494918187
280,4,10,150,83,0.03337620304869898
281,4,10,150,83,0.0
283,4,10,150,83,0.1292258709239571
284,4,10,150,83,0.0
285,4,10,150,83,0.1185995982858366
286,4,10,150,83,0.31887623993711317
287,4,10,150,83,0.11352455583778437
288,4,10,150,83,0.12538054736008386
289,4,10,150,83,0.13905617951077562
290,4,10,150,83,0.0
291,4,10,150,83,0.23494592513118112
292,4,10,150,83,0.12610583976873452
293,4,10,150,83,0.2344161202530718
294,4,10,150,83,0.04123398036294628
295,4,10,150,83,0.2670961153715764
296,4,10,150,83,0.5382063622180417
297,4,10,150,83,0.13535082686131417
298,4,10,150,83,0.19947114504638494
299,4,10,150,83,0.0
300,4,10,150,83,0.0
301,4,10,150,83,0.047934103497110726
303,4,10,150,83,0.11577931806589845
304,4,10,150,83,0.0
305,4,10,150,83,0.31514747987601716
306,4,10,150,83,0.0
307,4,10,150,83,0.1383141340724969
308,4,10,150,83,0.19205342317019936
309,4,10,150,83,0.0
310,4,10,150,83,0.0
311,4,10,150,83,0.08938791352906189
312,4,10,150,83,0.14069579419580536
313,4,10,150,83,0.14465709645474623
314,4,10,150,83,0.20285519102295546
315,4,10,150,83,0.0
316,4,10,150,83,0.04568304891751105
317,4,10,150,83,0.0
318,4,10,150,83,0.13815200906377123
319,4,10,150,83,0.0
320,4,10,150,83,0.0
321,4,10,150,83,0.062242588308449316
322,4,10,150,83,0.17342765698823945
323,4,10,150,83,0.14126697285982898
324,4,10,150,83,0.03555702818464106
325,4,10,150,83,0.0
326,4,10,150,83,0.0634222181618871
327,4,10,150,83,0.04302935573946656
328,4,10,150,83,0.1437524526514495
329,4,10,150,83,0.0
330,4,10,150,83,0.0536466452928127
331,4,10,150,83,0.16958010263680806
332,4,10,150,83,0.046679707512804314
333,4,10,150,83,0.0
334,4,10,150,83,0.0858345406672181
336,4,10,150,83,0.0
337,4,10,150,83,0.16716045496620227
338,4,10,150,83,0.05005165434923901
339,4,10,150,83,0.1344957225763306
340,4,10,150,83,0.0
341,4,10,150,83,0.0
342,4,10,150,83,0.2625072992734236
343,4,10,150,83,0.28732332399638805
344,4,10,150,83,0.23832550406045652
345,4,10,150,83,0.056149696530797676
346,4,10,150,83,0.13947804593499064
347,4,10,150,83,0.11116062301189339
348,4,10,150,83,0.071942683897578
349,4,10,150,83,0.07673373981757839
350,4,10,150,83,0.2065896325117088
351,4,10,150,83,0.0
352,4,10,150,83,0.0
353,4,10,150,83,0.0
354,4,10,150,83,0.051249224710132255
355,4,10,150,83,0.0
356,4,10,150,83,0.08406376813555873
357,4,10,150,83,0.05006331611131463
358,4,10,150,83,0.20438239758848611
359,4,10,150,83,0.0
360,4,10,150,83,0.09491042451242505
361,4,10,150,83,0.09622728274290568
362,4,10,150,83,0.0
363,4,10,150,83,0.21862978877358352
364,4,10,150,83,0.0
365,4,10,150,83,0.03956979699823825
366,4,10,150,83,0.0
367,4,10,150,83,0.07630862162354303
368,4,10,150,83,0.0
369,4,10,150,83,0.0
370,4,10,150,83,0.13479984916817475
371,4,10,150,83,0.22569563125869263
372,4,10,150,83,0.0
373,4,10,150,83,0.08627719815628208
374,4,10,150,83,0.06834943074719504
375,4,10,150,83,0.0
376,4,10,150,83,0.0
377,4,10,150,83,0.08010929472340098
378,4,10,150,83,0.17937057950814977
379,4,10,150,83,0.14951641492682458
380,4,10,150,83,0.0
381,4,10,150,83,0.09118180877280627
382,4,10,150,83,0.0
383,4,10,150,83,0.04838338183089434
384,4,10,150,83,0.0
385,4,10,150,83,0.0
386,4,10,150,83,0.0
387,4,10,150,83,0.11497906462099297
388,4,10,150,83,0.04511904280884329
389,4,10,150,83,0.17394090433083284
390,4,10,150,83,0.0
391,4,10,150,83,0.2137247802747043
392,4,10,150,83,0.056679935917756406
393,4,10,150,83,0.06677476047860295
394,4,10,150,83,0.11073655428626575
395,4,10,150,83,0.09179488000267515
396,4,10,150,83,0.0
397,4,10,150,83,0.2710147943938467
398,4,10,150,83,0.18852571653533698
399,4,10,150,83,0.07594334672458623
400,4,10,150,83,0.0
401,4,10,150,83,0.0
402,4,10,150,83,0.08963222225173058
403,4,10,150,83,0.0854499779566911
404,4,10,150,83,0.0
405,4,10,150,83,0.06667735269275575
406,4,10,150,83,0.20956416940551098
407,4,10,150,83,0.06232415948793755
408,4,10,150,83,0.0
409,4,10,150,83,0.12740448328320192
410,4,10,150,83,0.0
411,4,10,150,83,0.0
412,4,10,150,83,0.0
413,4,10,150,83,0.041646268351119564
414,4,10,150,83,0.0
415,4,10,150,83,0.15103391472831218
416,4,10,150,83,0.2200039995691806
417,4,10,150,83,0.09850508837083022
418,4,10,150,83,0.0
419,4,10,150,83,0.1208113026994942
420,4,10,150,83,0.06052048269976269
421,4,10,150,83,0.19620555836557932
422,4,10,150,83,0.07550298029238112
423,4,10,150,83,0.053845569940583225
424,4,10,150,83,0.2766918177656049
425,4,10,150,83,0.1674157226455415
426,4,10,150,83,0.040759261617270684
427,4,10,150,83,0.07466168586864165
428,4,10,150,83,0.04415960465480069
429,4,10,150,83,0.14355264986043786
430,4,10,150,83,0.0
431,4,10,150,83,0.0
432,4,10,150,83,0.05789711601244791
433,4,10,150,83,0.05780921899607981
434,4,10,150,83,0.2562151231304954
435,4,10,150,83,0.17195543683824452
436,4,10,150,83,0.0
437,4,10,150,83,0.1246139643684977
438,4,10,150,83,0.0
439,4,10,150,83,0.10863976191957724
440,4,10,150,83,0.0
441,4,10,150,83,0.07736100002633538
442,4,10,150,83,0.040949887133979804
443,4,10,150,83,0.06783204105472322
444,4,10,150,83,0.1312721899408984
445,4,10,150,83,0.0
446,4,10,150,83,0.0
447,4,10,150,83,0.16246725303708914
448,4,10,150,83,0.0
449,4,10,150,83,0.1882329728596757
450,4,10,150,83,0.23807788073004937
451,4,10,150,83,0.06148915918944534
452,4,10,150,83,0.10773098771530253
453,4,10,150,83,0.0
454,4,10,150,83,0.015175188400892194
455,4,10,150,83,0.11201222307971222
456,4,10,150,83,0.018650043077523788
457,4,10,150,83,0.31128444613224265
458,4,10,150,83,0.06982799741808067
459,4,10,150,83,0.0
460,4,10,150,83,0.05184030722866645
461,4,10,150,83,0.05428363317977833
462,4,10,150,83,0.0
463,4,10,150,83,0.11987424504051505
464,4,10,150,83,0.027878824909352323
465,4,10,150,83,0.0
466,4,10,150,83,0.0
467,4,10,150,83,0.07807600999842033
468,4,10,150,83,0.11455543964849552
469,4,10,150,83,0.05165643482805862
470,4,10,150,83,0.0
471,4,10,150,83,0.0
472,4,10,150,83,0.13402286793172438
473,4,10,150,83,0.06140244428718695
474,4,10,150,83,0.24593822460513717
475,4,10,150,83,0.0
476,4,10,150,83,0.0
477,4,10,150,83,0.0
478,4,10,150,83,0.2345109835167376
479,4,10,150,83,0.10172348796286074
480,4,10,150,83,0.0741070054529978
481,4,10,150,83,0.13102204196909084
482,4,10,150,83,0.0
483,4,10,150,83,0.05658242244874664
484,4,10,150,83,0.29539974213048126
485,4,10,150,83,0.0
486,4,10,150,83,0.0
487,4,10,150,83,0.09557986065110975
488,4,10,150,83,0.0
489,4,10,150,83,0.02196588169196602
490,4,10,150,83,0.0
491,4,10,150,83,0.14208678740137623
492,4,10,150,83,0.0
493,4,10,150,83,0.1475552329391869
494,4,10,150,83,0.0
495,4,10,150,83,0.17949652011459483
496,4,10,150,83,0.08659863258371955
497,4,10,150,83,0.08955573351991261
498,4,10,150,83,0.0
499,4,10,150,83,0.05075938465928585
500,4,10,150,83,0.09541527213731128
501,4,10,150,83,0.0
502,4,10,150,83,0.0
503,4,10,150,83,0.10261815551018476
504,4,10,150,83,0.08148269775823089
505,4,10,150,83,0.07379217622092994
506,4,10,150,83,0.18325792458363765
507,4,10,150,83,0.05319635904163211
508,4,10,150,83,0.0
509,4,10,150,83,0.0
510,4,10,150,83,0.0
511,4,10,150,83,0.08495943917278885
512,4,10,150,83,0.05478392673173268
513,4,10,150,83,0.0
514,4,10,150,83,0.27252722616773445
515,4,10,150,83,0.11706259313796354
516,4,10,150,83,0.0
517,4,10,150,83,0.08878770367712427
518,4,10,150,83,0.0
519,4,10,150,83,0.0
520,4,10,150,83,0.0
521,4,10,150,83,0.09850628252086785
522,4,10,150,83,0.16015986784807879
523,4,10,150,83,0.05782495986511108
524,4,10,150,83,0.1388155168339688
525,4,10,150,83,0.0
526,4,10,150,83,0.15355181494703254
527,4,10,150,83,0.1636135858112592
528,4,10,150,83,0.10209739512291163
529,4,10,150,83,0.0
530,4,10,150,83,0.0
531,4,10,150,83,0.1517763576041802
532,4,10,150,83,0.2751056785549508
533,4,10,150,83,0.11557545112991054
534,4,10,150,83,0.12913418894806108
535,4,10,150,83,0.15258506350829476
536,4,10,150,83,0.15105160768725473
537,4,10,150,83,0.3037605712304636
538,4,10,150,83,0.14697776980950736
539,4,10,150,83,0.08229481249254499
540,4,10,150,83,0.0
541,4,10,150,83,0.0586415067779619
542,4,10,150,83,0.049033875503285806
543,4,10,150,83,0.06395772934055814
544,4,10,150,83,0.05282936728943967
545,4,10,150,83,0.02244213465825961
546,4,10,150,83,0.05758752804519195
547,4,10,150,83,0.0
548,4,10,150,83,0.14714570243929503
549,4,10,150,83,0.0
550,4,10,150,83,0.08775411958203361
551,4,10,150,83,0.0910925691220798
552,4,10,150,83,0.1205344274731702
553,4,10,150,83,0.07411563356774664
554,4,10,150,83,0.12627825946936164
555,4,10,150,83,0.0
556,4,10,150,83,0.07660623398069263
557,4,10,150,83,0.031742154565302834
558,4,10,150,83,0.08878770367712427
559,4,10,150,83,0.09986350037763675
560,4,10,150,83,0.09375790921485552
561,4,10,150,83,0.1386444756844823
562,4,10,150,83,0.07930308311174379
563,4,10,150,83,0.0
564,4,10,150,83,0.15437610727371853
565,4,10,150,83,0.0
566,4,10,150,83,0.03579489106983033
567,4,10,150,83,0.1471381878632886
568,4,10,150,83,0.036155150901276155
569,4,10,150,83,0.18299769260789403
570,4,10,150,83,0.0
571,4,10,150,83,0.04988426711147283
572,4,10,150,83,0.16812753627111746
573,4,10,150,83,0.06437746926759551
574,4,10,150,83,0.051811563545175146
575,4,10,150,83,0.0
576,4,10,150,83,0.0
577,4,10,150,83,0.2181315616010628
578,4,10,150,83,0.05006331611131463
579,4,10,150,83,0.029371016515430802
580,4,10,150,83,0.17202958801773222
581,4,10,150,83,0.14348105418014392
582,4,10,150,83,0.03190895161277091
583,4,10,150,83,0.05364822253323318
584,4,10,150,83,0.06323567569191428
585,4,10,150,83,0.04173963774222741
586,4,10,150,83,0.05786021189691368
587,4,10,150,83,0.019492972026130224
588,4,10,150,83,0.14934904111986536
589,4,10,150,83,0.0
590,4,10,150,83,0.053845569940583225
591,4,10,150,83,0.023834756589907247
592,4,10,150,83,0.3162761711196863
593,4,10,150,83,0.07711036365720102
594,4,10,150,83,0.044551000676675064
595,4,10,150,83,0.10296141646738245
596,4,10,150,83,0.0
597,4,10,150,83,0.27101620591530523
598,4,10,150,83,0.0684591776394769
599,4,10,150,83,0.047338452314727386
600,4,10,150,83,0.09197011795311534
601,4,10,150,83,0.0
602,4,10,150,83,0.0
603,4,10,150,83,0.0
604,4,10,150,83,0.0
605,4,10,150,83,0.26275270116262744
606,4,10,150,83,0.1728918912586268
607,4,10,150,83,0.08673473912838402
608,4,10,150,83,0.12209659098915113
609,4,10,150,83,0.0
610,4,10,150,83,0.2146842601596213
611,4,10,150,83,0.07624568872860434
612,4,10,150,83,0.0
613,4,10,150,83,0.08385150490449667
614,4,10,150,83,0.0
615,4,10,150,83,0.04919117729584568
616,4,10,150,83,0.03618657486793958
617,4,10,150,83,0.0
618,4,10,150,83,0.1281253572826617
619,4,10,150,83,0.12363660028711727
620,4,10,150,83,0.159486715201797
621,4,10,150,83,0.11278207190006835
622,4,10,150,83,0.18241748250491993
623,4,10,150,83,0.2117125497194188
624,4,10,150,83,0.06626749824739844
625,4,10,150,83,0.0
626,4,10,150,83,0.06228974831361337
627,4,10,150,83,0.06945233499530101
628,4,10,150,83,0.03461894863592259
629,4,10,150,83,0.19194057324582506
630,4,10,150,83,0.15874779570678058
631,4,10,150,83,0.0
632,4,10,150,83,0.12112269717167994
633,4,10,150,83,0.11499138576948859
634,4,10,150,83,0.03760924576765743
635,4,10,150,83,0.04546401530948942
636,4,10,150,83,0.11426572661305327
637,4,10,150,83,0.01928973283308616
638,4,10,150,83,0.09712868482236708
639,4,10,150,83,0.03138892079718151
640,4,10,150,83,0.10536866733091729
641,4,10,150,83,0.07675099783970546
642,4,10,150,83,0.12716829000393493
643,4,10,150,83,0.11071279041815515
644,4,10,150,83,0.04935421935348238
645,4,10,150,83,0.17581821458755492
646,4,10,150,83,0.0
647,4,10,150,83,0.05363388010108191
648,4,10,150,83,0.13097579625685568
649,4,10,150,83,0.15489949502599
650,4,10,150,83,0.11017499019089495
651,4,10,150,83,0.0
652,4,10,150,83,0.08156220960446063
653,4,10,150,83,0.0906036790514784
654,4,10,150,83,0.21255442687635834
655,4,10,150,83,0.2511693367997182
656,4,10,150,83,0.07397229644086958
657,4,10,150,83,0.04140815094666367
658,4,10,150,83,0.2625403796417579
659,4,10,150,83,0.08781544355121487
660,4,10,150,83,0.1125122289871898
661,4,10,150,83,0.08605775303302886
662,4,10,150,83,0.0512644431393966
663,4,10,150,83,0.24026856780584893
664,4,10,150,83,0.28517362059082263
665,4,10,150,83,0.0
666,4,10,150,83,0.15787244604789097
667,4,10,150,83,0.31347596517570553
668,4,10,150,83,0.06194403202282284
669,4,10,150,83,0.1348578320198433
670,4,10,150,83,0.09267469812912739
671,4,10,150,83,0.20819966483156851
672,4,10,150,83,0.03603026685992244
673,4,10,150,83,0.14837758007547783
674,4,10,150,83,0.11338915993603582
675,4,10,150,83,0.0
676,4,10,150,83,0.2346569290594642
677,4,10,150,83,0.03314040476303028
678,4,10,150,83,0.03824432123396675
679,4,10,150,83,0.15527711509166947
680,4,10,150,83,0.11377863936243801
681,4,10,150,83,0.0
682,4,10,150,83,0.16064550053361698
683,4,10,150,83,0.0
684,4,10,150,83,0.06573003977381581
685,4,10,150,83,0.1906465758273748
686,4,10,150,83,0.1682282387290392
687,4,10,150,83,0.0
688,4,10,150,83,0.08840257630093261
689,4,10,150,83,0.2385743953554933
690,4,10,150,83,0.12222352404401943
691,4,10,150,83,0.13843129503711957
692,4,10,150,83,0.1753901755134814
693,4,10,150,83,0.0
694,4,10,150,83,0.2448812985235888
695,4,10,150,83,0.0
696,4,10,150,83,0.039725595076707886
697,4,10,150,83,0.04239477130634912
698,4,10,150,83,0.041937660325009396
699,4,10,150,83,0.07586256865902774
700,4,10,150,83,0.12729890218214104
701,4,10,150,83,0.11497698281480273
702,4,10,150,83,0.037715680681715956
703,4,10,150,83,0.11918688501400482
704,4,10,150,83,0.2737585707060089
705,4,10,150,83,0.22667088038444094
706,4,10,150,83,0.04395738023645723
707,4,10,150,83,0.054247214548057004
708,4,10,150,83,0.10570703332515097
709,4,10,150,83,0.13472082394875662
710,4,10,150,83,0.10695361352497157
711,4,10,150,83,0.18133007201622714
712,4,10,150,83,0.15511023313323485
713,4,10,150,83,0.1468735732232516
714,4,10,150,83,0.03441184191455828
715,4,10,150,83,0.0
716,4,10,150,83,0.2033986785160826
717,4,10,150,83,0.09054670163637572
718,4,10,150,83,0.035328385129692476
719,4,10,150,83,0.09883437846193516
720,4,10,150,83,0.0
721,4,10,150,83,0.1850388725092322
722,4,10,150,83,0.06556429791586475
723,4,10,150,83,0.0
724,4,10,150,83,0.0
725,4,10,150,83,0.0
726,4,10,150,83,0.05010834716923557
727,4,10,150,83,0.1257572230724029
728,4,10,150,83,0.09627818061559096
729,4,10,150,83,0.10447105830830586
730,4,10,150,83,0.02601736765943984
731,4,10,150,83,0.14717311932656024
732,4,10,150,83,0.0
733,4,10,150,83,0.14514596345398123
734,4,10,150,83,0.0
735,4,10,150,83,0.0
736,4,10,150,83,0.03351972906068008
737,4,10,150,83,0.1138970555583582
738,4,10,150,83,0.13922998739868644
739,4,10,150,83,0.03855307727568851
740,4,10,150,83,0.0
741,4,10,150,83,0.05358697798864893
742,4,10,150,83,0.0488929053971083
743,4,10,150,83,0.0690623255281084
744,4,10,150,83,0.03596673601130318
745,4,10,150,83,0.03520132288421838
746,4,10,150,83,0.25743994347908983
747,4,10,150,83,0.4012487871795775
748,4,10,150,83,0.09621648119325965
749,4,10,150,83,0.13210274781101558
750,4,10,150,83,0.07184731398235064
751,4,10,150,83,0.08554799479006837
752,4,10,150,83,0.04389473417066348
753,4,10,150,83,0.15780803084928155
754,4,10,150,83,0.0
755,4,10,150,83,0.03855371268423985
756,4,10,150,83,0.031104745345423533
757,4,10,150,83,0.02032489047902012
758,4,10,150,83,0.25821459780826433
759,4,10,150,83,0.11006100937916612
760,4,10,150,83,0.03004859059698017
761,4,10,150,83,0.06869287000000811
762,4,10,150,83,0.051960280791503534
763,4,10,150,83,0.05892228941894017
764,4,10,150,83,0.08946696896639536
765,4,10,150,83,0.15066101840234988
766,4,10,150,83,0.03443306895956307
767,4,10,150,83,0.13884445379214724
768,4,10,150,83,0.08438032815655525
769,4,10,150,83,0.0
770,4,10,150,83,0.21464739068424896
771,4,10,150,83,0.32869562799119006
772,4,10,150,83,0.17356150297482983
773,4,10,150,83,0.08696710392235718
774,4,10,150,83,0.05195228630195443
775,4,10,150,83,0.038478285726379145
776,4,10,150,83,0.15403842856019037
777,4,10,150,83,0.0
778,4,10,150,83,0.1631238413472767
779,4,10,150,83,0.0
780,4,10,150,83,0.1424788567451383
781,4,10,150,83,0.2016539629141292
782,4,10,150,83,0.035832601059818184
783,4,10,150,83,0.0
784,4,10,150,83,0.029814614753779622
785,4,10,150,83,0.0
786,4,10,150,83,0.0
787,4,10,150,83,0.0
788,4,10,150,83,0.21841030618500468
789,4,10,150,83,0.08809718769055445
790,4,10,150,83,0.05244804433031104
791,4,10,150,83,0.04465281017341861
792,4,10,150,83,0.08944329533390502
793,4,10,150,83,0.0
794,4,10,150,83,0.04108065887337468
795,4,10,150,83,0.07614504861587336
796,4,10,150,83,0.32784843535017805
797,4,10,150,83,0.11278903329502893
798,4,10,150,83,0.03440597341244426
799,4,10,150,83,0.0
800,4,10,150,83,0.0888518698614501
801,4,10,150,83,0.1561471668577559
802,4,10,150,83,0.06960082070980815
803,4,10,150,83,0.10569353498973794
804,4,10,150,83,0.11169132146507375
805,4,10,150,83,0.0979721943829108
806,4,10,150,83,0.2959152150106387
807,4,10,150,83,0.10712329127351711
808,4,10,150,83,0.1025417224926713
809,4,10,150,83,0.10356976056061801
810,4,10,150,83,0.11853224832131926
811,4,10,150,83,0.0
812,4,10,150,83,0.09594989011285139
813,4,10,150,83,0.0
814,4,10,150,83,0.034616222155696735
815,4,10,150,83,0.18660881389796213
816,4,10,150,83,0.0
817,4,10,150,83,0.0
818,4,10,150,83,0.05516788910004661
819,4,10,150,83,0.037210602758860095
820,4,10,150,83,0.0787987754690289
821,4,10,150,83,0.302950268110492
822,4,10,150,83,0.05548928785951652
823,4,10,150,83,0.19825193631094293
824,4,10,150,83,0.05046096657376444
825,4,10,150,83,0.08238190489603152
826,4,10,150,83,0.17593166652195671
827,4,10,150,83,0.0
828,4,10,150,83,0.05745618865524075
829,4,10,150,83,0.1751347628439014
830,4,10,150,83,0.21673727180406585
831,4,10,150,83,0.21058943716644085
832,4,10,150,83,0.0
833,4,10,150,83,0.1426425430474381
834,4,10,150,83,0.2706897351446418
835,4,10,150,83,0.1997297127887765
836,4,10,150,83,0.20050437359357948
837,4,10,150,83,0.05665916465450996
838,4,10,150,83,0.27895398740912175
839,4,10,150,83,0.10730655186373157
840,4,10,150,83,0.31424081175587165
841,4,10,150,83,0.06507217400164225
842,4,10,150,83,0.03947561302344988
843,4,10,150,83,0.008650709762598041
844,4,10,150,83,0.05872188515498603
845,4,10,150,83,0.0
846,4,10,150,83,0.3410560354762031
847,4,10,150,83,0.05107153900660915
848,4,10,150,83,0.09241784596327579
849,4,10,150,83,0.07738342520054953
850,4,10,150,83,0.29160326485645294
851,4,10,150,83,0.06631362266569789
852,4,10,150,83,0.26227118260874954
853,4,10,150,83,0.0
854,4,10,150,83,0.06146273277672651
855,4,10,150,83,0.0
856,4,10,150,83,0.037110354711564805
857,4,10,150,83,0.0
858,4,10,150,83,0.10250982096838526
859,4,10,150,83,0.05070263548706836
860,4,10,150,83,0.10848832312989015
861,4,10,150,83,0.06460834446248033
862,4,10,150,83,0.13379104682825674
863,4,10,150,83,0.06336841123297353
864,4,10,150,83,0.36597558917208695
865,4,10,150,83,0.11652577583309928
866,4,10,150,83,0.16283687678415507
867,4,10,150,83,0.22553696898882497
868,4,10,150,83,0.18944585105667136
869,4,10,150,83,0.0587446084443979
870,4,10,150,83,0.23170853033215072
871,4,10,150,83,0.07012986265386374
872,4,10,150,83,0.02804794621397926
873,4,10,150,83,0.0
874,4,10,150,83,0.13944914190808633
875,4,10,150,83,0.15950125360109937
876,4,10,150,83,0.08671382849411972
877,4,10,150,83,0.0835317778614811
878,4,10,150,83,0.1706804422753891
879,4,10,150,83,0.03963466998423315
880,4,10,150,83,0.3053072481824292
881,4,10,150,83,0.09512159603316128
882,4,10,150,83,0.21288820648214166
883,4,10,150,83,0.2726874481965936
884,4,10,150,83,0.11407805705099587
885,4,10,150,83,0.04536087033637415
886,4,10,150,83,0.16233338584806098
887,4,10,150,83,0.10214828088611402
888,4,10,150,83,0.11625487663628292
889,4,10,150,83,0.009520414623790684
890,4,10,150,83,0.11434431442033766
891,4,10,150,83,0.10491091696774645
892,4,10,150,83,0.2455191816579957
893,4,10,150,83,0.12806369532588527
894,4,10,150,83,0.09838651024577452
895,4,10,150,83,0.0
896,4,10,150,83,0.26452813735559283
897,4,10,150,83,0.3071672815592065
898,4,10,150,83,0.0
899,4,10,150,83,0.05684415375822261
900,4,10,150,83,0.055315677011973347
901,4,10,150,83,0.23198521014469126
902,4,10,150,83,0.05978585424799658
903,4,10,150,83,0.24651430146847014
904,4,10,150,83,0.0
905,4,10,150,83,0.0
906,4,10,150,83,0.10407444169186962
907,4,10,150,83,0.08460920127967277
908,4,10,150,83,0.06892767477436933
909,4,10,150,83,0.0
910,4,10,150,83,0.02138152805479416
911,4,10,150,83,0.14690565417489143
912,4,10,150,83,0.17642343579737088
913,4,10,150,83,0.08380195844185999
914,4,10,150,83,0.0
915,4,10,150,83,0.0
916,4,10,150,83,0.21795535089653825
917,4,10,150,83,0.0
918,4,10,150,83,0.043627084055128
919,4,10,150,83,0.08391889840854412
920,4,10,150,83,0.0
921,4,10,150,83,0.15405864814296488
922,4,10,150,83,0.1280645281724967
923,4,10,150,83,0.04031825574984845
924,4,10,150,83,0.018280262702529162
925,4,10,150,83,0.032527050404589315
926,4,10,150,83,0.0
927,4,10,150,83,0.10993808291069883
928,4,10,150,83,0.1873259908039563
929,4,10,150,83,0.25163227912988373
930,4,10,150,83,0.032298243696638564
931,4,10,150,83,0.08679587898287541
932,4,10,150,83,0.26581896687705886
933,4,10,150,83,0.13752245444306133
934,4,10,150,83,0.10071040486185964
935,4,10,150,83,0.04173963774222741
936,4,10,150,83,0.1321191921354211
937,4,10,150,83,0.0
938,4,10,150,83,0.1661428141234511
939,4,10,150,83,0.02916862694666808
940,4,10,150,83,0.050684733114198
941,4,10,150,83,0.0
942,4,10,150,83,0.12154822122445835
943,4,10,150,83,0.20163692230838232
1,4,10,150,84,0.4058715898896693
2,4,10,150,84,0.06250343848035038
3,4,10,150,84,0.0
4,4,10,150,84,0.0
5,4,10,150,84,0.040209635547393256
6,4,10,150,84,0.27020011346731576
7,4,10,150,84,0.33622203315690036
8,4,10,150,84,0.0
9,4,10,150,84,0.21840743681816419
10,4,10,150,84,0.21491451057814584
11,4,10,150,84,0.1722584975122812
12,4,10,150,84,0.0
13,4,10,150,84,0.23354755242906122
14,4,10,150,84,0.03963175841995263
15,4,10,150,84,0.05010834716923557
16,4,10,150,84,0.1394055771274295
17,4,10,150,84,0.12407735386140566
18,4,10,150,84,0.2651132679673976
19,4,10,150,84,0.0
20,4,10,150,84,0.0
21,4,10,150,84,0.0
22,4,10,150,84,0.11702382382650763
23,4,10,150,84,0.23682446174402746
24,4,10,150,84,0.0
25,4,10,150,84,0.12358102547512423
26,4,10,150,84,0.0
27,4,10,150,84,0.0
28,4,10,150,84,0.0
29,4,10,150,84,0.13455232720853103
30,4,10,150,84,0.0
31,4,10,150,84,0.0
32,4,10,150,84,0.0
33,4,10,150,84,0.0
35,4,10,150,84,0.10523285614729473
36,4,10,150,84,0.0
37,4,10,150,84,0.0
38,4,10,150,84,0.04739418218477539
39,4,10,150,84,0.0
40,4,10,150,84,0.10558114683788161
41,4,10,150,84,0.0
42,4,10,150,84,0.0683037314796457
43,4,10,150,84,0.22592974817952552
44,4,10,150,84,0.2044921015662719
45,4,10,150,84,0.05200670101006268
46,4,10,150,84,0.11284514134893527
47,4,10,150,84,0.06250343848035038
48,4,10,150,84,0.0
49,4,10,150,84,0.0
50,4,10,150,84,0.0
51,4,10,150,84,0.16812753627111746
52,4,10,150,84,0.0
54,4,10,150,84,0.04843244625481133
56,4,10,150,84,0.20383503459815738
57,4,10,150,84,0.3030555992505742
58,4,10,150,84,0.3717269535737058
59,4,10,150,84,0.31915425394541946
60,4,10,150,84,0.1505674224523334
61,4,10,150,84,0.07763867093308688
62,4,10,150,84,0.10440036542861637
63,4,10,150,84,0.0
64,4,10,150,84,0.04238468688770069
65,4,10,150,84,0.13012668333070054
66,4,10,150,84,0.0
67,4,10,150,84,0.0
68,4,10,150,84,0.4827392464262081
69,4,10,150,84,0.07673373981757839
70,4,10,150,84,0.0
71,4,10,150,84,0.0
72,4,10,150,84,0.09048427472954688
73,4,10,150,84,0.0
74,4,10,150,84,0.0
75,4,10,150,84,0.049432410190049694
76,4,10,150,84,0.1301464707340554
77,4,10,150,84,0.10201115106436301
78,4,10,150,84,0.0
79,4,10,150,84,0.3183561588137008
80,4,10,150,84,0.0
81,4,10,150,84,0.0
82,4,10,150,84,0.19298623480417013
83,4,10,150,84,0.12089611529519323
84,4,10,150,84,0.05034889199379723
85,4,10,150,84,0.0
87,4,10,150,84,0.07100089300395272
89,4,10,150,84,0.2553387838830436
90,4,10,150,84,0.14035324954983075
91,4,10,150,84,0.05648147012627732
92,4,10,150,84,0.10542637391232386
93,4,10,150,84,0.0
94,4,10,150,84,0.1398942649682608
95,4,10,150,84,0.17287436926807473
96,4,10,150,84,0.10181164814261426
97,4,10,150,84,0.06462745615384195
98,4,10,150,84,0.0930297504356062
99,4,10,150,84,0.05658242244874664
100,4,10,150,84,0.0
101,4,10,150,84,0.0
102,4,10,150,84,0.02424726876918863
103,4,10,150,84,0.0
104,4,10,150,84,0.0
105,4,10,150,84,0.0
106,4,10,150,84,0.0
107,4,10,150,84,0.0
108,4,10,150,84,0.0
109,4,10,150,84,0.07103066762111539
110,4,10,150,84,0.0
111,4,10,150,84,0.0
112,4,10,150,84,0.05685954565780693
113,4,10,150,84,0.053168340515114924
114,4,10,150,84,0.0
115,4,10,150,84,0.10684080426179023
116,4,10,150,84,0.0
117,4,10,150,84,0.26646890433550474
118,4,10,150,84,0.0
119,4,10,150,84,0.22720111393597806
120,4,10,150,84,0.0
121,4,10,150,84,0.271985059917519
122,4,10,150,84,0.1530100230930498
123,4,10,150,84,0.07386004580671933
125,4,10,150,84,0.12702645795516354
126,4,10,150,84,0.06911917000496234
127,4,10,150,84,0.23132283185955704
128,4,10,150,84,0.0804528329814545
129,4,10,150,84,0.0
130,4,10,150,84,0.19839806705808383
131,4,10,150,84,0.06556385272536247
133,4,10,150,84,0.11047239495909743
134,4,10,150,84,0.0
135,4,10,150,84,0.0
137,4,10,150,84,0.1371200812351206
138,4,10,150,84,0.06140414576373613
139,4,10,150,84,0.0
141,4,10,150,84,0.0
142,4,10,150,84,0.13373003436102654
143,4,10,150,84,0.1208996448617798
144,4,10,150,84,0.1227945149537572
145,4,10,150,84,0.1075804523117992
146,4,10,150,84,0.0
148,4,10,150,84,0.20254719486838738
149,4,10,150,84,0.0
150,4,10,150,84,0.10235170428306553
151,4,10,150,84,0.06298430394440727
152,4,10,150,84,0.040655755922716606
153,4,10,150,84,0.0
154,4,10,150,84,0.11753148666901318
155,4,10,150,84,0.0
156,4,10,150,84,0.0
158,4,10,150,84,0.17575552384613552
159,4,10,150,84,0.03310852000739229
160,4,10,150,84,0.0
161,4,10,150,84,0.0
162,4,10,150,84,0.04858102772529458
163,4,10,150,84,0.0
164,4,10,150,84,0.0
165,4,10,150,84,0.12114889742360979
166,4,10,150,84,0.0
167,4,10,150,84,0.06267320809766952
168,4,10,150,84,0.23504554941448536
169,4,10,150,84,0.06416923277158361
170,4,10,150,84,0.0
171,4,10,150,84,0.0
172,4,10,150,84,0.0
173,4,10,150,84,0.11302181651994404
174,4,10,150,84,0.08712841477105211
175,4,10,150,84,0.0
176,4,10,150,84,0.09511409151391914
177,4,10,150,84,0.06912040963822193
178,4,10,150,84,0.2437589399037192
179,4,10,150,84,0.06723507268634088
180,4,10,150,84,0.12262943855309168
181,4,10,150,84,0.062426915812405386
182,4,10,150,84,0.0
183,4,10,150,84,0.0
184,4,10,150,84,0.11356458502877588
185,4,10,150,84,0.07745351606183934
186,4,10,150,84,0.22147164648185297
187,4,10,150,84,0.08625091781054979
188,4,10,150,84,0.054384419234677496
189,4,10,150,84,0.23042891886703956
190,4,10,150,84,0.10699313236726378
191,4,10,150,84,0.0
192,4,10,150,84,0.0
193,4,10,150,84,0.0
194,4,10,150,84,0.11592484831532757
195,4,10,150,84,0.0
196,4,10,150,84,0.0
197,4,10,150,84,0.05576624569167862
198,4,10,150,84,0.0
199,4,10,150,84,0.0
200,4,10,150,84,0.1350618908658632
201,4,10,150,84,0.10763403601326355
203,4,10,150,84,0.0
204,4,10,150,84,0.0
205,4,10,150,84,0.0
206,4,10,150,84,0.0
207,4,10,150,84,0.09412450373990706
209,4,10,150,84,0.0
210,4,10,150,84,0.09440608278107551
211,4,10,150,84,0.0
212,4,10,150,84,0.12681701683239352
213,4,10,150,84,0.2384146878320104
214,4,10,150,84,0.056720838976548935
215,4,10,150,84,0.0
216,4,10,150,84,0.06585783135342528
217,4,10,150,84,0.0
218,4,10,150,84,0.19092086617893467
219,4,10,150,84,0.0
221,4,10,150,84,0.3375735570145491
222,4,10,150,84,0.12476107276951183
223,4,10,150,84,0.03870447337439288
224,4,10,150,84,0.0
225,4,10,150,84,0.0
226,4,10,150,84,0.08080765379783027
227,4,10,150,84,0.0
228,4,10,150,84,0.0
229,4,10,150,84,0.0
230,4,10,150,84,0.23712439662683835
231,4,10,150,84,0.0
232,4,10,150,84,0.3234992853586256
233,4,10,150,84,0.0968152409481219
234,4,10,150,84,0.1481502210952491
235,4,10,150,84,0.06065881345112158
236,4,10,150,84,0.0
237,4,10,150,84,0.0
238,4,10,150,84,0.0
239,4,10,150,84,0.11792279130466408
240,4,10,150,84,0.05497526658285817
242,4,10,150,84,0.0
243,4,10,150,84,0.09267768927614353
244,4,10,150,84,0.15765545519871427
245,4,10,150,84,0.10704534003732354
246,4,10,150,84,0.11120150311654428
247,4,10,150,84,0.0
248,4,10,150,84,0.14830051302014485
249,4,10,150,84,0.31180658179892495
250,4,10,150,84,0.3503302816689379
251,4,10,150,84,0.0
252,4,10,150,84,0.0
253,4,10,150,84,0.05954496680255472
254,4,10,150,84,0.0
255,4,10,150,84,0.0
256,4,10,150,84,0.16583176898817792
257,4,10,150,84,0.3305900772260718
258,4,10,150,84,0.07557488532248983
259,4,10,150,84,0.0
260,4,10,150,84,0.0
261,4,10,150,84,0.0
262,4,10,150,84,0.05029331645508228
263,4,10,150,84,0.15472701459244137
264,4,10,150,84,0.05840183867278569
265,4,10,150,84,0.10209739512291163
267,4,10,150,84,0.09794101962538232
268,4,10,150,84,0.17766987391815556
269,4,10,150,84,0.13223875150584097
270,4,10,150,84,0.046726672111120165
271,4,10,150,84,0.12276482551434069
272,4,10,150,84,0.14498698048571354
273,4,10,150,84,0.0
274,4,10,150,84,0.0
275,4,10,150,84,0.04605780568615433
276,4,10,150,84,0.20223032365941937
277,4,10,150,84,0.0
279,4,10,150,84,0.07923708494918187
280,4,10,150,84,0.03337620304869898
281,4,10,150,84,0.0
283,4,10,150,84,0.1292258709239571
284,4,10,150,84,0.0
285,4,10,150,84,0.1185995982858366
286,4,10,150,84,0.31887623993711317
287,4,10,150,84,0.11352455583778437
288,4,10,150,84,0.12538054736008386
289,4,10,150,84,0.13905617951077562
290,4,10,150,84,0.0
291,4,10,150,84,0.23494592513118112
292,4,10,150,84,0.12610583976873452
293,4,10,150,84,0.2344161202530718
294,4,10,150,84,0.04123398036294628
295,4,10,150,84,0.2670961153715764
296,4,10,150,84,0.5382063622180417
297,4,10,150,84,0.13535082686131417
298,4,10,150,84,0.19947114504638494
299,4,10,150,84,0.0
300,4,10,150,84,0.0
301,4,10,150,84,0.047934103497110726
303,4,10,150,84,0.11577931806589845
304,4,10,150,84,0.0
305,4,10,150,84,0.31514747987601716
306,4,10,150,84,0.0
307,4,10,150,84,0.1383141340724969
308,4,10,150,84,0.19205342317019936
309,4,10,150,84,0.0
310,4,10,150,84,0.0
311,4,10,150,84,0.08938791352906189
312,4,10,150,84,0.14069579419580536
313,4,10,150,84,0.14465709645474623
314,4,10,150,84,0.20285519102295546
315,4,10,150,84,0.0
316,4,10,150,84,0.04568304891751105
317,4,10,150,84,0.0
318,4,10,150,84,0.13815200906377123
319,4,10,150,84,0.0
320,4,10,150,84,0.0
321,4,10,150,84,0.062242588308449316
322,4,10,150,84,0.17342765698823945
323,4,10,150,84,0.14126697285982898
324,4,10,150,84,0.03555702818464106
325,4,10,150,84,0.0
326,4,10,150,84,0.0634222181618871
327,4,10,150,84,0.04302935573946656
328,4,10,150,84,0.1437524526514495
329,4,10,150,84,0.0
330,4,10,150,84,0.0536466452928127
331,4,10,150,84,0.16958010263680806
332,4,10,150,84,0.046679707512804314
333,4,10,150,84,0.0
334,4,10,150,84,0.0858345406672181
336,4,10,150,84,0.0
337,4,10,150,84,0.16716045496620227
338,4,10,150,84,0.05005165434923901
339,4,10,150,84,0.1344957225763306
340,4,10,150,84,0.0
341,4,10,150,84,0.0
342,4,10,150,84,0.2625072992734236
343,4,10,150,84,0.28732332399638805
344,4,10,150,84,0.23832550406045652
345,4,10,150,84,0.056149696530797676
346,4,10,150,84,0.13947804593499064
347,4,10,150,84,0.11116062301189339
348,4,10,150,84,0.071942683897578
349,4,10,150,84,0.07673373981757839
350,4,10,150,84,0.2065896325117088
351,4,10,150,84,0.0
352,4,10,150,84,0.0
353,4,10,150,84,0.0
354,4,10,150,84,0.051249224710132255
355,4,10,150,84,0.0
356,4,10,150,84,0.08406376813555873
357,4,10,150,84,0.05006331611131463
358,4,10,150,84,0.20438239758848611
359,4,10,150,84,0.0
360,4,10,150,84,0.09491042451242505
361,4,10,150,84,0.09622728274290568
362,4,10,150,84,0.0
363,4,10,150,84,0.21862978877358352
364,4,10,150,84,0.0
365,4,10,150,84,0.03956979699823825
366,4,10,150,84,0.0
367,4,10,150,84,0.07630862162354303
368,4,10,150,84,0.0
369,4,10,150,84,0.0
370,4,10,150,84,0.13479984916817475
371,4,10,150,84,0.22569563125869263
372,4,10,150,84,0.0
373,4,10,150,84,0.08627719815628208
374,4,10,150,84,0.06834943074719504
375,4,10,150,84,0.0
376,4,10,150,84,0.0
377,4,10,150,84,0.08010929472340098
378,4,10,150,84,0.19392956599626401
379,4,10,150,84,0.14951641492682458
380,4,10,150,84,0.0
381,4,10,150,84,0.09118180877280627
382,4,10,150,84,0.0
383,4,10,150,84,0.04838338183089434
384,4,10,150,84,0.0
385,4,10,150,84,0.0
386,4,10,150,84,0.0
387,4,10,150,84,0.11497906462099297
388,4,10,150,84,0.04511904280884329
389,4,10,150,84,0.17394090433083284
390,4,10,150,84,0.0
391,4,10,150,84,0.2137247802747043
392,4,10,150,84,0.056679935917756406
393,4,10,150,84,0.06677476047860295
394,4,10,150,84,0.11073655428626575
395,4,10,150,84,0.09179488000267515
396,4,10,150,84,0.0
397,4,10,150,84,0.2710147943938467
398,4,10,150,84,0.18852571653533698
399,4,10,150,84,0.07594334672458623
400,4,10,150,84,0.0
401,4,10,150,84,0.0
402,4,10,150,84,0.08963222225173058
403,4,10,150,84,0.1586673445830345
404,4,10,150,84,0.0
405,4,10,150,84,0.06667735269275575
406,4,10,150,84,0.20956416940551098
407,4,10,150,84,0.06232415948793755
408,4,10,150,84,0.0
409,4,10,150,84,0.12740448328320192
410,4,10,150,84,0.0
411,4,10,150,84,0.0
412,4,10,150,84,0.0
413,4,10,150,84,0.041646268351119564
414,4,10,150,84,0.0
415,4,10,150,84,0.15103391472831218
416,4,10,150,84,0.2200039995691806
417,4,10,150,84,0.09850508837083022
418,4,10,150,84,0.0
419,4,10,150,84,0.1208113026994942
420,4,10,150,84,0.06052048269976269
421,4,10,150,84,0.19620555836557932
422,4,10,150,84,0.07550298029238112
423,4,10,150,84,0.053845569940583225
424,4,10,150,84,0.2766918177656049
425,4,10,150,84,0.1674157226455415
426,4,10,150,84,0.040759261617270684
427,4,10,150,84,0.07466168586864165
428,4,10,150,84,0.04415960465480069
429,4,10,150,84,0.14355264986043786
430,4,10,150,84,0.0
431,4,10,150,84,0.0
432,4,10,150,84,0.05789711601244791
433,4,10,150,84,0.05780921899607981
434,4,10,150,84,0.2562151231304954
435,4,10,150,84,0.17195543683824452
436,4,10,150,84,0.0
437,4,10,150,84,0.1246139643684977
438,4,10,150,84,0.0
439,4,10,150,84,0.10863976191957724
440,4,10,150,84,0.0
441,4,10,150,84,0.07736100002633538
442,4,10,150,84,0.040949887133979804
443,4,10,150,84,0.06783204105472322
444,4,10,150,84,0.1312721899408984
445,4,10,150,84,0.0
446,4,10,150,84,0.0
447,4,10,150,84,0.16246725303708914
448,4,10,150,84,0.0
449,4,10,150,84,0.1882329728596757
450,4,10,150,84,0.2360693628284264
451,4,10,150,84,0.06148915918944534
452,4,10,150,84,0.10773098771530253
453,4,10,150,84,0.0
454,4,10,150,84,0.015175188400892194
455,4,10,150,84,0.11201222307971222
456,4,10,150,84,0.018650043077523788
457,4,10,150,84,0.31128444613224265
458,4,10,150,84,0.06982799741808067
459,4,10,150,84,0.0
460,4,10,150,84,0.05184030722866645
461,4,10,150,84,0.05428363317977833
462,4,10,150,84,0.0
463,4,10,150,84,0.11987424504051505
464,4,10,150,84,0.027878824909352323
465,4,10,150,84,0.0
466,4,10,150,84,0.0
467,4,10,150,84,0.07807600999842033
468,4,10,150,84,0.11455543964849552
469,4,10,150,84,0.05165643482805862
470,4,10,150,84,0.0
471,4,10,150,84,0.0
472,4,10,150,84,0.13402286793172438
473,4,10,150,84,0.06140244428718695
474,4,10,150,84,0.24593822460513717
475,4,10,150,84,0.0
476,4,10,150,84,0.0
477,4,10,150,84,0.0
478,4,10,150,84,0.2345109835167376
479,4,10,150,84,0.10172348796286074
480,4,10,150,84,0.0741070054529978
481,4,10,150,84,0.13102204196909084
482,4,10,150,84,0.0
483,4,10,150,84,0.05658242244874664
484,4,10,150,84,0.29539974213048126
485,4,10,150,84,0.0
486,4,10,150,84,0.0
487,4,10,150,84,0.09557986065110975
488,4,10,150,84,0.0
489,4,10,150,84,0.02196588169196602
490,4,10,150,84,0.0
491,4,10,150,84,0.14208678740137623
492,4,10,150,84,0.0
493,4,10,150,84,0.1475552329391869
494,4,10,150,84,0.0
495,4,10,150,84,0.17949652011459483
496,4,10,150,84,0.08659863258371955
497,4,10,150,84,0.08955573351991261
498,4,10,150,84,0.0
499,4,10,150,84,0.05075938465928585
500,4,10,150,84,0.09541527213731128
501,4,10,150,84,0.0
502,4,10,150,84,0.0
503,4,10,150,84,0.10261815551018476
504,4,10,150,84,0.08148269775823089
505,4,10,150,84,0.07379217622092994
506,4,10,150,84,0.18325792458363765
507,4,10,150,84,0.05319635904163211
508,4,10,150,84,0.0
509,4,10,150,84,0.0
510,4,10,150,84,0.0
511,4,10,150,84,0.08495943917278885
512,4,10,150,84,0.05478392673173268
513,4,10,150,84,0.0
514,4,10,150,84,0.27252722616773445
515,4,10,150,84,0.11706259313796354
516,4,10,150,84,0.0
517,4,10,150,84,0.08878770367712427
518,4,10,150,84,0.0
519,4,10,150,84,0.0
520,4,10,150,84,0.0
521,4,10,150,84,0.09850628252086785
522,4,10,150,84,0.16015986784807879
523,4,10,150,84,0.05782495986511108
524,4,10,150,84,0.1388155168339688
525,4,10,150,84,0.0
526,4,10,150,84,0.15355181494703254
527,4,10,150,84,0.1636135858112592
528,4,10,150,84,0.10209739512291163
529,4,10,150,84,0.0
530,4,10,150,84,0.0
531,4,10,150,84,0.1517763576041802
532,4,10,150,84,0.2751056785549508
533,4,10,150,84,0.11557545112991054
534,4,10,150,84,0.12913418894806108
535,4,10,150,84,0.15258506350829476
536,4,10,150,84,0.15105160768725473
537,4,10,150,84,0.30119792852189803
538,4,10,150,84,0.14697776980950736
539,4,10,150,84,0.118966869440927
540,4,10,150,84,0.0
541,4,10,150,84,0.0586415067779619
542,4,10,150,84,0.049033875503285806
543,4,10,150,84,0.06395772934055814
544,4,10,150,84,0.05282936728943967
545,4,10,150,84,0.02244213465825961
546,4,10,150,84,0.05758752804519195
547,4,10,150,84,0.0
548,4,10,150,84,0.14714570243929503
549,4,10,150,84,0.0
550,4,10,150,84,0.08775411958203361
551,4,10,150,84,0.0910925691220798
552,4,10,150,84,0.1205344274731702
553,4,10,150,84,0.07411563356774664
554,4,10,150,84,0.12627825946936164
555,4,10,150,84,0.0
556,4,10,150,84,0.07660623398069263
557,4,10,150,84,0.031742154565302834
558,4,10,150,84,0.08878770367712427
559,4,10,150,84,0.09986350037763675
560,4,10,150,84,0.09375790921485552
561,4,10,150,84,0.1386444756844823
562,4,10,150,84,0.07930308311174379
563,4,10,150,84,0.0
564,4,10,150,84,0.15437610727371853
565,4,10,150,84,0.0
566,4,10,150,84,0.03579489106983033
567,4,10,150,84,0.1471381878632886
568,4,10,150,84,0.036155150901276155
569,4,10,150,84,0.18299769260789403
570,4,10,150,84,0.0
571,4,10,150,84,0.04988426711147283
572,4,10,150,84,0.16812753627111746
573,4,10,150,84,0.06437746926759551
574,4,10,150,84,0.051811563545175146
575,4,10,150,84,0.0
576,4,10,150,84,0.0
577,4,10,150,84,0.2181315616010628
578,4,10,150,84,0.05006331611131463
579,4,10,150,84,0.029371016515430802
580,4,10,150,84,0.17202958801773222
581,4,10,150,84,0.14348105418014392
582,4,10,150,84,0.03190895161277091
583,4,10,150,84,0.05364822253323318
584,4,10,150,84,0.06323567569191428
585,4,10,150,84,0.04173963774222741
586,4,10,150,84,0.05786021189691368
587,4,10,150,84,0.019492972026130224
588,4,10,150,84,0.14934904111986536
589,4,10,150,84,0.0
590,4,10,150,84,0.053845569940583225
591,4,10,150,84,0.023834756589907247
592,4,10,150,84,0.3162761711196863
593,4,10,150,84,0.07711036365720102
594,4,10,150,84,0.044551000676675064
595,4,10,150,84,0.10296141646738245
596,4,10,150,84,0.0
597,4,10,150,84,0.27101620591530523
598,4,10,150,84,0.0684591776394769
599,4,10,150,84,0.047338452314727386
600,4,10,150,84,0.09197011795311534
601,4,10,150,84,0.0
602,4,10,150,84,0.0
603,4,10,150,84,0.0
604,4,10,150,84,0.0
605,4,10,150,84,0.26275270116262744
606,4,10,150,84,0.1839502972074742
607,4,10,150,84,0.08673473912838402
608,4,10,150,84,0.12209659098915113
609,4,10,150,84,0.0
610,4,10,150,84,0.2146842601596213
611,4,10,150,84,0.07624568872860434
612,4,10,150,84,0.0
613,4,10,150,84,0.08385150490449667
614,4,10,150,84,0.0
615,4,10,150,84,0.04919117729584568
616,4,10,150,84,0.03618657486793958
617,4,10,150,84,0.0
618,4,10,150,84,0.1281253572826617
619,4,10,150,84,0.12363660028711727
620,4,10,150,84,0.159486715201797
621,4,10,150,84,0.11278207190006835
622,4,10,150,84,0.18241748250491993
623,4,10,150,84,0.2117125497194188
624,4,10,150,84,0.06626749824739844
625,4,10,150,84,0.0
626,4,10,150,84,0.06228974831361337
627,4,10,150,84,0.06945233499530101
628,4,10,150,84,0.03461894863592259
629,4,10,150,84,0.19194057324582506
630,4,10,150,84,0.15874779570678058
631,4,10,150,84,0.0
632,4,10,150,84,0.12112269717167994
633,4,10,150,84,0.11499138576948859
634,4,10,150,84,0.03760924576765743
635,4,10,150,84,0.04546401530948942
636,4,10,150,84,0.11426572661305327
637,4,10,150,84,0.01928973283308616
638,4,10,150,84,0.09712868482236708
639,4,10,150,84,0.03138892079718151
640,4,10,150,84,0.10536866733091729
641,4,10,150,84,0.07675099783970546
642,4,10,150,84,0.12716829000393493
643,4,10,150,84,0.11071279041815515
644,4,10,150,84,0.04935421935348238
645,4,10,150,84,0.17581821458755492
646,4,10,150,84,0.0
647,4,10,150,84,0.05363388010108191
648,4,10,150,84,0.13978583123947036
649,4,10,150,84,0.15489949502599
650,4,10,150,84,0.11017499019089495
651,4,10,150,84,0.0
652,4,10,150,84,0.08156220960446063
653,4,10,150,84,0.0906036790514784
654,4,10,150,84,0.21255442687635834
655,4,10,150,84,0.24905037426630663
656,4,10,150,84,0.07397229644086958
657,4,10,150,84,0.04140815094666367
658,4,10,150,84,0.2625403796417579
659,4,10,150,84,0.08781544355121487
660,4,10,150,84,0.1125122289871898
661,4,10,150,84,0.08605775303302886
662,4,10,150,84,0.0512644431393966
663,4,10,150,84,0.24026856780584893
664,4,10,150,84,0.28517362059082263
665,4,10,150,84,0.0
666,4,10,150,84,0.15654057249001205
667,4,10,150,84,0.31347596517570553
668,4,10,150,84,0.06194403202282284
669,4,10,150,84,0.1348578320198433
670,4,10,150,84,0.09267469812912739
671,4,10,150,84,0.22329352092456306
672,4,10,150,84,0.03603026685992244
673,4,10,150,84,0.14837758007547783
674,4,10,150,84,0.11338915993603582
675,4,10,150,84,0.0
676,4,10,150,84,0.25681816731890644
677,4,10,150,84,0.03314040476303028
678,4,10,150,84,0.03824432123396675
679,4,10,150,84,0.15527711509166947
680,4,10,150,84,0.11377863936243801
681,4,10,150,84,0.0
682,4,10,150,84,0.16772662261357016
683,4,10,150,84,0.0
684,4,10,150,84,0.06573003977381581
685,4,10,150,84,0.1906465758273748
686,4,10,150,84,0.1682282387290392
687,4,10,150,84,0.0
688,4,10,150,84,0.08840257630093261
689,4,10,150,84,0.2385743953554933
690,4,10,150,84,0.12222352404401943
691,4,10,150,84,0.13843129503711957
692,4,10,150,84,0.1753901755134814
693,4,10,150,84,0.0
694,4,10,150,84,0.2448812985235888
695,4,10,150,84,0.0
696,4,10,150,84,0.039725595076707886
697,4,10,150,84,0.04239477130634912
698,4,10,150,84,0.041937660325009396
699,4,10,150,84,0.07586256865902774
700,4,10,150,84,0.12729890218214104
701,4,10,150,84,0.11497698281480273
702,4,10,150,84,0.037715680681715956
703,4,10,150,84,0.11918688501400482
704,4,10,150,84,0.2737585707060089
705,4,10,150,84,0.22667088038444094
706,4,10,150,84,0.04395738023645723
707,4,10,150,84,0.06313664925364729
708,4,10,150,84,0.10570703332515097
709,4,10,150,84,0.13472082394875662
710,4,10,150,84,0.10695361352497157
711,4,10,150,84,0.18133007201622714
712,4,10,150,84,0.15511023313323485
713,4,10,150,84,0.1468735732232516
714,4,10,150,84,0.03441184191455828
715,4,10,150,84,0.0
716,4,10,150,84,0.20168272789642283
717,4,10,150,84,0.09054670163637572
718,4,10,150,84,0.035328385129692476
719,4,10,150,84,0.09883437846193516
720,4,10,150,84,0.0
721,4,10,150,84,0.1850388725092322
722,4,10,150,84,0.06556429791586475
723,4,10,150,84,0.0
724,4,10,150,84,0.0
725,4,10,150,84,0.0
726,4,10,150,84,0.05010834716923557
727,4,10,150,84,0.12469628606714739
728,4,10,150,84,0.09627818061559096
729,4,10,150,84,0.10447105830830586
730,4,10,150,84,0.02601736765943984
731,4,10,150,84,0.14717311932656024
732,4,10,150,84,0.0
733,4,10,150,84,0.14514596345398123
734,4,10,150,84,0.0
735,4,10,150,84,0.0
736,4,10,150,84,0.03351972906068008
737,4,10,150,84,0.1138970555583582
738,4,10,150,84,0.13922998739868644
739,4,10,150,84,0.03855307727568851
740,4,10,150,84,0.0
741,4,10,150,84,0.05358697798864893
742,4,10,150,84,0.0488929053971083
743,4,10,150,84,0.0690623255281084
744,4,10,150,84,0.03596673601130318
745,4,10,150,84,0.03520132288421838
746,4,10,150,84,0.25743994347908983
747,4,10,150,84,0.3978636958406282
748,4,10,150,84,0.09621648119325965
749,4,10,150,84,0.13098827748299352
750,4,10,150,84,0.07184731398235064
751,4,10,150,84,0.08554799479006837
752,4,10,150,84,0.04389473417066348
753,4,10,150,84,0.15780803084928155
754,4,10,150,84,0.0
755,4,10,150,84,0.03855371268423985
756,4,10,150,84,0.031104745345423533
757,4,10,150,84,0.02032489047902012
758,4,10,150,84,0.26447258891141107
759,4,10,150,84,0.11006100937916612
760,4,10,150,84,0.03004859059698017
761,4,10,150,84,0.06869287000000811
762,4,10,150,84,0.051960280791503534
763,4,10,150,84,0.05892228941894017
764,4,10,150,84,0.08946696896639536
765,4,10,150,84,0.15066101840234988
766,4,10,150,84,0.03443306895956307
767,4,10,150,84,0.13884445379214724
768,4,10,150,84,0.08438032815655525
769,4,10,150,84,0.0
770,4,10,150,84,0.21464739068424896
771,4,10,150,84,0.32869562799119006
772,4,10,150,84,0.17356150297482983
773,4,10,150,84,0.08696710392235718
774,4,10,150,84,0.05151399654253728
775,4,10,150,84,0.038478285726379145
776,4,10,150,84,0.15403842856019037
777,4,10,150,84,0.0
778,4,10,150,84,0.1631238413472767
779,4,10,150,84,0.0
780,4,10,150,84,0.1424788567451383
781,4,10,150,84,0.2016539629141292
782,4,10,150,84,0.035530303255126426
783,4,10,150,84,0.0
784,4,10,150,84,0.029814614753779622
785,4,10,150,84,0.0
786,4,10,150,84,0.0
787,4,10,150,84,0.0
788,4,10,150,84,0.2165677116166796
789,4,10,150,84,0.08809718769055445
790,4,10,150,84,0.05200557216271815
791,4,10,150,84,0.04465281017341861
792,4,10,150,84,0.08944329533390502
793,4,10,150,84,0.0
794,4,10,150,84,0.04108065887337468
795,4,10,150,84,0.07614504861587336
796,4,10,150,84,0.3250825780206323
797,4,10,150,84,0.11278903329502893
798,4,10,150,84,0.034115711195266615
799,4,10,150,84,0.0
800,4,10,150,84,0.0888518698614501
801,4,10,150,84,0.1561471668577559
802,4,10,150,84,0.06960082070980815
803,4,10,150,84,0.10569353498973794
804,4,10,150,84,0.11074904989439854
805,4,10,150,84,0.10558205292914798
806,4,10,150,84,0.2959152150106387
807,4,10,150,84,0.10712329127351711
808,4,10,150,84,0.1025417224926713
809,4,10,150,84,0.10356976056061801
810,4,10,150,84,0.11853224832131926
811,4,10,150,84,0.0
812,4,10,150,84,0.09594989011285139
813,4,10,150,84,0.0
814,4,10,150,84,0.034616222155696735
815,4,10,150,84,0.18660881389796213
816,4,10,150,84,0.0
817,4,10,150,84,0.0
818,4,10,150,84,0.05516788910004661
819,4,10,150,84,0.037210602758860095
820,4,10,150,84,0.0787987754690289
821,4,10,150,84,0.302950268110492
822,4,10,150,84,0.05548928785951652
823,4,10,150,84,0.19825193631094293
824,4,10,150,84,0.05046096657376444
825,4,10,150,84,0.08238190489603152
826,4,10,150,84,0.17593166652195671
827,4,10,150,84,0.0
828,4,10,150,84,0.05745618865524075
829,4,10,150,84,0.1751347628439014
830,4,10,150,84,0.21673727180406585
831,4,10,150,84,0.21058943716644085
832,4,10,150,84,0.0
833,4,10,150,84,0.141439154894094
834,4,10,150,84,0.2706897351446418
835,4,10,150,84,0.1997297127887765
836,4,10,150,84,0.20050437359357948
837,4,10,150,84,0.05665916465450996
838,4,10,150,84,0.27895398740912175
839,4,10,150,84,0.10730655186373157
840,4,10,150,84,0.31158975364876484
841,4,10,150,84,0.06507217400164225
842,4,10,150,84,0.03947561302344988
843,4,10,150,84,0.008577728999468584
844,4,10,150,84,0.05872188515498603
845,4,10,150,84,0.0
846,4,10,150,84,0.33817875367828903
847,4,10,150,84,0.05107153900660915
848,4,10,150,84,0.10309199686703965
849,4,10,150,84,0.07738342520054953
850,4,10,150,84,0.29160326485645294
851,4,10,150,84,0.06575417506881445
852,4,10,150,84,0.26227118260874954
853,4,10,150,84,0.0
854,4,10,150,84,0.06094420917980025
855,4,10,150,84,0.0
856,4,10,150,84,0.037110354711564805
857,4,10,150,84,0.0
858,4,10,150,84,0.10250982096838526
859,4,10,150,84,0.05070263548706836
860,4,10,150,84,0.10848832312989015
861,4,10,150,84,0.06460834446248033
862,4,10,150,84,0.1431038526169451
863,4,10,150,84,0.06336841123297353
864,4,10,150,84,0.3713244665029371
865,4,10,150,84,0.11652577583309928
866,4,10,150,84,0.16283687678415507
867,4,10,150,84,0.2385310683972578
868,4,10,150,84,0.18784761193395766
869,4,10,150,84,0.0587446084443979
870,4,10,150,84,0.22975374675585297
871,4,10,150,84,0.07012986265386374
872,4,10,150,84,0.02804794621397926
873,4,10,150,84,0.0
874,4,10,150,84,0.13944914190808633
875,4,10,150,84,0.15950125360109937
876,4,10,150,84,0.08671382849411972
877,4,10,150,84,0.0835317778614811
878,4,10,150,84,0.1706804422753891
879,4,10,150,84,0.03963466998423315
880,4,10,150,84,0.3027315571035718
881,4,10,150,84,0.10275550333940192
882,4,10,150,84,0.21288820648214166
883,4,10,150,84,0.27038695047890865
884,4,10,150,84,0.11407805705099587
885,4,10,150,84,0.04536087033637415
886,4,10,150,84,0.1609638780613355
887,4,10,150,84,0.10214828088611402
888,4,10,150,84,0.11625487663628292
889,4,10,150,84,0.00944009669108681
890,4,10,150,84,0.11434431442033766
891,4,10,150,84,0.10491091696774645
892,4,10,150,84,0.2455191816579957
893,4,10,150,84,0.12806369532588527
894,4,10,150,84,0.09755648325418298
895,4,10,150,84,0.0
896,4,10,150,84,0.2622964747679872
897,4,10,150,84,0.3071672815592065
898,4,10,150,84,0.0
899,4,10,150,84,0.05684415375822261
900,4,10,150,84,0.055315677011973347
901,4,10,150,84,0.23198521014469126
902,4,10,150,84,0.05978585424799658
903,4,10,150,84,0.24651430146847014
904,4,10,150,84,0.0
905,4,10,150,84,0.0
906,4,10,150,84,0.10407444169186962
907,4,10,150,84,0.08460920127967277
908,4,10,150,84,0.06892767477436933
909,4,10,150,84,0.0
910,4,10,150,84,0.02138152805479416
911,4,10,150,84,0.14690565417489143
912,4,10,150,84,0.17642343579737088
913,4,10,150,84,0.08380195844185999
914,4,10,150,84,0.0
915,4,10,150,84,0.0
916,4,10,150,84,0.21611659450855364
917,4,10,150,84,0.0
918,4,10,150,84,0.043627084055128
919,4,10,150,84,0.0832109258357827
920,4,10,150,84,0.0
921,4,10,150,84,0.15405864814296488
922,4,10,150,84,0.1280645281724967
923,4,10,150,84,0.04031825574984845
924,4,10,150,84,0.018280262702529162
925,4,10,150,84,0.032527050404589315
926,4,10,150,84,0.0
927,4,10,150,84,0.10993808291069883
928,4,10,150,84,0.1873259908039563
929,4,10,150,84,0.25163227912988373
930,4,10,150,84,0.032298243696638564
931,4,10,150,84,0.08679587898287541
932,4,10,150,84,0.26581896687705886
933,4,10,150,84,0.13752245444306133
934,4,10,150,84,0.10071040486185964
935,4,10,150,84,0.04173963774222741
936,4,10,150,84,0.1321191921354211
937,4,10,150,84,0.0
938,4,10,150,84,0.1661428141234511
939,4,10,150,84,0.02916862694666808
940,4,10,150,84,0.050684733114198
941,4,10,150,84,0.0
942,4,10,150,84,0.12154822122445835
943,4,10,150,84,0.20163692230838232
1,4,10,150,85,0.4058715898896693
2,4,10,150,85,0.06250343848035038
3,4,10,150,85,0.0
4,4,10,150,85,0.0
5,4,10,150,85,0.040209635547393256
6,4,10,150,85,0.27020011346731576
7,4,10,150,85,0.3507427912641652
8,4,10,150,85,0.0
9,4,10,150,85,0.21840743681816419
10,4,10,150,85,0.21491451057814584
11,4,10,150,85,0.1722584975122812
12,4,10,150,85,0.0
13,4,10,150,85,0.23354755242906122
14,4,10,150,85,0.03963175841995263
15,4,10,150,85,0.05010834716923557
16,4,10,150,85,0.1394055771274295
17,4,10,150,85,0.12407735386140566
18,4,10,150,85,0.2651132679673976
19,4,10,150,85,0.0
20,4,10,150,85,0.0
21,4,10,150,85,0.0
22,4,10,150,85,0.11702382382650763
23,4,10,150,85,0.23682446174402746
24,4,10,150,85,0.0
25,4,10,150,85,0.12358102547512423
26,4,10,150,85,0.0
27,4,10,150,85,0.0
28,4,10,150,85,0.0
29,4,10,150,85,0.13455232720853103
30,4,10,150,85,0.0
31,4,10,150,85,0.0
32,4,10,150,85,0.0
33,4,10,150,85,0.0
35,4,10,150,85,0.10523285614729473
36,4,10,150,85,0.0
37,4,10,150,85,0.0
38,4,10,150,85,0.04739418218477539
39,4,10,150,85,0.0
40,4,10,150,85,0.10558114683788161
41,4,10,150,85,0.0
42,4,10,150,85,0.0683037314796457
43,4,10,150,85,0.22592974817952552
44,4,10,150,85,0.2044921015662719
45,4,10,150,85,0.05200670101006268
46,4,10,150,85,0.11284514134893527
47,4,10,150,85,0.06250343848035038
48,4,10,150,85,0.0
49,4,10,150,85,0.0
50,4,10,150,85,0.0
51,4,10,150,85,0.16812753627111746
52,4,10,150,85,0.0
54,4,10,150,85,0.04843244625481133
56,4,10,150,85,0.20383503459815738
57,4,10,150,85,0.3030555992505742
58,4,10,150,85,0.3717269535737058
59,4,10,150,85,0.31915425394541946
60,4,10,150,85,0.1505674224523334
61,4,10,150,85,0.07763867093308688
62,4,10,150,85,0.10440036542861637
63,4,10,150,85,0.0
64,4,10,150,85,0.04238468688770069
65,4,10,150,85,0.13012668333070054
66,4,10,150,85,0.0
67,4,10,150,85,0.0
68,4,10,150,85,0.4827392464262081
69,4,10,150,85,0.07673373981757839
70,4,10,150,85,0.0
71,4,10,150,85,0.0
72,4,10,150,85,0.09048427472954688
73,4,10,150,85,0.0
74,4,10,150,85,0.0
75,4,10,150,85,0.049432410190049694
76,4,10,150,85,0.1301464707340554
77,4,10,150,85,0.10201115106436301
78,4,10,150,85,0.0
79,4,10,150,85,0.3183561588137008
80,4,10,150,85,0.0
81,4,10,150,85,0.0
82,4,10,150,85,0.19298623480417013
83,4,10,150,85,0.12089611529519323
84,4,10,150,85,0.05034889199379723
85,4,10,150,85,0.0
87,4,10,150,85,0.07100089300395272
89,4,10,150,85,0.2553387838830436
90,4,10,150,85,0.14035324954983075
91,4,10,150,85,0.05648147012627732
92,4,10,150,85,0.10542637391232386
93,4,10,150,85,0.0
94,4,10,150,85,0.1398942649682608
95,4,10,150,85,0.17287436926807473
96,4,10,150,85,0.10181164814261426
97,4,10,150,85,0.06462745615384195
98,4,10,150,85,0.0930297504356062
99,4,10,150,85,0.05658242244874664
100,4,10,150,85,0.0
101,4,10,150,85,0.0
102,4,10,150,85,0.02424726876918863
103,4,10,150,85,0.0
104,4,10,150,85,0.0
105,4,10,150,85,0.0
106,4,10,150,85,0.0
107,4,10,150,85,0.0
108,4,10,150,85,0.0
109,4,10,150,85,0.07103066762111539
110,4,10,150,85,0.0
111,4,10,150,85,0.0
112,4,10,150,85,0.05685954565780693
113,4,10,150,85,0.053168340515114924
114,4,10,150,85,0.0
115,4,10,150,85,0.10684080426179023
116,4,10,150,85,0.0
117,4,10,150,85,0.26646890433550474
118,4,10,150,85,0.0
119,4,10,150,85,0.22720111393597806
120,4,10,150,85,0.0
121,4,10,150,85,0.271985059917519
122,4,10,150,85,0.1530100230930498
123,4,10,150,85,0.07386004580671933
125,4,10,150,85,0.12702645795516354
126,4,10,150,85,0.06911917000496234
127,4,10,150,85,0.23132283185955704
128,4,10,150,85,0.0804528329814545
129,4,10,150,85,0.0
130,4,10,150,85,0.19839806705808383
131,4,10,150,85,0.06556385272536247
133,4,10,150,85,0.11047239495909743
134,4,10,150,85,0.0
135,4,10,150,85,0.0
137,4,10,150,85,0.1371200812351206
138,4,10,150,85,0.06140414576373613
139,4,10,150,85,0.0
141,4,10,150,85,0.0
142,4,10,150,85,0.13373003436102654
143,4,10,150,85,0.1208996448617798
144,4,10,150,85,0.1227945149537572
145,4,10,150,85,0.1075804523117992
146,4,10,150,85,0.0
148,4,10,150,85,0.20254719486838738
149,4,10,150,85,0.0
150,4,10,150,85,0.10235170428306553
151,4,10,150,85,0.08508735214666606
152,4,10,150,85,0.040655755922716606
153,4,10,150,85,0.0
154,4,10,150,85,0.11753148666901318
155,4,10,150,85,0.0
156,4,10,150,85,0.0
158,4,10,150,85,0.17575552384613552
159,4,10,150,85,0.03310852000739229
160,4,10,150,85,0.0
161,4,10,150,85,0.0
162,4,10,150,85,0.04858102772529458
163,4,10,150,85,0.0
164,4,10,150,85,0.0
165,4,10,150,85,0.12114889742360979
166,4,10,150,85,0.0
167,4,10,150,85,0.06267320809766952
168,4,10,150,85,0.23504554941448536
169,4,10,150,85,0.06416923277158361
170,4,10,150,85,0.0
171,4,10,150,85,0.0
172,4,10,150,85,0.0
173,4,10,150,85,0.11302181651994404
174,4,10,150,85,0.08712841477105211
175,4,10,150,85,0.0
176,4,10,150,85,0.09511409151391914
177,4,10,150,85,0.06912040963822193
178,4,10,150,85,0.2437589399037192
179,4,10,150,85,0.06723507268634088
180,4,10,150,85,0.12262943855309168
181,4,10,150,85,0.062426915812405386
182,4,10,150,85,0.0
183,4,10,150,85,0.0
184,4,10,150,85,0.11356458502877588
185,4,10,150,85,0.07745351606183934
186,4,10,150,85,0.22147164648185297
187,4,10,150,85,0.08625091781054979
188,4,10,150,85,0.054384419234677496
189,4,10,150,85,0.23042891886703956
190,4,10,150,85,0.10699313236726378
191,4,10,150,85,0.0
192,4,10,150,85,0.0
193,4,10,150,85,0.0
194,4,10,150,85,0.11592484831532757
195,4,10,150,85,0.0
196,4,10,150,85,0.0
197,4,10,150,85,0.05576624569167862
198,4,10,150,85,0.0
199,4,10,150,85,0.0
200,4,10,150,85,0.1350618908658632
201,4,10,150,85,0.10763403601326355
203,4,10,150,85,0.0
204,4,10,150,85,0.0
205,4,10,150,85,0.0
206,4,10,150,85,0.0
207,4,10,150,85,0.09412450373990706
209,4,10,150,85,0.0
210,4,10,150,85,0.09440608278107551
211,4,10,150,85,0.0
212,4,10,150,85,0.12681701683239352
213,4,10,150,85,0.2384146878320104
214,4,10,150,85,0.056720838976548935
215,4,10,150,85,0.0
216,4,10,150,85,0.06585783135342528
217,4,10,150,85,0.0
218,4,10,150,85,0.19092086617893467
219,4,10,150,85,0.0
221,4,10,150,85,0.3375735570145491
222,4,10,150,85,0.12476107276951183
223,4,10,150,85,0.03870447337439288
224,4,10,150,85,0.0
225,4,10,150,85,0.0
226,4,10,150,85,0.08080765379783027
227,4,10,150,85,0.0
228,4,10,150,85,0.0
229,4,10,150,85,0.0
230,4,10,150,85,0.23712439662683835
231,4,10,150,85,0.0
232,4,10,150,85,0.3234992853586256
233,4,10,150,85,0.0968152409481219
234,4,10,150,85,0.1481502210952491
235,4,10,150,85,0.06065881345112158
236,4,10,150,85,0.0
237,4,10,150,85,0.0
238,4,10,150,85,0.0
239,4,10,150,85,0.11792279130466408
240,4,10,150,85,0.05497526658285817
242,4,10,150,85,0.0
243,4,10,150,85,0.09267768927614353
244,4,10,150,85,0.15765545519871427
245,4,10,150,85,0.10704534003732354
246,4,10,150,85,0.11120150311654428
247,4,10,150,85,0.0
248,4,10,150,85,0.14830051302014485
249,4,10,150,85,0.31180658179892495
250,4,10,150,85,0.3503302816689379
251,4,10,150,85,0.0
252,4,10,150,85,0.0
253,4,10,150,85,0.05954496680255472
254,4,10,150,85,0.0
255,4,10,150,85,0.0
256,4,10,150,85,0.16583176898817792
257,4,10,150,85,0.3305900772260718
258,4,10,150,85,0.07557488532248983
259,4,10,150,85,0.0
260,4,10,150,85,0.0
261,4,10,150,85,0.0
262,4,10,150,85,0.05029331645508228
263,4,10,150,85,0.15472701459244137
264,4,10,150,85,0.05840183867278569
265,4,10,150,85,0.10209739512291163
267,4,10,150,85,0.09794101962538232
268,4,10,150,85,0.17766987391815556
269,4,10,150,85,0.13223875150584097
270,4,10,150,85,0.046726672111120165
271,4,10,150,85,0.12276482551434069
272,4,10,150,85,0.14498698048571354
273,4,10,150,85,0.0
274,4,10,150,85,0.0
275,4,10,150,85,0.04605780568615433
276,4,10,150,85,0.20223032365941937
277,4,10,150,85,0.0
279,4,10,150,85,0.07923708494918187
280,4,10,150,85,0.03337620304869898
281,4,10,150,85,0.0
283,4,10,150,85,0.1292258709239571
284,4,10,150,85,0.0
285,4,10,150,85,0.1185995982858366
286,4,10,150,85,0.31887623993711317
287,4,10,150,85,0.11352455583778437
288,4,10,150,85,0.12538054736008386
289,4,10,150,85,0.13905617951077562
290,4,10,150,85,0.0
291,4,10,150,85,0.23494592513118112
292,4,10,150,85,0.12610583976873452
293,4,10,150,85,0.2344161202530718
294,4,10,150,85,0.04123398036294628
295,4,10,150,85,0.2670961153715764
296,4,10,150,85,0.5382063622180417
297,4,10,150,85,0.13535082686131417
298,4,10,150,85,0.19947114504638494
299,4,10,150,85,0.0
300,4,10,150,85,0.0
301,4,10,150,85,0.047934103497110726
303,4,10,150,85,0.12680868731260003
304,4,10,150,85,0.0
305,4,10,150,85,0.31514747987601716
306,4,10,150,85,0.0
307,4,10,150,85,0.1383141340724969
308,4,10,150,85,0.19205342317019936
309,4,10,150,85,0.0
310,4,10,150,85,0.0
311,4,10,150,85,0.08938791352906189
312,4,10,150,85,0.14069579419580536
313,4,10,150,85,0.14465709645474623
314,4,10,150,85,0.20285519102295546
315,4,10,150,85,0.0
316,4,10,150,85,0.04568304891751105
317,4,10,150,85,0.0
318,4,10,150,85,0.13815200906377123
319,4,10,150,85,0.0
320,4,10,150,85,0.0
321,4,10,150,85,0.062242588308449316
322,4,10,150,85,0.17342765698823945
323,4,10,150,85,0.14126697285982898
324,4,10,150,85,0.03555702818464106
325,4,10,150,85,0.0
326,4,10,150,85,0.0634222181618871
327,4,10,150,85,0.04302935573946656
328,4,10,150,85,0.1437524526514495
329,4,10,150,85,0.0
330,4,10,150,85,0.0536466452928127
331,4,10,150,85,0.16958010263680806
332,4,10,150,85,0.046679707512804314
333,4,10,150,85,0.0
334,4,10,150,85,0.0858345406672181
336,4,10,150,85,0.0
337,4,10,150,85,0.16716045496620227
338,4,10,150,85,0.05005165434923901
339,4,10,150,85,0.1344957225763306
340,4,10,150,85,0.0
341,4,10,150,85,0.0
342,4,10,150,85,0.2625072992734236
343,4,10,150,85,0.3094263721986468
344,4,10,150,85,0.23832550406045652
345,4,10,150,85,0.056149696530797676
346,4,10,150,85,0.13947804593499064
347,4,10,150,85,0.11116062301189339
348,4,10,150,85,0.071942683897578
349,4,10,150,85,0.07673373981757839
350,4,10,150,85,0.2065896325117088
351,4,10,150,85,0.0
352,4,10,150,85,0.0
353,4,10,150,85,0.0
354,4,10,150,85,0.051249224710132255
355,4,10,150,85,0.0
356,4,10,150,85,0.08406376813555873
357,4,10,150,85,0.05006331611131463
358,4,10,150,85,0.20438239758848611
359,4,10,150,85,0.0
360,4,10,150,85,0.09491042451242505
361,4,10,150,85,0.09622728274290568
362,4,10,150,85,0.09541268780076616
363,4,10,150,85,0.21862978877358352
364,4,10,150,85,0.0
365,4,10,150,85,0.03956979699823825
366,4,10,150,85,0.0
367,4,10,150,85,0.07630862162354303
368,4,10,150,85,0.0
369,4,10,150,85,0.0
370,4,10,150,85,0.13479984916817475
371,4,10,150,85,0.22569563125869263
372,4,10,150,85,0.03657576498735172
373,4,10,150,85,0.08627719815628208
374,4,10,150,85,0.06834943074719504
375,4,10,150,85,0.0
376,4,10,150,85,0.0
377,4,10,150,85,0.08010929472340098
378,4,10,150,85,0.20845032410352882
379,4,10,150,85,0.1665016263976196
380,4,10,150,85,0.0
381,4,10,150,85,0.09118180877280627
382,4,10,150,85,0.0
383,4,10,150,85,0.04838338183089434
384,4,10,150,85,0.0
385,4,10,150,85,0.0
386,4,10,150,85,0.0
387,4,10,150,85,0.11497906462099297
388,4,10,150,85,0.04511904280884329
389,4,10,150,85,0.17394090433083284
390,4,10,150,85,0.0
391,4,10,150,85,0.2137247802747043
392,4,10,150,85,0.056679935917756406
393,4,10,150,85,0.06677476047860295
394,4,10,150,85,0.11073655428626575
395,4,10,150,85,0.09179488000267515
396,4,10,150,85,0.0
397,4,10,150,85,0.2710147943938467
398,4,10,150,85,0.18852571653533698
399,4,10,150,85,0.07594334672458623
400,4,10,150,85,0.0
401,4,10,150,85,0.0
402,4,10,150,85,0.08963222225173058
403,4,10,150,85,0.1586673445830345
404,4,10,150,85,0.0
405,4,10,150,85,0.06667735269275575
406,4,10,150,85,0.20956416940551098
407,4,10,150,85,0.06232415948793755
408,4,10,150,85,0.0
409,4,10,150,85,0.12740448328320192
410,4,10,150,85,0.0
411,4,10,150,85,0.0
412,4,10,150,85,0.0
413,4,10,150,85,0.041646268351119564
414,4,10,150,85,0.0
415,4,10,150,85,0.15103391472831218
416,4,10,150,85,0.2200039995691806
417,4,10,150,85,0.09850508837083022
418,4,10,150,85,0.0
419,4,10,150,85,0.1208113026994942
420,4,10,150,85,0.06052048269976269
421,4,10,150,85,0.19620555836557932
422,4,10,150,85,0.07550298029238112
423,4,10,150,85,0.053845569940583225
424,4,10,150,85,0.2766918177656049
425,4,10,150,85,0.1674157226455415
426,4,10,150,85,0.040759261617270684
427,4,10,150,85,0.07466168586864165
428,4,10,150,85,0.04415960465480069
429,4,10,150,85,0.14355264986043786
430,4,10,150,85,0.0
431,4,10,150,85,0.0
432,4,10,150,85,0.05789711601244791
433,4,10,150,85,0.05780921899607981
434,4,10,150,85,0.2562151231304954
435,4,10,150,85,0.17195543683824452
436,4,10,150,85,0.0
437,4,10,150,85,0.1246139643684977
438,4,10,150,85,0.0
439,4,10,150,85,0.10863976191957724
440,4,10,150,85,0.0
441,4,10,150,85,0.07736100002633538
442,4,10,150,85,0.040949887133979804
443,4,10,150,85,0.06783204105472322
444,4,10,150,85,0.1312721899408984
445,4,10,150,85,0.0
446,4,10,150,85,0.0
447,4,10,150,85,0.16246725303708914
448,4,10,150,85,0.0
449,4,10,150,85,0.1882329728596757
450,4,10,150,85,0.23409959306986508
451,4,10,150,85,0.06148915918944534
452,4,10,150,85,0.10773098771530253
453,4,10,150,85,0.0
454,4,10,150,85,0.015175188400892194
455,4,10,150,85,0.11201222307971222
456,4,10,150,85,0.018650043077523788
457,4,10,150,85,0.31128444613224265
458,4,10,150,85,0.06982799741808067
459,4,10,150,85,0.0
460,4,10,150,85,0.05184030722866645
461,4,10,150,85,0.05428363317977833
462,4,10,150,85,0.0
463,4,10,150,85,0.11987424504051505
464,4,10,150,85,0.027878824909352323
465,4,10,150,85,0.0
466,4,10,150,85,0.0
467,4,10,150,85,0.07807600999842033
468,4,10,150,85,0.11455543964849552
469,4,10,150,85,0.05165643482805862
470,4,10,150,85,0.0
471,4,10,150,85,0.0
472,4,10,150,85,0.13402286793172438
473,4,10,150,85,0.06140244428718695
474,4,10,150,85,0.24593822460513717
475,4,10,150,85,0.0
476,4,10,150,85,0.0
477,4,10,150,85,0.0
478,4,10,150,85,0.2345109835167376
479,4,10,150,85,0.10172348796286074
480,4,10,150,85,0.0741070054529978
481,4,10,150,85,0.13102204196909084
482,4,10,150,85,0.0
483,4,10,150,85,0.05658242244874664
484,4,10,150,85,0.29539974213048126
485,4,10,150,85,0.0
486,4,10,150,85,0.0
487,4,10,150,85,0.09557986065110975
488,4,10,150,85,0.0
489,4,10,150,85,0.02196588169196602
490,4,10,150,85,0.0
491,4,10,150,85,0.14208678740137623
492,4,10,150,85,0.0
493,4,10,150,85,0.1475552329391869
494,4,10,150,85,0.0
495,4,10,150,85,0.17949652011459483
496,4,10,150,85,0.08659863258371955
497,4,10,150,85,0.08955573351991261
498,4,10,150,85,0.0
499,4,10,150,85,0.05075938465928585
500,4,10,150,85,0.09541527213731128
501,4,10,150,85,0.0
502,4,10,150,85,0.0
503,4,10,150,85,0.11767237878397997
504,4,10,150,85,0.08148269775823089
505,4,10,150,85,0.07379217622092994
506,4,10,150,85,0.18325792458363765
507,4,10,150,85,0.05319635904163211
508,4,10,150,85,0.0
509,4,10,150,85,0.0
510,4,10,150,85,0.0
511,4,10,150,85,0.08495943917278885
512,4,10,150,85,0.05478392673173268
513,4,10,150,85,0.0
514,4,10,150,85,0.27252722616773445
515,4,10,150,85,0.11706259313796354
516,4,10,150,85,0.0
517,4,10,150,85,0.08878770367712427
518,4,10,150,85,0.0
519,4,10,150,85,0.0
520,4,10,150,85,0.0
521,4,10,150,85,0.09850628252086785
522,4,10,150,85,0.16015986784807879
523,4,10,150,85,0.05782495986511108
524,4,10,150,85,0.1388155168339688
525,4,10,150,85,0.0
526,4,10,150,85,0.15355181494703254
527,4,10,150,85,0.1636135858112592
528,4,10,150,85,0.10209739512291163
529,4,10,150,85,0.0
530,4,10,150,85,0.0
531,4,10,150,85,0.1517763576041802
532,4,10,150,85,0.2751056785549508
533,4,10,150,85,0.11557545112991054
534,4,10,150,85,0.12913418894806108
535,4,10,150,85,0.15258506350829476
536,4,10,150,85,0.15105160768725473
537,4,10,150,85,0.29868472408132457
538,4,10,150,85,0.14697776980950736
539,4,10,150,85,0.118966869440927
540,4,10,150,85,0.0
541,4,10,150,85,0.0586415067779619
542,4,10,150,85,0.049033875503285806
543,4,10,150,85,0.07822826901499139
544,4,10,150,85,0.05282936728943967
545,4,10,150,85,0.02244213465825961
546,4,10,150,85,0.05758752804519195
547,4,10,150,85,0.0
548,4,10,150,85,0.14714570243929503
549,4,10,150,85,0.0
550,4,10,150,85,0.08775411958203361
551,4,10,150,85,0.0910925691220798
552,4,10,150,85,0.1205344274731702
553,4,10,150,85,0.07411563356774664
554,4,10,150,85,0.12627825946936164
555,4,10,150,85,0.0
556,4,10,150,85,0.07660623398069263
557,4,10,150,85,0.031742154565302834
558,4,10,150,85,0.08878770367712427
559,4,10,150,85,0.09986350037763675
560,4,10,150,85,0.09375790921485552
561,4,10,150,85,0.1386444756844823
562,4,10,150,85,0.07930308311174379
563,4,10,150,85,0.0
564,4,10,150,85,0.15437610727371853
565,4,10,150,85,0.0
566,4,10,150,85,0.03579489106983033
567,4,10,150,85,0.1471381878632886
568,4,10,150,85,0.036155150901276155
569,4,10,150,85,0.18299769260789403
570,4,10,150,85,0.0
571,4,10,150,85,0.04988426711147283
572,4,10,150,85,0.16812753627111746
573,4,10,150,85,0.06437746926759551
574,4,10,150,85,0.051811563545175146
575,4,10,150,85,0.0
576,4,10,150,85,0.0
577,4,10,150,85,0.2181315616010628
578,4,10,150,85,0.05006331611131463
579,4,10,150,85,0.029371016515430802
580,4,10,150,85,0.17202958801773222
581,4,10,150,85,0.14348105418014392
582,4,10,150,85,0.03190895161277091
583,4,10,150,85,0.05364822253323318
584,4,10,150,85,0.06323567569191428
585,4,10,150,85,0.04173963774222741
586,4,10,150,85,0.05786021189691368
587,4,10,150,85,0.019492972026130224
588,4,10,150,85,0.14934904111986536
589,4,10,150,85,0.0
590,4,10,150,85,0.053845569940583225
591,4,10,150,85,0.023834756589907247
592,4,10,150,85,0.3249855019345998
593,4,10,150,85,0.07711036365720102
594,4,10,150,85,0.044551000676675064
595,4,10,150,85,0.10296141646738245
596,4,10,150,85,0.0
597,4,10,150,85,0.27101620591530523
598,4,10,150,85,0.0684591776394769
599,4,10,150,85,0.047338452314727386
600,4,10,150,85,0.09197011795311534
601,4,10,150,85,0.0
602,4,10,150,85,0.0
603,4,10,150,85,0.0
604,4,10,150,85,0.0
605,4,10,150,85,0.26275270116262744
606,4,10,150,85,0.1839502972074742
607,4,10,150,85,0.08673473912838402
608,4,10,150,85,0.12209659098915113
609,4,10,150,85,0.0
610,4,10,150,85,0.2146842601596213
611,4,10,150,85,0.07624568872860434
612,4,10,150,85,0.0
613,4,10,150,85,0.08385150490449667
614,4,10,150,85,0.0
615,4,10,150,85,0.04919117729584568
616,4,10,150,85,0.03618657486793958
617,4,10,150,85,0.0
618,4,10,150,85,0.1281253572826617
619,4,10,150,85,0.12363660028711727
620,4,10,150,85,0.159486715201797
621,4,10,150,85,0.11278207190006835
622,4,10,150,85,0.18241748250491993
623,4,10,150,85,0.2117125497194188
624,4,10,150,85,0.06626749824739844
625,4,10,150,85,0.0
626,4,10,150,85,0.06228974831361337
627,4,10,150,85,0.06945233499530101
628,4,10,150,85,0.03461894863592259
629,4,10,150,85,0.19194057324582506
630,4,10,150,85,0.15874779570678058
631,4,10,150,85,0.0
632,4,10,150,85,0.12112269717167994
633,4,10,150,85,0.11499138576948859
634,4,10,150,85,0.05294832419446749
635,4,10,150,85,0.04546401530948942
636,4,10,150,85,0.11426572661305327
637,4,10,150,85,0.01928973283308616
638,4,10,150,85,0.09712868482236708
639,4,10,150,85,0.03138892079718151
640,4,10,150,85,0.10536866733091729
641,4,10,150,85,0.07675099783970546
642,4,10,150,85,0.12716829000393493
643,4,10,150,85,0.11071279041815515
644,4,10,150,85,0.04935421935348238
645,4,10,150,85,0.17581821458755492
646,4,10,150,85,0.0
647,4,10,150,85,0.05363388010108191
648,4,10,150,85,0.13978583123947036
649,4,10,150,85,0.15489949502599
650,4,10,150,85,0.11873383280553346
651,4,10,150,85,0.0
652,4,10,150,85,0.08156220960446063
653,4,10,150,85,0.0906036790514784
654,4,10,150,85,0.21255442687635834
655,4,10,150,85,0.2553163201952928
656,4,10,150,85,0.07397229644086958
657,4,10,150,85,0.04140815094666367
658,4,10,150,85,0.2625403796417579
659,4,10,150,85,0.08781544355121487
660,4,10,150,85,0.1125122289871898
661,4,10,150,85,0.08605775303302886
662,4,10,150,85,0.0512644431393966
663,4,10,150,85,0.24026856780584893
664,4,10,150,85,0.28517362059082263
665,4,10,150,85,0.0
666,4,10,150,85,0.15654057249001205
667,4,10,150,85,0.31347596517570553
668,4,10,150,85,0.06194403202282284
669,4,10,150,85,0.1348578320198433
670,4,10,150,85,0.09267469812912739
671,4,10,150,85,0.22329352092456306
672,4,10,150,85,0.03603026685992244
673,4,10,150,85,0.14837758007547783
674,4,10,150,85,0.11338915993603582
675,4,10,150,85,0.0
676,4,10,150,85,0.25681816731890644
677,4,10,150,85,0.03314040476303028
678,4,10,150,85,0.03824432123396675
679,4,10,150,85,0.15527711509166947
680,4,10,150,85,0.11377863936243801
681,4,10,150,85,0.0
682,4,10,150,85,0.1746711363361024
683,4,10,150,85,0.0
684,4,10,150,85,0.06573003977381581
685,4,10,150,85,0.1906465758273748
686,4,10,150,85,0.1682282387290392
687,4,10,150,85,0.0
688,4,10,150,85,0.08840257630093261
689,4,10,150,85,0.2385743953554933
690,4,10,150,85,0.12222352404401943
691,4,10,150,85,0.13843129503711957
692,4,10,150,85,0.1753901755134814
693,4,10,150,85,0.0
694,4,10,150,85,0.2448812985235888
695,4,10,150,85,0.0
696,4,10,150,85,0.039725595076707886
697,4,10,150,85,0.04239477130634912
698,4,10,150,85,0.041937660325009396
699,4,10,150,85,0.08826755891498377
700,4,10,150,85,0.12729890218214104
701,4,10,150,85,0.11497698281480273
702,4,10,150,85,0.037715680681715956
703,4,10,150,85,0.14202859508692728
704,4,10,150,85,0.2737585707060089
705,4,10,150,85,0.22667088038444094
706,4,10,150,85,0.04395738023645723
707,4,10,150,85,0.06313664925364729
708,4,10,150,85,0.10570703332515097
709,4,10,150,85,0.13472082394875662
710,4,10,150,85,0.10695361352497157
711,4,10,150,85,0.18133007201622714
712,4,10,150,85,0.15511023313323485
713,4,10,150,85,0.1468735732232516
714,4,10,150,85,0.03441184191455828
715,4,10,150,85,0.0
716,4,10,150,85,0.19999988123866633
717,4,10,150,85,0.09054670163637572
718,4,10,150,85,0.035328385129692476
719,4,10,150,85,0.09883437846193516
720,4,10,150,85,0.0
721,4,10,150,85,0.1850388725092322
722,4,10,150,85,0.06556429791586475
723,4,10,150,85,0.0
724,4,10,150,85,0.0
725,4,10,150,85,0.0
726,4,10,150,85,0.05010834716923557
727,4,10,150,85,0.12365581656124842
728,4,10,150,85,0.09627818061559096
729,4,10,150,85,0.10447105830830586
730,4,10,150,85,0.02601736765943984
731,4,10,150,85,0.14717311932656024
732,4,10,150,85,0.0
733,4,10,150,85,0.14514596345398123
734,4,10,150,85,0.0
735,4,10,150,85,0.0
736,4,10,150,85,0.03351972906068008
737,4,10,150,85,0.1138970555583582
738,4,10,150,85,0.13922998739868644
739,4,10,150,85,0.03855307727568851
740,4,10,150,85,0.0
741,4,10,150,85,0.05358697798864893
742,4,10,150,85,0.0488929053971083
743,4,10,150,85,0.0690623255281084
744,4,10,150,85,0.03596673601130318
745,4,10,150,85,0.03520132288421838
746,4,10,150,85,0.25743994347908983
747,4,10,150,85,0.3945439093731827
748,4,10,150,85,0.09621648119325965
749,4,10,150,85,0.12989530741427877
750,4,10,150,85,0.07184731398235064
751,4,10,150,85,0.08554799479006837
752,4,10,150,85,0.04389473417066348
753,4,10,150,85,0.15780803084928155
754,4,10,150,85,0.0
755,4,10,150,85,0.03855371268423985
756,4,10,150,85,0.031104745345423533
757,4,10,150,85,0.02032489047902012
758,4,10,150,85,0.26226582179277935
759,4,10,150,85,0.11006100937916612
760,4,10,150,85,0.03004859059698017
761,4,10,150,85,0.06869287000000811
762,4,10,150,85,0.051960280791503534
763,4,10,150,85,0.05892228941894017
764,4,10,150,85,0.08946696896639536
765,4,10,150,85,0.15066101840234988
766,4,10,150,85,0.03443306895956307
767,4,10,150,85,0.13884445379214724
768,4,10,150,85,0.08438032815655525
769,4,10,150,85,0.0
770,4,10,150,85,0.21464739068424896
771,4,10,150,85,0.32869562799119006
772,4,10,150,85,0.17356150297482983
773,4,10,150,85,0.08696710392235718
774,4,10,150,85,0.051084162228942465
775,4,10,150,85,0.038478285726379145
776,4,10,150,85,0.15403842856019037
777,4,10,150,85,0.0
778,4,10,150,85,0.1631238413472767
779,4,10,150,85,0.0
780,4,10,150,85,0.1424788567451383
781,4,10,150,85,0.2016539629141292
782,4,10,150,85,0.03523383735194471
783,4,10,150,85,0.0
784,4,10,150,85,0.029814614753779622
785,4,10,150,85,0.0
786,4,10,150,85,0.0
787,4,10,150,85,0.0
788,4,10,150,85,0.21476066421369489
789,4,10,150,85,0.08809718769055445
790,4,10,150,85,0.051571636127582365
791,4,10,150,85,0.04465281017341861
792,4,10,150,85,0.08944329533390502
793,4,10,150,85,0.0
794,4,10,150,85,0.04108065887337468
795,4,10,150,85,0.07614504861587336
796,4,10,150,85,0.32237007935690026
797,4,10,150,85,0.11278903329502893
798,4,10,150,85,0.033831048690149045
799,4,10,150,85,0.0
800,4,10,150,85,0.0888518698614501
801,4,10,150,85,0.1561471668577559
802,4,10,150,85,0.06960082070980815
803,4,10,150,85,0.10569353498973794
804,4,10,150,85,0.10982495654040439
805,4,10,150,85,0.10470107315093845
806,4,10,150,85,0.2959152150106387
807,4,10,150,85,0.10712329127351711
808,4,10,150,85,0.1025417224926713
809,4,10,150,85,0.10356976056061801
810,4,10,150,85,0.11853224832131926
811,4,10,150,85,0.0
812,4,10,150,85,0.09594989011285139
813,4,10,150,85,0.0
814,4,10,150,85,0.034616222155696735
815,4,10,150,85,0.18660881389796213
816,4,10,150,85,0.0
817,4,10,150,85,0.0
818,4,10,150,85,0.05516788910004661
819,4,10,150,85,0.037210602758860095
820,4,10,150,85,0.0787987754690289
821,4,10,150,85,0.302950268110492
822,4,10,150,85,0.05548928785951652
823,4,10,150,85,0.19825193631094293
824,4,10,150,85,0.05046096657376444
825,4,10,150,85,0.08238190489603152
826,4,10,150,85,0.17593166652195671
827,4,10,150,85,0.0
828,4,10,150,85,0.05745618865524075
829,4,10,150,85,0.1751347628439014
830,4,10,150,85,0.21673727180406585
831,4,10,150,85,0.21058943716644085
832,4,10,150,85,0.0
833,4,10,150,85,0.14025898239458445
834,4,10,150,85,0.2706897351446418
835,4,10,150,85,0.21400025246320972
836,4,10,150,85,0.20050437359357948
837,4,10,150,85,0.05665916465450996
838,4,10,150,85,0.27895398740912175
839,4,10,150,85,0.10730655186373157
840,4,10,150,85,0.32000399193397805
841,4,10,150,85,0.06507217400164225
842,4,10,150,85,0.03947561302344988
843,4,10,150,85,0.008506156174524894
844,4,10,150,85,0.05872188515498603
845,4,10,150,85,0.0
846,4,10,150,85,0.3353569801368084
847,4,10,150,85,0.05107153900660915
848,4,10,150,85,0.10309199686703965
849,4,10,150,85,0.07738342520054953
850,4,10,150,85,0.29160326485645294
851,4,10,150,85,0.06520552028363663
852,4,10,150,85,0.26227118260874954
853,4,10,150,85,0.0
854,4,10,150,85,0.06877971852416125
855,4,10,150,85,0.0
856,4,10,150,85,0.037110354711564805
857,4,10,150,85,0.0
858,4,10,150,85,0.10250982096838526
859,4,10,150,85,0.05070263548706836
860,4,10,150,85,0.10848832312989015
861,4,10,150,85,0.06460834446248033
862,4,10,150,85,0.15239220522774521
863,4,10,150,85,0.06336841123297353
864,4,10,150,85,0.368226124151486
865,4,10,150,85,0.11652577583309928
866,4,10,150,85,0.16283687678415507
867,4,10,150,85,0.2385310683972578
868,4,10,150,85,0.18628020589374908
869,4,10,150,85,0.0587446084443979
870,4,10,150,85,0.22783667468494323
871,4,10,150,85,0.07012986265386374
872,4,10,150,85,0.02804794621397926
873,4,10,150,85,0.0
874,4,10,150,85,0.13944914190808633
875,4,10,150,85,0.17307899610640343
876,4,10,150,85,0.08671382849411972
877,4,10,150,85,0.0835317778614811
878,4,10,150,85,0.1706804422753891
879,4,10,150,85,0.03963466998423315
880,4,10,150,85,0.30020555602066895
881,4,10,150,85,0.1018981083747245
882,4,10,150,85,0.21288820648214166
883,4,10,150,85,0.2764748633837392
884,4,10,150,85,0.11407805705099587
885,4,10,150,85,0.04536087033637415
886,4,10,150,85,0.16796482032480278
887,4,10,150,85,0.10214828088611402
888,4,10,150,85,0.11625487663628292
889,4,10,150,85,0.009361328244570893
890,4,10,150,85,0.11434431442033766
891,4,10,150,85,0.10491091696774645
892,4,10,150,85,0.2455191816579957
893,4,10,150,85,0.12806369532588527
894,4,10,150,85,0.0967424690671521
895,4,10,150,85,0.0
896,4,10,150,85,0.26010786521025003
897,4,10,150,85,0.3071672815592065
898,4,10,150,85,0.0
899,4,10,150,85,0.05684415375822261
900,4,10,150,85,0.055315677011973347
901,4,10,150,85,0.23198521014469126
902,4,10,150,85,0.05978585424799658
903,4,10,150,85,0.24651430146847014
904,4,10,150,85,0.0
905,4,10,150,85,0.0
906,4,10,150,85,0.10407444169186962
907,4,10,150,85,0.08460920127967277
908,4,10,150,85,0.06892767477436933
909,4,10,150,85,0.0
910,4,10,150,85,0.02138152805479416
911,4,10,150,85,0.14690565417489143
912,4,10,150,85,0.17642343579737088
913,4,10,150,85,0.08380195844185999
914,4,10,150,85,0.0
915,4,10,150,85,0.0
916,4,10,150,85,0.21431331124008648
917,4,10,150,85,0.0
918,4,10,150,85,0.043627084055128
919,4,10,150,85,0.08251661140493324
920,4,10,150,85,0.0
921,4,10,150,85,0.15405864814296488
922,4,10,150,85,0.1280645281724967
923,4,10,150,85,0.04031825574984845
924,4,10,150,85,0.018280262702529162
925,4,10,150,85,0.032527050404589315
926,4,10,150,85,0.0
927,4,10,150,85,0.12527716133750888
928,4,10,150,85,0.1873259908039563
929,4,10,150,85,0.25163227912988373
930,4,10,150,85,0.032298243696638564
931,4,10,150,85,0.08679587898287541
932,4,10,150,85,0.26581896687705886
933,4,10,150,85,0.13752245444306133
934,4,10,150,85,0.10071040486185964
935,4,10,150,85,0.04173963774222741
936,4,10,150,85,0.1321191921354211
937,4,10,150,85,0.0
938,4,10,150,85,0.1661428141234511
939,4,10,150,85,0.02916862694666808
940,4,10,150,85,0.050684733114198
941,4,10,150,85,0.0
942,4,10,150,85,0.12154822122445835
943,4,10,150,85,0.20163692230838232
1,4,10,150,86,0.4058715898896693
2,4,10,150,86,0.06250343848035038
3,4,10,150,86,0.0
4,4,10,150,86,0.0
5,4,10,150,86,0.040209635547393256
6,4,10,150,86,0.27020011346731576
7,4,10,150,86,0.3507427912641652
8,4,10,150,86,0.0
9,4,10,150,86,0.21840743681816419
10,4,10,150,86,0.21491451057814584
11,4,10,150,86,0.1722584975122812
12,4,10,150,86,0.0
13,4,10,150,86,0.23354755242906122
14,4,10,150,86,0.03963175841995263
15,4,10,150,86,0.05010834716923557
16,4,10,150,86,0.1394055771274295
17,4,10,150,86,0.12407735386140566
18,4,10,150,86,0.2651132679673976
19,4,10,150,86,0.0
20,4,10,150,86,0.0
21,4,10,150,86,0.0
22,4,10,150,86,0.11702382382650763
23,4,10,150,86,0.23682446174402746
24,4,10,150,86,0.0
25,4,10,150,86,0.12358102547512423
26,4,10,150,86,0.0
27,4,10,150,86,0.0
28,4,10,150,86,0.0
29,4,10,150,86,0.13455232720853103
30,4,10,150,86,0.0
31,4,10,150,86,0.0
32,4,10,150,86,0.0
33,4,10,150,86,0.0
35,4,10,150,86,0.10523285614729473
36,4,10,150,86,0.0
37,4,10,150,86,0.0
38,4,10,150,86,0.04739418218477539
39,4,10,150,86,0.0
40,4,10,150,86,0.10558114683788161
41,4,10,150,86,0.0
42,4,10,150,86,0.0683037314796457
43,4,10,150,86,0.22592974817952552
44,4,10,150,86,0.2044921015662719
45,4,10,150,86,0.05200670101006268
46,4,10,150,86,0.11284514134893527
47,4,10,150,86,0.06250343848035038
48,4,10,150,86,0.0
49,4,10,150,86,0.0
50,4,10,150,86,0.0
51,4,10,150,86,0.16812753627111746
52,4,10,150,86,0.0
54,4,10,150,86,0.04843244625481133
56,4,10,150,86,0.20383503459815738
57,4,10,150,86,0.3030555992505742
58,4,10,150,86,0.3717269535737058
59,4,10,150,86,0.31915425394541946
60,4,10,150,86,0.1505674224523334
61,4,10,150,86,0.07763867093308688
62,4,10,150,86,0.10440036542861637
63,4,10,150,86,0.0
64,4,10,150,86,0.04238468688770069
65,4,10,150,86,0.13012668333070054
66,4,10,150,86,0.0
67,4,10,150,86,0.0
68,4,10,150,86,0.4827392464262081
69,4,10,150,86,0.07673373981757839
70,4,10,150,86,0.0
71,4,10,150,86,0.046966485689931024
72,4,10,150,86,0.09048427472954688
73,4,10,150,86,0.0
74,4,10,150,86,0.0
75,4,10,150,86,0.049432410190049694
76,4,10,150,86,0.1301464707340554
77,4,10,150,86,0.10201115106436301
78,4,10,150,86,0.0
79,4,10,150,86,0.3183561588137008
80,4,10,150,86,0.0
81,4,10,150,86,0.0
82,4,10,150,86,0.19298623480417013
83,4,10,150,86,0.12089611529519323
84,4,10,150,86,0.05034889199379723
85,4,10,150,86,0.0
87,4,10,150,86,0.07100089300395272
89,4,10,150,86,0.2553387838830436
90,4,10,150,86,0.14035324954983075
91,4,10,150,86,0.05648147012627732
92,4,10,150,86,0.10542637391232386
93,4,10,150,86,0.0
94,4,10,150,86,0.1398942649682608
95,4,10,150,86,0.17287436926807473
96,4,10,150,86,0.10181164814261426
97,4,10,150,86,0.06462745615384195
98,4,10,150,86,0.0930297504356062
99,4,10,150,86,0.05658242244874664
100,4,10,150,86,0.0
101,4,10,150,86,0.0
102,4,10,150,86,0.02424726876918863
103,4,10,150,86,0.0
104,4,10,150,86,0.0
105,4,10,150,86,0.0
106,4,10,150,86,0.0
107,4,10,150,86,0.0
108,4,10,150,86,0.0
109,4,10,150,86,0.07103066762111539
110,4,10,150,86,0.0
111,4,10,150,86,0.0
112,4,10,150,86,0.05685954565780693
113,4,10,150,86,0.053168340515114924
114,4,10,150,86,0.0
115,4,10,150,86,0.10684080426179023
116,4,10,150,86,0.0
117,4,10,150,86,0.26646890433550474
118,4,10,150,86,0.0
119,4,10,150,86,0.22720111393597806
120,4,10,150,86,0.0
121,4,10,150,86,0.271985059917519
122,4,10,150,86,0.1530100230930498
123,4,10,150,86,0.07386004580671933
125,4,10,150,86,0.12702645795516354
126,4,10,150,86,0.06911917000496234
127,4,10,150,86,0.23132283185955704
128,4,10,150,86,0.0804528329814545
129,4,10,150,86,0.0
130,4,10,150,86,0.19839806705808383
131,4,10,150,86,0.06556385272536247
133,4,10,150,86,0.11047239495909743
134,4,10,150,86,0.0
135,4,10,150,86,0.0
137,4,10,150,86,0.1371200812351206
138,4,10,150,86,0.06140414576373613
139,4,10,150,86,0.0
141,4,10,150,86,0.0
142,4,10,150,86,0.13373003436102654
143,4,10,150,86,0.1208996448617798
144,4,10,150,86,0.1227945149537572
145,4,10,150,86,0.1075804523117992
146,4,10,150,86,0.0
148,4,10,150,86,0.20254719486838738
149,4,10,150,86,0.0
150,4,10,150,86,0.10235170428306553
151,4,10,150,86,0.08508735214666606
152,4,10,150,86,0.040655755922716606
153,4,10,150,86,0.0
154,4,10,150,86,0.11753148666901318
155,4,10,150,86,0.0
156,4,10,150,86,0.0
158,4,10,150,86,0.17575552384613552
159,4,10,150,86,0.03310852000739229
160,4,10,150,86,0.0
161,4,10,150,86,0.0
162,4,10,150,86,0.04858102772529458
163,4,10,150,86,0.0
164,4,10,150,86,0.0
165,4,10,150,86,0.12114889742360979
166,4,10,150,86,0.0
167,4,10,150,86,0.06267320809766952
168,4,10,150,86,0.23504554941448536
169,4,10,150,86,0.06416923277158361
170,4,10,150,86,0.0
171,4,10,150,86,0.0
172,4,10,150,86,0.0
173,4,10,150,86,0.11302181651994404
174,4,10,150,86,0.08712841477105211
175,4,10,150,86,0.0
176,4,10,150,86,0.09511409151391914
177,4,10,150,86,0.06912040963822193
178,4,10,150,86,0.2437589399037192
179,4,10,150,86,0.06723507268634088
180,4,10,150,86,0.12262943855309168
181,4,10,150,86,0.062426915812405386
182,4,10,150,86,0.0
183,4,10,150,86,0.0
184,4,10,150,86,0.11356458502877588
185,4,10,150,86,0.07745351606183934
186,4,10,150,86,0.22147164648185297
187,4,10,150,86,0.08625091781054979
188,4,10,150,86,0.054384419234677496
189,4,10,150,86,0.23042891886703956
190,4,10,150,86,0.10699313236726378
191,4,10,150,86,0.0
192,4,10,150,86,0.0
193,4,10,150,86,0.0
194,4,10,150,86,0.11592484831532757
195,4,10,150,86,0.0
196,4,10,150,86,0.0
197,4,10,150,86,0.05576624569167862
198,4,10,150,86,0.0
199,4,10,150,86,0.0
200,4,10,150,86,0.1350618908658632
201,4,10,150,86,0.10763403601326355
203,4,10,150,86,0.0
204,4,10,150,86,0.0
205,4,10,150,86,0.0
206,4,10,150,86,0.0
207,4,10,150,86,0.09412450373990706
209,4,10,150,86,0.0
210,4,10,150,86,0.09440608278107551
211,4,10,150,86,0.0
212,4,10,150,86,0.12681701683239352
213,4,10,150,86,0.2384146878320104
214,4,10,150,86,0.056720838976548935
215,4,10,150,86,0.0
216,4,10,150,86,0.06585783135342528
217,4,10,150,86,0.0
218,4,10,150,86,0.19092086617893467
219,4,10,150,86,0.0
221,4,10,150,86,0.3375735570145491
222,4,10,150,86,0.12476107276951183
223,4,10,150,86,0.03870447337439288
224,4,10,150,86,0.0
225,4,10,150,86,0.0
226,4,10,150,86,0.08080765379783027
227,4,10,150,86,0.0
228,4,10,150,86,0.0
229,4,10,150,86,0.0
230,4,10,150,86,0.23712439662683835
231,4,10,150,86,0.0
232,4,10,150,86,0.3234992853586256
233,4,10,150,86,0.0968152409481219
234,4,10,150,86,0.1481502210952491
235,4,10,150,86,0.06065881345112158
236,4,10,150,86,0.0
237,4,10,150,86,0.0
238,4,10,150,86,0.0
239,4,10,150,86,0.11792279130466408
240,4,10,150,86,0.05497526658285817
242,4,10,150,86,0.0
243,4,10,150,86,0.09267768927614353
244,4,10,150,86,0.15765545519871427
245,4,10,150,86,0.10704534003732354
246,4,10,150,86,0.11120150311654428
247,4,10,150,86,0.0
248,4,10,150,86,0.14830051302014485
249,4,10,150,86,0.31180658179892495
250,4,10,150,86,0.3503302816689379
251,4,10,150,86,0.0
252,4,10,150,86,0.0
253,4,10,150,86,0.05954496680255472
254,4,10,150,86,0.0
255,4,10,150,86,0.0
256,4,10,150,86,0.16583176898817792
257,4,10,150,86,0.3305900772260718
258,4,10,150,86,0.07557488532248983
259,4,10,150,86,0.0
260,4,10,150,86,0.0
261,4,10,150,86,0.0
262,4,10,150,86,0.05029331645508228
263,4,10,150,86,0.15472701459244137
264,4,10,150,86,0.05840183867278569
265,4,10,150,86,0.10209739512291163
267,4,10,150,86,0.09794101962538232
268,4,10,150,86,0.17766987391815556
269,4,10,150,86,0.13223875150584097
270,4,10,150,86,0.046726672111120165
271,4,10,150,86,0.12276482551434069
272,4,10,150,86,0.14498698048571354
273,4,10,150,86,0.0
274,4,10,150,86,0.0
275,4,10,150,86,0.04605780568615433
276,4,10,150,86,0.20223032365941937
277,4,10,150,86,0.0
279,4,10,150,86,0.07923708494918187
280,4,10,150,86,0.03337620304869898
281,4,10,150,86,0.0
283,4,10,150,86,0.1292258709239571
284,4,10,150,86,0.0
285,4,10,150,86,0.1185995982858366
286,4,10,150,86,0.31887623993711317
287,4,10,150,86,0.11352455583778437
288,4,10,150,86,0.12538054736008386
289,4,10,150,86,0.13905617951077562
290,4,10,150,86,0.0
291,4,10,150,86,0.23494592513118112
292,4,10,150,86,0.12610583976873452
293,4,10,150,86,0.2344161202530718
294,4,10,150,86,0.04123398036294628
295,4,10,150,86,0.2670961153715764
296,4,10,150,86,0.5382063622180417
297,4,10,150,86,0.13535082686131417
298,4,10,150,86,0.19947114504638494
299,4,10,150,86,0.0
300,4,10,150,86,0.0
301,4,10,150,86,0.047934103497110726
303,4,10,150,86,0.12680868731260003
304,4,10,150,86,0.0
305,4,10,150,86,0.31514747987601716
306,4,10,150,86,0.0
307,4,10,150,86,0.1383141340724969
308,4,10,150,86,0.19205342317019936
309,4,10,150,86,0.0
310,4,10,150,86,0.0
311,4,10,150,86,0.08938791352906189
312,4,10,150,86,0.14069579419580536
313,4,10,150,86,0.14465709645474623
314,4,10,150,86,0.20285519102295546
315,4,10,150,86,0.0
316,4,10,150,86,0.04568304891751105
317,4,10,150,86,0.0
318,4,10,150,86,0.13815200906377123
319,4,10,150,86,0.0
320,4,10,150,86,0.0
321,4,10,150,86,0.062242588308449316
322,4,10,150,86,0.17342765698823945
323,4,10,150,86,0.14126697285982898
324,4,10,150,86,0.03555702818464106
325,4,10,150,86,0.0
326,4,10,150,86,0.0634222181618871
327,4,10,150,86,0.04302935573946656
328,4,10,150,86,0.1437524526514495
329,4,10,150,86,0.0
330,4,10,150,86,0.0536466452928127
331,4,10,150,86,0.16958010263680806
332,4,10,150,86,0.046679707512804314
333,4,10,150,86,0.0
334,4,10,150,86,0.0858345406672181
336,4,10,150,86,0.0
337,4,10,150,86,0.16716045496620227
338,4,10,150,86,0.05005165434923901
339,4,10,150,86,0.1344957225763306
340,4,10,150,86,0.0
341,4,10,150,86,0.0
342,4,10,150,86,0.2625072992734236
343,4,10,150,86,0.3094263721986468
344,4,10,150,86,0.23832550406045652
345,4,10,150,86,0.056149696530797676
346,4,10,150,86,0.13947804593499064
347,4,10,150,86,0.11116062301189339
348,4,10,150,86,0.071942683897578
349,4,10,150,86,0.07673373981757839
350,4,10,150,86,0.2065896325117088
351,4,10,150,86,0.0
352,4,10,150,86,0.0
353,4,10,150,86,0.0
354,4,10,150,86,0.051249224710132255
355,4,10,150,86,0.0
356,4,10,150,86,0.08406376813555873
357,4,10,150,86,0.05006331611131463
358,4,10,150,86,0.20438239758848611
359,4,10,150,86,0.0
360,4,10,150,86,0.09491042451242505
361,4,10,150,86,0.09622728274290568
362,4,10,150,86,0.09541268780076616
363,4,10,150,86,0.21862978877358352
364,4,10,150,86,0.0
365,4,10,150,86,0.03956979699823825
366,4,10,150,86,0.0
367,4,10,150,86,0.07630862162354303
368,4,10,150,86,0.0
369,4,10,150,86,0.0
370,4,10,150,86,0.13479984916817475
371,4,10,150,86,0.22569563125869263
372,4,10,150,86,0.03657576498735172
373,4,10,150,86,0.08627719815628208
374,4,10,150,86,0.08336468340246644
375,4,10,150,86,0.0
376,4,10,150,86,0.0
377,4,10,150,86,0.08010929472340098
378,4,10,150,86,0.20845032410352882
379,4,10,150,86,0.1665016263976196
380,4,10,150,86,0.0
381,4,10,150,86,0.09118180877280627
382,4,10,150,86,0.0
383,4,10,150,86,0.0848644637410381
384,4,10,150,86,0.0
385,4,10,150,86,0.0
386,4,10,150,86,0.0
387,4,10,150,86,0.11497906462099297
388,4,10,150,86,0.04511904280884329
389,4,10,150,86,0.17394090433083284
390,4,10,150,86,0.0
391,4,10,150,86,0.2137247802747043
392,4,10,150,86,0.056679935917756406
393,4,10,150,86,0.06677476047860295
394,4,10,150,86,0.11073655428626575
395,4,10,150,86,0.09179488000267515
396,4,10,150,86,0.0
397,4,10,150,86,0.2710147943938467
398,4,10,150,86,0.18852571653533698
399,4,10,150,86,0.07594334672458623
400,4,10,150,86,0.0
401,4,10,150,86,0.0
402,4,10,150,86,0.08963222225173058
403,4,10,150,86,0.1586673445830345
404,4,10,150,86,0.0
405,4,10,150,86,0.06667735269275575
406,4,10,150,86,0.20956416940551098
407,4,10,150,86,0.06232415948793755
408,4,10,150,86,0.0
409,4,10,150,86,0.12740448328320192
410,4,10,150,86,0.0
411,4,10,150,86,0.0
412,4,10,150,86,0.0
413,4,10,150,86,0.041646268351119564
414,4,10,150,86,0.0
415,4,10,150,86,0.15103391472831218
416,4,10,150,86,0.2200039995691806
417,4,10,150,86,0.09850508837083022
418,4,10,150,86,0.0
419,4,10,150,86,0.1208113026994942
420,4,10,150,86,0.06052048269976269
421,4,10,150,86,0.19620555836557932
422,4,10,150,86,0.07550298029238112
423,4,10,150,86,0.053845569940583225
424,4,10,150,86,0.2766918177656049
425,4,10,150,86,0.1674157226455415
426,4,10,150,86,0.040759261617270684
427,4,10,150,86,0.07466168586864165
428,4,10,150,86,0.04415960465480069
429,4,10,150,86,0.14355264986043786
430,4,10,150,86,0.0
431,4,10,150,86,0.0
432,4,10,150,86,0.05789711601244791
433,4,10,150,86,0.05780921899607981
434,4,10,150,86,0.2562151231304954
435,4,10,150,86,0.17195543683824452
436,4,10,150,86,0.0
437,4,10,150,86,0.1246139643684977
438,4,10,150,86,0.0
439,4,10,150,86,0.10863976191957724
440,4,10,150,86,0.0
441,4,10,150,86,0.07736100002633538
442,4,10,150,86,0.040949887133979804
443,4,10,150,86,0.06783204105472322
444,4,10,150,86,0.1312721899408984
445,4,10,150,86,0.0
446,4,10,150,86,0.0
447,4,10,150,86,0.16246725303708914
448,4,10,150,86,0.0
449,4,10,150,86,0.1882329728596757
450,4,10,150,86,0.2321673962636229
451,4,10,150,86,0.06148915918944534
452,4,10,150,86,0.10773098771530253
453,4,10,150,86,0.0
454,4,10,150,86,0.015175188400892194
455,4,10,150,86,0.11201222307971222
456,4,10,150,86,0.018650043077523788
457,4,10,150,86,0.31128444613224265
458,4,10,150,86,0.06982799741808067
459,4,10,150,86,0.0
460,4,10,150,86,0.05184030722866645
461,4,10,150,86,0.05428363317977833
462,4,10,150,86,0.0
463,4,10,150,86,0.11987424504051505
464,4,10,150,86,0.027878824909352323
465,4,10,150,86,0.0
466,4,10,150,86,0.0
467,4,10,150,86,0.07807600999842033
468,4,10,150,86,0.11455543964849552
469,4,10,150,86,0.05165643482805862
470,4,10,150,86,0.0
471,4,10,150,86,0.0
472,4,10,150,86,0.13402286793172438
473,4,10,150,86,0.06140244428718695
474,4,10,150,86,0.24593822460513717
475,4,10,150,86,0.0
476,4,10,150,86,0.0
477,4,10,150,86,0.0
478,4,10,150,86,0.2345109835167376
479,4,10,150,86,0.10172348796286074
480,4,10,150,86,0.0741070054529978
481,4,10,150,86,0.13102204196909084
482,4,10,150,86,0.0
483,4,10,150,86,0.05658242244874664
484,4,10,150,86,0.29539974213048126
485,4,10,150,86,0.0
486,4,10,150,86,0.0
487,4,10,150,86,0.09557986065110975
488,4,10,150,86,0.0
489,4,10,150,86,0.02196588169196602
490,4,10,150,86,0.0
491,4,10,150,86,0.14208678740137623
492,4,10,150,86,0.0
493,4,10,150,86,0.1475552329391869
494,4,10,150,86,0.0
495,4,10,150,86,0.17949652011459483
496,4,10,150,86,0.08659863258371955
497,4,10,150,86,0.08955573351991261
498,4,10,150,86,0.0
499,4,10,150,86,0.05075938465928585
500,4,10,150,86,0.09541527213731128
501,4,10,150,86,0.0
502,4,10,150,86,0.0
503,4,10,150,86,0.11767237878397997
504,4,10,150,86,0.08148269775823089
505,4,10,150,86,0.07379217622092994
506,4,10,150,86,0.18325792458363765
507,4,10,150,86,0.05319635904163211
508,4,10,150,86,0.0
509,4,10,150,86,0.0
510,4,10,150,86,0.0
511,4,10,150,86,0.08495943917278885
512,4,10,150,86,0.05478392673173268
513,4,10,150,86,0.0
514,4,10,150,86,0.27252722616773445
515,4,10,150,86,0.11706259313796354
516,4,10,150,86,0.0
517,4,10,150,86,0.08878770367712427
518,4,10,150,86,0.0
519,4,10,150,86,0.0
520,4,10,150,86,0.0
521,4,10,150,86,0.09850628252086785
522,4,10,150,86,0.16015986784807879
523,4,10,150,86,0.05782495986511108
524,4,10,150,86,0.1388155168339688
525,4,10,150,86,0.0
526,4,10,150,86,0.15355181494703254
527,4,10,150,86,0.1636135858112592
528,4,10,150,86,0.10209739512291163
529,4,10,150,86,0.0
530,4,10,150,86,0.0
531,4,10,150,86,0.1517763576041802
532,4,10,150,86,0.2751056785549508
533,4,10,150,86,0.11557545112991054
534,4,10,150,86,0.15271774407237912
535,4,10,150,86,0.15258506350829476
536,4,10,150,86,0.15105160768725473
537,4,10,150,86,0.2962194584976675
538,4,10,150,86,0.14697776980950736
539,4,10,150,86,0.118966869440927
540,4,10,150,86,0.0
541,4,10,150,86,0.0586415067779619
542,4,10,150,86,0.049033875503285806
543,4,10,150,86,0.09246186677965838
544,4,10,150,86,0.05282936728943967
545,4,10,150,86,0.02244213465825961
546,4,10,150,86,0.05758752804519195
547,4,10,150,86,0.0
548,4,10,150,86,0.14714570243929503
549,4,10,150,86,0.0
550,4,10,150,86,0.08775411958203361
551,4,10,150,86,0.0910925691220798
552,4,10,150,86,0.1205344274731702
553,4,10,150,86,0.07411563356774664
554,4,10,150,86,0.12627825946936164
555,4,10,150,86,0.0
556,4,10,150,86,0.07660623398069263
557,4,10,150,86,0.031742154565302834
558,4,10,150,86,0.08878770367712427
559,4,10,150,86,0.09986350037763675
560,4,10,150,86,0.09375790921485552
561,4,10,150,86,0.14725545437769655
562,4,10,150,86,0.07930308311174379
563,4,10,150,86,0.0
564,4,10,150,86,0.15437610727371853
565,4,10,150,86,0.0
566,4,10,150,86,0.03579489106983033
567,4,10,150,86,0.1471381878632886
568,4,10,150,86,0.036155150901276155
569,4,10,150,86,0.18299769260789403
570,4,10,150,86,0.0
571,4,10,150,86,0.04988426711147283
572,4,10,150,86,0.16812753627111746
573,4,10,150,86,0.06437746926759551
574,4,10,150,86,0.051811563545175146
575,4,10,150,86,0.0
576,4,10,150,86,0.0
577,4,10,150,86,0.2181315616010628
578,4,10,150,86,0.05006331611131463
579,4,10,150,86,0.029371016515430802
580,4,10,150,86,0.17202958801773222
581,4,10,150,86,0.14348105418014392
582,4,10,150,86,0.03190895161277091
583,4,10,150,86,0.05364822253323318
584,4,10,150,86,0.06323567569191428
585,4,10,150,86,0.04173963774222741
586,4,10,150,86,0.05786021189691368
587,4,10,150,86,0.019492972026130224
588,4,10,150,86,0.14934904111986536
589,4,10,150,86,0.0
590,4,10,150,86,0.053845569940583225
591,4,10,150,86,0.023834756589907247
592,4,10,150,86,0.3249855019345998
593,4,10,150,86,0.07711036365720102
594,4,10,150,86,0.044551000676675064
595,4,10,150,86,0.10296141646738245
596,4,10,150,86,0.0
597,4,10,150,86,0.27101620591530523
598,4,10,150,86,0.0684591776394769
599,4,10,150,86,0.047338452314727386
600,4,10,150,86,0.09197011795311534
601,4,10,150,86,0.0
602,4,10,150,86,0.0
603,4,10,150,86,0.0
604,4,10,150,86,0.0
605,4,10,150,86,0.26275270116262744
606,4,10,150,86,0.1839502972074742
607,4,10,150,86,0.08673473912838402
608,4,10,150,86,0.12209659098915113
609,4,10,150,86,0.0
610,4,10,150,86,0.2146842601596213
611,4,10,150,86,0.07624568872860434
612,4,10,150,86,0.0
613,4,10,150,86,0.08385150490449667
614,4,10,150,86,0.0
615,4,10,150,86,0.04919117729584568
616,4,10,150,86,0.03618657486793958
617,4,10,150,86,0.0
618,4,10,150,86,0.1281253572826617
619,4,10,150,86,0.12363660028711727
620,4,10,150,86,0.159486715201797
621,4,10,150,86,0.11278207190006835
622,4,10,150,86,0.18241748250491993
623,4,10,150,86,0.2117125497194188
624,4,10,150,86,0.06626749824739844
625,4,10,150,86,0.0
626,4,10,150,86,0.06228974831361337
627,4,10,150,86,0.06945233499530101
628,4,10,150,86,0.03461894863592259
629,4,10,150,86,0.19194057324582506
630,4,10,150,86,0.15874779570678058
631,4,10,150,86,0.0
632,4,10,150,86,0.12112269717167994
633,4,10,150,86,0.11499138576948859
634,4,10,150,86,0.05294832419446749
635,4,10,150,86,0.04546401530948942
636,4,10,150,86,0.11426572661305327
637,4,10,150,86,0.01928973283308616
638,4,10,150,86,0.09712868482236708
639,4,10,150,86,0.03138892079718151
640,4,10,150,86,0.10536866733091729
641,4,10,150,86,0.07675099783970546
642,4,10,150,86,0.12716829000393493
643,4,10,150,86,0.11071279041815515
644,4,10,150,86,0.04935421935348238
645,4,10,150,86,0.17581821458755492
646,4,10,150,86,0.0
647,4,10,150,86,0.05363388010108191
648,4,10,150,86,0.13978583123947036
649,4,10,150,86,0.15489949502599
650,4,10,150,86,0.11873383280553346
651,4,10,150,86,0.0
652,4,10,150,86,0.08156220960446063
653,4,10,150,86,0.0906036790514784
654,4,10,150,86,0.21255442687635834
655,4,10,150,86,0.25320900607315494
656,4,10,150,86,0.07397229644086958
657,4,10,150,86,0.04140815094666367
658,4,10,150,86,0.2625403796417579
659,4,10,150,86,0.08781544355121487
660,4,10,150,86,0.1125122289871898
661,4,10,150,86,0.08605775303302886
662,4,10,150,86,0.0512644431393966
663,4,10,150,86,0.24026856780584893
664,4,10,150,86,0.28517362059082263
665,4,10,150,86,0.0
666,4,10,150,86,0.15654057249001205
667,4,10,150,86,0.31347596517570553
668,4,10,150,86,0.06194403202282284
669,4,10,150,86,0.1348578320198433
670,4,10,150,86,0.09267469812912739
671,4,10,150,86,0.22329352092456306
672,4,10,150,86,0.03603026685992244
673,4,10,150,86,0.14837758007547783
674,4,10,150,86,0.11338915993603582
675,4,10,150,86,0.0
676,4,10,150,86,0.25681816731890644
677,4,10,150,86,0.03314040476303028
678,4,10,150,86,0.03824432123396675
679,4,10,150,86,0.15527711509166947
680,4,10,150,86,0.11377863936243801
681,4,10,150,86,0.0
682,4,10,150,86,0.1732294464666519
683,4,10,150,86,0.0
684,4,10,150,86,0.06573003977381581
685,4,10,150,86,0.1906465758273748
686,4,10,150,86,0.1682282387290392
687,4,10,150,86,0.0
688,4,10,150,86,0.08840257630093261
689,4,10,150,86,0.2385743953554933
690,4,10,150,86,0.12222352404401943
691,4,10,150,86,0.13843129503711957
692,4,10,150,86,0.1753901755134814
693,4,10,150,86,0.0
694,4,10,150,86,0.2448812985235888
695,4,10,150,86,0.0
696,4,10,150,86,0.039725595076707886
697,4,10,150,86,0.04239477130634912
698,4,10,150,86,0.041937660325009396
699,4,10,150,86,0.08826755891498377
700,4,10,150,86,0.12729890218214104
701,4,10,150,86,0.11497698281480273
702,4,10,150,86,0.037715680681715956
703,4,10,150,86,0.14202859508692728
704,4,10,150,86,0.2737585707060089
705,4,10,150,86,0.22667088038444094
706,4,10,150,86,0.04395738023645723
707,4,10,150,86,0.06313664925364729
708,4,10,150,86,0.12228634424244818
709,4,10,150,86,0.13472082394875662
710,4,10,150,86,0.10695361352497157
711,4,10,150,86,0.18133007201622714
712,4,10,150,86,0.15511023313323485
713,4,10,150,86,0.1468735732232516
714,4,10,150,86,0.03441184191455828
715,4,10,150,86,0.0
716,4,10,150,86,0.19834913453419498
717,4,10,150,86,0.09054670163637572
718,4,10,150,86,0.035328385129692476
719,4,10,150,86,0.09883437846193516
720,4,10,150,86,0.0
721,4,10,150,86,0.1850388725092322
722,4,10,150,86,0.06556429791586475
723,4,10,150,86,0.0
724,4,10,150,86,0.0
725,4,10,150,86,0.0
726,4,10,150,86,0.05010834716923557
727,4,10,150,86,0.12263519379680984
728,4,10,150,86,0.09627818061559096
729,4,10,150,86,0.10447105830830586
730,4,10,150,86,0.02601736765943984
731,4,10,150,86,0.14717311932656024
732,4,10,150,86,0.0
733,4,10,150,86,0.14514596345398123
734,4,10,150,86,0.0
735,4,10,150,86,0.0
736,4,10,150,86,0.03351972906068008
737,4,10,150,86,0.1138970555583582
738,4,10,150,86,0.13922998739868644
739,4,10,150,86,0.03855307727568851
740,4,10,150,86,0.0
741,4,10,150,86,0.05358697798864893
742,4,10,150,86,0.0488929053971083
743,4,10,150,86,0.0690623255281084
744,4,10,150,86,0.03596673601130318
745,4,10,150,86,0.03520132288421838
746,4,10,150,86,0.25743994347908983
747,4,10,150,86,0.3912874471486385
748,4,10,150,86,0.09621648119325965
749,4,10,150,86,0.12882318552444355
750,4,10,150,86,0.07184731398235064
751,4,10,150,86,0.08554799479006837
752,4,10,150,86,0.04389473417066348
753,4,10,150,86,0.15780803084928155
754,4,10,150,86,0.0
755,4,10,150,86,0.03855371268423985
756,4,10,150,86,0.031104745345423533
757,4,10,150,86,0.02032489047902012
758,4,10,150,86,0.26835488672576396
759,4,10,150,86,0.11006100937916612
760,4,10,150,86,0.03004859059698017
761,4,10,150,86,0.06869287000000811
762,4,10,150,86,0.051960280791503534
763,4,10,150,86,0.05892228941894017
764,4,10,150,86,0.08946696896639536
765,4,10,150,86,0.15066101840234988
766,4,10,150,86,0.03443306895956307
767,4,10,150,86,0.13884445379214724
768,4,10,150,86,0.08438032815655525
769,4,10,150,86,0.0
770,4,10,150,86,0.21464739068424896
771,4,10,150,86,0.32869562799119006
772,4,10,150,86,0.17356150297482983
773,4,10,150,86,0.08696710392235718
774,4,10,150,86,0.050662526916322066
775,4,10,150,86,0.038478285726379145
776,4,10,150,86,0.15403842856019037
777,4,10,150,86,0.0
778,4,10,150,86,0.1631238413472767
779,4,10,150,86,0.0
780,4,10,150,86,0.1424788567451383
781,4,10,150,86,0.2016539629141292
782,4,10,150,86,0.03494302647478626
783,4,10,150,86,0.0
784,4,10,150,86,0.029814614753779622
785,4,10,150,86,0.0
786,4,10,150,86,0.0
787,4,10,150,86,0.0
788,4,10,150,86,0.21298808586762186
789,4,10,150,86,0.08809718769055445
790,4,10,150,86,0.05939971575639603
791,4,10,150,86,0.04465281017341861
792,4,10,150,86,0.08944329533390502
793,4,10,150,86,0.0
794,4,10,150,86,0.04108065887337468
795,4,10,150,86,0.07614504861587336
796,4,10,150,86,0.3197093210463313
797,4,10,150,86,0.11278903329502893
798,4,10,150,86,0.033551816063668485
799,4,10,150,86,0.0
800,4,10,150,86,0.0888518698614501
801,4,10,150,86,0.1561471668577559
802,4,10,150,86,0.06960082070980815
803,4,10,150,86,0.10569353498973794
804,4,10,150,86,0.10891849007674964
805,4,10,150,86,0.10383689788049277
806,4,10,150,86,0.2959152150106387
807,4,10,150,86,0.10712329127351711
808,4,10,150,86,0.1025417224926713
809,4,10,150,86,0.10356976056061801
810,4,10,150,86,0.14751399634466592
811,4,10,150,86,0.034160126724669886
812,4,10,150,86,0.09594989011285139
813,4,10,150,86,0.0
814,4,10,150,86,0.034616222155696735
815,4,10,150,86,0.18660881389796213
816,4,10,150,86,0.0
817,4,10,150,86,0.0
818,4,10,150,86,0.05516788910004661
819,4,10,150,86,0.037210602758860095
820,4,10,150,86,0.0787987754690289
821,4,10,150,86,0.302950268110492
822,4,10,150,86,0.05548928785951652
823,4,10,150,86,0.19825193631094293
824,4,10,150,86,0.05046096657376444
825,4,10,150,86,0.08238190489603152
826,4,10,150,86,0.17593166652195671
827,4,10,150,86,0.0
828,4,10,150,86,0.05745618865524075
829,4,10,150,86,0.1751347628439014
830,4,10,150,86,0.21673727180406585
831,4,10,150,86,0.21058943716644085
832,4,10,150,86,0.0
833,4,10,150,86,0.13910132144235582
834,4,10,150,86,0.2706897351446418
835,4,10,150,86,0.2282338502278767
836,4,10,150,86,0.20050437359357948
837,4,10,150,86,0.05665916465450996
838,4,10,150,86,0.27895398740912175
839,4,10,150,86,0.10730655186373157
840,4,10,150,86,0.32000399193397805
841,4,10,150,86,0.06507217400164225
842,4,10,150,86,0.03947561302344988
843,4,10,150,86,0.008435948586471082
844,4,10,150,86,0.05872188515498603
845,4,10,150,86,0.0
846,4,10,150,86,0.3325890313442704
847,4,10,150,86,0.05107153900660915
848,4,10,150,86,0.10309199686703965
849,4,10,150,86,0.07738342520054953
850,4,10,150,86,0.29160326485645294
851,4,10,150,86,0.06520552028363663
852,4,10,150,86,0.26227118260874954
853,4,10,150,86,0.0
854,4,10,150,86,0.06821202871862211
855,4,10,150,86,0.0
856,4,10,150,86,0.037110354711564805
857,4,10,150,86,0.0
858,4,10,150,86,0.10250982096838526
859,4,10,150,86,0.05070263548706836
860,4,10,150,86,0.10848832312989015
861,4,10,150,86,0.06460834446248033
862,4,10,150,86,0.1616565132339366
863,4,10,150,86,0.06336841123297353
864,4,10,150,86,0.37344062046552884
865,4,10,150,86,0.11652577583309928
866,4,10,150,86,0.16283687678415507
867,4,10,150,86,0.2385310683972578
868,4,10,150,86,0.18474269780082975
869,4,10,150,86,0.0587446084443979
870,4,10,150,86,0.22595617036881782
871,4,10,150,86,0.07012986265386374
872,4,10,150,86,0.02804794621397926
873,4,10,150,86,0.0
874,4,10,150,86,0.13944914190808633
875,4,10,150,86,0.17307899610640343
876,4,10,150,86,0.08671382849411972
877,4,10,150,86,0.0835317778614811
878,4,10,150,86,0.1706804422753891
879,4,10,150,86,0.03963466998423315
880,4,10,150,86,0.29772773788799844
881,4,10,150,86,0.10105706804235193
882,4,10,150,86,0.21288820648214166
883,4,10,150,86,0.274192912180702
884,4,10,150,86,0.11407805705099587
885,4,10,150,86,0.04536087033637415
886,4,10,150,86,0.16657848263349473
887,4,10,150,86,0.10214828088611402
888,4,10,150,86,0.11625487663628292
889,4,10,150,86,0.009284062289943853
890,4,10,150,86,0.11434431442033766
891,4,10,150,86,0.10491091696774645
892,4,10,150,86,0.2455191816579957
893,4,10,150,86,0.146669204611781
894,4,10,150,86,0.09594398203303005
895,4,10,150,86,0.0
896,4,10,150,86,0.2579610029289144
897,4,10,150,86,0.3071672815592065
898,4,10,150,86,0.0
899,4,10,150,86,0.05684415375822261
900,4,10,150,86,0.055315677011973347
901,4,10,150,86,0.23198521014469126
902,4,10,150,86,0.05978585424799658
903,4,10,150,86,0.24651430146847014
904,4,10,150,86,0.0
905,4,10,150,86,0.0
906,4,10,150,86,0.10407444169186962
907,4,10,150,86,0.08460920127967277
908,4,10,150,86,0.06892767477436933
909,4,10,150,86,0.0
910,4,10,150,86,0.02138152805479416
911,4,10,150,86,0.14690565417489143
912,4,10,150,86,0.17642343579737088
913,4,10,150,86,0.08380195844185999
914,4,10,150,86,0.0
915,4,10,150,86,0.0
916,4,10,150,86,0.21254442522844058
917,4,10,150,86,0.0
918,4,10,150,86,0.043627084055128
919,4,10,150,86,0.08183554087880483
920,4,10,150,86,0.0
921,4,10,150,86,0.15405864814296488
922,4,10,150,86,0.1280645281724967
923,4,10,150,86,0.04031825574984845
924,4,10,150,86,0.018280262702529162
925,4,10,150,86,0.032527050404589315
926,4,10,150,86,0.0
927,4,10,150,86,0.12527716133750888
928,4,10,150,86,0.1873259908039563
929,4,10,150,86,0.25163227912988373
930,4,10,150,86,0.032298243696638564
931,4,10,150,86,0.08679587898287541
932,4,10,150,86,0.26581896687705886
933,4,10,150,86,0.13752245444306133
934,4,10,150,86,0.10071040486185964
935,4,10,150,86,0.04173963774222741
936,4,10,150,86,0.1321191921354211
937,4,10,150,86,0.0
938,4,10,150,86,0.1661428141234511
939,4,10,150,86,0.02916862694666808
940,4,10,150,86,0.050684733114198
941,4,10,150,86,0.0
942,4,10,150,86,0.12154822122445835
943,4,10,150,86,0.20163692230838232
1,4,10,150,87,0.4058715898896693
2,4,10,150,87,0.06250343848035038
3,4,10,150,87,0.0
4,4,10,150,87,0.0
5,4,10,150,87,0.040209635547393256
6,4,10,150,87,0.27020011346731576
7,4,10,150,87,0.3507427912641652
8,4,10,150,87,0.0
9,4,10,150,87,0.21840743681816419
10,4,10,150,87,0.21491451057814584
11,4,10,150,87,0.1722584975122812
12,4,10,150,87,0.0
13,4,10,150,87,0.23354755242906122
14,4,10,150,87,0.03963175841995263
15,4,10,150,87,0.05010834716923557
16,4,10,150,87,0.1394055771274295
17,4,10,150,87,0.12407735386140566
18,4,10,150,87,0.2651132679673976
19,4,10,150,87,0.0
20,4,10,150,87,0.0
21,4,10,150,87,0.0
22,4,10,150,87,0.11702382382650763
23,4,10,150,87,0.23682446174402746
24,4,10,150,87,0.0
25,4,10,150,87,0.12358102547512423
26,4,10,150,87,0.0
27,4,10,150,87,0.0
28,4,10,150,87,0.0
29,4,10,150,87,0.13455232720853103
30,4,10,150,87,0.0
31,4,10,150,87,0.0
32,4,10,150,87,0.0
33,4,10,150,87,0.0
35,4,10,150,87,0.10523285614729473
36,4,10,150,87,0.0
37,4,10,150,87,0.0
38,4,10,150,87,0.04739418218477539
39,4,10,150,87,0.0
40,4,10,150,87,0.10558114683788161
41,4,10,150,87,0.0
42,4,10,150,87,0.0683037314796457
43,4,10,150,87,0.22592974817952552
44,4,10,150,87,0.2044921015662719
45,4,10,150,87,0.05200670101006268
46,4,10,150,87,0.11284514134893527
47,4,10,150,87,0.06250343848035038
48,4,10,150,87,0.0
49,4,10,150,87,0.0
50,4,10,150,87,0.0
51,4,10,150,87,0.16812753627111746
52,4,10,150,87,0.0
54,4,10,150,87,0.04843244625481133
56,4,10,150,87,0.20383503459815738
57,4,10,150,87,0.3030555992505742
58,4,10,150,87,0.3717269535737058
59,4,10,150,87,0.31915425394541946
60,4,10,150,87,0.1505674224523334
61,4,10,150,87,0.07763867093308688
62,4,10,150,87,0.10440036542861637
63,4,10,150,87,0.0
64,4,10,150,87,0.04238468688770069
65,4,10,150,87,0.13012668333070054
66,4,10,150,87,0.0
67,4,10,150,87,0.0
68,4,10,150,87,0.4827392464262081
69,4,10,150,87,0.07673373981757839
70,4,10,150,87,0.0
71,4,10,150,87,0.046966485689931024
72,4,10,150,87,0.09048427472954688
73,4,10,150,87,0.0
74,4,10,150,87,0.0
75,4,10,150,87,0.049432410190049694
76,4,10,150,87,0.1301464707340554
77,4,10,150,87,0.10201115106436301
78,4,10,150,87,0.0
79,4,10,150,87,0.3183561588137008
80,4,10,150,87,0.0
81,4,10,150,87,0.0
82,4,10,150,87,0.19298623480417013
83,4,10,150,87,0.12089611529519323
84,4,10,150,87,0.05034889199379723
85,4,10,150,87,0.0
87,4,10,150,87,0.07100089300395272
89,4,10,150,87,0.2553387838830436
90,4,10,150,87,0.14035324954983075
91,4,10,150,87,0.05648147012627732
92,4,10,150,87,0.10542637391232386
93,4,10,150,87,0.0
94,4,10,150,87,0.1398942649682608
95,4,10,150,87,0.17287436926807473
96,4,10,150,87,0.10181164814261426
97,4,10,150,87,0.06462745615384195
98,4,10,150,87,0.0930297504356062
99,4,10,150,87,0.05658242244874664
100,4,10,150,87,0.0
101,4,10,150,87,0.0
102,4,10,150,87,0.02424726876918863
103,4,10,150,87,0.0
104,4,10,150,87,0.0
105,4,10,150,87,0.0
106,4,10,150,87,0.0
107,4,10,150,87,0.0
108,4,10,150,87,0.0
109,4,10,150,87,0.07103066762111539
110,4,10,150,87,0.0
111,4,10,150,87,0.0
112,4,10,150,87,0.05685954565780693
113,4,10,150,87,0.053168340515114924
114,4,10,150,87,0.0
115,4,10,150,87,0.10684080426179023
116,4,10,150,87,0.0
117,4,10,150,87,0.26646890433550474
118,4,10,150,87,0.0
119,4,10,150,87,0.22720111393597806
120,4,10,150,87,0.0
121,4,10,150,87,0.271985059917519
122,4,10,150,87,0.1530100230930498
123,4,10,150,87,0.07386004580671933
125,4,10,150,87,0.12702645795516354
126,4,10,150,87,0.06911917000496234
127,4,10,150,87,0.23132283185955704
128,4,10,150,87,0.0804528329814545
129,4,10,150,87,0.0
130,4,10,150,87,0.19839806705808383
131,4,10,150,87,0.06556385272536247
133,4,10,150,87,0.11047239495909743
134,4,10,150,87,0.0
135,4,10,150,87,0.0
137,4,10,150,87,0.1371200812351206
138,4,10,150,87,0.06140414576373613
139,4,10,150,87,0.0
141,4,10,150,87,0.0
142,4,10,150,87,0.13373003436102654
143,4,10,150,87,0.1208996448617798
144,4,10,150,87,0.1227945149537572
145,4,10,150,87,0.1075804523117992
146,4,10,150,87,0.0
148,4,10,150,87,0.20254719486838738
149,4,10,150,87,0.0
150,4,10,150,87,0.10235170428306553
151,4,10,150,87,0.08508735214666606
152,4,10,150,87,0.040655755922716606
153,4,10,150,87,0.0
154,4,10,150,87,0.11753148666901318
155,4,10,150,87,0.0
156,4,10,150,87,0.0
158,4,10,150,87,0.17575552384613552
159,4,10,150,87,0.03310852000739229
160,4,10,150,87,0.0
161,4,10,150,87,0.0
162,4,10,150,87,0.04858102772529458
163,4,10,150,87,0.0
164,4,10,150,87,0.0
165,4,10,150,87,0.12114889742360979
166,4,10,150,87,0.0
167,4,10,150,87,0.06267320809766952
168,4,10,150,87,0.23504554941448536
169,4,10,150,87,0.06416923277158361
170,4,10,150,87,0.0
171,4,10,150,87,0.0
172,4,10,150,87,0.0
173,4,10,150,87,0.11302181651994404
174,4,10,150,87,0.08712841477105211
175,4,10,150,87,0.0
176,4,10,150,87,0.09511409151391914
177,4,10,150,87,0.06912040963822193
178,4,10,150,87,0.2437589399037192
179,4,10,150,87,0.06723507268634088
180,4,10,150,87,0.12262943855309168
181,4,10,150,87,0.062426915812405386
182,4,10,150,87,0.0
183,4,10,150,87,0.0
184,4,10,150,87,0.11356458502877588
185,4,10,150,87,0.07745351606183934
186,4,10,150,87,0.22147164648185297
187,4,10,150,87,0.08625091781054979
188,4,10,150,87,0.054384419234677496
189,4,10,150,87,0.23042891886703956
190,4,10,150,87,0.10699313236726378
191,4,10,150,87,0.0
192,4,10,150,87,0.0
193,4,10,150,87,0.039158662511086184
194,4,10,150,87,0.11592484831532757
195,4,10,150,87,0.0
196,4,10,150,87,0.0
197,4,10,150,87,0.05576624569167862
198,4,10,150,87,0.0
199,4,10,150,87,0.0
200,4,10,150,87,0.1350618908658632
201,4,10,150,87,0.12159237398356172
203,4,10,150,87,0.0
204,4,10,150,87,0.0
205,4,10,150,87,0.0
206,4,10,150,87,0.0
207,4,10,150,87,0.09412450373990706
209,4,10,150,87,0.0
210,4,10,150,87,0.09440608278107551
211,4,10,150,87,0.0
212,4,10,150,87,0.12681701683239352
213,4,10,150,87,0.2384146878320104
214,4,10,150,87,0.056720838976548935
215,4,10,150,87,0.0
216,4,10,150,87,0.06585783135342528
217,4,10,150,87,0.0
218,4,10,150,87,0.19092086617893467
219,4,10,150,87,0.0
221,4,10,150,87,0.3375735570145491
222,4,10,150,87,0.12476107276951183
223,4,10,150,87,0.03870447337439288
224,4,10,150,87,0.0
225,4,10,150,87,0.0
226,4,10,150,87,0.08080765379783027
227,4,10,150,87,0.0
228,4,10,150,87,0.0
229,4,10,150,87,0.0
230,4,10,150,87,0.23712439662683835
231,4,10,150,87,0.0
232,4,10,150,87,0.3234992853586256
233,4,10,150,87,0.0968152409481219
234,4,10,150,87,0.1481502210952491
235,4,10,150,87,0.06065881345112158
236,4,10,150,87,0.0
237,4,10,150,87,0.0
238,4,10,150,87,0.0
239,4,10,150,87,0.11792279130466408
240,4,10,150,87,0.05497526658285817
242,4,10,150,87,0.0
243,4,10,150,87,0.09267768927614353
244,4,10,150,87,0.15765545519871427
245,4,10,150,87,0.10704534003732354
246,4,10,150,87,0.11120150311654428
247,4,10,150,87,0.0
248,4,10,150,87,0.14830051302014485
249,4,10,150,87,0.31180658179892495
250,4,10,150,87,0.3503302816689379
251,4,10,150,87,0.0
252,4,10,150,87,0.0
253,4,10,150,87,0.05954496680255472
254,4,10,150,87,0.0
255,4,10,150,87,0.0
256,4,10,150,87,0.16583176898817792
257,4,10,150,87,0.3305900772260718
258,4,10,150,87,0.07557488532248983
259,4,10,150,87,0.0
260,4,10,150,87,0.0
261,4,10,150,87,0.0
262,4,10,150,87,0.05029331645508228
263,4,10,150,87,0.15472701459244137
264,4,10,150,87,0.05840183867278569
265,4,10,150,87,0.10209739512291163
267,4,10,150,87,0.09794101962538232
268,4,10,150,87,0.17766987391815556
269,4,10,150,87,0.13223875150584097
270,4,10,150,87,0.046726672111120165
271,4,10,150,87,0.12276482551434069
272,4,10,150,87,0.14498698048571354
273,4,10,150,87,0.0
274,4,10,150,87,0.0
275,4,10,150,87,0.04605780568615433
276,4,10,150,87,0.20223032365941937
277,4,10,150,87,0.0
279,4,10,150,87,0.07923708494918187
280,4,10,150,87,0.03337620304869898
281,4,10,150,87,0.0
283,4,10,150,87,0.1292258709239571
284,4,10,150,87,0.0
285,4,10,150,87,0.1185995982858366
286,4,10,150,87,0.31887623993711317
287,4,10,150,87,0.11352455583778437
288,4,10,150,87,0.12538054736008386
289,4,10,150,87,0.13905617951077562
290,4,10,150,87,0.0
291,4,10,150,87,0.23494592513118112
292,4,10,150,87,0.12610583976873452
293,4,10,150,87,0.2344161202530718
294,4,10,150,87,0.04123398036294628
295,4,10,150,87,0.2670961153715764
296,4,10,150,87,0.5382063622180417
297,4,10,150,87,0.13535082686131417
298,4,10,150,87,0.19947114504638494
299,4,10,150,87,0.0
300,4,10,150,87,0.0
301,4,10,150,87,0.047934103497110726
303,4,10,150,87,0.12680868731260003
304,4,10,150,87,0.0
305,4,10,150,87,0.31514747987601716
306,4,10,150,87,0.0
307,4,10,150,87,0.1383141340724969
308,4,10,150,87,0.19205342317019936
309,4,10,150,87,0.0
310,4,10,150,87,0.0
311,4,10,150,87,0.08938791352906189
312,4,10,150,87,0.14069579419580536
313,4,10,150,87,0.14465709645474623
314,4,10,150,87,0.20285519102295546
315,4,10,150,87,0.0
316,4,10,150,87,0.04568304891751105
317,4,10,150,87,0.0
318,4,10,150,87,0.13815200906377123
319,4,10,150,87,0.0
320,4,10,150,87,0.0
321,4,10,150,87,0.062242588308449316
322,4,10,150,87,0.17342765698823945
323,4,10,150,87,0.14126697285982898
324,4,10,150,87,0.03555702818464106
325,4,10,150,87,0.0
326,4,10,150,87,0.0634222181618871
327,4,10,150,87,0.04302935573946656
328,4,10,150,87,0.1437524526514495
329,4,10,150,87,0.0
330,4,10,150,87,0.0536466452928127
331,4,10,150,87,0.16958010263680806
332,4,10,150,87,0.046679707512804314
333,4,10,150,87,0.0
334,4,10,150,87,0.0858345406672181
336,4,10,150,87,0.0
337,4,10,150,87,0.16716045496620227
338,4,10,150,87,0.05005165434923901
339,4,10,150,87,0.1344957225763306
340,4,10,150,87,0.0
341,4,10,150,87,0.0
342,4,10,150,87,0.2625072992734236
343,4,10,150,87,0.3094263721986468
344,4,10,150,87,0.23832550406045652
345,4,10,150,87,0.056149696530797676
346,4,10,150,87,0.13947804593499064
347,4,10,150,87,0.11116062301189339
348,4,10,150,87,0.071942683897578
349,4,10,150,87,0.07673373981757839
350,4,10,150,87,0.2065896325117088
351,4,10,150,87,0.0
352,4,10,150,87,0.0
353,4,10,150,87,0.0
354,4,10,150,87,0.051249224710132255
355,4,10,150,87,0.0
356,4,10,150,87,0.08406376813555873
357,4,10,150,87,0.05006331611131463
358,4,10,150,87,0.20438239758848611
359,4,10,150,87,0.0
360,4,10,150,87,0.09491042451242505
361,4,10,150,87,0.09622728274290568
362,4,10,150,87,0.09541268780076616
363,4,10,150,87,0.21862978877358352
364,4,10,150,87,0.0
365,4,10,150,87,0.03956979699823825
366,4,10,150,87,0.0
367,4,10,150,87,0.07630862162354303
368,4,10,150,87,0.0
369,4,10,150,87,0.0
370,4,10,150,87,0.13479984916817475
371,4,10,150,87,0.22569563125869263
372,4,10,150,87,0.03657576498735172
373,4,10,150,87,0.08627719815628208
374,4,10,150,87,0.09834160864069898
375,4,10,150,87,0.0
376,4,10,150,87,0.0
377,4,10,150,87,0.08010929472340098
378,4,10,150,87,0.20845032410352882
379,4,10,150,87,0.1665016263976196
380,4,10,150,87,0.0
381,4,10,150,87,0.09118180877280627
382,4,10,150,87,0.0
383,4,10,150,87,0.0848644637410381
384,4,10,150,87,0.0
385,4,10,150,87,0.0
386,4,10,150,87,0.0
387,4,10,150,87,0.11497906462099297
388,4,10,150,87,0.04511904280884329
389,4,10,150,87,0.17394090433083284
390,4,10,150,87,0.0
391,4,10,150,87,0.2137247802747043
392,4,10,150,87,0.056679935917756406
393,4,10,150,87,0.06677476047860295
394,4,10,150,87,0.11073655428626575
395,4,10,150,87,0.09179488000267515
396,4,10,150,87,0.0
397,4,10,150,87,0.2710147943938467
398,4,10,150,87,0.18852571653533698
399,4,10,150,87,0.07594334672458623
400,4,10,150,87,0.0
401,4,10,150,87,0.0
402,4,10,150,87,0.08963222225173058
403,4,10,150,87,0.1586673445830345
404,4,10,150,87,0.0
405,4,10,150,87,0.06667735269275575
406,4,10,150,87,0.20956416940551098
407,4,10,150,87,0.08088217699131102
408,4,10,150,87,0.0
409,4,10,150,87,0.12740448328320192
410,4,10,150,87,0.0
411,4,10,150,87,0.0
412,4,10,150,87,0.0
413,4,10,150,87,0.041646268351119564
414,4,10,150,87,0.0
415,4,10,150,87,0.15103391472831218
416,4,10,150,87,0.2200039995691806
417,4,10,150,87,0.09850508837083022
418,4,10,150,87,0.0
419,4,10,150,87,0.1208113026994942
420,4,10,150,87,0.06052048269976269
421,4,10,150,87,0.19620555836557932
422,4,10,150,87,0.07550298029238112
423,4,10,150,87,0.053845569940583225
424,4,10,150,87,0.2766918177656049
425,4,10,150,87,0.1674157226455415
426,4,10,150,87,0.040759261617270684
427,4,10,150,87,0.07466168586864165
428,4,10,150,87,0.04415960465480069
429,4,10,150,87,0.14355264986043786
430,4,10,150,87,0.0
431,4,10,150,87,0.0
432,4,10,150,87,0.05789711601244791
433,4,10,150,87,0.05780921899607981
434,4,10,150,87,0.2562151231304954
435,4,10,150,87,0.18254689597780008
436,4,10,150,87,0.0
437,4,10,150,87,0.1246139643684977
438,4,10,150,87,0.0
439,4,10,150,87,0.10863976191957724
440,4,10,150,87,0.0
441,4,10,150,87,0.07736100002633538
442,4,10,150,87,0.040949887133979804
443,4,10,150,87,0.06783204105472322
444,4,10,150,87,0.1312721899408984
445,4,10,150,87,0.0
446,4,10,150,87,0.0
447,4,10,150,87,0.16246725303708914
448,4,10,150,87,0.0
449,4,10,150,87,0.1882329728596757
450,4,10,150,87,0.23027164574436476
451,4,10,150,87,0.06148915918944534
452,4,10,150,87,0.10773098771530253
453,4,10,150,87,0.0
454,4,10,150,87,0.015175188400892194
455,4,10,150,87,0.11201222307971222
456,4,10,150,87,0.018650043077523788
457,4,10,150,87,0.31128444613224265
458,4,10,150,87,0.06982799741808067
459,4,10,150,87,0.0
460,4,10,150,87,0.05184030722866645
461,4,10,150,87,0.05428363317977833
462,4,10,150,87,0.0
463,4,10,150,87,0.11987424504051505
464,4,10,150,87,0.027878824909352323
465,4,10,150,87,0.0
466,4,10,150,87,0.0
467,4,10,150,87,0.07807600999842033
468,4,10,150,87,0.11455543964849552
469,4,10,150,87,0.05165643482805862
470,4,10,150,87,0.0
471,4,10,150,87,0.0
472,4,10,150,87,0.13402286793172438
473,4,10,150,87,0.06140244428718695
474,4,10,150,87,0.24593822460513717
475,4,10,150,87,0.0
476,4,10,150,87,0.0
477,4,10,150,87,0.0
478,4,10,150,87,0.2345109835167376
479,4,10,150,87,0.10172348796286074
480,4,10,150,87,0.0741070054529978
481,4,10,150,87,0.13102204196909084
482,4,10,150,87,0.0
483,4,10,150,87,0.05658242244874664
484,4,10,150,87,0.29539974213048126
485,4,10,150,87,0.0
486,4,10,150,87,0.0
487,4,10,150,87,0.09557986065110975
488,4,10,150,87,0.0
489,4,10,150,87,0.04327665636516388
490,4,10,150,87,0.0
491,4,10,150,87,0.14208678740137623
492,4,10,150,87,0.0
493,4,10,150,87,0.16765112971402235
494,4,10,150,87,0.0
495,4,10,150,87,0.17949652011459483
496,4,10,150,87,0.08659863258371955
497,4,10,150,87,0.08955573351991261
498,4,10,150,87,0.0
499,4,10,150,87,0.05075938465928585
500,4,10,150,87,0.09541527213731128
501,4,10,150,87,0.0
502,4,10,150,87,0.0
503,4,10,150,87,0.11767237878397997
504,4,10,150,87,0.08148269775823089
505,4,10,150,87,0.07379217622092994
506,4,10,150,87,0.18325792458363765
507,4,10,150,87,0.05319635904163211
508,4,10,150,87,0.0
509,4,10,150,87,0.0
510,4,10,150,87,0.0
511,4,10,150,87,0.08495943917278885
512,4,10,150,87,0.05478392673173268
513,4,10,150,87,0.0
514,4,10,150,87,0.27252722616773445
515,4,10,150,87,0.11706259313796354
516,4,10,150,87,0.0
517,4,10,150,87,0.08878770367712427
518,4,10,150,87,0.0
519,4,10,150,87,0.0
520,4,10,150,87,0.0
521,4,10,150,87,0.09850628252086785
522,4,10,150,87,0.16015986784807879
523,4,10,150,87,0.05782495986511108
524,4,10,150,87,0.1388155168339688
525,4,10,150,87,0.0
526,4,10,150,87,0.15355181494703254
527,4,10,150,87,0.1636135858112592
528,4,10,150,87,0.10209739512291163
529,4,10,150,87,0.0
530,4,10,150,87,0.0
531,4,10,150,87,0.1517763576041802
532,4,10,150,87,0.2751056785549508
533,4,10,150,87,0.11557545112991054
534,4,10,150,87,0.15271774407237912
535,4,10,150,87,0.15258506350829476
536,4,10,150,87,0.15105160768725473
537,4,10,150,87,0.29380069427280764
538,4,10,150,87,0.14697776980950736
539,4,10,150,87,0.118966869440927
540,4,10,150,87,0.0
541,4,10,150,87,0.0586415067779619
542,4,10,150,87,0.07034465017648367
543,4,10,150,87,0.09246186677965838
544,4,10,150,87,0.05282936728943967
545,4,10,150,87,0.02244213465825961
546,4,10,150,87,0.05758752804519195
547,4,10,150,87,0.0
548,4,10,150,87,0.14714570243929503
549,4,10,150,87,0.0
550,4,10,150,87,0.08775411958203361
551,4,10,150,87,0.0910925691220798
552,4,10,150,87,0.1205344274731702
553,4,10,150,87,0.07411563356774664
554,4,10,150,87,0.1458276977055391
555,4,10,150,87,0.0
556,4,10,150,87,0.07660623398069263
557,4,10,150,87,0.031742154565302834
558,4,10,150,87,0.08878770367712427
559,4,10,150,87,0.09986350037763675
560,4,10,150,87,0.09375790921485552
561,4,10,150,87,0.14725545437769655
562,4,10,150,87,0.07930308311174379
563,4,10,150,87,0.0
564,4,10,150,87,0.15437610727371853
565,4,10,150,87,0.0
566,4,10,150,87,0.03579489106983033
567,4,10,150,87,0.16367517900226886
568,4,10,150,87,0.036155150901276155
569,4,10,150,87,0.18299769260789403
570,4,10,150,87,0.0
571,4,10,150,87,0.04988426711147283
572,4,10,150,87,0.16812753627111746
573,4,10,150,87,0.06437746926759551
574,4,10,150,87,0.051811563545175146
575,4,10,150,87,0.0
576,4,10,150,87,0.0
577,4,10,150,87,0.2181315616010628
578,4,10,150,87,0.05006331611131463
579,4,10,150,87,0.029371016515430802
580,4,10,150,87,0.17202958801773222
581,4,10,150,87,0.14348105418014392
582,4,10,150,87,0.03190895161277091
583,4,10,150,87,0.05364822253323318
584,4,10,150,87,0.06323567569191428
585,4,10,150,87,0.04173963774222741
586,4,10,150,87,0.05786021189691368
587,4,10,150,87,0.019492972026130224
588,4,10,150,87,0.14934904111986536
589,4,10,150,87,0.0
590,4,10,150,87,0.053845569940583225
591,4,10,150,87,0.023834756589907247
592,4,10,150,87,0.33365011346039325
593,4,10,150,87,0.07711036365720102
594,4,10,150,87,0.044551000676675064
595,4,10,150,87,0.10296141646738245
596,4,10,150,87,0.0
597,4,10,150,87,0.27101620591530523
598,4,10,150,87,0.0684591776394769
599,4,10,150,87,0.047338452314727386
600,4,10,150,87,0.09197011795311534
601,4,10,150,87,0.0
602,4,10,150,87,0.0
603,4,10,150,87,0.0
604,4,10,150,87,0.0
605,4,10,150,87,0.26275270116262744
606,4,10,150,87,0.1839502972074742
607,4,10,150,87,0.08673473912838402
608,4,10,150,87,0.12209659098915113
609,4,10,150,87,0.0
610,4,10,150,87,0.2146842601596213
611,4,10,150,87,0.07624568872860434
612,4,10,150,87,0.0
613,4,10,150,87,0.08385150490449667
614,4,10,150,87,0.0
615,4,10,150,87,0.04919117729584568
616,4,10,150,87,0.03618657486793958
617,4,10,150,87,0.0
618,4,10,150,87,0.1281253572826617
619,4,10,150,87,0.12363660028711727
620,4,10,150,87,0.159486715201797
621,4,10,150,87,0.11278207190006835
622,4,10,150,87,0.18241748250491993
623,4,10,150,87,0.2117125497194188
624,4,10,150,87,0.06626749824739844
625,4,10,150,87,0.0
626,4,10,150,87,0.06228974831361337
627,4,10,150,87,0.06945233499530101
628,4,10,150,87,0.03461894863592259
629,4,10,150,87,0.19194057324582506
630,4,10,150,87,0.15874779570678058
631,4,10,150,87,0.0
632,4,10,150,87,0.12112269717167994
633,4,10,150,87,0.11499138576948859
634,4,10,150,87,0.05294832419446749
635,4,10,150,87,0.04546401530948942
636,4,10,150,87,0.11426572661305327
637,4,10,150,87,0.01928973283308616
638,4,10,150,87,0.09712868482236708
639,4,10,150,87,0.03138892079718151
640,4,10,150,87,0.10536866733091729
641,4,10,150,87,0.07675099783970546
642,4,10,150,87,0.12716829000393493
643,4,10,150,87,0.11071279041815515
644,4,10,150,87,0.04935421935348238
645,4,10,150,87,0.17581821458755492
646,4,10,150,87,0.0
647,4,10,150,87,0.05363388010108191
648,4,10,150,87,0.13978583123947036
649,4,10,150,87,0.15489949502599
650,4,10,150,87,0.12724872883397026
651,4,10,150,87,0.0
652,4,10,150,87,0.08156220960446063
653,4,10,150,87,0.0906036790514784
654,4,10,150,87,0.21255442687635834
655,4,10,150,87,0.25930688819311704
656,4,10,150,87,0.07397229644086958
657,4,10,150,87,0.04140815094666367
658,4,10,150,87,0.2625403796417579
659,4,10,150,87,0.08781544355121487
660,4,10,150,87,0.1125122289871898
661,4,10,150,87,0.08605775303302886
662,4,10,150,87,0.0512644431393966
663,4,10,150,87,0.24026856780584893
664,4,10,150,87,0.28517362059082263
665,4,10,150,87,0.0
666,4,10,150,87,0.15654057249001205
667,4,10,150,87,0.31347596517570553
668,4,10,150,87,0.06194403202282284
669,4,10,150,87,0.1348578320198433
670,4,10,150,87,0.09267469812912739
671,4,10,150,87,0.22329352092456306
672,4,10,150,87,0.03603026685992244
673,4,10,150,87,0.14837758007547783
674,4,10,150,87,0.11338915993603582
675,4,10,150,87,0.0
676,4,10,150,87,0.25681816731890644
677,4,10,150,87,0.03314040476303028
678,4,10,150,87,0.03824432123396675
679,4,10,150,87,0.15527711509166947
680,4,10,150,87,0.11377863936243801
681,4,10,150,87,0.0
682,4,10,150,87,0.17998039742441885
683,4,10,150,87,0.0
684,4,10,150,87,0.06573003977381581
685,4,10,150,87,0.1906465758273748
686,4,10,150,87,0.1682282387290392
687,4,10,150,87,0.0
688,4,10,150,87,0.13095683635706423
689,4,10,150,87,0.2385743953554933
690,4,10,150,87,0.12222352404401943
691,4,10,150,87,0.13843129503711957
692,4,10,150,87,0.1753901755134814
693,4,10,150,87,0.0
694,4,10,150,87,0.2448812985235888
695,4,10,150,87,0.0
696,4,10,150,87,0.039725595076707886
697,4,10,150,87,0.04239477130634912
698,4,10,150,87,0.041937660325009396
699,4,10,150,87,0.10060885399646816
700,4,10,150,87,0.12729890218214104
701,4,10,150,87,0.11497698281480273
702,4,10,150,87,0.037715680681715956
703,4,10,150,87,0.14202859508692728
704,4,10,150,87,0.2737585707060089
705,4,10,150,87,0.22667088038444094
706,4,10,150,87,0.04395738023645723
707,4,10,150,87,0.06313664925364729
708,4,10,150,87,0.12228634424244818
709,4,10,150,87,0.13472082394875662
710,4,10,150,87,0.10695361352497157
711,4,10,150,87,0.18133007201622714
712,4,10,150,87,0.15511023313323485
713,4,10,150,87,0.1468735732232516
714,4,10,150,87,0.03441184191455828
715,4,10,150,87,0.0
716,4,10,150,87,0.19834913453419498
717,4,10,150,87,0.09054670163637572
718,4,10,150,87,0.035328385129692476
719,4,10,150,87,0.09883437846193516
720,4,10,150,87,0.0
721,4,10,150,87,0.1850388725092322
722,4,10,150,87,0.06556429791586475
723,4,10,150,87,0.0
724,4,10,150,87,0.0
725,4,10,150,87,0.0
726,4,10,150,87,0.05010834716923557
727,4,10,150,87,0.12163382264797015
728,4,10,150,87,0.09627818061559096
729,4,10,150,87,0.10447105830830586
730,4,10,150,87,0.02601736765943984
731,4,10,150,87,0.14717311932656024
732,4,10,150,87,0.0
733,4,10,150,87,0.14514596345398123
734,4,10,150,87,0.0
735,4,10,150,87,0.0
736,4,10,150,87,0.03351972906068008
737,4,10,150,87,0.1138970555583582
738,4,10,150,87,0.13922998739868644
739,4,10,150,87,0.03855307727568851
740,4,10,150,87,0.0
741,4,10,150,87,0.05358697798864893
742,4,10,150,87,0.0488929053971083
743,4,10,150,87,0.09946096543827337
744,4,10,150,87,0.03596673601130318
745,4,10,150,87,0.03520132288421838
746,4,10,150,87,0.25743994347908983
747,4,10,150,87,0.38809241032155134
748,4,10,150,87,0.09621648119325965
749,4,10,150,87,0.13593673344282728
750,4,10,150,87,0.07184731398235064
751,4,10,150,87,0.08554799479006837
752,4,10,150,87,0.04389473417066348
753,4,10,150,87,0.15780803084928155
754,4,10,150,87,0.0
755,4,10,150,87,0.03855371268423985
756,4,10,150,87,0.031104745345423533
757,4,10,150,87,0.02032489047902012
758,4,10,150,87,0.2661636491788771
759,4,10,150,87,0.11006100937916612
760,4,10,150,87,0.03004859059698017
761,4,10,150,87,0.06869287000000811
762,4,10,150,87,0.051960280791503534
763,4,10,150,87,0.05892228941894017
764,4,10,150,87,0.08946696896639536
765,4,10,150,87,0.15066101840234988
766,4,10,150,87,0.03443306895956307
767,4,10,150,87,0.13884445379214724
768,4,10,150,87,0.08438032815655525
769,4,10,150,87,0.0
770,4,10,150,87,0.21464739068424896
771,4,10,150,87,0.32869562799119006
772,4,10,150,87,0.17356150297482983
773,4,10,150,87,0.08696710392235718
774,4,10,150,87,0.05024884474882474
775,4,10,150,87,0.038478285726379145
776,4,10,150,87,0.15403842856019037
777,4,10,150,87,0.0
778,4,10,150,87,0.1631238413472767
779,4,10,150,87,0.0
780,4,10,150,87,0.1424788567451383
781,4,10,150,87,0.2016539629141292
782,4,10,150,87,0.0346577010516213
783,4,10,150,87,0.0
784,4,10,150,87,0.029814614753779622
785,4,10,150,87,0.0
786,4,10,150,87,0.0
787,4,10,150,87,0.0
788,4,10,150,87,0.2112489429867633
789,4,10,150,87,0.08809718769055445
790,4,10,150,87,0.06708013732275761
791,4,10,150,87,0.04465281017341861
792,4,10,150,87,0.08944329533390502
793,4,10,150,87,0.0
794,4,10,150,87,0.04108065887337468
795,4,10,150,87,0.07614504861587336
796,4,10,150,87,0.317098751598858
797,4,10,150,87,0.11278903329502893
798,4,10,150,87,0.03327785049508137
799,4,10,150,87,0.0
800,4,10,150,87,0.0888518698614501
801,4,10,150,87,0.1561471668577559
802,4,10,150,87,0.06960082070980815
803,4,10,150,87,0.10569353498973794
804,4,10,150,87,0.10802912194219318
805,4,10,150,87,0.10298902321659474
806,4,10,150,87,0.2959152150106387
807,4,10,150,87,0.10712329127351711
808,4,10,150,87,0.1025417224926713
809,4,10,150,87,0.10356976056061801
810,4,10,150,87,0.14751399634466592
811,4,10,150,87,0.034160126724669886
812,4,10,150,87,0.09594989011285139
813,4,10,150,87,0.0
814,4,10,150,87,0.034616222155696735
815,4,10,150,87,0.18660881389796213
816,4,10,150,87,0.0
817,4,10,150,87,0.0
818,4,10,150,87,0.05516788910004661
819,4,10,150,87,0.037210602758860095
820,4,10,150,87,0.0787987754690289
821,4,10,150,87,0.302950268110492
822,4,10,150,87,0.05548928785951652
823,4,10,150,87,0.19825193631094293
824,4,10,150,87,0.05046096657376444
825,4,10,150,87,0.08238190489603152
826,4,10,150,87,0.17593166652195671
827,4,10,150,87,0.0
828,4,10,150,87,0.05745618865524075
829,4,10,150,87,0.1751347628439014
830,4,10,150,87,0.21673727180406585
831,4,10,150,87,0.21058943716644085
832,4,10,150,87,0.0
833,4,10,150,87,0.13796549700448166
834,4,10,150,87,0.2706897351446418
835,4,10,150,87,0.2282338502278767
836,4,10,150,87,0.20050437359357948
837,4,10,150,87,0.05665916465450996
838,4,10,150,87,0.27895398740912175
839,4,10,150,87,0.10730655186373157
840,4,10,150,87,0.32000399193397805
841,4,10,150,87,0.06507217400164225
842,4,10,150,87,0.03947561302344988
843,4,10,150,87,0.008367065297212506
844,4,10,150,87,0.05872188515498603
845,4,10,150,87,0.0
846,4,10,150,87,0.3298732933077611
847,4,10,150,87,0.05107153900660915
848,4,10,150,87,0.10309199686703965
849,4,10,150,87,0.07738342520054953
850,4,10,150,87,0.29160326485645294
851,4,10,150,87,0.06520552028363663
852,4,10,150,87,0.26227118260874954
853,4,10,150,87,0.0
854,4,10,150,87,0.06765504702806577
855,4,10,150,87,0.03638796155629422
856,4,10,150,87,0.037110354711564805
857,4,10,150,87,0.0
858,4,10,150,87,0.10250982096838526
859,4,10,150,87,0.05070263548706836
860,4,10,150,87,0.10848832312989015
861,4,10,150,87,0.06460834446248033
862,4,10,150,87,0.17089717348642833
863,4,10,150,87,0.06336841123297353
864,4,10,150,87,0.37039131095199257
865,4,10,150,87,0.11652577583309928
866,4,10,150,87,0.16283687678415507
867,4,10,150,87,0.2514245035922961
868,4,10,150,87,0.18323419113313472
869,4,10,150,87,0.0587446084443979
870,4,10,150,87,0.22411113728406945
871,4,10,150,87,0.07012986265386374
872,4,10,150,87,0.02804794621397926
873,4,10,150,87,0.0
874,4,10,150,87,0.13944914190808633
875,4,10,150,87,0.17307899610640343
876,4,10,150,87,0.08671382849411972
877,4,10,150,87,0.0835317778614811
878,4,10,150,87,0.1706804422753891
879,4,10,150,87,0.03963466998423315
880,4,10,150,87,0.2952966578880409
881,4,10,150,87,0.10023189193106687
882,4,10,150,87,0.21288820648214166
883,4,10,150,87,0.27195400454763696
884,4,10,150,87,0.11407805705099587
885,4,10,150,87,0.04536087033637415
886,4,10,150,87,0.16521829489812856
887,4,10,150,87,0.10214828088611402
888,4,10,150,87,0.11625487663628292
889,4,10,150,87,0.00920825377337247
890,4,10,150,87,0.11434431442033766
891,4,10,150,87,0.10491091696774645
892,4,10,150,87,0.2455191816579957
893,4,10,150,87,0.146669204611781
894,4,10,150,87,0.09516055655345805
895,4,10,150,87,0.0
896,4,10,150,87,0.2558546360870536
897,4,10,150,87,0.3071672815592065
898,4,10,150,87,0.0
899,4,10,150,87,0.05684415375822261
900,4,10,150,87,0.055315677011973347
901,4,10,150,87,0.23198521014469126
902,4,10,150,87,0.05978585424799658
903,4,10,150,87,0.24651430146847014
904,4,10,150,87,0.0
905,4,10,150,87,0.0
906,4,10,150,87,0.10407444169186962
907,4,10,150,87,0.08460920127967277
908,4,10,150,87,0.06892767477436933
909,4,10,150,87,0.0
910,4,10,150,87,0.02138152805479416
911,4,10,150,87,0.14690565417489143
912,4,10,150,87,0.17642343579737088
913,4,10,150,87,0.08380195844185999
914,4,10,150,87,0.0
915,4,10,150,87,0.0
916,4,10,150,87,0.21080890503492158
917,4,10,150,87,0.0
918,4,10,150,87,0.043627084055128
919,4,10,150,87,0.08116731712468818
920,4,10,150,87,0.0
921,4,10,150,87,0.15405864814296488
922,4,10,150,87,0.1280645281724967
923,4,10,150,87,0.04031825574984845
924,4,10,150,87,0.018280262702529162
925,4,10,150,87,0.032527050404589315
926,4,10,150,87,0.0
927,4,10,150,87,0.12527716133750888
928,4,10,150,87,0.1873259908039563
929,4,10,150,87,0.25163227912988373
930,4,10,150,87,0.032298243696638564
931,4,10,150,87,0.08679587898287541
932,4,10,150,87,0.26581896687705886
933,4,10,150,87,0.13752245444306133
934,4,10,150,87,0.10071040486185964
935,4,10,150,87,0.04173963774222741
936,4,10,150,87,0.1321191921354211
937,4,10,150,87,0.0
938,4,10,150,87,0.1661428141234511
939,4,10,150,87,0.02916862694666808
940,4,10,150,87,0.050684733114198
941,4,10,150,87,0.0
942,4,10,150,87,0.12154822122445835
943,4,10,150,87,0.20163692230838232
1,4,10,150,88,0.4058715898896693
2,4,10,150,88,0.06250343848035038
3,4,10,150,88,0.0
4,4,10,150,88,0.0
5,4,10,150,88,0.040209635547393256
6,4,10,150,88,0.27020011346731576
7,4,10,150,88,0.3507427912641652
8,4,10,150,88,0.0
9,4,10,150,88,0.21840743681816419
10,4,10,150,88,0.21491451057814584
11,4,10,150,88,0.1722584975122812
12,4,10,150,88,0.0
13,4,10,150,88,0.23354755242906122
14,4,10,150,88,0.03963175841995263
15,4,10,150,88,0.05010834716923557
16,4,10,150,88,0.1394055771274295
17,4,10,150,88,0.12407735386140566
18,4,10,150,88,0.2651132679673976
19,4,10,150,88,0.0
20,4,10,150,88,0.0
21,4,10,150,88,0.0
22,4,10,150,88,0.11702382382650763
23,4,10,150,88,0.23682446174402746
24,4,10,150,88,0.0
25,4,10,150,88,0.12358102547512423
26,4,10,150,88,0.0
27,4,10,150,88,0.0
28,4,10,150,88,0.0
29,4,10,150,88,0.13455232720853103
30,4,10,150,88,0.0
31,4,10,150,88,0.0
32,4,10,150,88,0.0
33,4,10,150,88,0.0
35,4,10,150,88,0.10523285614729473
36,4,10,150,88,0.0
37,4,10,150,88,0.0
38,4,10,150,88,0.04739418218477539
39,4,10,150,88,0.0
40,4,10,150,88,0.10558114683788161
41,4,10,150,88,0.0
42,4,10,150,88,0.0683037314796457
43,4,10,150,88,0.22592974817952552
44,4,10,150,88,0.2044921015662719
45,4,10,150,88,0.05200670101006268
46,4,10,150,88,0.11284514134893527
47,4,10,150,88,0.06250343848035038
48,4,10,150,88,0.0
49,4,10,150,88,0.0
50,4,10,150,88,0.0
51,4,10,150,88,0.16812753627111746
52,4,10,150,88,0.0
54,4,10,150,88,0.04843244625481133
56,4,10,150,88,0.20383503459815738
57,4,10,150,88,0.3030555992505742
58,4,10,150,88,0.3717269535737058
59,4,10,150,88,0.31915425394541946
60,4,10,150,88,0.1505674224523334
61,4,10,150,88,0.07763867093308688
62,4,10,150,88,0.10440036542861637
63,4,10,150,88,0.0
64,4,10,150,88,0.04238468688770069
65,4,10,150,88,0.13012668333070054
66,4,10,150,88,0.0
67,4,10,150,88,0.0
68,4,10,150,88,0.4827392464262081
69,4,10,150,88,0.07673373981757839
70,4,10,150,88,0.0
71,4,10,150,88,0.046966485689931024
72,4,10,150,88,0.09048427472954688
73,4,10,150,88,0.0
74,4,10,150,88,0.0
75,4,10,150,88,0.049432410190049694
76,4,10,150,88,0.1301464707340554
77,4,10,150,88,0.10201115106436301
78,4,10,150,88,0.0
79,4,10,150,88,0.3183561588137008
80,4,10,150,88,0.0
81,4,10,150,88,0.0
82,4,10,150,88,0.19298623480417013
83,4,10,150,88,0.12089611529519323
84,4,10,150,88,0.05034889199379723
85,4,10,150,88,0.0
87,4,10,150,88,0.07100089300395272
89,4,10,150,88,0.2553387838830436
90,4,10,150,88,0.14035324954983075
91,4,10,150,88,0.05648147012627732
92,4,10,150,88,0.10542637391232386
93,4,10,150,88,0.0
94,4,10,150,88,0.1398942649682608
95,4,10,150,88,0.17287436926807473
96,4,10,150,88,0.10181164814261426
97,4,10,150,88,0.06462745615384195
98,4,10,150,88,0.0930297504356062
99,4,10,150,88,0.05658242244874664
100,4,10,150,88,0.0
101,4,10,150,88,0.0
102,4,10,150,88,0.02424726876918863
103,4,10,150,88,0.0
104,4,10,150,88,0.0
105,4,10,150,88,0.0
106,4,10,150,88,0.0
107,4,10,150,88,0.0
108,4,10,150,88,0.0
109,4,10,150,88,0.07103066762111539
110,4,10,150,88,0.0
111,4,10,150,88,0.0
112,4,10,150,88,0.05685954565780693
113,4,10,150,88,0.053168340515114924
114,4,10,150,88,0.0
115,4,10,150,88,0.10684080426179023
116,4,10,150,88,0.0
117,4,10,150,88,0.26646890433550474
118,4,10,150,88,0.0
119,4,10,150,88,0.22720111393597806
120,4,10,150,88,0.0
121,4,10,150,88,0.271985059917519
122,4,10,150,88,0.1530100230930498
123,4,10,150,88,0.07386004580671933
125,4,10,150,88,0.12702645795516354
126,4,10,150,88,0.06911917000496234
127,4,10,150,88,0.23132283185955704
128,4,10,150,88,0.0804528329814545
129,4,10,150,88,0.0
130,4,10,150,88,0.21603440505602572
131,4,10,150,88,0.06556385272536247
133,4,10,150,88,0.11047239495909743
134,4,10,150,88,0.0
135,4,10,150,88,0.0
137,4,10,150,88,0.1371200812351206
138,4,10,150,88,0.06140414576373613
139,4,10,150,88,0.0
141,4,10,150,88,0.0
142,4,10,150,88,0.13373003436102654
143,4,10,150,88,0.1208996448617798
144,4,10,150,88,0.1227945149537572
145,4,10,150,88,0.1075804523117992
146,4,10,150,88,0.0
148,4,10,150,88,0.20254719486838738
149,4,10,150,88,0.0
150,4,10,150,88,0.10235170428306553
151,4,10,150,88,0.10702155329127065
152,4,10,150,88,0.040655755922716606
153,4,10,150,88,0.0
154,4,10,150,88,0.11753148666901318
155,4,10,150,88,0.0
156,4,10,150,88,0.0
158,4,10,150,88,0.17575552384613552
159,4,10,150,88,0.03310852000739229
160,4,10,150,88,0.0
161,4,10,150,88,0.0
162,4,10,150,88,0.04858102772529458
163,4,10,150,88,0.0
164,4,10,150,88,0.0
165,4,10,150,88,0.12114889742360979
166,4,10,150,88,0.0
167,4,10,150,88,0.06267320809766952
168,4,10,150,88,0.23504554941448536
169,4,10,150,88,0.06416923277158361
170,4,10,150,88,0.0
171,4,10,150,88,0.0
172,4,10,150,88,0.0
173,4,10,150,88,0.11302181651994404
174,4,10,150,88,0.08712841477105211
175,4,10,150,88,0.0
176,4,10,150,88,0.09511409151391914
177,4,10,150,88,0.06912040963822193
178,4,10,150,88,0.2437589399037192
179,4,10,150,88,0.06723507268634088
180,4,10,150,88,0.12262943855309168
181,4,10,150,88,0.062426915812405386
182,4,10,150,88,0.0
183,4,10,150,88,0.0
184,4,10,150,88,0.11356458502877588
185,4,10,150,88,0.07745351606183934
186,4,10,150,88,0.22147164648185297
187,4,10,150,88,0.08625091781054979
188,4,10,150,88,0.054384419234677496
189,4,10,150,88,0.23042891886703956
190,4,10,150,88,0.10699313236726378
191,4,10,150,88,0.0
192,4,10,150,88,0.0
193,4,10,150,88,0.039158662511086184
194,4,10,150,88,0.11592484831532757
195,4,10,150,88,0.0
196,4,10,150,88,0.0
197,4,10,150,88,0.05576624569167862
198,4,10,150,88,0.0
199,4,10,150,88,0.0
200,4,10,150,88,0.1350618908658632
201,4,10,150,88,0.12159237398356172
203,4,10,150,88,0.0
204,4,10,150,88,0.0
205,4,10,150,88,0.0
206,4,10,150,88,0.0
207,4,10,150,88,0.09412450373990706
209,4,10,150,88,0.0
210,4,10,150,88,0.09440608278107551
211,4,10,150,88,0.0
212,4,10,150,88,0.12681701683239352
213,4,10,150,88,0.2384146878320104
214,4,10,150,88,0.056720838976548935
215,4,10,150,88,0.0
216,4,10,150,88,0.06585783135342528
217,4,10,150,88,0.0
218,4,10,150,88,0.19092086617893467
219,4,10,150,88,0.0
221,4,10,150,88,0.3375735570145491
222,4,10,150,88,0.12476107276951183
223,4,10,150,88,0.03870447337439288
224,4,10,150,88,0.0
225,4,10,150,88,0.0
226,4,10,150,88,0.08080765379783027
227,4,10,150,88,0.0
228,4,10,150,88,0.0
229,4,10,150,88,0.0
230,4,10,150,88,0.23712439662683835
231,4,10,150,88,0.0
232,4,10,150,88,0.3234992853586256
233,4,10,150,88,0.0968152409481219
234,4,10,150,88,0.1481502210952491
235,4,10,150,88,0.06065881345112158
236,4,10,150,88,0.0
237,4,10,150,88,0.0
238,4,10,150,88,0.0
239,4,10,150,88,0.11792279130466408
240,4,10,150,88,0.05497526658285817
242,4,10,150,88,0.0
243,4,10,150,88,0.09267768927614353
244,4,10,150,88,0.15765545519871427
245,4,10,150,88,0.10704534003732354
246,4,10,150,88,0.11120150311654428
247,4,10,150,88,0.0
248,4,10,150,88,0.14830051302014485
249,4,10,150,88,0.31180658179892495
250,4,10,150,88,0.3503302816689379
251,4,10,150,88,0.0
252,4,10,150,88,0.0
253,4,10,150,88,0.05954496680255472
254,4,10,150,88,0.0
255,4,10,150,88,0.042447135269629226
256,4,10,150,88,0.16583176898817792
257,4,10,150,88,0.3305900772260718
258,4,10,150,88,0.07557488532248983
259,4,10,150,88,0.0
260,4,10,150,88,0.0
261,4,10,150,88,0.0
262,4,10,150,88,0.05029331645508228
263,4,10,150,88,0.15472701459244137
264,4,10,150,88,0.05840183867278569
265,4,10,150,88,0.10209739512291163
267,4,10,150,88,0.09794101962538232
268,4,10,150,88,0.17766987391815556
269,4,10,150,88,0.13223875150584097
270,4,10,150,88,0.046726672111120165
271,4,10,150,88,0.12276482551434069
272,4,10,150,88,0.14498698048571354
273,4,10,150,88,0.0
274,4,10,150,88,0.0
275,4,10,150,88,0.04605780568615433
276,4,10,150,88,0.20223032365941937
277,4,10,150,88,0.0
279,4,10,150,88,0.07923708494918187
280,4,10,150,88,0.03337620304869898
281,4,10,150,88,0.0
283,4,10,150,88,0.1292258709239571
284,4,10,150,88,0.0
285,4,10,150,88,0.1185995982858366
286,4,10,150,88,0.31887623993711317
287,4,10,150,88,0.11352455583778437
288,4,10,150,88,0.12538054736008386
289,4,10,150,88,0.13905617951077562
290,4,10,150,88,0.0
291,4,10,150,88,0.23494592513118112
292,4,10,150,88,0.12610583976873452
293,4,10,150,88,0.2344161202530718
294,4,10,150,88,0.04123398036294628
295,4,10,150,88,0.2670961153715764
296,4,10,150,88,0.5382063622180417
297,4,10,150,88,0.13535082686131417
298,4,10,150,88,0.19947114504638494
299,4,10,150,88,0.0
300,4,10,150,88,0.0
301,4,10,150,88,0.047934103497110726
303,4,10,150,88,0.12680868731260003
304,4,10,150,88,0.0
305,4,10,150,88,0.31514747987601716
306,4,10,150,88,0.0
307,4,10,150,88,0.1383141340724969
308,4,10,150,88,0.19205342317019936
309,4,10,150,88,0.0
310,4,10,150,88,0.0
311,4,10,150,88,0.08938791352906189
312,4,10,150,88,0.14069579419580536
313,4,10,150,88,0.14465709645474623
314,4,10,150,88,0.20285519102295546
315,4,10,150,88,0.0
316,4,10,150,88,0.04568304891751105
317,4,10,150,88,0.0
318,4,10,150,88,0.13815200906377123
319,4,10,150,88,0.0
320,4,10,150,88,0.0
321,4,10,150,88,0.062242588308449316
322,4,10,150,88,0.17342765698823945
323,4,10,150,88,0.14126697285982898
324,4,10,150,88,0.03555702818464106
325,4,10,150,88,0.0
326,4,10,150,88,0.0634222181618871
327,4,10,150,88,0.04302935573946656
328,4,10,150,88,0.1437524526514495
329,4,10,150,88,0.0
330,4,10,150,88,0.0536466452928127
331,4,10,150,88,0.16958010263680806
332,4,10,150,88,0.046679707512804314
333,4,10,150,88,0.0
334,4,10,150,88,0.0858345406672181
336,4,10,150,88,0.0
337,4,10,150,88,0.16716045496620227
338,4,10,150,88,0.05005165434923901
339,4,10,150,88,0.1344957225763306
340,4,10,150,88,0.0
341,4,10,150,88,0.0
342,4,10,150,88,0.2625072992734236
343,4,10,150,88,0.3094263721986468
344,4,10,150,88,0.23832550406045652
345,4,10,150,88,0.056149696530797676
346,4,10,150,88,0.13947804593499064
347,4,10,150,88,0.11116062301189339
348,4,10,150,88,0.071942683897578
349,4,10,150,88,0.07673373981757839
350,4,10,150,88,0.2065896325117088
351,4,10,150,88,0.0
352,4,10,150,88,0.0
353,4,10,150,88,0.0
354,4,10,150,88,0.051249224710132255
355,4,10,150,88,0.0
356,4,10,150,88,0.08406376813555873
357,4,10,150,88,0.05006331611131463
358,4,10,150,88,0.20438239758848611
359,4,10,150,88,0.0
360,4,10,150,88,0.09491042451242505
361,4,10,150,88,0.09622728274290568
362,4,10,150,88,0.09541268780076616
363,4,10,150,88,0.21862978877358352
364,4,10,150,88,0.0
365,4,10,150,88,0.03956979699823825
366,4,10,150,88,0.0
367,4,10,150,88,0.07630862162354303
368,4,10,150,88,0.0
369,4,10,150,88,0.0
370,4,10,150,88,0.13479984916817475
371,4,10,150,88,0.22569563125869263
372,4,10,150,88,0.03657576498735172
373,4,10,150,88,0.08627719815628208
374,4,10,150,88,0.09834160864069898
375,4,10,150,88,0.0
376,4,10,150,88,0.0
377,4,10,150,88,0.08010929472340098
378,4,10,150,88,0.22286015690950103
379,4,10,150,88,0.1665016263976196
380,4,10,150,88,0.0
381,4,10,150,88,0.09118180877280627
382,4,10,150,88,0.0
383,4,10,150,88,0.0848644637410381
384,4,10,150,88,0.0
385,4,10,150,88,0.0
386,4,10,150,88,0.0
387,4,10,150,88,0.11497906462099297
388,4,10,150,88,0.04511904280884329
389,4,10,150,88,0.17394090433083284
390,4,10,150,88,0.0
391,4,10,150,88,0.2137247802747043
392,4,10,150,88,0.056679935917756406
393,4,10,150,88,0.06677476047860295
394,4,10,150,88,0.11073655428626575
395,4,10,150,88,0.09179488000267515
396,4,10,150,88,0.0
397,4,10,150,88,0.2710147943938467
398,4,10,150,88,0.18852571653533698
399,4,10,150,88,0.07594334672458623
400,4,10,150,88,0.0
401,4,10,150,88,0.0
402,4,10,150,88,0.08963222225173058
403,4,10,150,88,0.1586673445830345
404,4,10,150,88,0.0
405,4,10,150,88,0.06667735269275575
406,4,10,150,88,0.20956416940551098
407,4,10,150,88,0.08088217699131102
408,4,10,150,88,0.0
409,4,10,150,88,0.12740448328320192
410,4,10,150,88,0.0
411,4,10,150,88,0.0
412,4,10,150,88,0.0
413,4,10,150,88,0.041646268351119564
414,4,10,150,88,0.0
415,4,10,150,88,0.15103391472831218
416,4,10,150,88,0.23166052731397035
417,4,10,150,88,0.09850508837083022
418,4,10,150,88,0.0
419,4,10,150,88,0.1208113026994942
420,4,10,150,88,0.06052048269976269
421,4,10,150,88,0.19620555836557932
422,4,10,150,88,0.07550298029238112
423,4,10,150,88,0.053845569940583225
424,4,10,150,88,0.2766918177656049
425,4,10,150,88,0.1674157226455415
426,4,10,150,88,0.040759261617270684
427,4,10,150,88,0.07466168586864165
428,4,10,150,88,0.04415960465480069
429,4,10,150,88,0.14355264986043786
430,4,10,150,88,0.0
431,4,10,150,88,0.0
432,4,10,150,88,0.05789711601244791
433,4,10,150,88,0.05780921899607981
434,4,10,150,88,0.2562151231304954
435,4,10,150,88,0.18254689597780008
436,4,10,150,88,0.0
437,4,10,150,88,0.1246139643684977
438,4,10,150,88,0.0
439,4,10,150,88,0.10863976191957724
440,4,10,150,88,0.0
441,4,10,150,88,0.07736100002633538
442,4,10,150,88,0.040949887133979804
443,4,10,150,88,0.06783204105472322
444,4,10,150,88,0.1312721899408984
445,4,10,150,88,0.0
446,4,10,150,88,0.0
447,4,10,150,88,0.16246725303708914
448,4,10,150,88,0.0
449,4,10,150,88,0.1882329728596757
450,4,10,150,88,0.22841126084405342
451,4,10,150,88,0.06148915918944534
452,4,10,150,88,0.10773098771530253
453,4,10,150,88,0.0
454,4,10,150,88,0.015175188400892194
455,4,10,150,88,0.11201222307971222
456,4,10,150,88,0.018650043077523788
457,4,10,150,88,0.31128444613224265
458,4,10,150,88,0.06982799741808067
459,4,10,150,88,0.0
460,4,10,150,88,0.05184030722866645
461,4,10,150,88,0.05428363317977833
462,4,10,150,88,0.0
463,4,10,150,88,0.11987424504051505
464,4,10,150,88,0.027878824909352323
465,4,10,150,88,0.0
466,4,10,150,88,0.0
467,4,10,150,88,0.07807600999842033
468,4,10,150,88,0.11455543964849552
469,4,10,150,88,0.05165643482805862
470,4,10,150,88,0.0
471,4,10,150,88,0.0
472,4,10,150,88,0.13402286793172438
473,4,10,150,88,0.06140244428718695
474,4,10,150,88,0.24593822460513717
475,4,10,150,88,0.0
476,4,10,150,88,0.0
477,4,10,150,88,0.0
478,4,10,150,88,0.2345109835167376
479,4,10,150,88,0.10172348796286074
480,4,10,150,88,0.0741070054529978
481,4,10,150,88,0.13102204196909084
482,4,10,150,88,0.0
483,4,10,150,88,0.05658242244874664
484,4,10,150,88,0.29539974213048126
485,4,10,150,88,0.0
486,4,10,150,88,0.0
487,4,10,150,88,0.09557986065110975
488,4,10,150,88,0.0
489,4,10,150,88,0.04327665636516388
490,4,10,150,88,0.0
491,4,10,150,88,0.14208678740137623
492,4,10,150,88,0.0
493,4,10,150,88,0.16765112971402235
494,4,10,150,88,0.0
495,4,10,150,88,0.17949652011459483
496,4,10,150,88,0.08659863258371955
497,4,10,150,88,0.08955573351991261
498,4,10,150,88,0.0
499,4,10,150,88,0.07269358580389043
500,4,10,150,88,0.09541527213731128
501,4,10,150,88,0.0
502,4,10,150,88,0.0
503,4,10,150,88,0.1326116015708835
504,4,10,150,88,0.08148269775823089
505,4,10,150,88,0.07379217622092994
506,4,10,150,88,0.18325792458363765
507,4,10,150,88,0.05319635904163211
508,4,10,150,88,0.0
509,4,10,150,88,0.0
510,4,10,150,88,0.0
511,4,10,150,88,0.08495943917278885
512,4,10,150,88,0.05478392673173268
513,4,10,150,88,0.0
514,4,10,150,88,0.27252722616773445
515,4,10,150,88,0.11706259313796354
516,4,10,150,88,0.0
517,4,10,150,88,0.08878770367712427
518,4,10,150,88,0.0
519,4,10,150,88,0.0
520,4,10,150,88,0.0
521,4,10,150,88,0.09850628252086785
522,4,10,150,88,0.16015986784807879
523,4,10,150,88,0.05782495986511108
524,4,10,150,88,0.1388155168339688
525,4,10,150,88,0.0
526,4,10,150,88,0.15355181494703254
527,4,10,150,88,0.1636135858112592
528,4,10,150,88,0.10209739512291163
529,4,10,150,88,0.0
530,4,10,150,88,0.0
531,4,10,150,88,0.1517763576041802
532,4,10,150,88,0.2751056785549508
533,4,10,150,88,0.11557545112991054
534,4,10,150,88,0.15271774407237912
535,4,10,150,88,0.15258506350829476
536,4,10,150,88,0.15105160768725473
537,4,10,150,88,0.29142705259599905
538,4,10,150,88,0.14697776980950736
539,4,10,150,88,0.118966869440927
540,4,10,150,88,0.0
541,4,10,150,88,0.0586415067779619
542,4,10,150,88,0.07034465017648367
543,4,10,150,88,0.09246186677965838
544,4,10,150,88,0.05282936728943967
545,4,10,150,88,0.02244213465825961
546,4,10,150,88,0.05758752804519195
547,4,10,150,88,0.0
548,4,10,150,88,0.14714570243929503
549,4,10,150,88,0.0
550,4,10,150,88,0.08775411958203361
551,4,10,150,88,0.0910925691220798
552,4,10,150,88,0.1205344274731702
553,4,10,150,88,0.07411563356774664
554,4,10,150,88,0.1458276977055391
555,4,10,150,88,0.0
556,4,10,150,88,0.07660623398069263
557,4,10,150,88,0.031742154565302834
558,4,10,150,88,0.08878770367712427
559,4,10,150,88,0.09986350037763675
560,4,10,150,88,0.09375790921485552
561,4,10,150,88,0.14725545437769655
562,4,10,150,88,0.07930308311174379
563,4,10,150,88,0.0
564,4,10,150,88,0.15437610727371853
565,4,10,150,88,0.0
566,4,10,150,88,0.03579489106983033
567,4,10,150,88,0.16367517900226886
568,4,10,150,88,0.036155150901276155
569,4,10,150,88,0.18299769260789403
570,4,10,150,88,0.0
571,4,10,150,88,0.04988426711147283
572,4,10,150,88,0.16812753627111746
573,4,10,150,88,0.06437746926759551
574,4,10,150,88,0.051811563545175146
575,4,10,150,88,0.0
576,4,10,150,88,0.0
577,4,10,150,88,0.2181315616010628
578,4,10,150,88,0.05006331611131463
579,4,10,150,88,0.029371016515430802
580,4,10,150,88,0.17202958801773222
581,4,10,150,88,0.14348105418014392
582,4,10,150,88,0.03190895161277091
583,4,10,150,88,0.05364822253323318
584,4,10,150,88,0.06323567569191428
585,4,10,150,88,0.04173963774222741
586,4,10,150,88,0.05786021189691368
587,4,10,150,88,0.019492972026130224
588,4,10,150,88,0.1626111040880965
589,4,10,150,88,0.0
590,4,10,150,88,0.053845569940583225
591,4,10,150,88,0.047298896168385694
592,4,10,150,88,0.34229291295940956
593,4,10,150,88,0.07711036365720102
594,4,10,150,88,0.044551000676675064
595,4,10,150,88,0.10296141646738245
596,4,10,150,88,0.0
597,4,10,150,88,0.27101620591530523
598,4,10,150,88,0.0684591776394769
599,4,10,150,88,0.047338452314727386
600,4,10,150,88,0.09197011795311534
601,4,10,150,88,0.0
602,4,10,150,88,0.0
603,4,10,150,88,0.0
604,4,10,150,88,0.0
605,4,10,150,88,0.26275270116262744
606,4,10,150,88,0.1839502972074742
607,4,10,150,88,0.08673473912838402
608,4,10,150,88,0.12209659098915113
609,4,10,150,88,0.0
610,4,10,150,88,0.2146842601596213
611,4,10,150,88,0.07624568872860434
612,4,10,150,88,0.0
613,4,10,150,88,0.08385150490449667
614,4,10,150,88,0.0
615,4,10,150,88,0.04919117729584568
616,4,10,150,88,0.03618657486793958
617,4,10,150,88,0.0
618,4,10,150,88,0.1394845784988352
619,4,10,150,88,0.12363660028711727
620,4,10,150,88,0.159486715201797
621,4,10,150,88,0.11278207190006835
622,4,10,150,88,0.18241748250491993
623,4,10,150,88,0.2117125497194188
624,4,10,150,88,0.08019069792665304
625,4,10,150,88,0.0
626,4,10,150,88,0.06228974831361337
627,4,10,150,88,0.06945233499530101
628,4,10,150,88,0.03461894863592259
629,4,10,150,88,0.19194057324582506
630,4,10,150,88,0.15874779570678058
631,4,10,150,88,0.0
632,4,10,150,88,0.12112269717167994
633,4,10,150,88,0.11499138576948859
634,4,10,150,88,0.05294832419446749
635,4,10,150,88,0.04546401530948942
636,4,10,150,88,0.11426572661305327
637,4,10,150,88,0.01928973283308616
638,4,10,150,88,0.09712868482236708
639,4,10,150,88,0.03138892079718151
640,4,10,150,88,0.10536866733091729
641,4,10,150,88,0.10427070662550339
642,4,10,150,88,0.12716829000393493
643,4,10,150,88,0.11071279041815515
644,4,10,150,88,0.04935421935348238
645,4,10,150,88,0.17581821458755492
646,4,10,150,88,0.0
647,4,10,150,88,0.05363388010108191
648,4,10,150,88,0.13978583123947036
649,4,10,150,88,0.15489949502599
650,4,10,150,88,0.13574218972482194
651,4,10,150,88,0.0
652,4,10,150,88,0.08156220960446063
653,4,10,150,88,0.0906036790514784
654,4,10,150,88,0.21255442687635834
655,4,10,150,88,0.2572119250126448
656,4,10,150,88,0.07397229644086958
657,4,10,150,88,0.04140815094666367
658,4,10,150,88,0.2625403796417579
659,4,10,150,88,0.08781544355121487
660,4,10,150,88,0.12401784218788768
661,4,10,150,88,0.08605775303302886
662,4,10,150,88,0.0512644431393966
663,4,10,150,88,0.24026856780584893
664,4,10,150,88,0.28517362059082263
665,4,10,150,88,0.0
666,4,10,150,88,0.15654057249001205
667,4,10,150,88,0.31347596517570553
668,4,10,150,88,0.06194403202282284
669,4,10,150,88,0.1348578320198433
670,4,10,150,88,0.09267469812912739
671,4,10,150,88,0.22329352092456306
672,4,10,150,88,0.03603026685992244
673,4,10,150,88,0.14837758007547783
674,4,10,150,88,0.11338915993603582
675,4,10,150,88,0.0
676,4,10,150,88,0.25681816731890644
677,4,10,150,88,0.03314040476303028
678,4,10,150,88,0.03824432123396675
679,4,10,150,88,0.15527711509166947
680,4,10,150,88,0.11377863936243801
681,4,10,150,88,0.0
682,4,10,150,88,0.17852631994719378
683,4,10,150,88,0.0
684,4,10,150,88,0.06573003977381581
685,4,10,150,88,0.1906465758273748
686,4,10,150,88,0.1682282387290392
687,4,10,150,88,0.0
688,4,10,150,88,0.13095683635706423
689,4,10,150,88,0.2385743953554933
690,4,10,150,88,0.12222352404401943
691,4,10,150,88,0.13843129503711957
692,4,10,150,88,0.1753901755134814
693,4,10,150,88,0.0
694,4,10,150,88,0.2448812985235888
695,4,10,150,88,0.03629635962013474
696,4,10,150,88,0.039725595076707886
697,4,10,150,88,0.04239477130634912
698,4,10,150,88,0.041937660325009396
699,4,10,150,88,0.11291908148098284
700,4,10,150,88,0.12729890218214104
701,4,10,150,88,0.11497698281480273
702,4,10,150,88,0.037715680681715956
703,4,10,150,88,0.14202859508692728
704,4,10,150,88,0.2737585707060089
705,4,10,150,88,0.22667088038444094
706,4,10,150,88,0.04395738023645723
707,4,10,150,88,0.06313664925364729
708,4,10,150,88,0.12228634424244818
709,4,10,150,88,0.13472082394875662
710,4,10,150,88,0.10695361352497157
711,4,10,150,88,0.18133007201622714
712,4,10,150,88,0.15511023313323485
713,4,10,150,88,0.1468735732232516
714,4,10,150,88,0.03441184191455828
715,4,10,150,88,0.0
716,4,10,150,88,0.19834913453419498
717,4,10,150,88,0.09054670163637572
718,4,10,150,88,0.035328385129692476
719,4,10,150,88,0.09883437846193516
720,4,10,150,88,0.0
721,4,10,150,88,0.1850388725092322
722,4,10,150,88,0.06556429791586475
723,4,10,150,88,0.0
724,4,10,150,88,0.0
725,4,10,150,88,0.0
726,4,10,150,88,0.05010834716923557
727,4,10,150,88,0.12065113228550736
728,4,10,150,88,0.09627818061559096
729,4,10,150,88,0.10447105830830586
730,4,10,150,88,0.02601736765943984
731,4,10,150,88,0.14717311932656024
732,4,10,150,88,0.0
733,4,10,150,88,0.14514596345398123
734,4,10,150,88,0.0
735,4,10,150,88,0.0
736,4,10,150,88,0.03351972906068008
737,4,10,150,88,0.1138970555583582
738,4,10,150,88,0.13922998739868644
739,4,10,150,88,0.03855307727568851
740,4,10,150,88,0.0
741,4,10,150,88,0.05358697798864893
742,4,10,150,88,0.0488929053971083
743,4,10,150,88,0.09946096543827337
744,4,10,150,88,0.03596673601130318
745,4,10,150,88,0.03520132288421838
746,4,10,150,88,0.25743994347908983
747,4,10,150,88,0.38495697756883984
748,4,10,150,88,0.09621648119325965
749,4,10,150,88,0.13483848860474837
750,4,10,150,88,0.07184731398235064
751,4,10,150,88,0.08554799479006837
752,4,10,150,88,0.04389473417066348
753,4,10,150,88,0.15780803084928155
754,4,10,150,88,0.0
755,4,10,150,88,0.03855371268423985
756,4,10,150,88,0.031104745345423533
757,4,10,150,88,0.02032489047902012
758,4,10,150,88,0.2720923776680233
759,4,10,150,88,0.11006100937916612
760,4,10,150,88,0.03004859059698017
761,4,10,150,88,0.06869287000000811
762,4,10,150,88,0.051960280791503534
763,4,10,150,88,0.05892228941894017
764,4,10,150,88,0.08946696896639536
765,4,10,150,88,0.15066101840234988
766,4,10,150,88,0.04476098449293134
767,4,10,150,88,0.13884445379214724
768,4,10,150,88,0.08438032815655525
769,4,10,150,88,0.0
770,4,10,150,88,0.21464739068424896
771,4,10,150,88,0.32869562799119006
772,4,10,150,88,0.17356150297482983
773,4,10,150,88,0.08696710392235718
774,4,10,150,88,0.04984287990792295
775,4,10,150,88,0.038478285726379145
776,4,10,150,88,0.15403842856019037
777,4,10,150,88,0.0
778,4,10,150,88,0.1631238413472767
779,4,10,150,88,0.0
780,4,10,150,88,0.1424788567451383
781,4,10,150,88,0.2016539629141292
782,4,10,150,88,0.03437769843337658
783,4,10,150,88,0.0
784,4,10,150,88,0.029814614753779622
785,4,10,150,88,0.0
786,4,10,150,88,0.0
787,4,10,150,88,0.0
788,4,10,150,88,0.20954224417689074
789,4,10,150,88,0.08809718769055445
790,4,10,150,88,0.06653819098723435
791,4,10,150,88,0.04465281017341861
792,4,10,150,88,0.08944329533390502
793,4,10,150,88,0.0
794,4,10,150,88,0.07506781548572385
795,4,10,150,88,0.07614504861587336
796,4,10,150,88,0.31453688286562714
797,4,10,150,88,0.11278903329502893
798,4,10,150,88,0.03300899581097234
799,4,10,150,88,0.0
800,4,10,150,88,0.0888518698614501
801,4,10,150,88,0.1561471668577559
802,4,10,150,88,0.06960082070980815
803,4,10,150,88,0.10569353498973794
804,4,10,150,88,0.1071563451545627
805,4,10,150,88,0.10215696583032552
806,4,10,150,88,0.2959152150106387
807,4,10,150,88,0.10712329127351711
808,4,10,150,88,0.1025417224926713
809,4,10,150,88,0.10356976056061801
810,4,10,150,88,0.17634899502333787
811,4,10,150,88,0.034160126724669886
812,4,10,150,88,0.09594989011285139
813,4,10,150,88,0.0
814,4,10,150,88,0.034616222155696735
815,4,10,150,88,0.18660881389796213
816,4,10,150,88,0.0
817,4,10,150,88,0.0
818,4,10,150,88,0.05516788910004661
819,4,10,150,88,0.037210602758860095
820,4,10,150,88,0.0787987754690289
821,4,10,150,88,0.302950268110492
822,4,10,150,88,0.05548928785951652
823,4,10,150,88,0.19825193631094293
824,4,10,150,88,0.05046096657376444
825,4,10,150,88,0.08238190489603152
826,4,10,150,88,0.17593166652195671
827,4,10,150,88,0.0
828,4,10,150,88,0.05745618865524075
829,4,10,150,88,0.1751347628439014
830,4,10,150,88,0.21673727180406585
831,4,10,150,88,0.21058943716644085
832,4,10,150,88,0.0
833,4,10,150,88,0.13685086160696497
834,4,10,150,88,0.2706897351446418
835,4,10,150,88,0.2282338502278767
836,4,10,150,88,0.22113373377912962
837,4,10,150,88,0.05665916465450996
838,4,10,150,88,0.27895398740912175
839,4,10,150,88,0.10730655186373157
840,4,10,150,88,0.3283539531401269
841,4,10,150,88,0.06507217400164225
842,4,10,150,88,0.03947561302344988
843,4,10,150,88,0.008299467039995316
844,4,10,150,88,0.05872188515498603
845,4,10,150,88,0.0
846,4,10,150,88,0.3272082179273253
847,4,10,150,88,0.05107153900660915
848,4,10,150,88,0.11365679339285037
849,4,10,150,88,0.07738342520054953
850,4,10,150,88,0.29160326485645294
851,4,10,150,88,0.06520552028363663
852,4,10,150,88,0.26227118260874954
853,4,10,150,88,0.0
854,4,10,150,88,0.0751875439917434
855,4,10,150,88,0.03638796155629422
856,4,10,150,88,0.037110354711564805
857,4,10,150,88,0.0
858,4,10,150,88,0.10250982096838526
859,4,10,150,88,0.05070263548706836
860,4,10,150,88,0.12431618373412671
861,4,10,150,88,0.06460834446248033
862,4,10,150,88,0.17089717348642833
863,4,10,150,88,0.06336841123297353
864,4,10,150,88,0.36739888693958683
865,4,10,150,88,0.11652577583309928
866,4,10,150,88,0.16283687678415507
867,4,10,150,88,0.2514245035922961
868,4,10,150,88,0.18175382597005563
869,4,10,150,88,0.08067880958900249
870,4,10,150,88,0.22230052367401282
871,4,10,150,88,0.07012986265386374
872,4,10,150,88,0.02804794621397926
873,4,10,150,88,0.0
874,4,10,150,88,0.13944914190808633
875,4,10,150,88,0.17307899610640343
876,4,10,150,88,0.08671382849411972
877,4,10,150,88,0.0835317778614811
878,4,10,150,88,0.1706804422753891
879,4,10,150,88,0.03963466998423315
880,4,10,150,88,0.29291093018947223
881,4,10,150,88,0.09942210965120596
882,4,10,150,88,0.21288820648214166
883,4,10,150,88,0.269756864200617
884,4,10,150,88,0.11407805705099587
885,4,10,150,88,0.04536087033637415
886,4,10,150,88,0.16388348174694758
887,4,10,150,88,0.10214828088611402
888,4,10,150,88,0.11625487663628292
889,4,10,150,88,0.009133859480393667
890,4,10,150,88,0.11434431442033766
891,4,10,150,88,0.10491091696774645
892,4,10,150,88,0.2455191816579957
893,4,10,150,88,0.146669204611781
894,4,10,150,88,0.09439174603862023
895,4,10,150,88,0.0
896,4,10,150,88,0.2537875639553009
897,4,10,150,88,0.3071672815592065
898,4,10,150,88,0.0
899,4,10,150,88,0.05684415375822261
900,4,10,150,88,0.055315677011973347
901,4,10,150,88,0.23198521014469126
902,4,10,150,88,0.05978585424799658
903,4,10,150,88,0.24651430146847014
904,4,10,150,88,0.0
905,4,10,150,88,0.0
906,4,10,150,88,0.10407444169186962
907,4,10,150,88,0.08460920127967277
908,4,10,150,88,0.06892767477436933
909,4,10,150,88,0.0
910,4,10,150,88,0.02138152805479416
911,4,10,150,88,0.14690565417489143
912,4,10,150,88,0.17642343579737088
913,4,10,150,88,0.08380195844185999
914,4,10,150,88,0.0
915,4,10,150,88,0.0
916,4,10,150,88,0.20910576133040523
917,4,10,150,88,0.0
918,4,10,150,88,0.043627084055128
919,4,10,150,88,0.08116731712468818
920,4,10,150,88,0.0
921,4,10,150,88,0.15405864814296488
922,4,10,150,88,0.1280645281724967
923,4,10,150,88,0.04031825574984845
924,4,10,150,88,0.018280262702529162
925,4,10,150,88,0.032527050404589315
926,4,10,150,88,0.0
927,4,10,150,88,0.12527716133750888
928,4,10,150,88,0.1873259908039563
929,4,10,150,88,0.25163227912988373
930,4,10,150,88,0.032298243696638564
931,4,10,150,88,0.08679587898287541
932,4,10,150,88,0.26581896687705886
933,4,10,150,88,0.13752245444306133
934,4,10,150,88,0.10071040486185964
935,4,10,150,88,0.04173963774222741
936,4,10,150,88,0.1321191921354211
937,4,10,150,88,0.0
938,4,10,150,88,0.1661428141234511
939,4,10,150,88,0.02916862694666808
940,4,10,150,88,0.06437895678401931
941,4,10,150,88,0.0
942,4,10,150,88,0.12154822122445835
943,4,10,150,88,0.20163692230838232
1,4,10,150,89,0.4058715898896693
2,4,10,150,89,0.06250343848035038
3,4,10,150,89,0.0
4,4,10,150,89,0.0
5,4,10,150,89,0.040209635547393256
6,4,10,150,89,0.27020011346731576
7,4,10,150,89,0.3507427912641652
8,4,10,150,89,0.0
9,4,10,150,89,0.21840743681816419
10,4,10,150,89,0.21491451057814584
11,4,10,150,89,0.1722584975122812
12,4,10,150,89,0.0
13,4,10,150,89,0.23354755242906122
14,4,10,150,89,0.03963175841995263
15,4,10,150,89,0.05010834716923557
16,4,10,150,89,0.1394055771274295
17,4,10,150,89,0.12407735386140566
18,4,10,150,89,0.2651132679673976
19,4,10,150,89,0.0
20,4,10,150,89,0.0
21,4,10,150,89,0.0
22,4,10,150,89,0.11702382382650763
23,4,10,150,89,0.23682446174402746
24,4,10,150,89,0.0
25,4,10,150,89,0.12358102547512423
26,4,10,150,89,0.0
27,4,10,150,89,0.0
28,4,10,150,89,0.0
29,4,10,150,89,0.13455232720853103
30,4,10,150,89,0.0
31,4,10,150,89,0.0
32,4,10,150,89,0.0
33,4,10,150,89,0.0
35,4,10,150,89,0.10523285614729473
36,4,10,150,89,0.0
37,4,10,150,89,0.0
38,4,10,150,89,0.04739418218477539
39,4,10,150,89,0.0
40,4,10,150,89,0.10558114683788161
41,4,10,150,89,0.0
42,4,10,150,89,0.0683037314796457
43,4,10,150,89,0.22592974817952552
44,4,10,150,89,0.2044921015662719
45,4,10,150,89,0.05200670101006268
46,4,10,150,89,0.11284514134893527
47,4,10,150,89,0.06250343848035038
48,4,10,150,89,0.0
49,4,10,150,89,0.0
50,4,10,150,89,0.0
51,4,10,150,89,0.16812753627111746
52,4,10,150,89,0.0
54,4,10,150,89,0.04843244625481133
56,4,10,150,89,0.20383503459815738
57,4,10,150,89,0.3030555992505742
58,4,10,150,89,0.3717269535737058
59,4,10,150,89,0.31915425394541946
60,4,10,150,89,0.1505674224523334
61,4,10,150,89,0.07763867093308688
62,4,10,150,89,0.10440036542861637
63,4,10,150,89,0.0
64,4,10,150,89,0.04238468688770069
65,4,10,150,89,0.13012668333070054
66,4,10,150,89,0.0
67,4,10,150,89,0.0
68,4,10,150,89,0.4827392464262081
69,4,10,150,89,0.07673373981757839
70,4,10,150,89,0.0
71,4,10,150,89,0.046966485689931024
72,4,10,150,89,0.09048427472954688
73,4,10,150,89,0.0
74,4,10,150,89,0.0
75,4,10,150,89,0.049432410190049694
76,4,10,150,89,0.1301464707340554
77,4,10,150,89,0.10201115106436301
78,4,10,150,89,0.0
79,4,10,150,89,0.3183561588137008
80,4,10,150,89,0.0
81,4,10,150,89,0.0
82,4,10,150,89,0.19298623480417013
83,4,10,150,89,0.12089611529519323
84,4,10,150,89,0.05034889199379723
85,4,10,150,89,0.0
87,4,10,150,89,0.07100089300395272
89,4,10,150,89,0.2553387838830436
90,4,10,150,89,0.14035324954983075
91,4,10,150,89,0.05648147012627732
92,4,10,150,89,0.10542637391232386
93,4,10,150,89,0.0
94,4,10,150,89,0.1398942649682608
95,4,10,150,89,0.17287436926807473
96,4,10,150,89,0.10181164814261426
97,4,10,150,89,0.06462745615384195
98,4,10,150,89,0.0930297504356062
99,4,10,150,89,0.05658242244874664
100,4,10,150,89,0.0
101,4,10,150,89,0.0
102,4,10,150,89,0.02424726876918863
103,4,10,150,89,0.0
104,4,10,150,89,0.0
105,4,10,150,89,0.0
106,4,10,150,89,0.0
107,4,10,150,89,0.0
108,4,10,150,89,0.0
109,4,10,150,89,0.07103066762111539
110,4,10,150,89,0.0
111,4,10,150,89,0.0
112,4,10,150,89,0.05685954565780693
113,4,10,150,89,0.053168340515114924
114,4,10,150,89,0.0
115,4,10,150,89,0.10684080426179023
116,4,10,150,89,0.0
117,4,10,150,89,0.26646890433550474
118,4,10,150,89,0.0
119,4,10,150,89,0.24777925016776411
120,4,10,150,89,0.0
121,4,10,150,89,0.271985059917519
122,4,10,150,89,0.1530100230930498
123,4,10,150,89,0.07386004580671933
125,4,10,150,89,0.12702645795516354
126,4,10,150,89,0.06911917000496234
127,4,10,150,89,0.23132283185955704
128,4,10,150,89,0.0804528329814545
129,4,10,150,89,0.0
130,4,10,150,89,0.21603440505602572
131,4,10,150,89,0.06556385272536247
133,4,10,150,89,0.11047239495909743
134,4,10,150,89,0.0
135,4,10,150,89,0.0
137,4,10,150,89,0.1371200812351206
138,4,10,150,89,0.06140414576373613
139,4,10,150,89,0.0
141,4,10,150,89,0.038963097133338453
142,4,10,150,89,0.13373003436102654
143,4,10,150,89,0.1208996448617798
144,4,10,150,89,0.1227945149537572
145,4,10,150,89,0.1075804523117992
146,4,10,150,89,0.0
148,4,10,150,89,0.24915983520522694
149,4,10,150,89,0.0
150,4,10,150,89,0.10235170428306553
151,4,10,150,89,0.10702155329127065
152,4,10,150,89,0.040655755922716606
153,4,10,150,89,0.0
154,4,10,150,89,0.11753148666901318
155,4,10,150,89,0.0
156,4,10,150,89,0.0
158,4,10,150,89,0.17575552384613552
159,4,10,150,89,0.03310852000739229
160,4,10,150,89,0.0
161,4,10,150,89,0.0
162,4,10,150,89,0.04858102772529458
163,4,10,150,89,0.0
164,4,10,150,89,0.0
165,4,10,150,89,0.12114889742360979
166,4,10,150,89,0.0
167,4,10,150,89,0.06267320809766952
168,4,10,150,89,0.23504554941448536
169,4,10,150,89,0.11641320690977976
170,4,10,150,89,0.0
171,4,10,150,89,0.0
172,4,10,150,89,0.0
173,4,10,150,89,0.11302181651994404
174,4,10,150,89,0.08712841477105211
175,4,10,150,89,0.0
176,4,10,150,89,0.09511409151391914
177,4,10,150,89,0.06912040963822193
178,4,10,150,89,0.2437589399037192
179,4,10,150,89,0.06723507268634088
180,4,10,150,89,0.12262943855309168
181,4,10,150,89,0.062426915812405386
182,4,10,150,89,0.0
183,4,10,150,89,0.0
184,4,10,150,89,0.11356458502877588
185,4,10,150,89,0.07745351606183934
186,4,10,150,89,0.22147164648185297
187,4,10,150,89,0.08625091781054979
188,4,10,150,89,0.054384419234677496
189,4,10,150,89,0.23042891886703956
190,4,10,150,89,0.10699313236726378
191,4,10,150,89,0.0
192,4,10,150,89,0.0
193,4,10,150,89,0.039158662511086184
194,4,10,150,89,0.11592484831532757
195,4,10,150,89,0.0
196,4,10,150,89,0.0
197,4,10,150,89,0.05576624569167862
198,4,10,150,89,0.0
199,4,10,150,89,0.0
200,4,10,150,89,0.1350618908658632
201,4,10,150,89,0.12159237398356172
203,4,10,150,89,0.0
204,4,10,150,89,0.0
205,4,10,150,89,0.0
206,4,10,150,89,0.0
207,4,10,150,89,0.09412450373990706
209,4,10,150,89,0.0
210,4,10,150,89,0.09440608278107551
211,4,10,150,89,0.0
212,4,10,150,89,0.12681701683239352
213,4,10,150,89,0.2384146878320104
214,4,10,150,89,0.056720838976548935
215,4,10,150,89,0.0
216,4,10,150,89,0.06585783135342528
217,4,10,150,89,0.0
218,4,10,150,89,0.19092086617893467
219,4,10,150,89,0.0
221,4,10,150,89,0.3375735570145491
222,4,10,150,89,0.12476107276951183
223,4,10,150,89,0.03870447337439288
224,4,10,150,89,0.0
225,4,10,150,89,0.0
226,4,10,150,89,0.08080765379783027
227,4,10,150,89,0.0
228,4,10,150,89,0.0
229,4,10,150,89,0.0
230,4,10,150,89,0.23712439662683835
231,4,10,150,89,0.0
232,4,10,150,89,0.3234992853586256
233,4,10,150,89,0.0968152409481219
234,4,10,150,89,0.1481502210952491
235,4,10,150,89,0.06065881345112158
236,4,10,150,89,0.0
237,4,10,150,89,0.0
238,4,10,150,89,0.0
239,4,10,150,89,0.11792279130466408
240,4,10,150,89,0.05497526658285817
242,4,10,150,89,0.0
243,4,10,150,89,0.09267768927614353
244,4,10,150,89,0.15765545519871427
245,4,10,150,89,0.10704534003732354
246,4,10,150,89,0.11120150311654428
247,4,10,150,89,0.0
248,4,10,150,89,0.14830051302014485
249,4,10,150,89,0.31180658179892495
250,4,10,150,89,0.3503302816689379
251,4,10,150,89,0.0
252,4,10,150,89,0.0
253,4,10,150,89,0.05954496680255472
254,4,10,150,89,0.0
255,4,10,150,89,0.042447135269629226
256,4,10,150,89,0.16583176898817792
257,4,10,150,89,0.3305900772260718
258,4,10,150,89,0.07557488532248983
259,4,10,150,89,0.0
260,4,10,150,89,0.0
261,4,10,150,89,0.0
262,4,10,150,89,0.05029331645508228
263,4,10,150,89,0.15472701459244137
264,4,10,150,89,0.05840183867278569
265,4,10,150,89,0.10209739512291163
267,4,10,150,89,0.09794101962538232
268,4,10,150,89,0.19378306510498136
269,4,10,150,89,0.13223875150584097
270,4,10,150,89,0.046726672111120165
271,4,10,150,89,0.12276482551434069
272,4,10,150,89,0.14498698048571354
273,4,10,150,89,0.0
274,4,10,150,89,0.0
275,4,10,150,89,0.04605780568615433
276,4,10,150,89,0.20223032365941937
277,4,10,150,89,0.0
279,4,10,150,89,0.07923708494918187
280,4,10,150,89,0.03337620304869898
281,4,10,150,89,0.0
283,4,10,150,89,0.1292258709239571
284,4,10,150,89,0.0
285,4,10,150,89,0.1185995982858366
286,4,10,150,89,0.31887623993711317
287,4,10,150,89,0.11352455583778437
288,4,10,150,89,0.12538054736008386
289,4,10,150,89,0.13905617951077562
290,4,10,150,89,0.0
291,4,10,150,89,0.23494592513118112
292,4,10,150,89,0.12610583976873452
293,4,10,150,89,0.2344161202530718
294,4,10,150,89,0.04123398036294628
295,4,10,150,89,0.2670961153715764
296,4,10,150,89,0.5382063622180417
297,4,10,150,89,0.13535082686131417
298,4,10,150,89,0.19947114504638494
299,4,10,150,89,0.0
300,4,10,150,89,0.0
301,4,10,150,89,0.047934103497110726
303,4,10,150,89,0.12680868731260003
304,4,10,150,89,0.0
305,4,10,150,89,0.31514747987601716
306,4,10,150,89,0.0
307,4,10,150,89,0.1383141340724969
308,4,10,150,89,0.19205342317019936
309,4,10,150,89,0.0
310,4,10,150,89,0.0
311,4,10,150,89,0.08938791352906189
312,4,10,150,89,0.14069579419580536
313,4,10,150,89,0.14465709645474623
314,4,10,150,89,0.20285519102295546
315,4,10,150,89,0.0
316,4,10,150,89,0.04568304891751105
317,4,10,150,89,0.0
318,4,10,150,89,0.13815200906377123
319,4,10,150,89,0.0
320,4,10,150,89,0.0
321,4,10,150,89,0.062242588308449316
322,4,10,150,89,0.17342765698823945
323,4,10,150,89,0.14126697285982898
324,4,10,150,89,0.03555702818464106
325,4,10,150,89,0.0
326,4,10,150,89,0.0634222181618871
327,4,10,150,89,0.04302935573946656
328,4,10,150,89,0.1437524526514495
329,4,10,150,89,0.0
330,4,10,150,89,0.0536466452928127
331,4,10,150,89,0.16958010263680806
332,4,10,150,89,0.046679707512804314
333,4,10,150,89,0.0
334,4,10,150,89,0.0858345406672181
336,4,10,150,89,0.0
337,4,10,150,89,0.16716045496620227
338,4,10,150,89,0.05005165434923901
339,4,10,150,89,0.1344957225763306
340,4,10,150,89,0.0
341,4,10,150,89,0.0
342,4,10,150,89,0.2625072992734236
343,4,10,150,89,0.3094263721986468
344,4,10,150,89,0.23832550406045652
345,4,10,150,89,0.056149696530797676
346,4,10,150,89,0.13947804593499064
347,4,10,150,89,0.11116062301189339
348,4,10,150,89,0.071942683897578
349,4,10,150,89,0.07673373981757839
350,4,10,150,89,0.2065896325117088
351,4,10,150,89,0.0
352,4,10,150,89,0.0
353,4,10,150,89,0.0
354,4,10,150,89,0.051249224710132255
355,4,10,150,89,0.0
356,4,10,150,89,0.08406376813555873
357,4,10,150,89,0.05006331611131463
358,4,10,150,89,0.20438239758848611
359,4,10,150,89,0.0
360,4,10,150,89,0.09491042451242505
361,4,10,150,89,0.09622728274290568
362,4,10,150,89,0.09541268780076616
363,4,10,150,89,0.21862978877358352
364,4,10,150,89,0.0
365,4,10,150,89,0.03956979699823825
366,4,10,150,89,0.0
367,4,10,150,89,0.07630862162354303
368,4,10,150,89,0.0
369,4,10,150,89,0.0
370,4,10,150,89,0.13479984916817475
371,4,10,150,89,0.22569563125869263
372,4,10,150,89,0.03657576498735172
373,4,10,150,89,0.08627719815628208
374,4,10,150,89,0.09834160864069898
375,4,10,150,89,0.0
376,4,10,150,89,0.0
377,4,10,150,89,0.08010929472340098
378,4,10,150,89,0.22286015690950103
379,4,10,150,89,0.1665016263976196
380,4,10,150,89,0.0
381,4,10,150,89,0.09118180877280627
382,4,10,150,89,0.0
383,4,10,150,89,0.0848644637410381
384,4,10,150,89,0.0
385,4,10,150,89,0.0
386,4,10,150,89,0.0
387,4,10,150,89,0.11497906462099297
388,4,10,150,89,0.04511904280884329
389,4,10,150,89,0.17394090433083284
390,4,10,150,89,0.0
391,4,10,150,89,0.2137247802747043
392,4,10,150,89,0.056679935917756406
393,4,10,150,89,0.06677476047860295
394,4,10,150,89,0.11073655428626575
395,4,10,150,89,0.09179488000267515
396,4,10,150,89,0.0
397,4,10,150,89,0.2710147943938467
398,4,10,150,89,0.18852571653533698
399,4,10,150,89,0.07594334672458623
400,4,10,150,89,0.0
401,4,10,150,89,0.0
402,4,10,150,89,0.08963222225173058
403,4,10,150,89,0.1586673445830345
404,4,10,150,89,0.0
405,4,10,150,89,0.06667735269275575
406,4,10,150,89,0.20956416940551098
407,4,10,150,89,0.08088217699131102
408,4,10,150,89,0.0
409,4,10,150,89,0.12740448328320192
410,4,10,150,89,0.0
411,4,10,150,89,0.0
412,4,10,150,89,0.0
413,4,10,150,89,0.041646268351119564
414,4,10,150,89,0.0
415,4,10,150,89,0.15103391472831218
416,4,10,150,89,0.23166052731397035
417,4,10,150,89,0.09850508837083022
418,4,10,150,89,0.0
419,4,10,150,89,0.1208113026994942
420,4,10,150,89,0.06052048269976269
421,4,10,150,89,0.19620555836557932
422,4,10,150,89,0.07550298029238112
423,4,10,150,89,0.053845569940583225
424,4,10,150,89,0.2766918177656049
425,4,10,150,89,0.1674157226455415
426,4,10,150,89,0.040759261617270684
427,4,10,150,89,0.07466168586864165
428,4,10,150,89,0.04415960465480069
429,4,10,150,89,0.14355264986043786
430,4,10,150,89,0.0
431,4,10,150,89,0.0
432,4,10,150,89,0.05789711601244791
433,4,10,150,89,0.05780921899607981
434,4,10,150,89,0.2562151231304954
435,4,10,150,89,0.18254689597780008
436,4,10,150,89,0.0
437,4,10,150,89,0.1246139643684977
438,4,10,150,89,0.0
439,4,10,150,89,0.10863976191957724
440,4,10,150,89,0.0
441,4,10,150,89,0.07736100002633538
442,4,10,150,89,0.040949887133979804
443,4,10,150,89,0.06783204105472322
444,4,10,150,89,0.1312721899408984
445,4,10,150,89,0.0
446,4,10,150,89,0.0
447,4,10,150,89,0.16246725303708914
448,4,10,150,89,0.0
449,4,10,150,89,0.1882329728596757
450,4,10,150,89,0.22658520452239728
451,4,10,150,89,0.06148915918944534
452,4,10,150,89,0.10773098771530253
453,4,10,150,89,0.0
454,4,10,150,89,0.015175188400892194
455,4,10,150,89,0.11201222307971222
456,4,10,150,89,0.018650043077523788
457,4,10,150,89,0.31128444613224265
458,4,10,150,89,0.06982799741808067
459,4,10,150,89,0.0
460,4,10,150,89,0.05184030722866645
461,4,10,150,89,0.05428363317977833
462,4,10,150,89,0.0
463,4,10,150,89,0.11987424504051505
464,4,10,150,89,0.027878824909352323
465,4,10,150,89,0.036206233555619735
466,4,10,150,89,0.0
467,4,10,150,89,0.07807600999842033
468,4,10,150,89,0.11455543964849552
469,4,10,150,89,0.05165643482805862
470,4,10,150,89,0.0
471,4,10,150,89,0.0
472,4,10,150,89,0.13402286793172438
473,4,10,150,89,0.06140244428718695
474,4,10,150,89,0.24593822460513717
475,4,10,150,89,0.0
476,4,10,150,89,0.0
477,4,10,150,89,0.0
478,4,10,150,89,0.2345109835167376
479,4,10,150,89,0.10172348796286074
480,4,10,150,89,0.0741070054529978
481,4,10,150,89,0.13102204196909084
482,4,10,150,89,0.0
483,4,10,150,89,0.05658242244874664
484,4,10,150,89,0.29539974213048126
485,4,10,150,89,0.0
486,4,10,150,89,0.0
487,4,10,150,89,0.09557986065110975
488,4,10,150,89,0.0
489,4,10,150,89,0.04327665636516388
490,4,10,150,89,0.0
491,4,10,150,89,0.14208678740137623
492,4,10,150,89,0.0
493,4,10,150,89,0.16765112971402235
494,4,10,150,89,0.0
495,4,10,150,89,0.17949652011459483
496,4,10,150,89,0.10506396802211523
497,4,10,150,89,0.08955573351991261
498,4,10,150,89,0.0
499,4,10,150,89,0.07269358580389043
500,4,10,150,89,0.09541527213731128
501,4,10,150,89,0.0
502,4,10,150,89,0.0
503,4,10,150,89,0.14751372936063614
504,4,10,150,89,0.08148269775823089
505,4,10,150,89,0.07379217622092994
506,4,10,150,89,0.18325792458363765
507,4,10,150,89,0.05319635904163211
508,4,10,150,89,0.0
509,4,10,150,89,0.0
510,4,10,150,89,0.0
511,4,10,150,89,0.08495943917278885
512,4,10,150,89,0.05478392673173268
513,4,10,150,89,0.0
514,4,10,150,89,0.27252722616773445
515,4,10,150,89,0.11706259313796354
516,4,10,150,89,0.0
517,4,10,150,89,0.08878770367712427
518,4,10,150,89,0.0
519,4,10,150,89,0.0
520,4,10,150,89,0.0
521,4,10,150,89,0.09850628252086785
522,4,10,150,89,0.16015986784807879
523,4,10,150,89,0.05782495986511108
524,4,10,150,89,0.1388155168339688
525,4,10,150,89,0.0
526,4,10,150,89,0.15355181494703254
527,4,10,150,89,0.1636135858112592
528,4,10,150,89,0.10209739512291163
529,4,10,150,89,0.0
530,4,10,150,89,0.0
531,4,10,150,89,0.1517763576041802
532,4,10,150,89,0.28643669413521805
533,4,10,150,89,0.11557545112991054
534,4,10,150,89,0.15271774407237912
535,4,10,150,89,0.15258506350829476
536,4,10,150,89,0.15105160768725473
537,4,10,150,89,0.2890972103205875
538,4,10,150,89,0.14697776980950736
539,4,10,150,89,0.118966869440927
540,4,10,150,89,0.0
541,4,10,150,89,0.0586415067779619
542,4,10,150,89,0.07034465017648367
543,4,10,150,89,0.10658822866425441
544,4,10,150,89,0.05282936728943967
545,4,10,150,89,0.02244213465825961
546,4,10,150,89,0.05758752804519195
547,4,10,150,89,0.0
548,4,10,150,89,0.14714570243929503
549,4,10,150,89,0.0
550,4,10,150,89,0.08775411958203361
551,4,10,150,89,0.10128126837397917
552,4,10,150,89,0.1205344274731702
553,4,10,150,89,0.07411563356774664
554,4,10,150,89,0.1458276977055391
555,4,10,150,89,0.0
556,4,10,150,89,0.07660623398069263
557,4,10,150,89,0.031742154565302834
558,4,10,150,89,0.08878770367712427
559,4,10,150,89,0.09986350037763675
560,4,10,150,89,0.09375790921485552
561,4,10,150,89,0.14725545437769655
562,4,10,150,89,0.07930308311174379
563,4,10,150,89,0.0
564,4,10,150,89,0.15437610727371853
565,4,10,150,89,0.0
566,4,10,150,89,0.03579489106983033
567,4,10,150,89,0.18012958144409966
568,4,10,150,89,0.036155150901276155
569,4,10,150,89,0.18299769260789403
570,4,10,150,89,0.0
571,4,10,150,89,0.04988426711147283
572,4,10,150,89,0.16812753627111746
573,4,10,150,89,0.06437746926759551
574,4,10,150,89,0.051811563545175146
575,4,10,150,89,0.0
576,4,10,150,89,0.0
577,4,10,150,89,0.2181315616010628
578,4,10,150,89,0.05006331611131463
579,4,10,150,89,0.029371016515430802
580,4,10,150,89,0.17202958801773222
581,4,10,150,89,0.14348105418014392
582,4,10,150,89,0.03190895161277091
583,4,10,150,89,0.05364822253323318
584,4,10,150,89,0.06323567569191428
585,4,10,150,89,0.04173963774222741
586,4,10,150,89,0.05786021189691368
587,4,10,150,89,0.019492972026130224
588,4,10,150,89,0.1626111040880965
589,4,10,150,89,0.0
590,4,10,150,89,0.053845569940583225
591,4,10,150,89,0.047298896168385694
592,4,10,150,89,0.34229291295940956
593,4,10,150,89,0.07711036365720102
594,4,10,150,89,0.044551000676675064
595,4,10,150,89,0.10296141646738245
596,4,10,150,89,0.0
597,4,10,150,89,0.27101620591530523
598,4,10,150,89,0.0684591776394769
599,4,10,150,89,0.047338452314727386
600,4,10,150,89,0.09197011795311534
601,4,10,150,89,0.0
602,4,10,150,89,0.0
603,4,10,150,89,0.0
604,4,10,150,89,0.0
605,4,10,150,89,0.26275270116262744
606,4,10,150,89,0.1839502972074742
607,4,10,150,89,0.08673473912838402
608,4,10,150,89,0.12209659098915113
609,4,10,150,89,0.0
610,4,10,150,89,0.2146842601596213
611,4,10,150,89,0.07624568872860434
612,4,10,150,89,0.0
613,4,10,150,89,0.08385150490449667
614,4,10,150,89,0.0
615,4,10,150,89,0.04919117729584568
616,4,10,150,89,0.03618657486793958
617,4,10,150,89,0.0
618,4,10,150,89,0.15081559407910244
619,4,10,150,89,0.12363660028711727
620,4,10,150,89,0.159486715201797
621,4,10,150,89,0.11278207190006835
622,4,10,150,89,0.18241748250491993
623,4,10,150,89,0.2117125497194188
624,4,10,150,89,0.08019069792665304
625,4,10,150,89,0.0
626,4,10,150,89,0.06228974831361337
627,4,10,150,89,0.06945233499530101
628,4,10,150,89,0.03461894863592259
629,4,10,150,89,0.19194057324582506
630,4,10,150,89,0.15874779570678058
631,4,10,150,89,0.0
632,4,10,150,89,0.12112269717167994
633,4,10,150,89,0.11499138576948859
634,4,10,150,89,0.05294832419446749
635,4,10,150,89,0.04546401530948942
636,4,10,150,89,0.11426572661305327
637,4,10,150,89,0.01928973283308616
638,4,10,150,89,0.09712868482236708
639,4,10,150,89,0.03138892079718151
640,4,10,150,89,0.10536866733091729
641,4,10,150,89,0.10427070662550339
642,4,10,150,89,0.12716829000393493
643,4,10,150,89,0.11071279041815515
644,4,10,150,89,0.04935421935348238
645,4,10,150,89,0.17581821458755492
646,4,10,150,89,0.0
647,4,10,150,89,0.05363388010108191
648,4,10,150,89,0.13978583123947036
649,4,10,150,89,0.15489949502599
650,4,10,150,89,0.13574218972482194
651,4,10,150,89,0.0
652,4,10,150,89,0.08156220960446063
653,4,10,150,89,0.0906036790514784
654,4,10,150,89,0.21255442687635834
655,4,10,150,89,0.2551556189446381
656,4,10,150,89,0.07397229644086958
657,4,10,150,89,0.04140815094666367
658,4,10,150,89,0.2625403796417579
659,4,10,150,89,0.08781544355121487
660,4,10,150,89,0.13549488625249415
661,4,10,150,89,0.08605775303302886
662,4,10,150,89,0.0512644431393966
663,4,10,150,89,0.24026856780584893
664,4,10,150,89,0.28517362059082263
665,4,10,150,89,0.0
666,4,10,150,89,0.15654057249001205
667,4,10,150,89,0.31347596517570553
668,4,10,150,89,0.06194403202282284
669,4,10,150,89,0.1348578320198433
670,4,10,150,89,0.09267469812912739
671,4,10,150,89,0.22329352092456306
672,4,10,150,89,0.03603026685992244
673,4,10,150,89,0.14837758007547783
674,4,10,150,89,0.11338915993603582
675,4,10,150,89,0.0
676,4,10,150,89,0.2786979045104278
677,4,10,150,89,0.03314040476303028
678,4,10,150,89,0.03824432123396675
679,4,10,150,89,0.15527711509166947
680,4,10,150,89,0.11377863936243801
681,4,10,150,89,0.0
682,4,10,150,89,0.17709907369883937
683,4,10,150,89,0.0
684,4,10,150,89,0.06573003977381581
685,4,10,150,89,0.1906465758273748
686,4,10,150,89,0.1682282387290392
687,4,10,150,89,0.0
688,4,10,150,89,0.13095683635706423
689,4,10,150,89,0.2385743953554933
690,4,10,150,89,0.13588374412508233
691,4,10,150,89,0.13843129503711957
692,4,10,150,89,0.1753901755134814
693,4,10,150,89,0.0
694,4,10,150,89,0.2448812985235888
695,4,10,150,89,0.03629635962013474
696,4,10,150,89,0.039725595076707886
697,4,10,150,89,0.04239477130634912
698,4,10,150,89,0.041937660325009396
699,4,10,150,89,0.11291908148098284
700,4,10,150,89,0.12729890218214104
701,4,10,150,89,0.11497698281480273
702,4,10,150,89,0.037715680681715956
703,4,10,150,89,0.14202859508692728
704,4,10,150,89,0.2737585707060089
705,4,10,150,89,0.22667088038444094
706,4,10,150,89,0.04395738023645723
707,4,10,150,89,0.06313664925364729
708,4,10,150,89,0.12228634424244818
709,4,10,150,89,0.13472082394875662
710,4,10,150,89,0.10695361352497157
711,4,10,150,89,0.18133007201622714
712,4,10,150,89,0.15511023313323485
713,4,10,150,89,0.1468735732232516
714,4,10,150,89,0.03441184191455828
715,4,10,150,89,0.0
716,4,10,150,89,0.19834913453419498
717,4,10,150,89,0.09054670163637572
718,4,10,150,89,0.035328385129692476
719,4,10,150,89,0.09883437846193516
720,4,10,150,89,0.0
721,4,10,150,89,0.1850388725092322
722,4,10,150,89,0.06556429791586475
723,4,10,150,89,0.0
724,4,10,150,89,0.0
725,4,10,150,89,0.0
726,4,10,150,89,0.05010834716923557
727,4,10,150,89,0.11968657492519692
728,4,10,150,89,0.09627818061559096
729,4,10,150,89,0.10447105830830586
730,4,10,150,89,0.02601736765943984
731,4,10,150,89,0.14717311932656024
732,4,10,150,89,0.0
733,4,10,150,89,0.14514596345398123
734,4,10,150,89,0.0
735,4,10,150,89,0.0
736,4,10,150,89,0.03351972906068008
737,4,10,150,89,0.1138970555583582
738,4,10,150,89,0.13922998739868644
739,4,10,150,89,0.03855307727568851
740,4,10,150,89,0.0
741,4,10,150,89,0.05358697798864893
742,4,10,150,89,0.0488929053971083
743,4,10,150,89,0.09946096543827337
744,4,10,150,89,0.03596673601130318
745,4,10,150,89,0.03520132288421838
746,4,10,150,89,0.25743994347908983
747,4,10,150,89,0.3818794010962195
748,4,10,150,89,0.09621648119325965
749,4,10,150,89,0.13376050902699294
750,4,10,150,89,0.07184731398235064
751,4,10,150,89,0.08554799479006837
752,4,10,150,89,0.04389473417066348
753,4,10,150,89,0.15780803084928155
754,4,10,150,89,0.0
755,4,10,150,89,0.03855371268423985
756,4,10,150,89,0.031104745345423533
757,4,10,150,89,0.02032489047902012
758,4,10,150,89,0.27791170684833233
759,4,10,150,89,0.11006100937916612
760,4,10,150,89,0.03004859059698017
761,4,10,150,89,0.06869287000000811
762,4,10,150,89,0.051960280791503534
763,4,10,150,89,0.05892228941894017
764,4,10,150,89,0.08946696896639536
765,4,10,150,89,0.15066101840234988
766,4,10,150,89,0.04476098449293134
767,4,10,150,89,0.13884445379214724
768,4,10,150,89,0.08438032815655525
769,4,10,150,89,0.0
770,4,10,150,89,0.21464739068424896
771,4,10,150,89,0.32869562799119006
772,4,10,150,89,0.17356150297482983
773,4,10,150,89,0.08696710392235718
774,4,10,150,89,0.049444406095339996
775,4,10,150,89,0.038478285726379145
776,4,10,150,89,0.15403842856019037
777,4,10,150,89,0.0
778,4,10,150,89,0.1631238413472767
779,4,10,150,89,0.0
780,4,10,150,89,0.1424788567451383
781,4,10,150,89,0.2016539629141292
782,4,10,150,89,0.03410286253729913
783,4,10,150,89,0.0
784,4,10,150,89,0.029814614753779622
785,4,10,150,89,0.0
786,4,10,150,89,0.0
787,4,10,150,89,0.0
788,4,10,150,89,0.20786703806744036
789,4,10,150,89,0.08809718769055445
790,4,10,150,89,0.06600624486586183
791,4,10,150,89,0.04465281017341861
792,4,10,150,89,0.08944329533390502
793,4,10,150,89,0.0
794,4,10,150,89,0.10897057992481973
795,4,10,150,89,0.07614504861587336
796,4,10,150,89,0.3120222867759758
797,4,10,150,89,0.11278903329502893
798,4,10,150,89,0.032745102142816895
799,4,10,150,89,0.030246823655067756
800,4,10,150,89,0.11630324553959151
801,4,10,150,89,0.1561471668577559
802,4,10,150,89,0.06960082070980815
803,4,10,150,89,0.10569353498973794
804,4,10,150,89,0.10629967319910841
805,4,10,150,89,0.10134026190528114
806,4,10,150,89,0.2959152150106387
807,4,10,150,89,0.10712329127351711
808,4,10,150,89,0.1025417224926713
809,4,10,150,89,0.10356976056061801
810,4,10,150,89,0.17634899502333787
811,4,10,150,89,0.06806289116376577
812,4,10,150,89,0.09594989011285139
813,4,10,150,89,0.0
814,4,10,150,89,0.034616222155696735
815,4,10,150,89,0.18660881389796213
816,4,10,150,89,0.0
817,4,10,150,89,0.0
818,4,10,150,89,0.05516788910004661
819,4,10,150,89,0.037210602758860095
820,4,10,150,89,0.0787987754690289
821,4,10,150,89,0.302950268110492
822,4,10,150,89,0.05548928785951652
823,4,10,150,89,0.19825193631094293
824,4,10,150,89,0.05046096657376444
825,4,10,150,89,0.08238190489603152
826,4,10,150,89,0.17593166652195671
827,4,10,150,89,0.0
828,4,10,150,89,0.05745618865524075
829,4,10,150,89,0.1751347628439014
830,4,10,150,89,0.21673727180406585
831,4,10,150,89,0.21058943716644085
832,4,10,150,89,0.0
833,4,10,150,89,0.14375139240772417
834,4,10,150,89,0.2706897351446418
835,4,10,150,89,0.2282338502278767
836,4,10,150,89,0.22113373377912962
837,4,10,150,89,0.05665916465450996
838,4,10,150,89,0.27895398740912175
839,4,10,150,89,0.10730655186373157
840,4,10,150,89,0.3283539531401269
841,4,10,150,89,0.06507217400164225
842,4,10,150,89,0.03947561302344988
843,4,10,150,89,0.00823311613330728
844,4,10,150,89,0.05872188515498603
845,4,10,150,89,0.0
846,4,10,150,89,0.32459231960148943
847,4,10,150,89,0.05107153900660915
848,4,10,150,89,0.11365679339285037
849,4,10,150,89,0.07738342520054953
850,4,10,150,89,0.29160326485645294
851,4,10,150,89,0.06520552028363663
852,4,10,150,89,0.26227118260874954
853,4,10,150,89,0.0
854,4,10,150,89,0.07458644976587835
855,4,10,150,89,0.03638796155629422
856,4,10,150,89,0.037110354711564805
857,4,10,150,89,0.0
858,4,10,150,89,0.10250982096838526
859,4,10,150,89,0.05070263548706836
860,4,10,150,89,0.12431618373412671
861,4,10,150,89,0.06460834446248033
862,4,10,150,89,0.17089717348642833
863,4,10,150,89,0.06336841123297353
864,4,10,150,89,0.36446168035184556
865,4,10,150,89,0.11652577583309928
866,4,10,150,89,0.16283687678415507
867,4,10,150,89,0.2514245035922961
868,4,10,150,89,0.1803007771069157
869,4,10,150,89,0.08067880958900249
870,4,10,150,89,0.2205233202425255
871,4,10,150,89,0.07012986265386374
872,4,10,150,89,0.02804794621397926
873,4,10,150,89,0.0
874,4,10,150,89,0.13944914190808633
875,4,10,150,89,0.17307899610640343
876,4,10,150,89,0.08671382849411972
877,4,10,150,89,0.0835317778614811
878,4,10,150,89,0.1706804422753891
879,4,10,150,89,0.03963466998423315
880,4,10,150,89,0.2905692249084885
881,4,10,150,89,0.09862726980324887
882,4,10,150,89,0.2238061440578927
883,4,10,150,89,0.26760026638068735
884,4,10,150,89,0.11407805705099587
885,4,10,150,89,0.04536087033637415
886,4,10,150,89,0.1625732991107975
887,4,10,150,89,0.10214828088611402
888,4,10,150,89,0.11625487663628292
889,4,10,150,89,0.009060837941159316
890,4,10,150,89,0.11434431442033766
891,4,10,150,89,0.10491091696774645
892,4,10,150,89,0.2455191816579957
893,4,10,150,89,0.146669204611781
894,4,10,150,89,0.09363712192801799
895,4,10,150,89,0.0
896,4,10,150,89,0.25175863427904166
897,4,10,150,89,0.3071672815592065
898,4,10,150,89,0.0
899,4,10,150,89,0.05684415375822261
900,4,10,150,89,0.055315677011973347
901,4,10,150,89,0.23198521014469126
902,4,10,150,89,0.05978585424799658
903,4,10,150,89,0.24651430146847014
904,4,10,150,89,0.0
905,4,10,150,89,0.0
906,4,10,150,89,0.10407444169186962
907,4,10,150,89,0.08460920127967277
908,4,10,150,89,0.06892767477436933
909,4,10,150,89,0.0
910,4,10,150,89,0.02138152805479416
911,4,10,150,89,0.14690565417489143
912,4,10,150,89,0.17642343579737088
913,4,10,150,89,0.08380195844185999
914,4,10,150,89,0.0
915,4,10,150,89,0.0
916,4,10,150,89,0.20743404472606145
917,4,10,150,89,0.0
918,4,10,150,89,0.043627084055128
919,4,10,150,89,0.08116731712468818
920,4,10,150,89,0.0
921,4,10,150,89,0.15405864814296488
922,4,10,150,89,0.1280645281724967
923,4,10,150,89,0.04031825574984845
924,4,10,150,89,0.018280262702529162
925,4,10,150,89,0.032527050404589315
926,4,10,150,89,0.0
927,4,10,150,89,0.12527716133750888
928,4,10,150,89,0.1873259908039563
929,4,10,150,89,0.25163227912988373
930,4,10,150,89,0.032298243696638564
931,4,10,150,89,0.08679587898287541
932,4,10,150,89,0.26581896687705886
933,4,10,150,89,0.13752245444306133
934,4,10,150,89,0.10071040486185964
935,4,10,150,89,0.04173963774222741
936,4,10,150,89,0.1321191921354211
937,4,10,150,89,0.030246823655067756
938,4,10,150,89,0.1661428141234511
939,4,10,150,89,0.02916862694666808
940,4,10,150,89,0.06437895678401931
941,4,10,150,89,0.0
942,4,10,150,89,0.12154822122445835
943,4,10,150,89,0.20163692230838232
1,4,10,150,90,0.4058715898896693
2,4,10,150,90,0.06250343848035038
3,4,10,150,90,0.0
4,4,10,150,90,0.0
5,4,10,150,90,0.040209635547393256
6,4,10,150,90,0.27020011346731576
7,4,10,150,90,0.3507427912641652
8,4,10,150,90,0.0
9,4,10,150,90,0.21840743681816419
10,4,10,150,90,0.21491451057814584
11,4,10,150,90,0.1722584975122812
12,4,10,150,90,0.0
13,4,10,150,90,0.23354755242906122
14,4,10,150,90,0.03963175841995263
15,4,10,150,90,0.05010834716923557
16,4,10,150,90,0.1394055771274295
17,4,10,150,90,0.12407735386140566
18,4,10,150,90,0.2651132679673976
19,4,10,150,90,0.0
20,4,10,150,90,0.0
21,4,10,150,90,0.0
22,4,10,150,90,0.11702382382650763
23,4,10,150,90,0.2686879793224394
24,4,10,150,90,0.0
25,4,10,150,90,0.12358102547512423
26,4,10,150,90,0.0
27,4,10,150,90,0.0
28,4,10,150,90,0.0
29,4,10,150,90,0.13455232720853103
30,4,10,150,90,0.0
31,4,10,150,90,0.0
32,4,10,150,90,0.0
33,4,10,150,90,0.0
35,4,10,150,90,0.10523285614729473
36,4,10,150,90,0.0
37,4,10,150,90,0.0
38,4,10,150,90,0.04739418218477539
39,4,10,150,90,0.0
40,4,10,150,90,0.10558114683788161
41,4,10,150,90,0.0
42,4,10,150,90,0.0683037314796457
43,4,10,150,90,0.22592974817952552
44,4,10,150,90,0.2044921015662719
45,4,10,150,90,0.05200670101006268
46,4,10,150,90,0.11284514134893527
47,4,10,150,90,0.06250343848035038
48,4,10,150,90,0.0
49,4,10,150,90,0.0
50,4,10,150,90,0.0
51,4,10,150,90,0.16812753627111746
52,4,10,150,90,0.0
54,4,10,150,90,0.04843244625481133
56,4,10,150,90,0.20383503459815738
57,4,10,150,90,0.3030555992505742
58,4,10,150,90,0.3717269535737058
59,4,10,150,90,0.31915425394541946
60,4,10,150,90,0.1505674224523334
61,4,10,150,90,0.07763867093308688
62,4,10,150,90,0.10440036542861637
63,4,10,150,90,0.0
64,4,10,150,90,0.04238468688770069
65,4,10,150,90,0.13012668333070054
66,4,10,150,90,0.0
67,4,10,150,90,0.0
68,4,10,150,90,0.4827392464262081
69,4,10,150,90,0.07673373981757839
70,4,10,150,90,0.0
71,4,10,150,90,0.046966485689931024
72,4,10,150,90,0.09048427472954688
73,4,10,150,90,0.0
74,4,10,150,90,0.0
75,4,10,150,90,0.049432410190049694
76,4,10,150,90,0.1301464707340554
77,4,10,150,90,0.10201115106436301
78,4,10,150,90,0.0
79,4,10,150,90,0.3183561588137008
80,4,10,150,90,0.0
81,4,10,150,90,0.0
82,4,10,150,90,0.19298623480417013
83,4,10,150,90,0.12089611529519323
84,4,10,150,90,0.05034889199379723
85,4,10,150,90,0.0
87,4,10,150,90,0.07100089300395272
89,4,10,150,90,0.2553387838830436
90,4,10,150,90,0.14035324954983075
91,4,10,150,90,0.05648147012627732
92,4,10,150,90,0.10542637391232386
93,4,10,150,90,0.0
94,4,10,150,90,0.1398942649682608
95,4,10,150,90,0.17287436926807473
96,4,10,150,90,0.10181164814261426
97,4,10,150,90,0.06462745615384195
98,4,10,150,90,0.0930297504356062
99,4,10,150,90,0.05658242244874664
100,4,10,150,90,0.0
101,4,10,150,90,0.0
102,4,10,150,90,0.02424726876918863
103,4,10,150,90,0.0
104,4,10,150,90,0.0
105,4,10,150,90,0.0
106,4,10,150,90,0.0
107,4,10,150,90,0.0
108,4,10,150,90,0.0
109,4,10,150,90,0.07103066762111539
110,4,10,150,90,0.0
111,4,10,150,90,0.0
112,4,10,150,90,0.05685954565780693
113,4,10,150,90,0.053168340515114924
114,4,10,150,90,0.0
115,4,10,150,90,0.10684080426179023
116,4,10,150,90,0.0
117,4,10,150,90,0.26646890433550474
118,4,10,150,90,0.0
119,4,10,150,90,0.24777925016776411
120,4,10,150,90,0.0
121,4,10,150,90,0.271985059917519
122,4,10,150,90,0.1530100230930498
123,4,10,150,90,0.07386004580671933
125,4,10,150,90,0.12702645795516354
126,4,10,150,90,0.06911917000496234
127,4,10,150,90,0.23132283185955704
128,4,10,150,90,0.0804528329814545
129,4,10,150,90,0.0
130,4,10,150,90,0.21603440505602572
131,4,10,150,90,0.06556385272536247
133,4,10,150,90,0.11047239495909743
134,4,10,150,90,0.0
135,4,10,150,90,0.0
137,4,10,150,90,0.1371200812351206
138,4,10,150,90,0.06140414576373613
139,4,10,150,90,0.0
141,4,10,150,90,0.038963097133338453
142,4,10,150,90,0.13373003436102654
143,4,10,150,90,0.1208996448617798
144,4,10,150,90,0.1227945149537572
145,4,10,150,90,0.1075804523117992
146,4,10,150,90,0.0
148,4,10,150,90,0.24915983520522694
149,4,10,150,90,0.0
150,4,10,150,90,0.10235170428306553
151,4,10,150,90,0.10702155329127065
152,4,10,150,90,0.040655755922716606
153,4,10,150,90,0.0
154,4,10,150,90,0.11753148666901318
155,4,10,150,90,0.0
156,4,10,150,90,0.0
158,4,10,150,90,0.17575552384613552
159,4,10,150,90,0.03310852000739229
160,4,10,150,90,0.0
161,4,10,150,90,0.0
162,4,10,150,90,0.04858102772529458
163,4,10,150,90,0.0
164,4,10,150,90,0.0
165,4,10,150,90,0.12114889742360979
166,4,10,150,90,0.0
167,4,10,150,90,0.06267320809766952
168,4,10,150,90,0.23504554941448536
169,4,10,150,90,0.11641320690977976
170,4,10,150,90,0.0
171,4,10,150,90,0.0
172,4,10,150,90,0.0
173,4,10,150,90,0.11302181651994404
174,4,10,150,90,0.08712841477105211
175,4,10,150,90,0.0
176,4,10,150,90,0.09511409151391914
177,4,10,150,90,0.06912040963822193
178,4,10,150,90,0.2437589399037192
179,4,10,150,90,0.06723507268634088
180,4,10,150,90,0.12262943855309168
181,4,10,150,90,0.062426915812405386
182,4,10,150,90,0.0
183,4,10,150,90,0.0
184,4,10,150,90,0.11356458502877588
185,4,10,150,90,0.07745351606183934
186,4,10,150,90,0.22147164648185297
187,4,10,150,90,0.08625091781054979
188,4,10,150,90,0.054384419234677496
189,4,10,150,90,0.23042891886703956
190,4,10,150,90,0.10699313236726378
191,4,10,150,90,0.0
192,4,10,150,90,0.0
193,4,10,150,90,0.039158662511086184
194,4,10,150,90,0.11592484831532757
195,4,10,150,90,0.0
196,4,10,150,90,0.0
197,4,10,150,90,0.05576624569167862
198,4,10,150,90,0.0
199,4,10,150,90,0.0
200,4,10,150,90,0.1350618908658632
201,4,10,150,90,0.12159237398356172
203,4,10,150,90,0.0
204,4,10,150,90,0.0
205,4,10,150,90,0.0
206,4,10,150,90,0.0
207,4,10,150,90,0.09412450373990706
209,4,10,150,90,0.0
210,4,10,150,90,0.09440608278107551
211,4,10,150,90,0.0
212,4,10,150,90,0.12681701683239352
213,4,10,150,90,0.2384146878320104
214,4,10,150,90,0.056720838976548935
215,4,10,150,90,0.0
216,4,10,150,90,0.06585783135342528
217,4,10,150,90,0.0
218,4,10,150,90,0.19092086617893467
219,4,10,150,90,0.0
221,4,10,150,90,0.3375735570145491
222,4,10,150,90,0.12476107276951183
223,4,10,150,90,0.03870447337439288
224,4,10,150,90,0.0
225,4,10,150,90,0.0
226,4,10,150,90,0.08080765379783027
227,4,10,150,90,0.0
228,4,10,150,90,0.0
229,4,10,150,90,0.0
230,4,10,150,90,0.23712439662683835
231,4,10,150,90,0.0
232,4,10,150,90,0.3234992853586256
233,4,10,150,90,0.0968152409481219
234,4,10,150,90,0.1481502210952491
235,4,10,150,90,0.06065881345112158
236,4,10,150,90,0.0
237,4,10,150,90,0.0
238,4,10,150,90,0.0
239,4,10,150,90,0.11792279130466408
240,4,10,150,90,0.05497526658285817
242,4,10,150,90,0.0
243,4,10,150,90,0.09267768927614353
244,4,10,150,90,0.15765545519871427
245,4,10,150,90,0.10704534003732354
246,4,10,150,90,0.11120150311654428
247,4,10,150,90,0.0
248,4,10,150,90,0.14830051302014485
249,4,10,150,90,0.31180658179892495
250,4,10,150,90,0.3503302816689379
251,4,10,150,90,0.0
252,4,10,150,90,0.0
253,4,10,150,90,0.05954496680255472
254,4,10,150,90,0.0
255,4,10,150,90,0.042447135269629226
256,4,10,150,90,0.18523592453564094
257,4,10,150,90,0.3305900772260718
258,4,10,150,90,0.07557488532248983
259,4,10,150,90,0.0
260,4,10,150,90,0.0
261,4,10,150,90,0.0
262,4,10,150,90,0.05029331645508228
263,4,10,150,90,0.18094314889157095
264,4,10,150,90,0.05840183867278569
265,4,10,150,90,0.10209739512291163
267,4,10,150,90,0.09794101962538232
268,4,10,150,90,0.19378306510498136
269,4,10,150,90,0.13223875150584097
270,4,10,150,90,0.046726672111120165
271,4,10,150,90,0.12276482551434069
272,4,10,150,90,0.14498698048571354
273,4,10,150,90,0.0
274,4,10,150,90,0.0
275,4,10,150,90,0.04605780568615433
276,4,10,150,90,0.20223032365941937
277,4,10,150,90,0.0
279,4,10,150,90,0.07923708494918187
280,4,10,150,90,0.03337620304869898
281,4,10,150,90,0.0
283,4,10,150,90,0.1292258709239571
284,4,10,150,90,0.0
285,4,10,150,90,0.1185995982858366
286,4,10,150,90,0.31887623993711317
287,4,10,150,90,0.11352455583778437
288,4,10,150,90,0.12538054736008386
289,4,10,150,90,0.13905617951077562
290,4,10,150,90,0.0
291,4,10,150,90,0.23494592513118112
292,4,10,150,90,0.12610583976873452
293,4,10,150,90,0.2344161202530718
294,4,10,150,90,0.04123398036294628
295,4,10,150,90,0.2670961153715764
296,4,10,150,90,0.5382063622180417
297,4,10,150,90,0.13535082686131417
298,4,10,150,90,0.19947114504638494
299,4,10,150,90,0.0
300,4,10,150,90,0.0
301,4,10,150,90,0.047934103497110726
303,4,10,150,90,0.12680868731260003
304,4,10,150,90,0.0
305,4,10,150,90,0.31514747987601716
306,4,10,150,90,0.0
307,4,10,150,90,0.1383141340724969
308,4,10,150,90,0.19205342317019936
309,4,10,150,90,0.0
310,4,10,150,90,0.0
311,4,10,150,90,0.08938791352906189
312,4,10,150,90,0.14069579419580536
313,4,10,150,90,0.14465709645474623
314,4,10,150,90,0.20285519102295546
315,4,10,150,90,0.0
316,4,10,150,90,0.04568304891751105
317,4,10,150,90,0.0
318,4,10,150,90,0.13815200906377123
319,4,10,150,90,0.0
320,4,10,150,90,0.0
321,4,10,150,90,0.062242588308449316
322,4,10,150,90,0.17342765698823945
323,4,10,150,90,0.14126697285982898
324,4,10,150,90,0.03555702818464106
325,4,10,150,90,0.0
326,4,10,150,90,0.0634222181618871
327,4,10,150,90,0.04302935573946656
328,4,10,150,90,0.1437524526514495
329,4,10,150,90,0.0
330,4,10,150,90,0.0536466452928127
331,4,10,150,90,0.16958010263680806
332,4,10,150,90,0.046679707512804314
333,4,10,150,90,0.0
334,4,10,150,90,0.0858345406672181
336,4,10,150,90,0.0
337,4,10,150,90,0.16716045496620227
338,4,10,150,90,0.05005165434923901
339,4,10,150,90,0.1344957225763306
340,4,10,150,90,0.0
341,4,10,150,90,0.0
342,4,10,150,90,0.2625072992734236
343,4,10,150,90,0.3094263721986468
344,4,10,150,90,0.23832550406045652
345,4,10,150,90,0.056149696530797676
346,4,10,150,90,0.13947804593499064
347,4,10,150,90,0.11116062301189339
348,4,10,150,90,0.071942683897578
349,4,10,150,90,0.07673373981757839
350,4,10,150,90,0.2065896325117088
351,4,10,150,90,0.0
352,4,10,150,90,0.0
353,4,10,150,90,0.0
354,4,10,150,90,0.051249224710132255
355,4,10,150,90,0.0
356,4,10,150,90,0.08406376813555873
357,4,10,150,90,0.05006331611131463
358,4,10,150,90,0.20438239758848611
359,4,10,150,90,0.0
360,4,10,150,90,0.09491042451242505
361,4,10,150,90,0.09622728274290568
362,4,10,150,90,0.1896300420144415
363,4,10,150,90,0.21862978877358352
364,4,10,150,90,0.0
365,4,10,150,90,0.03956979699823825
366,4,10,150,90,0.0
367,4,10,150,90,0.07630862162354303
368,4,10,150,90,0.0
369,4,10,150,90,0.0
370,4,10,150,90,0.13479984916817475
371,4,10,150,90,0.22569563125869263
372,4,10,150,90,0.03657576498735172
373,4,10,150,90,0.08627719815628208
374,4,10,150,90,0.09834160864069898
375,4,10,150,90,0.0
376,4,10,150,90,0.0
377,4,10,150,90,0.08010929472340098
378,4,10,150,90,0.22286015690950103
379,4,10,150,90,0.1665016263976196
380,4,10,150,90,0.0
381,4,10,150,90,0.09118180877280627
382,4,10,150,90,0.0
383,4,10,150,90,0.0848644637410381
384,4,10,150,90,0.0
385,4,10,150,90,0.0
386,4,10,150,90,0.0
387,4,10,150,90,0.11497906462099297
388,4,10,150,90,0.04511904280884329
389,4,10,150,90,0.17394090433083284
390,4,10,150,90,0.0
391,4,10,150,90,0.2137247802747043
392,4,10,150,90,0.056679935917756406
393,4,10,150,90,0.07902434057012214
394,4,10,150,90,0.11073655428626575
395,4,10,150,90,0.09179488000267515
396,4,10,150,90,0.0
397,4,10,150,90,0.2710147943938467
398,4,10,150,90,0.18852571653533698
399,4,10,150,90,0.07594334672458623
400,4,10,150,90,0.0
401,4,10,150,90,0.0
402,4,10,150,90,0.08963222225173058
403,4,10,150,90,0.1586673445830345
404,4,10,150,90,0.0
405,4,10,150,90,0.06667735269275575
406,4,10,150,90,0.20956416940551098
407,4,10,150,90,0.08088217699131102
408,4,10,150,90,0.0
409,4,10,150,90,0.12740448328320192
410,4,10,150,90,0.0
411,4,10,150,90,0.0
412,4,10,150,90,0.0
413,4,10,150,90,0.041646268351119564
414,4,10,150,90,0.0
415,4,10,150,90,0.15103391472831218
416,4,10,150,90,0.23166052731397035
417,4,10,150,90,0.09850508837083022
418,4,10,150,90,0.0
419,4,10,150,90,0.1208113026994942
420,4,10,150,90,0.06052048269976269
421,4,10,150,90,0.19620555836557932
422,4,10,150,90,0.07550298029238112
423,4,10,150,90,0.053845569940583225
424,4,10,150,90,0.2766918177656049
425,4,10,150,90,0.1674157226455415
426,4,10,150,90,0.040759261617270684
427,4,10,150,90,0.07466168586864165
428,4,10,150,90,0.04415960465480069
429,4,10,150,90,0.14355264986043786
430,4,10,150,90,0.0
431,4,10,150,90,0.0
432,4,10,150,90,0.05789711601244791
433,4,10,150,90,0.05780921899607981
434,4,10,150,90,0.2562151231304954
435,4,10,150,90,0.18254689597780008
436,4,10,150,90,0.0
437,4,10,150,90,0.1246139643684977
438,4,10,150,90,0.0
439,4,10,150,90,0.10863976191957724
440,4,10,150,90,0.0
441,4,10,150,90,0.07736100002633538
442,4,10,150,90,0.040949887133979804
443,4,10,150,90,0.06783204105472322
444,4,10,150,90,0.1312721899408984
445,4,10,150,90,0.0
446,4,10,150,90,0.0
447,4,10,150,90,0.16246725303708914
448,4,10,150,90,0.0
449,4,10,150,90,0.1882329728596757
450,4,10,150,90,0.22479248114426018
451,4,10,150,90,0.06148915918944534
452,4,10,150,90,0.10773098771530253
453,4,10,150,90,0.0
454,4,10,150,90,0.015175188400892194
455,4,10,150,90,0.11201222307971222
456,4,10,150,90,0.018650043077523788
457,4,10,150,90,0.31128444613224265
458,4,10,150,90,0.06982799741808067
459,4,10,150,90,0.0
460,4,10,150,90,0.05184030722866645
461,4,10,150,90,0.05428363317977833
462,4,10,150,90,0.0
463,4,10,150,90,0.11987424504051505
464,4,10,150,90,0.027878824909352323
465,4,10,150,90,0.036206233555619735
466,4,10,150,90,0.0
467,4,10,150,90,0.07807600999842033
468,4,10,150,90,0.11455543964849552
469,4,10,150,90,0.05165643482805862
470,4,10,150,90,0.0
471,4,10,150,90,0.0
472,4,10,150,90,0.13402286793172438
473,4,10,150,90,0.06140244428718695
474,4,10,150,90,0.24593822460513717
475,4,10,150,90,0.0
476,4,10,150,90,0.0
477,4,10,150,90,0.0
478,4,10,150,90,0.2345109835167376
479,4,10,150,90,0.10172348796286074
480,4,10,150,90,0.0741070054529978
481,4,10,150,90,0.13102204196909084
482,4,10,150,90,0.0
483,4,10,150,90,0.05658242244874664
484,4,10,150,90,0.29539974213048126
485,4,10,150,90,0.0
486,4,10,150,90,0.0
487,4,10,150,90,0.09557986065110975
488,4,10,150,90,0.0
489,4,10,150,90,0.04327665636516388
490,4,10,150,90,0.0
491,4,10,150,90,0.14208678740137623
492,4,10,150,90,0.0
493,4,10,150,90,0.16765112971402235
494,4,10,150,90,0.0
495,4,10,150,90,0.17949652011459483
496,4,10,150,90,0.10506396802211523
497,4,10,150,90,0.10180531361143179
498,4,10,150,90,0.0
499,4,10,150,90,0.07269358580389043
500,4,10,150,90,0.09541527213731128
501,4,10,150,90,0.0
502,4,10,150,90,0.0
503,4,10,150,90,0.16237935278338944
504,4,10,150,90,0.08148269775823089
505,4,10,150,90,0.07379217622092994
506,4,10,150,90,0.18325792458363765
507,4,10,150,90,0.05319635904163211
508,4,10,150,90,0.0
509,4,10,150,90,0.0
510,4,10,150,90,0.0
511,4,10,150,90,0.08495943917278885
512,4,10,150,90,0.05478392673173268
513,4,10,150,90,0.0
514,4,10,150,90,0.27252722616773445
515,4,10,150,90,0.11706259313796354
516,4,10,150,90,0.0
517,4,10,150,90,0.08878770367712427
518,4,10,150,90,0.0
519,4,10,150,90,0.0
520,4,10,150,90,0.0
521,4,10,150,90,0.09850628252086785
522,4,10,150,90,0.16015986784807879
523,4,10,150,90,0.05782495986511108
524,4,10,150,90,0.1388155168339688
525,4,10,150,90,0.0
526,4,10,150,90,0.15355181494703254
527,4,10,150,90,0.1636135858112592
528,4,10,150,90,0.10209739512291163
529,4,10,150,90,0.0
530,4,10,150,90,0.0
531,4,10,150,90,0.1517763576041802
532,4,10,150,90,0.29773995317245644
533,4,10,150,90,0.11557545112991054
534,4,10,150,90,0.15271774407237912
535,4,10,150,90,0.15258506350829476
536,4,10,150,90,0.15105160768725473
537,4,10,150,90,0.2868098971282351
538,4,10,150,90,0.14697776980950736
539,4,10,150,90,0.118966869440927
540,4,10,150,90,0.0
541,4,10,150,90,0.0586415067779619
542,4,10,150,90,0.07034465017648367
543,4,10,150,90,0.10658822866425441
544,4,10,150,90,0.05282936728943967
545,4,10,150,90,0.02244213465825961
546,4,10,150,90,0.05758752804519195
547,4,10,150,90,0.0
548,4,10,150,90,0.14714570243929503
549,4,10,150,90,0.0
550,4,10,150,90,0.08775411958203361
551,4,10,150,90,0.10128126837397917
552,4,10,150,90,0.1205344274731702
553,4,10,150,90,0.07411563356774664
554,4,10,150,90,0.1458276977055391
555,4,10,150,90,0.0
556,4,10,150,90,0.07660623398069263
557,4,10,150,90,0.031742154565302834
558,4,10,150,90,0.08878770367712427
559,4,10,150,90,0.09986350037763675
560,4,10,150,90,0.09375790921485552
561,4,10,150,90,0.14725545437769655
562,4,10,150,90,0.07930308311174379
563,4,10,150,90,0.0
564,4,10,150,90,0.15437610727371853
565,4,10,150,90,0.0
566,4,10,150,90,0.03579489106983033
567,4,10,150,90,0.18012958144409966
568,4,10,150,90,0.036155150901276155
569,4,10,150,90,0.18299769260789403
570,4,10,150,90,0.0
571,4,10,150,90,0.04988426711147283
572,4,10,150,90,0.16812753627111746
573,4,10,150,90,0.06437746926759551
574,4,10,150,90,0.051811563545175146
575,4,10,150,90,0.0
576,4,10,150,90,0.0
577,4,10,150,90,0.2181315616010628
578,4,10,150,90,0.05006331611131463
579,4,10,150,90,0.029371016515430802
580,4,10,150,90,0.17202958801773222
581,4,10,150,90,0.14348105418014392
582,4,10,150,90,0.03190895161277091
583,4,10,150,90,0.05364822253323318
584,4,10,150,90,0.06323567569191428
585,4,10,150,90,0.04173963774222741
586,4,10,150,90,0.05786021189691368
587,4,10,150,90,0.019492972026130224
588,4,10,150,90,0.1626111040880965
589,4,10,150,90,0.0
590,4,10,150,90,0.053845569940583225
591,4,10,150,90,0.047298896168385694
592,4,10,150,90,0.34229291295940956
593,4,10,150,90,0.07711036365720102
594,4,10,150,90,0.044551000676675064
595,4,10,150,90,0.10296141646738245
596,4,10,150,90,0.0
597,4,10,150,90,0.27101620591530523
598,4,10,150,90,0.0684591776394769
599,4,10,150,90,0.047338452314727386
600,4,10,150,90,0.09197011795311534
601,4,10,150,90,0.0
602,4,10,150,90,0.0
603,4,10,150,90,0.0
604,4,10,150,90,0.0
605,4,10,150,90,0.26275270116262744
606,4,10,150,90,0.1839502972074742
607,4,10,150,90,0.08673473912838402
608,4,10,150,90,0.12209659098915113
609,4,10,150,90,0.0
610,4,10,150,90,0.2146842601596213
611,4,10,150,90,0.07624568872860434
612,4,10,150,90,0.0
613,4,10,150,90,0.08385150490449667
614,4,10,150,90,0.0
615,4,10,150,90,0.04919117729584568
616,4,10,150,90,0.03618657486793958
617,4,10,150,90,0.0
618,4,10,150,90,0.15081559407910244
619,4,10,150,90,0.12363660028711727
620,4,10,150,90,0.159486715201797
621,4,10,150,90,0.11278207190006835
622,4,10,150,90,0.18241748250491993
623,4,10,150,90,0.2117125497194188
624,4,10,150,90,0.08019069792665304
625,4,10,150,90,0.0
626,4,10,150,90,0.06228974831361337
627,4,10,150,90,0.06945233499530101
628,4,10,150,90,0.03461894863592259
629,4,10,150,90,0.19194057324582506
630,4,10,150,90,0.15874779570678058
631,4,10,150,90,0.0
632,4,10,150,90,0.12112269717167994
633,4,10,150,90,0.11499138576948859
634,4,10,150,90,0.05294832419446749
635,4,10,150,90,0.04546401530948942
636,4,10,150,90,0.11426572661305327
637,4,10,150,90,0.01928973283308616
638,4,10,150,90,0.09712868482236708
639,4,10,150,90,0.03138892079718151
640,4,10,150,90,0.10536866733091729
641,4,10,150,90,0.10427070662550339
642,4,10,150,90,0.1359233084670957
643,4,10,150,90,0.11071279041815515
644,4,10,150,90,0.04935421935348238
645,4,10,150,90,0.17581821458755492
646,4,10,150,90,0.0
647,4,10,150,90,0.05363388010108191
648,4,10,150,90,0.13978583123947036
649,4,10,150,90,0.15489949502599
650,4,10,150,90,0.13574218972482194
651,4,10,150,90,0.0
652,4,10,150,90,0.08156220960446063
653,4,10,150,90,0.0906036790514784
654,4,10,150,90,0.21255442687635834
655,4,10,150,90,0.25313684881306986
656,4,10,150,90,0.07397229644086958
657,4,10,150,90,0.04140815094666367
658,4,10,150,90,0.2625403796417579
659,4,10,150,90,0.08781544355121487
660,4,10,150,90,0.13549488625249415
661,4,10,150,90,0.08605775303302886
662,4,10,150,90,0.0512644431393966
663,4,10,150,90,0.24026856780584893
664,4,10,150,90,0.28517362059082263
665,4,10,150,90,0.0
666,4,10,150,90,0.15654057249001205
667,4,10,150,90,0.31347596517570553
668,4,10,150,90,0.06194403202282284
669,4,10,150,90,0.1348578320198433
670,4,10,150,90,0.09267469812912739
671,4,10,150,90,0.22329352092456306
672,4,10,150,90,0.03603026685992244
673,4,10,150,90,0.14837758007547783
674,4,10,150,90,0.11338915993603582
675,4,10,150,90,0.0
676,4,10,150,90,0.2786979045104278
677,4,10,150,90,0.03314040476303028
678,4,10,150,90,0.03824432123396675
679,4,10,150,90,0.15527711509166947
680,4,10,150,90,0.11377863936243801
681,4,10,150,90,0.0
682,4,10,150,90,0.17569788049059107
683,4,10,150,90,0.0
684,4,10,150,90,0.06573003977381581
685,4,10,150,90,0.1906465758273748
686,4,10,150,90,0.1682282387290392
687,4,10,150,90,0.0
688,4,10,150,90,0.13095683635706423
689,4,10,150,90,0.2385743953554933
690,4,10,150,90,0.13588374412508233
691,4,10,150,90,0.13843129503711957
692,4,10,150,90,0.1753901755134814
693,4,10,150,90,0.0
694,4,10,150,90,0.2448812985235888
695,4,10,150,90,0.03629635962013474
696,4,10,150,90,0.039725595076707886
697,4,10,150,90,0.04239477130634912
698,4,10,150,90,0.041937660325009396
699,4,10,150,90,0.11291908148098284
700,4,10,150,90,0.12729890218214104
701,4,10,150,90,0.11497698281480273
702,4,10,150,90,0.037715680681715956
703,4,10,150,90,0.14202859508692728
704,4,10,150,90,0.2737585707060089
705,4,10,150,90,0.22667088038444094
706,4,10,150,90,0.04395738023645723
707,4,10,150,90,0.06313664925364729
708,4,10,150,90,0.12228634424244818
709,4,10,150,90,0.13472082394875662
710,4,10,150,90,0.10695361352497157
711,4,10,150,90,0.18133007201622714
712,4,10,150,90,0.15511023313323485
713,4,10,150,90,0.1468735732232516
714,4,10,150,90,0.03441184191455828
715,4,10,150,90,0.0
716,4,10,150,90,0.20652062322308584
717,4,10,150,90,0.09054670163637572
718,4,10,150,90,0.035328385129692476
719,4,10,150,90,0.09883437846193516
720,4,10,150,90,0.0
721,4,10,150,90,0.1850388725092322
722,4,10,150,90,0.06556429791586475
723,4,10,150,90,0.0
724,4,10,150,90,0.0
725,4,10,150,90,0.0
726,4,10,150,90,0.05010834716923557
727,4,10,150,90,0.11873962465379759
728,4,10,150,90,0.09627818061559096
729,4,10,150,90,0.10447105830830586
730,4,10,150,90,0.0478435080782347
731,4,10,150,90,0.14717311932656024
732,4,10,150,90,0.0
733,4,10,150,90,0.14514596345398123
734,4,10,150,90,0.0
735,4,10,150,90,0.0
736,4,10,150,90,0.03351972906068008
737,4,10,150,90,0.1138970555583582
738,4,10,150,90,0.13922998739868644
739,4,10,150,90,0.06276777357339133
740,4,10,150,90,0.0
741,4,10,150,90,0.05358697798864893
742,4,10,150,90,0.0488929053971083
743,4,10,150,90,0.09946096543827337
744,4,10,150,90,0.03596673601130318
745,4,10,150,90,0.03520132288421838
746,4,10,150,90,0.25743994347908983
747,4,10,150,90,0.3788580028923199
748,4,10,150,90,0.09621648119325965
749,4,10,150,90,0.13270220695422674
750,4,10,150,90,0.07184731398235064
751,4,10,150,90,0.08554799479006837
752,4,10,150,90,0.04389473417066348
753,4,10,150,90,0.15780803084928155
754,4,10,150,90,0.0
755,4,10,150,90,0.03855371268423985
756,4,10,150,90,0.031104745345423533
757,4,10,150,90,0.03006311680450147
758,4,10,150,90,0.27571289243335256
759,4,10,150,90,0.11006100937916612
760,4,10,150,90,0.03004859059698017
761,4,10,150,90,0.06869287000000811
762,4,10,150,90,0.08807782327857085
763,4,10,150,90,0.05892228941894017
764,4,10,150,90,0.08946696896639536
765,4,10,150,90,0.15066101840234988
766,4,10,150,90,0.04476098449293134
767,4,10,150,90,0.13884445379214724
768,4,10,150,90,0.08438032815655525
769,4,10,150,90,0.0
770,4,10,150,90,0.21464739068424896
771,4,10,150,90,0.32869562799119006
772,4,10,150,90,0.17356150297482983
773,4,10,150,90,0.08696710392235718
774,4,10,150,90,0.04905320604804627
775,4,10,150,90,0.038478285726379145
776,4,10,150,90,0.15403842856019037
777,4,10,150,90,0.0
778,4,10,150,90,0.1631238413472767
779,4,10,150,90,0.0
780,4,10,150,90,0.1424788567451383
781,4,10,150,90,0.2016539629141292
782,4,10,150,90,0.03410286253729913
783,4,10,150,90,0.0
784,4,10,150,90,0.029814614753779622
785,4,10,150,90,0.0
786,4,10,150,90,0.0
787,4,10,150,90,0.0
788,4,10,150,90,0.20622241127253071
789,4,10,150,90,0.08809718769055445
790,4,10,150,90,0.06548400892144747
791,4,10,150,90,0.04465281017341861
792,4,10,150,90,0.08944329533390502
793,4,10,150,90,0.0
794,4,10,150,90,0.10897057992481973
795,4,10,150,90,0.07614504861587336
796,4,10,150,90,0.30955359227678225
797,4,10,150,90,0.11278903329502893
798,4,10,150,90,0.04039794281112623
799,4,10,150,90,0.030246823655067756
800,4,10,150,90,0.11630324553959151
801,4,10,150,90,0.1561471668577559
802,4,10,150,90,0.06960082070980815
803,4,10,150,90,0.10569353498973794
804,4,10,150,90,0.10545863898580196
805,4,10,150,90,0.1005384661435187
806,4,10,150,90,0.2959152150106387
807,4,10,150,90,0.10712329127351711
808,4,10,150,90,0.1025417224926713
809,4,10,150,90,0.10356976056061801
810,4,10,150,90,0.17634899502333787
811,4,10,150,90,0.06806289116376577
812,4,10,150,90,0.09594989011285139
813,4,10,150,90,0.0
814,4,10,150,90,0.034616222155696735
815,4,10,150,90,0.18660881389796213
816,4,10,150,90,0.0
817,4,10,150,90,0.0
818,4,10,150,90,0.05516788910004661
819,4,10,150,90,0.037210602758860095
820,4,10,150,90,0.0787987754690289
821,4,10,150,90,0.302950268110492
822,4,10,150,90,0.05548928785951652
823,4,10,150,90,0.19825193631094293
824,4,10,150,90,0.05046096657376444
825,4,10,150,90,0.08238190489603152
826,4,10,150,90,0.17593166652195671
827,4,10,150,90,0.0
828,4,10,150,90,0.05745618865524075
829,4,10,150,90,0.1751347628439014
830,4,10,150,90,0.21673727180406585
831,4,10,150,90,0.21058943716644085
832,4,10,150,90,0.0
833,4,10,150,90,0.14261404329284136
834,4,10,150,90,0.2706897351446418
835,4,10,150,90,0.2282338502278767
836,4,10,150,90,0.22113373377912962
837,4,10,150,90,0.05665916465450996
838,4,10,150,90,0.27895398740912175
839,4,10,150,90,0.10730655186373157
840,4,10,150,90,0.3283539531401269
841,4,10,150,90,0.06507217400164225
842,4,10,150,90,0.03947561302344988
843,4,10,150,90,0.008167976400118574
844,4,10,150,90,0.05872188515498603
845,4,10,150,90,0.0
846,4,10,150,90,0.32993608924865575
847,4,10,150,90,0.05107153900660915
848,4,10,150,90,0.11365679339285037
849,4,10,150,90,0.07738342520054953
850,4,10,150,90,0.29160326485645294
851,4,10,150,90,0.06520552028363663
852,4,10,150,90,0.26227118260874954
853,4,10,150,90,0.0
854,4,10,150,90,0.081908245156034
855,4,10,150,90,0.03638796155629422
856,4,10,150,90,0.037110354711564805
857,4,10,150,90,0.0
858,4,10,150,90,0.10250982096838526
859,4,10,150,90,0.05070263548706836
860,4,10,150,90,0.12431618373412671
861,4,10,150,90,0.06460834446248033
862,4,10,150,90,0.17089717348642833
863,4,10,150,90,0.06336841123297353
864,4,10,150,90,0.3694900069177251
865,4,10,150,90,0.11652577583309928
866,4,10,150,90,0.16283687678415507
867,4,10,150,90,0.2514245035922961
868,4,10,150,90,0.17887425228638662
869,4,10,150,90,0.08067880958900249
870,4,10,150,90,0.2187785579909191
871,4,10,150,90,0.07012986265386374
872,4,10,150,90,0.02804794621397926
873,4,10,150,90,0.0
874,4,10,150,90,0.13944914190808633
875,4,10,150,90,0.17307899610640343
876,4,10,150,90,0.08671382849411972
877,4,10,150,90,0.0835317778614811
878,4,10,150,90,0.1706804422753891
879,4,10,150,90,0.03963466998423315
880,4,10,150,90,0.2882702652585917
881,4,10,150,90,0.09784693901037647
882,4,10,150,90,0.2238061440578927
883,4,10,150,90,0.27339495243429923
884,4,10,150,90,0.11407805705099587
885,4,10,150,90,0.04536087033637415
886,4,10,150,90,0.16128703262843325
887,4,10,150,90,0.10214828088611402
888,4,10,150,90,0.11625487663628292
889,4,10,150,90,0.008989149341557826
890,4,10,150,90,0.11434431442033766
891,4,10,150,90,0.10491091696774645
892,4,10,150,90,0.2455191816579957
893,4,10,150,90,0.146669204611781
894,4,10,150,90,0.09289627277197682
895,4,10,150,90,0.0
896,4,10,150,90,0.24976674080889547
897,4,10,150,90,0.3071672815592065
898,4,10,150,90,0.0
899,4,10,150,90,0.05684415375822261
900,4,10,150,90,0.055315677011973347
901,4,10,150,90,0.23198521014469126
902,4,10,150,90,0.05978585424799658
903,4,10,150,90,0.24651430146847014
904,4,10,150,90,0.0
905,4,10,150,90,0.0
906,4,10,150,90,0.10407444169186962
907,4,10,150,90,0.08460920127967277
908,4,10,150,90,0.06892767477436933
909,4,10,150,90,0.0
910,4,10,150,90,0.02138152805479416
911,4,10,150,90,0.14690565417489143
912,4,10,150,90,0.1958275913448339
913,4,10,150,90,0.08380195844185999
914,4,10,150,90,0.0
915,4,10,150,90,0.0
916,4,10,150,90,0.20579284373861925
917,4,10,150,90,0.0
918,4,10,150,90,0.043627084055128
919,4,10,150,90,0.08116731712468818
920,4,10,150,90,0.0
921,4,10,150,90,0.15405864814296488
922,4,10,150,90,0.1280645281724967
923,4,10,150,90,0.04031825574984845
924,4,10,150,90,0.018280262702529162
925,4,10,150,90,0.032527050404589315
926,4,10,150,90,0.0
927,4,10,150,90,0.12527716133750888
928,4,10,150,90,0.1873259908039563
929,4,10,150,90,0.25163227912988373
930,4,10,150,90,0.032298243696638564
931,4,10,150,90,0.08679587898287541
932,4,10,150,90,0.26581896687705886
933,4,10,150,90,0.13752245444306133
934,4,10,150,90,0.10071040486185964
935,4,10,150,90,0.04173963774222741
936,4,10,150,90,0.1321191921354211
937,4,10,150,90,0.030246823655067756
938,4,10,150,90,0.1661428141234511
939,4,10,150,90,0.02916862694666808
940,4,10,150,90,0.0780057146847704
941,4,10,150,90,0.0
942,4,10,150,90,0.12154822122445835
943,4,10,150,90,0.20163692230838232
1,4,10,150,91,0.4058715898896693
2,4,10,150,91,0.06250343848035038
3,4,10,150,91,0.0
4,4,10,150,91,0.0
5,4,10,150,91,0.040209635547393256
6,4,10,150,91,0.27020011346731576
7,4,10,150,91,0.3507427912641652
8,4,10,150,91,0.0
9,4,10,150,91,0.21840743681816419
10,4,10,150,91,0.21491451057814584
11,4,10,150,91,0.1722584975122812
12,4,10,150,91,0.0
13,4,10,150,91,0.23354755242906122
14,4,10,150,91,0.03963175841995263
15,4,10,150,91,0.05010834716923557
16,4,10,150,91,0.1394055771274295
17,4,10,150,91,0.12407735386140566
18,4,10,150,91,0.2651132679673976
19,4,10,150,91,0.0
20,4,10,150,91,0.0
21,4,10,150,91,0.0
22,4,10,150,91,0.11702382382650763
23,4,10,150,91,0.2686879793224394
24,4,10,150,91,0.0
25,4,10,150,91,0.12358102547512423
26,4,10,150,91,0.0
27,4,10,150,91,0.0
28,4,10,150,91,0.0
29,4,10,150,91,0.13455232720853103
30,4,10,150,91,0.0
31,4,10,150,91,0.0
32,4,10,150,91,0.0
33,4,10,150,91,0.0
35,4,10,150,91,0.10523285614729473
36,4,10,150,91,0.15329048865267808
37,4,10,150,91,0.0
38,4,10,150,91,0.04739418218477539
39,4,10,150,91,0.0
40,4,10,150,91,0.10558114683788161
41,4,10,150,91,0.0
42,4,10,150,91,0.0683037314796457
43,4,10,150,91,0.22592974817952552
44,4,10,150,91,0.2044921015662719
45,4,10,150,91,0.05200670101006268
46,4,10,150,91,0.11284514134893527
47,4,10,150,91,0.06250343848035038
48,4,10,150,91,0.0
49,4,10,150,91,0.0
50,4,10,150,91,0.0
51,4,10,150,91,0.16812753627111746
52,4,10,150,91,0.0
54,4,10,150,91,0.04843244625481133
56,4,10,150,91,0.20383503459815738
57,4,10,150,91,0.3030555992505742
58,4,10,150,91,0.3717269535737058
59,4,10,150,91,0.31915425394541946
60,4,10,150,91,0.1505674224523334
61,4,10,150,91,0.07763867093308688
62,4,10,150,91,0.10440036542861637
63,4,10,150,91,0.0
64,4,10,150,91,0.04238468688770069
65,4,10,150,91,0.13012668333070054
66,4,10,150,91,0.0
67,4,10,150,91,0.0
68,4,10,150,91,0.4827392464262081
69,4,10,150,91,0.07673373981757839
70,4,10,150,91,0.0
71,4,10,150,91,0.046966485689931024
72,4,10,150,91,0.09048427472954688
73,4,10,150,91,0.0
74,4,10,150,91,0.0
75,4,10,150,91,0.049432410190049694
76,4,10,150,91,0.1301464707340554
77,4,10,150,91,0.10201115106436301
78,4,10,150,91,0.0
79,4,10,150,91,0.3183561588137008
80,4,10,150,91,0.0
81,4,10,150,91,0.0
82,4,10,150,91,0.19298623480417013
83,4,10,150,91,0.1569263624205769
84,4,10,150,91,0.05034889199379723
85,4,10,150,91,0.0
87,4,10,150,91,0.07100089300395272
89,4,10,150,91,0.2553387838830436
90,4,10,150,91,0.14035324954983075
91,4,10,150,91,0.05648147012627732
92,4,10,150,91,0.10542637391232386
93,4,10,150,91,0.0
94,4,10,150,91,0.1398942649682608
95,4,10,150,91,0.17287436926807473
96,4,10,150,91,0.10181164814261426
97,4,10,150,91,0.11661748975177716
98,4,10,150,91,0.0930297504356062
99,4,10,150,91,0.05658242244874664
100,4,10,150,91,0.0
101,4,10,150,91,0.0
102,4,10,150,91,0.02424726876918863
103,4,10,150,91,0.0
104,4,10,150,91,0.0
105,4,10,150,91,0.0
106,4,10,150,91,0.0
107,4,10,150,91,0.07193596522633457
108,4,10,150,91,0.0
109,4,10,150,91,0.07103066762111539
110,4,10,150,91,0.0
111,4,10,150,91,0.0
112,4,10,150,91,0.05685954565780693
113,4,10,150,91,0.053168340515114924
114,4,10,150,91,0.0
115,4,10,150,91,0.10684080426179023
116,4,10,150,91,0.0
117,4,10,150,91,0.26646890433550474
118,4,10,150,91,0.0
119,4,10,150,91,0.24777925016776411
120,4,10,150,91,0.0
121,4,10,150,91,0.271985059917519
122,4,10,150,91,0.19939609492576266
123,4,10,150,91,0.07386004580671933
125,4,10,150,91,0.12702645795516354
126,4,10,150,91,0.06911917000496234
127,4,10,150,91,0.23132283185955704
128,4,10,150,91,0.0804528329814545
129,4,10,150,91,0.0
130,4,10,150,91,0.21603440505602572
131,4,10,150,91,0.06556385272536247
133,4,10,150,91,0.11047239495909743
134,4,10,150,91,0.0
135,4,10,150,91,0.0
137,4,10,150,91,0.1371200812351206
138,4,10,150,91,0.06140414576373613
139,4,10,150,91,0.0
141,4,10,150,91,0.038963097133338453
142,4,10,150,91,0.13373003436102654
143,4,10,150,91,0.1208996448617798
144,4,10,150,91,0.1227945149537572
145,4,10,150,91,0.1075804523117992
146,4,10,150,91,0.0
148,4,10,150,91,0.24915983520522694
149,4,10,150,91,0.0
150,4,10,150,91,0.10235170428306553
151,4,10,150,91,0.10702155329127065
152,4,10,150,91,0.040655755922716606
153,4,10,150,91,0.0
154,4,10,150,91,0.11753148666901318
155,4,10,150,91,0.0
156,4,10,150,91,0.0
158,4,10,150,91,0.17575552384613552
159,4,10,150,91,0.03310852000739229
160,4,10,150,91,0.0
161,4,10,150,91,0.0
162,4,10,150,91,0.04858102772529458
163,4,10,150,91,0.0
164,4,10,150,91,0.0
165,4,10,150,91,0.12114889742360979
166,4,10,150,91,0.0
167,4,10,150,91,0.06267320809766952
168,4,10,150,91,0.23504554941448536
169,4,10,150,91,0.11641320690977976
170,4,10,150,91,0.0
171,4,10,150,91,0.0
172,4,10,150,91,0.0
173,4,10,150,91,0.11302181651994404
174,4,10,150,91,0.08712841477105211
175,4,10,150,91,0.0
176,4,10,150,91,0.09511409151391914
177,4,10,150,91,0.06912040963822193
178,4,10,150,91,0.2437589399037192
179,4,10,150,91,0.06723507268634088
180,4,10,150,91,0.12262943855309168
181,4,10,150,91,0.062426915812405386
182,4,10,150,91,0.0
183,4,10,150,91,0.0
184,4,10,150,91,0.11356458502877588
185,4,10,150,91,0.07745351606183934
186,4,10,150,91,0.22147164648185297
187,4,10,150,91,0.08625091781054979
188,4,10,150,91,0.054384419234677496
189,4,10,150,91,0.23042891886703956
190,4,10,150,91,0.10699313236726378
191,4,10,150,91,0.0
192,4,10,150,91,0.0
193,4,10,150,91,0.039158662511086184
194,4,10,150,91,0.11592484831532757
195,4,10,150,91,0.0
196,4,10,150,91,0.0
197,4,10,150,91,0.05576624569167862
198,4,10,150,91,0.0
199,4,10,150,91,0.0
200,4,10,150,91,0.1350618908658632
201,4,10,150,91,0.12159237398356172
203,4,10,150,91,0.0
204,4,10,150,91,0.0
205,4,10,150,91,0.0
206,4,10,150,91,0.0
207,4,10,150,91,0.09412450373990706
209,4,10,150,91,0.0
210,4,10,150,91,0.09440608278107551
211,4,10,150,91,0.0
212,4,10,150,91,0.12681701683239352
213,4,10,150,91,0.2384146878320104
214,4,10,150,91,0.056720838976548935
215,4,10,150,91,0.0
216,4,10,150,91,0.06585783135342528
217,4,10,150,91,0.0
218,4,10,150,91,0.19092086617893467
219,4,10,150,91,0.0
221,4,10,150,91,0.3375735570145491
222,4,10,150,91,0.12476107276951183
223,4,10,150,91,0.03870447337439288
224,4,10,150,91,0.0
225,4,10,150,91,0.0
226,4,10,150,91,0.08080765379783027
227,4,10,150,91,0.0
228,4,10,150,91,0.0
229,4,10,150,91,0.0
230,4,10,150,91,0.23712439662683835
231,4,10,150,91,0.0
232,4,10,150,91,0.3234992853586256
233,4,10,150,91,0.0968152409481219
234,4,10,150,91,0.1481502210952491
235,4,10,150,91,0.06065881345112158
236,4,10,150,91,0.0
237,4,10,150,91,0.0
238,4,10,150,91,0.0
239,4,10,150,91,0.11792279130466408
240,4,10,150,91,0.05497526658285817
242,4,10,150,91,0.0
243,4,10,150,91,0.09267768927614353
244,4,10,150,91,0.15765545519871427
245,4,10,150,91,0.10704534003732354
246,4,10,150,91,0.11120150311654428
247,4,10,150,91,0.0
248,4,10,150,91,0.14830051302014485
249,4,10,150,91,0.31180658179892495
250,4,10,150,91,0.3503302816689379
251,4,10,150,91,0.0
252,4,10,150,91,0.0
253,4,10,150,91,0.05954496680255472
254,4,10,150,91,0.0
255,4,10,150,91,0.042447135269629226
256,4,10,150,91,0.18523592453564094
257,4,10,150,91,0.3305900772260718
258,4,10,150,91,0.07557488532248983
259,4,10,150,91,0.0
260,4,10,150,91,0.0
261,4,10,150,91,0.0
262,4,10,150,91,0.05029331645508228
263,4,10,150,91,0.18094314889157095
264,4,10,150,91,0.05840183867278569
265,4,10,150,91,0.10209739512291163
267,4,10,150,91,0.09794101962538232
268,4,10,150,91,0.19378306510498136
269,4,10,150,91,0.13223875150584097
270,4,10,150,91,0.046726672111120165
271,4,10,150,91,0.12276482551434069
272,4,10,150,91,0.14498698048571354
273,4,10,150,91,0.0
274,4,10,150,91,0.0
275,4,10,150,91,0.04605780568615433
276,4,10,150,91,0.20223032365941937
277,4,10,150,91,0.0
279,4,10,150,91,0.07923708494918187
280,4,10,150,91,0.03337620304869898
281,4,10,150,91,0.0
283,4,10,150,91,0.1292258709239571
284,4,10,150,91,0.0
285,4,10,150,91,0.1185995982858366
286,4,10,150,91,0.31887623993711317
287,4,10,150,91,0.11352455583778437
288,4,10,150,91,0.12538054736008386
289,4,10,150,91,0.13905617951077562
290,4,10,150,91,0.0
291,4,10,150,91,0.23494592513118112
292,4,10,150,91,0.12610583976873452
293,4,10,150,91,0.2344161202530718
294,4,10,150,91,0.04123398036294628
295,4,10,150,91,0.2670961153715764
296,4,10,150,91,0.5382063622180417
297,4,10,150,91,0.13535082686131417
298,4,10,150,91,0.19947114504638494
299,4,10,150,91,0.0
300,4,10,150,91,0.0
301,4,10,150,91,0.047934103497110726
303,4,10,150,91,0.12680868731260003
304,4,10,150,91,0.0
305,4,10,150,91,0.31514747987601716
306,4,10,150,91,0.0
307,4,10,150,91,0.1383141340724969
308,4,10,150,91,0.19205342317019936
309,4,10,150,91,0.0
310,4,10,150,91,0.0
311,4,10,150,91,0.08938791352906189
312,4,10,150,91,0.14069579419580536
313,4,10,150,91,0.14465709645474623
314,4,10,150,91,0.20285519102295546
315,4,10,150,91,0.0
316,4,10,150,91,0.04568304891751105
317,4,10,150,91,0.0
318,4,10,150,91,0.13815200906377123
319,4,10,150,91,0.0
320,4,10,150,91,0.0
321,4,10,150,91,0.062242588308449316
322,4,10,150,91,0.17342765698823945
323,4,10,150,91,0.14126697285982898
324,4,10,150,91,0.03555702818464106
325,4,10,150,91,0.0
326,4,10,150,91,0.0634222181618871
327,4,10,150,91,0.04302935573946656
328,4,10,150,91,0.1437524526514495
329,4,10,150,91,0.0
330,4,10,150,91,0.0536466452928127
331,4,10,150,91,0.16958010263680806
332,4,10,150,91,0.046679707512804314
333,4,10,150,91,0.0
334,4,10,150,91,0.0858345406672181
336,4,10,150,91,0.0
337,4,10,150,91,0.16716045496620227
338,4,10,150,91,0.05005165434923901
339,4,10,150,91,0.1344957225763306
340,4,10,150,91,0.0
341,4,10,150,91,0.0
342,4,10,150,91,0.2625072992734236
343,4,10,150,91,0.3094263721986468
344,4,10,150,91,0.23832550406045652
345,4,10,150,91,0.056149696530797676
346,4,10,150,91,0.13947804593499064
347,4,10,150,91,0.11116062301189339
348,4,10,150,91,0.071942683897578
349,4,10,150,91,0.07673373981757839
350,4,10,150,91,0.2065896325117088
351,4,10,150,91,0.0
352,4,10,150,91,0.0
353,4,10,150,91,0.0
354,4,10,150,91,0.051249224710132255
355,4,10,150,91,0.0
356,4,10,150,91,0.08406376813555873
357,4,10,150,91,0.05006331611131463
358,4,10,150,91,0.20438239758848611
359,4,10,150,91,0.0
360,4,10,150,91,0.09491042451242505
361,4,10,150,91,0.09622728274290568
362,4,10,150,91,0.1896300420144415
363,4,10,150,91,0.21862978877358352
364,4,10,150,91,0.0
365,4,10,150,91,0.03956979699823825
366,4,10,150,91,0.0
367,4,10,150,91,0.07630862162354303
368,4,10,150,91,0.0
369,4,10,150,91,0.0
370,4,10,150,91,0.13479984916817475
371,4,10,150,91,0.22569563125869263
372,4,10,150,91,0.03657576498735172
373,4,10,150,91,0.08627719815628208
374,4,10,150,91,0.09834160864069898
375,4,10,150,91,0.0
376,4,10,150,91,0.0
377,4,10,150,91,0.08010929472340098
378,4,10,150,91,0.23716434174975232
379,4,10,150,91,0.1665016263976196
380,4,10,150,91,0.0
381,4,10,150,91,0.09118180877280627
382,4,10,150,91,0.0
383,4,10,150,91,0.0848644637410381
384,4,10,150,91,0.0
385,4,10,150,91,0.0
386,4,10,150,91,0.0
387,4,10,150,91,0.11497906462099297
388,4,10,150,91,0.04511904280884329
389,4,10,150,91,0.17394090433083284
390,4,10,150,91,0.0
391,4,10,150,91,0.2137247802747043
392,4,10,150,91,0.056679935917756406
393,4,10,150,91,0.07902434057012214
394,4,10,150,91,0.11073655428626575
395,4,10,150,91,0.09179488000267515
396,4,10,150,91,0.0
397,4,10,150,91,0.2710147943938467
398,4,10,150,91,0.18852571653533698
399,4,10,150,91,0.07594334672458623
400,4,10,150,91,0.0
401,4,10,150,91,0.0
402,4,10,150,91,0.08963222225173058
403,4,10,150,91,0.1586673445830345
404,4,10,150,91,0.0
405,4,10,150,91,0.06667735269275575
406,4,10,150,91,0.20956416940551098
407,4,10,150,91,0.08088217699131102
408,4,10,150,91,0.0
409,4,10,150,91,0.12740448328320192
410,4,10,150,91,0.0
411,4,10,150,91,0.0
412,4,10,150,91,0.0
413,4,10,150,91,0.041646268351119564
414,4,10,150,91,0.0
415,4,10,150,91,0.15103391472831218
416,4,10,150,91,0.23166052731397035
417,4,10,150,91,0.09850508837083022
418,4,10,150,91,0.0
419,4,10,150,91,0.1208113026994942
420,4,10,150,91,0.06052048269976269
421,4,10,150,91,0.19620555836557932
422,4,10,150,91,0.07550298029238112
423,4,10,150,91,0.053845569940583225
424,4,10,150,91,0.2766918177656049
425,4,10,150,91,0.1674157226455415
426,4,10,150,91,0.040759261617270684
427,4,10,150,91,0.07466168586864165
428,4,10,150,91,0.04415960465480069
429,4,10,150,91,0.14355264986043786
430,4,10,150,91,0.0
431,4,10,150,91,0.0
432,4,10,150,91,0.05789711601244791
433,4,10,150,91,0.05780921899607981
434,4,10,150,91,0.2562151231304954
435,4,10,150,91,0.18254689597780008
436,4,10,150,91,0.0
437,4,10,150,91,0.1246139643684977
438,4,10,150,91,0.0
439,4,10,150,91,0.10863976191957724
440,4,10,150,91,0.0
441,4,10,150,91,0.07736100002633538
442,4,10,150,91,0.040949887133979804
443,4,10,150,91,0.06783204105472322
444,4,10,150,91,0.1312721899408984
445,4,10,150,91,0.0
446,4,10,150,91,0.0
447,4,10,150,91,0.16246725303708914
448,4,10,150,91,0.0
449,4,10,150,91,0.1882329728596757
450,4,10,150,91,0.2230321343934026
451,4,10,150,91,0.06148915918944534
452,4,10,150,91,0.10773098771530253
453,4,10,150,91,0.0
454,4,10,150,91,0.015175188400892194
455,4,10,150,91,0.12741622541866474
456,4,10,150,91,0.033760343206167075
457,4,10,150,91,0.31128444613224265
458,4,10,150,91,0.06982799741808067
459,4,10,150,91,0.0
460,4,10,150,91,0.05184030722866645
461,4,10,150,91,0.05428363317977833
462,4,10,150,91,0.0
463,4,10,150,91,0.11987424504051505
464,4,10,150,91,0.027878824909352323
465,4,10,150,91,0.036206233555619735
466,4,10,150,91,0.0
467,4,10,150,91,0.07807600999842033
468,4,10,150,91,0.11455543964849552
469,4,10,150,91,0.05165643482805862
470,4,10,150,91,0.0
471,4,10,150,91,0.0
472,4,10,150,91,0.13402286793172438
473,4,10,150,91,0.06140244428718695
474,4,10,150,91,0.24593822460513717
475,4,10,150,91,0.0
476,4,10,150,91,0.0
477,4,10,150,91,0.0
478,4,10,150,91,0.2345109835167376
479,4,10,150,91,0.10172348796286074
480,4,10,150,91,0.0741070054529978
481,4,10,150,91,0.13102204196909084
482,4,10,150,91,0.0
483,4,10,150,91,0.05658242244874664
484,4,10,150,91,0.29539974213048126
485,4,10,150,91,0.0
486,4,10,150,91,0.0
487,4,10,150,91,0.09557986065110975
488,4,10,150,91,0.0
489,4,10,150,91,0.04327665636516388
490,4,10,150,91,0.0
491,4,10,150,91,0.14208678740137623
492,4,10,150,91,0.0
493,4,10,150,91,0.16765112971402235
494,4,10,150,91,0.0
495,4,10,150,91,0.17949652011459483
496,4,10,150,91,0.10506396802211523
497,4,10,150,91,0.10180531361143179
498,4,10,150,91,0.0
499,4,10,150,91,0.07269358580389043
500,4,10,150,91,0.09541527213731128
501,4,10,150,91,0.0
502,4,10,150,91,0.0
503,4,10,150,91,0.16237935278338944
504,4,10,150,91,0.08148269775823089
505,4,10,150,91,0.07379217622092994
506,4,10,150,91,0.1954778976905469
507,4,10,150,91,0.05319635904163211
508,4,10,150,91,0.0
509,4,10,150,91,0.0
510,4,10,150,91,0.0
511,4,10,150,91,0.08495943917278885
512,4,10,150,91,0.05478392673173268
513,4,10,150,91,0.0
514,4,10,150,91,0.27252722616773445
515,4,10,150,91,0.11706259313796354
516,4,10,150,91,0.0
517,4,10,150,91,0.08878770367712427
518,4,10,150,91,0.0
519,4,10,150,91,0.0
520,4,10,150,91,0.0
521,4,10,150,91,0.09850628252086785
522,4,10,150,91,0.16015986784807879
523,4,10,150,91,0.05782495986511108
524,4,10,150,91,0.1388155168339688
525,4,10,150,91,0.0
526,4,10,150,91,0.15355181494703254
527,4,10,150,91,0.1636135858112592
528,4,10,150,91,0.10209739512291163
529,4,10,150,91,0.0
530,4,10,150,91,0.0
531,4,10,150,91,0.1517763576041802
532,4,10,150,91,0.29773995317245644
533,4,10,150,91,0.11557545112991054
534,4,10,150,91,0.15271774407237912
535,4,10,150,91,0.15258506350829476
536,4,10,150,91,0.15105160768725473
537,4,10,150,91,0.2845638928670896
538,4,10,150,91,0.14697776980950736
539,4,10,150,91,0.15499711656631066
540,4,10,150,91,0.0
541,4,10,150,91,0.0586415067779619
542,4,10,150,91,0.07034465017648367
543,4,10,150,91,0.10658822866425441
544,4,10,150,91,0.05282936728943967
545,4,10,150,91,0.02244213465825961
546,4,10,150,91,0.05758752804519195
547,4,10,150,91,0.0
548,4,10,150,91,0.14714570243929503
549,4,10,150,91,0.0
550,4,10,150,91,0.08775411958203361
551,4,10,150,91,0.10128126837397917
552,4,10,150,91,0.1205344274731702
553,4,10,150,91,0.07411563356774664
554,4,10,150,91,0.1458276977055391
555,4,10,150,91,0.0
556,4,10,150,91,0.07660623398069263
557,4,10,150,91,0.031742154565302834
558,4,10,150,91,0.08878770367712427
559,4,10,150,91,0.09986350037763675
560,4,10,150,91,0.09375790921485552
561,4,10,150,91,0.14725545437769655
562,4,10,150,91,0.07930308311174379
563,4,10,150,91,0.0
564,4,10,150,91,0.15437610727371853
565,4,10,150,91,0.0
566,4,10,150,91,0.03579489106983033
567,4,10,150,91,0.18012958144409966
568,4,10,150,91,0.036155150901276155
569,4,10,150,91,0.18299769260789403
570,4,10,150,91,0.0
571,4,10,150,91,0.04988426711147283
572,4,10,150,91,0.16812753627111746
573,4,10,150,91,0.06437746926759551
574,4,10,150,91,0.051811563545175146
575,4,10,150,91,0.0
576,4,10,150,91,0.0
577,4,10,150,91,0.2181315616010628
578,4,10,150,91,0.05006331611131463
579,4,10,150,91,0.029371016515430802
580,4,10,150,91,0.17202958801773222
581,4,10,150,91,0.14348105418014392
582,4,10,150,91,0.03190895161277091
583,4,10,150,91,0.05364822253323318
584,4,10,150,91,0.06323567569191428
585,4,10,150,91,0.04173963774222741
586,4,10,150,91,0.05786021189691368
587,4,10,150,91,0.019492972026130224
588,4,10,150,91,0.1626111040880965
589,4,10,150,91,0.0
590,4,10,150,91,0.053845569940583225
591,4,10,150,91,0.047298896168385694
592,4,10,150,91,0.34229291295940956
593,4,10,150,91,0.07711036365720102
594,4,10,150,91,0.044551000676675064
595,4,10,150,91,0.10296141646738245
596,4,10,150,91,0.0
597,4,10,150,91,0.27101620591530523
598,4,10,150,91,0.0684591776394769
599,4,10,150,91,0.047338452314727386
600,4,10,150,91,0.09197011795311534
601,4,10,150,91,0.0
602,4,10,150,91,0.0
603,4,10,150,91,0.0
604,4,10,150,91,0.0
605,4,10,150,91,0.26275270116262744
606,4,10,150,91,0.1839502972074742
607,4,10,150,91,0.08673473912838402
608,4,10,150,91,0.12209659098915113
609,4,10,150,91,0.0
610,4,10,150,91,0.2146842601596213
611,4,10,150,91,0.07624568872860434
612,4,10,150,91,0.0
613,4,10,150,91,0.08385150490449667
614,4,10,150,91,0.0
615,4,10,150,91,0.04919117729584568
616,4,10,150,91,0.03618657486793958
617,4,10,150,91,0.0
618,4,10,150,91,0.15081559407910244
619,4,10,150,91,0.12363660028711727
620,4,10,150,91,0.159486715201797
621,4,10,150,91,0.11278207190006835
622,4,10,150,91,0.18241748250491993
623,4,10,150,91,0.2117125497194188
624,4,10,150,91,0.08019069792665304
625,4,10,150,91,0.0
626,4,10,150,91,0.06228974831361337
627,4,10,150,91,0.06945233499530101
628,4,10,150,91,0.06835692304018633
629,4,10,150,91,0.19194057324582506
630,4,10,150,91,0.15874779570678058
631,4,10,150,91,0.0
632,4,10,150,91,0.12112269717167994
633,4,10,150,91,0.11499138576948859
634,4,10,150,91,0.05294832419446749
635,4,10,150,91,0.04546401530948942
636,4,10,150,91,0.11426572661305327
637,4,10,150,91,0.01928973283308616
638,4,10,150,91,0.09712868482236708
639,4,10,150,91,0.03138892079718151
640,4,10,150,91,0.10536866733091729
641,4,10,150,91,0.10427070662550339
642,4,10,150,91,0.1359233084670957
643,4,10,150,91,0.11071279041815515
644,4,10,150,91,0.04935421935348238
645,4,10,150,91,0.17581821458755492
646,4,10,150,91,0.0
647,4,10,150,91,0.05363388010108191
648,4,10,150,91,0.13978583123947036
649,4,10,150,91,0.15489949502599
650,4,10,150,91,0.13574218972482194
651,4,10,150,91,0.0
652,4,10,150,91,0.08156220960446063
653,4,10,150,91,0.0906036790514784
654,4,10,150,91,0.21255442687635834
655,4,10,150,91,0.25115453771857893
656,4,10,150,91,0.1259623300388048
657,4,10,150,91,0.04140815094666367
658,4,10,150,91,0.2625403796417579
659,4,10,150,91,0.08781544355121487
660,4,10,150,91,0.13549488625249415
661,4,10,150,91,0.08605775303302886
662,4,10,150,91,0.0512644431393966
663,4,10,150,91,0.24026856780584893
664,4,10,150,91,0.28517362059082263
665,4,10,150,91,0.0
666,4,10,150,91,0.15654057249001205
667,4,10,150,91,0.31347596517570553
668,4,10,150,91,0.06194403202282284
669,4,10,150,91,0.1348578320198433
670,4,10,150,91,0.09267469812912739
671,4,10,150,91,0.22329352092456306
672,4,10,150,91,0.03603026685992244
673,4,10,150,91,0.14837758007547783
674,4,10,150,91,0.11338915993603582
675,4,10,150,91,0.0
676,4,10,150,91,0.2786979045104278
677,4,10,150,91,0.03314040476303028
678,4,10,150,91,0.03824432123396675
679,4,10,150,91,0.15527711509166947
680,4,10,150,91,0.11377863936243801
681,4,10,150,91,0.0
682,4,10,150,91,0.17432199286534755
683,4,10,150,91,0.0
684,4,10,150,91,0.06573003977381581
685,4,10,150,91,0.1906465758273748
686,4,10,150,91,0.1682282387290392
687,4,10,150,91,0.0
688,4,10,150,91,0.13095683635706423
689,4,10,150,91,0.2385743953554933
690,4,10,150,91,0.13588374412508233
691,4,10,150,91,0.13843129503711957
692,4,10,150,91,0.1753901755134814
693,4,10,150,91,0.0
694,4,10,150,91,0.2448812985235888
695,4,10,150,91,0.03629635962013474
696,4,10,150,91,0.039725595076707886
697,4,10,150,91,0.04239477130634912
698,4,10,150,91,0.041937660325009396
699,4,10,150,91,0.11291908148098284
700,4,10,150,91,0.12729890218214104
701,4,10,150,91,0.11497698281480273
702,4,10,150,91,0.037715680681715956
703,4,10,150,91,0.14202859508692728
704,4,10,150,91,0.2737585707060089
705,4,10,150,91,0.22667088038444094
706,4,10,150,91,0.04395738023645723
707,4,10,150,91,0.06313664925364729
708,4,10,150,91,0.12228634424244818
709,4,10,150,91,0.13472082394875662
710,4,10,150,91,0.10695361352497157
711,4,10,150,91,0.18133007201622714
712,4,10,150,91,0.15511023313323485
713,4,10,150,91,0.1468735732232516
714,4,10,150,91,0.03441184191455828
715,4,10,150,91,0.0
716,4,10,150,91,0.21467236159090086
717,4,10,150,91,0.09054670163637572
718,4,10,150,91,0.06264632882289006
719,4,10,150,91,0.09883437846193516
720,4,10,150,91,0.0
721,4,10,150,91,0.1850388725092322
722,4,10,150,91,0.06556429791586475
723,4,10,150,91,0.0
724,4,10,150,91,0.0
725,4,10,150,91,0.0
726,4,10,150,91,0.05010834716923557
727,4,10,150,91,0.1178097763270503
728,4,10,150,91,0.09627818061559096
729,4,10,150,91,0.13820903271256957
730,4,10,150,91,0.0478435080782347
731,4,10,150,91,0.14717311932656024
732,4,10,150,91,0.0
733,4,10,150,91,0.14514596345398123
734,4,10,150,91,0.0
735,4,10,150,91,0.0
736,4,10,150,91,0.03351972906068008
737,4,10,150,91,0.1138970555583582
738,4,10,150,91,0.13922998739868644
739,4,10,150,91,0.06276777357339133
740,4,10,150,91,0.0
741,4,10,150,91,0.05358697798864893
742,4,10,150,91,0.0488929053971083
743,4,10,150,91,0.09946096543827337
744,4,10,150,91,0.03596673601130318
745,4,10,150,91,0.03520132288421838
746,4,10,150,91,0.25743994347908983
747,4,10,150,91,0.37589117121257215
748,4,10,150,91,0.09621648119325965
749,4,10,150,91,0.13949400374494889
750,4,10,150,91,0.07184731398235064
751,4,10,150,91,0.08554799479006837
752,4,10,150,91,0.04389473417066348
753,4,10,150,91,0.15780803084928155
754,4,10,150,91,0.0
755,4,10,150,91,0.03855371268423985
756,4,10,150,91,0.031104745345423533
757,4,10,150,91,0.03006311680450147
758,4,10,150,91,0.27355378865953406
759,4,10,150,91,0.11006100937916612
760,4,10,150,91,0.03004859059698017
761,4,10,150,91,0.06869287000000811
762,4,10,150,91,0.08807782327857085
763,4,10,150,91,0.05892228941894017
764,4,10,150,91,0.08946696896639536
765,4,10,150,91,0.15066101840234988
766,4,10,150,91,0.04476098449293134
767,4,10,150,91,0.13884445379214724
768,4,10,150,91,0.08438032815655525
769,4,10,150,91,0.0
770,4,10,150,91,0.21464739068424896
771,4,10,150,91,0.32869562799119006
772,4,10,150,91,0.17356150297482983
773,4,10,150,91,0.08696710392235718
774,4,10,150,91,0.04866907108300529
775,4,10,150,91,0.038478285726379145
776,4,10,150,91,0.15403842856019037
777,4,10,150,91,0.0
778,4,10,150,91,0.1631238413472767
779,4,10,150,91,0.0
780,4,10,150,91,0.1424788567451383
781,4,10,150,91,0.2016539629141292
782,4,10,150,91,0.03410286253729913
783,4,10,150,91,0.0
784,4,10,150,91,0.029814614753779622
785,4,10,150,91,0.0
786,4,10,150,91,0.0
787,4,10,150,91,0.0
788,4,10,150,91,0.2046074864770495
789,4,10,150,91,0.08809718769055445
790,4,10,150,91,0.06497120457073602
791,4,10,150,91,0.04465281017341861
792,4,10,150,91,0.08944329533390502
793,4,10,150,91,0.0
794,4,10,150,91,0.14270855432908344
795,4,10,150,91,0.07614504861587336
796,4,10,150,91,0.3071294824595548
797,4,10,150,91,0.11278903329502893
798,4,10,150,91,0.04008158709047711
799,4,10,150,91,0.030246823655067756
800,4,10,150,91,0.11630324553959151
801,4,10,150,91,0.1561471668577559
802,4,10,150,91,0.06960082070980815
803,4,10,150,91,0.10569353498973794
804,4,10,150,91,0.10463279387059375
805,4,10,150,91,0.09975115083247692
806,4,10,150,91,0.2959152150106387
807,4,10,150,91,0.10712329127351711
808,4,10,150,91,0.1025417224926713
809,4,10,150,91,0.10356976056061801
810,4,10,150,91,0.17634899502333787
811,4,10,150,91,0.06806289116376577
812,4,10,150,91,0.09594989011285139
813,4,10,150,91,0.0
814,4,10,150,91,0.034616222155696735
815,4,10,150,91,0.19534267166051425
816,4,10,150,91,0.0
817,4,10,150,91,0.0
818,4,10,150,91,0.05516788910004661
819,4,10,150,91,0.037210602758860095
820,4,10,150,91,0.0787987754690289
821,4,10,150,91,0.302950268110492
822,4,10,150,91,0.05548928785951652
823,4,10,150,91,0.19825193631094293
824,4,10,150,91,0.05046096657376444
825,4,10,150,91,0.08238190489603152
826,4,10,150,91,0.17593166652195671
827,4,10,150,91,0.0
828,4,10,150,91,0.05745618865524075
829,4,10,150,91,0.1751347628439014
830,4,10,150,91,0.22862234433549483
831,4,10,150,91,0.21058943716644085
832,4,10,150,91,0.0
833,4,10,150,91,0.14149723473029827
834,4,10,150,91,0.2706897351446418
835,4,10,150,91,0.2282338502278767
836,4,10,150,91,0.22113373377912962
837,4,10,150,91,0.05665916465450996
838,4,10,150,91,0.27895398740912175
839,4,10,150,91,0.10730655186373157
840,4,10,150,91,0.3366426952865436
841,4,10,150,91,0.06507217400164225
842,4,10,150,91,0.03947561302344988
843,4,10,150,91,0.008167976400118574
844,4,10,150,91,0.05872188515498603
845,4,10,150,91,0.0
846,4,10,150,91,0.32735236438498116
847,4,10,150,91,0.05107153900660915
848,4,10,150,91,0.11365679339285037
849,4,10,150,91,0.07738342520054953
850,4,10,150,91,0.29160326485645294
851,4,10,150,91,0.06520552028363663
852,4,10,150,91,0.26227118260874954
853,4,10,150,91,0.0
854,4,10,150,91,0.08126682284290807
855,4,10,150,91,0.03638796155629422
856,4,10,150,91,0.037110354711564805
857,4,10,150,91,0.0
858,4,10,150,91,0.10250982096838526
859,4,10,150,91,0.05070263548706836
860,4,10,150,91,0.12431618373412671
861,4,10,150,91,0.06460834446248033
862,4,10,150,91,0.17089717348642833
863,4,10,150,91,0.06336841123297353
864,4,10,150,91,0.3665965358823903
865,4,10,150,91,0.11652577583309928
866,4,10,150,91,0.16283687678415507
867,4,10,150,91,0.26419118896030336
868,4,10,150,91,0.17747349053838873
869,4,10,150,91,0.08067880958900249
870,4,10,150,91,0.21706530618749484
871,4,10,150,91,0.07012986265386374
872,4,10,150,91,0.02804794621397926
873,4,10,150,91,0.0
874,4,10,150,91,0.13944914190808633
875,4,10,150,91,0.17307899610640343
876,4,10,150,91,0.08671382849411972
877,4,10,150,91,0.0835317778614811
878,4,10,150,91,0.1706804422753891
879,4,10,150,91,0.03963466998423315
880,4,10,150,91,0.28601282487520463
881,4,10,150,91,0.09708070101037086
882,4,10,150,91,0.2238061440578927
883,4,10,150,91,0.27125400041593645
884,4,10,150,91,0.11407805705099587
885,4,10,150,91,0.04536087033637415
886,4,10,150,91,0.16002399614964322
887,4,10,150,91,0.10214828088611402
888,4,10,150,91,0.11625487663628292
889,4,10,150,91,0.008918755439787466
890,4,10,150,91,0.11434431442033766
891,4,10,150,91,0.10491091696774645
892,4,10,150,91,0.2455191816579957
893,4,10,150,91,0.146669204611781
894,4,10,150,91,0.09216880336949274
895,4,10,150,91,0.0
896,4,10,150,91,0.24781082098267557
897,4,10,150,91,0.3071672815592065
898,4,10,150,91,0.0
899,4,10,150,91,0.05684415375822261
900,4,10,150,91,0.055315677011973347
901,4,10,150,91,0.23198521014469126
902,4,10,150,91,0.05978585424799658
903,4,10,150,91,0.24651430146847014
904,4,10,150,91,0.026152770438578738
905,4,10,150,91,0.0
906,4,10,150,91,0.10407444169186962
907,4,10,150,91,0.08460920127967277
908,4,10,150,91,0.06892767477436933
909,4,10,150,91,0.0
910,4,10,150,91,0.02138152805479416
911,4,10,150,91,0.14690565417489143
912,4,10,150,91,0.1958275913448339
913,4,10,150,91,0.08380195844185999
914,4,10,150,91,0.0
915,4,10,150,91,0.0
916,4,10,150,91,0.2041812828804403
917,4,10,150,91,0.0
918,4,10,150,91,0.043627084055128
919,4,10,150,91,0.08116731712468818
920,4,10,150,91,0.0
921,4,10,150,91,0.15405864814296488
922,4,10,150,91,0.1280645281724967
923,4,10,150,91,0.04031825574984845
924,4,10,150,91,0.018280262702529162
925,4,10,150,91,0.032527050404589315
926,4,10,150,91,0.0
927,4,10,150,91,0.12527716133750888
928,4,10,150,91,0.1873259908039563
929,4,10,150,91,0.25163227912988373
930,4,10,150,91,0.032298243696638564
931,4,10,150,91,0.08679587898287541
932,4,10,150,91,0.26581896687705886
933,4,10,150,91,0.13752245444306133
934,4,10,150,91,0.10071040486185964
935,4,10,150,91,0.04173963774222741
936,4,10,150,91,0.14594031167660285
937,4,10,150,91,0.030246823655067756
938,4,10,150,91,0.1661428141234511
939,4,10,150,91,0.02916862694666808
940,4,10,150,91,0.09159953699030629
941,4,10,150,91,0.0
942,4,10,150,91,0.12154822122445835
943,4,10,150,91,0.20163692230838232
1,4,10,150,92,0.4058715898896693
2,4,10,150,92,0.06250343848035038
3,4,10,150,92,0.0
4,4,10,150,92,0.0
5,4,10,150,92,0.040209635547393256
6,4,10,150,92,0.27020011346731576
7,4,10,150,92,0.3507427912641652
8,4,10,150,92,0.0
9,4,10,150,92,0.21840743681816419
10,4,10,150,92,0.21491451057814584
11,4,10,150,92,0.1722584975122812
12,4,10,150,92,0.0
13,4,10,150,92,0.23354755242906122
14,4,10,150,92,0.03963175841995263
15,4,10,150,92,0.05010834716923557
16,4,10,150,92,0.1394055771274295
17,4,10,150,92,0.12407735386140566
18,4,10,150,92,0.2651132679673976
19,4,10,150,92,0.0
20,4,10,150,92,0.0
21,4,10,150,92,0.0
22,4,10,150,92,0.11702382382650763
23,4,10,150,92,0.2686879793224394
24,4,10,150,92,0.0
25,4,10,150,92,0.12358102547512423
26,4,10,150,92,0.0
27,4,10,150,92,0.0
28,4,10,150,92,0.0
29,4,10,150,92,0.13455232720853103
30,4,10,150,92,0.0
31,4,10,150,92,0.0
32,4,10,150,92,0.0
33,4,10,150,92,0.0
35,4,10,150,92,0.10523285614729473
36,4,10,150,92,0.15329048865267808
37,4,10,150,92,0.0
38,4,10,150,92,0.04739418218477539
39,4,10,150,92,0.0
40,4,10,150,92,0.10558114683788161
41,4,10,150,92,0.0
42,4,10,150,92,0.0683037314796457
43,4,10,150,92,0.22592974817952552
44,4,10,150,92,0.2044921015662719
45,4,10,150,92,0.05200670101006268
46,4,10,150,92,0.11284514134893527
47,4,10,150,92,0.06250343848035038
48,4,10,150,92,0.0
49,4,10,150,92,0.0
50,4,10,150,92,0.0
51,4,10,150,92,0.16812753627111746
52,4,10,150,92,0.0
54,4,10,150,92,0.04843244625481133
56,4,10,150,92,0.20383503459815738
57,4,10,150,92,0.3030555992505742
58,4,10,150,92,0.3717269535737058
59,4,10,150,92,0.31915425394541946
60,4,10,150,92,0.1505674224523334
61,4,10,150,92,0.07763867093308688
62,4,10,150,92,0.10440036542861637
63,4,10,150,92,0.0
64,4,10,150,92,0.04238468688770069
65,4,10,150,92,0.13012668333070054
66,4,10,150,92,0.0
67,4,10,150,92,0.0
68,4,10,150,92,0.4827392464262081
69,4,10,150,92,0.07673373981757839
70,4,10,150,92,0.0
71,4,10,150,92,0.046966485689931024
72,4,10,150,92,0.09048427472954688
73,4,10,150,92,0.0
74,4,10,150,92,0.0
75,4,10,150,92,0.049432410190049694
76,4,10,150,92,0.1301464707340554
77,4,10,150,92,0.10201115106436301
78,4,10,150,92,0.0
79,4,10,150,92,0.3603915858241842
80,4,10,150,92,0.0
81,4,10,150,92,0.0
82,4,10,150,92,0.19298623480417013
83,4,10,150,92,0.1569263624205769
84,4,10,150,92,0.05034889199379723
85,4,10,150,92,0.0
87,4,10,150,92,0.07100089300395272
89,4,10,150,92,0.2553387838830436
90,4,10,150,92,0.14035324954983075
91,4,10,150,92,0.05648147012627732
92,4,10,150,92,0.10542637391232386
93,4,10,150,92,0.0
94,4,10,150,92,0.1398942649682608
95,4,10,150,92,0.17287436926807473
96,4,10,150,92,0.10181164814261426
97,4,10,150,92,0.11661748975177716
98,4,10,150,92,0.0930297504356062
99,4,10,150,92,0.05658242244874664
100,4,10,150,92,0.0
101,4,10,150,92,0.0
102,4,10,150,92,0.02424726876918863
103,4,10,150,92,0.0
104,4,10,150,92,0.0
105,4,10,150,92,0.0
106,4,10,150,92,0.0
107,4,10,150,92,0.07193596522633457
108,4,10,150,92,0.0
109,4,10,150,92,0.07103066762111539
110,4,10,150,92,0.0
111,4,10,150,92,0.0
112,4,10,150,92,0.05685954565780693
113,4,10,150,92,0.053168340515114924
114,4,10,150,92,0.0
115,4,10,150,92,0.10684080426179023
116,4,10,150,92,0.0
117,4,10,150,92,0.26646890433550474
118,4,10,150,92,0.0
119,4,10,150,92,0.24777925016776411
120,4,10,150,92,0.0
121,4,10,150,92,0.271985059917519
122,4,10,150,92,0.19939609492576266
123,4,10,150,92,0.07386004580671933
125,4,10,150,92,0.12702645795516354
126,4,10,150,92,0.06911917000496234
127,4,10,150,92,0.23132283185955704
128,4,10,150,92,0.0804528329814545
129,4,10,150,92,0.0
130,4,10,150,92,0.21603440505602572
131,4,10,150,92,0.06556385272536247
133,4,10,150,92,0.11047239495909743
134,4,10,150,92,0.0
135,4,10,150,92,0.0
137,4,10,150,92,0.1371200812351206
138,4,10,150,92,0.06140414576373613
139,4,10,150,92,0.0
141,4,10,150,92,0.038963097133338453
142,4,10,150,92,0.13373003436102654
143,4,10,150,92,0.1208996448617798
144,4,10,150,92,0.1227945149537572
145,4,10,150,92,0.1075804523117992
146,4,10,150,92,0.0
148,4,10,150,92,0.24915983520522694
149,4,10,150,92,0.0
150,4,10,150,92,0.10235170428306553
151,4,10,150,92,0.10702155329127065
152,4,10,150,92,0.040655755922716606
153,4,10,150,92,0.0
154,4,10,150,92,0.11753148666901318
155,4,10,150,92,0.0
156,4,10,150,92,0.0
158,4,10,150,92,0.17575552384613552
159,4,10,150,92,0.03310852000739229
160,4,10,150,92,0.0
161,4,10,150,92,0.0
162,4,10,150,92,0.04858102772529458
163,4,10,150,92,0.0
164,4,10,150,92,0.0
165,4,10,150,92,0.12114889742360979
166,4,10,150,92,0.0
167,4,10,150,92,0.06267320809766952
168,4,10,150,92,0.23504554941448536
169,4,10,150,92,0.11641320690977976
170,4,10,150,92,0.0
171,4,10,150,92,0.0
172,4,10,150,92,0.0
173,4,10,150,92,0.11302181651994404
174,4,10,150,92,0.08712841477105211
175,4,10,150,92,0.0
176,4,10,150,92,0.09511409151391914
177,4,10,150,92,0.06912040963822193
178,4,10,150,92,0.2437589399037192
179,4,10,150,92,0.06723507268634088
180,4,10,150,92,0.12262943855309168
181,4,10,150,92,0.062426915812405386
182,4,10,150,92,0.0
183,4,10,150,92,0.0
184,4,10,150,92,0.11356458502877588
185,4,10,150,92,0.07745351606183934
186,4,10,150,92,0.22147164648185297
187,4,10,150,92,0.08625091781054979
188,4,10,150,92,0.054384419234677496
189,4,10,150,92,0.23042891886703956
190,4,10,150,92,0.10699313236726378
191,4,10,150,92,0.0
192,4,10,150,92,0.0
193,4,10,150,92,0.039158662511086184
194,4,10,150,92,0.11592484831532757
195,4,10,150,92,0.0
196,4,10,150,92,0.0
197,4,10,150,92,0.05576624569167862
198,4,10,150,92,0.0
199,4,10,150,92,0.0
200,4,10,150,92,0.1350618908658632
201,4,10,150,92,0.1353805281228694
203,4,10,150,92,0.0
204,4,10,150,92,0.0
205,4,10,150,92,0.0
206,4,10,150,92,0.0
207,4,10,150,92,0.09412450373990706
209,4,10,150,92,0.0
210,4,10,150,92,0.09440608278107551
211,4,10,150,92,0.0
212,4,10,150,92,0.12681701683239352
213,4,10,150,92,0.2384146878320104
214,4,10,150,92,0.056720838976548935
215,4,10,150,92,0.0
216,4,10,150,92,0.06585783135342528
217,4,10,150,92,0.0
218,4,10,150,92,0.19092086617893467
219,4,10,150,92,0.0
221,4,10,150,92,0.3375735570145491
222,4,10,150,92,0.12476107276951183
223,4,10,150,92,0.03870447337439288
224,4,10,150,92,0.0
225,4,10,150,92,0.0
226,4,10,150,92,0.08080765379783027
227,4,10,150,92,0.0
228,4,10,150,92,0.0
229,4,10,150,92,0.0
230,4,10,150,92,0.23712439662683835
231,4,10,150,92,0.0
232,4,10,150,92,0.3234992853586256
233,4,10,150,92,0.0968152409481219
234,4,10,150,92,0.1481502210952491
235,4,10,150,92,0.06065881345112158
236,4,10,150,92,0.0
237,4,10,150,92,0.0
238,4,10,150,92,0.0
239,4,10,150,92,0.11792279130466408
240,4,10,150,92,0.05497526658285817
242,4,10,150,92,0.0
243,4,10,150,92,0.09267768927614353
244,4,10,150,92,0.15765545519871427
245,4,10,150,92,0.10704534003732354
246,4,10,150,92,0.11120150311654428
247,4,10,150,92,0.0
248,4,10,150,92,0.14830051302014485
249,4,10,150,92,0.31180658179892495
250,4,10,150,92,0.3503302816689379
251,4,10,150,92,0.0
252,4,10,150,92,0.0
253,4,10,150,92,0.05954496680255472
254,4,10,150,92,0.0
255,4,10,150,92,0.042447135269629226
256,4,10,150,92,0.18523592453564094
257,4,10,150,92,0.3305900772260718
258,4,10,150,92,0.07557488532248983
259,4,10,150,92,0.0
260,4,10,150,92,0.0
261,4,10,150,92,0.0
262,4,10,150,92,0.05029331645508228
263,4,10,150,92,0.18094314889157095
264,4,10,150,92,0.05840183867278569
265,4,10,150,92,0.10209739512291163
267,4,10,150,92,0.09794101962538232
268,4,10,150,92,0.19378306510498136
269,4,10,150,92,0.13223875150584097
270,4,10,150,92,0.046726672111120165
271,4,10,150,92,0.12276482551434069
272,4,10,150,92,0.14498698048571354
273,4,10,150,92,0.0
274,4,10,150,92,0.0
275,4,10,150,92,0.04605780568615433
276,4,10,150,92,0.20223032365941937
277,4,10,150,92,0.0
279,4,10,150,92,0.07923708494918187
280,4,10,150,92,0.03337620304869898
281,4,10,150,92,0.0
283,4,10,150,92,0.1292258709239571
284,4,10,150,92,0.0
285,4,10,150,92,0.1185995982858366
286,4,10,150,92,0.31887623993711317
287,4,10,150,92,0.11352455583778437
288,4,10,150,92,0.12538054736008386
289,4,10,150,92,0.13905617951077562
290,4,10,150,92,0.0
291,4,10,150,92,0.23494592513118112
292,4,10,150,92,0.12610583976873452
293,4,10,150,92,0.2344161202530718
294,4,10,150,92,0.04123398036294628
295,4,10,150,92,0.2670961153715764
296,4,10,150,92,0.5382063622180417
297,4,10,150,92,0.13535082686131417
298,4,10,150,92,0.19947114504638494
299,4,10,150,92,0.0
300,4,10,150,92,0.0
301,4,10,150,92,0.047934103497110726
303,4,10,150,92,0.12680868731260003
304,4,10,150,92,0.0
305,4,10,150,92,0.31514747987601716
306,4,10,150,92,0.0
307,4,10,150,92,0.1383141340724969
308,4,10,150,92,0.20874539670669104
309,4,10,150,92,0.0
310,4,10,150,92,0.0
311,4,10,150,92,0.08938791352906189
312,4,10,150,92,0.14069579419580536
313,4,10,150,92,0.14465709645474623
314,4,10,150,92,0.20285519102295546
315,4,10,150,92,0.0
316,4,10,150,92,0.04568304891751105
317,4,10,150,92,0.0
318,4,10,150,92,0.13815200906377123
319,4,10,150,92,0.0
320,4,10,150,92,0.0
321,4,10,150,92,0.062242588308449316
322,4,10,150,92,0.17342765698823945
323,4,10,150,92,0.14126697285982898
324,4,10,150,92,0.03555702818464106
325,4,10,150,92,0.0
326,4,10,150,92,0.0634222181618871
327,4,10,150,92,0.04302935573946656
328,4,10,150,92,0.1437524526514495
329,4,10,150,92,0.0
330,4,10,150,92,0.0536466452928127
331,4,10,150,92,0.16958010263680806
332,4,10,150,92,0.046679707512804314
333,4,10,150,92,0.0
334,4,10,150,92,0.0858345406672181
336,4,10,150,92,0.0
337,4,10,150,92,0.16716045496620227
338,4,10,150,92,0.05005165434923901
339,4,10,150,92,0.1344957225763306
340,4,10,150,92,0.0
341,4,10,150,92,0.0
342,4,10,150,92,0.2625072992734236
343,4,10,150,92,0.3094263721986468
344,4,10,150,92,0.23832550406045652
345,4,10,150,92,0.056149696530797676
346,4,10,150,92,0.13947804593499064
347,4,10,150,92,0.11116062301189339
348,4,10,150,92,0.071942683897578
349,4,10,150,92,0.07673373981757839
350,4,10,150,92,0.2065896325117088
351,4,10,150,92,0.0
352,4,10,150,92,0.0
353,4,10,150,92,0.0
354,4,10,150,92,0.051249224710132255
355,4,10,150,92,0.0
356,4,10,150,92,0.08406376813555873
357,4,10,150,92,0.05006331611131463
358,4,10,150,92,0.20438239758848611
359,4,10,150,92,0.0
360,4,10,150,92,0.09491042451242505
361,4,10,150,92,0.09622728274290568
362,4,10,150,92,0.1896300420144415
363,4,10,150,92,0.21862978877358352
364,4,10,150,92,0.0
365,4,10,150,92,0.03956979699823825
366,4,10,150,92,0.0
367,4,10,150,92,0.07630862162354303
368,4,10,150,92,0.0
369,4,10,150,92,0.0
370,4,10,150,92,0.13479984916817475
371,4,10,150,92,0.22569563125869263
372,4,10,150,92,0.03657576498735172
373,4,10,150,92,0.08627719815628208
374,4,10,150,92,0.09834160864069898
375,4,10,150,92,0.0
376,4,10,150,92,0.0
377,4,10,150,92,0.08010929472340098
378,4,10,150,92,0.2514344090063784
379,4,10,150,92,0.1665016263976196
380,4,10,150,92,0.0
381,4,10,150,92,0.09118180877280627
382,4,10,150,92,0.0
383,4,10,150,92,0.0848644637410381
384,4,10,150,92,0.0
385,4,10,150,92,0.0
386,4,10,150,92,0.0
387,4,10,150,92,0.11497906462099297
388,4,10,150,92,0.04511904280884329
389,4,10,150,92,0.17394090433083284
390,4,10,150,92,0.0
391,4,10,150,92,0.2137247802747043
392,4,10,150,92,0.056679935917756406
393,4,10,150,92,0.07902434057012214
394,4,10,150,92,0.11073655428626575
395,4,10,150,92,0.09179488000267515
396,4,10,150,92,0.0
397,4,10,150,92,0.2710147943938467
398,4,10,150,92,0.18852571653533698
399,4,10,150,92,0.07594334672458623
400,4,10,150,92,0.0
401,4,10,150,92,0.0
402,4,10,150,92,0.08963222225173058
403,4,10,150,92,0.1586673445830345
404,4,10,150,92,0.0
405,4,10,150,92,0.06667735269275575
406,4,10,150,92,0.20956416940551098
407,4,10,150,92,0.08088217699131102
408,4,10,150,92,0.0
409,4,10,150,92,0.12740448328320192
410,4,10,150,92,0.0
411,4,10,150,92,0.0
412,4,10,150,92,0.0
413,4,10,150,92,0.041646268351119564
414,4,10,150,92,0.0
415,4,10,150,92,0.15103391472831218
416,4,10,150,92,0.23166052731397035
417,4,10,150,92,0.09850508837083022
418,4,10,150,92,0.0
419,4,10,150,92,0.1208113026994942
420,4,10,150,92,0.06052048269976269
421,4,10,150,92,0.19620555836557932
422,4,10,150,92,0.07550298029238112
423,4,10,150,92,0.053845569940583225
424,4,10,150,92,0.2766918177656049
425,4,10,150,92,0.1674157226455415
426,4,10,150,92,0.040759261617270684
427,4,10,150,92,0.07466168586864165
428,4,10,150,92,0.04415960465480069
429,4,10,150,92,0.14355264986043786
430,4,10,150,92,0.0
431,4,10,150,92,0.0
432,4,10,150,92,0.05789711601244791
433,4,10,150,92,0.05780921899607981
434,4,10,150,92,0.2562151231304954
435,4,10,150,92,0.18254689597780008
436,4,10,150,92,0.0
437,4,10,150,92,0.1246139643684977
438,4,10,150,92,0.0
439,4,10,150,92,0.10863976191957724
440,4,10,150,92,0.0
441,4,10,150,92,0.07736100002633538
442,4,10,150,92,0.040949887133979804
443,4,10,150,92,0.06783204105472322
444,4,10,150,92,0.1312721899408984
445,4,10,150,92,0.0
446,4,10,150,92,0.0
447,4,10,150,92,0.16246725303708914
448,4,10,150,92,0.0
449,4,10,150,92,0.1882329728596757
450,4,10,150,92,0.2230321343934026
451,4,10,150,92,0.06148915918944534
452,4,10,150,92,0.10773098771530253
453,4,10,150,92,0.0
454,4,10,150,92,0.015175188400892194
455,4,10,150,92,0.12741622541866474
456,4,10,150,92,0.033760343206167075
457,4,10,150,92,0.31128444613224265
458,4,10,150,92,0.06982799741808067
459,4,10,150,92,0.0
460,4,10,150,92,0.05184030722866645
461,4,10,150,92,0.05428363317977833
462,4,10,150,92,0.0
463,4,10,150,92,0.11987424504051505
464,4,10,150,92,0.027878824909352323
465,4,10,150,92,0.036206233555619735
466,4,10,150,92,0.0
467,4,10,150,92,0.07807600999842033
468,4,10,150,92,0.11455543964849552
469,4,10,150,92,0.05165643482805862
470,4,10,150,92,0.0
471,4,10,150,92,0.0
472,4,10,150,92,0.13402286793172438
473,4,10,150,92,0.06140244428718695
474,4,10,150,92,0.24593822460513717
475,4,10,150,92,0.0
476,4,10,150,92,0.0
477,4,10,150,92,0.0
478,4,10,150,92,0.2345109835167376
479,4,10,150,92,0.10172348796286074
480,4,10,150,92,0.0741070054529978
481,4,10,150,92,0.13102204196909084
482,4,10,150,92,0.0
483,4,10,150,92,0.05658242244874664
484,4,10,150,92,0.29539974213048126
485,4,10,150,92,0.0
486,4,10,150,92,0.0
487,4,10,150,92,0.09557986065110975
488,4,10,150,92,0.0
489,4,10,150,92,0.04327665636516388
490,4,10,150,92,0.0
491,4,10,150,92,0.14208678740137623
492,4,10,150,92,0.0
493,4,10,150,92,0.16765112971402235
494,4,10,150,92,0.0
495,4,10,150,92,0.17949652011459483
496,4,10,150,92,0.10506396802211523
497,4,10,150,92,0.10180531361143179
498,4,10,150,92,0.0
499,4,10,150,92,0.07269358580389043
500,4,10,150,92,0.09541527213731128
501,4,10,150,92,0.0
502,4,10,150,92,0.0
503,4,10,150,92,0.16237935278338944
504,4,10,150,92,0.08148269775823089
505,4,10,150,92,0.07379217622092994
506,4,10,150,92,0.1954778976905469
507,4,10,150,92,0.05319635904163211
508,4,10,150,92,0.0
509,4,10,150,92,0.0
510,4,10,150,92,0.0
511,4,10,150,92,0.08495943917278885
512,4,10,150,92,0.05478392673173268
513,4,10,150,92,0.0
514,4,10,150,92,0.27252722616773445
515,4,10,150,92,0.11706259313796354
516,4,10,150,92,0.0
517,4,10,150,92,0.08878770367712427
518,4,10,150,92,0.0
519,4,10,150,92,0.0
520,4,10,150,92,0.0
521,4,10,150,92,0.09850628252086785
522,4,10,150,92,0.16015986784807879
523,4,10,150,92,0.08192351372077554
524,4,10,150,92,0.1388155168339688
525,4,10,150,92,0.0
526,4,10,150,92,0.15355181494703254
527,4,10,150,92,0.1636135858112592
528,4,10,150,92,0.10209739512291163
529,4,10,150,92,0.0
530,4,10,150,92,0.0
531,4,10,150,92,0.1517763576041802
532,4,10,150,92,0.29773995317245644
533,4,10,150,92,0.1301019856167998
534,4,10,150,92,0.15271774407237912
535,4,10,150,92,0.15258506350829476
536,4,10,150,92,0.15105160768725473
537,4,10,150,92,0.2823580250514528
538,4,10,150,92,0.14697776980950736
539,4,10,150,92,0.15499711656631066
540,4,10,150,92,0.0
541,4,10,150,92,0.0586415067779619
542,4,10,150,92,0.07034465017648367
543,4,10,150,92,0.10658822866425441
544,4,10,150,92,0.05282936728943967
545,4,10,150,92,0.02244213465825961
546,4,10,150,92,0.05758752804519195
547,4,10,150,92,0.0
548,4,10,150,92,0.14714570243929503
549,4,10,150,92,0.0
550,4,10,150,92,0.08775411958203361
551,4,10,150,92,0.10128126837397917
552,4,10,150,92,0.1205344274731702
553,4,10,150,92,0.07411563356774664
554,4,10,150,92,0.1651387839044021
555,4,10,150,92,0.0
556,4,10,150,92,0.07660623398069263
557,4,10,150,92,0.031742154565302834
558,4,10,150,92,0.08878770367712427
559,4,10,150,92,0.09986350037763675
560,4,10,150,92,0.09375790921485552
561,4,10,150,92,0.14725545437769655
562,4,10,150,92,0.07930308311174379
563,4,10,150,92,0.0
564,4,10,150,92,0.15437610727371853
565,4,10,150,92,0.0
566,4,10,150,92,0.03579489106983033
567,4,10,150,92,0.1964649491153665
568,4,10,150,92,0.036155150901276155
569,4,10,150,92,0.18299769260789403
570,4,10,150,92,0.0
571,4,10,150,92,0.04988426711147283
572,4,10,150,92,0.16812753627111746
573,4,10,150,92,0.06437746926759551
574,4,10,150,92,0.051811563545175146
575,4,10,150,92,0.0
576,4,10,150,92,0.0
577,4,10,150,92,0.2181315616010628
578,4,10,150,92,0.05006331611131463
579,4,10,150,92,0.029371016515430802
580,4,10,150,92,0.17202958801773222
581,4,10,150,92,0.14348105418014392
582,4,10,150,92,0.03190895161277091
583,4,10,150,92,0.05364822253323318
584,4,10,150,92,0.06323567569191428
585,4,10,150,92,0.04173963774222741
586,4,10,150,92,0.05786021189691368
587,4,10,150,92,0.019492972026130224
588,4,10,150,92,0.1626111040880965
589,4,10,150,92,0.0
590,4,10,150,92,0.053845569940583225
591,4,10,150,92,0.047298896168385694
592,4,10,150,92,0.34229291295940956
593,4,10,150,92,0.07711036365720102
594,4,10,150,92,0.044551000676675064
595,4,10,150,92,0.10296141646738245
596,4,10,150,92,0.0
597,4,10,150,92,0.27101620591530523
598,4,10,150,92,0.0684591776394769
599,4,10,150,92,0.047338452314727386
600,4,10,150,92,0.09197011795311534
601,4,10,150,92,0.0
602,4,10,150,92,0.0
603,4,10,150,92,0.0
604,4,10,150,92,0.0
605,4,10,150,92,0.26275270116262744
606,4,10,150,92,0.1839502972074742
607,4,10,150,92,0.08673473912838402
608,4,10,150,92,0.12209659098915113
609,4,10,150,92,0.0
610,4,10,150,92,0.2146842601596213
611,4,10,150,92,0.07624568872860434
612,4,10,150,92,0.0
613,4,10,150,92,0.08385150490449667
614,4,10,150,92,0.0
615,4,10,150,92,0.04919117729584568
616,4,10,150,92,0.03618657486793958
617,4,10,150,92,0.0
618,4,10,150,92,0.15081559407910244
619,4,10,150,92,0.12363660028711727
620,4,10,150,92,0.159486715201797
621,4,10,150,92,0.11278207190006835
622,4,10,150,92,0.18241748250491993
623,4,10,150,92,0.2117125497194188
624,4,10,150,92,0.08019069792665304
625,4,10,150,92,0.0
626,4,10,150,92,0.06228974831361337
627,4,10,150,92,0.06945233499530101
628,4,10,150,92,0.06835692304018633
629,4,10,150,92,0.19194057324582506
630,4,10,150,92,0.15874779570678058
631,4,10,150,92,0.0
632,4,10,150,92,0.12112269717167994
633,4,10,150,92,0.11499138576948859
634,4,10,150,92,0.05294832419446749
635,4,10,150,92,0.04546401530948942
636,4,10,150,92,0.11426572661305327
637,4,10,150,92,0.01928973283308616
638,4,10,150,92,0.09712868482236708
639,4,10,150,92,0.03138892079718151
640,4,10,150,92,0.10536866733091729
641,4,10,150,92,0.10427070662550339
642,4,10,150,92,0.1359233084670957
643,4,10,150,92,0.11071279041815515
644,4,10,150,92,0.04935421935348238
645,4,10,150,92,0.17581821458755492
646,4,10,150,92,0.0
647,4,10,150,92,0.05363388010108191
648,4,10,150,92,0.13978583123947036
649,4,10,150,92,0.15489949502599
650,4,10,150,92,0.13574218972482194
651,4,10,150,92,0.0
652,4,10,150,92,0.08156220960446063
653,4,10,150,92,0.0906036790514784
654,4,10,150,92,0.21255442687635834
655,4,10,150,92,0.2492076508316916
656,4,10,150,92,0.1259623300388048
657,4,10,150,92,0.04140815094666367
658,4,10,150,92,0.2625403796417579
659,4,10,150,92,0.08781544355121487
660,4,10,150,92,0.13549488625249415
661,4,10,150,92,0.08605775303302886
662,4,10,150,92,0.0512644431393966
663,4,10,150,92,0.24026856780584893
664,4,10,150,92,0.28517362059082263
665,4,10,150,92,0.0
666,4,10,150,92,0.15654057249001205
667,4,10,150,92,0.31347596517570553
668,4,10,150,92,0.06194403202282284
669,4,10,150,92,0.1348578320198433
670,4,10,150,92,0.09267469812912739
671,4,10,150,92,0.22329352092456306
672,4,10,150,92,0.03603026685992244
673,4,10,150,92,0.14837758007547783
674,4,10,150,92,0.11338915993603582
675,4,10,150,92,0.0
676,4,10,150,92,0.2786979045104278
677,4,10,150,92,0.03314040476303028
678,4,10,150,92,0.03824432123396675
679,4,10,150,92,0.15527711509166947
680,4,10,150,92,0.11377863936243801
681,4,10,150,92,0.0
682,4,10,150,92,0.17297069256598407
683,4,10,150,92,0.0
684,4,10,150,92,0.06573003977381581
685,4,10,150,92,0.1906465758273748
686,4,10,150,92,0.1682282387290392
687,4,10,150,92,0.0
688,4,10,150,92,0.13095683635706423
689,4,10,150,92,0.2385743953554933
690,4,10,150,92,0.14944514316606491
691,4,10,150,92,0.13843129503711957
692,4,10,150,92,0.1753901755134814
693,4,10,150,92,0.0
694,4,10,150,92,0.2448812985235888
695,4,10,150,92,0.03629635962013474
696,4,10,150,92,0.039725595076707886
697,4,10,150,92,0.058391396119965244
698,4,10,150,92,0.041937660325009396
699,4,10,150,92,0.11291908148098284
700,4,10,150,92,0.12729890218214104
701,4,10,150,92,0.11497698281480273
702,4,10,150,92,0.037715680681715956
703,4,10,150,92,0.14202859508692728
704,4,10,150,92,0.2916443317855694
705,4,10,150,92,0.22667088038444094
706,4,10,150,92,0.04395738023645723
707,4,10,150,92,0.06313664925364729
708,4,10,150,92,0.12228634424244818
709,4,10,150,92,0.13472082394875662
710,4,10,150,92,0.10695361352497157
711,4,10,150,92,0.18133007201622714
712,4,10,150,92,0.15511023313323485
713,4,10,150,92,0.1468735732232516
714,4,10,150,92,0.03441184191455828
715,4,10,150,92,0.0
716,4,10,150,92,0.22280465686436546
717,4,10,150,92,0.09054670163637572
718,4,10,150,92,0.06264632882289006
719,4,10,150,92,0.09883437846193516
720,4,10,150,92,0.0
721,4,10,150,92,0.1850388725092322
722,4,10,150,92,0.06556429791586475
723,4,10,150,92,0.0
724,4,10,150,92,0.0
725,4,10,150,92,0.0
726,4,10,150,92,0.05010834716923557
727,4,10,150,92,0.11689654453453828
728,4,10,150,92,0.09627818061559096
729,4,10,150,92,0.1718665370882412
730,4,10,150,92,0.0478435080782347
731,4,10,150,92,0.14717311932656024
732,4,10,150,92,0.0
733,4,10,150,92,0.14514596345398123
734,4,10,150,92,0.0
735,4,10,150,92,0.0
736,4,10,150,92,0.03351972906068008
737,4,10,150,92,0.1138970555583582
738,4,10,150,92,0.13922998739868644
739,4,10,150,92,0.06276777357339133
740,4,10,150,92,0.0
741,4,10,150,92,0.05358697798864893
742,4,10,150,92,0.0488929053971083
743,4,10,150,92,0.09946096543827337
744,4,10,150,92,0.03596673601130318
745,4,10,150,92,0.03520132288421838
746,4,10,150,92,0.25743994347908983
747,4,10,150,92,0.37297735727642706
748,4,10,150,92,0.09621648119325965
749,4,10,150,92,0.138412681268527
750,4,10,150,92,0.07184731398235064
751,4,10,150,92,0.08554799479006837
752,4,10,150,92,0.04389473417066348
753,4,10,150,92,0.15780803084928155
754,4,10,150,92,0.0
755,4,10,150,92,0.03855371268423985
756,4,10,150,92,0.031104745345423533
757,4,10,150,92,0.03006311680450147
758,4,10,150,92,0.2791850172080402
759,4,10,150,92,0.11006100937916612
760,4,10,150,92,0.03004859059698017
761,4,10,150,92,0.06869287000000811
762,4,10,150,92,0.08807782327857085
763,4,10,150,92,0.05892228941894017
764,4,10,150,92,0.08946696896639536
765,4,10,150,92,0.15066101840234988
766,4,10,150,92,0.04476098449293134
767,4,10,150,92,0.13884445379214724
768,4,10,150,92,0.08438032815655525
769,4,10,150,92,0.0
770,4,10,150,92,0.21464739068424896
771,4,10,150,92,0.32869562799119006
772,4,10,150,92,0.17356150297482983
773,4,10,150,92,0.08696710392235718
774,4,10,150,92,0.04829180066954112
775,4,10,150,92,0.038478285726379145
776,4,10,150,92,0.15403842856019037
777,4,10,150,92,0.0
778,4,10,150,92,0.1631238413472767
779,4,10,150,92,0.0
780,4,10,150,92,0.1424788567451383
781,4,10,150,92,0.2016539629141292
782,4,10,150,92,0.03410286253729913
783,4,10,150,92,0.0
784,4,10,150,92,0.029814614753779622
785,4,10,150,92,0.0
786,4,10,150,92,0.0
787,4,10,150,92,0.0
788,4,10,150,92,0.20302142063886225
789,4,10,150,92,0.08809718769055445
790,4,10,150,92,0.0722193129155793
791,4,10,150,92,0.04465281017341861
792,4,10,150,92,0.08944329533390502
793,4,10,150,92,0.0
794,4,10,150,92,0.14270855432908344
795,4,10,150,92,0.08637279041318525
796,4,10,150,92,0.30474869186182724
797,4,10,150,92,0.11278903329502893
798,4,10,150,92,0.03977088469576457
799,4,10,150,92,0.030246823655067756
800,4,10,150,92,0.14355603192121702
801,4,10,150,92,0.1561471668577559
802,4,10,150,92,0.06960082070980815
803,4,10,150,92,0.10569353498973794
804,4,10,150,92,0.10382170673605311
805,4,10,150,92,0.10672965377055064
806,4,10,150,92,0.2959152150106387
807,4,10,150,92,0.10712329127351711
808,4,10,150,92,0.1025417224926713
809,4,10,150,92,0.10356976056061801
810,4,10,150,92,0.17634899502333787
811,4,10,150,92,0.06806289116376577
812,4,10,150,92,0.09594989011285139
813,4,10,150,92,0.0
814,4,10,150,92,0.034616222155696735
815,4,10,150,92,0.19534267166051425
816,4,10,150,92,0.0
817,4,10,150,92,0.0
818,4,10,150,92,0.05516788910004661
819,4,10,150,92,0.037210602758860095
820,4,10,150,92,0.0787987754690289
821,4,10,150,92,0.302950268110492
822,4,10,150,92,0.05548928785951652
823,4,10,150,92,0.19825193631094293
824,4,10,150,92,0.05046096657376444
825,4,10,150,92,0.08238190489603152
826,4,10,150,92,0.17593166652195671
827,4,10,150,92,0.0
828,4,10,150,92,0.05745618865524075
829,4,10,150,92,0.1751347628439014
830,4,10,150,92,0.22862234433549483
831,4,10,150,92,0.21058943716644085
832,4,10,150,92,0.0
833,4,10,150,92,0.14040038371048547
834,4,10,150,92,0.2706897351446418
835,4,10,150,92,0.2282338502278767
836,4,10,150,92,0.22113373377912962
837,4,10,150,92,0.05665916465450996
838,4,10,150,92,0.27895398740912175
839,4,10,150,92,0.10730655186373157
840,4,10,150,92,0.3366426952865436
841,4,10,150,92,0.06507217400164225
842,4,10,150,92,0.03947561302344988
843,4,10,150,92,0.008167976400118574
844,4,10,150,92,0.05872188515498603
845,4,10,150,92,0.0
846,4,10,150,92,0.32481481108651433
847,4,10,150,92,0.05107153900660915
848,4,10,150,92,0.12411911859855335
849,4,10,150,92,0.07738342520054953
850,4,10,150,92,0.29160326485645294
851,4,10,150,92,0.06520552028363663
852,4,10,150,92,0.26227118260874954
853,4,10,150,92,0.0
854,4,10,150,92,0.0806368628462898
855,4,10,150,92,0.03638796155629422
856,4,10,150,92,0.037110354711564805
857,4,10,150,92,0.0
858,4,10,150,92,0.10250982096838526
859,4,10,150,92,0.05070263548706836
860,4,10,150,92,0.12431618373412671
861,4,10,150,92,0.06460834446248033
862,4,10,150,92,0.18002516911036637
863,4,10,150,92,0.06336841123297353
864,4,10,150,92,0.3637547716245313
865,4,10,150,92,0.11652577583309928
866,4,10,150,92,0.16283687678415507
867,4,10,150,92,0.26419118896030336
868,4,10,150,92,0.1760977606207136
869,4,10,150,92,0.08067880958900249
870,4,10,150,92,0.2153826704602911
871,4,10,150,92,0.07012986265386374
872,4,10,150,92,0.02804794621397926
873,4,10,150,92,0.0
874,4,10,150,92,0.13944914190808633
875,4,10,150,92,0.17307899610640343
876,4,10,150,92,0.08671382849411972
877,4,10,150,92,0.0835317778614811
878,4,10,150,92,0.1706804422753891
879,4,10,150,92,0.03963466998423315
880,4,10,150,92,0.2837957253026097
881,4,10,150,92,0.09632815580261235
882,4,10,150,92,0.2238061440578927
883,4,10,150,92,0.2691513075431632
884,4,10,150,92,0.11407805705099587
885,4,10,150,92,0.04536087033637415
886,4,10,150,92,0.1587835303291923
887,4,10,150,92,0.10214828088611402
888,4,10,150,92,0.11625487663628292
889,4,10,150,92,0.00884961948799139
890,4,10,150,92,0.11434431442033766
891,4,10,150,92,0.10491091696774645
892,4,10,150,92,0.2455191816579957
893,4,10,150,92,0.146669204611781
894,4,10,150,92,0.09145433395838766
895,4,10,150,92,0.0
896,4,10,150,92,0.24588985374799013
897,4,10,150,92,0.3071672815592065
898,4,10,150,92,0.0
899,4,10,150,92,0.05684415375822261
900,4,10,150,92,0.055315677011973347
901,4,10,150,92,0.23198521014469126
902,4,10,150,92,0.05978585424799658
903,4,10,150,92,0.24651430146847014
904,4,10,150,92,0.026152770438578738
905,4,10,150,92,0.0
906,4,10,150,92,0.10407444169186962
907,4,10,150,92,0.08460920127967277
908,4,10,150,92,0.06892767477436933
909,4,10,150,92,0.02504502208733339
910,4,10,150,92,0.02138152805479416
911,4,10,150,92,0.14690565417489143
912,4,10,150,92,0.1958275913448339
913,4,10,150,92,0.08380195844185999
914,4,10,150,92,0.0
915,4,10,150,92,0.0
916,4,10,150,92,0.2025985208654725
917,4,10,150,92,0.0
918,4,10,150,92,0.043627084055128
919,4,10,150,92,0.08116731712468818
920,4,10,150,92,0.0
921,4,10,150,92,0.15405864814296488
922,4,10,150,92,0.1280645281724967
923,4,10,150,92,0.04031825574984845
924,4,10,150,92,0.018280262702529162
925,4,10,150,92,0.032527050404589315
926,4,10,150,92,0.0
927,4,10,150,92,0.12527716133750888
928,4,10,150,92,0.1873259908039563
929,4,10,150,92,0.25163227912988373
930,4,10,150,92,0.032298243696638564
931,4,10,150,92,0.08679587898287541
932,4,10,150,92,0.26581896687705886
933,4,10,150,92,0.13752245444306133
934,4,10,150,92,0.10071040486185964
935,4,10,150,92,0.04173963774222741
936,4,10,150,92,0.14594031167660285
937,4,10,150,92,0.030246823655067756
938,4,10,150,92,0.1661428141234511
939,4,10,150,92,0.02916862694666808
940,4,10,150,92,0.09159953699030629
941,4,10,150,92,0.0
942,4,10,150,92,0.12154822122445835
943,4,10,150,92,0.20163692230838232
1,4,10,150,93,0.4058715898896693
2,4,10,150,93,0.06250343848035038
3,4,10,150,93,0.0
4,4,10,150,93,0.0
5,4,10,150,93,0.040209635547393256
6,4,10,150,93,0.27020011346731576
7,4,10,150,93,0.3507427912641652
8,4,10,150,93,0.0
9,4,10,150,93,0.21840743681816419
10,4,10,150,93,0.21491451057814584
11,4,10,150,93,0.1722584975122812
12,4,10,150,93,0.0
13,4,10,150,93,0.23354755242906122
14,4,10,150,93,0.03963175841995263
15,4,10,150,93,0.05010834716923557
16,4,10,150,93,0.1394055771274295
17,4,10,150,93,0.12407735386140566
18,4,10,150,93,0.2651132679673976
19,4,10,150,93,0.0
20,4,10,150,93,0.0
21,4,10,150,93,0.0
22,4,10,150,93,0.11702382382650763
23,4,10,150,93,0.2686879793224394
24,4,10,150,93,0.0
25,4,10,150,93,0.12358102547512423
26,4,10,150,93,0.0
27,4,10,150,93,0.0
28,4,10,150,93,0.0
29,4,10,150,93,0.13455232720853103
30,4,10,150,93,0.0
31,4,10,150,93,0.0
32,4,10,150,93,0.0
33,4,10,150,93,0.0
35,4,10,150,93,0.10523285614729473
36,4,10,150,93,0.15329048865267808
37,4,10,150,93,0.0
38,4,10,150,93,0.04739418218477539
39,4,10,150,93,0.0
40,4,10,150,93,0.10558114683788161
41,4,10,150,93,0.0
42,4,10,150,93,0.0683037314796457
43,4,10,150,93,0.22592974817952552
44,4,10,150,93,0.2044921015662719
45,4,10,150,93,0.05200670101006268
46,4,10,150,93,0.11284514134893527
47,4,10,150,93,0.06250343848035038
48,4,10,150,93,0.0
49,4,10,150,93,0.0
50,4,10,150,93,0.0
51,4,10,150,93,0.16812753627111746
52,4,10,150,93,0.0
54,4,10,150,93,0.04843244625481133
56,4,10,150,93,0.20383503459815738
57,4,10,150,93,0.3030555992505742
58,4,10,150,93,0.3717269535737058
59,4,10,150,93,0.31915425394541946
60,4,10,150,93,0.1505674224523334
61,4,10,150,93,0.07763867093308688
62,4,10,150,93,0.10440036542861637
63,4,10,150,93,0.0
64,4,10,150,93,0.04238468688770069
65,4,10,150,93,0.13012668333070054
66,4,10,150,93,0.0
67,4,10,150,93,0.0
68,4,10,150,93,0.4827392464262081
69,4,10,150,93,0.07673373981757839
70,4,10,150,93,0.0
71,4,10,150,93,0.046966485689931024
72,4,10,150,93,0.09048427472954688
73,4,10,150,93,0.0
74,4,10,150,93,0.0
75,4,10,150,93,0.049432410190049694
76,4,10,150,93,0.1301464707340554
77,4,10,150,93,0.10201115106436301
78,4,10,150,93,0.0
79,4,10,150,93,0.3603915858241842
80,4,10,150,93,0.0
81,4,10,150,93,0.0
82,4,10,150,93,0.19298623480417013
83,4,10,150,93,0.1569263624205769
84,4,10,150,93,0.05034889199379723
85,4,10,150,93,0.0
87,4,10,150,93,0.07100089300395272
89,4,10,150,93,0.2553387838830436
90,4,10,150,93,0.14035324954983075
91,4,10,150,93,0.05648147012627732
92,4,10,150,93,0.10542637391232386
93,4,10,150,93,0.0
94,4,10,150,93,0.1398942649682608
95,4,10,150,93,0.17287436926807473
96,4,10,150,93,0.10181164814261426
97,4,10,150,93,0.11661748975177716
98,4,10,150,93,0.0930297504356062
99,4,10,150,93,0.05658242244874664
100,4,10,150,93,0.0
101,4,10,150,93,0.0
102,4,10,150,93,0.02424726876918863
103,4,10,150,93,0.0
104,4,10,150,93,0.0
105,4,10,150,93,0.0
106,4,10,150,93,0.0
107,4,10,150,93,0.07193596522633457
108,4,10,150,93,0.0
109,4,10,150,93,0.07103066762111539
110,4,10,150,93,0.0
111,4,10,150,93,0.0
112,4,10,150,93,0.05685954565780693
113,4,10,150,93,0.053168340515114924
114,4,10,150,93,0.0
115,4,10,150,93,0.10684080426179023
116,4,10,150,93,0.0
117,4,10,150,93,0.26646890433550474
118,4,10,150,93,0.0
119,4,10,150,93,0.24777925016776411
120,4,10,150,93,0.0
121,4,10,150,93,0.271985059917519
122,4,10,150,93,0.19939609492576266
123,4,10,150,93,0.07386004580671933
125,4,10,150,93,0.12702645795516354
126,4,10,150,93,0.06911917000496234
127,4,10,150,93,0.23132283185955704
128,4,10,150,93,0.0804528329814545
129,4,10,150,93,0.0
130,4,10,150,93,0.21603440505602572
131,4,10,150,93,0.06556385272536247
133,4,10,150,93,0.11047239495909743
134,4,10,150,93,0.0
135,4,10,150,93,0.0
137,4,10,150,93,0.1371200812351206
138,4,10,150,93,0.06140414576373613
139,4,10,150,93,0.0
141,4,10,150,93,0.038963097133338453
142,4,10,150,93,0.13373003436102654
143,4,10,150,93,0.1208996448617798
144,4,10,150,93,0.1227945149537572
145,4,10,150,93,0.1075804523117992
146,4,10,150,93,0.0
148,4,10,150,93,0.24915983520522694
149,4,10,150,93,0.0
150,4,10,150,93,0.10235170428306553
151,4,10,150,93,0.10702155329127065
152,4,10,150,93,0.040655755922716606
153,4,10,150,93,0.0
154,4,10,150,93,0.11753148666901318
155,4,10,150,93,0.0
156,4,10,150,93,0.0
158,4,10,150,93,0.17575552384613552
159,4,10,150,93,0.03310852000739229
160,4,10,150,93,0.0
161,4,10,150,93,0.0
162,4,10,150,93,0.04858102772529458
163,4,10,150,93,0.0
164,4,10,150,93,0.0
165,4,10,150,93,0.12114889742360979
166,4,10,150,93,0.0
167,4,10,150,93,0.06267320809766952
168,4,10,150,93,0.23504554941448536
169,4,10,150,93,0.11641320690977976
170,4,10,150,93,0.0
171,4,10,150,93,0.0
172,4,10,150,93,0.0
173,4,10,150,93,0.11302181651994404
174,4,10,150,93,0.08712841477105211
175,4,10,150,93,0.0
176,4,10,150,93,0.09511409151391914
177,4,10,150,93,0.06912040963822193
178,4,10,150,93,0.2437589399037192
179,4,10,150,93,0.06723507268634088
180,4,10,150,93,0.12262943855309168
181,4,10,150,93,0.062426915812405386
182,4,10,150,93,0.0
183,4,10,150,93,0.0
184,4,10,150,93,0.11356458502877588
185,4,10,150,93,0.07745351606183934
186,4,10,150,93,0.22147164648185297
187,4,10,150,93,0.08625091781054979
188,4,10,150,93,0.054384419234677496
189,4,10,150,93,0.23042891886703956
190,4,10,150,93,0.10699313236726378
191,4,10,150,93,0.0
192,4,10,150,93,0.0
193,4,10,150,93,0.039158662511086184
194,4,10,150,93,0.11592484831532757
195,4,10,150,93,0.0
196,4,10,150,93,0.0
197,4,10,150,93,0.05576624569167862
198,4,10,150,93,0.0
199,4,10,150,93,0.0
200,4,10,150,93,0.1350618908658632
201,4,10,150,93,0.1353805281228694
203,4,10,150,93,0.0
204,4,10,150,93,0.0
205,4,10,150,93,0.0
206,4,10,150,93,0.0
207,4,10,150,93,0.09412450373990706
209,4,10,150,93,0.0
210,4,10,150,93,0.09440608278107551
211,4,10,150,93,0.0
212,4,10,150,93,0.12681701683239352
213,4,10,150,93,0.2384146878320104
214,4,10,150,93,0.056720838976548935
215,4,10,150,93,0.0
216,4,10,150,93,0.06585783135342528
217,4,10,150,93,0.0
218,4,10,150,93,0.19092086617893467
219,4,10,150,93,0.0
221,4,10,150,93,0.3375735570145491
222,4,10,150,93,0.12476107276951183
223,4,10,150,93,0.03870447337439288
224,4,10,150,93,0.0
225,4,10,150,93,0.0
226,4,10,150,93,0.08080765379783027
227,4,10,150,93,0.0
228,4,10,150,93,0.0
229,4,10,150,93,0.0
230,4,10,150,93,0.23712439662683835
231,4,10,150,93,0.0
232,4,10,150,93,0.3234992853586256
233,4,10,150,93,0.0968152409481219
234,4,10,150,93,0.1481502210952491
235,4,10,150,93,0.06065881345112158
236,4,10,150,93,0.0
237,4,10,150,93,0.0
238,4,10,150,93,0.0
239,4,10,150,93,0.11792279130466408
240,4,10,150,93,0.05497526658285817
242,4,10,150,93,0.0
243,4,10,150,93,0.09267768927614353
244,4,10,150,93,0.15765545519871427
245,4,10,150,93,0.10704534003732354
246,4,10,150,93,0.11120150311654428
247,4,10,150,93,0.0
248,4,10,150,93,0.14830051302014485
249,4,10,150,93,0.31180658179892495
250,4,10,150,93,0.3503302816689379
251,4,10,150,93,0.0
252,4,10,150,93,0.0
253,4,10,150,93,0.05954496680255472
254,4,10,150,93,0.0
255,4,10,150,93,0.042447135269629226
256,4,10,150,93,0.2045015508513237
257,4,10,150,93,0.3305900772260718
258,4,10,150,93,0.07557488532248983
259,4,10,150,93,0.0
260,4,10,150,93,0.0
261,4,10,150,93,0.0
262,4,10,150,93,0.05029331645508228
263,4,10,150,93,0.18094314889157095
264,4,10,150,93,0.05840183867278569
265,4,10,150,93,0.10209739512291163
267,4,10,150,93,0.09794101962538232
268,4,10,150,93,0.2097420325497775
269,4,10,150,93,0.13223875150584097
270,4,10,150,93,0.046726672111120165
271,4,10,150,93,0.12276482551434069
272,4,10,150,93,0.14498698048571354
273,4,10,150,93,0.0
274,4,10,150,93,0.0
275,4,10,150,93,0.04605780568615433
276,4,10,150,93,0.20223032365941937
277,4,10,150,93,0.0
279,4,10,150,93,0.07923708494918187
280,4,10,150,93,0.03337620304869898
281,4,10,150,93,0.0
283,4,10,150,93,0.1292258709239571
284,4,10,150,93,0.0
285,4,10,150,93,0.1185995982858366
286,4,10,150,93,0.31887623993711317
287,4,10,150,93,0.11352455583778437
288,4,10,150,93,0.12538054736008386
289,4,10,150,93,0.13905617951077562
290,4,10,150,93,0.0
291,4,10,150,93,0.23494592513118112
292,4,10,150,93,0.12610583976873452
293,4,10,150,93,0.2344161202530718
294,4,10,150,93,0.04123398036294628
295,4,10,150,93,0.2670961153715764
296,4,10,150,93,0.5382063622180417
297,4,10,150,93,0.13535082686131417
298,4,10,150,93,0.19947114504638494
299,4,10,150,93,0.0
300,4,10,150,93,0.0
301,4,10,150,93,0.047934103497110726
303,4,10,150,93,0.12680868731260003
304,4,10,150,93,0.0
305,4,10,150,93,0.31514747987601716
306,4,10,150,93,0.0
307,4,10,150,93,0.1383141340724969
308,4,10,150,93,0.20874539670669104
309,4,10,150,93,0.0
310,4,10,150,93,0.0
311,4,10,150,93,0.08938791352906189
312,4,10,150,93,0.14069579419580536
313,4,10,150,93,0.14465709645474623
314,4,10,150,93,0.20285519102295546
315,4,10,150,93,0.0
316,4,10,150,93,0.04568304891751105
317,4,10,150,93,0.0
318,4,10,150,93,0.13815200906377123
319,4,10,150,93,0.0
320,4,10,150,93,0.0
321,4,10,150,93,0.062242588308449316
322,4,10,150,93,0.17342765698823945
323,4,10,150,93,0.14126697285982898
324,4,10,150,93,0.03555702818464106
325,4,10,150,93,0.0
326,4,10,150,93,0.0634222181618871
327,4,10,150,93,0.04302935573946656
328,4,10,150,93,0.1437524526514495
329,4,10,150,93,0.0
330,4,10,150,93,0.08083527637667369
331,4,10,150,93,0.16958010263680806
332,4,10,150,93,0.046679707512804314
333,4,10,150,93,0.0
334,4,10,150,93,0.0858345406672181
336,4,10,150,93,0.0
337,4,10,150,93,0.16716045496620227
338,4,10,150,93,0.05005165434923901
339,4,10,150,93,0.1344957225763306
340,4,10,150,93,0.0
341,4,10,150,93,0.0
342,4,10,150,93,0.2625072992734236
343,4,10,150,93,0.3094263721986468
344,4,10,150,93,0.23832550406045652
345,4,10,150,93,0.056149696530797676
346,4,10,150,93,0.13947804593499064
347,4,10,150,93,0.11116062301189339
348,4,10,150,93,0.071942683897578
349,4,10,150,93,0.07673373981757839
350,4,10,150,93,0.2065896325117088
351,4,10,150,93,0.0
352,4,10,150,93,0.0
353,4,10,150,93,0.0
354,4,10,150,93,0.051249224710132255
355,4,10,150,93,0.0
356,4,10,150,93,0.08406376813555873
357,4,10,150,93,0.05006331611131463
358,4,10,150,93,0.20438239758848611
359,4,10,150,93,0.0
360,4,10,150,93,0.09491042451242505
361,4,10,150,93,0.09622728274290568
362,4,10,150,93,0.1896300420144415
363,4,10,150,93,0.21862978877358352
364,4,10,150,93,0.0
365,4,10,150,93,0.03956979699823825
366,4,10,150,93,0.0
367,4,10,150,93,0.07630862162354303
368,4,10,150,93,0.0
369,4,10,150,93,0.0
370,4,10,150,93,0.13479984916817475
371,4,10,150,93,0.22569563125869263
372,4,10,150,93,0.03657576498735172
373,4,10,150,93,0.08627719815628208
374,4,10,150,93,0.09834160864069898
375,4,10,150,93,0.0
376,4,10,150,93,0.0
377,4,10,150,93,0.08010929472340098
378,4,10,150,93,0.2514344090063784
379,4,10,150,93,0.1665016263976196
380,4,10,150,93,0.0
381,4,10,150,93,0.09118180877280627
382,4,10,150,93,0.0
383,4,10,150,93,0.0848644637410381
384,4,10,150,93,0.0
385,4,10,150,93,0.0
386,4,10,150,93,0.0
387,4,10,150,93,0.11497906462099297
388,4,10,150,93,0.04511904280884329
389,4,10,150,93,0.17394090433083284
390,4,10,150,93,0.0
391,4,10,150,93,0.2137247802747043
392,4,10,150,93,0.056679935917756406
393,4,10,150,93,0.07902434057012214
394,4,10,150,93,0.11073655428626575
395,4,10,150,93,0.09179488000267515
396,4,10,150,93,0.0
397,4,10,150,93,0.2710147943938467
398,4,10,150,93,0.18852571653533698
399,4,10,150,93,0.07594334672458623
400,4,10,150,93,0.0
401,4,10,150,93,0.0
402,4,10,150,93,0.08963222225173058
403,4,10,150,93,0.1586673445830345
404,4,10,150,93,0.0
405,4,10,150,93,0.06667735269275575
406,4,10,150,93,0.20956416940551098
407,4,10,150,93,0.08088217699131102
408,4,10,150,93,0.0
409,4,10,150,93,0.12740448328320192
410,4,10,150,93,0.0
411,4,10,150,93,0.0
412,4,10,150,93,0.0
413,4,10,150,93,0.041646268351119564
414,4,10,150,93,0.0
415,4,10,150,93,0.15103391472831218
416,4,10,150,93,0.23166052731397035
417,4,10,150,93,0.09850508837083022
418,4,10,150,93,0.0
419,4,10,150,93,0.1208113026994942
420,4,10,150,93,0.06052048269976269
421,4,10,150,93,0.19620555836557932
422,4,10,150,93,0.07550298029238112
423,4,10,150,93,0.053845569940583225
424,4,10,150,93,0.2766918177656049
425,4,10,150,93,0.1674157226455415
426,4,10,150,93,0.040759261617270684
427,4,10,150,93,0.07466168586864165
428,4,10,150,93,0.04415960465480069
429,4,10,150,93,0.14355264986043786
430,4,10,150,93,0.0
431,4,10,150,93,0.0
432,4,10,150,93,0.05789711601244791
433,4,10,150,93,0.05780921899607981
434,4,10,150,93,0.2562151231304954
435,4,10,150,93,0.18254689597780008
436,4,10,150,93,0.0
437,4,10,150,93,0.1246139643684977
438,4,10,150,93,0.0
439,4,10,150,93,0.10863976191957724
440,4,10,150,93,0.0
441,4,10,150,93,0.07736100002633538
442,4,10,150,93,0.040949887133979804
443,4,10,150,93,0.06783204105472322
444,4,10,150,93,0.1312721899408984
445,4,10,150,93,0.0
446,4,10,150,93,0.0
447,4,10,150,93,0.16246725303708914
448,4,10,150,93,0.0
449,4,10,150,93,0.1882329728596757
450,4,10,150,93,0.2230321343934026
451,4,10,150,93,0.06148915918944534
452,4,10,150,93,0.10773098771530253
453,4,10,150,93,0.0
454,4,10,150,93,0.015175188400892194
455,4,10,150,93,0.12741622541866474
456,4,10,150,93,0.033760343206167075
457,4,10,150,93,0.31128444613224265
458,4,10,150,93,0.06982799741808067
459,4,10,150,93,0.0
460,4,10,150,93,0.05184030722866645
461,4,10,150,93,0.05428363317977833
462,4,10,150,93,0.0
463,4,10,150,93,0.11987424504051505
464,4,10,150,93,0.027878824909352323
465,4,10,150,93,0.036206233555619735
466,4,10,150,93,0.0
467,4,10,150,93,0.07807600999842033
468,4,10,150,93,0.11455543964849552
469,4,10,150,93,0.05165643482805862
470,4,10,150,93,0.0
471,4,10,150,93,0.0
472,4,10,150,93,0.13402286793172438
473,4,10,150,93,0.06140244428718695
474,4,10,150,93,0.24593822460513717
475,4,10,150,93,0.0
476,4,10,150,93,0.0
477,4,10,150,93,0.0
478,4,10,150,93,0.2345109835167376
479,4,10,150,93,0.10172348796286074
480,4,10,150,93,0.0741070054529978
481,4,10,150,93,0.13102204196909084
482,4,10,150,93,0.0
483,4,10,150,93,0.05658242244874664
484,4,10,150,93,0.29539974213048126
485,4,10,150,93,0.0
486,4,10,150,93,0.0
487,4,10,150,93,0.09557986065110975
488,4,10,150,93,0.0
489,4,10,150,93,0.04327665636516388
490,4,10,150,93,0.0
491,4,10,150,93,0.14208678740137623
492,4,10,150,93,0.0
493,4,10,150,93,0.16765112971402235
494,4,10,150,93,0.0
495,4,10,150,93,0.17949652011459483
496,4,10,150,93,0.10506396802211523
497,4,10,150,93,0.10180531361143179
498,4,10,150,93,0.0
499,4,10,150,93,0.07269358580389043
500,4,10,150,93,0.09541527213731128
501,4,10,150,93,0.0
502,4,10,150,93,0.0
503,4,10,150,93,0.16237935278338944
504,4,10,150,93,0.08148269775823089
505,4,10,150,93,0.07379217622092994
506,4,10,150,93,0.1954778976905469
507,4,10,150,93,0.05319635904163211
508,4,10,150,93,0.0
509,4,10,150,93,0.0
510,4,10,150,93,0.0
511,4,10,150,93,0.08495943917278885
512,4,10,150,93,0.05478392673173268
513,4,10,150,93,0.0
514,4,10,150,93,0.27252722616773445
515,4,10,150,93,0.11706259313796354
516,4,10,150,93,0.0
517,4,10,150,93,0.08878770367712427
518,4,10,150,93,0.0
519,4,10,150,93,0.0
520,4,10,150,93,0.0
521,4,10,150,93,0.09850628252086785
522,4,10,150,93,0.16015986784807879
523,4,10,150,93,0.08192351372077554
524,4,10,150,93,0.1388155168339688
525,4,10,150,93,0.0
526,4,10,150,93,0.15355181494703254
527,4,10,150,93,0.1636135858112592
528,4,10,150,93,0.10209739512291163
529,4,10,150,93,0.0
530,4,10,150,93,0.0
531,4,10,150,93,0.1517763576041802
532,4,10,150,93,0.29773995317245644
533,4,10,150,93,0.1301019856167998
534,4,10,150,93,0.15271774407237912
535,4,10,150,93,0.15258506350829476
536,4,10,150,93,0.15105160768725473
537,4,10,150,93,0.28019116651152004
538,4,10,150,93,0.14697776980950736
539,4,10,150,93,0.15499711656631066
540,4,10,150,93,0.0
541,4,10,150,93,0.0586415067779619
542,4,10,150,93,0.07034465017648367
543,4,10,150,93,0.10658822866425441
544,4,10,150,93,0.05282936728943967
545,4,10,150,93,0.02244213465825961
546,4,10,150,93,0.05758752804519195
547,4,10,150,93,0.0
548,4,10,150,93,0.14714570243929503
549,4,10,150,93,0.0
550,4,10,150,93,0.08775411958203361
551,4,10,150,93,0.10128126837397917
552,4,10,150,93,0.1205344274731702
553,4,10,150,93,0.07411563356774664
554,4,10,150,93,0.1651387839044021
555,4,10,150,93,0.0
556,4,10,150,93,0.07660623398069263
557,4,10,150,93,0.031742154565302834
558,4,10,150,93,0.08878770367712427
559,4,10,150,93,0.09986350037763675
560,4,10,150,93,0.09375790921485552
561,4,10,150,93,0.14725545437769655
562,4,10,150,93,0.07930308311174379
563,4,10,150,93,0.0
564,4,10,150,93,0.15437610727371853
565,4,10,150,93,0.0
566,4,10,150,93,0.03579489106983033
567,4,10,150,93,0.1964649491153665
568,4,10,150,93,0.036155150901276155
569,4,10,150,93,0.18299769260789403
570,4,10,150,93,0.0
571,4,10,150,93,0.04988426711147283
572,4,10,150,93,0.16812753627111746
573,4,10,150,93,0.06437746926759551
574,4,10,150,93,0.051811563545175146
575,4,10,150,93,0.0
576,4,10,150,93,0.0
577,4,10,150,93,0.2181315616010628
578,4,10,150,93,0.05006331611131463
579,4,10,150,93,0.029371016515430802
580,4,10,150,93,0.17202958801773222
581,4,10,150,93,0.14348105418014392
582,4,10,150,93,0.03190895161277091
583,4,10,150,93,0.05364822253323318
584,4,10,150,93,0.06323567569191428
585,4,10,150,93,0.04173963774222741
586,4,10,150,93,0.05786021189691368
587,4,10,150,93,0.019492972026130224
588,4,10,150,93,0.1626111040880965
589,4,10,150,93,0.0
590,4,10,150,93,0.053845569940583225
591,4,10,150,93,0.047298896168385694
592,4,10,150,93,0.34229291295940956
593,4,10,150,93,0.07711036365720102
594,4,10,150,93,0.044551000676675064
595,4,10,150,93,0.10296141646738245
596,4,10,150,93,0.0
597,4,10,150,93,0.27101620591530523
598,4,10,150,93,0.0684591776394769
599,4,10,150,93,0.047338452314727386
600,4,10,150,93,0.09197011795311534
601,4,10,150,93,0.0
602,4,10,150,93,0.0
603,4,10,150,93,0.0
604,4,10,150,93,0.0
605,4,10,150,93,0.26275270116262744
606,4,10,150,93,0.1839502972074742
607,4,10,150,93,0.12532490984563913
608,4,10,150,93,0.12209659098915113
609,4,10,150,93,0.0
610,4,10,150,93,0.2146842601596213
611,4,10,150,93,0.07624568872860434
612,4,10,150,93,0.0
613,4,10,150,93,0.08385150490449667
614,4,10,150,93,0.0
615,4,10,150,93,0.04919117729584568
616,4,10,150,93,0.03618657486793958
617,4,10,150,93,0.0
618,4,10,150,93,0.16203815742271935
619,4,10,150,93,0.12363660028711727
620,4,10,150,93,0.159486715201797
621,4,10,150,93,0.11278207190006835
622,4,10,150,93,0.18241748250491993
623,4,10,150,93,0.2117125497194188
624,4,10,150,93,0.08019069792665304
625,4,10,150,93,0.0
626,4,10,150,93,0.06228974831361337
627,4,10,150,93,0.06945233499530101
628,4,10,150,93,0.06835692304018633
629,4,10,150,93,0.19194057324582506
630,4,10,150,93,0.15874779570678058
631,4,10,150,93,0.0
632,4,10,150,93,0.12112269717167994
633,4,10,150,93,0.11499138576948859
634,4,10,150,93,0.05294832419446749
635,4,10,150,93,0.04546401530948942
636,4,10,150,93,0.11426572661305327
637,4,10,150,93,0.01928973283308616
638,4,10,150,93,0.09712868482236708
639,4,10,150,93,0.03138892079718151
640,4,10,150,93,0.10536866733091729
641,4,10,150,93,0.10427070662550339
642,4,10,150,93,0.1359233084670957
643,4,10,150,93,0.11071279041815515
644,4,10,150,93,0.04935421935348238
645,4,10,150,93,0.17581821458755492
646,4,10,150,93,0.0
647,4,10,150,93,0.05363388010108191
648,4,10,150,93,0.14840070543561068
649,4,10,150,93,0.15489949502599
650,4,10,150,93,0.13574218972482194
651,4,10,150,93,0.0
652,4,10,150,93,0.08156220960446063
653,4,10,150,93,0.0906036790514784
654,4,10,150,93,0.21255442687635834
655,4,10,150,93,0.2472951933184942
656,4,10,150,93,0.1259623300388048
657,4,10,150,93,0.04140815094666367
658,4,10,150,93,0.2625403796417579
659,4,10,150,93,0.08781544355121487
660,4,10,150,93,0.13549488625249415
661,4,10,150,93,0.08605775303302886
662,4,10,150,93,0.0512644431393966
663,4,10,150,93,0.24026856780584893
664,4,10,150,93,0.28517362059082263
665,4,10,150,93,0.0
666,4,10,150,93,0.15654057249001205
667,4,10,150,93,0.31347596517570553
668,4,10,150,93,0.06194403202282284
669,4,10,150,93,0.1348578320198433
670,4,10,150,93,0.11766076217719713
671,4,10,150,93,0.22329352092456306
672,4,10,150,93,0.03603026685992244
673,4,10,150,93,0.14837758007547783
674,4,10,150,93,0.11338915993603582
675,4,10,150,93,0.0
676,4,10,150,93,0.2786979045104278
677,4,10,150,93,0.03314040476303028
678,4,10,150,93,0.03824432123396675
679,4,10,150,93,0.15527711509166947
680,4,10,150,93,0.11377863936243801
681,4,10,150,93,0.0
682,4,10,150,93,0.1716432890955979
683,4,10,150,93,0.0
684,4,10,150,93,0.06573003977381581
685,4,10,150,93,0.1906465758273748
686,4,10,150,93,0.1682282387290392
687,4,10,150,93,0.0
688,4,10,150,93,0.13095683635706423
689,4,10,150,93,0.2385743953554933
690,4,10,150,93,0.14944514316606491
691,4,10,150,93,0.13843129503711957
692,4,10,150,93,0.1753901755134814
693,4,10,150,93,0.0
694,4,10,150,93,0.2448812985235888
695,4,10,150,93,0.03629635962013474
696,4,10,150,93,0.039725595076707886
697,4,10,150,93,0.058391396119965244
698,4,10,150,93,0.041937660325009396
699,4,10,150,93,0.11291908148098284
700,4,10,150,93,0.12729890218214104
701,4,10,150,93,0.11497698281480273
702,4,10,150,93,0.037715680681715956
703,4,10,150,93,0.14202859508692728
704,4,10,150,93,0.2916443317855694
705,4,10,150,93,0.22667088038444094
706,4,10,150,93,0.04395738023645723
707,4,10,150,93,0.06313664925364729
708,4,10,150,93,0.12228634424244818
709,4,10,150,93,0.13472082394875662
710,4,10,150,93,0.12398145223298264
711,4,10,150,93,0.18133007201622714
712,4,10,150,93,0.15511023313323485
713,4,10,150,93,0.1468735732232516
714,4,10,150,93,0.03441184191455828
715,4,10,150,93,0.0
716,4,10,150,93,0.23091780804674622
717,4,10,150,93,0.09054670163637572
718,4,10,150,93,0.06264632882289006
719,4,10,150,93,0.09883437846193516
720,4,10,150,93,0.0
721,4,10,150,93,0.19572357575351293
722,4,10,150,93,0.06556429791586475
723,4,10,150,93,0.0
724,4,10,150,93,0.0
725,4,10,150,93,0.0
726,4,10,150,93,0.05010834716923557
727,4,10,150,93,0.11599946262667632
728,4,10,150,93,0.09627818061559096
729,4,10,150,93,0.1718665370882412
730,4,10,150,93,0.0478435080782347
731,4,10,150,93,0.14717311932656024
732,4,10,150,93,0.0
733,4,10,150,93,0.15867543784764906
734,4,10,150,93,0.0
735,4,10,150,93,0.0
736,4,10,150,93,0.03351972906068008
737,4,10,150,93,0.1138970555583582
738,4,10,150,93,0.13922998739868644
739,4,10,150,93,0.06276777357339133
740,4,10,150,93,0.0
741,4,10,150,93,0.05358697798864893
742,4,10,150,93,0.0488929053971083
743,4,10,150,93,0.09946096543827337
744,4,10,150,93,0.03596673601130318
745,4,10,150,93,0.03520132288421838
746,4,10,150,93,0.25743994347908983
747,4,10,150,93,0.37778922464895587
748,4,10,150,93,0.09621648119325965
749,4,10,150,93,0.13735048124645555
750,4,10,150,93,0.07184731398235064
751,4,10,150,93,0.08554799479006837
752,4,10,150,93,0.04389473417066348
753,4,10,150,93,0.15780803084928155
754,4,10,150,93,0.0
755,4,10,150,93,0.03855371268423985
756,4,10,150,93,0.031104745345423533
757,4,10,150,93,0.03006311680450147
758,4,10,150,93,0.27704250881413756
759,4,10,150,93,0.11006100937916612
760,4,10,150,93,0.03004859059698017
761,4,10,150,93,0.06869287000000811
762,4,10,150,93,0.08807782327857085
763,4,10,150,93,0.05892228941894017
764,4,10,150,93,0.08946696896639536
765,4,10,150,93,0.15066101840234988
766,4,10,150,93,0.04476098449293134
767,4,10,150,93,0.13884445379214724
768,4,10,150,93,0.08438032815655525
769,4,10,150,93,0.0
770,4,10,150,93,0.21464739068424896
771,4,10,150,93,0.32869562799119006
772,4,10,150,93,0.17356150297482983
773,4,10,150,93,0.08696710392235718
774,4,10,150,93,0.04792120202737235
775,4,10,150,93,0.038478285726379145
776,4,10,150,93,0.15403842856019037
777,4,10,150,93,0.0
778,4,10,150,93,0.1631238413472767
779,4,10,150,93,0.0
780,4,10,150,93,0.1424788567451383
781,4,10,150,93,0.2016539629141292
782,4,10,150,93,0.03410286253729913
783,4,10,150,93,0.0
784,4,10,150,93,0.029814614753779622
785,4,10,150,93,0.0
786,4,10,150,93,0.0
787,4,10,150,93,0.0
788,4,10,150,93,0.201463403298925
789,4,10,150,93,0.08809718769055445
790,4,10,150,93,0.07166509089582022
791,4,10,150,93,0.04465281017341861
792,4,10,150,93,0.08944329533390502
793,4,10,150,93,0.0
794,4,10,150,93,0.14270855432908344
795,4,10,150,93,0.08637279041318525
796,4,10,150,93,0.3024100039305251
797,4,10,150,93,0.14274635636175825
798,4,10,150,93,0.039465676862100216
799,4,10,150,93,0.030246823655067756
800,4,10,150,93,0.170744663005078
801,4,10,150,93,0.1561471668577559
802,4,10,150,93,0.06960082070980815
803,4,10,150,93,0.10569353498973794
804,4,10,150,93,0.10302496312718838
805,4,10,150,93,0.11358474661887054
806,4,10,150,93,0.2959152150106387
807,4,10,150,93,0.10712329127351711
808,4,10,150,93,0.1025417224926713
809,4,10,150,93,0.10356976056061801
810,4,10,150,93,0.17634899502333787
811,4,10,150,93,0.06806289116376577
812,4,10,150,93,0.09594989011285139
813,4,10,150,93,0.0
814,4,10,150,93,0.034616222155696735
815,4,10,150,93,0.19534267166051425
816,4,10,150,93,0.0
817,4,10,150,93,0.0
818,4,10,150,93,0.05516788910004661
819,4,10,150,93,0.037210602758860095
820,4,10,150,93,0.0787987754690289
821,4,10,150,93,0.302950268110492
822,4,10,150,93,0.05548928785951652
823,4,10,150,93,0.19825193631094293
824,4,10,150,93,0.05046096657376444
825,4,10,150,93,0.08238190489603152
826,4,10,150,93,0.17593166652195671
827,4,10,150,93,0.0
828,4,10,150,93,0.05745618865524075
829,4,10,150,93,0.1751347628439014
830,4,10,150,93,0.22862234433549483
831,4,10,150,93,0.21058943716644085
832,4,10,150,93,0.0
833,4,10,150,93,0.13932292975677735
834,4,10,150,93,0.2706897351446418
835,4,10,150,93,0.2282338502278767
836,4,10,150,93,0.22113373377912962
837,4,10,150,93,0.05665916465450996
838,4,10,150,93,0.27895398740912175
839,4,10,150,93,0.10730655186373157
840,4,10,150,93,0.3366426952865436
841,4,10,150,93,0.06507217400164225
842,4,10,150,93,0.03947561302344988
843,4,10,150,93,0.008167976400118574
844,4,10,150,93,0.05872188515498603
845,4,10,150,93,0.0
846,4,10,150,93,0.32232213269647675
847,4,10,150,93,0.05107153900660915
848,4,10,150,93,0.13455681463131663
849,4,10,150,93,0.07738342520054953
850,4,10,150,93,0.29160326485645294
851,4,10,150,93,0.06520552028363663
852,4,10,150,93,0.26227118260874954
853,4,10,150,93,0.0
854,4,10,150,93,0.08001804326480269
855,4,10,150,93,0.03638796155629422
856,4,10,150,93,0.037110354711564805
857,4,10,150,93,0.0
858,4,10,150,93,0.10250982096838526
859,4,10,150,93,0.05070263548706836
860,4,10,150,93,0.12431618373412671
861,4,10,150,93,0.06460834446248033
862,4,10,150,93,0.18913167668280587
863,4,10,150,93,0.0741818502541766
864,4,10,150,93,0.36096326203952034
865,4,10,150,93,0.11652577583309928
866,4,10,150,93,0.16283687678415507
867,4,10,150,93,0.26419118896030336
868,4,10,150,93,0.1747463595532409
869,4,10,150,93,0.08067880958900249
870,4,10,150,93,0.21372979100430484
871,4,10,150,93,0.07012986265386374
872,4,10,150,93,0.02804794621397926
873,4,10,150,93,0.0
874,4,10,150,93,0.13944914190808633
875,4,10,150,93,0.18639091697355642
876,4,10,150,93,0.08671382849411972
877,4,10,150,93,0.09728747355334627
878,4,10,150,93,0.1706804422753891
879,4,10,150,93,0.03963466998423315
880,4,10,150,93,0.2816178336317202
881,4,10,150,93,0.10326307133242257
882,4,10,150,93,0.2238061440578927
883,4,10,150,93,0.26708579936723054
884,4,10,150,93,0.11407805705099587
885,4,10,150,93,0.04536087033637415
886,4,10,150,93,0.157565001305157
887,4,10,150,93,0.10214828088611402
888,4,10,150,93,0.11625487663628292
889,4,10,150,93,0.008781706158596147
890,4,10,150,93,0.11434431442033766
891,4,10,150,93,0.10491091696774645
892,4,10,150,93,0.2455191816579957
893,4,10,150,93,0.16495780329479887
894,4,10,150,93,0.0907524994540718
895,4,10,150,93,0.0
896,4,10,150,93,0.24400285751553116
897,4,10,150,93,0.3071672815592065
898,4,10,150,93,0.0
899,4,10,150,93,0.05684415375822261
900,4,10,150,93,0.055315677011973347
901,4,10,150,93,0.23198521014469126
902,4,10,150,93,0.05978585424799658
903,4,10,150,93,0.24651430146847014
904,4,10,150,93,0.026152770438578738
905,4,10,150,93,0.0
906,4,10,150,93,0.10407444169186962
907,4,10,150,93,0.08460920127967277
908,4,10,150,93,0.06892767477436933
909,4,10,150,93,0.02504502208733339
910,4,10,150,93,0.02138152805479416
911,4,10,150,93,0.14690565417489143
912,4,10,150,93,0.1958275913448339
913,4,10,150,93,0.08380195844185999
914,4,10,150,93,0.0
915,4,10,150,93,0.0
916,4,10,150,93,0.20104374892288263
917,4,10,150,93,0.0
918,4,10,150,93,0.043627084055128
919,4,10,150,93,0.08116731712468818
920,4,10,150,93,0.0
921,4,10,150,93,0.15405864814296488
922,4,10,150,93,0.1280645281724967
923,4,10,150,93,0.04031825574984845
924,4,10,150,93,0.018280262702529162
925,4,10,150,93,0.032527050404589315
926,4,10,150,93,0.0
927,4,10,150,93,0.12527716133750888
928,4,10,150,93,0.1873259908039563
929,4,10,150,93,0.25163227912988373
930,4,10,150,93,0.032298243696638564
931,4,10,150,93,0.08679587898287541
932,4,10,150,93,0.26581896687705886
933,4,10,150,93,0.1488896485926162
934,4,10,150,93,0.10071040486185964
935,4,10,150,93,0.04173963774222741
936,4,10,150,93,0.14594031167660285
937,4,10,150,93,0.030246823655067756
938,4,10,150,93,0.1661428141234511
939,4,10,150,93,0.02916862694666808
940,4,10,150,93,0.10512901138397411
941,4,10,150,93,0.0
942,4,10,150,93,0.12154822122445835
943,4,10,150,93,0.20163692230838232
1,4,10,150,94,0.4058715898896693
2,4,10,150,94,0.06250343848035038
3,4,10,150,94,0.0
4,4,10,150,94,0.0
5,4,10,150,94,0.040209635547393256
6,4,10,150,94,0.27020011346731576
7,4,10,150,94,0.3507427912641652
8,4,10,150,94,0.0
9,4,10,150,94,0.21840743681816419
10,4,10,150,94,0.21491451057814584
11,4,10,150,94,0.1722584975122812
12,4,10,150,94,0.0
13,4,10,150,94,0.23354755242906122
14,4,10,150,94,0.03963175841995263
15,4,10,150,94,0.05010834716923557
16,4,10,150,94,0.1394055771274295
17,4,10,150,94,0.12407735386140566
18,4,10,150,94,0.2651132679673976
19,4,10,150,94,0.0
20,4,10,150,94,0.0
21,4,10,150,94,0.0
22,4,10,150,94,0.11702382382650763
23,4,10,150,94,0.2686879793224394
24,4,10,150,94,0.0
25,4,10,150,94,0.12358102547512423
26,4,10,150,94,0.0
27,4,10,150,94,0.0
28,4,10,150,94,0.0
29,4,10,150,94,0.13455232720853103
30,4,10,150,94,0.0
31,4,10,150,94,0.0
32,4,10,150,94,0.0
33,4,10,150,94,0.0
35,4,10,150,94,0.10523285614729473
36,4,10,150,94,0.15329048865267808
37,4,10,150,94,0.0
38,4,10,150,94,0.04739418218477539
39,4,10,150,94,0.0
40,4,10,150,94,0.10558114683788161
41,4,10,150,94,0.0
42,4,10,150,94,0.0683037314796457
43,4,10,150,94,0.22592974817952552
44,4,10,150,94,0.2044921015662719
45,4,10,150,94,0.05200670101006268
46,4,10,150,94,0.11284514134893527
47,4,10,150,94,0.06250343848035038
48,4,10,150,94,0.0
49,4,10,150,94,0.0
50,4,10,150,94,0.0
51,4,10,150,94,0.16812753627111746
52,4,10,150,94,0.0
54,4,10,150,94,0.04843244625481133
56,4,10,150,94,0.20383503459815738
57,4,10,150,94,0.3030555992505742
58,4,10,150,94,0.3717269535737058
59,4,10,150,94,0.31915425394541946
60,4,10,150,94,0.1505674224523334
61,4,10,150,94,0.07763867093308688
62,4,10,150,94,0.10440036542861637
63,4,10,150,94,0.0
64,4,10,150,94,0.04238468688770069
65,4,10,150,94,0.13012668333070054
66,4,10,150,94,0.0
67,4,10,150,94,0.0
68,4,10,150,94,0.4827392464262081
69,4,10,150,94,0.07673373981757839
70,4,10,150,94,0.0
71,4,10,150,94,0.046966485689931024
72,4,10,150,94,0.09048427472954688
73,4,10,150,94,0.0
74,4,10,150,94,0.0
75,4,10,150,94,0.049432410190049694
76,4,10,150,94,0.1301464707340554
77,4,10,150,94,0.10201115106436301
78,4,10,150,94,0.0
79,4,10,150,94,0.3603915858241842
80,4,10,150,94,0.0
81,4,10,150,94,0.0
82,4,10,150,94,0.19298623480417013
83,4,10,150,94,0.1569263624205769
84,4,10,150,94,0.05034889199379723
85,4,10,150,94,0.0
87,4,10,150,94,0.07100089300395272
89,4,10,150,94,0.2553387838830436
90,4,10,150,94,0.14035324954983075
91,4,10,150,94,0.05648147012627732
92,4,10,150,94,0.10542637391232386
93,4,10,150,94,0.0
94,4,10,150,94,0.1398942649682608
95,4,10,150,94,0.17287436926807473
96,4,10,150,94,0.10181164814261426
97,4,10,150,94,0.11661748975177716
98,4,10,150,94,0.0930297504356062
99,4,10,150,94,0.05658242244874664
100,4,10,150,94,0.0
101,4,10,150,94,0.0
102,4,10,150,94,0.02424726876918863
103,4,10,150,94,0.0
104,4,10,150,94,0.0
105,4,10,150,94,0.0
106,4,10,150,94,0.0
107,4,10,150,94,0.07193596522633457
108,4,10,150,94,0.0
109,4,10,150,94,0.07103066762111539
110,4,10,150,94,0.0
111,4,10,150,94,0.0
112,4,10,150,94,0.05685954565780693
113,4,10,150,94,0.053168340515114924
114,4,10,150,94,0.0
115,4,10,150,94,0.10684080426179023
116,4,10,150,94,0.0
117,4,10,150,94,0.26646890433550474
118,4,10,150,94,0.0
119,4,10,150,94,0.24777925016776411
120,4,10,150,94,0.0
121,4,10,150,94,0.271985059917519
122,4,10,150,94,0.19939609492576266
123,4,10,150,94,0.07386004580671933
125,4,10,150,94,0.12702645795516354
126,4,10,150,94,0.06911917000496234
127,4,10,150,94,0.23132283185955704
128,4,10,150,94,0.0804528329814545
129,4,10,150,94,0.0
130,4,10,150,94,0.21603440505602572
131,4,10,150,94,0.06556385272536247
133,4,10,150,94,0.11047239495909743
134,4,10,150,94,0.0
135,4,10,150,94,0.0
137,4,10,150,94,0.1371200812351206
138,4,10,150,94,0.06140414576373613
139,4,10,150,94,0.0
141,4,10,150,94,0.038963097133338453
142,4,10,150,94,0.13373003436102654
143,4,10,150,94,0.1208996448617798
144,4,10,150,94,0.1227945149537572
145,4,10,150,94,0.1075804523117992
146,4,10,150,94,0.0
148,4,10,150,94,0.24915983520522694
149,4,10,150,94,0.0
150,4,10,150,94,0.10235170428306553
151,4,10,150,94,0.10702155329127065
152,4,10,150,94,0.040655755922716606
153,4,10,150,94,0.0
154,4,10,150,94,0.11753148666901318
155,4,10,150,94,0.0
156,4,10,150,94,0.0
158,4,10,150,94,0.17575552384613552
159,4,10,150,94,0.03310852000739229
160,4,10,150,94,0.0
161,4,10,150,94,0.0
162,4,10,150,94,0.04858102772529458
163,4,10,150,94,0.0
164,4,10,150,94,0.0
165,4,10,150,94,0.12114889742360979
166,4,10,150,94,0.0
167,4,10,150,94,0.06267320809766952
168,4,10,150,94,0.23504554941448536
169,4,10,150,94,0.11641320690977976
170,4,10,150,94,0.0
171,4,10,150,94,0.0
172,4,10,150,94,0.0
173,4,10,150,94,0.11302181651994404
174,4,10,150,94,0.08712841477105211
175,4,10,150,94,0.0
176,4,10,150,94,0.09511409151391914
177,4,10,150,94,0.06912040963822193
178,4,10,150,94,0.2437589399037192
179,4,10,150,94,0.06723507268634088
180,4,10,150,94,0.12262943855309168
181,4,10,150,94,0.062426915812405386
182,4,10,150,94,0.0
183,4,10,150,94,0.0
184,4,10,150,94,0.11356458502877588
185,4,10,150,94,0.07745351606183934
186,4,10,150,94,0.22147164648185297
187,4,10,150,94,0.08625091781054979
188,4,10,150,94,0.054384419234677496
189,4,10,150,94,0.23042891886703956
190,4,10,150,94,0.10699313236726378
191,4,10,150,94,0.0
192,4,10,150,94,0.0
193,4,10,150,94,0.039158662511086184
194,4,10,150,94,0.11592484831532757
195,4,10,150,94,0.0
196,4,10,150,94,0.0
197,4,10,150,94,0.05576624569167862
198,4,10,150,94,0.0
199,4,10,150,94,0.0
200,4,10,150,94,0.1350618908658632
201,4,10,150,94,0.1353805281228694
203,4,10,150,94,0.0
204,4,10,150,94,0.0
205,4,10,150,94,0.0
206,4,10,150,94,0.0
207,4,10,150,94,0.09412450373990706
209,4,10,150,94,0.0
210,4,10,150,94,0.09440608278107551
211,4,10,150,94,0.0
212,4,10,150,94,0.12681701683239352
213,4,10,150,94,0.2384146878320104
214,4,10,150,94,0.056720838976548935
215,4,10,150,94,0.0
216,4,10,150,94,0.06585783135342528
217,4,10,150,94,0.0
218,4,10,150,94,0.19092086617893467
219,4,10,150,94,0.0
221,4,10,150,94,0.3375735570145491
222,4,10,150,94,0.12476107276951183
223,4,10,150,94,0.03870447337439288
224,4,10,150,94,0.0
225,4,10,150,94,0.0
226,4,10,150,94,0.08080765379783027
227,4,10,150,94,0.0
228,4,10,150,94,0.0
229,4,10,150,94,0.0
230,4,10,150,94,0.23712439662683835
231,4,10,150,94,0.0
232,4,10,150,94,0.3234992853586256
233,4,10,150,94,0.0968152409481219
234,4,10,150,94,0.1481502210952491
235,4,10,150,94,0.06065881345112158
236,4,10,150,94,0.0
237,4,10,150,94,0.0
238,4,10,150,94,0.0
239,4,10,150,94,0.11792279130466408
240,4,10,150,94,0.05497526658285817
242,4,10,150,94,0.0
243,4,10,150,94,0.09267768927614353
244,4,10,150,94,0.18607735303899048
245,4,10,150,94,0.10704534003732354
246,4,10,150,94,0.11120150311654428
247,4,10,150,94,0.0
248,4,10,150,94,0.14830051302014485
249,4,10,150,94,0.31180658179892495
250,4,10,150,94,0.3503302816689379
251,4,10,150,94,0.0
252,4,10,150,94,0.0
253,4,10,150,94,0.05954496680255472
254,4,10,150,94,0.0
255,4,10,150,94,0.042447135269629226
256,4,10,150,94,0.2045015508513237
257,4,10,150,94,0.3305900772260718
258,4,10,150,94,0.07557488532248983
259,4,10,150,94,0.0
260,4,10,150,94,0.0
261,4,10,150,94,0.0
262,4,10,150,94,0.05029331645508228
263,4,10,150,94,0.18094314889157095
264,4,10,150,94,0.05840183867278569
265,4,10,150,94,0.10209739512291163
267,4,10,150,94,0.09794101962538232
268,4,10,150,94,0.2097420325497775
269,4,10,150,94,0.13223875150584097
270,4,10,150,94,0.046726672111120165
271,4,10,150,94,0.12276482551434069
272,4,10,150,94,0.14498698048571354
273,4,10,150,94,0.0
274,4,10,150,94,0.0
275,4,10,150,94,0.04605780568615433
276,4,10,150,94,0.20223032365941937
277,4,10,150,94,0.0
279,4,10,150,94,0.07923708494918187
280,4,10,150,94,0.03337620304869898
281,4,10,150,94,0.0
283,4,10,150,94,0.1292258709239571
284,4,10,150,94,0.0
285,4,10,150,94,0.1185995982858366
286,4,10,150,94,0.31887623993711317
287,4,10,150,94,0.11352455583778437
288,4,10,150,94,0.12538054736008386
289,4,10,150,94,0.13905617951077562
290,4,10,150,94,0.0
291,4,10,150,94,0.23494592513118112
292,4,10,150,94,0.12610583976873452
293,4,10,150,94,0.2344161202530718
294,4,10,150,94,0.04123398036294628
295,4,10,150,94,0.2670961153715764
296,4,10,150,94,0.5382063622180417
297,4,10,150,94,0.13535082686131417
298,4,10,150,94,0.19947114504638494
299,4,10,150,94,0.0
300,4,10,150,94,0.0
301,4,10,150,94,0.047934103497110726
303,4,10,150,94,0.12680868731260003
304,4,10,150,94,0.0
305,4,10,150,94,0.31514747987601716
306,4,10,150,94,0.0
307,4,10,150,94,0.1383141340724969
308,4,10,150,94,0.20874539670669104
309,4,10,150,94,0.0
310,4,10,150,94,0.0
311,4,10,150,94,0.08938791352906189
312,4,10,150,94,0.14069579419580536
313,4,10,150,94,0.14465709645474623
314,4,10,150,94,0.20285519102295546
315,4,10,150,94,0.0
316,4,10,150,94,0.07410494675778727
317,4,10,150,94,0.0
318,4,10,150,94,0.13815200906377123
319,4,10,150,94,0.0
320,4,10,150,94,0.0
321,4,10,150,94,0.062242588308449316
322,4,10,150,94,0.17342765698823945
323,4,10,150,94,0.14126697285982898
324,4,10,150,94,0.03555702818464106
325,4,10,150,94,0.0
326,4,10,150,94,0.0634222181618871
327,4,10,150,94,0.04302935573946656
328,4,10,150,94,0.1437524526514495
329,4,10,150,94,0.0
330,4,10,150,94,0.08083527637667369
331,4,10,150,94,0.16958010263680806
332,4,10,150,94,0.046679707512804314
333,4,10,150,94,0.0
334,4,10,150,94,0.0858345406672181
336,4,10,150,94,0.0
337,4,10,150,94,0.16716045496620227
338,4,10,150,94,0.05005165434923901
339,4,10,150,94,0.1344957225763306
340,4,10,150,94,0.0
341,4,10,150,94,0.0
342,4,10,150,94,0.2625072992734236
343,4,10,150,94,0.3094263721986468
344,4,10,150,94,0.23832550406045652
345,4,10,150,94,0.056149696530797676
346,4,10,150,94,0.13947804593499064
347,4,10,150,94,0.11116062301189339
348,4,10,150,94,0.071942683897578
349,4,10,150,94,0.07673373981757839
350,4,10,150,94,0.2065896325117088
351,4,10,150,94,0.0
352,4,10,150,94,0.0
353,4,10,150,94,0.0
354,4,10,150,94,0.051249224710132255
355,4,10,150,94,0.0
356,4,10,150,94,0.08406376813555873
357,4,10,150,94,0.05006331611131463
358,4,10,150,94,0.20438239758848611
359,4,10,150,94,0.0
360,4,10,150,94,0.09491042451242505
361,4,10,150,94,0.09622728274290568
362,4,10,150,94,0.1896300420144415
363,4,10,150,94,0.21862978877358352
364,4,10,150,94,0.0
365,4,10,150,94,0.03956979699823825
366,4,10,150,94,0.0
367,4,10,150,94,0.07630862162354303
368,4,10,150,94,0.0
369,4,10,150,94,0.0
370,4,10,150,94,0.13479984916817475
371,4,10,150,94,0.22569563125869263
372,4,10,150,94,0.03657576498735172
373,4,10,150,94,0.08627719815628208
374,4,10,150,94,0.09834160864069898
375,4,10,150,94,0.0
376,4,10,150,94,0.0
377,4,10,150,94,0.08010929472340098
378,4,10,150,94,0.2514344090063784
379,4,10,150,94,0.1665016263976196
380,4,10,150,94,0.0
381,4,10,150,94,0.09118180877280627
382,4,10,150,94,0.0
383,4,10,150,94,0.0848644637410381
384,4,10,150,94,0.0
385,4,10,150,94,0.0
386,4,10,150,94,0.0
387,4,10,150,94,0.11497906462099297
388,4,10,150,94,0.04511904280884329
389,4,10,150,94,0.17394090433083284
390,4,10,150,94,0.0
391,4,10,150,94,0.2137247802747043
392,4,10,150,94,0.056679935917756406
393,4,10,150,94,0.07902434057012214
394,4,10,150,94,0.11073655428626575
395,4,10,150,94,0.09179488000267515
396,4,10,150,94,0.0
397,4,10,150,94,0.2710147943938467
398,4,10,150,94,0.18852571653533698
399,4,10,150,94,0.07594334672458623
400,4,10,150,94,0.0
401,4,10,150,94,0.0
402,4,10,150,94,0.08963222225173058
403,4,10,150,94,0.1586673445830345
404,4,10,150,94,0.0
405,4,10,150,94,0.06667735269275575
406,4,10,150,94,0.20956416940551098
407,4,10,150,94,0.08088217699131102
408,4,10,150,94,0.0
409,4,10,150,94,0.12740448328320192
410,4,10,150,94,0.0
411,4,10,150,94,0.0
412,4,10,150,94,0.0
413,4,10,150,94,0.041646268351119564
414,4,10,150,94,0.0
415,4,10,150,94,0.15103391472831218
416,4,10,150,94,0.23166052731397035
417,4,10,150,94,0.09850508837083022
418,4,10,150,94,0.0
419,4,10,150,94,0.1208113026994942
420,4,10,150,94,0.06052048269976269
421,4,10,150,94,0.19620555836557932
422,4,10,150,94,0.07550298029238112
423,4,10,150,94,0.053845569940583225
424,4,10,150,94,0.2766918177656049
425,4,10,150,94,0.18440399277162553
426,4,10,150,94,0.040759261617270684
427,4,10,150,94,0.07466168586864165
428,4,10,150,94,0.04415960465480069
429,4,10,150,94,0.14355264986043786
430,4,10,150,94,0.0
431,4,10,150,94,0.0
432,4,10,150,94,0.05789711601244791
433,4,10,150,94,0.05780921899607981
434,4,10,150,94,0.2562151231304954
435,4,10,150,94,0.18254689597780008
436,4,10,150,94,0.0
437,4,10,150,94,0.1246139643684977
438,4,10,150,94,0.0
439,4,10,150,94,0.10863976191957724
440,4,10,150,94,0.0
441,4,10,150,94,0.07736100002633538
442,4,10,150,94,0.040949887133979804
443,4,10,150,94,0.06783204105472322
444,4,10,150,94,0.1312721899408984
445,4,10,150,94,0.0
446,4,10,150,94,0.0
447,4,10,150,94,0.16246725303708914
448,4,10,150,94,0.0
449,4,10,150,94,0.2217332169166366
450,4,10,150,94,0.2230321343934026
451,4,10,150,94,0.06148915918944534
452,4,10,150,94,0.1230264477101886
453,4,10,150,94,0.01738367330756446
454,4,10,150,94,0.029900386365841584
455,4,10,150,94,0.12741622541866474
456,4,10,150,94,0.033760343206167075
457,4,10,150,94,0.31128444613224265
458,4,10,150,94,0.06982799741808067
459,4,10,150,94,0.0
460,4,10,150,94,0.05184030722866645
461,4,10,150,94,0.05428363317977833
462,4,10,150,94,0.0
463,4,10,150,94,0.11987424504051505
464,4,10,150,94,0.027878824909352323
465,4,10,150,94,0.036206233555619735
466,4,10,150,94,0.0
467,4,10,150,94,0.07807600999842033
468,4,10,150,94,0.11455543964849552
469,4,10,150,94,0.05165643482805862
470,4,10,150,94,0.0
471,4,10,150,94,0.0
472,4,10,150,94,0.13402286793172438
473,4,10,150,94,0.06140244428718695
474,4,10,150,94,0.24593822460513717
475,4,10,150,94,0.0
476,4,10,150,94,0.0
477,4,10,150,94,0.0
478,4,10,150,94,0.2345109835167376
479,4,10,150,94,0.10172348796286074
480,4,10,150,94,0.0741070054529978
481,4,10,150,94,0.13102204196909084
482,4,10,150,94,0.0
483,4,10,150,94,0.05658242244874664
484,4,10,150,94,0.29539974213048126
485,4,10,150,94,0.0
486,4,10,150,94,0.0
487,4,10,150,94,0.09557986065110975
488,4,10,150,94,0.0
489,4,10,150,94,0.04327665636516388
490,4,10,150,94,0.0
491,4,10,150,94,0.14208678740137623
492,4,10,150,94,0.0
493,4,10,150,94,0.16765112971402235
494,4,10,150,94,0.0
495,4,10,150,94,0.17949652011459483
496,4,10,150,94,0.10506396802211523
497,4,10,150,94,0.10180531361143179
498,4,10,150,94,0.0
499,4,10,150,94,0.07269358580389043
500,4,10,150,94,0.09541527213731128
501,4,10,150,94,0.0
502,4,10,150,94,0.0
503,4,10,150,94,0.16237935278338944
504,4,10,150,94,0.08148269775823089
505,4,10,150,94,0.07379217622092994
506,4,10,150,94,0.1954778976905469
507,4,10,150,94,0.05319635904163211
508,4,10,150,94,0.0
509,4,10,150,94,0.0
510,4,10,150,94,0.0
511,4,10,150,94,0.08495943917278885
512,4,10,150,94,0.05478392673173268
513,4,10,150,94,0.0
514,4,10,150,94,0.27252722616773445
515,4,10,150,94,0.11706259313796354
516,4,10,150,94,0.0
517,4,10,150,94,0.08878770367712427
518,4,10,150,94,0.0
519,4,10,150,94,0.0
520,4,10,150,94,0.0
521,4,10,150,94,0.09850628252086785
522,4,10,150,94,0.16015986784807879
523,4,10,150,94,0.08192351372077554
524,4,10,150,94,0.1388155168339688
525,4,10,150,94,0.0
526,4,10,150,94,0.15355181494703254
527,4,10,150,94,0.1636135858112592
528,4,10,150,94,0.10209739512291163
529,4,10,150,94,0.0
530,4,10,150,94,0.0
531,4,10,150,94,0.1517763576041802
532,4,10,150,94,0.29773995317245644
533,4,10,150,94,0.1301019856167998
534,4,10,150,94,0.15271774407237912
535,4,10,150,94,0.15258506350829476
536,4,10,150,94,0.15105160768725473
537,4,10,150,94,0.2780622331826823
538,4,10,150,94,0.14697776980950736
539,4,10,150,94,0.15499711656631066
540,4,10,150,94,0.0
541,4,10,150,94,0.0586415067779619
542,4,10,150,94,0.07034465017648367
543,4,10,150,94,0.12054687122925989
544,4,10,150,94,0.05282936728943967
545,4,10,150,94,0.02244213465825961
546,4,10,150,94,0.05758752804519195
547,4,10,150,94,0.0
548,4,10,150,94,0.14714570243929503
549,4,10,150,94,0.0
550,4,10,150,94,0.08775411958203361
551,4,10,150,94,0.10128126837397917
552,4,10,150,94,0.1205344274731702
553,4,10,150,94,0.07411563356774664
554,4,10,150,94,0.1651387839044021
555,4,10,150,94,0.0
556,4,10,150,94,0.07660623398069263
557,4,10,150,94,0.031742154565302834
558,4,10,150,94,0.08878770367712427
559,4,10,150,94,0.09986350037763675
560,4,10,150,94,0.09375790921485552
561,4,10,150,94,0.14725545437769655
562,4,10,150,94,0.07930308311174379
563,4,10,150,94,0.0
564,4,10,150,94,0.15437610727371853
565,4,10,150,94,0.0
566,4,10,150,94,0.03579489106983033
567,4,10,150,94,0.1964649491153665
568,4,10,150,94,0.036155150901276155
569,4,10,150,94,0.18299769260789403
570,4,10,150,94,0.0
571,4,10,150,94,0.04988426711147283
572,4,10,150,94,0.16812753627111746
573,4,10,150,94,0.06437746926759551
574,4,10,150,94,0.051811563545175146
575,4,10,150,94,0.0
576,4,10,150,94,0.0
577,4,10,150,94,0.2181315616010628
578,4,10,150,94,0.05006331611131463
579,4,10,150,94,0.029371016515430802
580,4,10,150,94,0.17202958801773222
581,4,10,150,94,0.14348105418014392
582,4,10,150,94,0.03190895161277091
583,4,10,150,94,0.05364822253323318
584,4,10,150,94,0.06323567569191428
585,4,10,150,94,0.04173963774222741
586,4,10,150,94,0.05786021189691368
587,4,10,150,94,0.019492972026130224
588,4,10,150,94,0.1626111040880965
589,4,10,150,94,0.0
590,4,10,150,94,0.053845569940583225
591,4,10,150,94,0.047298896168385694
592,4,10,150,94,0.34229291295940956
593,4,10,150,94,0.07711036365720102
594,4,10,150,94,0.044551000676675064
595,4,10,150,94,0.10296141646738245
596,4,10,150,94,0.0
597,4,10,150,94,0.27101620591530523
598,4,10,150,94,0.0684591776394769
599,4,10,150,94,0.047338452314727386
600,4,10,150,94,0.09197011795311534
601,4,10,150,94,0.0
602,4,10,150,94,0.0
603,4,10,150,94,0.0
604,4,10,150,94,0.0
605,4,10,150,94,0.26275270116262744
606,4,10,150,94,0.1839502972074742
607,4,10,150,94,0.12532490984563913
608,4,10,150,94,0.12209659098915113
609,4,10,150,94,0.0
610,4,10,150,94,0.2146842601596213
611,4,10,150,94,0.07624568872860434
612,4,10,150,94,0.0
613,4,10,150,94,0.08385150490449667
614,4,10,150,94,0.0
615,4,10,150,94,0.04919117729584568
616,4,10,150,94,0.03618657486793958
617,4,10,150,94,0.0
618,4,10,150,94,0.16203815742271935
619,4,10,150,94,0.12363660028711727
620,4,10,150,94,0.159486715201797
621,4,10,150,94,0.11278207190006835
622,4,10,150,94,0.18241748250491993
623,4,10,150,94,0.2117125497194188
624,4,10,150,94,0.09391442870616025
625,4,10,150,94,0.0
626,4,10,150,94,0.06228974831361337
627,4,10,150,94,0.06945233499530101
628,4,10,150,94,0.06835692304018633
629,4,10,150,94,0.19194057324582506
630,4,10,150,94,0.15874779570678058
631,4,10,150,94,0.0
632,4,10,150,94,0.12112269717167994
633,4,10,150,94,0.11499138576948859
634,4,10,150,94,0.05294832419446749
635,4,10,150,94,0.04546401530948942
636,4,10,150,94,0.11426572661305327
637,4,10,150,94,0.01928973283308616
638,4,10,150,94,0.09712868482236708
639,4,10,150,94,0.03138892079718151
640,4,10,150,94,0.10536866733091729
641,4,10,150,94,0.10427070662550339
642,4,10,150,94,0.1359233084670957
643,4,10,150,94,0.11071279041815515
644,4,10,150,94,0.04935421935348238
645,4,10,150,94,0.17581821458755492
646,4,10,150,94,0.0
647,4,10,150,94,0.05363388010108191
648,4,10,150,94,0.14840070543561068
649,4,10,150,94,0.15489949502599
650,4,10,150,94,0.13574218972482194
651,4,10,150,94,0.0
652,4,10,150,94,0.08156220960446063
653,4,10,150,94,0.0906036790514784
654,4,10,150,94,0.21255442687635834
655,4,10,150,94,0.24541620838948336
656,4,10,150,94,0.1259623300388048
657,4,10,150,94,0.04140815094666367
658,4,10,150,94,0.2625403796417579
659,4,10,150,94,0.08781544355121487
660,4,10,150,94,0.13549488625249415
661,4,10,150,94,0.08605775303302886
662,4,10,150,94,0.0512644431393966
663,4,10,150,94,0.24026856780584893
664,4,10,150,94,0.28517362059082263
665,4,10,150,94,0.0
666,4,10,150,94,0.15654057249001205
667,4,10,150,94,0.31347596517570553
668,4,10,150,94,0.06194403202282284
669,4,10,150,94,0.1348578320198433
670,4,10,150,94,0.11766076217719713
671,4,10,150,94,0.22329352092456306
672,4,10,150,94,0.03603026685992244
673,4,10,150,94,0.14837758007547783
674,4,10,150,94,0.11338915993603582
675,4,10,150,94,0.0
676,4,10,150,94,0.2786979045104278
677,4,10,150,94,0.03314040476303028
678,4,10,150,94,0.03824432123396675
679,4,10,150,94,0.15527711509166947
680,4,10,150,94,0.11377863936243801
681,4,10,150,94,0.0
682,4,10,150,94,0.17033911836324925
683,4,10,150,94,0.0
684,4,10,150,94,0.06573003977381581
685,4,10,150,94,0.1906465758273748
686,4,10,150,94,0.1682282387290392
687,4,10,150,94,0.0
688,4,10,150,94,0.13095683635706423
689,4,10,150,94,0.2385743953554933
690,4,10,150,94,0.14944514316606491
691,4,10,150,94,0.13843129503711957
692,4,10,150,94,0.1753901755134814
693,4,10,150,94,0.0
694,4,10,150,94,0.2448812985235888
695,4,10,150,94,0.03629635962013474
696,4,10,150,94,0.039725595076707886
697,4,10,150,94,0.058391396119965244
698,4,10,150,94,0.041937660325009396
699,4,10,150,94,0.11291908148098284
700,4,10,150,94,0.12729890218214104
701,4,10,150,94,0.11497698281480273
702,4,10,150,94,0.037715680681715956
703,4,10,150,94,0.14202859508692728
704,4,10,150,94,0.2916443317855694
705,4,10,150,94,0.22667088038444094
706,4,10,150,94,0.04395738023645723
707,4,10,150,94,0.06313664925364729
708,4,10,150,94,0.12228634424244818
709,4,10,150,94,0.13472082394875662
710,4,10,150,94,0.12398145223298264
711,4,10,150,94,0.18133007201622714
712,4,10,150,94,0.15511023313323485
713,4,10,150,94,0.1468735732232516
714,4,10,150,94,0.03441184191455828
715,4,10,150,94,0.0
716,4,10,150,94,0.239012106226538
717,4,10,150,94,0.09054670163637572
718,4,10,150,94,0.06264632882289006
719,4,10,150,94,0.09883437846193516
720,4,10,150,94,0.0
721,4,10,150,94,0.19572357575351293
722,4,10,150,94,0.06556429791586475
723,4,10,150,94,0.0
724,4,10,150,94,0.0
725,4,10,150,94,0.0
726,4,10,150,94,0.05010834716923557
727,4,10,150,94,0.11511808179947938
728,4,10,150,94,0.09627818061559096
729,4,10,150,94,0.1718665370882412
730,4,10,150,94,0.0478435080782347
731,4,10,150,94,0.14717311932656024
732,4,10,150,94,0.0
733,4,10,150,94,0.15867543784764906
734,4,10,150,94,0.0
735,4,10,150,94,0.0
736,4,10,150,94,0.03351972906068008
737,4,10,150,94,0.1138970555583582
738,4,10,150,94,0.13922998739868644
739,4,10,150,94,0.06276777357339133
740,4,10,150,94,0.0
741,4,10,150,94,0.05358697798864893
742,4,10,150,94,0.0488929053971083
743,4,10,150,94,0.09946096543827337
744,4,10,150,94,0.03596673601130318
745,4,10,150,94,0.03520132288421838
746,4,10,150,94,0.25743994347908983
747,4,10,150,94,0.3749187270467487
748,4,10,150,94,0.09621648119325965
749,4,10,150,94,0.1363068722672786
750,4,10,150,94,0.07184731398235064
751,4,10,150,94,0.08554799479006837
752,4,10,150,94,0.04389473417066348
753,4,10,150,94,0.15780803084928155
754,4,10,150,94,0.0
755,4,10,150,94,0.03855371268423985
756,4,10,150,94,0.031104745345423533
757,4,10,150,94,0.039709352713498784
758,4,10,150,94,0.28253564522340124
759,4,10,150,94,0.11006100937916612
760,4,10,150,94,0.03004859059698017
761,4,10,150,94,0.06869287000000811
762,4,10,150,94,0.08807782327857085
763,4,10,150,94,0.05892228941894017
764,4,10,150,94,0.08946696896639536
765,4,10,150,94,0.15066101840234988
766,4,10,150,94,0.04476098449293134
767,4,10,150,94,0.13884445379214724
768,4,10,150,94,0.08438032815655525
769,4,10,150,94,0.0
770,4,10,150,94,0.21464739068424896
771,4,10,150,94,0.32869562799119006
772,4,10,150,94,0.17356150297482983
773,4,10,150,94,0.08696710392235718
774,4,10,150,94,0.04792120202737235
775,4,10,150,94,0.038478285726379145
776,4,10,150,94,0.15403842856019037
777,4,10,150,94,0.0
778,4,10,150,94,0.1631238413472767
779,4,10,150,94,0.0
780,4,10,150,94,0.1424788567451383
781,4,10,150,94,0.2016539629141292
782,4,10,150,94,0.03410286253729913
783,4,10,150,94,0.0
784,4,10,150,94,0.029814614753779622
785,4,10,150,94,0.0
786,4,10,150,94,0.0
787,4,10,150,94,0.0
788,4,10,150,94,0.19993265499174548
789,4,10,150,94,0.08809718769055445
790,4,10,150,94,0.07112056908800647
791,4,10,150,94,0.04465281017341861
792,4,10,150,94,0.08944329533390502
793,4,10,150,94,0.0
794,4,10,150,94,0.14270855432908344
795,4,10,150,94,0.08637279041318525
796,4,10,150,94,0.30011224863596203
797,4,10,150,94,0.14274635636175825
798,4,10,150,94,0.03916581089607801
799,4,10,150,94,0.030246823655067756
800,4,10,150,94,0.170744663005078
801,4,10,150,94,0.1561471668577559
802,4,10,150,94,0.06960082070980815
803,4,10,150,94,0.10569353498973794
804,4,10,150,94,0.102242164438584
805,4,10,150,94,0.11272171315591316
806,4,10,150,94,0.2959152150106387
807,4,10,150,94,0.10712329127351711
808,4,10,150,94,0.1025417224926713
809,4,10,150,94,0.10356976056061801
810,4,10,150,94,0.17634899502333787
811,4,10,150,94,0.06806289116376577
812,4,10,150,94,0.09594989011285139
813,4,10,150,94,0.0
814,4,10,150,94,0.034616222155696735
815,4,10,150,94,0.19534267166051425
816,4,10,150,94,0.0
817,4,10,150,94,0.0
818,4,10,150,94,0.05516788910004661
819,4,10,150,94,0.037210602758860095
820,4,10,150,94,0.0787987754690289
821,4,10,150,94,0.302950268110492
822,4,10,150,94,0.05548928785951652
823,4,10,150,94,0.19825193631094293
824,4,10,150,94,0.05046096657376444
825,4,10,150,94,0.08238190489603152
826,4,10,150,94,0.17593166652195671
827,4,10,150,94,0.0
828,4,10,150,94,0.05745618865524075
829,4,10,150,94,0.1751347628439014
830,4,10,150,94,0.22862234433549483
831,4,10,150,94,0.21058943716644085
832,4,10,150,94,0.0
833,4,10,150,94,0.13826433382627956
834,4,10,150,94,0.2706897351446418
835,4,10,150,94,0.2282338502278767
836,4,10,150,94,0.22113373377912962
837,4,10,150,94,0.05665916465450996
838,4,10,150,94,0.27895398740912175
839,4,10,150,94,0.10730655186373157
840,4,10,150,94,0.3366426952865436
841,4,10,150,94,0.06507217400164225
842,4,10,150,94,0.03947561302344988
843,4,10,150,94,0.008167976400118574
844,4,10,150,94,0.05872188515498603
845,4,10,150,94,0.0
846,4,10,150,94,0.3198730821448014
847,4,10,150,94,0.05107153900660915
848,4,10,150,94,0.13455681463131663
849,4,10,150,94,0.07738342520054953
850,4,10,150,94,0.29160326485645294
851,4,10,150,94,0.06520552028363663
852,4,10,150,94,0.26227118260874954
853,4,10,150,94,0.0
854,4,10,150,94,0.08700820028512546
855,4,10,150,94,0.03638796155629422
856,4,10,150,94,0.037110354711564805
857,4,10,150,94,0.0
858,4,10,150,94,0.10250982096838526
859,4,10,150,94,0.05070263548706836
860,4,10,150,94,0.12431618373412671
861,4,10,150,94,0.06460834446248033
862,4,10,150,94,0.19821702293247692
863,4,10,150,94,0.0741818502541766
864,4,10,150,94,0.3582206105540734
865,4,10,150,94,0.11652577583309928
866,4,10,150,94,0.16283687678415507
867,4,10,150,94,0.26419118896030336
868,4,10,150,94,0.17341861123919594
869,4,10,150,94,0.08067880958900249
870,4,10,150,94,0.21210584089517145
871,4,10,150,94,0.07012986265386374
872,4,10,150,94,0.02804794621397926
873,4,10,150,94,0.0
874,4,10,150,94,0.13944914190808633
875,4,10,150,94,0.18639091697355642
876,4,10,150,94,0.08671382849411972
877,4,10,150,94,0.09728747355334627
878,4,10,150,94,0.1706804422753891
879,4,10,150,94,0.03963466998423315
880,4,10,150,94,0.2794780602781266
881,4,10,150,94,0.1100766092408759
882,4,10,150,94,0.2238061440578927
883,4,10,150,94,0.26505644252842814
884,4,10,150,94,0.11407805705099587
885,4,10,150,94,0.04536087033637415
886,4,10,150,94,0.1563677994557435
887,4,10,150,94,0.10214828088611402
888,4,10,150,94,0.11625487663628292
889,4,10,150,94,0.008714981475024346
890,4,10,150,94,0.11434431442033766
891,4,10,150,94,0.10491091696774645
892,4,10,150,94,0.2455191816579957
893,4,10,150,94,0.16495780329479887
894,4,10,150,94,0.09006294873350987
895,4,10,150,94,0.0
896,4,10,150,94,0.24214888823390104
897,4,10,150,94,0.3071672815592065
898,4,10,150,94,0.0
899,4,10,150,94,0.05684415375822261
900,4,10,150,94,0.055315677011973347
901,4,10,150,94,0.23198521014469126
902,4,10,150,94,0.05978585424799658
903,4,10,150,94,0.24651430146847014
904,4,10,150,94,0.026152770438578738
905,4,10,150,94,0.0
906,4,10,150,94,0.10407444169186962
907,4,10,150,94,0.08460920127967277
908,4,10,150,94,0.06892767477436933
909,4,10,150,94,0.02504502208733339
910,4,10,150,94,0.02138152805479416
911,4,10,150,94,0.14690565417489143
912,4,10,150,94,0.1958275913448339
913,4,10,150,94,0.08380195844185999
914,4,10,150,94,0.0
915,4,10,150,94,0.0
916,4,10,150,94,0.19951618921082862
917,4,10,150,94,0.0
918,4,10,150,94,0.043627084055128
919,4,10,150,94,0.08919552174343603
920,4,10,150,94,0.0
921,4,10,150,94,0.15405864814296488
922,4,10,150,94,0.1280645281724967
923,4,10,150,94,0.04031825574984845
924,4,10,150,94,0.018280262702529162
925,4,10,150,94,0.032527050404589315
926,4,10,150,94,0.0
927,4,10,150,94,0.12527716133750888
928,4,10,150,94,0.1873259908039563
929,4,10,150,94,0.25163227912988373
930,4,10,150,94,0.032298243696638564
931,4,10,150,94,0.08679587898287541
932,4,10,150,94,0.26581896687705886
933,4,10,150,94,0.1488896485926162
934,4,10,150,94,0.10071040486185964
935,4,10,150,94,0.04173963774222741
936,4,10,150,94,0.14594031167660285
937,4,10,150,94,0.030246823655067756
938,4,10,150,94,0.1661428141234511
939,4,10,150,94,0.02916862694666808
940,4,10,150,94,0.10512901138397411
941,4,10,150,94,0.0
942,4,10,150,94,0.12154822122445835
943,4,10,150,94,0.20163692230838232
1,4,10,150,95,0.4058715898896693
2,4,10,150,95,0.06250343848035038
3,4,10,150,95,0.0
4,4,10,150,95,0.0
5,4,10,150,95,0.040209635547393256
6,4,10,150,95,0.27020011346731576
7,4,10,150,95,0.3507427912641652
8,4,10,150,95,0.0
9,4,10,150,95,0.21840743681816419
10,4,10,150,95,0.21491451057814584
11,4,10,150,95,0.1722584975122812
12,4,10,150,95,0.0
13,4,10,150,95,0.23354755242906122
14,4,10,150,95,0.03963175841995263
15,4,10,150,95,0.05010834716923557
16,4,10,150,95,0.1394055771274295
17,4,10,150,95,0.12407735386140566
18,4,10,150,95,0.2651132679673976
19,4,10,150,95,0.0
20,4,10,150,95,0.0
21,4,10,150,95,0.0
22,4,10,150,95,0.11702382382650763
23,4,10,150,95,0.2686879793224394
24,4,10,150,95,0.0
25,4,10,150,95,0.12358102547512423
26,4,10,150,95,0.0
27,4,10,150,95,0.0
28,4,10,150,95,0.0
29,4,10,150,95,0.13455232720853103
30,4,10,150,95,0.0
31,4,10,150,95,0.0
32,4,10,150,95,0.0
33,4,10,150,95,0.0
35,4,10,150,95,0.10523285614729473
36,4,10,150,95,0.15329048865267808
37,4,10,150,95,0.0
38,4,10,150,95,0.04739418218477539
39,4,10,150,95,0.0
40,4,10,150,95,0.10558114683788161
41,4,10,150,95,0.0
42,4,10,150,95,0.0683037314796457
43,4,10,150,95,0.22592974817952552
44,4,10,150,95,0.2044921015662719
45,4,10,150,95,0.05200670101006268
46,4,10,150,95,0.11284514134893527
47,4,10,150,95,0.06250343848035038
48,4,10,150,95,0.0
49,4,10,150,95,0.0
50,4,10,150,95,0.0
51,4,10,150,95,0.16812753627111746
52,4,10,150,95,0.07126520856745397
54,4,10,150,95,0.04843244625481133
56,4,10,150,95,0.20383503459815738
57,4,10,150,95,0.3030555992505742
58,4,10,150,95,0.3717269535737058
59,4,10,150,95,0.31915425394541946
60,4,10,150,95,0.1505674224523334
61,4,10,150,95,0.07763867093308688
62,4,10,150,95,0.10440036542861637
63,4,10,150,95,0.0
64,4,10,150,95,0.04238468688770069
65,4,10,150,95,0.13012668333070054
66,4,10,150,95,0.0
67,4,10,150,95,0.0
68,4,10,150,95,0.4827392464262081
69,4,10,150,95,0.07673373981757839
70,4,10,150,95,0.0
71,4,10,150,95,0.046966485689931024
72,4,10,150,95,0.09048427472954688
73,4,10,150,95,0.0
74,4,10,150,95,0.0
75,4,10,150,95,0.049432410190049694
76,4,10,150,95,0.1301464707340554
77,4,10,150,95,0.10201115106436301
78,4,10,150,95,0.0
79,4,10,150,95,0.3603915858241842
80,4,10,150,95,0.0
81,4,10,150,95,0.0
82,4,10,150,95,0.19298623480417013
83,4,10,150,95,0.1569263624205769
84,4,10,150,95,0.05034889199379723
85,4,10,150,95,0.0
87,4,10,150,95,0.07100089300395272
89,4,10,150,95,0.2553387838830436
90,4,10,150,95,0.14035324954983075
91,4,10,150,95,0.05648147012627732
92,4,10,150,95,0.10542637391232386
93,4,10,150,95,0.0
94,4,10,150,95,0.1398942649682608
95,4,10,150,95,0.17287436926807473
96,4,10,150,95,0.10181164814261426
97,4,10,150,95,0.11661748975177716
98,4,10,150,95,0.0930297504356062
99,4,10,150,95,0.05658242244874664
100,4,10,150,95,0.0
101,4,10,150,95,0.0
102,4,10,150,95,0.02424726876918863
103,4,10,150,95,0.0
104,4,10,150,95,0.0
105,4,10,150,95,0.0
106,4,10,150,95,0.0
107,4,10,150,95,0.07193596522633457
108,4,10,150,95,0.0
109,4,10,150,95,0.07103066762111539
110,4,10,150,95,0.0
111,4,10,150,95,0.0
112,4,10,150,95,0.05685954565780693
113,4,10,150,95,0.053168340515114924
114,4,10,150,95,0.0
115,4,10,150,95,0.10684080426179023
116,4,10,150,95,0.0
117,4,10,150,95,0.26646890433550474
118,4,10,150,95,0.0
119,4,10,150,95,0.24777925016776411
120,4,10,150,95,0.0
121,4,10,150,95,0.271985059917519
122,4,10,150,95,0.19939609492576266
123,4,10,150,95,0.07386004580671933
125,4,10,150,95,0.12702645795516354
126,4,10,150,95,0.06911917000496234
127,4,10,150,95,0.23132283185955704
128,4,10,150,95,0.0804528329814545
129,4,10,150,95,0.0
130,4,10,150,95,0.21603440505602572
131,4,10,150,95,0.06556385272536247
133,4,10,150,95,0.11047239495909743
134,4,10,150,95,0.0
135,4,10,150,95,0.0
137,4,10,150,95,0.1371200812351206
138,4,10,150,95,0.06140414576373613
139,4,10,150,95,0.0
141,4,10,150,95,0.038963097133338453
142,4,10,150,95,0.13373003436102654
143,4,10,150,95,0.1208996448617798
144,4,10,150,95,0.1227945149537572
145,4,10,150,95,0.1075804523117992
146,4,10,150,95,0.0
148,4,10,150,95,0.24915983520522694
149,4,10,150,95,0.0
150,4,10,150,95,0.10235170428306553
151,4,10,150,95,0.10702155329127065
152,4,10,150,95,0.040655755922716606
153,4,10,150,95,0.0
154,4,10,150,95,0.11753148666901318
155,4,10,150,95,0.0
156,4,10,150,95,0.0
158,4,10,150,95,0.17575552384613552
159,4,10,150,95,0.03310852000739229
160,4,10,150,95,0.0
161,4,10,150,95,0.0
162,4,10,150,95,0.04858102772529458
163,4,10,150,95,0.0
164,4,10,150,95,0.0
165,4,10,150,95,0.12114889742360979
166,4,10,150,95,0.0
167,4,10,150,95,0.06267320809766952
168,4,10,150,95,0.23504554941448536
169,4,10,150,95,0.11641320690977976
170,4,10,150,95,0.0
171,4,10,150,95,0.0
172,4,10,150,95,0.0
173,4,10,150,95,0.11302181651994404
174,4,10,150,95,0.08712841477105211
175,4,10,150,95,0.0
176,4,10,150,95,0.09511409151391914
177,4,10,150,95,0.06912040963822193
178,4,10,150,95,0.2437589399037192
179,4,10,150,95,0.06723507268634088
180,4,10,150,95,0.12262943855309168
181,4,10,150,95,0.062426915812405386
182,4,10,150,95,0.0
183,4,10,150,95,0.0
184,4,10,150,95,0.11356458502877588
185,4,10,150,95,0.07745351606183934
186,4,10,150,95,0.22147164648185297
187,4,10,150,95,0.08625091781054979
188,4,10,150,95,0.054384419234677496
189,4,10,150,95,0.23042891886703956
190,4,10,150,95,0.10699313236726378
191,4,10,150,95,0.0
192,4,10,150,95,0.0
193,4,10,150,95,0.039158662511086184
194,4,10,150,95,0.11592484831532757
195,4,10,150,95,0.0
196,4,10,150,95,0.0
197,4,10,150,95,0.05576624569167862
198,4,10,150,95,0.0
199,4,10,150,95,0.0
200,4,10,150,95,0.1350618908658632
201,4,10,150,95,0.1353805281228694
203,4,10,150,95,0.0
204,4,10,150,95,0.0
205,4,10,150,95,0.0
206,4,10,150,95,0.0
207,4,10,150,95,0.11502902547813014
209,4,10,150,95,0.0
210,4,10,150,95,0.09440608278107551
211,4,10,150,95,0.0
212,4,10,150,95,0.12681701683239352
213,4,10,150,95,0.2384146878320104
214,4,10,150,95,0.056720838976548935
215,4,10,150,95,0.0
216,4,10,150,95,0.06585783135342528
217,4,10,150,95,0.0
218,4,10,150,95,0.19092086617893467
219,4,10,150,95,0.0
221,4,10,150,95,0.3375735570145491
222,4,10,150,95,0.12476107276951183
223,4,10,150,95,0.03870447337439288
224,4,10,150,95,0.0
225,4,10,150,95,0.0
226,4,10,150,95,0.08080765379783027
227,4,10,150,95,0.0
228,4,10,150,95,0.0
229,4,10,150,95,0.0
230,4,10,150,95,0.23712439662683835
231,4,10,150,95,0.0
232,4,10,150,95,0.3234992853586256
233,4,10,150,95,0.0968152409481219
234,4,10,150,95,0.1481502210952491
235,4,10,150,95,0.06065881345112158
236,4,10,150,95,0.0
237,4,10,150,95,0.0
238,4,10,150,95,0.0
239,4,10,150,95,0.11792279130466408
240,4,10,150,95,0.05497526658285817
242,4,10,150,95,0.0
243,4,10,150,95,0.09267768927614353
244,4,10,150,95,0.18607735303899048
245,4,10,150,95,0.10704534003732354
246,4,10,150,95,0.11120150311654428
247,4,10,150,95,0.0
248,4,10,150,95,0.14830051302014485
249,4,10,150,95,0.31180658179892495
250,4,10,150,95,0.3503302816689379
251,4,10,150,95,0.0
252,4,10,150,95,0.0
253,4,10,150,95,0.05954496680255472
254,4,10,150,95,0.0
255,4,10,150,95,0.042447135269629226
256,4,10,150,95,0.2045015508513237
257,4,10,150,95,0.3305900772260718
258,4,10,150,95,0.07557488532248983
259,4,10,150,95,0.0
260,4,10,150,95,0.0
261,4,10,150,95,0.0
262,4,10,150,95,0.05029331645508228
263,4,10,150,95,0.18094314889157095
264,4,10,150,95,0.05840183867278569
265,4,10,150,95,0.10209739512291163
267,4,10,150,95,0.09794101962538232
268,4,10,150,95,0.2097420325497775
269,4,10,150,95,0.13223875150584097
270,4,10,150,95,0.046726672111120165
271,4,10,150,95,0.12276482551434069
272,4,10,150,95,0.14498698048571354
273,4,10,150,95,0.0
274,4,10,150,95,0.0
275,4,10,150,95,0.04605780568615433
276,4,10,150,95,0.20223032365941937
277,4,10,150,95,0.0
279,4,10,150,95,0.07923708494918187
280,4,10,150,95,0.03337620304869898
281,4,10,150,95,0.0
283,4,10,150,95,0.1292258709239571
284,4,10,150,95,0.0
285,4,10,150,95,0.1185995982858366
286,4,10,150,95,0.31887623993711317
287,4,10,150,95,0.11352455583778437
288,4,10,150,95,0.12538054736008386
289,4,10,150,95,0.13905617951077562
290,4,10,150,95,0.0
291,4,10,150,95,0.23494592513118112
292,4,10,150,95,0.12610583976873452
293,4,10,150,95,0.2509919877411521
294,4,10,150,95,0.04123398036294628
295,4,10,150,95,0.2670961153715764
296,4,10,150,95,0.5382063622180417
297,4,10,150,95,0.13535082686131417
298,4,10,150,95,0.19947114504638494
299,4,10,150,95,0.0
300,4,10,150,95,0.0
301,4,10,150,95,0.047934103497110726
303,4,10,150,95,0.12680868731260003
304,4,10,150,95,0.0
305,4,10,150,95,0.31514747987601716
306,4,10,150,95,0.0
307,4,10,150,95,0.1383141340724969
308,4,10,150,95,0.20874539670669104
309,4,10,150,95,0.0
310,4,10,150,95,0.0
311,4,10,150,95,0.08938791352906189
312,4,10,150,95,0.14069579419580536
313,4,10,150,95,0.14465709645474623
314,4,10,150,95,0.20285519102295546
315,4,10,150,95,0.0
316,4,10,150,95,0.07410494675778727
317,4,10,150,95,0.0
318,4,10,150,95,0.13815200906377123
319,4,10,150,95,0.0
320,4,10,150,95,0.0
321,4,10,150,95,0.062242588308449316
322,4,10,150,95,0.21517069392796198
323,4,10,150,95,0.14126697285982898
324,4,10,150,95,0.03555702818464106
325,4,10,150,95,0.0
326,4,10,150,95,0.0634222181618871
327,4,10,150,95,0.04302935573946656
328,4,10,150,95,0.1437524526514495
329,4,10,150,95,0.0
330,4,10,150,95,0.08083527637667369
331,4,10,150,95,0.16958010263680806
332,4,10,150,95,0.046679707512804314
333,4,10,150,95,0.0
334,4,10,150,95,0.0858345406672181
336,4,10,150,95,0.0
337,4,10,150,95,0.16716045496620227
338,4,10,150,95,0.05005165434923901
339,4,10,150,95,0.1344957225763306
340,4,10,150,95,0.0
341,4,10,150,95,0.0
342,4,10,150,95,0.2625072992734236
343,4,10,150,95,0.3094263721986468
344,4,10,150,95,0.23832550406045652
345,4,10,150,95,0.056149696530797676
346,4,10,150,95,0.13947804593499064
347,4,10,150,95,0.11116062301189339
348,4,10,150,95,0.071942683897578
349,4,10,150,95,0.07673373981757839
350,4,10,150,95,0.2065896325117088
351,4,10,150,95,0.0
352,4,10,150,95,0.0
353,4,10,150,95,0.0
354,4,10,150,95,0.051249224710132255
355,4,10,150,95,0.0
356,4,10,150,95,0.08406376813555873
357,4,10,150,95,0.05006331611131463
358,4,10,150,95,0.20438239758848611
359,4,10,150,95,0.0
360,4,10,150,95,0.09491042451242505
361,4,10,150,95,0.09622728274290568
362,4,10,150,95,0.1896300420144415
363,4,10,150,95,0.21862978877358352
364,4,10,150,95,0.0
365,4,10,150,95,0.03956979699823825
366,4,10,150,95,0.0
367,4,10,150,95,0.07630862162354303
368,4,10,150,95,0.0
369,4,10,150,95,0.0
370,4,10,150,95,0.13479984916817475
371,4,10,150,95,0.22569563125869263
372,4,10,150,95,0.03657576498735172
373,4,10,150,95,0.08627719815628208
374,4,10,150,95,0.09834160864069898
375,4,10,150,95,0.0
376,4,10,150,95,0.0
377,4,10,150,95,0.08010929472340098
378,4,10,150,95,0.26560521651303487
379,4,10,150,95,0.1665016263976196
380,4,10,150,95,0.0
381,4,10,150,95,0.09118180877280627
382,4,10,150,95,0.0
383,4,10,150,95,0.0848644637410381
384,4,10,150,95,0.0
385,4,10,150,95,0.0
386,4,10,150,95,0.0
387,4,10,150,95,0.11497906462099297
388,4,10,150,95,0.04511904280884329
389,4,10,150,95,0.17394090433083284
390,4,10,150,95,0.0
391,4,10,150,95,0.2137247802747043
392,4,10,150,95,0.056679935917756406
393,4,10,150,95,0.07902434057012214
394,4,10,150,95,0.11073655428626575
395,4,10,150,95,0.09179488000267515
396,4,10,150,95,0.0
397,4,10,150,95,0.2710147943938467
398,4,10,150,95,0.18852571653533698
399,4,10,150,95,0.07594334672458623
400,4,10,150,95,0.0
401,4,10,150,95,0.0
402,4,10,150,95,0.08963222225173058
403,4,10,150,95,0.1586673445830345
404,4,10,150,95,0.0
405,4,10,150,95,0.06667735269275575
406,4,10,150,95,0.20956416940551098
407,4,10,150,95,0.08088217699131102
408,4,10,150,95,0.0
409,4,10,150,95,0.12740448328320192
410,4,10,150,95,0.0
411,4,10,150,95,0.0
412,4,10,150,95,0.0
413,4,10,150,95,0.041646268351119564
414,4,10,150,95,0.0
415,4,10,150,95,0.15103391472831218
416,4,10,150,95,0.23166052731397035
417,4,10,150,95,0.09850508837083022
418,4,10,150,95,0.0
419,4,10,150,95,0.1208113026994942
420,4,10,150,95,0.06052048269976269
421,4,10,150,95,0.19620555836557932
422,4,10,150,95,0.07550298029238112
423,4,10,150,95,0.053845569940583225
424,4,10,150,95,0.2766918177656049
425,4,10,150,95,0.18440399277162553
426,4,10,150,95,0.040759261617270684
427,4,10,150,95,0.07466168586864165
428,4,10,150,95,0.04415960465480069
429,4,10,150,95,0.14355264986043786
430,4,10,150,95,0.0
431,4,10,150,95,0.0
432,4,10,150,95,0.05789711601244791
433,4,10,150,95,0.05780921899607981
434,4,10,150,95,0.2562151231304954
435,4,10,150,95,0.18254689597780008
436,4,10,150,95,0.0
437,4,10,150,95,0.1246139643684977
438,4,10,150,95,0.0
439,4,10,150,95,0.10863976191957724
440,4,10,150,95,0.0
441,4,10,150,95,0.07736100002633538
442,4,10,150,95,0.040949887133979804
443,4,10,150,95,0.06783204105472322
444,4,10,150,95,0.1312721899408984
445,4,10,150,95,0.0
446,4,10,150,95,0.0
447,4,10,150,95,0.16246725303708914
448,4,10,150,95,0.0
449,4,10,150,95,0.2217332169166366
450,4,10,150,95,0.2230321343934026
451,4,10,150,95,0.06148915918944534
452,4,10,150,95,0.1230264477101886
453,4,10,150,95,0.01738367330756446
454,4,10,150,95,0.029900386365841584
455,4,10,150,95,0.12741622541866474
456,4,10,150,95,0.033760343206167075
457,4,10,150,95,0.31128444613224265
458,4,10,150,95,0.06982799741808067
459,4,10,150,95,0.0
460,4,10,150,95,0.05184030722866645
461,4,10,150,95,0.05428363317977833
462,4,10,150,95,0.0
463,4,10,150,95,0.11987424504051505
464,4,10,150,95,0.027878824909352323
465,4,10,150,95,0.036206233555619735
466,4,10,150,95,0.0
467,4,10,150,95,0.07807600999842033
468,4,10,150,95,0.11455543964849552
469,4,10,150,95,0.05165643482805862
470,4,10,150,95,0.0
471,4,10,150,95,0.0
472,4,10,150,95,0.14794948727547083
473,4,10,150,95,0.06140244428718695
474,4,10,150,95,0.24593822460513717
475,4,10,150,95,0.0
476,4,10,150,95,0.0
477,4,10,150,95,0.0
478,4,10,150,95,0.2345109835167376
479,4,10,150,95,0.10172348796286074
480,4,10,150,95,0.0741070054529978
481,4,10,150,95,0.13102204196909084
482,4,10,150,95,0.0
483,4,10,150,95,0.05658242244874664
484,4,10,150,95,0.29539974213048126
485,4,10,150,95,0.0
486,4,10,150,95,0.0
487,4,10,150,95,0.09557986065110975
488,4,10,150,95,0.0
489,4,10,150,95,0.04327665636516388
490,4,10,150,95,0.0
491,4,10,150,95,0.14208678740137623
492,4,10,150,95,0.0
493,4,10,150,95,0.16765112971402235
494,4,10,150,95,0.0
495,4,10,150,95,0.17949652011459483
496,4,10,150,95,0.10506396802211523
497,4,10,150,95,0.10180531361143179
498,4,10,150,95,0.0
499,4,10,150,95,0.07269358580389043
500,4,10,150,95,0.09541527213731128
501,4,10,150,95,0.0
502,4,10,150,95,0.0
503,4,10,150,95,0.16237935278338944
504,4,10,150,95,0.08148269775823089
505,4,10,150,95,0.07379217622092994
506,4,10,150,95,0.1954778976905469
507,4,10,150,95,0.05319635904163211
508,4,10,150,95,0.0
509,4,10,150,95,0.0
510,4,10,150,95,0.0
511,4,10,150,95,0.08495943917278885
512,4,10,150,95,0.05478392673173268
513,4,10,150,95,0.0
514,4,10,150,95,0.27252722616773445
515,4,10,150,95,0.11706259313796354
516,4,10,150,95,0.0
517,4,10,150,95,0.08878770367712427
518,4,10,150,95,0.0
519,4,10,150,95,0.0
520,4,10,150,95,0.0
521,4,10,150,95,0.09850628252086785
522,4,10,150,95,0.16015986784807879
523,4,10,150,95,0.08192351372077554
524,4,10,150,95,0.1388155168339688
525,4,10,150,95,0.0
526,4,10,150,95,0.15355181494703254
527,4,10,150,95,0.1636135858112592
528,4,10,150,95,0.10209739512291163
529,4,10,150,95,0.0
530,4,10,150,95,0.0
531,4,10,150,95,0.1517763576041802
532,4,10,150,95,0.29773995317245644
533,4,10,150,95,0.1301019856167998
534,4,10,150,95,0.15271774407237912
535,4,10,150,95,0.15258506350829476
536,4,10,150,95,0.15105160768725473
537,4,10,150,95,0.2759701820247226
538,4,10,150,95,0.14697776980950736
539,4,10,150,95,0.15499711656631066
540,4,10,150,95,0.0
541,4,10,150,95,0.0586415067779619
542,4,10,150,95,0.07034465017648367
543,4,10,150,95,0.13447349057300634
544,4,10,150,95,0.05282936728943967
545,4,10,150,95,0.02244213465825961
546,4,10,150,95,0.05758752804519195
547,4,10,150,95,0.0
548,4,10,150,95,0.14714570243929503
549,4,10,150,95,0.0
550,4,10,150,95,0.08775411958203361
551,4,10,150,95,0.10128126837397917
552,4,10,150,95,0.1205344274731702
553,4,10,150,95,0.07411563356774664
554,4,10,150,95,0.1651387839044021
555,4,10,150,95,0.0
556,4,10,150,95,0.07660623398069263
557,4,10,150,95,0.031742154565302834
558,4,10,150,95,0.08878770367712427
559,4,10,150,95,0.09986350037763675
560,4,10,150,95,0.09375790921485552
561,4,10,150,95,0.14725545437769655
562,4,10,150,95,0.07930308311174379
563,4,10,150,95,0.0
564,4,10,150,95,0.15437610727371853
565,4,10,150,95,0.0
566,4,10,150,95,0.03579489106983033
567,4,10,150,95,0.1964649491153665
568,4,10,150,95,0.036155150901276155
569,4,10,150,95,0.18299769260789403
570,4,10,150,95,0.0
571,4,10,150,95,0.04988426711147283
572,4,10,150,95,0.16812753627111746
573,4,10,150,95,0.06437746926759551
574,4,10,150,95,0.051811563545175146
575,4,10,150,95,0.0
576,4,10,150,95,0.0
577,4,10,150,95,0.2181315616010628
578,4,10,150,95,0.05006331611131463
579,4,10,150,95,0.029371016515430802
580,4,10,150,95,0.17202958801773222
581,4,10,150,95,0.14348105418014392
582,4,10,150,95,0.03190895161277091
583,4,10,150,95,0.05364822253323318
584,4,10,150,95,0.06323567569191428
585,4,10,150,95,0.04173963774222741
586,4,10,150,95,0.05786021189691368
587,4,10,150,95,0.019492972026130224
588,4,10,150,95,0.1626111040880965
589,4,10,150,95,0.0
590,4,10,150,95,0.053845569940583225
591,4,10,150,95,0.047298896168385694
592,4,10,150,95,0.34229291295940956
593,4,10,150,95,0.07711036365720102
594,4,10,150,95,0.044551000676675064
595,4,10,150,95,0.10296141646738245
596,4,10,150,95,0.0
597,4,10,150,95,0.27101620591530523
598,4,10,150,95,0.0684591776394769
599,4,10,150,95,0.047338452314727386
600,4,10,150,95,0.09197011795311534
601,4,10,150,95,0.0
602,4,10,150,95,0.0
603,4,10,150,95,0.0
604,4,10,150,95,0.0
605,4,10,150,95,0.26275270116262744
606,4,10,150,95,0.1839502972074742
607,4,10,150,95,0.12532490984563913
608,4,10,150,95,0.12209659098915113
609,4,10,150,95,0.0
610,4,10,150,95,0.2146842601596213
611,4,10,150,95,0.07624568872860434
612,4,10,150,95,0.0
613,4,10,150,95,0.08385150490449667
614,4,10,150,95,0.0
615,4,10,150,95,0.04919117729584568
616,4,10,150,95,0.03618657486793958
617,4,10,150,95,0.0
618,4,10,150,95,0.16203815742271935
619,4,10,150,95,0.12363660028711727
620,4,10,150,95,0.159486715201797
621,4,10,150,95,0.11278207190006835
622,4,10,150,95,0.18241748250491993
623,4,10,150,95,0.2117125497194188
624,4,10,150,95,0.09391442870616025
625,4,10,150,95,0.0
626,4,10,150,95,0.06228974831361337
627,4,10,150,95,0.06945233499530101
628,4,10,150,95,0.06835692304018633
629,4,10,150,95,0.19194057324582506
630,4,10,150,95,0.15874779570678058
631,4,10,150,95,0.0
632,4,10,150,95,0.12112269717167994
633,4,10,150,95,0.11499138576948859
634,4,10,150,95,0.05294832419446749
635,4,10,150,95,0.04546401530948942
636,4,10,150,95,0.11426572661305327
637,4,10,150,95,0.01928973283308616
638,4,10,150,95,0.09712868482236708
639,4,10,150,95,0.03138892079718151
640,4,10,150,95,0.12159040943325355
641,4,10,150,95,0.10427070662550339
642,4,10,150,95,0.1359233084670957
643,4,10,150,95,0.11071279041815515
644,4,10,150,95,0.04935421935348238
645,4,10,150,95,0.17581821458755492
646,4,10,150,95,0.0
647,4,10,150,95,0.05363388010108191
648,4,10,150,95,0.14840070543561068
649,4,10,150,95,0.15489949502599
650,4,10,150,95,0.13574218972482194
651,4,10,150,95,0.0
652,4,10,150,95,0.08156220960446063
653,4,10,150,95,0.0906036790514784
654,4,10,150,95,0.21255442687635834
655,4,10,150,95,0.25109345508691333
656,4,10,150,95,0.1259623300388048
657,4,10,150,95,0.04140815094666367
658,4,10,150,95,0.2625403796417579
659,4,10,150,95,0.08781544355121487
660,4,10,150,95,0.13549488625249415
661,4,10,150,95,0.08605775303302886
662,4,10,150,95,0.0512644431393966
663,4,10,150,95,0.24026856780584893
664,4,10,150,95,0.28517362059082263
665,4,10,150,95,0.0
666,4,10,150,95,0.15654057249001205
667,4,10,150,95,0.31347596517570553
668,4,10,150,95,0.06194403202282284
669,4,10,150,95,0.1348578320198433
670,4,10,150,95,0.14253157607155806
671,4,10,150,95,0.22329352092456306
672,4,10,150,95,0.03603026685992244
673,4,10,150,95,0.14837758007547783
674,4,10,150,95,0.11338915993603582
675,4,10,150,95,0.0
676,4,10,150,95,0.2786979045104278
677,4,10,150,95,0.03314040476303028
678,4,10,150,95,0.03824432123396675
679,4,10,150,95,0.15527711509166947
680,4,10,150,95,0.11377863936243801
681,4,10,150,95,0.0
682,4,10,150,95,0.16905754140927456
683,4,10,150,95,0.0
684,4,10,150,95,0.06573003977381581
685,4,10,150,95,0.1906465758273748
686,4,10,150,95,0.1682282387290392
687,4,10,150,95,0.0
688,4,10,150,95,0.13095683635706423
689,4,10,150,95,0.2385743953554933
690,4,10,150,95,0.14944514316606491
691,4,10,150,95,0.13843129503711957
692,4,10,150,95,0.1753901755134814
693,4,10,150,95,0.0
694,4,10,150,95,0.2448812985235888
695,4,10,150,95,0.03629635962013474
696,4,10,150,95,0.039725595076707886
697,4,10,150,95,0.058391396119965244
698,4,10,150,95,0.041937660325009396
699,4,10,150,95,0.11291908148098284
700,4,10,150,95,0.12729890218214104
701,4,10,150,95,0.11497698281480273
702,4,10,150,95,0.037715680681715956
703,4,10,150,95,0.14202859508692728
704,4,10,150,95,0.2916443317855694
705,4,10,150,95,0.22667088038444094
706,4,10,150,95,0.04395738023645723
707,4,10,150,95,0.06313664925364729
708,4,10,150,95,0.12228634424244818
709,4,10,150,95,0.13472082394875662
710,4,10,150,95,0.12398145223298264
711,4,10,150,95,0.18133007201622714
712,4,10,150,95,0.16574565235707653
713,4,10,150,95,0.1468735732232516
714,4,10,150,95,0.03441184191455828
715,4,10,150,95,0.0
716,4,10,150,95,0.2470878348713381
717,4,10,150,95,0.09054670163637572
718,4,10,150,95,0.06264632882289006
719,4,10,150,95,0.09883437846193516
720,4,10,150,95,0.0
721,4,10,150,95,0.19572357575351293
722,4,10,150,95,0.06556429791586475
723,4,10,150,95,0.0
724,4,10,150,95,0.0
725,4,10,150,95,0.0
726,4,10,150,95,0.05010834716923557
727,4,10,150,95,0.11425197023310757
728,4,10,150,95,0.09627818061559096
729,4,10,150,95,0.1718665370882412
730,4,10,150,95,0.0478435080782347
731,4,10,150,95,0.14717311932656024
732,4,10,150,95,0.0
733,4,10,150,95,0.15867543784764906
734,4,10,150,95,0.0
735,4,10,150,95,0.0
736,4,10,150,95,0.03351972906068008
737,4,10,150,95,0.1138970555583582
738,4,10,150,95,0.13922998739868644
739,4,10,150,95,0.06276777357339133
740,4,10,150,95,0.0
741,4,10,150,95,0.05358697798864893
742,4,10,150,95,0.0488929053971083
743,4,10,150,95,0.09946096543827337
744,4,10,150,95,0.03596673601130318
745,4,10,150,95,0.03520132288421838
746,4,10,150,95,0.25743994347908983
747,4,10,150,95,0.3720979586594661
748,4,10,150,95,0.09621648119325965
749,4,10,150,95,0.13528134302981012
750,4,10,150,95,0.07184731398235064
751,4,10,150,95,0.08554799479006837
752,4,10,150,95,0.04389473417066348
753,4,10,150,95,0.15780803084928155
754,4,10,150,95,0.0
755,4,10,150,95,0.03855371268423985
756,4,10,150,95,0.031104745345423533
757,4,10,150,95,0.039709352713498784
758,4,10,150,95,0.28040993754642174
759,4,10,150,95,0.11006100937916612
760,4,10,150,95,0.03004859059698017
761,4,10,150,95,0.06869287000000811
762,4,10,150,95,0.08807782327857085
763,4,10,150,95,0.05892228941894017
764,4,10,150,95,0.08946696896639536
765,4,10,150,95,0.15066101840234988
766,4,10,150,95,0.04476098449293134
767,4,10,150,95,0.13884445379214724
768,4,10,150,95,0.08438032815655525
769,4,10,150,95,0.0
770,4,10,150,95,0.21464739068424896
771,4,10,150,95,0.32869562799119006
772,4,10,150,95,0.17356150297482983
773,4,10,150,95,0.08696710392235718
774,4,10,150,95,0.04792120202737235
775,4,10,150,95,0.038478285726379145
776,4,10,150,95,0.15403842856019037
777,4,10,150,95,0.0
778,4,10,150,95,0.1631238413472767
779,4,10,150,95,0.0
780,4,10,150,95,0.1424788567451383
781,4,10,150,95,0.2016539629141292
782,4,10,150,95,0.03410286253729913
783,4,10,150,95,0.0
784,4,10,150,95,0.029814614753779622
785,4,10,150,95,0.0
786,4,10,150,95,0.0
787,4,10,150,95,0.0
788,4,10,150,95,0.19842842574924122
789,4,10,150,95,0.08809718769055445
790,4,10,150,95,0.0705854807115222
791,4,10,150,95,0.04465281017341861
792,4,10,150,95,0.08944329533390502
793,4,10,150,95,0.0
794,4,10,150,95,0.14270855432908344
795,4,10,150,95,0.08637279041318525
796,4,10,150,95,0.2978543002260309
797,4,10,150,95,0.14274635636175825
798,4,10,150,95,0.0388711398826875
799,4,10,150,95,0.030246823655067756
800,4,10,150,95,0.170744663005078
801,4,10,150,95,0.1561471668577559
802,4,10,150,95,0.06960082070980815
803,4,10,150,95,0.10569353498973794
804,4,10,150,95,0.10147292714929877
805,4,10,150,95,0.11187363109947619
806,4,10,150,95,0.2959152150106387
807,4,10,150,95,0.10712329127351711
808,4,10,150,95,0.1025417224926713
809,4,10,150,95,0.10356976056061801
810,4,10,150,95,0.17634899502333787
811,4,10,150,95,0.06806289116376577
812,4,10,150,95,0.09594989011285139
813,4,10,150,95,0.0
814,4,10,150,95,0.034616222155696735
815,4,10,150,95,0.19534267166051425
816,4,10,150,95,0.0
817,4,10,150,95,0.0
818,4,10,150,95,0.05516788910004661
819,4,10,150,95,0.037210602758860095
820,4,10,150,95,0.0787987754690289
821,4,10,150,95,0.302950268110492
822,4,10,150,95,0.05548928785951652
823,4,10,150,95,0.19825193631094293
824,4,10,150,95,0.05046096657376444
825,4,10,150,95,0.08238190489603152
826,4,10,150,95,0.17593166652195671
827,4,10,150,95,0.0
828,4,10,150,95,0.05745618865524075
829,4,10,150,95,0.1751347628439014
830,4,10,150,95,0.22862234433549483
831,4,10,150,95,0.21058943716644085
832,4,10,150,95,0.0
833,4,10,150,95,0.13722407727516514
834,4,10,150,95,0.2706897351446418
835,4,10,150,95,0.2282338502278767
836,4,10,150,95,0.22113373377912962
837,4,10,150,95,0.05665916465450996
838,4,10,150,95,0.27895398740912175
839,4,10,150,95,0.10730655186373157
840,4,10,150,95,0.3448541502377311
841,4,10,150,95,0.06507217400164225
842,4,10,150,95,0.03947561302344988
843,4,10,150,95,0.008167976400118574
844,4,10,150,95,0.05872188515498603
845,4,10,150,95,0.0
846,4,10,150,95,0.32499013917830266
847,4,10,150,95,0.05107153900660915
848,4,10,150,95,0.13455681463131663
849,4,10,150,95,0.07738342520054953
850,4,10,150,95,0.29160326485645294
851,4,10,150,95,0.06520552028363663
852,4,10,150,95,0.26227118260874954
853,4,10,150,95,0.0
854,4,10,150,95,0.09387725808538537
855,4,10,150,95,0.03638796155629422
856,4,10,150,95,0.037110354711564805
857,4,10,150,95,0.0
858,4,10,150,95,0.10250982096838526
859,4,10,150,95,0.05070263548706836
860,4,10,150,95,0.12431618373412671
861,4,10,150,95,0.06460834446248033
862,4,10,150,95,0.20728152603412606
863,4,10,150,95,0.0741818502541766
864,4,10,150,95,0.3555254734456034
865,4,10,150,95,0.11652577583309928
866,4,10,150,95,0.16283687678415507
867,4,10,150,95,0.26419118896030336
868,4,10,150,95,0.17211386516741867
869,4,10,150,95,0.08067880958900249
870,4,10,150,95,0.2105100245019282
871,4,10,150,95,0.07012986265386374
872,4,10,150,95,0.02804794621397926
873,4,10,150,95,0.0
874,4,10,150,95,0.13944914190808633
875,4,10,150,95,0.18639091697355642
876,4,10,150,95,0.08671382849411972
877,4,10,150,95,0.09728747355334627
878,4,10,150,95,0.1706804422753891
879,4,10,150,95,0.03963466998423315
880,4,10,150,95,0.2773753568906981
881,4,10,150,95,0.10924842809886746
882,4,10,150,95,0.2238061440578927
883,4,10,150,95,0.263062242772606
884,4,10,150,95,0.11407805705099587
885,4,10,150,95,0.04536087033637415
886,4,10,150,95,0.15519133822915157
887,4,10,150,95,0.10214828088611402
888,4,10,150,95,0.11625487663628292
889,4,10,150,95,0.008649412746478447
890,4,10,150,95,0.11434431442033766
891,4,10,150,95,0.10491091696774645
892,4,10,150,95,0.2455191816579957
893,4,10,150,95,0.16495780329479887
894,4,10,150,95,0.08938534396125943
895,4,10,150,95,0.0
896,4,10,150,95,0.24032703757755694
897,4,10,150,95,0.3071672815592065
898,4,10,150,95,0.0
899,4,10,150,95,0.05684415375822261
900,4,10,150,95,0.055315677011973347
901,4,10,150,95,0.23198521014469126
902,4,10,150,95,0.05978585424799658
903,4,10,150,95,0.24651430146847014
904,4,10,150,95,0.026152770438578738
905,4,10,150,95,0.0
906,4,10,150,95,0.10407444169186962
907,4,10,150,95,0.08460920127967277
908,4,10,150,95,0.06892767477436933
909,4,10,150,95,0.02504502208733339
910,4,10,150,95,0.02138152805479416
911,4,10,150,95,0.14690565417489143
912,4,10,150,95,0.1958275913448339
913,4,10,150,95,0.08380195844185999
914,4,10,150,95,0.0
915,4,10,150,95,0.0
916,4,10,150,95,0.19801509332343425
917,4,10,150,95,0.0
918,4,10,150,95,0.05687760265727651
919,4,10,150,95,0.08919552174343603
920,4,10,150,95,0.0
921,4,10,150,95,0.15405864814296488
922,4,10,150,95,0.1280645281724967
923,4,10,150,95,0.04031825574984845
924,4,10,150,95,0.018280262702529162
925,4,10,150,95,0.032527050404589315
926,4,10,150,95,0.0
927,4,10,150,95,0.12527716133750888
928,4,10,150,95,0.1873259908039563
929,4,10,150,95,0.25163227912988373
930,4,10,150,95,0.032298243696638564
931,4,10,150,95,0.08679587898287541
932,4,10,150,95,0.26581896687705886
933,4,10,150,95,0.1488896485926162
934,4,10,150,95,0.10071040486185964
935,4,10,150,95,0.04173963774222741
936,4,10,150,95,0.14594031167660285
937,4,10,150,95,0.030246823655067756
938,4,10,150,95,0.1661428141234511
939,4,10,150,95,0.02916862694666808
940,4,10,150,95,0.10512901138397411
941,4,10,150,95,0.0
942,4,10,150,95,0.1374335766970964
943,4,10,150,95,0.20163692230838232
1,4,10,150,96,0.4058715898896693
2,4,10,150,96,0.06250343848035038
3,4,10,150,96,0.0
4,4,10,150,96,0.0
5,4,10,150,96,0.040209635547393256
6,4,10,150,96,0.27020011346731576
7,4,10,150,96,0.3507427912641652
8,4,10,150,96,0.0
9,4,10,150,96,0.21840743681816419
10,4,10,150,96,0.21491451057814584
11,4,10,150,96,0.1722584975122812
12,4,10,150,96,0.0
13,4,10,150,96,0.23354755242906122
14,4,10,150,96,0.03963175841995263
15,4,10,150,96,0.05010834716923557
16,4,10,150,96,0.1394055771274295
17,4,10,150,96,0.12407735386140566
18,4,10,150,96,0.2651132679673976
19,4,10,150,96,0.0
20,4,10,150,96,0.0
21,4,10,150,96,0.0
22,4,10,150,96,0.11702382382650763
23,4,10,150,96,0.2686879793224394
24,4,10,150,96,0.0
25,4,10,150,96,0.12358102547512423
26,4,10,150,96,0.0
27,4,10,150,96,0.0
28,4,10,150,96,0.0
29,4,10,150,96,0.13455232720853103
30,4,10,150,96,0.0
31,4,10,150,96,0.0
32,4,10,150,96,0.0
33,4,10,150,96,0.0
35,4,10,150,96,0.10523285614729473
36,4,10,150,96,0.15329048865267808
37,4,10,150,96,0.0
38,4,10,150,96,0.04739418218477539
39,4,10,150,96,0.0
40,4,10,150,96,0.10558114683788161
41,4,10,150,96,0.0
42,4,10,150,96,0.0683037314796457
43,4,10,150,96,0.22592974817952552
44,4,10,150,96,0.2044921015662719
45,4,10,150,96,0.05200670101006268
46,4,10,150,96,0.11284514134893527
47,4,10,150,96,0.06250343848035038
48,4,10,150,96,0.0
49,4,10,150,96,0.0
50,4,10,150,96,0.0
51,4,10,150,96,0.16812753627111746
52,4,10,150,96,0.07126520856745397
54,4,10,150,96,0.04843244625481133
56,4,10,150,96,0.20383503459815738
57,4,10,150,96,0.3030555992505742
58,4,10,150,96,0.3717269535737058
59,4,10,150,96,0.31915425394541946
60,4,10,150,96,0.1505674224523334
61,4,10,150,96,0.07763867093308688
62,4,10,150,96,0.10440036542861637
63,4,10,150,96,0.0
64,4,10,150,96,0.04238468688770069
65,4,10,150,96,0.13012668333070054
66,4,10,150,96,0.0
67,4,10,150,96,0.0
68,4,10,150,96,0.4827392464262081
69,4,10,150,96,0.07673373981757839
70,4,10,150,96,0.0
71,4,10,150,96,0.046966485689931024
72,4,10,150,96,0.09048427472954688
73,4,10,150,96,0.0
74,4,10,150,96,0.0
75,4,10,150,96,0.049432410190049694
76,4,10,150,96,0.1301464707340554
77,4,10,150,96,0.10201115106436301
78,4,10,150,96,0.0
79,4,10,150,96,0.3603915858241842
80,4,10,150,96,0.0
81,4,10,150,96,0.0
82,4,10,150,96,0.19298623480417013
83,4,10,150,96,0.1569263624205769
84,4,10,150,96,0.05034889199379723
85,4,10,150,96,0.0
87,4,10,150,96,0.07100089300395272
89,4,10,150,96,0.2553387838830436
90,4,10,150,96,0.14035324954983075
91,4,10,150,96,0.05648147012627732
92,4,10,150,96,0.10542637391232386
93,4,10,150,96,0.0
94,4,10,150,96,0.1398942649682608
95,4,10,150,96,0.17287436926807473
96,4,10,150,96,0.10181164814261426
97,4,10,150,96,0.11661748975177716
98,4,10,150,96,0.0930297504356062
99,4,10,150,96,0.05658242244874664
100,4,10,150,96,0.0
101,4,10,150,96,0.0
102,4,10,150,96,0.02424726876918863
103,4,10,150,96,0.0
104,4,10,150,96,0.0
105,4,10,150,96,0.0
106,4,10,150,96,0.0
107,4,10,150,96,0.07193596522633457
108,4,10,150,96,0.0
109,4,10,150,96,0.07103066762111539
110,4,10,150,96,0.0
111,4,10,150,96,0.0
112,4,10,150,96,0.05685954565780693
113,4,10,150,96,0.053168340515114924
114,4,10,150,96,0.0
115,4,10,150,96,0.10684080426179023
116,4,10,150,96,0.0
117,4,10,150,96,0.26646890433550474
118,4,10,150,96,0.0
119,4,10,150,96,0.24777925016776411
120,4,10,150,96,0.0
121,4,10,150,96,0.271985059917519
122,4,10,150,96,0.19939609492576266
123,4,10,150,96,0.07386004580671933
125,4,10,150,96,0.12702645795516354
126,4,10,150,96,0.06911917000496234
127,4,10,150,96,0.23132283185955704
128,4,10,150,96,0.0804528329814545
129,4,10,150,96,0.0
130,4,10,150,96,0.21603440505602572
131,4,10,150,96,0.06556385272536247
133,4,10,150,96,0.11047239495909743
134,4,10,150,96,0.0
135,4,10,150,96,0.0
137,4,10,150,96,0.1371200812351206
138,4,10,150,96,0.06140414576373613
139,4,10,150,96,0.0
141,4,10,150,96,0.038963097133338453
142,4,10,150,96,0.13373003436102654
143,4,10,150,96,0.1208996448617798
144,4,10,150,96,0.1227945149537572
145,4,10,150,96,0.1075804523117992
146,4,10,150,96,0.0
148,4,10,150,96,0.24915983520522694
149,4,10,150,96,0.0
150,4,10,150,96,0.10235170428306553
151,4,10,150,96,0.10702155329127065
152,4,10,150,96,0.040655755922716606
153,4,10,150,96,0.0
154,4,10,150,96,0.11753148666901318
155,4,10,150,96,0.0
156,4,10,150,96,0.0
158,4,10,150,96,0.17575552384613552
159,4,10,150,96,0.03310852000739229
160,4,10,150,96,0.0
161,4,10,150,96,0.0
162,4,10,150,96,0.04858102772529458
163,4,10,150,96,0.0
164,4,10,150,96,0.0
165,4,10,150,96,0.12114889742360979
166,4,10,150,96,0.0
167,4,10,150,96,0.06267320809766952
168,4,10,150,96,0.23504554941448536
169,4,10,150,96,0.11641320690977976
170,4,10,150,96,0.0
171,4,10,150,96,0.0
172,4,10,150,96,0.0
173,4,10,150,96,0.11302181651994404
174,4,10,150,96,0.08712841477105211
175,4,10,150,96,0.0
176,4,10,150,96,0.09511409151391914
177,4,10,150,96,0.06912040963822193
178,4,10,150,96,0.2437589399037192
179,4,10,150,96,0.06723507268634088
180,4,10,150,96,0.12262943855309168
181,4,10,150,96,0.062426915812405386
182,4,10,150,96,0.0
183,4,10,150,96,0.0
184,4,10,150,96,0.11356458502877588
185,4,10,150,96,0.07745351606183934
186,4,10,150,96,0.22147164648185297
187,4,10,150,96,0.08625091781054979
188,4,10,150,96,0.054384419234677496
189,4,10,150,96,0.23042891886703956
190,4,10,150,96,0.10699313236726378
191,4,10,150,96,0.0
192,4,10,150,96,0.0
193,4,10,150,96,0.039158662511086184
194,4,10,150,96,0.11592484831532757
195,4,10,150,96,0.0
196,4,10,150,96,0.0
197,4,10,150,96,0.05576624569167862
198,4,10,150,96,0.0
199,4,10,150,96,0.0
200,4,10,150,96,0.1350618908658632
201,4,10,150,96,0.1353805281228694
203,4,10,150,96,0.0
204,4,10,150,96,0.0
205,4,10,150,96,0.0
206,4,10,150,96,0.0
207,4,10,150,96,0.11502902547813014
209,4,10,150,96,0.0
210,4,10,150,96,0.09440608278107551
211,4,10,150,96,0.0
212,4,10,150,96,0.12681701683239352
213,4,10,150,96,0.2384146878320104
214,4,10,150,96,0.056720838976548935
215,4,10,150,96,0.0
216,4,10,150,96,0.06585783135342528
217,4,10,150,96,0.0
218,4,10,150,96,0.19092086617893467
219,4,10,150,96,0.0
221,4,10,150,96,0.3375735570145491
222,4,10,150,96,0.12476107276951183
223,4,10,150,96,0.03870447337439288
224,4,10,150,96,0.0
225,4,10,150,96,0.0
226,4,10,150,96,0.08080765379783027
227,4,10,150,96,0.0
228,4,10,150,96,0.0
229,4,10,150,96,0.0
230,4,10,150,96,0.23712439662683835
231,4,10,150,96,0.0
232,4,10,150,96,0.3234992853586256
233,4,10,150,96,0.0968152409481219
234,4,10,150,96,0.1481502210952491
235,4,10,150,96,0.06065881345112158
236,4,10,150,96,0.0
237,4,10,150,96,0.0
238,4,10,150,96,0.0
239,4,10,150,96,0.11792279130466408
240,4,10,150,96,0.05497526658285817
242,4,10,150,96,0.0
243,4,10,150,96,0.09267768927614353
244,4,10,150,96,0.18607735303899048
245,4,10,150,96,0.10704534003732354
246,4,10,150,96,0.11120150311654428
247,4,10,150,96,0.0
248,4,10,150,96,0.14830051302014485
249,4,10,150,96,0.31180658179892495
250,4,10,150,96,0.3503302816689379
251,4,10,150,96,0.0
252,4,10,150,96,0.0
253,4,10,150,96,0.05954496680255472
254,4,10,150,96,0.0
255,4,10,150,96,0.042447135269629226
256,4,10,150,96,0.2045015508513237
257,4,10,150,96,0.3305900772260718
258,4,10,150,96,0.07557488532248983
259,4,10,150,96,0.0
260,4,10,150,96,0.0
261,4,10,150,96,0.0
262,4,10,150,96,0.05029331645508228
263,4,10,150,96,0.18094314889157095
264,4,10,150,96,0.05840183867278569
265,4,10,150,96,0.10209739512291163
267,4,10,150,96,0.09794101962538232
268,4,10,150,96,0.2097420325497775
269,4,10,150,96,0.13223875150584097
270,4,10,150,96,0.046726672111120165
271,4,10,150,96,0.12276482551434069
272,4,10,150,96,0.14498698048571354
273,4,10,150,96,0.0
274,4,10,150,96,0.0
275,4,10,150,96,0.04605780568615433
276,4,10,150,96,0.20223032365941937
277,4,10,150,96,0.0
279,4,10,150,96,0.092898315299474
280,4,10,150,96,0.03337620304869898
281,4,10,150,96,0.0
283,4,10,150,96,0.1292258709239571
284,4,10,150,96,0.0
285,4,10,150,96,0.1185995982858366
286,4,10,150,96,0.31887623993711317
287,4,10,150,96,0.11352455583778437
288,4,10,150,96,0.12538054736008386
289,4,10,150,96,0.13905617951077562
290,4,10,150,96,0.0
291,4,10,150,96,0.23494592513118112
292,4,10,150,96,0.12610583976873452
293,4,10,150,96,0.2509919877411521
294,4,10,150,96,0.04123398036294628
295,4,10,150,96,0.2670961153715764
296,4,10,150,96,0.5664988214353469
297,4,10,150,96,0.13535082686131417
298,4,10,150,96,0.19947114504638494
299,4,10,150,96,0.0
300,4,10,150,96,0.0
301,4,10,150,96,0.047934103497110726
303,4,10,150,96,0.12680868731260003
304,4,10,150,96,0.0
305,4,10,150,96,0.31514747987601716
306,4,10,150,96,0.0
307,4,10,150,96,0.1383141340724969
308,4,10,150,96,0.20874539670669104
309,4,10,150,96,0.0
310,4,10,150,96,0.0
311,4,10,150,96,0.08938791352906189
312,4,10,150,96,0.14069579419580536
313,4,10,150,96,0.14465709645474623
314,4,10,150,96,0.20285519102295546
315,4,10,150,96,0.0
316,4,10,150,96,0.07410494675778727
317,4,10,150,96,0.0
318,4,10,150,96,0.13815200906377123
319,4,10,150,96,0.0
320,4,10,150,96,0.0
321,4,10,150,96,0.062242588308449316
322,4,10,150,96,0.21517069392796198
323,4,10,150,96,0.14126697285982898
324,4,10,150,96,0.03555702818464106
325,4,10,150,96,0.0
326,4,10,150,96,0.0634222181618871
327,4,10,150,96,0.0632705681020141
328,4,10,150,96,0.1437524526514495
329,4,10,150,96,0.0
330,4,10,150,96,0.08083527637667369
331,4,10,150,96,0.16958010263680806
332,4,10,150,96,0.046679707512804314
333,4,10,150,96,0.0
334,4,10,150,96,0.10022735436888022
336,4,10,150,96,0.0
337,4,10,150,96,0.16716045496620227
338,4,10,150,96,0.05005165434923901
339,4,10,150,96,0.1344957225763306
340,4,10,150,96,0.0
341,4,10,150,96,0.0
342,4,10,150,96,0.2625072992734236
343,4,10,150,96,0.3094263721986468
344,4,10,150,96,0.23832550406045652
345,4,10,150,96,0.056149696530797676
346,4,10,150,96,0.13947804593499064
347,4,10,150,96,0.11116062301189339
348,4,10,150,96,0.071942683897578
349,4,10,150,96,0.07673373981757839
350,4,10,150,96,0.2065896325117088
351,4,10,150,96,0.0
352,4,10,150,96,0.0
353,4,10,150,96,0.0
354,4,10,150,96,0.051249224710132255
355,4,10,150,96,0.0
356,4,10,150,96,0.08406376813555873
357,4,10,150,96,0.05006331611131463
358,4,10,150,96,0.20438239758848611
359,4,10,150,96,0.0
360,4,10,150,96,0.09491042451242505
361,4,10,150,96,0.09622728274290568
362,4,10,150,96,0.1896300420144415
363,4,10,150,96,0.21862978877358352
364,4,10,150,96,0.0
365,4,10,150,96,0.03956979699823825
366,4,10,150,96,0.0
367,4,10,150,96,0.07630862162354303
368,4,10,150,96,0.0
369,4,10,150,96,0.0
370,4,10,150,96,0.13479984916817475
371,4,10,150,96,0.22569563125869263
372,4,10,150,96,0.03657576498735172
373,4,10,150,96,0.08627719815628208
374,4,10,150,96,0.09834160864069898
375,4,10,150,96,0.0
376,4,10,150,96,0.0
377,4,10,150,96,0.08010929472340098
378,4,10,150,96,0.26560521651303487
379,4,10,150,96,0.1665016263976196
380,4,10,150,96,0.0
381,4,10,150,96,0.09118180877280627
382,4,10,150,96,0.0
383,4,10,150,96,0.0848644637410381
384,4,10,150,96,0.0
385,4,10,150,96,0.0
386,4,10,150,96,0.0
387,4,10,150,96,0.11497906462099297
388,4,10,150,96,0.04511904280884329
389,4,10,150,96,0.17394090433083284
390,4,10,150,96,0.0
391,4,10,150,96,0.2137247802747043
392,4,10,150,96,0.056679935917756406
393,4,10,150,96,0.07902434057012214
394,4,10,150,96,0.11073655428626575
395,4,10,150,96,0.09179488000267515
396,4,10,150,96,0.0
397,4,10,150,96,0.2710147943938467
398,4,10,150,96,0.18852571653533698
399,4,10,150,96,0.07594334672458623
400,4,10,150,96,0.0
401,4,10,150,96,0.0
402,4,10,150,96,0.11938381753707358
403,4,10,150,96,0.1586673445830345
404,4,10,150,96,0.0
405,4,10,150,96,0.06667735269275575
406,4,10,150,96,0.20956416940551098
407,4,10,150,96,0.09904518124710514
408,4,10,150,96,0.0
409,4,10,150,96,0.12740448328320192
410,4,10,150,96,0.0
411,4,10,150,96,0.0
412,4,10,150,96,0.0
413,4,10,150,96,0.041646268351119564
414,4,10,150,96,0.0
415,4,10,150,96,0.15103391472831218
416,4,10,150,96,0.23166052731397035
417,4,10,150,96,0.09850508837083022
418,4,10,150,96,0.0
419,4,10,150,96,0.1208113026994942
420,4,10,150,96,0.06052048269976269
421,4,10,150,96,0.19620555836557932
422,4,10,150,96,0.07550298029238112
423,4,10,150,96,0.053845569940583225
424,4,10,150,96,0.2766918177656049
425,4,10,150,96,0.18440399277162553
426,4,10,150,96,0.040759261617270684
427,4,10,150,96,0.07466168586864165
428,4,10,150,96,0.04415960465480069
429,4,10,150,96,0.14355264986043786
430,4,10,150,96,0.0
431,4,10,150,96,0.0
432,4,10,150,96,0.05789711601244791
433,4,10,150,96,0.05780921899607981
434,4,10,150,96,0.2562151231304954
435,4,10,150,96,0.18254689597780008
436,4,10,150,96,0.0
437,4,10,150,96,0.1246139643684977
438,4,10,150,96,0.0
439,4,10,150,96,0.10863976191957724
440,4,10,150,96,0.0
441,4,10,150,96,0.07736100002633538
442,4,10,150,96,0.040949887133979804
443,4,10,150,96,0.06783204105472322
444,4,10,150,96,0.1312721899408984
445,4,10,150,96,0.0
446,4,10,150,96,0.0
447,4,10,150,96,0.16246725303708914
448,4,10,150,96,0.0
449,4,10,150,96,0.2217332169166366
450,4,10,150,96,0.2230321343934026
451,4,10,150,96,0.06148915918944534
452,4,10,150,96,0.1230264477101886
453,4,10,150,96,0.01738367330756446
454,4,10,150,96,0.029900386365841584
455,4,10,150,96,0.12741622541866474
456,4,10,150,96,0.033760343206167075
457,4,10,150,96,0.31128444613224265
458,4,10,150,96,0.06982799741808067
459,4,10,150,96,0.0
460,4,10,150,96,0.05184030722866645
461,4,10,150,96,0.05428363317977833
462,4,10,150,96,0.0
463,4,10,150,96,0.11987424504051505
464,4,10,150,96,0.027878824909352323
465,4,10,150,96,0.036206233555619735
466,4,10,150,96,0.0
467,4,10,150,96,0.07807600999842033
468,4,10,150,96,0.11455543964849552
469,4,10,150,96,0.05165643482805862
470,4,10,150,96,0.04584945600562429
471,4,10,150,96,0.0
472,4,10,150,96,0.14794948727547083
473,4,10,150,96,0.06140244428718695
474,4,10,150,96,0.24593822460513717
475,4,10,150,96,0.0
476,4,10,150,96,0.0
477,4,10,150,96,0.0
478,4,10,150,96,0.2345109835167376
479,4,10,150,96,0.10172348796286074
480,4,10,150,96,0.0741070054529978
481,4,10,150,96,0.13102204196909084
482,4,10,150,96,0.0
483,4,10,150,96,0.05658242244874664
484,4,10,150,96,0.29539974213048126
485,4,10,150,96,0.0
486,4,10,150,96,0.0
487,4,10,150,96,0.09557986065110975
488,4,10,150,96,0.0
489,4,10,150,96,0.04327665636516388
490,4,10,150,96,0.0
491,4,10,150,96,0.14208678740137623
492,4,10,150,96,0.0
493,4,10,150,96,0.16765112971402235
494,4,10,150,96,0.0
495,4,10,150,96,0.17949652011459483
496,4,10,150,96,0.10506396802211523
497,4,10,150,96,0.10180531361143179
498,4,10,150,96,0.0
499,4,10,150,96,0.07269358580389043
500,4,10,150,96,0.09541527213731128
501,4,10,150,96,0.0
502,4,10,150,96,0.0
503,4,10,150,96,0.16237935278338944
504,4,10,150,96,0.08148269775823089
505,4,10,150,96,0.07379217622092994
506,4,10,150,96,0.1954778976905469
507,4,10,150,96,0.05319635904163211
508,4,10,150,96,0.0
509,4,10,150,96,0.0
510,4,10,150,96,0.0
511,4,10,150,96,0.08495943917278885
512,4,10,150,96,0.05478392673173268
513,4,10,150,96,0.0
514,4,10,150,96,0.27252722616773445
515,4,10,150,96,0.11706259313796354
516,4,10,150,96,0.0
517,4,10,150,96,0.08878770367712427
518,4,10,150,96,0.0
519,4,10,150,96,0.0
520,4,10,150,96,0.0
521,4,10,150,96,0.09850628252086785
522,4,10,150,96,0.16015986784807879
523,4,10,150,96,0.08192351372077554
524,4,10,150,96,0.1388155168339688
525,4,10,150,96,0.0
526,4,10,150,96,0.15355181494703254
527,4,10,150,96,0.1636135858112592
528,4,10,150,96,0.10209739512291163
529,4,10,150,96,0.0
530,4,10,150,96,0.0
531,4,10,150,96,0.1517763576041802
532,4,10,150,96,0.29773995317245644
533,4,10,150,96,0.1301019856167998
534,4,10,150,96,0.15271774407237912
535,4,10,150,96,0.15258506350829476
536,4,10,150,96,0.15105160768725473
537,4,10,150,96,0.2739140090620022
538,4,10,150,96,0.14697776980950736
539,4,10,150,96,0.15499711656631066
540,4,10,150,96,0.0
541,4,10,150,96,0.0586415067779619
542,4,10,150,96,0.07034465017648367
543,4,10,150,96,0.13447349057300634
544,4,10,150,96,0.05282936728943967
545,4,10,150,96,0.02244213465825961
546,4,10,150,96,0.05758752804519195
547,4,10,150,96,0.0
548,4,10,150,96,0.14714570243929503
549,4,10,150,96,0.0
550,4,10,150,96,0.08775411958203361
551,4,10,150,96,0.10128126837397917
552,4,10,150,96,0.1205344274731702
553,4,10,150,96,0.07411563356774664
554,4,10,150,96,0.1651387839044021
555,4,10,150,96,0.0
556,4,10,150,96,0.07660623398069263
557,4,10,150,96,0.031742154565302834
558,4,10,150,96,0.08878770367712427
559,4,10,150,96,0.09986350037763675
560,4,10,150,96,0.09375790921485552
561,4,10,150,96,0.14725545437769655
562,4,10,150,96,0.07930308311174379
563,4,10,150,96,0.0
564,4,10,150,96,0.15437610727371853
565,4,10,150,96,0.0
566,4,10,150,96,0.03579489106983033
567,4,10,150,96,0.1964649491153665
568,4,10,150,96,0.036155150901276155
569,4,10,150,96,0.18299769260789403
570,4,10,150,96,0.0
571,4,10,150,96,0.04988426711147283
572,4,10,150,96,0.16812753627111746
573,4,10,150,96,0.06437746926759551
574,4,10,150,96,0.051811563545175146
575,4,10,150,96,0.0
576,4,10,150,96,0.0
577,4,10,150,96,0.2181315616010628
578,4,10,150,96,0.05006331611131463
579,4,10,150,96,0.029371016515430802
580,4,10,150,96,0.17202958801773222
581,4,10,150,96,0.14348105418014392
582,4,10,150,96,0.03190895161277091
583,4,10,150,96,0.05364822253323318
584,4,10,150,96,0.06323567569191428
585,4,10,150,96,0.04173963774222741
586,4,10,150,96,0.05786021189691368
587,4,10,150,96,0.019492972026130224
588,4,10,150,96,0.1626111040880965
589,4,10,150,96,0.0
590,4,10,150,96,0.053845569940583225
591,4,10,150,96,0.047298896168385694
592,4,10,150,96,0.34229291295940956
593,4,10,150,96,0.07711036365720102
594,4,10,150,96,0.044551000676675064
595,4,10,150,96,0.10296141646738245
596,4,10,150,96,0.0
597,4,10,150,96,0.27101620591530523
598,4,10,150,96,0.0684591776394769
599,4,10,150,96,0.047338452314727386
600,4,10,150,96,0.09197011795311534
601,4,10,150,96,0.0
602,4,10,150,96,0.0
603,4,10,150,96,0.0
604,4,10,150,96,0.0
605,4,10,150,96,0.26275270116262744
606,4,10,150,96,0.1839502972074742
607,4,10,150,96,0.12532490984563913
608,4,10,150,96,0.12209659098915113
609,4,10,150,96,0.0
610,4,10,150,96,0.2146842601596213
611,4,10,150,96,0.07624568872860434
612,4,10,150,96,0.0
613,4,10,150,96,0.08385150490449667
614,4,10,150,96,0.0
615,4,10,150,96,0.04919117729584568
616,4,10,150,96,0.03618657486793958
617,4,10,150,96,0.0
618,4,10,150,96,0.16203815742271935
619,4,10,150,96,0.12363660028711727
620,4,10,150,96,0.159486715201797
621,4,10,150,96,0.11278207190006835
622,4,10,150,96,0.18241748250491993
623,4,10,150,96,0.2117125497194188
624,4,10,150,96,0.09391442870616025
625,4,10,150,96,0.0
626,4,10,150,96,0.06228974831361337
627,4,10,150,96,0.06945233499530101
628,4,10,150,96,0.06835692304018633
629,4,10,150,96,0.19194057324582506
630,4,10,150,96,0.1731406094084427
631,4,10,150,96,0.0
632,4,10,150,96,0.12112269717167994
633,4,10,150,96,0.11499138576948859
634,4,10,150,96,0.05294832419446749
635,4,10,150,96,0.04546401530948942
636,4,10,150,96,0.11426572661305327
637,4,10,150,96,0.01928973283308616
638,4,10,150,96,0.09712868482236708
639,4,10,150,96,0.03138892079718151
640,4,10,150,96,0.1377754055073616
641,4,10,150,96,0.10427070662550339
642,4,10,150,96,0.1359233084670957
643,4,10,150,96,0.11071279041815515
644,4,10,150,96,0.04935421935348238
645,4,10,150,96,0.17581821458755492
646,4,10,150,96,0.0
647,4,10,150,96,0.05363388010108191
648,4,10,150,96,0.14840070543561068
649,4,10,150,96,0.15489949502599
650,4,10,150,96,0.14407584350944783
651,4,10,150,96,0.0
652,4,10,150,96,0.08156220960446063
653,4,10,150,96,0.0906036790514784
654,4,10,150,96,0.21255442687635834
655,4,10,150,96,0.25667333831182165
656,4,10,150,96,0.1259623300388048
657,4,10,150,96,0.04140815094666367
658,4,10,150,96,0.2625403796417579
659,4,10,150,96,0.08781544355121487
660,4,10,150,96,0.13549488625249415
661,4,10,150,96,0.08605775303302886
662,4,10,150,96,0.0512644431393966
663,4,10,150,96,0.24026856780584893
664,4,10,150,96,0.28517362059082263
665,4,10,150,96,0.0
666,4,10,150,96,0.15654057249001205
667,4,10,150,96,0.31347596517570553
668,4,10,150,96,0.09169562730816584
669,4,10,150,96,0.1348578320198433
670,4,10,150,96,0.14253157607155806
671,4,10,150,96,0.22329352092456306
672,4,10,150,96,0.03603026685992244
673,4,10,150,96,0.14837758007547783
674,4,10,150,96,0.11338915993603582
675,4,10,150,96,0.0
676,4,10,150,96,0.2786979045104278
677,4,10,150,96,0.03314040476303028
678,4,10,150,96,0.03824432123396675
679,4,10,150,96,0.15527711509166947
680,4,10,150,96,0.11377863936243801
681,4,10,150,96,0.0
682,4,10,150,96,0.16779794320471708
683,4,10,150,96,0.0
684,4,10,150,96,0.06573003977381581
685,4,10,150,96,0.1906465758273748
686,4,10,150,96,0.1682282387290392
687,4,10,150,96,0.0
688,4,10,150,96,0.13095683635706423
689,4,10,150,96,0.2385743953554933
690,4,10,150,96,0.14944514316606491
691,4,10,150,96,0.13843129503711957
692,4,10,150,96,0.1753901755134814
693,4,10,150,96,0.0
694,4,10,150,96,0.2448812985235888
695,4,10,150,96,0.03629635962013474
696,4,10,150,96,0.06801805429401306
697,4,10,150,96,0.058391396119965244
698,4,10,150,96,0.041937660325009396
699,4,10,150,96,0.11291908148098284
700,4,10,150,96,0.12729890218214104
701,4,10,150,96,0.11497698281480273
702,4,10,150,96,0.037715680681715956
703,4,10,150,96,0.14202859508692728
704,4,10,150,96,0.2916443317855694
705,4,10,150,96,0.24010744298007755
706,4,10,150,96,0.04395738023645723
707,4,10,150,96,0.06313664925364729
708,4,10,150,96,0.12228634424244818
709,4,10,150,96,0.13472082394875662
710,4,10,150,96,0.14089235460888552
711,4,10,150,96,0.18133007201622714
712,4,10,150,96,0.16574565235707653
713,4,10,150,96,0.1468735732232516
714,4,10,150,96,0.03441184191455828
715,4,10,150,96,0.0
716,4,10,150,96,0.2551452701077685
717,4,10,150,96,0.09054670163637572
718,4,10,150,96,0.06264632882289006
719,4,10,150,96,0.09883437846193516
720,4,10,150,96,0.0
721,4,10,150,96,0.19572357575351293
722,4,10,150,96,0.06556429791586475
723,4,10,150,96,0.0
724,4,10,150,96,0.0
725,4,10,150,96,0.0
726,4,10,150,96,0.05010834716923557
727,4,10,150,96,0.12085141926498308
728,4,10,150,96,0.09627818061559096
729,4,10,150,96,0.1718665370882412
730,4,10,150,96,0.06936501041167871
731,4,10,150,96,0.14717311932656024
732,4,10,150,96,0.0
733,4,10,150,96,0.15867543784764906
734,4,10,150,96,0.0
735,4,10,150,96,0.0
736,4,10,150,96,0.03351972906068008
737,4,10,150,96,0.1138970555583582
738,4,10,150,96,0.13922998739868644
739,4,10,150,96,0.06276777357339133
740,4,10,150,96,0.0
741,4,10,150,96,0.05358697798864893
742,4,10,150,96,0.0488929053971083
743,4,10,150,96,0.09946096543827337
744,4,10,150,96,0.03596673601130318
745,4,10,150,96,0.03520132288421838
746,4,10,150,96,0.25743994347908983
747,4,10,150,96,0.3693255657999705
748,4,10,150,96,0.09621648119325965
749,4,10,150,96,0.1342734013824278
750,4,10,150,96,0.07184731398235064
751,4,10,150,96,0.08554799479006837
752,4,10,150,96,0.04389473417066348
753,4,10,150,96,0.15780803084928155
754,4,10,150,96,0.0
755,4,10,150,96,0.03855371268423985
756,4,10,150,96,0.031104745345423533
757,4,10,150,96,0.039709352713498784
758,4,10,150,96,0.2783206852662264
759,4,10,150,96,0.11006100937916612
760,4,10,150,96,0.03004859059698017
761,4,10,150,96,0.06869287000000811
762,4,10,150,96,0.08807782327857085
763,4,10,150,96,0.05892228941894017
764,4,10,150,96,0.08946696896639536
765,4,10,150,96,0.15066101840234988
766,4,10,150,96,0.054894577085870276
767,4,10,150,96,0.13884445379214724
768,4,10,150,96,0.08438032815655525
769,4,10,150,96,0.0
770,4,10,150,96,0.21464739068424896
771,4,10,150,96,0.32869562799119006
772,4,10,150,96,0.17356150297482983
773,4,10,150,96,0.08696710392235718
774,4,10,150,96,0.04792120202737235
775,4,10,150,96,0.038478285726379145
776,4,10,150,96,0.15403842856019037
777,4,10,150,96,0.0
778,4,10,150,96,0.1631238413472767
779,4,10,150,96,0.0
780,4,10,150,96,0.1424788567451383
781,4,10,150,96,0.2016539629141292
782,4,10,150,96,0.03410286253729913
783,4,10,150,96,0.0
784,4,10,150,96,0.029814614753779622
785,4,10,150,96,0.0
786,4,10,150,96,0.0
787,4,10,150,96,0.0
788,4,10,150,96,0.19694999369159155
789,4,10,150,96,0.08809718769055445
790,4,10,150,96,0.07005956897738182
791,4,10,150,96,0.04465281017341861
792,4,10,150,96,0.08944329533390502
793,4,10,150,96,0.0
794,4,10,150,96,0.14270855432908344
795,4,10,150,96,0.08637279041318525
796,4,10,150,96,0.29563507511097875
797,4,10,150,96,0.14274635636175825
798,4,10,150,96,0.03858152240926878
799,4,10,150,96,0.030246823655067756
800,4,10,150,96,0.170744663005078
801,4,10,150,96,0.1561471668577559
802,4,10,150,96,0.06960082070980815
803,4,10,150,96,0.10569353498973794
804,4,10,150,96,0.10071688210225163
805,4,10,150,96,0.11104009345486394
806,4,10,150,96,0.2959152150106387
807,4,10,150,96,0.10712329127351711
808,4,10,150,96,0.1025417224926713
809,4,10,150,96,0.10356976056061801
810,4,10,150,96,0.17634899502333787
811,4,10,150,96,0.06806289116376577
812,4,10,150,96,0.09594989011285139
813,4,10,150,96,0.0
814,4,10,150,96,0.034616222155696735
815,4,10,150,96,0.19534267166051425
816,4,10,150,96,0.0
817,4,10,150,96,0.0
818,4,10,150,96,0.05516788910004661
819,4,10,150,96,0.037210602758860095
820,4,10,150,96,0.0787987754690289
821,4,10,150,96,0.302950268110492
822,4,10,150,96,0.05548928785951652
823,4,10,150,96,0.19825193631094293
824,4,10,150,96,0.05046096657376444
825,4,10,150,96,0.09367103640868901
826,4,10,150,96,0.17593166652195671
827,4,10,150,96,0.0
828,4,10,150,96,0.05745618865524075
829,4,10,150,96,0.1751347628439014
830,4,10,150,96,0.22862234433549483
831,4,10,150,96,0.21058943716644085
832,4,10,150,96,0.0
833,4,10,150,96,0.13620166088417196
834,4,10,150,96,0.2706897351446418
835,4,10,150,96,0.2282338502278767
836,4,10,150,96,0.22113373377912962
837,4,10,150,96,0.05665916465450996
838,4,10,150,96,0.27895398740912175
839,4,10,150,96,0.10730655186373157
840,4,10,150,96,0.3448541502377311
841,4,10,150,96,0.06507217400164225
842,4,10,150,96,0.03947561302344988
843,4,10,150,96,0.008167976400118574
844,4,10,150,96,0.05872188515498603
845,4,10,150,96,0.0
846,4,10,150,96,0.32256873287843907
847,4,10,150,96,0.05107153900660915
848,4,10,150,96,0.14492283122720828
849,4,10,150,96,0.07738342520054953
850,4,10,150,96,0.29160326485645294
851,4,10,150,96,0.06520552028363663
852,4,10,150,96,0.26227118260874954
853,4,10,150,96,0.0
854,4,10,150,96,0.09317780614288455
855,4,10,150,96,0.03638796155629422
856,4,10,150,96,0.037110354711564805
857,4,10,150,96,0.0
858,4,10,150,96,0.10250982096838526
859,4,10,150,96,0.05070263548706836
860,4,10,150,96,0.12431618373412671
861,4,10,150,96,0.06460834446248033
862,4,10,150,96,0.2163254959227117
863,4,10,150,96,0.0741818502541766
864,4,10,150,96,0.36032726430192313
865,4,10,150,96,0.11652577583309928
866,4,10,150,96,0.16283687678415507
867,4,10,150,96,0.2768101833263081
868,4,10,150,96,0.17083149519008956
869,4,10,150,96,0.08067880958900249
870,4,10,150,96,0.20894157599206817
871,4,10,150,96,0.07012986265386374
872,4,10,150,96,0.02804794621397926
873,4,10,150,96,0.0
874,4,10,150,96,0.13944914190808633
875,4,10,150,96,0.18639091697355642
876,4,10,150,96,0.08671382849411972
877,4,10,150,96,0.09728747355334627
878,4,10,150,96,0.1706804422753891
879,4,10,150,96,0.03963466998423315
880,4,10,150,96,0.2753087143817893
881,4,10,150,96,0.10843445007258753
882,4,10,150,96,0.2238061440578927
883,4,10,150,96,0.2611022430830266
884,4,10,150,96,0.11407805705099587
885,4,10,150,96,0.04536087033637415
886,4,10,150,96,0.1540350530414765
887,4,10,150,96,0.10214828088611402
888,4,10,150,96,0.11625487663628292
889,4,10,150,96,0.008584968506516591
890,4,10,150,96,0.12563344593299514
891,4,10,150,96,0.10491091696774645
892,4,10,150,96,0.2455191816579957
893,4,10,150,96,0.18312080755059298
894,4,10,150,96,0.08871935995469693
895,4,10,150,96,0.0
896,4,10,150,96,0.23853643124011792
897,4,10,150,96,0.3071672815592065
898,4,10,150,96,0.0
899,4,10,150,96,0.05684415375822261
900,4,10,150,96,0.055315677011973347
901,4,10,150,96,0.23198521014469126
902,4,10,150,96,0.05978585424799658
903,4,10,150,96,0.24651430146847014
904,4,10,150,96,0.026152770438578738
905,4,10,150,96,0.0
906,4,10,150,96,0.10407444169186962
907,4,10,150,96,0.08460920127967277
908,4,10,150,96,0.06892767477436933
909,4,10,150,96,0.02504502208733339
910,4,10,150,96,0.02138152805479416
911,4,10,150,96,0.14690565417489143
912,4,10,150,96,0.1958275913448339
913,4,10,150,96,0.08380195844185999
914,4,10,150,96,0.0
915,4,10,150,96,0.0
916,4,10,150,96,0.19653974088457646
917,4,10,150,96,0.0
918,4,10,150,96,0.05687760265727651
919,4,10,150,96,0.08919552174343603
920,4,10,150,96,0.0
921,4,10,150,96,0.15405864814296488
922,4,10,150,96,0.1280645281724967
923,4,10,150,96,0.04031825574984845
924,4,10,150,96,0.018280262702529162
925,4,10,150,96,0.032527050404589315
926,4,10,150,96,0.0
927,4,10,150,96,0.12527716133750888
928,4,10,150,96,0.1873259908039563
929,4,10,150,96,0.25163227912988373
930,4,10,150,96,0.06059070291394373
931,4,10,150,96,0.08679587898287541
932,4,10,150,96,0.26581896687705886
933,4,10,150,96,0.1488896485926162
934,4,10,150,96,0.10071040486185964
935,4,10,150,96,0.04173963774222741
936,4,10,150,96,0.14594031167660285
937,4,10,150,96,0.030246823655067756
938,4,10,150,96,0.1661428141234511
939,4,10,150,96,0.05398310264851825
940,4,10,150,96,0.10512901138397411
941,4,10,150,96,0.0
942,4,10,150,96,0.1374335766970964
943,4,10,150,96,0.20163692230838232
1,4,10,150,97,0.4058715898896693
2,4,10,150,97,0.06250343848035038
3,4,10,150,97,0.0
4,4,10,150,97,0.0
5,4,10,150,97,0.040209635547393256
6,4,10,150,97,0.27020011346731576
7,4,10,150,97,0.3507427912641652
8,4,10,150,97,0.0
9,4,10,150,97,0.21840743681816419
10,4,10,150,97,0.21491451057814584
11,4,10,150,97,0.1722584975122812
12,4,10,150,97,0.0
13,4,10,150,97,0.23354755242906122
14,4,10,150,97,0.03963175841995263
15,4,10,150,97,0.05010834716923557
16,4,10,150,97,0.1394055771274295
17,4,10,150,97,0.12407735386140566
18,4,10,150,97,0.2651132679673976
19,4,10,150,97,0.0
20,4,10,150,97,0.0
21,4,10,150,97,0.0
22,4,10,150,97,0.11702382382650763
23,4,10,150,97,0.2686879793224394
24,4,10,150,97,0.0
25,4,10,150,97,0.12358102547512423
26,4,10,150,97,0.0
27,4,10,150,97,0.0
28,4,10,150,97,0.0
29,4,10,150,97,0.13455232720853103
30,4,10,150,97,0.0
31,4,10,150,97,0.0
32,4,10,150,97,0.0
33,4,10,150,97,0.0
35,4,10,150,97,0.10523285614729473
36,4,10,150,97,0.15329048865267808
37,4,10,150,97,0.0
38,4,10,150,97,0.04739418218477539
39,4,10,150,97,0.0
40,4,10,150,97,0.10558114683788161
41,4,10,150,97,0.0
42,4,10,150,97,0.0683037314796457
43,4,10,150,97,0.22592974817952552
44,4,10,150,97,0.2044921015662719
45,4,10,150,97,0.05200670101006268
46,4,10,150,97,0.11284514134893527
47,4,10,150,97,0.06250343848035038
48,4,10,150,97,0.0
49,4,10,150,97,0.0
50,4,10,150,97,0.0
51,4,10,150,97,0.16812753627111746
52,4,10,150,97,0.07126520856745397
54,4,10,150,97,0.04843244625481133
56,4,10,150,97,0.20383503459815738
57,4,10,150,97,0.3030555992505742
58,4,10,150,97,0.3717269535737058
59,4,10,150,97,0.31915425394541946
60,4,10,150,97,0.1505674224523334
61,4,10,150,97,0.07763867093308688
62,4,10,150,97,0.10440036542861637
63,4,10,150,97,0.0
64,4,10,150,97,0.04238468688770069
65,4,10,150,97,0.13012668333070054
66,4,10,150,97,0.0
67,4,10,150,97,0.0
68,4,10,150,97,0.4827392464262081
69,4,10,150,97,0.07673373981757839
70,4,10,150,97,0.0
71,4,10,150,97,0.046966485689931024
72,4,10,150,97,0.09048427472954688
73,4,10,150,97,0.0
74,4,10,150,97,0.0
75,4,10,150,97,0.049432410190049694
76,4,10,150,97,0.1301464707340554
77,4,10,150,97,0.10201115106436301
78,4,10,150,97,0.0
79,4,10,150,97,0.3603915858241842
80,4,10,150,97,0.0
81,4,10,150,97,0.0
82,4,10,150,97,0.19298623480417013
83,4,10,150,97,0.1569263624205769
84,4,10,150,97,0.05034889199379723
85,4,10,150,97,0.0
87,4,10,150,97,0.07100089300395272
89,4,10,150,97,0.2553387838830436
90,4,10,150,97,0.14035324954983075
91,4,10,150,97,0.05648147012627732
92,4,10,150,97,0.10542637391232386
93,4,10,150,97,0.0
94,4,10,150,97,0.1398942649682608
95,4,10,150,97,0.17287436926807473
96,4,10,150,97,0.10181164814261426
97,4,10,150,97,0.11661748975177716
98,4,10,150,97,0.0930297504356062
99,4,10,150,97,0.05658242244874664
100,4,10,150,97,0.0
101,4,10,150,97,0.0
102,4,10,150,97,0.02424726876918863
103,4,10,150,97,0.0
104,4,10,150,97,0.0
105,4,10,150,97,0.0
106,4,10,150,97,0.0
107,4,10,150,97,0.07193596522633457
108,4,10,150,97,0.0
109,4,10,150,97,0.07103066762111539
110,4,10,150,97,0.0
111,4,10,150,97,0.0
112,4,10,150,97,0.05685954565780693
113,4,10,150,97,0.053168340515114924
114,4,10,150,97,0.0
115,4,10,150,97,0.10684080426179023
116,4,10,150,97,0.0
117,4,10,150,97,0.26646890433550474
118,4,10,150,97,0.0
119,4,10,150,97,0.24777925016776411
120,4,10,150,97,0.0
121,4,10,150,97,0.271985059917519
122,4,10,150,97,0.19939609492576266
123,4,10,150,97,0.07386004580671933
125,4,10,150,97,0.12702645795516354
126,4,10,150,97,0.06911917000496234
127,4,10,150,97,0.23132283185955704
128,4,10,150,97,0.0804528329814545
129,4,10,150,97,0.0
130,4,10,150,97,0.21603440505602572
131,4,10,150,97,0.06556385272536247
133,4,10,150,97,0.11047239495909743
134,4,10,150,97,0.0
135,4,10,150,97,0.0
137,4,10,150,97,0.1371200812351206
138,4,10,150,97,0.06140414576373613
139,4,10,150,97,0.0
141,4,10,150,97,0.038963097133338453
142,4,10,150,97,0.13373003436102654
143,4,10,150,97,0.1208996448617798
144,4,10,150,97,0.1227945149537572
145,4,10,150,97,0.1075804523117992
146,4,10,150,97,0.0
148,4,10,150,97,0.24915983520522694
149,4,10,150,97,0.0
150,4,10,150,97,0.10235170428306553
151,4,10,150,97,0.10702155329127065
152,4,10,150,97,0.040655755922716606
153,4,10,150,97,0.0
154,4,10,150,97,0.11753148666901318
155,4,10,150,97,0.0
156,4,10,150,97,0.0
158,4,10,150,97,0.17575552384613552
159,4,10,150,97,0.03310852000739229
160,4,10,150,97,0.0
161,4,10,150,97,0.0
162,4,10,150,97,0.04858102772529458
163,4,10,150,97,0.0
164,4,10,150,97,0.0
165,4,10,150,97,0.12114889742360979
166,4,10,150,97,0.0
167,4,10,150,97,0.06267320809766952
168,4,10,150,97,0.23504554941448536
169,4,10,150,97,0.11641320690977976
170,4,10,150,97,0.0
171,4,10,150,97,0.0
172,4,10,150,97,0.0
173,4,10,150,97,0.11302181651994404
174,4,10,150,97,0.08712841477105211
175,4,10,150,97,0.0
176,4,10,150,97,0.09511409151391914
177,4,10,150,97,0.06912040963822193
178,4,10,150,97,0.2437589399037192
179,4,10,150,97,0.06723507268634088
180,4,10,150,97,0.12262943855309168
181,4,10,150,97,0.062426915812405386
182,4,10,150,97,0.0
183,4,10,150,97,0.0
184,4,10,150,97,0.11356458502877588
185,4,10,150,97,0.07745351606183934
186,4,10,150,97,0.22147164648185297
187,4,10,150,97,0.08625091781054979
188,4,10,150,97,0.054384419234677496
189,4,10,150,97,0.23042891886703956
190,4,10,150,97,0.10699313236726378
191,4,10,150,97,0.0
192,4,10,150,97,0.0
193,4,10,150,97,0.039158662511086184
194,4,10,150,97,0.11592484831532757
195,4,10,150,97,0.0
196,4,10,150,97,0.0
197,4,10,150,97,0.05576624569167862
198,4,10,150,97,0.0
199,4,10,150,97,0.0
200,4,10,150,97,0.1350618908658632
201,4,10,150,97,0.1353805281228694
203,4,10,150,97,0.0
204,4,10,150,97,0.0
205,4,10,150,97,0.0
206,4,10,150,97,0.0
207,4,10,150,97,0.11502902547813014
209,4,10,150,97,0.0
210,4,10,150,97,0.09440608278107551
211,4,10,150,97,0.0
212,4,10,150,97,0.12681701683239352
213,4,10,150,97,0.2384146878320104
214,4,10,150,97,0.056720838976548935
215,4,10,150,97,0.0
216,4,10,150,97,0.06585783135342528
217,4,10,150,97,0.0
218,4,10,150,97,0.19092086617893467
219,4,10,150,97,0.0
221,4,10,150,97,0.3375735570145491
222,4,10,150,97,0.12476107276951183
223,4,10,150,97,0.03870447337439288
224,4,10,150,97,0.0
225,4,10,150,97,0.0
226,4,10,150,97,0.08080765379783027
227,4,10,150,97,0.0
228,4,10,150,97,0.0
229,4,10,150,97,0.0
230,4,10,150,97,0.23712439662683835
231,4,10,150,97,0.0
232,4,10,150,97,0.3234992853586256
233,4,10,150,97,0.0968152409481219
234,4,10,150,97,0.1481502210952491
235,4,10,150,97,0.06065881345112158
236,4,10,150,97,0.0
237,4,10,150,97,0.0
238,4,10,150,97,0.0
239,4,10,150,97,0.1437151876907864
240,4,10,150,97,0.05497526658285817
242,4,10,150,97,0.0
243,4,10,150,97,0.09267768927614353
244,4,10,150,97,0.18607735303899048
245,4,10,150,97,0.10704534003732354
246,4,10,150,97,0.11120150311654428
247,4,10,150,97,0.0
248,4,10,150,97,0.14830051302014485
249,4,10,150,97,0.31180658179892495
250,4,10,150,97,0.3503302816689379
251,4,10,150,97,0.0
252,4,10,150,97,0.0
253,4,10,150,97,0.05954496680255472
254,4,10,150,97,0.0
255,4,10,150,97,0.042447135269629226
256,4,10,150,97,0.2045015508513237
257,4,10,150,97,0.3305900772260718
258,4,10,150,97,0.07557488532248983
259,4,10,150,97,0.0
260,4,10,150,97,0.0
261,4,10,150,97,0.0
262,4,10,150,97,0.05029331645508228
263,4,10,150,97,0.18094314889157095
264,4,10,150,97,0.05840183867278569
265,4,10,150,97,0.10209739512291163
267,4,10,150,97,0.09794101962538232
268,4,10,150,97,0.2097420325497775
269,4,10,150,97,0.13223875150584097
270,4,10,150,97,0.046726672111120165
271,4,10,150,97,0.12276482551434069
272,4,10,150,97,0.14498698048571354
273,4,10,150,97,0.0
274,4,10,150,97,0.0
275,4,10,150,97,0.04605780568615433
276,4,10,150,97,0.20223032365941937
277,4,10,150,97,0.0
279,4,10,150,97,0.092898315299474
280,4,10,150,97,0.03337620304869898
281,4,10,150,97,0.0
283,4,10,150,97,0.1292258709239571
284,4,10,150,97,0.0
285,4,10,150,97,0.1185995982858366
286,4,10,150,97,0.31887623993711317
287,4,10,150,97,0.11352455583778437
288,4,10,150,97,0.12538054736008386
289,4,10,150,97,0.13905617951077562
290,4,10,150,97,0.0
291,4,10,150,97,0.23494592513118112
292,4,10,150,97,0.12610583976873452
293,4,10,150,97,0.2674933110642059
294,4,10,150,97,0.04123398036294628
295,4,10,150,97,0.2670961153715764
296,4,10,150,97,0.594727990866183
297,4,10,150,97,0.13535082686131417
298,4,10,150,97,0.19947114504638494
299,4,10,150,97,0.0
300,4,10,150,97,0.0
301,4,10,150,97,0.047934103497110726
303,4,10,150,97,0.12680868731260003
304,4,10,150,97,0.0
305,4,10,150,97,0.31514747987601716
306,4,10,150,97,0.0
307,4,10,150,97,0.1383141340724969
308,4,10,150,97,0.20874539670669104
309,4,10,150,97,0.0
310,4,10,150,97,0.0
311,4,10,150,97,0.08938791352906189
312,4,10,150,97,0.14069579419580536
313,4,10,150,97,0.14465709645474623
314,4,10,150,97,0.20285519102295546
315,4,10,150,97,0.0
316,4,10,150,97,0.07410494675778727
317,4,10,150,97,0.0
318,4,10,150,97,0.13815200906377123
319,4,10,150,97,0.0
320,4,10,150,97,0.0
321,4,10,150,97,0.062242588308449316
322,4,10,150,97,0.21517069392796198
323,4,10,150,97,0.14126697285982898
324,4,10,150,97,0.03555702818464106
325,4,10,150,97,0.0
326,4,10,150,97,0.0634222181618871
327,4,10,150,97,0.0632705681020141
328,4,10,150,97,0.1437524526514495
329,4,10,150,97,0.0
330,4,10,150,97,0.08083527637667369
331,4,10,150,97,0.16958010263680806
332,4,10,150,97,0.046679707512804314
333,4,10,150,97,0.0
334,4,10,150,97,0.10022735436888022
336,4,10,150,97,0.0
337,4,10,150,97,0.16716045496620227
338,4,10,150,97,0.05005165434923901
339,4,10,150,97,0.1344957225763306
340,4,10,150,97,0.0
341,4,10,150,97,0.0
342,4,10,150,97,0.2625072992734236
343,4,10,150,97,0.3094263721986468
344,4,10,150,97,0.23832550406045652
345,4,10,150,97,0.056149696530797676
346,4,10,150,97,0.13947804593499064
347,4,10,150,97,0.11116062301189339
348,4,10,150,97,0.071942683897578
349,4,10,150,97,0.07673373981757839
350,4,10,150,97,0.2065896325117088
351,4,10,150,97,0.0
352,4,10,150,97,0.0
353,4,10,150,97,0.0
354,4,10,150,97,0.051249224710132255
355,4,10,150,97,0.0
356,4,10,150,97,0.08406376813555873
357,4,10,150,97,0.05006331611131463
358,4,10,150,97,0.20438239758848611
359,4,10,150,97,0.0
360,4,10,150,97,0.09491042451242505
361,4,10,150,97,0.09622728274290568
362,4,10,150,97,0.1896300420144415
363,4,10,150,97,0.21862978877358352
364,4,10,150,97,0.0
365,4,10,150,97,0.03956979699823825
366,4,10,150,97,0.0
367,4,10,150,97,0.07630862162354303
368,4,10,150,97,0.0
369,4,10,150,97,0.0
370,4,10,150,97,0.13479984916817475
371,4,10,150,97,0.22569563125869263
372,4,10,150,97,0.03657576498735172
373,4,10,150,97,0.08627719815628208
374,4,10,150,97,0.09834160864069898
375,4,10,150,97,0.0
376,4,10,150,97,0.0
377,4,10,150,97,0.08010929472340098
378,4,10,150,97,0.26560521651303487
379,4,10,150,97,0.1665016263976196
380,4,10,150,97,0.0
381,4,10,150,97,0.09118180877280627
382,4,10,150,97,0.0
383,4,10,150,97,0.12039822938664597
384,4,10,150,97,0.0
385,4,10,150,97,0.0
386,4,10,150,97,0.0
387,4,10,150,97,0.11497906462099297
388,4,10,150,97,0.04511904280884329
389,4,10,150,97,0.17394090433083284
390,4,10,150,97,0.0
391,4,10,150,97,0.2137247802747043
392,4,10,150,97,0.056679935917756406
393,4,10,150,97,0.07902434057012214
394,4,10,150,97,0.11073655428626575
395,4,10,150,97,0.09179488000267515
396,4,10,150,97,0.0
397,4,10,150,97,0.2710147943938467
398,4,10,150,97,0.18852571653533698
399,4,10,150,97,0.07594334672458623
400,4,10,150,97,0.0
401,4,10,150,97,0.0
402,4,10,150,97,0.11938381753707358
403,4,10,150,97,0.1586673445830345
404,4,10,150,97,0.0
405,4,10,150,97,0.06667735269275575
406,4,10,150,97,0.20956416940551098
407,4,10,150,97,0.09904518124710514
408,4,10,150,97,0.0
409,4,10,150,97,0.12740448328320192
410,4,10,150,97,0.0
411,4,10,150,97,0.0
412,4,10,150,97,0.0
413,4,10,150,97,0.041646268351119564
414,4,10,150,97,0.0
415,4,10,150,97,0.15103391472831218
416,4,10,150,97,0.23166052731397035
417,4,10,150,97,0.09850508837083022
418,4,10,150,97,0.0
419,4,10,150,97,0.1208113026994942
420,4,10,150,97,0.06052048269976269
421,4,10,150,97,0.19620555836557932
422,4,10,150,97,0.07550298029238112
423,4,10,150,97,0.053845569940583225
424,4,10,150,97,0.2766918177656049
425,4,10,150,97,0.18440399277162553
426,4,10,150,97,0.040759261617270684
427,4,10,150,97,0.07466168586864165
428,4,10,150,97,0.04415960465480069
429,4,10,150,97,0.14355264986043786
430,4,10,150,97,0.0
431,4,10,150,97,0.0
432,4,10,150,97,0.05789711601244791
433,4,10,150,97,0.05780921899607981
434,4,10,150,97,0.2562151231304954
435,4,10,150,97,0.18254689597780008
436,4,10,150,97,0.0
437,4,10,150,97,0.1246139643684977
438,4,10,150,97,0.0
439,4,10,150,97,0.10863976191957724
440,4,10,150,97,0.0
441,4,10,150,97,0.07736100002633538
442,4,10,150,97,0.040949887133979804
443,4,10,150,97,0.06783204105472322
444,4,10,150,97,0.1312721899408984
445,4,10,150,97,0.0
446,4,10,150,97,0.0
447,4,10,150,97,0.16246725303708914
448,4,10,150,97,0.0
449,4,10,150,97,0.2217332169166366
450,4,10,150,97,0.2230321343934026
451,4,10,150,97,0.06148915918944534
452,4,10,150,97,0.1230264477101886
453,4,10,150,97,0.01738367330756446
454,4,10,150,97,0.029900386365841584
455,4,10,150,97,0.12741622541866474
456,4,10,150,97,0.033760343206167075
457,4,10,150,97,0.31128444613224265
458,4,10,150,97,0.06982799741808067
459,4,10,150,97,0.0
460,4,10,150,97,0.05184030722866645
461,4,10,150,97,0.05428363317977833
462,4,10,150,97,0.0
463,4,10,150,97,0.11987424504051505
464,4,10,150,97,0.027878824909352323
465,4,10,150,97,0.036206233555619735
466,4,10,150,97,0.0
467,4,10,150,97,0.07807600999842033
468,4,10,150,97,0.11455543964849552
469,4,10,150,97,0.05165643482805862
470,4,10,150,97,0.04584945600562429
471,4,10,150,97,0.0
472,4,10,150,97,0.14794948727547083
473,4,10,150,97,0.06140244428718695
474,4,10,150,97,0.24593822460513717
475,4,10,150,97,0.0
476,4,10,150,97,0.0
477,4,10,150,97,0.0
478,4,10,150,97,0.2345109835167376
479,4,10,150,97,0.10172348796286074
480,4,10,150,97,0.0741070054529978
481,4,10,150,97,0.13102204196909084
482,4,10,150,97,0.0
483,4,10,150,97,0.05658242244874664
484,4,10,150,97,0.29539974213048126
485,4,10,150,97,0.0
486,4,10,150,97,0.0
487,4,10,150,97,0.09557986065110975
488,4,10,150,97,0.0
489,4,10,150,97,0.04327665636516388
490,4,10,150,97,0.0
491,4,10,150,97,0.14208678740137623
492,4,10,150,97,0.0
493,4,10,150,97,0.16765112971402235
494,4,10,150,97,0.0
495,4,10,150,97,0.17949652011459483
496,4,10,150,97,0.10506396802211523
497,4,10,150,97,0.10180531361143179
498,4,10,150,97,0.0
499,4,10,150,97,0.07269358580389043
500,4,10,150,97,0.09541527213731128
501,4,10,150,97,0.0
502,4,10,150,97,0.0
503,4,10,150,97,0.16237935278338944
504,4,10,150,97,0.08148269775823089
505,4,10,150,97,0.07379217622092994
506,4,10,150,97,0.1954778976905469
507,4,10,150,97,0.05319635904163211
508,4,10,150,97,0.0
509,4,10,150,97,0.0
510,4,10,150,97,0.0
511,4,10,150,97,0.08495943917278885
512,4,10,150,97,0.05478392673173268
513,4,10,150,97,0.0
514,4,10,150,97,0.27252722616773445
515,4,10,150,97,0.11706259313796354
516,4,10,150,97,0.0
517,4,10,150,97,0.08878770367712427
518,4,10,150,97,0.0
519,4,10,150,97,0.0
520,4,10,150,97,0.0
521,4,10,150,97,0.09850628252086785
522,4,10,150,97,0.16015986784807879
523,4,10,150,97,0.08192351372077554
524,4,10,150,97,0.1388155168339688
525,4,10,150,97,0.0
526,4,10,150,97,0.15355181494703254
527,4,10,150,97,0.1636135858112592
528,4,10,150,97,0.10209739512291163
529,4,10,150,97,0.0
530,4,10,150,97,0.0
531,4,10,150,97,0.1517763576041802
532,4,10,150,97,0.29773995317245644
533,4,10,150,97,0.1301019856167998
534,4,10,150,97,0.15271774407237912
535,4,10,150,97,0.15258506350829476
536,4,10,150,97,0.15105160768725473
537,4,10,150,97,0.27189274753642695
538,4,10,150,97,0.14697776980950736
539,4,10,150,97,0.15499711656631066
540,4,10,150,97,0.0
541,4,10,150,97,0.0586415067779619
542,4,10,150,97,0.07034465017648367
543,4,10,150,97,0.13447349057300634
544,4,10,150,97,0.05282936728943967
545,4,10,150,97,0.02244213465825961
546,4,10,150,97,0.05758752804519195
547,4,10,150,97,0.0
548,4,10,150,97,0.14714570243929503
549,4,10,150,97,0.0
550,4,10,150,97,0.08775411958203361
551,4,10,150,97,0.10128126837397917
552,4,10,150,97,0.1205344274731702
553,4,10,150,97,0.07411563356774664
554,4,10,150,97,0.1651387839044021
555,4,10,150,97,0.0
556,4,10,150,97,0.07660623398069263
557,4,10,150,97,0.031742154565302834
558,4,10,150,97,0.08878770367712427
559,4,10,150,97,0.09986350037763675
560,4,10,150,97,0.09375790921485552
561,4,10,150,97,0.14725545437769655
562,4,10,150,97,0.07930308311174379
563,4,10,150,97,0.0
564,4,10,150,97,0.15437610727371853
565,4,10,150,97,0.0
566,4,10,150,97,0.03579489106983033
567,4,10,150,97,0.1964649491153665
568,4,10,150,97,0.036155150901276155
569,4,10,150,97,0.18299769260789403
570,4,10,150,97,0.0
571,4,10,150,97,0.04988426711147283
572,4,10,150,97,0.16812753627111746
573,4,10,150,97,0.06437746926759551
574,4,10,150,97,0.051811563545175146
575,4,10,150,97,0.0
576,4,10,150,97,0.0
577,4,10,150,97,0.2181315616010628
578,4,10,150,97,0.05006331611131463
579,4,10,150,97,0.057600185946266945
580,4,10,150,97,0.17202958801773222
581,4,10,150,97,0.14348105418014392
582,4,10,150,97,0.03190895161277091
583,4,10,150,97,0.05364822253323318
584,4,10,150,97,0.06323567569191428
585,4,10,150,97,0.04173963774222741
586,4,10,150,97,0.05786021189691368
587,4,10,150,97,0.019492972026130224
588,4,10,150,97,0.1626111040880965
589,4,10,150,97,0.0
590,4,10,150,97,0.053845569940583225
591,4,10,150,97,0.047298896168385694
592,4,10,150,97,0.34229291295940956
593,4,10,150,97,0.07711036365720102
594,4,10,150,97,0.044551000676675064
595,4,10,150,97,0.10296141646738245
596,4,10,150,97,0.0
597,4,10,150,97,0.27101620591530523
598,4,10,150,97,0.0684591776394769
599,4,10,150,97,0.047338452314727386
600,4,10,150,97,0.09197011795311534
601,4,10,150,97,0.0
602,4,10,150,97,0.0
603,4,10,150,97,0.0
604,4,10,150,97,0.0
605,4,10,150,97,0.26275270116262744
606,4,10,150,97,0.1839502972074742
607,4,10,150,97,0.12532490984563913
608,4,10,150,97,0.12209659098915113
609,4,10,150,97,0.0
610,4,10,150,97,0.2146842601596213
611,4,10,150,97,0.07624568872860434
612,4,10,150,97,0.0
613,4,10,150,97,0.08385150490449667
614,4,10,150,97,0.0
615,4,10,150,97,0.04919117729584568
616,4,10,150,97,0.03618657486793958
617,4,10,150,97,0.0
618,4,10,150,97,0.16203815742271935
619,4,10,150,97,0.12363660028711727
620,4,10,150,97,0.159486715201797
621,4,10,150,97,0.11278207190006835
622,4,10,150,97,0.18241748250491993
623,4,10,150,97,0.2117125497194188
624,4,10,150,97,0.09391442870616025
625,4,10,150,97,0.0
626,4,10,150,97,0.06228974831361337
627,4,10,150,97,0.06945233499530101
628,4,10,150,97,0.06835692304018633
629,4,10,150,97,0.19194057324582506
630,4,10,150,97,0.1731406094084427
631,4,10,150,97,0.0
632,4,10,150,97,0.12112269717167994
633,4,10,150,97,0.11499138576948859
634,4,10,150,97,0.05294832419446749
635,4,10,150,97,0.04546401530948942
636,4,10,150,97,0.11426572661305327
637,4,10,150,97,0.01928973283308616
638,4,10,150,97,0.09712868482236708
639,4,10,150,97,0.03138892079718151
640,4,10,150,97,0.1377754055073616
641,4,10,150,97,0.10427070662550339
642,4,10,150,97,0.1359233084670957
643,4,10,150,97,0.11071279041815515
644,4,10,150,97,0.04935421935348238
645,4,10,150,97,0.17581821458755492
646,4,10,150,97,0.0
647,4,10,150,97,0.05363388010108191
648,4,10,150,97,0.14840070543561068
649,4,10,150,97,0.15489949502599
650,4,10,150,97,0.14407584350944783
651,4,10,150,97,0.0
652,4,10,150,97,0.08156220960446063
653,4,10,150,97,0.0906036790514784
654,4,10,150,97,0.21255442687635834
655,4,10,150,97,0.2547792988461249
656,4,10,150,97,0.1259623300388048
657,4,10,150,97,0.04140815094666367
658,4,10,150,97,0.2625403796417579
659,4,10,150,97,0.08781544355121487
660,4,10,150,97,0.13549488625249415
661,4,10,150,97,0.08605775303302886
662,4,10,150,97,0.0512644431393966
663,4,10,150,97,0.24026856780584893
664,4,10,150,97,0.28517362059082263
665,4,10,150,97,0.0
666,4,10,150,97,0.15654057249001205
667,4,10,150,97,0.31347596517570553
668,4,10,150,97,0.09169562730816584
669,4,10,150,97,0.1348578320198433
670,4,10,150,97,0.16729054218138414
671,4,10,150,97,0.22329352092456306
672,4,10,150,97,0.03603026685992244
673,4,10,150,97,0.14837758007547783
674,4,10,150,97,0.11338915993603582
675,4,10,150,97,0.0
676,4,10,150,97,0.2786979045104278
677,4,10,150,97,0.03314040476303028
678,4,10,150,97,0.03824432123396675
679,4,10,150,97,0.15527711509166947
680,4,10,150,97,0.11377863936243801
681,4,10,150,97,0.0
682,4,10,150,97,0.1739389142513062
683,4,10,150,97,0.0
684,4,10,150,97,0.06573003977381581
685,4,10,150,97,0.1906465758273748
686,4,10,150,97,0.1682282387290392
687,4,10,150,97,0.0
688,4,10,150,97,0.13095683635706423
689,4,10,150,97,0.2385743953554933
690,4,10,150,97,0.14944514316606491
691,4,10,150,97,0.13843129503711957
692,4,10,150,97,0.1753901755134814
693,4,10,150,97,0.0
694,4,10,150,97,0.2448812985235888
695,4,10,150,97,0.03629635962013474
696,4,10,150,97,0.06801805429401306
697,4,10,150,97,0.07420531276379336
698,4,10,150,97,0.041937660325009396
699,4,10,150,97,0.11291908148098284
700,4,10,150,97,0.12729890218214104
701,4,10,150,97,0.11497698281480273
702,4,10,150,97,0.037715680681715956
703,4,10,150,97,0.14202859508692728
704,4,10,150,97,0.2916443317855694
705,4,10,150,97,0.24010744298007755
706,4,10,150,97,0.04395738023645723
707,4,10,150,97,0.06313664925364729
708,4,10,150,97,0.12228634424244818
709,4,10,150,97,0.13472082394875662
710,4,10,150,97,0.14089235460888552
711,4,10,150,97,0.18133007201622714
712,4,10,150,97,0.16574565235707653
713,4,10,150,97,0.1468735732232516
714,4,10,150,97,0.03441184191455828
715,4,10,150,97,0.0
716,4,10,150,97,0.2631846809882501
717,4,10,150,97,0.09054670163637572
718,4,10,150,97,0.06264632882289006
719,4,10,150,97,0.09883437846193516
720,4,10,150,97,0.0
721,4,10,150,97,0.19572357575351293
722,4,10,150,97,0.06556429791586475
723,4,10,150,97,0.0
724,4,10,150,97,0.0
725,4,10,150,97,0.0
726,4,10,150,97,0.05010834716923557
727,4,10,150,97,0.11995963455887049
728,4,10,150,97,0.09627818061559096
729,4,10,150,97,0.1718665370882412
730,4,10,150,97,0.06936501041167871
731,4,10,150,97,0.14717311932656024
732,4,10,150,97,0.0
733,4,10,150,97,0.15867543784764906
734,4,10,150,97,0.0
735,4,10,150,97,0.0
736,4,10,150,97,0.03351972906068008
737,4,10,150,97,0.1138970555583582
738,4,10,150,97,0.13922998739868644
739,4,10,150,97,0.06276777357339133
740,4,10,150,97,0.0
741,4,10,150,97,0.05358697798864893
742,4,10,150,97,0.0488929053971083
743,4,10,150,97,0.09946096543827337
744,4,10,150,97,0.03596673601130318
745,4,10,150,97,0.03520132288421838
746,4,10,150,97,0.25743994347908983
747,4,10,150,97,0.37397942769399256
748,4,10,150,97,0.09621648119325965
749,4,10,150,97,0.1332825734176522
750,4,10,150,97,0.07184731398235064
751,4,10,150,97,0.08554799479006837
752,4,10,150,97,0.04389473417066348
753,4,10,150,97,0.15780803084928155
754,4,10,150,97,0.0
755,4,10,150,97,0.03855371268423985
756,4,10,150,97,0.031104745345423533
757,4,10,150,97,0.049290177659643705
758,4,10,150,97,0.27626690607170173
759,4,10,150,97,0.11006100937916612
760,4,10,150,97,0.03004859059698017
761,4,10,150,97,0.06869287000000811
762,4,10,150,97,0.08807782327857085
763,4,10,150,97,0.05892228941894017
764,4,10,150,97,0.08946696896639536
765,4,10,150,97,0.15066101840234988
766,4,10,150,97,0.06500550099149414
767,4,10,150,97,0.13884445379214724
768,4,10,150,97,0.08438032815655525
769,4,10,150,97,0.0
770,4,10,150,97,0.21464739068424896
771,4,10,150,97,0.32869562799119006
772,4,10,150,97,0.17356150297482983
773,4,10,150,97,0.08696710392235718
774,4,10,150,97,0.04792120202737235
775,4,10,150,97,0.038478285726379145
776,4,10,150,97,0.15403842856019037
777,4,10,150,97,0.0
778,4,10,150,97,0.1631238413472767
779,4,10,150,97,0.0
780,4,10,150,97,0.1424788567451383
781,4,10,150,97,0.2016539629141292
782,4,10,150,97,0.03410286253729913
783,4,10,150,97,0.0
784,4,10,150,97,0.029814614753779622
785,4,10,150,97,0.0
786,4,10,150,97,0.0
787,4,10,150,97,0.0
788,4,10,150,97,0.19549666369918142
789,4,10,150,97,0.08809718769055445
790,4,10,150,97,0.06954258661581039
791,4,10,150,97,0.04465281017341861
792,4,10,150,97,0.08944329533390502
793,4,10,150,97,0.0
794,4,10,150,97,0.14270855432908344
795,4,10,150,97,0.08637279041318525
796,4,10,150,97,0.2934535298699059
797,4,10,150,97,0.14274635636175825
798,4,10,150,97,0.03829682230535287
799,4,10,150,97,0.030246823655067756
800,4,10,150,97,0.170744663005078
801,4,10,150,97,0.1561471668577559
802,4,10,150,97,0.06960082070980815
803,4,10,150,97,0.10569353498973794
804,4,10,150,97,0.09997367382507621
805,4,10,150,97,0.11022070831474212
806,4,10,150,97,0.2959152150106387
807,4,10,150,97,0.10712329127351711
808,4,10,150,97,0.1025417224926713
809,4,10,150,97,0.10356976056061801
810,4,10,150,97,0.17634899502333787
811,4,10,150,97,0.06806289116376577
812,4,10,150,97,0.09594989011285139
813,4,10,150,97,0.0
814,4,10,150,97,0.034616222155696735
815,4,10,150,97,0.19534267166051425
816,4,10,150,97,0.0
817,4,10,150,97,0.0
818,4,10,150,97,0.05516788910004661
819,4,10,150,97,0.037210602758860095
820,4,10,150,97,0.0787987754690289
821,4,10,150,97,0.302950268110492
822,4,10,150,97,0.05548928785951652
823,4,10,150,97,0.19825193631094293
824,4,10,150,97,0.05046096657376444
825,4,10,150,97,0.10493491431163486
826,4,10,150,97,0.17593166652195671
827,4,10,150,97,0.0
828,4,10,150,97,0.05745618865524075
829,4,10,150,97,0.1751347628439014
830,4,10,150,97,0.22862234433549483
831,4,10,150,97,0.21058943716644085
832,4,10,150,97,0.0
833,4,10,150,97,0.13519660394017932
834,4,10,150,97,0.2706897351446418
835,4,10,150,97,0.2282338502278767
836,4,10,150,97,0.22113373377912962
837,4,10,150,97,0.05665916465450996
838,4,10,150,97,0.27895398740912175
839,4,10,150,97,0.10730655186373157
840,4,10,150,97,0.3448541502377311
841,4,10,150,97,0.06507217400164225
842,4,10,150,97,0.03947561302344988
843,4,10,150,97,0.008167976400118574
844,4,10,150,97,0.05872188515498603
845,4,10,150,97,0.0
846,4,10,150,97,0.32018843925507356
847,4,10,150,97,0.05107153900660915
848,4,10,150,97,0.14492283122720828
849,4,10,150,97,0.07738342520054953
850,4,10,150,97,0.29160326485645294
851,4,10,150,97,0.06520552028363663
852,4,10,150,97,0.26227118260874954
853,4,10,150,97,0.0
854,4,10,150,97,0.09249023008483967
855,4,10,150,97,0.03638796155629422
856,4,10,150,97,0.037110354711564805
857,4,10,150,97,0.0
858,4,10,150,97,0.10250982096838526
859,4,10,150,97,0.05070263548706836
860,4,10,150,97,0.12431618373412671
861,4,10,150,97,0.06460834446248033
862,4,10,150,97,0.2163254959227117
863,4,10,150,97,0.0741818502541766
864,4,10,150,97,0.3576683435755122
865,4,10,150,97,0.11652577583309928
866,4,10,150,97,0.16283687678415507
867,4,10,150,97,0.2768101833263081
868,4,10,150,97,0.16957089837079337
869,4,10,150,97,0.08067880958900249
870,4,10,150,97,0.2073997579226235
871,4,10,150,97,0.07012986265386374
872,4,10,150,97,0.02804794621397926
873,4,10,150,97,0.0
874,4,10,150,97,0.13944914190808633
875,4,10,150,97,0.18639091697355642
876,4,10,150,97,0.08671382849411972
877,4,10,150,97,0.09728747355334627
878,4,10,150,97,0.1706804422753891
879,4,10,150,97,0.03963466998423315
880,4,10,150,97,0.2732771610708028
881,4,10,150,97,0.10763429245111654
882,4,10,150,97,0.2238061440578927
883,4,10,150,97,0.2591755219197229
884,4,10,150,97,0.11407805705099587
885,4,10,150,97,0.04536087033637415
886,4,10,150,97,0.1528984002380333
887,4,10,150,97,0.10214828088611402
888,4,10,150,97,0.11625487663628292
889,4,10,150,97,0.008521618455163176
890,4,10,150,97,0.136897323835941
891,4,10,150,97,0.10491091696774645
892,4,10,150,97,0.2455191816579957
893,4,10,150,97,0.18312080755059298
894,4,10,150,97,0.08806468358577305
895,4,10,150,97,0.0
896,4,10,150,97,0.23677622732588677
897,4,10,150,97,0.3071672815592065
898,4,10,150,97,0.0
899,4,10,150,97,0.05684415375822261
900,4,10,150,97,0.055315677011973347
901,4,10,150,97,0.23198521014469126
902,4,10,150,97,0.05978585424799658
903,4,10,150,97,0.24651430146847014
904,4,10,150,97,0.026152770438578738
905,4,10,150,97,0.0
906,4,10,150,97,0.10407444169186962
907,4,10,150,97,0.08460920127967277
908,4,10,150,97,0.06892767477436933
909,4,10,150,97,0.02504502208733339
910,4,10,150,97,0.02138152805479416
911,4,10,150,97,0.14690565417489143
912,4,10,150,97,0.1958275913448339
913,4,10,150,97,0.08380195844185999
914,4,10,150,97,0.0
915,4,10,150,97,0.0
916,4,10,150,97,0.1950894382225954
917,4,10,150,97,0.0
918,4,10,150,97,0.05687760265727651
919,4,10,150,97,0.08919552174343603
920,4,10,150,97,0.0
921,4,10,150,97,0.15405864814296488
922,4,10,150,97,0.1280645281724967
923,4,10,150,97,0.04031825574984845
924,4,10,150,97,0.018280262702529162
925,4,10,150,97,0.032527050404589315
926,4,10,150,97,0.0
927,4,10,150,97,0.12527716133750888
928,4,10,150,97,0.1873259908039563
929,4,10,150,97,0.25163227912988373
930,4,10,150,97,0.06059070291394373
931,4,10,150,97,0.08679587898287541
932,4,10,150,97,0.26581896687705886
933,4,10,150,97,0.1488896485926162
934,4,10,150,97,0.10071040486185964
935,4,10,150,97,0.04173963774222741
936,4,10,150,97,0.14594031167660285
937,4,10,150,97,0.030246823655067756
938,4,10,150,97,0.1661428141234511
939,4,10,150,97,0.05398310264851825
940,4,10,150,97,0.10512901138397411
941,4,10,150,97,0.0
942,4,10,150,97,0.1374335766970964
943,4,10,150,97,0.20163692230838232
1,4,10,150,98,0.4058715898896693
2,4,10,150,98,0.06250343848035038
3,4,10,150,98,0.0
4,4,10,150,98,0.0
5,4,10,150,98,0.040209635547393256
6,4,10,150,98,0.27020011346731576
7,4,10,150,98,0.3507427912641652
8,4,10,150,98,0.0
9,4,10,150,98,0.21840743681816419
10,4,10,150,98,0.21491451057814584
11,4,10,150,98,0.1722584975122812
12,4,10,150,98,0.0
13,4,10,150,98,0.23354755242906122
14,4,10,150,98,0.03963175841995263
15,4,10,150,98,0.05010834716923557
16,4,10,150,98,0.1394055771274295
17,4,10,150,98,0.12407735386140566
18,4,10,150,98,0.28194906187017815
19,4,10,150,98,0.0
20,4,10,150,98,0.0
21,4,10,150,98,0.0
22,4,10,150,98,0.11702382382650763
23,4,10,150,98,0.2686879793224394
24,4,10,150,98,0.0
25,4,10,150,98,0.12358102547512423
26,4,10,150,98,0.0
27,4,10,150,98,0.0
28,4,10,150,98,0.0
29,4,10,150,98,0.13455232720853103
30,4,10,150,98,0.0
31,4,10,150,98,0.0
32,4,10,150,98,0.0
33,4,10,150,98,0.0
35,4,10,150,98,0.10523285614729473
36,4,10,150,98,0.15329048865267808
37,4,10,150,98,0.0
38,4,10,150,98,0.04739418218477539
39,4,10,150,98,0.0
40,4,10,150,98,0.10558114683788161
41,4,10,150,98,0.0
42,4,10,150,98,0.0683037314796457
43,4,10,150,98,0.22592974817952552
44,4,10,150,98,0.2044921015662719
45,4,10,150,98,0.05200670101006268
46,4,10,150,98,0.11284514134893527
47,4,10,150,98,0.06250343848035038
48,4,10,150,98,0.0
49,4,10,150,98,0.0
50,4,10,150,98,0.0
51,4,10,150,98,0.16812753627111746
52,4,10,150,98,0.07126520856745397
54,4,10,150,98,0.04843244625481133
56,4,10,150,98,0.20383503459815738
57,4,10,150,98,0.3030555992505742
58,4,10,150,98,0.3717269535737058
59,4,10,150,98,0.31915425394541946
60,4,10,150,98,0.1505674224523334
61,4,10,150,98,0.07763867093308688
62,4,10,150,98,0.10440036542861637
63,4,10,150,98,0.0
64,4,10,150,98,0.04238468688770069
65,4,10,150,98,0.13012668333070054
66,4,10,150,98,0.0
67,4,10,150,98,0.0
68,4,10,150,98,0.4827392464262081
69,4,10,150,98,0.07673373981757839
70,4,10,150,98,0.0
71,4,10,150,98,0.046966485689931024
72,4,10,150,98,0.09048427472954688
73,4,10,150,98,0.0
74,4,10,150,98,0.0
75,4,10,150,98,0.049432410190049694
76,4,10,150,98,0.1301464707340554
77,4,10,150,98,0.10201115106436301
78,4,10,150,98,0.0
79,4,10,150,98,0.3603915858241842
80,4,10,150,98,0.0
81,4,10,150,98,0.0
82,4,10,150,98,0.19298623480417013
83,4,10,150,98,0.1569263624205769
84,4,10,150,98,0.05034889199379723
85,4,10,150,98,0.0
87,4,10,150,98,0.07100089300395272
89,4,10,150,98,0.2553387838830436
90,4,10,150,98,0.14035324954983075
91,4,10,150,98,0.05648147012627732
92,4,10,150,98,0.10542637391232386
93,4,10,150,98,0.0
94,4,10,150,98,0.1398942649682608
95,4,10,150,98,0.17287436926807473
96,4,10,150,98,0.10181164814261426
97,4,10,150,98,0.11661748975177716
98,4,10,150,98,0.0930297504356062
99,4,10,150,98,0.05658242244874664
100,4,10,150,98,0.0
101,4,10,150,98,0.0
102,4,10,150,98,0.02424726876918863
103,4,10,150,98,0.0
104,4,10,150,98,0.0
105,4,10,150,98,0.0
106,4,10,150,98,0.0
107,4,10,150,98,0.07193596522633457
108,4,10,150,98,0.0
109,4,10,150,98,0.07103066762111539
110,4,10,150,98,0.0
111,4,10,150,98,0.0
112,4,10,150,98,0.05685954565780693
113,4,10,150,98,0.053168340515114924
114,4,10,150,98,0.0
115,4,10,150,98,0.10684080426179023
116,4,10,150,98,0.0
117,4,10,150,98,0.26646890433550474
118,4,10,150,98,0.0
119,4,10,150,98,0.24777925016776411
120,4,10,150,98,0.0
121,4,10,150,98,0.271985059917519
122,4,10,150,98,0.19939609492576266
123,4,10,150,98,0.07386004580671933
125,4,10,150,98,0.12702645795516354
126,4,10,150,98,0.06911917000496234
127,4,10,150,98,0.23132283185955704
128,4,10,150,98,0.0804528329814545
129,4,10,150,98,0.0
130,4,10,150,98,0.21603440505602572
131,4,10,150,98,0.06556385272536247
133,4,10,150,98,0.11047239495909743
134,4,10,150,98,0.0
135,4,10,150,98,0.0
137,4,10,150,98,0.1371200812351206
138,4,10,150,98,0.06140414576373613
139,4,10,150,98,0.0
141,4,10,150,98,0.038963097133338453
142,4,10,150,98,0.13373003436102654
143,4,10,150,98,0.1208996448617798
144,4,10,150,98,0.1227945149537572
145,4,10,150,98,0.1075804523117992
146,4,10,150,98,0.0
148,4,10,150,98,0.24915983520522694
149,4,10,150,98,0.0
150,4,10,150,98,0.10235170428306553
151,4,10,150,98,0.10702155329127065
152,4,10,150,98,0.040655755922716606
153,4,10,150,98,0.0
154,4,10,150,98,0.11753148666901318
155,4,10,150,98,0.0
156,4,10,150,98,0.0
158,4,10,150,98,0.17575552384613552
159,4,10,150,98,0.03310852000739229
160,4,10,150,98,0.0
161,4,10,150,98,0.0
162,4,10,150,98,0.09422684689608156
163,4,10,150,98,0.0
164,4,10,150,98,0.0
165,4,10,150,98,0.12114889742360979
166,4,10,150,98,0.0
167,4,10,150,98,0.06267320809766952
168,4,10,150,98,0.27050080742588234
169,4,10,150,98,0.11641320690977976
170,4,10,150,98,0.0
171,4,10,150,98,0.0
172,4,10,150,98,0.0
173,4,10,150,98,0.11302181651994404
174,4,10,150,98,0.08712841477105211
175,4,10,150,98,0.0
176,4,10,150,98,0.09511409151391914
177,4,10,150,98,0.06912040963822193
178,4,10,150,98,0.2437589399037192
179,4,10,150,98,0.06723507268634088
180,4,10,150,98,0.12262943855309168
181,4,10,150,98,0.062426915812405386
182,4,10,150,98,0.0
183,4,10,150,98,0.0
184,4,10,150,98,0.11356458502877588
185,4,10,150,98,0.07745351606183934
186,4,10,150,98,0.22147164648185297
187,4,10,150,98,0.08625091781054979
188,4,10,150,98,0.054384419234677496
189,4,10,150,98,0.23042891886703956
190,4,10,150,98,0.10699313236726378
191,4,10,150,98,0.0
192,4,10,150,98,0.0
193,4,10,150,98,0.039158662511086184
194,4,10,150,98,0.11592484831532757
195,4,10,150,98,0.0
196,4,10,150,98,0.0
197,4,10,150,98,0.05576624569167862
198,4,10,150,98,0.0
199,4,10,150,98,0.0
200,4,10,150,98,0.1350618908658632
201,4,10,150,98,0.1489810831685696
203,4,10,150,98,0.0
204,4,10,150,98,0.0
205,4,10,150,98,0.0
206,4,10,150,98,0.0
207,4,10,150,98,0.11502902547813014
209,4,10,150,98,0.0
210,4,10,150,98,0.09440608278107551
211,4,10,150,98,0.0
212,4,10,150,98,0.12681701683239352
213,4,10,150,98,0.2384146878320104
214,4,10,150,98,0.056720838976548935
215,4,10,150,98,0.0
216,4,10,150,98,0.06585783135342528
217,4,10,150,98,0.0
218,4,10,150,98,0.19092086617893467
219,4,10,150,98,0.0
221,4,10,150,98,0.3375735570145491
222,4,10,150,98,0.12476107276951183
223,4,10,150,98,0.03870447337439288
224,4,10,150,98,0.0
225,4,10,150,98,0.0
226,4,10,150,98,0.08080765379783027
227,4,10,150,98,0.0
228,4,10,150,98,0.0
229,4,10,150,98,0.0
230,4,10,150,98,0.23712439662683835
231,4,10,150,98,0.0
232,4,10,150,98,0.3234992853586256
233,4,10,150,98,0.0968152409481219
234,4,10,150,98,0.1481502210952491
235,4,10,150,98,0.06065881345112158
236,4,10,150,98,0.0
237,4,10,150,98,0.0
238,4,10,150,98,0.0
239,4,10,150,98,0.16945059884091937
240,4,10,150,98,0.05497526658285817
242,4,10,150,98,0.0
243,4,10,150,98,0.09267768927614353
244,4,10,150,98,0.18607735303899048
245,4,10,150,98,0.10704534003732354
246,4,10,150,98,0.11120150311654428
247,4,10,150,98,0.0
248,4,10,150,98,0.14830051302014485
249,4,10,150,98,0.31180658179892495
250,4,10,150,98,0.3503302816689379
251,4,10,150,98,0.0
252,4,10,150,98,0.0
253,4,10,150,98,0.05954496680255472
254,4,10,150,98,0.0
255,4,10,150,98,0.042447135269629226
256,4,10,150,98,0.2045015508513237
257,4,10,150,98,0.3305900772260718
258,4,10,150,98,0.07557488532248983
259,4,10,150,98,0.0
260,4,10,150,98,0.0
261,4,10,150,98,0.0
262,4,10,150,98,0.05029331645508228
263,4,10,150,98,0.18094314889157095
264,4,10,150,98,0.05840183867278569
265,4,10,150,98,0.10209739512291163
267,4,10,150,98,0.09794101962538232
268,4,10,150,98,0.2097420325497775
269,4,10,150,98,0.13223875150584097
270,4,10,150,98,0.046726672111120165
271,4,10,150,98,0.12276482551434069
272,4,10,150,98,0.14498698048571354
273,4,10,150,98,0.0
274,4,10,150,98,0.0
275,4,10,150,98,0.04605780568615433
276,4,10,150,98,0.21539210889902655
277,4,10,150,98,0.0
279,4,10,150,98,0.092898315299474
280,4,10,150,98,0.03337620304869898
281,4,10,150,98,0.0
283,4,10,150,98,0.1292258709239571
284,4,10,150,98,0.0
285,4,10,150,98,0.1185995982858366
286,4,10,150,98,0.31887623993711317
287,4,10,150,98,0.11352455583778437
288,4,10,150,98,0.12538054736008386
289,4,10,150,98,0.13905617951077562
290,4,10,150,98,0.0
291,4,10,150,98,0.23494592513118112
292,4,10,150,98,0.12610583976873452
293,4,10,150,98,0.2674933110642059
294,4,10,150,98,0.04123398036294628
295,4,10,150,98,0.2670961153715764
296,4,10,150,98,0.594727990866183
297,4,10,150,98,0.13535082686131417
298,4,10,150,98,0.19947114504638494
299,4,10,150,98,0.0
300,4,10,150,98,0.0
301,4,10,150,98,0.047934103497110726
303,4,10,150,98,0.12680868731260003
304,4,10,150,98,0.0
305,4,10,150,98,0.31514747987601716
306,4,10,150,98,0.0
307,4,10,150,98,0.1383141340724969
308,4,10,150,98,0.20874539670669104
309,4,10,150,98,0.0
310,4,10,150,98,0.0
311,4,10,150,98,0.08938791352906189
312,4,10,150,98,0.14069579419580536
313,4,10,150,98,0.14465709645474623
314,4,10,150,98,0.20285519102295546
315,4,10,150,98,0.0
316,4,10,150,98,0.07410494675778727
317,4,10,150,98,0.0
318,4,10,150,98,0.13815200906377123
319,4,10,150,98,0.0
320,4,10,150,98,0.0
321,4,10,150,98,0.062242588308449316
322,4,10,150,98,0.21517069392796198
323,4,10,150,98,0.14126697285982898
324,4,10,150,98,0.03555702818464106
325,4,10,150,98,0.0
326,4,10,150,98,0.0634222181618871
327,4,10,150,98,0.0834218806756029
328,4,10,150,98,0.1437524526514495
329,4,10,150,98,0.0
330,4,10,150,98,0.08083527637667369
331,4,10,150,98,0.16958010263680806
332,4,10,150,98,0.046679707512804314
333,4,10,150,98,0.0
334,4,10,150,98,0.10022735436888022
336,4,10,150,98,0.0
337,4,10,150,98,0.16716045496620227
338,4,10,150,98,0.05005165434923901
339,4,10,150,98,0.1344957225763306
340,4,10,150,98,0.0
341,4,10,150,98,0.0
342,4,10,150,98,0.2625072992734236
343,4,10,150,98,0.3094263721986468
344,4,10,150,98,0.23832550406045652
345,4,10,150,98,0.056149696530797676
346,4,10,150,98,0.13947804593499064
347,4,10,150,98,0.11116062301189339
348,4,10,150,98,0.071942683897578
349,4,10,150,98,0.07673373981757839
350,4,10,150,98,0.2065896325117088
351,4,10,150,98,0.0
352,4,10,150,98,0.0
353,4,10,150,98,0.0
354,4,10,150,98,0.051249224710132255
355,4,10,150,98,0.0
356,4,10,150,98,0.08406376813555873
357,4,10,150,98,0.05006331611131463
358,4,10,150,98,0.20438239758848611
359,4,10,150,98,0.0
360,4,10,150,98,0.09491042451242505
361,4,10,150,98,0.09622728274290568
362,4,10,150,98,0.1896300420144415
363,4,10,150,98,0.21862978877358352
364,4,10,150,98,0.0
365,4,10,150,98,0.03956979699823825
366,4,10,150,98,0.05116035004759531
367,4,10,150,98,0.07630862162354303
368,4,10,150,98,0.0
369,4,10,150,98,0.0
370,4,10,150,98,0.13479984916817475
371,4,10,150,98,0.22569563125869263
372,4,10,150,98,0.03657576498735172
373,4,10,150,98,0.08627719815628208
374,4,10,150,98,0.09834160864069898
375,4,10,150,98,0.0
376,4,10,150,98,0.0
377,4,10,150,98,0.08010929472340098
378,4,10,150,98,0.26560521651303487
379,4,10,150,98,0.1665016263976196
380,4,10,150,98,0.0
381,4,10,150,98,0.09118180877280627
382,4,10,150,98,0.0
383,4,10,150,98,0.12039822938664597
384,4,10,150,98,0.0
385,4,10,150,98,0.0
386,4,10,150,98,0.0
387,4,10,150,98,0.11497906462099297
388,4,10,150,98,0.04511904280884329
389,4,10,150,98,0.17394090433083284
390,4,10,150,98,0.0
391,4,10,150,98,0.2137247802747043
392,4,10,150,98,0.056679935917756406
393,4,10,150,98,0.07902434057012214
394,4,10,150,98,0.11073655428626575
395,4,10,150,98,0.09179488000267515
396,4,10,150,98,0.0
397,4,10,150,98,0.2710147943938467
398,4,10,150,98,0.18852571653533698
399,4,10,150,98,0.07594334672458623
400,4,10,150,98,0.0
401,4,10,150,98,0.0
402,4,10,150,98,0.11938381753707358
403,4,10,150,98,0.1586673445830345
404,4,10,150,98,0.0
405,4,10,150,98,0.06667735269275575
406,4,10,150,98,0.20956416940551098
407,4,10,150,98,0.09904518124710514
408,4,10,150,98,0.0
409,4,10,150,98,0.12740448328320192
410,4,10,150,98,0.0
411,4,10,150,98,0.0
412,4,10,150,98,0.0
413,4,10,150,98,0.041646268351119564
414,4,10,150,98,0.0
415,4,10,150,98,0.15103391472831218
416,4,10,150,98,0.23166052731397035
417,4,10,150,98,0.09850508837083022
418,4,10,150,98,0.0
419,4,10,150,98,0.1208113026994942
420,4,10,150,98,0.06052048269976269
421,4,10,150,98,0.19620555836557932
422,4,10,150,98,0.07550298029238112
423,4,10,150,98,0.053845569940583225
424,4,10,150,98,0.2766918177656049
425,4,10,150,98,0.18440399277162553
426,4,10,150,98,0.040759261617270684
427,4,10,150,98,0.07466168586864165
428,4,10,150,98,0.04415960465480069
429,4,10,150,98,0.14355264986043786
430,4,10,150,98,0.0
431,4,10,150,98,0.0
432,4,10,150,98,0.05789711601244791
433,4,10,150,98,0.05780921899607981
434,4,10,150,98,0.2562151231304954
435,4,10,150,98,0.19286687270771818
436,4,10,150,98,0.0
437,4,10,150,98,0.1246139643684977
438,4,10,150,98,0.0
439,4,10,150,98,0.10863976191957724
440,4,10,150,98,0.0
441,4,10,150,98,0.07736100002633538
442,4,10,150,98,0.060530681843238426
443,4,10,150,98,0.06783204105472322
444,4,10,150,98,0.1312721899408984
445,4,10,150,98,0.0
446,4,10,150,98,0.0
447,4,10,150,98,0.16246725303708914
448,4,10,150,98,0.0
449,4,10,150,98,0.2217332169166366
450,4,10,150,98,0.2230321343934026
451,4,10,150,98,0.06148915918944534
452,4,10,150,98,0.1230264477101886
453,4,10,150,98,0.01738367330756446
454,4,10,150,98,0.029900386365841584
455,4,10,150,98,0.12741622541866474
456,4,10,150,98,0.033760343206167075
457,4,10,150,98,0.31128444613224265
458,4,10,150,98,0.06982799741808067
459,4,10,150,98,0.0
460,4,10,150,98,0.05184030722866645
461,4,10,150,98,0.05428363317977833
462,4,10,150,98,0.0
463,4,10,150,98,0.11987424504051505
464,4,10,150,98,0.027878824909352323
465,4,10,150,98,0.036206233555619735
466,4,10,150,98,0.0
467,4,10,150,98,0.07807600999842033
468,4,10,150,98,0.11455543964849552
469,4,10,150,98,0.05165643482805862
470,4,10,150,98,0.04584945600562429
471,4,10,150,98,0.0
472,4,10,150,98,0.16178284568352808
473,4,10,150,98,0.06140244428718695
474,4,10,150,98,0.24593822460513717
475,4,10,150,98,0.0
476,4,10,150,98,0.0
477,4,10,150,98,0.0
478,4,10,150,98,0.2345109835167376
479,4,10,150,98,0.10172348796286074
480,4,10,150,98,0.0741070054529978
481,4,10,150,98,0.13102204196909084
482,4,10,150,98,0.0
483,4,10,150,98,0.05658242244874664
484,4,10,150,98,0.29539974213048126
485,4,10,150,98,0.0
486,4,10,150,98,0.0
487,4,10,150,98,0.09557986065110975
488,4,10,150,98,0.0
489,4,10,150,98,0.06404118897829342
490,4,10,150,98,0.0
491,4,10,150,98,0.14208678740137623
492,4,10,150,98,0.0
493,4,10,150,98,0.16765112971402235
494,4,10,150,98,0.0
495,4,10,150,98,0.17949652011459483
496,4,10,150,98,0.10506396802211523
497,4,10,150,98,0.10180531361143179
498,4,10,150,98,0.0
499,4,10,150,98,0.07269358580389043
500,4,10,150,98,0.09541527213731128
501,4,10,150,98,0.0
502,4,10,150,98,0.0
503,4,10,150,98,0.16237935278338944
504,4,10,150,98,0.08148269775823089
505,4,10,150,98,0.07379217622092994
506,4,10,150,98,0.1954778976905469
507,4,10,150,98,0.05319635904163211
508,4,10,150,98,0.0
509,4,10,150,98,0.0
510,4,10,150,98,0.0
511,4,10,150,98,0.08495943917278885
512,4,10,150,98,0.05478392673173268
513,4,10,150,98,0.0
514,4,10,150,98,0.27252722616773445
515,4,10,150,98,0.11706259313796354
516,4,10,150,98,0.0
517,4,10,150,98,0.08878770367712427
518,4,10,150,98,0.0
519,4,10,150,98,0.0
520,4,10,150,98,0.0
521,4,10,150,98,0.09850628252086785
522,4,10,150,98,0.16015986784807879
523,4,10,150,98,0.08192351372077554
524,4,10,150,98,0.1388155168339688
525,4,10,150,98,0.0
526,4,10,150,98,0.15355181494703254
527,4,10,150,98,0.1636135858112592
528,4,10,150,98,0.10209739512291163
529,4,10,150,98,0.0
530,4,10,150,98,0.0
531,4,10,150,98,0.1517763576041802
532,4,10,150,98,0.29773995317245644
533,4,10,150,98,0.1301019856167998
534,4,10,150,98,0.15271774407237912
535,4,10,150,98,0.15258506350829476
536,4,10,150,98,0.15105160768725473
537,4,10,150,98,0.26990546616562094
538,4,10,150,98,0.14697776980950736
539,4,10,150,98,0.15499711656631066
540,4,10,150,98,0.0
541,4,10,150,98,0.0586415067779619
542,4,10,150,98,0.09110918278961319
543,4,10,150,98,0.13447349057300634
544,4,10,150,98,0.05282936728943967
545,4,10,150,98,0.02244213465825961
546,4,10,150,98,0.05758752804519195
547,4,10,150,98,0.0
548,4,10,150,98,0.14714570243929503
549,4,10,150,98,0.0
550,4,10,150,98,0.08775411958203361
551,4,10,150,98,0.10128126837397917
552,4,10,150,98,0.1205344274731702
553,4,10,150,98,0.09788630692433208
554,4,10,150,98,0.1651387839044021
555,4,10,150,98,0.0
556,4,10,150,98,0.07660623398069263
557,4,10,150,98,0.031742154565302834
558,4,10,150,98,0.08878770367712427
559,4,10,150,98,0.09986350037763675
560,4,10,150,98,0.09375790921485552
561,4,10,150,98,0.14725545437769655
562,4,10,150,98,0.07930308311174379
563,4,10,150,98,0.0
564,4,10,150,98,0.15437610727371853
565,4,10,150,98,0.0
566,4,10,150,98,0.03579489106983033
567,4,10,150,98,0.1964649491153665
568,4,10,150,98,0.036155150901276155
569,4,10,150,98,0.18299769260789403
570,4,10,150,98,0.0
571,4,10,150,98,0.04988426711147283
572,4,10,150,98,0.16812753627111746
573,4,10,150,98,0.06437746926759551
574,4,10,150,98,0.051811563545175146
575,4,10,150,98,0.0
576,4,10,150,98,0.0
577,4,10,150,98,0.2181315616010628
578,4,10,150,98,0.05006331611131463
579,4,10,150,98,0.057600185946266945
580,4,10,150,98,0.17202958801773222
581,4,10,150,98,0.14348105418014392
582,4,10,150,98,0.03190895161277091
583,4,10,150,98,0.10480857258082849
584,4,10,150,98,0.06323567569191428
585,4,10,150,98,0.04173963774222741
586,4,10,150,98,0.05786021189691368
587,4,10,150,98,0.019492972026130224
588,4,10,150,98,0.1626111040880965
589,4,10,150,98,0.0
590,4,10,150,98,0.053845569940583225
591,4,10,150,98,0.047298896168385694
592,4,10,150,98,0.34229291295940956
593,4,10,150,98,0.07711036365720102
594,4,10,150,98,0.044551000676675064
595,4,10,150,98,0.10296141646738245
596,4,10,150,98,0.0
597,4,10,150,98,0.27101620591530523
598,4,10,150,98,0.0684591776394769
599,4,10,150,98,0.047338452314727386
600,4,10,150,98,0.09197011795311534
601,4,10,150,98,0.0
602,4,10,150,98,0.0
603,4,10,150,98,0.0
604,4,10,150,98,0.0
605,4,10,150,98,0.26275270116262744
606,4,10,150,98,0.1839502972074742
607,4,10,150,98,0.12532490984563913
608,4,10,150,98,0.12209659098915113
609,4,10,150,98,0.0
610,4,10,150,98,0.2146842601596213
611,4,10,150,98,0.07624568872860434
612,4,10,150,98,0.0
613,4,10,150,98,0.08385150490449667
614,4,10,150,98,0.0
615,4,10,150,98,0.04919117729584568
616,4,10,150,98,0.03618657486793958
617,4,10,150,98,0.0
618,4,10,150,98,0.1731341495068553
619,4,10,150,98,0.12363660028711727
620,4,10,150,98,0.1775690498702064
621,4,10,150,98,0.11278207190006835
622,4,10,150,98,0.18241748250491993
623,4,10,150,98,0.2117125497194188
624,4,10,150,98,0.09391442870616025
625,4,10,150,98,0.0
626,4,10,150,98,0.06228974831361337
627,4,10,150,98,0.06945233499530101
628,4,10,150,98,0.06835692304018633
629,4,10,150,98,0.19194057324582506
630,4,10,150,98,0.1731406094084427
631,4,10,150,98,0.0
632,4,10,150,98,0.12112269717167994
633,4,10,150,98,0.11499138576948859
634,4,10,150,98,0.05294832419446749
635,4,10,150,98,0.04546401530948942
636,4,10,150,98,0.11426572661305327
637,4,10,150,98,0.03444791022318668
638,4,10,150,98,0.09712868482236708
639,4,10,150,98,0.03138892079718151
640,4,10,150,98,0.1377754055073616
641,4,10,150,98,0.10427070662550339
642,4,10,150,98,0.1359233084670957
643,4,10,150,98,0.11071279041815515
644,4,10,150,98,0.04935421935348238
645,4,10,150,98,0.17581821458755492
646,4,10,150,98,0.0
647,4,10,150,98,0.05363388010108191
648,4,10,150,98,0.14840070543561068
649,4,10,150,98,0.15489949502599
650,4,10,150,98,0.14407584350944783
651,4,10,150,98,0.0
652,4,10,150,98,0.08156220960446063
653,4,10,150,98,0.0906036790514784
654,4,10,150,98,0.21255442687635834
655,4,10,150,98,0.2602261643103964
656,4,10,150,98,0.1259623300388048
657,4,10,150,98,0.04140815094666367
658,4,10,150,98,0.2625403796417579
659,4,10,150,98,0.09891143563535082
660,4,10,150,98,0.13549488625249415
661,4,10,150,98,0.08605775303302886
662,4,10,150,98,0.0512644431393966
663,4,10,150,98,0.24026856780584893
664,4,10,150,98,0.28517362059082263
665,4,10,150,98,0.0
666,4,10,150,98,0.15654057249001205
667,4,10,150,98,0.31347596517570553
668,4,10,150,98,0.09169562730816584
669,4,10,150,98,0.1348578320198433
670,4,10,150,98,0.16729054218138414
671,4,10,150,98,0.22329352092456306
672,4,10,150,98,0.03603026685992244
673,4,10,150,98,0.14837758007547783
674,4,10,150,98,0.11338915993603582
675,4,10,150,98,0.0
676,4,10,150,98,0.2786979045104278
677,4,10,150,98,0.03314040476303028
678,4,10,150,98,0.03824432123396675
679,4,10,150,98,0.15527711509166947
680,4,10,150,98,0.11377863936243801
681,4,10,150,98,0.0
682,4,10,150,98,0.17997664722407034
683,4,10,150,98,0.0
684,4,10,150,98,0.06573003977381581
685,4,10,150,98,0.1906465758273748
686,4,10,150,98,0.1682282387290392
687,4,10,150,98,0.0
688,4,10,150,98,0.13095683635706423
689,4,10,150,98,0.2385743953554933
690,4,10,150,98,0.14944514316606491
691,4,10,150,98,0.13843129503711957
692,4,10,150,98,0.1753901755134814
693,4,10,150,98,0.0
694,4,10,150,98,0.2448812985235888
695,4,10,150,98,0.03629635962013474
696,4,10,150,98,0.06801805429401306
697,4,10,150,98,0.07420531276379336
698,4,10,150,98,0.041937660325009396
699,4,10,150,98,0.11291908148098284
700,4,10,150,98,0.12729890218214104
701,4,10,150,98,0.11497698281480273
702,4,10,150,98,0.037715680681715956
703,4,10,150,98,0.14202859508692728
704,4,10,150,98,0.2916443317855694
705,4,10,150,98,0.24010744298007755
706,4,10,150,98,0.04395738023645723
707,4,10,150,98,0.06313664925364729
708,4,10,150,98,0.12228634424244818
709,4,10,150,98,0.13472082394875662
710,4,10,150,98,0.14089235460888552
711,4,10,150,98,0.18133007201622714
712,4,10,150,98,0.17630985048096706
713,4,10,150,98,0.1468735732232516
714,4,10,150,98,0.03441184191455828
715,4,10,150,98,0.012198150080162179
716,4,10,150,98,0.27120632974537634
717,4,10,150,98,0.09054670163637572
718,4,10,150,98,0.06264632882289006
719,4,10,150,98,0.09883437846193516
720,4,10,150,98,0.0
721,4,10,150,98,0.19572357575351293
722,4,10,150,98,0.06556429791586475
723,4,10,150,98,0.0
724,4,10,150,98,0.0
725,4,10,150,98,0.0
726,4,10,150,98,0.05010834716923557
727,4,10,150,98,0.11908284196632221
728,4,10,150,98,0.09627818061559096
729,4,10,150,98,0.1718665370882412
730,4,10,150,98,0.06936501041167871
731,4,10,150,98,0.14717311932656024
732,4,10,150,98,0.0
733,4,10,150,98,0.15867543784764906
734,4,10,150,98,0.0
735,4,10,150,98,0.021425916234983237
736,4,10,150,98,0.03351972906068008
737,4,10,150,98,0.1138970555583582
738,4,10,150,98,0.13922998739868644
739,4,10,150,98,0.06276777357339133
740,4,10,150,98,0.0
741,4,10,150,98,0.05358697798864893
742,4,10,150,98,0.0488929053971083
743,4,10,150,98,0.09946096543827337
744,4,10,150,98,0.03596673601130318
745,4,10,150,98,0.03520132288421838
746,4,10,150,98,0.25743994347908983
747,4,10,150,98,0.37124598829020194
748,4,10,150,98,0.09621648119325965
749,4,10,150,98,0.1323084026182987
750,4,10,150,98,0.07184731398235064
751,4,10,150,98,0.08554799479006837
752,4,10,150,98,0.04389473417066348
753,4,10,150,98,0.15780803084928155
754,4,10,150,98,0.0
755,4,10,150,98,0.03855371268423985
756,4,10,150,98,0.031104745345423533
757,4,10,150,98,0.049290177659643705
758,4,10,150,98,0.2742476536981792
759,4,10,150,98,0.11006100937916612
760,4,10,150,98,0.03004859059698017
761,4,10,150,98,0.06869287000000811
762,4,10,150,98,0.08807782327857085
763,4,10,150,98,0.05892228941894017
764,4,10,150,98,0.08946696896639536
765,4,10,150,98,0.15066101840234988
766,4,10,150,98,0.07509408601180444
767,4,10,150,98,0.13884445379214724
768,4,10,150,98,0.08438032815655525
769,4,10,150,98,0.0
770,4,10,150,98,0.21464739068424896
771,4,10,150,98,0.32869562799119006
772,4,10,150,98,0.17356150297482983
773,4,10,150,98,0.08696710392235718
774,4,10,150,98,0.04792120202737235
775,4,10,150,98,0.038478285726379145
776,4,10,150,98,0.15403842856019037
777,4,10,150,98,0.0
778,4,10,150,98,0.1631238413472767
779,4,10,150,98,0.0
780,4,10,150,98,0.1424788567451383
781,4,10,150,98,0.2016539629141292
782,4,10,150,98,0.03410286253729913
783,4,10,150,98,0.0
784,4,10,150,98,0.029814614753779622
785,4,10,150,98,0.0
786,4,10,150,98,0.0
787,4,10,150,98,0.0
788,4,10,150,98,0.19406776616019114
789,4,10,150,98,0.08809718769055445
790,4,10,150,98,0.06903429543073292
791,4,10,150,98,0.04465281017341861
792,4,10,150,98,0.08944329533390502
793,4,10,150,98,0.0
794,4,10,150,98,0.14270855432908344
795,4,10,150,98,0.08637279041318525
796,4,10,150,98,0.2913086593708148
797,4,10,150,98,0.14274635636175825
798,4,10,150,98,0.03829682230535287
799,4,10,150,98,0.030246823655067756
800,4,10,150,98,0.170744663005078
801,4,10,150,98,0.1561471668577559
802,4,10,150,98,0.06960082070980815
803,4,10,150,98,0.10569353498973794
804,4,10,150,98,0.0992429598896595
805,4,10,150,98,0.10941509815303091
806,4,10,150,98,0.2959152150106387
807,4,10,150,98,0.10712329127351711
808,4,10,150,98,0.1025417224926713
809,4,10,150,98,0.10356976056061801
810,4,10,150,98,0.17634899502333787
811,4,10,150,98,0.06806289116376577
812,4,10,150,98,0.09594989011285139
813,4,10,150,98,0.0
814,4,10,150,98,0.034616222155696735
815,4,10,150,98,0.19534267166051425
816,4,10,150,98,0.0
817,4,10,150,98,0.0
818,4,10,150,98,0.05516788910004661
819,4,10,150,98,0.037210602758860095
820,4,10,150,98,0.0787987754690289
821,4,10,150,98,0.302950268110492
822,4,10,150,98,0.05548928785951652
823,4,10,150,98,0.19825193631094293
824,4,10,150,98,0.05046096657376444
825,4,10,150,98,0.10493491431163486
826,4,10,150,98,0.17593166652195671
827,4,10,150,98,0.0
828,4,10,150,98,0.05745618865524075
829,4,10,150,98,0.1751347628439014
830,4,10,150,98,0.22862234433549483
831,4,10,150,98,0.21058943716644085
832,4,10,150,98,0.0
833,4,10,150,98,0.13420844337009807
834,4,10,150,98,0.2706897351446418
835,4,10,150,98,0.2282338502278767
836,4,10,150,98,0.22113373377912962
837,4,10,150,98,0.05665916465450996
838,4,10,150,98,0.27895398740912175
839,4,10,150,98,0.10730655186373157
840,4,10,150,98,0.3448541502377311
841,4,10,150,98,0.06507217400164225
842,4,10,150,98,0.03947561302344988
843,4,10,150,98,0.008167976400118574
844,4,10,150,98,0.05872188515498603
845,4,10,150,98,0.0
846,4,10,150,98,0.3178481616042554
847,4,10,150,98,0.05107153900660915
848,4,10,150,98,0.14492283122720828
849,4,10,150,98,0.07738342520054953
850,4,10,150,98,0.30968559952486235
851,4,10,150,98,0.06520552028363663
852,4,10,150,98,0.26227118260874954
853,4,10,150,98,0.0
854,4,10,150,98,0.09181421311530084
855,4,10,150,98,0.03638796155629422
856,4,10,150,98,0.037110354711564805
857,4,10,150,98,0.0
858,4,10,150,98,0.10250982096838526
859,4,10,150,98,0.05070263548706836
860,4,10,150,98,0.12431618373412671
861,4,10,150,98,0.06460834446248033
862,4,10,150,98,0.2163254959227117
863,4,10,150,98,0.0741818502541766
864,4,10,150,98,0.3550541229221297
865,4,10,150,98,0.11652577583309928
866,4,10,150,98,0.16283687678415507
867,4,10,150,98,0.2768101833263081
868,4,10,150,98,0.16833149389819718
869,4,10,150,98,0.08067880958900249
870,4,10,150,98,0.20588385991150027
871,4,10,150,98,0.07012986265386374
872,4,10,150,98,0.02804794621397926
873,4,10,150,98,0.0
874,4,10,150,98,0.13944914190808633
875,4,10,150,98,0.18639091697355642
876,4,10,150,98,0.08671382849411972
877,4,10,150,98,0.11088802859904644
878,4,10,150,98,0.1706804422753891
879,4,10,150,98,0.03963466998423315
880,4,10,150,98,0.27127976093349315
881,4,10,150,98,0.10684758656732195
882,4,10,150,98,0.2238061440578927
883,4,10,150,98,0.2572811915591421
884,4,10,150,98,0.11407805705099587
885,4,10,150,98,0.04536087033637415
886,4,10,150,98,0.1517808561138438
887,4,10,150,98,0.10214828088611402
888,4,10,150,98,0.11625487663628292
889,4,10,150,98,0.008459333404316819
890,4,10,150,98,0.136897323835941
891,4,10,150,98,0.10491091696774645
892,4,10,150,98,0.2455191816579957
893,4,10,150,98,0.18312080755059298
894,4,10,150,98,0.08742101321684391
895,4,10,150,98,0.0
896,4,10,150,98,0.2350456148329904
897,4,10,150,98,0.3071672815592065
898,4,10,150,98,0.0
899,4,10,150,98,0.05684415375822261
900,4,10,150,98,0.055315677011973347
901,4,10,150,98,0.23198521014469126
902,4,10,150,98,0.05978585424799658
903,4,10,150,98,0.24651430146847014
904,4,10,150,98,0.026152770438578738
905,4,10,150,98,0.0
906,4,10,150,98,0.10407444169186962
907,4,10,150,98,0.08460920127967277
908,4,10,150,98,0.06892767477436933
909,4,10,150,98,0.02504502208733339
910,4,10,150,98,0.04153284062838295
911,4,10,150,98,0.14690565417489143
912,4,10,150,98,0.1958275913448339
913,4,10,150,98,0.08380195844185999
914,4,10,150,98,0.0
915,4,10,150,98,0.0
916,4,10,150,98,0.19366351712049307
917,4,10,150,98,0.0
918,4,10,150,98,0.05687760265727651
919,4,10,150,98,0.08919552174343603
920,4,10,150,98,0.0
921,4,10,150,98,0.15405864814296488
922,4,10,150,98,0.1280645281724967
923,4,10,150,98,0.04031825574984845
924,4,10,150,98,0.018280262702529162
925,4,10,150,98,0.032527050404589315
926,4,10,150,98,0.0
927,4,10,150,98,0.12527716133750888
928,4,10,150,98,0.1873259908039563
929,4,10,150,98,0.2745526802796698
930,4,10,150,98,0.06059070291394373
931,4,10,150,98,0.08679587898287541
932,4,10,150,98,0.26581896687705886
933,4,10,150,98,0.1488896485926162
934,4,10,150,98,0.10071040486185964
935,4,10,150,98,0.04173963774222741
936,4,10,150,98,0.14594031167660285
937,4,10,150,98,0.030246823655067756
938,4,10,150,98,0.1661428141234511
939,4,10,150,98,0.05398310264851825
940,4,10,150,98,0.10512901138397411
941,4,10,150,98,0.0
942,4,10,150,98,0.1374335766970964
943,4,10,150,98,0.20163692230838232
1,4,10,150,99,0.4058715898896693
2,4,10,150,99,0.06250343848035038
3,4,10,150,99,0.0
4,4,10,150,99,0.0
5,4,10,150,99,0.040209635547393256
6,4,10,150,99,0.27020011346731576
7,4,10,150,99,0.3507427912641652
8,4,10,150,99,0.0
9,4,10,150,99,0.21840743681816419
10,4,10,150,99,0.21491451057814584
11,4,10,150,99,0.1722584975122812
12,4,10,150,99,0.0
13,4,10,150,99,0.23354755242906122
14,4,10,150,99,0.03963175841995263
15,4,10,150,99,0.05010834716923557
16,4,10,150,99,0.1394055771274295
17,4,10,150,99,0.12407735386140566
18,4,10,150,99,0.28194906187017815
19,4,10,150,99,0.0
20,4,10,150,99,0.0
21,4,10,150,99,0.0
22,4,10,150,99,0.11702382382650763
23,4,10,150,99,0.2686879793224394
24,4,10,150,99,0.0
25,4,10,150,99,0.12358102547512423
26,4,10,150,99,0.0
27,4,10,150,99,0.0
28,4,10,150,99,0.0
29,4,10,150,99,0.13455232720853103
30,4,10,150,99,0.0
31,4,10,150,99,0.0
32,4,10,150,99,0.0
33,4,10,150,99,0.0
35,4,10,150,99,0.10523285614729473
36,4,10,150,99,0.15329048865267808
37,4,10,150,99,0.0
38,4,10,150,99,0.04739418218477539
39,4,10,150,99,0.0
40,4,10,150,99,0.10558114683788161
41,4,10,150,99,0.0
42,4,10,150,99,0.0683037314796457
43,4,10,150,99,0.22592974817952552
44,4,10,150,99,0.2044921015662719
45,4,10,150,99,0.05200670101006268
46,4,10,150,99,0.11284514134893527
47,4,10,150,99,0.06250343848035038
48,4,10,150,99,0.0
49,4,10,150,99,0.0
50,4,10,150,99,0.0
51,4,10,150,99,0.16812753627111746
52,4,10,150,99,0.07126520856745397
54,4,10,150,99,0.04843244625481133
56,4,10,150,99,0.20383503459815738
57,4,10,150,99,0.3030555992505742
58,4,10,150,99,0.3717269535737058
59,4,10,150,99,0.31915425394541946
60,4,10,150,99,0.1505674224523334
61,4,10,150,99,0.07763867093308688
62,4,10,150,99,0.10440036542861637
63,4,10,150,99,0.0
64,4,10,150,99,0.04238468688770069
65,4,10,150,99,0.13012668333070054
66,4,10,150,99,0.0
67,4,10,150,99,0.0
68,4,10,150,99,0.4827392464262081
69,4,10,150,99,0.07673373981757839
70,4,10,150,99,0.0
71,4,10,150,99,0.046966485689931024
72,4,10,150,99,0.09048427472954688
73,4,10,150,99,0.0
74,4,10,150,99,0.0
75,4,10,150,99,0.049432410190049694
76,4,10,150,99,0.1301464707340554
77,4,10,150,99,0.10201115106436301
78,4,10,150,99,0.0
79,4,10,150,99,0.3603915858241842
80,4,10,150,99,0.0
81,4,10,150,99,0.0
82,4,10,150,99,0.19298623480417013
83,4,10,150,99,0.1569263624205769
84,4,10,150,99,0.05034889199379723
85,4,10,150,99,0.0
87,4,10,150,99,0.07100089300395272
89,4,10,150,99,0.2553387838830436
90,4,10,150,99,0.14035324954983075
91,4,10,150,99,0.05648147012627732
92,4,10,150,99,0.10542637391232386
93,4,10,150,99,0.0
94,4,10,150,99,0.1398942649682608
95,4,10,150,99,0.17287436926807473
96,4,10,150,99,0.10181164814261426
97,4,10,150,99,0.11661748975177716
98,4,10,150,99,0.0930297504356062
99,4,10,150,99,0.05658242244874664
100,4,10,150,99,0.0
101,4,10,150,99,0.0
102,4,10,150,99,0.02424726876918863
103,4,10,150,99,0.0
104,4,10,150,99,0.0
105,4,10,150,99,0.0
106,4,10,150,99,0.0
107,4,10,150,99,0.07193596522633457
108,4,10,150,99,0.0
109,4,10,150,99,0.07103066762111539
110,4,10,150,99,0.0
111,4,10,150,99,0.0
112,4,10,150,99,0.05685954565780693
113,4,10,150,99,0.053168340515114924
114,4,10,150,99,0.0
115,4,10,150,99,0.10684080426179023
116,4,10,150,99,0.025679246119321802
117,4,10,150,99,0.26646890433550474
118,4,10,150,99,0.0
119,4,10,150,99,0.24777925016776411
120,4,10,150,99,0.0
121,4,10,150,99,0.271985059917519
122,4,10,150,99,0.19939609492576266
123,4,10,150,99,0.07386004580671933
125,4,10,150,99,0.12702645795516354
126,4,10,150,99,0.06911917000496234
127,4,10,150,99,0.23132283185955704
128,4,10,150,99,0.0804528329814545
129,4,10,150,99,0.0
130,4,10,150,99,0.21603440505602572
131,4,10,150,99,0.06556385272536247
133,4,10,150,99,0.11047239495909743
134,4,10,150,99,0.0
135,4,10,150,99,0.0
137,4,10,150,99,0.1371200812351206
138,4,10,150,99,0.06140414576373613
139,4,10,150,99,0.0
141,4,10,150,99,0.038963097133338453
142,4,10,150,99,0.13373003436102654
143,4,10,150,99,0.1208996448617798
144,4,10,150,99,0.1227945149537572
145,4,10,150,99,0.1075804523117992
146,4,10,150,99,0.0
148,4,10,150,99,0.24915983520522694
149,4,10,150,99,0.0
150,4,10,150,99,0.10235170428306553
151,4,10,150,99,0.10702155329127065
152,4,10,150,99,0.040655755922716606
153,4,10,150,99,0.0
154,4,10,150,99,0.11753148666901318
155,4,10,150,99,0.0
156,4,10,150,99,0.0
158,4,10,150,99,0.17575552384613552
159,4,10,150,99,0.03310852000739229
160,4,10,150,99,0.0
161,4,10,150,99,0.0
162,4,10,150,99,0.09422684689608156
163,4,10,150,99,0.0
164,4,10,150,99,0.0
165,4,10,150,99,0.12114889742360979
166,4,10,150,99,0.0
167,4,10,150,99,0.06267320809766952
168,4,10,150,99,0.30587868778642263
169,4,10,150,99,0.11641320690977976
170,4,10,150,99,0.0
171,4,10,150,99,0.0
172,4,10,150,99,0.0
173,4,10,150,99,0.11302181651994404
174,4,10,150,99,0.08712841477105211
175,4,10,150,99,0.0
176,4,10,150,99,0.09511409151391914
177,4,10,150,99,0.06912040963822193
178,4,10,150,99,0.2437589399037192
179,4,10,150,99,0.06723507268634088
180,4,10,150,99,0.12262943855309168
181,4,10,150,99,0.062426915812405386
182,4,10,150,99,0.0
183,4,10,150,99,0.0
184,4,10,150,99,0.11356458502877588
185,4,10,150,99,0.07745351606183934
186,4,10,150,99,0.22147164648185297
187,4,10,150,99,0.08625091781054979
188,4,10,150,99,0.054384419234677496
189,4,10,150,99,0.23042891886703956
190,4,10,150,99,0.10699313236726378
191,4,10,150,99,0.0
192,4,10,150,99,0.0
193,4,10,150,99,0.039158662511086184
194,4,10,150,99,0.11592484831532757
195,4,10,150,99,0.0
196,4,10,150,99,0.0
197,4,10,150,99,0.05576624569167862
198,4,10,150,99,0.0
199,4,10,150,99,0.0
200,4,10,150,99,0.1350618908658632
201,4,10,150,99,0.1489810831685696
203,4,10,150,99,0.0
204,4,10,150,99,0.0
205,4,10,150,99,0.0
206,4,10,150,99,0.0
207,4,10,150,99,0.11502902547813014
209,4,10,150,99,0.0
210,4,10,150,99,0.09440608278107551
211,4,10,150,99,0.0
212,4,10,150,99,0.12681701683239352
213,4,10,150,99,0.2384146878320104
214,4,10,150,99,0.056720838976548935
215,4,10,150,99,0.0
216,4,10,150,99,0.06585783135342528
217,4,10,150,99,0.0
218,4,10,150,99,0.19092086617893467
219,4,10,150,99,0.0
221,4,10,150,99,0.3375735570145491
222,4,10,150,99,0.12476107276951183
223,4,10,150,99,0.03870447337439288
224,4,10,150,99,0.0
225,4,10,150,99,0.0
226,4,10,150,99,0.08080765379783027
227,4,10,150,99,0.0
228,4,10,150,99,0.0
229,4,10,150,99,0.0
230,4,10,150,99,0.23712439662683835
231,4,10,150,99,0.0
232,4,10,150,99,0.3234992853586256
233,4,10,150,99,0.0968152409481219
234,4,10,150,99,0.1481502210952491
235,4,10,150,99,0.06065881345112158
236,4,10,150,99,0.0
237,4,10,150,99,0.0
238,4,10,150,99,0.0
239,4,10,150,99,0.16945059884091937
240,4,10,150,99,0.05497526658285817
242,4,10,150,99,0.0
243,4,10,150,99,0.09267768927614353
244,4,10,150,99,0.18607735303899048
245,4,10,150,99,0.10704534003732354
246,4,10,150,99,0.11120150311654428
247,4,10,150,99,0.0
248,4,10,150,99,0.14830051302014485
249,4,10,150,99,0.31180658179892495
250,4,10,150,99,0.3503302816689379
251,4,10,150,99,0.0
252,4,10,150,99,0.0
253,4,10,150,99,0.05954496680255472
254,4,10,150,99,0.0
255,4,10,150,99,0.042447135269629226
256,4,10,150,99,0.2045015508513237
257,4,10,150,99,0.3305900772260718
258,4,10,150,99,0.07557488532248983
259,4,10,150,99,0.0
260,4,10,150,99,0.0
261,4,10,150,99,0.0
262,4,10,150,99,0.05029331645508228
263,4,10,150,99,0.18094314889157095
264,4,10,150,99,0.05840183867278569
265,4,10,150,99,0.10209739512291163
267,4,10,150,99,0.09794101962538232
268,4,10,150,99,0.2097420325497775
269,4,10,150,99,0.13223875150584097
270,4,10,150,99,0.046726672111120165
271,4,10,150,99,0.12276482551434069
272,4,10,150,99,0.14498698048571354
273,4,10,150,99,0.0
274,4,10,150,99,0.0
275,4,10,150,99,0.04605780568615433
276,4,10,150,99,0.21539210889902655
277,4,10,150,99,0.0
279,4,10,150,99,0.092898315299474
280,4,10,150,99,0.03337620304869898
281,4,10,150,99,0.0
283,4,10,150,99,0.1292258709239571
284,4,10,150,99,0.0
285,4,10,150,99,0.1185995982858366
286,4,10,150,99,0.31887623993711317
287,4,10,150,99,0.11352455583778437
288,4,10,150,99,0.12538054736008386
289,4,10,150,99,0.13905617951077562
290,4,10,150,99,0.0
291,4,10,150,99,0.23494592513118112
292,4,10,150,99,0.12610583976873452
293,4,10,150,99,0.2674933110642059
294,4,10,150,99,0.04123398036294628
295,4,10,150,99,0.2670961153715764
296,4,10,150,99,0.594727990866183
297,4,10,150,99,0.13535082686131417
298,4,10,150,99,0.19947114504638494
299,4,10,150,99,0.01850951023098194
300,4,10,150,99,0.0
301,4,10,150,99,0.047934103497110726
303,4,10,150,99,0.12680868731260003
304,4,10,150,99,0.0
305,4,10,150,99,0.31514747987601716
306,4,10,150,99,0.0
307,4,10,150,99,0.1383141340724969
308,4,10,150,99,0.20874539670669104
309,4,10,150,99,0.0
310,4,10,150,99,0.0
311,4,10,150,99,0.08938791352906189
312,4,10,150,99,0.14069579419580536
313,4,10,150,99,0.14465709645474623
314,4,10,150,99,0.20285519102295546
315,4,10,150,99,0.0
316,4,10,150,99,0.07410494675778727
317,4,10,150,99,0.0
318,4,10,150,99,0.13815200906377123
319,4,10,150,99,0.0
320,4,10,150,99,0.0
321,4,10,150,99,0.062242588308449316
322,4,10,150,99,0.21517069392796198
323,4,10,150,99,0.14126697285982898
324,4,10,150,99,0.03555702818464106
325,4,10,150,99,0.0
326,4,10,150,99,0.0634222181618871
327,4,10,150,99,0.0834218806756029
328,4,10,150,99,0.1437524526514495
329,4,10,150,99,0.0
330,4,10,150,99,0.10765859902308003
331,4,10,150,99,0.16958010263680806
332,4,10,150,99,0.046679707512804314
333,4,10,150,99,0.0
334,4,10,150,99,0.11452497208839134
336,4,10,150,99,0.0
337,4,10,150,99,0.16716045496620227
338,4,10,150,99,0.05005165434923901
339,4,10,150,99,0.1344957225763306
340,4,10,150,99,0.0
341,4,10,150,99,0.0
342,4,10,150,99,0.2625072992734236
343,4,10,150,99,0.3094263721986468
344,4,10,150,99,0.23832550406045652
345,4,10,150,99,0.056149696530797676
346,4,10,150,99,0.13947804593499064
347,4,10,150,99,0.11116062301189339
348,4,10,150,99,0.071942683897578
349,4,10,150,99,0.07673373981757839
350,4,10,150,99,0.2065896325117088
351,4,10,150,99,0.0
352,4,10,150,99,0.0
353,4,10,150,99,0.0
354,4,10,150,99,0.051249224710132255
355,4,10,150,99,0.0
356,4,10,150,99,0.08406376813555873
357,4,10,150,99,0.05006331611131463
358,4,10,150,99,0.20438239758848611
359,4,10,150,99,0.0
360,4,10,150,99,0.09491042451242505
361,4,10,150,99,0.09622728274290568
362,4,10,150,99,0.1896300420144415
363,4,10,150,99,0.21862978877358352
364,4,10,150,99,0.0
365,4,10,150,99,0.03956979699823825
366,4,10,150,99,0.05116035004759531
367,4,10,150,99,0.07630862162354303
368,4,10,150,99,0.0
369,4,10,150,99,0.0
370,4,10,150,99,0.13479984916817475
371,4,10,150,99,0.22569563125869263
372,4,10,150,99,0.03657576498735172
373,4,10,150,99,0.08627719815628208
374,4,10,150,99,0.09834160864069898
375,4,10,150,99,0.0
376,4,10,150,99,0.0
377,4,10,150,99,0.08010929472340098
378,4,10,150,99,0.26560521651303487
379,4,10,150,99,0.1665016263976196
380,4,10,150,99,0.0
381,4,10,150,99,0.09118180877280627
382,4,10,150,99,0.0
383,4,10,150,99,0.12039822938664597
384,4,10,150,99,0.0
385,4,10,150,99,0.0
386,4,10,150,99,0.0
387,4,10,150,99,0.11497906462099297
388,4,10,150,99,0.08049692316938359
389,4,10,150,99,0.17394090433083284
390,4,10,150,99,0.0
391,4,10,150,99,0.2137247802747043
392,4,10,150,99,0.0823591820370782
393,4,10,150,99,0.07902434057012214
394,4,10,150,99,0.11073655428626575
395,4,10,150,99,0.09179488000267515
396,4,10,150,99,0.0
397,4,10,150,99,0.2710147943938467
398,4,10,150,99,0.18852571653533698
399,4,10,150,99,0.07594334672458623
400,4,10,150,99,0.0
401,4,10,150,99,0.0
402,4,10,150,99,0.11938381753707358
403,4,10,150,99,0.1586673445830345
404,4,10,150,99,0.0
405,4,10,150,99,0.06667735269275575
406,4,10,150,99,0.20956416940551098
407,4,10,150,99,0.09904518124710514
408,4,10,150,99,0.0
409,4,10,150,99,0.12740448328320192
410,4,10,150,99,0.0
411,4,10,150,99,0.0
412,4,10,150,99,0.0
413,4,10,150,99,0.041646268351119564
414,4,10,150,99,0.0
415,4,10,150,99,0.15103391472831218
416,4,10,150,99,0.23166052731397035
417,4,10,150,99,0.09850508837083022
418,4,10,150,99,0.0
419,4,10,150,99,0.1208113026994942
420,4,10,150,99,0.06052048269976269
421,4,10,150,99,0.19620555836557932
422,4,10,150,99,0.07550298029238112
423,4,10,150,99,0.053845569940583225
424,4,10,150,99,0.2766918177656049
425,4,10,150,99,0.2012030441923154
426,4,10,150,99,0.040759261617270684
427,4,10,150,99,0.07466168586864165
428,4,10,150,99,0.04415960465480069
429,4,10,150,99,0.14355264986043786
430,4,10,150,99,0.0
431,4,10,150,99,0.0
432,4,10,150,99,0.05789711601244791
433,4,10,150,99,0.05780921899607981
434,4,10,150,99,0.2562151231304954
435,4,10,150,99,0.19286687270771818
436,4,10,150,99,0.0
437,4,10,150,99,0.1246139643684977
438,4,10,150,99,0.0
439,4,10,150,99,0.10863976191957724
440,4,10,150,99,0.0
441,4,10,150,99,0.07736100002633538
442,4,10,150,99,0.060530681843238426
443,4,10,150,99,0.06783204105472322
444,4,10,150,99,0.1312721899408984
445,4,10,150,99,0.0
446,4,10,150,99,0.0
447,4,10,150,99,0.16246725303708914
448,4,10,150,99,0.0
449,4,10,150,99,0.2217332169166366
450,4,10,150,99,0.2230321343934026
451,4,10,150,99,0.06148915918944534
452,4,10,150,99,0.1230264477101886
453,4,10,150,99,0.01738367330756446
454,4,10,150,99,0.029900386365841584
455,4,10,150,99,0.14254132156148347
456,4,10,150,99,0.033760343206167075
457,4,10,150,99,0.31128444613224265
458,4,10,150,99,0.06982799741808067
459,4,10,150,99,0.0
460,4,10,150,99,0.05184030722866645
461,4,10,150,99,0.05428363317977833
462,4,10,150,99,0.05875805237821357
463,4,10,150,99,0.11987424504051505
464,4,10,150,99,0.027878824909352323
465,4,10,150,99,0.036206233555619735
466,4,10,150,99,0.0
467,4,10,150,99,0.07807600999842033
468,4,10,150,99,0.11455543964849552
469,4,10,150,99,0.05165643482805862
470,4,10,150,99,0.04584945600562429
471,4,10,150,99,0.0
472,4,10,150,99,0.16178284568352808
473,4,10,150,99,0.06140244428718695
474,4,10,150,99,0.24593822460513717
475,4,10,150,99,0.0
476,4,10,150,99,0.0
477,4,10,150,99,0.0
478,4,10,150,99,0.2345109835167376
479,4,10,150,99,0.10172348796286074
480,4,10,150,99,0.0741070054529978
481,4,10,150,99,0.13102204196909084
482,4,10,150,99,0.0
483,4,10,150,99,0.05658242244874664
484,4,10,150,99,0.29539974213048126
485,4,10,150,99,0.0
486,4,10,150,99,0.0
487,4,10,150,99,0.09557986065110975
488,4,10,150,99,0.0
489,4,10,150,99,0.08476040501935837
490,4,10,150,99,0.0
491,4,10,150,99,0.14208678740137623
492,4,10,150,99,0.0
493,4,10,150,99,0.16765112971402235
494,4,10,150,99,0.0
495,4,10,150,99,0.17949652011459483
496,4,10,150,99,0.10506396802211523
497,4,10,150,99,0.10180531361143179
498,4,10,150,99,0.0
499,4,10,150,99,0.07269358580389043
500,4,10,150,99,0.09541527213731128
501,4,10,150,99,0.0
502,4,10,150,99,0.0
503,4,10,150,99,0.16237935278338944
504,4,10,150,99,0.08148269775823089
505,4,10,150,99,0.07379217622092994
506,4,10,150,99,0.1954778976905469
507,4,10,150,99,0.05319635904163211
508,4,10,150,99,0.0
509,4,10,150,99,0.0
510,4,10,150,99,0.0
511,4,10,150,99,0.08495943917278885
512,4,10,150,99,0.05478392673173268
513,4,10,150,99,0.0
514,4,10,150,99,0.27252722616773445
515,4,10,150,99,0.11706259313796354
516,4,10,150,99,0.0
517,4,10,150,99,0.08878770367712427
518,4,10,150,99,0.0
519,4,10,150,99,0.0
520,4,10,150,99,0.0
521,4,10,150,99,0.09850628252086785
522,4,10,150,99,0.19328697957527333
523,4,10,150,99,0.08192351372077554
524,4,10,150,99,0.1388155168339688
525,4,10,150,99,0.0
526,4,10,150,99,0.15355181494703254
527,4,10,150,99,0.1636135858112592
528,4,10,150,99,0.10209739512291163
529,4,10,150,99,0.0
530,4,10,150,99,0.0
531,4,10,150,99,0.1517763576041802
532,4,10,150,99,0.29773995317245644
533,4,10,150,99,0.1301019856167998
534,4,10,150,99,0.17558812367678275
535,4,10,150,99,0.15258506350829476
536,4,10,150,99,0.15105160768725473
537,4,10,150,99,0.2679512674993136
538,4,10,150,99,0.14697776980950736
539,4,10,150,99,0.15499711656631066
540,4,10,150,99,0.0
541,4,10,150,99,0.0586415067779619
542,4,10,150,99,0.09110918278961319
543,4,10,150,99,0.13447349057300634
544,4,10,150,99,0.05282936728943967
545,4,10,150,99,0.02244213465825961
546,4,10,150,99,0.05758752804519195
547,4,10,150,99,0.0
548,4,10,150,99,0.14714570243929503
549,4,10,150,99,0.0
550,4,10,150,99,0.08775411958203361
551,4,10,150,99,0.10128126837397917
552,4,10,150,99,0.1205344274731702
553,4,10,150,99,0.09788630692433208
554,4,10,150,99,0.1651387839044021
555,4,10,150,99,0.0
556,4,10,150,99,0.07660623398069263
557,4,10,150,99,0.031742154565302834
558,4,10,150,99,0.08878770367712427
559,4,10,150,99,0.12554274649695854
560,4,10,150,99,0.09375790921485552
561,4,10,150,99,0.14725545437769655
562,4,10,150,99,0.07930308311174379
563,4,10,150,99,0.0
564,4,10,150,99,0.15437610727371853
565,4,10,150,99,0.0
566,4,10,150,99,0.03579489106983033
567,4,10,150,99,0.1964649491153665
568,4,10,150,99,0.036155150901276155
569,4,10,150,99,0.18299769260789403
570,4,10,150,99,0.0
571,4,10,150,99,0.04988426711147283
572,4,10,150,99,0.16812753627111746
573,4,10,150,99,0.06437746926759551
574,4,10,150,99,0.051811563545175146
575,4,10,150,99,0.0
576,4,10,150,99,0.0
577,4,10,150,99,0.2181315616010628
578,4,10,150,99,0.05006331611131463
579,4,10,150,99,0.057600185946266945
580,4,10,150,99,0.17202958801773222
581,4,10,150,99,0.14348105418014392
582,4,10,150,99,0.03190895161277091
583,4,10,150,99,0.10480857258082849
584,4,10,150,99,0.06323567569191428
585,4,10,150,99,0.04173963774222741
586,4,10,150,99,0.05786021189691368
587,4,10,150,99,0.019492972026130224
588,4,10,150,99,0.1626111040880965
589,4,10,150,99,0.0
590,4,10,150,99,0.053845569940583225
591,4,10,150,99,0.047298896168385694
592,4,10,150,99,0.34229291295940956
593,4,10,150,99,0.07711036365720102
594,4,10,150,99,0.044551000676675064
595,4,10,150,99,0.10296141646738245
596,4,10,150,99,0.0
597,4,10,150,99,0.27101620591530523
598,4,10,150,99,0.0684591776394769
599,4,10,150,99,0.047338452314727386
600,4,10,150,99,0.09197011795311534
601,4,10,150,99,0.0
602,4,10,150,99,0.0
603,4,10,150,99,0.0
604,4,10,150,99,0.0
605,4,10,150,99,0.26275270116262744
606,4,10,150,99,0.1839502972074742
607,4,10,150,99,0.12532490984563913
608,4,10,150,99,0.12209659098915113
609,4,10,150,99,0.0
610,4,10,150,99,0.2146842601596213
611,4,10,150,99,0.07624568872860434
612,4,10,150,99,0.0
613,4,10,150,99,0.08385150490449667
614,4,10,150,99,0.0
615,4,10,150,99,0.04919117729584568
616,4,10,150,99,0.03618657486793958
617,4,10,150,99,0.0
618,4,10,150,99,0.1731341495068553
619,4,10,150,99,0.12363660028711727
620,4,10,150,99,0.1775690498702064
621,4,10,150,99,0.11278207190006835
622,4,10,150,99,0.18241748250491993
623,4,10,150,99,0.2117125497194188
624,4,10,150,99,0.09391442870616025
625,4,10,150,99,0.016799051420689878
626,4,10,150,99,0.06228974831361337
627,4,10,150,99,0.06945233499530101
628,4,10,150,99,0.06835692304018633
629,4,10,150,99,0.19194057324582506
630,4,10,150,99,0.1731406094084427
631,4,10,150,99,0.0
632,4,10,150,99,0.12112269717167994
633,4,10,150,99,0.11499138576948859
634,4,10,150,99,0.05294832419446749
635,4,10,150,99,0.04546401530948942
636,4,10,150,99,0.11426572661305327
637,4,10,150,99,0.03444791022318668
638,4,10,150,99,0.09712868482236708
639,4,10,150,99,0.03138892079718151
640,4,10,150,99,0.1377754055073616
641,4,10,150,99,0.10427070662550339
642,4,10,150,99,0.1359233084670957
643,4,10,150,99,0.11071279041815515
644,4,10,150,99,0.04935421935348238
645,4,10,150,99,0.17581821458755492
646,4,10,150,99,0.0
647,4,10,150,99,0.0750130363585977
648,4,10,150,99,0.14840070543561068
649,4,10,150,99,0.15489949502599
650,4,10,150,99,0.14407584350944783
651,4,10,150,99,0.0
652,4,10,150,99,0.08156220960446063
653,4,10,150,99,0.09888221294270623
654,4,10,150,99,0.21255442687635834
655,4,10,150,99,0.25834204676932515
656,4,10,150,99,0.1259623300388048
657,4,10,150,99,0.04140815094666367
658,4,10,150,99,0.2625403796417579
659,4,10,150,99,0.09891143563535082
660,4,10,150,99,0.13549488625249415
661,4,10,150,99,0.08605775303302886
662,4,10,150,99,0.0512644431393966
663,4,10,150,99,0.24026856780584893
664,4,10,150,99,0.28517362059082263
665,4,10,150,99,0.0
666,4,10,150,99,0.15654057249001205
667,4,10,150,99,0.31347596517570553
668,4,10,150,99,0.09169562730816584
669,4,10,150,99,0.1348578320198433
670,4,10,150,99,0.16729054218138414
671,4,10,150,99,0.22329352092456306
672,4,10,150,99,0.03603026685992244
673,4,10,150,99,0.14837758007547783
674,4,10,150,99,0.11338915993603582
675,4,10,150,99,0.0
676,4,10,150,99,0.2786979045104278
677,4,10,150,99,0.03314040476303028
678,4,10,150,99,0.03824432123396675
679,4,10,150,99,0.15527711509166947
680,4,10,150,99,0.11377863936243801
681,4,10,150,99,0.0
682,4,10,150,99,0.17867356089177674
683,4,10,150,99,0.0
684,4,10,150,99,0.06573003977381581
685,4,10,150,99,0.1906465758273748
686,4,10,150,99,0.1682282387290392
687,4,10,150,99,0.0
688,4,10,150,99,0.13095683635706423
689,4,10,150,99,0.2385743953554933
690,4,10,150,99,0.16279283455141985
691,4,10,150,99,0.13843129503711957
692,4,10,150,99,0.1753901755134814
693,4,10,150,99,0.0
694,4,10,150,99,0.2448812985235888
695,4,10,150,99,0.03629635962013474
696,4,10,150,99,0.06801805429401306
697,4,10,150,99,0.07420531276379336
698,4,10,150,99,0.041937660325009396
699,4,10,150,99,0.11291908148098284
700,4,10,150,99,0.12729890218214104
701,4,10,150,99,0.11497698281480273
702,4,10,150,99,0.037715680681715956
703,4,10,150,99,0.14202859508692728
704,4,10,150,99,0.2916443317855694
705,4,10,150,99,0.24010744298007755
706,4,10,150,99,0.04395738023645723
707,4,10,150,99,0.06313664925364729
708,4,10,150,99,0.12228634424244818
709,4,10,150,99,0.13472082394875662
710,4,10,150,99,0.14089235460888552
711,4,10,150,99,0.18133007201622714
712,4,10,150,99,0.17630985048096706
713,4,10,150,99,0.1468735732232516
714,4,10,150,99,0.03441184191455828
715,4,10,150,99,0.02436967888463946
716,4,10,150,99,0.27120632974537634
717,4,10,150,99,0.09054670163637572
718,4,10,150,99,0.06264632882289006
719,4,10,150,99,0.09883437846193516
720,4,10,150,99,0.0
721,4,10,150,99,0.19572357575351293
722,4,10,150,99,0.06556429791586475
723,4,10,150,99,0.0
724,4,10,150,99,0.0
725,4,10,150,99,0.0
726,4,10,150,99,0.05010834716923557
727,4,10,150,99,0.11822064553044907
728,4,10,150,99,0.09627818061559096
729,4,10,150,99,0.1718665370882412
730,4,10,150,99,0.06936501041167871
731,4,10,150,99,0.14717311932656024
732,4,10,150,99,0.0
733,4,10,150,99,0.15867543784764906
734,4,10,150,99,0.0
735,4,10,150,99,0.021425916234983237
736,4,10,150,99,0.03351972906068008
737,4,10,150,99,0.1138970555583582
738,4,10,150,99,0.13922998739868644
739,4,10,150,99,0.06276777357339133
740,4,10,150,99,0.0
741,4,10,150,99,0.05358697798864893
742,4,10,150,99,0.0842707857576486
743,4,10,150,99,0.09946096543827337
744,4,10,150,99,0.03596673601130318
745,4,10,150,99,0.03520132288421838
746,4,10,150,99,0.25743994347908983
747,4,10,150,99,0.37579836089893126
748,4,10,150,99,0.09621648119325965
749,4,10,150,99,0.13135044905177373
750,4,10,150,99,0.07184731398235064
751,4,10,150,99,0.08554799479006837
752,4,10,150,99,0.04389473417066348
753,4,10,150,99,0.15780803084928155
754,4,10,150,99,0.0
755,4,10,150,99,0.03855371268423985
756,4,10,150,99,0.031104745345423533
757,4,10,150,99,0.049290177659643705
758,4,10,150,99,0.27226201625737967
759,4,10,150,99,0.11006100937916612
760,4,10,150,99,0.03004859059698017
761,4,10,150,99,0.06869287000000811
762,4,10,150,99,0.08807782327857085
763,4,10,150,99,0.05892228941894017
764,4,10,150,99,0.08946696896639536
765,4,10,150,99,0.15066101840234988
766,4,10,150,99,0.08516065367691487
767,4,10,150,99,0.13884445379214724
768,4,10,150,99,0.08438032815655525
769,4,10,150,99,0.0
770,4,10,150,99,0.21464739068424896
771,4,10,150,99,0.32869562799119006
772,4,10,150,99,0.17356150297482983
773,4,10,150,99,0.08696710392235718
774,4,10,150,99,0.04792120202737235
775,4,10,150,99,0.038478285726379145
776,4,10,150,99,0.15403842856019037
777,4,10,150,99,0.0
778,4,10,150,99,0.1631238413472767
779,4,10,150,99,0.0
780,4,10,150,99,0.1424788567451383
781,4,10,150,99,0.2016539629141292
782,4,10,150,99,0.03410286253729913
783,4,10,150,99,0.0
784,4,10,150,99,0.029814614753779622
785,4,10,150,99,0.0
786,4,10,150,99,0.0
787,4,10,150,99,0.0
788,4,10,150,99,0.19266265578880362
789,4,10,150,99,0.08809718769055445
790,4,10,150,99,0.06853446587938392
791,4,10,150,99,0.04465281017341861
792,4,10,150,99,0.08944329533390502
793,4,10,150,99,0.0
794,4,10,150,99,0.14270855432908344
795,4,10,150,99,0.08637279041318525
796,4,10,150,99,0.296439802849885
797,4,10,150,99,0.14274635636175825
798,4,10,150,99,0.03829682230535287
799,4,10,150,99,0.030246823655067756
800,4,10,150,99,0.170744663005078
801,4,10,150,99,0.1561471668577559
802,4,10,150,99,0.06960082070980815
803,4,10,150,99,0.10569353498973794
804,4,10,150,99,0.09852441030779308
805,4,10,150,99,0.1086228991586121
806,4,10,150,99,0.2959152150106387
807,4,10,150,99,0.10712329127351711
808,4,10,150,99,0.1025417224926713
809,4,10,150,99,0.10356976056061801
810,4,10,150,99,0.17634899502333787
811,4,10,150,99,0.06806289116376577
812,4,10,150,99,0.09594989011285139
813,4,10,150,99,0.0
814,4,10,150,99,0.034616222155696735
815,4,10,150,99,0.19534267166051425
816,4,10,150,99,0.0
817,4,10,150,99,0.0
818,4,10,150,99,0.05516788910004661
819,4,10,150,99,0.037210602758860095
820,4,10,150,99,0.0787987754690289
821,4,10,150,99,0.302950268110492
822,4,10,150,99,0.05548928785951652
823,4,10,150,99,0.19825193631094293
824,4,10,150,99,0.05046096657376444
825,4,10,150,99,0.10493491431163486
826,4,10,150,99,0.17593166652195671
827,4,10,150,99,0.0
828,4,10,150,99,0.05745618865524075
829,4,10,150,99,0.1751347628439014
830,4,10,150,99,0.22862234433549483
831,4,10,150,99,0.21058943716644085
832,4,10,150,99,0.0
833,4,10,150,99,0.13323673292359642
834,4,10,150,99,0.2706897351446418
835,4,10,150,99,0.2282338502278767
836,4,10,150,99,0.22113373377912962
837,4,10,150,99,0.05665916465450996
838,4,10,150,99,0.27895398740912175
839,4,10,150,99,0.10730655186373157
840,4,10,150,99,0.3448541502377311
841,4,10,150,99,0.06507217400164225
842,4,10,150,99,0.03947561302344988
843,4,10,150,99,0.008167976400118574
844,4,10,150,99,0.0732830709589019
845,4,10,150,99,0.0
846,4,10,150,99,0.31554684306365893
847,4,10,150,99,0.05107153900660915
848,4,10,150,99,0.14492283122720828
849,4,10,150,99,0.07738342520054953
850,4,10,150,99,0.32772847125724697
851,4,10,150,99,0.06520552028363663
852,4,10,150,99,0.26227118260874954
853,4,10,150,99,0.0
854,4,10,150,99,0.09114944994704444
855,4,10,150,99,0.03638796155629422
856,4,10,150,99,0.037110354711564805
857,4,10,150,99,0.0
858,4,10,150,99,0.10250982096838526
859,4,10,150,99,0.05070263548706836
860,4,10,150,99,0.12431618373412671
861,4,10,150,99,0.06460834446248033
862,4,10,150,99,0.2163254959227117
863,4,10,150,99,0.0741818502541766
864,4,10,150,99,0.3524834217676166
865,4,10,150,99,0.11652577583309928
866,4,10,150,99,0.16283687678415507
867,4,10,150,99,0.28934571398692965
868,4,10,150,99,0.16711272206098093
869,4,10,150,99,0.08067880958900249
870,4,10,150,99,0.2043931973837307
871,4,10,150,99,0.07012986265386374
872,4,10,150,99,0.02804794621397926
873,4,10,150,99,0.0
874,4,10,150,99,0.13944914190808633
875,4,10,150,99,0.18639091697355642
876,4,10,150,99,0.08671382849411972
877,4,10,150,99,0.11088802859904644
878,4,10,150,99,0.1706804422753891
879,4,10,150,99,0.03963466998423315
880,4,10,150,99,0.2693156119499853
881,4,10,150,99,0.10607397714720039
882,4,10,150,99,0.2238061440578927
883,4,10,150,99,0.26265870438063454
884,4,10,150,99,0.11407805705099587
885,4,10,150,99,0.04536087033637415
886,4,10,150,99,0.1506819159893535
887,4,10,150,99,0.10214828088611402
888,4,10,150,99,0.11625487663628292
889,4,10,150,99,0.008398085226236493
890,4,10,150,99,0.14811178753282211
891,4,10,150,99,0.10491091696774645
892,4,10,150,99,0.25401830577382656
893,4,10,150,99,0.18312080755059298
894,4,10,150,99,0.08678805816831309
895,4,10,150,99,0.0
896,4,10,150,99,0.23334381222204897
897,4,10,150,99,0.3071672815592065
898,4,10,150,99,0.0
899,4,10,150,99,0.05684415375822261
900,4,10,150,99,0.055315677011973347
901,4,10,150,99,0.23198521014469126
902,4,10,150,99,0.05978585424799658
903,4,10,150,99,0.24651430146847014
904,4,10,150,99,0.026152770438578738
905,4,10,150,99,0.0
906,4,10,150,99,0.10407444169186962
907,4,10,150,99,0.09695955352091559
908,4,10,150,99,0.06892767477436933
909,4,10,150,99,0.02504502208733339
910,4,10,150,99,0.04153284062838295
911,4,10,150,99,0.14690565417489143
912,4,10,150,99,0.1958275913448339
913,4,10,150,99,0.08380195844185999
914,4,10,150,99,0.0
915,4,10,150,99,0.0
916,4,10,150,99,0.20095662935147876
917,4,10,150,99,0.0
918,4,10,150,99,0.05687760265727651
919,4,10,150,99,0.08919552174343603
920,4,10,150,99,0.0
921,4,10,150,99,0.15405864814296488
922,4,10,150,99,0.1280645281724967
923,4,10,150,99,0.04031825574984845
924,4,10,150,99,0.018280262702529162
925,4,10,150,99,0.032527050404589315
926,4,10,150,99,0.0
927,4,10,150,99,0.12527716133750888
928,4,10,150,99,0.1873259908039563
929,4,10,150,99,0.2745526802796698
930,4,10,150,99,0.06059070291394373
931,4,10,150,99,0.08679587898287541
932,4,10,150,99,0.26581896687705886
933,4,10,150,99,0.1488896485926162
934,4,10,150,99,0.10071040486185964
935,4,10,150,99,0.04173963774222741
936,4,10,150,99,0.14594031167660285
937,4,10,150,99,0.030246823655067756
938,4,10,150,99,0.1661428141234511
939,4,10,150,99,0.05398310264851825
940,4,10,150,99,0.10512901138397411
941,4,10,150,99,0.0
942,4,10,150,99,0.1374335766970964
943,4,10,150,99,0.20163692230838232
1,4,10,150,100,0.4058715898896693
2,4,10,150,100,0.06250343848035038
3,4,10,150,100,0.0
4,4,10,150,100,0.0
5,4,10,150,100,0.040209635547393256
6,4,10,150,100,0.27020011346731576
7,4,10,150,100,0.3647577014661019
8,4,10,150,100,0.0
9,4,10,150,100,0.21840743681816419
10,4,10,150,100,0.21491451057814584
11,4,10,150,100,0.1722584975122812
12,4,10,150,100,0.0
13,4,10,150,100,0.23354755242906122
14,4,10,150,100,0.03963175841995263
15,4,10,150,100,0.05010834716923557
16,4,10,150,100,0.1394055771274295
17,4,10,150,100,0.12407735386140566
18,4,10,150,100,0.28194906187017815
19,4,10,150,100,0.0
20,4,10,150,100,0.0
21,4,10,150,100,0.0
22,4,10,150,100,0.11702382382650763
23,4,10,150,100,0.2686879793224394
24,4,10,150,100,0.0
25,4,10,150,100,0.12358102547512423
26,4,10,150,100,0.0
27,4,10,150,100,0.0
28,4,10,150,100,0.0
29,4,10,150,100,0.13455232720853103
30,4,10,150,100,0.0
31,4,10,150,100,0.0
32,4,10,150,100,0.0
33,4,10,150,100,0.0
35,4,10,150,100,0.10523285614729473
36,4,10,150,100,0.15329048865267808
37,4,10,150,100,0.0
38,4,10,150,100,0.04739418218477539
39,4,10,150,100,0.0
40,4,10,150,100,0.10558114683788161
41,4,10,150,100,0.0
42,4,10,150,100,0.0683037314796457
43,4,10,150,100,0.22592974817952552
44,4,10,150,100,0.2044921015662719
45,4,10,150,100,0.05200670101006268
46,4,10,150,100,0.11284514134893527
47,4,10,150,100,0.06250343848035038
48,4,10,150,100,0.0
49,4,10,150,100,0.0
50,4,10,150,100,0.0
51,4,10,150,100,0.16812753627111746
52,4,10,150,100,0.07126520856745397
54,4,10,150,100,0.04843244625481133
56,4,10,150,100,0.20383503459815738
57,4,10,150,100,0.3030555992505742
58,4,10,150,100,0.3717269535737058
59,4,10,150,100,0.31915425394541946
60,4,10,150,100,0.1505674224523334
61,4,10,150,100,0.07763867093308688
62,4,10,150,100,0.10440036542861637
63,4,10,150,100,0.0
64,4,10,150,100,0.04238468688770069
65,4,10,150,100,0.13012668333070054
66,4,10,150,100,0.0
67,4,10,150,100,0.0
68,4,10,150,100,0.4827392464262081
69,4,10,150,100,0.07673373981757839
70,4,10,150,100,0.0
71,4,10,150,100,0.046966485689931024
72,4,10,150,100,0.09048427472954688
73,4,10,150,100,0.0
74,4,10,150,100,0.0
75,4,10,150,100,0.049432410190049694
76,4,10,150,100,0.1301464707340554
77,4,10,150,100,0.10201115106436301
78,4,10,150,100,0.0
79,4,10,150,100,0.3603915858241842
80,4,10,150,100,0.0
81,4,10,150,100,0.0
82,4,10,150,100,0.19298623480417013
83,4,10,150,100,0.1569263624205769
84,4,10,150,100,0.05034889199379723
85,4,10,150,100,0.0
87,4,10,150,100,0.07100089300395272
89,4,10,150,100,0.2553387838830436
90,4,10,150,100,0.14035324954983075
91,4,10,150,100,0.05648147012627732
92,4,10,150,100,0.10542637391232386
93,4,10,150,100,0.0
94,4,10,150,100,0.1398942649682608
95,4,10,150,100,0.17287436926807473
96,4,10,150,100,0.10181164814261426
97,4,10,150,100,0.11661748975177716
98,4,10,150,100,0.0930297504356062
99,4,10,150,100,0.05658242244874664
100,4,10,150,100,0.0
101,4,10,150,100,0.0
102,4,10,150,100,0.045580330958879416
103,4,10,150,100,0.0
104,4,10,150,100,0.0
105,4,10,150,100,0.0
106,4,10,150,100,0.0
107,4,10,150,100,0.07193596522633457
108,4,10,150,100,0.0
109,4,10,150,100,0.07103066762111539
110,4,10,150,100,0.0
111,4,10,150,100,0.0
112,4,10,150,100,0.05685954565780693
113,4,10,150,100,0.053168340515114924
114,4,10,150,100,0.0
115,4,10,150,100,0.10684080426179023
116,4,10,150,100,0.025679246119321802
117,4,10,150,100,0.26646890433550474
118,4,10,150,100,0.0
119,4,10,150,100,0.24777925016776411
120,4,10,150,100,0.0
121,4,10,150,100,0.271985059917519
122,4,10,150,100,0.19939609492576266
123,4,10,150,100,0.07386004580671933
125,4,10,150,100,0.12702645795516354
126,4,10,150,100,0.06911917000496234
127,4,10,150,100,0.23132283185955704
128,4,10,150,100,0.0804528329814545
129,4,10,150,100,0.0
130,4,10,150,100,0.21603440505602572
131,4,10,150,100,0.06556385272536247
133,4,10,150,100,0.11047239495909743
134,4,10,150,100,0.0
135,4,10,150,100,0.0
137,4,10,150,100,0.1371200812351206
138,4,10,150,100,0.06140414576373613
139,4,10,150,100,0.0
141,4,10,150,100,0.038963097133338453
142,4,10,150,100,0.13373003436102654
143,4,10,150,100,0.1208996448617798
144,4,10,150,100,0.1227945149537572
145,4,10,150,100,0.1075804523117992
146,4,10,150,100,0.0
148,4,10,150,100,0.24915983520522694
149,4,10,150,100,0.0
150,4,10,150,100,0.10235170428306553
151,4,10,150,100,0.10702155329127065
152,4,10,150,100,0.040655755922716606
153,4,10,150,100,0.0
154,4,10,150,100,0.11753148666901318
155,4,10,150,100,0.0
156,4,10,150,100,0.0
158,4,10,150,100,0.17575552384613552
159,4,10,150,100,0.03310852000739229
160,4,10,150,100,0.0
161,4,10,150,100,0.0
162,4,10,150,100,0.09422684689608156
163,4,10,150,100,0.0
164,4,10,150,100,0.0
165,4,10,150,100,0.12114889742360979
166,4,10,150,100,0.0
167,4,10,150,100,0.06267320809766952
168,4,10,150,100,0.30587868778642263
169,4,10,150,100,0.11641320690977976
170,4,10,150,100,0.0
171,4,10,150,100,0.0
172,4,10,150,100,0.0
173,4,10,150,100,0.11302181651994404
174,4,10,150,100,0.08712841477105211
175,4,10,150,100,0.0
176,4,10,150,100,0.09511409151391914
177,4,10,150,100,0.06912040963822193
178,4,10,150,100,0.2437589399037192
179,4,10,150,100,0.06723507268634088
180,4,10,150,100,0.12262943855309168
181,4,10,150,100,0.062426915812405386
182,4,10,150,100,0.0
183,4,10,150,100,0.0
184,4,10,150,100,0.11356458502877588
185,4,10,150,100,0.07745351606183934
186,4,10,150,100,0.22147164648185297
187,4,10,150,100,0.08625091781054979
188,4,10,150,100,0.054384419234677496
189,4,10,150,100,0.23042891886703956
190,4,10,150,100,0.10699313236726378
191,4,10,150,100,0.0
192,4,10,150,100,0.0
193,4,10,150,100,0.039158662511086184
194,4,10,150,100,0.11592484831532757
195,4,10,150,100,0.0
196,4,10,150,100,0.0
197,4,10,150,100,0.05576624569167862
198,4,10,150,100,0.0
199,4,10,150,100,0.0
200,4,10,150,100,0.1350618908658632
201,4,10,150,100,0.1489810831685696
203,4,10,150,100,0.0
204,4,10,150,100,0.0
205,4,10,150,100,0.0
206,4,10,150,100,0.0
207,4,10,150,100,0.11502902547813014
209,4,10,150,100,0.0
210,4,10,150,100,0.09440608278107551
211,4,10,150,100,0.0
212,4,10,150,100,0.12681701683239352
213,4,10,150,100,0.2384146878320104
214,4,10,150,100,0.056720838976548935
215,4,10,150,100,0.0
216,4,10,150,100,0.06585783135342528
217,4,10,150,100,0.0
218,4,10,150,100,0.19092086617893467
219,4,10,150,100,0.0
221,4,10,150,100,0.3375735570145491
222,4,10,150,100,0.12476107276951183
223,4,10,150,100,0.03870447337439288
224,4,10,150,100,0.0
225,4,10,150,100,0.0
226,4,10,150,100,0.08080765379783027
227,4,10,150,100,0.0
228,4,10,150,100,0.0
229,4,10,150,100,0.0
230,4,10,150,100,0.23712439662683835
231,4,10,150,100,0.0
232,4,10,150,100,0.3234992853586256
233,4,10,150,100,0.0968152409481219
234,4,10,150,100,0.1481502210952491
235,4,10,150,100,0.06065881345112158
236,4,10,150,100,0.0
237,4,10,150,100,0.0
238,4,10,150,100,0.0
239,4,10,150,100,0.16945059884091937
240,4,10,150,100,0.05497526658285817
242,4,10,150,100,0.0
243,4,10,150,100,0.09267768927614353
244,4,10,150,100,0.18607735303899048
245,4,10,150,100,0.10704534003732354
246,4,10,150,100,0.11120150311654428
247,4,10,150,100,0.0
248,4,10,150,100,0.14830051302014485
249,4,10,150,100,0.31180658179892495
250,4,10,150,100,0.3503302816689379
251,4,10,150,100,0.0
252,4,10,150,100,0.0
253,4,10,150,100,0.05954496680255472
254,4,10,150,100,0.0
255,4,10,150,100,0.042447135269629226
256,4,10,150,100,0.2045015508513237
257,4,10,150,100,0.3305900772260718
258,4,10,150,100,0.07557488532248983
259,4,10,150,100,0.0
260,4,10,150,100,0.0
261,4,10,150,100,0.0
262,4,10,150,100,0.05029331645508228
263,4,10,150,100,0.18094314889157095
264,4,10,150,100,0.05840183867278569
265,4,10,150,100,0.10209739512291163
267,4,10,150,100,0.09794101962538232
268,4,10,150,100,0.225452628461146
269,4,10,150,100,0.13223875150584097
270,4,10,150,100,0.046726672111120165
271,4,10,150,100,0.12276482551434069
272,4,10,150,100,0.14498698048571354
273,4,10,150,100,0.0
274,4,10,150,100,0.0
275,4,10,150,100,0.04605780568615433
276,4,10,150,100,0.21539210889902655
277,4,10,150,100,0.0
279,4,10,150,100,0.092898315299474
280,4,10,150,100,0.03337620304869898
281,4,10,150,100,0.0
283,4,10,150,100,0.1292258709239571
284,4,10,150,100,0.0
285,4,10,150,100,0.1185995982858366
286,4,10,150,100,0.31887623993711317
287,4,10,150,100,0.11352455583778437
288,4,10,150,100,0.12538054736008386
289,4,10,150,100,0.13905617951077562
290,4,10,150,100,0.0
291,4,10,150,100,0.23494592513118112
292,4,10,150,100,0.12610583976873452
293,4,10,150,100,0.2674933110642059
294,4,10,150,100,0.04123398036294628
295,4,10,150,100,0.2670961153715764
296,4,10,150,100,0.594727990866183
297,4,10,150,100,0.13535082686131417
298,4,10,150,100,0.19947114504638494
299,4,10,150,100,0.01850951023098194
300,4,10,150,100,0.0
301,4,10,150,100,0.047934103497110726
303,4,10,150,100,0.12680868731260003
304,4,10,150,100,0.0
305,4,10,150,100,0.31514747987601716
306,4,10,150,100,0.0
307,4,10,150,100,0.1383141340724969
308,4,10,150,100,0.20874539670669104
309,4,10,150,100,0.0
310,4,10,150,100,0.0
311,4,10,150,100,0.08938791352906189
312,4,10,150,100,0.14069579419580536
313,4,10,150,100,0.14465709645474623
314,4,10,150,100,0.219248702419926
315,4,10,150,100,0.0
316,4,10,150,100,0.07410494675778727
317,4,10,150,100,0.0
318,4,10,150,100,0.13815200906377123
319,4,10,150,100,0.0
320,4,10,150,100,0.0
321,4,10,150,100,0.062242588308449316
322,4,10,150,100,0.21517069392796198
323,4,10,150,100,0.14126697285982898
324,4,10,150,100,0.03555702818464106
325,4,10,150,100,0.0
326,4,10,150,100,0.0634222181618871
327,4,10,150,100,0.10348586298663072
328,4,10,150,100,0.1437524526514495
329,4,10,150,100,0.0
330,4,10,150,100,0.10765859902308003
331,4,10,150,100,0.16958010263680806
332,4,10,150,100,0.046679707512804314
333,4,10,150,100,0.0
334,4,10,150,100,0.11452497208839134
336,4,10,150,100,0.0
337,4,10,150,100,0.16716045496620227
338,4,10,150,100,0.05005165434923901
339,4,10,150,100,0.1344957225763306
340,4,10,150,100,0.0
341,4,10,150,100,0.0
342,4,10,150,100,0.2625072992734236
343,4,10,150,100,0.3094263721986468
344,4,10,150,100,0.23832550406045652
345,4,10,150,100,0.056149696530797676
346,4,10,150,100,0.13947804593499064
347,4,10,150,100,0.11116062301189339
348,4,10,150,100,0.071942683897578
349,4,10,150,100,0.07673373981757839
350,4,10,150,100,0.2065896325117088
351,4,10,150,100,0.0
352,4,10,150,100,0.0
353,4,10,150,100,0.0
354,4,10,150,100,0.051249224710132255
355,4,10,150,100,0.0
356,4,10,150,100,0.08406376813555873
357,4,10,150,100,0.05006331611131463
358,4,10,150,100,0.20438239758848611
359,4,10,150,100,0.0
360,4,10,150,100,0.09491042451242505
361,4,10,150,100,0.09622728274290568
362,4,10,150,100,0.1896300420144415
363,4,10,150,100,0.21862978877358352
364,4,10,150,100,0.0
365,4,10,150,100,0.03956979699823825
366,4,10,150,100,0.05116035004759531
367,4,10,150,100,0.07630862162354303
368,4,10,150,100,0.0
369,4,10,150,100,0.0
370,4,10,150,100,0.13479984916817475
371,4,10,150,100,0.22569563125869263
372,4,10,150,100,0.03657576498735172
373,4,10,150,100,0.08627719815628208
374,4,10,150,100,0.09834160864069898
375,4,10,150,100,0.0
376,4,10,150,100,0.0
377,4,10,150,100,0.08010929472340098
378,4,10,150,100,0.26560521651303487
379,4,10,150,100,0.1665016263976196
380,4,10,150,100,0.0
381,4,10,150,100,0.09118180877280627
382,4,10,150,100,0.0
383,4,10,150,100,0.12039822938664597
384,4,10,150,100,0.0
385,4,10,150,100,0.0
386,4,10,150,100,0.0
387,4,10,150,100,0.11497906462099297
388,4,10,150,100,0.08049692316938359
389,4,10,150,100,0.17394090433083284
390,4,10,150,100,0.0
391,4,10,150,100,0.2137247802747043
392,4,10,150,100,0.0823591820370782
393,4,10,150,100,0.07902434057012214
394,4,10,150,100,0.11073655428626575
395,4,10,150,100,0.09179488000267515
396,4,10,150,100,0.0
397,4,10,150,100,0.2710147943938467
398,4,10,150,100,0.18852571653533698
399,4,10,150,100,0.07594334672458623
400,4,10,150,100,0.0
401,4,10,150,100,0.0
402,4,10,150,100,0.11938381753707358
403,4,10,150,100,0.1586673445830345
404,4,10,150,100,0.0
405,4,10,150,100,0.06667735269275575
406,4,10,150,100,0.20956416940551098
407,4,10,150,100,0.09904518124710514
408,4,10,150,100,0.0
409,4,10,150,100,0.12740448328320192
410,4,10,150,100,0.0
411,4,10,150,100,0.0
412,4,10,150,100,0.0
413,4,10,150,100,0.041646268351119564
414,4,10,150,100,0.0
415,4,10,150,100,0.15103391472831218
416,4,10,150,100,0.23166052731397035
417,4,10,150,100,0.09850508837083022
418,4,10,150,100,0.0
419,4,10,150,100,0.1208113026994942
420,4,10,150,100,0.06052048269976269
421,4,10,150,100,0.19620555836557932
422,4,10,150,100,0.07550298029238112
423,4,10,150,100,0.053845569940583225
424,4,10,150,100,0.2766918177656049
425,4,10,150,100,0.2012030441923154
426,4,10,150,100,0.040759261617270684
427,4,10,150,100,0.07466168586864165
428,4,10,150,100,0.04415960465480069
429,4,10,150,100,0.14355264986043786
430,4,10,150,100,0.0
431,4,10,150,100,0.0
432,4,10,150,100,0.05789711601244791
433,4,10,150,100,0.05780921899607981
434,4,10,150,100,0.2562151231304954
435,4,10,150,100,0.19286687270771818
436,4,10,150,100,0.0
437,4,10,150,100,0.1246139643684977
438,4,10,150,100,0.0
439,4,10,150,100,0.10863976191957724
440,4,10,150,100,0.0
441,4,10,150,100,0.07736100002633538
442,4,10,150,100,0.060530681843238426
443,4,10,150,100,0.06783204105472322
444,4,10,150,100,0.1312721899408984
445,4,10,150,100,0.0
446,4,10,150,100,0.0
447,4,10,150,100,0.16246725303708914
448,4,10,150,100,0.0
449,4,10,150,100,0.2217332169166366
450,4,10,150,100,0.2230321343934026
451,4,10,150,100,0.06148915918944534
452,4,10,150,100,0.1230264477101886
453,4,10,150,100,0.01738367330756446
454,4,10,150,100,0.029900386365841584
455,4,10,150,100,0.14254132156148347
456,4,10,150,100,0.033760343206167075
457,4,10,150,100,0.31128444613224265
458,4,10,150,100,0.06982799741808067
459,4,10,150,100,0.0
460,4,10,150,100,0.05184030722866645
461,4,10,150,100,0.05428363317977833
462,4,10,150,100,0.05875805237821357
463,4,10,150,100,0.11987424504051505
464,4,10,150,100,0.027878824909352323
465,4,10,150,100,0.036206233555619735
466,4,10,150,100,0.0
467,4,10,150,100,0.07807600999842033
468,4,10,150,100,0.11455543964849552
469,4,10,150,100,0.05165643482805862
470,4,10,150,100,0.04584945600562429
471,4,10,150,100,0.0
472,4,10,150,100,0.16178284568352808
473,4,10,150,100,0.06140244428718695
474,4,10,150,100,0.24593822460513717
475,4,10,150,100,0.0
476,4,10,150,100,0.0
477,4,10,150,100,0.0
478,4,10,150,100,0.2345109835167376
479,4,10,150,100,0.10172348796286074
480,4,10,150,100,0.0741070054529978
481,4,10,150,100,0.13102204196909084
482,4,10,150,100,0.0
483,4,10,150,100,0.05658242244874664
484,4,10,150,100,0.29539974213048126
485,4,10,150,100,0.0
486,4,10,150,100,0.0
487,4,10,150,100,0.09557986065110975
488,4,10,150,100,0.0
489,4,10,150,100,0.08476040501935837
490,4,10,150,100,0.0
491,4,10,150,100,0.14208678740137623
492,4,10,150,100,0.0
493,4,10,150,100,0.16765112971402235
494,4,10,150,100,0.0
495,4,10,150,100,0.17949652011459483
496,4,10,150,100,0.10506396802211523
497,4,10,150,100,0.10180531361143179
498,4,10,150,100,0.0
499,4,10,150,100,0.07269358580389043
500,4,10,150,100,0.09541527213731128
501,4,10,150,100,0.0
502,4,10,150,100,0.0
503,4,10,150,100,0.16237935278338944
504,4,10,150,100,0.08148269775823089
505,4,10,150,100,0.07379217622092994
506,4,10,150,100,0.1954778976905469
507,4,10,150,100,0.05319635904163211
508,4,10,150,100,0.0
509,4,10,150,100,0.0
510,4,10,150,100,0.0
511,4,10,150,100,0.08495943917278885
512,4,10,150,100,0.05478392673173268
513,4,10,150,100,0.0
514,4,10,150,100,0.27252722616773445
515,4,10,150,100,0.11706259313796354
516,4,10,150,100,0.0
517,4,10,150,100,0.08878770367712427
518,4,10,150,100,0.0
519,4,10,150,100,0.0
520,4,10,150,100,0.0
521,4,10,150,100,0.09850628252086785
522,4,10,150,100,0.19328697957527333
523,4,10,150,100,0.08192351372077554
524,4,10,150,100,0.1388155168339688
525,4,10,150,100,0.0
526,4,10,150,100,0.15355181494703254
527,4,10,150,100,0.1636135858112592
528,4,10,150,100,0.10209739512291163
529,4,10,150,100,0.0
530,4,10,150,100,0.0
531,4,10,150,100,0.1517763576041802
532,4,10,150,100,0.29773995317245644
533,4,10,150,100,0.1301019856167998
534,4,10,150,100,0.17558812367678275
535,4,10,150,100,0.15258506350829476
536,4,10,150,100,0.15105160768725473
537,4,10,150,100,0.2660292863674762
538,4,10,150,100,0.14697776980950736
539,4,10,150,100,0.15499711656631066
540,4,10,150,100,0.0
541,4,10,150,100,0.0586415067779619
542,4,10,150,100,0.09110918278961319
543,4,10,150,100,0.13447349057300634
544,4,10,150,100,0.05282936728943967
545,4,10,150,100,0.02244213465825961
546,4,10,150,100,0.05758752804519195
547,4,10,150,100,0.0
548,4,10,150,100,0.16429869072585723
549,4,10,150,100,0.0
550,4,10,150,100,0.08775411958203361
551,4,10,150,100,0.10128126837397917
552,4,10,150,100,0.1205344274731702
553,4,10,150,100,0.09788630692433208
554,4,10,150,100,0.1651387839044021
555,4,10,150,100,0.0
556,4,10,150,100,0.07660623398069263
557,4,10,150,100,0.031742154565302834
558,4,10,150,100,0.08878770367712427
559,4,10,150,100,0.12554274649695854
560,4,10,150,100,0.09375790921485552
561,4,10,150,100,0.14725545437769655
562,4,10,150,100,0.07930308311174379
563,4,10,150,100,0.0
564,4,10,150,100,0.15437610727371853
565,4,10,150,100,0.0
566,4,10,150,100,0.03579489106983033
567,4,10,150,100,0.1964649491153665
568,4,10,150,100,0.036155150901276155
569,4,10,150,100,0.18299769260789403
570,4,10,150,100,0.0
571,4,10,150,100,0.04988426711147283
572,4,10,150,100,0.16812753627111746
573,4,10,150,100,0.06437746926759551
574,4,10,150,100,0.051811563545175146
575,4,10,150,100,0.0
576,4,10,150,100,0.0
577,4,10,150,100,0.2181315616010628
578,4,10,150,100,0.05006331611131463
579,4,10,150,100,0.057600185946266945
580,4,10,150,100,0.17202958801773222
581,4,10,150,100,0.14348105418014392
582,4,10,150,100,0.03190895161277091
583,4,10,150,100,0.10480857258082849
584,4,10,150,100,0.06323567569191428
585,4,10,150,100,0.04173963774222741
586,4,10,150,100,0.05786021189691368
587,4,10,150,100,0.019492972026130224
588,4,10,150,100,0.1626111040880965
589,4,10,150,100,0.0
590,4,10,150,100,0.053845569940583225
591,4,10,150,100,0.047298896168385694
592,4,10,150,100,0.34229291295940956
593,4,10,150,100,0.07711036365720102
594,4,10,150,100,0.044551000676675064
595,4,10,150,100,0.10296141646738245
596,4,10,150,100,0.0
597,4,10,150,100,0.27101620591530523
598,4,10,150,100,0.0684591776394769
599,4,10,150,100,0.047338452314727386
600,4,10,150,100,0.09197011795311534
601,4,10,150,100,0.0
602,4,10,150,100,0.0
603,4,10,150,100,0.0
604,4,10,150,100,0.0
605,4,10,150,100,0.26275270116262744
606,4,10,150,100,0.1839502972074742
607,4,10,150,100,0.12532490984563913
608,4,10,150,100,0.12209659098915113
609,4,10,150,100,0.0
610,4,10,150,100,0.2146842601596213
611,4,10,150,100,0.07624568872860434
612,4,10,150,100,0.0
613,4,10,150,100,0.08385150490449667
614,4,10,150,100,0.0
615,4,10,150,100,0.04919117729584568
616,4,10,150,100,0.03618657486793958
617,4,10,150,100,0.0
618,4,10,150,100,0.1731341495068553
619,4,10,150,100,0.12363660028711727
620,4,10,150,100,0.1775690498702064
621,4,10,150,100,0.11278207190006835
622,4,10,150,100,0.18241748250491993
623,4,10,150,100,0.2117125497194188
624,4,10,150,100,0.09391442870616025
625,4,10,150,100,0.016799051420689878
626,4,10,150,100,0.06228974831361337
627,4,10,150,100,0.06945233499530101
628,4,10,150,100,0.06835692304018633
629,4,10,150,100,0.19194057324582506
630,4,10,150,100,0.1731406094084427
631,4,10,150,100,0.0
632,4,10,150,100,0.12112269717167994
633,4,10,150,100,0.11499138576948859
634,4,10,150,100,0.05294832419446749
635,4,10,150,100,0.04546401530948942
636,4,10,150,100,0.11426572661305327
637,4,10,150,100,0.03444791022318668
638,4,10,150,100,0.09712868482236708
639,4,10,150,100,0.03138892079718151
640,4,10,150,100,0.1377754055073616
641,4,10,150,100,0.10427070662550339
642,4,10,150,100,0.1359233084670957
643,4,10,150,100,0.11071279041815515
644,4,10,150,100,0.04935421935348238
645,4,10,150,100,0.17581821458755492
646,4,10,150,100,0.0
647,4,10,150,100,0.0750130363585977
648,4,10,150,100,0.14840070543561068
649,4,10,150,100,0.15489949502599
650,4,10,150,100,0.14407584350944783
651,4,10,150,100,0.0
652,4,10,150,100,0.08156220960446063
653,4,10,150,100,0.09888221294270623
654,4,10,150,100,0.21255442687635834
655,4,10,150,100,0.25648899138322895
656,4,10,150,100,0.1259623300388048
657,4,10,150,100,0.04140815094666367
658,4,10,150,100,0.2625403796417579
659,4,10,150,100,0.09891143563535082
660,4,10,150,100,0.1466851712472769
661,4,10,150,100,0.08605775303302886
662,4,10,150,100,0.0512644431393966
663,4,10,150,100,0.24026856780584893
664,4,10,150,100,0.28517362059082263
665,4,10,150,100,0.0
666,4,10,150,100,0.15654057249001205
667,4,10,150,100,0.31347596517570553
668,4,10,150,100,0.09169562730816584
669,4,10,150,100,0.1348578320198433
670,4,10,150,100,0.16729054218138414
671,4,10,150,100,0.22329352092456306
672,4,10,150,100,0.03603026685992244
673,4,10,150,100,0.14837758007547783
674,4,10,150,100,0.11338915993603582
675,4,10,150,100,0.0
676,4,10,150,100,0.2786979045104278
677,4,10,150,100,0.03314040476303028
678,4,10,150,100,0.03824432123396675
679,4,10,150,100,0.15527711509166947
680,4,10,150,100,0.11377863936243801
681,4,10,150,100,0.0
682,4,10,150,100,0.17739195765101926
683,4,10,150,100,0.0
684,4,10,150,100,0.06573003977381581
685,4,10,150,100,0.1906465758273748
686,4,10,150,100,0.1682282387290392
687,4,10,150,100,0.0
688,4,10,150,100,0.13095683635706423
689,4,10,150,100,0.2385743953554933
690,4,10,150,100,0.16279283455141985
691,4,10,150,100,0.13843129503711957
692,4,10,150,100,0.1753901755134814
693,4,10,150,100,0.0
694,4,10,150,100,0.2448812985235888
695,4,10,150,100,0.03629635962013474
696,4,10,150,100,0.06801805429401306
697,4,10,150,100,0.07420531276379336
698,4,10,150,100,0.041937660325009396
699,4,10,150,100,0.11291908148098284
700,4,10,150,100,0.12729890218214104
701,4,10,150,100,0.11497698281480273
702,4,10,150,100,0.037715680681715956
703,4,10,150,100,0.14202859508692728
704,4,10,150,100,0.2916443317855694
705,4,10,150,100,0.24010744298007755
706,4,10,150,100,0.04395738023645723
707,4,10,150,100,0.06313664925364729
708,4,10,150,100,0.12228634424244818
709,4,10,150,100,0.13472082394875662
710,4,10,150,100,0.14089235460888552
711,4,10,150,100,0.18133007201622714
712,4,10,150,100,0.1868282662672289
713,4,10,150,100,0.1468735732232516
714,4,10,150,100,0.03441184191455828
715,4,10,150,100,0.036514965527476226
716,4,10,150,100,0.2791932148765813
717,4,10,150,100,0.09054670163637572
718,4,10,150,100,0.06264632882289006
719,4,10,150,100,0.09883437846193516
720,4,10,150,100,0.0
721,4,10,150,100,0.19572357575351293
722,4,10,150,100,0.06556429791586475
723,4,10,150,100,0.0
724,4,10,150,100,0.0
725,4,10,150,100,0.0
726,4,10,150,100,0.05010834716923557
727,4,10,150,100,0.11737266353647047
728,4,10,150,100,0.09627818061559096
729,4,10,150,100,0.1718665370882412
730,4,10,150,100,0.06936501041167871
731,4,10,150,100,0.14717311932656024
732,4,10,150,100,0.0
733,4,10,150,100,0.15867543784764906
734,4,10,150,100,0.0
735,4,10,150,100,0.021425916234983237
736,4,10,150,100,0.03351972906068008
737,4,10,150,100,0.1138970555583582
738,4,10,150,100,0.13922998739868644
739,4,10,150,100,0.06276777357339133
740,4,10,150,100,0.0
741,4,10,150,100,0.05358697798864893
742,4,10,150,100,0.0842707857576486
743,4,10,150,100,0.09946096543827337
744,4,10,150,100,0.03596673601130318
745,4,10,150,100,0.03520132288421838
746,4,10,150,100,0.25743994347908983
747,4,10,150,100,0.3802756816595704
748,4,10,150,100,0.09621648119325965
749,4,10,150,100,0.13040828860934728
750,4,10,150,100,0.07184731398235064
751,4,10,150,100,0.08554799479006837
752,4,10,150,100,0.04389473417066348
753,4,10,150,100,0.15780803084928155
754,4,10,150,100,0.0
755,4,10,150,100,0.03855371268423985
756,4,10,150,100,0.031104745345423533
757,4,10,150,100,0.049290177659643705
758,4,10,150,100,0.2703091146605845
759,4,10,150,100,0.11006100937916612
760,4,10,150,100,0.03004859059698017
761,4,10,150,100,0.06869287000000811
762,4,10,150,100,0.08807782327857085
763,4,10,150,100,0.05892228941894017
764,4,10,150,100,0.08946696896639536
765,4,10,150,100,0.15066101840234988
766,4,10,150,100,0.0952055175363591
767,4,10,150,100,0.13884445379214724
768,4,10,150,100,0.08438032815655525
769,4,10,150,100,0.0
770,4,10,150,100,0.21464739068424896
771,4,10,150,100,0.32869562799119006
772,4,10,150,100,0.17356150297482983
773,4,10,150,100,0.08696710392235718
774,4,10,150,100,0.04792120202737235
775,4,10,150,100,0.038478285726379145
776,4,10,150,100,0.15403842856019037
777,4,10,150,100,0.0
778,4,10,150,100,0.1631238413472767
779,4,10,150,100,0.0
780,4,10,150,100,0.16315340156822
781,4,10,150,100,0.2016539629141292
782,4,10,150,100,0.03410286253729913
783,4,10,150,100,0.026765490801292216
784,4,10,150,100,0.029814614753779622
785,4,10,150,100,0.0
786,4,10,150,100,0.0
787,4,10,150,100,0.0
788,4,10,150,100,0.1912807105093818
789,4,10,150,100,0.08809718769055445
790,4,10,150,100,0.07521575236197639
791,4,10,150,100,0.04465281017341861
792,4,10,150,100,0.08944329533390502
793,4,10,150,100,0.0
794,4,10,150,100,0.14270855432908344
795,4,10,150,100,0.09641765427262948
796,4,10,150,100,0.2943134769954848
797,4,10,150,100,0.14274635636175825
798,4,10,150,100,0.03829682230535287
799,4,10,150,100,0.030246823655067756
800,4,10,150,100,0.170744663005078
801,4,10,150,100,0.1561471668577559
802,4,10,150,100,0.06960082070980815
803,4,10,150,100,0.10569353498973794
804,4,10,150,100,0.09781770696056047
805,4,10,150,100,0.10784376060623012
806,4,10,150,100,0.2959152150106387
807,4,10,150,100,0.10712329127351711
808,4,10,150,100,0.1025417224926713
809,4,10,150,100,0.10356976056061801
810,4,10,150,100,0.17634899502333787
811,4,10,150,100,0.06806289116376577
812,4,10,150,100,0.09594989011285139
813,4,10,150,100,0.0
814,4,10,150,100,0.034616222155696735
815,4,10,150,100,0.19534267166051425
816,4,10,150,100,0.0
817,4,10,150,100,0.0
818,4,10,150,100,0.05516788910004661
819,4,10,150,100,0.037210602758860095
820,4,10,150,100,0.0787987754690289
821,4,10,150,100,0.302950268110492
822,4,10,150,100,0.05548928785951652
823,4,10,150,100,0.19825193631094293
824,4,10,150,100,0.05046096657376444
825,4,10,150,100,0.10493491431163486
826,4,10,150,100,0.17593166652195671
827,4,10,150,100,0.0
828,4,10,150,100,0.05745618865524075
829,4,10,150,100,0.1751347628439014
830,4,10,150,100,0.22862234433549483
831,4,10,150,100,0.21058943716644085
832,4,10,150,100,0.0
833,4,10,150,100,0.13228104240144775
834,4,10,150,100,0.2706897351446418
835,4,10,150,100,0.24200725865414177
836,4,10,150,100,0.22113373377912962
837,4,10,150,100,0.05665916465450996
838,4,10,150,100,0.27895398740912175
839,4,10,150,100,0.10730655186373157
840,4,10,150,100,0.3448541502377311
841,4,10,150,100,0.06507217400164225
842,4,10,150,100,0.03947561302344988
843,4,10,150,100,0.008167976400118574
844,4,10,150,100,0.0732830709589019
845,4,10,150,100,0.0
846,4,10,150,100,0.31328346478506663
847,4,10,150,100,0.05107153900660915
848,4,10,150,100,0.14492283122720828
849,4,10,150,100,0.07738342520054953
850,4,10,150,100,0.32772847125724697
851,4,10,150,100,0.06520552028363663
852,4,10,150,100,0.26227118260874954
853,4,10,150,100,0.0
854,4,10,150,100,0.09114944994704444
855,4,10,150,100,0.03638796155629422
856,4,10,150,100,0.037110354711564805
857,4,10,150,100,0.0
858,4,10,150,100,0.10250982096838526
859,4,10,150,100,0.05070263548706836
860,4,10,150,100,0.12431618373412671
861,4,10,150,100,0.06460834446248033
862,4,10,150,100,0.2163254959227117
863,4,10,150,100,0.0741818502541766
864,4,10,150,100,0.3499551020016928
865,4,10,150,100,0.11652577583309928
866,4,10,150,100,0.16283687678415507
867,4,10,150,100,0.3018542176875752
868,4,10,150,100,0.16711272206098093
869,4,10,150,100,0.08067880958900249
870,4,10,150,100,0.20292711038771208
871,4,10,150,100,0.07012986265386374
872,4,10,150,100,0.02804794621397926
873,4,10,150,100,0.0
874,4,10,150,100,0.13944914190808633
875,4,10,150,100,0.18639091697355642
876,4,10,150,100,0.08671382849411972
877,4,10,150,100,0.12442964256888475
878,4,10,150,100,0.1706804422753891
879,4,10,150,100,0.03963466998423315
880,4,10,150,100,0.2673838445450095
881,4,10,150,100,0.10531312169554109
882,4,10,150,100,0.2238061440578927
883,4,10,150,100,0.2607746861461108
884,4,10,150,100,0.11407805705099587
885,4,10,150,100,0.04536087033637415
886,4,10,150,100,0.1496010933377443
887,4,10,150,100,0.10214828088611402
888,4,10,150,100,0.11625487663628292
889,4,10,150,100,0.008337846804903291
890,4,10,150,100,0.14811178753282211
891,4,10,150,100,0.10491091696774645
892,4,10,150,100,0.25401830577382656
893,4,10,150,100,0.18312080755059298
894,4,10,150,100,0.08616553821599103
895,4,10,150,100,0.0
896,4,10,150,100,0.23167006606474466
897,4,10,150,100,0.3071672815592065
898,4,10,150,100,0.0
899,4,10,150,100,0.05684415375822261
900,4,10,150,100,0.055315677011973347
901,4,10,150,100,0.23198521014469126
902,4,10,150,100,0.05978585424799658
903,4,10,150,100,0.24651430146847014
904,4,10,150,100,0.026152770438578738
905,4,10,150,100,0.0
906,4,10,150,100,0.10407444169186962
907,4,10,150,100,0.09695955352091559
908,4,10,150,100,0.06892767477436933
909,4,10,150,100,0.02504502208733339
910,4,10,150,100,0.04153284062838295
911,4,10,150,100,0.14690565417489143
912,4,10,150,100,0.1958275913448339
913,4,10,150,100,0.08380195844185999
914,4,10,150,100,0.0
915,4,10,150,100,0.0
916,4,10,150,100,0.20823401742544995
917,4,10,150,100,0.0
918,4,10,150,100,0.05687760265727651
919,4,10,150,100,0.08919552174343603
920,4,10,150,100,0.0
921,4,10,150,100,0.15405864814296488
922,4,10,150,100,0.1280645281724967
923,4,10,150,100,0.04031825574984845
924,4,10,150,100,0.018280262702529162
925,4,10,150,100,0.032527050404589315
926,4,10,150,100,0.0
927,4,10,150,100,0.12527716133750888
928,4,10,150,100,0.1873259908039563
929,4,10,150,100,0.2745526802796698
930,4,10,150,100,0.06059070291394373
931,4,10,150,100,0.08679587898287541
932,4,10,150,100,0.26581896687705886
933,4,10,150,100,0.1488896485926162
934,4,10,150,100,0.10071040486185964
935,4,10,150,100,0.06736351867790671
936,4,10,150,100,0.14594031167660285
937,4,10,150,100,0.030246823655067756
938,4,10,150,100,0.1661428141234511
939,4,10,150,100,0.05398310264851825
940,4,10,150,100,0.10512901138397411
941,4,10,150,100,0.0
942,4,10,150,100,0.1374335766970964
943,4,10,150,100,0.20163692230838232
1,5,10,150,1,1.0
2,5,10,150,1,0.0
3,5,10,150,1,0.0
4,5,10,150,1,0.0
5,5,10,150,1,0.0
6,5,10,150,1,0.0
7,5,10,150,1,0.0
8,5,10,150,1,0.0
9,5,10,150,1,0.0
10,5,10,150,1,0.0
11,5,10,150,1,0.0
12,5,10,150,1,0.0
13,5,10,150,1,1.0
14,5,10,150,1,0.0
15,5,10,150,1,0.0
16,5,10,150,1,0.0
17,5,10,150,1,0.0
18,5,10,150,1,0.0
19,5,10,150,1,0.0
20,5,10,150,1,0.0
21,5,10,150,1,0.0
22,5,10,150,1,0.0
23,5,10,150,1,0.0
24,5,10,150,1,0.0
25,5,10,150,1,0.0
26,5,10,150,1,0.0
27,5,10,150,1,0.0
28,5,10,150,1,0.0
30,5,10,150,1,0.0
31,5,10,150,1,0.0
32,5,10,150,1,0.0
33,5,10,150,1,0.0
34,5,10,150,1,0.0
35,5,10,150,1,0.0
37,5,10,150,1,0.0
38,5,10,150,1,0.0
39,5,10,150,1,0.0
40,5,10,150,1,0.0
41,5,10,150,1,0.0
42,5,10,150,1,0.0
43,5,10,150,1,0.0
44,5,10,150,1,0.0
45,5,10,150,1,0.0
46,5,10,150,1,0.0
47,5,10,150,1,0.0
48,5,10,150,1,0.0
49,5,10,150,1,0.0
52,5,10,150,1,0.0
53,5,10,150,1,0.0
54,5,10,150,1,0.0
55,5,10,150,1,0.0
56,5,10,150,1,0.0
57,5,10,150,1,0.0
58,5,10,150,1,1.0
59,5,10,150,1,1.0
60,5,10,150,1,0.0
61,5,10,150,1,0.0
62,5,10,150,1,0.0
63,5,10,150,1,0.0
64,5,10,150,1,0.0
65,5,10,150,1,0.0
66,5,10,150,1,0.0
67,5,10,150,1,0.0
68,5,10,150,1,0.0
69,5,10,150,1,0.0
70,5,10,150,1,0.0
71,5,10,150,1,0.0
72,5,10,150,1,0.0
73,5,10,150,1,0.0
74,5,10,150,1,0.0
75,5,10,150,1,0.0
76,5,10,150,1,0.0
77,5,10,150,1,0.0
78,5,10,150,1,0.0
79,5,10,150,1,0.0
80,5,10,150,1,0.0
81,5,10,150,1,0.0
82,5,10,150,1,0.0
83,5,10,150,1,0.0
84,5,10,150,1,0.0
85,5,10,150,1,0.0
86,5,10,150,1,0.0
87,5,10,150,1,0.0
88,5,10,150,1,0.0
89,5,10,150,1,0.0
90,5,10,150,1,0.0
91,5,10,150,1,0.0
92,5,10,150,1,0.0
93,5,10,150,1,0.0
94,5,10,150,1,0.0
95,5,10,150,1,0.0
96,5,10,150,1,0.0
97,5,10,150,1,0.0
98,5,10,150,1,0.0
99,5,10,150,1,0.0
100,5,10,150,1,0.0
101,5,10,150,1,0.0
102,5,10,150,1,0.0
103,5,10,150,1,0.0
104,5,10,150,1,1.0
105,5,10,150,1,0.0
106,5,10,150,1,0.0
107,5,10,150,1,0.0
109,5,10,150,1,0.0
110,5,10,150,1,0.0
111,5,10,150,1,0.0
112,5,10,150,1,0.0
113,5,10,150,1,0.0
114,5,10,150,1,0.0
115,5,10,150,1,0.0
116,5,10,150,1,0.0
117,5,10,150,1,0.0
118,5,10,150,1,0.0
119,5,10,150,1,0.0
120,5,10,150,1,0.0
121,5,10,150,1,0.0
122,5,10,150,1,0.0
123,5,10,150,1,0.0
124,5,10,150,1,0.0
125,5,10,150,1,0.0
126,5,10,150,1,0.0
128,5,10,150,1,0.0
129,5,10,150,1,0.0
130,5,10,150,1,0.0
131,5,10,150,1,0.0
132,5,10,150,1,0.0
133,5,10,150,1,0.0
134,5,10,150,1,0.0
135,5,10,150,1,0.0
136,5,10,150,1,0.0
137,5,10,150,1,0.0
138,5,10,150,1,0.0
139,5,10,150,1,0.0
140,5,10,150,1,0.0
141,5,10,150,1,0.0
142,5,10,150,1,0.0
143,5,10,150,1,0.0
144,5,10,150,1,0.0
145,5,10,150,1,0.0
146,5,10,150,1,0.0
147,5,10,150,1,0.0
148,5,10,150,1,0.0
149,5,10,150,1,0.0
150,5,10,150,1,0.0
151,5,10,150,1,0.0
152,5,10,150,1,0.0
153,5,10,150,1,0.0
154,5,10,150,1,0.0
155,5,10,150,1,0.0
156,5,10,150,1,0.0
157,5,10,150,1,0.0
158,5,10,150,1,0.0
159,5,10,150,1,1.0
160,5,10,150,1,0.0
161,5,10,150,1,0.0
162,5,10,150,1,0.0
163,5,10,150,1,0.0
164,5,10,150,1,0.0
165,5,10,150,1,0.0
167,5,10,150,1,0.0
168,5,10,150,1,0.0
169,5,10,150,1,0.0
170,5,10,150,1,0.0
171,5,10,150,1,0.0
173,5,10,150,1,0.0
174,5,10,150,1,0.0
175,5,10,150,1,0.0
176,5,10,150,1,0.0
177,5,10,150,1,1.0
178,5,10,150,1,0.0
179,5,10,150,1,0.0
180,5,10,150,1,0.0
181,5,10,150,1,0.0
182,5,10,150,1,0.0
183,5,10,150,1,0.0
184,5,10,150,1,0.0
185,5,10,150,1,0.0
186,5,10,150,1,0.0
187,5,10,150,1,0.0
188,5,10,150,1,0.0
189,5,10,150,1,0.0
190,5,10,150,1,0.0
192,5,10,150,1,0.0
193,5,10,150,1,0.0
194,5,10,150,1,0.0
195,5,10,150,1,0.0
196,5,10,150,1,0.0
197,5,10,150,1,0.0
198,5,10,150,1,0.0
199,5,10,150,1,0.0
200,5,10,150,1,0.0
201,5,10,150,1,0.0
202,5,10,150,1,0.0
203,5,10,150,1,0.0
204,5,10,150,1,0.0
205,5,10,150,1,0.0
206,5,10,150,1,0.0
207,5,10,150,1,0.0
208,5,10,150,1,0.0
209,5,10,150,1,0.0
210,5,10,150,1,0.0
211,5,10,150,1,0.0
213,5,10,150,1,0.0
214,5,10,150,1,0.0
216,5,10,150,1,1.0
217,5,10,150,1,0.0
218,5,10,150,1,0.0
219,5,10,150,1,0.0
221,5,10,150,1,0.0
222,5,10,150,1,0.0
223,5,10,150,1,0.0
224,5,10,150,1,0.0
225,5,10,150,1,0.0
226,5,10,150,1,0.0
227,5,10,150,1,0.0
228,5,10,150,1,0.0
229,5,10,150,1,0.0
230,5,10,150,1,0.0
231,5,10,150,1,0.0
232,5,10,150,1,0.0
233,5,10,150,1,0.0
234,5,10,150,1,0.0
235,5,10,150,1,0.0
236,5,10,150,1,0.0
237,5,10,150,1,0.0
238,5,10,150,1,0.0
239,5,10,150,1,0.0
240,5,10,150,1,0.0
241,5,10,150,1,0.0
242,5,10,150,1,0.0
243,5,10,150,1,0.0
244,5,10,150,1,0.0
245,5,10,150,1,0.0
246,5,10,150,1,0.0
247,5,10,150,1,0.0
248,5,10,150,1,0.0
249,5,10,150,1,0.0
250,5,10,150,1,0.0
251,5,10,150,1,0.0
252,5,10,150,1,0.0
253,5,10,150,1,0.0
254,5,10,150,1,0.0
255,5,10,150,1,0.0
256,5,10,150,1,0.0
257,5,10,150,1,0.0
258,5,10,150,1,0.0
259,5,10,150,1,0.0
260,5,10,150,1,0.0
261,5,10,150,1,0.0
262,5,10,150,1,0.0
263,5,10,150,1,0.0
264,5,10,150,1,0.0
265,5,10,150,1,0.0
266,5,10,150,1,0.0
267,5,10,150,1,0.0
268,5,10,150,1,0.0
269,5,10,150,1,0.0
270,5,10,150,1,0.0
271,5,10,150,1,0.0
272,5,10,150,1,0.0
273,5,10,150,1,0.0
274,5,10,150,1,0.0
275,5,10,150,1,0.0
276,5,10,150,1,1.0
277,5,10,150,1,0.0
278,5,10,150,1,0.0
279,5,10,150,1,0.0
280,5,10,150,1,1.0
281,5,10,150,1,0.0
282,5,10,150,1,0.0
283,5,10,150,1,0.0
284,5,10,150,1,0.0
285,5,10,150,1,0.0
286,5,10,150,1,0.0
287,5,10,150,1,0.0
288,5,10,150,1,0.0
289,5,10,150,1,0.0
290,5,10,150,1,0.0
291,5,10,150,1,0.0
292,5,10,150,1,0.0
293,5,10,150,1,0.0
294,5,10,150,1,0.0
295,5,10,150,1,0.0
296,5,10,150,1,0.0
297,5,10,150,1,0.0
298,5,10,150,1,0.0
299,5,10,150,1,0.0
300,5,10,150,1,0.0
301,5,10,150,1,0.0
302,5,10,150,1,0.0
303,5,10,150,1,0.0
304,5,10,150,1,0.0
305,5,10,150,1,0.0
306,5,10,150,1,0.0
307,5,10,150,1,0.0
308,5,10,150,1,0.0
310,5,10,150,1,0.0
311,5,10,150,1,0.0
312,5,10,150,1,0.0
313,5,10,150,1,0.0
314,5,10,150,1,0.0
315,5,10,150,1,0.0
316,5,10,150,1,0.0
317,5,10,150,1,0.0
318,5,10,150,1,0.0
319,5,10,150,1,0.0
320,5,10,150,1,0.0
321,5,10,150,1,0.0
322,5,10,150,1,0.0
323,5,10,150,1,0.0
324,5,10,150,1,0.0
325,5,10,150,1,0.0
326,5,10,150,1,0.0
327,5,10,150,1,0.0
328,5,10,150,1,0.0
329,5,10,150,1,0.0
330,5,10,150,1,0.0
331,5,10,150,1,0.0
332,5,10,150,1,0.0
334,5,10,150,1,0.0
335,5,10,150,1,0.0
336,5,10,150,1,0.0
337,5,10,150,1,0.0
338,5,10,150,1,0.0
339,5,10,150,1,0.0
340,5,10,150,1,0.0
341,5,10,150,1,0.0
342,5,10,150,1,1.0
343,5,10,150,1,0.0
344,5,10,150,1,0.0
345,5,10,150,1,0.0
346,5,10,150,1,0.0
347,5,10,150,1,1.0
348,5,10,150,1,0.0
349,5,10,150,1,0.0
350,5,10,150,1,0.0
351,5,10,150,1,0.0
352,5,10,150,1,0.0
353,5,10,150,1,0.0
354,5,10,150,1,0.0
355,5,10,150,1,0.0
356,5,10,150,1,0.0
357,5,10,150,1,0.0
358,5,10,150,1,0.0
359,5,10,150,1,0.0
360,5,10,150,1,0.0
361,5,10,150,1,0.0
362,5,10,150,1,0.0
363,5,10,150,1,0.0
364,5,10,150,1,0.0
365,5,10,150,1,0.0
366,5,10,150,1,0.0
367,5,10,150,1,0.0
368,5,10,150,1,0.0
369,5,10,150,1,0.0
370,5,10,150,1,0.0
371,5,10,150,1,0.0
372,5,10,150,1,0.0
373,5,10,150,1,0.0
374,5,10,150,1,0.0
375,5,10,150,1,0.0
376,5,10,150,1,0.0
377,5,10,150,1,0.0
378,5,10,150,1,1.0
379,5,10,150,1,0.0
380,5,10,150,1,0.0
381,5,10,150,1,0.0
382,5,10,150,1,0.0
383,5,10,150,1,0.0
384,5,10,150,1,0.0
385,5,10,150,1,0.0
386,5,10,150,1,0.0
387,5,10,150,1,0.0
388,5,10,150,1,0.0
389,5,10,150,1,0.0
390,5,10,150,1,0.0
391,5,10,150,1,0.0
392,5,10,150,1,0.0
393,5,10,150,1,0.0
394,5,10,150,1,0.0
395,5,10,150,1,0.0
396,5,10,150,1,0.0
397,5,10,150,1,0.0
398,5,10,150,1,1.0
399,5,10,150,1,0.0
400,5,10,150,1,0.0
401,5,10,150,1,0.0
402,5,10,150,1,0.0
403,5,10,150,1,1.0
404,5,10,150,1,0.0
405,5,10,150,1,0.0
406,5,10,150,1,0.0
407,5,10,150,1,0.0
408,5,10,150,1,0.0
409,5,10,150,1,0.0
410,5,10,150,1,0.0
411,5,10,150,1,0.0
412,5,10,150,1,0.0
413,5,10,150,1,0.0
414,5,10,150,1,0.0
415,5,10,150,1,0.0
416,5,10,150,1,0.0
417,5,10,150,1,0.0
419,5,10,150,1,1.0
420,5,10,150,1,0.0
421,5,10,150,1,0.0
422,5,10,150,1,0.0
423,5,10,150,1,0.0
424,5,10,150,1,0.0
425,5,10,150,1,0.0
426,5,10,150,1,0.0
427,5,10,150,1,0.0
428,5,10,150,1,0.0
429,5,10,150,1,0.0
430,5,10,150,1,0.0
431,5,10,150,1,0.0
432,5,10,150,1,0.0
433,5,10,150,1,0.0
434,5,10,150,1,1.0
435,5,10,150,1,0.0
436,5,10,150,1,0.0
437,5,10,150,1,0.0
438,5,10,150,1,0.0
439,5,10,150,1,0.0
440,5,10,150,1,0.0
441,5,10,150,1,0.0
442,5,10,150,1,0.0
443,5,10,150,1,0.0
445,5,10,150,1,0.0
446,5,10,150,1,0.0
447,5,10,150,1,0.0
448,5,10,150,1,0.0
449,5,10,150,1,0.0
450,5,10,150,1,0.0
451,5,10,150,1,0.0
452,5,10,150,1,0.0
453,5,10,150,1,0.0
454,5,10,150,1,0.0
455,5,10,150,1,0.0
456,5,10,150,1,0.0
457,5,10,150,1,1.0
458,5,10,150,1,0.0
459,5,10,150,1,0.0
460,5,10,150,1,0.0
461,5,10,150,1,0.0
462,5,10,150,1,0.0
463,5,10,150,1,0.0
464,5,10,150,1,0.0
465,5,10,150,1,0.0
466,5,10,150,1,0.0
467,5,10,150,1,0.0
468,5,10,150,1,1.0
469,5,10,150,1,0.0
470,5,10,150,1,0.0
471,5,10,150,1,0.0
472,5,10,150,1,0.0
473,5,10,150,1,0.0
474,5,10,150,1,1.0
475,5,10,150,1,0.0
476,5,10,150,1,0.0
477,5,10,150,1,0.0
478,5,10,150,1,0.0
479,5,10,150,1,0.0
480,5,10,150,1,0.0
481,5,10,150,1,0.0
482,5,10,150,1,0.0
483,5,10,150,1,0.0
484,5,10,150,1,0.0
485,5,10,150,1,0.0
486,5,10,150,1,0.0
487,5,10,150,1,0.0
488,5,10,150,1,0.0
489,5,10,150,1,0.0
490,5,10,150,1,0.0
491,5,10,150,1,0.0
492,5,10,150,1,0.0
493,5,10,150,1,0.0
494,5,10,150,1,0.0
495,5,10,150,1,1.0
496,5,10,150,1,0.0
497,5,10,150,1,0.0
498,5,10,150,1,0.0
499,5,10,150,1,0.0
500,5,10,150,1,0.0
501,5,10,150,1,0.0
502,5,10,150,1,0.0
503,5,10,150,1,0.0
504,5,10,150,1,0.0
505,5,10,150,1,0.0
506,5,10,150,1,0.0
507,5,10,150,1,0.0
508,5,10,150,1,0.0
509,5,10,150,1,0.0
510,5,10,150,1,0.0
511,5,10,150,1,0.0
512,5,10,150,1,0.0
513,5,10,150,1,0.0
514,5,10,150,1,0.0
515,5,10,150,1,0.0
516,5,10,150,1,0.0
517,5,10,150,1,0.0
518,5,10,150,1,0.0
519,5,10,150,1,0.0
520,5,10,150,1,0.0
521,5,10,150,1,0.0
522,5,10,150,1,0.0
523,5,10,150,1,0.0
524,5,10,150,1,0.0
525,5,10,150,1,0.0
526,5,10,150,1,0.0
527,5,10,150,1,0.0
528,5,10,150,1,0.0
529,5,10,150,1,0.0
530,5,10,150,1,0.0
531,5,10,150,1,0.0
532,5,10,150,1,0.0
533,5,10,150,1,0.0
534,5,10,150,1,0.0
535,5,10,150,1,0.0
536,5,10,150,1,1.0
537,5,10,150,1,1.0
538,5,10,150,1,0.0
539,5,10,150,1,0.0
540,5,10,150,1,0.0
541,5,10,150,1,0.0
542,5,10,150,1,1.0
543,5,10,150,1,0.0
544,5,10,150,1,0.0
545,5,10,150,1,0.0
546,5,10,150,1,0.0
547,5,10,150,1,0.0
548,5,10,150,1,0.0
549,5,10,150,1,0.0
550,5,10,150,1,0.0
551,5,10,150,1,1.0
552,5,10,150,1,0.0
553,5,10,150,1,0.0
554,5,10,150,1,0.0
555,5,10,150,1,0.0
556,5,10,150,1,0.0
557,5,10,150,1,0.0
558,5,10,150,1,0.0
559,5,10,150,1,0.0
560,5,10,150,1,0.0
561,5,10,150,1,0.0
562,5,10,150,1,0.0
563,5,10,150,1,0.0
564,5,10,150,1,0.0
565,5,10,150,1,0.0
566,5,10,150,1,0.0
567,5,10,150,1,0.0
568,5,10,150,1,0.0
569,5,10,150,1,0.0
570,5,10,150,1,0.0
571,5,10,150,1,0.0
572,5,10,150,1,0.0
573,5,10,150,1,0.0
574,5,10,150,1,0.0
575,5,10,150,1,0.0
576,5,10,150,1,0.0
577,5,10,150,1,0.0
578,5,10,150,1,0.0
579,5,10,150,1,0.0
580,5,10,150,1,0.0
581,5,10,150,1,0.0
582,5,10,150,1,0.0
583,5,10,150,1,0.0
584,5,10,150,1,0.0
585,5,10,150,1,0.0
586,5,10,150,1,0.0
587,5,10,150,1,0.0
588,5,10,150,1,1.0
589,5,10,150,1,0.0
590,5,10,150,1,0.0
591,5,10,150,1,1.0
592,5,10,150,1,0.0
593,5,10,150,1,1.0
594,5,10,150,1,0.0
595,5,10,150,1,0.0
596,5,10,150,1,0.0
597,5,10,150,1,0.0
598,5,10,150,1,0.0
599,5,10,150,1,0.0
600,5,10,150,1,0.0
601,5,10,150,1,0.0
602,5,10,150,1,0.0
603,5,10,150,1,0.0
604,5,10,150,1,0.0
605,5,10,150,1,0.0
606,5,10,150,1,0.0
607,5,10,150,1,0.0
608,5,10,150,1,0.0
609,5,10,150,1,0.0
610,5,10,150,1,0.0
611,5,10,150,1,0.0
612,5,10,150,1,0.0
613,5,10,150,1,0.0
614,5,10,150,1,0.0
615,5,10,150,1,0.0
616,5,10,150,1,0.0
617,5,10,150,1,0.0
618,5,10,150,1,0.0
619,5,10,150,1,0.0
620,5,10,150,1,0.0
621,5,10,150,1,1.0
622,5,10,150,1,0.0
623,5,10,150,1,0.0
624,5,10,150,1,0.0
625,5,10,150,1,0.0
626,5,10,150,1,0.0
627,5,10,150,1,0.0
628,5,10,150,1,0.0
629,5,10,150,1,0.0
630,5,10,150,1,0.0
631,5,10,150,1,0.0
632,5,10,150,1,1.0
633,5,10,150,1,0.0
634,5,10,150,1,0.0
635,5,10,150,1,0.0
636,5,10,150,1,0.0
637,5,10,150,1,0.0
638,5,10,150,1,0.0
639,5,10,150,1,0.0
640,5,10,150,1,0.0
641,5,10,150,1,0.0
642,5,10,150,1,0.0
643,5,10,150,1,0.0
644,5,10,150,1,0.0
645,5,10,150,1,0.0
646,5,10,150,1,0.0
647,5,10,150,1,0.0
648,5,10,150,1,0.0
649,5,10,150,1,0.0
650,5,10,150,1,0.0
651,5,10,150,1,0.0
652,5,10,150,1,0.0
653,5,10,150,1,0.0
654,5,10,150,1,1.0
655,5,10,150,1,0.0
656,5,10,150,1,0.0
657,5,10,150,1,0.0
658,5,10,150,1,0.0
659,5,10,150,1,0.0
660,5,10,150,1,0.0
661,5,10,150,1,0.0
662,5,10,150,1,0.0
663,5,10,150,1,0.0
664,5,10,150,1,0.0
665,5,10,150,1,0.0
666,5,10,150,1,1.0
667,5,10,150,1,1.0
668,5,10,150,1,0.0
669,5,10,150,1,1.0
670,5,10,150,1,0.0
671,5,10,150,1,0.0
672,5,10,150,1,0.0
673,5,10,150,1,0.0
674,5,10,150,1,0.0
675,5,10,150,1,0.0
676,5,10,150,1,0.0
677,5,10,150,1,0.0
678,5,10,150,1,0.0
679,5,10,150,1,0.0
680,5,10,150,1,1.0
681,5,10,150,1,0.0
682,5,10,150,1,0.0
683,5,10,150,1,0.0
684,5,10,150,1,0.0
685,5,10,150,1,0.0
686,5,10,150,1,0.0
687,5,10,150,1,0.0
688,5,10,150,1,0.0
689,5,10,150,1,1.0
690,5,10,150,1,0.0
691,5,10,150,1,0.0
692,5,10,150,1,0.0
693,5,10,150,1,0.0
694,5,10,150,1,0.0
695,5,10,150,1,0.0
696,5,10,150,1,0.0
697,5,10,150,1,0.0
698,5,10,150,1,1.0
699,5,10,150,1,0.0
700,5,10,150,1,0.0
701,5,10,150,1,0.0
702,5,10,150,1,0.0
703,5,10,150,1,0.0
704,5,10,150,1,0.0
705,5,10,150,1,0.0
706,5,10,150,1,0.0
707,5,10,150,1,0.0
708,5,10,150,1,0.0
709,5,10,150,1,0.0
710,5,10,150,1,0.0
711,5,10,150,1,0.0
712,5,10,150,1,0.0
713,5,10,150,1,0.0
714,5,10,150,1,0.0
715,5,10,150,1,0.0
716,5,10,150,1,0.0
717,5,10,150,1,0.0
718,5,10,150,1,0.0
719,5,10,150,1,0.0
720,5,10,150,1,0.0
721,5,10,150,1,1.0
722,5,10,150,1,0.0
723,5,10,150,1,0.0
724,5,10,150,1,0.0
725,5,10,150,1,0.0
726,5,10,150,1,1.0
727,5,10,150,1,0.0
728,5,10,150,1,0.0
729,5,10,150,1,0.0
730,5,10,150,1,0.0
731,5,10,150,1,0.0
732,5,10,150,1,0.0
733,5,10,150,1,0.0
734,5,10,150,1,0.0
735,5,10,150,1,0.0
736,5,10,150,1,0.0
737,5,10,150,1,0.0
738,5,10,150,1,1.0
739,5,10,150,1,0.0
740,5,10,150,1,0.0
741,5,10,150,1,0.0
742,5,10,150,1,0.0
743,5,10,150,1,0.0
744,5,10,150,1,0.0
745,5,10,150,1,1.0
746,5,10,150,1,0.0
747,5,10,150,1,1.0
748,5,10,150,1,1.0
749,5,10,150,1,0.0
750,5,10,150,1,0.0
751,5,10,150,1,0.0
752,5,10,150,1,0.0
753,5,10,150,1,0.0
754,5,10,150,1,0.0
755,5,10,150,1,0.0
756,5,10,150,1,0.0
757,5,10,150,1,0.0
758,5,10,150,1,0.0
759,5,10,150,1,0.0
760,5,10,150,1,0.0
761,5,10,150,1,0.0
762,5,10,150,1,0.0
763,5,10,150,1,0.0
764,5,10,150,1,0.0
765,5,10,150,1,0.0
766,5,10,150,1,0.0
767,5,10,150,1,1.0
768,5,10,150,1,0.0
769,5,10,150,1,0.0
770,5,10,150,1,0.0
771,5,10,150,1,0.0
772,5,10,150,1,0.0
773,5,10,150,1,0.0
774,5,10,150,1,0.0
775,5,10,150,1,0.0
776,5,10,150,1,0.0
777,5,10,150,1,0.0
778,5,10,150,1,0.0
779,5,10,150,1,0.0
780,5,10,150,1,0.0
781,5,10,150,1,0.0
782,5,10,150,1,0.0
783,5,10,150,1,0.0
784,5,10,150,1,0.0
785,5,10,150,1,0.0
786,5,10,150,1,0.0
787,5,10,150,1,0.0
788,5,10,150,1,1.0
789,5,10,150,1,0.0
790,5,10,150,1,0.0
791,5,10,150,1,0.0
792,5,10,150,1,0.0
793,5,10,150,1,0.0
794,5,10,150,1,0.0
795,5,10,150,1,1.0
796,5,10,150,1,0.0
797,5,10,150,1,0.0
798,5,10,150,1,0.0
799,5,10,150,1,0.0
800,5,10,150,1,0.0
801,5,10,150,1,0.0
802,5,10,150,1,0.0
803,5,10,150,1,0.0
804,5,10,150,1,0.0
805,5,10,150,1,0.0
806,5,10,150,1,0.0
807,5,10,150,1,0.0
808,5,10,150,1,0.0
809,5,10,150,1,0.0
810,5,10,150,1,0.0
811,5,10,150,1,0.0
812,5,10,150,1,0.0
813,5,10,150,1,0.0
814,5,10,150,1,0.0
815,5,10,150,1,1.0
816,5,10,150,1,0.0
817,5,10,150,1,0.0
818,5,10,150,1,0.0
819,5,10,150,1,0.0
820,5,10,150,1,0.0
821,5,10,150,1,0.0
822,5,10,150,1,0.0
823,5,10,150,1,0.0
824,5,10,150,1,0.0
825,5,10,150,1,0.0
826,5,10,150,1,0.0
827,5,10,150,1,0.0
828,5,10,150,1,0.0
829,5,10,150,1,0.0
830,5,10,150,1,0.0
831,5,10,150,1,0.0
832,5,10,150,1,0.0
833,5,10,150,1,0.0
834,5,10,150,1,0.0
835,5,10,150,1,0.0
836,5,10,150,1,0.0
837,5,10,150,1,0.0
838,5,10,150,1,0.0
839,5,10,150,1,0.0
840,5,10,150,1,0.0
841,5,10,150,1,0.0
842,5,10,150,1,0.0
843,5,10,150,1,0.0
844,5,10,150,1,0.0
845,5,10,150,1,0.0
846,5,10,150,1,0.0
847,5,10,150,1,0.0
848,5,10,150,1,0.0
849,5,10,150,1,0.0
850,5,10,150,1,0.0
851,5,10,150,1,1.0
852,5,10,150,1,0.0
853,5,10,150,1,0.0
854,5,10,150,1,0.0
855,5,10,150,1,0.0
856,5,10,150,1,0.0
857,5,10,150,1,0.0
858,5,10,150,1,0.0
859,5,10,150,1,0.0
860,5,10,150,1,0.0
861,5,10,150,1,0.0
862,5,10,150,1,0.0
863,5,10,150,1,0.0
864,5,10,150,1,0.0
865,5,10,150,1,0.0
866,5,10,150,1,0.0
867,5,10,150,1,1.0
868,5,10,150,1,0.0
869,5,10,150,1,0.0
870,5,10,150,1,0.0
871,5,10,150,1,0.0
872,5,10,150,1,0.0
873,5,10,150,1,0.0
874,5,10,150,1,0.0
875,5,10,150,1,0.0
876,5,10,150,1,0.0
877,5,10,150,1,0.0
878,5,10,150,1,0.0
879,5,10,150,1,0.0
880,5,10,150,1,1.0
881,5,10,150,1,1.0
882,5,10,150,1,1.0
883,5,10,150,1,0.0
884,5,10,150,1,0.0
885,5,10,150,1,0.0
886,5,10,150,1,1.0
887,5,10,150,1,0.0
888,5,10,150,1,0.0
889,5,10,150,1,1.0
890,5,10,150,1,1.0
891,5,10,150,1,0.0
892,5,10,150,1,1.0
893,5,10,150,1,0.0
894,5,10,150,1,0.0
895,5,10,150,1,0.0
896,5,10,150,1,1.0
897,5,10,150,1,0.0
898,5,10,150,1,0.0
899,5,10,150,1,1.0
900,5,10,150,1,0.0
901,5,10,150,1,1.0
902,5,10,150,1,0.0
903,5,10,150,1,1.0
904,5,10,150,1,0.0
905,5,10,150,1,0.0
906,5,10,150,1,0.0
907,5,10,150,1,1.0
908,5,10,150,1,0.0
909,5,10,150,1,0.0
910,5,10,150,1,0.0
911,5,10,150,1,0.0
912,5,10,150,1,0.0
913,5,10,150,1,0.0
914,5,10,150,1,0.0
915,5,10,150,1,0.0
916,5,10,150,1,1.0
917,5,10,150,1,0.0
918,5,10,150,1,0.0
919,5,10,150,1,0.0
920,5,10,150,1,0.0
921,5,10,150,1,0.0
922,5,10,150,1,0.0
923,5,10,150,1,0.0
924,5,10,150,1,0.0
925,5,10,150,1,0.0
926,5,10,150,1,0.0
927,5,10,150,1,0.0
928,5,10,150,1,0.0
929,5,10,150,1,0.0
930,5,10,150,1,0.0
931,5,10,150,1,0.0
932,5,10,150,1,1.0
933,5,10,150,1,0.0
934,5,10,150,1,0.0
935,5,10,150,1,0.0
936,5,10,150,1,1.0
937,5,10,150,1,0.0
938,5,10,150,1,0.0
939,5,10,150,1,0.0
940,5,10,150,1,0.0
941,5,10,150,1,1.0
942,5,10,150,1,0.0
943,5,10,150,1,1.0
1,5,10,150,2,1.0
2,5,10,150,2,0.0
3,5,10,150,2,0.0
4,5,10,150,2,0.0
5,5,10,150,2,0.0
6,5,10,150,2,0.0
7,5,10,150,2,0.0
8,5,10,150,2,0.0
9,5,10,150,2,0.0
10,5,10,150,2,0.38685280723454163
11,5,10,150,2,0.0
12,5,10,150,2,0.0
13,5,10,150,2,1.0
14,5,10,150,2,0.0
15,5,10,150,2,0.0
16,5,10,150,2,0.0
17,5,10,150,2,0.0
18,5,10,150,2,0.0
19,5,10,150,2,0.0
20,5,10,150,2,0.0
21,5,10,150,2,0.38685280723454163
22,5,10,150,2,0.0
23,5,10,150,2,0.0
24,5,10,150,2,0.0
25,5,10,150,2,0.0
26,5,10,150,2,0.0
27,5,10,150,2,0.0
28,5,10,150,2,0.0
30,5,10,150,2,0.0
31,5,10,150,2,0.0
32,5,10,150,2,0.0
33,5,10,150,2,0.0
34,5,10,150,2,0.0
35,5,10,150,2,0.0
37,5,10,150,2,0.0
38,5,10,150,2,0.0
39,5,10,150,2,0.0
40,5,10,150,2,0.0
41,5,10,150,2,0.0
42,5,10,150,2,0.0
43,5,10,150,2,0.0
44,5,10,150,2,0.0
45,5,10,150,2,0.0
46,5,10,150,2,0.0
47,5,10,150,2,0.0
48,5,10,150,2,0.0
49,5,10,150,2,0.0
52,5,10,150,2,0.0
53,5,10,150,2,0.0
54,5,10,150,2,0.0
55,5,10,150,2,0.0
56,5,10,150,2,0.38685280723454163
57,5,10,150,2,0.0
58,5,10,150,2,0.6131471927654584
59,5,10,150,2,0.6131471927654584
60,5,10,150,2,0.0
61,5,10,150,2,0.0
62,5,10,150,2,0.38685280723454163
63,5,10,150,2,0.0
64,5,10,150,2,0.0
65,5,10,150,2,0.0
66,5,10,150,2,0.0
67,5,10,150,2,0.0
68,5,10,150,2,0.0
69,5,10,150,2,0.0
70,5,10,150,2,0.0
71,5,10,150,2,0.0
72,5,10,150,2,0.0
73,5,10,150,2,0.0
74,5,10,150,2,0.0
75,5,10,150,2,0.0
76,5,10,150,2,0.0
77,5,10,150,2,0.0
78,5,10,150,2,0.0
79,5,10,150,2,0.0
80,5,10,150,2,0.0
81,5,10,150,2,0.0
82,5,10,150,2,0.0
83,5,10,150,2,0.0
84,5,10,150,2,0.0
85,5,10,150,2,0.0
86,5,10,150,2,0.0
87,5,10,150,2,0.0
88,5,10,150,2,0.0
89,5,10,150,2,0.0
90,5,10,150,2,0.0
91,5,10,150,2,0.0
92,5,10,150,2,0.0
93,5,10,150,2,0.0
94,5,10,150,2,0.0
95,5,10,150,2,0.0
96,5,10,150,2,0.0
97,5,10,150,2,0.0
98,5,10,150,2,0.0
99,5,10,150,2,0.0
100,5,10,150,2,0.0
101,5,10,150,2,0.0
102,5,10,150,2,0.0
103,5,10,150,2,0.0
104,5,10,150,2,0.6131471927654584
105,5,10,150,2,0.0
106,5,10,150,2,0.0
107,5,10,150,2,0.0
109,5,10,150,2,0.0
110,5,10,150,2,0.0
111,5,10,150,2,0.0
112,5,10,150,2,0.0
113,5,10,150,2,0.0
114,5,10,150,2,0.0
115,5,10,150,2,0.0
116,5,10,150,2,0.0
117,5,10,150,2,0.0
118,5,10,150,2,0.0
119,5,10,150,2,0.0
120,5,10,150,2,0.0
121,5,10,150,2,0.0
122,5,10,150,2,0.0
123,5,10,150,2,0.0
124,5,10,150,2,0.0
125,5,10,150,2,0.0
126,5,10,150,2,0.0
128,5,10,150,2,0.0
129,5,10,150,2,0.0
130,5,10,150,2,0.38685280723454163
131,5,10,150,2,0.0
132,5,10,150,2,0.0
133,5,10,150,2,0.0
134,5,10,150,2,0.0
135,5,10,150,2,0.0
136,5,10,150,2,0.0
137,5,10,150,2,0.0
138,5,10,150,2,0.0
139,5,10,150,2,0.0
140,5,10,150,2,0.0
141,5,10,150,2,0.0
142,5,10,150,2,0.0
143,5,10,150,2,0.0
144,5,10,150,2,0.0
145,5,10,150,2,0.0
146,5,10,150,2,0.0
147,5,10,150,2,0.0
148,5,10,150,2,0.0
149,5,10,150,2,0.0
150,5,10,150,2,0.0
151,5,10,150,2,0.0
152,5,10,150,2,0.0
153,5,10,150,2,0.0
154,5,10,150,2,0.0
155,5,10,150,2,0.0
156,5,10,150,2,0.0
157,5,10,150,2,0.0
158,5,10,150,2,0.0
159,5,10,150,2,0.6131471927654584
160,5,10,150,2,0.38685280723454163
161,5,10,150,2,0.0
162,5,10,150,2,0.0
163,5,10,150,2,0.0
164,5,10,150,2,0.0
165,5,10,150,2,0.0
167,5,10,150,2,0.0
168,5,10,150,2,0.0
169,5,10,150,2,0.0
170,5,10,150,2,0.0
171,5,10,150,2,0.0
173,5,10,150,2,0.0
174,5,10,150,2,0.0
175,5,10,150,2,0.0
176,5,10,150,2,0.0
177,5,10,150,2,0.6131471927654584
178,5,10,150,2,0.0
179,5,10,150,2,0.0
180,5,10,150,2,0.0
181,5,10,150,2,0.0
182,5,10,150,2,0.0
183,5,10,150,2,0.0
184,5,10,150,2,0.0
185,5,10,150,2,0.0
186,5,10,150,2,0.0
187,5,10,150,2,0.0
188,5,10,150,2,0.0
189,5,10,150,2,0.0
190,5,10,150,2,0.0
192,5,10,150,2,0.0
193,5,10,150,2,0.0
194,5,10,150,2,0.0
195,5,10,150,2,0.0
196,5,10,150,2,0.0
197,5,10,150,2,0.0
198,5,10,150,2,0.0
199,5,10,150,2,0.0
200,5,10,150,2,0.0
201,5,10,150,2,0.0
202,5,10,150,2,0.0
203,5,10,150,2,0.0
204,5,10,150,2,0.0
205,5,10,150,2,0.0
206,5,10,150,2,0.0
207,5,10,150,2,0.0
208,5,10,150,2,0.0
209,5,10,150,2,0.0
210,5,10,150,2,0.0
211,5,10,150,2,0.0
213,5,10,150,2,0.0
214,5,10,150,2,0.0
216,5,10,150,2,0.6131471927654584
217,5,10,150,2,0.0
218,5,10,150,2,0.0
219,5,10,150,2,0.0
221,5,10,150,2,0.0
222,5,10,150,2,0.0
223,5,10,150,2,0.0
224,5,10,150,2,0.0
225,5,10,150,2,0.0
226,5,10,150,2,0.38685280723454163
227,5,10,150,2,0.0
228,5,10,150,2,0.0
229,5,10,150,2,0.0
230,5,10,150,2,0.0
231,5,10,150,2,0.0
232,5,10,150,2,0.0
233,5,10,150,2,0.38685280723454163
234,5,10,150,2,0.0
235,5,10,150,2,0.0
236,5,10,150,2,0.0
237,5,10,150,2,0.0
238,5,10,150,2,0.0
239,5,10,150,2,0.0
240,5,10,150,2,0.0
241,5,10,150,2,0.0
242,5,10,150,2,0.0
243,5,10,150,2,0.0
244,5,10,150,2,0.0
245,5,10,150,2,0.0
246,5,10,150,2,0.0
247,5,10,150,2,0.0
248,5,10,150,2,0.0
249,5,10,150,2,0.0
250,5,10,150,2,0.0
251,5,10,150,2,0.0
252,5,10,150,2,0.0
253,5,10,150,2,0.0
254,5,10,150,2,0.0
255,5,10,150,2,0.0
256,5,10,150,2,0.0
257,5,10,150,2,0.0
258,5,10,150,2,0.0
259,5,10,150,2,0.0
260,5,10,150,2,0.0
261,5,10,150,2,0.0
262,5,10,150,2,0.0
263,5,10,150,2,0.0
264,5,10,150,2,0.0
265,5,10,150,2,0.0
266,5,10,150,2,0.0
267,5,10,150,2,0.0
268,5,10,150,2,0.0
269,5,10,150,2,0.0
270,5,10,150,2,0.0
271,5,10,150,2,0.0
272,5,10,150,2,0.0
273,5,10,150,2,0.0
274,5,10,150,2,0.0
275,5,10,150,2,0.0
276,5,10,150,2,0.6131471927654584
277,5,10,150,2,0.0
278,5,10,150,2,0.0
279,5,10,150,2,0.38685280723454163
280,5,10,150,2,0.6131471927654584
281,5,10,150,2,0.0
282,5,10,150,2,0.0
283,5,10,150,2,0.0
284,5,10,150,2,0.0
285,5,10,150,2,0.0
286,5,10,150,2,0.0
287,5,10,150,2,0.0
288,5,10,150,2,0.0
289,5,10,150,2,0.0
290,5,10,150,2,0.0
291,5,10,150,2,0.0
292,5,10,150,2,0.0
293,5,10,150,2,0.38685280723454163
294,5,10,150,2,0.0
295,5,10,150,2,0.0
296,5,10,150,2,0.0
297,5,10,150,2,0.0
298,5,10,150,2,0.0
299,5,10,150,2,0.0
300,5,10,150,2,0.0
301,5,10,150,2,0.0
302,5,10,150,2,0.0
303,5,10,150,2,0.0
304,5,10,150,2,0.0
305,5,10,150,2,0.0
306,5,10,150,2,0.0
307,5,10,150,2,0.0
308,5,10,150,2,0.0
310,5,10,150,2,0.0
311,5,10,150,2,0.0
312,5,10,150,2,0.0
313,5,10,150,2,0.0
314,5,10,150,2,0.38685280723454163
315,5,10,150,2,0.0
316,5,10,150,2,0.0
317,5,10,150,2,0.0
318,5,10,150,2,0.0
319,5,10,150,2,0.0
320,5,10,150,2,0.0
321,5,10,150,2,0.0
322,5,10,150,2,0.0
323,5,10,150,2,0.0
324,5,10,150,2,0.0
325,5,10,150,2,0.0
326,5,10,150,2,0.0
327,5,10,150,2,0.0
328,5,10,150,2,0.0
329,5,10,150,2,0.0
330,5,10,150,2,0.0
331,5,10,150,2,0.0
332,5,10,150,2,0.0
334,5,10,150,2,0.0
335,5,10,150,2,0.0
336,5,10,150,2,0.0
337,5,10,150,2,0.0
338,5,10,150,2,0.0
339,5,10,150,2,0.38685280723454163
340,5,10,150,2,0.0
341,5,10,150,2,0.0
342,5,10,150,2,1.0
343,5,10,150,2,0.0
344,5,10,150,2,0.0
345,5,10,150,2,0.38685280723454163
346,5,10,150,2,0.0
347,5,10,150,2,0.6131471927654584
348,5,10,150,2,0.0
349,5,10,150,2,0.0
350,5,10,150,2,0.0
351,5,10,150,2,0.0
352,5,10,150,2,0.0
353,5,10,150,2,0.0
354,5,10,150,2,0.0
355,5,10,150,2,0.0
356,5,10,150,2,0.0
357,5,10,150,2,0.0
358,5,10,150,2,0.0
359,5,10,150,2,0.0
360,5,10,150,2,0.0
361,5,10,150,2,0.0
362,5,10,150,2,0.0
363,5,10,150,2,0.0
364,5,10,150,2,0.0
365,5,10,150,2,0.0
366,5,10,150,2,0.0
367,5,10,150,2,0.0
368,5,10,150,2,0.0
369,5,10,150,2,0.0
370,5,10,150,2,0.0
371,5,10,150,2,0.0
372,5,10,150,2,0.0
373,5,10,150,2,0.0
374,5,10,150,2,0.0
375,5,10,150,2,0.0
376,5,10,150,2,0.0
377,5,10,150,2,0.0
378,5,10,150,2,0.6131471927654584
379,5,10,150,2,0.0
380,5,10,150,2,0.0
381,5,10,150,2,0.0
382,5,10,150,2,0.0
383,5,10,150,2,0.0
384,5,10,150,2,0.0
385,5,10,150,2,0.0
386,5,10,150,2,0.0
387,5,10,150,2,0.0
388,5,10,150,2,0.0
389,5,10,150,2,0.0
390,5,10,150,2,0.0
391,5,10,150,2,0.0
392,5,10,150,2,0.0
393,5,10,150,2,0.38685280723454163
394,5,10,150,2,0.0
395,5,10,150,2,0.0
396,5,10,150,2,0.0
397,5,10,150,2,0.0
398,5,10,150,2,0.6131471927654584
399,5,10,150,2,0.0
400,5,10,150,2,0.0
401,5,10,150,2,0.0
402,5,10,150,2,0.0
403,5,10,150,2,0.6131471927654584
404,5,10,150,2,0.0
405,5,10,150,2,0.0
406,5,10,150,2,0.0
407,5,10,150,2,0.0
408,5,10,150,2,0.0
409,5,10,150,2,0.0
410,5,10,150,2,0.0
411,5,10,150,2,0.38685280723454163
412,5,10,150,2,0.0
413,5,10,150,2,0.0
414,5,10,150,2,0.38685280723454163
415,5,10,150,2,0.0
416,5,10,150,2,0.0
417,5,10,150,2,0.0
419,5,10,150,2,0.6131471927654584
420,5,10,150,2,0.0
421,5,10,150,2,0.0
422,5,10,150,2,0.0
423,5,10,150,2,0.0
424,5,10,150,2,0.0
425,5,10,150,2,0.38685280723454163
426,5,10,150,2,0.0
427,5,10,150,2,0.0
428,5,10,150,2,0.0
429,5,10,150,2,0.0
430,5,10,150,2,0.0
431,5,10,150,2,0.0
432,5,10,150,2,0.0
433,5,10,150,2,0.0
434,5,10,150,2,0.6131471927654584
435,5,10,150,2,0.38685280723454163
436,5,10,150,2,0.0
437,5,10,150,2,0.38685280723454163
438,5,10,150,2,0.0
439,5,10,150,2,0.0
440,5,10,150,2,0.0
441,5,10,150,2,0.0
442,5,10,150,2,0.0
443,5,10,150,2,0.0
445,5,10,150,2,0.0
446,5,10,150,2,0.0
447,5,10,150,2,0.38685280723454163
448,5,10,150,2,0.0
449,5,10,150,2,0.0
450,5,10,150,2,0.0
451,5,10,150,2,0.0
452,5,10,150,2,0.0
453,5,10,150,2,0.0
454,5,10,150,2,0.0
455,5,10,150,2,0.0
456,5,10,150,2,0.38685280723454163
457,5,10,150,2,0.6131471927654584
458,5,10,150,2,0.0
459,5,10,150,2,0.0
460,5,10,150,2,0.0
461,5,10,150,2,0.0
462,5,10,150,2,0.0
463,5,10,150,2,0.0
464,5,10,150,2,0.0
465,5,10,150,2,0.0
466,5,10,150,2,0.0
467,5,10,150,2,0.0
468,5,10,150,2,0.6131471927654584
469,5,10,150,2,0.0
470,5,10,150,2,0.0
471,5,10,150,2,0.0
472,5,10,150,2,0.0
473,5,10,150,2,0.0
474,5,10,150,2,0.6131471927654584
475,5,10,150,2,0.0
476,5,10,150,2,0.0
477,5,10,150,2,0.0
478,5,10,150,2,0.0
479,5,10,150,2,0.0
480,5,10,150,2,0.38685280723454163
481,5,10,150,2,0.0
482,5,10,150,2,0.0
483,5,10,150,2,0.0
484,5,10,150,2,0.0
485,5,10,150,2,0.0
486,5,10,150,2,0.0
487,5,10,150,2,0.0
488,5,10,150,2,0.0
489,5,10,150,2,0.0
490,5,10,150,2,0.0
491,5,10,150,2,0.38685280723454163
492,5,10,150,2,0.0
493,5,10,150,2,0.0
494,5,10,150,2,0.0
495,5,10,150,2,0.6131471927654584
496,5,10,150,2,0.0
497,5,10,150,2,0.0
498,5,10,150,2,0.0
499,5,10,150,2,0.0
500,5,10,150,2,0.0
501,5,10,150,2,0.0
502,5,10,150,2,0.0
503,5,10,150,2,0.38685280723454163
504,5,10,150,2,0.0
505,5,10,150,2,0.0
506,5,10,150,2,0.0
507,5,10,150,2,0.0
508,5,10,150,2,0.0
509,5,10,150,2,0.0
510,5,10,150,2,0.0
511,5,10,150,2,0.0
512,5,10,150,2,0.0
513,5,10,150,2,0.0
514,5,10,150,2,0.0
515,5,10,150,2,0.0
516,5,10,150,2,0.0
517,5,10,150,2,0.0
518,5,10,150,2,0.0
519,5,10,150,2,0.0
520,5,10,150,2,0.0
521,5,10,150,2,0.0
522,5,10,150,2,0.0
523,5,10,150,2,0.0
524,5,10,150,2,0.0
525,5,10,150,2,0.0
526,5,10,150,2,0.0
527,5,10,150,2,0.0
528,5,10,150,2,0.0
529,5,10,150,2,0.0
530,5,10,150,2,0.0
531,5,10,150,2,0.0
532,5,10,150,2,0.0
533,5,10,150,2,0.38685280723454163
534,5,10,150,2,0.0
535,5,10,150,2,0.0
536,5,10,150,2,0.6131471927654584
537,5,10,150,2,1.0
538,5,10,150,2,0.0
539,5,10,150,2,0.0
540,5,10,150,2,0.0
541,5,10,150,2,0.0
542,5,10,150,2,0.6131471927654584
543,5,10,150,2,0.0
544,5,10,150,2,0.0
545,5,10,150,2,0.0
546,5,10,150,2,0.38685280723454163
547,5,10,150,2,0.0
548,5,10,150,2,0.0
549,5,10,150,2,0.0
550,5,10,150,2,0.0
551,5,10,150,2,0.6131471927654584
552,5,10,150,2,0.0
553,5,10,150,2,0.0
554,5,10,150,2,0.38685280723454163
555,5,10,150,2,0.0
556,5,10,150,2,0.0
557,5,10,150,2,0.0
558,5,10,150,2,0.0
559,5,10,150,2,0.0
560,5,10,150,2,0.38685280723454163
561,5,10,150,2,0.0
562,5,10,150,2,0.0
563,5,10,150,2,0.0
564,5,10,150,2,0.0
565,5,10,150,2,0.0
566,5,10,150,2,0.38685280723454163
567,5,10,150,2,0.0
568,5,10,150,2,0.0
569,5,10,150,2,0.0
570,5,10,150,2,0.0
571,5,10,150,2,0.0
572,5,10,150,2,0.0
573,5,10,150,2,0.0
574,5,10,150,2,0.0
575,5,10,150,2,0.0
576,5,10,150,2,0.38685280723454163
577,5,10,150,2,0.38685280723454163
578,5,10,150,2,0.0
579,5,10,150,2,0.0
580,5,10,150,2,0.0
581,5,10,150,2,0.0
582,5,10,150,2,0.0
583,5,10,150,2,0.0
584,5,10,150,2,0.0
585,5,10,150,2,0.0
586,5,10,150,2,0.0
587,5,10,150,2,0.0
588,5,10,150,2,0.6131471927654584
589,5,10,150,2,0.0
590,5,10,150,2,0.0
591,5,10,150,2,0.6131471927654584
592,5,10,150,2,0.38685280723454163
593,5,10,150,2,0.6131471927654584
594,5,10,150,2,0.0
595,5,10,150,2,0.0
596,5,10,150,2,0.0
597,5,10,150,2,0.0
598,5,10,150,2,0.0
599,5,10,150,2,0.0
600,5,10,150,2,0.0
601,5,10,150,2,0.0
602,5,10,150,2,0.0
603,5,10,150,2,0.0
604,5,10,150,2,0.0
605,5,10,150,2,0.0
606,5,10,150,2,0.38685280723454163
607,5,10,150,2,0.0
608,5,10,150,2,0.0
609,5,10,150,2,0.0
610,5,10,150,2,0.0
611,5,10,150,2,0.0
612,5,10,150,2,0.0
613,5,10,150,2,0.0
614,5,10,150,2,0.38685280723454163
615,5,10,150,2,0.0
616,5,10,150,2,0.0
617,5,10,150,2,0.0
618,5,10,150,2,0.38685280723454163
619,5,10,150,2,0.0
620,5,10,150,2,0.0
621,5,10,150,2,0.6131471927654584
622,5,10,150,2,0.0
623,5,10,150,2,0.0
624,5,10,150,2,0.0
625,5,10,150,2,0.0
626,5,10,150,2,0.0
627,5,10,150,2,0.0
628,5,10,150,2,0.0
629,5,10,150,2,0.0
630,5,10,150,2,0.38685280723454163
631,5,10,150,2,0.0
632,5,10,150,2,1.0
633,5,10,150,2,0.0
634,5,10,150,2,0.0
635,5,10,150,2,0.0
636,5,10,150,2,0.0
637,5,10,150,2,0.0
638,5,10,150,2,0.0
639,5,10,150,2,0.0
640,5,10,150,2,0.0
641,5,10,150,2,0.0
642,5,10,150,2,0.0
643,5,10,150,2,0.0
644,5,10,150,2,0.0
645,5,10,150,2,0.38685280723454163
646,5,10,150,2,0.0
647,5,10,150,2,0.0
648,5,10,150,2,0.0
649,5,10,150,2,0.0
650,5,10,150,2,0.0
651,5,10,150,2,0.0
652,5,10,150,2,0.0
653,5,10,150,2,0.0
654,5,10,150,2,0.6131471927654584
655,5,10,150,2,0.0
656,5,10,150,2,0.0
657,5,10,150,2,0.0
658,5,10,150,2,0.0
659,5,10,150,2,0.0
660,5,10,150,2,0.0
661,5,10,150,2,0.0
662,5,10,150,2,0.0
663,5,10,150,2,0.0
664,5,10,150,2,0.0
665,5,10,150,2,0.0
666,5,10,150,2,0.6131471927654584
667,5,10,150,2,0.6131471927654584
668,5,10,150,2,0.0
669,5,10,150,2,0.6131471927654584
670,5,10,150,2,0.0
671,5,10,150,2,0.38685280723454163
672,5,10,150,2,0.0
673,5,10,150,2,0.0
674,5,10,150,2,0.0
675,5,10,150,2,0.0
676,5,10,150,2,0.0
677,5,10,150,2,0.0
678,5,10,150,2,0.0
679,5,10,150,2,0.0
680,5,10,150,2,0.6131471927654584
681,5,10,150,2,0.0
682,5,10,150,2,0.0
683,5,10,150,2,0.0
684,5,10,150,2,0.0
685,5,10,150,2,0.0
686,5,10,150,2,0.0
687,5,10,150,2,0.0
688,5,10,150,2,0.0
689,5,10,150,2,0.6131471927654584
690,5,10,150,2,0.0
691,5,10,150,2,0.0
692,5,10,150,2,0.0
693,5,10,150,2,0.0
694,5,10,150,2,0.0
695,5,10,150,2,0.0
696,5,10,150,2,0.0
697,5,10,150,2,0.0
698,5,10,150,2,0.6131471927654584
699,5,10,150,2,0.0
700,5,10,150,2,0.0
701,5,10,150,2,0.0
702,5,10,150,2,0.0
703,5,10,150,2,0.0
704,5,10,150,2,0.0
705,5,10,150,2,0.0
706,5,10,150,2,0.0
707,5,10,150,2,0.0
708,5,10,150,2,0.0
709,5,10,150,2,0.0
710,5,10,150,2,0.0
711,5,10,150,2,0.0
712,5,10,150,2,0.0
713,5,10,150,2,0.0
714,5,10,150,2,0.0
715,5,10,150,2,0.38685280723454163
716,5,10,150,2,0.0
717,5,10,150,2,0.38685280723454163
718,5,10,150,2,0.0
719,5,10,150,2,0.0
720,5,10,150,2,0.0
721,5,10,150,2,0.6131471927654584
722,5,10,150,2,0.0
723,5,10,150,2,0.0
724,5,10,150,2,0.0
725,5,10,150,2,0.0
726,5,10,150,2,0.6131471927654584
727,5,10,150,2,0.0
728,5,10,150,2,0.0
729,5,10,150,2,0.0
730,5,10,150,2,0.0
731,5,10,150,2,0.0
732,5,10,150,2,0.0
733,5,10,150,2,0.0
734,5,10,150,2,0.0
735,5,10,150,2,0.0
736,5,10,150,2,0.0
737,5,10,150,2,0.0
738,5,10,150,2,1.0
739,5,10,150,2,0.0
740,5,10,150,2,0.0
741,5,10,150,2,0.0
742,5,10,150,2,0.0
743,5,10,150,2,0.0
744,5,10,150,2,0.0
745,5,10,150,2,1.0
746,5,10,150,2,0.0
747,5,10,150,2,1.0
748,5,10,150,2,0.6131471927654584
749,5,10,150,2,0.0
750,5,10,150,2,0.0
751,5,10,150,2,0.0
752,5,10,150,2,0.0
753,5,10,150,2,0.0
754,5,10,150,2,0.0
755,5,10,150,2,0.0
756,5,10,150,2,0.0
757,5,10,150,2,0.0
758,5,10,150,2,0.0
759,5,10,150,2,0.0
760,5,10,150,2,0.0
761,5,10,150,2,0.0
762,5,10,150,2,0.0
763,5,10,150,2,0.38685280723454163
764,5,10,150,2,0.0
765,5,10,150,2,0.0
766,5,10,150,2,0.0
767,5,10,150,2,0.6131471927654584
768,5,10,150,2,0.0
769,5,10,150,2,0.0
770,5,10,150,2,0.0
771,5,10,150,2,0.0
772,5,10,150,2,0.0
773,5,10,150,2,0.0
774,5,10,150,2,0.0
775,5,10,150,2,0.0
776,5,10,150,2,0.0
777,5,10,150,2,0.0
778,5,10,150,2,0.0
779,5,10,150,2,0.0
780,5,10,150,2,0.0
781,5,10,150,2,0.0
782,5,10,150,2,0.0
783,5,10,150,2,0.0
784,5,10,150,2,0.0
785,5,10,150,2,0.0
786,5,10,150,2,0.38685280723454163
787,5,10,150,2,0.0
788,5,10,150,2,1.0
789,5,10,150,2,0.0
790,5,10,150,2,0.0
791,5,10,150,2,0.0
792,5,10,150,2,0.0
793,5,10,150,2,0.0
794,5,10,150,2,0.0
795,5,10,150,2,0.6131471927654584
796,5,10,150,2,0.38685280723454163
797,5,10,150,2,0.0
798,5,10,150,2,0.0
799,5,10,150,2,0.0
800,5,10,150,2,0.0
801,5,10,150,2,0.0
802,5,10,150,2,0.0
803,5,10,150,2,0.0
804,5,10,150,2,0.0
805,5,10,150,2,0.0
806,5,10,150,2,0.0
807,5,10,150,2,0.0
808,5,10,150,2,0.0
809,5,10,150,2,0.0
810,5,10,150,2,0.0
811,5,10,150,2,0.0
812,5,10,150,2,0.0
813,5,10,150,2,0.0
814,5,10,150,2,0.0
815,5,10,150,2,0.6131471927654584
816,5,10,150,2,0.0
817,5,10,150,2,0.0
818,5,10,150,2,0.0
819,5,10,150,2,0.0
820,5,10,150,2,0.0
821,5,10,150,2,0.0
822,5,10,150,2,0.0
823,5,10,150,2,0.0
824,5,10,150,2,0.0
825,5,10,150,2,0.0
826,5,10,150,2,0.0
827,5,10,150,2,0.0
828,5,10,150,2,0.0
829,5,10,150,2,0.0
830,5,10,150,2,0.0
831,5,10,150,2,0.0
832,5,10,150,2,0.0
833,5,10,150,2,0.38685280723454163
834,5,10,150,2,0.0
835,5,10,150,2,0.0
836,5,10,150,2,0.0
837,5,10,150,2,0.0
838,5,10,150,2,0.0
839,5,10,150,2,0.0
840,5,10,150,2,0.0
841,5,10,150,2,0.0
842,5,10,150,2,0.0
843,5,10,150,2,0.38685280723454163
844,5,10,150,2,0.38685280723454163
845,5,10,150,2,0.0
846,5,10,150,2,0.38685280723454163
847,5,10,150,2,0.0
848,5,10,150,2,0.0
849,5,10,150,2,0.0
850,5,10,150,2,0.0
851,5,10,150,2,0.6131471927654584
852,5,10,150,2,0.0
853,5,10,150,2,0.0
854,5,10,150,2,0.38685280723454163
855,5,10,150,2,0.0
856,5,10,150,2,0.0
857,5,10,150,2,0.0
858,5,10,150,2,0.0
859,5,10,150,2,0.0
860,5,10,150,2,0.0
861,5,10,150,2,0.0
862,5,10,150,2,0.0
863,5,10,150,2,0.0
864,5,10,150,2,0.38685280723454163
865,5,10,150,2,0.0
866,5,10,150,2,0.0
867,5,10,150,2,0.6131471927654584
868,5,10,150,2,0.0
869,5,10,150,2,0.0
870,5,10,150,2,0.0
871,5,10,150,2,0.38685280723454163
872,5,10,150,2,0.0
873,5,10,150,2,0.0
874,5,10,150,2,0.0
875,5,10,150,2,0.38685280723454163
876,5,10,150,2,0.0
877,5,10,150,2,0.0
878,5,10,150,2,0.0
879,5,10,150,2,0.0
880,5,10,150,2,1.0
881,5,10,150,2,1.0
882,5,10,150,2,0.6131471927654584
883,5,10,150,2,0.38685280723454163
884,5,10,150,2,0.0
885,5,10,150,2,0.0
886,5,10,150,2,0.6131471927654584
887,5,10,150,2,0.0
888,5,10,150,2,0.0
889,5,10,150,2,0.6131471927654584
890,5,10,150,2,1.0
891,5,10,150,2,0.0
892,5,10,150,2,0.6131471927654584
893,5,10,150,2,0.0
894,5,10,150,2,0.38685280723454163
895,5,10,150,2,0.0
896,5,10,150,2,1.0
897,5,10,150,2,0.0
898,5,10,150,2,0.0
899,5,10,150,2,1.0
900,5,10,150,2,0.0
901,5,10,150,2,0.6131471927654584
902,5,10,150,2,0.0
903,5,10,150,2,0.6131471927654584
904,5,10,150,2,0.0
905,5,10,150,2,0.0
906,5,10,150,2,0.0
907,5,10,150,2,1.0
908,5,10,150,2,0.0
909,5,10,150,2,0.0
910,5,10,150,2,0.38685280723454163
911,5,10,150,2,0.0
912,5,10,150,2,0.0
913,5,10,150,2,0.0
914,5,10,150,2,0.0
915,5,10,150,2,0.0
916,5,10,150,2,0.6131471927654584
917,5,10,150,2,0.0
918,5,10,150,2,0.0
919,5,10,150,2,0.0
920,5,10,150,2,0.0
921,5,10,150,2,0.0
922,5,10,150,2,0.0
923,5,10,150,2,0.0
924,5,10,150,2,0.0
925,5,10,150,2,0.0
926,5,10,150,2,0.0
927,5,10,150,2,0.0
928,5,10,150,2,0.0
929,5,10,150,2,0.0
930,5,10,150,2,0.0
931,5,10,150,2,0.0
932,5,10,150,2,0.6131471927654584
933,5,10,150,2,0.0
934,5,10,150,2,0.0
935,5,10,150,2,0.0
936,5,10,150,2,0.6131471927654584
937,5,10,150,2,0.0
938,5,10,150,2,0.0
939,5,10,150,2,0.0
940,5,10,150,2,0.0
941,5,10,150,2,0.6131471927654584
942,5,10,150,2,0.0
943,5,10,150,2,0.6131471927654584
1,5,10,150,3,1.0
2,5,10,150,3,0.0
3,5,10,150,3,0.0
4,5,10,150,3,0.0
5,5,10,150,3,0.0
6,5,10,150,3,0.0
7,5,10,150,3,0.0
8,5,10,150,3,0.0
9,5,10,150,3,0.0
10,5,10,150,3,0.5307212739772434
11,5,10,150,3,0.0
12,5,10,150,3,0.0
13,5,10,150,3,0.7653606369886217
14,5,10,150,3,0.0
15,5,10,150,3,0.0
16,5,10,150,3,0.0
17,5,10,150,3,0.0
18,5,10,150,3,0.0
19,5,10,150,3,0.0
20,5,10,150,3,0.23463936301137822
21,5,10,150,3,0.2960819109658652
22,5,10,150,3,0.0
23,5,10,150,3,0.0
24,5,10,150,3,0.0
25,5,10,150,3,0.0
26,5,10,150,3,0.0
27,5,10,150,3,0.0
28,5,10,150,3,0.0
30,5,10,150,3,0.0
31,5,10,150,3,0.0
32,5,10,150,3,0.23463936301137822
33,5,10,150,3,0.0
34,5,10,150,3,0.0
35,5,10,150,3,0.0
37,5,10,150,3,0.0
38,5,10,150,3,0.0
39,5,10,150,3,0.0
40,5,10,150,3,0.0
41,5,10,150,3,0.0
42,5,10,150,3,0.0
43,5,10,150,3,0.0
44,5,10,150,3,0.0
45,5,10,150,3,0.0
46,5,10,150,3,0.0
47,5,10,150,3,0.0
48,5,10,150,3,0.0
49,5,10,150,3,0.0
52,5,10,150,3,0.0
53,5,10,150,3,0.0
54,5,10,150,3,0.0
55,5,10,150,3,0.0
56,5,10,150,3,0.2960819109658652
57,5,10,150,3,0.0
58,5,10,150,3,0.46927872602275644
59,5,10,150,3,0.46927872602275644
60,5,10,150,3,0.0
61,5,10,150,3,0.0
62,5,10,150,3,0.2960819109658652
63,5,10,150,3,0.0
64,5,10,150,3,0.0
65,5,10,150,3,0.23463936301137822
66,5,10,150,3,0.0
67,5,10,150,3,0.0
68,5,10,150,3,0.0
69,5,10,150,3,0.0
70,5,10,150,3,0.0
71,5,10,150,3,0.0
72,5,10,150,3,0.0
73,5,10,150,3,0.0
74,5,10,150,3,0.0
75,5,10,150,3,0.0
76,5,10,150,3,0.0
77,5,10,150,3,0.0
78,5,10,150,3,0.0
79,5,10,150,3,0.0
80,5,10,150,3,0.0
81,5,10,150,3,0.0
82,5,10,150,3,0.0
83,5,10,150,3,0.0
84,5,10,150,3,0.0
85,5,10,150,3,0.0
86,5,10,150,3,0.0
87,5,10,150,3,0.0
88,5,10,150,3,0.0
89,5,10,150,3,0.0
90,5,10,150,3,0.0
91,5,10,150,3,0.0
92,5,10,150,3,0.0
93,5,10,150,3,0.0
94,5,10,150,3,0.0
95,5,10,150,3,0.0
96,5,10,150,3,0.0
97,5,10,150,3,0.0
98,5,10,150,3,0.0
99,5,10,150,3,0.0
100,5,10,150,3,0.0
101,5,10,150,3,0.0
102,5,10,150,3,0.0
103,5,10,150,3,0.0
104,5,10,150,3,0.46927872602275644
105,5,10,150,3,0.0
106,5,10,150,3,0.0
107,5,10,150,3,0.0
109,5,10,150,3,0.23463936301137822
110,5,10,150,3,0.0
111,5,10,150,3,0.0
112,5,10,150,3,0.0
113,5,10,150,3,0.0
114,5,10,150,3,0.0
115,5,10,150,3,0.0
116,5,10,150,3,0.0
117,5,10,150,3,0.0
118,5,10,150,3,0.23463936301137822
119,5,10,150,3,0.0
120,5,10,150,3,0.0
121,5,10,150,3,0.0
122,5,10,150,3,0.0
123,5,10,150,3,0.0
124,5,10,150,3,0.0
125,5,10,150,3,0.0
126,5,10,150,3,0.0
128,5,10,150,3,0.0
129,5,10,150,3,0.0
130,5,10,150,3,0.2960819109658652
131,5,10,150,3,0.0
132,5,10,150,3,0.0
133,5,10,150,3,0.0
134,5,10,150,3,0.0
135,5,10,150,3,0.0
136,5,10,150,3,0.0
137,5,10,150,3,0.0
138,5,10,150,3,0.0
139,5,10,150,3,0.0
140,5,10,150,3,0.0
141,5,10,150,3,0.0
142,5,10,150,3,0.0
143,5,10,150,3,0.0
144,5,10,150,3,0.0
145,5,10,150,3,0.23463936301137822
146,5,10,150,3,0.0
147,5,10,150,3,0.0
148,5,10,150,3,0.0
149,5,10,150,3,0.0
150,5,10,150,3,0.0
151,5,10,150,3,0.0
152,5,10,150,3,0.0
153,5,10,150,3,0.0
154,5,10,150,3,0.0
155,5,10,150,3,0.0
156,5,10,150,3,0.0
157,5,10,150,3,0.0
158,5,10,150,3,0.0
159,5,10,150,3,0.46927872602275644
160,5,10,150,3,0.2960819109658652
161,5,10,150,3,0.0
162,5,10,150,3,0.0
163,5,10,150,3,0.0
164,5,10,150,3,0.0
165,5,10,150,3,0.0
167,5,10,150,3,0.0
168,5,10,150,3,0.0
169,5,10,150,3,0.0
170,5,10,150,3,0.0
171,5,10,150,3,0.0
173,5,10,150,3,0.0
174,5,10,150,3,0.0
175,5,10,150,3,0.0
176,5,10,150,3,0.0
177,5,10,150,3,0.46927872602275644
178,5,10,150,3,0.0
179,5,10,150,3,0.0
180,5,10,150,3,0.0
181,5,10,150,3,0.0
182,5,10,150,3,0.0
183,5,10,150,3,0.0
184,5,10,150,3,0.0
185,5,10,150,3,0.0
186,5,10,150,3,0.0
187,5,10,150,3,0.0
188,5,10,150,3,0.0
189,5,10,150,3,0.0
190,5,10,150,3,0.0
192,5,10,150,3,0.0
193,5,10,150,3,0.0
194,5,10,150,3,0.0
195,5,10,150,3,0.0
196,5,10,150,3,0.0
197,5,10,150,3,0.0
198,5,10,150,3,0.0
199,5,10,150,3,0.0
200,5,10,150,3,0.0
201,5,10,150,3,0.0
202,5,10,150,3,0.0
203,5,10,150,3,0.0
204,5,10,150,3,0.23463936301137822
205,5,10,150,3,0.0
206,5,10,150,3,0.0
207,5,10,150,3,0.0
208,5,10,150,3,0.0
209,5,10,150,3,0.0
210,5,10,150,3,0.0
211,5,10,150,3,0.0
213,5,10,150,3,0.0
214,5,10,150,3,0.0
216,5,10,150,3,0.46927872602275644
217,5,10,150,3,0.0
218,5,10,150,3,0.0
219,5,10,150,3,0.0
221,5,10,150,3,0.0
222,5,10,150,3,0.0
223,5,10,150,3,0.0
224,5,10,150,3,0.0
225,5,10,150,3,0.0
226,5,10,150,3,0.2960819109658652
227,5,10,150,3,0.0
228,5,10,150,3,0.0
229,5,10,150,3,0.0
230,5,10,150,3,0.0
231,5,10,150,3,0.0
232,5,10,150,3,0.0
233,5,10,150,3,0.2960819109658652
234,5,10,150,3,0.0
235,5,10,150,3,0.0
236,5,10,150,3,0.0
237,5,10,150,3,0.0
238,5,10,150,3,0.0
239,5,10,150,3,0.0
240,5,10,150,3,0.0
241,5,10,150,3,0.0
242,5,10,150,3,0.0
243,5,10,150,3,0.0
244,5,10,150,3,0.0
245,5,10,150,3,0.0
246,5,10,150,3,0.0
247,5,10,150,3,0.0
248,5,10,150,3,0.0
249,5,10,150,3,0.0
250,5,10,150,3,0.0
251,5,10,150,3,0.0
252,5,10,150,3,0.0
253,5,10,150,3,0.0
254,5,10,150,3,0.0
255,5,10,150,3,0.0
256,5,10,150,3,0.0
257,5,10,150,3,0.0
258,5,10,150,3,0.0
259,5,10,150,3,0.0
260,5,10,150,3,0.0
261,5,10,150,3,0.0
262,5,10,150,3,0.0
263,5,10,150,3,0.0
264,5,10,150,3,0.0
265,5,10,150,3,0.0
266,5,10,150,3,0.0
267,5,10,150,3,0.0
268,5,10,150,3,0.0
269,5,10,150,3,0.0
270,5,10,150,3,0.0
271,5,10,150,3,0.23463936301137822
272,5,10,150,3,0.0
273,5,10,150,3,0.0
274,5,10,150,3,0.0
275,5,10,150,3,0.0
276,5,10,150,3,0.46927872602275644
277,5,10,150,3,0.0
278,5,10,150,3,0.0
279,5,10,150,3,0.2960819109658652
280,5,10,150,3,0.46927872602275644
281,5,10,150,3,0.0
282,5,10,150,3,0.0
283,5,10,150,3,0.0
284,5,10,150,3,0.0
285,5,10,150,3,0.0
286,5,10,150,3,0.0
287,5,10,150,3,0.0
288,5,10,150,3,0.0
289,5,10,150,3,0.0
290,5,10,150,3,0.0
291,5,10,150,3,0.0
292,5,10,150,3,0.0
293,5,10,150,3,0.2960819109658652
294,5,10,150,3,0.0
295,5,10,150,3,0.23463936301137822
296,5,10,150,3,0.23463936301137822
297,5,10,150,3,0.0
298,5,10,150,3,0.0
299,5,10,150,3,0.0
300,5,10,150,3,0.0
301,5,10,150,3,0.0
302,5,10,150,3,0.0
303,5,10,150,3,0.0
304,5,10,150,3,0.0
305,5,10,150,3,0.0
306,5,10,150,3,0.0
307,5,10,150,3,0.0
308,5,10,150,3,0.0
310,5,10,150,3,0.0
311,5,10,150,3,0.23463936301137822
312,5,10,150,3,0.0
313,5,10,150,3,0.0
314,5,10,150,3,0.5307212739772434
315,5,10,150,3,0.0
316,5,10,150,3,0.0
317,5,10,150,3,0.0
318,5,10,150,3,0.0
319,5,10,150,3,0.0
320,5,10,150,3,0.0
321,5,10,150,3,0.0
322,5,10,150,3,0.0
323,5,10,150,3,0.0
324,5,10,150,3,0.0
325,5,10,150,3,0.0
326,5,10,150,3,0.0
327,5,10,150,3,0.0
328,5,10,150,3,0.23463936301137822
329,5,10,150,3,0.0
330,5,10,150,3,0.0
331,5,10,150,3,0.0
332,5,10,150,3,0.0
334,5,10,150,3,0.0
335,5,10,150,3,0.0
336,5,10,150,3,0.0
337,5,10,150,3,0.0
338,5,10,150,3,0.0
339,5,10,150,3,0.2960819109658652
340,5,10,150,3,0.0
341,5,10,150,3,0.0
342,5,10,150,3,0.7653606369886217
343,5,10,150,3,0.0
344,5,10,150,3,0.0
345,5,10,150,3,0.2960819109658652
346,5,10,150,3,0.0
347,5,10,150,3,0.46927872602275644
348,5,10,150,3,0.0
349,5,10,150,3,0.0
350,5,10,150,3,0.0
351,5,10,150,3,0.0
352,5,10,150,3,0.0
353,5,10,150,3,0.0
354,5,10,150,3,0.0
355,5,10,150,3,0.0
356,5,10,150,3,0.0
357,5,10,150,3,0.0
358,5,10,150,3,0.0
359,5,10,150,3,0.0
360,5,10,150,3,0.0
361,5,10,150,3,0.0
362,5,10,150,3,0.0
363,5,10,150,3,0.23463936301137822
364,5,10,150,3,0.0
365,5,10,150,3,0.0
366,5,10,150,3,0.0
367,5,10,150,3,0.0
368,5,10,150,3,0.0
369,5,10,150,3,0.0
370,5,10,150,3,0.0
371,5,10,150,3,0.0
372,5,10,150,3,0.23463936301137822
373,5,10,150,3,0.0
374,5,10,150,3,0.0
375,5,10,150,3,0.0
376,5,10,150,3,0.0
377,5,10,150,3,0.0
378,5,10,150,3,0.46927872602275644
379,5,10,150,3,0.0
380,5,10,150,3,0.0
381,5,10,150,3,0.0
382,5,10,150,3,0.0
383,5,10,150,3,0.0
384,5,10,150,3,0.0
385,5,10,150,3,0.0
386,5,10,150,3,0.0
387,5,10,150,3,0.23463936301137822
388,5,10,150,3,0.0
389,5,10,150,3,0.0
390,5,10,150,3,0.0
391,5,10,150,3,0.0
392,5,10,150,3,0.23463936301137822
393,5,10,150,3,0.2960819109658652
394,5,10,150,3,0.0
395,5,10,150,3,0.0
396,5,10,150,3,0.0
397,5,10,150,3,0.23463936301137822
398,5,10,150,3,0.46927872602275644
399,5,10,150,3,0.0
400,5,10,150,3,0.0
401,5,10,150,3,0.0
402,5,10,150,3,0.0
403,5,10,150,3,0.46927872602275644
404,5,10,150,3,0.0
405,5,10,150,3,0.0
406,5,10,150,3,0.0
407,5,10,150,3,0.0
408,5,10,150,3,0.0
409,5,10,150,3,0.0
410,5,10,150,3,0.0
411,5,10,150,3,0.2960819109658652
412,5,10,150,3,0.0
413,5,10,150,3,0.0
414,5,10,150,3,0.2960819109658652
415,5,10,150,3,0.0
416,5,10,150,3,0.0
417,5,10,150,3,0.0
419,5,10,150,3,0.46927872602275644
420,5,10,150,3,0.0
421,5,10,150,3,0.0
422,5,10,150,3,0.0
423,5,10,150,3,0.0
424,5,10,150,3,0.0
425,5,10,150,3,0.2960819109658652
426,5,10,150,3,0.0
427,5,10,150,3,0.0
428,5,10,150,3,0.0
429,5,10,150,3,0.0
430,5,10,150,3,0.0
431,5,10,150,3,0.0
432,5,10,150,3,0.0
433,5,10,150,3,0.0
434,5,10,150,3,0.46927872602275644
435,5,10,150,3,0.2960819109658652
436,5,10,150,3,0.23463936301137822
437,5,10,150,3,0.5307212739772434
438,5,10,150,3,0.0
439,5,10,150,3,0.0
440,5,10,150,3,0.0
441,5,10,150,3,0.0
442,5,10,150,3,0.0
443,5,10,150,3,0.0
445,5,10,150,3,0.0
446,5,10,150,3,0.0
447,5,10,150,3,0.2960819109658652
448,5,10,150,3,0.0
449,5,10,150,3,0.0
450,5,10,150,3,0.23463936301137822
451,5,10,150,3,0.0
452,5,10,150,3,0.0
453,5,10,150,3,0.0
454,5,10,150,3,0.0
455,5,10,150,3,0.0
456,5,10,150,3,0.2960819109658652
457,5,10,150,3,0.46927872602275644
458,5,10,150,3,0.0
459,5,10,150,3,0.0
460,5,10,150,3,0.0
461,5,10,150,3,0.0
462,5,10,150,3,0.0
463,5,10,150,3,0.0
464,5,10,150,3,0.0
465,5,10,150,3,0.0
466,5,10,150,3,0.0
467,5,10,150,3,0.0
468,5,10,150,3,0.46927872602275644
469,5,10,150,3,0.0
470,5,10,150,3,0.0
471,5,10,150,3,0.0
472,5,10,150,3,0.0
473,5,10,150,3,0.0
474,5,10,150,3,0.46927872602275644
475,5,10,150,3,0.0
476,5,10,150,3,0.0
477,5,10,150,3,0.0
478,5,10,150,3,0.0
479,5,10,150,3,0.0
480,5,10,150,3,0.2960819109658652
481,5,10,150,3,0.0
482,5,10,150,3,0.0
483,5,10,150,3,0.0
484,5,10,150,3,0.0
485,5,10,150,3,0.0
486,5,10,150,3,0.0
487,5,10,150,3,0.0
488,5,10,150,3,0.0
489,5,10,150,3,0.0
490,5,10,150,3,0.0
491,5,10,150,3,0.2960819109658652
492,5,10,150,3,0.0
493,5,10,150,3,0.0
494,5,10,150,3,0.0
495,5,10,150,3,0.46927872602275644
496,5,10,150,3,0.0
497,5,10,150,3,0.0
498,5,10,150,3,0.0
499,5,10,150,3,0.0
500,5,10,150,3,0.0
501,5,10,150,3,0.0
502,5,10,150,3,0.0
503,5,10,150,3,0.2960819109658652
504,5,10,150,3,0.0
505,5,10,150,3,0.0
506,5,10,150,3,0.0
507,5,10,150,3,0.0
508,5,10,150,3,0.0
509,5,10,150,3,0.0
510,5,10,150,3,0.0
511,5,10,150,3,0.0
512,5,10,150,3,0.0
513,5,10,150,3,0.0
514,5,10,150,3,0.0
515,5,10,150,3,0.0
516,5,10,150,3,0.0
517,5,10,150,3,0.0
518,5,10,150,3,0.0
519,5,10,150,3,0.0
520,5,10,150,3,0.0
521,5,10,150,3,0.0
522,5,10,150,3,0.0
523,5,10,150,3,0.0
524,5,10,150,3,0.0
525,5,10,150,3,0.0
526,5,10,150,3,0.0
527,5,10,150,3,0.0
528,5,10,150,3,0.0
529,5,10,150,3,0.0
530,5,10,150,3,0.0
531,5,10,150,3,0.0
532,5,10,150,3,0.0
533,5,10,150,3,0.2960819109658652
534,5,10,150,3,0.0
535,5,10,150,3,0.23463936301137822
536,5,10,150,3,0.46927872602275644
537,5,10,150,3,1.0
538,5,10,150,3,0.0
539,5,10,150,3,0.0
540,5,10,150,3,0.0
541,5,10,150,3,0.0
542,5,10,150,3,0.46927872602275644
543,5,10,150,3,0.0
544,5,10,150,3,0.0
545,5,10,150,3,0.0
546,5,10,150,3,0.2960819109658652
547,5,10,150,3,0.0
548,5,10,150,3,0.0
549,5,10,150,3,0.0
550,5,10,150,3,0.0
551,5,10,150,3,0.46927872602275644
552,5,10,150,3,0.0
553,5,10,150,3,0.0
554,5,10,150,3,0.5307212739772434
555,5,10,150,3,0.0
556,5,10,150,3,0.0
557,5,10,150,3,0.0
558,5,10,150,3,0.0
559,5,10,150,3,0.0
560,5,10,150,3,0.2960819109658652
561,5,10,150,3,0.0
562,5,10,150,3,0.0
563,5,10,150,3,0.0
564,5,10,150,3,0.0
565,5,10,150,3,0.0
566,5,10,150,3,0.2960819109658652
567,5,10,150,3,0.0
568,5,10,150,3,0.0
569,5,10,150,3,0.0
570,5,10,150,3,0.0
571,5,10,150,3,0.0
572,5,10,150,3,0.0
573,5,10,150,3,0.0
574,5,10,150,3,0.0
575,5,10,150,3,0.0
576,5,10,150,3,0.2960819109658652
577,5,10,150,3,0.2960819109658652
578,5,10,150,3,0.0
579,5,10,150,3,0.0
580,5,10,150,3,0.0
581,5,10,150,3,0.0
582,5,10,150,3,0.0
583,5,10,150,3,0.0
584,5,10,150,3,0.0
585,5,10,150,3,0.0
586,5,10,150,3,0.23463936301137822
587,5,10,150,3,0.0
588,5,10,150,3,0.46927872602275644
589,5,10,150,3,0.0
590,5,10,150,3,0.23463936301137822
591,5,10,150,3,0.46927872602275644
592,5,10,150,3,0.2960819109658652
593,5,10,150,3,0.46927872602275644
594,5,10,150,3,0.0
595,5,10,150,3,0.0
596,5,10,150,3,0.0
597,5,10,150,3,0.0
598,5,10,150,3,0.23463936301137822
599,5,10,150,3,0.0
600,5,10,150,3,0.0
601,5,10,150,3,0.0
602,5,10,150,3,0.0
603,5,10,150,3,0.0
604,5,10,150,3,0.0
605,5,10,150,3,0.0
606,5,10,150,3,0.2960819109658652
607,5,10,150,3,0.0
608,5,10,150,3,0.0
609,5,10,150,3,0.0
610,5,10,150,3,0.0
611,5,10,150,3,0.0
612,5,10,150,3,0.0
613,5,10,150,3,0.23463936301137822
614,5,10,150,3,0.2960819109658652
615,5,10,150,3,0.0
616,5,10,150,3,0.0
617,5,10,150,3,0.0
618,5,10,150,3,0.2960819109658652
619,5,10,150,3,0.0
620,5,10,150,3,0.0
621,5,10,150,3,0.46927872602275644
622,5,10,150,3,0.0
623,5,10,150,3,0.0
624,5,10,150,3,0.0
625,5,10,150,3,0.0
626,5,10,150,3,0.0
627,5,10,150,3,0.0
628,5,10,150,3,0.0
629,5,10,150,3,0.0
630,5,10,150,3,0.2960819109658652
631,5,10,150,3,0.0
632,5,10,150,3,0.7653606369886217
633,5,10,150,3,0.0
634,5,10,150,3,0.0
635,5,10,150,3,0.0
636,5,10,150,3,0.0
637,5,10,150,3,0.0
638,5,10,150,3,0.0
639,5,10,150,3,0.0
640,5,10,150,3,0.0
641,5,10,150,3,0.0
642,5,10,150,3,0.0
643,5,10,150,3,0.0
644,5,10,150,3,0.0
645,5,10,150,3,0.2960819109658652
646,5,10,150,3,0.0
647,5,10,150,3,0.0
648,5,10,150,3,0.0
649,5,10,150,3,0.0
650,5,10,150,3,0.0
651,5,10,150,3,0.0
652,5,10,150,3,0.0
653,5,10,150,3,0.0
654,5,10,150,3,0.46927872602275644
655,5,10,150,3,0.0
656,5,10,150,3,0.0
657,5,10,150,3,0.0
658,5,10,150,3,0.0
659,5,10,150,3,0.0
660,5,10,150,3,0.0
661,5,10,150,3,0.0
662,5,10,150,3,0.0
663,5,10,150,3,0.0
664,5,10,150,3,0.0
665,5,10,150,3,0.0
666,5,10,150,3,0.46927872602275644
667,5,10,150,3,0.46927872602275644
668,5,10,150,3,0.0
669,5,10,150,3,0.46927872602275644
670,5,10,150,3,0.0
671,5,10,150,3,0.2960819109658652
672,5,10,150,3,0.0
673,5,10,150,3,0.0
674,5,10,150,3,0.0
675,5,10,150,3,0.0
676,5,10,150,3,0.0
677,5,10,150,3,0.0
678,5,10,150,3,0.0
679,5,10,150,3,0.0
680,5,10,150,3,0.46927872602275644
681,5,10,150,3,0.0
682,5,10,150,3,0.0
683,5,10,150,3,0.0
684,5,10,150,3,0.0
685,5,10,150,3,0.0
686,5,10,150,3,0.0
687,5,10,150,3,0.0
688,5,10,150,3,0.0
689,5,10,150,3,0.46927872602275644
690,5,10,150,3,0.0
691,5,10,150,3,0.0
692,5,10,150,3,0.0
693,5,10,150,3,0.0
694,5,10,150,3,0.0
695,5,10,150,3,0.0
696,5,10,150,3,0.0
697,5,10,150,3,0.0
698,5,10,150,3,0.46927872602275644
699,5,10,150,3,0.0
700,5,10,150,3,0.23463936301137822
701,5,10,150,3,0.0
702,5,10,150,3,0.0
703,5,10,150,3,0.0
704,5,10,150,3,0.0
705,5,10,150,3,0.0
706,5,10,150,3,0.0
707,5,10,150,3,0.0
708,5,10,150,3,0.0
709,5,10,150,3,0.0
710,5,10,150,3,0.23463936301137822
711,5,10,150,3,0.0
712,5,10,150,3,0.0
713,5,10,150,3,0.0
714,5,10,150,3,0.0
715,5,10,150,3,0.2960819109658652
716,5,10,150,3,0.0
717,5,10,150,3,0.2960819109658652
718,5,10,150,3,0.0
719,5,10,150,3,0.0
720,5,10,150,3,0.0
721,5,10,150,3,0.46927872602275644
722,5,10,150,3,0.0
723,5,10,150,3,0.0
724,5,10,150,3,0.0
725,5,10,150,3,0.0
726,5,10,150,3,0.46927872602275644
727,5,10,150,3,0.0
728,5,10,150,3,0.0
729,5,10,150,3,0.0
730,5,10,150,3,0.0
731,5,10,150,3,0.0
732,5,10,150,3,0.0
733,5,10,150,3,0.0
734,5,10,150,3,0.0
735,5,10,150,3,0.0
736,5,10,150,3,0.0
737,5,10,150,3,0.23463936301137822
738,5,10,150,3,1.0
739,5,10,150,3,0.0
740,5,10,150,3,0.0
741,5,10,150,3,0.0
742,5,10,150,3,0.0
743,5,10,150,3,0.0
744,5,10,150,3,0.0
745,5,10,150,3,0.7653606369886217
746,5,10,150,3,0.0
747,5,10,150,3,1.0
748,5,10,150,3,0.7039180890341347
749,5,10,150,3,0.0
750,5,10,150,3,0.0
751,5,10,150,3,0.0
752,5,10,150,3,0.0
753,5,10,150,3,0.0
754,5,10,150,3,0.0
755,5,10,150,3,0.0
756,5,10,150,3,0.0
757,5,10,150,3,0.0
758,5,10,150,3,0.23463936301137822
759,5,10,150,3,0.0
760,5,10,150,3,0.0
761,5,10,150,3,0.0
762,5,10,150,3,0.0
763,5,10,150,3,0.5307212739772434
764,5,10,150,3,0.0
765,5,10,150,3,0.0
766,5,10,150,3,0.0
767,5,10,150,3,0.46927872602275644
768,5,10,150,3,0.0
769,5,10,150,3,0.0
770,5,10,150,3,0.0
771,5,10,150,3,0.0
772,5,10,150,3,0.0
773,5,10,150,3,0.23463936301137822
774,5,10,150,3,0.0
775,5,10,150,3,0.0
776,5,10,150,3,0.23463936301137822
777,5,10,150,3,0.0
778,5,10,150,3,0.0
779,5,10,150,3,0.0
780,5,10,150,3,0.0
781,5,10,150,3,0.0
782,5,10,150,3,0.0
783,5,10,150,3,0.0
784,5,10,150,3,0.0
785,5,10,150,3,0.0
786,5,10,150,3,0.2960819109658652
787,5,10,150,3,0.0
788,5,10,150,3,0.7653606369886217
789,5,10,150,3,0.0
790,5,10,150,3,0.0
791,5,10,150,3,0.0
792,5,10,150,3,0.0
793,5,10,150,3,0.0
794,5,10,150,3,0.23463936301137822
795,5,10,150,3,0.46927872602275644
796,5,10,150,3,0.5307212739772434
797,5,10,150,3,0.0
798,5,10,150,3,0.0
799,5,10,150,3,0.0
800,5,10,150,3,0.0
801,5,10,150,3,0.0
802,5,10,150,3,0.0
803,5,10,150,3,0.0
804,5,10,150,3,0.0
805,5,10,150,3,0.0
806,5,10,150,3,0.0
807,5,10,150,3,0.0
808,5,10,150,3,0.0
809,5,10,150,3,0.0
810,5,10,150,3,0.0
811,5,10,150,3,0.0
812,5,10,150,3,0.0
813,5,10,150,3,0.0
814,5,10,150,3,0.0
815,5,10,150,3,0.46927872602275644
816,5,10,150,3,0.0
817,5,10,150,3,0.0
818,5,10,150,3,0.0
819,5,10,150,3,0.0
820,5,10,150,3,0.0
821,5,10,150,3,0.0
822,5,10,150,3,0.0
823,5,10,150,3,0.23463936301137822
824,5,10,150,3,0.0
825,5,10,150,3,0.0
826,5,10,150,3,0.0
827,5,10,150,3,0.0
828,5,10,150,3,0.0
829,5,10,150,3,0.0
830,5,10,150,3,0.0
831,5,10,150,3,0.23463936301137822
832,5,10,150,3,0.0
833,5,10,150,3,0.2960819109658652
834,5,10,150,3,0.0
835,5,10,150,3,0.0
836,5,10,150,3,0.0
837,5,10,150,3,0.0
838,5,10,150,3,0.0
839,5,10,150,3,0.0
840,5,10,150,3,0.23463936301137822
841,5,10,150,3,0.0
842,5,10,150,3,0.0
843,5,10,150,3,0.2960819109658652
844,5,10,150,3,0.2960819109658652
845,5,10,150,3,0.0
846,5,10,150,3,0.2960819109658652
847,5,10,150,3,0.0
848,5,10,150,3,0.0
849,5,10,150,3,0.0
850,5,10,150,3,0.0
851,5,10,150,3,0.46927872602275644
852,5,10,150,3,0.0
853,5,10,150,3,0.0
854,5,10,150,3,0.2960819109658652
855,5,10,150,3,0.0
856,5,10,150,3,0.0
857,5,10,150,3,0.0
858,5,10,150,3,0.0
859,5,10,150,3,0.0
860,5,10,150,3,0.0
861,5,10,150,3,0.23463936301137822
862,5,10,150,3,0.0
863,5,10,150,3,0.0
864,5,10,150,3,0.2960819109658652
865,5,10,150,3,0.0
866,5,10,150,3,0.0
867,5,10,150,3,0.7039180890341347
868,5,10,150,3,0.0
869,5,10,150,3,0.0
870,5,10,150,3,0.0
871,5,10,150,3,0.2960819109658652
872,5,10,150,3,0.0
873,5,10,150,3,0.0
874,5,10,150,3,0.0
875,5,10,150,3,0.2960819109658652
876,5,10,150,3,0.0
877,5,10,150,3,0.0
878,5,10,150,3,0.0
879,5,10,150,3,0.0
880,5,10,150,3,0.7653606369886217
881,5,10,150,3,0.7653606369886217
882,5,10,150,3,0.46927872602275644
883,5,10,150,3,0.5307212739772434
884,5,10,150,3,0.0
885,5,10,150,3,0.0
886,5,10,150,3,0.7039180890341347
887,5,10,150,3,0.0
888,5,10,150,3,0.0
889,5,10,150,3,0.7039180890341347
890,5,10,150,3,0.7653606369886217
891,5,10,150,3,0.0
892,5,10,150,3,0.7039180890341347
893,5,10,150,3,0.0
894,5,10,150,3,0.2960819109658652
895,5,10,150,3,0.0
896,5,10,150,3,0.7653606369886217
897,5,10,150,3,0.23463936301137822
898,5,10,150,3,0.0
899,5,10,150,3,0.7653606369886217
900,5,10,150,3,0.0
901,5,10,150,3,0.7039180890341347
902,5,10,150,3,0.0
903,5,10,150,3,0.46927872602275644
904,5,10,150,3,0.0
905,5,10,150,3,0.0
906,5,10,150,3,0.0
907,5,10,150,3,0.7653606369886217
908,5,10,150,3,0.0
909,5,10,150,3,0.0
910,5,10,150,3,0.2960819109658652
911,5,10,150,3,0.0
912,5,10,150,3,0.23463936301137822
913,5,10,150,3,0.0
914,5,10,150,3,0.0
915,5,10,150,3,0.0
916,5,10,150,3,0.46927872602275644
917,5,10,150,3,0.0
918,5,10,150,3,0.0
919,5,10,150,3,0.0
920,5,10,150,3,0.0
921,5,10,150,3,0.0
922,5,10,150,3,0.0
923,5,10,150,3,0.0
924,5,10,150,3,0.0
925,5,10,150,3,0.0
926,5,10,150,3,0.0
927,5,10,150,3,0.0
928,5,10,150,3,0.0
929,5,10,150,3,0.23463936301137822
930,5,10,150,3,0.23463936301137822
931,5,10,150,3,0.0
932,5,10,150,3,0.7039180890341347
933,5,10,150,3,0.0
934,5,10,150,3,0.0
935,5,10,150,3,0.0
936,5,10,150,3,0.46927872602275644
937,5,10,150,3,0.0
938,5,10,150,3,0.0
939,5,10,150,3,0.0
940,5,10,150,3,0.0
941,5,10,150,3,0.46927872602275644
942,5,10,150,3,0.0
943,5,10,150,3,0.7039180890341347
1,5,10,150,4,1.0
2,5,10,150,4,0.0
3,5,10,150,4,0.0
4,5,10,150,4,0.0
5,5,10,150,4,0.0
6,5,10,150,4,0.0
7,5,10,150,4,0.0
8,5,10,150,4,0.0
9,5,10,150,4,0.0
10,5,10,150,4,0.44149241373678083
11,5,10,150,4,0.0
12,5,10,150,4,0.0
13,5,10,150,4,0.6366824387328317
14,5,10,150,4,0.0
15,5,10,150,4,0.0
16,5,10,150,4,0.0
17,5,10,150,4,0.0
18,5,10,150,4,0.0
19,5,10,150,4,0.0
20,5,10,150,4,0.19519002499605084
21,5,10,150,4,0.24630238874073
22,5,10,150,4,0.0
23,5,10,150,4,0.0
24,5,10,150,4,0.0
25,5,10,150,4,0.16812753627111746
26,5,10,150,4,0.0
27,5,10,150,4,0.0
28,5,10,150,4,0.0
30,5,10,150,4,0.0
31,5,10,150,4,0.0
32,5,10,150,4,0.19519002499605084
33,5,10,150,4,0.0
34,5,10,150,4,0.0
35,5,10,150,4,0.0
37,5,10,150,4,0.0
38,5,10,150,4,0.0
39,5,10,150,4,0.0
40,5,10,150,4,0.0
41,5,10,150,4,0.0
42,5,10,150,4,0.0
43,5,10,150,4,0.0
44,5,10,150,4,0.0
45,5,10,150,4,0.0
46,5,10,150,4,0.0
47,5,10,150,4,0.0
48,5,10,150,4,0.0
49,5,10,150,4,0.0
52,5,10,150,4,0.0
53,5,10,150,4,0.0
54,5,10,150,4,0.0
55,5,10,150,4,0.0
56,5,10,150,4,0.24630238874073
57,5,10,150,4,0.0
58,5,10,150,4,0.3903800499921017
59,5,10,150,4,0.3903800499921017
60,5,10,150,4,0.0
61,5,10,150,4,0.0
62,5,10,150,4,0.24630238874073
63,5,10,150,4,0.0
64,5,10,150,4,0.0
65,5,10,150,4,0.19519002499605084
66,5,10,150,4,0.0
67,5,10,150,4,0.0
68,5,10,150,4,0.0
69,5,10,150,4,0.0
70,5,10,150,4,0.0
71,5,10,150,4,0.0
72,5,10,150,4,0.0
73,5,10,150,4,0.0
74,5,10,150,4,0.0
75,5,10,150,4,0.0
76,5,10,150,4,0.0
77,5,10,150,4,0.0
78,5,10,150,4,0.0
79,5,10,150,4,0.0
80,5,10,150,4,0.0
81,5,10,150,4,0.0
82,5,10,150,4,0.0
83,5,10,150,4,0.0
84,5,10,150,4,0.0
85,5,10,150,4,0.0
86,5,10,150,4,0.0
87,5,10,150,4,0.0
88,5,10,150,4,0.0
89,5,10,150,4,0.0
90,5,10,150,4,0.0
91,5,10,150,4,0.0
92,5,10,150,4,0.0
93,5,10,150,4,0.0
94,5,10,150,4,0.0
95,5,10,150,4,0.0
96,5,10,150,4,0.0
97,5,10,150,4,0.0
98,5,10,150,4,0.0
99,5,10,150,4,0.0
100,5,10,150,4,0.0
101,5,10,150,4,0.0
102,5,10,150,4,0.0
103,5,10,150,4,0.0
104,5,10,150,4,0.3903800499921017
105,5,10,150,4,0.0
106,5,10,150,4,0.0
107,5,10,150,4,0.0
109,5,10,150,4,0.19519002499605084
110,5,10,150,4,0.0
111,5,10,150,4,0.0
112,5,10,150,4,0.0
113,5,10,150,4,0.0
114,5,10,150,4,0.0
115,5,10,150,4,0.0
116,5,10,150,4,0.0
117,5,10,150,4,0.0
118,5,10,150,4,0.19519002499605084
119,5,10,150,4,0.0
120,5,10,150,4,0.0
121,5,10,150,4,0.16812753627111746
122,5,10,150,4,0.0
123,5,10,150,4,0.0
124,5,10,150,4,0.0
125,5,10,150,4,0.0
126,5,10,150,4,0.0
128,5,10,150,4,0.0
129,5,10,150,4,0.0
130,5,10,150,4,0.24630238874073
131,5,10,150,4,0.0
132,5,10,150,4,0.0
133,5,10,150,4,0.0
134,5,10,150,4,0.0
135,5,10,150,4,0.0
136,5,10,150,4,0.0
137,5,10,150,4,0.0
138,5,10,150,4,0.0
139,5,10,150,4,0.0
140,5,10,150,4,0.0
141,5,10,150,4,0.0
142,5,10,150,4,0.0
143,5,10,150,4,0.0
144,5,10,150,4,0.0
145,5,10,150,4,0.36331756126716835
146,5,10,150,4,0.0
147,5,10,150,4,0.0
148,5,10,150,4,0.0
149,5,10,150,4,0.0
150,5,10,150,4,0.2640681225725909
151,5,10,150,4,0.0
152,5,10,150,4,0.0
153,5,10,150,4,0.0
154,5,10,150,4,0.0
155,5,10,150,4,0.0
156,5,10,150,4,0.0
157,5,10,150,4,0.0
158,5,10,150,4,0.0
159,5,10,150,4,0.3903800499921017
160,5,10,150,4,0.24630238874073
161,5,10,150,4,0.0
162,5,10,150,4,0.0
163,5,10,150,4,0.0
164,5,10,150,4,0.0
165,5,10,150,4,0.0
167,5,10,150,4,0.0
168,5,10,150,4,0.0
169,5,10,150,4,0.0
170,5,10,150,4,0.0
171,5,10,150,4,0.0
173,5,10,150,4,0.0
174,5,10,150,4,0.0
175,5,10,150,4,0.0
176,5,10,150,4,0.0
177,5,10,150,4,0.5585075862632192
178,5,10,150,4,0.16812753627111746
179,5,10,150,4,0.0
180,5,10,150,4,0.0
181,5,10,150,4,0.0
182,5,10,150,4,0.0
183,5,10,150,4,0.0
184,5,10,150,4,0.0
185,5,10,150,4,0.0
186,5,10,150,4,0.0
187,5,10,150,4,0.0
188,5,10,150,4,0.0
189,5,10,150,4,0.16812753627111746
190,5,10,150,4,0.0
192,5,10,150,4,0.0
193,5,10,150,4,0.0
194,5,10,150,4,0.0
195,5,10,150,4,0.0
196,5,10,150,4,0.0
197,5,10,150,4,0.0
198,5,10,150,4,0.0
199,5,10,150,4,0.0
200,5,10,150,4,0.0
201,5,10,150,4,0.0
202,5,10,150,4,0.0
203,5,10,150,4,0.0
204,5,10,150,4,0.19519002499605084
205,5,10,150,4,0.0
206,5,10,150,4,0.0
207,5,10,150,4,0.0
208,5,10,150,4,0.0
209,5,10,150,4,0.0
210,5,10,150,4,0.0
211,5,10,150,4,0.0
213,5,10,150,4,0.0
214,5,10,150,4,0.0
216,5,10,150,4,0.3903800499921017
217,5,10,150,4,0.0
218,5,10,150,4,0.0
219,5,10,150,4,0.0
221,5,10,150,4,0.0
222,5,10,150,4,0.0
223,5,10,150,4,0.0
224,5,10,150,4,0.0
225,5,10,150,4,0.0
226,5,10,150,4,0.24630238874073
227,5,10,150,4,0.0
228,5,10,150,4,0.0
229,5,10,150,4,0.0
230,5,10,150,4,0.0
231,5,10,150,4,0.0
232,5,10,150,4,0.0
233,5,10,150,4,0.24630238874073
234,5,10,150,4,0.0
235,5,10,150,4,0.0
236,5,10,150,4,0.0
237,5,10,150,4,0.0
238,5,10,150,4,0.0
239,5,10,150,4,0.0
240,5,10,150,4,0.0
241,5,10,150,4,0.0
242,5,10,150,4,0.0
243,5,10,150,4,0.0
244,5,10,150,4,0.0
245,5,10,150,4,0.0
246,5,10,150,4,0.0
247,5,10,150,4,0.0
248,5,10,150,4,0.0
249,5,10,150,4,0.0
250,5,10,150,4,0.0
251,5,10,150,4,0.16812753627111746
252,5,10,150,4,0.0
253,5,10,150,4,0.0
254,5,10,150,4,0.0
255,5,10,150,4,0.0
256,5,10,150,4,0.0
257,5,10,150,4,0.0
258,5,10,150,4,0.0
259,5,10,150,4,0.0
260,5,10,150,4,0.0
261,5,10,150,4,0.0
262,5,10,150,4,0.0
263,5,10,150,4,0.0
264,5,10,150,4,0.0
265,5,10,150,4,0.0
266,5,10,150,4,0.0
267,5,10,150,4,0.0
268,5,10,150,4,0.0
269,5,10,150,4,0.16812753627111746
270,5,10,150,4,0.0
271,5,10,150,4,0.19519002499605084
272,5,10,150,4,0.0
273,5,10,150,4,0.0
274,5,10,150,4,0.0
275,5,10,150,4,0.0
276,5,10,150,4,0.3903800499921017
277,5,10,150,4,0.0
278,5,10,150,4,0.0
279,5,10,150,4,0.24630238874073
280,5,10,150,4,0.3903800499921017
281,5,10,150,4,0.0
282,5,10,150,4,0.0
283,5,10,150,4,0.0
284,5,10,150,4,0.0
285,5,10,150,4,0.0
286,5,10,150,4,0.0
287,5,10,150,4,0.0
288,5,10,150,4,0.0
289,5,10,150,4,0.0
290,5,10,150,4,0.0
291,5,10,150,4,0.0
292,5,10,150,4,0.0
293,5,10,150,4,0.24630238874073
294,5,10,150,4,0.0
295,5,10,150,4,0.19519002499605084
296,5,10,150,4,0.19519002499605084
297,5,10,150,4,0.0
298,5,10,150,4,0.0
299,5,10,150,4,0.0
300,5,10,150,4,0.0
301,5,10,150,4,0.0
302,5,10,150,4,0.0
303,5,10,150,4,0.0
304,5,10,150,4,0.0
305,5,10,150,4,0.0
306,5,10,150,4,0.0
307,5,10,150,4,0.0
308,5,10,150,4,0.0
310,5,10,150,4,0.0
311,5,10,150,4,0.19519002499605084
312,5,10,150,4,0.0
313,5,10,150,4,0.0
314,5,10,150,4,0.44149241373678083
315,5,10,150,4,0.0
316,5,10,150,4,0.0
317,5,10,150,4,0.0
318,5,10,150,4,0.0
319,5,10,150,4,0.0
320,5,10,150,4,0.0
321,5,10,150,4,0.0
322,5,10,150,4,0.0
323,5,10,150,4,0.16812753627111746
324,5,10,150,4,0.0
325,5,10,150,4,0.0
326,5,10,150,4,0.0
327,5,10,150,4,0.0
328,5,10,150,4,0.19519002499605084
329,5,10,150,4,0.0
330,5,10,150,4,0.0
331,5,10,150,4,0.0
332,5,10,150,4,0.0
334,5,10,150,4,0.0
335,5,10,150,4,0.0
336,5,10,150,4,0.0
337,5,10,150,4,0.0
338,5,10,150,4,0.0
339,5,10,150,4,0.24630238874073
340,5,10,150,4,0.0
341,5,10,150,4,0.0
342,5,10,150,4,0.6366824387328317
343,5,10,150,4,0.16812753627111746
344,5,10,150,4,0.0
345,5,10,150,4,0.24630238874073
346,5,10,150,4,0.0
347,5,10,150,4,0.5585075862632192
348,5,10,150,4,0.0
349,5,10,150,4,0.0
350,5,10,150,4,0.0
351,5,10,150,4,0.0
352,5,10,150,4,0.0
353,5,10,150,4,0.0
354,5,10,150,4,0.0
355,5,10,150,4,0.0
356,5,10,150,4,0.0
357,5,10,150,4,0.0
358,5,10,150,4,0.0
359,5,10,150,4,0.0
360,5,10,150,4,0.0
361,5,10,150,4,0.16812753627111746
362,5,10,150,4,0.0
363,5,10,150,4,0.19519002499605084
364,5,10,150,4,0.0
365,5,10,150,4,0.0
366,5,10,150,4,0.0
367,5,10,150,4,0.0
368,5,10,150,4,0.0
369,5,10,150,4,0.0
370,5,10,150,4,0.0
371,5,10,150,4,0.0
372,5,10,150,4,0.19519002499605084
373,5,10,150,4,0.0
374,5,10,150,4,0.0
375,5,10,150,4,0.0
376,5,10,150,4,0.0
377,5,10,150,4,0.0
378,5,10,150,4,0.3903800499921017
379,5,10,150,4,0.0
380,5,10,150,4,0.0
381,5,10,150,4,0.0
382,5,10,150,4,0.0
383,5,10,150,4,0.0
384,5,10,150,4,0.0
385,5,10,150,4,0.0
386,5,10,150,4,0.0
387,5,10,150,4,0.19519002499605084
388,5,10,150,4,0.0
389,5,10,150,4,0.0
390,5,10,150,4,0.0
391,5,10,150,4,0.16812753627111746
392,5,10,150,4,0.19519002499605084
393,5,10,150,4,0.24630238874073
394,5,10,150,4,0.16812753627111746
395,5,10,150,4,0.0
396,5,10,150,4,0.0
397,5,10,150,4,0.19519002499605084
398,5,10,150,4,0.3903800499921017
399,5,10,150,4,0.0
400,5,10,150,4,0.0
401,5,10,150,4,0.0
402,5,10,150,4,0.0
403,5,10,150,4,0.3903800499921017
404,5,10,150,4,0.0
405,5,10,150,4,0.0
406,5,10,150,4,0.0
407,5,10,150,4,0.0
408,5,10,150,4,0.0
409,5,10,150,4,0.0
410,5,10,150,4,0.0
411,5,10,150,4,0.24630238874073
412,5,10,150,4,0.0
413,5,10,150,4,0.0
414,5,10,150,4,0.24630238874073
415,5,10,150,4,0.0
416,5,10,150,4,0.0
417,5,10,150,4,0.0
419,5,10,150,4,0.3903800499921017
420,5,10,150,4,0.0
421,5,10,150,4,0.0
422,5,10,150,4,0.0
423,5,10,150,4,0.0
424,5,10,150,4,0.0
425,5,10,150,4,0.4144299250118475
426,5,10,150,4,0.0
427,5,10,150,4,0.0
428,5,10,150,4,0.0
429,5,10,150,4,0.0
430,5,10,150,4,0.0
431,5,10,150,4,0.0
432,5,10,150,4,0.0
433,5,10,150,4,0.0
434,5,10,150,4,0.3903800499921017
435,5,10,150,4,0.24630238874073
436,5,10,150,4,0.19519002499605084
437,5,10,150,4,0.44149241373678083
438,5,10,150,4,0.0
439,5,10,150,4,0.0
440,5,10,150,4,0.0
441,5,10,150,4,0.0
442,5,10,150,4,0.0
443,5,10,150,4,0.0
445,5,10,150,4,0.0
446,5,10,150,4,0.0
447,5,10,150,4,0.24630238874073
448,5,10,150,4,0.0
449,5,10,150,4,0.0
450,5,10,150,4,0.19519002499605084
451,5,10,150,4,0.0
452,5,10,150,4,0.0
453,5,10,150,4,0.0
454,5,10,150,4,0.0
455,5,10,150,4,0.0
456,5,10,150,4,0.24630238874073
457,5,10,150,4,0.3903800499921017
458,5,10,150,4,0.0
459,5,10,150,4,0.0
460,5,10,150,4,0.0
461,5,10,150,4,0.0
462,5,10,150,4,0.0
463,5,10,150,4,0.0
464,5,10,150,4,0.0
465,5,10,150,4,0.0
466,5,10,150,4,0.0
467,5,10,150,4,0.0
468,5,10,150,4,0.3903800499921017
469,5,10,150,4,0.0
470,5,10,150,4,0.0
471,5,10,150,4,0.0
472,5,10,150,4,0.0
473,5,10,150,4,0.0
474,5,10,150,4,0.5585075862632192
475,5,10,150,4,0.0
476,5,10,150,4,0.0
477,5,10,150,4,0.0
478,5,10,150,4,0.0
479,5,10,150,4,0.0
480,5,10,150,4,0.24630238874073
481,5,10,150,4,0.0
482,5,10,150,4,0.0
483,5,10,150,4,0.0
484,5,10,150,4,0.0
485,5,10,150,4,0.0
486,5,10,150,4,0.0
487,5,10,150,4,0.16812753627111746
488,5,10,150,4,0.0
489,5,10,150,4,0.0
490,5,10,150,4,0.0
491,5,10,150,4,0.24630238874073
492,5,10,150,4,0.0
493,5,10,150,4,0.0
494,5,10,150,4,0.0
495,5,10,150,4,0.3903800499921017
496,5,10,150,4,0.0
497,5,10,150,4,0.0
498,5,10,150,4,0.0
499,5,10,150,4,0.0
500,5,10,150,4,0.0
501,5,10,150,4,0.0
502,5,10,150,4,0.0
503,5,10,150,4,0.24630238874073
504,5,10,150,4,0.0
505,5,10,150,4,0.0
506,5,10,150,4,0.0
507,5,10,150,4,0.0
508,5,10,150,4,0.0
509,5,10,150,4,0.0
510,5,10,150,4,0.0
511,5,10,150,4,0.0
512,5,10,150,4,0.0
513,5,10,150,4,0.0
514,5,10,150,4,0.0
515,5,10,150,4,0.0
516,5,10,150,4,0.0
517,5,10,150,4,0.0
518,5,10,150,4,0.0
519,5,10,150,4,0.0
520,5,10,150,4,0.0
521,5,10,150,4,0.0
522,5,10,150,4,0.0
523,5,10,150,4,0.0
524,5,10,150,4,0.0
525,5,10,150,4,0.0
526,5,10,150,4,0.0
527,5,10,150,4,0.0
528,5,10,150,4,0.0
529,5,10,150,4,0.0
530,5,10,150,4,0.0
531,5,10,150,4,0.0
532,5,10,150,4,0.0
533,5,10,150,4,0.24630238874073
534,5,10,150,4,0.0
535,5,10,150,4,0.19519002499605084
536,5,10,150,4,0.3903800499921017
537,5,10,150,4,0.8318724637288826
538,5,10,150,4,0.0
539,5,10,150,4,0.0
540,5,10,150,4,0.0
541,5,10,150,4,0.0
542,5,10,150,4,0.3903800499921017
543,5,10,150,4,0.0
544,5,10,150,4,0.0
545,5,10,150,4,0.16812753627111746
546,5,10,150,4,0.24630238874073
547,5,10,150,4,0.0
548,5,10,150,4,0.0
549,5,10,150,4,0.0
550,5,10,150,4,0.0
551,5,10,150,4,0.5585075862632192
552,5,10,150,4,0.0
553,5,10,150,4,0.0
554,5,10,150,4,0.44149241373678083
555,5,10,150,4,0.0
556,5,10,150,4,0.0
557,5,10,150,4,0.0
558,5,10,150,4,0.0
559,5,10,150,4,0.16812753627111746
560,5,10,150,4,0.24630238874073
561,5,10,150,4,0.0
562,5,10,150,4,0.0
563,5,10,150,4,0.0
564,5,10,150,4,0.0
565,5,10,150,4,0.0
566,5,10,150,4,0.24630238874073
567,5,10,150,4,0.0
568,5,10,150,4,0.0
569,5,10,150,4,0.0
570,5,10,150,4,0.0
571,5,10,150,4,0.0
572,5,10,150,4,0.0
573,5,10,150,4,0.0
574,5,10,150,4,0.0
575,5,10,150,4,0.0
576,5,10,150,4,0.24630238874073
577,5,10,150,4,0.4144299250118475
578,5,10,150,4,0.0
579,5,10,150,4,0.0
580,5,10,150,4,0.0
581,5,10,150,4,0.0
582,5,10,150,4,0.0
583,5,10,150,4,0.0
584,5,10,150,4,0.0
585,5,10,150,4,0.0
586,5,10,150,4,0.19519002499605084
587,5,10,150,4,0.0
588,5,10,150,4,0.3903800499921017
589,5,10,150,4,0.0
590,5,10,150,4,0.19519002499605084
591,5,10,150,4,0.3903800499921017
592,5,10,150,4,0.24630238874073
593,5,10,150,4,0.3903800499921017
594,5,10,150,4,0.0
595,5,10,150,4,0.0
596,5,10,150,4,0.0
597,5,10,150,4,0.0
598,5,10,150,4,0.19519002499605084
599,5,10,150,4,0.0
600,5,10,150,4,0.0
601,5,10,150,4,0.0
602,5,10,150,4,0.0
603,5,10,150,4,0.0
604,5,10,150,4,0.0
605,5,10,150,4,0.0
606,5,10,150,4,0.24630238874073
607,5,10,150,4,0.0
608,5,10,150,4,0.0
609,5,10,150,4,0.16812753627111746
610,5,10,150,4,0.0
611,5,10,150,4,0.0
612,5,10,150,4,0.0
613,5,10,150,4,0.19519002499605084
614,5,10,150,4,0.24630238874073
615,5,10,150,4,0.0
616,5,10,150,4,0.0
617,5,10,150,4,0.0
618,5,10,150,4,0.24630238874073
619,5,10,150,4,0.16812753627111746
620,5,10,150,4,0.0
621,5,10,150,4,0.3903800499921017
622,5,10,150,4,0.0
623,5,10,150,4,0.0
624,5,10,150,4,0.0
625,5,10,150,4,0.0
626,5,10,150,4,0.0
627,5,10,150,4,0.0
628,5,10,150,4,0.0
629,5,10,150,4,0.0
630,5,10,150,4,0.24630238874073
631,5,10,150,4,0.0
632,5,10,150,4,0.6366824387328317
633,5,10,150,4,0.0
634,5,10,150,4,0.0
635,5,10,150,4,0.0
636,5,10,150,4,0.0
637,5,10,150,4,0.0
638,5,10,150,4,0.0
639,5,10,150,4,0.0
640,5,10,150,4,0.0
641,5,10,150,4,0.0
642,5,10,150,4,0.0
643,5,10,150,4,0.0
644,5,10,150,4,0.0
645,5,10,150,4,0.24630238874073
646,5,10,150,4,0.0
647,5,10,150,4,0.0
648,5,10,150,4,0.0
649,5,10,150,4,0.0
650,5,10,150,4,0.0
651,5,10,150,4,0.0
652,5,10,150,4,0.0
653,5,10,150,4,0.0
654,5,10,150,4,0.3903800499921017
655,5,10,150,4,0.0
656,5,10,150,4,0.0
657,5,10,150,4,0.0
658,5,10,150,4,0.0
659,5,10,150,4,0.0
660,5,10,150,4,0.0
661,5,10,150,4,0.0
662,5,10,150,4,0.0
663,5,10,150,4,0.0
664,5,10,150,4,0.0
665,5,10,150,4,0.0
666,5,10,150,4,0.3903800499921017
667,5,10,150,4,0.3903800499921017
668,5,10,150,4,0.0
669,5,10,150,4,0.3903800499921017
670,5,10,150,4,0.0
671,5,10,150,4,0.24630238874073
672,5,10,150,4,0.0
673,5,10,150,4,0.0
674,5,10,150,4,0.0
675,5,10,150,4,0.0
676,5,10,150,4,0.0
677,5,10,150,4,0.0
678,5,10,150,4,0.0
679,5,10,150,4,0.0
680,5,10,150,4,0.3903800499921017
681,5,10,150,4,0.0
682,5,10,150,4,0.0
683,5,10,150,4,0.0
684,5,10,150,4,0.0
685,5,10,150,4,0.0
686,5,10,150,4,0.0
687,5,10,150,4,0.0
688,5,10,150,4,0.0
689,5,10,150,4,0.3903800499921017
690,5,10,150,4,0.0
691,5,10,150,4,0.0
692,5,10,150,4,0.0
693,5,10,150,4,0.0
694,5,10,150,4,0.0
695,5,10,150,4,0.0
696,5,10,150,4,0.0
697,5,10,150,4,0.16812753627111746
698,5,10,150,4,0.3903800499921017
699,5,10,150,4,0.0
700,5,10,150,4,0.19519002499605084
701,5,10,150,4,0.0
702,5,10,150,4,0.0
703,5,10,150,4,0.0
704,5,10,150,4,0.0
705,5,10,150,4,0.0
706,5,10,150,4,0.0
707,5,10,150,4,0.0
708,5,10,150,4,0.0
709,5,10,150,4,0.0
710,5,10,150,4,0.19519002499605084
711,5,10,150,4,0.0
712,5,10,150,4,0.0
713,5,10,150,4,0.0
714,5,10,150,4,0.0
715,5,10,150,4,0.24630238874073
716,5,10,150,4,0.0
717,5,10,150,4,0.24630238874073
718,5,10,150,4,0.0
719,5,10,150,4,0.0
720,5,10,150,4,0.0
721,5,10,150,4,0.3903800499921017
722,5,10,150,4,0.0
723,5,10,150,4,0.0
724,5,10,150,4,0.0
725,5,10,150,4,0.0
726,5,10,150,4,0.3903800499921017
727,5,10,150,4,0.0
728,5,10,150,4,0.0
729,5,10,150,4,0.0
730,5,10,150,4,0.0
731,5,10,150,4,0.0
732,5,10,150,4,0.0
733,5,10,150,4,0.0
734,5,10,150,4,0.0
735,5,10,150,4,0.0
736,5,10,150,4,0.0
737,5,10,150,4,0.19519002499605084
738,5,10,150,4,1.0
739,5,10,150,4,0.0
740,5,10,150,4,0.0
741,5,10,150,4,0.0
742,5,10,150,4,0.0
743,5,10,150,4,0.0
744,5,10,150,4,0.0
745,5,10,150,4,0.8048099750039491
746,5,10,150,4,0.0
747,5,10,150,4,0.8318724637288826
748,5,10,150,4,0.5855700749881525
749,5,10,150,4,0.0
750,5,10,150,4,0.0
751,5,10,150,4,0.0
752,5,10,150,4,0.0
753,5,10,150,4,0.0
754,5,10,150,4,0.0
755,5,10,150,4,0.0
756,5,10,150,4,0.0
757,5,10,150,4,0.0
758,5,10,150,4,0.36331756126716835
759,5,10,150,4,0.0
760,5,10,150,4,0.0
761,5,10,150,4,0.0
762,5,10,150,4,0.0
763,5,10,150,4,0.44149241373678083
764,5,10,150,4,0.0
765,5,10,150,4,0.0
766,5,10,150,4,0.0
767,5,10,150,4,0.3903800499921017
768,5,10,150,4,0.0
769,5,10,150,4,0.0
770,5,10,150,4,0.0
771,5,10,150,4,0.0
772,5,10,150,4,0.0
773,5,10,150,4,0.19519002499605084
774,5,10,150,4,0.0
775,5,10,150,4,0.0
776,5,10,150,4,0.19519002499605084
777,5,10,150,4,0.0
778,5,10,150,4,0.0
779,5,10,150,4,0.0
780,5,10,150,4,0.0
781,5,10,150,4,0.0
782,5,10,150,4,0.0
783,5,10,150,4,0.0
784,5,10,150,4,0.0
785,5,10,150,4,0.0
786,5,10,150,4,0.24630238874073
787,5,10,150,4,0.0
788,5,10,150,4,0.6366824387328317
789,5,10,150,4,0.0
790,5,10,150,4,0.16812753627111746
791,5,10,150,4,0.0
792,5,10,150,4,0.0
793,5,10,150,4,0.0
794,5,10,150,4,0.19519002499605084
795,5,10,150,4,0.3903800499921017
796,5,10,150,4,0.44149241373678083
797,5,10,150,4,0.0
798,5,10,150,4,0.0
799,5,10,150,4,0.0
800,5,10,150,4,0.0
801,5,10,150,4,0.0
802,5,10,150,4,0.0
803,5,10,150,4,0.0
804,5,10,150,4,0.0
805,5,10,150,4,0.0
806,5,10,150,4,0.0
807,5,10,150,4,0.0
808,5,10,150,4,0.0
809,5,10,150,4,0.0
810,5,10,150,4,0.0
811,5,10,150,4,0.0
812,5,10,150,4,0.0
813,5,10,150,4,0.0
814,5,10,150,4,0.0
815,5,10,150,4,0.5585075862632192
816,5,10,150,4,0.0
817,5,10,150,4,0.0
818,5,10,150,4,0.0
819,5,10,150,4,0.0
820,5,10,150,4,0.0
821,5,10,150,4,0.0
822,5,10,150,4,0.0
823,5,10,150,4,0.19519002499605084
824,5,10,150,4,0.0
825,5,10,150,4,0.0
826,5,10,150,4,0.0
827,5,10,150,4,0.0
828,5,10,150,4,0.16812753627111746
829,5,10,150,4,0.0
830,5,10,150,4,0.0
831,5,10,150,4,0.19519002499605084
832,5,10,150,4,0.0
833,5,10,150,4,0.24630238874073
834,5,10,150,4,0.0
835,5,10,150,4,0.0
836,5,10,150,4,0.0
837,5,10,150,4,0.0
838,5,10,150,4,0.0
839,5,10,150,4,0.0
840,5,10,150,4,0.19519002499605084
841,5,10,150,4,0.0
842,5,10,150,4,0.0
843,5,10,150,4,0.4144299250118475
844,5,10,150,4,0.4144299250118475
845,5,10,150,4,0.0
846,5,10,150,4,0.24630238874073
847,5,10,150,4,0.0
848,5,10,150,4,0.0
849,5,10,150,4,0.0
850,5,10,150,4,0.0
851,5,10,150,4,0.3903800499921017
852,5,10,150,4,0.0
853,5,10,150,4,0.0
854,5,10,150,4,0.24630238874073
855,5,10,150,4,0.0
856,5,10,150,4,0.0
857,5,10,150,4,0.0
858,5,10,150,4,0.0
859,5,10,150,4,0.0
860,5,10,150,4,0.0
861,5,10,150,4,0.19519002499605084
862,5,10,150,4,0.0
863,5,10,150,4,0.0
864,5,10,150,4,0.24630238874073
865,5,10,150,4,0.0
866,5,10,150,4,0.0
867,5,10,150,4,0.5855700749881525
868,5,10,150,4,0.16812753627111746
869,5,10,150,4,0.0
870,5,10,150,4,0.16812753627111746
871,5,10,150,4,0.24630238874073
872,5,10,150,4,0.0
873,5,10,150,4,0.0
874,5,10,150,4,0.0
875,5,10,150,4,0.24630238874073
876,5,10,150,4,0.0
877,5,10,150,4,0.0
878,5,10,150,4,0.0
879,5,10,150,4,0.0
880,5,10,150,4,0.6366824387328317
881,5,10,150,4,0.6366824387328317
882,5,10,150,4,0.5585075862632192
883,5,10,150,4,0.6096199500078984
884,5,10,150,4,0.0
885,5,10,150,4,0.0
886,5,10,150,4,0.5855700749881525
887,5,10,150,4,0.0
888,5,10,150,4,0.0
889,5,10,150,4,0.5855700749881525
890,5,10,150,4,0.6366824387328317
891,5,10,150,4,0.0
892,5,10,150,4,0.75369761125927
893,5,10,150,4,0.0
894,5,10,150,4,0.4144299250118475
895,5,10,150,4,0.0
896,5,10,150,4,0.8048099750039491
897,5,10,150,4,0.19519002499605084
898,5,10,150,4,0.0
899,5,10,150,4,0.6366824387328317
900,5,10,150,4,0.0
901,5,10,150,4,0.75369761125927
902,5,10,150,4,0.0
903,5,10,150,4,0.5585075862632192
904,5,10,150,4,0.0
905,5,10,150,4,0.0
906,5,10,150,4,0.0
907,5,10,150,4,0.6366824387328317
908,5,10,150,4,0.0
909,5,10,150,4,0.0
910,5,10,150,4,0.24630238874073
911,5,10,150,4,0.0
912,5,10,150,4,0.19519002499605084
913,5,10,150,4,0.0
914,5,10,150,4,0.0
915,5,10,150,4,0.0
916,5,10,150,4,0.3903800499921017
917,5,10,150,4,0.0
918,5,10,150,4,0.0
919,5,10,150,4,0.16812753627111746
920,5,10,150,4,0.0
921,5,10,150,4,0.0
922,5,10,150,4,0.0
923,5,10,150,4,0.0
924,5,10,150,4,0.0
925,5,10,150,4,0.0
926,5,10,150,4,0.0
927,5,10,150,4,0.0
928,5,10,150,4,0.16812753627111746
929,5,10,150,4,0.19519002499605084
930,5,10,150,4,0.19519002499605084
931,5,10,150,4,0.0
932,5,10,150,4,0.5855700749881525
933,5,10,150,4,0.0
934,5,10,150,4,0.0
935,5,10,150,4,0.0
936,5,10,150,4,0.3903800499921017
937,5,10,150,4,0.0
938,5,10,150,4,0.0
939,5,10,150,4,0.0
940,5,10,150,4,0.0
941,5,10,150,4,0.3903800499921017
942,5,10,150,4,0.0
943,5,10,150,4,0.75369761125927
1,5,10,150,5,1.0
2,5,10,150,5,0.0
3,5,10,150,5,0.0
4,5,10,150,5,0.0
5,5,10,150,5,0.0
6,5,10,150,5,0.0
7,5,10,150,5,0.0
8,5,10,150,5,0.0
9,5,10,150,5,0.0
10,5,10,150,5,0.38356636737133565
11,5,10,150,5,0.0
12,5,10,150,5,0.0
13,5,10,150,5,0.5531464700081437
14,5,10,150,5,0.13120507751234178
15,5,10,150,5,0.0
16,5,10,150,5,0.0
17,5,10,150,5,0.0
18,5,10,150,5,0.13120507751234178
19,5,10,150,5,0.0
20,5,10,150,5,0.16958010263680806
21,5,10,150,5,0.21398626473452756
22,5,10,150,5,0.0
23,5,10,150,5,0.0
24,5,10,150,5,0.0
25,5,10,150,5,0.27727342735504823
26,5,10,150,5,0.0
27,5,10,150,5,0.0
28,5,10,150,5,0.0
30,5,10,150,5,0.0
31,5,10,150,5,0.0
32,5,10,150,5,0.19519002499605084
33,5,10,150,5,0.0
34,5,10,150,5,0.0
35,5,10,150,5,0.0
37,5,10,150,5,0.0
38,5,10,150,5,0.0
39,5,10,150,5,0.0
40,5,10,150,5,0.0
41,5,10,150,5,0.0
42,5,10,150,5,0.0
43,5,10,150,5,0.0
44,5,10,150,5,0.0
45,5,10,150,5,0.0
46,5,10,150,5,0.0
47,5,10,150,5,0.0
48,5,10,150,5,0.0
49,5,10,150,5,0.0
52,5,10,150,5,0.0
53,5,10,150,5,0.0
54,5,10,150,5,0.0
55,5,10,150,5,0.0
56,5,10,150,5,0.21398626473452756
57,5,10,150,5,0.0
58,5,10,150,5,0.3391602052736161
59,5,10,150,5,0.3391602052736161
60,5,10,150,5,0.0
61,5,10,150,5,0.0
62,5,10,150,5,0.21398626473452756
63,5,10,150,5,0.0
64,5,10,150,5,0.0
65,5,10,150,5,0.16958010263680806
66,5,10,150,5,0.0
67,5,10,150,5,0.0
68,5,10,150,5,0.0
69,5,10,150,5,0.0
70,5,10,150,5,0.0
71,5,10,150,5,0.0
72,5,10,150,5,0.0
73,5,10,150,5,0.0
74,5,10,150,5,0.0
75,5,10,150,5,0.0
76,5,10,150,5,0.13120507751234178
77,5,10,150,5,0.0
78,5,10,150,5,0.0
79,5,10,150,5,0.0
80,5,10,150,5,0.0
81,5,10,150,5,0.0
82,5,10,150,5,0.0
83,5,10,150,5,0.0
84,5,10,150,5,0.0
85,5,10,150,5,0.0
86,5,10,150,5,0.0
87,5,10,150,5,0.0
88,5,10,150,5,0.0
89,5,10,150,5,0.0
90,5,10,150,5,0.0
91,5,10,150,5,0.0
92,5,10,150,5,0.0
93,5,10,150,5,0.0
94,5,10,150,5,0.0
95,5,10,150,5,0.0
96,5,10,150,5,0.0
97,5,10,150,5,0.0
98,5,10,150,5,0.0
99,5,10,150,5,0.0
100,5,10,150,5,0.0
101,5,10,150,5,0.0
102,5,10,150,5,0.0
103,5,10,150,5,0.0
104,5,10,150,5,0.3391602052736161
105,5,10,150,5,0.0
106,5,10,150,5,0.0
107,5,10,150,5,0.0
109,5,10,150,5,0.16958010263680806
110,5,10,150,5,0.0
111,5,10,150,5,0.0
112,5,10,150,5,0.0
113,5,10,150,5,0.0
114,5,10,150,5,0.0
115,5,10,150,5,0.0
116,5,10,150,5,0.0
117,5,10,150,5,0.0
118,5,10,150,5,0.16958010263680806
119,5,10,150,5,0.0
120,5,10,150,5,0.0
121,5,10,150,5,0.14606834984270645
122,5,10,150,5,0.0
123,5,10,150,5,0.0
124,5,10,150,5,0.0
125,5,10,150,5,0.0
126,5,10,150,5,0.0
128,5,10,150,5,0.0
129,5,10,150,5,0.0
130,5,10,150,5,0.21398626473452756
131,5,10,150,5,0.0
132,5,10,150,5,0.0
133,5,10,150,5,0.0
134,5,10,150,5,0.0
135,5,10,150,5,0.0
136,5,10,150,5,0.0
137,5,10,150,5,0.0
138,5,10,150,5,0.0
139,5,10,150,5,0.0
140,5,10,150,5,0.0
141,5,10,150,5,0.0
142,5,10,150,5,0.0
143,5,10,150,5,0.0
144,5,10,150,5,0.0
145,5,10,150,5,0.3156484524795145
146,5,10,150,5,0.0
147,5,10,150,5,0.0
148,5,10,150,5,0.0
149,5,10,150,5,0.0
150,5,10,150,5,0.2640681225725909
151,5,10,150,5,0.0
152,5,10,150,5,0.0
153,5,10,150,5,0.0
154,5,10,150,5,0.0
155,5,10,150,5,0.0
156,5,10,150,5,0.0
157,5,10,150,5,0.0
158,5,10,150,5,0.0
159,5,10,150,5,0.3391602052736161
160,5,10,150,5,0.21398626473452756
161,5,10,150,5,0.0
162,5,10,150,5,0.0
163,5,10,150,5,0.0
164,5,10,150,5,0.0
165,5,10,150,5,0.0
167,5,10,150,5,0.0
168,5,10,150,5,0.0
169,5,10,150,5,0.0
170,5,10,150,5,0.0
171,5,10,150,5,0.0
173,5,10,150,5,0.0
174,5,10,150,5,0.0
175,5,10,150,5,0.0
176,5,10,150,5,0.0
177,5,10,150,5,0.48522855511632257
178,5,10,150,5,0.14606834984270645
179,5,10,150,5,0.0
180,5,10,150,5,0.0
181,5,10,150,5,0.0
182,5,10,150,5,0.0
183,5,10,150,5,0.15101961822780524
184,5,10,150,5,0.0
185,5,10,150,5,0.0
186,5,10,150,5,0.0
187,5,10,150,5,0.0
188,5,10,150,5,0.0
189,5,10,150,5,0.14606834984270645
190,5,10,150,5,0.0
192,5,10,150,5,0.0
193,5,10,150,5,0.0
194,5,10,150,5,0.0
195,5,10,150,5,0.0
196,5,10,150,5,0.0
197,5,10,150,5,0.0
198,5,10,150,5,0.0
199,5,10,150,5,0.0
200,5,10,150,5,0.13120507751234178
201,5,10,150,5,0.0
202,5,10,150,5,0.0
203,5,10,150,5,0.0
204,5,10,150,5,0.19519002499605084
205,5,10,150,5,0.0
206,5,10,150,5,0.0
207,5,10,150,5,0.0
208,5,10,150,5,0.0
209,5,10,150,5,0.0
210,5,10,150,5,0.0
211,5,10,150,5,0.0
213,5,10,150,5,0.0
214,5,10,150,5,0.0
216,5,10,150,5,0.3391602052736161
217,5,10,150,5,0.0
218,5,10,150,5,0.0
219,5,10,150,5,0.0
221,5,10,150,5,0.0
222,5,10,150,5,0.0
223,5,10,150,5,0.0
224,5,10,150,5,0.0
225,5,10,150,5,0.0
226,5,10,150,5,0.21398626473452756
227,5,10,150,5,0.0
228,5,10,150,5,0.0
229,5,10,150,5,0.0
230,5,10,150,5,0.0
231,5,10,150,5,0.0
232,5,10,150,5,0.0
233,5,10,150,5,0.21398626473452756
234,5,10,150,5,0.0
235,5,10,150,5,0.0
236,5,10,150,5,0.0
237,5,10,150,5,0.0
238,5,10,150,5,0.0
239,5,10,150,5,0.0
240,5,10,150,5,0.0
241,5,10,150,5,0.0
242,5,10,150,5,0.0
243,5,10,150,5,0.0
244,5,10,150,5,0.0
245,5,10,150,5,0.0
246,5,10,150,5,0.0
247,5,10,150,5,0.0
248,5,10,150,5,0.0
249,5,10,150,5,0.0
250,5,10,150,5,0.0
251,5,10,150,5,0.14606834984270645
252,5,10,150,5,0.0
253,5,10,150,5,0.0
254,5,10,150,5,0.13120507751234178
255,5,10,150,5,0.0
256,5,10,150,5,0.0
257,5,10,150,5,0.0
258,5,10,150,5,0.0
259,5,10,150,5,0.0
260,5,10,150,5,0.0
261,5,10,150,5,0.0
262,5,10,150,5,0.0
263,5,10,150,5,0.0
264,5,10,150,5,0.0
265,5,10,150,5,0.0
266,5,10,150,5,0.0
267,5,10,150,5,0.13120507751234178
268,5,10,150,5,0.0
269,5,10,150,5,0.14606834984270645
270,5,10,150,5,0.0
271,5,10,150,5,0.16958010263680806
272,5,10,150,5,0.0
273,5,10,150,5,0.0
274,5,10,150,5,0.0
275,5,10,150,5,0.0
276,5,10,150,5,0.3391602052736161
277,5,10,150,5,0.0
278,5,10,150,5,0.0
279,5,10,150,5,0.21398626473452756
280,5,10,150,5,0.3391602052736161
281,5,10,150,5,0.0
282,5,10,150,5,0.0
283,5,10,150,5,0.0
284,5,10,150,5,0.0
285,5,10,150,5,0.0
286,5,10,150,5,0.0
287,5,10,150,5,0.0
288,5,10,150,5,0.0
289,5,10,150,5,0.0
290,5,10,150,5,0.0
291,5,10,150,5,0.0
292,5,10,150,5,0.0
293,5,10,150,5,0.21398626473452756
294,5,10,150,5,0.0
295,5,10,150,5,0.16958010263680806
296,5,10,150,5,0.16958010263680806
297,5,10,150,5,0.0
298,5,10,150,5,0.0
299,5,10,150,5,0.0
300,5,10,150,5,0.0
301,5,10,150,5,0.0
302,5,10,150,5,0.0
303,5,10,150,5,0.0
304,5,10,150,5,0.0
305,5,10,150,5,0.13120507751234178
306,5,10,150,5,0.0
307,5,10,150,5,0.0
308,5,10,150,5,0.0
310,5,10,150,5,0.0
311,5,10,150,5,0.16958010263680806
312,5,10,150,5,0.0
313,5,10,150,5,0.0
314,5,10,150,5,0.38356636737133565
315,5,10,150,5,0.0
316,5,10,150,5,0.0
317,5,10,150,5,0.0
318,5,10,150,5,0.0
319,5,10,150,5,0.0
320,5,10,150,5,0.0
321,5,10,150,5,0.0
322,5,10,150,5,0.0
323,5,10,150,5,0.14606834984270645
324,5,10,150,5,0.0
325,5,10,150,5,0.13120507751234178
326,5,10,150,5,0.0
327,5,10,150,5,0.0
328,5,10,150,5,0.16958010263680806
329,5,10,150,5,0.0
330,5,10,150,5,0.0
331,5,10,150,5,0.0
332,5,10,150,5,0.0
334,5,10,150,5,0.0
335,5,10,150,5,0.0
336,5,10,150,5,0.0
337,5,10,150,5,0.0
338,5,10,150,5,0.0
339,5,10,150,5,0.21398626473452756
340,5,10,150,5,0.0
341,5,10,150,5,0.0
342,5,10,150,5,0.5531464700081437
343,5,10,150,5,0.14606834984270645
344,5,10,150,5,0.0
345,5,10,150,5,0.21398626473452756
346,5,10,150,5,0.0
347,5,10,150,5,0.48522855511632257
348,5,10,150,5,0.0
349,5,10,150,5,0.0
350,5,10,150,5,0.0
351,5,10,150,5,0.0
352,5,10,150,5,0.0
353,5,10,150,5,0.0
354,5,10,150,5,0.13120507751234178
355,5,10,150,5,0.0
356,5,10,150,5,0.0
357,5,10,150,5,0.0
358,5,10,150,5,0.0
359,5,10,150,5,0.0
360,5,10,150,5,0.0
361,5,10,150,5,0.14606834984270645
362,5,10,150,5,0.0
363,5,10,150,5,0.16958010263680806
364,5,10,150,5,0.0
365,5,10,150,5,0.0
366,5,10,150,5,0.0
367,5,10,150,5,0.0
368,5,10,150,5,0.0
369,5,10,150,5,0.0
370,5,10,150,5,0.0
371,5,10,150,5,0.0
372,5,10,150,5,0.16958010263680806
373,5,10,150,5,0.0
374,5,10,150,5,0.0
375,5,10,150,5,0.0
376,5,10,150,5,0.0
377,5,10,150,5,0.0
378,5,10,150,5,0.3391602052736161
379,5,10,150,5,0.0
380,5,10,150,5,0.0
381,5,10,150,5,0.0
382,5,10,150,5,0.0
383,5,10,150,5,0.0
384,5,10,150,5,0.0
385,5,10,150,5,0.0
386,5,10,150,5,0.0
387,5,10,150,5,0.16958010263680806
388,5,10,150,5,0.0
389,5,10,150,5,0.0
390,5,10,150,5,0.0
391,5,10,150,5,0.14606834984270645
392,5,10,150,5,0.16958010263680806
393,5,10,150,5,0.21398626473452756
394,5,10,150,5,0.27727342735504823
395,5,10,150,5,0.0
396,5,10,150,5,0.0
397,5,10,150,5,0.16958010263680806
398,5,10,150,5,0.3391602052736161
399,5,10,150,5,0.0
400,5,10,150,5,0.0
401,5,10,150,5,0.0
402,5,10,150,5,0.0
403,5,10,150,5,0.3391602052736161
404,5,10,150,5,0.0
405,5,10,150,5,0.0
406,5,10,150,5,0.13120507751234178
407,5,10,150,5,0.0
408,5,10,150,5,0.0
409,5,10,150,5,0.0
410,5,10,150,5,0.0
411,5,10,150,5,0.21398626473452756
412,5,10,150,5,0.0
413,5,10,150,5,0.0
414,5,10,150,5,0.21398626473452756
415,5,10,150,5,0.0
416,5,10,150,5,0.0
417,5,10,150,5,0.0
419,5,10,150,5,0.3391602052736161
420,5,10,150,5,0.0
421,5,10,150,5,0.0
422,5,10,150,5,0.0
423,5,10,150,5,0.0
424,5,10,150,5,0.0
425,5,10,150,5,0.4912596920895758
426,5,10,150,5,0.0
427,5,10,150,5,0.0
428,5,10,150,5,0.0
429,5,10,150,5,0.13120507751234178
430,5,10,150,5,0.0
431,5,10,150,5,0.0
432,5,10,150,5,0.0
433,5,10,150,5,0.0
434,5,10,150,5,0.3903800499921017
435,5,10,150,5,0.21398626473452756
436,5,10,150,5,0.16958010263680806
437,5,10,150,5,0.38356636737133565
438,5,10,150,5,0.0
439,5,10,150,5,0.0
440,5,10,150,5,0.0
441,5,10,150,5,0.0
442,5,10,150,5,0.0
443,5,10,150,5,0.0
445,5,10,150,5,0.0
446,5,10,150,5,0.0
447,5,10,150,5,0.21398626473452756
448,5,10,150,5,0.0
449,5,10,150,5,0.0
450,5,10,150,5,0.16958010263680806
451,5,10,150,5,0.0
452,5,10,150,5,0.0
453,5,10,150,5,0.0
454,5,10,150,5,0.0
455,5,10,150,5,0.0
456,5,10,150,5,0.21398626473452756
457,5,10,150,5,0.3391602052736161
458,5,10,150,5,0.0
459,5,10,150,5,0.0
460,5,10,150,5,0.0
461,5,10,150,5,0.0
462,5,10,150,5,0.0
463,5,10,150,5,0.0
464,5,10,150,5,0.0
465,5,10,150,5,0.0
466,5,10,150,5,0.0
467,5,10,150,5,0.0
468,5,10,150,5,0.3391602052736161
469,5,10,150,5,0.0
470,5,10,150,5,0.0
471,5,10,150,5,0.0
472,5,10,150,5,0.0
473,5,10,150,5,0.0
474,5,10,150,5,0.48522855511632257
475,5,10,150,5,0.0
476,5,10,150,5,0.0
477,5,10,150,5,0.0
478,5,10,150,5,0.13120507751234178
479,5,10,150,5,0.0
480,5,10,150,5,0.21398626473452756
481,5,10,150,5,0.0
482,5,10,150,5,0.0
483,5,10,150,5,0.0
484,5,10,150,5,0.0
485,5,10,150,5,0.0
486,5,10,150,5,0.0
487,5,10,150,5,0.14606834984270645
488,5,10,150,5,0.0
489,5,10,150,5,0.0
490,5,10,150,5,0.0
491,5,10,150,5,0.21398626473452756
492,5,10,150,5,0.0
493,5,10,150,5,0.0
494,5,10,150,5,0.0
495,5,10,150,5,0.3391602052736161
496,5,10,150,5,0.0
497,5,10,150,5,0.0
498,5,10,150,5,0.0
499,5,10,150,5,0.0
500,5,10,150,5,0.0
501,5,10,150,5,0.0
502,5,10,150,5,0.0
503,5,10,150,5,0.21398626473452756
504,5,10,150,5,0.0
505,5,10,150,5,0.0
506,5,10,150,5,0.0
507,5,10,150,5,0.0
508,5,10,150,5,0.0
509,5,10,150,5,0.0
510,5,10,150,5,0.0
511,5,10,150,5,0.0
512,5,10,150,5,0.0
513,5,10,150,5,0.0
514,5,10,150,5,0.0
515,5,10,150,5,0.0
516,5,10,150,5,0.0
517,5,10,150,5,0.0
518,5,10,150,5,0.0
519,5,10,150,5,0.0
520,5,10,150,5,0.0
521,5,10,150,5,0.0
522,5,10,150,5,0.0
523,5,10,150,5,0.0
524,5,10,150,5,0.0
525,5,10,150,5,0.0
526,5,10,150,5,0.0
527,5,10,150,5,0.0
528,5,10,150,5,0.0
529,5,10,150,5,0.0
530,5,10,150,5,0.0
531,5,10,150,5,0.0
532,5,10,150,5,0.0
533,5,10,150,5,0.21398626473452756
534,5,10,150,5,0.0
535,5,10,150,5,0.16958010263680806
536,5,10,150,5,0.3391602052736161
537,5,10,150,5,0.7227265726449519
538,5,10,150,5,0.0
539,5,10,150,5,0.0
540,5,10,150,5,0.0
541,5,10,150,5,0.0
542,5,10,150,5,0.3391602052736161
543,5,10,150,5,0.0
544,5,10,150,5,0.0
545,5,10,150,5,0.14606834984270645
546,5,10,150,5,0.21398626473452756
547,5,10,150,5,0.0
548,5,10,150,5,0.0
549,5,10,150,5,0.0
550,5,10,150,5,0.0
551,5,10,150,5,0.48522855511632257
552,5,10,150,5,0.0
553,5,10,150,5,0.0
554,5,10,150,5,0.38356636737133565
555,5,10,150,5,0.0
556,5,10,150,5,0.0
557,5,10,150,5,0.0
558,5,10,150,5,0.0
559,5,10,150,5,0.14606834984270645
560,5,10,150,5,0.34519134224686937
561,5,10,150,5,0.0
562,5,10,150,5,0.0
563,5,10,150,5,0.0
564,5,10,150,5,0.0
565,5,10,150,5,0.0
566,5,10,150,5,0.34519134224686937
567,5,10,150,5,0.0
568,5,10,150,5,0.0
569,5,10,150,5,0.0
570,5,10,150,5,0.0
571,5,10,150,5,0.0
572,5,10,150,5,0.0
573,5,10,150,5,0.0
574,5,10,150,5,0.0
575,5,10,150,5,0.0
576,5,10,150,5,0.21398626473452756
577,5,10,150,5,0.36005461457723403
578,5,10,150,5,0.0
579,5,10,150,5,0.0
580,5,10,150,5,0.0
581,5,10,150,5,0.0
582,5,10,150,5,0.0
583,5,10,150,5,0.0
584,5,10,150,5,0.0
585,5,10,150,5,0.0
586,5,10,150,5,0.16958010263680806
587,5,10,150,5,0.0
588,5,10,150,5,0.3391602052736161
589,5,10,150,5,0.0
590,5,10,150,5,0.16958010263680806
591,5,10,150,5,0.3391602052736161
592,5,10,150,5,0.21398626473452756
593,5,10,150,5,0.3391602052736161
594,5,10,150,5,0.0
595,5,10,150,5,0.0
596,5,10,150,5,0.0
597,5,10,150,5,0.0
598,5,10,150,5,0.16958010263680806
599,5,10,150,5,0.0
600,5,10,150,5,0.0
601,5,10,150,5,0.0
602,5,10,150,5,0.0
603,5,10,150,5,0.0
604,5,10,150,5,0.0
605,5,10,150,5,0.0
606,5,10,150,5,0.21398626473452756
607,5,10,150,5,0.0
608,5,10,150,5,0.0
609,5,10,150,5,0.14606834984270645
610,5,10,150,5,0.0
611,5,10,150,5,0.0
612,5,10,150,5,0.0
613,5,10,150,5,0.16958010263680806
614,5,10,150,5,0.21398626473452756
615,5,10,150,5,0.0
616,5,10,150,5,0.0
617,5,10,150,5,0.0
618,5,10,150,5,0.34519134224686937
619,5,10,150,5,0.14606834984270645
620,5,10,150,5,0.0
621,5,10,150,5,0.3391602052736161
622,5,10,150,5,0.0
623,5,10,150,5,0.0
624,5,10,150,5,0.0
625,5,10,150,5,0.0
626,5,10,150,5,0.0
627,5,10,150,5,0.0
628,5,10,150,5,0.0
629,5,10,150,5,0.0
630,5,10,150,5,0.21398626473452756
631,5,10,150,5,0.0
632,5,10,150,5,0.5531464700081437
633,5,10,150,5,0.0
634,5,10,150,5,0.0
635,5,10,150,5,0.0
636,5,10,150,5,0.0
637,5,10,150,5,0.0
638,5,10,150,5,0.0
639,5,10,150,5,0.0
640,5,10,150,5,0.0
641,5,10,150,5,0.0
642,5,10,150,5,0.0
643,5,10,150,5,0.0
644,5,10,150,5,0.0
645,5,10,150,5,0.21398626473452756
646,5,10,150,5,0.0
647,5,10,150,5,0.0
648,5,10,150,5,0.0
649,5,10,150,5,0.0
650,5,10,150,5,0.0
651,5,10,150,5,0.0
652,5,10,150,5,0.0
653,5,10,150,5,0.0
654,5,10,150,5,0.3391602052736161
655,5,10,150,5,0.0
656,5,10,150,5,0.0
657,5,10,150,5,0.0
658,5,10,150,5,0.0
659,5,10,150,5,0.0
660,5,10,150,5,0.0
661,5,10,150,5,0.0
662,5,10,150,5,0.0
663,5,10,150,5,0.0
664,5,10,150,5,0.13120507751234178
665,5,10,150,5,0.0
666,5,10,150,5,0.3391602052736161
667,5,10,150,5,0.3391602052736161
668,5,10,150,5,0.0
669,5,10,150,5,0.3391602052736161
670,5,10,150,5,0.0
671,5,10,150,5,0.21398626473452756
672,5,10,150,5,0.0
673,5,10,150,5,0.0
674,5,10,150,5,0.0
675,5,10,150,5,0.0
676,5,10,150,5,0.0
677,5,10,150,5,0.0
678,5,10,150,5,0.0
679,5,10,150,5,0.0
680,5,10,150,5,0.3391602052736161
681,5,10,150,5,0.0
682,5,10,150,5,0.0
683,5,10,150,5,0.0
684,5,10,150,5,0.0
685,5,10,150,5,0.0
686,5,10,150,5,0.0
687,5,10,150,5,0.0
688,5,10,150,5,0.0
689,5,10,150,5,0.3391602052736161
690,5,10,150,5,0.0
691,5,10,150,5,0.0
692,5,10,150,5,0.0
693,5,10,150,5,0.0
694,5,10,150,5,0.0
695,5,10,150,5,0.0
696,5,10,150,5,0.0
697,5,10,150,5,0.14606834984270645
698,5,10,150,5,0.3391602052736161
699,5,10,150,5,0.0
700,5,10,150,5,0.16958010263680806
701,5,10,150,5,0.0
702,5,10,150,5,0.0
703,5,10,150,5,0.0
704,5,10,150,5,0.0
705,5,10,150,5,0.0
706,5,10,150,5,0.0
707,5,10,150,5,0.0
708,5,10,150,5,0.0
709,5,10,150,5,0.0
710,5,10,150,5,0.16958010263680806
711,5,10,150,5,0.13120507751234178
712,5,10,150,5,0.0
713,5,10,150,5,0.0
714,5,10,150,5,0.0
715,5,10,150,5,0.21398626473452756
716,5,10,150,5,0.0
717,5,10,150,5,0.21398626473452756
718,5,10,150,5,0.0
719,5,10,150,5,0.0
720,5,10,150,5,0.0
721,5,10,150,5,0.3391602052736161
722,5,10,150,5,0.0
723,5,10,150,5,0.0
724,5,10,150,5,0.0
725,5,10,150,5,0.0
726,5,10,150,5,0.3391602052736161
727,5,10,150,5,0.0
728,5,10,150,5,0.0
729,5,10,150,5,0.0
730,5,10,150,5,0.0
731,5,10,150,5,0.0
732,5,10,150,5,0.0
733,5,10,150,5,0.0
734,5,10,150,5,0.0
735,5,10,150,5,0.0
736,5,10,150,5,0.0
737,5,10,150,5,0.16958010263680806
738,5,10,150,5,0.8687949224876582
739,5,10,150,5,0.0
740,5,10,150,5,0.0
741,5,10,150,5,0.0
742,5,10,150,5,0.0
743,5,10,150,5,0.0
744,5,10,150,5,0.0
745,5,10,150,5,0.6992148198508501
746,5,10,150,5,0.0
747,5,10,150,5,0.7227265726449519
748,5,10,150,5,0.5087403079104241
749,5,10,150,5,0.13120507751234178
750,5,10,150,5,0.0
751,5,10,150,5,0.0
752,5,10,150,5,0.0
753,5,10,150,5,0.0
754,5,10,150,5,0.0
755,5,10,150,5,0.0
756,5,10,150,5,0.0
757,5,10,150,5,0.0
758,5,10,150,5,0.3156484524795145
759,5,10,150,5,0.0
760,5,10,150,5,0.0
761,5,10,150,5,0.0
762,5,10,150,5,0.0
763,5,10,150,5,0.38356636737133565
764,5,10,150,5,0.13120507751234178
765,5,10,150,5,0.0
766,5,10,150,5,0.0
767,5,10,150,5,0.3391602052736161
768,5,10,150,5,0.0
769,5,10,150,5,0.0
770,5,10,150,5,0.0
771,5,10,150,5,0.0
772,5,10,150,5,0.0
773,5,10,150,5,0.16958010263680806
774,5,10,150,5,0.0
775,5,10,150,5,0.0
776,5,10,150,5,0.16958010263680806
777,5,10,150,5,0.0
778,5,10,150,5,0.0
779,5,10,150,5,0.13120507751234178
780,5,10,150,5,0.0
781,5,10,150,5,0.0
782,5,10,150,5,0.0
783,5,10,150,5,0.0
784,5,10,150,5,0.0
785,5,10,150,5,0.0
786,5,10,150,5,0.21398626473452756
787,5,10,150,5,0.0
788,5,10,150,5,0.6843515475204855
789,5,10,150,5,0.0
790,5,10,150,5,0.14606834984270645
791,5,10,150,5,0.0
792,5,10,150,5,0.0
793,5,10,150,5,0.0
794,5,10,150,5,0.30078518014914984
795,5,10,150,5,0.3391602052736161
796,5,10,150,5,0.5147714448836774
797,5,10,150,5,0.0
798,5,10,150,5,0.0
799,5,10,150,5,0.0
800,5,10,150,5,0.0
801,5,10,150,5,0.0
802,5,10,150,5,0.0
803,5,10,150,5,0.0
804,5,10,150,5,0.13120507751234178
805,5,10,150,5,0.0
806,5,10,150,5,0.0
807,5,10,150,5,0.0
808,5,10,150,5,0.0
809,5,10,150,5,0.0
810,5,10,150,5,0.0
811,5,10,150,5,0.0
812,5,10,150,5,0.0
813,5,10,150,5,0.0
814,5,10,150,5,0.13120507751234178
815,5,10,150,5,0.48522855511632257
816,5,10,150,5,0.0
817,5,10,150,5,0.0
818,5,10,150,5,0.0
819,5,10,150,5,0.0
820,5,10,150,5,0.0
821,5,10,150,5,0.0
822,5,10,150,5,0.0
823,5,10,150,5,0.16958010263680806
824,5,10,150,5,0.0
825,5,10,150,5,0.13120507751234178
826,5,10,150,5,0.0
827,5,10,150,5,0.0
828,5,10,150,5,0.14606834984270645
829,5,10,150,5,0.0
830,5,10,150,5,0.0
831,5,10,150,5,0.16958010263680806
832,5,10,150,5,0.0
833,5,10,150,5,0.21398626473452756
834,5,10,150,5,0.0
835,5,10,150,5,0.0
836,5,10,150,5,0.0
837,5,10,150,5,0.0
838,5,10,150,5,0.0
839,5,10,150,5,0.0
840,5,10,150,5,0.30078518014914984
841,5,10,150,5,0.0
842,5,10,150,5,0.0
843,5,10,150,5,0.36005461457723403
844,5,10,150,5,0.36005461457723403
845,5,10,150,5,0.0
846,5,10,150,5,0.21398626473452756
847,5,10,150,5,0.0
848,5,10,150,5,0.0
849,5,10,150,5,0.0
850,5,10,150,5,0.0
851,5,10,150,5,0.3391602052736161
852,5,10,150,5,0.0
853,5,10,150,5,0.0
854,5,10,150,5,0.21398626473452756
855,5,10,150,5,0.0
856,5,10,150,5,0.0
857,5,10,150,5,0.0
858,5,10,150,5,0.0
859,5,10,150,5,0.0
860,5,10,150,5,0.0
861,5,10,150,5,0.16958010263680806
862,5,10,150,5,0.13120507751234178
863,5,10,150,5,0.0
864,5,10,150,5,0.21398626473452756
865,5,10,150,5,0.0
866,5,10,150,5,0.0
867,5,10,150,5,0.5087403079104241
868,5,10,150,5,0.14606834984270645
869,5,10,150,5,0.0
870,5,10,150,5,0.14606834984270645
871,5,10,150,5,0.21398626473452756
872,5,10,150,5,0.0
873,5,10,150,5,0.0
874,5,10,150,5,0.0
875,5,10,150,5,0.34519134224686937
876,5,10,150,5,0.0
877,5,10,150,5,0.13120507751234178
878,5,10,150,5,0.0
879,5,10,150,5,0.0
880,5,10,150,5,0.6843515475204855
881,5,10,150,5,0.5531464700081437
882,5,10,150,5,0.48522855511632257
883,5,10,150,5,0.5296347172140421
884,5,10,150,5,0.0
885,5,10,150,5,0.0
886,5,10,150,5,0.5087403079104241
887,5,10,150,5,0.13120507751234178
888,5,10,150,5,0.0
889,5,10,150,5,0.5087403079104241
890,5,10,150,5,0.6843515475204855
891,5,10,150,5,0.0
892,5,10,150,5,0.6548086577531307
893,5,10,150,5,0.0
894,5,10,150,5,0.36005461457723403
895,5,10,150,5,0.0
896,5,10,150,5,0.6992148198508501
897,5,10,150,5,0.16958010263680806
898,5,10,150,5,0.0
899,5,10,150,5,0.5531464700081437
900,5,10,150,5,0.0
901,5,10,150,5,0.6548086577531307
902,5,10,150,5,0.0
903,5,10,150,5,0.6164336326286644
904,5,10,150,5,0.0
905,5,10,150,5,0.13120507751234178
906,5,10,150,5,0.0
907,5,10,150,5,0.5531464700081437
908,5,10,150,5,0.13120507751234178
909,5,10,150,5,0.0
910,5,10,150,5,0.34519134224686937
911,5,10,150,5,0.0
912,5,10,150,5,0.16958010263680806
913,5,10,150,5,0.0
914,5,10,150,5,0.0
915,5,10,150,5,0.0
916,5,10,150,5,0.4703652827859579
917,5,10,150,5,0.0
918,5,10,150,5,0.0
919,5,10,150,5,0.27727342735504823
920,5,10,150,5,0.0
921,5,10,150,5,0.13120507751234178
922,5,10,150,5,0.0
923,5,10,150,5,0.0
924,5,10,150,5,0.0
925,5,10,150,5,0.0
926,5,10,150,5,0.0
927,5,10,150,5,0.0
928,5,10,150,5,0.14606834984270645
929,5,10,150,5,0.16958010263680806
930,5,10,150,5,0.16958010263680806
931,5,10,150,5,0.0
932,5,10,150,5,0.5087403079104241
933,5,10,150,5,0.0
934,5,10,150,5,0.0
935,5,10,150,5,0.0
936,5,10,150,5,0.3391602052736161
937,5,10,150,5,0.13120507751234178
938,5,10,150,5,0.0
939,5,10,150,5,0.0
940,5,10,150,5,0.0
941,5,10,150,5,0.3391602052736161
942,5,10,150,5,0.0
943,5,10,150,5,0.7860137352654724
1,5,10,150,6,0.892210845475489
2,5,10,150,6,0.0
3,5,10,150,6,0.0
4,5,10,150,6,0.0
5,5,10,150,6,0.0
6,5,10,150,6,0.0
7,5,10,150,6,0.0
8,5,10,150,6,0.0
9,5,10,150,6,0.0
10,5,10,150,6,0.3422220729283414
11,5,10,150,6,0.0
12,5,10,150,6,0.0
13,5,10,150,6,0.4935232796777481
14,5,10,150,6,0.22485174766247445
15,5,10,150,6,0.0
16,5,10,150,6,0.0
17,5,10,150,6,0.0
18,5,10,150,6,0.11706259313796354
19,5,10,150,6,0.0
20,5,10,150,6,0.15130120674940672
21,5,10,150,6,0.19092086617893467
22,5,10,150,6,0.0
23,5,10,150,6,0.0
24,5,10,150,6,0.0
25,5,10,150,6,0.24738635904833417
26,5,10,150,6,0.0
27,5,10,150,6,0.0
28,5,10,150,6,0.0
30,5,10,150,6,0.0
31,5,10,150,6,0.0
32,5,10,150,6,0.19519002499605084
33,5,10,150,6,0.0
34,5,10,150,6,0.0
35,5,10,150,6,0.0
37,5,10,150,6,0.0
38,5,10,150,6,0.0
39,5,10,150,6,0.0
40,5,10,150,6,0.0
41,5,10,150,6,0.0
42,5,10,150,6,0.0
43,5,10,150,6,0.0
44,5,10,150,6,0.0
45,5,10,150,6,0.0
46,5,10,150,6,0.0
47,5,10,150,6,0.0
48,5,10,150,6,0.0
49,5,10,150,6,0.0
52,5,10,150,6,0.0
53,5,10,150,6,0.0
54,5,10,150,6,0.0
55,5,10,150,6,0.0
56,5,10,150,6,0.19092086617893467
57,5,10,150,6,0.0
58,5,10,150,6,0.30260241349881345
59,5,10,150,6,0.30260241349881345
60,5,10,150,6,0.0
61,5,10,150,6,0.0
62,5,10,150,6,0.19092086617893467
63,5,10,150,6,0.0
64,5,10,150,6,0.0
65,5,10,150,6,0.15130120674940672
66,5,10,150,6,0.0
67,5,10,150,6,0.0
68,5,10,150,6,0.0
69,5,10,150,6,0.0
70,5,10,150,6,0.0
71,5,10,150,6,0.0
72,5,10,150,6,0.0
73,5,10,150,6,0.0
74,5,10,150,6,0.0
75,5,10,150,6,0.0
76,5,10,150,6,0.11706259313796354
77,5,10,150,6,0.0
78,5,10,150,6,0.0
79,5,10,150,6,0.0
80,5,10,150,6,0.0
81,5,10,150,6,0.0
82,5,10,150,6,0.0
83,5,10,150,6,0.0
84,5,10,150,6,0.0
85,5,10,150,6,0.0
86,5,10,150,6,0.0
87,5,10,150,6,0.0
88,5,10,150,6,0.0
89,5,10,150,6,0.0
90,5,10,150,6,0.10778915452451093
91,5,10,150,6,0.0
92,5,10,150,6,0.0
93,5,10,150,6,0.0
94,5,10,150,6,0.0
95,5,10,150,6,0.10778915452451093
96,5,10,150,6,0.0
97,5,10,150,6,0.0
98,5,10,150,6,0.0
99,5,10,150,6,0.0
100,5,10,150,6,0.0
101,5,10,150,6,0.0
102,5,10,150,6,0.0
103,5,10,150,6,0.0
104,5,10,150,6,0.30260241349881345
105,5,10,150,6,0.0
106,5,10,150,6,0.0
107,5,10,150,6,0.0
109,5,10,150,6,0.15130120674940672
110,5,10,150,6,0.0
111,5,10,150,6,0.0
112,5,10,150,6,0.0
113,5,10,150,6,0.0
114,5,10,150,6,0.0
115,5,10,150,6,0.0
116,5,10,150,6,0.0
117,5,10,150,6,0.0
118,5,10,150,6,0.16958010263680806
119,5,10,150,6,0.0
120,5,10,150,6,0.0
121,5,10,150,6,0.13032376591037062
122,5,10,150,6,0.0
123,5,10,150,6,0.0
124,5,10,150,6,0.0
125,5,10,150,6,0.0
126,5,10,150,6,0.0
128,5,10,150,6,0.0
129,5,10,150,6,0.0
130,5,10,150,6,0.19092086617893467
131,5,10,150,6,0.0
132,5,10,150,6,0.0
133,5,10,150,6,0.0
134,5,10,150,6,0.0
135,5,10,150,6,0.0
136,5,10,150,6,0.0
137,5,10,150,6,0.0
138,5,10,150,6,0.0
139,5,10,150,6,0.0
140,5,10,150,6,0.0
141,5,10,150,6,0.0
142,5,10,150,6,0.0
143,5,10,150,6,0.0
144,5,10,150,6,0.0
145,5,10,150,6,0.2816249726597774
146,5,10,150,6,0.0
147,5,10,150,6,0.0
148,5,10,150,6,0.0
149,5,10,150,6,0.0
150,5,10,150,6,0.2640681225725909
151,5,10,150,6,0.0
152,5,10,150,6,0.0
153,5,10,150,6,0.0
154,5,10,150,6,0.0
155,5,10,150,6,0.0
156,5,10,150,6,0.0
157,5,10,150,6,0.0
158,5,10,150,6,0.0
159,5,10,150,6,0.4103915680233244
160,5,10,150,6,0.19092086617893467
161,5,10,150,6,0.0
162,5,10,150,6,0.0
163,5,10,150,6,0.0
164,5,10,150,6,0.0
165,5,10,150,6,0.0
167,5,10,150,6,0.0
168,5,10,150,6,0.0
169,5,10,150,6,0.0
170,5,10,150,6,0.0
171,5,10,150,6,0.0
173,5,10,150,6,0.0
174,5,10,150,6,0.0
175,5,10,150,6,0.0
176,5,10,150,6,0.0
177,5,10,150,6,0.4329261794091841
178,5,10,150,6,0.13032376591037062
179,5,10,150,6,0.0
180,5,10,150,6,0.0
181,5,10,150,6,0.0
182,5,10,150,6,0.0
183,5,10,150,6,0.15101961822780524
184,5,10,150,6,0.0
185,5,10,150,6,0.0
186,5,10,150,6,0.0
187,5,10,150,6,0.0
188,5,10,150,6,0.0
189,5,10,150,6,0.13032376591037062
190,5,10,150,6,0.0
192,5,10,150,6,0.0
193,5,10,150,6,0.0
194,5,10,150,6,0.0
195,5,10,150,6,0.0
196,5,10,150,6,0.0
197,5,10,150,6,0.0
198,5,10,150,6,0.0
199,5,10,150,6,0.0
200,5,10,150,6,0.11706259313796354
201,5,10,150,6,0.0
202,5,10,150,6,0.0
203,5,10,150,6,0.0
204,5,10,150,6,0.19519002499605084
205,5,10,150,6,0.0
206,5,10,150,6,0.0
207,5,10,150,6,0.0
208,5,10,150,6,0.0
209,5,10,150,6,0.0
210,5,10,150,6,0.0
211,5,10,150,6,0.0
213,5,10,150,6,0.0
214,5,10,150,6,0.0
216,5,10,150,6,0.30260241349881345
217,5,10,150,6,0.0
218,5,10,150,6,0.0
219,5,10,150,6,0.0
221,5,10,150,6,0.0
222,5,10,150,6,0.0
223,5,10,150,6,0.0
224,5,10,150,6,0.0
225,5,10,150,6,0.0
226,5,10,150,6,0.19092086617893467
227,5,10,150,6,0.0
228,5,10,150,6,0.0
229,5,10,150,6,0.0
230,5,10,150,6,0.0
231,5,10,150,6,0.0
232,5,10,150,6,0.0
233,5,10,150,6,0.19092086617893467
234,5,10,150,6,0.0
235,5,10,150,6,0.0
236,5,10,150,6,0.0
237,5,10,150,6,0.0
238,5,10,150,6,0.0
239,5,10,150,6,0.0
240,5,10,150,6,0.0
241,5,10,150,6,0.0
242,5,10,150,6,0.0
243,5,10,150,6,0.0
244,5,10,150,6,0.0
245,5,10,150,6,0.0
246,5,10,150,6,0.10778915452451093
247,5,10,150,6,0.0
248,5,10,150,6,0.0
249,5,10,150,6,0.0
250,5,10,150,6,0.0
251,5,10,150,6,0.13032376591037062
252,5,10,150,6,0.0
253,5,10,150,6,0.0
254,5,10,150,6,0.11706259313796354
255,5,10,150,6,0.0
256,5,10,150,6,0.0
257,5,10,150,6,0.0
258,5,10,150,6,0.0
259,5,10,150,6,0.0
260,5,10,150,6,0.0
261,5,10,150,6,0.0
262,5,10,150,6,0.0
263,5,10,150,6,0.0
264,5,10,150,6,0.0
265,5,10,150,6,0.0
266,5,10,150,6,0.0
267,5,10,150,6,0.11706259313796354
268,5,10,150,6,0.0
269,5,10,150,6,0.13032376591037062
270,5,10,150,6,0.0
271,5,10,150,6,0.15130120674940672
272,5,10,150,6,0.0
273,5,10,150,6,0.0
274,5,10,150,6,0.0
275,5,10,150,6,0.0
276,5,10,150,6,0.30260241349881345
277,5,10,150,6,0.0
278,5,10,150,6,0.0
279,5,10,150,6,0.19092086617893467
280,5,10,150,6,0.30260241349881345
281,5,10,150,6,0.0
282,5,10,150,6,0.0
283,5,10,150,6,0.0
284,5,10,150,6,0.0
285,5,10,150,6,0.0
286,5,10,150,6,0.0
287,5,10,150,6,0.0
288,5,10,150,6,0.0
289,5,10,150,6,0.0
290,5,10,150,6,0.0
291,5,10,150,6,0.0
292,5,10,150,6,0.0
293,5,10,150,6,0.19092086617893467
294,5,10,150,6,0.0
295,5,10,150,6,0.15130120674940672
296,5,10,150,6,0.15130120674940672
297,5,10,150,6,0.0
298,5,10,150,6,0.0
299,5,10,150,6,0.0
300,5,10,150,6,0.0
301,5,10,150,6,0.0
302,5,10,150,6,0.0
303,5,10,150,6,0.0
304,5,10,150,6,0.0
305,5,10,150,6,0.11706259313796354
306,5,10,150,6,0.0
307,5,10,150,6,0.10778915452451093
308,5,10,150,6,0.10778915452451093
310,5,10,150,6,0.0
311,5,10,150,6,0.15130120674940672
312,5,10,150,6,0.0
313,5,10,150,6,0.0
314,5,10,150,6,0.3422220729283414
315,5,10,150,6,0.0
316,5,10,150,6,0.0
317,5,10,150,6,0.0
318,5,10,150,6,0.0
319,5,10,150,6,0.0
320,5,10,150,6,0.10778915452451093
321,5,10,150,6,0.0
322,5,10,150,6,0.0
323,5,10,150,6,0.13032376591037062
324,5,10,150,6,0.0
325,5,10,150,6,0.11706259313796354
326,5,10,150,6,0.0
327,5,10,150,6,0.0
328,5,10,150,6,0.15130120674940672
329,5,10,150,6,0.0
330,5,10,150,6,0.0
331,5,10,150,6,0.0
332,5,10,150,6,0.0
334,5,10,150,6,0.0
335,5,10,150,6,0.0
336,5,10,150,6,0.0
337,5,10,150,6,0.0
338,5,10,150,6,0.0
339,5,10,150,6,0.19092086617893467
340,5,10,150,6,0.0
341,5,10,150,6,0.0
342,5,10,150,6,0.4935232796777481
343,5,10,150,6,0.13032376591037062
344,5,10,150,6,0.10778915452451093
345,5,10,150,6,0.19092086617893467
346,5,10,150,6,0.0
347,5,10,150,6,0.4329261794091841
348,5,10,150,6,0.0
349,5,10,150,6,0.0
350,5,10,150,6,0.0
351,5,10,150,6,0.0
352,5,10,150,6,0.0
353,5,10,150,6,0.0
354,5,10,150,6,0.11706259313796354
355,5,10,150,6,0.0
356,5,10,150,6,0.0
357,5,10,150,6,0.0
358,5,10,150,6,0.0
359,5,10,150,6,0.0
360,5,10,150,6,0.0
361,5,10,150,6,0.13032376591037062
362,5,10,150,6,0.0
363,5,10,150,6,0.15130120674940672
364,5,10,150,6,0.0
365,5,10,150,6,0.0
366,5,10,150,6,0.0
367,5,10,150,6,0.0
368,5,10,150,6,0.0
369,5,10,150,6,0.0
370,5,10,150,6,0.0
371,5,10,150,6,0.0
372,5,10,150,6,0.15130120674940672
373,5,10,150,6,0.0
374,5,10,150,6,0.0
375,5,10,150,6,0.0
376,5,10,150,6,0.0
377,5,10,150,6,0.0
378,5,10,150,6,0.30260241349881345
379,5,10,150,6,0.0
380,5,10,150,6,0.0
381,5,10,150,6,0.0
382,5,10,150,6,0.0
383,5,10,150,6,0.0
384,5,10,150,6,0.0
385,5,10,150,6,0.0
386,5,10,150,6,0.0
387,5,10,150,6,0.15130120674940672
388,5,10,150,6,0.0
389,5,10,150,6,0.0
390,5,10,150,6,0.0
391,5,10,150,6,0.13032376591037062
392,5,10,150,6,0.15130120674940672
393,5,10,150,6,0.19092086617893467
394,5,10,150,6,0.24738635904833417
395,5,10,150,6,0.0
396,5,10,150,6,0.0
397,5,10,150,6,0.15130120674940672
398,5,10,150,6,0.4103915680233244
399,5,10,150,6,0.0
400,5,10,150,6,0.0
401,5,10,150,6,0.0
402,5,10,150,6,0.0
403,5,10,150,6,0.30260241349881345
404,5,10,150,6,0.0
405,5,10,150,6,0.0
406,5,10,150,6,0.11706259313796354
407,5,10,150,6,0.0
408,5,10,150,6,0.0
409,5,10,150,6,0.0
410,5,10,150,6,0.0
411,5,10,150,6,0.19092086617893467
412,5,10,150,6,0.0
413,5,10,150,6,0.0
414,5,10,150,6,0.21398626473452756
415,5,10,150,6,0.0
416,5,10,150,6,0.0
417,5,10,150,6,0.0
419,5,10,150,6,0.30260241349881345
420,5,10,150,6,0.0
421,5,10,150,6,0.0
422,5,10,150,6,0.0
423,5,10,150,6,0.0
424,5,10,150,6,0.0
425,5,10,150,6,0.43830722522726884
426,5,10,150,6,0.0
427,5,10,150,6,0.0
428,5,10,150,6,0.0
429,5,10,150,6,0.22485174766247445
430,5,10,150,6,0.0
431,5,10,150,6,0.0
432,5,10,150,6,0.0
433,5,10,150,6,0.0
434,5,10,150,6,0.3903800499921017
435,5,10,150,6,0.19092086617893467
436,5,10,150,6,0.15130120674940672
437,5,10,150,6,0.3422220729283414
438,5,10,150,6,0.0
439,5,10,150,6,0.0
440,5,10,150,6,0.0
441,5,10,150,6,0.0
442,5,10,150,6,0.0
443,5,10,150,6,0.0
445,5,10,150,6,0.0
446,5,10,150,6,0.0
447,5,10,150,6,0.2987100207034456
448,5,10,150,6,0.0
449,5,10,150,6,0.0
450,5,10,150,6,0.25909036127391766
451,5,10,150,6,0.0
452,5,10,150,6,0.0
453,5,10,150,6,0.0
454,5,10,150,6,0.0
455,5,10,150,6,0.0
456,5,10,150,6,0.19092086617893467
457,5,10,150,6,0.4103915680233244
458,5,10,150,6,0.0
459,5,10,150,6,0.0
460,5,10,150,6,0.0
461,5,10,150,6,0.0
462,5,10,150,6,0.0
463,5,10,150,6,0.0
464,5,10,150,6,0.0
465,5,10,150,6,0.0
466,5,10,150,6,0.0
467,5,10,150,6,0.0
468,5,10,150,6,0.30260241349881345
469,5,10,150,6,0.0
470,5,10,150,6,0.0
471,5,10,150,6,0.0
472,5,10,150,6,0.0
473,5,10,150,6,0.0
474,5,10,150,6,0.540715333933695
475,5,10,150,6,0.0
476,5,10,150,6,0.0
477,5,10,150,6,0.0
478,5,10,150,6,0.11706259313796354
479,5,10,150,6,0.0
480,5,10,150,6,0.21398626473452756
481,5,10,150,6,0.0
482,5,10,150,6,0.0
483,5,10,150,6,0.0
484,5,10,150,6,0.0
485,5,10,150,6,0.0
486,5,10,150,6,0.0
487,5,10,150,6,0.13032376591037062
488,5,10,150,6,0.0
489,5,10,150,6,0.0
490,5,10,150,6,0.0
491,5,10,150,6,0.19092086617893467
492,5,10,150,6,0.0
493,5,10,150,6,0.0
494,5,10,150,6,0.0
495,5,10,150,6,0.30260241349881345
496,5,10,150,6,0.0
497,5,10,150,6,0.0
498,5,10,150,6,0.0
499,5,10,150,6,0.10778915452451093
500,5,10,150,6,0.0
501,5,10,150,6,0.0
502,5,10,150,6,0.0
503,5,10,150,6,0.19092086617893467
504,5,10,150,6,0.0
505,5,10,150,6,0.0
506,5,10,150,6,0.0
507,5,10,150,6,0.0
508,5,10,150,6,0.0
509,5,10,150,6,0.0
510,5,10,150,6,0.0
511,5,10,150,6,0.0
512,5,10,150,6,0.0
513,5,10,150,6,0.0
514,5,10,150,6,0.0
515,5,10,150,6,0.0
516,5,10,150,6,0.0
517,5,10,150,6,0.0
518,5,10,150,6,0.0
519,5,10,150,6,0.0
520,5,10,150,6,0.0
521,5,10,150,6,0.0
522,5,10,150,6,0.0
523,5,10,150,6,0.0
524,5,10,150,6,0.0
525,5,10,150,6,0.0
526,5,10,150,6,0.0
527,5,10,150,6,0.0
528,5,10,150,6,0.0
529,5,10,150,6,0.0
530,5,10,150,6,0.0
531,5,10,150,6,0.0
532,5,10,150,6,0.0
533,5,10,150,6,0.19092086617893467
534,5,10,150,6,0.0
535,5,10,150,6,0.15130120674940672
536,5,10,150,6,0.4103915680233244
537,5,10,150,6,0.644824486427155
538,5,10,150,6,0.0
539,5,10,150,6,0.0
540,5,10,150,6,0.0
541,5,10,150,6,0.0
542,5,10,150,6,0.30260241349881345
543,5,10,150,6,0.0
544,5,10,150,6,0.0
545,5,10,150,6,0.13032376591037062
546,5,10,150,6,0.19092086617893467
547,5,10,150,6,0.0
548,5,10,150,6,0.0
549,5,10,150,6,0.0
550,5,10,150,6,0.0
551,5,10,150,6,0.4329261794091841
552,5,10,150,6,0.0
553,5,10,150,6,0.0
554,5,10,150,6,0.3422220729283414
555,5,10,150,6,0.0
556,5,10,150,6,0.0
557,5,10,150,6,0.0
558,5,10,150,6,0.0
559,5,10,150,6,0.13032376591037062
560,5,10,150,6,0.3079834593168982
561,5,10,150,6,0.0
562,5,10,150,6,0.0
563,5,10,150,6,0.0
564,5,10,150,6,0.0
565,5,10,150,6,0.0
566,5,10,150,6,0.3079834593168982
567,5,10,150,6,0.0
568,5,10,150,6,0.0
569,5,10,150,6,0.0
570,5,10,150,6,0.0
571,5,10,150,6,0.0
572,5,10,150,6,0.0
573,5,10,150,6,0.0
574,5,10,150,6,0.0
575,5,10,150,6,0.0
576,5,10,150,6,0.19092086617893467
577,5,10,150,6,0.3212446320893053
578,5,10,150,6,0.0
579,5,10,150,6,0.0
580,5,10,150,6,0.0
581,5,10,150,6,0.0
582,5,10,150,6,0.0
583,5,10,150,6,0.0
584,5,10,150,6,0.0
585,5,10,150,6,0.0
586,5,10,150,6,0.15130120674940672
587,5,10,150,6,0.0
588,5,10,150,6,0.4103915680233244
589,5,10,150,6,0.0
590,5,10,150,6,0.15130120674940672
591,5,10,150,6,0.30260241349881345
592,5,10,150,6,0.19092086617893467
593,5,10,150,6,0.30260241349881345
594,5,10,150,6,0.0
595,5,10,150,6,0.0
596,5,10,150,6,0.0
597,5,10,150,6,0.0
598,5,10,150,6,0.15130120674940672
599,5,10,150,6,0.0
600,5,10,150,6,0.0
601,5,10,150,6,0.0
602,5,10,150,6,0.0
603,5,10,150,6,0.0
604,5,10,150,6,0.0
605,5,10,150,6,0.0
606,5,10,150,6,0.19092086617893467
607,5,10,150,6,0.0
608,5,10,150,6,0.0
609,5,10,150,6,0.13032376591037062
610,5,10,150,6,0.0
611,5,10,150,6,0.0
612,5,10,150,6,0.0
613,5,10,150,6,0.15130120674940672
614,5,10,150,6,0.19092086617893467
615,5,10,150,6,0.0
616,5,10,150,6,0.0
617,5,10,150,6,0.10778915452451093
618,5,10,150,6,0.4157726138414091
619,5,10,150,6,0.13032376591037062
620,5,10,150,6,0.0
621,5,10,150,6,0.30260241349881345
622,5,10,150,6,0.0
623,5,10,150,6,0.0
624,5,10,150,6,0.0
625,5,10,150,6,0.0
626,5,10,150,6,0.0
627,5,10,150,6,0.0
628,5,10,150,6,0.0
629,5,10,150,6,0.0
630,5,10,150,6,0.19092086617893467
631,5,10,150,6,0.0
632,5,10,150,6,0.4935232796777481
633,5,10,150,6,0.0
634,5,10,150,6,0.0
635,5,10,150,6,0.0
636,5,10,150,6,0.0
637,5,10,150,6,0.0
638,5,10,150,6,0.0
639,5,10,150,6,0.0
640,5,10,150,6,0.0
641,5,10,150,6,0.0
642,5,10,150,6,0.0
643,5,10,150,6,0.0
644,5,10,150,6,0.0
645,5,10,150,6,0.19092086617893467
646,5,10,150,6,0.0
647,5,10,150,6,0.0
648,5,10,150,6,0.10778915452451093
649,5,10,150,6,0.0
650,5,10,150,6,0.0
651,5,10,150,6,0.0
652,5,10,150,6,0.0
653,5,10,150,6,0.10778915452451093
654,5,10,150,6,0.30260241349881345
655,5,10,150,6,0.0
656,5,10,150,6,0.0
657,5,10,150,6,0.0
658,5,10,150,6,0.0
659,5,10,150,6,0.0
660,5,10,150,6,0.0
661,5,10,150,6,0.0
662,5,10,150,6,0.0
663,5,10,150,6,0.10778915452451093
664,5,10,150,6,0.11706259313796354
665,5,10,150,6,0.0
666,5,10,150,6,0.30260241349881345
667,5,10,150,6,0.30260241349881345
668,5,10,150,6,0.0
669,5,10,150,6,0.30260241349881345
670,5,10,150,6,0.0
671,5,10,150,6,0.19092086617893467
672,5,10,150,6,0.0
673,5,10,150,6,0.0
674,5,10,150,6,0.0
675,5,10,150,6,0.0
676,5,10,150,6,0.0
677,5,10,150,6,0.0
678,5,10,150,6,0.0
679,5,10,150,6,0.0
680,5,10,150,6,0.30260241349881345
681,5,10,150,6,0.0
682,5,10,150,6,0.10778915452451093
683,5,10,150,6,0.0
684,5,10,150,6,0.0
685,5,10,150,6,0.0
686,5,10,150,6,0.0
687,5,10,150,6,0.0
688,5,10,150,6,0.0
689,5,10,150,6,0.30260241349881345
690,5,10,150,6,0.0
691,5,10,150,6,0.0
692,5,10,150,6,0.0
693,5,10,150,6,0.0
694,5,10,150,6,0.0
695,5,10,150,6,0.0
696,5,10,150,6,0.0
697,5,10,150,6,0.13032376591037062
698,5,10,150,6,0.30260241349881345
699,5,10,150,6,0.0
700,5,10,150,6,0.16958010263680806
701,5,10,150,6,0.0
702,5,10,150,6,0.0
703,5,10,150,6,0.0
704,5,10,150,6,0.0
705,5,10,150,6,0.0
706,5,10,150,6,0.0
707,5,10,150,6,0.10778915452451093
708,5,10,150,6,0.0
709,5,10,150,6,0.0
710,5,10,150,6,0.15130120674940672
711,5,10,150,6,0.11706259313796354
712,5,10,150,6,0.0
713,5,10,150,6,0.0
714,5,10,150,6,0.0
715,5,10,150,6,0.2987100207034456
716,5,10,150,6,0.0
717,5,10,150,6,0.19092086617893467
718,5,10,150,6,0.0
719,5,10,150,6,0.0
720,5,10,150,6,0.0
721,5,10,150,6,0.30260241349881345
722,5,10,150,6,0.0
723,5,10,150,6,0.0
724,5,10,150,6,0.0
725,5,10,150,6,0.0
726,5,10,150,6,0.30260241349881345
727,5,10,150,6,0.10778915452451093
728,5,10,150,6,0.0
729,5,10,150,6,0.0
730,5,10,150,6,0.0
731,5,10,150,6,0.0
732,5,10,150,6,0.0
733,5,10,150,6,0.0
734,5,10,150,6,0.0
735,5,10,150,6,0.0
736,5,10,150,6,0.0
737,5,10,150,6,0.15130120674940672
738,5,10,150,6,0.7751482523375255
739,5,10,150,6,0.0
740,5,10,150,6,0.0
741,5,10,150,6,0.0
742,5,10,150,6,0.0
743,5,10,150,6,0.0
744,5,10,150,6,0.0
745,5,10,150,6,0.6238470455881188
746,5,10,150,6,0.0
747,5,10,150,6,0.644824486427155
748,5,10,150,6,0.4539036202482202
749,5,10,150,6,0.11706259313796354
750,5,10,150,6,0.0
751,5,10,150,6,0.0
752,5,10,150,6,0.0
753,5,10,150,6,0.0
754,5,10,150,6,0.0
755,5,10,150,6,0.0
756,5,10,150,6,0.0
757,5,10,150,6,0.0
758,5,10,150,6,0.2816249726597774
759,5,10,150,6,0.0
760,5,10,150,6,0.0
761,5,10,150,6,0.0
762,5,10,150,6,0.0
763,5,10,150,6,0.3422220729283414
764,5,10,150,6,0.11706259313796354
765,5,10,150,6,0.0
766,5,10,150,6,0.0
767,5,10,150,6,0.30260241349881345
768,5,10,150,6,0.10778915452451093
769,5,10,150,6,0.0
770,5,10,150,6,0.0
771,5,10,150,6,0.0
772,5,10,150,6,0.0
773,5,10,150,6,0.15130120674940672
774,5,10,150,6,0.0
775,5,10,150,6,0.0
776,5,10,150,6,0.15130120674940672
777,5,10,150,6,0.0
778,5,10,150,6,0.0
779,5,10,150,6,0.11706259313796354
780,5,10,150,6,0.0
781,5,10,150,6,0.0
782,5,10,150,6,0.0
783,5,10,150,6,0.0
784,5,10,150,6,0.0
785,5,10,150,6,0.0
786,5,10,150,6,0.2987100207034456
787,5,10,150,6,0.0
788,5,10,150,6,0.6105858728157117
789,5,10,150,6,0.0
790,5,10,150,6,0.23811292043488155
791,5,10,150,6,0.0
792,5,10,150,6,0.0
793,5,10,150,6,0.0
794,5,10,150,6,0.26836379988737025
795,5,10,150,6,0.30260241349881345
796,5,10,150,6,0.4592846660663049
797,5,10,150,6,0.0
798,5,10,150,6,0.0
799,5,10,150,6,0.0
800,5,10,150,6,0.0
801,5,10,150,6,0.0
802,5,10,150,6,0.0
803,5,10,150,6,0.0
804,5,10,150,6,0.11706259313796354
805,5,10,150,6,0.0
806,5,10,150,6,0.0
807,5,10,150,6,0.0
808,5,10,150,6,0.0
809,5,10,150,6,0.0
810,5,10,150,6,0.0
811,5,10,150,6,0.0
812,5,10,150,6,0.0
813,5,10,150,6,0.0
814,5,10,150,6,0.11706259313796354
815,5,10,150,6,0.4329261794091841
816,5,10,150,6,0.0
817,5,10,150,6,0.0
818,5,10,150,6,0.0
819,5,10,150,6,0.0
820,5,10,150,6,0.0
821,5,10,150,6,0.0
822,5,10,150,6,0.0
823,5,10,150,6,0.15130120674940672
824,5,10,150,6,0.0
825,5,10,150,6,0.11706259313796354
826,5,10,150,6,0.10778915452451093
827,5,10,150,6,0.0
828,5,10,150,6,0.13032376591037062
829,5,10,150,6,0.0
830,5,10,150,6,0.0
831,5,10,150,6,0.15130120674940672
832,5,10,150,6,0.0
833,5,10,150,6,0.2987100207034456
834,5,10,150,6,0.0
835,5,10,150,6,0.0
836,5,10,150,6,0.0
837,5,10,150,6,0.0
838,5,10,150,6,0.0
839,5,10,150,6,0.0
840,5,10,150,6,0.26836379988737025
841,5,10,150,6,0.0
842,5,10,150,6,0.0
843,5,10,150,6,0.3212446320893053
844,5,10,150,6,0.3212446320893053
845,5,10,150,6,0.0
846,5,10,150,6,0.19092086617893467
847,5,10,150,6,0.0
848,5,10,150,6,0.0
849,5,10,150,6,0.0
850,5,10,150,6,0.0
851,5,10,150,6,0.4103915680233244
852,5,10,150,6,0.0
853,5,10,150,6,0.0
854,5,10,150,6,0.2987100207034456
855,5,10,150,6,0.0
856,5,10,150,6,0.0
857,5,10,150,6,0.0
858,5,10,150,6,0.0
859,5,10,150,6,0.0
860,5,10,150,6,0.0
861,5,10,150,6,0.15130120674940672
862,5,10,150,6,0.11706259313796354
863,5,10,150,6,0.0
864,5,10,150,6,0.19092086617893467
865,5,10,150,6,0.0
866,5,10,150,6,0.0
867,5,10,150,6,0.561692774772731
868,5,10,150,6,0.13032376591037062
869,5,10,150,6,0.0
870,5,10,150,6,0.13032376591037062
871,5,10,150,6,0.19092086617893467
872,5,10,150,6,0.0
873,5,10,150,6,0.0
874,5,10,150,6,0.0
875,5,10,150,6,0.3079834593168982
876,5,10,150,6,0.0
877,5,10,150,6,0.11706259313796354
878,5,10,150,6,0.0
879,5,10,150,6,0.0
880,5,10,150,6,0.6105858728157117
881,5,10,150,6,0.4935232796777481
882,5,10,150,6,0.540715333933695
883,5,10,150,6,0.47254583883871204
884,5,10,150,6,0.0
885,5,10,150,6,0.0
886,5,10,150,6,0.4539036202482202
887,5,10,150,6,0.11706259313796354
888,5,10,150,6,0.0
889,5,10,150,6,0.561692774772731
890,5,10,150,6,0.6105858728157117
891,5,10,150,6,0.0
892,5,10,150,6,0.5842273861585908
893,5,10,150,6,0.0
894,5,10,150,6,0.42903378661381625
895,5,10,150,6,0.0
896,5,10,150,6,0.6238470455881188
897,5,10,150,6,0.15130120674940672
898,5,10,150,6,0.0
899,5,10,150,6,0.4935232796777481
900,5,10,150,6,0.0
901,5,10,150,6,0.5842273861585908
902,5,10,150,6,0.0
903,5,10,150,6,0.5499887725471476
904,5,10,150,6,0.0
905,5,10,150,6,0.11706259313796354
906,5,10,150,6,0.0
907,5,10,150,6,0.4935232796777481
908,5,10,150,6,0.22485174766247445
909,5,10,150,6,0.0
910,5,10,150,6,0.3079834593168982
911,5,10,150,6,0.0
912,5,10,150,6,0.15130120674940672
913,5,10,150,6,0.0
914,5,10,150,6,0.0
915,5,10,150,6,0.0
916,5,10,150,6,0.41966500663677697
917,5,10,150,6,0.0
918,5,10,150,6,0.0
919,5,10,150,6,0.24738635904833417
920,5,10,150,6,0.0
921,5,10,150,6,0.11706259313796354
922,5,10,150,6,0.0
923,5,10,150,6,0.0
924,5,10,150,6,0.0
925,5,10,150,6,0.0
926,5,10,150,6,0.0
927,5,10,150,6,0.0
928,5,10,150,6,0.13032376591037062
929,5,10,150,6,0.15130120674940672
930,5,10,150,6,0.15130120674940672
931,5,10,150,6,0.0
932,5,10,150,6,0.4539036202482202
933,5,10,150,6,0.0
934,5,10,150,6,0.0
935,5,10,150,6,0.0
936,5,10,150,6,0.30260241349881345
937,5,10,150,6,0.11706259313796354
938,5,10,150,6,0.10778915452451093
939,5,10,150,6,0.0
940,5,10,150,6,0.0
941,5,10,150,6,0.30260241349881345
942,5,10,150,6,0.0
943,5,10,150,6,0.7012899792965542
1,5,10,150,7,0.8104616303452685
2,5,10,150,7,0.0
3,5,10,150,7,0.0
4,5,10,150,7,0.0
5,5,10,150,7,0.0
6,5,10,150,7,0.0
7,5,10,150,7,0.0
8,5,10,150,7,0.0
9,5,10,150,7,0.0
10,5,10,150,7,0.3108658234453849
11,5,10,150,7,0.0
12,5,10,150,7,0.0
13,5,10,150,7,0.4483039899025303
14,5,10,150,7,0.20424960638019762
15,5,10,150,7,0.0
16,5,10,150,7,0.0
17,5,10,150,7,0.0
18,5,10,150,7,0.10633668103022985
19,5,10,150,7,0.0
20,5,10,150,7,0.13743816645714543
21,5,10,150,7,0.17342765698823945
22,5,10,150,7,0.0
23,5,10,150,7,0.0
24,5,10,150,7,0.0
25,5,10,150,7,0.22471947398559278
26,5,10,150,7,0.0
27,5,10,150,7,0.0
28,5,10,150,7,0.0
30,5,10,150,7,0.0
31,5,10,150,7,0.0
32,5,10,150,7,0.19519002499605084
33,5,10,150,7,0.0
34,5,10,150,7,0.0
35,5,10,150,7,0.0
37,5,10,150,7,0.0
38,5,10,150,7,0.0
39,5,10,150,7,0.0
40,5,10,150,7,0.0
41,5,10,150,7,0.0
42,5,10,150,7,0.0
43,5,10,150,7,0.0
44,5,10,150,7,0.0
45,5,10,150,7,0.0
46,5,10,150,7,0.0
47,5,10,150,7,0.0
48,5,10,150,7,0.0
49,5,10,150,7,0.0
52,5,10,150,7,0.0
53,5,10,150,7,0.0
54,5,10,150,7,0.0
55,5,10,150,7,0.0
56,5,10,150,7,0.17342765698823945
57,5,10,150,7,0.0
58,5,10,150,7,0.27487633291429087
59,5,10,150,7,0.27487633291429087
60,5,10,150,7,0.0
61,5,10,150,7,0.0
62,5,10,150,7,0.17342765698823945
63,5,10,150,7,0.0
64,5,10,150,7,0.0
65,5,10,150,7,0.13743816645714543
66,5,10,150,7,0.0
67,5,10,150,7,0.0
68,5,10,150,7,0.0
69,5,10,150,7,0.0
70,5,10,150,7,0.0
71,5,10,150,7,0.0
72,5,10,150,7,0.0
73,5,10,150,7,0.0
74,5,10,150,7,0.0
75,5,10,150,7,0.0
76,5,10,150,7,0.10633668103022985
77,5,10,150,7,0.0
78,5,10,150,7,0.0
79,5,10,150,7,0.0
80,5,10,150,7,0.0
81,5,10,150,7,0.0
82,5,10,150,7,0.0
83,5,10,150,7,0.0
84,5,10,150,7,0.0
85,5,10,150,7,0.0
86,5,10,150,7,0.0
87,5,10,150,7,0.0
88,5,10,150,7,0.0
89,5,10,150,7,0.0
90,5,10,150,7,0.0979129253499678
91,5,10,150,7,0.0
92,5,10,150,7,0.0
93,5,10,150,7,0.0
94,5,10,150,7,0.0
95,5,10,150,7,0.0979129253499678
96,5,10,150,7,0.0
97,5,10,150,7,0.0
98,5,10,150,7,0.0
99,5,10,150,7,0.0
100,5,10,150,7,0.0
101,5,10,150,7,0.0
102,5,10,150,7,0.0
103,5,10,150,7,0.0
104,5,10,150,7,0.27487633291429087
105,5,10,150,7,0.0
106,5,10,150,7,0.0
107,5,10,150,7,0.0
109,5,10,150,7,0.13743816645714543
110,5,10,150,7,0.0
111,5,10,150,7,0.0
112,5,10,150,7,0.0
113,5,10,150,7,0.0
114,5,10,150,7,0.0
115,5,10,150,7,0.0
116,5,10,150,7,0.0
117,5,10,150,7,0.0
118,5,10,150,7,0.16958010263680806
119,5,10,150,7,0.0
120,5,10,150,7,0.0
121,5,10,150,7,0.13032376591037062
122,5,10,150,7,0.0
123,5,10,150,7,0.0
124,5,10,150,7,0.0
125,5,10,150,7,0.0
126,5,10,150,7,0.0
128,5,10,150,7,0.0
129,5,10,150,7,0.0
130,5,10,150,7,0.17342765698823945
131,5,10,150,7,0.0
132,5,10,150,7,0.0
133,5,10,150,7,0.0
134,5,10,150,7,0.0
135,5,10,150,7,0.0
136,5,10,150,7,0.0
137,5,10,150,7,0.0
138,5,10,150,7,0.0
139,5,10,150,7,0.0
140,5,10,150,7,0.0
141,5,10,150,7,0.0
142,5,10,150,7,0.0
143,5,10,150,7,0.0
144,5,10,150,7,0.0
145,5,10,150,7,0.2558209594125084
146,5,10,150,7,0.0
147,5,10,150,7,0.0
148,5,10,150,7,0.0
149,5,10,150,7,0.0
150,5,10,150,7,0.2640681225725909
151,5,10,150,7,0.0
152,5,10,150,7,0.0
153,5,10,150,7,0.0
154,5,10,150,7,0.0
155,5,10,150,7,0.0
156,5,10,150,7,0.0
157,5,10,150,7,0.0
158,5,10,150,7,0.0
159,5,10,150,7,0.3727892582642586
160,5,10,150,7,0.17342765698823945
161,5,10,150,7,0.0
162,5,10,150,7,0.0
163,5,10,150,7,0.0
164,5,10,150,7,0.0
165,5,10,150,7,0.0
167,5,10,150,7,0.0
168,5,10,150,7,0.0
169,5,10,150,7,0.0
170,5,10,150,7,0.0
171,5,10,150,7,0.0
173,5,10,150,7,0.0
174,5,10,150,7,0.0
175,5,10,150,7,0.0
176,5,10,150,7,0.0
177,5,10,150,7,0.3932591258696538
178,5,10,150,7,0.11838279295536291
179,5,10,150,7,0.0
180,5,10,150,7,0.0
181,5,10,150,7,0.09162544430476362
182,5,10,150,7,0.0
183,5,10,150,7,0.15101961822780524
184,5,10,150,7,0.0
185,5,10,150,7,0.0
186,5,10,150,7,0.0
187,5,10,150,7,0.0
188,5,10,150,7,0.0
189,5,10,150,7,0.11838279295536291
190,5,10,150,7,0.0
192,5,10,150,7,0.0
193,5,10,150,7,0.0
194,5,10,150,7,0.0
195,5,10,150,7,0.0
196,5,10,150,7,0.0
197,5,10,150,7,0.0
198,5,10,150,7,0.0
199,5,10,150,7,0.0
200,5,10,150,7,0.10633668103022985
201,5,10,150,7,0.0
202,5,10,150,7,0.0
203,5,10,150,7,0.0
204,5,10,150,7,0.19519002499605084
205,5,10,150,7,0.0
206,5,10,150,7,0.0
207,5,10,150,7,0.0
208,5,10,150,7,0.0
209,5,10,150,7,0.0
210,5,10,150,7,0.0
211,5,10,150,7,0.0
213,5,10,150,7,0.0
214,5,10,150,7,0.0
216,5,10,150,7,0.27487633291429087
217,5,10,150,7,0.0
218,5,10,150,7,0.0
219,5,10,150,7,0.0
221,5,10,150,7,0.0
222,5,10,150,7,0.09162544430476362
223,5,10,150,7,0.0
224,5,10,150,7,0.0
225,5,10,150,7,0.0
226,5,10,150,7,0.19092086617893467
227,5,10,150,7,0.0
228,5,10,150,7,0.0
229,5,10,150,7,0.0
230,5,10,150,7,0.0
231,5,10,150,7,0.0
232,5,10,150,7,0.0
233,5,10,150,7,0.17342765698823945
234,5,10,150,7,0.0
235,5,10,150,7,0.0
236,5,10,150,7,0.0
237,5,10,150,7,0.0
238,5,10,150,7,0.0
239,5,10,150,7,0.09162544430476362
240,5,10,150,7,0.0
241,5,10,150,7,0.0
242,5,10,150,7,0.0
243,5,10,150,7,0.0
244,5,10,150,7,0.0
245,5,10,150,7,0.0
246,5,10,150,7,0.0979129253499678
247,5,10,150,7,0.0
248,5,10,150,7,0.0
249,5,10,150,7,0.0
250,5,10,150,7,0.0
251,5,10,150,7,0.13032376591037062
252,5,10,150,7,0.0
253,5,10,150,7,0.0
254,5,10,150,7,0.10633668103022985
255,5,10,150,7,0.0
256,5,10,150,7,0.0
257,5,10,150,7,0.0
258,5,10,150,7,0.0
259,5,10,150,7,0.0
260,5,10,150,7,0.0
261,5,10,150,7,0.0
262,5,10,150,7,0.0
263,5,10,150,7,0.0
264,5,10,150,7,0.0
265,5,10,150,7,0.0
266,5,10,150,7,0.0
267,5,10,150,7,0.10633668103022985
268,5,10,150,7,0.0
269,5,10,150,7,0.11838279295536291
270,5,10,150,7,0.0
271,5,10,150,7,0.13743816645714543
272,5,10,150,7,0.0
273,5,10,150,7,0.0
274,5,10,150,7,0.0
275,5,10,150,7,0.0
276,5,10,150,7,0.27487633291429087
277,5,10,150,7,0.0
278,5,10,150,7,0.0
279,5,10,150,7,0.17342765698823945
280,5,10,150,7,0.27487633291429087
281,5,10,150,7,0.0
282,5,10,150,7,0.0
283,5,10,150,7,0.0
284,5,10,150,7,0.0
285,5,10,150,7,0.0
286,5,10,150,7,0.0
287,5,10,150,7,0.0
288,5,10,150,7,0.0
289,5,10,150,7,0.0
290,5,10,150,7,0.09162544430476362
291,5,10,150,7,0.0
292,5,10,150,7,0.0
293,5,10,150,7,0.17342765698823945
294,5,10,150,7,0.0
295,5,10,150,7,0.13743816645714543
296,5,10,150,7,0.13743816645714543
297,5,10,150,7,0.0
298,5,10,150,7,0.0
299,5,10,150,7,0.0
300,5,10,150,7,0.0
301,5,10,150,7,0.0
302,5,10,150,7,0.0
303,5,10,150,7,0.0
304,5,10,150,7,0.0
305,5,10,150,7,0.19796212533499344
306,5,10,150,7,0.0
307,5,10,150,7,0.10778915452451093
308,5,10,150,7,0.18953836965473142
310,5,10,150,7,0.0
311,5,10,150,7,0.13743816645714543
312,5,10,150,7,0.0
313,5,10,150,7,0.0
314,5,10,150,7,0.3108658234453849
315,5,10,150,7,0.0
316,5,10,150,7,0.0
317,5,10,150,7,0.0
318,5,10,150,7,0.0
319,5,10,150,7,0.0
320,5,10,150,7,0.0979129253499678
321,5,10,150,7,0.0
322,5,10,150,7,0.0
323,5,10,150,7,0.11838279295536291
324,5,10,150,7,0.0
325,5,10,150,7,0.10633668103022985
326,5,10,150,7,0.0
327,5,10,150,7,0.0
328,5,10,150,7,0.13743816645714543
329,5,10,150,7,0.0
330,5,10,150,7,0.0
331,5,10,150,7,0.0
332,5,10,150,7,0.0
334,5,10,150,7,0.0
335,5,10,150,7,0.0
336,5,10,150,7,0.0
337,5,10,150,7,0.0
338,5,10,150,7,0.0
339,5,10,150,7,0.17342765698823945
340,5,10,150,7,0.0
341,5,10,150,7,0.0
342,5,10,150,7,0.4483039899025303
343,5,10,150,7,0.11838279295536291
344,5,10,150,7,0.0979129253499678
345,5,10,150,7,0.17342765698823945
346,5,10,150,7,0.0
347,5,10,150,7,0.3932591258696538
348,5,10,150,7,0.0
349,5,10,150,7,0.0
350,5,10,150,7,0.0
351,5,10,150,7,0.0
352,5,10,150,7,0.0
353,5,10,150,7,0.0
354,5,10,150,7,0.10633668103022985
355,5,10,150,7,0.0
356,5,10,150,7,0.0
357,5,10,150,7,0.0
358,5,10,150,7,0.0
359,5,10,150,7,0.0
360,5,10,150,7,0.0
361,5,10,150,7,0.11838279295536291
362,5,10,150,7,0.0
363,5,10,150,7,0.22906361076190904
364,5,10,150,7,0.0
365,5,10,150,7,0.0
366,5,10,150,7,0.0
367,5,10,150,7,0.0
368,5,10,150,7,0.0
369,5,10,150,7,0.0
370,5,10,150,7,0.0
371,5,10,150,7,0.0
372,5,10,150,7,0.15130120674940672
373,5,10,150,7,0.0
374,5,10,150,7,0.0
375,5,10,150,7,0.0
376,5,10,150,7,0.0
377,5,10,150,7,0.0
378,5,10,150,7,0.27487633291429087
379,5,10,150,7,0.0
380,5,10,150,7,0.0
381,5,10,150,7,0.0
382,5,10,150,7,0.0
383,5,10,150,7,0.0
384,5,10,150,7,0.0
385,5,10,150,7,0.0
386,5,10,150,7,0.0
387,5,10,150,7,0.13743816645714543
388,5,10,150,7,0.0
389,5,10,150,7,0.0
390,5,10,150,7,0.0
391,5,10,150,7,0.11838279295536291
392,5,10,150,7,0.13743816645714543
393,5,10,150,7,0.17342765698823945
394,5,10,150,7,0.22471947398559278
395,5,10,150,7,0.0
396,5,10,150,7,0.0
397,5,10,150,7,0.13743816645714543
398,5,10,150,7,0.3727892582642586
399,5,10,150,7,0.0
400,5,10,150,7,0.0
401,5,10,150,7,0.0
402,5,10,150,7,0.0
403,5,10,150,7,0.27487633291429087
404,5,10,150,7,0.0
405,5,10,150,7,0.0
406,5,10,150,7,0.10633668103022985
407,5,10,150,7,0.09162544430476362
408,5,10,150,7,0.0
409,5,10,150,7,0.0
410,5,10,150,7,0.0
411,5,10,150,7,0.17342765698823945
412,5,10,150,7,0.0
413,5,10,150,7,0.0
414,5,10,150,7,0.21398626473452756
415,5,10,150,7,0.0
416,5,10,150,7,0.0
417,5,10,150,7,0.0
419,5,10,150,7,0.30260241349881345
420,5,10,150,7,0.0
421,5,10,150,7,0.0
422,5,10,150,7,0.0
423,5,10,150,7,0.0
424,5,10,150,7,0.0
425,5,10,150,7,0.3981471309738322
426,5,10,150,7,0.0
427,5,10,150,7,0.0
428,5,10,150,7,0.0
429,5,10,150,7,0.20424960638019762
430,5,10,150,7,0.09162544430476362
431,5,10,150,7,0.0
432,5,10,150,7,0.0
433,5,10,150,7,0.0
434,5,10,150,7,0.3903800499921017
435,5,10,150,7,0.17342765698823945
436,5,10,150,7,0.13743816645714543
437,5,10,150,7,0.3108658234453849
438,5,10,150,7,0.0
439,5,10,150,7,0.0
440,5,10,150,7,0.0
441,5,10,150,7,0.0
442,5,10,150,7,0.0
443,5,10,150,7,0.0
445,5,10,150,7,0.0
446,5,10,150,7,0.0
447,5,10,150,7,0.27134058233820724
448,5,10,150,7,0.0
449,5,10,150,7,0.0
450,5,10,150,7,0.23535109180711322
451,5,10,150,7,0.0
452,5,10,150,7,0.0
453,5,10,150,7,0.0
454,5,10,150,7,0.0
455,5,10,150,7,0.0
456,5,10,150,7,0.17342765698823945
457,5,10,150,7,0.3727892582642586
458,5,10,150,7,0.0
459,5,10,150,7,0.0
460,5,10,150,7,0.0
461,5,10,150,7,0.0
462,5,10,150,7,0.0
463,5,10,150,7,0.0
464,5,10,150,7,0.0
465,5,10,150,7,0.0
466,5,10,150,7,0.0
467,5,10,150,7,0.0
468,5,10,150,7,0.36650177721905447
469,5,10,150,7,0.0
470,5,10,150,7,0.0
471,5,10,150,7,0.0
472,5,10,150,7,0.0
473,5,10,150,7,0.0
474,5,10,150,7,0.49117205121962154
475,5,10,150,7,0.0
476,5,10,150,7,0.0
477,5,10,150,7,0.0
478,5,10,150,7,0.10633668103022985
479,5,10,150,7,0.0
480,5,10,150,7,0.21398626473452756
481,5,10,150,7,0.0
482,5,10,150,7,0.0
483,5,10,150,7,0.09162544430476362
484,5,10,150,7,0.0
485,5,10,150,7,0.0
486,5,10,150,7,0.0
487,5,10,150,7,0.21000823726012652
488,5,10,150,7,0.0
489,5,10,150,7,0.0
490,5,10,150,7,0.0
491,5,10,150,7,0.19092086617893467
492,5,10,150,7,0.0
493,5,10,150,7,0.0
494,5,10,150,7,0.0
495,5,10,150,7,0.27487633291429087
496,5,10,150,7,0.09162544430476362
497,5,10,150,7,0.0
498,5,10,150,7,0.0
499,5,10,150,7,0.0979129253499678
500,5,10,150,7,0.0
501,5,10,150,7,0.0
502,5,10,150,7,0.0
503,5,10,150,7,0.17342765698823945
504,5,10,150,7,0.0
505,5,10,150,7,0.0
506,5,10,150,7,0.0
507,5,10,150,7,0.0
508,5,10,150,7,0.0
509,5,10,150,7,0.0
510,5,10,150,7,0.0
511,5,10,150,7,0.0
512,5,10,150,7,0.0
513,5,10,150,7,0.0
514,5,10,150,7,0.09162544430476362
515,5,10,150,7,0.0
516,5,10,150,7,0.0
517,5,10,150,7,0.0
518,5,10,150,7,0.0
519,5,10,150,7,0.0
520,5,10,150,7,0.0
521,5,10,150,7,0.0
522,5,10,150,7,0.0
523,5,10,150,7,0.0
524,5,10,150,7,0.0
525,5,10,150,7,0.0
526,5,10,150,7,0.0
527,5,10,150,7,0.0
528,5,10,150,7,0.0
529,5,10,150,7,0.0
530,5,10,150,7,0.0
531,5,10,150,7,0.0
532,5,10,150,7,0.0
533,5,10,150,7,0.265053101293003
534,5,10,150,7,0.0
535,5,10,150,7,0.13743816645714543
536,5,10,150,7,0.3727892582642586
537,5,10,150,7,0.5857421563596757
538,5,10,150,7,0.0
539,5,10,150,7,0.0
540,5,10,150,7,0.0
541,5,10,150,7,0.0
542,5,10,150,7,0.27487633291429087
543,5,10,150,7,0.0
544,5,10,150,7,0.0
545,5,10,150,7,0.11838279295536291
546,5,10,150,7,0.17342765698823945
547,5,10,150,7,0.0
548,5,10,150,7,0.0
549,5,10,150,7,0.0
550,5,10,150,7,0.0
551,5,10,150,7,0.4848845701744174
552,5,10,150,7,0.0
553,5,10,150,7,0.0
554,5,10,150,7,0.3108658234453849
555,5,10,150,7,0.0
556,5,10,150,7,0.0
557,5,10,150,7,0.0
558,5,10,150,7,0.0
559,5,10,150,7,0.11838279295536291
560,5,10,150,7,0.2797643380184693
561,5,10,150,7,0.0
562,5,10,150,7,0.0
563,5,10,150,7,0.0
564,5,10,150,7,0.0
565,5,10,150,7,0.0
566,5,10,150,7,0.2797643380184693
567,5,10,150,7,0.0
568,5,10,150,7,0.0
569,5,10,150,7,0.0
570,5,10,150,7,0.0
571,5,10,150,7,0.0
572,5,10,150,7,0.0
573,5,10,150,7,0.0
574,5,10,150,7,0.0
575,5,10,150,7,0.0
576,5,10,150,7,0.17342765698823945
577,5,10,150,7,0.2918104499436024
578,5,10,150,7,0.0
579,5,10,150,7,0.0
580,5,10,150,7,0.0
581,5,10,150,7,0.0
582,5,10,150,7,0.0
583,5,10,150,7,0.0
584,5,10,150,7,0.0
585,5,10,150,7,0.0
586,5,10,150,7,0.13743816645714543
587,5,10,150,7,0.0
588,5,10,150,7,0.46441470256902223
589,5,10,150,7,0.0
590,5,10,150,7,0.13743816645714543
591,5,10,150,7,0.27487633291429087
592,5,10,150,7,0.17342765698823945
593,5,10,150,7,0.27487633291429087
594,5,10,150,7,0.09162544430476362
595,5,10,150,7,0.0
596,5,10,150,7,0.0
597,5,10,150,7,0.0
598,5,10,150,7,0.13743816645714543
599,5,10,150,7,0.0
600,5,10,150,7,0.0
601,5,10,150,7,0.0
602,5,10,150,7,0.0
603,5,10,150,7,0.0
604,5,10,150,7,0.0
605,5,10,150,7,0.0
606,5,10,150,7,0.17342765698823945
607,5,10,150,7,0.0
608,5,10,150,7,0.0
609,5,10,150,7,0.11838279295536291
610,5,10,150,7,0.0
611,5,10,150,7,0.0
612,5,10,150,7,0.0
613,5,10,150,7,0.15130120674940672
614,5,10,150,7,0.17342765698823945
615,5,10,150,7,0.0
616,5,10,150,7,0.0
617,5,10,150,7,0.0979129253499678
618,5,10,150,7,0.3776772633684371
619,5,10,150,7,0.11838279295536291
620,5,10,150,7,0.0
621,5,10,150,7,0.27487633291429087
622,5,10,150,7,0.09162544430476362
623,5,10,150,7,0.0
624,5,10,150,7,0.0
625,5,10,150,7,0.0
626,5,10,150,7,0.0
627,5,10,150,7,0.0
628,5,10,150,7,0.0
629,5,10,150,7,0.0
630,5,10,150,7,0.17342765698823945
631,5,10,150,7,0.0
632,5,10,150,7,0.4483039899025303
633,5,10,150,7,0.0
634,5,10,150,7,0.0
635,5,10,150,7,0.0
636,5,10,150,7,0.0
637,5,10,150,7,0.0
638,5,10,150,7,0.0
639,5,10,150,7,0.0
640,5,10,150,7,0.0
641,5,10,150,7,0.0
642,5,10,150,7,0.0
643,5,10,150,7,0.0
644,5,10,150,7,0.0
645,5,10,150,7,0.17342765698823945
646,5,10,150,7,0.0
647,5,10,150,7,0.0
648,5,10,150,7,0.0979129253499678
649,5,10,150,7,0.0
650,5,10,150,7,0.0
651,5,10,150,7,0.0
652,5,10,150,7,0.0
653,5,10,150,7,0.0979129253499678
654,5,10,150,7,0.27487633291429087
655,5,10,150,7,0.0
656,5,10,150,7,0.0
657,5,10,150,7,0.0
658,5,10,150,7,0.0
659,5,10,150,7,0.0
660,5,10,150,7,0.0
661,5,10,150,7,0.0
662,5,10,150,7,0.0
663,5,10,150,7,0.18953836965473142
664,5,10,150,7,0.10633668103022985
665,5,10,150,7,0.0
666,5,10,150,7,0.27487633291429087
667,5,10,150,7,0.27487633291429087
668,5,10,150,7,0.0
669,5,10,150,7,0.36650177721905447
670,5,10,150,7,0.0
671,5,10,150,7,0.17342765698823945
672,5,10,150,7,0.0
673,5,10,150,7,0.0
674,5,10,150,7,0.0
675,5,10,150,7,0.0
676,5,10,150,7,0.0
677,5,10,150,7,0.0
678,5,10,150,7,0.0
679,5,10,150,7,0.09162544430476362
680,5,10,150,7,0.27487633291429087
681,5,10,150,7,0.0
682,5,10,150,7,0.0979129253499678
683,5,10,150,7,0.0
684,5,10,150,7,0.0
685,5,10,150,7,0.0
686,5,10,150,7,0.09162544430476362
687,5,10,150,7,0.0
688,5,10,150,7,0.0
689,5,10,150,7,0.27487633291429087
690,5,10,150,7,0.0
691,5,10,150,7,0.0
692,5,10,150,7,0.0
693,5,10,150,7,0.0
694,5,10,150,7,0.0
695,5,10,150,7,0.0
696,5,10,150,7,0.0
697,5,10,150,7,0.11838279295536291
698,5,10,150,7,0.27487633291429087
699,5,10,150,7,0.0
700,5,10,150,7,0.16958010263680806
701,5,10,150,7,0.0
702,5,10,150,7,0.0
703,5,10,150,7,0.0
704,5,10,150,7,0.09162544430476362
705,5,10,150,7,0.0
706,5,10,150,7,0.0
707,5,10,150,7,0.0979129253499678
708,5,10,150,7,0.0
709,5,10,150,7,0.0
710,5,10,150,7,0.13743816645714543
711,5,10,150,7,0.10633668103022985
712,5,10,150,7,0.0
713,5,10,150,7,0.0
714,5,10,150,7,0.0
715,5,10,150,7,0.27134058233820724
716,5,10,150,7,0.0
717,5,10,150,7,0.17342765698823945
718,5,10,150,7,0.0
719,5,10,150,7,0.0
720,5,10,150,7,0.0
721,5,10,150,7,0.27487633291429087
722,5,10,150,7,0.0
723,5,10,150,7,0.0
724,5,10,150,7,0.0
725,5,10,150,7,0.0
726,5,10,150,7,0.27487633291429087
727,5,10,150,7,0.0979129253499678
728,5,10,150,7,0.0
729,5,10,150,7,0.0
730,5,10,150,7,0.0
731,5,10,150,7,0.0
732,5,10,150,7,0.0
733,5,10,150,7,0.0
734,5,10,150,7,0.0
735,5,10,150,7,0.0
736,5,10,150,7,0.0
737,5,10,150,7,0.13743816645714543
738,5,10,150,7,0.7041249493150387
739,5,10,150,7,0.0
740,5,10,150,7,0.0
741,5,10,150,7,0.09162544430476362
742,5,10,150,7,0.0
743,5,10,150,7,0.0
744,5,10,150,7,0.0
745,5,10,150,7,0.5666867828578932
746,5,10,150,7,0.0
747,5,10,150,7,0.5857421563596757
748,5,10,150,7,0.41231449937143627
749,5,10,150,7,0.10633668103022985
750,5,10,150,7,0.0
751,5,10,150,7,0.0
752,5,10,150,7,0.0
753,5,10,150,7,0.09162544430476362
754,5,10,150,7,0.0
755,5,10,150,7,0.0
756,5,10,150,7,0.0
757,5,10,150,7,0.0
758,5,10,150,7,0.2558209594125084
759,5,10,150,7,0.0
760,5,10,150,7,0.0
761,5,10,150,7,0.0
762,5,10,150,7,0.0
763,5,10,150,7,0.3108658234453849
764,5,10,150,7,0.10633668103022985
765,5,10,150,7,0.0
766,5,10,150,7,0.0
767,5,10,150,7,0.27487633291429087
768,5,10,150,7,0.0979129253499678
769,5,10,150,7,0.0
770,5,10,150,7,0.0
771,5,10,150,7,0.0
772,5,10,150,7,0.0
773,5,10,150,7,0.13743816645714543
774,5,10,150,7,0.0
775,5,10,150,7,0.0
776,5,10,150,7,0.13743816645714543
777,5,10,150,7,0.0
778,5,10,150,7,0.0
779,5,10,150,7,0.10633668103022985
780,5,10,150,7,0.0
781,5,10,150,7,0.0
782,5,10,150,7,0.0
783,5,10,150,7,0.0
784,5,10,150,7,0.0
785,5,10,150,7,0.0
786,5,10,150,7,0.27134058233820724
787,5,10,150,7,0.0
788,5,10,150,7,0.5546406709327603
789,5,10,150,7,0.0
790,5,10,150,7,0.2162957183053307
791,5,10,150,7,0.0
792,5,10,150,7,0.0
793,5,10,150,7,0.0
794,5,10,150,7,0.24377484748737527
795,5,10,150,7,0.27487633291429087
796,5,10,150,7,0.5088279487803783
797,5,10,150,7,0.0
798,5,10,150,7,0.09162544430476362
799,5,10,150,7,0.0
800,5,10,150,7,0.0
801,5,10,150,7,0.0
802,5,10,150,7,0.0
803,5,10,150,7,0.0
804,5,10,150,7,0.19796212533499344
805,5,10,150,7,0.0
806,5,10,150,7,0.0
807,5,10,150,7,0.0
808,5,10,150,7,0.0
809,5,10,150,7,0.0
810,5,10,150,7,0.0
811,5,10,150,7,0.0
812,5,10,150,7,0.0
813,5,10,150,7,0.0
814,5,10,150,7,0.10633668103022985
815,5,10,150,7,0.3932591258696538
816,5,10,150,7,0.0
817,5,10,150,7,0.0
818,5,10,150,7,0.0
819,5,10,150,7,0.0
820,5,10,150,7,0.0
821,5,10,150,7,0.09162544430476362
822,5,10,150,7,0.0
823,5,10,150,7,0.22906361076190904
824,5,10,150,7,0.0
825,5,10,150,7,0.10633668103022985
826,5,10,150,7,0.0979129253499678
827,5,10,150,7,0.0
828,5,10,150,7,0.11838279295536291
829,5,10,150,7,0.0
830,5,10,150,7,0.0
831,5,10,150,7,0.13743816645714543
832,5,10,150,7,0.0
833,5,10,150,7,0.27134058233820724
834,5,10,150,7,0.0
835,5,10,150,7,0.0
836,5,10,150,7,0.0
837,5,10,150,7,0.0
838,5,10,150,7,0.0
839,5,10,150,7,0.0
840,5,10,150,7,0.33540029179213887
841,5,10,150,7,0.0
842,5,10,150,7,0.0
843,5,10,150,7,0.2918104499436024
844,5,10,150,7,0.2918104499436024
845,5,10,150,7,0.0
846,5,10,150,7,0.17342765698823945
847,5,10,150,7,0.0
848,5,10,150,7,0.0
849,5,10,150,7,0.0
850,5,10,150,7,0.0
851,5,10,150,7,0.46441470256902223
852,5,10,150,7,0.0
853,5,10,150,7,0.0
854,5,10,150,7,0.27134058233820724
855,5,10,150,7,0.0
856,5,10,150,7,0.0
857,5,10,150,7,0.0
858,5,10,150,7,0.0
859,5,10,150,7,0.0
860,5,10,150,7,0.0
861,5,10,150,7,0.13743816645714543
862,5,10,150,7,0.10633668103022985
863,5,10,150,7,0.0
864,5,10,150,7,0.17342765698823945
865,5,10,150,7,0.0
866,5,10,150,7,0.0
867,5,10,150,7,0.510227424721404
868,5,10,150,7,0.11838279295536291
869,5,10,150,7,0.0
870,5,10,150,7,0.11838279295536291
871,5,10,150,7,0.17342765698823945
872,5,10,150,7,0.0
873,5,10,150,7,0.0
874,5,10,150,7,0.0
875,5,10,150,7,0.2797643380184693
876,5,10,150,7,0.0
877,5,10,150,7,0.10633668103022985
878,5,10,150,7,0.0
879,5,10,150,7,0.0
880,5,10,150,7,0.5546406709327603
881,5,10,150,7,0.5399294342072939
882,5,10,150,7,0.49117205121962154
883,5,10,150,7,0.4292486164007478
884,5,10,150,7,0.0
885,5,10,150,7,0.09162544430476362
886,5,10,150,7,0.41231449937143627
887,5,10,150,7,0.10633668103022985
888,5,10,150,7,0.0
889,5,10,150,7,0.6018528690261676
890,5,10,150,7,0.5546406709327603
891,5,10,150,7,0.0
892,5,10,150,7,0.5306972923267992
893,5,10,150,7,0.0
894,5,10,150,7,0.48134881959833375
895,5,10,150,7,0.0
896,5,10,150,7,0.6583122271626569
897,5,10,150,7,0.13743816645714543
898,5,10,150,7,0.0
899,5,10,150,7,0.4483039899025303
900,5,10,150,7,0.09162544430476362
901,5,10,150,7,0.5306972923267992
902,5,10,150,7,0.0
903,5,10,150,7,0.5912212512046472
904,5,10,150,7,0.0
905,5,10,150,7,0.10633668103022985
906,5,10,150,7,0.0
907,5,10,150,7,0.4483039899025303
908,5,10,150,7,0.20424960638019762
909,5,10,150,7,0.0
910,5,10,150,7,0.2797643380184693
911,5,10,150,7,0.0
912,5,10,150,7,0.13743816645714543
913,5,10,150,7,0.0
914,5,10,150,7,0.0
915,5,10,150,7,0.0
916,5,10,150,7,0.38121301394452073
917,5,10,150,7,0.0
918,5,10,150,7,0.0
919,5,10,150,7,0.22471947398559278
920,5,10,150,7,0.0
921,5,10,150,7,0.10633668103022985
922,5,10,150,7,0.0
923,5,10,150,7,0.0
924,5,10,150,7,0.0
925,5,10,150,7,0.0
926,5,10,150,7,0.0
927,5,10,150,7,0.0
928,5,10,150,7,0.11838279295536291
929,5,10,150,7,0.13743816645714543
930,5,10,150,7,0.13743816645714543
931,5,10,150,7,0.0
932,5,10,150,7,0.41231449937143627
933,5,10,150,7,0.0
934,5,10,150,7,0.0
935,5,10,150,7,0.0
936,5,10,150,7,0.27487633291429087
937,5,10,150,7,0.10633668103022985
938,5,10,150,7,0.0979129253499678
939,5,10,150,7,0.0
940,5,10,150,7,0.0
941,5,10,150,7,0.27487633291429087
942,5,10,150,7,0.0
943,5,10,150,7,0.6370339733570289
1,5,10,150,8,0.7457912185292983
2,5,10,150,8,0.0
3,5,10,150,8,0.0
4,5,10,150,8,0.0
5,5,10,150,8,0.0
6,5,10,150,8,0.0
7,5,10,150,8,0.0
8,5,10,150,8,0.0
9,5,10,150,8,0.0
10,5,10,150,8,0.2860604285087249
11,5,10,150,8,0.0
12,5,10,150,8,0.0
13,5,10,150,8,0.41253177989255346
14,5,10,150,8,0.18795160328752808
15,5,10,150,8,0.0
16,5,10,150,8,0.0
17,5,10,150,8,0.0
18,5,10,150,8,0.09785159463516042
19,5,10,150,8,0.0
20,5,10,150,8,0.13743816645714543
21,5,10,150,8,0.15958907712489634
22,5,10,150,8,0.0
23,5,10,150,8,0.07979453856244817
24,5,10,150,8,0.0
25,5,10,150,8,0.2067880872529163
26,5,10,150,8,0.0
27,5,10,150,8,0.0
28,5,10,150,8,0.0
30,5,10,150,8,0.0
31,5,10,150,8,0.0
32,5,10,150,8,0.19519002499605084
33,5,10,150,8,0.0
34,5,10,150,8,0.0
35,5,10,150,8,0.0
37,5,10,150,8,0.0
38,5,10,150,8,0.0
39,5,10,150,8,0.0
40,5,10,150,8,0.0
41,5,10,150,8,0.0
42,5,10,150,8,0.0
43,5,10,150,8,0.0
44,5,10,150,8,0.0
45,5,10,150,8,0.0
46,5,10,150,8,0.0
47,5,10,150,8,0.0
48,5,10,150,8,0.0
49,5,10,150,8,0.0
52,5,10,150,8,0.0
53,5,10,150,8,0.0
54,5,10,150,8,0.0
55,5,10,150,8,0.0
56,5,10,150,8,0.15958907712489634
57,5,10,150,8,0.0
58,5,10,150,8,0.2529427027676571
59,5,10,150,8,0.2529427027676571
60,5,10,150,8,0.07979453856244817
61,5,10,150,8,0.0
62,5,10,150,8,0.15958907712489634
63,5,10,150,8,0.0
64,5,10,150,8,0.0
65,5,10,150,8,0.12647135138382856
66,5,10,150,8,0.0
67,5,10,150,8,0.0
68,5,10,150,8,0.0
69,5,10,150,8,0.0
70,5,10,150,8,0.0
71,5,10,150,8,0.0
72,5,10,150,8,0.0
73,5,10,150,8,0.0
74,5,10,150,8,0.0
75,5,10,150,8,0.0
76,5,10,150,8,0.10633668103022985
77,5,10,150,8,0.0
78,5,10,150,8,0.0
79,5,10,150,8,0.0
80,5,10,150,8,0.0
81,5,10,150,8,0.0
82,5,10,150,8,0.0
83,5,10,150,8,0.07979453856244817
84,5,10,150,8,0.0
85,5,10,150,8,0.0
86,5,10,150,8,0.0
87,5,10,150,8,0.0
88,5,10,150,8,0.0
89,5,10,150,8,0.0
90,5,10,150,8,0.09010000865236768
91,5,10,150,8,0.0
92,5,10,150,8,0.07979453856244817
93,5,10,150,8,0.0
94,5,10,150,8,0.0
95,5,10,150,8,0.09010000865236768
96,5,10,150,8,0.0
97,5,10,150,8,0.0
98,5,10,150,8,0.0
99,5,10,150,8,0.0
100,5,10,150,8,0.0
101,5,10,150,8,0.0
102,5,10,150,8,0.0
103,5,10,150,8,0.0
104,5,10,150,8,0.27487633291429087
105,5,10,150,8,0.0
106,5,10,150,8,0.0
107,5,10,150,8,0.0
109,5,10,150,8,0.12647135138382856
110,5,10,150,8,0.0
111,5,10,150,8,0.0
112,5,10,150,8,0.0
113,5,10,150,8,0.0
114,5,10,150,8,0.0
115,5,10,150,8,0.0
116,5,10,150,8,0.0
117,5,10,150,8,0.0
118,5,10,150,8,0.16958010263680806
119,5,10,150,8,0.0
120,5,10,150,8,0.0
121,5,10,150,8,0.13032376591037062
122,5,10,150,8,0.0
123,5,10,150,8,0.0
124,5,10,150,8,0.0
125,5,10,150,8,0.0
126,5,10,150,8,0.0
128,5,10,150,8,0.0
129,5,10,150,8,0.0
130,5,10,150,8,0.15958907712489634
131,5,10,150,8,0.0
132,5,10,150,8,0.0
133,5,10,150,8,0.0
134,5,10,150,8,0.0
135,5,10,150,8,0.0
136,5,10,150,8,0.0
137,5,10,150,8,0.0
138,5,10,150,8,0.0
139,5,10,150,8,0.0
140,5,10,150,8,0.0
141,5,10,150,8,0.0
142,5,10,150,8,0.0
143,5,10,150,8,0.0
144,5,10,150,8,0.0
145,5,10,150,8,0.23540784400158446
146,5,10,150,8,0.0
147,5,10,150,8,0.0
148,5,10,150,8,0.0
149,5,10,150,8,0.0
150,5,10,150,8,0.2640681225725909
151,5,10,150,8,0.0
152,5,10,150,8,0.0
153,5,10,150,8,0.0
154,5,10,150,8,0.0
155,5,10,150,8,0.0
156,5,10,150,8,0.0
157,5,10,150,8,0.0
158,5,10,150,8,0.0
159,5,10,150,8,0.3430427114200248
160,5,10,150,8,0.15958907712489634
161,5,10,150,8,0.0
162,5,10,150,8,0.0
163,5,10,150,8,0.0
164,5,10,150,8,0.0
165,5,10,150,8,0.0
167,5,10,150,8,0.0
168,5,10,150,8,0.0
169,5,10,150,8,0.0
170,5,10,150,8,0.0
171,5,10,150,8,0.0
173,5,10,150,8,0.0
174,5,10,150,8,0.0
175,5,10,150,8,0.0
176,5,10,150,8,0.0
177,5,10,150,8,0.361879195385413
178,5,10,150,8,0.10893649261775588
179,5,10,150,8,0.0
180,5,10,150,8,0.0
181,5,10,150,8,0.0843142342558857
182,5,10,150,8,0.0
183,5,10,150,8,0.15101961822780524
184,5,10,150,8,0.0
185,5,10,150,8,0.0
186,5,10,150,8,0.0
187,5,10,150,8,0.0
188,5,10,150,8,0.0
189,5,10,150,8,0.10893649261775588
190,5,10,150,8,0.0
192,5,10,150,8,0.123151194370365
193,5,10,150,8,0.0
194,5,10,150,8,0.0
195,5,10,150,8,0.0
196,5,10,150,8,0.0
197,5,10,150,8,0.09546043308946733
198,5,10,150,8,0.0
199,5,10,150,8,0.0
200,5,10,150,8,0.09785159463516042
201,5,10,150,8,0.0
202,5,10,150,8,0.0
203,5,10,150,8,0.0
204,5,10,150,8,0.19519002499605084
205,5,10,150,8,0.0
206,5,10,150,8,0.0
207,5,10,150,8,0.0
208,5,10,150,8,0.0
209,5,10,150,8,0.0
210,5,10,150,8,0.0
211,5,10,150,8,0.0
213,5,10,150,8,0.0
214,5,10,150,8,0.0
216,5,10,150,8,0.2529427027676571
217,5,10,150,8,0.0
218,5,10,150,8,0.0
219,5,10,150,8,0.0
221,5,10,150,8,0.0
222,5,10,150,8,0.1641087728183339
223,5,10,150,8,0.0
224,5,10,150,8,0.0
225,5,10,150,8,0.0
226,5,10,150,8,0.19092086617893467
227,5,10,150,8,0.0
228,5,10,150,8,0.0
229,5,10,150,8,0.0
230,5,10,150,8,0.0
231,5,10,150,8,0.0
232,5,10,150,8,0.0
233,5,10,150,8,0.15958907712489634
234,5,10,150,8,0.0
235,5,10,150,8,0.0
236,5,10,150,8,0.0
237,5,10,150,8,0.19342640361727081
238,5,10,150,8,0.0
239,5,10,150,8,0.0843142342558857
240,5,10,150,8,0.0
241,5,10,150,8,0.0
242,5,10,150,8,0.0
243,5,10,150,8,0.0
244,5,10,150,8,0.07979453856244817
245,5,10,150,8,0.0
246,5,10,150,8,0.09010000865236768
247,5,10,150,8,0.0
248,5,10,150,8,0.0
249,5,10,150,8,0.0
250,5,10,150,8,0.0
251,5,10,150,8,0.13032376591037062
252,5,10,150,8,0.0
253,5,10,150,8,0.0
254,5,10,150,8,0.09785159463516042
255,5,10,150,8,0.0
256,5,10,150,8,0.0
257,5,10,150,8,0.0
258,5,10,150,8,0.0
259,5,10,150,8,0.0
260,5,10,150,8,0.0
261,5,10,150,8,0.0
262,5,10,150,8,0.0
263,5,10,150,8,0.0
264,5,10,150,8,0.0
265,5,10,150,8,0.0
266,5,10,150,8,0.0
267,5,10,150,8,0.09785159463516042
268,5,10,150,8,0.07979453856244817
269,5,10,150,8,0.10893649261775588
270,5,10,150,8,0.0
271,5,10,150,8,0.12647135138382856
272,5,10,150,8,0.0
273,5,10,150,8,0.0
274,5,10,150,8,0.0
275,5,10,150,8,0.0
276,5,10,150,8,0.2529427027676571
277,5,10,150,8,0.0
278,5,10,150,8,0.0
279,5,10,150,8,0.15958907712489634
280,5,10,150,8,0.2529427027676571
281,5,10,150,8,0.0
282,5,10,150,8,0.0
283,5,10,150,8,0.0
284,5,10,150,8,0.0
285,5,10,150,8,0.0
286,5,10,150,8,0.0
287,5,10,150,8,0.0
288,5,10,150,8,0.0
289,5,10,150,8,0.0
290,5,10,150,8,0.0843142342558857
291,5,10,150,8,0.0
292,5,10,150,8,0.0
293,5,10,150,8,0.15958907712489634
294,5,10,150,8,0.0
295,5,10,150,8,0.12647135138382856
296,5,10,150,8,0.12647135138382856
297,5,10,150,8,0.0
298,5,10,150,8,0.0
299,5,10,150,8,0.0
300,5,10,150,8,0.0
301,5,10,150,8,0.0
302,5,10,150,8,0.0
303,5,10,150,8,0.0
304,5,10,150,8,0.0
305,5,10,150,8,0.1821658288910461
306,5,10,150,8,0.0
307,5,10,150,8,0.10778915452451093
308,5,10,150,8,0.1744142429082534
310,5,10,150,8,0.0
311,5,10,150,8,0.12647135138382856
312,5,10,150,8,0.0
313,5,10,150,8,0.0
314,5,10,150,8,0.2860604285087249
315,5,10,150,8,0.0
316,5,10,150,8,0.0
317,5,10,150,8,0.0
318,5,10,150,8,0.0
319,5,10,150,8,0.0
320,5,10,150,8,0.16989454721481587
321,5,10,150,8,0.0
322,5,10,150,8,0.0
323,5,10,150,8,0.10893649261775588
324,5,10,150,8,0.0
325,5,10,150,8,0.09785159463516042
326,5,10,150,8,0.0
327,5,10,150,8,0.0
328,5,10,150,8,0.12647135138382856
329,5,10,150,8,0.0
330,5,10,150,8,0.0
331,5,10,150,8,0.0
332,5,10,150,8,0.0
334,5,10,150,8,0.0
335,5,10,150,8,0.0
336,5,10,150,8,0.07979453856244817
337,5,10,150,8,0.0
338,5,10,150,8,0.0
339,5,10,150,8,0.15958907712489634
340,5,10,150,8,0.0
341,5,10,150,8,0.0
342,5,10,150,8,0.41253177989255346
343,5,10,150,8,0.10893649261775588
344,5,10,150,8,0.09010000865236768
345,5,10,150,8,0.15958907712489634
346,5,10,150,8,0.0
347,5,10,150,8,0.361879195385413
348,5,10,150,8,0.0
349,5,10,150,8,0.0
350,5,10,150,8,0.0
351,5,10,150,8,0.0
352,5,10,150,8,0.0
353,5,10,150,8,0.0
354,5,10,150,8,0.09785159463516042
355,5,10,150,8,0.0
356,5,10,150,8,0.0
357,5,10,150,8,0.0
358,5,10,150,8,0.0
359,5,10,150,8,0.0
360,5,10,150,8,0.0
361,5,10,150,8,0.10893649261775588
362,5,10,150,8,0.0
363,5,10,150,8,0.21078558563971425
364,5,10,150,8,0.0
365,5,10,150,8,0.0
366,5,10,150,8,0.0
367,5,10,150,8,0.0
368,5,10,150,8,0.0
369,5,10,150,8,0.0
370,5,10,150,8,0.0
371,5,10,150,8,0.0
372,5,10,150,8,0.15130120674940672
373,5,10,150,8,0.0
374,5,10,150,8,0.0
375,5,10,150,8,0.0
376,5,10,150,8,0.0
377,5,10,150,8,0.0
378,5,10,150,8,0.2529427027676571
379,5,10,150,8,0.0
380,5,10,150,8,0.0
381,5,10,150,8,0.0
382,5,10,150,8,0.0
383,5,10,150,8,0.0
384,5,10,150,8,0.0
385,5,10,150,8,0.0
386,5,10,150,8,0.0
387,5,10,150,8,0.12647135138382856
388,5,10,150,8,0.0
389,5,10,150,8,0.0
390,5,10,150,8,0.0
391,5,10,150,8,0.10893649261775588
392,5,10,150,8,0.12647135138382856
393,5,10,150,8,0.15958907712489634
394,5,10,150,8,0.2067880872529163
395,5,10,150,8,0.0
396,5,10,150,8,0.0
397,5,10,150,8,0.12647135138382856
398,5,10,150,8,0.3430427114200248
399,5,10,150,8,0.0
400,5,10,150,8,0.0
401,5,10,150,8,0.0
402,5,10,150,8,0.0
403,5,10,150,8,0.2529427027676571
404,5,10,150,8,0.0
405,5,10,150,8,0.0
406,5,10,150,8,0.09785159463516042
407,5,10,150,8,0.1641087728183339
408,5,10,150,8,0.0
409,5,10,150,8,0.0
410,5,10,150,8,0.0
411,5,10,150,8,0.17342765698823945
412,5,10,150,8,0.0
413,5,10,150,8,0.0
414,5,10,150,8,0.21398626473452756
415,5,10,150,8,0.0
416,5,10,150,8,0.0
417,5,10,150,8,0.07979453856244817
419,5,10,150,8,0.30260241349881345
420,5,10,150,8,0.0
421,5,10,150,8,0.0
422,5,10,150,8,0.0
423,5,10,150,8,0.0
424,5,10,150,8,0.0
425,5,10,150,8,0.36637716437781265
426,5,10,150,8,0.0
427,5,10,150,8,0.0
428,5,10,150,8,0.0
429,5,10,150,8,0.26774614184997625
430,5,10,150,8,0.0843142342558857
431,5,10,150,8,0.0
432,5,10,150,8,0.0
433,5,10,150,8,0.0
434,5,10,150,8,0.3903800499921017
435,5,10,150,8,0.2393836156873445
436,5,10,150,8,0.12647135138382856
437,5,10,150,8,0.2860604285087249
438,5,10,150,8,0.0
439,5,10,150,8,0.0
440,5,10,150,8,0.0
441,5,10,150,8,0.0
442,5,10,150,8,0.0
443,5,10,150,8,0.0
445,5,10,150,8,0.0
446,5,10,150,8,0.0
447,5,10,150,8,0.249689085777264
448,5,10,150,8,0.0
449,5,10,150,8,0.0
450,5,10,150,8,0.2963658985986444
451,5,10,150,8,0.0
452,5,10,150,8,0.0
453,5,10,150,8,0.0
454,5,10,150,8,0.0
455,5,10,150,8,0.0
456,5,10,150,8,0.15958907712489634
457,5,10,150,8,0.3430427114200248
458,5,10,150,8,0.0
459,5,10,150,8,0.0
460,5,10,150,8,0.0
461,5,10,150,8,0.0
462,5,10,150,8,0.0
463,5,10,150,8,0.0
464,5,10,150,8,0.0
465,5,10,150,8,0.0
466,5,10,150,8,0.0
467,5,10,150,8,0.0
468,5,10,150,8,0.3372569370235428
469,5,10,150,8,0.0
470,5,10,150,8,0.0
471,5,10,150,8,0.0
472,5,10,150,8,0.0
473,5,10,150,8,0.0
474,5,10,150,8,0.4519792040377807
475,5,10,150,8,0.0
476,5,10,150,8,0.0
477,5,10,150,8,0.0
478,5,10,150,8,0.09785159463516042
479,5,10,150,8,0.0
480,5,10,150,8,0.21398626473452756
481,5,10,150,8,0.0
482,5,10,150,8,0.0
483,5,10,150,8,0.0843142342558857
484,5,10,150,8,0.0
485,5,10,150,8,0.0
486,5,10,150,8,0.07979453856244817
487,5,10,150,8,0.1932507268736416
488,5,10,150,8,0.0
489,5,10,150,8,0.0
490,5,10,150,8,0.0
491,5,10,150,8,0.19092086617893467
492,5,10,150,8,0.0
493,5,10,150,8,0.0
494,5,10,150,8,0.0
495,5,10,150,8,0.2529427027676571
496,5,10,150,8,0.0843142342558857
497,5,10,150,8,0.0
498,5,10,150,8,0.0
499,5,10,150,8,0.09010000865236768
500,5,10,150,8,0.0
501,5,10,150,8,0.0
502,5,10,150,8,0.0
503,5,10,150,8,0.15958907712489634
504,5,10,150,8,0.0
505,5,10,150,8,0.0
506,5,10,150,8,0.0
507,5,10,150,8,0.0
508,5,10,150,8,0.0
509,5,10,150,8,0.0
510,5,10,150,8,0.0
511,5,10,150,8,0.0
512,5,10,150,8,0.0
513,5,10,150,8,0.0
514,5,10,150,8,0.1641087728183339
515,5,10,150,8,0.0
516,5,10,150,8,0.0
517,5,10,150,8,0.0
518,5,10,150,8,0.0
519,5,10,150,8,0.0
520,5,10,150,8,0.0
521,5,10,150,8,0.0
522,5,10,150,8,0.0
523,5,10,150,8,0.0
524,5,10,150,8,0.0
525,5,10,150,8,0.0
526,5,10,150,8,0.0
527,5,10,150,8,0.0
528,5,10,150,8,0.0
529,5,10,150,8,0.0
530,5,10,150,8,0.0
531,5,10,150,8,0.0
532,5,10,150,8,0.0
533,5,10,150,8,0.24390331138078203
534,5,10,150,8,0.0
535,5,10,150,8,0.12647135138382856
536,5,10,150,8,0.4228372499824729
537,5,10,150,8,0.5390031312763821
538,5,10,150,8,0.0
539,5,10,150,8,0.0
540,5,10,150,8,0.0
541,5,10,150,8,0.0
542,5,10,150,8,0.2529427027676571
543,5,10,150,8,0.0
544,5,10,150,8,0.0
545,5,10,150,8,0.10893649261775588
546,5,10,150,8,0.15958907712489634
547,5,10,150,8,0.0
548,5,10,150,8,0.0
549,5,10,150,8,0.0
550,5,10,150,8,0.0
551,5,10,150,8,0.4461934296412987
552,5,10,150,8,0.0
553,5,10,150,8,0.0
554,5,10,150,8,0.2860604285087249
555,5,10,150,8,0.0
556,5,10,150,8,0.0
557,5,10,150,8,0.0
558,5,10,150,8,0.0
559,5,10,150,8,0.10893649261775588
560,5,10,150,8,0.25744067176005675
561,5,10,150,8,0.0
562,5,10,150,8,0.0
563,5,10,150,8,0.0
564,5,10,150,8,0.0
565,5,10,150,8,0.0
566,5,10,150,8,0.3372352103225049
567,5,10,150,8,0.07979453856244817
568,5,10,150,8,0.0
569,5,10,150,8,0.0
570,5,10,150,8,0.0
571,5,10,150,8,0.0
572,5,10,150,8,0.0
573,5,10,150,8,0.0
574,5,10,150,8,0.0
575,5,10,150,8,0.0
576,5,10,150,8,0.17342765698823945
577,5,10,150,8,0.26852556974265224
578,5,10,150,8,0.0
579,5,10,150,8,0.0
580,5,10,150,8,0.0
581,5,10,150,8,0.0
582,5,10,150,8,0.0
583,5,10,150,8,0.0
584,5,10,150,8,0.0
585,5,10,150,8,0.0
586,5,10,150,8,0.12647135138382856
587,5,10,150,8,0.0
588,5,10,150,8,0.4273569456759105
589,5,10,150,8,0.0
590,5,10,150,8,0.12647135138382856
591,5,10,150,8,0.2529427027676571
592,5,10,150,8,0.2393836156873445
593,5,10,150,8,0.2529427027676571
594,5,10,150,8,0.0843142342558857
595,5,10,150,8,0.0
596,5,10,150,8,0.0
597,5,10,150,8,0.0
598,5,10,150,8,0.12647135138382856
599,5,10,150,8,0.0
600,5,10,150,8,0.0
601,5,10,150,8,0.0
602,5,10,150,8,0.0
603,5,10,150,8,0.07979453856244817
604,5,10,150,8,0.0
605,5,10,150,8,0.0
606,5,10,150,8,0.15958907712489634
607,5,10,150,8,0.0
608,5,10,150,8,0.07979453856244817
609,5,10,150,8,0.11838279295536291
610,5,10,150,8,0.0
611,5,10,150,8,0.0
612,5,10,150,8,0.0
613,5,10,150,8,0.15130120674940672
614,5,10,150,8,0.15958907712489634
615,5,10,150,8,0.0
616,5,10,150,8,0.0
617,5,10,150,8,0.09010000865236768
618,5,10,150,8,0.3475406804124244
619,5,10,150,8,0.10893649261775588
620,5,10,150,8,0.0
621,5,10,150,8,0.2529427027676571
622,5,10,150,8,0.0843142342558857
623,5,10,150,8,0.0
624,5,10,150,8,0.0
625,5,10,150,8,0.0
626,5,10,150,8,0.0
627,5,10,150,8,0.0
628,5,10,150,8,0.0
629,5,10,150,8,0.0
630,5,10,150,8,0.15958907712489634
631,5,10,150,8,0.0
632,5,10,150,8,0.41253177989255346
633,5,10,150,8,0.0
634,5,10,150,8,0.0
635,5,10,150,8,0.0
636,5,10,150,8,0.0
637,5,10,150,8,0.0
638,5,10,150,8,0.0
639,5,10,150,8,0.0
640,5,10,150,8,0.0
641,5,10,150,8,0.0
642,5,10,150,8,0.0
643,5,10,150,8,0.0
644,5,10,150,8,0.0
645,5,10,150,8,0.2393836156873445
646,5,10,150,8,0.0
647,5,10,150,8,0.0
648,5,10,150,8,0.09010000865236768
649,5,10,150,8,0.0
650,5,10,150,8,0.0
651,5,10,150,8,0.0
652,5,10,150,8,0.0
653,5,10,150,8,0.09010000865236768
654,5,10,150,8,0.2529427027676571
655,5,10,150,8,0.0
656,5,10,150,8,0.0
657,5,10,150,8,0.0
658,5,10,150,8,0.0
659,5,10,150,8,0.0
660,5,10,150,8,0.0
661,5,10,150,8,0.07979453856244817
662,5,10,150,8,0.0
663,5,10,150,8,0.1744142429082534
664,5,10,150,8,0.09785159463516042
665,5,10,150,8,0.0
666,5,10,150,8,0.2529427027676571
667,5,10,150,8,0.2529427027676571
668,5,10,150,8,0.0
669,5,10,150,8,0.3372569370235428
670,5,10,150,8,0.0
671,5,10,150,8,0.15958907712489634
672,5,10,150,8,0.0
673,5,10,150,8,0.0
674,5,10,150,8,0.0
675,5,10,150,8,0.0
676,5,10,150,8,0.0
677,5,10,150,8,0.0
678,5,10,150,8,0.0
679,5,10,150,8,0.1641087728183339
680,5,10,150,8,0.2529427027676571
681,5,10,150,8,0.0
682,5,10,150,8,0.09010000865236768
683,5,10,150,8,0.0
684,5,10,150,8,0.0
685,5,10,150,8,0.0
686,5,10,150,8,0.0843142342558857
687,5,10,150,8,0.0
688,5,10,150,8,0.0
689,5,10,150,8,0.27487633291429087
690,5,10,150,8,0.0
691,5,10,150,8,0.0
692,5,10,150,8,0.0
693,5,10,150,8,0.0
694,5,10,150,8,0.0
695,5,10,150,8,0.0
696,5,10,150,8,0.0
697,5,10,150,8,0.10893649261775588
698,5,10,150,8,0.2529427027676571
699,5,10,150,8,0.0
700,5,10,150,8,0.16958010263680806
701,5,10,150,8,0.0
702,5,10,150,8,0.0
703,5,10,150,8,0.0
704,5,10,150,8,0.0843142342558857
705,5,10,150,8,0.07979453856244817
706,5,10,150,8,0.0
707,5,10,150,8,0.09010000865236768
708,5,10,150,8,0.0
709,5,10,150,8,0.0
710,5,10,150,8,0.12647135138382856
711,5,10,150,8,0.09785159463516042
712,5,10,150,8,0.0
713,5,10,150,8,0.0
714,5,10,150,8,0.0
715,5,10,150,8,0.249689085777264
716,5,10,150,8,0.07979453856244817
717,5,10,150,8,0.15958907712489634
718,5,10,150,8,0.0
719,5,10,150,8,0.0
720,5,10,150,8,0.0
721,5,10,150,8,0.2529427027676571
722,5,10,150,8,0.0
723,5,10,150,8,0.0
724,5,10,150,8,0.0
725,5,10,150,8,0.0
726,5,10,150,8,0.2529427027676571
727,5,10,150,8,0.09010000865236768
728,5,10,150,8,0.0
729,5,10,150,8,0.0
730,5,10,150,8,0.0
731,5,10,150,8,0.0
732,5,10,150,8,0.0
733,5,10,150,8,0.0
734,5,10,150,8,0.0
735,5,10,150,8,0.0
736,5,10,150,8,0.0
737,5,10,150,8,0.12647135138382856
738,5,10,150,8,0.647939623894138
739,5,10,150,8,0.0
740,5,10,150,8,0.0
741,5,10,150,8,0.0843142342558857
742,5,10,150,8,0.0
743,5,10,150,8,0.0
744,5,10,150,8,0.0
745,5,10,150,8,0.5214682725103094
746,5,10,150,8,0.0
747,5,10,150,8,0.5390031312763821
748,5,10,150,8,0.4592085927139339
749,5,10,150,8,0.09785159463516042
750,5,10,150,8,0.0
751,5,10,150,8,0.0
752,5,10,150,8,0.0
753,5,10,150,8,0.1641087728183339
754,5,10,150,8,0.0
755,5,10,150,8,0.0
756,5,10,150,8,0.0
757,5,10,150,8,0.0
758,5,10,150,8,0.23540784400158446
759,5,10,150,8,0.0
760,5,10,150,8,0.0
761,5,10,150,8,0.0
762,5,10,150,8,0.0
763,5,10,150,8,0.36585496707117304
764,5,10,150,8,0.09785159463516042
765,5,10,150,8,0.0
766,5,10,150,8,0.0
767,5,10,150,8,0.2529427027676571
768,5,10,150,8,0.09010000865236768
769,5,10,150,8,0.0
770,5,10,150,8,0.0
771,5,10,150,8,0.0
772,5,10,150,8,0.0
773,5,10,150,8,0.12647135138382856
774,5,10,150,8,0.0
775,5,10,150,8,0.0
776,5,10,150,8,0.12647135138382856
777,5,10,150,8,0.0
778,5,10,150,8,0.0
779,5,10,150,8,0.09785159463516042
780,5,10,150,8,0.0
781,5,10,150,8,0.07979453856244817
782,5,10,150,8,0.0
783,5,10,150,8,0.0
784,5,10,150,8,0.0
785,5,10,150,8,0.0
786,5,10,150,8,0.249689085777264
787,5,10,150,8,0.0
788,5,10,150,8,0.510383374527714
789,5,10,150,8,0.0
790,5,10,150,8,0.19903650127012357
791,5,10,150,8,0.0
792,5,10,150,8,0.0
793,5,10,150,8,0.0
794,5,10,150,8,0.22432294601898897
795,5,10,150,8,0.2529427027676571
796,5,10,150,8,0.46822625739977103
797,5,10,150,8,0.0
798,5,10,150,8,0.0843142342558857
799,5,10,150,8,0.0
800,5,10,150,8,0.0
801,5,10,150,8,0.0
802,5,10,150,8,0.0
803,5,10,150,8,0.0
804,5,10,150,8,0.1821658288910461
805,5,10,150,8,0.0
806,5,10,150,8,0.0
807,5,10,150,8,0.07979453856244817
808,5,10,150,8,0.0
809,5,10,150,8,0.0
810,5,10,150,8,0.0
811,5,10,150,8,0.0
812,5,10,150,8,0.0
813,5,10,150,8,0.0
814,5,10,150,8,0.09785159463516042
815,5,10,150,8,0.361879195385413
816,5,10,150,8,0.0
817,5,10,150,8,0.0
818,5,10,150,8,0.0
819,5,10,150,8,0.0
820,5,10,150,8,0.0
821,5,10,150,8,0.0843142342558857
822,5,10,150,8,0.0
823,5,10,150,8,0.21078558563971425
824,5,10,150,8,0.0
825,5,10,150,8,0.09785159463516042
826,5,10,150,8,0.09010000865236768
827,5,10,150,8,0.0
828,5,10,150,8,0.10893649261775588
829,5,10,150,8,0.07979453856244817
830,5,10,150,8,0.0
831,5,10,150,8,0.12647135138382856
832,5,10,150,8,0.0
833,5,10,150,8,0.249689085777264
834,5,10,150,8,0.0
835,5,10,150,8,0.0
836,5,10,150,8,0.0
837,5,10,150,8,0.0
838,5,10,150,8,0.0
839,5,10,150,8,0.0
840,5,10,150,8,0.3086371802748747
841,5,10,150,8,0.0
842,5,10,150,8,0.0
843,5,10,150,8,0.26852556974265224
844,5,10,150,8,0.26852556974265224
845,5,10,150,8,0.0
846,5,10,150,8,0.2393836156873445
847,5,10,150,8,0.0
848,5,10,150,8,0.0
849,5,10,150,8,0.0
850,5,10,150,8,0.0
851,5,10,150,8,0.4273569456759105
852,5,10,150,8,0.0
853,5,10,150,8,0.0
854,5,10,150,8,0.249689085777264
855,5,10,150,8,0.0
856,5,10,150,8,0.0
857,5,10,150,8,0.0
858,5,10,150,8,0.0
859,5,10,150,8,0.0
860,5,10,150,8,0.0
861,5,10,150,8,0.12647135138382856
862,5,10,150,8,0.09785159463516042
863,5,10,150,8,0.0
864,5,10,150,8,0.2393836156873445
865,5,10,150,8,0.0
866,5,10,150,8,0.0
867,5,10,150,8,0.4695140628038533
868,5,10,150,8,0.10893649261775588
869,5,10,150,8,0.0
870,5,10,150,8,0.10893649261775588
871,5,10,150,8,0.15958907712489634
872,5,10,150,8,0.0
873,5,10,150,8,0.0
874,5,10,150,8,0.0
875,5,10,150,8,0.3372352103225049
876,5,10,150,8,0.0
877,5,10,150,8,0.09785159463516042
878,5,10,150,8,0.0
879,5,10,150,8,0.0
880,5,10,150,8,0.5901779130901621
881,5,10,150,8,0.49684601414843915
882,5,10,150,8,0.4519792040377807
883,5,10,150,8,0.39499692112648077
884,5,10,150,8,0.0
885,5,10,150,8,0.1641087728183339
886,5,10,150,8,0.4592085927139339
887,5,10,150,8,0.09785159463516042
888,5,10,150,8,0.0
889,5,10,150,8,0.553828297059739
890,5,10,150,8,0.510383374527714
891,5,10,150,8,0.0
892,5,10,150,8,0.48835054676924156
893,5,10,150,8,0.0
894,5,10,150,8,0.4429398126509056
895,5,10,150,8,0.0
896,5,10,150,8,0.6855770453286433
897,5,10,150,8,0.12647135138382856
898,5,10,150,8,0.0
899,5,10,150,8,0.41253177989255346
900,5,10,150,8,0.0843142342558857
901,5,10,150,8,0.5681450853316897
902,5,10,150,8,0.0
903,5,10,150,8,0.6238395628389073
904,5,10,150,8,0.0
905,5,10,150,8,0.09785159463516042
906,5,10,150,8,0.0
907,5,10,150,8,0.41253177989255346
908,5,10,150,8,0.18795160328752808
909,5,10,150,8,0.0
910,5,10,150,8,0.25744067176005675
911,5,10,150,8,0.0
912,5,10,150,8,0.12647135138382856
913,5,10,150,8,0.07979453856244817
914,5,10,150,8,0.0
915,5,10,150,8,0.0
916,5,10,150,8,0.35079429740281753
917,5,10,150,8,0.0
918,5,10,150,8,0.0
919,5,10,150,8,0.2865826258153645
920,5,10,150,8,0.0
921,5,10,150,8,0.09785159463516042
922,5,10,150,8,0.0
923,5,10,150,8,0.0
924,5,10,150,8,0.0
925,5,10,150,8,0.0
926,5,10,150,8,0.0
927,5,10,150,8,0.0
928,5,10,150,8,0.10893649261775588
929,5,10,150,8,0.12647135138382856
930,5,10,150,8,0.12647135138382856
931,5,10,150,8,0.0
932,5,10,150,8,0.37941405415148566
933,5,10,150,8,0.0
934,5,10,150,8,0.0
935,5,10,150,8,0.0
936,5,10,150,8,0.2529427027676571
937,5,10,150,8,0.09785159463516042
938,5,10,150,8,0.09010000865236768
939,5,10,150,8,0.07979453856244817
940,5,10,150,8,0.0
941,5,10,150,8,0.2529427027676571
942,5,10,150,8,0.0
943,5,10,150,8,0.586202141404402
1,5,10,150,9,0.6930221935231562
2,5,10,150,9,0.0
3,5,10,150,9,0.0
4,5,10,150,9,0.0
5,5,10,150,9,0.0
6,5,10,150,9,0.0
7,5,10,150,9,0.0
8,5,10,150,9,0.0
9,5,10,150,9,0.0
10,5,10,150,9,0.26582000527739175
11,5,10,150,9,0.0
12,5,10,150,9,0.0
13,5,10,150,9,0.38334277998463445
14,5,10,150,9,0.18795160328752808
15,5,10,150,9,0.0
16,5,10,150,9,0.0
17,5,10,150,9,0.0
18,5,10,150,9,0.09092803061897883
19,5,10,150,9,0.0
20,5,10,150,9,0.13743816645714543
21,5,10,150,9,0.1482972305701491
22,5,10,150,9,0.0
23,5,10,150,9,0.07414861528507455
24,5,10,150,9,0.0
25,5,10,150,9,0.19215663883127904
26,5,10,150,9,0.0
27,5,10,150,9,0.0
28,5,10,150,9,0.0
30,5,10,150,9,0.0
31,5,10,150,9,0.0
32,5,10,150,9,0.19519002499605084
33,5,10,150,9,0.0
34,5,10,150,9,0.0
35,5,10,150,9,0.0
37,5,10,150,9,0.0
38,5,10,150,9,0.0
39,5,10,150,9,0.0
40,5,10,150,9,0.0
41,5,10,150,9,0.0
42,5,10,150,9,0.0
43,5,10,150,9,0.0
44,5,10,150,9,0.0
45,5,10,150,9,0.0
46,5,10,150,9,0.0
47,5,10,150,9,0.0
48,5,10,150,9,0.0
49,5,10,150,9,0.0
52,5,10,150,9,0.0
53,5,10,150,9,0.0
54,5,10,150,9,0.0
55,5,10,150,9,0.0
56,5,10,150,9,0.1482972305701491
57,5,10,150,9,0.0
58,5,10,150,9,0.305801310135566
59,5,10,150,9,0.23504554941448536
60,5,10,150,9,0.07414861528507455
61,5,10,150,9,0.0
62,5,10,150,9,0.1482972305701491
63,5,10,150,9,0.0
64,5,10,150,9,0.0
65,5,10,150,9,0.12647135138382856
66,5,10,150,9,0.0
67,5,10,150,9,0.0
68,5,10,150,9,0.0
69,5,10,150,9,0.0
70,5,10,150,9,0.0
71,5,10,150,9,0.0
72,5,10,150,9,0.0
73,5,10,150,9,0.0
74,5,10,150,9,0.0
75,5,10,150,9,0.0
76,5,10,150,9,0.10633668103022985
77,5,10,150,9,0.0
78,5,10,150,9,0.0
79,5,10,150,9,0.0
80,5,10,150,9,0.0
81,5,10,150,9,0.0
82,5,10,150,9,0.0
83,5,10,150,9,0.07414861528507455
84,5,10,150,9,0.0
85,5,10,150,9,0.0
86,5,10,150,9,0.0
87,5,10,150,9,0.0
88,5,10,150,9,0.0
89,5,10,150,9,0.0
90,5,10,150,9,0.08372491399919346
91,5,10,150,9,0.0
92,5,10,150,9,0.07414861528507455
93,5,10,150,9,0.0
94,5,10,150,9,0.0
95,5,10,150,9,0.08372491399919346
96,5,10,150,9,0.0
97,5,10,150,9,0.0
98,5,10,150,9,0.0
99,5,10,150,9,0.0
100,5,10,150,9,0.0
101,5,10,150,9,0.0
102,5,10,150,9,0.0
103,5,10,150,9,0.0
104,5,10,150,9,0.27487633291429087
105,5,10,150,9,0.0
106,5,10,150,9,0.0
107,5,10,150,9,0.0
109,5,10,150,9,0.1882785354283233
110,5,10,150,9,0.0
111,5,10,150,9,0.0
112,5,10,150,9,0.0
113,5,10,150,9,0.0
114,5,10,150,9,0.08274602130532002
115,5,10,150,9,0.0
116,5,10,150,9,0.0
117,5,10,150,9,0.0
118,5,10,150,9,0.16958010263680806
119,5,10,150,9,0.0
120,5,10,150,9,0.0
121,5,10,150,9,0.13032376591037062
122,5,10,150,9,0.0
123,5,10,150,9,0.0
124,5,10,150,9,0.0
125,5,10,150,9,0.0
126,5,10,150,9,0.0
128,5,10,150,9,0.0
129,5,10,150,9,0.0
130,5,10,150,9,0.1482972305701491
131,5,10,150,9,0.0
132,5,10,150,9,0.0
133,5,10,150,9,0.0
134,5,10,150,9,0.0
135,5,10,150,9,0.0
136,5,10,150,9,0.0
137,5,10,150,9,0.0
138,5,10,150,9,0.0
139,5,10,150,9,0.0
140,5,10,150,9,0.0
141,5,10,150,9,0.0
142,5,10,150,9,0.0
143,5,10,150,9,0.0
144,5,10,150,9,0.0
145,5,10,150,9,0.21875138291954288
146,5,10,150,9,0.0
147,5,10,150,9,0.0
148,5,10,150,9,0.0
149,5,10,150,9,0.0
150,5,10,150,9,0.2640681225725909
151,5,10,150,9,0.0
152,5,10,150,9,0.0
153,5,10,150,9,0.0
154,5,10,150,9,0.0
155,5,10,150,9,0.0
156,5,10,150,9,0.0
157,5,10,150,9,0.0
158,5,10,150,9,0.0
159,5,10,150,9,0.3187704634136788
160,5,10,150,9,0.1482972305701491
161,5,10,150,9,0.0
162,5,10,150,9,0.0
163,5,10,150,9,0.0
164,5,10,150,9,0.0
165,5,10,150,9,0.0
167,5,10,150,9,0.0
168,5,10,150,9,0.0
169,5,10,150,9,0.0
170,5,10,150,9,0.0
171,5,10,150,9,0.0
173,5,10,150,9,0.0
174,5,10,150,9,0.0
175,5,10,150,9,0.0
176,5,10,150,9,0.0
177,5,10,150,9,0.40702991834786617
178,5,10,150,9,0.10122860821230018
179,5,10,150,9,0.0
180,5,10,150,9,0.0
181,5,10,150,9,0.07834851647149511
182,5,10,150,9,0.0
183,5,10,150,9,0.15101961822780524
184,5,10,150,9,0.0
185,5,10,150,9,0.0
186,5,10,150,9,0.0
187,5,10,150,9,0.0
188,5,10,150,9,0.0
189,5,10,150,9,0.10122860821230018
190,5,10,150,9,0.0
192,5,10,150,9,0.123151194370365
193,5,10,150,9,0.0
194,5,10,150,9,0.0
195,5,10,150,9,0.0
196,5,10,150,9,0.0
197,5,10,150,9,0.09546043308946733
198,5,10,150,9,0.0
199,5,10,150,9,0.0
200,5,10,150,9,0.09785159463516042
201,5,10,150,9,0.0
202,5,10,150,9,0.0
203,5,10,150,9,0.0
204,5,10,150,9,0.19519002499605084
205,5,10,150,9,0.0
206,5,10,150,9,0.0
207,5,10,150,9,0.0
208,5,10,150,9,0.0
209,5,10,150,9,0.0
210,5,10,150,9,0.0
211,5,10,150,9,0.0
213,5,10,150,9,0.0
214,5,10,150,9,0.0
216,5,10,150,9,0.23504554941448536
217,5,10,150,9,0.0
218,5,10,150,9,0.0
219,5,10,150,9,0.0
221,5,10,150,9,0.0
222,5,10,150,9,0.15249713175656968
223,5,10,150,9,0.0
224,5,10,150,9,0.0
225,5,10,150,9,0.0
226,5,10,150,9,0.19092086617893467
227,5,10,150,9,0.0
228,5,10,150,9,0.0
229,5,10,150,9,0.0
230,5,10,150,9,0.0
231,5,10,150,9,0.0
232,5,10,150,9,0.0
233,5,10,150,9,0.1482972305701491
234,5,10,150,9,0.0
235,5,10,150,9,0.0
236,5,10,150,9,0.0
237,5,10,150,9,0.19342640361727081
238,5,10,150,9,0.0
239,5,10,150,9,0.07834851647149511
240,5,10,150,9,0.0
241,5,10,150,9,0.0
242,5,10,150,9,0.0
243,5,10,150,9,0.0
244,5,10,150,9,0.07414861528507455
245,5,10,150,9,0.0
246,5,10,150,9,0.08372491399919346
247,5,10,150,9,0.0
248,5,10,150,9,0.0
249,5,10,150,9,0.0
250,5,10,150,9,0.0
251,5,10,150,9,0.13032376591037062
252,5,10,150,9,0.0
253,5,10,150,9,0.0
254,5,10,150,9,0.09092803061897883
255,5,10,150,9,0.0
256,5,10,150,9,0.0
257,5,10,150,9,0.0
258,5,10,150,9,0.0
259,5,10,150,9,0.0
260,5,10,150,9,0.0
261,5,10,150,9,0.0
262,5,10,150,9,0.0
263,5,10,150,9,0.0
264,5,10,150,9,0.0
265,5,10,150,9,0.0
266,5,10,150,9,0.0
267,5,10,150,9,0.09092803061897883
268,5,10,150,9,0.07414861528507455
269,5,10,150,9,0.10122860821230018
270,5,10,150,9,0.0
271,5,10,150,9,0.11752277470724268
272,5,10,150,9,0.0
273,5,10,150,9,0.0
274,5,10,150,9,0.0
275,5,10,150,9,0.0
276,5,10,150,9,0.23504554941448536
277,5,10,150,9,0.0
278,5,10,150,9,0.0
279,5,10,150,9,0.1482972305701491
280,5,10,150,9,0.23504554941448536
281,5,10,150,9,0.0
282,5,10,150,9,0.0
283,5,10,150,9,0.0
284,5,10,150,9,0.0
285,5,10,150,9,0.0
286,5,10,150,9,0.0
287,5,10,150,9,0.0
288,5,10,150,9,0.0
289,5,10,150,9,0.0
290,5,10,150,9,0.07834851647149511
291,5,10,150,9,0.0
292,5,10,150,9,0.0
293,5,10,150,9,0.1482972305701491
294,5,10,150,9,0.0
295,5,10,150,9,0.11752277470724268
296,5,10,150,9,0.11752277470724268
297,5,10,150,9,0.0
298,5,10,150,9,0.0
299,5,10,150,9,0.0
300,5,10,150,9,0.0
301,5,10,150,9,0.0
302,5,10,150,9,0.0
303,5,10,150,9,0.0
304,5,10,150,9,0.0
305,5,10,150,9,0.16927654709047393
306,5,10,150,9,0.0
307,5,10,150,9,0.10778915452451093
308,5,10,150,9,0.23282919119176917
310,5,10,150,9,0.0
311,5,10,150,9,0.11752277470724268
312,5,10,150,9,0.0
313,5,10,150,9,0.0
314,5,10,150,9,0.26582000527739175
315,5,10,150,9,0.0
316,5,10,150,9,0.0
317,5,10,150,9,0.0
318,5,10,150,9,0.0
319,5,10,150,9,0.0
320,5,10,150,9,0.157873529284268
321,5,10,150,9,0.0
322,5,10,150,9,0.0
323,5,10,150,9,0.1719843689333808
324,5,10,150,9,0.0
325,5,10,150,9,0.09092803061897883
326,5,10,150,9,0.0
327,5,10,150,9,0.0
328,5,10,150,9,0.11752277470724268
329,5,10,150,9,0.0
330,5,10,150,9,0.0
331,5,10,150,9,0.0
332,5,10,150,9,0.0
334,5,10,150,9,0.0
335,5,10,150,9,0.0
336,5,10,150,9,0.07414861528507455
337,5,10,150,9,0.0
338,5,10,150,9,0.0
339,5,10,150,9,0.1482972305701491
340,5,10,150,9,0.0
341,5,10,150,9,0.0
342,5,10,150,9,0.4540985407057151
343,5,10,150,9,0.10122860821230018
344,5,10,150,9,0.08372491399919346
345,5,10,150,9,0.1482972305701491
346,5,10,150,9,0.0
347,5,10,150,9,0.33627415762678553
348,5,10,150,9,0.0
349,5,10,150,9,0.0
350,5,10,150,9,0.0
351,5,10,150,9,0.0
352,5,10,150,9,0.0
353,5,10,150,9,0.0
354,5,10,150,9,0.09092803061897883
355,5,10,150,9,0.0
356,5,10,150,9,0.0
357,5,10,150,9,0.0
358,5,10,150,9,0.0
359,5,10,150,9,0.3010299956639812
360,5,10,150,9,0.0
361,5,10,150,9,0.10122860821230018
362,5,10,150,9,0.0
363,5,10,150,9,0.2666270518998184
364,5,10,150,9,0.0
365,5,10,150,9,0.0
366,5,10,150,9,0.0
367,5,10,150,9,0.0
368,5,10,150,9,0.0
369,5,10,150,9,0.0
370,5,10,150,9,0.0
371,5,10,150,9,0.0
372,5,10,150,9,0.15130120674940672
373,5,10,150,9,0.0
374,5,10,150,9,0.0
375,5,10,150,9,0.0
376,5,10,150,9,0.0
377,5,10,150,9,0.0
378,5,10,150,9,0.23504554941448536
379,5,10,150,9,0.0
380,5,10,150,9,0.0
381,5,10,150,9,0.0
382,5,10,150,9,0.0
383,5,10,150,9,0.0
384,5,10,150,9,0.0
385,5,10,150,9,0.0
386,5,10,150,9,0.0
387,5,10,150,9,0.11752277470724268
388,5,10,150,9,0.0
389,5,10,150,9,0.07075576072108061
390,5,10,150,9,0.0
391,5,10,150,9,0.10122860821230018
392,5,10,150,9,0.11752277470724268
393,5,10,150,9,0.1482972305701491
394,5,10,150,9,0.19215663883127904
395,5,10,150,9,0.0
396,5,10,150,9,0.0
397,5,10,150,9,0.11752277470724268
398,5,10,150,9,0.3187704634136788
399,5,10,150,9,0.0
400,5,10,150,9,0.0
401,5,10,150,9,0.0
402,5,10,150,9,0.0
403,5,10,150,9,0.2529427027676571
404,5,10,150,9,0.0
405,5,10,150,9,0.07075576072108061
406,5,10,150,9,0.09092803061897883
407,5,10,150,9,0.15249713175656968
408,5,10,150,9,0.0
409,5,10,150,9,0.0
410,5,10,150,9,0.0
411,5,10,150,9,0.17342765698823945
412,5,10,150,9,0.0
413,5,10,150,9,0.0
414,5,10,150,9,0.21398626473452756
415,5,10,150,9,0.0
416,5,10,150,9,0.0
417,5,10,150,9,0.07414861528507455
419,5,10,150,9,0.30260241349881345
420,5,10,150,9,0.0
421,5,10,150,9,0.0
422,5,10,150,9,0.0
423,5,10,150,9,0.0
424,5,10,150,9,0.0
425,5,10,150,9,0.34045386940142813
426,5,10,150,9,0.0
427,5,10,150,9,0.0
428,5,10,150,9,0.0
429,5,10,150,9,0.3195573206243274
430,5,10,150,9,0.07834851647149511
431,5,10,150,9,0.0
432,5,10,150,9,0.0
433,5,10,150,9,0.0
434,5,10,150,9,0.3903800499921017
435,5,10,150,9,0.22244584585522365
436,5,10,150,9,0.11752277470724268
437,5,10,150,9,0.3365757659984724
438,5,10,150,9,0.0
439,5,10,150,9,0.0
440,5,10,150,9,0.0
441,5,10,150,9,0.0
442,5,10,150,9,0.0
443,5,10,150,9,0.0
445,5,10,150,9,0.0
446,5,10,150,9,0.0
447,5,10,150,9,0.23202214456934253
448,5,10,150,9,0.0
449,5,10,150,9,0.0
450,5,10,150,9,0.27539630399151066
451,5,10,150,9,0.0
452,5,10,150,9,0.0
453,5,10,150,9,0.0
454,5,10,150,9,0.0
455,5,10,150,9,0.0
456,5,10,150,9,0.1482972305701491
457,5,10,150,9,0.3895262241347594
458,5,10,150,9,0.0
459,5,10,150,9,0.0
460,5,10,150,9,0.0
461,5,10,150,9,0.0
462,5,10,150,9,0.0
463,5,10,150,9,0.0
464,5,10,150,9,0.0
465,5,10,150,9,0.0
466,5,10,150,9,0.0
467,5,10,150,9,0.0
468,5,10,150,9,0.3841498266070611
469,5,10,150,9,0.0
470,5,10,150,9,0.0
471,5,10,150,9,0.0
472,5,10,150,9,0.0
473,5,10,150,9,0.0
474,5,10,150,9,0.419999071625979
475,5,10,150,9,0.0
476,5,10,150,9,0.0
477,5,10,150,9,0.0
478,5,10,150,9,0.09092803061897883
479,5,10,150,9,0.0
480,5,10,150,9,0.21398626473452756
481,5,10,150,9,0.0
482,5,10,150,9,0.0
483,5,10,150,9,0.07834851647149511
484,5,10,150,9,0.0
485,5,10,150,9,0.0
486,5,10,150,9,0.07414861528507455
487,5,10,150,9,0.1795771246837953
488,5,10,150,9,0.0
489,5,10,150,9,0.0
490,5,10,150,9,0.0
491,5,10,150,9,0.19092086617893467
492,5,10,150,9,0.0
493,5,10,150,9,0.0
494,5,10,150,9,0.0
495,5,10,150,9,0.23504554941448536
496,5,10,150,9,0.07834851647149511
497,5,10,150,9,0.0
498,5,10,150,9,0.0
499,5,10,150,9,0.08372491399919346
500,5,10,150,9,0.07075576072108061
501,5,10,150,9,0.0
502,5,10,150,9,0.0
503,5,10,150,9,0.1482972305701491
504,5,10,150,9,0.0
505,5,10,150,9,0.0
506,5,10,150,9,0.0
507,5,10,150,9,0.0
508,5,10,150,9,0.0
509,5,10,150,9,0.0
510,5,10,150,9,0.0
511,5,10,150,9,0.0
512,5,10,150,9,0.0
513,5,10,150,9,0.0
514,5,10,150,9,0.15249713175656968
515,5,10,150,9,0.0
516,5,10,150,9,0.0
517,5,10,150,9,0.0
518,5,10,150,9,0.0
519,5,10,150,9,0.0
520,5,10,150,9,0.0
521,5,10,150,9,0.0
522,5,10,150,9,0.0
523,5,10,150,9,0.0
524,5,10,150,9,0.0
525,5,10,150,9,0.0
526,5,10,150,9,0.0
527,5,10,150,9,0.0
528,5,10,150,9,0.0
529,5,10,150,9,0.0
530,5,10,150,9,0.0
531,5,10,150,9,0.0
532,5,10,150,9,0.0
533,5,10,150,9,0.2266457470416442
534,5,10,150,9,0.0
535,5,10,150,9,0.11752277470724268
536,5,10,150,9,0.3929190786987533
537,5,10,150,9,0.5008655546918772
538,5,10,150,9,0.0
539,5,10,150,9,0.0
540,5,10,150,9,0.0
541,5,10,150,9,0.0
542,5,10,150,9,0.23504554941448536
543,5,10,150,9,0.0
544,5,10,150,9,0.0
545,5,10,150,9,0.10122860821230018
546,5,10,150,9,0.1482972305701491
547,5,10,150,9,0.0
548,5,10,150,9,0.0
549,5,10,150,9,0.0
550,5,10,150,9,0.0
551,5,10,150,9,0.41462267409828063
552,5,10,150,9,0.0
553,5,10,150,9,0.0
554,5,10,150,9,0.26582000527739175
555,5,10,150,9,0.0
556,5,10,150,9,0.0
557,5,10,150,9,0.0
558,5,10,150,9,0.0
559,5,10,150,9,0.10122860821230018
560,5,10,150,9,0.23922526118912793
561,5,10,150,9,0.0
562,5,10,150,9,0.0
563,5,10,150,9,0.0
564,5,10,150,9,0.0
565,5,10,150,9,0.0
566,5,10,150,9,0.31337387647420245
567,5,10,150,9,0.14490437600615513
568,5,10,150,9,0.0
569,5,10,150,9,0.0
570,5,10,150,9,0.0
571,5,10,150,9,0.0
572,5,10,150,9,0.0
573,5,10,150,9,0.0
574,5,10,150,9,0.0
575,5,10,150,9,0.0
576,5,10,150,9,0.17342765698823945
577,5,10,150,9,0.24952583878244927
578,5,10,150,9,0.0
579,5,10,150,9,0.0
580,5,10,150,9,0.10209739512291163
581,5,10,150,9,0.0
582,5,10,150,9,0.0
583,5,10,150,9,0.0
584,5,10,150,9,0.0
585,5,10,150,9,0.0
586,5,10,150,9,0.11752277470724268
587,5,10,150,9,0.0
588,5,10,150,9,0.3971189798851739
589,5,10,150,9,0.0
590,5,10,150,9,0.11752277470724268
591,5,10,150,9,0.23504554941448536
592,5,10,150,9,0.22244584585522365
593,5,10,150,9,0.23504554941448536
594,5,10,150,9,0.0843142342558857
595,5,10,150,9,0.0
596,5,10,150,9,0.0
597,5,10,150,9,0.0
598,5,10,150,9,0.11752277470724268
599,5,10,150,9,0.0
600,5,10,150,9,0.0
601,5,10,150,9,0.0
602,5,10,150,9,0.0
603,5,10,150,9,0.07414861528507455
604,5,10,150,9,0.0
605,5,10,150,9,0.0
606,5,10,150,9,0.1482972305701491
607,5,10,150,9,0.0
608,5,10,150,9,0.07414861528507455
609,5,10,150,9,0.11838279295536291
610,5,10,150,9,0.0
611,5,10,150,9,0.0
612,5,10,150,9,0.0
613,5,10,150,9,0.15130120674940672
614,5,10,150,9,0.1482972305701491
615,5,10,150,9,0.0
616,5,10,150,9,0.0
617,5,10,150,9,0.08372491399919346
618,5,10,150,9,0.32295017518832136
619,5,10,150,9,0.10122860821230018
620,5,10,150,9,0.0
621,5,10,150,9,0.23504554941448536
622,5,10,150,9,0.1491042771925757
623,5,10,150,9,0.0
624,5,10,150,9,0.0
625,5,10,150,9,0.0
626,5,10,150,9,0.0
627,5,10,150,9,0.0
628,5,10,150,9,0.0
629,5,10,150,9,0.07075576072108061
630,5,10,150,9,0.1482972305701491
631,5,10,150,9,0.0
632,5,10,150,9,0.38334277998463445
633,5,10,150,9,0.0
634,5,10,150,9,0.0
635,5,10,150,9,0.0
636,5,10,150,9,0.0
637,5,10,150,9,0.0
638,5,10,150,9,0.0
639,5,10,150,9,0.0
640,5,10,150,9,0.0
641,5,10,150,9,0.0
642,5,10,150,9,0.0
643,5,10,150,9,0.0
644,5,10,150,9,0.0
645,5,10,150,9,0.22244584585522365
646,5,10,150,9,0.0
647,5,10,150,9,0.0
648,5,10,150,9,0.08372491399919346
649,5,10,150,9,0.0
650,5,10,150,9,0.0
651,5,10,150,9,0.0
652,5,10,150,9,0.0
653,5,10,150,9,0.08372491399919346
654,5,10,150,9,0.23504554941448536
655,5,10,150,9,0.07075576072108061
656,5,10,150,9,0.0
657,5,10,150,9,0.0
658,5,10,150,9,0.0
659,5,10,150,9,0.0
660,5,10,150,9,0.0
661,5,10,150,9,0.07414861528507455
662,5,10,150,9,0.0
663,5,10,150,9,0.16207343047068856
664,5,10,150,9,0.09092803061897883
665,5,10,150,9,0.0
666,5,10,150,9,0.23504554941448536
667,5,10,150,9,0.23504554941448536
668,5,10,150,9,0.0
669,5,10,150,9,0.3841498266070611
670,5,10,150,9,0.0
671,5,10,150,9,0.1482972305701491
672,5,10,150,9,0.0
673,5,10,150,9,0.0
674,5,10,150,9,0.0
675,5,10,150,9,0.0
676,5,10,150,9,0.0
677,5,10,150,9,0.0
678,5,10,150,9,0.0
679,5,10,150,9,0.2232528924776503
680,5,10,150,9,0.23504554941448536
681,5,10,150,9,0.0
682,5,10,150,9,0.08372491399919346
683,5,10,150,9,0.0
684,5,10,150,9,0.0
685,5,10,150,9,0.0
686,5,10,150,9,0.07834851647149511
687,5,10,150,9,0.0
688,5,10,150,9,0.0
689,5,10,150,9,0.27487633291429087
690,5,10,150,9,0.0
691,5,10,150,9,0.0
692,5,10,150,9,0.0
693,5,10,150,9,0.0
694,5,10,150,9,0.0
695,5,10,150,9,0.0
696,5,10,150,9,0.0
697,5,10,150,9,0.10122860821230018
698,5,10,150,9,0.23504554941448536
699,5,10,150,9,0.0
700,5,10,150,9,0.16958010263680806
701,5,10,150,9,0.0
702,5,10,150,9,0.0
703,5,10,150,9,0.0
704,5,10,150,9,0.07834851647149511
705,5,10,150,9,0.07414861528507455
706,5,10,150,9,0.0
707,5,10,150,9,0.08372491399919346
708,5,10,150,9,0.0
709,5,10,150,9,0.0
710,5,10,150,9,0.11752277470724268
711,5,10,150,9,0.09092803061897883
712,5,10,150,9,0.0
713,5,10,150,9,0.0
714,5,10,150,9,0.0
715,5,10,150,9,0.23202214456934253
716,5,10,150,9,0.07414861528507455
717,5,10,150,9,0.1482972305701491
718,5,10,150,9,0.0
719,5,10,150,9,0.0
720,5,10,150,9,0.0
721,5,10,150,9,0.23504554941448536
722,5,10,150,9,0.0
723,5,10,150,9,0.0
724,5,10,150,9,0.0
725,5,10,150,9,0.0
726,5,10,150,9,0.2529427027676571
727,5,10,150,9,0.15448067472027407
728,5,10,150,9,0.0
729,5,10,150,9,0.0
730,5,10,150,9,0.0
731,5,10,150,9,0.0
732,5,10,150,9,0.0
733,5,10,150,9,0.0
734,5,10,150,9,0.0
735,5,10,150,9,0.0
736,5,10,150,9,0.0
737,5,10,150,9,0.11752277470724268
738,5,10,150,9,0.6020941629041773
739,5,10,150,9,0.0
740,5,10,150,9,0.0
741,5,10,150,9,0.07834851647149511
742,5,10,150,9,0.0
743,5,10,150,9,0.0
744,5,10,150,9,0.0
745,5,10,150,9,0.4845713881969346
746,5,10,150,9,0.0
747,5,10,150,9,0.5008655546918772
748,5,10,150,9,0.4267169394068026
749,5,10,150,9,0.09092803061897883
750,5,10,150,9,0.0
751,5,10,150,9,0.0
752,5,10,150,9,0.0
753,5,10,150,9,0.15249713175656968
754,5,10,150,9,0.0
755,5,10,150,9,0.0
756,5,10,150,9,0.0
757,5,10,150,9,0.0
758,5,10,150,9,0.21875138291954288
759,5,10,150,9,0.0
760,5,10,150,9,0.0
761,5,10,150,9,0.0
762,5,10,150,9,0.0
763,5,10,150,9,0.3399686205624663
764,5,10,150,9,0.09092803061897883
765,5,10,150,9,0.0
766,5,10,150,9,0.0
767,5,10,150,9,0.23504554941448536
768,5,10,150,9,0.08372491399919346
769,5,10,150,9,0.0
770,5,10,150,9,0.0
771,5,10,150,9,0.0
772,5,10,150,9,0.0
773,5,10,150,9,0.11752277470724268
774,5,10,150,9,0.0
775,5,10,150,9,0.0
776,5,10,150,9,0.11752277470724268
777,5,10,150,9,0.0
778,5,10,150,9,0.0
779,5,10,150,9,0.09092803061897883
780,5,10,150,9,0.0
781,5,10,150,9,0.14490437600615513
782,5,10,150,9,0.0
783,5,10,150,9,0.0
784,5,10,150,9,0.0
785,5,10,150,9,0.0
786,5,10,150,9,0.23202214456934253
787,5,10,150,9,0.0
788,5,10,150,9,0.4742708106036133
789,5,10,150,9,0.07075576072108061
790,5,10,150,9,0.18495352221149364
791,5,10,150,9,0.0
792,5,10,150,9,0.0
793,5,10,150,9,0.0
794,5,10,150,9,0.2084508053262215
795,5,10,150,9,0.23504554941448536
796,5,10,150,9,0.4350965523678657
797,5,10,150,9,0.0
798,5,10,150,9,0.07834851647149511
799,5,10,150,9,0.0
800,5,10,150,9,0.0
801,5,10,150,9,0.0
802,5,10,150,9,0.0
803,5,10,150,9,0.0
804,5,10,150,9,0.16927654709047393
805,5,10,150,9,0.07075576072108061
806,5,10,150,9,0.07075576072108061
807,5,10,150,9,0.07414861528507455
808,5,10,150,9,0.0
809,5,10,150,9,0.0
810,5,10,150,9,0.0
811,5,10,150,9,0.0
812,5,10,150,9,0.0
813,5,10,150,9,0.0
814,5,10,150,9,0.09092803061897883
815,5,10,150,9,0.33627415762678553
816,5,10,150,9,0.0
817,5,10,150,9,0.0
818,5,10,150,9,0.0
819,5,10,150,9,0.0
820,5,10,150,9,0.0
821,5,10,150,9,0.1491042771925757
822,5,10,150,9,0.0
823,5,10,150,9,0.19587129117873778
824,5,10,150,9,0.0
825,5,10,150,9,0.09092803061897883
826,5,10,150,9,0.08372491399919346
827,5,10,150,9,0.0
828,5,10,150,9,0.10122860821230018
829,5,10,150,9,0.07414861528507455
830,5,10,150,9,0.0
831,5,10,150,9,0.1882785354283233
832,5,10,150,9,0.0
833,5,10,150,9,0.23202214456934253
834,5,10,150,9,0.0
835,5,10,150,9,0.0
836,5,10,150,9,0.0
837,5,10,150,9,0.0
838,5,10,150,9,0.0
839,5,10,150,9,0.0
840,5,10,150,9,0.2867993217977166
841,5,10,150,9,0.0
842,5,10,150,9,0.0
843,5,10,150,9,0.24952583878244927
844,5,10,150,9,0.3202815995035299
845,5,10,150,9,0.0
846,5,10,150,9,0.29320160657630423
847,5,10,150,9,0.0
848,5,10,150,9,0.0
849,5,10,150,9,0.0
850,5,10,150,9,0.0
851,5,10,150,9,0.3971189798851739
852,5,10,150,9,0.0
853,5,10,150,9,0.0
854,5,10,150,9,0.23202214456934253
855,5,10,150,9,0.0
856,5,10,150,9,0.0
857,5,10,150,9,0.0
858,5,10,150,9,0.0
859,5,10,150,9,0.0
860,5,10,150,9,0.0
861,5,10,150,9,0.11752277470724268
862,5,10,150,9,0.09092803061897883
863,5,10,150,9,0.0
864,5,10,150,9,0.22244584585522365
865,5,10,150,9,0.0
866,5,10,150,9,0.0
867,5,10,150,9,0.43629323812092147
868,5,10,150,9,0.10122860821230018
869,5,10,150,9,0.0
870,5,10,150,9,0.10122860821230018
871,5,10,150,9,0.1482972305701491
872,5,10,150,9,0.0
873,5,10,150,9,0.0
874,5,10,150,9,0.0
875,5,10,150,9,0.31337387647420245
876,5,10,150,9,0.0
877,5,10,150,9,0.09092803061897883
878,5,10,150,9,0.0
879,5,10,150,9,0.0
880,5,10,150,9,0.6191751866097686
881,5,10,150,9,0.46169129645612955
882,5,10,150,9,0.419999071625979
883,5,10,150,9,0.367048613489692
884,5,10,150,9,0.0
885,5,10,150,9,0.15249713175656968
886,5,10,150,9,0.4267169394068026
887,5,10,150,9,0.09092803061897883
888,5,10,150,9,0.0
889,5,10,150,9,0.5853975153134972
890,5,10,150,9,0.4742708106036133
891,5,10,150,9,0.0
892,5,10,150,9,0.5245526930551088
893,5,10,150,9,0.0
894,5,10,150,9,0.41159926925313783
895,5,10,150,9,0.0
896,5,10,150,9,0.6370685199535043
897,5,10,150,9,0.11752277470724268
898,5,10,150,9,0.0
899,5,10,150,9,0.38334277998463445
900,5,10,150,9,0.07834851647149511
901,5,10,150,9,0.5279455476191027
902,5,10,150,9,0.0
903,5,10,150,9,0.579699320002334
904,5,10,150,9,0.0
905,5,10,150,9,0.09092803061897883
906,5,10,150,9,0.0
907,5,10,150,9,0.38334277998463445
908,5,10,150,9,0.17465294461817227
909,5,10,150,9,0.0
910,5,10,150,9,0.23922526118912793
911,5,10,150,9,0.0
912,5,10,150,9,0.11752277470724268
913,5,10,150,9,0.14490437600615513
914,5,10,150,9,0.0
915,5,10,150,9,0.0
916,5,10,150,9,0.3967293407545448
917,5,10,150,9,0.0
918,5,10,150,9,0.0
919,5,10,150,9,0.26630525411635353
920,5,10,150,9,0.0
921,5,10,150,9,0.09092803061897883
922,5,10,150,9,0.0
923,5,10,150,9,0.0
924,5,10,150,9,0.07075576072108061
925,5,10,150,9,0.0
926,5,10,150,9,0.0
927,5,10,150,9,0.0
928,5,10,150,9,0.10122860821230018
929,5,10,150,9,0.11752277470724268
930,5,10,150,9,0.11752277470724268
931,5,10,150,9,0.0
932,5,10,150,9,0.35256832412172806
933,5,10,150,9,0.0
934,5,10,150,9,0.0
935,5,10,150,9,0.0
936,5,10,150,9,0.23504554941448536
937,5,10,150,9,0.09092803061897883
938,5,10,150,9,0.08372491399919346
939,5,10,150,9,0.07414861528507455
940,5,10,150,9,0.07075576072108061
941,5,10,150,9,0.23504554941448536
942,5,10,150,9,0.0
943,5,10,150,9,0.544724962953007
1,5,10,150,10,0.6489315753318465
2,5,10,150,10,0.0
3,5,10,150,10,0.0
4,5,10,150,10,0.0
5,5,10,150,10,0.0
6,5,10,150,10,0.0
7,5,10,150,10,0.0
8,5,10,150,10,0.0
9,5,10,150,10,0.0
10,5,10,150,10,0.2489083270225946
11,5,10,150,10,0.0
12,5,10,150,10,0.0
13,5,10,150,10,0.42257499837058643
14,5,10,150,10,0.18795160328752808
15,5,10,150,10,0.0
16,5,10,150,10,0.0
17,5,10,150,10,0.0
18,5,10,150,10,0.08514311764162098
19,5,10,150,10,0.0
20,5,10,150,10,0.13743816645714543
21,5,10,150,10,0.13886244387355454
22,5,10,150,10,0.0
23,5,10,150,10,0.06943122193677727
24,5,10,150,10,0.0
25,5,10,150,10,0.17993148201117176
26,5,10,150,10,0.0
27,5,10,150,10,0.0
28,5,10,150,10,0.0
30,5,10,150,10,0.0
31,5,10,150,10,0.0
32,5,10,150,10,0.19519002499605084
33,5,10,150,10,0.0
34,5,10,150,10,0.0
35,5,10,150,10,0.0
37,5,10,150,10,0.0
38,5,10,150,10,0.0
39,5,10,150,10,0.0
40,5,10,150,10,0.0
41,5,10,150,10,0.0
42,5,10,150,10,0.0
43,5,10,150,10,0.0
44,5,10,150,10,0.0
45,5,10,150,10,0.0
46,5,10,150,10,0.0
47,5,10,150,10,0.0
48,5,10,150,10,0.0
49,5,10,150,10,0.06362078819895171
52,5,10,150,10,0.0
53,5,10,150,10,0.0
54,5,10,150,10,0.0
55,5,10,150,10,0.0
56,5,10,150,10,0.13886244387355454
57,5,10,150,10,0.0
58,5,10,150,10,0.2863459897524692
59,5,10,150,10,0.22009176629808017
60,5,10,150,10,0.06943122193677727
61,5,10,150,10,0.0
62,5,10,150,10,0.13886244387355454
63,5,10,150,10,0.0
64,5,10,150,10,0.0
65,5,10,150,10,0.12647135138382856
66,5,10,150,10,0.0
67,5,10,150,10,0.0
68,5,10,150,10,0.0
69,5,10,150,10,0.0
70,5,10,150,10,0.0
71,5,10,150,10,0.0
72,5,10,150,10,0.06362078819895171
73,5,10,150,10,0.0
74,5,10,150,10,0.0
75,5,10,150,10,0.0
76,5,10,150,10,0.10633668103022985
77,5,10,150,10,0.0
78,5,10,150,10,0.0
79,5,10,150,10,0.0
80,5,10,150,10,0.0
81,5,10,150,10,0.0
82,5,10,150,10,0.0
83,5,10,150,10,0.07414861528507455
84,5,10,150,10,0.0
85,5,10,150,10,0.06362078819895171
86,5,10,150,10,0.0
87,5,10,150,10,0.06362078819895171
88,5,10,150,10,0.0
89,5,10,150,10,0.0
90,5,10,150,10,0.07839826897867533
91,5,10,150,10,0.0
92,5,10,150,10,0.06943122193677727
93,5,10,150,10,0.0
94,5,10,150,10,0.0
95,5,10,150,10,0.07839826897867533
96,5,10,150,10,0.0
97,5,10,150,10,0.0
98,5,10,150,10,0.0
99,5,10,150,10,0.0
100,5,10,150,10,0.0
101,5,10,150,10,0.0
102,5,10,150,10,0.0
103,5,10,150,10,0.0
104,5,10,150,10,0.27487633291429087
105,5,10,150,10,0.0
106,5,10,150,10,0.0
107,5,10,150,10,0.0
109,5,10,150,10,0.23992089480238082
110,5,10,150,10,0.0
111,5,10,150,10,0.0
112,5,10,150,10,0.0
113,5,10,150,10,0.0
114,5,10,150,10,0.08274602130532002
115,5,10,150,10,0.0
116,5,10,150,10,0.0
117,5,10,150,10,0.0
118,5,10,150,10,0.16958010263680806
119,5,10,150,10,0.0
120,5,10,150,10,0.0
121,5,10,150,10,0.13032376591037062
122,5,10,150,10,0.0
123,5,10,150,10,0.0
124,5,10,150,10,0.0
125,5,10,150,10,0.0
126,5,10,150,10,0.0
128,5,10,150,10,0.0
129,5,10,150,10,0.0
130,5,10,150,10,0.13886244387355454
131,5,10,150,10,0.0
132,5,10,150,10,0.0
133,5,10,150,10,0.0
134,5,10,150,10,0.0
135,5,10,150,10,0.0
136,5,10,150,10,0.0
137,5,10,150,10,0.0
138,5,10,150,10,0.0
139,5,10,150,10,0.0
140,5,10,150,10,0.0
141,5,10,150,10,0.0
142,5,10,150,10,0.0
143,5,10,150,10,0.0
144,5,10,150,10,0.0
145,5,10,150,10,0.20483424751859086
146,5,10,150,10,0.0
147,5,10,150,10,0.0
148,5,10,150,10,0.0
149,5,10,150,10,0.0
150,5,10,150,10,0.2640681225725909
151,5,10,150,10,0.0
152,5,10,150,10,0.0
153,5,10,150,10,0.0
154,5,10,150,10,0.0
155,5,10,150,10,0.0
156,5,10,150,10,0.0
157,5,10,150,10,0.0
158,5,10,150,10,0.0
159,5,10,150,10,0.2984900352767555
160,5,10,150,10,0.13886244387355454
161,5,10,150,10,0.0
162,5,10,150,10,0.0
163,5,10,150,10,0.0
164,5,10,150,10,0.0
165,5,10,150,10,0.0
167,5,10,150,10,0.0
168,5,10,150,10,0.0
169,5,10,150,10,0.0
170,5,10,150,10,0.0
171,5,10,150,10,0.0
173,5,10,150,10,0.0
174,5,10,150,10,0.0
175,5,10,150,10,0.0
176,5,10,150,10,0.0
177,5,10,150,10,0.38113435412202
178,5,10,150,10,0.09478836436955078
179,5,10,150,10,0.0
180,5,10,150,10,0.0
181,5,10,150,10,0.07336392209936005
182,5,10,150,10,0.0
183,5,10,150,10,0.15101961822780524
184,5,10,150,10,0.0
185,5,10,150,10,0.0
186,5,10,150,10,0.0
187,5,10,150,10,0.0
188,5,10,150,10,0.0
189,5,10,150,10,0.09478836436955078
190,5,10,150,10,0.0
192,5,10,150,10,0.123151194370365
193,5,10,150,10,0.0
194,5,10,150,10,0.0
195,5,10,150,10,0.0
196,5,10,150,10,0.0
197,5,10,150,10,0.09546043308946733
198,5,10,150,10,0.0
199,5,10,150,10,0.0
200,5,10,150,10,0.09785159463516042
201,5,10,150,10,0.0
202,5,10,150,10,0.0
203,5,10,150,10,0.0
204,5,10,150,10,0.19519002499605084
205,5,10,150,10,0.0
206,5,10,150,10,0.0
207,5,10,150,10,0.0
208,5,10,150,10,0.0
209,5,10,150,10,0.0
210,5,10,150,10,0.0
211,5,10,150,10,0.0
213,5,10,150,10,0.0
214,5,10,150,10,0.0
216,5,10,150,10,0.22009176629808017
217,5,10,150,10,0.0
218,5,10,150,10,0.0
219,5,10,150,10,0.0
221,5,10,150,10,0.0
222,5,10,150,10,0.14279514403613733
223,5,10,150,10,0.0
224,5,10,150,10,0.0
225,5,10,150,10,0.0
226,5,10,150,10,0.19092086617893467
227,5,10,150,10,0.0
228,5,10,150,10,0.0
229,5,10,150,10,0.0
230,5,10,150,10,0.0
231,5,10,150,10,0.0
232,5,10,150,10,0.0
233,5,10,150,10,0.13886244387355454
234,5,10,150,10,0.0
235,5,10,150,10,0.0
236,5,10,150,10,0.0
237,5,10,150,10,0.19342640361727081
238,5,10,150,10,0.0
239,5,10,150,10,0.07336392209936005
240,5,10,150,10,0.0
241,5,10,150,10,0.0
242,5,10,150,10,0.0
243,5,10,150,10,0.0
244,5,10,150,10,0.06943122193677727
245,5,10,150,10,0.0
246,5,10,150,10,0.07839826897867533
247,5,10,150,10,0.0
248,5,10,150,10,0.0
249,5,10,150,10,0.0
250,5,10,150,10,0.0
251,5,10,150,10,0.13032376591037062
252,5,10,150,10,0.0
253,5,10,150,10,0.0
254,5,10,150,10,0.08514311764162098
255,5,10,150,10,0.0
256,5,10,150,10,0.0
257,5,10,150,10,0.0
258,5,10,150,10,0.0
259,5,10,150,10,0.0
260,5,10,150,10,0.0
261,5,10,150,10,0.0
262,5,10,150,10,0.0
263,5,10,150,10,0.0
264,5,10,150,10,0.0
265,5,10,150,10,0.0
266,5,10,150,10,0.0
267,5,10,150,10,0.08514311764162098
268,5,10,150,10,0.06943122193677727
269,5,10,150,10,0.09478836436955078
270,5,10,150,10,0.0
271,5,10,150,10,0.11004588314904008
272,5,10,150,10,0.0
273,5,10,150,10,0.0
274,5,10,150,10,0.0
275,5,10,150,10,0.0
276,5,10,150,10,0.22009176629808017
277,5,10,150,10,0.0
278,5,10,150,10,0.0
279,5,10,150,10,0.13886244387355454
280,5,10,150,10,0.22009176629808017
281,5,10,150,10,0.0
282,5,10,150,10,0.0
283,5,10,150,10,0.0
284,5,10,150,10,0.0
285,5,10,150,10,0.0
286,5,10,150,10,0.0
287,5,10,150,10,0.0
288,5,10,150,10,0.0
289,5,10,150,10,0.0
290,5,10,150,10,0.07834851647149511
291,5,10,150,10,0.0
292,5,10,150,10,0.0
293,5,10,150,10,0.13886244387355454
294,5,10,150,10,0.0
295,5,10,150,10,0.11752277470724268
296,5,10,150,10,0.11004588314904008
297,5,10,150,10,0.0
298,5,10,150,10,0.0
299,5,10,150,10,0.0
300,5,10,150,10,0.0
301,5,10,150,10,0.0
302,5,10,150,10,0.0
303,5,10,150,10,0.0
304,5,10,150,10,0.0
305,5,10,150,10,0.15850703974098102
306,5,10,150,10,0.0
307,5,10,150,10,0.10778915452451093
308,5,10,150,10,0.2180164145324244
310,5,10,150,10,0.0
311,5,10,150,10,0.11004588314904008
312,5,10,150,10,0.0
313,5,10,150,10,0.06362078819895171
314,5,10,150,10,0.2489083270225946
315,5,10,150,10,0.0
316,5,10,150,10,0.0
317,5,10,150,10,0.0
318,5,10,150,10,0.0
319,5,10,150,10,0.0
320,5,10,150,10,0.1478294909154526
321,5,10,150,10,0.0
322,5,10,150,10,0.0
323,5,10,150,10,0.1610425878239398
324,5,10,150,10,0.0
325,5,10,150,10,0.09092803061897883
326,5,10,150,10,0.0
327,5,10,150,10,0.0
328,5,10,150,10,0.11004588314904008
329,5,10,150,10,0.0
330,5,10,150,10,0.0
331,5,10,150,10,0.0
332,5,10,150,10,0.0
334,5,10,150,10,0.0
335,5,10,150,10,0.0
336,5,10,150,10,0.06943122193677727
337,5,10,150,10,0.0
338,5,10,150,10,0.0
339,5,10,150,10,0.13886244387355454
340,5,10,150,10,0.0
341,5,10,150,10,0.0
342,5,10,150,10,0.42520843362602373
343,5,10,150,10,0.09478836436955078
344,5,10,150,10,0.07839826897867533
345,5,10,150,10,0.13886244387355454
346,5,10,150,10,0.0
347,5,10,150,10,0.31488013066763093
348,5,10,150,10,0.0
349,5,10,150,10,0.0
350,5,10,150,10,0.0
351,5,10,150,10,0.0
352,5,10,150,10,0.0
353,5,10,150,10,0.0
354,5,10,150,10,0.08514311764162098
355,5,10,150,10,0.0
356,5,10,150,10,0.0
357,5,10,150,10,0.0
358,5,10,150,10,0.0
359,5,10,150,10,0.3010299956639812
360,5,10,150,10,0.0
361,5,10,150,10,0.09478836436955078
362,5,10,150,10,0.0
363,5,10,150,10,0.24966402870278917
364,5,10,150,10,0.0
365,5,10,150,10,0.0
366,5,10,150,10,0.0
367,5,10,150,10,0.0
368,5,10,150,10,0.0
369,5,10,150,10,0.0
370,5,10,150,10,0.0
371,5,10,150,10,0.0
372,5,10,150,10,0.15130120674940672
373,5,10,150,10,0.0
374,5,10,150,10,0.0
375,5,10,150,10,0.0
376,5,10,150,10,0.0
377,5,10,150,10,0.0
378,5,10,150,10,0.28371255449703187
379,5,10,150,10,0.0
380,5,10,150,10,0.0
381,5,10,150,10,0.0
382,5,10,150,10,0.0
383,5,10,150,10,0.0
384,5,10,150,10,0.0
385,5,10,150,10,0.0
386,5,10,150,10,0.0
387,5,10,150,10,0.11004588314904008
388,5,10,150,10,0.0
389,5,10,150,10,0.06625422345438903
390,5,10,150,10,0.0
391,5,10,150,10,0.09478836436955078
392,5,10,150,10,0.11004588314904008
393,5,10,150,10,0.13886244387355454
394,5,10,150,10,0.17993148201117176
395,5,10,150,10,0.0
396,5,10,150,10,0.0
397,5,10,150,10,0.11004588314904008
398,5,10,150,10,0.2984900352767555
399,5,10,150,10,0.0
400,5,10,150,10,0.0
401,5,10,150,10,0.0
402,5,10,150,10,0.0
403,5,10,150,10,0.2529427027676571
404,5,10,150,10,0.0
405,5,10,150,10,0.06625422345438903
406,5,10,150,10,0.08514311764162098
407,5,10,150,10,0.14279514403613733
408,5,10,150,10,0.0
409,5,10,150,10,0.0
410,5,10,150,10,0.0
411,5,10,150,10,0.17342765698823945
412,5,10,150,10,0.0
413,5,10,150,10,0.0
414,5,10,150,10,0.21398626473452756
415,5,10,150,10,0.0
416,5,10,150,10,0.0
417,5,10,150,10,0.06943122193677727
419,5,10,150,10,0.30260241349881345
420,5,10,150,10,0.0
421,5,10,150,10,0.0
422,5,10,150,10,0.0
423,5,10,150,10,0.0
424,5,10,150,10,0.0
425,5,10,150,10,0.382414714083678
426,5,10,150,10,0.0
427,5,10,150,10,0.0
428,5,10,150,10,0.0
429,5,10,150,10,0.2992268320114626
430,5,10,150,10,0.07336392209936005
431,5,10,150,10,0.0
432,5,10,150,10,0.0
433,5,10,150,10,0.0
434,5,10,150,10,0.3903800499921017
435,5,10,150,10,0.2082936658103318
436,5,10,150,10,0.11004588314904008
437,5,10,150,10,0.31516255047698366
438,5,10,150,10,0.0
439,5,10,150,10,0.0
440,5,10,150,10,0.0
441,5,10,150,10,0.0
442,5,10,150,10,0.0
443,5,10,150,10,0.0
445,5,10,150,10,0.0
446,5,10,150,10,0.0
447,5,10,150,10,0.21726071285222986
448,5,10,150,10,0.0
449,5,10,150,10,0.0
450,5,10,150,10,0.2578753740644926
451,5,10,150,10,0.0
452,5,10,150,10,0.0
453,5,10,150,10,0.0
454,5,10,150,10,0.0
455,5,10,150,10,0.0
456,5,10,150,10,0.13886244387355454
457,5,10,150,10,0.3647442587311445
458,5,10,150,10,0.0
459,5,10,150,10,0.0
460,5,10,150,10,0.0
461,5,10,150,10,0.0
462,5,10,150,10,0.0
463,5,10,150,10,0.0
464,5,10,150,10,0.0
465,5,10,150,10,0.0
466,5,10,150,10,0.0
467,5,10,150,10,0.0
468,5,10,150,10,0.35970991185182927
469,5,10,150,10,0.0
470,5,10,150,10,0.0
471,5,10,150,10,0.0
472,5,10,150,10,0.0
473,5,10,150,10,0.0
474,5,10,150,10,0.456899187845258
475,5,10,150,10,0.0
476,5,10,150,10,0.0
477,5,10,150,10,0.0
478,5,10,150,10,0.08514311764162098
479,5,10,150,10,0.0
480,5,10,150,10,0.21398626473452756
481,5,10,150,10,0.0
482,5,10,150,10,0.0
483,5,10,150,10,0.07336392209936005
484,5,10,150,10,0.06362078819895171
485,5,10,150,10,0.0
486,5,10,150,10,0.06943122193677727
487,5,10,150,10,0.1681522864689108
488,5,10,150,10,0.0
489,5,10,150,10,0.0
490,5,10,150,10,0.0
491,5,10,150,10,0.19092086617893467
492,5,10,150,10,0.0
493,5,10,150,10,0.0
494,5,10,150,10,0.0
495,5,10,150,10,0.22009176629808017
496,5,10,150,10,0.07336392209936005
497,5,10,150,10,0.0
498,5,10,150,10,0.0
499,5,10,150,10,0.07839826897867533
500,5,10,150,10,0.06625422345438903
501,5,10,150,10,0.0
502,5,10,150,10,0.0
503,5,10,150,10,0.13886244387355454
504,5,10,150,10,0.0
505,5,10,150,10,0.0
506,5,10,150,10,0.0
507,5,10,150,10,0.0
508,5,10,150,10,0.0
509,5,10,150,10,0.0
510,5,10,150,10,0.0
511,5,10,150,10,0.0
512,5,10,150,10,0.0
513,5,10,150,10,0.0
514,5,10,150,10,0.14279514403613733
515,5,10,150,10,0.0
516,5,10,150,10,0.0
517,5,10,150,10,0.0
518,5,10,150,10,0.0
519,5,10,150,10,0.0
520,5,10,150,10,0.0
521,5,10,150,10,0.0
522,5,10,150,10,0.0
523,5,10,150,10,0.0
524,5,10,150,10,0.06362078819895171
525,5,10,150,10,0.0
526,5,10,150,10,0.0
527,5,10,150,10,0.06362078819895171
528,5,10,150,10,0.0
529,5,10,150,10,0.0
530,5,10,150,10,0.0
531,5,10,150,10,0.0
532,5,10,150,10,0.0
533,5,10,150,10,0.21222636597291458
534,5,10,150,10,0.0
535,5,10,150,10,0.11004588314904008
536,5,10,150,10,0.3679212572135327
537,5,10,150,10,0.4690000933206748
538,5,10,150,10,0.0
539,5,10,150,10,0.06794340091829075
540,5,10,150,10,0.0
541,5,10,150,10,0.0
542,5,10,150,10,0.22009176629808017
543,5,10,150,10,0.0
544,5,10,150,10,0.0
545,5,10,150,10,0.09478836436955078
546,5,10,150,10,0.13886244387355454
547,5,10,150,10,0.0
548,5,10,150,10,0.0
549,5,10,150,10,0.0
550,5,10,150,10,0.0
551,5,10,150,10,0.388244052766991
552,5,10,150,10,0.0
553,5,10,150,10,0.0
554,5,10,150,10,0.2489083270225946
555,5,10,150,10,0.0
556,5,10,150,10,0.0
557,5,10,150,10,0.0
558,5,10,150,10,0.0
559,5,10,150,10,0.09478836436955078
560,5,10,150,10,0.22400556151517553
561,5,10,150,10,0.0
562,5,10,150,10,0.0
563,5,10,150,10,0.0
564,5,10,150,10,0.0
565,5,10,150,10,0.0
566,5,10,150,10,0.2934367834519528
567,5,10,150,10,0.13568544539116628
568,5,10,150,10,0.0
569,5,10,150,10,0.0
570,5,10,150,10,0.0
571,5,10,150,10,0.0
572,5,10,150,10,0.0
573,5,10,150,10,0.0
574,5,10,150,10,0.0
575,5,10,150,10,0.0
576,5,10,150,10,0.17342765698823945
577,5,10,150,10,0.29727159644205703
578,5,10,150,10,0.0
579,5,10,150,10,0.0
580,5,10,150,10,0.10209739512291163
581,5,10,150,10,0.0
582,5,10,150,10,0.0
583,5,10,150,10,0.0
584,5,10,150,10,0.0
585,5,10,150,10,0.0
586,5,10,150,10,0.11004588314904008
587,5,10,150,10,0.0
588,5,10,150,10,0.37185395737611554
589,5,10,150,10,0.0
590,5,10,150,10,0.11004588314904008
591,5,10,150,10,0.22009176629808017
592,5,10,150,10,0.2082936658103318
593,5,10,150,10,0.22009176629808017
594,5,10,150,10,0.0843142342558857
595,5,10,150,10,0.0
596,5,10,150,10,0.0
597,5,10,150,10,0.0
598,5,10,150,10,0.11752277470724268
599,5,10,150,10,0.0
600,5,10,150,10,0.0
601,5,10,150,10,0.0
602,5,10,150,10,0.0
603,5,10,150,10,0.06943122193677727
604,5,10,150,10,0.0
605,5,10,150,10,0.0
606,5,10,150,10,0.13886244387355454
607,5,10,150,10,0.0
608,5,10,150,10,0.06943122193677727
609,5,10,150,10,0.11838279295536291
610,5,10,150,10,0.0
611,5,10,150,10,0.0
612,5,10,150,10,0.0
613,5,10,150,10,0.15130120674940672
614,5,10,150,10,0.13886244387355454
615,5,10,150,10,0.0
616,5,10,150,10,0.0
617,5,10,150,10,0.07839826897867533
618,5,10,150,10,0.30240383049385083
619,5,10,150,10,0.09478836436955078
620,5,10,150,10,0.0
621,5,10,150,10,0.22009176629808017
622,5,10,150,10,0.2032389337527008
623,5,10,150,10,0.0
624,5,10,150,10,0.0
625,5,10,150,10,0.0
626,5,10,150,10,0.0
627,5,10,150,10,0.06362078819895171
628,5,10,150,10,0.0
629,5,10,150,10,0.06625422345438903
630,5,10,150,10,0.13886244387355454
631,5,10,150,10,0.0
632,5,10,150,10,0.3589542101716347
633,5,10,150,10,0.06362078819895171
634,5,10,150,10,0.0
635,5,10,150,10,0.0
636,5,10,150,10,0.0
637,5,10,150,10,0.0
638,5,10,150,10,0.0
639,5,10,150,10,0.0
640,5,10,150,10,0.0
641,5,10,150,10,0.0
642,5,10,150,10,0.0
643,5,10,150,10,0.0
644,5,10,150,10,0.0
645,5,10,150,10,0.2082936658103318
646,5,10,150,10,0.0
647,5,10,150,10,0.0
648,5,10,150,10,0.07839826897867533
649,5,10,150,10,0.0
650,5,10,150,10,0.0
651,5,10,150,10,0.0
652,5,10,150,10,0.0
653,5,10,150,10,0.07839826897867533
654,5,10,150,10,0.22009176629808017
655,5,10,150,10,0.12987501165334076
656,5,10,150,10,0.0
657,5,10,150,10,0.0
658,5,10,150,10,0.0
659,5,10,150,10,0.0
660,5,10,150,10,0.0
661,5,10,150,10,0.06943122193677727
662,5,10,150,10,0.0
663,5,10,150,10,0.15176219107803537
664,5,10,150,10,0.08514311764162098
665,5,10,150,10,0.0
666,5,10,150,10,0.22009176629808017
667,5,10,150,10,0.22009176629808017
668,5,10,150,10,0.0
669,5,10,150,10,0.35970991185182927
670,5,10,150,10,0.0
671,5,10,150,10,0.13886244387355454
672,5,10,150,10,0.0
673,5,10,150,10,0.0
674,5,10,150,10,0.0
675,5,10,150,10,0.0
676,5,10,150,10,0.0
677,5,10,150,10,0.0
678,5,10,150,10,0.0
679,5,10,150,10,0.20904936749052638
680,5,10,150,10,0.22009176629808017
681,5,10,150,10,0.0
682,5,10,150,10,0.14201905717762703
683,5,10,150,10,0.0
684,5,10,150,10,0.0
685,5,10,150,10,0.0
686,5,10,150,10,0.07336392209936005
687,5,10,150,10,0.0
688,5,10,150,10,0.0
689,5,10,150,10,0.27487633291429087
690,5,10,150,10,0.0
691,5,10,150,10,0.0
692,5,10,150,10,0.0
693,5,10,150,10,0.0
694,5,10,150,10,0.0
695,5,10,150,10,0.0
696,5,10,150,10,0.0
697,5,10,150,10,0.09478836436955078
698,5,10,150,10,0.22009176629808017
699,5,10,150,10,0.0
700,5,10,150,10,0.16958010263680806
701,5,10,150,10,0.0
702,5,10,150,10,0.0
703,5,10,150,10,0.0
704,5,10,150,10,0.07336392209936005
705,5,10,150,10,0.06943122193677727
706,5,10,150,10,0.0
707,5,10,150,10,0.07839826897867533
708,5,10,150,10,0.0
709,5,10,150,10,0.06362078819895171
710,5,10,150,10,0.11004588314904008
711,5,10,150,10,0.08514311764162098
712,5,10,150,10,0.0
713,5,10,150,10,0.0
714,5,10,150,10,0.0
715,5,10,150,10,0.21726071285222986
716,5,10,150,10,0.06943122193677727
717,5,10,150,10,0.13886244387355454
718,5,10,150,10,0.0
719,5,10,150,10,0.0
720,5,10,150,10,0.0
721,5,10,150,10,0.22009176629808017
722,5,10,150,10,0.0
723,5,10,150,10,0.0
724,5,10,150,10,0.0
725,5,10,150,10,0.0
726,5,10,150,10,0.2529427027676571
727,5,10,150,10,0.14465249243306436
728,5,10,150,10,0.0
729,5,10,150,10,0.0
730,5,10,150,10,0.0
731,5,10,150,10,0.0
732,5,10,150,10,0.0
733,5,10,150,10,0.0
734,5,10,150,10,0.06362078819895171
735,5,10,150,10,0.0
736,5,10,150,10,0.0
737,5,10,150,10,0.11004588314904008
738,5,10,150,10,0.5637884576902256
739,5,10,150,10,0.0
740,5,10,150,10,0.0
741,5,10,150,10,0.07336392209936005
742,5,10,150,10,0.0
743,5,10,150,10,0.0
744,5,10,150,10,0.0
745,5,10,150,10,0.4537425745411855
746,5,10,150,10,0.0
747,5,10,150,10,0.4690000933206748
748,5,10,150,10,0.3995688713838975
749,5,10,150,10,0.1487639058405727
750,5,10,150,10,0.0
751,5,10,150,10,0.0
752,5,10,150,10,0.0
753,5,10,150,10,0.14279514403613733
754,5,10,150,10,0.0
755,5,10,150,10,0.0
756,5,10,150,10,0.0
757,5,10,150,10,0.0
758,5,10,150,10,0.20483424751859086
759,5,10,150,10,0.0
760,5,10,150,10,0.0
761,5,10,150,10,0.0
762,5,10,150,10,0.0
763,5,10,150,10,0.38196033715832356
764,5,10,150,10,0.08514311764162098
765,5,10,150,10,0.0
766,5,10,150,10,0.0
767,5,10,150,10,0.22009176629808017
768,5,10,150,10,0.07839826897867533
769,5,10,150,10,0.0
770,5,10,150,10,0.0
771,5,10,150,10,0.0
772,5,10,150,10,0.0
773,5,10,150,10,0.11004588314904008
774,5,10,150,10,0.0
775,5,10,150,10,0.0
776,5,10,150,10,0.11004588314904008
777,5,10,150,10,0.0
778,5,10,150,10,0.0
779,5,10,150,10,0.08514311764162098
780,5,10,150,10,0.0
781,5,10,150,10,0.13568544539116628
782,5,10,150,10,0.0
783,5,10,150,10,0.0
784,5,10,150,10,0.0
785,5,10,150,10,0.0
786,5,10,150,10,0.21726071285222986
787,5,10,150,10,0.0
788,5,10,150,10,0.4440973278132557
789,5,10,150,10,0.06625422345438903
790,5,10,150,10,0.1731866333482261
791,5,10,150,10,0.0
792,5,10,150,10,0.0
793,5,10,150,10,0.0
794,5,10,150,10,0.19518900079066107
795,5,10,150,10,0.22009176629808017
796,5,10,150,10,0.4710361549625273
797,5,10,150,10,0.0
798,5,10,150,10,0.07336392209936005
799,5,10,150,10,0.0
800,5,10,150,10,0.0
801,5,10,150,10,0.0
802,5,10,150,10,0.0
803,5,10,150,10,0.0
804,5,10,150,10,0.22212782793993274
805,5,10,150,10,0.06625422345438903
806,5,10,150,10,0.12987501165334076
807,5,10,150,10,0.06943122193677727
808,5,10,150,10,0.0
809,5,10,150,10,0.0
810,5,10,150,10,0.0
811,5,10,150,10,0.0
812,5,10,150,10,0.0
813,5,10,150,10,0.0
814,5,10,150,10,0.08514311764162098
815,5,10,150,10,0.31488013066763093
816,5,10,150,10,0.0
817,5,10,150,10,0.0
818,5,10,150,10,0.0
819,5,10,150,10,0.0
820,5,10,150,10,0.0
821,5,10,150,10,0.13961814555374907
822,5,10,150,10,0.0
823,5,10,150,10,0.24703059344735182
824,5,10,150,10,0.0
825,5,10,150,10,0.08514311764162098
826,5,10,150,10,0.07839826897867533
827,5,10,150,10,0.0
828,5,10,150,10,0.09478836436955078
829,5,10,150,10,0.13305201013572898
830,5,10,150,10,0.0
831,5,10,150,10,0.17630010660342912
832,5,10,150,10,0.0
833,5,10,150,10,0.28088150105118154
834,5,10,150,10,0.0
835,5,10,150,10,0.06362078819895171
836,5,10,150,10,0.0
837,5,10,150,10,0.0
838,5,10,150,10,0.06362078819895171
839,5,10,150,10,0.0
840,5,10,150,10,0.2685529228900211
841,5,10,150,10,0.0
842,5,10,150,10,0.0
843,5,10,150,10,0.23365080824310533
844,5,10,150,10,0.2999050316974944
845,5,10,150,10,0.0
846,5,10,150,10,0.3381686774636725
847,5,10,150,10,0.0
848,5,10,150,10,0.0
849,5,10,150,10,0.0
850,5,10,150,10,0.0
851,5,10,150,10,0.37185395737611554
852,5,10,150,10,0.0
853,5,10,150,10,0.0
854,5,10,150,10,0.21726071285222986
855,5,10,150,10,0.0
856,5,10,150,10,0.0
857,5,10,150,10,0.0
858,5,10,150,10,0.0
859,5,10,150,10,0.0
860,5,10,150,10,0.0
861,5,10,150,10,0.11004588314904008
862,5,10,150,10,0.08514311764162098
863,5,10,150,10,0.0
864,5,10,150,10,0.2082936658103318
865,5,10,150,10,0.0
866,5,10,150,10,0.0
867,5,10,150,10,0.40853591842579556
868,5,10,150,10,0.09478836436955078
869,5,10,150,10,0.0
870,5,10,150,10,0.1584091525685025
871,5,10,150,10,0.13886244387355454
872,5,10,150,10,0.0
873,5,10,150,10,0.0
874,5,10,150,10,0.0
875,5,10,150,10,0.2934367834519528
876,5,10,150,10,0.0
877,5,10,150,10,0.08514311764162098
878,5,10,150,10,0.0
879,5,10,150,10,0.0
880,5,10,150,10,0.6434035614033737
881,5,10,150,10,0.43231813227099475
882,5,10,150,10,0.3932783996463063
883,5,10,150,10,0.3436966913921454
884,5,10,150,10,0.0
885,5,10,150,10,0.14279514403613733
886,5,10,150,10,0.4631896595828492
887,5,10,150,10,0.08514311764162098
888,5,10,150,10,0.0
889,5,10,150,10,0.5481540639795447
890,5,10,150,10,0.4440973278132557
891,5,10,150,10,0.0
892,5,10,150,10,0.5548010254700116
893,5,10,150,10,0.0
894,5,10,150,10,0.38541299932114065
895,5,10,150,10,0.0
896,5,10,150,10,0.5965377185773229
897,5,10,150,10,0.11004588314904008
898,5,10,150,10,0.0
899,5,10,150,10,0.3589542101716347
900,5,10,150,10,0.07336392209936005
901,5,10,150,10,0.49435723575344825
902,5,10,150,10,0.0
903,5,10,150,10,0.5428183923453893
904,5,10,150,10,0.0
905,5,10,150,10,0.1487639058405727
906,5,10,150,10,0.0
907,5,10,150,10,0.3589542101716347
908,5,10,150,10,0.1635413866202963
909,5,10,150,10,0.0
910,5,10,150,10,0.22400556151517553
911,5,10,150,10,0.0
912,5,10,150,10,0.11004588314904008
913,5,10,150,10,0.13568544539116628
914,5,10,150,10,0.0
915,5,10,150,10,0.0
916,5,10,150,10,0.4351098955930419
917,5,10,150,10,0.0
918,5,10,150,10,0.0
919,5,10,150,10,0.24936270394794902
920,5,10,150,10,0.0
921,5,10,150,10,0.08514311764162098
922,5,10,150,10,0.06362078819895171
923,5,10,150,10,0.0
924,5,10,150,10,0.06625422345438903
925,5,10,150,10,0.06362078819895171
926,5,10,150,10,0.0
927,5,10,150,10,0.06362078819895171
928,5,10,150,10,0.09478836436955078
929,5,10,150,10,0.11004588314904008
930,5,10,150,10,0.11004588314904008
931,5,10,150,10,0.0
932,5,10,150,10,0.39375843764607193
933,5,10,150,10,0.06362078819895171
934,5,10,150,10,0.0
935,5,10,150,10,0.0
936,5,10,150,10,0.22009176629808017
937,5,10,150,10,0.08514311764162098
938,5,10,150,10,0.07839826897867533
939,5,10,150,10,0.06943122193677727
940,5,10,150,10,0.12987501165334076
941,5,10,150,10,0.22009176629808017
942,5,10,150,10,0.0
943,5,10,150,10,0.5100691314582919
1,5,10,150,11,0.6113961062954835
2,5,10,150,11,0.0
3,5,10,150,11,0.0
4,5,10,150,11,0.0
5,5,10,150,11,0.0
6,5,10,150,11,0.0
7,5,10,150,11,0.0
8,5,10,150,11,0.0
9,5,10,150,11,0.0
10,5,10,150,11,0.2923529355240327
11,5,10,150,11,0.0
12,5,10,150,11,0.0
13,5,10,150,11,0.39813243559535216
14,5,10,150,11,0.18795160328752808
15,5,10,150,11,0.0
16,5,10,150,11,0.0
17,5,10,150,11,0.0
18,5,10,150,11,0.08021827351724287
19,5,10,150,11,0.0
20,5,10,150,11,0.13743816645714543
21,5,10,150,11,0.13083036905940468
22,5,10,150,11,0.0
23,5,10,150,11,0.06541518452970234
24,5,10,150,11,0.0
25,5,10,150,11,0.17993148201117176
26,5,10,150,11,0.0
27,5,10,150,11,0.0
28,5,10,150,11,0.0
30,5,10,150,11,0.0
31,5,10,150,11,0.0
32,5,10,150,11,0.19519002499605084
33,5,10,150,11,0.0
34,5,10,150,11,0.0
35,5,10,150,11,0.0
37,5,10,150,11,0.0
38,5,10,150,11,0.0
39,5,10,150,11,0.0
40,5,10,150,11,0.0
41,5,10,150,11,0.0
42,5,10,150,11,0.0
43,5,10,150,11,0.0
44,5,10,150,11,0.0
45,5,10,150,11,0.0
46,5,10,150,11,0.0
47,5,10,150,11,0.0
48,5,10,150,11,0.0
49,5,10,150,11,0.05994083762128166
52,5,10,150,11,0.0
53,5,10,150,11,0.0
54,5,10,150,11,0.0
55,5,10,150,11,0.0
56,5,10,150,11,0.13083036905940468
57,5,10,150,11,0.0
58,5,10,150,11,0.2697831787557255
59,5,10,150,11,0.2073612289146658
60,5,10,150,11,0.06541518452970234
61,5,10,150,11,0.0
62,5,10,150,11,0.13083036905940468
63,5,10,150,11,0.0
64,5,10,150,11,0.057841952007295125
65,5,10,150,11,0.12647135138382856
66,5,10,150,11,0.0
67,5,10,150,11,0.0
68,5,10,150,11,0.0
69,5,10,150,11,0.0
70,5,10,150,11,0.0
71,5,10,150,11,0.0
72,5,10,150,11,0.06362078819895171
73,5,10,150,11,0.0
74,5,10,150,11,0.0
75,5,10,150,11,0.0
76,5,10,150,11,0.10633668103022985
77,5,10,150,11,0.0
78,5,10,150,11,0.0
79,5,10,150,11,0.0
80,5,10,150,11,0.0
81,5,10,150,11,0.0
82,5,10,150,11,0.0
83,5,10,150,11,0.07414861528507455
84,5,10,150,11,0.0
85,5,10,150,11,0.05994083762128166
86,5,10,150,11,0.0
87,5,10,150,11,0.05994083762128166
88,5,10,150,11,0.0
89,5,10,150,11,0.0
90,5,10,150,11,0.07386356006695578
91,5,10,150,11,0.0
92,5,10,150,11,0.06541518452970234
93,5,10,150,11,0.0
94,5,10,150,11,0.057841952007295125
95,5,10,150,11,0.07386356006695578
96,5,10,150,11,0.0
97,5,10,150,11,0.0
98,5,10,150,11,0.0
99,5,10,150,11,0.0
100,5,10,150,11,0.0
101,5,10,150,11,0.0
102,5,10,150,11,0.0
103,5,10,150,11,0.0
104,5,10,150,11,0.27487633291429087
105,5,10,150,11,0.0
106,5,10,150,11,0.0
107,5,10,150,11,0.0
109,5,10,150,11,0.22604340191967423
110,5,10,150,11,0.0
111,5,10,150,11,0.0
112,5,10,150,11,0.0
113,5,10,150,11,0.0
114,5,10,150,11,0.08274602130532002
115,5,10,150,11,0.0
116,5,10,150,11,0.0
117,5,10,150,11,0.0
118,5,10,150,11,0.16958010263680806
119,5,10,150,11,0.0
120,5,10,150,11,0.0
121,5,10,150,11,0.13032376591037062
122,5,10,150,11,0.0
123,5,10,150,11,0.0
124,5,10,150,11,0.0
125,5,10,150,11,0.0
126,5,10,150,11,0.0
128,5,10,150,11,0.0
129,5,10,150,11,0.0
130,5,10,150,11,0.13083036905940468
131,5,10,150,11,0.0
132,5,10,150,11,0.0
133,5,10,150,11,0.0
134,5,10,150,11,0.0
135,5,10,150,11,0.0
136,5,10,150,11,0.0
137,5,10,150,11,0.0
138,5,10,150,11,0.0
139,5,10,150,11,0.0
140,5,10,150,11,0.0
141,5,10,150,11,0.0
142,5,10,150,11,0.0
143,5,10,150,11,0.0
144,5,10,150,11,0.0
145,5,10,150,11,0.19298623480417013
146,5,10,150,11,0.0
147,5,10,150,11,0.0
148,5,10,150,11,0.0
149,5,10,150,11,0.0
150,5,10,150,11,0.2640681225725909
151,5,10,150,11,0.0
152,5,10,150,11,0.0
153,5,10,150,11,0.0
154,5,10,150,11,0.0
155,5,10,150,11,0.0
156,5,10,150,11,0.0
157,5,10,150,11,0.0
158,5,10,150,11,0.057841952007295125
159,5,10,150,11,0.28122478898162157
160,5,10,150,11,0.13083036905940468
161,5,10,150,11,0.0
162,5,10,150,11,0.0
163,5,10,150,11,0.0
164,5,10,150,11,0.0
165,5,10,150,11,0.0
167,5,10,150,11,0.0
168,5,10,150,11,0.0
169,5,10,150,11,0.0
170,5,10,150,11,0.0
171,5,10,150,11,0.0
173,5,10,150,11,0.0
174,5,10,150,11,0.0
175,5,10,150,11,0.0
176,5,10,150,11,0.0
177,5,10,150,11,0.38113435412202
178,5,10,150,11,0.08930562034683721
179,5,10,150,11,0.0
180,5,10,150,11,0.0
181,5,10,150,11,0.06912040963822193
182,5,10,150,11,0.0
183,5,10,150,11,0.15101961822780524
184,5,10,150,11,0.0
185,5,10,150,11,0.0
186,5,10,150,11,0.0
187,5,10,150,11,0.0
188,5,10,150,11,0.0
189,5,10,150,11,0.08930562034683721
190,5,10,150,11,0.0
192,5,10,150,11,0.123151194370365
193,5,10,150,11,0.0
194,5,10,150,11,0.0
195,5,10,150,11,0.0
196,5,10,150,11,0.0
197,5,10,150,11,0.09546043308946733
198,5,10,150,11,0.0
199,5,10,150,11,0.0
200,5,10,150,11,0.09785159463516042
201,5,10,150,11,0.0
202,5,10,150,11,0.0
203,5,10,150,11,0.0
204,5,10,150,11,0.19519002499605084
205,5,10,150,11,0.0
206,5,10,150,11,0.0
207,5,10,150,11,0.0
208,5,10,150,11,0.0
209,5,10,150,11,0.0
210,5,10,150,11,0.0
211,5,10,150,11,0.0
213,5,10,150,11,0.0
214,5,10,150,11,0.0
216,5,10,150,11,0.2073612289146658
217,5,10,150,11,0.0
218,5,10,150,11,0.0
219,5,10,150,11,0.0
221,5,10,150,11,0.0
222,5,10,150,11,0.1345355941679243
223,5,10,150,11,0.0
224,5,10,150,11,0.0
225,5,10,150,11,0.0
226,5,10,150,11,0.19092086617893467
227,5,10,150,11,0.0
228,5,10,150,11,0.0
229,5,10,150,11,0.0
230,5,10,150,11,0.0
231,5,10,150,11,0.0
232,5,10,150,11,0.0
233,5,10,150,11,0.13886244387355454
234,5,10,150,11,0.0
235,5,10,150,11,0.0
236,5,10,150,11,0.0
237,5,10,150,11,0.19342640361727081
238,5,10,150,11,0.0
239,5,10,150,11,0.06912040963822193
240,5,10,150,11,0.0
241,5,10,150,11,0.0
242,5,10,150,11,0.0
243,5,10,150,11,0.0
244,5,10,150,11,0.06541518452970234
245,5,10,150,11,0.0
246,5,10,150,11,0.07386356006695578
247,5,10,150,11,0.0
248,5,10,150,11,0.0
249,5,10,150,11,0.0
250,5,10,150,11,0.0
251,5,10,150,11,0.13032376591037062
252,5,10,150,11,0.0
253,5,10,150,11,0.0
254,5,10,150,11,0.08514311764162098
255,5,10,150,11,0.0
256,5,10,150,11,0.0
257,5,10,150,11,0.0
258,5,10,150,11,0.0
259,5,10,150,11,0.0
260,5,10,150,11,0.0
261,5,10,150,11,0.0
262,5,10,150,11,0.0
263,5,10,150,11,0.0
264,5,10,150,11,0.0
265,5,10,150,11,0.0
266,5,10,150,11,0.0
267,5,10,150,11,0.08021827351724287
268,5,10,150,11,0.06541518452970234
269,5,10,150,11,0.08930562034683721
270,5,10,150,11,0.0
271,5,10,150,11,0.1036806144573329
272,5,10,150,11,0.0
273,5,10,150,11,0.0
274,5,10,150,11,0.0
275,5,10,150,11,0.0
276,5,10,150,11,0.2073612289146658
277,5,10,150,11,0.0
278,5,10,150,11,0.0
279,5,10,150,11,0.13083036905940468
280,5,10,150,11,0.2073612289146658
281,5,10,150,11,0.0
282,5,10,150,11,0.0
283,5,10,150,11,0.0
284,5,10,150,11,0.0
285,5,10,150,11,0.0
286,5,10,150,11,0.0
287,5,10,150,11,0.0
288,5,10,150,11,0.0
289,5,10,150,11,0.0
290,5,10,150,11,0.07834851647149511
291,5,10,150,11,0.0
292,5,10,150,11,0.0
293,5,10,150,11,0.13083036905940468
294,5,10,150,11,0.0
295,5,10,150,11,0.11752277470724268
296,5,10,150,11,0.1036806144573329
297,5,10,150,11,0.0
298,5,10,150,11,0.0
299,5,10,150,11,0.0
300,5,10,150,11,0.0
301,5,10,150,11,0.0
302,5,10,150,11,0.0
303,5,10,150,11,0.0
304,5,10,150,11,0.0
305,5,10,150,11,0.14933868315546478
306,5,10,150,11,0.0
307,5,10,150,11,0.10778915452451093
308,5,10,150,11,0.20540591954623735
310,5,10,150,11,0.0
311,5,10,150,11,0.1036806144573329
312,5,10,150,11,0.0
313,5,10,150,11,0.05994083762128166
314,5,10,150,11,0.2345109835167376
315,5,10,150,11,0.0
316,5,10,150,11,0.0
317,5,10,150,11,0.0
318,5,10,150,11,0.0
319,5,10,150,11,0.0
320,5,10,150,11,0.13927874459665815
321,5,10,150,11,0.0
322,5,10,150,11,0.0
323,5,10,150,11,0.1610425878239398
324,5,10,150,11,0.0
325,5,10,150,11,0.09092803061897883
326,5,10,150,11,0.0
327,5,10,150,11,0.0
328,5,10,150,11,0.1036806144573329
329,5,10,150,11,0.0
330,5,10,150,11,0.0
331,5,10,150,11,0.0
332,5,10,150,11,0.0
334,5,10,150,11,0.0
335,5,10,150,11,0.0
336,5,10,150,11,0.06541518452970234
337,5,10,150,11,0.0
338,5,10,150,11,0.0
339,5,10,150,11,0.13083036905940468
340,5,10,150,11,0.0
341,5,10,150,11,0.0
342,5,10,150,11,0.40061354781513014
343,5,10,150,11,0.08930562034683721
344,5,10,150,11,0.07386356006695578
345,5,10,150,11,0.13083036905940468
346,5,10,150,11,0.0
347,5,10,150,11,0.29666684926150305
348,5,10,150,11,0.0
349,5,10,150,11,0.0
350,5,10,150,11,0.0
351,5,10,150,11,0.0
352,5,10,150,11,0.0
353,5,10,150,11,0.0
354,5,10,150,11,0.08021827351724287
355,5,10,150,11,0.0
356,5,10,150,11,0.0
357,5,10,150,11,0.0
358,5,10,150,11,0.0
359,5,10,150,11,0.3010299956639812
360,5,10,150,11,0.0
361,5,10,150,11,0.09478836436955078
362,5,10,150,11,0.0
363,5,10,150,11,0.23522297393661448
364,5,10,150,11,0.0
365,5,10,150,11,0.0
366,5,10,150,11,0.0
367,5,10,150,11,0.0
368,5,10,150,11,0.0
369,5,10,150,11,0.0
370,5,10,150,11,0.0
371,5,10,150,11,0.0
372,5,10,150,11,0.15130120674940672
373,5,10,150,11,0.0
374,5,10,150,11,0.0
375,5,10,150,11,0.0
376,5,10,150,11,0.0
377,5,10,150,11,0.0
378,5,10,150,11,0.26730206653594746
379,5,10,150,11,0.0
380,5,10,150,11,0.0
381,5,10,150,11,0.0
382,5,10,150,11,0.0
383,5,10,150,11,0.0
384,5,10,150,11,0.0
385,5,10,150,11,0.0
386,5,10,150,11,0.0
387,5,10,150,11,0.1036806144573329
388,5,10,150,11,0.0
389,5,10,150,11,0.06242194984105966
390,5,10,150,11,0.0
391,5,10,150,11,0.08930562034683721
392,5,10,150,11,0.11004588314904008
393,5,10,150,11,0.13083036905940468
394,5,10,150,11,0.1695238938640801
395,5,10,150,11,0.0
396,5,10,150,11,0.0
397,5,10,150,11,0.11004588314904008
398,5,10,150,11,0.3390667409889167
399,5,10,150,11,0.0
400,5,10,150,11,0.0
401,5,10,150,11,0.0
402,5,10,150,11,0.0
403,5,10,150,11,0.2529427027676571
404,5,10,150,11,0.0
405,5,10,150,11,0.06242194984105966
406,5,10,150,11,0.08021827351724287
407,5,10,150,11,0.1345355941679243
408,5,10,150,11,0.0
409,5,10,150,11,0.0
410,5,10,150,11,0.0
411,5,10,150,11,0.17342765698823945
412,5,10,150,11,0.0
413,5,10,150,11,0.0
414,5,10,150,11,0.21398626473452756
415,5,10,150,11,0.0
416,5,10,150,11,0.0
417,5,10,150,11,0.06541518452970234
419,5,10,150,11,0.30260241349881345
420,5,10,150,11,0.0
421,5,10,150,11,0.0
422,5,10,150,11,0.0
423,5,10,150,11,0.08440880858250024
424,5,10,150,11,0.0
425,5,10,150,11,0.36029510054476643
426,5,10,150,11,0.0
427,5,10,150,11,0.0
428,5,10,150,11,0.0
429,5,10,150,11,0.28191896795496063
430,5,10,150,11,0.07336392209936005
431,5,10,150,11,0.0
432,5,10,150,11,0.0
433,5,10,150,11,0.0
434,5,10,150,11,0.3903800499921017
435,5,10,150,11,0.19624555358910703
436,5,10,150,11,0.1036806144573329
437,5,10,150,11,0.29693293335779725
438,5,10,150,11,0.0
439,5,10,150,11,0.0
440,5,10,150,11,0.0
441,5,10,150,11,0.0
442,5,10,150,11,0.0
443,5,10,150,11,0.0
445,5,10,150,11,0.0
446,5,10,150,11,0.0
447,5,10,150,11,0.20469392912636045
448,5,10,150,11,0.0
449,5,10,150,11,0.0
450,5,10,150,11,0.242959359053991
451,5,10,150,11,0.0
452,5,10,150,11,0.0
453,5,10,150,11,0.0
454,5,10,150,11,0.0
455,5,10,150,11,0.0
456,5,10,150,11,0.13083036905940468
457,5,10,150,11,0.34364673882268126
458,5,10,150,11,0.0
459,5,10,150,11,0.0
460,5,10,150,11,0.0
461,5,10,150,11,0.0
462,5,10,150,11,0.0
463,5,10,150,11,0.0
464,5,10,150,11,0.0
465,5,10,150,11,0.0
466,5,10,150,11,0.0
467,5,10,150,11,0.0
468,5,10,150,11,0.3389035883939474
469,5,10,150,11,0.0
470,5,10,150,11,0.0
471,5,10,150,11,0.0
472,5,10,150,11,0.057841952007295125
473,5,10,150,11,0.0
474,5,10,150,11,0.4304712469497405
475,5,10,150,11,0.0
476,5,10,150,11,0.0
477,5,10,150,11,0.0
478,5,10,150,11,0.08021827351724287
479,5,10,150,11,0.0
480,5,10,150,11,0.21398626473452756
481,5,10,150,11,0.0
482,5,10,150,11,0.0
483,5,10,150,11,0.06912040963822193
484,5,10,150,11,0.05994083762128166
485,5,10,150,11,0.0
486,5,10,150,11,0.06541518452970234
487,5,10,150,11,0.15842602998505914
488,5,10,150,11,0.0
489,5,10,150,11,0.0
490,5,10,150,11,0.0
491,5,10,150,11,0.19092086617893467
492,5,10,150,11,0.0
493,5,10,150,11,0.0
494,5,10,150,11,0.0
495,5,10,150,11,0.2073612289146658
496,5,10,150,11,0.06912040963822193
497,5,10,150,11,0.0
498,5,10,150,11,0.0
499,5,10,150,11,0.07839826897867533
500,5,10,150,11,0.06242194984105966
501,5,10,150,11,0.0
502,5,10,150,11,0.0
503,5,10,150,11,0.13083036905940468
504,5,10,150,11,0.0
505,5,10,150,11,0.0
506,5,10,150,11,0.0
507,5,10,150,11,0.0
508,5,10,150,11,0.0
509,5,10,150,11,0.0
510,5,10,150,11,0.0
511,5,10,150,11,0.0
512,5,10,150,11,0.0
513,5,10,150,11,0.0
514,5,10,150,11,0.1923775461752194
515,5,10,150,11,0.0
516,5,10,150,11,0.0
517,5,10,150,11,0.0
518,5,10,150,11,0.0
519,5,10,150,11,0.0
520,5,10,150,11,0.0
521,5,10,150,11,0.0
522,5,10,150,11,0.0
523,5,10,150,11,0.0
524,5,10,150,11,0.11778278962857679
525,5,10,150,11,0.0
526,5,10,150,11,0.0
527,5,10,150,11,0.11778278962857679
528,5,10,150,11,0.0
529,5,10,150,11,0.0
530,5,10,150,11,0.0
531,5,10,150,11,0.0
532,5,10,150,11,0.0
533,5,10,150,11,0.19995077869762662
534,5,10,150,11,0.0
535,5,10,150,11,0.1036806144573329
536,5,10,150,11,0.3466399735113239
537,5,10,150,11,0.44187221243140345
538,5,10,150,11,0.0
539,5,10,150,11,0.06794340091829075
540,5,10,150,11,0.0
541,5,10,150,11,0.0
542,5,10,150,11,0.2073612289146658
543,5,10,150,11,0.0
544,5,10,150,11,0.0
545,5,10,150,11,0.08930562034683721
546,5,10,150,11,0.13083036905940468
547,5,10,150,11,0.0
548,5,10,150,11,0.0
549,5,10,150,11,0.0
550,5,10,150,11,0.0
551,5,10,150,11,0.36578725889972497
552,5,10,150,11,0.0
553,5,10,150,11,0.0
554,5,10,150,11,0.2345109835167376
555,5,10,150,11,0.0
556,5,10,150,11,0.0
557,5,10,150,11,0.0
558,5,10,150,11,0.0
559,5,10,150,11,0.08930562034683721
560,5,10,150,11,0.21104864257664757
561,5,10,150,11,0.0
562,5,10,150,11,0.0
563,5,10,150,11,0.0
564,5,10,150,11,0.0
565,5,10,150,11,0.0
566,5,10,150,11,0.27646382710634987
567,5,10,150,11,0.127837134370762
568,5,10,150,11,0.0
569,5,10,150,11,0.0
570,5,10,150,11,0.0
571,5,10,150,11,0.0
572,5,10,150,11,0.0
573,5,10,150,11,0.0
574,5,10,150,11,0.0
575,5,10,150,11,0.0
576,5,10,150,11,0.17342765698823945
577,5,10,150,11,0.28007682702752357
578,5,10,150,11,0.0
579,5,10,150,11,0.0
580,5,10,150,11,0.10209739512291163
581,5,10,150,11,0.0
582,5,10,150,11,0.0
583,5,10,150,11,0.0
584,5,10,150,11,0.0
585,5,10,150,11,0.0
586,5,10,150,11,0.1036806144573329
587,5,10,150,11,0.0
588,5,10,150,11,0.3503451986198435
589,5,10,150,11,0.0
590,5,10,150,11,0.1036806144573329
591,5,10,150,11,0.2073612289146658
592,5,10,150,11,0.19624555358910703
593,5,10,150,11,0.2073612289146658
594,5,10,150,11,0.0843142342558857
595,5,10,150,11,0.0
596,5,10,150,11,0.0
597,5,10,150,11,0.0
598,5,10,150,11,0.11752277470724268
599,5,10,150,11,0.0
600,5,10,150,11,0.0
601,5,10,150,11,0.0
602,5,10,150,11,0.0
603,5,10,150,11,0.06541518452970234
604,5,10,150,11,0.0
605,5,10,150,11,0.0
606,5,10,150,11,0.13083036905940468
607,5,10,150,11,0.0
608,5,10,150,11,0.06541518452970234
609,5,10,150,11,0.11838279295536291
610,5,10,150,11,0.0
611,5,10,150,11,0.0
612,5,10,150,11,0.0
613,5,10,150,11,0.15130120674940672
614,5,10,150,11,0.13886244387355454
615,5,10,150,11,0.0
616,5,10,150,11,0.0
617,5,10,150,11,0.07386356006695578
618,5,10,150,11,0.28491220264360334
619,5,10,150,11,0.08930562034683721
620,5,10,150,11,0.0
621,5,10,150,11,0.2073612289146658
622,5,10,150,11,0.24932514910785838
623,5,10,150,11,0.0
624,5,10,150,11,0.0
625,5,10,150,11,0.0
626,5,10,150,11,0.0
627,5,10,150,11,0.05994083762128166
628,5,10,150,11,0.0
629,5,10,150,11,0.06242194984105966
630,5,10,150,11,0.13083036905940468
631,5,10,150,11,0.0
632,5,10,150,11,0.39603354998136564
633,5,10,150,11,0.05994083762128166
634,5,10,150,11,0.0
635,5,10,150,11,0.0
636,5,10,150,11,0.0
637,5,10,150,11,0.0
638,5,10,150,11,0.0
639,5,10,150,11,0.0
640,5,10,150,11,0.0
641,5,10,150,11,0.0
642,5,10,150,11,0.0
643,5,10,150,11,0.057841952007295125
644,5,10,150,11,0.0
645,5,10,150,11,0.19624555358910703
646,5,10,150,11,0.0
647,5,10,150,11,0.0
648,5,10,150,11,0.07386356006695578
649,5,10,150,11,0.0
650,5,10,150,11,0.0
651,5,10,150,11,0.0
652,5,10,150,11,0.0
653,5,10,150,11,0.07386356006695578
654,5,10,150,11,0.2073612289146658
655,5,10,150,11,0.12236278746234133
656,5,10,150,11,0.0
657,5,10,150,11,0.0
658,5,10,150,11,0.0
659,5,10,150,11,0.0
660,5,10,150,11,0.0
661,5,10,150,11,0.06541518452970234
662,5,10,150,11,0.0
663,5,10,150,11,0.1429839697051777
664,5,10,150,11,0.08021827351724287
665,5,10,150,11,0.0
666,5,10,150,11,0.2073612289146658
667,5,10,150,11,0.2073612289146658
668,5,10,150,11,0.0
669,5,10,150,11,0.3389035883939474
670,5,10,150,11,0.0
671,5,10,150,11,0.13083036905940468
672,5,10,150,11,0.0
673,5,10,150,11,0.0
674,5,10,150,11,0.0
675,5,10,150,11,0.0
676,5,10,150,11,0.0
677,5,10,150,11,0.0
678,5,10,150,11,0.0
679,5,10,150,11,0.19695754400898396
680,5,10,150,11,0.2073612289146658
681,5,10,150,11,0.0
682,5,10,150,11,0.19164634969553254
683,5,10,150,11,0.0
684,5,10,150,11,0.0
685,5,10,150,11,0.0
686,5,10,150,11,0.06912040963822193
687,5,10,150,11,0.0
688,5,10,150,11,0.0
689,5,10,150,11,0.27487633291429087
690,5,10,150,11,0.0
691,5,10,150,11,0.0
692,5,10,150,11,0.0
693,5,10,150,11,0.0
694,5,10,150,11,0.0
695,5,10,150,11,0.0
696,5,10,150,11,0.0
697,5,10,150,11,0.08930562034683721
698,5,10,150,11,0.2073612289146658
699,5,10,150,11,0.0
700,5,10,150,11,0.16958010263680806
701,5,10,150,11,0.0
702,5,10,150,11,0.0
703,5,10,150,11,0.0
704,5,10,150,11,0.06912040963822193
705,5,10,150,11,0.06541518452970234
706,5,10,150,11,0.0
707,5,10,150,11,0.07386356006695578
708,5,10,150,11,0.0
709,5,10,150,11,0.05994083762128166
710,5,10,150,11,0.1036806144573329
711,5,10,150,11,0.08021827351724287
712,5,10,150,11,0.0
713,5,10,150,11,0.0
714,5,10,150,11,0.0
715,5,10,150,11,0.20469392912636045
716,5,10,150,11,0.06541518452970234
717,5,10,150,11,0.13083036905940468
718,5,10,150,11,0.0
719,5,10,150,11,0.0
720,5,10,150,11,0.0
721,5,10,150,11,0.2073612289146658
722,5,10,150,11,0.0
723,5,10,150,11,0.0
724,5,10,150,11,0.0
725,5,10,150,11,0.0
726,5,10,150,11,0.2529427027676571
727,5,10,150,11,0.13628550990801544
728,5,10,150,11,0.0
729,5,10,150,11,0.0
730,5,10,150,11,0.0
731,5,10,150,11,0.0
732,5,10,150,11,0.0
733,5,10,150,11,0.0
734,5,10,150,11,0.05994083762128166
735,5,10,150,11,0.0
736,5,10,150,11,0.0
737,5,10,150,11,0.11004588314904008
738,5,10,150,11,0.5311778327782406
739,5,10,150,11,0.0
740,5,10,150,11,0.0
741,5,10,150,11,0.06912040963822193
742,5,10,150,11,0.0
743,5,10,150,11,0.0
744,5,10,150,11,0.0
745,5,10,150,11,0.4274972183209077
746,5,10,150,11,0.0
747,5,10,150,11,0.44187221243140345
748,5,10,150,11,0.37645702790170105
749,5,10,150,11,0.19800106314581964
750,5,10,150,11,0.0
751,5,10,150,11,0.0
752,5,10,150,11,0.0
753,5,10,150,11,0.1345355941679243
754,5,10,150,11,0.0
755,5,10,150,11,0.0
756,5,10,150,11,0.0
757,5,10,150,11,0.0
758,5,10,150,11,0.19298623480417013
759,5,10,150,11,0.0
760,5,10,150,11,0.0
761,5,10,150,11,0.0
762,5,10,150,11,0.0
763,5,10,150,11,0.35986700566772156
764,5,10,150,11,0.138060225524538
765,5,10,150,11,0.0
766,5,10,150,11,0.0
767,5,10,150,11,0.2073612289146658
768,5,10,150,11,0.07386356006695578
769,5,10,150,11,0.0
770,5,10,150,11,0.0
771,5,10,150,11,0.0
772,5,10,150,11,0.0
773,5,10,150,11,0.1036806144573329
774,5,10,150,11,0.0
775,5,10,150,11,0.0
776,5,10,150,11,0.1036806144573329
777,5,10,150,11,0.0
778,5,10,150,11,0.0
779,5,10,150,11,0.08021827351724287
780,5,10,150,11,0.057841952007295125
781,5,10,150,11,0.127837134370762
782,5,10,150,11,0.0
783,5,10,150,11,0.0
784,5,10,150,11,0.0
785,5,10,150,11,0.0
786,5,10,150,11,0.20469392912636045
787,5,10,150,11,0.0
788,5,10,150,11,0.4184098714913134
789,5,10,150,11,0.06242194984105966
790,5,10,150,11,0.163169180413793
791,5,10,150,11,0.0
792,5,10,150,11,0.0
793,5,10,150,11,0.0
794,5,10,150,11,0.18389888797457576
795,5,10,150,11,0.2073612289146658
796,5,10,150,11,0.501632456300779
797,5,10,150,11,0.0
798,5,10,150,11,0.06912040963822193
799,5,10,150,11,0.0
800,5,10,150,11,0.0
801,5,10,150,11,0.0
802,5,10,150,11,0.0
803,5,10,150,11,0.0
804,5,10,150,11,0.20927952077674644
805,5,10,150,11,0.06242194984105966
806,5,10,150,11,0.12236278746234133
807,5,10,150,11,0.06541518452970234
808,5,10,150,11,0.0
809,5,10,150,11,0.0
810,5,10,150,11,0.0
811,5,10,150,11,0.0
812,5,10,150,11,0.0
813,5,10,150,11,0.0
814,5,10,150,11,0.08021827351724287
815,5,10,150,11,0.29666684926150305
816,5,10,150,11,0.0
817,5,10,150,11,0.0
818,5,10,150,11,0.0
819,5,10,150,11,0.0
820,5,10,150,11,0.0
821,5,10,150,11,0.13154235947928158
822,5,10,150,11,0.0
823,5,10,150,11,0.2905838137241316
824,5,10,150,11,0.0
825,5,10,150,11,0.08021827351724287
826,5,10,150,11,0.07386356006695578
827,5,10,150,11,0.0
828,5,10,150,11,0.08930562034683721
829,5,10,150,11,0.12535602215098401
830,5,10,150,11,0.0
831,5,10,150,11,0.16610256429839257
832,5,10,150,11,0.0
833,5,10,150,11,0.3224767187549372
834,5,10,150,11,0.0
835,5,10,150,11,0.05994083762128166
836,5,10,150,11,0.0
837,5,10,150,11,0.0
838,5,10,150,11,0.05994083762128166
839,5,10,150,11,0.0
840,5,10,150,11,0.3108612496200928
841,5,10,150,11,0.0
842,5,10,150,11,0.0
843,5,10,150,11,0.2201359894062419
844,5,10,150,11,0.2825579392473016
845,5,10,150,11,0.0
846,5,10,150,11,0.31860834105144836
847,5,10,150,11,0.0
848,5,10,150,11,0.0
849,5,10,150,11,0.0
850,5,10,150,11,0.0
851,5,10,150,11,0.4081871506271386
852,5,10,150,11,0.0
853,5,10,150,11,0.0
854,5,10,150,11,0.20469392912636045
855,5,10,150,11,0.0
856,5,10,150,11,0.0
857,5,10,150,11,0.0
858,5,10,150,11,0.0
859,5,10,150,11,0.0
860,5,10,150,11,0.0
861,5,10,150,11,0.16152256646462804
862,5,10,150,11,0.08021827351724287
863,5,10,150,11,0.0
864,5,10,150,11,0.2540875055964022
865,5,10,150,11,0.0
866,5,10,150,11,0.0
867,5,10,150,11,0.38490540343895446
868,5,10,150,11,0.14714757235413234
869,5,10,150,11,0.0
870,5,10,150,11,0.1492464579681189
871,5,10,150,11,0.13083036905940468
872,5,10,150,11,0.0
873,5,10,150,11,0.0
874,5,10,150,11,0.0
875,5,10,150,11,0.334305779113645
876,5,10,150,11,0.0
877,5,10,150,11,0.08021827351724287
878,5,10,150,11,0.0
879,5,10,150,11,0.0
880,5,10,150,11,0.6061878434833571
881,5,10,150,11,0.4651539596195875
882,5,10,150,11,0.3705304093284588
883,5,10,150,11,0.38165855587086994
884,5,10,150,11,0.0
885,5,10,150,11,0.1345355941679243
886,5,10,150,11,0.4363978655229827
887,5,10,150,11,0.08021827351724287
888,5,10,150,11,0.0
889,5,10,150,11,0.516447762918236
890,5,10,150,11,0.4184098714913134
891,5,10,150,11,0.0
892,5,10,150,11,0.5227102511811772
893,5,10,150,11,0.057841952007295125
894,5,10,150,11,0.4209619111187148
895,5,10,150,11,0.0
896,5,10,150,11,0.5620328124888321
897,5,10,150,11,0.1036806144573329
898,5,10,150,11,0.0
899,5,10,150,11,0.3381915979740705
900,5,10,150,11,0.06912040963822193
901,5,10,150,11,0.46576264824853825
902,5,10,150,11,0.0
903,5,10,150,11,0.5692626689539654
904,5,10,150,11,0.0
905,5,10,150,11,0.14015911113852453
906,5,10,150,11,0.0
907,5,10,150,11,0.3381915979740705
908,5,10,150,11,0.21192378559149377
909,5,10,150,11,0.0
910,5,10,150,11,0.21104864257664757
911,5,10,150,11,0.0
912,5,10,150,11,0.1036806144573329
913,5,10,150,11,0.1856790863780571
914,5,10,150,11,0.0
915,5,10,150,11,0.0
916,5,10,150,11,0.40994228989425
917,5,10,150,11,0.0
918,5,10,150,11,0.0
919,5,10,150,11,0.23493907839378242
920,5,10,150,11,0.0
921,5,10,150,11,0.08021827351724287
922,5,10,150,11,0.05994083762128166
923,5,10,150,11,0.057841952007295125
924,5,10,150,11,0.06242194984105966
925,5,10,150,11,0.05994083762128166
926,5,10,150,11,0.0
927,5,10,150,11,0.05994083762128166
928,5,10,150,11,0.08930562034683721
929,5,10,150,11,0.1036806144573329
930,5,10,150,11,0.1036806144573329
931,5,10,150,11,0.0
932,5,10,150,11,0.37098268099328036
933,5,10,150,11,0.05994083762128166
934,5,10,150,11,0.0
935,5,10,150,11,0.0
936,5,10,150,11,0.2073612289146658
937,5,10,150,11,0.08021827351724287
938,5,10,150,11,0.07386356006695578
939,5,10,150,11,0.06541518452970234
940,5,10,150,11,0.12236278746234133
941,5,10,150,11,0.2073612289146658
942,5,10,150,11,0.0
943,5,10,150,11,0.48056573723607876
1,5,10,150,12,0.5789533463717488
2,5,10,150,12,0.0
3,5,10,150,12,0.0
4,5,10,150,12,0.0
5,5,10,150,12,0.0
6,5,10,150,12,0.0
7,5,10,150,12,0.05306340617755807
8,5,10,150,12,0.0
9,5,10,150,12,0.0
10,5,10,150,12,0.27683969295911953
11,5,10,150,12,0.0
12,5,10,150,12,0.0
13,5,10,150,12,0.37700617245289547
14,5,10,150,12,0.18795160328752808
15,5,10,150,12,0.0
16,5,10,150,12,0.0
17,5,10,150,12,0.0
18,5,10,150,12,0.12902502486429304
19,5,10,150,12,0.0
20,5,10,150,12,0.13743816645714543
21,5,10,150,12,0.12388806404564567
22,5,10,150,12,0.0
23,5,10,150,12,0.06541518452970234
24,5,10,150,12,0.0
25,5,10,150,12,0.23940867474021393
26,5,10,150,12,0.0
27,5,10,150,12,0.0
28,5,10,150,12,0.0
30,5,10,150,12,0.0
31,5,10,150,12,0.0
32,5,10,150,12,0.19519002499605084
33,5,10,150,12,0.0
34,5,10,150,12,0.0
35,5,10,150,12,0.0
37,5,10,150,12,0.08177471774917201
38,5,10,150,12,0.0
39,5,10,150,12,0.0
40,5,10,150,12,0.0
41,5,10,150,12,0.06835476917178976
42,5,10,150,12,0.0
43,5,10,150,12,0.0
44,5,10,150,12,0.0
45,5,10,150,12,0.0
46,5,10,150,12,0.0
47,5,10,150,12,0.0
48,5,10,150,12,0.0
49,5,10,150,12,0.056760172607960534
52,5,10,150,12,0.0
53,5,10,150,12,0.0
54,5,10,150,12,0.0
55,5,10,150,12,0.0
56,5,10,150,12,0.12388806404564567
57,5,10,150,12,0.0
58,5,10,150,12,0.25546756436153767
59,5,10,150,12,0.19635793579928928
60,5,10,150,12,0.06541518452970234
61,5,10,150,12,0.0
62,5,10,150,12,0.12388806404564567
63,5,10,150,12,0.0
64,5,10,150,12,0.0547726610138292
65,5,10,150,12,0.12647135138382856
66,5,10,150,12,0.0
67,5,10,150,12,0.0
68,5,10,150,12,0.0
69,5,10,150,12,0.0
70,5,10,150,12,0.0
71,5,10,150,12,0.0
72,5,10,150,12,0.06362078819895171
73,5,10,150,12,0.0
74,5,10,150,12,0.0
75,5,10,150,12,0.0
76,5,10,150,12,0.10633668103022985
77,5,10,150,12,0.0
78,5,10,150,12,0.0
79,5,10,150,12,0.0
80,5,10,150,12,0.0
81,5,10,150,12,0.0
82,5,10,150,12,0.0
83,5,10,150,12,0.07414861528507455
84,5,10,150,12,0.0
85,5,10,150,12,0.056760172607960534
86,5,10,150,12,0.0
87,5,10,150,12,0.056760172607960534
88,5,10,150,12,0.0
89,5,10,150,12,0.0
90,5,10,150,12,0.06994410797740244
91,5,10,150,12,0.0
92,5,10,150,12,0.06194403202282284
93,5,10,150,12,0.0
94,5,10,150,12,0.0547726610138292
95,5,10,150,12,0.06994410797740244
96,5,10,150,12,0.0
97,5,10,150,12,0.0
98,5,10,150,12,0.0
99,5,10,150,12,0.0
100,5,10,150,12,0.0
101,5,10,150,12,0.0
102,5,10,150,12,0.0
103,5,10,150,12,0.0
104,5,10,150,12,0.27487633291429087
105,5,10,150,12,0.0
106,5,10,150,12,0.0
107,5,10,150,12,0.0
109,5,10,150,12,0.21404876906985354
110,5,10,150,12,0.0
111,5,10,150,12,0.0
112,5,10,150,12,0.0
113,5,10,150,12,0.0
114,5,10,150,12,0.08274602130532002
115,5,10,150,12,0.0
116,5,10,150,12,0.0
117,5,10,150,12,0.0
118,5,10,150,12,0.16958010263680806
119,5,10,150,12,0.0
120,5,10,150,12,0.0
121,5,10,150,12,0.13032376591037062
122,5,10,150,12,0.0
123,5,10,150,12,0.0
124,5,10,150,12,0.0
125,5,10,150,12,0.0
126,5,10,150,12,0.0
128,5,10,150,12,0.0
129,5,10,150,12,0.0
130,5,10,150,12,0.12388806404564567
131,5,10,150,12,0.0
132,5,10,150,12,0.0
133,5,10,150,12,0.0
134,5,10,150,12,0.0
135,5,10,150,12,0.0
136,5,10,150,12,0.0
137,5,10,150,12,0.0
138,5,10,150,12,0.0
139,5,10,150,12,0.0
140,5,10,150,12,0.0
141,5,10,150,12,0.0
142,5,10,150,12,0.0
143,5,10,150,12,0.0
144,5,10,150,12,0.0
145,5,10,150,12,0.18274572784007886
146,5,10,150,12,0.0
147,5,10,150,12,0.0
148,5,10,150,12,0.0
149,5,10,150,12,0.0
150,5,10,150,12,0.2640681225725909
151,5,10,150,12,0.0
152,5,10,150,12,0.0
153,5,10,150,12,0.0
154,5,10,150,12,0.0
155,5,10,150,12,0.0
156,5,10,150,12,0.0
157,5,10,150,12,0.0
158,5,10,150,12,0.0547726610138292
159,5,10,150,12,0.2663020437766917
160,5,10,150,12,0.12388806404564567
161,5,10,150,12,0.0
162,5,10,150,12,0.0
163,5,10,150,12,0.0
164,5,10,150,12,0.0
165,5,10,150,12,0.0
167,5,10,150,12,0.0
168,5,10,150,12,0.0
169,5,10,150,12,0.0
170,5,10,150,12,0.0
171,5,10,150,12,0.0
173,5,10,150,12,0.0
174,5,10,150,12,0.0
175,5,10,150,12,0.0
176,5,10,150,12,0.0
177,5,10,150,12,0.38113435412202
178,5,10,150,12,0.0845667599404342
179,5,10,150,12,0.0
180,5,10,150,12,0.0
181,5,10,150,12,0.06545264526642976
182,5,10,150,12,0.0
183,5,10,150,12,0.15101961822780524
184,5,10,150,12,0.0
185,5,10,150,12,0.0
186,5,10,150,12,0.0
187,5,10,150,12,0.0
188,5,10,150,12,0.07428207290250749
189,5,10,150,12,0.0845667599404342
190,5,10,150,12,0.0
192,5,10,150,12,0.123151194370365
193,5,10,150,12,0.0
194,5,10,150,12,0.0
195,5,10,150,12,0.0
196,5,10,150,12,0.0
197,5,10,150,12,0.09546043308946733
198,5,10,150,12,0.0
199,5,10,150,12,0.0
200,5,10,150,12,0.09785159463516042
201,5,10,150,12,0.0
202,5,10,150,12,0.0
203,5,10,150,12,0.0
204,5,10,150,12,0.19519002499605084
205,5,10,150,12,0.0
206,5,10,150,12,0.0
207,5,10,150,12,0.0
208,5,10,150,12,0.0
209,5,10,150,12,0.0
210,5,10,150,12,0.0
211,5,10,150,12,0.0
213,5,10,150,12,0.0
214,5,10,150,12,0.0
216,5,10,150,12,0.19635793579928928
217,5,10,150,12,0.0
218,5,10,150,12,0.0
219,5,10,150,12,0.0
221,5,10,150,12,0.0
222,5,10,150,12,0.1273966772892526
223,5,10,150,12,0.0
224,5,10,150,12,0.0
225,5,10,150,12,0.0
226,5,10,150,12,0.19092086617893467
227,5,10,150,12,0.0
228,5,10,150,12,0.0
229,5,10,150,12,0.0
230,5,10,150,12,0.0
231,5,10,150,12,0.0
232,5,10,150,12,0.0
233,5,10,150,12,0.13886244387355454
234,5,10,150,12,0.0
235,5,10,150,12,0.0
236,5,10,150,12,0.0
237,5,10,150,12,0.19342640361727081
238,5,10,150,12,0.0
239,5,10,150,12,0.06912040963822193
240,5,10,150,12,0.0
241,5,10,150,12,0.0
242,5,10,150,12,0.0
243,5,10,150,12,0.0
244,5,10,150,12,0.06194403202282284
245,5,10,150,12,0.0
246,5,10,150,12,0.06994410797740244
247,5,10,150,12,0.0
248,5,10,150,12,0.0
249,5,10,150,12,0.0
250,5,10,150,12,0.0
251,5,10,150,12,0.13032376591037062
252,5,10,150,12,0.0
253,5,10,150,12,0.0
254,5,10,150,12,0.08514311764162098
255,5,10,150,12,0.0
256,5,10,150,12,0.0
257,5,10,150,12,0.0
258,5,10,150,12,0.0
259,5,10,150,12,0.0
260,5,10,150,12,0.0
261,5,10,150,12,0.0
262,5,10,150,12,0.0
263,5,10,150,12,0.0
264,5,10,150,12,0.0
265,5,10,150,12,0.0
266,5,10,150,12,0.0
267,5,10,150,12,0.07596161868673496
268,5,10,150,12,0.06194403202282284
269,5,10,150,12,0.0845667599404342
270,5,10,150,12,0.0
271,5,10,150,12,0.09817896789964464
272,5,10,150,12,0.0
273,5,10,150,12,0.0
274,5,10,150,12,0.0
275,5,10,150,12,0.0
276,5,10,150,12,0.19635793579928928
277,5,10,150,12,0.0
278,5,10,150,12,0.0
279,5,10,150,12,0.12388806404564567
280,5,10,150,12,0.19635793579928928
281,5,10,150,12,0.0
282,5,10,150,12,0.0
283,5,10,150,12,0.0
284,5,10,150,12,0.0
285,5,10,150,12,0.0
286,5,10,150,12,0.0
287,5,10,150,12,0.0
288,5,10,150,12,0.0
289,5,10,150,12,0.0
290,5,10,150,12,0.07834851647149511
291,5,10,150,12,0.0
292,5,10,150,12,0.0
293,5,10,150,12,0.12388806404564567
294,5,10,150,12,0.0
295,5,10,150,12,0.11752277470724268
296,5,10,150,12,0.09817896789964464
297,5,10,150,12,0.0
298,5,10,150,12,0.0
299,5,10,150,12,0.0
300,5,10,150,12,0.0
301,5,10,150,12,0.0
302,5,10,150,12,0.0
303,5,10,150,12,0.0
304,5,10,150,12,0.0
305,5,10,150,12,0.1414142639531647
306,5,10,150,12,0.0
307,5,10,150,12,0.10778915452451093
308,5,10,150,12,0.19450638180608054
310,5,10,150,12,0.0
311,5,10,150,12,0.09817896789964464
312,5,10,150,12,0.0
313,5,10,150,12,0.056760172607960534
314,5,10,150,12,0.22206703194529032
315,5,10,150,12,0.0
316,5,10,150,12,0.0
317,5,10,150,12,0.0
318,5,10,150,12,0.0
319,5,10,150,12,0.0
320,5,10,150,12,0.13927874459665815
321,5,10,150,12,0.0
322,5,10,150,12,0.0
323,5,10,150,12,0.1610425878239398
324,5,10,150,12,0.0
325,5,10,150,12,0.09092803061897883
326,5,10,150,12,0.0
327,5,10,150,12,0.0
328,5,10,150,12,0.09817896789964464
329,5,10,150,12,0.0
330,5,10,150,12,0.0
331,5,10,150,12,0.0
332,5,10,150,12,0.0
334,5,10,150,12,0.0
335,5,10,150,12,0.0
336,5,10,150,12,0.06194403202282284
337,5,10,150,12,0.0
338,5,10,150,12,0.0
339,5,10,150,12,0.12388806404564567
340,5,10,150,12,0.0
341,5,10,150,12,0.0
342,5,10,150,12,0.37935562840718334
343,5,10,150,12,0.0845667599404342
344,5,10,150,12,0.06994410797740244
345,5,10,150,12,0.12388806404564567
346,5,10,150,12,0.0
347,5,10,150,12,0.2809246957397235
348,5,10,150,12,0.0
349,5,10,150,12,0.0
350,5,10,150,12,0.0
351,5,10,150,12,0.0
352,5,10,150,12,0.0
353,5,10,150,12,0.0
354,5,10,150,12,0.07596161868673496
355,5,10,150,12,0.0
356,5,10,150,12,0.0
357,5,10,150,12,0.0
358,5,10,150,12,0.0
359,5,10,150,12,0.3010299956639812
360,5,10,150,12,0.0
361,5,10,150,12,0.09478836436955078
362,5,10,150,12,0.0
363,5,10,150,12,0.27580464790588083
364,5,10,150,12,0.0
365,5,10,150,12,0.0
366,5,10,150,12,0.0
367,5,10,150,12,0.0
368,5,10,150,12,0.0
369,5,10,150,12,0.0
370,5,10,150,12,0.0
371,5,10,150,12,0.0
372,5,10,150,12,0.15130120674940672
373,5,10,150,12,0.0
374,5,10,150,12,0.05306340617755807
375,5,10,150,12,0.0
376,5,10,150,12,0.0
377,5,10,150,12,0.0
378,5,10,150,12,0.25311810840724985
379,5,10,150,12,0.0
380,5,10,150,12,0.0
381,5,10,150,12,0.0
382,5,10,150,12,0.0
383,5,10,150,12,0.0
384,5,10,150,12,0.0
385,5,10,150,12,0.0
386,5,10,150,12,0.0
387,5,10,150,12,0.09817896789964464
388,5,10,150,12,0.0
389,5,10,150,12,0.059109628562248356
390,5,10,150,12,0.0
391,5,10,150,12,0.0845667599404342
392,5,10,150,12,0.11004588314904008
393,5,10,150,12,0.12388806404564567
394,5,10,150,12,0.16052837862716918
395,5,10,150,12,0.0
396,5,10,150,12,0.0
397,5,10,150,12,0.11004588314904008
398,5,10,150,12,0.3210747047905209
399,5,10,150,12,0.0
400,5,10,150,12,0.0
401,5,10,150,12,0.0
402,5,10,150,12,0.0
403,5,10,150,12,0.2529427027676571
404,5,10,150,12,0.0
405,5,10,150,12,0.059109628562248356
406,5,10,150,12,0.07596161868673496
407,5,10,150,12,0.1273966772892526
408,5,10,150,12,0.0
409,5,10,150,12,0.0
410,5,10,150,12,0.0
411,5,10,150,12,0.17342765698823945
412,5,10,150,12,0.0
413,5,10,150,12,0.0
414,5,10,150,12,0.21398626473452756
415,5,10,150,12,0.0
416,5,10,150,12,0.0
417,5,10,150,12,0.06194403202282284
419,5,10,150,12,0.30260241349881345
420,5,10,150,12,0.0
421,5,10,150,12,0.0
422,5,10,150,12,0.0
423,5,10,150,12,0.08440880858250024
424,5,10,150,12,0.0
425,5,10,150,12,0.34117661528077536
426,5,10,150,12,0.0
427,5,10,150,12,0.0
428,5,10,150,12,0.0
429,5,10,150,12,0.2669593872492086
430,5,10,150,12,0.07336392209936005
431,5,10,150,12,0.0
432,5,10,150,12,0.0
433,5,10,150,12,0.0
434,5,10,150,12,0.3903800499921017
435,5,10,150,12,0.1858320960684685
436,5,10,150,12,0.09817896789964464
437,5,10,150,12,0.2811766605075387
438,5,10,150,12,0.0
439,5,10,150,12,0.0
440,5,10,150,12,0.0
441,5,10,150,12,0.0
442,5,10,150,12,0.0
443,5,10,150,12,0.0
445,5,10,150,12,0.0
446,5,10,150,12,0.0
447,5,10,150,12,0.19383217202304812
448,5,10,150,12,0.0
449,5,10,150,12,0.0
450,5,10,150,12,0.2300671078998699
451,5,10,150,12,0.0
452,5,10,150,12,0.0
453,5,10,150,12,0.0
454,5,10,150,12,0.0
455,5,10,150,12,0.0
456,5,10,150,12,0.12388806404564567
457,5,10,150,12,0.3254116723389401
458,5,10,150,12,0.0
459,5,10,150,12,0.0
460,5,10,150,12,0.0
461,5,10,150,12,0.0
462,5,10,150,12,0.0
463,5,10,150,12,0.0
464,5,10,150,12,0.0
465,5,10,150,12,0.0
466,5,10,150,12,0.0
467,5,10,150,12,0.0
468,5,10,150,12,0.3209202096279674
469,5,10,150,12,0.0
470,5,10,150,12,0.0
471,5,10,150,12,0.0
472,5,10,150,12,0.0547726610138292
473,5,10,150,12,0.0
474,5,10,150,12,0.4076289763250865
475,5,10,150,12,0.0
476,5,10,150,12,0.0
477,5,10,150,12,0.0
478,5,10,150,12,0.07596161868673496
479,5,10,150,12,0.0
480,5,10,150,12,0.21398626473452756
481,5,10,150,12,0.0
482,5,10,150,12,0.0
483,5,10,150,12,0.06912040963822193
484,5,10,150,12,0.056760172607960534
485,5,10,150,12,0.0
486,5,10,150,12,0.06194403202282284
487,5,10,150,12,0.15001940520686396
488,5,10,150,12,0.0
489,5,10,150,12,0.0
490,5,10,150,12,0.0
491,5,10,150,12,0.19092086617893467
492,5,10,150,12,0.0
493,5,10,150,12,0.0
494,5,10,150,12,0.0
495,5,10,150,12,0.19635793579928928
496,5,10,150,12,0.06545264526642976
497,5,10,150,12,0.0
498,5,10,150,12,0.0
499,5,10,150,12,0.07839826897867533
500,5,10,150,12,0.059109628562248356
501,5,10,150,12,0.0
502,5,10,150,12,0.0
503,5,10,150,12,0.12388806404564567
504,5,10,150,12,0.0
505,5,10,150,12,0.0
506,5,10,150,12,0.0
507,5,10,150,12,0.0
508,5,10,150,12,0.0
509,5,10,150,12,0.0
510,5,10,150,12,0.0
511,5,10,150,12,0.0
512,5,10,150,12,0.0
513,5,10,150,12,0.0
514,5,10,150,12,0.1821693383030818
515,5,10,150,12,0.0
516,5,10,150,12,0.0
517,5,10,150,12,0.0
518,5,10,150,12,0.0
519,5,10,150,12,0.0
520,5,10,150,12,0.0
521,5,10,150,12,0.0
522,5,10,150,12,0.0
523,5,10,150,12,0.0
524,5,10,150,12,0.11153283362178974
525,5,10,150,12,0.0
526,5,10,150,12,0.0
527,5,10,150,12,0.11153283362178974
528,5,10,150,12,0.0
529,5,10,150,12,0.0
530,5,10,150,12,0.0
531,5,10,150,12,0.0
532,5,10,150,12,0.0
533,5,10,150,12,0.18934070931207542
534,5,10,150,12,0.0
535,5,10,150,12,0.15124237407720273
536,5,10,150,12,0.32824607579951454
537,5,10,150,12,0.41842496774457966
538,5,10,150,12,0.0
539,5,10,150,12,0.06794340091829075
540,5,10,150,12,0.0
541,5,10,150,12,0.05306340617755807
542,5,10,150,12,0.19635793579928928
543,5,10,150,12,0.0
544,5,10,150,12,0.0
545,5,10,150,12,0.0845667599404342
546,5,10,150,12,0.12388806404564567
547,5,10,150,12,0.0
548,5,10,150,12,0.0
549,5,10,150,12,0.0
550,5,10,150,12,0.0
551,5,10,150,12,0.34637734100615325
552,5,10,150,12,0.0
553,5,10,150,12,0.0
554,5,10,150,12,0.22206703194529032
555,5,10,150,12,0.0
556,5,10,150,12,0.0
557,5,10,150,12,0.0
558,5,10,150,12,0.0
559,5,10,150,12,0.0845667599404342
560,5,10,150,12,0.19984968273238063
561,5,10,150,12,0.0
562,5,10,150,12,0.0
563,5,10,150,12,0.0
564,5,10,150,12,0.0
565,5,10,150,12,0.0
566,5,10,150,12,0.26179371475520347
567,5,10,150,12,0.12105366058507118
568,5,10,150,12,0.0
569,5,10,150,12,0.0
570,5,10,150,12,0.0
571,5,10,150,12,0.0
572,5,10,150,12,0.0
573,5,10,150,12,0.0
574,5,10,150,12,0.0
575,5,10,150,12,0.0
576,5,10,150,12,0.17342765698823945
577,5,10,150,12,0.2652149965940404
578,5,10,150,12,0.0
579,5,10,150,12,0.0
580,5,10,150,12,0.10209739512291163
581,5,10,150,12,0.0
582,5,10,150,12,0.0
583,5,10,150,12,0.0
584,5,10,150,12,0.0
585,5,10,150,12,0.0
586,5,10,150,12,0.09817896789964464
587,5,10,150,12,0.0
588,5,10,150,12,0.3317546890431215
589,5,10,150,12,0.0
590,5,10,150,12,0.09817896789964464
591,5,10,150,12,0.19635793579928928
592,5,10,150,12,0.1858320960684685
593,5,10,150,12,0.19635793579928928
594,5,10,150,12,0.0843142342558857
595,5,10,150,12,0.0
596,5,10,150,12,0.0
597,5,10,150,12,0.0
598,5,10,150,12,0.11752277470724268
599,5,10,150,12,0.0
600,5,10,150,12,0.0
601,5,10,150,12,0.0
602,5,10,150,12,0.0
603,5,10,150,12,0.06194403202282284
604,5,10,150,12,0.0
605,5,10,150,12,0.0
606,5,10,150,12,0.12388806404564567
607,5,10,150,12,0.0
608,5,10,150,12,0.06194403202282284
609,5,10,150,12,0.11838279295536291
610,5,10,150,12,0.0
611,5,10,150,12,0.0
612,5,10,150,12,0.0
613,5,10,150,12,0.15130120674940672
614,5,10,150,12,0.13886244387355454
615,5,10,150,12,0.0
616,5,10,150,12,0.0
617,5,10,150,12,0.06994410797740244
618,5,10,150,12,0.32285719688734116
619,5,10,150,12,0.0845667599404342
620,5,10,150,12,0.0
621,5,10,150,12,0.19635793579928928
622,5,10,150,12,0.23609510745046786
623,5,10,150,12,0.0
624,5,10,150,12,0.0
625,5,10,150,12,0.0
626,5,10,150,12,0.0
627,5,10,150,12,0.056760172607960534
628,5,10,150,12,0.0
629,5,10,150,12,0.059109628562248356
630,5,10,150,12,0.12388806404564567
631,5,10,150,12,0.0
632,5,10,150,12,0.3750186608587642
633,5,10,150,12,0.056760172607960534
634,5,10,150,12,0.0
635,5,10,150,12,0.0
636,5,10,150,12,0.0
637,5,10,150,12,0.0
638,5,10,150,12,0.0
639,5,10,150,12,0.0
640,5,10,150,12,0.0
641,5,10,150,12,0.0
642,5,10,150,12,0.0
643,5,10,150,12,0.10783606719138729
644,5,10,150,12,0.0
645,5,10,150,12,0.23889550224602657
646,5,10,150,12,0.0
647,5,10,150,12,0.0
648,5,10,150,12,0.06994410797740244
649,5,10,150,12,0.0
650,5,10,150,12,0.0
651,5,10,150,12,0.0
652,5,10,150,12,0.0
653,5,10,150,12,0.06994410797740244
654,5,10,150,12,0.19635793579928928
655,5,10,150,12,0.16893320734776698
656,5,10,150,12,0.0
657,5,10,150,12,0.0
658,5,10,150,12,0.0
659,5,10,150,12,0.0
660,5,10,150,12,0.0
661,5,10,150,12,0.06194403202282284
662,5,10,150,12,0.0
663,5,10,150,12,0.1353967532438322
664,5,10,150,12,0.07596161868673496
665,5,10,150,12,0.0
666,5,10,150,12,0.19635793579928928
667,5,10,150,12,0.19635793579928928
668,5,10,150,12,0.0
669,5,10,150,12,0.3209202096279674
670,5,10,150,12,0.05306340617755807
671,5,10,150,12,0.17695147022320376
672,5,10,150,12,0.0
673,5,10,150,12,0.0
674,5,10,150,12,0.0
675,5,10,150,12,0.0
676,5,10,150,12,0.0
677,5,10,150,12,0.0
678,5,10,150,12,0.0
679,5,10,150,12,0.18650630585150096
680,5,10,150,12,0.2073612289146658
681,5,10,150,12,0.0
682,5,10,150,12,0.23454034777675026
683,5,10,150,12,0.05306340617755807
684,5,10,150,12,0.0
685,5,10,150,12,0.0
686,5,10,150,12,0.06545264526642976
687,5,10,150,12,0.0
688,5,10,150,12,0.0
689,5,10,150,12,0.27487633291429087
690,5,10,150,12,0.0
691,5,10,150,12,0.0
692,5,10,150,12,0.0
693,5,10,150,12,0.0
694,5,10,150,12,0.0
695,5,10,150,12,0.0
696,5,10,150,12,0.0
697,5,10,150,12,0.0845667599404342
698,5,10,150,12,0.19635793579928928
699,5,10,150,12,0.0
700,5,10,150,12,0.16958010263680806
701,5,10,150,12,0.0
702,5,10,150,12,0.0
703,5,10,150,12,0.0
704,5,10,150,12,0.06545264526642976
705,5,10,150,12,0.06194403202282284
706,5,10,150,12,0.0
707,5,10,150,12,0.06994410797740244
708,5,10,150,12,0.0
709,5,10,150,12,0.056760172607960534
710,5,10,150,12,0.09817896789964464
711,5,10,150,12,0.07596161868673496
712,5,10,150,12,0.0
713,5,10,150,12,0.0
714,5,10,150,12,0.0
715,5,10,150,12,0.19383217202304812
716,5,10,150,12,0.1150074382003809
717,5,10,150,12,0.12388806404564567
718,5,10,150,12,0.0
719,5,10,150,12,0.0
720,5,10,150,12,0.0
721,5,10,150,12,0.19635793579928928
722,5,10,150,12,0.0
723,5,10,150,12,0.0
724,5,10,150,12,0.0
725,5,10,150,12,0.0
726,5,10,150,12,0.2529427027676571
727,5,10,150,12,0.1290537365396508
728,5,10,150,12,0.0
729,5,10,150,12,0.0
730,5,10,150,12,0.0
731,5,10,150,12,0.0
732,5,10,150,12,0.0
733,5,10,150,12,0.0
734,5,10,150,12,0.056760172607960534
735,5,10,150,12,0.0
736,5,10,150,12,0.0
737,5,10,150,12,0.11004588314904008
738,5,10,150,12,0.5029917276850138
739,5,10,150,12,0.0
740,5,10,150,12,0.0
741,5,10,150,12,0.06545264526642976
742,5,10,150,12,0.0
743,5,10,150,12,0.0
744,5,10,150,12,0.0
745,5,10,150,12,0.4048127597853692
746,5,10,150,12,0.0
747,5,10,150,12,0.41842496774457966
748,5,10,150,12,0.4095443418993149
749,5,10,150,12,0.18749445230852468
750,5,10,150,12,0.0
751,5,10,150,12,0.0
752,5,10,150,12,0.0
753,5,10,150,12,0.1273966772892526
754,5,10,150,12,0.0
755,5,10,150,12,0.0
756,5,10,150,12,0.0
757,5,10,150,12,0.0
758,5,10,150,12,0.18274572784007886
759,5,10,150,12,0.0
760,5,10,150,12,0.0
761,5,10,150,12,0.0
762,5,10,150,12,0.0
763,5,10,150,12,0.34077123657607367
764,5,10,150,12,0.13073427970056417
765,5,10,150,12,0.0
766,5,10,150,12,0.0
767,5,10,150,12,0.2073612289146658
768,5,10,150,12,0.06994410797740244
769,5,10,150,12,0.0
770,5,10,150,12,0.0
771,5,10,150,12,0.0
772,5,10,150,12,0.0
773,5,10,150,12,0.09817896789964464
774,5,10,150,12,0.0
775,5,10,150,12,0.0
776,5,10,150,12,0.09817896789964464
777,5,10,150,12,0.0
778,5,10,150,12,0.0
779,5,10,150,12,0.07596161868673496
780,5,10,150,12,0.0547726610138292
781,5,10,150,12,0.12105366058507118
782,5,10,150,12,0.0
783,5,10,150,12,0.0
784,5,10,150,12,0.0
785,5,10,150,12,0.05306340617755807
786,5,10,150,12,0.19383217202304812
787,5,10,150,12,0.0
788,5,10,150,12,0.39620761853166997
789,5,10,150,12,0.059109628562248356
790,5,10,150,12,0.15451086791783664
791,5,10,150,12,0.0
792,5,10,150,12,0.0
793,5,10,150,12,0.0
794,5,10,150,12,0.1741405865863796
795,5,10,150,12,0.24942134197684737
796,5,10,150,12,0.4750141295202447
797,5,10,150,12,0.0
798,5,10,150,12,0.11851605144398783
799,5,10,150,12,0.0
800,5,10,150,12,0.0
801,5,10,150,12,0.0
802,5,10,150,12,0.05306340617755807
803,5,10,150,12,0.0
804,5,10,150,12,0.19817443656112524
805,5,10,150,12,0.059109628562248356
806,5,10,150,12,0.1158698011702089
807,5,10,150,12,0.06194403202282284
808,5,10,150,12,0.0
809,5,10,150,12,0.0
810,5,10,150,12,0.0
811,5,10,150,12,0.0
812,5,10,150,12,0.0
813,5,10,150,12,0.05306340617755807
814,5,10,150,12,0.07596161868673496
815,5,10,150,12,0.2809246957397235
816,5,10,150,12,0.0
817,5,10,150,12,0.0
818,5,10,150,12,0.0
819,5,10,150,12,0.0
820,5,10,150,12,0.0
821,5,10,150,12,0.12456227382867811
822,5,10,150,12,0.0
823,5,10,150,12,0.2751644467878641
824,5,10,150,12,0.0
825,5,10,150,12,0.07596161868673496
826,5,10,150,12,0.06994410797740244
827,5,10,150,12,0.0
828,5,10,150,12,0.0845667599404342
829,5,10,150,12,0.11870420463078338
830,5,10,150,12,0.0
831,5,10,150,12,0.157288596461893
832,5,10,150,12,0.0
833,5,10,150,12,0.3053650056448378
834,5,10,150,12,0.0
835,5,10,150,12,0.056760172607960534
836,5,10,150,12,0.0
837,5,10,150,12,0.0
838,5,10,150,12,0.056760172607960534
839,5,10,150,12,0.0
840,5,10,150,12,0.29436589286663856
841,5,10,150,12,0.0
842,5,10,150,12,0.0
843,5,10,150,12,0.20845482398607987
844,5,10,150,12,0.2675644525483282
845,5,10,150,12,0.0
846,5,10,150,12,0.3017018972386774
847,5,10,150,12,0.0
848,5,10,150,12,0.0
849,5,10,150,12,0.0
850,5,10,150,12,0.0
851,5,10,150,12,0.4395907562345087
852,5,10,150,12,0.0
853,5,10,150,12,0.0
854,5,10,150,12,0.19383217202304812
855,5,10,150,12,0.0
856,5,10,150,12,0.0
857,5,10,150,12,0.0
858,5,10,150,12,0.0
859,5,10,150,12,0.0
860,5,10,150,12,0.0
861,5,10,150,12,0.15295162891347386
862,5,10,150,12,0.07596161868673496
863,5,10,150,12,0.0
864,5,10,150,12,0.24060475708229773
865,5,10,150,12,0.0
866,5,10,150,12,0.0
867,5,10,150,12,0.4175444178538944
868,5,10,150,12,0.1924028271318215
869,5,10,150,12,0.0
870,5,10,150,12,0.14132693254839473
871,5,10,150,12,0.12388806404564567
872,5,10,150,12,0.0
873,5,10,150,12,0.0
874,5,10,150,12,0.0
875,5,10,150,12,0.3165663757690326
876,5,10,150,12,0.0
877,5,10,150,12,0.07596161868673496
878,5,10,150,12,0.0
879,5,10,150,12,0.05306340617755807
880,5,10,150,12,0.6270848579022598
881,5,10,150,12,0.4935347123027519
882,5,10,150,12,0.40393220989468404
883,5,10,150,12,0.3614064528995537
884,5,10,150,12,0.0
885,5,10,150,12,0.1804600834668107
886,5,10,150,12,0.4663045145072754
887,5,10,150,12,0.07596161868673496
888,5,10,150,12,0.0
889,5,10,150,12,0.48904328550501447
890,5,10,150,12,0.39620761853166997
891,5,10,150,12,0.0
892,5,10,150,12,0.49497346480957694
893,5,10,150,12,0.0547726610138292
894,5,10,150,12,0.3986242382437413
895,5,10,150,12,0.0
896,5,10,150,12,0.5852728432521799
897,5,10,150,12,0.09817896789964464
898,5,10,150,12,0.0
899,5,10,150,12,0.32024599984493496
900,5,10,150,12,0.06545264526642976
901,5,10,150,12,0.44104769566219093
902,5,10,150,12,0.0
903,5,10,150,12,0.5921190589070984
904,5,10,150,12,0.0
905,5,10,150,12,0.1327217912946955
906,5,10,150,12,0.0
907,5,10,150,12,0.32024599984493496
908,5,10,150,12,0.20067838767796659
909,5,10,150,12,0.0
910,5,10,150,12,0.2529130889099387
911,5,10,150,12,0.0
912,5,10,150,12,0.09817896789964464
913,5,10,150,12,0.17582632159890038
914,5,10,150,12,0.0
915,5,10,150,12,0.0
916,5,10,150,12,0.38818935565623314
917,5,10,150,12,0.0
918,5,10,150,12,0.0
919,5,10,150,12,0.222472410649992
920,5,10,150,12,0.0
921,5,10,150,12,0.07596161868673496
922,5,10,150,12,0.056760172607960534
923,5,10,150,12,0.0547726610138292
924,5,10,150,12,0.059109628562248356
925,5,10,150,12,0.056760172607960534
926,5,10,150,12,0.05306340617755807
927,5,10,150,12,0.056760172607960534
928,5,10,150,12,0.0845667599404342
929,5,10,150,12,0.09817896789964464
930,5,10,150,12,0.09817896789964464
931,5,10,150,12,0.0
932,5,10,150,12,0.3512970763068945
933,5,10,150,12,0.10982357878551863
934,5,10,150,12,0.0
935,5,10,150,12,0.0
936,5,10,150,12,0.19635793579928928
937,5,10,150,12,0.12902502486429304
938,5,10,150,12,0.12300751415496051
939,5,10,150,12,0.06194403202282284
940,5,10,150,12,0.1158698011702089
941,5,10,150,12,0.19635793579928928
942,5,10,150,12,0.0
943,5,10,150,12,0.45506528232610305
1,5,10,150,13,0.5505591812421098
2,5,10,150,13,0.0
3,5,10,150,13,0.0
4,5,10,150,13,0.0
5,5,10,150,13,0.0
6,5,10,150,13,0.0
7,5,10,150,13,0.05046096657376444
8,5,10,150,13,0.0
9,5,10,150,13,0.0
10,5,10,150,13,0.2632623779551011
11,5,10,150,13,0.0
12,5,10,150,13,0.0
13,5,10,150,13,0.3585162965715199
14,5,10,150,13,0.18795160328752808
15,5,10,150,13,0.0
16,5,10,150,13,0.061734604266276284
17,5,10,150,13,0.0
18,5,10,150,13,0.12269712662376689
19,5,10,150,13,0.0
20,5,10,150,13,0.13743816645714543
21,5,10,150,13,0.11781210270929884
22,5,10,150,13,0.0
23,5,10,150,13,0.06541518452970234
24,5,10,150,13,0.0
25,5,10,150,13,0.23940867474021393
26,5,10,150,13,0.0
27,5,10,150,13,0.0
28,5,10,150,13,0.0
30,5,10,150,13,0.0
31,5,10,150,13,0.0
32,5,10,150,13,0.19519002499605084
33,5,10,150,13,0.0
34,5,10,150,13,0.0
35,5,10,150,13,0.0
37,5,10,150,13,0.08177471774917201
38,5,10,150,13,0.0
39,5,10,150,13,0.0
40,5,10,150,13,0.0
41,5,10,150,13,0.06835476917178976
42,5,10,150,13,0.0
43,5,10,150,13,0.0
44,5,10,150,13,0.049043960636177025
45,5,10,150,13,0.0
46,5,10,150,13,0.0
47,5,10,150,13,0.0
48,5,10,150,13,0.0
49,5,10,150,13,0.05397642893687311
52,5,10,150,13,0.0
53,5,10,150,13,0.0
54,5,10,150,13,0.0
55,5,10,150,13,0.0
56,5,10,150,13,0.11781210270929884
57,5,10,150,13,0.0
58,5,10,150,13,0.25546756436153767
59,5,10,150,13,0.18672776492534796
60,5,10,150,13,0.06541518452970234
61,5,10,150,13,0.0
62,5,10,150,13,0.11781210270929884
63,5,10,150,13,0.0
64,5,10,150,13,0.052086392783128294
65,5,10,150,13,0.12647135138382856
66,5,10,150,13,0.0
67,5,10,150,13,0.0
68,5,10,150,13,0.0
69,5,10,150,13,0.0
70,5,10,150,13,0.0
71,5,10,150,13,0.0
72,5,10,150,13,0.06362078819895171
73,5,10,150,13,0.0
74,5,10,150,13,0.0
75,5,10,150,13,0.0
76,5,10,150,13,0.10633668103022985
77,5,10,150,13,0.0
78,5,10,150,13,0.0
79,5,10,150,13,0.0
80,5,10,150,13,0.0
81,5,10,150,13,0.0
82,5,10,150,13,0.0
83,5,10,150,13,0.07414861528507455
84,5,10,150,13,0.0
85,5,10,150,13,0.05397642893687311
86,5,10,150,13,0.0
87,5,10,150,13,0.05397642893687311
88,5,10,150,13,0.0
89,5,10,150,13,0.0
90,5,10,150,13,0.0665137718990262
91,5,10,150,13,0.0
92,5,10,150,13,0.05890605135464942
93,5,10,150,13,0.0
94,5,10,150,13,0.052086392783128294
95,5,10,150,13,0.0665137718990262
96,5,10,150,13,0.0
97,5,10,150,13,0.0
98,5,10,150,13,0.0
99,5,10,150,13,0.0
100,5,10,150,13,0.0
101,5,10,150,13,0.0
102,5,10,150,13,0.0
103,5,10,150,13,0.0
104,5,10,150,13,0.27487633291429087
105,5,10,150,13,0.0
106,5,10,150,13,0.0
107,5,10,150,13,0.0
109,5,10,150,13,0.20355096966536948
110,5,10,150,13,0.0
111,5,10,150,13,0.0
112,5,10,150,13,0.0
113,5,10,150,13,0.0
114,5,10,150,13,0.08274602130532002
115,5,10,150,13,0.0
116,5,10,150,13,0.0
117,5,10,150,13,0.0
118,5,10,150,13,0.16958010263680806
119,5,10,150,13,0.0
120,5,10,150,13,0.0
121,5,10,150,13,0.13032376591037062
122,5,10,150,13,0.0
123,5,10,150,13,0.0
124,5,10,150,13,0.0
125,5,10,150,13,0.05446333035917803
126,5,10,150,13,0.0
128,5,10,150,13,0.0
129,5,10,150,13,0.0
130,5,10,150,13,0.11781210270929884
131,5,10,150,13,0.0
132,5,10,150,13,0.0
133,5,10,150,13,0.0
134,5,10,150,13,0.0
135,5,10,150,13,0.0
136,5,10,150,13,0.0
137,5,10,150,13,0.0
138,5,10,150,13,0.0
139,5,10,150,13,0.0
140,5,10,150,13,0.0
141,5,10,150,13,0.0
142,5,10,150,13,0.0
143,5,10,150,13,0.0
144,5,10,150,13,0.0
145,5,10,150,13,0.1737831535574605
146,5,10,150,13,0.0
147,5,10,150,13,0.0
148,5,10,150,13,0.0
149,5,10,150,13,0.0
150,5,10,150,13,0.2640681225725909
151,5,10,150,13,0.0
152,5,10,150,13,0.0
153,5,10,150,13,0.0
154,5,10,150,13,0.0
155,5,10,150,13,0.0
156,5,10,150,13,0.0
157,5,10,150,13,0.0
158,5,10,150,13,0.052086392783128294
159,5,10,150,13,0.25324153682437417
160,5,10,150,13,0.12388806404564567
161,5,10,150,13,0.0
162,5,10,150,13,0.0
163,5,10,150,13,0.0
164,5,10,150,13,0.0
165,5,10,150,13,0.0
167,5,10,150,13,0.0
168,5,10,150,13,0.0
169,5,10,150,13,0.0
170,5,10,150,13,0.0
171,5,10,150,13,0.0
173,5,10,150,13,0.0
174,5,10,150,13,0.0
175,5,10,150,13,0.07947838320659593
176,5,10,150,13,0.0
177,5,10,150,13,0.38113435412202
178,5,10,150,13,0.08041927109478651
179,5,10,150,13,0.0
180,5,10,150,13,0.0
181,5,10,150,13,0.062242588308449316
182,5,10,150,13,0.0
183,5,10,150,13,0.15101961822780524
184,5,10,150,13,0.0
185,5,10,150,13,0.0
186,5,10,150,13,0.0
187,5,10,150,13,0.0
188,5,10,150,13,0.07428207290250749
189,5,10,150,13,0.08041927109478651
190,5,10,150,13,0.0
192,5,10,150,13,0.123151194370365
193,5,10,150,13,0.0
194,5,10,150,13,0.0
195,5,10,150,13,0.0
196,5,10,150,13,0.0
197,5,10,150,13,0.09546043308946733
198,5,10,150,13,0.0
199,5,10,150,13,0.0
200,5,10,150,13,0.09785159463516042
201,5,10,150,13,0.0
202,5,10,150,13,0.0
203,5,10,150,13,0.0
204,5,10,150,13,0.19519002499605084
205,5,10,150,13,0.0
206,5,10,150,13,0.0
207,5,10,150,13,0.0
208,5,10,150,13,0.0
209,5,10,150,13,0.0
210,5,10,150,13,0.0
211,5,10,150,13,0.0
213,5,10,150,13,0.0
214,5,10,150,13,0.0
216,5,10,150,13,0.19635793579928928
217,5,10,150,13,0.0
218,5,10,150,13,0.0
219,5,10,150,13,0.0
221,5,10,150,13,0.0
222,5,10,150,13,0.12114863966309874
223,5,10,150,13,0.0
224,5,10,150,13,0.0
225,5,10,150,13,0.0
226,5,10,150,13,0.19092086617893467
227,5,10,150,13,0.0
228,5,10,150,13,0.0
229,5,10,150,13,0.0
230,5,10,150,13,0.0
231,5,10,150,13,0.0
232,5,10,150,13,0.0
233,5,10,150,13,0.13886244387355454
234,5,10,150,13,0.0
235,5,10,150,13,0.0
236,5,10,150,13,0.0
237,5,10,150,13,0.19342640361727081
238,5,10,150,13,0.0
239,5,10,150,13,0.06912040963822193
240,5,10,150,13,0.0
241,5,10,150,13,0.0
242,5,10,150,13,0.0
243,5,10,150,13,0.0
244,5,10,150,13,0.05890605135464942
245,5,10,150,13,0.0
246,5,10,150,13,0.0665137718990262
247,5,10,150,13,0.0
248,5,10,150,13,0.0
249,5,10,150,13,0.0
250,5,10,150,13,0.0
251,5,10,150,13,0.13032376591037062
252,5,10,150,13,0.0
253,5,10,150,13,0.0
254,5,10,150,13,0.08514311764162098
255,5,10,150,13,0.0
256,5,10,150,13,0.0
257,5,10,150,13,0.0
258,5,10,150,13,0.0
259,5,10,150,13,0.0
260,5,10,150,13,0.0
261,5,10,150,13,0.0
262,5,10,150,13,0.0
263,5,10,150,13,0.0
264,5,10,150,13,0.0
265,5,10,150,13,0.0
266,5,10,150,13,0.0
267,5,10,150,13,0.07223616005000244
268,5,10,150,13,0.05890605135464942
269,5,10,150,13,0.08041927109478651
270,5,10,150,13,0.0
271,5,10,150,13,0.09336388246267398
272,5,10,150,13,0.0
273,5,10,150,13,0.0
274,5,10,150,13,0.0
275,5,10,150,13,0.0
276,5,10,150,13,0.18672776492534796
277,5,10,150,13,0.0
278,5,10,150,13,0.0
279,5,10,150,13,0.11781210270929884
280,5,10,150,13,0.18672776492534796
281,5,10,150,13,0.0
282,5,10,150,13,0.0
283,5,10,150,13,0.0
284,5,10,150,13,0.0
285,5,10,150,13,0.0
286,5,10,150,13,0.0
287,5,10,150,13,0.0
288,5,10,150,13,0.0
289,5,10,150,13,0.0
290,5,10,150,13,0.07834851647149511
291,5,10,150,13,0.049043960636177025
292,5,10,150,13,0.0
293,5,10,150,13,0.11781210270929884
294,5,10,150,13,0.0
295,5,10,150,13,0.11752277470724268
296,5,10,150,13,0.09336388246267398
297,5,10,150,13,0.0
298,5,10,150,13,0.0
299,5,10,150,13,0.0
300,5,10,150,13,0.0
301,5,10,150,13,0.0
302,5,10,150,13,0.0
303,5,10,150,13,0.0
304,5,10,150,13,0.0
305,5,10,150,13,0.13447874835845175
306,5,10,150,13,0.0
307,5,10,150,13,0.10778915452451093
308,5,10,150,13,0.1849670184732979
310,5,10,150,13,0.0
311,5,10,150,13,0.09336388246267398
312,5,10,150,13,0.0
313,5,10,150,13,0.05397642893687311
314,5,10,150,13,0.2111759851719728
315,5,10,150,13,0.0
316,5,10,150,13,0.0
317,5,10,150,13,0.0
318,5,10,150,13,0.0
319,5,10,150,13,0.0
320,5,10,150,13,0.13927874459665815
321,5,10,150,13,0.0
322,5,10,150,13,0.0
323,5,10,150,13,0.1610425878239398
324,5,10,150,13,0.0
325,5,10,150,13,0.09092803061897883
326,5,10,150,13,0.0
327,5,10,150,13,0.0
328,5,10,150,13,0.09336388246267398
329,5,10,150,13,0.0
330,5,10,150,13,0.0
331,5,10,150,13,0.0
332,5,10,150,13,0.0
334,5,10,150,13,0.0
335,5,10,150,13,0.0
336,5,10,150,13,0.05890605135464942
337,5,10,150,13,0.0
338,5,10,150,13,0.0
339,5,10,150,13,0.11781210270929884
340,5,10,150,13,0.0
341,5,10,150,13,0.0
342,5,10,150,13,0.3607505259004692
343,5,10,150,13,0.08041927109478651
344,5,10,150,13,0.06994410797740244
345,5,10,150,13,0.11781210270929884
346,5,10,150,13,0.0
347,5,10,150,13,0.26714703602013445
348,5,10,150,13,0.0
349,5,10,150,13,0.0
350,5,10,150,13,0.0
351,5,10,150,13,0.0
352,5,10,150,13,0.0
353,5,10,150,13,0.0
354,5,10,150,13,0.07223616005000244
355,5,10,150,13,0.0
356,5,10,150,13,0.0
357,5,10,150,13,0.0
358,5,10,150,13,0.0
359,5,10,150,13,0.3010299956639812
360,5,10,150,13,0.0
361,5,10,150,13,0.09478836436955078
362,5,10,150,13,0.0
363,5,10,150,13,0.26227809561071014
364,5,10,150,13,0.0
365,5,10,150,13,0.0
366,5,10,150,13,0.0
367,5,10,150,13,0.0
368,5,10,150,13,0.0
369,5,10,150,13,0.0
370,5,10,150,13,0.0
371,5,10,150,13,0.0
372,5,10,150,13,0.15130120674940672
373,5,10,150,13,0.0
374,5,10,150,13,0.05046096657376444
375,5,10,150,13,0.0
376,5,10,150,13,0.0
377,5,10,150,13,0.0
378,5,10,150,13,0.24070419386222106
379,5,10,150,13,0.0
380,5,10,150,13,0.0
381,5,10,150,13,0.0
382,5,10,150,13,0.0
383,5,10,150,13,0.0
384,5,10,150,13,0.0
385,5,10,150,13,0.0
386,5,10,150,13,0.0
387,5,10,150,13,0.09336388246267398
388,5,10,150,13,0.0
389,5,10,150,13,0.056210658265822395
390,5,10,150,13,0.0
391,5,10,150,13,0.08041927109478651
392,5,10,150,13,0.11004588314904008
393,5,10,150,13,0.16685606334547587
394,5,10,150,13,0.15265543114478897
395,5,10,150,13,0.0
396,5,10,150,13,0.0
397,5,10,150,13,0.11004588314904008
398,5,10,150,13,0.30532792960750244
399,5,10,150,13,0.0
400,5,10,150,13,0.0
401,5,10,150,13,0.0
402,5,10,150,13,0.0
403,5,10,150,13,0.2529427027676571
404,5,10,150,13,0.0
405,5,10,150,13,0.056210658265822395
406,5,10,150,13,0.07223616005000244
407,5,10,150,13,0.12114863966309874
408,5,10,150,13,0.0
409,5,10,150,13,0.0
410,5,10,150,13,0.0
411,5,10,150,13,0.17342765698823945
412,5,10,150,13,0.0
413,5,10,150,13,0.0
414,5,10,150,13,0.21398626473452756
415,5,10,150,13,0.0
416,5,10,150,13,0.0
417,5,10,150,13,0.05890605135464942
419,5,10,150,13,0.30260241349881345
420,5,10,150,13,0.0
421,5,10,150,13,0.0
422,5,10,150,13,0.0
423,5,10,150,13,0.08440880858250024
424,5,10,150,13,0.0
425,5,10,150,13,0.3244439627909609
426,5,10,150,13,0.0
427,5,10,150,13,0.0
428,5,10,150,13,0.0
429,5,10,150,13,0.25386664156950045
430,5,10,150,13,0.07336392209936005
431,5,10,150,13,0.0
432,5,10,150,13,0.0
433,5,10,150,13,0.0
434,5,10,150,13,0.3903800499921017
435,5,10,150,13,0.17671815406394825
436,5,10,150,13,0.09336388246267398
437,5,10,150,13,0.2673866434377952
438,5,10,150,13,0.0
439,5,10,150,13,0.0
440,5,10,150,13,0.0
441,5,10,150,13,0.0
442,5,10,150,13,0.0
443,5,10,150,13,0.0
445,5,10,150,13,0.0
446,5,10,150,13,0.0
447,5,10,150,13,0.18432587460832503
448,5,10,150,13,0.0
449,5,10,150,13,0.0
450,5,10,150,13,0.21878370571634959
451,5,10,150,13,0.0
452,5,10,150,13,0.049043960636177025
453,5,10,150,13,0.0
454,5,10,150,13,0.0
455,5,10,150,13,0.0
456,5,10,150,13,0.11781210270929884
457,5,10,150,13,0.30945219509019656
458,5,10,150,13,0.0
459,5,10,150,13,0.0
460,5,10,150,13,0.0
461,5,10,150,13,0.0
462,5,10,150,13,0.0
463,5,10,150,13,0.0
464,5,10,150,13,0.0
465,5,10,150,13,0.0
466,5,10,150,13,0.0
467,5,10,150,13,0.0
468,5,10,150,13,0.3542249721357967
469,5,10,150,13,0.0
470,5,10,150,13,0.0
471,5,10,150,13,0.0
472,5,10,150,13,0.052086392783128294
473,5,10,150,13,0.0
474,5,10,150,13,0.3876372368560338
475,5,10,150,13,0.0
476,5,10,150,13,0.0
477,5,10,150,13,0.0
478,5,10,150,13,0.12128012068617947
479,5,10,150,13,0.0
480,5,10,150,13,0.21398626473452756
481,5,10,150,13,0.0
482,5,10,150,13,0.0
483,5,10,150,13,0.06912040963822193
484,5,10,150,13,0.05397642893687311
485,5,10,150,13,0.0
486,5,10,150,13,0.10795001199082645
487,5,10,150,13,0.14266185940323584
488,5,10,150,13,0.0
489,5,10,150,13,0.0
490,5,10,150,13,0.0
491,5,10,150,13,0.19092086617893467
492,5,10,150,13,0.0
493,5,10,150,13,0.0
494,5,10,150,13,0.0
495,5,10,150,13,0.18672776492534796
496,5,10,150,13,0.062242588308449316
497,5,10,150,13,0.0
498,5,10,150,13,0.0
499,5,10,150,13,0.13620526906238073
500,5,10,150,13,0.056210658265822395
501,5,10,150,13,0.0
502,5,10,150,13,0.0
503,5,10,150,13,0.11781210270929884
504,5,10,150,13,0.0
505,5,10,150,13,0.0
506,5,10,150,13,0.0
507,5,10,150,13,0.0
508,5,10,150,13,0.0
509,5,10,150,13,0.0
510,5,10,150,13,0.0
511,5,10,150,13,0.0
512,5,10,150,13,0.0
513,5,10,150,13,0.0
514,5,10,150,13,0.17323503244622704
515,5,10,150,13,0.0
516,5,10,150,13,0.0
517,5,10,150,13,0.0
518,5,10,150,13,0.0
519,5,10,150,13,0.0
520,5,10,150,13,0.0
521,5,10,150,13,0.0
522,5,10,150,13,0.0
523,5,10,150,13,0.0
524,5,10,150,13,0.1060628217200014
525,5,10,150,13,0.0
526,5,10,150,13,0.0
527,5,10,150,13,0.1060628217200014
528,5,10,150,13,0.05780700008370542
529,5,10,150,13,0.0
530,5,10,150,13,0.0
531,5,10,150,13,0.0
532,5,10,150,13,0.0
533,5,10,150,13,0.18005469101774815
534,5,10,150,13,0.0
535,5,10,150,13,0.19286880967261547
536,5,10,150,13,0.31214758817902355
537,5,10,150,13,0.3979037500973208
538,5,10,150,13,0.0
539,5,10,150,13,0.06794340091829075
540,5,10,150,13,0.0
541,5,10,150,13,0.05046096657376444
542,5,10,150,13,0.18672776492534796
543,5,10,150,13,0.0
544,5,10,150,13,0.0
545,5,10,150,13,0.08041927109478651
546,5,10,150,13,0.11781210270929884
547,5,10,150,13,0.0
548,5,10,150,13,0.0
549,5,10,150,13,0.0
550,5,10,150,13,0.0
551,5,10,150,13,0.32938962432858376
552,5,10,150,13,0.0
553,5,10,150,13,0.0
554,5,10,150,13,0.2111759851719728
555,5,10,150,13,0.0
556,5,10,150,13,0.0
557,5,10,150,13,0.0
558,5,10,150,13,0.0
559,5,10,150,13,0.08041927109478651
560,5,10,150,13,0.19004826275930128
561,5,10,150,13,0.0
562,5,10,150,13,0.0
563,5,10,150,13,0.0
564,5,10,150,13,0.0
565,5,10,150,13,0.0
566,5,10,150,13,0.24895431411395066
567,5,10,150,13,0.11511670962047181
568,5,10,150,13,0.0
569,5,10,150,13,0.0
570,5,10,150,13,0.0
571,5,10,150,13,0.0
572,5,10,150,13,0.0
573,5,10,150,13,0.0
574,5,10,150,13,0.0
575,5,10,150,13,0.0
576,5,10,150,13,0.17342765698823945
577,5,10,150,13,0.3012517633771355
578,5,10,150,13,0.0
579,5,10,150,13,0.0
580,5,10,150,13,0.10209739512291163
581,5,10,150,13,0.0
582,5,10,150,13,0.0
583,5,10,150,13,0.0
584,5,10,150,13,0.0
585,5,10,150,13,0.0
586,5,10,150,13,0.09336388246267398
587,5,10,150,13,0.0
588,5,10,150,13,0.3154841251328235
589,5,10,150,13,0.0
590,5,10,150,13,0.09336388246267398
591,5,10,150,13,0.18672776492534796
592,5,10,150,13,0.17671815406394825
593,5,10,150,13,0.18672776492534796
594,5,10,150,13,0.0843142342558857
595,5,10,150,13,0.0
596,5,10,150,13,0.0
597,5,10,150,13,0.0
598,5,10,150,13,0.11752277470724268
599,5,10,150,13,0.0
600,5,10,150,13,0.0
601,5,10,150,13,0.0
602,5,10,150,13,0.0
603,5,10,150,13,0.06194403202282284
604,5,10,150,13,0.0
605,5,10,150,13,0.0
606,5,10,150,13,0.16685606334547587
607,5,10,150,13,0.0
608,5,10,150,13,0.05890605135464942
609,5,10,150,13,0.11838279295536291
610,5,10,150,13,0.0
611,5,10,150,13,0.0
612,5,10,150,13,0.0
613,5,10,150,13,0.15130120674940672
614,5,10,150,13,0.13886244387355454
615,5,10,150,13,0.0
616,5,10,150,13,0.0
617,5,10,150,13,0.0665137718990262
618,5,10,150,13,0.3070230012320919
619,5,10,150,13,0.08041927109478651
620,5,10,150,13,0.049043960636177025
621,5,10,150,13,0.18672776492534796
622,5,10,150,13,0.2735600289304501
623,5,10,150,13,0.0
624,5,10,150,13,0.0
625,5,10,150,13,0.0
626,5,10,150,13,0.0
627,5,10,150,13,0.05397642893687311
628,5,10,150,13,0.0
629,5,10,150,13,0.056210658265822395
630,5,10,150,13,0.11781210270929884
631,5,10,150,13,0.0
632,5,10,150,13,0.35662626041777507
633,5,10,150,13,0.05397642893687311
634,5,10,150,13,0.0
635,5,10,150,13,0.0
636,5,10,150,13,0.0
637,5,10,150,13,0.0
638,5,10,150,13,0.0
639,5,10,150,13,0.0
640,5,10,150,13,0.0
641,5,10,150,13,0.0
642,5,10,150,13,0.049043960636177025
643,5,10,150,13,0.10254735935689274
644,5,10,150,13,0.0
645,5,10,150,13,0.2271791206377127
646,5,10,150,13,0.0
647,5,10,150,13,0.0
648,5,10,150,13,0.0665137718990262
649,5,10,150,13,0.0
650,5,10,150,13,0.0
651,5,10,150,13,0.0
652,5,10,150,13,0.0
653,5,10,150,13,0.0665137718990262
654,5,10,150,13,0.18672776492534796
655,5,10,150,13,0.16064805377645996
656,5,10,150,13,0.0
657,5,10,150,13,0.0
658,5,10,150,13,0.0
659,5,10,150,13,0.0
660,5,10,150,13,0.0
661,5,10,150,13,0.05890605135464942
662,5,10,150,13,0.0
663,5,10,150,13,0.12875636020747552
664,5,10,150,13,0.07223616005000244
665,5,10,150,13,0.0
666,5,10,150,13,0.18672776492534796
667,5,10,150,13,0.19635793579928928
668,5,10,150,13,0.0
669,5,10,150,13,0.3051810114996197
670,5,10,150,13,0.05046096657376444
671,5,10,150,13,0.1682730692830633
672,5,10,150,13,0.0
673,5,10,150,13,0.0
674,5,10,150,13,0.0
675,5,10,150,13,0.0
676,5,10,150,13,0.0
677,5,10,150,13,0.0
678,5,10,150,13,0.0
679,5,10,150,13,0.17735929792892116
680,5,10,150,13,0.2073612289146658
681,5,10,150,13,0.0
682,5,10,150,13,0.22303756019279203
683,5,10,150,13,0.05046096657376444
684,5,10,150,13,0.0
685,5,10,150,13,0.0
686,5,10,150,13,0.062242588308449316
687,5,10,150,13,0.0
688,5,10,150,13,0.0
689,5,10,150,13,0.27487633291429087
690,5,10,150,13,0.0
691,5,10,150,13,0.0
692,5,10,150,13,0.0
693,5,10,150,13,0.0
694,5,10,150,13,0.0
695,5,10,150,13,0.0
696,5,10,150,13,0.0
697,5,10,150,13,0.08041927109478651
698,5,10,150,13,0.18672776492534796
699,5,10,150,13,0.0
700,5,10,150,13,0.16958010263680806
701,5,10,150,13,0.0
702,5,10,150,13,0.0
703,5,10,150,13,0.0
704,5,10,150,13,0.062242588308449316
705,5,10,150,13,0.05890605135464942
706,5,10,150,13,0.0
707,5,10,150,13,0.0665137718990262
708,5,10,150,13,0.0
709,5,10,150,13,0.10302038957305013
710,5,10,150,13,0.09336388246267398
711,5,10,150,13,0.12128012068617947
712,5,10,150,13,0.0
713,5,10,150,13,0.0
714,5,10,150,13,0.0
715,5,10,150,13,0.18432587460832503
716,5,10,150,13,0.10936701792841386
717,5,10,150,13,0.11781210270929884
718,5,10,150,13,0.0
719,5,10,150,13,0.0
720,5,10,150,13,0.0
721,5,10,150,13,0.18672776492534796
722,5,10,150,13,0.0
723,5,10,150,13,0.0
724,5,10,150,13,0.0
725,5,10,150,13,0.0
726,5,10,150,13,0.2529427027676571
727,5,10,150,13,0.1227244301648486
728,5,10,150,13,0.0
729,5,10,150,13,0.0
730,5,10,150,13,0.0
731,5,10,150,13,0.0
732,5,10,150,13,0.0
733,5,10,150,13,0.0
734,5,10,150,13,0.05397642893687311
735,5,10,150,13,0.0
736,5,10,150,13,0.0
737,5,10,150,13,0.11004588314904008
738,5,10,150,13,0.4783230211921073
739,5,10,150,13,0.0
740,5,10,150,13,0.0
741,5,10,150,13,0.062242588308449316
742,5,10,150,13,0.0
743,5,10,150,13,0.0
744,5,10,150,13,0.0
745,5,10,150,13,0.3849591387294333
746,5,10,150,13,0.0
747,5,10,150,13,0.3979037500973208
748,5,10,150,13,0.38945866531643586
749,5,10,150,13,0.17829898177000383
750,5,10,150,13,0.07219614103266732
751,5,10,150,13,0.0
752,5,10,150,13,0.0
753,5,10,150,13,0.12114863966309874
754,5,10,150,13,0.0
755,5,10,150,13,0.0
756,5,10,150,13,0.0
757,5,10,150,13,0.0
758,5,10,150,13,0.1737831535574605
759,5,10,150,13,0.0
760,5,10,150,13,0.0
761,5,10,150,13,0.0
762,5,10,150,13,0.0
763,5,10,150,13,0.37310242609967237
764,5,10,150,13,0.12432255283313073
765,5,10,150,13,0.0
766,5,10,150,13,0.0
767,5,10,150,13,0.2073612289146658
768,5,10,150,13,0.0665137718990262
769,5,10,150,13,0.0
770,5,10,150,13,0.0
771,5,10,150,13,0.0
772,5,10,150,13,0.0
773,5,10,150,13,0.09336388246267398
774,5,10,150,13,0.0
775,5,10,150,13,0.0
776,5,10,150,13,0.14240784309885102
777,5,10,150,13,0.0
778,5,10,150,13,0.0
779,5,10,150,13,0.07223616005000244
780,5,10,150,13,0.052086392783128294
781,5,10,150,13,0.11511670962047181
782,5,10,150,13,0.0
783,5,10,150,13,0.0
784,5,10,150,13,0.0
785,5,10,150,13,0.05046096657376444
786,5,10,150,13,0.18432587460832503
787,5,10,150,13,0.0
788,5,10,150,13,0.3767760276846493
789,5,10,150,13,0.059109628562248356
790,5,10,150,13,0.1469330429938127
791,5,10,150,13,0.0
792,5,10,150,13,0.0
793,5,10,150,13,0.0
794,5,10,150,13,0.16560004251267643
795,5,10,150,13,0.2371887314991124
796,5,10,150,13,0.4517175552504259
797,5,10,150,13,0.0
798,5,10,150,13,0.16174751551839078
799,5,10,150,13,0.0
800,5,10,150,13,0.0
801,5,10,150,13,0.0
802,5,10,150,13,0.05046096657376444
803,5,10,150,13,0.0
804,5,10,150,13,0.18845517729532485
805,5,10,150,13,0.056210658265822395
806,5,10,150,13,0.11018708720269552
807,5,10,150,13,0.10795001199082645
808,5,10,150,13,0.0
809,5,10,150,13,0.0
810,5,10,150,13,0.0
811,5,10,150,13,0.0
812,5,10,150,13,0.0
813,5,10,150,13,0.05046096657376444
814,5,10,150,13,0.07223616005000244
815,5,10,150,13,0.26714703602013445
816,5,10,150,13,0.0
817,5,10,150,13,0.0
818,5,10,150,13,0.0
819,5,10,150,13,0.0
820,5,10,150,13,0.0
821,5,10,150,13,0.11845324657427171
822,5,10,150,13,0.0
823,5,10,150,13,0.2616692924911247
824,5,10,150,13,0.0
825,5,10,150,13,0.07223616005000244
826,5,10,150,13,0.0665137718990262
827,5,10,150,13,0.0
828,5,10,150,13,0.08041927109478651
829,5,10,150,13,0.11288248029152252
830,5,10,150,13,0.0
831,5,10,150,13,0.14957454072849638
832,5,10,150,13,0.0
833,5,10,150,13,0.2903886963283264
834,5,10,150,13,0.0
835,5,10,150,13,0.05397642893687311
836,5,10,150,13,0.0
837,5,10,150,13,0.0
838,5,10,150,13,0.05397642893687311
839,5,10,150,13,0.0
840,5,10,150,13,0.32897298424043103
841,5,10,150,13,0.0
842,5,10,150,13,0.0
843,5,10,150,13,0.19823137380408537
844,5,10,150,13,0.2544420320699078
845,5,10,150,13,0.0
846,5,10,150,13,0.3359492019028208
847,5,10,150,13,0.0
848,5,10,150,13,0.0
849,5,10,150,13,0.0
850,5,10,150,13,0.0
851,5,10,150,13,0.41803148448971617
852,5,10,150,13,0.0
853,5,10,150,13,0.0
854,5,10,150,13,0.23336983524450206
855,5,10,150,13,0.0
856,5,10,150,13,0.0
857,5,10,150,13,0.0
858,5,10,150,13,0.0
859,5,10,150,13,0.0
860,5,10,150,13,0.0
861,5,10,150,13,0.14545027524580229
862,5,10,150,13,0.07223616005000244
863,5,10,150,13,0.0
864,5,10,150,13,0.27784850748325357
865,5,10,150,13,0.0
866,5,10,150,13,0.0
867,5,10,150,13,0.39706638586081255
868,5,10,150,13,0.18296663045167927
869,5,10,150,13,0.049043960636177025
870,5,10,150,13,0.18343966066783665
871,5,10,150,13,0.11781210270929884
872,5,10,150,13,0.0
873,5,10,150,13,0.0
874,5,10,150,13,0.0
875,5,10,150,13,0.30104070689707896
876,5,10,150,13,0.0
877,5,10,150,13,0.07223616005000244
878,5,10,150,13,0.0
879,5,10,150,13,0.05046096657376444
880,5,10,150,13,0.5963301328157586
881,5,10,150,13,0.5183737759361658
882,5,10,150,13,0.3841217744929251
883,5,10,150,13,0.3927256096860647
884,5,10,150,13,0.0
885,5,10,150,13,0.1716096062368632
886,5,10,150,13,0.4434350942533089
887,5,10,150,13,0.07223616005000244
888,5,10,150,13,0.0
889,5,10,150,13,0.46505866586131983
890,5,10,150,13,0.42581998832082635
891,5,10,150,13,0.0
892,5,10,150,13,0.4706980056855039
893,5,10,150,13,0.052086392783128294
894,5,10,150,13,0.42811808743086627
895,5,10,150,13,0.0
896,5,10,150,13,0.6056127056024735
897,5,10,150,13,0.09336388246267398
898,5,10,150,13,0.0
899,5,10,150,13,0.3045398676346468
900,5,10,150,13,0.062242588308449316
901,5,10,150,13,0.4684609304736349
902,5,10,150,13,0.0
903,5,10,150,13,0.6121231557263055
904,5,10,150,13,0.0
905,5,10,150,13,0.12621258898687554
906,5,10,150,13,0.0
907,5,10,150,13,0.3045398676346468
908,5,10,150,13,0.19083632473215692
909,5,10,150,13,0.0
910,5,10,150,13,0.24050922933306573
911,5,10,150,13,0.0
912,5,10,150,13,0.09336388246267398
913,5,10,150,13,0.21624706303977712
914,5,10,150,13,0.0
915,5,10,150,13,0.0
916,5,10,150,13,0.3691510121780459
917,5,10,150,13,0.0
918,5,10,150,13,0.0
919,5,10,150,13,0.21156148249943835
920,5,10,150,13,0.0
921,5,10,150,13,0.07223616005000244
922,5,10,150,13,0.05397642893687311
923,5,10,150,13,0.052086392783128294
924,5,10,150,13,0.056210658265822395
925,5,10,150,13,0.05397642893687311
926,5,10,150,13,0.05306340617755807
927,5,10,150,13,0.05397642893687311
928,5,10,150,13,0.08041927109478651
929,5,10,150,13,0.09336388246267398
930,5,10,150,13,0.09336388246267398
931,5,10,150,13,0.0
932,5,10,150,13,0.33406807632489505
933,5,10,150,13,0.10443739551063756
934,5,10,150,13,0.0
935,5,10,150,13,0.0
936,5,10,150,13,0.18672776492534796
937,5,10,150,13,0.12269712662376689
938,5,10,150,13,0.11697473847279065
939,5,10,150,13,0.05890605135464942
940,5,10,150,13,0.11018708720269552
941,5,10,150,13,0.18672776492534796
942,5,10,150,13,0.0
943,5,10,150,13,0.43274707853281086
1,5,10,150,14,0.5254457787902355
2,5,10,150,14,0.0
3,5,10,150,14,0.0
4,5,10,150,14,0.0
5,5,10,150,14,0.0
6,5,10,150,14,0.0
7,5,10,150,14,0.048159222084064895
8,5,10,150,14,0.0
9,5,10,150,14,0.0
10,5,10,150,14,0.25125383414495533
11,5,10,150,14,0.0
12,5,10,150,14,0.0
13,5,10,150,14,0.3421628066141946
14,5,10,150,14,0.18795160328752808
15,5,10,150,14,0.0
16,5,10,150,14,0.061734604266276284
17,5,10,150,14,0.0
18,5,10,150,14,0.16271473214544174
19,5,10,150,14,0.0
20,5,10,150,14,0.13743816645714543
21,5,10,150,14,0.11243817952384734
22,5,10,150,14,0.0
23,5,10,150,14,0.06541518452970234
24,5,10,150,14,0.0
25,5,10,150,14,0.23940867474021393
26,5,10,150,14,0.0
27,5,10,150,14,0.0
28,5,10,150,14,0.0
30,5,10,150,14,0.0
31,5,10,150,14,0.0
32,5,10,150,14,0.19519002499605084
33,5,10,150,14,0.0
34,5,10,150,14,0.0
35,5,10,150,14,0.0
37,5,10,150,14,0.08177471774917201
38,5,10,150,14,0.0
39,5,10,150,14,0.0
40,5,10,150,14,0.0
41,5,10,150,14,0.06835476917178976
42,5,10,150,14,0.0
43,5,10,150,14,0.0
44,5,10,150,14,0.09242120788633598
45,5,10,150,14,0.0
46,5,10,150,14,0.0
47,5,10,150,14,0.0
48,5,10,150,14,0.0
49,5,10,150,14,0.051514328895695904
52,5,10,150,14,0.0
53,5,10,150,14,0.0
54,5,10,150,14,0.0
55,5,10,150,14,0.0
56,5,10,150,14,0.11781210270929884
57,5,10,150,14,0.0
58,5,10,150,14,0.25546756436153767
59,5,10,150,14,0.22382465412132255
60,5,10,150,14,0.06541518452970234
61,5,10,150,14,0.0
62,5,10,150,14,0.11243817952384734
63,5,10,150,14,0.0
64,5,10,150,14,0.049710505523782283
65,5,10,150,14,0.12647135138382856
66,5,10,150,14,0.0
67,5,10,150,14,0.0
68,5,10,150,14,0.0
69,5,10,150,14,0.0
70,5,10,150,14,0.0
71,5,10,150,14,0.0
72,5,10,150,14,0.06362078819895171
73,5,10,150,14,0.0
74,5,10,150,14,0.0
75,5,10,150,14,0.0
76,5,10,150,14,0.10633668103022985
77,5,10,150,14,0.0
78,5,10,150,14,0.0
79,5,10,150,14,0.0
80,5,10,150,14,0.0
81,5,10,150,14,0.0
82,5,10,150,14,0.0
83,5,10,150,14,0.07414861528507455
84,5,10,150,14,0.0
85,5,10,150,14,0.051514328895695904
86,5,10,150,14,0.0
87,5,10,150,14,0.051514328895695904
88,5,10,150,14,0.0
89,5,10,150,14,0.0
90,5,10,150,14,0.0634797890335986
91,5,10,150,14,0.0
92,5,10,150,14,0.05621908976192367
93,5,10,150,14,0.0
94,5,10,150,14,0.09532486145045346
95,5,10,150,14,0.0634797890335986
96,5,10,150,14,0.0
97,5,10,150,14,0.0
98,5,10,150,14,0.0
99,5,10,150,14,0.0
100,5,10,150,14,0.0
101,5,10,150,14,0.0
102,5,10,150,14,0.0
103,5,10,150,14,0.0
104,5,10,150,14,0.27487633291429087
105,5,10,150,14,0.0
106,5,10,150,14,0.0
107,5,10,150,14,0.0
109,5,10,150,14,0.19426612328583429
110,5,10,150,14,0.0
111,5,10,150,14,0.0
112,5,10,150,14,0.0
113,5,10,150,14,0.0
114,5,10,150,14,0.08274602130532002
115,5,10,150,14,0.0
116,5,10,150,14,0.0
117,5,10,150,14,0.0
118,5,10,150,14,0.16958010263680806
119,5,10,150,14,0.0
120,5,10,150,14,0.0
121,5,10,150,14,0.13032376591037062
122,5,10,150,14,0.0
123,5,10,150,14,0.0
124,5,10,150,14,0.0
125,5,10,150,14,0.05446333035917803
126,5,10,150,14,0.0
128,5,10,150,14,0.0
129,5,10,150,14,0.0
130,5,10,150,14,0.11243817952384734
131,5,10,150,14,0.0
132,5,10,150,14,0.0
133,5,10,150,14,0.0
134,5,10,150,14,0.0
135,5,10,150,14,0.0
136,5,10,150,14,0.0
137,5,10,150,14,0.0
138,5,10,150,14,0.0
139,5,10,150,14,0.0
140,5,10,150,14,0.0
141,5,10,150,14,0.0
142,5,10,150,14,0.0
143,5,10,150,14,0.0
144,5,10,150,14,0.0
145,5,10,150,14,0.16585614693703116
146,5,10,150,14,0.0
147,5,10,150,14,0.0
148,5,10,150,14,0.0
149,5,10,150,14,0.0
150,5,10,150,14,0.2640681225725909
151,5,10,150,14,0.0
152,5,10,150,14,0.0
153,5,10,150,14,0.0
154,5,10,150,14,0.0
155,5,10,150,14,0.0
156,5,10,150,14,0.0
157,5,10,150,14,0.0
158,5,10,150,14,0.049710505523782283
159,5,10,150,14,0.24169008722824994
160,5,10,150,14,0.12388806404564567
161,5,10,150,14,0.0
162,5,10,150,14,0.0
163,5,10,150,14,0.0
164,5,10,150,14,0.0
165,5,10,150,14,0.0
167,5,10,150,14,0.0
168,5,10,150,14,0.0
169,5,10,150,14,0.0
170,5,10,150,14,0.0
171,5,10,150,14,0.0
173,5,10,150,14,0.0
174,5,10,150,14,0.0
175,5,10,150,14,0.07947838320659593
176,5,10,150,14,0.0
177,5,10,150,14,0.38113435412202
178,5,10,150,14,0.07675099783970546
179,5,10,150,14,0.0
180,5,10,150,14,0.0
181,5,10,150,14,0.05940343273155045
182,5,10,150,14,0.0
183,5,10,150,14,0.15101961822780524
184,5,10,150,14,0.0
185,5,10,150,14,0.0
186,5,10,150,14,0.0
187,5,10,150,14,0.0
188,5,10,150,14,0.07428207290250749
189,5,10,150,14,0.07675099783970546
190,5,10,150,14,0.0
192,5,10,150,14,0.123151194370365
193,5,10,150,14,0.0
194,5,10,150,14,0.0
195,5,10,150,14,0.0
196,5,10,150,14,0.0
197,5,10,150,14,0.09546043308946733
198,5,10,150,14,0.0
199,5,10,150,14,0.0
200,5,10,150,14,0.09785159463516042
201,5,10,150,14,0.0
202,5,10,150,14,0.0
203,5,10,150,14,0.0
204,5,10,150,14,0.19519002499605084
205,5,10,150,14,0.0
206,5,10,150,14,0.0
207,5,10,150,14,0.0
208,5,10,150,14,0.0
209,5,10,150,14,0.0
210,5,10,150,14,0.0
211,5,10,150,14,0.0
213,5,10,150,14,0.0
214,5,10,150,14,0.0
216,5,10,150,14,0.19635793579928928
217,5,10,150,14,0.0
218,5,10,150,14,0.0
219,5,10,150,14,0.0
221,5,10,150,14,0.0
222,5,10,150,14,0.11562252249347413
223,5,10,150,14,0.0
224,5,10,150,14,0.0
225,5,10,150,14,0.0
226,5,10,150,14,0.19092086617893467
227,5,10,150,14,0.0
228,5,10,150,14,0.0
229,5,10,150,14,0.0
230,5,10,150,14,0.0
231,5,10,150,14,0.0
232,5,10,150,14,0.0
233,5,10,150,14,0.13886244387355454
234,5,10,150,14,0.0
235,5,10,150,14,0.0
236,5,10,150,14,0.0
237,5,10,150,14,0.19342640361727081
238,5,10,150,14,0.0
239,5,10,150,14,0.06912040963822193
240,5,10,150,14,0.0
241,5,10,150,14,0.0
242,5,10,150,14,0.0
243,5,10,150,14,0.0
244,5,10,150,14,0.05621908976192367
245,5,10,150,14,0.0
246,5,10,150,14,0.0634797890335986
247,5,10,150,14,0.0
248,5,10,150,14,0.0
249,5,10,150,14,0.0
250,5,10,150,14,0.0
251,5,10,150,14,0.13032376591037062
252,5,10,150,14,0.0
253,5,10,150,14,0.0
254,5,10,150,14,0.08514311764162098
255,5,10,150,14,0.0
256,5,10,150,14,0.0
257,5,10,150,14,0.0
258,5,10,150,14,0.0
259,5,10,150,14,0.0
260,5,10,150,14,0.0
261,5,10,150,14,0.0
262,5,10,150,14,0.0
263,5,10,150,14,0.0
264,5,10,150,14,0.0
265,5,10,150,14,0.0
266,5,10,150,14,0.0
267,5,10,150,14,0.06894115413470564
268,5,10,150,14,0.05621908976192367
269,5,10,150,14,0.07675099783970546
270,5,10,150,14,0.0
271,5,10,150,14,0.13471950502399685
272,5,10,150,14,0.0
273,5,10,150,14,0.0
274,5,10,150,14,0.0
275,5,10,150,14,0.0
276,5,10,150,14,0.22382465412132255
277,5,10,150,14,0.0
278,5,10,150,14,0.0
279,5,10,150,14,0.11243817952384734
280,5,10,150,14,0.17821029819465137
281,5,10,150,14,0.0
282,5,10,150,14,0.0
283,5,10,150,14,0.0
284,5,10,150,14,0.0
285,5,10,150,14,0.0
286,5,10,150,14,0.0
287,5,10,150,14,0.0
288,5,10,150,14,0.0
289,5,10,150,14,0.0
290,5,10,150,14,0.07834851647149511
291,5,10,150,14,0.046806851959664796
292,5,10,150,14,0.0
293,5,10,150,14,0.11243817952384734
294,5,10,150,14,0.0
295,5,10,150,14,0.11752277470724268
296,5,10,150,14,0.08910514909732568
297,5,10,150,14,0.0
298,5,10,150,14,0.0
299,5,10,150,14,0.0
300,5,10,150,14,0.0
301,5,10,150,14,0.04561435592667119
302,5,10,150,14,0.0
303,5,10,150,14,0.0
304,5,10,150,14,0.0
305,5,10,150,14,0.12834458686625608
306,5,10,150,14,0.0
307,5,10,150,14,0.10778915452451093
308,5,10,150,14,0.17652986705796175
310,5,10,150,14,0.0
311,5,10,150,14,0.08910514909732568
312,5,10,150,14,0.0
313,5,10,150,14,0.051514328895695904
314,5,10,150,14,0.20154332862117302
315,5,10,150,14,0.0
316,5,10,150,14,0.0
317,5,10,150,14,0.0
318,5,10,150,14,0.0
319,5,10,150,14,0.0
320,5,10,150,14,0.13927874459665815
321,5,10,150,14,0.0
322,5,10,150,14,0.0
323,5,10,150,14,0.1610425878239398
324,5,10,150,14,0.0
325,5,10,150,14,0.09092803061897883
326,5,10,150,14,0.0
327,5,10,150,14,0.0
328,5,10,150,14,0.08910514909732568
329,5,10,150,14,0.0
330,5,10,150,14,0.0
331,5,10,150,14,0.0
332,5,10,150,14,0.0
334,5,10,150,14,0.0
335,5,10,150,14,0.0
336,5,10,150,14,0.05621908976192367
337,5,10,150,14,0.0
338,5,10,150,14,0.0
339,5,10,150,14,0.11243817952384734
340,5,10,150,14,0.0
341,5,10,150,14,0.0
342,5,10,150,14,0.34429512301131143
343,5,10,150,14,0.07675099783970546
344,5,10,150,14,0.1202034973803211
345,5,10,150,14,0.11243817952384734
346,5,10,150,14,0.04561435592667119
347,5,10,150,14,0.25496129603435685
348,5,10,150,14,0.0
349,5,10,150,14,0.0
350,5,10,150,14,0.0
351,5,10,150,14,0.0
352,5,10,150,14,0.0
353,5,10,150,14,0.0
354,5,10,150,14,0.06894115413470564
355,5,10,150,14,0.0
356,5,10,150,14,0.0
357,5,10,150,14,0.0
358,5,10,150,14,0.0
359,5,10,150,14,0.3010299956639812
360,5,10,150,14,0.0
361,5,10,150,14,0.09478836436955078
362,5,10,150,14,0.0
363,5,10,150,14,0.2959288051324249
364,5,10,150,14,0.0
365,5,10,150,14,0.0
366,5,10,150,14,0.0
367,5,10,150,14,0.0
368,5,10,150,14,0.0
369,5,10,150,14,0.0
370,5,10,150,14,0.0
371,5,10,150,14,0.0
372,5,10,150,14,0.15130120674940672
373,5,10,150,14,0.0
374,5,10,150,14,0.048159222084064895
375,5,10,150,14,0.0
376,5,10,150,14,0.0
377,5,10,150,14,0.0
378,5,10,150,14,0.22972462709034727
379,5,10,150,14,0.0
380,5,10,150,14,0.0
381,5,10,150,14,0.0
382,5,10,150,14,0.0
383,5,10,150,14,0.0
384,5,10,150,14,0.0
385,5,10,150,14,0.0
386,5,10,150,14,0.0
387,5,10,150,14,0.08910514909732568
388,5,10,150,14,0.0
389,5,10,150,14,0.0536466452928127
390,5,10,150,14,0.0
391,5,10,150,14,0.12236535376637665
392,5,10,150,14,0.11004588314904008
393,5,10,150,14,0.15924503148351213
394,5,10,150,14,0.14569215197441113
395,5,10,150,14,0.0
396,5,10,150,14,0.0
397,5,10,150,14,0.11004588314904008
398,5,10,150,14,0.29140059275203223
399,5,10,150,14,0.0
400,5,10,150,14,0.0
401,5,10,150,14,0.0
402,5,10,150,14,0.0
403,5,10,150,14,0.2529427027676571
404,5,10,150,14,0.0
405,5,10,150,14,0.0536466452928127
406,5,10,150,14,0.06894115413470564
407,5,10,150,14,0.11562252249347413
408,5,10,150,14,0.0
409,5,10,150,14,0.0
410,5,10,150,14,0.0
411,5,10,150,14,0.17342765698823945
412,5,10,150,14,0.0
413,5,10,150,14,0.0
414,5,10,150,14,0.21398626473452756
415,5,10,150,14,0.0
416,5,10,150,14,0.0
417,5,10,150,14,0.05621908976192367
419,5,10,150,14,0.30260241349881345
420,5,10,150,14,0.0
421,5,10,150,14,0.0
422,5,10,150,14,0.0
423,5,10,150,14,0.08440880858250024
424,5,10,150,14,0.0
425,5,10,150,14,0.3096446603939544
426,5,10,150,14,0.0
427,5,10,150,14,0.0
428,5,10,150,14,0.0
429,5,10,150,14,0.2422866782230406
430,5,10,150,14,0.07336392209936005
431,5,10,150,14,0.0
432,5,10,150,14,0.0
433,5,10,150,14,0.0
434,5,10,150,14,0.3903800499921017
435,5,10,150,14,0.16865726928577102
436,5,10,150,14,0.08910514909732568
437,5,10,150,14,0.25518997391398573
438,5,10,150,14,0.0
439,5,10,150,14,0.0
440,5,10,150,14,0.0
441,5,10,150,14,0.0
442,5,10,150,14,0.0
443,5,10,150,14,0.0
445,5,10,150,14,0.0
446,5,10,150,14,0.0
447,5,10,150,14,0.17591796855744593
448,5,10,150,14,0.0
449,5,10,150,14,0.0
450,5,10,150,14,0.2544183838195191
451,5,10,150,14,0.0
452,5,10,150,14,0.046806851959664796
453,5,10,150,14,0.0
454,5,10,150,14,0.0
455,5,10,150,14,0.0
456,5,10,150,14,0.11243817952384734
457,5,10,150,14,0.34095108844773386
458,5,10,150,14,0.0
459,5,10,150,14,0.0
460,5,10,150,14,0.0
461,5,10,150,14,0.0
462,5,10,150,14,0.0
463,5,10,150,14,0.0
464,5,10,150,14,0.0
465,5,10,150,14,0.0
466,5,10,150,14,0.0
467,5,10,150,14,0.0
468,5,10,150,14,0.3380672281786793
469,5,10,150,14,0.0
470,5,10,150,14,0.0
471,5,10,150,14,0.0
472,5,10,150,14,0.049710505523782283
473,5,10,150,14,0.0
474,5,10,150,14,0.3699554139636514
475,5,10,150,14,0.0
476,5,10,150,14,0.0
477,5,10,150,14,0.0
478,5,10,150,14,0.16136236202104162
479,5,10,150,14,0.0
480,5,10,150,14,0.21398626473452756
481,5,10,150,14,0.0
482,5,10,150,14,0.0
483,5,10,150,14,0.06912040963822193
484,5,10,150,14,0.051514328895695904
485,5,10,150,14,0.0
486,5,10,150,14,0.10302594172158847
487,5,10,150,14,0.1361544305712559
488,5,10,150,14,0.0
489,5,10,150,14,0.0
490,5,10,150,14,0.0
491,5,10,150,14,0.19092086617893467
492,5,10,150,14,0.0
493,5,10,150,14,0.0
494,5,10,150,14,0.0
495,5,10,150,14,0.17821029819465137
496,5,10,150,14,0.05940343273155045
497,5,10,150,14,0.0
498,5,10,150,14,0.0
499,5,10,150,14,0.13620526906238073
500,5,10,150,14,0.0536466452928127
501,5,10,150,14,0.0
502,5,10,150,14,0.0
503,5,10,150,14,0.15805253545051853
504,5,10,150,14,0.0
505,5,10,150,14,0.0
506,5,10,150,14,0.0
507,5,10,150,14,0.0
508,5,10,150,14,0.0
509,5,10,150,14,0.06474271459046577
510,5,10,150,14,0.0
511,5,10,150,14,0.0
512,5,10,150,14,0.0
513,5,10,150,14,0.0
514,5,10,150,14,0.1653330280172564
515,5,10,150,14,0.0
516,5,10,150,14,0.0
517,5,10,150,14,0.0
518,5,10,150,14,0.0
519,5,10,150,14,0.0
520,5,10,150,14,0.0
521,5,10,150,14,0.0
522,5,10,150,14,0.0
523,5,10,150,14,0.0
524,5,10,150,14,0.10122483441947819
525,5,10,150,14,0.0
526,5,10,150,14,0.0
527,5,10,150,14,0.10122483441947819
528,5,10,150,14,0.05780700008370542
529,5,10,150,14,0.0
530,5,10,150,14,0.0
531,5,10,150,14,0.0
532,5,10,150,14,0.0
533,5,10,150,14,0.1718416122553978
534,5,10,150,14,0.0
535,5,10,150,14,0.22968557906772658
536,5,10,150,14,0.2979091769901736
537,5,10,150,14,0.3797536268158244
538,5,10,150,14,0.0
539,5,10,150,14,0.06794340091829075
540,5,10,150,14,0.0
541,5,10,150,14,0.048159222084064895
542,5,10,150,14,0.17821029819465137
543,5,10,150,14,0.0
544,5,10,150,14,0.0
545,5,10,150,14,0.07675099783970546
546,5,10,150,14,0.11781210270929884
547,5,10,150,14,0.0
548,5,10,150,14,0.0
549,5,10,150,14,0.0
550,5,10,150,14,0.0
551,5,10,150,14,0.3599790846925785
552,5,10,150,14,0.0
553,5,10,150,14,0.04561435592667119
554,5,10,150,14,0.20154332862117302
555,5,10,150,14,0.0
556,5,10,150,14,0.0
557,5,10,150,14,0.0
558,5,10,150,14,0.0
559,5,10,150,14,0.07675099783970546
560,5,10,150,14,0.181379333658553
561,5,10,150,14,0.0
562,5,10,150,14,0.0
563,5,10,150,14,0.0
564,5,10,150,14,0.0
565,5,10,150,14,0.0
566,5,10,150,14,0.23759842342047666
567,5,10,150,14,0.10986573505473636
568,5,10,150,14,0.0
569,5,10,150,14,0.0
570,5,10,150,14,0.0
571,5,10,150,14,0.0
572,5,10,150,14,0.0
573,5,10,150,14,0.0
574,5,10,150,14,0.0
575,5,10,150,14,0.0
576,5,10,150,14,0.17342765698823945
577,5,10,150,14,0.2875103582189135
578,5,10,150,14,0.0
579,5,10,150,14,0.0
580,5,10,150,14,0.10209739512291163
581,5,10,150,14,0.0
582,5,10,150,14,0.0
583,5,10,150,14,0.0
584,5,10,150,14,0.0
585,5,10,150,14,0.0
586,5,10,150,14,0.08910514909732568
587,5,10,150,14,0.0
588,5,10,150,14,0.3010935199598004
589,5,10,150,14,0.0
590,5,10,150,14,0.1411583523501176
591,5,10,150,14,0.17821029819465137
592,5,10,150,14,0.21427162521244222
593,5,10,150,14,0.17821029819465137
594,5,10,150,14,0.0843142342558857
595,5,10,150,14,0.0
596,5,10,150,14,0.0
597,5,10,150,14,0.0
598,5,10,150,14,0.11752277470724268
599,5,10,150,14,0.0
600,5,10,150,14,0.0
601,5,10,150,14,0.0
602,5,10,150,14,0.0
603,5,10,150,14,0.06194403202282284
604,5,10,150,14,0.0
605,5,10,150,14,0.0
606,5,10,150,14,0.20485938741018334
607,5,10,150,14,0.0
608,5,10,150,14,0.05621908976192367
609,5,10,150,14,0.11838279295536291
610,5,10,150,14,0.0
611,5,10,150,14,0.0
612,5,10,150,14,0.0
613,5,10,150,14,0.15130120674940672
614,5,10,150,14,0.13886244387355454
615,5,10,150,14,0.0
616,5,10,150,14,0.0
617,5,10,150,14,0.0634797890335986
618,5,10,150,14,0.29301834477621647
619,5,10,150,14,0.12236535376637665
620,5,10,150,14,0.046806851959664796
621,5,10,150,14,0.17821029819465137
622,5,10,150,14,0.2610817644035061
623,5,10,150,14,0.0
624,5,10,150,14,0.0
625,5,10,150,14,0.0
626,5,10,150,14,0.0
627,5,10,150,14,0.051514328895695904
628,5,10,150,14,0.0
629,5,10,150,14,0.09926100121948389
630,5,10,150,14,0.11243817952384734
631,5,10,150,14,0.0
632,5,10,150,14,0.340358983242281
633,5,10,150,14,0.051514328895695904
634,5,10,150,14,0.0
635,5,10,150,14,0.0
636,5,10,150,14,0.0
637,5,10,150,14,0.0
638,5,10,150,14,0.04561435592667119
639,5,10,150,14,0.0
640,5,10,150,14,0.0
641,5,10,150,14,0.0
642,5,10,150,14,0.046806851959664796
643,5,10,150,14,0.14348408353451836
644,5,10,150,14,0.0
645,5,10,150,14,0.2168164913698359
646,5,10,150,14,0.0
647,5,10,150,14,0.0
648,5,10,150,14,0.0634797890335986
649,5,10,150,14,0.0
650,5,10,150,14,0.0
651,5,10,150,14,0.0
652,5,10,150,14,0.0
653,5,10,150,14,0.0634797890335986
654,5,10,150,14,0.22382465412132255
655,5,10,150,14,0.1533201962725735
656,5,10,150,14,0.0
657,5,10,150,14,0.0
658,5,10,150,14,0.0
659,5,10,150,14,0.0
660,5,10,150,14,0.0
661,5,10,150,14,0.05621908976192367
662,5,10,150,14,0.0
663,5,10,150,14,0.16849757769182025
664,5,10,150,14,0.06894115413470564
665,5,10,150,14,0.0
666,5,10,150,14,0.17821029819465137
667,5,10,150,14,0.19635793579928928
668,5,10,150,14,0.0
669,5,10,150,14,0.2912603762190145
670,5,10,150,14,0.048159222084064895
671,5,10,150,14,0.16059740160791225
672,5,10,150,14,0.0
673,5,10,150,14,0.0
674,5,10,150,14,0.0
675,5,10,150,14,0.0
676,5,10,150,14,0.0
677,5,10,150,14,0.0
678,5,10,150,14,0.0
679,5,10,150,14,0.21488352371295802
680,5,10,150,14,0.2073612289146658
681,5,10,150,14,0.0
682,5,10,150,14,0.2128638455371417
683,5,10,150,14,0.048159222084064895
684,5,10,150,14,0.0
685,5,10,150,14,0.0
686,5,10,150,14,0.05940343273155045
687,5,10,150,14,0.0
688,5,10,150,14,0.0
689,5,10,150,14,0.27487633291429087
690,5,10,150,14,0.0
691,5,10,150,14,0.0
692,5,10,150,14,0.0
693,5,10,150,14,0.0
694,5,10,150,14,0.0
695,5,10,150,14,0.0
696,5,10,150,14,0.0
697,5,10,150,14,0.07675099783970546
698,5,10,150,14,0.17821029819465137
699,5,10,150,14,0.0
700,5,10,150,14,0.16958010263680806
701,5,10,150,14,0.0
702,5,10,150,14,0.0
703,5,10,150,14,0.0
704,5,10,150,14,0.05940343273155045
705,5,10,150,14,0.05621908976192367
706,5,10,150,14,0.0
707,5,10,150,14,0.0634797890335986
708,5,10,150,14,0.0
709,5,10,150,14,0.0983211808553607
710,5,10,150,14,0.08910514909732568
711,5,10,150,14,0.11574800609437044
712,5,10,150,14,0.0
713,5,10,150,14,0.0
714,5,10,150,14,0.0
715,5,10,150,14,0.17591796855744593
716,5,10,150,14,0.14999266777265974
717,5,10,150,14,0.11243817952384734
718,5,10,150,14,0.0
719,5,10,150,14,0.0
720,5,10,150,14,0.0
721,5,10,150,14,0.17821029819465137
722,5,10,150,14,0.0
723,5,10,150,14,0.0
724,5,10,150,14,0.0
725,5,10,150,14,0.0
726,5,10,150,14,0.2529427027676571
727,5,10,150,14,0.1171264343264113
728,5,10,150,14,0.0
729,5,10,150,14,0.0
730,5,10,150,14,0.0
731,5,10,150,14,0.0
732,5,10,150,14,0.0
733,5,10,150,14,0.0
734,5,10,150,14,0.051514328895695904
735,5,10,150,14,0.0
736,5,10,150,14,0.0
737,5,10,150,14,0.11004588314904008
738,5,10,150,14,0.4565046246555299
739,5,10,150,14,0.0
740,5,10,150,14,0.0
741,5,10,150,14,0.05940343273155045
742,5,10,150,14,0.0
743,5,10,150,14,0.0
744,5,10,150,14,0.0
745,5,10,150,14,0.3673994755582042
746,5,10,150,14,0.0
747,5,10,150,14,0.42536798274249565
748,5,10,150,14,0.37169375913796565
749,5,10,150,14,0.17016598855418383
750,5,10,150,14,0.07219614103266732
751,5,10,150,14,0.0
752,5,10,150,14,0.0
753,5,10,150,14,0.11562252249347413
754,5,10,150,14,0.0
755,5,10,150,14,0.0
756,5,10,150,14,0.0
757,5,10,150,14,0.0
758,5,10,150,14,0.16585614693703116
759,5,10,150,14,0.0
760,5,10,150,14,0.0
761,5,10,150,14,0.0
762,5,10,150,14,0.0
763,5,10,150,14,0.4016979551651286
764,5,10,150,14,0.11865165965848792
765,5,10,150,14,0.0
766,5,10,150,14,0.04561435592667119
767,5,10,150,14,0.2073612289146658
768,5,10,150,14,0.0634797890335986
769,5,10,150,14,0.0
770,5,10,150,14,0.0
771,5,10,150,14,0.0
772,5,10,150,14,0.0
773,5,10,150,14,0.08910514909732568
774,5,10,150,14,0.0
775,5,10,150,14,0.0
776,5,10,150,14,0.13591200105699047
777,5,10,150,14,0.0
778,5,10,150,14,0.0
779,5,10,150,14,0.06894115413470564
780,5,10,150,14,0.049710505523782283
781,5,10,150,14,0.10986573505473636
782,5,10,150,14,0.0
783,5,10,150,14,0.0
784,5,10,150,14,0.0
785,5,10,150,14,0.048159222084064895
786,5,10,150,14,0.2215323244841171
787,5,10,150,14,0.0
788,5,10,150,14,0.3595896318532044
789,5,10,150,14,0.059109628562248356
790,5,10,150,14,0.14023078687330406
791,5,10,150,14,0.0
792,5,10,150,14,0.0
793,5,10,150,14,0.0
794,5,10,150,14,0.15804630323203134
795,5,10,150,14,0.22636952027871626
796,5,10,150,14,0.4767271058335784
797,5,10,150,14,0.0
798,5,10,150,14,0.19998386270195131
799,5,10,150,14,0.0
800,5,10,150,14,0.0
801,5,10,150,14,0.0
802,5,10,150,14,0.048159222084064895
803,5,10,150,14,0.0
804,5,10,150,14,0.17985891576195198
805,5,10,150,14,0.09926100121948389
806,5,10,150,14,0.1507753301151798
807,5,10,150,14,0.10302594172158847
808,5,10,150,14,0.0
809,5,10,150,14,0.0
810,5,10,150,14,0.0
811,5,10,150,14,0.0
812,5,10,150,14,0.0
813,5,10,150,14,0.048159222084064895
814,5,10,150,14,0.06894115413470564
815,5,10,150,14,0.25496129603435685
816,5,10,150,14,0.0
817,5,10,150,14,0.0
818,5,10,150,14,0.0
819,5,10,150,14,0.0
820,5,10,150,14,0.0
821,5,10,150,14,0.11305007802436315
822,5,10,150,14,0.0
823,5,10,150,14,0.2497334162483543
824,5,10,150,14,0.0
825,5,10,150,14,0.06894115413470564
826,5,10,150,14,0.0634797890335986
827,5,10,150,14,0.0
828,5,10,150,14,0.07675099783970546
829,5,10,150,14,0.15334777458429077
830,5,10,150,14,0.04561435592667119
831,5,10,150,14,0.14275179439013838
832,5,10,150,14,0.0
833,5,10,150,14,0.2771428029769241
834,5,10,150,14,0.0
835,5,10,150,14,0.051514328895695904
836,5,10,150,14,0.0
837,5,10,150,14,0.0
838,5,10,150,14,0.051514328895695904
839,5,10,150,14,0.04561435592667119
840,5,10,150,14,0.31396709344702883
841,5,10,150,14,0.0
842,5,10,150,14,0.0
843,5,10,150,14,0.234803533290224
844,5,10,150,14,0.24283582265636552
845,5,10,150,14,0.0
846,5,10,150,14,0.36623945136061564
847,5,10,150,14,0.0
848,5,10,150,14,0.0
849,5,10,150,14,0.0
850,5,10,150,14,0.0
851,5,10,150,14,0.44457760349431874
852,5,10,150,14,0.0
853,5,10,150,14,0.0
854,5,10,150,14,0.2683391764437819
855,5,10,150,14,0.0
856,5,10,150,14,0.0
857,5,10,150,14,0.0
858,5,10,150,14,0.0
859,5,10,150,14,0.0
860,5,10,150,14,0.0
861,5,10,150,14,0.13881565462110795
862,5,10,150,14,0.06894115413470564
863,5,10,150,14,0.0
864,5,10,150,14,0.3107889826958893
865,5,10,150,14,0.0
866,5,10,150,14,0.0
867,5,10,150,14,0.3789544584096405
868,5,10,150,14,0.17462072544755267
869,5,10,150,14,0.046806851959664796
870,5,10,150,14,0.17507217869506617
871,5,10,150,14,0.11243817952384734
872,5,10,150,14,0.0
873,5,10,150,14,0.0
874,5,10,150,14,0.0
875,5,10,150,14,0.3329232848709301
876,5,10,150,14,0.0
877,5,10,150,14,0.06894115413470564
878,5,10,150,14,0.0
879,5,10,150,14,0.048159222084064895
880,5,10,150,14,0.5691289178877016
881,5,10,150,14,0.49472849001756114
882,5,10,150,14,0.36660030715202035
883,5,10,150,14,0.37481168394432557
884,5,10,150,14,0.0
885,5,10,150,14,0.16378174457753905
886,5,10,150,14,0.4232080880336615
887,5,10,150,14,0.11455551006137682
888,5,10,150,14,0.0
889,5,10,150,14,0.4438453143499388
890,5,10,150,14,0.40639648381286925
891,5,10,150,14,0.0
892,5,10,150,14,0.44922741932019106
893,5,10,150,14,0.049710505523782283
894,5,10,150,14,0.4542041125388202
895,5,10,150,14,0.0
896,5,10,150,14,0.577988072095408
897,5,10,150,14,0.08910514909732568
898,5,10,150,14,0.0
899,5,10,150,14,0.3362628336451699
900,5,10,150,14,0.05940343273155045
901,5,10,150,14,0.447092386853271
902,5,10,150,14,0.0
903,5,10,150,14,0.5842015522300487
904,5,10,150,14,0.0
905,5,10,150,14,0.12045548303040154
906,5,10,150,14,0.0
907,5,10,150,14,0.2906484777184987
908,5,10,150,14,0.2277458046187577
909,5,10,150,14,0.0
910,5,10,150,14,0.2295385557426179
911,5,10,150,14,0.0
912,5,10,150,14,0.08910514909732568
913,5,10,150,14,0.20638309253818343
914,5,10,150,14,0.0
915,5,10,150,14,0.0
916,5,10,150,14,0.3979267824445368
917,5,10,150,14,0.0
918,5,10,150,14,0.0
919,5,10,150,14,0.20191124173633476
920,5,10,150,14,0.0
921,5,10,150,14,0.06894115413470564
922,5,10,150,14,0.051514328895695904
923,5,10,150,14,0.049710505523782283
924,5,10,150,14,0.0536466452928127
925,5,10,150,14,0.051514328895695904
926,5,10,150,14,0.05306340617755807
927,5,10,150,14,0.09712868482236708
928,5,10,150,14,0.07675099783970546
929,5,10,150,14,0.08910514909732568
930,5,10,150,14,0.08910514909732568
931,5,10,150,14,0.0
932,5,10,150,14,0.3644441321143441
933,5,10,150,14,0.14528790690643198
934,5,10,150,14,0.0
935,5,10,150,14,0.0
936,5,10,150,14,0.17821029819465137
937,5,10,150,14,0.11710037621877055
938,5,10,150,14,0.1116390111176635
939,5,10,150,14,0.05621908976192367
940,5,10,150,14,0.1507753301151798
941,5,10,150,14,0.17821029819465137
942,5,10,150,14,0.0
943,5,10,150,14,0.41300759926638814
1,5,10,150,15,0.5030343053984369
2,5,10,150,15,0.0
3,5,10,150,15,0.0
4,5,10,150,15,0.0
5,5,10,150,15,0.0
6,5,10,150,15,0.0
7,5,10,150,15,0.04610512027589789
8,5,10,150,15,0.0
9,5,10,150,15,0.0
10,5,10,150,15,0.24053727908671205
11,5,10,150,15,0.0
12,5,10,150,15,0.0
13,5,10,150,15,0.32756877437407933
14,5,10,150,15,0.18795160328752808
15,5,10,150,15,0.0
16,5,10,150,15,0.061734604266276284
17,5,10,150,15,0.0
18,5,10,150,15,0.15577457383200513
19,5,10,150,15,0.0
20,5,10,150,15,0.13743816645714543
21,5,10,150,15,0.1076424320455391
22,5,10,150,15,0.0
23,5,10,150,15,0.06541518452970234
24,5,10,150,15,0.0
25,5,10,150,15,0.23940867474021393
26,5,10,150,15,0.0
27,5,10,150,15,0.0
28,5,10,150,15,0.0
30,5,10,150,15,0.0
31,5,10,150,15,0.0
32,5,10,150,15,0.19519002499605084
33,5,10,150,15,0.0
34,5,10,150,15,0.0
35,5,10,150,15,0.0
37,5,10,150,15,0.08177471774917201
38,5,10,150,15,0.0
39,5,10,150,15,0.0
40,5,10,150,15,0.0
41,5,10,150,15,0.06835476917178976
42,5,10,150,15,0.0
43,5,10,150,15,0.0
44,5,10,150,15,0.08847923037887293
45,5,10,150,15,0.0
46,5,10,150,15,0.0
47,5,10,150,15,0.0
48,5,10,150,15,0.0
49,5,10,150,15,0.0493171240499355
52,5,10,150,15,0.0
53,5,10,150,15,0.0
54,5,10,150,15,0.0
55,5,10,150,15,0.0
56,5,10,150,15,0.11781210270929884
57,5,10,150,15,0.0
58,5,10,150,15,0.25546756436153767
59,5,10,150,15,0.21427801680354305
60,5,10,150,15,0.06541518452970234
61,5,10,150,15,0.0
62,5,10,150,15,0.1076424320455391
63,5,10,150,15,0.0
64,5,10,150,15,0.04759023790187059
65,5,10,150,15,0.12647135138382856
66,5,10,150,15,0.0
67,5,10,150,15,0.0
68,5,10,150,15,0.0
69,5,10,150,15,0.0
70,5,10,150,15,0.0
71,5,10,150,15,0.0
72,5,10,150,15,0.06362078819895171
73,5,10,150,15,0.0
74,5,10,150,15,0.0
75,5,10,150,15,0.0
76,5,10,150,15,0.10633668103022985
77,5,10,150,15,0.0
78,5,10,150,15,0.0
79,5,10,150,15,0.0
80,5,10,150,15,0.0
81,5,10,150,15,0.0
82,5,10,150,15,0.0
83,5,10,150,15,0.07414861528507455
84,5,10,150,15,0.0
85,5,10,150,15,0.0493171240499355
86,5,10,150,15,0.0
87,5,10,150,15,0.0493171240499355
88,5,10,150,15,0.0
89,5,10,150,15,0.0
90,5,10,150,15,0.060772229737720354
91,5,10,150,15,0.0
92,5,10,150,15,0.05382121602276955
93,5,10,150,15,0.0
94,5,10,150,15,0.09125903642680892
95,5,10,150,15,0.060772229737720354
96,5,10,150,15,0.0
97,5,10,150,15,0.0
98,5,10,150,15,0.0
99,5,10,150,15,0.0
100,5,10,150,15,0.0
101,5,10,150,15,0.0
102,5,10,150,15,0.0
103,5,10,150,15,0.0
104,5,10,150,15,0.27487633291429087
105,5,10,150,15,0.0
106,5,10,150,15,0.0
107,5,10,150,15,0.0
109,5,10,150,15,0.18598022542788148
110,5,10,150,15,0.0
111,5,10,150,15,0.0
112,5,10,150,15,0.0
113,5,10,150,15,0.0
114,5,10,150,15,0.08274602130532002
115,5,10,150,15,0.0
116,5,10,150,15,0.0
117,5,10,150,15,0.0
118,5,10,150,15,0.16958010263680806
119,5,10,150,15,0.0
120,5,10,150,15,0.0
121,5,10,150,15,0.13032376591037062
122,5,10,150,15,0.0
123,5,10,150,15,0.0
124,5,10,150,15,0.0
125,5,10,150,15,0.05446333035917803
126,5,10,150,15,0.0
128,5,10,150,15,0.0
129,5,10,150,15,0.0
130,5,10,150,15,0.1076424320455391
131,5,10,150,15,0.0
132,5,10,150,15,0.0
133,5,10,150,15,0.0
134,5,10,150,15,0.0
135,5,10,150,15,0.0
136,5,10,150,15,0.0
137,5,10,150,15,0.0
138,5,10,150,15,0.0
139,5,10,150,15,0.0
140,5,10,150,15,0.0
141,5,10,150,15,0.0
142,5,10,150,15,0.0
143,5,10,150,15,0.0
144,5,10,150,15,0.0
145,5,10,150,15,0.15878200004312407
146,5,10,150,15,0.0
147,5,10,150,15,0.0
148,5,10,150,15,0.0
149,5,10,150,15,0.0
150,5,10,150,15,0.2640681225725909
151,5,10,150,15,0.0
152,5,10,150,15,0.0
153,5,10,150,15,0.0
154,5,10,150,15,0.0
155,5,10,150,15,0.0
156,5,10,150,15,0.0
157,5,10,150,15,0.0
158,5,10,150,15,0.04759023790187059
159,5,10,150,15,0.23138144801632507
160,5,10,150,15,0.12388806404564567
161,5,10,150,15,0.0
162,5,10,150,15,0.0
163,5,10,150,15,0.0
164,5,10,150,15,0.0
165,5,10,150,15,0.0
167,5,10,150,15,0.0
168,5,10,150,15,0.0
169,5,10,150,15,0.0
170,5,10,150,15,0.0
171,5,10,150,15,0.0
173,5,10,150,15,0.0
174,5,10,150,15,0.0
175,5,10,150,15,0.07947838320659593
176,5,10,150,15,0.0
177,5,10,150,15,0.38113435412202
178,5,10,150,15,0.0734773909038217
179,5,10,150,15,0.0
180,5,10,150,15,0.0
181,5,10,150,15,0.056869739426201577
182,5,10,150,15,0.0
183,5,10,150,15,0.15101961822780524
184,5,10,150,15,0.0
185,5,10,150,15,0.0
186,5,10,150,15,0.0
187,5,10,150,15,0.0
188,5,10,150,15,0.07428207290250749
189,5,10,150,15,0.0734773909038217
190,5,10,150,15,0.0
192,5,10,150,15,0.123151194370365
193,5,10,150,15,0.0
194,5,10,150,15,0.0
195,5,10,150,15,0.0
196,5,10,150,15,0.0
197,5,10,150,15,0.09546043308946733
198,5,10,150,15,0.0
199,5,10,150,15,0.0
200,5,10,150,15,0.09785159463516042
201,5,10,150,15,0.0
202,5,10,150,15,0.0
203,5,10,150,15,0.0
204,5,10,150,15,0.19519002499605084
205,5,10,150,15,0.0
206,5,10,150,15,0.0
207,5,10,150,15,0.0
208,5,10,150,15,0.0
209,5,10,150,15,0.0
210,5,10,150,15,0.0
211,5,10,150,15,0.0
213,5,10,150,15,0.0
214,5,10,150,15,0.0
216,5,10,150,15,0.19635793579928928
217,5,10,150,15,0.0
218,5,10,150,15,0.0
219,5,10,150,15,0.0
221,5,10,150,15,0.0
222,5,10,150,15,0.11069095544897113
223,5,10,150,15,0.0
224,5,10,150,15,0.0
225,5,10,150,15,0.0
226,5,10,150,15,0.19092086617893467
227,5,10,150,15,0.0
228,5,10,150,15,0.0
229,5,10,150,15,0.0
230,5,10,150,15,0.04908948394982232
231,5,10,150,15,0.0
232,5,10,150,15,0.0
233,5,10,150,15,0.13886244387355454
234,5,10,150,15,0.0
235,5,10,150,15,0.0
236,5,10,150,15,0.0
237,5,10,150,15,0.19342640361727081
238,5,10,150,15,0.0
239,5,10,150,15,0.06912040963822193
240,5,10,150,15,0.0
241,5,10,150,15,0.0
242,5,10,150,15,0.0
243,5,10,150,15,0.0
244,5,10,150,15,0.05382121602276955
245,5,10,150,15,0.0
246,5,10,150,15,0.060772229737720354
247,5,10,150,15,0.0
248,5,10,150,15,0.0
249,5,10,150,15,0.0
250,5,10,150,15,0.0
251,5,10,150,15,0.13032376591037062
252,5,10,150,15,0.0
253,5,10,150,15,0.0
254,5,10,150,15,0.08514311764162098
255,5,10,150,15,0.0
256,5,10,150,15,0.0
257,5,10,150,15,0.0
258,5,10,150,15,0.0
259,5,10,150,15,0.0
260,5,10,150,15,0.0
261,5,10,150,15,0.0
262,5,10,150,15,0.0
263,5,10,150,15,0.0
264,5,10,150,15,0.0
265,5,10,150,15,0.0
266,5,10,150,15,0.0
267,5,10,150,15,0.0660006550311689
268,5,10,150,15,0.05382121602276955
269,5,10,150,15,0.0734773909038217
270,5,10,150,15,0.0
271,5,10,150,15,0.1289734076642407
272,5,10,150,15,0.0
273,5,10,150,15,0.0
274,5,10,150,15,0.0
275,5,10,150,15,0.0
276,5,10,150,15,0.21427801680354305
277,5,10,150,15,0.0
278,5,10,150,15,0.0
279,5,10,150,15,0.1076424320455391
280,5,10,150,15,0.17060921827860473
281,5,10,150,15,0.0
282,5,10,150,15,0.0
283,5,10,150,15,0.0
284,5,10,150,15,0.0
285,5,10,150,15,0.0
286,5,10,150,15,0.0
287,5,10,150,15,0.0
288,5,10,150,15,0.0
289,5,10,150,15,0.0
290,5,10,150,15,0.07834851647149511
291,5,10,150,15,0.0448104318539346
292,5,10,150,15,0.0
293,5,10,150,15,0.1076424320455391
294,5,10,150,15,0.0
295,5,10,150,15,0.11752277470724268
296,5,10,150,15,0.08530460913930236
297,5,10,150,15,0.0
298,5,10,150,15,0.0
299,5,10,150,15,0.0
300,5,10,150,15,0.0
301,5,10,150,15,0.04366879852493834
302,5,10,150,15,0.0
303,5,10,150,15,0.0
304,5,10,150,15,0.0
305,5,10,150,15,0.12287039445737048
306,5,10,150,15,0.0
307,5,10,150,15,0.10778915452451093
308,5,10,150,15,0.16900046140256553
310,5,10,150,15,0.0
311,5,10,150,15,0.08530460913930236
312,5,10,150,15,0.0
313,5,10,150,15,0.0493171240499355
314,5,10,150,15,0.19294704118484146
315,5,10,150,15,0.0
316,5,10,150,15,0.0
317,5,10,150,15,0.0
318,5,10,150,15,0.0
319,5,10,150,15,0.0
320,5,10,150,15,0.13927874459665815
321,5,10,150,15,0.0
322,5,10,150,15,0.0
323,5,10,150,15,0.1610425878239398
324,5,10,150,15,0.0
325,5,10,150,15,0.09092803061897883
326,5,10,150,15,0.0
327,5,10,150,15,0.0
328,5,10,150,15,0.08530460913930236
329,5,10,150,15,0.0
330,5,10,150,15,0.0
331,5,10,150,15,0.0
332,5,10,150,15,0.0
334,5,10,150,15,0.0
335,5,10,150,15,0.0
336,5,10,150,15,0.05382121602276955
337,5,10,150,15,0.0
338,5,10,150,15,0.0
339,5,10,150,15,0.1076424320455391
340,5,10,150,15,0.0
341,5,10,150,15,0.0
342,5,10,150,15,0.3296101425627874
343,5,10,150,15,0.0734773909038217
344,5,10,150,15,0.1202034973803211
345,5,10,150,15,0.1076424320455391
346,5,10,150,15,0.04366879852493834
347,5,10,150,15,0.24408660918242644
348,5,10,150,15,0.0
349,5,10,150,15,0.0
350,5,10,150,15,0.0
351,5,10,150,15,0.0
352,5,10,150,15,0.0
353,5,10,150,15,0.0
354,5,10,150,15,0.0660006550311689
355,5,10,150,15,0.0
356,5,10,150,15,0.0
357,5,10,150,15,0.0
358,5,10,150,15,0.0
359,5,10,150,15,0.3010299956639812
360,5,10,150,15,0.0
361,5,10,150,15,0.09478836436955078
362,5,10,150,15,0.0
363,5,10,150,15,0.28330675960498375
364,5,10,150,15,0.0
365,5,10,150,15,0.0
366,5,10,150,15,0.0
367,5,10,150,15,0.0
368,5,10,150,15,0.0
369,5,10,150,15,0.0
370,5,10,150,15,0.0
371,5,10,150,15,0.0
372,5,10,150,15,0.15130120674940672
373,5,10,150,15,0.0
374,5,10,150,15,0.04610512027589789
375,5,10,150,15,0.0
376,5,10,150,15,0.0
377,5,10,150,15,0.0
378,5,10,150,15,0.21992634232854022
379,5,10,150,15,0.0
380,5,10,150,15,0.0
381,5,10,150,15,0.0
382,5,10,150,15,0.0
383,5,10,150,15,0.0
384,5,10,150,15,0.0
385,5,10,150,15,0.0
386,5,10,150,15,0.0
387,5,10,150,15,0.08530460913930236
388,5,10,150,15,0.0
389,5,10,150,15,0.051358492238643604
390,5,10,150,15,0.0
391,5,10,150,15,0.11714618942876004
392,5,10,150,15,0.11004588314904008
393,5,10,150,15,0.19510516846912487
394,5,10,150,15,0.13947804593499064
395,5,10,150,15,0.0
396,5,10,150,15,0.0
397,5,10,150,15,0.11004588314904008
398,5,10,150,15,0.27897168591819566
399,5,10,150,15,0.0
400,5,10,150,15,0.0
401,5,10,150,15,0.0
402,5,10,150,15,0.0
403,5,10,150,15,0.2529427027676571
404,5,10,150,15,0.0
405,5,10,150,15,0.051358492238643604
406,5,10,150,15,0.0660006550311689
407,5,10,150,15,0.11069095544897113
408,5,10,150,15,0.0
409,5,10,150,15,0.0
410,5,10,150,15,0.0
411,5,10,150,15,0.17342765698823945
412,5,10,150,15,0.0
413,5,10,150,15,0.0
414,5,10,150,15,0.21398626473452756
415,5,10,150,15,0.0
416,5,10,150,15,0.0
417,5,10,150,15,0.05382121602276955
419,5,10,150,15,0.30260241349881345
420,5,10,150,15,0.0
421,5,10,150,15,0.0
422,5,10,150,15,0.0
423,5,10,150,15,0.08440880858250024
424,5,10,150,15,0.0
425,5,10,150,15,0.2964376020304652
426,5,10,150,15,0.0
427,5,10,150,15,0.0
428,5,10,150,15,0.0
429,5,10,150,15,0.23195259303030238
430,5,10,150,15,0.07336392209936005
431,5,10,150,15,0.0
432,5,10,150,15,0.0
433,5,10,150,15,0.0
434,5,10,150,15,0.3903800499921017
435,5,10,150,15,0.2041159526379598
436,5,10,150,15,0.08530460913930236
437,5,10,150,15,0.24430553342348507
438,5,10,150,15,0.0
439,5,10,150,15,0.0
440,5,10,150,15,0.0
441,5,10,150,15,0.0
442,5,10,150,15,0.0
443,5,10,150,15,0.0
445,5,10,150,15,0.0
446,5,10,150,15,0.0
447,5,10,150,15,0.16841466178325942
448,5,10,150,15,0.0
449,5,10,150,15,0.0
450,5,10,150,15,0.24356685342473056
451,5,10,150,15,0.0
452,5,10,150,15,0.0448104318539346
453,5,10,150,15,0.0
454,5,10,150,15,0.0
455,5,10,150,15,0.0
456,5,10,150,15,0.1076424320455391
457,5,10,150,15,0.326408738779907
458,5,10,150,15,0.0
459,5,10,150,15,0.0
460,5,10,150,15,0.0
461,5,10,150,15,0.0
462,5,10,150,15,0.0
463,5,10,150,15,0.0
464,5,10,150,15,0.0
465,5,10,150,15,0.0
466,5,10,150,15,0.0
467,5,10,150,15,0.0
468,5,10,150,15,0.3236478817973845
469,5,10,150,15,0.0
470,5,10,150,15,0.0
471,5,10,150,15,0.0
472,5,10,150,15,0.04759023790187059
473,5,10,150,15,0.0
474,5,10,150,15,0.3541759629700823
475,5,10,150,15,0.0
476,5,10,150,15,0.0
477,5,10,150,15,0.0
478,5,10,150,15,0.15447988541004185
479,5,10,150,15,0.04265230456965118
480,5,10,150,15,0.21398626473452756
481,5,10,150,15,0.0
482,5,10,150,15,0.0
483,5,10,150,15,0.06912040963822193
484,5,10,150,15,0.0493171240499355
485,5,10,150,15,0.0
486,5,10,150,15,0.09863164787670414
487,5,10,150,15,0.13034713033002326
488,5,10,150,15,0.0
489,5,10,150,15,0.0
490,5,10,150,15,0.0
491,5,10,150,15,0.19092086617893467
492,5,10,150,15,0.0
493,5,10,150,15,0.0
494,5,10,150,15,0.0
495,5,10,150,15,0.17060921827860473
496,5,10,150,15,0.056869739426201577
497,5,10,150,15,0.0
498,5,10,150,15,0.0
499,5,10,150,15,0.1912282106369008
500,5,10,150,15,0.051358492238643604
501,5,10,150,15,0.0
502,5,10,150,15,0.0
503,5,10,150,15,0.1513112305704774
504,5,10,150,15,0.0
505,5,10,150,15,0.0
506,5,10,150,15,0.0
507,5,10,150,15,0.0
508,5,10,150,15,0.0
509,5,10,150,15,0.06474271459046577
510,5,10,150,15,0.0
511,5,10,150,15,0.0
512,5,10,150,15,0.0
513,5,10,150,15,0.0
514,5,10,150,15,0.15828119335084173
515,5,10,150,15,0.0
516,5,10,150,15,0.0
517,5,10,150,15,0.0
518,5,10,150,15,0.0
519,5,10,150,15,0.0
520,5,10,150,15,0.0
521,5,10,150,15,0.0
522,5,10,150,15,0.0
523,5,10,150,15,0.0
524,5,10,150,15,0.13955966652145727
525,5,10,150,15,0.0
526,5,10,150,15,0.0
527,5,10,150,15,0.09690736195180609
528,5,10,150,15,0.05780700008370542
529,5,10,150,15,0.0
530,5,10,150,15,0.0
531,5,10,150,15,0.0
532,5,10,150,15,0.0
533,5,10,150,15,0.20716447604139185
534,5,10,150,15,0.0
535,5,10,150,15,0.2198889597940732
536,5,10,150,15,0.2852026640390946
537,5,10,150,15,0.3635562594634462
538,5,10,150,15,0.0
539,5,10,150,15,0.06794340091829075
540,5,10,150,15,0.0
541,5,10,150,15,0.04610512027589789
542,5,10,150,15,0.17060921827860473
543,5,10,150,15,0.0
544,5,10,150,15,0.0
545,5,10,150,15,0.0734773909038217
546,5,10,150,15,0.11781210270929884
547,5,10,150,15,0.0
548,5,10,150,15,0.0
549,5,10,150,15,0.0
550,5,10,150,15,0.0
551,5,10,150,15,0.3446251471335664
552,5,10,150,15,0.0
553,5,10,150,15,0.04366879852493834
554,5,10,150,15,0.19294704118484146
555,5,10,150,15,0.0
556,5,10,150,15,0.0
557,5,10,150,15,0.0
558,5,10,150,15,0.0
559,5,10,150,15,0.0734773909038217
560,5,10,150,15,0.173643087076708
561,5,10,150,15,0.0
562,5,10,150,15,0.0
563,5,10,150,15,0.0
564,5,10,150,15,0.0
565,5,10,150,15,0.0
566,5,10,150,15,0.22746430309947754
567,5,10,150,15,0.10517970826141314
568,5,10,150,15,0.0
569,5,10,150,15,0.0
570,5,10,150,15,0.0
571,5,10,150,15,0.0
572,5,10,150,15,0.0
573,5,10,150,15,0.0
574,5,10,150,15,0.0
575,5,10,150,15,0.0
576,5,10,150,15,0.17342765698823945
577,5,10,150,15,0.2752473788532309
578,5,10,150,15,0.0
579,5,10,150,15,0.0
580,5,10,150,15,0.10209739512291163
581,5,10,150,15,0.0
582,5,10,150,15,0.0
583,5,10,150,15,0.0
584,5,10,150,15,0.0
585,5,10,150,15,0.0
586,5,10,150,15,0.08530460913930236
587,5,10,150,15,0.0
588,5,10,150,15,0.28825118744252665
589,5,10,150,15,0.0
590,5,10,150,15,0.1411583523501176
591,5,10,150,15,0.17060921827860473
592,5,10,150,15,0.20513244659324698
593,5,10,150,15,0.17060921827860473
594,5,10,150,15,0.0843142342558857
595,5,10,150,15,0.0
596,5,10,150,15,0.0
597,5,10,150,15,0.0
598,5,10,150,15,0.11752277470724268
599,5,10,150,15,0.0
600,5,10,150,15,0.0
601,5,10,150,15,0.0
602,5,10,150,15,0.0
603,5,10,150,15,0.06194403202282284
604,5,10,150,15,0.0
605,5,10,150,15,0.04265230456965118
606,5,10,150,15,0.196121662424412
607,5,10,150,15,0.0
608,5,10,150,15,0.09647352059242073
609,5,10,150,15,0.11838279295536291
610,5,10,150,15,0.0
611,5,10,150,15,0.0
612,5,10,150,15,0.0
613,5,10,150,15,0.15130120674940672
614,5,10,150,15,0.13886244387355454
615,5,10,150,15,0.0
616,5,10,150,15,0.0
617,5,10,150,15,0.060772229737720354
618,5,10,150,15,0.28052043709032626
619,5,10,150,15,0.11714618942876004
620,5,10,150,15,0.0448104318539346
621,5,10,150,15,0.17060921827860473
622,5,10,150,15,0.24994602547058586
623,5,10,150,15,0.0
624,5,10,150,15,0.0
625,5,10,150,15,0.0
626,5,10,150,15,0.0
627,5,10,150,15,0.0493171240499355
628,5,10,150,15,0.0
629,5,10,150,15,0.09502729076358195
630,5,10,150,15,0.1076424320455391
631,5,10,150,15,0.0
632,5,10,150,15,0.3258418882260144
633,5,10,150,15,0.0493171240499355
634,5,10,150,15,0.0
635,5,10,150,15,0.0
636,5,10,150,15,0.0
637,5,10,150,15,0.0
638,5,10,150,15,0.04366879852493834
639,5,10,150,15,0.0
640,5,10,150,15,0.0
641,5,10,150,15,0.0
642,5,10,150,15,0.0448104318539346
643,5,10,150,15,0.180016461272358
644,5,10,150,15,0.0
645,5,10,150,15,0.2075687683442065
646,5,10,150,15,0.0
647,5,10,150,15,0.0
648,5,10,150,15,0.060772229737720354
649,5,10,150,15,0.0
650,5,10,150,15,0.0
651,5,10,150,15,0.0
652,5,10,150,15,0.0
653,5,10,150,15,0.060772229737720354
654,5,10,150,15,0.21427801680354305
655,5,10,150,15,0.14678073656447702
656,5,10,150,15,0.0
657,5,10,150,15,0.0
658,5,10,150,15,0.0
659,5,10,150,15,0.0
660,5,10,150,15,0.0
661,5,10,150,15,0.05382121602276955
662,5,10,150,15,0.0
663,5,10,150,15,0.16131076768886027
664,5,10,150,15,0.0660006550311689
665,5,10,150,15,0.0
666,5,10,150,15,0.17060921827860473
667,5,10,150,15,0.19635793579928928
668,5,10,150,15,0.0
669,5,10,150,15,0.2788374499434499
670,5,10,150,15,0.04610512027589789
671,5,10,150,15,0.153747552321437
672,5,10,150,15,0.0
673,5,10,150,15,0.0
674,5,10,150,15,0.0
675,5,10,150,15,0.0
676,5,10,150,15,0.0
677,5,10,150,15,0.0
678,5,10,150,15,0.0
679,5,10,150,15,0.24837055078220424
680,5,10,150,15,0.2073612289146658
681,5,10,150,15,0.0
682,5,10,150,15,0.20378471196542433
683,5,10,150,15,0.04610512027589789
684,5,10,150,15,0.0
685,5,10,150,15,0.0
686,5,10,150,15,0.056869739426201577
687,5,10,150,15,0.0
688,5,10,150,15,0.0
689,5,10,150,15,0.27487633291429087
690,5,10,150,15,0.0
691,5,10,150,15,0.0
692,5,10,150,15,0.0
693,5,10,150,15,0.0
694,5,10,150,15,0.04265230456965118
695,5,10,150,15,0.0
696,5,10,150,15,0.0
697,5,10,150,15,0.0734773909038217
698,5,10,150,15,0.17060921827860473
699,5,10,150,15,0.0
700,5,10,150,15,0.16958010263680806
701,5,10,150,15,0.0
702,5,10,150,15,0.0
703,5,10,150,15,0.0
704,5,10,150,15,0.056869739426201577
705,5,10,150,15,0.05382121602276955
706,5,10,150,15,0.0
707,5,10,150,15,0.060772229737720354
708,5,10,150,15,0.0
709,5,10,150,15,0.09412755590387009
710,5,10,150,15,0.08530460913930236
711,5,10,150,15,0.11081108688510351
712,5,10,150,15,0.04265230456965118
713,5,10,150,15,0.0
714,5,10,150,15,0.0
715,5,10,150,15,0.16841466178325942
716,5,10,150,15,0.14359513482360575
717,5,10,150,15,0.1076424320455391
718,5,10,150,15,0.0
719,5,10,150,15,0.0
720,5,10,150,15,0.0
721,5,10,150,15,0.17060921827860473
722,5,10,150,15,0.0
723,5,10,150,15,0.0
724,5,10,150,15,0.0
725,5,10,150,15,0.0
726,5,10,150,15,0.2529427027676571
727,5,10,150,15,0.11213072197636396
728,5,10,150,15,0.0
729,5,10,150,15,0.0
730,5,10,150,15,0.0
731,5,10,150,15,0.0
732,5,10,150,15,0.0
733,5,10,150,15,0.0
734,5,10,150,15,0.0493171240499355
735,5,10,150,15,0.0
736,5,10,150,15,0.0
737,5,10,150,15,0.11004588314904008
738,5,10,150,15,0.4370336503672679
739,5,10,150,15,0.0
740,5,10,150,15,0.0
741,5,10,150,15,0.056869739426201577
742,5,10,150,15,0.0
743,5,10,150,15,0.0
744,5,10,150,15,0.0
745,5,10,150,15,0.35172904122796556
746,5,10,150,15,0.0
747,5,10,150,15,0.4072250579883846
748,5,10,150,15,0.35584016371657456
749,5,10,150,15,0.162908016982975
750,5,10,150,15,0.07219614103266732
751,5,10,150,15,0.04265230456965118
752,5,10,150,15,0.0
753,5,10,150,15,0.11069095544897113
754,5,10,150,15,0.0
755,5,10,150,15,0.0
756,5,10,150,15,0.0
757,5,10,150,15,0.0
758,5,10,150,15,0.15878200004312407
759,5,10,150,15,0.0
760,5,10,150,15,0.0
761,5,10,150,15,0.04265230456965118
762,5,10,150,15,0.0
763,5,10,150,15,0.3845646116364195
764,5,10,150,15,0.1135908929330395
765,5,10,150,15,0.0
766,5,10,150,15,0.04366879852493834
767,5,10,150,15,0.2073612289146658
768,5,10,150,15,0.10342453430737153
769,5,10,150,15,0.0
770,5,10,150,15,0.0
771,5,10,150,15,0.0
772,5,10,150,15,0.0
773,5,10,150,15,0.08530460913930236
774,5,10,150,15,0.0
775,5,10,150,15,0.0
776,5,10,150,15,0.13011504099323695
777,5,10,150,15,0.0
778,5,10,150,15,0.0
779,5,10,150,15,0.0660006550311689
780,5,10,150,15,0.04759023790187059
781,5,10,150,15,0.10517970826141314
782,5,10,150,15,0.0
783,5,10,150,15,0.0
784,5,10,150,15,0.0
785,5,10,150,15,0.048159222084064895
786,5,10,150,15,0.21208346030819777
787,5,10,150,15,0.0
788,5,10,150,15,0.34425230535531276
789,5,10,150,15,0.059109628562248356
790,5,10,150,15,0.13424962064154206
791,5,10,150,15,0.0
792,5,10,150,15,0.0
793,5,10,150,15,0.0
794,5,10,150,15,0.15130526417047127
795,5,10,150,15,0.21671433855450262
796,5,10,150,15,0.4990459006886075
797,5,10,150,15,0.0
798,5,10,150,15,0.1914540900809724
799,5,10,150,15,0.0
800,5,10,150,15,0.0
801,5,10,150,15,0.0
802,5,10,150,15,0.04610512027589789
803,5,10,150,15,0.0
804,5,10,150,15,0.21483982307695715
805,5,10,150,15,0.09502729076358195
806,5,10,150,15,0.14434441481351745
807,5,10,150,15,0.09863164787670414
808,5,10,150,15,0.0
809,5,10,150,15,0.0
810,5,10,150,15,0.0
811,5,10,150,15,0.0
812,5,10,150,15,0.0
813,5,10,150,15,0.048159222084064895
814,5,10,150,15,0.0660006550311689
815,5,10,150,15,0.24408660918242644
816,5,10,150,15,0.0
817,5,10,150,15,0.0
818,5,10,150,15,0.0
819,5,10,150,15,0.0
820,5,10,150,15,0.0
821,5,10,150,15,0.10822823166484517
822,5,10,150,15,0.0
823,5,10,150,15,0.23908171051731003
824,5,10,150,15,0.0
825,5,10,150,15,0.0660006550311689
826,5,10,150,15,0.10342453430737153
827,5,10,150,15,0.0
828,5,10,150,15,0.0734773909038217
829,5,10,150,15,0.14680713859764338
830,5,10,150,15,0.04366879852493834
831,5,10,150,15,0.136663101377946
832,5,10,150,15,0.0
833,5,10,150,15,0.2653220237350655
834,5,10,150,15,0.0
835,5,10,150,15,0.0493171240499355
836,5,10,150,15,0.0
837,5,10,150,15,0.0
838,5,10,150,15,0.09196942861958668
839,5,10,150,15,0.04366879852493834
840,5,10,150,15,0.30057567335247803
841,5,10,150,15,0.0
842,5,10,150,15,0.0
843,5,10,150,15,0.2674409260439503
844,5,10,150,15,0.2324783151880044
845,5,10,150,15,0.0
846,5,10,150,15,0.3506184947357607
847,5,10,150,15,0.0
848,5,10,150,15,0.04265230456965118
849,5,10,150,15,0.0
850,5,10,150,15,0.0
851,5,10,150,15,0.42561534414523344
852,5,10,150,15,0.0
853,5,10,150,15,0.0
854,5,10,150,15,0.2568938921621324
855,5,10,150,15,0.0
856,5,10,150,15,0.0
857,5,10,150,15,0.0
858,5,10,150,15,0.0
859,5,10,150,15,0.0
860,5,10,150,15,0.0
861,5,10,150,15,0.13289484704117296
862,5,10,150,15,0.0660006550311689
863,5,10,150,15,0.0
864,5,10,150,15,0.29753311634905216
865,5,10,150,15,0.0
866,5,10,150,15,0.0
867,5,10,150,15,0.3627911774315253
868,5,10,150,15,0.1671727490815902
869,5,10,150,15,0.0448104318539346
870,5,10,150,15,0.210257251377343
871,5,10,150,15,0.1076424320455391
872,5,10,150,15,0.0
873,5,10,150,15,0.0
874,5,10,150,15,0.04265230456965118
875,5,10,150,15,0.36137564409593764
876,5,10,150,15,0.0
877,5,10,150,15,0.0660006550311689
878,5,10,150,15,0.04265230456965118
879,5,10,150,15,0.04610512027589789
880,5,10,150,15,0.5448542579425593
881,5,10,150,15,0.5162794843516997
882,5,10,150,15,0.3509639591960447
883,5,10,150,15,0.40147740641411955
884,5,10,150,15,0.0
885,5,10,150,15,0.15679607572486903
886,5,10,150,15,0.40515728776651
887,5,10,150,15,0.15232175812575843
888,5,10,150,15,0.0
889,5,10,150,15,0.4249142888204726
890,5,10,150,15,0.3890627372092474
891,5,10,150,15,0.0
892,5,10,150,15,0.43006683461030787
893,5,10,150,15,0.04759023790187059
894,5,10,150,15,0.43483126039402636
895,5,10,150,15,0.0
896,5,10,150,15,0.5533355488067692
897,5,10,150,15,0.08530460913930236
898,5,10,150,15,0.0
899,5,10,150,15,0.36457275341873335
900,5,10,150,15,0.056869739426201577
901,5,10,150,15,0.428022866198433
902,5,10,150,15,0.0
903,5,10,150,15,0.6019363142639208
904,5,10,150,15,0.0
905,5,10,150,15,0.11531777908110441
906,5,10,150,15,0.0
907,5,10,150,15,0.27825165032414384
908,5,10,150,15,0.21803192119569817
909,5,10,150,15,0.0
910,5,10,150,15,0.2197482073526059
911,5,10,150,15,0.0
912,5,10,150,15,0.08530460913930236
913,5,10,150,15,0.19758037801721834
914,5,10,150,15,0.0
915,5,10,150,15,0.0
916,5,10,150,15,0.3809542881232911
917,5,10,150,15,0.0
918,5,10,150,15,0.0
919,5,10,150,15,0.19329926195776015
920,5,10,150,15,0.0
921,5,10,150,15,0.0660006550311689
922,5,10,150,15,0.0493171240499355
923,5,10,150,15,0.04759023790187059
924,5,10,150,15,0.051358492238643604
925,5,10,150,15,0.0493171240499355
926,5,10,150,15,0.05306340617755807
927,5,10,150,15,0.135638227144525
928,5,10,150,15,0.0734773909038217
929,5,10,150,15,0.08530460913930236
930,5,10,150,15,0.08530460913930236
931,5,10,150,15,0.0
932,5,10,150,15,0.34889974999278095
933,5,10,150,15,0.13909104285077173
934,5,10,150,15,0.0
935,5,10,150,15,0.0
936,5,10,150,15,0.17060921827860473
937,5,10,150,15,0.11210577530706681
938,5,10,150,15,0.10687735001361824
939,5,10,150,15,0.05382121602276955
940,5,10,150,15,0.14434441481351745
941,5,10,150,15,0.17060921827860473
942,5,10,150,15,0.0
943,5,10,150,15,0.39539187335289766
1,5,10,150,16,0.4828791064230483
2,5,10,150,16,0.0
3,5,10,150,16,0.0
4,5,10,150,16,0.0
5,5,10,150,16,0.0
6,5,10,150,16,0.0
7,5,10,150,16,0.044257815106106525
8,5,10,150,16,0.0
9,5,10,150,16,0.0
10,5,10,150,16,0.2308996128898684
11,5,10,150,16,0.0
12,5,10,150,16,0.0
13,5,10,150,16,0.31444399589519545
14,5,10,150,16,0.18795160328752808
15,5,10,150,16,0.0
16,5,10,150,16,0.061734604266276284
17,5,10,150,16,0.0
18,5,10,150,16,0.14953311575012823
19,5,10,150,16,0.0
20,5,10,150,16,0.13743816645714543
21,5,10,150,16,0.10332949630181452
22,5,10,150,16,0.0
23,5,10,150,16,0.06541518452970234
24,5,10,150,16,0.0
25,5,10,150,16,0.23940867474021393
26,5,10,150,16,0.0
27,5,10,150,16,0.0
28,5,10,150,16,0.0
30,5,10,150,16,0.0
31,5,10,150,16,0.0
32,5,10,150,16,0.19519002499605084
33,5,10,150,16,0.0
34,5,10,150,16,0.0
35,5,10,150,16,0.0
37,5,10,150,16,0.08177471774917201
38,5,10,150,16,0.0
39,5,10,150,16,0.0
40,5,10,150,16,0.0
41,5,10,150,16,0.06835476917178976
42,5,10,150,16,0.0
43,5,10,150,16,0.0
44,5,10,150,16,0.1250013567721441
45,5,10,150,16,0.0
46,5,10,150,16,0.0
47,5,10,150,16,0.0
48,5,10,150,16,0.0
49,5,10,150,16,0.04734112273659951
52,5,10,150,16,0.0
53,5,10,150,16,0.0
54,5,10,150,16,0.0
55,5,10,150,16,0.0
56,5,10,150,16,0.11781210270929884
57,5,10,150,16,0.0
58,5,10,150,16,0.25546756436153767
59,5,10,150,16,0.2056924869134767
60,5,10,150,16,0.06541518452970234
61,5,10,150,16,0.0
62,5,10,150,16,0.10332949630181452
63,5,10,150,16,0.0
64,5,10,150,16,0.04759023790187059
65,5,10,150,16,0.12647135138382856
66,5,10,150,16,0.0
67,5,10,150,16,0.0
68,5,10,150,16,0.0
69,5,10,150,16,0.0
70,5,10,150,16,0.0
71,5,10,150,16,0.0
72,5,10,150,16,0.06362078819895171
73,5,10,150,16,0.0
74,5,10,150,16,0.0
75,5,10,150,16,0.0
76,5,10,150,16,0.10633668103022985
77,5,10,150,16,0.0
78,5,10,150,16,0.0
79,5,10,150,16,0.0
80,5,10,150,16,0.0
81,5,10,150,16,0.0
82,5,10,150,16,0.0
83,5,10,150,16,0.07414861528507455
84,5,10,150,16,0.0
85,5,10,150,16,0.04734112273659951
86,5,10,150,16,0.0
87,5,10,150,16,0.04734112273659951
88,5,10,150,16,0.0
89,5,10,150,16,0.0
90,5,10,150,16,0.05833725389333616
91,5,10,150,16,0.0
92,5,10,150,16,0.05166474815090726
93,5,10,150,16,0.0
94,5,10,150,16,0.0876025382163585
95,5,10,150,16,0.05833725389333616
96,5,10,150,16,0.0
97,5,10,150,16,0.0
98,5,10,150,16,0.0
99,5,10,150,16,0.0
100,5,10,150,16,0.0
101,5,10,150,16,0.0
102,5,10,150,16,0.0
103,5,10,150,16,0.0
104,5,10,150,16,0.27487633291429087
105,5,10,150,16,0.0
106,5,10,150,16,0.0
107,5,10,150,16,0.0
109,5,10,150,16,0.17852851009006268
110,5,10,150,16,0.0
111,5,10,150,16,0.0
112,5,10,150,16,0.0
113,5,10,150,16,0.0
114,5,10,150,16,0.08274602130532002
115,5,10,150,16,0.0
116,5,10,150,16,0.0
117,5,10,150,16,0.0
118,5,10,150,16,0.16958010263680806
119,5,10,150,16,0.0
120,5,10,150,16,0.0
121,5,10,150,16,0.13032376591037062
122,5,10,150,16,0.0
123,5,10,150,16,0.0
124,5,10,150,16,0.0
125,5,10,150,16,0.05446333035917803
126,5,10,150,16,0.0
128,5,10,150,16,0.0
129,5,10,150,16,0.0
130,5,10,150,16,0.10332949630181452
131,5,10,150,16,0.0
132,5,10,150,16,0.0
133,5,10,150,16,0.0
134,5,10,150,16,0.0
135,5,10,150,16,0.0
136,5,10,150,16,0.0
137,5,10,150,16,0.0
138,5,10,150,16,0.0
139,5,10,150,16,0.0
140,5,10,150,16,0.0
141,5,10,150,16,0.0
142,5,10,150,16,0.0
143,5,10,150,16,0.0
144,5,10,150,16,0.0
145,5,10,150,16,0.152420042677126
146,5,10,150,16,0.0
147,5,10,150,16,0.0
148,5,10,150,16,0.0
149,5,10,150,16,0.0
150,5,10,150,16,0.2640681225725909
151,5,10,150,16,0.0
152,5,10,150,16,0.0
153,5,10,150,16,0.0
154,5,10,150,16,0.0
155,5,10,150,16,0.0
156,5,10,150,16,0.0
157,5,10,150,16,0.0
158,5,10,150,16,0.04759023790187059
159,5,10,150,16,0.23138144801632507
160,5,10,150,16,0.1719271394881576
161,5,10,150,16,0.0
162,5,10,150,16,0.0
163,5,10,150,16,0.0
164,5,10,150,16,0.0
165,5,10,150,16,0.0
167,5,10,150,16,0.0
168,5,10,150,16,0.0
169,5,10,150,16,0.0
170,5,10,150,16,0.0
171,5,10,150,16,0.0
173,5,10,150,16,0.0
174,5,10,150,16,0.0
175,5,10,150,16,0.15351022771536424
176,5,10,150,16,0.0
177,5,10,150,16,0.38113435412202
178,5,10,150,16,0.1106005996812794
179,5,10,150,16,0.0
180,5,10,150,16,0.0
181,5,10,150,16,0.05459112561892713
182,5,10,150,16,0.0
183,5,10,150,16,0.15101961822780524
184,5,10,150,16,0.0
185,5,10,150,16,0.0
186,5,10,150,16,0.0
187,5,10,150,16,0.0
188,5,10,150,16,0.07428207290250749
189,5,10,150,16,0.0705333542487353
190,5,10,150,16,0.0
192,5,10,150,16,0.123151194370365
193,5,10,150,16,0.0
194,5,10,150,16,0.0
195,5,10,150,16,0.0
196,5,10,150,16,0.0
197,5,10,150,16,0.09546043308946733
198,5,10,150,16,0.0
199,5,10,150,16,0.0
200,5,10,150,16,0.09785159463516042
201,5,10,150,16,0.0
202,5,10,150,16,0.0
203,5,10,150,16,0.0
204,5,10,150,16,0.19519002499605084
205,5,10,150,16,0.0
206,5,10,150,16,0.0
207,5,10,150,16,0.0
208,5,10,150,16,0.0
209,5,10,150,16,0.0
210,5,10,150,16,0.0
211,5,10,150,16,0.0
213,5,10,150,16,0.0
214,5,10,150,16,0.0
216,5,10,150,16,0.19635793579928928
217,5,10,150,16,0.0
218,5,10,150,16,0.0
219,5,10,150,16,0.0
221,5,10,150,16,0.0
222,5,10,150,16,0.1062558737698344
223,5,10,150,16,0.0
224,5,10,150,16,0.0
225,5,10,150,16,0.0
226,5,10,150,16,0.19092086617893467
227,5,10,150,16,0.0
228,5,10,150,16,0.0
229,5,10,150,16,0.0
230,5,10,150,16,0.04908948394982232
231,5,10,150,16,0.0
232,5,10,150,16,0.0
233,5,10,150,16,0.13886244387355454
234,5,10,150,16,0.0
235,5,10,150,16,0.0
236,5,10,150,16,0.0
237,5,10,150,16,0.19342640361727081
238,5,10,150,16,0.0
239,5,10,150,16,0.06912040963822193
240,5,10,150,16,0.0
241,5,10,150,16,0.0
242,5,10,150,16,0.0
243,5,10,150,16,0.0
244,5,10,150,16,0.05166474815090726
245,5,10,150,16,0.0
246,5,10,150,16,0.05833725389333616
247,5,10,150,16,0.0
248,5,10,150,16,0.0
249,5,10,150,16,0.0
250,5,10,150,16,0.0
251,5,10,150,16,0.13032376591037062
252,5,10,150,16,0.0
253,5,10,150,16,0.0
254,5,10,150,16,0.08514311764162098
255,5,10,150,16,0.0
256,5,10,150,16,0.0
257,5,10,150,16,0.0
258,5,10,150,16,0.0
259,5,10,150,16,0.0
260,5,10,150,16,0.0
261,5,10,150,16,0.0
262,5,10,150,16,0.0
263,5,10,150,16,0.0
264,5,10,150,16,0.0
265,5,10,150,16,0.0
266,5,10,150,16,0.0
267,5,10,150,16,0.06335619058732639
268,5,10,150,16,0.05166474815090726
269,5,10,150,16,0.0705333542487353
270,5,10,150,16,0.0
271,5,10,150,16,0.12380579848508601
272,5,10,150,16,0.0
273,5,10,150,16,0.0
274,5,10,150,16,0.0
275,5,10,150,16,0.0
276,5,10,150,16,0.2056924869134767
277,5,10,150,16,0.0
278,5,10,150,16,0.0
279,5,10,150,16,0.10332949630181452
280,5,10,150,16,0.1637733768567814
281,5,10,150,16,0.0
282,5,10,150,16,0.0
283,5,10,150,16,0.0
284,5,10,150,16,0.0
285,5,10,150,16,0.0
286,5,10,150,16,0.0
287,5,10,150,16,0.0
288,5,10,150,16,0.0
289,5,10,150,16,0.0
290,5,10,150,16,0.07834851647149511
291,5,10,150,16,0.04301500128290471
292,5,10,150,16,0.0
293,5,10,150,16,0.10332949630181452
294,5,10,150,16,0.0
295,5,10,150,16,0.11752277470724268
296,5,10,150,16,0.0818866884283907
297,5,10,150,16,0.0
298,5,10,150,16,0.0
299,5,10,150,16,0.0
300,5,10,150,16,0.0
301,5,10,150,16,0.04191911005669532
302,5,10,150,16,0.0
303,5,10,150,16,0.0
304,5,10,150,16,0.0
305,5,10,150,16,0.11794731620625351
306,5,10,150,16,0.0
307,5,10,150,16,0.10778915452451093
308,5,10,150,16,0.16222907843733575
310,5,10,150,16,0.0
311,5,10,150,16,0.0818866884283907
312,5,10,150,16,0.0
313,5,10,150,16,0.0874083681691436
314,5,10,150,16,0.18521618473020524
315,5,10,150,16,0.0
316,5,10,150,16,0.0
317,5,10,150,16,0.0
318,5,10,150,16,0.0
319,5,10,150,16,0.0
320,5,10,150,16,0.13927874459665815
321,5,10,150,16,0.0
322,5,10,150,16,0.0
323,5,10,150,16,0.1610425878239398
324,5,10,150,16,0.0
325,5,10,150,16,0.09092803061897883
326,5,10,150,16,0.0
327,5,10,150,16,0.0
328,5,10,150,16,0.0818866884283907
329,5,10,150,16,0.0
330,5,10,150,16,0.0
331,5,10,150,16,0.0
332,5,10,150,16,0.0
334,5,10,150,16,0.0
335,5,10,150,16,0.0
336,5,10,150,16,0.05166474815090726
337,5,10,150,16,0.0
338,5,10,150,16,0.0
339,5,10,150,16,0.10332949630181452
340,5,10,150,16,0.0
341,5,10,150,16,0.0
342,5,10,150,16,0.31640357208366837
343,5,10,150,16,0.0705333542487353
344,5,10,150,16,0.1202034973803211
345,5,10,150,16,0.10332949630181452
346,5,10,150,16,0.04366879852493834
347,5,10,150,16,0.2343067311055167
348,5,10,150,16,0.0
349,5,10,150,16,0.0
350,5,10,150,16,0.0
351,5,10,150,16,0.0
352,5,10,150,16,0.0
353,5,10,150,16,0.0
354,5,10,150,16,0.06335619058732639
355,5,10,150,16,0.0
356,5,10,150,16,0.0
357,5,10,150,16,0.0
358,5,10,150,16,0.0
359,5,10,150,16,0.3010299956639812
360,5,10,150,16,0.0
361,5,10,150,16,0.09478836436955078
362,5,10,150,16,0.0
363,5,10,150,16,0.27195543813519213
364,5,10,150,16,0.0
365,5,10,150,16,0.0
366,5,10,150,16,0.0
367,5,10,150,16,0.0
368,5,10,150,16,0.0
369,5,10,150,16,0.0
370,5,10,150,16,0.0
371,5,10,150,16,0.0
372,5,10,150,16,0.15130120674940672
373,5,10,150,16,0.0400672454325441
374,5,10,150,16,0.044257815106106525
375,5,10,150,16,0.0
376,5,10,150,16,0.0
377,5,10,150,16,0.0
378,5,10,150,16,0.2111144995933809
379,5,10,150,16,0.0
380,5,10,150,16,0.0
381,5,10,150,16,0.0
382,5,10,150,16,0.0
383,5,10,150,16,0.0
384,5,10,150,16,0.0
385,5,10,150,16,0.0
386,5,10,150,16,0.0
387,5,10,150,16,0.0818866884283907
388,5,10,150,16,0.0
389,5,10,150,16,0.04930069892507246
390,5,10,150,16,0.0
391,5,10,150,16,0.11245246430543061
392,5,10,150,16,0.11004588314904008
393,5,10,150,16,0.18728784179891458
394,5,10,150,16,0.1338895448360617
395,5,10,150,16,0.0
396,5,10,150,16,0.0
397,5,10,150,16,0.11004588314904008
398,5,10,150,16,0.2677940589097807
399,5,10,150,16,0.0
400,5,10,150,16,0.0
401,5,10,150,16,0.0
402,5,10,150,16,0.0
403,5,10,150,16,0.2529427027676571
404,5,10,150,16,0.0
405,5,10,150,16,0.04930069892507246
406,5,10,150,16,0.06335619058732639
407,5,10,150,16,0.1062558737698344
408,5,10,150,16,0.0
409,5,10,150,16,0.0
410,5,10,150,16,0.0
411,5,10,150,16,0.17342765698823945
412,5,10,150,16,0.0
413,5,10,150,16,0.0
414,5,10,150,16,0.21398626473452756
415,5,10,150,16,0.0
416,5,10,150,16,0.0400672454325441
417,5,10,150,16,0.09173199358345135
419,5,10,150,16,0.30260241349881345
420,5,10,150,16,0.0
421,5,10,150,16,0.0
422,5,10,150,16,0.0
423,5,10,150,16,0.08440880858250024
424,5,10,150,16,0.0
425,5,10,150,16,0.28456016387447575
426,5,10,150,16,0.0
427,5,10,150,16,0.0
428,5,10,150,16,0.0
429,5,10,150,16,0.22265889155664226
430,5,10,150,16,0.07336392209936005
431,5,10,150,16,0.0
432,5,10,150,16,0.0
433,5,10,150,16,0.0
434,5,10,150,16,0.3903800499921017
435,5,10,150,16,0.19593758866691713
436,5,10,150,16,0.0818866884283907
437,5,10,150,16,0.2745841290878218
438,5,10,150,16,0.0
439,5,10,150,16,0.0
440,5,10,150,16,0.0
441,5,10,150,16,0.0
442,5,10,150,16,0.0
443,5,10,150,16,0.0
445,5,10,150,16,0.0
446,5,10,150,16,0.0
447,5,10,150,16,0.21015429952548687
448,5,10,150,16,0.0
449,5,10,150,16,0.0
450,5,10,150,16,0.2738750459618735
451,5,10,150,16,0.0
452,5,10,150,16,0.04301500128290471
453,5,10,150,16,0.0
454,5,10,150,16,0.0
455,5,10,150,16,0.0
456,5,10,150,16,0.10332949630181452
457,5,10,150,16,0.3133304397318853
458,5,10,150,16,0.0
459,5,10,150,16,0.0
460,5,10,150,16,0.0
461,5,10,150,16,0.0
462,5,10,150,16,0.0
463,5,10,150,16,0.0
464,5,10,150,16,0.0
465,5,10,150,16,0.0
466,5,10,150,16,0.0
467,5,10,150,16,0.0
468,5,10,150,16,0.3106802026836857
469,5,10,150,16,0.0
470,5,10,150,16,0.0
471,5,10,150,16,0.0
472,5,10,150,16,0.045683428159663184
473,5,10,150,16,0.0
474,5,10,150,16,0.3399851077354524
475,5,10,150,16,0.0
476,5,10,150,16,0.0
477,5,10,150,16,0.0
478,5,10,150,16,0.1482903019269264
479,5,10,150,16,0.04094334421419535
480,5,10,150,16,0.21398626473452756
481,5,10,150,16,0.0
482,5,10,150,16,0.0
483,5,10,150,16,0.06912040963822193
484,5,10,150,16,0.04734112273659951
485,5,10,150,16,0.0
486,5,10,150,16,0.09467974943381198
487,5,10,150,16,0.12512447986766242
488,5,10,150,16,0.0
489,5,10,150,16,0.0
490,5,10,150,16,0.0
491,5,10,150,16,0.19092086617893467
492,5,10,150,16,0.0
493,5,10,150,16,0.0
494,5,10,150,16,0.0
495,5,10,150,16,0.1637733768567814
496,5,10,150,16,0.05459112561892713
497,5,10,150,16,0.0
498,5,10,150,16,0.0400672454325441
499,5,10,150,16,0.1912282106369008
500,5,10,150,16,0.04930069892507246
501,5,10,150,16,0.0
502,5,10,150,16,0.0
503,5,10,150,16,0.14524860635850984
504,5,10,150,16,0.0
505,5,10,150,16,0.0
506,5,10,150,16,0.0
507,5,10,150,16,0.0
508,5,10,150,16,0.0
509,5,10,150,16,0.06474271459046577
510,5,10,150,16,0.0
511,5,10,150,16,0.0
512,5,10,150,16,0.0
513,5,10,150,16,0.0
514,5,10,150,16,0.1519393019294976
515,5,10,150,16,0.0
516,5,10,150,16,0.0
517,5,10,150,16,0.0
518,5,10,150,16,0.0
519,5,10,150,16,0.0
520,5,10,150,16,0.0
521,5,10,150,16,0.0
522,5,10,150,16,0.0
523,5,10,150,16,0.0
524,5,10,150,16,0.13396789511045804
525,5,10,150,16,0.0
526,5,10,150,16,0.0
527,5,10,150,16,0.09302455089626269
528,5,10,150,16,0.05780700008370542
529,5,10,150,16,0.0
530,5,10,150,16,0.0
531,5,10,150,16,0.0
532,5,10,150,16,0.0
533,5,10,150,16,0.23893121156748112
534,5,10,150,16,0.0
535,5,10,150,16,0.21107861487409724
536,5,10,150,16,0.3138426243335689
537,5,10,150,16,0.34898956158698663
538,5,10,150,16,0.0
539,5,10,150,16,0.06794340091829075
540,5,10,150,16,0.0
541,5,10,150,16,0.044257815106106525
542,5,10,150,16,0.1637733768567814
543,5,10,150,16,0.0
544,5,10,150,16,0.0
545,5,10,150,16,0.0705333542487353
546,5,10,150,16,0.11781210270929884
547,5,10,150,16,0.0
548,5,10,150,16,0.0
549,5,10,150,16,0.0
550,5,10,150,16,0.0
551,5,10,150,16,0.33081696678113914
552,5,10,150,16,0.0
553,5,10,150,16,0.04191911005669532
554,5,10,150,16,0.18521618473020524
555,5,10,150,16,0.0
556,5,10,150,16,0.0
557,5,10,150,16,0.0
558,5,10,150,16,0.0
559,5,10,150,16,0.0734773909038217
560,5,10,150,16,0.16668568688914093
561,5,10,150,16,0.0
562,5,10,150,16,0.0
563,5,10,150,16,0.0
564,5,10,150,16,0.0
565,5,10,150,16,0.0
566,5,10,150,16,0.21835043504004817
567,5,10,150,16,0.10096544707597972
568,5,10,150,16,0.0
569,5,10,150,16,0.0
570,5,10,150,16,0.0
571,5,10,150,16,0.0
572,5,10,150,16,0.0
573,5,10,150,16,0.0
574,5,10,150,16,0.0
575,5,10,150,16,0.0
576,5,10,150,16,0.17342765698823945
577,5,10,150,16,0.26421897457005405
578,5,10,150,16,0.0
579,5,10,150,16,0.0
580,5,10,150,16,0.10209739512291163
581,5,10,150,16,0.0
582,5,10,150,16,0.0
583,5,10,150,16,0.0
584,5,10,150,16,0.0
585,5,10,150,16,0.0
586,5,10,150,16,0.0818866884283907
587,5,10,150,16,0.0
588,5,10,150,16,0.27670175636904465
589,5,10,150,16,0.0
590,5,10,150,16,0.1411583523501176
591,5,10,150,16,0.1637733768567814
592,5,10,150,16,0.1969133545094171
593,5,10,150,16,0.1637733768567814
594,5,10,150,16,0.0843142342558857
595,5,10,150,16,0.0
596,5,10,150,16,0.0
597,5,10,150,16,0.0
598,5,10,150,16,0.11752277470724268
599,5,10,150,16,0.0
600,5,10,150,16,0.0
601,5,10,150,16,0.0
602,5,10,150,16,0.0
603,5,10,150,16,0.06194403202282284
604,5,10,150,16,0.0
605,5,10,150,16,0.04265230456965118
606,5,10,150,16,0.22833085307395867
607,5,10,150,16,0.0
608,5,10,150,16,0.09260809236510262
609,5,10,150,16,0.11838279295536291
610,5,10,150,16,0.0
611,5,10,150,16,0.0
612,5,10,150,16,0.0
613,5,10,150,16,0.15130120674940672
614,5,10,150,16,0.13886244387355454
615,5,10,150,16,0.0
616,5,10,150,16,0.0
617,5,10,150,16,0.05833725389333616
618,5,10,150,16,0.2692807558885836
619,5,10,150,16,0.11245246430543061
620,5,10,150,16,0.04301500128290471
621,5,10,150,16,0.1637733768567814
622,5,10,150,16,0.239931376723167
623,5,10,150,16,0.0
624,5,10,150,16,0.0
625,5,10,150,16,0.0
626,5,10,150,16,0.0
627,5,10,150,16,0.04734112273659951
628,5,10,150,16,0.0
629,5,10,150,16,0.09121980898176778
630,5,10,150,16,0.10332949630181452
631,5,10,150,16,0.0
632,5,10,150,16,0.3127863013182591
633,5,10,150,16,0.04734112273659951
634,5,10,150,16,0.0
635,5,10,150,16,0.0
636,5,10,150,16,0.0
637,5,10,150,16,0.0
638,5,10,150,16,0.04366879852493834
639,5,10,150,16,0.0
640,5,10,150,16,0.0
641,5,10,150,16,0.0
642,5,10,150,16,0.04301500128290471
643,5,10,150,16,0.17280369753666036
644,5,10,150,16,0.0
645,5,10,150,16,0.1992520595588283
646,5,10,150,16,0.0
647,5,10,150,16,0.0
648,5,10,150,16,0.05833725389333616
649,5,10,150,16,0.0
650,5,10,150,16,0.0
651,5,10,150,16,0.0
652,5,10,150,16,0.0
653,5,10,150,16,0.05833725389333616
654,5,10,150,16,0.2056924869134767
655,5,10,150,16,0.1408996367677785
656,5,10,150,16,0.0
657,5,10,150,16,0.053845569940583225
658,5,10,150,16,0.0
659,5,10,150,16,0.0400672454325441
660,5,10,150,16,0.0
661,5,10,150,16,0.05166474815090726
662,5,10,150,16,0.0
663,5,10,150,16,0.1548474895689586
664,5,10,150,16,0.06335619058732639
665,5,10,150,16,0.0
666,5,10,150,16,0.1637733768567814
667,5,10,150,16,0.19635793579928928
668,5,10,150,16,0.0
669,5,10,150,16,0.267665201400781
670,5,10,150,16,0.04610512027589789
671,5,10,150,16,0.14758731140792106
672,5,10,150,16,0.0
673,5,10,150,16,0.0
674,5,10,150,16,0.0
675,5,10,150,16,0.0
676,5,10,150,16,0.0
677,5,10,150,16,0.0
678,5,10,150,16,0.0
679,5,10,150,16,0.23841902696579753
680,5,10,150,16,0.2073612289146658
681,5,10,150,16,0.0
682,5,10,150,16,0.19561961989570537
683,5,10,150,16,0.044257815106106525
684,5,10,150,16,0.0
685,5,10,150,16,0.0
686,5,10,150,16,0.05459112561892713
687,5,10,150,16,0.0
688,5,10,150,16,0.0
689,5,10,150,16,0.27487633291429087
690,5,10,150,16,0.0
691,5,10,150,16,0.0
692,5,10,150,16,0.0
693,5,10,150,16,0.0
694,5,10,150,16,0.08101058964673945
695,5,10,150,16,0.0
696,5,10,150,16,0.0
697,5,10,150,16,0.0705333542487353
698,5,10,150,16,0.1637733768567814
699,5,10,150,16,0.0
700,5,10,150,16,0.16958010263680806
701,5,10,150,16,0.0
702,5,10,150,16,0.0
703,5,10,150,16,0.0
704,5,10,150,16,0.05459112561892713
705,5,10,150,16,0.05166474815090726
706,5,10,150,16,0.0
707,5,10,150,16,0.05833725389333616
708,5,10,150,16,0.0
709,5,10,150,16,0.09035612401950423
710,5,10,150,16,0.0818866884283907
711,5,10,150,16,0.1063711918702311
712,5,10,150,16,0.04094334421419535
713,5,10,150,16,0.0
714,5,10,150,16,0.0
715,5,10,150,16,0.16166675019515067
716,5,10,150,16,0.13784167331370908
717,5,10,150,16,0.10332949630181452
718,5,10,150,16,0.0
719,5,10,150,16,0.0400672454325441
720,5,10,150,16,0.0
721,5,10,150,16,0.1637733768567814
722,5,10,150,16,0.0
723,5,10,150,16,0.0
724,5,10,150,16,0.0
725,5,10,150,16,0.05750402108673013
726,5,10,150,16,0.2529427027676571
727,5,10,150,16,0.10763795281840861
728,5,10,150,16,0.0
729,5,10,150,16,0.0
730,5,10,150,16,0.0
731,5,10,150,16,0.0
732,5,10,150,16,0.0
733,5,10,150,16,0.0
734,5,10,150,16,0.04734112273659951
735,5,10,150,16,0.0
736,5,10,150,16,0.0
737,5,10,150,16,0.11004588314904008
738,5,10,150,16,0.41952291583572193
739,5,10,150,16,0.0
740,5,10,150,16,0.0
741,5,10,150,16,0.05459112561892713
742,5,10,150,16,0.0
743,5,10,150,16,0.0
744,5,10,150,16,0.0
745,5,10,150,16,0.33763622740733124
746,5,10,150,16,0.0400672454325441
747,5,10,150,16,0.390908671643682
748,5,10,150,16,0.3415826285421859
749,5,10,150,16,0.15638074148358908
750,5,10,150,16,0.07219614103266732
751,5,10,150,16,0.08101058964673945
752,5,10,150,16,0.0
753,5,10,150,16,0.1062558737698344
754,5,10,150,16,0.0
755,5,10,150,16,0.0
756,5,10,150,16,0.0
757,5,10,150,16,0.0
758,5,10,150,16,0.152420042677126
759,5,10,150,16,0.0
760,5,10,150,16,0.0
761,5,10,150,16,0.04094334421419535
762,5,10,150,16,0.0
763,5,10,150,16,0.369156166957312
764,5,10,150,16,0.10903961874698957
765,5,10,150,16,0.0
766,5,10,150,16,0.08198635548923942
767,5,10,150,16,0.2073612289146658
768,5,10,150,16,0.0992805981075315
769,5,10,150,16,0.0
770,5,10,150,16,0.0
771,5,10,150,16,0.0400672454325441
772,5,10,150,16,0.0
773,5,10,150,16,0.1219539338609348
774,5,10,150,16,0.0
775,5,10,150,16,0.0
776,5,10,150,16,0.12490168971129541
777,5,10,150,16,0.0
778,5,10,150,16,0.0
779,5,10,150,16,0.06335619058732639
780,5,10,150,16,0.04759023790187059
781,5,10,150,16,0.10517970826141314
782,5,10,150,16,0.0
783,5,10,150,16,0.0
784,5,10,150,16,0.0
785,5,10,150,16,0.048159222084064895
786,5,10,150,16,0.203585860251846
787,5,10,150,16,0.0
788,5,10,150,16,0.3304590637459223
789,5,10,150,16,0.059109628562248356
790,5,10,150,16,0.12887060814207146
791,5,10,150,16,0.0
792,5,10,150,16,0.0
793,5,10,150,16,0.0
794,5,10,150,16,0.14524287901571709
795,5,10,150,16,0.2080311919628879
796,5,10,150,16,0.47905050610361205
797,5,10,150,16,0.0
798,5,10,150,16,0.18378305206463366
799,5,10,150,16,0.0
800,5,10,150,16,0.0
801,5,10,150,16,0.0
802,5,10,150,16,0.044257815106106525
803,5,10,150,16,0.0
804,5,10,150,16,0.20623178315704838
805,5,10,150,16,0.09121980898176778
806,5,10,150,16,0.1786281771509114
807,5,10,150,16,0.13474699486635608
808,5,10,150,16,0.0
809,5,10,150,16,0.0
810,5,10,150,16,0.0
811,5,10,150,16,0.0
812,5,10,150,16,0.0
813,5,10,150,16,0.09175846814843708
814,5,10,150,16,0.06335619058732639
815,5,10,150,16,0.27437397653806084
816,5,10,150,16,0.0
817,5,10,150,16,0.0
818,5,10,150,16,0.0
819,5,10,150,16,0.0
820,5,10,150,16,0.0
821,5,10,150,16,0.10389182454399959
822,5,10,150,16,0.0
823,5,10,150,16,0.26956961037612465
824,5,10,150,16,0.0
825,5,10,150,16,0.06335619058732639
826,5,10,150,16,0.0992805981075315
827,5,10,150,16,0.0
828,5,10,150,16,0.0705333542487353
829,5,10,150,16,0.1409249809442021
830,5,10,150,16,0.04191911005669532
831,5,10,150,16,0.13118738735346316
832,5,10,150,16,0.0
833,5,10,150,16,0.25469130109141336
834,5,10,150,16,0.0
835,5,10,150,16,0.04734112273659951
836,5,10,150,16,0.0
837,5,10,150,16,0.0
838,5,10,150,16,0.08828446695079487
839,5,10,150,16,0.04191911005669532
840,5,10,150,16,0.3285996795097562
841,5,10,150,16,0.0
842,5,10,150,16,0.0
843,5,10,150,16,0.2567253048214405
844,5,10,150,16,0.2231635494756223
845,5,10,150,16,0.0
846,5,10,150,16,0.3766374228865379
847,5,10,150,16,0.0
848,5,10,150,16,0.04094334421419535
849,5,10,150,16,0.0
850,5,10,150,16,0.0
851,5,10,150,16,0.4085621096915097
852,5,10,150,16,0.0
853,5,10,150,16,0.0
854,5,10,150,16,0.2466008615347507
855,5,10,150,16,0.0
856,5,10,150,16,0.0
857,5,10,150,16,0.0
858,5,10,150,16,0.0
859,5,10,150,16,0.0
860,5,10,150,16,0.0
861,5,10,150,16,0.12757011658805387
862,5,10,150,16,0.06335619058732639
863,5,10,150,16,0.0
864,5,10,150,16,0.32567902938452914
865,5,10,150,16,0.0
866,5,10,150,16,0.0
867,5,10,150,16,0.34825513428461474
868,5,10,150,16,0.20054184294704913
869,5,10,150,16,0.04301500128290471
870,5,10,150,16,0.24190006791497898
871,5,10,150,16,0.14339674173435862
872,5,10,150,16,0.0
873,5,10,150,16,0.0
874,5,10,150,16,0.04094334421419535
875,5,10,150,16,0.346896317470602
876,5,10,150,16,0.0
877,5,10,150,16,0.06335619058732639
878,5,10,150,16,0.04094334421419535
879,5,10,150,16,0.044257815106106525
880,5,10,150,16,0.5230234486646081
881,5,10,150,16,0.4955935875403928
882,5,10,150,16,0.3369018001049594
883,5,10,150,16,0.38539131263570375
884,5,10,150,16,0.0
885,5,10,150,16,0.15051368887594094
886,5,10,150,16,0.38892375127878537
887,5,10,150,16,0.14621864485821703
888,5,10,150,16,0.0
889,5,10,150,16,0.4479563891550519
890,5,10,150,16,0.3734740650288271
891,5,10,150,16,0.0
892,5,10,150,16,0.4128352411955793
893,5,10,150,16,0.045683428159663184
894,5,10,150,16,0.4174087695620764
895,5,10,150,16,0.0
896,5,10,150,16,0.5311649175661769
897,5,10,150,16,0.0818866884283907
898,5,10,150,16,0.0
899,5,10,150,16,0.34996532742948655
900,5,10,150,16,0.05459112561892713
901,5,10,150,16,0.45094041440026345
902,5,10,150,16,0.0
903,5,10,150,16,0.5778183842255473
904,5,10,150,16,0.0
905,5,10,150,16,0.1106973133239259
906,5,10,150,16,0.0
907,5,10,150,16,0.30717011859114
908,5,10,150,16,0.20929598269702102
909,5,10,150,16,0.0
910,5,10,150,16,0.21094350199524745
911,5,10,150,16,0.0
912,5,10,150,16,0.0818866884283907
913,5,10,150,16,0.1896638765185476
914,5,10,150,16,0.0
915,5,10,150,16,0.0
916,5,10,150,16,0.3656904991624751
917,5,10,150,16,0.0
918,5,10,150,16,0.0
919,5,10,150,16,0.18555429298696893
920,5,10,150,16,0.04173963774222741
921,5,10,150,16,0.06335619058732639
922,5,10,150,16,0.04734112273659951
923,5,10,150,16,0.045683428159663184
924,5,10,150,16,0.04930069892507246
925,5,10,150,16,0.04734112273659951
926,5,10,150,16,0.10110248162007003
927,5,10,150,16,0.13020357700749016
928,5,10,150,16,0.0705333542487353
929,5,10,150,16,0.0818866884283907
930,5,10,150,16,0.0818866884283907
931,5,10,150,16,0.0
932,5,10,150,16,0.3349202980784669
933,5,10,150,16,0.13351804789940136
934,5,10,150,16,0.0400672454325441
935,5,10,150,16,0.0
936,5,10,150,16,0.1637733768567814
937,5,10,150,16,0.10761400569343292
938,5,10,150,16,0.10259506899944268
939,5,10,150,16,0.05166474815090726
940,5,10,150,16,0.1786281771509114
941,5,10,150,16,0.17060921827860473
942,5,10,150,16,0.0
943,5,10,150,16,0.3795496101212337
1,5,10,150,17,0.4646307801739275
2,5,10,150,17,0.0
3,5,10,150,17,0.0
4,5,10,150,17,0.0
5,5,10,150,17,0.0
6,5,10,150,17,0.0
7,5,10,150,17,0.04258528250242427
8,5,10,150,17,0.0
9,5,10,150,17,0.0
10,5,10,150,17,0.2221737611999455
11,5,10,150,17,0.0
12,5,10,150,17,0.0
13,5,10,150,17,0.3025609457738559
14,5,10,150,17,0.18795160328752808
15,5,10,150,17,0.0
16,5,10,150,17,0.061734604266276284
17,5,10,150,17,0.0
18,5,10,150,17,0.14388215871976698
19,5,10,150,17,0.0
20,5,10,150,17,0.13743816645714543
21,5,10,150,17,0.09942460513010813
22,5,10,150,17,0.0
23,5,10,150,17,0.06541518452970234
24,5,10,150,17,0.0
25,5,10,150,17,0.23940867474021393
26,5,10,150,17,0.0
27,5,10,150,17,0.0
28,5,10,150,17,0.0
30,5,10,150,17,0.08133484538841967
31,5,10,150,17,0.0
32,5,10,150,17,0.19519002499605084
33,5,10,150,17,0.0
34,5,10,150,17,0.0
35,5,10,150,17,0.0
37,5,10,150,17,0.08177471774917201
38,5,10,150,17,0.0
39,5,10,150,17,0.0
40,5,10,150,17,0.0
41,5,10,150,17,0.06835476917178976
42,5,10,150,17,0.0
43,5,10,150,17,0.0
44,5,10,150,17,0.16427625423436099
45,5,10,150,17,0.0
46,5,10,150,17,0.0
47,5,10,150,17,0.0
48,5,10,150,17,0.0
49,5,10,150,17,0.0455520698635181
52,5,10,150,17,0.0
53,5,10,150,17,0.0
54,5,10,150,17,0.0
55,5,10,150,17,0.0
56,5,10,150,17,0.11781210270929884
57,5,10,150,17,0.0
58,5,10,150,17,0.25546756436153767
59,5,10,150,17,0.19791922947023236
60,5,10,150,17,0.06541518452970234
61,5,10,150,17,0.0
62,5,10,150,17,0.09942460513010813
63,5,10,150,17,0.0
64,5,10,150,17,0.04759023790187059
65,5,10,150,17,0.12647135138382856
66,5,10,150,17,0.0
67,5,10,150,17,0.0
68,5,10,150,17,0.0
69,5,10,150,17,0.0
70,5,10,150,17,0.0
71,5,10,150,17,0.0
72,5,10,150,17,0.06362078819895171
73,5,10,150,17,0.0
74,5,10,150,17,0.0
75,5,10,150,17,0.0
76,5,10,150,17,0.10633668103022985
77,5,10,150,17,0.0
78,5,10,150,17,0.0
79,5,10,150,17,0.0
80,5,10,150,17,0.0
81,5,10,150,17,0.0
82,5,10,150,17,0.0
83,5,10,150,17,0.07414861528507455
84,5,10,150,17,0.0
85,5,10,150,17,0.04734112273659951
86,5,10,150,17,0.0
87,5,10,150,17,0.0455520698635181
88,5,10,150,17,0.0
89,5,10,150,17,0.0
90,5,10,150,17,0.0561326498270945
91,5,10,150,17,0.0
92,5,10,150,17,0.049712302565054066
93,5,10,150,17,0.0
94,5,10,150,17,0.08429197936972523
95,5,10,150,17,0.0561326498270945
96,5,10,150,17,0.0
97,5,10,150,17,0.0
98,5,10,150,17,0.0
99,5,10,150,17,0.05278074934727935
100,5,10,150,17,0.0
101,5,10,150,17,0.0
102,5,10,150,17,0.0
103,5,10,150,17,0.0
104,5,10,150,17,0.27487633291429087
105,5,10,150,17,0.0
106,5,10,150,17,0.0
107,5,10,150,17,0.0
109,5,10,150,17,0.1717817976033171
110,5,10,150,17,0.0
111,5,10,150,17,0.0
112,5,10,150,17,0.0
113,5,10,150,17,0.0
114,5,10,150,17,0.08274602130532002
115,5,10,150,17,0.0
116,5,10,150,17,0.0
117,5,10,150,17,0.0
118,5,10,150,17,0.16958010263680806
119,5,10,150,17,0.0
120,5,10,150,17,0.0
121,5,10,150,17,0.13032376591037062
122,5,10,150,17,0.0
123,5,10,150,17,0.0
124,5,10,150,17,0.0
125,5,10,150,17,0.05446333035917803
126,5,10,150,17,0.0
128,5,10,150,17,0.0
129,5,10,150,17,0.0
130,5,10,150,17,0.09942460513010813
131,5,10,150,17,0.0
132,5,10,150,17,0.0
133,5,10,150,17,0.0
134,5,10,150,17,0.0
135,5,10,150,17,0.0
136,5,10,150,17,0.0
137,5,10,150,17,0.0
138,5,10,150,17,0.0
139,5,10,150,17,0.0
140,5,10,150,17,0.0
141,5,10,150,17,0.0
142,5,10,150,17,0.0
143,5,10,150,17,0.0
144,5,10,150,17,0.0
145,5,10,150,17,0.1844506594043969
146,5,10,150,17,0.0
147,5,10,150,17,0.0
148,5,10,150,17,0.0
149,5,10,150,17,0.0
150,5,10,150,17,0.2640681225725909
151,5,10,150,17,0.0
152,5,10,150,17,0.0
153,5,10,150,17,0.0
154,5,10,150,17,0.0
155,5,10,150,17,0.0
156,5,10,150,17,0.0
157,5,10,150,17,0.0
158,5,10,150,17,0.04759023790187059
159,5,10,150,17,0.23138144801632507
160,5,10,150,17,0.1719271394881576
161,5,10,150,17,0.0
162,5,10,150,17,0.0
163,5,10,150,17,0.0
164,5,10,150,17,0.0
165,5,10,150,17,0.0
167,5,10,150,17,0.0
168,5,10,150,17,0.0
169,5,10,150,17,0.0
170,5,10,150,17,0.0
171,5,10,150,17,0.0
173,5,10,150,17,0.0
174,5,10,150,17,0.0
175,5,10,150,17,0.15351022771536424
176,5,10,150,17,0.0
177,5,10,150,17,0.38113435412202
178,5,10,150,17,0.1442116012899706
179,5,10,150,17,0.0
180,5,10,150,17,0.0
181,5,10,150,17,0.05252809026007655
182,5,10,150,17,0.0
183,5,10,150,17,0.15101961822780524
184,5,10,150,17,0.0
185,5,10,150,17,0.0
186,5,10,150,17,0.0
187,5,10,150,17,0.0
188,5,10,150,17,0.07428207290250749
189,5,10,150,17,0.06786785134613488
190,5,10,150,17,0.0
192,5,10,150,17,0.123151194370365
193,5,10,150,17,0.0
194,5,10,150,17,0.0
195,5,10,150,17,0.0
196,5,10,150,17,0.0
197,5,10,150,17,0.09546043308946733
198,5,10,150,17,0.0
199,5,10,150,17,0.0
200,5,10,150,17,0.09785159463516042
201,5,10,150,17,0.0
202,5,10,150,17,0.0
203,5,10,150,17,0.0
204,5,10,150,17,0.19519002499605084
205,5,10,150,17,0.0
206,5,10,150,17,0.0
207,5,10,150,17,0.0
208,5,10,150,17,0.0
209,5,10,150,17,0.0
210,5,10,150,17,0.0
211,5,10,150,17,0.0
213,5,10,150,17,0.0
214,5,10,150,17,0.0
216,5,10,150,17,0.19635793579928928
217,5,10,150,17,0.0
218,5,10,150,17,0.0
219,5,10,150,17,0.0
221,5,10,150,17,0.0
222,5,10,150,17,0.10224039282513062
223,5,10,150,17,0.0
224,5,10,150,17,0.0
225,5,10,150,17,0.0
226,5,10,150,17,0.19092086617893467
227,5,10,150,17,0.0
228,5,10,150,17,0.0
229,5,10,150,17,0.0
230,5,10,150,17,0.04908948394982232
231,5,10,150,17,0.0
232,5,10,150,17,0.0
233,5,10,150,17,0.13886244387355454
234,5,10,150,17,0.0
235,5,10,150,17,0.0
236,5,10,150,17,0.0
237,5,10,150,17,0.19342640361727081
238,5,10,150,17,0.0
239,5,10,150,17,0.06912040963822193
240,5,10,150,17,0.0
241,5,10,150,17,0.0
242,5,10,150,17,0.0
243,5,10,150,17,0.0
244,5,10,150,17,0.049712302565054066
245,5,10,150,17,0.0
246,5,10,150,17,0.0561326498270945
247,5,10,150,17,0.0
248,5,10,150,17,0.0
249,5,10,150,17,0.0
250,5,10,150,17,0.0
251,5,10,150,17,0.13032376591037062
252,5,10,150,17,0.0
253,5,10,150,17,0.0
254,5,10,150,17,0.08514311764162098
255,5,10,150,17,0.0
256,5,10,150,17,0.0
257,5,10,150,17,0.0
258,5,10,150,17,0.0
259,5,10,150,17,0.0
260,5,10,150,17,0.0
261,5,10,150,17,0.0
262,5,10,150,17,0.0
263,5,10,150,17,0.0
264,5,10,150,17,0.0
265,5,10,150,17,0.0
266,5,10,150,17,0.0
267,5,10,150,17,0.060961917527339995
268,5,10,150,17,0.049712302565054066
269,5,10,150,17,0.06786785134613488
270,5,10,150,17,0.0
271,5,10,150,17,0.11912709408011753
272,5,10,150,17,0.0
273,5,10,150,17,0.0
274,5,10,150,17,0.0
275,5,10,150,17,0.0
276,5,10,150,17,0.23570990213837953
277,5,10,150,17,0.0
278,5,10,150,17,0.0
279,5,10,150,17,0.09942460513010813
280,5,10,150,17,0.15758427078022966
281,5,10,150,17,0.0
282,5,10,150,17,0.0
283,5,10,150,17,0.0
284,5,10,150,17,0.0
285,5,10,150,17,0.0
286,5,10,150,17,0.0
287,5,10,150,17,0.0
288,5,10,150,17,0.0
289,5,10,150,17,0.0
290,5,10,150,17,0.07834851647149511
291,5,10,150,17,0.04301500128290471
292,5,10,150,17,0.0
293,5,10,150,17,0.09942460513010813
294,5,10,150,17,0.0
295,5,10,150,17,0.11752277470724268
296,5,10,150,17,0.07879213539011483
297,5,10,150,17,0.0
298,5,10,150,17,0.0
299,5,10,150,17,0.0
300,5,10,150,17,0.0
301,5,10,150,17,0.040334958690002705
302,5,10,150,17,0.0
303,5,10,150,17,0.0
304,5,10,150,17,0.0
305,5,10,150,17,0.11349000778741654
306,5,10,150,17,0.0
307,5,10,150,17,0.10778915452451093
308,5,10,150,17,0.1560983324368552
310,5,10,150,17,0.0
311,5,10,150,17,0.07879213539011483
312,5,10,150,17,0.0
313,5,10,150,17,0.08410514713920661
314,5,10,150,17,0.17821674052022296
315,5,10,150,17,0.0
316,5,10,150,17,0.0
317,5,10,150,17,0.0
318,5,10,150,17,0.0
319,5,10,150,17,0.0
320,5,10,150,17,0.13927874459665815
321,5,10,150,17,0.0
322,5,10,150,17,0.0
323,5,10,150,17,0.1610425878239398
324,5,10,150,17,0.0
325,5,10,150,17,0.09092803061897883
326,5,10,150,17,0.0
327,5,10,150,17,0.0
328,5,10,150,17,0.07879213539011483
329,5,10,150,17,0.0
330,5,10,150,17,0.0
331,5,10,150,17,0.0
332,5,10,150,17,0.0
334,5,10,150,17,0.0
335,5,10,150,17,0.0
336,5,10,150,17,0.049712302565054066
337,5,10,150,17,0.0
338,5,10,150,17,0.0
339,5,10,150,17,0.13721527779825535
340,5,10,150,17,0.0
341,5,10,150,17,0.0
342,5,10,150,17,0.304446468260022
343,5,10,150,17,0.10565852401428207
344,5,10,150,17,0.1202034973803211
345,5,10,150,17,0.09942460513010813
346,5,10,150,17,0.04366879852493834
347,5,10,150,17,0.22545212212636453
348,5,10,150,17,0.0
349,5,10,150,17,0.0
350,5,10,150,17,0.0
351,5,10,150,17,0.0
352,5,10,150,17,0.0
353,5,10,150,17,0.0
354,5,10,150,17,0.06335619058732639
355,5,10,150,17,0.0
356,5,10,150,17,0.0
357,5,10,150,17,0.0
358,5,10,150,17,0.0
359,5,10,150,17,0.3010299956639812
360,5,10,150,17,0.07256783117062009
361,5,10,150,17,0.09478836436955078
362,5,10,150,17,0.0
363,5,10,150,17,0.2616780591923025
364,5,10,150,17,0.0
365,5,10,150,17,0.0
366,5,10,150,17,0.0
367,5,10,150,17,0.0
368,5,10,150,17,0.0
369,5,10,150,17,0.0
370,5,10,150,17,0.0
371,5,10,150,17,0.0
372,5,10,150,17,0.15130120674940672
373,5,10,150,17,0.0763437499438357
374,5,10,150,17,0.04258528250242427
375,5,10,150,17,0.0
376,5,10,150,17,0.0
377,5,10,150,17,0.0
378,5,10,150,17,0.20313634064374775
379,5,10,150,17,0.0
380,5,10,150,17,0.0
381,5,10,150,17,0.0
382,5,10,150,17,0.0
383,5,10,150,17,0.0
384,5,10,150,17,0.0
385,5,10,150,17,0.0
386,5,10,150,17,0.0
387,5,10,150,17,0.07879213539011483
388,5,10,150,17,0.0
389,5,10,150,17,0.04743759234968417
390,5,10,150,17,0.0
391,5,10,150,17,0.11245246430543061
392,5,10,150,17,0.11004588314904008
393,5,10,150,17,0.18021010827476808
394,5,10,150,17,0.1288297688734749
395,5,10,150,17,0.0
396,5,10,150,17,0.0
397,5,10,150,17,0.11004588314904008
398,5,10,150,17,0.2576739412870467
399,5,10,150,17,0.0377906726681472
400,5,10,150,17,0.0
401,5,10,150,17,0.0
402,5,10,150,17,0.0
403,5,10,150,17,0.2529427027676571
404,5,10,150,17,0.0
405,5,10,150,17,0.04743759234968417
406,5,10,150,17,0.060961917527339995
407,5,10,150,17,0.10224039282513062
408,5,10,150,17,0.0
409,5,10,150,17,0.0
410,5,10,150,17,0.0
411,5,10,150,17,0.17342765698823945
412,5,10,150,17,0.0
413,5,10,150,17,0.0
414,5,10,150,17,0.21398626473452756
415,5,10,150,17,0.0
416,5,10,150,17,0.03855307727568851
417,5,10,150,17,0.08826537984074258
419,5,10,150,17,0.30260241349881345
420,5,10,150,17,0.0
421,5,10,150,17,0.0
422,5,10,150,17,0.0
423,5,10,150,17,0.08440880858250024
424,5,10,150,17,0.0
425,5,10,150,17,0.2738064438671011
426,5,10,150,17,0.0
427,5,10,150,17,0.0
428,5,10,150,17,0.0
429,5,10,150,17,0.2142444622691727
430,5,10,150,17,0.1261446714466394
431,5,10,150,17,0.0
432,5,10,150,17,0.0
433,5,10,150,17,0.0
434,5,10,150,17,0.3903800499921017
435,5,10,150,17,0.1885329753902196
436,5,10,150,17,0.07879213539011483
437,5,10,150,17,0.30199808281374285
438,5,10,150,17,0.0
439,5,10,150,17,0.0
440,5,10,150,17,0.0
441,5,10,150,17,0.0
442,5,10,150,17,0.0
443,5,10,150,17,0.0
445,5,10,150,17,0.0
446,5,10,150,17,0.0
447,5,10,150,17,0.21015429952548687
448,5,10,150,17,0.0
449,5,10,150,17,0.0
450,5,10,150,17,0.26352512374795456
451,5,10,150,17,0.0
452,5,10,150,17,0.041389435449602524
453,5,10,150,17,0.0
454,5,10,150,17,0.0
455,5,10,150,17,0.0
456,5,10,150,17,0.09942460513010813
457,5,10,150,17,0.301489471647011
458,5,10,150,17,0.0
459,5,10,150,17,0.0
460,5,10,150,17,0.0
461,5,10,150,17,0.0
462,5,10,150,17,0.0
463,5,10,150,17,0.0
464,5,10,150,17,0.0
465,5,10,150,17,0.0
466,5,10,150,17,0.0
467,5,10,150,17,0.0
468,5,10,150,17,0.2989393888395929
469,5,10,150,17,0.0
470,5,10,150,17,0.0
471,5,10,150,17,0.0
472,5,10,150,17,0.043957020679722535
473,5,10,150,17,0.0
474,5,10,150,17,0.32713684181697716
475,5,10,150,17,0.0
476,5,10,150,17,0.0
477,5,10,150,17,0.0
478,5,10,150,17,0.1426863116669452
479,5,10,150,17,0.039396067695057414
480,5,10,150,17,0.21398626473452756
481,5,10,150,17,0.0
482,5,10,150,17,0.0
483,5,10,150,17,0.06912040963822193
484,5,10,150,17,0.0455520698635181
485,5,10,150,17,0.0
486,5,10,150,17,0.0911017380146566
487,5,10,150,17,0.12039594160621142
488,5,10,150,17,0.0
489,5,10,150,17,0.0
490,5,10,150,17,0.0
491,5,10,150,17,0.19092086617893467
492,5,10,150,17,0.0
493,5,10,150,17,0.0
494,5,10,150,17,0.0
495,5,10,150,17,0.15758427078022966
496,5,10,150,17,0.05459112561892713
497,5,10,150,17,0.0
498,5,10,150,17,0.03855307727568851
499,5,10,150,17,0.1912282106369008
500,5,10,150,17,0.04743759234968417
501,5,10,150,17,0.0
502,5,10,150,17,0.0
503,5,10,150,17,0.13975956382011082
504,5,10,150,17,0.0
505,5,10,150,17,0.0
506,5,10,150,17,0.0
507,5,10,150,17,0.0
508,5,10,150,17,0.0
509,5,10,150,17,0.06474271459046577
510,5,10,150,17,0.0
511,5,10,150,17,0.0
512,5,10,150,17,0.0
513,5,10,150,17,0.0
514,5,10,150,17,0.14619741350485316
515,5,10,150,17,0.0
516,5,10,150,17,0.0
517,5,10,150,17,0.0
518,5,10,150,17,0.0
519,5,10,150,17,0.0
520,5,10,150,17,0.0
521,5,10,150,17,0.0
522,5,10,150,17,0.0
523,5,10,150,17,0.0
524,5,10,150,17,0.12890515823829804
525,5,10,150,17,0.0
526,5,10,150,17,0.0
527,5,10,150,17,0.08950909054324063
528,5,10,150,17,0.05780700008370542
529,5,10,150,17,0.0
530,5,10,150,17,0.0
531,5,10,150,17,0.0
532,5,10,150,17,0.0
533,5,10,150,17,0.22990184036093061
534,5,10,150,17,0.0
535,5,10,150,17,0.2408924847002915
536,5,10,150,17,0.30198230044806673
537,5,10,150,17,0.33580101130045265
538,5,10,150,17,0.0
539,5,10,150,17,0.06794340091829075
540,5,10,150,17,0.0
541,5,10,150,17,0.04258528250242427
542,5,10,150,17,0.15758427078022966
543,5,10,150,17,0.0
544,5,10,150,17,0.0
545,5,10,150,17,0.06786785134613488
546,5,10,150,17,0.11781210270929884
547,5,10,150,17,0.0
548,5,10,150,17,0.0
549,5,10,150,17,0.0
550,5,10,150,17,0.0
551,5,10,150,17,0.3183151710764438
552,5,10,150,17,0.0
553,5,10,150,17,0.040334958690002705
554,5,10,150,17,0.17821674052022296
555,5,10,150,17,0.0
556,5,10,150,17,0.0
557,5,10,150,17,0.0
558,5,10,150,17,0.0
559,5,10,150,17,0.0734773909038217
560,5,10,150,17,0.16038652265744813
561,5,10,150,17,0.0
562,5,10,150,17,0.0
563,5,10,150,17,0.0
564,5,10,150,17,0.0
565,5,10,150,17,0.0
566,5,10,150,17,0.21009882522250217
567,5,10,150,17,0.09714989491473823
568,5,10,150,17,0.0
569,5,10,150,17,0.0
570,5,10,150,17,0.0
571,5,10,150,17,0.0
572,5,10,150,17,0.0
573,5,10,150,17,0.0
574,5,10,150,17,0.0
575,5,10,150,17,0.0
576,5,10,150,17,0.17342765698823945
577,5,10,150,17,0.25423396178936364
578,5,10,150,17,0.0
579,5,10,150,17,0.0
580,5,10,150,17,0.10209739512291163
581,5,10,150,17,0.0
582,5,10,150,17,0.0
583,5,10,150,17,0.0
584,5,10,150,17,0.0
585,5,10,150,17,0.0
586,5,10,150,17,0.07879213539011483
587,5,10,150,17,0.0
588,5,10,150,17,0.3040356835355479
589,5,10,150,17,0.0
590,5,10,150,17,0.1411583523501176
591,5,10,150,17,0.15758427078022966
592,5,10,150,17,0.18947186638516492
593,5,10,150,17,0.15758427078022966
594,5,10,150,17,0.0843142342558857
595,5,10,150,17,0.0
596,5,10,150,17,0.0
597,5,10,150,17,0.0
598,5,10,150,17,0.11752277470724268
599,5,10,150,17,0.0
600,5,10,150,17,0.0
601,5,10,150,17,0.0
602,5,10,150,17,0.0
603,5,10,150,17,0.06194403202282284
604,5,10,150,17,0.0
605,5,10,150,17,0.04265230456965118
606,5,10,150,17,0.2574927492135491
607,5,10,150,17,0.0
608,5,10,150,17,0.08910837026011148
609,5,10,150,17,0.11838279295536291
610,5,10,150,17,0.0
611,5,10,150,17,0.0
612,5,10,150,17,0.0
613,5,10,150,17,0.15130120674940672
614,5,10,150,17,0.13886244387355454
615,5,10,150,17,0.0
616,5,10,150,17,0.0
617,5,10,150,17,0.0561326498270945
618,5,10,150,17,0.2591044549869669
619,5,10,150,17,0.10820281003613758
620,5,10,150,17,0.041389435449602524
621,5,10,150,17,0.15758427078022966
622,5,10,150,17,0.23086420860260387
623,5,10,150,17,0.0
624,5,10,150,17,0.0
625,5,10,150,17,0.0
626,5,10,150,17,0.0
627,5,10,150,17,0.0455520698635181
628,5,10,150,17,0.0
629,5,10,150,17,0.08777255103968688
630,5,10,150,17,0.09942460513010813
631,5,10,150,17,0.0
632,5,10,150,17,0.30096589659006034
633,5,10,150,17,0.0455520698635181
634,5,10,150,17,0.0
635,5,10,150,17,0.0
636,5,10,150,17,0.0
637,5,10,150,17,0.0
638,5,10,150,17,0.04366879852493834
639,5,10,150,17,0.0
640,5,10,150,17,0.0
641,5,10,150,17,0.0
642,5,10,150,17,0.041389435449602524
643,5,10,150,17,0.16627332956720692
644,5,10,150,17,0.0
645,5,10,150,17,0.19172219019758646
646,5,10,150,17,0.0
647,5,10,150,17,0.0
648,5,10,150,17,0.0561326498270945
649,5,10,150,17,0.0
650,5,10,150,17,0.0
651,5,10,150,17,0.0
652,5,10,150,17,0.0
653,5,10,150,17,0.0561326498270945
654,5,10,150,17,0.19791922947023236
655,5,10,150,17,0.13557494471562656
656,5,10,150,17,0.0
657,5,10,150,17,0.053845569940583225
658,5,10,150,17,0.0
659,5,10,150,17,0.03855307727568851
660,5,10,150,17,0.0
661,5,10,150,17,0.049712302565054066
662,5,10,150,17,0.0
663,5,10,150,17,0.14899569877717375
664,5,10,150,17,0.060961917527339995
665,5,10,150,17,0.0
666,5,10,150,17,0.15758427078022966
667,5,10,150,17,0.19635793579928928
668,5,10,150,17,0.0
669,5,10,150,17,0.25754995338999037
670,5,10,150,17,0.04610512027589789
671,5,10,150,17,0.1798005603006796
672,5,10,150,17,0.0
673,5,10,150,17,0.0
674,5,10,150,17,0.0
675,5,10,150,17,0.0
676,5,10,150,17,0.0
677,5,10,150,17,0.03927489746221688
678,5,10,150,17,0.0
679,5,10,150,17,0.22940901155987492
680,5,10,150,17,0.2073612289146658
681,5,10,150,17,0.0
682,5,10,150,17,0.1882270228727594
683,5,10,150,17,0.04258528250242427
684,5,10,150,17,0.0
685,5,10,150,17,0.0
686,5,10,150,17,0.05252809026007655
687,5,10,150,17,0.0
688,5,10,150,17,0.0
689,5,10,150,17,0.27487633291429087
690,5,10,150,17,0.0
691,5,10,150,17,0.0
692,5,10,150,17,0.0
693,5,10,150,17,0.0
694,5,10,150,17,0.11573981763889313
695,5,10,150,17,0.0
696,5,10,150,17,0.0
697,5,10,150,17,0.06786785134613488
698,5,10,150,17,0.15758427078022966
699,5,10,150,17,0.0
700,5,10,150,17,0.16958010263680806
701,5,10,150,17,0.0
702,5,10,150,17,0.0
703,5,10,150,17,0.0
704,5,10,150,17,0.05252809026007655
705,5,10,150,17,0.049712302565054066
706,5,10,150,17,0.0
707,5,10,150,17,0.0561326498270945
708,5,10,150,17,0.0
709,5,10,150,17,0.08694150531312063
710,5,10,150,17,0.07879213539011483
711,5,10,150,17,0.10235135297694252
712,5,10,150,17,0.07718674036320462
713,5,10,150,17,0.0
714,5,10,150,17,0.0
715,5,10,150,17,0.15555725495720263
716,5,10,150,17,0.13263254375748101
717,5,10,150,17,0.09942460513010813
718,5,10,150,17,0.0
719,5,10,150,17,0.03855307727568851
720,5,10,150,17,0.0
721,5,10,150,17,0.15758427078022966
722,5,10,150,17,0.0
723,5,10,150,17,0.0
724,5,10,150,17,0.0
725,5,10,150,17,0.05750402108673013
726,5,10,150,17,0.2529427027676571
727,5,10,150,17,0.10357024217677867
728,5,10,150,17,0.0
729,5,10,150,17,0.0
730,5,10,150,17,0.0
731,5,10,150,17,0.0
732,5,10,150,17,0.0
733,5,10,150,17,0.0
734,5,10,150,17,0.0455520698635181
735,5,10,150,17,0.0
736,5,10,150,17,0.0
737,5,10,150,17,0.16282663249631943
738,5,10,150,17,0.40366886264658747
739,5,10,150,17,0.0
740,5,10,150,17,0.0
741,5,10,150,17,0.09031876292822374
742,5,10,150,17,0.0
743,5,10,150,17,0.0
744,5,10,150,17,0.0
745,5,10,150,17,0.33763622740733124
746,5,10,150,17,0.03855307727568851
747,5,10,150,17,0.3761359699904554
748,5,10,150,17,0.3286739912378228
749,5,10,150,17,0.15047100807058061
750,5,10,150,17,0.07219614103266732
751,5,10,150,17,0.07794914497074593
752,5,10,150,17,0.0
753,5,10,150,17,0.10224039282513062
754,5,10,150,17,0.0
755,5,10,150,17,0.0
756,5,10,150,17,0.0
757,5,10,150,17,0.0
758,5,10,150,17,0.14665998673624972
759,5,10,150,17,0.0
760,5,10,150,17,0.0
761,5,10,150,17,0.039396067695057414
762,5,10,150,17,0.0
763,5,10,150,17,0.3552055070884004
764,5,10,150,17,0.10491893820706252
765,5,10,150,17,0.0
766,5,10,150,17,0.07888803596569122
767,5,10,150,17,0.2073612289146658
768,5,10,150,17,0.0955287175221519
769,5,10,150,17,0.0
770,5,10,150,17,0.0
771,5,10,150,17,0.03855307727568851
772,5,10,150,17,0.0
773,5,10,150,17,0.11734521266580333
774,5,10,150,17,0.0
775,5,10,150,17,0.0
776,5,10,150,17,0.12018157083971735
777,5,10,150,17,0.0
778,5,10,150,17,0.0
779,5,10,150,17,0.060961917527339995
780,5,10,150,17,0.04759023790187059
781,5,10,150,17,0.10517970826141314
782,5,10,150,17,0.0
783,5,10,150,17,0.0
784,5,10,150,17,0.0
785,5,10,150,17,0.048159222084064895
786,5,10,150,17,0.2336828863153525
787,5,10,150,17,0.0
788,5,10,150,17,0.3179707934376778
789,5,10,150,17,0.059109628562248356
790,5,10,150,17,0.12400050117322937
791,5,10,150,17,0.0
792,5,10,150,17,0.0
793,5,10,150,17,0.0
794,5,10,150,17,0.13975405291745482
795,5,10,150,17,0.20016955328265393
796,5,10,150,17,0.4609468652359402
797,5,10,150,17,0.0
798,5,10,150,17,0.17683776690210604
799,5,10,150,17,0.0
800,5,10,150,17,0.0
801,5,10,150,17,0.0
802,5,10,150,17,0.04258528250242427
803,5,10,150,17,0.0
804,5,10,150,17,0.23622881801413922
805,5,10,150,17,0.12556322370783407
806,5,10,150,17,0.20966837084704068
807,5,10,150,17,0.1674454879584923
808,5,10,150,17,0.0
809,5,10,150,17,0.0
810,5,10,150,17,0.0
811,5,10,150,17,0.0
812,5,10,150,17,0.0
813,5,10,150,17,0.09175846814843708
814,5,10,150,17,0.060961917527339995
815,5,10,150,17,0.30179587207020026
816,5,10,150,17,0.0
817,5,10,150,17,0.0
818,5,10,150,17,0.0
819,5,10,150,17,0.0
820,5,10,150,17,0.0
821,5,10,150,17,0.09996568260976071
822,5,10,150,17,0.0
823,5,10,150,17,0.2971730661372677
824,5,10,150,17,0.0
825,5,10,150,17,0.060961917527339995
826,5,10,150,17,0.0955287175221519
827,5,10,150,17,0.0
828,5,10,150,17,0.06786785134613488
829,5,10,150,17,0.1355993311185749
830,5,10,150,17,0.040334958690002705
831,5,10,150,17,0.126229727739799
832,5,10,150,17,0.0
833,5,10,150,17,0.24506634550044326
834,5,10,150,17,0.0
835,5,10,150,17,0.0455520698635181
836,5,10,150,17,0.0
837,5,10,150,17,0.0
838,5,10,150,17,0.08494813755857551
839,5,10,150,17,0.040334958690002705
840,5,10,150,17,0.3161816765825449
841,5,10,150,17,0.0
842,5,10,150,17,0.0
843,5,10,150,17,0.24702348286130313
844,5,10,150,17,0.2147300488259272
845,5,10,150,17,0.0
846,5,10,150,17,0.3624040413236582
847,5,10,150,17,0.0
848,5,10,150,17,0.039396067695057414
849,5,10,150,17,0.0
850,5,10,150,17,0.0
851,5,10,150,17,0.3931222727395502
852,5,10,150,17,0.0
853,5,10,150,17,0.0
854,5,10,150,17,0.27507232176495505
855,5,10,150,17,0.0
856,5,10,150,17,0.0
857,5,10,150,17,0.0
858,5,10,150,17,0.0
859,5,10,150,17,0.0
860,5,10,150,17,0.0
861,5,10,150,17,0.12274915606983736
862,5,10,150,17,0.060961917527339995
863,5,10,150,17,0.0
864,5,10,150,17,0.3133713997901785
865,5,10,150,17,0.0
866,5,10,150,17,0.0
867,5,10,150,17,0.37288501116801037
868,5,10,150,17,0.2307539044721174
869,5,10,150,17,0.041389435449602524
870,5,10,150,17,0.23275850163000145
871,5,10,150,17,0.13797768240579664
872,5,10,150,17,0.0
873,5,10,150,17,0.0
874,5,10,150,17,0.039396067695057414
875,5,10,150,17,0.3337868722872848
876,5,10,150,17,0.0
877,5,10,150,17,0.060961917527339995
878,5,10,150,17,0.039396067695057414
879,5,10,150,17,0.04258528250242427
880,5,10,150,17,0.5032580407183584
881,5,10,150,17,0.5146554451653682
882,5,10,150,17,0.3241700544558833
883,5,10,150,17,0.37082711569074034
884,5,10,150,17,0.0
885,5,10,150,17,0.14482567532755491
886,5,10,150,17,0.3742260611013409
887,5,10,150,17,0.14069294391240011
888,5,10,150,17,0.0
889,5,10,150,17,0.4310278158828882
890,5,10,150,17,0.35936022888728036
891,5,10,150,17,0.0
892,5,10,150,17,0.3972339197296816
893,5,10,150,17,0.043957020679722535
894,5,10,150,17,0.4016346113827419
895,5,10,150,17,0.0
896,5,10,150,17,0.5110918380336301
897,5,10,150,17,0.07879213539011483
898,5,10,150,17,0.0
899,5,10,150,17,0.3367399022953979
900,5,10,150,17,0.05252809026007655
901,5,10,150,17,0.43389907280682444
902,5,10,150,17,0.0
903,5,10,150,17,0.555982238805642
904,5,10,150,17,0.0
905,5,10,150,17,0.10651398739085809
906,5,10,150,17,0.0
907,5,10,150,17,0.2955619531860263
908,5,10,150,17,0.2013865467241597
909,5,10,150,17,0.0
910,5,10,150,17,0.2029718051598724
911,5,10,150,17,0.0377906726681472
912,5,10,150,17,0.07879213539011483
913,5,10,150,17,0.22028702371221048
914,5,10,150,17,0.0
915,5,10,150,17,0.0
916,5,10,150,17,0.3518708092107746
917,5,10,150,17,0.0
918,5,10,150,17,0.0
919,5,10,150,17,0.17854207143852893
920,5,10,150,17,0.04173963774222741
921,5,10,150,17,0.060961917527339995
922,5,10,150,17,0.0455520698635181
923,5,10,150,17,0.043957020679722535
924,5,10,150,17,0.08522826501783137
925,5,10,150,17,0.0455520698635181
926,5,10,150,17,0.10110248162007003
927,5,10,150,17,0.1630737689167254
928,5,10,150,17,0.06786785134613488
929,5,10,150,17,0.07879213539011483
930,5,10,150,17,0.07879213539011483
931,5,10,150,17,0.0377906726681472
932,5,10,150,17,0.36005410739201243
933,5,10,150,17,0.1284723110559451
934,5,10,150,17,0.03855307727568851
935,5,10,150,17,0.0
936,5,10,150,17,0.15758427078022966
937,5,10,150,17,0.10354720002976427
938,5,10,150,17,0.09871793232951877
939,5,10,150,17,0.049712302565054066
940,5,10,150,17,0.1718776981788935
941,5,10,150,17,0.17060921827860473
942,5,10,150,17,0.0
943,5,10,150,17,0.3652061750438193
1,5,10,150,18,0.44801103058252845
2,5,10,150,18,0.0
3,5,10,150,18,0.0
4,5,10,150,18,0.0
5,5,10,150,18,0.0
6,5,10,150,18,0.0
7,5,10,150,18,0.041062015509212284
8,5,10,150,18,0.0
9,5,10,150,18,0.0
10,5,10,150,18,0.21422665043052946
11,5,10,150,18,0.0
12,5,10,150,18,0.0
13,5,10,150,18,0.29173840157431746
14,5,10,150,18,0.18795160328752808
15,5,10,150,18,0.0
16,5,10,150,18,0.061734604266276284
17,5,10,150,18,0.0
18,5,10,150,18,0.1387355228303037
19,5,10,150,18,0.0
20,5,10,150,18,0.13743816645714543
21,5,10,150,18,0.09586820699422145
22,5,10,150,18,0.0
23,5,10,150,18,0.06541518452970234
24,5,10,150,18,0.0
25,5,10,150,18,0.23940867474021393
26,5,10,150,18,0.0
27,5,10,150,18,0.0
28,5,10,150,18,0.0
30,5,10,150,18,0.08133484538841967
31,5,10,150,18,0.0
32,5,10,150,18,0.19519002499605084
33,5,10,150,18,0.0
34,5,10,150,18,0.0
35,5,10,150,18,0.0
37,5,10,150,18,0.08177471774917201
38,5,10,150,18,0.0
39,5,10,150,18,0.0
40,5,10,150,18,0.0
41,5,10,150,18,0.06835476917178976
42,5,10,150,18,0.04622440829742681
43,5,10,150,18,0.0
44,5,10,150,18,0.16427625423436099
45,5,10,150,18,0.0
46,5,10,150,18,0.0
47,5,10,150,18,0.0
48,5,10,150,18,0.0
49,5,10,150,18,0.043922681482881344
52,5,10,150,18,0.0
53,5,10,150,18,0.0
54,5,10,150,18,0.0
55,5,10,150,18,0.0
56,5,10,150,18,0.11781210270929884
57,5,10,150,18,0.0
58,5,10,150,18,0.25546756436153767
59,5,10,150,18,0.1908396984243413
60,5,10,150,18,0.06541518452970234
61,5,10,150,18,0.0
62,5,10,150,18,0.09586820699422145
63,5,10,150,18,0.0
64,5,10,150,18,0.04759023790187059
65,5,10,150,18,0.12647135138382856
66,5,10,150,18,0.0
67,5,10,150,18,0.0
68,5,10,150,18,0.0
69,5,10,150,18,0.0
70,5,10,150,18,0.0
71,5,10,150,18,0.0
72,5,10,150,18,0.06362078819895171
73,5,10,150,18,0.0
74,5,10,150,18,0.0
75,5,10,150,18,0.0
76,5,10,150,18,0.10633668103022985
77,5,10,150,18,0.0
78,5,10,150,18,0.0
79,5,10,150,18,0.0
80,5,10,150,18,0.0
81,5,10,150,18,0.0
82,5,10,150,18,0.0
83,5,10,150,18,0.07414861528507455
84,5,10,150,18,0.0
85,5,10,150,18,0.04734112273659951
86,5,10,150,18,0.0
87,5,10,150,18,0.0455520698635181
88,5,10,150,18,0.0
89,5,10,150,18,0.0
90,5,10,150,18,0.0561326498270945
91,5,10,150,18,0.0
92,5,10,150,18,0.047934103497110726
93,5,10,150,18,0.0
94,5,10,150,18,0.11704667116180566
95,5,10,150,18,0.05412479622841819
96,5,10,150,18,0.0
97,5,10,150,18,0.0
98,5,10,150,18,0.0
99,5,10,150,18,0.05278074934727935
100,5,10,150,18,0.0
101,5,10,150,18,0.0
102,5,10,150,18,0.0
103,5,10,150,18,0.0
104,5,10,150,18,0.33958467175585033
105,5,10,150,18,0.0
106,5,10,150,18,0.0
107,5,10,150,18,0.0
109,5,10,150,18,0.16563719724029594
110,5,10,150,18,0.0
111,5,10,150,18,0.0
112,5,10,150,18,0.0
113,5,10,150,18,0.0
114,5,10,150,18,0.08274602130532002
115,5,10,150,18,0.0
116,5,10,150,18,0.0
117,5,10,150,18,0.0
118,5,10,150,18,0.16958010263680806
119,5,10,150,18,0.0
120,5,10,150,18,0.0
121,5,10,150,18,0.13032376591037062
122,5,10,150,18,0.0
123,5,10,150,18,0.0
124,5,10,150,18,0.0
125,5,10,150,18,0.05446333035917803
126,5,10,150,18,0.0
128,5,10,150,18,0.0
129,5,10,150,18,0.0
130,5,10,150,18,0.09586820699422145
131,5,10,150,18,0.0
132,5,10,150,18,0.0
133,5,10,150,18,0.0
134,5,10,150,18,0.0
135,5,10,150,18,0.0
136,5,10,150,18,0.0
137,5,10,150,18,0.0
138,5,10,150,18,0.0
139,5,10,150,18,0.0
140,5,10,150,18,0.0
141,5,10,150,18,0.0
142,5,10,150,18,0.0
143,5,10,150,18,0.0
144,5,10,150,18,0.0
145,5,10,150,18,0.17785289640186405
146,5,10,150,18,0.0
147,5,10,150,18,0.0
148,5,10,150,18,0.0
149,5,10,150,18,0.0
150,5,10,150,18,0.2640681225725909
151,5,10,150,18,0.0
152,5,10,150,18,0.0
153,5,10,150,18,0.0
154,5,10,150,18,0.0
155,5,10,150,18,0.0
156,5,10,150,18,0.0
157,5,10,150,18,0.0
158,5,10,150,18,0.04759023790187059
159,5,10,150,18,0.23138144801632507
160,5,10,150,18,0.1719271394881576
161,5,10,150,18,0.0
162,5,10,150,18,0.0
163,5,10,150,18,0.0
164,5,10,150,18,0.0
165,5,10,150,18,0.0
167,5,10,150,18,0.0
168,5,10,150,18,0.0
169,5,10,150,18,0.0
170,5,10,150,18,0.0
171,5,10,150,18,0.0
173,5,10,150,18,0.0
174,5,10,150,18,0.0
175,5,10,150,18,0.15351022771536424
176,5,10,150,18,0.0
177,5,10,150,18,0.38113435412202
178,5,10,150,18,0.13905318130600655
179,5,10,150,18,0.0
180,5,10,150,18,0.0
181,5,10,150,18,0.050649171032404884
182,5,10,150,18,0.0
183,5,10,150,18,0.15101961822780524
184,5,10,150,18,0.0
185,5,10,150,18,0.0
186,5,10,150,18,0.0
187,5,10,150,18,0.0
188,5,10,150,18,0.07428207290250749
189,5,10,150,18,0.06786785134613488
190,5,10,150,18,0.0
192,5,10,150,18,0.123151194370365
193,5,10,150,18,0.0
194,5,10,150,18,0.0
195,5,10,150,18,0.0647083388415595
196,5,10,150,18,0.0
197,5,10,150,18,0.09546043308946733
198,5,10,150,18,0.0
199,5,10,150,18,0.0
200,5,10,150,18,0.09785159463516042
201,5,10,150,18,0.0
202,5,10,150,18,0.0
203,5,10,150,18,0.0
204,5,10,150,18,0.19519002499605084
205,5,10,150,18,0.0
206,5,10,150,18,0.0
207,5,10,150,18,0.0
208,5,10,150,18,0.0
209,5,10,150,18,0.0
210,5,10,150,18,0.0
211,5,10,150,18,0.0
213,5,10,150,18,0.0
214,5,10,150,18,0.0
216,5,10,150,18,0.19635793579928928
217,5,10,150,18,0.0
218,5,10,150,18,0.0
219,5,10,150,18,0.0
221,5,10,150,18,0.0
222,5,10,150,18,0.09858327452951562
223,5,10,150,18,0.0
224,5,10,150,18,0.0
225,5,10,150,18,0.0
226,5,10,150,18,0.19092086617893467
227,5,10,150,18,0.0
228,5,10,150,18,0.0
229,5,10,150,18,0.0
230,5,10,150,18,0.04908948394982232
231,5,10,150,18,0.0
232,5,10,150,18,0.0
233,5,10,150,18,0.13886244387355454
234,5,10,150,18,0.0
235,5,10,150,18,0.0
236,5,10,150,18,0.0
237,5,10,150,18,0.19342640361727081
238,5,10,150,18,0.0
239,5,10,150,18,0.06912040963822193
240,5,10,150,18,0.0
241,5,10,150,18,0.0
242,5,10,150,18,0.0
243,5,10,150,18,0.0
244,5,10,150,18,0.049712302565054066
245,5,10,150,18,0.0
246,5,10,150,18,0.0561326498270945
247,5,10,150,18,0.0
248,5,10,150,18,0.0
249,5,10,150,18,0.0
250,5,10,150,18,0.0
251,5,10,150,18,0.13032376591037062
252,5,10,150,18,0.0
253,5,10,150,18,0.0
254,5,10,150,18,0.08514311764162098
255,5,10,150,18,0.0
256,5,10,150,18,0.0
257,5,10,150,18,0.07984133538066794
258,5,10,150,18,0.0
259,5,10,150,18,0.0
260,5,10,150,18,0.0
261,5,10,150,18,0.0
262,5,10,150,18,0.0
263,5,10,150,18,0.0
264,5,10,150,18,0.0
265,5,10,150,18,0.0
266,5,10,150,18,0.0
267,5,10,150,18,0.05878132199396477
268,5,10,150,18,0.049712302565054066
269,5,10,150,18,0.06544023194852022
270,5,10,150,18,0.0
271,5,10,150,18,0.11486594187573396
272,5,10,150,18,0.0
273,5,10,150,18,0.0
274,5,10,150,18,0.0
275,5,10,150,18,0.0
276,5,10,150,18,0.2630484052760561
277,5,10,150,18,0.0
278,5,10,150,18,0.0
279,5,10,150,18,0.09586820699422145
280,5,10,150,18,0.15194751309721466
281,5,10,150,18,0.0
282,5,10,150,18,0.0
283,5,10,150,18,0.0
284,5,10,150,18,0.0
285,5,10,150,18,0.0
286,5,10,150,18,0.0
287,5,10,150,18,0.0
288,5,10,150,18,0.0
289,5,10,150,18,0.0
290,5,10,150,18,0.07834851647149511
291,5,10,150,18,0.04301500128290471
292,5,10,150,18,0.0
293,5,10,150,18,0.09586820699422145
294,5,10,150,18,0.0
295,5,10,150,18,0.11752277470724268
296,5,10,150,18,0.07879213539011483
297,5,10,150,18,0.0
298,5,10,150,18,0.0
299,5,10,150,18,0.0
300,5,10,150,18,0.0
301,5,10,150,18,0.038892185327126634
302,5,10,150,18,0.0
303,5,10,150,18,0.0
304,5,10,150,18,0.0
305,5,10,150,18,0.11349000778741654
306,5,10,150,18,0.0
307,5,10,150,18,0.10778915452451093
308,5,10,150,18,0.15051472646963032
310,5,10,150,18,0.0
311,5,10,150,18,0.07597375654860733
312,5,10,150,18,0.0
313,5,10,150,18,0.08109672293563117
314,5,10,150,18,0.1718419635428288
315,5,10,150,18,0.0
316,5,10,150,18,0.0
317,5,10,150,18,0.0
318,5,10,150,18,0.03855371268423985
319,5,10,150,18,0.0
320,5,10,150,18,0.13927874459665815
321,5,10,150,18,0.0
322,5,10,150,18,0.0
323,5,10,150,18,0.1610425878239398
324,5,10,150,18,0.0
325,5,10,150,18,0.09092803061897883
326,5,10,150,18,0.0
327,5,10,150,18,0.0
328,5,10,150,18,0.07597375654860733
329,5,10,150,18,0.0
330,5,10,150,18,0.0
331,5,10,150,18,0.0
332,5,10,150,18,0.0
334,5,10,150,18,0.0
335,5,10,150,18,0.0
336,5,10,150,18,0.049712302565054066
337,5,10,150,18,0.0
338,5,10,150,18,0.0
339,5,10,150,18,0.13230711489895797
340,5,10,150,18,0.0
341,5,10,150,18,0.0
342,5,10,150,18,0.29355647930024337
343,5,10,150,18,0.10187913985325672
344,5,10,150,18,0.1202034973803211
345,5,10,150,18,0.1316380059411998
346,5,10,150,18,0.04366879852493834
347,5,10,150,18,0.21738774504573488
348,5,10,150,18,0.0
349,5,10,150,18,0.0
350,5,10,150,18,0.0
351,5,10,150,18,0.0
352,5,10,150,18,0.0
353,5,10,150,18,0.14434031438272124
354,5,10,150,18,0.06335619058732639
355,5,10,150,18,0.0
356,5,10,150,18,0.0
357,5,10,150,18,0.0
358,5,10,150,18,0.0
359,5,10,150,18,0.3010299956639812
360,5,10,150,18,0.07256783117062009
361,5,10,150,18,0.09478836436955078
362,5,10,150,18,0.0
363,5,10,150,18,0.25231788762615837
364,5,10,150,18,0.0
365,5,10,150,18,0.0
366,5,10,150,18,0.0
367,5,10,150,18,0.0
368,5,10,150,18,0.0
369,5,10,150,18,0.0
370,5,10,150,18,0.0
371,5,10,150,18,0.07984133538066794
372,5,10,150,18,0.15130120674940672
373,5,10,150,18,0.10938274830446466
374,5,10,150,18,0.041062015509212284
375,5,10,150,18,0.0
376,5,10,150,18,0.0
377,5,10,150,18,0.0
378,5,10,150,18,0.195870194580096
379,5,10,150,18,0.0
380,5,10,150,18,0.0
381,5,10,150,18,0.0
382,5,10,150,18,0.0
383,5,10,150,18,0.0
384,5,10,150,18,0.0
385,5,10,150,18,0.0
386,5,10,150,18,0.0
387,5,10,150,18,0.07597375654860733
388,5,10,150,18,0.0
389,5,10,150,18,0.045740759208807255
390,5,10,150,18,0.0
391,5,10,150,18,0.11245246430543061
392,5,10,150,18,0.11004588314904008
393,5,10,150,18,0.17376402893356643
394,5,10,150,18,0.12422155394248499
395,5,10,150,18,0.0
396,5,10,150,18,0.0
397,5,10,150,18,0.11004588314904008
398,5,10,150,18,0.24845699621333353
399,5,10,150,18,0.03643890790473651
400,5,10,150,18,0.0
401,5,10,150,18,0.0
402,5,10,150,18,0.0
403,5,10,150,18,0.2529427027676571
404,5,10,150,18,0.0
405,5,10,150,18,0.045740759208807255
406,5,10,150,18,0.05878132199396477
407,5,10,150,18,0.09858327452951562
408,5,10,150,18,0.0
409,5,10,150,18,0.035769798946978335
410,5,10,150,18,0.0
411,5,10,150,18,0.17342765698823945
412,5,10,150,18,0.0
413,5,10,150,18,0.0
414,5,10,150,18,0.21398626473452756
415,5,10,150,18,0.0
416,5,10,150,18,0.07294384039972815
417,5,10,150,18,0.08510814494986053
419,5,10,150,18,0.30260241349881345
420,5,10,150,18,0.0
421,5,10,150,18,0.0
422,5,10,150,18,0.0
423,5,10,150,18,0.08440880858250024
424,5,10,150,18,0.0
425,5,10,150,18,0.2640124424195878
426,5,10,150,18,0.0
427,5,10,150,18,0.0
428,5,10,150,18,0.0
429,5,10,150,18,0.20658098092830093
430,5,10,150,18,0.1261446714466394
431,5,10,150,18,0.0
432,5,10,150,18,0.0
433,5,10,150,18,0.0
434,5,10,150,18,0.3903800499921017
435,5,10,150,18,0.18178918876563582
436,5,10,150,18,0.07597375654860733
437,5,10,150,18,0.2911956721091224
438,5,10,150,18,0.0
439,5,10,150,18,0.0
440,5,10,150,18,0.0
441,5,10,150,18,0.0
442,5,10,150,18,0.0
443,5,10,150,18,0.0
445,5,10,150,18,0.0
446,5,10,150,18,0.0
447,5,10,150,18,0.21015429952548687
448,5,10,150,18,0.0
449,5,10,150,18,0.0
450,5,10,150,18,0.2540988830540127
451,5,10,150,18,0.0
452,5,10,150,18,0.03990894366504131
453,5,10,150,18,0.0
454,5,10,150,18,0.0
455,5,10,150,18,0.0
456,5,10,150,18,0.09586820699422145
457,5,10,150,18,0.2907052538615667
458,5,10,150,18,0.0
459,5,10,150,18,0.0
460,5,10,150,18,0.0
461,5,10,150,18,0.0
462,5,10,150,18,0.0
463,5,10,150,18,0.0
464,5,10,150,18,0.0
465,5,10,150,18,0.0
466,5,10,150,18,0.0
467,5,10,150,18,0.0
468,5,10,150,18,0.2882463870034681
469,5,10,150,18,0.0
470,5,10,150,18,0.0
471,5,10,150,18,0.0
472,5,10,150,18,0.04238468688770069
473,5,10,150,18,0.0
474,5,10,150,18,0.3512050217040128
475,5,10,150,18,0.0
476,5,10,150,18,0.0
477,5,10,150,18,0.0
478,5,10,150,18,0.1375824509861327
479,5,10,150,18,0.037986878274303665
480,5,10,150,18,0.21398626473452756
481,5,10,150,18,0.0
482,5,10,150,18,0.0
483,5,10,150,18,0.06912040963822193
484,5,10,150,18,0.043922681482881344
485,5,10,150,18,0.0
486,5,10,150,18,0.08784304716215204
487,5,10,150,18,0.1160894029809251
488,5,10,150,18,0.0
489,5,10,150,18,0.0
490,5,10,150,18,0.0
491,5,10,150,18,0.19092086617893467
492,5,10,150,18,0.0
493,5,10,150,18,0.0
494,5,10,150,18,0.0
495,5,10,150,18,0.15194751309721466
496,5,10,150,18,0.05459112561892713
497,5,10,150,18,0.0
498,5,10,150,18,0.03855307727568851
499,5,10,150,18,0.1912282106369008
500,5,10,150,18,0.045740759208807255
501,5,10,150,18,0.0
502,5,10,150,18,0.0
503,5,10,150,18,0.1347603923213481
504,5,10,150,18,0.0
505,5,10,150,18,0.0
506,5,10,150,18,0.035769798946978335
507,5,10,150,18,0.0
508,5,10,150,18,0.0
509,5,10,150,18,0.06474271459046577
510,5,10,150,18,0.0
511,5,10,150,18,0.0
512,5,10,150,18,0.0
513,5,10,150,18,0.0
514,5,10,150,18,0.14096796141721632
515,5,10,150,18,0.0
516,5,10,150,18,0.0
517,5,10,150,18,0.0
518,5,10,150,18,0.0
519,5,10,150,18,0.0
520,5,10,150,18,0.0
521,5,10,150,18,0.0
522,5,10,150,18,0.0
523,5,10,150,18,0.0
524,5,10,150,18,0.1242942466448857
525,5,10,150,18,0.0
526,5,10,150,18,0.0
527,5,10,150,18,0.08950909054324063
528,5,10,150,18,0.05780700008370542
529,5,10,150,18,0.0
530,5,10,150,18,0.0
531,5,10,150,18,0.0
532,5,10,150,18,0.0
533,5,10,150,18,0.2216782977536798
534,5,10,150,18,0.0
535,5,10,150,18,0.23227580895472405
536,5,10,150,18,0.2911804542754934
537,5,10,150,18,0.3237894766400435
538,5,10,150,18,0.0
539,5,10,150,18,0.06794340091829075
540,5,10,150,18,0.0
541,5,10,150,18,0.041062015509212284
542,5,10,150,18,0.15194751309721466
543,5,10,150,18,0.0
544,5,10,150,18,0.0
545,5,10,150,18,0.06544023194852022
546,5,10,150,18,0.11781210270929884
547,5,10,150,18,0.0
548,5,10,150,18,0.0
549,5,10,150,18,0.0
550,5,10,150,18,0.0
551,5,10,150,18,0.3069291014052664
552,5,10,150,18,0.0
553,5,10,150,18,0.038892185327126634
554,5,10,150,18,0.1718419635428288
555,5,10,150,18,0.0
556,5,10,150,18,0.0
557,5,10,150,18,0.0
558,5,10,150,18,0.0
559,5,10,150,18,0.0734773909038217
560,5,10,150,18,0.15464952898818624
561,5,10,150,18,0.0
562,5,10,150,18,0.0
563,5,10,150,18,0.0
564,5,10,150,18,0.0
565,5,10,150,18,0.0
566,5,10,150,18,0.20258363248529693
567,5,10,150,18,0.09367486270591797
568,5,10,150,18,0.0
569,5,10,150,18,0.0
570,5,10,150,18,0.0
571,5,10,150,18,0.0
572,5,10,150,18,0.0
573,5,10,150,18,0.0
574,5,10,150,18,0.0
575,5,10,150,18,0.0
576,5,10,150,18,0.17342765698823945
577,5,10,150,18,0.24514006409066433
578,5,10,150,18,0.0
579,5,10,150,18,0.0
580,5,10,150,18,0.10209739512291163
581,5,10,150,18,0.0
582,5,10,150,18,0.0
583,5,10,150,18,0.0
584,5,10,150,18,0.0
585,5,10,150,18,0.0
586,5,10,150,18,0.07597375654860733
587,5,10,150,18,0.0
588,5,10,150,18,0.2931603882627742
589,5,10,150,18,0.0
590,5,10,150,18,0.18511573258657482
591,5,10,150,18,0.15758427078022966
592,5,10,150,18,0.18269449581845884
593,5,10,150,18,0.15194751309721466
594,5,10,150,18,0.0843142342558857
595,5,10,150,18,0.0
596,5,10,150,18,0.0
597,5,10,150,18,0.0
598,5,10,150,18,0.11752277470724268
599,5,10,150,18,0.0
600,5,10,150,18,0.0
601,5,10,150,18,0.0
602,5,10,150,18,0.0
603,5,10,150,18,0.06194403202282284
604,5,10,150,18,0.0
605,5,10,150,18,0.04265230456965118
606,5,10,150,18,0.24828228534387572
607,5,10,150,18,0.0
608,5,10,150,18,0.0859209817714144
609,5,10,150,18,0.11838279295536291
610,5,10,150,18,0.0
611,5,10,150,18,0.0
612,5,10,150,18,0.0
613,5,10,150,18,0.15130120674940672
614,5,10,150,18,0.13886244387355454
615,5,10,150,18,0.0
616,5,10,150,18,0.0
617,5,10,150,18,0.05412479622841819
618,5,10,150,18,0.2498363407258167
619,5,10,150,18,0.10433241727564685
620,5,10,150,18,0.03990894366504131
621,5,10,150,18,0.15194751309721466
622,5,10,150,18,0.22260624227683548
623,5,10,150,18,0.0
624,5,10,150,18,0.0
625,5,10,150,18,0.0
626,5,10,150,18,0.0
627,5,10,150,18,0.043922681482881344
628,5,10,150,18,0.0
629,5,10,150,18,0.08463294453593388
630,5,10,150,18,0.09942460513010813
631,5,10,150,18,0.0
632,5,10,150,18,0.2902004069791368
633,5,10,150,18,0.0455520698635181
634,5,10,150,18,0.0
635,5,10,150,18,0.0
636,5,10,150,18,0.0
637,5,10,150,18,0.0
638,5,10,150,18,0.04366879852493834
639,5,10,150,18,0.0
640,5,10,150,18,0.0
641,5,10,150,18,0.0
642,5,10,150,18,0.03990894366504131
643,5,10,150,18,0.1960955649453216
644,5,10,150,18,0.0
645,5,10,150,18,0.18486432600054445
646,5,10,150,18,0.0
647,5,10,150,18,0.0
648,5,10,150,18,0.05412479622841819
649,5,10,150,18,0.0
650,5,10,150,18,0.0
651,5,10,150,18,0.0
652,5,10,150,18,0.0
653,5,10,150,18,0.05412479622841819
654,5,10,150,18,0.1908396984243413
655,5,10,150,18,0.1307254562009009
656,5,10,150,18,0.0
657,5,10,150,18,0.053845569940583225
658,5,10,150,18,0.0
659,5,10,150,18,0.037174041452749815
660,5,10,150,18,0.0
661,5,10,150,18,0.047934103497110726
662,5,10,150,18,0.0
663,5,10,150,18,0.1436661525879497
664,5,10,150,18,0.05878132199396477
665,5,10,150,18,0.0
666,5,10,150,18,0.15194751309721466
667,5,10,150,18,0.19635793579928928
668,5,10,150,18,0.0
669,5,10,150,18,0.24833744333842678
670,5,10,150,18,0.04610512027589789
671,5,10,150,18,0.17336913040817023
672,5,10,150,18,0.0
673,5,10,150,18,0.0
674,5,10,150,18,0.0
675,5,10,150,18,0.0
676,5,10,150,18,0.0
677,5,10,150,18,0.03927489746221688
678,5,10,150,18,0.0
679,5,10,150,18,0.22120309733975316
680,5,10,150,18,0.2073612289146658
681,5,10,150,18,0.0
682,5,10,150,18,0.1814941801082125
683,5,10,150,18,0.041062015509212284
684,5,10,150,18,0.0
685,5,10,150,18,0.0
686,5,10,150,18,0.08962483220812449
687,5,10,150,18,0.0
688,5,10,150,18,0.0
689,5,10,150,18,0.27487633291429087
690,5,10,150,18,0.0
691,5,10,150,18,0.0
692,5,10,150,18,0.0
693,5,10,150,18,0.0
694,5,10,150,18,0.14736962657876831
695,5,10,150,18,0.0
696,5,10,150,18,0.0
697,5,10,150,18,0.06544023194852022
698,5,10,150,18,0.15194751309721466
699,5,10,150,18,0.0
700,5,10,150,18,0.16958010263680806
701,5,10,150,18,0.0
702,5,10,150,18,0.0
703,5,10,150,18,0.0
704,5,10,150,18,0.050649171032404884
705,5,10,150,18,0.047934103497110726
706,5,10,150,18,0.0
707,5,10,150,18,0.08989459517539652
708,5,10,150,18,0.0
709,5,10,150,18,0.08383162514792265
710,5,10,150,18,0.07597375654860733
711,5,10,150,18,0.13446006460598442
712,5,10,150,18,0.07442578617904018
713,5,10,150,18,0.0
714,5,10,150,18,0.04195229264874745
715,5,10,150,18,0.14999300322263964
716,5,10,150,18,0.12788830433344964
717,5,10,150,18,0.09586820699422145
718,5,10,150,18,0.0
719,5,10,150,18,0.07294384039972815
720,5,10,150,18,0.0
721,5,10,150,18,0.15194751309721466
722,5,10,150,18,0.0
723,5,10,150,18,0.0
724,5,10,150,18,0.0
725,5,10,150,18,0.05750402108673013
726,5,10,150,18,0.2529427027676571
727,5,10,150,18,0.1356353543842038
728,5,10,150,18,0.0
729,5,10,150,18,0.0
730,5,10,150,18,0.0
731,5,10,150,18,0.0
732,5,10,150,18,0.0
733,5,10,150,18,0.0
734,5,10,150,18,0.043922681482881344
735,5,10,150,18,0.0
736,5,10,150,18,0.0
737,5,10,150,18,0.16282663249631943
738,5,10,150,18,0.424999507535542
739,5,10,150,18,0.0
740,5,10,150,18,0.0
741,5,10,150,18,0.08708807893714138
742,5,10,150,18,0.0
743,5,10,150,18,0.0
744,5,10,150,18,0.0
745,5,10,150,18,0.33763622740733124
746,5,10,150,18,0.07294384039972815
747,5,10,150,18,0.3626816619671701
748,5,10,150,18,0.316917388652145
749,5,10,150,18,0.1450886903645468
750,5,10,150,18,0.07219614103266732
751,5,10,150,18,0.07516091972705348
752,5,10,150,18,0.0
753,5,10,150,18,0.09858327452951562
754,5,10,150,18,0.0
755,5,10,150,18,0.0
756,5,10,150,18,0.0
757,5,10,150,18,0.0
758,5,10,150,18,0.14141398849712755
759,5,10,150,18,0.0
760,5,10,150,18,0.0
761,5,10,150,18,0.037986878274303665
762,5,10,150,18,0.0647083388415595
763,5,10,150,18,0.34249987751498884
764,5,10,150,18,0.10116600888166546
765,5,10,150,18,0.0
766,5,10,150,18,0.07606622677987646
767,5,10,150,18,0.2073612289146658
768,5,10,150,18,0.09211167450272184
769,5,10,150,18,0.0
770,5,10,150,18,0.0
771,5,10,150,18,0.037174041452749815
772,5,10,150,18,0.0
773,5,10,150,18,0.11314779800135714
774,5,10,150,18,0.0
775,5,10,150,18,0.0
776,5,10,150,18,0.11588270021364863
777,5,10,150,18,0.0
778,5,10,150,18,0.0
779,5,10,150,18,0.05878132199396477
780,5,10,150,18,0.04759023790187059
781,5,10,150,18,0.10517970826141314
782,5,10,150,18,0.0
783,5,10,150,18,0.0
784,5,10,150,18,0.0
785,5,10,150,18,0.048159222084064895
786,5,10,150,18,0.22532409645450277
787,5,10,150,18,0.0
788,5,10,150,18,0.3065970420854009
789,5,10,150,18,0.059109628562248356
790,5,10,150,18,0.11956502817693841
791,5,10,150,18,0.0
792,5,10,150,18,0.0
793,5,10,150,18,0.0
794,5,10,150,18,0.1347550785425721
795,5,10,150,18,0.19300952860642695
796,5,10,150,18,0.4802286874881891
797,5,10,150,18,0.0
798,5,10,150,18,0.1705123155337851
799,5,10,150,18,0.0
800,5,10,150,18,0.0
801,5,10,150,18,0.0
802,5,10,150,18,0.041062015509212284
803,5,10,150,18,0.0
804,5,10,150,18,0.22777896068829115
805,5,10,150,18,0.1210718524406704
806,5,10,150,18,0.20216857537630156
807,5,10,150,18,0.16145599651963835
808,5,10,150,18,0.0
809,5,10,150,18,0.0
810,5,10,150,18,0.0
811,5,10,150,18,0.0
812,5,10,150,18,0.0
813,5,10,150,18,0.13371076079718452
814,5,10,150,18,0.060961917527339995
815,5,10,150,18,0.2910006944032212
816,5,10,150,18,0.0
817,5,10,150,18,0.0
818,5,10,150,18,0.0
819,5,10,150,18,0.0
820,5,10,150,18,0.0
821,5,10,150,18,0.09638993024121213
822,5,10,150,18,0.0
823,5,10,150,18,0.28654324530908054
824,5,10,150,18,0.0
825,5,10,150,18,0.05878132199396477
826,5,10,150,18,0.09211167450272184
827,5,10,150,18,0.0
828,5,10,150,18,0.06544023194852022
829,5,10,150,18,0.1307489703071187
830,5,10,150,18,0.038892185327126634
831,5,10,150,18,0.12171451575741458
832,5,10,150,18,0.0
833,5,10,150,18,0.2720701705402
834,5,10,150,18,0.0
835,5,10,150,18,0.043922681482881344
836,5,10,150,18,0.0
837,5,10,150,18,0.0
838,5,10,150,18,0.08190955975718502
839,5,10,150,18,0.038892185327126634
840,5,10,150,18,0.3048719215804688
841,5,10,150,18,0.0
842,5,10,150,18,0.0
843,5,10,150,18,0.23818750254417198
844,5,10,150,18,0.20704919815154896
845,5,10,150,18,0.0
846,5,10,150,18,0.34944092162793855
847,5,10,150,18,0.0
848,5,10,150,18,0.037986878274303665
849,5,10,150,18,0.0
850,5,10,150,18,0.0
851,5,10,150,18,0.3790603680820773
852,5,10,150,18,0.0
853,5,10,150,18,0.0
854,5,10,150,18,0.2652330401195441
855,5,10,150,18,0.0
856,5,10,150,18,0.0
857,5,10,150,18,0.0
858,5,10,150,18,0.0
859,5,10,150,18,0.0
860,5,10,150,18,0.0
861,5,10,150,18,0.11835844343630801
862,5,10,150,18,0.05878132199396477
863,5,10,150,18,0.0
864,5,10,150,18,0.30216216782395067
865,5,10,150,18,0.0
866,5,10,150,18,0.04622440829742681
867,5,10,150,18,0.3595469892881889
868,5,10,150,18,0.22249988370291954
869,5,10,150,18,0.03990894366504131
870,5,10,150,18,0.22443277682349638
871,5,10,150,18,0.13304224844697127
872,5,10,150,18,0.0
873,5,10,150,18,0.0
874,5,10,150,18,0.037986878274303665
875,5,10,150,18,0.32184738297442794
876,5,10,150,18,0.0
877,5,10,150,18,0.05878132199396477
878,5,10,150,18,0.037986878274303665
879,5,10,150,18,0.04258528250242427
880,5,10,150,18,0.5210264007303909
881,5,10,150,18,0.5320161223118138
882,5,10,150,18,0.3125745567833654
883,5,10,150,18,0.35756270431839465
884,5,10,150,18,0.0
885,5,10,150,18,0.13964529003872792
886,5,10,150,18,0.36084007013502634
887,5,10,150,18,0.13566038559539506
888,5,10,150,18,0.0
889,5,10,150,18,0.45137983651518043
890,5,10,150,18,0.38227578469742063
891,5,10,150,18,0.0
892,5,10,150,18,0.4187947412330091
893,5,10,150,18,0.04238468688770069
894,5,10,150,18,0.3872682220834335
895,5,10,150,18,0.0
896,5,10,150,18,0.5285799846907039
897,5,10,150,18,0.07597375654860733
898,5,10,150,18,0.0
899,5,10,150,18,0.3246947836928664
900,5,10,150,18,0.050649171032404884
901,5,10,150,18,0.41837859020924406
902,5,10,150,18,0.0
903,5,10,150,18,0.5718646648524517
904,5,10,150,18,0.0
905,5,10,150,18,0.10270400347684612
906,5,10,150,18,0.0
907,5,10,150,18,0.2849897615441859
908,5,10,150,18,0.19418299043721027
909,5,10,150,18,0.0
910,5,10,150,18,0.19571154449739853
911,5,10,150,18,0.03643890790473651
912,5,10,150,18,0.07597375654860733
913,5,10,150,18,0.21240740116339646
914,5,10,150,18,0.0
915,5,10,150,18,0.0
916,5,10,150,18,0.33928446110999466
917,5,10,150,18,0.0
918,5,10,150,18,0.0
919,5,10,150,18,0.1721556574395957
920,5,10,150,18,0.04173963774222741
921,5,10,150,18,0.05878132199396477
922,5,10,150,18,0.07969248042985969
923,5,10,150,18,0.04238468688770069
924,5,10,150,18,0.08217966711354376
925,5,10,150,18,0.043922681482881344
926,5,10,150,18,0.10110248162007003
927,5,10,150,18,0.15724065298904813
928,5,10,150,18,0.06544023194852022
929,5,10,150,18,0.07597375654860733
930,5,10,150,18,0.07597375654860733
931,5,10,150,18,0.03643890790473651
932,5,10,150,18,0.34717504436056645
933,5,10,150,18,0.12387688231922027
934,5,10,150,18,0.037174041452749815
935,5,10,150,18,0.0
936,5,10,150,18,0.18771731204419298
937,5,10,150,18,0.09984333750317706
938,5,10,150,18,0.09518681173763048
939,5,10,150,18,0.047934103497110726
940,5,10,150,18,0.16572966747156506
941,5,10,150,18,0.17060921827860473
942,5,10,150,18,0.0
943,5,10,150,18,0.35214282358830695
1,5,10,150,19,0.4327951041907345
2,5,10,150,19,0.0
3,5,10,150,19,0.0
4,5,10,150,19,0.0
5,5,10,150,19,0.0
6,5,10,150,19,0.0
7,5,10,150,19,0.039667414566743345
8,5,10,150,19,0.0
9,5,10,150,19,0.0
10,5,10,150,19,0.21422665043052946
11,5,10,150,19,0.03947525607388688
12,5,10,150,19,0.0
13,5,10,150,19,0.28183000704607897
14,5,10,150,19,0.18795160328752808
15,5,10,150,19,0.0
16,5,10,150,19,0.061734604266276284
17,5,10,150,19,0.0
18,5,10,150,19,0.16798689387677362
19,5,10,150,19,0.0
20,5,10,150,19,0.13743816645714543
21,5,10,150,19,0.1265754929129826
22,5,10,150,19,0.0
23,5,10,150,19,0.06541518452970234
24,5,10,150,19,0.0
25,5,10,150,19,0.23940867474021393
26,5,10,150,19,0.0
27,5,10,150,19,0.0
28,5,10,150,19,0.0
30,5,10,150,19,0.08133484538841967
31,5,10,150,19,0.0
32,5,10,150,19,0.19519002499605084
33,5,10,150,19,0.0
34,5,10,150,19,0.0
35,5,10,150,19,0.0
37,5,10,150,19,0.08177471774917201
38,5,10,150,19,0.0
39,5,10,150,19,0.0
40,5,10,150,19,0.0
41,5,10,150,19,0.06835476917178976
42,5,10,150,19,0.04622440829742681
43,5,10,150,19,0.0
44,5,10,150,19,0.16427625423436099
45,5,10,150,19,0.0
46,5,10,150,19,0.0
47,5,10,150,19,0.0
48,5,10,150,19,0.0
49,5,10,150,19,0.042430922926167375
52,5,10,150,19,0.0
53,5,10,150,19,0.0
54,5,10,150,19,0.0
55,5,10,150,19,0.0
56,5,10,150,19,0.11781210270929884
57,5,10,150,19,0.0
58,5,10,150,19,0.25546756436153767
59,5,10,150,19,0.18435815532465188
60,5,10,150,19,0.06541518452970234
61,5,10,150,19,0.0
62,5,10,150,19,0.09586820699422145
63,5,10,150,19,0.0
64,5,10,150,19,0.04759023790187059
65,5,10,150,19,0.12647135138382856
66,5,10,150,19,0.0
67,5,10,150,19,0.0
68,5,10,150,19,0.0
69,5,10,150,19,0.0
70,5,10,150,19,0.0
71,5,10,150,19,0.0
72,5,10,150,19,0.06362078819895171
73,5,10,150,19,0.0
74,5,10,150,19,0.0
75,5,10,150,19,0.0
76,5,10,150,19,0.10633668103022985
77,5,10,150,19,0.0
78,5,10,150,19,0.0
79,5,10,150,19,0.0
80,5,10,150,19,0.0
81,5,10,150,19,0.0
82,5,10,150,19,0.0
83,5,10,150,19,0.07414861528507455
84,5,10,150,19,0.0
85,5,10,150,19,0.04734112273659951
86,5,10,150,19,0.0
87,5,10,150,19,0.0455520698635181
88,5,10,150,19,0.0
89,5,10,150,19,0.0
90,5,10,150,19,0.0561326498270945
91,5,10,150,19,0.0
92,5,10,150,19,0.04630610387058298
93,5,10,150,19,0.0
94,5,10,150,19,0.1130713816907254
95,5,10,150,19,0.08624982551106258
96,5,10,150,19,0.0
97,5,10,150,19,0.0
98,5,10,150,19,0.0
99,5,10,150,19,0.05278074934727935
100,5,10,150,19,0.0
101,5,10,150,19,0.0
102,5,10,150,19,0.0
103,5,10,150,19,0.0
104,5,10,150,19,0.33958467175585033
105,5,10,150,19,0.0
106,5,10,150,19,0.0
107,5,10,150,19,0.0
109,5,10,150,19,0.16563719724029594
110,5,10,150,19,0.0
111,5,10,150,19,0.0
112,5,10,150,19,0.0
113,5,10,150,19,0.0
114,5,10,150,19,0.08274602130532002
115,5,10,150,19,0.0
116,5,10,150,19,0.0
117,5,10,150,19,0.0
118,5,10,150,19,0.16958010263680806
119,5,10,150,19,0.0
120,5,10,150,19,0.0
121,5,10,150,19,0.13032376591037062
122,5,10,150,19,0.0
123,5,10,150,19,0.0
124,5,10,150,19,0.0
125,5,10,150,19,0.05446333035917803
126,5,10,150,19,0.0
128,5,10,150,19,0.0
129,5,10,150,19,0.0
130,5,10,150,19,0.09261220774116596
131,5,10,150,19,0.0
132,5,10,150,19,0.0
133,5,10,150,19,0.0
134,5,10,150,19,0.0
135,5,10,150,19,0.0
136,5,10,150,19,0.0
137,5,10,150,19,0.0
138,5,10,150,19,0.0
139,5,10,150,19,0.0
140,5,10,150,19,0.0
141,5,10,150,19,0.0
142,5,10,150,19,0.0
143,5,10,150,19,0.0
144,5,10,150,19,0.0
145,5,10,150,19,0.2057757129345506
146,5,10,150,19,0.0
147,5,10,150,19,0.0
148,5,10,150,19,0.0
149,5,10,150,19,0.0
150,5,10,150,19,0.2640681225725909
151,5,10,150,19,0.0
152,5,10,150,19,0.0
153,5,10,150,19,0.0
154,5,10,150,19,0.0
155,5,10,150,19,0.0
156,5,10,150,19,0.0
157,5,10,150,19,0.0
158,5,10,150,19,0.04759023790187059
159,5,10,150,19,0.23138144801632507
160,5,10,150,19,0.1719271394881576
161,5,10,150,19,0.0
162,5,10,150,19,0.0
163,5,10,150,19,0.0
164,5,10,150,19,0.0
165,5,10,150,19,0.0
167,5,10,150,19,0.0
168,5,10,150,19,0.0
169,5,10,150,19,0.0
170,5,10,150,19,0.0
171,5,10,150,19,0.0
173,5,10,150,19,0.0
174,5,10,150,19,0.0
175,5,10,150,19,0.15351022771536424
176,5,10,150,19,0.0
177,5,10,150,19,0.38113435412202
178,5,10,150,19,0.13433047845526233
179,5,10,150,19,0.0
180,5,10,150,19,0.0
181,5,10,150,19,0.0489289587929152
182,5,10,150,19,0.0
183,5,10,150,19,0.15101961822780524
184,5,10,150,19,0.0
185,5,10,150,19,0.0
186,5,10,150,19,0.0
187,5,10,150,19,0.0
188,5,10,150,19,0.07428207290250749
189,5,10,150,19,0.06786785134613488
190,5,10,150,19,0.0
192,5,10,150,19,0.123151194370365
193,5,10,150,19,0.0
194,5,10,150,19,0.0
195,5,10,150,19,0.0647083388415595
196,5,10,150,19,0.0
197,5,10,150,19,0.09546043308946733
198,5,10,150,19,0.0
199,5,10,150,19,0.0
200,5,10,150,19,0.09785159463516042
201,5,10,150,19,0.0
202,5,10,150,19,0.0
203,5,10,150,19,0.0
204,5,10,150,19,0.19519002499605084
205,5,10,150,19,0.0
206,5,10,150,19,0.0
207,5,10,150,19,0.0
208,5,10,150,19,0.0
209,5,10,150,19,0.0
210,5,10,150,19,0.07847428227110642
211,5,10,150,19,0.0
213,5,10,150,19,0.0
214,5,10,150,19,0.0
216,5,10,150,19,0.19635793579928928
217,5,10,150,19,0.0
218,5,10,150,19,0.0
219,5,10,150,19,0.0
221,5,10,150,19,0.0
222,5,10,150,19,0.09523506266349818
223,5,10,150,19,0.0
224,5,10,150,19,0.0
225,5,10,150,19,0.0
226,5,10,150,19,0.19092086617893467
227,5,10,150,19,0.0
228,5,10,150,19,0.0
229,5,10,150,19,0.0
230,5,10,150,19,0.04908948394982232
231,5,10,150,19,0.0
232,5,10,150,19,0.0
233,5,10,150,19,0.18978688349077963
234,5,10,150,19,0.0
235,5,10,150,19,0.0
236,5,10,150,19,0.0
237,5,10,150,19,0.19342640361727081
238,5,10,150,19,0.0
239,5,10,150,19,0.06912040963822193
240,5,10,150,19,0.0
241,5,10,150,19,0.0
242,5,10,150,19,0.0
243,5,10,150,19,0.0
244,5,10,150,19,0.049712302565054066
245,5,10,150,19,0.0
246,5,10,150,19,0.0561326498270945
247,5,10,150,19,0.0
248,5,10,150,19,0.0
249,5,10,150,19,0.0
250,5,10,150,19,0.0
251,5,10,150,19,0.13032376591037062
252,5,10,150,19,0.0
253,5,10,150,19,0.0
254,5,10,150,19,0.08514311764162098
255,5,10,150,19,0.0
256,5,10,150,19,0.0
257,5,10,150,19,0.07984133538066794
258,5,10,150,19,0.0
259,5,10,150,19,0.0
260,5,10,150,19,0.0
261,5,10,150,19,0.0
262,5,10,150,19,0.0
263,5,10,150,19,0.0
264,5,10,150,19,0.0
265,5,10,150,19,0.0
266,5,10,150,19,0.0
267,5,10,150,19,0.05678491519230736
268,5,10,150,19,0.049712302565054066
269,5,10,150,19,0.0632176666891428
270,5,10,150,19,0.0
271,5,10,150,19,0.11096471713527908
272,5,10,150,19,0.0
273,5,10,150,19,0.0
274,5,10,150,19,0.0
275,5,10,150,19,0.0
276,5,10,150,19,0.2541144172736738
277,5,10,150,19,0.0
278,5,10,150,19,0.0
279,5,10,150,19,0.09261220774116596
280,5,10,150,19,0.1467868763787456
281,5,10,150,19,0.0
282,5,10,150,19,0.0
283,5,10,150,19,0.0
284,5,10,150,19,0.0
285,5,10,150,19,0.0
286,5,10,150,19,0.0
287,5,10,150,19,0.0
288,5,10,150,19,0.0
289,5,10,150,19,0.0
290,5,10,150,19,0.07834851647149511
291,5,10,150,19,0.04301500128290471
292,5,10,150,19,0.0
293,5,10,150,19,0.09261220774116596
294,5,10,150,19,0.0
295,5,10,150,19,0.11752277470724268
296,5,10,150,19,0.07879213539011483
297,5,10,150,19,0.0
298,5,10,150,19,0.0
299,5,10,150,19,0.0
300,5,10,150,19,0.0
301,5,10,150,19,0.03757127894590629
302,5,10,150,19,0.0
303,5,10,150,19,0.0
304,5,10,150,19,0.0
305,5,10,150,19,0.11349000778741654
306,5,10,150,19,0.0
307,5,10,150,19,0.10778915452451093
308,5,10,150,19,0.1454027518919843
310,5,10,150,19,0.0
311,5,10,150,19,0.0733934381893728
312,5,10,150,19,0.0
313,5,10,150,19,0.08109672293563117
314,5,10,150,19,0.16600564593053876
315,5,10,150,19,0.0
316,5,10,150,19,0.0
317,5,10,150,19,0.0
318,5,10,150,19,0.03855371268423985
319,5,10,150,19,0.0
320,5,10,150,19,0.13927874459665815
321,5,10,150,19,0.0
322,5,10,150,19,0.0
323,5,10,150,19,0.1610425878239398
324,5,10,150,19,0.0
325,5,10,150,19,0.09092803061897883
326,5,10,150,19,0.0
327,5,10,150,19,0.0
328,5,10,150,19,0.0733934381893728
329,5,10,150,19,0.0
330,5,10,150,19,0.0
331,5,10,150,19,0.0
332,5,10,150,19,0.0
334,5,10,150,19,0.0
335,5,10,150,19,0.0
336,5,10,150,19,0.049712302565054066
337,5,10,150,19,0.0
338,5,10,150,19,0.0
339,5,10,150,19,0.16177681579720096
340,5,10,150,19,0.0
341,5,10,150,19,0.0
342,5,10,150,19,0.2835863368797347
343,5,10,150,19,0.09841898957336118
344,5,10,150,19,0.1202034973803211
345,5,10,150,19,0.12716714680596952
346,5,10,150,19,0.04366879852493834
347,5,10,150,19,0.2100045430678884
348,5,10,150,19,0.0
349,5,10,150,19,0.0
350,5,10,150,19,0.0
351,5,10,150,19,0.0
352,5,10,150,19,0.0
353,5,10,150,19,0.14434031438272124
354,5,10,150,19,0.06335619058732639
355,5,10,150,19,0.0
356,5,10,150,19,0.0
357,5,10,150,19,0.0
358,5,10,150,19,0.0
359,5,10,150,19,0.3010299956639812
360,5,10,150,19,0.07256783117062009
361,5,10,150,19,0.09478836436955078
362,5,10,150,19,0.0
363,5,10,150,19,0.2777116284265774
364,5,10,150,19,0.0
365,5,10,150,19,0.0
366,5,10,150,19,0.0
367,5,10,150,19,0.0
368,5,10,150,19,0.0
369,5,10,150,19,0.0
370,5,10,150,19,0.0
371,5,10,150,19,0.07984133538066794
372,5,10,150,19,0.15130120674940672
373,5,10,150,19,0.10566775083092309
374,5,10,150,19,0.07363069973855996
375,5,10,150,19,0.0
376,5,10,150,19,0.0
377,5,10,150,19,0.0
378,5,10,150,19,0.18921779930491298
379,5,10,150,19,0.0
380,5,10,150,19,0.0
381,5,10,150,19,0.0
382,5,10,150,19,0.0
383,5,10,150,19,0.0
384,5,10,150,19,0.0
385,5,10,150,19,0.0
386,5,10,150,19,0.0
387,5,10,150,19,0.0733934381893728
388,5,10,150,19,0.0
389,5,10,150,19,0.04418725275982313
390,5,10,150,19,0.0
391,5,10,150,19,0.11245246430543061
392,5,10,150,19,0.11004588314904008
393,5,10,150,19,0.16786243166629192
394,5,10,150,19,0.12000258188145017
395,5,10,150,19,0.0
396,5,10,150,19,0.0
397,5,10,150,19,0.11004588314904008
398,5,10,150,19,0.2400185803980071
399,5,10,150,19,0.03520132288421838
400,5,10,150,19,0.0
401,5,10,150,19,0.0
402,5,10,150,19,0.0
403,5,10,150,19,0.2529427027676571
404,5,10,150,19,0.0
405,5,10,150,19,0.04418725275982313
406,5,10,150,19,0.05678491519230736
407,5,10,150,19,0.09523506266349818
408,5,10,150,19,0.0
409,5,10,150,19,0.034554939064803565
410,5,10,150,19,0.0
411,5,10,150,19,0.17342765698823945
412,5,10,150,19,0.0
413,5,10,150,19,0.0
414,5,10,150,19,0.21398626473452756
415,5,10,150,19,0.0
416,5,10,150,19,0.10442971311852131
417,5,10,150,19,0.08221759275248412
419,5,10,150,19,0.30260241349881345
420,5,10,150,19,0.0
421,5,10,150,19,0.0
422,5,10,150,19,0.0
423,5,10,150,19,0.08440880858250024
424,5,10,150,19,0.0
425,5,10,150,19,0.2550457125487835
426,5,10,150,19,0.0
427,5,10,150,19,0.0
428,5,10,150,19,0.0
429,5,10,150,19,0.19956481216195943
430,5,10,150,19,0.1261446714466394
431,5,10,150,19,0.0
432,5,10,150,19,0.0
433,5,10,150,19,0.0
434,5,10,150,19,0.3903800499921017
435,5,10,150,19,0.17561503070643533
436,5,10,150,19,0.0733934381893728
437,5,10,150,19,0.28130571045648145
438,5,10,150,19,0.0
439,5,10,150,19,0.0
440,5,10,150,19,0.0
441,5,10,150,19,0.0
442,5,10,150,19,0.0
443,5,10,150,19,0.0
445,5,10,150,19,0.0
446,5,10,150,19,0.0
447,5,10,150,19,0.21015429952548687
448,5,10,150,19,0.0
449,5,10,150,19,0.0
450,5,10,150,19,0.24546885022700915
451,5,10,150,19,0.0
452,5,10,150,19,0.038553504830439546
453,5,10,150,19,0.0
454,5,10,150,19,0.0
455,5,10,150,19,0.0
456,5,10,150,19,0.09261220774116596
457,5,10,150,19,0.280831948423721
458,5,10,150,19,0.0
459,5,10,150,19,0.0
460,5,10,150,19,0.0
461,5,10,150,19,0.0
462,5,10,150,19,0.0
463,5,10,150,19,0.0
464,5,10,150,19,0.0
465,5,10,150,19,0.0
466,5,10,150,19,0.03947525607388688
467,5,10,150,19,0.0
468,5,10,150,19,0.27845659276192347
469,5,10,150,19,0.0
470,5,10,150,19,0.0
471,5,10,150,19,0.0
472,5,10,150,19,0.04094516368001556
473,5,10,150,19,0.0
474,5,10,150,19,0.37324023056992195
475,5,10,150,19,0.0
476,5,10,150,19,0.0
477,5,10,150,19,0.0
478,5,10,150,19,0.13290969896865318
479,5,10,150,19,0.0366967190946864
480,5,10,150,19,0.21398626473452756
481,5,10,150,19,0.0
482,5,10,150,19,0.0
483,5,10,150,19,0.06912040963822193
484,5,10,150,19,0.042430922926167375
485,5,10,150,19,0.0
486,5,10,150,19,0.08485960870102252
487,5,10,150,19,0.11214662548205799
488,5,10,150,19,0.0
489,5,10,150,19,0.0
490,5,10,150,19,0.0
491,5,10,150,19,0.19092086617893467
492,5,10,150,19,0.0
493,5,10,150,19,0.0
494,5,10,150,19,0.0
495,5,10,150,19,0.1467868763787456
496,5,10,150,19,0.05459112561892713
497,5,10,150,19,0.0
498,5,10,150,19,0.03855307727568851
499,5,10,150,19,0.1912282106369008
500,5,10,150,19,0.04418725275982313
501,5,10,150,19,0.0
502,5,10,150,19,0.0
503,5,10,150,19,0.13018348668707225
504,5,10,150,19,0.0
505,5,10,150,19,0.0
506,5,10,150,19,0.034554939064803565
507,5,10,150,19,0.0
508,5,10,150,19,0.0
509,5,10,150,19,0.06474271459046577
510,5,10,150,19,0.0
511,5,10,150,19,0.0
512,5,10,150,19,0.0
513,5,10,150,19,0.0
514,5,10,150,19,0.13618022634351373
515,5,10,150,19,0.0
516,5,10,150,19,0.0
517,5,10,150,19,0.0
518,5,10,150,19,0.0
519,5,10,150,19,0.0
520,5,10,150,19,0.0
521,5,10,150,19,0.0
522,5,10,150,19,0.0
523,5,10,150,19,0.0
524,5,10,150,19,0.12007280570086933
525,5,10,150,19,0.0
526,5,10,150,19,0.0
527,5,10,150,19,0.08950909054324063
528,5,10,150,19,0.05780700008370542
529,5,10,150,19,0.0
530,5,10,150,19,0.0
531,5,10,150,19,0.0
532,5,10,150,19,0.0
533,5,10,150,19,0.2141493745106687
534,5,10,150,19,0.0
535,5,10,150,19,0.2583502445884969
536,5,10,150,19,0.2812910094704757
537,5,10,150,19,0.3127925223092844
538,5,10,150,19,0.0
539,5,10,150,19,0.06794340091829075
540,5,10,150,19,0.0
541,5,10,150,19,0.039667414566743345
542,5,10,150,19,0.1467868763787456
543,5,10,150,19,0.0
544,5,10,150,19,0.0
545,5,10,150,19,0.0632176666891428
546,5,10,150,19,0.11781210270929884
547,5,10,150,19,0.0
548,5,10,150,19,0.0
549,5,10,150,19,0.0
550,5,10,150,19,0.0
551,5,10,150,19,0.3304680659785265
552,5,10,150,19,0.0
553,5,10,150,19,0.03757127894590629
554,5,10,150,19,0.16600564593053876
555,5,10,150,19,0.0
556,5,10,150,19,0.0
557,5,10,150,19,0.0
558,5,10,150,19,0.0
559,5,10,150,19,0.0734773909038217
560,5,10,150,19,0.18336040810528997
561,5,10,150,19,0.0
562,5,10,150,19,0.0
563,5,10,150,19,0.0
564,5,10,150,19,0.0
565,5,10,150,19,0.0
566,5,10,150,19,0.1957032268040563
567,5,10,150,19,0.09049335663040611
568,5,10,150,19,0.0
569,5,10,150,19,0.0
570,5,10,150,19,0.0
571,5,10,150,19,0.0
572,5,10,150,19,0.0
573,5,10,150,19,0.0
574,5,10,150,19,0.0
575,5,10,150,19,0.0
576,5,10,150,19,0.17342765698823945
577,5,10,150,19,0.23681430218691568
578,5,10,150,19,0.0
579,5,10,150,19,0.0
580,5,10,150,19,0.10209739512291163
581,5,10,150,19,0.0
582,5,10,150,19,0.0
583,5,10,150,19,0.0
584,5,10,150,19,0.0
585,5,10,150,19,0.0
586,5,10,150,19,0.0733934381893728
587,5,10,150,19,0.0
588,5,10,150,19,0.2832036983951251
589,5,10,150,19,0.0
590,5,10,150,19,0.18511573258657482
591,5,10,150,19,0.15758427078022966
592,5,10,150,19,0.17648959055765523
593,5,10,150,19,0.1467868763787456
594,5,10,150,19,0.0843142342558857
595,5,10,150,19,0.0
596,5,10,150,19,0.0
597,5,10,150,19,0.0
598,5,10,150,19,0.11752277470724268
599,5,10,150,19,0.0
600,5,10,150,19,0.0
601,5,10,150,19,0.0
602,5,10,150,19,0.0
603,5,10,150,19,0.06194403202282284
604,5,10,150,19,0.0
605,5,10,150,19,0.04265230456965118
606,5,10,150,19,0.2398498032836313
607,5,10,150,19,0.0
608,5,10,150,19,0.08300282296526938
609,5,10,150,19,0.11838279295536291
610,5,10,150,19,0.0
611,5,10,150,19,0.0
612,5,10,150,19,0.0
613,5,10,150,19,0.15130120674940672
614,5,10,150,19,0.13886244387355454
615,5,10,150,19,0.0
616,5,10,150,19,0.0
617,5,10,150,19,0.05228654033924596
618,5,10,150,19,0.24135107783946264
619,5,10,150,19,0.1347522308068657
620,5,10,150,19,0.038553504830439546
621,5,10,150,19,0.1467868763787456
622,5,10,150,19,0.2150458029893608
623,5,10,150,19,0.0
624,5,10,150,19,0.0
625,5,10,150,19,0.0
626,5,10,150,19,0.0
627,5,10,150,19,0.042430922926167375
628,5,10,150,19,0.0
629,5,10,150,19,0.08175853170572941
630,5,10,150,19,0.09942460513010813
631,5,10,150,19,0.0
632,5,10,150,19,0.2803442477999271
633,5,10,150,19,0.0455520698635181
634,5,10,150,19,0.0
635,5,10,150,19,0.0
636,5,10,150,19,0.0
637,5,10,150,19,0.0
638,5,10,150,19,0.04366879852493834
639,5,10,150,19,0.0
640,5,10,150,19,0.0
641,5,10,150,19,0.0
642,5,10,150,19,0.038553504830439546
643,5,10,150,19,0.18943551535215514
644,5,10,150,19,0.0
645,5,10,150,19,0.17858572617849228
646,5,10,150,19,0.0
647,5,10,150,19,0.0
648,5,10,150,19,0.05228654033924596
649,5,10,150,19,0.0
650,5,10,150,19,0.0
651,5,10,150,19,0.0
652,5,10,150,19,0.0
653,5,10,150,19,0.05228654033924596
654,5,10,150,19,0.18435815532465188
655,5,10,150,19,0.16024887542455052
656,5,10,150,19,0.0
657,5,10,150,19,0.053845569940583225
658,5,10,150,19,0.0
659,5,10,150,19,0.03591148888190114
660,5,10,150,19,0.0
661,5,10,150,19,0.04630610387058298
662,5,10,150,19,0.0
663,5,10,150,19,0.13878677807806744
664,5,10,150,19,0.05678491519230736
665,5,10,150,19,0.0
666,5,10,150,19,0.1467868763787456
667,5,10,150,19,0.19635793579928928
668,5,10,150,19,0.0
669,5,10,150,19,0.23990308793148393
670,5,10,150,19,0.04610512027589789
671,5,10,150,19,0.1674809451921277
672,5,10,150,19,0.0
673,5,10,150,19,0.0
674,5,10,150,19,0.0
675,5,10,150,19,0.0
676,5,10,150,19,0.0
677,5,10,150,19,0.03927489746221688
678,5,10,150,19,0.0
679,5,10,150,19,0.213690313463914
680,5,10,150,19,0.2073612289146658
681,5,10,150,19,0.0
682,5,10,150,19,0.20929332668398887
683,5,10,150,19,0.039667414566743345
684,5,10,150,19,0.0
685,5,10,150,19,0.0
686,5,10,150,19,0.08962483220812449
687,5,10,150,19,0.0
688,5,10,150,19,0.0
689,5,10,150,19,0.27487633291429087
690,5,10,150,19,0.0
691,5,10,150,19,0.0
692,5,10,150,19,0.0
693,5,10,150,19,0.0
694,5,10,150,19,0.14236446992560947
695,5,10,150,19,0.0
696,5,10,150,19,0.0
697,5,10,150,19,0.0632176666891428
698,5,10,150,19,0.1467868763787456
699,5,10,150,19,0.0
700,5,10,150,19,0.16958010263680806
701,5,10,150,19,0.0
702,5,10,150,19,0.0
703,5,10,150,19,0.0
704,5,10,150,19,0.0489289587929152
705,5,10,150,19,0.04630610387058298
706,5,10,150,19,0.0
707,5,10,150,19,0.08684147940404952
708,5,10,150,19,0.0
709,5,10,150,19,0.08098442775660693
710,5,10,150,19,0.0733934381893728
711,5,10,150,19,0.12989335908755048
712,5,10,150,19,0.07189804197890479
713,5,10,150,19,0.0
714,5,10,150,19,0.04195229264874745
715,5,10,150,19,0.14489874808041192
716,5,10,150,19,0.1235447973832326
717,5,10,150,19,0.09261220774116596
718,5,10,150,19,0.0
719,5,10,150,19,0.0704664279467047
720,5,10,150,19,0.0
721,5,10,150,19,0.1467868763787456
722,5,10,150,19,0.0
723,5,10,150,19,0.0
724,5,10,150,19,0.0
725,5,10,150,19,0.05750402108673013
726,5,10,150,19,0.2529427027676571
727,5,10,150,19,0.16499201733568927
728,5,10,150,19,0.0
729,5,10,150,19,0.0
730,5,10,150,19,0.0
731,5,10,150,19,0.0
732,5,10,150,19,0.0
733,5,10,150,19,0.0
734,5,10,150,19,0.042430922926167375
735,5,10,150,19,0.0
736,5,10,150,19,0.0
737,5,10,150,19,0.16282663249631943
738,5,10,150,19,0.41056512806323076
739,5,10,150,19,0.0
740,5,10,150,19,0.0
741,5,10,150,19,0.08413028167713357
742,5,10,150,19,0.0
743,5,10,150,19,0.0
744,5,10,150,19,0.0
745,5,10,150,19,0.33763622740733124
746,5,10,150,19,0.0704664279467047
747,5,10,150,19,0.35036380125519073
748,5,10,150,19,0.30615383300544474
749,5,10,150,19,0.1401610017984903
750,5,10,150,19,0.07219614103266732
751,5,10,150,19,0.07260820797658754
752,5,10,150,19,0.0
753,5,10,150,19,0.09523506266349818
754,5,10,150,19,0.0
755,5,10,150,19,0.0
756,5,10,150,19,0.0
757,5,10,150,19,0.0
758,5,10,150,19,0.1366111048785156
759,5,10,150,19,0.0
760,5,10,150,19,0.04123398036294628
761,5,10,150,19,0.0366967190946864
762,5,10,150,19,0.0647083388415595
763,5,10,150,19,0.33086745650363497
764,5,10,150,19,0.09773007887232292
765,5,10,150,19,0.0
766,5,10,150,19,0.07348276782780744
767,5,10,150,19,0.2073612289146658
768,5,10,150,19,0.08898325943393234
769,5,10,150,19,0.0
770,5,10,150,19,0.0
771,5,10,150,19,0.03591148888190114
772,5,10,150,19,0.0
773,5,10,150,19,0.10930492707127394
774,5,10,150,19,0.0
775,5,10,150,19,0.0
776,5,10,150,19,0.14591022819162897
777,5,10,150,19,0.0
778,5,10,150,19,0.0
779,5,10,150,19,0.05878132199396477
780,5,10,150,19,0.04759023790187059
781,5,10,150,19,0.14465496433530003
782,5,10,150,19,0.0
783,5,10,150,19,0.0
784,5,10,150,19,0.0
785,5,10,150,19,0.048159222084064895
786,5,10,150,19,0.21767134991053655
787,5,10,150,19,0.0
788,5,10,150,19,0.3301472844840356
789,5,10,150,19,0.059109628562248356
790,5,10,150,19,0.11550420702838876
791,5,10,150,19,0.0
792,5,10,150,19,0.0
793,5,10,150,19,0.0
794,5,10,150,19,0.1347550785425721
795,5,10,150,19,0.18645429094548896
796,5,10,150,19,0.4639185436273405
797,5,10,150,19,0.0
798,5,10,150,19,0.16472115713600438
799,5,10,150,19,0.0
800,5,10,150,19,0.0
801,5,10,150,19,0.0
802,5,10,150,19,0.039667414566743345
803,5,10,150,19,0.0
804,5,10,150,19,0.2200428388902947
805,5,10,150,19,0.1509231397617644
806,5,10,150,19,0.19530226639801632
807,5,10,150,19,0.18993570563895865
808,5,10,150,19,0.0
809,5,10,150,19,0.0
810,5,10,150,19,0.0
811,5,10,150,19,0.0
812,5,10,150,19,0.0
813,5,10,150,19,0.13371076079718452
814,5,10,150,19,0.060961917527339995
815,5,10,150,19,0.2811173548340079
816,5,10,150,19,0.0
817,5,10,150,19,0.0
818,5,10,150,19,0.0
819,5,10,150,19,0.0
820,5,10,150,19,0.0
821,5,10,150,19,0.09311621155273833
822,5,10,150,19,0.0
823,5,10,150,19,0.2768112953545904
824,5,10,150,19,0.0
825,5,10,150,19,0.05678491519230736
826,5,10,150,19,0.08898325943393234
827,5,10,150,19,0.0
828,5,10,150,19,0.0632176666891428
829,5,10,150,19,0.12630830574265667
830,5,10,150,19,0.03757127894590629
831,5,10,150,19,0.11758069094919595
832,5,10,150,19,0.0
833,5,10,150,19,0.2628297737513984
834,5,10,150,19,0.0
835,5,10,150,19,0.042430922926167375
836,5,10,150,19,0.0
837,5,10,150,19,0.0
838,5,10,150,19,0.07912764202085378
839,5,10,150,19,0.03757127894590629
840,5,10,150,19,0.3284807547387682
841,5,10,150,19,0.0
842,5,10,150,19,0.0
843,5,10,150,19,0.23009787247090147
844,5,10,150,19,0.2000171271901319
845,5,10,150,19,0.0
846,5,10,150,19,0.3375727599559864
847,5,10,150,19,0.0
848,5,10,150,19,0.0366967190946864
849,5,10,150,19,0.0
850,5,10,150,19,0.0
851,5,10,150,19,0.40014951787538855
852,5,10,150,19,0.0
853,5,10,150,19,0.0
854,5,10,150,19,0.2562248547409761
855,5,10,150,19,0.0
856,5,10,150,19,0.0
857,5,10,150,19,0.0
858,5,10,150,19,0.0
859,5,10,150,19,0.0
860,5,10,150,19,0.0
861,5,10,150,19,0.11433860186938835
862,5,10,150,19,0.09074820036412398
863,5,10,150,19,0.0
864,5,10,150,19,0.2918997479500115
865,5,10,150,19,0.0
866,5,10,150,19,0.04622440829742681
867,5,10,150,19,0.34733559235832606
868,5,10,150,19,0.24890634187383787
869,5,10,150,19,0.038553504830439546
870,5,10,150,19,0.25077358759415386
871,5,10,150,19,0.1285236966230671
872,5,10,150,19,0.0
873,5,10,150,19,0.0
874,5,10,150,19,0.0366967190946864
875,5,10,150,19,0.3109163885246645
876,5,10,150,19,0.0
877,5,10,150,19,0.05678491519230736
878,5,10,150,19,0.0366967190946864
879,5,10,150,19,0.04258528250242427
880,5,10,150,19,0.5033306325003394
881,5,10,150,19,0.5479103922055502
882,5,10,150,19,0.3019584979738777
883,5,10,150,19,0.34541870022482307
884,5,10,150,19,0.0
885,5,10,150,19,0.13490247723024154
886,5,10,150,19,0.3485847559316121
887,5,10,150,19,0.13105291323290005
888,5,10,150,19,0.0
889,5,10,150,19,0.470012779578624
890,5,10,150,19,0.4032557283792787
891,5,10,150,19,0.0
892,5,10,150,19,0.40457109600805524
893,5,10,150,19,0.04094516368001556
894,5,10,150,19,0.3741153210188314
895,5,10,150,19,0.0
896,5,10,150,19,0.5445909571063556
897,5,10,150,19,0.0733934381893728
898,5,10,150,19,0.0
899,5,10,150,19,0.34763036733232083
900,5,10,150,19,0.0489289587929152
901,5,10,150,19,0.4041690788401849
902,5,10,150,19,0.03396328517181661
903,5,10,150,19,0.5524422621603825
904,5,10,150,19,0.0
905,5,10,150,19,0.09921583811847474
906,5,10,150,19,0.0
907,5,10,150,19,0.2753105730018127
908,5,10,150,19,0.22155118332929177
909,5,10,150,19,0.0
910,5,10,150,19,0.18906453750021668
911,5,10,150,19,0.03520132288421838
912,5,10,150,19,0.0733934381893728
913,5,10,150,19,0.20519334802507957
914,5,10,150,19,0.0
915,5,10,150,19,0.0
916,5,10,150,19,0.3277612462029498
917,5,10,150,19,0.0
918,5,10,150,19,0.0
919,5,10,150,19,0.16630868575203314
920,5,10,150,19,0.08121489381611428
921,5,10,150,19,0.05678491519230736
922,5,10,150,19,0.07698586199097095
923,5,10,150,19,0.04094516368001556
924,5,10,150,19,0.0793885756440415
925,5,10,150,19,0.042430922926167375
926,5,10,150,19,0.10110248162007003
927,5,10,150,19,0.15190024385097842
928,5,10,150,19,0.0632176666891428
929,5,10,150,19,0.0733934381893728
930,5,10,150,19,0.0733934381893728
931,5,10,150,19,0.03520132288421838
932,5,10,150,19,0.3353838393244104
933,5,10,150,19,0.11966961643881702
934,5,10,150,19,0.03591148888190114
935,5,10,150,19,0.0
936,5,10,150,19,0.18134181544354916
937,5,10,150,19,0.09645232975905071
938,5,10,150,19,0.12591724007780591
939,5,10,150,19,0.04630610387058298
940,5,10,150,19,0.16010094351379794
941,5,10,150,19,0.17060921827860473
942,5,10,150,19,0.0
943,5,10,150,19,0.34018289644956856
1,5,10,150,20,0.41879925010384716
2,5,10,150,20,0.0
3,5,10,150,20,0.0
4,5,10,150,20,0.0
5,5,10,150,20,0.04470486007704452
6,5,10,150,20,0.0
7,5,10,150,20,0.0383846381653829
8,5,10,150,20,0.0
9,5,10,150,20,0.0
10,5,10,150,20,0.21422665043052946
11,5,10,150,20,0.03947525607388688
12,5,10,150,20,0.0
13,5,10,150,20,0.3050543973722097
14,5,10,150,20,0.18795160328752808
15,5,10,150,20,0.0
16,5,10,150,20,0.061734604266276284
17,5,10,150,20,0.0
18,5,10,150,20,0.16255448479348464
19,5,10,150,20,0.0
20,5,10,150,20,0.13743816645714543
21,5,10,150,20,0.1265754929129826
22,5,10,150,20,0.0
23,5,10,150,20,0.06541518452970234
24,5,10,150,20,0.05010834716923557
25,5,10,150,20,0.23940867474021393
26,5,10,150,20,0.0
27,5,10,150,20,0.0
28,5,10,150,20,0.0
30,5,10,150,20,0.08133484538841967
31,5,10,150,20,0.0
32,5,10,150,20,0.19519002499605084
33,5,10,150,20,0.0
34,5,10,150,20,0.0
35,5,10,150,20,0.0
37,5,10,150,20,0.08177471774917201
38,5,10,150,20,0.0
39,5,10,150,20,0.0
40,5,10,150,20,0.0
41,5,10,150,20,0.06835476917178976
42,5,10,150,20,0.04622440829742681
43,5,10,150,20,0.0
44,5,10,150,20,0.20156257967328423
45,5,10,150,20,0.0
46,5,10,150,20,0.0
47,5,10,150,20,0.0
48,5,10,150,20,0.0
49,5,10,150,20,0.04105877938688906
52,5,10,150,20,0.0
53,5,10,150,20,0.0
54,5,10,150,20,0.0
55,5,10,150,20,0.0
56,5,10,150,20,0.11781210270929884
57,5,10,150,20,0.06889356673757306
58,5,10,150,20,0.25546756436153767
59,5,10,150,20,0.17839632762219612
60,5,10,150,20,0.06541518452970234
61,5,10,150,20,0.0
62,5,10,150,20,0.09586820699422145
63,5,10,150,20,0.0
64,5,10,150,20,0.04759023790187059
65,5,10,150,20,0.12647135138382856
66,5,10,150,20,0.0
67,5,10,150,20,0.0
68,5,10,150,20,0.0
69,5,10,150,20,0.0
70,5,10,150,20,0.0
71,5,10,150,20,0.0
72,5,10,150,20,0.06362078819895171
73,5,10,150,20,0.0
74,5,10,150,20,0.0
75,5,10,150,20,0.0
76,5,10,150,20,0.10633668103022985
77,5,10,150,20,0.0
78,5,10,150,20,0.0
79,5,10,150,20,0.0
80,5,10,150,20,0.0
81,5,10,150,20,0.0
82,5,10,150,20,0.0
83,5,10,150,20,0.07414861528507455
84,5,10,150,20,0.0
85,5,10,150,20,0.04734112273659951
86,5,10,150,20,0.0
87,5,10,150,20,0.0455520698635181
88,5,10,150,20,0.0
89,5,10,150,20,0.0
90,5,10,150,20,0.0561326498270945
91,5,10,150,20,0.0
92,5,10,150,20,0.044808643601671735
93,5,10,150,20,0.0
94,5,10,150,20,0.10941484642906793
95,5,10,150,20,0.08346065354219406
96,5,10,150,20,0.0
97,5,10,150,20,0.0
98,5,10,150,20,0.0
99,5,10,150,20,0.05278074934727935
100,5,10,150,20,0.0
101,5,10,150,20,0.0
102,5,10,150,20,0.0
103,5,10,150,20,0.0
104,5,10,150,20,0.33958467175585033
105,5,10,150,20,0.0
106,5,10,150,20,0.0
107,5,10,150,20,0.0
109,5,10,150,20,0.16563719724029594
110,5,10,150,20,0.0
111,5,10,150,20,0.0
112,5,10,150,20,0.0
113,5,10,150,20,0.0
114,5,10,150,20,0.08274602130532002
115,5,10,150,20,0.0
116,5,10,150,20,0.0
117,5,10,150,20,0.0
118,5,10,150,20,0.16958010263680806
119,5,10,150,20,0.0
120,5,10,150,20,0.0
121,5,10,150,20,0.13032376591037062
122,5,10,150,20,0.0
123,5,10,150,20,0.0
124,5,10,150,20,0.0
125,5,10,150,20,0.05446333035917803
126,5,10,150,20,0.0
128,5,10,150,20,0.0
129,5,10,150,20,0.0
130,5,10,150,20,0.08961728720334347
131,5,10,150,20,0.0
132,5,10,150,20,0.0
133,5,10,150,20,0.0
134,5,10,150,20,0.0
135,5,10,150,20,0.0
136,5,10,150,20,0.0
137,5,10,150,20,0.0
138,5,10,150,20,0.0
139,5,10,150,20,0.0
140,5,10,150,20,0.0
141,5,10,150,20,0.0
142,5,10,150,20,0.0
143,5,10,150,20,0.0
144,5,10,150,20,0.0
145,5,10,150,20,0.19912127801842003
146,5,10,150,20,0.0
147,5,10,150,20,0.0
148,5,10,150,20,0.0
149,5,10,150,20,0.0
150,5,10,150,20,0.2640681225725909
151,5,10,150,20,0.0
152,5,10,150,20,0.0
153,5,10,150,20,0.0
154,5,10,150,20,0.0
155,5,10,150,20,0.0
156,5,10,150,20,0.0
157,5,10,150,20,0.0
158,5,10,150,20,0.04759023790187059
159,5,10,150,20,0.23138144801632507
160,5,10,150,20,0.1719271394881576
161,5,10,150,20,0.0
162,5,10,150,20,0.0
163,5,10,150,20,0.0
164,5,10,150,20,0.0
165,5,10,150,20,0.0
167,5,10,150,20,0.0
168,5,10,150,20,0.0
169,5,10,150,20,0.0
170,5,10,150,20,0.0
171,5,10,150,20,0.0
173,5,10,150,20,0.0
174,5,10,150,20,0.0
175,5,10,150,20,0.15351022771536424
176,5,10,150,20,0.0
177,5,10,150,20,0.38113435412202
178,5,10,150,20,0.12998646033288294
179,5,10,150,20,0.0
180,5,10,150,20,0.0
181,5,10,150,20,0.04734667987788577
182,5,10,150,20,0.0
183,5,10,150,20,0.15101961822780524
184,5,10,150,20,0.0
185,5,10,150,20,0.0
186,5,10,150,20,0.0
187,5,10,150,20,0.0
188,5,10,150,20,0.07428207290250749
189,5,10,150,20,0.06786785134613488
190,5,10,150,20,0.0
192,5,10,150,20,0.123151194370365
193,5,10,150,20,0.0
194,5,10,150,20,0.0
195,5,10,150,20,0.0647083388415595
196,5,10,150,20,0.0
197,5,10,150,20,0.09546043308946733
198,5,10,150,20,0.0
199,5,10,150,20,0.0
200,5,10,150,20,0.09785159463516042
201,5,10,150,20,0.0
202,5,10,150,20,0.0
203,5,10,150,20,0.0
204,5,10,150,20,0.19519002499605084
205,5,10,150,20,0.0
206,5,10,150,20,0.0
207,5,10,150,20,0.0
208,5,10,150,20,0.0
209,5,10,150,20,0.0
210,5,10,150,20,0.07847428227110642
211,5,10,150,20,0.0
213,5,10,150,20,0.0
214,5,10,150,20,0.0
216,5,10,150,20,0.19635793579928928
217,5,10,150,20,0.0
218,5,10,150,20,0.0
219,5,10,150,20,0.0
221,5,10,150,20,0.0
222,5,10,150,20,0.0921553234795575
223,5,10,150,20,0.0
224,5,10,150,20,0.0
225,5,10,150,20,0.0
226,5,10,150,20,0.19092086617893467
227,5,10,150,20,0.0
228,5,10,150,20,0.0
229,5,10,150,20,0.0
230,5,10,150,20,0.04908948394982232
231,5,10,150,20,0.0
232,5,10,150,20,0.0
233,5,10,150,20,0.18978688349077963
234,5,10,150,20,0.0
235,5,10,150,20,0.0
236,5,10,150,20,0.0
237,5,10,150,20,0.19342640361727081
238,5,10,150,20,0.0
239,5,10,150,20,0.06912040963822193
240,5,10,150,20,0.0
241,5,10,150,20,0.0
242,5,10,150,20,0.0
243,5,10,150,20,0.0
244,5,10,150,20,0.049712302565054066
245,5,10,150,20,0.0
246,5,10,150,20,0.0561326498270945
247,5,10,150,20,0.0
248,5,10,150,20,0.0
249,5,10,150,20,0.0
250,5,10,150,20,0.0
251,5,10,150,20,0.13032376591037062
252,5,10,150,20,0.0
253,5,10,150,20,0.0
254,5,10,150,20,0.08514311764162098
255,5,10,150,20,0.0
256,5,10,150,20,0.0
257,5,10,150,20,0.07984133538066794
258,5,10,150,20,0.0
259,5,10,150,20,0.0
260,5,10,150,20,0.0
261,5,10,150,20,0.0
262,5,10,150,20,0.0
263,5,10,150,20,0.0
264,5,10,150,20,0.0
265,5,10,150,20,0.0
266,5,10,150,20,0.0
267,5,10,150,20,0.05494858807198588
268,5,10,150,20,0.049712302565054066
269,5,10,150,20,0.06117331537803186
270,5,10,150,20,0.0
271,5,10,150,20,0.10737630780536749
272,5,10,150,20,0.0
273,5,10,150,20,0.0
274,5,10,150,20,0.0
275,5,10,150,20,0.0
276,5,10,150,20,0.24589679126289213
277,5,10,150,20,0.0
278,5,10,150,20,0.0
279,5,10,150,20,0.08961728720334347
280,5,10,150,20,0.1420400396336573
281,5,10,150,20,0.0
282,5,10,150,20,0.0
283,5,10,150,20,0.0
284,5,10,150,20,0.0
285,5,10,150,20,0.0
286,5,10,150,20,0.0
287,5,10,150,20,0.0
288,5,10,150,20,0.0
289,5,10,150,20,0.0
290,5,10,150,20,0.07834851647149511
291,5,10,150,20,0.04301500128290471
292,5,10,150,20,0.0
293,5,10,150,20,0.08961728720334347
294,5,10,150,20,0.0
295,5,10,150,20,0.1710356533975505
296,5,10,150,20,0.07879213539011483
297,5,10,150,20,0.0
298,5,10,150,20,0.0
299,5,10,150,20,0.0
300,5,10,150,20,0.0
301,5,10,150,20,0.06869457913685866
302,5,10,150,20,0.0
303,5,10,150,20,0.0
304,5,10,150,20,0.0
305,5,10,150,20,0.11349000778741654
306,5,10,150,20,0.0
307,5,10,150,20,0.10778915452451093
308,5,10,150,20,0.1407006753675344
310,5,10,150,20,0.0
311,5,10,150,20,0.0733934381893728
312,5,10,150,20,0.0
313,5,10,150,20,0.08109672293563117
314,5,10,150,20,0.16600564593053876
315,5,10,150,20,0.0
316,5,10,150,20,0.0
317,5,10,150,20,0.0
318,5,10,150,20,0.03855371268423985
319,5,10,150,20,0.0
320,5,10,150,20,0.13927874459665815
321,5,10,150,20,0.0
322,5,10,150,20,0.0
323,5,10,150,20,0.1610425878239398
324,5,10,150,20,0.0
325,5,10,150,20,0.09092803061897883
326,5,10,150,20,0.0
327,5,10,150,20,0.03233829114831982
328,5,10,150,20,0.07102001981682865
329,5,10,150,20,0.0
330,5,10,150,20,0.0
331,5,10,150,20,0.0
332,5,10,150,20,0.033419004650597904
334,5,10,150,20,0.0
335,5,10,150,20,0.0
336,5,10,150,20,0.049712302565054066
337,5,10,150,20,0.0
338,5,10,150,20,0.0
339,5,10,150,20,0.156545230026903
340,5,10,150,20,0.0
341,5,10,150,20,0.0
342,5,10,150,20,0.27441563935203234
343,5,10,150,20,0.09523628763401437
344,5,10,150,20,0.1202034973803211
345,5,10,150,20,0.12305477858805697
346,5,10,150,20,0.04366879852493834
347,5,10,150,20,0.2032133550116892
348,5,10,150,20,0.0
349,5,10,150,20,0.0
350,5,10,150,20,0.0
351,5,10,150,20,0.0
352,5,10,150,20,0.0
353,5,10,150,20,0.14434031438272124
354,5,10,150,20,0.06335619058732639
355,5,10,150,20,0.0
356,5,10,150,20,0.0
357,5,10,150,20,0.0
358,5,10,150,20,0.0
359,5,10,150,20,0.3010299956639812
360,5,10,150,20,0.07256783117062009
361,5,10,150,20,0.09478836436955078
362,5,10,150,20,0.0
363,5,10,150,20,0.26873090893124474
364,5,10,150,20,0.0
365,5,10,150,20,0.0
366,5,10,150,20,0.0
367,5,10,150,20,0.0
368,5,10,150,20,0.0
369,5,10,150,20,0.0
370,5,10,150,20,0.0
371,5,10,150,20,0.07984133538066794
372,5,10,150,20,0.15130120674940672
373,5,10,150,20,0.1345889274878844
374,5,10,150,20,0.0712496087329599
375,5,10,150,20,0.0
376,5,10,150,20,0.0
377,5,10,150,20,0.0
378,5,10,150,20,0.18309881902054637
379,5,10,150,20,0.0
380,5,10,150,20,0.0
381,5,10,150,20,0.0
382,5,10,150,20,0.0
383,5,10,150,20,0.0
384,5,10,150,20,0.0
385,5,10,150,20,0.0
386,5,10,150,20,0.0
387,5,10,150,20,0.07102001981682865
388,5,10,150,20,0.0
389,5,10,150,20,0.0750966036633514
390,5,10,150,20,0.0
391,5,10,150,20,0.11245246430543061
392,5,10,150,20,0.11004588314904008
393,5,10,150,20,0.16243404747820242
394,5,10,150,20,0.11612190345001776
395,5,10,150,20,0.0
396,5,10,150,20,0.0
397,5,10,150,20,0.11004588314904008
398,5,10,150,20,0.23225678966408997
399,5,10,150,20,0.03406297225598251
400,5,10,150,20,0.0
401,5,10,150,20,0.0
402,5,10,150,20,0.0
403,5,10,150,20,0.2529427027676571
404,5,10,150,20,0.0
405,5,10,150,20,0.04275831251503158
406,5,10,150,20,0.05494858807198588
407,5,10,150,20,0.0921553234795575
408,5,10,150,20,0.0
409,5,10,150,20,0.0334374913847135
410,5,10,150,20,0.0
411,5,10,150,20,0.17342765698823945
412,5,10,150,20,0.0
413,5,10,150,20,0.0
414,5,10,150,20,0.21398626473452756
415,5,10,150,20,0.0
416,5,10,150,20,0.1333909257994789
417,5,10,150,20,0.0795588163005403
419,5,10,150,20,0.30260241349881345
420,5,10,150,20,0.0
421,5,10,150,20,0.0
422,5,10,150,20,0.0
423,5,10,150,20,0.08440880858250024
424,5,10,150,20,0.0
425,5,10,150,20,0.24679797004025028
426,5,10,150,20,0.0
427,5,10,150,20,0.0
428,5,10,150,20,0.0
429,5,10,150,20,0.19311122716330623
430,5,10,150,20,0.1261446714466394
431,5,10,150,20,0.0
432,5,10,150,20,0.0
433,5,10,150,20,0.0
434,5,10,150,20,0.3903800499921017
435,5,10,150,20,0.16993594071342952
436,5,10,150,20,0.07102001981682865
437,5,10,150,20,0.27220876449005477
438,5,10,150,20,0.0
439,5,10,150,20,0.0
440,5,10,150,20,0.0
441,5,10,150,20,0.0
442,5,10,150,20,0.0
443,5,10,150,20,0.0
445,5,10,150,20,0.0
446,5,10,150,20,0.0
447,5,10,150,20,0.21015429952548687
448,5,10,150,20,0.0
449,5,10,150,20,0.0
450,5,10,150,20,0.26986909822884464
451,5,10,150,20,0.0
452,5,10,150,20,0.03730675036644464
453,5,10,150,20,0.0
454,5,10,150,20,0.0
455,5,10,150,20,0.0
456,5,10,150,20,0.08961728720334347
457,5,10,150,20,0.27175032311184477
458,5,10,150,20,0.0
459,5,10,150,20,0.0
460,5,10,150,20,0.0
461,5,10,150,20,0.0
462,5,10,150,20,0.0
463,5,10,150,20,0.0
464,5,10,150,20,0.0
465,5,10,150,20,0.0
466,5,10,150,20,0.03947525607388688
467,5,10,150,20,0.0
468,5,10,150,20,0.2694517823930193
469,5,10,150,20,0.0
470,5,10,150,20,0.0
471,5,10,150,20,0.0
472,5,10,150,20,0.039621067055815605
473,5,10,150,20,0.0
474,5,10,150,20,0.3611702793254858
475,5,10,150,20,0.0
476,5,10,150,20,0.0
477,5,10,150,20,0.0
478,5,10,150,20,0.12861162642696936
479,5,10,150,20,0.06784830105673414
480,5,10,150,20,0.21398626473452756
481,5,10,150,20,0.0
482,5,10,150,20,0.0
483,5,10,150,20,0.06912040963822193
484,5,10,150,20,0.07339707053520887
485,5,10,150,20,0.0
486,5,10,150,20,0.08211539396811637
487,5,10,150,20,0.11214662548205799
488,5,10,150,20,0.0
489,5,10,150,20,0.0
490,5,10,150,20,0.0
491,5,10,150,20,0.19092086617893467
492,5,10,150,20,0.0
493,5,10,150,20,0.0
494,5,10,150,20,0.0
495,5,10,150,20,0.1420400396336573
496,5,10,150,20,0.05459112561892713
497,5,10,150,20,0.0
498,5,10,150,20,0.03855307727568851
499,5,10,150,20,0.1912282106369008
500,5,10,150,20,0.04275831251503158
501,5,10,150,20,0.0
502,5,10,150,20,0.0
503,5,10,150,20,0.1259735751918823
504,5,10,150,20,0.0
505,5,10,150,20,0.0
506,5,10,150,20,0.0334374913847135
507,5,10,150,20,0.0
508,5,10,150,20,0.0
509,5,10,150,20,0.06474271459046577
510,5,10,150,20,0.0
511,5,10,150,20,0.0
512,5,10,150,20,0.0
513,5,10,150,20,0.0
514,5,10,150,20,0.1317763905353731
515,5,10,150,20,0.0
516,5,10,150,20,0.0
517,5,10,150,20,0.0
518,5,10,150,20,0.0
519,5,10,150,20,0.0
520,5,10,150,20,0.0
521,5,10,150,20,0.0
522,5,10,150,20,0.0
523,5,10,150,20,0.0
524,5,10,150,20,0.11618985635111899
525,5,10,150,20,0.0
526,5,10,150,20,0.0
527,5,10,150,20,0.08950909054324063
528,5,10,150,20,0.05780700008370542
529,5,10,150,20,0.0
530,5,10,150,20,0.0
531,5,10,150,20,0.0
532,5,10,150,20,0.0
533,5,10,150,20,0.20722414968851213
534,5,10,150,20,0.0
535,5,10,150,20,0.2499956391607545
536,5,10,150,20,0.2721945389088147
537,5,10,150,20,0.30267734665382945
538,5,10,150,20,0.0
539,5,10,150,20,0.06794340091829075
540,5,10,150,20,0.0
541,5,10,150,20,0.0383846381653829
542,5,10,150,20,0.1420400396336573
543,5,10,150,20,0.0
544,5,10,150,20,0.0
545,5,10,150,20,0.06117331537803186
546,5,10,150,20,0.11781210270929884
547,5,10,150,20,0.0
548,5,10,150,20,0.0
549,5,10,150,20,0.0
550,5,10,150,20,0.0
551,5,10,150,20,0.3197812934456908
552,5,10,150,20,0.0
553,5,10,150,20,0.03757127894590629
554,5,10,150,20,0.16600564593053876
555,5,10,150,20,0.0
556,5,10,150,20,0.0
557,5,10,150,20,0.0
558,5,10,150,20,0.0
559,5,10,150,20,0.0734773909038217
560,5,10,150,20,0.17743084584290636
561,5,10,150,20,0.0
562,5,10,150,20,0.0
563,5,10,150,20,0.0
564,5,10,150,20,0.0
565,5,10,150,20,0.0
566,5,10,150,20,0.18937451887700107
567,5,10,150,20,0.0875669561167033
568,5,10,150,20,0.0
569,5,10,150,20,0.0
570,5,10,150,20,0.0
571,5,10,150,20,0.0
572,5,10,150,20,0.0
573,5,10,150,20,0.0
574,5,10,150,20,0.0
575,5,10,150,20,0.0
576,5,10,150,20,0.17342765698823945
577,5,10,150,20,0.22915613233470902
578,5,10,150,20,0.0
579,5,10,150,20,0.0
580,5,10,150,20,0.10209739512291163
581,5,10,150,20,0.0
582,5,10,150,20,0.0
583,5,10,150,20,0.0
584,5,10,150,20,0.0
585,5,10,150,20,0.0
586,5,10,150,20,0.07102001981682865
587,5,10,150,20,0.0
588,5,10,150,20,0.27404537474214263
589,5,10,150,20,0.0
590,5,10,150,20,0.18511573258657482
591,5,10,150,20,0.15758427078022966
592,5,10,150,20,0.20312050994187386
593,5,10,150,20,0.1420400396336573
594,5,10,150,20,0.0843142342558857
595,5,10,150,20,0.0
596,5,10,150,20,0.0
597,5,10,150,20,0.0
598,5,10,150,20,0.11752277470724268
599,5,10,150,20,0.0
600,5,10,150,20,0.0
601,5,10,150,20,0.0
602,5,10,150,20,0.0
603,5,10,150,20,0.06194403202282284
604,5,10,150,20,0.0
605,5,10,150,20,0.04265230456965118
606,5,10,150,20,0.26443176166149784
607,5,10,150,20,0.0
608,5,10,150,20,0.08031865351008606
609,5,10,150,20,0.11838279295536291
610,5,10,150,20,0.0
611,5,10,150,20,0.0
612,5,10,150,20,0.0
613,5,10,150,20,0.15130120674940672
614,5,10,150,20,0.13886244387355454
615,5,10,150,20,0.0
616,5,10,150,20,0.0
617,5,10,150,20,0.05059568297461706
618,5,10,150,20,0.2335461964153293
619,5,10,150,20,0.1303945739341477
620,5,10,150,20,0.03730675036644464
621,5,10,150,20,0.1420400396336573
622,5,10,150,20,0.20809158920206663
623,5,10,150,20,0.0
624,5,10,150,20,0.0
625,5,10,150,20,0.0
626,5,10,150,20,0.0
627,5,10,150,20,0.04105877938688906
628,5,10,150,20,0.0
629,5,10,150,20,0.07911460050357041
630,5,10,150,20,0.09942460513010813
631,5,10,150,20,0.0
632,5,10,150,20,0.2712783938928164
633,5,10,150,20,0.0455520698635181
634,5,10,150,20,0.0
635,5,10,150,20,0.0
636,5,10,150,20,0.0
637,5,10,150,20,0.0
638,5,10,150,20,0.08251144168042102
639,5,10,150,20,0.0
640,5,10,150,20,0.0
641,5,10,150,20,0.0
642,5,10,150,20,0.03730675036644464
643,5,10,150,20,0.21564778565118498
644,5,10,150,20,0.0
645,5,10,150,20,0.1728105689703981
646,5,10,150,20,0.0
647,5,10,150,20,0.0
648,5,10,150,20,0.05059568297461706
649,5,10,150,20,0.0
650,5,10,150,20,0.0
651,5,10,150,20,0.0
652,5,10,150,20,0.0
653,5,10,150,20,0.05059568297461706
654,5,10,150,20,0.17839632762219612
655,5,10,150,20,0.1874049917832004
656,5,10,150,20,0.0
657,5,10,150,20,0.053845569940583225
658,5,10,150,20,0.0
659,5,10,150,20,0.03475017269886857
660,5,10,150,20,0.0
661,5,10,150,20,0.07714693474999154
662,5,10,150,20,0.0
663,5,10,150,20,0.13429865084104167
664,5,10,150,20,0.05494858807198588
665,5,10,150,20,0.0
666,5,10,150,20,0.1420400396336573
667,5,10,150,20,0.19635793579928928
668,5,10,150,20,0.0
669,5,10,150,20,0.23214503202657466
670,5,10,150,20,0.04610512027589789
671,5,10,150,20,0.16206489762470888
672,5,10,150,20,0.0
673,5,10,150,20,0.0
674,5,10,150,20,0.0
675,5,10,150,20,0.05010834716923557
676,5,10,150,20,0.0
677,5,10,150,20,0.03927489746221688
678,5,10,150,20,0.0
679,5,10,150,20,0.213690313463914
680,5,10,150,20,0.2073612289146658
681,5,10,150,20,0.0
682,5,10,150,20,0.20252513815028164
683,5,10,150,20,0.0383846381653829
684,5,10,150,20,0.0
685,5,10,150,20,0.0
686,5,10,150,20,0.08962483220812449
687,5,10,150,20,0.0
688,5,10,150,20,0.0
689,5,10,150,20,0.27487633291429087
690,5,10,150,20,0.0
691,5,10,150,20,0.0
692,5,10,150,20,0.0
693,5,10,150,20,0.0
694,5,10,150,20,0.1377606462479789
695,5,10,150,20,0.0
696,5,10,150,20,0.0
697,5,10,150,20,0.06117331537803186
698,5,10,150,20,0.1420400396336573
699,5,10,150,20,0.0
700,5,10,150,20,0.16958010263680806
701,5,10,150,20,0.0
702,5,10,150,20,0.0
703,5,10,150,20,0.0
704,5,10,150,20,0.04734667987788577
705,5,10,150,20,0.044808643601671735
706,5,10,150,20,0.0
707,5,10,150,20,0.08403317435933055
708,5,10,150,20,0.0
709,5,10,150,20,0.0783655297533337
710,5,10,150,20,0.07102001981682865
711,5,10,150,20,0.12569282982314403
712,5,10,150,20,0.06957298216439683
713,5,10,150,20,0.0
714,5,10,150,20,0.04195229264874745
715,5,10,150,20,0.1402129701779605
716,5,10,150,20,0.11954956975559346
717,5,10,150,20,0.12195557835166328
718,5,10,150,20,0.0
719,5,10,150,20,0.06818766408358207
720,5,10,150,20,0.0
721,5,10,150,20,0.1420400396336573
722,5,10,150,20,0.0
723,5,10,150,20,0.0
724,5,10,150,20,0.0
725,5,10,150,20,0.05750402108673013
726,5,10,150,20,0.2529427027676571
727,5,10,150,20,0.19199474859025897
728,5,10,150,20,0.0
729,5,10,150,20,0.0
730,5,10,150,20,0.0
731,5,10,150,20,0.0
732,5,10,150,20,0.0
733,5,10,150,20,0.0
734,5,10,150,20,0.04105877938688906
735,5,10,150,20,0.0
736,5,10,150,20,0.0
737,5,10,150,20,0.16282663249631943
738,5,10,150,20,0.3972881534165748
739,5,10,150,20,0.0
740,5,10,150,20,0.0
741,5,10,150,20,0.08140965213386828
742,5,10,150,20,0.0
743,5,10,150,20,0.0
744,5,10,150,20,0.0
745,5,10,150,20,0.33763622740733124
746,5,10,150,20,0.06818766408358207
747,5,10,150,20,0.3713719257906882
748,5,10,150,20,0.2962533412175406
749,5,10,150,20,0.13562843451469056
750,5,10,150,20,0.07219614103266732
751,5,10,150,20,0.0702601826072829
752,5,10,150,20,0.0
753,5,10,150,20,0.09523506266349818
754,5,10,150,20,0.0
755,5,10,150,20,0.0
756,5,10,150,20,0.0
757,5,10,150,20,0.0
758,5,10,150,20,0.1321933351948605
759,5,10,150,20,0.0
760,5,10,150,20,0.04123398036294628
761,5,10,150,20,0.035510009908414325
762,5,10,150,20,0.0647083388415595
763,5,10,150,20,0.3201677683637164
764,5,10,150,20,0.09456965512780148
765,5,10,150,20,0.0
766,5,10,150,20,0.0711064606874074
767,5,10,150,20,0.2073612289146658
768,5,10,150,20,0.08610569288303137
769,5,10,150,20,0.0
770,5,10,150,20,0.0
771,5,10,150,20,0.03475017269886857
772,5,10,150,20,0.0
773,5,10,150,20,0.10577019251569722
774,5,10,150,20,0.03233829114831982
775,5,10,150,20,0.0
776,5,10,150,20,0.14119174075085028
777,5,10,150,20,0.0
778,5,10,150,20,0.0
779,5,10,150,20,0.05878132199396477
780,5,10,150,20,0.04759023790187059
781,5,10,150,20,0.1834976074907827
782,5,10,150,20,0.0
783,5,10,150,20,0.0
784,5,10,150,20,0.0
785,5,10,150,20,0.048159222084064895
786,5,10,150,20,0.21063223042248183
787,5,10,150,20,0.0
788,5,10,150,20,0.31947088547656366
789,5,10,150,20,0.059109628562248356
790,5,10,150,20,0.11176899835264892
791,5,10,150,20,0.0
792,5,10,150,20,0.0
793,5,10,150,20,0.0
794,5,10,150,20,0.1347550785425721
795,5,10,150,20,0.18042467779904023
796,5,10,150,20,0.44891621069441506
797,5,10,150,20,0.0
798,5,10,150,20,0.15939435639825214
799,5,10,150,20,0.0
800,5,10,150,20,0.0
801,5,10,150,20,0.0
802,5,10,150,20,0.0383846381653829
803,5,10,150,20,0.0
804,5,10,150,20,0.21292702950115752
805,5,10,150,20,0.14604254332712993
806,5,10,150,20,0.22132481599363038
807,5,10,150,20,0.18379350949054446
808,5,10,150,20,0.0
809,5,10,150,20,0.0
810,5,10,150,20,0.0
811,5,10,150,20,0.0
812,5,10,150,20,0.0
813,5,10,150,20,0.13371076079718452
814,5,10,150,20,0.060961917527339995
815,5,10,150,20,0.27202649996654027
816,5,10,150,20,0.0
817,5,10,150,20,0.0
818,5,10,150,20,0.0
819,5,10,150,20,0.0
820,5,10,150,20,0.0
821,5,10,150,20,0.09010499239291735
822,5,10,150,20,0.0
823,5,10,150,20,0.26785969109227015
824,5,10,150,20,0.0
825,5,10,150,20,0.05494858807198588
826,5,10,150,20,0.08610569288303137
827,5,10,150,20,0.0
828,5,10,150,20,0.06117331537803186
829,5,10,150,20,0.12222371097709964
830,5,10,150,20,0.036356287988538835
831,5,10,150,20,0.11377833233186024
832,5,10,150,20,0.0
833,5,10,150,20,0.25433030800537865
834,5,10,150,20,0.0
835,5,10,150,20,0.04105877938688906
836,5,10,150,20,0.0
837,5,10,150,20,0.0
838,5,10,150,20,0.07656878929530339
839,5,10,150,20,0.036356287988538835
840,5,10,150,20,0.35019653960372593
841,5,10,150,20,0.0
842,5,10,150,20,0.0
843,5,10,150,20,0.22265690047832848
844,5,10,150,20,0.19354891509640693
845,5,10,150,20,0.0
846,5,10,150,20,0.3266562337607879
847,5,10,150,20,0.0
848,5,10,150,20,0.035510009908414325
849,5,10,150,20,0.0
850,5,10,150,20,0.033419004650597904
851,5,10,150,20,0.3872093662634744
852,5,10,150,20,0.0
853,5,10,150,20,0.0
854,5,10,150,20,0.24793898078892648
855,5,10,150,20,0.0
856,5,10,150,20,0.0
857,5,10,150,20,0.0
858,5,10,150,20,0.0
859,5,10,150,20,0.0
860,5,10,150,20,0.0
861,5,10,150,20,0.11064108687264426
862,5,10,150,20,0.08781355863956289
863,5,10,150,20,0.0
864,5,10,150,20,0.2824602089146829
865,5,10,150,20,0.0
866,5,10,150,20,0.04622440829742681
867,5,10,150,20,0.33610335284646836
868,5,10,150,20,0.2408571361216585
869,5,10,150,20,0.03730675036644464
870,5,10,150,20,0.24266399830622545
871,5,10,150,20,0.12436745990221204
872,5,10,150,20,0.0
873,5,10,150,20,0.0
874,5,10,150,20,0.06784830105673414
875,5,10,150,20,0.3008618838297698
876,5,10,150,20,0.0
877,5,10,150,20,0.05494858807198588
878,5,10,150,20,0.035510009908414325
879,5,10,150,20,0.04258528250242427
880,5,10,150,20,0.48705377996267546
881,5,10,150,20,0.5625301975675369
882,5,10,150,20,0.2921936761516891
883,5,10,150,20,0.3665867408771984
884,5,10,150,20,0.0
885,5,10,150,20,0.13053996164494042
886,5,10,150,20,0.33731212060442967
887,5,10,150,20,0.12681488596893903
888,5,10,150,20,0.0
889,5,10,150,20,0.4548133694691794
890,5,10,150,20,0.4225534183760417
891,5,10,150,20,0.0
892,5,10,150,20,0.3914879581151519
893,5,10,150,20,0.039621067055815605
894,5,10,150,20,0.3620170708446773
895,5,10,150,20,0.0
896,5,10,150,20,0.559318107327028
897,5,10,150,20,0.10335831096514847
898,5,10,150,20,0.0
899,5,10,150,20,0.3363885953015309
900,5,10,150,20,0.04734667987788577
901,5,10,150,20,0.3910989414955028
902,5,10,150,20,0.032864970567577
903,5,10,150,20,0.5345772234440036
904,5,10,150,20,0.0
905,5,10,150,20,0.09600736745887495
906,5,10,150,20,0.0
907,5,10,150,20,0.26640749953586934
908,5,10,150,20,0.21438659665853438
909,5,10,150,20,0.0
910,5,10,150,20,0.18295051344071225
911,5,10,150,20,0.06640126340430233
912,5,10,150,20,0.07102001981682865
913,5,10,150,20,0.19855774579494603
914,5,10,150,20,0.0
915,5,10,150,20,0.0
916,5,10,150,20,0.31716200759610264
917,5,10,150,20,0.0
918,5,10,150,20,0.0
919,5,10,150,20,0.16093054705168947
920,5,10,150,20,0.12005753697159696
921,5,10,150,20,0.05494858807198588
922,5,10,150,20,0.07449627077160256
923,5,10,150,20,0.039621067055815605
924,5,10,150,20,0.07682128477101409
925,5,10,150,20,0.04105877938688906
926,5,10,150,20,0.10110248162007003
927,5,10,150,20,0.14698804953982472
928,5,10,150,20,0.06117331537803186
929,5,10,150,20,0.07102001981682865
930,5,10,150,20,0.07102001981682865
931,5,10,150,20,0.03406297225598251
932,5,10,150,20,0.32453809908189635
933,5,10,150,20,0.11579970554081079
934,5,10,150,20,0.03475017269886857
935,5,10,150,20,0.0
936,5,10,150,20,0.1754775310183708
937,5,10,150,20,0.0933332262373688
938,5,10,150,20,0.12184529170757695
939,5,10,150,20,0.044808643601671735
940,5,10,150,20,0.15492355258932805
941,5,10,150,20,0.17060921827860473
942,5,10,150,20,0.0
943,5,10,150,20,0.32918196290050367
1,5,10,150,21,0.4058715898896693
2,5,10,150,21,0.0
3,5,10,150,21,0.0
4,5,10,150,21,0.0
5,5,10,150,21,0.04470486007704452
6,5,10,150,21,0.04187254809446048
7,5,10,150,21,0.03719976603506465
8,5,10,150,21,0.0
9,5,10,150,21,0.0
10,5,10,150,21,0.21422665043052946
11,5,10,150,21,0.03947525607388688
12,5,10,150,21,0.0
13,5,10,150,21,0.2956378580754205
14,5,10,150,21,0.18795160328752808
15,5,10,150,21,0.0
16,5,10,150,21,0.061734604266276284
17,5,10,150,21,0.0
18,5,10,150,21,0.15753668892785253
19,5,10,150,21,0.0
20,5,10,150,21,0.13743816645714543
21,5,10,150,21,0.1265754929129826
22,5,10,150,21,0.0
23,5,10,150,21,0.06541518452970234
24,5,10,150,21,0.05010834716923557
25,5,10,150,21,0.23940867474021393
26,5,10,150,21,0.0
27,5,10,150,21,0.0
28,5,10,150,21,0.0
30,5,10,150,21,0.08133484538841967
31,5,10,150,21,0.0
32,5,10,150,21,0.19519002499605084
33,5,10,150,21,0.0
34,5,10,150,21,0.0
35,5,10,150,21,0.0
37,5,10,150,21,0.08177471774917201
38,5,10,150,21,0.0
39,5,10,150,21,0.0
40,5,10,150,21,0.0
41,5,10,150,21,0.06835476917178976
42,5,10,150,21,0.04622440829742681
43,5,10,150,21,0.0
44,5,10,150,21,0.20156257967328423
45,5,10,150,21,0.0
46,5,10,150,21,0.0
47,5,10,150,21,0.0
48,5,10,150,21,0.0
49,5,10,150,21,0.039791360812020615
52,5,10,150,21,0.0
53,5,10,150,21,0.0
54,5,10,150,21,0.0
55,5,10,150,21,0.0
56,5,10,150,21,0.11781210270929884
57,5,10,150,21,0.06889356673757306
58,5,10,150,21,0.25546756436153767
59,5,10,150,21,0.17288951951214093
60,5,10,150,21,0.06541518452970234
61,5,10,150,21,0.0
62,5,10,150,21,0.09586820699422145
63,5,10,150,21,0.0
64,5,10,150,21,0.04759023790187059
65,5,10,150,21,0.12647135138382856
66,5,10,150,21,0.0
67,5,10,150,21,0.0
68,5,10,150,21,0.0
69,5,10,150,21,0.0
70,5,10,150,21,0.0
71,5,10,150,21,0.10523285614729473
72,5,10,150,21,0.06362078819895171
73,5,10,150,21,0.0
74,5,10,150,21,0.0
75,5,10,150,21,0.0
76,5,10,150,21,0.10633668103022985
77,5,10,150,21,0.0
78,5,10,150,21,0.0
79,5,10,150,21,0.0
80,5,10,150,21,0.0
81,5,10,150,21,0.0
82,5,10,150,21,0.0
83,5,10,150,21,0.07414861528507455
84,5,10,150,21,0.0
85,5,10,150,21,0.04734112273659951
86,5,10,150,21,0.0
87,5,10,150,21,0.0455520698635181
88,5,10,150,21,0.0
89,5,10,150,21,0.0
90,5,10,150,21,0.0561326498270945
91,5,10,150,21,0.0
92,5,10,150,21,0.04342547274117719
93,5,10,150,21,0.0
94,5,10,150,21,0.10603738585178489
95,5,10,150,21,0.08088435721411047
96,5,10,150,21,0.0
97,5,10,150,21,0.0
98,5,10,150,21,0.0
99,5,10,150,21,0.05278074934727935
100,5,10,150,21,0.0
101,5,10,150,21,0.0
102,5,10,150,21,0.0
103,5,10,150,21,0.0
104,5,10,150,21,0.33958467175585033
105,5,10,150,21,0.0
106,5,10,150,21,0.0
107,5,10,150,21,0.0
109,5,10,150,21,0.16563719724029594
110,5,10,150,21,0.0
111,5,10,150,21,0.0
112,5,10,150,21,0.0
113,5,10,150,21,0.0
114,5,10,150,21,0.08274602130532002
115,5,10,150,21,0.0
116,5,10,150,21,0.0
117,5,10,150,21,0.0
118,5,10,150,21,0.16958010263680806
119,5,10,150,21,0.0
120,5,10,150,21,0.0
121,5,10,150,21,0.13032376591037062
122,5,10,150,21,0.0
123,5,10,150,21,0.0
124,5,10,150,21,0.0
125,5,10,150,21,0.05446333035917803
126,5,10,150,21,0.0
128,5,10,150,21,0.0
129,5,10,150,21,0.0
130,5,10,150,21,0.08685094548235438
131,5,10,150,21,0.0
132,5,10,150,21,0.0
133,5,10,150,21,0.0
134,5,10,150,21,0.0
135,5,10,150,21,0.0
136,5,10,150,21,0.0
137,5,10,150,21,0.0
138,5,10,150,21,0.0
139,5,10,150,21,0.0
140,5,10,150,21,0.0
141,5,10,150,21,0.0
142,5,10,150,21,0.0
143,5,10,150,21,0.0
144,5,10,150,21,0.0
145,5,10,150,21,0.19297472397612728
146,5,10,150,21,0.0
147,5,10,150,21,0.0
148,5,10,150,21,0.0
149,5,10,150,21,0.0
150,5,10,150,21,0.2640681225725909
151,5,10,150,21,0.0
152,5,10,150,21,0.0
153,5,10,150,21,0.0
154,5,10,150,21,0.0
155,5,10,150,21,0.0
156,5,10,150,21,0.0
157,5,10,150,21,0.0
158,5,10,150,21,0.04759023790187059
159,5,10,150,21,0.23138144801632507
160,5,10,150,21,0.1719271394881576
161,5,10,150,21,0.0
162,5,10,150,21,0.0
163,5,10,150,21,0.0
164,5,10,150,21,0.0
165,5,10,150,21,0.0
167,5,10,150,21,0.0
168,5,10,150,21,0.0
169,5,10,150,21,0.0
170,5,10,150,21,0.0
171,5,10,150,21,0.0
173,5,10,150,21,0.0
174,5,10,150,21,0.0
175,5,10,150,21,0.15351022771536424
176,5,10,150,21,0.0
177,5,10,150,21,0.38113435412202
178,5,10,150,21,0.12597398707460816
179,5,10,150,21,0.0
180,5,10,150,21,0.0
181,5,10,150,21,0.04588516391390306
182,5,10,150,21,0.0
183,5,10,150,21,0.15101961822780524
184,5,10,150,21,0.0
185,5,10,150,21,0.0
186,5,10,150,21,0.0
187,5,10,150,21,0.0
188,5,10,150,21,0.07428207290250749
189,5,10,150,21,0.06786785134613488
190,5,10,150,21,0.0
192,5,10,150,21,0.123151194370365
193,5,10,150,21,0.0
194,5,10,150,21,0.0
195,5,10,150,21,0.0647083388415595
196,5,10,150,21,0.0
197,5,10,150,21,0.09546043308946733
198,5,10,150,21,0.0
199,5,10,150,21,0.0
200,5,10,150,21,0.09785159463516042
201,5,10,150,21,0.0
202,5,10,150,21,0.0
203,5,10,150,21,0.0
204,5,10,150,21,0.19519002499605084
205,5,10,150,21,0.0
206,5,10,150,21,0.0
207,5,10,150,21,0.0
208,5,10,150,21,0.0
209,5,10,150,21,0.0
210,5,10,150,21,0.07847428227110642
211,5,10,150,21,0.0
213,5,10,150,21,0.0
214,5,10,150,21,0.0
216,5,10,150,21,0.19635793579928928
217,5,10,150,21,0.0
218,5,10,150,21,0.0
219,5,10,150,21,0.0
221,5,10,150,21,0.0
222,5,10,150,21,0.08931063665508025
223,5,10,150,21,0.0
224,5,10,150,21,0.0
225,5,10,150,21,0.0
226,5,10,150,21,0.19092086617893467
227,5,10,150,21,0.0
228,5,10,150,21,0.0
229,5,10,150,21,0.0
230,5,10,150,21,0.04908948394982232
231,5,10,150,21,0.0
232,5,10,150,21,0.0
233,5,10,150,21,0.18978688349077963
234,5,10,150,21,0.0
235,5,10,150,21,0.0
236,5,10,150,21,0.0
237,5,10,150,21,0.19342640361727081
238,5,10,150,21,0.0
239,5,10,150,21,0.06912040963822193
240,5,10,150,21,0.0
241,5,10,150,21,0.0
242,5,10,150,21,0.0
243,5,10,150,21,0.0
244,5,10,150,21,0.049712302565054066
245,5,10,150,21,0.0
246,5,10,150,21,0.0561326498270945
247,5,10,150,21,0.0
248,5,10,150,21,0.0
249,5,10,150,21,0.056720838976548935
250,5,10,150,21,0.0
251,5,10,150,21,0.13032376591037062
252,5,10,150,21,0.0
253,5,10,150,21,0.0
254,5,10,150,21,0.08514311764162098
255,5,10,150,21,0.0
256,5,10,150,21,0.0
257,5,10,150,21,0.07984133538066794
258,5,10,150,21,0.0
259,5,10,150,21,0.067856722420442
260,5,10,150,21,0.0
261,5,10,150,21,0.0
262,5,10,150,21,0.0
263,5,10,150,21,0.0
264,5,10,150,21,0.0
265,5,10,150,21,0.0
266,5,10,150,21,0.0
267,5,10,150,21,0.08680018975145319
268,5,10,150,21,0.049712302565054066
269,5,10,150,21,0.05928499338321969
270,5,10,150,21,0.0
271,5,10,150,21,0.10406177364128634
272,5,10,150,21,0.0
273,5,10,150,21,0.0
274,5,10,150,21,0.0
275,5,10,150,21,0.0
276,5,10,150,21,0.23830635225323524
277,5,10,150,21,0.0
278,5,10,150,21,0.0
279,5,10,150,21,0.08685094548235438
280,5,10,150,21,0.13765549174170919
281,5,10,150,21,0.0
282,5,10,150,21,0.0
283,5,10,150,21,0.0
284,5,10,150,21,0.0
285,5,10,150,21,0.0
286,5,10,150,21,0.0
287,5,10,150,21,0.0
288,5,10,150,21,0.0
289,5,10,150,21,0.0
290,5,10,150,21,0.07834851647149511
291,5,10,150,21,0.04301500128290471
292,5,10,150,21,0.0
293,5,10,150,21,0.08685094548235438
294,5,10,150,21,0.0
295,5,10,150,21,0.1710356533975505
296,5,10,150,21,0.07879213539011483
297,5,10,150,21,0.0
298,5,10,150,21,0.0
299,5,10,150,21,0.0
300,5,10,150,21,0.0
301,5,10,150,21,0.06657408780976805
302,5,10,150,21,0.0
303,5,10,150,21,0.030868393892711742
304,5,10,150,21,0.0
305,5,10,150,21,0.11349000778741654
306,5,10,150,21,0.0
307,5,10,150,21,0.10778915452451093
308,5,10,150,21,0.13635747149931876
310,5,10,150,21,0.0
311,5,10,150,21,0.0733934381893728
312,5,10,150,21,0.0
313,5,10,150,21,0.08109672293563117
314,5,10,150,21,0.16600564593053876
315,5,10,150,21,0.0
316,5,10,150,21,0.0
317,5,10,150,21,0.0
318,5,10,150,21,0.03855371268423985
319,5,10,150,21,0.0
320,5,10,150,21,0.13927874459665815
321,5,10,150,21,0.0
322,5,10,150,21,0.0
323,5,10,150,21,0.1610425878239398
324,5,10,150,21,0.0
325,5,10,150,21,0.09092803061897883
326,5,10,150,21,0.0
327,5,10,150,21,0.03134006003933629
328,5,10,150,21,0.06882774587085459
329,5,10,150,21,0.0
330,5,10,150,21,0.0
331,5,10,150,21,0.0
332,5,10,150,21,0.033419004650597904
334,5,10,150,21,0.0
335,5,10,150,21,0.0
336,5,10,150,21,0.049712302565054066
337,5,10,150,21,0.0
338,5,10,150,21,0.0
339,5,10,150,21,0.15171293020440738
340,5,10,150,21,0.0
341,5,10,150,21,0.0
342,5,10,150,21,0.2659448693061935
343,5,10,150,21,0.09229649639444802
344,5,10,150,21,0.1202034973803211
345,5,10,150,21,0.12305477858805697
346,5,10,150,21,0.04366879852493834
347,5,10,150,21,0.1969404851249289
348,5,10,150,21,0.0
349,5,10,150,21,0.0
350,5,10,150,21,0.0
351,5,10,150,21,0.0
352,5,10,150,21,0.0
353,5,10,150,21,0.14434031438272124
354,5,10,150,21,0.06335619058732639
355,5,10,150,21,0.0
356,5,10,150,21,0.0
357,5,10,150,21,0.0
358,5,10,150,21,0.0
359,5,10,150,21,0.3010299956639812
360,5,10,150,21,0.07256783117062009
361,5,10,150,21,0.09478836436955078
362,5,10,150,21,0.0
363,5,10,150,21,0.29130401127592037
364,5,10,150,21,0.0
365,5,10,150,21,0.0
366,5,10,150,21,0.0
367,5,10,150,21,0.0
368,5,10,150,21,0.0
369,5,10,150,21,0.0
370,5,10,150,21,0.0
371,5,10,150,21,0.07984133538066794
372,5,10,150,21,0.15130120674940672
373,5,10,150,21,0.1664405291673517
374,5,10,150,21,0.06905024774588929
375,5,10,150,21,0.0
376,5,10,150,21,0.0
377,5,10,150,21,0.0
378,5,10,150,21,0.1774468525537298
379,5,10,150,21,0.0
380,5,10,150,21,0.0
381,5,10,150,21,0.0
382,5,10,150,21,0.0
383,5,10,150,21,0.0
384,5,10,150,21,0.0
385,5,10,150,21,0.0
386,5,10,150,21,0.0
387,5,10,150,21,0.06882774587085459
388,5,10,150,21,0.0
389,5,10,150,21,0.07277849212146621
390,5,10,150,21,0.0
391,5,10,150,21,0.11245246430543061
392,5,10,150,21,0.11004588314904008
393,5,10,150,21,0.15741996931905783
394,5,10,150,21,0.11253740679475116
395,5,10,150,21,0.0
396,5,10,150,21,0.0
397,5,10,150,21,0.11004588314904008
398,5,10,150,21,0.22508739559648214
399,5,10,150,21,0.03301150301122833
400,5,10,150,21,0.0
401,5,10,150,21,0.0
402,5,10,150,21,0.0
403,5,10,150,21,0.2529427027676571
404,5,10,150,21,0.0
405,5,10,150,21,0.04143843208212992
406,5,10,150,21,0.05325241341153146
407,5,10,150,21,0.08931063665508025
408,5,10,150,21,0.0
409,5,10,150,21,0.0334374913847135
410,5,10,150,21,0.0
411,5,10,150,21,0.17342765698823945
412,5,10,150,21,0.0
413,5,10,150,21,0.0
414,5,10,150,21,0.21398626473452756
415,5,10,150,21,0.0
416,5,10,150,21,0.1292733621601871
417,5,10,150,21,0.07710296342133732
419,5,10,150,21,0.30260241349881345
420,5,10,150,21,0.0
421,5,10,150,21,0.0
422,5,10,150,21,0.0
423,5,10,150,21,0.08440880858250024
424,5,10,150,21,0.0
425,5,10,150,21,0.23917971308912617
426,5,10,150,21,0.0
427,5,10,150,21,0.0
428,5,10,150,21,0.0
429,5,10,150,21,0.21801858763083612
430,5,10,150,21,0.1261446714466394
431,5,10,150,21,0.0
432,5,10,150,21,0.0
433,5,10,150,21,0.0
434,5,10,150,21,0.3903800499921017
435,5,10,150,21,0.16469029115895886
436,5,10,150,21,0.06882774587085459
437,5,10,150,21,0.26380611712672736
438,5,10,150,21,0.0
439,5,10,150,21,0.0
440,5,10,150,21,0.0
441,5,10,150,21,0.0
442,5,10,150,21,0.0
443,5,10,150,21,0.0
445,5,10,150,21,0.0
446,5,10,150,21,0.0
447,5,10,150,21,0.21015429952548687
448,5,10,150,21,0.0
449,5,10,150,21,0.04403205443910179
450,5,10,150,21,0.26153867260524577
451,5,10,150,21,0.0
452,5,10,150,21,0.036155150901276155
453,5,10,150,21,0.030868393892711742
454,5,10,150,21,0.0
455,5,10,150,21,0.0
456,5,10,150,21,0.08685094548235438
457,5,10,150,21,0.2633618270975567
458,5,10,150,21,0.0
459,5,10,150,21,0.0
460,5,10,150,21,0.0
461,5,10,150,21,0.0
462,5,10,150,21,0.0
463,5,10,150,21,0.0
464,5,10,150,21,0.0
465,5,10,150,21,0.0
466,5,10,150,21,0.03947525607388688
467,5,10,150,21,0.0
468,5,10,150,21,0.2611342386390183
469,5,10,150,21,0.0
470,5,10,150,21,0.0
471,5,10,150,21,0.0
472,5,10,150,21,0.03839802835148714
473,5,10,150,21,0.08754031530847717
474,5,10,150,21,0.35002153288092597
475,5,10,150,21,0.0
476,5,10,150,21,0.0
477,5,10,150,21,0.0
478,5,10,150,21,0.15550998597595111
479,5,10,150,21,0.09662232686747531
480,5,10,150,21,0.21398626473452756
481,5,10,150,21,0.0
482,5,10,150,21,0.0
483,5,10,150,21,0.06912040963822193
484,5,10,150,21,0.0711314208513569
485,5,10,150,21,0.0
486,5,10,150,21,0.07958062364245334
487,5,10,150,21,0.11214662548205799
488,5,10,150,21,0.0
489,5,10,150,21,0.0
490,5,10,150,21,0.0
491,5,10,150,21,0.19092086617893467
492,5,10,150,21,0.0
493,5,10,150,21,0.0
494,5,10,150,21,0.0
495,5,10,150,21,0.13765549174170919
496,5,10,150,21,0.05459112561892713
497,5,10,150,21,0.0
498,5,10,150,21,0.03855307727568851
499,5,10,150,21,0.1912282106369008
500,5,10,150,21,0.04143843208212992
501,5,10,150,21,0.0
502,5,10,150,21,0.0
503,5,10,150,21,0.12208497325278612
504,5,10,150,21,0.0
505,5,10,150,21,0.0
506,5,10,150,21,0.032405329729866005
507,5,10,150,21,0.0
508,5,10,150,21,0.0
509,5,10,150,21,0.06474271459046577
510,5,10,150,21,0.0
511,5,10,150,21,0.0
512,5,10,150,21,0.0
513,5,10,150,21,0.0
514,5,10,150,21,0.1277086650065674
515,5,10,150,21,0.0
516,5,10,150,21,0.0
517,5,10,150,21,0.0
518,5,10,150,21,0.0
519,5,10,150,21,0.0
520,5,10,150,21,0.0
521,5,10,150,21,0.0
522,5,10,150,21,0.0
523,5,10,150,21,0.0
524,5,10,150,21,0.11260326209893505
525,5,10,150,21,0.0
526,5,10,150,21,0.0
527,5,10,150,21,0.08950909054324063
528,5,10,150,21,0.05780700008370542
529,5,10,150,21,0.0
530,5,10,150,21,0.0
531,5,10,150,21,0.0
532,5,10,150,21,0.0
533,5,10,150,21,0.2008274730118449
534,5,10,150,21,0.0
535,5,10,150,21,0.27314706919239184
536,5,10,150,21,0.2637923306663323
537,5,10,150,21,0.2933341830949182
538,5,10,150,21,0.0
539,5,10,150,21,0.06794340091829075
540,5,10,150,21,0.0
541,5,10,150,21,0.06806815992777639
542,5,10,150,21,0.13765549174170919
543,5,10,150,21,0.0
544,5,10,150,21,0.0
545,5,10,150,21,0.05928499338321969
546,5,10,150,21,0.11781210270929884
547,5,10,150,21,0.0
548,5,10,150,21,0.0
549,5,10,150,21,0.0
550,5,10,150,21,0.0
551,5,10,150,21,0.30991015852008835
552,5,10,150,21,0.0
553,5,10,150,21,0.0704873294500287
554,5,10,150,21,0.16600564593053876
555,5,10,150,21,0.0
556,5,10,150,21,0.0
557,5,10,150,21,0.0
558,5,10,150,21,0.0
559,5,10,150,21,0.0734773909038217
560,5,10,150,21,0.1719538406047105
561,5,10,150,21,0.0
562,5,10,150,21,0.0
563,5,10,150,21,0.0
564,5,10,150,21,0.0
565,5,10,150,21,0.10523285614729473
566,5,10,150,21,0.18352883163506303
567,5,10,150,21,0.0848639048233071
568,5,10,150,21,0.0
569,5,10,150,21,0.0
570,5,10,150,21,0.0
571,5,10,150,21,0.0
572,5,10,150,21,0.0
573,5,10,150,21,0.0
574,5,10,150,21,0.0
575,5,10,150,21,0.0
576,5,10,150,21,0.17342765698823945
577,5,10,150,21,0.22208245057887085
578,5,10,150,21,0.0
579,5,10,150,21,0.0
580,5,10,150,21,0.10209739512291163
581,5,10,150,21,0.0
582,5,10,150,21,0.0
583,5,10,150,21,0.0
584,5,10,150,21,0.0
585,5,10,150,21,0.0
586,5,10,150,21,0.06882774587085459
587,5,10,150,21,0.0
588,5,10,150,21,0.26558603417012633
589,5,10,150,21,0.0
590,5,10,150,21,0.18511573258657482
591,5,10,150,21,0.15758427078022966
592,5,10,150,21,0.19685050603329962
593,5,10,150,21,0.13765549174170919
594,5,10,150,21,0.0843142342558857
595,5,10,150,21,0.0
596,5,10,150,21,0.0
597,5,10,150,21,0.0
598,5,10,150,21,0.11752277470724268
599,5,10,150,21,0.0
600,5,10,150,21,0.0
601,5,10,150,21,0.0
602,5,10,150,21,0.0
603,5,10,150,21,0.06194403202282284
604,5,10,150,21,0.0
605,5,10,150,21,0.04265230456965118
606,5,10,150,21,0.25626917788478704
607,5,10,150,21,0.0
608,5,10,150,21,0.07783934567660449
609,5,10,150,21,0.11838279295536291
610,5,10,150,21,0.0
611,5,10,150,21,0.0
612,5,10,150,21,0.0
613,5,10,150,21,0.15130120674940672
614,5,10,150,21,0.13886244387355454
615,5,10,150,21,0.0
616,5,10,150,21,0.0
617,5,10,150,21,0.049033875503285806
618,5,10,150,21,0.22633700043223628
619,5,10,150,21,0.1303945739341477
620,5,10,150,21,0.036155150901276155
621,5,10,150,21,0.13765549174170919
622,5,10,150,21,0.20166813606081688
623,5,10,150,21,0.0
624,5,10,150,21,0.0
625,5,10,150,21,0.0
626,5,10,150,21,0.0
627,5,10,150,21,0.039791360812020615
628,5,10,150,21,0.0
629,5,10,150,21,0.07667245985256167
630,5,10,150,21,0.09942460513010813
631,5,10,150,21,0.0
632,5,10,150,21,0.2629044655755507
633,5,10,150,21,0.0455520698635181
634,5,10,150,21,0.0
635,5,10,150,21,0.0
636,5,10,150,21,0.0
637,5,10,150,21,0.0
638,5,10,150,21,0.08251144168042102
639,5,10,150,21,0.0
640,5,10,150,21,0.032916050504122406
641,5,10,150,21,0.0
642,5,10,150,21,0.036155150901276155
643,5,10,150,21,0.20899108486161314
644,5,10,150,21,0.0
645,5,10,150,21,0.1674761842585962
646,5,10,150,21,0.0
647,5,10,150,21,0.0
648,5,10,150,21,0.049033875503285806
649,5,10,150,21,0.0
650,5,10,150,21,0.0
651,5,10,150,21,0.0
652,5,10,150,21,0.0
653,5,10,150,21,0.049033875503285806
654,5,10,150,21,0.17288951951214093
655,5,10,150,21,0.18162010067937615
656,5,10,150,21,0.0
657,5,10,150,21,0.053845569940583225
658,5,10,150,21,0.0
659,5,10,150,21,0.03367749068016014
660,5,10,150,21,0.0
661,5,10,150,21,0.07476553278051348
662,5,10,150,21,0.0
663,5,10,150,21,0.13015306718762062
664,5,10,150,21,0.05325241341153146
665,5,10,150,21,0.0
666,5,10,150,21,0.13765549174170919
667,5,10,150,21,0.19635793579928928
668,5,10,150,21,0.0
669,5,10,150,21,0.22497908773774217
670,5,10,150,21,0.08436318382946328
671,5,10,150,21,0.15706221452864735
672,5,10,150,21,0.0
673,5,10,150,21,0.0
674,5,10,150,21,0.0
675,5,10,150,21,0.05010834716923557
676,5,10,150,21,0.0
677,5,10,150,21,0.03927489746221688
678,5,10,150,21,0.0
679,5,10,150,21,0.213690313463914
680,5,10,150,21,0.2073612289146658
681,5,10,150,21,0.0
682,5,10,150,21,0.19627351241268287
683,5,10,150,21,0.03719976603506465
684,5,10,150,21,0.0
685,5,10,150,21,0.0
686,5,10,150,21,0.08962483220812449
687,5,10,150,21,0.0
688,5,10,150,21,0.0
689,5,10,150,21,0.27487633291429087
690,5,10,150,21,0.0
691,5,10,150,21,0.0
692,5,10,150,21,0.0
693,5,10,150,21,0.0
694,5,10,150,21,0.13350819635668176
695,5,10,150,21,0.0
696,5,10,150,21,0.0
697,5,10,150,21,0.05928499338321969
698,5,10,150,21,0.13765549174170919
699,5,10,150,21,0.0
700,5,10,150,21,0.16958010263680806
701,5,10,150,21,0.0
702,5,10,150,21,0.0
703,5,10,150,21,0.0
704,5,10,150,21,0.04588516391390306
705,5,10,150,21,0.04342547274117719
706,5,10,150,21,0.0
707,5,10,150,21,0.0814392052331518
708,5,10,150,21,0.0
709,5,10,150,21,0.07594651171329678
710,5,10,150,21,0.06882774587085459
711,5,10,150,21,0.15268128793538535
712,5,10,150,21,0.06742537594665562
713,5,10,150,21,0.0
714,5,10,150,21,0.04195229264874745
715,5,10,150,21,0.13588482098564017
716,5,10,150,21,0.11585926654667357
717,5,10,150,21,0.11819100552169066
718,5,10,150,21,0.0
719,5,10,150,21,0.06608282041002614
720,5,10,150,21,0.0
721,5,10,150,21,0.13765549174170919
722,5,10,150,21,0.0
723,5,10,150,21,0.0
724,5,10,150,21,0.0
725,5,10,150,21,0.05750402108673013
726,5,10,150,21,0.2529427027676571
727,5,10,150,21,0.18606817906544268
728,5,10,150,21,0.0
729,5,10,150,21,0.0
730,5,10,150,21,0.0
731,5,10,150,21,0.0
732,5,10,150,21,0.0
733,5,10,150,21,0.0
734,5,10,150,21,0.039791360812020615
735,5,10,150,21,0.0
736,5,10,150,21,0.0
737,5,10,150,21,0.16282663249631943
738,5,10,150,21,0.3850245062080039
739,5,10,150,21,0.0
740,5,10,150,21,0.0
741,5,10,150,21,0.07889666692513139
742,5,10,150,21,0.0
743,5,10,150,21,0.0
744,5,10,150,21,0.0
745,5,10,150,21,0.33763622740733124
746,5,10,150,21,0.06608282041002614
747,5,10,150,21,0.39077666479739803
748,5,10,150,21,0.28710847638880566
749,5,10,150,21,0.16231019646775097
750,5,10,150,21,0.07219614103266732
751,5,10,150,21,0.06809136361558743
752,5,10,150,21,0.0
753,5,10,150,21,0.09523506266349818
754,5,10,150,21,0.0
755,5,10,150,21,0.0
756,5,10,150,21,0.0
757,5,10,150,21,0.0
758,5,10,150,21,0.1281127392540743
759,5,10,150,21,0.0
760,5,10,150,21,0.04123398036294628
761,5,10,150,21,0.034413872935427296
762,5,10,150,21,0.0647083388415595
763,5,10,150,21,0.3102847035781147
764,5,10,150,21,0.0916504417630186
765,5,10,150,21,0.0
766,5,10,150,21,0.0689115184505919
767,5,10,150,21,0.2073612289146658
768,5,10,150,21,0.0834477484387131
769,5,10,150,21,0.0
770,5,10,150,21,0.0
771,5,10,150,21,0.03367749068016014
772,5,10,150,21,0.0
773,5,10,150,21,0.10250523655101473
774,5,10,150,21,0.06220845393204803
775,5,10,150,21,0.0
776,5,10,150,21,0.1368333784829554
777,5,10,150,21,0.0
778,5,10,150,21,0.0
779,5,10,150,21,0.05878132199396477
780,5,10,150,21,0.04759023790187059
781,5,10,150,21,0.1834976074907827
782,5,10,150,21,0.0
783,5,10,150,21,0.0
784,5,10,150,21,0.0
785,5,10,150,21,0.048159222084064895
786,5,10,150,21,0.20413035176730024
787,5,10,150,21,0.0
788,5,10,150,21,0.3096093323464197
789,5,10,150,21,0.059109628562248356
790,5,10,150,21,0.1083188688865055
791,5,10,150,21,0.0
792,5,10,150,21,0.0
793,5,10,150,21,0.0
794,5,10,150,21,0.1347550785425721
795,5,10,150,21,0.17485525777677383
796,5,10,150,21,0.43505888827787625
797,5,10,150,21,0.0
798,5,10,150,21,0.1544741086206756
799,5,10,150,21,0.0
800,5,10,150,21,0.0
801,5,10,150,21,0.0
802,5,10,150,21,0.03719976603506465
803,5,10,150,21,0.0
804,5,10,150,21,0.20635431408411073
805,5,10,150,21,0.14153444457461464
806,5,10,150,21,0.2453612682880188
807,5,10,150,21,0.17812009904466647
808,5,10,150,21,0.0
809,5,10,150,21,0.0
810,5,10,150,21,0.0
811,5,10,150,21,0.0
812,5,10,150,21,0.0
813,5,10,150,21,0.17367331957930765
814,5,10,150,21,0.060961917527339995
815,5,10,150,21,0.2944978727090291
816,5,10,150,21,0.0
817,5,10,150,21,0.0
818,5,10,150,21,0.0
819,5,10,150,21,0.0
820,5,10,150,21,0.0
821,5,10,150,21,0.08732359599603297
822,5,10,150,21,0.0
823,5,10,150,21,0.25959129263965386
824,5,10,150,21,0.0
825,5,10,150,21,0.05325241341153146
826,5,10,150,21,0.0834477484387131
827,5,10,150,21,0.0
828,5,10,150,21,0.05928499338321969
829,5,10,150,21,0.11845086132362957
830,5,10,150,21,0.035234027770431754
831,5,10,150,21,0.11026617795298452
832,5,10,150,21,0.0
833,5,10,150,21,0.24647953987901394
834,5,10,150,21,0.0
835,5,10,150,21,0.039791360812020615
836,5,10,150,21,0.0
837,5,10,150,21,0.0
838,5,10,150,21,0.0742052337474479
839,5,10,150,21,0.035234027770431754
840,5,10,150,21,0.3393865348793735
841,5,10,150,21,0.0
842,5,10,150,21,0.0
843,5,10,150,21,0.21578383957143313
844,5,10,150,21,0.18757437094770402
845,5,10,150,21,0.0
846,5,10,150,21,0.3165728804695502
847,5,10,150,21,0.0
848,5,10,150,21,0.034413872935427296
849,5,10,150,21,0.0
850,5,10,150,21,0.033419004650597904
851,5,10,150,21,0.3752568350267062
852,5,10,150,21,0.0
853,5,10,150,21,0.0
854,5,10,150,21,0.2402855026685764
855,5,10,150,21,0.0
856,5,10,150,21,0.0
857,5,10,150,21,0.0
858,5,10,150,21,0.0
859,5,10,150,21,0.0
860,5,10,150,21,0.0
861,5,10,150,21,0.10722577422234174
862,5,10,150,21,0.08510289512235611
863,5,10,150,21,0.0
864,5,10,150,21,0.27374111592688677
865,5,10,150,21,0.0
866,5,10,150,21,0.04622440829742681
867,5,10,150,21,0.3257283821621425
868,5,10,150,21,0.23342226317198464
869,5,10,150,21,0.036155150901276155
870,5,10,150,21,0.23517335042292856
871,5,10,150,21,0.12052843616251452
872,5,10,150,21,0.0
873,5,10,150,21,0.0
874,5,10,150,21,0.06575393297476358
875,5,10,150,21,0.29157476069240923
876,5,10,150,21,0.0
877,5,10,150,21,0.05325241341153146
878,5,10,150,21,0.034413872935427296
879,5,10,150,21,0.04258528250242427
880,5,10,150,21,0.5028876059285652
881,5,10,150,21,0.5451657938524771
882,5,10,150,21,0.28317412666327935
883,5,10,150,21,0.3552707969639556
884,5,10,150,21,0.0
885,5,10,150,21,0.1265104026901449
886,5,10,150,21,0.3268998372008262
887,5,10,150,21,0.1229003141173905
888,5,10,150,21,0.0
889,5,10,150,21,0.44077401123273335
890,5,10,150,21,0.40950987301689823
891,5,10,150,21,0.0
892,5,10,150,21,0.3794033536198
893,5,10,150,21,0.03839802835148714
894,5,10,150,21,0.35084218530595807
895,5,10,150,21,0.0
896,5,10,150,21,0.572921249571443
897,5,10,150,21,0.10016780591019088
898,5,10,150,21,0.0
899,5,10,150,21,0.32600481964074723
900,5,10,150,21,0.04588516391390306
901,5,10,150,21,0.37902634531839696
902,5,10,150,21,0.031850481710824656
903,5,10,150,21,0.5180756831446619
904,5,10,150,21,0.0
905,5,10,150,21,0.09304377422355208
906,5,10,150,21,0.0
907,5,10,150,21,0.25818392790422373
908,5,10,150,21,0.2077688267475608
909,5,10,150,21,0.0
910,5,10,150,21,0.20817151882166224
911,5,10,150,21,0.06435156305056462
912,5,10,150,21,0.06882774587085459
913,5,10,150,21,0.1924285870872987
914,5,10,150,21,0.0
915,5,10,150,21,0.0
916,5,10,150,21,0.3073717258178229
917,5,10,150,21,0.0
918,5,10,150,21,0.0
919,5,10,150,21,0.15596287953592833
920,5,10,150,21,0.15831560052516233
921,5,10,150,21,0.05325241341153146
922,5,10,150,21,0.07219669054188663
923,5,10,150,21,0.03839802835148714
924,5,10,150,21,0.07444993509335825
925,5,10,150,21,0.039791360812020615
926,5,10,150,21,0.14513453605917181
927,5,10,150,21,0.142450764529108
928,5,10,150,21,0.05928499338321969
929,5,10,150,21,0.06882774587085459
930,5,10,150,21,0.06882774587085459
931,5,10,150,21,0.03301150301122833
932,5,10,150,21,0.31452012920624445
933,5,10,150,21,0.11222515461751702
934,5,10,150,21,0.03367749068016014
935,5,10,150,21,0.0
936,5,10,150,21,0.17006082147157517
937,5,10,150,21,0.09045217944659611
938,5,10,150,21,0.11808412324917511
939,5,10,150,21,0.04342547274117719
940,5,10,150,21,0.15014131134474243
941,5,10,150,21,0.17060921827860473
942,5,10,150,21,0.030868393892711742
943,5,10,150,21,0.3190206444073149
1,5,10,150,22,0.4058715898896693
2,5,10,150,22,0.0
3,5,10,150,22,0.0
4,5,10,150,22,0.0
5,5,10,150,22,0.04470486007704452
6,5,10,150,22,0.04187254809446048
7,5,10,150,22,0.036101179208000475
8,5,10,150,22,0.0
9,5,10,150,22,0.0
10,5,10,150,22,0.21422665043052946
11,5,10,150,22,0.03947525607388688
12,5,10,150,22,0.0
13,5,10,150,22,0.2869070543344243
14,5,10,150,22,0.18795160328752808
15,5,10,150,22,0.0
16,5,10,150,22,0.061734604266276284
17,5,10,150,22,0.0
18,5,10,150,22,0.1528843013006747
19,5,10,150,22,0.0
20,5,10,150,22,0.13743816645714543
21,5,10,150,22,0.1265754929129826
22,5,10,150,22,0.0
23,5,10,150,22,0.06541518452970234
24,5,10,150,22,0.05010834716923557
25,5,10,150,22,0.23940867474021393
26,5,10,150,22,0.0
27,5,10,150,22,0.0
28,5,10,150,22,0.0
30,5,10,150,22,0.08133484538841967
31,5,10,150,22,0.0
32,5,10,150,22,0.19519002499605084
33,5,10,150,22,0.0
34,5,10,150,22,0.0
35,5,10,150,22,0.0
37,5,10,150,22,0.08177471774917201
38,5,10,150,22,0.0
39,5,10,150,22,0.0
40,5,10,150,22,0.0
41,5,10,150,22,0.06835476917178976
42,5,10,150,22,0.04622440829742681
43,5,10,150,22,0.0
44,5,10,150,22,0.20156257967328423
45,5,10,150,22,0.0
46,5,10,150,22,0.0
47,5,10,150,22,0.0
48,5,10,150,22,0.0
49,5,10,150,22,0.03861623877555839
52,5,10,150,22,0.0
53,5,10,150,22,0.0
54,5,10,150,22,0.0
55,5,10,150,22,0.0
56,5,10,150,22,0.11781210270929884
57,5,10,150,22,0.06889356673757306
58,5,10,150,22,0.25546756436153767
59,5,10,150,22,0.16778373071512379
60,5,10,150,22,0.06541518452970234
61,5,10,150,22,0.0
62,5,10,150,22,0.09586820699422145
63,5,10,150,22,0.0
64,5,10,150,22,0.04759023790187059
65,5,10,150,22,0.12647135138382856
66,5,10,150,22,0.0
67,5,10,150,22,0.0
68,5,10,150,22,0.0
69,5,10,150,22,0.0
70,5,10,150,22,0.0
71,5,10,150,22,0.10523285614729473
72,5,10,150,22,0.06362078819895171
73,5,10,150,22,0.0
74,5,10,150,22,0.0
75,5,10,150,22,0.0
76,5,10,150,22,0.10633668103022985
77,5,10,150,22,0.0
78,5,10,150,22,0.0
79,5,10,150,22,0.0
80,5,10,150,22,0.0
81,5,10,150,22,0.0
82,5,10,150,22,0.0
83,5,10,150,22,0.07414861528507455
84,5,10,150,22,0.0
85,5,10,150,22,0.04734112273659951
86,5,10,150,22,0.0
87,5,10,150,22,0.0455520698635181
88,5,10,150,22,0.0
89,5,10,150,22,0.0
90,5,10,150,22,0.0561326498270945
91,5,10,150,22,0.0
92,5,10,150,22,0.04214302778527282
93,5,10,150,22,0.0
94,5,10,150,22,0.1324379699539901
95,5,10,150,22,0.07849567312219397
96,5,10,150,22,0.0
97,5,10,150,22,0.0
98,5,10,150,22,0.0
99,5,10,150,22,0.05278074934727935
100,5,10,150,22,0.0
101,5,10,150,22,0.0
102,5,10,150,22,0.0
103,5,10,150,22,0.0
104,5,10,150,22,0.33958467175585033
105,5,10,150,22,0.0
106,5,10,150,22,0.0
107,5,10,150,22,0.0
109,5,10,150,22,0.16563719724029594
110,5,10,150,22,0.0
111,5,10,150,22,0.0
112,5,10,150,22,0.0
113,5,10,150,22,0.0
114,5,10,150,22,0.08274602130532002
115,5,10,150,22,0.0
116,5,10,150,22,0.0
117,5,10,150,22,0.0
118,5,10,150,22,0.16958010263680806
119,5,10,150,22,0.0
120,5,10,150,22,0.0
121,5,10,150,22,0.13032376591037062
122,5,10,150,22,0.0
123,5,10,150,22,0.0
124,5,10,150,22,0.0
125,5,10,150,22,0.05446333035917803
126,5,10,150,22,0.0
128,5,10,150,22,0.0
129,5,10,150,22,0.0
130,5,10,150,22,0.08428605557054564
131,5,10,150,22,0.0
132,5,10,150,22,0.0
133,5,10,150,22,0.0
134,5,10,150,22,0.0
135,5,10,150,22,0.0
136,5,10,150,22,0.0
137,5,10,150,22,0.0
138,5,10,150,22,0.0
139,5,10,150,22,0.0
140,5,10,150,22,0.0
141,5,10,150,22,0.0
142,5,10,150,22,0.0
143,5,10,150,22,0.0
144,5,10,150,22,0.0
145,5,10,150,22,0.1872757771194001
146,5,10,150,22,0.0
147,5,10,150,22,0.0
148,5,10,150,22,0.0
149,5,10,150,22,0.0
150,5,10,150,22,0.2640681225725909
151,5,10,150,22,0.0
152,5,10,150,22,0.0
153,5,10,150,22,0.0
154,5,10,150,22,0.0
155,5,10,150,22,0.0
156,5,10,150,22,0.0
157,5,10,150,22,0.0
158,5,10,150,22,0.04759023790187059
159,5,10,150,22,0.23138144801632507
160,5,10,150,22,0.1719271394881576
161,5,10,150,22,0.0
162,5,10,150,22,0.0
163,5,10,150,22,0.0
164,5,10,150,22,0.0
165,5,10,150,22,0.0
167,5,10,150,22,0.0
168,5,10,150,22,0.0
169,5,10,150,22,0.0
170,5,10,150,22,0.0
171,5,10,150,22,0.0
173,5,10,150,22,0.0
174,5,10,150,22,0.0
175,5,10,150,22,0.15351022771536424
176,5,10,150,22,0.0
177,5,10,150,22,0.38113435412202
178,5,10,150,22,0.12597398707460816
179,5,10,150,22,0.0
180,5,10,150,22,0.0
181,5,10,150,22,0.044530079137671444
182,5,10,150,22,0.0
183,5,10,150,22,0.15101961822780524
184,5,10,150,22,0.0
185,5,10,150,22,0.0
186,5,10,150,22,0.0
187,5,10,150,22,0.0
188,5,10,150,22,0.07428207290250749
189,5,10,150,22,0.06786785134613488
190,5,10,150,22,0.0
192,5,10,150,22,0.123151194370365
193,5,10,150,22,0.0
194,5,10,150,22,0.0
195,5,10,150,22,0.0647083388415595
196,5,10,150,22,0.0
197,5,10,150,22,0.09546043308946733
198,5,10,150,22,0.0
199,5,10,150,22,0.0
200,5,10,150,22,0.09785159463516042
201,5,10,150,22,0.0
202,5,10,150,22,0.0
203,5,10,150,22,0.0
204,5,10,150,22,0.19519002499605084
205,5,10,150,22,0.0
206,5,10,150,22,0.0
207,5,10,150,22,0.0
208,5,10,150,22,0.0
209,5,10,150,22,0.0
210,5,10,150,22,0.07847428227110642
211,5,10,150,22,0.0
213,5,10,150,22,0.0
214,5,10,150,22,0.0
216,5,10,150,22,0.19635793579928928
217,5,10,150,22,0.0
218,5,10,150,22,0.0
219,5,10,150,22,0.0
221,5,10,150,22,0.0
222,5,10,150,22,0.08667310692294426
223,5,10,150,22,0.0
224,5,10,150,22,0.0
225,5,10,150,22,0.0
226,5,10,150,22,0.19092086617893467
227,5,10,150,22,0.0
228,5,10,150,22,0.0
229,5,10,150,22,0.0
230,5,10,150,22,0.04908948394982232
231,5,10,150,22,0.0
232,5,10,150,22,0.0
233,5,10,150,22,0.18978688349077963
234,5,10,150,22,0.0
235,5,10,150,22,0.0
236,5,10,150,22,0.0
237,5,10,150,22,0.19342640361727081
238,5,10,150,22,0.0
239,5,10,150,22,0.06912040963822193
240,5,10,150,22,0.0
241,5,10,150,22,0.0
242,5,10,150,22,0.0
243,5,10,150,22,0.0
244,5,10,150,22,0.049712302565054066
245,5,10,150,22,0.0
246,5,10,150,22,0.0561326498270945
247,5,10,150,22,0.0
248,5,10,150,22,0.0
249,5,10,150,22,0.056720838976548935
250,5,10,150,22,0.0
251,5,10,150,22,0.13032376591037062
252,5,10,150,22,0.0
253,5,10,150,22,0.0
254,5,10,150,22,0.08514311764162098
255,5,10,150,22,0.0
256,5,10,150,22,0.0
257,5,10,150,22,0.07984133538066794
258,5,10,150,22,0.0
259,5,10,150,22,0.067856722420442
260,5,10,150,22,0.0
261,5,10,150,22,0.0
262,5,10,150,22,0.0
263,5,10,150,22,0.0
264,5,10,150,22,0.0
265,5,10,150,22,0.0
266,5,10,150,22,0.0
267,5,10,150,22,0.08680018975145319
268,5,10,150,22,0.049712302565054066
269,5,10,150,22,0.057534183641244435
270,5,10,150,22,0.0
271,5,10,150,22,0.10406177364128634
272,5,10,150,22,0.0
273,5,10,150,22,0.0
274,5,10,150,22,0.0
275,5,10,150,22,0.0
276,5,10,150,22,0.23126866768434992
277,5,10,150,22,0.0
278,5,10,150,22,0.0
279,5,10,150,22,0.08428605557054564
280,5,10,150,22,0.13359023741301432
281,5,10,150,22,0.0
282,5,10,150,22,0.0
283,5,10,150,22,0.0
284,5,10,150,22,0.0
285,5,10,150,22,0.0
286,5,10,150,22,0.0
287,5,10,150,22,0.0
288,5,10,150,22,0.0
289,5,10,150,22,0.0
290,5,10,150,22,0.07834851647149511
291,5,10,150,22,0.04301500128290471
292,5,10,150,22,0.0
293,5,10,150,22,0.08428605557054564
294,5,10,150,22,0.0
295,5,10,150,22,0.1710356533975505
296,5,10,150,22,0.07879213539011483
297,5,10,150,22,0.0
298,5,10,150,22,0.0
299,5,10,150,22,0.0
300,5,10,150,22,0.0
301,5,10,150,22,0.06460801587741544
302,5,10,150,22,0.0
303,5,10,150,22,0.029956785715628154
304,5,10,150,22,0.0
305,5,10,150,22,0.11349000778741654
306,5,10,150,22,0.0
307,5,10,150,22,0.10778915452451093
308,5,10,150,22,0.13233055042084405
310,5,10,150,22,0.0
311,5,10,150,22,0.0733934381893728
312,5,10,150,22,0.0
313,5,10,150,22,0.08109672293563117
314,5,10,150,22,0.16600564593053876
315,5,10,150,22,0.0
316,5,10,150,22,0.0
317,5,10,150,22,0.0
318,5,10,150,22,0.03855371268423985
319,5,10,150,22,0.0
320,5,10,150,22,0.13927874459665815
321,5,10,150,22,0.0
322,5,10,150,22,0.0
323,5,10,150,22,0.1610425878239398
324,5,10,150,22,0.0
325,5,10,150,22,0.09092803061897883
326,5,10,150,22,0.0
327,5,10,150,22,0.030414522575305965
328,5,10,150,22,0.06679511870650716
329,5,10,150,22,0.0
330,5,10,150,22,0.0
331,5,10,150,22,0.0
332,5,10,150,22,0.033419004650597904
334,5,10,150,22,0.0
335,5,10,150,22,0.0
336,5,10,150,22,0.049712302565054066
337,5,10,150,22,0.0
338,5,10,150,22,0.0
339,5,10,150,22,0.14723253034219413
340,5,10,150,22,0.0
341,5,10,150,22,0.0
342,5,10,150,22,0.2580909615727499
343,5,10,150,22,0.09229649639444802
344,5,10,150,22,0.1202034973803211
345,5,10,150,22,0.12305477858805697
346,5,10,150,22,0.04366879852493834
347,5,10,150,22,0.1969404851249289
348,5,10,150,22,0.0
349,5,10,150,22,0.0
350,5,10,150,22,0.0
351,5,10,150,22,0.0
352,5,10,150,22,0.0
353,5,10,150,22,0.14434031438272124
354,5,10,150,22,0.06335619058732639
355,5,10,150,22,0.0
356,5,10,150,22,0.0
357,5,10,150,22,0.0
358,5,10,150,22,0.0
359,5,10,150,22,0.3010299956639812
360,5,10,150,22,0.07256783117062009
361,5,10,150,22,0.09478836436955078
362,5,10,150,22,0.0
363,5,10,150,22,0.2827011950873179
364,5,10,150,22,0.0
365,5,10,150,22,0.0
366,5,10,150,22,0.0
367,5,10,150,22,0.0
368,5,10,150,22,0.0
369,5,10,150,22,0.0
370,5,10,150,22,0.0
371,5,10,150,22,0.07984133538066794
372,5,10,150,22,0.15130120674940672
373,5,10,150,22,0.19784057210109926
374,5,10,150,22,0.06701104963621173
375,5,10,150,22,0.0
376,5,10,150,22,0.0
377,5,10,150,22,0.0
378,5,10,150,22,0.17220647618857274
379,5,10,150,22,0.0
380,5,10,150,22,0.0
381,5,10,150,22,0.0
382,5,10,150,22,0.0
383,5,10,150,22,0.0
384,5,10,150,22,0.0
385,5,10,150,22,0.0
386,5,10,150,22,0.0
387,5,10,150,22,0.06679511870650716
388,5,10,150,22,0.0
389,5,10,150,22,0.0706291911644959
390,5,10,150,22,0.0
391,5,10,150,22,0.11245246430543061
392,5,10,150,22,0.11004588314904008
393,5,10,150,22,0.15277102866583572
394,5,10,150,22,0.10921394200359792
395,5,10,150,22,0.0
396,5,10,150,22,0.0
397,5,10,150,22,0.11004588314904008
398,5,10,150,22,0.218440094441217
399,5,10,150,22,0.03203660434343724
400,5,10,150,22,0.0
401,5,10,150,22,0.0
402,5,10,150,22,0.0
403,5,10,150,22,0.2529427027676571
404,5,10,150,22,0.0
405,5,10,150,22,0.04021466858918992
406,5,10,150,22,0.05167975836235349
407,5,10,150,22,0.08667310692294426
408,5,10,150,22,0.0
409,5,10,150,22,0.0334374913847135
410,5,10,150,22,0.0
411,5,10,150,22,0.17342765698823945
412,5,10,150,22,0.0
413,5,10,150,22,0.0
414,5,10,150,22,0.21398626473452756
415,5,10,150,22,0.0
416,5,10,150,22,0.12545564963410263
417,5,10,150,22,0.07482595179006929
419,5,10,150,22,0.30260241349881345
420,5,10,150,22,0.0
421,5,10,150,22,0.0
422,5,10,150,22,0.0
423,5,10,150,22,0.08440880858250024
424,5,10,150,22,0.0
425,5,10,150,22,0.23211623634970197
426,5,10,150,22,0.0458402539699961
427,5,10,150,22,0.0
428,5,10,150,22,0.0
429,5,10,150,22,0.24111213283829877
430,5,10,150,22,0.1261446714466394
431,5,10,150,22,0.0
432,5,10,150,22,0.0
433,5,10,150,22,0.0
434,5,10,150,22,0.3903800499921017
435,5,10,150,22,0.15982664270907201
436,5,10,150,22,0.06679511870650716
437,5,10,150,22,0.25601537121447643
438,5,10,150,22,0.0
439,5,10,150,22,0.0
440,5,10,150,22,0.0
441,5,10,150,22,0.0
442,5,10,150,22,0.0
443,5,10,150,22,0.0
445,5,10,150,22,0.0
446,5,10,150,22,0.0
447,5,10,150,22,0.21015429952548687
448,5,10,150,22,0.0
449,5,10,150,22,0.04403205443910179
450,5,10,150,22,0.25381488906797456
451,5,10,150,22,0.0
452,5,10,150,22,0.03508741374203651
453,5,10,150,22,0.029956785715628154
454,5,10,150,22,0.0
455,5,10,150,22,0.0
456,5,10,150,22,0.08428605557054564
457,5,10,150,22,0.2555842019982964
458,5,10,150,22,0.0
459,5,10,150,22,0.0
460,5,10,150,22,0.0
461,5,10,150,22,0.0
462,5,10,150,22,0.0
463,5,10,150,22,0.0
464,5,10,150,22,0.0
465,5,10,150,22,0.0
466,5,10,150,22,0.03947525607388688
467,5,10,150,22,0.0
468,5,10,150,22,0.2534223988819122
469,5,10,150,22,0.0
470,5,10,150,22,0.0
471,5,10,150,22,0.0
472,5,10,150,22,0.03726405433421999
473,5,10,150,22,0.08754031530847717
474,5,10,150,22,0.3396846655778001
475,5,10,150,22,0.0
476,5,10,150,22,0.0
477,5,10,150,22,0.0
478,5,10,150,22,0.15550998597595111
479,5,10,150,22,0.0937688676441877
480,5,10,150,22,0.21398626473452756
481,5,10,150,22,0.0
482,5,10,150,22,0.0
483,5,10,150,22,0.06912040963822193
484,5,10,150,22,0.06903076135086436
485,5,10,150,22,0.0
486,5,10,150,22,0.07723044152730933
487,5,10,150,22,0.11214662548205799
488,5,10,150,22,0.0
489,5,10,150,22,0.0
490,5,10,150,22,0.0
491,5,10,150,22,0.19092086617893467
492,5,10,150,22,0.0
493,5,10,150,22,0.0
494,5,10,150,22,0.0
495,5,10,150,22,0.13359023741301432
496,5,10,150,22,0.05459112561892713
497,5,10,150,22,0.0
498,5,10,150,22,0.03855307727568851
499,5,10,150,22,0.1912282106369008
500,5,10,150,22,0.04021466858918992
501,5,10,150,22,0.0
502,5,10,150,22,0.0
503,5,10,150,22,0.11847954887265509
504,5,10,150,22,0.0
505,5,10,150,22,0.0
506,5,10,150,22,0.03144833262578892
507,5,10,150,22,0.0
508,5,10,150,22,0.0
509,5,10,150,22,0.06474271459046577
510,5,10,150,22,0.0
511,5,10,150,22,0.0
512,5,10,150,22,0.0
513,5,10,150,22,0.0
514,5,10,150,22,0.12393716125716427
515,5,10,150,22,0.0
516,5,10,150,22,0.0
517,5,10,150,22,0.0
518,5,10,150,22,0.0
519,5,10,150,22,0.0
520,5,10,150,22,0.0
521,5,10,150,22,0.0
522,5,10,150,22,0.0
523,5,10,150,22,0.0
524,5,10,150,22,0.10927785246303197
525,5,10,150,22,0.0
526,5,10,150,22,0.0
527,5,10,150,22,0.08950909054324063
528,5,10,150,22,0.05780700008370542
529,5,10,150,22,0.0
530,5,10,150,22,0.0
531,5,10,150,22,0.0
532,5,10,150,22,0.0
533,5,10,150,22,0.19489661806626715
534,5,10,150,22,0.0
535,5,10,150,22,0.2650804654459303
536,5,10,150,22,0.2560019918970663
537,5,10,150,22,0.31420350138193887
538,5,10,150,22,0.0
539,5,10,150,22,0.06794340091829075
540,5,10,150,22,0.0
541,5,10,150,22,0.06605796492362863
542,5,10,150,22,0.13359023741301432
543,5,10,150,22,0.0
544,5,10,150,22,0.0
545,5,10,150,22,0.057534183641244435
546,5,10,150,22,0.11781210270929884
547,5,10,150,22,0.0
548,5,10,150,22,0.0
549,5,10,150,22,0.0
550,5,10,150,22,0.0
551,5,10,150,22,0.30075786392225096
552,5,10,150,22,0.0
553,5,10,150,22,0.0704873294500287
554,5,10,150,22,0.16600564593053876
555,5,10,150,22,0.0
556,5,10,150,22,0.0
557,5,10,150,22,0.0
558,5,10,150,22,0.0
559,5,10,150,22,0.0734773909038217
560,5,10,150,22,0.1668756843611104
561,5,10,150,22,0.0
562,5,10,150,22,0.0
563,5,10,150,22,0.0
564,5,10,150,22,0.0
565,5,10,150,22,0.10523285614729473
566,5,10,150,22,0.17810884171817193
567,5,10,150,22,0.08235769637446273
568,5,10,150,22,0.0
569,5,10,150,22,0.0
570,5,10,150,22,0.0
571,5,10,150,22,0.0
572,5,10,150,22,0.0
573,5,10,150,22,0.0
574,5,10,150,22,0.0
575,5,10,150,22,0.0
576,5,10,150,22,0.17342765698823945
577,5,10,150,22,0.215523891729385
578,5,10,150,22,0.0
579,5,10,150,22,0.0
580,5,10,150,22,0.10209739512291163
581,5,10,150,22,0.0
582,5,10,150,22,0.0
583,5,10,150,22,0.0
584,5,10,150,22,0.0
585,5,10,150,22,0.0
586,5,10,150,22,0.06679511870650716
587,5,10,150,22,0.0
588,5,10,150,22,0.2577427235881057
589,5,10,150,22,0.0
590,5,10,150,22,0.18511573258657482
591,5,10,150,22,0.15758427078022966
592,5,10,150,22,0.2205691889251056
593,5,10,150,22,0.13359023741301432
594,5,10,150,22,0.0843142342558857
595,5,10,150,22,0.0
596,5,10,150,22,0.0
597,5,10,150,22,0.0
598,5,10,150,22,0.11752277470724268
599,5,10,150,22,0.0
600,5,10,150,22,0.0
601,5,10,150,22,0.0
602,5,10,150,22,0.0
603,5,10,150,22,0.06194403202282284
604,5,10,150,22,0.0
605,5,10,150,22,0.04265230456965118
606,5,10,150,22,0.24870101353823132
607,5,10,150,22,0.0
608,5,10,150,22,0.0755405871385264
609,5,10,150,22,0.11838279295536291
610,5,10,150,22,0.0
611,5,10,150,22,0.0
612,5,10,150,22,0.0
613,5,10,150,22,0.15130120674940672
614,5,10,150,22,0.13886244387355454
615,5,10,150,22,0.0
616,5,10,150,22,0.0
617,5,10,150,22,0.0475858026939827
618,5,10,150,22,0.2196527958348823
619,5,10,150,22,0.1303945739341477
620,5,10,150,22,0.03508741374203651
621,5,10,150,22,0.13359023741301432
622,5,10,150,22,0.19571245457867625
623,5,10,150,22,0.0
624,5,10,150,22,0.0
625,5,10,150,22,0.0
626,5,10,150,22,0.0
627,5,10,150,22,0.03861623877555839
628,5,10,150,22,0.0
629,5,10,150,22,0.10394025158317109
630,5,10,150,22,0.09942460513010813
631,5,10,150,22,0.0
632,5,10,150,22,0.25514034731777996
633,5,10,150,22,0.0455520698635181
634,5,10,150,22,0.0
635,5,10,150,22,0.0
636,5,10,150,22,0.0
637,5,10,150,22,0.0
638,5,10,150,22,0.08251144168042102
639,5,10,150,22,0.0
640,5,10,150,22,0.032916050504122406
641,5,10,150,22,0.0
642,5,10,150,22,0.03508741374203651
643,5,10,150,22,0.2028191413986784
644,5,10,150,22,0.0
645,5,10,150,22,0.19206235225569063
646,5,10,150,22,0.0
647,5,10,150,22,0.0
648,5,10,150,22,0.07711789238585441
649,5,10,150,22,0.0
650,5,10,150,22,0.0
651,5,10,150,22,0.0
652,5,10,150,22,0.0
653,5,10,150,22,0.0475858026939827
654,5,10,150,22,0.16778373071512379
655,5,10,150,22,0.20578856926813777
656,5,10,150,22,0.0
657,5,10,150,22,0.053845569940583225
658,5,10,150,22,0.0
659,5,10,150,22,0.03268292400479648
660,5,10,150,22,0.0
661,5,10,150,22,0.07255755036057879
662,5,10,150,22,0.0
663,5,10,150,22,0.1263093751337636
664,5,10,150,22,0.0812118480542252
665,5,10,150,22,0.0
666,5,10,150,22,0.13359023741301432
667,5,10,150,22,0.19635793579928928
668,5,10,150,22,0.0
669,5,10,150,22,0.24786707483174739
670,5,10,150,22,0.08436318382946328
671,5,10,150,22,0.15242383912198335
672,5,10,150,22,0.0
673,5,10,150,22,0.0
674,5,10,150,22,0.0
675,5,10,150,22,0.05010834716923557
676,5,10,150,22,0.0
677,5,10,150,22,0.03927489746221688
678,5,10,150,22,0.0
679,5,10,150,22,0.213690313463914
680,5,10,150,22,0.2073612289146658
681,5,10,150,22,0.0
682,5,10,150,22,0.19047714543997285
683,5,10,150,22,0.03719976603506465
684,5,10,150,22,0.0
685,5,10,150,22,0.0
686,5,10,150,22,0.08962483220812449
687,5,10,150,22,0.0
688,5,10,150,22,0.0
689,5,10,150,22,0.27487633291429087
690,5,10,150,22,0.0
691,5,10,150,22,0.0
692,5,10,150,22,0.0
693,5,10,150,22,0.0
694,5,10,150,22,0.15909751001914796
695,5,10,150,22,0.0
696,5,10,150,22,0.0
697,5,10,150,22,0.057534183641244435
698,5,10,150,22,0.13359023741301432
699,5,10,150,22,0.0
700,5,10,150,22,0.16958010263680806
701,5,10,150,22,0.0
702,5,10,150,22,0.0
703,5,10,150,22,0.0
704,5,10,150,22,0.044530079137671444
705,5,10,150,22,0.04214302778527282
706,5,10,150,22,0.0
707,5,10,150,22,0.07903413531977162
708,5,10,150,22,0.0
709,5,10,150,22,0.10323574220946662
710,5,10,150,22,0.06679511870650716
711,5,10,150,22,0.14817229044580707
712,5,10,150,22,0.06543416369669083
713,5,10,150,22,0.0
714,5,10,150,22,0.04195229264874745
715,5,10,150,22,0.13187185826452832
716,5,10,150,22,0.11243770029538275
717,5,10,150,22,0.14423266783772332
718,5,10,150,22,0.0
719,5,10,150,22,0.0641312566305854
720,5,10,150,22,0.0
721,5,10,150,22,0.13359023741301432
722,5,10,150,22,0.0
723,5,10,150,22,0.0
724,5,10,150,22,0.0
725,5,10,150,22,0.05750402108673013
726,5,10,150,22,0.2529427027676571
727,5,10,150,22,0.18057319691247878
728,5,10,150,22,0.0
729,5,10,150,22,0.0
730,5,10,150,22,0.0
731,5,10,150,22,0.0
732,5,10,150,22,0.0
733,5,10,150,22,0.0
734,5,10,150,22,0.03861623877555839
735,5,10,150,22,0.0
736,5,10,150,22,0.0
737,5,10,150,22,0.16282663249631943
738,5,10,150,22,0.3736539279571005
739,5,10,150,22,0.0
740,5,10,150,22,0.0
741,5,10,150,22,0.07656668348110868
742,5,10,150,22,0.0
743,5,10,150,22,0.0
744,5,10,150,22,0.0
745,5,10,150,22,0.33763622740733124
746,5,10,150,22,0.0641312566305854
747,5,10,150,22,0.3792362132831108
748,5,10,150,22,0.2786295631127948
749,5,10,150,22,0.18704892687963173
750,5,10,150,22,0.07219614103266732
751,5,10,150,22,0.06608048335805006
752,5,10,150,22,0.0
753,5,10,150,22,0.09523506266349818
754,5,10,150,22,0.0
755,5,10,150,22,0.0
756,5,10,150,22,0.029532089691871707
757,5,10,150,22,0.0
758,5,10,150,22,0.1538613920396233
759,5,10,150,22,0.0
760,5,10,150,22,0.04123398036294628
761,5,10,150,22,0.03339755935325358
762,5,10,150,22,0.0647083388415595
763,5,10,150,22,0.30112134788203
764,5,10,150,22,0.08894381269657348
765,5,10,150,22,0.0
766,5,10,150,22,0.09640850699877766
767,5,10,150,22,0.2073612289146658
768,5,10,150,22,0.08098336204723627
769,5,10,150,22,0.0
770,5,10,150,22,0.0
771,5,10,150,22,0.03268292400479648
772,5,10,150,22,0.0
773,5,10,150,22,0.12901013240317535
774,5,10,150,22,0.06037130829093412
775,5,10,150,22,0.0
776,5,10,150,22,0.13279240287675495
777,5,10,150,22,0.0
778,5,10,150,22,0.0
779,5,10,150,22,0.05878132199396477
780,5,10,150,22,0.04759023790187059
781,5,10,150,22,0.1834976074907827
782,5,10,150,22,0.0
783,5,10,150,22,0.0
784,5,10,150,22,0.0
785,5,10,150,22,0.048159222084064895
786,5,10,150,22,0.198101955910075
787,5,10,150,22,0.0
788,5,10,150,22,0.30046592177412473
789,5,10,150,22,0.059109628562248356
790,5,10,150,22,0.10511998633522714
791,5,10,150,22,0.0
792,5,10,150,22,0.0
793,5,10,150,22,0.0
794,5,10,150,22,0.1347550785425721
795,5,10,150,22,0.1696914166210148
796,5,10,150,22,0.45174277985987976
797,5,10,150,22,0.0
798,5,10,150,22,0.1499121653898179
799,5,10,150,22,0.0
800,5,10,150,22,0.0
801,5,10,150,22,0.0
802,5,10,150,22,0.036101179208000475
803,5,10,150,22,0.0
804,5,10,150,22,0.20026023997227413
805,5,10,150,22,0.1373546366629479
806,5,10,150,22,0.23811523730602566
807,5,10,150,22,0.17285984030375431
808,5,10,150,22,0.0
809,5,10,150,22,0.0
810,5,10,150,22,0.0
811,5,10,150,22,0.0
812,5,10,150,22,0.0
813,5,10,150,22,0.17367331957930765
814,5,10,150,22,0.060961917527339995
815,5,10,150,22,0.28580073511812065
816,5,10,150,22,0.0
817,5,10,150,22,0.0
818,5,10,150,22,0.0
819,5,10,150,22,0.0458402539699961
820,5,10,150,22,0.0
821,5,10,150,22,0.08474474772686136
822,5,10,150,22,0.0
823,5,10,150,22,0.28145710899406245
824,5,10,150,22,0.0
825,5,10,150,22,0.05167975836235349
826,5,10,150,22,0.08098336204723627
827,5,10,150,22,0.0
828,5,10,150,22,0.057534183641244435
829,5,10,150,22,0.11495275986294068
830,5,10,150,22,0.03419349330210947
831,5,10,150,22,0.1070097872956971
832,5,10,150,22,0.0
833,5,10,150,22,0.23920048400009564
834,5,10,150,22,0.0
835,5,10,150,22,0.03861623877555839
836,5,10,150,22,0.0
837,5,10,150,22,0.0
838,5,10,150,22,0.07201379812881198
839,5,10,150,22,0.03419349330210947
840,5,10,150,22,0.3293637412911023
841,5,10,150,22,0.0
842,5,10,150,22,0.0
843,5,10,150,22,0.20941129186715313
844,5,10,150,22,0.18203490780098
845,5,10,150,22,0.0
846,5,10,150,22,0.30722382176950924
847,5,10,150,22,0.0
848,5,10,150,22,0.03339755935325358
849,5,10,150,22,0.0
850,5,10,150,22,0.033419004650597904
851,5,10,150,22,0.3641747165172096
852,5,10,150,22,0.0
853,5,10,150,22,0.0
854,5,10,150,22,0.23318936965211154
855,5,10,150,22,0.0
856,5,10,150,22,0.0
857,5,10,150,22,0.0
858,5,10,150,22,0.0
859,5,10,150,22,0.0
860,5,10,150,22,0.0
861,5,10,150,22,0.10405917304072716
862,5,10,150,22,0.08258962879056475
863,5,10,150,22,0.0
864,5,10,150,22,0.2656569687389809
865,5,10,150,22,0.0
866,5,10,150,22,0.04622440829742681
867,5,10,150,22,0.31610894236494186
868,5,10,150,22,0.22652881595990992
869,5,10,150,22,0.03508741374203651
870,5,10,150,22,0.22822818994510066
871,5,10,150,22,0.11696897957534211
872,5,10,150,22,0.0
873,5,10,150,22,0.0
874,5,10,150,22,0.06575393297476358
875,5,10,150,22,0.28296394870775493
876,5,10,150,22,0.0
877,5,10,150,22,0.05167975836235349
878,5,10,150,22,0.03339755935325358
879,5,10,150,22,0.04258528250242427
880,5,10,150,22,0.517568373737224
881,5,10,150,22,0.5290659087314854
882,5,10,150,22,0.27481140295624196
883,5,10,150,22,0.37431099761498504
884,5,10,150,22,0.0
885,5,10,150,22,0.15230637582281645
886,5,10,150,22,0.31724580188835316
887,5,10,150,22,0.11927081101771653
888,5,10,150,22,0.0
889,5,10,150,22,0.45728912329103394
890,5,10,150,22,0.3974161907172562
891,5,10,150,22,0.0
892,5,10,150,22,0.36819877975130316
893,5,10,150,22,0.03726405433421999
894,5,10,150,22,0.34048108242181024
895,5,10,150,22,0.0
896,5,10,150,22,0.55600168784272
897,5,10,150,22,0.09720964128181313
898,5,10,150,22,0.0
899,5,10,150,22,0.31637721606713426
900,5,10,150,22,0.04588516391390306
901,5,10,150,22,0.36783290529287177
902,5,10,150,22,0.03090987042821126
903,5,10,150,22,0.502775825602856
904,5,10,150,22,0.0
905,5,10,150,22,0.09029599713791188
906,5,10,150,22,0.0
907,5,10,150,22,0.2505592169883565
908,5,10,150,22,0.2016329791208769
909,5,10,150,22,0.0
910,5,10,150,22,0.20202377885652775
911,5,10,150,22,0.06245112691874321
912,5,10,150,22,0.06679511870650716
913,5,10,150,22,0.18674576879415647
914,5,10,150,22,0.0
915,5,10,150,22,0.0
916,5,10,150,22,0.3278264861340973
917,5,10,150,22,0.0
918,5,10,150,22,0.0
919,5,10,150,22,0.18088905948074244
920,5,10,150,22,0.15831560052516233
921,5,10,150,22,0.05167975836235349
922,5,10,150,22,0.07006457140134732
923,5,10,150,22,0.03726405433421999
924,5,10,150,22,0.07225127293262716
925,5,10,150,22,0.039791360812020615
926,5,10,150,22,0.14513453605917181
927,5,10,150,22,0.13824389577435867
928,5,10,150,22,0.057534183641244435
929,5,10,150,22,0.06679511870650716
930,5,10,150,22,0.06679511870650716
931,5,10,150,22,0.03203660434343724
932,5,10,150,22,0.3347637822324983
933,5,10,150,22,0.10891091128566834
934,5,10,150,22,0.06221501369666819
935,5,10,150,22,0.0
936,5,10,150,22,0.16503857003880323
937,5,10,150,22,0.08778093757035396
938,5,10,150,22,0.11459685233019444
939,5,10,150,22,0.04214302778527282
940,5,10,150,22,0.14570732467165426
941,5,10,150,22,0.17060921827860473
942,5,10,150,22,0.029956785715628154
943,5,10,150,22,0.30959929812311937
1,5,10,150,23,0.4058715898896693
2,5,10,150,23,0.0
3,5,10,150,23,0.0
4,5,10,150,23,0.0
5,5,10,150,23,0.04470486007704452
6,5,10,150,23,0.04187254809446048
7,5,10,150,23,0.035079093545523896
8,5,10,150,23,0.0
9,5,10,150,23,0.0
10,5,10,150,23,0.21422665043052946
11,5,10,150,23,0.03947525607388688
12,5,10,150,23,0.0
13,5,10,150,23,0.3070959260490762
14,5,10,150,23,0.18795160328752808
15,5,10,150,23,0.0
16,5,10,150,23,0.061734604266276284
17,5,10,150,23,0.0
18,5,10,150,23,0.1528843013006747
19,5,10,150,23,0.0
20,5,10,150,23,0.13743816645714543
21,5,10,150,23,0.1265754929129826
22,5,10,150,23,0.0
23,5,10,150,23,0.06541518452970234
24,5,10,150,23,0.05010834716923557
25,5,10,150,23,0.23940867474021393
26,5,10,150,23,0.0
27,5,10,150,23,0.0
28,5,10,150,23,0.0
30,5,10,150,23,0.08133484538841967
31,5,10,150,23,0.0
32,5,10,150,23,0.19519002499605084
33,5,10,150,23,0.0
34,5,10,150,23,0.0
35,5,10,150,23,0.0
37,5,10,150,23,0.08177471774917201
38,5,10,150,23,0.0
39,5,10,150,23,0.0
40,5,10,150,23,0.0
41,5,10,150,23,0.06835476917178976
42,5,10,150,23,0.04622440829742681
43,5,10,150,23,0.0
44,5,10,150,23,0.20156257967328423
45,5,10,150,23,0.0
46,5,10,150,23,0.0
47,5,10,150,23,0.0
48,5,10,150,23,0.0
49,5,10,150,23,0.0375229475075955
52,5,10,150,23,0.0
53,5,10,150,23,0.0
54,5,10,150,23,0.0
55,5,10,150,23,0.0
56,5,10,150,23,0.11781210270929884
57,5,10,150,23,0.06889356673757306
58,5,10,150,23,0.25546756436153767
59,5,10,150,23,0.16303348849802868
60,5,10,150,23,0.06541518452970234
61,5,10,150,23,0.0
62,5,10,150,23,0.09586820699422145
63,5,10,150,23,0.0
64,5,10,150,23,0.04759023790187059
65,5,10,150,23,0.1816392404838752
66,5,10,150,23,0.0
67,5,10,150,23,0.0
68,5,10,150,23,0.0
69,5,10,150,23,0.0
70,5,10,150,23,0.0
71,5,10,150,23,0.20758456043036028
72,5,10,150,23,0.06362078819895171
73,5,10,150,23,0.0
74,5,10,150,23,0.0
75,5,10,150,23,0.0
76,5,10,150,23,0.10633668103022985
77,5,10,150,23,0.0
78,5,10,150,23,0.0
79,5,10,150,23,0.0
80,5,10,150,23,0.0
81,5,10,150,23,0.0
82,5,10,150,23,0.0
83,5,10,150,23,0.07414861528507455
84,5,10,150,23,0.0
85,5,10,150,23,0.04734112273659951
86,5,10,150,23,0.0
87,5,10,150,23,0.0455520698635181
88,5,10,150,23,0.0
89,5,10,150,23,0.0
90,5,10,150,23,0.0561326498270945
91,5,10,150,23,0.0
92,5,10,150,23,0.040949887133979804
93,5,10,150,23,0.0
94,5,10,150,23,0.12868842622087348
95,5,10,150,23,0.07849567312219397
96,5,10,150,23,0.0
97,5,10,150,23,0.0
98,5,10,150,23,0.0
99,5,10,150,23,0.05278074934727935
100,5,10,150,23,0.0
101,5,10,150,23,0.0
102,5,10,150,23,0.0
103,5,10,150,23,0.0
104,5,10,150,23,0.33958467175585033
105,5,10,150,23,0.0
106,5,10,150,23,0.0
107,5,10,150,23,0.0
109,5,10,150,23,0.16563719724029594
110,5,10,150,23,0.0
111,5,10,150,23,0.0
112,5,10,150,23,0.0
113,5,10,150,23,0.0
114,5,10,150,23,0.08274602130532002
115,5,10,150,23,0.0
116,5,10,150,23,0.0
117,5,10,150,23,0.0
118,5,10,150,23,0.16958010263680806
119,5,10,150,23,0.0
120,5,10,150,23,0.0
121,5,10,150,23,0.13032376591037062
122,5,10,150,23,0.0
123,5,10,150,23,0.0
124,5,10,150,23,0.0
125,5,10,150,23,0.05446333035917803
126,5,10,150,23,0.0
128,5,10,150,23,0.0
129,5,10,150,23,0.0
130,5,10,150,23,0.08189977426795961
131,5,10,150,23,0.0
132,5,10,150,23,0.0
133,5,10,150,23,0.0
134,5,10,150,23,0.0
135,5,10,150,23,0.0
136,5,10,150,23,0.0
137,5,10,150,23,0.0
138,5,10,150,23,0.0
139,5,10,150,23,0.0
140,5,10,150,23,0.0
141,5,10,150,23,0.0
142,5,10,150,23,0.0
143,5,10,150,23,0.0
144,5,10,150,23,0.0
145,5,10,150,23,0.18197368198228395
146,5,10,150,23,0.0
147,5,10,150,23,0.0
148,5,10,150,23,0.0
149,5,10,150,23,0.0
150,5,10,150,23,0.2640681225725909
151,5,10,150,23,0.0
152,5,10,150,23,0.0
153,5,10,150,23,0.0
154,5,10,150,23,0.0
155,5,10,150,23,0.0
156,5,10,150,23,0.0
157,5,10,150,23,0.0
158,5,10,150,23,0.04759023790187059
159,5,10,150,23,0.23138144801632507
160,5,10,150,23,0.1719271394881576
161,5,10,150,23,0.0
162,5,10,150,23,0.0
163,5,10,150,23,0.0
164,5,10,150,23,0.0
165,5,10,150,23,0.0
167,5,10,150,23,0.0
168,5,10,150,23,0.0
169,5,10,150,23,0.0
170,5,10,150,23,0.0
171,5,10,150,23,0.0
173,5,10,150,23,0.0
174,5,10,150,23,0.0
175,5,10,150,23,0.15351022771536424
176,5,10,150,23,0.0
177,5,10,150,23,0.38113435412202
178,5,10,150,23,0.12597398707460816
179,5,10,150,23,0.0
180,5,10,150,23,0.0
181,5,10,150,23,0.07158105443724286
182,5,10,150,23,0.0
183,5,10,150,23,0.15101961822780524
184,5,10,150,23,0.0
185,5,10,150,23,0.0
186,5,10,150,23,0.0
187,5,10,150,23,0.0
188,5,10,150,23,0.07428207290250749
189,5,10,150,23,0.06786785134613488
190,5,10,150,23,0.0
192,5,10,150,23,0.123151194370365
193,5,10,150,23,0.0
194,5,10,150,23,0.0
195,5,10,150,23,0.0647083388415595
196,5,10,150,23,0.0
197,5,10,150,23,0.09546043308946733
198,5,10,150,23,0.0
199,5,10,150,23,0.0
200,5,10,150,23,0.09785159463516042
201,5,10,150,23,0.0
202,5,10,150,23,0.0
203,5,10,150,23,0.0
204,5,10,150,23,0.19519002499605084
205,5,10,150,23,0.0
206,5,10,150,23,0.0
207,5,10,150,23,0.0
208,5,10,150,23,0.0
209,5,10,150,23,0.0
210,5,10,150,23,0.07847428227110642
211,5,10,150,23,0.0
213,5,10,150,23,0.0
214,5,10,150,23,0.0
216,5,10,150,23,0.19635793579928928
217,5,10,150,23,0.0
218,5,10,150,23,0.0
219,5,10,150,23,0.0
221,5,10,150,23,0.0
222,5,10,150,23,0.08421924414472762
223,5,10,150,23,0.0
224,5,10,150,23,0.0
225,5,10,150,23,0.0
226,5,10,150,23,0.19092086617893467
227,5,10,150,23,0.0
228,5,10,150,23,0.0
229,5,10,150,23,0.0
230,5,10,150,23,0.04908948394982232
231,5,10,150,23,0.0
232,5,10,150,23,0.0
233,5,10,150,23,0.18978688349077963
234,5,10,150,23,0.0
235,5,10,150,23,0.0
236,5,10,150,23,0.0
237,5,10,150,23,0.19342640361727081
238,5,10,150,23,0.0
239,5,10,150,23,0.06912040963822193
240,5,10,150,23,0.0
241,5,10,150,23,0.0
242,5,10,150,23,0.0
243,5,10,150,23,0.0
244,5,10,150,23,0.049712302565054066
245,5,10,150,23,0.0
246,5,10,150,23,0.0561326498270945
247,5,10,150,23,0.0
248,5,10,150,23,0.0
249,5,10,150,23,0.056720838976548935
250,5,10,150,23,0.0
251,5,10,150,23,0.13032376591037062
252,5,10,150,23,0.0
253,5,10,150,23,0.0
254,5,10,150,23,0.08514311764162098
255,5,10,150,23,0.0
256,5,10,150,23,0.0
257,5,10,150,23,0.07984133538066794
258,5,10,150,23,0.0
259,5,10,150,23,0.067856722420442
260,5,10,150,23,0.0
261,5,10,150,23,0.0
262,5,10,150,23,0.0
263,5,10,150,23,0.0
264,5,10,150,23,0.0
265,5,10,150,23,0.0
266,5,10,150,23,0.0
267,5,10,150,23,0.08680018975145319
268,5,10,150,23,0.049712302565054066
269,5,10,150,23,0.05590529324231312
270,5,10,150,23,0.0
271,5,10,150,23,0.10406177364128634
272,5,10,150,23,0.0
273,5,10,150,23,0.0
274,5,10,150,23,0.0
275,5,10,150,23,0.0
276,5,10,150,23,0.224721059140642
277,5,10,150,23,0.0
278,5,10,150,23,0.0
279,5,10,150,23,0.08189977426795961
280,5,10,150,23,0.12980807103224343
281,5,10,150,23,0.0
282,5,10,150,23,0.0
283,5,10,150,23,0.0
284,5,10,150,23,0.0
285,5,10,150,23,0.0
286,5,10,150,23,0.0
287,5,10,150,23,0.0
288,5,10,150,23,0.0
289,5,10,150,23,0.0
290,5,10,150,23,0.07834851647149511
291,5,10,150,23,0.04301500128290471
292,5,10,150,23,0.0
293,5,10,150,23,0.08189977426795961
294,5,10,150,23,0.0
295,5,10,150,23,0.1710356533975505
296,5,10,150,23,0.07879213539011483
297,5,10,150,23,0.0
298,5,10,150,23,0.0
299,5,10,150,23,0.0
300,5,10,150,23,0.0
301,5,10,150,23,0.06460801587741544
302,5,10,150,23,0.0
303,5,10,150,23,0.029108658262576942
304,5,10,150,23,0.0
305,5,10,150,23,0.11349000778741654
306,5,10,150,23,0.0
307,5,10,150,23,0.10778915452451093
308,5,10,150,23,0.15689574534354264
310,5,10,150,23,0.0
311,5,10,150,23,0.0733934381893728
312,5,10,150,23,0.030023253564245667
313,5,10,150,23,0.08109672293563117
314,5,10,150,23,0.16600564593053876
315,5,10,150,23,0.0
316,5,10,150,23,0.0
317,5,10,150,23,0.0
318,5,10,150,23,0.03855371268423985
319,5,10,150,23,0.0
320,5,10,150,23,0.13927874459665815
321,5,10,150,23,0.0
322,5,10,150,23,0.0
323,5,10,150,23,0.1610425878239398
324,5,10,150,23,0.0
325,5,10,150,23,0.09092803061897883
326,5,10,150,23,0.0
327,5,10,150,23,0.029553435814782602
328,5,10,150,23,0.06490403551612171
329,5,10,150,23,0.0
330,5,10,150,23,0.037210602758860095
331,5,10,150,23,0.0
332,5,10,150,23,0.033419004650597904
334,5,10,150,23,0.0
335,5,10,150,23,0.0
336,5,10,150,23,0.049712302565054066
337,5,10,150,23,0.0
338,5,10,150,23,0.0
339,5,10,150,23,0.1430641274918087
340,5,10,150,23,0.0
341,5,10,150,23,0.0
342,5,10,150,23,0.2580909615727499
343,5,10,150,23,0.09229649639444802
344,5,10,150,23,0.1202034973803211
345,5,10,150,23,0.12305477858805697
346,5,10,150,23,0.04366879852493834
347,5,10,150,23,0.1969404851249289
348,5,10,150,23,0.0
349,5,10,150,23,0.0
350,5,10,150,23,0.0
351,5,10,150,23,0.0
352,5,10,150,23,0.0
353,5,10,150,23,0.14434031438272124
354,5,10,150,23,0.06335619058732639
355,5,10,150,23,0.0
356,5,10,150,23,0.0
357,5,10,150,23,0.0
358,5,10,150,23,0.0
359,5,10,150,23,0.3010299956639812
360,5,10,150,23,0.07256783117062009
361,5,10,150,23,0.09478836436955078
362,5,10,150,23,0.0
363,5,10,150,23,0.2746974443898972
364,5,10,150,23,0.0
365,5,10,150,23,0.0
366,5,10,150,23,0.0
367,5,10,150,23,0.0
368,5,10,150,23,0.0
369,5,10,150,23,0.0
370,5,10,150,23,0.0
371,5,10,150,23,0.07984133538066794
372,5,10,150,23,0.15130120674940672
373,5,10,150,23,0.19784057210109926
374,5,10,150,23,0.06511385307467947
375,5,10,150,23,0.0
376,5,10,150,23,0.0
377,5,10,150,23,0.0
378,5,10,150,23,0.16733101853983895
379,5,10,150,23,0.0
380,5,10,150,23,0.0
381,5,10,150,23,0.0
382,5,10,150,23,0.0
383,5,10,150,23,0.0
384,5,10,150,23,0.0
385,5,10,150,23,0.0
386,5,10,150,23,0.0
387,5,10,150,23,0.06490403551612171
388,5,10,150,23,0.0
389,5,10,150,23,0.06862955887476861
390,5,10,150,23,0.0
391,5,10,150,23,0.11245246430543061
392,5,10,150,23,0.11004588314904008
393,5,10,150,23,0.1484458215267142
394,5,10,150,23,0.1061219099228373
395,5,10,150,23,0.0
396,5,10,150,23,0.0
397,5,10,150,23,0.11004588314904008
398,5,10,150,23,0.21225568458158228
399,5,10,150,23,0.03112959369469351
400,5,10,150,23,0.0
401,5,10,150,23,0.0
402,5,10,150,23,0.0
403,5,10,150,23,0.2529427027676571
404,5,10,150,23,0.0
405,5,10,150,23,0.03907612305998601
406,5,10,150,23,0.050216616680524157
407,5,10,150,23,0.08421924414472762
408,5,10,150,23,0.0
409,5,10,150,23,0.0334374913847135
410,5,10,150,23,0.0
411,5,10,150,23,0.17342765698823945
412,5,10,150,23,0.0
413,5,10,150,23,0.0
414,5,10,150,23,0.21398626473452756
415,5,10,150,23,0.0
416,5,10,150,23,0.12190378724121755
417,5,10,150,23,0.07270750208333936
419,5,10,150,23,0.30260241349881345
420,5,10,150,23,0.0
421,5,10,150,23,0.0
422,5,10,150,23,0.0
423,5,10,150,23,0.08440880858250024
424,5,10,150,23,0.0
425,5,10,150,23,0.2255446316983924
426,5,10,150,23,0.091066627987679
427,5,10,150,23,0.0
428,5,10,150,23,0.0
429,5,10,150,23,0.23428583908752398
430,5,10,150,23,0.1261446714466394
431,5,10,150,23,0.0
432,5,10,150,23,0.0
433,5,10,150,23,0.0
434,5,10,150,23,0.3903800499921017
435,5,10,150,23,0.15530167916000026
436,5,10,150,23,0.06490403551612171
437,5,10,150,23,0.2487671414881204
438,5,10,150,23,0.0
439,5,10,150,23,0.0
440,5,10,150,23,0.0
441,5,10,150,23,0.0
442,5,10,150,23,0.0
443,5,10,150,23,0.0
445,5,10,150,23,0.0
446,5,10,150,23,0.0
447,5,10,150,23,0.21015429952548687
448,5,10,150,23,0.0
449,5,10,150,23,0.04403205443910179
450,5,10,150,23,0.2466289587263427
451,5,10,150,23,0.0
452,5,10,150,23,0.034094029500693734
453,5,10,150,23,0.029956785715628154
454,5,10,150,23,0.0
455,5,10,150,23,0.0
456,5,10,150,23,0.08189977426795961
457,5,10,150,23,0.24834817940432846
458,5,10,150,23,0.0
459,5,10,150,23,0.0
460,5,10,150,23,0.0
461,5,10,150,23,0.0
462,5,10,150,23,0.0
463,5,10,150,23,0.0
464,5,10,150,23,0.0
465,5,10,150,23,0.0
466,5,10,150,23,0.03947525607388688
467,5,10,150,23,0.0
468,5,10,150,23,0.246247580603671
469,5,10,150,23,0.0
470,5,10,150,23,0.0
471,5,10,150,23,0.0
472,5,10,150,23,0.06452074312952014
473,5,10,150,23,0.08754031530847717
474,5,10,150,23,0.33006761610554125
475,5,10,150,23,0.0
476,5,10,150,23,0.0
477,5,10,150,23,0.0
478,5,10,150,23,0.15550998597595111
479,5,10,150,23,0.0911141118354204
480,5,10,150,23,0.21398626473452756
481,5,10,150,23,0.0
482,5,10,150,23,0.0
483,5,10,150,23,0.06912040963822193
484,5,10,150,23,0.0670763833223781
485,5,10,150,23,0.0
486,5,10,150,23,0.07504391663467354
487,5,10,150,23,0.11214662548205799
488,5,10,150,23,0.0
489,5,10,150,23,0.0
490,5,10,150,23,0.0
491,5,10,150,23,0.19092086617893467
492,5,10,150,23,0.0
493,5,10,150,23,0.0
494,5,10,150,23,0.0
495,5,10,150,23,0.12980807103224343
496,5,10,150,23,0.05459112561892713
497,5,10,150,23,0.0
498,5,10,150,23,0.03855307727568851
499,5,10,150,23,0.1912282106369008
500,5,10,150,23,0.03907612305998601
501,5,10,150,23,0.0
502,5,10,150,23,0.0
503,5,10,150,23,0.11512519173374486
504,5,10,150,23,0.0
505,5,10,150,23,0.0
506,5,10,150,23,0.03055797694791982
507,5,10,150,23,0.0
508,5,10,150,23,0.0
509,5,10,150,23,0.06474271459046577
510,5,10,150,23,0.0
511,5,10,150,23,0.0
512,5,10,150,23,0.0
513,5,10,150,23,0.0
514,5,10,150,23,0.12042828984775271
515,5,10,150,23,0.0
516,5,10,150,23,0.0
517,5,10,150,23,0.0
518,5,10,150,23,0.0
519,5,10,150,23,0.0
520,5,10,150,23,0.0
521,5,10,150,23,0.0
522,5,10,150,23,0.0
523,5,10,150,23,0.0
524,5,10,150,23,0.10618401096868145
525,5,10,150,23,0.0
526,5,10,150,23,0.0
527,5,10,150,23,0.08950909054324063
528,5,10,150,23,0.05780700008370542
529,5,10,150,23,0.0
530,5,10,150,23,0.0
531,5,10,150,23,0.0
532,5,10,150,23,0.0
533,5,10,150,23,0.18937876398612782
534,5,10,150,23,0.0
535,5,10,150,23,0.28588728494104565
536,5,10,150,23,0.24875414096189655
537,5,10,150,23,0.30530786692046813
538,5,10,150,23,0.0
539,5,10,150,23,0.06794340091829075
540,5,10,150,23,0.0
541,5,10,150,23,0.06418775180810084
542,5,10,150,23,0.12980807103224343
543,5,10,150,23,0.0
544,5,10,150,23,0.0
545,5,10,150,23,0.05590529324231312
546,5,10,150,23,0.11781210270929884
547,5,10,150,23,0.0
548,5,10,150,23,0.0
549,5,10,150,23,0.0
550,5,10,150,23,0.0
551,5,10,150,23,0.3205545957067403
552,5,10,150,23,0.0
553,5,10,150,23,0.0704873294500287
554,5,10,150,23,0.16600564593053876
555,5,10,150,23,0.0
556,5,10,150,23,0.0
557,5,10,150,23,0.0
558,5,10,150,23,0.0
559,5,10,150,23,0.0734773909038217
560,5,10,150,23,0.1668756843611104
561,5,10,150,23,0.0
562,5,10,150,23,0.0
563,5,10,150,23,0.0
564,5,10,150,23,0.0
565,5,10,150,23,0.10523285614729473
566,5,10,150,23,0.17306627808246355
567,5,10,150,23,0.0800260101939658
568,5,10,150,23,0.0
569,5,10,150,23,0.0
570,5,10,150,23,0.0
571,5,10,150,23,0.0
572,5,10,150,23,0.0
573,5,10,150,23,0.0
574,5,10,150,23,0.0
575,5,10,150,23,0.0
576,5,10,150,23,0.17342765698823945
577,5,10,150,23,0.20942204451856197
578,5,10,150,23,0.0
579,5,10,150,23,0.0
580,5,10,150,23,0.10209739512291163
581,5,10,150,23,0.0
582,5,10,150,23,0.0
583,5,10,150,23,0.0
584,5,10,150,23,0.0
585,5,10,150,23,0.0
586,5,10,150,23,0.06490403551612171
587,5,10,150,23,0.0
588,5,10,150,23,0.2504455895839985
589,5,10,150,23,0.0
590,5,10,150,23,0.18511573258657482
591,5,10,150,23,0.15758427078022966
592,5,10,150,23,0.24263619821314567
593,5,10,150,23,0.12980807103224343
594,5,10,150,23,0.0843142342558857
595,5,10,150,23,0.0
596,5,10,150,23,0.0
597,5,10,150,23,0.0
598,5,10,150,23,0.11752277470724268
599,5,10,150,23,0.0
600,5,10,150,23,0.0
601,5,10,150,23,0.0
602,5,10,150,23,0.0
603,5,10,150,23,0.06194403202282284
604,5,10,150,23,0.0
605,5,10,150,23,0.04265230456965118
606,5,10,150,23,0.24165986569327427
607,5,10,150,23,0.0
608,5,10,150,23,0.1017136023185357
609,5,10,150,23,0.11838279295536291
610,5,10,150,23,0.0
611,5,10,150,23,0.0
612,5,10,150,23,0.0
613,5,10,150,23,0.15130120674940672
614,5,10,150,23,0.13886244387355454
615,5,10,150,23,0.0
616,5,10,150,23,0.0
617,5,10,150,23,0.04623856784631377
618,5,10,150,23,0.21343405234032142
619,5,10,150,23,0.1303945739341477
620,5,10,150,23,0.034094029500693734
621,5,10,150,23,0.12980807103224343
622,5,10,150,23,0.19017150278204814
623,5,10,150,23,0.0
624,5,10,150,23,0.0
625,5,10,150,23,0.0
626,5,10,150,23,0.0
627,5,10,150,23,0.0375229475075955
628,5,10,150,23,0.0
629,5,10,150,23,0.1009975266299146
630,5,10,150,23,0.09942460513010813
631,5,10,150,23,0.0
632,5,10,150,23,0.2762285884297232
633,5,10,150,23,0.0455520698635181
634,5,10,150,23,0.0
635,5,10,150,23,0.0
636,5,10,150,23,0.0
637,5,10,150,23,0.0
638,5,10,150,23,0.08251144168042102
639,5,10,150,23,0.0
640,5,10,150,23,0.032916050504122406
641,5,10,150,23,0.0
642,5,10,150,23,0.06240572692718878
643,5,10,150,23,0.1970769872350975
644,5,10,150,23,0.0
645,5,10,150,23,0.18662474105160662
646,5,10,150,23,0.0
647,5,10,150,23,0.0
648,5,10,150,23,0.07493455395045709
649,5,10,150,23,0.0
650,5,10,150,23,0.0
651,5,10,150,23,0.0
652,5,10,150,23,0.0
653,5,10,150,23,0.04623856784631377
654,5,10,150,23,0.16303348849802868
655,5,10,150,23,0.22827404298768197
656,5,10,150,23,0.0
657,5,10,150,23,0.053845569940583225
658,5,10,150,23,0.0
659,5,10,150,23,0.03175761494935955
660,5,10,150,23,0.0
661,5,10,150,23,0.0705033229487624
662,5,10,150,23,0.0
663,5,10,150,23,0.12273334232284684
664,5,10,150,23,0.07891260278466748
665,5,10,150,23,0.0
666,5,10,150,23,0.12980807103224343
667,5,10,150,23,0.19635793579928928
668,5,10,150,23,0.0
669,5,10,150,23,0.26916123463361563
670,5,10,150,23,0.12157378658832337
671,5,10,150,23,0.17642015893467206
672,5,10,150,23,0.0
673,5,10,150,23,0.0
674,5,10,150,23,0.0
675,5,10,150,23,0.05010834716923557
676,5,10,150,23,0.0
677,5,10,150,23,0.03927489746221688
678,5,10,150,23,0.0
679,5,10,150,23,0.213690313463914
680,5,10,150,23,0.2073612289146658
681,5,10,150,23,0.0
682,5,10,150,23,0.18508441413161383
683,5,10,150,23,0.03719976603506465
684,5,10,150,23,0.0
685,5,10,150,23,0.0
686,5,10,150,23,0.08962483220812449
687,5,10,150,23,0.0
688,5,10,150,23,0.0
689,5,10,150,23,0.27487633291429087
690,5,10,150,23,0.0
691,5,10,150,23,0.0
692,5,10,150,23,0.0
693,5,10,150,23,0.0
694,5,10,150,23,0.15459318945417708
695,5,10,150,23,0.0
696,5,10,150,23,0.0
697,5,10,150,23,0.05590529324231312
698,5,10,150,23,0.12980807103224343
699,5,10,150,23,0.0
700,5,10,150,23,0.16958010263680806
701,5,10,150,23,0.0
702,5,10,150,23,0.0
703,5,10,150,23,0.0
704,5,10,150,23,0.04326935701074781
705,5,10,150,23,0.040949887133979804
706,5,10,150,23,0.0
707,5,10,150,23,0.10510824222072862
708,5,10,150,23,0.0
709,5,10,150,23,0.10031296311243257
710,5,10,150,23,0.06490403551612171
711,5,10,150,23,0.14397728139171465
712,5,10,150,23,0.06358161145275437
713,5,10,150,23,0.0
714,5,10,150,23,0.04195229264874745
715,5,10,150,23,0.12813834211427338
716,5,10,150,23,0.10925439814528894
717,5,10,150,23,0.14014919618688554
718,5,10,150,23,0.0
719,5,10,150,23,0.09062728932377442
720,5,10,150,23,0.0
721,5,10,150,23,0.12980807103224343
722,5,10,150,23,0.0
723,5,10,150,23,0.0
724,5,10,150,23,0.0
725,5,10,150,23,0.05750402108673013
726,5,10,150,23,0.2529427027676571
727,5,10,150,23,0.1754608631981578
728,5,10,150,23,0.0
729,5,10,150,23,0.0
730,5,10,150,23,0.0
731,5,10,150,23,0.0
732,5,10,150,23,0.0
733,5,10,150,23,0.0
734,5,10,150,23,0.03861623877555839
735,5,10,150,23,0.0
736,5,10,150,23,0.0
737,5,10,150,23,0.16282663249631943
738,5,10,150,23,0.36307515100655774
739,5,10,150,23,0.0
740,5,10,150,23,0.0
741,5,10,150,23,0.07439895070544132
742,5,10,150,23,0.0
743,5,10,150,23,0.0
744,5,10,150,23,0.0
745,5,10,150,23,0.33763622740733124
746,5,10,150,23,0.06231559189727937
747,5,10,150,23,0.3968110897859647
748,5,10,150,23,0.2707410872278689
749,5,10,150,23,0.21006495168436007
750,5,10,150,23,0.07219614103266732
751,5,10,150,23,0.0642096327074204
752,5,10,150,23,0.0
753,5,10,150,23,0.09523506266349818
754,5,10,150,23,0.0
755,5,10,150,23,0.0
756,5,10,150,23,0.028695986104143326
757,5,10,150,23,0.0
758,5,10,150,23,0.1778170122890732
759,5,10,150,23,0.0
760,5,10,150,23,0.04123398036294628
761,5,10,150,23,0.03339755935325358
762,5,10,150,23,0.0647083388415595
763,5,10,150,23,0.2925960913921356
764,5,10,150,23,0.08642566238354925
765,5,10,150,23,0.0
766,5,10,150,23,0.09367901851928814
767,5,10,150,23,0.2073612289146658
768,5,10,150,23,0.07869058560437463
769,5,10,150,23,0.0
770,5,10,150,23,0.0
771,5,10,150,23,0.03175761494935955
772,5,10,150,23,0.0
773,5,10,150,23,0.1253576365696246
774,5,10,150,23,0.05866209407735955
775,5,10,150,23,0.0
776,5,10,150,23,0.12903282454597104
777,5,10,150,23,0.03886843091227488
778,5,10,150,23,0.0
779,5,10,150,23,0.05878132199396477
780,5,10,150,23,0.04759023790187059
781,5,10,150,23,0.1834976074907827
782,5,10,150,23,0.0
783,5,10,150,23,0.0
784,5,10,150,23,0.0
785,5,10,150,23,0.048159222084064895
786,5,10,150,23,0.19249335327475212
787,5,10,150,23,0.03436980580657827
788,5,10,150,23,0.3202709189363778
789,5,10,150,23,0.059109628562248356
790,5,10,150,23,0.13045555851512194
791,5,10,150,23,0.0
792,5,10,150,23,0.0
793,5,10,150,23,0.0
794,5,10,150,23,0.1678954833056024
795,5,10,150,23,0.16488716457776734
796,5,10,150,23,0.43895317496188313
797,5,10,150,23,0.0
798,5,10,150,23,0.1456678975227507
799,5,10,150,23,0.0
800,5,10,150,23,0.0
801,5,10,150,23,0.0
802,5,10,150,23,0.035079093545523896
803,5,10,150,23,0.0
804,5,10,150,23,0.19459053265162182
805,5,10,150,23,0.13346589374962037
806,5,10,150,23,0.2313737907547794
807,5,10,150,23,0.1679658848078822
808,5,10,150,23,0.0
809,5,10,150,23,0.0
810,5,10,150,23,0.0
811,5,10,150,23,0.0
812,5,10,150,23,0.0
813,5,10,150,23,0.17367331957930765
814,5,10,150,23,0.060961917527339995
815,5,10,150,23,0.30602092860768165
816,5,10,150,23,0.0
817,5,10,150,23,0.0
818,5,10,150,23,0.0
819,5,10,150,23,0.0458402539699961
820,5,10,150,23,0.0
821,5,10,150,23,0.08234548007073382
822,5,10,150,23,0.0
823,5,10,150,23,0.2734885804856865
824,5,10,150,23,0.0
825,5,10,150,23,0.050216616680524157
826,5,10,150,23,0.07869058560437463
827,5,10,150,23,0.0
828,5,10,150,23,0.05590529324231312
829,5,10,150,23,0.11169825210736058
830,5,10,150,23,0.03322541746578526
831,5,10,150,23,0.10398015857610773
832,5,10,150,23,0.0
833,5,10,150,23,0.23242831227281377
834,5,10,150,23,0.0
835,5,10,150,23,0.0375229475075955
836,5,10,150,23,0.0
837,5,10,150,23,0.0
838,5,10,150,23,0.06997496526565636
839,5,10,150,23,0.03322541746578526
840,5,10,150,23,0.3200388947044102
841,5,10,150,23,0.0
842,5,10,150,23,0.0
843,5,10,150,23,0.20348250273411886
844,5,10,150,23,0.17688119057025875
845,5,10,150,23,0.0
846,5,10,150,23,0.29852579388535944
847,5,10,150,23,0.0
848,5,10,150,23,0.03245201775806086
849,5,10,150,23,0.0
850,5,10,150,23,0.033419004650597904
851,5,10,150,23,0.3538643121327948
852,5,10,150,23,0.0
853,5,10,150,23,0.0
854,5,10,150,23,0.22658738277544585
855,5,10,150,23,0.0
856,5,10,150,23,0.0
857,5,10,150,23,0.0
858,5,10,150,23,0.0
859,5,10,150,23,0.0
860,5,10,150,23,0.0
861,5,10,150,23,0.1011130812191468
862,5,10,150,23,0.10856307363617478
863,5,10,150,23,0.0
864,5,10,150,23,0.28644746644729807
865,5,10,150,23,0.0
866,5,10,150,23,0.04622440829742681
867,5,10,150,23,0.3071593616348963
868,5,10,150,23,0.22011540066407076
869,5,10,150,23,0.034094029500693734
870,5,10,150,23,0.22176666248717836
871,5,10,150,23,0.11365738921731916
872,5,10,150,23,0.0
873,5,10,150,23,0.0
874,5,10,150,23,0.06575393297476358
875,5,10,150,23,0.27495275900933475
876,5,10,150,23,0.0
877,5,10,150,23,0.050216616680524157
878,5,10,150,23,0.0607637151845559
879,5,10,150,23,0.04258528250242427
880,5,10,150,23,0.5029151345424525
881,5,10,150,23,0.542398852231301
882,5,10,150,23,0.26703102566639425
883,5,10,150,23,0.39202531533359514
884,5,10,150,23,0.0
885,5,10,150,23,0.14799432379439484
886,5,10,150,23,0.3082640347354643
887,5,10,150,23,0.11589405190437027
888,5,10,150,23,0.0
889,5,10,150,23,0.47265418942248605
890,5,10,150,23,0.386164663773279
891,5,10,150,23,0.0
892,5,10,150,23,0.3860861447326746
893,5,10,150,23,0.036209045703025085
894,5,10,150,23,0.33084148503683847
895,5,10,150,23,0.0
896,5,10,150,23,0.5685720337143914
897,5,10,150,23,0.09445747133090432
898,5,10,150,23,0.0
899,5,10,150,23,0.3074200400532047
900,5,10,150,23,0.04588516391390306
901,5,10,150,23,0.35741893137471137
902,5,10,150,23,0.030034759529155578
903,5,10,150,23,0.4885413885550318
904,5,10,150,23,0.0
905,5,10,150,23,0.08773956418811966
906,5,10,150,23,0.0
907,5,10,150,23,0.24346546024956262
908,5,10,150,23,0.19592440722480386
909,5,10,150,23,0.0
910,5,10,150,23,0.19630414275658462
911,5,10,150,23,0.08899472693597117
912,5,10,150,23,0.06490403551612171
913,5,10,150,23,0.18145867909237812
914,5,10,150,23,0.0
915,5,10,150,23,0.0
916,5,10,150,23,0.34685685927677273
917,5,10,150,23,0.0
918,5,10,150,23,0.0
919,5,10,150,23,0.1757677831609604
920,5,10,150,23,0.19552620328402245
921,5,10,150,23,0.050216616680524157
922,5,10,150,23,0.09639262188201037
923,5,10,150,23,0.036209045703025085
924,5,10,150,23,0.07020571675467951
925,5,10,150,23,0.039791360812020615
926,5,10,150,23,0.14513453605917181
927,5,10,150,23,0.13432997642613512
928,5,10,150,23,0.05590529324231312
929,5,10,150,23,0.06490403551612171
930,5,10,150,23,0.06490403551612171
931,5,10,150,23,0.03112959369469351
932,5,10,150,23,0.32528605132058275
933,5,10,150,23,0.10582745851890465
934,5,10,150,23,0.06045360105350287
935,5,10,150,23,0.0
936,5,10,150,23,0.16036604798016324
937,5,10,150,23,0.08529571022604805
938,5,10,150,23,0.11135242092099325
939,5,10,150,23,0.040949887133979804
940,5,10,150,23,0.14158210298272633
941,5,10,150,23,0.17060921827860473
942,5,10,150,23,0.057420355689071986
943,5,10,150,23,0.3008340164712024
1,5,10,150,24,0.4058715898896693
2,5,10,150,24,0.0
3,5,10,150,24,0.0
4,5,10,150,24,0.0
5,5,10,150,24,0.04470486007704452
6,5,10,150,24,0.04187254809446048
7,5,10,150,24,0.035079093545523896
8,5,10,150,24,0.0
9,5,10,150,24,0.0
10,5,10,150,24,0.21422665043052946
11,5,10,150,24,0.03947525607388688
12,5,10,150,24,0.0
13,5,10,150,24,0.32593774992605484
14,5,10,150,24,0.18795160328752808
15,5,10,150,24,0.0
16,5,10,150,24,0.061734604266276284
17,5,10,150,24,0.0
18,5,10,150,24,0.1528843013006747
19,5,10,150,24,0.0
20,5,10,150,24,0.13743816645714543
21,5,10,150,24,0.1265754929129826
22,5,10,150,24,0.0
23,5,10,150,24,0.06541518452970234
24,5,10,150,24,0.05010834716923557
25,5,10,150,24,0.23940867474021393
26,5,10,150,24,0.0
27,5,10,150,24,0.0
28,5,10,150,24,0.0
30,5,10,150,24,0.08133484538841967
31,5,10,150,24,0.0
32,5,10,150,24,0.19519002499605084
33,5,10,150,24,0.0
34,5,10,150,24,0.0
35,5,10,150,24,0.0
37,5,10,150,24,0.08177471774917201
38,5,10,150,24,0.0
39,5,10,150,24,0.0
40,5,10,150,24,0.0
41,5,10,150,24,0.06835476917178976
42,5,10,150,24,0.08850778826764391
43,5,10,150,24,0.0
44,5,10,150,24,0.20156257967328423
45,5,10,150,24,0.0
46,5,10,150,24,0.0
47,5,10,150,24,0.0
48,5,10,150,24,0.0
49,5,10,150,24,0.036502603141236205
52,5,10,150,24,0.0
53,5,10,150,24,0.0
54,5,10,150,24,0.0
55,5,10,150,24,0.0
56,5,10,150,24,0.11781210270929884
57,5,10,150,24,0.06889356673757306
58,5,10,150,24,0.25546756436153767
59,5,10,150,24,0.18579273641344257
60,5,10,150,24,0.06541518452970234
61,5,10,150,24,0.0
62,5,10,150,24,0.09586820699422145
63,5,10,150,24,0.0
64,5,10,150,24,0.04759023790187059
65,5,10,150,24,0.1816392404838752
66,5,10,150,24,0.0
67,5,10,150,24,0.0
68,5,10,150,24,0.0
69,5,10,150,24,0.0
70,5,10,150,24,0.0
71,5,10,150,24,0.20758456043036028
72,5,10,150,24,0.06362078819895171
73,5,10,150,24,0.0
74,5,10,150,24,0.0
75,5,10,150,24,0.0
76,5,10,150,24,0.10633668103022985
77,5,10,150,24,0.0
78,5,10,150,24,0.0
79,5,10,150,24,0.0
80,5,10,150,24,0.0
81,5,10,150,24,0.0
82,5,10,150,24,0.0
83,5,10,150,24,0.07414861528507455
84,5,10,150,24,0.0
85,5,10,150,24,0.04734112273659951
86,5,10,150,24,0.0
87,5,10,150,24,0.0455520698635181
88,5,10,150,24,0.0
89,5,10,150,24,0.0
90,5,10,150,24,0.0561326498270945
91,5,10,150,24,0.0
92,5,10,150,24,0.03983635556421846
93,5,10,150,24,0.0
94,5,10,150,24,0.12518906064775231
95,5,10,150,24,0.07849567312219397
96,5,10,150,24,0.0
97,5,10,150,24,0.0
98,5,10,150,24,0.0
99,5,10,150,24,0.05278074934727935
100,5,10,150,24,0.0
101,5,10,150,24,0.0
102,5,10,150,24,0.0
103,5,10,150,24,0.0
104,5,10,150,24,0.33958467175585033
105,5,10,150,24,0.0
106,5,10,150,24,0.06516188295518531
107,5,10,150,24,0.0
109,5,10,150,24,0.16563719724029594
110,5,10,150,24,0.0
111,5,10,150,24,0.0
112,5,10,150,24,0.0
113,5,10,150,24,0.0
114,5,10,150,24,0.08274602130532002
115,5,10,150,24,0.0
116,5,10,150,24,0.0
117,5,10,150,24,0.0
118,5,10,150,24,0.16958010263680806
119,5,10,150,24,0.0
120,5,10,150,24,0.0
121,5,10,150,24,0.13032376591037062
122,5,10,150,24,0.0
123,5,10,150,24,0.07303417492135322
124,5,10,150,24,0.0
125,5,10,150,24,0.05446333035917803
126,5,10,150,24,0.0
128,5,10,150,24,0.0
129,5,10,150,24,0.0
130,5,10,150,24,0.07967271112843692
131,5,10,150,24,0.0
132,5,10,150,24,0.0
133,5,10,150,24,0.0
134,5,10,150,24,0.0
135,5,10,150,24,0.0
136,5,10,150,24,0.0
137,5,10,150,24,0.0
138,5,10,150,24,0.0
139,5,10,150,24,0.0
140,5,10,150,24,0.0
141,5,10,150,24,0.0
142,5,10,150,24,0.0
143,5,10,150,24,0.0
144,5,10,150,24,0.0
145,5,10,150,24,0.1770253547966678
146,5,10,150,24,0.0
147,5,10,150,24,0.0
148,5,10,150,24,0.0
149,5,10,150,24,0.0
150,5,10,150,24,0.2640681225725909
151,5,10,150,24,0.0
152,5,10,150,24,0.0
153,5,10,150,24,0.0
154,5,10,150,24,0.0
155,5,10,150,24,0.0
156,5,10,150,24,0.0
157,5,10,150,24,0.0
158,5,10,150,24,0.04759023790187059
159,5,10,150,24,0.23138144801632507
160,5,10,150,24,0.1719271394881576
161,5,10,150,24,0.0
162,5,10,150,24,0.0
163,5,10,150,24,0.0
164,5,10,150,24,0.0
165,5,10,150,24,0.0
167,5,10,150,24,0.0
168,5,10,150,24,0.0
169,5,10,150,24,0.0
170,5,10,150,24,0.0
171,5,10,150,24,0.0
173,5,10,150,24,0.0
174,5,10,150,24,0.0
175,5,10,150,24,0.15351022771536424
176,5,10,150,24,0.0
177,5,10,150,24,0.38113435412202
178,5,10,150,24,0.12597398707460816
179,5,10,150,24,0.0
180,5,10,150,24,0.0
181,5,10,150,24,0.06963458353118425
182,5,10,150,24,0.0
183,5,10,150,24,0.15101961822780524
184,5,10,150,24,0.0
185,5,10,150,24,0.0
186,5,10,150,24,0.0
187,5,10,150,24,0.0
188,5,10,150,24,0.07428207290250749
189,5,10,150,24,0.06786785134613488
190,5,10,150,24,0.0
192,5,10,150,24,0.123151194370365
193,5,10,150,24,0.0
194,5,10,150,24,0.0
195,5,10,150,24,0.0647083388415595
196,5,10,150,24,0.0
197,5,10,150,24,0.09546043308946733
198,5,10,150,24,0.0
199,5,10,150,24,0.0
200,5,10,150,24,0.09785159463516042
201,5,10,150,24,0.0
202,5,10,150,24,0.0
203,5,10,150,24,0.0
204,5,10,150,24,0.19519002499605084
205,5,10,150,24,0.0
206,5,10,150,24,0.0
207,5,10,150,24,0.0
208,5,10,150,24,0.0
209,5,10,150,24,0.0
210,5,10,150,24,0.07847428227110642
211,5,10,150,24,0.0
213,5,10,150,24,0.04465281017341861
214,5,10,150,24,0.0
216,5,10,150,24,0.19635793579928928
217,5,10,150,24,0.0
218,5,10,150,24,0.0
219,5,10,150,24,0.0
221,5,10,150,24,0.0
222,5,10,150,24,0.08192910872067234
223,5,10,150,24,0.0
224,5,10,150,24,0.0
225,5,10,150,24,0.0
226,5,10,150,24,0.19092086617893467
227,5,10,150,24,0.0
228,5,10,150,24,0.0
229,5,10,150,24,0.0
230,5,10,150,24,0.04908948394982232
231,5,10,150,24,0.0
232,5,10,150,24,0.0
233,5,10,150,24,0.18978688349077963
234,5,10,150,24,0.0
235,5,10,150,24,0.0
236,5,10,150,24,0.0
237,5,10,150,24,0.19342640361727081
238,5,10,150,24,0.0
239,5,10,150,24,0.06912040963822193
240,5,10,150,24,0.0
241,5,10,150,24,0.0
242,5,10,150,24,0.0
243,5,10,150,24,0.0
244,5,10,150,24,0.049712302565054066
245,5,10,150,24,0.0
246,5,10,150,24,0.0561326498270945
247,5,10,150,24,0.0
248,5,10,150,24,0.0
249,5,10,150,24,0.056720838976548935
250,5,10,150,24,0.0
251,5,10,150,24,0.13032376591037062
252,5,10,150,24,0.0
253,5,10,150,24,0.0
254,5,10,150,24,0.08514311764162098
255,5,10,150,24,0.0
256,5,10,150,24,0.0
257,5,10,150,24,0.07984133538066794
258,5,10,150,24,0.0
259,5,10,150,24,0.067856722420442
260,5,10,150,24,0.0
261,5,10,150,24,0.0
262,5,10,150,24,0.0
263,5,10,150,24,0.0
264,5,10,150,24,0.0
265,5,10,150,24,0.0
266,5,10,150,24,0.0
267,5,10,150,24,0.08680018975145319
268,5,10,150,24,0.049712302565054066
269,5,10,150,24,0.05438508614776353
270,5,10,150,24,0.0
271,5,10,150,24,0.10406177364128634
272,5,10,150,24,0.0
273,5,10,150,24,0.0
274,5,10,150,24,0.0
275,5,10,150,24,0.0
276,5,10,150,24,0.21861032206035175
277,5,10,150,24,0.0
278,5,10,150,24,0.0
279,5,10,150,24,0.07967271112843692
280,5,10,150,24,0.12627825946936164
281,5,10,150,24,0.0
282,5,10,150,24,0.0
283,5,10,150,24,0.0
284,5,10,150,24,0.0
285,5,10,150,24,0.0
286,5,10,150,24,0.0
287,5,10,150,24,0.0
288,5,10,150,24,0.0
289,5,10,150,24,0.0
290,5,10,150,24,0.07834851647149511
291,5,10,150,24,0.07828167840727236
292,5,10,150,24,0.0
293,5,10,150,24,0.07967271112843692
294,5,10,150,24,0.0
295,5,10,150,24,0.1710356533975505
296,5,10,150,24,0.07879213539011483
297,5,10,150,24,0.0
298,5,10,150,24,0.0
299,5,10,150,24,0.0
300,5,10,150,24,0.0
301,5,10,150,24,0.06460801587741544
302,5,10,150,24,0.0
303,5,10,150,24,0.028317119818948914
304,5,10,150,24,0.0
305,5,10,150,24,0.11349000778741654
306,5,10,150,24,0.0
307,5,10,150,24,0.10778915452451093
308,5,10,150,24,0.15262935103017955
310,5,10,150,24,0.0
311,5,10,150,24,0.0733934381893728
312,5,10,150,24,0.030023253564245667
313,5,10,150,24,0.08109672293563117
314,5,10,150,24,0.16600564593053876
315,5,10,150,24,0.0
316,5,10,150,24,0.0
317,5,10,150,24,0.0
318,5,10,150,24,0.03855371268423985
319,5,10,150,24,0.0
320,5,10,150,24,0.13927874459665815
321,5,10,150,24,0.0
322,5,10,150,24,0.0
323,5,10,150,24,0.1610425878239398
324,5,10,150,24,0.0
325,5,10,150,24,0.09092803061897883
326,5,10,150,24,0.0
327,5,10,150,24,0.028749802738407926
328,5,10,150,24,0.06313912973468082
329,5,10,150,24,0.0
330,5,10,150,24,0.037210602758860095
331,5,10,150,24,0.0
332,5,10,150,24,0.0650278379951693
334,5,10,150,24,0.0
335,5,10,150,24,0.0
336,5,10,150,24,0.049712302565054066
337,5,10,150,24,0.0
338,5,10,150,24,0.0
339,5,10,150,24,0.1430641274918087
340,5,10,150,24,0.0
341,5,10,150,24,0.0
342,5,10,150,24,0.2580909615727499
343,5,10,150,24,0.09229649639444802
344,5,10,150,24,0.1202034973803211
345,5,10,150,24,0.1536414362770729
346,5,10,150,24,0.04366879852493834
347,5,10,150,24,0.1969404851249289
348,5,10,150,24,0.0
349,5,10,150,24,0.0
350,5,10,150,24,0.0
351,5,10,150,24,0.0
352,5,10,150,24,0.0
353,5,10,150,24,0.14434031438272124
354,5,10,150,24,0.06335619058732639
355,5,10,150,24,0.0
356,5,10,150,24,0.0
357,5,10,150,24,0.0
358,5,10,150,24,0.0
359,5,10,150,24,0.3010299956639812
360,5,10,150,24,0.07256783117062009
361,5,10,150,24,0.09478836436955078
362,5,10,150,24,0.0
363,5,10,150,24,0.2672277223010397
364,5,10,150,24,0.0
365,5,10,150,24,0.0
366,5,10,150,24,0.0
367,5,10,150,24,0.0
368,5,10,150,24,0.0
369,5,10,150,24,0.0
370,5,10,150,24,0.0
371,5,10,150,24,0.07984133538066794
372,5,10,150,24,0.15130120674940672
373,5,10,150,24,0.22842722979011518
374,5,10,150,24,0.06334324182023983
375,5,10,150,24,0.0
376,5,10,150,24,0.0
377,5,10,150,24,0.0
378,5,10,150,24,0.16278086261059785
379,5,10,150,24,0.0
380,5,10,150,24,0.0
381,5,10,150,24,0.0
382,5,10,150,24,0.0
383,5,10,150,24,0.0
384,5,10,150,24,0.0
385,5,10,150,24,0.0
386,5,10,150,24,0.0
387,5,10,150,24,0.06313912973468082
388,5,10,150,24,0.0
389,5,10,150,24,0.06676334663892496
390,5,10,150,24,0.0
391,5,10,150,24,0.11245246430543061
392,5,10,150,24,0.11004588314904008
393,5,10,150,24,0.14440920213071126
394,5,10,150,24,0.10323618531617793
395,5,10,150,24,0.0
396,5,10,150,24,0.0
397,5,10,150,24,0.11004588314904008
398,5,10,150,24,0.21225568458158228
399,5,10,150,24,0.030283100877278122
400,5,10,150,24,0.0
401,5,10,150,24,0.0
402,5,10,150,24,0.0
403,5,10,150,24,0.2529427027676571
404,5,10,150,24,0.0
405,5,10,150,24,0.03801354390051703
406,5,10,150,24,0.048851099168414396
407,5,10,150,24,0.08192910872067234
408,5,10,150,24,0.0
409,5,10,150,24,0.0334374913847135
410,5,10,150,24,0.0
411,5,10,150,24,0.17342765698823945
412,5,10,150,24,0.0
413,5,10,150,24,0.0
414,5,10,150,24,0.21398626473452756
415,5,10,150,24,0.0
416,5,10,150,24,0.11858891325579142
417,5,10,150,24,0.0707304002011438
419,5,10,150,24,0.30260241349881345
420,5,10,150,24,0.0
421,5,10,150,24,0.0
422,5,10,150,24,0.0
423,5,10,150,24,0.08440880858250024
424,5,10,150,24,0.0
425,5,10,150,24,0.21941149958585104
426,5,10,150,24,0.13571943816109763
427,5,10,150,24,0.0
428,5,10,150,24,0.0
429,5,10,150,24,0.22791501131653594
430,5,10,150,24,0.1261446714466394
431,5,10,150,24,0.0
432,5,10,150,24,0.0
433,5,10,150,24,0.0
434,5,10,150,24,0.3903800499921017
435,5,10,150,24,0.15107863155999576
436,5,10,150,24,0.06490403551612171
437,5,10,150,24,0.24200253027783825
438,5,10,150,24,0.0
439,5,10,150,24,0.0
440,5,10,150,24,0.0
441,5,10,150,24,0.0
442,5,10,150,24,0.0
443,5,10,150,24,0.0
445,5,10,150,24,0.0
446,5,10,150,24,0.0
447,5,10,150,24,0.21015429952548687
448,5,10,150,24,0.0
449,5,10,150,24,0.04403205443910179
450,5,10,150,24,0.23992249014291
451,5,10,150,24,0.0
452,5,10,150,24,0.033166926134933924
453,5,10,150,24,0.029956785715628154
454,5,10,150,24,0.0
455,5,10,150,24,0.0
456,5,10,150,24,0.07967271112843692
457,5,10,150,24,0.24159496083855614
458,5,10,150,24,0.0
459,5,10,150,24,0.0
460,5,10,150,24,0.0
461,5,10,150,24,0.0
462,5,10,150,24,0.0
463,5,10,150,24,0.0
464,5,10,150,24,0.0
465,5,10,150,24,0.0
466,5,10,150,24,0.03947525607388688
467,5,10,150,24,0.0
468,5,10,150,24,0.23955148266126647
469,5,10,150,24,0.0
470,5,10,150,24,0.0
471,5,10,150,24,0.0
472,5,10,150,24,0.06276626004281179
473,5,10,150,24,0.08754031530847717
474,5,10,150,24,0.3210922382372978
475,5,10,150,24,0.06516188295518531
476,5,10,150,24,0.0
477,5,10,150,24,0.0
478,5,10,150,24,0.15550998597595111
479,5,10,150,24,0.08863648742469724
480,5,10,150,24,0.21398626473452756
481,5,10,150,24,0.07303417492135322
482,5,10,150,24,0.0
483,5,10,150,24,0.06912040963822193
484,5,10,150,24,0.0670763833223781
485,5,10,150,24,0.0
486,5,10,150,24,0.07300328169915238
487,5,10,150,24,0.11214662548205799
488,5,10,150,24,0.0
489,5,10,150,24,0.0
490,5,10,150,24,0.0
491,5,10,150,24,0.19092086617893467
492,5,10,150,24,0.0
493,5,10,150,24,0.0
494,5,10,150,24,0.0
495,5,10,150,24,0.12627825946936164
496,5,10,150,24,0.05459112561892713
497,5,10,150,24,0.0
498,5,10,150,24,0.03855307727568851
499,5,10,150,24,0.1912282106369008
500,5,10,150,24,0.03801354390051703
501,5,10,150,24,0.0
502,5,10,150,24,0.0
503,5,10,150,24,0.11512519173374486
504,5,10,150,24,0.0
505,5,10,150,24,0.0
506,5,10,150,24,0.02972702784351282
507,5,10,150,24,0.0
508,5,10,150,24,0.0
509,5,10,150,24,0.06474271459046577
510,5,10,150,24,0.0
511,5,10,150,24,0.0
512,5,10,150,24,0.0
513,5,10,150,24,0.0
514,5,10,150,24,0.11715353838875377
515,5,10,150,24,0.0
516,5,10,150,24,0.0
517,5,10,150,24,0.0
518,5,10,150,24,0.0
519,5,10,150,24,0.0
520,5,10,150,24,0.0
521,5,10,150,24,0.0
522,5,10,150,24,0.0
523,5,10,150,24,0.0316088333445714
524,5,10,150,24,0.10329659767665804
525,5,10,150,24,0.0
526,5,10,150,24,0.0
527,5,10,150,24,0.08950909054324063
528,5,10,150,24,0.05780700008370542
529,5,10,150,24,0.0
530,5,10,150,24,0.0
531,5,10,150,24,0.0
532,5,10,150,24,0.0
533,5,10,150,24,0.18422907378915654
534,5,10,150,24,0.0
535,5,10,150,24,0.3053058257048929
536,5,10,150,24,0.2419898832689837
537,5,10,150,24,0.29700576959843833
538,5,10,150,24,0.0
539,5,10,150,24,0.06794340091829075
540,5,10,150,24,0.0
541,5,10,150,24,0.062442323602243416
542,5,10,150,24,0.12627825946936164
543,5,10,150,24,0.0
544,5,10,150,24,0.0
545,5,10,150,24,0.05438508614776353
546,5,10,150,24,0.11781210270929884
547,5,10,150,24,0.0
548,5,10,150,24,0.0
549,5,10,150,24,0.0
550,5,10,150,24,0.0
551,5,10,150,24,0.31183790105545395
552,5,10,150,24,0.0
553,5,10,150,24,0.1020961627946001
554,5,10,150,24,0.16600564593053876
555,5,10,150,24,0.0
556,5,10,150,24,0.0
557,5,10,150,24,0.0
558,5,10,150,24,0.0
559,5,10,150,24,0.0734773909038217
560,5,10,150,24,0.1668756843611104
561,5,10,150,24,0.0
562,5,10,150,24,0.0
563,5,10,150,24,0.0
564,5,10,150,24,0.0
565,5,10,150,24,0.10523285614729473
566,5,10,150,24,0.16836016586106975
567,5,10,150,24,0.07784989946473549
568,5,10,150,24,0.0
569,5,10,150,24,0.0
570,5,10,150,24,0.0
571,5,10,150,24,0.0
572,5,10,150,24,0.0
573,5,10,150,24,0.0
574,5,10,150,24,0.0
575,5,10,150,24,0.0
576,5,10,150,24,0.17342765698823945
577,5,10,150,24,0.23091986962625233
578,5,10,150,24,0.0
579,5,10,150,24,0.0
580,5,10,150,24,0.10209739512291163
581,5,10,150,24,0.0
582,5,10,150,24,0.0
583,5,10,150,24,0.0
584,5,10,150,24,0.0
585,5,10,150,24,0.0
586,5,10,150,24,0.0903316728085626
587,5,10,150,24,0.0
588,5,10,150,24,0.2436353371015719
589,5,10,150,24,0.0
590,5,10,150,24,0.18511573258657482
591,5,10,150,24,0.15758427078022966
592,5,10,150,24,0.23603830294195177
593,5,10,150,24,0.12627825946936164
594,5,10,150,24,0.0843142342558857
595,5,10,150,24,0.0
596,5,10,150,24,0.0
597,5,10,150,24,0.0
598,5,10,150,24,0.11752277470724268
599,5,10,150,24,0.0
600,5,10,150,24,0.0
601,5,10,150,24,0.0
602,5,10,150,24,0.0
603,5,10,150,24,0.06194403202282284
604,5,10,150,24,0.0
605,5,10,150,24,0.04265230456965118
606,5,10,150,24,0.23508851938618142
607,5,10,150,24,0.0
608,5,10,150,24,0.126140293880171
609,5,10,150,24,0.11838279295536291
610,5,10,150,24,0.0
611,5,10,150,24,0.0
612,5,10,150,24,0.0
613,5,10,150,24,0.15130120674940672
614,5,10,150,24,0.13886244387355454
615,5,10,150,24,0.0
616,5,10,150,24,0.0
617,5,10,150,24,0.04498122359847828
618,5,10,150,24,0.2076302376786241
619,5,10,150,24,0.1303945739341477
620,5,10,150,24,0.033166926134933924
621,5,10,150,24,0.12627825946936164
622,5,10,150,24,0.18500025600122247
623,5,10,150,24,0.0
624,5,10,150,24,0.0
625,5,10,150,24,0.0
626,5,10,150,24,0.0
627,5,10,150,24,0.036502603141236205
628,5,10,150,24,0.0
629,5,10,150,24,0.09825114703667512
630,5,10,150,24,0.09942460513010813
631,5,10,150,24,0.0
632,5,10,150,24,0.26871723064061037
633,5,10,150,24,0.0455520698635181
634,5,10,150,24,0.0
635,5,10,150,24,0.0
636,5,10,150,24,0.0
637,5,10,150,24,0.0
638,5,10,150,24,0.11925013713233187
639,5,10,150,24,0.0
640,5,10,150,24,0.032916050504122406
641,5,10,150,24,0.0
642,5,10,150,24,0.08790129958354605
643,5,10,150,24,0.19171796277083628
644,5,10,150,24,0.0
645,5,10,150,24,0.18154993974190875
646,5,10,150,24,0.0
647,5,10,150,24,0.03673869545191085
648,5,10,150,24,0.07289689286443717
649,5,10,150,24,0.0
650,5,10,150,24,0.0
651,5,10,150,24,0.0
652,5,10,150,24,0.0
653,5,10,150,24,0.07217376667236004
654,5,10,150,24,0.15860019333956082
655,5,10,150,24,0.2220666912410903
656,5,10,150,24,0.0
657,5,10,150,24,0.053845569940583225
658,5,10,150,24,0.0
659,5,10,150,24,0.0580865877108071
660,5,10,150,24,0.0
661,5,10,150,24,0.06858615830262638
662,5,10,150,24,0.0
663,5,10,150,24,0.11939591062513136
664,5,10,150,24,0.07676676843437329
665,5,10,150,24,0.0
666,5,10,150,24,0.12627825946936164
667,5,10,150,24,0.19635793579928928
668,5,10,150,24,0.0
669,5,10,150,24,0.26184205616702183
670,5,10,150,24,0.12157378658832337
671,5,10,150,24,0.1716228461637399
672,5,10,150,24,0.0
673,5,10,150,24,0.0
674,5,10,150,24,0.0
675,5,10,150,24,0.05010834716923557
676,5,10,150,24,0.0
677,5,10,150,24,0.03927489746221688
678,5,10,150,24,0.0
679,5,10,150,24,0.213690313463914
680,5,10,150,24,0.2073612289146658
681,5,10,150,24,0.0
682,5,10,150,24,0.18005149822803576
683,5,10,150,24,0.03719976603506465
684,5,10,150,24,0.0
685,5,10,150,24,0.0
686,5,10,150,24,0.08962483220812449
687,5,10,150,24,0.0
688,5,10,150,24,0.0
689,5,10,150,24,0.27487633291429087
690,5,10,150,24,0.0
691,5,10,150,24,0.0
692,5,10,150,24,0.0
693,5,10,150,24,0.0
694,5,10,150,24,0.1503894074910156
695,5,10,150,24,0.0
696,5,10,150,24,0.0
697,5,10,150,24,0.05438508614776353
698,5,10,150,24,0.12627825946936164
699,5,10,150,24,0.0
700,5,10,150,24,0.16958010263680806
701,5,10,150,24,0.0
702,5,10,150,24,0.0
703,5,10,150,24,0.0
704,5,10,150,24,0.04209275315645388
705,5,10,150,24,0.03983635556421846
706,5,10,150,24,0.0
707,5,10,150,24,0.10225008181672146
708,5,10,150,24,0.0
709,5,10,150,24,0.09758519854212902
710,5,10,150,24,0.06313912973468082
711,5,10,150,24,0.14006217296581006
712,5,10,150,24,0.061852665744618535
713,5,10,150,24,0.0
714,5,10,150,24,0.04195229264874745
715,5,10,150,24,0.12465393472691519
716,5,10,150,24,0.13347603629159388
717,5,10,150,24,0.14014919618688554
718,5,10,150,24,0.0
719,5,10,150,24,0.09062728932377442
720,5,10,150,24,0.0
721,5,10,150,24,0.12627825946936164
722,5,10,150,24,0.0
723,5,10,150,24,0.0
724,5,10,150,24,0.0
725,5,10,150,24,0.05750402108673013
726,5,10,150,24,0.2529427027676571
727,5,10,150,24,0.1706896361178614
728,5,10,150,24,0.0
729,5,10,150,24,0.0
730,5,10,150,24,0.0
731,5,10,150,24,0.0
732,5,10,150,24,0.0
733,5,10,150,24,0.0
734,5,10,150,24,0.03861623877555839
735,5,10,150,24,0.0
736,5,10,150,24,0.0
737,5,10,150,24,0.16282663249631943
738,5,10,150,24,0.35320221432375576
739,5,10,150,24,0.0
740,5,10,150,24,0.0
741,5,10,150,24,0.07237585403373199
742,5,10,150,24,0.0
743,5,10,150,24,0.0
744,5,10,150,24,0.0
745,5,10,150,24,0.33763622740733124
746,5,10,150,24,0.06231559189727937
747,5,10,150,24,0.38602078713476584
748,5,10,150,24,0.26337894855155547
749,5,10,150,24,0.2043527514373702
750,5,10,150,24,0.07219614103266732
751,5,10,150,24,0.08965615257814752
752,5,10,150,24,0.0
753,5,10,150,24,0.09523506266349818
754,5,10,150,24,0.0
755,5,10,150,24,0.0
756,5,10,150,24,0.027915669265958894
757,5,10,150,24,0.0
758,5,10,150,24,0.17298171552313363
759,5,10,150,24,0.0
760,5,10,150,24,0.04123398036294628
761,5,10,150,24,0.03339755935325358
762,5,10,150,24,0.0647083388415595
763,5,10,150,24,0.2846396595737055
764,5,10,150,24,0.08407552883649581
765,5,10,150,24,0.0
766,5,10,150,24,0.09113164777308343
767,5,10,150,24,0.2073612289146658
768,5,10,150,24,0.07655078846581868
769,5,10,150,24,0.0
770,5,10,150,24,0.0
771,5,10,150,24,0.030894044636925338
772,5,10,150,24,0.0
773,5,10,150,24,0.12194884363756506
774,5,10,150,24,0.05706692255735684
775,5,10,150,24,0.0
776,5,10,150,24,0.12552409390656008
777,5,10,150,24,0.03886843091227488
778,5,10,150,24,0.0
779,5,10,150,24,0.05878132199396477
780,5,10,150,24,0.04759023790187059
781,5,10,150,24,0.1834976074907827
782,5,10,150,24,0.0
783,5,10,150,24,0.0
784,5,10,150,24,0.0
785,5,10,150,24,0.048159222084064895
786,5,10,150,24,0.18725896947439247
787,5,10,150,24,0.0683037314796457
788,5,10,150,24,0.33875448125177043
789,5,10,150,24,0.059109628562248356
790,5,10,150,24,0.12690814012097218
791,5,10,150,24,0.0
792,5,10,150,24,0.0
793,5,10,150,24,0.0
794,5,10,150,24,0.1678954833056024
795,5,10,150,24,0.16040346325265617
796,5,10,150,24,0.42701692184431495
797,5,10,150,24,0.0
798,5,10,150,24,0.1417068169448815
799,5,10,150,24,0.0
800,5,10,150,24,0.0
801,5,10,150,24,0.0
802,5,10,150,24,0.034125203783294505
803,5,10,150,24,0.0
804,5,10,150,24,0.18929912121072298
805,5,10,150,24,0.12983661668493968
806,5,10,150,24,0.22508214898351273
807,5,10,150,24,0.16339846525030116
808,5,10,150,24,0.0
809,5,10,150,24,0.0
810,5,10,150,24,0.0
811,5,10,150,24,0.0
812,5,10,150,24,0.0
813,5,10,150,24,0.17367331957930765
814,5,10,150,24,0.060961917527339995
815,5,10,150,24,0.2976994413250079
816,5,10,150,24,0.0
817,5,10,150,24,0.0
818,5,10,150,24,0.0
819,5,10,150,24,0.0458402539699961
820,5,10,150,24,0.0
821,5,10,150,24,0.08010629705697091
822,5,10,150,24,0.0
823,5,10,150,24,0.2660517304806147
824,5,10,150,24,0.0
825,5,10,150,24,0.048851099168414396
826,5,10,150,24,0.07655078846581868
827,5,10,150,24,0.0
828,5,10,150,24,0.08157762922164528
829,5,10,150,24,0.10866089257565385
830,5,10,150,24,0.03232193387019919
831,5,10,150,24,0.10115267363519787
832,5,10,150,24,0.0
833,5,10,150,24,0.22610799537974563
834,5,10,150,24,0.0
835,5,10,150,24,0.036502603141236205
836,5,10,150,24,0.0
837,5,10,150,24,0.0
838,5,10,150,24,0.09526471108245839
839,5,10,150,24,0.03322541746578526
840,5,10,150,24,0.31133622327484306
841,5,10,150,24,0.0
842,5,10,150,24,0.0
843,5,10,150,24,0.19794929601374003
844,5,10,150,24,0.1720713411767175
845,5,10,150,24,0.0
846,5,10,150,24,0.2904081183764671
847,5,10,150,24,0.0
848,5,10,150,24,0.05876210794122218
849,5,10,150,24,0.0
850,5,10,150,24,0.033419004650597904
851,5,10,150,24,0.34424184158281423
852,5,10,150,24,0.0
853,5,10,150,24,0.0
854,5,10,150,24,0.2204258956093264
855,5,10,150,24,0.0
856,5,10,150,24,0.0
857,5,10,150,24,0.0
858,5,10,150,24,0.0
859,5,10,150,24,0.0
860,5,10,150,24,0.0
861,5,10,150,24,0.09836355940276224
862,5,10,150,24,0.13280351065397183
863,5,10,150,24,0.0
864,5,10,150,24,0.2786582313775256
865,5,10,150,24,0.0
866,5,10,150,24,0.04622440829742681
867,5,10,150,24,0.29880691746309335
868,5,10,150,24,0.21412990315028826
869,5,10,150,24,0.033166926134933924
870,5,10,150,24,0.21573626296514475
871,5,10,150,24,0.11056675576536225
872,5,10,150,24,0.0
873,5,10,150,24,0.0
874,5,10,150,24,0.06575393297476358
875,5,10,150,24,0.2674760942666908
876,5,10,150,24,0.0
877,5,10,150,24,0.048851099168414396
878,5,10,150,24,0.05911139524207078
879,5,10,150,24,0.04258528250242427
880,5,10,150,24,0.5164321361577817
881,5,10,150,24,0.5276496480787772
882,5,10,150,24,0.259769772998898
883,5,10,150,24,0.3813651500603343
884,5,10,150,24,0.028767091820622218
885,5,10,150,24,0.1711625248438075
886,5,10,150,24,0.3270740947666734
887,5,10,150,24,0.11274259790595398
888,5,10,150,24,0.0
889,5,10,150,24,0.4598015200175644
890,5,10,150,24,0.4028564075938948
891,5,10,150,24,0.0
892,5,10,150,24,0.40278002368568416
893,5,10,150,24,0.035224429668081425
894,5,10,150,24,0.32184506370434723
895,5,10,150,24,0.0
896,5,10,150,24,0.5531111141970082
897,5,10,150,24,0.09188893247308874
898,5,10,150,24,0.0
899,5,10,150,24,0.29906050737228346
900,5,10,150,24,0.04588516391390306
901,5,10,150,24,0.3476998016878837
902,5,10,150,24,0.029218038036945334
903,5,10,150,24,0.4752567058033751
904,5,10,150,24,0.0
905,5,10,150,24,0.08773956418811966
906,5,10,150,24,0.0
907,5,10,150,24,0.23684501523472393
908,5,10,150,24,0.21778926741600038
909,5,10,150,24,0.0
910,5,10,150,24,0.19096613389909475
911,5,10,150,24,0.08657473399041642
912,5,10,150,24,0.06313912973468082
913,5,10,150,24,0.17652435614502893
914,5,10,150,24,0.0
915,5,10,150,24,0.0
916,5,10,150,24,0.3646174822642995
917,5,10,150,24,0.0
918,5,10,150,24,0.0
919,5,10,150,24,0.198180753220237
920,5,10,150,24,0.23226489873593328
921,5,10,150,24,0.048851099168414396
922,5,10,150,24,0.09377146135947939
923,5,10,150,24,0.062416972741963186
924,5,10,150,24,0.06829664477779515
925,5,10,150,24,0.039791360812020615
926,5,10,150,24,0.14513453605917181
927,5,10,150,24,0.1306772027560539
928,5,10,150,24,0.05590529324231312
929,5,10,150,24,0.06313912973468082
930,5,10,150,24,0.0903316728085626
931,5,10,150,24,0.030283100877278122
932,5,10,150,24,0.3436332394325966
933,5,10,150,24,0.10294974079472989
934,5,10,150,24,0.05880971390288423
935,5,10,150,24,0.0
936,5,10,150,24,0.15600528731287447
937,5,10,150,24,0.08297630295170891
938,5,10,150,24,0.13551700849259987
939,5,10,150,24,0.03983635556421846
940,5,10,150,24,0.13773212554887776
941,5,10,150,24,0.17060921827860473
942,5,10,150,24,0.05585895019367928
943,5,10,150,24,0.2926535745202204
1,5,10,150,25,0.4058715898896693
2,5,10,150,25,0.0
3,5,10,150,25,0.0
4,5,10,150,25,0.0
5,5,10,150,25,0.04470486007704452
6,5,10,150,25,0.04187254809446048
7,5,10,150,25,0.035079093545523896
8,5,10,150,25,0.0
9,5,10,150,25,0.0
10,5,10,150,25,0.21422665043052946
11,5,10,150,25,0.03947525607388688
12,5,10,150,25,0.0
13,5,10,150,25,0.3435727988574778
14,5,10,150,25,0.18795160328752808
15,5,10,150,25,0.0
16,5,10,150,25,0.061734604266276284
17,5,10,150,25,0.0
18,5,10,150,25,0.1528843013006747
19,5,10,150,25,0.0
20,5,10,150,25,0.13743816645714543
21,5,10,150,25,0.1265754929129826
22,5,10,150,25,0.0
23,5,10,150,25,0.06541518452970234
24,5,10,150,25,0.05010834716923557
25,5,10,150,25,0.23940867474021393
26,5,10,150,25,0.0
27,5,10,150,25,0.0
28,5,10,150,25,0.0
30,5,10,150,25,0.08133484538841967
31,5,10,150,25,0.0
32,5,10,150,25,0.19519002499605084
33,5,10,150,25,0.0
34,5,10,150,25,0.0
35,5,10,150,25,0.0
37,5,10,150,25,0.08177471774917201
38,5,10,150,25,0.0
39,5,10,150,25,0.0
40,5,10,150,25,0.0
41,5,10,150,25,0.06835476917178976
42,5,10,150,25,0.08850778826764391
43,5,10,150,25,0.0
44,5,10,150,25,0.20156257967328423
45,5,10,150,25,0.0
46,5,10,150,25,0.0
47,5,10,150,25,0.0
48,5,10,150,25,0.0
49,5,10,150,25,0.03554760945563907
52,5,10,150,25,0.0
53,5,10,150,25,0.0
54,5,10,150,25,0.0
55,5,10,150,25,0.0
56,5,10,150,25,0.11781210270929884
57,5,10,150,25,0.06889356673757306
58,5,10,150,25,0.25546756436153767
59,5,10,150,25,0.20709430749548108
60,5,10,150,25,0.06541518452970234
61,5,10,150,25,0.0
62,5,10,150,25,0.09586820699422145
63,5,10,150,25,0.0
64,5,10,150,25,0.04759023790187059
65,5,10,150,25,0.1816392404838752
66,5,10,150,25,0.0
67,5,10,150,25,0.0
68,5,10,150,25,0.0
69,5,10,150,25,0.0
70,5,10,150,25,0.0
71,5,10,150,25,0.20758456043036028
72,5,10,150,25,0.06362078819895171
73,5,10,150,25,0.0
74,5,10,150,25,0.0
75,5,10,150,25,0.0
76,5,10,150,25,0.10633668103022985
77,5,10,150,25,0.0
78,5,10,150,25,0.0
79,5,10,150,25,0.0
80,5,10,150,25,0.0
81,5,10,150,25,0.0
82,5,10,150,25,0.0
83,5,10,150,25,0.07414861528507455
84,5,10,150,25,0.0
85,5,10,150,25,0.04734112273659951
86,5,10,150,25,0.0
87,5,10,150,25,0.0455520698635181
88,5,10,150,25,0.0
89,5,10,150,25,0.0
90,5,10,150,25,0.0561326498270945
91,5,10,150,25,0.0
92,5,10,150,25,0.03879414309860792
93,5,10,150,25,0.0
94,5,10,150,25,0.12191382129120949
95,5,10,150,25,0.07849567312219397
96,5,10,150,25,0.0
97,5,10,150,25,0.0
98,5,10,150,25,0.0
99,5,10,150,25,0.05278074934727935
100,5,10,150,25,0.0
101,5,10,150,25,0.0
102,5,10,150,25,0.0
103,5,10,150,25,0.0
104,5,10,150,25,0.33958467175585033
105,5,10,150,25,0.0
106,5,10,150,25,0.06516188295518531
107,5,10,150,25,0.0
109,5,10,150,25,0.16563719724029594
110,5,10,150,25,0.0
111,5,10,150,25,0.0
112,5,10,150,25,0.0
113,5,10,150,25,0.0
114,5,10,150,25,0.08274602130532002
115,5,10,150,25,0.0
116,5,10,150,25,0.0
117,5,10,150,25,0.0
118,5,10,150,25,0.16958010263680806
119,5,10,150,25,0.0
120,5,10,150,25,0.0
121,5,10,150,25,0.13032376591037062
122,5,10,150,25,0.0
123,5,10,150,25,0.07303417492135322
124,5,10,150,25,0.0
125,5,10,150,25,0.05446333035917803
126,5,10,150,25,0.0
128,5,10,150,25,0.0
129,5,10,150,25,0.0
130,5,10,150,25,0.07758828619721583
131,5,10,150,25,0.0
132,5,10,150,25,0.0
133,5,10,150,25,0.0
134,5,10,150,25,0.0
135,5,10,150,25,0.0
136,5,10,150,25,0.0
137,5,10,150,25,0.0
138,5,10,150,25,0.0
139,5,10,150,25,0.0
140,5,10,150,25,0.0
141,5,10,150,25,0.0
142,5,10,150,25,0.0
143,5,10,150,25,0.0
144,5,10,150,25,0.0
145,5,10,150,25,0.17239395644495878
146,5,10,150,25,0.0
147,5,10,150,25,0.0
148,5,10,150,25,0.0
149,5,10,150,25,0.0
150,5,10,150,25,0.2640681225725909
151,5,10,150,25,0.0
152,5,10,150,25,0.0
153,5,10,150,25,0.0
154,5,10,150,25,0.0
155,5,10,150,25,0.0
156,5,10,150,25,0.0
157,5,10,150,25,0.0
158,5,10,150,25,0.04759023790187059
159,5,10,150,25,0.23138144801632507
160,5,10,150,25,0.1719271394881576
161,5,10,150,25,0.0
162,5,10,150,25,0.0
163,5,10,150,25,0.0
164,5,10,150,25,0.0
165,5,10,150,25,0.0
167,5,10,150,25,0.0
168,5,10,150,25,0.0
169,5,10,150,25,0.0
170,5,10,150,25,0.0
171,5,10,150,25,0.0
173,5,10,150,25,0.0
174,5,10,150,25,0.0
175,5,10,150,25,0.15351022771536424
176,5,10,150,25,0.0
177,5,10,150,25,0.38113435412202
178,5,10,150,25,0.12597398707460816
179,5,10,150,25,0.0
180,5,10,150,25,0.0
181,5,10,150,25,0.06781277955424149
182,5,10,150,25,0.0
183,5,10,150,25,0.15101961822780524
184,5,10,150,25,0.0
185,5,10,150,25,0.0
186,5,10,150,25,0.0
187,5,10,150,25,0.0
188,5,10,150,25,0.07428207290250749
189,5,10,150,25,0.06786785134613488
190,5,10,150,25,0.0
192,5,10,150,25,0.123151194370365
193,5,10,150,25,0.0
194,5,10,150,25,0.0
195,5,10,150,25,0.0647083388415595
196,5,10,150,25,0.0
197,5,10,150,25,0.09546043308946733
198,5,10,150,25,0.0
199,5,10,150,25,0.0
200,5,10,150,25,0.09785159463516042
201,5,10,150,25,0.0
202,5,10,150,25,0.0
203,5,10,150,25,0.0
204,5,10,150,25,0.19519002499605084
205,5,10,150,25,0.0
206,5,10,150,25,0.0
207,5,10,150,25,0.0
208,5,10,150,25,0.0
209,5,10,150,25,0.0
210,5,10,150,25,0.1506292774654168
211,5,10,150,25,0.0
213,5,10,150,25,0.04465281017341861
214,5,10,150,25,0.0
216,5,10,150,25,0.23813231172447274
217,5,10,150,25,0.0
218,5,10,150,25,0.0
219,5,10,150,25,0.0
221,5,10,150,25,0.0
222,5,10,150,25,0.07978565113787724
223,5,10,150,25,0.0
224,5,10,150,25,0.0
225,5,10,150,25,0.0
226,5,10,150,25,0.19092086617893467
227,5,10,150,25,0.0
228,5,10,150,25,0.0
229,5,10,150,25,0.0
230,5,10,150,25,0.04908948394982232
231,5,10,150,25,0.0
232,5,10,150,25,0.0
233,5,10,150,25,0.18978688349077963
234,5,10,150,25,0.0
235,5,10,150,25,0.0
236,5,10,150,25,0.0
237,5,10,150,25,0.19342640361727081
238,5,10,150,25,0.0
239,5,10,150,25,0.06912040963822193
240,5,10,150,25,0.0
241,5,10,150,25,0.0
242,5,10,150,25,0.0
243,5,10,150,25,0.0
244,5,10,150,25,0.049712302565054066
245,5,10,150,25,0.0
246,5,10,150,25,0.0561326498270945
247,5,10,150,25,0.0
248,5,10,150,25,0.0
249,5,10,150,25,0.056720838976548935
250,5,10,150,25,0.0
251,5,10,150,25,0.13032376591037062
252,5,10,150,25,0.0
253,5,10,150,25,0.0
254,5,10,150,25,0.08514311764162098
255,5,10,150,25,0.0
256,5,10,150,25,0.0
257,5,10,150,25,0.07984133538066794
258,5,10,150,25,0.0
259,5,10,150,25,0.067856722420442
260,5,10,150,25,0.0
261,5,10,150,25,0.0
262,5,10,150,25,0.0
263,5,10,150,25,0.0
264,5,10,150,25,0.0
265,5,10,150,25,0.0
266,5,10,150,25,0.0
267,5,10,150,25,0.08680018975145319
268,5,10,150,25,0.049712302565054066
269,5,10,150,25,0.052962244777770985
270,5,10,150,25,0.0
271,5,10,150,25,0.10406177364128634
272,5,10,150,25,0.0
273,5,10,150,25,0.0
274,5,10,150,25,0.0
275,5,10,150,25,0.0
276,5,10,150,25,0.21289096346101535
277,5,10,150,25,0.0
278,5,10,150,25,0.0
279,5,10,150,25,0.07758828619721583
280,5,10,150,25,0.12297452411780795
281,5,10,150,25,0.0
282,5,10,150,25,0.0
283,5,10,150,25,0.0
284,5,10,150,25,0.0
285,5,10,150,25,0.0
286,5,10,150,25,0.028420795802875647
287,5,10,150,25,0.0
288,5,10,150,25,0.0
289,5,10,150,25,0.0
290,5,10,150,25,0.07834851647149511
291,5,10,150,25,0.07828167840727236
292,5,10,150,25,0.0
293,5,10,150,25,0.07758828619721583
294,5,10,150,25,0.0
295,5,10,150,25,0.1710356533975505
296,5,10,150,25,0.07879213539011483
297,5,10,150,25,0.0
298,5,10,150,25,0.0
299,5,10,150,25,0.0
300,5,10,150,25,0.0
301,5,10,150,25,0.06460801587741544
302,5,10,150,25,0.0
303,5,10,150,25,0.027576277569513717
304,5,10,150,25,0.0
305,5,10,150,25,0.11349000778741654
306,5,10,150,25,0.0
307,5,10,150,25,0.10778915452451093
308,5,10,150,25,0.14863620933815735
310,5,10,150,25,0.0
311,5,10,150,25,0.10462176685237631
312,5,10,150,25,0.030023253564245667
313,5,10,150,25,0.08109672293563117
314,5,10,150,25,0.16600564593053876
315,5,10,150,25,0.0
316,5,10,150,25,0.0
317,5,10,150,25,0.0
318,5,10,150,25,0.03855371268423985
319,5,10,150,25,0.0
320,5,10,150,25,0.13927874459665815
321,5,10,150,25,0.0
322,5,10,150,25,0.0
323,5,10,150,25,0.1610425878239398
324,5,10,150,25,0.0
325,5,10,150,25,0.09092803061897883
326,5,10,150,25,0.0
327,5,10,150,25,0.02799764048929078
328,5,10,150,25,0.06148726205890397
329,5,10,150,25,0.0
330,5,10,150,25,0.037210602758860095
331,5,10,150,25,0.0
332,5,10,150,25,0.0650278379951693
334,5,10,150,25,0.0
335,5,10,150,25,0.0
336,5,10,150,25,0.049712302565054066
337,5,10,150,25,0.0
338,5,10,150,25,0.0
339,5,10,150,25,0.1430641274918087
340,5,10,150,25,0.0
341,5,10,150,25,0.0
342,5,10,150,25,0.2580909615727499
343,5,10,150,25,0.09229649639444802
344,5,10,150,25,0.1202034973803211
345,5,10,150,25,0.1536414362770729
346,5,10,150,25,0.04366879852493834
347,5,10,150,25,0.1969404851249289
348,5,10,150,25,0.0
349,5,10,150,25,0.0
350,5,10,150,25,0.0
351,5,10,150,25,0.0
352,5,10,150,25,0.0
353,5,10,150,25,0.14434031438272124
354,5,10,150,25,0.06335619058732639
355,5,10,150,25,0.0
356,5,10,150,25,0.0
357,5,10,150,25,0.0
358,5,10,150,25,0.0
359,5,10,150,25,0.3010299956639812
360,5,10,150,25,0.07256783117062009
361,5,10,150,25,0.09478836436955078
362,5,10,150,25,0.0
363,5,10,150,25,0.26023641851849644
364,5,10,150,25,0.0
365,5,10,150,25,0.0
366,5,10,150,25,0.0
367,5,10,150,25,0.0
368,5,10,150,25,0.0
369,5,10,150,25,0.0
370,5,10,150,25,0.0
371,5,10,150,25,0.07984133538066794
372,5,10,150,25,0.15130120674940672
373,5,10,150,25,0.22842722979011518
374,5,10,150,25,0.08784837878739096
375,5,10,150,25,0.0
376,5,10,150,25,0.0
377,5,10,150,25,0.0
378,5,10,150,25,0.15852213357344702
379,5,10,150,25,0.0
380,5,10,150,25,0.0
381,5,10,150,25,0.0
382,5,10,150,25,0.0
383,5,10,150,25,0.0
384,5,10,150,25,0.0
385,5,10,150,25,0.0
386,5,10,150,25,0.0
387,5,10,150,25,0.06148726205890397
388,5,10,150,25,0.0
389,5,10,150,25,0.06501666095125466
390,5,10,150,25,0.0
391,5,10,150,25,0.11245246430543061
392,5,10,150,25,0.11004588314904008
393,5,10,150,25,0.1406311188076302
394,5,10,150,25,0.10053528465107685
395,5,10,150,25,0.0
396,5,10,150,25,0.0
397,5,10,150,25,0.11004588314904008
398,5,10,150,25,0.21225568458158228
399,5,10,150,25,0.029490823953733692
400,5,10,150,25,0.0
401,5,10,150,25,0.0
402,5,10,150,25,0.0
403,5,10,150,25,0.2529427027676571
404,5,10,150,25,0.0
405,5,10,150,25,0.03701902046196388
406,5,10,150,25,0.07373538456697237
407,5,10,150,25,0.07978565113787724
408,5,10,150,25,0.09983719697789138
409,5,10,150,25,0.0334374913847135
410,5,10,150,25,0.0
411,5,10,150,25,0.17342765698823945
412,5,10,150,25,0.0
413,5,10,150,25,0.0
414,5,10,150,25,0.21398626473452756
415,5,10,150,25,0.0
416,5,10,150,25,0.1416486939240126
417,5,10,150,25,0.06887992709076049
419,5,10,150,25,0.30260241349881345
420,5,10,150,25,0.0
421,5,10,150,25,0.0
422,5,10,150,25,0.0
423,5,10,150,25,0.08440880858250024
424,5,10,150,25,0.0
425,5,10,150,25,0.21367118030393173
426,5,10,150,25,0.13571943816109763
427,5,10,150,25,0.0
428,5,10,150,25,0.0
429,5,10,150,25,0.2219522202296118
430,5,10,150,25,0.1261446714466394
431,5,10,150,25,0.0
432,5,10,150,25,0.0
433,5,10,150,25,0.0
434,5,10,150,25,0.3903800499921017
435,5,10,150,25,0.1471260603252757
436,5,10,150,25,0.06490403551612171
437,5,10,150,25,0.23567117666396994
438,5,10,150,25,0.0
439,5,10,150,25,0.0
440,5,10,150,25,0.0
441,5,10,150,25,0.0
442,5,10,150,25,0.0
443,5,10,150,25,0.0
445,5,10,150,25,0.0
446,5,10,150,25,0.0
447,5,10,150,25,0.21015429952548687
448,5,10,150,25,0.0
449,5,10,150,25,0.04403205443910179
450,5,10,150,25,0.2598078999496949
451,5,10,150,25,0.0
452,5,10,150,25,0.0322992015809624
453,5,10,150,25,0.029956785715628154
454,5,10,150,25,0.0
455,5,10,150,25,0.0
456,5,10,150,25,0.07758828619721583
457,5,10,150,25,0.23527427019684496
458,5,10,150,25,0.0
459,5,10,150,25,0.0
460,5,10,150,25,0.0
461,5,10,150,25,0.0
462,5,10,150,25,0.0
463,5,10,150,25,0.0
464,5,10,150,25,0.0
465,5,10,150,25,0.0
466,5,10,150,25,0.03947525607388688
467,5,10,150,25,0.0
468,5,10,150,25,0.23328425420000354
469,5,10,150,25,0.0
470,5,10,150,25,0.0
471,5,10,150,25,0.0
472,5,10,150,25,0.061124147512439435
473,5,10,150,25,0.08754031530847717
474,5,10,150,25,0.3126917124220728
475,5,10,150,25,0.06516188295518531
476,5,10,150,25,0.0
477,5,10,150,25,0.0
478,5,10,150,25,0.15550998597595111
479,5,10,150,25,0.08631754908825646
480,5,10,150,25,0.21398626473452756
481,5,10,150,25,0.07303417492135322
482,5,10,150,25,0.0
483,5,10,150,25,0.06912040963822193
484,5,10,150,25,0.0670763833223781
485,5,10,150,25,0.0
486,5,10,150,25,0.07109334467957032
487,5,10,150,25,0.11214662548205799
488,5,10,150,25,0.0
489,5,10,150,25,0.0
490,5,10,150,25,0.0
491,5,10,150,25,0.19092086617893467
492,5,10,150,25,0.0
493,5,10,150,25,0.0
494,5,10,150,25,0.0
495,5,10,150,25,0.12297452411780795
496,5,10,150,25,0.05459112561892713
497,5,10,150,25,0.0
498,5,10,150,25,0.03855307727568851
499,5,10,150,25,0.1912282106369008
500,5,10,150,25,0.03701902046196388
501,5,10,150,25,0.0
502,5,10,150,25,0.0
503,5,10,150,25,0.11512519173374486
504,5,10,150,25,0.0
505,5,10,150,25,0.0
506,5,10,150,25,0.05511164378801914
507,5,10,150,25,0.0
508,5,10,150,25,0.0
509,5,10,150,25,0.06474271459046577
510,5,10,150,25,0.0
511,5,10,150,25,0.0
512,5,10,150,25,0.0
513,5,10,150,25,0.0
514,5,10,150,25,0.1140885271353445
515,5,10,150,25,0.0
516,5,10,150,25,0.0
517,5,10,150,25,0.0
518,5,10,150,25,0.0
519,5,10,150,25,0.0
520,5,10,150,25,0.0
521,5,10,150,25,0.0
522,5,10,150,25,0.0
523,5,10,150,25,0.0316088333445714
524,5,10,150,25,0.12675646117622483
525,5,10,150,25,0.0
526,5,10,150,25,0.0
527,5,10,150,25,0.08950909054324063
528,5,10,150,25,0.05780700008370542
529,5,10,150,25,0.0
530,5,10,150,25,0.0
531,5,10,150,25,0.0
532,5,10,150,25,0.0
533,5,10,150,25,0.1794092092580897
534,5,10,150,25,0.0
535,5,10,150,25,0.297318309455817
536,5,10,150,25,0.23565886053052043
537,5,10,150,25,0.3153977469718628
538,5,10,150,25,0.0
539,5,10,150,25,0.06794340091829075
540,5,10,150,25,0.0
541,5,10,150,25,0.06080868600868806
542,5,10,150,25,0.12627825946936164
543,5,10,150,25,0.0
544,5,10,150,25,0.0
545,5,10,150,25,0.052962244777770985
546,5,10,150,25,0.11781210270929884
547,5,10,150,25,0.0
548,5,10,150,25,0.0
549,5,10,150,25,0.0
550,5,10,150,25,0.0
551,5,10,150,25,0.3298418350931582
552,5,10,150,25,0.0
553,5,10,150,25,0.1020961627946001
554,5,10,150,25,0.16600564593053876
555,5,10,150,25,0.0
556,5,10,150,25,0.046823654699505654
557,5,10,150,25,0.0
558,5,10,150,25,0.0
559,5,10,150,25,0.0734773909038217
560,5,10,150,25,0.1668756843611104
561,5,10,150,25,0.0
562,5,10,150,25,0.0
563,5,10,150,25,0.0
564,5,10,150,25,0.0
565,5,10,150,25,0.10523285614729473
566,5,10,150,25,0.16395546916912956
567,5,10,150,25,0.07581316356057179
568,5,10,150,25,0.0
569,5,10,150,25,0.0
570,5,10,150,25,0.0
571,5,10,150,25,0.0
572,5,10,150,25,0.0
573,5,10,150,25,0.0
574,5,10,150,25,0.0
575,5,10,150,25,0.0
576,5,10,150,25,0.17342765698823945
577,5,10,150,25,0.22487846440047377
578,5,10,150,25,0.0
579,5,10,150,25,0.0
580,5,10,150,25,0.10209739512291163
581,5,10,150,25,0.0
582,5,10,150,25,0.0
583,5,10,150,25,0.0
584,5,10,150,25,0.0
585,5,10,150,25,0.0
586,5,10,150,25,0.08796838444778947
587,5,10,150,25,0.0
588,5,10,150,25,0.23726126543276294
589,5,10,150,25,0.0
590,5,10,150,25,0.18511573258657482
591,5,10,150,25,0.15758427078022966
592,5,10,150,25,0.22986298749947634
593,5,10,150,25,0.12297452411780795
594,5,10,150,25,0.0843142342558857
595,5,10,150,25,0.0
596,5,10,150,25,0.0
597,5,10,150,25,0.0
598,5,10,150,25,0.11752277470724268
599,5,10,150,25,0.0
600,5,10,150,25,0.0
601,5,10,150,25,0.0
602,5,10,150,25,0.0
603,5,10,150,25,0.06194403202282284
604,5,10,150,25,0.0
605,5,10,150,25,0.04265230456965118
606,5,10,150,25,0.22893805250847643
607,5,10,150,25,0.0
608,5,10,150,25,0.126140293880171
609,5,10,150,25,0.11838279295536291
610,5,10,150,25,0.0
611,5,10,150,25,0.0
612,5,10,150,25,0.0
613,5,10,150,25,0.15130120674940672
614,5,10,150,25,0.13886244387355454
615,5,10,150,25,0.0
616,5,10,150,25,0.0
617,5,10,150,25,0.043804409321952
618,5,10,150,25,0.20219814383164803
619,5,10,150,25,0.1303945739341477
620,5,10,150,25,0.0322992015809624
621,5,10,150,25,0.12297452411780795
622,5,10,150,25,0.18016021553530193
623,5,10,150,25,0.0
624,5,10,150,25,0.0
625,5,10,150,25,0.0
626,5,10,150,25,0.0
627,5,10,150,25,0.03554760945563907
628,5,10,150,25,0.0
629,5,10,150,25,0.0956806666613535
630,5,10,150,25,0.09942460513010813
631,5,10,150,25,0.0
632,5,10,150,25,0.2616869578274632
633,5,10,150,25,0.0455520698635181
634,5,10,150,25,0.0
635,5,10,150,25,0.0
636,5,10,150,25,0.0
637,5,10,150,25,0.0
638,5,10,150,25,0.11925013713233187
639,5,10,150,25,0.0
640,5,10,150,25,0.032916050504122406
641,5,10,150,25,0.0
642,5,10,150,25,0.08560159548482008
643,5,10,150,25,0.18670217134485811
644,5,10,150,25,0.0
645,5,10,150,25,0.17680016763926654
646,5,10,150,25,0.0
647,5,10,150,25,0.03673869545191085
648,5,10,150,25,0.07098973922622048
649,5,10,150,25,0.0
650,5,10,150,25,0.0
651,5,10,150,25,0.0
652,5,10,150,25,0.0
653,5,10,150,25,0.07028553171083748
654,5,10,150,25,0.15445084041292909
655,5,10,150,25,0.24241925061352537
656,5,10,150,25,0.0
657,5,10,150,25,0.053845569940583225
658,5,10,150,25,0.0
659,5,10,150,25,0.05656690638103807
660,5,10,150,25,0.0
661,5,10,150,25,0.06679178358789868
662,5,10,150,25,0.0
663,5,10,150,25,0.11627223365634246
664,5,10,150,25,0.07475836977757433
665,5,10,150,25,0.0
666,5,10,150,25,0.12297452411780795
667,5,10,150,25,0.19635793579928928
668,5,10,150,25,0.0
669,5,10,150,25,0.2549916540382818
670,5,10,150,25,0.12157378658832337
671,5,10,150,25,0.16713279010509605
672,5,10,150,25,0.0
673,5,10,150,25,0.0
674,5,10,150,25,0.0
675,5,10,150,25,0.05010834716923557
676,5,10,150,25,0.0
677,5,10,150,25,0.03927489746221688
678,5,10,150,25,0.0
679,5,10,150,25,0.213690313463914
680,5,10,150,25,0.2073612289146658
681,5,10,150,25,0.0
682,5,10,150,25,0.1753409288687828
683,5,10,150,25,0.03719976603506465
684,5,10,150,25,0.0
685,5,10,150,25,0.0
686,5,10,150,25,0.08962483220812449
687,5,10,150,25,0.0
688,5,10,150,25,0.0
689,5,10,150,25,0.27487633291429087
690,5,10,150,25,0.0
691,5,10,150,25,0.0
692,5,10,150,25,0.0
693,5,10,150,25,0.0
694,5,10,150,25,0.14645486797395935
695,5,10,150,25,0.0
696,5,10,150,25,0.0
697,5,10,150,25,0.052962244777770985
698,5,10,150,25,0.12297452411780795
699,5,10,150,25,0.0
700,5,10,150,25,0.16958010263680806
701,5,10,150,25,0.0
702,5,10,150,25,0.0
703,5,10,150,25,0.0
704,5,10,150,25,0.04099150803926931
705,5,10,150,25,0.06495648779227443
706,5,10,150,25,0.0
707,5,10,150,25,0.09957497993127679
708,5,10,150,25,0.0
709,5,10,150,25,0.09503214094086995
710,5,10,150,25,0.06148726205890397
711,5,10,150,25,0.1363978181181346
712,5,10,150,25,0.060234454983185685
713,5,10,150,25,0.0
714,5,10,150,25,0.04195229264874745
715,5,10,150,25,0.12139269551916781
716,5,10,150,25,0.15614633491545538
717,5,10,150,25,0.14014919618688554
718,5,10,150,25,0.0
719,5,10,150,25,0.09062728932377442
720,5,10,150,25,0.0
721,5,10,150,25,0.12297452411780795
722,5,10,150,25,0.0
723,5,10,150,25,0.0
724,5,10,150,25,0.0
725,5,10,150,25,0.05750402108673013
726,5,10,150,25,0.2529427027676571
727,5,10,150,25,0.16622399502210938
728,5,10,150,25,0.0
729,5,10,150,25,0.0
730,5,10,150,25,0.0
731,5,10,150,25,0.0
732,5,10,150,25,0.0
733,5,10,150,25,0.0
734,5,10,150,25,0.03861623877555839
735,5,10,150,25,0.0
736,5,10,150,25,0.0
737,5,10,150,25,0.16282663249631943
738,5,10,150,25,0.34396161624605137
739,5,10,150,25,0.0
740,5,10,150,25,0.0
741,5,10,150,25,0.09664467668666953
742,5,10,150,25,0.0
743,5,10,150,25,0.0
744,5,10,150,25,0.0
745,5,10,150,25,0.33763622740733124
746,5,10,150,25,0.06231559189727937
747,5,10,150,25,0.3759215782428256
748,5,10,150,25,0.2564883377144942
749,5,10,150,25,0.19900640431516656
750,5,10,150,25,0.07219614103266732
751,5,10,150,25,0.08731053741049005
752,5,10,150,25,0.0
753,5,10,150,25,0.09523506266349818
754,5,10,150,25,0.0
755,5,10,150,25,0.0
756,5,10,150,25,0.02718532990426848
757,5,10,150,25,0.0
758,5,10,150,25,0.16845610825591562
759,5,10,150,25,0.0
760,5,10,150,25,0.0791475180064264
761,5,10,150,25,0.03339755935325358
762,5,10,150,25,0.0647083388415595
763,5,10,150,25,0.30335516338011687
764,5,10,150,25,0.08187591587077311
765,5,10,150,25,0.0
766,5,10,150,25,0.0887474301915422
767,5,10,150,25,0.2073612289146658
768,5,10,150,25,0.07655078846581868
769,5,10,150,25,0.0
770,5,10,150,25,0.0
771,5,10,150,25,0.030894044636925338
772,5,10,150,25,0.0
773,5,10,150,25,0.11875837595532503
774,5,10,150,25,0.055573918058804496
775,5,10,150,25,0.0
776,5,10,150,25,0.12224008929441649
777,5,10,150,25,0.03886843091227488
778,5,10,150,25,0.0
779,5,10,150,25,0.05878132199396477
780,5,10,150,25,0.04759023790187059
781,5,10,150,25,0.1834976074907827
782,5,10,150,25,0.0
783,5,10,150,25,0.0
784,5,10,150,25,0.0
785,5,10,150,25,0.048159222084064895
786,5,10,150,25,0.18235983576802264
787,5,10,150,25,0.0683037314796457
788,5,10,150,25,0.3298918697467374
789,5,10,150,25,0.059109628562248356
790,5,10,150,25,0.12358792561469517
791,5,10,150,25,0.0
792,5,10,150,25,0.0
793,5,10,150,25,0.0
794,5,10,150,25,0.1678954833056024
795,5,10,150,25,0.1562069325569823
796,5,10,150,25,0.442007502638662
797,5,10,150,25,0.0
798,5,10,150,25,0.1379994343545272
799,5,10,150,25,0.0
800,5,10,150,25,0.0
801,5,10,150,25,0.0
802,5,10,150,25,0.03323240843917434
803,5,10,150,25,0.0
804,5,10,150,25,0.1843466123513999
805,5,10,150,25,0.15260213105903533
806,5,10,150,25,0.21919347221741486
807,5,10,150,25,0.1591235782800067
808,5,10,150,25,0.0
809,5,10,150,25,0.0
810,5,10,150,25,0.0
811,5,10,150,25,0.0
812,5,10,150,25,0.0
813,5,10,150,25,0.17367331957930765
814,5,10,150,25,0.060961917527339995
815,5,10,150,25,0.31607327061961765
816,5,10,150,25,0.041774375925183446
817,5,10,150,25,0.0
818,5,10,150,25,0.0
819,5,10,150,25,0.0458402539699961
820,5,10,150,25,0.0
821,5,10,150,25,0.07801052850123319
822,5,10,150,25,0.0
823,5,10,150,25,0.2852535380951009
824,5,10,150,25,0.0
825,5,10,150,25,0.04757303987330585
826,5,10,150,25,0.07454804035140399
827,5,10,150,25,0.0
828,5,10,150,25,0.07944336716665648
829,5,10,150,25,0.10581806884936813
830,5,10,150,25,0.05763866098878766
831,5,10,150,25,0.09850628252086785
832,5,10,150,25,0.0
833,5,10,150,25,0.24635482476029325
834,5,10,150,25,0.0
835,5,10,150,25,0.03554760945563907
836,5,10,150,25,0.029285662617996207
837,5,10,150,25,0.0
838,5,10,150,25,0.09277236287397655
839,5,10,150,25,0.03322541746578526
840,5,10,150,25,0.3293532823795688
841,5,10,150,25,0.0
842,5,10,150,25,0.0
843,5,10,150,25,0.19277047829955993
844,5,10,150,25,0.1675695514369507
845,5,10,150,25,0.0
846,5,10,150,25,0.3089727057753293
847,5,10,150,25,0.0
848,5,10,150,25,0.057224753418337486
849,5,10,150,25,0.0
850,5,10,150,25,0.033419004650597904
851,5,10,150,25,0.3352356678653421
852,5,10,150,25,0.0
853,5,10,150,25,0.0
854,5,10,150,25,0.21465903734898503
855,5,10,150,25,0.0
856,5,10,150,25,0.0
857,5,10,150,25,0.0
858,5,10,150,25,0.0
859,5,10,150,25,0.0
860,5,10,150,25,0.0
861,5,10,150,25,0.09836355940276224
862,5,10,150,25,0.1293290594317136
863,5,10,150,25,0.0
864,5,10,150,25,0.2713678786764993
865,5,10,150,25,0.0
866,5,10,150,25,0.04622440829742681
867,5,10,150,25,0.3171517725852384
868,5,10,150,25,0.208527762814849
869,5,10,150,25,0.0322992015809624
870,5,10,150,25,0.21009209649052712
871,5,10,150,25,0.10767407018936839
872,5,10,150,25,0.0
873,5,10,150,25,0.0
874,5,10,150,25,0.06575393297476358
875,5,10,150,25,0.26047829249116994
876,5,10,150,25,0.0
877,5,10,150,25,0.04757303987330585
878,5,10,150,25,0.08372724723809069
879,5,10,150,25,0.04258528250242427
880,5,10,150,25,0.5029210606007353
881,5,10,150,25,0.5138450961082485
882,5,10,150,25,0.2529735866567053
883,5,10,150,25,0.3713877435503039
884,5,10,150,25,0.028767091820622218
885,5,10,150,25,0.16668451187020553
886,5,10,150,25,0.3185170695590187
887,5,10,150,25,0.10979298719787897
888,5,10,150,25,0.0
889,5,10,150,25,0.44777203416019307
890,5,10,150,25,0.4184790840900376
891,5,10,150,25,0.0
892,5,10,150,25,0.4184046985639626
893,5,10,150,25,0.03430287599746726
894,5,10,150,25,0.313424842209759
895,5,10,150,25,0.0
896,5,10,150,25,0.5386404305734881
897,5,10,150,25,0.11564724724186126
898,5,10,150,25,0.0
899,5,10,150,25,0.29123638329414697
900,5,10,150,25,0.04588516391390306
901,5,10,150,25,0.3386031596262058
902,5,10,150,25,0.02845362565455011
903,5,10,150,25,0.4628228760481707
904,5,10,150,25,0.0
905,5,10,150,25,0.08773956418811966
906,5,10,150,25,0.0
907,5,10,150,25,0.23064859430717635
908,5,10,150,25,0.21209138953128184
909,5,10,150,25,0.0
910,5,10,150,25,0.18597001207920974
911,5,10,150,25,0.08430973595799665
912,5,10,150,25,0.06148726205890397
913,5,10,150,25,0.19806840978640164
914,5,10,150,25,0.0
915,5,10,150,25,0.0
916,5,10,150,25,0.35507823401196403
917,5,10,150,25,0.0
918,5,10,150,25,0.0
919,5,10,150,25,0.19299588004283869
920,5,10,150,25,0.23226489873593328
921,5,10,150,25,0.04757303987330585
922,5,10,150,25,0.09131818006496385
923,5,10,150,25,0.06078399838635276
924,5,10,150,25,0.06650984441569757
925,5,10,150,25,0.039791360812020615
926,5,10,150,25,0.18690891198435525
927,5,10,150,25,0.12725838073394588
928,5,10,150,25,0.08352144807379756
929,5,10,150,25,0.06148726205890397
930,5,10,150,25,0.08796838444778947
931,5,10,150,25,0.029490823953733692
932,5,10,150,25,0.3346429881743598
933,5,10,150,25,0.10025633418993454
934,5,10,150,25,0.08343345859008758
935,5,10,150,25,0.0
936,5,10,150,25,0.15192382321216055
937,5,10,150,25,0.0808054483124802
938,5,10,150,25,0.13197156580456196
939,5,10,150,25,0.03879414309860792
940,5,10,150,25,0.13412873020487667
941,5,10,150,25,0.17060921827860473
942,5,10,150,25,0.054397549084485894
943,5,10,150,25,0.28499707082778875
1,5,10,150,26,0.4058715898896693
2,5,10,150,26,0.0
3,5,10,150,26,0.0
4,5,10,150,26,0.0
5,5,10,150,26,0.04470486007704452
6,5,10,150,26,0.04187254809446048
7,5,10,150,26,0.035079093545523896
8,5,10,150,26,0.0
9,5,10,150,26,0.0
10,5,10,150,26,0.21422665043052946
11,5,10,150,26,0.03947525607388688
12,5,10,150,26,0.0
13,5,10,150,26,0.3349110734516175
14,5,10,150,26,0.18795160328752808
15,5,10,150,26,0.0
16,5,10,150,26,0.061734604266276284
17,5,10,150,26,0.0
18,5,10,150,26,0.1528843013006747
19,5,10,150,26,0.0
20,5,10,150,26,0.13743816645714543
21,5,10,150,26,0.1265754929129826
22,5,10,150,26,0.0
23,5,10,150,26,0.06541518452970234
24,5,10,150,26,0.05010834716923557
25,5,10,150,26,0.23940867474021393
26,5,10,150,26,0.0
27,5,10,150,26,0.0
28,5,10,150,26,0.0
30,5,10,150,26,0.08133484538841967
31,5,10,150,26,0.0
32,5,10,150,26,0.19519002499605084
33,5,10,150,26,0.0
34,5,10,150,26,0.0
35,5,10,150,26,0.0
37,5,10,150,26,0.08177471774917201
38,5,10,150,26,0.0
39,5,10,150,26,0.0
40,5,10,150,26,0.0
41,5,10,150,26,0.06835476917178976
42,5,10,150,26,0.08850778826764391
43,5,10,150,26,0.0
44,5,10,150,26,0.20156257967328423
45,5,10,150,26,0.0
46,5,10,150,26,0.0
47,5,10,150,26,0.0
48,5,10,150,26,0.0
49,5,10,150,26,0.03465142782262442
52,5,10,150,26,0.0
53,5,10,150,26,0.0
54,5,10,150,26,0.0
55,5,10,150,26,0.0
56,5,10,150,26,0.11781210270929884
57,5,10,150,26,0.06889356673757306
58,5,10,150,26,0.25546756436153767
59,5,10,150,26,0.20187330620955926
60,5,10,150,26,0.06541518452970234
61,5,10,150,26,0.0
62,5,10,150,26,0.09586820699422145
63,5,10,150,26,0.0
64,5,10,150,26,0.04759023790187059
65,5,10,150,26,0.1816392404838752
66,5,10,150,26,0.0
67,5,10,150,26,0.0
68,5,10,150,26,0.0
69,5,10,150,26,0.0
70,5,10,150,26,0.0
71,5,10,150,26,0.20758456043036028
72,5,10,150,26,0.10990826949013655
73,5,10,150,26,0.0
74,5,10,150,26,0.0
75,5,10,150,26,0.0
76,5,10,150,26,0.10633668103022985
77,5,10,150,26,0.0
78,5,10,150,26,0.0
79,5,10,150,26,0.0
80,5,10,150,26,0.0
81,5,10,150,26,0.0
82,5,10,150,26,0.0
83,5,10,150,26,0.07414861528507455
84,5,10,150,26,0.0
85,5,10,150,26,0.04734112273659951
86,5,10,150,26,0.0
87,5,10,150,26,0.07869360490688747
88,5,10,150,26,0.0
89,5,10,150,26,0.0
90,5,10,150,26,0.0561326498270945
91,5,10,150,26,0.0
92,5,10,150,26,0.03781611394148834
93,5,10,150,26,0.0
94,5,10,150,26,0.11884028331988242
95,5,10,150,26,0.07849567312219397
96,5,10,150,26,0.0
97,5,10,150,26,0.0
98,5,10,150,26,0.0
99,5,10,150,26,0.05278074934727935
100,5,10,150,26,0.0
101,5,10,150,26,0.0
102,5,10,150,26,0.0
103,5,10,150,26,0.0
104,5,10,150,26,0.33958467175585033
105,5,10,150,26,0.0
106,5,10,150,26,0.06516188295518531
107,5,10,150,26,0.0
109,5,10,150,26,0.16563719724029594
110,5,10,150,26,0.0
111,5,10,150,26,0.0
112,5,10,150,26,0.0
113,5,10,150,26,0.0
114,5,10,150,26,0.08274602130532002
115,5,10,150,26,0.0
116,5,10,150,26,0.0
117,5,10,150,26,0.0
118,5,10,150,26,0.16958010263680806
119,5,10,150,26,0.0
120,5,10,150,26,0.0
121,5,10,150,26,0.13032376591037062
122,5,10,150,26,0.0
123,5,10,150,26,0.07303417492135322
124,5,10,150,26,0.0
125,5,10,150,26,0.05446333035917803
126,5,10,150,26,0.0
128,5,10,150,26,0.0
129,5,10,150,26,0.0
130,5,10,150,26,0.07758828619721583
131,5,10,150,26,0.0
132,5,10,150,26,0.0
133,5,10,150,26,0.0
134,5,10,150,26,0.0
135,5,10,150,26,0.0
136,5,10,150,26,0.0
137,5,10,150,26,0.0
138,5,10,150,26,0.0
139,5,10,150,26,0.0
140,5,10,150,26,0.0
141,5,10,150,26,0.0
142,5,10,150,26,0.0
143,5,10,150,26,0.0
144,5,10,150,26,0.0
145,5,10,150,26,0.19325851940612
146,5,10,150,26,0.0
147,5,10,150,26,0.0
148,5,10,150,26,0.0
149,5,10,150,26,0.0
150,5,10,150,26,0.2640681225725909
151,5,10,150,26,0.0
152,5,10,150,26,0.0
153,5,10,150,26,0.0
154,5,10,150,26,0.0
155,5,10,150,26,0.0
156,5,10,150,26,0.0
157,5,10,150,26,0.0
158,5,10,150,26,0.04759023790187059
159,5,10,150,26,0.23138144801632507
160,5,10,150,26,0.1719271394881576
161,5,10,150,26,0.0
162,5,10,150,26,0.0
163,5,10,150,26,0.0
164,5,10,150,26,0.0
165,5,10,150,26,0.0
167,5,10,150,26,0.05319635904163211
168,5,10,150,26,0.0
169,5,10,150,26,0.0
170,5,10,150,26,0.0
171,5,10,150,26,0.0
173,5,10,150,26,0.0
174,5,10,150,26,0.0
175,5,10,150,26,0.15351022771536424
176,5,10,150,26,0.0
177,5,10,150,26,0.38113435412202
178,5,10,150,26,0.12597398707460816
179,5,10,150,26,0.0
180,5,10,150,26,0.0
181,5,10,150,26,0.06610316902203334
182,5,10,150,26,0.0
183,5,10,150,26,0.15101961822780524
184,5,10,150,26,0.0
185,5,10,150,26,0.0
186,5,10,150,26,0.0
187,5,10,150,26,0.0
188,5,10,150,26,0.07428207290250749
189,5,10,150,26,0.06786785134613488
190,5,10,150,26,0.0
192,5,10,150,26,0.123151194370365
193,5,10,150,26,0.0
194,5,10,150,26,0.0
195,5,10,150,26,0.0647083388415595
196,5,10,150,26,0.0
197,5,10,150,26,0.09546043308946733
198,5,10,150,26,0.0
199,5,10,150,26,0.0
200,5,10,150,26,0.09785159463516042
201,5,10,150,26,0.0
202,5,10,150,26,0.0
203,5,10,150,26,0.0
204,5,10,150,26,0.19519002499605084
205,5,10,150,26,0.0
206,5,10,150,26,0.0
207,5,10,150,26,0.0
208,5,10,150,26,0.0
209,5,10,150,26,0.0
210,5,10,150,26,0.1506292774654168
211,5,10,150,26,0.0
213,5,10,150,26,0.04465281017341861
214,5,10,150,26,0.0
216,5,10,150,26,0.23813231172447274
217,5,10,150,26,0.0
218,5,10,150,26,0.0
219,5,10,150,26,0.0
221,5,10,150,26,0.0
222,5,10,150,26,0.07978565113787724
223,5,10,150,26,0.0
224,5,10,150,26,0.0
225,5,10,150,26,0.0
226,5,10,150,26,0.19092086617893467
227,5,10,150,26,0.0
228,5,10,150,26,0.0
229,5,10,150,26,0.0
230,5,10,150,26,0.04908948394982232
231,5,10,150,26,0.0
232,5,10,150,26,0.0
233,5,10,150,26,0.18978688349077963
234,5,10,150,26,0.0
235,5,10,150,26,0.0
236,5,10,150,26,0.0
237,5,10,150,26,0.19342640361727081
238,5,10,150,26,0.0
239,5,10,150,26,0.06912040963822193
240,5,10,150,26,0.0
241,5,10,150,26,0.0
242,5,10,150,26,0.0
243,5,10,150,26,0.0
244,5,10,150,26,0.049712302565054066
245,5,10,150,26,0.0
246,5,10,150,26,0.0561326498270945
247,5,10,150,26,0.0
248,5,10,150,26,0.0
249,5,10,150,26,0.056720838976548935
250,5,10,150,26,0.0
251,5,10,150,26,0.13032376591037062
252,5,10,150,26,0.0
253,5,10,150,26,0.0
254,5,10,150,26,0.08514311764162098
255,5,10,150,26,0.0
256,5,10,150,26,0.0
257,5,10,150,26,0.07984133538066794
258,5,10,150,26,0.0
259,5,10,150,26,0.067856722420442
260,5,10,150,26,0.0
261,5,10,150,26,0.0
262,5,10,150,26,0.0
263,5,10,150,26,0.0
264,5,10,150,26,0.0
265,5,10,150,26,0.0
266,5,10,150,26,0.0
267,5,10,150,26,0.08680018975145319
268,5,10,150,26,0.049712302565054066
269,5,10,150,26,0.052962244777770985
270,5,10,150,26,0.0
271,5,10,150,26,0.10406177364128634
272,5,10,150,26,0.0
273,5,10,150,26,0.0
274,5,10,150,26,0.0
275,5,10,150,26,0.0
276,5,10,150,26,0.20752382417344536
277,5,10,150,26,0.0
278,5,10,150,26,0.0
279,5,10,150,26,0.07563222788297667
280,5,10,150,26,0.11987424504051505
281,5,10,150,26,0.0
282,5,10,150,26,0.0
283,5,10,150,26,0.0
284,5,10,150,26,0.0
285,5,10,150,26,0.0
286,5,10,150,26,0.028420795802875647
287,5,10,150,26,0.0
288,5,10,150,26,0.0
289,5,10,150,26,0.0
290,5,10,150,26,0.07834851647149511
291,5,10,150,26,0.07828167840727236
292,5,10,150,26,0.0
293,5,10,150,26,0.07563222788297667
294,5,10,150,26,0.0
295,5,10,150,26,0.1710356533975505
296,5,10,150,26,0.07879213539011483
297,5,10,150,26,0.0
298,5,10,150,26,0.0
299,5,10,150,26,0.0
300,5,10,150,26,0.0
301,5,10,150,26,0.06460801587741544
302,5,10,150,26,0.0
303,5,10,150,26,0.052091801760738715
304,5,10,150,26,0.0
305,5,10,150,26,0.11349000778741654
306,5,10,150,26,0.0
307,5,10,150,26,0.10778915452451093
308,5,10,150,26,0.14488898011938225
310,5,10,150,26,0.0
311,5,10,150,26,0.10462176685237631
312,5,10,150,26,0.05897356872503046
313,5,10,150,26,0.08109672293563117
314,5,10,150,26,0.16600564593053876
315,5,10,150,26,0.0
316,5,10,150,26,0.0
317,5,10,150,26,0.0
318,5,10,150,26,0.03855371268423985
319,5,10,150,26,0.0
320,5,10,150,26,0.13927874459665815
321,5,10,150,26,0.0
322,5,10,150,26,0.0
323,5,10,150,26,0.1610425878239398
324,5,10,150,26,0.0
325,5,10,150,26,0.09092803061897883
326,5,10,150,26,0.0
327,5,10,150,26,0.027291799180733545
328,5,10,150,26,0.08514786514791642
329,5,10,150,26,0.0
330,5,10,150,26,0.037210602758860095
331,5,10,150,26,0.0
332,5,10,150,26,0.0650278379951693
334,5,10,150,26,0.0
335,5,10,150,26,0.0
336,5,10,150,26,0.049712302565054066
337,5,10,150,26,0.0
338,5,10,150,26,0.07132875491150918
339,5,10,150,26,0.1430641274918087
340,5,10,150,26,0.0
341,5,10,150,26,0.0
342,5,10,150,26,0.28618631342959844
343,5,10,150,26,0.09229649639444802
344,5,10,150,26,0.1202034973803211
345,5,10,150,26,0.1536414362770729
346,5,10,150,26,0.04366879852493834
347,5,10,150,26,0.1969404851249289
348,5,10,150,26,0.0
349,5,10,150,26,0.0
350,5,10,150,26,0.0
351,5,10,150,26,0.0
352,5,10,150,26,0.0
353,5,10,150,26,0.14434031438272124
354,5,10,150,26,0.06335619058732639
355,5,10,150,26,0.0
356,5,10,150,26,0.0
357,5,10,150,26,0.0
358,5,10,150,26,0.06364028872631156
359,5,10,150,26,0.3010299956639812
360,5,10,150,26,0.07256783117062009
361,5,10,150,26,0.09478836436955078
362,5,10,150,26,0.0
363,5,10,150,26,0.2536756651488829
364,5,10,150,26,0.0
365,5,10,150,26,0.0
366,5,10,150,26,0.0
367,5,10,150,26,0.0
368,5,10,150,26,0.0
369,5,10,150,26,0.0
370,5,10,150,26,0.0
371,5,10,150,26,0.07984133538066794
372,5,10,150,26,0.15130120674940672
373,5,10,150,26,0.22842722979011518
374,5,10,150,26,0.08563365591952496
375,5,10,150,26,0.0
376,5,10,150,26,0.0
377,5,10,150,26,0.0
378,5,10,150,26,0.15452567286313948
379,5,10,150,26,0.0
380,5,10,150,26,0.0
381,5,10,150,26,0.0
382,5,10,150,26,0.0
383,5,10,150,26,0.0
384,5,10,150,26,0.0
385,5,10,150,26,0.0
386,5,10,150,26,0.0
387,5,10,150,26,0.06148726205890397
388,5,10,150,26,0.0
389,5,10,150,26,0.06337754264550281
390,5,10,150,26,0.0
391,5,10,150,26,0.11245246430543061
392,5,10,150,26,0.11004588314904008
393,5,10,150,26,0.13708570386593133
394,5,10,150,26,0.09800071546474012
395,5,10,150,26,0.0
396,5,10,150,26,0.0
397,5,10,150,26,0.11004588314904008
398,5,10,150,26,0.21225568458158228
399,5,10,150,26,0.028747338381158515
400,5,10,150,26,0.0
401,5,10,150,26,0.0
402,5,10,150,26,0.0
403,5,10,150,26,0.2529427027676571
404,5,10,150,26,0.0
405,5,10,150,26,0.03608574346476927
406,5,10,150,26,0.07187646076410298
407,5,10,150,26,0.07777419562166003
408,5,10,150,26,0.09983719697789138
409,5,10,150,26,0.0334374913847135
410,5,10,150,26,0.0
411,5,10,150,26,0.17342765698823945
412,5,10,150,26,0.0
413,5,10,150,26,0.0
414,5,10,150,26,0.21398626473452756
415,5,10,150,26,0.0
416,5,10,150,26,0.13807762515795027
417,5,10,150,26,0.06714341297666342
419,5,10,150,26,0.30260241349881345
420,5,10,150,26,0.0
421,5,10,150,26,0.0
422,5,10,150,26,0.0
423,5,10,150,26,0.08440880858250024
424,5,10,150,26,0.0
425,5,10,150,26,0.2082843711703412
426,5,10,150,26,0.13571943816109763
427,5,10,150,26,0.0
428,5,10,150,26,0.0
429,5,10,150,26,0.21635663992976562
430,5,10,150,26,0.1261446714466394
431,5,10,150,26,0.0
432,5,10,150,26,0.0
433,5,10,150,26,0.0
434,5,10,150,26,0.3903800499921017
435,5,10,150,26,0.14341690308459376
436,5,10,150,26,0.06490403551612171
437,5,10,150,26,0.22972973128433707
438,5,10,150,26,0.0
439,5,10,150,26,0.0
440,5,10,150,26,0.0
441,5,10,150,26,0.0
442,5,10,150,26,0.0
443,5,10,150,26,0.0
445,5,10,150,26,0.0
446,5,10,150,26,0.0
447,5,10,150,26,0.21015429952548687
448,5,10,150,26,0.0
449,5,10,150,26,0.04403205443910179
450,5,10,150,26,0.2532579498514306
451,5,10,150,26,0.0
452,5,10,150,26,0.05669565735048478
453,5,10,150,26,0.029956785715628154
454,5,10,150,26,0.0
455,5,10,150,26,0.0
456,5,10,150,26,0.07758828619721583
457,5,10,150,26,0.25455357375166093
458,5,10,150,26,0.0
459,5,10,150,26,0.0
460,5,10,150,26,0.0
461,5,10,150,26,0.0
462,5,10,150,26,0.0
463,5,10,150,26,0.0
464,5,10,150,26,0.0
465,5,10,150,26,0.0
466,5,10,150,26,0.03947525607388688
467,5,10,150,26,0.0
468,5,10,150,26,0.2274029849082819
469,5,10,150,26,0.0
470,5,10,150,26,0.0
471,5,10,150,26,0.0
472,5,10,150,26,0.05958316236116827
473,5,10,150,26,0.08754031530847717
474,5,10,150,26,0.30480852213839793
475,5,10,150,26,0.06516188295518531
476,5,10,150,26,0.0
477,5,10,150,26,0.0
478,5,10,150,26,0.15550998597595111
479,5,10,150,26,0.08414141957394213
480,5,10,150,26,0.21398626473452756
481,5,10,150,26,0.07303417492135322
482,5,10,150,26,0.0
483,5,10,150,26,0.06912040963822193
484,5,10,150,26,0.0670763833223781
485,5,10,150,26,0.0
486,5,10,150,26,0.06930102866431423
487,5,10,150,26,0.11214662548205799
488,5,10,150,26,0.0
489,5,10,150,26,0.0
490,5,10,150,26,0.0
491,5,10,150,26,0.19092086617893467
492,5,10,150,26,0.0
493,5,10,150,26,0.0
494,5,10,150,26,0.0
495,5,10,150,26,0.11987424504051505
496,5,10,150,26,0.05459112561892713
497,5,10,150,26,0.0
498,5,10,150,26,0.03855307727568851
499,5,10,150,26,0.1912282106369008
500,5,10,150,26,0.03608574346476927
501,5,10,150,26,0.0
502,5,10,150,26,0.06364028872631156
503,5,10,150,26,0.11512519173374486
504,5,10,150,26,0.0
505,5,10,150,26,0.0
506,5,10,150,26,0.05372223832069217
507,5,10,150,26,0.0
508,5,10,150,26,0.0
509,5,10,150,26,0.06474271459046577
510,5,10,150,26,0.0
511,5,10,150,26,0.0
512,5,10,150,26,0.0
513,5,10,150,26,0.0
514,5,10,150,26,0.11121227064096664
515,5,10,150,26,0.0
516,5,10,150,26,0.0
517,5,10,150,26,0.0
518,5,10,150,26,0.0
519,5,10,150,26,0.0
520,5,10,150,26,0.0
521,5,10,150,26,0.0
522,5,10,150,26,0.0
523,5,10,150,26,0.0316088333445714
524,5,10,150,26,0.12356083665711819
525,5,10,150,26,0.0
526,5,10,150,26,0.0
527,5,10,150,26,0.12265062558661
528,5,10,150,26,0.05780700008370542
529,5,10,150,26,0.0
530,5,10,150,26,0.0
531,5,10,150,26,0.0
532,5,10,150,26,0.0
533,5,10,150,26,0.1748861698584522
534,5,10,150,26,0.0
535,5,10,150,26,0.2898226940776358
536,5,10,150,26,0.22971772564975812
537,5,10,150,26,0.33265707817527057
538,5,10,150,26,0.0
539,5,10,150,26,0.06794340091829075
540,5,10,150,26,0.0
541,5,10,150,26,0.0592756538761969
542,5,10,150,26,0.12627825946936164
543,5,10,150,26,0.0
544,5,10,150,26,0.0
545,5,10,150,26,0.052962244777770985
546,5,10,150,26,0.11781210270929884
547,5,10,150,26,0.0
548,5,10,150,26,0.0
549,5,10,150,26,0.0
550,5,10,150,26,0.0
551,5,10,150,26,0.3215262774807899
552,5,10,150,26,0.0
553,5,10,150,26,0.1020961627946001
554,5,10,150,26,0.16600564593053876
555,5,10,150,26,0.0
556,5,10,150,26,0.046823654699505654
557,5,10,150,26,0.0
558,5,10,150,26,0.0
559,5,10,150,26,0.0734773909038217
560,5,10,150,26,0.1668756843611104
561,5,10,150,26,0.0
562,5,10,150,26,0.0
563,5,10,150,26,0.0
564,5,10,150,26,0.0
565,5,10,150,26,0.10523285614729473
566,5,10,150,26,0.1598220300335096
567,5,10,150,26,0.0739018574062576
568,5,10,150,26,0.0
569,5,10,150,26,0.0
570,5,10,150,26,0.0
571,5,10,150,26,0.0
572,5,10,150,26,0.0
573,5,10,150,26,0.0
574,5,10,150,26,0.0
575,5,10,150,26,0.0
576,5,10,150,26,0.17342765698823945
577,5,10,150,26,0.21920911131197027
578,5,10,150,26,0.0
579,5,10,150,26,0.0
580,5,10,150,26,0.10209739512291163
581,5,10,150,26,0.0
582,5,10,150,26,0.0
583,5,10,150,26,0.0
584,5,10,150,26,0.0
585,5,10,150,26,0.0
586,5,10,150,26,0.0857506361481053
587,5,10,150,26,0.0
588,5,10,150,26,0.23127973273442487
589,5,10,150,26,0.0
590,5,10,150,26,0.18511573258657482
591,5,10,150,26,0.15758427078022966
592,5,10,150,26,0.24927871350966113
593,5,10,150,26,0.11987424504051505
594,5,10,150,26,0.0843142342558857
595,5,10,150,26,0.0
596,5,10,150,26,0.0
597,5,10,150,26,0.0
598,5,10,150,26,0.11752277470724268
599,5,10,150,26,0.0
600,5,10,150,26,0.0
601,5,10,150,26,0.026557570376145638
602,5,10,150,26,0.0
603,5,10,150,26,0.06194403202282284
604,5,10,150,26,0.0
605,5,10,150,26,0.04265230456965118
606,5,10,150,26,0.22316635418900777
607,5,10,150,26,0.0
608,5,10,150,26,0.126140293880171
609,5,10,150,26,0.11838279295536291
610,5,10,150,26,0.0
611,5,10,150,26,0.0
612,5,10,150,26,0.0
613,5,10,150,26,0.15130120674940672
614,5,10,150,26,0.13886244387355454
615,5,10,150,26,0.0
616,5,10,150,26,0.049432410190049694
617,5,10,150,26,0.04270006763257965
618,5,10,150,26,0.19710057846771797
619,5,10,150,26,0.1303945739341477
620,5,10,150,26,0.031484914722825885
621,5,10,150,26,0.11987424504051505
622,5,10,150,26,0.17561824270969786
623,5,10,150,26,0.0
624,5,10,150,26,0.0
625,5,10,150,26,0.0
626,5,10,150,26,0.0
627,5,10,150,26,0.03465142782262442
628,5,10,150,26,0.0
629,5,10,150,26,0.0932684859997113
630,5,10,150,26,0.09942460513010813
631,5,10,150,26,0.0
632,5,10,150,26,0.28030037791231893
633,5,10,150,26,0.0455520698635181
634,5,10,150,26,0.0
635,5,10,150,26,0.0
636,5,10,150,26,0.0
637,5,10,150,26,0.0
638,5,10,150,26,0.11925013713233187
639,5,10,150,26,0.0
640,5,10,150,26,0.0637867864178444
641,5,10,150,26,0.0
642,5,10,150,26,0.0834435156925353
643,5,10,150,26,0.18199527095505783
644,5,10,150,26,0.0
645,5,10,150,26,0.17234290411638606
646,5,10,150,26,0.0
647,5,10,150,26,0.03673869545191085
648,5,10,150,26,0.0944107778090425
649,5,10,150,26,0.0
650,5,10,150,26,0.0
651,5,10,150,26,0.0
652,5,10,150,26,0.0
653,5,10,150,26,0.0685135812604274
654,5,10,150,26,0.1505570200266531
655,5,10,150,26,0.23630768127831786
656,5,10,150,26,0.0
657,5,10,150,26,0.053845569940583225
658,5,10,150,26,0.0
659,5,10,150,26,0.05514081266302284
660,5,10,150,26,0.0
661,5,10,150,26,0.09031865574988077
662,5,10,150,26,0.0
663,5,10,150,26,0.1133409242988894
664,5,10,150,26,0.07287365575784856
665,5,10,150,26,0.0
666,5,10,150,26,0.11987424504051505
667,5,10,150,26,0.19635793579928928
668,5,10,150,26,0.0
669,5,10,150,26,0.24856312507612163
670,5,10,150,26,0.12157378658832337
671,5,10,150,26,0.16291924834911392
672,5,10,150,26,0.0
673,5,10,150,26,0.0
674,5,10,150,26,0.0
675,5,10,150,26,0.05010834716923557
676,5,10,150,26,0.0
677,5,10,150,26,0.03927489746221688
678,5,10,150,26,0.0
679,5,10,150,26,0.213690313463914
680,5,10,150,26,0.2073612289146658
681,5,10,150,26,0.0
682,5,10,150,26,0.17092045383897725
683,5,10,150,26,0.03719976603506465
684,5,10,150,26,0.0
685,5,10,150,26,0.0
686,5,10,150,26,0.08962483220812449
687,5,10,150,26,0.0
688,5,10,150,26,0.0
689,5,10,150,26,0.27487633291429087
690,5,10,150,26,0.0
691,5,10,150,26,0.0
692,5,10,150,26,0.0
693,5,10,150,26,0.0
694,5,10,150,26,0.1427626319909001
695,5,10,150,26,0.0
696,5,10,150,26,0.0
697,5,10,150,26,0.05162702725569553
698,5,10,150,26,0.11987424504051505
699,5,10,150,26,0.0
700,5,10,150,26,0.16958010263680806
701,5,10,150,26,0.04129602134854855
702,5,10,150,26,0.0
703,5,10,150,26,0.0
704,5,10,150,26,0.03995808168017168
705,5,10,150,26,0.06331888649654674
706,5,10,150,26,0.0
707,5,10,150,26,0.09706462074007506
708,5,10,150,26,0.0
709,5,10,150,26,0.09263631009425427
710,5,10,150,26,0.05993712252025753
711,5,10,150,26,0.13295912783058406
712,5,10,150,26,0.08392664226894617
713,5,10,150,26,0.0
714,5,10,150,26,0.04195229264874745
715,5,10,150,26,0.11833229551555632
716,5,10,150,26,0.15220976985364962
717,5,10,150,26,0.14014919618688554
718,5,10,150,26,0.0
719,5,10,150,26,0.09062728932377442
720,5,10,150,26,0.0
721,5,10,150,26,0.11987424504051505
722,5,10,150,26,0.0
723,5,10,150,26,0.0
724,5,10,150,26,0.0
725,5,10,150,26,0.05750402108673013
726,5,10,150,26,0.2529427027676571
727,5,10,150,26,0.16203336466506574
728,5,10,150,26,0.0
729,5,10,150,26,0.0
730,5,10,150,26,0.0
731,5,10,150,26,0.0
732,5,10,150,26,0.0
733,5,10,150,26,0.0
734,5,10,150,26,0.03861623877555839
735,5,10,150,26,0.0
736,5,10,150,26,0.0
737,5,10,150,26,0.16282663249631943
738,5,10,150,26,0.3352900884650786
739,5,10,150,26,0.0
740,5,10,150,26,0.0
741,5,10,150,26,0.09420819261638859
742,5,10,150,26,0.0
743,5,10,150,26,0.0
744,5,10,150,26,0.0
745,5,10,150,26,0.33763622740733124
746,5,10,150,26,0.06231559189727937
747,5,10,150,26,0.3916550587132213
748,5,10,150,26,0.25002207624537803
749,5,10,150,26,0.19398930507472106
750,5,10,150,26,0.07219614103266732
751,5,10,150,26,0.08510937392315161
752,5,10,150,26,0.0
753,5,10,150,26,0.09523506266349818
754,5,10,150,26,0.0
755,5,10,150,26,0.0
756,5,10,150,26,0.02649996754880397
757,5,10,150,26,0.0
758,5,10,150,26,0.16420920466661867
759,5,10,150,26,0.0
760,5,10,150,26,0.0791475180064264
761,5,10,150,26,0.03339755935325358
762,5,10,150,26,0.0647083388415595
763,5,10,150,26,0.2957073544313693
764,5,10,150,26,0.07981176322835119
765,5,10,150,26,0.0
766,5,10,150,26,0.08651004157011712
767,5,10,150,26,0.2073612289146658
768,5,10,150,26,0.07655078846581868
769,5,10,150,26,0.0
770,5,10,150,26,0.0
771,5,10,150,26,0.05745161501307098
772,5,10,150,26,0.0
773,5,10,150,26,0.14097513173189546
774,5,10,150,26,0.05417285831381337
775,5,10,150,26,0.0
776,5,10,150,26,0.11915832586443291
777,5,10,150,26,0.03886843091227488
778,5,10,150,26,0.0
779,5,10,150,26,0.05878132199396477
780,5,10,150,26,0.04759023790187059
781,5,10,150,26,0.1834976074907827
782,5,10,150,26,0.0
783,5,10,150,26,0.0
784,5,10,150,26,0.0
785,5,10,150,26,0.048159222084064895
786,5,10,150,26,0.17776240888285288
787,5,10,150,26,0.0683037314796457
788,5,10,150,26,0.3215750507235952
789,5,10,150,26,0.059109628562248356
790,5,10,150,26,0.12047218223013684
791,5,10,150,26,0.0
792,5,10,150,26,0.0
793,5,10,150,26,0.0
794,5,10,150,26,0.1678954833056024
795,5,10,150,26,0.15226883978363215
796,5,10,150,26,0.4308641652501444
797,5,10,150,26,0.046287481291184845
798,5,10,150,26,0.13452036613225268
799,5,10,150,26,0.0
800,5,10,150,26,0.0
801,5,10,150,26,0.0
802,5,10,150,26,0.032394594743117074
803,5,10,150,26,0.0
804,5,10,150,26,0.17969909735312795
805,5,10,150,26,0.17396566063613264
806,5,10,150,26,0.2136674420036787
807,5,10,150,26,0.15511195470199732
808,5,10,150,26,0.0
809,5,10,150,26,0.0
810,5,10,150,26,0.0
811,5,10,150,26,0.0
812,5,10,150,26,0.0
813,5,10,150,26,0.17367331957930765
814,5,10,150,26,0.060961917527339995
815,5,10,150,26,0.3081048287425441
816,5,10,150,26,0.041774375925183446
817,5,10,150,26,0.0
818,5,10,150,26,0.0
819,5,10,150,26,0.0458402539699961
820,5,10,150,26,0.0
821,5,10,150,26,0.07801052850123319
822,5,10,150,26,0.0
823,5,10,150,26,0.2780620845625562
824,5,10,150,26,0.0
825,5,10,150,26,0.046373688209044577
826,5,10,150,26,0.0726686288927084
827,5,10,150,26,0.0
828,5,10,150,26,0.0774405408835433
829,5,10,150,26,0.10315031675025081
830,5,10,150,26,0.05618554754119645
831,5,10,150,26,0.0960228659850268
832,5,10,150,26,0.0
833,5,10,150,26,0.2653547793058384
834,5,10,150,26,0.0
835,5,10,150,26,0.03465142782262442
836,5,10,150,26,0.05823597777878099
837,5,10,150,26,0.0
838,5,10,150,26,0.09043350271060095
839,5,10,150,26,0.03322541746578526
840,5,10,150,26,0.3210500415439228
841,5,10,150,26,0.0
842,5,10,150,26,0.03314153504336938
843,5,10,150,26,0.18791059138493904
844,5,10,150,26,0.16334499860344148
845,5,10,150,26,0.0
846,5,10,150,26,0.30118327441105613
847,5,10,150,26,0.0
848,5,10,150,26,0.055782074887976534
849,5,10,150,26,0.0
850,5,10,150,26,0.033419004650597904
851,5,10,150,26,0.3519948703508365
852,5,10,150,26,0.0
853,5,10,150,26,0.0
854,5,10,150,26,0.23445806623333765
855,5,10,150,26,0.0
856,5,10,150,26,0.0
857,5,10,150,26,0.0
858,5,10,150,26,0.0
859,5,10,150,26,0.0
860,5,10,150,26,0.0
861,5,10,150,26,0.09836355940276224
862,5,10,150,26,0.12606857780010347
863,5,10,150,26,0.0
864,5,10,150,26,0.2897372355574312
865,5,10,150,26,0.0
866,5,10,150,26,0.04622440829742681
867,5,10,150,26,0.30915614087268617
868,5,10,150,26,0.20327062305580235
869,5,10,150,26,0.031484914722825885
870,5,10,150,26,0.20479551871779916
871,5,10,150,26,0.10495952691815175
872,5,10,150,26,0.0
873,5,10,150,26,0.0
874,5,10,150,26,0.06575393297476358
875,5,10,150,26,0.253911441299083
876,5,10,150,26,0.0
877,5,10,150,26,0.046373688209044577
878,5,10,150,26,0.08161642115704881
879,5,10,150,26,0.04258528250242427
880,5,10,150,26,0.49024204717990083
881,5,10,150,26,0.5008906796397787
882,5,10,150,26,0.24659593467190732
883,5,10,150,26,0.38723552536024913
884,5,10,150,26,0.028767091820622218
885,5,10,150,26,0.16248227154142883
886,5,10,150,26,0.3104870176958502
887,5,10,150,26,0.1322357670829703
888,5,10,150,26,0.0
889,5,10,150,26,0.43648336865111714
890,5,10,150,26,0.43313965823364414
891,5,10,150,26,0.0
892,5,10,150,26,0.43306714802192225
893,5,10,150,26,0.0586488176469655
894,5,10,150,26,0.3055231691796942
895,5,10,150,26,0.0
896,5,10,150,26,0.5250609053094485
897,5,10,150,26,0.11273169425604947
898,5,10,150,26,0.0
899,5,10,150,26,0.283894097791108
900,5,10,150,26,0.04588516391390306
901,5,10,150,26,0.3300667225159574
902,5,10,150,26,0.027736288621349494
903,5,10,150,26,0.4511547676379274
904,5,10,150,26,0.0
905,5,10,150,26,0.08773956418811966
906,5,10,150,26,0.0
907,5,10,150,26,0.22483377195866683
908,5,10,150,26,0.20674440809626615
909,5,10,150,26,0.0
910,5,10,150,26,0.18128156996821818
911,5,10,150,26,0.08218422490375372
912,5,10,150,26,0.05993712252025753
913,5,10,150,26,0.2182857007122659
914,5,10,150,26,0.0
915,5,10,150,26,0.0
916,5,10,150,26,0.34612644804160475
917,5,10,150,26,0.0
918,5,10,150,26,0.0
919,5,10,150,26,0.21334105321053906
920,5,10,150,26,0.26814570941777965
921,5,10,150,26,0.046373688209044577
922,5,10,150,26,0.08901598093011984
923,5,10,150,26,0.059251588647154387
924,5,10,150,26,0.06483308184592777
925,5,10,150,26,0.039791360812020615
926,5,10,150,26,0.18690891198435525
927,5,10,150,26,0.12405010245004973
928,5,10,150,26,0.08352144807379756
929,5,10,150,26,0.05993712252025753
930,5,10,150,26,0.0857506361481053
931,5,10,150,26,0.028747338381158515
932,5,10,150,26,0.3262063899273453
933,5,10,150,26,0.09772879755187955
934,5,10,150,26,0.10654078176669633
935,5,10,150,26,0.0
936,5,10,150,26,0.14809371080614883
937,5,10,150,26,0.07876828295216166
938,5,10,150,26,0.12864446462489398
939,5,10,150,26,0.03781611394148834
940,5,10,150,26,0.13074724530870682
941,5,10,150,26,0.17060921827860473
942,5,10,150,26,0.07823688910260036
943,5,10,150,26,0.30302282565317157
1,5,10,150,27,0.4058715898896693
2,5,10,150,27,0.0
3,5,10,150,27,0.0
4,5,10,150,27,0.0
5,5,10,150,27,0.04470486007704452
6,5,10,150,27,0.04187254809446048
7,5,10,150,27,0.035079093545523896
8,5,10,150,27,0.0
9,5,10,150,27,0.0
10,5,10,150,27,0.21422665043052946
11,5,10,150,27,0.03947525607388688
12,5,10,150,27,0.0
13,5,10,150,27,0.3267630432455523
14,5,10,150,27,0.18795160328752808
15,5,10,150,27,0.0
16,5,10,150,27,0.11062750966338458
17,5,10,150,27,0.0
18,5,10,150,27,0.1528843013006747
19,5,10,150,27,0.0
20,5,10,150,27,0.13743816645714543
21,5,10,150,27,0.1265754929129826
22,5,10,150,27,0.0
23,5,10,150,27,0.06541518452970234
24,5,10,150,27,0.05010834716923557
25,5,10,150,27,0.23940867474021393
26,5,10,150,27,0.0
27,5,10,150,27,0.0
28,5,10,150,27,0.0
30,5,10,150,27,0.08133484538841967
31,5,10,150,27,0.0
32,5,10,150,27,0.19519002499605084
33,5,10,150,27,0.0
34,5,10,150,27,0.0
35,5,10,150,27,0.0
37,5,10,150,27,0.08177471774917201
38,5,10,150,27,0.0
39,5,10,150,27,0.0
40,5,10,150,27,0.0
41,5,10,150,27,0.06835476917178976
42,5,10,150,27,0.08850778826764391
43,5,10,150,27,0.0
44,5,10,150,27,0.20156257967328423
45,5,10,150,27,0.0
46,5,10,150,27,0.0
47,5,10,150,27,0.0
48,5,10,150,27,0.0
49,5,10,150,27,0.033808395438916686
52,5,10,150,27,0.0
53,5,10,150,27,0.0
54,5,10,150,27,0.0
55,5,10,150,27,0.0
56,5,10,150,27,0.11781210270929884
57,5,10,150,27,0.1318392860374695
58,5,10,150,27,0.25546756436153767
59,5,10,150,27,0.196961943381685
60,5,10,150,27,0.06541518452970234
61,5,10,150,27,0.0
62,5,10,150,27,0.09586820699422145
63,5,10,150,27,0.0
64,5,10,150,27,0.04759023790187059
65,5,10,150,27,0.2342550150352983
66,5,10,150,27,0.0
67,5,10,150,27,0.0
68,5,10,150,27,0.0
69,5,10,150,27,0.0
70,5,10,150,27,0.0
71,5,10,150,27,0.20758456043036028
72,5,10,150,27,0.10990826949013655
73,5,10,150,27,0.0
74,5,10,150,27,0.0
75,5,10,150,27,0.0
76,5,10,150,27,0.10633668103022985
77,5,10,150,27,0.0
78,5,10,150,27,0.0
79,5,10,150,27,0.0
80,5,10,150,27,0.0
81,5,10,150,27,0.0
82,5,10,150,27,0.0
83,5,10,150,27,0.07414861528507455
84,5,10,150,27,0.0
85,5,10,150,27,0.04734112273659951
86,5,10,150,27,0.0
87,5,10,150,27,0.07869360490688747
88,5,10,150,27,0.0
89,5,10,150,27,0.0
90,5,10,150,27,0.0561326498270945
91,5,10,150,27,0.0
92,5,10,150,27,0.03689608811046497
93,5,10,150,27,0.0
94,5,10,150,27,0.11594902562509127
95,5,10,150,27,0.07849567312219397
96,5,10,150,27,0.0
97,5,10,150,27,0.0
98,5,10,150,27,0.0
99,5,10,150,27,0.05278074934727935
100,5,10,150,27,0.0
101,5,10,150,27,0.0
102,5,10,150,27,0.0
103,5,10,150,27,0.0
104,5,10,150,27,0.33958467175585033
105,5,10,150,27,0.0
106,5,10,150,27,0.06516188295518531
107,5,10,150,27,0.0
109,5,10,150,27,0.16563719724029594
110,5,10,150,27,0.0
111,5,10,150,27,0.0
112,5,10,150,27,0.0
113,5,10,150,27,0.0
114,5,10,150,27,0.08274602130532002
115,5,10,150,27,0.0
116,5,10,150,27,0.0
117,5,10,150,27,0.0
118,5,10,150,27,0.16958010263680806
119,5,10,150,27,0.0
120,5,10,150,27,0.0
121,5,10,150,27,0.13032376591037062
122,5,10,150,27,0.0
123,5,10,150,27,0.07303417492135322
124,5,10,150,27,0.0
125,5,10,150,27,0.05446333035917803
126,5,10,150,27,0.0
128,5,10,150,27,0.0
129,5,10,150,27,0.0
130,5,10,150,27,0.10316878235604186
131,5,10,150,27,0.0
132,5,10,150,27,0.0
133,5,10,150,27,0.0
134,5,10,150,27,0.0
135,5,10,150,27,0.0
136,5,10,150,27,0.0
137,5,10,150,27,0.0
138,5,10,150,27,0.0976168253917686
139,5,10,150,27,0.0
140,5,10,150,27,0.0
141,5,10,150,27,0.0
142,5,10,150,27,0.0
143,5,10,150,27,0.0
144,5,10,150,27,0.0
145,5,10,150,27,0.18855674517849655
146,5,10,150,27,0.0
147,5,10,150,27,0.0
148,5,10,150,27,0.0
149,5,10,150,27,0.0
150,5,10,150,27,0.2640681225725909
151,5,10,150,27,0.0
152,5,10,150,27,0.0
153,5,10,150,27,0.0
154,5,10,150,27,0.0
155,5,10,150,27,0.0
156,5,10,150,27,0.0
157,5,10,150,27,0.0
158,5,10,150,27,0.04759023790187059
159,5,10,150,27,0.23138144801632507
160,5,10,150,27,0.1719271394881576
161,5,10,150,27,0.0
162,5,10,150,27,0.0
163,5,10,150,27,0.0
164,5,10,150,27,0.0
165,5,10,150,27,0.0
167,5,10,150,27,0.05319635904163211
168,5,10,150,27,0.0
169,5,10,150,27,0.0
170,5,10,150,27,0.0
171,5,10,150,27,0.0
173,5,10,150,27,0.0
174,5,10,150,27,0.0
175,5,10,150,27,0.15351022771536424
176,5,10,150,27,0.0
177,5,10,150,27,0.38113435412202
178,5,10,150,27,0.12597398707460816
179,5,10,150,27,0.0
180,5,10,150,27,0.0
181,5,10,150,27,0.06449494922697788
182,5,10,150,27,0.0
183,5,10,150,27,0.15101961822780524
184,5,10,150,27,0.0
185,5,10,150,27,0.0
186,5,10,150,27,0.0
187,5,10,150,27,0.0
188,5,10,150,27,0.07428207290250749
189,5,10,150,27,0.06786785134613488
190,5,10,150,27,0.0
192,5,10,150,27,0.123151194370365
193,5,10,150,27,0.0
194,5,10,150,27,0.0
195,5,10,150,27,0.0647083388415595
196,5,10,150,27,0.0
197,5,10,150,27,0.09546043308946733
198,5,10,150,27,0.0
199,5,10,150,27,0.0
200,5,10,150,27,0.09785159463516042
201,5,10,150,27,0.0
202,5,10,150,27,0.0
203,5,10,150,27,0.0
204,5,10,150,27,0.19519002499605084
205,5,10,150,27,0.0
206,5,10,150,27,0.0
207,5,10,150,27,0.0
208,5,10,150,27,0.0
209,5,10,150,27,0.0
210,5,10,150,27,0.1506292774654168
211,5,10,150,27,0.0
213,5,10,150,27,0.04465281017341861
214,5,10,150,27,0.0
216,5,10,150,27,0.23813231172447274
217,5,10,150,27,0.0
218,5,10,150,27,0.0
219,5,10,150,27,0.0
221,5,10,150,27,0.0
222,5,10,150,27,0.07978565113787724
223,5,10,150,27,0.0
224,5,10,150,27,0.0
225,5,10,150,27,0.0
226,5,10,150,27,0.19092086617893467
227,5,10,150,27,0.0
228,5,10,150,27,0.0
229,5,10,150,27,0.0
230,5,10,150,27,0.08993480096570136
231,5,10,150,27,0.0
232,5,10,150,27,0.0
233,5,10,150,27,0.18978688349077963
234,5,10,150,27,0.0
235,5,10,150,27,0.0
236,5,10,150,27,0.0
237,5,10,150,27,0.19342640361727081
238,5,10,150,27,0.0
239,5,10,150,27,0.06912040963822193
240,5,10,150,27,0.0
241,5,10,150,27,0.0
242,5,10,150,27,0.0
243,5,10,150,27,0.0
244,5,10,150,27,0.049712302565054066
245,5,10,150,27,0.0
246,5,10,150,27,0.0561326498270945
247,5,10,150,27,0.0
248,5,10,150,27,0.0
249,5,10,150,27,0.056720838976548935
250,5,10,150,27,0.0
251,5,10,150,27,0.13032376591037062
252,5,10,150,27,0.0
253,5,10,150,27,0.0
254,5,10,150,27,0.08514311764162098
255,5,10,150,27,0.0
256,5,10,150,27,0.0
257,5,10,150,27,0.07984133538066794
258,5,10,150,27,0.0
259,5,10,150,27,0.067856722420442
260,5,10,150,27,0.0
261,5,10,150,27,0.0
262,5,10,150,27,0.0
263,5,10,150,27,0.0
264,5,10,150,27,0.0
265,5,10,150,27,0.0
266,5,10,150,27,0.0
267,5,10,150,27,0.08680018975145319
268,5,10,150,27,0.049712302565054066
269,5,10,150,27,0.052962244777770985
270,5,10,150,27,0.0
271,5,10,150,27,0.10406177364128634
272,5,10,150,27,0.0
273,5,10,150,27,0.0
274,5,10,150,27,0.0
275,5,10,150,27,0.0
276,5,10,150,27,0.20247499025339383
277,5,10,150,27,0.0
278,5,10,150,27,0.0
279,5,10,150,27,0.07379217622092994
280,5,10,150,27,0.11987424504051505
281,5,10,150,27,0.0
282,5,10,150,27,0.0
283,5,10,150,27,0.0
284,5,10,150,27,0.0
285,5,10,150,27,0.0
286,5,10,150,27,0.028420795802875647
287,5,10,150,27,0.0
288,5,10,150,27,0.0
289,5,10,150,27,0.0
290,5,10,150,27,0.07834851647149511
291,5,10,150,27,0.07828167840727236
292,5,10,150,27,0.0
293,5,10,150,27,0.07379217622092994
294,5,10,150,27,0.0
295,5,10,150,27,0.1710356533975505
296,5,10,150,27,0.07879213539011483
297,5,10,150,27,0.0
298,5,10,150,27,0.0
299,5,10,150,27,0.0
300,5,10,150,27,0.0
301,5,10,150,27,0.06460801587741544
302,5,10,150,27,0.0
303,5,10,150,27,0.050824463628677284
304,5,10,150,27,0.0
305,5,10,150,27,0.11349000778741654
306,5,10,150,27,0.0
307,5,10,150,27,0.10778915452451093
308,5,10,150,27,0.14136398533682168
310,5,10,150,27,0.0
311,5,10,150,27,0.10462176685237631
312,5,10,150,27,0.05897356872503046
313,5,10,150,27,0.11270402374049442
314,5,10,150,27,0.16600564593053876
315,5,10,150,27,0.0
316,5,10,150,27,0.0
317,5,10,150,27,0.0
318,5,10,150,27,0.07262096578122659
319,5,10,150,27,0.0
320,5,10,150,27,0.13927874459665815
321,5,10,150,27,0.0
322,5,10,150,27,0.0
323,5,10,150,27,0.1610425878239398
324,5,10,150,27,0.0
325,5,10,150,27,0.09092803061897883
326,5,10,150,27,0.0
327,5,10,150,27,0.026627818734190897
328,5,10,150,27,0.08307630815203398
329,5,10,150,27,0.0
330,5,10,150,27,0.037210602758860095
331,5,10,150,27,0.0
332,5,10,150,27,0.0650278379951693
334,5,10,150,27,0.0
335,5,10,150,27,0.0
336,5,10,150,27,0.049712302565054066
337,5,10,150,27,0.0
338,5,10,150,27,0.07132875491150918
339,5,10,150,27,0.1430641274918087
340,5,10,150,27,0.0
341,5,10,150,27,0.0
342,5,10,150,27,0.28618631342959844
343,5,10,150,27,0.09229649639444802
344,5,10,150,27,0.1202034973803211
345,5,10,150,27,0.1536414362770729
346,5,10,150,27,0.04366879852493834
347,5,10,150,27,0.1969404851249289
348,5,10,150,27,0.0
349,5,10,150,27,0.0
350,5,10,150,27,0.0
351,5,10,150,27,0.0
352,5,10,150,27,0.0
353,5,10,150,27,0.14434031438272124
354,5,10,150,27,0.06335619058732639
355,5,10,150,27,0.0
356,5,10,150,27,0.0
357,5,10,150,27,0.0
358,5,10,150,27,0.06364028872631156
359,5,10,150,27,0.3010299956639812
360,5,10,150,27,0.07256783117062009
361,5,10,150,27,0.09478836436955078
362,5,10,150,27,0.0
363,5,10,150,27,0.24750400602494121
364,5,10,150,27,0.0
365,5,10,150,27,0.0
366,5,10,150,27,0.0
367,5,10,150,27,0.0
368,5,10,150,27,0.0
369,5,10,150,27,0.0
370,5,10,150,27,0.0
371,5,10,150,27,0.07984133538066794
372,5,10,150,27,0.15130120674940672
373,5,10,150,27,0.22842722979011518
374,5,10,150,27,0.08355028015085576
375,5,10,150,27,0.0
376,5,10,150,27,0.0
377,5,10,150,27,0.0
378,5,10,150,27,0.15076622759569802
379,5,10,150,27,0.0
380,5,10,150,27,0.0
381,5,10,150,27,0.0
382,5,10,150,27,0.05261577455142312
383,5,10,150,27,0.0
384,5,10,150,27,0.0
385,5,10,150,27,0.0
386,5,10,150,27,0.0
387,5,10,150,27,0.06148726205890397
388,5,10,150,27,0.0
389,5,10,150,27,0.061835634441215426
390,5,10,150,27,0.0
391,5,10,150,27,0.11245246430543061
392,5,10,150,27,0.11004588314904008
393,5,10,150,27,0.13375055449506204
394,5,10,150,27,0.09561646229092542
395,5,10,150,27,0.0
396,5,10,150,27,0.0
397,5,10,150,27,0.11004588314904008
398,5,10,150,27,0.21225568458158228
399,5,10,150,27,0.02804794621397926
400,5,10,150,27,0.0
401,5,10,150,27,0.0
402,5,10,150,27,0.0
403,5,10,150,27,0.2529427027676571
404,5,10,150,27,0.0
405,5,10,150,27,0.03520781570702453
406,5,10,150,27,0.07012778292142907
407,5,10,150,27,0.07588203216272543
408,5,10,150,27,0.09983719697789138
409,5,10,150,27,0.0334374913847135
410,5,10,150,27,0.0
411,5,10,150,27,0.17342765698823945
412,5,10,150,27,0.0
413,5,10,150,27,0.0
414,5,10,150,27,0.21398626473452756
415,5,10,150,27,0.0
416,5,10,150,27,0.13471834339705246
417,5,10,150,27,0.06550988515259401
419,5,10,150,27,0.30260241349881345
420,5,10,150,27,0.0
421,5,10,150,27,0.0
422,5,10,150,27,0.0
423,5,10,150,27,0.08440880858250024
424,5,10,150,27,0.0
425,5,10,150,27,0.2082843711703412
426,5,10,150,27,0.13571943816109763
427,5,10,150,27,0.0
428,5,10,150,27,0.0
429,5,10,150,27,0.21109291299693494
430,5,10,150,27,0.1261446714466394
431,5,10,150,27,0.0
432,5,10,150,27,0.0
433,5,10,150,27,0.0
434,5,10,150,27,0.3903800499921017
435,5,10,150,27,0.13992772237059026
436,5,10,150,27,0.06490403551612171
437,5,10,150,27,0.22972973128433707
438,5,10,150,27,0.0
439,5,10,150,27,0.0
440,5,10,150,27,0.0
441,5,10,150,27,0.0
442,5,10,150,27,0.0
443,5,10,150,27,0.0
445,5,10,150,27,0.0
446,5,10,150,27,0.0
447,5,10,150,27,0.21015429952548687
448,5,10,150,27,0.0
449,5,10,150,27,0.04403205443910179
450,5,10,150,27,0.2470964532963944
451,5,10,150,27,0.0
452,5,10,150,27,0.05531631230858006
453,5,10,150,27,0.029956785715628154
454,5,10,150,27,0.0
455,5,10,150,27,0.0
456,5,10,150,27,0.07758828619721583
457,5,10,150,27,0.24836055604515614
458,5,10,150,27,0.0
459,5,10,150,27,0.0
460,5,10,150,27,0.0
461,5,10,150,27,0.0
462,5,10,150,27,0.0
463,5,10,150,27,0.0
464,5,10,150,27,0.0
465,5,10,150,27,0.0
466,5,10,150,27,0.03947525607388688
467,5,10,150,27,0.0
468,5,10,150,27,0.2274029849082819
469,5,10,150,27,0.0
470,5,10,150,27,0.0
471,5,10,150,27,0.0
472,5,10,150,27,0.05813356739350046
473,5,10,150,27,0.08754031530847717
474,5,10,150,27,0.2973928549887462
475,5,10,150,27,0.06516188295518531
476,5,10,150,27,0.0
477,5,10,150,27,0.0
478,5,10,150,27,0.18414433770856484
479,5,10,150,27,0.08209434832842019
480,5,10,150,27,0.21398626473452756
481,5,10,150,27,0.07303417492135322
482,5,10,150,27,0.0
483,5,10,150,27,0.06912040963822193
484,5,10,150,27,0.0670763833223781
485,5,10,150,27,0.0
486,5,10,150,27,0.06761500834540173
487,5,10,150,27,0.11214662548205799
488,5,10,150,27,0.0
489,5,10,150,27,0.0
490,5,10,150,27,0.0
491,5,10,150,27,0.19092086617893467
492,5,10,150,27,0.043134162606390795
493,5,10,150,27,0.0
494,5,10,150,27,0.0
495,5,10,150,27,0.11695783215678135
496,5,10,150,27,0.05459112561892713
497,5,10,150,27,0.0
498,5,10,150,27,0.03855307727568851
499,5,10,150,27,0.1912282106369008
500,5,10,150,27,0.03520781570702453
501,5,10,150,27,0.0
502,5,10,150,27,0.06364028872631156
503,5,10,150,27,0.11512519173374486
504,5,10,150,27,0.0
505,5,10,150,27,0.0
506,5,10,150,27,0.05241523340125743
507,5,10,150,27,0.0
508,5,10,150,27,0.0
509,5,10,150,27,0.06474271459046577
510,5,10,150,27,0.0
511,5,10,150,27,0.0
512,5,10,150,27,0.0
513,5,10,150,27,0.0
514,5,10,150,27,0.10850659438150846
515,5,10,150,27,0.0
516,5,10,150,27,0.0
517,5,10,150,27,0.0
518,5,10,150,27,0.0
519,5,10,150,27,0.0
520,5,10,150,27,0.0
521,5,10,150,27,0.0
522,5,10,150,27,0.0
523,5,10,150,27,0.0316088333445714
524,5,10,150,27,0.12055473292040692
525,5,10,150,27,0.0
526,5,10,150,27,0.0
527,5,10,150,27,0.12265062558661
528,5,10,150,27,0.05780700008370542
529,5,10,150,27,0.0
530,5,10,150,27,0.0
531,5,10,150,27,0.0
532,5,10,150,27,0.0
533,5,10,150,27,0.17063137535451478
534,5,10,150,27,0.04084531701587904
535,5,10,150,27,0.2827716161857938
536,5,10,150,27,0.22412893771219464
537,5,10,150,27,0.3488928216781418
538,5,10,150,27,0.0
539,5,10,150,27,0.06794340091829075
540,5,10,150,27,0.0
541,5,10,150,27,0.05783354026290279
542,5,10,150,27,0.12627825946936164
543,5,10,150,27,0.0
544,5,10,150,27,0.0
545,5,10,150,27,0.052962244777770985
546,5,10,150,27,0.11781210270929884
547,5,10,150,27,0.0
548,5,10,150,27,0.0
549,5,10,150,27,0.0
550,5,10,150,27,0.0
551,5,10,150,27,0.3380328215258517
552,5,10,150,27,0.0
553,5,10,150,27,0.13262997582871638
554,5,10,150,27,0.16600564593053876
555,5,10,150,27,0.0
556,5,10,150,27,0.046823654699505654
557,5,10,150,27,0.0
558,5,10,150,27,0.0
559,5,10,150,27,0.0734773909038217
560,5,10,150,27,0.1668756843611104
561,5,10,150,27,0.0
562,5,10,150,27,0.0
563,5,10,150,27,0.0
564,5,10,150,27,0.0
565,5,10,150,27,0.10523285614729473
566,5,10,150,27,0.15593373002931213
567,5,10,150,27,0.0721039038174895
568,5,10,150,27,0.0
569,5,10,150,27,0.0
570,5,10,150,27,0.0
571,5,10,150,27,0.0
572,5,10,150,27,0.0
573,5,10,150,27,0.0
574,5,10,150,27,0.0
575,5,10,150,27,0.0
576,5,10,150,27,0.17342765698823945
577,5,10,150,27,0.21387598678429567
578,5,10,150,27,0.0
579,5,10,150,27,0.0
580,5,10,150,27,0.10209739512291163
581,5,10,150,27,0.0
582,5,10,150,27,0.0
583,5,10,150,27,0.0
584,5,10,150,27,0.0
585,5,10,150,27,0.0
586,5,10,150,27,0.08366441437489477
587,5,10,150,27,0.0
588,5,10,150,27,0.2256529428258403
589,5,10,150,27,0.0
590,5,10,150,27,0.18511573258657482
591,5,10,150,27,0.15758427078022966
592,5,10,150,27,0.24321402754250923
593,5,10,150,27,0.11695783215678135
594,5,10,150,27,0.0843142342558857
595,5,10,150,27,0.0
596,5,10,150,27,0.0
597,5,10,150,27,0.0
598,5,10,150,27,0.11752277470724268
599,5,10,150,27,0.0
600,5,10,150,27,0.0
601,5,10,150,27,0.026557570376145638
602,5,10,150,27,0.0
603,5,10,150,27,0.06194403202282284
604,5,10,150,27,0.0
605,5,10,150,27,0.04265230456965118
606,5,10,150,27,0.21773695415105357
607,5,10,150,27,0.0
608,5,10,150,27,0.126140293880171
609,5,10,150,27,0.11838279295536291
610,5,10,150,27,0.0
611,5,10,150,27,0.0
612,5,10,150,27,0.0
613,5,10,150,27,0.15130120674940672
614,5,10,150,27,0.13886244387355454
615,5,10,150,27,0.0
616,5,10,150,27,0.049432410190049694
617,5,10,150,27,0.04166122040281927
618,5,10,150,27,0.19230533102953526
619,5,10,150,27,0.1303945739341477
620,5,10,150,27,0.030718920234936747
621,5,10,150,27,0.11695783215678135
622,5,10,150,27,0.17134563765192143
623,5,10,150,27,0.0
624,5,10,150,27,0.0
625,5,10,150,27,0.0
626,5,10,150,27,0.0
627,5,10,150,27,0.033808395438916686
628,5,10,150,27,0.0
629,5,10,150,27,0.0932684859997113
630,5,10,150,27,0.09942460513010813
631,5,10,150,27,0.0
632,5,10,150,27,0.2734809678448551
633,5,10,150,27,0.0455520698635181
634,5,10,150,27,0.024328936401209596
635,5,10,150,27,0.0
636,5,10,150,27,0.0
637,5,10,150,27,0.0
638,5,10,150,27,0.15473934503245962
639,5,10,150,27,0.0
640,5,10,150,27,0.0637867864178444
641,5,10,150,27,0.0
642,5,10,150,27,0.08141342370615827
643,5,10,150,27,0.1775675195826713
644,5,10,150,27,0.0
645,5,10,150,27,0.16814998456293873
646,5,10,150,27,0.0
647,5,10,150,27,0.03673869545191085
648,5,10,150,27,0.09211386400013757
649,5,10,150,27,0.0
650,5,10,150,27,0.0
651,5,10,150,27,0.0
652,5,10,150,27,0.0
653,5,10,150,27,0.06684671869932336
654,5,10,150,27,0.14689412786166903
655,5,10,150,27,0.25488750313058994
656,5,10,150,27,0.0
657,5,10,150,27,0.053845569940583225
658,5,10,150,27,0.0
659,5,10,150,27,0.053799295338633146
660,5,10,150,27,0.0
661,5,10,150,27,0.08812129891829917
662,5,10,150,27,0.0
663,5,10,150,27,0.1105834601599674
664,5,10,150,27,0.07110071722159221
665,5,10,150,27,0.0
666,5,10,150,27,0.11695783215678135
667,5,10,150,27,0.19635793579928928
668,5,10,150,27,0.0
669,5,10,150,27,0.24251584861445877
670,5,10,150,27,0.12157378658832337
671,5,10,150,27,0.15895559631749545
672,5,10,150,27,0.0
673,5,10,150,27,0.0
674,5,10,150,27,0.0
675,5,10,150,27,0.05010834716923557
676,5,10,150,27,0.0
677,5,10,150,27,0.03927489746221688
678,5,10,150,27,0.0
679,5,10,150,27,0.213690313463914
680,5,10,150,27,0.2073612289146658
681,5,10,150,27,0.0
682,5,10,150,27,0.1667621409878629
683,5,10,150,27,0.03719976603506465
684,5,10,150,27,0.0
685,5,10,150,27,0.0
686,5,10,150,27,0.08962483220812449
687,5,10,150,27,0.0
688,5,10,150,27,0.0
689,5,10,150,27,0.27487633291429087
690,5,10,150,27,0.0
691,5,10,150,27,0.0
692,5,10,150,27,0.0
693,5,10,150,27,0.0
694,5,10,150,27,0.1392893689967242
695,5,10,150,27,0.0
696,5,10,150,27,0.0
697,5,10,150,27,0.0503709965930082
698,5,10,150,27,0.11695783215678135
699,5,10,150,27,0.0
700,5,10,150,27,0.16958010263680806
701,5,10,150,27,0.04129602134854855
702,5,10,150,27,0.0
703,5,10,150,27,0.0
704,5,10,150,27,0.03898594405226045
705,5,10,150,27,0.06177840533397684
706,5,10,150,27,0.0
707,5,10,150,27,0.09470314175528224
708,5,10,150,27,0.0
709,5,10,150,27,0.09038256719752844
710,5,10,150,27,0.058478916078390675
711,5,10,150,27,0.12972437366563347
712,5,10,150,27,0.08188479632681792
713,5,10,150,27,0.0
714,5,10,150,27,0.04195229264874745
715,5,10,150,27,0.1154533966237492
716,5,10,150,27,0.14850666804323742
717,5,10,150,27,0.1671511698578214
718,5,10,150,27,0.0
719,5,10,150,27,0.09062728932377442
720,5,10,150,27,0.05261577455142312
721,5,10,150,27,0.11695783215678135
722,5,10,150,27,0.0
723,5,10,150,27,0.0
724,5,10,150,27,0.0
725,5,10,150,27,0.05750402108673013
726,5,10,150,27,0.2529427027676571
727,5,10,150,27,0.15809126524125536
728,5,10,150,27,0.0
729,5,10,150,27,0.0
730,5,10,150,27,0.0
731,5,10,150,27,0.0
732,5,10,150,27,0.0
733,5,10,150,27,0.0
734,5,10,150,27,0.03861623877555839
735,5,10,150,27,0.0
736,5,10,150,27,0.0
737,5,10,150,27,0.16282663249631943
738,5,10,150,27,0.32713283722685577
739,5,10,150,27,0.0
740,5,10,150,27,0.0
741,5,10,150,27,0.09191620748975157
742,5,10,150,27,0.0
743,5,10,150,27,0.0
744,5,10,150,27,0.0
745,5,10,150,27,0.33763622740733124
746,5,10,150,27,0.06231559189727937
747,5,10,150,27,0.40645544409978496
748,5,10,150,27,0.24393930505350583
749,5,10,150,27,0.18926975160904333
750,5,10,150,27,0.07219614103266732
751,5,10,150,27,0.08303875337782848
752,5,10,150,27,0.0
753,5,10,150,27,0.09523506266349818
754,5,10,150,27,0.0
755,5,10,150,27,0.0
756,5,10,150,27,0.025855251523675002
757,5,10,150,27,0.0
758,5,10,150,27,0.1602141693697913
759,5,10,150,27,0.0
760,5,10,150,27,0.0791475180064264
761,5,10,150,27,0.03339755935325358
762,5,10,150,27,0.0647083388415595
763,5,10,150,27,0.2885131090120386
764,5,10,150,27,0.07787002791670024
765,5,10,150,27,0.0
766,5,10,150,27,0.08440534427069173
767,5,10,150,27,0.2073612289146658
768,5,10,150,27,0.07655078846581868
769,5,10,150,27,0.0
770,5,10,150,27,0.0
771,5,10,150,27,0.05745161501307098
772,5,10,150,27,0.0
773,5,10,150,27,0.13754535671783805
774,5,10,150,27,0.05285489028922487
775,5,10,150,27,0.0
776,5,10,150,27,0.1162593305328025
777,5,10,150,27,0.07593877439304607
778,5,10,150,27,0.0
779,5,10,150,27,0.05878132199396477
780,5,10,150,27,0.04759023790187059
781,5,10,150,27,0.21898681539091044
782,5,10,150,27,0.0
783,5,10,150,27,0.0
784,5,10,150,27,0.0
785,5,10,150,27,0.048159222084064895
786,5,10,150,27,0.17343763854261612
787,5,10,150,27,0.0683037314796457
788,5,10,150,27,0.3137514717663251
789,5,10,150,27,0.059109628562248356
790,5,10,150,27,0.1175412221705449
791,5,10,150,27,0.0
792,5,10,150,27,0.0
793,5,10,150,27,0.0
794,5,10,150,27,0.1678954833056024
795,5,10,150,27,0.14856430086465017
796,5,10,150,27,0.4203816983762134
797,5,10,150,27,0.046287481291184845
798,5,10,150,27,0.13124762869995368
799,5,10,150,27,0.0
800,5,10,150,27,0.0
801,5,10,150,27,0.0
802,5,10,150,27,0.03160646870786882
803,5,10,150,27,0.0
804,5,10,150,27,0.17532720944226893
805,5,10,150,27,0.16973326114252174
806,5,10,150,27,0.20846914039616207
807,5,10,150,27,0.15133824582098512
808,5,10,150,27,0.0
809,5,10,150,27,0.0
810,5,10,150,27,0.0
811,5,10,150,27,0.0
812,5,10,150,27,0.0
813,5,10,150,27,0.17367331957930765
814,5,10,150,27,0.060961917527339995
815,5,10,150,27,0.30060896595916115
816,5,10,150,27,0.041774375925183446
817,5,10,150,27,0.0
818,5,10,150,27,0.0
819,5,10,150,27,0.0458402539699961
820,5,10,150,27,0.0
821,5,10,150,27,0.07801052850123319
822,5,10,150,27,0.0
823,5,10,150,27,0.271297129791646
824,5,10,150,27,0.0
825,5,10,150,27,0.04524546569791721
826,5,10,150,27,0.0709006784420146
827,5,10,150,27,0.0
828,5,10,150,27,0.0755564948895123
829,5,10,150,27,0.12496971565547894
830,5,10,150,27,0.05481861292839955
831,5,10,150,27,0.0960228659850268
832,5,10,150,27,0.0
833,5,10,150,27,0.2588989797563496
834,5,10,150,27,0.0
835,5,10,150,27,0.033808395438916686
836,5,10,150,27,0.05823597777878099
837,5,10,150,27,0.0
838,5,10,150,27,0.08823335177461612
839,5,10,150,27,0.03322541746578526
840,5,10,150,27,0.3375681719028046
841,5,10,150,27,0.0
842,5,10,150,27,0.03314153504336938
843,5,10,150,27,0.18333892655802117
844,5,10,150,27,0.15937098852096268
845,5,10,150,27,0.0
846,5,10,150,27,0.29385580568280145
847,5,10,150,27,0.0
848,5,10,150,27,0.054424956335699444
849,5,10,150,27,0.0
850,5,10,150,27,0.033419004650597904
851,5,10,150,27,0.34343120953651896
852,5,10,150,27,0.0
853,5,10,150,27,0.0
854,5,10,150,27,0.2287539508511962
855,5,10,150,27,0.0
856,5,10,150,27,0.0
857,5,10,150,27,0.0
858,5,10,150,27,0.0
859,5,10,150,27,0.0
860,5,10,150,27,0.0
861,5,10,150,27,0.09836355940276224
862,5,10,150,27,0.12300146338861381
863,5,10,150,27,0.0
864,5,10,150,27,0.3070171731817018
865,5,10,150,27,0.0
866,5,10,150,27,0.04622440829742681
867,5,10,150,27,0.3016347007833512
868,5,10,150,27,0.19832526499524347
869,5,10,150,27,0.030718920234936747
870,5,10,150,27,0.1998130615676611
871,5,10,150,27,0.1267349096642686
872,5,10,150,27,0.0
873,5,10,150,27,0.0
874,5,10,150,27,0.06575393297476358
875,5,10,150,27,0.24773404599217816
876,5,10,150,27,0.0
877,5,10,150,27,0.04524546569791721
878,5,10,150,27,0.07963078043742464
879,5,10,150,27,0.04258528250242427
880,5,10,150,27,0.47831497959286223
881,5,10,150,27,0.4887045421508639
882,5,10,150,27,0.24059651786047764
883,5,10,150,27,0.3778144968914706
884,5,10,150,27,0.028767091820622218
885,5,10,150,27,0.15852925069077334
886,5,10,150,27,0.3029331987889266
887,5,10,150,27,0.12901861151564353
888,5,10,150,27,0.0
889,5,10,150,27,0.4258641925350184
890,5,10,150,27,0.42260183103563614
891,5,10,150,27,0.0
892,5,10,150,27,0.4225310849202437
893,5,10,150,27,0.05722195429242634
894,5,10,150,27,0.29809011542762537
895,5,10,150,27,0.0
896,5,10,150,27,0.5122867319374134
897,5,10,150,27,0.13431798843730303
898,5,10,150,27,0.0
899,5,10,150,27,0.27698725634126936
900,5,10,150,27,0.04588516391390306
901,5,10,150,27,0.322036550215711
902,5,10,150,27,0.02706149421947509
903,5,10,150,27,0.46450758839017137
904,5,10,150,27,0.0
905,5,10,150,27,0.08773956418811966
906,5,10,150,27,0.0
907,5,10,150,27,0.21936380541984035
908,5,10,150,27,0.20171453654038637
909,5,10,150,27,0.0
910,5,10,150,27,0.17687118218174996
911,5,10,150,27,0.08018477012288759
912,5,10,150,27,0.058478916078390675
913,5,10,150,27,0.21297504178234372
914,5,10,150,27,0.0
915,5,10,150,27,0.0
916,5,10,150,27,0.337705559700424
917,5,10,150,27,0.0
918,5,10,150,27,0.0
919,5,10,150,27,0.20815069229521277
920,5,10,150,27,0.26814570941777965
921,5,10,150,27,0.04524546569791721
922,5,10,150,27,0.08685031679137967
923,5,10,150,27,0.057810060515287136
924,5,10,150,27,0.06325576192100378
925,5,10,150,27,0.039791360812020615
926,5,10,150,27,0.18690891198435525
927,5,10,150,27,0.12103209539697894
928,5,10,150,27,0.08352144807379756
929,5,10,150,27,0.058478916078390675
930,5,10,150,27,0.08366441437489477
931,5,10,150,27,0.02804794621397926
932,5,10,150,27,0.34259907181434435
933,5,10,150,27,0.09535115985167318
934,5,10,150,27,0.10394875786295922
935,5,10,150,27,0.0
936,5,10,150,27,0.1444907483345269
937,5,10,150,27,0.07685193440578604
938,5,10,150,27,0.1255146816266673
939,5,10,150,27,0.03689608811046497
940,5,10,150,27,0.12756630389295795
941,5,10,150,27,0.17060921827860473
942,5,10,150,27,0.07633346880339471
943,5,10,150,27,0.29565060259974074
1,5,10,150,28,0.4058715898896693
2,5,10,150,28,0.0
3,5,10,150,28,0.0
4,5,10,150,28,0.0
5,5,10,150,28,0.04470486007704452
6,5,10,150,28,0.04187254809446048
7,5,10,150,28,0.035079093545523896
8,5,10,150,28,0.0
9,5,10,150,28,0.0
10,5,10,150,28,0.21422665043052946
11,5,10,150,28,0.03947525607388688
12,5,10,150,28,0.0
13,5,10,150,28,0.31908103980917757
14,5,10,150,28,0.18795160328752808
15,5,10,150,28,0.0
16,5,10,150,28,0.11062750966338458
17,5,10,150,28,0.0
18,5,10,150,28,0.1528843013006747
19,5,10,150,28,0.0
20,5,10,150,28,0.13743816645714543
21,5,10,150,28,0.1265754929129826
22,5,10,150,28,0.0
23,5,10,150,28,0.06541518452970234
24,5,10,150,28,0.05010834716923557
25,5,10,150,28,0.23940867474021393
26,5,10,150,28,0.0
27,5,10,150,28,0.0
28,5,10,150,28,0.0
30,5,10,150,28,0.08133484538841967
31,5,10,150,28,0.0
32,5,10,150,28,0.19519002499605084
33,5,10,150,28,0.0
34,5,10,150,28,0.0
35,5,10,150,28,0.0
37,5,10,150,28,0.08177471774917201
38,5,10,150,28,0.0
39,5,10,150,28,0.0
40,5,10,150,28,0.0
41,5,10,150,28,0.06835476917178976
42,5,10,150,28,0.08850778826764391
43,5,10,150,28,0.0
44,5,10,150,28,0.23527481054060173
45,5,10,150,28,0.0
46,5,10,150,28,0.0
47,5,10,150,28,0.0
48,5,10,150,28,0.0
49,5,10,150,28,0.033808395438916686
52,5,10,150,28,0.0
53,5,10,150,28,0.0
54,5,10,150,28,0.0
55,5,10,150,28,0.0
56,5,10,150,28,0.11781210270929884
57,5,10,150,28,0.1318392860374695
58,5,10,150,28,0.25546756436153767
59,5,10,150,28,0.19233148606048747
60,5,10,150,28,0.06541518452970234
61,5,10,150,28,0.0
62,5,10,150,28,0.09586820699422145
63,5,10,150,28,0.0
64,5,10,150,28,0.04759023790187059
65,5,10,150,28,0.2342550150352983
66,5,10,150,28,0.0
67,5,10,150,28,0.0
68,5,10,150,28,0.0
69,5,10,150,28,0.0
70,5,10,150,28,0.0
71,5,10,150,28,0.20758456043036028
72,5,10,150,28,0.10990826949013655
73,5,10,150,28,0.0
74,5,10,150,28,0.0
75,5,10,150,28,0.0
76,5,10,150,28,0.10633668103022985
77,5,10,150,28,0.0
78,5,10,150,28,0.0
79,5,10,150,28,0.0
80,5,10,150,28,0.0
81,5,10,150,28,0.0
82,5,10,150,28,0.0
83,5,10,150,28,0.07414861528507455
84,5,10,150,28,0.0
85,5,10,150,28,0.04734112273659951
86,5,10,150,28,0.0
87,5,10,150,28,0.07869360490688747
88,5,10,150,28,0.0
89,5,10,150,28,0.0
90,5,10,150,28,0.0561326498270945
91,5,10,150,28,0.0
92,5,10,150,28,0.03602868317740349
93,5,10,150,28,0.0
94,5,10,150,28,0.1132231334787542
95,5,10,150,28,0.07849567312219397
96,5,10,150,28,0.0
97,5,10,150,28,0.0
98,5,10,150,28,0.0
99,5,10,150,28,0.05278074934727935
100,5,10,150,28,0.0
101,5,10,150,28,0.0
102,5,10,150,28,0.0
103,5,10,150,28,0.0
104,5,10,150,28,0.33958467175585033
105,5,10,150,28,0.0
106,5,10,150,28,0.06516188295518531
107,5,10,150,28,0.0
109,5,10,150,28,0.16563719724029594
110,5,10,150,28,0.0
111,5,10,150,28,0.0
112,5,10,150,28,0.0
113,5,10,150,28,0.0
114,5,10,150,28,0.08274602130532002
115,5,10,150,28,0.0
116,5,10,150,28,0.0
117,5,10,150,28,0.0
118,5,10,150,28,0.16958010263680806
119,5,10,150,28,0.0
120,5,10,150,28,0.0
121,5,10,150,28,0.13032376591037062
122,5,10,150,28,0.0
123,5,10,150,28,0.07303417492135322
124,5,10,150,28,0.0
125,5,10,150,28,0.05446333035917803
126,5,10,150,28,0.0
128,5,10,150,28,0.0
129,5,10,150,28,0.0
130,5,10,150,28,0.12848269861902195
131,5,10,150,28,0.0
132,5,10,150,28,0.0
133,5,10,150,28,0.0
134,5,10,150,28,0.0
135,5,10,150,28,0.0
136,5,10,150,28,0.0
137,5,10,150,28,0.0
138,5,10,150,28,0.0976168253917686
139,5,10,150,28,0.0
140,5,10,150,28,0.0
141,5,10,150,28,0.0
142,5,10,150,28,0.0
143,5,10,150,28,0.0
144,5,10,150,28,0.0
145,5,10,150,28,0.18412388903287563
146,5,10,150,28,0.0
147,5,10,150,28,0.0
148,5,10,150,28,0.0
149,5,10,150,28,0.0
150,5,10,150,28,0.2640681225725909
151,5,10,150,28,0.0
152,5,10,150,28,0.0
153,5,10,150,28,0.0
154,5,10,150,28,0.0
155,5,10,150,28,0.0
156,5,10,150,28,0.0
157,5,10,150,28,0.0
158,5,10,150,28,0.04759023790187059
159,5,10,150,28,0.23138144801632507
160,5,10,150,28,0.1719271394881576
161,5,10,150,28,0.0
162,5,10,150,28,0.0
163,5,10,150,28,0.0
164,5,10,150,28,0.0
165,5,10,150,28,0.0
167,5,10,150,28,0.05319635904163211
168,5,10,150,28,0.0
169,5,10,150,28,0.0
170,5,10,150,28,0.0
171,5,10,150,28,0.0
173,5,10,150,28,0.0
174,5,10,150,28,0.0
175,5,10,150,28,0.15351022771536424
176,5,10,150,28,0.0
177,5,10,150,28,0.38113435412202
178,5,10,150,28,0.12597398707460816
179,5,10,150,28,0.0
180,5,10,150,28,0.06228974831361337
181,5,10,150,28,0.0629787115990337
182,5,10,150,28,0.0
183,5,10,150,28,0.15101961822780524
184,5,10,150,28,0.0
185,5,10,150,28,0.0
186,5,10,150,28,0.0
187,5,10,150,28,0.0
188,5,10,150,28,0.07428207290250749
189,5,10,150,28,0.06786785134613488
190,5,10,150,28,0.0
192,5,10,150,28,0.123151194370365
193,5,10,150,28,0.0
194,5,10,150,28,0.0
195,5,10,150,28,0.0647083388415595
196,5,10,150,28,0.0
197,5,10,150,28,0.09546043308946733
198,5,10,150,28,0.0
199,5,10,150,28,0.0
200,5,10,150,28,0.09785159463516042
201,5,10,150,28,0.0
202,5,10,150,28,0.0
203,5,10,150,28,0.0
204,5,10,150,28,0.19519002499605084
205,5,10,150,28,0.0
206,5,10,150,28,0.0
207,5,10,150,28,0.0
208,5,10,150,28,0.0
209,5,10,150,28,0.0
210,5,10,150,28,0.1506292774654168
211,5,10,150,28,0.0
213,5,10,150,28,0.04465281017341861
214,5,10,150,28,0.0
216,5,10,150,28,0.23813231172447274
217,5,10,150,28,0.0
218,5,10,150,28,0.0
219,5,10,150,28,0.0
221,5,10,150,28,0.0
222,5,10,150,28,0.1050995674008573
223,5,10,150,28,0.0
224,5,10,150,28,0.0
225,5,10,150,28,0.0
226,5,10,150,28,0.19092086617893467
227,5,10,150,28,0.0
228,5,10,150,28,0.0
229,5,10,150,28,0.0
230,5,10,150,28,0.08993480096570136
231,5,10,150,28,0.0
232,5,10,150,28,0.0
233,5,10,150,28,0.18978688349077963
234,5,10,150,28,0.0
235,5,10,150,28,0.0
236,5,10,150,28,0.0
237,5,10,150,28,0.19342640361727081
238,5,10,150,28,0.0
239,5,10,150,28,0.06912040963822193
240,5,10,150,28,0.0
241,5,10,150,28,0.0
242,5,10,150,28,0.0
243,5,10,150,28,0.0
244,5,10,150,28,0.049712302565054066
245,5,10,150,28,0.0
246,5,10,150,28,0.0561326498270945
247,5,10,150,28,0.0
248,5,10,150,28,0.0
249,5,10,150,28,0.056720838976548935
250,5,10,150,28,0.0
251,5,10,150,28,0.13032376591037062
252,5,10,150,28,0.0
253,5,10,150,28,0.0
254,5,10,150,28,0.08514311764162098
255,5,10,150,28,0.0
256,5,10,150,28,0.0
257,5,10,150,28,0.07984133538066794
258,5,10,150,28,0.0
259,5,10,150,28,0.067856722420442
260,5,10,150,28,0.0
261,5,10,150,28,0.0
262,5,10,150,28,0.0
263,5,10,150,28,0.0
264,5,10,150,28,0.0
265,5,10,150,28,0.0
266,5,10,150,28,0.0
267,5,10,150,28,0.08680018975145319
268,5,10,150,28,0.049712302565054066
269,5,10,150,28,0.052962244777770985
270,5,10,150,28,0.0
271,5,10,150,28,0.10406177364128634
272,5,10,150,28,0.0
273,5,10,150,28,0.0
274,5,10,150,28,0.0
275,5,10,150,28,0.0
276,5,10,150,28,0.19771492450220768
277,5,10,150,28,0.0
278,5,10,150,28,0.0
279,5,10,150,28,0.07205736635480697
280,5,10,150,28,0.11987424504051505
281,5,10,150,28,0.0
282,5,10,150,28,0.0
283,5,10,150,28,0.0
284,5,10,150,28,0.0
285,5,10,150,28,0.0
286,5,10,150,28,0.028420795802875647
287,5,10,150,28,0.0
288,5,10,150,28,0.0
289,5,10,150,28,0.0
290,5,10,150,28,0.07834851647149511
291,5,10,150,28,0.07828167840727236
292,5,10,150,28,0.0
293,5,10,150,28,0.07205736635480697
294,5,10,150,28,0.0
295,5,10,150,28,0.1710356533975505
296,5,10,150,28,0.07879213539011483
297,5,10,150,28,0.0
298,5,10,150,28,0.0
299,5,10,150,28,0.0
300,5,10,150,28,0.0
301,5,10,150,28,0.06460801587741544
302,5,10,150,28,0.0
303,5,10,150,28,0.049629610929395745
304,5,10,150,28,0.0
305,5,10,150,28,0.11349000778741654
306,5,10,150,28,0.0
307,5,10,150,28,0.10778915452451093
308,5,10,150,28,0.13804060270961
310,5,10,150,28,0.0
311,5,10,150,28,0.10462176685237631
312,5,10,150,28,0.05897356872503046
313,5,10,150,28,0.11270402374049442
314,5,10,150,28,0.16600564593053876
315,5,10,150,28,0.0
316,5,10,150,28,0.0
317,5,10,150,28,0.0
318,5,10,150,28,0.07262096578122659
319,5,10,150,28,0.0
320,5,10,150,28,0.13927874459665815
321,5,10,150,28,0.0
322,5,10,150,28,0.0
323,5,10,150,28,0.1610425878239398
324,5,10,150,28,0.0
325,5,10,150,28,0.09092803061897883
326,5,10,150,28,0.0
327,5,10,150,28,0.026001814664123827
328,5,10,150,28,0.10463263496827147
329,5,10,150,28,0.0
330,5,10,150,28,0.037210602758860095
331,5,10,150,28,0.0
332,5,10,150,28,0.0650278379951693
334,5,10,150,28,0.0
335,5,10,150,28,0.0
336,5,10,150,28,0.049712302565054066
337,5,10,150,28,0.0
338,5,10,150,28,0.07132875491150918
339,5,10,150,28,0.1430641274918087
340,5,10,150,28,0.0
341,5,10,150,28,0.0
342,5,10,150,28,0.28618631342959844
343,5,10,150,28,0.09229649639444802
344,5,10,150,28,0.1202034973803211
345,5,10,150,28,0.1536414362770729
346,5,10,150,28,0.04366879852493834
347,5,10,150,28,0.1969404851249289
348,5,10,150,28,0.0
349,5,10,150,28,0.0
350,5,10,150,28,0.0
351,5,10,150,28,0.0
352,5,10,150,28,0.0
353,5,10,150,28,0.14434031438272124
354,5,10,150,28,0.06335619058732639
355,5,10,150,28,0.0
356,5,10,150,28,0.0
357,5,10,150,28,0.0
358,5,10,150,28,0.06364028872631156
359,5,10,150,28,0.3010299956639812
360,5,10,150,28,0.07256783117062009
361,5,10,150,28,0.09478836436955078
362,5,10,150,28,0.0
363,5,10,150,28,0.26519473614594397
364,5,10,150,28,0.0
365,5,10,150,28,0.0
366,5,10,150,28,0.0
367,5,10,150,28,0.0
368,5,10,150,28,0.0
369,5,10,150,28,0.0
370,5,10,150,28,0.0
371,5,10,150,28,0.07984133538066794
372,5,10,150,28,0.15130120674940672
373,5,10,150,28,0.22842722979011518
374,5,10,150,28,0.0815860631058253
375,5,10,150,28,0.0
376,5,10,150,28,0.0
377,5,10,150,28,0.0
378,5,10,150,28,0.14722180388432665
379,5,10,150,28,0.0
380,5,10,150,28,0.0
381,5,10,150,28,0.0
382,5,10,150,28,0.05261577455142312
383,5,10,150,28,0.0
384,5,10,150,28,0.0
385,5,10,150,28,0.0
386,5,10,150,28,0.0
387,5,10,150,28,0.06148726205890397
388,5,10,150,28,0.0
389,5,10,150,28,0.06038191571112372
390,5,10,150,28,0.0
391,5,10,150,28,0.11245246430543061
392,5,10,150,28,0.11004588314904008
393,5,10,150,28,0.13060615906697814
394,5,10,150,28,0.11969186157183802
395,5,10,150,28,0.0
396,5,10,150,28,0.0
397,5,10,150,28,0.11004588314904008
398,5,10,150,28,0.21225568458158228
399,5,10,150,28,0.02738855579742861
400,5,10,150,28,0.0
401,5,10,150,28,0.0
402,5,10,150,28,0.0
403,5,10,150,28,0.2529427027676571
404,5,10,150,28,0.0
405,5,10,150,28,0.034380101046999886
406,5,10,150,28,0.06847912074703831
407,5,10,150,28,0.07409809103510194
408,5,10,150,28,0.09983719697789138
409,5,10,150,28,0.0334374913847135
410,5,10,150,28,0.0
411,5,10,150,28,0.17342765698823945
412,5,10,150,28,0.0
413,5,10,150,28,0.0
414,5,10,150,28,0.21398626473452756
415,5,10,150,28,0.0
416,5,10,150,28,0.1315511958315269
417,5,10,150,28,0.0895852844335066
419,5,10,150,28,0.30260241349881345
420,5,10,150,28,0.0
421,5,10,150,28,0.0
422,5,10,150,28,0.0
423,5,10,150,28,0.08440880858250024
424,5,10,150,28,0.0
425,5,10,150,28,0.2082843711703412
426,5,10,150,28,0.13571943816109763
427,5,10,150,28,0.0
428,5,10,150,28,0.0
429,5,10,150,28,0.20613024504363703
430,5,10,150,28,0.1261446714466394
431,5,10,150,28,0.0
432,5,10,150,28,0.0
433,5,10,150,28,0.0
434,5,10,150,28,0.3903800499921017
435,5,10,150,28,0.1366381054254843
436,5,10,150,28,0.06490403551612171
437,5,10,150,28,0.22972973128433707
438,5,10,150,28,0.0
439,5,10,150,28,0.0
440,5,10,150,28,0.0
441,5,10,150,28,0.0
442,5,10,150,28,0.0
443,5,10,150,28,0.0
445,5,10,150,28,0.0
446,5,10,150,28,0.0
447,5,10,150,28,0.21015429952548687
448,5,10,150,28,0.0
449,5,10,150,28,0.04403205443910179
450,5,10,150,28,0.24128736367449224
451,5,10,150,28,0.0
452,5,10,150,28,0.05531631230858006
453,5,10,150,28,0.029956785715628154
454,5,10,150,28,0.0
455,5,10,150,28,0.0
456,5,10,150,28,0.07758828619721583
457,5,10,150,28,0.24252174812474794
458,5,10,150,28,0.0
459,5,10,150,28,0.0
460,5,10,150,28,0.0
461,5,10,150,28,0.0
462,5,10,150,28,0.0
463,5,10,150,28,0.0
464,5,10,150,28,0.0
465,5,10,150,28,0.0
466,5,10,150,28,0.03947525607388688
467,5,10,150,28,0.0
468,5,10,150,28,0.2274029849082819
469,5,10,150,28,0.0
470,5,10,150,28,0.0
471,5,10,150,28,0.0
472,5,10,150,28,0.05676688204239728
473,5,10,150,28,0.08754031530847717
474,5,10,150,28,0.2904013270874099
475,5,10,150,28,0.06516188295518531
476,5,10,150,28,0.0
477,5,10,150,28,0.0
478,5,10,150,28,0.18414433770856484
479,5,10,150,28,0.08016435936852441
480,5,10,150,28,0.21398626473452756
481,5,10,150,28,0.07303417492135322
482,5,10,150,28,0.0
483,5,10,150,28,0.06912040963822193
484,5,10,150,28,0.0670763833223781
485,5,10,150,28,0.0
486,5,10,150,28,0.06602541999630084
487,5,10,150,28,0.11214662548205799
488,5,10,150,28,0.0
489,5,10,150,28,0.0
490,5,10,150,28,0.0
491,5,10,150,28,0.19092086617893467
492,5,10,150,28,0.043134162606390795
493,5,10,150,28,0.0
494,5,10,150,28,0.0
495,5,10,150,28,0.11420822357309535
496,5,10,150,28,0.05459112561892713
497,5,10,150,28,0.0
498,5,10,150,28,0.03855307727568851
499,5,10,150,28,0.1912282106369008
500,5,10,150,28,0.034380101046999886
501,5,10,150,28,0.0
502,5,10,150,28,0.06364028872631156
503,5,10,150,28,0.14184577198353127
504,5,10,150,28,0.0
505,5,10,150,28,0.0
506,5,10,150,28,0.05118298265739268
507,5,10,150,28,0.0
508,5,10,150,28,0.0
509,5,10,150,28,0.06474271459046577
510,5,10,150,28,0.0
511,5,10,150,28,0.0
512,5,10,150,28,0.0
513,5,10,150,28,0.0
514,5,10,150,28,0.10595566933616397
515,5,10,150,28,0.0
516,5,10,150,28,0.0
517,5,10,150,28,0.0
518,5,10,150,28,0.0
519,5,10,150,28,0.0
520,5,10,150,28,0.0
521,5,10,150,28,0.0
522,5,10,150,28,0.0
523,5,10,150,28,0.0316088333445714
524,5,10,150,28,0.1177205633540834
525,5,10,150,28,0.0
526,5,10,150,28,0.0
527,5,10,150,28,0.12265062558661
528,5,10,150,28,0.05780700008370542
529,5,10,150,28,0.0
530,5,10,150,28,0.0
531,5,10,150,28,0.0
532,5,10,150,28,0.0
533,5,10,150,28,0.1666199339172966
534,5,10,150,28,0.04084531701587904
535,5,10,150,28,0.27612382485152065
536,5,10,150,28,0.21885980062559257
537,5,10,150,28,0.34069056040514994
538,5,10,150,28,0.0
539,5,10,150,28,0.06794340091829075
540,5,10,150,28,0.0
541,5,10,150,28,0.07998330943339754
542,5,10,150,28,0.12627825946936164
543,5,10,150,28,0.0
544,5,10,150,28,0.0
545,5,10,150,28,0.052962244777770985
546,5,10,150,28,0.11781210270929884
547,5,10,150,28,0.0
548,5,10,150,28,0.0
549,5,10,150,28,0.0
550,5,10,150,28,0.0
551,5,10,150,28,0.353595273415444
552,5,10,150,28,0.0
553,5,10,150,28,0.13262997582871638
554,5,10,150,28,0.16600564593053876
555,5,10,150,28,0.0
556,5,10,150,28,0.046823654699505654
557,5,10,150,28,0.0
558,5,10,150,28,0.0
559,5,10,150,28,0.0734773909038217
560,5,10,150,28,0.1668756843611104
561,5,10,150,28,0.0
562,5,10,150,28,0.0
563,5,10,150,28,0.0
564,5,10,150,28,0.0
565,5,10,150,28,0.10523285614729473
566,5,10,150,28,0.15226782143073253
567,5,10,150,28,0.07040878422440337
568,5,10,150,28,0.0
569,5,10,150,28,0.0
570,5,10,150,28,0.0
571,5,10,150,28,0.0
572,5,10,150,28,0.0
573,5,10,150,28,0.0
574,5,10,150,28,0.0
575,5,10,150,28,0.0
576,5,10,150,28,0.17342765698823945
577,5,10,150,28,0.20884789043314153
578,5,10,150,28,0.0
579,5,10,150,28,0.0
580,5,10,150,28,0.10209739512291163
581,5,10,150,28,0.0
582,5,10,150,28,0.0
583,5,10,150,28,0.0
584,5,10,150,28,0.0
585,5,10,150,28,0.0
586,5,10,150,28,0.0816975141026163
587,5,10,150,28,0.0
588,5,10,150,28,0.2438573783552536
589,5,10,150,28,0.0
590,5,10,150,28,0.18511573258657482
591,5,10,150,28,0.15758427078022966
592,5,10,150,28,0.23749621142475424
593,5,10,150,28,0.11420822357309535
594,5,10,150,28,0.0843142342558857
595,5,10,150,28,0.0
596,5,10,150,28,0.0
597,5,10,150,28,0.0
598,5,10,150,28,0.11752277470724268
599,5,10,150,28,0.0
600,5,10,150,28,0.0
601,5,10,150,28,0.026557570376145638
602,5,10,150,28,0.0
603,5,10,150,28,0.06194403202282284
604,5,10,150,28,0.0
605,5,10,150,28,0.04265230456965118
606,5,10,150,28,0.2126180887695814
607,5,10,150,28,0.0
608,5,10,150,28,0.126140293880171
609,5,10,150,28,0.11838279295536291
610,5,10,150,28,0.0
611,5,10,150,28,0.0
612,5,10,150,28,0.0
613,5,10,150,28,0.15130120674940672
614,5,10,150,28,0.13886244387355454
615,5,10,150,28,0.023509401063454803
616,5,10,150,28,0.09781579202094404
617,5,10,150,28,0.040681790063576403
618,5,10,150,28,0.18778434787572146
619,5,10,150,28,0.1303945739341477
620,5,10,150,28,0.029996736818897345
621,5,10,150,28,0.11420822357309535
622,5,10,150,28,0.16731740433588901
623,5,10,150,28,0.0
624,5,10,150,28,0.0
625,5,10,150,28,0.0
626,5,10,150,28,0.0
627,5,10,150,28,0.03301358031123131
628,5,10,150,28,0.0
629,5,10,150,28,0.11794421963488726
630,5,10,150,28,0.09942460513010813
631,5,10,150,28,0.0
632,5,10,150,28,0.2670515940885686
633,5,10,150,28,0.0455520698635181
634,5,10,150,28,0.023756977677906275
635,5,10,150,28,0.0
636,5,10,150,28,0.0
637,5,10,150,28,0.0
638,5,10,150,28,0.15473934503245962
639,5,10,150,28,0.0
640,5,10,150,28,0.0637867864178444
641,5,10,150,28,0.0
642,5,10,150,28,0.07949944287630123
643,5,10,150,28,0.17339301354895945
644,5,10,150,28,0.0
645,5,10,150,28,0.16419687913703487
646,5,10,150,28,0.0
647,5,10,150,28,0.03673869545191085
648,5,10,150,28,0.08994832222785382
649,5,10,150,28,0.0
650,5,10,150,28,0.0
651,5,10,150,28,0.0
652,5,10,150,28,0.0
653,5,10,150,28,0.06527519237964503
654,5,10,150,28,0.14344073489590264
655,5,10,150,28,0.2724046516568851
656,5,10,150,28,0.0
657,5,10,150,28,0.053845569940583225
658,5,10,150,28,0.0
659,5,10,150,28,0.05253450612758597
660,5,10,150,28,0.0
661,5,10,150,28,0.0860496199597963
662,5,10,150,28,0.0
663,5,10,150,28,0.10798370924408215
664,5,10,150,28,0.06942918194453052
665,5,10,150,28,0.0
666,5,10,150,28,0.11420822357309535
667,5,10,150,28,0.19635793579928928
668,5,10,150,28,0.0
669,5,10,150,28,0.23681444626513737
670,5,10,150,28,0.12157378658832337
671,5,10,150,28,0.15521864545238684
672,5,10,150,28,0.0
673,5,10,150,28,0.0
674,5,10,150,28,0.0
675,5,10,150,28,0.05010834716923557
676,5,10,150,28,0.0
677,5,10,150,28,0.03927489746221688
678,5,10,150,28,0.0
679,5,10,150,28,0.213690313463914
680,5,10,150,28,0.2073612289146658
681,5,10,150,28,0.0
682,5,10,150,28,0.16284166293317884
683,5,10,150,28,0.03719976603506465
684,5,10,150,28,0.0
685,5,10,150,28,0.0
686,5,10,150,28,0.08962483220812449
687,5,10,150,28,0.0
688,5,10,150,28,0.0
689,5,10,150,28,0.27487633291429087
690,5,10,150,28,0.0
691,5,10,150,28,0.0
692,5,10,150,28,0.0
693,5,10,150,28,0.0
694,5,10,150,28,0.13601475935710466
695,5,10,150,28,0.0
696,5,10,150,28,0.0
697,5,10,150,28,0.04918680463213726
698,5,10,150,28,0.11420822357309535
699,5,10,150,28,0.0
700,5,10,150,28,0.16958010263680806
701,5,10,150,28,0.04129602134854855
702,5,10,150,28,0.0
703,5,10,150,28,0.0
704,5,10,150,28,0.03898594405226045
705,5,10,150,28,0.060326032025919706
706,5,10,150,28,0.0
707,5,10,150,28,0.09247672761378811
708,5,10,150,28,0.0
709,5,10,150,28,0.08825772717613709
710,5,10,150,28,0.05710411178654767
711,5,10,150,28,0.12667463133742263
712,5,10,150,28,0.07995973380897144
713,5,10,150,28,0.0
714,5,10,150,28,0.04195229264874745
715,5,10,150,28,0.11273915641838338
716,5,10,150,28,0.16852476628706642
717,5,10,150,28,0.1671511698578214
718,5,10,150,28,0.0
719,5,10,150,28,0.09062728932377442
720,5,10,150,28,0.05261577455142312
721,5,10,150,28,0.11420822357309535
722,5,10,150,28,0.0
723,5,10,150,28,0.0
724,5,10,150,28,0.0
725,5,10,150,28,0.05750402108673013
726,5,10,150,28,0.2529427027676571
727,5,10,150,28,0.15437463428206968
728,5,10,150,28,0.0
729,5,10,150,28,0.0
730,5,10,150,28,0.0
731,5,10,150,28,0.0
732,5,10,150,28,0.0
733,5,10,150,28,0.0
734,5,10,150,28,0.03861623877555839
735,5,10,150,28,0.0
736,5,10,150,28,0.0
737,5,10,150,28,0.16282663249631943
738,5,10,150,28,0.31944214015546374
739,5,10,150,28,0.0
740,5,10,150,28,0.0
741,5,10,150,28,0.08975531250364327
742,5,10,150,28,0.0
743,5,10,150,28,0.0
744,5,10,150,28,0.0
745,5,10,150,28,0.33763622740733124
746,5,10,150,28,0.06231559189727937
747,5,10,150,28,0.39689992005001845
748,5,10,150,28,0.23820443809586253
749,5,10,150,28,0.18482013310928586
750,5,10,150,28,0.07219614103266732
751,5,10,150,28,0.0810865620208598
752,5,10,150,28,0.0
753,5,10,150,28,0.12545067621282432
754,5,10,150,28,0.0
755,5,10,150,28,0.0
756,5,10,150,28,0.025247410046008424
757,5,10,150,28,0.0
758,5,10,150,28,0.15644763020602862
759,5,10,150,28,0.0
760,5,10,150,28,0.0791475180064264
761,5,10,150,28,0.03339755935325358
762,5,10,150,28,0.0647083388415595
763,5,10,150,28,0.2817303386202103
764,5,10,150,28,0.07603935019958412
765,5,10,150,28,0.0
766,5,10,150,28,0.08242102518033306
767,5,10,150,28,0.2073612289146658
768,5,10,150,28,0.07655078846581868
769,5,10,150,28,0.0
770,5,10,150,28,0.0
771,5,10,150,28,0.05745161501307098
772,5,10,150,28,0.0
773,5,10,150,28,0.13431174776234245
774,5,10,150,28,0.05161230347525058
775,5,10,150,28,0.0
776,5,10,150,28,0.1135261433039381
777,5,10,150,28,0.07593877439304607
778,5,10,150,28,0.0
779,5,10,150,28,0.05878132199396477
780,5,10,150,28,0.04759023790187059
781,5,10,150,28,0.21898681539091044
782,5,10,150,28,0.0
783,5,10,150,28,0.0
784,5,10,150,28,0.0
785,5,10,150,28,0.048159222084064895
786,5,10,150,28,0.16936022353861926
787,5,10,150,28,0.0683037314796457
788,5,10,150,28,0.3063753625823214
789,5,10,150,28,0.059109628562248356
790,5,10,150,28,0.11477789843704893
791,5,10,150,28,0.0
792,5,10,150,28,0.0
793,5,10,150,28,0.0
794,5,10,150,28,0.1678954833056024
795,5,10,150,28,0.16858104419536618
796,5,10,150,28,0.41049877642935073
797,5,10,150,28,0.046287481291184845
798,5,10,150,28,0.12816207555821907
799,5,10,150,28,0.0
800,5,10,150,28,0.0
801,5,10,150,28,0.0
802,5,10,150,28,0.030863419558816
803,5,10,150,28,0.0
804,5,10,150,28,0.17120537175815428
805,5,10,150,28,0.1657429338325141
806,5,10,150,28,0.20356815576523504
807,5,10,150,28,0.17128977536719467
808,5,10,150,28,0.0
809,5,10,150,28,0.0
810,5,10,150,28,0.0
811,5,10,150,28,0.0
812,5,10,150,28,0.0
813,5,10,150,28,0.17367331957930765
814,5,10,150,28,0.060961917527339995
815,5,10,150,28,0.2935418292151568
816,5,10,150,28,0.041774375925183446
817,5,10,150,28,0.0
818,5,10,150,28,0.0
819,5,10,150,28,0.0458402539699961
820,5,10,150,28,0.0
821,5,10,150,28,0.10332444476421325
822,5,10,150,28,0.0
823,5,10,150,28,0.28842849782346486
824,5,10,150,28,0.0
825,5,10,150,28,0.04418177189852209
826,5,10,150,28,0.06923384595685024
827,5,10,150,28,0.0
828,5,10,150,28,0.07378020694820588
829,5,10,150,28,0.12203175248934839
830,5,10,150,28,0.053529860171323516
831,5,10,150,28,0.0960228659850268
832,5,10,150,28,0.0
833,5,10,150,28,0.25281241980633834
834,5,10,150,28,0.0
835,5,10,150,28,0.03301358031123131
836,5,10,150,28,0.05823597777878099
837,5,10,150,28,0.0
838,5,10,150,28,0.08615903852057379
839,5,10,150,28,0.03322541746578526
840,5,10,150,28,0.3296321463632843
841,5,10,150,28,0.0
842,5,10,150,28,0.03314153504336938
843,5,10,150,28,0.17902873820302537
844,5,10,150,28,0.15562427203394413
845,5,10,150,28,0.0
846,5,10,150,28,0.28694743169217984
847,5,10,150,28,0.0
848,5,10,150,28,0.05314545820934247
849,5,10,150,28,0.0
850,5,10,150,28,0.06363461819992405
851,5,10,150,28,0.33535734749381757
852,5,10,150,28,0.0
853,5,10,150,28,0.0
854,5,10,150,28,0.2233760824757856
855,5,10,150,28,0.0
856,5,10,150,28,0.0
857,5,10,150,28,0.0
858,5,10,150,28,0.0
859,5,10,150,28,0.0
860,5,10,150,28,0.0
861,5,10,150,28,0.09836355940276224
862,5,10,150,28,0.14361917371787386
863,5,10,150,28,0.0
864,5,10,150,28,0.299799383324005
865,5,10,150,28,0.0
866,5,10,150,28,0.04622440829742681
867,5,10,150,28,0.29454344962798024
868,5,10,150,28,0.19366275679945436
869,5,10,150,28,0.030718920234936747
870,5,10,150,28,0.19511557616555017
871,5,10,150,28,0.12375544784423058
872,5,10,150,28,0.0
873,5,10,150,28,0.0
874,5,10,150,28,0.06575393297476358
875,5,10,150,28,0.2419099669478757
876,5,10,150,28,0.0
877,5,10,150,28,0.04418177189852209
878,5,10,150,28,0.07775870848312531
879,5,10,150,28,0.04258528250242427
880,5,10,150,28,0.4670700809029555
881,5,10,150,28,0.4772153910679072
882,5,10,150,28,0.2584496388910798
883,5,10,150,28,0.3689323043564617
884,5,10,150,28,0.028767091820622218
885,5,10,150,28,0.15480232295599497
886,5,10,150,28,0.29581142072316247
887,5,10,150,28,0.12598546123287221
888,5,10,150,28,0.0
889,5,10,150,28,0.41585238043414835
890,5,10,150,28,0.412666715099669
891,5,10,150,28,0.0
892,5,10,150,28,0.43610703324653183
893,5,10,150,28,0.055876700419331016
894,5,10,150,28,0.3145915964144406
895,5,10,150,28,0.0
896,5,10,150,28,0.5002431776968101
897,5,10,150,28,0.1546696540405488
898,5,10,150,28,0.0
899,5,10,150,28,0.2704754518424765
900,5,10,150,28,0.04588516391390306
901,5,10,150,28,0.31446566379959845
902,5,10,150,28,0.026425294698493085
903,5,10,150,28,0.45358729319768865
904,5,10,150,28,0.0
905,5,10,150,28,0.08773956418811966
906,5,10,150,28,0.0
907,5,10,150,28,0.21420669373941967
908,5,10,150,28,0.1969723486005295
909,5,10,150,28,0.0
910,5,10,150,28,0.17271304662327183
911,5,10,150,28,0.0782996742028877
912,5,10,150,28,0.08061351285000247
913,5,10,150,28,0.23147752717203135
914,5,10,150,28,0.0
915,5,10,150,28,0.0
916,5,10,150,28,0.32976630425606823
917,5,10,150,28,0.0
918,5,10,150,28,0.0
919,5,10,150,28,0.20325719418840887
920,5,10,150,28,0.26814570941777965
921,5,10,150,28,0.04418177189852209
922,5,10,150,28,0.10831791892489782
923,5,10,150,28,0.05645098061713066
924,5,10,150,28,0.0617686568444285
925,5,10,150,28,0.039791360812020615
926,5,10,150,28,0.18690891198435525
927,5,10,150,28,0.11818670332474104
928,5,10,150,28,0.08352144807379756
929,5,10,150,28,0.08061351285000247
930,5,10,150,28,0.0816975141026163
931,5,10,150,28,0.02738855579742861
932,5,10,150,28,0.3345447728310936
933,5,10,150,28,0.09310951119285461
934,5,10,150,28,0.10150498482431097
935,5,10,150,28,0.0
936,5,10,150,28,0.1410938573819718
937,5,10,150,28,0.0750451914573381
938,5,10,150,28,0.12256390663695413
939,5,10,150,28,0.03602868317740349
940,5,10,150,28,0.14807669755601066
941,5,10,150,28,0.17060921827860473
942,5,10,150,28,0.074538914670731
943,5,10,150,28,0.31220943507202614
1,5,10,150,29,0.4058715898896693
2,5,10,150,29,0.0
3,5,10,150,29,0.0
4,5,10,150,29,0.0
5,5,10,150,29,0.04470486007704452
6,5,10,150,29,0.04187254809446048
7,5,10,150,29,0.035079093545523896
8,5,10,150,29,0.0
9,5,10,150,29,0.0
10,5,10,150,29,0.21422665043052946
11,5,10,150,29,0.03947525607388688
12,5,10,150,29,0.0
13,5,10,150,29,0.3118233298845595
14,5,10,150,29,0.18795160328752808
15,5,10,150,29,0.0
16,5,10,150,29,0.11062750966338458
17,5,10,150,29,0.0
18,5,10,150,29,0.1528843013006747
19,5,10,150,29,0.0
20,5,10,150,29,0.13743816645714543
21,5,10,150,29,0.1265754929129826
22,5,10,150,29,0.0
23,5,10,150,29,0.06541518452970234
24,5,10,150,29,0.05010834716923557
25,5,10,150,29,0.23940867474021393
26,5,10,150,29,0.0
27,5,10,150,29,0.0
28,5,10,150,29,0.0
30,5,10,150,29,0.08133484538841967
31,5,10,150,29,0.0
32,5,10,150,29,0.19519002499605084
33,5,10,150,29,0.0
34,5,10,150,29,0.0
35,5,10,150,29,0.0
37,5,10,150,29,0.08177471774917201
38,5,10,150,29,0.0
39,5,10,150,29,0.0
40,5,10,150,29,0.0
41,5,10,150,29,0.06835476917178976
42,5,10,150,29,0.08850778826764391
43,5,10,150,29,0.0
44,5,10,150,29,0.23527481054060173
45,5,10,150,29,0.0
46,5,10,150,29,0.0
47,5,10,150,29,0.0
48,5,10,150,29,0.0
49,5,10,150,29,0.033808395438916686
52,5,10,150,29,0.0
53,5,10,150,29,0.0
54,5,10,150,29,0.0
55,5,10,150,29,0.0
56,5,10,150,29,0.11781210270929884
57,5,10,150,29,0.1318392860374695
58,5,10,150,29,0.25546756436153767
59,5,10,150,29,0.19233148606048747
60,5,10,150,29,0.1076743759411119
61,5,10,150,29,0.0
62,5,10,150,29,0.09586820699422145
63,5,10,150,29,0.0
64,5,10,150,29,0.04759023790187059
65,5,10,150,29,0.2342550150352983
66,5,10,150,29,0.0
67,5,10,150,29,0.0
68,5,10,150,29,0.0
69,5,10,150,29,0.0
70,5,10,150,29,0.0
71,5,10,150,29,0.20758456043036028
72,5,10,150,29,0.10990826949013655
73,5,10,150,29,0.0
74,5,10,150,29,0.0
75,5,10,150,29,0.0
76,5,10,150,29,0.10633668103022985
77,5,10,150,29,0.05154847002173459
78,5,10,150,29,0.0
79,5,10,150,29,0.0
80,5,10,150,29,0.0
81,5,10,150,29,0.0
82,5,10,150,29,0.0
83,5,10,150,29,0.07414861528507455
84,5,10,150,29,0.0
85,5,10,150,29,0.04734112273659951
86,5,10,150,29,0.0
87,5,10,150,29,0.07869360490688747
88,5,10,150,29,0.0
89,5,10,150,29,0.0
90,5,10,150,29,0.0561326498270945
91,5,10,150,29,0.0
92,5,10,150,29,0.03520918687757966
93,5,10,150,29,0.0
94,5,10,150,29,0.11064779819704476
95,5,10,150,29,0.07849567312219397
96,5,10,150,29,0.0
97,5,10,150,29,0.0
98,5,10,150,29,0.0
99,5,10,150,29,0.05278074934727935
100,5,10,150,29,0.0
101,5,10,150,29,0.0
102,5,10,150,29,0.0
103,5,10,150,29,0.0
104,5,10,150,29,0.33958467175585033
105,5,10,150,29,0.0
106,5,10,150,29,0.06516188295518531
107,5,10,150,29,0.0
109,5,10,150,29,0.16563719724029594
110,5,10,150,29,0.0
111,5,10,150,29,0.0
112,5,10,150,29,0.0
113,5,10,150,29,0.0
114,5,10,150,29,0.08274602130532002
115,5,10,150,29,0.04001677477281075
116,5,10,150,29,0.0
117,5,10,150,29,0.0
118,5,10,150,29,0.16958010263680806
119,5,10,150,29,0.0
120,5,10,150,29,0.0
121,5,10,150,29,0.13032376591037062
122,5,10,150,29,0.0
123,5,10,150,29,0.07303417492135322
124,5,10,150,29,0.0
125,5,10,150,29,0.05446333035917803
126,5,10,150,29,0.0
128,5,10,150,29,0.0
129,5,10,150,29,0.0
130,5,10,150,29,0.12848269861902195
131,5,10,150,29,0.0
132,5,10,150,29,0.0
133,5,10,150,29,0.0
134,5,10,150,29,0.0
135,5,10,150,29,0.0
136,5,10,150,29,0.0
137,5,10,150,29,0.0
138,5,10,150,29,0.0976168253917686
139,5,10,150,29,0.0
140,5,10,150,29,0.0
141,5,10,150,29,0.0
142,5,10,150,29,0.0
143,5,10,150,29,0.0
144,5,10,150,29,0.0
145,5,10,150,29,0.1799358690314605
146,5,10,150,29,0.0
147,5,10,150,29,0.0
148,5,10,150,29,0.0
149,5,10,150,29,0.0
150,5,10,150,29,0.2640681225725909
151,5,10,150,29,0.0
152,5,10,150,29,0.0
153,5,10,150,29,0.0
154,5,10,150,29,0.0
155,5,10,150,29,0.0
156,5,10,150,29,0.0
157,5,10,150,29,0.0
158,5,10,150,29,0.04759023790187059
159,5,10,150,29,0.23138144801632507
160,5,10,150,29,0.1719271394881576
161,5,10,150,29,0.0
162,5,10,150,29,0.0
163,5,10,150,29,0.0
164,5,10,150,29,0.0
165,5,10,150,29,0.0
167,5,10,150,29,0.05319635904163211
168,5,10,150,29,0.0
169,5,10,150,29,0.0
170,5,10,150,29,0.0
171,5,10,150,29,0.0
173,5,10,150,29,0.0
174,5,10,150,29,0.0
175,5,10,150,29,0.21517910082405575
176,5,10,150,29,0.0
177,5,10,150,29,0.38113435412202
178,5,10,150,29,0.12597398707460816
179,5,10,150,29,0.0
180,5,10,150,29,0.06228974831361337
181,5,10,150,29,0.061546219024466074
182,5,10,150,29,0.0
183,5,10,150,29,0.15101961822780524
184,5,10,150,29,0.0
185,5,10,150,29,0.0
186,5,10,150,29,0.0
187,5,10,150,29,0.0
188,5,10,150,29,0.07428207290250749
189,5,10,150,29,0.09998274523051486
190,5,10,150,29,0.0
192,5,10,150,29,0.123151194370365
193,5,10,150,29,0.0
194,5,10,150,29,0.0
195,5,10,150,29,0.0647083388415595
196,5,10,150,29,0.0
197,5,10,150,29,0.09546043308946733
198,5,10,150,29,0.0
199,5,10,150,29,0.0
200,5,10,150,29,0.09785159463516042
201,5,10,150,29,0.0
202,5,10,150,29,0.0
203,5,10,150,29,0.0
204,5,10,150,29,0.19519002499605084
205,5,10,150,29,0.0
206,5,10,150,29,0.0
207,5,10,150,29,0.0
208,5,10,150,29,0.0
209,5,10,150,29,0.0
210,5,10,150,29,0.1506292774654168
211,5,10,150,29,0.0
213,5,10,150,29,0.04465281017341861
214,5,10,150,29,0.0
216,5,10,150,29,0.23813231172447274
217,5,10,150,29,0.0
218,5,10,150,29,0.0
219,5,10,150,29,0.0
221,5,10,150,29,0.0
222,5,10,150,29,0.1050995674008573
223,5,10,150,29,0.0
224,5,10,150,29,0.0
225,5,10,150,29,0.0
226,5,10,150,29,0.19092086617893467
227,5,10,150,29,0.0
228,5,10,150,29,0.0
229,5,10,150,29,0.0
230,5,10,150,29,0.08993480096570136
231,5,10,150,29,0.0
232,5,10,150,29,0.0
233,5,10,150,29,0.18978688349077963
234,5,10,150,29,0.0
235,5,10,150,29,0.0
236,5,10,150,29,0.0
237,5,10,150,29,0.19342640361727081
238,5,10,150,29,0.0
239,5,10,150,29,0.06912040963822193
240,5,10,150,29,0.12495636102304827
241,5,10,150,29,0.0
242,5,10,150,29,0.0
243,5,10,150,29,0.0
244,5,10,150,29,0.049712302565054066
245,5,10,150,29,0.0
246,5,10,150,29,0.0561326498270945
247,5,10,150,29,0.0
248,5,10,150,29,0.0
249,5,10,150,29,0.056720838976548935
250,5,10,150,29,0.0
251,5,10,150,29,0.13032376591037062
252,5,10,150,29,0.0
253,5,10,150,29,0.0
254,5,10,150,29,0.08514311764162098
255,5,10,150,29,0.0
256,5,10,150,29,0.0
257,5,10,150,29,0.07984133538066794
258,5,10,150,29,0.0
259,5,10,150,29,0.067856722420442
260,5,10,150,29,0.0
261,5,10,150,29,0.0
262,5,10,150,29,0.0
263,5,10,150,29,0.0956366800683804
264,5,10,150,29,0.0
265,5,10,150,29,0.0
266,5,10,150,29,0.0
267,5,10,150,29,0.11574724631733176
268,5,10,150,29,0.049712302565054066
269,5,10,150,29,0.052962244777770985
270,5,10,150,29,0.0
271,5,10,150,29,0.10406177364128634
272,5,10,150,29,0.0
273,5,10,150,29,0.0
274,5,10,150,29,0.0
275,5,10,150,29,0.0
276,5,10,150,29,0.1932177673829287
277,5,10,150,29,0.0
278,5,10,150,29,0.0
279,5,10,150,29,0.07041837375515932
280,5,10,150,29,0.11987424504051505
281,5,10,150,29,0.0
282,5,10,150,29,0.0
283,5,10,150,29,0.0
284,5,10,150,29,0.0
285,5,10,150,29,0.0
286,5,10,150,29,0.028420795802875647
287,5,10,150,29,0.0
288,5,10,150,29,0.0
289,5,10,150,29,0.0
290,5,10,150,29,0.07834851647149511
291,5,10,150,29,0.07828167840727236
292,5,10,150,29,0.0
293,5,10,150,29,0.07041837375515932
294,5,10,150,29,0.0
295,5,10,150,29,0.1710356533975505
296,5,10,150,29,0.07879213539011483
297,5,10,150,29,0.0
298,5,10,150,29,0.0
299,5,10,150,29,0.0
300,5,10,150,29,0.0
301,5,10,150,29,0.06460801587741544
302,5,10,150,29,0.0
303,5,10,150,29,0.048500752505176555
304,5,10,150,29,0.0
305,5,10,150,29,0.11349000778741654
306,5,10,150,29,0.0
307,5,10,150,29,0.10778915452451093
308,5,10,150,29,0.13490077762666258
310,5,10,150,29,0.0
311,5,10,150,29,0.10462176685237631
312,5,10,150,29,0.05897356872503046
313,5,10,150,29,0.11270402374049442
314,5,10,150,29,0.16600564593053876
315,5,10,150,29,0.0
316,5,10,150,29,0.0
317,5,10,150,29,0.0
318,5,10,150,29,0.07262096578122659
319,5,10,150,29,0.0
320,5,10,150,29,0.13927874459665815
321,5,10,150,29,0.0
322,5,10,150,29,0.0
323,5,10,150,29,0.1610425878239398
324,5,10,150,29,0.0
325,5,10,150,29,0.09092803061897883
326,5,10,150,29,0.0
327,5,10,150,29,0.025410386140327024
328,5,10,150,29,0.10225269627400649
329,5,10,150,29,0.0
330,5,10,150,29,0.07197991643202278
331,5,10,150,29,0.0
332,5,10,150,29,0.0650278379951693
334,5,10,150,29,0.0
335,5,10,150,29,0.0
336,5,10,150,29,0.049712302565054066
337,5,10,150,29,0.0
338,5,10,150,29,0.07132875491150918
339,5,10,150,29,0.1430641274918087
340,5,10,150,29,0.0
341,5,10,150,29,0.0
342,5,10,150,29,0.31341134215401556
343,5,10,150,29,0.09229649639444802
344,5,10,150,29,0.1202034973803211
345,5,10,150,29,0.1536414362770729
346,5,10,150,29,0.04366879852493834
347,5,10,150,29,0.1969404851249289
348,5,10,150,29,0.0
349,5,10,150,29,0.0
350,5,10,150,29,0.0
351,5,10,150,29,0.0
352,5,10,150,29,0.0956366800683804
353,5,10,150,29,0.14434031438272124
354,5,10,150,29,0.06335619058732639
355,5,10,150,29,0.0
356,5,10,150,29,0.0
357,5,10,150,29,0.0
358,5,10,150,29,0.06364028872631156
359,5,10,150,29,0.3010299956639812
360,5,10,150,29,0.07256783117062009
361,5,10,150,29,0.09478836436955078
362,5,10,150,29,0.0
363,5,10,150,29,0.2591627059456101
364,5,10,150,29,0.0
365,5,10,150,29,0.0
366,5,10,150,29,0.0
367,5,10,150,29,0.0
368,5,10,150,29,0.0
369,5,10,150,29,0.0
370,5,10,150,29,0.0
371,5,10,150,29,0.07984133538066794
372,5,10,150,29,0.15130120674940672
373,5,10,150,29,0.22842722979011518
374,5,10,150,29,0.07973033397736383
375,5,10,150,29,0.0
376,5,10,150,29,0.0
377,5,10,150,29,0.0
378,5,10,150,29,0.14387314628997241
379,5,10,150,29,0.0
380,5,10,150,29,0.0
381,5,10,150,29,0.0
382,5,10,150,29,0.05261577455142312
383,5,10,150,29,0.0
384,5,10,150,29,0.0
385,5,10,150,29,0.0
386,5,10,150,29,0.0
387,5,10,150,29,0.06148726205890397
388,5,10,150,29,0.0
389,5,10,150,29,0.05900848898170678
390,5,10,150,29,0.0
391,5,10,150,29,0.11245246430543061
392,5,10,150,29,0.11004588314904008
393,5,10,150,29,0.12763543533659438
394,5,10,150,29,0.11969186157183802
395,5,10,150,29,0.0
396,5,10,150,29,0.0
397,5,10,150,29,0.11004588314904008
398,5,10,150,29,0.21225568458158228
399,5,10,150,29,0.026765584926608993
400,5,10,150,29,0.0
401,5,10,150,29,0.0
402,5,10,150,29,0.0
403,5,10,150,29,0.2529427027676571
404,5,10,150,29,0.0
405,5,10,150,29,0.033598102841379755
406,5,10,150,29,0.06692151771750034
407,5,10,150,29,0.07241268079881111
408,5,10,150,29,0.09983719697789138
409,5,10,150,29,0.0334374913847135
410,5,10,150,29,0.0
411,5,10,150,29,0.17342765698823945
412,5,10,150,29,0.0
413,5,10,150,29,0.0
414,5,10,150,29,0.21398626473452756
415,5,10,150,29,0.0
416,5,10,150,29,0.12855897661300855
417,5,10,150,29,0.0895852844335066
419,5,10,150,29,0.30260241349881345
420,5,10,150,29,0.0
421,5,10,150,29,0.0
422,5,10,150,29,0.0
423,5,10,150,29,0.08440880858250024
424,5,10,150,29,0.0
425,5,10,150,29,0.2082843711703412
426,5,10,150,29,0.13571943816109763
427,5,10,150,29,0.0
428,5,10,150,29,0.0
429,5,10,150,29,0.20144167587603046
430,5,10,150,29,0.1261446714466394
431,5,10,150,29,0.0
432,5,10,150,29,0.0
433,5,10,150,29,0.0
434,5,10,150,29,0.3903800499921017
435,5,10,150,29,0.13353018107366255
436,5,10,150,29,0.06490403551612171
437,5,10,150,29,0.22972973128433707
438,5,10,150,29,0.0
439,5,10,150,29,0.0
440,5,10,150,29,0.0
441,5,10,150,29,0.0
442,5,10,150,29,0.0
443,5,10,150,29,0.0
445,5,10,150,29,0.0
446,5,10,150,29,0.0
447,5,10,150,29,0.21015429952548687
448,5,10,150,29,0.0
449,5,10,150,29,0.04403205443910179
450,5,10,150,29,0.23579912252085752
451,5,10,150,29,0.0
452,5,10,150,29,0.05531631230858006
453,5,10,150,29,0.029956785715628154
454,5,10,150,29,0.0
455,5,10,150,29,0.0
456,5,10,150,29,0.07758828619721583
457,5,10,150,29,0.23700543007791774
458,5,10,150,29,0.0
459,5,10,150,29,0.0
460,5,10,150,29,0.0
461,5,10,150,29,0.0
462,5,10,150,29,0.0
463,5,10,150,29,0.0
464,5,10,150,29,0.0
465,5,10,150,29,0.0
466,5,10,150,29,0.03947525607388688
467,5,10,150,29,0.0
468,5,10,150,29,0.2274029849082819
469,5,10,150,29,0.0
470,5,10,150,29,0.0
471,5,10,150,29,0.0
472,5,10,150,29,0.0782213450387674
473,5,10,150,29,0.08754031530847717
474,5,10,150,29,0.283795956254392
475,5,10,150,29,0.06516188295518531
476,5,10,150,29,0.0
477,5,10,150,29,0.0
478,5,10,150,29,0.18414433770856484
479,5,10,150,29,0.07834096783470737
480,5,10,150,29,0.21398626473452756
481,5,10,150,29,0.07303417492135322
482,5,10,150,29,0.0
483,5,10,150,29,0.06912040963822193
484,5,10,150,29,0.09353062527112192
485,5,10,150,29,0.0
486,5,10,150,29,0.06452362801809114
487,5,10,150,29,0.11214662548205799
488,5,10,150,29,0.0
489,5,10,150,29,0.0
490,5,10,150,29,0.0
491,5,10,150,29,0.19092086617893467
492,5,10,150,29,0.043134162606390795
493,5,10,150,29,0.0
494,5,10,150,29,0.0
495,5,10,150,29,0.11161048176369433
496,5,10,150,29,0.05459112561892713
497,5,10,150,29,0.0
498,5,10,150,29,0.03855307727568851
499,5,10,150,29,0.1912282106369008
500,5,10,150,29,0.033598102841379755
501,5,10,150,29,0.0
502,5,10,150,29,0.06364028872631156
503,5,10,150,29,0.14184577198353127
504,5,10,150,29,0.0
505,5,10,150,29,0.0
506,5,10,150,29,0.07276445514956002
507,5,10,150,29,0.0
508,5,10,150,29,0.0
509,5,10,150,29,0.06474271459046577
510,5,10,150,29,0.0
511,5,10,150,29,0.0
512,5,10,150,29,0.0
513,5,10,150,29,0.0
514,5,10,150,29,0.10595566933616397
515,5,10,150,29,0.0
516,5,10,150,29,0.0
517,5,10,150,29,0.042259191411409554
518,5,10,150,29,0.0
519,5,10,150,29,0.0
520,5,10,150,29,0.0
521,5,10,150,29,0.0
522,5,10,150,29,0.0
523,5,10,150,29,0.0316088333445714
524,5,10,150,29,0.11504293104632386
525,5,10,150,29,0.0
526,5,10,150,29,0.0
527,5,10,150,29,0.12265062558661
528,5,10,150,29,0.05780700008370542
529,5,10,150,29,0.0
530,5,10,150,29,0.0
531,5,10,150,29,0.0
532,5,10,150,29,0.0
533,5,10,150,29,0.16283005298687853
534,5,10,150,29,0.04084531701587904
535,5,10,150,29,0.269843205278365
536,5,10,150,29,0.21388168927165493
537,5,10,150,29,0.3329413275991052
538,5,10,150,29,0.0
539,5,10,150,29,0.06794340091829075
540,5,10,150,29,0.0
541,5,10,150,29,0.10325837973459957
542,5,10,150,29,0.12627825946936164
543,5,10,150,29,0.0
544,5,10,150,29,0.0
545,5,10,150,29,0.052962244777770985
546,5,10,150,29,0.11781210270929884
547,5,10,150,29,0.0
548,5,10,150,29,0.0
549,5,10,150,29,0.0
550,5,10,150,29,0.0
551,5,10,150,29,0.3455525143511635
552,5,10,150,29,0.0
553,5,10,150,29,0.13262997582871638
554,5,10,150,29,0.16600564593053876
555,5,10,150,29,0.0
556,5,10,150,29,0.046823654699505654
557,5,10,150,29,0.0
558,5,10,150,29,0.0
559,5,10,150,29,0.0734773909038217
560,5,10,150,29,0.1668756843611104
561,5,10,150,29,0.0
562,5,10,150,29,0.0
563,5,10,150,29,0.0
564,5,10,150,29,0.0
565,5,10,150,29,0.10523285614729473
566,5,10,150,29,0.14880438881982372
567,5,10,150,29,0.06880728971895941
568,5,10,150,29,0.0
569,5,10,150,29,0.0
570,5,10,150,29,0.0
571,5,10,150,29,0.0
572,5,10,150,29,0.0
573,5,10,150,29,0.0
574,5,10,150,29,0.0
575,5,10,150,29,0.0
576,5,10,150,29,0.17342765698823945
577,5,10,150,29,0.2040975066183005
578,5,10,150,29,0.0
579,5,10,150,29,0.0
580,5,10,150,29,0.10209739512291163
581,5,10,150,29,0.0
582,5,10,150,29,0.0
583,5,10,150,29,0.0
584,5,10,150,29,0.0
585,5,10,150,29,0.0
586,5,10,150,29,0.0798392499472977
587,5,10,150,29,0.0
588,5,10,150,29,0.23831068051279108
589,5,10,150,29,0.0
590,5,10,150,29,0.18511573258657482
591,5,10,150,29,0.15758427078022966
592,5,10,150,29,0.23209420254404028
593,5,10,150,29,0.11161048176369433
594,5,10,150,29,0.0843142342558857
595,5,10,150,29,0.0
596,5,10,150,29,0.0
597,5,10,150,29,0.0
598,5,10,150,29,0.11752277470724268
599,5,10,150,29,0.0
600,5,10,150,29,0.0
601,5,10,150,29,0.026557570376145638
602,5,10,150,29,0.0
603,5,10,150,29,0.06194403202282284
604,5,10,150,29,0.0
605,5,10,150,29,0.04265230456965118
606,5,10,150,29,0.20778194929247815
607,5,10,150,29,0.0
608,5,10,150,29,0.126140293880171
609,5,10,150,29,0.11838279295536291
610,5,10,150,29,0.0
611,5,10,150,29,0.0
612,5,10,150,29,0.0
613,5,10,150,29,0.15130120674940672
614,5,10,150,29,0.13886244387355454
615,5,10,150,29,0.022974664140439565
616,5,10,150,29,0.09781579202094404
617,5,10,150,29,0.03975645576081676
618,5,10,150,29,0.18351306830962563
619,5,10,150,29,0.1303945739341477
620,5,10,150,29,0.052060104527337656
621,5,10,150,29,0.11161048176369433
622,5,10,150,29,0.16351165897810738
623,5,10,150,29,0.0
624,5,10,150,29,0.0
625,5,10,150,29,0.0
626,5,10,150,29,0.0
627,5,10,150,29,0.032262664526278094
628,5,10,150,29,0.0
629,5,10,150,29,0.11794421963488726
630,5,10,150,29,0.09942460513010813
631,5,10,150,29,0.0
632,5,10,150,29,0.28372299180934085
633,5,10,150,29,0.0455520698635181
634,5,10,150,29,0.023756977677906275
635,5,10,150,29,0.0
636,5,10,150,29,0.0
637,5,10,150,29,0.0
638,5,10,150,29,0.15473934503245962
639,5,10,150,29,0.0
640,5,10,150,29,0.0637867864178444
641,5,10,150,29,0.0
642,5,10,150,29,0.07769117530919666
643,5,10,150,29,0.16944907442914742
644,5,10,150,29,0.0
645,5,10,150,29,0.1604621121950165
646,5,10,150,29,0.0
647,5,10,150,29,0.03673869545191085
648,5,10,150,29,0.08790238796824927
649,5,10,150,29,0.0
650,5,10,150,29,0.0
651,5,10,150,29,0.0
652,5,10,150,29,0.0
653,5,10,150,29,0.0637904648262673
654,5,10,150,29,0.14017808022400147
655,5,10,150,29,0.2662086271452919
656,5,10,150,29,0.0
657,5,10,150,29,0.053845569940583225
658,5,10,150,29,0.0
659,5,10,150,29,0.05133957393501474
660,5,10,150,29,0.0
661,5,10,150,29,0.0860496199597963
662,5,10,150,29,0.0
663,5,10,150,29,0.10552754814235535
664,5,10,150,29,0.0678499691427975
665,5,10,150,29,0.0
666,5,10,150,29,0.11161048176369433
667,5,10,150,29,0.19635793579928928
668,5,10,150,29,0.0
669,5,10,150,29,0.2314279445852529
670,5,10,150,29,0.12157378658832337
671,5,10,150,29,0.15168809439156772
672,5,10,150,29,0.0
673,5,10,150,29,0.0
674,5,10,150,29,0.0
675,5,10,150,29,0.05010834716923557
676,5,10,150,29,0.0
677,5,10,150,29,0.03927489746221688
678,5,10,150,29,0.0
679,5,10,150,29,0.213690313463914
680,5,10,150,29,0.2073612289146658
681,5,10,150,29,0.0
682,5,10,150,29,0.15913772128274972
683,5,10,150,29,0.03719976603506465
684,5,10,150,29,0.0
685,5,10,150,29,0.0
686,5,10,150,29,0.08962483220812449
687,5,10,150,29,0.0
688,5,10,150,29,0.0
689,5,10,150,29,0.27487633291429087
690,5,10,150,29,0.0
691,5,10,150,29,0.0
692,5,10,150,29,0.0
693,5,10,150,29,0.0
694,5,10,150,29,0.1329210134251278
695,5,10,150,29,0.0
696,5,10,150,29,0.0
697,5,10,150,29,0.04806801813090108
698,5,10,150,29,0.11161048176369433
699,5,10,150,29,0.0
700,5,10,150,29,0.16958010263680806
701,5,10,150,29,0.04129602134854855
702,5,10,150,29,0.0
703,5,10,150,29,0.0
704,5,10,150,29,0.03898594405226045
705,5,10,150,29,0.08360110232712173
706,5,10,150,29,0.0
707,5,10,150,29,0.09037328309636966
708,5,10,150,29,0.0
709,5,10,150,29,0.08625024662250233
710,5,10,150,29,0.05710411178654767
711,5,10,150,29,0.1237933328133713
712,5,10,150,29,0.07814099661925235
713,5,10,150,29,0.0
714,5,10,150,29,0.04195229264874745
715,5,10,150,29,0.11017482951597607
716,5,10,150,29,0.16469155868075724
717,5,10,150,29,0.1671511698578214
718,5,10,150,29,0.0
719,5,10,150,29,0.09062728932377442
720,5,10,150,29,0.05261577455142312
721,5,10,150,29,0.11161048176369433
722,5,10,150,29,0.0
723,5,10,150,29,0.0
724,5,10,150,29,0.0
725,5,10,150,29,0.05750402108673013
726,5,10,150,29,0.2529427027676571
727,5,10,150,29,0.15086328081522532
728,5,10,150,29,0.0
729,5,10,150,29,0.0
730,5,10,150,29,0.0
731,5,10,150,29,0.0
732,5,10,150,29,0.0
733,5,10,150,29,0.0
734,5,10,150,29,0.03861623877555839
735,5,10,150,29,0.0
736,5,10,150,29,0.0
737,5,10,150,29,0.16282663249631943
738,5,10,150,29,0.31217621676392016
739,5,10,150,29,0.0
740,5,10,150,29,0.0
741,5,10,150,29,0.08771376837825601
742,5,10,150,29,0.0
743,5,10,150,29,0.0
744,5,10,150,29,0.0
745,5,10,150,29,0.33763622740733124
746,5,10,150,29,0.0887698338460232
747,5,10,150,29,0.3878721680703025
748,5,10,150,29,0.23278632012968595
749,5,10,150,29,0.18061627657447363
750,5,10,150,29,0.07219614103266732
751,5,10,150,29,0.07924219437593832
752,5,10,150,29,0.0
753,5,10,150,29,0.12545067621282432
754,5,10,150,29,0.0
755,5,10,150,29,0.0
756,5,10,150,29,0.02467314095571274
757,5,10,150,29,0.0
758,5,10,150,29,0.1528891250716956
759,5,10,150,29,0.0
760,5,10,150,29,0.0791475180064264
761,5,10,150,29,0.03339755935325358
762,5,10,150,29,0.0647083388415595
763,5,10,150,29,0.27532219517209844
764,5,10,150,29,0.07430978473579138
765,5,10,150,29,0.0
766,5,10,150,29,0.08054630428558408
767,5,10,150,29,0.2073612289146658
768,5,10,150,29,0.07655078846581868
769,5,10,150,29,0.0
770,5,10,150,29,0.0
771,5,10,150,29,0.05745161501307098
772,5,10,150,29,0.0
773,5,10,150,29,0.13125673795884388
774,5,10,150,29,0.050438347393783806
775,5,10,150,29,0.0
776,5,10,150,29,0.11094391586274213
777,5,10,150,29,0.07593877439304607
778,5,10,150,29,0.0
779,5,10,150,29,0.05878132199396477
780,5,10,150,29,0.04759023790187059
781,5,10,150,29,0.21898681539091044
782,5,10,150,29,0.0
783,5,10,150,29,0.0
784,5,10,150,29,0.0
785,5,10,150,29,0.048159222084064895
786,5,10,150,29,0.1655080129028922
787,5,10,150,29,0.0683037314796457
788,5,10,150,29,0.2994066517150071
789,5,10,150,29,0.059109628562248356
790,5,10,150,29,0.11216719899495248
791,5,10,150,29,0.0
792,5,10,150,29,0.0
793,5,10,150,29,0.0
794,5,10,150,29,0.1678954833056024
795,5,10,150,29,0.1647465565106987
796,5,10,150,29,0.42390737282681085
797,5,10,150,29,0.046287481291184845
798,5,10,150,29,0.12524694412861484
799,5,10,150,29,0.0
800,5,10,150,29,0.0
801,5,10,150,29,0.0
802,5,10,150,29,0.030863419558816
803,5,10,150,29,0.0
804,5,10,150,29,0.190056855388953
805,5,10,150,29,0.18471866423764088
806,5,10,150,29,0.198937863017922
807,5,10,150,29,0.16739367579508738
808,5,10,150,29,0.0
809,5,10,150,29,0.0
810,5,10,150,29,0.0
811,5,10,150,29,0.0
812,5,10,150,29,0.0
813,5,10,150,29,0.17367331957930765
814,5,10,150,29,0.060961917527339995
815,5,10,150,29,0.3096106889647018
816,5,10,150,29,0.041774375925183446
817,5,10,150,29,0.0
818,5,10,150,29,0.0
819,5,10,150,29,0.0458402539699961
820,5,10,150,29,0.0
821,5,10,150,29,0.10332444476421325
822,5,10,150,29,0.0
823,5,10,150,29,0.30461366368763054
824,5,10,150,29,0.0
825,5,10,150,29,0.043176828187084765
826,5,10,150,29,0.06765907620174035
827,5,10,150,29,0.0
828,5,10,150,29,0.07210202719635161
829,5,10,150,29,0.11925605932472116
830,5,10,150,29,0.05231228799072271
831,5,10,150,29,0.0960228659850268
832,5,10,150,29,0.0
833,5,10,150,29,0.24706203360541437
834,5,10,150,29,0.0
835,5,10,150,29,0.032262664526278094
836,5,10,150,29,0.05823597777878099
837,5,10,150,29,0.0
838,5,10,150,29,0.08419929403265222
839,5,10,150,29,0.03322541746578526
840,5,10,150,29,0.322134444520628
841,5,10,150,29,0.0
842,5,10,150,29,0.03314153504336938
843,5,10,150,29,0.1749566107872911
844,5,10,150,29,0.15208449472744015
845,5,10,150,29,0.0
846,5,10,150,29,0.2804206220011952
847,5,10,150,29,0.0
848,5,10,150,29,0.07468229289320029
849,5,10,150,29,0.0
850,5,10,150,29,0.06363461819992405
851,5,10,150,29,0.32772942215342427
852,5,10,150,29,0.0
853,5,10,150,29,0.0
854,5,10,150,29,0.21829524529512345
855,5,10,150,29,0.0
856,5,10,150,29,0.0
857,5,10,150,29,0.0
858,5,10,150,29,0.0
859,5,10,150,29,0.0
860,5,10,150,29,0.0
861,5,10,150,29,0.09836355940276224
862,5,10,150,29,0.16309812372341914
863,5,10,150,29,0.0
864,5,10,150,29,0.31572591085416524
865,5,10,150,29,0.0
866,5,10,150,29,0.04622440829742681
867,5,10,150,29,0.28784386346994756
868,5,10,150,29,0.18925776892272916
869,5,10,150,29,0.030718920234936747
870,5,10,150,29,0.19067754294856193
871,5,10,150,29,0.12094054808527978
872,5,10,150,29,0.0
873,5,10,150,29,0.0
874,5,10,150,29,0.06575393297476358
875,5,10,150,29,0.23640756426976103
876,5,10,150,29,0.0
877,5,10,150,29,0.043176828187084765
878,5,10,150,29,0.0759900350745738
879,5,10,150,29,0.04258528250242427
880,5,10,150,29,0.4791919254515053
881,5,10,150,29,0.46636081041966393
882,5,10,150,29,0.2753166937892427
883,5,10,150,29,0.36054069434904346
884,5,10,150,29,0.028767091820622218
885,5,10,150,29,0.15128124142653915
886,5,10,150,29,0.28908299372141455
887,5,10,150,29,0.12311983834003526
888,5,10,150,29,0.0
889,5,10,150,29,0.40639354217018275
890,5,10,150,29,0.4032803369070646
891,5,10,150,29,0.0
892,5,10,150,29,0.42618748946767876
893,5,10,150,29,0.054605747800426374
894,5,10,150,29,0.30743600185807346
895,5,10,150,29,0.0
896,5,10,150,29,0.4888648147653622
897,5,10,150,29,0.1511515901535856
898,5,10,150,29,0.0
899,5,10,150,29,0.2643233082604678
900,5,10,150,29,0.04588516391390306
901,5,10,150,29,0.3073129336640979
902,5,10,150,29,0.025824233840383477
903,5,10,150,29,0.44327014931007236
904,5,10,150,29,0.0
905,5,10,150,29,0.08773956418811966
906,5,10,150,29,0.0
907,5,10,150,29,0.20933442038841785
908,5,10,150,29,0.19249208186274927
909,5,10,150,29,0.0
910,5,10,150,29,0.16878457380226566
911,5,10,150,29,0.07651869617017065
912,5,10,150,29,0.07877990502228673
913,5,10,150,29,0.22621241725736138
914,5,10,150,29,0.0
915,5,10,150,29,0.0
916,5,10,150,29,0.322265550903142
917,5,10,150,29,0.0
918,5,10,150,29,0.0
919,5,10,150,29,0.19863397446844855
920,5,10,150,29,0.26814570941777965
921,5,10,150,29,0.043176828187084765
922,5,10,150,29,0.12859981938909673
923,5,10,150,29,0.05516696561415715
924,5,10,150,29,0.06036368776798875
925,5,10,150,29,0.039791360812020615
926,5,10,150,29,0.18690891198435525
927,5,10,150,29,0.11549846835411778
928,5,10,150,29,0.08352144807379756
929,5,10,150,29,0.07877990502228673
930,5,10,150,29,0.10258491333412388
931,5,10,150,29,0.026765584926608993
932,5,10,150,29,0.3269353300404553
933,5,10,150,29,0.09099167359315001
934,5,10,150,29,0.09919618660741229
935,5,10,150,29,0.0
936,5,10,150,29,0.13788458399601258
937,5,10,150,29,0.0750451914573381
938,5,10,150,29,0.11977610927321557
939,5,10,150,29,0.03520918687757966
940,5,10,150,29,0.14470859483796877
941,5,10,150,29,0.17060921827860473
942,5,10,150,29,0.07284347760841119
943,5,10,150,29,0.3051080243556867
1,5,10,150,30,0.4058715898896693
2,5,10,150,30,0.0
3,5,10,150,30,0.0
4,5,10,150,30,0.0
5,5,10,150,30,0.04470486007704452
6,5,10,150,30,0.04187254809446048
7,5,10,150,30,0.06128073411436656
8,5,10,150,30,0.0
9,5,10,150,30,0.0
10,5,10,150,30,0.21422665043052946
11,5,10,150,30,0.03947525607388688
12,5,10,150,30,0.0787978565107802
13,5,10,150,30,0.3049531997154616
14,5,10,150,30,0.18795160328752808
15,5,10,150,30,0.0
16,5,10,150,30,0.11062750966338458
17,5,10,150,30,0.0
18,5,10,150,30,0.1528843013006747
19,5,10,150,30,0.0
20,5,10,150,30,0.13743816645714543
21,5,10,150,30,0.1265754929129826
22,5,10,150,30,0.0
23,5,10,150,30,0.06541518452970234
24,5,10,150,30,0.05010834716923557
25,5,10,150,30,0.23940867474021393
26,5,10,150,30,0.0
27,5,10,150,30,0.0
28,5,10,150,30,0.0
30,5,10,150,30,0.08133484538841967
31,5,10,150,30,0.0
32,5,10,150,30,0.19519002499605084
33,5,10,150,30,0.0
34,5,10,150,30,0.0
35,5,10,150,30,0.0
37,5,10,150,30,0.08177471774917201
38,5,10,150,30,0.0
39,5,10,150,30,0.0
40,5,10,150,30,0.0
41,5,10,150,30,0.06835476917178976
42,5,10,150,30,0.08850778826764391
43,5,10,150,30,0.0
44,5,10,150,30,0.23527481054060173
45,5,10,150,30,0.0
46,5,10,150,30,0.0
47,5,10,150,30,0.0
48,5,10,150,30,0.0
49,5,10,150,30,0.033808395438916686
52,5,10,150,30,0.0
53,5,10,150,30,0.0
54,5,10,150,30,0.0
55,5,10,150,30,0.0
56,5,10,150,30,0.11781210270929884
57,5,10,150,30,0.1318392860374695
58,5,10,150,30,0.25546756436153767
59,5,10,150,30,0.19233148606048747
60,5,10,150,30,0.1076743759411119
61,5,10,150,30,0.0
62,5,10,150,30,0.09586820699422145
63,5,10,150,30,0.0
64,5,10,150,30,0.04759023790187059
65,5,10,150,30,0.2342550150352983
66,5,10,150,30,0.0
67,5,10,150,30,0.0
68,5,10,150,30,0.0
69,5,10,150,30,0.0
70,5,10,150,30,0.0
71,5,10,150,30,0.20758456043036028
72,5,10,150,30,0.10990826949013655
73,5,10,150,30,0.0
74,5,10,150,30,0.0
75,5,10,150,30,0.0
76,5,10,150,30,0.10633668103022985
77,5,10,150,30,0.05154847002173459
78,5,10,150,30,0.0
79,5,10,150,30,0.0
80,5,10,150,30,0.0
81,5,10,150,30,0.0
82,5,10,150,30,0.0
83,5,10,150,30,0.07414861528507455
84,5,10,150,30,0.0
85,5,10,150,30,0.04734112273659951
86,5,10,150,30,0.0
87,5,10,150,30,0.07869360490688747
88,5,10,150,30,0.0
89,5,10,150,30,0.0
90,5,10,150,30,0.0561326498270945
91,5,10,150,30,0.0
92,5,10,150,30,0.03443345371775926
93,5,10,150,30,0.0
94,5,10,150,30,0.10820999222268357
95,5,10,150,30,0.07849567312219397
96,5,10,150,30,0.0
97,5,10,150,30,0.0
98,5,10,150,30,0.0
99,5,10,150,30,0.05278074934727935
100,5,10,150,30,0.0
101,5,10,150,30,0.0
102,5,10,150,30,0.0
103,5,10,150,30,0.0
104,5,10,150,30,0.33958467175585033
105,5,10,150,30,0.0
106,5,10,150,30,0.06516188295518531
107,5,10,150,30,0.0
109,5,10,150,30,0.16563719724029594
110,5,10,150,30,0.0
111,5,10,150,30,0.0
112,5,10,150,30,0.0
113,5,10,150,30,0.0
114,5,10,150,30,0.08274602130532002
115,5,10,150,30,0.04001677477281075
116,5,10,150,30,0.0
117,5,10,150,30,0.0
118,5,10,150,30,0.16958010263680806
119,5,10,150,30,0.0
120,5,10,150,30,0.0
121,5,10,150,30,0.13032376591037062
122,5,10,150,30,0.0
123,5,10,150,30,0.07303417492135322
124,5,10,150,30,0.0
125,5,10,150,30,0.05446333035917803
126,5,10,150,30,0.0
128,5,10,150,30,0.0
129,5,10,150,30,0.0
130,5,10,150,30,0.12848269861902195
131,5,10,150,30,0.0
132,5,10,150,30,0.0
133,5,10,150,30,0.0
134,5,10,150,30,0.0
135,5,10,150,30,0.0
136,5,10,150,30,0.0
137,5,10,150,30,0.0
138,5,10,150,30,0.0976168253917686
139,5,10,150,30,0.0
140,5,10,150,30,0.0
141,5,10,150,30,0.0
142,5,10,150,30,0.0
143,5,10,150,30,0.0
144,5,10,150,30,0.0
145,5,10,150,30,0.17597149971119974
146,5,10,150,30,0.0
147,5,10,150,30,0.0
148,5,10,150,30,0.0
149,5,10,150,30,0.0
150,5,10,150,30,0.2640681225725909
151,5,10,150,30,0.0
152,5,10,150,30,0.0
153,5,10,150,30,0.0
154,5,10,150,30,0.0
155,5,10,150,30,0.0
156,5,10,150,30,0.0
157,5,10,150,30,0.0
158,5,10,150,30,0.04759023790187059
159,5,10,150,30,0.23138144801632507
160,5,10,150,30,0.1719271394881576
161,5,10,150,30,0.0
162,5,10,150,30,0.0
163,5,10,150,30,0.0
164,5,10,150,30,0.0
165,5,10,150,30,0.0
167,5,10,150,30,0.05319635904163211
168,5,10,150,30,0.0
169,5,10,150,30,0.0
170,5,10,150,30,0.0
171,5,10,150,30,0.0
173,5,10,150,30,0.0
174,5,10,150,30,0.0
175,5,10,150,30,0.21517910082405575
176,5,10,150,30,0.0
177,5,10,150,30,0.38113435412202
178,5,10,150,30,0.12597398707460816
179,5,10,150,30,0.0
180,5,10,150,30,0.06228974831361337
181,5,10,150,30,0.06019022511512506
182,5,10,150,30,0.0
183,5,10,150,30,0.15101961822780524
184,5,10,150,30,0.0
185,5,10,150,30,0.0
186,5,10,150,30,0.0
187,5,10,150,30,0.0
188,5,10,150,30,0.07428207290250749
189,5,10,150,30,0.09998274523051486
190,5,10,150,30,0.0
192,5,10,150,30,0.123151194370365
193,5,10,150,30,0.0
194,5,10,150,30,0.0
195,5,10,150,30,0.0647083388415595
196,5,10,150,30,0.0
197,5,10,150,30,0.09546043308946733
198,5,10,150,30,0.0
199,5,10,150,30,0.0
200,5,10,150,30,0.09785159463516042
201,5,10,150,30,0.0
202,5,10,150,30,0.0
203,5,10,150,30,0.0
204,5,10,150,30,0.19519002499605084
205,5,10,150,30,0.0
206,5,10,150,30,0.0
207,5,10,150,30,0.0
208,5,10,150,30,0.0
209,5,10,150,30,0.0
210,5,10,150,30,0.1506292774654168
211,5,10,150,30,0.0
213,5,10,150,30,0.04465281017341861
214,5,10,150,30,0.0
216,5,10,150,30,0.23813231172447274
217,5,10,150,30,0.0
218,5,10,150,30,0.0
219,5,10,150,30,0.0
221,5,10,150,30,0.0
222,5,10,150,30,0.1050995674008573
223,5,10,150,30,0.0
224,5,10,150,30,0.0
225,5,10,150,30,0.0
226,5,10,150,30,0.19092086617893467
227,5,10,150,30,0.0
228,5,10,150,30,0.0
229,5,10,150,30,0.0
230,5,10,150,30,0.08993480096570136
231,5,10,150,30,0.0
232,5,10,150,30,0.0
233,5,10,150,30,0.18978688349077963
234,5,10,150,30,0.0
235,5,10,150,30,0.0
236,5,10,150,30,0.0
237,5,10,150,30,0.19342640361727081
238,5,10,150,30,0.0
239,5,10,150,30,0.06912040963822193
240,5,10,150,30,0.12495636102304827
241,5,10,150,30,0.0
242,5,10,150,30,0.0
243,5,10,150,30,0.0
244,5,10,150,30,0.049712302565054066
245,5,10,150,30,0.0
246,5,10,150,30,0.0561326498270945
247,5,10,150,30,0.09472348220010487
248,5,10,150,30,0.09472348220010487
249,5,10,150,30,0.056720838976548935
250,5,10,150,30,0.0
251,5,10,150,30,0.13032376591037062
252,5,10,150,30,0.20184908658209985
253,5,10,150,30,0.0
254,5,10,150,30,0.08514311764162098
255,5,10,150,30,0.0
256,5,10,150,30,0.0
257,5,10,150,30,0.07984133538066794
258,5,10,150,30,0.0
259,5,10,150,30,0.067856722420442
260,5,10,150,30,0.0
261,5,10,150,30,0.0
262,5,10,150,30,0.0
263,5,10,150,30,0.0956366800683804
264,5,10,150,30,0.0
265,5,10,150,30,0.0
266,5,10,150,30,0.0
267,5,10,150,30,0.14441789857547072
268,5,10,150,30,0.049712302565054066
269,5,10,150,30,0.052962244777770985
270,5,10,150,30,0.0
271,5,10,150,30,0.10406177364128634
272,5,10,150,30,0.0
273,5,10,150,30,0.0
274,5,10,150,30,0.0
275,5,10,150,30,0.0
276,5,10,150,30,0.18896076963553554
277,5,10,150,30,0.0
278,5,10,150,30,0.0
279,5,10,150,30,0.09089903111158015
280,5,10,150,30,0.11987424504051505
281,5,10,150,30,0.0
282,5,10,150,30,0.0
283,5,10,150,30,0.0
284,5,10,150,30,0.0
285,5,10,150,30,0.0
286,5,10,150,30,0.028420795802875647
287,5,10,150,30,0.0
288,5,10,150,30,0.0
289,5,10,150,30,0.0
290,5,10,150,30,0.07834851647149511
291,5,10,150,30,0.07828167840727236
292,5,10,150,30,0.0
293,5,10,150,30,0.06886690743551852
294,5,10,150,30,0.0
295,5,10,150,30,0.1710356533975505
296,5,10,150,30,0.07879213539011483
297,5,10,150,30,0.0
298,5,10,150,30,0.061080020762274374
299,5,10,150,30,0.0
300,5,10,150,30,0.0
301,5,10,150,30,0.06460801587741544
302,5,10,150,30,0.0
303,5,10,150,30,0.047432177927600454
304,5,10,150,30,0.0
305,5,10,150,30,0.11349000778741654
306,5,10,150,30,0.0
307,5,10,150,30,0.10778915452451093
308,5,10,150,30,0.13490077762666258
310,5,10,150,30,0.0
311,5,10,150,30,0.10462176685237631
312,5,10,150,30,0.05897356872503046
313,5,10,150,30,0.11270402374049442
314,5,10,150,30,0.16600564593053876
315,5,10,150,30,0.0
316,5,10,150,30,0.0
317,5,10,150,30,0.0
318,5,10,150,30,0.10567847230623394
319,5,10,150,30,0.0
320,5,10,150,30,0.13927874459665815
321,5,10,150,30,0.0
322,5,10,150,30,0.0
323,5,10,150,30,0.1610425878239398
324,5,10,150,30,0.0
325,5,10,150,30,0.09092803061897883
326,5,10,150,30,0.0
327,5,10,150,30,0.025410386140327024
328,5,10,150,30,0.09999985222348683
329,5,10,150,30,0.0
330,5,10,150,30,0.07197991643202278
331,5,10,150,30,0.0
332,5,10,150,30,0.0650278379951693
334,5,10,150,30,0.0
335,5,10,150,30,0.0
336,5,10,150,30,0.049712302565054066
337,5,10,150,30,0.0
338,5,10,150,30,0.07132875491150918
339,5,10,150,30,0.1430641274918087
340,5,10,150,30,0.0
341,5,10,150,30,0.0
342,5,10,150,30,0.31341134215401556
343,5,10,150,30,0.09229649639444802
344,5,10,150,30,0.1202034973803211
345,5,10,150,30,0.1536414362770729
346,5,10,150,30,0.04366879852493834
347,5,10,150,30,0.1969404851249289
348,5,10,150,30,0.0
349,5,10,150,30,0.0
350,5,10,150,30,0.0
351,5,10,150,30,0.0
352,5,10,150,30,0.1903601622684853
353,5,10,150,30,0.14434031438272124
354,5,10,150,30,0.06335619058732639
355,5,10,150,30,0.0
356,5,10,150,30,0.0
357,5,10,150,30,0.0
358,5,10,150,30,0.06364028872631156
359,5,10,150,30,0.3010299956639812
360,5,10,150,30,0.07256783117062009
361,5,10,150,30,0.09478836436955078
362,5,10,150,30,0.0
363,5,10,150,30,0.25345280115599367
364,5,10,150,30,0.0
365,5,10,150,30,0.0
366,5,10,150,30,0.0
367,5,10,150,30,0.0
368,5,10,150,30,0.0
369,5,10,150,30,0.0
370,5,10,150,30,0.0
371,5,10,150,30,0.07984133538066794
372,5,10,150,30,0.15130120674940672
373,5,10,150,30,0.22842722979011518
374,5,10,150,30,0.07797370539844085
375,5,10,150,30,0.0
376,5,10,150,30,0.0
377,5,10,150,30,0.0
378,5,10,150,30,0.14070331533724764
379,5,10,150,30,0.0
380,5,10,150,30,0.0
381,5,10,150,30,0.0
382,5,10,150,30,0.05261577455142312
383,5,10,150,30,0.0
384,5,10,150,30,0.0
385,5,10,150,30,0.0
386,5,10,150,30,0.0
387,5,10,150,30,0.06148726205890397
388,5,10,150,30,0.0
389,5,10,150,30,0.05770840665452431
390,5,10,150,30,0.0
391,5,10,150,30,0.11245246430543061
392,5,10,150,30,0.11004588314904008
393,5,10,150,30,0.12482335563981059
394,5,10,150,30,0.11969186157183802
395,5,10,150,30,0.0
396,5,10,150,30,0.0
397,5,10,150,30,0.11004588314904008
398,5,10,150,30,0.21225568458158228
399,5,10,150,30,0.026175882249243814
400,5,10,150,30,0.0
401,5,10,150,30,0.0
402,5,10,150,30,0.0
403,5,10,150,30,0.2529427027676571
404,5,10,150,30,0.0
405,5,10,150,30,0.054889988960359064
406,5,10,150,30,0.06544709456255864
407,5,10,150,30,0.07081727565973653
408,5,10,150,30,0.09983719697789138
409,5,10,150,30,0.0334374913847135
410,5,10,150,30,0.0
411,5,10,150,30,0.17342765698823945
412,5,10,150,30,0.0
413,5,10,150,30,0.0
414,5,10,150,30,0.21398626473452756
415,5,10,150,30,0.0
416,5,10,150,30,0.12572654934060284
417,5,10,150,30,0.0895852844335066
419,5,10,150,30,0.30260241349881345
420,5,10,150,30,0.0
421,5,10,150,30,0.0
422,5,10,150,30,0.0
423,5,10,150,30,0.08440880858250024
424,5,10,150,30,0.0
425,5,10,150,30,0.2082843711703412
426,5,10,150,30,0.13571943816109763
427,5,10,150,30,0.0
428,5,10,150,30,0.0
429,5,10,150,30,0.19700348795961664
430,5,10,150,30,0.1261446714466394
431,5,10,150,30,0.0
432,5,10,150,30,0.0
433,5,10,150,30,0.0
434,5,10,150,30,0.3903800499921017
435,5,10,150,30,0.13058822760976072
436,5,10,150,30,0.06490403551612171
437,5,10,150,30,0.22972973128433707
438,5,10,150,30,0.0
439,5,10,150,30,0.0
440,5,10,150,30,0.0
441,5,10,150,30,0.0
442,5,10,150,30,0.0
443,5,10,150,30,0.0
445,5,10,150,30,0.0
446,5,10,150,30,0.0
447,5,10,150,30,0.21015429952548687
448,5,10,150,30,0.0
449,5,10,150,30,0.04403205443910179
450,5,10,150,30,0.2306039670907712
451,5,10,150,30,0.0
452,5,10,150,30,0.05531631230858006
453,5,10,150,30,0.029956785715628154
454,5,10,150,30,0.0
455,5,10,150,30,0.0
456,5,10,150,30,0.07758828619721583
457,5,10,150,30,0.23178369713054292
458,5,10,150,30,0.0
459,5,10,150,30,0.0
460,5,10,150,30,0.0
461,5,10,150,30,0.0
462,5,10,150,30,0.0
463,5,10,150,30,0.0
464,5,10,150,30,0.0
465,5,10,150,30,0.0
466,5,10,150,30,0.03947525607388688
467,5,10,150,30,0.0
468,5,10,150,30,0.2274029849082819
469,5,10,150,30,0.0
470,5,10,150,30,0.0
471,5,10,150,30,0.0
472,5,10,150,30,0.0764979626907654
473,5,10,150,30,0.08754031530847717
474,5,10,150,30,0.27754332864742914
475,5,10,150,30,0.06516188295518531
476,5,10,150,30,0.0
477,5,10,150,30,0.0
478,5,10,150,30,0.18414433770856484
479,5,10,150,30,0.07834096783470737
480,5,10,150,30,0.21398626473452756
481,5,10,150,30,0.07303417492135322
482,5,10,150,30,0.0
483,5,10,150,30,0.06912040963822193
484,5,10,150,30,0.09353062527112192
485,5,10,150,30,0.0
486,5,10,150,30,0.06310203546556838
487,5,10,150,30,0.11214662548205799
488,5,10,150,30,0.0
489,5,10,150,30,0.0
490,5,10,150,30,0.0
491,5,10,150,30,0.19092086617893467
492,5,10,150,30,0.043134162606390795
493,5,10,150,30,0.0
494,5,10,150,30,0.0
495,5,10,150,30,0.1091514658259318
496,5,10,150,30,0.05459112561892713
497,5,10,150,30,0.0
498,5,10,150,30,0.03855307727568851
499,5,10,150,30,0.1912282106369008
500,5,10,150,30,0.03285786528429744
501,5,10,150,30,0.0
502,5,10,150,30,0.06364028872631156
503,5,10,150,30,0.14184577198353127
504,5,10,150,30,0.0
505,5,10,150,30,0.0
506,5,10,150,30,0.09319342335054531
507,5,10,150,30,0.0
508,5,10,150,30,0.0
509,5,10,150,30,0.06474271459046577
510,5,10,150,30,0.0
511,5,10,150,30,0.0
512,5,10,150,30,0.0
513,5,10,150,30,0.0
514,5,10,150,30,0.10595566933616397
515,5,10,150,30,0.0
516,5,10,150,30,0.0
517,5,10,150,30,0.042259191411409554
518,5,10,150,30,0.0
519,5,10,150,30,0.0
520,5,10,150,30,0.0
521,5,10,150,30,0.0
522,5,10,150,30,0.0
523,5,10,150,30,0.0316088333445714
524,5,10,150,30,0.11250829096145464
525,5,10,150,30,0.0
526,5,10,150,30,0.0
527,5,10,150,30,0.12265062558661
528,5,10,150,30,0.05780700008370542
529,5,10,150,30,0.0
530,5,10,150,30,0.0
531,5,10,150,30,0.0
532,5,10,150,30,0.0
533,5,10,150,30,0.15924256112129198
534,5,10,150,30,0.04084531701587904
535,5,10,150,30,0.2638979864065272
536,5,10,150,30,0.21388168927165493
537,5,10,150,30,0.34763804676863125
538,5,10,150,30,0.0
539,5,10,150,30,0.06794340091829075
540,5,10,150,30,0.0
541,5,10,150,30,0.10325837973459957
542,5,10,150,30,0.12627825946936164
543,5,10,150,30,0.0
544,5,10,150,30,0.0
545,5,10,150,30,0.052962244777770985
546,5,10,150,30,0.11781210270929884
547,5,10,150,30,0.0
548,5,10,150,30,0.0
549,5,10,150,30,0.0
550,5,10,150,30,0.0
551,5,10,150,30,0.3379392586184047
552,5,10,150,30,0.0
553,5,10,150,30,0.13262997582871638
554,5,10,150,30,0.16600564593053876
555,5,10,150,30,0.0
556,5,10,150,30,0.046823654699505654
557,5,10,150,30,0.0
558,5,10,150,30,0.0
559,5,10,150,30,0.0734773909038217
560,5,10,150,30,0.1668756843611104
561,5,10,150,30,0.0
562,5,10,150,30,0.0
563,5,10,150,30,0.0
564,5,10,150,30,0.0
565,5,10,150,30,0.10523285614729473
566,5,10,150,30,0.14552591212180463
567,5,10,150,30,0.06880728971895941
568,5,10,150,30,0.0
569,5,10,150,30,0.0
570,5,10,150,30,0.0
571,5,10,150,30,0.0
572,5,10,150,30,0.0
573,5,10,150,30,0.0
574,5,10,150,30,0.04185567464896701
575,5,10,150,30,0.0
576,5,10,150,30,0.17342765698823945
577,5,10,150,30,0.19960080511051032
578,5,10,150,30,0.0
579,5,10,150,30,0.0
580,5,10,150,30,0.10209739512291163
581,5,10,150,30,0.0
582,5,10,150,30,0.0
583,5,10,150,30,0.0
584,5,10,150,30,0.0
585,5,10,150,30,0.0
586,5,10,150,30,0.07808022171825485
587,5,10,150,30,0.0
588,5,10,150,30,0.2550923138024685
589,5,10,150,30,0.0
590,5,10,150,30,0.18511573258657482
591,5,10,150,30,0.15758427078022966
592,5,10,150,30,0.2269806743690931
593,5,10,150,30,0.1091514658259318
594,5,10,150,30,0.0843142342558857
595,5,10,150,30,0.0
596,5,10,150,30,0.0
597,5,10,150,30,0.0
598,5,10,150,30,0.11752277470724268
599,5,10,150,30,0.0
600,5,10,150,30,0.0
601,5,10,150,30,0.026557570376145638
602,5,10,150,30,0.0
603,5,10,150,30,0.06194403202282284
604,5,10,150,30,0.0
605,5,10,150,30,0.04265230456965118
606,5,10,150,30,0.20320407168801313
607,5,10,150,30,0.0
608,5,10,150,30,0.126140293880171
609,5,10,150,30,0.11838279295536291
610,5,10,150,30,0.0
611,5,10,150,30,0.0
612,5,10,150,30,0.0
613,5,10,150,30,0.15130120674940672
614,5,10,150,30,0.13886244387355454
615,5,10,150,30,0.022974664140439565
616,5,10,150,30,0.09781579202094404
617,5,10,150,30,0.03888053661057258
618,5,10,150,30,0.17946988569245442
619,5,10,150,30,0.1303945739341477
620,5,10,150,30,0.07294523354186429
621,5,10,150,30,0.1091514658259318
622,5,10,150,30,0.15990914988502372
623,5,10,150,30,0.0
624,5,10,150,30,0.0
625,5,10,150,30,0.0
626,5,10,150,30,0.0
627,5,10,150,30,0.03155184951131585
628,5,10,150,30,0.0
629,5,10,150,30,0.11794421963488726
630,5,10,150,30,0.09942460513010813
631,5,10,150,30,0.0
632,5,10,150,30,0.27747197176405525
633,5,10,150,30,0.0455520698635181
634,5,10,150,30,0.023756977677906275
635,5,10,150,30,0.0
636,5,10,150,30,0.0
637,5,10,150,30,0.0
638,5,10,150,30,0.15473934503245962
639,5,10,150,30,0.0
640,5,10,150,30,0.0637867864178444
641,5,10,150,30,0.0
642,5,10,150,30,0.07597947372624586
643,5,10,150,30,0.16571575146453027
644,5,10,150,30,0.0
645,5,10,150,30,0.15692679109381383
646,5,10,150,30,0.0
647,5,10,150,30,0.03673869545191085
648,5,10,150,30,0.08596571168511166
649,5,10,150,30,0.0
650,5,10,150,30,0.0
651,5,10,150,30,0.0
652,5,10,150,30,0.0
653,5,10,150,30,0.06238502541586152
654,5,10,150,30,0.1370896594238334
655,5,10,150,30,0.26034348574839233
656,5,10,150,30,0.0
657,5,10,150,30,0.053845569940583225
658,5,10,150,30,0.0
659,5,10,150,30,0.05020845409260219
660,5,10,150,30,0.0
661,5,10,150,30,0.0860496199597963
662,5,10,150,30,0.0
663,5,10,150,30,0.10320255215045143
664,5,10,150,30,0.06635509023122643
665,5,10,150,30,0.0
666,5,10,150,30,0.1091514658259318
667,5,10,150,30,0.19635793579928928
668,5,10,150,30,0.0
669,5,10,150,30,0.22632909548805388
670,5,10,150,30,0.12157378658832337
671,5,10,150,30,0.1483460835357466
672,5,10,150,30,0.0
673,5,10,150,30,0.0
674,5,10,150,30,0.0
675,5,10,150,30,0.05010834716923557
676,5,10,150,30,0.0
677,5,10,150,30,0.03927489746221688
678,5,10,150,30,0.0
679,5,10,150,30,0.213690313463914
680,5,10,150,30,0.2073612289146658
681,5,10,150,30,0.0
682,5,10,150,30,0.1556315793259216
683,5,10,150,30,0.03719976603506465
684,5,10,150,30,0.0
685,5,10,150,30,0.0
686,5,10,150,30,0.08962483220812449
687,5,10,150,30,0.0
688,5,10,150,30,0.0
689,5,10,150,30,0.27487633291429087
690,5,10,150,30,0.0
691,5,10,150,30,0.0
692,5,10,150,30,0.0
693,5,10,150,30,0.0
694,5,10,150,30,0.12999248121819795
695,5,10,150,30,0.0
696,5,10,150,30,0.0
697,5,10,150,30,0.047008977610577894
698,5,10,150,30,0.1091514658259318
699,5,10,150,30,0.0
700,5,10,150,30,0.16958010263680806
701,5,10,150,30,0.04129602134854855
702,5,10,150,30,0.0
703,5,10,150,30,0.0
704,5,10,150,30,0.03898594405226045
705,5,10,150,30,0.10665392793551529
706,5,10,150,30,0.0
707,5,10,150,30,0.11041429142224035
708,5,10,150,30,0.02203212367606162
709,5,10,150,30,0.10638209419788618
710,5,10,150,30,0.05710411178654767
711,5,10,150,30,0.1430980264706169
712,5,10,150,30,0.07641938451756627
713,5,10,150,30,0.0
714,5,10,150,30,0.04195229264874745
715,5,10,150,30,0.1077474440460911
716,5,10,150,30,0.16106305389149944
717,5,10,150,30,0.1671511698578214
718,5,10,150,30,0.0
719,5,10,150,30,0.09062728932377442
720,5,10,150,30,0.05261577455142312
721,5,10,150,30,0.1091514658259318
722,5,10,150,30,0.0
723,5,10,150,30,0.0
724,5,10,150,30,0.0
725,5,10,150,30,0.05750402108673013
726,5,10,150,30,0.2529427027676571
727,5,10,150,30,0.14753944235412786
728,5,10,150,30,0.0
729,5,10,150,30,0.0
730,5,10,150,30,0.0
731,5,10,150,30,0.0
732,5,10,150,30,0.0
733,5,10,150,30,0.0
734,5,10,150,30,0.0655813061736612
735,5,10,150,30,0.0
736,5,10,150,30,0.0
737,5,10,150,30,0.16282663249631943
738,5,10,150,30,0.3052983117474525
739,5,10,150,30,0.0
740,5,10,150,30,0.0
741,5,10,150,30,0.08771376837825601
742,5,10,150,30,0.0
743,5,10,150,30,0.0
744,5,10,150,30,0.0
745,5,10,150,30,0.33763622740733124
746,5,10,150,30,0.0887698338460232
747,5,10,150,30,0.37932652049287546
748,5,10,150,30,0.22765754313449346
749,5,10,150,30,0.1766369164310751
750,5,10,150,30,0.07219614103266732
751,5,10,150,30,0.07749632054908513
752,5,10,150,30,0.0
753,5,10,150,30,0.12545067621282432
754,5,10,150,30,0.0
755,5,10,150,30,0.0
756,5,10,150,30,0.02412953926269958
757,5,10,150,30,0.0
758,5,10,150,30,0.14952065295939118
759,5,10,150,30,0.0
760,5,10,150,30,0.0791475180064264
761,5,10,150,30,0.03339755935325358
762,5,10,150,30,0.0647083388415595
763,5,10,150,30,0.269256262517302
764,5,10,150,30,0.07267258236815091
765,5,10,150,30,0.0
766,5,10,150,30,0.0787716981479144
767,5,10,150,30,0.2073612289146658
768,5,10,150,30,0.07655078846581868
769,5,10,150,30,0.0
770,5,10,150,30,0.0
771,5,10,150,30,0.08294076634213902
772,5,10,150,30,0.0
773,5,10,150,30,0.12836487327481824
774,5,10,150,30,0.049327083485987806
775,5,10,150,30,0.0
776,5,10,150,30,0.10849958578734763
777,5,10,150,30,0.07593877439304607
778,5,10,150,30,0.0
779,5,10,150,30,0.05878132199396477
780,5,10,150,30,0.04759023790187059
781,5,10,150,30,0.21898681539091044
782,5,10,150,30,0.0
783,5,10,150,30,0.0
784,5,10,150,30,0.0
785,5,10,150,30,0.048159222084064895
786,5,10,150,30,0.16186151989323647
787,5,10,150,30,0.0683037314796457
788,5,10,150,30,0.29281008733498654
789,5,10,150,30,0.059109628562248356
790,5,10,150,30,0.10969591739429828
791,5,10,150,30,0.0
792,5,10,150,30,0.0
793,5,10,150,30,0.0
794,5,10,150,30,0.1678954833056024
795,5,10,150,30,0.16111684000244972
796,5,10,150,30,0.43659991683755783
797,5,10,150,30,0.046287481291184845
798,5,10,150,30,0.12248748796552443
799,5,10,150,30,0.0
800,5,10,150,30,0.0
801,5,10,150,30,0.0
802,5,10,150,30,0.030863419558816
803,5,10,150,30,0.0
804,5,10,150,30,0.18586949924554028
805,5,10,150,30,0.1806489197818803
806,5,10,150,30,0.19455483941605975
807,5,10,150,30,0.1857377613034411
808,5,10,150,30,0.0
809,5,10,150,30,0.0
810,5,10,150,30,0.0
811,5,10,150,30,0.0
812,5,10,150,30,0.0
813,5,10,150,30,0.17367331957930765
814,5,10,150,30,0.060961917527339995
815,5,10,150,30,0.32482143165006244
816,5,10,150,30,0.041774375925183446
817,5,10,150,30,0.0
818,5,10,150,30,0.0
819,5,10,150,30,0.0458402539699961
820,5,10,150,30,0.0
821,5,10,150,30,0.10332444476421325
822,5,10,150,30,0.0
823,5,10,150,30,0.2979023777758465
824,5,10,150,30,0.0
825,5,10,150,30,0.042225550968526857
826,5,10,150,30,0.06616840306705553
827,5,10,150,30,0.0
828,5,10,150,30,0.07051346641586684
829,5,10,150,30,0.11662859507655918
830,5,10,150,30,0.05115973719193336
831,5,10,150,30,0.0960228659850268
832,5,10,150,30,0.0
833,5,10,150,30,0.2416187323253606
834,5,10,150,30,0.0
835,5,10,150,30,0.03155184951131585
836,5,10,150,30,0.05823597777878099
837,5,10,150,30,0.0
838,5,10,150,30,0.10437632844914937
839,5,10,150,30,0.03322541746578526
840,5,10,150,30,0.3370692622746918
841,5,10,150,30,0.0
842,5,10,150,30,0.03314153504336938
843,5,10,150,30,0.17110194510048096
844,5,10,150,30,0.14873375033039388
845,5,10,150,30,0.0
846,5,10,150,30,0.2742423601759468
847,5,10,150,30,0.0
848,5,10,150,30,0.07303688337976545
849,5,10,150,30,0.0
850,5,10,150,30,0.06363461819992405
851,5,10,150,30,0.32050884699225585
852,5,10,150,30,0.0
853,5,10,150,30,0.0
854,5,10,150,30,0.2134857374528851
855,5,10,150,30,0.0
856,5,10,150,30,0.0
857,5,10,150,30,0.0
858,5,10,150,30,0.0
859,5,10,150,30,0.0
860,5,10,150,30,0.0
861,5,10,150,30,0.09836355940276224
862,5,10,150,30,0.15950472569021118
863,5,10,150,30,0.0
864,5,10,150,30,0.3087697985384891
865,5,10,150,30,0.0
866,5,10,150,30,0.04622440829742681
867,5,10,150,30,0.2815020518705823
868,5,10,150,30,0.20712014202722975
869,5,10,150,30,0.030718920234936747
870,5,10,150,30,0.18647651174007165
871,5,10,150,30,0.11827597097241423
872,5,10,150,30,0.0
873,5,10,150,30,0.0
874,5,10,150,30,0.06575393297476358
875,5,10,150,30,0.23119900357581322
876,5,10,150,30,0.0
877,5,10,150,30,0.042225550968526857
878,5,10,150,30,0.07431581322366254
879,5,10,150,30,0.04258528250242427
880,5,10,150,30,0.46863430968538766
881,5,10,150,30,0.45608589136682964
882,5,10,150,30,0.29128300601765533
883,5,10,150,30,0.3525972171808922
884,5,10,150,30,0.028767091820622218
885,5,10,150,30,0.14794819440556153
886,5,10,150,30,0.2827138814510982
887,5,10,150,30,0.12040724683475089
888,5,10,150,30,0.0
889,5,10,150,30,0.3974398293879366
890,5,10,150,30,0.39439521464820443
891,5,10,150,30,0.0
892,5,10,150,30,0.4167976739905367
893,5,10,150,30,0.053402667211463556
894,5,10,150,30,0.3006625338426625
895,5,10,150,30,0.0
896,5,10,150,30,0.47809408470557685
897,5,10,150,30,0.14782139962548843
898,5,10,150,30,0.0
899,5,10,150,30,0.25849970444240744
900,5,10,150,30,0.04588516391390306
901,5,10,150,30,0.32257430077841887
902,5,10,150,30,0.025255271126572616
903,5,10,150,30,0.4335039665585666
904,5,10,150,30,0.0
905,5,10,150,30,0.08773956418811966
906,5,10,150,30,0.0
907,5,10,150,30,0.20472233854876357
908,5,10,150,30,0.18825107250848663
909,5,10,150,30,0.0
910,5,10,150,30,0.1650658911976428
911,5,10,150,30,0.07483282679261848
912,5,10,150,30,0.07877990502228673
913,5,10,150,30,0.22122847730328637
914,5,10,150,30,0.0
915,5,10,150,30,0.0
916,5,10,150,30,0.31516535642910987
917,5,10,150,30,0.0
918,5,10,150,30,0.0
919,5,10,150,30,0.19425764617669203
920,5,10,150,30,0.26814570941777965
921,5,10,150,30,0.042225550968526857
922,5,10,150,30,0.12576649226359699
923,5,10,150,30,0.053951520204913006
924,5,10,150,30,0.05903374753354126
925,5,10,150,30,0.039791360812020615
926,5,10,150,30,0.18690891198435525
927,5,10,150,30,0.11295379181494418
928,5,10,150,30,0.08352144807379756
929,5,10,150,30,0.07704421641164733
930,5,10,150,30,0.10032474983624841
931,5,10,150,30,0.026175882249243814
932,5,10,150,30,0.31973225041493
933,5,10,150,30,0.0889869337870539
934,5,10,150,30,0.11904280763194572
935,5,10,150,30,0.0
936,5,10,150,30,0.13484669378839015
937,5,10,150,30,0.0750451914573381
938,5,10,150,30,0.11713718722027062
939,5,10,150,30,0.03443345371775926
940,5,10,150,30,0.14152035717950956
941,5,10,150,30,0.17060921827860473
942,5,10,150,30,0.07123858110074825
943,5,10,150,30,0.2983858466285234
1,5,10,150,31,0.4058715898896693
2,5,10,150,31,0.0
3,5,10,150,31,0.0
4,5,10,150,31,0.0
5,5,10,150,31,0.04470486007704452
6,5,10,150,31,0.04187254809446048
7,5,10,150,31,0.06128073411436656
8,5,10,150,31,0.0
9,5,10,150,31,0.0
10,5,10,150,31,0.21422665043052946
11,5,10,150,31,0.03947525607388688
12,5,10,150,31,0.0787978565107802
13,5,10,150,31,0.3198021188708495
14,5,10,150,31,0.18795160328752808
15,5,10,150,31,0.0
16,5,10,150,31,0.11062750966338458
17,5,10,150,31,0.0
18,5,10,150,31,0.1528843013006747
19,5,10,150,31,0.0
20,5,10,150,31,0.13743816645714543
21,5,10,150,31,0.1265754929129826
22,5,10,150,31,0.0
23,5,10,150,31,0.06541518452970234
24,5,10,150,31,0.05010834716923557
25,5,10,150,31,0.23940867474021393
26,5,10,150,31,0.0
27,5,10,150,31,0.0
28,5,10,150,31,0.0
30,5,10,150,31,0.08133484538841967
31,5,10,150,31,0.0
32,5,10,150,31,0.19519002499605084
33,5,10,150,31,0.0
34,5,10,150,31,0.0
35,5,10,150,31,0.0
37,5,10,150,31,0.08177471774917201
38,5,10,150,31,0.0
39,5,10,150,31,0.0
40,5,10,150,31,0.0
41,5,10,150,31,0.06835476917178976
42,5,10,150,31,0.08850778826764391
43,5,10,150,31,0.0
44,5,10,150,31,0.23527481054060173
45,5,10,150,31,0.0
46,5,10,150,31,0.0
47,5,10,150,31,0.0
48,5,10,150,31,0.0
49,5,10,150,31,0.033808395438916686
52,5,10,150,31,0.0
53,5,10,150,31,0.0
54,5,10,150,31,0.0
55,5,10,150,31,0.0
56,5,10,150,31,0.11781210270929884
57,5,10,150,31,0.1318392860374695
58,5,10,150,31,0.25546756436153767
59,5,10,150,31,0.19233148606048747
60,5,10,150,31,0.1076743759411119
61,5,10,150,31,0.0
62,5,10,150,31,0.09586820699422145
63,5,10,150,31,0.0
64,5,10,150,31,0.04759023790187059
65,5,10,150,31,0.2342550150352983
66,5,10,150,31,0.0
67,5,10,150,31,0.0
68,5,10,150,31,0.0
69,5,10,150,31,0.0
70,5,10,150,31,0.0
71,5,10,150,31,0.20758456043036028
72,5,10,150,31,0.10990826949013655
73,5,10,150,31,0.0
74,5,10,150,31,0.0
75,5,10,150,31,0.0
76,5,10,150,31,0.10633668103022985
77,5,10,150,31,0.05154847002173459
78,5,10,150,31,0.0
79,5,10,150,31,0.0
80,5,10,150,31,0.0
81,5,10,150,31,0.0
82,5,10,150,31,0.0
83,5,10,150,31,0.07414861528507455
84,5,10,150,31,0.0
85,5,10,150,31,0.04734112273659951
86,5,10,150,31,0.0
87,5,10,150,31,0.1102104590629334
88,5,10,150,31,0.0
89,5,10,150,31,0.0
90,5,10,150,31,0.0561326498270945
91,5,10,150,31,0.0
92,5,10,150,31,0.03369782041898502
93,5,10,150,31,0.0
94,5,10,150,31,0.10589820339686351
95,5,10,150,31,0.07849567312219397
96,5,10,150,31,0.0
97,5,10,150,31,0.0
98,5,10,150,31,0.0
99,5,10,150,31,0.05278074934727935
100,5,10,150,31,0.0
101,5,10,150,31,0.0
102,5,10,150,31,0.0
103,5,10,150,31,0.0
104,5,10,150,31,0.33958467175585033
105,5,10,150,31,0.0
106,5,10,150,31,0.06516188295518531
107,5,10,150,31,0.0
109,5,10,150,31,0.16563719724029594
110,5,10,150,31,0.0
111,5,10,150,31,0.0
112,5,10,150,31,0.07807600999842033
113,5,10,150,31,0.0
114,5,10,150,31,0.08274602130532002
115,5,10,150,31,0.04001677477281075
116,5,10,150,31,0.0
117,5,10,150,31,0.0
118,5,10,150,31,0.16958010263680806
119,5,10,150,31,0.0
120,5,10,150,31,0.0
121,5,10,150,31,0.13032376591037062
122,5,10,150,31,0.0
123,5,10,150,31,0.07303417492135322
124,5,10,150,31,0.0
125,5,10,150,31,0.05446333035917803
126,5,10,150,31,0.0
128,5,10,150,31,0.0
129,5,10,150,31,0.0
130,5,10,150,31,0.12848269861902195
131,5,10,150,31,0.0
132,5,10,150,31,0.0
133,5,10,150,31,0.0
134,5,10,150,31,0.0
135,5,10,150,31,0.0
136,5,10,150,31,0.0
137,5,10,150,31,0.0
138,5,10,150,31,0.0976168253917686
139,5,10,150,31,0.0
140,5,10,150,31,0.0
141,5,10,150,31,0.0
142,5,10,150,31,0.0
143,5,10,150,31,0.0
144,5,10,150,31,0.0
145,5,10,150,31,0.17597149971119974
146,5,10,150,31,0.0
147,5,10,150,31,0.0
148,5,10,150,31,0.0
149,5,10,150,31,0.0
150,5,10,150,31,0.2640681225725909
151,5,10,150,31,0.02671804748260287
152,5,10,150,31,0.0
153,5,10,150,31,0.0
154,5,10,150,31,0.0
155,5,10,150,31,0.0
156,5,10,150,31,0.0
157,5,10,150,31,0.0
158,5,10,150,31,0.04759023790187059
159,5,10,150,31,0.23138144801632507
160,5,10,150,31,0.1719271394881576
161,5,10,150,31,0.0
162,5,10,150,31,0.0
163,5,10,150,31,0.0
164,5,10,150,31,0.0
165,5,10,150,31,0.0
167,5,10,150,31,0.05319635904163211
168,5,10,150,31,0.0
169,5,10,150,31,0.0
170,5,10,150,31,0.0
171,5,10,150,31,0.0
173,5,10,150,31,0.0
174,5,10,150,31,0.0
175,5,10,150,31,0.21517910082405575
176,5,10,150,31,0.0
177,5,10,150,31,0.38113435412202
178,5,10,150,31,0.12597398707460816
179,5,10,150,31,0.0
180,5,10,150,31,0.06228974831361337
181,5,10,150,31,0.05890432640109142
182,5,10,150,31,0.0
183,5,10,150,31,0.15101961822780524
184,5,10,150,31,0.0
185,5,10,150,31,0.0
186,5,10,150,31,0.0
187,5,10,150,31,0.0
188,5,10,150,31,0.12925733948536566
189,5,10,150,31,0.13149959938656078
190,5,10,150,31,0.0
192,5,10,150,31,0.123151194370365
193,5,10,150,31,0.0
194,5,10,150,31,0.0
195,5,10,150,31,0.0647083388415595
196,5,10,150,31,0.0
197,5,10,150,31,0.09546043308946733
198,5,10,150,31,0.0
199,5,10,150,31,0.0
200,5,10,150,31,0.09785159463516042
201,5,10,150,31,0.0
202,5,10,150,31,0.0
203,5,10,150,31,0.0
204,5,10,150,31,0.19519002499605084
205,5,10,150,31,0.0
206,5,10,150,31,0.0
207,5,10,150,31,0.0
208,5,10,150,31,0.0
209,5,10,150,31,0.0
210,5,10,150,31,0.1506292774654168
211,5,10,150,31,0.0
213,5,10,150,31,0.04465281017341861
214,5,10,150,31,0.0
216,5,10,150,31,0.23813231172447274
217,5,10,150,31,0.0
218,5,10,150,31,0.0
219,5,10,150,31,0.0
221,5,10,150,31,0.0
222,5,10,150,31,0.1050995674008573
223,5,10,150,31,0.0
224,5,10,150,31,0.0
225,5,10,150,31,0.0
226,5,10,150,31,0.19092086617893467
227,5,10,150,31,0.0
228,5,10,150,31,0.0
229,5,10,150,31,0.0
230,5,10,150,31,0.08993480096570136
231,5,10,150,31,0.0
232,5,10,150,31,0.0
233,5,10,150,31,0.18978688349077963
234,5,10,150,31,0.0
235,5,10,150,31,0.0
236,5,10,150,31,0.0
237,5,10,150,31,0.19342640361727081
238,5,10,150,31,0.0
239,5,10,150,31,0.06912040963822193
240,5,10,150,31,0.12495636102304827
241,5,10,150,31,0.0
242,5,10,150,31,0.0
243,5,10,150,31,0.0
244,5,10,150,31,0.049712302565054066
245,5,10,150,31,0.0
246,5,10,150,31,0.0561326498270945
247,5,10,150,31,0.09472348220010487
248,5,10,150,31,0.09472348220010487
249,5,10,150,31,0.056720838976548935
250,5,10,150,31,0.0
251,5,10,150,31,0.13032376591037062
252,5,10,150,31,0.20184908658209985
253,5,10,150,31,0.0
254,5,10,150,31,0.08514311764162098
255,5,10,150,31,0.0
256,5,10,150,31,0.0
257,5,10,150,31,0.07984133538066794
258,5,10,150,31,0.0
259,5,10,150,31,0.067856722420442
260,5,10,150,31,0.0
261,5,10,150,31,0.0
262,5,10,150,31,0.0
263,5,10,150,31,0.0956366800683804
264,5,10,150,31,0.0
265,5,10,150,31,0.0
266,5,10,150,31,0.0
267,5,10,150,31,0.14441789857547072
268,5,10,150,31,0.049712302565054066
269,5,10,150,31,0.052962244777770985
270,5,10,150,31,0.0
271,5,10,150,31,0.10406177364128634
272,5,10,150,31,0.0
273,5,10,150,31,0.0
274,5,10,150,31,0.0
275,5,10,150,31,0.0
276,5,10,150,31,0.18492382825157508
277,5,10,150,31,0.0
278,5,10,150,31,0.0
279,5,10,150,31,0.08895707214748394
280,5,10,150,31,0.11987424504051505
281,5,10,150,31,0.0
282,5,10,150,31,0.0
283,5,10,150,31,0.0
284,5,10,150,31,0.0
285,5,10,150,31,0.0
286,5,10,150,31,0.028420795802875647
287,5,10,150,31,0.0
288,5,10,150,31,0.0
289,5,10,150,31,0.0
290,5,10,150,31,0.07834851647149511
291,5,10,150,31,0.07828167840727236
292,5,10,150,31,0.0
293,5,10,150,31,0.06739564083797003
294,5,10,150,31,0.0
295,5,10,150,31,0.1710356533975505
296,5,10,150,31,0.07879213539011483
297,5,10,150,31,0.0
298,5,10,150,31,0.061080020762274374
299,5,10,150,31,0.0
300,5,10,150,31,0.0
301,5,10,150,31,0.06460801587741544
302,5,10,150,31,0.0
303,5,10,150,31,0.04641884101975111
304,5,10,150,31,0.0
305,5,10,150,31,0.11349000778741654
306,5,10,150,31,0.0
307,5,10,150,31,0.10778915452451093
308,5,10,150,31,0.13490077762666258
310,5,10,150,31,0.0
311,5,10,150,31,0.10462176685237631
312,5,10,150,31,0.05897356872503046
313,5,10,150,31,0.11270402374049442
314,5,10,150,31,0.16600564593053876
315,5,10,150,31,0.0
316,5,10,150,31,0.0
317,5,10,150,31,0.0
318,5,10,150,31,0.10567847230623394
319,5,10,150,31,0.0
320,5,10,150,31,0.13927874459665815
321,5,10,150,31,0.0
322,5,10,150,31,0.0
323,5,10,150,31,0.1610425878239398
324,5,10,150,31,0.0
325,5,10,150,31,0.09092803061897883
326,5,10,150,31,0.0
327,5,10,150,31,0.025410386140327024
328,5,10,150,31,0.09786346411176627
329,5,10,150,31,0.0
330,5,10,150,31,0.07197991643202278
331,5,10,150,31,0.0
332,5,10,150,31,0.0650278379951693
334,5,10,150,31,0.0
335,5,10,150,31,0.0
336,5,10,150,31,0.049712302565054066
337,5,10,150,31,0.0
338,5,10,150,31,0.07132875491150918
339,5,10,150,31,0.1430641274918087
340,5,10,150,31,0.0
341,5,10,150,31,0.0
342,5,10,150,31,0.31341134215401556
343,5,10,150,31,0.09229649639444802
344,5,10,150,31,0.1202034973803211
345,5,10,150,31,0.1536414362770729
346,5,10,150,31,0.04366879852493834
347,5,10,150,31,0.1969404851249289
348,5,10,150,31,0.0
349,5,10,150,31,0.0
350,5,10,150,31,0.0
351,5,10,150,31,0.0
352,5,10,150,31,0.1903601622684853
353,5,10,150,31,0.14434031438272124
354,5,10,150,31,0.06335619058732639
355,5,10,150,31,0.0
356,5,10,150,31,0.0
357,5,10,150,31,0.0
358,5,10,150,31,0.06364028872631156
359,5,10,150,31,0.3010299956639812
360,5,10,150,31,0.07256783117062009
361,5,10,150,31,0.09478836436955078
362,5,10,150,31,0.0
363,5,10,150,31,0.24803805764155512
364,5,10,150,31,0.0
365,5,10,150,31,0.0
366,5,10,150,31,0.0
367,5,10,150,31,0.0
368,5,10,150,31,0.0
369,5,10,150,31,0.0
370,5,10,150,31,0.0
371,5,10,150,31,0.07984133538066794
372,5,10,150,31,0.15130120674940672
373,5,10,150,31,0.22842722979011518
374,5,10,150,31,0.07630788196434478
375,5,10,150,31,0.0
376,5,10,150,31,0.0
377,5,10,150,31,0.0
378,5,10,150,31,0.13769734199346342
379,5,10,150,31,0.04401835325961603
380,5,10,150,31,0.0
381,5,10,150,31,0.0
382,5,10,150,31,0.05261577455142312
383,5,10,150,31,0.0
384,5,10,150,31,0.0
385,5,10,150,31,0.0
386,5,10,150,31,0.0
387,5,10,150,31,0.06148726205890397
388,5,10,150,31,0.0
389,5,10,150,31,0.056475529293390524
390,5,10,150,31,0.0
391,5,10,150,31,0.11245246430543061
392,5,10,150,31,0.11004588314904008
393,5,10,150,31,0.12215664036849216
394,5,10,150,31,0.14308342800319426
395,5,10,150,31,0.0
396,5,10,150,31,0.0
397,5,10,150,31,0.11004588314904008
398,5,10,150,31,0.21225568458158228
399,5,10,150,31,0.026175882249243814
400,5,10,150,31,0.0
401,5,10,150,31,0.0
402,5,10,150,31,0.0
403,5,10,150,31,0.2529427027676571
404,5,10,150,31,0.0
405,5,10,150,31,0.053717324028761886
406,5,10,150,31,0.06404888854863754
407,5,10,150,31,0.07081727565973653
408,5,10,150,31,0.09983719697789138
409,5,10,150,31,0.0334374913847135
410,5,10,150,31,0.0
411,5,10,150,31,0.17342765698823945
412,5,10,150,31,0.0
413,5,10,150,31,0.0
414,5,10,150,31,0.21398626473452756
415,5,10,150,31,0.0
416,5,10,150,31,0.1230405383179203
417,5,10,150,31,0.0895852844335066
419,5,10,150,31,0.30260241349881345
420,5,10,150,31,0.0
421,5,10,150,31,0.0
422,5,10,150,31,0.0
423,5,10,150,31,0.08440880858250024
424,5,10,150,31,0.0
425,5,10,150,31,0.2082843711703412
426,5,10,150,31,0.13571943816109763
427,5,10,150,31,0.0
428,5,10,150,31,0.0
429,5,10,150,31,0.19279472264360595
430,5,10,150,31,0.1261446714466394
431,5,10,150,31,0.0
432,5,10,150,31,0.0
433,5,10,150,31,0.0
434,5,10,150,31,0.3903800499921017
435,5,10,150,31,0.1277983521170185
436,5,10,150,31,0.06490403551612171
437,5,10,150,31,0.22972973128433707
438,5,10,150,31,0.0
439,5,10,150,31,0.0
440,5,10,150,31,0.0
441,5,10,150,31,0.0
442,5,10,150,31,0.0
443,5,10,150,31,0.0
445,5,10,150,31,0.0
446,5,10,150,31,0.0
447,5,10,150,31,0.21015429952548687
448,5,10,150,31,0.0
449,5,10,150,31,0.04403205443910179
450,5,10,150,31,0.22567736407232583
451,5,10,150,31,0.0
452,5,10,150,31,0.05531631230858006
453,5,10,150,31,0.029956785715628154
454,5,10,150,31,0.0
455,5,10,150,31,0.0
456,5,10,150,31,0.07758828619721583
457,5,10,150,31,0.23178369713054292
458,5,10,150,31,0.0
459,5,10,150,31,0.0
460,5,10,150,31,0.0
461,5,10,150,31,0.0
462,5,10,150,31,0.0
463,5,10,150,31,0.0
464,5,10,150,31,0.0
465,5,10,150,31,0.0
466,5,10,150,31,0.03947525607388688
467,5,10,150,31,0.0
468,5,10,150,31,0.2274029849082819
469,5,10,150,31,0.0
470,5,10,150,31,0.0
471,5,10,150,31,0.0
472,5,10,150,31,0.07486366689502613
473,5,10,150,31,0.08754031530847717
474,5,10,150,31,0.27161391720705447
475,5,10,150,31,0.06516188295518531
476,5,10,150,31,0.0
477,5,10,150,31,0.0
478,5,10,150,31,0.18414433770856484
479,5,10,150,31,0.07834096783470737
480,5,10,150,31,0.21398626473452756
481,5,10,150,31,0.07303417492135322
482,5,10,150,31,0.0
483,5,10,150,31,0.06912040963822193
484,5,10,150,31,0.09353062527112192
485,5,10,150,31,0.0
486,5,10,150,31,0.061753929089443695
487,5,10,150,31,0.11214662548205799
488,5,10,150,31,0.0
489,5,10,150,31,0.0
490,5,10,150,31,0.0
491,5,10,150,31,0.19092086617893467
492,5,10,150,31,0.08460640838932396
493,5,10,150,31,0.0
494,5,10,150,31,0.0
495,5,10,150,31,0.10681956344025385
496,5,10,150,31,0.05459112561892713
497,5,10,150,31,0.0
498,5,10,150,31,0.03855307727568851
499,5,10,150,31,0.1912282106369008
500,5,10,150,31,0.03215589271924798
501,5,10,150,31,0.0
502,5,10,150,31,0.06364028872631156
503,5,10,150,31,0.14184577198353127
504,5,10,150,31,0.0
505,5,10,150,31,0.0
506,5,10,150,31,0.11256635987903449
507,5,10,150,31,0.0
508,5,10,150,31,0.0
509,5,10,150,31,0.06474271459046577
510,5,10,150,31,0.0
511,5,10,150,31,0.0
512,5,10,150,31,0.0
513,5,10,150,31,0.0
514,5,10,150,31,0.10595566933616397
515,5,10,150,31,0.0
516,5,10,150,31,0.0
517,5,10,150,31,0.042259191411409554
518,5,10,150,31,0.0
519,5,10,150,31,0.0
520,5,10,150,31,0.0
521,5,10,150,31,0.0
522,5,10,150,31,0.0
523,5,10,150,31,0.0316088333445714
524,5,10,150,31,0.11010467365667231
525,5,10,150,31,0.0
526,5,10,150,31,0.0
527,5,10,150,31,0.12265062558661
528,5,10,150,31,0.05780700008370542
529,5,10,150,31,0.0
530,5,10,150,31,0.0
531,5,10,150,31,0.0
532,5,10,150,31,0.0
533,5,10,150,31,0.15584051694927512
534,5,10,150,31,0.04084531701587904
535,5,10,150,31,0.25826009286638574
536,5,10,150,31,0.23620378562439379
537,5,10,150,31,0.34021113789042173
538,5,10,150,31,0.0
539,5,10,150,31,0.06794340091829075
540,5,10,150,31,0.0
541,5,10,150,31,0.10325837973459957
542,5,10,150,31,0.12627825946936164
543,5,10,150,31,0.0
544,5,10,150,31,0.0
545,5,10,150,31,0.052962244777770985
546,5,10,150,31,0.11781210270929884
547,5,10,150,31,0.0
548,5,10,150,31,0.0
549,5,10,150,31,0.0
550,5,10,150,31,0.0
551,5,10,150,31,0.3307195538034165
552,5,10,150,31,0.0
553,5,10,150,31,0.13262997582871638
554,5,10,150,31,0.16600564593053876
555,5,10,150,31,0.0
556,5,10,150,31,0.046823654699505654
557,5,10,150,31,0.0
558,5,10,150,31,0.0
559,5,10,150,31,0.0734773909038217
560,5,10,150,31,0.1668756843611104
561,5,10,150,31,0.0
562,5,10,150,31,0.0
563,5,10,150,31,0.0
564,5,10,150,31,0.0
565,5,10,150,31,0.10523285614729473
566,5,10,150,31,0.14241690924138545
567,5,10,150,31,0.06880728971895941
568,5,10,150,31,0.0
569,5,10,150,31,0.0
570,5,10,150,31,0.0
571,5,10,150,31,0.0
572,5,10,150,31,0.0
573,5,10,150,31,0.0
574,5,10,150,31,0.04185567464896701
575,5,10,150,31,0.0
576,5,10,150,31,0.17342765698823945
577,5,10,150,31,0.21670046362571554
578,5,10,150,31,0.0
579,5,10,150,31,0.0
580,5,10,150,31,0.10209739512291163
581,5,10,150,31,0.0
582,5,10,150,31,0.0
583,5,10,150,31,0.0
584,5,10,150,31,0.0
585,5,10,150,31,0.0
586,5,10,150,31,0.07641212267880242
587,5,10,150,31,0.0
588,5,10,150,31,0.24964254388299972
589,5,10,150,31,0.0
590,5,10,150,31,0.18511573258657482
591,5,10,150,31,0.15758427078022966
592,5,10,150,31,0.22213147905999694
593,5,10,150,31,0.1281834761283046
594,5,10,150,31,0.0843142342558857
595,5,10,150,31,0.0
596,5,10,150,31,0.0
597,5,10,150,31,0.0
598,5,10,150,31,0.11752277470724268
599,5,10,150,31,0.0
600,5,10,150,31,0.0
601,5,10,150,31,0.026557570376145638
602,5,10,150,31,0.0
603,5,10,150,31,0.06194403202282284
604,5,10,150,31,0.0
605,5,10,150,31,0.07677414822537214
606,5,10,150,31,0.2202267503306648
607,5,10,150,31,0.0
608,5,10,150,31,0.126140293880171
609,5,10,150,31,0.11838279295536291
610,5,10,150,31,0.0
611,5,10,150,31,0.03927158715985786
612,5,10,150,31,0.0
613,5,10,150,31,0.15130120674940672
614,5,10,150,31,0.13886244387355454
615,5,10,150,31,0.022974664140439565
616,5,10,150,31,0.09781579202094404
617,5,10,150,31,0.03804989622115975
618,5,10,150,31,0.1756357067243864
619,5,10,150,31,0.1303945739341477
620,5,10,150,31,0.07138683794146643
621,5,10,150,31,0.10681956344025385
622,5,10,150,31,0.15649286476885968
623,5,10,150,31,0.0
624,5,10,150,31,0.0
625,5,10,150,31,0.0
626,5,10,150,31,0.0
627,5,10,150,31,0.030877778553209584
628,5,10,150,31,0.0
629,5,10,150,31,0.11794421963488726
630,5,10,150,31,0.09942460513010813
631,5,10,150,31,0.0
632,5,10,150,31,0.2715440847859067
633,5,10,150,31,0.0455520698635181
634,5,10,150,31,0.023756977677906275
635,5,10,150,31,0.0
636,5,10,150,31,0.0
637,5,10,150,31,0.0
638,5,10,150,31,0.15473934503245962
639,5,10,150,31,0.0
640,5,10,150,31,0.0637867864178444
641,5,10,150,31,0.0
642,5,10,150,31,0.0743562548834743
643,5,10,150,31,0.16217541461920734
644,5,10,150,31,0.0
645,5,10,150,31,0.15357422083046962
646,5,10,150,31,0.0
647,5,10,150,31,0.03673869545191085
648,5,10,150,31,0.08412914772650479
649,5,10,150,31,0.0
650,5,10,150,31,0.0
651,5,10,150,31,0.0
652,5,10,150,31,0.0
653,5,10,150,31,0.06105223717983523
654,5,10,150,31,0.134160887909468
655,5,10,150,31,0.2761454429380117
656,5,10,150,31,0.0
657,5,10,150,31,0.053845569940583225
658,5,10,150,31,0.0
659,5,10,150,31,0.04913580506316583
660,5,10,150,31,0.0
661,5,10,150,31,0.0860496199597963
662,5,10,150,31,0.0
663,5,10,150,31,0.10099774183712519
664,5,10,150,31,0.06493748587711878
665,5,10,150,31,0.0
666,5,10,150,31,0.10681956344025385
667,5,10,150,31,0.19635793579928928
668,5,10,150,31,0.0
669,5,10,150,31,0.22149382045328161
670,5,10,150,31,0.12157378658832337
671,5,10,150,31,0.14517683075947466
672,5,10,150,31,0.0
673,5,10,150,31,0.0
674,5,10,150,31,0.0
675,5,10,150,31,0.05010834716923557
676,5,10,150,31,0.0
677,5,10,150,31,0.03927489746221688
678,5,10,150,31,0.0
679,5,10,150,31,0.213690313463914
680,5,10,150,31,0.2073612289146658
681,5,10,150,31,0.0
682,5,10,150,31,0.15230667985369917
683,5,10,150,31,0.03719976603506465
684,5,10,150,31,0.0
685,5,10,150,31,0.0
686,5,10,150,31,0.08962483220812449
687,5,10,150,31,0.0
688,5,10,150,31,0.0
689,5,10,150,31,0.27487633291429087
690,5,10,150,31,0.0
691,5,10,150,31,0.0
692,5,10,150,31,0.0
693,5,10,150,31,0.0
694,5,10,150,31,0.1272153331993493
695,5,10,150,31,0.0
696,5,10,150,31,0.0
697,5,10,150,31,0.04600468191735098
698,5,10,150,31,0.10681956344025385
699,5,10,150,31,0.0
700,5,10,150,31,0.16958010263680806
701,5,10,150,31,0.04129602134854855
702,5,10,150,31,0.0
703,5,10,150,31,0.0
704,5,10,150,31,0.03898594405226045
705,5,10,150,31,0.10665392793551529
706,5,10,150,31,0.0
707,5,10,150,31,0.10805541014078263
708,5,10,150,31,0.021561431309513907
709,5,10,150,31,0.10410935642587055
710,5,10,150,31,0.05710411178654767
711,5,10,150,31,0.14004089272726628
712,5,10,150,31,0.09615068014710917
713,5,10,150,31,0.0
714,5,10,150,31,0.04195229264874745
715,5,10,150,31,0.10544553705912978
716,5,10,150,31,0.15762211687089064
717,5,10,150,31,0.1671511698578214
718,5,10,150,31,0.0
719,5,10,150,31,0.09062728932377442
720,5,10,150,31,0.05261577455142312
721,5,10,150,31,0.10681956344025385
722,5,10,150,31,0.0
723,5,10,150,31,0.0
724,5,10,150,31,0.0
725,5,10,150,31,0.05750402108673013
726,5,10,150,31,0.2529427027676571
727,5,10,150,31,0.14438742258963058
728,5,10,150,31,0.0
729,5,10,150,31,0.0
730,5,10,150,31,0.0
731,5,10,150,31,0.0
732,5,10,150,31,0.0
733,5,10,150,31,0.0
734,5,10,150,31,0.0655813061736612
735,5,10,150,31,0.0
736,5,10,150,31,0.0
737,5,10,150,31,0.16282663249631943
738,5,10,150,31,0.29877594527147067
739,5,10,150,31,0.0
740,5,10,150,31,0.0
741,5,10,150,31,0.08771376837825601
742,5,10,150,31,0.0
743,5,10,150,31,0.0
744,5,10,150,31,0.0
745,5,10,150,31,0.33763622740733124
746,5,10,150,31,0.0887698338460232
747,5,10,150,31,0.3712226218288036
748,5,10,150,31,0.222793887260192
749,5,10,150,31,0.1728632607709551
750,5,10,150,31,0.07219614103266732
751,5,10,150,31,0.0758406959232293
752,5,10,150,31,0.0
753,5,10,150,31,0.12545067621282432
754,5,10,150,31,0.0
755,5,10,150,31,0.0
756,5,10,150,31,0.023614037892688376
757,5,10,150,31,0.0
758,5,10,150,31,0.14632630678450642
759,5,10,150,31,0.0
760,5,10,150,31,0.0791475180064264
761,5,10,150,31,0.03339755935325358
762,5,10,150,31,0.0647083388415595
763,5,10,150,31,0.2635038952341715
764,5,10,150,31,0.07112001166362256
765,5,10,150,31,0.0
766,5,10,150,31,0.07708882646639288
767,5,10,150,31,0.2073612289146658
768,5,10,150,31,0.07655078846581868
769,5,10,150,31,0.0
770,5,10,150,31,0.0
771,5,10,150,31,0.08294076634213902
772,5,10,150,31,0.0
773,5,10,150,31,0.12562249732996233
774,5,10,150,31,0.04827326398123698
775,5,10,150,31,0.0
776,5,10,150,31,0.10618161010989707
777,5,10,150,31,0.07593877439304607
778,5,10,150,31,0.0
779,5,10,150,31,0.05878132199396477
780,5,10,150,31,0.04759023790187059
781,5,10,150,31,0.21898681539091044
782,5,10,150,31,0.0
783,5,10,150,31,0.0
784,5,10,150,31,0.0
785,5,10,150,31,0.048159222084064895
786,5,10,150,31,0.1584035245146822
787,5,10,150,31,0.0683037314796457
788,5,10,150,31,0.2865545181949814
789,5,10,150,31,0.059109628562248356
790,5,10,150,31,0.10735238339285087
791,5,10,150,31,0.0
792,5,10,150,31,0.0
793,5,10,150,31,0.0
794,5,10,150,31,0.1678954833056024
795,5,10,150,31,0.15767475390006275
796,5,10,150,31,0.4272724343346301
797,5,10,150,31,0.09030583455080088
798,5,10,150,31,0.1198706759672503
799,5,10,150,31,0.0
800,5,10,150,31,0.0
801,5,10,150,31,0.0
802,5,10,150,31,0.030863419558816
803,5,10,150,31,0.0
804,5,10,150,31,0.18189859949228684
805,5,10,150,31,0.17678955203246952
806,5,10,150,31,0.19039838681373733
807,5,10,150,31,0.1817696759880804
808,5,10,150,31,0.0
809,5,10,150,31,0.0
810,5,10,150,31,0.0
811,5,10,150,31,0.0
812,5,10,150,31,0.0
813,5,10,150,31,0.17367331957930765
814,5,10,150,31,0.060961917527339995
815,5,10,150,31,0.3178819749450829
816,5,10,150,31,0.041774375925183446
817,5,10,150,31,0.0
818,5,10,150,31,0.0
819,5,10,150,31,0.0458402539699961
820,5,10,150,31,0.0
821,5,10,150,31,0.10332444476421325
822,5,10,150,31,0.0
823,5,10,150,31,0.2915380173874806
824,5,10,150,31,0.0
825,5,10,150,31,0.04132344798443041
826,5,10,150,31,0.0647547870812232
827,5,10,150,31,0.0
828,5,10,150,31,0.06900702287602646
829,5,10,150,31,0.11413695195441355
830,5,10,150,31,0.05006676503342128
831,5,10,150,31,0.0960228659850268
832,5,10,150,31,0.0
833,5,10,150,31,0.23645681082416412
834,5,10,150,31,0.0
835,5,10,150,31,0.030877778553209584
836,5,10,150,31,0.05823597777878099
837,5,10,150,31,0.0
838,5,10,150,31,0.10214644168146245
839,5,10,150,31,0.03322541746578526
840,5,10,150,31,0.3512320566736804
841,5,10,150,31,0.0
842,5,10,150,31,0.03314153504336938
843,5,10,150,31,0.16744653808459864
844,5,10,150,31,0.145556215474569
845,5,10,150,31,0.0
846,5,10,150,31,0.2683834703377829
847,5,10,150,31,0.0
848,5,10,150,31,0.0714765297802328
849,5,10,150,31,0.0
850,5,10,150,31,0.06363461819992405
851,5,10,150,31,0.31366152396936553
852,5,10,150,31,0.0
853,5,10,150,31,0.0
854,5,10,150,31,0.20892484679779755
855,5,10,150,31,0.0
856,5,10,150,31,0.0
857,5,10,150,31,0.0
858,5,10,150,31,0.0
859,5,10,150,31,0.0
860,5,10,150,31,0.0
861,5,10,150,31,0.09836355940276224
862,5,10,150,31,0.15609708065723402
863,5,10,150,31,0.0
864,5,10,150,31,0.30217326752180584
865,5,10,150,31,0.0
866,5,10,150,31,0.04622440829742681
867,5,10,150,31,0.29685197930096285
868,5,10,150,31,0.20269524539702335
869,5,10,150,31,0.030718920234936747
870,5,10,150,31,0.1824926438248845
871,5,10,150,31,0.11574913345546516
872,5,10,150,31,0.0
873,5,10,150,31,0.0
874,5,10,150,31,0.06575393297476358
875,5,10,150,31,0.2262596882498552
876,5,10,150,31,0.0
877,5,10,150,31,0.04132344798443041
878,5,10,150,31,0.07272813667861072
879,5,10,150,31,0.04258528250242427
880,5,10,150,31,0.45862244721064416
881,5,10,150,31,0.4463421122054169
882,5,10,150,31,0.2850600613095812
883,5,10,150,31,0.34506436101899
884,5,10,150,31,0.028767091820622218
885,5,10,150,31,0.14478744209792635
886,5,10,150,31,0.27667400677207704
887,5,10,150,31,0.13919878961441548
888,5,10,150,31,0.0
889,5,10,150,31,0.38894895957413894
890,5,10,150,31,0.38596938971787514
891,5,10,150,31,0.0
892,5,10,150,31,0.40789324487482026
893,5,10,150,31,0.052261777291848825
894,5,10,150,31,0.29423920572107976
895,5,10,150,31,0.0
896,5,10,150,31,0.4678801244232534
897,5,10,150,31,0.14466335615046405
898,5,10,150,31,0.0
899,5,10,150,31,0.2529771393268129
900,5,10,150,31,0.04588516391390306
901,5,10,150,31,0.3156828515811797
902,5,10,150,31,0.025255271126572616
903,5,10,150,31,0.4456065383551365
904,5,10,150,31,0.0
905,5,10,150,31,0.08773956418811966
906,5,10,150,31,0.0
907,5,10,150,31,0.20034866838271423
908,5,10,150,31,0.1842292930319834
909,5,10,150,31,0.0
910,5,10,150,31,0.16153943791032108
911,5,10,150,31,0.07323410481482096
912,5,10,150,31,0.07877990502228673
913,5,10,150,31,0.21650217143006856
914,5,10,150,31,0.0
915,5,10,150,31,0.0
916,5,10,150,31,0.30843219127206
917,5,10,150,31,0.0
918,5,10,150,31,0.0
919,5,10,150,31,0.19010754278478695
920,5,10,150,31,0.26814570941777965
921,5,10,150,31,0.04132344798443041
922,5,10,150,31,0.12307962790379509
923,5,10,150,31,0.05279890463786764
924,5,10,150,31,0.05777255570558625
925,5,10,150,31,0.039791360812020615
926,5,10,150,31,0.18690891198435525
927,5,10,150,31,0.11054065686882546
928,5,10,150,31,0.08352144807379756
929,5,10,150,31,0.0753982504991096
930,5,10,150,31,0.09818142064029627
931,5,10,150,31,0.04698057567438904
932,5,10,150,31,0.31290151853351145
933,5,10,150,31,0.08708582470324994
934,5,10,150,31,0.13786350017160717
935,5,10,150,31,0.0
936,5,10,150,31,0.13196584079602267
937,5,10,150,31,0.0750451914573381
938,5,10,150,31,0.1146346785799729
939,5,10,150,31,0.03369782041898502
940,5,10,150,31,0.13849692862514476
941,5,10,150,31,0.17060921827860473
942,5,10,150,31,0.06971664627409124
943,5,10,150,31,0.2920111574538015
1,5,10,150,32,0.4058715898896693
2,5,10,150,32,0.0
3,5,10,150,32,0.0
4,5,10,150,32,0.0
5,5,10,150,32,0.04470486007704452
6,5,10,150,32,0.04187254809446048
7,5,10,150,32,0.0870138683542329
8,5,10,150,32,0.0
9,5,10,150,32,0.0
10,5,10,150,32,0.21422665043052946
11,5,10,150,32,0.03947525607388688
12,5,10,150,32,0.0787978565107802
13,5,10,150,32,0.31317045401890886
14,5,10,150,32,0.18795160328752808
15,5,10,150,32,0.0
16,5,10,150,32,0.11062750966338458
17,5,10,150,32,0.0
18,5,10,150,32,0.1528843013006747
19,5,10,150,32,0.0
20,5,10,150,32,0.13743816645714543
21,5,10,150,32,0.1265754929129826
22,5,10,150,32,0.0
23,5,10,150,32,0.06541518452970234
24,5,10,150,32,0.05010834716923557
25,5,10,150,32,0.23940867474021393
26,5,10,150,32,0.0
27,5,10,150,32,0.0
28,5,10,150,32,0.0
30,5,10,150,32,0.08133484538841967
31,5,10,150,32,0.0
32,5,10,150,32,0.19519002499605084
33,5,10,150,32,0.0
34,5,10,150,32,0.0
35,5,10,150,32,0.0
37,5,10,150,32,0.08177471774917201
38,5,10,150,32,0.0
39,5,10,150,32,0.0
40,5,10,150,32,0.0
41,5,10,150,32,0.06835476917178976
42,5,10,150,32,0.08850778826764391
43,5,10,150,32,0.0
44,5,10,150,32,0.23527481054060173
45,5,10,150,32,0.0
46,5,10,150,32,0.0
47,5,10,150,32,0.0
48,5,10,150,32,0.0
49,5,10,150,32,0.033808395438916686
52,5,10,150,32,0.0
53,5,10,150,32,0.0
54,5,10,150,32,0.0
55,5,10,150,32,0.0
56,5,10,150,32,0.11781210270929884
57,5,10,150,32,0.1318392860374695
58,5,10,150,32,0.25546756436153767
59,5,10,150,32,0.19233148606048747
60,5,10,150,32,0.1076743759411119
61,5,10,150,32,0.0
62,5,10,150,32,0.09586820699422145
63,5,10,150,32,0.0
64,5,10,150,32,0.04759023790187059
65,5,10,150,32,0.2342550150352983
66,5,10,150,32,0.0
67,5,10,150,32,0.0
68,5,10,150,32,0.0
69,5,10,150,32,0.0
70,5,10,150,32,0.0
71,5,10,150,32,0.20758456043036028
72,5,10,150,32,0.10990826949013655
73,5,10,150,32,0.0
74,5,10,150,32,0.0
75,5,10,150,32,0.0
76,5,10,150,32,0.10633668103022985
77,5,10,150,32,0.05154847002173459
78,5,10,150,32,0.0
79,5,10,150,32,0.0
80,5,10,150,32,0.0
81,5,10,150,32,0.0
82,5,10,150,32,0.0
83,5,10,150,32,0.07414861528507455
84,5,10,150,32,0.0
85,5,10,150,32,0.04734112273659951
86,5,10,150,32,0.0
87,5,10,150,32,0.1102104590629334
88,5,10,150,32,0.0
89,5,10,150,32,0.0
90,5,10,150,32,0.0561326498270945
91,5,10,150,32,0.0
92,5,10,150,32,0.03369782041898502
93,5,10,150,32,0.0
94,5,10,150,32,0.10370221609124387
95,5,10,150,32,0.07849567312219397
96,5,10,150,32,0.0
97,5,10,150,32,0.0
98,5,10,150,32,0.0
99,5,10,150,32,0.09641171098317775
100,5,10,150,32,0.0
101,5,10,150,32,0.0
102,5,10,150,32,0.0
103,5,10,150,32,0.0
104,5,10,150,32,0.33958467175585033
105,5,10,150,32,0.0
106,5,10,150,32,0.06516188295518531
107,5,10,150,32,0.0
109,5,10,150,32,0.16563719724029594
110,5,10,150,32,0.0
111,5,10,150,32,0.0
112,5,10,150,32,0.07807600999842033
113,5,10,150,32,0.0
114,5,10,150,32,0.08274602130532002
115,5,10,150,32,0.04001677477281075
116,5,10,150,32,0.0
117,5,10,150,32,0.0
118,5,10,150,32,0.16958010263680806
119,5,10,150,32,0.0
120,5,10,150,32,0.0
121,5,10,150,32,0.13032376591037062
122,5,10,150,32,0.0
123,5,10,150,32,0.07303417492135322
124,5,10,150,32,0.0
125,5,10,150,32,0.05446333035917803
126,5,10,150,32,0.0
128,5,10,150,32,0.0
129,5,10,150,32,0.0
130,5,10,150,32,0.12848269861902195
131,5,10,150,32,0.0
132,5,10,150,32,0.0
133,5,10,150,32,0.0
134,5,10,150,32,0.0
135,5,10,150,32,0.0
136,5,10,150,32,0.0
137,5,10,150,32,0.0
138,5,10,150,32,0.0976168253917686
139,5,10,150,32,0.0
140,5,10,150,32,0.0
141,5,10,150,32,0.0
142,5,10,150,32,0.0
143,5,10,150,32,0.0
144,5,10,150,32,0.0
145,5,10,150,32,0.17597149971119974
146,5,10,150,32,0.0
147,5,10,150,32,0.0
148,5,10,150,32,0.0
149,5,10,150,32,0.0
150,5,10,150,32,0.2640681225725909
151,5,10,150,32,0.02671804748260287
152,5,10,150,32,0.0
153,5,10,150,32,0.0
154,5,10,150,32,0.0
155,5,10,150,32,0.0
156,5,10,150,32,0.0
157,5,10,150,32,0.0
158,5,10,150,32,0.04759023790187059
159,5,10,150,32,0.23138144801632507
160,5,10,150,32,0.1719271394881576
161,5,10,150,32,0.0
162,5,10,150,32,0.0
163,5,10,150,32,0.0
164,5,10,150,32,0.0
165,5,10,150,32,0.0
167,5,10,150,32,0.05319635904163211
168,5,10,150,32,0.0
169,5,10,150,32,0.0
170,5,10,150,32,0.0
171,5,10,150,32,0.0
173,5,10,150,32,0.0
174,5,10,150,32,0.0
175,5,10,150,32,0.21517910082405575
176,5,10,150,32,0.0
177,5,10,150,32,0.38113435412202
178,5,10,150,32,0.12597398707460816
179,5,10,150,32,0.0
180,5,10,150,32,0.06228974831361337
181,5,10,150,32,0.05890432640109142
182,5,10,150,32,0.0
183,5,10,150,32,0.15101961822780524
184,5,10,150,32,0.0
185,5,10,150,32,0.0
186,5,10,150,32,0.0
187,5,10,150,32,0.0
188,5,10,150,32,0.12925733948536566
189,5,10,150,32,0.13149959938656078
190,5,10,150,32,0.0
192,5,10,150,32,0.123151194370365
193,5,10,150,32,0.0
194,5,10,150,32,0.0
195,5,10,150,32,0.0647083388415595
196,5,10,150,32,0.0
197,5,10,150,32,0.09546043308946733
198,5,10,150,32,0.0
199,5,10,150,32,0.0
200,5,10,150,32,0.09785159463516042
201,5,10,150,32,0.0
202,5,10,150,32,0.0
203,5,10,150,32,0.0
204,5,10,150,32,0.19519002499605084
205,5,10,150,32,0.0
206,5,10,150,32,0.0
207,5,10,150,32,0.0
208,5,10,150,32,0.0
209,5,10,150,32,0.0
210,5,10,150,32,0.1506292774654168
211,5,10,150,32,0.0
213,5,10,150,32,0.04465281017341861
214,5,10,150,32,0.0
216,5,10,150,32,0.23813231172447274
217,5,10,150,32,0.0
218,5,10,150,32,0.0
219,5,10,150,32,0.0
221,5,10,150,32,0.0
222,5,10,150,32,0.1050995674008573
223,5,10,150,32,0.0
224,5,10,150,32,0.0
225,5,10,150,32,0.0
226,5,10,150,32,0.19092086617893467
227,5,10,150,32,0.0
228,5,10,150,32,0.0
229,5,10,150,32,0.0
230,5,10,150,32,0.08993480096570136
231,5,10,150,32,0.0
232,5,10,150,32,0.0
233,5,10,150,32,0.18978688349077963
234,5,10,150,32,0.0
235,5,10,150,32,0.0
236,5,10,150,32,0.0
237,5,10,150,32,0.19342640361727081
238,5,10,150,32,0.0
239,5,10,150,32,0.06912040963822193
240,5,10,150,32,0.12495636102304827
241,5,10,150,32,0.0
242,5,10,150,32,0.0
243,5,10,150,32,0.0
244,5,10,150,32,0.049712302565054066
245,5,10,150,32,0.0
246,5,10,150,32,0.0561326498270945
247,5,10,150,32,0.09472348220010487
248,5,10,150,32,0.09472348220010487
249,5,10,150,32,0.056720838976548935
250,5,10,150,32,0.0
251,5,10,150,32,0.13032376591037062
252,5,10,150,32,0.20184908658209985
253,5,10,150,32,0.0
254,5,10,150,32,0.08514311764162098
255,5,10,150,32,0.0
256,5,10,150,32,0.038925970325304815
257,5,10,150,32,0.07984133538066794
258,5,10,150,32,0.0
259,5,10,150,32,0.067856722420442
260,5,10,150,32,0.0
261,5,10,150,32,0.0
262,5,10,150,32,0.0
263,5,10,150,32,0.0956366800683804
264,5,10,150,32,0.0
265,5,10,150,32,0.0
266,5,10,150,32,0.0
267,5,10,150,32,0.14441789857547072
268,5,10,150,32,0.049712302565054066
269,5,10,150,32,0.052962244777770985
270,5,10,150,32,0.0
271,5,10,150,32,0.10406177364128634
272,5,10,150,32,0.0
273,5,10,150,32,0.0
274,5,10,150,32,0.0
275,5,10,150,32,0.0
276,5,10,150,32,0.18108910427778696
277,5,10,150,32,0.0
278,5,10,150,32,0.0
279,5,10,150,32,0.10784916512229199
280,5,10,150,32,0.11987424504051505
281,5,10,150,32,0.0
282,5,10,150,32,0.0
283,5,10,150,32,0.0
284,5,10,150,32,0.0
285,5,10,150,32,0.0
286,5,10,150,32,0.05490370618855431
287,5,10,150,32,0.0
288,5,10,150,32,0.0
289,5,10,150,32,0.0
290,5,10,150,32,0.07834851647149511
291,5,10,150,32,0.07828167840727236
292,5,10,150,32,0.0
293,5,10,150,32,0.06599807254137072
294,5,10,150,32,0.0
295,5,10,150,32,0.1710356533975505
296,5,10,150,32,0.07879213539011483
297,5,10,150,32,0.0
298,5,10,150,32,0.061080020762274374
299,5,10,150,32,0.0
300,5,10,150,32,0.0
301,5,10,150,32,0.06460801587741544
302,5,10,150,32,0.0
303,5,10,150,32,0.04545626391880694
304,5,10,150,32,0.0
305,5,10,150,32,0.11349000778741654
306,5,10,150,32,0.0
307,5,10,150,32,0.10778915452451093
308,5,10,150,32,0.13490077762666258
310,5,10,150,32,0.0
311,5,10,150,32,0.10462176685237631
312,5,10,150,32,0.05897356872503046
313,5,10,150,32,0.11270402374049442
314,5,10,150,32,0.16600564593053876
315,5,10,150,32,0.0
316,5,10,150,32,0.0
317,5,10,150,32,0.0
318,5,10,150,32,0.10567847230623394
319,5,10,150,32,0.0
320,5,10,150,32,0.13927874459665815
321,5,10,150,32,0.0
322,5,10,150,32,0.0
323,5,10,150,32,0.1610425878239398
324,5,10,150,32,0.0
325,5,10,150,32,0.09092803061897883
326,5,10,150,32,0.027288805847552652
327,5,10,150,32,0.025410386140327024
328,5,10,150,32,0.09583409139362849
329,5,10,150,32,0.0
330,5,10,150,32,0.07197991643202278
331,5,10,150,32,0.0
332,5,10,150,32,0.0650278379951693
334,5,10,150,32,0.0
335,5,10,150,32,0.0
336,5,10,150,32,0.049712302565054066
337,5,10,150,32,0.0
338,5,10,150,32,0.07132875491150918
339,5,10,150,32,0.1430641274918087
340,5,10,150,32,0.0
341,5,10,150,32,0.0
342,5,10,150,32,0.31341134215401556
343,5,10,150,32,0.09229649639444802
344,5,10,150,32,0.1202034973803211
345,5,10,150,32,0.1536414362770729
346,5,10,150,32,0.04366879852493834
347,5,10,150,32,0.1969404851249289
348,5,10,150,32,0.0
349,5,10,150,32,0.0
350,5,10,150,32,0.0
351,5,10,150,32,0.0
352,5,10,150,32,0.1903601622684853
353,5,10,150,32,0.14434031438272124
354,5,10,150,32,0.06335619058732639
355,5,10,150,32,0.0
356,5,10,150,32,0.0
357,5,10,150,32,0.0
358,5,10,150,32,0.06364028872631156
359,5,10,150,32,0.3010299956639812
360,5,10,150,32,0.07256783117062009
361,5,10,150,32,0.09478836436955078
362,5,10,150,32,0.0
363,5,10,150,32,0.24289454804064023
364,5,10,150,32,0.0
365,5,10,150,32,0.0
366,5,10,150,32,0.0
367,5,10,150,32,0.0
368,5,10,150,32,0.0
369,5,10,150,32,0.0
370,5,10,150,32,0.0
371,5,10,150,32,0.07984133538066794
372,5,10,150,32,0.15130120674940672
373,5,10,150,32,0.22842722979011518
374,5,10,150,32,0.07472550252128253
375,5,10,150,32,0.0
376,5,10,150,32,0.0
377,5,10,150,32,0.0
378,5,10,150,32,0.134841943078885
379,5,10,150,32,0.04401835325961603
380,5,10,150,32,0.0
381,5,10,150,32,0.0
382,5,10,150,32,0.05261577455142312
383,5,10,150,32,0.0
384,5,10,150,32,0.0
385,5,10,150,32,0.0
386,5,10,150,32,0.0
387,5,10,150,32,0.08586571489348302
388,5,10,150,32,0.0
389,5,10,150,32,0.05530440890203071
390,5,10,150,32,0.0
391,5,10,150,32,0.11245246430543061
392,5,10,150,32,0.11004588314904008
393,5,10,150,32,0.11962350549989537
394,5,10,150,32,0.14308342800319426
395,5,10,150,32,0.0
396,5,10,150,32,0.0
397,5,10,150,32,0.11004588314904008
398,5,10,150,32,0.21225568458158228
399,5,10,150,32,0.026175882249243814
400,5,10,150,32,0.0
401,5,10,150,32,0.0
402,5,10,150,32,0.0
403,5,10,150,32,0.2529427027676571
404,5,10,150,32,0.0
405,5,10,150,32,0.05260339992169331
406,5,10,150,32,0.08345749694329763
407,5,10,150,32,0.07081727565973653
408,5,10,150,32,0.09983719697789138
409,5,10,150,32,0.0334374913847135
410,5,10,150,32,0.0
411,5,10,150,32,0.17342765698823945
412,5,10,150,32,0.0
413,5,10,150,32,0.0
414,5,10,150,32,0.21398626473452756
415,5,10,150,32,0.0
416,5,10,150,32,0.12048907425568144
417,5,10,150,32,0.0895852844335066
419,5,10,150,32,0.30260241349881345
420,5,10,150,32,0.0
421,5,10,150,32,0.0
422,5,10,150,32,0.0
423,5,10,150,32,0.08440880858250024
424,5,10,150,32,0.0
425,5,10,150,32,0.2082843711703412
426,5,10,150,32,0.13571943816109763
427,5,10,150,32,0.0
428,5,10,150,32,0.0
429,5,10,150,32,0.18879678169715589
430,5,10,150,32,0.1261446714466394
431,5,10,150,32,0.0
432,5,10,150,32,0.0
433,5,10,150,32,0.0
434,5,10,150,32,0.3903800499921017
435,5,10,150,32,0.12514822633654285
436,5,10,150,32,0.06490403551612171
437,5,10,150,32,0.22972973128433707
438,5,10,150,32,0.0
439,5,10,150,32,0.0
440,5,10,150,32,0.0
441,5,10,150,32,0.0
442,5,10,150,32,0.0
443,5,10,150,32,0.0
445,5,10,150,32,0.0
446,5,10,150,32,0.0
447,5,10,150,32,0.21015429952548687
448,5,10,150,32,0.0
449,5,10,150,32,0.04403205443910179
450,5,10,150,32,0.2209975431615661
451,5,10,150,32,0.0
452,5,10,150,32,0.05531631230858006
453,5,10,150,32,0.029956785715628154
454,5,10,150,32,0.0
455,5,10,150,32,0.0
456,5,10,150,32,0.07758828619721583
457,5,10,150,32,0.23178369713054292
458,5,10,150,32,0.0
459,5,10,150,32,0.0
460,5,10,150,32,0.0
461,5,10,150,32,0.0
462,5,10,150,32,0.0
463,5,10,150,32,0.0
464,5,10,150,32,0.0
465,5,10,150,32,0.0
466,5,10,150,32,0.03947525607388688
467,5,10,150,32,0.0
468,5,10,150,32,0.25116683884278784
469,5,10,150,32,0.0
470,5,10,150,32,0.0
471,5,10,150,32,0.0
472,5,10,150,32,0.07331123581612
473,5,10,150,32,0.08754031530847717
474,5,10,150,32,0.26598152029111227
475,5,10,150,32,0.06516188295518531
476,5,10,150,32,0.0
477,5,10,150,32,0.0
478,5,10,150,32,0.18414433770856484
479,5,10,150,32,0.07834096783470737
480,5,10,150,32,0.21398626473452756
481,5,10,150,32,0.07303417492135322
482,5,10,150,32,0.0
483,5,10,150,32,0.06912040963822193
484,5,10,150,32,0.09353062527112192
485,5,10,150,32,0.0
486,5,10,150,32,0.08121012754396925
487,5,10,150,32,0.1412456357706145
488,5,10,150,32,0.0
489,5,10,150,32,0.0
490,5,10,150,32,0.0
491,5,10,150,32,0.19092086617893467
492,5,10,150,32,0.08460640838932396
493,5,10,150,32,0.0
494,5,10,150,32,0.0
495,5,10,150,32,0.10460447009794718
496,5,10,150,32,0.05459112561892713
497,5,10,150,32,0.0
498,5,10,150,32,0.03855307727568851
499,5,10,150,32,0.1912282106369008
500,5,10,150,32,0.03148908318001809
501,5,10,150,32,0.0
502,5,10,150,32,0.06364028872631156
503,5,10,150,32,0.14184577198353127
504,5,10,150,32,0.0
505,5,10,150,32,0.0
506,5,10,150,32,0.11023209650718305
507,5,10,150,32,0.0
508,5,10,150,32,0.0
509,5,10,150,32,0.06474271459046577
510,5,10,150,32,0.0
511,5,10,150,32,0.0
512,5,10,150,32,0.0
513,5,10,150,32,0.0
514,5,10,150,32,0.10595566933616397
515,5,10,150,32,0.0
516,5,10,150,32,0.0
517,5,10,150,32,0.042259191411409554
518,5,10,150,32,0.0
519,5,10,150,32,0.0
520,5,10,150,32,0.0
521,5,10,150,32,0.0
522,5,10,150,32,0.0
523,5,10,150,32,0.0316088333445714
524,5,10,150,32,0.10782145772020058
525,5,10,150,32,0.0
526,5,10,150,32,0.0
527,5,10,150,32,0.12265062558661
528,5,10,150,32,0.05780700008370542
529,5,10,150,32,0.0
530,5,10,150,32,0.0
531,5,10,150,32,0.0
532,5,10,150,32,0.0
533,5,10,150,32,0.1526088870826258
534,5,10,150,32,0.04084531701587904
535,5,10,150,32,0.25290461121239266
536,5,10,150,32,0.23620378562439379
537,5,10,150,32,0.33315625578597324
538,5,10,150,32,0.0
539,5,10,150,32,0.06794340091829075
540,5,10,150,32,0.0
541,5,10,150,32,0.10325837973459957
542,5,10,150,32,0.12627825946936164
543,5,10,150,32,0.0
544,5,10,150,32,0.0
545,5,10,150,32,0.052962244777770985
546,5,10,150,32,0.11781210270929884
547,5,10,150,32,0.0
548,5,10,150,32,0.0
549,5,10,150,32,0.0
550,5,10,150,32,0.0
551,5,10,150,32,0.3238614965505396
552,5,10,150,32,0.0
553,5,10,150,32,0.13262997582871638
554,5,10,150,32,0.16600564593053876
555,5,10,150,32,0.0
556,5,10,150,32,0.046823654699505654
557,5,10,150,32,0.0
558,5,10,150,32,0.0
559,5,10,150,32,0.0734773909038217
560,5,10,150,32,0.19335859474678904
561,5,10,150,32,0.0
562,5,10,150,32,0.0
563,5,10,150,32,0.0
564,5,10,150,32,0.0
565,5,10,150,32,0.10523285614729473
566,5,10,150,32,0.1394636417187286
567,5,10,150,32,0.09093293635219452
568,5,10,150,32,0.0
569,5,10,150,32,0.0
570,5,10,150,32,0.0
571,5,10,150,32,0.0
572,5,10,150,32,0.0
573,5,10,150,32,0.0
574,5,10,150,32,0.04185567464896701
575,5,10,150,32,0.0
576,5,10,150,32,0.17342765698823945
577,5,10,150,32,0.2122067946872484
578,5,10,150,32,0.0
579,5,10,150,32,0.0
580,5,10,150,32,0.10209739512291163
581,5,10,150,32,0.0
582,5,10,150,32,0.0
583,5,10,150,32,0.0
584,5,10,150,32,0.0
585,5,10,150,32,0.0
586,5,10,150,32,0.07482758161941112
587,5,10,150,32,0.0
588,5,10,150,32,0.24446576241055884
589,5,10,150,32,0.0
590,5,10,150,32,0.18511573258657482
591,5,10,150,32,0.15758427078022966
592,5,10,150,32,0.2175251883718896
593,5,10,150,32,0.12552536411753662
594,5,10,150,32,0.0843142342558857
595,5,10,150,32,0.0
596,5,10,150,32,0.0
597,5,10,150,32,0.0
598,5,10,150,32,0.11752277470724268
599,5,10,150,32,0.0
600,5,10,150,32,0.0
601,5,10,150,32,0.026557570376145638
602,5,10,150,32,0.0
603,5,10,150,32,0.06194403202282284
604,5,10,150,32,0.0
605,5,10,150,32,0.07677414822537214
606,5,10,150,32,0.23639673341449827
607,5,10,150,32,0.0
608,5,10,150,32,0.126140293880171
609,5,10,150,32,0.11838279295536291
610,5,10,150,32,0.0
611,5,10,150,32,0.03927158715985786
612,5,10,150,32,0.0
613,5,10,150,32,0.15130120674940672
614,5,10,150,32,0.13886244387355454
615,5,10,150,32,0.022974664140439565
616,5,10,150,32,0.09781579202094404
617,5,10,150,32,0.03804989622115975
618,5,10,150,32,0.17199358844467524
619,5,10,150,32,0.1303945739341477
620,5,10,150,32,0.06990650508520166
621,5,10,150,32,0.10460447009794718
622,5,10,150,32,0.1532477073117064
623,5,10,150,32,0.050143326786652107
624,5,10,150,32,0.0
625,5,10,150,32,0.0
626,5,10,150,32,0.0
627,5,10,150,32,0.0302374729809378
628,5,10,150,32,0.0
629,5,10,150,32,0.11794421963488726
630,5,10,150,32,0.09942460513010813
631,5,10,150,32,0.0
632,5,10,150,32,0.26591313596922816
633,5,10,150,32,0.0455520698635181
634,5,10,150,32,0.023756977677906275
635,5,10,150,32,0.0
636,5,10,150,32,0.0
637,5,10,150,32,0.0
638,5,10,150,32,0.15473934503245962
639,5,10,150,32,0.0
640,5,10,150,32,0.0637867864178444
641,5,10,150,32,0.0
642,5,10,150,32,0.09355112173295589
643,5,10,150,32,0.15881241939961205
644,5,10,150,32,0.0
645,5,10,150,32,0.1503895866384213
646,5,10,150,32,0.0
647,5,10,150,32,0.03673869545191085
648,5,10,150,32,0.08238458044855346
649,5,10,150,32,0.0
650,5,10,150,32,0.0
651,5,10,150,32,0.0
652,5,10,150,32,0.0
653,5,10,150,32,0.059786210622952515
654,5,10,150,32,0.1521155994897412
655,5,10,150,32,0.27041907678877686
656,5,10,150,32,0.0
657,5,10,150,32,0.053845569940583225
658,5,10,150,32,0.0
659,5,10,150,32,0.04811688688789007
660,5,10,150,32,0.0
661,5,10,150,32,0.0860496199597963
662,5,10,150,32,0.0
663,5,10,150,32,0.09890337430437869
664,5,10,150,32,0.06359089178892077
665,5,10,150,32,0.0
666,5,10,150,32,0.10460447009794718
667,5,10,150,32,0.19635793579928928
668,5,10,150,32,0.0
669,5,10,150,32,0.21690075274876372
670,5,10,150,32,0.15539533467551025
671,5,10,150,32,0.14216633136296328
672,5,10,150,32,0.0
673,5,10,150,32,0.0
674,5,10,150,32,0.0
675,5,10,150,32,0.05010834716923557
676,5,10,150,32,0.0
677,5,10,150,32,0.03927489746221688
678,5,10,150,32,0.0
679,5,10,150,32,0.213690313463914
680,5,10,150,32,0.2073612289146658
681,5,10,150,32,0.0
682,5,10,150,32,0.1491483303747532
683,5,10,150,32,0.03719976603506465
684,5,10,150,32,0.0
685,5,10,150,32,0.0
686,5,10,150,32,0.08962483220812449
687,5,10,150,32,0.0
688,5,10,150,32,0.0
689,5,10,150,32,0.27487633291429087
690,5,10,150,32,0.0
691,5,10,150,32,0.0
692,5,10,150,32,0.0
693,5,10,150,32,0.0
694,5,10,150,32,0.14531407319072542
695,5,10,150,32,0.0
696,5,10,150,32,0.06723507268634088
697,5,10,150,32,0.04505069314087506
698,5,10,150,32,0.10460447009794718
699,5,10,150,32,0.0
700,5,10,150,32,0.16958010263680806
701,5,10,150,32,0.04129602134854855
702,5,10,150,32,0.0
703,5,10,150,32,0.0
704,5,10,150,32,0.03898594405226045
705,5,10,150,32,0.10665392793551529
706,5,10,150,32,0.0
707,5,10,150,32,0.10581468932247542
708,5,10,150,32,0.04185109258092126
709,5,10,150,32,0.10195046403889911
710,5,10,150,32,0.05710411178654767
711,5,10,150,32,0.13713689612645305
712,5,10,150,32,0.09415682504610753
713,5,10,150,32,0.0
714,5,10,150,32,0.04195229264874745
715,5,10,150,32,0.1032589365938857
716,5,10,150,32,0.1750903182052776
717,5,10,150,32,0.1671511698578214
718,5,10,150,32,0.0
719,5,10,150,32,0.09062728932377442
720,5,10,150,32,0.05261577455142312
721,5,10,150,32,0.12534124593719323
722,5,10,150,32,0.0
723,5,10,150,32,0.0
724,5,10,150,32,0.0
725,5,10,150,32,0.05750402108673013
726,5,10,150,32,0.2529427027676571
727,5,10,150,32,0.14139329297338293
728,5,10,150,32,0.0
729,5,10,150,32,0.0
730,5,10,150,32,0.0
731,5,10,150,32,0.0
732,5,10,150,32,0.0
733,5,10,150,32,0.0
734,5,10,150,32,0.0655813061736612
735,5,10,150,32,0.0
736,5,10,150,32,0.0
737,5,10,150,32,0.16282663249631943
738,5,10,150,32,0.29258029546821734
739,5,10,150,32,0.0
740,5,10,150,32,0.0
741,5,10,150,32,0.08771376837825601
742,5,10,150,32,0.0
743,5,10,150,32,0.0
744,5,10,150,32,0.0
745,5,10,150,32,0.33763622740733124
746,5,10,150,32,0.11450296808588954
747,5,10,150,32,0.3635246615334825
748,5,10,150,32,0.21817386036172315
749,5,10,150,32,0.16927863408150667
750,5,10,150,32,0.07219614103266732
751,5,10,150,32,0.07426800441237687
752,5,10,150,32,0.0
753,5,10,150,32,0.12545067621282432
754,5,10,150,32,0.0
755,5,10,150,32,0.0
756,5,10,150,32,0.023124358882248234
757,5,10,150,32,0.0
758,5,10,150,32,0.14329197096133137
759,5,10,150,32,0.0
760,5,10,150,32,0.11447590313611888
761,5,10,150,32,0.03339755935325358
762,5,10,150,32,0.0647083388415595
763,5,10,150,32,0.25803967402593236
764,5,10,150,32,0.0903819877633155
765,5,10,150,32,0.0
766,5,10,150,32,0.07549025275224876
767,5,10,150,32,0.2073612289146658
768,5,10,150,32,0.07655078846581868
769,5,10,150,32,0.0
770,5,10,150,32,0.0
771,5,10,150,32,0.08294076634213902
772,5,10,150,32,0.0
773,5,10,150,32,0.12301749176246463
774,5,10,150,32,0.047272232127029315
775,5,10,150,32,0.0
776,5,10,150,32,0.10397974586279791
777,5,10,150,32,0.07593877439304607
778,5,10,150,32,0.0
779,5,10,150,32,0.05878132199396477
780,5,10,150,32,0.04759023790187059
781,5,10,150,32,0.21898681539091044
782,5,10,150,32,0.0
783,5,10,150,32,0.0
784,5,10,150,32,0.0
785,5,10,150,32,0.048159222084064895
786,5,10,150,32,0.15511874613467472
787,5,10,150,32,0.0683037314796457
788,5,10,150,32,0.28061230138544896
789,5,10,150,32,0.059109628562248356
790,5,10,150,32,0.10512624108262453
791,5,10,150,32,0.0
792,5,10,150,32,0.0
793,5,10,150,32,0.0
794,5,10,150,32,0.1678954833056024
795,5,10,150,32,0.15440508787292886
796,5,10,150,32,0.4184121816415439
797,5,10,150,32,0.09030583455080088
798,5,10,150,32,0.11738494463001854
799,5,10,150,32,0.0
800,5,10,150,32,0.0
801,5,10,150,32,0.0
802,5,10,150,32,0.030863419558816
803,5,10,150,32,0.0
804,5,10,150,32,0.1781266090091425
805,5,10,150,32,0.17312350672125149
806,5,10,150,32,0.1864501381462268
807,5,10,150,32,0.1780003589627432
808,5,10,150,32,0.0
809,5,10,150,32,0.0
810,5,10,150,32,0.0
811,5,10,150,32,0.0
812,5,10,150,32,0.0
813,5,10,150,32,0.17367331957930765
814,5,10,150,32,0.060961917527339995
815,5,10,150,32,0.3112901276873099
816,5,10,150,32,0.041774375925183446
817,5,10,150,32,0.0
818,5,10,150,32,0.0
819,5,10,150,32,0.0458402539699961
820,5,10,150,32,0.0
821,5,10,150,32,0.10332444476421325
822,5,10,150,32,0.0
823,5,10,150,32,0.30622923471154423
824,5,10,150,32,0.0
825,5,10,150,32,0.040466532906672535
826,5,10,150,32,0.06341198157700177
827,5,10,150,32,0.0
828,5,10,150,32,0.06757603971131258
829,5,10,150,32,0.1117701195667601
830,5,10,150,32,0.04902854174992702
831,5,10,150,32,0.0960228659850268
832,5,10,150,32,0.0
833,5,10,150,32,0.23155345894244045
834,5,10,150,32,0.0
835,5,10,150,32,0.0302374729809378
836,5,10,150,32,0.05823597777878099
837,5,10,150,32,0.0
838,5,10,150,32,0.10002825381753735
839,5,10,150,32,0.03322541746578526
840,5,10,150,32,0.364685412086127
841,5,10,150,32,0.0
842,5,10,150,32,0.03314153504336938
843,5,10,150,32,0.16397423675928055
844,5,10,150,32,0.1425378488622639
845,5,10,150,32,0.0
846,5,10,150,32,0.2628180624744294
847,5,10,150,32,0.0
848,5,10,150,32,0.06999433700441293
849,5,10,150,32,0.0
850,5,10,150,32,0.06363461819992405
851,5,10,150,32,0.30715719525741647
852,5,10,150,32,0.0
853,5,10,150,32,0.0
854,5,10,150,32,0.22532919492174885
855,5,10,150,32,0.0
856,5,10,150,32,0.0
857,5,10,150,32,0.0
858,5,10,150,32,0.0
859,5,10,150,32,0.0
860,5,10,150,32,0.0
861,5,10,150,32,0.09836355940276224
862,5,10,150,32,0.15286013048648425
863,5,10,150,32,0.0
864,5,10,150,32,0.31664394404783963
865,5,10,150,32,0.0
866,5,10,150,32,0.08515037862273163
867,5,10,150,32,0.2906962263487623
868,5,10,150,32,0.19849199952954433
869,5,10,150,32,0.030718920234936747
870,5,10,150,32,0.17870833477757653
871,5,10,150,32,0.13408564546065826
872,5,10,150,32,0.0
873,5,10,150,32,0.0
874,5,10,150,32,0.06575393297476358
875,5,10,150,32,0.22156779181316028
876,5,10,150,32,0.0
877,5,10,150,32,0.040466532906672535
878,5,10,150,32,0.07121998961110033
879,5,10,150,32,0.04258528250242427
880,5,10,150,32,0.4491120963279906
881,5,10,150,32,0.4370864158769976
882,5,10,150,32,0.2791488347174827
883,5,10,150,32,0.33790883871442656
884,5,10,150,32,0.028767091820622218
885,5,10,150,32,0.14178501736680385
886,5,10,150,32,0.27093667991309844
887,5,10,150,32,0.13631225551708698
888,5,10,150,32,0.0
889,5,10,150,32,0.3808834121865421
890,5,10,150,32,0.37796562900248504
891,5,10,150,32,0.0
892,5,10,150,32,0.42017162992875445
893,5,10,150,32,0.05117803653118716
894,5,10,150,32,0.30887440910817
895,5,10,150,32,0.0
896,5,10,150,32,0.45817779916344986
897,5,10,150,32,0.14166350456181886
898,5,10,150,32,0.0
899,5,10,150,32,0.24773120909613913
900,5,10,150,32,0.04588516391390306
901,5,10,150,32,0.3091366070516468
902,5,10,150,32,0.025255271126572616
903,5,10,150,32,0.43636609545676364
904,5,10,150,32,0.0
905,5,10,150,32,0.08773956418811966
906,5,10,150,32,0.0
907,5,10,150,32,0.19619408295677046
908,5,10,150,32,0.18040897147935642
909,5,10,150,32,0.0
910,5,10,150,32,0.15818963079717696
911,5,10,150,32,0.07171546559948817
912,5,10,150,32,0.07877990502228673
913,5,10,150,32,0.21201261443241323
914,5,10,150,32,0.0
915,5,10,150,32,0.0
916,5,10,150,32,0.30203630206004384
917,5,10,150,32,0.0
918,5,10,150,32,0.0
919,5,10,150,32,0.18616532528470894
920,5,10,150,32,0.26814570941777965
921,5,10,150,32,0.040466532906672535
922,5,10,150,32,0.12052735324957628
923,5,10,150,32,0.051704025587834455
924,5,10,150,32,0.05657453916825916
925,5,10,150,32,0.039791360812020615
926,5,10,150,32,0.18690891198435525
927,5,10,150,32,0.10824840004621362
928,5,10,150,32,0.1092545823136639
929,5,10,150,32,0.0753982504991096
930,5,10,150,32,0.09614545452889972
931,5,10,150,32,0.06674312584707655
932,5,10,150,32,0.3064129498839223
933,5,10,150,32,0.08527994547760277
934,5,10,150,32,0.15574143151138073
935,5,10,150,32,0.0
936,5,10,150,32,0.12922929473699793
937,5,10,150,32,0.0750451914573381
938,5,10,150,32,0.112257524946856
939,5,10,150,32,0.03299903627068536
940,5,10,150,32,0.13562494886182108
941,5,10,150,32,0.17060921827860473
942,5,10,150,32,0.06827094780804141
943,5,10,150,32,0.28595578753912326
1,5,10,150,33,0.4058715898896693
2,5,10,150,33,0.0
3,5,10,150,33,0.0
4,5,10,150,33,0.0
5,5,10,150,33,0.04470486007704452
6,5,10,150,33,0.04187254809446048
7,5,10,150,33,0.0870138683542329
8,5,10,150,33,0.0
9,5,10,150,33,0.0
10,5,10,150,33,0.21422665043052946
11,5,10,150,33,0.03947525607388688
12,5,10,150,33,0.0787978565107802
13,5,10,150,33,0.30686101551810585
14,5,10,150,33,0.18795160328752808
15,5,10,150,33,0.0
16,5,10,150,33,0.11062750966338458
17,5,10,150,33,0.0
18,5,10,150,33,0.1528843013006747
19,5,10,150,33,0.0
20,5,10,150,33,0.13743816645714543
21,5,10,150,33,0.1265754929129826
22,5,10,150,33,0.0
23,5,10,150,33,0.06541518452970234
24,5,10,150,33,0.05010834716923557
25,5,10,150,33,0.23940867474021393
26,5,10,150,33,0.0
27,5,10,150,33,0.0
28,5,10,150,33,0.0
30,5,10,150,33,0.08133484538841967
31,5,10,150,33,0.0
32,5,10,150,33,0.19519002499605084
33,5,10,150,33,0.0
34,5,10,150,33,0.0
35,5,10,150,33,0.0
37,5,10,150,33,0.08177471774917201
38,5,10,150,33,0.0
39,5,10,150,33,0.0
40,5,10,150,33,0.0
41,5,10,150,33,0.06835476917178976
42,5,10,150,33,0.08850778826764391
43,5,10,150,33,0.0
44,5,10,150,33,0.23527481054060173
45,5,10,150,33,0.0
46,5,10,150,33,0.0
47,5,10,150,33,0.0
48,5,10,150,33,0.0
49,5,10,150,33,0.033808395438916686
52,5,10,150,33,0.0
53,5,10,150,33,0.0
54,5,10,150,33,0.0
55,5,10,150,33,0.0
56,5,10,150,33,0.11781210270929884
57,5,10,150,33,0.1318392860374695
58,5,10,150,33,0.25546756436153767
59,5,10,150,33,0.19233148606048747
60,5,10,150,33,0.1076743759411119
61,5,10,150,33,0.0
62,5,10,150,33,0.09586820699422145
63,5,10,150,33,0.0
64,5,10,150,33,0.04759023790187059
65,5,10,150,33,0.2342550150352983
66,5,10,150,33,0.0
67,5,10,150,33,0.0
68,5,10,150,33,0.0
69,5,10,150,33,0.0
70,5,10,150,33,0.0
71,5,10,150,33,0.20758456043036028
72,5,10,150,33,0.10990826949013655
73,5,10,150,33,0.0
74,5,10,150,33,0.0
75,5,10,150,33,0.0
76,5,10,150,33,0.10633668103022985
77,5,10,150,33,0.05154847002173459
78,5,10,150,33,0.0
79,5,10,150,33,0.0
80,5,10,150,33,0.0
81,5,10,150,33,0.0
82,5,10,150,33,0.0
83,5,10,150,33,0.07414861528507455
84,5,10,150,33,0.0
85,5,10,150,33,0.04734112273659951
86,5,10,150,33,0.0
87,5,10,150,33,0.1102104590629334
88,5,10,150,33,0.0
89,5,10,150,33,0.0
90,5,10,150,33,0.0561326498270945
91,5,10,150,33,0.0
92,5,10,150,33,0.03369782041898502
93,5,10,150,33,0.0
94,5,10,150,33,0.10370221609124387
95,5,10,150,33,0.07849567312219397
96,5,10,150,33,0.0
97,5,10,150,33,0.0
98,5,10,150,33,0.0
99,5,10,150,33,0.09641171098317775
100,5,10,150,33,0.0
101,5,10,150,33,0.0
102,5,10,150,33,0.0
103,5,10,150,33,0.0
104,5,10,150,33,0.33958467175585033
105,5,10,150,33,0.0
106,5,10,150,33,0.06516188295518531
107,5,10,150,33,0.0
109,5,10,150,33,0.16563719724029594
110,5,10,150,33,0.0
111,5,10,150,33,0.0
112,5,10,150,33,0.07807600999842033
113,5,10,150,33,0.0
114,5,10,150,33,0.08274602130532002
115,5,10,150,33,0.04001677477281075
116,5,10,150,33,0.0
117,5,10,150,33,0.0
118,5,10,150,33,0.16958010263680806
119,5,10,150,33,0.0
120,5,10,150,33,0.0
121,5,10,150,33,0.13032376591037062
122,5,10,150,33,0.0
123,5,10,150,33,0.07303417492135322
124,5,10,150,33,0.0
125,5,10,150,33,0.05446333035917803
126,5,10,150,33,0.0
128,5,10,150,33,0.0
129,5,10,150,33,0.0
130,5,10,150,33,0.12848269861902195
131,5,10,150,33,0.0
132,5,10,150,33,0.0
133,5,10,150,33,0.0
134,5,10,150,33,0.0
135,5,10,150,33,0.0
136,5,10,150,33,0.0
137,5,10,150,33,0.0
138,5,10,150,33,0.0976168253917686
139,5,10,150,33,0.0
140,5,10,150,33,0.0
141,5,10,150,33,0.0
142,5,10,150,33,0.0
143,5,10,150,33,0.0
144,5,10,150,33,0.0
145,5,10,150,33,0.17597149971119974
146,5,10,150,33,0.0
147,5,10,150,33,0.0
148,5,10,150,33,0.0
149,5,10,150,33,0.0
150,5,10,150,33,0.2640681225725909
151,5,10,150,33,0.02671804748260287
152,5,10,150,33,0.0
153,5,10,150,33,0.0
154,5,10,150,33,0.0
155,5,10,150,33,0.0
156,5,10,150,33,0.0
157,5,10,150,33,0.0
158,5,10,150,33,0.04759023790187059
159,5,10,150,33,0.23138144801632507
160,5,10,150,33,0.1719271394881576
161,5,10,150,33,0.0
162,5,10,150,33,0.0
163,5,10,150,33,0.0
164,5,10,150,33,0.0
165,5,10,150,33,0.0
167,5,10,150,33,0.05319635904163211
168,5,10,150,33,0.0
169,5,10,150,33,0.0
170,5,10,150,33,0.0
171,5,10,150,33,0.0
173,5,10,150,33,0.0
174,5,10,150,33,0.0
175,5,10,150,33,0.21517910082405575
176,5,10,150,33,0.0
177,5,10,150,33,0.38113435412202
178,5,10,150,33,0.12597398707460816
179,5,10,150,33,0.0
180,5,10,150,33,0.06228974831361337
181,5,10,150,33,0.05890432640109142
182,5,10,150,33,0.0
183,5,10,150,33,0.15101961822780524
184,5,10,150,33,0.0
185,5,10,150,33,0.0
186,5,10,150,33,0.0
187,5,10,150,33,0.0
188,5,10,150,33,0.12925733948536566
189,5,10,150,33,0.13149959938656078
190,5,10,150,33,0.0
192,5,10,150,33,0.123151194370365
193,5,10,150,33,0.0
194,5,10,150,33,0.0
195,5,10,150,33,0.0647083388415595
196,5,10,150,33,0.0
197,5,10,150,33,0.09546043308946733
198,5,10,150,33,0.0
199,5,10,150,33,0.0
200,5,10,150,33,0.09785159463516042
201,5,10,150,33,0.0
202,5,10,150,33,0.0
203,5,10,150,33,0.0
204,5,10,150,33,0.19519002499605084
205,5,10,150,33,0.0
206,5,10,150,33,0.0
207,5,10,150,33,0.0
208,5,10,150,33,0.0
209,5,10,150,33,0.0
210,5,10,150,33,0.1506292774654168
211,5,10,150,33,0.0
213,5,10,150,33,0.04465281017341861
214,5,10,150,33,0.0
216,5,10,150,33,0.23813231172447274
217,5,10,150,33,0.0
218,5,10,150,33,0.0
219,5,10,150,33,0.0
221,5,10,150,33,0.0
222,5,10,150,33,0.1050995674008573
223,5,10,150,33,0.0
224,5,10,150,33,0.0
225,5,10,150,33,0.0
226,5,10,150,33,0.19092086617893467
227,5,10,150,33,0.0
228,5,10,150,33,0.0
229,5,10,150,33,0.0
230,5,10,150,33,0.08993480096570136
231,5,10,150,33,0.0
232,5,10,150,33,0.0
233,5,10,150,33,0.18978688349077963
234,5,10,150,33,0.0
235,5,10,150,33,0.0
236,5,10,150,33,0.0
237,5,10,150,33,0.19342640361727081
238,5,10,150,33,0.0
239,5,10,150,33,0.06912040963822193
240,5,10,150,33,0.12495636102304827
241,5,10,150,33,0.0
242,5,10,150,33,0.0
243,5,10,150,33,0.0
244,5,10,150,33,0.049712302565054066
245,5,10,150,33,0.0
246,5,10,150,33,0.0561326498270945
247,5,10,150,33,0.09472348220010487
248,5,10,150,33,0.09472348220010487
249,5,10,150,33,0.056720838976548935
250,5,10,150,33,0.0
251,5,10,150,33,0.13032376591037062
252,5,10,150,33,0.20184908658209985
253,5,10,150,33,0.0
254,5,10,150,33,0.08514311764162098
255,5,10,150,33,0.0
256,5,10,150,33,0.038925970325304815
257,5,10,150,33,0.07984133538066794
258,5,10,150,33,0.0
259,5,10,150,33,0.067856722420442
260,5,10,150,33,0.0
261,5,10,150,33,0.0
262,5,10,150,33,0.0
263,5,10,150,33,0.0956366800683804
264,5,10,150,33,0.0
265,5,10,150,33,0.0
266,5,10,150,33,0.0
267,5,10,150,33,0.14441789857547072
268,5,10,150,33,0.049712302565054066
269,5,10,150,33,0.052962244777770985
270,5,10,150,33,0.0
271,5,10,150,33,0.10406177364128634
272,5,10,150,33,0.0
273,5,10,150,33,0.0
274,5,10,150,33,0.0
275,5,10,150,33,0.0
276,5,10,150,33,0.17744070593131583
277,5,10,150,33,0.0
278,5,10,150,33,0.0
279,5,10,150,33,0.1258233090872302
280,5,10,150,33,0.11987424504051505
281,5,10,150,33,0.0
282,5,10,150,33,0.0
283,5,10,150,33,0.0
284,5,10,150,33,0.0
285,5,10,150,33,0.0
286,5,10,150,33,0.05490370618855431
287,5,10,150,33,0.0
288,5,10,150,33,0.0
289,5,10,150,33,0.0
290,5,10,150,33,0.07834851647149511
291,5,10,150,33,0.07828167840727236
292,5,10,150,33,0.0
293,5,10,150,33,0.0646684107724282
294,5,10,150,33,0.0
295,5,10,150,33,0.1710356533975505
296,5,10,150,33,0.07879213539011483
297,5,10,150,33,0.0
298,5,10,150,33,0.061080020762274374
299,5,10,150,33,0.0
300,5,10,150,33,0.0
301,5,10,150,33,0.06460801587741544
302,5,10,150,33,0.09224219235917257
303,5,10,150,33,0.044540457532886935
304,5,10,150,33,0.0
305,5,10,150,33,0.11349000778741654
306,5,10,150,33,0.0
307,5,10,150,33,0.10778915452451093
308,5,10,150,33,0.13490077762666258
310,5,10,150,33,0.0
311,5,10,150,33,0.10462176685237631
312,5,10,150,33,0.05897356872503046
313,5,10,150,33,0.11270402374049442
314,5,10,150,33,0.16600564593053876
315,5,10,150,33,0.0
316,5,10,150,33,0.0
317,5,10,150,33,0.0
318,5,10,150,33,0.10567847230623394
319,5,10,150,33,0.0
320,5,10,150,33,0.13927874459665815
321,5,10,150,33,0.0
322,5,10,150,33,0.0
323,5,10,150,33,0.1610425878239398
324,5,10,150,33,0.0
325,5,10,150,33,0.09092803061897883
326,5,10,150,33,0.027288805847552652
327,5,10,150,33,0.025410386140327024
328,5,10,150,33,0.09390332398511707
329,5,10,150,33,0.0
330,5,10,150,33,0.07197991643202278
331,5,10,150,33,0.0
332,5,10,150,33,0.0650278379951693
334,5,10,150,33,0.0
335,5,10,150,33,0.0
336,5,10,150,33,0.049712302565054066
337,5,10,150,33,0.0
338,5,10,150,33,0.07132875491150918
339,5,10,150,33,0.1430641274918087
340,5,10,150,33,0.0
341,5,10,150,33,0.0
342,5,10,150,33,0.31341134215401556
343,5,10,150,33,0.09229649639444802
344,5,10,150,33,0.1202034973803211
345,5,10,150,33,0.1536414362770729
346,5,10,150,33,0.04366879852493834
347,5,10,150,33,0.1969404851249289
348,5,10,150,33,0.0
349,5,10,150,33,0.0
350,5,10,150,33,0.0
351,5,10,150,33,0.0
352,5,10,150,33,0.1903601622684853
353,5,10,150,33,0.14434031438272124
354,5,10,150,33,0.06335619058732639
355,5,10,150,33,0.0
356,5,10,150,33,0.0
357,5,10,150,33,0.0
358,5,10,150,33,0.06364028872631156
359,5,10,150,33,0.3010299956639812
360,5,10,150,33,0.07256783117062009
361,5,10,150,33,0.09478836436955078
362,5,10,150,33,0.0
363,5,10,150,33,0.23800095672838242
364,5,10,150,33,0.0
365,5,10,150,33,0.0
366,5,10,150,33,0.0
367,5,10,150,33,0.0
368,5,10,150,33,0.0
369,5,10,150,33,0.0
370,5,10,150,33,0.0
371,5,10,150,33,0.07984133538066794
372,5,10,150,33,0.15130120674940672
373,5,10,150,33,0.22842722979011518
374,5,10,150,33,0.07472550252128253
375,5,10,150,33,0.0
376,5,10,150,33,0.0
377,5,10,150,33,0.0
378,5,10,150,33,0.13212528530907625
379,5,10,150,33,0.04401835325961603
380,5,10,150,33,0.0
381,5,10,150,33,0.0
382,5,10,150,33,0.05261577455142312
383,5,10,150,33,0.0
384,5,10,150,33,0.0
385,5,10,150,33,0.0
386,5,10,150,33,0.0
387,5,10,150,33,0.08586571489348302
388,5,10,150,33,0.0
389,5,10,150,33,0.05419019214782325
390,5,10,150,33,0.0
391,5,10,150,33,0.11245246430543061
392,5,10,150,33,0.11004588314904008
393,5,10,150,33,0.11721345326950044
394,5,10,150,33,0.14308342800319426
395,5,10,150,33,0.0
396,5,10,150,33,0.0
397,5,10,150,33,0.11004588314904008
398,5,10,150,33,0.21225568458158228
399,5,10,150,33,0.026175882249243814
400,5,10,150,33,0.0
401,5,10,150,33,0.0
402,5,10,150,33,0.0
403,5,10,150,33,0.2529427027676571
404,5,10,150,33,0.0
405,5,10,150,33,0.05154360033817631
406,5,10,150,33,0.08177608052090773
407,5,10,150,33,0.07081727565973653
408,5,10,150,33,0.09983719697789138
409,5,10,150,33,0.0334374913847135
410,5,10,150,33,0.0
411,5,10,150,33,0.17342765698823945
412,5,10,150,33,0.0
413,5,10,150,33,0.0
414,5,10,150,33,0.21398626473452756
415,5,10,150,33,0.0
416,5,10,150,33,0.13820856223915837
417,5,10,150,33,0.0895852844335066
419,5,10,150,33,0.30260241349881345
420,5,10,150,33,0.0
421,5,10,150,33,0.0
422,5,10,150,33,0.0
423,5,10,150,33,0.08440880858250024
424,5,10,150,33,0.0
425,5,10,150,33,0.2082843711703412
426,5,10,150,33,0.13571943816109763
427,5,10,150,33,0.0
428,5,10,150,33,0.0
429,5,10,150,33,0.18499309693704818
430,5,10,150,33,0.1261446714466394
431,5,10,150,33,0.0
432,5,10,150,33,0.0
433,5,10,150,33,0.0
434,5,10,150,33,0.3903800499921017
435,5,10,150,33,0.12262686767252497
436,5,10,150,33,0.06490403551612171
437,5,10,150,33,0.22972973128433707
438,5,10,150,33,0.0
439,5,10,150,33,0.0
440,5,10,150,33,0.0
441,5,10,150,33,0.0
442,5,10,150,33,0.0
443,5,10,150,33,0.0
445,5,10,150,33,0.0
446,5,10,150,33,0.0
447,5,10,150,33,0.21015429952548687
448,5,10,150,33,0.0
449,5,10,150,33,0.04403205443910179
450,5,10,150,33,0.21654511034259313
451,5,10,150,33,0.0
452,5,10,150,33,0.07830573469972951
453,5,10,150,33,0.029956785715628154
454,5,10,150,33,0.0
455,5,10,150,33,0.0
456,5,10,150,33,0.07758828619721583
457,5,10,150,33,0.2532386874138932
458,5,10,150,33,0.0
459,5,10,150,33,0.0
460,5,10,150,33,0.0
461,5,10,150,33,0.0
462,5,10,150,33,0.0
463,5,10,150,33,0.0
464,5,10,150,33,0.0
465,5,10,150,33,0.0
466,5,10,150,33,0.03947525607388688
467,5,10,150,33,0.0
468,5,10,150,33,0.25116683884278784
469,5,10,150,33,0.0
470,5,10,150,33,0.0
471,5,10,150,33,0.0
472,5,10,150,33,0.07331123581612
473,5,10,150,33,0.08754031530847717
474,5,10,150,33,0.280769775047407
475,5,10,150,33,0.06516188295518531
476,5,10,150,33,0.0
477,5,10,150,33,0.0
478,5,10,150,33,0.21120212585112702
479,5,10,150,33,0.07834096783470737
480,5,10,150,33,0.21398626473452756
481,5,10,150,33,0.07303417492135322
482,5,10,150,33,0.0
483,5,10,150,33,0.06912040963822193
484,5,10,150,33,0.09353062527112192
485,5,10,150,33,0.0
486,5,10,150,33,0.09972096763449681
487,5,10,150,33,0.1412456357706145
488,5,10,150,33,0.0
489,5,10,150,33,0.0
490,5,10,150,33,0.0
491,5,10,150,33,0.19092086617893467
492,5,10,150,33,0.08460640838932396
493,5,10,150,33,0.0
494,5,10,150,33,0.0
495,5,10,150,33,0.10249700605553073
496,5,10,150,33,0.05459112561892713
497,5,10,150,33,0.0
498,5,10,150,33,0.03855307727568851
499,5,10,150,33,0.1912282106369008
500,5,10,150,33,0.03148908318001809
501,5,10,150,33,0.0
502,5,10,150,33,0.06364028872631156
503,5,10,150,33,0.14184577198353127
504,5,10,150,33,0.0
505,5,10,150,33,0.0
506,5,10,150,33,0.10801125279475333
507,5,10,150,33,0.0
508,5,10,150,33,0.0
509,5,10,150,33,0.06474271459046577
510,5,10,150,33,0.0
511,5,10,150,33,0.0
512,5,10,150,33,0.0
513,5,10,150,33,0.0
514,5,10,150,33,0.10595566933616397
515,5,10,150,33,0.0
516,5,10,150,33,0.0
517,5,10,150,33,0.042259191411409554
518,5,10,150,33,0.0
519,5,10,150,33,0.0
520,5,10,150,33,0.0
521,5,10,150,33,0.0
522,5,10,150,33,0.0
523,5,10,150,33,0.0316088333445714
524,5,10,150,33,0.10564918109632895
525,5,10,150,33,0.0
526,5,10,150,33,0.0
527,5,10,150,33,0.12265062558661
528,5,10,150,33,0.05780700008370542
529,5,10,150,33,0.0
530,5,10,150,33,0.0
531,5,10,150,33,0.0
532,5,10,150,33,0.0
533,5,10,150,33,0.1495342790684685
534,5,10,150,33,0.04084531701587904
535,5,10,150,33,0.24780934736953428
536,5,10,150,33,0.23620378562439379
537,5,10,150,33,0.3264441637604833
538,5,10,150,33,0.0
539,5,10,150,33,0.11414433776026256
540,5,10,150,33,0.0
541,5,10,150,33,0.10325837973459957
542,5,10,150,33,0.12627825946936164
543,5,10,150,33,0.0
544,5,10,150,33,0.0
545,5,10,150,33,0.052962244777770985
546,5,10,150,33,0.11781210270929884
547,5,10,150,33,0.0
548,5,10,150,33,0.0
549,5,10,150,33,0.0
550,5,10,150,33,0.0
551,5,10,150,33,0.317336665842403
552,5,10,150,33,0.0
553,5,10,150,33,0.13262997582871638
554,5,10,150,33,0.16600564593053876
555,5,10,150,33,0.0
556,5,10,150,33,0.046823654699505654
557,5,10,150,33,0.0
558,5,10,150,33,0.0
559,5,10,150,33,0.0734773909038217
560,5,10,150,33,0.19335859474678904
561,5,10,150,33,0.0
562,5,10,150,33,0.0
563,5,10,150,33,0.0
564,5,10,150,33,0.0
565,5,10,150,33,0.10523285614729473
566,5,10,150,33,0.13665387068436016
567,5,10,150,33,0.11287127482195795
568,5,10,150,33,0.0
569,5,10,150,33,0.0
570,5,10,150,33,0.0
571,5,10,150,33,0.0
572,5,10,150,33,0.0
573,5,10,150,33,0.0
574,5,10,150,33,0.04185567464896701
575,5,10,150,33,0.0
576,5,10,150,33,0.17342765698823945
577,5,10,150,33,0.20793146889150496
578,5,10,150,33,0.0
579,5,10,150,33,0.0
580,5,10,150,33,0.10209739512291163
581,5,10,150,33,0.0
582,5,10,150,33,0.0
583,5,10,150,33,0.0
584,5,10,150,33,0.0
585,5,10,150,33,0.0
586,5,10,150,33,0.07482758161941112
587,5,10,150,33,0.0
588,5,10,150,33,0.2395405158756855
589,5,10,150,33,0.0
590,5,10,150,33,0.18511573258657482
591,5,10,150,33,0.15758427078022966
592,5,10,150,33,0.21314271301128246
593,5,10,150,33,0.12299640726663688
594,5,10,150,33,0.0843142342558857
595,5,10,150,33,0.0
596,5,10,150,33,0.0
597,5,10,150,33,0.0
598,5,10,150,33,0.11752277470724268
599,5,10,150,33,0.0
600,5,10,150,33,0.0
601,5,10,150,33,0.026557570376145638
602,5,10,150,33,0.0
603,5,10,150,33,0.06194403202282284
604,5,10,150,33,0.0
605,5,10,150,33,0.07677414822537214
606,5,10,150,33,0.2316340534358198
607,5,10,150,33,0.0
608,5,10,150,33,0.126140293880171
609,5,10,150,33,0.11838279295536291
610,5,10,150,33,0.0
611,5,10,150,33,0.03927158715985786
612,5,10,150,33,0.0
613,5,10,150,33,0.15130120674940672
614,5,10,150,33,0.13886244387355454
615,5,10,150,33,0.022974664140439565
616,5,10,150,33,0.09781579202094404
617,5,10,150,33,0.03804989622115975
618,5,10,150,33,0.16852843726295305
619,5,10,150,33,0.1303945739341477
620,5,10,150,33,0.06990650508520166
621,5,10,150,33,0.12264398486478335
622,5,10,150,33,0.15016022899993087
623,5,10,150,33,0.050143326786652107
624,5,10,150,33,0.0
625,5,10,150,33,0.0
626,5,10,150,33,0.0
627,5,10,150,33,0.029628279253545494
628,5,10,150,33,0.0
629,5,10,150,33,0.11794421963488726
630,5,10,150,33,0.09942460513010813
631,5,10,150,33,0.0
632,5,10,150,33,0.26055578965375414
633,5,10,150,33,0.0455520698635181
634,5,10,150,33,0.023756977677906275
635,5,10,150,33,0.0
636,5,10,150,33,0.0
637,5,10,150,33,0.0
638,5,10,150,33,0.15473934503245962
639,5,10,150,33,0.0
640,5,10,150,33,0.0637867864178444
641,5,10,150,33,0.0
642,5,10,150,33,0.09166634926582021
643,5,10,150,33,0.15561282895132192
644,5,10,150,33,0.0
645,5,10,150,33,0.14735969082328476
646,5,10,150,33,0.0
647,5,10,150,33,0.03673869545191085
648,5,10,150,33,0.08072478005204728
649,5,10,150,33,0.0
650,5,10,150,33,0.020146978809252626
651,5,10,150,33,0.0
652,5,10,150,33,0.0
653,5,10,150,33,0.05858169910444637
654,5,10,150,33,0.1521155994897412
655,5,10,150,33,0.26497094937909565
656,5,10,150,33,0.0
657,5,10,150,33,0.053845569940583225
658,5,10,150,33,0.0
659,5,10,150,33,0.04714747698739254
660,5,10,150,33,0.0
661,5,10,150,33,0.0860496199597963
662,5,10,150,33,0.0
663,5,10,150,33,0.09691077011810478
664,5,10,150,33,0.06230972743958791
665,5,10,150,33,0.0
666,5,10,150,33,0.10249700605553073
667,5,10,150,33,0.23495437216186538
668,5,10,150,33,0.0
669,5,10,150,33,0.2125308578794234
670,5,10,150,33,0.15539533467551025
671,5,10,150,33,0.13930210929760445
672,5,10,150,33,0.0
673,5,10,150,33,0.0
674,5,10,150,33,0.0
675,5,10,150,33,0.05010834716923557
676,5,10,150,33,0.0
677,5,10,150,33,0.03927489746221688
678,5,10,150,33,0.0
679,5,10,150,33,0.213690313463914
680,5,10,150,33,0.2073612289146658
681,5,10,150,33,0.0
682,5,10,150,33,0.1461434421232576
683,5,10,150,33,0.03719976603506465
684,5,10,150,33,0.0
685,5,10,150,33,0.0
686,5,10,150,33,0.08962483220812449
687,5,10,150,33,0.0
688,5,10,150,33,0.0
689,5,10,150,33,0.27487633291429087
690,5,10,150,33,0.0
691,5,10,150,33,0.0
692,5,10,150,33,0.0
693,5,10,150,33,0.0
694,5,10,150,33,0.1423864336374657
695,5,10,150,33,0.0
696,5,10,150,33,0.06723507268634088
697,5,10,150,33,0.04505069314087506
698,5,10,150,33,0.10249700605553073
699,5,10,150,33,0.0
700,5,10,150,33,0.16958010263680806
701,5,10,150,33,0.04129602134854855
702,5,10,150,33,0.0
703,5,10,150,33,0.0
704,5,10,150,33,0.03898594405226045
705,5,10,150,33,0.10665392793551529
706,5,10,150,33,0.0
707,5,10,150,33,0.10368284301898785
708,5,10,150,33,0.04185109258092126
709,5,10,150,33,0.09989647020031392
710,5,10,150,33,0.05710411178654767
711,5,10,150,33,0.1343740019862267
712,5,10,150,33,0.0922598494871571
713,5,10,150,33,0.0
714,5,10,150,33,0.04195229264874745
715,5,10,150,33,0.10117858098646271
716,5,10,150,33,0.19170975608394317
717,5,10,150,33,0.1671511698578214
718,5,10,150,33,0.0
719,5,10,150,33,0.11614257564286637
720,5,10,150,33,0.05261577455142312
721,5,10,150,33,0.12281599851137126
722,5,10,150,33,0.0
723,5,10,150,33,0.0
724,5,10,150,33,0.0
725,5,10,150,33,0.05750402108673013
726,5,10,150,33,0.2529427027676571
727,5,10,150,33,0.13854464529607774
728,5,10,150,33,0.0
729,5,10,150,33,0.0
730,5,10,150,33,0.0
731,5,10,150,33,0.0
732,5,10,150,33,0.0
733,5,10,150,33,0.0
734,5,10,150,33,0.0655813061736612
735,5,10,150,33,0.0
736,5,10,150,33,0.0
737,5,10,150,33,0.16282663249631943
738,5,10,150,33,0.28668568645541426
739,5,10,150,33,0.0
740,5,10,150,33,0.0
741,5,10,150,33,0.10965210684801945
742,5,10,150,33,0.0
743,5,10,150,33,0.0
744,5,10,150,33,0.0
745,5,10,150,33,0.33763622740733124
746,5,10,150,33,0.11450296808588954
747,5,10,150,33,0.3562007378809267
748,5,10,150,33,0.21377831622028268
749,5,10,150,33,0.16586818102780732
750,5,10,150,33,0.07219614103266732
751,5,10,150,33,0.07277172850127522
752,5,10,150,33,0.0
753,5,10,150,33,0.12545067621282432
754,5,10,150,33,0.0
755,5,10,150,33,0.0
756,5,10,150,33,0.022658472913870027
757,5,10,150,33,0.0
758,5,10,150,33,0.14040507065883737
759,5,10,150,33,0.0
760,5,10,150,33,0.11447590313611888
761,5,10,150,33,0.03339755935325358
762,5,10,150,33,0.0647083388415595
763,5,10,150,33,0.2528409541813854
764,5,10,150,33,0.08856106377110985
765,5,10,150,33,0.0
766,5,10,150,33,0.07396935222974407
767,5,10,150,33,0.2073612289146658
768,5,10,150,33,0.07655078846581868
769,5,10,150,33,0.0
770,5,10,150,33,0.0
771,5,10,150,33,0.08294076634213902
772,5,10,150,33,0.03353522641880846
773,5,10,150,33,0.12053906096275882
774,5,10,150,33,0.046319839468099984
775,5,10,150,33,0.0
776,5,10,150,33,0.10188486812630865
777,5,10,150,33,0.11096808148688479
778,5,10,150,33,0.0
779,5,10,150,33,0.05878132199396477
780,5,10,150,33,0.04759023790187059
781,5,10,150,33,0.21898681539091044
782,5,10,150,33,0.0
783,5,10,150,33,0.0
784,5,10,150,33,0.0
785,5,10,150,33,0.048159222084064895
786,5,10,150,33,0.15199357204338157
787,5,10,150,33,0.0683037314796457
788,5,10,150,33,0.27495881129582067
789,5,10,150,33,0.059109628562248356
790,5,10,150,33,0.1030082649312365
791,5,10,150,33,0.0
792,5,10,150,33,0.0
793,5,10,150,33,0.0
794,5,10,150,33,0.1678954833056024
795,5,10,150,33,0.15129429183951218
796,5,10,150,33,0.43012941909373115
797,5,10,150,33,0.09030583455080088
798,5,10,150,33,0.11501999263803225
799,5,10,150,33,0.0
800,5,10,150,33,0.0
801,5,10,150,33,0.0
802,5,10,150,33,0.030863419558816
803,5,10,150,33,0.0
804,5,10,150,33,0.17453789599207126
805,5,10,150,33,0.1696355910999549
806,5,10,150,33,0.18269373116401252
807,5,10,150,33,0.17441418950268142
808,5,10,150,33,0.0
809,5,10,150,33,0.0
810,5,10,150,33,0.0
811,5,10,150,33,0.0
812,5,10,150,33,0.0
813,5,10,150,33,0.17367331957930765
814,5,10,150,33,0.060961917527339995
815,5,10,150,33,0.32516555089051674
816,5,10,150,33,0.041774375925183446
817,5,10,150,33,0.0
818,5,10,150,33,0.0
819,5,10,150,33,0.0458402539699961
820,5,10,150,33,0.0
821,5,10,150,33,0.10332444476421325
822,5,10,150,33,0.0
823,5,10,150,33,0.3000596408090371
824,5,10,150,33,0.0
825,5,10,150,33,0.039651254525717876
826,5,10,150,33,0.0621344217279172
827,5,10,150,33,0.0
828,5,10,150,33,0.06621458667123556
829,5,10,150,33,0.10951828933634093
830,5,10,150,33,0.04804076475824268
831,5,10,150,33,0.0960228659850268
832,5,10,150,33,0.0
833,5,10,150,33,0.22688835631191792
834,5,10,150,33,0.0
835,5,10,150,33,0.029628279253545494
836,5,10,150,33,0.05823597777878099
837,5,10,150,33,0.0
838,5,10,150,33,0.09801298670754888
839,5,10,150,33,0.03322541746578526
840,5,10,150,33,0.37748508162603683
841,5,10,150,33,0.0
842,5,10,150,33,0.03314153504336938
843,5,10,150,33,0.16067065128602792
844,5,10,150,33,0.13966614184171938
845,5,10,150,33,0.0
846,5,10,150,33,0.2575230725390682
847,5,10,150,33,0.0
848,5,10,150,33,0.06858416258001733
849,5,10,150,33,0.0
850,5,10,150,33,0.06363461819992405
851,5,10,150,33,0.3009689057534558
852,5,10,150,33,0.0
853,5,10,150,33,0.0
854,5,10,150,33,0.2207894924065544
855,5,10,150,33,0.0
856,5,10,150,33,0.0
857,5,10,150,33,0.0
858,5,10,150,33,0.0
859,5,10,150,33,0.0
860,5,10,150,33,0.0
861,5,10,150,33,0.09836355940276224
862,5,10,150,33,0.16992743948604608
863,5,10,150,33,0.0
864,5,10,150,33,0.31026452521702963
865,5,10,150,33,0.0
866,5,10,150,33,0.12374681498530773
867,5,10,150,33,0.2848395756365841
868,5,10,150,33,0.1944929854212164
869,5,10,150,33,0.030718920234936747
870,5,10,150,33,0.17510790174377586
871,5,10,150,33,0.1313842248029374
872,5,10,150,33,0.0
873,5,10,150,33,0.0
874,5,10,150,33,0.06575393297476358
875,5,10,150,33,0.21710387020668764
876,5,10,150,33,0.0
877,5,10,150,33,0.039651254525717876
878,5,10,150,33,0.06978512198961029
879,5,10,150,33,0.04258528250242427
880,5,10,150,33,0.4400638444402915
881,5,10,150,33,0.4282804451185115
882,5,10,150,33,0.273524829059802
883,5,10,150,33,0.3311009965013878
884,5,10,150,33,0.028767091820622218
885,5,10,150,33,0.13892847762644533
886,5,10,150,33,0.26547812436424
887,5,10,150,33,0.1335659753937428
888,5,10,150,33,0.0
889,5,10,150,33,0.37320976215242396
890,5,10,150,33,0.3703507634843461
891,5,10,150,33,0.0
892,5,10,150,33,0.4318534198135833
893,5,10,150,33,0.05014695371369417
894,5,10,150,33,0.30265152293314723
895,5,10,150,33,0.0
896,5,10,150,33,0.4489469007528338
897,5,10,150,33,0.13880941293736743
898,5,10,150,33,0.0
899,5,10,150,33,0.24274017367608866
900,5,10,150,33,0.04588516391390306
901,5,10,150,33,0.30290843838021303
902,5,10,150,33,0.025255271126572616
903,5,10,150,33,0.4275746369785199
904,5,10,150,33,0.0
905,5,10,150,33,0.08773956418811966
906,5,10,150,33,0.0
907,5,10,150,33,0.19224136492493965
908,5,10,150,33,0.17677427575396273
909,5,10,150,33,0.0
910,5,10,150,33,0.15500258765766273
911,5,10,150,33,0.0702706156337596
912,5,10,150,33,0.07877990502228673
913,5,10,150,33,0.20774120078214914
914,5,10,150,33,0.0
915,5,10,150,33,0.0
916,5,10,150,33,0.2959511830828151
917,5,10,150,33,0.0
918,5,10,150,33,0.0
919,5,10,150,33,0.20256163523043288
920,5,10,150,33,0.26814570941777965
921,5,10,150,33,0.039651254525717876
922,5,10,150,33,0.13824607002697437
923,5,10,150,33,0.05066234567996329
924,5,10,150,33,0.07558171193574563
925,5,10,150,33,0.039791360812020615
926,5,10,150,33,0.18690891198435525
927,5,10,150,33,0.10606752182434705
928,5,10,150,33,0.1092545823136639
929,5,10,150,33,0.0753982504991096
930,5,10,150,33,0.09420841409390002
931,5,10,150,33,0.06539845350497221
932,5,10,150,33,0.3002396546757303
933,5,10,150,33,0.08356181222321128
934,5,10,150,33,0.15260371219099828
935,5,10,150,33,0.0
936,5,10,150,33,0.12662571487439697
937,5,10,150,33,0.0750451914573381
938,5,10,150,33,0.10999587497057253
939,5,10,150,33,0.0323342053862141
940,5,10,150,33,0.132892515891096
941,5,10,150,33,0.17060921827860473
942,5,10,150,33,0.0668954944692652
943,5,10,150,33,0.2801946423471894
1,5,10,150,34,0.4058715898896693
2,5,10,150,34,0.0
3,5,10,150,34,0.0
4,5,10,150,34,0.0
5,5,10,150,34,0.04470486007704452
6,5,10,150,34,0.04187254809446048
7,5,10,150,34,0.0870138683542329
8,5,10,150,34,0.0
9,5,10,150,34,0.0
10,5,10,150,34,0.21422665043052946
11,5,10,150,34,0.03947525607388688
12,5,10,150,34,0.0787978565107802
13,5,10,150,34,0.30084923076655057
14,5,10,150,34,0.18795160328752808
15,5,10,150,34,0.0
16,5,10,150,34,0.11062750966338458
17,5,10,150,34,0.0
18,5,10,150,34,0.1528843013006747
19,5,10,150,34,0.0
20,5,10,150,34,0.13743816645714543
21,5,10,150,34,0.1265754929129826
22,5,10,150,34,0.0
23,5,10,150,34,0.06541518452970234
24,5,10,150,34,0.05010834716923557
25,5,10,150,34,0.23940867474021393
26,5,10,150,34,0.0
27,5,10,150,34,0.0
28,5,10,150,34,0.0
30,5,10,150,34,0.08133484538841967
31,5,10,150,34,0.0
32,5,10,150,34,0.19519002499605084
33,5,10,150,34,0.0
34,5,10,150,34,0.0
35,5,10,150,34,0.0
37,5,10,150,34,0.08177471774917201
38,5,10,150,34,0.0
39,5,10,150,34,0.0
40,5,10,150,34,0.0
41,5,10,150,34,0.06835476917178976
42,5,10,150,34,0.08850778826764391
43,5,10,150,34,0.0
44,5,10,150,34,0.2672039079048423
45,5,10,150,34,0.0
46,5,10,150,34,0.0
47,5,10,150,34,0.0
48,5,10,150,34,0.0
49,5,10,150,34,0.033808395438916686
52,5,10,150,34,0.0
53,5,10,150,34,0.0
54,5,10,150,34,0.0
55,5,10,150,34,0.0
56,5,10,150,34,0.11781210270929884
57,5,10,150,34,0.1318392860374695
58,5,10,150,34,0.29374931546605
59,5,10,150,34,0.19233148606048747
60,5,10,150,34,0.1076743759411119
61,5,10,150,34,0.0
62,5,10,150,34,0.09586820699422145
63,5,10,150,34,0.0
64,5,10,150,34,0.04759023790187059
65,5,10,150,34,0.2342550150352983
66,5,10,150,34,0.0
67,5,10,150,34,0.0
68,5,10,150,34,0.0
69,5,10,150,34,0.0
70,5,10,150,34,0.0
71,5,10,150,34,0.20758456043036028
72,5,10,150,34,0.10990826949013655
73,5,10,150,34,0.0
74,5,10,150,34,0.0
75,5,10,150,34,0.0
76,5,10,150,34,0.10633668103022985
77,5,10,150,34,0.05154847002173459
78,5,10,150,34,0.0
79,5,10,150,34,0.0
80,5,10,150,34,0.0
81,5,10,150,34,0.0
82,5,10,150,34,0.0
83,5,10,150,34,0.07414861528507455
84,5,10,150,34,0.0
85,5,10,150,34,0.04734112273659951
86,5,10,150,34,0.0
87,5,10,150,34,0.1102104590629334
88,5,10,150,34,0.0
89,5,10,150,34,0.0
90,5,10,150,34,0.0561326498270945
91,5,10,150,34,0.0
92,5,10,150,34,0.03369782041898502
93,5,10,150,34,0.0
94,5,10,150,34,0.10370221609124387
95,5,10,150,34,0.07849567312219397
96,5,10,150,34,0.0
97,5,10,150,34,0.0
98,5,10,150,34,0.0
99,5,10,150,34,0.09641171098317775
100,5,10,150,34,0.0
101,5,10,150,34,0.0
102,5,10,150,34,0.0
103,5,10,150,34,0.0
104,5,10,150,34,0.33958467175585033
105,5,10,150,34,0.0
106,5,10,150,34,0.06516188295518531
107,5,10,150,34,0.0
109,5,10,150,34,0.16563719724029594
110,5,10,150,34,0.0
111,5,10,150,34,0.0
112,5,10,150,34,0.07807600999842033
113,5,10,150,34,0.0
114,5,10,150,34,0.08274602130532002
115,5,10,150,34,0.04001677477281075
116,5,10,150,34,0.0
117,5,10,150,34,0.0
118,5,10,150,34,0.16958010263680806
119,5,10,150,34,0.0
120,5,10,150,34,0.0
121,5,10,150,34,0.13032376591037062
122,5,10,150,34,0.0
123,5,10,150,34,0.07303417492135322
124,5,10,150,34,0.0
125,5,10,150,34,0.05446333035917803
126,5,10,150,34,0.0
128,5,10,150,34,0.0
129,5,10,150,34,0.0
130,5,10,150,34,0.12848269861902195
131,5,10,150,34,0.0
132,5,10,150,34,0.0
133,5,10,150,34,0.0
134,5,10,150,34,0.0
135,5,10,150,34,0.0
136,5,10,150,34,0.0
137,5,10,150,34,0.0
138,5,10,150,34,0.0976168253917686
139,5,10,150,34,0.0
140,5,10,150,34,0.0
141,5,10,150,34,0.0
142,5,10,150,34,0.0
143,5,10,150,34,0.0
144,5,10,150,34,0.0
145,5,10,150,34,0.17597149971119974
146,5,10,150,34,0.0
147,5,10,150,34,0.0
148,5,10,150,34,0.0
149,5,10,150,34,0.0
150,5,10,150,34,0.2640681225725909
151,5,10,150,34,0.05276266950320283
152,5,10,150,34,0.0
153,5,10,150,34,0.0
154,5,10,150,34,0.0
155,5,10,150,34,0.0
156,5,10,150,34,0.0
157,5,10,150,34,0.0
158,5,10,150,34,0.04759023790187059
159,5,10,150,34,0.23138144801632507
160,5,10,150,34,0.1719271394881576
161,5,10,150,34,0.0
162,5,10,150,34,0.0
163,5,10,150,34,0.0
164,5,10,150,34,0.0
165,5,10,150,34,0.0
167,5,10,150,34,0.05319635904163211
168,5,10,150,34,0.0
169,5,10,150,34,0.0
170,5,10,150,34,0.0
171,5,10,150,34,0.0
173,5,10,150,34,0.0
174,5,10,150,34,0.0
175,5,10,150,34,0.21517910082405575
176,5,10,150,34,0.0
177,5,10,150,34,0.38113435412202
178,5,10,150,34,0.12597398707460816
179,5,10,150,34,0.09149012142095872
180,5,10,150,34,0.06228974831361337
181,5,10,150,34,0.05890432640109142
182,5,10,150,34,0.0
183,5,10,150,34,0.15101961822780524
184,5,10,150,34,0.0
185,5,10,150,34,0.0
186,5,10,150,34,0.0
187,5,10,150,34,0.0
188,5,10,150,34,0.12925733948536566
189,5,10,150,34,0.1622220746837199
190,5,10,150,34,0.0
192,5,10,150,34,0.123151194370365
193,5,10,150,34,0.0
194,5,10,150,34,0.0
195,5,10,150,34,0.0647083388415595
196,5,10,150,34,0.0
197,5,10,150,34,0.09546043308946733
198,5,10,150,34,0.0
199,5,10,150,34,0.0
200,5,10,150,34,0.09785159463516042
201,5,10,150,34,0.0
202,5,10,150,34,0.0
203,5,10,150,34,0.0
204,5,10,150,34,0.19519002499605084
205,5,10,150,34,0.0
206,5,10,150,34,0.0
207,5,10,150,34,0.0
208,5,10,150,34,0.0
209,5,10,150,34,0.0
210,5,10,150,34,0.2167516193508568
211,5,10,150,34,0.0
213,5,10,150,34,0.04465281017341861
214,5,10,150,34,0.0
216,5,10,150,34,0.23813231172447274
217,5,10,150,34,0.0
218,5,10,150,34,0.0
219,5,10,150,34,0.0
221,5,10,150,34,0.0
222,5,10,150,34,0.1050995674008573
223,5,10,150,34,0.0
224,5,10,150,34,0.0
225,5,10,150,34,0.0
226,5,10,150,34,0.19092086617893467
227,5,10,150,34,0.0
228,5,10,150,34,0.0
229,5,10,150,34,0.0
230,5,10,150,34,0.08993480096570136
231,5,10,150,34,0.0
232,5,10,150,34,0.0
233,5,10,150,34,0.18978688349077963
234,5,10,150,34,0.0
235,5,10,150,34,0.0
236,5,10,150,34,0.0
237,5,10,150,34,0.19342640361727081
238,5,10,150,34,0.0
239,5,10,150,34,0.06912040963822193
240,5,10,150,34,0.12495636102304827
241,5,10,150,34,0.0
242,5,10,150,34,0.0
243,5,10,150,34,0.0
244,5,10,150,34,0.049712302565054066
245,5,10,150,34,0.0
246,5,10,150,34,0.0561326498270945
247,5,10,150,34,0.09472348220010487
248,5,10,150,34,0.09472348220010487
249,5,10,150,34,0.056720838976548935
250,5,10,150,34,0.0
251,5,10,150,34,0.13032376591037062
252,5,10,150,34,0.20184908658209985
253,5,10,150,34,0.0
254,5,10,150,34,0.08514311764162098
255,5,10,150,34,0.0
256,5,10,150,34,0.038925970325304815
257,5,10,150,34,0.07984133538066794
258,5,10,150,34,0.0
259,5,10,150,34,0.067856722420442
260,5,10,150,34,0.0
261,5,10,150,34,0.0
262,5,10,150,34,0.0
263,5,10,150,34,0.0956366800683804
264,5,10,150,34,0.0
265,5,10,150,34,0.0
266,5,10,150,34,0.0
267,5,10,150,34,0.14441789857547072
268,5,10,150,34,0.049712302565054066
269,5,10,150,34,0.052962244777770985
270,5,10,150,34,0.0
271,5,10,150,34,0.10406177364128634
272,5,10,150,34,0.0
273,5,10,150,34,0.0
274,5,10,150,34,0.0
275,5,10,150,34,0.0
276,5,10,150,34,0.1739644242393518
277,5,10,150,34,0.0
278,5,10,150,34,0.0
279,5,10,150,34,0.1233582756919529
280,5,10,150,34,0.14324481060386993
281,5,10,150,34,0.0
282,5,10,150,34,0.0
283,5,10,150,34,0.0
284,5,10,150,34,0.0
285,5,10,150,34,0.0
286,5,10,150,34,0.05490370618855431
287,5,10,150,34,0.0
288,5,10,150,34,0.0
289,5,10,150,34,0.0
290,5,10,150,34,0.07834851647149511
291,5,10,150,34,0.07828167840727236
292,5,10,150,34,0.0
293,5,10,150,34,0.063401477059351
294,5,10,150,34,0.0
295,5,10,150,34,0.1710356533975505
296,5,10,150,34,0.07879213539011483
297,5,10,150,34,0.0
298,5,10,150,34,0.061080020762274374
299,5,10,150,34,0.0
300,5,10,150,34,0.0
301,5,10,150,34,0.06460801587741544
302,5,10,150,34,0.09224219235917257
303,5,10,150,34,0.04366785518236873
304,5,10,150,34,0.0
305,5,10,150,34,0.11349000778741654
306,5,10,150,34,0.0
307,5,10,150,34,0.10778915452451093
308,5,10,150,34,0.13490077762666258
310,5,10,150,34,0.0
311,5,10,150,34,0.10462176685237631
312,5,10,150,34,0.05897356872503046
313,5,10,150,34,0.11270402374049442
314,5,10,150,34,0.16600564593053876
315,5,10,150,34,0.0
316,5,10,150,34,0.0
317,5,10,150,34,0.0
318,5,10,150,34,0.10567847230623394
319,5,10,150,34,0.0
320,5,10,150,34,0.13927874459665815
321,5,10,150,34,0.0
322,5,10,150,34,0.0
323,5,10,150,34,0.1610425878239398
324,5,10,150,34,0.0
325,5,10,150,34,0.09092803061897883
326,5,10,150,34,0.027288805847552652
327,5,10,150,34,0.025410386140327024
328,5,10,150,34,0.09206364236149692
329,5,10,150,34,0.0
330,5,10,150,34,0.07197991643202278
331,5,10,150,34,0.0
332,5,10,150,34,0.0650278379951693
334,5,10,150,34,0.0
335,5,10,150,34,0.0
336,5,10,150,34,0.049712302565054066
337,5,10,150,34,0.0
338,5,10,150,34,0.07132875491150918
339,5,10,150,34,0.1430641274918087
340,5,10,150,34,0.0
341,5,10,150,34,0.0
342,5,10,150,34,0.31341134215401556
343,5,10,150,34,0.09229649639444802
344,5,10,150,34,0.1202034973803211
345,5,10,150,34,0.1536414362770729
346,5,10,150,34,0.04366879852493834
347,5,10,150,34,0.1969404851249289
348,5,10,150,34,0.0
349,5,10,150,34,0.0
350,5,10,150,34,0.0
351,5,10,150,34,0.0
352,5,10,150,34,0.1903601622684853
353,5,10,150,34,0.14434031438272124
354,5,10,150,34,0.06335619058732639
355,5,10,150,34,0.0
356,5,10,150,34,0.0
357,5,10,150,34,0.0
358,5,10,150,34,0.06364028872631156
359,5,10,150,34,0.3010299956639812
360,5,10,150,34,0.07256783117062009
361,5,10,150,34,0.09478836436955078
362,5,10,150,34,0.0
363,5,10,150,34,0.23333822523054307
364,5,10,150,34,0.0
365,5,10,150,34,0.0
366,5,10,150,34,0.0
367,5,10,150,34,0.0
368,5,10,150,34,0.0
369,5,10,150,34,0.0
370,5,10,150,34,0.0
371,5,10,150,34,0.07984133538066794
372,5,10,150,34,0.15130120674940672
373,5,10,150,34,0.22842722979011518
374,5,10,150,34,0.07472550252128253
375,5,10,150,34,0.0
376,5,10,150,34,0.0
377,5,10,150,34,0.0
378,5,10,150,34,0.12953678844780217
379,5,10,150,34,0.04401835325961603
380,5,10,150,34,0.0
381,5,10,150,34,0.0
382,5,10,150,34,0.05261577455142312
383,5,10,150,34,0.0
384,5,10,150,34,0.0
385,5,10,150,34,0.0
386,5,10,150,34,0.0
387,5,10,150,34,0.08586571489348302
388,5,10,150,34,0.0
389,5,10,150,34,0.05419019214782325
390,5,10,150,34,0.0
391,5,10,150,34,0.11245246430543061
392,5,10,150,34,0.11004588314904008
393,5,10,150,34,0.11491709754033438
394,5,10,150,34,0.14308342800319426
395,5,10,150,34,0.0
396,5,10,150,34,0.0
397,5,10,150,34,0.11004588314904008
398,5,10,150,34,0.21225568458158228
399,5,10,150,34,0.026175882249243814
400,5,10,150,34,0.0
401,5,10,150,34,0.0
402,5,10,150,34,0.0
403,5,10,150,34,0.2529427027676571
404,5,10,150,34,0.0
405,5,10,150,34,0.050533797805814476
406,5,10,150,34,0.08017398651399228
407,5,10,150,34,0.07081727565973653
408,5,10,150,34,0.09983719697789138
409,5,10,150,34,0.0334374913847135
410,5,10,150,34,0.0
411,5,10,150,34,0.17342765698823945
412,5,10,150,34,0.0
413,5,10,150,34,0.0
414,5,10,150,34,0.21398626473452756
415,5,10,150,34,0.0
416,5,10,150,34,0.13550088650002648
417,5,10,150,34,0.0895852844335066
419,5,10,150,34,0.30260241349881345
420,5,10,150,34,0.0
421,5,10,150,34,0.0
422,5,10,150,34,0.0
423,5,10,150,34,0.08440880858250024
424,5,10,150,34,0.0
425,5,10,150,34,0.2082843711703412
426,5,10,150,34,0.13571943816109763
427,5,10,150,34,0.0
428,5,10,150,34,0.0
429,5,10,150,34,0.18136885461538543
430,5,10,150,34,0.1261446714466394
431,5,10,150,34,0.0
432,5,10,150,34,0.0
433,5,10,150,34,0.0
434,5,10,150,34,0.3903800499921017
435,5,10,150,34,0.12022445649637747
436,5,10,150,34,0.06490403551612171
437,5,10,150,34,0.22972973128433707
438,5,10,150,34,0.0
439,5,10,150,34,0.0
440,5,10,150,34,0.0
441,5,10,150,34,0.0
442,5,10,150,34,0.0
443,5,10,150,34,0.0
445,5,10,150,34,0.0
446,5,10,150,34,0.0
447,5,10,150,34,0.21015429952548687
448,5,10,150,34,0.0
449,5,10,150,34,0.04403205443910179
450,5,10,150,34,0.2123027252674364
451,5,10,150,34,0.0
452,5,10,150,34,0.07830573469972951
453,5,10,150,34,0.029956785715628154
454,5,10,150,34,0.0
455,5,10,150,34,0.0
456,5,10,150,34,0.07758828619721583
457,5,10,150,34,0.2532386874138932
458,5,10,150,34,0.0
459,5,10,150,34,0.0
460,5,10,150,34,0.0
461,5,10,150,34,0.0
462,5,10,150,34,0.0
463,5,10,150,34,0.0
464,5,10,150,34,0.0
465,5,10,150,34,0.0
466,5,10,150,34,0.03947525607388688
467,5,10,150,34,0.0
468,5,10,150,34,0.25116683884278784
469,5,10,150,34,0.0
470,5,10,150,34,0.0
471,5,10,150,34,0.0
472,5,10,150,34,0.07331123581612
473,5,10,150,34,0.08754031530847717
474,5,10,150,34,0.2752691497904721
475,5,10,150,34,0.06516188295518531
476,5,10,150,34,0.0
477,5,10,150,34,0.0
478,5,10,150,34,0.21120212585112702
479,5,10,150,34,0.07834096783470737
480,5,10,150,34,0.21398626473452756
481,5,10,150,34,0.07303417492135322
482,5,10,150,34,0.0
483,5,10,150,34,0.06912040963822193
484,5,10,150,34,0.09353062527112192
485,5,10,150,34,0.0
486,5,10,150,34,0.09776731121573276
487,5,10,150,34,0.1698630616162589
488,5,10,150,34,0.0
489,5,10,150,34,0.0
490,5,10,150,34,0.0
491,5,10,150,34,0.19092086617893467
492,5,10,150,34,0.08460640838932396
493,5,10,150,34,0.0
494,5,10,150,34,0.0
495,5,10,150,34,0.10048896362940396
496,5,10,150,34,0.05459112561892713
497,5,10,150,34,0.0
498,5,10,150,34,0.03855307727568851
499,5,10,150,34,0.1912282106369008
500,5,10,150,34,0.03148908318001809
501,5,10,150,34,0.0
502,5,10,150,34,0.06364028872631156
503,5,10,150,34,0.14184577198353127
504,5,10,150,34,0.0
505,5,10,150,34,0.0
506,5,10,150,34,0.10589517949214913
507,5,10,150,34,0.0
508,5,10,150,34,0.0
509,5,10,150,34,0.06474271459046577
510,5,10,150,34,0.0
511,5,10,150,34,0.0
512,5,10,150,34,0.0
513,5,10,150,34,0.0
514,5,10,150,34,0.10595566933616397
515,5,10,150,34,0.0
516,5,10,150,34,0.0
517,5,10,150,34,0.042259191411409554
518,5,10,150,34,0.0
519,5,10,150,34,0.0
520,5,10,150,34,0.0
521,5,10,150,34,0.0
522,5,10,150,34,0.0
523,5,10,150,34,0.0316088333445714
524,5,10,150,34,0.10357938368378752
525,5,10,150,34,0.0
526,5,10,150,34,0.0
527,5,10,150,34,0.12265062558661
528,5,10,150,34,0.05780700008370542
529,5,10,150,34,0.0
530,5,10,150,34,0.0
531,5,10,150,34,0.0
532,5,10,150,34,0.0
533,5,10,150,34,0.1466047186053357
534,5,10,150,34,0.04084531701587904
535,5,10,150,34,0.24295445743412272
536,5,10,150,34,0.23620378562439379
537,5,10,150,34,0.32004872104640647
538,5,10,150,34,0.0
539,5,10,150,34,0.11414433776026256
540,5,10,150,34,0.0
541,5,10,150,34,0.10325837973459957
542,5,10,150,34,0.12627825946936164
543,5,10,150,34,0.0
544,5,10,150,34,0.0
545,5,10,150,34,0.052962244777770985
546,5,10,150,34,0.11781210270929884
547,5,10,150,34,0.0
548,5,10,150,34,0.019591230060308863
549,5,10,150,34,0.0
550,5,10,150,34,0.0
551,5,10,150,34,0.3111196502153131
552,5,10,150,34,0.0
553,5,10,150,34,0.13262997582871638
554,5,10,150,34,0.16600564593053876
555,5,10,150,34,0.0
556,5,10,150,34,0.046823654699505654
557,5,10,150,34,0.0
558,5,10,150,34,0.0
559,5,10,150,34,0.0734773909038217
560,5,10,150,34,0.19335859474678904
561,5,10,150,34,0.0
562,5,10,150,34,0.034743705427429224
563,5,10,150,34,0.0
564,5,10,150,34,0.0
565,5,10,150,34,0.10523285614729473
566,5,10,150,34,0.13665387068436016
567,5,10,150,34,0.13463074517970205
568,5,10,150,34,0.0
569,5,10,150,34,0.0
570,5,10,150,34,0.0
571,5,10,150,34,0.0
572,5,10,150,34,0.058995070558427745
573,5,10,150,34,0.0
574,5,10,150,34,0.04185567464896701
575,5,10,150,34,0.0
576,5,10,150,34,0.17342765698823945
577,5,10,150,34,0.20385783564767354
578,5,10,150,34,0.0
579,5,10,150,34,0.0
580,5,10,150,34,0.10209739512291163
581,5,10,150,34,0.0
582,5,10,150,34,0.0
583,5,10,150,34,0.0
584,5,10,150,34,0.0
585,5,10,150,34,0.0
586,5,10,150,34,0.07482758161941112
587,5,10,150,34,0.0
588,5,10,150,34,0.23484762252039987
589,5,10,150,34,0.0
590,5,10,150,34,0.18511573258657482
591,5,10,150,34,0.15758427078022966
592,5,10,150,34,0.22855821514530886
593,5,10,150,34,0.12058675635528475
594,5,10,150,34,0.0843142342558857
595,5,10,150,34,0.0
596,5,10,150,34,0.0
597,5,10,150,34,0.0
598,5,10,150,34,0.11752277470724268
599,5,10,150,34,0.0
600,5,10,150,34,0.0
601,5,10,150,34,0.026557570376145638
602,5,10,150,34,0.0
603,5,10,150,34,0.06194403202282284
604,5,10,150,34,0.0
605,5,10,150,34,0.07677414822537214
606,5,10,150,34,0.24668728746546562
607,5,10,150,34,0.0
608,5,10,150,34,0.126140293880171
609,5,10,150,34,0.11838279295536291
610,5,10,150,34,0.0
611,5,10,150,34,0.03927158715985786
612,5,10,150,34,0.0
613,5,10,150,34,0.15130120674940672
614,5,10,150,34,0.13886244387355454
615,5,10,150,34,0.022974664140439565
616,5,10,150,34,0.09781579202094404
617,5,10,150,34,0.03804989622115975
618,5,10,150,34,0.1652267578768302
619,5,10,150,34,0.1303945739341477
620,5,10,150,34,0.06990650508520166
621,5,10,150,34,0.12024123834178434
622,5,10,150,34,0.14721840540768455
623,5,10,150,34,0.050143326786652107
624,5,10,150,34,0.0
625,5,10,150,34,0.0
626,5,10,150,34,0.0
627,5,10,150,34,0.029047824818398207
628,5,10,150,34,0.0
629,5,10,150,34,0.11794421963488726
630,5,10,150,34,0.09942460513010813
631,5,10,150,34,0.0
632,5,10,150,34,0.26055578965375414
633,5,10,150,34,0.0455520698635181
634,5,10,150,34,0.023756977677906275
635,5,10,150,34,0.0
636,5,10,150,34,0.0
637,5,10,150,34,0.0
638,5,10,150,34,0.15473934503245962
639,5,10,150,34,0.0
640,5,10,150,34,0.0637867864178444
641,5,10,150,34,0.0
642,5,10,150,34,0.0898704927285649
643,5,10,150,34,0.15256418221900106
644,5,10,150,34,0.0
645,5,10,150,34,0.1673424068709125
646,5,10,150,34,0.0
647,5,10,150,34,0.03673869545191085
648,5,10,150,34,0.07914328231447977
649,5,10,150,34,0.0
650,5,10,150,34,0.019752274712380388
651,5,10,150,34,0.0
652,5,10,150,34,0.0
653,5,10,150,34,0.057434011559967364
654,5,10,150,34,0.1521155994897412
655,5,10,150,34,0.25977984255051134
656,5,10,150,34,0.0
657,5,10,150,34,0.053845569940583225
658,5,10,150,34,0.0
659,5,10,150,34,0.04622379991896942
660,5,10,150,34,0.0
661,5,10,150,34,0.0860496199597963
662,5,10,150,34,0.0
663,5,10,150,34,0.09501216892539928
664,5,10,150,34,0.06108900323432379
665,5,10,150,34,0.0
666,5,10,150,34,0.10048896362940396
667,5,10,150,34,0.23495437216186538
668,5,10,150,34,0.0
669,5,10,150,34,0.2125308578794234
670,5,10,150,34,0.15539533467551025
671,5,10,150,34,0.1365730096264688
672,5,10,150,34,0.0
673,5,10,150,34,0.0
674,5,10,150,34,0.0
675,5,10,150,34,0.05010834716923557
676,5,10,150,34,0.0
677,5,10,150,34,0.03927489746221688
678,5,10,150,34,0.0
679,5,10,150,34,0.24230773930955837
680,5,10,150,34,0.2073612289146658
681,5,10,150,34,0.0
682,5,10,150,34,0.14328031232681543
683,5,10,150,34,0.03719976603506465
684,5,10,150,34,0.0
685,5,10,150,34,0.0
686,5,10,150,34,0.08962483220812449
687,5,10,150,34,0.0
688,5,10,150,34,0.0
689,5,10,150,34,0.27487633291429087
690,5,10,150,34,0.0
691,5,10,150,34,0.0
692,5,10,150,34,0.0
693,5,10,150,34,0.0
694,5,10,150,34,0.13959690825860718
695,5,10,150,34,0.0
696,5,10,150,34,0.06723507268634088
697,5,10,150,34,0.04505069314087506
698,5,10,150,34,0.10048896362940396
699,5,10,150,34,0.0
700,5,10,150,34,0.16958010263680806
701,5,10,150,34,0.04129602134854855
702,5,10,150,34,0.0
703,5,10,150,34,0.0
704,5,10,150,34,0.03898594405226045
705,5,10,150,34,0.10665392793551529
706,5,10,150,34,0.0
707,5,10,150,34,0.10165156858809597
708,5,10,150,34,0.04185109258092126
709,5,10,150,34,0.11753060553071565
710,5,10,150,34,0.05710411178654767
711,5,10,150,34,0.151332680059499
712,5,10,150,34,0.09045236555052472
713,5,10,150,34,0.0
714,5,10,150,34,0.04195229264874745
715,5,10,150,34,0.09919636812918133
716,5,10,150,34,0.18795392614769693
717,5,10,150,34,0.1671511698578214
718,5,10,150,34,0.0
719,5,10,150,34,0.11614257564286637
720,5,10,150,34,0.05261577455142312
721,5,10,150,34,0.12040988202944843
722,5,10,150,34,0.0
723,5,10,150,34,0.0
724,5,10,150,34,0.0
725,5,10,150,34,0.05750402108673013
726,5,10,150,34,0.2529427027676571
727,5,10,150,34,0.13583038527645838
728,5,10,150,34,0.0
729,5,10,150,34,0.0
730,5,10,150,34,0.0
731,5,10,150,34,0.0
732,5,10,150,34,0.0
733,5,10,150,34,0.0
734,5,10,150,34,0.0655813061736612
735,5,10,150,34,0.0
736,5,10,150,34,0.0
737,5,10,150,34,0.16282663249631943
738,5,10,150,34,0.28106916121706865
739,5,10,150,34,0.0
740,5,10,150,34,0.0
741,5,10,150,34,0.10965210684801945
742,5,10,150,34,0.0
743,5,10,150,34,0.0
744,5,10,150,34,0.0
745,5,10,150,34,0.33763622740733124
746,5,10,150,34,0.11450296808588954
747,5,10,150,34,0.3492223272774497
748,5,10,150,34,0.20959013604530563
749,5,10,150,34,0.16261861933360658
750,5,10,150,34,0.07219614103266732
751,5,10,150,34,0.0713460408263204
752,5,10,150,34,0.0
753,5,10,150,34,0.15406810205846871
754,5,10,150,34,0.0
755,5,10,150,34,0.0
756,5,10,150,34,0.02221456555819912
757,5,10,150,34,0.0
758,5,10,150,34,0.13765436261792616
759,5,10,150,34,0.038281751104512325
760,5,10,150,34,0.11447590313611888
761,5,10,150,34,0.03339755935325358
762,5,10,150,34,0.0647083388415595
763,5,10,150,34,0.24788748887934986
764,5,10,150,34,0.08682604359638434
765,5,10,150,34,0.0
766,5,10,150,34,0.07252020163279913
767,5,10,150,34,0.2073612289146658
768,5,10,150,34,0.07655078846581868
769,5,10,150,34,0.0
770,5,10,150,34,0.0
771,5,10,150,34,0.08294076634213902
772,5,10,150,34,0.03353522641880846
773,5,10,150,34,0.11817755248818382
774,5,10,150,34,0.045412376836723854
775,5,10,150,34,0.0
776,5,10,150,34,0.09988881823518189
777,5,10,150,34,0.11096808148688479
778,5,10,150,34,0.0
779,5,10,150,34,0.05878132199396477
780,5,10,150,34,0.04759023790187059
781,5,10,150,34,0.21898681539091044
782,5,10,150,34,0.0
783,5,10,150,34,0.0
784,5,10,150,34,0.0
785,5,10,150,34,0.048159222084064895
786,5,10,150,34,0.14901583100579155
787,5,10,150,34,0.0683037314796457
788,5,10,150,34,0.26957202996661517
789,5,10,150,34,0.059109628562248356
790,5,10,150,34,0.10099020631485539
791,5,10,150,34,0.0
792,5,10,150,34,0.0
793,5,10,150,34,0.0
794,5,10,150,34,0.1678954833056024
795,5,10,150,34,0.14833025056127278
796,5,10,150,34,0.42170265468855883
797,5,10,150,34,0.09030583455080088
798,5,10,150,34,0.11276660950072552
799,5,10,150,34,0.0
800,5,10,150,34,0.0
801,5,10,150,34,0.0
802,5,10,150,34,0.030863419558816
803,5,10,150,34,0.0
804,5,10,150,34,0.17111848391744833
805,5,10,150,34,0.1663122212082992
806,5,10,150,34,0.17911453624620213
807,5,10,150,34,0.19058843105066092
808,5,10,150,34,0.0
809,5,10,150,34,0.0
810,5,10,150,34,0.0
811,5,10,150,34,0.0
812,5,10,150,34,0.0
813,5,10,150,34,0.17367331957930765
814,5,10,150,34,0.060961917527339995
815,5,10,150,34,0.3187951577753335
816,5,10,150,34,0.08005612702969578
817,5,10,150,34,0.0
818,5,10,150,34,0.0
819,5,10,150,34,0.0458402539699961
820,5,10,150,34,0.0
821,5,10,150,34,0.10332444476421325
822,5,10,150,34,0.0
823,5,10,150,34,0.31377233341444244
824,5,10,150,34,0.0
825,5,10,150,34,0.038874437676124675
826,5,10,150,34,0.060917131977181314
827,5,10,150,34,0.0
828,5,10,150,34,0.0649173614704111
829,5,10,150,34,0.10951828933634093
830,5,10,150,34,0.06669081714389963
831,5,10,150,34,0.0960228659850268
832,5,10,150,34,0.0
833,5,10,150,34,0.22244333432540578
834,5,10,150,34,0.0
835,5,10,150,34,0.029047824818398207
836,5,10,150,34,0.05823597777878099
837,5,10,150,34,0.0
838,5,10,150,34,0.09609279173606328
839,5,10,150,34,0.03322541746578526
840,5,10,150,34,0.37008968454756663
841,5,10,150,34,0.0
842,5,10,150,34,0.03314153504336938
843,5,10,150,34,0.15752291559274367
844,5,10,150,34,0.13692991032526253
845,5,10,150,34,0.0
846,5,10,150,34,0.2524778787791177
847,5,10,150,34,0.0
848,5,10,150,34,0.06724051447241858
849,5,10,150,34,0.0
850,5,10,150,34,0.09225204404556843
851,5,10,150,34,0.29507255467984045
852,5,10,150,34,0.0
853,5,10,150,34,0.0
854,5,10,150,34,0.2360551847262276
855,5,10,150,34,0.0
856,5,10,150,34,0.0
857,5,10,150,34,0.0
858,5,10,150,34,0.0
859,5,10,150,34,0.0
860,5,10,150,34,0.0
861,5,10,150,34,0.09836355940276224
862,5,10,150,34,0.18618958198582458
863,5,10,150,34,0.0
864,5,10,150,34,0.3237772915842591
865,5,10,150,34,0.0
866,5,10,150,34,0.12374681498530773
867,5,10,150,34,0.27925921798000697
868,5,10,150,34,0.19068262859871302
869,5,10,150,34,0.030718920234936747
870,5,10,150,34,0.17167732255533558
871,5,10,150,34,0.12881024622852771
872,5,10,150,34,0.0
873,5,10,150,34,0.0
874,5,10,150,34,0.06575393297476358
875,5,10,150,34,0.21285053833848497
876,5,10,150,34,0.0
877,5,10,150,34,0.038874437676124675
878,5,10,150,34,0.06841794560992512
879,5,10,150,34,0.04258528250242427
880,5,10,150,34,0.43144245242263773
881,5,10,150,34,0.4198899043878632
882,5,10,150,34,0.26816614120648474
883,5,10,150,34,0.3246143207057316
884,5,10,150,34,0.028767091820622218
885,5,10,150,34,0.13620669785933714
886,5,10,150,34,0.26027708135384087
887,5,10,150,34,0.13094925364157442
888,5,10,150,34,0.0
889,5,10,150,34,0.3658981238413426
890,5,10,150,34,0.38268636653422206
891,5,10,150,34,0.0
892,5,10,150,34,0.4429841101739931
893,5,10,150,34,0.05014695371369417
894,5,10,150,34,0.2967222073192611
895,5,10,150,34,0.0
896,5,10,150,34,0.44015147873532234
897,5,10,150,34,0.1556811958542839
898,5,10,150,34,0.0
899,5,10,150,34,0.23798459508872105
900,5,10,150,34,0.04588516391390306
901,5,10,150,34,0.29697408947669734
902,5,10,150,34,0.025255271126572616
903,5,10,150,34,0.41919792389752064
904,5,10,150,34,0.0
905,5,10,150,34,0.08773956418811966
906,5,10,150,34,0.0
907,5,10,150,34,0.18847512011758735
908,5,10,150,34,0.17331105024892238
909,5,10,150,34,0.0
910,5,10,150,34,0.15196589630291826
911,5,10,150,34,0.06889392783639907
912,5,10,150,34,0.07877990502228673
913,5,10,150,34,0.2036712951246212
914,5,10,150,34,0.0
915,5,10,150,34,0.0
916,5,10,150,34,0.290153135368419
917,5,10,150,34,0.0
918,5,10,150,34,0.0
919,5,10,150,34,0.1985932036332411
920,5,10,150,34,0.26814570941777965
921,5,10,150,34,0.038874437676124675
922,5,10,150,34,0.13553765946414234
923,5,10,150,34,0.049669808010352236
924,5,10,150,34,0.07410097322886045
925,5,10,150,34,0.039791360812020615
926,5,10,150,34,0.18690891198435525
927,5,10,150,34,0.10398952860235942
928,5,10,150,34,0.1092545823136639
929,5,10,150,34,0.0753982504991096
930,5,10,150,34,0.09236275537976957
931,5,10,150,34,0.06411721735676788
932,5,10,150,34,0.31394882058805923
933,5,10,150,34,0.08192473353569002
934,5,10,150,34,0.1692052478177161
935,5,10,150,34,0.0
936,5,10,150,34,0.12414496136274157
937,5,10,150,34,0.0750451914573381
938,5,10,150,34,0.10784092047833907
939,5,10,150,34,0.05231692143384187
940,5,10,150,34,0.13028898803898029
941,5,10,150,34,0.17060921827860473
942,5,10,150,34,0.0655849294471197
943,5,10,150,34,0.27470528464729965
1,5,10,150,35,0.4058715898896693
2,5,10,150,35,0.0
3,5,10,150,35,0.0
4,5,10,150,35,0.0
5,5,10,150,35,0.04470486007704452
6,5,10,150,35,0.04187254809446048
7,5,10,150,35,0.0870138683542329
8,5,10,150,35,0.0
9,5,10,150,35,0.0
10,5,10,150,35,0.24361731142751186
11,5,10,150,35,0.03947525607388688
12,5,10,150,35,0.0787978565107802
13,5,10,150,35,0.2951130537586744
14,5,10,150,35,0.18795160328752808
15,5,10,150,35,0.0
16,5,10,150,35,0.11062750966338458
17,5,10,150,35,0.0
18,5,10,150,35,0.17872418048185143
19,5,10,150,35,0.0
20,5,10,150,35,0.13743816645714543
21,5,10,150,35,0.1265754929129826
22,5,10,150,35,0.0
23,5,10,150,35,0.06541518452970234
24,5,10,150,35,0.05010834716923557
25,5,10,150,35,0.23940867474021393
26,5,10,150,35,0.0
27,5,10,150,35,0.0
28,5,10,150,35,0.0
30,5,10,150,35,0.08133484538841967
31,5,10,150,35,0.0
32,5,10,150,35,0.19519002499605084
33,5,10,150,35,0.0
34,5,10,150,35,0.0
35,5,10,150,35,0.0
37,5,10,150,35,0.08177471774917201
38,5,10,150,35,0.0
39,5,10,150,35,0.0
40,5,10,150,35,0.0
41,5,10,150,35,0.06835476917178976
42,5,10,150,35,0.08850778826764391
43,5,10,150,35,0.0
44,5,10,150,35,0.2672039079048423
45,5,10,150,35,0.0
46,5,10,150,35,0.0
47,5,10,150,35,0.0
48,5,10,150,35,0.0
49,5,10,150,35,0.033808395438916686
52,5,10,150,35,0.0
53,5,10,150,35,0.0
54,5,10,150,35,0.0
55,5,10,150,35,0.0
56,5,10,150,35,0.11781210270929884
57,5,10,150,35,0.1318392860374695
58,5,10,150,35,0.29374931546605
59,5,10,150,35,0.19233148606048747
60,5,10,150,35,0.1076743759411119
61,5,10,150,35,0.0
62,5,10,150,35,0.09586820699422145
63,5,10,150,35,0.0
64,5,10,150,35,0.04759023790187059
65,5,10,150,35,0.2342550150352983
66,5,10,150,35,0.0
67,5,10,150,35,0.0
68,5,10,150,35,0.0
69,5,10,150,35,0.0
70,5,10,150,35,0.0
71,5,10,150,35,0.20758456043036028
72,5,10,150,35,0.10990826949013655
73,5,10,150,35,0.0
74,5,10,150,35,0.0
75,5,10,150,35,0.0
76,5,10,150,35,0.10633668103022985
77,5,10,150,35,0.05154847002173459
78,5,10,150,35,0.0
79,5,10,150,35,0.0
80,5,10,150,35,0.0
81,5,10,150,35,0.0
82,5,10,150,35,0.0
83,5,10,150,35,0.07414861528507455
84,5,10,150,35,0.07550980911390262
85,5,10,150,35,0.04734112273659951
86,5,10,150,35,0.0
87,5,10,150,35,0.1102104590629334
88,5,10,150,35,0.0
89,5,10,150,35,0.0
90,5,10,150,35,0.0561326498270945
91,5,10,150,35,0.0
92,5,10,150,35,0.03369782041898502
93,5,10,150,35,0.0
94,5,10,150,35,0.10370221609124387
95,5,10,150,35,0.07849567312219397
96,5,10,150,35,0.0
97,5,10,150,35,0.0
98,5,10,150,35,0.0
99,5,10,150,35,0.09641171098317775
100,5,10,150,35,0.0
101,5,10,150,35,0.0
102,5,10,150,35,0.0
103,5,10,150,35,0.0
104,5,10,150,35,0.33958467175585033
105,5,10,150,35,0.0
106,5,10,150,35,0.06516188295518531
107,5,10,150,35,0.0
109,5,10,150,35,0.16563719724029594
110,5,10,150,35,0.0
111,5,10,150,35,0.0
112,5,10,150,35,0.07807600999842033
113,5,10,150,35,0.0
114,5,10,150,35,0.08274602130532002
115,5,10,150,35,0.04001677477281075
116,5,10,150,35,0.0
117,5,10,150,35,0.0
118,5,10,150,35,0.16958010263680806
119,5,10,150,35,0.0
120,5,10,150,35,0.0
121,5,10,150,35,0.13032376591037062
122,5,10,150,35,0.0
123,5,10,150,35,0.07303417492135322
124,5,10,150,35,0.0
125,5,10,150,35,0.05446333035917803
126,5,10,150,35,0.0
128,5,10,150,35,0.0
129,5,10,150,35,0.0
130,5,10,150,35,0.12848269861902195
131,5,10,150,35,0.0
132,5,10,150,35,0.0
133,5,10,150,35,0.0
134,5,10,150,35,0.0
135,5,10,150,35,0.0
136,5,10,150,35,0.0
137,5,10,150,35,0.0
138,5,10,150,35,0.0976168253917686
139,5,10,150,35,0.0
140,5,10,150,35,0.0
141,5,10,150,35,0.0
142,5,10,150,35,0.0
143,5,10,150,35,0.0
144,5,10,150,35,0.0
145,5,10,150,35,0.17597149971119974
146,5,10,150,35,0.0
147,5,10,150,35,0.0
148,5,10,150,35,0.0
149,5,10,150,35,0.0
150,5,10,150,35,0.2640681225725909
151,5,10,150,35,0.05276266950320283
152,5,10,150,35,0.0
153,5,10,150,35,0.0
154,5,10,150,35,0.0
155,5,10,150,35,0.0
156,5,10,150,35,0.0
157,5,10,150,35,0.0
158,5,10,150,35,0.04759023790187059
159,5,10,150,35,0.23138144801632507
160,5,10,150,35,0.1719271394881576
161,5,10,150,35,0.0
162,5,10,150,35,0.0
163,5,10,150,35,0.0
164,5,10,150,35,0.0
165,5,10,150,35,0.0
167,5,10,150,35,0.05319635904163211
168,5,10,150,35,0.0
169,5,10,150,35,0.0
170,5,10,150,35,0.0
171,5,10,150,35,0.0
173,5,10,150,35,0.0
174,5,10,150,35,0.0
175,5,10,150,35,0.21517910082405575
176,5,10,150,35,0.0
177,5,10,150,35,0.38113435412202
178,5,10,150,35,0.12597398707460816
179,5,10,150,35,0.09149012142095872
180,5,10,150,35,0.06228974831361337
181,5,10,150,35,0.07956605039330662
182,5,10,150,35,0.0
183,5,10,150,35,0.15101961822780524
184,5,10,150,35,0.0
185,5,10,150,35,0.0
186,5,10,150,35,0.0
187,5,10,150,35,0.0
188,5,10,150,35,0.12925733948536566
189,5,10,150,35,0.1622220746837199
190,5,10,150,35,0.0
192,5,10,150,35,0.123151194370365
193,5,10,150,35,0.0
194,5,10,150,35,0.0
195,5,10,150,35,0.11787667935667444
196,5,10,150,35,0.0
197,5,10,150,35,0.09546043308946733
198,5,10,150,35,0.0
199,5,10,150,35,0.0
200,5,10,150,35,0.09785159463516042
201,5,10,150,35,0.0
202,5,10,150,35,0.0
203,5,10,150,35,0.0
204,5,10,150,35,0.19519002499605084
205,5,10,150,35,0.0
206,5,10,150,35,0.0
207,5,10,150,35,0.0
208,5,10,150,35,0.0
209,5,10,150,35,0.0
210,5,10,150,35,0.2167516193508568
211,5,10,150,35,0.0
213,5,10,150,35,0.04465281017341861
214,5,10,150,35,0.0
216,5,10,150,35,0.23813231172447274
217,5,10,150,35,0.0
218,5,10,150,35,0.0
219,5,10,150,35,0.0
221,5,10,150,35,0.0
222,5,10,150,35,0.1050995674008573
223,5,10,150,35,0.0
224,5,10,150,35,0.0
225,5,10,150,35,0.09077089626867633
226,5,10,150,35,0.19092086617893467
227,5,10,150,35,0.0
228,5,10,150,35,0.0
229,5,10,150,35,0.0
230,5,10,150,35,0.08993480096570136
231,5,10,150,35,0.0
232,5,10,150,35,0.0
233,5,10,150,35,0.18978688349077963
234,5,10,150,35,0.0
235,5,10,150,35,0.0
236,5,10,150,35,0.0
237,5,10,150,35,0.19342640361727081
238,5,10,150,35,0.0
239,5,10,150,35,0.06912040963822193
240,5,10,150,35,0.12495636102304827
241,5,10,150,35,0.0
242,5,10,150,35,0.0
243,5,10,150,35,0.0
244,5,10,150,35,0.049712302565054066
245,5,10,150,35,0.0
246,5,10,150,35,0.0561326498270945
247,5,10,150,35,0.09472348220010487
248,5,10,150,35,0.09472348220010487
249,5,10,150,35,0.056720838976548935
250,5,10,150,35,0.0
251,5,10,150,35,0.13032376591037062
252,5,10,150,35,0.20184908658209985
253,5,10,150,35,0.0
254,5,10,150,35,0.08514311764162098
255,5,10,150,35,0.0
256,5,10,150,35,0.038925970325304815
257,5,10,150,35,0.07984133538066794
258,5,10,150,35,0.0
259,5,10,150,35,0.067856722420442
260,5,10,150,35,0.0
261,5,10,150,35,0.0
262,5,10,150,35,0.0
263,5,10,150,35,0.0956366800683804
264,5,10,150,35,0.0
265,5,10,150,35,0.0
266,5,10,150,35,0.0
267,5,10,150,35,0.14441789857547072
268,5,10,150,35,0.049712302565054066
269,5,10,150,35,0.052962244777770985
270,5,10,150,35,0.0
271,5,10,150,35,0.10406177364128634
272,5,10,150,35,0.0
273,5,10,150,35,0.0
274,5,10,150,35,0.0
275,5,10,150,35,0.0
276,5,10,150,35,0.17064751121960564
277,5,10,150,35,0.0
278,5,10,150,35,0.0
279,5,10,150,35,0.12100625071601234
280,5,10,150,35,0.14324481060386993
281,5,10,150,35,0.0
282,5,10,150,35,0.0
283,5,10,150,35,0.0
284,5,10,150,35,0.0
285,5,10,150,35,0.0
286,5,10,150,35,0.05490370618855431
287,5,10,150,35,0.0
288,5,10,150,35,0.0
289,5,10,150,35,0.0
290,5,10,150,35,0.07834851647149511
291,5,10,150,35,0.07828167840727236
292,5,10,150,35,0.0
293,5,10,150,35,0.062192625389540866
294,5,10,150,35,0.0
295,5,10,150,35,0.1710356533975505
296,5,10,150,35,0.07879213539011483
297,5,10,150,35,0.0
298,5,10,150,35,0.061080020762274374
299,5,10,150,35,0.0
300,5,10,150,35,0.0
301,5,10,150,35,0.06460801587741544
302,5,10,150,35,0.09224219235917257
303,5,10,150,35,0.04283525691963712
304,5,10,150,35,0.0
305,5,10,150,35,0.11349000778741654
306,5,10,150,35,0.0
307,5,10,150,35,0.10778915452451093
308,5,10,150,35,0.13490077762666258
310,5,10,150,35,0.0
311,5,10,150,35,0.13301422444853
312,5,10,150,35,0.05897356872503046
313,5,10,150,35,0.11270402374049442
314,5,10,150,35,0.16600564593053876
315,5,10,150,35,0.0
316,5,10,150,35,0.0
317,5,10,150,35,0.0
318,5,10,150,35,0.10567847230623394
319,5,10,150,35,0.0
320,5,10,150,35,0.13927874459665815
321,5,10,150,35,0.0
322,5,10,150,35,0.0
323,5,10,150,35,0.1610425878239398
324,5,10,150,35,0.0
325,5,10,150,35,0.09092803061897883
326,5,10,150,35,0.027288805847552652
327,5,10,150,35,0.025410386140327024
328,5,10,150,35,0.09206364236149692
329,5,10,150,35,0.0
330,5,10,150,35,0.07197991643202278
331,5,10,150,35,0.0
332,5,10,150,35,0.0650278379951693
334,5,10,150,35,0.0
335,5,10,150,35,0.0
336,5,10,150,35,0.049712302565054066
337,5,10,150,35,0.0
338,5,10,150,35,0.07132875491150918
339,5,10,150,35,0.1430641274918087
340,5,10,150,35,0.0
341,5,10,150,35,0.0
342,5,10,150,35,0.31341134215401556
343,5,10,150,35,0.09229649639444802
344,5,10,150,35,0.1202034973803211
345,5,10,150,35,0.1536414362770729
346,5,10,150,35,0.04366879852493834
347,5,10,150,35,0.1969404851249289
348,5,10,150,35,0.0
349,5,10,150,35,0.0
350,5,10,150,35,0.0
351,5,10,150,35,0.0
352,5,10,150,35,0.1903601622684853
353,5,10,150,35,0.14434031438272124
354,5,10,150,35,0.06335619058732639
355,5,10,150,35,0.0
356,5,10,150,35,0.0
357,5,10,150,35,0.0
358,5,10,150,35,0.06364028872631156
359,5,10,150,35,0.3010299956639812
360,5,10,150,35,0.07256783117062009
361,5,10,150,35,0.09478836436955078
362,5,10,150,35,0.0
363,5,10,150,35,0.22888925469731047
364,5,10,150,35,0.0
365,5,10,150,35,0.0
366,5,10,150,35,0.0
367,5,10,150,35,0.0
368,5,10,150,35,0.0
369,5,10,150,35,0.0
370,5,10,150,35,0.0
371,5,10,150,35,0.07984133538066794
372,5,10,150,35,0.15130120674940672
373,5,10,150,35,0.22842722979011518
374,5,10,150,35,0.07472550252128253
375,5,10,150,35,0.0
376,5,10,150,35,0.0
377,5,10,150,35,0.0
378,5,10,150,35,0.1270669601365409
379,5,10,150,35,0.04401835325961603
380,5,10,150,35,0.0
381,5,10,150,35,0.0
382,5,10,150,35,0.05261577455142312
383,5,10,150,35,0.0
384,5,10,150,35,0.0
385,5,10,150,35,0.0
386,5,10,150,35,0.0
387,5,10,150,35,0.08586571489348302
388,5,10,150,35,0.0
389,5,10,150,35,0.05419019214782325
390,5,10,150,35,0.0
391,5,10,150,35,0.11245246430543061
392,5,10,150,35,0.11004588314904008
393,5,10,150,35,0.13179263410799497
394,5,10,150,35,0.16570616085215287
395,5,10,150,35,0.0
396,5,10,150,35,0.0
397,5,10,150,35,0.11004588314904008
398,5,10,150,35,0.21225568458158228
399,5,10,150,35,0.026175882249243814
400,5,10,150,35,0.0
401,5,10,150,35,0.02839245759615368
402,5,10,150,35,0.0
403,5,10,150,35,0.2529427027676571
404,5,10,150,35,0.0
405,5,10,150,35,0.04957028924587634
406,5,10,150,35,0.07864533983306327
407,5,10,150,35,0.07081727565973653
408,5,10,150,35,0.09983719697789138
409,5,10,150,35,0.0334374913847135
410,5,10,150,35,0.0
411,5,10,150,35,0.17342765698823945
412,5,10,150,35,0.0
413,5,10,150,35,0.0
414,5,10,150,35,0.21398626473452756
415,5,10,150,35,0.0
416,5,10,150,35,0.13291734301644212
417,5,10,150,35,0.0895852844335066
419,5,10,150,35,0.30260241349881345
420,5,10,150,35,0.0
421,5,10,150,35,0.0
422,5,10,150,35,0.0
423,5,10,150,35,0.08440880858250024
424,5,10,150,35,0.0
425,5,10,150,35,0.2082843711703412
426,5,10,150,35,0.13571943816109763
427,5,10,150,35,0.0
428,5,10,150,35,0.0
429,5,10,150,35,0.17791076415878426
430,5,10,150,35,0.1261446714466394
431,5,10,150,35,0.0
432,5,10,150,35,0.0
433,5,10,150,35,0.0
434,5,10,150,35,0.3903800499921017
435,5,10,150,35,0.11793218285026648
436,5,10,150,35,0.06490403551612171
437,5,10,150,35,0.22972973128433707
438,5,10,150,35,0.0
439,5,10,150,35,0.0
440,5,10,150,35,0.0
441,5,10,150,35,0.0
442,5,10,150,35,0.0
443,5,10,150,35,0.0
445,5,10,150,35,0.0
446,5,10,150,35,0.0
447,5,10,150,35,0.21015429952548687
448,5,10,150,35,0.0
449,5,10,150,35,0.04403205443910179
450,5,10,150,35,0.20825483055191527
451,5,10,150,35,0.0
452,5,10,150,35,0.07830573469972951
453,5,10,150,35,0.029956785715628154
454,5,10,150,35,0.0
455,5,10,150,35,0.0
456,5,10,150,35,0.07758828619721583
457,5,10,150,35,0.2532386874138932
458,5,10,150,35,0.0
459,5,10,150,35,0.0
460,5,10,150,35,0.0
461,5,10,150,35,0.0
462,5,10,150,35,0.0
463,5,10,150,35,0.0
464,5,10,150,35,0.0
465,5,10,150,35,0.0
466,5,10,150,35,0.03947525607388688
467,5,10,150,35,0.0
468,5,10,150,35,0.25116683884278784
469,5,10,150,35,0.0
470,5,10,150,35,0.0
471,5,10,150,35,0.0
472,5,10,150,35,0.07331123581612
473,5,10,150,35,0.08754031530847717
474,5,10,150,35,0.27002069838515347
475,5,10,150,35,0.06516188295518531
476,5,10,150,35,0.0
477,5,10,150,35,0.0
478,5,10,150,35,0.23782833255689273
479,5,10,150,35,0.07834096783470737
480,5,10,150,35,0.21398626473452756
481,5,10,150,35,0.13863671367752411
482,5,10,150,35,0.0
483,5,10,150,35,0.06912040963822193
484,5,10,150,35,0.09353062527112192
485,5,10,150,35,0.0
486,5,10,150,35,0.09590321935387677
487,5,10,150,35,0.1698630616162589
488,5,10,150,35,0.0
489,5,10,150,35,0.0
490,5,10,150,35,0.0
491,5,10,150,35,0.19092086617893467
492,5,10,150,35,0.12471554514794539
493,5,10,150,35,0.0
494,5,10,150,35,0.0
495,5,10,150,35,0.10048896362940396
496,5,10,150,35,0.05459112561892713
497,5,10,150,35,0.0
498,5,10,150,35,0.03855307727568851
499,5,10,150,35,0.1912282106369008
500,5,10,150,35,0.03148908318001809
501,5,10,150,35,0.0
502,5,10,150,35,0.06364028872631156
503,5,10,150,35,0.14184577198353127
504,5,10,150,35,0.0
505,5,10,150,35,0.0
506,5,10,150,35,0.10589517949214913
507,5,10,150,35,0.0
508,5,10,150,35,0.0
509,5,10,150,35,0.06474271459046577
510,5,10,150,35,0.0
511,5,10,150,35,0.0
512,5,10,150,35,0.0
513,5,10,150,35,0.0
514,5,10,150,35,0.10595566933616397
515,5,10,150,35,0.0
516,5,10,150,35,0.0
517,5,10,150,35,0.042259191411409554
518,5,10,150,35,0.0
519,5,10,150,35,0.0
520,5,10,150,35,0.0
521,5,10,150,35,0.0
522,5,10,150,35,0.0
523,5,10,150,35,0.0316088333445714
524,5,10,150,35,0.10160447526317079
525,5,10,150,35,0.0
526,5,10,150,35,0.0
527,5,10,150,35,0.12265062558661
528,5,10,150,35,0.05780700008370542
529,5,10,150,35,0.0
530,5,10,150,35,0.0
531,5,10,150,35,0.0
532,5,10,150,35,0.0
533,5,10,150,35,0.14380946260960858
534,5,10,150,35,0.04084531701587904
535,5,10,150,35,0.2573887547202316
536,5,10,150,35,0.23620378562439379
537,5,10,150,35,0.3139464747139532
538,5,10,150,35,0.0
539,5,10,150,35,0.11414433776026256
540,5,10,150,35,0.0
541,5,10,150,35,0.12534926568386062
542,5,10,150,35,0.12627825946936164
543,5,10,150,35,0.0
544,5,10,150,35,0.0
545,5,10,150,35,0.052962244777770985
546,5,10,150,35,0.11781210270929884
547,5,10,150,35,0.0
548,5,10,150,35,0.019217691583439167
549,5,10,150,35,0.0
550,5,10,150,35,0.0
551,5,10,150,35,0.30518765105508133
552,5,10,150,35,0.0
553,5,10,150,35,0.16102243342487008
554,5,10,150,35,0.16600564593053876
555,5,10,150,35,0.0
556,5,10,150,35,0.046823654699505654
557,5,10,150,35,0.0
558,5,10,150,35,0.0
559,5,10,150,35,0.0734773909038217
560,5,10,150,35,0.19335859474678904
561,5,10,150,35,0.0
562,5,10,150,35,0.034743705427429224
563,5,10,150,35,0.0
564,5,10,150,35,0.0
565,5,10,150,35,0.10523285614729473
566,5,10,150,35,0.13665387068436016
567,5,10,150,35,0.13463074517970205
568,5,10,150,35,0.0
569,5,10,150,35,0.0
570,5,10,150,35,0.0
571,5,10,150,35,0.0
572,5,10,150,35,0.058995070558427745
573,5,10,150,35,0.0
574,5,10,150,35,0.04185567464896701
575,5,10,150,35,0.0
576,5,10,150,35,0.17342765698823945
577,5,10,150,35,0.19997095640673915
578,5,10,150,35,0.0
579,5,10,150,35,0.0
580,5,10,150,35,0.10209739512291163
581,5,10,150,35,0.0
582,5,10,150,35,0.0
583,5,10,150,35,0.0
584,5,10,150,35,0.0
585,5,10,150,35,0.0
586,5,10,150,35,0.07482758161941112
587,5,10,150,35,0.0
588,5,10,150,35,0.23036987288739105
589,5,10,150,35,0.0
590,5,10,150,35,0.18511573258657482
591,5,10,150,35,0.15758427078022966
592,5,10,150,35,0.22420038323283484
593,5,10,150,35,0.1182875748765849
594,5,10,150,35,0.0843142342558857
595,5,10,150,35,0.0
596,5,10,150,35,0.0
597,5,10,150,35,0.0
598,5,10,150,35,0.11752277470724268
599,5,10,150,35,0.04257155882081049
600,5,10,150,35,0.0
601,5,10,150,35,0.026557570376145638
602,5,10,150,35,0.0
603,5,10,150,35,0.06194403202282284
604,5,10,150,35,0.0
605,5,10,150,35,0.07677414822537214
606,5,10,150,35,0.24198379547750445
607,5,10,150,35,0.0
608,5,10,150,35,0.126140293880171
609,5,10,150,35,0.11838279295536291
610,5,10,150,35,0.0
611,5,10,150,35,0.03927158715985786
612,5,10,150,35,0.0
613,5,10,150,35,0.15130120674940672
614,5,10,150,35,0.13886244387355454
615,5,10,150,35,0.022974664140439565
616,5,10,150,35,0.09781579202094404
617,5,10,150,35,0.03804989622115975
618,5,10,150,35,0.16207644259364293
619,5,10,150,35,0.1303945739341477
620,5,10,150,35,0.06990650508520166
621,5,10,150,35,0.11794864472265719
622,5,10,150,35,0.1444114484808409
623,5,10,150,35,0.050143326786652107
624,5,10,150,35,0.0
625,5,10,150,35,0.0
626,5,10,150,35,0.0
627,5,10,150,35,0.02849398107272014
628,5,10,150,35,0.0
629,5,10,150,35,0.11794421963488726
630,5,10,150,35,0.09942460513010813
631,5,10,150,35,0.0
632,5,10,150,35,0.26055578965375414
633,5,10,150,35,0.0455520698635181
634,5,10,150,35,0.023756977677906275
635,5,10,150,35,0.0
636,5,10,150,35,0.0
637,5,10,150,35,0.0
638,5,10,150,35,0.15473934503245962
639,5,10,150,35,0.0
640,5,10,150,35,0.0637867864178444
641,5,10,150,35,0.0
642,5,10,150,35,0.08815696647901261
643,5,10,150,35,0.14965529941401512
644,5,10,150,35,0.0
645,5,10,150,35,0.1673424068709125
646,5,10,150,35,0.0
647,5,10,150,35,0.03673869545191085
648,5,10,150,35,0.07763428767559222
649,5,10,150,35,0.0
650,5,10,150,35,0.019375665658836454
651,5,10,150,35,0.0
652,5,10,150,35,0.0
653,5,10,150,35,0.05633893926830502
654,5,10,150,35,0.1521155994897412
655,5,10,150,35,0.25482671983136357
656,5,10,150,35,0.0
657,5,10,150,35,0.053845569940583225
658,5,10,150,35,0.0
659,5,10,150,35,0.045342468437295766
660,5,10,150,35,0.0
661,5,10,150,35,0.0860496199597963
662,5,10,150,35,0.0
663,5,10,150,35,0.09320060830591666
664,5,10,150,35,0.05992424261687447
665,5,10,150,35,0.0
666,5,10,150,35,0.09857297906382075
667,5,10,150,35,0.23495437216186538
668,5,10,150,35,0.0
669,5,10,150,35,0.2125308578794234
670,5,10,150,35,0.15539533467551025
671,5,10,150,35,0.1365730096264688
672,5,10,150,35,0.0
673,5,10,150,35,0.0
674,5,10,150,35,0.0
675,5,10,150,35,0.05010834716923557
676,5,10,150,35,0.0
677,5,10,150,35,0.03927489746221688
678,5,10,150,35,0.0
679,5,10,150,35,0.24230773930955837
680,5,10,150,35,0.2073612289146658
681,5,10,150,35,0.0
682,5,10,150,35,0.14054844151180196
683,5,10,150,35,0.03719976603506465
684,5,10,150,35,0.0
685,5,10,150,35,0.0
686,5,10,150,35,0.08962483220812449
687,5,10,150,35,0.0
688,5,10,150,35,0.0
689,5,10,150,35,0.27487633291429087
690,5,10,150,35,0.0
691,5,10,150,35,0.0
692,5,10,150,35,0.0
693,5,10,150,35,0.0
694,5,10,150,35,0.1369352674976076
695,5,10,150,35,0.0
696,5,10,150,35,0.06723507268634088
697,5,10,150,35,0.04505069314087506
698,5,10,150,35,0.09857297906382075
699,5,10,150,35,0.0
700,5,10,150,35,0.16958010263680806
701,5,10,150,35,0.04129602134854855
702,5,10,150,35,0.0
703,5,10,150,35,0.0
704,5,10,150,35,0.03898594405226045
705,5,10,150,35,0.10665392793551529
706,5,10,150,35,0.0
707,5,10,150,35,0.11878003391339126
708,5,10,150,35,0.04185109258092126
709,5,10,150,35,0.11528969450877524
710,5,10,150,35,0.05710411178654767
711,5,10,150,35,0.1484472778343187
712,5,10,150,35,0.08872774495482992
713,5,10,150,35,0.0
714,5,10,150,35,0.04195229264874745
715,5,10,150,35,0.09730502898672241
716,5,10,150,35,0.20343689748951904
717,5,10,150,35,0.1671511698578214
718,5,10,150,35,0.0
719,5,10,150,35,0.11614257564286637
720,5,10,150,35,0.05261577455142312
721,5,10,150,35,0.11811407294574708
722,5,10,150,35,0.0
723,5,10,150,35,0.0
724,5,10,150,35,0.0
725,5,10,150,35,0.05750402108673013
726,5,10,150,35,0.2529427027676571
727,5,10,150,35,0.13324055936595644
728,5,10,150,35,0.0
729,5,10,150,35,0.0
730,5,10,150,35,0.0
731,5,10,150,35,0.0
732,5,10,150,35,0.0
733,5,10,150,35,0.0
734,5,10,150,35,0.0655813061736612
735,5,10,150,35,0.0
736,5,10,150,35,0.0
737,5,10,150,35,0.16282663249631943
738,5,10,150,35,0.2757101232162454
739,5,10,150,35,0.0
740,5,10,150,35,0.0
741,5,10,150,35,0.10965210684801945
742,5,10,150,35,0.0
743,5,10,150,35,0.0
744,5,10,150,35,0.0
745,5,10,150,35,0.33763622740733124
746,5,10,150,35,0.11450296808588954
747,5,10,150,35,0.34256383897331855
748,5,10,150,35,0.2055939612291113
749,5,10,150,35,0.15951803242867332
750,5,10,150,35,0.07219614103266732
751,5,10,150,35,0.06998571320325095
752,5,10,150,35,0.0
753,5,10,150,35,0.15406810205846871
754,5,10,150,35,0.0
755,5,10,150,35,0.0
756,5,10,150,35,0.021791008948563714
757,5,10,150,35,0.0
758,5,10,150,35,0.15409637646449567
759,5,10,150,35,0.038281751104512325
760,5,10,150,35,0.11447590313611888
761,5,10,150,35,0.03339755935325358
762,5,10,150,35,0.0647083388415595
763,5,10,150,35,0.24316111311090635
764,5,10,150,35,0.08517056469190643
765,5,10,150,35,0.0
766,5,10,150,35,0.07113748673553086
767,5,10,150,35,0.2073612289146658
768,5,10,150,35,0.07655078846581868
769,5,10,150,35,0.0
770,5,10,150,35,0.0
771,5,10,150,35,0.08294076634213902
772,5,10,150,35,0.03353522641880846
773,5,10,150,35,0.11592430637649334
774,5,10,150,35,0.04454651644804977
775,5,10,150,35,0.0
776,5,10,150,35,0.0979842764118751
777,5,10,150,35,0.11096808148688479
778,5,10,150,35,0.0
779,5,10,150,35,0.05878132199396477
780,5,10,150,35,0.04759023790187059
781,5,10,150,35,0.21898681539091044
782,5,10,150,35,0.0
783,5,10,150,35,0.0
784,5,10,150,35,0.0
785,5,10,150,35,0.048159222084064895
786,5,10,150,35,0.14617460325378087
787,5,10,150,35,0.0683037314796457
788,5,10,150,35,0.26443220336203627
789,5,10,150,35,0.059109628562248356
790,5,10,150,35,0.09906466474704775
791,5,10,150,35,0.0
792,5,10,150,35,0.0
793,5,10,150,35,0.0
794,5,10,150,35,0.1678954833056024
795,5,10,150,35,0.14550209450890672
796,5,10,150,35,0.41366221175366596
797,5,10,150,35,0.09030583455080088
798,5,10,150,35,0.11061653176568838
799,5,10,150,35,0.0
800,5,10,150,35,0.0
801,5,10,150,35,0.0
802,5,10,150,35,0.030863419558816
803,5,10,150,35,0.0
804,5,10,150,35,0.16785583335135276
805,5,10,150,35,0.16314120981168329
806,5,10,150,35,0.17569942801416838
807,5,10,150,35,0.20602117129695052
808,5,10,150,35,0.0
809,5,10,150,35,0.0
810,5,10,150,35,0.0
811,5,10,150,35,0.0
812,5,10,150,35,0.0
813,5,10,150,35,0.17367331957930765
814,5,10,150,35,0.09144287629100999
815,5,10,150,35,0.33178342948760253
816,5,10,150,35,0.08005612702969578
817,5,10,150,35,0.0
818,5,10,150,35,0.0
819,5,10,150,35,0.0458402539699961
820,5,10,150,35,0.0
821,5,10,150,35,0.10332444476421325
822,5,10,150,35,0.0
823,5,10,150,35,0.3268563733942258
824,5,10,150,35,0.0
825,5,10,150,35,0.038133233668310756
826,5,10,150,35,0.0788222651972921
827,5,10,150,35,0.0
828,5,10,150,35,0.06367960701337043
829,5,10,150,35,0.10951828933634093
830,5,10,150,35,0.08448586572121555
831,5,10,150,35,0.0960228659850268
832,5,10,150,35,0.0
833,5,10,150,35,0.21820209250251138
834,5,10,150,35,0.0
835,5,10,150,35,0.02849398107272014
836,5,10,150,35,0.05823597777878099
837,5,10,150,35,0.0
838,5,10,150,35,0.09426062729550748
839,5,10,150,35,0.03322541746578526
840,5,10,150,35,0.38209994317218016
841,5,10,150,35,0.0
842,5,10,150,35,0.03314153504336938
843,5,10,150,35,0.15451948651853786
844,5,10,150,35,0.1343191201919555
845,5,10,150,35,0.0
846,5,10,150,35,0.24766397980533594
847,5,10,150,35,0.0
848,5,10,150,35,0.0659584653472415
849,5,10,150,35,0.0
850,5,10,150,35,0.09225204404556843
851,5,10,150,35,0.30851313617563997
852,5,10,150,35,0.0
853,5,10,150,35,0.0
854,5,10,150,35,0.2315544109673369
855,5,10,150,35,0.0
856,5,10,150,35,0.0
857,5,10,150,35,0.0
858,5,10,150,35,0.0
859,5,10,150,35,0.0
860,5,10,150,35,0.0
861,5,10,150,35,0.09836355940276224
862,5,10,150,35,0.2017061934017447
863,5,10,150,35,0.0
864,5,10,150,35,0.3366705708601769
865,5,10,150,35,0.0
866,5,10,150,35,0.12374681498530773
867,5,10,150,35,0.27393468947337635
868,5,10,150,35,0.18704695598229182
869,5,10,150,35,0.030718920234936747
870,5,10,150,35,0.1684040168270593
871,5,10,150,35,0.14542088745353055
872,5,10,150,35,0.0
873,5,10,150,35,0.0
874,5,10,150,35,0.06575393297476358
875,5,10,150,35,0.20879219868104137
876,5,10,150,35,0.0
877,5,10,150,35,0.038133233668310756
878,5,10,150,35,0.0671134468564006
879,5,10,150,35,0.04258528250242427
880,5,10,150,35,0.42321630449630704
881,5,10,150,35,0.41188402446836975
882,5,10,150,35,0.2821197369783621
883,5,10,150,35,0.33749164066811116
884,5,10,150,35,0.028767091820622218
885,5,10,150,35,0.1336096969410076
886,5,10,150,35,0.2553144779729549
887,5,10,150,35,0.1284524943976719
888,5,10,150,35,0.0
889,5,10,150,35,0.35892168451372347
890,5,10,150,35,0.3753898322158589
891,5,10,150,35,0.0
892,5,10,150,35,0.4345379018816863
893,5,10,150,35,0.05014695371369417
894,5,10,150,35,0.29106471868611994
895,5,10,150,35,0.0
896,5,10,150,35,0.4508258959754445
897,5,10,150,35,0.15271288214464718
898,5,10,150,35,0.0
899,5,10,150,35,0.23344703400173283
900,5,10,150,35,0.04588516391390306
901,5,10,150,35,0.291311798302973
902,5,10,150,35,0.025255271126572616
903,5,10,150,35,0.4302718545390486
904,5,10,150,35,0.0
905,5,10,150,35,0.08773956418811966
906,5,10,150,35,0.0
907,5,10,150,35,0.1848815372195339
908,5,10,150,35,0.17000659486070113
909,5,10,150,35,0.0
910,5,10,150,35,0.14906842078625154
911,5,10,150,35,0.0675803537121425
912,5,10,150,35,0.07877990502228673
913,5,10,150,35,0.1997879725803639
914,5,10,150,35,0.0
915,5,10,150,35,0.0
916,5,10,150,35,0.28462089671312063
917,5,10,150,35,0.0
918,5,10,150,35,0.0
919,5,10,150,35,0.19480670311369871
920,5,10,150,35,0.26814570941777965
921,5,10,150,35,0.038133233668310756
922,5,10,150,35,0.13295341484454132
923,5,10,150,35,0.04872277281279279
924,5,10,150,35,0.09175473519942313
925,5,10,150,35,0.039791360812020615
926,5,10,150,35,0.18690891198435525
927,5,10,150,35,0.1020068001057338
928,5,10,150,35,0.1092545823136639
929,5,10,150,35,0.0753982504991096
930,5,10,150,35,0.09060171011319669
931,5,10,150,35,0.06289471894095414
932,5,10,150,35,0.32702949555452715
933,5,10,150,35,0.08036270603212474
934,5,10,150,35,0.1850456930254028
935,5,10,150,35,0.0
936,5,10,150,35,0.14084455378670255
937,5,10,150,35,0.0750451914573381
938,5,10,150,35,0.10578475896853597
939,5,10,150,35,0.05231692143384187
940,5,10,150,35,0.12780481782633119
941,5,10,150,35,0.17060921827860473
942,5,10,150,35,0.08340106356141173
943,5,10,150,35,0.269467584242612
1,5,10,150,36,0.4058715898896693
2,5,10,150,36,0.0
3,5,10,150,36,0.0
4,5,10,150,36,0.0
5,5,10,150,36,0.04470486007704452
6,5,10,150,36,0.04187254809446048
7,5,10,150,36,0.11193165951610298
8,5,10,150,36,0.0
9,5,10,150,36,0.0
10,5,10,150,36,0.24361731142751186
11,5,10,150,36,0.03947525607388688
12,5,10,150,36,0.0787978565107802
13,5,10,150,36,0.2896326414584039
14,5,10,150,36,0.18795160328752808
15,5,10,150,36,0.0
16,5,10,150,36,0.11062750966338458
17,5,10,150,36,0.0
18,5,10,150,36,0.17872418048185143
19,5,10,150,36,0.0
20,5,10,150,36,0.13743816645714543
21,5,10,150,36,0.1265754929129826
22,5,10,150,36,0.0
23,5,10,150,36,0.06541518452970234
24,5,10,150,36,0.05010834716923557
25,5,10,150,36,0.23940867474021393
26,5,10,150,36,0.0
27,5,10,150,36,0.0
28,5,10,150,36,0.0
30,5,10,150,36,0.08133484538841967
31,5,10,150,36,0.0
32,5,10,150,36,0.19519002499605084
33,5,10,150,36,0.0
34,5,10,150,36,0.0
35,5,10,150,36,0.0
37,5,10,150,36,0.08177471774917201
38,5,10,150,36,0.0
39,5,10,150,36,0.0
40,5,10,150,36,0.0
41,5,10,150,36,0.06835476917178976
42,5,10,150,36,0.08850778826764391
43,5,10,150,36,0.0
44,5,10,150,36,0.2672039079048423
45,5,10,150,36,0.0
46,5,10,150,36,0.0
47,5,10,150,36,0.0
48,5,10,150,36,0.0
49,5,10,150,36,0.033808395438916686
52,5,10,150,36,0.0
53,5,10,150,36,0.0
54,5,10,150,36,0.0
55,5,10,150,36,0.0
56,5,10,150,36,0.11781210270929884
57,5,10,150,36,0.1318392860374695
58,5,10,150,36,0.33144193348521184
59,5,10,150,36,0.19233148606048747
60,5,10,150,36,0.1076743759411119
61,5,10,150,36,0.0
62,5,10,150,36,0.09586820699422145
63,5,10,150,36,0.0
64,5,10,150,36,0.04759023790187059
65,5,10,150,36,0.2342550150352983
66,5,10,150,36,0.0
67,5,10,150,36,0.0
68,5,10,150,36,0.0
69,5,10,150,36,0.0
70,5,10,150,36,0.0
71,5,10,150,36,0.20758456043036028
72,5,10,150,36,0.10990826949013655
73,5,10,150,36,0.05276490902632437
74,5,10,150,36,0.0
75,5,10,150,36,0.0
76,5,10,150,36,0.10633668103022985
77,5,10,150,36,0.05154847002173459
78,5,10,150,36,0.0
79,5,10,150,36,0.0
80,5,10,150,36,0.0
81,5,10,150,36,0.0
82,5,10,150,36,0.0
83,5,10,150,36,0.07414861528507455
84,5,10,150,36,0.07550980911390262
85,5,10,150,36,0.04734112273659951
86,5,10,150,36,0.0
87,5,10,150,36,0.1102104590629334
88,5,10,150,36,0.0
89,5,10,150,36,0.0
90,5,10,150,36,0.08638232473923456
91,5,10,150,36,0.0
92,5,10,150,36,0.03369782041898502
93,5,10,150,36,0.0
94,5,10,150,36,0.10370221609124387
95,5,10,150,36,0.07849567312219397
96,5,10,150,36,0.0
97,5,10,150,36,0.0
98,5,10,150,36,0.0
99,5,10,150,36,0.09641171098317775
100,5,10,150,36,0.0
101,5,10,150,36,0.0
102,5,10,150,36,0.0
103,5,10,150,36,0.0
104,5,10,150,36,0.33958467175585033
105,5,10,150,36,0.0
106,5,10,150,36,0.06516188295518531
107,5,10,150,36,0.0
109,5,10,150,36,0.16563719724029594
110,5,10,150,36,0.0
111,5,10,150,36,0.0
112,5,10,150,36,0.07807600999842033
113,5,10,150,36,0.0
114,5,10,150,36,0.08274602130532002
115,5,10,150,36,0.04001677477281075
116,5,10,150,36,0.0
117,5,10,150,36,0.0
118,5,10,150,36,0.16958010263680806
119,5,10,150,36,0.0
120,5,10,150,36,0.0
121,5,10,150,36,0.13032376591037062
122,5,10,150,36,0.0
123,5,10,150,36,0.07303417492135322
124,5,10,150,36,0.0
125,5,10,150,36,0.05446333035917803
126,5,10,150,36,0.0
128,5,10,150,36,0.0
129,5,10,150,36,0.0
130,5,10,150,36,0.12848269861902195
131,5,10,150,36,0.0
132,5,10,150,36,0.0
133,5,10,150,36,0.0
134,5,10,150,36,0.0
135,5,10,150,36,0.0
136,5,10,150,36,0.0
137,5,10,150,36,0.0
138,5,10,150,36,0.0976168253917686
139,5,10,150,36,0.0
140,5,10,150,36,0.0
141,5,10,150,36,0.0
142,5,10,150,36,0.0
143,5,10,150,36,0.0
144,5,10,150,36,0.0
145,5,10,150,36,0.17597149971119974
146,5,10,150,36,0.0
147,5,10,150,36,0.0
148,5,10,150,36,0.0
149,5,10,150,36,0.0
150,5,10,150,36,0.2640681225725909
151,5,10,150,36,0.05276266950320283
152,5,10,150,36,0.0
153,5,10,150,36,0.0
154,5,10,150,36,0.0
155,5,10,150,36,0.0
156,5,10,150,36,0.0
157,5,10,150,36,0.0
158,5,10,150,36,0.04759023790187059
159,5,10,150,36,0.23138144801632507
160,5,10,150,36,0.1719271394881576
161,5,10,150,36,0.0
162,5,10,150,36,0.0
163,5,10,150,36,0.0
164,5,10,150,36,0.0
165,5,10,150,36,0.0
167,5,10,150,36,0.05319635904163211
168,5,10,150,36,0.0
169,5,10,150,36,0.0
170,5,10,150,36,0.0
171,5,10,150,36,0.0
173,5,10,150,36,0.0
174,5,10,150,36,0.0
175,5,10,150,36,0.21517910082405575
176,5,10,150,36,0.0
177,5,10,150,36,0.38113435412202
178,5,10,150,36,0.12597398707460816
179,5,10,150,36,0.09149012142095872
180,5,10,150,36,0.06228974831361337
181,5,10,150,36,0.07956605039330662
182,5,10,150,36,0.0
183,5,10,150,36,0.15101961822780524
184,5,10,150,36,0.0
185,5,10,150,36,0.0
186,5,10,150,36,0.0
187,5,10,150,36,0.0
188,5,10,150,36,0.12925733948536566
189,5,10,150,36,0.1622220746837199
190,5,10,150,36,0.0
192,5,10,150,36,0.123151194370365
193,5,10,150,36,0.0
194,5,10,150,36,0.0
195,5,10,150,36,0.11787667935667444
196,5,10,150,36,0.0
197,5,10,150,36,0.09546043308946733
198,5,10,150,36,0.0
199,5,10,150,36,0.0
200,5,10,150,36,0.09785159463516042
201,5,10,150,36,0.0
202,5,10,150,36,0.0
203,5,10,150,36,0.0
204,5,10,150,36,0.19519002499605084
205,5,10,150,36,0.0
206,5,10,150,36,0.0
207,5,10,150,36,0.0
208,5,10,150,36,0.0
209,5,10,150,36,0.0
210,5,10,150,36,0.2167516193508568
211,5,10,150,36,0.0
213,5,10,150,36,0.08445760625486516
214,5,10,150,36,0.0
216,5,10,150,36,0.23813231172447274
217,5,10,150,36,0.0
218,5,10,150,36,0.0
219,5,10,150,36,0.0
221,5,10,150,36,0.0
222,5,10,150,36,0.1050995674008573
223,5,10,150,36,0.0
224,5,10,150,36,0.0
225,5,10,150,36,0.09077089626867633
226,5,10,150,36,0.19092086617893467
227,5,10,150,36,0.0
228,5,10,150,36,0.0
229,5,10,150,36,0.0
230,5,10,150,36,0.08993480096570136
231,5,10,150,36,0.0
232,5,10,150,36,0.0
233,5,10,150,36,0.18978688349077963
234,5,10,150,36,0.0
235,5,10,150,36,0.0
236,5,10,150,36,0.0
237,5,10,150,36,0.19342640361727081
238,5,10,150,36,0.0
239,5,10,150,36,0.06912040963822193
240,5,10,150,36,0.12495636102304827
241,5,10,150,36,0.0
242,5,10,150,36,0.0
243,5,10,150,36,0.0
244,5,10,150,36,0.049712302565054066
245,5,10,150,36,0.0
246,5,10,150,36,0.0561326498270945
247,5,10,150,36,0.09472348220010487
248,5,10,150,36,0.09472348220010487
249,5,10,150,36,0.056720838976548935
250,5,10,150,36,0.0
251,5,10,150,36,0.13032376591037062
252,5,10,150,36,0.20184908658209985
253,5,10,150,36,0.0
254,5,10,150,36,0.08514311764162098
255,5,10,150,36,0.0
256,5,10,150,36,0.038925970325304815
257,5,10,150,36,0.07984133538066794
258,5,10,150,36,0.0
259,5,10,150,36,0.067856722420442
260,5,10,150,36,0.0
261,5,10,150,36,0.0
262,5,10,150,36,0.0
263,5,10,150,36,0.0956366800683804
264,5,10,150,36,0.0
265,5,10,150,36,0.0
266,5,10,150,36,0.0
267,5,10,150,36,0.17168372277322866
268,5,10,150,36,0.049712302565054066
269,5,10,150,36,0.052962244777770985
270,5,10,150,36,0.0
271,5,10,150,36,0.10406177364128634
272,5,10,150,36,0.0
273,5,10,150,36,0.0
274,5,10,150,36,0.0
275,5,10,150,36,0.0
276,5,10,150,36,0.16747849274486462
277,5,10,150,36,0.0
278,5,10,150,36,0.0
279,5,10,150,36,0.1187590978490438
280,5,10,150,36,0.14324481060386993
281,5,10,150,36,0.0
282,5,10,150,36,0.0
283,5,10,150,36,0.0
284,5,10,150,36,0.0
285,5,10,150,36,0.0
286,5,10,150,36,0.05490370618855431
287,5,10,150,36,0.0
288,5,10,150,36,0.0
289,5,10,150,36,0.0
290,5,10,150,36,0.07834851647149511
291,5,10,150,36,0.07828167840727236
292,5,10,150,36,0.04224853374256244
293,5,10,150,36,0.062192625389540866
294,5,10,150,36,0.0
295,5,10,150,36,0.2161546962063938
296,5,10,150,36,0.07879213539011483
297,5,10,150,36,0.0
298,5,10,150,36,0.061080020762274374
299,5,10,150,36,0.0
300,5,10,150,36,0.0
301,5,10,150,36,0.06460801587741544
302,5,10,150,36,0.09224219235917257
303,5,10,150,36,0.060610334519736894
304,5,10,150,36,0.0
305,5,10,150,36,0.11349000778741654
306,5,10,150,36,0.0
307,5,10,150,36,0.10778915452451093
308,5,10,150,36,0.13490077762666258
310,5,10,150,36,0.0
311,5,10,150,36,0.13301422444853
312,5,10,150,36,0.05897356872503046
313,5,10,150,36,0.11270402374049442
314,5,10,150,36,0.16600564593053876
315,5,10,150,36,0.0
316,5,10,150,36,0.0
317,5,10,150,36,0.0
318,5,10,150,36,0.10567847230623394
319,5,10,150,36,0.0
320,5,10,150,36,0.13927874459665815
321,5,10,150,36,0.0
322,5,10,150,36,0.0
323,5,10,150,36,0.1610425878239398
324,5,10,150,36,0.0
325,5,10,150,36,0.09092803061897883
326,5,10,150,36,0.027288805847552652
327,5,10,150,36,0.025410386140327024
328,5,10,150,36,0.09206364236149692
329,5,10,150,36,0.0
330,5,10,150,36,0.07197991643202278
331,5,10,150,36,0.0
332,5,10,150,36,0.09320485889859448
334,5,10,150,36,0.0
335,5,10,150,36,0.0
336,5,10,150,36,0.049712302565054066
337,5,10,150,36,0.0
338,5,10,150,36,0.07132875491150918
339,5,10,150,36,0.1430641274918087
340,5,10,150,36,0.0
341,5,10,150,36,0.0
342,5,10,150,36,0.31341134215401556
343,5,10,150,36,0.09229649639444802
344,5,10,150,36,0.1202034973803211
345,5,10,150,36,0.1536414362770729
346,5,10,150,36,0.04366879852493834
347,5,10,150,36,0.1969404851249289
348,5,10,150,36,0.0
349,5,10,150,36,0.0
350,5,10,150,36,0.058087171966128066
351,5,10,150,36,0.0
352,5,10,150,36,0.1903601622684853
353,5,10,150,36,0.14434031438272124
354,5,10,150,36,0.06335619058732639
355,5,10,150,36,0.0
356,5,10,150,36,0.0
357,5,10,150,36,0.0
358,5,10,150,36,0.06364028872631156
359,5,10,150,36,0.3010299956639812
360,5,10,150,36,0.07256783117062009
361,5,10,150,36,0.09478836436955078
362,5,10,150,36,0.0
363,5,10,150,36,0.22463865489880525
364,5,10,150,36,0.0
365,5,10,150,36,0.0
366,5,10,150,36,0.0
367,5,10,150,36,0.0
368,5,10,150,36,0.0
369,5,10,150,36,0.0
370,5,10,150,36,0.0
371,5,10,150,36,0.07984133538066794
372,5,10,150,36,0.15130120674940672
373,5,10,150,36,0.22842722979011518
374,5,10,150,36,0.07472550252128253
375,5,10,150,36,0.0
376,5,10,150,36,0.0
377,5,10,150,36,0.0
378,5,10,150,36,0.1247072565503358
379,5,10,150,36,0.04401835325961603
380,5,10,150,36,0.0
381,5,10,150,36,0.0
382,5,10,150,36,0.05261577455142312
383,5,10,150,36,0.0
384,5,10,150,36,0.0
385,5,10,150,36,0.0
386,5,10,150,36,0.0
387,5,10,150,36,0.08586571489348302
388,5,10,150,36,0.0
389,5,10,150,36,0.05419019214782325
390,5,10,150,36,0.0
391,5,10,150,36,0.11245246430543061
392,5,10,150,36,0.11004588314904008
393,5,10,150,36,0.14791572411237983
394,5,10,150,36,0.16570616085215287
395,5,10,150,36,0.0
396,5,10,150,36,0.0
397,5,10,150,36,0.11004588314904008
398,5,10,150,36,0.21225568458158228
399,5,10,150,36,0.026175882249243814
400,5,10,150,36,0.0
401,5,10,150,36,0.02839245759615368
402,5,10,150,36,0.0
403,5,10,150,36,0.2529427027676571
404,5,10,150,36,0.0
405,5,10,150,36,0.04864974161353331
406,5,10,150,36,0.0771848524629162
407,5,10,150,36,0.07081727565973653
408,5,10,150,36,0.09983719697789138
409,5,10,150,36,0.0334374913847135
410,5,10,150,36,0.0
411,5,10,150,36,0.17342765698823945
412,5,10,150,36,0.0
413,5,10,150,36,0.0
414,5,10,150,36,0.21398626473452756
415,5,10,150,36,0.0
416,5,10,150,36,0.13044899459095274
417,5,10,150,36,0.0895852844335066
419,5,10,150,36,0.30260241349881345
420,5,10,150,36,0.0
421,5,10,150,36,0.0
422,5,10,150,36,0.0
423,5,10,150,36,0.08440880858250024
424,5,10,150,36,0.0
425,5,10,150,36,0.2082843711703412
426,5,10,150,36,0.13571943816109763
427,5,10,150,36,0.0
428,5,10,150,36,0.0
429,5,10,150,36,0.17460686306790388
430,5,10,150,36,0.1261446714466394
431,5,10,150,36,0.0
432,5,10,150,36,0.0
433,5,10,150,36,0.0
434,5,10,150,36,0.3903800499921017
435,5,10,150,36,0.1157421171203416
436,5,10,150,36,0.06490403551612171
437,5,10,150,36,0.22972973128433707
438,5,10,150,36,0.0
439,5,10,150,36,0.0
440,5,10,150,36,0.0
441,5,10,150,36,0.0
442,5,10,150,36,0.0
443,5,10,150,36,0.0
445,5,10,150,36,0.0
446,5,10,150,36,0.0
447,5,10,150,36,0.24290422668756767
448,5,10,150,36,0.0
449,5,10,150,36,0.04403205443910179
450,5,10,150,36,0.22295797536390743
451,5,10,150,36,0.0
452,5,10,150,36,0.07830573469972951
453,5,10,150,36,0.029956785715628154
454,5,10,150,36,0.0
455,5,10,150,36,0.0
456,5,10,150,36,0.07758828619721583
457,5,10,150,36,0.27419126308067887
458,5,10,150,36,0.0
459,5,10,150,36,0.0
460,5,10,150,36,0.0
461,5,10,150,36,0.0
462,5,10,150,36,0.0
463,5,10,150,36,0.0
464,5,10,150,36,0.0
465,5,10,150,36,0.0
466,5,10,150,36,0.03947525607388688
467,5,10,150,36,0.0
468,5,10,150,36,0.25116683884278784
469,5,10,150,36,0.0
470,5,10,150,36,0.0
471,5,10,150,36,0.0
472,5,10,150,36,0.07331123581612
473,5,10,150,36,0.08754031530847717
474,5,10,150,36,0.2650062649742623
475,5,10,150,36,0.06516188295518531
476,5,10,150,36,0.0
477,5,10,150,36,0.0
478,5,10,150,36,0.23782833255689273
479,5,10,150,36,0.07834096783470737
480,5,10,150,36,0.21398626473452756
481,5,10,150,36,0.13863671367752411
482,5,10,150,36,0.0
483,5,10,150,36,0.06912040963822193
484,5,10,150,36,0.09353062527112192
485,5,10,150,36,0.0
486,5,10,150,36,0.09412224363528887
487,5,10,150,36,0.1698630616162589
488,5,10,150,36,0.0
489,5,10,150,36,0.0
490,5,10,150,36,0.0
491,5,10,150,36,0.19092086617893467
492,5,10,150,36,0.12471554514794539
493,5,10,150,36,0.0
494,5,10,150,36,0.0
495,5,10,150,36,0.10048896362940396
496,5,10,150,36,0.05459112561892713
497,5,10,150,36,0.0
498,5,10,150,36,0.03855307727568851
499,5,10,150,36,0.1912282106369008
500,5,10,150,36,0.03148908318001809
501,5,10,150,36,0.0
502,5,10,150,36,0.06364028872631156
503,5,10,150,36,0.14184577198353127
504,5,10,150,36,0.0
505,5,10,150,36,0.0
506,5,10,150,36,0.10589517949214913
507,5,10,150,36,0.0
508,5,10,150,36,0.0
509,5,10,150,36,0.06474271459046577
510,5,10,150,36,0.0
511,5,10,150,36,0.0
512,5,10,150,36,0.0
513,5,10,150,36,0.0
514,5,10,150,36,0.10595566933616397
515,5,10,150,36,0.0
516,5,10,150,36,0.0
517,5,10,150,36,0.042259191411409554
518,5,10,150,36,0.0
519,5,10,150,36,0.0
520,5,10,150,36,0.0
521,5,10,150,36,0.0
522,5,10,150,36,0.0
523,5,10,150,36,0.0316088333445714
524,5,10,150,36,0.0997176240754556
525,5,10,150,36,0.0
526,5,10,150,36,0.0
527,5,10,150,36,0.12265062558661
528,5,10,150,36,0.05780700008370542
529,5,10,150,36,0.0
530,5,10,150,36,0.0
531,5,10,150,36,0.0
532,5,10,150,36,0.0
533,5,10,150,36,0.1411388415112092
534,5,10,150,36,0.04084531701587904
535,5,10,150,36,0.2526089034755843
536,5,10,150,36,0.23620378562439379
537,5,10,150,36,0.30811631539116063
538,5,10,150,36,0.0
539,5,10,150,36,0.11414433776026256
540,5,10,150,36,0.0
541,5,10,150,36,0.12534926568386062
542,5,10,150,36,0.12627825946936164
543,5,10,150,36,0.0
544,5,10,150,36,0.0
545,5,10,150,36,0.052962244777770985
546,5,10,150,36,0.11781210270929884
547,5,10,150,36,0.0
548,5,10,150,36,0.018860808443248393
549,5,10,150,36,0.0
550,5,10,150,36,0.0
551,5,10,150,36,0.299520147922195
552,5,10,150,36,0.0
553,5,10,150,36,0.16102243342487008
554,5,10,150,36,0.16600564593053876
555,5,10,150,36,0.0
556,5,10,150,36,0.046823654699505654
557,5,10,150,36,0.0
558,5,10,150,36,0.0
559,5,10,150,36,0.0734773909038217
560,5,10,150,36,0.19335859474678904
561,5,10,150,36,0.0
562,5,10,150,36,0.034743705427429224
563,5,10,150,36,0.0
564,5,10,150,36,0.0
565,5,10,150,36,0.10523285614729473
566,5,10,150,36,0.13665387068436016
567,5,10,150,36,0.13463074517970205
568,5,10,150,36,0.0
569,5,10,150,36,0.0
570,5,10,150,36,0.0
571,5,10,150,36,0.0
572,5,10,150,36,0.058995070558427745
573,5,10,150,36,0.0
574,5,10,150,36,0.04185567464896701
575,5,10,150,36,0.0
576,5,10,150,36,0.17342765698823945
577,5,10,150,36,0.19625738536936804
578,5,10,150,36,0.0
579,5,10,150,36,0.0
580,5,10,150,36,0.10209739512291163
581,5,10,150,36,0.0
582,5,10,150,36,0.0
583,5,10,150,36,0.0
584,5,10,150,36,0.0
585,5,10,150,36,0.0
586,5,10,150,36,0.07482758161941112
587,5,10,150,36,0.0
588,5,10,150,36,0.22609177719184714
589,5,10,150,36,0.0
590,5,10,150,36,0.18511573258657482
591,5,10,150,36,0.15758427078022966
592,5,10,150,36,0.22003685836551617
593,5,10,150,36,0.11609090932056745
594,5,10,150,36,0.0843142342558857
595,5,10,150,36,0.0
596,5,10,150,36,0.0
597,5,10,150,36,0.0
598,5,10,150,36,0.11752277470724268
599,5,10,150,36,0.04257155882081049
600,5,10,150,36,0.0
601,5,10,150,36,0.026557570376145638
602,5,10,150,36,0.0
603,5,10,150,36,0.06194403202282284
604,5,10,150,36,0.0
605,5,10,150,36,0.07677414822537214
606,5,10,150,36,0.23749002282898746
607,5,10,150,36,0.0
608,5,10,150,36,0.126140293880171
609,5,10,150,36,0.11838279295536291
610,5,10,150,36,0.0
611,5,10,150,36,0.03927158715985786
612,5,10,150,36,0.0
613,5,10,150,36,0.15130120674940672
614,5,10,150,36,0.13886244387355454
615,5,10,150,36,0.022974664140439565
616,5,10,150,36,0.09781579202094404
617,5,10,150,36,0.03804989622115975
618,5,10,150,36,0.15906659359421288
619,5,10,150,36,0.1303945739341477
620,5,10,150,36,0.0899862452721681
621,5,10,150,36,0.11794864472265719
622,5,10,150,36,0.1417296481725378
623,5,10,150,36,0.050143326786652107
624,5,10,150,36,0.0
625,5,10,150,36,0.0
626,5,10,150,36,0.0
627,5,10,150,36,0.027964832116529587
628,5,10,150,36,0.0
629,5,10,150,36,0.11794421963488726
630,5,10,150,36,0.09942460513010813
631,5,10,150,36,0.0
632,5,10,150,36,0.2802309837406785
633,5,10,150,36,0.0455520698635181
634,5,10,150,36,0.023756977677906275
635,5,10,150,36,0.0
636,5,10,150,36,0.0
637,5,10,150,36,0.0
638,5,10,150,36,0.15473934503245962
639,5,10,150,36,0.0
640,5,10,150,36,0.0637867864178444
641,5,10,150,36,0.0
642,5,10,150,36,0.08651984295196866
643,5,10,150,36,0.14687611789946267
644,5,10,150,36,0.0
645,5,10,150,36,0.1673424068709125
646,5,10,150,36,0.0
647,5,10,150,36,0.03673869545191085
648,5,10,150,36,0.07619257610207444
649,5,10,150,36,0.0
650,5,10,150,36,0.019015848852869447
651,5,10,150,36,0.0
652,5,10,150,36,0.0
653,5,10,150,36,0.05529269406898999
654,5,10,150,36,0.1521155994897412
655,5,10,150,36,0.2686649989534
656,5,10,150,36,0.0
657,5,10,150,36,0.053845569940583225
658,5,10,150,36,0.0
659,5,10,150,36,0.0445004337709757
660,5,10,150,36,0.0
661,5,10,150,36,0.0860496199597963
662,5,10,150,36,0.0
663,5,10,150,36,0.09146982156623512
664,5,10,150,36,0.05881141635541582
665,5,10,150,36,0.0
666,5,10,150,36,0.0967424244338062
667,5,10,150,36,0.23495437216186538
668,5,10,150,36,0.0
669,5,10,150,36,0.2125308578794234
670,5,10,150,36,0.15539533467551025
671,5,10,150,36,0.1365730096264688
672,5,10,150,36,0.0
673,5,10,150,36,0.0
674,5,10,150,36,0.0
675,5,10,150,36,0.05010834716923557
676,5,10,150,36,0.0
677,5,10,150,36,0.03927489746221688
678,5,10,150,36,0.0
679,5,10,150,36,0.24230773930955837
680,5,10,150,36,0.2073612289146658
681,5,10,150,36,0.0
682,5,10,150,36,0.13793837937515718
683,5,10,150,36,0.03719976603506465
684,5,10,150,36,0.0
685,5,10,150,36,0.0
686,5,10,150,36,0.08962483220812449
687,5,10,150,36,0.0
688,5,10,150,36,0.0
689,5,10,150,36,0.27487633291429087
690,5,10,150,36,0.0
691,5,10,150,36,0.0
692,5,10,150,36,0.0
693,5,10,150,36,0.0
694,5,10,150,36,0.13439230399675073
695,5,10,150,36,0.0
696,5,10,150,36,0.06723507268634088
697,5,10,150,36,0.04505069314087506
698,5,10,150,36,0.0967424244338062
699,5,10,150,36,0.0
700,5,10,150,36,0.16958010263680806
701,5,10,150,36,0.04129602134854855
702,5,10,150,36,0.0
703,5,10,150,36,0.0
704,5,10,150,36,0.03898594405226045
705,5,10,150,36,0.10665392793551529
706,5,10,150,36,0.0
707,5,10,150,36,0.11657422312124036
708,5,10,150,36,0.04185109258092126
709,5,10,150,36,0.11314870124591199
710,5,10,150,36,0.05710411178654767
711,5,10,150,36,0.16426108191193123
712,5,10,150,36,0.08872774495482992
713,5,10,150,36,0.0
714,5,10,150,36,0.04195229264874745
715,5,10,150,36,0.09549802088950321
716,5,10,150,36,0.1996589620131638
717,5,10,150,36,0.1671511698578214
718,5,10,150,36,0.0
719,5,10,150,36,0.11614257564286637
720,5,10,150,36,0.05261577455142312
721,5,10,150,36,0.11592062941635224
722,5,10,150,36,0.0
723,5,10,150,36,0.0
724,5,10,150,36,0.0
725,5,10,150,36,0.05750402108673013
726,5,10,150,36,0.2529427027676571
727,5,10,150,36,0.1307662086344526
728,5,10,150,36,0.0
729,5,10,150,36,0.0
730,5,10,150,36,0.0
731,5,10,150,36,0.0
732,5,10,150,36,0.0
733,5,10,150,36,0.0
734,5,10,150,36,0.0655813061736612
735,5,10,150,36,0.0
736,5,10,150,36,0.0
737,5,10,150,36,0.16282663249631943
738,5,10,150,36,0.27059003404587945
739,5,10,150,36,0.0
740,5,10,150,36,0.0
741,5,10,150,36,0.10965210684801945
742,5,10,150,36,0.0
743,5,10,150,36,0.04224853374256244
744,5,10,150,36,0.0
745,5,10,150,36,0.33763622740733124
746,5,10,150,36,0.11450296808588954
747,5,10,150,36,0.3547727913651011
748,5,10,150,36,0.20177596788848892
749,5,10,150,36,0.15655569451815876
750,5,10,150,36,0.07219614103266732
751,5,10,150,36,0.06868603987942724
752,5,10,150,36,0.0
753,5,10,150,36,0.15406810205846871
754,5,10,150,36,0.0
755,5,10,150,36,0.0
756,5,10,150,36,0.02138633788452237
757,5,10,150,36,0.0
758,5,10,150,36,0.15123472169779828
759,5,10,150,36,0.038281751104512325
760,5,10,150,36,0.11447590313611888
761,5,10,150,36,0.03339755935325358
762,5,10,150,36,0.0647083388415595
763,5,10,150,36,0.23864547702409938
764,5,10,150,36,0.08358890029443722
765,5,10,150,36,0.0
766,5,10,150,36,0.06981642434147445
767,5,10,150,36,0.2073612289146658
768,5,10,150,36,0.07655078846581868
769,5,10,150,36,0.0
770,5,10,150,36,0.0
771,5,10,150,36,0.08294076634213902
772,5,10,150,36,0.03353522641880846
773,5,10,150,36,0.11377152802096326
774,5,10,150,36,0.04371926304950736
775,5,10,150,36,0.0
776,5,10,150,36,0.09616465431505025
777,5,10,150,36,0.11096808148688479
778,5,10,150,36,0.0
779,5,10,150,36,0.05878132199396477
780,5,10,150,36,0.04759023790187059
781,5,10,150,36,0.21898681539091044
782,5,10,150,36,0.01857055196464481
783,5,10,150,36,0.0
784,5,10,150,36,0.0
785,5,10,150,36,0.048159222084064895
786,5,10,150,36,0.1434600601881452
787,5,10,150,36,0.0683037314796457
788,5,10,150,36,0.25952155138837607
789,5,10,150,36,0.059109628562248356
790,5,10,150,36,0.09722497924250258
791,5,10,150,36,0.0
792,5,10,150,36,0.0
793,5,10,150,36,0.0
794,5,10,150,36,0.1678954833056024
795,5,10,150,36,0.1428000403018644
796,5,10,150,36,0.40598027615448457
797,5,10,150,36,0.09030583455080088
798,5,10,150,36,0.10856232171438487
799,5,10,150,36,0.0
800,5,10,150,36,0.0
801,5,10,150,36,0.0
802,5,10,150,36,0.030863419558816
803,5,10,150,36,0.0
804,5,10,150,36,0.1833092098401775
805,5,10,150,36,0.1601115874973004
806,5,10,150,36,0.1724365926560729
807,5,10,150,36,0.2021952444295635
808,5,10,150,36,0.0
809,5,10,150,36,0.0
810,5,10,150,36,0.0
811,5,10,150,36,0.0
812,5,10,150,36,0.0
813,5,10,150,36,0.17367331957930765
814,5,10,150,36,0.09144287629100999
815,5,10,150,36,0.3256220280692949
816,5,10,150,36,0.08005612702969578
817,5,10,150,36,0.0
818,5,10,150,36,0.0
819,5,10,150,36,0.0458402539699961
820,5,10,150,36,0.0
821,5,10,150,36,0.10332444476421325
822,5,10,150,36,0.0
823,5,10,150,36,0.3393570220917778
824,5,10,150,36,0.0
825,5,10,150,36,0.05599563043553825
826,5,10,150,36,0.07735849222547478
827,5,10,150,36,0.0
828,5,10,150,36,0.062497041562240466
829,5,10,150,36,0.10951828933634093
830,5,10,150,36,0.08291691656156171
831,5,10,150,36,0.11903377262475681
832,5,10,150,36,0.0
833,5,10,150,36,0.21414995920489924
834,5,10,150,36,0.0
835,5,10,150,36,0.027964832116529587
836,5,10,150,36,0.05823597777878099
837,5,10,150,36,0.0
838,5,10,150,36,0.09251015541809623
839,5,10,150,36,0.03322541746578526
840,5,10,150,36,0.39357468828645814
841,5,10,150,36,0.0
842,5,10,150,36,0.03314153504336938
843,5,10,150,36,0.1516499743645951
844,5,10,150,36,0.15039529195523021
845,5,10,150,36,0.0
846,5,10,150,36,0.261635274963235
847,5,10,150,36,0.0
848,5,10,150,36,0.06473358023900232
849,5,10,150,36,0.04224853374256244
850,5,10,150,36,0.09225204404556843
851,5,10,150,36,0.3213544289131595
852,5,10,150,36,0.0
853,5,10,150,36,0.0
854,5,10,150,36,0.22725431774582522
855,5,10,150,36,0.0
856,5,10,150,36,0.0
857,5,10,150,36,0.0
858,5,10,150,36,0.0
859,5,10,150,36,0.0
860,5,10,150,36,0.0
861,5,10,150,36,0.09836355940276224
862,5,10,150,36,0.19796039805558688
863,5,10,150,36,0.0
864,5,10,150,36,0.3304184125290513
865,5,10,150,36,0.0
866,5,10,150,36,0.12374681498530773
867,5,10,150,36,0.26884757108759216
868,5,10,150,36,0.18357339076639403
869,5,10,150,36,0.030718920234936747
870,5,10,150,36,0.16527666128151747
871,5,10,150,36,0.16129089327097482
872,5,10,150,36,0.0
873,5,10,150,36,0.0
874,5,10,150,36,0.06575393297476358
875,5,10,150,36,0.22348536427026747
876,5,10,150,36,0.0
877,5,10,150,36,0.03742507847089344
878,5,10,150,36,0.06586711310402737
879,5,10,150,36,0.04258528250242427
880,5,10,150,36,0.43392749608601816
881,5,10,150,36,0.4042351107885728
882,5,10,150,36,0.2768806177425535
883,5,10,150,36,0.33122423461745076
884,5,10,150,36,0.028767091820622218
885,5,10,150,36,0.13112849112098418
886,5,10,150,36,0.25057314719243196
887,5,10,150,36,0.1446376126401165
888,5,10,150,36,0.0
889,5,10,150,36,0.35225631072022345
890,5,10,150,36,0.368418635829695
891,5,10,150,36,0.0
892,5,10,150,36,0.4264682931941847
893,5,10,150,36,0.05014695371369417
894,5,10,150,36,0.2856594862026846
895,5,10,150,36,0.0
896,5,10,150,36,0.4610243622118697
897,5,10,150,36,0.14987691963110933
898,5,10,150,36,0.0
899,5,10,150,36,0.24768234569045625
900,5,10,150,36,0.04588516391390306
901,5,10,150,36,0.2859019774146735
902,5,10,150,36,0.025255271126572616
903,5,10,150,36,0.42228146870540706
904,5,10,150,36,0.0
905,5,10,150,36,0.08773956418811966
906,5,10,150,36,0.0
907,5,10,150,36,0.18144818502529514
908,5,10,150,36,0.16684947855650814
909,5,10,150,36,0.0
910,5,10,150,36,0.14630013793175292
911,5,10,150,36,0.06632534924174208
912,5,10,150,36,0.07877990502228673
913,5,10,150,36,0.21464835161829401
914,5,10,150,36,0.0
915,5,10,150,36,0.0
916,5,10,150,36,0.2793353295604858
917,5,10,150,36,0.0
918,5,10,150,36,0.0
919,5,10,150,36,0.19118903511046464
920,5,10,150,36,0.26814570941777965
921,5,10,150,36,0.03742507847089344
922,5,10,150,36,0.14905494850993858
923,5,10,150,36,0.047817964028411236
924,5,10,150,36,0.09005079912140002
925,5,10,150,36,0.039791360812020615
926,5,10,150,36,0.18690891198435525
927,5,10,150,36,0.10011247752362314
928,5,10,150,36,0.13417237347553398
929,5,10,150,36,0.0753982504991096
930,5,10,150,36,0.08891918634745387
931,5,10,150,36,0.06172672929455941
932,5,10,150,36,0.3209563773133602
933,5,10,150,36,0.07887032622373569
934,5,10,150,36,0.18160929236724083
935,5,10,150,36,0.0
936,5,10,150,36,0.13822899268166935
937,5,10,150,36,0.0750451914573381
938,5,10,150,36,0.10382027760504334
939,5,10,150,36,0.05231692143384187
940,5,10,150,36,0.12543141181555534
941,5,10,150,36,0.17060921827860473
942,5,10,150,36,0.08185225977663789
943,5,10,150,36,0.2644634224666473
1,5,10,150,37,0.4058715898896693
2,5,10,150,37,0.0
3,5,10,150,37,0.0
4,5,10,150,37,0.0
5,5,10,150,37,0.04470486007704452
6,5,10,150,37,0.04187254809446048
7,5,10,150,37,0.11193165951610298
8,5,10,150,37,0.0
9,5,10,150,37,0.0
10,5,10,150,37,0.27257112466292177
11,5,10,150,37,0.03947525607388688
12,5,10,150,37,0.0787978565107802
13,5,10,150,37,0.28439007938150584
14,5,10,150,37,0.18795160328752808
15,5,10,150,37,0.0
16,5,10,150,37,0.11062750966338458
17,5,10,150,37,0.0
18,5,10,150,37,0.17872418048185143
19,5,10,150,37,0.0
20,5,10,150,37,0.13743816645714543
21,5,10,150,37,0.1265754929129826
22,5,10,150,37,0.0
23,5,10,150,37,0.06541518452970234
24,5,10,150,37,0.05010834716923557
25,5,10,150,37,0.23940867474021393
26,5,10,150,37,0.0
27,5,10,150,37,0.0
28,5,10,150,37,0.0
30,5,10,150,37,0.08133484538841967
31,5,10,150,37,0.0
32,5,10,150,37,0.19519002499605084
33,5,10,150,37,0.0
34,5,10,150,37,0.0
35,5,10,150,37,0.0
37,5,10,150,37,0.08177471774917201
38,5,10,150,37,0.0
39,5,10,150,37,0.0
40,5,10,150,37,0.0
41,5,10,150,37,0.06835476917178976
42,5,10,150,37,0.08850778826764391
43,5,10,150,37,0.0
44,5,10,150,37,0.2672039079048423
45,5,10,150,37,0.0
46,5,10,150,37,0.0
47,5,10,150,37,0.0
48,5,10,150,37,0.0
49,5,10,150,37,0.033808395438916686
52,5,10,150,37,0.0
53,5,10,150,37,0.0
54,5,10,150,37,0.0
55,5,10,150,37,0.0
56,5,10,150,37,0.11781210270929884
57,5,10,150,37,0.1318392860374695
58,5,10,150,37,0.33144193348521184
59,5,10,150,37,0.19233148606048747
60,5,10,150,37,0.1076743759411119
61,5,10,150,37,0.0
62,5,10,150,37,0.09586820699422145
63,5,10,150,37,0.0
64,5,10,150,37,0.04759023790187059
65,5,10,150,37,0.2342550150352983
66,5,10,150,37,0.0
67,5,10,150,37,0.0
68,5,10,150,37,0.0
69,5,10,150,37,0.0
70,5,10,150,37,0.0
71,5,10,150,37,0.20758456043036028
72,5,10,150,37,0.10990826949013655
73,5,10,150,37,0.05276490902632437
74,5,10,150,37,0.0
75,5,10,150,37,0.0
76,5,10,150,37,0.10633668103022985
77,5,10,150,37,0.05154847002173459
78,5,10,150,37,0.0
79,5,10,150,37,0.0
80,5,10,150,37,0.0
81,5,10,150,37,0.0
82,5,10,150,37,0.0
83,5,10,150,37,0.07414861528507455
84,5,10,150,37,0.07550980911390262
85,5,10,150,37,0.04734112273659951
86,5,10,150,37,0.0
87,5,10,150,37,0.1102104590629334
88,5,10,150,37,0.0
89,5,10,150,37,0.0
90,5,10,150,37,0.11641023011265045
91,5,10,150,37,0.0
92,5,10,150,37,0.03369782041898502
93,5,10,150,37,0.0
94,5,10,150,37,0.10370221609124387
95,5,10,150,37,0.07849567312219397
96,5,10,150,37,0.0
97,5,10,150,37,0.0
98,5,10,150,37,0.0
99,5,10,150,37,0.09641171098317775
100,5,10,150,37,0.0
101,5,10,150,37,0.0
102,5,10,150,37,0.0
103,5,10,150,37,0.0
104,5,10,150,37,0.33958467175585033
105,5,10,150,37,0.0
106,5,10,150,37,0.06516188295518531
107,5,10,150,37,0.0
109,5,10,150,37,0.16563719724029594
110,5,10,150,37,0.0
111,5,10,150,37,0.0
112,5,10,150,37,0.07807600999842033
113,5,10,150,37,0.0
114,5,10,150,37,0.08274602130532002
115,5,10,150,37,0.04001677477281075
116,5,10,150,37,0.0
117,5,10,150,37,0.0
118,5,10,150,37,0.16958010263680806
119,5,10,150,37,0.0
120,5,10,150,37,0.0
121,5,10,150,37,0.13032376591037062
122,5,10,150,37,0.0
123,5,10,150,37,0.07303417492135322
124,5,10,150,37,0.0
125,5,10,150,37,0.05446333035917803
126,5,10,150,37,0.0
128,5,10,150,37,0.0
129,5,10,150,37,0.0
130,5,10,150,37,0.12848269861902195
131,5,10,150,37,0.0
132,5,10,150,37,0.0
133,5,10,150,37,0.0
134,5,10,150,37,0.0
135,5,10,150,37,0.0
136,5,10,150,37,0.0
137,5,10,150,37,0.0
138,5,10,150,37,0.0976168253917686
139,5,10,150,37,0.0
140,5,10,150,37,0.0
141,5,10,150,37,0.0
142,5,10,150,37,0.0
143,5,10,150,37,0.0
144,5,10,150,37,0.0
145,5,10,150,37,0.17597149971119974
146,5,10,150,37,0.0
147,5,10,150,37,0.0
148,5,10,150,37,0.0
149,5,10,150,37,0.0
150,5,10,150,37,0.2640681225725909
151,5,10,150,37,0.05276266950320283
152,5,10,150,37,0.0
153,5,10,150,37,0.0
154,5,10,150,37,0.0
155,5,10,150,37,0.0
156,5,10,150,37,0.0
157,5,10,150,37,0.0
158,5,10,150,37,0.08010006541788642
159,5,10,150,37,0.23138144801632507
160,5,10,150,37,0.1719271394881576
161,5,10,150,37,0.0
162,5,10,150,37,0.0
163,5,10,150,37,0.0
164,5,10,150,37,0.0
165,5,10,150,37,0.0
167,5,10,150,37,0.05319635904163211
168,5,10,150,37,0.0
169,5,10,150,37,0.0
170,5,10,150,37,0.0
171,5,10,150,37,0.0
173,5,10,150,37,0.0
174,5,10,150,37,0.0
175,5,10,150,37,0.21517910082405575
176,5,10,150,37,0.0
177,5,10,150,37,0.38113435412202
178,5,10,150,37,0.12597398707460816
179,5,10,150,37,0.09149012142095872
180,5,10,150,37,0.06228974831361337
181,5,10,150,37,0.07956605039330662
182,5,10,150,37,0.0
183,5,10,150,37,0.15101961822780524
184,5,10,150,37,0.0
185,5,10,150,37,0.0
186,5,10,150,37,0.0
187,5,10,150,37,0.0
188,5,10,150,37,0.12925733948536566
189,5,10,150,37,0.1622220746837199
190,5,10,150,37,0.0
192,5,10,150,37,0.123151194370365
193,5,10,150,37,0.0
194,5,10,150,37,0.0
195,5,10,150,37,0.11787667935667444
196,5,10,150,37,0.0
197,5,10,150,37,0.09546043308946733
198,5,10,150,37,0.0
199,5,10,150,37,0.0
200,5,10,150,37,0.09785159463516042
201,5,10,150,37,0.0
202,5,10,150,37,0.0
203,5,10,150,37,0.0
204,5,10,150,37,0.19519002499605084
205,5,10,150,37,0.0
206,5,10,150,37,0.0
207,5,10,150,37,0.0
208,5,10,150,37,0.0
209,5,10,150,37,0.0
210,5,10,150,37,0.2167516193508568
211,5,10,150,37,0.0
213,5,10,150,37,0.08445760625486516
214,5,10,150,37,0.0
216,5,10,150,37,0.23813231172447274
217,5,10,150,37,0.0
218,5,10,150,37,0.0
219,5,10,150,37,0.0
221,5,10,150,37,0.0
222,5,10,150,37,0.1050995674008573
223,5,10,150,37,0.0
224,5,10,150,37,0.0
225,5,10,150,37,0.09077089626867633
226,5,10,150,37,0.19092086617893467
227,5,10,150,37,0.0
228,5,10,150,37,0.0
229,5,10,150,37,0.0
230,5,10,150,37,0.08993480096570136
231,5,10,150,37,0.0
232,5,10,150,37,0.0
233,5,10,150,37,0.23172568042238212
234,5,10,150,37,0.0
235,5,10,150,37,0.0
236,5,10,150,37,0.0
237,5,10,150,37,0.19342640361727081
238,5,10,150,37,0.0
239,5,10,150,37,0.06912040963822193
240,5,10,150,37,0.12495636102304827
241,5,10,150,37,0.0
242,5,10,150,37,0.0
243,5,10,150,37,0.0
244,5,10,150,37,0.049712302565054066
245,5,10,150,37,0.0
246,5,10,150,37,0.0561326498270945
247,5,10,150,37,0.09472348220010487
248,5,10,150,37,0.09472348220010487
249,5,10,150,37,0.056720838976548935
250,5,10,150,37,0.0
251,5,10,150,37,0.13032376591037062
252,5,10,150,37,0.20184908658209985
253,5,10,150,37,0.0
254,5,10,150,37,0.08514311764162098
255,5,10,150,37,0.0
256,5,10,150,37,0.038925970325304815
257,5,10,150,37,0.07984133538066794
258,5,10,150,37,0.0
259,5,10,150,37,0.067856722420442
260,5,10,150,37,0.0
261,5,10,150,37,0.0
262,5,10,150,37,0.0
263,5,10,150,37,0.0956366800683804
264,5,10,150,37,0.0
265,5,10,150,37,0.0
266,5,10,150,37,0.0
267,5,10,150,37,0.17168372277322866
268,5,10,150,37,0.049712302565054066
269,5,10,150,37,0.052962244777770985
270,5,10,150,37,0.0
271,5,10,150,37,0.10406177364128634
272,5,10,150,37,0.08942172406547305
273,5,10,150,37,0.0
274,5,10,150,37,0.0
275,5,10,150,37,0.0
276,5,10,150,37,0.16444700986248248
277,5,10,150,37,0.0
278,5,10,150,37,0.0
279,5,10,150,37,0.1166094715516244
280,5,10,150,37,0.14324481060386993
281,5,10,150,37,0.0
282,5,10,150,37,0.0
283,5,10,150,37,0.0
284,5,10,150,37,0.0
285,5,10,150,37,0.0
286,5,10,150,37,0.05490370618855431
287,5,10,150,37,0.0
288,5,10,150,37,0.0
289,5,10,150,37,0.0
290,5,10,150,37,0.07834851647149511
291,5,10,150,37,0.07828167840727236
292,5,10,150,37,0.04224853374256244
293,5,10,150,37,0.062192625389540866
294,5,10,150,37,0.0
295,5,10,150,37,0.2161546962063938
296,5,10,150,37,0.07879213539011483
297,5,10,150,37,0.0
298,5,10,150,37,0.061080020762274374
299,5,10,150,37,0.0
300,5,10,150,37,0.0
301,5,10,150,37,0.06460801587741544
302,5,10,150,37,0.09224219235917257
303,5,10,150,37,0.05951324325398288
304,5,10,150,37,0.0
305,5,10,150,37,0.11349000778741654
306,5,10,150,37,0.0
307,5,10,150,37,0.10778915452451093
308,5,10,150,37,0.13490077762666258
310,5,10,150,37,0.0
311,5,10,150,37,0.13301422444853
312,5,10,150,37,0.08520401710471519
313,5,10,150,37,0.11270402374049442
314,5,10,150,37,0.16600564593053876
315,5,10,150,37,0.0
316,5,10,150,37,0.0
317,5,10,150,37,0.0
318,5,10,150,37,0.10567847230623394
319,5,10,150,37,0.0
320,5,10,150,37,0.13927874459665815
321,5,10,150,37,0.0
322,5,10,150,37,0.0
323,5,10,150,37,0.1610425878239398
324,5,10,150,37,0.0
325,5,10,150,37,0.09092803061897883
326,5,10,150,37,0.027288805847552652
327,5,10,150,37,0.025410386140327024
328,5,10,150,37,0.09206364236149692
329,5,10,150,37,0.0
330,5,10,150,37,0.07197991643202278
331,5,10,150,37,0.0
332,5,10,150,37,0.09320485889859448
334,5,10,150,37,0.0
335,5,10,150,37,0.0
336,5,10,150,37,0.049712302565054066
337,5,10,150,37,0.0
338,5,10,150,37,0.07132875491150918
339,5,10,150,37,0.1430641274918087
340,5,10,150,37,0.0
341,5,10,150,37,0.0
342,5,10,150,37,0.31341134215401556
343,5,10,150,37,0.09229649639444802
344,5,10,150,37,0.1202034973803211
345,5,10,150,37,0.1536414362770729
346,5,10,150,37,0.04366879852493834
347,5,10,150,37,0.1969404851249289
348,5,10,150,37,0.0
349,5,10,150,37,0.0
350,5,10,150,37,0.058087171966128066
351,5,10,150,37,0.0
352,5,10,150,37,0.1903601622684853
353,5,10,150,37,0.14434031438272124
354,5,10,150,37,0.06335619058732639
355,5,10,150,37,0.0
356,5,10,150,37,0.0
357,5,10,150,37,0.0
358,5,10,150,37,0.06364028872631156
359,5,10,150,37,0.3010299956639812
360,5,10,150,37,0.07256783117062009
361,5,10,150,37,0.09478836436955078
362,5,10,150,37,0.0
363,5,10,150,37,0.22463865489880525
364,5,10,150,37,0.0
365,5,10,150,37,0.0
366,5,10,150,37,0.0
367,5,10,150,37,0.0
368,5,10,150,37,0.0
369,5,10,150,37,0.0
370,5,10,150,37,0.0
371,5,10,150,37,0.07984133538066794
372,5,10,150,37,0.15130120674940672
373,5,10,150,37,0.22842722979011518
374,5,10,150,37,0.07472550252128253
375,5,10,150,37,0.0
376,5,10,150,37,0.0
377,5,10,150,37,0.0
378,5,10,150,37,0.12244996424166248
379,5,10,150,37,0.04401835325961603
380,5,10,150,37,0.0
381,5,10,150,37,0.0
382,5,10,150,37,0.05261577455142312
383,5,10,150,37,0.0
384,5,10,150,37,0.0
385,5,10,150,37,0.0
386,5,10,150,37,0.0
387,5,10,150,37,0.08586571489348302
388,5,10,150,37,0.0
389,5,10,150,37,0.05419019214782325
390,5,10,150,37,0.0
391,5,10,150,37,0.11245246430543061
392,5,10,150,37,0.11004588314904008
393,5,10,150,37,0.16333907104108283
394,5,10,150,37,0.16570616085215287
395,5,10,150,37,0.0
396,5,10,150,37,0.0
397,5,10,150,37,0.11004588314904008
398,5,10,150,37,0.21225568458158228
399,5,10,150,37,0.026175882249243814
400,5,10,150,37,0.0
401,5,10,150,37,0.02839245759615368
402,5,10,150,37,0.0
403,5,10,150,37,0.2529427027676571
404,5,10,150,37,0.0
405,5,10,150,37,0.04776914580378709
406,5,10,150,37,0.07578775033245357
407,5,10,150,37,0.07081727565973653
408,5,10,150,37,0.09983719697789138
409,5,10,150,37,0.0334374913847135
410,5,10,150,37,0.0
411,5,10,150,37,0.17342765698823945
412,5,10,150,37,0.0
413,5,10,150,37,0.0
414,5,10,150,37,0.21398626473452756
415,5,10,150,37,0.0
416,5,10,150,37,0.128087772635553
417,5,10,150,37,0.0895852844335066
419,5,10,150,37,0.30260241349881345
420,5,10,150,37,0.0
421,5,10,150,37,0.0
422,5,10,150,37,0.0
423,5,10,150,37,0.08440880858250024
424,5,10,150,37,0.0
425,5,10,150,37,0.2082843711703412
426,5,10,150,37,0.13571943816109763
427,5,10,150,37,0.0
428,5,10,150,37,0.0
429,5,10,150,37,0.1714463514830334
430,5,10,150,37,0.1261446714466394
431,5,10,150,37,0.0
432,5,10,150,37,0.0
433,5,10,150,37,0.0
434,5,10,150,37,0.3903800499921017
435,5,10,150,37,0.11364710037478551
436,5,10,150,37,0.06490403551612171
437,5,10,150,37,0.22972973128433707
438,5,10,150,37,0.0
439,5,10,150,37,0.0
440,5,10,150,37,0.0
441,5,10,150,37,0.0
442,5,10,150,37,0.0
443,5,10,150,37,0.0
445,5,10,150,37,0.0
446,5,10,150,37,0.0
447,5,10,150,37,0.24290422668756767
448,5,10,150,37,0.0
449,5,10,150,37,0.04403205443910179
450,5,10,150,37,0.23702300280694977
451,5,10,150,37,0.0
452,5,10,150,37,0.07830573469972951
453,5,10,150,37,0.029956785715628154
454,5,10,150,37,0.0
455,5,10,150,37,0.0
456,5,10,150,37,0.07758828619721583
457,5,10,150,37,0.27419126308067887
458,5,10,150,37,0.02284220670606328
459,5,10,150,37,0.0
460,5,10,150,37,0.0
461,5,10,150,37,0.0
462,5,10,150,37,0.0
463,5,10,150,37,0.0
464,5,10,150,37,0.0
465,5,10,150,37,0.0
466,5,10,150,37,0.03947525607388688
467,5,10,150,37,0.0
468,5,10,150,37,0.25116683884278784
469,5,10,150,37,0.0
470,5,10,150,37,0.0
471,5,10,150,37,0.0
472,5,10,150,37,0.07331123581612
473,5,10,150,37,0.08754031530847717
474,5,10,150,37,0.28344067059171446
475,5,10,150,37,0.06516188295518531
476,5,10,150,37,0.0
477,5,10,150,37,0.0
478,5,10,150,37,0.23782833255689273
479,5,10,150,37,0.07834096783470737
480,5,10,150,37,0.21398626473452756
481,5,10,150,37,0.13863671367752411
482,5,10,150,37,0.0
483,5,10,150,37,0.06912040963822193
484,5,10,150,37,0.09353062527112192
485,5,10,150,37,0.0
486,5,10,150,37,0.09241856236997889
487,5,10,150,37,0.1698630616162589
488,5,10,150,37,0.0
489,5,10,150,37,0.0
490,5,10,150,37,0.0
491,5,10,150,37,0.19092086617893467
492,5,10,150,37,0.12471554514794539
493,5,10,150,37,0.0
494,5,10,150,37,0.0
495,5,10,150,37,0.10048896362940396
496,5,10,150,37,0.05459112561892713
497,5,10,150,37,0.0
498,5,10,150,37,0.03855307727568851
499,5,10,150,37,0.1912282106369008
500,5,10,150,37,0.03148908318001809
501,5,10,150,37,0.0
502,5,10,150,37,0.06364028872631156
503,5,10,150,37,0.14184577198353127
504,5,10,150,37,0.0
505,5,10,150,37,0.0
506,5,10,150,37,0.10589517949214913
507,5,10,150,37,0.0
508,5,10,150,37,0.0
509,5,10,150,37,0.06474271459046577
510,5,10,150,37,0.0
511,5,10,150,37,0.0
512,5,10,150,37,0.0
513,5,10,150,37,0.0
514,5,10,150,37,0.10595566933616397
515,5,10,150,37,0.0
516,5,10,150,37,0.0
517,5,10,150,37,0.042259191411409554
518,5,10,150,37,0.0
519,5,10,150,37,0.0
520,5,10,150,37,0.0
521,5,10,150,37,0.0
522,5,10,150,37,0.0
523,5,10,150,37,0.0316088333445714
524,5,10,150,37,0.09791266234274482
525,5,10,150,37,0.0
526,5,10,150,37,0.0
527,5,10,150,37,0.12265062558661
528,5,10,150,37,0.09974579701530793
529,5,10,150,37,0.0
530,5,10,150,37,0.0
531,5,10,150,37,0.0
532,5,10,150,37,0.0
533,5,10,150,37,0.1385841255290665
534,5,10,150,37,0.04084531701587904
535,5,10,150,37,0.2480364980623702
536,5,10,150,37,0.23620378562439379
537,5,10,150,37,0.32063991476273135
538,5,10,150,37,0.0
539,5,10,150,37,0.11414433776026256
540,5,10,150,37,0.0
541,5,10,150,37,0.12534926568386062
542,5,10,150,37,0.12627825946936164
543,5,10,150,37,0.0
544,5,10,150,37,0.0
545,5,10,150,37,0.052962244777770985
546,5,10,150,37,0.11781210270929884
547,5,10,150,37,0.0
548,5,10,150,37,0.018860808443248393
549,5,10,150,37,0.0
550,5,10,150,37,0.0
551,5,10,150,37,0.2940986147660666
552,5,10,150,37,0.0
553,5,10,150,37,0.16102243342487008
554,5,10,150,37,0.16600564593053876
555,5,10,150,37,0.0
556,5,10,150,37,0.08876245163110816
557,5,10,150,37,0.0
558,5,10,150,37,0.0
559,5,10,150,37,0.0734773909038217
560,5,10,150,37,0.19335859474678904
561,5,10,150,37,0.0
562,5,10,150,37,0.034743705427429224
563,5,10,150,37,0.0
564,5,10,150,37,0.0
565,5,10,150,37,0.10523285614729473
566,5,10,150,37,0.13665387068436016
567,5,10,150,37,0.13463074517970205
568,5,10,150,37,0.0
569,5,10,150,37,0.0
570,5,10,150,37,0.0
571,5,10,150,37,0.0
572,5,10,150,37,0.058995070558427745
573,5,10,150,37,0.0
574,5,10,150,37,0.04185567464896701
575,5,10,150,37,0.0
576,5,10,150,37,0.17342765698823945
577,5,10,150,37,0.19270498353831825
578,5,10,150,37,0.0
579,5,10,150,37,0.0
580,5,10,150,37,0.10209739512291163
581,5,10,150,37,0.0
582,5,10,150,37,0.0
583,5,10,150,37,0.0
584,5,10,150,37,0.0
585,5,10,150,37,0.0
586,5,10,150,37,0.07482758161941112
587,5,10,150,37,0.0
588,5,10,150,37,0.2219993511067344
589,5,10,150,37,0.0
590,5,10,150,37,0.18511573258657482
591,5,10,150,37,0.15758427078022966
592,5,10,150,37,0.2341547601569774
593,5,10,150,37,0.11609090932056745
594,5,10,150,37,0.0843142342558857
595,5,10,150,37,0.0
596,5,10,150,37,0.0
597,5,10,150,37,0.0
598,5,10,150,37,0.11752277470724268
599,5,10,150,37,0.084510355752413
600,5,10,150,37,0.0
601,5,10,150,37,0.026557570376145638
602,5,10,150,37,0.0
603,5,10,150,37,0.06194403202282284
604,5,10,150,37,0.0
605,5,10,150,37,0.07677414822537214
606,5,10,150,37,0.23319128018362953
607,5,10,150,37,0.0
608,5,10,150,37,0.126140293880171
609,5,10,150,37,0.11838279295536291
610,5,10,150,37,0.0
611,5,10,150,37,0.03927158715985786
612,5,10,150,37,0.0
613,5,10,150,37,0.15130120674940672
614,5,10,150,37,0.13886244387355454
615,5,10,150,37,0.022974664140439565
616,5,10,150,37,0.09781579202094404
617,5,10,150,37,0.03804989622115975
618,5,10,150,37,0.15618737222234225
619,5,10,150,37,0.1303945739341477
620,5,10,150,37,0.0899862452721681
621,5,10,150,37,0.11794864472265719
622,5,10,150,37,0.13916423815887344
623,5,10,150,37,0.050143326786652107
624,5,10,150,37,0.0
625,5,10,150,37,0.0
626,5,10,150,37,0.0
627,5,10,150,37,0.02745864825685576
628,5,10,150,37,0.0
629,5,10,150,37,0.11794421963488726
630,5,10,150,37,0.09942460513010813
631,5,10,150,37,0.0
632,5,10,150,37,0.2802309837406785
633,5,10,150,37,0.0455520698635181
634,5,10,150,37,0.023756977677906275
635,5,10,150,37,0.0
636,5,10,150,37,0.0
637,5,10,150,37,0.0
638,5,10,150,37,0.15473934503245962
639,5,10,150,37,0.0
640,5,10,150,37,0.0637867864178444
641,5,10,150,37,0.0
642,5,10,150,37,0.08495377068443967
643,5,10,150,37,0.1623182824589386
644,5,10,150,37,0.0
645,5,10,150,37,0.1673424068709125
646,5,10,150,37,0.0
647,5,10,150,37,0.03673869545191085
648,5,10,150,37,0.07481343489753838
649,5,10,150,37,0.0
650,5,10,150,37,0.01867164811791742
651,5,10,150,37,0.0
652,5,10,150,37,0.0
653,5,10,150,37,0.05429185597423662
654,5,10,150,37,0.1521155994897412
655,5,10,150,37,0.26380196650025284
656,5,10,150,37,0.0
657,5,10,150,37,0.053845569940583225
658,5,10,150,37,0.0
659,5,10,150,37,0.043694943459806
660,5,10,150,37,0.0
661,5,10,150,37,0.0860496199597963
662,5,10,150,37,0.0
663,5,10,150,37,0.08981415107512906
664,5,10,150,37,0.05774688682061942
665,5,10,150,37,0.0
666,5,10,150,37,0.09499131598480672
667,5,10,150,37,0.23495437216186538
668,5,10,150,37,0.0
669,5,10,150,37,0.2125308578794234
670,5,10,150,37,0.15539533467551025
671,5,10,150,37,0.1365730096264688
672,5,10,150,37,0.0
673,5,10,150,37,0.0
674,5,10,150,37,0.0
675,5,10,150,37,0.05010834716923557
676,5,10,150,37,0.0
677,5,10,150,37,0.03927489746221688
678,5,10,150,37,0.0
679,5,10,150,37,0.24230773930955837
680,5,10,150,37,0.2073612289146658
681,5,10,150,37,0.0
682,5,10,150,37,0.1354415940921875
683,5,10,150,37,0.03719976603506465
684,5,10,150,37,0.0
685,5,10,150,37,0.0
686,5,10,150,37,0.08962483220812449
687,5,10,150,37,0.0
688,5,10,150,37,0.0
689,5,10,150,37,0.27487633291429087
690,5,10,150,37,0.0
691,5,10,150,37,0.0
692,5,10,150,37,0.0
693,5,10,150,37,0.0
694,5,10,150,37,0.1500604346939239
695,5,10,150,37,0.0
696,5,10,150,37,0.06723507268634088
697,5,10,150,37,0.04505069314087506
698,5,10,150,37,0.09499131598480672
699,5,10,150,37,0.0
700,5,10,150,37,0.16958010263680806
701,5,10,150,37,0.04129602134854855
702,5,10,150,37,0.0
703,5,10,150,37,0.0
704,5,10,150,37,0.03898594405226045
705,5,10,150,37,0.10665392793551529
706,5,10,150,37,0.0
707,5,10,150,37,0.1144641446501056
708,5,10,150,37,0.04185109258092126
709,5,10,150,37,0.1111006272193963
710,5,10,150,37,0.05710411178654767
711,5,10,150,37,0.17938856594168137
712,5,10,150,37,0.08872774495482992
713,5,10,150,37,0.0
714,5,10,150,37,0.04195229264874745
715,5,10,150,37,0.09376943705235986
716,5,10,150,37,0.21414571859283488
717,5,10,150,37,0.1671511698578214
718,5,10,150,37,0.0
719,5,10,150,37,0.11614257564286637
720,5,10,150,37,0.05261577455142312
721,5,10,150,37,0.11382238146802627
722,5,10,150,37,0.0
723,5,10,150,37,0.0
724,5,10,150,37,0.0
725,5,10,150,37,0.05750402108673013
726,5,10,150,37,0.2529427027676571
727,5,10,150,37,0.1283992448734803
728,5,10,150,37,0.0
729,5,10,150,37,0.0
730,5,10,150,37,0.0
731,5,10,150,37,0.0
732,5,10,150,37,0.0
733,5,10,150,37,0.0
734,5,10,150,37,0.0655813061736612
735,5,10,150,37,0.0
736,5,10,150,37,0.0
737,5,10,150,37,0.16282663249631943
738,5,10,150,37,0.2656921570533816
739,5,10,150,37,0.0
740,5,10,150,37,0.0
741,5,10,150,37,0.10965210684801945
742,5,10,150,37,0.0
743,5,10,150,37,0.04224853374256244
744,5,10,150,37,0.0
745,5,10,150,37,0.33763622740733124
746,5,10,150,37,0.11450296808588954
747,5,10,150,37,0.36645187448894834
748,5,10,150,37,0.1981236756884279
749,5,10,150,37,0.15372192225108777
750,5,10,150,37,0.07219614103266732
751,5,10,150,37,0.06744277245600767
752,5,10,150,37,0.0
753,5,10,150,37,0.15406810205846871
754,5,10,150,37,0.0
755,5,10,150,37,0.0
756,5,10,150,37,0.020999229568993548
757,5,10,150,37,0.0
758,5,10,150,37,0.14849726292004867
759,5,10,150,37,0.038281751104512325
760,5,10,150,37,0.11447590313611888
761,5,10,150,37,0.03339755935325358
762,5,10,150,37,0.0647083388415595
763,5,10,150,37,0.2343258198149879
764,5,10,150,37,0.08207588022692468
765,5,10,150,37,0.0
766,5,10,150,37,0.06855269613475641
767,5,10,150,37,0.2073612289146658
768,5,10,150,37,0.07655078846581868
769,5,10,150,37,0.0
770,5,10,150,37,0.0
771,5,10,150,37,0.10700326704282045
772,5,10,150,37,0.03353522641880846
773,5,10,150,37,0.11171218037551112
774,5,10,150,37,0.042927912498204955
775,5,10,150,37,0.0
776,5,10,150,37,0.09442400392664263
777,5,10,150,37,0.11096808148688479
778,5,10,150,37,0.0
779,5,10,150,37,0.05878132199396477
780,5,10,150,37,0.04759023790187059
781,5,10,150,37,0.21898681539091044
782,5,10,150,37,0.018234411428182194
783,5,10,150,37,0.0
784,5,10,150,37,0.0
785,5,10,150,37,0.048159222084064895
786,5,10,150,37,0.1408633284547853
787,5,10,150,37,0.0683037314796457
788,5,10,150,37,0.2548240220056533
789,5,10,150,37,0.059109628562248356
790,5,10,150,37,0.09546513619947614
791,5,10,150,37,0.0
792,5,10,150,37,0.0
793,5,10,150,37,0.0
794,5,10,150,37,0.1678954833056024
795,5,10,150,37,0.14021525540988397
796,5,10,150,37,0.3986317370222273
797,5,10,150,37,0.09030583455080088
798,5,10,150,37,0.10659726450282889
799,5,10,150,37,0.0
800,5,10,150,37,0.0
801,5,10,150,37,0.0
802,5,10,150,37,0.030863419558816
803,5,10,150,37,0.0
804,5,10,150,37,0.17999117943098317
805,5,10,150,37,0.15721345097353484
806,5,10,150,37,0.1693153645487151
807,5,10,150,37,0.21663609244745935
808,5,10,150,37,0.0
809,5,10,150,37,0.0
810,5,10,150,37,0.0
811,5,10,150,37,0.0
812,5,10,150,37,0.0
813,5,10,150,37,0.17367331957930765
814,5,10,150,37,0.09144287629100999
815,5,10,150,37,0.31972803184303084
816,5,10,150,37,0.08005612702969578
817,5,10,150,37,0.0
818,5,10,150,37,0.0
819,5,10,150,37,0.0458402539699961
820,5,10,150,37,0.0
821,5,10,150,37,0.10332444476421325
822,5,10,150,37,0.0
823,5,10,150,37,0.33321441245500133
824,5,10,150,37,0.0
825,5,10,150,37,0.05498206867980806
826,5,10,150,37,0.07595824708865191
827,5,10,150,37,0.0
828,5,10,150,37,0.06136579952279796
829,5,10,150,37,0.10951828933634093
830,5,10,150,37,0.08291691656156171
831,5,10,150,37,0.14187597933082008
832,5,10,150,37,0.0
833,5,10,150,37,0.21027368873606084
834,5,10,150,37,0.0
835,5,10,150,37,0.04555937768603862
836,5,10,150,37,0.05823597777878099
837,5,10,150,37,0.0
838,5,10,150,37,0.10893638355460449
839,5,10,150,37,0.03322541746578526
840,5,10,150,37,0.4045514287727929
841,5,10,150,37,0.0
842,5,10,150,37,0.03314153504336938
843,5,10,150,37,0.14890499921067907
844,5,10,150,37,0.14767302746812566
845,5,10,150,37,0.0
846,5,10,150,37,0.2750002150711785
847,5,10,150,37,0.0
848,5,10,150,37,0.06356185521811385
849,5,10,150,37,0.04224853374256244
850,5,10,150,37,0.09225204404556843
851,5,10,150,37,0.31553767934453286
852,5,10,150,37,0.0
853,5,10,150,37,0.0
854,5,10,150,37,0.2231408488286945
855,5,10,150,37,0.0
856,5,10,150,37,0.0
857,5,10,150,37,0.0
858,5,10,150,37,0.0
859,5,10,150,37,0.0
860,5,10,150,37,0.0
861,5,10,150,37,0.09836355940276224
862,5,10,150,37,0.21247789988187224
863,5,10,150,37,0.0
864,5,10,150,37,0.34253832767462566
865,5,10,150,37,0.0
866,5,10,150,37,0.12374681498530773
867,5,10,150,37,0.26398123394564266
868,5,10,150,37,0.1802505784897339
869,5,10,150,37,0.030718920234936747
870,5,10,150,37,0.16228503315470202
871,5,10,150,37,0.15837141045248568
872,5,10,150,37,0.0
873,5,10,150,37,0.0
874,5,10,150,37,0.06575393297476358
875,5,10,150,37,0.219440116160229
876,5,10,150,37,0.0
877,5,10,150,37,0.03674765725162587
878,5,10,150,37,0.06467487031145
879,5,10,150,37,0.04258528250242427
880,5,10,150,37,0.4260730918874824
881,5,10,150,37,0.3969181604224131
882,5,10,150,37,0.2718688765966105
883,5,10,150,37,0.34332956379543494
884,5,10,150,37,0.028767091820622218
885,5,10,150,37,0.12875496978274625
886,5,10,150,37,0.24603759045288295
887,5,10,150,37,0.1420195663484348
888,5,10,150,37,0.0
889,5,10,150,37,0.34588021455015455
890,5,10,150,37,0.3617499897858731
891,5,10,150,37,0.0
892,5,10,150,37,0.41874890600895137
893,5,10,150,37,0.05014695371369417
894,5,10,150,37,0.29858957056323326
895,5,10,150,37,0.0
896,5,10,150,37,0.4526794849712111
897,5,10,150,37,0.14716403806118725
898,5,10,150,37,0.0
899,5,10,150,37,0.24319911456672796
900,5,10,150,37,0.04588516391390306
901,5,10,150,37,0.28072694307822216
902,5,10,150,37,0.025255271126572616
903,5,10,150,37,0.43273859552659544
904,5,10,150,37,0.0
905,5,10,150,37,0.08773956418811966
906,5,10,150,37,0.0
907,5,10,150,37,0.17816384052273596
908,5,10,150,37,0.16382938128975655
909,5,10,150,37,0.0
910,5,10,150,37,0.14365199871959813
911,5,10,150,37,0.06512481204082125
912,5,10,150,37,0.07877990502228673
913,5,10,150,37,0.21076305988323119
914,5,10,150,37,0.0
915,5,10,150,37,0.0
916,5,10,150,37,0.2923798857692827
917,5,10,150,37,0.0
918,5,10,150,37,0.01810072942918286
919,5,10,150,37,0.18772837411610357
920,5,10,150,37,0.26814570941777965
921,5,10,150,37,0.03674765725162587
922,5,10,150,37,0.14635694521687942
923,5,10,150,37,0.04695242399967857
924,5,10,150,37,0.08842081397162187
925,5,10,150,37,0.039791360812020615
926,5,10,150,37,0.18690891198435525
927,5,10,150,37,0.09830036865548289
928,5,10,150,37,0.1589074847551229
929,5,10,150,37,0.0753982504991096
930,5,10,150,37,0.08730968421431552
931,5,10,150,37,0.06060943046905018
932,5,10,150,37,0.3151468327690404
933,5,10,150,37,0.07744271578876846
934,5,10,150,37,0.17832203170427605
935,5,10,150,37,0.0
936,5,10,150,37,0.13572694708586996
937,5,10,150,37,0.0750451914573381
938,5,10,150,37,0.1019410548508518
939,5,10,150,37,0.05231692143384187
940,5,10,150,37,0.12316101176836157
941,5,10,150,37,0.17060921827860473
942,5,10,150,37,0.0803706741692538
943,5,10,150,37,0.2596764416126628
1,5,10,150,38,0.4058715898896693
2,5,10,150,38,0.0
3,5,10,150,38,0.0
4,5,10,150,38,0.0
5,5,10,150,38,0.04470486007704452
6,5,10,150,38,0.04187254809446048
7,5,10,150,38,0.13649139322359485
8,5,10,150,38,0.0
9,5,10,150,38,0.0
10,5,10,150,38,0.27257112466292177
11,5,10,150,38,0.03947525607388688
12,5,10,150,38,0.0787978565107802
13,5,10,150,38,0.2793691477863524
14,5,10,150,38,0.18795160328752808
15,5,10,150,38,0.0
16,5,10,150,38,0.11062750966338458
17,5,10,150,38,0.0
18,5,10,150,38,0.17872418048185143
19,5,10,150,38,0.0
20,5,10,150,38,0.13743816645714543
21,5,10,150,38,0.1265754929129826
22,5,10,150,38,0.0
23,5,10,150,38,0.06541518452970234
24,5,10,150,38,0.05010834716923557
25,5,10,150,38,0.23940867474021393
26,5,10,150,38,0.0
27,5,10,150,38,0.0
28,5,10,150,38,0.0
30,5,10,150,38,0.08133484538841967
31,5,10,150,38,0.0
32,5,10,150,38,0.19519002499605084
33,5,10,150,38,0.0
34,5,10,150,38,0.0
35,5,10,150,38,0.0
37,5,10,150,38,0.08177471774917201
38,5,10,150,38,0.0
39,5,10,150,38,0.0
40,5,10,150,38,0.0
41,5,10,150,38,0.06835476917178976
42,5,10,150,38,0.08850778826764391
43,5,10,150,38,0.0
44,5,10,150,38,0.2672039079048423
45,5,10,150,38,0.0
46,5,10,150,38,0.0
47,5,10,150,38,0.0
48,5,10,150,38,0.0
49,5,10,150,38,0.033808395438916686
52,5,10,150,38,0.0
53,5,10,150,38,0.0
54,5,10,150,38,0.0
55,5,10,150,38,0.0
56,5,10,150,38,0.11781210270929884
57,5,10,150,38,0.1318392860374695
58,5,10,150,38,0.33144193348521184
59,5,10,150,38,0.19233148606048747
60,5,10,150,38,0.1076743759411119
61,5,10,150,38,0.0
62,5,10,150,38,0.09586820699422145
63,5,10,150,38,0.0
64,5,10,150,38,0.04759023790187059
65,5,10,150,38,0.2342550150352983
66,5,10,150,38,0.0
67,5,10,150,38,0.0
68,5,10,150,38,0.0
69,5,10,150,38,0.0
70,5,10,150,38,0.0
71,5,10,150,38,0.20758456043036028
72,5,10,150,38,0.10990826949013655
73,5,10,150,38,0.05276490902632437
74,5,10,150,38,0.0
75,5,10,150,38,0.0
76,5,10,150,38,0.10633668103022985
77,5,10,150,38,0.05154847002173459
78,5,10,150,38,0.0
79,5,10,150,38,0.0
80,5,10,150,38,0.0
81,5,10,150,38,0.08878770367712427
82,5,10,150,38,0.0
83,5,10,150,38,0.07414861528507455
84,5,10,150,38,0.07550980911390262
85,5,10,150,38,0.04734112273659951
86,5,10,150,38,0.0
87,5,10,150,38,0.1102104590629334
88,5,10,150,38,0.18920035951687003
89,5,10,150,38,0.0
90,5,10,150,38,0.11641023011265045
91,5,10,150,38,0.0
92,5,10,150,38,0.03369782041898502
93,5,10,150,38,0.0
94,5,10,150,38,0.10370221609124387
95,5,10,150,38,0.07849567312219397
96,5,10,150,38,0.0
97,5,10,150,38,0.0
98,5,10,150,38,0.0
99,5,10,150,38,0.09641171098317775
100,5,10,150,38,0.0
101,5,10,150,38,0.0
102,5,10,150,38,0.0
103,5,10,150,38,0.0
104,5,10,150,38,0.33958467175585033
105,5,10,150,38,0.0
106,5,10,150,38,0.06516188295518531
107,5,10,150,38,0.0
109,5,10,150,38,0.16563719724029594
110,5,10,150,38,0.0
111,5,10,150,38,0.0
112,5,10,150,38,0.07807600999842033
113,5,10,150,38,0.0
114,5,10,150,38,0.08274602130532002
115,5,10,150,38,0.04001677477281075
116,5,10,150,38,0.0
117,5,10,150,38,0.0
118,5,10,150,38,0.16958010263680806
119,5,10,150,38,0.0
120,5,10,150,38,0.0
121,5,10,150,38,0.13032376591037062
122,5,10,150,38,0.0
123,5,10,150,38,0.13720340769293682
124,5,10,150,38,0.0
125,5,10,150,38,0.05446333035917803
126,5,10,150,38,0.0
128,5,10,150,38,0.0
129,5,10,150,38,0.0
130,5,10,150,38,0.15174952279352721
131,5,10,150,38,0.0
132,5,10,150,38,0.0
133,5,10,150,38,0.0
134,5,10,150,38,0.0
135,5,10,150,38,0.0
136,5,10,150,38,0.0
137,5,10,150,38,0.0
138,5,10,150,38,0.0976168253917686
139,5,10,150,38,0.0
140,5,10,150,38,0.0
141,5,10,150,38,0.0
142,5,10,150,38,0.0
143,5,10,150,38,0.0
144,5,10,150,38,0.0
145,5,10,150,38,0.17597149971119974
146,5,10,150,38,0.0
147,5,10,150,38,0.0
148,5,10,150,38,0.0
149,5,10,150,38,0.0
150,5,10,150,38,0.2640681225725909
151,5,10,150,38,0.07803799044968916
152,5,10,150,38,0.0
153,5,10,150,38,0.0
154,5,10,150,38,0.06416923277158361
155,5,10,150,38,0.0
156,5,10,150,38,0.0
157,5,10,150,38,0.0
158,5,10,150,38,0.08010006541788642
159,5,10,150,38,0.23138144801632507
160,5,10,150,38,0.1719271394881576
161,5,10,150,38,0.0
162,5,10,150,38,0.0
163,5,10,150,38,0.0
164,5,10,150,38,0.0
165,5,10,150,38,0.0
167,5,10,150,38,0.05319635904163211
168,5,10,150,38,0.0
169,5,10,150,38,0.0
170,5,10,150,38,0.0
171,5,10,150,38,0.0
173,5,10,150,38,0.0
174,5,10,150,38,0.0
175,5,10,150,38,0.21517910082405575
176,5,10,150,38,0.0
177,5,10,150,38,0.38113435412202
178,5,10,150,38,0.12597398707460816
179,5,10,150,38,0.09149012142095872
180,5,10,150,38,0.06228974831361337
181,5,10,150,38,0.07956605039330662
182,5,10,150,38,0.0
183,5,10,150,38,0.15101961822780524
184,5,10,150,38,0.0
185,5,10,150,38,0.0
186,5,10,150,38,0.0
187,5,10,150,38,0.0
188,5,10,150,38,0.12925733948536566
189,5,10,150,38,0.1622220746837199
190,5,10,150,38,0.0
192,5,10,150,38,0.123151194370365
193,5,10,150,38,0.0
194,5,10,150,38,0.0
195,5,10,150,38,0.11787667935667444
196,5,10,150,38,0.0
197,5,10,150,38,0.09546043308946733
198,5,10,150,38,0.0
199,5,10,150,38,0.0
200,5,10,150,38,0.09785159463516042
201,5,10,150,38,0.0
202,5,10,150,38,0.0
203,5,10,150,38,0.0
204,5,10,150,38,0.19519002499605084
205,5,10,150,38,0.0
206,5,10,150,38,0.0
207,5,10,150,38,0.0
208,5,10,150,38,0.0
209,5,10,150,38,0.0
210,5,10,150,38,0.2167516193508568
211,5,10,150,38,0.0
213,5,10,150,38,0.08445760625486516
214,5,10,150,38,0.0
216,5,10,150,38,0.23813231172447274
217,5,10,150,38,0.0
218,5,10,150,38,0.0
219,5,10,150,38,0.0
221,5,10,150,38,0.0
222,5,10,150,38,0.1050995674008573
223,5,10,150,38,0.0
224,5,10,150,38,0.0
225,5,10,150,38,0.09077089626867633
226,5,10,150,38,0.19092086617893467
227,5,10,150,38,0.0
228,5,10,150,38,0.0
229,5,10,150,38,0.0
230,5,10,150,38,0.08993480096570136
231,5,10,150,38,0.0
232,5,10,150,38,0.0
233,5,10,150,38,0.23172568042238212
234,5,10,150,38,0.0
235,5,10,150,38,0.0
236,5,10,150,38,0.0
237,5,10,150,38,0.19342640361727081
238,5,10,150,38,0.0
239,5,10,150,38,0.06912040963822193
240,5,10,150,38,0.12495636102304827
241,5,10,150,38,0.0
242,5,10,150,38,0.0
243,5,10,150,38,0.0
244,5,10,150,38,0.049712302565054066
245,5,10,150,38,0.0
246,5,10,150,38,0.0561326498270945
247,5,10,150,38,0.09472348220010487
248,5,10,150,38,0.09472348220010487
249,5,10,150,38,0.056720838976548935
250,5,10,150,38,0.0
251,5,10,150,38,0.13032376591037062
252,5,10,150,38,0.20184908658209985
253,5,10,150,38,0.05725248542464807
254,5,10,150,38,0.08514311764162098
255,5,10,150,38,0.0
256,5,10,150,38,0.038925970325304815
257,5,10,150,38,0.07984133538066794
258,5,10,150,38,0.0
259,5,10,150,38,0.067856722420442
260,5,10,150,38,0.0
261,5,10,150,38,0.0
262,5,10,150,38,0.0
263,5,10,150,38,0.0956366800683804
264,5,10,150,38,0.0
265,5,10,150,38,0.0
266,5,10,150,38,0.0
267,5,10,150,38,0.17168372277322866
268,5,10,150,38,0.049712302565054066
269,5,10,150,38,0.052962244777770985
270,5,10,150,38,0.041641441310299704
271,5,10,150,38,0.13010624216828925
272,5,10,150,38,0.08942172406547305
273,5,10,150,38,0.0
274,5,10,150,38,0.0
275,5,10,150,38,0.0
276,5,10,150,38,0.16154368359546664
277,5,10,150,38,0.0
278,5,10,150,38,0.0
279,5,10,150,38,0.11455072118564462
280,5,10,150,38,0.14324481060386993
281,5,10,150,38,0.0
282,5,10,150,38,0.0
283,5,10,150,38,0.0
284,5,10,150,38,0.0
285,5,10,150,38,0.0
286,5,10,150,38,0.05490370618855431
287,5,10,150,38,0.0
288,5,10,150,38,0.0
289,5,10,150,38,0.0
290,5,10,150,38,0.07834851647149511
291,5,10,150,38,0.07828167840727236
292,5,10,150,38,0.04224853374256244
293,5,10,150,38,0.062192625389540866
294,5,10,150,38,0.0
295,5,10,150,38,0.2161546962063938
296,5,10,150,38,0.10860713607593808
297,5,10,150,38,0.0
298,5,10,150,38,0.061080020762274374
299,5,10,150,38,0.0
300,5,10,150,38,0.0
301,5,10,150,38,0.06460801587741544
302,5,10,150,38,0.09224219235917257
303,5,10,150,38,0.058462531766318354
304,5,10,150,38,0.0
305,5,10,150,38,0.11349000778741654
306,5,10,150,38,0.0
307,5,10,150,38,0.10778915452451093
308,5,10,150,38,0.13490077762666258
310,5,10,150,38,0.0
311,5,10,150,38,0.13301422444853
312,5,10,150,38,0.08520401710471519
313,5,10,150,38,0.11270402374049442
314,5,10,150,38,0.16600564593053876
315,5,10,150,38,0.0
316,5,10,150,38,0.0
317,5,10,150,38,0.0
318,5,10,150,38,0.10567847230623394
319,5,10,150,38,0.0
320,5,10,150,38,0.13927874459665815
321,5,10,150,38,0.0
322,5,10,150,38,0.0
323,5,10,150,38,0.1610425878239398
324,5,10,150,38,0.0
325,5,10,150,38,0.09092803061897883
326,5,10,150,38,0.027288805847552652
327,5,10,150,38,0.025410386140327024
328,5,10,150,38,0.09206364236149692
329,5,10,150,38,0.0
330,5,10,150,38,0.07197991643202278
331,5,10,150,38,0.0
332,5,10,150,38,0.09320485889859448
334,5,10,150,38,0.0
335,5,10,150,38,0.0
336,5,10,150,38,0.049712302565054066
337,5,10,150,38,0.0
338,5,10,150,38,0.07132875491150918
339,5,10,150,38,0.1430641274918087
340,5,10,150,38,0.0
341,5,10,150,38,0.0
342,5,10,150,38,0.31341134215401556
343,5,10,150,38,0.09229649639444802
344,5,10,150,38,0.1202034973803211
345,5,10,150,38,0.1536414362770729
346,5,10,150,38,0.04366879852493834
347,5,10,150,38,0.1969404851249289
348,5,10,150,38,0.0
349,5,10,150,38,0.0
350,5,10,150,38,0.058087171966128066
351,5,10,150,38,0.0
352,5,10,150,38,0.1903601622684853
353,5,10,150,38,0.14434031438272124
354,5,10,150,38,0.06335619058732639
355,5,10,150,38,0.0
356,5,10,150,38,0.0
357,5,10,150,38,0.0
358,5,10,150,38,0.06364028872631156
359,5,10,150,38,0.3010299956639812
360,5,10,150,38,0.12982031659526816
361,5,10,150,38,0.09478836436955078
362,5,10,150,38,0.0
363,5,10,150,38,0.22463865489880525
364,5,10,150,38,0.0
365,5,10,150,38,0.0
366,5,10,150,38,0.0
367,5,10,150,38,0.0
368,5,10,150,38,0.0
369,5,10,150,38,0.0
370,5,10,150,38,0.0
371,5,10,150,38,0.07984133538066794
372,5,10,150,38,0.15130120674940672
373,5,10,150,38,0.22842722979011518
374,5,10,150,38,0.07472550252128253
375,5,10,150,38,0.0
376,5,10,150,38,0.0
377,5,10,150,38,0.0
378,5,10,150,38,0.12028809946908156
379,5,10,150,38,0.04401835325961603
380,5,10,150,38,0.0
381,5,10,150,38,0.0
382,5,10,150,38,0.05261577455142312
383,5,10,150,38,0.0
384,5,10,150,38,0.0
385,5,10,150,38,0.0
386,5,10,150,38,0.0
387,5,10,150,38,0.08586571489348302
388,5,10,150,38,0.0
389,5,10,150,38,0.07358266254293247
390,5,10,150,38,0.0
391,5,10,150,38,0.11245246430543061
392,5,10,150,38,0.11004588314904008
393,5,10,150,38,0.16045530553035625
394,5,10,150,38,0.16570616085215287
395,5,10,150,38,0.0
396,5,10,150,38,0.0
397,5,10,150,38,0.11004588314904008
398,5,10,150,38,0.23681541828907415
399,5,10,150,38,0.026175882249243814
400,5,10,150,38,0.0
401,5,10,150,38,0.02839245759615368
402,5,10,150,38,0.0
403,5,10,150,38,0.2529427027676571
404,5,10,150,38,0.0
405,5,10,150,38,0.04692577737841394
406,5,10,150,38,0.07444971100633718
407,5,10,150,38,0.07081727565973653
408,5,10,150,38,0.09983719697789138
409,5,10,150,38,0.0334374913847135
410,5,10,150,38,0.0
411,5,10,150,38,0.17342765698823945
412,5,10,150,38,0.0
413,5,10,150,38,0.0
414,5,10,150,38,0.21398626473452756
415,5,10,150,38,0.0
416,5,10,150,38,0.12582637186525417
417,5,10,150,38,0.0895852844335066
419,5,10,150,38,0.30260241349881345
420,5,10,150,38,0.0
421,5,10,150,38,0.0
422,5,10,150,38,0.0
423,5,10,150,38,0.08440880858250024
424,5,10,150,38,0.0
425,5,10,150,38,0.2082843711703412
426,5,10,150,38,0.13571943816109763
427,5,10,150,38,0.0
428,5,10,150,38,0.0
429,5,10,150,38,0.16841945123072127
430,5,10,150,38,0.1261446714466394
431,5,10,150,38,0.0
432,5,10,150,38,0.0
433,5,10,150,38,0.0
434,5,10,150,38,0.3903800499921017
435,5,10,150,38,0.11164065092967719
436,5,10,150,38,0.06490403551612171
437,5,10,150,38,0.22972973128433707
438,5,10,150,38,0.0
439,5,10,150,38,0.0
440,5,10,150,38,0.0
441,5,10,150,38,0.0
442,5,10,150,38,0.0
443,5,10,150,38,0.0
445,5,10,150,38,0.0
446,5,10,150,38,0.0
447,5,10,150,38,0.24290422668756767
448,5,10,150,38,0.0
449,5,10,150,38,0.04403205443910179
450,5,10,150,38,0.23283834106994494
451,5,10,150,38,0.0
452,5,10,150,38,0.07830573469972951
453,5,10,150,38,0.029956785715628154
454,5,10,150,38,0.0
455,5,10,150,38,0.0
456,5,10,150,38,0.07758828619721583
457,5,10,150,38,0.27419126308067887
458,5,10,150,38,0.02284220670606328
459,5,10,150,38,0.0
460,5,10,150,38,0.0
461,5,10,150,38,0.0
462,5,10,150,38,0.0
463,5,10,150,38,0.0
464,5,10,150,38,0.0
465,5,10,150,38,0.0
466,5,10,150,38,0.03947525607388688
467,5,10,150,38,0.0
468,5,10,150,38,0.25116683884278784
469,5,10,150,38,0.0
470,5,10,150,38,0.0
471,5,10,150,38,0.0
472,5,10,150,38,0.07331123581612
473,5,10,150,38,0.08754031530847717
474,5,10,150,38,0.28344067059171446
475,5,10,150,38,0.06516188295518531
476,5,10,150,38,0.0
477,5,10,150,38,0.0
478,5,10,150,38,0.23782833255689273
479,5,10,150,38,0.07834096783470737
480,5,10,150,38,0.21398626473452756
481,5,10,150,38,0.13863671367752411
482,5,10,150,38,0.0
483,5,10,150,38,0.06912040963822193
484,5,10,150,38,0.09353062527112192
485,5,10,150,38,0.0
486,5,10,150,38,0.09078690461035782
487,5,10,150,38,0.1698630616162589
488,5,10,150,38,0.0
489,5,10,150,38,0.0
490,5,10,150,38,0.0
491,5,10,150,38,0.19092086617893467
492,5,10,150,38,0.12471554514794539
493,5,10,150,38,0.0
494,5,10,150,38,0.0
495,5,10,150,38,0.10048896362940396
496,5,10,150,38,0.05459112561892713
497,5,10,150,38,0.0
498,5,10,150,38,0.03855307727568851
499,5,10,150,38,0.1912282106369008
500,5,10,150,38,0.03148908318001809
501,5,10,150,38,0.0
502,5,10,150,38,0.06364028872631156
503,5,10,150,38,0.14184577198353127
504,5,10,150,38,0.0
505,5,10,150,38,0.0
506,5,10,150,38,0.10589517949214913
507,5,10,150,38,0.0
508,5,10,150,38,0.0
509,5,10,150,38,0.06474271459046577
510,5,10,150,38,0.0
511,5,10,150,38,0.0
512,5,10,150,38,0.0
513,5,10,150,38,0.0
514,5,10,150,38,0.10595566933616397
515,5,10,150,38,0.0
516,5,10,150,38,0.0
517,5,10,150,38,0.042259191411409554
518,5,10,150,38,0.0
519,5,10,150,38,0.0
520,5,10,150,38,0.0
521,5,10,150,38,0.0
522,5,10,150,38,0.0
523,5,10,150,38,0.0316088333445714
524,5,10,150,38,0.09618400577008435
525,5,10,150,38,0.0
526,5,10,150,38,0.03227932543520417
527,5,10,150,38,0.12265062558661
528,5,10,150,38,0.09974579701530793
529,5,10,150,38,0.0
530,5,10,150,38,0.0
531,5,10,150,38,0.0
532,5,10,150,38,0.0
533,5,10,150,38,0.13613741073518593
534,5,10,150,38,0.04084531701587904
535,5,10,150,38,0.2436573921083896
536,5,10,150,38,0.23620378562439379
537,5,10,150,38,0.3149789891699654
538,5,10,150,38,0.0
539,5,10,150,38,0.11414433776026256
540,5,10,150,38,0.0
541,5,10,150,38,0.12534926568386062
542,5,10,150,38,0.12627825946936164
543,5,10,150,38,0.0
544,5,10,150,38,0.0
545,5,10,150,38,0.052962244777770985
546,5,10,150,38,0.15314106296495628
547,5,10,150,38,0.0
548,5,10,150,38,0.018860808443248393
549,5,10,150,38,0.0
550,5,10,150,38,0.0
551,5,10,150,38,0.2889062781339969
552,5,10,150,38,0.0
553,5,10,150,38,0.16102243342487008
554,5,10,150,38,0.16600564593053876
555,5,10,150,38,0.0
556,5,10,150,38,0.08876245163110816
557,5,10,150,38,0.0
558,5,10,150,38,0.0
559,5,10,150,38,0.0734773909038217
560,5,10,150,38,0.19335859474678904
561,5,10,150,38,0.0
562,5,10,150,38,0.034743705427429224
563,5,10,150,38,0.0
564,5,10,150,38,0.0
565,5,10,150,38,0.10523285614729473
566,5,10,150,38,0.13665387068436016
567,5,10,150,38,0.13463074517970205
568,5,10,150,38,0.0
569,5,10,150,38,0.0
570,5,10,150,38,0.0
571,5,10,150,38,0.0
572,5,10,150,38,0.058995070558427745
573,5,10,150,38,0.0
574,5,10,150,38,0.04185567464896701
575,5,10,150,38,0.0
576,5,10,150,38,0.17342765698823945
577,5,10,150,38,0.18930276028743934
578,5,10,150,38,0.0
579,5,10,150,38,0.0
580,5,10,150,38,0.10209739512291163
581,5,10,150,38,0.0
582,5,10,150,38,0.0
583,5,10,150,38,0.0
584,5,10,150,38,0.0
585,5,10,150,38,0.0
586,5,10,150,38,0.07482758161941112
587,5,10,150,38,0.0
588,5,10,150,38,0.21807993324764632
589,5,10,150,38,0.0
590,5,10,150,38,0.18511573258657482
591,5,10,150,38,0.15758427078022966
592,5,10,150,38,0.24767582449961692
593,5,10,150,38,0.13439461080397722
594,5,10,150,38,0.0843142342558857
595,5,10,150,38,0.0
596,5,10,150,38,0.0
597,5,10,150,38,0.0
598,5,10,150,38,0.11752277470724268
599,5,10,150,38,0.084510355752413
600,5,10,150,38,0.0
601,5,10,150,38,0.026557570376145638
602,5,10,150,38,0.0
603,5,10,150,38,0.06194403202282284
604,5,10,150,38,0.0
605,5,10,150,38,0.07677414822537214
606,5,10,150,38,0.24672935484902714
607,5,10,150,38,0.0
608,5,10,150,38,0.126140293880171
609,5,10,150,38,0.11838279295536291
610,5,10,150,38,0.0
611,5,10,150,38,0.03927158715985786
612,5,10,150,38,0.0
613,5,10,150,38,0.15130120674940672
614,5,10,150,38,0.13886244387355454
615,5,10,150,38,0.022974664140439565
616,5,10,150,38,0.09781579202094404
617,5,10,150,38,0.03804989622115975
618,5,10,150,38,0.15342987057650198
619,5,10,150,38,0.1303945739341477
620,5,10,150,38,0.0899862452721681
621,5,10,150,38,0.11794864472265719
622,5,10,150,38,0.1367072814260403
623,5,10,150,38,0.050143326786652107
624,5,10,150,38,0.0
625,5,10,150,38,0.0
626,5,10,150,38,0.0
627,5,10,150,38,0.026973863432810958
628,5,10,150,38,0.0
629,5,10,150,38,0.11794421963488726
630,5,10,150,38,0.09942460513010813
631,5,10,150,38,0.0
632,5,10,150,38,0.2802309837406785
633,5,10,150,38,0.0455520698635181
634,5,10,150,38,0.023756977677906275
635,5,10,150,38,0.0
636,5,10,150,38,0.0
637,5,10,150,38,0.0
638,5,10,150,38,0.15473934503245962
639,5,10,150,38,0.0
640,5,10,150,38,0.0637867864178444
641,5,10,150,38,0.0
642,5,10,150,38,0.08345390447150926
643,5,10,150,38,0.15945253905944462
644,5,10,150,38,0.0
645,5,10,150,38,0.1673424068709125
646,5,10,150,38,0.0
647,5,10,150,38,0.03673869545191085
648,5,10,150,38,0.0734925971951968
649,5,10,150,38,0.0
650,5,10,150,38,0.018341998545848226
651,5,10,150,38,0.0
652,5,10,150,38,0.0
653,5,10,150,38,0.053333328533288586
654,5,10,150,38,0.1521155994897412
655,5,10,150,38,0.25914451982930947
656,5,10,150,38,0.0
657,5,10,150,38,0.053845569940583225
658,5,10,150,38,0.0
659,5,10,150,38,0.04292350543129631
660,5,10,150,38,0.0
661,5,10,150,38,0.0860496199597963
662,5,10,150,38,0.0
663,5,10,150,38,0.08822847442351826
664,5,10,150,38,0.05672736050946972
665,5,10,150,38,0.0
666,5,10,150,38,0.0933142360362706
667,5,10,150,38,0.23495437216186538
668,5,10,150,38,0.0
669,5,10,150,38,0.2125308578794234
670,5,10,150,38,0.15539533467551025
671,5,10,150,38,0.1555855576726297
672,5,10,150,38,0.0
673,5,10,150,38,0.0
674,5,10,150,38,0.0
675,5,10,150,38,0.05010834716923557
676,5,10,150,38,0.0
677,5,10,150,38,0.03927489746221688
678,5,10,150,38,0.0
679,5,10,150,38,0.24230773930955837
680,5,10,150,38,0.2073612289146658
681,5,10,150,38,0.0
682,5,10,150,38,0.13305036096424444
683,5,10,150,38,0.03719976603506465
684,5,10,150,38,0.0
685,5,10,150,38,0.0
686,5,10,150,38,0.08962483220812449
687,5,10,150,38,0.0
688,5,10,150,38,0.0
689,5,10,150,38,0.27487633291429087
690,5,10,150,38,0.0
691,5,10,150,38,0.0
692,5,10,150,38,0.0
693,5,10,150,38,0.0
694,5,10,150,38,0.1500604346939239
695,5,10,150,38,0.0
696,5,10,150,38,0.06723507268634088
697,5,10,150,38,0.04505069314087506
698,5,10,150,38,0.09499131598480672
699,5,10,150,38,0.0
700,5,10,150,38,0.16958010263680806
701,5,10,150,38,0.04129602134854855
702,5,10,150,38,0.0
703,5,10,150,38,0.0
704,5,10,150,38,0.03898594405226045
705,5,10,150,38,0.128262164895328
706,5,10,150,38,0.0
707,5,10,150,38,0.11244327021722866
708,5,10,150,38,0.04185109258092126
709,5,10,150,38,0.10913913597940508
710,5,10,150,38,0.05710411178654767
711,5,10,150,38,0.1762214452020807
712,5,10,150,38,0.08872774495482992
713,5,10,150,38,0.0
714,5,10,150,38,0.04195229264874745
715,5,10,150,38,0.09211392948268701
716,5,10,150,38,0.22802004430519812
717,5,10,150,38,0.1671511698578214
718,5,10,150,38,0.0
719,5,10,150,38,0.11614257564286637
720,5,10,150,38,0.05261577455142312
721,5,10,150,38,0.11181283741996627
722,5,10,150,38,0.0
723,5,10,150,38,0.0
724,5,10,150,38,0.0
725,5,10,150,38,0.05750402108673013
726,5,10,150,38,0.2529427027676571
727,5,10,150,38,0.12613234503372092
728,5,10,150,38,0.0
729,5,10,150,38,0.0
730,5,10,150,38,0.0
731,5,10,150,38,0.0
732,5,10,150,38,0.0
733,5,10,150,38,0.0
734,5,10,150,38,0.0655813061736612
735,5,10,150,38,0.0
736,5,10,150,38,0.0
737,5,10,150,38,0.16282663249631943
738,5,10,150,38,0.26100133890376465
739,5,10,150,38,0.0
740,5,10,150,38,0.0
741,5,10,150,38,0.10965210684801945
742,5,10,150,38,0.0
743,5,10,150,38,0.04224853374256244
744,5,10,150,38,0.08878770367712427
745,5,10,150,38,0.33763622740733124
746,5,10,150,38,0.11450296808588954
747,5,10,150,38,0.37763722176740033
748,5,10,150,38,0.1946257849561795
749,5,10,150,38,0.1510079483389992
750,5,10,150,38,0.07219614103266732
751,5,10,150,38,0.06625206444036397
752,5,10,150,38,0.020210299806331135
753,5,10,150,38,0.15406810205846871
754,5,10,150,38,0.0
755,5,10,150,38,0.0
756,5,10,150,38,0.03828357334999627
757,5,10,150,38,0.0
758,5,10,150,38,0.14587553082302684
759,5,10,150,38,0.038281751104512325
760,5,10,150,38,0.11447590313611888
761,5,10,150,38,0.03339755935325358
762,5,10,150,38,0.0647083388415595
763,5,10,150,38,0.23018877707837754
764,5,10,150,38,0.08207588022692468
765,5,10,150,38,0.0
766,5,10,150,38,0.06734239231999425
767,5,10,150,38,0.2073612289146658
768,5,10,150,38,0.07655078846581868
769,5,10,150,38,0.0
770,5,10,150,38,0.0
771,5,10,150,38,0.10700326704282045
772,5,10,150,38,0.03353522641880846
773,5,10,150,38,0.10973989211133983
774,5,10,150,38,0.042170016468058714
775,5,10,150,38,0.0
776,5,10,150,38,0.09275693992185301
777,5,10,150,38,0.11096808148688479
778,5,10,150,38,0.0
779,5,10,150,38,0.05878132199396477
780,5,10,150,38,0.04759023790187059
781,5,10,150,38,0.21898681539091044
782,5,10,150,38,0.017912481307912533
783,5,10,150,38,0.0
784,5,10,150,38,0.0
785,5,10,150,38,0.048159222084064895
786,5,10,150,38,0.1383763741349466
787,5,10,150,38,0.0683037314796457
788,5,10,150,38,0.250325081725898
789,5,10,150,38,0.059109628562248356
790,5,10,150,38,0.09377969091382478
791,5,10,150,38,0.0
792,5,10,150,38,0.0
793,5,10,150,38,0.0
794,5,10,150,38,0.1678954833056024
795,5,10,150,38,0.13773974287603932
796,5,10,150,38,0.3915938590217054
797,5,10,150,38,0.09030583455080088
798,5,10,150,38,0.10471528052341873
799,5,10,150,38,0.0
800,5,10,150,38,0.0
801,5,10,150,38,0.0
802,5,10,150,38,0.030863419558816
803,5,10,150,38,0.0
804,5,10,150,38,0.1944685065039023
805,5,10,150,38,0.15443783381806714
806,5,10,150,38,0.1839811740622417
807,5,10,150,38,0.21281136338663698
808,5,10,150,38,0.0
809,5,10,150,38,0.0
810,5,10,150,38,0.0
811,5,10,150,38,0.0
812,5,10,150,38,0.0
813,5,10,150,38,0.17367331957930765
814,5,10,150,38,0.09144287629100999
815,5,10,150,38,0.3140832056225516
816,5,10,150,38,0.08005612702969578
817,5,10,150,38,0.0
818,5,10,150,38,0.0
819,5,10,150,38,0.0458402539699961
820,5,10,150,38,0.041641441310299704
821,5,10,150,38,0.10332444476421325
822,5,10,150,38,0.0
823,5,10,150,38,0.34498657001752475
824,5,10,150,38,0.0
825,5,10,150,38,0.05401135547349044
826,5,10,150,38,0.07461719762747059
827,5,10,150,38,0.0
828,5,10,150,38,0.060282380993023806
829,5,10,150,38,0.10951828933634093
830,5,10,150,38,0.08291691656156171
831,5,10,150,38,0.14187597933082008
832,5,10,150,38,0.0
833,5,10,150,38,0.20656128846633115
834,5,10,150,38,0.0
835,5,10,150,38,0.04475502290904764
836,5,10,150,38,0.05823597777878099
837,5,10,150,38,0.0
838,5,10,150,38,0.10701310222481758
839,5,10,150,38,0.03322541746578526
840,5,10,150,38,0.3974090380993654
841,5,10,150,38,0.0
842,5,10,150,38,0.03314153504336938
843,5,10,150,38,0.14627606849397062
844,5,10,150,38,0.14767302746812566
845,5,10,150,38,0.0
846,5,10,150,38,0.2878001493535039
847,5,10,150,38,0.0
848,5,10,150,38,0.06243966513396863
849,5,10,150,38,0.04224853374256244
850,5,10,150,38,0.12002417382878544
851,5,10,150,38,0.3276219211681053
852,5,10,150,38,0.0
853,5,10,150,38,0.0
854,5,10,150,38,0.2192012777280079
855,5,10,150,38,0.0
856,5,10,150,38,0.0
857,5,10,150,38,0.0
858,5,10,150,38,0.0
859,5,10,150,38,0.0
860,5,10,150,38,0.0
861,5,10,150,38,0.09836355940276224
862,5,10,150,38,0.22638167107868792
863,5,10,150,38,0.0
864,5,10,150,38,0.3364907836966047
865,5,10,150,38,0.0
866,5,10,150,38,0.12374681498530773
867,5,10,150,38,0.25932062229235353
868,5,10,150,38,0.177068238843597
869,5,10,150,38,0.030718920234936747
870,5,10,150,38,0.15941987677456723
871,5,10,150,38,0.17323043642777206
872,5,10,150,38,0.017655087006104467
873,5,10,150,38,0.0
874,5,10,150,38,0.06575393297476358
875,5,10,150,38,0.2155658818167905
876,5,10,150,38,0.0
877,5,10,150,38,0.03609887416557791
878,5,10,150,38,0.06353302984899283
879,5,10,150,38,0.04258528250242427
880,5,10,150,38,0.43620582138535346
881,5,10,150,38,0.38991053576585255
882,5,10,150,38,0.26706900792604554
883,5,10,150,38,0.3372680504748587
884,5,10,150,38,0.028767091820622218
885,5,10,150,38,0.12648178958876352
886,5,10,150,38,0.24169377538666503
887,5,10,150,38,0.13951219854798397
888,5,10,150,38,0.0
889,5,10,150,38,0.33977366926858155
890,5,10,150,38,0.3553632622417461
891,5,10,150,38,0.0
892,5,10,150,38,0.41135585763965227
893,5,10,150,38,0.05014695371369417
894,5,10,150,38,0.29331794571582404
895,5,10,150,38,0.0
896,5,10,150,38,0.4446873892781658
897,5,10,150,38,0.14456584416504734
898,5,10,150,38,0.0
899,5,10,150,38,0.23890541303924484
900,5,10,150,38,0.04588516391390306
901,5,10,150,38,0.2934257714793229
902,5,10,150,38,0.025255271126572616
903,5,10,150,38,0.44275364497777847
904,5,10,150,38,0.0
905,5,10,150,38,0.08773956418811966
906,5,10,150,38,0.0
907,5,10,150,38,0.17501834241696534
908,5,10,150,38,0.16093695930892965
909,5,10,150,38,0.0
910,5,10,150,38,0.14111581018360284
911,5,10,150,38,0.06397502781798435
912,5,10,150,38,0.07877990502228673
913,5,10,150,38,0.22469710672942442
914,5,10,150,38,0.0
915,5,10,150,38,0.0
916,5,10,150,38,0.2872178934471911
917,5,10,150,38,0.0
918,5,10,150,38,0.01778115947623668
919,5,10,150,38,0.18441401333756927
920,5,10,150,38,0.26814570941777965
921,5,10,150,38,0.03609887416557791
922,5,10,150,38,0.14377300061512777
923,5,10,150,38,0.04612347486881674
924,5,10,150,38,0.0868597368078023
925,5,10,150,38,0.039791360812020615
926,5,10,150,38,0.18690891198435525
927,5,10,150,38,0.0965648670941382
928,5,10,150,38,0.1589074847551229
929,5,10,150,38,0.0753982504991096
930,5,10,150,38,0.08576822414303628
931,5,10,150,38,0.059539365700728666
932,5,10,150,38,0.3095828880168047
933,5,10,150,38,0.07607545790352875
934,5,10,150,38,0.19282882772553622
935,5,10,150,38,0.0
936,5,10,150,38,0.13333067602599602
937,5,10,150,38,0.0750451914573381
938,5,10,150,38,0.10014127665796595
939,5,10,150,38,0.05231692143384187
940,5,10,150,38,0.1209865933898313
941,5,10,150,38,0.17060921827860473
942,5,10,150,38,0.07895172292405635
943,5,10,150,38,0.25509183144255565
1,5,10,150,39,0.4058715898896693
2,5,10,150,39,0.0
3,5,10,150,39,0.0
4,5,10,150,39,0.0
5,5,10,150,39,0.04470486007704452
6,5,10,150,39,0.04187254809446048
7,5,10,150,39,0.16088256663252282
8,5,10,150,39,0.0
9,5,10,150,39,0.0
10,5,10,150,39,0.27257112466292177
11,5,10,150,39,0.03947525607388688
12,5,10,150,39,0.0787978565107802
13,5,10,150,39,0.2745551215609847
14,5,10,150,39,0.18795160328752808
15,5,10,150,39,0.0
16,5,10,150,39,0.11062750966338458
17,5,10,150,39,0.0
18,5,10,150,39,0.17872418048185143
19,5,10,150,39,0.0
20,5,10,150,39,0.13743816645714543
21,5,10,150,39,0.1265754929129826
22,5,10,150,39,0.0
23,5,10,150,39,0.06541518452970234
24,5,10,150,39,0.05010834716923557
25,5,10,150,39,0.23940867474021393
26,5,10,150,39,0.0
27,5,10,150,39,0.0
28,5,10,150,39,0.0
30,5,10,150,39,0.08133484538841967
31,5,10,150,39,0.0
32,5,10,150,39,0.19519002499605084
33,5,10,150,39,0.0
34,5,10,150,39,0.0
35,5,10,150,39,0.0
37,5,10,150,39,0.08177471774917201
38,5,10,150,39,0.0
39,5,10,150,39,0.0
40,5,10,150,39,0.0
41,5,10,150,39,0.06835476917178976
42,5,10,150,39,0.08850778826764391
43,5,10,150,39,0.0
44,5,10,150,39,0.2672039079048423
45,5,10,150,39,0.0
46,5,10,150,39,0.0
47,5,10,150,39,0.0
48,5,10,150,39,0.0
49,5,10,150,39,0.033808395438916686
52,5,10,150,39,0.0
53,5,10,150,39,0.0
54,5,10,150,39,0.0
55,5,10,150,39,0.0
56,5,10,150,39,0.11781210270929884
57,5,10,150,39,0.1318392860374695
58,5,10,150,39,0.33144193348521184
59,5,10,150,39,0.19233148606048747
60,5,10,150,39,0.1076743759411119
61,5,10,150,39,0.0
62,5,10,150,39,0.09586820699422145
63,5,10,150,39,0.0
64,5,10,150,39,0.04759023790187059
65,5,10,150,39,0.2342550150352983
66,5,10,150,39,0.0
67,5,10,150,39,0.0
68,5,10,150,39,0.0
69,5,10,150,39,0.0
70,5,10,150,39,0.0
71,5,10,150,39,0.20758456043036028
72,5,10,150,39,0.10990826949013655
73,5,10,150,39,0.05276490902632437
74,5,10,150,39,0.0
75,5,10,150,39,0.0
76,5,10,150,39,0.10633668103022985
77,5,10,150,39,0.05154847002173459
78,5,10,150,39,0.0
79,5,10,150,39,0.0
80,5,10,150,39,0.0
81,5,10,150,39,0.08878770367712427
82,5,10,150,39,0.0
83,5,10,150,39,0.07414861528507455
84,5,10,150,39,0.07550980911390262
85,5,10,150,39,0.04734112273659951
86,5,10,150,39,0.0
87,5,10,150,39,0.1102104590629334
88,5,10,150,39,0.18920035951687003
89,5,10,150,39,0.0
90,5,10,150,39,0.11641023011265045
91,5,10,150,39,0.0
92,5,10,150,39,0.03369782041898502
93,5,10,150,39,0.0
94,5,10,150,39,0.10370221609124387
95,5,10,150,39,0.07849567312219397
96,5,10,150,39,0.0
97,5,10,150,39,0.0
98,5,10,150,39,0.0
99,5,10,150,39,0.09641171098317775
100,5,10,150,39,0.0
101,5,10,150,39,0.0
102,5,10,150,39,0.0
103,5,10,150,39,0.0
104,5,10,150,39,0.33958467175585033
105,5,10,150,39,0.0
106,5,10,150,39,0.06516188295518531
107,5,10,150,39,0.0
109,5,10,150,39,0.16563719724029594
110,5,10,150,39,0.0
111,5,10,150,39,0.0
112,5,10,150,39,0.07807600999842033
113,5,10,150,39,0.0
114,5,10,150,39,0.08274602130532002
115,5,10,150,39,0.04001677477281075
116,5,10,150,39,0.0
117,5,10,150,39,0.0
118,5,10,150,39,0.16958010263680806
119,5,10,150,39,0.0
120,5,10,150,39,0.0
121,5,10,150,39,0.13032376591037062
122,5,10,150,39,0.0
123,5,10,150,39,0.13720340769293682
124,5,10,150,39,0.0
125,5,10,150,39,0.05446333035917803
126,5,10,150,39,0.0
128,5,10,150,39,0.0
129,5,10,150,39,0.0
130,5,10,150,39,0.15174952279352721
131,5,10,150,39,0.0
132,5,10,150,39,0.0
133,5,10,150,39,0.0
134,5,10,150,39,0.0
135,5,10,150,39,0.0
136,5,10,150,39,0.0
137,5,10,150,39,0.0
138,5,10,150,39,0.0976168253917686
139,5,10,150,39,0.0
140,5,10,150,39,0.0
141,5,10,150,39,0.0
142,5,10,150,39,0.0
143,5,10,150,39,0.0
144,5,10,150,39,0.0
145,5,10,150,39,0.17597149971119974
146,5,10,150,39,0.0
147,5,10,150,39,0.0
148,5,10,150,39,0.0
149,5,10,150,39,0.0
150,5,10,150,39,0.2640681225725909
151,5,10,150,39,0.07803799044968916
152,5,10,150,39,0.0
153,5,10,150,39,0.0
154,5,10,150,39,0.06416923277158361
155,5,10,150,39,0.0
156,5,10,150,39,0.0
157,5,10,150,39,0.0
158,5,10,150,39,0.08010006541788642
159,5,10,150,39,0.23138144801632507
160,5,10,150,39,0.1719271394881576
161,5,10,150,39,0.0
162,5,10,150,39,0.0
163,5,10,150,39,0.0
164,5,10,150,39,0.0
165,5,10,150,39,0.0
167,5,10,150,39,0.05319635904163211
168,5,10,150,39,0.0
169,5,10,150,39,0.0
170,5,10,150,39,0.0
171,5,10,150,39,0.0
173,5,10,150,39,0.0
174,5,10,150,39,0.0
175,5,10,150,39,0.21517910082405575
176,5,10,150,39,0.0
177,5,10,150,39,0.38113435412202
178,5,10,150,39,0.12597398707460816
179,5,10,150,39,0.09149012142095872
180,5,10,150,39,0.06228974831361337
181,5,10,150,39,0.07956605039330662
182,5,10,150,39,0.0
183,5,10,150,39,0.15101961822780524
184,5,10,150,39,0.0
185,5,10,150,39,0.0
186,5,10,150,39,0.0
187,5,10,150,39,0.0
188,5,10,150,39,0.12925733948536566
189,5,10,150,39,0.1622220746837199
190,5,10,150,39,0.0
192,5,10,150,39,0.123151194370365
193,5,10,150,39,0.0
194,5,10,150,39,0.0
195,5,10,150,39,0.11787667935667444
196,5,10,150,39,0.0
197,5,10,150,39,0.09546043308946733
198,5,10,150,39,0.0
199,5,10,150,39,0.0
200,5,10,150,39,0.09785159463516042
201,5,10,150,39,0.0
202,5,10,150,39,0.0
203,5,10,150,39,0.0
204,5,10,150,39,0.19519002499605084
205,5,10,150,39,0.0
206,5,10,150,39,0.0
207,5,10,150,39,0.0
208,5,10,150,39,0.0
209,5,10,150,39,0.0
210,5,10,150,39,0.2167516193508568
211,5,10,150,39,0.0
213,5,10,150,39,0.08445760625486516
214,5,10,150,39,0.0
216,5,10,150,39,0.23813231172447274
217,5,10,150,39,0.0
218,5,10,150,39,0.0
219,5,10,150,39,0.0
221,5,10,150,39,0.0
222,5,10,150,39,0.1050995674008573
223,5,10,150,39,0.0
224,5,10,150,39,0.0
225,5,10,150,39,0.09077089626867633
226,5,10,150,39,0.19092086617893467
227,5,10,150,39,0.0
228,5,10,150,39,0.0
229,5,10,150,39,0.0
230,5,10,150,39,0.12683081539850163
231,5,10,150,39,0.0
232,5,10,150,39,0.0
233,5,10,150,39,0.23172568042238212
234,5,10,150,39,0.0
235,5,10,150,39,0.0
236,5,10,150,39,0.0
237,5,10,150,39,0.19342640361727081
238,5,10,150,39,0.0
239,5,10,150,39,0.06912040963822193
240,5,10,150,39,0.12495636102304827
241,5,10,150,39,0.0
242,5,10,150,39,0.0
243,5,10,150,39,0.0
244,5,10,150,39,0.049712302565054066
245,5,10,150,39,0.0
246,5,10,150,39,0.0561326498270945
247,5,10,150,39,0.09472348220010487
248,5,10,150,39,0.09472348220010487
249,5,10,150,39,0.056720838976548935
250,5,10,150,39,0.0
251,5,10,150,39,0.13032376591037062
252,5,10,150,39,0.20184908658209985
253,5,10,150,39,0.05725248542464807
254,5,10,150,39,0.08514311764162098
255,5,10,150,39,0.0
256,5,10,150,39,0.038925970325304815
257,5,10,150,39,0.07984133538066794
258,5,10,150,39,0.0
259,5,10,150,39,0.067856722420442
260,5,10,150,39,0.0
261,5,10,150,39,0.0
262,5,10,150,39,0.0
263,5,10,150,39,0.0956366800683804
264,5,10,150,39,0.0
265,5,10,150,39,0.0
266,5,10,150,39,0.0
267,5,10,150,39,0.17168372277322866
268,5,10,150,39,0.049712302565054066
269,5,10,150,39,0.052962244777770985
270,5,10,150,39,0.041641441310299704
271,5,10,150,39,0.13010624216828925
272,5,10,150,39,0.08942172406547305
273,5,10,150,39,0.0
274,5,10,150,39,0.0
275,5,10,150,39,0.0
276,5,10,150,39,0.15875999922826586
277,5,10,150,39,0.0
278,5,10,150,39,0.0
279,5,10,150,39,0.11257680896129194
280,5,10,150,39,0.14324481060386993
281,5,10,150,39,0.0
282,5,10,150,39,0.0
283,5,10,150,39,0.0
284,5,10,150,39,0.0
285,5,10,150,39,0.0
286,5,10,150,39,0.05490370618855431
287,5,10,150,39,0.0
288,5,10,150,39,0.0
289,5,10,150,39,0.0
290,5,10,150,39,0.07834851647149511
291,5,10,150,39,0.07828167840727236
292,5,10,150,39,0.04224853374256244
293,5,10,150,39,0.062192625389540866
294,5,10,150,39,0.0
295,5,10,150,39,0.2603201838311303
296,5,10,150,39,0.10860713607593808
297,5,10,150,39,0.0
298,5,10,150,39,0.061080020762274374
299,5,10,150,39,0.0
300,5,10,150,39,0.0
301,5,10,150,39,0.06460801587741544
302,5,10,150,39,0.09224219235917257
303,5,10,150,39,0.05745511858789652
304,5,10,150,39,0.0
305,5,10,150,39,0.11349000778741654
306,5,10,150,39,0.0
307,5,10,150,39,0.10778915452451093
308,5,10,150,39,0.13490077762666258
310,5,10,150,39,0.0
311,5,10,150,39,0.13301422444853
312,5,10,150,39,0.08520401710471519
313,5,10,150,39,0.11270402374049442
314,5,10,150,39,0.16600564593053876
315,5,10,150,39,0.0
316,5,10,150,39,0.0
317,5,10,150,39,0.0
318,5,10,150,39,0.10567847230623394
319,5,10,150,39,0.0
320,5,10,150,39,0.13927874459665815
321,5,10,150,39,0.0
322,5,10,150,39,0.0
323,5,10,150,39,0.1610425878239398
324,5,10,150,39,0.0
325,5,10,150,39,0.09092803061897883
326,5,10,150,39,0.027288805847552652
327,5,10,150,39,0.025410386140327024
328,5,10,150,39,0.09206364236149692
329,5,10,150,39,0.0
330,5,10,150,39,0.07197991643202278
331,5,10,150,39,0.0
332,5,10,150,39,0.09320485889859448
334,5,10,150,39,0.0
335,5,10,150,39,0.0
336,5,10,150,39,0.049712302565054066
337,5,10,150,39,0.0
338,5,10,150,39,0.07132875491150918
339,5,10,150,39,0.1430641274918087
340,5,10,150,39,0.0
341,5,10,150,39,0.0
342,5,10,150,39,0.31341134215401556
343,5,10,150,39,0.09229649639444802
344,5,10,150,39,0.1202034973803211
345,5,10,150,39,0.1536414362770729
346,5,10,150,39,0.04366879852493834
347,5,10,150,39,0.22280620320442554
348,5,10,150,39,0.0
349,5,10,150,39,0.0
350,5,10,150,39,0.058087171966128066
351,5,10,150,39,0.0
352,5,10,150,39,0.1903601622684853
353,5,10,150,39,0.14434031438272124
354,5,10,150,39,0.06335619058732639
355,5,10,150,39,0.0
356,5,10,150,39,0.0
357,5,10,150,39,0.0
358,5,10,150,39,0.06364028872631156
359,5,10,150,39,0.3010299956639812
360,5,10,150,39,0.12982031659526816
361,5,10,150,39,0.09478836436955078
362,5,10,150,39,0.0
363,5,10,150,39,0.22463865489880525
364,5,10,150,39,0.0
365,5,10,150,39,0.0
366,5,10,150,39,0.0
367,5,10,150,39,0.0
368,5,10,150,39,0.0
369,5,10,150,39,0.0
370,5,10,150,39,0.0
371,5,10,150,39,0.07984133538066794
372,5,10,150,39,0.15130120674940672
373,5,10,150,39,0.22842722979011518
374,5,10,150,39,0.07472550252128253
375,5,10,150,39,0.0
376,5,10,150,39,0.0
377,5,10,150,39,0.0
378,5,10,150,39,0.12028809946908156
379,5,10,150,39,0.04401835325961603
380,5,10,150,39,0.0
381,5,10,150,39,0.0
382,5,10,150,39,0.05261577455142312
383,5,10,150,39,0.0
384,5,10,150,39,0.0
385,5,10,150,39,0.0
386,5,10,150,39,0.0
387,5,10,150,39,0.08586571489348302
388,5,10,150,39,0.0
389,5,10,150,39,0.09284203700798714
390,5,10,150,39,0.0
391,5,10,150,39,0.11245246430543061
392,5,10,150,39,0.11004588314904008
393,5,10,150,39,0.1576903758488109
394,5,10,150,39,0.16570616085215287
395,5,10,150,39,0.0
396,5,10,150,39,0.0
397,5,10,150,39,0.11004588314904008
398,5,10,150,39,0.23681541828907415
399,5,10,150,39,0.026175882249243814
400,5,10,150,39,0.0
401,5,10,150,39,0.02839245759615368
402,5,10,150,39,0.0
403,5,10,150,39,0.2529427027676571
404,5,10,150,39,0.0
405,5,10,150,39,0.04611716295289331
406,5,10,150,39,0.07316681035644279
407,5,10,150,39,0.07081727565973653
408,5,10,150,39,0.09983719697789138
409,5,10,150,39,0.0334374913847135
410,5,10,150,39,0.0
411,5,10,150,39,0.17342765698823945
412,5,10,150,39,0.0
413,5,10,150,39,0.0
414,5,10,150,39,0.21398626473452756
415,5,10,150,39,0.0
416,5,10,150,39,0.14088993491332472
417,5,10,150,39,0.0895852844335066
419,5,10,150,39,0.30260241349881345
420,5,10,150,39,0.0
421,5,10,150,39,0.0
422,5,10,150,39,0.0
423,5,10,150,39,0.08440880858250024
424,5,10,150,39,0.0
425,5,10,150,39,0.2082843711703412
426,5,10,150,39,0.13571943816109763
427,5,10,150,39,0.0
428,5,10,150,39,0.0
429,5,10,150,39,0.16551728518443057
430,5,10,150,39,0.1261446714466394
431,5,10,150,39,0.0
432,5,10,150,39,0.0
433,5,10,150,39,0.0
434,5,10,150,39,0.3903800499921017
435,5,10,150,39,0.10971688438046757
436,5,10,150,39,0.06490403551612171
437,5,10,150,39,0.22972973128433707
438,5,10,150,39,0.0
439,5,10,150,39,0.0
440,5,10,150,39,0.0
441,5,10,150,39,0.0
442,5,10,150,39,0.0
443,5,10,150,39,0.0
445,5,10,150,39,0.0
446,5,10,150,39,0.0
447,5,10,150,39,0.24290422668756767
448,5,10,150,39,0.0
449,5,10,150,39,0.04403205443910179
450,5,10,150,39,0.22882612322461932
451,5,10,150,39,0.0
452,5,10,150,39,0.07830573469972951
453,5,10,150,39,0.029956785715628154
454,5,10,150,39,0.0
455,5,10,150,39,0.0
456,5,10,150,39,0.07758828619721583
457,5,10,150,39,0.27419126308067887
458,5,10,150,39,0.02284220670606328
459,5,10,150,39,0.0
460,5,10,150,39,0.0
461,5,10,150,39,0.0
462,5,10,150,39,0.0
463,5,10,150,39,0.0
464,5,10,150,39,0.0
465,5,10,150,39,0.0
466,5,10,150,39,0.03947525607388688
467,5,10,150,39,0.07335312372354855
468,5,10,150,39,0.25116683884278784
469,5,10,150,39,0.0
470,5,10,150,39,0.0
471,5,10,150,39,0.0
472,5,10,150,39,0.07331123581612
473,5,10,150,39,0.08754031530847717
474,5,10,150,39,0.28344067059171446
475,5,10,150,39,0.06516188295518531
476,5,10,150,39,0.0
477,5,10,150,39,0.0
478,5,10,150,39,0.23782833255689273
479,5,10,150,39,0.07834096783470737
480,5,10,150,39,0.21398626473452756
481,5,10,150,39,0.13863671367752411
482,5,10,150,39,0.0
483,5,10,150,39,0.06912040963822193
484,5,10,150,39,0.09353062527112192
485,5,10,150,39,0.0
486,5,10,150,39,0.08922248512031287
487,5,10,150,39,0.1698630616162589
488,5,10,150,39,0.0
489,5,10,150,39,0.0
490,5,10,150,39,0.0
491,5,10,150,39,0.19092086617893467
492,5,10,150,39,0.12471554514794539
493,5,10,150,39,0.0
494,5,10,150,39,0.0
495,5,10,150,39,0.10048896362940396
496,5,10,150,39,0.05459112561892713
497,5,10,150,39,0.0
498,5,10,150,39,0.03855307727568851
499,5,10,150,39,0.1912282106369008
500,5,10,150,39,0.03148908318001809
501,5,10,150,39,0.0
502,5,10,150,39,0.06364028872631156
503,5,10,150,39,0.14184577198353127
504,5,10,150,39,0.0
505,5,10,150,39,0.0
506,5,10,150,39,0.10589517949214913
507,5,10,150,39,0.0
508,5,10,150,39,0.0
509,5,10,150,39,0.06474271459046577
510,5,10,150,39,0.0
511,5,10,150,39,0.0
512,5,10,150,39,0.0
513,5,10,150,39,0.0
514,5,10,150,39,0.10595566933616397
515,5,10,150,39,0.0
516,5,10,150,39,0.0
517,5,10,150,39,0.042259191411409554
518,5,10,150,39,0.0
519,5,10,150,39,0.0
520,5,10,150,39,0.0
521,5,10,150,39,0.0
522,5,10,150,39,0.0
523,5,10,150,39,0.0316088333445714
524,5,10,150,39,0.09452658464857881
525,5,10,150,39,0.0
526,5,10,150,39,0.03227932543520417
527,5,10,150,39,0.12265062558661
528,5,10,150,39,0.14110144150616766
529,5,10,150,39,0.0
530,5,10,150,39,0.0
531,5,10,150,39,0.0
532,5,10,150,39,0.0
533,5,10,150,39,0.1337915215390245
534,5,10,150,39,0.04084531701587904
535,5,10,150,39,0.23945874281261442
536,5,10,150,39,0.23620378562439379
537,5,10,150,39,0.3267831169242068
538,5,10,150,39,0.0
539,5,10,150,39,0.11414433776026256
540,5,10,150,39,0.0
541,5,10,150,39,0.12534926568386062
542,5,10,150,39,0.12627825946936164
543,5,10,150,39,0.0
544,5,10,150,39,0.0
545,5,10,150,39,0.052962244777770985
546,5,10,150,39,0.15314106296495628
547,5,10,150,39,0.0
548,5,10,150,39,0.018860808443248393
549,5,10,150,39,0.0
550,5,10,150,39,0.0
551,5,10,150,39,0.2839279102267645
552,5,10,150,39,0.0
553,5,10,150,39,0.16102243342487008
554,5,10,150,39,0.16600564593053876
555,5,10,150,39,0.0
556,5,10,150,39,0.08876245163110816
557,5,10,150,39,0.0
558,5,10,150,39,0.0
559,5,10,150,39,0.0734773909038217
560,5,10,150,39,0.19335859474678904
561,5,10,150,39,0.0
562,5,10,150,39,0.034743705427429224
563,5,10,150,39,0.0
564,5,10,150,39,0.0
565,5,10,150,39,0.10523285614729473
566,5,10,150,39,0.13665387068436016
567,5,10,150,39,0.13463074517970205
568,5,10,150,39,0.0
569,5,10,150,39,0.0
570,5,10,150,39,0.0
571,5,10,150,39,0.0
572,5,10,150,39,0.058995070558427745
573,5,10,150,39,0.0
574,5,10,150,39,0.04185567464896701
575,5,10,150,39,0.0
576,5,10,150,39,0.17342765698823945
577,5,10,150,39,0.18930276028743934
578,5,10,150,39,0.0
579,5,10,150,39,0.0
580,5,10,150,39,0.10209739512291163
581,5,10,150,39,0.0
582,5,10,150,39,0.0
583,5,10,150,39,0.0
584,5,10,150,39,0.0
585,5,10,150,39,0.0
586,5,10,150,39,0.07482758161941112
587,5,10,150,39,0.0
588,5,10,150,39,0.21432202896150992
589,5,10,150,39,0.0
590,5,10,150,39,0.18511573258657482
591,5,10,150,39,0.15758427078022966
592,5,10,150,39,0.26063970522708596
593,5,10,150,39,0.15257268888187236
594,5,10,150,39,0.0843142342558857
595,5,10,150,39,0.0
596,5,10,150,39,0.0
597,5,10,150,39,0.0
598,5,10,150,39,0.11752277470724268
599,5,10,150,39,0.084510355752413
600,5,10,150,39,0.0
601,5,10,150,39,0.026557570376145638
602,5,10,150,39,0.0
603,5,10,150,39,0.06194403202282284
604,5,10,150,39,0.0
605,5,10,150,39,0.07677414822537214
606,5,10,150,39,0.24247777018328015
607,5,10,150,39,0.0
608,5,10,150,39,0.126140293880171
609,5,10,150,39,0.11838279295536291
610,5,10,150,39,0.0
611,5,10,150,39,0.03927158715985786
612,5,10,150,39,0.0
613,5,10,150,39,0.15130120674940672
614,5,10,150,39,0.13886244387355454
615,5,10,150,39,0.022974664140439565
616,5,10,150,39,0.09781579202094404
617,5,10,150,39,0.03804989622115975
618,5,10,150,39,0.15078600160756736
619,5,10,150,39,0.1303945739341477
620,5,10,150,39,0.10964161607630166
621,5,10,150,39,0.11794864472265719
622,5,10,150,39,0.13435157234650025
623,5,10,150,39,0.050143326786652107
624,5,10,150,39,0.0
625,5,10,150,39,0.0
626,5,10,150,39,0.0
627,5,10,150,39,0.02650905589413334
628,5,10,150,39,0.0
629,5,10,150,39,0.11794421963488726
630,5,10,150,39,0.09942460513010813
631,5,10,150,39,0.0
632,5,10,150,39,0.2802309837406785
633,5,10,150,39,0.0455520698635181
634,5,10,150,39,0.023756977677906275
635,5,10,150,39,0.0
636,5,10,150,39,0.0
637,5,10,150,39,0.0
638,5,10,150,39,0.15473934503245962
639,5,10,150,39,0.0
640,5,10,150,39,0.0637867864178444
641,5,10,150,39,0.0
642,5,10,150,39,0.09924762033310029
643,5,10,150,39,0.15670488882384787
644,5,10,150,39,0.0
645,5,10,150,39,0.1673424068709125
646,5,10,150,39,0.0
647,5,10,150,39,0.03673869545191085
648,5,10,150,39,0.07222618931490135
649,5,10,150,39,0.0
650,5,10,150,39,0.018025933358532354
651,5,10,150,39,0.0
652,5,10,150,39,0.0
653,5,10,150,39,0.05241430062959985
654,5,10,150,39,0.1521155994897412
655,5,10,150,39,0.25467899983719977
656,5,10,150,39,0.0
657,5,10,150,39,0.053845569940583225
658,5,10,150,39,0.0
659,5,10,150,39,0.042183857254436796
660,5,10,150,39,0.0
661,5,10,150,39,0.0860496199597963
662,5,10,150,39,0.0
663,5,10,150,39,0.08670814122615383
664,5,10,150,39,0.05574984741128997
665,5,10,150,39,0.0
666,5,10,150,39,0.09170626614038828
667,5,10,150,39,0.23495437216186538
668,5,10,150,39,0.0
669,5,10,150,39,0.2125308578794234
670,5,10,150,39,0.15539533467551025
671,5,10,150,39,0.1555855576726297
672,5,10,150,39,0.0
673,5,10,150,39,0.0
674,5,10,150,39,0.0
675,5,10,150,39,0.05010834716923557
676,5,10,150,39,0.0
677,5,10,150,39,0.03927489746221688
678,5,10,150,39,0.0
679,5,10,150,39,0.24230773930955837
680,5,10,150,39,0.2073612289146658
681,5,10,150,39,0.0
682,5,10,150,39,0.14798944185940058
683,5,10,150,39,0.03719976603506465
684,5,10,150,39,0.0
685,5,10,150,39,0.0
686,5,10,150,39,0.08962483220812449
687,5,10,150,39,0.0
688,5,10,150,39,0.0
689,5,10,150,39,0.27487633291429087
690,5,10,150,39,0.0
691,5,10,150,39,0.0
692,5,10,150,39,0.0
693,5,10,150,39,0.0
694,5,10,150,39,0.1500604346939239
695,5,10,150,39,0.0
696,5,10,150,39,0.06723507268634088
697,5,10,150,39,0.04505069314087506
698,5,10,150,39,0.09499131598480672
699,5,10,150,39,0.0
700,5,10,150,39,0.16958010263680806
701,5,10,150,39,0.04129602134854855
702,5,10,150,39,0.0
703,5,10,150,39,0.0
704,5,10,150,39,0.03898594405226045
705,5,10,150,39,0.128262164895328
706,5,10,150,39,0.0
707,5,10,150,39,0.11050567311324992
708,5,10,150,39,0.04185109258092126
709,5,10,150,39,0.1072584749723399
710,5,10,150,39,0.05710411178654767
711,5,10,150,39,0.17318483695311337
712,5,10,150,39,0.08872774495482992
713,5,10,150,39,0.0
714,5,10,150,39,0.04195229264874745
715,5,10,150,39,0.09052664299896103
716,5,10,150,39,0.22409085426437733
717,5,10,150,39,0.1671511698578214
718,5,10,150,39,0.0
719,5,10,150,39,0.11614257564286637
720,5,10,150,39,0.05261577455142312
721,5,10,150,39,0.10988610379194184
722,5,10,150,39,0.0
723,5,10,150,39,0.0
724,5,10,150,39,0.0
725,5,10,150,39,0.05750402108673013
726,5,10,150,39,0.2529427027676571
727,5,10,150,39,0.12395886087603641
728,5,10,150,39,0.0
729,5,10,150,39,0.0
730,5,10,150,39,0.0
731,5,10,150,39,0.0
732,5,10,150,39,0.0
733,5,10,150,39,0.0
734,5,10,150,39,0.0655813061736612
735,5,10,150,39,0.0
736,5,10,150,39,0.0
737,5,10,150,39,0.16282663249631943
738,5,10,150,39,0.2565038226236216
739,5,10,150,39,0.0
740,5,10,150,39,0.0
741,5,10,150,39,0.10965210684801945
742,5,10,150,39,0.0
743,5,10,150,39,0.04224853374256244
744,5,10,150,39,0.08878770367712427
745,5,10,150,39,0.33763622740733124
746,5,10,150,39,0.11450296808588954
747,5,10,150,39,0.3711298622265625
748,5,10,150,39,0.1946257849561795
749,5,10,150,39,0.14840581338851122
750,5,10,150,39,0.07219614103266732
751,5,10,150,39,0.06511042378953386
752,5,10,150,39,0.020210299806331135
753,5,10,150,39,0.15406810205846871
754,5,10,150,39,0.0
755,5,10,150,39,0.0
756,5,10,150,39,0.03828357334999627
757,5,10,150,39,0.0
758,5,10,150,39,0.1605936112801096
759,5,10,150,39,0.038281751104512325
760,5,10,150,39,0.11447590313611888
761,5,10,150,39,0.03339755935325358
762,5,10,150,39,0.0647083388415595
763,5,10,150,39,0.22622221592292716
764,5,10,150,39,0.08207588022692468
765,5,10,150,39,0.0
766,5,10,150,39,0.06618196338474414
767,5,10,150,39,0.2073612289146658
768,5,10,150,39,0.07655078846581868
769,5,10,150,39,0.0
770,5,10,150,39,0.0
771,5,10,150,39,0.10700326704282045
772,5,10,150,39,0.03353522641880846
773,5,10,150,39,0.10784887900993245
774,5,10,150,39,0.04144335224328658
775,5,10,150,39,0.0
776,5,10,150,39,0.09115857322708061
777,5,10,150,39,0.14445412169961394
778,5,10,150,39,0.0
779,5,10,150,39,0.05878132199396477
780,5,10,150,39,0.04759023790187059
781,5,10,150,39,0.21898681539091044
782,5,10,150,39,0.01760381746488988
783,5,10,150,39,0.0
784,5,10,150,39,0.0
785,5,10,150,39,0.048159222084064895
786,5,10,150,39,0.1359919036258181
787,5,10,150,39,0.0683037314796457
788,5,10,150,39,0.2460115363045641
789,5,10,150,39,0.059109628562248356
790,5,10,150,39,0.09216370040433845
791,5,10,150,39,0.0
792,5,10,150,39,0.0
793,5,10,150,39,0.0
794,5,10,150,39,0.1678954833056024
795,5,10,150,39,0.13536624265335995
796,5,10,150,39,0.40207777659654115
797,5,10,150,39,0.09030583455080088
798,5,10,150,39,0.1029108503970757
799,5,10,150,39,0.0
800,5,10,150,39,0.0
801,5,10,150,39,0.0
802,5,10,150,39,0.030863419558816
803,5,10,150,39,0.0
804,5,10,150,39,0.19111746900482307
805,5,10,150,39,0.1517765958536026
806,5,10,150,39,0.18081085191347354
807,5,10,150,39,0.209144245909574
808,5,10,150,39,0.0
809,5,10,150,39,0.0
810,5,10,150,39,0.0
811,5,10,150,39,0.0
812,5,10,150,39,0.0
813,5,10,150,39,0.17367331957930765
814,5,10,150,39,0.09144287629100999
815,5,10,150,39,0.3086709945720643
816,5,10,150,39,0.08005612702969578
817,5,10,150,39,0.0
818,5,10,150,39,0.0
819,5,10,150,39,0.0458402539699961
820,5,10,150,39,0.041641441310299704
821,5,10,150,39,0.12643158223868353
822,5,10,150,39,0.0
823,5,10,150,39,0.33904183915291947
824,5,10,150,39,0.0
825,5,10,150,39,0.05308064396229707
826,5,10,150,39,0.07333141088584803
827,5,10,150,39,0.0
828,5,10,150,39,0.05924360858265745
829,5,10,150,39,0.10951828933634093
830,5,10,150,39,0.08291691656156171
831,5,10,150,39,0.14187597933082008
832,5,10,150,39,0.041355644490859725
833,5,10,150,39,0.20300187087243451
834,5,10,150,39,0.0
835,5,10,150,39,0.04398381443556991
836,5,10,150,39,0.05823597777878099
837,5,10,150,39,0.0
838,5,10,150,39,0.1051690765525118
839,5,10,150,39,0.03322541746578526
840,5,10,150,39,0.4077927498182329
841,5,10,150,39,0.0
842,5,10,150,39,0.03314153504336938
843,5,10,150,39,0.14375547223109275
844,5,10,150,39,0.14767302746812566
845,5,10,150,39,0.0
846,5,10,150,39,0.300072616753294
847,5,10,150,39,0.0
848,5,10,150,39,0.06136371888922448
849,5,10,150,39,0.04224853374256244
850,5,10,150,39,0.12002417382878544
851,5,10,150,39,0.3219764140209999
852,5,10,150,39,0.0
853,5,10,150,39,0.0
854,5,10,150,39,0.21542405068637435
855,5,10,150,39,0.0
856,5,10,150,39,0.0
857,5,10,150,39,0.0
858,5,10,150,39,0.0
859,5,10,150,39,0.0
860,5,10,150,39,0.0
861,5,10,150,39,0.09836355940276224
862,5,10,150,39,0.23971248786129268
863,5,10,150,39,0.0
864,5,10,150,39,0.3479242250532015
865,5,10,150,39,0.0
866,5,10,150,39,0.12374681498530773
867,5,10,150,39,0.2548520677422686
868,5,10,150,39,0.1740170388373435
869,5,10,150,39,0.0526955103112175
870,5,10,150,39,0.15667278936810616
871,5,10,150,39,0.17024536856826405
872,5,10,150,39,0.017350858523711227
873,5,10,150,39,0.0
874,5,10,150,39,0.06575393297476358
875,5,10,150,39,0.2118512990986081
876,5,10,150,39,0.0
877,5,10,150,39,0.035476826497407195
878,5,10,150,39,0.062438242989765205
879,5,10,150,39,0.04258528250242427
880,5,10,150,39,0.4286892209287667
881,5,10,150,39,0.38319168524281827
882,5,10,150,39,0.2796987096851211
883,5,10,150,39,0.3314563234003778
884,5,10,150,39,0.028767091820622218
885,5,10,150,39,0.12430228388122064
886,5,10,150,39,0.2375289626919242
887,5,10,150,39,0.1371081557684201
888,5,10,150,39,0.0
889,5,10,150,39,0.3339187659354503
890,5,10,150,39,0.34923972255413444
891,5,10,150,39,0.0
892,5,10,150,39,0.4042674661607539
893,5,10,150,39,0.05014695371369417
894,5,10,150,39,0.2882635569465717
895,5,10,150,39,0.0
896,5,10,150,39,0.4542564110992034
897,5,10,150,39,0.15930649284760695
898,5,10,150,39,0.0
899,5,10,150,39,0.2347886487763823
900,5,10,150,39,0.04588516391390306
901,5,10,150,39,0.2883695246808022
902,5,10,150,39,0.025255271126572616
903,5,10,150,39,0.43512421389997685
904,5,10,150,39,0.0
905,5,10,150,39,0.08773956418811966
906,5,10,150,39,0.0
907,5,10,150,39,0.17200246576418626
908,5,10,150,39,0.1581637298779668
909,5,10,150,39,0.0
910,5,10,150,39,0.14111581018360284
911,5,10,150,39,0.0628726245493173
912,5,10,150,39,0.07877990502228673
913,5,10,150,39,0.2208251768004012
914,5,10,150,39,0.0
915,5,10,150,39,0.0
916,5,10,150,39,0.28226861940456477
917,5,10,150,39,0.0
918,5,10,150,39,0.017474758541436573
919,5,10,150,39,0.18123623259990781
920,5,10,150,39,0.26814570941777965
921,5,10,150,39,0.035476826497407195
922,5,10,150,39,0.14129553665410965
923,5,10,150,39,0.045328685539418864
924,5,10,150,39,0.08536298938871698
925,5,10,150,39,0.039791360812020615
926,5,10,150,39,0.18690891198435525
927,5,10,150,39,0.09490088305608747
928,5,10,150,39,0.1589074847551229
929,5,10,150,39,0.0753982504991096
930,5,10,150,39,0.08429028542432156
931,5,10,150,39,0.059539365700728666
932,5,10,150,39,0.32148000017061884
933,5,10,150,39,0.07476454274930952
934,5,10,150,39,0.20673781954685805
935,5,10,150,39,0.0
936,5,10,150,39,0.1310331518501124
937,5,10,150,39,0.0750451914573381
938,5,10,150,39,0.09841566473591534
939,5,10,150,39,0.05231692143384187
940,5,10,150,39,0.11890177966536822
941,5,10,150,39,0.17060921827860473
942,5,10,150,39,0.07759124461889635
943,5,10,150,39,0.2506961464638383
1,5,10,150,40,0.4058715898896693
2,5,10,150,40,0.0
3,5,10,150,40,0.08759200575528697
4,5,10,150,40,0.0
5,5,10,150,40,0.04470486007704452
6,5,10,150,40,0.04187254809446048
7,5,10,150,40,0.16088256663252282
8,5,10,150,40,0.0
9,5,10,150,40,0.0
10,5,10,150,40,0.27257112466292177
11,5,10,150,40,0.03947525607388688
12,5,10,150,40,0.0787978565107802
13,5,10,150,40,0.2699345982168831
14,5,10,150,40,0.18795160328752808
15,5,10,150,40,0.0
16,5,10,150,40,0.11062750966338458
17,5,10,150,40,0.0
18,5,10,150,40,0.17872418048185143
19,5,10,150,40,0.0
20,5,10,150,40,0.13743816645714543
21,5,10,150,40,0.1265754929129826
22,5,10,150,40,0.0
23,5,10,150,40,0.06541518452970234
24,5,10,150,40,0.05010834716923557
25,5,10,150,40,0.23940867474021393
26,5,10,150,40,0.0
27,5,10,150,40,0.0
28,5,10,150,40,0.0
30,5,10,150,40,0.08133484538841967
31,5,10,150,40,0.0
32,5,10,150,40,0.19519002499605084
33,5,10,150,40,0.0
34,5,10,150,40,0.0
35,5,10,150,40,0.0
37,5,10,150,40,0.08177471774917201
38,5,10,150,40,0.0
39,5,10,150,40,0.0
40,5,10,150,40,0.0
41,5,10,150,40,0.06835476917178976
42,5,10,150,40,0.08850778826764391
43,5,10,150,40,0.0
44,5,10,150,40,0.2672039079048423
45,5,10,150,40,0.0
46,5,10,150,40,0.0
47,5,10,150,40,0.0
48,5,10,150,40,0.0
49,5,10,150,40,0.033808395438916686
52,5,10,150,40,0.0
53,5,10,150,40,0.0
54,5,10,150,40,0.0
55,5,10,150,40,0.0
56,5,10,150,40,0.11781210270929884
57,5,10,150,40,0.1318392860374695
58,5,10,150,40,0.33144193348521184
59,5,10,150,40,0.19233148606048747
60,5,10,150,40,0.1076743759411119
61,5,10,150,40,0.0
62,5,10,150,40,0.09586820699422145
63,5,10,150,40,0.0
64,5,10,150,40,0.04759023790187059
65,5,10,150,40,0.2342550150352983
66,5,10,150,40,0.0
67,5,10,150,40,0.0
68,5,10,150,40,0.0
69,5,10,150,40,0.0
70,5,10,150,40,0.0
71,5,10,150,40,0.20758456043036028
72,5,10,150,40,0.10990826949013655
73,5,10,150,40,0.05276490902632437
74,5,10,150,40,0.0
75,5,10,150,40,0.0
76,5,10,150,40,0.10633668103022985
77,5,10,150,40,0.05154847002173459
78,5,10,150,40,0.0
79,5,10,150,40,0.0
80,5,10,150,40,0.0
81,5,10,150,40,0.08878770367712427
82,5,10,150,40,0.0
83,5,10,150,40,0.07414861528507455
84,5,10,150,40,0.07550980911390262
85,5,10,150,40,0.04734112273659951
86,5,10,150,40,0.0
87,5,10,150,40,0.1102104590629334
88,5,10,150,40,0.18920035951687003
89,5,10,150,40,0.0
90,5,10,150,40,0.11641023011265045
91,5,10,150,40,0.0
92,5,10,150,40,0.03369782041898502
93,5,10,150,40,0.0
94,5,10,150,40,0.10370221609124387
95,5,10,150,40,0.07849567312219397
96,5,10,150,40,0.0
97,5,10,150,40,0.0
98,5,10,150,40,0.0
99,5,10,150,40,0.09641171098317775
100,5,10,150,40,0.0
101,5,10,150,40,0.0
102,5,10,150,40,0.0
103,5,10,150,40,0.0
104,5,10,150,40,0.33958467175585033
105,5,10,150,40,0.0
106,5,10,150,40,0.06516188295518531
107,5,10,150,40,0.0
109,5,10,150,40,0.16563719724029594
110,5,10,150,40,0.0
111,5,10,150,40,0.0
112,5,10,150,40,0.07807600999842033
113,5,10,150,40,0.0
114,5,10,150,40,0.08274602130532002
115,5,10,150,40,0.04001677477281075
116,5,10,150,40,0.0
117,5,10,150,40,0.0
118,5,10,150,40,0.16958010263680806
119,5,10,150,40,0.0
120,5,10,150,40,0.0
121,5,10,150,40,0.13032376591037062
122,5,10,150,40,0.0
123,5,10,150,40,0.13720340769293682
124,5,10,150,40,0.0
125,5,10,150,40,0.05446333035917803
126,5,10,150,40,0.0
128,5,10,150,40,0.0
129,5,10,150,40,0.0
130,5,10,150,40,0.15174952279352721
131,5,10,150,40,0.0
132,5,10,150,40,0.0
133,5,10,150,40,0.0
134,5,10,150,40,0.0
135,5,10,150,40,0.0
136,5,10,150,40,0.0
137,5,10,150,40,0.0
138,5,10,150,40,0.0976168253917686
139,5,10,150,40,0.0
140,5,10,150,40,0.0
141,5,10,150,40,0.0
142,5,10,150,40,0.0
143,5,10,150,40,0.0
144,5,10,150,40,0.0
145,5,10,150,40,0.17597149971119974
146,5,10,150,40,0.0
147,5,10,150,40,0.0
148,5,10,150,40,0.0
149,5,10,150,40,0.0
150,5,10,150,40,0.2640681225725909
151,5,10,150,40,0.07803799044968916
152,5,10,150,40,0.0
153,5,10,150,40,0.0
154,5,10,150,40,0.06416923277158361
155,5,10,150,40,0.0
156,5,10,150,40,0.0
157,5,10,150,40,0.0
158,5,10,150,40,0.08010006541788642
159,5,10,150,40,0.23138144801632507
160,5,10,150,40,0.1719271394881576
161,5,10,150,40,0.0
162,5,10,150,40,0.0
163,5,10,150,40,0.0
164,5,10,150,40,0.0
165,5,10,150,40,0.0
167,5,10,150,40,0.05319635904163211
168,5,10,150,40,0.0
169,5,10,150,40,0.0
170,5,10,150,40,0.0
171,5,10,150,40,0.0
173,5,10,150,40,0.0
174,5,10,150,40,0.0
175,5,10,150,40,0.21517910082405575
176,5,10,150,40,0.0
177,5,10,150,40,0.38113435412202
178,5,10,150,40,0.12597398707460816
179,5,10,150,40,0.09149012142095872
180,5,10,150,40,0.06228974831361337
181,5,10,150,40,0.07956605039330662
182,5,10,150,40,0.0
183,5,10,150,40,0.15101961822780524
184,5,10,150,40,0.0
185,5,10,150,40,0.0
186,5,10,150,40,0.0
187,5,10,150,40,0.0
188,5,10,150,40,0.12925733948536566
189,5,10,150,40,0.1622220746837199
190,5,10,150,40,0.0
192,5,10,150,40,0.123151194370365
193,5,10,150,40,0.0
194,5,10,150,40,0.0
195,5,10,150,40,0.11787667935667444
196,5,10,150,40,0.0
197,5,10,150,40,0.09546043308946733
198,5,10,150,40,0.0
199,5,10,150,40,0.0
200,5,10,150,40,0.09785159463516042
201,5,10,150,40,0.0
202,5,10,150,40,0.0
203,5,10,150,40,0.0
204,5,10,150,40,0.19519002499605084
205,5,10,150,40,0.0
206,5,10,150,40,0.0
207,5,10,150,40,0.0
208,5,10,150,40,0.0
209,5,10,150,40,0.0
210,5,10,150,40,0.2167516193508568
211,5,10,150,40,0.0
213,5,10,150,40,0.08445760625486516
214,5,10,150,40,0.0
216,5,10,150,40,0.23813231172447274
217,5,10,150,40,0.0
218,5,10,150,40,0.0
219,5,10,150,40,0.0
221,5,10,150,40,0.0
222,5,10,150,40,0.1050995674008573
223,5,10,150,40,0.0
224,5,10,150,40,0.0
225,5,10,150,40,0.09077089626867633
226,5,10,150,40,0.19092086617893467
227,5,10,150,40,0.0
228,5,10,150,40,0.0
229,5,10,150,40,0.0
230,5,10,150,40,0.12683081539850163
231,5,10,150,40,0.0
232,5,10,150,40,0.0
233,5,10,150,40,0.23172568042238212
234,5,10,150,40,0.0
235,5,10,150,40,0.0
236,5,10,150,40,0.0
237,5,10,150,40,0.19342640361727081
238,5,10,150,40,0.0
239,5,10,150,40,0.06912040963822193
240,5,10,150,40,0.12495636102304827
241,5,10,150,40,0.0
242,5,10,150,40,0.0
243,5,10,150,40,0.0
244,5,10,150,40,0.049712302565054066
245,5,10,150,40,0.0
246,5,10,150,40,0.0561326498270945
247,5,10,150,40,0.09472348220010487
248,5,10,150,40,0.09472348220010487
249,5,10,150,40,0.056720838976548935
250,5,10,150,40,0.0
251,5,10,150,40,0.13032376591037062
252,5,10,150,40,0.20184908658209985
253,5,10,150,40,0.05725248542464807
254,5,10,150,40,0.08514311764162098
255,5,10,150,40,0.0
256,5,10,150,40,0.038925970325304815
257,5,10,150,40,0.07984133538066794
258,5,10,150,40,0.0
259,5,10,150,40,0.067856722420442
260,5,10,150,40,0.0
261,5,10,150,40,0.0
262,5,10,150,40,0.0
263,5,10,150,40,0.0956366800683804
264,5,10,150,40,0.0
265,5,10,150,40,0.0
266,5,10,150,40,0.0
267,5,10,150,40,0.17168372277322866
268,5,10,150,40,0.049712302565054066
269,5,10,150,40,0.052962244777770985
270,5,10,150,40,0.041641441310299704
271,5,10,150,40,0.13010624216828925
272,5,10,150,40,0.08942172406547305
273,5,10,150,40,0.0
274,5,10,150,40,0.0
275,5,10,150,40,0.0
276,5,10,150,40,0.15875999922826586
277,5,10,150,40,0.0
278,5,10,150,40,0.0
279,5,10,150,40,0.11068223940872732
280,5,10,150,40,0.14324481060386993
281,5,10,150,40,0.0
282,5,10,150,40,0.0
283,5,10,150,40,0.0
284,5,10,150,40,0.0
285,5,10,150,40,0.0
286,5,10,150,40,0.05490370618855431
287,5,10,150,40,0.0
288,5,10,150,40,0.0
289,5,10,150,40,0.0
290,5,10,150,40,0.07834851647149511
291,5,10,150,40,0.07828167840727236
292,5,10,150,40,0.04224853374256244
293,5,10,150,40,0.062192625389540866
294,5,10,150,40,0.0
295,5,10,150,40,0.2603201838311303
296,5,10,150,40,0.10860713607593808
297,5,10,150,40,0.0
298,5,10,150,40,0.061080020762274374
299,5,10,150,40,0.0
300,5,10,150,40,0.0
301,5,10,150,40,0.06460801587741544
302,5,10,150,40,0.09224219235917257
303,5,10,150,40,0.05745511858789652
304,5,10,150,40,0.0
305,5,10,150,40,0.11349000778741654
306,5,10,150,40,0.0
307,5,10,150,40,0.10778915452451093
308,5,10,150,40,0.13490077762666258
310,5,10,150,40,0.0
311,5,10,150,40,0.13301422444853
312,5,10,150,40,0.08520401710471519
313,5,10,150,40,0.11270402374049442
314,5,10,150,40,0.16600564593053876
315,5,10,150,40,0.0
316,5,10,150,40,0.0
317,5,10,150,40,0.0
318,5,10,150,40,0.10567847230623394
319,5,10,150,40,0.0
320,5,10,150,40,0.13927874459665815
321,5,10,150,40,0.0
322,5,10,150,40,0.0
323,5,10,150,40,0.1610425878239398
324,5,10,150,40,0.0
325,5,10,150,40,0.09092803061897883
326,5,10,150,40,0.027288805847552652
327,5,10,150,40,0.025410386140327024
328,5,10,150,40,0.09206364236149692
329,5,10,150,40,0.0
330,5,10,150,40,0.07197991643202278
331,5,10,150,40,0.0
332,5,10,150,40,0.09320485889859448
334,5,10,150,40,0.0
335,5,10,150,40,0.0
336,5,10,150,40,0.049712302565054066
337,5,10,150,40,0.0
338,5,10,150,40,0.07132875491150918
339,5,10,150,40,0.1430641274918087
340,5,10,150,40,0.0
341,5,10,150,40,0.0
342,5,10,150,40,0.31341134215401556
343,5,10,150,40,0.09229649639444802
344,5,10,150,40,0.1202034973803211
345,5,10,150,40,0.18015355216717013
346,5,10,150,40,0.04366879852493834
347,5,10,150,40,0.22280620320442554
348,5,10,150,40,0.0
349,5,10,150,40,0.0
350,5,10,150,40,0.058087171966128066
351,5,10,150,40,0.0
352,5,10,150,40,0.1903601622684853
353,5,10,150,40,0.14434031438272124
354,5,10,150,40,0.06335619058732639
355,5,10,150,40,0.0
356,5,10,150,40,0.0
357,5,10,150,40,0.0
358,5,10,150,40,0.06364028872631156
359,5,10,150,40,0.3010299956639812
360,5,10,150,40,0.12982031659526816
361,5,10,150,40,0.09478836436955078
362,5,10,150,40,0.0
363,5,10,150,40,0.22463865489880525
364,5,10,150,40,0.0
365,5,10,150,40,0.0
366,5,10,150,40,0.0
367,5,10,150,40,0.0
368,5,10,150,40,0.0
369,5,10,150,40,0.0
370,5,10,150,40,0.0
371,5,10,150,40,0.07984133538066794
372,5,10,150,40,0.15130120674940672
373,5,10,150,40,0.22842722979011518
374,5,10,150,40,0.07472550252128253
375,5,10,150,40,0.0
376,5,10,150,40,0.0
377,5,10,150,40,0.0
378,5,10,150,40,0.12028809946908156
379,5,10,150,40,0.04401835325961603
380,5,10,150,40,0.0
381,5,10,150,40,0.0
382,5,10,150,40,0.05261577455142312
383,5,10,150,40,0.0
384,5,10,150,40,0.0
385,5,10,150,40,0.0
386,5,10,150,40,0.0
387,5,10,150,40,0.08586571489348302
388,5,10,150,40,0.0
389,5,10,150,40,0.09284203700798714
390,5,10,150,40,0.0
391,5,10,150,40,0.11245246430543061
392,5,10,150,40,0.11004588314904008
393,5,10,150,40,0.15503658429465209
394,5,10,150,40,0.16570616085215287
395,5,10,150,40,0.0
396,5,10,150,40,0.0
397,5,10,150,40,0.11004588314904008
398,5,10,150,40,0.23681541828907415
399,5,10,150,40,0.026175882249243814
400,5,10,150,40,0.0
401,5,10,150,40,0.02839245759615368
402,5,10,150,40,0.0
403,5,10,150,40,0.2529427027676571
404,5,10,150,40,0.0
405,5,10,150,40,0.04534105130443422
406,5,10,150,40,0.07193547672353401
407,5,10,150,40,0.07081727565973653
408,5,10,150,40,0.09983719697789138
409,5,10,150,40,0.0334374913847135
410,5,10,150,40,0.0
411,5,10,150,40,0.17342765698823945
412,5,10,150,40,0.0
413,5,10,150,40,0.0
414,5,10,150,40,0.21398626473452756
415,5,10,150,40,0.0
416,5,10,150,40,0.13851888013381525
417,5,10,150,40,0.0895852844335066
419,5,10,150,40,0.30260241349881345
420,5,10,150,40,0.0
421,5,10,150,40,0.0
422,5,10,150,40,0.0
423,5,10,150,40,0.08440880858250024
424,5,10,150,40,0.0
425,5,10,150,40,0.2082843711703412
426,5,10,150,40,0.13571943816109763
427,5,10,150,40,0.0
428,5,10,150,40,0.0
429,5,10,150,40,0.1627317735694993
430,5,10,150,40,0.1261446714466394
431,5,10,150,40,0.0
432,5,10,150,40,0.0
433,5,10,150,40,0.0
434,5,10,150,40,0.3903800499921017
435,5,10,150,40,0.10787044486537208
436,5,10,150,40,0.06490403551612171
437,5,10,150,40,0.22972973128433707
438,5,10,150,40,0.0
439,5,10,150,40,0.0
440,5,10,150,40,0.0
441,5,10,150,40,0.0
442,5,10,150,40,0.0
443,5,10,150,40,0.0
445,5,10,150,40,0.0
446,5,10,150,40,0.0
447,5,10,150,40,0.24290422668756767
448,5,10,150,40,0.0
449,5,10,150,40,0.04403205443910179
450,5,10,150,40,0.22497517905687492
451,5,10,150,40,0.0
452,5,10,150,40,0.07830573469972951
453,5,10,150,40,0.029956785715628154
454,5,10,150,40,0.0
455,5,10,150,40,0.0
456,5,10,150,40,0.07758828619721583
457,5,10,150,40,0.27419126308067887
458,5,10,150,40,0.02284220670606328
459,5,10,150,40,0.0
460,5,10,150,40,0.0
461,5,10,150,40,0.0
462,5,10,150,40,0.0
463,5,10,150,40,0.0
464,5,10,150,40,0.0
465,5,10,150,40,0.0
466,5,10,150,40,0.03947525607388688
467,5,10,150,40,0.07335312372354855
468,5,10,150,40,0.25116683884278784
469,5,10,150,40,0.0
470,5,10,150,40,0.0
471,5,10,150,40,0.0
472,5,10,150,40,0.09283591238627378
473,5,10,150,40,0.08754031530847717
474,5,10,150,40,0.28344067059171446
475,5,10,150,40,0.06516188295518531
476,5,10,150,40,0.0
477,5,10,150,40,0.0
478,5,10,150,40,0.23782833255689273
479,5,10,150,40,0.07834096783470737
480,5,10,150,40,0.21398626473452756
481,5,10,150,40,0.13863671367752411
482,5,10,150,40,0.0
483,5,10,150,40,0.06912040963822193
484,5,10,150,40,0.09353062527112192
485,5,10,150,40,0.0
486,5,10,150,40,0.0877209484781505
487,5,10,150,40,0.1698630616162589
488,5,10,150,40,0.0
489,5,10,150,40,0.0
490,5,10,150,40,0.0
491,5,10,150,40,0.19092086617893467
492,5,10,150,40,0.12471554514794539
493,5,10,150,40,0.0
494,5,10,150,40,0.0
495,5,10,150,40,0.10048896362940396
496,5,10,150,40,0.05459112561892713
497,5,10,150,40,0.0
498,5,10,150,40,0.03855307727568851
499,5,10,150,40,0.1912282106369008
500,5,10,150,40,0.03148908318001809
501,5,10,150,40,0.0
502,5,10,150,40,0.06364028872631156
503,5,10,150,40,0.14184577198353127
504,5,10,150,40,0.0
505,5,10,150,40,0.0
506,5,10,150,40,0.10589517949214913
507,5,10,150,40,0.0
508,5,10,150,40,0.0
509,5,10,150,40,0.06474271459046577
510,5,10,150,40,0.0
511,5,10,150,40,0.0
512,5,10,150,40,0.0
513,5,10,150,40,0.0
514,5,10,150,40,0.10595566933616397
515,5,10,150,40,0.0
516,5,10,150,40,0.0
517,5,10,150,40,0.042259191411409554
518,5,10,150,40,0.0
519,5,10,150,40,0.0
520,5,10,150,40,0.0
521,5,10,150,40,0.0
522,5,10,150,40,0.0
523,5,10,150,40,0.0316088333445714
524,5,10,150,40,0.09293578463536564
525,5,10,150,40,0.0
526,5,10,150,40,0.03227932543520417
527,5,10,150,40,0.12265062558661
528,5,10,150,40,0.14110144150616766
529,5,10,150,40,0.0
530,5,10,150,40,0.0
531,5,10,150,40,0.0
532,5,10,150,40,0.016829128219614346
533,5,10,150,40,0.13153992686834692
534,5,10,150,40,0.04084531701587904
535,5,10,150,40,0.23945874281261442
536,5,10,150,40,0.23620378562439379
537,5,10,150,40,0.33811277016909846
538,5,10,150,40,0.0
539,5,10,150,40,0.11414433776026256
540,5,10,150,40,0.0
541,5,10,150,40,0.12534926568386062
542,5,10,150,40,0.12627825946936164
543,5,10,150,40,0.0
544,5,10,150,40,0.0
545,5,10,150,40,0.052962244777770985
546,5,10,150,40,0.15314106296495628
547,5,10,150,40,0.0
548,5,10,150,40,0.0369180152329196
549,5,10,150,40,0.0
550,5,10,150,40,0.0
551,5,10,150,40,0.27914965102043116
552,5,10,150,40,0.0
553,5,10,150,40,0.16102243342487008
554,5,10,150,40,0.16600564593053876
555,5,10,150,40,0.0
556,5,10,150,40,0.08876245163110816
557,5,10,150,40,0.0
558,5,10,150,40,0.0
559,5,10,150,40,0.0734773909038217
560,5,10,150,40,0.19335859474678904
561,5,10,150,40,0.0
562,5,10,150,40,0.034743705427429224
563,5,10,150,40,0.0
564,5,10,150,40,0.0
565,5,10,150,40,0.10523285614729473
566,5,10,150,40,0.13665387068436016
567,5,10,150,40,0.13463074517970205
568,5,10,150,40,0.0
569,5,10,150,40,0.0
570,5,10,150,40,0.0
571,5,10,150,40,0.0
572,5,10,150,40,0.058995070558427745
573,5,10,150,40,0.0
574,5,10,150,40,0.04185567464896701
575,5,10,150,40,0.0
576,5,10,150,40,0.17342765698823945
577,5,10,150,40,0.18930276028743934
578,5,10,150,40,0.0
579,5,10,150,40,0.0
580,5,10,150,40,0.10209739512291163
581,5,10,150,40,0.0
582,5,10,150,40,0.028361369701356044
583,5,10,150,40,0.0
584,5,10,150,40,0.0
585,5,10,150,40,0.0
586,5,10,150,40,0.07482758161941112
587,5,10,150,40,0.0
588,5,10,150,40,0.21071517605582876
589,5,10,150,40,0.0
590,5,10,150,40,0.18511573258657482
591,5,10,150,40,0.15758427078022966
592,5,10,150,40,0.2730824944283112
593,5,10,150,40,0.15257268888187236
594,5,10,150,40,0.0843142342558857
595,5,10,150,40,0.0
596,5,10,150,40,0.0
597,5,10,150,40,0.0
598,5,10,150,40,0.11752277470724268
599,5,10,150,40,0.084510355752413
600,5,10,150,40,0.0
601,5,10,150,40,0.026557570376145638
602,5,10,150,40,0.0
603,5,10,150,40,0.06194403202282284
604,5,10,150,40,0.0
605,5,10,150,40,0.07677414822537214
606,5,10,150,40,0.23839708069845952
607,5,10,150,40,0.0
608,5,10,150,40,0.126140293880171
609,5,10,150,40,0.11838279295536291
610,5,10,150,40,0.0
611,5,10,150,40,0.03927158715985786
612,5,10,150,40,0.0
613,5,10,150,40,0.15130120674940672
614,5,10,150,40,0.13886244387355454
615,5,10,150,40,0.022974664140439565
616,5,10,150,40,0.09781579202094404
617,5,10,150,40,0.03804989622115975
618,5,10,150,40,0.14824840465279063
619,5,10,150,40,0.1303945739341477
620,5,10,150,40,0.10964161607630166
621,5,10,150,40,0.11794864472265719
622,5,10,150,40,0.1320905525089742
623,5,10,150,40,0.050143326786652107
624,5,10,150,40,0.0
625,5,10,150,40,0.0
626,5,10,150,40,0.0
627,5,10,150,40,0.04289205981312439
628,5,10,150,40,0.0
629,5,10,150,40,0.11794421963488726
630,5,10,150,40,0.09942460513010813
631,5,10,150,40,0.0
632,5,10,150,40,0.2802309837406785
633,5,10,150,40,0.0455520698635181
634,5,10,150,40,0.023756977677906275
635,5,10,150,40,0.0
636,5,10,150,40,0.0
637,5,10,150,40,0.0
638,5,10,150,40,0.15473934503245962
639,5,10,150,40,0.0
640,5,10,150,40,0.0637867864178444
641,5,10,150,40,0.0
642,5,10,150,40,0.09757736940502294
643,5,10,150,40,0.1540676821571909
644,5,10,150,40,0.0
645,5,10,150,40,0.1673424068709125
646,5,10,150,40,0.0
647,5,10,150,40,0.03673869545191085
648,5,10,150,40,0.07101068551410673
649,5,10,150,40,0.0
650,5,10,150,40,0.01772257261476339
651,5,10,150,40,0.0
652,5,10,150,40,0.0
653,5,10,150,40,0.0515322136437629
654,5,10,150,40,0.1521155994897412
655,5,10,150,40,0.25039297429409635
656,5,10,150,40,0.0
657,5,10,150,40,0.053845569940583225
658,5,10,150,40,0.0
659,5,10,150,40,0.04147393971190397
660,5,10,150,40,0.0
661,5,10,150,40,0.0860496199597963
662,5,10,150,40,0.0
663,5,10,150,40,0.08524891879977446
664,5,10,150,40,0.05481162608098143
665,5,10,150,40,0.0
666,5,10,150,40,0.0901629296289696
667,5,10,150,40,0.23495437216186538
668,5,10,150,40,0.0
669,5,10,150,40,0.2316621712044608
670,5,10,150,40,0.15539533467551025
671,5,10,150,40,0.17434206503696043
672,5,10,150,40,0.0
673,5,10,150,40,0.0
674,5,10,150,40,0.0
675,5,10,150,40,0.05010834716923557
676,5,10,150,40,0.0
677,5,10,150,40,0.03927489746221688
678,5,10,150,40,0.0
679,5,10,150,40,0.26970586372388394
680,5,10,150,40,0.2073612289146658
681,5,10,150,40,0.0
682,5,10,150,40,0.14549890856719958
683,5,10,150,40,0.06289349548893712
684,5,10,150,40,0.0
685,5,10,150,40,0.0
686,5,10,150,40,0.08962483220812449
687,5,10,150,40,0.0
688,5,10,150,40,0.0
689,5,10,150,40,0.27487633291429087
690,5,10,150,40,0.0
691,5,10,150,40,0.0
692,5,10,150,40,0.0
693,5,10,150,40,0.0
694,5,10,150,40,0.16779079286924847
695,5,10,150,40,0.0
696,5,10,150,40,0.06723507268634088
697,5,10,150,40,0.04505069314087506
698,5,10,150,40,0.09499131598480672
699,5,10,150,40,0.0
700,5,10,150,40,0.16958010263680806
701,5,10,150,40,0.04129602134854855
702,5,10,150,40,0.0
703,5,10,150,40,0.03870447337439288
704,5,10,150,40,0.03898594405226045
705,5,10,150,40,0.128262164895328
706,5,10,150,40,0.0
707,5,10,150,40,0.1254750871910466
708,5,10,150,40,0.04185109258092126
709,5,10,150,40,0.1054534083443901
710,5,10,150,40,0.05710411178654767
711,5,10,150,40,0.17027028712633643
712,5,10,150,40,0.08872774495482992
713,5,10,150,40,0.0
714,5,10,150,40,0.04195229264874745
715,5,10,150,40,0.08900315851664026
716,5,10,150,40,0.2203196005451192
717,5,10,150,40,0.1671511698578214
718,5,10,150,40,0.0
719,5,10,150,40,0.11614257564286637
720,5,10,150,40,0.05261577455142312
721,5,10,150,40,0.1080368164616734
722,5,10,150,40,0.0
723,5,10,150,40,0.0
724,5,10,150,40,0.0
725,5,10,150,40,0.05750402108673013
726,5,10,150,40,0.2529427027676571
727,5,10,150,40,0.12187274131239625
728,5,10,150,40,0.0
729,5,10,150,40,0.0
730,5,10,150,40,0.0
731,5,10,150,40,0.0
732,5,10,150,40,0.0
733,5,10,150,40,0.0
734,5,10,150,40,0.0655813061736612
735,5,10,150,40,0.0
736,5,10,150,40,0.0
737,5,10,150,40,0.16282663249631943
738,5,10,150,40,0.25218708690386743
739,5,10,150,40,0.0
740,5,10,150,40,0.0
741,5,10,150,40,0.10965210684801945
742,5,10,150,40,0.0
743,5,10,150,40,0.04224853374256244
744,5,10,150,40,0.08878770367712427
745,5,10,150,40,0.3682049230943936
746,5,10,150,40,0.11450296808588954
747,5,10,150,40,0.3817131984086382
748,5,10,150,40,0.1946257849561795
749,5,10,150,40,0.1459082729264598
750,5,10,150,40,0.07219614103266732
751,5,10,150,40,0.06401467211914637
752,5,10,150,40,0.020210299806331135
753,5,10,150,40,0.15406810205846871
754,5,10,150,40,0.0
755,5,10,150,40,0.0
756,5,10,150,40,0.03828357334999627
757,5,10,150,40,0.0
758,5,10,150,40,0.17472008902424005
759,5,10,150,40,0.038281751104512325
760,5,10,150,40,0.11447590313611888
761,5,10,150,40,0.03339755935325358
762,5,10,150,40,0.0647083388415595
763,5,10,150,40,0.22241509324503494
764,5,10,150,40,0.08207588022692468
765,5,10,150,40,0.0
766,5,10,150,40,0.06506817863711645
767,5,10,150,40,0.2073612289146658
768,5,10,150,40,0.07655078846581868
769,5,10,150,40,0.0
770,5,10,150,40,0.0
771,5,10,150,40,0.10700326704282045
772,5,10,150,40,0.03353522641880846
773,5,10,150,40,0.10603387639673262
774,5,10,150,40,0.04074589675453367
775,5,10,150,40,0.0
776,5,10,150,40,0.08962445390992496
777,5,10,150,40,0.14445412169961394
778,5,10,150,40,0.0
779,5,10,150,40,0.05878132199396477
780,5,10,150,40,0.04759023790187059
781,5,10,150,40,0.21898681539091044
782,5,10,150,40,0.01730756056361856
783,5,10,150,40,0.0
784,5,10,150,40,0.0
785,5,10,150,40,0.048159222084064895
786,5,10,150,40,0.13370327844286975
787,5,10,150,40,0.0683037314796457
788,5,10,150,40,0.24187137661659028
789,5,10,150,40,0.059109628562248356
790,5,10,150,40,0.09061266567303972
791,5,10,150,40,0.0
792,5,10,150,40,0.0
793,5,10,150,40,0.0
794,5,10,150,40,0.1678954833056024
795,5,10,150,40,0.1330881467991391
796,5,10,150,40,0.3953111581399405
797,5,10,150,40,0.09030583455080088
798,5,10,150,40,0.10117895050055377
799,5,10,150,40,0.0
800,5,10,150,40,0.0
801,5,10,150,40,0.0
802,5,10,150,40,0.030863419558816
803,5,10,150,40,0.0
804,5,10,150,40,0.18790112861393274
805,5,10,150,40,0.14922232806124572
806,5,10,150,40,0.17776796290312397
807,5,10,150,40,0.20562453057876723
808,5,10,150,40,0.0
809,5,10,150,40,0.0
810,5,10,150,40,0.0
811,5,10,150,40,0.0
812,5,10,150,40,0.0
813,5,10,150,40,0.17367331957930765
814,5,10,150,40,0.09144287629100999
815,5,10,150,40,0.30347633082673514
816,5,10,150,40,0.08005612702969578
817,5,10,150,40,0.0
818,5,10,150,40,0.0
819,5,10,150,40,0.0458402539699961
820,5,10,150,40,0.041641441310299704
821,5,10,150,40,0.12643158223868353
822,5,10,150,40,0.0
823,5,10,150,40,0.3501651887896155
824,5,10,150,40,0.0
825,5,10,150,40,0.052187342999075875
826,5,10,150,40,0.07209730716952487
827,5,10,150,40,0.0
828,5,10,150,40,0.058246590297627264
829,5,10,150,40,0.10951828933634093
830,5,10,150,40,0.08291691656156171
831,5,10,150,40,0.14187597933082008
832,5,10,150,40,0.041355644490859725
833,5,10,150,40,0.1995855263587007
834,5,10,150,40,0.0
835,5,10,150,40,0.04324360518284598
836,5,10,150,40,0.05823597777878099
837,5,10,150,40,0.0
838,5,10,150,40,0.10339917267847114
839,5,10,150,40,0.03322541746578526
840,5,10,150,40,0.41775908156412705
841,5,10,150,40,0.0
842,5,10,150,40,0.03314153504336938
843,5,10,150,40,0.14133619295664449
844,5,10,150,40,0.14767302746812566
845,5,10,150,40,0.0
846,5,10,150,40,0.311851784430372
847,5,10,150,40,0.0
848,5,10,150,40,0.06033102099600535
849,5,10,150,40,0.04224853374256244
850,5,10,150,40,0.12002417382878544
851,5,10,150,40,0.31655783166574886
852,5,10,150,40,0.0
853,5,10,150,40,0.0
854,5,10,150,40,0.21179865171578466
855,5,10,150,40,0.0
856,5,10,150,40,0.0
857,5,10,150,40,0.0
858,5,10,150,40,0.0
859,5,10,150,40,0.0
860,5,10,150,40,0.0
861,5,10,150,40,0.09836355940276224
862,5,10,150,40,0.2525074638868466
863,5,10,150,40,0.0
864,5,10,150,40,0.3420689636590712
865,5,10,150,40,0.0
866,5,10,150,40,0.12374681498530773
867,5,10,150,40,0.2505631296172001
868,5,10,150,40,0.17108848377835226
869,5,10,150,40,0.0526955103112175
870,5,10,150,40,0.15403612290730567
871,5,10,150,40,0.18420941565144758
872,5,10,150,40,0.0170588587008953
873,5,10,150,40,0.0
874,5,10,150,40,0.06575393297476358
875,5,10,150,40,0.20828602642258573
876,5,10,150,40,0.0
877,5,10,150,40,0.03487978243545732
878,5,10,150,40,0.06138746179268301
879,5,10,150,40,0.04258528250242427
880,5,10,150,40,0.42147475506338994
881,5,10,150,40,0.37674290323917675
882,5,10,150,40,0.2918207524565839
883,5,10,150,40,0.3427073306542852
884,5,10,150,40,0.028767091820622218
885,5,10,150,40,0.12221038480779267
886,5,10,150,40,0.2335315573229098
887,5,10,150,40,0.15162987325465282
888,5,10,150,40,0.0
889,5,10,150,40,0.32829920420858716
890,5,10,150,40,0.34336232248388837
891,5,10,150,40,0.0
892,5,10,150,40,0.3974639971377159
893,5,10,150,40,0.05014695371369417
894,5,10,150,40,0.2834123325856757
895,5,10,150,40,0.0
896,5,10,150,40,0.46344079993184734
897,5,10,150,40,0.1566255034532575
898,5,10,150,40,0.0
899,5,10,150,40,0.23083736050161455
900,5,10,150,40,0.04588516391390306
901,5,10,150,40,0.2835165169753197
902,5,10,150,40,0.025255271126572616
903,5,10,150,40,0.44463058093240954
904,5,10,150,40,0.0
905,5,10,150,40,0.08773956418811966
906,5,10,150,40,0.0
907,5,10,150,40,0.16910781421375093
908,5,10,150,40,0.15550197218815806
909,5,10,150,40,0.0
910,5,10,150,40,0.14111581018360284
911,5,10,150,40,0.06181453308927316
912,5,10,150,40,0.07877990502228673
913,5,10,150,40,0.21710888158590824
914,5,10,150,40,0.0
915,5,10,150,40,0.0
916,5,10,150,40,0.27751828461623185
917,5,10,150,40,0.0
918,5,10,150,40,0.017180673589335935
919,5,10,150,40,0.17818618480344411
920,5,10,150,40,0.26814570941777965
921,5,10,150,40,0.03487978243545732
922,5,10,150,40,0.15574678417051277
923,5,10,150,40,0.0445658432784494
924,5,10,150,40,0.100755532914699
925,5,10,150,40,0.039791360812020615
926,5,10,150,40,0.18690891198435525
927,5,10,150,40,0.09330378392698194
928,5,10,150,40,0.1589074847551229
929,5,10,150,40,0.0753982504991096
930,5,10,150,40,0.08287175340324775
931,5,10,150,40,0.059539365700728666
932,5,10,150,40,0.3160697720277058
933,5,10,150,40,0.07350632067310055
934,5,10,150,40,0.22008773049347483
935,5,10,150,40,0.0
936,5,10,150,40,0.145657106356221
937,5,10,150,40,0.0750451914573381
938,5,10,150,40,0.09675941489525604
939,5,10,150,40,0.05231692143384187
940,5,10,150,40,0.1169007663698394
941,5,10,150,40,0.17060921827860473
942,5,10,150,40,0.09311457983409982
943,5,10,150,40,0.24647714887083516
1,5,10,150,41,0.4058715898896693
2,5,10,150,41,0.07239559903187814
3,5,10,150,41,0.08759200575528697
4,5,10,150,41,0.0
5,5,10,150,41,0.04470486007704452
6,5,10,150,41,0.04187254809446048
7,5,10,150,41,0.1849553466368852
8,5,10,150,41,0.0
9,5,10,150,41,0.0
10,5,10,150,41,0.27257112466292177
11,5,10,150,41,0.03947525607388688
12,5,10,150,41,0.0787978565107802
13,5,10,150,41,0.26549534944278314
14,5,10,150,41,0.18795160328752808
15,5,10,150,41,0.0
16,5,10,150,41,0.11062750966338458
17,5,10,150,41,0.0
18,5,10,150,41,0.17872418048185143
19,5,10,150,41,0.0
20,5,10,150,41,0.13743816645714543
21,5,10,150,41,0.1265754929129826
22,5,10,150,41,0.040815803121742565
23,5,10,150,41,0.10387012192613786
24,5,10,150,41,0.05010834716923557
25,5,10,150,41,0.23940867474021393
26,5,10,150,41,0.0
27,5,10,150,41,0.0
28,5,10,150,41,0.0
30,5,10,150,41,0.08133484538841967
31,5,10,150,41,0.0
32,5,10,150,41,0.19519002499605084
33,5,10,150,41,0.0
34,5,10,150,41,0.0
35,5,10,150,41,0.0
37,5,10,150,41,0.08177471774917201
38,5,10,150,41,0.0
39,5,10,150,41,0.0
40,5,10,150,41,0.0
41,5,10,150,41,0.06835476917178976
42,5,10,150,41,0.08850778826764391
43,5,10,150,41,0.0
44,5,10,150,41,0.2672039079048423
45,5,10,150,41,0.0
46,5,10,150,41,0.0
47,5,10,150,41,0.0
48,5,10,150,41,0.0
49,5,10,150,41,0.033808395438916686
52,5,10,150,41,0.0
53,5,10,150,41,0.0
54,5,10,150,41,0.0
55,5,10,150,41,0.0
56,5,10,150,41,0.11781210270929884
57,5,10,150,41,0.1318392860374695
58,5,10,150,41,0.33144193348521184
59,5,10,150,41,0.19233148606048747
60,5,10,150,41,0.1076743759411119
61,5,10,150,41,0.0
62,5,10,150,41,0.09586820699422145
63,5,10,150,41,0.0
64,5,10,150,41,0.04759023790187059
65,5,10,150,41,0.2342550150352983
66,5,10,150,41,0.0
67,5,10,150,41,0.0
68,5,10,150,41,0.0
69,5,10,150,41,0.0
70,5,10,150,41,0.0
71,5,10,150,41,0.20758456043036028
72,5,10,150,41,0.10990826949013655
73,5,10,150,41,0.05276490902632437
74,5,10,150,41,0.0
75,5,10,150,41,0.0
76,5,10,150,41,0.10633668103022985
77,5,10,150,41,0.05154847002173459
78,5,10,150,41,0.0
79,5,10,150,41,0.0
80,5,10,150,41,0.0
81,5,10,150,41,0.08878770367712427
82,5,10,150,41,0.0
83,5,10,150,41,0.07414861528507455
84,5,10,150,41,0.07550980911390262
85,5,10,150,41,0.04734112273659951
86,5,10,150,41,0.0
87,5,10,150,41,0.1102104590629334
88,5,10,150,41,0.18920035951687003
89,5,10,150,41,0.0
90,5,10,150,41,0.11641023011265045
91,5,10,150,41,0.0
92,5,10,150,41,0.03369782041898502
93,5,10,150,41,0.0
94,5,10,150,41,0.10370221609124387
95,5,10,150,41,0.07849567312219397
96,5,10,150,41,0.0
97,5,10,150,41,0.0
98,5,10,150,41,0.0
99,5,10,150,41,0.09641171098317775
100,5,10,150,41,0.0
101,5,10,150,41,0.0
102,5,10,150,41,0.0
103,5,10,150,41,0.0
104,5,10,150,41,0.33958467175585033
105,5,10,150,41,0.0
106,5,10,150,41,0.06516188295518531
107,5,10,150,41,0.0
109,5,10,150,41,0.16563719724029594
110,5,10,150,41,0.0
111,5,10,150,41,0.0
112,5,10,150,41,0.07807600999842033
113,5,10,150,41,0.0
114,5,10,150,41,0.08274602130532002
115,5,10,150,41,0.04001677477281075
116,5,10,150,41,0.0
117,5,10,150,41,0.0
118,5,10,150,41,0.16958010263680806
119,5,10,150,41,0.0
120,5,10,150,41,0.0
121,5,10,150,41,0.13032376591037062
122,5,10,150,41,0.0
123,5,10,150,41,0.13720340769293682
124,5,10,150,41,0.0
125,5,10,150,41,0.05446333035917803
126,5,10,150,41,0.0
128,5,10,150,41,0.0
129,5,10,150,41,0.0
130,5,10,150,41,0.15174952279352721
131,5,10,150,41,0.0
132,5,10,150,41,0.0
133,5,10,150,41,0.0
134,5,10,150,41,0.0
135,5,10,150,41,0.0
136,5,10,150,41,0.0
137,5,10,150,41,0.1137075481082292
138,5,10,150,41,0.0976168253917686
139,5,10,150,41,0.0
140,5,10,150,41,0.0
141,5,10,150,41,0.0
142,5,10,150,41,0.0
143,5,10,150,41,0.0
144,5,10,150,41,0.0
145,5,10,150,41,0.17597149971119974
146,5,10,150,41,0.0
147,5,10,150,41,0.0
148,5,10,150,41,0.0
149,5,10,150,41,0.0
150,5,10,150,41,0.2640681225725909
151,5,10,150,41,0.07803799044968916
152,5,10,150,41,0.0
153,5,10,150,41,0.0
154,5,10,150,41,0.06416923277158361
155,5,10,150,41,0.0
156,5,10,150,41,0.0
157,5,10,150,41,0.0
158,5,10,150,41,0.08010006541788642
159,5,10,150,41,0.23138144801632507
160,5,10,150,41,0.1719271394881576
161,5,10,150,41,0.0
162,5,10,150,41,0.0
163,5,10,150,41,0.0
164,5,10,150,41,0.0
165,5,10,150,41,0.0
167,5,10,150,41,0.05319635904163211
168,5,10,150,41,0.0
169,5,10,150,41,0.0
170,5,10,150,41,0.0
171,5,10,150,41,0.0
173,5,10,150,41,0.0
174,5,10,150,41,0.0
175,5,10,150,41,0.21517910082405575
176,5,10,150,41,0.06289692884934815
177,5,10,150,41,0.38113435412202
178,5,10,150,41,0.12597398707460816
179,5,10,150,41,0.09149012142095872
180,5,10,150,41,0.06228974831361337
181,5,10,150,41,0.07956605039330662
182,5,10,150,41,0.0
183,5,10,150,41,0.15101961822780524
184,5,10,150,41,0.0
185,5,10,150,41,0.0
186,5,10,150,41,0.0
187,5,10,150,41,0.0
188,5,10,150,41,0.12925733948536566
189,5,10,150,41,0.1622220746837199
190,5,10,150,41,0.0
192,5,10,150,41,0.123151194370365
193,5,10,150,41,0.0
194,5,10,150,41,0.0
195,5,10,150,41,0.11787667935667444
196,5,10,150,41,0.0
197,5,10,150,41,0.09546043308946733
198,5,10,150,41,0.0
199,5,10,150,41,0.0
200,5,10,150,41,0.09785159463516042
201,5,10,150,41,0.0
202,5,10,150,41,0.0
203,5,10,150,41,0.0
204,5,10,150,41,0.19519002499605084
205,5,10,150,41,0.0
206,5,10,150,41,0.0
207,5,10,150,41,0.0
208,5,10,150,41,0.0
209,5,10,150,41,0.0
210,5,10,150,41,0.2167516193508568
211,5,10,150,41,0.0
213,5,10,150,41,0.08445760625486516
214,5,10,150,41,0.0
216,5,10,150,41,0.23813231172447274
217,5,10,150,41,0.0
218,5,10,150,41,0.0
219,5,10,150,41,0.0
221,5,10,150,41,0.0
222,5,10,150,41,0.1050995674008573
223,5,10,150,41,0.0
224,5,10,150,41,0.0
225,5,10,150,41,0.09077089626867633
226,5,10,150,41,0.19092086617893467
227,5,10,150,41,0.0
228,5,10,150,41,0.0
229,5,10,150,41,0.0
230,5,10,150,41,0.12683081539850163
231,5,10,150,41,0.0
232,5,10,150,41,0.0
233,5,10,150,41,0.23172568042238212
234,5,10,150,41,0.0
235,5,10,150,41,0.0
236,5,10,150,41,0.0
237,5,10,150,41,0.19342640361727081
238,5,10,150,41,0.0
239,5,10,150,41,0.06912040963822193
240,5,10,150,41,0.12495636102304827
241,5,10,150,41,0.0
242,5,10,150,41,0.0
243,5,10,150,41,0.0
244,5,10,150,41,0.049712302565054066
245,5,10,150,41,0.0
246,5,10,150,41,0.0561326498270945
247,5,10,150,41,0.09472348220010487
248,5,10,150,41,0.09472348220010487
249,5,10,150,41,0.056720838976548935
250,5,10,150,41,0.0
251,5,10,150,41,0.13032376591037062
252,5,10,150,41,0.20184908658209985
253,5,10,150,41,0.05725248542464807
254,5,10,150,41,0.08514311764162098
255,5,10,150,41,0.0
256,5,10,150,41,0.038925970325304815
257,5,10,150,41,0.07984133538066794
258,5,10,150,41,0.0
259,5,10,150,41,0.1239740444869306
260,5,10,150,41,0.0
261,5,10,150,41,0.0
262,5,10,150,41,0.0
263,5,10,150,41,0.0956366800683804
264,5,10,150,41,0.0
265,5,10,150,41,0.0
266,5,10,150,41,0.0
267,5,10,150,41,0.17168372277322866
268,5,10,150,41,0.049712302565054066
269,5,10,150,41,0.052962244777770985
270,5,10,150,41,0.041641441310299704
271,5,10,150,41,0.13010624216828925
272,5,10,150,41,0.08942172406547305
273,5,10,150,41,0.0
274,5,10,150,41,0.0
275,5,10,150,41,0.0
276,5,10,150,41,0.15875999922826586
277,5,10,150,41,0.0
278,5,10,150,41,0.0
279,5,10,150,41,0.12530764424593202
280,5,10,150,41,0.14324481060386993
281,5,10,150,41,0.0
282,5,10,150,41,0.0
283,5,10,150,41,0.0
284,5,10,150,41,0.0
285,5,10,150,41,0.0
286,5,10,150,41,0.05490370618855431
287,5,10,150,41,0.0
288,5,10,150,41,0.0
289,5,10,150,41,0.0
290,5,10,150,41,0.07834851647149511
291,5,10,150,41,0.07828167840727236
292,5,10,150,41,0.04224853374256244
293,5,10,150,41,0.062192625389540866
294,5,10,150,41,0.0
295,5,10,150,41,0.2603201838311303
296,5,10,150,41,0.10860713607593808
297,5,10,150,41,0.0
298,5,10,150,41,0.061080020762274374
299,5,10,150,41,0.0
300,5,10,150,41,0.0
301,5,10,150,41,0.06460801587741544
302,5,10,150,41,0.09224219235917257
303,5,10,150,41,0.05745511858789652
304,5,10,150,41,0.0
305,5,10,150,41,0.11349000778741654
306,5,10,150,41,0.0
307,5,10,150,41,0.10778915452451093
308,5,10,150,41,0.13490077762666258
310,5,10,150,41,0.0
311,5,10,150,41,0.13301422444853
312,5,10,150,41,0.08520401710471519
313,5,10,150,41,0.11270402374049442
314,5,10,150,41,0.16600564593053876
315,5,10,150,41,0.0
316,5,10,150,41,0.0
317,5,10,150,41,0.0
318,5,10,150,41,0.10567847230623394
319,5,10,150,41,0.0
320,5,10,150,41,0.13927874459665815
321,5,10,150,41,0.0
322,5,10,150,41,0.0
323,5,10,150,41,0.1610425878239398
324,5,10,150,41,0.0
325,5,10,150,41,0.09092803061897883
326,5,10,150,41,0.027288805847552652
327,5,10,150,41,0.025410386140327024
328,5,10,150,41,0.09206364236149692
329,5,10,150,41,0.0
330,5,10,150,41,0.07197991643202278
331,5,10,150,41,0.0
332,5,10,150,41,0.09320485889859448
334,5,10,150,41,0.0
335,5,10,150,41,0.0
336,5,10,150,41,0.049712302565054066
337,5,10,150,41,0.0
338,5,10,150,41,0.07132875491150918
339,5,10,150,41,0.1430641274918087
340,5,10,150,41,0.0
341,5,10,150,41,0.0
342,5,10,150,41,0.31341134215401556
343,5,10,150,41,0.09229649639444802
344,5,10,150,41,0.1202034973803211
345,5,10,150,41,0.18015355216717013
346,5,10,150,41,0.04366879852493834
347,5,10,150,41,0.22280620320442554
348,5,10,150,41,0.0
349,5,10,150,41,0.0
350,5,10,150,41,0.058087171966128066
351,5,10,150,41,0.0
352,5,10,150,41,0.1903601622684853
353,5,10,150,41,0.14434031438272124
354,5,10,150,41,0.06335619058732639
355,5,10,150,41,0.0
356,5,10,150,41,0.0
357,5,10,150,41,0.0
358,5,10,150,41,0.06364028872631156
359,5,10,150,41,0.3010299956639812
360,5,10,150,41,0.12982031659526816
361,5,10,150,41,0.09478836436955078
362,5,10,150,41,0.0
363,5,10,150,41,0.22463865489880525
364,5,10,150,41,0.0
365,5,10,150,41,0.0
366,5,10,150,41,0.0
367,5,10,150,41,0.0
368,5,10,150,41,0.0
369,5,10,150,41,0.0
370,5,10,150,41,0.0
371,5,10,150,41,0.07984133538066794
372,5,10,150,41,0.15130120674940672
373,5,10,150,41,0.22842722979011518
374,5,10,150,41,0.07472550252128253
375,5,10,150,41,0.0
376,5,10,150,41,0.0
377,5,10,150,41,0.0
378,5,10,150,41,0.12028809946908156
379,5,10,150,41,0.04401835325961603
380,5,10,150,41,0.0
381,5,10,150,41,0.0
382,5,10,150,41,0.09952375175972906
383,5,10,150,41,0.040815803121742565
384,5,10,150,41,0.0
385,5,10,150,41,0.0
386,5,10,150,41,0.0
387,5,10,150,41,0.08586571489348302
388,5,10,150,41,0.0
389,5,10,150,41,0.09284203700798714
390,5,10,150,41,0.0
391,5,10,150,41,0.11245246430543061
392,5,10,150,41,0.11004588314904008
393,5,10,150,41,0.15248690755325972
394,5,10,150,41,0.16570616085215287
395,5,10,150,41,0.0
396,5,10,150,41,0.0
397,5,10,150,41,0.11004588314904008
398,5,10,150,41,0.23681541828907415
399,5,10,150,41,0.026175882249243814
400,5,10,150,41,0.0
401,5,10,150,41,0.02839245759615368
402,5,10,150,41,0.0
403,5,10,150,41,0.2529427027676571
404,5,10,150,41,0.0
405,5,10,150,41,0.04459538843739451
406,5,10,150,41,0.07075245135750566
407,5,10,150,41,0.07081727565973653
408,5,10,150,41,0.09983719697789138
409,5,10,150,41,0.0334374913847135
410,5,10,150,41,0.0
411,5,10,150,41,0.17342765698823945
412,5,10,150,41,0.0
413,5,10,150,41,0.0
414,5,10,150,41,0.21398626473452756
415,5,10,150,41,0.0
416,5,10,150,41,0.13624084770342013
417,5,10,150,41,0.0895852844335066
419,5,10,150,41,0.30260241349881345
420,5,10,150,41,0.0
421,5,10,150,41,0.0
422,5,10,150,41,0.0
423,5,10,150,41,0.08440880858250024
424,5,10,150,41,0.0
425,5,10,150,41,0.2082843711703412
426,5,10,150,41,0.13571943816109763
427,5,10,150,41,0.0
428,5,10,150,41,0.0
429,5,10,150,41,0.16005554447142317
430,5,10,150,41,0.1261446714466394
431,5,10,150,41,0.0
432,5,10,150,41,0.0
433,5,10,150,41,0.0
434,5,10,150,41,0.3903800499921017
435,5,10,150,41,0.10609644574375718
436,5,10,150,41,0.06490403551612171
437,5,10,150,41,0.22972973128433707
438,5,10,150,41,0.0
439,5,10,150,41,0.0
440,5,10,150,41,0.0
441,5,10,150,41,0.0
442,5,10,150,41,0.0
443,5,10,150,41,0.0
445,5,10,150,41,0.0
446,5,10,150,41,0.0
447,5,10,150,41,0.24290422668756767
448,5,10,150,41,0.0
449,5,10,150,41,0.04403205443910179
450,5,10,150,41,0.22127531696276606
451,5,10,150,41,0.0
452,5,10,150,41,0.07830573469972951
453,5,10,150,41,0.029956785715628154
454,5,10,150,41,0.0
455,5,10,150,41,0.0
456,5,10,150,41,0.07758828619721583
457,5,10,150,41,0.27419126308067887
458,5,10,150,41,0.04507276838148142
459,5,10,150,41,0.0
460,5,10,150,41,0.0
461,5,10,150,41,0.0
462,5,10,150,41,0.0
463,5,10,150,41,0.0
464,5,10,150,41,0.0
465,5,10,150,41,0.0
466,5,10,150,41,0.03947525607388688
467,5,10,150,41,0.07335312372354855
468,5,10,150,41,0.25116683884278784
469,5,10,150,41,0.0
470,5,10,150,41,0.0
471,5,10,150,41,0.0
472,5,10,150,41,0.11223470921082025
473,5,10,150,41,0.08754031530847717
474,5,10,150,41,0.28344067059171446
475,5,10,150,41,0.06516188295518531
476,5,10,150,41,0.0
477,5,10,150,41,0.0
478,5,10,150,41,0.23782833255689273
479,5,10,150,41,0.07834096783470737
480,5,10,150,41,0.21398626473452756
481,5,10,150,41,0.13863671367752411
482,5,10,150,41,0.0
483,5,10,150,41,0.06912040963822193
484,5,10,150,41,0.09353062527112192
485,5,10,150,41,0.0
486,5,10,150,41,0.0877209484781505
487,5,10,150,41,0.1698630616162589
488,5,10,150,41,0.0
489,5,10,150,41,0.0
490,5,10,150,41,0.0
491,5,10,150,41,0.19092086617893467
492,5,10,150,41,0.12471554514794539
493,5,10,150,41,0.0
494,5,10,150,41,0.0
495,5,10,150,41,0.10048896362940396
496,5,10,150,41,0.05459112561892713
497,5,10,150,41,0.0
498,5,10,150,41,0.03855307727568851
499,5,10,150,41,0.1912282106369008
500,5,10,150,41,0.03148908318001809
501,5,10,150,41,0.0
502,5,10,150,41,0.06364028872631156
503,5,10,150,41,0.14184577198353127
504,5,10,150,41,0.0
505,5,10,150,41,0.0
506,5,10,150,41,0.10589517949214913
507,5,10,150,41,0.0
508,5,10,150,41,0.0
509,5,10,150,41,0.06474271459046577
510,5,10,150,41,0.0
511,5,10,150,41,0.0
512,5,10,150,41,0.0
513,5,10,150,41,0.0
514,5,10,150,41,0.10595566933616397
515,5,10,150,41,0.0
516,5,10,150,41,0.0
517,5,10,150,41,0.042259191411409554
518,5,10,150,41,0.0
519,5,10,150,41,0.0
520,5,10,150,41,0.0
521,5,10,150,41,0.0
522,5,10,150,41,0.0
523,5,10,150,41,0.0316088333445714
524,5,10,150,41,0.0914073956450774
525,5,10,150,41,0.0
526,5,10,150,41,0.03227932543520417
527,5,10,150,41,0.12265062558661
528,5,10,150,41,0.14110144150616766
529,5,10,150,41,0.0
530,5,10,150,41,0.0
531,5,10,150,41,0.0
532,5,10,150,41,0.016552362338872865
533,5,10,150,41,0.12937666783096213
534,5,10,150,41,0.04084531701587904
535,5,10,150,41,0.23945874281261442
536,5,10,150,41,0.23620378562439379
537,5,10,150,41,0.34899793306792193
538,5,10,150,41,0.0
539,5,10,150,41,0.11414433776026256
540,5,10,150,41,0.0
541,5,10,150,41,0.12534926568386062
542,5,10,150,41,0.12627825946936164
543,5,10,150,41,0.0
544,5,10,150,41,0.0
545,5,10,150,41,0.052962244777770985
546,5,10,150,41,0.15314106296495628
547,5,10,150,41,0.0
548,5,10,150,41,0.0369180152329196
549,5,10,150,41,0.0
550,5,10,150,41,0.0
551,5,10,150,41,0.2745588547524877
552,5,10,150,41,0.0
553,5,10,150,41,0.16102243342487008
554,5,10,150,41,0.16600564593053876
555,5,10,150,41,0.0
556,5,10,150,41,0.08876245163110816
557,5,10,150,41,0.0
558,5,10,150,41,0.0
559,5,10,150,41,0.0734773909038217
560,5,10,150,41,0.19335859474678904
561,5,10,150,41,0.0
562,5,10,150,41,0.034743705427429224
563,5,10,150,41,0.0
564,5,10,150,41,0.0
565,5,10,150,41,0.10523285614729473
566,5,10,150,41,0.13665387068436016
567,5,10,150,41,0.13463074517970205
568,5,10,150,41,0.0
569,5,10,150,41,0.0
570,5,10,150,41,0.0
571,5,10,150,41,0.0
572,5,10,150,41,0.058995070558427745
573,5,10,150,41,0.0
574,5,10,150,41,0.04185567464896701
575,5,10,150,41,0.0
576,5,10,150,41,0.17342765698823945
577,5,10,150,41,0.18930276028743934
578,5,10,150,41,0.0
579,5,10,150,41,0.0
580,5,10,150,41,0.10209739512291163
581,5,10,150,41,0.0
582,5,10,150,41,0.028361369701356044
583,5,10,150,41,0.0
584,5,10,150,41,0.0
585,5,10,150,41,0.0
586,5,10,150,41,0.07482758161941112
587,5,10,150,41,0.0
588,5,10,150,41,0.20724982891926602
589,5,10,150,41,0.0
590,5,10,150,41,0.18511573258657482
591,5,10,150,41,0.15758427078022966
592,5,10,150,41,0.26859147646830517
593,5,10,150,41,0.15257268888187236
594,5,10,150,41,0.0843142342558857
595,5,10,150,41,0.0
596,5,10,150,41,0.0
597,5,10,150,41,0.0
598,5,10,150,41,0.11752277470724268
599,5,10,150,41,0.084510355752413
600,5,10,150,41,0.0
601,5,10,150,41,0.026557570376145638
602,5,10,150,41,0.0
603,5,10,150,41,0.06194403202282284
604,5,10,150,41,0.0
605,5,10,150,41,0.07677414822537214
606,5,10,150,41,0.23447648676485294
607,5,10,150,41,0.0
608,5,10,150,41,0.126140293880171
609,5,10,150,41,0.11838279295536291
610,5,10,150,41,0.0
611,5,10,150,41,0.03927158715985786
612,5,10,150,41,0.0
613,5,10,150,41,0.15130120674940672
614,5,10,150,41,0.13886244387355454
615,5,10,150,41,0.043672718986435516
616,5,10,150,41,0.09781579202094404
617,5,10,150,41,0.03804989622115975
618,5,10,150,41,0.14581036390897903
619,5,10,150,41,0.1303945739341477
620,5,10,150,41,0.10964161607630166
621,5,10,150,41,0.11794864472265719
622,5,10,150,41,0.1299182380773706
623,5,10,150,41,0.050143326786652107
624,5,10,150,41,0.0
625,5,10,150,41,0.0
626,5,10,150,41,0.04690797720830594
627,5,10,150,41,0.04289205981312439
628,5,10,150,41,0.0
629,5,10,150,41,0.11794421963488726
630,5,10,150,41,0.09942460513010813
631,5,10,150,41,0.0
632,5,10,150,41,0.2802309837406785
633,5,10,150,41,0.0455520698635181
634,5,10,150,41,0.023756977677906275
635,5,10,150,41,0.0
636,5,10,150,41,0.0
637,5,10,150,41,0.0
638,5,10,150,41,0.15473934503245962
639,5,10,150,41,0.0
640,5,10,150,41,0.0637867864178444
641,5,10,150,41,0.0
642,5,10,150,41,0.09597264655596041
643,5,10,150,41,0.15153393963710388
644,5,10,150,41,0.0
645,5,10,150,41,0.1673424068709125
646,5,10,150,41,0.0
647,5,10,150,41,0.03673869545191085
648,5,10,150,41,0.06984286893668817
649,5,10,150,41,0.0
650,5,10,150,41,0.017431113464014682
651,5,10,150,41,0.0
652,5,10,150,41,0.0
653,5,10,150,41,0.050684733114198
654,5,10,150,41,0.1521155994897412
655,5,10,150,41,0.24627510014413204
656,5,10,150,41,0.0
657,5,10,150,41,0.053845569940583225
658,5,10,150,41,0.0
659,5,10,150,41,0.05723751972789703
660,5,10,150,41,0.0
661,5,10,150,41,0.0860496199597963
662,5,10,150,41,0.0
663,5,10,150,41,0.08384694528183669
664,5,10,150,41,0.05391021349625259
665,5,10,150,41,0.0
666,5,10,150,41,0.08868014202979319
667,5,10,150,41,0.23495437216186538
668,5,10,150,41,0.0
669,5,10,150,41,0.2316621712044608
670,5,10,150,41,0.15539533467551025
671,5,10,150,41,0.17434206503696043
672,5,10,150,41,0.0
673,5,10,150,41,0.0
674,5,10,150,41,0.0
675,5,10,150,41,0.05010834716923557
676,5,10,150,41,0.0
677,5,10,150,41,0.03927489746221688
678,5,10,150,41,0.0
679,5,10,150,41,0.26970586372388394
680,5,10,150,41,0.2073612289146658
681,5,10,150,41,0.0
682,5,10,150,41,0.14310608506196346
683,5,10,150,41,0.06289349548893712
684,5,10,150,41,0.0
685,5,10,150,41,0.0
686,5,10,150,41,0.08962483220812449
687,5,10,150,41,0.0
688,5,10,150,41,0.0
689,5,10,150,41,0.27487633291429087
690,5,10,150,41,0.0
691,5,10,150,41,0.0
692,5,10,150,41,0.0
693,5,10,150,41,0.0
694,5,10,150,41,0.16779079286924847
695,5,10,150,41,0.0
696,5,10,150,41,0.06723507268634088
697,5,10,150,41,0.04505069314087506
698,5,10,150,41,0.09499131598480672
699,5,10,150,41,0.0
700,5,10,150,41,0.16958010263680806
701,5,10,150,41,0.04129602134854855
702,5,10,150,41,0.0
703,5,10,150,41,0.03870447337439288
704,5,10,150,41,0.03898594405226045
705,5,10,150,41,0.128262164895328
706,5,10,150,41,0.0
707,5,10,150,41,0.12341156835843888
708,5,10,150,41,0.04185109258092126
709,5,10,150,41,0.10371915894912967
710,5,10,150,41,0.05710411178654767
711,5,10,150,41,0.16747008230493032
712,5,10,150,41,0.08872774495482992
713,5,10,150,41,0.0
714,5,10,150,41,0.04195229264874745
715,5,10,150,41,0.08753944410231178
716,5,10,150,41,0.2166963024459097
717,5,10,150,41,0.1671511698578214
718,5,10,150,41,0.0
719,5,10,150,41,0.11614257564286637
720,5,10,150,41,0.05261577455142312
721,5,10,150,41,0.12270572698748661
722,5,10,150,41,0.0
723,5,10,150,41,0.0
724,5,10,150,41,0.0
725,5,10,150,41,0.05750402108673013
726,5,10,150,41,0.2529427027676571
727,5,10,150,41,0.1198684653839265
728,5,10,150,41,0.0
729,5,10,150,41,0.0
730,5,10,150,41,0.0
731,5,10,150,41,0.0
732,5,10,150,41,0.0
733,5,10,150,41,0.0
734,5,10,150,41,0.0655813061736612
735,5,10,150,41,0.0
736,5,10,150,41,0.0
737,5,10,150,41,0.16282663249631943
738,5,10,150,41,0.24803970741351278
739,5,10,150,41,0.0
740,5,10,150,41,0.0
741,5,10,150,41,0.10965210684801945
742,5,10,150,41,0.0
743,5,10,150,41,0.04224853374256244
744,5,10,150,41,0.08878770367712427
745,5,10,150,41,0.3682049230943936
746,5,10,150,41,0.11450296808588954
747,5,10,150,41,0.39188132411070664
748,5,10,150,41,0.1946257849561795
749,5,10,150,41,0.14350871715999444
750,5,10,150,41,0.07219614103266732
751,5,10,150,41,0.06296190949958397
752,5,10,150,41,0.020210299806331135
753,5,10,150,41,0.15406810205846871
754,5,10,150,41,0.0
755,5,10,150,41,0.0
756,5,10,150,41,0.03828357334999627
757,5,10,150,41,0.016445645735761356
758,5,10,150,41,0.18829235007298806
759,5,10,150,41,0.038281751104512325
760,5,10,150,41,0.11447590313611888
761,5,10,150,41,0.03339755935325358
762,5,10,150,41,0.11568388634051256
763,5,10,150,41,0.21875733341524076
764,5,10,150,41,0.08207588022692468
765,5,10,150,41,0.0
766,5,10,150,41,0.06399809042257919
767,5,10,150,41,0.2073612289146658
768,5,10,150,41,0.07655078846581868
769,5,10,150,41,0.0
770,5,10,150,41,0.0
771,5,10,150,41,0.10700326704282045
772,5,10,150,41,0.03353522641880846
773,5,10,150,41,0.10429008082952244
774,5,10,150,41,0.04007580417132269
775,5,10,150,41,0.0
776,5,10,150,41,0.08815052189166125
777,5,10,150,41,0.14445412169961394
778,5,10,150,41,0.0
779,5,10,150,41,0.05878132199396477
780,5,10,150,41,0.04759023790187059
781,5,10,150,41,0.21898681539091044
782,5,10,150,41,0.017022926554039055
783,5,10,150,41,0.0
784,5,10,150,41,0.0
785,5,10,150,41,0.048159222084064895
786,5,10,150,41,0.13370327844286975
787,5,10,150,41,0.0683037314796457
788,5,10,150,41,0.23789364564313292
789,5,10,150,41,0.059109628562248356
790,5,10,150,41,0.08912248187420792
791,5,10,150,41,0.0
792,5,10,150,41,0.0
793,5,10,150,41,0.0
794,5,10,150,41,0.19607400121987484
795,5,10,150,41,0.13089942628525147
796,5,10,150,41,0.3888100108777775
797,5,10,150,41,0.09030583455080088
798,5,10,150,41,0.09951499732470552
799,5,10,150,41,0.0
800,5,10,150,41,0.0
801,5,10,150,41,0.0
802,5,10,150,41,0.030863419558816
803,5,10,150,41,0.0
804,5,10,150,41,0.18481097321939827
805,5,10,150,41,0.14676827051808491
806,5,10,150,41,0.17484445396205123
807,5,10,150,41,0.20224290239428658
808,5,10,150,41,0.0
809,5,10,150,41,0.0
810,5,10,150,41,0.0
811,5,10,150,41,0.0
812,5,10,150,41,0.0
813,5,10,150,41,0.17367331957930765
814,5,10,150,41,0.09144287629100999
815,5,10,150,41,0.29848546660076997
816,5,10,150,41,0.08005612702969578
817,5,10,150,41,0.0
818,5,10,150,41,0.0
819,5,10,150,41,0.0458402539699961
820,5,10,150,41,0.041641441310299704
821,5,10,150,41,0.14923708764130075
822,5,10,150,41,0.0
823,5,10,150,41,0.34440649614578545
824,5,10,150,41,0.0
825,5,10,150,41,0.051329088444222404
826,5,10,150,41,0.08735726613307385
827,5,10,150,41,0.0
828,5,10,150,41,0.05728868750827645
829,5,10,150,41,0.10951828933634093
830,5,10,150,41,0.08291691656156171
831,5,10,150,41,0.14187597933082008
832,5,10,150,41,0.041355644490859725
833,5,10,150,41,0.19630321349822005
834,5,10,150,41,0.0
835,5,10,150,41,0.04253243617167176
836,5,10,150,41,0.08376405429004333
837,5,10,150,41,0.0
838,5,10,150,41,0.11814435225099154
839,5,10,150,41,0.03322541746578526
840,5,10,150,41,0.4108887637058264
841,5,10,150,41,0.0
842,5,10,150,41,0.03314153504336938
843,5,10,150,41,0.13901182799763828
844,5,10,150,41,0.14767302746812566
845,5,10,150,41,0.0
846,5,10,150,41,0.3231688261973264
847,5,10,150,41,0.0
848,5,10,150,41,0.05933883839782826
849,5,10,150,41,0.04224853374256244
850,5,10,150,41,0.12002417382878544
851,5,10,150,41,0.31135183371129316
852,5,10,150,41,0.0
853,5,10,150,41,0.0
854,5,10,150,41,0.20831548612235495
855,5,10,150,41,0.0
856,5,10,150,41,0.0
857,5,10,150,41,0.0
858,5,10,150,41,0.0
859,5,10,150,41,0.0
860,5,10,150,41,0.0
861,5,10,150,41,0.09836355940276224
862,5,10,150,41,0.24835481559012795
863,5,10,150,41,0.0
864,5,10,150,41,0.33644341866553507
865,5,10,150,41,0.0
866,5,10,150,41,0.12374681498530773
867,5,10,150,41,0.24644245715307198
868,5,10,150,41,0.1682748231846649
869,5,10,150,41,0.0526955103112175
870,5,10,150,41,0.1515028993994619
871,5,10,150,41,0.18117997286045226
872,5,10,150,41,0.016778314754043965
873,5,10,150,41,0.0
874,5,10,150,41,0.06575393297476358
875,5,10,150,41,0.20486062822033044
876,5,10,150,41,0.0
877,5,10,150,41,0.03487978243545732
878,5,10,150,41,0.06037790534342295
879,5,10,150,41,0.07180913162424091
880,5,10,150,41,0.4309889762908119
881,5,10,150,41,0.370547122919043
882,5,10,150,41,0.2870215717433396
883,5,10,150,41,0.3370712873032964
884,5,10,150,41,0.028767091820622218
885,5,10,150,41,0.12020055611401263
886,5,10,150,41,0.22969098006305658
887,5,10,150,41,0.1491362220761484
888,5,10,150,41,0.0
889,5,10,150,41,0.3229001118008404
890,5,10,150,41,0.33771550736931005
891,5,10,150,41,0.022805505402617214
892,5,10,150,41,0.39092744504806937
893,5,10,150,41,0.05014695371369417
894,5,10,150,41,0.2787514337668259
895,5,10,150,41,0.0
896,5,10,150,41,0.4558192167166703
897,5,10,150,41,0.15404969591027995
898,5,10,150,41,0.0
899,5,10,150,41,0.22704109104822676
900,5,10,150,41,0.04588516391390306
901,5,10,150,41,0.27885390477690664
902,5,10,150,41,0.025255271126572616
903,5,10,150,41,0.4537639896508706
904,5,10,150,41,0.0
905,5,10,150,41,0.08773956418811966
906,5,10,150,41,0.0
907,5,10,150,41,0.16632672701004264
908,5,10,150,41,0.15294464184233938
909,5,10,150,41,0.0
910,5,10,150,41,0.14111581018360284
911,5,10,150,41,0.06079795317676548
912,5,10,150,41,0.07877990502228673
913,5,10,150,41,0.21353838583325901
914,5,10,150,41,0.0
915,5,10,150,41,0.0
916,5,10,150,41,0.27295431722223706
917,5,10,150,41,0.0
918,5,10,150,41,0.01689812631798396
919,5,10,150,41,0.17525579793315976
920,5,10,150,41,0.26814570941777965
921,5,10,150,41,0.03430616189018335
922,5,10,150,41,0.15318542773356042
923,5,10,150,41,0.043832929207976566
924,5,10,150,41,0.09909854311446602
925,5,10,150,41,0.039791360812020615
926,5,10,150,41,0.18690891198435525
927,5,10,150,41,0.09176934295071278
928,5,10,150,41,0.1589074847551229
929,5,10,150,41,0.0753982504991096
930,5,10,150,41,0.08150887390527656
931,5,10,150,41,0.059539365700728666
932,5,10,150,41,0.32731744626491666
933,5,10,150,41,0.07229746176397146
934,5,10,150,41,0.2164682456469914
935,5,10,150,41,0.0
936,5,10,150,41,0.14326168118619048
937,5,10,150,41,0.0750451914573381
938,5,10,150,41,0.0951681438362891
939,5,10,150,41,0.05231692143384187
940,5,10,150,41,0.114978257779882
941,5,10,150,41,0.17060921827860473
942,5,10,150,41,0.09158325044131395
943,5,10,150,41,0.2424236729985449
1,5,10,150,42,0.4058715898896693
2,5,10,150,42,0.14433828292945616
3,5,10,150,42,0.08759200575528697
4,5,10,150,42,0.0
5,5,10,150,42,0.04470486007704452
6,5,10,150,42,0.04187254809446048
7,5,10,150,42,0.1849553466368852
8,5,10,150,42,0.0
9,5,10,150,42,0.0
10,5,10,150,42,0.3005733545514552
11,5,10,150,42,0.03947525607388688
12,5,10,150,42,0.0787978565107802
13,5,10,150,42,0.261226192499658
14,5,10,150,42,0.18795160328752808
15,5,10,150,42,0.0
16,5,10,150,42,0.11062750966338458
17,5,10,150,42,0.0
18,5,10,150,42,0.17872418048185143
19,5,10,150,42,0.0
20,5,10,150,42,0.13743816645714543
21,5,10,150,42,0.1265754929129826
22,5,10,150,42,0.040815803121742565
23,5,10,150,42,0.10387012192613786
24,5,10,150,42,0.05010834716923557
25,5,10,150,42,0.23940867474021393
26,5,10,150,42,0.0
27,5,10,150,42,0.0
28,5,10,150,42,0.0
30,5,10,150,42,0.08133484538841967
31,5,10,150,42,0.0
32,5,10,150,42,0.19519002499605084
33,5,10,150,42,0.0
34,5,10,150,42,0.0
35,5,10,150,42,0.0
37,5,10,150,42,0.08177471774917201
38,5,10,150,42,0.0
39,5,10,150,42,0.0
40,5,10,150,42,0.0
41,5,10,150,42,0.06835476917178976
42,5,10,150,42,0.08850778826764391
43,5,10,150,42,0.0
44,5,10,150,42,0.2672039079048423
45,5,10,150,42,0.0
46,5,10,150,42,0.0
47,5,10,150,42,0.0
48,5,10,150,42,0.0
49,5,10,150,42,0.033808395438916686
52,5,10,150,42,0.0
53,5,10,150,42,0.0
54,5,10,150,42,0.0
55,5,10,150,42,0.0
56,5,10,150,42,0.11781210270929884
57,5,10,150,42,0.1318392860374695
58,5,10,150,42,0.33144193348521184
59,5,10,150,42,0.19233148606048747
60,5,10,150,42,0.1076743759411119
61,5,10,150,42,0.0
62,5,10,150,42,0.09586820699422145
63,5,10,150,42,0.0
64,5,10,150,42,0.04759023790187059
65,5,10,150,42,0.2342550150352983
66,5,10,150,42,0.0
67,5,10,150,42,0.0
68,5,10,150,42,0.0
69,5,10,150,42,0.0
70,5,10,150,42,0.0
71,5,10,150,42,0.20758456043036028
72,5,10,150,42,0.10990826949013655
73,5,10,150,42,0.05276490902632437
74,5,10,150,42,0.0
75,5,10,150,42,0.0
76,5,10,150,42,0.10633668103022985
77,5,10,150,42,0.05154847002173459
78,5,10,150,42,0.0
79,5,10,150,42,0.0
80,5,10,150,42,0.0
81,5,10,150,42,0.08878770367712427
82,5,10,150,42,0.0
83,5,10,150,42,0.07414861528507455
84,5,10,150,42,0.07550980911390262
85,5,10,150,42,0.04734112273659951
86,5,10,150,42,0.0
87,5,10,150,42,0.1102104590629334
88,5,10,150,42,0.18920035951687003
89,5,10,150,42,0.0
90,5,10,150,42,0.11641023011265045
91,5,10,150,42,0.0
92,5,10,150,42,0.03369782041898502
93,5,10,150,42,0.0
94,5,10,150,42,0.10370221609124387
95,5,10,150,42,0.07849567312219397
96,5,10,150,42,0.0
97,5,10,150,42,0.0
98,5,10,150,42,0.0
99,5,10,150,42,0.09641171098317775
100,5,10,150,42,0.0
101,5,10,150,42,0.0
102,5,10,150,42,0.0
103,5,10,150,42,0.0
104,5,10,150,42,0.33958467175585033
105,5,10,150,42,0.0
106,5,10,150,42,0.06516188295518531
107,5,10,150,42,0.0
109,5,10,150,42,0.16563719724029594
110,5,10,150,42,0.0
111,5,10,150,42,0.0
112,5,10,150,42,0.07807600999842033
113,5,10,150,42,0.0
114,5,10,150,42,0.08274602130532002
115,5,10,150,42,0.04001677477281075
116,5,10,150,42,0.0
117,5,10,150,42,0.0
118,5,10,150,42,0.16958010263680806
119,5,10,150,42,0.030181604521759563
120,5,10,150,42,0.0
121,5,10,150,42,0.13032376591037062
122,5,10,150,42,0.0
123,5,10,150,42,0.13720340769293682
124,5,10,150,42,0.0
125,5,10,150,42,0.05446333035917803
126,5,10,150,42,0.0
128,5,10,150,42,0.0
129,5,10,150,42,0.0
130,5,10,150,42,0.15174952279352721
131,5,10,150,42,0.0
132,5,10,150,42,0.0
133,5,10,150,42,0.0
134,5,10,150,42,0.0
135,5,10,150,42,0.0
136,5,10,150,42,0.0
137,5,10,150,42,0.1137075481082292
138,5,10,150,42,0.0976168253917686
139,5,10,150,42,0.0
140,5,10,150,42,0.0
141,5,10,150,42,0.0
142,5,10,150,42,0.0
143,5,10,150,42,0.0
144,5,10,150,42,0.0
145,5,10,150,42,0.17597149971119974
146,5,10,150,42,0.0
147,5,10,150,42,0.0
148,5,10,150,42,0.0
149,5,10,150,42,0.0
150,5,10,150,42,0.2640681225725909
151,5,10,150,42,0.1026571794225922
152,5,10,150,42,0.0
153,5,10,150,42,0.0
154,5,10,150,42,0.06416923277158361
155,5,10,150,42,0.0
156,5,10,150,42,0.0
157,5,10,150,42,0.0
158,5,10,150,42,0.08010006541788642
159,5,10,150,42,0.23138144801632507
160,5,10,150,42,0.1719271394881576
161,5,10,150,42,0.0
162,5,10,150,42,0.0
163,5,10,150,42,0.0
164,5,10,150,42,0.0
165,5,10,150,42,0.0
167,5,10,150,42,0.05319635904163211
168,5,10,150,42,0.0
169,5,10,150,42,0.0
170,5,10,150,42,0.0
171,5,10,150,42,0.0
173,5,10,150,42,0.0
174,5,10,150,42,0.03441184191455828
175,5,10,150,42,0.21517910082405575
176,5,10,150,42,0.06289692884934815
177,5,10,150,42,0.38113435412202
178,5,10,150,42,0.12597398707460816
179,5,10,150,42,0.09149012142095872
180,5,10,150,42,0.06228974831361337
181,5,10,150,42,0.07956605039330662
182,5,10,150,42,0.0
183,5,10,150,42,0.15101961822780524
184,5,10,150,42,0.0
185,5,10,150,42,0.0
186,5,10,150,42,0.0
187,5,10,150,42,0.0
188,5,10,150,42,0.12925733948536566
189,5,10,150,42,0.1622220746837199
190,5,10,150,42,0.0
192,5,10,150,42,0.123151194370365
193,5,10,150,42,0.0
194,5,10,150,42,0.0
195,5,10,150,42,0.11787667935667444
196,5,10,150,42,0.0
197,5,10,150,42,0.09546043308946733
198,5,10,150,42,0.0
199,5,10,150,42,0.0
200,5,10,150,42,0.09785159463516042
201,5,10,150,42,0.0
202,5,10,150,42,0.0
203,5,10,150,42,0.0
204,5,10,150,42,0.19519002499605084
205,5,10,150,42,0.0
206,5,10,150,42,0.0
207,5,10,150,42,0.0
208,5,10,150,42,0.0
209,5,10,150,42,0.0
210,5,10,150,42,0.2167516193508568
211,5,10,150,42,0.0
213,5,10,150,42,0.08445760625486516
214,5,10,150,42,0.0
216,5,10,150,42,0.23813231172447274
217,5,10,150,42,0.0
218,5,10,150,42,0.0
219,5,10,150,42,0.0
221,5,10,150,42,0.0
222,5,10,150,42,0.1050995674008573
223,5,10,150,42,0.0
224,5,10,150,42,0.0
225,5,10,150,42,0.09077089626867633
226,5,10,150,42,0.19092086617893467
227,5,10,150,42,0.0
228,5,10,150,42,0.0
229,5,10,150,42,0.0
230,5,10,150,42,0.12683081539850163
231,5,10,150,42,0.0
232,5,10,150,42,0.0
233,5,10,150,42,0.23172568042238212
234,5,10,150,42,0.016900440779436858
235,5,10,150,42,0.0
236,5,10,150,42,0.0
237,5,10,150,42,0.19342640361727081
238,5,10,150,42,0.0
239,5,10,150,42,0.06912040963822193
240,5,10,150,42,0.12495636102304827
241,5,10,150,42,0.0
242,5,10,150,42,0.0
243,5,10,150,42,0.0
244,5,10,150,42,0.049712302565054066
245,5,10,150,42,0.0
246,5,10,150,42,0.0561326498270945
247,5,10,150,42,0.09472348220010487
248,5,10,150,42,0.09472348220010487
249,5,10,150,42,0.056720838976548935
250,5,10,150,42,0.0
251,5,10,150,42,0.13032376591037062
252,5,10,150,42,0.20184908658209985
253,5,10,150,42,0.05725248542464807
254,5,10,150,42,0.08514311764162098
255,5,10,150,42,0.0
256,5,10,150,42,0.038925970325304815
257,5,10,150,42,0.07984133538066794
258,5,10,150,42,0.0
259,5,10,150,42,0.1239740444869306
260,5,10,150,42,0.0
261,5,10,150,42,0.0
262,5,10,150,42,0.0
263,5,10,150,42,0.0956366800683804
264,5,10,150,42,0.0
265,5,10,150,42,0.0
266,5,10,150,42,0.0
267,5,10,150,42,0.17168372277322866
268,5,10,150,42,0.049712302565054066
269,5,10,150,42,0.052962244777770985
270,5,10,150,42,0.041641441310299704
271,5,10,150,42,0.13010624216828925
272,5,10,150,42,0.08942172406547305
273,5,10,150,42,0.0
274,5,10,150,42,0.0
275,5,10,150,42,0.0
276,5,10,150,42,0.15875999922826586
277,5,10,150,42,0.0
278,5,10,150,42,0.0
279,5,10,150,42,0.12329270123249718
280,5,10,150,42,0.14324481060386993
281,5,10,150,42,0.0
282,5,10,150,42,0.0
283,5,10,150,42,0.0
284,5,10,150,42,0.0
285,5,10,150,42,0.0
286,5,10,150,42,0.05490370618855431
287,5,10,150,42,0.0
288,5,10,150,42,0.0
289,5,10,150,42,0.0
290,5,10,150,42,0.07834851647149511
291,5,10,150,42,0.07828167840727236
292,5,10,150,42,0.04224853374256244
293,5,10,150,42,0.062192625389540866
294,5,10,150,42,0.0
295,5,10,150,42,0.2603201838311303
296,5,10,150,42,0.10860713607593808
297,5,10,150,42,0.0
298,5,10,150,42,0.061080020762274374
299,5,10,150,42,0.0
300,5,10,150,42,0.0
301,5,10,150,42,0.06460801587741544
302,5,10,150,42,0.09224219235917257
303,5,10,150,42,0.05745511858789652
304,5,10,150,42,0.0
305,5,10,150,42,0.11349000778741654
306,5,10,150,42,0.0
307,5,10,150,42,0.10778915452451093
308,5,10,150,42,0.13490077762666258
310,5,10,150,42,0.0
311,5,10,150,42,0.13301422444853
312,5,10,150,42,0.08520401710471519
313,5,10,150,42,0.11270402374049442
314,5,10,150,42,0.16600564593053876
315,5,10,150,42,0.0
316,5,10,150,42,0.0
317,5,10,150,42,0.0
318,5,10,150,42,0.10567847230623394
319,5,10,150,42,0.0
320,5,10,150,42,0.13927874459665815
321,5,10,150,42,0.0
322,5,10,150,42,0.0
323,5,10,150,42,0.1610425878239398
324,5,10,150,42,0.0
325,5,10,150,42,0.09092803061897883
326,5,10,150,42,0.027288805847552652
327,5,10,150,42,0.025410386140327024
328,5,10,150,42,0.09206364236149692
329,5,10,150,42,0.0
330,5,10,150,42,0.07197991643202278
331,5,10,150,42,0.0
332,5,10,150,42,0.09320485889859448
334,5,10,150,42,0.0
335,5,10,150,42,0.0
336,5,10,150,42,0.049712302565054066
337,5,10,150,42,0.0
338,5,10,150,42,0.07132875491150918
339,5,10,150,42,0.1430641274918087
340,5,10,150,42,0.0
341,5,10,150,42,0.0
342,5,10,150,42,0.31341134215401556
343,5,10,150,42,0.09229649639444802
344,5,10,150,42,0.1202034973803211
345,5,10,150,42,0.18015355216717013
346,5,10,150,42,0.04366879852493834
347,5,10,150,42,0.22280620320442554
348,5,10,150,42,0.0
349,5,10,150,42,0.0
350,5,10,150,42,0.058087171966128066
351,5,10,150,42,0.0
352,5,10,150,42,0.1903601622684853
353,5,10,150,42,0.14434031438272124
354,5,10,150,42,0.06335619058732639
355,5,10,150,42,0.0
356,5,10,150,42,0.0
357,5,10,150,42,0.0
358,5,10,150,42,0.06364028872631156
359,5,10,150,42,0.3010299956639812
360,5,10,150,42,0.12982031659526816
361,5,10,150,42,0.09478836436955078
362,5,10,150,42,0.0
363,5,10,150,42,0.22463865489880525
364,5,10,150,42,0.0
365,5,10,150,42,0.0
366,5,10,150,42,0.0
367,5,10,150,42,0.0
368,5,10,150,42,0.0
369,5,10,150,42,0.0
370,5,10,150,42,0.0
371,5,10,150,42,0.07984133538066794
372,5,10,150,42,0.15130120674940672
373,5,10,150,42,0.22842722979011518
374,5,10,150,42,0.07472550252128253
375,5,10,150,42,0.0
376,5,10,150,42,0.0
377,5,10,150,42,0.0
378,5,10,150,42,0.12028809946908156
379,5,10,150,42,0.04401835325961603
380,5,10,150,42,0.0
381,5,10,150,42,0.0
382,5,10,150,42,0.09952375175972906
383,5,10,150,42,0.040815803121742565
384,5,10,150,42,0.0
385,5,10,150,42,0.0
386,5,10,150,42,0.0
387,5,10,150,42,0.08586571489348302
388,5,10,150,42,0.0
389,5,10,150,42,0.09284203700798714
390,5,10,150,42,0.0
391,5,10,150,42,0.11245246430543061
392,5,10,150,42,0.11004588314904008
393,5,10,150,42,0.1500349228330642
394,5,10,150,42,0.16570616085215287
395,5,10,150,42,0.0
396,5,10,150,42,0.0
397,5,10,150,42,0.11004588314904008
398,5,10,150,42,0.23681541828907415
399,5,10,150,42,0.026175882249243814
400,5,10,150,42,0.0
401,5,10,150,42,0.02839245759615368
402,5,10,150,42,0.0
403,5,10,150,42,0.2529427027676571
404,5,10,150,42,0.0
405,5,10,150,42,0.04387829598143081
406,5,10,150,42,0.06961475414514408
407,5,10,150,42,0.07081727565973653
408,5,10,150,42,0.09983719697789138
409,5,10,150,42,0.0334374913847135
410,5,10,150,42,0.0
411,5,10,150,42,0.17342765698823945
412,5,10,150,42,0.0
413,5,10,150,42,0.0
414,5,10,150,42,0.21398626473452756
415,5,10,150,42,0.0
416,5,10,150,42,0.15013006794759448
417,5,10,150,42,0.0895852844335066
419,5,10,150,42,0.30260241349881345
420,5,10,150,42,0.0
421,5,10,150,42,0.0
422,5,10,150,42,0.0
423,5,10,150,42,0.08440880858250024
424,5,10,150,42,0.0
425,5,10,150,42,0.2082843711703412
426,5,10,150,42,0.13571943816109763
427,5,10,150,42,0.0
428,5,10,150,42,0.0
429,5,10,150,42,0.1574818563055101
430,5,10,150,42,0.1261446714466394
431,5,10,150,42,0.0
432,5,10,150,42,0.0
433,5,10,150,42,0.0
434,5,10,150,42,0.3903800499921017
435,5,10,150,42,0.10439041820339352
436,5,10,150,42,0.06490403551612171
437,5,10,150,42,0.22972973128433707
438,5,10,150,42,0.0
439,5,10,150,42,0.0
440,5,10,150,42,0.0
441,5,10,150,42,0.0
442,5,10,150,42,0.0
443,5,10,150,42,0.0
445,5,10,150,42,0.0
446,5,10,150,42,0.0
447,5,10,150,42,0.24290422668756767
448,5,10,150,42,0.0
449,5,10,150,42,0.04403205443910179
450,5,10,150,42,0.21771721676351044
451,5,10,150,42,0.0
452,5,10,150,42,0.07830573469972951
453,5,10,150,42,0.029956785715628154
454,5,10,150,42,0.0
455,5,10,150,42,0.0
456,5,10,150,42,0.07758828619721583
457,5,10,150,42,0.27419126308067887
458,5,10,150,42,0.04507276838148142
459,5,10,150,42,0.0
460,5,10,150,42,0.0
461,5,10,150,42,0.0
462,5,10,150,42,0.0
463,5,10,150,42,0.0
464,5,10,150,42,0.0
465,5,10,150,42,0.0
466,5,10,150,42,0.03947525607388688
467,5,10,150,42,0.07335312372354855
468,5,10,150,42,0.25116683884278784
469,5,10,150,42,0.0
470,5,10,150,42,0.0
471,5,10,150,42,0.0
472,5,10,150,42,0.11223470921082025
473,5,10,150,42,0.08754031530847717
474,5,10,150,42,0.28344067059171446
475,5,10,150,42,0.06516188295518531
476,5,10,150,42,0.0
477,5,10,150,42,0.0
478,5,10,150,42,0.23782833255689273
479,5,10,150,42,0.07834096783470737
480,5,10,150,42,0.21398626473452756
481,5,10,150,42,0.13863671367752411
482,5,10,150,42,0.0
483,5,10,150,42,0.06912040963822193
484,5,10,150,42,0.09353062527112192
485,5,10,150,42,0.0
486,5,10,150,42,0.0877209484781505
487,5,10,150,42,0.1698630616162589
488,5,10,150,42,0.0
489,5,10,150,42,0.0
490,5,10,150,42,0.0
491,5,10,150,42,0.19092086617893467
492,5,10,150,42,0.12471554514794539
493,5,10,150,42,0.0
494,5,10,150,42,0.0
495,5,10,150,42,0.10048896362940396
496,5,10,150,42,0.05459112561892713
497,5,10,150,42,0.0
498,5,10,150,42,0.03855307727568851
499,5,10,150,42,0.1912282106369008
500,5,10,150,42,0.03148908318001809
501,5,10,150,42,0.0
502,5,10,150,42,0.06364028872631156
503,5,10,150,42,0.16576794992734778
504,5,10,150,42,0.0
505,5,10,150,42,0.0
506,5,10,150,42,0.10589517949214913
507,5,10,150,42,0.0
508,5,10,150,42,0.0
509,5,10,150,42,0.06474271459046577
510,5,10,150,42,0.0
511,5,10,150,42,0.0
512,5,10,150,42,0.0
513,5,10,150,42,0.0
514,5,10,150,42,0.10595566933616397
515,5,10,150,42,0.0
516,5,10,150,42,0.0
517,5,10,150,42,0.042259191411409554
518,5,10,150,42,0.0
519,5,10,150,42,0.0
520,5,10,150,42,0.0
521,5,10,150,42,0.0
522,5,10,150,42,0.0
523,5,10,150,42,0.0316088333445714
524,5,10,150,42,0.08993756757241932
525,5,10,150,42,0.0
526,5,10,150,42,0.03227932543520417
527,5,10,150,42,0.12265062558661
528,5,10,150,42,0.14110144150616766
529,5,10,150,42,0.0
530,5,10,150,42,0.0
531,5,10,150,42,0.0
532,5,10,150,42,0.016552362338872865
533,5,10,150,42,0.127296295045118
534,5,10,150,42,0.04084531701587904
535,5,10,150,42,0.23945874281261442
536,5,10,150,42,0.23620378562439379
537,5,10,150,42,0.35946602601141375
538,5,10,150,42,0.0
539,5,10,150,42,0.11414433776026256
540,5,10,150,42,0.0
541,5,10,150,42,0.12534926568386062
542,5,10,150,42,0.12627825946936164
543,5,10,150,42,0.0
544,5,10,150,42,0.0
545,5,10,150,42,0.052962244777770985
546,5,10,150,42,0.15314106296495628
547,5,10,150,42,0.0
548,5,10,150,42,0.0369180152329196
549,5,10,150,42,0.0
550,5,10,150,42,0.0
551,5,10,150,42,0.27014395692650645
552,5,10,150,42,0.0
553,5,10,150,42,0.16102243342487008
554,5,10,150,42,0.16600564593053876
555,5,10,150,42,0.0
556,5,10,150,42,0.08876245163110816
557,5,10,150,42,0.0
558,5,10,150,42,0.0
559,5,10,150,42,0.0734773909038217
560,5,10,150,42,0.2179777837196921
561,5,10,150,42,0.0
562,5,10,150,42,0.034743705427429224
563,5,10,150,42,0.0
564,5,10,150,42,0.0
565,5,10,150,42,0.10523285614729473
566,5,10,150,42,0.13665387068436016
567,5,10,150,42,0.13463074517970205
568,5,10,150,42,0.029041021384678276
569,5,10,150,42,0.0
570,5,10,150,42,0.0
571,5,10,150,42,0.0
572,5,10,150,42,0.058995070558427745
573,5,10,150,42,0.0
574,5,10,150,42,0.04185567464896701
575,5,10,150,42,0.0
576,5,10,150,42,0.17342765698823945
577,5,10,150,42,0.18930276028743934
578,5,10,150,42,0.0
579,5,10,150,42,0.0
580,5,10,150,42,0.10209739512291163
581,5,10,150,42,0.0
582,5,10,150,42,0.028361369701356044
583,5,10,150,42,0.0
584,5,10,150,42,0.0
585,5,10,150,42,0.0
586,5,10,150,42,0.07482758161941112
587,5,10,150,42,0.0
588,5,10,150,42,0.20391725813055298
589,5,10,150,42,0.0
590,5,10,150,42,0.18511573258657482
591,5,10,150,42,0.15758427078022966
592,5,10,150,42,0.26427253389912087
593,5,10,150,42,0.15257268888187236
594,5,10,150,42,0.0843142342558857
595,5,10,150,42,0.0
596,5,10,150,42,0.0
597,5,10,150,42,0.0
598,5,10,150,42,0.11752277470724268
599,5,10,150,42,0.084510355752413
600,5,10,150,42,0.0
601,5,10,150,42,0.026557570376145638
602,5,10,150,42,0.0
603,5,10,150,42,0.06194403202282284
604,5,10,150,42,0.0
605,5,10,150,42,0.07677414822537214
606,5,10,150,42,0.23070611216668133
607,5,10,150,42,0.0
608,5,10,150,42,0.126140293880171
609,5,10,150,42,0.11838279295536291
610,5,10,150,42,0.0
611,5,10,150,42,0.03927158715985786
612,5,10,150,42,0.0
613,5,10,150,42,0.15130120674940672
614,5,10,150,42,0.13886244387355454
615,5,10,150,42,0.0642412844378317
616,5,10,150,42,0.09781579202094404
617,5,10,150,42,0.03804989622115975
618,5,10,150,42,0.14346573780246497
619,5,10,150,42,0.1303945739341477
620,5,10,150,42,0.10964161607630166
621,5,10,150,42,0.11794864472265719
622,5,10,150,42,0.12782915685884583
623,5,10,150,42,0.050143326786652107
624,5,10,150,42,0.0
625,5,10,150,42,0.0
626,5,10,150,42,0.04690797720830594
627,5,10,150,42,0.04289205981312439
628,5,10,150,42,0.0
629,5,10,150,42,0.11794421963488726
630,5,10,150,42,0.09942460513010813
631,5,10,150,42,0.046614515546531544
632,5,10,150,42,0.2802309837406785
633,5,10,150,42,0.0455520698635181
634,5,10,150,42,0.023756977677906275
635,5,10,150,42,0.0
636,5,10,150,42,0.0
637,5,10,150,42,0.0
638,5,10,150,42,0.15473934503245962
639,5,10,150,42,0.0
640,5,10,150,42,0.0637867864178444
641,5,10,150,42,0.0
642,5,10,150,42,0.11050937821936165
643,5,10,150,42,0.16517724743969472
644,5,10,150,42,0.0
645,5,10,150,42,0.1673424068709125
646,5,10,150,42,0.0
647,5,10,150,42,0.03673869545191085
648,5,10,150,42,0.06871979778130019
649,5,10,150,42,0.0
650,5,10,150,42,0.01715082170286902
651,5,10,150,42,0.0
652,5,10,150,42,0.0
653,5,10,150,42,0.04986972418564592
654,5,10,150,42,0.1521155994897412
655,5,10,150,42,0.24231500421060329
656,5,10,150,42,0.0
657,5,10,150,42,0.053845569940583225
658,5,10,150,42,0.0
659,5,10,150,42,0.056317142194857506
660,5,10,150,42,0.0
661,5,10,150,42,0.0860496199597963
662,5,10,150,42,0.0
663,5,10,150,42,0.08249868901534818
664,5,10,150,42,0.05391021349625259
665,5,10,150,42,0.0
666,5,10,150,42,0.087254168110256
667,5,10,150,42,0.23495437216186538
668,5,10,150,42,0.0
669,5,10,150,42,0.2316621712044608
670,5,10,150,42,0.15539533467551025
671,5,10,150,42,0.17434206503696043
672,5,10,150,42,0.0
673,5,10,150,42,0.0
674,5,10,150,42,0.0
675,5,10,150,42,0.05010834716923557
676,5,10,150,42,0.0
677,5,10,150,42,0.03927489746221688
678,5,10,150,42,0.0
679,5,10,150,42,0.26970586372388394
680,5,10,150,42,0.2073612289146658
681,5,10,150,42,0.0
682,5,10,150,42,0.14080494367501273
683,5,10,150,42,0.06289349548893712
684,5,10,150,42,0.0
685,5,10,150,42,0.0
686,5,10,150,42,0.08962483220812449
687,5,10,150,42,0.0
688,5,10,150,42,0.0
689,5,10,150,42,0.27487633291429087
690,5,10,150,42,0.0
691,5,10,150,42,0.0
692,5,10,150,42,0.0
693,5,10,150,42,0.0
694,5,10,150,42,0.18529663165134855
695,5,10,150,42,0.0
696,5,10,150,42,0.06723507268634088
697,5,10,150,42,0.04505069314087506
698,5,10,150,42,0.09499131598480672
699,5,10,150,42,0.0
700,5,10,150,42,0.16958010263680806
701,5,10,150,42,0.04129602134854855
702,5,10,150,42,0.0
703,5,10,150,42,0.03870447337439288
704,5,10,150,42,0.03898594405226045
705,5,10,150,42,0.128262164895328
706,5,10,150,42,0.0
707,5,10,150,42,0.1214271141861712
708,5,10,150,42,0.04185109258092126
709,5,10,150,42,0.10371915894912967
710,5,10,150,42,0.05710411178654767
711,5,10,150,42,0.16477716860177744
712,5,10,150,42,0.1068936442464933
713,5,10,150,42,0.0
714,5,10,150,42,0.04195229264874745
715,5,10,150,42,0.08613181256989114
716,5,10,150,42,0.21321183265734991
717,5,10,150,42,0.1671511698578214
718,5,10,150,42,0.0
719,5,10,150,42,0.11614257564286637
720,5,10,150,42,0.05261577455142312
721,5,10,150,42,0.12073262272246164
722,5,10,150,42,0.0
723,5,10,150,42,0.0
724,5,10,150,42,0.0
725,5,10,150,42,0.05750402108673013
726,5,10,150,42,0.2529427027676571
727,5,10,150,42,0.1179409841970448
728,5,10,150,42,0.0
729,5,10,150,42,0.0
730,5,10,150,42,0.0
731,5,10,150,42,0.0
732,5,10,150,42,0.0
733,5,10,150,42,0.0
734,5,10,150,42,0.0655813061736612
735,5,10,150,42,0.0
736,5,10,150,42,0.0
737,5,10,150,42,0.16282663249631943
738,5,10,150,42,0.24803970741351278
739,5,10,150,42,0.0
740,5,10,150,42,0.0
741,5,10,150,42,0.10965210684801945
742,5,10,150,42,0.0
743,5,10,150,42,0.04224853374256244
744,5,10,150,42,0.08878770367712427
745,5,10,150,42,0.3682049230943936
746,5,10,150,42,0.11450296808588954
747,5,10,150,42,0.3855798846345743
748,5,10,150,42,0.1946257849561795
749,5,10,150,42,0.14120110146145806
750,5,10,150,42,0.07219614103266732
751,5,10,150,42,0.0619494839574541
752,5,10,150,42,0.020210299806331135
753,5,10,150,42,0.15406810205846871
754,5,10,150,42,0.0
755,5,10,150,42,0.0
756,5,10,150,42,0.03828357334999627
757,5,10,150,42,0.016181200264967402
758,5,10,150,42,0.18526461495318822
759,5,10,150,42,0.038281751104512325
760,5,10,150,42,0.11447590313611888
761,5,10,150,42,0.03339755935325358
762,5,10,150,42,0.11568388634051256
763,5,10,150,42,0.21523972231293975
764,5,10,150,42,0.08207588022692468
765,5,10,150,42,0.0
766,5,10,150,42,0.06296900312350698
767,5,10,150,42,0.2073612289146658
768,5,10,150,42,0.07655078846581868
769,5,10,150,42,0.0
770,5,10,150,42,0.02392217794381651
771,5,10,150,42,0.10700326704282045
772,5,10,150,42,0.03353522641880846
773,5,10,150,42,0.10261309958067238
774,5,10,150,42,0.03943138648947476
775,5,10,150,42,0.0
776,5,10,150,42,0.08673306424743614
777,5,10,150,42,0.14445412169961394
778,5,10,150,42,0.0
779,5,10,150,42,0.05878132199396477
780,5,10,150,42,0.04759023790187059
781,5,10,150,42,0.21898681539091044
782,5,10,150,42,0.016749198425681962
783,5,10,150,42,0.0
784,5,10,150,42,0.0
785,5,10,150,42,0.048159222084064895
786,5,10,150,42,0.13370327844286975
787,5,10,150,42,0.0683037314796457
788,5,10,150,42,0.23406832323671686
789,5,10,150,42,0.059109628562248356
790,5,10,150,42,0.08768939514376099
791,5,10,150,42,0.0
792,5,10,150,42,0.0
793,5,10,150,42,0.0
794,5,10,150,42,0.19607400121987484
795,5,10,150,42,0.12879456759092917
796,5,10,150,42,0.38255795802269293
797,5,10,150,42,0.09030583455080088
798,5,10,150,42,0.11399476809816607
799,5,10,150,42,0.0
800,5,10,150,42,0.0
801,5,10,150,42,0.0
802,5,10,150,42,0.030863419558816
803,5,10,150,42,0.0
804,5,10,150,42,0.18183921853088406
805,5,10,150,42,0.1444082413031559
806,5,10,150,42,0.1720329605925228
807,5,10,150,42,0.1989908428280213
808,5,10,150,42,0.0
809,5,10,150,42,0.0
810,5,10,150,42,0.0
811,5,10,150,42,0.0
812,5,10,150,42,0.0
813,5,10,150,42,0.17367331957930765
814,5,10,150,42,0.09144287629100999
815,5,10,150,42,0.2936858296020991
816,5,10,150,42,0.08005612702969578
817,5,10,150,42,0.0
818,5,10,150,42,0.0
819,5,10,150,42,0.0458402539699961
820,5,10,150,42,0.041641441310299704
821,5,10,150,42,0.14923708764130075
822,5,10,150,42,0.0
823,5,10,150,42,0.3388684504234627
824,5,10,150,42,0.0
825,5,10,150,42,0.06658368713044925
826,5,10,150,42,0.08595256401671977
827,5,10,150,42,0.0
828,5,10,150,42,0.07244745602732354
829,5,10,150,42,0.10951828933634093
830,5,10,150,42,0.08291691656156171
831,5,10,150,42,0.14187597933082008
832,5,10,150,42,0.041355644490859725
833,5,10,150,42,0.1931466639442539
834,5,10,150,42,0.0
835,5,10,150,42,0.04184851592383536
836,5,10,150,42,0.08376405429004333
837,5,10,150,42,0.0
838,5,10,150,42,0.1323245635779442
839,5,10,150,42,0.03322541746578526
840,5,10,150,42,0.40428168519349683
841,5,10,150,42,0.0
842,5,10,150,42,0.03314153504336938
843,5,10,150,42,0.13677652213665736
844,5,10,150,42,0.14767302746812566
845,5,10,150,42,0.0
846,5,10,150,42,0.33405225037416286
847,5,10,150,42,0.0
848,5,10,150,42,0.05838467172607771
849,5,10,150,42,0.08280898853927336
850,5,10,150,42,0.14707535599816787
851,5,10,150,42,0.30634530593055037
852,5,10,150,42,0.0
853,5,10,150,42,0.0
854,5,10,150,42,0.20496577959903445
855,5,10,150,42,0.0
856,5,10,150,42,0.0
857,5,10,150,42,0.0
858,5,10,150,42,0.0
859,5,10,150,42,0.0
860,5,10,150,42,0.0
861,5,10,150,42,0.09836355940276224
862,5,10,150,42,0.2443612778970556
863,5,10,150,42,0.0
864,5,10,150,42,0.3310334189808729
865,5,10,150,42,0.0
866,5,10,150,42,0.12374681498530773
867,5,10,150,42,0.24247967012405625
868,5,10,150,42,0.16556896927325096
869,5,10,150,42,0.0526955103112175
870,5,10,150,42,0.14906673749970634
871,5,10,150,42,0.1782666045445258
872,5,10,150,42,0.016508519975805852
873,5,10,150,42,0.0
874,5,10,150,42,0.06575393297476358
875,5,10,150,42,0.20156647570438105
876,5,10,150,42,0.0
877,5,10,150,42,0.03487978243545732
878,5,10,150,42,0.05940703050757662
879,5,10,150,42,0.07180913162424091
880,5,10,150,42,0.4240586869866716
881,5,10,150,42,0.3645887367330515
882,5,10,150,42,0.2984862426450284
883,5,10,150,42,0.3477311603389108
884,5,10,150,42,0.028767091820622218
885,5,10,150,42,0.11826773491854295
886,5,10,150,42,0.22599755626347795
887,5,10,150,42,0.14673811627397856
888,5,10,150,42,0.0
889,5,10,150,42,0.31770788806839595
890,5,10,150,42,0.3322850525379442
891,5,10,150,42,0.045468336959305466
892,5,10,150,42,0.4007213127459304
893,5,10,150,42,0.05014695371369417
894,5,10,150,42,0.2742691194009835
895,5,10,150,42,0.0
896,5,10,150,42,0.44848965792048046
897,5,10,150,42,0.15157258160201814
898,5,10,150,42,0.0
899,5,10,150,42,0.22339027738140532
900,5,10,150,42,0.04588516391390306
901,5,10,150,42,0.2743699426804163
902,5,10,150,42,0.025255271126572616
903,5,10,150,42,0.4464674788418342
904,5,10,150,42,0.0
905,5,10,150,42,0.08773956418811966
906,5,10,150,42,0.0
907,5,10,150,42,0.17973216725279145
908,5,10,150,42,0.15048529676904376
909,5,10,150,42,0.0
910,5,10,150,42,0.14111581018360284
911,5,10,150,42,0.05982032398485256
912,5,10,150,42,0.07877990502228673
913,5,10,150,42,0.21010469524539335
914,5,10,150,42,0.0
915,5,10,150,42,0.0
916,5,10,150,42,0.2685652203097263
917,5,10,150,42,0.0
918,5,10,150,42,0.03270637380193254
919,5,10,150,42,0.17243769016539817
920,5,10,150,42,0.26814570941777965
921,5,10,150,42,0.033754519876367156
922,5,10,150,42,0.15072221083063964
923,5,10,150,42,0.04312809707265483
924,5,10,150,42,0.09750504163024554
925,5,10,150,42,0.039791360812020615
926,5,10,150,42,0.18690891198435525
927,5,10,150,42,0.10637366360506269
928,5,10,150,42,0.1589074847551229
929,5,10,150,42,0.0753982504991096
930,5,10,150,42,0.08019821375364171
931,5,10,150,42,0.059539365700728666
932,5,10,150,42,0.3381341607603854
933,5,10,150,42,0.07113492083243435
934,5,10,150,42,0.21298744300464933
935,5,10,150,42,0.0
936,5,10,150,42,0.15703800664681247
937,5,10,150,42,0.0750451914573381
938,5,10,150,42,0.09363784304994488
939,5,10,150,42,0.05231692143384187
940,5,10,150,42,0.11312941097883775
941,5,10,150,42,0.17060921827860473
942,5,10,150,42,0.09011059462901405
943,5,10,150,42,0.23852550789346202
1,5,10,150,43,0.4058715898896693
2,5,10,150,43,0.14433828292945616
3,5,10,150,43,0.08759200575528697
4,5,10,150,43,0.0
5,5,10,150,43,0.04470486007704452
6,5,10,150,43,0.04187254809446048
7,5,10,150,43,0.1849553466368852
8,5,10,150,43,0.0
9,5,10,150,43,0.0
10,5,10,150,43,0.3005733545514552
11,5,10,150,43,0.03947525607388688
12,5,10,150,43,0.0787978565107802
13,5,10,150,43,0.2571168783990421
14,5,10,150,43,0.18795160328752808
15,5,10,150,43,0.0
16,5,10,150,43,0.11062750966338458
17,5,10,150,43,0.0
18,5,10,150,43,0.17872418048185143
19,5,10,150,43,0.0
20,5,10,150,43,0.13743816645714543
21,5,10,150,43,0.1265754929129826
22,5,10,150,43,0.040815803121742565
23,5,10,150,43,0.10387012192613786
24,5,10,150,43,0.05010834716923557
25,5,10,150,43,0.23940867474021393
26,5,10,150,43,0.0
27,5,10,150,43,0.0
28,5,10,150,43,0.0
30,5,10,150,43,0.08133484538841967
31,5,10,150,43,0.0
32,5,10,150,43,0.19519002499605084
33,5,10,150,43,0.0
34,5,10,150,43,0.0
35,5,10,150,43,0.0
37,5,10,150,43,0.08177471774917201
38,5,10,150,43,0.0
39,5,10,150,43,0.0
40,5,10,150,43,0.0
41,5,10,150,43,0.06835476917178976
42,5,10,150,43,0.08850778826764391
43,5,10,150,43,0.0
44,5,10,150,43,0.2672039079048423
45,5,10,150,43,0.0
46,5,10,150,43,0.0
47,5,10,150,43,0.0
48,5,10,150,43,0.0
49,5,10,150,43,0.033808395438916686
52,5,10,150,43,0.0
53,5,10,150,43,0.0
54,5,10,150,43,0.0
55,5,10,150,43,0.0
56,5,10,150,43,0.11781210270929884
57,5,10,150,43,0.1318392860374695
58,5,10,150,43,0.367408669496515
59,5,10,150,43,0.19233148606048747
60,5,10,150,43,0.1076743759411119
61,5,10,150,43,0.0
62,5,10,150,43,0.09586820699422145
63,5,10,150,43,0.0
64,5,10,150,43,0.04759023790187059
65,5,10,150,43,0.2342550150352983
66,5,10,150,43,0.0
67,5,10,150,43,0.0
68,5,10,150,43,0.0
69,5,10,150,43,0.0
70,5,10,150,43,0.0
71,5,10,150,43,0.20758456043036028
72,5,10,150,43,0.10990826949013655
73,5,10,150,43,0.05276490902632437
74,5,10,150,43,0.0
75,5,10,150,43,0.0
76,5,10,150,43,0.10633668103022985
77,5,10,150,43,0.09787979541175622
78,5,10,150,43,0.0
79,5,10,150,43,0.0
80,5,10,150,43,0.0
81,5,10,150,43,0.08878770367712427
82,5,10,150,43,0.0
83,5,10,150,43,0.07414861528507455
84,5,10,150,43,0.07550980911390262
85,5,10,150,43,0.04734112273659951
86,5,10,150,43,0.0
87,5,10,150,43,0.1102104590629334
88,5,10,150,43,0.18920035951687003
89,5,10,150,43,0.0
90,5,10,150,43,0.11641023011265045
91,5,10,150,43,0.0
92,5,10,150,43,0.03369782041898502
93,5,10,150,43,0.0
94,5,10,150,43,0.10370221609124387
95,5,10,150,43,0.07849567312219397
96,5,10,150,43,0.0
97,5,10,150,43,0.0
98,5,10,150,43,0.0
99,5,10,150,43,0.09641171098317775
100,5,10,150,43,0.0
101,5,10,150,43,0.0
102,5,10,150,43,0.0
103,5,10,150,43,0.0
104,5,10,150,43,0.33958467175585033
105,5,10,150,43,0.0
106,5,10,150,43,0.06516188295518531
107,5,10,150,43,0.0
109,5,10,150,43,0.16563719724029594
110,5,10,150,43,0.0
111,5,10,150,43,0.0
112,5,10,150,43,0.07807600999842033
113,5,10,150,43,0.0
114,5,10,150,43,0.08274602130532002
115,5,10,150,43,0.04001677477281075
116,5,10,150,43,0.0
117,5,10,150,43,0.0
118,5,10,150,43,0.16958010263680806
119,5,10,150,43,0.030181604521759563
120,5,10,150,43,0.0
121,5,10,150,43,0.13032376591037062
122,5,10,150,43,0.0
123,5,10,150,43,0.13720340769293682
124,5,10,150,43,0.0
125,5,10,150,43,0.05446333035917803
126,5,10,150,43,0.0
128,5,10,150,43,0.0
129,5,10,150,43,0.0
130,5,10,150,43,0.15174952279352721
131,5,10,150,43,0.0
132,5,10,150,43,0.0
133,5,10,150,43,0.0
134,5,10,150,43,0.0
135,5,10,150,43,0.0
136,5,10,150,43,0.0
137,5,10,150,43,0.1137075481082292
138,5,10,150,43,0.0976168253917686
139,5,10,150,43,0.0
140,5,10,150,43,0.0
141,5,10,150,43,0.0
142,5,10,150,43,0.0
143,5,10,150,43,0.0
144,5,10,150,43,0.0
145,5,10,150,43,0.17597149971119974
146,5,10,150,43,0.0
147,5,10,150,43,0.0
148,5,10,150,43,0.0
149,5,10,150,43,0.0
150,5,10,150,43,0.2640681225725909
151,5,10,150,43,0.1026571794225922
152,5,10,150,43,0.0
153,5,10,150,43,0.0
154,5,10,150,43,0.06416923277158361
155,5,10,150,43,0.0
156,5,10,150,43,0.0
157,5,10,150,43,0.0
158,5,10,150,43,0.08010006541788642
159,5,10,150,43,0.23138144801632507
160,5,10,150,43,0.1719271394881576
161,5,10,150,43,0.0
162,5,10,150,43,0.0
163,5,10,150,43,0.0
164,5,10,150,43,0.0
165,5,10,150,43,0.0
167,5,10,150,43,0.05319635904163211
168,5,10,150,43,0.0
169,5,10,150,43,0.0
170,5,10,150,43,0.0
171,5,10,150,43,0.0
173,5,10,150,43,0.0
174,5,10,150,43,0.03441184191455828
175,5,10,150,43,0.21517910082405575
176,5,10,150,43,0.06289692884934815
177,5,10,150,43,0.38113435412202
178,5,10,150,43,0.12597398707460816
179,5,10,150,43,0.09149012142095872
180,5,10,150,43,0.06228974831361337
181,5,10,150,43,0.09913210981157927
182,5,10,150,43,0.0
183,5,10,150,43,0.15101961822780524
184,5,10,150,43,0.0
185,5,10,150,43,0.0
186,5,10,150,43,0.04633132539002164
187,5,10,150,43,0.0
188,5,10,150,43,0.12925733948536566
189,5,10,150,43,0.1622220746837199
190,5,10,150,43,0.0
192,5,10,150,43,0.123151194370365
193,5,10,150,43,0.0
194,5,10,150,43,0.0
195,5,10,150,43,0.11787667935667444
196,5,10,150,43,0.0
197,5,10,150,43,0.09546043308946733
198,5,10,150,43,0.0
199,5,10,150,43,0.0
200,5,10,150,43,0.09785159463516042
201,5,10,150,43,0.0
202,5,10,150,43,0.0
203,5,10,150,43,0.0
204,5,10,150,43,0.19519002499605084
205,5,10,150,43,0.0
206,5,10,150,43,0.0
207,5,10,150,43,0.0
208,5,10,150,43,0.0
209,5,10,150,43,0.0
210,5,10,150,43,0.2167516193508568
211,5,10,150,43,0.0
213,5,10,150,43,0.08445760625486516
214,5,10,150,43,0.0
216,5,10,150,43,0.23813231172447274
217,5,10,150,43,0.0
218,5,10,150,43,0.0
219,5,10,150,43,0.0
221,5,10,150,43,0.0
222,5,10,150,43,0.1050995674008573
223,5,10,150,43,0.0
224,5,10,150,43,0.0
225,5,10,150,43,0.09077089626867633
226,5,10,150,43,0.19092086617893467
227,5,10,150,43,0.0
228,5,10,150,43,0.0
229,5,10,150,43,0.0
230,5,10,150,43,0.12683081539850163
231,5,10,150,43,0.0
232,5,10,150,43,0.0
233,5,10,150,43,0.23172568042238212
234,5,10,150,43,0.016900440779436858
235,5,10,150,43,0.0
236,5,10,150,43,0.0
237,5,10,150,43,0.19342640361727081
238,5,10,150,43,0.0
239,5,10,150,43,0.06912040963822193
240,5,10,150,43,0.12495636102304827
241,5,10,150,43,0.0
242,5,10,150,43,0.0
243,5,10,150,43,0.0
244,5,10,150,43,0.049712302565054066
245,5,10,150,43,0.0
246,5,10,150,43,0.0561326498270945
247,5,10,150,43,0.09472348220010487
248,5,10,150,43,0.09472348220010487
249,5,10,150,43,0.056720838976548935
250,5,10,150,43,0.0
251,5,10,150,43,0.13032376591037062
252,5,10,150,43,0.20184908658209985
253,5,10,150,43,0.05725248542464807
254,5,10,150,43,0.08514311764162098
255,5,10,150,43,0.0
256,5,10,150,43,0.038925970325304815
257,5,10,150,43,0.07984133538066794
258,5,10,150,43,0.0
259,5,10,150,43,0.1239740444869306
260,5,10,150,43,0.0
261,5,10,150,43,0.0
262,5,10,150,43,0.0
263,5,10,150,43,0.0956366800683804
264,5,10,150,43,0.0
265,5,10,150,43,0.0
266,5,10,150,43,0.0
267,5,10,150,43,0.17168372277322866
268,5,10,150,43,0.049712302565054066
269,5,10,150,43,0.052962244777770985
270,5,10,150,43,0.041641441310299704
271,5,10,150,43,0.13010624216828925
272,5,10,150,43,0.08942172406547305
273,5,10,150,43,0.0
274,5,10,150,43,0.0
275,5,10,150,43,0.0
276,5,10,150,43,0.15875999922826586
277,5,10,150,43,0.0
278,5,10,150,43,0.0
279,5,10,150,43,0.12135320033165094
280,5,10,150,43,0.14324481060386993
281,5,10,150,43,0.0
282,5,10,150,43,0.0
283,5,10,150,43,0.0
284,5,10,150,43,0.0
285,5,10,150,43,0.0
286,5,10,150,43,0.05490370618855431
287,5,10,150,43,0.0
288,5,10,150,43,0.0859574327152926
289,5,10,150,43,0.0
290,5,10,150,43,0.07834851647149511
291,5,10,150,43,0.07828167840727236
292,5,10,150,43,0.04224853374256244
293,5,10,150,43,0.062192625389540866
294,5,10,150,43,0.0
295,5,10,150,43,0.2603201838311303
296,5,10,150,43,0.10860713607593808
297,5,10,150,43,0.0
298,5,10,150,43,0.061080020762274374
299,5,10,150,43,0.0
300,5,10,150,43,0.0
301,5,10,150,43,0.06460801587741544
302,5,10,150,43,0.09224219235917257
303,5,10,150,43,0.05745511858789652
304,5,10,150,43,0.0
305,5,10,150,43,0.11349000778741654
306,5,10,150,43,0.0
307,5,10,150,43,0.10778915452451093
308,5,10,150,43,0.13490077762666258
310,5,10,150,43,0.0
311,5,10,150,43,0.13301422444853
312,5,10,150,43,0.08520401710471519
313,5,10,150,43,0.11270402374049442
314,5,10,150,43,0.16600564593053876
315,5,10,150,43,0.0
316,5,10,150,43,0.0
317,5,10,150,43,0.0
318,5,10,150,43,0.13567671906468678
319,5,10,150,43,0.0
320,5,10,150,43,0.13927874459665815
321,5,10,150,43,0.0
322,5,10,150,43,0.0
323,5,10,150,43,0.1610425878239398
324,5,10,150,43,0.0
325,5,10,150,43,0.09092803061897883
326,5,10,150,43,0.027288805847552652
327,5,10,150,43,0.025410386140327024
328,5,10,150,43,0.09206364236149692
329,5,10,150,43,0.0
330,5,10,150,43,0.07197991643202278
331,5,10,150,43,0.0
332,5,10,150,43,0.09320485889859448
334,5,10,150,43,0.0
335,5,10,150,43,0.0
336,5,10,150,43,0.049712302565054066
337,5,10,150,43,0.0
338,5,10,150,43,0.07132875491150918
339,5,10,150,43,0.1430641274918087
340,5,10,150,43,0.0
341,5,10,150,43,0.0
342,5,10,150,43,0.31341134215401556
343,5,10,150,43,0.09229649639444802
344,5,10,150,43,0.1202034973803211
345,5,10,150,43,0.18015355216717013
346,5,10,150,43,0.04366879852493834
347,5,10,150,43,0.22280620320442554
348,5,10,150,43,0.0
349,5,10,150,43,0.0
350,5,10,150,43,0.058087171966128066
351,5,10,150,43,0.0
352,5,10,150,43,0.1903601622684853
353,5,10,150,43,0.14434031438272124
354,5,10,150,43,0.06335619058732639
355,5,10,150,43,0.0
356,5,10,150,43,0.0
357,5,10,150,43,0.0
358,5,10,150,43,0.06364028872631156
359,5,10,150,43,0.3010299956639812
360,5,10,150,43,0.12982031659526816
361,5,10,150,43,0.09478836436955078
362,5,10,150,43,0.0
363,5,10,150,43,0.22463865489880525
364,5,10,150,43,0.0
365,5,10,150,43,0.0
366,5,10,150,43,0.0
367,5,10,150,43,0.0
368,5,10,150,43,0.0
369,5,10,150,43,0.0
370,5,10,150,43,0.0
371,5,10,150,43,0.07984133538066794
372,5,10,150,43,0.15130120674940672
373,5,10,150,43,0.22842722979011518
374,5,10,150,43,0.07472550252128253
375,5,10,150,43,0.0
376,5,10,150,43,0.0
377,5,10,150,43,0.0
378,5,10,150,43,0.12028809946908156
379,5,10,150,43,0.08433239722469389
380,5,10,150,43,0.0
381,5,10,150,43,0.0
382,5,10,150,43,0.09952375175972906
383,5,10,150,43,0.040815803121742565
384,5,10,150,43,0.0
385,5,10,150,43,0.0
386,5,10,150,43,0.0
387,5,10,150,43,0.08586571489348302
388,5,10,150,43,0.0
389,5,10,150,43,0.09284203700798714
390,5,10,150,43,0.0
391,5,10,150,43,0.11245246430543061
392,5,10,150,43,0.11004588314904008
393,5,10,150,43,0.1476747436409124
394,5,10,150,43,0.16570616085215287
395,5,10,150,43,0.0
396,5,10,150,43,0.0
397,5,10,150,43,0.11004588314904008
398,5,10,150,43,0.23681541828907415
399,5,10,150,43,0.026175882249243814
400,5,10,150,43,0.0
401,5,10,150,43,0.02839245759615368
402,5,10,150,43,0.0
403,5,10,150,43,0.2529427027676571
404,5,10,150,43,0.0
405,5,10,150,43,0.043188052408754896
406,5,10,150,43,0.06851965381051771
407,5,10,150,43,0.07081727565973653
408,5,10,150,43,0.09983719697789138
409,5,10,150,43,0.0334374913847135
410,5,10,150,43,0.0
411,5,10,150,43,0.17342765698823945
412,5,10,150,43,0.0
413,5,10,150,43,0.0
414,5,10,150,43,0.21398626473452756
415,5,10,150,43,0.0
416,5,10,150,43,0.14776839204044256
417,5,10,150,43,0.0895852844335066
419,5,10,150,43,0.30260241349881345
420,5,10,150,43,0.0
421,5,10,150,43,0.0
422,5,10,150,43,0.0
423,5,10,150,43,0.08440880858250024
424,5,10,150,43,0.0
425,5,10,150,43,0.2082843711703412
426,5,10,150,43,0.13571943816109763
427,5,10,150,43,0.0
428,5,10,150,43,0.0
429,5,10,150,43,0.155004530404478
430,5,10,150,43,0.1261446714466394
431,5,10,150,43,0.0
432,5,10,150,43,0.0
433,5,10,150,43,0.0
434,5,10,150,43,0.3903800499921017
435,5,10,150,43,0.10274826657461704
436,5,10,150,43,0.08868088264964148
437,5,10,150,43,0.22972973128433707
438,5,10,150,43,0.0
439,5,10,150,43,0.0
440,5,10,150,43,0.0
441,5,10,150,43,0.0
442,5,10,150,43,0.0
443,5,10,150,43,0.0
445,5,10,150,43,0.0
446,5,10,150,43,0.0
447,5,10,150,43,0.24290422668756767
448,5,10,150,43,0.0
449,5,10,150,43,0.04403205443910179
450,5,10,150,43,0.2300232020135421
451,5,10,150,43,0.0
452,5,10,150,43,0.07830573469972951
453,5,10,150,43,0.029956785715628154
454,5,10,150,43,0.0
455,5,10,150,43,0.0
456,5,10,150,43,0.07758828619721583
457,5,10,150,43,0.29418445531213994
458,5,10,150,43,0.04507276838148142
459,5,10,150,43,0.0
460,5,10,150,43,0.0
461,5,10,150,43,0.0
462,5,10,150,43,0.0
463,5,10,150,43,0.0
464,5,10,150,43,0.0
465,5,10,150,43,0.0
466,5,10,150,43,0.03947525607388688
467,5,10,150,43,0.07335312372354855
468,5,10,150,43,0.25116683884278784
469,5,10,150,43,0.0
470,5,10,150,43,0.0
471,5,10,150,43,0.0
472,5,10,150,43,0.13139503164087882
473,5,10,150,43,0.08754031530847717
474,5,10,150,43,0.28344067059171446
475,5,10,150,43,0.06516188295518531
476,5,10,150,43,0.0
477,5,10,150,43,0.0
478,5,10,150,43,0.23782833255689273
479,5,10,150,43,0.07834096783470737
480,5,10,150,43,0.21398626473452756
481,5,10,150,43,0.13863671367752411
482,5,10,150,43,0.0
483,5,10,150,43,0.06912040963822193
484,5,10,150,43,0.09353062527112192
485,5,10,150,43,0.0
486,5,10,150,43,0.0877209484781505
487,5,10,150,43,0.19674990380650584
488,5,10,150,43,0.0
489,5,10,150,43,0.0
490,5,10,150,43,0.0
491,5,10,150,43,0.19092086617893467
492,5,10,150,43,0.12471554514794539
493,5,10,150,43,0.0
494,5,10,150,43,0.0
495,5,10,150,43,0.10048896362940396
496,5,10,150,43,0.05459112561892713
497,5,10,150,43,0.0
498,5,10,150,43,0.03855307727568851
499,5,10,150,43,0.1912282106369008
500,5,10,150,43,0.03148908318001809
501,5,10,150,43,0.0
502,5,10,150,43,0.06364028872631156
503,5,10,150,43,0.16576794992734778
504,5,10,150,43,0.0
505,5,10,150,43,0.0
506,5,10,150,43,0.10589517949214913
507,5,10,150,43,0.0
508,5,10,150,43,0.0
509,5,10,150,43,0.06474271459046577
510,5,10,150,43,0.0
511,5,10,150,43,0.0
512,5,10,150,43,0.18316925091363362
513,5,10,150,43,0.0
514,5,10,150,43,0.10595566933616397
515,5,10,150,43,0.0
516,5,10,150,43,0.0
517,5,10,150,43,0.042259191411409554
518,5,10,150,43,0.0
519,5,10,150,43,0.0
520,5,10,150,43,0.0
521,5,10,150,43,0.0
522,5,10,150,43,0.0
523,5,10,150,43,0.0316088333445714
524,5,10,150,43,0.08852277179308368
525,5,10,150,43,0.0
526,5,10,150,43,0.03227932543520417
527,5,10,150,43,0.12265062558661
528,5,10,150,43,0.14110144150616766
529,5,10,150,43,0.0
530,5,10,150,43,0.0
531,5,10,150,43,0.0
532,5,10,150,43,0.016552362338872865
533,5,10,150,43,0.1410246796535469
534,5,10,150,43,0.04084531701587904
535,5,10,150,43,0.23945874281261442
536,5,10,150,43,0.23620378562439379
537,5,10,150,43,0.3695421798076616
538,5,10,150,43,0.0
539,5,10,150,43,0.11414433776026256
540,5,10,150,43,0.0
541,5,10,150,43,0.12534926568386062
542,5,10,150,43,0.12627825946936164
543,5,10,150,43,0.0
544,5,10,150,43,0.0
545,5,10,150,43,0.052962244777770985
546,5,10,150,43,0.15314106296495628
547,5,10,150,43,0.0
548,5,10,150,43,0.0369180152329196
549,5,10,150,43,0.0
550,5,10,150,43,0.0
551,5,10,150,43,0.26589435867308586
552,5,10,150,43,0.0
553,5,10,150,43,0.16102243342487008
554,5,10,150,43,0.16600564593053876
555,5,10,150,43,0.0
556,5,10,150,43,0.08876245163110816
557,5,10,150,43,0.0
558,5,10,150,43,0.0
559,5,10,150,43,0.0734773909038217
560,5,10,150,43,0.2179777837196921
561,5,10,150,43,0.0
562,5,10,150,43,0.034743705427429224
563,5,10,150,43,0.0
564,5,10,150,43,0.0
565,5,10,150,43,0.10523285614729473
566,5,10,150,43,0.13665387068436016
567,5,10,150,43,0.13463074517970205
568,5,10,150,43,0.029041021384678276
569,5,10,150,43,0.0
570,5,10,150,43,0.0
571,5,10,150,43,0.0
572,5,10,150,43,0.058995070558427745
573,5,10,150,43,0.0
574,5,10,150,43,0.04185567464896701
575,5,10,150,43,0.0
576,5,10,150,43,0.17342765698823945
577,5,10,150,43,0.18930276028743934
578,5,10,150,43,0.0
579,5,10,150,43,0.0
580,5,10,150,43,0.10209739512291163
581,5,10,150,43,0.0
582,5,10,150,43,0.028361369701356044
583,5,10,150,43,0.0
584,5,10,150,43,0.0
585,5,10,150,43,0.0
586,5,10,150,43,0.07482758161941112
587,5,10,150,43,0.0
588,5,10,150,43,0.20070946316873686
589,5,10,150,43,0.0
590,5,10,150,43,0.18511573258657482
591,5,10,150,43,0.15758427078022966
592,5,10,150,43,0.2758461637167459
593,5,10,150,43,0.15257268888187236
594,5,10,150,43,0.0843142342558857
595,5,10,150,43,0.0
596,5,10,150,43,0.0
597,5,10,150,43,0.0
598,5,10,150,43,0.11752277470724268
599,5,10,150,43,0.12482439971749086
600,5,10,150,43,0.0
601,5,10,150,43,0.026557570376145638
602,5,10,150,43,0.0
603,5,10,150,43,0.06194403202282284
604,5,10,150,43,0.0
605,5,10,150,43,0.07677414822537214
606,5,10,150,43,0.22707690534498773
607,5,10,150,43,0.0
608,5,10,150,43,0.126140293880171
609,5,10,150,43,0.11838279295536291
610,5,10,150,43,0.0
611,5,10,150,43,0.03927158715985786
612,5,10,150,43,0.0
613,5,10,150,43,0.15130120674940672
614,5,10,150,43,0.13886244387355454
615,5,10,150,43,0.0642412844378317
616,5,10,150,43,0.09781579202094404
617,5,10,150,43,0.03804989622115975
618,5,10,150,43,0.14120889757650754
619,5,10,150,43,0.1303945739341477
620,5,10,150,43,0.10964161607630166
621,5,10,150,43,0.11794864472265719
622,5,10,150,43,0.12581829358467173
623,5,10,150,43,0.050143326786652107
624,5,10,150,43,0.019160322430058573
625,5,10,150,43,0.0
626,5,10,150,43,0.04690797720830594
627,5,10,150,43,0.04289205981312439
628,5,10,150,43,0.0
629,5,10,150,43,0.11794421963488726
630,5,10,150,43,0.09942460513010813
631,5,10,150,43,0.046614515546531544
632,5,10,150,43,0.2802309837406785
633,5,10,150,43,0.0455520698635181
634,5,10,150,43,0.023756977677906275
635,5,10,150,43,0.0
636,5,10,150,43,0.0
637,5,10,150,43,0.0
638,5,10,150,43,0.15473934503245962
639,5,10,150,43,0.0
640,5,10,150,43,0.0637867864178444
641,5,10,150,43,0.0
642,5,10,150,43,0.10877097005354301
643,5,10,150,43,0.1625788663757218
644,5,10,150,43,0.0
645,5,10,150,43,0.1673424068709125
646,5,10,150,43,0.0
647,5,10,150,43,0.03673869545191085
648,5,10,150,43,0.06763877588486637
649,5,10,150,43,0.0
650,5,10,150,43,0.032611889938438055
651,5,10,150,43,0.0
652,5,10,150,43,0.0
653,5,10,150,43,0.049085230261706164
654,5,10,150,43,0.1521155994897412
655,5,10,150,43,0.23850317946950375
656,5,10,150,43,0.0
657,5,10,150,43,0.053845569940583225
658,5,10,150,43,0.0
659,5,10,150,43,0.05543122480535982
660,5,10,150,43,0.0
661,5,10,150,43,0.0860496199597963
662,5,10,150,43,0.0
663,5,10,150,43,0.08120091323410245
664,5,10,150,43,0.05391021349625259
665,5,10,150,43,0.0
666,5,10,150,43,0.08588158452695606
667,5,10,150,43,0.23495437216186538
668,5,10,150,43,0.0
669,5,10,150,43,0.2316621712044608
670,5,10,150,43,0.15539533467551025
671,5,10,150,43,0.17434206503696043
672,5,10,150,43,0.0
673,5,10,150,43,0.0
674,5,10,150,43,0.0
675,5,10,150,43,0.05010834716923557
676,5,10,150,43,0.0
677,5,10,150,43,0.03927489746221688
678,5,10,150,43,0.0
679,5,10,150,43,0.26970586372388394
680,5,10,150,43,0.2073612289146658
681,5,10,150,43,0.0
682,5,10,150,43,0.13858996004361093
683,5,10,150,43,0.06289349548893712
684,5,10,150,43,0.0
685,5,10,150,43,0.0
686,5,10,150,43,0.08962483220812449
687,5,10,150,43,0.0
688,5,10,150,43,0.0
689,5,10,150,43,0.27487633291429087
690,5,10,150,43,0.0
691,5,10,150,43,0.0
692,5,10,150,43,0.0
693,5,10,150,43,0.0
694,5,10,150,43,0.20269611984358588
695,5,10,150,43,0.0
696,5,10,150,43,0.12935879342602336
697,5,10,150,43,0.04505069314087506
698,5,10,150,43,0.09499131598480672
699,5,10,150,43,0.0
700,5,10,150,43,0.16958010263680806
701,5,10,150,43,0.04129602134854855
702,5,10,150,43,0.0
703,5,10,150,43,0.03870447337439288
704,5,10,150,43,0.03898594405226045
705,5,10,150,43,0.128262164895328
706,5,10,150,43,0.0
707,5,10,150,43,0.11951696058423873
708,5,10,150,43,0.04185109258092126
709,5,10,150,43,0.10371915894912967
710,5,10,150,43,0.05710411178654767
711,5,10,150,43,0.16218508112419522
712,5,10,150,43,0.1068936442464933
713,5,10,150,43,0.0
714,5,10,150,43,0.04195229264874745
715,5,10,150,43,0.08477688461064554
716,5,10,150,43,0.20985782599372585
717,5,10,150,43,0.1671511698578214
718,5,10,150,43,0.0
719,5,10,150,43,0.11614257564286637
720,5,10,150,43,0.05261577455142312
721,5,10,150,43,0.11883339407233921
722,5,10,150,43,0.0
723,5,10,150,43,0.0
724,5,10,150,43,0.0
725,5,10,150,43,0.05750402108673013
726,5,10,150,43,0.2529427027676571
727,5,10,150,43,0.1160856704371045
728,5,10,150,43,0.0
729,5,10,150,43,0.0
730,5,10,150,43,0.0
731,5,10,150,43,0.02252515146411945
732,5,10,150,43,0.0
733,5,10,150,43,0.0
734,5,10,150,43,0.0655813061736612
735,5,10,150,43,0.0
736,5,10,150,43,0.0
737,5,10,150,43,0.16282663249631943
738,5,10,150,43,0.24803970741351278
739,5,10,150,43,0.0
740,5,10,150,43,0.0
741,5,10,150,43,0.10965210684801945
742,5,10,150,43,0.0
743,5,10,150,43,0.04224853374256244
744,5,10,150,43,0.08878770367712427
745,5,10,150,43,0.3682049230943936
746,5,10,150,43,0.11450296808588954
747,5,10,150,43,0.37951437932792415
748,5,10,150,43,0.1946257849561795
749,5,10,150,43,0.13897988592519891
750,5,10,150,43,0.07219614103266732
751,5,10,150,43,0.06097496495721037
752,5,10,150,43,0.020210299806331135
753,5,10,150,43,0.15406810205846871
754,5,10,150,43,0.0
755,5,10,150,43,0.0
756,5,10,150,43,0.03828357334999627
757,5,10,150,43,0.01592665597988846
758,5,10,150,43,0.18235024221250945
759,5,10,150,43,0.038281751104512325
760,5,10,150,43,0.11447590313611888
761,5,10,150,43,0.03339755935325358
762,5,10,150,43,0.11568388634051256
763,5,10,150,43,0.21185381518988444
764,5,10,150,43,0.08207588022692468
765,5,10,150,43,0.0
766,5,10,150,43,0.061978446204382226
767,5,10,150,43,0.2073612289146658
768,5,10,150,43,0.07655078846581868
769,5,10,150,43,0.0
770,5,10,150,43,0.02392217794381651
771,5,10,150,43,0.10700326704282045
772,5,10,150,43,0.03353522641880846
773,5,10,150,43,0.1009989067121096
774,5,10,150,43,0.03881109665193006
775,5,10,150,43,0.0
776,5,10,150,43,0.08536867807891639
777,5,10,150,43,0.14445412169961394
778,5,10,150,43,0.0
779,5,10,150,43,0.05878132199396477
780,5,10,150,43,0.04759023790187059
781,5,10,150,43,0.21898681539091044
782,5,10,150,43,0.016485719037929687
783,5,10,150,43,0.0
784,5,10,150,43,0.0
785,5,10,150,43,0.048159222084064895
786,5,10,150,43,0.13370327844286975
787,5,10,150,43,0.0683037314796457
788,5,10,150,43,0.23038622592488084
789,5,10,150,43,0.059109628562248356
790,5,10,150,43,0.08630996506253281
791,5,10,150,43,0.0
792,5,10,150,43,0.0
793,5,10,150,43,0.0
794,5,10,150,43,0.19607400121987484
795,5,10,150,43,0.1267685175703715
796,5,10,150,43,0.37653999023714047
797,5,10,150,43,0.09030583455080088
798,5,10,150,43,0.11220153173293121
799,5,10,150,43,0.0
800,5,10,150,43,0.0
801,5,10,150,43,0.0
802,5,10,150,43,0.030863419558816
803,5,10,150,43,0.0
804,5,10,150,43,0.17897873024062613
805,5,10,150,43,0.14213657468139104
806,5,10,150,43,0.16932673322700134
807,5,10,150,43,0.21159141014782992
808,5,10,150,43,0.0
809,5,10,150,43,0.0
810,5,10,150,43,0.0
811,5,10,150,43,0.0
812,5,10,150,43,0.0
813,5,10,150,43,0.17367331957930765
814,5,10,150,43,0.09144287629100999
815,5,10,150,43,0.28906589731588106
816,5,10,150,43,0.08005612702969578
817,5,10,150,43,0.0
818,5,10,150,43,0.0
819,5,10,150,43,0.0458402539699961
820,5,10,150,43,0.041641441310299704
821,5,10,150,43,0.14923708764130075
822,5,10,150,43,0.0
823,5,10,150,43,0.34926862191101526
824,5,10,150,43,0.0
825,5,10,150,43,0.08126713360844637
826,5,10,150,43,0.0846004557923561
827,5,10,150,43,0.0
828,5,10,150,43,0.07244745602732354
829,5,10,150,43,0.10951828933634093
830,5,10,150,43,0.08291691656156171
831,5,10,150,43,0.14187597933082008
832,5,10,150,43,0.041355644490859725
833,5,10,150,43,0.19010829975099225
834,5,10,150,43,0.020919434760060668
835,5,10,150,43,0.04119020254825037
836,5,10,150,43,0.08376405429004333
837,5,10,150,43,0.0
838,5,10,150,43,0.13024298366528136
839,5,10,150,43,0.03322541746578526
840,5,10,150,43,0.39792198437755144
841,5,10,150,43,0.0
842,5,10,150,43,0.03314153504336938
843,5,10,150,43,0.13462490906267321
844,5,10,150,43,0.14767302746812566
845,5,10,150,43,0.0
846,5,10,150,43,0.34452818485693654
847,5,10,150,43,0.0
848,5,10,150,43,0.05746623030759662
849,5,10,150,43,0.08280898853927336
850,5,10,150,43,0.17396219818841482
851,5,10,150,43,0.3015262291248447
852,5,10,150,43,0.0
853,5,10,150,43,0.0
854,5,10,150,43,0.20174149048701848
855,5,10,150,43,0.0
856,5,10,150,43,0.0
857,5,10,150,43,0.0
858,5,10,150,43,0.0
859,5,10,150,43,0.0
860,5,10,150,43,0.0
861,5,10,150,43,0.09836355940276224
862,5,10,150,43,0.24051726349980793
863,5,10,150,43,0.0
864,5,10,150,43,0.32582597678919845
865,5,10,150,43,0.0
866,5,10,150,43,0.12374681498530773
867,5,10,150,43,0.23866525504561892
868,5,10,150,43,0.16296442608579897
869,5,10,150,43,0.0526955103112175
870,5,10,150,43,0.14672178870081762
871,5,10,150,43,0.17546231656438885
872,5,10,150,43,0.01624882666837855
873,5,10,150,43,0.0
874,5,10,150,43,0.06575393297476358
875,5,10,150,43,0.19839566058474276
876,5,10,150,43,0.0
877,5,10,150,43,0.03487978243545732
878,5,10,150,43,0.058472506500605835
879,5,10,150,43,0.07180913162424091
880,5,10,150,43,0.41738787681542405
881,5,10,150,43,0.3588534403508373
882,5,10,150,43,0.29379079570686323
883,5,10,150,43,0.3422610482236945
884,5,10,150,43,0.028767091820622218
885,5,10,150,43,0.11640728108694907
886,5,10,150,43,0.22244241910142076
887,5,10,150,43,0.14442979870240405
888,5,10,150,43,0.0
889,5,10,150,43,0.3127100680112895
890,5,10,150,43,0.3270579210671219
891,5,10,150,43,0.06799348842342492
892,5,10,150,43,0.4101484851751841
893,5,10,150,43,0.05014695371369417
894,5,10,150,43,0.28568549427656875
895,5,10,150,43,0.0
896,5,10,150,43,0.4414345274313147
897,5,10,150,43,0.14918821370657925
898,5,10,150,43,0.0
899,5,10,150,43,0.21987615497277624
900,5,10,150,43,0.04588516391390306
901,5,10,150,43,0.2700538660134746
902,5,10,150,43,0.025255271126572616
903,5,10,150,43,0.4394441589797818
904,5,10,150,43,0.0
905,5,10,150,43,0.08773956418811966
906,5,10,150,43,0.0
907,5,10,150,43,0.17690482470280153
908,5,10,150,43,0.1481180328050781
909,5,10,150,43,0.0
910,5,10,150,43,0.14111581018360284
911,5,10,150,43,0.05887929851377662
912,5,10,150,43,0.07877990502228673
913,5,10,150,43,0.20679956654250256
914,5,10,150,43,0.0
915,5,10,150,43,0.0
916,5,10,150,43,0.2643404569496922
917,5,10,150,43,0.0
918,5,10,150,43,0.032191874234495516
919,5,10,150,43,0.1697250960533999
920,5,10,150,43,0.26814570941777965
921,5,10,150,43,0.033223532064003525
922,5,10,150,43,0.14835122000343476
923,5,10,150,43,0.04244965477811493
924,5,10,150,43,0.09597120293429307
925,5,10,150,43,0.039791360812020615
926,5,10,150,43,0.18690891198435525
927,5,10,150,43,0.10470031380960898
928,5,10,150,43,0.1589074847551229
929,5,10,150,43,0.0753982504991096
930,5,10,150,43,0.07893662643933565
931,5,10,150,43,0.059539365700728666
932,5,10,150,43,0.3485458832598696
933,5,10,150,43,0.07001590696010491
934,5,10,150,43,0.2096369661844726
935,5,10,150,43,0.0
936,5,10,150,43,0.15456766288506585
937,5,10,150,43,0.0750451914573381
938,5,10,150,43,0.09216483873474055
939,5,10,150,43,0.05231692143384187
940,5,10,150,43,0.11134978743006091
941,5,10,150,43,0.17060921827860473
942,5,10,150,43,0.08869307698432238
943,5,10,150,43,0.23477329520925944
1,5,10,150,44,0.4058715898896693
2,5,10,150,44,0.14433828292945616
3,5,10,150,44,0.08759200575528697
4,5,10,150,44,0.0
5,5,10,150,44,0.04470486007704452
6,5,10,150,44,0.04187254809446048
7,5,10,150,44,0.1849553466368852
8,5,10,150,44,0.0
9,5,10,150,44,0.0
10,5,10,150,44,0.3005733545514552
11,5,10,150,44,0.03947525607388688
12,5,10,150,44,0.0787978565107802
13,5,10,150,44,0.2531579943378621
14,5,10,150,44,0.18795160328752808
15,5,10,150,44,0.0
16,5,10,150,44,0.11062750966338458
17,5,10,150,44,0.0
18,5,10,150,44,0.17872418048185143
19,5,10,150,44,0.0
20,5,10,150,44,0.13743816645714543
21,5,10,150,44,0.1265754929129826
22,5,10,150,44,0.040815803121742565
23,5,10,150,44,0.10387012192613786
24,5,10,150,44,0.05010834716923557
25,5,10,150,44,0.23940867474021393
26,5,10,150,44,0.0
27,5,10,150,44,0.0
28,5,10,150,44,0.0
30,5,10,150,44,0.08133484538841967
31,5,10,150,44,0.11164668500969883
32,5,10,150,44,0.19519002499605084
33,5,10,150,44,0.0
34,5,10,150,44,0.0
35,5,10,150,44,0.0
37,5,10,150,44,0.08177471774917201
38,5,10,150,44,0.0
39,5,10,150,44,0.0
40,5,10,150,44,0.0
41,5,10,150,44,0.06835476917178976
42,5,10,150,44,0.08850778826764391
43,5,10,150,44,0.0
44,5,10,150,44,0.2672039079048423
45,5,10,150,44,0.0
46,5,10,150,44,0.0
47,5,10,150,44,0.0
48,5,10,150,44,0.0
49,5,10,150,44,0.033808395438916686
52,5,10,150,44,0.0
53,5,10,150,44,0.0
54,5,10,150,44,0.0
55,5,10,150,44,0.0
56,5,10,150,44,0.11781210270929884
57,5,10,150,44,0.1318392860374695
58,5,10,150,44,0.367408669496515
59,5,10,150,44,0.19233148606048747
60,5,10,150,44,0.1076743759411119
61,5,10,150,44,0.0
62,5,10,150,44,0.09586820699422145
63,5,10,150,44,0.0
64,5,10,150,44,0.04759023790187059
65,5,10,150,44,0.2342550150352983
66,5,10,150,44,0.0
67,5,10,150,44,0.0
68,5,10,150,44,0.0
69,5,10,150,44,0.0
70,5,10,150,44,0.0
71,5,10,150,44,0.20758456043036028
72,5,10,150,44,0.10990826949013655
73,5,10,150,44,0.05276490902632437
74,5,10,150,44,0.0
75,5,10,150,44,0.0
76,5,10,150,44,0.10633668103022985
77,5,10,150,44,0.09787979541175622
78,5,10,150,44,0.0
79,5,10,150,44,0.0
80,5,10,150,44,0.0
81,5,10,150,44,0.08878770367712427
82,5,10,150,44,0.0
83,5,10,150,44,0.07414861528507455
84,5,10,150,44,0.07550980911390262
85,5,10,150,44,0.04734112273659951
86,5,10,150,44,0.0
87,5,10,150,44,0.13890464807639166
88,5,10,150,44,0.18920035951687003
89,5,10,150,44,0.0
90,5,10,150,44,0.11641023011265045
91,5,10,150,44,0.0
92,5,10,150,44,0.03369782041898502
93,5,10,150,44,0.0
94,5,10,150,44,0.10370221609124387
95,5,10,150,44,0.07849567312219397
96,5,10,150,44,0.0
97,5,10,150,44,0.0
98,5,10,150,44,0.0
99,5,10,150,44,0.09641171098317775
100,5,10,150,44,0.0
101,5,10,150,44,0.0
102,5,10,150,44,0.0
103,5,10,150,44,0.0
104,5,10,150,44,0.33958467175585033
105,5,10,150,44,0.0
106,5,10,150,44,0.06516188295518531
107,5,10,150,44,0.0
109,5,10,150,44,0.16563719724029594
110,5,10,150,44,0.0
111,5,10,150,44,0.0
112,5,10,150,44,0.07807600999842033
113,5,10,150,44,0.0
114,5,10,150,44,0.08274602130532002
115,5,10,150,44,0.04001677477281075
116,5,10,150,44,0.0
117,5,10,150,44,0.0
118,5,10,150,44,0.16958010263680806
119,5,10,150,44,0.030181604521759563
120,5,10,150,44,0.0
121,5,10,150,44,0.13032376591037062
122,5,10,150,44,0.0
123,5,10,150,44,0.13720340769293682
124,5,10,150,44,0.0
125,5,10,150,44,0.05446333035917803
126,5,10,150,44,0.0
128,5,10,150,44,0.0
129,5,10,150,44,0.0
130,5,10,150,44,0.15174952279352721
131,5,10,150,44,0.0
132,5,10,150,44,0.0
133,5,10,150,44,0.0
134,5,10,150,44,0.0
135,5,10,150,44,0.0
136,5,10,150,44,0.0
137,5,10,150,44,0.1137075481082292
138,5,10,150,44,0.0976168253917686
139,5,10,150,44,0.0
140,5,10,150,44,0.0
141,5,10,150,44,0.0
142,5,10,150,44,0.0
143,5,10,150,44,0.0
144,5,10,150,44,0.0
145,5,10,150,44,0.17597149971119974
146,5,10,150,44,0.0
147,5,10,150,44,0.0
148,5,10,150,44,0.0
149,5,10,150,44,0.0
150,5,10,150,44,0.2640681225725909
151,5,10,150,44,0.1026571794225922
152,5,10,150,44,0.0
153,5,10,150,44,0.0
154,5,10,150,44,0.06416923277158361
155,5,10,150,44,0.0
156,5,10,150,44,0.0
157,5,10,150,44,0.0
158,5,10,150,44,0.08010006541788642
159,5,10,150,44,0.23138144801632507
160,5,10,150,44,0.1719271394881576
161,5,10,150,44,0.0
162,5,10,150,44,0.0
163,5,10,150,44,0.0
164,5,10,150,44,0.0
165,5,10,150,44,0.0
167,5,10,150,44,0.05319635904163211
168,5,10,150,44,0.0
169,5,10,150,44,0.0
170,5,10,150,44,0.0
171,5,10,150,44,0.0
173,5,10,150,44,0.0
174,5,10,150,44,0.03441184191455828
175,5,10,150,44,0.21517910082405575
176,5,10,150,44,0.06289692884934815
177,5,10,150,44,0.38113435412202
178,5,10,150,44,0.12597398707460816
179,5,10,150,44,0.09149012142095872
180,5,10,150,44,0.06228974831361337
181,5,10,150,44,0.09913210981157927
182,5,10,150,44,0.0
183,5,10,150,44,0.15101961822780524
184,5,10,150,44,0.0
185,5,10,150,44,0.0
186,5,10,150,44,0.04633132539002164
187,5,10,150,44,0.0
188,5,10,150,44,0.12925733948536566
189,5,10,150,44,0.1622220746837199
190,5,10,150,44,0.0
192,5,10,150,44,0.123151194370365
193,5,10,150,44,0.0
194,5,10,150,44,0.0
195,5,10,150,44,0.11787667935667444
196,5,10,150,44,0.0
197,5,10,150,44,0.09546043308946733
198,5,10,150,44,0.0
199,5,10,150,44,0.0
200,5,10,150,44,0.09785159463516042
201,5,10,150,44,0.0
202,5,10,150,44,0.0
203,5,10,150,44,0.0
204,5,10,150,44,0.19519002499605084
205,5,10,150,44,0.0
206,5,10,150,44,0.0
207,5,10,150,44,0.0
208,5,10,150,44,0.0
209,5,10,150,44,0.0
210,5,10,150,44,0.2167516193508568
211,5,10,150,44,0.0
213,5,10,150,44,0.08445760625486516
214,5,10,150,44,0.0
216,5,10,150,44,0.23813231172447274
217,5,10,150,44,0.0
218,5,10,150,44,0.0
219,5,10,150,44,0.0
221,5,10,150,44,0.0
222,5,10,150,44,0.1050995674008573
223,5,10,150,44,0.0
224,5,10,150,44,0.0
225,5,10,150,44,0.09077089626867633
226,5,10,150,44,0.19092086617893467
227,5,10,150,44,0.0
228,5,10,150,44,0.0
229,5,10,150,44,0.0
230,5,10,150,44,0.12683081539850163
231,5,10,150,44,0.0
232,5,10,150,44,0.0
233,5,10,150,44,0.23172568042238212
234,5,10,150,44,0.03359904224087754
235,5,10,150,44,0.0
236,5,10,150,44,0.0
237,5,10,150,44,0.19342640361727081
238,5,10,150,44,0.0
239,5,10,150,44,0.06912040963822193
240,5,10,150,44,0.12495636102304827
241,5,10,150,44,0.0
242,5,10,150,44,0.0
243,5,10,150,44,0.0
244,5,10,150,44,0.049712302565054066
245,5,10,150,44,0.0
246,5,10,150,44,0.0561326498270945
247,5,10,150,44,0.09472348220010487
248,5,10,150,44,0.09472348220010487
249,5,10,150,44,0.056720838976548935
250,5,10,150,44,0.0
251,5,10,150,44,0.13032376591037062
252,5,10,150,44,0.20184908658209985
253,5,10,150,44,0.05725248542464807
254,5,10,150,44,0.08514311764162098
255,5,10,150,44,0.0
256,5,10,150,44,0.038925970325304815
257,5,10,150,44,0.07984133538066794
258,5,10,150,44,0.0
259,5,10,150,44,0.1239740444869306
260,5,10,150,44,0.0
261,5,10,150,44,0.0
262,5,10,150,44,0.0
263,5,10,150,44,0.0956366800683804
264,5,10,150,44,0.0
265,5,10,150,44,0.0
266,5,10,150,44,0.0
267,5,10,150,44,0.17168372277322866
268,5,10,150,44,0.049712302565054066
269,5,10,150,44,0.052962244777770985
270,5,10,150,44,0.041641441310299704
271,5,10,150,44,0.13010624216828925
272,5,10,150,44,0.08942172406547305
273,5,10,150,44,0.0
274,5,10,150,44,0.0
275,5,10,150,44,0.0
276,5,10,150,44,0.15875999922826586
277,5,10,150,44,0.0
278,5,10,150,44,0.0
279,5,10,150,44,0.11948469891876218
280,5,10,150,44,0.14324481060386993
281,5,10,150,44,0.0
282,5,10,150,44,0.0
283,5,10,150,44,0.0
284,5,10,150,44,0.0
285,5,10,150,44,0.0
286,5,10,150,44,0.05490370618855431
287,5,10,150,44,0.0
288,5,10,150,44,0.0859574327152926
289,5,10,150,44,0.0854499779566911
290,5,10,150,44,0.07834851647149511
291,5,10,150,44,0.07828167840727236
292,5,10,150,44,0.04224853374256244
293,5,10,150,44,0.062192625389540866
294,5,10,150,44,0.0
295,5,10,150,44,0.2603201838311303
296,5,10,150,44,0.10860713607593808
297,5,10,150,44,0.0
298,5,10,150,44,0.061080020762274374
299,5,10,150,44,0.0
300,5,10,150,44,0.0
301,5,10,150,44,0.06460801587741544
302,5,10,150,44,0.09224219235917257
303,5,10,150,44,0.05745511858789652
304,5,10,150,44,0.0
305,5,10,150,44,0.11349000778741654
306,5,10,150,44,0.0
307,5,10,150,44,0.10778915452451093
308,5,10,150,44,0.13490077762666258
310,5,10,150,44,0.0
311,5,10,150,44,0.13301422444853
312,5,10,150,44,0.08520401710471519
313,5,10,150,44,0.11270402374049442
314,5,10,150,44,0.16600564593053876
315,5,10,150,44,0.0
316,5,10,150,44,0.0
317,5,10,150,44,0.0
318,5,10,150,44,0.13567671906468678
319,5,10,150,44,0.0
320,5,10,150,44,0.13927874459665815
321,5,10,150,44,0.0
322,5,10,150,44,0.0
323,5,10,150,44,0.1610425878239398
324,5,10,150,44,0.0
325,5,10,150,44,0.09092803061897883
326,5,10,150,44,0.027288805847552652
327,5,10,150,44,0.025410386140327024
328,5,10,150,44,0.09206364236149692
329,5,10,150,44,0.0
330,5,10,150,44,0.07197991643202278
331,5,10,150,44,0.0
332,5,10,150,44,0.09320485889859448
334,5,10,150,44,0.0
335,5,10,150,44,0.0
336,5,10,150,44,0.049712302565054066
337,5,10,150,44,0.0
338,5,10,150,44,0.07132875491150918
339,5,10,150,44,0.1430641274918087
340,5,10,150,44,0.0
341,5,10,150,44,0.0
342,5,10,150,44,0.31341134215401556
343,5,10,150,44,0.09229649639444802
344,5,10,150,44,0.1202034973803211
345,5,10,150,44,0.18015355216717013
346,5,10,150,44,0.04366879852493834
347,5,10,150,44,0.22280620320442554
348,5,10,150,44,0.0
349,5,10,150,44,0.0
350,5,10,150,44,0.058087171966128066
351,5,10,150,44,0.0
352,5,10,150,44,0.1903601622684853
353,5,10,150,44,0.14434031438272124
354,5,10,150,44,0.06335619058732639
355,5,10,150,44,0.0
356,5,10,150,44,0.0
357,5,10,150,44,0.0
358,5,10,150,44,0.06364028872631156
359,5,10,150,44,0.3010299956639812
360,5,10,150,44,0.12982031659526816
361,5,10,150,44,0.09478836436955078
362,5,10,150,44,0.0
363,5,10,150,44,0.22463865489880525
364,5,10,150,44,0.0
365,5,10,150,44,0.0
366,5,10,150,44,0.0
367,5,10,150,44,0.0
368,5,10,150,44,0.0
369,5,10,150,44,0.0
370,5,10,150,44,0.0
371,5,10,150,44,0.07984133538066794
372,5,10,150,44,0.15130120674940672
373,5,10,150,44,0.22842722979011518
374,5,10,150,44,0.07472550252128253
375,5,10,150,44,0.0
376,5,10,150,44,0.0
377,5,10,150,44,0.0
378,5,10,150,44,0.12028809946908156
379,5,10,150,44,0.08433239722469389
380,5,10,150,44,0.0
381,5,10,150,44,0.0
382,5,10,150,44,0.09952375175972906
383,5,10,150,44,0.040815803121742565
384,5,10,150,44,0.0
385,5,10,150,44,0.0
386,5,10,150,44,0.0
387,5,10,150,44,0.08586571489348302
388,5,10,150,44,0.0
389,5,10,150,44,0.09284203700798714
390,5,10,150,44,0.0
391,5,10,150,44,0.11245246430543061
392,5,10,150,44,0.11004588314904008
393,5,10,150,44,0.14540096374564035
394,5,10,150,44,0.16570616085215287
395,5,10,150,44,0.0
396,5,10,150,44,0.0
397,5,10,150,44,0.11004588314904008
398,5,10,150,44,0.23681541828907415
399,5,10,150,44,0.026175882249243814
400,5,10,150,44,0.0
401,5,10,150,44,0.02839245759615368
402,5,10,150,44,0.0
403,5,10,150,44,0.2529427027676571
404,5,10,150,44,0.0
405,5,10,150,44,0.04252307664606275
406,5,10,150,44,0.06746464191461628
407,5,10,150,44,0.07081727565973653
408,5,10,150,44,0.09983719697789138
409,5,10,150,44,0.0334374913847135
410,5,10,150,44,0.0
411,5,10,150,44,0.17342765698823945
412,5,10,150,44,0.0
413,5,10,150,44,0.0
414,5,10,150,44,0.21398626473452756
415,5,10,150,44,0.0
416,5,10,150,44,0.1454931702205541
417,5,10,150,44,0.11088189053445036
419,5,10,150,44,0.30260241349881345
420,5,10,150,44,0.0
421,5,10,150,44,0.0
422,5,10,150,44,0.0
423,5,10,150,44,0.08440880858250024
424,5,10,150,44,0.0
425,5,10,150,44,0.2082843711703412
426,5,10,150,44,0.13571943816109763
427,5,10,150,44,0.0
428,5,10,150,44,0.0
429,5,10,150,44,0.1526178922006779
430,5,10,150,44,0.1261446714466394
431,5,10,150,44,0.0
432,5,10,150,44,0.0
433,5,10,150,44,0.0
434,5,10,150,44,0.3903800499921017
435,5,10,150,44,0.10116622934163218
436,5,10,150,44,0.08868088264964148
437,5,10,150,44,0.22972973128433707
438,5,10,150,44,0.0
439,5,10,150,44,0.0
440,5,10,150,44,0.06175696970122604
441,5,10,150,44,0.0
442,5,10,150,44,0.0
443,5,10,150,44,0.0
445,5,10,150,44,0.0
446,5,10,150,44,0.0
447,5,10,150,44,0.24290422668756767
448,5,10,150,44,0.0
449,5,10,150,44,0.04403205443910179
450,5,10,150,44,0.22648148513434246
451,5,10,150,44,0.0
452,5,10,150,44,0.07830573469972951
453,5,10,150,44,0.029956785715628154
454,5,10,150,44,0.0
455,5,10,150,44,0.0
456,5,10,150,44,0.07758828619721583
457,5,10,150,44,0.29418445531213994
458,5,10,150,44,0.04507276838148142
459,5,10,150,44,0.0
460,5,10,150,44,0.0
461,5,10,150,44,0.0
462,5,10,150,44,0.0
463,5,10,150,44,0.0
464,5,10,150,44,0.0
465,5,10,150,44,0.0
466,5,10,150,44,0.03947525607388688
467,5,10,150,44,0.07335312372354855
468,5,10,150,44,0.25116683884278784
469,5,10,150,44,0.0
470,5,10,150,44,0.0
471,5,10,150,44,0.0
472,5,10,150,44,0.13139503164087882
473,5,10,150,44,0.08754031530847717
474,5,10,150,44,0.28344067059171446
475,5,10,150,44,0.06516188295518531
476,5,10,150,44,0.0
477,5,10,150,44,0.055100238151135045
478,5,10,150,44,0.23782833255689273
479,5,10,150,44,0.07834096783470737
480,5,10,150,44,0.21398626473452756
481,5,10,150,44,0.13863671367752411
482,5,10,150,44,0.0
483,5,10,150,44,0.06912040963822193
484,5,10,150,44,0.09353062527112192
485,5,10,150,44,0.0
486,5,10,150,44,0.0877209484781505
487,5,10,150,44,0.19674990380650584
488,5,10,150,44,0.0
489,5,10,150,44,0.0
490,5,10,150,44,0.0
491,5,10,150,44,0.19092086617893467
492,5,10,150,44,0.12471554514794539
493,5,10,150,44,0.0
494,5,10,150,44,0.0
495,5,10,150,44,0.10048896362940396
496,5,10,150,44,0.05459112561892713
497,5,10,150,44,0.0
498,5,10,150,44,0.03855307727568851
499,5,10,150,44,0.1912282106369008
500,5,10,150,44,0.03148908318001809
501,5,10,150,44,0.0
502,5,10,150,44,0.06364028872631156
503,5,10,150,44,0.1894044290456616
504,5,10,150,44,0.0
505,5,10,150,44,0.0
506,5,10,150,44,0.10589517949214913
507,5,10,150,44,0.0
508,5,10,150,44,0.0
509,5,10,150,44,0.06474271459046577
510,5,10,150,44,0.0
511,5,10,150,44,0.0
512,5,10,150,44,0.18316925091363362
513,5,10,150,44,0.0
514,5,10,150,44,0.10595566933616397
515,5,10,150,44,0.0
516,5,10,150,44,0.0
517,5,10,150,44,0.042259191411409554
518,5,10,150,44,0.0
519,5,10,150,44,0.0
520,5,10,150,44,0.0
521,5,10,150,44,0.0
522,5,10,150,44,0.0
523,5,10,150,44,0.0316088333445714
524,5,10,150,44,0.08715976757303703
525,5,10,150,44,0.0
526,5,10,150,44,0.03227932543520417
527,5,10,150,44,0.12265062558661
528,5,10,150,44,0.14110144150616766
529,5,10,150,44,0.0
530,5,10,150,44,0.0
531,5,10,150,44,0.0
532,5,10,150,44,0.016552362338872865
533,5,10,150,44,0.13885329222853712
534,5,10,150,44,0.04084531701587904
535,5,10,150,44,0.23945874281261442
536,5,10,150,44,0.23620378562439379
537,5,10,150,44,0.3638522591199044
538,5,10,150,44,0.0
539,5,10,150,44,0.11414433776026256
540,5,10,150,44,0.0
541,5,10,150,44,0.12534926568386062
542,5,10,150,44,0.12627825946936164
543,5,10,150,44,0.0
544,5,10,150,44,0.0
545,5,10,150,44,0.052962244777770985
546,5,10,150,44,0.15314106296495628
547,5,10,150,44,0.0
548,5,10,150,44,0.0369180152329196
549,5,10,150,44,0.0
550,5,10,150,44,0.0
551,5,10,150,44,0.2618003258539923
552,5,10,150,44,0.0
553,5,10,150,44,0.16102243342487008
554,5,10,150,44,0.16600564593053876
555,5,10,150,44,0.0
556,5,10,150,44,0.08876245163110816
557,5,10,150,44,0.0
558,5,10,150,44,0.0
559,5,10,150,44,0.0734773909038217
560,5,10,150,44,0.2179777837196921
561,5,10,150,44,0.0
562,5,10,150,44,0.034743705427429224
563,5,10,150,44,0.0
564,5,10,150,44,0.0
565,5,10,150,44,0.10523285614729473
566,5,10,150,44,0.13665387068436016
567,5,10,150,44,0.13463074517970205
568,5,10,150,44,0.029041021384678276
569,5,10,150,44,0.0
570,5,10,150,44,0.0
571,5,10,150,44,0.0
572,5,10,150,44,0.058995070558427745
573,5,10,150,44,0.0
574,5,10,150,44,0.04185567464896701
575,5,10,150,44,0.0
576,5,10,150,44,0.17342765698823945
577,5,10,150,44,0.18930276028743934
578,5,10,150,44,0.0
579,5,10,150,44,0.0
580,5,10,150,44,0.10209739512291163
581,5,10,150,44,0.0
582,5,10,150,44,0.028361369701356044
583,5,10,150,44,0.0
584,5,10,150,44,0.0
585,5,10,150,44,0.0
586,5,10,150,44,0.07482758161941112
587,5,10,150,44,0.0
588,5,10,150,44,0.19761909625228136
589,5,10,150,44,0.0
590,5,10,150,44,0.18511573258657482
591,5,10,150,44,0.15758427078022966
592,5,10,150,44,0.271598900807848
593,5,10,150,44,0.15257268888187236
594,5,10,150,44,0.0843142342558857
595,5,10,150,44,0.0
596,5,10,150,44,0.0
597,5,10,150,44,0.0
598,5,10,150,44,0.11752277470724268
599,5,10,150,44,0.12482439971749086
600,5,10,150,44,0.0
601,5,10,150,44,0.026557570376145638
602,5,10,150,44,0.0
603,5,10,150,44,0.06194403202282284
604,5,10,150,44,0.0
605,5,10,150,44,0.07677414822537214
606,5,10,150,44,0.22358055323138915
607,5,10,150,44,0.0
608,5,10,150,44,0.126140293880171
609,5,10,150,44,0.11838279295536291
610,5,10,150,44,0.0
611,5,10,150,44,0.03927158715985786
612,5,10,150,44,0.0
613,5,10,150,44,0.15130120674940672
614,5,10,150,44,0.13886244387355454
615,5,10,150,44,0.0642412844378317
616,5,10,150,44,0.09781579202094404
617,5,10,150,44,0.03804989622115975
618,5,10,150,44,0.13903467370838468
619,5,10,150,44,0.1303945739341477
620,5,10,150,44,0.10964161607630166
621,5,10,150,44,0.13589759152345549
622,5,10,150,44,0.12388104216742257
623,5,10,150,44,0.050143326786652107
624,5,10,150,44,0.019160322430058573
625,5,10,150,44,0.0
626,5,10,150,44,0.04690797720830594
627,5,10,150,44,0.04289205981312439
628,5,10,150,44,0.0
629,5,10,150,44,0.11794421963488726
630,5,10,150,44,0.09942460513010813
631,5,10,150,44,0.046614515546531544
632,5,10,150,44,0.2802309837406785
633,5,10,150,44,0.0455520698635181
634,5,10,150,44,0.023756977677906275
635,5,10,150,44,0.0
636,5,10,150,44,0.0
637,5,10,150,44,0.0
638,5,10,150,44,0.15473934503245962
639,5,10,150,44,0.0
640,5,10,150,44,0.0637867864178444
641,5,10,150,44,0.0
642,5,10,150,44,0.10709619995542538
643,5,10,150,44,0.1600756044864706
644,5,10,150,44,0.0
645,5,10,150,44,0.1673424068709125
646,5,10,150,44,0.0
647,5,10,150,44,0.03673869545191085
648,5,10,150,44,0.06659732705647502
649,5,10,150,44,0.0
650,5,10,150,44,0.03210975763158161
651,5,10,150,44,0.0
652,5,10,150,44,0.0
653,5,10,150,44,0.04832945437903216
654,5,10,150,44,0.1521155994897412
655,5,10,150,44,0.23483089454748016
656,5,10,150,44,0.0
657,5,10,150,44,0.053845569940583225
658,5,10,150,44,0.0
659,5,10,150,44,0.06997495407000517
660,5,10,150,44,0.0
661,5,10,150,44,0.0860496199597963
662,5,10,150,44,0.0
663,5,10,150,44,0.07995064525030698
664,5,10,150,44,0.05391021349625259
665,5,10,150,44,0.0
666,5,10,150,44,0.0845592472372003
667,5,10,150,44,0.23495437216186538
668,5,10,150,44,0.0
669,5,10,150,44,0.2316621712044608
670,5,10,150,44,0.15539533467551025
671,5,10,150,44,0.17434206503696043
672,5,10,150,44,0.0
673,5,10,150,44,0.0
674,5,10,150,44,0.0
675,5,10,150,44,0.05010834716923557
676,5,10,150,44,0.0
677,5,10,150,44,0.03927489746221688
678,5,10,150,44,0.0
679,5,10,150,44,0.26970586372388394
680,5,10,150,44,0.2073612289146658
681,5,10,150,44,0.0
682,5,10,150,44,0.13645606052183504
683,5,10,150,44,0.06289349548893712
684,5,10,150,44,0.0
685,5,10,150,44,0.0
686,5,10,150,44,0.08962483220812449
687,5,10,150,44,0.0
688,5,10,150,44,0.0
689,5,10,150,44,0.27487633291429087
690,5,10,150,44,0.0
691,5,10,150,44,0.0
692,5,10,150,44,0.0
693,5,10,150,44,0.0
694,5,10,150,44,0.20269611984358588
695,5,10,150,44,0.0
696,5,10,150,44,0.12935879342602336
697,5,10,150,44,0.04505069314087506
698,5,10,150,44,0.09499131598480672
699,5,10,150,44,0.0
700,5,10,150,44,0.16958010263680806
701,5,10,150,44,0.04129602134854855
702,5,10,150,44,0.0
703,5,10,150,44,0.03870447337439288
704,5,10,150,44,0.03898594405226045
705,5,10,150,44,0.128262164895328
706,5,10,150,44,0.0
707,5,10,150,44,0.11767673215099175
708,5,10,150,44,0.04185109258092126
709,5,10,150,44,0.10371915894912967
710,5,10,150,44,0.05710411178654767
711,5,10,150,44,0.15968788243143855
712,5,10,150,44,0.1068936442464933
713,5,10,150,44,0.0
714,5,10,150,44,0.04195229264874745
715,5,10,150,44,0.08347155662388965
716,5,10,150,44,0.20662659976068543
717,5,10,150,44,0.1671511698578214
718,5,10,150,44,0.07108348368841133
719,5,10,150,44,0.11614257564286637
720,5,10,150,44,0.05261577455142312
721,5,10,150,44,0.11700369066018601
722,5,10,150,44,0.0
723,5,10,150,44,0.0
724,5,10,150,44,0.0
725,5,10,150,44,0.05750402108673013
726,5,10,150,44,0.2529427027676571
727,5,10,150,44,0.11429827431870732
728,5,10,150,44,0.0
729,5,10,150,44,0.0
730,5,10,150,44,0.0
731,5,10,150,44,0.02252515146411945
732,5,10,150,44,0.0
733,5,10,150,44,0.0
734,5,10,150,44,0.0655813061736612
735,5,10,150,44,0.0
736,5,10,150,44,0.0
737,5,10,150,44,0.16282663249631943
738,5,10,150,44,0.24803970741351278
739,5,10,150,44,0.0
740,5,10,150,44,0.0
741,5,10,150,44,0.10965210684801945
742,5,10,150,44,0.0
743,5,10,150,44,0.04224853374256244
744,5,10,150,44,0.08878770367712427
745,5,10,150,44,0.3682049230943936
746,5,10,150,44,0.11450296808588954
747,5,10,150,44,0.3736709145322052
748,5,10,150,44,0.1946257849561795
749,5,10,150,44,0.1522371984252205
750,5,10,150,44,0.07219614103266732
751,5,10,150,44,0.06003612026368749
752,5,10,150,44,0.020210299806331135
753,5,10,150,44,0.15406810205846871
754,5,10,150,44,0.0
755,5,10,150,44,0.0
756,5,10,150,44,0.03828357334999627
757,5,10,150,44,0.015681429820877526
758,5,10,150,44,0.19493977197768053
759,5,10,150,44,0.038281751104512325
760,5,10,150,44,0.11447590313611888
761,5,10,150,44,0.03339755935325358
762,5,10,150,44,0.11568388634051256
763,5,10,150,44,0.20859185628046678
764,5,10,150,44,0.08207588022692468
765,5,10,150,44,0.0
766,5,10,150,44,0.06102415069355066
767,5,10,150,44,0.2073612289146658
768,5,10,150,44,0.07655078846581868
769,5,10,150,44,0.0
770,5,10,150,44,0.02392217794381651
771,5,10,150,44,0.10700326704282045
772,5,10,150,44,0.03353522641880846
773,5,10,150,44,0.09944380475043042
774,5,10,150,44,0.03821351382154978
775,5,10,150,44,0.0
776,5,10,150,44,0.0840542381204236
777,5,10,150,44,0.14445412169961394
778,5,10,150,44,0.0
779,5,10,150,44,0.05878132199396477
780,5,10,150,44,0.04759023790187059
781,5,10,150,44,0.21898681539091044
782,5,10,150,44,0.016231884864371226
783,5,10,150,44,0.0
784,5,10,150,44,0.0
785,5,10,150,44,0.048159222084064895
786,5,10,150,44,0.13370327844286975
787,5,10,150,44,0.0683037314796457
788,5,10,150,44,0.2268389194881797
789,5,10,150,44,0.059109628562248356
790,5,10,150,44,0.0849810319052285
791,5,10,150,44,0.0
792,5,10,150,44,0.0
793,5,10,150,44,0.0
794,5,10,150,44,0.19607400121987484
795,5,10,150,44,0.12481663534936119
796,5,10,150,44,0.37074232275210983
797,5,10,150,44,0.09030583455080088
798,5,10,150,44,0.1258711563310791
799,5,10,150,44,0.0
800,5,10,150,44,0.0
801,5,10,150,44,0.0
802,5,10,150,44,0.030863419558816
803,5,10,150,44,0.0
804,5,10,150,44,0.1762229561084426
805,5,10,150,44,0.13994806716869646
806,5,10,150,44,0.16671957297568682
807,5,10,150,44,0.2083334915454704
808,5,10,150,44,0.0
809,5,10,150,44,0.0
810,5,10,150,44,0.0
811,5,10,150,44,0.0
812,5,10,150,44,0.0
813,5,10,150,44,0.17367331957930765
814,5,10,150,44,0.09144287629100999
815,5,10,150,44,0.28461508731600826
816,5,10,150,44,0.08005612702969578
817,5,10,150,44,0.0
818,5,10,150,44,0.0
819,5,10,150,44,0.0458402539699961
820,5,10,150,44,0.041641441310299704
821,5,10,150,44,0.1716292605492022
822,5,10,150,44,0.0
823,5,10,150,44,0.34389085756911986
824,5,10,150,44,0.0
825,5,10,150,44,0.09541306180999737
826,5,10,150,44,0.08329784431818782
827,5,10,150,44,0.0
828,5,10,150,44,0.07244745602732354
829,5,10,150,44,0.10951828933634093
830,5,10,150,44,0.10053254151308513
831,5,10,150,44,0.14187597933082008
832,5,10,150,44,0.041355644490859725
833,5,10,150,44,0.18718116123535505
834,5,10,150,44,0.020919434760060668
835,5,10,150,44,0.05595320390572613
836,5,10,150,44,0.10882945376944808
837,5,10,150,44,0.0
838,5,10,150,44,0.13024298366528136
839,5,10,150,44,0.03322541746578526
840,5,10,150,44,0.39179509371461907
841,5,10,150,44,0.0
842,5,10,150,44,0.03314153504336938
843,5,10,150,44,0.13255206028648794
844,5,10,150,44,0.14767302746812566
845,5,10,150,44,0.0
846,5,10,150,44,0.35462062584206433
847,5,10,150,44,0.0
848,5,10,150,44,0.07197862615338055
849,5,10,150,44,0.08280898853927336
850,5,10,150,44,0.20069031232476098
851,5,10,150,44,0.2968835647072352
852,5,10,150,44,0.0
853,5,10,150,44,0.0
854,5,10,150,44,0.19863523322323734
855,5,10,150,44,0.0
856,5,10,150,44,0.0
857,5,10,150,44,0.0
858,5,10,150,44,0.0
859,5,10,150,44,0.0
860,5,10,150,44,0.0
861,5,10,150,44,0.09836355940276224
862,5,10,150,44,0.236813967291341
863,5,10,150,44,0.0
864,5,10,150,44,0.32080916391304315
865,5,10,150,44,0.0
866,5,10,150,44,0.12374681498530773
867,5,10,150,44,0.2349904746109748
868,5,10,150,44,0.16045522765048995
869,5,10,150,44,0.0526955103112175
870,5,10,150,44,0.14446268165840084
871,5,10,150,44,0.17276068541240194
872,5,10,150,44,0.01624882666837855
873,5,10,150,44,0.0
874,5,10,150,44,0.06575393297476358
875,5,10,150,44,0.19534091978597945
876,5,10,150,44,0.0
877,5,10,150,44,0.03487978243545732
878,5,10,150,44,0.057572192699956656
879,5,10,150,44,0.07180913162424091
880,5,10,150,44,0.41096126560598856
881,5,10,150,44,0.35332809649107055
882,5,10,150,44,0.30466445122159647
883,5,10,150,44,0.35238839680080053
884,5,10,150,44,0.028767091820622218
885,5,10,150,44,0.11461493305997435
886,5,10,150,44,0.21901742517261216
887,5,10,150,44,0.14220598192459225
888,5,10,150,44,0.0
889,5,10,150,44,0.30789520361293177
890,5,10,150,44,0.3220221396790723
891,5,10,150,44,0.06799348842342492
892,5,10,150,44,0.4192305562357962
893,5,10,150,44,0.05014695371369417
894,5,10,150,44,0.28128673307176544
895,5,10,150,44,0.0
896,5,10,150,44,0.4500348805479458
897,5,10,150,44,0.14689113058610723
898,5,10,150,44,0.0
899,5,10,150,44,0.21649067436654268
900,5,10,150,44,0.04588516391390306
901,5,10,150,44,0.2812930041570015
902,5,10,150,44,0.025255271126572616
903,5,10,150,44,0.43267794243423197
904,5,10,150,44,0.0
905,5,10,150,44,0.08773956418811966
906,5,10,150,44,0.0
907,5,10,150,44,0.1741809829417218
908,5,10,150,44,0.1481180328050781
909,5,10,150,44,0.0
910,5,10,150,44,0.14111581018360284
911,5,10,150,44,0.05797272124871708
912,5,10,150,44,0.07877990502228673
913,5,10,150,44,0.2036154289901889
914,5,10,150,44,0.0
915,5,10,150,44,0.0
916,5,10,150,44,0.26027034989075754
917,5,10,150,44,0.0
918,5,10,150,44,0.03169620900006985
919,5,10,150,44,0.16711180212368268
920,5,10,150,44,0.26814570941777965
921,5,10,150,44,0.032711982171350594
922,5,10,150,44,0.1460670242556289
923,5,10,150,44,0.041796048283084065
924,5,10,150,44,0.09449351361263296
925,5,10,150,44,0.039791360812020615
926,5,10,150,44,0.18690891198435525
927,5,10,150,44,0.10308822048410542
928,5,10,150,44,0.1589074847551229
929,5,10,150,44,0.0753982504991096
930,5,10,150,44,0.09311843796268063
931,5,10,150,44,0.059539365700728666
932,5,10,150,44,0.3431792470809491
933,5,10,150,44,0.06893785693157573
934,5,10,150,44,0.20640914057757564
935,5,10,150,44,0.0
936,5,10,150,44,0.15218775122473582
937,5,10,150,44,0.0750451914573381
938,5,10,150,44,0.09074575682405432
939,5,10,150,44,0.05231692143384187
940,5,10,150,44,0.12503252651904204
941,5,10,150,44,0.17060921827860473
942,5,10,150,44,0.08732745053849528
943,5,10,150,44,0.23115844012008022
1,5,10,150,45,0.4058715898896693
2,5,10,150,45,0.14433828292945616
3,5,10,150,45,0.08759200575528697
4,5,10,150,45,0.0
5,5,10,150,45,0.04470486007704452
6,5,10,150,45,0.04187254809446048
7,5,10,150,45,0.1849553466368852
8,5,10,150,45,0.0
9,5,10,150,45,0.0
10,5,10,150,45,0.3005733545514552
11,5,10,150,45,0.03947525607388688
12,5,10,150,45,0.0787978565107802
13,5,10,150,45,0.24934087829181187
14,5,10,150,45,0.18795160328752808
15,5,10,150,45,0.0
16,5,10,150,45,0.11062750966338458
17,5,10,150,45,0.0
18,5,10,150,45,0.17872418048185143
19,5,10,150,45,0.0
20,5,10,150,45,0.13743816645714543
21,5,10,150,45,0.1265754929129826
22,5,10,150,45,0.040815803121742565
23,5,10,150,45,0.10387012192613786
24,5,10,150,45,0.05010834716923557
25,5,10,150,45,0.23940867474021393
26,5,10,150,45,0.0
27,5,10,150,45,0.0
28,5,10,150,45,0.0
30,5,10,150,45,0.08133484538841967
31,5,10,150,45,0.11164668500969883
32,5,10,150,45,0.19519002499605084
33,5,10,150,45,0.0
34,5,10,150,45,0.0
35,5,10,150,45,0.0
37,5,10,150,45,0.08177471774917201
38,5,10,150,45,0.0
39,5,10,150,45,0.0
40,5,10,150,45,0.0
41,5,10,150,45,0.06835476917178976
42,5,10,150,45,0.08850778826764391
43,5,10,150,45,0.0
44,5,10,150,45,0.2672039079048423
45,5,10,150,45,0.0
46,5,10,150,45,0.0
47,5,10,150,45,0.0
48,5,10,150,45,0.0
49,5,10,150,45,0.033808395438916686
52,5,10,150,45,0.0
53,5,10,150,45,0.0
54,5,10,150,45,0.0
55,5,10,150,45,0.0
56,5,10,150,45,0.11781210270929884
57,5,10,150,45,0.1318392860374695
58,5,10,150,45,0.367408669496515
59,5,10,150,45,0.19233148606048747
60,5,10,150,45,0.1076743759411119
61,5,10,150,45,0.0
62,5,10,150,45,0.09586820699422145
63,5,10,150,45,0.0
64,5,10,150,45,0.04759023790187059
65,5,10,150,45,0.2342550150352983
66,5,10,150,45,0.0
67,5,10,150,45,0.0
68,5,10,150,45,0.0
69,5,10,150,45,0.0
70,5,10,150,45,0.0
71,5,10,150,45,0.20758456043036028
72,5,10,150,45,0.10990826949013655
73,5,10,150,45,0.05276490902632437
74,5,10,150,45,0.0
75,5,10,150,45,0.0
76,5,10,150,45,0.10633668103022985
77,5,10,150,45,0.09787979541175622
78,5,10,150,45,0.0
79,5,10,150,45,0.0
80,5,10,150,45,0.0
81,5,10,150,45,0.08878770367712427
82,5,10,150,45,0.0
83,5,10,150,45,0.07414861528507455
84,5,10,150,45,0.07550980911390262
85,5,10,150,45,0.04734112273659951
86,5,10,150,45,0.0
87,5,10,150,45,0.13890464807639166
88,5,10,150,45,0.18920035951687003
89,5,10,150,45,0.0
90,5,10,150,45,0.11641023011265045
91,5,10,150,45,0.0
92,5,10,150,45,0.03369782041898502
93,5,10,150,45,0.0
94,5,10,150,45,0.10370221609124387
95,5,10,150,45,0.07849567312219397
96,5,10,150,45,0.0
97,5,10,150,45,0.0
98,5,10,150,45,0.0
99,5,10,150,45,0.09641171098317775
100,5,10,150,45,0.0
101,5,10,150,45,0.0
102,5,10,150,45,0.0
103,5,10,150,45,0.0
104,5,10,150,45,0.33958467175585033
105,5,10,150,45,0.0
106,5,10,150,45,0.06516188295518531
107,5,10,150,45,0.0
109,5,10,150,45,0.16563719724029594
110,5,10,150,45,0.0
111,5,10,150,45,0.0
112,5,10,150,45,0.07807600999842033
113,5,10,150,45,0.0
114,5,10,150,45,0.08274602130532002
115,5,10,150,45,0.04001677477281075
116,5,10,150,45,0.0
117,5,10,150,45,0.0
118,5,10,150,45,0.16958010263680806
119,5,10,150,45,0.030181604521759563
120,5,10,150,45,0.0
121,5,10,150,45,0.13032376591037062
122,5,10,150,45,0.0
123,5,10,150,45,0.13720340769293682
124,5,10,150,45,0.0
125,5,10,150,45,0.05446333035917803
126,5,10,150,45,0.0
128,5,10,150,45,0.0
129,5,10,150,45,0.0
130,5,10,150,45,0.15174952279352721
131,5,10,150,45,0.0
132,5,10,150,45,0.0
133,5,10,150,45,0.0
134,5,10,150,45,0.0
135,5,10,150,45,0.0
136,5,10,150,45,0.0
137,5,10,150,45,0.1137075481082292
138,5,10,150,45,0.0976168253917686
139,5,10,150,45,0.0
140,5,10,150,45,0.0
141,5,10,150,45,0.0
142,5,10,150,45,0.0
143,5,10,150,45,0.0
144,5,10,150,45,0.0
145,5,10,150,45,0.17597149971119974
146,5,10,150,45,0.0
147,5,10,150,45,0.0
148,5,10,150,45,0.0
149,5,10,150,45,0.0
150,5,10,150,45,0.2640681225725909
151,5,10,150,45,0.1026571794225922
152,5,10,150,45,0.0
153,5,10,150,45,0.0
154,5,10,150,45,0.06416923277158361
155,5,10,150,45,0.0
156,5,10,150,45,0.0
157,5,10,150,45,0.0
158,5,10,150,45,0.08010006541788642
159,5,10,150,45,0.23138144801632507
160,5,10,150,45,0.1719271394881576
161,5,10,150,45,0.0
162,5,10,150,45,0.0
163,5,10,150,45,0.0
164,5,10,150,45,0.0
165,5,10,150,45,0.0
167,5,10,150,45,0.05319635904163211
168,5,10,150,45,0.0
169,5,10,150,45,0.0
170,5,10,150,45,0.0
171,5,10,150,45,0.0
173,5,10,150,45,0.0
174,5,10,150,45,0.03441184191455828
175,5,10,150,45,0.21517910082405575
176,5,10,150,45,0.06289692884934815
177,5,10,150,45,0.38113435412202
178,5,10,150,45,0.12597398707460816
179,5,10,150,45,0.09149012142095872
180,5,10,150,45,0.06228974831361337
181,5,10,150,45,0.09913210981157927
182,5,10,150,45,0.0
183,5,10,150,45,0.15101961822780524
184,5,10,150,45,0.0
185,5,10,150,45,0.0
186,5,10,150,45,0.04633132539002164
187,5,10,150,45,0.0
188,5,10,150,45,0.12925733948536566
189,5,10,150,45,0.1622220746837199
190,5,10,150,45,0.0
192,5,10,150,45,0.123151194370365
193,5,10,150,45,0.0
194,5,10,150,45,0.0
195,5,10,150,45,0.11787667935667444
196,5,10,150,45,0.0
197,5,10,150,45,0.09546043308946733
198,5,10,150,45,0.0
199,5,10,150,45,0.0
200,5,10,150,45,0.09785159463516042
201,5,10,150,45,0.0
202,5,10,150,45,0.0
203,5,10,150,45,0.0
204,5,10,150,45,0.19519002499605084
205,5,10,150,45,0.0
206,5,10,150,45,0.0
207,5,10,150,45,0.0
208,5,10,150,45,0.0
209,5,10,150,45,0.0
210,5,10,150,45,0.2167516193508568
211,5,10,150,45,0.0
213,5,10,150,45,0.08445760625486516
214,5,10,150,45,0.0
216,5,10,150,45,0.23813231172447274
217,5,10,150,45,0.0
218,5,10,150,45,0.0
219,5,10,150,45,0.0
221,5,10,150,45,0.0
222,5,10,150,45,0.1050995674008573
223,5,10,150,45,0.0
224,5,10,150,45,0.0
225,5,10,150,45,0.09077089626867633
226,5,10,150,45,0.19092086617893467
227,5,10,150,45,0.0
228,5,10,150,45,0.0
229,5,10,150,45,0.0
230,5,10,150,45,0.12683081539850163
231,5,10,150,45,0.0
232,5,10,150,45,0.0
233,5,10,150,45,0.23172568042238212
234,5,10,150,45,0.05020178280393491
235,5,10,150,45,0.0
236,5,10,150,45,0.0
237,5,10,150,45,0.19342640361727081
238,5,10,150,45,0.0
239,5,10,150,45,0.06912040963822193
240,5,10,150,45,0.12495636102304827
241,5,10,150,45,0.0
242,5,10,150,45,0.0
243,5,10,150,45,0.0
244,5,10,150,45,0.049712302565054066
245,5,10,150,45,0.0
246,5,10,150,45,0.0561326498270945
247,5,10,150,45,0.09472348220010487
248,5,10,150,45,0.09472348220010487
249,5,10,150,45,0.056720838976548935
250,5,10,150,45,0.0
251,5,10,150,45,0.13032376591037062
252,5,10,150,45,0.20184908658209985
253,5,10,150,45,0.05725248542464807
254,5,10,150,45,0.08514311764162098
255,5,10,150,45,0.0
256,5,10,150,45,0.038925970325304815
257,5,10,150,45,0.07984133538066794
258,5,10,150,45,0.0
259,5,10,150,45,0.1239740444869306
260,5,10,150,45,0.0
261,5,10,150,45,0.0
262,5,10,150,45,0.0
263,5,10,150,45,0.0956366800683804
264,5,10,150,45,0.0
265,5,10,150,45,0.0
266,5,10,150,45,0.0
267,5,10,150,45,0.17168372277322866
268,5,10,150,45,0.049712302565054066
269,5,10,150,45,0.052962244777770985
270,5,10,150,45,0.041641441310299704
271,5,10,150,45,0.13010624216828925
272,5,10,150,45,0.08942172406547305
273,5,10,150,45,0.0
274,5,10,150,45,0.0
275,5,10,150,45,0.0
276,5,10,150,45,0.15875999922826586
277,5,10,150,45,0.0
278,5,10,150,45,0.0
279,5,10,150,45,0.1176831087193565
280,5,10,150,45,0.14324481060386993
281,5,10,150,45,0.0
282,5,10,150,45,0.0
283,5,10,150,45,0.0
284,5,10,150,45,0.0
285,5,10,150,45,0.0
286,5,10,150,45,0.05490370618855431
287,5,10,150,45,0.0
288,5,10,150,45,0.0859574327152926
289,5,10,150,45,0.0854499779566911
290,5,10,150,45,0.07834851647149511
291,5,10,150,45,0.07828167840727236
292,5,10,150,45,0.04224853374256244
293,5,10,150,45,0.062192625389540866
294,5,10,150,45,0.0
295,5,10,150,45,0.2603201838311303
296,5,10,150,45,0.13713660166967986
297,5,10,150,45,0.0
298,5,10,150,45,0.061080020762274374
299,5,10,150,45,0.0
300,5,10,150,45,0.0
301,5,10,150,45,0.06460801587741544
302,5,10,150,45,0.09224219235917257
303,5,10,150,45,0.05745511858789652
304,5,10,150,45,0.0
305,5,10,150,45,0.11349000778741654
306,5,10,150,45,0.0
307,5,10,150,45,0.10778915452451093
308,5,10,150,45,0.13490077762666258
310,5,10,150,45,0.0
311,5,10,150,45,0.13301422444853
312,5,10,150,45,0.08520401710471519
313,5,10,150,45,0.11270402374049442
314,5,10,150,45,0.16600564593053876
315,5,10,150,45,0.0
316,5,10,150,45,0.0
317,5,10,150,45,0.0
318,5,10,150,45,0.13567671906468678
319,5,10,150,45,0.0
320,5,10,150,45,0.13927874459665815
321,5,10,150,45,0.0
322,5,10,150,45,0.0
323,5,10,150,45,0.1610425878239398
324,5,10,150,45,0.0
325,5,10,150,45,0.09092803061897883
326,5,10,150,45,0.027288805847552652
327,5,10,150,45,0.025410386140327024
328,5,10,150,45,0.09206364236149692
329,5,10,150,45,0.0
330,5,10,150,45,0.07197991643202278
331,5,10,150,45,0.0
332,5,10,150,45,0.09320485889859448
334,5,10,150,45,0.0
335,5,10,150,45,0.0
336,5,10,150,45,0.049712302565054066
337,5,10,150,45,0.0
338,5,10,150,45,0.07132875491150918
339,5,10,150,45,0.1430641274918087
340,5,10,150,45,0.0
341,5,10,150,45,0.0
342,5,10,150,45,0.31341134215401556
343,5,10,150,45,0.09229649639444802
344,5,10,150,45,0.1202034973803211
345,5,10,150,45,0.18015355216717013
346,5,10,150,45,0.04366879852493834
347,5,10,150,45,0.22280620320442554
348,5,10,150,45,0.0
349,5,10,150,45,0.0
350,5,10,150,45,0.058087171966128066
351,5,10,150,45,0.0
352,5,10,150,45,0.1903601622684853
353,5,10,150,45,0.14434031438272124
354,5,10,150,45,0.06335619058732639
355,5,10,150,45,0.0
356,5,10,150,45,0.0
357,5,10,150,45,0.0
358,5,10,150,45,0.06364028872631156
359,5,10,150,45,0.3010299956639812
360,5,10,150,45,0.12982031659526816
361,5,10,150,45,0.09478836436955078
362,5,10,150,45,0.0
363,5,10,150,45,0.22463865489880525
364,5,10,150,45,0.0
365,5,10,150,45,0.0
366,5,10,150,45,0.0
367,5,10,150,45,0.0
368,5,10,150,45,0.0
369,5,10,150,45,0.0
370,5,10,150,45,0.0
371,5,10,150,45,0.07984133538066794
372,5,10,150,45,0.15130120674940672
373,5,10,150,45,0.22842722979011518
374,5,10,150,45,0.07472550252128253
375,5,10,150,45,0.0
376,5,10,150,45,0.0
377,5,10,150,45,0.0
378,5,10,150,45,0.12028809946908156
379,5,10,150,45,0.08433239722469389
380,5,10,150,45,0.0
381,5,10,150,45,0.0
382,5,10,150,45,0.09952375175972906
383,5,10,150,45,0.040815803121742565
384,5,10,150,45,0.0
385,5,10,150,45,0.0
386,5,10,150,45,0.0
387,5,10,150,45,0.08586571489348302
388,5,10,150,45,0.0
389,5,10,150,45,0.09284203700798714
390,5,10,150,45,0.0
391,5,10,150,45,0.11245246430543061
392,5,10,150,45,0.11004588314904008
393,5,10,150,45,0.14320860812488936
394,5,10,150,45,0.16570616085215287
395,5,10,150,45,0.0
396,5,10,150,45,0.0
397,5,10,150,45,0.11004588314904008
398,5,10,150,45,0.2603162085517594
399,5,10,150,45,0.026175882249243814
400,5,10,150,45,0.0
401,5,10,150,45,0.02839245759615368
402,5,10,150,45,0.0
403,5,10,150,45,0.2529427027676571
404,5,10,150,45,0.0
405,5,10,150,45,0.041881913728740505
406,5,10,150,45,0.06644741009514771
407,5,10,150,45,0.07081727565973653
408,5,10,150,45,0.09983719697789138
409,5,10,150,45,0.0334374913847135
410,5,10,150,45,0.0
411,5,10,150,45,0.17342765698823945
412,5,10,150,45,0.0
413,5,10,150,45,0.0
414,5,10,150,45,0.21398626473452756
415,5,10,150,45,0.0
416,5,10,150,45,0.14329942431064452
417,5,10,150,45,0.11088189053445036
419,5,10,150,45,0.30260241349881345
420,5,10,150,45,0.05478392673173268
421,5,10,150,45,0.0
422,5,10,150,45,0.0
423,5,10,150,45,0.08440880858250024
424,5,10,150,45,0.0
425,5,10,150,45,0.2082843711703412
426,5,10,150,45,0.13571943816109763
427,5,10,150,45,0.0
428,5,10,150,45,0.0
429,5,10,150,45,0.15031671973817173
430,5,10,150,45,0.1261446714466394
431,5,10,150,45,0.0
432,5,10,150,45,0.0
433,5,10,150,45,0.0
434,5,10,150,45,0.3903800499921017
435,5,10,150,45,0.09964084501257568
436,5,10,150,45,0.08868088264964148
437,5,10,150,45,0.22972973128433707
438,5,10,150,45,0.0
439,5,10,150,45,0.0
440,5,10,150,45,0.06175696970122604
441,5,10,150,45,0.0
442,5,10,150,45,0.0
443,5,10,150,45,0.0
445,5,10,150,45,0.0
446,5,10,150,45,0.0
447,5,10,150,45,0.24290422668756767
448,5,10,150,45,0.0
449,5,10,150,45,0.04403205443910179
450,5,10,150,45,0.2230665974737702
451,5,10,150,45,0.0
452,5,10,150,45,0.07830573469972951
453,5,10,150,45,0.029956785715628154
454,5,10,150,45,0.0
455,5,10,150,45,0.0
456,5,10,150,45,0.07758828619721583
457,5,10,150,45,0.29418445531213994
458,5,10,150,45,0.04507276838148142
459,5,10,150,45,0.0
460,5,10,150,45,0.0
461,5,10,150,45,0.0
462,5,10,150,45,0.0
463,5,10,150,45,0.0
464,5,10,150,45,0.0
465,5,10,150,45,0.0
466,5,10,150,45,0.03947525607388688
467,5,10,150,45,0.07335312372354855
468,5,10,150,45,0.25116683884278784
469,5,10,150,45,0.0
470,5,10,150,45,0.0
471,5,10,150,45,0.0
472,5,10,150,45,0.13139503164087882
473,5,10,150,45,0.08754031530847717
474,5,10,150,45,0.28344067059171446
475,5,10,150,45,0.06516188295518531
476,5,10,150,45,0.0
477,5,10,150,45,0.055100238151135045
478,5,10,150,45,0.23782833255689273
479,5,10,150,45,0.07834096783470737
480,5,10,150,45,0.21398626473452756
481,5,10,150,45,0.13863671367752411
482,5,10,150,45,0.0
483,5,10,150,45,0.06912040963822193
484,5,10,150,45,0.09353062527112192
485,5,10,150,45,0.0
486,5,10,150,45,0.0877209484781505
487,5,10,150,45,0.19674990380650584
488,5,10,150,45,0.0
489,5,10,150,45,0.0
490,5,10,150,45,0.0
491,5,10,150,45,0.19092086617893467
492,5,10,150,45,0.12471554514794539
493,5,10,150,45,0.0
494,5,10,150,45,0.0
495,5,10,150,45,0.11868174655260626
496,5,10,150,45,0.05459112561892713
497,5,10,150,45,0.0
498,5,10,150,45,0.03855307727568851
499,5,10,150,45,0.1912282106369008
500,5,10,150,45,0.03148908318001809
501,5,10,150,45,0.0
502,5,10,150,45,0.06364028872631156
503,5,10,150,45,0.1894044290456616
504,5,10,150,45,0.0
505,5,10,150,45,0.0
506,5,10,150,45,0.10589517949214913
507,5,10,150,45,0.0
508,5,10,150,45,0.0
509,5,10,150,45,0.06474271459046577
510,5,10,150,45,0.0
511,5,10,150,45,0.0
512,5,10,150,45,0.18316925091363362
513,5,10,150,45,0.0
514,5,10,150,45,0.10595566933616397
515,5,10,150,45,0.0
516,5,10,150,45,0.0
517,5,10,150,45,0.042259191411409554
518,5,10,150,45,0.0
519,5,10,150,45,0.0
520,5,10,150,45,0.0
521,5,10,150,45,0.0
522,5,10,150,45,0.0
523,5,10,150,45,0.0316088333445714
524,5,10,150,45,0.08584557266387279
525,5,10,150,45,0.0
526,5,10,150,45,0.03227932543520417
527,5,10,150,45,0.12265062558661
528,5,10,150,45,0.14110144150616766
529,5,10,150,45,0.0
530,5,10,150,45,0.0
531,5,10,150,45,0.0
532,5,10,150,45,0.016552362338872865
533,5,10,150,45,0.13675966239394025
534,5,10,150,45,0.04084531701587904
535,5,10,150,45,0.23945874281261442
536,5,10,150,45,0.23620378562439379
537,5,10,150,45,0.37344409427298003
538,5,10,150,45,0.0
539,5,10,150,45,0.11414433776026256
540,5,10,150,45,0.0
541,5,10,150,45,0.12534926568386062
542,5,10,150,45,0.12627825946936164
543,5,10,150,45,0.0
544,5,10,150,45,0.0
545,5,10,150,45,0.052962244777770985
546,5,10,150,45,0.15314106296495628
547,5,10,150,45,0.0
548,5,10,150,45,0.0369180152329196
549,5,10,150,45,0.0
550,5,10,150,45,0.04579340374561851
551,5,10,150,45,0.257852900739916
552,5,10,150,45,0.0
553,5,10,150,45,0.16102243342487008
554,5,10,150,45,0.16600564593053876
555,5,10,150,45,0.0
556,5,10,150,45,0.08876245163110816
557,5,10,150,45,0.0
558,5,10,150,45,0.0
559,5,10,150,45,0.0734773909038217
560,5,10,150,45,0.2179777837196921
561,5,10,150,45,0.0
562,5,10,150,45,0.034743705427429224
563,5,10,150,45,0.0
564,5,10,150,45,0.0
565,5,10,150,45,0.10523285614729473
566,5,10,150,45,0.13665387068436016
567,5,10,150,45,0.13463074517970205
568,5,10,150,45,0.029041021384678276
569,5,10,150,45,0.0
570,5,10,150,45,0.0
571,5,10,150,45,0.0
572,5,10,150,45,0.058995070558427745
573,5,10,150,45,0.0
574,5,10,150,45,0.04185567464896701
575,5,10,150,45,0.0
576,5,10,150,45,0.17342765698823945
577,5,10,150,45,0.20619661189599137
578,5,10,150,45,0.0
579,5,10,150,45,0.0
580,5,10,150,45,0.10209739512291163
581,5,10,150,45,0.0
582,5,10,150,45,0.028361369701356044
583,5,10,150,45,0.04579340374561851
584,5,10,150,45,0.0
585,5,10,150,45,0.0
586,5,10,150,45,0.07482758161941112
587,5,10,150,45,0.0
588,5,10,150,45,0.19463939566931732
589,5,10,150,45,0.0
590,5,10,150,45,0.18511573258657482
591,5,10,150,45,0.15758427078022966
592,5,10,150,45,0.28258173202737613
593,5,10,150,45,0.15257268888187236
594,5,10,150,45,0.0843142342558857
595,5,10,150,45,0.0
596,5,10,150,45,0.0
597,5,10,150,45,0.0
598,5,10,150,45,0.11752277470724268
599,5,10,150,45,0.12482439971749086
600,5,10,150,45,0.0
601,5,10,150,45,0.026557570376145638
602,5,10,150,45,0.0
603,5,10,150,45,0.06194403202282284
604,5,10,150,45,0.0
605,5,10,150,45,0.07677414822537214
606,5,10,150,45,0.22020940581984288
607,5,10,150,45,0.0
608,5,10,150,45,0.126140293880171
609,5,10,150,45,0.11838279295536291
610,5,10,150,45,0.0
611,5,10,150,45,0.03927158715985786
612,5,10,150,45,0.0
613,5,10,150,45,0.15130120674940672
614,5,10,150,45,0.13886244387355454
615,5,10,150,45,0.0642412844378317
616,5,10,150,45,0.09781579202094404
617,5,10,150,45,0.03804989622115975
618,5,10,150,45,0.13693830900397266
619,5,10,150,45,0.1303945739341477
620,5,10,150,45,0.10964161607630166
621,5,10,150,45,0.13589759152345549
622,5,10,150,45,0.12201316390785787
623,5,10,150,45,0.050143326786652107
624,5,10,150,45,0.019160322430058573
625,5,10,150,45,0.0
626,5,10,150,45,0.04690797720830594
627,5,10,150,45,0.04289205981312439
628,5,10,150,45,0.0
629,5,10,150,45,0.11794421963488726
630,5,10,150,45,0.09942460513010813
631,5,10,150,45,0.09240791929215005
632,5,10,150,45,0.2802309837406785
633,5,10,150,45,0.0455520698635181
634,5,10,150,45,0.023756977677906275
635,5,10,150,45,0.0
636,5,10,150,45,0.0
637,5,10,150,45,0.0
638,5,10,150,45,0.15473934503245962
639,5,10,150,45,0.0
640,5,10,150,45,0.0637867864178444
641,5,10,150,45,0.0
642,5,10,150,45,0.10548140353396503
643,5,10,150,45,0.1576619846437923
644,5,10,150,45,0.0
645,5,10,150,45,0.1673424068709125
646,5,10,150,45,0.0
647,5,10,150,45,0.03673869545191085
648,5,10,150,45,0.06559317260977773
649,5,10,150,45,0.0
650,5,10,150,45,0.03162560673043835
651,5,10,150,45,0.0
652,5,10,150,45,0.0
653,5,10,150,45,0.04760074290266909
654,5,10,150,45,0.1521155994897412
655,5,10,150,45,0.23129011449812795
656,5,10,150,45,0.0
657,5,10,150,45,0.053845569940583225
658,5,10,150,45,0.0
659,5,10,150,45,0.06891987176576723
660,5,10,150,45,0.0
661,5,10,150,45,0.0860496199597963
662,5,10,150,45,0.0
663,5,10,150,45,0.07874514948204092
664,5,10,150,45,0.05391021349625259
665,5,10,150,45,0.0
666,5,10,150,45,0.0832842629716816
667,5,10,150,45,0.23495437216186538
668,5,10,150,45,0.0
669,5,10,150,45,0.2316621712044608
670,5,10,150,45,0.15539533467551025
671,5,10,150,45,0.17434206503696043
672,5,10,150,45,0.0
673,5,10,150,45,0.0
674,5,10,150,45,0.0
675,5,10,150,45,0.05010834716923557
676,5,10,150,45,0.0
677,5,10,150,45,0.03927489746221688
678,5,10,150,45,0.0
679,5,10,150,45,0.26970586372388394
680,5,10,150,45,0.2073612289146658
681,5,10,150,45,0.0
682,5,10,150,45,0.13439857614508827
683,5,10,150,45,0.06289349548893712
684,5,10,150,45,0.0
685,5,10,150,45,0.0
686,5,10,150,45,0.08962483220812449
687,5,10,150,45,0.0
688,5,10,150,45,0.0
689,5,10,150,45,0.27487633291429087
690,5,10,150,45,0.0
691,5,10,150,45,0.0
692,5,10,150,45,0.0
693,5,10,150,45,0.0
694,5,10,150,45,0.20269611984358588
695,5,10,150,45,0.0
696,5,10,150,45,0.12935879342602336
697,5,10,150,45,0.04505069314087506
698,5,10,150,45,0.09499131598480672
699,5,10,150,45,0.0
700,5,10,150,45,0.16958010263680806
701,5,10,150,45,0.04129602134854855
702,5,10,150,45,0.0
703,5,10,150,45,0.03870447337439288
704,5,10,150,45,0.03898594405226045
705,5,10,150,45,0.128262164895328
706,5,10,150,45,0.0
707,5,10,150,45,0.1159024024731352
708,5,10,150,45,0.04185109258092126
709,5,10,150,45,0.10371915894912967
710,5,10,150,45,0.05710411178654767
711,5,10,150,45,0.1572801086616111
712,5,10,150,45,0.1068936442464933
713,5,10,150,45,0.0
714,5,10,150,45,0.04195229264874745
715,5,10,150,45,0.08221297255661103
716,5,10,150,45,0.20351108404667362
717,5,10,150,45,0.1671511698578214
718,5,10,150,45,0.07108348368841133
719,5,10,150,45,0.11614257564286637
720,5,10,150,45,0.05261577455142312
721,5,10,150,45,0.11523950910141585
722,5,10,150,45,0.0
723,5,10,150,45,0.0
724,5,10,150,45,0.0
725,5,10,150,45,0.05750402108673013
726,5,10,150,45,0.2529427027676571
727,5,10,150,45,0.11257488502547597
728,5,10,150,45,0.0
729,5,10,150,45,0.0
730,5,10,150,45,0.0
731,5,10,150,45,0.02252515146411945
732,5,10,150,45,0.0
733,5,10,150,45,0.0
734,5,10,150,45,0.0655813061736612
735,5,10,150,45,0.0
736,5,10,150,45,0.0
737,5,10,150,45,0.16282663249631943
738,5,10,150,45,0.24803970741351278
739,5,10,150,45,0.0
740,5,10,150,45,0.0
741,5,10,150,45,0.10965210684801945
742,5,10,150,45,0.0
743,5,10,150,45,0.04224853374256244
744,5,10,150,45,0.08878770367712427
745,5,10,150,45,0.3682049230943936
746,5,10,150,45,0.11450296808588954
747,5,10,150,45,0.36803670476713823
748,5,10,150,45,0.1946257849561795
749,5,10,150,45,0.14994176606317108
750,5,10,150,45,0.07219614103266732
751,5,10,150,45,0.05913089568802078
752,5,10,150,45,0.020210299806331135
753,5,10,150,45,0.15406810205846871
754,5,10,150,45,0.0
755,5,10,150,45,0.0
756,5,10,150,45,0.03828357334999627
757,5,10,150,45,0.015444985233967121
758,5,10,150,45,0.19200047024409078
759,5,10,150,45,0.038281751104512325
760,5,10,150,45,0.11447590313611888
761,5,10,150,45,0.03339755935325358
762,5,10,150,45,0.11568388634051256
763,5,10,150,45,0.20859185628046678
764,5,10,150,45,0.08207588022692468
765,5,10,150,45,0.0
766,5,10,150,45,0.06010402859581407
767,5,10,150,45,0.2073612289146658
768,5,10,150,45,0.07655078846581868
769,5,10,150,45,0.0
770,5,10,150,45,0.02392217794381651
771,5,10,150,45,0.10700326704282045
772,5,10,150,45,0.03353522641880846
773,5,10,150,45,0.09794439113804984
774,5,10,150,45,0.037637330489217274
775,5,10,150,45,0.0
776,5,10,150,45,0.0827868683819835
777,5,10,150,45,0.14445412169961394
778,5,10,150,45,0.0
779,5,10,150,45,0.05878132199396477
780,5,10,150,45,0.04759023790187059
781,5,10,150,45,0.21898681539091044
782,5,10,150,45,0.01598714051673375
783,5,10,150,45,0.0
784,5,10,150,45,0.0
785,5,10,150,45,0.048159222084064895
786,5,10,150,45,0.13370327844286975
787,5,10,150,45,0.0683037314796457
788,5,10,150,45,0.22341864243269213
789,5,10,150,45,0.059109628562248356
790,5,10,150,45,0.08369968797080611
791,5,10,150,45,0.0
792,5,10,150,45,0.0
793,5,10,150,45,0.0
794,5,10,150,45,0.19607400121987484
795,5,10,150,45,0.12293465021651091
796,5,10,150,45,0.3802302695309803
797,5,10,150,45,0.09030583455080088
798,5,10,150,45,0.12397327113166866
799,5,10,150,45,0.0
800,5,10,150,45,0.0
801,5,10,150,45,0.0
802,5,10,150,45,0.030863419558816
803,5,10,150,45,0.0
804,5,10,150,45,0.17356586651029143
805,5,10,150,45,0.13783793031838465
806,5,10,150,45,0.16420577538118214
807,5,10,150,45,0.20519223931842606
808,5,10,150,45,0.0
809,5,10,150,45,0.0
810,5,10,150,45,0.0
811,5,10,150,45,0.0
812,5,10,150,45,0.0
813,5,10,150,45,0.17367331957930765
814,5,10,150,45,0.09144287629100999
815,5,10,150,45,0.28032366124596275
816,5,10,150,45,0.08005612702969578
817,5,10,150,45,0.0
818,5,10,150,45,0.0
819,5,10,150,45,0.0458402539699961
820,5,10,150,45,0.041641441310299704
821,5,10,150,45,0.1716292605492022
822,5,10,150,45,0.0
823,5,10,150,45,0.33870567148028874
824,5,10,150,45,0.0
825,5,10,150,45,0.09397442373660647
826,5,10,150,45,0.08204187948492243
827,5,10,150,45,0.0
828,5,10,150,45,0.07244745602732354
829,5,10,150,45,0.10951828933634093
830,5,10,150,45,0.10053254151308513
831,5,10,150,45,0.14187597933082008
832,5,10,150,45,0.041355644490859725
833,5,10,150,45,0.18435884382863615
834,5,10,150,45,0.020919434760060668
835,5,10,150,45,0.05510954153979892
836,5,10,150,45,0.10882945376944808
837,5,10,150,45,0.0
838,5,10,150,45,0.13024298366528136
839,5,10,150,45,0.03322541746578526
840,5,10,150,45,0.3858876075896266
841,5,10,150,45,0.0
842,5,10,150,45,0.03314153504336938
843,5,10,150,45,0.13055344042231998
844,5,10,150,45,0.14767302746812566
845,5,10,150,45,0.0
846,5,10,150,45,0.3643516555546808
847,5,10,150,45,0.0
848,5,10,150,45,0.08597133172229865
849,5,10,150,45,0.08280898853927336
850,5,10,150,45,0.20069031232476098
851,5,10,150,45,0.2924071545444174
852,5,10,150,45,0.0
853,5,10,150,45,0.0
854,5,10,150,45,0.19564021132779819
855,5,10,150,45,0.0
856,5,10,150,45,0.0
857,5,10,150,45,0.0
858,5,10,150,45,0.0
859,5,10,150,45,0.0
860,5,10,150,45,0.0
861,5,10,150,45,0.09836355940276224
862,5,10,150,45,0.23324328647266537
863,5,10,150,45,0.0
864,5,10,150,45,0.3310500028229052
865,5,10,150,45,0.0
866,5,10,150,45,0.12374681498530773
867,5,10,150,45,0.23144728841354661
868,5,10,150,45,0.15803588385003334
869,5,10,150,45,0.0526955103112175
870,5,10,150,45,0.14228447345424752
871,5,10,150,45,0.1852337991684769
872,5,10,150,45,0.01624882666837855
873,5,10,150,45,0.0
874,5,10,150,45,0.06575393297476358
875,5,10,150,45,0.1923955695460413
876,5,10,150,45,0.0
877,5,10,150,45,0.03487978243545732
878,5,10,150,45,0.05670411922222159
879,5,10,150,45,0.07180913162424091
880,5,10,150,45,0.4047647919557976
881,5,10,150,45,0.34800061572095314
882,5,10,150,45,0.30007072085783393
883,5,10,150,45,0.36215308406120317
884,5,10,150,45,0.028767091820622218
885,5,10,150,45,0.11288676918648306
886,5,10,150,45,0.21571508060246497
887,5,10,150,45,0.14006180023730863
888,5,10,150,45,0.0
889,5,10,150,45,0.30325275996707035
890,5,10,150,45,0.31716669010195186
891,5,10,150,45,0.06799348842342492
892,5,10,150,45,0.4279873974670844
893,5,10,150,45,0.05014695371369417
894,5,10,150,45,0.27704549192448275
895,5,10,150,45,0.0
896,5,10,150,45,0.4432492549613832
897,5,10,150,45,0.15975430547017425
898,5,10,150,45,0.0
899,5,10,150,45,0.2132264281431273
900,5,10,150,45,0.04588516391390306
901,5,10,150,45,0.2921296676936054
902,5,10,150,45,0.025255271126572616
903,5,10,150,45,0.4261540247473446
904,5,10,150,45,0.0
905,5,10,150,45,0.08773956418811966
906,5,10,150,45,0.0
907,5,10,150,45,0.17155468221342512
908,5,10,150,45,0.1481180328050781
909,5,10,150,45,0.0
910,5,10,150,45,0.14111581018360284
911,5,10,150,45,0.057098608601828485
912,5,10,150,45,0.07877990502228673
913,5,10,150,45,0.20054531570676407
914,5,10,150,45,0.0
915,5,10,150,45,0.0
916,5,10,150,45,0.2563459937530911
917,5,10,150,45,0.0
918,5,10,150,45,0.03121829358487795
919,5,10,150,45,0.16459209049838291
920,5,10,150,45,0.26814570941777965
921,5,10,150,45,0.03221875092905481
922,5,10,150,45,0.14386462577501496
923,5,10,150,45,0.041165847498865774
924,5,10,150,45,0.09306874048626242
925,5,10,150,45,0.039791360812020615
926,5,10,150,45,0.18690891198435525
927,5,10,150,45,0.10153385637406477
928,5,10,150,45,0.18240827501780815
929,5,10,150,45,0.0753982504991096
930,5,10,150,45,0.10679239746521904
931,5,10,150,45,0.059539365700728666
932,5,10,150,45,0.3530827898938223
933,5,10,150,45,0.06789841197720212
934,5,10,150,45,0.20329690371296136
935,5,10,150,45,0.0
936,5,10,150,45,0.14989306442753772
937,5,10,150,45,0.0750451914573381
938,5,10,150,45,0.08937749237169107
939,5,10,150,45,0.05231692143384187
940,5,10,150,45,0.12314728617929954
941,5,10,150,45,0.17060921827860473
942,5,10,150,45,0.0860107273057054
943,5,10,150,45,0.22767303333579073
1,5,10,150,46,0.4058715898896693
2,5,10,150,46,0.14433828292945616
3,5,10,150,46,0.08759200575528697
4,5,10,150,46,0.0
5,5,10,150,46,0.04470486007704452
6,5,10,150,46,0.04187254809446048
7,5,10,150,46,0.1849553466368852
8,5,10,150,46,0.0
9,5,10,150,46,0.0
10,5,10,150,46,0.3005733545514552
11,5,10,150,46,0.03947525607388688
12,5,10,150,46,0.0787978565107802
13,5,10,150,46,0.24565754401752907
14,5,10,150,46,0.18795160328752808
15,5,10,150,46,0.0
16,5,10,150,46,0.11062750966338458
17,5,10,150,46,0.0
18,5,10,150,46,0.17872418048185143
19,5,10,150,46,0.0
20,5,10,150,46,0.13743816645714543
21,5,10,150,46,0.1265754929129826
22,5,10,150,46,0.040815803121742565
23,5,10,150,46,0.10387012192613786
24,5,10,150,46,0.05010834716923557
25,5,10,150,46,0.23940867474021393
26,5,10,150,46,0.0
27,5,10,150,46,0.0
28,5,10,150,46,0.0
30,5,10,150,46,0.08133484538841967
31,5,10,150,46,0.11164668500969883
32,5,10,150,46,0.19519002499605084
33,5,10,150,46,0.0
34,5,10,150,46,0.0
35,5,10,150,46,0.0
37,5,10,150,46,0.08177471774917201
38,5,10,150,46,0.0
39,5,10,150,46,0.0
40,5,10,150,46,0.0
41,5,10,150,46,0.06835476917178976
42,5,10,150,46,0.08850778826764391
43,5,10,150,46,0.0
44,5,10,150,46,0.2672039079048423
45,5,10,150,46,0.0
46,5,10,150,46,0.0
47,5,10,150,46,0.0
48,5,10,150,46,0.07028063830038406
49,5,10,150,46,0.033808395438916686
52,5,10,150,46,0.0
53,5,10,150,46,0.0
54,5,10,150,46,0.0
55,5,10,150,46,0.0
56,5,10,150,46,0.11781210270929884
57,5,10,150,46,0.1318392860374695
58,5,10,150,46,0.367408669496515
59,5,10,150,46,0.19233148606048747
60,5,10,150,46,0.1076743759411119
61,5,10,150,46,0.0
62,5,10,150,46,0.09586820699422145
63,5,10,150,46,0.0
64,5,10,150,46,0.04759023790187059
65,5,10,150,46,0.2342550150352983
66,5,10,150,46,0.0
67,5,10,150,46,0.0
68,5,10,150,46,0.0
69,5,10,150,46,0.0
70,5,10,150,46,0.0
71,5,10,150,46,0.20758456043036028
72,5,10,150,46,0.10990826949013655
73,5,10,150,46,0.05276490902632437
74,5,10,150,46,0.0
75,5,10,150,46,0.0
76,5,10,150,46,0.10633668103022985
77,5,10,150,46,0.09787979541175622
78,5,10,150,46,0.0
79,5,10,150,46,0.0
80,5,10,150,46,0.0
81,5,10,150,46,0.08878770367712427
82,5,10,150,46,0.0
83,5,10,150,46,0.07414861528507455
84,5,10,150,46,0.07550980911390262
85,5,10,150,46,0.04734112273659951
86,5,10,150,46,0.0
87,5,10,150,46,0.13890464807639166
88,5,10,150,46,0.18920035951687003
89,5,10,150,46,0.0
90,5,10,150,46,0.11641023011265045
91,5,10,150,46,0.0
92,5,10,150,46,0.03369782041898502
93,5,10,150,46,0.0
94,5,10,150,46,0.12253429761719764
95,5,10,150,46,0.07849567312219397
96,5,10,150,46,0.0
97,5,10,150,46,0.0
98,5,10,150,46,0.0
99,5,10,150,46,0.09641171098317775
100,5,10,150,46,0.0
101,5,10,150,46,0.0
102,5,10,150,46,0.0
103,5,10,150,46,0.0
104,5,10,150,46,0.33958467175585033
105,5,10,150,46,0.0
106,5,10,150,46,0.06516188295518531
107,5,10,150,46,0.0
109,5,10,150,46,0.16563719724029594
110,5,10,150,46,0.0
111,5,10,150,46,0.0
112,5,10,150,46,0.07807600999842033
113,5,10,150,46,0.0
114,5,10,150,46,0.08274602130532002
115,5,10,150,46,0.04001677477281075
116,5,10,150,46,0.0
117,5,10,150,46,0.0
118,5,10,150,46,0.16958010263680806
119,5,10,150,46,0.030181604521759563
120,5,10,150,46,0.0
121,5,10,150,46,0.13032376591037062
122,5,10,150,46,0.0
123,5,10,150,46,0.13720340769293682
124,5,10,150,46,0.0
125,5,10,150,46,0.05446333035917803
126,5,10,150,46,0.0
128,5,10,150,46,0.0
129,5,10,150,46,0.0
130,5,10,150,46,0.15174952279352721
131,5,10,150,46,0.0
132,5,10,150,46,0.0
133,5,10,150,46,0.0
134,5,10,150,46,0.0
135,5,10,150,46,0.0
136,5,10,150,46,0.0
137,5,10,150,46,0.1137075481082292
138,5,10,150,46,0.0976168253917686
139,5,10,150,46,0.0
140,5,10,150,46,0.0
141,5,10,150,46,0.0
142,5,10,150,46,0.0
143,5,10,150,46,0.0
144,5,10,150,46,0.0
145,5,10,150,46,0.17597149971119974
146,5,10,150,46,0.0
147,5,10,150,46,0.0
148,5,10,150,46,0.0
149,5,10,150,46,0.0
150,5,10,150,46,0.2640681225725909
151,5,10,150,46,0.1026571794225922
152,5,10,150,46,0.0
153,5,10,150,46,0.0
154,5,10,150,46,0.06416923277158361
155,5,10,150,46,0.0
156,5,10,150,46,0.0
157,5,10,150,46,0.0
158,5,10,150,46,0.08010006541788642
159,5,10,150,46,0.23138144801632507
160,5,10,150,46,0.1719271394881576
161,5,10,150,46,0.0
162,5,10,150,46,0.0
163,5,10,150,46,0.0
164,5,10,150,46,0.0
165,5,10,150,46,0.0
167,5,10,150,46,0.05319635904163211
168,5,10,150,46,0.0
169,5,10,150,46,0.0
170,5,10,150,46,0.0
171,5,10,150,46,0.0
173,5,10,150,46,0.0
174,5,10,150,46,0.03441184191455828
175,5,10,150,46,0.21517910082405575
176,5,10,150,46,0.06289692884934815
177,5,10,150,46,0.38113435412202
178,5,10,150,46,0.12597398707460816
179,5,10,150,46,0.09149012142095872
180,5,10,150,46,0.06228974831361337
181,5,10,150,46,0.09913210981157927
182,5,10,150,46,0.0
183,5,10,150,46,0.15101961822780524
184,5,10,150,46,0.0
185,5,10,150,46,0.0
186,5,10,150,46,0.04633132539002164
187,5,10,150,46,0.0
188,5,10,150,46,0.12925733948536566
189,5,10,150,46,0.1622220746837199
190,5,10,150,46,0.0
192,5,10,150,46,0.123151194370365
193,5,10,150,46,0.0
194,5,10,150,46,0.0
195,5,10,150,46,0.11787667935667444
196,5,10,150,46,0.0
197,5,10,150,46,0.09546043308946733
198,5,10,150,46,0.0
199,5,10,150,46,0.0
200,5,10,150,46,0.09785159463516042
201,5,10,150,46,0.0
202,5,10,150,46,0.0
203,5,10,150,46,0.0
204,5,10,150,46,0.19519002499605084
205,5,10,150,46,0.0
206,5,10,150,46,0.0
207,5,10,150,46,0.0
208,5,10,150,46,0.0
209,5,10,150,46,0.0
210,5,10,150,46,0.2167516193508568
211,5,10,150,46,0.0
213,5,10,150,46,0.08445760625486516
214,5,10,150,46,0.0
216,5,10,150,46,0.23813231172447274
217,5,10,150,46,0.0
218,5,10,150,46,0.0
219,5,10,150,46,0.0
221,5,10,150,46,0.0
222,5,10,150,46,0.1050995674008573
223,5,10,150,46,0.0
224,5,10,150,46,0.0
225,5,10,150,46,0.09077089626867633
226,5,10,150,46,0.19092086617893467
227,5,10,150,46,0.0
228,5,10,150,46,0.0
229,5,10,150,46,0.0
230,5,10,150,46,0.12683081539850163
231,5,10,150,46,0.0
232,5,10,150,46,0.03962341267285813
233,5,10,150,46,0.23172568042238212
234,5,10,150,46,0.05020178280393491
235,5,10,150,46,0.0
236,5,10,150,46,0.0
237,5,10,150,46,0.19342640361727081
238,5,10,150,46,0.0
239,5,10,150,46,0.06912040963822193
240,5,10,150,46,0.12495636102304827
241,5,10,150,46,0.0
242,5,10,150,46,0.0
243,5,10,150,46,0.0
244,5,10,150,46,0.049712302565054066
245,5,10,150,46,0.0
246,5,10,150,46,0.0561326498270945
247,5,10,150,46,0.09472348220010487
248,5,10,150,46,0.09472348220010487
249,5,10,150,46,0.056720838976548935
250,5,10,150,46,0.0
251,5,10,150,46,0.13032376591037062
252,5,10,150,46,0.20184908658209985
253,5,10,150,46,0.05725248542464807
254,5,10,150,46,0.08514311764162098
255,5,10,150,46,0.0
256,5,10,150,46,0.038925970325304815
257,5,10,150,46,0.07984133538066794
258,5,10,150,46,0.0
259,5,10,150,46,0.1239740444869306
260,5,10,150,46,0.0
261,5,10,150,46,0.0
262,5,10,150,46,0.0
263,5,10,150,46,0.0956366800683804
264,5,10,150,46,0.0
265,5,10,150,46,0.0
266,5,10,150,46,0.0
267,5,10,150,46,0.17168372277322866
268,5,10,150,46,0.049712302565054066
269,5,10,150,46,0.052962244777770985
270,5,10,150,46,0.041641441310299704
271,5,10,150,46,0.13010624216828925
272,5,10,150,46,0.08942172406547305
273,5,10,150,46,0.0
274,5,10,150,46,0.0
275,5,10,150,46,0.0
276,5,10,150,46,0.15875999922826586
277,5,10,150,46,0.0
278,5,10,150,46,0.0
279,5,10,150,46,0.1176831087193565
280,5,10,150,46,0.14324481060386993
281,5,10,150,46,0.0
282,5,10,150,46,0.0
283,5,10,150,46,0.07028063830038406
284,5,10,150,46,0.0
285,5,10,150,46,0.0
286,5,10,150,46,0.05490370618855431
287,5,10,150,46,0.0
288,5,10,150,46,0.0859574327152926
289,5,10,150,46,0.0854499779566911
290,5,10,150,46,0.07834851647149511
291,5,10,150,46,0.07828167840727236
292,5,10,150,46,0.04224853374256244
293,5,10,150,46,0.062192625389540866
294,5,10,150,46,0.0
295,5,10,150,46,0.2603201838311303
296,5,10,150,46,0.13713660166967986
297,5,10,150,46,0.0
298,5,10,150,46,0.061080020762274374
299,5,10,150,46,0.0
300,5,10,150,46,0.0
301,5,10,150,46,0.06460801587741544
302,5,10,150,46,0.09224219235917257
303,5,10,150,46,0.05745511858789652
304,5,10,150,46,0.0
305,5,10,150,46,0.11349000778741654
306,5,10,150,46,0.0
307,5,10,150,46,0.10778915452451093
308,5,10,150,46,0.13490077762666258
310,5,10,150,46,0.0
311,5,10,150,46,0.13301422444853
312,5,10,150,46,0.08520401710471519
313,5,10,150,46,0.11270402374049442
314,5,10,150,46,0.16600564593053876
315,5,10,150,46,0.0
316,5,10,150,46,0.0
317,5,10,150,46,0.0
318,5,10,150,46,0.13567671906468678
319,5,10,150,46,0.0
320,5,10,150,46,0.13927874459665815
321,5,10,150,46,0.0
322,5,10,150,46,0.0
323,5,10,150,46,0.1610425878239398
324,5,10,150,46,0.0
325,5,10,150,46,0.09092803061897883
326,5,10,150,46,0.027288805847552652
327,5,10,150,46,0.025410386140327024
328,5,10,150,46,0.09206364236149692
329,5,10,150,46,0.0
330,5,10,150,46,0.07197991643202278
331,5,10,150,46,0.0
332,5,10,150,46,0.09320485889859448
334,5,10,150,46,0.0
335,5,10,150,46,0.0
336,5,10,150,46,0.0780824078938463
337,5,10,150,46,0.0
338,5,10,150,46,0.07132875491150918
339,5,10,150,46,0.1664336467304897
340,5,10,150,46,0.0
341,5,10,150,46,0.0
342,5,10,150,46,0.31341134215401556
343,5,10,150,46,0.09229649639444802
344,5,10,150,46,0.1202034973803211
345,5,10,150,46,0.18015355216717013
346,5,10,150,46,0.04366879852493834
347,5,10,150,46,0.22280620320442554
348,5,10,150,46,0.0
349,5,10,150,46,0.0
350,5,10,150,46,0.058087171966128066
351,5,10,150,46,0.0
352,5,10,150,46,0.1903601622684853
353,5,10,150,46,0.14434031438272124
354,5,10,150,46,0.06335619058732639
355,5,10,150,46,0.0
356,5,10,150,46,0.0
357,5,10,150,46,0.0
358,5,10,150,46,0.06364028872631156
359,5,10,150,46,0.3010299956639812
360,5,10,150,46,0.12982031659526816
361,5,10,150,46,0.09478836436955078
362,5,10,150,46,0.0
363,5,10,150,46,0.22463865489880525
364,5,10,150,46,0.0
365,5,10,150,46,0.0
366,5,10,150,46,0.0
367,5,10,150,46,0.0
368,5,10,150,46,0.0
369,5,10,150,46,0.0
370,5,10,150,46,0.0
371,5,10,150,46,0.07984133538066794
372,5,10,150,46,0.15130120674940672
373,5,10,150,46,0.22842722979011518
374,5,10,150,46,0.07472550252128253
375,5,10,150,46,0.0
376,5,10,150,46,0.0
377,5,10,150,46,0.0
378,5,10,150,46,0.12028809946908156
379,5,10,150,46,0.08433239722469389
380,5,10,150,46,0.0
381,5,10,150,46,0.0
382,5,10,150,46,0.09952375175972906
383,5,10,150,46,0.040815803121742565
384,5,10,150,46,0.0
385,5,10,150,46,0.0
386,5,10,150,46,0.0
387,5,10,150,46,0.08586571489348302
388,5,10,150,46,0.0
389,5,10,150,46,0.09284203700798714
390,5,10,150,46,0.0
391,5,10,150,46,0.11245246430543061
392,5,10,150,46,0.11004588314904008
393,5,10,150,46,0.14109308989020422
394,5,10,150,46,0.16570616085215287
395,5,10,150,46,0.0
396,5,10,150,46,0.0
397,5,10,150,46,0.11004588314904008
398,5,10,150,46,0.28368572779044043
399,5,10,150,46,0.026175882249243814
400,5,10,150,46,0.0
401,5,10,150,46,0.02839245759615368
402,5,10,150,46,0.0
403,5,10,150,46,0.2529427027676571
404,5,10,150,46,0.0
405,5,10,150,46,0.04126322220344202
406,5,10,150,46,0.06546583008019988
407,5,10,150,46,0.09046795885890169
408,5,10,150,46,0.09983719697789138
409,5,10,150,46,0.0334374913847135
410,5,10,150,46,0.0
411,5,10,150,46,0.17342765698823945
412,5,10,150,46,0.0
413,5,10,150,46,0.0
414,5,10,150,46,0.21398626473452756
415,5,10,150,46,0.0
416,5,10,150,46,0.14118256451346892
417,5,10,150,46,0.11088189053445036
419,5,10,150,46,0.30260241349881345
420,5,10,150,46,0.05478392673173268
421,5,10,150,46,0.0
422,5,10,150,46,0.0
423,5,10,150,46,0.08440880858250024
424,5,10,150,46,0.0
425,5,10,150,46,0.2082843711703412
426,5,10,150,46,0.13571943816109763
427,5,10,150,46,0.0
428,5,10,150,46,0.0
429,5,10,150,46,0.14809619845982205
430,5,10,150,46,0.1261446714466394
431,5,10,150,46,0.0
432,5,10,150,46,0.0
433,5,10,150,46,0.0
434,5,10,150,46,0.3903800499921017
435,5,10,150,46,0.09964084501257568
436,5,10,150,46,0.08868088264964148
437,5,10,150,46,0.22972973128433707
438,5,10,150,46,0.0
439,5,10,150,46,0.0
440,5,10,150,46,0.06175696970122604
441,5,10,150,46,0.0
442,5,10,150,46,0.0
443,5,10,150,46,0.0
445,5,10,150,46,0.0
446,5,10,150,46,0.0
447,5,10,150,46,0.24290422668756767
448,5,10,150,46,0.0
449,5,10,150,46,0.04403205443910179
450,5,10,150,46,0.21977139433840143
451,5,10,150,46,0.0
452,5,10,150,46,0.07830573469972951
453,5,10,150,46,0.029956785715628154
454,5,10,150,46,0.0
455,5,10,150,46,0.0
456,5,10,150,46,0.07758828619721583
457,5,10,150,46,0.29418445531213994
458,5,10,150,46,0.04507276838148142
459,5,10,150,46,0.0
460,5,10,150,46,0.0
461,5,10,150,46,0.0
462,5,10,150,46,0.0
463,5,10,150,46,0.0
464,5,10,150,46,0.0
465,5,10,150,46,0.0
466,5,10,150,46,0.03947525607388688
467,5,10,150,46,0.1436337620239326
468,5,10,150,46,0.25116683884278784
469,5,10,150,46,0.0
470,5,10,150,46,0.0
471,5,10,150,46,0.0
472,5,10,150,46,0.13139503164087882
473,5,10,150,46,0.08754031530847717
474,5,10,150,46,0.28344067059171446
475,5,10,150,46,0.06516188295518531
476,5,10,150,46,0.0
477,5,10,150,46,0.055100238151135045
478,5,10,150,46,0.23782833255689273
479,5,10,150,46,0.07834096783470737
480,5,10,150,46,0.21398626473452756
481,5,10,150,46,0.13863671367752411
482,5,10,150,46,0.0
483,5,10,150,46,0.06912040963822193
484,5,10,150,46,0.09353062527112192
485,5,10,150,46,0.0
486,5,10,150,46,0.0877209484781505
487,5,10,150,46,0.19674990380650584
488,5,10,150,46,0.0
489,5,10,150,46,0.0
490,5,10,150,46,0.0
491,5,10,150,46,0.19092086617893467
492,5,10,150,46,0.12471554514794539
493,5,10,150,46,0.0
494,5,10,150,46,0.0
495,5,10,150,46,0.11868174655260626
496,5,10,150,46,0.05459112561892713
497,5,10,150,46,0.0
498,5,10,150,46,0.03855307727568851
499,5,10,150,46,0.1912282106369008
500,5,10,150,46,0.03148908318001809
501,5,10,150,46,0.0
502,5,10,150,46,0.06364028872631156
503,5,10,150,46,0.1894044290456616
504,5,10,150,46,0.0
505,5,10,150,46,0.0
506,5,10,150,46,0.10589517949214913
507,5,10,150,46,0.0
508,5,10,150,46,0.0
509,5,10,150,46,0.06474271459046577
510,5,10,150,46,0.0
511,5,10,150,46,0.0
512,5,10,150,46,0.18316925091363362
513,5,10,150,46,0.0
514,5,10,150,46,0.10595566933616397
515,5,10,150,46,0.0
516,5,10,150,46,0.0
517,5,10,150,46,0.042259191411409554
518,5,10,150,46,0.0
519,5,10,150,46,0.0
520,5,10,150,46,0.0
521,5,10,150,46,0.0
522,5,10,150,46,0.0
523,5,10,150,46,0.0316088333445714
524,5,10,150,46,0.08457743748181001
525,5,10,150,46,0.0
526,5,10,150,46,0.03227932543520417
527,5,10,150,46,0.12265062558661
528,5,10,150,46,0.14110144150616766
529,5,10,150,46,0.0
530,5,10,150,46,0.0
531,5,10,150,46,0.0
532,5,10,150,46,0.016552362338872865
533,5,10,150,46,0.1347394098172833
534,5,10,150,46,0.04084531701587904
535,5,10,150,46,0.23945874281261442
536,5,10,150,46,0.23620378562439379
537,5,10,150,46,0.38269975607271794
538,5,10,150,46,0.0
539,5,10,150,46,0.11414433776026256
540,5,10,150,46,0.0
541,5,10,150,46,0.12534926568386062
542,5,10,150,46,0.12627825946936164
543,5,10,150,46,0.0
544,5,10,150,46,0.0
545,5,10,150,46,0.052962244777770985
546,5,10,150,46,0.15314106296495628
547,5,10,150,46,0.0
548,5,10,150,46,0.0369180152329196
549,5,10,150,46,0.0
550,5,10,150,46,0.04579340374561851
551,5,10,150,46,0.2540438244523647
552,5,10,150,46,0.0
553,5,10,150,46,0.16102243342487008
554,5,10,150,46,0.16600564593053876
555,5,10,150,46,0.0
556,5,10,150,46,0.08876245163110816
557,5,10,150,46,0.0
558,5,10,150,46,0.0
559,5,10,150,46,0.0734773909038217
560,5,10,150,46,0.2179777837196921
561,5,10,150,46,0.0
562,5,10,150,46,0.034743705427429224
563,5,10,150,46,0.0
564,5,10,150,46,0.0
565,5,10,150,46,0.10523285614729473
566,5,10,150,46,0.13665387068436016
567,5,10,150,46,0.13463074517970205
568,5,10,150,46,0.029041021384678276
569,5,10,150,46,0.0
570,5,10,150,46,0.0
571,5,10,150,46,0.0
572,5,10,150,46,0.058995070558427745
573,5,10,150,46,0.0
574,5,10,150,46,0.04185567464896701
575,5,10,150,46,0.0
576,5,10,150,46,0.17342765698823945
577,5,10,150,46,0.20619661189599137
578,5,10,150,46,0.04948635088108649
579,5,10,150,46,0.0
580,5,10,150,46,0.10209739512291163
581,5,10,150,46,0.0
582,5,10,150,46,0.028361369701356044
583,5,10,150,46,0.04579340374561851
584,5,10,150,46,0.0
585,5,10,150,46,0.0
586,5,10,150,46,0.07482758161941112
587,5,10,150,46,0.0
588,5,10,150,46,0.19176412723316685
589,5,10,150,46,0.0
590,5,10,150,46,0.18511573258657482
591,5,10,150,46,0.15758427078022966
592,5,10,150,46,0.2784073544203297
593,5,10,150,46,0.15257268888187236
594,5,10,150,46,0.0843142342558857
595,5,10,150,46,0.0
596,5,10,150,46,0.0
597,5,10,150,46,0.0
598,5,10,150,46,0.11752277470724268
599,5,10,150,46,0.12482439971749086
600,5,10,150,46,0.0
601,5,10,150,46,0.026557570376145638
602,5,10,150,46,0.0
603,5,10,150,46,0.06194403202282284
604,5,10,150,46,0.0
605,5,10,150,46,0.07677414822537214
606,5,10,150,46,0.21695640993111254
607,5,10,150,46,0.0
608,5,10,150,46,0.126140293880171
609,5,10,150,46,0.11838279295536291
610,5,10,150,46,0.0
611,5,10,150,46,0.03927158715985786
612,5,10,150,46,0.0
613,5,10,150,46,0.15130120674940672
614,5,10,150,46,0.13886244387355454
615,5,10,150,46,0.0642412844378317
616,5,10,150,46,0.09781579202094404
617,5,10,150,46,0.03804989622115975
618,5,10,150,46,0.13693830900397266
619,5,10,150,46,0.1303945739341477
620,5,10,150,46,0.10964161607630166
621,5,10,150,46,0.13589759152345549
622,5,10,150,46,0.12021075079527738
623,5,10,150,46,0.050143326786652107
624,5,10,150,46,0.019160322430058573
625,5,10,150,46,0.0
626,5,10,150,46,0.04690797720830594
627,5,10,150,46,0.04289205981312439
628,5,10,150,46,0.0
629,5,10,150,46,0.13952533900150066
630,5,10,150,46,0.09942460513010813
631,5,10,150,46,0.09240791929215005
632,5,10,150,46,0.2802309837406785
633,5,10,150,46,0.0455520698635181
634,5,10,150,46,0.023756977677906275
635,5,10,150,46,0.0
636,5,10,150,46,0.0
637,5,10,150,46,0.0
638,5,10,150,46,0.15473934503245962
639,5,10,150,46,0.0
640,5,10,150,46,0.0637867864178444
641,5,10,150,46,0.0
642,5,10,150,46,0.10392320228113473
643,5,10,150,46,0.15533295702598512
644,5,10,150,46,0.0
645,5,10,150,46,0.1673424068709125
646,5,10,150,46,0.0
647,5,10,150,46,0.03673869545191085
648,5,10,150,46,0.0646242116335924
649,5,10,150,46,0.0
650,5,10,150,46,0.031158424285212174
651,5,10,150,46,0.0
652,5,10,150,46,0.0
653,5,10,150,46,0.04689757120849734
654,5,10,150,46,0.1521155994897412
655,5,10,150,46,0.24264571526301879
656,5,10,150,46,0.0
657,5,10,150,46,0.053845569940583225
658,5,10,150,46,0.0
659,5,10,150,46,0.06790176784476905
660,5,10,150,46,0.0
661,5,10,150,46,0.10661067796476481
662,5,10,150,46,0.0
663,5,10,150,46,0.07874514948204092
664,5,10,150,46,0.05391021349625259
665,5,10,150,46,0.0
666,5,10,150,46,0.0820539641838793
667,5,10,150,46,0.23495437216186538
668,5,10,150,46,0.0
669,5,10,150,46,0.2316621712044608
670,5,10,150,46,0.15539533467551025
671,5,10,150,46,0.17434206503696043
672,5,10,150,46,0.0
673,5,10,150,46,0.0
674,5,10,150,46,0.0
675,5,10,150,46,0.05010834716923557
676,5,10,150,46,0.0
677,5,10,150,46,0.03927489746221688
678,5,10,150,46,0.0
679,5,10,150,46,0.26970586372388394
680,5,10,150,46,0.2073612289146658
681,5,10,150,46,0.0
682,5,10,150,46,0.1324132022051174
683,5,10,150,46,0.06289349548893712
684,5,10,150,46,0.0
685,5,10,150,46,0.0
686,5,10,150,46,0.08962483220812449
687,5,10,150,46,0.0
688,5,10,150,46,0.0
689,5,10,150,46,0.32436268379537736
690,5,10,150,46,0.0
691,5,10,150,46,0.0
692,5,10,150,46,0.0
693,5,10,150,46,0.0
694,5,10,150,46,0.20269611984358588
695,5,10,150,46,0.0
696,5,10,150,46,0.12935879342602336
697,5,10,150,46,0.04505069314087506
698,5,10,150,46,0.09499131598480672
699,5,10,150,46,0.0
700,5,10,150,46,0.16958010263680806
701,5,10,150,46,0.04129602134854855
702,5,10,150,46,0.0
703,5,10,150,46,0.03870447337439288
704,5,10,150,46,0.03898594405226045
705,5,10,150,46,0.128262164895328
706,5,10,150,46,0.0
707,5,10,150,46,0.11419025926410474
708,5,10,150,46,0.04185109258092126
709,5,10,150,46,0.10371915894912967
710,5,10,150,46,0.05710411178654767
711,5,10,150,46,0.15495672222427673
712,5,10,150,46,0.1068936442464933
713,5,10,150,46,0.0
714,5,10,150,46,0.04195229264874745
715,5,10,150,46,0.0809984991750982
716,5,10,150,46,0.20050476050999194
717,5,10,150,46,0.1671511698578214
718,5,10,150,46,0.07108348368841133
719,5,10,150,46,0.11614257564286637
720,5,10,150,46,0.05261577455142312
721,5,10,150,46,0.11353715834155367
722,5,10,150,46,0.0
723,5,10,150,46,0.0
724,5,10,150,46,0.0
725,5,10,150,46,0.05750402108673013
726,5,10,150,46,0.2529427027676571
727,5,10,150,46,0.11091189684929532
728,5,10,150,46,0.0
729,5,10,150,46,0.0
730,5,10,150,46,0.0
731,5,10,150,46,0.04466441818602386
732,5,10,150,46,0.0
733,5,10,150,46,0.0
734,5,10,150,46,0.0655813061736612
735,5,10,150,46,0.0
736,5,10,150,46,0.0
737,5,10,150,46,0.16282663249631943
738,5,10,150,46,0.24803970741351278
739,5,10,150,46,0.0
740,5,10,150,46,0.0
741,5,10,150,46,0.10965210684801945
742,5,10,150,46,0.04553761034739079
743,5,10,150,46,0.04224853374256244
744,5,10,150,46,0.08878770367712427
745,5,10,150,46,0.3682049230943936
746,5,10,150,46,0.11450296808588954
747,5,10,150,46,0.3625999620310499
748,5,10,150,46,0.1946257849561795
749,5,10,150,46,0.16249906773647094
750,5,10,150,46,0.07219614103266732
751,5,10,150,46,0.0582573973020007
752,5,10,150,46,0.020210299806331135
753,5,10,150,46,0.15406810205846871
754,5,10,150,46,0.0
755,5,10,150,46,0.0
756,5,10,150,46,0.03828357334999627
757,5,10,150,46,0.029989111554724605
758,5,10,150,46,0.18916418476385433
759,5,10,150,46,0.038281751104512325
760,5,10,150,46,0.11447590313611888
761,5,10,150,46,0.03339755935325358
762,5,10,150,46,0.11568388634051256
763,5,10,150,46,0.20859185628046678
764,5,10,150,46,0.08207588022692468
765,5,10,150,46,0.0
766,5,10,150,46,0.05921615481408165
767,5,10,150,46,0.2073612289146658
768,5,10,150,46,0.07655078846581868
769,5,10,150,46,0.0
770,5,10,150,46,0.02392217794381651
771,5,10,150,46,0.10700326704282045
772,5,10,150,46,0.03353522641880846
773,5,10,150,46,0.0964975287730656
774,5,10,150,46,0.037081341153119736
775,5,10,150,46,0.0
776,5,10,150,46,0.09633620127779947
777,5,10,150,46,0.14445412169961394
778,5,10,150,46,0.0
779,5,10,150,46,0.05878132199396477
780,5,10,150,46,0.04759023790187059
781,5,10,150,46,0.21898681539091044
782,5,10,150,46,0.0157509739362016
783,5,10,150,46,0.0
784,5,10,150,46,0.0
785,5,10,150,46,0.048159222084064895
786,5,10,150,46,0.13370327844286975
787,5,10,150,46,0.0683037314796457
788,5,10,150,46,0.22011823878919903
789,5,10,150,46,0.059109628562248356
790,5,10,150,46,0.08246325240692381
791,5,10,150,46,0.0
792,5,10,150,46,0.0
793,5,10,150,46,0.0
794,5,10,150,46,0.19607400121987484
795,5,10,150,46,0.12111862464644974
796,5,10,150,46,0.38938568402233337
797,5,10,150,46,0.09030583455080088
798,5,10,150,46,0.12214190275844983
799,5,10,150,46,0.0
800,5,10,150,46,0.0
801,5,10,150,46,0.0
802,5,10,150,46,0.030863419558816
803,5,10,150,46,0.0
804,5,10,150,46,0.1710019022323813
805,5,10,150,46,0.13580174926168792
806,5,10,150,46,0.16178008102797287
807,5,10,150,46,0.2021610812785724
808,5,10,150,46,0.0
809,5,10,150,46,0.0
810,5,10,150,46,0.0
811,5,10,150,46,0.0
812,5,10,150,46,0.0
813,5,10,150,46,0.17367331957930765
814,5,10,150,46,0.09144287629100999
815,5,10,150,46,0.276182640501858
816,5,10,150,46,0.08005612702969578
817,5,10,150,46,0.0
818,5,10,150,46,0.0
819,5,10,150,46,0.08317177110866553
820,5,10,150,46,0.041641441310299704
821,5,10,150,46,0.1716292605492022
822,5,10,150,46,0.0
823,5,10,150,46,0.3484744991282559
824,5,10,150,46,0.0
825,5,10,150,46,0.09258620685766407
826,5,10,150,46,0.0956022175683246
827,5,10,150,46,0.0
828,5,10,150,46,0.07244745602732354
829,5,10,150,46,0.10951828933634093
830,5,10,150,46,0.10053254151308513
831,5,10,150,46,0.16345709869743347
832,5,10,150,46,0.041355644490859725
833,5,10,150,46,0.18163544262425585
834,5,10,150,46,0.020919434760060668
835,5,10,150,46,0.06906773176890396
836,5,10,150,46,0.10882945376944808
837,5,10,150,46,0.0
838,5,10,150,46,0.14570435926304814
839,5,10,150,46,0.03322541746578526
840,5,10,150,46,0.3801871662468621
841,5,10,150,46,0.0
842,5,10,150,46,0.03314153504336938
843,5,10,150,46,0.1286248679193777
844,5,10,150,46,0.14767302746812566
845,5,10,150,46,0.0
846,5,10,150,46,0.3589693494122214
847,5,10,150,46,0.0
848,5,10,150,46,0.08470133879170554
849,5,10,150,46,0.08280898853927336
850,5,10,150,46,0.20069031232476098
851,5,10,150,46,0.2880876330052397
852,5,10,150,46,0.0
853,5,10,150,46,0.0
854,5,10,150,46,0.1927501585584795
855,5,10,150,46,0.0
856,5,10,150,46,0.0
857,5,10,150,46,0.0
858,5,10,150,46,0.0
859,5,10,150,46,0.0
860,5,10,150,46,0.0
861,5,10,150,46,0.09836355940276224
862,5,10,150,46,0.2297977503969254
863,5,10,150,46,0.0
864,5,10,150,46,0.3261596381532502
865,5,10,150,46,0.0
866,5,10,150,46,0.12374681498530773
867,5,10,150,46,0.23144728841354661
868,5,10,150,46,0.15570133288695318
869,5,10,150,46,0.0526955103112175
870,5,10,150,46,0.14018260679939856
871,5,10,150,46,0.18249747287530338
872,5,10,150,46,0.01624882666837855
873,5,10,150,46,0.0
874,5,10,150,46,0.06575393297476358
875,5,10,150,46,0.1923955695460413
876,5,10,150,46,0.0
877,5,10,150,46,0.03487978243545732
878,5,10,150,46,0.05586646986743032
879,5,10,150,46,0.07180913162424091
880,5,10,150,46,0.39878549148389947
881,5,10,150,46,0.3428598517830947
882,5,10,150,46,0.29563799094039583
883,5,10,150,46,0.3568032558413045
884,5,10,150,46,0.028767091820622218
885,5,10,150,46,0.11121917376889173
886,5,10,150,46,0.21252847616236653
887,5,10,150,46,0.13799276754252499
888,5,10,150,46,0.0
889,5,10,150,46,0.2987730240641177
890,5,10,150,46,0.32725369770054524
891,5,10,150,46,0.09013275514532934
892,5,10,150,46,0.43643733010013386
893,5,10,150,46,0.05014695371369417
894,5,10,150,46,0.2729528972286916
895,5,10,150,46,0.0
896,5,10,150,46,0.4367014510712451
897,5,10,150,46,0.15739436949483898
898,5,10,150,46,0.0
899,5,10,150,46,0.21007658678400884
900,5,10,150,46,0.04588516391390306
901,5,10,150,46,0.2878142452690024
902,5,10,150,46,0.025255271126572616
903,5,10,150,46,0.41985875645347737
904,5,10,150,46,0.0
905,5,10,150,46,0.08773956418811966
906,5,10,150,46,0.0
907,5,10,150,46,0.1690204277211839
908,5,10,150,46,0.1481180328050781
909,5,10,150,46,0.0
910,5,10,150,46,0.14111581018360284
911,5,10,150,46,0.056255131737875046
912,5,10,150,46,0.07877990502228673
913,5,10,150,46,0.19758280334236514
914,5,10,150,46,0.0
915,5,10,150,46,0.0
916,5,10,150,46,0.2525591779235551
917,5,10,150,46,0.0
918,5,10,150,46,0.03075712808512692
919,5,10,150,46,0.16216068938853748
920,5,10,150,46,0.26814570941777965
921,5,10,150,46,0.031742806389256244
922,5,10,150,46,0.14173941666127382
923,5,10,150,46,0.04055773390729891
924,5,10,150,46,0.09169390261753482
925,5,10,150,46,0.039791360812020615
926,5,10,150,46,0.18690891198435525
927,5,10,150,46,0.10003396940910023
928,5,10,150,46,0.18240827501780815
929,5,10,150,46,0.0753982504991096
930,5,10,150,46,0.10521482983767536
931,5,10,150,46,0.059539365700728666
932,5,10,150,46,0.347866950635595
933,5,10,150,46,0.06689539735032529
934,5,10,150,46,0.2150660281384673
935,5,10,150,46,0.0
936,5,10,150,46,0.14767880150576732
937,5,10,150,46,0.09560624946230661
938,5,10,150,46,0.08805718266853516
939,5,10,150,46,0.05231692143384187
940,5,10,150,46,0.12132811949040118
941,5,10,150,46,0.17060921827860473
942,5,10,150,46,0.0847401524123647
943,5,10,150,46,0.22430978262150467
1,5,10,150,47,0.4058715898896693
2,5,10,150,47,0.14433828292945616
3,5,10,150,47,0.08759200575528697
4,5,10,150,47,0.0
5,5,10,150,47,0.04470486007704452
6,5,10,150,47,0.04187254809446048
7,5,10,150,47,0.1849553466368852
8,5,10,150,47,0.0
9,5,10,150,47,0.0
10,5,10,150,47,0.3005733545514552
11,5,10,150,47,0.03947525607388688
12,5,10,150,47,0.0787978565107802
13,5,10,150,47,0.24210061499797453
14,5,10,150,47,0.18795160328752808
15,5,10,150,47,0.0
16,5,10,150,47,0.11062750966338458
17,5,10,150,47,0.0
18,5,10,150,47,0.17872418048185143
19,5,10,150,47,0.0
20,5,10,150,47,0.13743816645714543
21,5,10,150,47,0.1265754929129826
22,5,10,150,47,0.040815803121742565
23,5,10,150,47,0.10387012192613786
24,5,10,150,47,0.05010834716923557
25,5,10,150,47,0.23940867474021393
26,5,10,150,47,0.0
27,5,10,150,47,0.0
28,5,10,150,47,0.0
30,5,10,150,47,0.08133484538841967
31,5,10,150,47,0.11164668500969883
32,5,10,150,47,0.19519002499605084
33,5,10,150,47,0.0
34,5,10,150,47,0.0
35,5,10,150,47,0.0
37,5,10,150,47,0.08177471774917201
38,5,10,150,47,0.0
39,5,10,150,47,0.0
40,5,10,150,47,0.0
41,5,10,150,47,0.06835476917178976
42,5,10,150,47,0.08850778826764391
43,5,10,150,47,0.0
44,5,10,150,47,0.2672039079048423
45,5,10,150,47,0.0
46,5,10,150,47,0.0
47,5,10,150,47,0.0
48,5,10,150,47,0.07028063830038406
49,5,10,150,47,0.033808395438916686
52,5,10,150,47,0.0
53,5,10,150,47,0.0
54,5,10,150,47,0.0
55,5,10,150,47,0.0
56,5,10,150,47,0.11781210270929884
57,5,10,150,47,0.1318392860374695
58,5,10,150,47,0.40256699612340546
59,5,10,150,47,0.19233148606048747
60,5,10,150,47,0.1076743759411119
61,5,10,150,47,0.0
62,5,10,150,47,0.09586820699422145
63,5,10,150,47,0.0
64,5,10,150,47,0.04759023790187059
65,5,10,150,47,0.2342550150352983
66,5,10,150,47,0.0
67,5,10,150,47,0.0
68,5,10,150,47,0.0
69,5,10,150,47,0.0
70,5,10,150,47,0.0
71,5,10,150,47,0.20758456043036028
72,5,10,150,47,0.10990826949013655
73,5,10,150,47,0.05276490902632437
74,5,10,150,47,0.0
75,5,10,150,47,0.0
76,5,10,150,47,0.10633668103022985
77,5,10,150,47,0.09787979541175622
78,5,10,150,47,0.0
79,5,10,150,47,0.0
80,5,10,150,47,0.0
81,5,10,150,47,0.08878770367712427
82,5,10,150,47,0.0
83,5,10,150,47,0.07414861528507455
84,5,10,150,47,0.07550980911390262
85,5,10,150,47,0.04734112273659951
86,5,10,150,47,0.0
87,5,10,150,47,0.13890464807639166
88,5,10,150,47,0.18920035951687003
89,5,10,150,47,0.0
90,5,10,150,47,0.11641023011265045
91,5,10,150,47,0.0
92,5,10,150,47,0.03369782041898502
93,5,10,150,47,0.0
94,5,10,150,47,0.12253429761719764
95,5,10,150,47,0.07849567312219397
96,5,10,150,47,0.0
97,5,10,150,47,0.0
98,5,10,150,47,0.0
99,5,10,150,47,0.09641171098317775
100,5,10,150,47,0.0
101,5,10,150,47,0.0
102,5,10,150,47,0.0
103,5,10,150,47,0.0
104,5,10,150,47,0.33958467175585033
105,5,10,150,47,0.0
106,5,10,150,47,0.06516188295518531
107,5,10,150,47,0.0
109,5,10,150,47,0.16563719724029594
110,5,10,150,47,0.0
111,5,10,150,47,0.0
112,5,10,150,47,0.07807600999842033
113,5,10,150,47,0.0
114,5,10,150,47,0.08274602130532002
115,5,10,150,47,0.04001677477281075
116,5,10,150,47,0.0
117,5,10,150,47,0.0
118,5,10,150,47,0.16958010263680806
119,5,10,150,47,0.030181604521759563
120,5,10,150,47,0.0
121,5,10,150,47,0.13032376591037062
122,5,10,150,47,0.0
123,5,10,150,47,0.13720340769293682
124,5,10,150,47,0.0
125,5,10,150,47,0.05446333035917803
126,5,10,150,47,0.0
128,5,10,150,47,0.0
129,5,10,150,47,0.0
130,5,10,150,47,0.15174952279352721
131,5,10,150,47,0.0
132,5,10,150,47,0.0
133,5,10,150,47,0.0
134,5,10,150,47,0.0
135,5,10,150,47,0.0
136,5,10,150,47,0.0
137,5,10,150,47,0.1137075481082292
138,5,10,150,47,0.0976168253917686
139,5,10,150,47,0.0
140,5,10,150,47,0.0
141,5,10,150,47,0.0
142,5,10,150,47,0.0
143,5,10,150,47,0.0
144,5,10,150,47,0.0
145,5,10,150,47,0.17597149971119974
146,5,10,150,47,0.0
147,5,10,150,47,0.0
148,5,10,150,47,0.0
149,5,10,150,47,0.0
150,5,10,150,47,0.2640681225725909
151,5,10,150,47,0.1026571794225922
152,5,10,150,47,0.0
153,5,10,150,47,0.0
154,5,10,150,47,0.06416923277158361
155,5,10,150,47,0.0
156,5,10,150,47,0.0
157,5,10,150,47,0.0
158,5,10,150,47,0.08010006541788642
159,5,10,150,47,0.23138144801632507
160,5,10,150,47,0.1719271394881576
161,5,10,150,47,0.0
162,5,10,150,47,0.0
163,5,10,150,47,0.0
164,5,10,150,47,0.0
165,5,10,150,47,0.0
167,5,10,150,47,0.05319635904163211
168,5,10,150,47,0.0
169,5,10,150,47,0.0
170,5,10,150,47,0.0
171,5,10,150,47,0.0
173,5,10,150,47,0.0
174,5,10,150,47,0.06784586495432565
175,5,10,150,47,0.21517910082405575
176,5,10,150,47,0.06289692884934815
177,5,10,150,47,0.38113435412202
178,5,10,150,47,0.12597398707460816
179,5,10,150,47,0.09149012142095872
180,5,10,150,47,0.06228974831361337
181,5,10,150,47,0.09913210981157927
182,5,10,150,47,0.0
183,5,10,150,47,0.15101961822780524
184,5,10,150,47,0.0
185,5,10,150,47,0.0
186,5,10,150,47,0.04633132539002164
187,5,10,150,47,0.0
188,5,10,150,47,0.12925733948536566
189,5,10,150,47,0.1622220746837199
190,5,10,150,47,0.0
192,5,10,150,47,0.123151194370365
193,5,10,150,47,0.0
194,5,10,150,47,0.0
195,5,10,150,47,0.11787667935667444
196,5,10,150,47,0.0
197,5,10,150,47,0.09546043308946733
198,5,10,150,47,0.0
199,5,10,150,47,0.0
200,5,10,150,47,0.09785159463516042
201,5,10,150,47,0.0
202,5,10,150,47,0.0
203,5,10,150,47,0.0
204,5,10,150,47,0.19519002499605084
205,5,10,150,47,0.0
206,5,10,150,47,0.0
207,5,10,150,47,0.0
208,5,10,150,47,0.0
209,5,10,150,47,0.0
210,5,10,150,47,0.2167516193508568
211,5,10,150,47,0.0
213,5,10,150,47,0.08445760625486516
214,5,10,150,47,0.0
216,5,10,150,47,0.23813231172447274
217,5,10,150,47,0.0
218,5,10,150,47,0.0
219,5,10,150,47,0.0
221,5,10,150,47,0.0
222,5,10,150,47,0.1050995674008573
223,5,10,150,47,0.0
224,5,10,150,47,0.0
225,5,10,150,47,0.09077089626867633
226,5,10,150,47,0.19092086617893467
227,5,10,150,47,0.0
228,5,10,150,47,0.0
229,5,10,150,47,0.0
230,5,10,150,47,0.12683081539850163
231,5,10,150,47,0.0
232,5,10,150,47,0.03962341267285813
233,5,10,150,47,0.23172568042238212
234,5,10,150,47,0.06662199442192639
235,5,10,150,47,0.0
236,5,10,150,47,0.0
237,5,10,150,47,0.19342640361727081
238,5,10,150,47,0.0
239,5,10,150,47,0.06912040963822193
240,5,10,150,47,0.12495636102304827
241,5,10,150,47,0.0
242,5,10,150,47,0.0
243,5,10,150,47,0.0
244,5,10,150,47,0.049712302565054066
245,5,10,150,47,0.0
246,5,10,150,47,0.0561326498270945
247,5,10,150,47,0.09472348220010487
248,5,10,150,47,0.09472348220010487
249,5,10,150,47,0.056720838976548935
250,5,10,150,47,0.0
251,5,10,150,47,0.13032376591037062
252,5,10,150,47,0.20184908658209985
253,5,10,150,47,0.05725248542464807
254,5,10,150,47,0.08514311764162098
255,5,10,150,47,0.0
256,5,10,150,47,0.038925970325304815
257,5,10,150,47,0.07984133538066794
258,5,10,150,47,0.0
259,5,10,150,47,0.1239740444869306
260,5,10,150,47,0.0
261,5,10,150,47,0.0
262,5,10,150,47,0.0
263,5,10,150,47,0.0956366800683804
264,5,10,150,47,0.0
265,5,10,150,47,0.0
266,5,10,150,47,0.0
267,5,10,150,47,0.17168372277322866
268,5,10,150,47,0.049712302565054066
269,5,10,150,47,0.052962244777770985
270,5,10,150,47,0.041641441310299704
271,5,10,150,47,0.13010624216828925
272,5,10,150,47,0.08942172406547305
273,5,10,150,47,0.0
274,5,10,150,47,0.0
275,5,10,150,47,0.0
276,5,10,150,47,0.15875999922826586
277,5,10,150,47,0.0
278,5,10,150,47,0.0
279,5,10,150,47,0.1176831087193565
280,5,10,150,47,0.14324481060386993
281,5,10,150,47,0.0
282,5,10,150,47,0.0
283,5,10,150,47,0.07028063830038406
284,5,10,150,47,0.0
285,5,10,150,47,0.0
286,5,10,150,47,0.05490370618855431
287,5,10,150,47,0.0
288,5,10,150,47,0.0859574327152926
289,5,10,150,47,0.0854499779566911
290,5,10,150,47,0.07834851647149511
291,5,10,150,47,0.07828167840727236
292,5,10,150,47,0.04224853374256244
293,5,10,150,47,0.062192625389540866
294,5,10,150,47,0.0
295,5,10,150,47,0.2603201838311303
296,5,10,150,47,0.13713660166967986
297,5,10,150,47,0.0
298,5,10,150,47,0.11526165823248838
299,5,10,150,47,0.0
300,5,10,150,47,0.0
301,5,10,150,47,0.06460801587741544
302,5,10,150,47,0.09224219235917257
303,5,10,150,47,0.05745511858789652
304,5,10,150,47,0.0
305,5,10,150,47,0.11349000778741654
306,5,10,150,47,0.0
307,5,10,150,47,0.10778915452451093
308,5,10,150,47,0.13490077762666258
310,5,10,150,47,0.0
311,5,10,150,47,0.13301422444853
312,5,10,150,47,0.10985154011385527
313,5,10,150,47,0.11270402374049442
314,5,10,150,47,0.16600564593053876
315,5,10,150,47,0.0
316,5,10,150,47,0.0
317,5,10,150,47,0.0
318,5,10,150,47,0.13567671906468678
319,5,10,150,47,0.0
320,5,10,150,47,0.13927874459665815
321,5,10,150,47,0.0
322,5,10,150,47,0.0
323,5,10,150,47,0.1610425878239398
324,5,10,150,47,0.0
325,5,10,150,47,0.09092803061897883
326,5,10,150,47,0.027288805847552652
327,5,10,150,47,0.025410386140327024
328,5,10,150,47,0.09206364236149692
329,5,10,150,47,0.0
330,5,10,150,47,0.07197991643202278
331,5,10,150,47,0.0
332,5,10,150,47,0.09320485889859448
334,5,10,150,47,0.0
335,5,10,150,47,0.0
336,5,10,150,47,0.0780824078938463
337,5,10,150,47,0.0
338,5,10,150,47,0.07132875491150918
339,5,10,150,47,0.1664336467304897
340,5,10,150,47,0.0
341,5,10,150,47,0.0
342,5,10,150,47,0.31341134215401556
343,5,10,150,47,0.09229649639444802
344,5,10,150,47,0.1202034973803211
345,5,10,150,47,0.18015355216717013
346,5,10,150,47,0.04366879852493834
347,5,10,150,47,0.22280620320442554
348,5,10,150,47,0.0
349,5,10,150,47,0.0
350,5,10,150,47,0.058087171966128066
351,5,10,150,47,0.0
352,5,10,150,47,0.1903601622684853
353,5,10,150,47,0.14434031438272124
354,5,10,150,47,0.06335619058732639
355,5,10,150,47,0.0
356,5,10,150,47,0.0
357,5,10,150,47,0.0
358,5,10,150,47,0.06364028872631156
359,5,10,150,47,0.3010299956639812
360,5,10,150,47,0.12982031659526816
361,5,10,150,47,0.09478836436955078
362,5,10,150,47,0.0
363,5,10,150,47,0.22463865489880525
364,5,10,150,47,0.0
365,5,10,150,47,0.0
366,5,10,150,47,0.0
367,5,10,150,47,0.0
368,5,10,150,47,0.0
369,5,10,150,47,0.0
370,5,10,150,47,0.0
371,5,10,150,47,0.14056872705605022
372,5,10,150,47,0.15130120674940672
373,5,10,150,47,0.22842722979011518
374,5,10,150,47,0.07472550252128253
375,5,10,150,47,0.0
376,5,10,150,47,0.0
377,5,10,150,47,0.0
378,5,10,150,47,0.12028809946908156
379,5,10,150,47,0.08433239722469389
380,5,10,150,47,0.0
381,5,10,150,47,0.0
382,5,10,150,47,0.09952375175972906
383,5,10,150,47,0.040815803121742565
384,5,10,150,47,0.0
385,5,10,150,47,0.0
386,5,10,150,47,0.0
387,5,10,150,47,0.08586571489348302
388,5,10,150,47,0.0
389,5,10,150,47,0.09284203700798714
390,5,10,150,47,0.0
391,5,10,150,47,0.11245246430543061
392,5,10,150,47,0.11004588314904008
393,5,10,150,47,0.13905017234864778
394,5,10,150,47,0.16570616085215287
395,5,10,150,47,0.0
396,5,10,150,47,0.0
397,5,10,150,47,0.11004588314904008
398,5,10,150,47,0.28368572779044043
399,5,10,150,47,0.026175882249243814
400,5,10,150,47,0.0
401,5,10,150,47,0.02839245759615368
402,5,10,150,47,0.0
403,5,10,150,47,0.2529427027676571
404,5,10,150,47,0.0
405,5,10,150,47,0.04066576303286073
406,5,10,150,47,0.06451793608519651
407,5,10,150,47,0.09046795885890169
408,5,10,150,47,0.09983719697789138
409,5,10,150,47,0.0334374913847135
410,5,10,150,47,0.0
411,5,10,150,47,0.17342765698823945
412,5,10,150,47,0.0
413,5,10,150,47,0.0
414,5,10,150,47,0.21398626473452756
415,5,10,150,47,0.0
416,5,10,150,47,0.13913835144937814
417,5,10,150,47,0.11088189053445036
419,5,10,150,47,0.30260241349881345
420,5,10,150,47,0.05478392673173268
421,5,10,150,47,0.0
422,5,10,150,47,0.0
423,5,10,150,47,0.08440880858250024
424,5,10,150,47,0.0
425,5,10,150,47,0.2082843711703412
426,5,10,150,47,0.13571943816109763
427,5,10,150,47,0.0
428,5,10,150,47,0.0
429,5,10,150,47,0.14595188138584747
430,5,10,150,47,0.1261446714466394
431,5,10,150,47,0.0
432,5,10,150,47,0.0
433,5,10,150,47,0.0
434,5,10,150,47,0.3903800499921017
435,5,10,150,47,0.09964084501257568
436,5,10,150,47,0.08868088264964148
437,5,10,150,47,0.22972973128433707
438,5,10,150,47,0.0
439,5,10,150,47,0.0
440,5,10,150,47,0.06175696970122604
441,5,10,150,47,0.0
442,5,10,150,47,0.0
443,5,10,150,47,0.0
445,5,10,150,47,0.0
446,5,10,150,47,0.0
447,5,10,150,47,0.24290422668756767
448,5,10,150,47,0.0
449,5,10,150,47,0.04403205443910179
450,5,10,150,47,0.21658927651125892
451,5,10,150,47,0.0
452,5,10,150,47,0.07830573469972951
453,5,10,150,47,0.029956785715628154
454,5,10,150,47,0.0
455,5,10,150,47,0.0
456,5,10,150,47,0.07758828619721583
457,5,10,150,47,0.29418445531213994
458,5,10,150,47,0.04507276838148142
459,5,10,150,47,0.0
460,5,10,150,47,0.0
461,5,10,150,47,0.0
462,5,10,150,47,0.0
463,5,10,150,47,0.0
464,5,10,150,47,0.0
465,5,10,150,47,0.0
466,5,10,150,47,0.03947525607388688
467,5,10,150,47,0.1436337620239326
468,5,10,150,47,0.25116683884278784
469,5,10,150,47,0.0
470,5,10,150,47,0.0
471,5,10,150,47,0.0
472,5,10,150,47,0.13139503164087882
473,5,10,150,47,0.08754031530847717
474,5,10,150,47,0.30076261759159395
475,5,10,150,47,0.06516188295518531
476,5,10,150,47,0.0
477,5,10,150,47,0.055100238151135045
478,5,10,150,47,0.23782833255689273
479,5,10,150,47,0.07834096783470737
480,5,10,150,47,0.21398626473452756
481,5,10,150,47,0.13863671367752411
482,5,10,150,47,0.0
483,5,10,150,47,0.06912040963822193
484,5,10,150,47,0.09353062527112192
485,5,10,150,47,0.0
486,5,10,150,47,0.0877209484781505
487,5,10,150,47,0.19674990380650584
488,5,10,150,47,0.0
489,5,10,150,47,0.0
490,5,10,150,47,0.0
491,5,10,150,47,0.19092086617893467
492,5,10,150,47,0.12471554514794539
493,5,10,150,47,0.0
494,5,10,150,47,0.0
495,5,10,150,47,0.11868174655260626
496,5,10,150,47,0.05459112561892713
497,5,10,150,47,0.0
498,5,10,150,47,0.03855307727568851
499,5,10,150,47,0.1912282106369008
500,5,10,150,47,0.03148908318001809
501,5,10,150,47,0.0
502,5,10,150,47,0.06364028872631156
503,5,10,150,47,0.1894044290456616
504,5,10,150,47,0.0
505,5,10,150,47,0.0
506,5,10,150,47,0.10589517949214913
507,5,10,150,47,0.0
508,5,10,150,47,0.0
509,5,10,150,47,0.06474271459046577
510,5,10,150,47,0.0
511,5,10,150,47,0.0
512,5,10,150,47,0.18316925091363362
513,5,10,150,47,0.0
514,5,10,150,47,0.10595566933616397
515,5,10,150,47,0.0
516,5,10,150,47,0.0
517,5,10,150,47,0.042259191411409554
518,5,10,150,47,0.0
519,5,10,150,47,0.0
520,5,10,150,47,0.0
521,5,10,150,47,0.0
522,5,10,150,47,0.0
523,5,10,150,47,0.0316088333445714
524,5,10,150,47,0.0833528223657477
525,5,10,150,47,0.0
526,5,10,150,47,0.03227932543520417
527,5,10,150,47,0.12265062558661
528,5,10,150,47,0.14110144150616766
529,5,10,150,47,0.0
530,5,10,150,47,0.0
531,5,10,150,47,0.0
532,5,10,150,47,0.016552362338872865
533,5,10,150,47,0.13278848859166625
534,5,10,150,47,0.04084531701587904
535,5,10,150,47,0.23945874281261442
536,5,10,150,47,0.23620378562439379
537,5,10,150,47,0.39163778059048465
538,5,10,150,47,0.0
539,5,10,150,47,0.11414433776026256
540,5,10,150,47,0.0
541,5,10,150,47,0.12534926568386062
542,5,10,150,47,0.12627825946936164
543,5,10,150,47,0.0
544,5,10,150,47,0.0
545,5,10,150,47,0.052962244777770985
546,5,10,150,47,0.15314106296495628
547,5,10,150,47,0.0
548,5,10,150,47,0.0369180152329196
549,5,10,150,47,0.0
550,5,10,150,47,0.04579340374561851
551,5,10,150,47,0.2503654686540638
552,5,10,150,47,0.0
553,5,10,150,47,0.16102243342487008
554,5,10,150,47,0.16600564593053876
555,5,10,150,47,0.0
556,5,10,150,47,0.08876245163110816
557,5,10,150,47,0.0
558,5,10,150,47,0.0
559,5,10,150,47,0.0734773909038217
560,5,10,150,47,0.2179777837196921
561,5,10,150,47,0.0
562,5,10,150,47,0.034743705427429224
563,5,10,150,47,0.0
564,5,10,150,47,0.0
565,5,10,150,47,0.10523285614729473
566,5,10,150,47,0.13665387068436016
567,5,10,150,47,0.13463074517970205
568,5,10,150,47,0.029041021384678276
569,5,10,150,47,0.0
570,5,10,150,47,0.0
571,5,10,150,47,0.0
572,5,10,150,47,0.058995070558427745
573,5,10,150,47,0.0
574,5,10,150,47,0.04185567464896701
575,5,10,150,47,0.0
576,5,10,150,47,0.17342765698823945
577,5,10,150,47,0.20619661189599137
578,5,10,150,47,0.04948635088108649
579,5,10,150,47,0.0
580,5,10,150,47,0.10209739512291163
581,5,10,150,47,0.0
582,5,10,150,47,0.028361369701356044
583,5,10,150,47,0.04579340374561851
584,5,10,150,47,0.0
585,5,10,150,47,0.0
586,5,10,150,47,0.07482758161941112
587,5,10,150,47,0.0
588,5,10,150,47,0.1889875327190715
589,5,10,150,47,0.0
590,5,10,150,47,0.18511573258657482
591,5,10,150,47,0.15758427078022966
592,5,10,150,47,0.27437623377164155
593,5,10,150,47,0.15257268888187236
594,5,10,150,47,0.0843142342558857
595,5,10,150,47,0.0
596,5,10,150,47,0.0
597,5,10,150,47,0.0
598,5,10,150,47,0.11752277470724268
599,5,10,150,47,0.12482439971749086
600,5,10,150,47,0.0
601,5,10,150,47,0.026557570376145638
602,5,10,150,47,0.0
603,5,10,150,47,0.06194403202282284
604,5,10,150,47,0.0
605,5,10,150,47,0.07677414822537214
606,5,10,150,47,0.2138150508755678
607,5,10,150,47,0.0
608,5,10,150,47,0.126140293880171
609,5,10,150,47,0.11838279295536291
610,5,10,150,47,0.0
611,5,10,150,47,0.03927158715985786
612,5,10,150,47,0.0
613,5,10,150,47,0.15130120674940672
614,5,10,150,47,0.13886244387355454
615,5,10,150,47,0.0642412844378317
616,5,10,150,47,0.09781579202094404
617,5,10,150,47,0.03804989622115975
618,5,10,150,47,0.13693830900397266
619,5,10,150,47,0.1303945739341477
620,5,10,150,47,0.10964161607630166
621,5,10,150,47,0.13589759152345549
622,5,10,150,47,0.11847019318416795
623,5,10,150,47,0.050143326786652107
624,5,10,150,47,0.019160322430058573
625,5,10,150,47,0.0
626,5,10,150,47,0.04690797720830594
627,5,10,150,47,0.04289205981312439
628,5,10,150,47,0.0
629,5,10,150,47,0.16098909010547607
630,5,10,150,47,0.09942460513010813
631,5,10,150,47,0.09240791929215005
632,5,10,150,47,0.29858330142272127
633,5,10,150,47,0.0455520698635181
634,5,10,150,47,0.023756977677906275
635,5,10,150,47,0.039407921945699885
636,5,10,150,47,0.0
637,5,10,150,47,0.0
638,5,10,150,47,0.15473934503245962
639,5,10,150,47,0.0
640,5,10,150,47,0.0637867864178444
641,5,10,150,47,0.0
642,5,10,150,47,0.11689769316560072
643,5,10,150,47,0.15308385735046479
644,5,10,150,47,0.0
645,5,10,150,47,0.1856947245529553
646,5,10,150,47,0.0
647,5,10,150,47,0.03673869545191085
648,5,10,150,47,0.06368850361516104
649,5,10,150,47,0.0
650,5,10,150,47,0.030707274681861272
651,5,10,150,47,0.0
652,5,10,150,47,0.0
653,5,10,150,47,0.04621853107298973
654,5,10,150,47,0.1521155994897412
655,5,10,150,47,0.2536116127046732
656,5,10,150,47,0.0
657,5,10,150,47,0.053845569940583225
658,5,10,150,47,0.0
659,5,10,150,47,0.0669186033769647
660,5,10,150,47,0.0
661,5,10,150,47,0.12705991527984942
662,5,10,150,47,0.0
663,5,10,150,47,0.07874514948204092
664,5,10,150,47,0.05391021349625259
665,5,10,150,47,0.0
666,5,10,150,47,0.08086588698664776
667,5,10,150,47,0.23495437216186538
668,5,10,150,47,0.0
669,5,10,150,47,0.25001448888650357
670,5,10,150,47,0.15539533467551025
671,5,10,150,47,0.17434206503696043
672,5,10,150,47,0.0
673,5,10,150,47,0.0
674,5,10,150,47,0.0
675,5,10,150,47,0.05010834716923557
676,5,10,150,47,0.0
677,5,10,150,47,0.03927489746221688
678,5,10,150,47,0.0
679,5,10,150,47,0.26970586372388394
680,5,10,150,47,0.2073612289146658
681,5,10,150,47,0.0
682,5,10,150,47,0.13049596264555427
683,5,10,150,47,0.06289349548893712
684,5,10,150,47,0.0
685,5,10,150,47,0.0
686,5,10,150,47,0.08962483220812449
687,5,10,150,47,0.0
688,5,10,150,47,0.0
689,5,10,150,47,0.32436268379537736
690,5,10,150,47,0.0
691,5,10,150,47,0.0
692,5,10,150,47,0.0
693,5,10,150,47,0.0
694,5,10,150,47,0.20269611984358588
695,5,10,150,47,0.0
696,5,10,150,47,0.12935879342602336
697,5,10,150,47,0.06378035696304758
698,5,10,150,47,0.09499131598480672
699,5,10,150,47,0.0
700,5,10,150,47,0.16958010263680806
701,5,10,150,47,0.04129602134854855
702,5,10,150,47,0.0
703,5,10,150,47,0.03870447337439288
704,5,10,150,47,0.059927504920695866
705,5,10,150,47,0.128262164895328
706,5,10,150,47,0.0
707,5,10,150,47,0.11253687365955775
708,5,10,150,47,0.06058075640309377
709,5,10,150,47,0.10371915894912967
710,5,10,150,47,0.05710411178654767
711,5,10,150,47,0.15271307013429553
712,5,10,150,47,0.1068936442464933
713,5,10,150,47,0.0
714,5,10,150,47,0.04195229264874745
715,5,10,150,47,0.07982570428533202
716,5,10,150,47,0.19760160846526606
717,5,10,150,47,0.1671511698578214
718,5,10,150,47,0.07108348368841133
719,5,10,150,47,0.11614257564286637
720,5,10,150,47,0.05261577455142312
721,5,10,150,47,0.11189322912733823
722,5,10,150,47,0.0
723,5,10,150,47,0.0
724,5,10,150,47,0.0
725,5,10,150,47,0.05750402108673013
726,5,10,150,47,0.2529427027676571
727,5,10,150,47,0.10930597936731908
728,5,10,150,47,0.0
729,5,10,150,47,0.0
730,5,10,150,47,0.0
731,5,10,150,47,0.04466441818602386
732,5,10,150,47,0.0
733,5,10,150,47,0.0
734,5,10,150,47,0.0655813061736612
735,5,10,150,47,0.0
736,5,10,150,47,0.0
737,5,10,150,47,0.16282663249631943
738,5,10,150,47,0.24803970741351278
739,5,10,150,47,0.0
740,5,10,150,47,0.0
741,5,10,150,47,0.10965210684801945
742,5,10,150,47,0.04553761034739079
743,5,10,150,47,0.04224853374256244
744,5,10,150,47,0.08878770367712427
745,5,10,150,47,0.3682049230943936
746,5,10,150,47,0.11450296808588954
747,5,10,150,47,0.35734979830171787
748,5,10,150,47,0.1946257849561795
749,5,10,150,47,0.16014620838507576
750,5,10,150,47,0.07219614103266732
751,5,10,150,47,0.057413875773297235
752,5,10,150,47,0.020210299806331135
753,5,10,150,47,0.15406810205846871
754,5,10,150,47,0.0
755,5,10,150,47,0.0
756,5,10,150,47,0.03828357334999627
757,5,10,150,47,0.029554892684767787
758,5,10,150,47,0.1864252353823571
759,5,10,150,47,0.038281751104512325
760,5,10,150,47,0.11447590313611888
761,5,10,150,47,0.03339755935325358
762,5,10,150,47,0.11568388634051256
763,5,10,150,47,0.20859185628046678
764,5,10,150,47,0.08207588022692468
765,5,10,150,47,0.0
766,5,10,150,47,0.05835875122679506
767,5,10,150,47,0.2073612289146658
768,5,10,150,47,0.07655078846581868
769,5,10,150,47,0.0
770,5,10,150,47,0.02392217794381651
771,5,10,150,47,0.10700326704282045
772,5,10,150,47,0.03353522641880846
773,5,10,150,47,0.09510032006213048
774,5,10,150,47,0.03654443234798195
775,5,10,150,47,0.0
776,5,10,150,47,0.0949413284627631
777,5,10,150,47,0.14445412169961394
778,5,10,150,47,0.0
779,5,10,150,47,0.05878132199396477
780,5,10,150,47,0.04759023790187059
781,5,10,150,47,0.21898681539091044
782,5,10,150,47,0.015522912158152052
783,5,10,150,47,0.0
784,5,10,150,47,0.0
785,5,10,150,47,0.048159222084064895
786,5,10,150,47,0.13370327844286975
787,5,10,150,47,0.0683037314796457
788,5,10,150,47,0.21693109892580176
789,5,10,150,47,0.059109628562248356
790,5,10,150,47,0.08126924903647528
791,5,10,150,47,0.0
792,5,10,150,47,0.0
793,5,10,150,47,0.0
794,5,10,150,47,0.19607400121987484
795,5,10,150,47,0.11936492173235258
796,5,10,150,47,0.39822690153487766
797,5,10,150,47,0.09030583455080088
798,5,10,150,47,0.12037338357796767
799,5,10,150,47,0.0
800,5,10,150,47,0.0
801,5,10,150,47,0.0
802,5,10,150,47,0.030863419558816
803,5,10,150,47,0.0
804,5,10,150,47,0.16852592849063458
805,5,10,150,47,0.1338354461921567
806,5,10,150,47,0.1594376320415366
807,5,10,150,47,0.19923394700512642
808,5,10,150,47,0.0
809,5,10,150,47,0.0
810,5,10,150,47,0.0
811,5,10,150,47,0.0
812,5,10,150,47,0.0
813,5,10,150,47,0.17367331957930765
814,5,10,150,47,0.09144287629100999
815,5,10,150,47,0.2721837319699541
816,5,10,150,47,0.08005612702969578
817,5,10,150,47,0.0
818,5,10,150,47,0.0
819,5,10,150,47,0.08317177110866553
820,5,10,150,47,0.041641441310299704
821,5,10,150,47,0.1716292605492022
822,5,10,150,47,0.0
823,5,10,150,47,0.34342886104911113
824,5,10,150,47,0.0
825,5,10,150,47,0.09124563102760119
826,5,10,150,47,0.0956022175683246
827,5,10,150,47,0.0
828,5,10,150,47,0.07244745602732354
829,5,10,150,47,0.12787060701838374
830,5,10,150,47,0.10053254151308513
831,5,10,150,47,0.16345709869743347
832,5,10,150,47,0.041355644490859725
833,5,10,150,47,0.17900550353798153
834,5,10,150,47,0.020919434760060668
835,5,10,150,47,0.082546902593288
836,5,10,150,47,0.10882945376944808
837,5,10,150,47,0.0
838,5,10,150,47,0.14570435926304814
839,5,10,150,47,0.05646784228340616
840,5,10,150,47,0.3746823535618131
841,5,10,150,47,0.0
842,5,10,150,47,0.03314153504336938
843,5,10,150,47,0.12676248047604252
844,5,10,150,47,0.14767302746812566
845,5,10,150,47,0.0
846,5,10,150,47,0.35377175411279177
847,5,10,150,47,0.0
848,5,10,150,47,0.08347492968162407
849,5,10,150,47,0.08280898853927336
850,5,10,150,47,0.20069031232476098
851,5,10,150,47,0.2839163494970972
852,5,10,150,47,0.0
853,5,10,150,47,0.0
854,5,10,150,47,0.1899592870823262
855,5,10,150,47,0.0
856,5,10,150,47,0.0
857,5,10,150,47,0.0
858,5,10,150,47,0.0
859,5,10,150,47,0.0
860,5,10,150,47,0.0
861,5,10,150,47,0.09836355940276224
862,5,10,150,47,0.22647045877930322
863,5,10,150,47,0.0
864,5,10,150,47,0.32143710180048135
865,5,10,150,47,0.0
866,5,10,150,47,0.12374681498530773
867,5,10,150,47,0.23144728841354661
868,5,10,150,47,0.15344689941720635
869,5,10,150,47,0.0526955103112175
870,5,10,150,47,0.1381528723405781
871,5,10,150,47,0.17985505226550028
872,5,10,150,47,0.01624882666837855
873,5,10,150,47,0.0
874,5,10,150,47,0.06575393297476358
875,5,10,150,47,0.1923955695460413
876,5,10,150,47,0.0
877,5,10,150,47,0.03487978243545732
878,5,10,150,47,0.055057567097168345
879,5,10,150,47,0.07180913162424091
880,5,10,150,47,0.3930113896019105
881,5,10,150,47,0.3378955094042568
882,5,10,150,47,0.2913573841572243
883,5,10,150,47,0.3516370238818947
884,5,10,150,47,0.028767091820622218
885,5,10,150,47,0.1096088071575524
886,5,10,150,47,0.2239304476605878
887,5,10,150,47,0.1359947402426769
888,5,10,150,47,0.0
889,5,10,150,47,0.2944470244543606
890,5,10,150,47,0.32251532022159213
891,5,10,150,47,0.09013275514532934
892,5,10,150,47,0.4301180590561341
893,5,10,150,47,0.05014695371369417
894,5,10,150,47,0.2690007528522301
895,5,10,150,47,0.0
896,5,10,150,47,0.43037835576224837
897,5,10,150,47,0.15511542217974764
898,5,10,150,47,0.0
899,5,10,150,47,0.20703484218443044
900,5,10,150,47,0.04588516391390306
901,5,10,150,47,0.2836469202013649
902,5,10,150,47,0.025255271126572616
903,5,10,150,47,0.4137795301837688
904,5,10,150,47,0.0
905,5,10,150,47,0.08773956418811966
906,5,10,150,47,0.0
907,5,10,150,47,0.1665731441799298
908,5,10,150,47,0.1481180328050781
909,5,10,150,47,0.0
910,5,10,150,47,0.14111581018360284
911,5,10,150,47,0.05544060144784237
912,5,10,150,47,0.07877990502228673
913,5,10,150,47,0.19472195895110456
914,5,10,150,47,0.0
915,5,10,150,47,0.0
916,5,10,150,47,0.24890231864531107
917,5,10,150,47,0.0
918,5,10,150,47,0.030311788936754024
919,5,10,150,47,0.159812729490852
920,5,10,150,47,0.26814570941777965
921,5,10,150,47,0.03128319539029587
922,5,10,150,47,0.13968714081379877
923,5,10,150,47,0.03997048965522762
924,5,10,150,47,0.09036624665467441
925,5,10,150,47,0.039791360812020615
926,5,10,150,47,0.18690891198435525
927,5,10,150,47,0.09858555580488756
928,5,10,150,47,0.18240827501780815
929,5,10,150,47,0.0753982504991096
930,5,10,150,47,0.103691401428286
931,5,10,150,47,0.059539365700728666
932,5,10,150,47,0.35730932692072676
933,5,10,150,47,0.0659268043398333
934,5,10,150,47,0.22643125786961396
935,5,10,150,47,0.0
936,5,10,150,47,0.14554052801308998
937,5,10,150,47,0.09560624946230661
938,5,10,150,47,0.08678218356493922
939,5,10,150,47,0.05231692143384187
940,5,10,150,47,0.11957138325488546
941,5,10,150,47,0.17060921827860473
942,5,10,150,47,0.08351318131142628
943,5,10,150,47,0.22106195248314153
1,5,10,150,48,0.4058715898896693
2,5,10,150,48,0.14433828292945616
3,5,10,150,48,0.08759200575528697
4,5,10,150,48,0.0
5,5,10,150,48,0.04470486007704452
6,5,10,150,48,0.04187254809446048
7,5,10,150,48,0.1849553466368852
8,5,10,150,48,0.0
9,5,10,150,48,0.0
10,5,10,150,48,0.3005733545514552
11,5,10,150,48,0.03947525607388688
12,5,10,150,48,0.0787978565107802
13,5,10,150,48,0.23866326609838634
14,5,10,150,48,0.18795160328752808
15,5,10,150,48,0.0
16,5,10,150,48,0.11062750966338458
17,5,10,150,48,0.0
18,5,10,150,48,0.17872418048185143
19,5,10,150,48,0.0
20,5,10,150,48,0.13743816645714543
21,5,10,150,48,0.1265754929129826
22,5,10,150,48,0.040815803121742565
23,5,10,150,48,0.10387012192613786
24,5,10,150,48,0.05010834716923557
25,5,10,150,48,0.23940867474021393
26,5,10,150,48,0.0
27,5,10,150,48,0.0
28,5,10,150,48,0.0
30,5,10,150,48,0.08133484538841967
31,5,10,150,48,0.11164668500969883
32,5,10,150,48,0.19519002499605084
33,5,10,150,48,0.0
34,5,10,150,48,0.0
35,5,10,150,48,0.0
37,5,10,150,48,0.08177471774917201
38,5,10,150,48,0.0
39,5,10,150,48,0.0
40,5,10,150,48,0.0
41,5,10,150,48,0.06835476917178976
42,5,10,150,48,0.08850778826764391
43,5,10,150,48,0.0
44,5,10,150,48,0.2672039079048423
45,5,10,150,48,0.0
46,5,10,150,48,0.0
47,5,10,150,48,0.0
48,5,10,150,48,0.07028063830038406
49,5,10,150,48,0.033808395438916686
52,5,10,150,48,0.0
53,5,10,150,48,0.0
54,5,10,150,48,0.0
55,5,10,150,48,0.0
56,5,10,150,48,0.11781210270929884
57,5,10,150,48,0.1318392860374695
58,5,10,150,48,0.40256699612340546
59,5,10,150,48,0.19233148606048747
60,5,10,150,48,0.1076743759411119
61,5,10,150,48,0.0
62,5,10,150,48,0.09586820699422145
63,5,10,150,48,0.0
64,5,10,150,48,0.04759023790187059
65,5,10,150,48,0.2342550150352983
66,5,10,150,48,0.0
67,5,10,150,48,0.0
68,5,10,150,48,0.0
69,5,10,150,48,0.0
70,5,10,150,48,0.0
71,5,10,150,48,0.20758456043036028
72,5,10,150,48,0.10990826949013655
73,5,10,150,48,0.05276490902632437
74,5,10,150,48,0.0
75,5,10,150,48,0.0
76,5,10,150,48,0.10633668103022985
77,5,10,150,48,0.09787979541175622
78,5,10,150,48,0.0
79,5,10,150,48,0.0
80,5,10,150,48,0.0
81,5,10,150,48,0.08878770367712427
82,5,10,150,48,0.0
83,5,10,150,48,0.07414861528507455
84,5,10,150,48,0.07550980911390262
85,5,10,150,48,0.04734112273659951
86,5,10,150,48,0.0
87,5,10,150,48,0.13890464807639166
88,5,10,150,48,0.18920035951687003
89,5,10,150,48,0.0
90,5,10,150,48,0.11641023011265045
91,5,10,150,48,0.0
92,5,10,150,48,0.03369782041898502
93,5,10,150,48,0.0
94,5,10,150,48,0.12253429761719764
95,5,10,150,48,0.07849567312219397
96,5,10,150,48,0.0
97,5,10,150,48,0.0
98,5,10,150,48,0.0
99,5,10,150,48,0.09641171098317775
100,5,10,150,48,0.0
101,5,10,150,48,0.0
102,5,10,150,48,0.0
103,5,10,150,48,0.0
104,5,10,150,48,0.33958467175585033
105,5,10,150,48,0.0
106,5,10,150,48,0.06516188295518531
107,5,10,150,48,0.0
109,5,10,150,48,0.16563719724029594
110,5,10,150,48,0.0
111,5,10,150,48,0.0
112,5,10,150,48,0.07807600999842033
113,5,10,150,48,0.0
114,5,10,150,48,0.08274602130532002
115,5,10,150,48,0.04001677477281075
116,5,10,150,48,0.0
117,5,10,150,48,0.0
118,5,10,150,48,0.16958010263680806
119,5,10,150,48,0.030181604521759563
120,5,10,150,48,0.0
121,5,10,150,48,0.13032376591037062
122,5,10,150,48,0.0
123,5,10,150,48,0.13720340769293682
124,5,10,150,48,0.0
125,5,10,150,48,0.05446333035917803
126,5,10,150,48,0.0
128,5,10,150,48,0.0
129,5,10,150,48,0.0
130,5,10,150,48,0.15174952279352721
131,5,10,150,48,0.0
132,5,10,150,48,0.0
133,5,10,150,48,0.0
134,5,10,150,48,0.0
135,5,10,150,48,0.0
136,5,10,150,48,0.0
137,5,10,150,48,0.1137075481082292
138,5,10,150,48,0.0976168253917686
139,5,10,150,48,0.0
140,5,10,150,48,0.0
141,5,10,150,48,0.0
142,5,10,150,48,0.0
143,5,10,150,48,0.0
144,5,10,150,48,0.0
145,5,10,150,48,0.17597149971119974
146,5,10,150,48,0.0
147,5,10,150,48,0.0
148,5,10,150,48,0.0
149,5,10,150,48,0.0
150,5,10,150,48,0.2640681225725909
151,5,10,150,48,0.1026571794225922
152,5,10,150,48,0.0
153,5,10,150,48,0.0
154,5,10,150,48,0.06416923277158361
155,5,10,150,48,0.0
156,5,10,150,48,0.0
157,5,10,150,48,0.0
158,5,10,150,48,0.08010006541788642
159,5,10,150,48,0.23138144801632507
160,5,10,150,48,0.1719271394881576
161,5,10,150,48,0.0
162,5,10,150,48,0.0
163,5,10,150,48,0.0
164,5,10,150,48,0.0
165,5,10,150,48,0.0
167,5,10,150,48,0.05319635904163211
168,5,10,150,48,0.0
169,5,10,150,48,0.0
170,5,10,150,48,0.0
171,5,10,150,48,0.0
173,5,10,150,48,0.0
174,5,10,150,48,0.06784586495432565
175,5,10,150,48,0.21517910082405575
176,5,10,150,48,0.06289692884934815
177,5,10,150,48,0.38113435412202
178,5,10,150,48,0.12597398707460816
179,5,10,150,48,0.09149012142095872
180,5,10,150,48,0.06228974831361337
181,5,10,150,48,0.09913210981157927
182,5,10,150,48,0.0
183,5,10,150,48,0.15101961822780524
184,5,10,150,48,0.0
185,5,10,150,48,0.0
186,5,10,150,48,0.04633132539002164
187,5,10,150,48,0.0
188,5,10,150,48,0.12925733948536566
189,5,10,150,48,0.1622220746837199
190,5,10,150,48,0.0
192,5,10,150,48,0.123151194370365
193,5,10,150,48,0.0
194,5,10,150,48,0.0
195,5,10,150,48,0.11787667935667444
196,5,10,150,48,0.0
197,5,10,150,48,0.09546043308946733
198,5,10,150,48,0.0
199,5,10,150,48,0.0
200,5,10,150,48,0.09785159463516042
201,5,10,150,48,0.0
202,5,10,150,48,0.0
203,5,10,150,48,0.0
204,5,10,150,48,0.19519002499605084
205,5,10,150,48,0.0
206,5,10,150,48,0.0
207,5,10,150,48,0.0
208,5,10,150,48,0.0
209,5,10,150,48,0.0
210,5,10,150,48,0.2167516193508568
211,5,10,150,48,0.0
213,5,10,150,48,0.08445760625486516
214,5,10,150,48,0.0
216,5,10,150,48,0.23813231172447274
217,5,10,150,48,0.0
218,5,10,150,48,0.0
219,5,10,150,48,0.0
221,5,10,150,48,0.0
222,5,10,150,48,0.1050995674008573
223,5,10,150,48,0.0
224,5,10,150,48,0.0
225,5,10,150,48,0.09077089626867633
226,5,10,150,48,0.19092086617893467
227,5,10,150,48,0.0
228,5,10,150,48,0.0
229,5,10,150,48,0.0
230,5,10,150,48,0.12683081539850163
231,5,10,150,48,0.0
232,5,10,150,48,0.03962341267285813
233,5,10,150,48,0.23172568042238212
234,5,10,150,48,0.06662199442192639
235,5,10,150,48,0.0
236,5,10,150,48,0.0
237,5,10,150,48,0.19342640361727081
238,5,10,150,48,0.0
239,5,10,150,48,0.06912040963822193
240,5,10,150,48,0.12495636102304827
241,5,10,150,48,0.0
242,5,10,150,48,0.0
243,5,10,150,48,0.0
244,5,10,150,48,0.049712302565054066
245,5,10,150,48,0.0
246,5,10,150,48,0.0561326498270945
247,5,10,150,48,0.09472348220010487
248,5,10,150,48,0.09472348220010487
249,5,10,150,48,0.056720838976548935
250,5,10,150,48,0.0
251,5,10,150,48,0.13032376591037062
252,5,10,150,48,0.20184908658209985
253,5,10,150,48,0.05725248542464807
254,5,10,150,48,0.08514311764162098
255,5,10,150,48,0.0
256,5,10,150,48,0.038925970325304815
257,5,10,150,48,0.07984133538066794
258,5,10,150,48,0.0
259,5,10,150,48,0.1239740444869306
260,5,10,150,48,0.0
261,5,10,150,48,0.0
262,5,10,150,48,0.0
263,5,10,150,48,0.0956366800683804
264,5,10,150,48,0.0
265,5,10,150,48,0.0
266,5,10,150,48,0.0
267,5,10,150,48,0.17168372277322866
268,5,10,150,48,0.049712302565054066
269,5,10,150,48,0.052962244777770985
270,5,10,150,48,0.041641441310299704
271,5,10,150,48,0.13010624216828925
272,5,10,150,48,0.08942172406547305
273,5,10,150,48,0.0
274,5,10,150,48,0.0
275,5,10,150,48,0.0
276,5,10,150,48,0.15875999922826586
277,5,10,150,48,0.0
278,5,10,150,48,0.0
279,5,10,150,48,0.13251633524111026
280,5,10,150,48,0.14324481060386993
281,5,10,150,48,0.0
282,5,10,150,48,0.0
283,5,10,150,48,0.07028063830038406
284,5,10,150,48,0.0
285,5,10,150,48,0.0
286,5,10,150,48,0.05490370618855431
287,5,10,150,48,0.0
288,5,10,150,48,0.0859574327152926
289,5,10,150,48,0.16903020543979225
290,5,10,150,48,0.07834851647149511
291,5,10,150,48,0.07828167840727236
292,5,10,150,48,0.04224853374256244
293,5,10,150,48,0.062192625389540866
294,5,10,150,48,0.0
295,5,10,150,48,0.2603201838311303
296,5,10,150,48,0.13713660166967986
297,5,10,150,48,0.0
298,5,10,150,48,0.16915623549474385
299,5,10,150,48,0.0
300,5,10,150,48,0.0
301,5,10,150,48,0.06460801587741544
302,5,10,150,48,0.09224219235917257
303,5,10,150,48,0.05745511858789652
304,5,10,150,48,0.0
305,5,10,150,48,0.11349000778741654
306,5,10,150,48,0.0
307,5,10,150,48,0.10778915452451093
308,5,10,150,48,0.13490077762666258
310,5,10,150,48,0.0
311,5,10,150,48,0.13301422444853
312,5,10,150,48,0.10985154011385527
313,5,10,150,48,0.11270402374049442
314,5,10,150,48,0.16600564593053876
315,5,10,150,48,0.0
316,5,10,150,48,0.0
317,5,10,150,48,0.0
318,5,10,150,48,0.13567671906468678
319,5,10,150,48,0.0
320,5,10,150,48,0.13927874459665815
321,5,10,150,48,0.0
322,5,10,150,48,0.0
323,5,10,150,48,0.1610425878239398
324,5,10,150,48,0.0
325,5,10,150,48,0.09092803061897883
326,5,10,150,48,0.027288805847552652
327,5,10,150,48,0.025410386140327024
328,5,10,150,48,0.09206364236149692
329,5,10,150,48,0.0
330,5,10,150,48,0.10236603130088297
331,5,10,150,48,0.0
332,5,10,150,48,0.09320485889859448
334,5,10,150,48,0.02249061179923914
335,5,10,150,48,0.0
336,5,10,150,48,0.0780824078938463
337,5,10,150,48,0.0
338,5,10,150,48,0.07132875491150918
339,5,10,150,48,0.1664336467304897
340,5,10,150,48,0.0
341,5,10,150,48,0.0
342,5,10,150,48,0.3372042435010069
343,5,10,150,48,0.09229649639444802
344,5,10,150,48,0.1202034973803211
345,5,10,150,48,0.18015355216717013
346,5,10,150,48,0.04366879852493834
347,5,10,150,48,0.22280620320442554
348,5,10,150,48,0.0
349,5,10,150,48,0.0
350,5,10,150,48,0.058087171966128066
351,5,10,150,48,0.0
352,5,10,150,48,0.1903601622684853
353,5,10,150,48,0.14434031438272124
354,5,10,150,48,0.06335619058732639
355,5,10,150,48,0.0
356,5,10,150,48,0.0
357,5,10,150,48,0.0
358,5,10,150,48,0.06364028872631156
359,5,10,150,48,0.3010299956639812
360,5,10,150,48,0.12982031659526816
361,5,10,150,48,0.09478836436955078
362,5,10,150,48,0.0
363,5,10,150,48,0.22463865489880525
364,5,10,150,48,0.0
365,5,10,150,48,0.0
366,5,10,150,48,0.0
367,5,10,150,48,0.0
368,5,10,150,48,0.0
369,5,10,150,48,0.0
370,5,10,150,48,0.0
371,5,10,150,48,0.14056872705605022
372,5,10,150,48,0.15130120674940672
373,5,10,150,48,0.22842722979011518
374,5,10,150,48,0.07472550252128253
375,5,10,150,48,0.0
376,5,10,150,48,0.0
377,5,10,150,48,0.0
378,5,10,150,48,0.12028809946908156
379,5,10,150,48,0.08433239722469389
380,5,10,150,48,0.0
381,5,10,150,48,0.0
382,5,10,150,48,0.09952375175972906
383,5,10,150,48,0.040815803121742565
384,5,10,150,48,0.0
385,5,10,150,48,0.0
386,5,10,150,48,0.0
387,5,10,150,48,0.08586571489348302
388,5,10,150,48,0.0
389,5,10,150,48,0.09284203700798714
390,5,10,150,48,0.0
391,5,10,150,48,0.11245246430543061
392,5,10,150,48,0.11004588314904008
393,5,10,150,48,0.13707593549297448
394,5,10,150,48,0.16570616085215287
395,5,10,150,48,0.0
396,5,10,150,48,0.0
397,5,10,150,48,0.11004588314904008
398,5,10,150,48,0.28368572779044043
399,5,10,150,48,0.026175882249243814
400,5,10,150,48,0.0
401,5,10,150,48,0.02839245759615368
402,5,10,150,48,0.0
403,5,10,150,48,0.2529427027676571
404,5,10,150,48,0.0
405,5,10,150,48,0.04008838979565071
406,5,10,150,48,0.06360190926466157
407,5,10,150,48,0.09046795885890169
408,5,10,150,48,0.09983719697789138
409,5,10,150,48,0.0334374913847135
410,5,10,150,48,0.0
411,5,10,150,48,0.17342765698823945
412,5,10,150,48,0.0
413,5,10,150,48,0.0
414,5,10,150,48,0.21398626473452756
415,5,10,150,48,0.0
416,5,10,150,48,0.1371628626252418
417,5,10,150,48,0.11088189053445036
419,5,10,150,48,0.30260241349881345
420,5,10,150,48,0.05478392673173268
421,5,10,150,48,0.0
422,5,10,150,48,0.0
423,5,10,150,48,0.08440880858250024
424,5,10,150,48,0.0
425,5,10,150,48,0.2082843711703412
426,5,10,150,48,0.13571943816109763
427,5,10,150,48,0.0
428,5,10,150,48,0.0
429,5,10,150,48,0.14387965394074714
430,5,10,150,48,0.1261446714466394
431,5,10,150,48,0.0
432,5,10,150,48,0.0
433,5,10,150,48,0.0
434,5,10,150,48,0.3903800499921017
435,5,10,150,48,0.09964084501257568
436,5,10,150,48,0.08868088264964148
437,5,10,150,48,0.22972973128433707
438,5,10,150,48,0.0
439,5,10,150,48,0.0
440,5,10,150,48,0.06175696970122604
441,5,10,150,48,0.0
442,5,10,150,48,0.0
443,5,10,150,48,0.0
445,5,10,150,48,0.0
446,5,10,150,48,0.0
447,5,10,150,48,0.24290422668756767
448,5,10,150,48,0.0
449,5,10,150,48,0.04403205443910179
450,5,10,150,48,0.21351413805576674
451,5,10,150,48,0.0
452,5,10,150,48,0.07830573469972951
453,5,10,150,48,0.029956785715628154
454,5,10,150,48,0.0
455,5,10,150,48,0.0
456,5,10,150,48,0.07758828619721583
457,5,10,150,48,0.29418445531213994
458,5,10,150,48,0.04507276838148142
459,5,10,150,48,0.0
460,5,10,150,48,0.0
461,5,10,150,48,0.0
462,5,10,150,48,0.0
463,5,10,150,48,0.0
464,5,10,150,48,0.0
465,5,10,150,48,0.0
466,5,10,150,48,0.03947525607388688
467,5,10,150,48,0.1436337620239326
468,5,10,150,48,0.25116683884278784
469,5,10,150,48,0.0
470,5,10,150,48,0.0
471,5,10,150,48,0.0
472,5,10,150,48,0.13139503164087882
473,5,10,150,48,0.08754031530847717
474,5,10,150,48,0.30076261759159395
475,5,10,150,48,0.06516188295518531
476,5,10,150,48,0.0
477,5,10,150,48,0.055100238151135045
478,5,10,150,48,0.23782833255689273
479,5,10,150,48,0.07834096783470737
480,5,10,150,48,0.21398626473452756
481,5,10,150,48,0.13863671367752411
482,5,10,150,48,0.0
483,5,10,150,48,0.06912040963822193
484,5,10,150,48,0.09353062527112192
485,5,10,150,48,0.0
486,5,10,150,48,0.0877209484781505
487,5,10,150,48,0.19674990380650584
488,5,10,150,48,0.0
489,5,10,150,48,0.0
490,5,10,150,48,0.0
491,5,10,150,48,0.19092086617893467
492,5,10,150,48,0.12471554514794539
493,5,10,150,48,0.0332568859495131
494,5,10,150,48,0.0
495,5,10,150,48,0.11868174655260626
496,5,10,150,48,0.05459112561892713
497,5,10,150,48,0.0
498,5,10,150,48,0.03855307727568851
499,5,10,150,48,0.1912282106369008
500,5,10,150,48,0.05011951520627559
501,5,10,150,48,0.0
502,5,10,150,48,0.06364028872631156
503,5,10,150,48,0.1894044290456616
504,5,10,150,48,0.0
505,5,10,150,48,0.0
506,5,10,150,48,0.10589517949214913
507,5,10,150,48,0.0
508,5,10,150,48,0.0
509,5,10,150,48,0.06474271459046577
510,5,10,150,48,0.0
511,5,10,150,48,0.0
512,5,10,150,48,0.18316925091363362
513,5,10,150,48,0.0
514,5,10,150,48,0.10595566933616397
515,5,10,150,48,0.0
516,5,10,150,48,0.06952808975538781
517,5,10,150,48,0.042259191411409554
518,5,10,150,48,0.0
519,5,10,150,48,0.0
520,5,10,150,48,0.0
521,5,10,150,48,0.0
522,5,10,150,48,0.0
523,5,10,150,48,0.0316088333445714
524,5,10,150,48,0.09636739553144608
525,5,10,150,48,0.0
526,5,10,150,48,0.03227932543520417
527,5,10,150,48,0.12265062558661
528,5,10,150,48,0.14110144150616766
529,5,10,150,48,0.0
530,5,10,150,48,0.0
531,5,10,150,48,0.0
532,5,10,150,48,0.016552362338872865
533,5,10,150,48,0.13090315523494445
534,5,10,150,48,0.04084531701587904
535,5,10,150,48,0.23945874281261442
536,5,10,150,48,0.23620378562439379
537,5,10,150,48,0.40027531835739955
538,5,10,150,48,0.0
539,5,10,150,48,0.1560067947598593
540,5,10,150,48,0.0
541,5,10,150,48,0.12534926568386062
542,5,10,150,48,0.12627825946936164
543,5,10,150,48,0.0
544,5,10,150,48,0.0
545,5,10,150,48,0.052962244777770985
546,5,10,150,48,0.15314106296495628
547,5,10,150,48,0.0
548,5,10,150,48,0.0369180152329196
549,5,10,150,48,0.0
550,5,10,150,48,0.04579340374561851
551,5,10,150,48,0.24681077521315645
552,5,10,150,48,0.0
553,5,10,150,48,0.16102243342487008
554,5,10,150,48,0.16600564593053876
555,5,10,150,48,0.0
556,5,10,150,48,0.08876245163110816
557,5,10,150,48,0.053894577262255466
558,5,10,150,48,0.0
559,5,10,150,48,0.0734773909038217
560,5,10,150,48,0.2179777837196921
561,5,10,150,48,0.0
562,5,10,150,48,0.034743705427429224
563,5,10,150,48,0.0
564,5,10,150,48,0.0
565,5,10,150,48,0.10523285614729473
566,5,10,150,48,0.13665387068436016
567,5,10,150,48,0.13463074517970205
568,5,10,150,48,0.057107346298225524
569,5,10,150,48,0.0
570,5,10,150,48,0.0
571,5,10,150,48,0.0
572,5,10,150,48,0.058995070558427745
573,5,10,150,48,0.0
574,5,10,150,48,0.04185567464896701
575,5,10,150,48,0.0
576,5,10,150,48,0.17342765698823945
577,5,10,150,48,0.20619661189599137
578,5,10,150,48,0.04948635088108649
579,5,10,150,48,0.0
580,5,10,150,48,0.10209739512291163
581,5,10,150,48,0.0
582,5,10,150,48,0.028361369701356044
583,5,10,150,48,0.04579340374561851
584,5,10,150,48,0.0
585,5,10,150,48,0.0
586,5,10,150,48,0.07482758161941112
587,5,10,150,48,0.0
588,5,10,150,48,0.18630428431991639
589,5,10,150,48,0.0
590,5,10,150,48,0.18511573258657482
591,5,10,150,48,0.15758427078022966
592,5,10,150,48,0.2704806350544058
593,5,10,150,48,0.15257268888187236
594,5,10,150,48,0.0843142342558857
595,5,10,150,48,0.0
596,5,10,150,48,0.0
597,5,10,150,48,0.0
598,5,10,150,48,0.11752277470724268
599,5,10,150,48,0.16402353420682853
600,5,10,150,48,0.0
601,5,10,150,48,0.026557570376145638
602,5,10,150,48,0.0
603,5,10,150,48,0.06194403202282284
604,5,10,150,48,0.0
605,5,10,150,48,0.07677414822537214
606,5,10,150,48,0.2138150508755678
607,5,10,150,48,0.0
608,5,10,150,48,0.126140293880171
609,5,10,150,48,0.11838279295536291
610,5,10,150,48,0.0
611,5,10,150,48,0.03927158715985786
612,5,10,150,48,0.0
613,5,10,150,48,0.15130120674940672
614,5,10,150,48,0.13886244387355454
615,5,10,150,48,0.0642412844378317
616,5,10,150,48,0.09781579202094404
617,5,10,150,48,0.03804989622115975
618,5,10,150,48,0.13693830900397266
619,5,10,150,48,0.1303945739341477
620,5,10,150,48,0.10964161607630166
621,5,10,150,48,0.13589759152345549
622,5,10,150,48,0.11678815124396466
623,5,10,150,48,0.050143326786652107
624,5,10,150,48,0.019160322430058573
625,5,10,150,48,0.0
626,5,10,150,48,0.04690797720830594
627,5,10,150,48,0.04289205981312439
628,5,10,150,48,0.0
629,5,10,150,48,0.16098909010547607
630,5,10,150,48,0.09942460513010813
631,5,10,150,48,0.09240791929215005
632,5,10,150,48,0.29858330142272127
633,5,10,150,48,0.0455520698635181
634,5,10,150,48,0.023756977677906275
635,5,10,150,48,0.039407921945699885
636,5,10,150,48,0.0
637,5,10,150,48,0.0
638,5,10,150,48,0.15473934503245962
639,5,10,150,48,0.0
640,5,10,150,48,0.0637867864178444
641,5,10,150,48,0.0
642,5,10,150,48,0.11523797760903125
643,5,10,150,48,0.15091036998194762
644,5,10,150,48,0.0
645,5,10,150,48,0.1856947245529553
646,5,10,150,48,0.0
647,5,10,150,48,0.03673869545191085
648,5,10,150,48,0.06278425309179982
649,5,10,150,48,0.0
650,5,10,150,48,0.030271292241924343
651,5,10,150,48,0.0
652,5,10,150,48,0.0
653,5,10,150,48,0.04556231953496595
654,5,10,150,48,0.1521155994897412
655,5,10,150,48,0.26420884849342346
656,5,10,150,48,0.0
657,5,10,150,48,0.053845569940583225
658,5,10,150,48,0.0
659,5,10,150,48,0.06596849183890971
660,5,10,150,48,0.0
661,5,10,150,48,0.12705991527984942
662,5,10,150,48,0.0
663,5,10,150,48,0.07874514948204092
664,5,10,150,48,0.05391021349625259
665,5,10,150,48,0.0
666,5,10,150,48,0.07971775166427321
667,5,10,150,48,0.23495437216186538
668,5,10,150,48,0.0
669,5,10,150,48,0.25001448888650357
670,5,10,150,48,0.15539533467551025
671,5,10,150,48,0.17434206503696043
672,5,10,150,48,0.0
673,5,10,150,48,0.0
674,5,10,150,48,0.0
675,5,10,150,48,0.05010834716923557
676,5,10,150,48,0.0
677,5,10,150,48,0.03927489746221688
678,5,10,150,48,0.0
679,5,10,150,48,0.26970586372388394
680,5,10,150,48,0.2073612289146658
681,5,10,150,48,0.0
682,5,10,150,48,0.12864317861357588
683,5,10,150,48,0.06289349548893712
684,5,10,150,48,0.0
685,5,10,150,48,0.0
686,5,10,150,48,0.08962483220812449
687,5,10,150,48,0.0
688,5,10,150,48,0.0
689,5,10,150,48,0.32436268379537736
690,5,10,150,48,0.0
691,5,10,150,48,0.0
692,5,10,150,48,0.0
693,5,10,150,48,0.0
694,5,10,150,48,0.20269611984358588
695,5,10,150,48,0.0
696,5,10,150,48,0.12935879342602336
697,5,10,150,48,0.06378035696304758
698,5,10,150,48,0.09499131598480672
699,5,10,150,48,0.0
700,5,10,150,48,0.16958010263680806
701,5,10,150,48,0.04129602134854855
702,5,10,150,48,0.0
703,5,10,150,48,0.03870447337439288
704,5,10,150,48,0.059927504920695866
705,5,10,150,48,0.128262164895328
706,5,10,150,48,0.0
707,5,10,150,48,0.1109390730970106
708,5,10,150,48,0.06058075640309377
709,5,10,150,48,0.10371915894912967
710,5,10,150,48,0.05710411178654767
711,5,10,150,48,0.15054484720936306
712,5,10,150,48,0.1068936442464933
713,5,10,150,48,0.0
714,5,10,150,48,0.04195229264874745
715,5,10,150,48,0.07869233749571715
716,5,10,150,48,0.19479605726325602
717,5,10,150,48,0.1671511698578214
718,5,10,150,48,0.14061157344379913
719,5,10,150,48,0.11614257564286637
720,5,10,150,48,0.05261577455142312
721,5,10,150,48,0.11030456704147182
722,5,10,150,48,0.0
723,5,10,150,48,0.0
724,5,10,150,48,0.0
725,5,10,150,48,0.05750402108673013
726,5,10,150,48,0.2529427027676571
727,5,10,150,48,0.10775405110022315
728,5,10,150,48,0.0
729,5,10,150,48,0.0
730,5,10,150,48,0.0
731,5,10,150,48,0.04466441818602386
732,5,10,150,48,0.0
733,5,10,150,48,0.0
734,5,10,150,48,0.0655813061736612
735,5,10,150,48,0.0
736,5,10,150,48,0.0
737,5,10,150,48,0.16282663249631943
738,5,10,150,48,0.24803970741351278
739,5,10,150,48,0.0
740,5,10,150,48,0.0
741,5,10,150,48,0.10965210684801945
742,5,10,150,48,0.04553761034739079
743,5,10,150,48,0.0814476682319001
744,5,10,150,48,0.08878770367712427
745,5,10,150,48,0.3682049230943936
746,5,10,150,48,0.11450296808588954
747,5,10,150,48,0.3664741574597737
748,5,10,150,48,0.1946257849561795
749,5,10,150,48,0.15787244962915412
750,5,10,150,48,0.07219614103266732
751,5,10,150,48,0.056598712529238204
752,5,10,150,48,0.020210299806331135
753,5,10,150,48,0.15406810205846871
754,5,10,150,48,0.0
755,5,10,150,48,0.0
756,5,10,150,48,0.03828357334999627
757,5,10,150,48,0.029135271785216237
758,5,10,150,48,0.18377836652701623
759,5,10,150,48,0.038281751104512325
760,5,10,150,48,0.11447590313611888
761,5,10,150,48,0.03339755935325358
762,5,10,150,48,0.11568388634051256
763,5,10,150,48,0.20859185628046678
764,5,10,150,48,0.08207588022692468
765,5,10,150,48,0.0
766,5,10,150,48,0.057530172624000335
767,5,10,150,48,0.2073612289146658
768,5,10,150,48,0.07655078846581868
769,5,10,150,48,0.0
770,5,10,150,48,0.02392217794381651
771,5,10,150,48,0.10700326704282045
772,5,10,150,48,0.03353522641880846
773,5,10,150,48,0.09375008400214037
774,5,10,150,48,0.03602557383819063
775,5,10,150,48,0.0
776,5,10,150,48,0.0949413284627631
777,5,10,150,48,0.14445412169961394
778,5,10,150,48,0.0
779,5,10,150,48,0.05878132199396477
780,5,10,150,48,0.04759023790187059
781,5,10,150,48,0.21898681539091044
782,5,10,150,48,0.015302517571274715
783,5,10,150,48,0.0
784,5,10,150,48,0.0
785,5,10,150,48,0.048159222084064895
786,5,10,150,48,0.13370327844286975
787,5,10,150,48,0.0683037314796457
788,5,10,150,48,0.21385110726950093
789,5,10,150,48,0.059109628562248356
790,5,10,150,48,0.08011538677244004
791,5,10,150,48,0.0
792,5,10,150,48,0.0
793,5,10,150,48,0.0
794,5,10,150,48,0.19607400121987484
795,5,10,150,48,0.11767017642007997
796,5,10,150,48,0.3925728688022934
797,5,10,150,48,0.09030583455080088
798,5,10,150,48,0.11866432010621691
799,5,10,150,48,0.0
800,5,10,150,48,0.0
801,5,10,150,48,0.0
802,5,10,150,48,0.030863419558816
803,5,10,150,48,0.0
804,5,10,150,48,0.18033121235892519
805,5,10,150,48,0.13193524811253451
806,5,10,150,48,0.15717393366532428
807,5,10,150,48,0.19640521983107767
808,5,10,150,48,0.0
809,5,10,150,48,0.0
810,5,10,150,48,0.0
811,5,10,150,48,0.0
812,5,10,150,48,0.0
813,5,10,150,48,0.17367331957930765
814,5,10,150,48,0.09144287629100999
815,5,10,150,48,0.2683192624328546
816,5,10,150,48,0.08005612702969578
817,5,10,150,48,0.0
818,5,10,150,48,0.0
819,5,10,150,48,0.08317177110866553
820,5,10,150,48,0.041641441310299704
821,5,10,150,48,0.1716292605492022
822,5,10,150,48,0.0
823,5,10,150,48,0.3527508699254334
824,5,10,150,48,0.0
825,5,10,150,48,0.08995012391206751
826,5,10,150,48,0.0956022175683246
827,5,10,150,48,0.0
828,5,10,150,48,0.07244745602732354
829,5,10,150,48,0.146125692125401
830,5,10,150,48,0.10053254151308513
831,5,10,150,48,0.16345709869743347
832,5,10,150,48,0.041355644490859725
833,5,10,150,48,0.17646398016922984
834,5,10,150,48,0.020919434760060668
835,5,10,150,48,0.082546902593288
836,5,10,150,48,0.10882945376944808
837,5,10,150,48,0.0
838,5,10,150,48,0.14570435926304814
839,5,10,150,48,0.05646784228340616
840,5,10,150,48,0.3693626067461283
841,5,10,150,48,0.0
842,5,10,150,48,0.03314153504336938
843,5,10,150,48,0.12496270449126429
844,5,10,150,48,0.14767302746812566
845,5,10,150,48,0.0
846,5,10,150,48,0.34874889636534173
847,5,10,150,48,0.0
848,5,10,150,48,0.08228975112399531
849,5,10,150,48,0.08280898853927336
850,5,10,150,48,0.20069031232476098
851,5,10,150,48,0.2798853000446738
852,5,10,150,48,0.0
853,5,10,150,48,0.0
854,5,10,150,48,0.18726224169718972
855,5,10,150,48,0.0
856,5,10,150,48,0.0
857,5,10,150,48,0.0
858,5,10,150,48,0.0
859,5,10,150,48,0.0
860,5,10,150,48,0.0
861,5,10,150,48,0.09836355940276224
862,5,10,150,48,0.23745304516115176
863,5,10,150,48,0.0
864,5,10,150,48,0.3168733320299256
865,5,10,150,48,0.0
866,5,10,150,48,0.12374681498530773
867,5,10,150,48,0.24628051493530037
868,5,10,150,48,0.15126825757087578
869,5,10,150,48,0.07352612051262714
870,5,10,150,48,0.13619137536660797
871,5,10,150,48,0.17730146698858817
872,5,10,150,48,0.01624882666837855
873,5,10,150,48,0.0
874,5,10,150,48,0.06575393297476358
875,5,10,150,48,0.1923955695460413
876,5,10,150,48,0.0
877,5,10,150,48,0.03487978243545732
878,5,10,150,48,0.05427585876620422
879,5,10,150,48,0.07180913162424091
880,5,10,150,48,0.38743140680184596
881,5,10,150,48,0.3472960809070624
882,5,10,150,48,0.3014187048019027
883,5,10,150,48,0.36084249311422995
884,5,10,150,48,0.028767091820622218
885,5,10,150,48,0.10805257933602729
886,5,10,150,48,0.22075107912467207
887,5,10,150,48,0.13406388446716863
888,5,10,150,48,0.0
889,5,10,150,48,0.29026646028890535
890,5,10,150,48,0.3179362418864408
891,5,10,150,48,0.09013275514532934
892,5,10,150,48,0.4240112350937002
893,5,10,150,48,0.05014695371369417
894,5,10,150,48,0.2651814753100696
895,5,10,150,48,0.0
896,5,10,150,48,0.424267836102485
897,5,10,150,48,0.15291309061713193
898,5,10,150,48,0.0
899,5,10,150,48,0.20409535775988646
900,5,10,150,48,0.04588516391390306
901,5,10,150,48,0.2796196961109433
902,5,10,150,48,0.025255271126572616
903,5,10,150,48,0.40790468094903554
904,5,10,150,48,0.0
905,5,10,150,48,0.08773956418811966
906,5,10,150,48,0.0
907,5,10,150,48,0.17840615371509483
908,5,10,150,48,0.1481180328050781
909,5,10,150,48,0.0
910,5,10,150,48,0.14111581018360284
911,5,10,150,48,0.05465345478825689
912,5,10,150,48,0.07877990502228673
913,5,10,150,48,0.19195729306484963
914,5,10,150,48,0.0
915,5,10,150,48,0.0
916,5,10,150,48,0.24536839903462537
917,5,10,150,48,0.0
918,5,10,150,48,0.029881421610561263
919,5,10,150,48,0.15754370547428698
920,5,10,150,48,0.26814570941777965
921,5,10,150,48,0.030839036017750142
922,5,10,150,48,0.13770386026836542
923,5,10,150,48,0.03997048965522762
924,5,10,150,48,0.10476875172292892
925,5,10,150,48,0.039791360812020615
926,5,10,150,48,0.18690891198435525
927,5,10,150,48,0.09718583630494307
928,5,10,150,48,0.18240827501780815
929,5,10,150,48,0.0753982504991096
930,5,10,150,48,0.10221918904006362
931,5,10,150,48,0.059539365700728666
932,5,10,150,48,0.3522362426507267
933,5,10,150,48,0.06499077438240099
934,5,10,150,48,0.2232163827852322
935,5,10,150,48,0.0
936,5,10,150,48,0.14347414097059746
937,5,10,150,48,0.09560624946230661
938,5,10,150,48,0.0855500485570075
939,5,10,150,48,0.05231692143384187
940,5,10,150,48,0.11787370659819107
941,5,10,150,48,0.17060921827860473
942,5,10,150,48,0.08351318131142628
943,5,10,150,48,0.217923310893507
1,5,10,150,49,0.4058715898896693
2,5,10,150,49,0.14433828292945616
3,5,10,150,49,0.08759200575528697
4,5,10,150,49,0.0
5,5,10,150,49,0.04470486007704452
6,5,10,150,49,0.04187254809446048
7,5,10,150,49,0.1849553466368852
8,5,10,150,49,0.0
9,5,10,150,49,0.0
10,5,10,150,49,0.3005733545514552
11,5,10,150,49,0.03947525607388688
12,5,10,150,49,0.0787978565107802
13,5,10,150,49,0.24926713936132158
14,5,10,150,49,0.18795160328752808
15,5,10,150,49,0.0
16,5,10,150,49,0.11062750966338458
17,5,10,150,49,0.0
18,5,10,150,49,0.17872418048185143
19,5,10,150,49,0.0
20,5,10,150,49,0.13743816645714543
21,5,10,150,49,0.1265754929129826
22,5,10,150,49,0.040815803121742565
23,5,10,150,49,0.10387012192613786
24,5,10,150,49,0.05010834716923557
25,5,10,150,49,0.23940867474021393
26,5,10,150,49,0.0
27,5,10,150,49,0.0
28,5,10,150,49,0.0
30,5,10,150,49,0.08133484538841967
31,5,10,150,49,0.11164668500969883
32,5,10,150,49,0.19519002499605084
33,5,10,150,49,0.0
34,5,10,150,49,0.0
35,5,10,150,49,0.0
37,5,10,150,49,0.08177471774917201
38,5,10,150,49,0.0
39,5,10,150,49,0.0
40,5,10,150,49,0.0
41,5,10,150,49,0.06835476917178976
42,5,10,150,49,0.08850778826764391
43,5,10,150,49,0.0
44,5,10,150,49,0.2672039079048423
45,5,10,150,49,0.0
46,5,10,150,49,0.0
47,5,10,150,49,0.0
48,5,10,150,49,0.07028063830038406
49,5,10,150,49,0.033808395438916686
52,5,10,150,49,0.0
53,5,10,150,49,0.0
54,5,10,150,49,0.0
55,5,10,150,49,0.0
56,5,10,150,49,0.11781210270929884
57,5,10,150,49,0.1318392860374695
58,5,10,150,49,0.40256699612340546
59,5,10,150,49,0.19233148606048747
60,5,10,150,49,0.1076743759411119
61,5,10,150,49,0.0
62,5,10,150,49,0.09586820699422145
63,5,10,150,49,0.0
64,5,10,150,49,0.04759023790187059
65,5,10,150,49,0.2342550150352983
66,5,10,150,49,0.0
67,5,10,150,49,0.0
68,5,10,150,49,0.0
69,5,10,150,49,0.0
70,5,10,150,49,0.0
71,5,10,150,49,0.20758456043036028
72,5,10,150,49,0.10990826949013655
73,5,10,150,49,0.05276490902632437
74,5,10,150,49,0.0
75,5,10,150,49,0.0
76,5,10,150,49,0.10633668103022985
77,5,10,150,49,0.09787979541175622
78,5,10,150,49,0.0
79,5,10,150,49,0.0
80,5,10,150,49,0.0
81,5,10,150,49,0.08878770367712427
82,5,10,150,49,0.0
83,5,10,150,49,0.07414861528507455
84,5,10,150,49,0.07550980911390262
85,5,10,150,49,0.04734112273659951
86,5,10,150,49,0.0
87,5,10,150,49,0.13890464807639166
88,5,10,150,49,0.18920035951687003
89,5,10,150,49,0.0
90,5,10,150,49,0.11641023011265045
91,5,10,150,49,0.0
92,5,10,150,49,0.03369782041898502
93,5,10,150,49,0.0
94,5,10,150,49,0.12253429761719764
95,5,10,150,49,0.07849567312219397
96,5,10,150,49,0.0
97,5,10,150,49,0.0
98,5,10,150,49,0.0
99,5,10,150,49,0.09641171098317775
100,5,10,150,49,0.0
101,5,10,150,49,0.0
102,5,10,150,49,0.0
103,5,10,150,49,0.0
104,5,10,150,49,0.33958467175585033
105,5,10,150,49,0.0
106,5,10,150,49,0.06516188295518531
107,5,10,150,49,0.0
109,5,10,150,49,0.16563719724029594
110,5,10,150,49,0.0
111,5,10,150,49,0.0
112,5,10,150,49,0.07807600999842033
113,5,10,150,49,0.0
114,5,10,150,49,0.08274602130532002
115,5,10,150,49,0.04001677477281075
116,5,10,150,49,0.0
117,5,10,150,49,0.0
118,5,10,150,49,0.16958010263680806
119,5,10,150,49,0.030181604521759563
120,5,10,150,49,0.0
121,5,10,150,49,0.13032376591037062
122,5,10,150,49,0.0
123,5,10,150,49,0.13720340769293682
124,5,10,150,49,0.0
125,5,10,150,49,0.05446333035917803
126,5,10,150,49,0.0
128,5,10,150,49,0.0
129,5,10,150,49,0.0
130,5,10,150,49,0.15174952279352721
131,5,10,150,49,0.0
132,5,10,150,49,0.0
133,5,10,150,49,0.0
134,5,10,150,49,0.0
135,5,10,150,49,0.0
136,5,10,150,49,0.0
137,5,10,150,49,0.1137075481082292
138,5,10,150,49,0.0976168253917686
139,5,10,150,49,0.0
140,5,10,150,49,0.0
141,5,10,150,49,0.0
142,5,10,150,49,0.0
143,5,10,150,49,0.0
144,5,10,150,49,0.0
145,5,10,150,49,0.17597149971119974
146,5,10,150,49,0.0
147,5,10,150,49,0.0
148,5,10,150,49,0.06916902856231065
149,5,10,150,49,0.0
150,5,10,150,49,0.2640681225725909
151,5,10,150,49,0.1026571794225922
152,5,10,150,49,0.0
153,5,10,150,49,0.0
154,5,10,150,49,0.06416923277158361
155,5,10,150,49,0.0
156,5,10,150,49,0.0
157,5,10,150,49,0.0
158,5,10,150,49,0.08010006541788642
159,5,10,150,49,0.23138144801632507
160,5,10,150,49,0.1719271394881576
161,5,10,150,49,0.0
162,5,10,150,49,0.0
163,5,10,150,49,0.0
164,5,10,150,49,0.0
165,5,10,150,49,0.0
167,5,10,150,49,0.05319635904163211
168,5,10,150,49,0.0
169,5,10,150,49,0.0
170,5,10,150,49,0.0
171,5,10,150,49,0.0
173,5,10,150,49,0.0
174,5,10,150,49,0.06784586495432565
175,5,10,150,49,0.21517910082405575
176,5,10,150,49,0.06289692884934815
177,5,10,150,49,0.38113435412202
178,5,10,150,49,0.12597398707460816
179,5,10,150,49,0.09149012142095872
180,5,10,150,49,0.06228974831361337
181,5,10,150,49,0.09913210981157927
182,5,10,150,49,0.0
183,5,10,150,49,0.15101961822780524
184,5,10,150,49,0.0
185,5,10,150,49,0.0
186,5,10,150,49,0.04633132539002164
187,5,10,150,49,0.0
188,5,10,150,49,0.12925733948536566
189,5,10,150,49,0.1622220746837199
190,5,10,150,49,0.0
192,5,10,150,49,0.123151194370365
193,5,10,150,49,0.0
194,5,10,150,49,0.0
195,5,10,150,49,0.11787667935667444
196,5,10,150,49,0.0
197,5,10,150,49,0.09546043308946733
198,5,10,150,49,0.0
199,5,10,150,49,0.0
200,5,10,150,49,0.09785159463516042
201,5,10,150,49,0.0
202,5,10,150,49,0.0
203,5,10,150,49,0.0
204,5,10,150,49,0.19519002499605084
205,5,10,150,49,0.0
206,5,10,150,49,0.0
207,5,10,150,49,0.0
208,5,10,150,49,0.0
209,5,10,150,49,0.0
210,5,10,150,49,0.2167516193508568
211,5,10,150,49,0.0
213,5,10,150,49,0.08445760625486516
214,5,10,150,49,0.0
216,5,10,150,49,0.23813231172447274
217,5,10,150,49,0.0
218,5,10,150,49,0.0
219,5,10,150,49,0.0
221,5,10,150,49,0.0
222,5,10,150,49,0.1050995674008573
223,5,10,150,49,0.0
224,5,10,150,49,0.0
225,5,10,150,49,0.09077089626867633
226,5,10,150,49,0.19092086617893467
227,5,10,150,49,0.0
228,5,10,150,49,0.0
229,5,10,150,49,0.0
230,5,10,150,49,0.12683081539850163
231,5,10,150,49,0.0
232,5,10,150,49,0.03962341267285813
233,5,10,150,49,0.23172568042238212
234,5,10,150,49,0.06662199442192639
235,5,10,150,49,0.0
236,5,10,150,49,0.0
237,5,10,150,49,0.19342640361727081
238,5,10,150,49,0.0
239,5,10,150,49,0.06912040963822193
240,5,10,150,49,0.12495636102304827
241,5,10,150,49,0.0
242,5,10,150,49,0.0
243,5,10,150,49,0.0
244,5,10,150,49,0.049712302565054066
245,5,10,150,49,0.0
246,5,10,150,49,0.0561326498270945
247,5,10,150,49,0.09472348220010487
248,5,10,150,49,0.09472348220010487
249,5,10,150,49,0.056720838976548935
250,5,10,150,49,0.0
251,5,10,150,49,0.13032376591037062
252,5,10,150,49,0.20184908658209985
253,5,10,150,49,0.05725248542464807
254,5,10,150,49,0.08514311764162098
255,5,10,150,49,0.0
256,5,10,150,49,0.038925970325304815
257,5,10,150,49,0.07984133538066794
258,5,10,150,49,0.0
259,5,10,150,49,0.1239740444869306
260,5,10,150,49,0.0
261,5,10,150,49,0.0
262,5,10,150,49,0.0
263,5,10,150,49,0.0956366800683804
264,5,10,150,49,0.0
265,5,10,150,49,0.0
266,5,10,150,49,0.0
267,5,10,150,49,0.17168372277322866
268,5,10,150,49,0.049712302565054066
269,5,10,150,49,0.052962244777770985
270,5,10,150,49,0.041641441310299704
271,5,10,150,49,0.13010624216828925
272,5,10,150,49,0.08942172406547305
273,5,10,150,49,0.0
274,5,10,150,49,0.0
275,5,10,150,49,0.0
276,5,10,150,49,0.15875999922826586
277,5,10,150,49,0.0
278,5,10,150,49,0.0
279,5,10,150,49,0.13251633524111026
280,5,10,150,49,0.14324481060386993
281,5,10,150,49,0.0
282,5,10,150,49,0.0
283,5,10,150,49,0.07028063830038406
284,5,10,150,49,0.0
285,5,10,150,49,0.0
286,5,10,150,49,0.05490370618855431
287,5,10,150,49,0.0
288,5,10,150,49,0.0859574327152926
289,5,10,150,49,0.16903020543979225
290,5,10,150,49,0.07834851647149511
291,5,10,150,49,0.07828167840727236
292,5,10,150,49,0.04224853374256244
293,5,10,150,49,0.062192625389540866
294,5,10,150,49,0.0
295,5,10,150,49,0.2603201838311303
296,5,10,150,49,0.13713660166967986
297,5,10,150,49,0.0
298,5,10,150,49,0.16915623549474385
299,5,10,150,49,0.0
300,5,10,150,49,0.0
301,5,10,150,49,0.06460801587741544
302,5,10,150,49,0.09224219235917257
303,5,10,150,49,0.05745511858789652
304,5,10,150,49,0.0
305,5,10,150,49,0.11349000778741654
306,5,10,150,49,0.0
307,5,10,150,49,0.10778915452451093
308,5,10,150,49,0.13490077762666258
310,5,10,150,49,0.0
311,5,10,150,49,0.13301422444853
312,5,10,150,49,0.10985154011385527
313,5,10,150,49,0.11270402374049442
314,5,10,150,49,0.16600564593053876
315,5,10,150,49,0.0
316,5,10,150,49,0.0
317,5,10,150,49,0.0
318,5,10,150,49,0.13567671906468678
319,5,10,150,49,0.0
320,5,10,150,49,0.13927874459665815
321,5,10,150,49,0.0
322,5,10,150,49,0.0
323,5,10,150,49,0.1610425878239398
324,5,10,150,49,0.0
325,5,10,150,49,0.09092803061897883
326,5,10,150,49,0.027288805847552652
327,5,10,150,49,0.025410386140327024
328,5,10,150,49,0.09206364236149692
329,5,10,150,49,0.0
330,5,10,150,49,0.10236603130088297
331,5,10,150,49,0.0
332,5,10,150,49,0.09320485889859448
334,5,10,150,49,0.02249061179923914
335,5,10,150,49,0.0
336,5,10,150,49,0.0780824078938463
337,5,10,150,49,0.0
338,5,10,150,49,0.07132875491150918
339,5,10,150,49,0.1664336467304897
340,5,10,150,49,0.0
341,5,10,150,49,0.0
342,5,10,150,49,0.3608742720986609
343,5,10,150,49,0.09229649639444802
344,5,10,150,49,0.1202034973803211
345,5,10,150,49,0.18015355216717013
346,5,10,150,49,0.04366879852493834
347,5,10,150,49,0.22280620320442554
348,5,10,150,49,0.0
349,5,10,150,49,0.0
350,5,10,150,49,0.058087171966128066
351,5,10,150,49,0.0
352,5,10,150,49,0.1903601622684853
353,5,10,150,49,0.14434031438272124
354,5,10,150,49,0.06335619058732639
355,5,10,150,49,0.0
356,5,10,150,49,0.0
357,5,10,150,49,0.0
358,5,10,150,49,0.06364028872631156
359,5,10,150,49,0.3010299956639812
360,5,10,150,49,0.12982031659526816
361,5,10,150,49,0.09478836436955078
362,5,10,150,49,0.0
363,5,10,150,49,0.22463865489880525
364,5,10,150,49,0.0
365,5,10,150,49,0.0
366,5,10,150,49,0.0
367,5,10,150,49,0.0
368,5,10,150,49,0.0
369,5,10,150,49,0.0
370,5,10,150,49,0.0
371,5,10,150,49,0.14056872705605022
372,5,10,150,49,0.15130120674940672
373,5,10,150,49,0.22842722979011518
374,5,10,150,49,0.07472550252128253
375,5,10,150,49,0.0
376,5,10,150,49,0.0
377,5,10,150,49,0.0
378,5,10,150,49,0.12028809946908156
379,5,10,150,49,0.08433239722469389
380,5,10,150,49,0.0
381,5,10,150,49,0.0
382,5,10,150,49,0.09952375175972906
383,5,10,150,49,0.040815803121742565
384,5,10,150,49,0.0
385,5,10,150,49,0.0
386,5,10,150,49,0.0
387,5,10,150,49,0.08586571489348302
388,5,10,150,49,0.0
389,5,10,150,49,0.09284203700798714
390,5,10,150,49,0.0
391,5,10,150,49,0.11245246430543061
392,5,10,150,49,0.11004588314904008
393,5,10,150,49,0.1351667463226098
394,5,10,150,49,0.16570616085215287
395,5,10,150,49,0.0
396,5,10,150,49,0.0
397,5,10,150,49,0.11004588314904008
398,5,10,150,49,0.28368572779044043
399,5,10,150,49,0.026175882249243814
400,5,10,150,49,0.0
401,5,10,150,49,0.02839245759615368
402,5,10,150,49,0.0
403,5,10,150,49,0.2529427027676571
404,5,10,150,49,0.0
405,5,10,150,49,0.039530040006681824
406,5,10,150,49,0.06360190926466157
407,5,10,150,49,0.09046795885890169
408,5,10,150,49,0.09983719697789138
409,5,10,150,49,0.0334374913847135
410,5,10,150,49,0.0
411,5,10,150,49,0.17342765698823945
412,5,10,150,49,0.0
413,5,10,150,49,0.0
414,5,10,150,49,0.21398626473452756
415,5,10,150,49,0.0
416,5,10,150,49,0.1352524627366067
417,5,10,150,49,0.11088189053445036
419,5,10,150,49,0.30260241349881345
420,5,10,150,49,0.05478392673173268
421,5,10,150,49,0.0
422,5,10,150,49,0.0
423,5,10,150,49,0.08440880858250024
424,5,10,150,49,0.0
425,5,10,150,49,0.2082843711703412
426,5,10,150,49,0.13571943816109763
427,5,10,150,49,0.0
428,5,10,150,49,0.0
429,5,10,150,49,0.14187570280117187
430,5,10,150,49,0.1261446714466394
431,5,10,150,49,0.0
432,5,10,150,49,0.0
433,5,10,150,49,0.0
434,5,10,150,49,0.3903800499921017
435,5,10,150,49,0.09964084501257568
436,5,10,150,49,0.08868088264964148
437,5,10,150,49,0.22972973128433707
438,5,10,150,49,0.0
439,5,10,150,49,0.0
440,5,10,150,49,0.06175696970122604
441,5,10,150,49,0.0
442,5,10,150,49,0.0
443,5,10,150,49,0.0
445,5,10,150,49,0.0
446,5,10,150,49,0.0
447,5,10,150,49,0.24290422668756767
448,5,10,150,49,0.0
449,5,10,150,49,0.04403205443910179
450,5,10,150,49,0.21054032008669868
451,5,10,150,49,0.0
452,5,10,150,49,0.07830573469972951
453,5,10,150,49,0.029956785715628154
454,5,10,150,49,0.0
455,5,10,150,49,0.0
456,5,10,150,49,0.07758828619721583
457,5,10,150,49,0.29418445531213994
458,5,10,150,49,0.04507276838148142
459,5,10,150,49,0.0
460,5,10,150,49,0.0
461,5,10,150,49,0.0
462,5,10,150,49,0.0
463,5,10,150,49,0.0
464,5,10,150,49,0.0
465,5,10,150,49,0.0
466,5,10,150,49,0.03947525607388688
467,5,10,150,49,0.1436337620239326
468,5,10,150,49,0.25116683884278784
469,5,10,150,49,0.0
470,5,10,150,49,0.0
471,5,10,150,49,0.0
472,5,10,150,49,0.13139503164087882
473,5,10,150,49,0.08754031530847717
474,5,10,150,49,0.30076261759159395
475,5,10,150,49,0.06516188295518531
476,5,10,150,49,0.0
477,5,10,150,49,0.055100238151135045
478,5,10,150,49,0.23782833255689273
479,5,10,150,49,0.07834096783470737
480,5,10,150,49,0.21398626473452756
481,5,10,150,49,0.13863671367752411
482,5,10,150,49,0.0
483,5,10,150,49,0.06912040963822193
484,5,10,150,49,0.09353062527112192
485,5,10,150,49,0.0
486,5,10,150,49,0.0877209484781505
487,5,10,150,49,0.19674990380650584
488,5,10,150,49,0.0
489,5,10,150,49,0.0
490,5,10,150,49,0.0
491,5,10,150,49,0.19092086617893467
492,5,10,150,49,0.12471554514794539
493,5,10,150,49,0.0332568859495131
494,5,10,150,49,0.0
495,5,10,150,49,0.11868174655260626
496,5,10,150,49,0.05459112561892713
497,5,10,150,49,0.0
498,5,10,150,49,0.03855307727568851
499,5,10,150,49,0.1912282106369008
500,5,10,150,49,0.05011951520627559
501,5,10,150,49,0.0
502,5,10,150,49,0.06364028872631156
503,5,10,150,49,0.1894044290456616
504,5,10,150,49,0.0
505,5,10,150,49,0.0
506,5,10,150,49,0.10589517949214913
507,5,10,150,49,0.0
508,5,10,150,49,0.0
509,5,10,150,49,0.06474271459046577
510,5,10,150,49,0.0
511,5,10,150,49,0.0
512,5,10,150,49,0.18316925091363362
513,5,10,150,49,0.0
514,5,10,150,49,0.10595566933616397
515,5,10,150,49,0.0
516,5,10,150,49,0.06952808975538781
517,5,10,150,49,0.042259191411409554
518,5,10,150,49,0.0
519,5,10,150,49,0.0
520,5,10,150,49,0.0
521,5,10,150,49,0.0
522,5,10,150,49,0.0
523,5,10,150,49,0.0316088333445714
524,5,10,150,49,0.09502519358138667
525,5,10,150,49,0.0
526,5,10,150,49,0.03227932543520417
527,5,10,150,49,0.12265062558661
528,5,10,150,49,0.14110144150616766
529,5,10,150,49,0.0
530,5,10,150,49,0.0
531,5,10,150,49,0.0
532,5,10,150,49,0.03226504867387547
533,5,10,150,49,0.12907994034720852
534,5,10,150,49,0.04084531701587904
535,5,10,150,49,0.23945874281261442
536,5,10,150,49,0.23620378562439379
537,5,10,150,49,0.40862826421383075
538,5,10,150,49,0.0
539,5,10,150,49,0.1560067947598593
540,5,10,150,49,0.0
541,5,10,150,49,0.12534926568386062
542,5,10,150,49,0.12627825946936164
543,5,10,150,49,0.0
544,5,10,150,49,0.0
545,5,10,150,49,0.052962244777770985
546,5,10,150,49,0.15314106296495628
547,5,10,150,49,0.0
548,5,10,150,49,0.0369180152329196
549,5,10,150,49,0.0
550,5,10,150,49,0.09061075809740494
551,5,10,150,49,0.25730117023418564
552,5,10,150,49,0.0
553,5,10,150,49,0.16102243342487008
554,5,10,150,49,0.16600564593053876
555,5,10,150,49,0.0
556,5,10,150,49,0.08876245163110816
557,5,10,150,49,0.053894577262255466
558,5,10,150,49,0.0
559,5,10,150,49,0.0734773909038217
560,5,10,150,49,0.2179777837196921
561,5,10,150,49,0.0
562,5,10,150,49,0.034743705427429224
563,5,10,150,49,0.0
564,5,10,150,49,0.0
565,5,10,150,49,0.10523285614729473
566,5,10,150,49,0.13665387068436016
567,5,10,150,49,0.13463074517970205
568,5,10,150,49,0.057107346298225524
569,5,10,150,49,0.0
570,5,10,150,49,0.0
571,5,10,150,49,0.0
572,5,10,150,49,0.058995070558427745
573,5,10,150,49,0.0
574,5,10,150,49,0.04185567464896701
575,5,10,150,49,0.0
576,5,10,150,49,0.17342765698823945
577,5,10,150,49,0.20619661189599137
578,5,10,150,49,0.09818998961169394
579,5,10,150,49,0.0
580,5,10,150,49,0.10209739512291163
581,5,10,150,49,0.0
582,5,10,150,49,0.028361369701356044
583,5,10,150,49,0.04579340374561851
584,5,10,150,49,0.0
585,5,10,150,49,0.0
586,5,10,150,49,0.07482758161941112
587,5,10,150,49,0.0
588,5,10,150,49,0.18370944430852462
589,5,10,150,49,0.0
590,5,10,150,49,0.18511573258657482
591,5,10,150,49,0.15758427078022966
592,5,10,150,49,0.2667133895683029
593,5,10,150,49,0.15257268888187236
594,5,10,150,49,0.0843142342558857
595,5,10,150,49,0.0
596,5,10,150,49,0.0
597,5,10,150,49,0.0
598,5,10,150,49,0.11752277470724268
599,5,10,150,49,0.16402353420682853
600,5,10,150,49,0.0
601,5,10,150,49,0.026557570376145638
602,5,10,150,49,0.0
603,5,10,150,49,0.06194403202282284
604,5,10,150,49,0.0
605,5,10,150,49,0.07677414822537214
606,5,10,150,49,0.2138150508755678
607,5,10,150,49,0.0
608,5,10,150,49,0.126140293880171
609,5,10,150,49,0.11838279295536291
610,5,10,150,49,0.0
611,5,10,150,49,0.03927158715985786
612,5,10,150,49,0.0
613,5,10,150,49,0.2049174583553662
614,5,10,150,49,0.13886244387355454
615,5,10,150,49,0.0642412844378317
616,5,10,150,49,0.09781579202094404
617,5,10,150,49,0.03804989622115975
618,5,10,150,49,0.13693830900397266
619,5,10,150,49,0.1303945739341477
620,5,10,150,49,0.10964161607630166
621,5,10,150,49,0.13589759152345549
622,5,10,150,49,0.11516152967264358
623,5,10,150,49,0.050143326786652107
624,5,10,150,49,0.019160322430058573
625,5,10,150,49,0.0
626,5,10,150,49,0.04690797720830594
627,5,10,150,49,0.04289205981312439
628,5,10,150,49,0.0
629,5,10,150,49,0.16098909010547607
630,5,10,150,49,0.09942460513010813
631,5,10,150,49,0.09240791929215005
632,5,10,150,49,0.29858330142272127
633,5,10,150,49,0.0455520698635181
634,5,10,150,49,0.023756977677906275
635,5,10,150,49,0.039407921945699885
636,5,10,150,49,0.0
637,5,10,150,49,0.0
638,5,10,150,49,0.15473934503245962
639,5,10,150,49,0.0
640,5,10,150,49,0.0637867864178444
641,5,10,150,49,0.0
642,5,10,150,49,0.11363294680566922
643,5,10,150,49,0.14880849525806492
644,5,10,150,49,0.0
645,5,10,150,49,0.1856947245529553
646,5,10,150,49,0.0
647,5,10,150,49,0.03673869545191085
648,5,10,150,49,0.061909796057155374
649,5,10,150,49,0.0
650,5,10,150,49,0.029849674668326324
651,5,10,150,49,0.0
652,5,10,150,49,0.0
653,5,10,150,49,0.04492772903065887
654,5,10,150,49,0.1521155994897412
655,5,10,150,49,0.2605289562465162
656,5,10,150,49,0.0
657,5,10,150,49,0.053845569940583225
658,5,10,150,49,0.0
659,5,10,150,49,0.06504968483058116
660,5,10,150,49,0.0
661,5,10,150,49,0.12705991527984942
662,5,10,150,49,0.0
663,5,10,150,49,0.07874514948204092
664,5,10,150,49,0.05391021349625259
665,5,10,150,49,0.0
666,5,10,150,49,0.07860744541237058
667,5,10,150,49,0.23495437216186538
668,5,10,150,49,0.0
669,5,10,150,49,0.25001448888650357
670,5,10,150,49,0.15539533467551025
671,5,10,150,49,0.17434206503696043
672,5,10,150,49,0.0
673,5,10,150,49,0.0
674,5,10,150,49,0.0
675,5,10,150,49,0.05010834716923557
676,5,10,150,49,0.0
677,5,10,150,49,0.03927489746221688
678,5,10,150,49,0.0
679,5,10,150,49,0.26970586372388394
680,5,10,150,49,0.2073612289146658
681,5,10,150,49,0.0
682,5,10,150,49,0.12685144060670364
683,5,10,150,49,0.06289349548893712
684,5,10,150,49,0.0
685,5,10,150,49,0.0
686,5,10,150,49,0.08962483220812449
687,5,10,150,49,0.0
688,5,10,150,49,0.0
689,5,10,150,49,0.32436268379537736
690,5,10,150,49,0.0
691,5,10,150,49,0.0
692,5,10,150,49,0.0
693,5,10,150,49,0.0
694,5,10,150,49,0.20269611984358588
695,5,10,150,49,0.0
696,5,10,150,49,0.12935879342602336
697,5,10,150,49,0.06378035696304758
698,5,10,150,49,0.09499131598480672
699,5,10,150,49,0.0
700,5,10,150,49,0.16958010263680806
701,5,10,150,49,0.04129602134854855
702,5,10,150,49,0.0
703,5,10,150,49,0.03870447337439288
704,5,10,150,49,0.059927504920695866
705,5,10,150,49,0.1484980142389049
706,5,10,150,49,0.0
707,5,10,150,49,0.10939391729584545
708,5,10,150,49,0.06058075640309377
709,5,10,150,49,0.10371915894912967
710,5,10,150,49,0.05710411178654767
711,5,10,150,49,0.14844806347476616
712,5,10,150,49,0.12435918123916344
713,5,10,150,49,0.0
714,5,10,150,49,0.04195229264874745
715,5,10,150,49,0.07759631317899669
716,5,10,150,49,0.19208294411455307
717,5,10,150,49,0.1671511698578214
718,5,10,150,49,0.14061157344379913
719,5,10,150,49,0.11614257564286637
720,5,10,150,49,0.05261577455142312
721,5,10,150,49,0.10876824862000727
722,5,10,150,49,0.0
723,5,10,150,49,0.0
724,5,10,150,49,0.0
725,5,10,150,49,0.05750402108673013
726,5,10,150,49,0.2529427027676571
727,5,10,150,49,0.10625325618181815
728,5,10,150,49,0.0
729,5,10,150,49,0.0
730,5,10,150,49,0.0
731,5,10,150,49,0.04466441818602386
732,5,10,150,49,0.0
733,5,10,150,49,0.0
734,5,10,150,49,0.0655813061736612
735,5,10,150,49,0.0
736,5,10,150,49,0.0
737,5,10,150,49,0.16282663249631943
738,5,10,150,49,0.24803970741351278
739,5,10,150,49,0.0
740,5,10,150,49,0.0
741,5,10,150,49,0.10965210684801945
742,5,10,150,49,0.04553761034739079
743,5,10,150,49,0.0814476682319001
744,5,10,150,49,0.08878770367712427
745,5,10,150,49,0.3682049230943936
746,5,10,150,49,0.11450296808588954
747,5,10,150,49,0.3613699173163491
748,5,10,150,49,0.1946257849561795
749,5,10,150,49,0.15567360728642668
750,5,10,150,49,0.07219614103266732
751,5,10,150,49,0.056598712529238204
752,5,10,150,49,0.020210299806331135
753,5,10,150,49,0.15406810205846871
754,5,10,150,49,0.0
755,5,10,150,49,0.0
756,5,10,150,49,0.03828357334999627
757,5,10,150,49,0.028729476667583666
758,5,10,150,49,0.181218707416474
759,5,10,150,49,0.038281751104512325
760,5,10,150,49,0.11447590313611888
761,5,10,150,49,0.03339755935325358
762,5,10,150,49,0.11568388634051256
763,5,10,150,49,0.20859185628046678
764,5,10,150,49,0.08207588022692468
765,5,10,150,49,0.0
766,5,10,150,49,0.056728894251192284
767,5,10,150,49,0.2073612289146658
768,5,10,150,49,0.07655078846581868
769,5,10,150,49,0.0
770,5,10,150,49,0.04692206785373726
771,5,10,150,49,0.10700326704282045
772,5,10,150,49,0.03353522641880846
773,5,10,150,49,0.09244433588191807
774,5,10,150,49,0.03552381081771085
775,5,10,150,49,0.0
776,5,10,150,49,0.0949413284627631
777,5,10,150,49,0.14445412169961394
778,5,10,150,49,0.0
779,5,10,150,49,0.05878132199396477
780,5,10,150,49,0.04759023790187059
781,5,10,150,49,0.21898681539091044
782,5,10,150,49,0.015089384604344204
783,5,10,150,49,0.0
784,5,10,150,49,0.0
785,5,10,150,49,0.048159222084064895
786,5,10,150,49,0.13370327844286975
787,5,10,150,49,0.0683037314796457
788,5,10,150,49,0.21087259600418587
789,5,10,150,49,0.059109628562248356
790,5,10,150,49,0.07899954227168622
791,5,10,150,49,0.0
792,5,10,150,49,0.0
793,5,10,150,49,0.0
794,5,10,150,49,0.19607400121987484
795,5,10,150,49,0.11603127003079888
796,5,10,150,49,0.4010330941255617
797,5,10,150,49,0.09030583455080088
798,5,10,150,49,0.11701156731601553
799,5,10,150,49,0.0
800,5,10,150,49,0.0
801,5,10,150,49,0.0
802,5,10,150,49,0.030863419558816
803,5,10,150,49,0.0
804,5,10,150,49,0.19174753256875882
805,5,10,150,49,0.13009765826877423
806,5,10,150,49,0.15498482023021784
807,5,10,150,49,0.19366969431847736
808,5,10,150,49,0.0
809,5,10,150,49,0.0
810,5,10,150,49,0.0
811,5,10,150,49,0.0
812,5,10,150,49,0.0
813,5,10,150,49,0.17367331957930765
814,5,10,150,49,0.09144287629100999
815,5,10,150,49,0.2645821204743137
816,5,10,150,49,0.08005612702969578
817,5,10,150,49,0.0
818,5,10,150,49,0.0
819,5,10,150,49,0.08317177110866553
820,5,10,150,49,0.041641441310299704
821,5,10,150,49,0.1716292605492022
822,5,10,150,49,0.0
823,5,10,150,49,0.34783776728435845
824,5,10,150,49,0.0
825,5,10,150,49,0.08869730151236424
826,5,10,150,49,0.0956022175683246
827,5,10,150,49,0.0
828,5,10,150,49,0.07244745602732354
829,5,10,150,49,0.146125692125401
830,5,10,150,49,0.10053254151308513
831,5,10,150,49,0.16345709869743347
832,5,10,150,49,0.041355644490859725
833,5,10,150,49,0.17400619559393649
834,5,10,150,49,0.020919434760060668
835,5,10,150,49,0.082546902593288
836,5,10,150,49,0.10882945376944808
837,5,10,150,49,0.0
838,5,10,150,49,0.14570435926304814
839,5,10,150,49,0.05646784228340616
840,5,10,150,49,0.3642181363750067
841,5,10,150,49,0.0
842,5,10,150,49,0.03314153504336938
843,5,10,150,49,0.12322222800823907
844,5,10,150,49,0.14767302746812566
845,5,10,150,49,0.0
846,5,10,150,49,0.3438915330818246
847,5,10,150,49,0.0
848,5,10,150,49,0.08114362214728672
849,5,10,150,49,0.08280898853927336
850,5,10,150,49,0.20069031232476098
851,5,10,150,49,0.2899150341597884
852,5,10,150,49,0.0
853,5,10,150,49,0.0
854,5,10,150,49,0.18465405928661036
855,5,10,150,49,0.0
856,5,10,150,49,0.0
857,5,10,150,49,0.0
858,5,10,150,49,0.0
859,5,10,150,49,0.0
860,5,10,150,49,0.0
861,5,10,150,49,0.09836355940276224
862,5,10,150,49,0.23414580687267025
863,5,10,150,49,0.0
864,5,10,150,49,0.31245993056953647
865,5,10,150,49,0.0
866,5,10,150,49,0.12374681498530773
867,5,10,150,49,0.2610371388057973
868,5,10,150,49,0.1491613982002968
869,5,10,150,49,0.07352612051262714
870,5,10,150,49,0.13429450632090792
871,5,10,150,49,0.18875998539338
872,5,10,150,49,0.01624882666837855
873,5,10,150,49,0.0
874,5,10,150,49,0.06575393297476358
875,5,10,150,49,0.20715219341653826
876,5,10,150,49,0.0
877,5,10,150,49,0.03487978243545732
878,5,10,150,49,0.05351990637094232
879,5,10,150,49,0.07180913162424091
880,5,10,150,49,0.3959632422406009
881,5,10,150,49,0.34245895238998697
882,5,10,150,49,0.297220554886795
883,5,10,150,49,0.3558166906086079
884,5,10,150,49,0.028767091820622218
885,5,10,150,49,0.10654762652606535
886,5,10,150,49,0.21767646527581935
887,5,10,150,49,0.13219664704550713
888,5,10,150,49,0.0
889,5,10,150,49,0.28622363847258386
890,5,10,150,49,0.31350803625214735
891,5,10,150,49,0.09013275514532934
892,5,10,150,49,0.41810562040471394
893,5,10,150,49,0.05014695371369417
894,5,10,150,49,0.26148803634850026
895,5,10,150,49,0.0
896,5,10,150,49,0.4322866149522569
897,5,10,150,49,0.1647112895346535
898,5,10,150,49,0.0
899,5,10,150,49,0.20125272425637955
900,5,10,150,49,0.07027548980333784
901,5,10,150,49,0.2896531295490065
902,5,10,150,49,0.025255271126572616
903,5,10,150,49,0.40222339782221805
904,5,10,150,49,0.0
905,5,10,150,49,0.08773956418811966
906,5,10,150,49,0.0
907,5,10,150,49,0.175921318609835
908,5,10,150,49,0.1481180328050781
909,5,10,150,49,0.0
910,5,10,150,49,0.14111581018360284
911,5,10,150,49,0.05389224324788331
912,5,10,150,49,0.07877990502228673
913,5,10,150,49,0.18928371813155498
914,5,10,150,49,0.0
915,5,10,150,49,0.0
916,5,10,150,49,0.2558788834241476
917,5,10,150,49,0.0
918,5,10,150,49,0.029465234142434092
919,5,10,150,49,0.15534944186945426
920,5,10,150,49,0.26814570941777965
921,5,10,150,49,0.030409510927311548
922,5,10,150,49,0.13578592538215595
923,5,10,150,49,0.03997048965522762
924,5,10,150,49,0.10476875172292892
925,5,10,150,49,0.039791360812020615
926,5,10,150,49,0.18690891198435525
927,5,10,150,49,0.10976020260767605
928,5,10,150,49,0.18240827501780815
929,5,10,150,49,0.0753982504991096
930,5,10,150,49,0.10079548350037935
931,5,10,150,49,0.059539365700728666
932,5,10,150,49,0.3473303077215927
933,5,10,150,49,0.06408558499100082
934,5,10,150,49,0.2340353997364545
935,5,10,150,49,0.0
936,5,10,150,49,0.14147583780247883
937,5,10,150,49,0.09560624946230661
938,5,10,150,49,0.08435851026371179
939,5,10,150,49,0.05231692143384187
940,5,10,150,49,0.11623196544721023
941,5,10,150,49,0.17060921827860473
942,5,10,150,49,0.08351318131142628
943,5,10,150,49,0.21488808210858856
1,5,10,150,50,0.4058715898896693
2,5,10,150,50,0.14433828292945616
3,5,10,150,50,0.08759200575528697
4,5,10,150,50,0.0
5,5,10,150,50,0.04470486007704452
6,5,10,150,50,0.04187254809446048
7,5,10,150,50,0.1849553466368852
8,5,10,150,50,0.0
9,5,10,150,50,0.0
10,5,10,150,50,0.3005733545514552
11,5,10,150,50,0.03947525607388688
12,5,10,150,50,0.0787978565107802
13,5,10,150,50,0.24586005514273965
14,5,10,150,50,0.18795160328752808
15,5,10,150,50,0.0
16,5,10,150,50,0.11062750966338458
17,5,10,150,50,0.0
18,5,10,150,50,0.17872418048185143
19,5,10,150,50,0.0
20,5,10,150,50,0.13743816645714543
21,5,10,150,50,0.1265754929129826
22,5,10,150,50,0.040815803121742565
23,5,10,150,50,0.10387012192613786
24,5,10,150,50,0.05010834716923557
25,5,10,150,50,0.23940867474021393
26,5,10,150,50,0.0
27,5,10,150,50,0.0
28,5,10,150,50,0.0
30,5,10,150,50,0.08133484538841967
31,5,10,150,50,0.11164668500969883
32,5,10,150,50,0.19519002499605084
33,5,10,150,50,0.0
34,5,10,150,50,0.0
35,5,10,150,50,0.0
37,5,10,150,50,0.08177471774917201
38,5,10,150,50,0.0
39,5,10,150,50,0.0
40,5,10,150,50,0.0
41,5,10,150,50,0.06835476917178976
42,5,10,150,50,0.08850778826764391
43,5,10,150,50,0.0
44,5,10,150,50,0.2672039079048423
45,5,10,150,50,0.0
46,5,10,150,50,0.0
47,5,10,150,50,0.0
48,5,10,150,50,0.07028063830038406
49,5,10,150,50,0.033808395438916686
52,5,10,150,50,0.0
53,5,10,150,50,0.0
54,5,10,150,50,0.0
55,5,10,150,50,0.0
56,5,10,150,50,0.11781210270929884
57,5,10,150,50,0.1318392860374695
58,5,10,150,50,0.40256699612340546
59,5,10,150,50,0.19233148606048747
60,5,10,150,50,0.1076743759411119
61,5,10,150,50,0.0
62,5,10,150,50,0.09586820699422145
63,5,10,150,50,0.0
64,5,10,150,50,0.04759023790187059
65,5,10,150,50,0.2342550150352983
66,5,10,150,50,0.0
67,5,10,150,50,0.0
68,5,10,150,50,0.0
69,5,10,150,50,0.0
70,5,10,150,50,0.0
71,5,10,150,50,0.20758456043036028
72,5,10,150,50,0.10990826949013655
73,5,10,150,50,0.05276490902632437
74,5,10,150,50,0.0
75,5,10,150,50,0.0
76,5,10,150,50,0.10633668103022985
77,5,10,150,50,0.14247142730086715
78,5,10,150,50,0.0
79,5,10,150,50,0.0
80,5,10,150,50,0.0
81,5,10,150,50,0.08878770367712427
82,5,10,150,50,0.0
83,5,10,150,50,0.07414861528507455
84,5,10,150,50,0.07550980911390262
85,5,10,150,50,0.04734112273659951
86,5,10,150,50,0.0
87,5,10,150,50,0.13890464807639166
88,5,10,150,50,0.18920035951687003
89,5,10,150,50,0.0
90,5,10,150,50,0.11641023011265045
91,5,10,150,50,0.0
92,5,10,150,50,0.03369782041898502
93,5,10,150,50,0.0
94,5,10,150,50,0.12253429761719764
95,5,10,150,50,0.07849567312219397
96,5,10,150,50,0.0
97,5,10,150,50,0.0
98,5,10,150,50,0.0
99,5,10,150,50,0.09641171098317775
100,5,10,150,50,0.0
101,5,10,150,50,0.0
102,5,10,150,50,0.0
103,5,10,150,50,0.0
104,5,10,150,50,0.33958467175585033
105,5,10,150,50,0.0
106,5,10,150,50,0.06516188295518531
107,5,10,150,50,0.0
109,5,10,150,50,0.16563719724029594
110,5,10,150,50,0.0
111,5,10,150,50,0.0
112,5,10,150,50,0.07807600999842033
113,5,10,150,50,0.0
114,5,10,150,50,0.08274602130532002
115,5,10,150,50,0.04001677477281075
116,5,10,150,50,0.0
117,5,10,150,50,0.0
118,5,10,150,50,0.16958010263680806
119,5,10,150,50,0.030181604521759563
120,5,10,150,50,0.0
121,5,10,150,50,0.13032376591037062
122,5,10,150,50,0.0
123,5,10,150,50,0.13720340769293682
124,5,10,150,50,0.0
125,5,10,150,50,0.05446333035917803
126,5,10,150,50,0.0
128,5,10,150,50,0.0
129,5,10,150,50,0.0
130,5,10,150,50,0.15174952279352721
131,5,10,150,50,0.0
132,5,10,150,50,0.0
133,5,10,150,50,0.0
134,5,10,150,50,0.0
135,5,10,150,50,0.0
136,5,10,150,50,0.0
137,5,10,150,50,0.1137075481082292
138,5,10,150,50,0.0976168253917686
139,5,10,150,50,0.0
140,5,10,150,50,0.0
141,5,10,150,50,0.0
142,5,10,150,50,0.0
143,5,10,150,50,0.0
144,5,10,150,50,0.0
145,5,10,150,50,0.17597149971119974
146,5,10,150,50,0.0
147,5,10,150,50,0.0
148,5,10,150,50,0.06916902856231065
149,5,10,150,50,0.0
150,5,10,150,50,0.2640681225725909
151,5,10,150,50,0.1026571794225922
152,5,10,150,50,0.0
153,5,10,150,50,0.0
154,5,10,150,50,0.06416923277158361
155,5,10,150,50,0.0
156,5,10,150,50,0.0
157,5,10,150,50,0.0
158,5,10,150,50,0.11017700922818752
159,5,10,150,50,0.23138144801632507
160,5,10,150,50,0.1719271394881576
161,5,10,150,50,0.0
162,5,10,150,50,0.0
163,5,10,150,50,0.0
164,5,10,150,50,0.0
165,5,10,150,50,0.0
167,5,10,150,50,0.05319635904163211
168,5,10,150,50,0.0
169,5,10,150,50,0.0
170,5,10,150,50,0.0
171,5,10,150,50,0.0
173,5,10,150,50,0.0
174,5,10,150,50,0.06784586495432565
175,5,10,150,50,0.21517910082405575
176,5,10,150,50,0.06289692884934815
177,5,10,150,50,0.38113435412202
178,5,10,150,50,0.12597398707460816
179,5,10,150,50,0.09149012142095872
180,5,10,150,50,0.06228974831361337
181,5,10,150,50,0.09913210981157927
182,5,10,150,50,0.0
183,5,10,150,50,0.15101961822780524
184,5,10,150,50,0.0
185,5,10,150,50,0.0
186,5,10,150,50,0.04633132539002164
187,5,10,150,50,0.0
188,5,10,150,50,0.12925733948536566
189,5,10,150,50,0.1622220746837199
190,5,10,150,50,0.0
192,5,10,150,50,0.123151194370365
193,5,10,150,50,0.0
194,5,10,150,50,0.0
195,5,10,150,50,0.11787667935667444
196,5,10,150,50,0.0
197,5,10,150,50,0.09546043308946733
198,5,10,150,50,0.0
199,5,10,150,50,0.0
200,5,10,150,50,0.09785159463516042
201,5,10,150,50,0.0
202,5,10,150,50,0.0
203,5,10,150,50,0.0
204,5,10,150,50,0.19519002499605084
205,5,10,150,50,0.0
206,5,10,150,50,0.0
207,5,10,150,50,0.0
208,5,10,150,50,0.0
209,5,10,150,50,0.0
210,5,10,150,50,0.2167516193508568
211,5,10,150,50,0.0
213,5,10,150,50,0.08445760625486516
214,5,10,150,50,0.0
216,5,10,150,50,0.23813231172447274
217,5,10,150,50,0.0
218,5,10,150,50,0.0
219,5,10,150,50,0.0
221,5,10,150,50,0.0
222,5,10,150,50,0.1050995674008573
223,5,10,150,50,0.0
224,5,10,150,50,0.0
225,5,10,150,50,0.09077089626867633
226,5,10,150,50,0.19092086617893467
227,5,10,150,50,0.0
228,5,10,150,50,0.0
229,5,10,150,50,0.0
230,5,10,150,50,0.12683081539850163
231,5,10,150,50,0.0
232,5,10,150,50,0.03962341267285813
233,5,10,150,50,0.23172568042238212
234,5,10,150,50,0.08278902362226402
235,5,10,150,50,0.0
236,5,10,150,50,0.0
237,5,10,150,50,0.19342640361727081
238,5,10,150,50,0.0
239,5,10,150,50,0.06912040963822193
240,5,10,150,50,0.12495636102304827
241,5,10,150,50,0.0
242,5,10,150,50,0.0
243,5,10,150,50,0.0
244,5,10,150,50,0.049712302565054066
245,5,10,150,50,0.0
246,5,10,150,50,0.0561326498270945
247,5,10,150,50,0.09472348220010487
248,5,10,150,50,0.09472348220010487
249,5,10,150,50,0.056720838976548935
250,5,10,150,50,0.0
251,5,10,150,50,0.13032376591037062
252,5,10,150,50,0.20184908658209985
253,5,10,150,50,0.05725248542464807
254,5,10,150,50,0.08514311764162098
255,5,10,150,50,0.0
256,5,10,150,50,0.038925970325304815
257,5,10,150,50,0.07984133538066794
258,5,10,150,50,0.0
259,5,10,150,50,0.1239740444869306
260,5,10,150,50,0.0
261,5,10,150,50,0.0
262,5,10,150,50,0.0
263,5,10,150,50,0.0956366800683804
264,5,10,150,50,0.0
265,5,10,150,50,0.0
266,5,10,150,50,0.0
267,5,10,150,50,0.17168372277322866
268,5,10,150,50,0.049712302565054066
269,5,10,150,50,0.052962244777770985
270,5,10,150,50,0.041641441310299704
271,5,10,150,50,0.13010624216828925
272,5,10,150,50,0.08942172406547305
273,5,10,150,50,0.0
274,5,10,150,50,0.0
275,5,10,150,50,0.0
276,5,10,150,50,0.15875999922826586
277,5,10,150,50,0.0
278,5,10,150,50,0.0
279,5,10,150,50,0.13251633524111026
280,5,10,150,50,0.14324481060386993
281,5,10,150,50,0.0
282,5,10,150,50,0.0
283,5,10,150,50,0.07028063830038406
284,5,10,150,50,0.0
285,5,10,150,50,0.0
286,5,10,150,50,0.05490370618855431
287,5,10,150,50,0.0
288,5,10,150,50,0.0859574327152926
289,5,10,150,50,0.16903020543979225
290,5,10,150,50,0.07834851647149511
291,5,10,150,50,0.07828167840727236
292,5,10,150,50,0.04224853374256244
293,5,10,150,50,0.062192625389540866
294,5,10,150,50,0.0
295,5,10,150,50,0.2603201838311303
296,5,10,150,50,0.13713660166967986
297,5,10,150,50,0.0
298,5,10,150,50,0.16915623549474385
299,5,10,150,50,0.0
300,5,10,150,50,0.0
301,5,10,150,50,0.06460801587741544
302,5,10,150,50,0.09224219235917257
303,5,10,150,50,0.05745511858789652
304,5,10,150,50,0.0
305,5,10,150,50,0.11349000778741654
306,5,10,150,50,0.0
307,5,10,150,50,0.10778915452451093
308,5,10,150,50,0.13490077762666258
310,5,10,150,50,0.0
311,5,10,150,50,0.13301422444853
312,5,10,150,50,0.13411902420450808
313,5,10,150,50,0.11270402374049442
314,5,10,150,50,0.16600564593053876
315,5,10,150,50,0.0
316,5,10,150,50,0.0
317,5,10,150,50,0.0
318,5,10,150,50,0.13567671906468678
319,5,10,150,50,0.0
320,5,10,150,50,0.13927874459665815
321,5,10,150,50,0.0
322,5,10,150,50,0.0
323,5,10,150,50,0.1610425878239398
324,5,10,150,50,0.0
325,5,10,150,50,0.09092803061897883
326,5,10,150,50,0.027288805847552652
327,5,10,150,50,0.025410386140327024
328,5,10,150,50,0.09206364236149692
329,5,10,150,50,0.0
330,5,10,150,50,0.10236603130088297
331,5,10,150,50,0.0
332,5,10,150,50,0.09320485889859448
334,5,10,150,50,0.02249061179923914
335,5,10,150,50,0.0
336,5,10,150,50,0.0780824078938463
337,5,10,150,50,0.0
338,5,10,150,50,0.07132875491150918
339,5,10,150,50,0.1664336467304897
340,5,10,150,50,0.0
341,5,10,150,50,0.0
342,5,10,150,50,0.3608742720986609
343,5,10,150,50,0.09229649639444802
344,5,10,150,50,0.1202034973803211
345,5,10,150,50,0.18015355216717013
346,5,10,150,50,0.04366879852493834
347,5,10,150,50,0.22280620320442554
348,5,10,150,50,0.0
349,5,10,150,50,0.0
350,5,10,150,50,0.058087171966128066
351,5,10,150,50,0.0
352,5,10,150,50,0.1903601622684853
353,5,10,150,50,0.14434031438272124
354,5,10,150,50,0.06335619058732639
355,5,10,150,50,0.0
356,5,10,150,50,0.0
357,5,10,150,50,0.0
358,5,10,150,50,0.06364028872631156
359,5,10,150,50,0.3010299956639812
360,5,10,150,50,0.12982031659526816
361,5,10,150,50,0.09478836436955078
362,5,10,150,50,0.0
363,5,10,150,50,0.22463865489880525
364,5,10,150,50,0.0
365,5,10,150,50,0.0
366,5,10,150,50,0.0
367,5,10,150,50,0.0
368,5,10,150,50,0.0
369,5,10,150,50,0.0
370,5,10,150,50,0.0
371,5,10,150,50,0.14056872705605022
372,5,10,150,50,0.15130120674940672
373,5,10,150,50,0.22842722979011518
374,5,10,150,50,0.07472550252128253
375,5,10,150,50,0.0
376,5,10,150,50,0.0
377,5,10,150,50,0.0
378,5,10,150,50,0.12028809946908156
379,5,10,150,50,0.08433239722469389
380,5,10,150,50,0.0
381,5,10,150,50,0.0
382,5,10,150,50,0.09952375175972906
383,5,10,150,50,0.040815803121742565
384,5,10,150,50,0.0
385,5,10,150,50,0.0
386,5,10,150,50,0.0
387,5,10,150,50,0.08586571489348302
388,5,10,150,50,0.0
389,5,10,150,50,0.09284203700798714
390,5,10,150,50,0.0
391,5,10,150,50,0.11245246430543061
392,5,10,150,50,0.11004588314904008
393,5,10,150,50,0.14698763750729968
394,5,10,150,50,0.16570616085215287
395,5,10,150,50,0.0
396,5,10,150,50,0.0
397,5,10,150,50,0.11004588314904008
398,5,10,150,50,0.28368572779044043
399,5,10,150,50,0.026175882249243814
400,5,10,150,50,0.0
401,5,10,150,50,0.02839245759615368
402,5,10,150,50,0.0
403,5,10,150,50,0.2529427027676571
404,5,10,150,50,0.0
405,5,10,150,50,0.03898972740947482
406,5,10,150,50,0.06360190926466157
407,5,10,150,50,0.09046795885890169
408,5,10,150,50,0.09983719697789138
409,5,10,150,50,0.0334374913847135
410,5,10,150,50,0.0
411,5,10,150,50,0.17342765698823945
412,5,10,150,50,0.0
413,5,10,150,50,0.0
414,5,10,150,50,0.21398626473452756
415,5,10,150,50,0.0
416,5,10,150,50,0.13340377729617942
417,5,10,150,50,0.11088189053445036
419,5,10,150,50,0.30260241349881345
420,5,10,150,50,0.05478392673173268
421,5,10,150,50,0.0
422,5,10,150,50,0.0
423,5,10,150,50,0.08440880858250024
424,5,10,150,50,0.0
425,5,10,150,50,0.2082843711703412
426,5,10,150,50,0.13571943816109763
427,5,10,150,50,0.0
428,5,10,150,50,0.0
429,5,10,150,50,0.1536048932514616
430,5,10,150,50,0.1261446714466394
431,5,10,150,50,0.0
432,5,10,150,50,0.0
433,5,10,150,50,0.0
434,5,10,150,50,0.3903800499921017
435,5,10,150,50,0.09964084501257568
436,5,10,150,50,0.08868088264964148
437,5,10,150,50,0.22972973128433707
438,5,10,150,50,0.0
439,5,10,150,50,0.0
440,5,10,150,50,0.06175696970122604
441,5,10,150,50,0.0
442,5,10,150,50,0.0
443,5,10,150,50,0.0
445,5,10,150,50,0.0
446,5,10,150,50,0.0
447,5,10,150,50,0.24290422668756767
448,5,10,150,50,0.0
449,5,10,150,50,0.04403205443910179
450,5,10,150,50,0.2076625697190388
451,5,10,150,50,0.0
452,5,10,150,50,0.07830573469972951
453,5,10,150,50,0.029956785715628154
454,5,10,150,50,0.0
455,5,10,150,50,0.0
456,5,10,150,50,0.07758828619721583
457,5,10,150,50,0.29418445531213994
458,5,10,150,50,0.04507276838148142
459,5,10,150,50,0.0
460,5,10,150,50,0.0
461,5,10,150,50,0.0
462,5,10,150,50,0.0
463,5,10,150,50,0.0
464,5,10,150,50,0.0
465,5,10,150,50,0.0
466,5,10,150,50,0.03947525607388688
467,5,10,150,50,0.1436337620239326
468,5,10,150,50,0.25116683884278784
469,5,10,150,50,0.0
470,5,10,150,50,0.0
471,5,10,150,50,0.0
472,5,10,150,50,0.13139503164087882
473,5,10,150,50,0.08754031530847717
474,5,10,150,50,0.30076261759159395
475,5,10,150,50,0.06516188295518531
476,5,10,150,50,0.0
477,5,10,150,50,0.055100238151135045
478,5,10,150,50,0.23782833255689273
479,5,10,150,50,0.07834096783470737
480,5,10,150,50,0.21398626473452756
481,5,10,150,50,0.13863671367752411
482,5,10,150,50,0.0
483,5,10,150,50,0.06912040963822193
484,5,10,150,50,0.09353062527112192
485,5,10,150,50,0.0
486,5,10,150,50,0.0877209484781505
487,5,10,150,50,0.19674990380650584
488,5,10,150,50,0.0
489,5,10,150,50,0.0
490,5,10,150,50,0.0
491,5,10,150,50,0.19092086617893467
492,5,10,150,50,0.12471554514794539
493,5,10,150,50,0.0332568859495131
494,5,10,150,50,0.0
495,5,10,150,50,0.11868174655260626
496,5,10,150,50,0.05459112561892713
497,5,10,150,50,0.014465411043270041
498,5,10,150,50,0.03855307727568851
499,5,10,150,50,0.1912282106369008
500,5,10,150,50,0.05011951520627559
501,5,10,150,50,0.0
502,5,10,150,50,0.06364028872631156
503,5,10,150,50,0.1894044290456616
504,5,10,150,50,0.0
505,5,10,150,50,0.0
506,5,10,150,50,0.10589517949214913
507,5,10,150,50,0.0
508,5,10,150,50,0.0
509,5,10,150,50,0.06474271459046577
510,5,10,150,50,0.0
511,5,10,150,50,0.0
512,5,10,150,50,0.18316925091363362
513,5,10,150,50,0.0
514,5,10,150,50,0.10595566933616397
515,5,10,150,50,0.0
516,5,10,150,50,0.06952808975538781
517,5,10,150,50,0.042259191411409554
518,5,10,150,50,0.0
519,5,10,150,50,0.038800293177871176
520,5,10,150,50,0.0
521,5,10,150,50,0.0
522,5,10,150,50,0.0
523,5,10,150,50,0.0316088333445714
524,5,10,150,50,0.0937263507485593
525,5,10,150,50,0.0
526,5,10,150,50,0.06235626924550528
527,5,10,150,50,0.12265062558661
528,5,10,150,50,0.14110144150616766
529,5,10,150,50,0.0
530,5,10,150,50,0.0
531,5,10,150,50,0.0
532,5,10,150,50,0.03226504867387547
533,5,10,150,50,0.12731562344278502
534,5,10,150,50,0.04084531701587904
535,5,10,150,50,0.23945874281261442
536,5,10,150,50,0.23620378562439379
537,5,10,150,50,0.4030429675965683
538,5,10,150,50,0.0
539,5,10,150,50,0.1560067947598593
540,5,10,150,50,0.0
541,5,10,150,50,0.12534926568386062
542,5,10,150,50,0.12627825946936164
543,5,10,150,50,0.0
544,5,10,150,50,0.0
545,5,10,150,50,0.052962244777770985
546,5,10,150,50,0.15314106296495628
547,5,10,150,50,0.0
548,5,10,150,50,0.0369180152329196
549,5,10,150,50,0.0
550,5,10,150,50,0.09061075809740494
551,5,10,150,50,0.2537842736277027
552,5,10,150,50,0.0
553,5,10,150,50,0.16102243342487008
554,5,10,150,50,0.16600564593053876
555,5,10,150,50,0.0
556,5,10,150,50,0.08876245163110816
557,5,10,150,50,0.053894577262255466
558,5,10,150,50,0.0
559,5,10,150,50,0.0734773909038217
560,5,10,150,50,0.2179777837196921
561,5,10,150,50,0.0
562,5,10,150,50,0.034743705427429224
563,5,10,150,50,0.0
564,5,10,150,50,0.0
565,5,10,150,50,0.10523285614729473
566,5,10,150,50,0.13665387068436016
567,5,10,150,50,0.13463074517970205
568,5,10,150,50,0.057107346298225524
569,5,10,150,50,0.0
570,5,10,150,50,0.0
571,5,10,150,50,0.0
572,5,10,150,50,0.058995070558427745
573,5,10,150,50,0.0
574,5,10,150,50,0.04185567464896701
575,5,10,150,50,0.0
576,5,10,150,50,0.17342765698823945
577,5,10,150,50,0.20619661189599137
578,5,10,150,50,0.09818998961169394
579,5,10,150,50,0.0
580,5,10,150,50,0.10209739512291163
581,5,10,150,50,0.0
582,5,10,150,50,0.028361369701356044
583,5,10,150,50,0.04579340374561851
584,5,10,150,50,0.0
585,5,10,150,50,0.0
586,5,10,150,50,0.07482758161941112
587,5,10,150,50,0.0
588,5,10,150,50,0.1811984292180006
589,5,10,150,50,0.0
590,5,10,150,50,0.18511573258657482
591,5,10,150,50,0.15758427078022966
592,5,10,150,50,0.26306784293583874
593,5,10,150,50,0.15257268888187236
594,5,10,150,50,0.0843142342558857
595,5,10,150,50,0.0
596,5,10,150,50,0.0
597,5,10,150,50,0.0
598,5,10,150,50,0.11752277470724268
599,5,10,150,50,0.16402353420682853
600,5,10,150,50,0.0
601,5,10,150,50,0.026557570376145638
602,5,10,150,50,0.0
603,5,10,150,50,0.06194403202282284
604,5,10,150,50,0.0
605,5,10,150,50,0.07677414822537214
606,5,10,150,50,0.2138150508755678
607,5,10,150,50,0.0
608,5,10,150,50,0.126140293880171
609,5,10,150,50,0.11838279295536291
610,5,10,150,50,0.0
611,5,10,150,50,0.03927158715985786
612,5,10,150,50,0.0
613,5,10,150,50,0.2049174583553662
614,5,10,150,50,0.13886244387355454
615,5,10,150,50,0.08391725636078755
616,5,10,150,50,0.09781579202094404
617,5,10,150,50,0.03804989622115975
618,5,10,150,50,0.13693830900397266
619,5,10,150,50,0.1303945739341477
620,5,10,150,50,0.10964161607630166
621,5,10,150,50,0.13589759152345549
622,5,10,150,50,0.11358745524253319
623,5,10,150,50,0.050143326786652107
624,5,10,150,50,0.019160322430058573
625,5,10,150,50,0.0
626,5,10,150,50,0.04690797720830594
627,5,10,150,50,0.04289205981312439
628,5,10,150,50,0.0
629,5,10,150,50,0.16098909010547607
630,5,10,150,50,0.09942460513010813
631,5,10,150,50,0.09240791929215005
632,5,10,150,50,0.29858330142272127
633,5,10,150,50,0.0455520698635181
634,5,10,150,50,0.023756977677906275
635,5,10,150,50,0.039407921945699885
636,5,10,150,50,0.0
637,5,10,150,50,0.0
638,5,10,150,50,0.15473934503245962
639,5,10,150,50,0.0
640,5,10,150,50,0.0637867864178444
641,5,10,150,50,0.0
642,5,10,150,50,0.11207976566528892
643,5,10,150,50,0.16044292549314493
644,5,10,150,50,0.0
645,5,10,150,50,0.1856947245529553
646,5,10,150,50,0.0
647,5,10,150,50,0.03673869545191085
648,5,10,150,50,0.07473199290849021
649,5,10,150,50,0.0
650,5,10,150,50,0.02944167722529056
651,5,10,150,50,0.0
652,5,10,150,50,0.0
653,5,10,150,50,0.04431363863370848
654,5,10,150,50,0.1521155994897412
655,5,10,150,50,0.2706363459719576
656,5,10,150,50,0.0
657,5,10,150,50,0.053845569940583225
658,5,10,150,50,0.0
659,5,10,150,50,0.064160559391994
660,5,10,150,50,0.0
661,5,10,150,50,0.12705991527984942
662,5,10,150,50,0.0
663,5,10,150,50,0.07874514948204092
664,5,10,150,50,0.05391021349625259
665,5,10,150,50,0.0
666,5,10,150,50,0.07860744541237058
667,5,10,150,50,0.23495437216186538
668,5,10,150,50,0.0
669,5,10,150,50,0.25001448888650357
670,5,10,150,50,0.15539533467551025
671,5,10,150,50,0.17434206503696043
672,5,10,150,50,0.0
673,5,10,150,50,0.0
674,5,10,150,50,0.0
675,5,10,150,50,0.05010834716923557
676,5,10,150,50,0.0
677,5,10,150,50,0.03927489746221688
678,5,10,150,50,0.0
679,5,10,150,50,0.26970586372388394
680,5,10,150,50,0.2073612289146658
681,5,10,150,50,0.0
682,5,10,150,50,0.1251175837393169
683,5,10,150,50,0.06289349548893712
684,5,10,150,50,0.0
685,5,10,150,50,0.0
686,5,10,150,50,0.08962483220812449
687,5,10,150,50,0.0
688,5,10,150,50,0.0
689,5,10,150,50,0.32436268379537736
690,5,10,150,50,0.0
691,5,10,150,50,0.0
692,5,10,150,50,0.0
693,5,10,150,50,0.0
694,5,10,150,50,0.20269611984358588
695,5,10,150,50,0.0
696,5,10,150,50,0.12935879342602336
697,5,10,150,50,0.06378035696304758
698,5,10,150,50,0.09499131598480672
699,5,10,150,50,0.0
700,5,10,150,50,0.16958010263680806
701,5,10,150,50,0.04129602134854855
702,5,10,150,50,0.0
703,5,10,150,50,0.03870447337439288
704,5,10,150,50,0.059927504920695866
705,5,10,150,50,0.1484980142389049
706,5,10,150,50,0.0
707,5,10,150,50,0.10789867692769059
708,5,10,150,50,0.06058075640309377
709,5,10,150,50,0.10371915894912967
710,5,10,150,50,0.05710411178654767
711,5,10,150,50,0.14641901521898792
712,5,10,150,50,0.12435918123916344
713,5,10,150,50,0.0
714,5,10,150,50,0.04195229264874745
715,5,10,150,50,0.07653569534252737
716,5,10,150,50,0.18945747663725832
717,5,10,150,50,0.1671511698578214
718,5,10,150,50,0.14061157344379913
719,5,10,150,50,0.11614257564286637
720,5,10,150,50,0.05261577455142312
721,5,10,150,50,0.10728156014472112
722,5,10,150,50,0.0
723,5,10,150,50,0.0
724,5,10,150,50,0.0
725,5,10,150,50,0.05750402108673013
726,5,10,150,50,0.2529427027676571
727,5,10,150,50,0.10480094364179553
728,5,10,150,50,0.0
729,5,10,150,50,0.0
730,5,10,150,50,0.0
731,5,10,150,50,0.04466441818602386
732,5,10,150,50,0.0
733,5,10,150,50,0.0
734,5,10,150,50,0.0655813061736612
735,5,10,150,50,0.0
736,5,10,150,50,0.0
737,5,10,150,50,0.16282663249631943
738,5,10,150,50,0.24803970741351278
739,5,10,150,50,0.0
740,5,10,150,50,0.0
741,5,10,150,50,0.10965210684801945
742,5,10,150,50,0.04553761034739079
743,5,10,150,50,0.0814476682319001
744,5,10,150,50,0.08878770367712427
745,5,10,150,50,0.3682049230943936
746,5,10,150,50,0.11450296808588954
747,5,10,150,50,0.37009897194343794
748,5,10,150,50,0.1946257849561795
749,5,10,150,50,0.15354579737135207
750,5,10,150,50,0.07219614103266732
751,5,10,150,50,0.056598712529238204
752,5,10,150,50,0.020210299806331135
753,5,10,150,50,0.15406810205846871
754,5,10,150,50,0.0
755,5,10,150,50,0.0
756,5,10,150,50,0.03828357334999627
757,5,10,150,50,0.028336790544522913
758,5,10,150,50,0.19241014174503887
759,5,10,150,50,0.038281751104512325
760,5,10,150,50,0.11447590313611888
761,5,10,150,50,0.03339755935325358
762,5,10,150,50,0.11568388634051256
763,5,10,150,50,0.20859185628046678
764,5,10,150,50,0.08207588022692468
765,5,10,150,50,0.0
766,5,10,150,50,0.05595350074831795
767,5,10,150,50,0.2073612289146658
768,5,10,150,50,0.07655078846581868
769,5,10,150,50,0.0
770,5,10,150,50,0.04692206785373726
771,5,10,150,50,0.10700326704282045
772,5,10,150,50,0.03353522641880846
773,5,10,150,50,0.09118076925742202
774,5,10,150,50,0.035038256983655446
775,5,10,150,50,0.0
776,5,10,150,50,0.0949413284627631
777,5,10,150,50,0.14445412169961394
778,5,10,150,50,0.0
779,5,10,150,50,0.05878132199396477
780,5,10,150,50,0.04759023790187059
781,5,10,150,50,0.21898681539091044
782,5,10,150,50,0.014883136784092805
783,5,10,150,50,0.0
784,5,10,150,50,0.0
785,5,10,150,50,0.048159222084064895
786,5,10,150,50,0.13370327844286975
787,5,10,150,50,0.0683037314796457
788,5,10,150,50,0.20799030395470786
789,5,10,150,50,0.059109628562248356
790,5,10,150,50,0.07791974453164435
791,5,10,150,50,0.0
792,5,10,150,50,0.0
793,5,10,150,50,0.0
794,5,10,150,50,0.19607400121987484
795,5,10,150,50,0.11444530763721235
796,5,10,150,50,0.3955516113692498
797,5,10,150,50,0.09030583455080088
798,5,10,150,50,0.11541220582209616
799,5,10,150,50,0.0
800,5,10,150,50,0.0
801,5,10,150,50,0.0
802,5,10,150,50,0.030863419558816
803,5,10,150,50,0.0
804,5,10,150,50,0.18912664963231987
805,5,10,150,50,0.12831943078360425
806,5,10,150,50,0.15286642493559896
807,5,10,150,50,0.20469094351518616
808,5,10,150,50,0.0
809,5,10,150,50,0.0
810,5,10,150,50,0.0
811,5,10,150,50,0.0
812,5,10,150,50,0.0
813,5,10,150,50,0.17367331957930765
814,5,10,150,50,0.09144287629100999
815,5,10,150,50,0.2746341099094833
816,5,10,150,50,0.08005612702969578
817,5,10,150,50,0.0
818,5,10,150,50,0.0
819,5,10,150,50,0.11972777959067328
820,5,10,150,50,0.041641441310299704
821,5,10,150,50,0.1716292605492022
822,5,10,150,50,0.0
823,5,10,150,50,0.34308337980040116
824,5,10,150,50,0.0
825,5,10,150,50,0.10115335588970323
826,5,10,150,50,0.0956022175683246
827,5,10,150,50,0.0
828,5,10,150,50,0.07244745602732354
829,5,10,150,50,0.146125692125401
830,5,10,150,50,0.10053254151308513
831,5,10,150,50,0.16345709869743347
832,5,10,150,50,0.041355644490859725
833,5,10,150,50,0.17162780843683825
834,5,10,150,50,0.020919434760060668
835,5,10,150,50,0.082546902593288
836,5,10,150,50,0.10882945376944808
837,5,10,150,50,0.0
838,5,10,150,50,0.14570435926304814
839,5,10,150,50,0.05646784228340616
840,5,10,150,50,0.3592398553719667
841,5,10,150,50,0.0
842,5,10,150,50,0.03314153504336938
843,5,10,150,50,0.12153797668854618
844,5,10,150,50,0.14767302746812566
845,5,10,150,50,0.0
846,5,10,150,50,0.3391910843252452
847,5,10,150,50,0.0
848,5,10,150,50,0.08003451825511322
849,5,10,150,50,0.08280898853927336
850,5,10,150,50,0.20069031232476098
851,5,10,150,50,0.2859523580519535
852,5,10,150,50,0.0
853,5,10,150,50,0.0
854,5,10,150,50,0.18213013281597937
855,5,10,150,50,0.0
856,5,10,150,50,0.0
857,5,10,150,50,0.0
858,5,10,150,50,0.0
859,5,10,150,50,0.0
860,5,10,150,50,0.0
861,5,10,150,50,0.09836355940276224
862,5,10,150,50,0.2309454071509619
863,5,10,150,50,0.0
864,5,10,150,50,0.30818910168647407
865,5,10,150,50,0.0
866,5,10,150,50,0.12374681498530773
867,5,10,150,50,0.2610371388057973
868,5,10,150,50,0.14712259979657627
869,5,10,150,50,0.09414478450656023
870,5,10,150,50,0.13245891461676046
871,5,10,150,50,0.18617993746174585
872,5,10,150,50,0.01624882666837855
873,5,10,150,50,0.0
874,5,10,150,50,0.06575393297476358
875,5,10,150,50,0.20715219341653826
876,5,10,150,50,0.0
877,5,10,150,50,0.03487978243545732
878,5,10,150,50,0.05278837461411455
879,5,10,150,50,0.07180913162424091
880,5,10,150,50,0.3905510562732362
881,5,10,150,50,0.3377780847265252
882,5,10,150,50,0.29315802396279267
883,5,10,150,50,0.36462164898749744
884,5,10,150,50,0.028767091820622218
885,5,10,150,50,0.10509129041295213
886,5,10,150,50,0.21470117518544404
887,5,10,150,50,0.13038972973160753
888,5,10,150,50,0.0
889,5,10,150,50,0.2823114178560851
890,5,10,150,50,0.30922288143611293
891,5,10,150,50,0.09013275514532934
892,5,10,150,50,0.4123907834445304
893,5,10,150,50,0.05014695371369417
894,5,10,150,50,0.2579139119602088
895,5,10,150,50,0.0
896,5,10,150,50,0.44004635143348697
897,5,10,150,50,0.17612835393663595
898,5,10,150,50,0.0
899,5,10,150,50,0.19850192051017615
900,5,10,150,50,0.07027548980333784
901,5,10,150,50,0.285694033259468
902,5,10,150,50,0.025255271126572616
903,5,10,150,50,0.4103940505313392
904,5,10,150,50,0.0
905,5,10,150,50,0.08773956418811966
906,5,10,150,50,0.0
907,5,10,150,50,0.18718515979414924
908,5,10,150,50,0.1481180328050781
909,5,10,150,50,0.0
910,5,10,150,50,0.14111581018360284
911,5,10,150,50,0.06682402725827212
912,5,10,150,50,0.07877990502228673
913,5,10,150,50,0.18669651160873404
914,5,10,150,50,0.0
915,5,10,150,50,0.0
916,5,10,150,50,0.25238142720983664
917,5,10,150,50,0.0
918,5,10,150,50,0.02906249138821173
919,5,10,150,50,0.15322606277859183
920,5,10,150,50,0.26814570941777965
921,5,10,150,50,0.029993861415543957
922,5,10,150,50,0.13392994835822708
923,5,10,150,50,0.03997048965522762
924,5,10,150,50,0.10476875172292892
925,5,10,150,50,0.039791360812020615
926,5,10,150,50,0.18690891198435525
927,5,10,150,50,0.10825995570352678
928,5,10,150,50,0.18240827501780815
929,5,10,150,50,0.0753982504991096
930,5,10,150,50,0.11308617502631921
931,5,10,150,50,0.059539365700728666
932,5,10,150,50,0.3425828564004697
933,5,10,150,50,0.06320963725949928
934,5,10,150,50,0.23083650910420092
935,5,10,150,50,0.0
936,5,10,150,50,0.13954208875106947
937,5,10,150,50,0.09560624946230661
938,5,10,150,50,0.08320546397867398
939,5,10,150,50,0.05231692143384187
940,5,10,150,50,0.11464325986738684
941,5,10,150,50,0.17060921827860473
942,5,10,150,50,0.08351318131142628
943,5,10,150,50,0.2119509047686896
1,5,10,150,51,0.4058715898896693
2,5,10,150,51,0.14433828292945616
3,5,10,150,51,0.08759200575528697
4,5,10,150,51,0.0
5,5,10,150,51,0.04470486007704452
6,5,10,150,51,0.04187254809446048
7,5,10,150,51,0.1849553466368852
8,5,10,150,51,0.0
9,5,10,150,51,0.0
10,5,10,150,51,0.3005733545514552
11,5,10,150,51,0.03947525607388688
12,5,10,150,51,0.0787978565107802
13,5,10,150,51,0.24256092752724764
14,5,10,150,51,0.18795160328752808
15,5,10,150,51,0.0
16,5,10,150,51,0.11062750966338458
17,5,10,150,51,0.0
18,5,10,150,51,0.17872418048185143
19,5,10,150,51,0.0
20,5,10,150,51,0.13743816645714543
21,5,10,150,51,0.15232559003472054
22,5,10,150,51,0.040815803121742565
23,5,10,150,51,0.10387012192613786
24,5,10,150,51,0.05010834716923557
25,5,10,150,51,0.23940867474021393
26,5,10,150,51,0.0
27,5,10,150,51,0.0
28,5,10,150,51,0.0
30,5,10,150,51,0.08133484538841967
31,5,10,150,51,0.11164668500969883
32,5,10,150,51,0.19519002499605084
33,5,10,150,51,0.0
34,5,10,150,51,0.0
35,5,10,150,51,0.0
37,5,10,150,51,0.08177471774917201
38,5,10,150,51,0.0
39,5,10,150,51,0.0
40,5,10,150,51,0.0
41,5,10,150,51,0.06835476917178976
42,5,10,150,51,0.08850778826764391
43,5,10,150,51,0.0
44,5,10,150,51,0.2672039079048423
45,5,10,150,51,0.0
46,5,10,150,51,0.0
47,5,10,150,51,0.0
48,5,10,150,51,0.07028063830038406
49,5,10,150,51,0.05432573058142762
52,5,10,150,51,0.0
53,5,10,150,51,0.0
54,5,10,150,51,0.0
55,5,10,150,51,0.0
56,5,10,150,51,0.11781210270929884
57,5,10,150,51,0.1318392860374695
58,5,10,150,51,0.40256699612340546
59,5,10,150,51,0.19233148606048747
60,5,10,150,51,0.1076743759411119
61,5,10,150,51,0.0
62,5,10,150,51,0.09586820699422145
63,5,10,150,51,0.0
64,5,10,150,51,0.04759023790187059
65,5,10,150,51,0.2342550150352983
66,5,10,150,51,0.0
67,5,10,150,51,0.0
68,5,10,150,51,0.0
69,5,10,150,51,0.0
70,5,10,150,51,0.0
71,5,10,150,51,0.20758456043036028
72,5,10,150,51,0.10990826949013655
73,5,10,150,51,0.05276490902632437
74,5,10,150,51,0.0
75,5,10,150,51,0.0
76,5,10,150,51,0.10633668103022985
77,5,10,150,51,0.14247142730086715
78,5,10,150,51,0.0
79,5,10,150,51,0.0
80,5,10,150,51,0.0
81,5,10,150,51,0.08878770367712427
82,5,10,150,51,0.0
83,5,10,150,51,0.07414861528507455
84,5,10,150,51,0.07550980911390262
85,5,10,150,51,0.04734112273659951
86,5,10,150,51,0.0
87,5,10,150,51,0.13890464807639166
88,5,10,150,51,0.18920035951687003
89,5,10,150,51,0.0
90,5,10,150,51,0.11641023011265045
91,5,10,150,51,0.0
92,5,10,150,51,0.03369782041898502
93,5,10,150,51,0.0
94,5,10,150,51,0.12253429761719764
95,5,10,150,51,0.07849567312219397
96,5,10,150,51,0.0
97,5,10,150,51,0.0
98,5,10,150,51,0.0
99,5,10,150,51,0.09641171098317775
100,5,10,150,51,0.0
101,5,10,150,51,0.0
102,5,10,150,51,0.0
103,5,10,150,51,0.0
104,5,10,150,51,0.33958467175585033
105,5,10,150,51,0.0
106,5,10,150,51,0.06516188295518531
107,5,10,150,51,0.0
109,5,10,150,51,0.16563719724029594
110,5,10,150,51,0.0
111,5,10,150,51,0.0
112,5,10,150,51,0.07807600999842033
113,5,10,150,51,0.0
114,5,10,150,51,0.08274602130532002
115,5,10,150,51,0.04001677477281075
116,5,10,150,51,0.0
117,5,10,150,51,0.0
118,5,10,150,51,0.16958010263680806
119,5,10,150,51,0.05891155956989184
120,5,10,150,51,0.0
121,5,10,150,51,0.13032376591037062
122,5,10,150,51,0.0
123,5,10,150,51,0.13720340769293682
124,5,10,150,51,0.0
125,5,10,150,51,0.05446333035917803
126,5,10,150,51,0.0
128,5,10,150,51,0.0
129,5,10,150,51,0.0
130,5,10,150,51,0.15174952279352721
131,5,10,150,51,0.0
132,5,10,150,51,0.0
133,5,10,150,51,0.0
134,5,10,150,51,0.0
135,5,10,150,51,0.0
136,5,10,150,51,0.0
137,5,10,150,51,0.1137075481082292
138,5,10,150,51,0.0976168253917686
139,5,10,150,51,0.0
140,5,10,150,51,0.0
141,5,10,150,51,0.0
142,5,10,150,51,0.0
143,5,10,150,51,0.0
144,5,10,150,51,0.0
145,5,10,150,51,0.17597149971119974
146,5,10,150,51,0.0
147,5,10,150,51,0.0
148,5,10,150,51,0.06916902856231065
149,5,10,150,51,0.0
150,5,10,150,51,0.2640681225725909
151,5,10,150,51,0.1026571794225922
152,5,10,150,51,0.0
153,5,10,150,51,0.0
154,5,10,150,51,0.06416923277158361
155,5,10,150,51,0.0
156,5,10,150,51,0.0
157,5,10,150,51,0.0
158,5,10,150,51,0.11017700922818752
159,5,10,150,51,0.23138144801632507
160,5,10,150,51,0.1719271394881576
161,5,10,150,51,0.0
162,5,10,150,51,0.0
163,5,10,150,51,0.0
164,5,10,150,51,0.0
165,5,10,150,51,0.0
167,5,10,150,51,0.05319635904163211
168,5,10,150,51,0.0
169,5,10,150,51,0.0
170,5,10,150,51,0.0
171,5,10,150,51,0.0
173,5,10,150,51,0.0
174,5,10,150,51,0.06784586495432565
175,5,10,150,51,0.21517910082405575
176,5,10,150,51,0.06289692884934815
177,5,10,150,51,0.38113435412202
178,5,10,150,51,0.12597398707460816
179,5,10,150,51,0.09149012142095872
180,5,10,150,51,0.06228974831361337
181,5,10,150,51,0.09913210981157927
182,5,10,150,51,0.0
183,5,10,150,51,0.15101961822780524
184,5,10,150,51,0.0
185,5,10,150,51,0.0
186,5,10,150,51,0.04633132539002164
187,5,10,150,51,0.0
188,5,10,150,51,0.12925733948536566
189,5,10,150,51,0.1622220746837199
190,5,10,150,51,0.0
192,5,10,150,51,0.123151194370365
193,5,10,150,51,0.0
194,5,10,150,51,0.0
195,5,10,150,51,0.11787667935667444
196,5,10,150,51,0.0
197,5,10,150,51,0.09546043308946733
198,5,10,150,51,0.0
199,5,10,150,51,0.0
200,5,10,150,51,0.09785159463516042
201,5,10,150,51,0.0
202,5,10,150,51,0.0
203,5,10,150,51,0.0
204,5,10,150,51,0.19519002499605084
205,5,10,150,51,0.0
206,5,10,150,51,0.0
207,5,10,150,51,0.0
208,5,10,150,51,0.0
209,5,10,150,51,0.0
210,5,10,150,51,0.2167516193508568
211,5,10,150,51,0.0
213,5,10,150,51,0.08445760625486516
214,5,10,150,51,0.0
216,5,10,150,51,0.23813231172447274
217,5,10,150,51,0.0
218,5,10,150,51,0.0
219,5,10,150,51,0.0
221,5,10,150,51,0.0
222,5,10,150,51,0.1050995674008573
223,5,10,150,51,0.0
224,5,10,150,51,0.0
225,5,10,150,51,0.09077089626867633
226,5,10,150,51,0.19092086617893467
227,5,10,150,51,0.0
228,5,10,150,51,0.0
229,5,10,150,51,0.0
230,5,10,150,51,0.12683081539850163
231,5,10,150,51,0.0
232,5,10,150,51,0.03962341267285813
233,5,10,150,51,0.23172568042238212
234,5,10,150,51,0.09887660119080527
235,5,10,150,51,0.0
236,5,10,150,51,0.0
237,5,10,150,51,0.19342640361727081
238,5,10,150,51,0.0
239,5,10,150,51,0.06912040963822193
240,5,10,150,51,0.12495636102304827
241,5,10,150,51,0.0
242,5,10,150,51,0.0
243,5,10,150,51,0.0
244,5,10,150,51,0.049712302565054066
245,5,10,150,51,0.0
246,5,10,150,51,0.0561326498270945
247,5,10,150,51,0.09472348220010487
248,5,10,150,51,0.09472348220010487
249,5,10,150,51,0.056720838976548935
250,5,10,150,51,0.0
251,5,10,150,51,0.13032376591037062
252,5,10,150,51,0.20184908658209985
253,5,10,150,51,0.05725248542464807
254,5,10,150,51,0.08514311764162098
255,5,10,150,51,0.0
256,5,10,150,51,0.038925970325304815
257,5,10,150,51,0.07984133538066794
258,5,10,150,51,0.0
259,5,10,150,51,0.1239740444869306
260,5,10,150,51,0.0
261,5,10,150,51,0.0
262,5,10,150,51,0.0
263,5,10,150,51,0.0956366800683804
264,5,10,150,51,0.0
265,5,10,150,51,0.0
266,5,10,150,51,0.0
267,5,10,150,51,0.17168372277322866
268,5,10,150,51,0.049712302565054066
269,5,10,150,51,0.052962244777770985
270,5,10,150,51,0.041641441310299704
271,5,10,150,51,0.13010624216828925
272,5,10,150,51,0.08942172406547305
273,5,10,150,51,0.0
274,5,10,150,51,0.0
275,5,10,150,51,0.0
276,5,10,150,51,0.15875999922826586
277,5,10,150,51,0.0
278,5,10,150,51,0.0
279,5,10,150,51,0.13251633524111026
280,5,10,150,51,0.14324481060386993
281,5,10,150,51,0.0
282,5,10,150,51,0.0
283,5,10,150,51,0.07028063830038406
284,5,10,150,51,0.0
285,5,10,150,51,0.0
286,5,10,150,51,0.05490370618855431
287,5,10,150,51,0.0
288,5,10,150,51,0.0859574327152926
289,5,10,150,51,0.16903020543979225
290,5,10,150,51,0.07834851647149511
291,5,10,150,51,0.07828167840727236
292,5,10,150,51,0.04224853374256244
293,5,10,150,51,0.062192625389540866
294,5,10,150,51,0.0
295,5,10,150,51,0.2603201838311303
296,5,10,150,51,0.13713660166967986
297,5,10,150,51,0.0
298,5,10,150,51,0.16915623549474385
299,5,10,150,51,0.0
300,5,10,150,51,0.0
301,5,10,150,51,0.06460801587741544
302,5,10,150,51,0.09224219235917257
303,5,10,150,51,0.07354269615643778
304,5,10,150,51,0.0
305,5,10,150,51,0.11349000778741654
306,5,10,150,51,0.0
307,5,10,150,51,0.10778915452451093
308,5,10,150,51,0.13490077762666258
310,5,10,150,51,0.0
311,5,10,150,51,0.13301422444853
312,5,10,150,51,0.13411902420450808
313,5,10,150,51,0.11270402374049442
314,5,10,150,51,0.16600564593053876
315,5,10,150,51,0.0
316,5,10,150,51,0.0
317,5,10,150,51,0.0
318,5,10,150,51,0.13567671906468678
319,5,10,150,51,0.0
320,5,10,150,51,0.13927874459665815
321,5,10,150,51,0.0
322,5,10,150,51,0.0
323,5,10,150,51,0.1610425878239398
324,5,10,150,51,0.0
325,5,10,150,51,0.09092803061897883
326,5,10,150,51,0.027288805847552652
327,5,10,150,51,0.025410386140327024
328,5,10,150,51,0.09206364236149692
329,5,10,150,51,0.0
330,5,10,150,51,0.10236603130088297
331,5,10,150,51,0.0
332,5,10,150,51,0.09320485889859448
334,5,10,150,51,0.02249061179923914
335,5,10,150,51,0.0
336,5,10,150,51,0.0780824078938463
337,5,10,150,51,0.0
338,5,10,150,51,0.07132875491150918
339,5,10,150,51,0.1664336467304897
340,5,10,150,51,0.0
341,5,10,150,51,0.0
342,5,10,150,51,0.3608742720986609
343,5,10,150,51,0.09229649639444802
344,5,10,150,51,0.1202034973803211
345,5,10,150,51,0.18015355216717013
346,5,10,150,51,0.04366879852493834
347,5,10,150,51,0.22280620320442554
348,5,10,150,51,0.0
349,5,10,150,51,0.0
350,5,10,150,51,0.058087171966128066
351,5,10,150,51,0.0
352,5,10,150,51,0.1903601622684853
353,5,10,150,51,0.14434031438272124
354,5,10,150,51,0.06335619058732639
355,5,10,150,51,0.0
356,5,10,150,51,0.0
357,5,10,150,51,0.0
358,5,10,150,51,0.06364028872631156
359,5,10,150,51,0.3010299956639812
360,5,10,150,51,0.12982031659526816
361,5,10,150,51,0.09478836436955078
362,5,10,150,51,0.0
363,5,10,150,51,0.22463865489880525
364,5,10,150,51,0.0
365,5,10,150,51,0.0
366,5,10,150,51,0.0
367,5,10,150,51,0.0
368,5,10,150,51,0.0
369,5,10,150,51,0.0
370,5,10,150,51,0.0
371,5,10,150,51,0.14056872705605022
372,5,10,150,51,0.15130120674940672
373,5,10,150,51,0.22842722979011518
374,5,10,150,51,0.07472550252128253
375,5,10,150,51,0.0
376,5,10,150,51,0.0
377,5,10,150,51,0.0
378,5,10,150,51,0.12028809946908156
379,5,10,150,51,0.08433239722469389
380,5,10,150,51,0.0
381,5,10,150,51,0.0
382,5,10,150,51,0.09952375175972906
383,5,10,150,51,0.040815803121742565
384,5,10,150,51,0.0
385,5,10,150,51,0.0
386,5,10,150,51,0.0
387,5,10,150,51,0.08586571489348302
388,5,10,150,51,0.0
389,5,10,150,51,0.09284203700798714
390,5,10,150,51,0.0
391,5,10,150,51,0.11245246430543061
392,5,10,150,51,0.11004588314904008
393,5,10,150,51,0.14501525133112833
394,5,10,150,51,0.16570616085215287
395,5,10,150,51,0.0
396,5,10,150,51,0.0
397,5,10,150,51,0.11004588314904008
398,5,10,150,51,0.28368572779044043
399,5,10,150,51,0.026175882249243814
400,5,10,150,51,0.0
401,5,10,150,51,0.02839245759615368
402,5,10,150,51,0.0
403,5,10,150,51,0.2529427027676571
404,5,10,150,51,0.0
405,5,10,150,51,0.038466535114807736
406,5,10,150,51,0.06360190926466157
407,5,10,150,51,0.09046795885890169
408,5,10,150,51,0.09983719697789138
409,5,10,150,51,0.0334374913847135
410,5,10,150,51,0.0
411,5,10,150,51,0.17342765698823945
412,5,10,150,51,0.0
413,5,10,150,51,0.0
414,5,10,150,51,0.21398626473452756
415,5,10,150,51,0.0
416,5,10,150,51,0.13161366915749356
417,5,10,150,51,0.11088189053445036
419,5,10,150,51,0.30260241349881345
420,5,10,150,51,0.05478392673173268
421,5,10,150,51,0.0
422,5,10,150,51,0.0
423,5,10,150,51,0.08440880858250024
424,5,10,150,51,0.0
425,5,10,150,51,0.2082843711703412
426,5,10,150,51,0.13571943816109763
427,5,10,150,51,0.0
428,5,10,150,51,0.0
429,5,10,150,51,0.1515437119631617
430,5,10,150,51,0.1261446714466394
431,5,10,150,51,0.0
432,5,10,150,51,0.0
433,5,10,150,51,0.0
434,5,10,150,51,0.3903800499921017
435,5,10,150,51,0.09964084501257568
436,5,10,150,51,0.08868088264964148
437,5,10,150,51,0.22972973128433707
438,5,10,150,51,0.0
439,5,10,150,51,0.0
440,5,10,150,51,0.06175696970122604
441,5,10,150,51,0.0
442,5,10,150,51,0.0
443,5,10,150,51,0.0
445,5,10,150,51,0.0
446,5,10,150,51,0.0
447,5,10,150,51,0.24290422668756767
448,5,10,150,51,0.0
449,5,10,150,51,0.04403205443910179
450,5,10,150,51,0.20487600352362179
451,5,10,150,51,0.0
452,5,10,150,51,0.07830573469972951
453,5,10,150,51,0.029956785715628154
454,5,10,150,51,0.0
455,5,10,150,51,0.0
456,5,10,150,51,0.07758828619721583
457,5,10,150,51,0.29418445531213994
458,5,10,150,51,0.04507276838148142
459,5,10,150,51,0.0
460,5,10,150,51,0.0
461,5,10,150,51,0.0
462,5,10,150,51,0.0
463,5,10,150,51,0.0
464,5,10,150,51,0.0
465,5,10,150,51,0.0
466,5,10,150,51,0.03947525607388688
467,5,10,150,51,0.1436337620239326
468,5,10,150,51,0.25116683884278784
469,5,10,150,51,0.0
470,5,10,150,51,0.0
471,5,10,150,51,0.0
472,5,10,150,51,0.13139503164087882
473,5,10,150,51,0.08754031530847717
474,5,10,150,51,0.30076261759159395
475,5,10,150,51,0.06516188295518531
476,5,10,150,51,0.0
477,5,10,150,51,0.055100238151135045
478,5,10,150,51,0.23782833255689273
479,5,10,150,51,0.07834096783470737
480,5,10,150,51,0.21398626473452756
481,5,10,150,51,0.13863671367752411
482,5,10,150,51,0.0
483,5,10,150,51,0.06912040963822193
484,5,10,150,51,0.09353062527112192
485,5,10,150,51,0.0
486,5,10,150,51,0.0877209484781505
487,5,10,150,51,0.19674990380650584
488,5,10,150,51,0.0
489,5,10,150,51,0.0
490,5,10,150,51,0.0
491,5,10,150,51,0.19092086617893467
492,5,10,150,51,0.12471554514794539
493,5,10,150,51,0.0332568859495131
494,5,10,150,51,0.0
495,5,10,150,51,0.11868174655260626
496,5,10,150,51,0.05459112561892713
497,5,10,150,51,0.014465411043270041
498,5,10,150,51,0.03855307727568851
499,5,10,150,51,0.1912282106369008
500,5,10,150,51,0.05011951520627559
501,5,10,150,51,0.0
502,5,10,150,51,0.06364028872631156
503,5,10,150,51,0.1894044290456616
504,5,10,150,51,0.0
505,5,10,150,51,0.0
506,5,10,150,51,0.10589517949214913
507,5,10,150,51,0.0
508,5,10,150,51,0.0
509,5,10,150,51,0.06474271459046577
510,5,10,150,51,0.0
511,5,10,150,51,0.0
512,5,10,150,51,0.18316925091363362
513,5,10,150,51,0.0
514,5,10,150,51,0.10595566933616397
515,5,10,150,51,0.0
516,5,10,150,51,0.06952808975538781
517,5,10,150,51,0.042259191411409554
518,5,10,150,51,0.0
519,5,10,150,51,0.038800293177871176
520,5,10,150,51,0.0
521,5,10,150,51,0.0
522,5,10,150,51,0.0
523,5,10,150,51,0.0316088333445714
524,5,10,150,51,0.09246866294777221
525,5,10,150,51,0.0
526,5,10,150,51,0.06235626924550528
527,5,10,150,51,0.12265062558661
528,5,10,150,51,0.14110144150616766
529,5,10,150,51,0.0
530,5,10,150,51,0.0
531,5,10,150,51,0.0
532,5,10,150,51,0.03226504867387547
533,5,10,150,51,0.12731562344278502
534,5,10,150,51,0.04084531701587904
535,5,10,150,51,0.23945874281261442
536,5,10,150,51,0.23620378562439379
537,5,10,150,51,0.3976346462494682
538,5,10,150,51,0.0
539,5,10,150,51,0.1560067947598593
540,5,10,150,51,0.0
541,5,10,150,51,0.12534926568386062
542,5,10,150,51,0.12627825946936164
543,5,10,150,51,0.0
544,5,10,150,51,0.0
545,5,10,150,51,0.052962244777770985
546,5,10,150,51,0.15314106296495628
547,5,10,150,51,0.0
548,5,10,150,51,0.0369180152329196
549,5,10,150,51,0.0
550,5,10,150,51,0.09061075809740494
551,5,10,150,51,0.25037881313101223
552,5,10,150,51,0.0
553,5,10,150,51,0.16102243342487008
554,5,10,150,51,0.16600564593053876
555,5,10,150,51,0.0
556,5,10,150,51,0.08876245163110816
557,5,10,150,51,0.053894577262255466
558,5,10,150,51,0.0
559,5,10,150,51,0.0734773909038217
560,5,10,150,51,0.2179777837196921
561,5,10,150,51,0.0
562,5,10,150,51,0.034743705427429224
563,5,10,150,51,0.0
564,5,10,150,51,0.0
565,5,10,150,51,0.10523285614729473
566,5,10,150,51,0.13665387068436016
567,5,10,150,51,0.13463074517970205
568,5,10,150,51,0.057107346298225524
569,5,10,150,51,0.0
570,5,10,150,51,0.0
571,5,10,150,51,0.0
572,5,10,150,51,0.058995070558427745
573,5,10,150,51,0.0
574,5,10,150,51,0.04185567464896701
575,5,10,150,51,0.0
576,5,10,150,51,0.17342765698823945
577,5,10,150,51,0.20619661189599137
578,5,10,150,51,0.09818998961169394
579,5,10,150,51,0.0
580,5,10,150,51,0.10209739512291163
581,5,10,150,51,0.0
582,5,10,150,51,0.028361369701356044
583,5,10,150,51,0.04579340374561851
584,5,10,150,51,0.0
585,5,10,150,51,0.0
586,5,10,150,51,0.07482758161941112
587,5,10,150,51,0.0
588,5,10,150,51,0.19218569948525413
589,5,10,150,51,0.0
590,5,10,150,51,0.18511573258657482
591,5,10,150,51,0.15758427078022966
592,5,10,150,51,0.2595378088077911
593,5,10,150,51,0.15257268888187236
594,5,10,150,51,0.0843142342558857
595,5,10,150,51,0.0
596,5,10,150,51,0.0
597,5,10,150,51,0.0
598,5,10,150,51,0.11752277470724268
599,5,10,150,51,0.16402353420682853
600,5,10,150,51,0.0
601,5,10,150,51,0.026557570376145638
602,5,10,150,51,0.0
603,5,10,150,51,0.06194403202282284
604,5,10,150,51,0.0
605,5,10,150,51,0.07677414822537214
606,5,10,150,51,0.2138150508755678
607,5,10,150,51,0.0
608,5,10,150,51,0.126140293880171
609,5,10,150,51,0.11838279295536291
610,5,10,150,51,0.0
611,5,10,150,51,0.03927158715985786
612,5,10,150,51,0.0
613,5,10,150,51,0.2049174583553662
614,5,10,150,51,0.13886244387355454
615,5,10,150,51,0.08391725636078755
616,5,10,150,51,0.09781579202094404
617,5,10,150,51,0.03804989622115975
618,5,10,150,51,0.13693830900397266
619,5,10,150,51,0.1303945739341477
620,5,10,150,51,0.10964161607630166
621,5,10,150,51,0.13589759152345549
622,5,10,150,51,0.11206325681124862
623,5,10,150,51,0.050143326786652107
624,5,10,150,51,0.019160322430058573
625,5,10,150,51,0.0
626,5,10,150,51,0.04690797720830594
627,5,10,150,51,0.04289205981312439
628,5,10,150,51,0.0
629,5,10,150,51,0.16098909010547607
630,5,10,150,51,0.09942460513010813
631,5,10,150,51,0.09240791929215005
632,5,10,150,51,0.29858330142272127
633,5,10,150,51,0.0455520698635181
634,5,10,150,51,0.023756977677906275
635,5,10,150,51,0.039407921945699885
636,5,10,150,51,0.0
637,5,10,150,51,0.0
638,5,10,150,51,0.15473934503245962
639,5,10,150,51,0.0
640,5,10,150,51,0.0637867864178444
641,5,10,150,51,0.0
642,5,10,150,51,0.11057579850059616
643,5,10,150,51,0.15828998655437565
644,5,10,150,51,0.0
645,5,10,150,51,0.1856947245529553
646,5,10,150,51,0.0
647,5,10,150,51,0.03673869545191085
648,5,10,150,51,0.07372918510621418
649,5,10,150,51,0.0
650,5,10,150,51,0.02904660755720655
651,5,10,150,51,0.0
652,5,10,150,51,0.0
653,5,10,150,51,0.043719006256869045
654,5,10,150,51,0.1521155994897412
655,5,10,150,51,0.2670047522092638
656,5,10,150,51,0.0
657,5,10,150,51,0.053845569940583225
658,5,10,150,51,0.0
659,5,10,150,51,0.06329960671225654
660,5,10,150,51,0.0
661,5,10,150,51,0.12705991527984942
662,5,10,150,51,0.0
663,5,10,150,51,0.07874514948204092
664,5,10,150,51,0.05391021349625259
665,5,10,150,51,0.0
666,5,10,150,51,0.07860744541237058
667,5,10,150,51,0.23495437216186538
668,5,10,150,51,0.0
669,5,10,150,51,0.25001448888650357
670,5,10,150,51,0.15539533467551025
671,5,10,150,51,0.17434206503696043
672,5,10,150,51,0.0
673,5,10,150,51,0.0
674,5,10,150,51,0.0
675,5,10,150,51,0.05010834716923557
676,5,10,150,51,0.0
677,5,10,150,51,0.03927489746221688
678,5,10,150,51,0.0
679,5,10,150,51,0.26970586372388394
680,5,10,150,51,0.2073612289146658
681,5,10,150,51,0.0
682,5,10,150,51,0.12343866572452035
683,5,10,150,51,0.06289349548893712
684,5,10,150,51,0.0
685,5,10,150,51,0.0
686,5,10,150,51,0.08962483220812449
687,5,10,150,51,0.0
688,5,10,150,51,0.0
689,5,10,150,51,0.32436268379537736
690,5,10,150,51,0.0
691,5,10,150,51,0.0
692,5,10,150,51,0.0
693,5,10,150,51,0.0
694,5,10,150,51,0.20269611984358588
695,5,10,150,51,0.0
696,5,10,150,51,0.12935879342602336
697,5,10,150,51,0.06378035696304758
698,5,10,150,51,0.09499131598480672
699,5,10,150,51,0.0
700,5,10,150,51,0.16958010263680806
701,5,10,150,51,0.04129602134854855
702,5,10,150,51,0.0
703,5,10,150,51,0.03870447337439288
704,5,10,150,51,0.059927504920695866
705,5,10,150,51,0.1484980142389049
706,5,10,150,51,0.0
707,5,10,150,51,0.10645081462846298
708,5,10,150,51,0.06058075640309377
709,5,10,150,51,0.10371915894912967
710,5,10,150,51,0.05710411178654767
711,5,10,150,51,0.14445425922695962
712,5,10,150,51,0.12435918123916344
713,5,10,150,51,0.0
714,5,10,150,51,0.04195229264874745
715,5,10,150,51,0.07550868415956469
716,5,10,150,51,0.18691519951634689
717,5,10,150,51,0.1671511698578214
718,5,10,150,51,0.14061157344379913
719,5,10,150,51,0.11614257564286637
720,5,10,150,51,0.05261577455142312
721,5,10,150,51,0.11926070029449289
722,5,10,150,51,0.0
723,5,10,150,51,0.0
724,5,10,150,51,0.0
725,5,10,150,51,0.05750402108673013
726,5,10,150,51,0.2529427027676571
727,5,10,150,51,0.10339464896290784
728,5,10,150,51,0.0
729,5,10,150,51,0.0
730,5,10,150,51,0.0
731,5,10,150,51,0.04466441818602386
732,5,10,150,51,0.0
733,5,10,150,51,0.0
734,5,10,150,51,0.0655813061736612
735,5,10,150,51,0.0
736,5,10,150,51,0.0
737,5,10,150,51,0.16282663249631943
738,5,10,150,51,0.24803970741351278
739,5,10,150,51,0.0
740,5,10,150,51,0.0
741,5,10,150,51,0.10965210684801945
742,5,10,150,51,0.04553761034739079
743,5,10,150,51,0.0814476682319001
744,5,10,150,51,0.08878770367712427
745,5,10,150,51,0.3682049230943936
746,5,10,150,51,0.11450296808588954
747,5,10,150,51,0.37855143843085376
748,5,10,150,51,0.1946257849561795
749,5,10,150,51,0.15148540907421099
750,5,10,150,51,0.07219614103266732
751,5,10,150,51,0.056598712529238204
752,5,10,150,51,0.020210299806331135
753,5,10,150,51,0.15406810205846871
754,5,10,150,51,0.0
755,5,10,150,51,0.0
756,5,10,150,51,0.03828357334999627
757,5,10,150,51,0.028336790544522913
758,5,10,150,51,0.1898282436332726
759,5,10,150,51,0.038281751104512325
760,5,10,150,51,0.11447590313611888
761,5,10,150,51,0.03339755935325358
762,5,10,150,51,0.11568388634051256
763,5,10,150,51,0.20859185628046678
764,5,10,150,51,0.08207588022692468
765,5,10,150,51,0.0
766,5,10,150,51,0.0552026763031064
767,5,10,150,51,0.2073612289146658
768,5,10,150,51,0.07655078846581868
769,5,10,150,51,0.0
770,5,10,150,51,0.04692206785373726
771,5,10,150,51,0.12915563873925176
772,5,10,150,51,0.03353522641880846
773,5,10,150,51,0.08995723990579832
774,5,10,150,51,0.03456808837026938
775,5,10,150,51,0.0
776,5,10,150,51,0.0949413284627631
777,5,10,150,51,0.14445412169961394
778,5,10,150,51,0.0
779,5,10,150,51,0.05878132199396477
780,5,10,150,51,0.07751937086606239
781,5,10,150,51,0.21898681539091044
782,5,10,150,51,0.014683424116083199
783,5,10,150,51,0.0
784,5,10,150,51,0.0
785,5,10,150,51,0.048159222084064895
786,5,10,150,51,0.13370327844286975
787,5,10,150,51,0.0683037314796457
788,5,10,150,51,0.20519933998484632
789,5,10,150,51,0.059109628562248356
790,5,10,150,51,0.07687416117802807
791,5,10,150,51,0.0
792,5,10,150,51,0.0
793,5,10,150,51,0.0
794,5,10,150,51,0.19607400121987484
795,5,10,150,51,0.11290959792352909
796,5,10,150,51,0.39024381444525164
797,5,10,150,51,0.09030583455080088
798,5,10,150,51,0.11386352157092137
799,5,10,150,51,0.0
800,5,10,150,51,0.0
801,5,10,150,51,0.0
802,5,10,150,51,0.030863419558816
803,5,10,150,51,0.0
804,5,10,150,51,0.2000075333175993
805,5,10,150,51,0.1265975480749364
806,5,10,150,51,0.1508151529479889
807,5,10,150,51,0.21536297427502887
808,5,10,150,51,0.0
809,5,10,150,51,0.0
810,5,10,150,51,0.0
811,5,10,150,51,0.0
812,5,10,150,51,0.0
813,5,10,150,51,0.17367331957930765
814,5,10,150,51,0.09144287629100999
815,5,10,150,51,0.27094887126576617
816,5,10,150,51,0.08005612702969578
817,5,10,150,51,0.0
818,5,10,150,51,0.0
819,5,10,150,51,0.11972777959067328
820,5,10,150,51,0.041641441310299704
821,5,10,150,51,0.1716292605492022
822,5,10,150,51,0.0
823,5,10,150,51,0.3518983609957723
824,5,10,150,51,0.0
825,5,10,150,51,0.0997960071751198
826,5,10,150,51,0.0956022175683246
827,5,10,150,51,0.0
828,5,10,150,51,0.07244745602732354
829,5,10,150,51,0.146125692125401
830,5,10,150,51,0.10053254151308513
831,5,10,150,51,0.16345709869743347
832,5,10,150,51,0.041355644490859725
833,5,10,150,51,0.16932478266849368
834,5,10,150,51,0.020919434760060668
835,5,10,150,51,0.082546902593288
836,5,10,150,51,0.10882945376944808
837,5,10,150,51,0.0
838,5,10,150,51,0.14570435926304814
839,5,10,150,51,0.05646784228340616
840,5,10,150,51,0.35441931578998814
841,5,10,150,51,0.0
842,5,10,150,51,0.03314153504336938
843,5,10,150,51,0.11990709242395341
844,5,10,150,51,0.14767302746812566
845,5,10,150,51,0.0
846,5,10,150,51,0.33463957361897606
847,5,10,150,51,0.0
848,5,10,150,51,0.07896055734180119
849,5,10,150,51,0.08280898853927336
850,5,10,150,51,0.20069031232476098
851,5,10,150,51,0.28211524298819685
852,5,10,150,51,0.0
853,5,10,150,51,0.0
854,5,10,150,51,0.17968617928136563
855,5,10,150,51,0.0
856,5,10,150,51,0.0
857,5,10,150,51,0.0
858,5,10,150,51,0.0
859,5,10,150,51,0.0
860,5,10,150,51,0.0
861,5,10,150,51,0.09836355940276224
862,5,10,150,51,0.2412651365743373
863,5,10,150,51,0.0
864,5,10,150,51,0.3040535979521354
865,5,10,150,51,0.0
866,5,10,150,51,0.12374681498530773
867,5,10,150,51,0.2610371388057973
868,5,10,150,51,0.145148402599028
869,5,10,150,51,0.09414478450656023
870,5,10,150,51,0.13068148532725452
871,5,10,150,51,0.1836816407263367
872,5,10,150,51,0.01624882666837855
873,5,10,150,51,0.0
874,5,10,150,51,0.06575393297476358
875,5,10,150,51,0.20715219341653826
876,5,10,150,51,0.0
877,5,10,150,51,0.03487978243545732
878,5,10,150,51,0.05208002211510753
879,5,10,150,51,0.07180913162424091
880,5,10,150,51,0.3853103604055706
881,5,10,150,51,0.33324553466839435
882,5,10,150,51,0.2892242180747349
883,5,10,150,51,0.37314761414639297
884,5,10,150,51,0.028767091820622218
885,5,10,150,51,0.10368109965159494
886,5,10,150,51,0.21182015990330866
887,5,10,150,51,0.12864006625787108
888,5,10,150,51,0.0
889,5,10,150,51,0.27852315955492685
890,5,10,150,51,0.3050735056991897
891,5,10,150,51,0.09013275514532934
892,5,10,150,51,0.42027574789038263
893,5,10,150,51,0.05014695371369417
894,5,10,150,51,0.2544530369967118
895,5,10,150,51,0.0
896,5,10,150,51,0.4341414919829843
897,5,10,150,51,0.1737649366014932
898,5,10,150,51,0.0
899,5,10,150,51,0.19583827851553365
900,5,10,150,51,0.07027548980333784
901,5,10,150,51,0.2818603845841662
902,5,10,150,51,0.025255271126572616
903,5,10,150,51,0.40488708704938803
904,5,10,150,51,0.0
905,5,10,150,51,0.08773956418811966
906,5,10,150,51,0.0
907,5,10,150,51,0.18467337426018507
908,5,10,150,51,0.1481180328050781
909,5,10,150,51,0.0
910,5,10,150,51,0.14111581018360284
911,5,10,150,51,0.065927334244931
912,5,10,150,51,0.09835918088209537
913,5,10,150,51,0.18419128310869648
914,5,10,150,51,0.0
915,5,10,150,51,0.0
916,5,10,150,51,0.24899479111857792
917,5,10,150,51,0.0
918,5,10,150,51,0.02867250990928388
919,5,10,150,51,0.1511699649109147
920,5,10,150,51,0.26814570941777965
921,5,10,150,51,0.02959138214157726
922,5,10,150,51,0.13213277967658207
923,5,10,150,51,0.03997048965522762
924,5,10,150,51,0.10476875172292892
925,5,10,150,51,0.039791360812020615
926,5,10,150,51,0.18690891198435525
927,5,10,150,51,0.10680724550501125
928,5,10,150,51,0.18240827501780815
929,5,10,150,51,0.0753982504991096
930,5,10,150,51,0.12668740771092546
931,5,10,150,51,0.059539365700728666
932,5,10,150,51,0.35140455397996423
933,5,10,150,51,0.06236144473905517
934,5,10,150,51,0.22773897826940426
935,5,10,150,51,0.0
936,5,10,150,51,0.1376696123203015
937,5,10,150,51,0.09560624946230661
938,5,10,150,51,0.08208895302770841
939,5,10,150,51,0.05231692143384187
940,5,10,150,51,0.11310489388785049
941,5,10,150,51,0.17060921827860473
942,5,10,150,51,0.08351318131142628
943,5,10,150,51,0.20910679459941084
1,5,10,150,52,0.4058715898896693
2,5,10,150,52,0.14433828292945616
3,5,10,150,52,0.08759200575528697
4,5,10,150,52,0.0
5,5,10,150,52,0.04470486007704452
6,5,10,150,52,0.04187254809446048
7,5,10,150,52,0.1849553466368852
8,5,10,150,52,0.0
9,5,10,150,52,0.0
10,5,10,150,52,0.3005733545514552
11,5,10,150,52,0.03947525607388688
12,5,10,150,52,0.0787978565107802
13,5,10,150,52,0.24256092752724764
14,5,10,150,52,0.18795160328752808
15,5,10,150,52,0.0
16,5,10,150,52,0.11062750966338458
17,5,10,150,52,0.0
18,5,10,150,52,0.17872418048185143
19,5,10,150,52,0.0
20,5,10,150,52,0.13743816645714543
21,5,10,150,52,0.15232559003472054
22,5,10,150,52,0.040815803121742565
23,5,10,150,52,0.10387012192613786
24,5,10,150,52,0.05010834716923557
25,5,10,150,52,0.23940867474021393
26,5,10,150,52,0.0
27,5,10,150,52,0.0
28,5,10,150,52,0.0
30,5,10,150,52,0.08133484538841967
31,5,10,150,52,0.11164668500969883
32,5,10,150,52,0.19519002499605084
33,5,10,150,52,0.0
34,5,10,150,52,0.0
35,5,10,150,52,0.0
37,5,10,150,52,0.08177471774917201
38,5,10,150,52,0.0
39,5,10,150,52,0.0
40,5,10,150,52,0.0
41,5,10,150,52,0.06835476917178976
42,5,10,150,52,0.08850778826764391
43,5,10,150,52,0.0
44,5,10,150,52,0.2672039079048423
45,5,10,150,52,0.0
46,5,10,150,52,0.0
47,5,10,150,52,0.0
48,5,10,150,52,0.07028063830038406
49,5,10,150,52,0.05432573058142762
52,5,10,150,52,0.0
53,5,10,150,52,0.0
54,5,10,150,52,0.0
55,5,10,150,52,0.0
56,5,10,150,52,0.11781210270929884
57,5,10,150,52,0.1318392860374695
58,5,10,150,52,0.40256699612340546
59,5,10,150,52,0.19233148606048747
60,5,10,150,52,0.1076743759411119
61,5,10,150,52,0.0
62,5,10,150,52,0.09586820699422145
63,5,10,150,52,0.0
64,5,10,150,52,0.04759023790187059
65,5,10,150,52,0.2342550150352983
66,5,10,150,52,0.0
67,5,10,150,52,0.0
68,5,10,150,52,0.0
69,5,10,150,52,0.0
70,5,10,150,52,0.0
71,5,10,150,52,0.20758456043036028
72,5,10,150,52,0.10990826949013655
73,5,10,150,52,0.05276490902632437
74,5,10,150,52,0.0
75,5,10,150,52,0.0
76,5,10,150,52,0.10633668103022985
77,5,10,150,52,0.14247142730086715
78,5,10,150,52,0.0
79,5,10,150,52,0.0
80,5,10,150,52,0.0
81,5,10,150,52,0.08878770367712427
82,5,10,150,52,0.0
83,5,10,150,52,0.07414861528507455
84,5,10,150,52,0.07550980911390262
85,5,10,150,52,0.04734112273659951
86,5,10,150,52,0.0
87,5,10,150,52,0.16641625059082407
88,5,10,150,52,0.18920035951687003
89,5,10,150,52,0.0
90,5,10,150,52,0.14392183262708286
91,5,10,150,52,0.0
92,5,10,150,52,0.03369782041898502
93,5,10,150,52,0.0
94,5,10,150,52,0.12253429761719764
95,5,10,150,52,0.07849567312219397
96,5,10,150,52,0.0
97,5,10,150,52,0.0
98,5,10,150,52,0.0
99,5,10,150,52,0.09641171098317775
100,5,10,150,52,0.0
101,5,10,150,52,0.0
102,5,10,150,52,0.0
103,5,10,150,52,0.0
104,5,10,150,52,0.33958467175585033
105,5,10,150,52,0.0
106,5,10,150,52,0.06516188295518531
107,5,10,150,52,0.0
109,5,10,150,52,0.16563719724029594
110,5,10,150,52,0.0
111,5,10,150,52,0.0
112,5,10,150,52,0.07807600999842033
113,5,10,150,52,0.0
114,5,10,150,52,0.08274602130532002
115,5,10,150,52,0.04001677477281075
116,5,10,150,52,0.0
117,5,10,150,52,0.0
118,5,10,150,52,0.16958010263680806
119,5,10,150,52,0.05891155956989184
120,5,10,150,52,0.0
121,5,10,150,52,0.13032376591037062
122,5,10,150,52,0.0
123,5,10,150,52,0.13720340769293682
124,5,10,150,52,0.0
125,5,10,150,52,0.05446333035917803
126,5,10,150,52,0.0
128,5,10,150,52,0.0
129,5,10,150,52,0.0
130,5,10,150,52,0.15174952279352721
131,5,10,150,52,0.0
132,5,10,150,52,0.0
133,5,10,150,52,0.0
134,5,10,150,52,0.0
135,5,10,150,52,0.0
136,5,10,150,52,0.0
137,5,10,150,52,0.1137075481082292
138,5,10,150,52,0.0976168253917686
139,5,10,150,52,0.0
140,5,10,150,52,0.0
141,5,10,150,52,0.0
142,5,10,150,52,0.0
143,5,10,150,52,0.0
144,5,10,150,52,0.0
145,5,10,150,52,0.17597149971119974
146,5,10,150,52,0.0
147,5,10,150,52,0.0
148,5,10,150,52,0.06916902856231065
149,5,10,150,52,0.0
150,5,10,150,52,0.2640681225725909
151,5,10,150,52,0.1026571794225922
152,5,10,150,52,0.0
153,5,10,150,52,0.0
154,5,10,150,52,0.06416923277158361
155,5,10,150,52,0.0
156,5,10,150,52,0.0
157,5,10,150,52,0.0
158,5,10,150,52,0.11017700922818752
159,5,10,150,52,0.23138144801632507
160,5,10,150,52,0.1719271394881576
161,5,10,150,52,0.0
162,5,10,150,52,0.0
163,5,10,150,52,0.0
164,5,10,150,52,0.0
165,5,10,150,52,0.0
167,5,10,150,52,0.05319635904163211
168,5,10,150,52,0.0
169,5,10,150,52,0.0
170,5,10,150,52,0.0
171,5,10,150,52,0.0
173,5,10,150,52,0.0
174,5,10,150,52,0.06784586495432565
175,5,10,150,52,0.21517910082405575
176,5,10,150,52,0.06289692884934815
177,5,10,150,52,0.38113435412202
178,5,10,150,52,0.12597398707460816
179,5,10,150,52,0.09149012142095872
180,5,10,150,52,0.06228974831361337
181,5,10,150,52,0.09913210981157927
182,5,10,150,52,0.0
183,5,10,150,52,0.15101961822780524
184,5,10,150,52,0.0
185,5,10,150,52,0.0
186,5,10,150,52,0.04633132539002164
187,5,10,150,52,0.0
188,5,10,150,52,0.12925733948536566
189,5,10,150,52,0.1622220746837199
190,5,10,150,52,0.0
192,5,10,150,52,0.123151194370365
193,5,10,150,52,0.0
194,5,10,150,52,0.0
195,5,10,150,52,0.11787667935667444
196,5,10,150,52,0.0
197,5,10,150,52,0.09546043308946733
198,5,10,150,52,0.0
199,5,10,150,52,0.0
200,5,10,150,52,0.09785159463516042
201,5,10,150,52,0.0
202,5,10,150,52,0.0
203,5,10,150,52,0.0
204,5,10,150,52,0.19519002499605084
205,5,10,150,52,0.0
206,5,10,150,52,0.0
207,5,10,150,52,0.0
208,5,10,150,52,0.0
209,5,10,150,52,0.0
210,5,10,150,52,0.2167516193508568
211,5,10,150,52,0.0
213,5,10,150,52,0.12065944085776534
214,5,10,150,52,0.0
216,5,10,150,52,0.23813231172447274
217,5,10,150,52,0.0
218,5,10,150,52,0.0
219,5,10,150,52,0.0
221,5,10,150,52,0.0
222,5,10,150,52,0.1050995674008573
223,5,10,150,52,0.0
224,5,10,150,52,0.0
225,5,10,150,52,0.09077089626867633
226,5,10,150,52,0.19092086617893467
227,5,10,150,52,0.0
228,5,10,150,52,0.0
229,5,10,150,52,0.0
230,5,10,150,52,0.12683081539850163
231,5,10,150,52,0.0
232,5,10,150,52,0.03962341267285813
233,5,10,150,52,0.23172568042238212
234,5,10,150,52,0.09887660119080527
235,5,10,150,52,0.0
236,5,10,150,52,0.0
237,5,10,150,52,0.19342640361727081
238,5,10,150,52,0.0
239,5,10,150,52,0.06912040963822193
240,5,10,150,52,0.12495636102304827
241,5,10,150,52,0.0
242,5,10,150,52,0.0
243,5,10,150,52,0.0
244,5,10,150,52,0.049712302565054066
245,5,10,150,52,0.0
246,5,10,150,52,0.0561326498270945
247,5,10,150,52,0.09472348220010487
248,5,10,150,52,0.09472348220010487
249,5,10,150,52,0.056720838976548935
250,5,10,150,52,0.0
251,5,10,150,52,0.13032376591037062
252,5,10,150,52,0.20184908658209985
253,5,10,150,52,0.05725248542464807
254,5,10,150,52,0.08514311764162098
255,5,10,150,52,0.0
256,5,10,150,52,0.038925970325304815
257,5,10,150,52,0.07984133538066794
258,5,10,150,52,0.0
259,5,10,150,52,0.1239740444869306
260,5,10,150,52,0.0
261,5,10,150,52,0.0
262,5,10,150,52,0.0
263,5,10,150,52,0.0956366800683804
264,5,10,150,52,0.0
265,5,10,150,52,0.0
266,5,10,150,52,0.0
267,5,10,150,52,0.17168372277322866
268,5,10,150,52,0.049712302565054066
269,5,10,150,52,0.052962244777770985
270,5,10,150,52,0.041641441310299704
271,5,10,150,52,0.13010624216828925
272,5,10,150,52,0.08942172406547305
273,5,10,150,52,0.0
274,5,10,150,52,0.0
275,5,10,150,52,0.0
276,5,10,150,52,0.15875999922826586
277,5,10,150,52,0.0
278,5,10,150,52,0.0
279,5,10,150,52,0.13251633524111026
280,5,10,150,52,0.16417286747746287
281,5,10,150,52,0.0
282,5,10,150,52,0.0
283,5,10,150,52,0.07028063830038406
284,5,10,150,52,0.0
285,5,10,150,52,0.0
286,5,10,150,52,0.05490370618855431
287,5,10,150,52,0.0
288,5,10,150,52,0.0859574327152926
289,5,10,150,52,0.16903020543979225
290,5,10,150,52,0.07834851647149511
291,5,10,150,52,0.07828167840727236
292,5,10,150,52,0.04224853374256244
293,5,10,150,52,0.062192625389540866
294,5,10,150,52,0.0
295,5,10,150,52,0.2603201838311303
296,5,10,150,52,0.13713660166967986
297,5,10,150,52,0.0
298,5,10,150,52,0.16915623549474385
299,5,10,150,52,0.0
300,5,10,150,52,0.0
301,5,10,150,52,0.06460801587741544
302,5,10,150,52,0.09224219235917257
303,5,10,150,52,0.07354269615643778
304,5,10,150,52,0.0
305,5,10,150,52,0.11349000778741654
306,5,10,150,52,0.0
307,5,10,150,52,0.10778915452451093
308,5,10,150,52,0.13490077762666258
310,5,10,150,52,0.0
311,5,10,150,52,0.13301422444853
312,5,10,150,52,0.158151392117726
313,5,10,150,52,0.11270402374049442
314,5,10,150,52,0.16600564593053876
315,5,10,150,52,0.0
316,5,10,150,52,0.0
317,5,10,150,52,0.0
318,5,10,150,52,0.1642688369468948
319,5,10,150,52,0.0
320,5,10,150,52,0.13927874459665815
321,5,10,150,52,0.0
322,5,10,150,52,0.0
323,5,10,150,52,0.1610425878239398
324,5,10,150,52,0.0
325,5,10,150,52,0.09092803061897883
326,5,10,150,52,0.027288805847552652
327,5,10,150,52,0.025410386140327024
328,5,10,150,52,0.09206364236149692
329,5,10,150,52,0.0
330,5,10,150,52,0.10236603130088297
331,5,10,150,52,0.0
332,5,10,150,52,0.09320485889859448
334,5,10,150,52,0.02249061179923914
335,5,10,150,52,0.0
336,5,10,150,52,0.0780824078938463
337,5,10,150,52,0.0
338,5,10,150,52,0.07132875491150918
339,5,10,150,52,0.1664336467304897
340,5,10,150,52,0.0
341,5,10,150,52,0.0
342,5,10,150,52,0.3608742720986609
343,5,10,150,52,0.09229649639444802
344,5,10,150,52,0.1202034973803211
345,5,10,150,52,0.18015355216717013
346,5,10,150,52,0.04366879852493834
347,5,10,150,52,0.22280620320442554
348,5,10,150,52,0.0
349,5,10,150,52,0.0
350,5,10,150,52,0.058087171966128066
351,5,10,150,52,0.0
352,5,10,150,52,0.1903601622684853
353,5,10,150,52,0.14434031438272124
354,5,10,150,52,0.06335619058732639
355,5,10,150,52,0.0
356,5,10,150,52,0.0
357,5,10,150,52,0.0
358,5,10,150,52,0.06364028872631156
359,5,10,150,52,0.3010299956639812
360,5,10,150,52,0.12982031659526816
361,5,10,150,52,0.09478836436955078
362,5,10,150,52,0.0
363,5,10,150,52,0.22463865489880525
364,5,10,150,52,0.0
365,5,10,150,52,0.0
366,5,10,150,52,0.0
367,5,10,150,52,0.0
368,5,10,150,52,0.0
369,5,10,150,52,0.0
370,5,10,150,52,0.0
371,5,10,150,52,0.14056872705605022
372,5,10,150,52,0.15130120674940672
373,5,10,150,52,0.22842722979011518
374,5,10,150,52,0.07472550252128253
375,5,10,150,52,0.0
376,5,10,150,52,0.0
377,5,10,150,52,0.0
378,5,10,150,52,0.12028809946908156
379,5,10,150,52,0.08433239722469389
380,5,10,150,52,0.0
381,5,10,150,52,0.0
382,5,10,150,52,0.09952375175972906
383,5,10,150,52,0.040815803121742565
384,5,10,150,52,0.0
385,5,10,150,52,0.0
386,5,10,150,52,0.0
387,5,10,150,52,0.08586571489348302
388,5,10,150,52,0.0
389,5,10,150,52,0.09284203700798714
390,5,10,150,52,0.0
391,5,10,150,52,0.11245246430543061
392,5,10,150,52,0.1484702586346916
393,5,10,150,52,0.1431041889384487
394,5,10,150,52,0.16570616085215287
395,5,10,150,52,0.0
396,5,10,150,52,0.0
397,5,10,150,52,0.11004588314904008
398,5,10,150,52,0.28368572779044043
399,5,10,150,52,0.026175882249243814
400,5,10,150,52,0.0
401,5,10,150,52,0.02839245759615368
402,5,10,150,52,0.0
403,5,10,150,52,0.2529427027676571
404,5,10,150,52,0.0
405,5,10,150,52,0.03795960947795357
406,5,10,150,52,0.06360190926466157
407,5,10,150,52,0.09046795885890169
408,5,10,150,52,0.09983719697789138
409,5,10,150,52,0.0334374913847135
410,5,10,150,52,0.0
411,5,10,150,52,0.17342765698823945
412,5,10,150,52,0.0
413,5,10,150,52,0.0
414,5,10,150,52,0.21398626473452756
415,5,10,150,52,0.0
416,5,10,150,52,0.14305757208464676
417,5,10,150,52,0.11088189053445036
419,5,10,150,52,0.30260241349881345
420,5,10,150,52,0.05478392673173268
421,5,10,150,52,0.0
422,5,10,150,52,0.0
423,5,10,150,52,0.08440880858250024
424,5,10,150,52,0.0
425,5,10,150,52,0.2082843711703412
426,5,10,150,52,0.13571943816109763
427,5,10,150,52,0.0
428,5,10,150,52,0.0
429,5,10,150,52,0.14954661520181087
430,5,10,150,52,0.1261446714466394
431,5,10,150,52,0.0
432,5,10,150,52,0.0
433,5,10,150,52,0.0
434,5,10,150,52,0.3903800499921017
435,5,10,150,52,0.09964084501257568
436,5,10,150,52,0.08868088264964148
437,5,10,150,52,0.22972973128433707
438,5,10,150,52,0.0
439,5,10,150,52,0.0
440,5,10,150,52,0.06175696970122604
441,5,10,150,52,0.0
442,5,10,150,52,0.0
443,5,10,150,52,0.0
445,5,10,150,52,0.0
446,5,10,150,52,0.0
447,5,10,150,52,0.2726897692124621
448,5,10,150,52,0.0
449,5,10,150,52,0.04403205443910179
450,5,10,150,52,0.20217607491678533
451,5,10,150,52,0.0
452,5,10,150,52,0.07830573469972951
453,5,10,150,52,0.029956785715628154
454,5,10,150,52,0.02041889950891442
455,5,10,150,52,0.0
456,5,10,150,52,0.07758828619721583
457,5,10,150,52,0.29418445531213994
458,5,10,150,52,0.04507276838148142
459,5,10,150,52,0.0
460,5,10,150,52,0.0
461,5,10,150,52,0.0
462,5,10,150,52,0.0
463,5,10,150,52,0.0
464,5,10,150,52,0.0
465,5,10,150,52,0.0
466,5,10,150,52,0.03947525607388688
467,5,10,150,52,0.1436337620239326
468,5,10,150,52,0.25116683884278784
469,5,10,150,52,0.0
470,5,10,150,52,0.0
471,5,10,150,52,0.0
472,5,10,150,52,0.13139503164087882
473,5,10,150,52,0.08754031530847717
474,5,10,150,52,0.30076261759159395
475,5,10,150,52,0.06516188295518531
476,5,10,150,52,0.0
477,5,10,150,52,0.055100238151135045
478,5,10,150,52,0.23782833255689273
479,5,10,150,52,0.07834096783470737
480,5,10,150,52,0.21398626473452756
481,5,10,150,52,0.13863671367752411
482,5,10,150,52,0.0
483,5,10,150,52,0.06912040963822193
484,5,10,150,52,0.09353062527112192
485,5,10,150,52,0.0
486,5,10,150,52,0.0877209484781505
487,5,10,150,52,0.19674990380650584
488,5,10,150,52,0.0
489,5,10,150,52,0.0
490,5,10,150,52,0.0
491,5,10,150,52,0.19092086617893467
492,5,10,150,52,0.12471554514794539
493,5,10,150,52,0.0332568859495131
494,5,10,150,52,0.0
495,5,10,150,52,0.11868174655260626
496,5,10,150,52,0.05459112561892713
497,5,10,150,52,0.014465411043270041
498,5,10,150,52,0.03855307727568851
499,5,10,150,52,0.1912282106369008
500,5,10,150,52,0.05011951520627559
501,5,10,150,52,0.0
502,5,10,150,52,0.06364028872631156
503,5,10,150,52,0.1894044290456616
504,5,10,150,52,0.0
505,5,10,150,52,0.0
506,5,10,150,52,0.10589517949214913
507,5,10,150,52,0.0
508,5,10,150,52,0.0
509,5,10,150,52,0.06474271459046577
510,5,10,150,52,0.0
511,5,10,150,52,0.0
512,5,10,150,52,0.18316925091363362
513,5,10,150,52,0.0
514,5,10,150,52,0.10595566933616397
515,5,10,150,52,0.0
516,5,10,150,52,0.13768197790533618
517,5,10,150,52,0.042259191411409554
518,5,10,150,52,0.0
519,5,10,150,52,0.038800293177871176
520,5,10,150,52,0.0
521,5,10,150,52,0.0
522,5,10,150,52,0.0
523,5,10,150,52,0.0316088333445714
524,5,10,150,52,0.09125007812556378
525,5,10,150,52,0.0
526,5,10,150,52,0.06235626924550528
527,5,10,150,52,0.12265062558661
528,5,10,150,52,0.14110144150616766
529,5,10,150,52,0.0
530,5,10,150,52,0.0
531,5,10,150,52,0.0
532,5,10,150,52,0.04774713204658456
533,5,10,150,52,0.12731562344278502
534,5,10,150,52,0.04084531701587904
535,5,10,150,52,0.25546913731230225
536,5,10,150,52,0.23620378562439379
537,5,10,150,52,0.39239447591222104
538,5,10,150,52,0.0
539,5,10,150,52,0.1560067947598593
540,5,10,150,52,0.0
541,5,10,150,52,0.12534926568386062
542,5,10,150,52,0.12627825946936164
543,5,10,150,52,0.0
544,5,10,150,52,0.0
545,5,10,150,52,0.052962244777770985
546,5,10,150,52,0.15314106296495628
547,5,10,150,52,0.0
548,5,10,150,52,0.0369180152329196
549,5,10,150,52,0.0
550,5,10,150,52,0.09061075809740494
551,5,10,150,52,0.24707923236756651
552,5,10,150,52,0.0
553,5,10,150,52,0.16102243342487008
554,5,10,150,52,0.16600564593053876
555,5,10,150,52,0.0
556,5,10,150,52,0.08876245163110816
557,5,10,150,52,0.053894577262255466
558,5,10,150,52,0.0
559,5,10,150,52,0.0734773909038217
560,5,10,150,52,0.2179777837196921
561,5,10,150,52,0.0
562,5,10,150,52,0.034743705427429224
563,5,10,150,52,0.0
564,5,10,150,52,0.0
565,5,10,150,52,0.10523285614729473
566,5,10,150,52,0.13665387068436016
567,5,10,150,52,0.13463074517970205
568,5,10,150,52,0.057107346298225524
569,5,10,150,52,0.0
570,5,10,150,52,0.0
571,5,10,150,52,0.0
572,5,10,150,52,0.058995070558427745
573,5,10,150,52,0.0
574,5,10,150,52,0.04185567464896701
575,5,10,150,52,0.0
576,5,10,150,52,0.17342765698823945
577,5,10,150,52,0.20619661189599137
578,5,10,150,52,0.09818998961169394
579,5,10,150,52,0.0
580,5,10,150,52,0.10209739512291163
581,5,10,150,52,0.0
582,5,10,150,52,0.028361369701356044
583,5,10,150,52,0.04579340374561851
584,5,10,150,52,0.0
585,5,10,150,52,0.0
586,5,10,150,52,0.07482758161941112
587,5,10,150,52,0.0
588,5,10,150,52,0.1896530082039871
589,5,10,150,52,0.0
590,5,10,150,52,0.18511573258657482
591,5,10,150,52,0.15758427078022966
592,5,10,150,52,0.25611752755228034
593,5,10,150,52,0.15257268888187236
594,5,10,150,52,0.0843142342558857
595,5,10,150,52,0.0
596,5,10,150,52,0.0
597,5,10,150,52,0.0
598,5,10,150,52,0.11752277470724268
599,5,10,150,52,0.16402353420682853
600,5,10,150,52,0.0
601,5,10,150,52,0.026557570376145638
602,5,10,150,52,0.0
603,5,10,150,52,0.06194403202282284
604,5,10,150,52,0.0
605,5,10,150,52,0.07677414822537214
606,5,10,150,52,0.2138150508755678
607,5,10,150,52,0.0
608,5,10,150,52,0.126140293880171
609,5,10,150,52,0.11838279295536291
610,5,10,150,52,0.029785542524894418
611,5,10,150,52,0.03927158715985786
612,5,10,150,52,0.0
613,5,10,150,52,0.2049174583553662
614,5,10,150,52,0.13886244387355454
615,5,10,150,52,0.08391725636078755
616,5,10,150,52,0.09781579202094404
617,5,10,150,52,0.03804989622115975
618,5,10,150,52,0.13693830900397266
619,5,10,150,52,0.1303945739341477
620,5,10,150,52,0.10964161607630166
621,5,10,150,52,0.13589759152345549
622,5,10,150,52,0.11058644748445469
623,5,10,150,52,0.050143326786652107
624,5,10,150,52,0.019160322430058573
625,5,10,150,52,0.0
626,5,10,150,52,0.04690797720830594
627,5,10,150,52,0.04289205981312439
628,5,10,150,52,0.0
629,5,10,150,52,0.16098909010547607
630,5,10,150,52,0.09942460513010813
631,5,10,150,52,0.09240791929215005
632,5,10,150,52,0.29858330142272127
633,5,10,150,52,0.0455520698635181
634,5,10,150,52,0.023756977677906275
635,5,10,150,52,0.039407921945699885
636,5,10,150,52,0.0
637,5,10,150,52,0.0
638,5,10,150,52,0.15473934503245962
639,5,10,150,52,0.0
640,5,10,150,52,0.0637867864178444
641,5,10,150,52,0.0
642,5,10,150,52,0.10911859142675201
643,5,10,150,52,0.15620398499478041
644,5,10,150,52,0.0
645,5,10,150,52,0.1856947245529553
646,5,10,150,52,0.0
647,5,10,150,52,0.03673869545191085
648,5,10,150,52,0.07275755576649966
649,5,10,150,52,0.0
650,5,10,150,52,0.04184217558408355
651,5,10,150,52,0.0
652,5,10,150,52,0.0
653,5,10,150,52,0.043142861693204845
654,5,10,150,52,0.1521155994897412
655,5,10,150,52,0.26348606892643633
656,5,10,150,52,0.0
657,5,10,150,52,0.053845569940583225
658,5,10,150,52,0.0
659,5,10,150,52,0.062465422054099565
660,5,10,150,52,0.0
661,5,10,150,52,0.12705991527984942
662,5,10,150,52,0.0
663,5,10,150,52,0.07874514948204092
664,5,10,150,52,0.05391021349625259
665,5,10,150,52,0.0
666,5,10,150,52,0.07860744541237058
667,5,10,150,52,0.23495437216186538
668,5,10,150,52,0.0
669,5,10,150,52,0.25001448888650357
670,5,10,150,52,0.15539533467551025
671,5,10,150,52,0.17434206503696043
672,5,10,150,52,0.0
673,5,10,150,52,0.0
674,5,10,150,52,0.0
675,5,10,150,52,0.05010834716923557
676,5,10,150,52,0.0
677,5,10,150,52,0.03927489746221688
678,5,10,150,52,0.0
679,5,10,150,52,0.26970586372388394
680,5,10,150,52,0.2073612289146658
681,5,10,150,52,0.0
682,5,10,150,52,0.1218119472262706
683,5,10,150,52,0.06289349548893712
684,5,10,150,52,0.0
685,5,10,150,52,0.0
686,5,10,150,52,0.08962483220812449
687,5,10,150,52,0.0
688,5,10,150,52,0.0
689,5,10,150,52,0.32436268379537736
690,5,10,150,52,0.0
691,5,10,150,52,0.0
692,5,10,150,52,0.0
693,5,10,150,52,0.0
694,5,10,150,52,0.20269611984358588
695,5,10,150,52,0.031112565128707144
696,5,10,150,52,0.12935879342602336
697,5,10,150,52,0.06378035696304758
698,5,10,150,52,0.09499131598480672
699,5,10,150,52,0.0
700,5,10,150,52,0.16958010263680806
701,5,10,150,52,0.04129602134854855
702,5,10,150,52,0.0
703,5,10,150,52,0.03870447337439288
704,5,10,150,52,0.059927504920695866
705,5,10,150,52,0.1484980142389049
706,5,10,150,52,0.0
707,5,10,150,52,0.10504796805447027
708,5,10,150,52,0.06058075640309377
709,5,10,150,52,0.10371915894912967
710,5,10,150,52,0.05710411178654767
711,5,10,150,52,0.142550589787111
712,5,10,150,52,0.12435918123916344
713,5,10,150,52,0.0
714,5,10,150,52,0.04195229264874745
715,5,10,150,52,0.07451360395045918
716,5,10,150,52,0.18445196475216163
717,5,10,150,52,0.1671511698578214
718,5,10,150,52,0.14061157344379913
719,5,10,150,52,0.11614257564286637
720,5,10,150,52,0.05261577455142312
721,5,10,150,52,0.11768904050584748
722,5,10,150,52,0.0
723,5,10,150,52,0.0
724,5,10,150,52,0.0
725,5,10,150,52,0.05750402108673013
726,5,10,150,52,0.2529427027676571
727,5,10,150,52,0.1020320776235241
728,5,10,150,52,0.0
729,5,10,150,52,0.0
730,5,10,150,52,0.0
731,5,10,150,52,0.04466441818602386
732,5,10,150,52,0.0
733,5,10,150,52,0.0
734,5,10,150,52,0.0655813061736612
735,5,10,150,52,0.0
736,5,10,150,52,0.0
737,5,10,150,52,0.16282663249631943
738,5,10,150,52,0.24803970741351278
739,5,10,150,52,0.0
740,5,10,150,52,0.0
741,5,10,150,52,0.10965210684801945
742,5,10,150,52,0.04553761034739079
743,5,10,150,52,0.0814476682319001
744,5,10,150,52,0.08878770367712427
745,5,10,150,52,0.3682049230943936
746,5,10,150,52,0.11450296808588954
747,5,10,150,52,0.38674110789043226
748,5,10,150,52,0.1946257849561795
749,5,10,150,52,0.1494890806490002
750,5,10,150,52,0.07219614103266732
751,5,10,150,52,0.056598712529238204
752,5,10,150,52,0.020210299806331135
753,5,10,150,52,0.15406810205846871
754,5,10,150,52,0.0
755,5,10,150,52,0.0
756,5,10,150,52,0.03828357334999627
757,5,10,150,52,0.028336790544522913
758,5,10,150,52,0.18732661974098547
759,5,10,150,52,0.038281751104512325
760,5,10,150,52,0.11447590313611888
761,5,10,150,52,0.03339755935325358
762,5,10,150,52,0.11568388634051256
763,5,10,150,52,0.20859185628046678
764,5,10,150,52,0.08207588022692468
765,5,10,150,52,0.0
766,5,10,150,52,0.05447519586439555
767,5,10,150,52,0.2073612289146658
768,5,10,150,52,0.07655078846581868
769,5,10,150,52,0.0
770,5,10,150,52,0.04692206785373726
771,5,10,150,52,0.12915563873925176
772,5,10,150,52,0.03353522641880846
773,5,10,150,52,0.08877175150678378
774,5,10,150,52,0.034112537846687545
775,5,10,150,52,0.0
776,5,10,150,52,0.0949413284627631
777,5,10,150,52,0.14445412169961394
778,5,10,150,52,0.0
779,5,10,150,52,0.05878132199396477
780,5,10,150,52,0.07751937086606239
781,5,10,150,52,0.21898681539091044
782,5,10,150,52,0.014489920747531037
783,5,10,150,52,0.0
784,5,10,150,52,0.0
785,5,10,150,52,0.048159222084064895
786,5,10,150,52,0.13370327844286975
787,5,10,150,52,0.0683037314796457
788,5,10,150,52,0.202495150335495
789,5,10,150,52,0.059109628562248356
790,5,10,150,52,0.07586108622868593
791,5,10,150,52,0.0
792,5,10,150,52,0.0
793,5,10,150,52,0.0
794,5,10,150,52,0.19607400121987484
795,5,10,150,52,0.11142163521351367
796,5,10,150,52,0.39827939762854486
797,5,10,150,52,0.09030583455080088
798,5,10,150,52,0.1123629877168967
799,5,10,150,52,0.0
800,5,10,150,52,0.0
801,5,10,150,52,0.0
802,5,10,150,52,0.030863419558816
803,5,10,150,52,0.0
804,5,10,150,52,0.1973717631371022
805,5,10,150,52,0.13810755522402493
806,5,10,150,52,0.16200601191446326
807,5,10,150,52,0.21252484464980173
808,5,10,150,52,0.0
809,5,10,150,52,0.0
810,5,10,150,52,0.0
811,5,10,150,52,0.0
812,5,10,150,52,0.0
813,5,10,150,52,0.17367331957930765
814,5,10,150,52,0.09144287629100999
815,5,10,150,52,0.26737821098374764
816,5,10,150,52,0.08005612702969578
817,5,10,150,52,0.0
818,5,10,150,52,0.0
819,5,10,150,52,0.11972777959067328
820,5,10,150,52,0.041641441310299704
821,5,10,150,52,0.1716292605492022
822,5,10,150,52,0.0
823,5,10,150,52,0.3604392741588083
824,5,10,150,52,0.0
825,5,10,150,52,0.09848086001300183
826,5,10,150,52,0.0956022175683246
827,5,10,150,52,0.0
828,5,10,150,52,0.07244745602732354
829,5,10,150,52,0.146125692125401
830,5,10,150,52,0.10053254151308513
831,5,10,150,52,0.16345709869743347
832,5,10,150,52,0.041355644490859725
833,5,10,150,52,0.16709336065366354
834,5,10,150,52,0.020919434760060668
835,5,10,150,52,0.082546902593288
836,5,10,150,52,0.10882945376944808
837,5,10,150,52,0.0
838,5,10,150,52,0.14570435926304814
839,5,10,150,52,0.05646784228340616
840,5,10,150,52,0.3497486523981846
841,5,10,150,52,0.0
842,5,10,150,52,0.03314153504336938
843,5,10,150,52,0.1183269142506678
844,5,10,150,52,0.14767302746812566
845,5,10,150,52,0.0
846,5,10,150,52,0.33022957468179326
847,5,10,150,52,0.0
848,5,10,150,52,0.0779199871241461
849,5,10,150,52,0.08280898853927336
850,5,10,150,52,0.20069031232476098
851,5,10,150,52,0.278397428300931
852,5,10,150,52,0.0
853,5,10,150,52,0.0
854,5,10,150,52,0.1773182111086608
855,5,10,150,52,0.0
856,5,10,150,52,0.0
857,5,10,150,52,0.0
858,5,10,150,52,0.0
859,5,10,150,52,0.0
860,5,10,150,52,0.0
861,5,10,150,52,0.09836355940276224
862,5,10,150,52,0.23808565907152546
863,5,10,150,52,0.0
864,5,10,150,52,0.31322502636443006
865,5,10,150,52,0.0
866,5,10,150,52,0.12374681498530773
867,5,10,150,52,0.2610371388057973
868,5,10,150,52,0.14323558549173535
869,5,10,150,52,0.09414478450656023
870,5,10,150,52,0.12895931838456395
871,5,10,150,52,0.19443937346507903
872,5,10,150,52,0.01624882666837855
873,5,10,150,52,0.0
874,5,10,150,52,0.06575393297476358
875,5,10,150,52,0.20715219341653826
876,5,10,150,52,0.0
877,5,10,150,52,0.03487978243545732
878,5,10,150,52,0.05139369312032586
879,5,10,150,52,0.07180913162424091
880,5,10,150,52,0.38023260387636576
881,5,10,150,52,0.3288539068707154
882,5,10,150,52,0.2985910733123484
883,5,10,150,52,0.3682301425993142
884,5,10,150,52,0.028767091820622218
885,5,10,150,52,0.10231475336348353
886,5,10,150,52,0.20902871874186646
887,5,10,150,52,0.12694480185939838
888,5,10,150,52,0.0
889,5,10,150,52,0.27485268261660584
890,5,10,150,52,0.3010531388867818
891,5,10,150,52,0.09013275514532934
892,5,10,150,52,0.41473720508901446
893,5,10,150,52,0.05014695371369417
894,5,10,150,52,0.2510997646667748
895,5,10,150,52,0.0
896,5,10,150,52,0.4284202214902964
897,5,10,150,52,0.1846533551828511
898,5,10,150,52,0.0
899,5,10,150,52,0.19325745225289753
900,5,10,150,52,0.07027548980333784
901,5,10,150,52,0.27814592851130077
902,5,10,150,52,0.025255271126572616
903,5,10,150,52,0.3995513414761526
904,5,10,150,52,0.0
905,5,10,150,52,0.08773956418811966
906,5,10,150,52,0.0
907,5,10,150,52,0.1822396830639948
908,5,10,150,52,0.1481180328050781
909,5,10,150,52,0.0
910,5,10,150,52,0.14111581018360284
911,5,10,150,52,0.06505852046176955
912,5,10,150,52,0.09835918088209537
913,5,10,150,52,0.1817639450806109
914,5,10,150,52,0.0
915,5,10,150,52,0.0
916,5,10,150,52,0.24571344948787394
917,5,10,150,52,0.0
918,5,10,150,52,0.028294653408754516
919,5,10,150,52,0.14917779352071875
920,5,10,150,52,0.26814570941777965
921,5,10,150,52,0.029201416417013223
922,5,10,150,52,0.1303914870624449
923,5,10,150,52,0.03997048965522762
924,5,10,150,52,0.10476875172292892
925,5,10,150,52,0.039791360812020615
926,5,10,150,52,0.18690891198435525
927,5,10,150,52,0.10539970175856593
928,5,10,150,52,0.18240827501780815
929,5,10,150,52,0.0753982504991096
930,5,10,150,52,0.12668740771092546
931,5,10,150,52,0.059539365700728666
932,5,10,150,52,0.346773620188083
933,5,10,150,52,0.06153962351197714
934,5,10,150,52,0.2247377532760127
935,5,10,150,52,0.022046091678658168
936,5,10,150,52,0.13585535336267393
937,5,10,150,52,0.09560624946230661
938,5,10,150,52,0.08100715570262924
939,5,10,150,52,0.05231692143384187
940,5,10,150,52,0.11161435749838114
941,5,10,150,52,0.17060921827860473
942,5,10,150,52,0.08351318131142628
943,5,10,150,52,0.2063511111278825
1,5,10,150,53,0.4058715898896693
2,5,10,150,53,0.14433828292945616
3,5,10,150,53,0.08759200575528697
4,5,10,150,53,0.0
5,5,10,150,53,0.04470486007704452
6,5,10,150,53,0.04187254809446048
7,5,10,150,53,0.1849553466368852
8,5,10,150,53,0.0
9,5,10,150,53,0.0
10,5,10,150,53,0.3005733545514552
11,5,10,150,53,0.03947525607388688
12,5,10,150,53,0.0787978565107802
13,5,10,150,53,0.24256092752724764
14,5,10,150,53,0.18795160328752808
15,5,10,150,53,0.0
16,5,10,150,53,0.11062750966338458
17,5,10,150,53,0.0
18,5,10,150,53,0.17872418048185143
19,5,10,150,53,0.0
20,5,10,150,53,0.13743816645714543
21,5,10,150,53,0.15232559003472054
22,5,10,150,53,0.040815803121742565
23,5,10,150,53,0.10387012192613786
24,5,10,150,53,0.08835266840320231
25,5,10,150,53,0.23940867474021393
26,5,10,150,53,0.0
27,5,10,150,53,0.0
28,5,10,150,53,0.0
30,5,10,150,53,0.08133484538841967
31,5,10,150,53,0.11164668500969883
32,5,10,150,53,0.19519002499605084
33,5,10,150,53,0.0
34,5,10,150,53,0.0
35,5,10,150,53,0.0
37,5,10,150,53,0.08177471774917201
38,5,10,150,53,0.0
39,5,10,150,53,0.0
40,5,10,150,53,0.0
41,5,10,150,53,0.06835476917178976
42,5,10,150,53,0.08850778826764391
43,5,10,150,53,0.0
44,5,10,150,53,0.2672039079048423
45,5,10,150,53,0.0
46,5,10,150,53,0.0
47,5,10,150,53,0.0
48,5,10,150,53,0.07028063830038406
49,5,10,150,53,0.05432573058142762
52,5,10,150,53,0.0
53,5,10,150,53,0.0
54,5,10,150,53,0.0
55,5,10,150,53,0.0
56,5,10,150,53,0.11781210270929884
57,5,10,150,53,0.1318392860374695
58,5,10,150,53,0.40256699612340546
59,5,10,150,53,0.19233148606048747
60,5,10,150,53,0.1076743759411119
61,5,10,150,53,0.0
62,5,10,150,53,0.09586820699422145
63,5,10,150,53,0.0
64,5,10,150,53,0.04759023790187059
65,5,10,150,53,0.2342550150352983
66,5,10,150,53,0.0
67,5,10,150,53,0.0
68,5,10,150,53,0.0
69,5,10,150,53,0.0
70,5,10,150,53,0.0
71,5,10,150,53,0.20758456043036028
72,5,10,150,53,0.10990826949013655
73,5,10,150,53,0.10052888926242022
74,5,10,150,53,0.0
75,5,10,150,53,0.0
76,5,10,150,53,0.10633668103022985
77,5,10,150,53,0.14247142730086715
78,5,10,150,53,0.0
79,5,10,150,53,0.0
80,5,10,150,53,0.0
81,5,10,150,53,0.08878770367712427
82,5,10,150,53,0.0
83,5,10,150,53,0.07414861528507455
84,5,10,150,53,0.07550980911390262
85,5,10,150,53,0.04734112273659951
86,5,10,150,53,0.0
87,5,10,150,53,0.16641625059082407
88,5,10,150,53,0.18920035951687003
89,5,10,150,53,0.0
90,5,10,150,53,0.14392183262708286
91,5,10,150,53,0.0
92,5,10,150,53,0.03369782041898502
93,5,10,150,53,0.0
94,5,10,150,53,0.12253429761719764
95,5,10,150,53,0.07849567312219397
96,5,10,150,53,0.0
97,5,10,150,53,0.0
98,5,10,150,53,0.0
99,5,10,150,53,0.09641171098317775
100,5,10,150,53,0.0
101,5,10,150,53,0.0
102,5,10,150,53,0.0
103,5,10,150,53,0.0
104,5,10,150,53,0.33958467175585033
105,5,10,150,53,0.0
106,5,10,150,53,0.06516188295518531
107,5,10,150,53,0.0
109,5,10,150,53,0.16563719724029594
110,5,10,150,53,0.0
111,5,10,150,53,0.0
112,5,10,150,53,0.07807600999842033
113,5,10,150,53,0.0
114,5,10,150,53,0.08274602130532002
115,5,10,150,53,0.04001677477281075
116,5,10,150,53,0.0
117,5,10,150,53,0.0
118,5,10,150,53,0.16958010263680806
119,5,10,150,53,0.05891155956989184
120,5,10,150,53,0.0
121,5,10,150,53,0.13032376591037062
122,5,10,150,53,0.0
123,5,10,150,53,0.13720340769293682
124,5,10,150,53,0.0
125,5,10,150,53,0.05446333035917803
126,5,10,150,53,0.0
128,5,10,150,53,0.0
129,5,10,150,53,0.0
130,5,10,150,53,0.15174952279352721
131,5,10,150,53,0.0
132,5,10,150,53,0.0
133,5,10,150,53,0.0
134,5,10,150,53,0.0
135,5,10,150,53,0.0
136,5,10,150,53,0.0
137,5,10,150,53,0.1137075481082292
138,5,10,150,53,0.0976168253917686
139,5,10,150,53,0.0
140,5,10,150,53,0.0
141,5,10,150,53,0.0
142,5,10,150,53,0.0
143,5,10,150,53,0.0
144,5,10,150,53,0.0
145,5,10,150,53,0.17597149971119974
146,5,10,150,53,0.0
147,5,10,150,53,0.0
148,5,10,150,53,0.06916902856231065
149,5,10,150,53,0.0
150,5,10,150,53,0.2640681225725909
151,5,10,150,53,0.1026571794225922
152,5,10,150,53,0.0
153,5,10,150,53,0.0
154,5,10,150,53,0.06416923277158361
155,5,10,150,53,0.0
156,5,10,150,53,0.0
157,5,10,150,53,0.0
158,5,10,150,53,0.11017700922818752
159,5,10,150,53,0.23138144801632507
160,5,10,150,53,0.1719271394881576
161,5,10,150,53,0.0
162,5,10,150,53,0.0
163,5,10,150,53,0.0
164,5,10,150,53,0.0
165,5,10,150,53,0.0
167,5,10,150,53,0.05319635904163211
168,5,10,150,53,0.0
169,5,10,150,53,0.0
170,5,10,150,53,0.0
171,5,10,150,53,0.0
173,5,10,150,53,0.0
174,5,10,150,53,0.06784586495432565
175,5,10,150,53,0.21517910082405575
176,5,10,150,53,0.06289692884934815
177,5,10,150,53,0.38113435412202
178,5,10,150,53,0.12597398707460816
179,5,10,150,53,0.09149012142095872
180,5,10,150,53,0.06228974831361337
181,5,10,150,53,0.09913210981157927
182,5,10,150,53,0.0
183,5,10,150,53,0.15101961822780524
184,5,10,150,53,0.0
185,5,10,150,53,0.0
186,5,10,150,53,0.04633132539002164
187,5,10,150,53,0.0
188,5,10,150,53,0.12925733948536566
189,5,10,150,53,0.1622220746837199
190,5,10,150,53,0.0
192,5,10,150,53,0.123151194370365
193,5,10,150,53,0.0
194,5,10,150,53,0.0
195,5,10,150,53,0.11787667935667444
196,5,10,150,53,0.0
197,5,10,150,53,0.09546043308946733
198,5,10,150,53,0.0
199,5,10,150,53,0.0
200,5,10,150,53,0.09785159463516042
201,5,10,150,53,0.0
202,5,10,150,53,0.0
203,5,10,150,53,0.0
204,5,10,150,53,0.19519002499605084
205,5,10,150,53,0.0
206,5,10,150,53,0.0
207,5,10,150,53,0.0
208,5,10,150,53,0.0
209,5,10,150,53,0.0
210,5,10,150,53,0.2167516193508568
211,5,10,150,53,0.0
213,5,10,150,53,0.15669163589836543
214,5,10,150,53,0.0
216,5,10,150,53,0.23813231172447274
217,5,10,150,53,0.0
218,5,10,150,53,0.0
219,5,10,150,53,0.0
221,5,10,150,53,0.0
222,5,10,150,53,0.1050995674008573
223,5,10,150,53,0.0
224,5,10,150,53,0.0
225,5,10,150,53,0.09077089626867633
226,5,10,150,53,0.19092086617893467
227,5,10,150,53,0.0
228,5,10,150,53,0.0
229,5,10,150,53,0.0
230,5,10,150,53,0.12683081539850163
231,5,10,150,53,0.0
232,5,10,150,53,0.03962341267285813
233,5,10,150,53,0.2699700016563489
234,5,10,150,53,0.09887660119080527
235,5,10,150,53,0.0
236,5,10,150,53,0.0
237,5,10,150,53,0.19342640361727081
238,5,10,150,53,0.0
239,5,10,150,53,0.06912040963822193
240,5,10,150,53,0.12495636102304827
241,5,10,150,53,0.0
242,5,10,150,53,0.0
243,5,10,150,53,0.0
244,5,10,150,53,0.049712302565054066
245,5,10,150,53,0.0
246,5,10,150,53,0.0561326498270945
247,5,10,150,53,0.09472348220010487
248,5,10,150,53,0.09472348220010487
249,5,10,150,53,0.056720838976548935
250,5,10,150,53,0.0
251,5,10,150,53,0.13032376591037062
252,5,10,150,53,0.20184908658209985
253,5,10,150,53,0.05725248542464807
254,5,10,150,53,0.08514311764162098
255,5,10,150,53,0.0
256,5,10,150,53,0.038925970325304815
257,5,10,150,53,0.07984133538066794
258,5,10,150,53,0.0
259,5,10,150,53,0.1239740444869306
260,5,10,150,53,0.0
261,5,10,150,53,0.0
262,5,10,150,53,0.0
263,5,10,150,53,0.0956366800683804
264,5,10,150,53,0.0
265,5,10,150,53,0.0
266,5,10,150,53,0.0
267,5,10,150,53,0.17168372277322866
268,5,10,150,53,0.049712302565054066
269,5,10,150,53,0.052962244777770985
270,5,10,150,53,0.041641441310299704
271,5,10,150,53,0.13010624216828925
272,5,10,150,53,0.08942172406547305
273,5,10,150,53,0.0
274,5,10,150,53,0.0
275,5,10,150,53,0.0
276,5,10,150,53,0.15875999922826586
277,5,10,150,53,0.0
278,5,10,150,53,0.0
279,5,10,150,53,0.13251633524111026
280,5,10,150,53,0.16417286747746287
281,5,10,150,53,0.0
282,5,10,150,53,0.0
283,5,10,150,53,0.07028063830038406
284,5,10,150,53,0.0
285,5,10,150,53,0.0
286,5,10,150,53,0.0781170595969038
287,5,10,150,53,0.0
288,5,10,150,53,0.0859574327152926
289,5,10,150,53,0.16903020543979225
290,5,10,150,53,0.07834851647149511
291,5,10,150,53,0.07828167840727236
292,5,10,150,53,0.04224853374256244
293,5,10,150,53,0.062192625389540866
294,5,10,150,53,0.0
295,5,10,150,53,0.2603201838311303
296,5,10,150,53,0.13713660166967986
297,5,10,150,53,0.0
298,5,10,150,53,0.16915623549474385
299,5,10,150,53,0.0
300,5,10,150,53,0.0
301,5,10,150,53,0.06460801587741544
302,5,10,150,53,0.09224219235917257
303,5,10,150,53,0.07354269615643778
304,5,10,150,53,0.0
305,5,10,150,53,0.11349000778741654
306,5,10,150,53,0.0
307,5,10,150,53,0.10778915452451093
308,5,10,150,53,0.13490077762666258
310,5,10,150,53,0.0
311,5,10,150,53,0.13301422444853
312,5,10,150,53,0.158151392117726
313,5,10,150,53,0.11270402374049442
314,5,10,150,53,0.16600564593053876
315,5,10,150,53,0.0
316,5,10,150,53,0.0
317,5,10,150,53,0.0
318,5,10,150,53,0.1642688369468948
319,5,10,150,53,0.0
320,5,10,150,53,0.13927874459665815
321,5,10,150,53,0.0
322,5,10,150,53,0.0
323,5,10,150,53,0.1610425878239398
324,5,10,150,53,0.0
325,5,10,150,53,0.09092803061897883
326,5,10,150,53,0.027288805847552652
327,5,10,150,53,0.025410386140327024
328,5,10,150,53,0.09206364236149692
329,5,10,150,53,0.0
330,5,10,150,53,0.10236603130088297
331,5,10,150,53,0.0
332,5,10,150,53,0.09320485889859448
334,5,10,150,53,0.02249061179923914
335,5,10,150,53,0.0
336,5,10,150,53,0.0780824078938463
337,5,10,150,53,0.0
338,5,10,150,53,0.07132875491150918
339,5,10,150,53,0.1664336467304897
340,5,10,150,53,0.0
341,5,10,150,53,0.0
342,5,10,150,53,0.3608742720986609
343,5,10,150,53,0.09229649639444802
344,5,10,150,53,0.1202034973803211
345,5,10,150,53,0.18015355216717013
346,5,10,150,53,0.04366879852493834
347,5,10,150,53,0.22280620320442554
348,5,10,150,53,0.0
349,5,10,150,53,0.0
350,5,10,150,53,0.058087171966128066
351,5,10,150,53,0.0
352,5,10,150,53,0.1903601622684853
353,5,10,150,53,0.14434031438272124
354,5,10,150,53,0.06335619058732639
355,5,10,150,53,0.0
356,5,10,150,53,0.0
357,5,10,150,53,0.0
358,5,10,150,53,0.06364028872631156
359,5,10,150,53,0.3010299956639812
360,5,10,150,53,0.12982031659526816
361,5,10,150,53,0.09478836436955078
362,5,10,150,53,0.0
363,5,10,150,53,0.22463865489880525
364,5,10,150,53,0.0
365,5,10,150,53,0.0
366,5,10,150,53,0.0
367,5,10,150,53,0.0
368,5,10,150,53,0.0
369,5,10,150,53,0.0
370,5,10,150,53,0.0
371,5,10,150,53,0.19950301641376814
372,5,10,150,53,0.15130120674940672
373,5,10,150,53,0.22842722979011518
374,5,10,150,53,0.07472550252128253
375,5,10,150,53,0.0
376,5,10,150,53,0.0
377,5,10,150,53,0.0
378,5,10,150,53,0.12028809946908156
379,5,10,150,53,0.08433239722469389
380,5,10,150,53,0.0
381,5,10,150,53,0.0
382,5,10,150,53,0.09952375175972906
383,5,10,150,53,0.040815803121742565
384,5,10,150,53,0.0
385,5,10,150,53,0.0
386,5,10,150,53,0.0
387,5,10,150,53,0.08586571489348302
388,5,10,150,53,0.0
389,5,10,150,53,0.09284203700798714
390,5,10,150,53,0.0
391,5,10,150,53,0.11245246430543061
392,5,10,150,53,0.1484702586346916
393,5,10,150,53,0.14125144994926436
394,5,10,150,53,0.16570616085215287
395,5,10,150,53,0.0
396,5,10,150,53,0.0
397,5,10,150,53,0.11004588314904008
398,5,10,150,53,0.28368572779044043
399,5,10,150,53,0.026175882249243814
400,5,10,150,53,0.0
401,5,10,150,53,0.02839245759615368
402,5,10,150,53,0.0
403,5,10,150,53,0.2529427027676571
404,5,10,150,53,0.0
405,5,10,150,53,0.03746815462246876
406,5,10,150,53,0.06360190926466157
407,5,10,150,53,0.09046795885890169
408,5,10,150,53,0.09983719697789138
409,5,10,150,53,0.0334374913847135
410,5,10,150,53,0.0
411,5,10,150,53,0.17342765698823945
412,5,10,150,53,0.0
413,5,10,150,53,0.0
414,5,10,150,53,0.21398626473452756
415,5,10,150,53,0.0
416,5,10,150,53,0.1412054366337881
417,5,10,150,53,0.11088189053445036
419,5,10,150,53,0.30260241349881345
420,5,10,150,53,0.05478392673173268
421,5,10,150,53,0.0
422,5,10,150,53,0.0
423,5,10,150,53,0.08440880858250024
424,5,10,150,53,0.0
425,5,10,150,53,0.2082843711703412
426,5,10,150,53,0.13571943816109763
427,5,10,150,53,0.0
428,5,10,150,53,0.0
429,5,10,150,53,0.14761046751291185
430,5,10,150,53,0.1261446714466394
431,5,10,150,53,0.0
432,5,10,150,53,0.0
433,5,10,150,53,0.0
434,5,10,150,53,0.3903800499921017
435,5,10,150,53,0.09964084501257568
436,5,10,150,53,0.08868088264964148
437,5,10,150,53,0.22972973128433707
438,5,10,150,53,0.0
439,5,10,150,53,0.0
440,5,10,150,53,0.06175696970122604
441,5,10,150,53,0.0
442,5,10,150,53,0.0
443,5,10,150,53,0.0
445,5,10,150,53,0.0
446,5,10,150,53,0.0
447,5,10,150,53,0.2726897692124621
448,5,10,150,53,0.0
449,5,10,150,53,0.04403205443910179
450,5,10,150,53,0.19955854499360678
451,5,10,150,53,0.0
452,5,10,150,53,0.07830573469972951
453,5,10,150,53,0.029956785715628154
454,5,10,150,53,0.02041889950891442
455,5,10,150,53,0.0
456,5,10,150,53,0.07758828619721583
457,5,10,150,53,0.29418445531213994
458,5,10,150,53,0.04507276838148142
459,5,10,150,53,0.0
460,5,10,150,53,0.0
461,5,10,150,53,0.0
462,5,10,150,53,0.0
463,5,10,150,53,0.0
464,5,10,150,53,0.0
465,5,10,150,53,0.0
466,5,10,150,53,0.03947525607388688
467,5,10,150,53,0.1436337620239326
468,5,10,150,53,0.25116683884278784
469,5,10,150,53,0.0
470,5,10,150,53,0.0
471,5,10,150,53,0.0
472,5,10,150,53,0.13139503164087882
473,5,10,150,53,0.08754031530847717
474,5,10,150,53,0.30076261759159395
475,5,10,150,53,0.06516188295518531
476,5,10,150,53,0.0
477,5,10,150,53,0.055100238151135045
478,5,10,150,53,0.23782833255689273
479,5,10,150,53,0.07834096783470737
480,5,10,150,53,0.21398626473452756
481,5,10,150,53,0.13863671367752411
482,5,10,150,53,0.0
483,5,10,150,53,0.06912040963822193
484,5,10,150,53,0.09353062527112192
485,5,10,150,53,0.0
486,5,10,150,53,0.0877209484781505
487,5,10,150,53,0.19674990380650584
488,5,10,150,53,0.0
489,5,10,150,53,0.0
490,5,10,150,53,0.0
491,5,10,150,53,0.19092086617893467
492,5,10,150,53,0.12471554514794539
493,5,10,150,53,0.0332568859495131
494,5,10,150,53,0.0
495,5,10,150,53,0.11868174655260626
496,5,10,150,53,0.05459112561892713
497,5,10,150,53,0.028723546263642687
498,5,10,150,53,0.03855307727568851
499,5,10,150,53,0.1912282106369008
500,5,10,150,53,0.05011951520627559
501,5,10,150,53,0.0
502,5,10,150,53,0.06364028872631156
503,5,10,150,53,0.1894044290456616
504,5,10,150,53,0.0
505,5,10,150,53,0.0
506,5,10,150,53,0.10589517949214913
507,5,10,150,53,0.0
508,5,10,150,53,0.0
509,5,10,150,53,0.06474271459046577
510,5,10,150,53,0.0
511,5,10,150,53,0.0
512,5,10,150,53,0.18316925091363362
513,5,10,150,53,0.0
514,5,10,150,53,0.10595566933616397
515,5,10,150,53,0.0
516,5,10,150,53,0.13768197790533618
517,5,10,150,53,0.042259191411409554
518,5,10,150,53,0.0
519,5,10,150,53,0.038800293177871176
520,5,10,150,53,0.0
521,5,10,150,53,0.0
522,5,10,150,53,0.0
523,5,10,150,53,0.0316088333445714
524,5,10,150,53,0.09006868309608587
525,5,10,150,53,0.0
526,5,10,150,53,0.06235626924550528
527,5,10,150,53,0.12265062558661
528,5,10,150,53,0.14110144150616766
529,5,10,150,53,0.0
530,5,10,150,53,0.0
531,5,10,150,53,0.0
532,5,10,150,53,0.04774713204658456
533,5,10,150,53,0.12731562344278502
534,5,10,150,53,0.04084531701587904
535,5,10,150,53,0.2714045080916464
536,5,10,150,53,0.23620378562439379
537,5,10,150,53,0.38731422948438354
538,5,10,150,53,0.0
539,5,10,150,53,0.1560067947598593
540,5,10,150,53,0.0
541,5,10,150,53,0.12534926568386062
542,5,10,150,53,0.12627825946936164
543,5,10,150,53,0.0
544,5,10,150,53,0.03824432123396675
545,5,10,150,53,0.052962244777770985
546,5,10,150,53,0.15314106296495628
547,5,10,150,53,0.0
548,5,10,150,53,0.0369180152329196
549,5,10,150,53,0.0
550,5,10,150,53,0.09061075809740494
551,5,10,150,53,0.24388035097477914
552,5,10,150,53,0.0
553,5,10,150,53,0.16102243342487008
554,5,10,150,53,0.16600564593053876
555,5,10,150,53,0.0
556,5,10,150,53,0.08876245163110816
557,5,10,150,53,0.053894577262255466
558,5,10,150,53,0.0
559,5,10,150,53,0.0734773909038217
560,5,10,150,53,0.2179777837196921
561,5,10,150,53,0.0
562,5,10,150,53,0.034743705427429224
563,5,10,150,53,0.0
564,5,10,150,53,0.0
565,5,10,150,53,0.10523285614729473
566,5,10,150,53,0.13665387068436016
567,5,10,150,53,0.13463074517970205
568,5,10,150,53,0.057107346298225524
569,5,10,150,53,0.0
570,5,10,150,53,0.0
571,5,10,150,53,0.0
572,5,10,150,53,0.058995070558427745
573,5,10,150,53,0.0
574,5,10,150,53,0.04185567464896701
575,5,10,150,53,0.0
576,5,10,150,53,0.17342765698823945
577,5,10,150,53,0.20619661189599137
578,5,10,150,53,0.09818998961169394
579,5,10,150,53,0.0
580,5,10,150,53,0.10209739512291163
581,5,10,150,53,0.0
582,5,10,150,53,0.028361369701356044
583,5,10,150,53,0.04579340374561851
584,5,10,150,53,0.0
585,5,10,150,53,0.0
586,5,10,150,53,0.07482758161941112
587,5,10,150,53,0.0
588,5,10,150,53,0.1871976117175379
589,5,10,150,53,0.0
590,5,10,150,53,0.18511573258657482
591,5,10,150,53,0.15758427078022966
592,5,10,150,53,0.252801629306187
593,5,10,150,53,0.15257268888187236
594,5,10,150,53,0.0843142342558857
595,5,10,150,53,0.0
596,5,10,150,53,0.0
597,5,10,150,53,0.0
598,5,10,150,53,0.11752277470724268
599,5,10,150,53,0.16402353420682853
600,5,10,150,53,0.0
601,5,10,150,53,0.026557570376145638
602,5,10,150,53,0.0
603,5,10,150,53,0.06194403202282284
604,5,10,150,53,0.0
605,5,10,150,53,0.07677414822537214
606,5,10,150,53,0.2138150508755678
607,5,10,150,53,0.0
608,5,10,150,53,0.126140293880171
609,5,10,150,53,0.11838279295536291
610,5,10,150,53,0.029785542524894418
611,5,10,150,53,0.03927158715985786
612,5,10,150,53,0.0
613,5,10,150,53,0.2049174583553662
614,5,10,150,53,0.13886244387355454
615,5,10,150,53,0.08391725636078755
616,5,10,150,53,0.09781579202094404
617,5,10,150,53,0.03804989622115975
618,5,10,150,53,0.13693830900397266
619,5,10,150,53,0.1303945739341477
620,5,10,150,53,0.10964161607630166
621,5,10,150,53,0.13589759152345549
622,5,10,150,53,0.10915470866220427
623,5,10,150,53,0.050143326786652107
624,5,10,150,53,0.019160322430058573
625,5,10,150,53,0.0
626,5,10,150,53,0.04690797720830594
627,5,10,150,53,0.04289205981312439
628,5,10,150,53,0.0
629,5,10,150,53,0.16098909010547607
630,5,10,150,53,0.09942460513010813
631,5,10,150,53,0.09240791929215005
632,5,10,150,53,0.29858330142272127
633,5,10,150,53,0.0455520698635181
634,5,10,150,53,0.023756977677906275
635,5,10,150,53,0.039407921945699885
636,5,10,150,53,0.0
637,5,10,150,53,0.0
638,5,10,150,53,0.15473934503245962
639,5,10,150,53,0.0
640,5,10,150,53,0.0637867864178444
641,5,10,150,53,0.0
642,5,10,150,53,0.10770585661946991
643,5,10,150,53,0.15418164577876853
644,5,10,150,53,0.0
645,5,10,150,53,0.1856947245529553
646,5,10,150,53,0.0
647,5,10,150,53,0.03673869545191085
648,5,10,150,53,0.07181557942516188
649,5,10,150,53,0.0
650,5,10,150,53,0.0542472377437313
651,5,10,150,53,0.0
652,5,10,150,53,0.0
653,5,10,150,53,0.05553108415105954
654,5,10,150,53,0.1521155994897412
655,5,10,150,53,0.27302155552749147
656,5,10,150,53,0.0
657,5,10,150,53,0.053845569940583225
658,5,10,150,53,0.0
659,5,10,150,53,0.06165669574235432
660,5,10,150,53,0.0
661,5,10,150,53,0.12705991527984942
662,5,10,150,53,0.0
663,5,10,150,53,0.07874514948204092
664,5,10,150,53,0.05391021349625259
665,5,10,150,53,0.0
666,5,10,150,53,0.07860744541237058
667,5,10,150,53,0.23495437216186538
668,5,10,150,53,0.0
669,5,10,150,53,0.25001448888650357
670,5,10,150,53,0.15539533467551025
671,5,10,150,53,0.17434206503696043
672,5,10,150,53,0.0
673,5,10,150,53,0.0
674,5,10,150,53,0.0
675,5,10,150,53,0.05010834716923557
676,5,10,150,53,0.0
677,5,10,150,53,0.03927489746221688
678,5,10,150,53,0.0
679,5,10,150,53,0.26970586372388394
680,5,10,150,53,0.2073612289146658
681,5,10,150,53,0.0
682,5,10,150,53,0.12023487428627687
683,5,10,150,53,0.06289349548893712
684,5,10,150,53,0.0
685,5,10,150,53,0.0
686,5,10,150,53,0.08962483220812449
687,5,10,150,53,0.0
688,5,10,150,53,0.0
689,5,10,150,53,0.32436268379537736
690,5,10,150,53,0.0
691,5,10,150,53,0.0
692,5,10,150,53,0.0
693,5,10,150,53,0.0
694,5,10,150,53,0.20269611984358588
695,5,10,150,53,0.031112565128707144
696,5,10,150,53,0.12935879342602336
697,5,10,150,53,0.06378035696304758
698,5,10,150,53,0.09499131598480672
699,5,10,150,53,0.0
700,5,10,150,53,0.16958010263680806
701,5,10,150,53,0.04129602134854855
702,5,10,150,53,0.0
703,5,10,150,53,0.03870447337439288
704,5,10,150,53,0.059927504920695866
705,5,10,150,53,0.16834344536682191
706,5,10,150,53,0.0
707,5,10,150,53,0.10368793472775317
708,5,10,150,53,0.06058075640309377
709,5,10,150,53,0.10371915894912967
710,5,10,150,53,0.05710411178654767
711,5,10,150,53,0.14070501812642813
712,5,10,150,53,0.12435918123916344
713,5,10,150,53,0.0
714,5,10,150,53,0.04195229264874745
715,5,10,150,53,0.07354889243301341
716,5,10,150,53,0.18206390505060407
717,5,10,150,53,0.1671511698578214
718,5,10,150,53,0.14061157344379913
719,5,10,150,53,0.11614257564286637
720,5,10,150,53,0.05261577455142312
721,5,10,150,53,0.11616534594762135
722,5,10,150,53,0.0
723,5,10,150,53,0.0
724,5,10,150,53,0.0
725,5,10,150,53,0.05750402108673013
726,5,10,150,53,0.2529427027676571
727,5,10,150,53,0.10071109037805713
728,5,10,150,53,0.0
729,5,10,150,53,0.0
730,5,10,150,53,0.0
731,5,10,150,53,0.04466441818602386
732,5,10,150,53,0.0
733,5,10,150,53,0.0
734,5,10,150,53,0.0655813061736612
735,5,10,150,53,0.0
736,5,10,150,53,0.0
737,5,10,150,53,0.16282663249631943
738,5,10,150,53,0.24803970741351278
739,5,10,150,53,0.0
740,5,10,150,53,0.0
741,5,10,150,53,0.10965210684801945
742,5,10,150,53,0.04553761034739079
743,5,10,150,53,0.0814476682319001
744,5,10,150,53,0.08878770367712427
745,5,10,150,53,0.3682049230943936
746,5,10,150,53,0.11450296808588954
747,5,10,150,53,0.394680838154821
748,5,10,150,53,0.1946257849561795
749,5,10,150,53,0.14755367784751514
750,5,10,150,53,0.07219614103266732
751,5,10,150,53,0.056598712529238204
752,5,10,150,53,0.020210299806331135
753,5,10,150,53,0.15406810205846871
754,5,10,150,53,0.0
755,5,10,150,53,0.03412020403969171
756,5,10,150,53,0.03828357334999627
757,5,10,150,53,0.028336790544522913
758,5,10,150,53,0.18490134250290607
759,5,10,150,53,0.038281751104512325
760,5,10,150,53,0.11447590313611888
761,5,10,150,53,0.03339755935325358
762,5,10,150,53,0.11568388634051256
763,5,10,150,53,0.20859185628046678
764,5,10,150,53,0.08207588022692468
765,5,10,150,53,0.0
766,5,10,150,53,0.053769917283313415
767,5,10,150,53,0.2073612289146658
768,5,10,150,53,0.07655078846581868
769,5,10,150,53,0.0
770,5,10,150,53,0.04692206785373726
771,5,10,150,53,0.15109842379315408
772,5,10,150,53,0.03353522641880846
773,5,10,150,53,0.08762244283612323
774,5,10,150,53,0.03367089019571788
775,5,10,150,53,0.0
776,5,10,150,53,0.0949413284627631
777,5,10,150,53,0.14445412169961394
778,5,10,150,53,0.0
779,5,10,150,53,0.05878132199396477
780,5,10,150,53,0.07751937086606239
781,5,10,150,53,0.21898681539091044
782,5,10,150,53,0.014302322876928598
783,5,10,150,53,0.0
784,5,10,150,53,0.0
785,5,10,150,53,0.048159222084064895
786,5,10,150,53,0.13370327844286975
787,5,10,150,53,0.0683037314796457
788,5,10,150,53,0.19987348941186764
789,5,10,150,53,0.059109628562248356
790,5,10,150,53,0.07487892914956495
791,5,10,150,53,0.0
792,5,10,150,53,0.0
793,5,10,150,53,0.0
794,5,10,150,53,0.19607400121987484
795,5,10,150,53,0.109979083396337
796,5,10,150,53,0.3931229603918079
797,5,10,150,53,0.09030583455080088
798,5,10,150,53,0.11090824841241781
799,5,10,150,53,0.0
800,5,10,150,53,0.0
801,5,10,150,53,0.03096677356901516
802,5,10,150,53,0.030863419558816
803,5,10,150,53,0.0
804,5,10,150,53,0.19481643359964573
805,5,10,150,53,0.13631950657106384
806,5,10,150,53,0.1599085551105587
807,5,10,150,53,0.2227201152016572
808,5,10,150,53,0.0
809,5,10,150,53,0.0
810,5,10,150,53,0.0
811,5,10,150,53,0.0
812,5,10,150,53,0.0
813,5,10,150,53,0.17367331957930765
814,5,10,150,53,0.09144287629100999
815,5,10,150,53,0.2768633068632277
816,5,10,150,53,0.08005612702969578
817,5,10,150,53,0.0
818,5,10,150,53,0.0
819,5,10,150,53,0.15575997463127336
820,5,10,150,53,0.041641441310299704
821,5,10,150,53,0.1716292605492022
822,5,10,150,53,0.0
823,5,10,150,53,0.3557727448180455
824,5,10,150,53,0.0
825,5,10,150,53,0.09720584961401921
826,5,10,150,53,0.0956022175683246
827,5,10,150,53,0.0
828,5,10,150,53,0.07244745602732354
829,5,10,150,53,0.146125692125401
830,5,10,150,53,0.10053254151308513
831,5,10,150,53,0.16345709869743347
832,5,10,150,53,0.041355644490859725
833,5,10,150,53,0.16493003904572626
834,5,10,150,53,0.020919434760060668
835,5,10,150,53,0.082546902593288
836,5,10,150,53,0.10882945376944808
837,5,10,150,53,0.0
838,5,10,150,53,0.14570435926304814
839,5,10,150,53,0.05646784228340616
840,5,10,150,53,0.3452205322256052
841,5,10,150,53,0.0
842,5,10,150,53,0.03314153504336938
843,5,10,150,53,0.11679496127900196
844,5,10,150,53,0.14767302746812566
845,5,10,150,53,0.0
846,5,10,150,53,0.3259541637875819
847,5,10,150,53,0.0
848,5,10,150,53,0.07691117390035053
849,5,10,150,53,0.08280898853927336
850,5,10,150,53,0.20069031232476098
851,5,10,150,53,0.2747930769976743
852,5,10,150,53,0.0
853,5,10,150,53,0.0
854,5,10,150,53,0.17502251057291518
855,5,10,150,53,0.0
856,5,10,150,53,0.0
857,5,10,150,53,0.0
858,5,10,150,53,0.0
859,5,10,150,53,0.0
860,5,10,150,53,0.0
861,5,10,150,53,0.09836355940276224
862,5,10,150,53,0.2350032155274221
863,5,10,150,53,0.0
864,5,10,150,53,0.309169769680202
865,5,10,150,53,0.0
866,5,10,150,53,0.12374681498530773
867,5,10,150,53,0.27550905731686676
868,5,10,150,53,0.14138114533978893
869,5,10,150,53,0.09414478450656023
870,5,10,150,53,0.12728970997573893
871,5,10,150,53,0.1919220089426032
872,5,10,150,53,0.01624882666837855
873,5,10,150,53,0.0
874,5,10,150,53,0.06575393297476358
875,5,10,150,53,0.20715219341653826
876,5,10,150,53,0.0
877,5,10,150,53,0.03487978243545732
878,5,10,150,53,0.05072831008892376
879,5,10,150,53,0.07180913162424091
880,5,10,150,53,0.37530981457588036
881,5,10,150,53,0.32459630645017823
882,5,10,150,53,0.3076720630127625
883,5,10,150,53,0.36346274656955785
884,5,10,150,53,0.028767091820622218
885,5,10,150,53,0.1139368901352758
886,5,10,150,53,0.20632246912090757
887,5,10,150,53,0.12530127496040347
888,5,10,150,53,0.0
889,5,10,150,53,0.27129422436920453
890,5,10,150,53,0.3101022527566034
891,5,10,150,53,0.09013275514532934
892,5,10,150,53,0.40936769217794056
893,5,10,150,53,0.05014695371369417
894,5,10,150,53,0.24784883031171376
895,5,10,150,53,0.0
896,5,10,150,53,0.42287355752470507
897,5,10,150,53,0.18226268812293628
898,5,10,150,53,0.0
899,5,10,150,53,0.1907553898087759
900,5,10,150,53,0.07027548980333784
901,5,10,150,53,0.2745448333214358
902,5,10,150,53,0.025255271126572616
903,5,10,150,53,0.39437843665746714
904,5,10,150,53,0.0
905,5,10,150,53,0.08773956418811966
906,5,10,150,53,0.0
907,5,10,150,53,0.1798802652950678
908,5,10,150,53,0.16304127578674718
909,5,10,150,53,0.0
910,5,10,150,53,0.14111581018360284
911,5,10,150,53,0.06421622186567455
912,5,10,150,53,0.09835918088209537
913,5,10,150,53,0.17941068658848067
914,5,10,150,53,0.0
915,5,10,150,53,0.0
916,5,10,150,53,0.2425322505906916
917,5,10,150,53,0.019845431127916993
918,5,10,150,53,0.027928328649537263
919,5,10,150,53,0.14724642088637047
920,5,10,150,53,0.26814570941777965
921,5,10,150,53,0.02882335199320744
922,5,10,150,53,0.12870333667544104
923,5,10,150,53,0.03997048965522762
924,5,10,150,53,0.10476875172292892
925,5,10,150,53,0.039791360812020615
926,5,10,150,53,0.18690891198435525
927,5,10,150,53,0.10403511461164118
928,5,10,150,53,0.18240827501780815
929,5,10,150,53,0.0753982504991096
930,5,10,150,53,0.12668740771092546
931,5,10,150,53,0.059539365700728666
932,5,10,150,53,0.3552308008731421
933,5,10,150,53,0.0607428833137611
934,5,10,150,53,0.22182812218187853
935,5,10,150,53,0.022046091678658168
936,5,10,150,53,0.13409646348019325
937,5,10,150,53,0.09560624946230661
938,5,10,150,53,0.07995837357482065
939,5,10,150,53,0.05231692143384187
940,5,10,150,53,0.11016931054745675
941,5,10,150,53,0.17060921827860473
942,5,10,150,53,0.09756486989026425
943,5,10,150,53,0.20367952791369318
1,5,10,150,54,0.4058715898896693
2,5,10,150,54,0.14433828292945616
3,5,10,150,54,0.08759200575528697
4,5,10,150,54,0.0
5,5,10,150,54,0.04470486007704452
6,5,10,150,54,0.04187254809446048
7,5,10,150,54,0.1849553466368852
8,5,10,150,54,0.0
9,5,10,150,54,0.0
10,5,10,150,54,0.3005733545514552
11,5,10,150,54,0.03947525607388688
12,5,10,150,54,0.14632177291384774
13,5,10,150,54,0.24256092752724764
14,5,10,150,54,0.18795160328752808
15,5,10,150,54,0.0
16,5,10,150,54,0.1512832655861012
17,5,10,150,54,0.0
18,5,10,150,54,0.17872418048185143
19,5,10,150,54,0.0
20,5,10,150,54,0.13743816645714543
21,5,10,150,54,0.15232559003472054
22,5,10,150,54,0.040815803121742565
23,5,10,150,54,0.10387012192613786
24,5,10,150,54,0.08835266840320231
25,5,10,150,54,0.23940867474021393
26,5,10,150,54,0.0
27,5,10,150,54,0.0
28,5,10,150,54,0.0
30,5,10,150,54,0.08133484538841967
31,5,10,150,54,0.11164668500969883
32,5,10,150,54,0.19519002499605084
33,5,10,150,54,0.0
34,5,10,150,54,0.0
35,5,10,150,54,0.0
37,5,10,150,54,0.08177471774917201
38,5,10,150,54,0.0
39,5,10,150,54,0.0
40,5,10,150,54,0.0
41,5,10,150,54,0.06835476917178976
42,5,10,150,54,0.08850778826764391
43,5,10,150,54,0.0
44,5,10,150,54,0.2672039079048423
45,5,10,150,54,0.0
46,5,10,150,54,0.0
47,5,10,150,54,0.0
48,5,10,150,54,0.07028063830038406
49,5,10,150,54,0.05432573058142762
52,5,10,150,54,0.0
53,5,10,150,54,0.0
54,5,10,150,54,0.0
55,5,10,150,54,0.0
56,5,10,150,54,0.11781210270929884
57,5,10,150,54,0.1318392860374695
58,5,10,150,54,0.40256699612340546
59,5,10,150,54,0.19233148606048747
60,5,10,150,54,0.1076743759411119
61,5,10,150,54,0.0
62,5,10,150,54,0.09586820699422145
63,5,10,150,54,0.0
64,5,10,150,54,0.04759023790187059
65,5,10,150,54,0.2342550150352983
66,5,10,150,54,0.0
67,5,10,150,54,0.0
68,5,10,150,54,0.0
69,5,10,150,54,0.0
70,5,10,150,54,0.0
71,5,10,150,54,0.20758456043036028
72,5,10,150,54,0.10990826949013655
73,5,10,150,54,0.10052888926242022
74,5,10,150,54,0.0
75,5,10,150,54,0.0
76,5,10,150,54,0.10633668103022985
77,5,10,150,54,0.14247142730086715
78,5,10,150,54,0.0
79,5,10,150,54,0.0
80,5,10,150,54,0.0
81,5,10,150,54,0.08878770367712427
82,5,10,150,54,0.0
83,5,10,150,54,0.07414861528507455
84,5,10,150,54,0.07550980911390262
85,5,10,150,54,0.04734112273659951
86,5,10,150,54,0.0
87,5,10,150,54,0.16641625059082407
88,5,10,150,54,0.18920035951687003
89,5,10,150,54,0.0
90,5,10,150,54,0.14392183262708286
91,5,10,150,54,0.0
92,5,10,150,54,0.03369782041898502
93,5,10,150,54,0.0
94,5,10,150,54,0.12253429761719764
95,5,10,150,54,0.07849567312219397
96,5,10,150,54,0.0
97,5,10,150,54,0.0
98,5,10,150,54,0.0
99,5,10,150,54,0.09641171098317775
100,5,10,150,54,0.0
101,5,10,150,54,0.0
102,5,10,150,54,0.0
103,5,10,150,54,0.0
104,5,10,150,54,0.33958467175585033
105,5,10,150,54,0.0
106,5,10,150,54,0.06516188295518531
107,5,10,150,54,0.0
109,5,10,150,54,0.16563719724029594
110,5,10,150,54,0.0
111,5,10,150,54,0.0
112,5,10,150,54,0.07807600999842033
113,5,10,150,54,0.0
114,5,10,150,54,0.08274602130532002
115,5,10,150,54,0.04001677477281075
116,5,10,150,54,0.0
117,5,10,150,54,0.0
118,5,10,150,54,0.16958010263680806
119,5,10,150,54,0.05891155956989184
120,5,10,150,54,0.0
121,5,10,150,54,0.13032376591037062
122,5,10,150,54,0.0
123,5,10,150,54,0.13720340769293682
124,5,10,150,54,0.0
125,5,10,150,54,0.05446333035917803
126,5,10,150,54,0.0
128,5,10,150,54,0.0
129,5,10,150,54,0.0
130,5,10,150,54,0.15174952279352721
131,5,10,150,54,0.0
132,5,10,150,54,0.0
133,5,10,150,54,0.0
134,5,10,150,54,0.0
135,5,10,150,54,0.0
136,5,10,150,54,0.0
137,5,10,150,54,0.1137075481082292
138,5,10,150,54,0.0976168253917686
139,5,10,150,54,0.0
140,5,10,150,54,0.0
141,5,10,150,54,0.0
142,5,10,150,54,0.0
143,5,10,150,54,0.0
144,5,10,150,54,0.0
145,5,10,150,54,0.17597149971119974
146,5,10,150,54,0.0
147,5,10,150,54,0.0
148,5,10,150,54,0.06916902856231065
149,5,10,150,54,0.0
150,5,10,150,54,0.2640681225725909
151,5,10,150,54,0.1026571794225922
152,5,10,150,54,0.0
153,5,10,150,54,0.0
154,5,10,150,54,0.06416923277158361
155,5,10,150,54,0.0
156,5,10,150,54,0.0
157,5,10,150,54,0.0
158,5,10,150,54,0.11017700922818752
159,5,10,150,54,0.23138144801632507
160,5,10,150,54,0.1719271394881576
161,5,10,150,54,0.0
162,5,10,150,54,0.0
163,5,10,150,54,0.0
164,5,10,150,54,0.0
165,5,10,150,54,0.0
167,5,10,150,54,0.05319635904163211
168,5,10,150,54,0.0
169,5,10,150,54,0.0
170,5,10,150,54,0.0
171,5,10,150,54,0.0
173,5,10,150,54,0.0
174,5,10,150,54,0.06784586495432565
175,5,10,150,54,0.21517910082405575
176,5,10,150,54,0.06289692884934815
177,5,10,150,54,0.38113435412202
178,5,10,150,54,0.12597398707460816
179,5,10,150,54,0.09149012142095872
180,5,10,150,54,0.06228974831361337
181,5,10,150,54,0.09913210981157927
182,5,10,150,54,0.0
183,5,10,150,54,0.15101961822780524
184,5,10,150,54,0.0
185,5,10,150,54,0.0
186,5,10,150,54,0.04633132539002164
187,5,10,150,54,0.0
188,5,10,150,54,0.12925733948536566
189,5,10,150,54,0.1622220746837199
190,5,10,150,54,0.0
192,5,10,150,54,0.123151194370365
193,5,10,150,54,0.0
194,5,10,150,54,0.0
195,5,10,150,54,0.11787667935667444
196,5,10,150,54,0.0
197,5,10,150,54,0.09546043308946733
198,5,10,150,54,0.0
199,5,10,150,54,0.0
200,5,10,150,54,0.09785159463516042
201,5,10,150,54,0.0
202,5,10,150,54,0.0
203,5,10,150,54,0.0
204,5,10,150,54,0.19519002499605084
205,5,10,150,54,0.0
206,5,10,150,54,0.0
207,5,10,150,54,0.038069204686089174
208,5,10,150,54,0.0
209,5,10,150,54,0.0
210,5,10,150,54,0.2167516193508568
211,5,10,150,54,0.0
213,5,10,150,54,0.15669163589836543
214,5,10,150,54,0.0
216,5,10,150,54,0.23813231172447274
217,5,10,150,54,0.0
218,5,10,150,54,0.0
219,5,10,150,54,0.0
221,5,10,150,54,0.0
222,5,10,150,54,0.1050995674008573
223,5,10,150,54,0.0
224,5,10,150,54,0.0
225,5,10,150,54,0.09077089626867633
226,5,10,150,54,0.19092086617893467
227,5,10,150,54,0.0
228,5,10,150,54,0.0
229,5,10,150,54,0.0
230,5,10,150,54,0.12683081539850163
231,5,10,150,54,0.0
232,5,10,150,54,0.03962341267285813
233,5,10,150,54,0.2699700016563489
234,5,10,150,54,0.09887660119080527
235,5,10,150,54,0.0
236,5,10,150,54,0.0
237,5,10,150,54,0.19342640361727081
238,5,10,150,54,0.0
239,5,10,150,54,0.06912040963822193
240,5,10,150,54,0.12495636102304827
241,5,10,150,54,0.0
242,5,10,150,54,0.0
243,5,10,150,54,0.0
244,5,10,150,54,0.049712302565054066
245,5,10,150,54,0.0
246,5,10,150,54,0.0561326498270945
247,5,10,150,54,0.09472348220010487
248,5,10,150,54,0.09472348220010487
249,5,10,150,54,0.056720838976548935
250,5,10,150,54,0.0
251,5,10,150,54,0.13032376591037062
252,5,10,150,54,0.20184908658209985
253,5,10,150,54,0.05725248542464807
254,5,10,150,54,0.08514311764162098
255,5,10,150,54,0.0
256,5,10,150,54,0.038925970325304815
257,5,10,150,54,0.07984133538066794
258,5,10,150,54,0.0
259,5,10,150,54,0.1239740444869306
260,5,10,150,54,0.0
261,5,10,150,54,0.0
262,5,10,150,54,0.0
263,5,10,150,54,0.0956366800683804
264,5,10,150,54,0.0
265,5,10,150,54,0.0
266,5,10,150,54,0.0
267,5,10,150,54,0.17168372277322866
268,5,10,150,54,0.049712302565054066
269,5,10,150,54,0.052962244777770985
270,5,10,150,54,0.041641441310299704
271,5,10,150,54,0.13010624216828925
272,5,10,150,54,0.08942172406547305
273,5,10,150,54,0.0
274,5,10,150,54,0.0
275,5,10,150,54,0.0
276,5,10,150,54,0.15875999922826586
277,5,10,150,54,0.0
278,5,10,150,54,0.0
279,5,10,150,54,0.13251633524111026
280,5,10,150,54,0.16417286747746287
281,5,10,150,54,0.0
282,5,10,150,54,0.0
283,5,10,150,54,0.07028063830038406
284,5,10,150,54,0.0
285,5,10,150,54,0.0
286,5,10,150,54,0.0781170595969038
287,5,10,150,54,0.0
288,5,10,150,54,0.0859574327152926
289,5,10,150,54,0.16903020543979225
290,5,10,150,54,0.07834851647149511
291,5,10,150,54,0.07828167840727236
292,5,10,150,54,0.04224853374256244
293,5,10,150,54,0.062192625389540866
294,5,10,150,54,0.0
295,5,10,150,54,0.2603201838311303
296,5,10,150,54,0.13713660166967986
297,5,10,150,54,0.0
298,5,10,150,54,0.16915623549474385
299,5,10,150,54,0.0
300,5,10,150,54,0.0
301,5,10,150,54,0.06460801587741544
302,5,10,150,54,0.09224219235917257
303,5,10,150,54,0.07354269615643778
304,5,10,150,54,0.0
305,5,10,150,54,0.11349000778741654
306,5,10,150,54,0.0
307,5,10,150,54,0.10778915452451093
308,5,10,150,54,0.13490077762666258
310,5,10,150,54,0.0
311,5,10,150,54,0.13301422444853
312,5,10,150,54,0.1819616199123543
313,5,10,150,54,0.11270402374049442
314,5,10,150,54,0.16600564593053876
315,5,10,150,54,0.0
316,5,10,150,54,0.0
317,5,10,150,54,0.0
318,5,10,150,54,0.1642688369468948
319,5,10,150,54,0.0
320,5,10,150,54,0.13927874459665815
321,5,10,150,54,0.0
322,5,10,150,54,0.0
323,5,10,150,54,0.1610425878239398
324,5,10,150,54,0.0
325,5,10,150,54,0.09092803061897883
326,5,10,150,54,0.027288805847552652
327,5,10,150,54,0.025410386140327024
328,5,10,150,54,0.09206364236149692
329,5,10,150,54,0.0
330,5,10,150,54,0.10236603130088297
331,5,10,150,54,0.0
332,5,10,150,54,0.09320485889859448
334,5,10,150,54,0.02249061179923914
335,5,10,150,54,0.0
336,5,10,150,54,0.0780824078938463
337,5,10,150,54,0.0
338,5,10,150,54,0.07132875491150918
339,5,10,150,54,0.1664336467304897
340,5,10,150,54,0.0
341,5,10,150,54,0.0
342,5,10,150,54,0.3608742720986609
343,5,10,150,54,0.09229649639444802
344,5,10,150,54,0.1202034973803211
345,5,10,150,54,0.18015355216717013
346,5,10,150,54,0.04366879852493834
347,5,10,150,54,0.22280620320442554
348,5,10,150,54,0.0
349,5,10,150,54,0.0
350,5,10,150,54,0.058087171966128066
351,5,10,150,54,0.0
352,5,10,150,54,0.1903601622684853
353,5,10,150,54,0.14434031438272124
354,5,10,150,54,0.06335619058732639
355,5,10,150,54,0.0
356,5,10,150,54,0.0
357,5,10,150,54,0.0
358,5,10,150,54,0.06364028872631156
359,5,10,150,54,0.3010299956639812
360,5,10,150,54,0.12982031659526816
361,5,10,150,54,0.09478836436955078
362,5,10,150,54,0.0
363,5,10,150,54,0.22463865489880525
364,5,10,150,54,0.0
365,5,10,150,54,0.0
366,5,10,150,54,0.0
367,5,10,150,54,0.0
368,5,10,150,54,0.0
369,5,10,150,54,0.0
370,5,10,150,54,0.0
371,5,10,150,54,0.19950301641376814
372,5,10,150,54,0.15130120674940672
373,5,10,150,54,0.22842722979011518
374,5,10,150,54,0.07472550252128253
375,5,10,150,54,0.0
376,5,10,150,54,0.0
377,5,10,150,54,0.0
378,5,10,150,54,0.12028809946908156
379,5,10,150,54,0.08433239722469389
380,5,10,150,54,0.0
381,5,10,150,54,0.0
382,5,10,150,54,0.09952375175972906
383,5,10,150,54,0.040815803121742565
384,5,10,150,54,0.0
385,5,10,150,54,0.0
386,5,10,150,54,0.0
387,5,10,150,54,0.08586571489348302
388,5,10,150,54,0.0
389,5,10,150,54,0.09284203700798714
390,5,10,150,54,0.0
391,5,10,150,54,0.11245246430543061
392,5,10,150,54,0.1484702586346916
393,5,10,150,54,0.1394542332590871
394,5,10,150,54,0.16570616085215287
395,5,10,150,54,0.0
396,5,10,150,54,0.0
397,5,10,150,54,0.11004588314904008
398,5,10,150,54,0.28368572779044043
399,5,10,150,54,0.026175882249243814
400,5,10,150,54,0.0
401,5,10,150,54,0.02839245759615368
402,5,10,150,54,0.0
403,5,10,150,54,0.2529427027676571
404,5,10,150,54,0.0
405,5,10,150,54,0.03699142753144187
406,5,10,150,54,0.06360190926466157
407,5,10,150,54,0.09046795885890169
408,5,10,150,54,0.09983719697789138
409,5,10,150,54,0.05800611307095368
410,5,10,150,54,0.0
411,5,10,150,54,0.17342765698823945
412,5,10,150,54,0.0
413,5,10,150,54,0.0
414,5,10,150,54,0.21398626473452756
415,5,10,150,54,0.0
416,5,10,150,54,0.13940880539528988
417,5,10,150,54,0.11088189053445036
419,5,10,150,54,0.30260241349881345
420,5,10,150,54,0.05478392673173268
421,5,10,150,54,0.0
422,5,10,150,54,0.0
423,5,10,150,54,0.08440880858250024
424,5,10,150,54,0.0
425,5,10,150,54,0.2082843711703412
426,5,10,150,54,0.13571943816109763
427,5,10,150,54,0.0
428,5,10,150,54,0.0
429,5,10,150,54,0.14573234168868587
430,5,10,150,54,0.1261446714466394
431,5,10,150,54,0.0
432,5,10,150,54,0.0
433,5,10,150,54,0.0
434,5,10,150,54,0.3903800499921017
435,5,10,150,54,0.09964084501257568
436,5,10,150,54,0.08868088264964148
437,5,10,150,54,0.22972973128433707
438,5,10,150,54,0.0
439,5,10,150,54,0.0
440,5,10,150,54,0.06175696970122604
441,5,10,150,54,0.0
442,5,10,150,54,0.0
443,5,10,150,54,0.0
445,5,10,150,54,0.0
446,5,10,150,54,0.0
447,5,10,150,54,0.2726897692124621
448,5,10,150,54,0.0
449,5,10,150,54,0.04403205443910179
450,5,10,150,54,0.20974298375840517
451,5,10,150,54,0.0
452,5,10,150,54,0.07830573469972951
453,5,10,150,54,0.029956785715628154
454,5,10,150,54,0.040649059532200174
455,5,10,150,54,0.0
456,5,10,150,54,0.07758828619721583
457,5,10,150,54,0.29418445531213994
458,5,10,150,54,0.04507276838148142
459,5,10,150,54,0.0
460,5,10,150,54,0.0
461,5,10,150,54,0.0
462,5,10,150,54,0.0
463,5,10,150,54,0.0
464,5,10,150,54,0.0
465,5,10,150,54,0.0
466,5,10,150,54,0.03947525607388688
467,5,10,150,54,0.1436337620239326
468,5,10,150,54,0.25116683884278784
469,5,10,150,54,0.0
470,5,10,150,54,0.0
471,5,10,150,54,0.0
472,5,10,150,54,0.13139503164087882
473,5,10,150,54,0.08754031530847717
474,5,10,150,54,0.30076261759159395
475,5,10,150,54,0.06516188295518531
476,5,10,150,54,0.0
477,5,10,150,54,0.055100238151135045
478,5,10,150,54,0.23782833255689273
479,5,10,150,54,0.07834096783470737
480,5,10,150,54,0.21398626473452756
481,5,10,150,54,0.13863671367752411
482,5,10,150,54,0.0
483,5,10,150,54,0.06912040963822193
484,5,10,150,54,0.09353062527112192
485,5,10,150,54,0.0
486,5,10,150,54,0.0877209484781505
487,5,10,150,54,0.19674990380650584
488,5,10,150,54,0.0
489,5,10,150,54,0.0
490,5,10,150,54,0.0
491,5,10,150,54,0.19092086617893467
492,5,10,150,54,0.12471554514794539
493,5,10,150,54,0.0332568859495131
494,5,10,150,54,0.038069204686089174
495,5,10,150,54,0.11868174655260626
496,5,10,150,54,0.05459112561892713
497,5,10,150,54,0.028723546263642687
498,5,10,150,54,0.03855307727568851
499,5,10,150,54,0.1912282106369008
500,5,10,150,54,0.05011951520627559
501,5,10,150,54,0.0
502,5,10,150,54,0.06364028872631156
503,5,10,150,54,0.1894044290456616
504,5,10,150,54,0.0
505,5,10,150,54,0.0
506,5,10,150,54,0.10589517949214913
507,5,10,150,54,0.0
508,5,10,150,54,0.0
509,5,10,150,54,0.06474271459046577
510,5,10,150,54,0.0
511,5,10,150,54,0.0
512,5,10,150,54,0.18316925091363362
513,5,10,150,54,0.0
514,5,10,150,54,0.10595566933616397
515,5,10,150,54,0.0
516,5,10,150,54,0.13768197790533618
517,5,10,150,54,0.042259191411409554
518,5,10,150,54,0.0
519,5,10,150,54,0.038800293177871176
520,5,10,150,54,0.0
521,5,10,150,54,0.0
522,5,10,150,54,0.0
523,5,10,150,54,0.0316088333445714
524,5,10,150,54,0.09006868309608587
525,5,10,150,54,0.0
526,5,10,150,54,0.06235626924550528
527,5,10,150,54,0.12265062558661
528,5,10,150,54,0.14110144150616766
529,5,10,150,54,0.0
530,5,10,150,54,0.0
531,5,10,150,54,0.0
532,5,10,150,54,0.04774713204658456
533,5,10,150,54,0.12731562344278502
534,5,10,150,54,0.04084531701587904
535,5,10,150,54,0.2714045080916464
536,5,10,150,54,0.23620378562439379
537,5,10,150,54,0.39510975365776585
538,5,10,150,54,0.0
539,5,10,150,54,0.1560067947598593
540,5,10,150,54,0.0
541,5,10,150,54,0.12534926568386062
542,5,10,150,54,0.12627825946936164
543,5,10,150,54,0.0
544,5,10,150,54,0.07631352592005593
545,5,10,150,54,0.052962244777770985
546,5,10,150,54,0.15314106296495628
547,5,10,150,54,0.0
548,5,10,150,54,0.0369180152329196
549,5,10,150,54,0.0
550,5,10,150,54,0.13436217909546777
551,5,10,150,54,0.25350086002787
552,5,10,150,54,0.0
553,5,10,150,54,0.16102243342487008
554,5,10,150,54,0.16600564593053876
555,5,10,150,54,0.0
556,5,10,150,54,0.08876245163110816
557,5,10,150,54,0.053894577262255466
558,5,10,150,54,0.0
559,5,10,150,54,0.0734773909038217
560,5,10,150,54,0.2179777837196921
561,5,10,150,54,0.0
562,5,10,150,54,0.034743705427429224
563,5,10,150,54,0.0
564,5,10,150,54,0.0
565,5,10,150,54,0.10523285614729473
566,5,10,150,54,0.13665387068436016
567,5,10,150,54,0.13463074517970205
568,5,10,150,54,0.057107346298225524
569,5,10,150,54,0.0
570,5,10,150,54,0.0
571,5,10,150,54,0.0
572,5,10,150,54,0.058995070558427745
573,5,10,150,54,0.0
574,5,10,150,54,0.04185567464896701
575,5,10,150,54,0.0
576,5,10,150,54,0.17342765698823945
577,5,10,150,54,0.20619661189599137
578,5,10,150,54,0.09818998961169394
579,5,10,150,54,0.0
580,5,10,150,54,0.10209739512291163
581,5,10,150,54,0.0
582,5,10,150,54,0.028361369701356044
583,5,10,150,54,0.04579340374561851
584,5,10,150,54,0.0
585,5,10,150,54,0.0
586,5,10,150,54,0.07482758161941112
587,5,10,150,54,0.0
588,5,10,150,54,0.1871976117175379
589,5,10,150,54,0.0
590,5,10,150,54,0.18511573258657482
591,5,10,150,54,0.15758427078022966
592,5,10,150,54,0.24958510085528418
593,5,10,150,54,0.15257268888187236
594,5,10,150,54,0.0843142342558857
595,5,10,150,54,0.0
596,5,10,150,54,0.0
597,5,10,150,54,0.0
598,5,10,150,54,0.11752277470724268
599,5,10,150,54,0.16402353420682853
600,5,10,150,54,0.0
601,5,10,150,54,0.026557570376145638
602,5,10,150,54,0.0
603,5,10,150,54,0.06194403202282284
604,5,10,150,54,0.0
605,5,10,150,54,0.07677414822537214
606,5,10,150,54,0.2138150508755678
607,5,10,150,54,0.0
608,5,10,150,54,0.126140293880171
609,5,10,150,54,0.11838279295536291
610,5,10,150,54,0.029785542524894418
611,5,10,150,54,0.03927158715985786
612,5,10,150,54,0.0
613,5,10,150,54,0.2049174583553662
614,5,10,150,54,0.13886244387355454
615,5,10,150,54,0.08391725636078755
616,5,10,150,54,0.09781579202094404
617,5,10,150,54,0.03804989622115975
618,5,10,150,54,0.13693830900397266
619,5,10,150,54,0.1303945739341477
620,5,10,150,54,0.10964161607630166
621,5,10,150,54,0.13589759152345549
622,5,10,150,54,0.10776587573843878
623,5,10,150,54,0.050143326786652107
624,5,10,150,54,0.019160322430058573
625,5,10,150,54,0.0
626,5,10,150,54,0.04690797720830594
627,5,10,150,54,0.04289205981312439
628,5,10,150,54,0.0
629,5,10,150,54,0.16098909010547607
630,5,10,150,54,0.09942460513010813
631,5,10,150,54,0.09240791929215005
632,5,10,150,54,0.31631217683169366
633,5,10,150,54,0.0455520698635181
634,5,10,150,54,0.023756977677906275
635,5,10,150,54,0.039407921945699885
636,5,10,150,54,0.0
637,5,10,150,54,0.0
638,5,10,150,54,0.15473934503245962
639,5,10,150,54,0.0
640,5,10,150,54,0.0637867864178444
641,5,10,150,54,0.0
642,5,10,150,54,0.11905898557925702
643,5,10,150,54,0.15221991138799143
644,5,10,150,54,0.0
645,5,10,150,54,0.1856947245529553
646,5,10,150,54,0.0
647,5,10,150,54,0.03673869545191085
648,5,10,150,54,0.07090183193439976
649,5,10,150,54,0.0
650,5,10,150,54,0.06628054890420955
651,5,10,150,54,0.0
652,5,10,150,54,0.0
653,5,10,150,54,0.05482453288170429
654,5,10,150,54,0.17020900230175445
655,5,10,150,54,0.2695477582917929
656,5,10,150,54,0.0
657,5,10,150,54,0.053845569940583225
658,5,10,150,54,0.0
659,5,10,150,54,0.06087220508622907
660,5,10,150,54,0.0
661,5,10,150,54,0.12705991527984942
662,5,10,150,54,0.0
663,5,10,150,54,0.07874514948204092
664,5,10,150,54,0.05391021349625259
665,5,10,150,54,0.0
666,5,10,150,54,0.07860744541237058
667,5,10,150,54,0.23495437216186538
668,5,10,150,54,0.0
669,5,10,150,54,0.25001448888650357
670,5,10,150,54,0.15539533467551025
671,5,10,150,54,0.17434206503696043
672,5,10,150,54,0.0
673,5,10,150,54,0.0
674,5,10,150,54,0.0
675,5,10,150,54,0.05010834716923557
676,5,10,150,54,0.0
677,5,10,150,54,0.03927489746221688
678,5,10,150,54,0.0
679,5,10,150,54,0.26970586372388394
680,5,10,150,54,0.2073612289146658
681,5,10,150,54,0.0
682,5,10,150,54,0.1187050625718748
683,5,10,150,54,0.06289349548893712
684,5,10,150,54,0.0
685,5,10,150,54,0.0
686,5,10,150,54,0.08962483220812449
687,5,10,150,54,0.0
688,5,10,150,54,0.0
689,5,10,150,54,0.32436268379537736
690,5,10,150,54,0.0
691,5,10,150,54,0.0
692,5,10,150,54,0.0
693,5,10,150,54,0.0
694,5,10,150,54,0.20269611984358588
695,5,10,150,54,0.031112565128707144
696,5,10,150,54,0.12935879342602336
697,5,10,150,54,0.06378035696304758
698,5,10,150,54,0.09499131598480672
699,5,10,150,54,0.0
700,5,10,150,54,0.16958010263680806
701,5,10,150,54,0.04129602134854855
702,5,10,150,54,0.0
703,5,10,150,54,0.03870447337439288
704,5,10,150,54,0.059927504920695866
705,5,10,150,54,0.16834344536682191
706,5,10,150,54,0.0
707,5,10,150,54,0.10236865845179521
708,5,10,150,54,0.06058075640309377
709,5,10,150,54,0.10371915894912967
710,5,10,150,54,0.05710411178654767
711,5,10,150,54,0.13891475397650727
712,5,10,150,54,0.12435918123916344
713,5,10,150,54,0.0
714,5,10,150,54,0.04195229264874745
715,5,10,150,54,0.07261309108674657
716,5,10,150,54,0.179747409970707
717,5,10,150,54,0.1671511698578214
718,5,10,150,54,0.14061157344379913
719,5,10,150,54,0.11614257564286637
720,5,10,150,54,0.05261577455142312
721,5,10,150,54,0.11468731298843919
722,5,10,150,54,0.0
723,5,10,150,54,0.0
724,5,10,150,54,0.0
725,5,10,150,54,0.05750402108673013
726,5,10,150,54,0.2529427027676571
727,5,10,150,54,0.0994296900626734
728,5,10,150,54,0.0
729,5,10,150,54,0.0
730,5,10,150,54,0.0
731,5,10,150,54,0.04466441818602386
732,5,10,150,54,0.0
733,5,10,150,54,0.0
734,5,10,150,54,0.0655813061736612
735,5,10,150,54,0.0
736,5,10,150,54,0.0
737,5,10,150,54,0.16282663249631943
738,5,10,150,54,0.24803970741351278
739,5,10,150,54,0.0
740,5,10,150,54,0.0
741,5,10,150,54,0.10965210684801945
742,5,10,150,54,0.04553761034739079
743,5,10,150,54,0.0814476682319001
744,5,10,150,54,0.08878770367712427
745,5,10,150,54,0.3682049230943936
746,5,10,150,54,0.11450296808588954
747,5,10,150,54,0.38965910570619994
748,5,10,150,54,0.1946257849561795
749,5,10,150,54,0.14567627458815144
750,5,10,150,54,0.07219614103266732
751,5,10,150,54,0.056598712529238204
752,5,10,150,54,0.020210299806331135
753,5,10,150,54,0.15406810205846871
754,5,10,150,54,0.0
755,5,10,150,54,0.03412020403969171
756,5,10,150,54,0.03828357334999627
757,5,10,150,54,0.028336790544522913
758,5,10,150,54,0.1952722725848347
759,5,10,150,54,0.038281751104512325
760,5,10,150,54,0.11447590313611888
761,5,10,150,54,0.03339755935325358
762,5,10,150,54,0.11568388634051256
763,5,10,150,54,0.20859185628046678
764,5,10,150,54,0.08207588022692468
765,5,10,150,54,0.0
766,5,10,150,54,0.05308577426881174
767,5,10,150,54,0.2073612289146658
768,5,10,150,54,0.07655078846581868
769,5,10,150,54,0.0
770,5,10,150,54,0.04692206785373726
771,5,10,150,54,0.15109842379315408
772,5,10,150,54,0.03353522641880846
773,5,10,150,54,0.08650757628604006
774,5,10,150,54,0.03324247770257458
775,5,10,150,54,0.0
776,5,10,150,54,0.0949413284627631
777,5,10,150,54,0.14445412169961394
778,5,10,150,54,0.0
779,5,10,150,54,0.05878132199396477
780,5,10,150,54,0.07751937086606239
781,5,10,150,54,0.21898681539091044
782,5,10,150,54,0.014120346880278986
783,5,10,150,54,0.0
784,5,10,150,54,0.0
785,5,10,150,54,0.048159222084064895
786,5,10,150,54,0.13370327844286975
787,5,10,150,54,0.0683037314796457
788,5,10,150,54,0.197330393597814
789,5,10,150,54,0.059109628562248356
790,5,10,150,54,0.07392620504472541
791,5,10,150,54,0.0
792,5,10,150,54,0.0
793,5,10,150,54,0.0
794,5,10,150,54,0.19607400121987484
795,5,10,150,54,0.10857976151807458
796,5,10,150,54,0.38812104964355126
797,5,10,150,54,0.09030583455080088
798,5,10,150,54,0.10949710427763747
799,5,10,150,54,0.0
800,5,10,150,54,0.0
801,5,10,150,54,0.03096677356901516
802,5,10,150,54,0.030863419558816
803,5,10,150,54,0.0
804,5,10,150,54,0.19233768137365545
805,5,10,150,54,0.13458504159747067
806,5,10,150,54,0.15787395423212489
807,5,10,150,54,0.21988632971894254
808,5,10,150,54,0.040655755922716606
809,5,10,150,54,0.0
810,5,10,150,54,0.0
811,5,10,150,54,0.0
812,5,10,150,54,0.0
813,5,10,150,54,0.17367331957930765
814,5,10,150,54,0.09144287629100999
815,5,10,150,54,0.2733406289992412
816,5,10,150,54,0.08005612702969578
817,5,10,150,54,0.0
818,5,10,150,54,0.0
819,5,10,150,54,0.15575997463127336
820,5,10,150,54,0.041641441310299704
821,5,10,150,54,0.1716292605492022
822,5,10,150,54,0.0
823,5,10,150,54,0.351246060560101
824,5,10,150,54,0.0
825,5,10,150,54,0.09596904832545243
826,5,10,150,54,0.0956022175683246
827,5,10,150,54,0.0
828,5,10,150,54,0.07244745602732354
829,5,10,150,54,0.146125692125401
830,5,10,150,54,0.10053254151308513
831,5,10,150,54,0.16345709869743347
832,5,10,150,54,0.041355644490859725
833,5,10,150,54,0.16283154717898055
834,5,10,150,54,0.020919434760060668
835,5,10,150,54,0.082546902593288
836,5,10,150,54,0.10882945376944808
837,5,10,150,54,0.0
838,5,10,150,54,0.14570435926304814
839,5,10,150,54,0.05646784228340616
840,5,10,150,54,0.34082810933344665
841,5,10,150,54,0.0
842,5,10,150,54,0.03314153504336938
843,5,10,150,54,0.1153089173919153
844,5,10,150,54,0.14767302746812566
845,5,10,150,54,0.0
846,5,10,150,54,0.32180687706165995
847,5,10,150,54,0.0
848,5,10,150,54,0.08865611984871648
849,5,10,150,54,0.08280898853927336
850,5,10,150,54,0.20069031232476098
851,5,10,150,54,0.2712967397600546
852,5,10,150,54,0.0
853,5,10,150,54,0.0
854,5,10,150,54,0.18551913424333732
855,5,10,150,54,0.0
856,5,10,150,54,0.0
857,5,10,150,54,0.0
858,5,10,150,54,0.0
859,5,10,150,54,0.0
860,5,10,150,54,0.0
861,5,10,150,54,0.09836355940276224
862,5,10,150,54,0.2320131456814636
863,5,10,150,54,0.0
864,5,10,150,54,0.3052360396521768
865,5,10,150,54,0.0
866,5,10,150,54,0.12374681498530773
867,5,10,150,54,0.27550905731686676
868,5,10,150,54,0.1395822784667599
869,5,10,150,54,0.09414478450656023
870,5,10,150,54,0.1256701358663164
871,5,10,150,54,0.18948008400797142
872,5,10,150,54,0.01624882666837855
873,5,10,150,54,0.0
874,5,10,150,54,0.06575393297476358
875,5,10,150,54,0.22155784660169645
876,5,10,150,54,0.0
877,5,10,150,54,0.03487978243545732
878,5,10,150,54,0.05008286704682367
879,5,10,150,54,0.07180913162424091
880,5,10,150,54,0.3705345498760463
881,5,10,150,54,0.32046629645925995
882,5,10,150,54,0.3037573890965201
883,5,10,150,54,0.35883821836381474
884,5,10,150,54,0.028767091820622218
885,5,10,150,54,0.11248721099462584
886,5,10,150,54,0.20369731953698564
887,5,10,150,54,0.13643052813325646
888,5,10,150,54,0.0
889,5,10,150,54,0.267842404878784
890,5,10,150,54,0.30615665825462895
891,5,10,150,54,0.09013275514532934
892,5,10,150,54,0.4041590911401048
893,5,10,150,54,0.05014695371369417
894,5,10,150,54,0.2446953189343996
895,5,10,150,54,0.0
896,5,10,150,54,0.41749311423940766
897,5,10,150,54,0.19266719119610143
898,5,10,150,54,0.0
899,5,10,150,54,0.18832830838462952
900,5,10,150,54,0.07027548980333784
901,5,10,150,54,0.2710516546190264
902,5,10,150,54,0.025255271126572616
903,5,10,150,54,0.3893605518225759
904,5,10,150,54,0.0
905,5,10,150,54,0.08773956418811966
906,5,10,150,54,0.0
907,5,10,150,54,0.17759155381537728
908,5,10,150,54,0.16304127578674718
909,5,10,150,54,0.0
910,5,10,150,54,0.14111581018360284
911,5,10,150,54,0.0633991650088524
912,5,10,150,54,0.09835918088209537
913,5,10,150,54,0.1771279498063181
914,5,10,150,54,0.0
915,5,10,150,54,0.0
916,5,10,150,54,0.23944638486099884
917,5,10,150,54,0.019845431127916993
918,5,10,150,54,0.027572981795428983
919,5,10,150,54,0.14537292701936305
920,5,10,150,54,0.26814570941777965
921,5,10,150,54,0.028456617285084775
922,5,10,150,54,0.1270657762480069
923,5,10,150,54,0.03997048965522762
924,5,10,150,54,0.10476875172292892
925,5,10,150,54,0.039791360812020615
926,5,10,150,54,0.18690891198435525
927,5,10,150,54,0.10271142098292654
928,5,10,150,54,0.18240827501780815
929,5,10,150,54,0.0753982504991096
930,5,10,150,54,0.12668740771092546
931,5,10,150,54,0.059539365700728666
932,5,10,150,54,0.36343453942874093
933,5,10,150,54,0.0599700195750866
934,5,10,150,54,0.21900568599676926
935,5,10,150,54,0.043888403129016776
936,5,10,150,54,0.13239028345622242
937,5,10,150,54,0.09560624946230661
938,5,10,150,54,0.07894102101978696
939,5,10,150,54,0.05231692143384187
940,5,10,150,54,0.10876756830882961
941,5,10,150,54,0.17060921827860473
942,5,10,150,54,0.09756486989026425
943,5,10,150,54,0.20108800586457157
1,5,10,150,55,0.4058715898896693
2,5,10,150,55,0.14433828292945616
3,5,10,150,55,0.08759200575528697
4,5,10,150,55,0.0
5,5,10,150,55,0.04470486007704452
6,5,10,150,55,0.04187254809446048
7,5,10,150,55,0.1849553466368852
8,5,10,150,55,0.0
9,5,10,150,55,0.0
10,5,10,150,55,0.3005733545514552
11,5,10,150,55,0.03947525607388688
12,5,10,150,55,0.14632177291384774
13,5,10,150,55,0.24256092752724764
14,5,10,150,55,0.18795160328752808
15,5,10,150,55,0.0
16,5,10,150,55,0.1512832655861012
17,5,10,150,55,0.0
18,5,10,150,55,0.17872418048185143
19,5,10,150,55,0.0
20,5,10,150,55,0.13743816645714543
21,5,10,150,55,0.15232559003472054
22,5,10,150,55,0.040815803121742565
23,5,10,150,55,0.10387012192613786
24,5,10,150,55,0.08835266840320231
25,5,10,150,55,0.23940867474021393
26,5,10,150,55,0.0
27,5,10,150,55,0.0
28,5,10,150,55,0.052106753859569234
30,5,10,150,55,0.08133484538841967
31,5,10,150,55,0.11164668500969883
32,5,10,150,55,0.19519002499605084
33,5,10,150,55,0.0
34,5,10,150,55,0.0
35,5,10,150,55,0.0
37,5,10,150,55,0.08177471774917201
38,5,10,150,55,0.0
39,5,10,150,55,0.0
40,5,10,150,55,0.0
41,5,10,150,55,0.06835476917178976
42,5,10,150,55,0.08850778826764391
43,5,10,150,55,0.0
44,5,10,150,55,0.29540493557662006
45,5,10,150,55,0.0
46,5,10,150,55,0.0
47,5,10,150,55,0.0
48,5,10,150,55,0.07028063830038406
49,5,10,150,55,0.05432573058142762
52,5,10,150,55,0.0
53,5,10,150,55,0.0
54,5,10,150,55,0.0
55,5,10,150,55,0.0
56,5,10,150,55,0.11781210270929884
57,5,10,150,55,0.1318392860374695
58,5,10,150,55,0.40256699612340546
59,5,10,150,55,0.19233148606048747
60,5,10,150,55,0.1076743759411119
61,5,10,150,55,0.0
62,5,10,150,55,0.09586820699422145
63,5,10,150,55,0.0
64,5,10,150,55,0.04759023790187059
65,5,10,150,55,0.2342550150352983
66,5,10,150,55,0.0
67,5,10,150,55,0.0
68,5,10,150,55,0.0
69,5,10,150,55,0.0
70,5,10,150,55,0.0
71,5,10,150,55,0.20758456043036028
72,5,10,150,55,0.10990826949013655
73,5,10,150,55,0.10052888926242022
74,5,10,150,55,0.0
75,5,10,150,55,0.0
76,5,10,150,55,0.10633668103022985
77,5,10,150,55,0.14247142730086715
78,5,10,150,55,0.0
79,5,10,150,55,0.0
80,5,10,150,55,0.0
81,5,10,150,55,0.08878770367712427
82,5,10,150,55,0.0
83,5,10,150,55,0.07414861528507455
84,5,10,150,55,0.07550980911390262
85,5,10,150,55,0.04734112273659951
86,5,10,150,55,0.0
87,5,10,150,55,0.16641625059082407
88,5,10,150,55,0.18920035951687003
89,5,10,150,55,0.0
90,5,10,150,55,0.14392183262708286
91,5,10,150,55,0.0
92,5,10,150,55,0.03369782041898502
93,5,10,150,55,0.0
94,5,10,150,55,0.12253429761719764
95,5,10,150,55,0.07849567312219397
96,5,10,150,55,0.0
97,5,10,150,55,0.0
98,5,10,150,55,0.0
99,5,10,150,55,0.09641171098317775
100,5,10,150,55,0.0
101,5,10,150,55,0.0
102,5,10,150,55,0.0
103,5,10,150,55,0.0
104,5,10,150,55,0.33958467175585033
105,5,10,150,55,0.0
106,5,10,150,55,0.06516188295518531
107,5,10,150,55,0.0
109,5,10,150,55,0.16563719724029594
110,5,10,150,55,0.0
111,5,10,150,55,0.0
112,5,10,150,55,0.07807600999842033
113,5,10,150,55,0.0
114,5,10,150,55,0.08274602130532002
115,5,10,150,55,0.04001677477281075
116,5,10,150,55,0.0
117,5,10,150,55,0.0
118,5,10,150,55,0.16958010263680806
119,5,10,150,55,0.05891155956989184
120,5,10,150,55,0.0
121,5,10,150,55,0.13032376591037062
122,5,10,150,55,0.0
123,5,10,150,55,0.13720340769293682
124,5,10,150,55,0.0
125,5,10,150,55,0.05446333035917803
126,5,10,150,55,0.0
128,5,10,150,55,0.0
129,5,10,150,55,0.0
130,5,10,150,55,0.15174952279352721
131,5,10,150,55,0.0
132,5,10,150,55,0.0
133,5,10,150,55,0.0
134,5,10,150,55,0.0
135,5,10,150,55,0.0
136,5,10,150,55,0.0
137,5,10,150,55,0.1137075481082292
138,5,10,150,55,0.0976168253917686
139,5,10,150,55,0.0
140,5,10,150,55,0.0
141,5,10,150,55,0.04733244938590725
142,5,10,150,55,0.0
143,5,10,150,55,0.0
144,5,10,150,55,0.0
145,5,10,150,55,0.17597149971119974
146,5,10,150,55,0.0
147,5,10,150,55,0.0
148,5,10,150,55,0.06916902856231065
149,5,10,150,55,0.0
150,5,10,150,55,0.2640681225725909
151,5,10,150,55,0.1026571794225922
152,5,10,150,55,0.0
153,5,10,150,55,0.0
154,5,10,150,55,0.06416923277158361
155,5,10,150,55,0.0
156,5,10,150,55,0.0
157,5,10,150,55,0.0
158,5,10,150,55,0.11017700922818752
159,5,10,150,55,0.23138144801632507
160,5,10,150,55,0.1719271394881576
161,5,10,150,55,0.0
162,5,10,150,55,0.0
163,5,10,150,55,0.0
164,5,10,150,55,0.0
165,5,10,150,55,0.0
167,5,10,150,55,0.05319635904163211
168,5,10,150,55,0.0
169,5,10,150,55,0.0
170,5,10,150,55,0.0
171,5,10,150,55,0.0
173,5,10,150,55,0.0
174,5,10,150,55,0.06784586495432565
175,5,10,150,55,0.21517910082405575
176,5,10,150,55,0.06289692884934815
177,5,10,150,55,0.38113435412202
178,5,10,150,55,0.12597398707460816
179,5,10,150,55,0.09149012142095872
180,5,10,150,55,0.06228974831361337
181,5,10,150,55,0.09913210981157927
182,5,10,150,55,0.0
183,5,10,150,55,0.15101961822780524
184,5,10,150,55,0.0
185,5,10,150,55,0.0
186,5,10,150,55,0.04633132539002164
187,5,10,150,55,0.0
188,5,10,150,55,0.12925733948536566
189,5,10,150,55,0.1622220746837199
190,5,10,150,55,0.0
192,5,10,150,55,0.123151194370365
193,5,10,150,55,0.0
194,5,10,150,55,0.0
195,5,10,150,55,0.11787667935667444
196,5,10,150,55,0.0
197,5,10,150,55,0.09546043308946733
198,5,10,150,55,0.0
199,5,10,150,55,0.0
200,5,10,150,55,0.09785159463516042
201,5,10,150,55,0.0
202,5,10,150,55,0.0
203,5,10,150,55,0.0
204,5,10,150,55,0.19519002499605084
205,5,10,150,55,0.0
206,5,10,150,55,0.0
207,5,10,150,55,0.038069204686089174
208,5,10,150,55,0.0
209,5,10,150,55,0.0
210,5,10,150,55,0.2167516193508568
211,5,10,150,55,0.0
213,5,10,150,55,0.15669163589836543
214,5,10,150,55,0.0
216,5,10,150,55,0.23813231172447274
217,5,10,150,55,0.0
218,5,10,150,55,0.0
219,5,10,150,55,0.0
221,5,10,150,55,0.0
222,5,10,150,55,0.1050995674008573
223,5,10,150,55,0.0
224,5,10,150,55,0.0
225,5,10,150,55,0.09077089626867633
226,5,10,150,55,0.19092086617893467
227,5,10,150,55,0.0
228,5,10,150,55,0.0
229,5,10,150,55,0.0
230,5,10,150,55,0.12683081539850163
231,5,10,150,55,0.0
232,5,10,150,55,0.03962341267285813
233,5,10,150,55,0.2699700016563489
234,5,10,150,55,0.09887660119080527
235,5,10,150,55,0.0
236,5,10,150,55,0.0
237,5,10,150,55,0.19342640361727081
238,5,10,150,55,0.0
239,5,10,150,55,0.06912040963822193
240,5,10,150,55,0.12495636102304827
241,5,10,150,55,0.0
242,5,10,150,55,0.0
243,5,10,150,55,0.0
244,5,10,150,55,0.049712302565054066
245,5,10,150,55,0.0
246,5,10,150,55,0.0561326498270945
247,5,10,150,55,0.09472348220010487
248,5,10,150,55,0.09472348220010487
249,5,10,150,55,0.056720838976548935
250,5,10,150,55,0.0
251,5,10,150,55,0.13032376591037062
252,5,10,150,55,0.20184908658209985
253,5,10,150,55,0.05725248542464807
254,5,10,150,55,0.08514311764162098
255,5,10,150,55,0.0
256,5,10,150,55,0.038925970325304815
257,5,10,150,55,0.07984133538066794
258,5,10,150,55,0.0
259,5,10,150,55,0.1239740444869306
260,5,10,150,55,0.0
261,5,10,150,55,0.0
262,5,10,150,55,0.0
263,5,10,150,55,0.0956366800683804
264,5,10,150,55,0.0
265,5,10,150,55,0.0
266,5,10,150,55,0.0
267,5,10,150,55,0.17168372277322866
268,5,10,150,55,0.049712302565054066
269,5,10,150,55,0.052962244777770985
270,5,10,150,55,0.041641441310299704
271,5,10,150,55,0.13010624216828925
272,5,10,150,55,0.1702293778633033
273,5,10,150,55,0.0
274,5,10,150,55,0.0
275,5,10,150,55,0.0
276,5,10,150,55,0.15875999922826586
277,5,10,150,55,0.0
278,5,10,150,55,0.0
279,5,10,150,55,0.13251633524111026
280,5,10,150,55,0.16417286747746287
281,5,10,150,55,0.0
282,5,10,150,55,0.0
283,5,10,150,55,0.07028063830038406
284,5,10,150,55,0.0
285,5,10,150,55,0.0
286,5,10,150,55,0.0781170595969038
287,5,10,150,55,0.0
288,5,10,150,55,0.0859574327152926
289,5,10,150,55,0.16903020543979225
290,5,10,150,55,0.07834851647149511
291,5,10,150,55,0.07828167840727236
292,5,10,150,55,0.04224853374256244
293,5,10,150,55,0.07916644227981202
294,5,10,150,55,0.0
295,5,10,150,55,0.2603201838311303
296,5,10,150,55,0.13713660166967986
297,5,10,150,55,0.0
298,5,10,150,55,0.16915623549474385
299,5,10,150,55,0.0
300,5,10,150,55,0.0
301,5,10,150,55,0.06460801587741544
302,5,10,150,55,0.09224219235917257
303,5,10,150,55,0.07354269615643778
304,5,10,150,55,0.0
305,5,10,150,55,0.11349000778741654
306,5,10,150,55,0.0
307,5,10,150,55,0.10778915452451093
308,5,10,150,55,0.13490077762666258
310,5,10,150,55,0.0
311,5,10,150,55,0.13301422444853
312,5,10,150,55,0.1819616199123543
313,5,10,150,55,0.11270402374049442
314,5,10,150,55,0.16600564593053876
315,5,10,150,55,0.0
316,5,10,150,55,0.0
317,5,10,150,55,0.0
318,5,10,150,55,0.1642688369468948
319,5,10,150,55,0.0
320,5,10,150,55,0.13927874459665815
321,5,10,150,55,0.0
322,5,10,150,55,0.0
323,5,10,150,55,0.1610425878239398
324,5,10,150,55,0.0
325,5,10,150,55,0.09092803061897883
326,5,10,150,55,0.027288805847552652
327,5,10,150,55,0.025410386140327024
328,5,10,150,55,0.09206364236149692
329,5,10,150,55,0.0
330,5,10,150,55,0.10236603130088297
331,5,10,150,55,0.0
332,5,10,150,55,0.09320485889859448
334,5,10,150,55,0.02249061179923914
335,5,10,150,55,0.0
336,5,10,150,55,0.0780824078938463
337,5,10,150,55,0.0
338,5,10,150,55,0.07132875491150918
339,5,10,150,55,0.1664336467304897
340,5,10,150,55,0.0
341,5,10,150,55,0.0
342,5,10,150,55,0.3608742720986609
343,5,10,150,55,0.09229649639444802
344,5,10,150,55,0.1202034973803211
345,5,10,150,55,0.18015355216717013
346,5,10,150,55,0.04366879852493834
347,5,10,150,55,0.22280620320442554
348,5,10,150,55,0.0
349,5,10,150,55,0.0
350,5,10,150,55,0.058087171966128066
351,5,10,150,55,0.0
352,5,10,150,55,0.1903601622684853
353,5,10,150,55,0.14434031438272124
354,5,10,150,55,0.06335619058732639
355,5,10,150,55,0.0
356,5,10,150,55,0.0
357,5,10,150,55,0.0
358,5,10,150,55,0.06364028872631156
359,5,10,150,55,0.3010299956639812
360,5,10,150,55,0.12982031659526816
361,5,10,150,55,0.09478836436955078
362,5,10,150,55,0.0
363,5,10,150,55,0.22463865489880525
364,5,10,150,55,0.0
365,5,10,150,55,0.0
366,5,10,150,55,0.0
367,5,10,150,55,0.0
368,5,10,150,55,0.0
369,5,10,150,55,0.0
370,5,10,150,55,0.0
371,5,10,150,55,0.19950301641376814
372,5,10,150,55,0.15130120674940672
373,5,10,150,55,0.22842722979011518
374,5,10,150,55,0.07472550252128253
375,5,10,150,55,0.0
376,5,10,150,55,0.0
377,5,10,150,55,0.0
378,5,10,150,55,0.13635638482251203
379,5,10,150,55,0.08433239722469389
380,5,10,150,55,0.0
381,5,10,150,55,0.0
382,5,10,150,55,0.09952375175972906
383,5,10,150,55,0.040815803121742565
384,5,10,150,55,0.0
385,5,10,150,55,0.0
386,5,10,150,55,0.0
387,5,10,150,55,0.08586571489348302
388,5,10,150,55,0.0
389,5,10,150,55,0.09284203700798714
390,5,10,150,55,0.0
391,5,10,150,55,0.11245246430543061
392,5,10,150,55,0.1484702586346916
393,5,10,150,55,0.13770992041579505
394,5,10,150,55,0.16570616085215287
395,5,10,150,55,0.0
396,5,10,150,55,0.0
397,5,10,150,55,0.11004588314904008
398,5,10,150,55,0.28368572779044043
399,5,10,150,55,0.026175882249243814
400,5,10,150,55,0.0
401,5,10,150,55,0.02839245759615368
402,5,10,150,55,0.0
403,5,10,150,55,0.2529427027676571
404,5,10,150,55,0.0
405,5,10,150,55,0.03652873363806308
406,5,10,150,55,0.06360190926466157
407,5,10,150,55,0.09046795885890169
408,5,10,150,55,0.09983719697789138
409,5,10,150,55,0.05800611307095368
410,5,10,150,55,0.0
411,5,10,150,55,0.17342765698823945
412,5,10,150,55,0.0
413,5,10,150,55,0.0
414,5,10,150,55,0.21398626473452756
415,5,10,150,55,0.0
416,5,10,150,55,0.13766506077000323
417,5,10,150,55,0.11088189053445036
419,5,10,150,55,0.30260241349881345
420,5,10,150,55,0.05478392673173268
421,5,10,150,55,0.0
422,5,10,150,55,0.0
423,5,10,150,55,0.08440880858250024
424,5,10,150,55,0.0
425,5,10,150,55,0.2082843711703412
426,5,10,150,55,0.13571943816109763
427,5,10,150,55,0.0
428,5,10,150,55,0.0
429,5,10,150,55,0.14390950139657138
430,5,10,150,55,0.1261446714466394
431,5,10,150,55,0.0
432,5,10,150,55,0.0
433,5,10,150,55,0.0
434,5,10,150,55,0.3903800499921017
435,5,10,150,55,0.09964084501257568
436,5,10,150,55,0.08868088264964148
437,5,10,150,55,0.22972973128433707
438,5,10,150,55,0.0
439,5,10,150,55,0.0
440,5,10,150,55,0.06175696970122604
441,5,10,150,55,0.0
442,5,10,150,55,0.0
443,5,10,150,55,0.0
445,5,10,150,55,0.0
446,5,10,150,55,0.0
447,5,10,150,55,0.2726897692124621
448,5,10,150,55,0.0
449,5,10,150,55,0.07784399437297408
450,5,10,150,55,0.2196276278507138
451,5,10,150,55,0.0
452,5,10,150,55,0.07830573469972951
453,5,10,150,55,0.029956785715628154
454,5,10,150,55,0.040649059532200174
455,5,10,150,55,0.0
456,5,10,150,55,0.07758828619721583
457,5,10,150,55,0.29418445531213994
458,5,10,150,55,0.04507276838148142
459,5,10,150,55,0.0
460,5,10,150,55,0.0
461,5,10,150,55,0.0
462,5,10,150,55,0.0
463,5,10,150,55,0.0
464,5,10,150,55,0.0
465,5,10,150,55,0.0
466,5,10,150,55,0.03947525607388688
467,5,10,150,55,0.1436337620239326
468,5,10,150,55,0.25116683884278784
469,5,10,150,55,0.0
470,5,10,150,55,0.0
471,5,10,150,55,0.0
472,5,10,150,55,0.13139503164087882
473,5,10,150,55,0.08754031530847717
474,5,10,150,55,0.30076261759159395
475,5,10,150,55,0.06516188295518531
476,5,10,150,55,0.0
477,5,10,150,55,0.055100238151135045
478,5,10,150,55,0.23782833255689273
479,5,10,150,55,0.07834096783470737
480,5,10,150,55,0.21398626473452756
481,5,10,150,55,0.13863671367752411
482,5,10,150,55,0.0
483,5,10,150,55,0.06912040963822193
484,5,10,150,55,0.09353062527112192
485,5,10,150,55,0.0
486,5,10,150,55,0.0877209484781505
487,5,10,150,55,0.19674990380650584
488,5,10,150,55,0.0
489,5,10,150,55,0.0
490,5,10,150,55,0.0
491,5,10,150,55,0.19092086617893467
492,5,10,150,55,0.12471554514794539
493,5,10,150,55,0.0332568859495131
494,5,10,150,55,0.038069204686089174
495,5,10,150,55,0.11868174655260626
496,5,10,150,55,0.05459112561892713
497,5,10,150,55,0.04285286422081118
498,5,10,150,55,0.03855307727568851
499,5,10,150,55,0.1912282106369008
500,5,10,150,55,0.05011951520627559
501,5,10,150,55,0.0
502,5,10,150,55,0.06364028872631156
503,5,10,150,55,0.1894044290456616
504,5,10,150,55,0.0
505,5,10,150,55,0.0
506,5,10,150,55,0.10589517949214913
507,5,10,150,55,0.0
508,5,10,150,55,0.0
509,5,10,150,55,0.06474271459046577
510,5,10,150,55,0.0
511,5,10,150,55,0.0
512,5,10,150,55,0.18316925091363362
513,5,10,150,55,0.0
514,5,10,150,55,0.10595566933616397
515,5,10,150,55,0.0
516,5,10,150,55,0.13768197790533618
517,5,10,150,55,0.042259191411409554
518,5,10,150,55,0.0
519,5,10,150,55,0.038800293177871176
520,5,10,150,55,0.0
521,5,10,150,55,0.0
522,5,10,150,55,0.0
523,5,10,150,55,0.0316088333445714
524,5,10,150,55,0.09006868309608587
525,5,10,150,55,0.0
526,5,10,150,55,0.06235626924550528
527,5,10,150,55,0.12265062558661
528,5,10,150,55,0.14110144150616766
529,5,10,150,55,0.0
530,5,10,150,55,0.0
531,5,10,150,55,0.0
532,5,10,150,55,0.04774713204658456
533,5,10,150,55,0.12731562344278502
534,5,10,150,55,0.04084531701587904
535,5,10,150,55,0.2871959083713276
536,5,10,150,55,0.23620378562439379
537,5,10,150,55,0.39016766619502985
538,5,10,150,55,0.0
539,5,10,150,55,0.1560067947598593
540,5,10,150,55,0.0
541,5,10,150,55,0.12534926568386062
542,5,10,150,55,0.12627825946936164
543,5,10,150,55,0.0
544,5,10,150,55,0.07631352592005593
545,5,10,150,55,0.052962244777770985
546,5,10,150,55,0.15314106296495628
547,5,10,150,55,0.0
548,5,10,150,55,0.0369180152329196
549,5,10,150,55,0.0
550,5,10,150,55,0.13436217909546777
551,5,10,150,55,0.25033003619844435
552,5,10,150,55,0.0
553,5,10,150,55,0.16102243342487008
554,5,10,150,55,0.16600564593053876
555,5,10,150,55,0.0
556,5,10,150,55,0.08876245163110816
557,5,10,150,55,0.053894577262255466
558,5,10,150,55,0.0
559,5,10,150,55,0.0734773909038217
560,5,10,150,55,0.2179777837196921
561,5,10,150,55,0.0
562,5,10,150,55,0.034743705427429224
563,5,10,150,55,0.0
564,5,10,150,55,0.0
565,5,10,150,55,0.10523285614729473
566,5,10,150,55,0.13665387068436016
567,5,10,150,55,0.13463074517970205
568,5,10,150,55,0.057107346298225524
569,5,10,150,55,0.0
570,5,10,150,55,0.0
571,5,10,150,55,0.0
572,5,10,150,55,0.058995070558427745
573,5,10,150,55,0.0
574,5,10,150,55,0.04185567464896701
575,5,10,150,55,0.0
576,5,10,150,55,0.17342765698823945
577,5,10,150,55,0.20619661189599137
578,5,10,150,55,0.09818998961169394
579,5,10,150,55,0.0
580,5,10,150,55,0.16049923379569733
581,5,10,150,55,0.0
582,5,10,150,55,0.028361369701356044
583,5,10,150,55,0.04579340374561851
584,5,10,150,55,0.0
585,5,10,150,55,0.0
586,5,10,150,55,0.07482758161941112
587,5,10,150,55,0.0
588,5,10,150,55,0.1871976117175379
589,5,10,150,55,0.0
590,5,10,150,55,0.18511573258657482
591,5,10,150,55,0.15758427078022966
592,5,10,150,55,0.24646325588334
593,5,10,150,55,0.15257268888187236
594,5,10,150,55,0.0843142342558857
595,5,10,150,55,0.0
596,5,10,150,55,0.0
597,5,10,150,55,0.0
598,5,10,150,55,0.11752277470724268
599,5,10,150,55,0.16402353420682853
600,5,10,150,55,0.0
601,5,10,150,55,0.026557570376145638
602,5,10,150,55,0.0
603,5,10,150,55,0.06194403202282284
604,5,10,150,55,0.0
605,5,10,150,55,0.07677414822537214
606,5,10,150,55,0.2138150508755678
607,5,10,150,55,0.0
608,5,10,150,55,0.126140293880171
609,5,10,150,55,0.11838279295536291
610,5,10,150,55,0.029785542524894418
611,5,10,150,55,0.03927158715985786
612,5,10,150,55,0.0
613,5,10,150,55,0.2049174583553662
614,5,10,150,55,0.13886244387355454
615,5,10,150,55,0.08391725636078755
616,5,10,150,55,0.09781579202094404
617,5,10,150,55,0.03804989622115975
618,5,10,150,55,0.13693830900397266
619,5,10,150,55,0.1303945739341477
620,5,10,150,55,0.10964161607630166
621,5,10,150,55,0.13589759152345549
622,5,10,150,55,0.1064179252551434
623,5,10,150,55,0.050143326786652107
624,5,10,150,55,0.019160322430058573
625,5,10,150,55,0.0
626,5,10,150,55,0.04690797720830594
627,5,10,150,55,0.04289205981312439
628,5,10,150,55,0.0
629,5,10,150,55,0.16098909010547607
630,5,10,150,55,0.09942460513010813
631,5,10,150,55,0.09240791929215005
632,5,10,150,55,0.31631217683169366
633,5,10,150,55,0.0455520698635181
634,5,10,150,55,0.023756977677906275
635,5,10,150,55,0.039407921945699885
636,5,10,150,55,0.0
637,5,10,150,55,0.0
638,5,10,150,55,0.15473934503245962
639,5,10,150,55,0.0
640,5,10,150,55,0.0637867864178444
641,5,10,150,55,0.03570665676503816
642,5,10,150,55,0.11756977931565522
643,5,10,150,55,0.15031592367651372
644,5,10,150,55,0.0
645,5,10,150,55,0.1856947245529553
646,5,10,150,55,0.0
647,5,10,150,55,0.03673869545191085
648,5,10,150,55,0.0700149820111971
649,5,10,150,55,0.0
650,5,10,150,55,0.07795964097990207
651,5,10,150,55,0.0
652,5,10,150,55,0.0
653,5,10,150,55,0.05413878003936946
654,5,10,150,55,0.17020900230175445
655,5,10,150,55,0.27868435599016406
656,5,10,150,55,0.0
657,5,10,150,55,0.053845569940583225
658,5,10,150,55,0.0
659,5,10,150,55,0.06011080712325617
660,5,10,150,55,0.0
661,5,10,150,55,0.12705991527984942
662,5,10,150,55,0.0
663,5,10,150,55,0.07874514948204092
664,5,10,150,55,0.05391021349625259
665,5,10,150,55,0.0
666,5,10,150,55,0.07860744541237058
667,5,10,150,55,0.23495437216186538
668,5,10,150,55,0.0
669,5,10,150,55,0.25001448888650357
670,5,10,150,55,0.15539533467551025
671,5,10,150,55,0.17434206503696043
672,5,10,150,55,0.0
673,5,10,150,55,0.0
674,5,10,150,55,0.0
675,5,10,150,55,0.05010834716923557
676,5,10,150,55,0.0
677,5,10,150,55,0.03927489746221688
678,5,10,150,55,0.0
679,5,10,150,55,0.26970586372388394
680,5,10,150,55,0.2073612289146658
681,5,10,150,55,0.0
682,5,10,150,55,0.11722028322621507
683,5,10,150,55,0.06289349548893712
684,5,10,150,55,0.0
685,5,10,150,55,0.0
686,5,10,150,55,0.08962483220812449
687,5,10,150,55,0.0
688,5,10,150,55,0.0
689,5,10,150,55,0.32436268379537736
690,5,10,150,55,0.0
691,5,10,150,55,0.0
692,5,10,150,55,0.0
693,5,10,150,55,0.0
694,5,10,150,55,0.20269611984358588
695,5,10,150,55,0.031112565128707144
696,5,10,150,55,0.12935879342602336
697,5,10,150,55,0.06378035696304758
698,5,10,150,55,0.09499131598480672
699,5,10,150,55,0.0
700,5,10,150,55,0.16958010263680806
701,5,10,150,55,0.04129602134854855
702,5,10,150,55,0.0
703,5,10,150,55,0.03870447337439288
704,5,10,150,55,0.059927504920695866
705,5,10,150,55,0.16834344536682191
706,5,10,150,55,0.0
707,5,10,150,55,0.10108821710903369
708,5,10,150,55,0.06058075640309377
709,5,10,150,55,0.10371915894912967
710,5,10,150,55,0.05710411178654767
711,5,10,150,55,0.1496853273661121
712,5,10,150,55,0.12435918123916344
713,5,10,150,55,0.0
714,5,10,150,55,0.04195229264874745
715,5,10,150,55,0.07261309108674657
716,5,10,150,55,0.17749910449848894
717,5,10,150,55,0.1671511698578214
718,5,10,150,55,0.14061157344379913
719,5,10,150,55,0.11614257564286637
720,5,10,150,55,0.05261577455142312
721,5,10,150,55,0.12576092656182294
722,5,10,150,55,0.0
723,5,10,150,55,0.0
724,5,10,150,55,0.0
725,5,10,150,55,0.05750402108673013
726,5,10,150,55,0.2529427027676571
727,5,10,150,55,0.09818600974313339
728,5,10,150,55,0.0
729,5,10,150,55,0.0
730,5,10,150,55,0.0
731,5,10,150,55,0.04466441818602386
732,5,10,150,55,0.0
733,5,10,150,55,0.0
734,5,10,150,55,0.0655813061736612
735,5,10,150,55,0.0
736,5,10,150,55,0.0
737,5,10,150,55,0.16282663249631943
738,5,10,150,55,0.24803970741351278
739,5,10,150,55,0.0
740,5,10,150,55,0.0
741,5,10,150,55,0.10965210684801945
742,5,10,150,55,0.04553761034739079
743,5,10,150,55,0.0814476682319001
744,5,10,150,55,0.08878770367712427
745,5,10,150,55,0.3682049230943936
746,5,10,150,55,0.11450296808588954
747,5,10,150,55,0.38478519570214686
748,5,10,150,55,0.1946257849561795
749,5,10,150,55,0.1438541355910874
750,5,10,150,55,0.07219614103266732
751,5,10,150,55,0.056598712529238204
752,5,10,150,55,0.020210299806331135
753,5,10,150,55,0.15406810205846871
754,5,10,150,55,0.0
755,5,10,150,55,0.03412020403969171
756,5,10,150,55,0.03828357334999627
757,5,10,150,55,0.028336790544522913
758,5,10,150,55,0.20533791833454537
759,5,10,150,55,0.038281751104512325
760,5,10,150,55,0.11447590313611888
761,5,10,150,55,0.03339755935325358
762,5,10,150,55,0.11568388634051256
763,5,10,150,55,0.20859185628046678
764,5,10,150,55,0.08207588022692468
765,5,10,150,55,0.0
766,5,10,150,55,0.05242177005976664
767,5,10,150,55,0.2073612289146658
768,5,10,150,55,0.07655078846581868
769,5,10,150,55,0.0
770,5,10,150,55,0.04692206785373726
771,5,10,150,55,0.17284296346124448
772,5,10,150,55,0.03353522641880846
773,5,10,150,55,0.08542552755341061
774,5,10,150,55,0.032826676192327695
775,5,10,150,55,0.0
776,5,10,150,55,0.0949413284627631
777,5,10,150,55,0.14445412169961394
778,5,10,150,55,0.0
779,5,10,150,55,0.05878132199396477
780,5,10,150,55,0.07751937086606239
781,5,10,150,55,0.21898681539091044
782,5,10,150,55,0.013943727627930802
783,5,10,150,55,0.0
784,5,10,150,55,0.0
785,5,10,150,55,0.048159222084064895
786,5,10,150,55,0.13370327844286975
787,5,10,150,55,0.0683037314796457
788,5,10,150,55,0.19486215773375778
789,5,10,150,55,0.059109628562248356
790,5,10,150,55,0.07300152584423257
791,5,10,150,55,0.0
792,5,10,150,55,0.0
793,5,10,150,55,0.0
794,5,10,150,55,0.19607400121987484
795,5,10,150,55,0.10722163083884528
796,5,10,150,55,0.38326637785752204
797,5,10,150,55,0.09030583455080088
798,5,10,150,55,0.10812749934825591
799,5,10,150,55,0.0
800,5,10,150,55,0.0
801,5,10,150,55,0.03096677356901516
802,5,10,150,55,0.030863419558816
803,5,10,150,55,0.0
804,5,10,150,55,0.1899318950448477
805,5,10,150,55,0.13290163327714158
806,5,10,150,55,0.15589924497050803
807,5,10,150,55,0.21713596108523806
808,5,10,150,55,0.040655755922716606
809,5,10,150,55,0.0
810,5,10,150,55,0.0
811,5,10,150,55,0.0
812,5,10,150,55,0.0
813,5,10,150,55,0.17367331957930765
814,5,10,150,55,0.09144287629100999
815,5,10,150,55,0.26992164659466206
816,5,10,150,55,0.08005612702969578
817,5,10,150,55,0.0
818,5,10,150,55,0.0
819,5,10,150,55,0.15575997463127336
820,5,10,150,55,0.041641441310299704
821,5,10,150,55,0.1716292605492022
822,5,10,150,55,0.0
823,5,10,150,55,0.34685262623923363
824,5,10,150,55,0.0
825,5,10,150,55,0.09476865419154619
826,5,10,150,55,0.0956022175683246
827,5,10,150,55,0.0
828,5,10,150,55,0.07244745602732354
829,5,10,150,55,0.146125692125401
830,5,10,150,55,0.10053254151308513
831,5,10,150,55,0.16345709869743347
832,5,10,150,55,0.041355644490859725
833,5,10,150,55,0.16079482765889455
834,5,10,150,55,0.020919434760060668
835,5,10,150,55,0.082546902593288
836,5,10,150,55,0.10882945376944808
837,5,10,150,55,0.0
838,5,10,150,55,0.14570435926304814
839,5,10,150,55,0.05646784228340616
840,5,10,150,55,0.33656498418786035
841,5,10,150,55,0.0
842,5,10,150,55,0.03314153504336938
843,5,10,150,55,0.11386661750002793
844,5,10,150,55,0.14767302746812566
845,5,10,150,55,0.0
846,5,10,150,55,0.3177816721209431
847,5,10,150,55,0.0
848,5,10,150,55,0.0875471968359511
849,5,10,150,55,0.08280898853927336
850,5,10,150,55,0.20069031232476098
851,5,10,150,55,0.2804114609562467
852,5,10,150,55,0.0
853,5,10,150,55,0.0
854,5,10,150,55,0.1831986352453911
855,5,10,150,55,0.0
856,5,10,150,55,0.0
857,5,10,150,55,0.0
858,5,10,150,55,0.0
859,5,10,150,55,0.0
860,5,10,150,55,0.0
861,5,10,150,55,0.09836355940276224
862,5,10,150,55,0.22911109315593806
863,5,10,150,55,0.0
864,5,10,150,55,0.30141810503837624
865,5,10,150,55,0.0
866,5,10,150,55,0.12374681498530773
867,5,10,150,55,0.27550905731686676
868,5,10,150,55,0.13783636401629507
869,5,10,150,55,0.09414478450656023
870,5,10,150,55,0.1240982364202622
871,5,10,150,55,0.19961817925375888
872,5,10,150,55,0.01624882666837855
873,5,10,150,55,0.0
874,5,10,150,55,0.06575393297476358
875,5,10,150,55,0.22155784660169645
876,5,10,150,55,0.0
877,5,10,150,55,0.03487978243545732
878,5,10,150,55,0.0494564236167676
879,5,10,150,55,0.07180913162424091
880,5,10,150,55,0.36589985246222567
881,5,10,150,55,0.32896599803758175
882,5,10,150,55,0.31246608799983566
883,5,10,150,55,0.3543498202827529
884,5,10,150,55,0.028767091820622218
885,5,10,150,55,0.11108020539674276
886,5,10,150,55,0.2011494452824092
887,5,10,150,55,0.13472403621201215
888,5,10,150,55,0.0
889,5,10,150,55,0.26449219502219046
890,5,10,150,55,0.30232720841598004
891,5,10,150,55,0.09013275514532934
892,5,10,150,55,0.41161195166354386
893,5,10,150,55,0.05014695371369417
894,5,10,150,55,0.24163463603123
895,5,10,150,55,0.0
896,5,10,150,55,0.4122710526057474
897,5,10,150,55,0.20276542166423903
898,5,10,150,55,0.0
899,5,10,150,55,0.18597267184787084
900,5,10,150,55,0.07027548980333784
901,5,10,150,55,0.2676613030226777
902,5,10,150,55,0.025255271126572616
903,5,10,150,55,0.38449037617180454
904,5,10,150,55,0.0
905,5,10,150,55,0.08773956418811966
906,5,10,150,55,0.0
907,5,10,150,55,0.1878783524416084
908,5,10,150,55,0.16304127578674718
909,5,10,150,55,0.0
910,5,10,150,55,0.14111581018360284
911,5,10,150,55,0.06260615948155891
912,5,10,150,55,0.09835918088209537
913,5,10,150,55,0.17491240890424217
914,5,10,150,55,0.0
915,5,10,150,55,0.0
916,5,10,150,55,0.23645135635141667
917,5,10,150,55,0.019845431127916993
918,5,10,150,55,0.027228095124371327
919,5,10,150,55,0.14355458233565796
920,5,10,150,55,0.26814570941777965
921,5,10,150,55,0.028100677979070305
922,5,10,150,55,0.13798455829036238
923,5,10,150,55,0.03997048965522762
924,5,10,150,55,0.10476875172292892
925,5,10,150,55,0.039791360812020615
926,5,10,150,55,0.18690891198435525
927,5,10,150,55,0.10142669231900396
928,5,10,150,55,0.2047606321191804
929,5,10,150,55,0.0753982504991096
930,5,10,150,55,0.12668740771092546
931,5,10,150,55,0.059539365700728666
932,5,10,150,55,0.3713967882792842
933,5,10,150,55,0.0592199062733057
934,5,10,150,55,0.21626633257658004
935,5,10,150,55,0.043888403129016776
936,5,10,150,55,0.1307343274743719
937,5,10,150,55,0.09560624946230661
938,5,10,150,55,0.0904617541586639
939,5,10,150,55,0.05231692143384187
940,5,10,150,55,0.10740708851627823
941,5,10,150,55,0.17060921827860473
942,5,10,150,55,0.09756486989026425
943,5,10,150,55,0.19857276926641185
1,5,10,150,56,0.4058715898896693
2,5,10,150,56,0.14433828292945616
3,5,10,150,56,0.08759200575528697
4,5,10,150,56,0.0
5,5,10,150,56,0.04470486007704452
6,5,10,150,56,0.04187254809446048
7,5,10,150,56,0.1849553466368852
8,5,10,150,56,0.0
9,5,10,150,56,0.0
10,5,10,150,56,0.3005733545514552
11,5,10,150,56,0.03947525607388688
12,5,10,150,56,0.14632177291384774
13,5,10,150,56,0.24256092752724764
14,5,10,150,56,0.18795160328752808
15,5,10,150,56,0.0
16,5,10,150,56,0.1512832655861012
17,5,10,150,56,0.0
18,5,10,150,56,0.17872418048185143
19,5,10,150,56,0.0
20,5,10,150,56,0.13743816645714543
21,5,10,150,56,0.15232559003472054
22,5,10,150,56,0.040815803121742565
23,5,10,150,56,0.10387012192613786
24,5,10,150,56,0.08835266840320231
25,5,10,150,56,0.23940867474021393
26,5,10,150,56,0.0
27,5,10,150,56,0.0
28,5,10,150,56,0.052106753859569234
30,5,10,150,56,0.08133484538841967
31,5,10,150,56,0.11164668500969883
32,5,10,150,56,0.19519002499605084
33,5,10,150,56,0.0
34,5,10,150,56,0.0
35,5,10,150,56,0.0
37,5,10,150,56,0.08177471774917201
38,5,10,150,56,0.0
39,5,10,150,56,0.0
40,5,10,150,56,0.0
41,5,10,150,56,0.06835476917178976
42,5,10,150,56,0.08850778826764391
43,5,10,150,56,0.0
44,5,10,150,56,0.29540493557662006
45,5,10,150,56,0.0
46,5,10,150,56,0.0
47,5,10,150,56,0.0
48,5,10,150,56,0.07028063830038406
49,5,10,150,56,0.05432573058142762
52,5,10,150,56,0.0
53,5,10,150,56,0.0
54,5,10,150,56,0.0
55,5,10,150,56,0.0
56,5,10,150,56,0.11781210270929884
57,5,10,150,56,0.1318392860374695
58,5,10,150,56,0.40256699612340546
59,5,10,150,56,0.19233148606048747
60,5,10,150,56,0.1076743759411119
61,5,10,150,56,0.0
62,5,10,150,56,0.09586820699422145
63,5,10,150,56,0.0
64,5,10,150,56,0.04759023790187059
65,5,10,150,56,0.2342550150352983
66,5,10,150,56,0.0
67,5,10,150,56,0.0
68,5,10,150,56,0.0
69,5,10,150,56,0.0
70,5,10,150,56,0.0
71,5,10,150,56,0.20758456043036028
72,5,10,150,56,0.10990826949013655
73,5,10,150,56,0.10052888926242022
74,5,10,150,56,0.0
75,5,10,150,56,0.0
76,5,10,150,56,0.10633668103022985
77,5,10,150,56,0.14247142730086715
78,5,10,150,56,0.0
79,5,10,150,56,0.0
80,5,10,150,56,0.0
81,5,10,150,56,0.08878770367712427
82,5,10,150,56,0.0
83,5,10,150,56,0.07414861528507455
84,5,10,150,56,0.07550980911390262
85,5,10,150,56,0.04734112273659951
86,5,10,150,56,0.0
87,5,10,150,56,0.16641625059082407
88,5,10,150,56,0.18920035951687003
89,5,10,150,56,0.0
90,5,10,150,56,0.14392183262708286
91,5,10,150,56,0.0
92,5,10,150,56,0.03369782041898502
93,5,10,150,56,0.0
94,5,10,150,56,0.12253429761719764
95,5,10,150,56,0.07849567312219397
96,5,10,150,56,0.0
97,5,10,150,56,0.0
98,5,10,150,56,0.0
99,5,10,150,56,0.09641171098317775
100,5,10,150,56,0.0
101,5,10,150,56,0.0
102,5,10,150,56,0.0
103,5,10,150,56,0.0
104,5,10,150,56,0.33958467175585033
105,5,10,150,56,0.0
106,5,10,150,56,0.06516188295518531
107,5,10,150,56,0.0
109,5,10,150,56,0.16563719724029594
110,5,10,150,56,0.0
111,5,10,150,56,0.0
112,5,10,150,56,0.07807600999842033
113,5,10,150,56,0.0
114,5,10,150,56,0.08274602130532002
115,5,10,150,56,0.04001677477281075
116,5,10,150,56,0.0
117,5,10,150,56,0.0
118,5,10,150,56,0.16958010263680806
119,5,10,150,56,0.05891155956989184
120,5,10,150,56,0.0
121,5,10,150,56,0.13032376591037062
122,5,10,150,56,0.0
123,5,10,150,56,0.13720340769293682
124,5,10,150,56,0.0
125,5,10,150,56,0.05446333035917803
126,5,10,150,56,0.0
128,5,10,150,56,0.0
129,5,10,150,56,0.0
130,5,10,150,56,0.15174952279352721
131,5,10,150,56,0.0
132,5,10,150,56,0.0
133,5,10,150,56,0.0
134,5,10,150,56,0.0
135,5,10,150,56,0.0
136,5,10,150,56,0.0
137,5,10,150,56,0.1137075481082292
138,5,10,150,56,0.0976168253917686
139,5,10,150,56,0.0
140,5,10,150,56,0.0
141,5,10,150,56,0.04733244938590725
142,5,10,150,56,0.0
143,5,10,150,56,0.0
144,5,10,150,56,0.0
145,5,10,150,56,0.17597149971119974
146,5,10,150,56,0.0
147,5,10,150,56,0.0
148,5,10,150,56,0.06916902856231065
149,5,10,150,56,0.0
150,5,10,150,56,0.2640681225725909
151,5,10,150,56,0.1026571794225922
152,5,10,150,56,0.0
153,5,10,150,56,0.0
154,5,10,150,56,0.06416923277158361
155,5,10,150,56,0.0
156,5,10,150,56,0.0
157,5,10,150,56,0.0
158,5,10,150,56,0.11017700922818752
159,5,10,150,56,0.23138144801632507
160,5,10,150,56,0.1719271394881576
161,5,10,150,56,0.0
162,5,10,150,56,0.0
163,5,10,150,56,0.0
164,5,10,150,56,0.0
165,5,10,150,56,0.0
167,5,10,150,56,0.05319635904163211
168,5,10,150,56,0.0
169,5,10,150,56,0.0
170,5,10,150,56,0.0
171,5,10,150,56,0.0
173,5,10,150,56,0.0
174,5,10,150,56,0.06784586495432565
175,5,10,150,56,0.21517910082405575
176,5,10,150,56,0.06289692884934815
177,5,10,150,56,0.38113435412202
178,5,10,150,56,0.12597398707460816
179,5,10,150,56,0.09149012142095872
180,5,10,150,56,0.06228974831361337
181,5,10,150,56,0.09913210981157927
182,5,10,150,56,0.0
183,5,10,150,56,0.15101961822780524
184,5,10,150,56,0.0
185,5,10,150,56,0.0
186,5,10,150,56,0.04633132539002164
187,5,10,150,56,0.0
188,5,10,150,56,0.12925733948536566
189,5,10,150,56,0.1622220746837199
190,5,10,150,56,0.0
192,5,10,150,56,0.123151194370365
193,5,10,150,56,0.0
194,5,10,150,56,0.02924951745434817
195,5,10,150,56,0.11787667935667444
196,5,10,150,56,0.0
197,5,10,150,56,0.09546043308946733
198,5,10,150,56,0.0
199,5,10,150,56,0.0
200,5,10,150,56,0.09785159463516042
201,5,10,150,56,0.0
202,5,10,150,56,0.0
203,5,10,150,56,0.0
204,5,10,150,56,0.19519002499605084
205,5,10,150,56,0.0
206,5,10,150,56,0.0
207,5,10,150,56,0.038069204686089174
208,5,10,150,56,0.0
209,5,10,150,56,0.0
210,5,10,150,56,0.2167516193508568
211,5,10,150,56,0.0
213,5,10,150,56,0.15669163589836543
214,5,10,150,56,0.0
216,5,10,150,56,0.23813231172447274
217,5,10,150,56,0.0
218,5,10,150,56,0.0
219,5,10,150,56,0.0
221,5,10,150,56,0.0
222,5,10,150,56,0.1050995674008573
223,5,10,150,56,0.0
224,5,10,150,56,0.0
225,5,10,150,56,0.09077089626867633
226,5,10,150,56,0.19092086617893467
227,5,10,150,56,0.0
228,5,10,150,56,0.0
229,5,10,150,56,0.0
230,5,10,150,56,0.12683081539850163
231,5,10,150,56,0.0
232,5,10,150,56,0.03962341267285813
233,5,10,150,56,0.2699700016563489
234,5,10,150,56,0.09887660119080527
235,5,10,150,56,0.06692738060277027
236,5,10,150,56,0.0
237,5,10,150,56,0.19342640361727081
238,5,10,150,56,0.0
239,5,10,150,56,0.06912040963822193
240,5,10,150,56,0.12495636102304827
241,5,10,150,56,0.0
242,5,10,150,56,0.0
243,5,10,150,56,0.0
244,5,10,150,56,0.049712302565054066
245,5,10,150,56,0.0
246,5,10,150,56,0.0561326498270945
247,5,10,150,56,0.09472348220010487
248,5,10,150,56,0.09472348220010487
249,5,10,150,56,0.056720838976548935
250,5,10,150,56,0.0
251,5,10,150,56,0.13032376591037062
252,5,10,150,56,0.20184908658209985
253,5,10,150,56,0.05725248542464807
254,5,10,150,56,0.08514311764162098
255,5,10,150,56,0.0
256,5,10,150,56,0.038925970325304815
257,5,10,150,56,0.07984133538066794
258,5,10,150,56,0.0
259,5,10,150,56,0.1239740444869306
260,5,10,150,56,0.0
261,5,10,150,56,0.0
262,5,10,150,56,0.0
263,5,10,150,56,0.0956366800683804
264,5,10,150,56,0.0
265,5,10,150,56,0.0
266,5,10,150,56,0.0
267,5,10,150,56,0.17168372277322866
268,5,10,150,56,0.049712302565054066
269,5,10,150,56,0.052962244777770985
270,5,10,150,56,0.041641441310299704
271,5,10,150,56,0.13010624216828925
272,5,10,150,56,0.1702293778633033
273,5,10,150,56,0.0
274,5,10,150,56,0.0
275,5,10,150,56,0.0
276,5,10,150,56,0.15875999922826586
277,5,10,150,56,0.0
278,5,10,150,56,0.0
279,5,10,150,56,0.13251633524111026
280,5,10,150,56,0.16417286747746287
281,5,10,150,56,0.0
282,5,10,150,56,0.0
283,5,10,150,56,0.07028063830038406
284,5,10,150,56,0.0
285,5,10,150,56,0.0
286,5,10,150,56,0.0781170595969038
287,5,10,150,56,0.0
288,5,10,150,56,0.0859574327152926
289,5,10,150,56,0.16903020543979225
290,5,10,150,56,0.07834851647149511
291,5,10,150,56,0.07828167840727236
292,5,10,150,56,0.04224853374256244
293,5,10,150,56,0.07916644227981202
294,5,10,150,56,0.0
295,5,10,150,56,0.2603201838311303
296,5,10,150,56,0.13713660166967986
297,5,10,150,56,0.0
298,5,10,150,56,0.16915623549474385
299,5,10,150,56,0.0
300,5,10,150,56,0.0
301,5,10,150,56,0.06460801587741544
302,5,10,150,56,0.09224219235917257
303,5,10,150,56,0.07354269615643778
304,5,10,150,56,0.0
305,5,10,150,56,0.11349000778741654
306,5,10,150,56,0.0
307,5,10,150,56,0.10778915452451093
308,5,10,150,56,0.13490077762666258
310,5,10,150,56,0.0
311,5,10,150,56,0.13301422444853
312,5,10,150,56,0.1819616199123543
313,5,10,150,56,0.11270402374049442
314,5,10,150,56,0.16600564593053876
315,5,10,150,56,0.0
316,5,10,150,56,0.0
317,5,10,150,56,0.0
318,5,10,150,56,0.1642688369468948
319,5,10,150,56,0.0
320,5,10,150,56,0.13927874459665815
321,5,10,150,56,0.0
322,5,10,150,56,0.0
323,5,10,150,56,0.1610425878239398
324,5,10,150,56,0.0
325,5,10,150,56,0.09092803061897883
326,5,10,150,56,0.027288805847552652
327,5,10,150,56,0.025410386140327024
328,5,10,150,56,0.09206364236149692
329,5,10,150,56,0.0
330,5,10,150,56,0.10236603130088297
331,5,10,150,56,0.0
332,5,10,150,56,0.09320485889859448
334,5,10,150,56,0.02249061179923914
335,5,10,150,56,0.0
336,5,10,150,56,0.0780824078938463
337,5,10,150,56,0.0
338,5,10,150,56,0.07132875491150918
339,5,10,150,56,0.1664336467304897
340,5,10,150,56,0.0
341,5,10,150,56,0.0
342,5,10,150,56,0.3608742720986609
343,5,10,150,56,0.09229649639444802
344,5,10,150,56,0.1202034973803211
345,5,10,150,56,0.18015355216717013
346,5,10,150,56,0.04366879852493834
347,5,10,150,56,0.22280620320442554
348,5,10,150,56,0.0
349,5,10,150,56,0.0
350,5,10,150,56,0.058087171966128066
351,5,10,150,56,0.0
352,5,10,150,56,0.1903601622684853
353,5,10,150,56,0.14434031438272124
354,5,10,150,56,0.06335619058732639
355,5,10,150,56,0.0
356,5,10,150,56,0.0
357,5,10,150,56,0.0
358,5,10,150,56,0.06364028872631156
359,5,10,150,56,0.3010299956639812
360,5,10,150,56,0.12982031659526816
361,5,10,150,56,0.09478836436955078
362,5,10,150,56,0.0
363,5,10,150,56,0.22463865489880525
364,5,10,150,56,0.0
365,5,10,150,56,0.0
366,5,10,150,56,0.0
367,5,10,150,56,0.0
368,5,10,150,56,0.0
369,5,10,150,56,0.0
370,5,10,150,56,0.0
371,5,10,150,56,0.19950301641376814
372,5,10,150,56,0.15130120674940672
373,5,10,150,56,0.22842722979011518
374,5,10,150,56,0.07472550252128253
375,5,10,150,56,0.0
376,5,10,150,56,0.0
377,5,10,150,56,0.0
378,5,10,150,56,0.13635638482251203
379,5,10,150,56,0.08433239722469389
380,5,10,150,56,0.0
381,5,10,150,56,0.0
382,5,10,150,56,0.09952375175972906
383,5,10,150,56,0.040815803121742565
384,5,10,150,56,0.0
385,5,10,150,56,0.0
386,5,10,150,56,0.0
387,5,10,150,56,0.08586571489348302
388,5,10,150,56,0.0
389,5,10,150,56,0.09284203700798714
390,5,10,150,56,0.0
391,5,10,150,56,0.11245246430543061
392,5,10,150,56,0.1484702586346916
393,5,10,150,56,0.14831626207850976
394,5,10,150,56,0.16570616085215287
395,5,10,150,56,0.0
396,5,10,150,56,0.0
397,5,10,150,56,0.11004588314904008
398,5,10,150,56,0.28368572779044043
399,5,10,150,56,0.026175882249243814
400,5,10,150,56,0.0
401,5,10,150,56,0.02839245759615368
402,5,10,150,56,0.0
403,5,10,150,56,0.2529427027676571
404,5,10,150,56,0.0
405,5,10,150,56,0.03607942285663971
406,5,10,150,56,0.06360190926466157
407,5,10,150,56,0.09046795885890169
408,5,10,150,56,0.09983719697789138
409,5,10,150,56,0.05800611307095368
410,5,10,150,56,0.0
411,5,10,150,56,0.17342765698823945
412,5,10,150,56,0.0
413,5,10,150,56,0.0
414,5,10,150,56,0.21398626473452756
415,5,10,150,56,0.0
416,5,10,150,56,0.13597175279381835
417,5,10,150,56,0.11088189053445036
419,5,10,150,56,0.30260241349881345
420,5,10,150,56,0.05478392673173268
421,5,10,150,56,0.0
422,5,10,150,56,0.0
423,5,10,150,56,0.08440880858250024
424,5,10,150,56,0.0
425,5,10,150,56,0.2082843711703412
426,5,10,150,56,0.13571943816109763
427,5,10,150,56,0.0
428,5,10,150,56,0.0
429,5,10,150,56,0.1421393855429146
430,5,10,150,56,0.1261446714466394
431,5,10,150,56,0.0
432,5,10,150,56,0.0
433,5,10,150,56,0.0
434,5,10,150,56,0.3903800499921017
435,5,10,150,56,0.09964084501257568
436,5,10,150,56,0.08868088264964148
437,5,10,150,56,0.22972973128433707
438,5,10,150,56,0.0
439,5,10,150,56,0.0
440,5,10,150,56,0.06175696970122604
441,5,10,150,56,0.0
442,5,10,150,56,0.0
443,5,10,150,56,0.0
445,5,10,150,56,0.0
446,5,10,150,56,0.0
447,5,10,150,56,0.2726897692124621
448,5,10,150,56,0.0
449,5,10,150,56,0.07784399437297408
450,5,10,150,56,0.21692616379040652
451,5,10,150,56,0.0
452,5,10,150,56,0.07830573469972951
453,5,10,150,56,0.029956785715628154
454,5,10,150,56,0.060700497476813886
455,5,10,150,56,0.0
456,5,10,150,56,0.07758828619721583
457,5,10,150,56,0.29418445531213994
458,5,10,150,56,0.04507276838148142
459,5,10,150,56,0.0
460,5,10,150,56,0.0
461,5,10,150,56,0.0
462,5,10,150,56,0.0
463,5,10,150,56,0.0
464,5,10,150,56,0.0
465,5,10,150,56,0.0
466,5,10,150,56,0.03947525607388688
467,5,10,150,56,0.1436337620239326
468,5,10,150,56,0.25116683884278784
469,5,10,150,56,0.0
470,5,10,150,56,0.0
471,5,10,150,56,0.0
472,5,10,150,56,0.13139503164087882
473,5,10,150,56,0.08754031530847717
474,5,10,150,56,0.30076261759159395
475,5,10,150,56,0.06516188295518531
476,5,10,150,56,0.0
477,5,10,150,56,0.055100238151135045
478,5,10,150,56,0.23782833255689273
479,5,10,150,56,0.07834096783470737
480,5,10,150,56,0.21398626473452756
481,5,10,150,56,0.13863671367752411
482,5,10,150,56,0.0
483,5,10,150,56,0.06912040963822193
484,5,10,150,56,0.09353062527112192
485,5,10,150,56,0.0
486,5,10,150,56,0.0877209484781505
487,5,10,150,56,0.19674990380650584
488,5,10,150,56,0.0
489,5,10,150,56,0.0
490,5,10,150,56,0.0
491,5,10,150,56,0.19092086617893467
492,5,10,150,56,0.12471554514794539
493,5,10,150,56,0.0332568859495131
494,5,10,150,56,0.038069204686089174
495,5,10,150,56,0.11868174655260626
496,5,10,150,56,0.05459112561892713
497,5,10,150,56,0.04285286422081118
498,5,10,150,56,0.03855307727568851
499,5,10,150,56,0.1912282106369008
500,5,10,150,56,0.05011951520627559
501,5,10,150,56,0.0
502,5,10,150,56,0.06364028872631156
503,5,10,150,56,0.1894044290456616
504,5,10,150,56,0.0
505,5,10,150,56,0.0
506,5,10,150,56,0.10589517949214913
507,5,10,150,56,0.0
508,5,10,150,56,0.0
509,5,10,150,56,0.06474271459046577
510,5,10,150,56,0.0
511,5,10,150,56,0.0
512,5,10,150,56,0.18316925091363362
513,5,10,150,56,0.0
514,5,10,150,56,0.10595566933616397
515,5,10,150,56,0.0
516,5,10,150,56,0.13768197790533618
517,5,10,150,56,0.042259191411409554
518,5,10,150,56,0.0
519,5,10,150,56,0.038800293177871176
520,5,10,150,56,0.0
521,5,10,150,56,0.0
522,5,10,150,56,0.0
523,5,10,150,56,0.0316088333445714
524,5,10,150,56,0.09006868309608587
525,5,10,150,56,0.0
526,5,10,150,56,0.06235626924550528
527,5,10,150,56,0.12265062558661
528,5,10,150,56,0.14110144150616766
529,5,10,150,56,0.0
530,5,10,150,56,0.0
531,5,10,150,56,0.0
532,5,10,150,56,0.04774713204658456
533,5,10,150,56,0.12731562344278502
534,5,10,150,56,0.07450923581469894
535,5,10,150,56,0.2871959083713276
536,5,10,150,56,0.23620378562439379
537,5,10,150,56,0.38536852531264376
538,5,10,150,56,0.0
539,5,10,150,56,0.1560067947598593
540,5,10,150,56,0.0
541,5,10,150,56,0.12534926568386062
542,5,10,150,56,0.12627825946936164
543,5,10,150,56,0.0
544,5,10,150,56,0.07631352592005593
545,5,10,150,56,0.052962244777770985
546,5,10,150,56,0.15314106296495628
547,5,10,150,56,0.0
548,5,10,150,56,0.0369180152329196
549,5,10,150,56,0.0
550,5,10,150,56,0.13436217909546777
551,5,10,150,56,0.25955112775291095
552,5,10,150,56,0.0
553,5,10,150,56,0.16102243342487008
554,5,10,150,56,0.16600564593053876
555,5,10,150,56,0.0
556,5,10,150,56,0.08876245163110816
557,5,10,150,56,0.053894577262255466
558,5,10,150,56,0.0
559,5,10,150,56,0.0734773909038217
560,5,10,150,56,0.2179777837196921
561,5,10,150,56,0.0
562,5,10,150,56,0.034743705427429224
563,5,10,150,56,0.0
564,5,10,150,56,0.0
565,5,10,150,56,0.18568675205192314
566,5,10,150,56,0.13665387068436016
567,5,10,150,56,0.13463074517970205
568,5,10,150,56,0.057107346298225524
569,5,10,150,56,0.0336639187988199
570,5,10,150,56,0.0
571,5,10,150,56,0.0
572,5,10,150,56,0.058995070558427745
573,5,10,150,56,0.0
574,5,10,150,56,0.04185567464896701
575,5,10,150,56,0.0
576,5,10,150,56,0.17342765698823945
577,5,10,150,56,0.20619661189599137
578,5,10,150,56,0.09818998961169394
579,5,10,150,56,0.0
580,5,10,150,56,0.16049923379569733
581,5,10,150,56,0.0
582,5,10,150,56,0.028361369701356044
583,5,10,150,56,0.04579340374561851
584,5,10,150,56,0.0
585,5,10,150,56,0.0
586,5,10,150,56,0.07482758161941112
587,5,10,150,56,0.0
588,5,10,150,56,0.1871976117175379
589,5,10,150,56,0.0
590,5,10,150,56,0.18511573258657482
591,5,10,150,56,0.15758427078022966
592,5,10,150,56,0.24343170819295687
593,5,10,150,56,0.15257268888187236
594,5,10,150,56,0.0843142342558857
595,5,10,150,56,0.0
596,5,10,150,56,0.0
597,5,10,150,56,0.0
598,5,10,150,56,0.11752277470724268
599,5,10,150,56,0.16402353420682853
600,5,10,150,56,0.0
601,5,10,150,56,0.026557570376145638
602,5,10,150,56,0.0
603,5,10,150,56,0.06194403202282284
604,5,10,150,56,0.0
605,5,10,150,56,0.07677414822537214
606,5,10,150,56,0.2138150508755678
607,5,10,150,56,0.0
608,5,10,150,56,0.126140293880171
609,5,10,150,56,0.11838279295536291
610,5,10,150,56,0.029785542524894418
611,5,10,150,56,0.03927158715985786
612,5,10,150,56,0.0
613,5,10,150,56,0.2049174583553662
614,5,10,150,56,0.13886244387355454
615,5,10,150,56,0.08391725636078755
616,5,10,150,56,0.09781579202094404
617,5,10,150,56,0.03804989622115975
618,5,10,150,56,0.13693830900397266
619,5,10,150,56,0.1303945739341477
620,5,10,150,56,0.10964161607630166
621,5,10,150,56,0.13589759152345549
622,5,10,150,56,0.10510896333963865
623,5,10,150,56,0.050143326786652107
624,5,10,150,56,0.019160322430058573
625,5,10,150,56,0.0
626,5,10,150,56,0.04690797720830594
627,5,10,150,56,0.04289205981312439
628,5,10,150,56,0.0
629,5,10,150,56,0.16098909010547607
630,5,10,150,56,0.09942460513010813
631,5,10,150,56,0.09240791929215005
632,5,10,150,56,0.31631217683169366
633,5,10,150,56,0.0455520698635181
634,5,10,150,56,0.023756977677906275
635,5,10,150,56,0.039407921945699885
636,5,10,150,56,0.0
637,5,10,150,56,0.0
638,5,10,150,56,0.15473934503245962
639,5,10,150,56,0.0
640,5,10,150,56,0.0637867864178444
641,5,10,150,56,0.03570665676503816
642,5,10,150,56,0.11612364734898212
643,5,10,150,56,0.15031592367651372
644,5,10,150,56,0.0
645,5,10,150,56,0.1856947245529553
646,5,10,150,56,0.0
647,5,10,150,56,0.03673869545191085
648,5,10,150,56,0.06915378362993117
649,5,10,150,56,0.0
650,5,10,150,56,0.07700072169309534
651,5,10,150,56,0.0
652,5,10,150,56,0.0
653,5,10,150,56,0.05347286214016668
654,5,10,150,56,0.17020900230175445
655,5,10,150,56,0.2752564822784421
656,5,10,150,56,0.0
657,5,10,150,56,0.053845569940583225
658,5,10,150,56,0.0
659,5,10,150,56,0.05937143208802646
660,5,10,150,56,0.0
661,5,10,150,56,0.12705991527984942
662,5,10,150,56,0.0
663,5,10,150,56,0.07874514948204092
664,5,10,150,56,0.05391021349625259
665,5,10,150,56,0.0
666,5,10,150,56,0.07860744541237058
667,5,10,150,56,0.23495437216186538
668,5,10,150,56,0.0
669,5,10,150,56,0.25001448888650357
670,5,10,150,56,0.15539533467551025
671,5,10,150,56,0.17434206503696043
672,5,10,150,56,0.0
673,5,10,150,56,0.0
674,5,10,150,56,0.0
675,5,10,150,56,0.05010834716923557
676,5,10,150,56,0.0
677,5,10,150,56,0.03927489746221688
678,5,10,150,56,0.0
679,5,10,150,56,0.26970586372388394
680,5,10,150,56,0.2073612289146658
681,5,10,150,56,0.0
682,5,10,150,56,0.11577845013183814
683,5,10,150,56,0.06289349548893712
684,5,10,150,56,0.0
685,5,10,150,56,0.0
686,5,10,150,56,0.08962483220812449
687,5,10,150,56,0.0
688,5,10,150,56,0.0
689,5,10,150,56,0.32436268379537736
690,5,10,150,56,0.0
691,5,10,150,56,0.0
692,5,10,150,56,0.0
693,5,10,150,56,0.0
694,5,10,150,56,0.20269611984358588
695,5,10,150,56,0.031112565128707144
696,5,10,150,56,0.12935879342602336
697,5,10,150,56,0.06378035696304758
698,5,10,150,56,0.09499131598480672
699,5,10,150,56,0.0
700,5,10,150,56,0.16958010263680806
701,5,10,150,56,0.04129602134854855
702,5,10,150,56,0.0
703,5,10,150,56,0.03870447337439288
704,5,10,150,56,0.07997894286530959
705,5,10,150,56,0.16834344536682191
706,5,10,150,56,0.0
707,5,10,150,56,0.11214501309882284
708,5,10,150,56,0.06058075640309377
709,5,10,150,56,0.10371915894912967
710,5,10,150,56,0.05710411178654767
711,5,10,150,56,0.14784416768965397
712,5,10,150,56,0.12435918123916344
713,5,10,150,56,0.0
714,5,10,150,56,0.04195229264874745
715,5,10,150,56,0.07261309108674657
716,5,10,150,56,0.1753158297610077
717,5,10,150,56,0.18940567332300148
718,5,10,150,56,0.14061157344379913
719,5,10,150,56,0.13839707910804644
720,5,10,150,56,0.05261577455142312
721,5,10,150,56,0.12576092656182294
722,5,10,150,56,0.0
723,5,10,150,56,0.0
724,5,10,150,56,0.0
725,5,10,150,56,0.05750402108673013
726,5,10,150,56,0.2529427027676571
727,5,10,150,56,0.09697830204651178
728,5,10,150,56,0.0
729,5,10,150,56,0.0
730,5,10,150,56,0.0
731,5,10,150,56,0.04466441818602386
732,5,10,150,56,0.0
733,5,10,150,56,0.0
734,5,10,150,56,0.0655813061736612
735,5,10,150,56,0.0
736,5,10,150,56,0.0
737,5,10,150,56,0.16282663249631943
738,5,10,150,56,0.2632431729022225
739,5,10,150,56,0.0
740,5,10,150,56,0.0
741,5,10,150,56,0.10965210684801945
742,5,10,150,56,0.04553761034739079
743,5,10,150,56,0.0814476682319001
744,5,10,150,56,0.08878770367712427
745,5,10,150,56,0.3682049230943936
746,5,10,150,56,0.11450296808588954
747,5,10,150,56,0.3923524617125475
748,5,10,150,56,0.1946257849561795
749,5,10,150,56,0.14208470074798996
750,5,10,150,56,0.07219614103266732
751,5,10,150,56,0.07026565146871495
752,5,10,150,56,0.020210299806331135
753,5,10,150,56,0.15406810205846871
754,5,10,150,56,0.0
755,5,10,150,56,0.03412020403969171
756,5,10,150,56,0.03828357334999627
757,5,10,150,56,0.028336790544522913
758,5,10,150,56,0.21511242200112135
759,5,10,150,56,0.038281751104512325
760,5,10,150,56,0.11447590313611888
761,5,10,150,56,0.03339755935325358
762,5,10,150,56,0.11568388634051256
763,5,10,150,56,0.20859185628046678
764,5,10,150,56,0.08207588022692468
765,5,10,150,56,0.0
766,5,10,150,56,0.05177697172915584
767,5,10,150,56,0.2073612289146658
768,5,10,150,56,0.07655078846581868
769,5,10,150,56,0.0
770,5,10,150,56,0.04692206785373726
771,5,10,150,56,0.19449231038235978
772,5,10,150,56,0.03353522641880846
773,5,10,150,56,0.08437477635795905
774,5,10,150,56,0.04472310288473965
775,5,10,150,56,0.0
776,5,10,150,56,0.0949413284627631
777,5,10,150,56,0.14445412169961394
778,5,10,150,56,0.0
779,5,10,150,56,0.05878132199396477
780,5,10,150,56,0.07751937086606239
781,5,10,150,56,0.21898681539091044
782,5,10,150,56,0.013772216969539623
783,5,10,150,56,0.0
784,5,10,150,56,0.0
785,5,10,150,56,0.048159222084064895
786,5,10,150,56,0.13370327844286975
787,5,10,150,56,0.0683037314796457
788,5,10,150,56,0.19246531394418917
789,5,10,150,56,0.059109628562248356
790,5,10,150,56,0.07210359237226593
791,5,10,150,56,0.0
792,5,10,150,56,0.0
793,5,10,150,56,0.0
794,5,10,150,56,0.19607400121987484
795,5,10,150,56,0.10590278318277735
796,5,10,150,56,0.37855212421175566
797,5,10,150,56,0.09030583455080088
798,5,10,150,56,0.10679750932706075
799,5,10,150,56,0.0
800,5,10,150,56,0.0
801,5,10,150,56,0.03096677356901516
802,5,10,150,56,0.030863419558816
803,5,10,150,56,0.0
804,5,10,150,56,0.18759569447941396
805,5,10,150,56,0.131266916418576
806,5,10,150,56,0.15398165285589877
807,5,10,150,56,0.21446514502802158
808,5,10,150,56,0.040655755922716606
809,5,10,150,56,0.03773288468728257
810,5,10,150,56,0.0
811,5,10,150,56,0.0
812,5,10,150,56,0.0
813,5,10,150,56,0.17367331957930765
814,5,10,150,56,0.09144287629100999
815,5,10,150,56,0.26660155597350355
816,5,10,150,56,0.08005612702969578
817,5,10,150,56,0.0
818,5,10,150,56,0.0
819,5,10,150,56,0.15575997463127336
820,5,10,150,56,0.041641441310299704
821,5,10,150,56,0.1716292605492022
822,5,10,150,56,0.0
823,5,10,150,56,0.3425862690728876
824,5,10,150,56,0.0
825,5,10,150,56,0.09360298065653824
826,5,10,150,56,0.0956022175683246
827,5,10,150,56,0.0
828,5,10,150,56,0.07244745602732354
829,5,10,150,56,0.146125692125401
830,5,10,150,56,0.10053254151308513
831,5,10,150,56,0.16345709869743347
832,5,10,150,56,0.041355644490859725
833,5,10,150,56,0.15881701889114214
834,5,10,150,56,0.020919434760060668
835,5,10,150,56,0.082546902593288
836,5,10,150,56,0.10882945376944808
837,5,10,150,56,0.0
838,5,10,150,56,0.14570435926304814
839,5,10,150,56,0.05646784228340616
840,5,10,150,56,0.33242516709089925
841,5,10,150,56,0.0
842,5,10,150,56,0.03314153504336938
843,5,10,150,56,0.11246603516958374
844,5,10,150,56,0.14767302746812566
845,5,10,150,56,0.0
846,5,10,150,56,0.31387289354576947
847,5,10,150,56,0.0
848,5,10,150,56,0.08647034868097431
849,5,10,150,56,0.08280898853927336
850,5,10,150,56,0.20069031232476098
851,5,10,150,56,0.27696234350556576
852,5,10,150,56,0.0
853,5,10,150,56,0.0
854,5,10,150,56,0.18094525513171447
855,5,10,150,56,0.0
856,5,10,150,56,0.0
857,5,10,150,56,0.0
858,5,10,150,56,0.0
859,5,10,150,56,0.0
860,5,10,150,56,0.0
861,5,10,150,56,0.12001290632387755
862,5,10,150,56,0.22629298056220196
863,5,10,150,56,0.0
864,5,10,150,56,0.3100108030558722
865,5,10,150,56,0.0
866,5,10,150,56,0.12374681498530773
867,5,10,150,56,0.27550905731686676
868,5,10,150,56,0.13614094897567663
869,5,10,150,56,0.09414478450656023
870,5,10,150,56,0.1225718031162303
871,5,10,150,56,0.19716283544152888
872,5,10,150,56,0.01624882666837855
873,5,10,150,56,0.0
874,5,10,150,56,0.06575393297476358
875,5,10,150,56,0.22155784660169645
876,5,10,150,56,0.0
877,5,10,150,56,0.03487978243545732
878,5,10,150,56,0.048848099644690446
879,5,10,150,56,0.07180913162424091
880,5,10,150,56,0.36139921057681446
881,5,10,150,56,0.32491965000086886
882,5,10,150,56,0.30862269218002497
883,5,10,150,56,0.36229144754115344
884,5,10,150,56,0.028767091820622218
885,5,10,150,56,0.10971389649641251
886,5,10,150,56,0.19867526658959678
887,5,10,150,56,0.13306690343027636
888,5,10,150,56,0.0
889,5,10,150,56,0.2612388877489821
890,5,10,150,56,0.3109087242788185
891,5,10,150,56,0.09013275514532934
892,5,10,150,56,0.40654904175055323
893,5,10,150,56,0.05014695371369417
894,5,10,150,56,0.23866248133761603
895,5,10,150,56,0.0
896,5,10,150,56,0.4072000356184105
897,5,10,150,56,0.2125715675580161
898,5,10,150,56,0.0
899,5,10,150,56,0.1836851705252329
900,5,10,150,56,0.07027548980333784
901,5,10,150,56,0.26436901508273664
902,5,10,150,56,0.025255271126572616
903,5,10,150,56,0.3920612685218114
904,5,10,150,56,0.0
905,5,10,150,56,0.08773956418811966
906,5,10,150,56,0.0
907,5,10,150,56,0.1978676122854008
908,5,10,150,56,0.16304127578674718
909,5,10,150,56,0.0
910,5,10,150,56,0.14111581018360284
911,5,10,150,56,0.06183609110970426
912,5,10,150,56,0.09835918088209537
913,5,10,150,56,0.17276095104358646
914,5,10,150,56,0.0
915,5,10,150,56,0.0
916,5,10,150,56,0.2335429570418888
917,5,10,150,56,0.019845431127916993
918,5,10,150,56,0.02689318407001566
919,5,10,150,56,0.14178883205793877
920,5,10,150,56,0.26814570941777965
921,5,10,150,56,0.02775503397984482
922,5,10,150,56,0.13628732043032338
923,5,10,150,56,0.03997048965522762
924,5,10,150,56,0.10476875172292892
925,5,10,150,56,0.039791360812020615
926,5,10,150,56,0.18690891198435525
927,5,10,150,56,0.10017912357395574
928,5,10,150,56,0.2047606321191804
929,5,10,150,56,0.0753982504991096
930,5,10,150,56,0.12668740771092546
931,5,10,150,56,0.059539365700728666
932,5,10,150,56,0.37912873439770023
933,5,10,150,56,0.058491489497977035
934,5,10,150,56,0.213606213125182
935,5,10,150,56,0.043888403129016776
936,5,10,150,56,0.1291262689137225
937,5,10,150,56,0.09560624946230661
938,5,10,150,56,0.10164925778314154
939,5,10,150,56,0.05231692143384187
940,5,10,150,56,0.10608595969342269
941,5,10,150,56,0.17060921827860473
942,5,10,150,56,0.09756486989026425
943,5,10,150,56,0.19613028420759435
1,5,10,150,57,0.4058715898896693
2,5,10,150,57,0.14433828292945616
3,5,10,150,57,0.08759200575528697
4,5,10,150,57,0.0
5,5,10,150,57,0.04470486007704452
6,5,10,150,57,0.04187254809446048
7,5,10,150,57,0.20711452932119445
8,5,10,150,57,0.0
9,5,10,150,57,0.0
10,5,10,150,57,0.3005733545514552
11,5,10,150,57,0.03947525607388688
12,5,10,150,57,0.14632177291384774
13,5,10,150,57,0.24256092752724764
14,5,10,150,57,0.18795160328752808
15,5,10,150,57,0.0
16,5,10,150,57,0.1512832655861012
17,5,10,150,57,0.0
18,5,10,150,57,0.17872418048185143
19,5,10,150,57,0.0
20,5,10,150,57,0.13743816645714543
21,5,10,150,57,0.15232559003472054
22,5,10,150,57,0.040815803121742565
23,5,10,150,57,0.10387012192613786
24,5,10,150,57,0.08835266840320231
25,5,10,150,57,0.23940867474021393
26,5,10,150,57,0.0
27,5,10,150,57,0.0
28,5,10,150,57,0.052106753859569234
30,5,10,150,57,0.08133484538841967
31,5,10,150,57,0.11164668500969883
32,5,10,150,57,0.19519002499605084
33,5,10,150,57,0.0
34,5,10,150,57,0.0
35,5,10,150,57,0.0
37,5,10,150,57,0.08177471774917201
38,5,10,150,57,0.0
39,5,10,150,57,0.0
40,5,10,150,57,0.0
41,5,10,150,57,0.06835476917178976
42,5,10,150,57,0.08850778826764391
43,5,10,150,57,0.0
44,5,10,150,57,0.29540493557662006
45,5,10,150,57,0.0
46,5,10,150,57,0.0
47,5,10,150,57,0.0
48,5,10,150,57,0.07028063830038406
49,5,10,150,57,0.05432573058142762
52,5,10,150,57,0.0
53,5,10,150,57,0.0
54,5,10,150,57,0.0
55,5,10,150,57,0.0
56,5,10,150,57,0.11781210270929884
57,5,10,150,57,0.1318392860374695
58,5,10,150,57,0.40256699612340546
59,5,10,150,57,0.19233148606048747
60,5,10,150,57,0.1076743759411119
61,5,10,150,57,0.0
62,5,10,150,57,0.09586820699422145
63,5,10,150,57,0.0
64,5,10,150,57,0.04759023790187059
65,5,10,150,57,0.2342550150352983
66,5,10,150,57,0.0
67,5,10,150,57,0.0
68,5,10,150,57,0.0
69,5,10,150,57,0.0
70,5,10,150,57,0.0
71,5,10,150,57,0.20758456043036028
72,5,10,150,57,0.10990826949013655
73,5,10,150,57,0.10052888926242022
74,5,10,150,57,0.0
75,5,10,150,57,0.0
76,5,10,150,57,0.10633668103022985
77,5,10,150,57,0.14247142730086715
78,5,10,150,57,0.0
79,5,10,150,57,0.0
80,5,10,150,57,0.0
81,5,10,150,57,0.08878770367712427
82,5,10,150,57,0.03187578878809277
83,5,10,150,57,0.07414861528507455
84,5,10,150,57,0.07550980911390262
85,5,10,150,57,0.04734112273659951
86,5,10,150,57,0.0
87,5,10,150,57,0.16641625059082407
88,5,10,150,57,0.18920035951687003
89,5,10,150,57,0.0
90,5,10,150,57,0.14392183262708286
91,5,10,150,57,0.0
92,5,10,150,57,0.03369782041898502
93,5,10,150,57,0.0
94,5,10,150,57,0.12253429761719764
95,5,10,150,57,0.07849567312219397
96,5,10,150,57,0.0
97,5,10,150,57,0.0
98,5,10,150,57,0.0
99,5,10,150,57,0.09641171098317775
100,5,10,150,57,0.0
101,5,10,150,57,0.0
102,5,10,150,57,0.0
103,5,10,150,57,0.0
104,5,10,150,57,0.33958467175585033
105,5,10,150,57,0.0
106,5,10,150,57,0.06516188295518531
107,5,10,150,57,0.0
109,5,10,150,57,0.16563719724029594
110,5,10,150,57,0.0
111,5,10,150,57,0.0
112,5,10,150,57,0.07807600999842033
113,5,10,150,57,0.0
114,5,10,150,57,0.08274602130532002
115,5,10,150,57,0.04001677477281075
116,5,10,150,57,0.0
117,5,10,150,57,0.0
118,5,10,150,57,0.16958010263680806
119,5,10,150,57,0.05891155956989184
120,5,10,150,57,0.0
121,5,10,150,57,0.13032376591037062
122,5,10,150,57,0.0
123,5,10,150,57,0.13720340769293682
124,5,10,150,57,0.0
125,5,10,150,57,0.05446333035917803
126,5,10,150,57,0.0
128,5,10,150,57,0.0
129,5,10,150,57,0.0
130,5,10,150,57,0.15174952279352721
131,5,10,150,57,0.0
132,5,10,150,57,0.0
133,5,10,150,57,0.0
134,5,10,150,57,0.0
135,5,10,150,57,0.0
136,5,10,150,57,0.0
137,5,10,150,57,0.1137075481082292
138,5,10,150,57,0.0976168253917686
139,5,10,150,57,0.10466868931043802
140,5,10,150,57,0.0
141,5,10,150,57,0.04733244938590725
142,5,10,150,57,0.0
143,5,10,150,57,0.0
144,5,10,150,57,0.0
145,5,10,150,57,0.17597149971119974
146,5,10,150,57,0.0
147,5,10,150,57,0.0
148,5,10,150,57,0.06916902856231065
149,5,10,150,57,0.0
150,5,10,150,57,0.2640681225725909
151,5,10,150,57,0.1026571794225922
152,5,10,150,57,0.0
153,5,10,150,57,0.0
154,5,10,150,57,0.06416923277158361
155,5,10,150,57,0.0
156,5,10,150,57,0.0
157,5,10,150,57,0.0
158,5,10,150,57,0.11017700922818752
159,5,10,150,57,0.23138144801632507
160,5,10,150,57,0.1719271394881576
161,5,10,150,57,0.0
162,5,10,150,57,0.0
163,5,10,150,57,0.0
164,5,10,150,57,0.0
165,5,10,150,57,0.0
167,5,10,150,57,0.05319635904163211
168,5,10,150,57,0.0
169,5,10,150,57,0.0
170,5,10,150,57,0.0
171,5,10,150,57,0.0
173,5,10,150,57,0.0
174,5,10,150,57,0.06784586495432565
175,5,10,150,57,0.21517910082405575
176,5,10,150,57,0.06289692884934815
177,5,10,150,57,0.38113435412202
178,5,10,150,57,0.12597398707460816
179,5,10,150,57,0.09149012142095872
180,5,10,150,57,0.06228974831361337
181,5,10,150,57,0.09913210981157927
182,5,10,150,57,0.0
183,5,10,150,57,0.15101961822780524
184,5,10,150,57,0.0
185,5,10,150,57,0.0
186,5,10,150,57,0.04633132539002164
187,5,10,150,57,0.0
188,5,10,150,57,0.12925733948536566
189,5,10,150,57,0.1622220746837199
190,5,10,150,57,0.0
192,5,10,150,57,0.123151194370365
193,5,10,150,57,0.0
194,5,10,150,57,0.02924951745434817
195,5,10,150,57,0.11787667935667444
196,5,10,150,57,0.0
197,5,10,150,57,0.09546043308946733
198,5,10,150,57,0.0
199,5,10,150,57,0.0
200,5,10,150,57,0.09785159463516042
201,5,10,150,57,0.0
202,5,10,150,57,0.10466868931043802
203,5,10,150,57,0.0
204,5,10,150,57,0.19519002499605084
205,5,10,150,57,0.0
206,5,10,150,57,0.0
207,5,10,150,57,0.038069204686089174
208,5,10,150,57,0.0
209,5,10,150,57,0.0
210,5,10,150,57,0.2167516193508568
211,5,10,150,57,0.0
213,5,10,150,57,0.15669163589836543
214,5,10,150,57,0.0
216,5,10,150,57,0.23813231172447274
217,5,10,150,57,0.0
218,5,10,150,57,0.0
219,5,10,150,57,0.0
221,5,10,150,57,0.0
222,5,10,150,57,0.1050995674008573
223,5,10,150,57,0.0
224,5,10,150,57,0.0
225,5,10,150,57,0.09077089626867633
226,5,10,150,57,0.19092086617893467
227,5,10,150,57,0.0
228,5,10,150,57,0.0
229,5,10,150,57,0.0
230,5,10,150,57,0.12683081539850163
231,5,10,150,57,0.0
232,5,10,150,57,0.03962341267285813
233,5,10,150,57,0.2699700016563489
234,5,10,150,57,0.09887660119080527
235,5,10,150,57,0.06692738060277027
236,5,10,150,57,0.0
237,5,10,150,57,0.19342640361727081
238,5,10,150,57,0.0
239,5,10,150,57,0.06912040963822193
240,5,10,150,57,0.12495636102304827
241,5,10,150,57,0.0
242,5,10,150,57,0.0
243,5,10,150,57,0.0
244,5,10,150,57,0.049712302565054066
245,5,10,150,57,0.0
246,5,10,150,57,0.0561326498270945
247,5,10,150,57,0.09472348220010487
248,5,10,150,57,0.09472348220010487
249,5,10,150,57,0.056720838976548935
250,5,10,150,57,0.0
251,5,10,150,57,0.13032376591037062
252,5,10,150,57,0.20184908658209985
253,5,10,150,57,0.05725248542464807
254,5,10,150,57,0.08514311764162098
255,5,10,150,57,0.0
256,5,10,150,57,0.038925970325304815
257,5,10,150,57,0.07984133538066794
258,5,10,150,57,0.0
259,5,10,150,57,0.1239740444869306
260,5,10,150,57,0.0
261,5,10,150,57,0.0
262,5,10,150,57,0.0
263,5,10,150,57,0.0956366800683804
264,5,10,150,57,0.0
265,5,10,150,57,0.0
266,5,10,150,57,0.0
267,5,10,150,57,0.17168372277322866
268,5,10,150,57,0.049712302565054066
269,5,10,150,57,0.052962244777770985
270,5,10,150,57,0.041641441310299704
271,5,10,150,57,0.13010624216828925
272,5,10,150,57,0.1702293778633033
273,5,10,150,57,0.0
274,5,10,150,57,0.0
275,5,10,150,57,0.0
276,5,10,150,57,0.15875999922826586
277,5,10,150,57,0.0
278,5,10,150,57,0.0
279,5,10,150,57,0.13251633524111026
280,5,10,150,57,0.16417286747746287
281,5,10,150,57,0.0
282,5,10,150,57,0.0
283,5,10,150,57,0.07028063830038406
284,5,10,150,57,0.0
285,5,10,150,57,0.0
286,5,10,150,57,0.0781170595969038
287,5,10,150,57,0.0
288,5,10,150,57,0.0859574327152926
289,5,10,150,57,0.16903020543979225
290,5,10,150,57,0.07834851647149511
291,5,10,150,57,0.07828167840727236
292,5,10,150,57,0.04224853374256244
293,5,10,150,57,0.07916644227981202
294,5,10,150,57,0.0
295,5,10,150,57,0.2603201838311303
296,5,10,150,57,0.13713660166967986
297,5,10,150,57,0.0
298,5,10,150,57,0.16915623549474385
299,5,10,150,57,0.0
300,5,10,150,57,0.0
301,5,10,150,57,0.06460801587741544
302,5,10,150,57,0.09224219235917257
303,5,10,150,57,0.07354269615643778
304,5,10,150,57,0.0
305,5,10,150,57,0.11349000778741654
306,5,10,150,57,0.0
307,5,10,150,57,0.10778915452451093
308,5,10,150,57,0.13490077762666258
310,5,10,150,57,0.0
311,5,10,150,57,0.13301422444853
312,5,10,150,57,0.1819616199123543
313,5,10,150,57,0.11270402374049442
314,5,10,150,57,0.16600564593053876
315,5,10,150,57,0.0
316,5,10,150,57,0.0
317,5,10,150,57,0.0
318,5,10,150,57,0.1642688369468948
319,5,10,150,57,0.0
320,5,10,150,57,0.13927874459665815
321,5,10,150,57,0.0
322,5,10,150,57,0.0
323,5,10,150,57,0.1610425878239398
324,5,10,150,57,0.0
325,5,10,150,57,0.09092803061897883
326,5,10,150,57,0.027288805847552652
327,5,10,150,57,0.025410386140327024
328,5,10,150,57,0.09206364236149692
329,5,10,150,57,0.0
330,5,10,150,57,0.10236603130088297
331,5,10,150,57,0.0
332,5,10,150,57,0.09320485889859448
334,5,10,150,57,0.02249061179923914
335,5,10,150,57,0.0
336,5,10,150,57,0.0780824078938463
337,5,10,150,57,0.0
338,5,10,150,57,0.07132875491150918
339,5,10,150,57,0.1664336467304897
340,5,10,150,57,0.0
341,5,10,150,57,0.0
342,5,10,150,57,0.3608742720986609
343,5,10,150,57,0.09229649639444802
344,5,10,150,57,0.1202034973803211
345,5,10,150,57,0.18015355216717013
346,5,10,150,57,0.04366879852493834
347,5,10,150,57,0.22280620320442554
348,5,10,150,57,0.0
349,5,10,150,57,0.0
350,5,10,150,57,0.058087171966128066
351,5,10,150,57,0.0
352,5,10,150,57,0.1903601622684853
353,5,10,150,57,0.14434031438272124
354,5,10,150,57,0.06335619058732639
355,5,10,150,57,0.0
356,5,10,150,57,0.0
357,5,10,150,57,0.0
358,5,10,150,57,0.06364028872631156
359,5,10,150,57,0.3010299956639812
360,5,10,150,57,0.12982031659526816
361,5,10,150,57,0.09478836436955078
362,5,10,150,57,0.0
363,5,10,150,57,0.22463865489880525
364,5,10,150,57,0.0
365,5,10,150,57,0.0
366,5,10,150,57,0.0
367,5,10,150,57,0.0
368,5,10,150,57,0.0
369,5,10,150,57,0.0
370,5,10,150,57,0.0
371,5,10,150,57,0.19950301641376814
372,5,10,150,57,0.15130120674940672
373,5,10,150,57,0.22842722979011518
374,5,10,150,57,0.07472550252128253
375,5,10,150,57,0.0
376,5,10,150,57,0.0
377,5,10,150,57,0.0
378,5,10,150,57,0.13635638482251203
379,5,10,150,57,0.08433239722469389
380,5,10,150,57,0.0
381,5,10,150,57,0.0
382,5,10,150,57,0.09952375175972906
383,5,10,150,57,0.040815803121742565
384,5,10,150,57,0.0
385,5,10,150,57,0.0
386,5,10,150,57,0.0
387,5,10,150,57,0.08586571489348302
388,5,10,150,57,0.05789711601244791
389,5,10,150,57,0.09284203700798714
390,5,10,150,57,0.0
391,5,10,150,57,0.11245246430543061
392,5,10,150,57,0.1484702586346916
393,5,10,150,57,0.14831626207850976
394,5,10,150,57,0.16570616085215287
395,5,10,150,57,0.0
396,5,10,150,57,0.0
397,5,10,150,57,0.11004588314904008
398,5,10,150,57,0.28368572779044043
399,5,10,150,57,0.026175882249243814
400,5,10,150,57,0.0
401,5,10,150,57,0.02839245759615368
402,5,10,150,57,0.0
403,5,10,150,57,0.2529427027676571
404,5,10,150,57,0.0
405,5,10,150,57,0.035642886003045875
406,5,10,150,57,0.06360190926466157
407,5,10,150,57,0.09046795885890169
408,5,10,150,57,0.09983719697789138
409,5,10,150,57,0.05800611307095368
410,5,10,150,57,0.0
411,5,10,150,57,0.17342765698823945
412,5,10,150,57,0.0
413,5,10,150,57,0.0
414,5,10,150,57,0.21398626473452756
415,5,10,150,57,0.0
416,5,10,150,57,0.13432658564748942
417,5,10,150,57,0.11088189053445036
419,5,10,150,57,0.30260241349881345
420,5,10,150,57,0.05478392673173268
421,5,10,150,57,0.0
422,5,10,150,57,0.0
423,5,10,150,57,0.08440880858250024
424,5,10,150,57,0.0401239863376113
425,5,10,150,57,0.2082843711703412
426,5,10,150,57,0.13571943816109763
427,5,10,150,57,0.0
428,5,10,150,57,0.0
429,5,10,150,57,0.14041959417088476
430,5,10,150,57,0.1261446714466394
431,5,10,150,57,0.0
432,5,10,150,57,0.0
433,5,10,150,57,0.0
434,5,10,150,57,0.3903800499921017
435,5,10,150,57,0.09964084501257568
436,5,10,150,57,0.08868088264964148
437,5,10,150,57,0.22972973128433707
438,5,10,150,57,0.0
439,5,10,150,57,0.0
440,5,10,150,57,0.06175696970122604
441,5,10,150,57,0.0
442,5,10,150,57,0.0
443,5,10,150,57,0.0
445,5,10,150,57,0.0
446,5,10,150,57,0.0
447,5,10,150,57,0.2726897692124621
448,5,10,150,57,0.0
449,5,10,150,57,0.07784399437297408
450,5,10,150,57,0.22640083277136241
451,5,10,150,57,0.0
452,5,10,150,57,0.07830573469972951
453,5,10,150,57,0.029956785715628154
454,5,10,150,57,0.060700497476813886
455,5,10,150,57,0.022804826018406204
456,5,10,150,57,0.07758828619721583
457,5,10,150,57,0.29418445531213994
458,5,10,150,57,0.04507276838148142
459,5,10,150,57,0.0
460,5,10,150,57,0.0
461,5,10,150,57,0.0
462,5,10,150,57,0.0
463,5,10,150,57,0.0
464,5,10,150,57,0.0
465,5,10,150,57,0.0
466,5,10,150,57,0.03947525607388688
467,5,10,150,57,0.1436337620239326
468,5,10,150,57,0.25116683884278784
469,5,10,150,57,0.0
470,5,10,150,57,0.0
471,5,10,150,57,0.0
472,5,10,150,57,0.13139503164087882
473,5,10,150,57,0.08754031530847717
474,5,10,150,57,0.30076261759159395
475,5,10,150,57,0.06516188295518531
476,5,10,150,57,0.0
477,5,10,150,57,0.055100238151135045
478,5,10,150,57,0.23782833255689273
479,5,10,150,57,0.07834096783470737
480,5,10,150,57,0.21398626473452756
481,5,10,150,57,0.13863671367752411
482,5,10,150,57,0.0
483,5,10,150,57,0.06912040963822193
484,5,10,150,57,0.09353062527112192
485,5,10,150,57,0.0
486,5,10,150,57,0.10311241692162332
487,5,10,150,57,0.19674990380650584
488,5,10,150,57,0.0
489,5,10,150,57,0.0
490,5,10,150,57,0.0
491,5,10,150,57,0.19092086617893467
492,5,10,150,57,0.12471554514794539
493,5,10,150,57,0.0332568859495131
494,5,10,150,57,0.038069204686089174
495,5,10,150,57,0.11868174655260626
496,5,10,150,57,0.05459112561892713
497,5,10,150,57,0.04285286422081118
498,5,10,150,57,0.03855307727568851
499,5,10,150,57,0.1912282106369008
500,5,10,150,57,0.05011951520627559
501,5,10,150,57,0.0
502,5,10,150,57,0.06364028872631156
503,5,10,150,57,0.1894044290456616
504,5,10,150,57,0.0
505,5,10,150,57,0.0
506,5,10,150,57,0.10589517949214913
507,5,10,150,57,0.0
508,5,10,150,57,0.0
509,5,10,150,57,0.06474271459046577
510,5,10,150,57,0.0
511,5,10,150,57,0.0
512,5,10,150,57,0.18316925091363362
513,5,10,150,57,0.0
514,5,10,150,57,0.10595566933616397
515,5,10,150,57,0.0
516,5,10,150,57,0.13768197790533618
517,5,10,150,57,0.042259191411409554
518,5,10,150,57,0.0
519,5,10,150,57,0.038800293177871176
520,5,10,150,57,0.0
521,5,10,150,57,0.0
522,5,10,150,57,0.0
523,5,10,150,57,0.0316088333445714
524,5,10,150,57,0.09006868309608587
525,5,10,150,57,0.0
526,5,10,150,57,0.06235626924550528
527,5,10,150,57,0.12265062558661
528,5,10,150,57,0.14110144150616766
529,5,10,150,57,0.03539807129574854
530,5,10,150,57,0.0
531,5,10,150,57,0.0
532,5,10,150,57,0.04774713204658456
533,5,10,150,57,0.12731562344278502
534,5,10,150,57,0.07450923581469894
535,5,10,150,57,0.2871959083713276
536,5,10,150,57,0.23620378562439379
537,5,10,150,57,0.3928051545277473
538,5,10,150,57,0.0
539,5,10,150,57,0.1560067947598593
540,5,10,150,57,0.0
541,5,10,150,57,0.1448454408452497
542,5,10,150,57,0.12627825946936164
543,5,10,150,57,0.0
544,5,10,150,57,0.07631352592005593
545,5,10,150,57,0.052962244777770985
546,5,10,150,57,0.15314106296495628
547,5,10,150,57,0.0
548,5,10,150,57,0.0369180152329196
549,5,10,150,57,0.0
550,5,10,150,57,0.13436217909546777
551,5,10,150,57,0.25641073293267796
552,5,10,150,57,0.0
553,5,10,150,57,0.16102243342487008
554,5,10,150,57,0.16600564593053876
555,5,10,150,57,0.0
556,5,10,150,57,0.08876245163110816
557,5,10,150,57,0.053894577262255466
558,5,10,150,57,0.0
559,5,10,150,57,0.0734773909038217
560,5,10,150,57,0.2179777837196921
561,5,10,150,57,0.0
562,5,10,150,57,0.034743705427429224
563,5,10,150,57,0.0
564,5,10,150,57,0.0
565,5,10,150,57,0.18568675205192314
566,5,10,150,57,0.13665387068436016
567,5,10,150,57,0.13463074517970205
568,5,10,150,57,0.057107346298225524
569,5,10,150,57,0.0336639187988199
570,5,10,150,57,0.0
571,5,10,150,57,0.0
572,5,10,150,57,0.058995070558427745
573,5,10,150,57,0.0
574,5,10,150,57,0.04185567464896701
575,5,10,150,57,0.0
576,5,10,150,57,0.17342765698823945
577,5,10,150,57,0.20619661189599137
578,5,10,150,57,0.09818998961169394
579,5,10,150,57,0.0
580,5,10,150,57,0.16049923379569733
581,5,10,150,57,0.0
582,5,10,150,57,0.028361369701356044
583,5,10,150,57,0.04579340374561851
584,5,10,150,57,0.0
585,5,10,150,57,0.0
586,5,10,150,57,0.07482758161941112
587,5,10,150,57,0.0
588,5,10,150,57,0.1871976117175379
589,5,10,150,57,0.0
590,5,10,150,57,0.18511573258657482
591,5,10,150,57,0.15758427078022966
592,5,10,150,57,0.25258567783783253
593,5,10,150,57,0.15257268888187236
594,5,10,150,57,0.0843142342558857
595,5,10,150,57,0.0
596,5,10,150,57,0.0
597,5,10,150,57,0.0
598,5,10,150,57,0.11752277470724268
599,5,10,150,57,0.16402353420682853
600,5,10,150,57,0.0
601,5,10,150,57,0.026557570376145638
602,5,10,150,57,0.0
603,5,10,150,57,0.06194403202282284
604,5,10,150,57,0.0
605,5,10,150,57,0.10589838376326657
606,5,10,150,57,0.2138150508755678
607,5,10,150,57,0.0
608,5,10,150,57,0.126140293880171
609,5,10,150,57,0.11838279295536291
610,5,10,150,57,0.029785542524894418
611,5,10,150,57,0.03927158715985786
612,5,10,150,57,0.0
613,5,10,150,57,0.2049174583553662
614,5,10,150,57,0.13886244387355454
615,5,10,150,57,0.08391725636078755
616,5,10,150,57,0.09781579202094404
617,5,10,150,57,0.03804989622115975
618,5,10,150,57,0.13693830900397266
619,5,10,150,57,0.1303945739341477
620,5,10,150,57,0.10964161607630166
621,5,10,150,57,0.13589759152345549
622,5,10,150,57,0.10383721527639733
623,5,10,150,57,0.050143326786652107
624,5,10,150,57,0.019160322430058573
625,5,10,150,57,0.0
626,5,10,150,57,0.04690797720830594
627,5,10,150,57,0.04289205981312439
628,5,10,150,57,0.0
629,5,10,150,57,0.1814524963780846
630,5,10,150,57,0.09942460513010813
631,5,10,150,57,0.09240791929215005
632,5,10,150,57,0.31631217683169366
633,5,10,150,57,0.0455520698635181
634,5,10,150,57,0.023756977677906275
635,5,10,150,57,0.039407921945699885
636,5,10,150,57,0.0
637,5,10,150,57,0.0
638,5,10,150,57,0.15473934503245962
639,5,10,150,57,0.0
640,5,10,150,57,0.0637867864178444
641,5,10,150,57,0.03570665676503816
642,5,10,150,57,0.1147186289859393
643,5,10,150,57,0.15031592367651372
644,5,10,150,57,0.0
645,5,10,150,57,0.1856947245529553
646,5,10,150,57,0.0
647,5,10,150,57,0.03673869545191085
648,5,10,150,57,0.06831706916141346
649,5,10,150,57,0.0
650,5,10,150,57,0.07606906452923433
651,5,10,150,57,0.0
652,5,10,150,57,0.0
653,5,10,150,57,0.05282587631990903
654,5,10,150,57,0.17020900230175445
655,5,10,150,57,0.2840253934704481
656,5,10,150,57,0.0
657,5,10,150,57,0.053845569940583225
658,5,10,150,57,0.0
659,5,10,150,57,0.07075240780563574
660,5,10,150,57,0.0
661,5,10,150,57,0.12705991527984942
662,5,10,150,57,0.0
663,5,10,150,57,0.07874514948204092
664,5,10,150,57,0.05391021349625259
665,5,10,150,57,0.0
666,5,10,150,57,0.07860744541237058
667,5,10,150,57,0.23495437216186538
668,5,10,150,57,0.0
669,5,10,150,57,0.25001448888650357
670,5,10,150,57,0.15539533467551025
671,5,10,150,57,0.17434206503696043
672,5,10,150,57,0.0
673,5,10,150,57,0.0
674,5,10,150,57,0.0
675,5,10,150,57,0.05010834716923557
676,5,10,150,57,0.0
677,5,10,150,57,0.03927489746221688
678,5,10,150,57,0.0
679,5,10,150,57,0.26970586372388394
680,5,10,150,57,0.2073612289146658
681,5,10,150,57,0.0
682,5,10,150,57,0.11437760842393863
683,5,10,150,57,0.06289349548893712
684,5,10,150,57,0.0
685,5,10,150,57,0.0
686,5,10,150,57,0.08962483220812449
687,5,10,150,57,0.0
688,5,10,150,57,0.0
689,5,10,150,57,0.32436268379537736
690,5,10,150,57,0.0
691,5,10,150,57,0.0
692,5,10,150,57,0.0
693,5,10,150,57,0.0
694,5,10,150,57,0.20269611984358588
695,5,10,150,57,0.031112565128707144
696,5,10,150,57,0.12935879342602336
697,5,10,150,57,0.06378035696304758
698,5,10,150,57,0.09499131598480672
699,5,10,150,57,0.0
700,5,10,150,57,0.16958010263680806
701,5,10,150,57,0.04129602134854855
702,5,10,150,57,0.0
703,5,10,150,57,0.03870447337439288
704,5,10,150,57,0.07997894286530959
705,5,10,150,57,0.16834344536682191
706,5,10,150,57,0.0
707,5,10,150,57,0.11078813354565142
708,5,10,150,57,0.06058075640309377
709,5,10,150,57,0.10371915894912967
710,5,10,150,57,0.05710411178654767
711,5,10,150,57,0.14605535227423322
712,5,10,150,57,0.12435918123916344
713,5,10,150,57,0.0
714,5,10,150,57,0.04195229264874745
715,5,10,150,57,0.07261309108674657
716,5,10,150,57,0.1731946256327388
717,5,10,150,57,0.18940567332300148
718,5,10,150,57,0.14061157344379913
719,5,10,150,57,0.13839707910804644
720,5,10,150,57,0.05261577455142312
721,5,10,150,57,0.13816096658946317
722,5,10,150,57,0.0
723,5,10,150,57,0.0
724,5,10,150,57,0.0
725,5,10,150,57,0.05750402108673013
726,5,10,150,57,0.2529427027676571
727,5,10,150,57,0.09580492953968227
728,5,10,150,57,0.0
729,5,10,150,57,0.0
730,5,10,150,57,0.0
731,5,10,150,57,0.04466441818602386
732,5,10,150,57,0.0
733,5,10,150,57,0.0
734,5,10,150,57,0.0655813061736612
735,5,10,150,57,0.0
736,5,10,150,57,0.0
737,5,10,150,57,0.16282663249631943
738,5,10,150,57,0.2632431729022225
739,5,10,150,57,0.0
740,5,10,150,57,0.0
741,5,10,150,57,0.10965210684801945
742,5,10,150,57,0.04553761034739079
743,5,10,150,57,0.0814476682319001
744,5,10,150,57,0.08878770367712427
745,5,10,150,57,0.3682049230943936
746,5,10,150,57,0.11450296808588954
747,5,10,150,57,0.3876052596905985
748,5,10,150,57,0.1946257849561795
749,5,10,150,57,0.14036557102535538
750,5,10,150,57,0.07219614103266732
751,5,10,150,57,0.08387405199623103
752,5,10,150,57,0.020210299806331135
753,5,10,150,57,0.15406810205846871
754,5,10,150,57,0.0
755,5,10,150,57,0.03412020403969171
756,5,10,150,57,0.05421299273764631
757,5,10,150,57,0.028336790544522913
758,5,10,150,57,0.21250970575916686
759,5,10,150,57,0.038281751104512325
760,5,10,150,57,0.11447590313611888
761,5,10,150,57,0.03339755935325358
762,5,10,150,57,0.11568388634051256
763,5,10,150,57,0.20859185628046678
764,5,10,150,57,0.08207588022692468
765,5,10,150,57,0.0
766,5,10,150,57,0.051150505047106255
767,5,10,150,57,0.2073612289146658
768,5,10,150,57,0.07655078846581868
769,5,10,150,57,0.0
770,5,10,150,57,0.04692206785373726
771,5,10,150,57,0.19449231038235978
772,5,10,150,57,0.03353522641880846
773,5,10,150,57,0.08335389807117656
774,5,10,150,57,0.044181983291617745
775,5,10,150,57,0.0
776,5,10,150,57,0.0949413284627631
777,5,10,150,57,0.14445412169961394
778,5,10,150,57,0.0
779,5,10,150,57,0.05878132199396477
780,5,10,150,57,0.07751937086606239
781,5,10,150,57,0.21898681539091044
782,5,10,150,57,0.013605582367684063
783,5,10,150,57,0.0
784,5,10,150,57,0.0
785,5,10,150,57,0.048159222084064895
786,5,10,150,57,0.13370327844286975
787,5,10,150,57,0.0683037314796457
788,5,10,150,57,0.19013661254258996
789,5,10,150,57,0.059109628562248356
790,5,10,150,57,0.07123118719350047
791,5,10,150,57,0.0
792,5,10,150,57,0.0
793,5,10,150,57,0.0
794,5,10,150,57,0.22201254783236782
795,5,10,150,57,0.104621430431068
796,5,10,150,57,0.3739718970312576
797,5,10,150,57,0.09030583455080088
798,5,10,150,57,0.10550533098821811
799,5,10,150,57,0.0
800,5,10,150,57,0.0
801,5,10,150,57,0.03096677356901516
802,5,10,150,57,0.030863419558816
803,5,10,150,57,0.0
804,5,10,150,57,0.18532591221207584
805,5,10,150,57,0.12967867464148267
806,5,10,150,57,0.15211857798033926
807,5,10,150,57,0.2118702604039498
808,5,10,150,57,0.040655755922716606
809,5,10,150,57,0.03773288468728257
810,5,10,150,57,0.0
811,5,10,150,57,0.0
812,5,10,150,57,0.0
813,5,10,150,57,0.17367331957930765
814,5,10,150,57,0.09144287629100999
815,5,10,150,57,0.26337585569358685
816,5,10,150,57,0.08005612702969578
817,5,10,150,57,0.0
818,5,10,150,57,0.0
819,5,10,150,57,0.15575997463127336
820,5,10,150,57,0.041641441310299704
821,5,10,150,57,0.1716292605492022
822,5,10,150,57,0.0
823,5,10,150,57,0.3384412046526564
824,5,10,150,57,0.0
825,5,10,150,57,0.09247044727802023
826,5,10,150,57,0.0956022175683246
827,5,10,150,57,0.0
828,5,10,150,57,0.07244745602732354
829,5,10,150,57,0.146125692125401
830,5,10,150,57,0.10053254151308513
831,5,10,150,57,0.16345709869743347
832,5,10,150,57,0.041355644490859725
833,5,10,150,57,0.15689543932487882
834,5,10,150,57,0.020919434760060668
835,5,10,150,57,0.082546902593288
836,5,10,150,57,0.10882945376944808
837,5,10,150,57,0.0
838,5,10,150,57,0.14570435926304814
839,5,10,150,57,0.05646784228340616
840,5,10,150,57,0.32840304519959623
841,5,10,150,57,0.0
842,5,10,150,57,0.03314153504336938
843,5,10,150,57,0.11110527146434977
844,5,10,150,57,0.14767302746812566
845,5,10,150,57,0.0
846,5,10,150,57,0.3100752417396057
847,5,10,150,57,0.0
848,5,10,150,57,0.08542411537252192
849,5,10,150,57,0.08280898853927336
850,5,10,150,57,0.20069031232476098
851,5,10,150,57,0.27361128463529766
852,5,10,150,57,0.0
853,5,10,150,57,0.0
854,5,10,150,57,0.178755938726577
855,5,10,150,57,0.0
856,5,10,150,57,0.0
857,5,10,150,57,0.0
858,5,10,150,57,0.0
859,5,10,150,57,0.0
860,5,10,150,57,0.0
861,5,10,150,57,0.12001290632387755
862,5,10,150,57,0.22355498704945884
863,5,10,150,57,0.0
864,5,10,150,57,0.3062598799581319
865,5,10,150,57,0.0
866,5,10,150,57,0.12374681498530773
867,5,10,150,57,0.27550905731686676
868,5,10,150,57,0.1344937346688606
869,5,10,150,57,0.09414478450656023
870,5,10,150,57,0.12108876638683772
871,5,10,150,57,0.20941035247919348
872,5,10,150,57,0.01624882666837855
873,5,10,150,57,0.0
874,5,10,150,57,0.06575393297476358
875,5,10,150,57,0.22155784660169645
876,5,10,150,57,0.0
877,5,10,150,57,0.03487978243545732
878,5,10,150,57,0.04825707035335001
879,5,10,150,57,0.07180913162424091
880,5,10,150,57,0.35702652216371616
881,5,10,150,57,0.32098833983978936
882,5,10,150,57,0.30488856429424216
883,5,10,150,57,0.3579079636583322
884,5,10,150,57,0.028767091820622218
885,5,10,150,57,0.10838643182597225
886,5,10,150,57,0.1962714289198936
887,5,10,150,57,0.13145688301582178
888,5,10,150,57,0.0
889,5,10,150,57,0.2580780721631167
890,5,10,150,57,0.30714693693563283
891,5,10,150,57,0.09013275514532934
892,5,10,150,57,0.401630070617823
893,5,10,150,57,0.05014695371369417
894,5,10,150,57,0.23577482514954462
895,5,10,150,57,0.0
896,5,10,150,57,0.4022731878958603
897,5,10,150,57,0.22209892423704053
898,5,10,150,57,0.0
899,5,10,150,57,0.18146270297879938
900,5,10,150,57,0.07027548980333784
901,5,10,150,57,0.26117032705242954
902,5,10,150,57,0.025255271126572616
903,5,10,150,57,0.3873175897424535
904,5,10,150,57,0.0
905,5,10,150,57,0.08773956418811966
906,5,10,150,57,0.0
907,5,10,150,57,0.1954735466918793
908,5,10,150,57,0.17770188745455368
909,5,10,150,57,0.0
910,5,10,150,57,0.14111581018360284
911,5,10,150,57,0.06108791581990456
912,5,10,150,57,0.09835918088209537
913,5,10,150,57,0.18276998952062343
914,5,10,150,57,0.0
915,5,10,150,57,0.0
916,5,10,150,57,0.23071724366916765
917,5,10,150,57,0.019845431127916993
918,5,10,150,57,0.026567794553567666
919,5,10,150,57,0.1400732821483058
920,5,10,150,57,0.26814570941777965
921,5,10,150,57,0.027419216656682684
922,5,10,150,57,0.14673766541080205
923,5,10,150,57,0.03997048965522762
924,5,10,150,57,0.10476875172292892
925,5,10,150,57,0.039791360812020615
926,5,10,150,57,0.18690891198435525
927,5,10,150,57,0.09896702327028596
928,5,10,150,57,0.2047606321191804
929,5,10,150,57,0.0753982504991096
930,5,10,150,57,0.12668740771092546
931,5,10,150,57,0.059539365700728666
932,5,10,150,57,0.3866408609039859
933,5,10,150,57,0.05778378164774558
934,5,10,150,57,0.211021721001894
935,5,10,150,57,0.043888403129016776
936,5,10,150,57,0.12756392753781176
937,5,10,150,57,0.09560624946230661
938,5,10,150,57,0.10041936984011322
939,5,10,150,57,0.05231692143384187
940,5,10,150,57,0.1048023906286108
941,5,10,150,57,0.17060921827860473
942,5,10,150,57,0.09756486989026425
943,5,10,150,57,0.19375723912029763
1,5,10,150,58,0.4058715898896693
2,5,10,150,58,0.14433828292945616
3,5,10,150,58,0.08759200575528697
4,5,10,150,58,0.0
5,5,10,150,58,0.04470486007704452
6,5,10,150,58,0.04187254809446048
7,5,10,150,58,0.20711452932119445
8,5,10,150,58,0.0
9,5,10,150,58,0.0
10,5,10,150,58,0.3005733545514552
11,5,10,150,58,0.03947525607388688
12,5,10,150,58,0.14632177291384774
13,5,10,150,58,0.24256092752724764
14,5,10,150,58,0.18795160328752808
15,5,10,150,58,0.0
16,5,10,150,58,0.1512832655861012
17,5,10,150,58,0.0
18,5,10,150,58,0.17872418048185143
19,5,10,150,58,0.0
20,5,10,150,58,0.13743816645714543
21,5,10,150,58,0.15232559003472054
22,5,10,150,58,0.040815803121742565
23,5,10,150,58,0.10387012192613786
24,5,10,150,58,0.08835266840320231
25,5,10,150,58,0.23940867474021393
26,5,10,150,58,0.0
27,5,10,150,58,0.0
28,5,10,150,58,0.052106753859569234
30,5,10,150,58,0.08133484538841967
31,5,10,150,58,0.11164668500969883
32,5,10,150,58,0.19519002499605084
33,5,10,150,58,0.0
34,5,10,150,58,0.0
35,5,10,150,58,0.0
37,5,10,150,58,0.08177471774917201
38,5,10,150,58,0.0
39,5,10,150,58,0.0
40,5,10,150,58,0.0
41,5,10,150,58,0.06835476917178976
42,5,10,150,58,0.08850778826764391
43,5,10,150,58,0.0
44,5,10,150,58,0.29540493557662006
45,5,10,150,58,0.0
46,5,10,150,58,0.0
47,5,10,150,58,0.0
48,5,10,150,58,0.07028063830038406
49,5,10,150,58,0.05432573058142762
52,5,10,150,58,0.0
53,5,10,150,58,0.0
54,5,10,150,58,0.0
55,5,10,150,58,0.0
56,5,10,150,58,0.11781210270929884
57,5,10,150,58,0.1318392860374695
58,5,10,150,58,0.40256699612340546
59,5,10,150,58,0.19233148606048747
60,5,10,150,58,0.1076743759411119
61,5,10,150,58,0.0
62,5,10,150,58,0.09586820699422145
63,5,10,150,58,0.0
64,5,10,150,58,0.04759023790187059
65,5,10,150,58,0.2342550150352983
66,5,10,150,58,0.06636133566432367
67,5,10,150,58,0.0
68,5,10,150,58,0.0
69,5,10,150,58,0.0
70,5,10,150,58,0.0
71,5,10,150,58,0.20758456043036028
72,5,10,150,58,0.10990826949013655
73,5,10,150,58,0.10052888926242022
74,5,10,150,58,0.0
75,5,10,150,58,0.0
76,5,10,150,58,0.10633668103022985
77,5,10,150,58,0.14247142730086715
78,5,10,150,58,0.0
79,5,10,150,58,0.0
80,5,10,150,58,0.0
81,5,10,150,58,0.08878770367712427
82,5,10,150,58,0.03187578878809277
83,5,10,150,58,0.07414861528507455
84,5,10,150,58,0.07550980911390262
85,5,10,150,58,0.04734112273659951
86,5,10,150,58,0.0
87,5,10,150,58,0.16641625059082407
88,5,10,150,58,0.18920035951687003
89,5,10,150,58,0.0
90,5,10,150,58,0.1707098375184088
91,5,10,150,58,0.0
92,5,10,150,58,0.03369782041898502
93,5,10,150,58,0.0
94,5,10,150,58,0.12253429761719764
95,5,10,150,58,0.07849567312219397
96,5,10,150,58,0.0
97,5,10,150,58,0.0
98,5,10,150,58,0.0
99,5,10,150,58,0.09641171098317775
100,5,10,150,58,0.0
101,5,10,150,58,0.0
102,5,10,150,58,0.0
103,5,10,150,58,0.0
104,5,10,150,58,0.33958467175585033
105,5,10,150,58,0.0
106,5,10,150,58,0.06516188295518531
107,5,10,150,58,0.0
109,5,10,150,58,0.16563719724029594
110,5,10,150,58,0.0
111,5,10,150,58,0.0
112,5,10,150,58,0.07807600999842033
113,5,10,150,58,0.0
114,5,10,150,58,0.08274602130532002
115,5,10,150,58,0.04001677477281075
116,5,10,150,58,0.0
117,5,10,150,58,0.0
118,5,10,150,58,0.16958010263680806
119,5,10,150,58,0.05891155956989184
120,5,10,150,58,0.0
121,5,10,150,58,0.13032376591037062
122,5,10,150,58,0.0
123,5,10,150,58,0.13720340769293682
124,5,10,150,58,0.0
125,5,10,150,58,0.05446333035917803
126,5,10,150,58,0.0
128,5,10,150,58,0.0
129,5,10,150,58,0.0
130,5,10,150,58,0.15174952279352721
131,5,10,150,58,0.0
132,5,10,150,58,0.0
133,5,10,150,58,0.0
134,5,10,150,58,0.0
135,5,10,150,58,0.0
136,5,10,150,58,0.0
137,5,10,150,58,0.1137075481082292
138,5,10,150,58,0.0976168253917686
139,5,10,150,58,0.10466868931043802
140,5,10,150,58,0.0
141,5,10,150,58,0.04733244938590725
142,5,10,150,58,0.0
143,5,10,150,58,0.0
144,5,10,150,58,0.0
145,5,10,150,58,0.17597149971119974
146,5,10,150,58,0.0
147,5,10,150,58,0.0
148,5,10,150,58,0.06916902856231065
149,5,10,150,58,0.0
150,5,10,150,58,0.2640681225725909
151,5,10,150,58,0.1026571794225922
152,5,10,150,58,0.0
153,5,10,150,58,0.0
154,5,10,150,58,0.06416923277158361
155,5,10,150,58,0.0
156,5,10,150,58,0.0
157,5,10,150,58,0.0
158,5,10,150,58,0.11017700922818752
159,5,10,150,58,0.23138144801632507
160,5,10,150,58,0.1719271394881576
161,5,10,150,58,0.0
162,5,10,150,58,0.0
163,5,10,150,58,0.0
164,5,10,150,58,0.0
165,5,10,150,58,0.0
167,5,10,150,58,0.05319635904163211
168,5,10,150,58,0.0
169,5,10,150,58,0.0
170,5,10,150,58,0.0
171,5,10,150,58,0.0
173,5,10,150,58,0.0
174,5,10,150,58,0.06784586495432565
175,5,10,150,58,0.21517910082405575
176,5,10,150,58,0.06289692884934815
177,5,10,150,58,0.38113435412202
178,5,10,150,58,0.12597398707460816
179,5,10,150,58,0.09149012142095872
180,5,10,150,58,0.06228974831361337
181,5,10,150,58,0.09913210981157927
182,5,10,150,58,0.0
183,5,10,150,58,0.15101961822780524
184,5,10,150,58,0.0
185,5,10,150,58,0.0
186,5,10,150,58,0.04633132539002164
187,5,10,150,58,0.0
188,5,10,150,58,0.12925733948536566
189,5,10,150,58,0.1622220746837199
190,5,10,150,58,0.0
192,5,10,150,58,0.123151194370365
193,5,10,150,58,0.0
194,5,10,150,58,0.02924951745434817
195,5,10,150,58,0.11787667935667444
196,5,10,150,58,0.0
197,5,10,150,58,0.09546043308946733
198,5,10,150,58,0.0
199,5,10,150,58,0.0
200,5,10,150,58,0.09785159463516042
201,5,10,150,58,0.0
202,5,10,150,58,0.10466868931043802
203,5,10,150,58,0.0
204,5,10,150,58,0.19519002499605084
205,5,10,150,58,0.0
206,5,10,150,58,0.0
207,5,10,150,58,0.038069204686089174
208,5,10,150,58,0.0
209,5,10,150,58,0.0
210,5,10,150,58,0.2167516193508568
211,5,10,150,58,0.0
213,5,10,150,58,0.15669163589836543
214,5,10,150,58,0.0
216,5,10,150,58,0.23813231172447274
217,5,10,150,58,0.0
218,5,10,150,58,0.0
219,5,10,150,58,0.0
221,5,10,150,58,0.0
222,5,10,150,58,0.1050995674008573
223,5,10,150,58,0.0
224,5,10,150,58,0.0
225,5,10,150,58,0.09077089626867633
226,5,10,150,58,0.19092086617893467
227,5,10,150,58,0.0
228,5,10,150,58,0.0
229,5,10,150,58,0.0
230,5,10,150,58,0.12683081539850163
231,5,10,150,58,0.0
232,5,10,150,58,0.03962341267285813
233,5,10,150,58,0.2699700016563489
234,5,10,150,58,0.09887660119080527
235,5,10,150,58,0.06692738060277027
236,5,10,150,58,0.0
237,5,10,150,58,0.19342640361727081
238,5,10,150,58,0.0
239,5,10,150,58,0.06912040963822193
240,5,10,150,58,0.12495636102304827
241,5,10,150,58,0.0
242,5,10,150,58,0.0
243,5,10,150,58,0.0
244,5,10,150,58,0.049712302565054066
245,5,10,150,58,0.0
246,5,10,150,58,0.0561326498270945
247,5,10,150,58,0.09472348220010487
248,5,10,150,58,0.09472348220010487
249,5,10,150,58,0.056720838976548935
250,5,10,150,58,0.0
251,5,10,150,58,0.13032376591037062
252,5,10,150,58,0.20184908658209985
253,5,10,150,58,0.05725248542464807
254,5,10,150,58,0.08514311764162098
255,5,10,150,58,0.0
256,5,10,150,58,0.038925970325304815
257,5,10,150,58,0.07984133538066794
258,5,10,150,58,0.0
259,5,10,150,58,0.1239740444869306
260,5,10,150,58,0.0
261,5,10,150,58,0.0
262,5,10,150,58,0.0
263,5,10,150,58,0.0956366800683804
264,5,10,150,58,0.0
265,5,10,150,58,0.0
266,5,10,150,58,0.0
267,5,10,150,58,0.17168372277322866
268,5,10,150,58,0.049712302565054066
269,5,10,150,58,0.052962244777770985
270,5,10,150,58,0.041641441310299704
271,5,10,150,58,0.13010624216828925
272,5,10,150,58,0.1702293778633033
273,5,10,150,58,0.0
274,5,10,150,58,0.0
275,5,10,150,58,0.0
276,5,10,150,58,0.15875999922826586
277,5,10,150,58,0.0
278,5,10,150,58,0.0
279,5,10,150,58,0.13251633524111026
280,5,10,150,58,0.16417286747746287
281,5,10,150,58,0.0
282,5,10,150,58,0.0
283,5,10,150,58,0.07028063830038406
284,5,10,150,58,0.0
285,5,10,150,58,0.0
286,5,10,150,58,0.0781170595969038
287,5,10,150,58,0.0
288,5,10,150,58,0.0859574327152926
289,5,10,150,58,0.16903020543979225
290,5,10,150,58,0.07834851647149511
291,5,10,150,58,0.07828167840727236
292,5,10,150,58,0.04224853374256244
293,5,10,150,58,0.07916644227981202
294,5,10,150,58,0.0
295,5,10,150,58,0.2603201838311303
296,5,10,150,58,0.13713660166967986
297,5,10,150,58,0.0
298,5,10,150,58,0.16915623549474385
299,5,10,150,58,0.0
300,5,10,150,58,0.0
301,5,10,150,58,0.06460801587741544
302,5,10,150,58,0.09224219235917257
303,5,10,150,58,0.07354269615643778
304,5,10,150,58,0.0
305,5,10,150,58,0.11349000778741654
306,5,10,150,58,0.0
307,5,10,150,58,0.10778915452451093
308,5,10,150,58,0.13490077762666258
310,5,10,150,58,0.0
311,5,10,150,58,0.13301422444853
312,5,10,150,58,0.1819616199123543
313,5,10,150,58,0.11270402374049442
314,5,10,150,58,0.16600564593053876
315,5,10,150,58,0.0
316,5,10,150,58,0.0
317,5,10,150,58,0.0
318,5,10,150,58,0.1642688369468948
319,5,10,150,58,0.0
320,5,10,150,58,0.13927874459665815
321,5,10,150,58,0.0
322,5,10,150,58,0.0
323,5,10,150,58,0.1610425878239398
324,5,10,150,58,0.0
325,5,10,150,58,0.09092803061897883
326,5,10,150,58,0.027288805847552652
327,5,10,150,58,0.025410386140327024
328,5,10,150,58,0.09206364236149692
329,5,10,150,58,0.0
330,5,10,150,58,0.1313681680695099
331,5,10,150,58,0.0
332,5,10,150,58,0.09320485889859448
334,5,10,150,58,0.02249061179923914
335,5,10,150,58,0.0
336,5,10,150,58,0.0780824078938463
337,5,10,150,58,0.0
338,5,10,150,58,0.07132875491150918
339,5,10,150,58,0.1664336467304897
340,5,10,150,58,0.0
341,5,10,150,58,0.0
342,5,10,150,58,0.3608742720986609
343,5,10,150,58,0.09229649639444802
344,5,10,150,58,0.1202034973803211
345,5,10,150,58,0.18015355216717013
346,5,10,150,58,0.04366879852493834
347,5,10,150,58,0.22280620320442554
348,5,10,150,58,0.0
349,5,10,150,58,0.0
350,5,10,150,58,0.058087171966128066
351,5,10,150,58,0.07977344912567227
352,5,10,150,58,0.1903601622684853
353,5,10,150,58,0.14434031438272124
354,5,10,150,58,0.06335619058732639
355,5,10,150,58,0.0
356,5,10,150,58,0.0
357,5,10,150,58,0.0
358,5,10,150,58,0.06364028872631156
359,5,10,150,58,0.3010299956639812
360,5,10,150,58,0.12982031659526816
361,5,10,150,58,0.09478836436955078
362,5,10,150,58,0.0
363,5,10,150,58,0.22463865489880525
364,5,10,150,58,0.0
365,5,10,150,58,0.0
366,5,10,150,58,0.0
367,5,10,150,58,0.0
368,5,10,150,58,0.0
369,5,10,150,58,0.0
370,5,10,150,58,0.0
371,5,10,150,58,0.19950301641376814
372,5,10,150,58,0.15130120674940672
373,5,10,150,58,0.22842722979011518
374,5,10,150,58,0.07472550252128253
375,5,10,150,58,0.0
376,5,10,150,58,0.0
377,5,10,150,58,0.0
378,5,10,150,58,0.13635638482251203
379,5,10,150,58,0.08433239722469389
380,5,10,150,58,0.0
381,5,10,150,58,0.0
382,5,10,150,58,0.09952375175972906
383,5,10,150,58,0.07822955820619495
384,5,10,150,58,0.0
385,5,10,150,58,0.0
386,5,10,150,58,0.0
387,5,10,150,58,0.08586571489348302
388,5,10,150,58,0.05789711601244791
389,5,10,150,58,0.09284203700798714
390,5,10,150,58,0.0
391,5,10,150,58,0.11245246430543061
392,5,10,150,58,0.1484702586346916
393,5,10,150,58,0.14831626207850976
394,5,10,150,58,0.16570616085215287
395,5,10,150,58,0.0
396,5,10,150,58,0.0
397,5,10,150,58,0.11004588314904008
398,5,10,150,58,0.28368572779044043
399,5,10,150,58,0.026175882249243814
400,5,10,150,58,0.0
401,5,10,150,58,0.02839245759615368
402,5,10,150,58,0.0
403,5,10,150,58,0.2529427027676571
404,5,10,150,58,0.0
405,5,10,150,58,0.03521855156028813
406,5,10,150,58,0.06360190926466157
407,5,10,150,58,0.09046795885890169
408,5,10,150,58,0.09983719697789138
409,5,10,150,58,0.05800611307095368
410,5,10,150,58,0.0
411,5,10,150,58,0.17342765698823945
412,5,10,150,58,0.0
413,5,10,150,58,0.0
414,5,10,150,58,0.21398626473452756
415,5,10,150,58,0.0
416,5,10,150,58,0.14637519139526847
417,5,10,150,58,0.11088189053445036
419,5,10,150,58,0.30260241349881345
420,5,10,150,58,0.05478392673173268
421,5,10,150,58,0.0
422,5,10,150,58,0.0
423,5,10,150,58,0.08440880858250024
424,5,10,150,58,0.0401239863376113
425,5,10,150,58,0.2082843711703412
426,5,10,150,58,0.13571943816109763
427,5,10,150,58,0.0
428,5,10,150,58,0.0
429,5,10,150,58,0.14041959417088476
430,5,10,150,58,0.1261446714466394
431,5,10,150,58,0.0
432,5,10,150,58,0.0
433,5,10,150,58,0.0
434,5,10,150,58,0.3903800499921017
435,5,10,150,58,0.09964084501257568
436,5,10,150,58,0.08868088264964148
437,5,10,150,58,0.22972973128433707
438,5,10,150,58,0.0
439,5,10,150,58,0.0
440,5,10,150,58,0.06175696970122604
441,5,10,150,58,0.0
442,5,10,150,58,0.0
443,5,10,150,58,0.0
445,5,10,150,58,0.0
446,5,10,150,58,0.0
447,5,10,150,58,0.2726897692124621
448,5,10,150,58,0.0
449,5,10,150,58,0.07784399437297408
450,5,10,150,58,0.22640083277136241
451,5,10,150,58,0.0
452,5,10,150,58,0.07830573469972951
453,5,10,150,58,0.029956785715628154
454,5,10,150,58,0.060700497476813886
455,5,10,150,58,0.022804826018406204
456,5,10,150,58,0.07758828619721583
457,5,10,150,58,0.29418445531213994
458,5,10,150,58,0.04507276838148142
459,5,10,150,58,0.0
460,5,10,150,58,0.0
461,5,10,150,58,0.0
462,5,10,150,58,0.0
463,5,10,150,58,0.0
464,5,10,150,58,0.0
465,5,10,150,58,0.0
466,5,10,150,58,0.03947525607388688
467,5,10,150,58,0.1436337620239326
468,5,10,150,58,0.25116683884278784
469,5,10,150,58,0.0
470,5,10,150,58,0.0
471,5,10,150,58,0.0
472,5,10,150,58,0.13139503164087882
473,5,10,150,58,0.08754031530847717
474,5,10,150,58,0.30076261759159395
475,5,10,150,58,0.06516188295518531
476,5,10,150,58,0.0
477,5,10,150,58,0.055100238151135045
478,5,10,150,58,0.23782833255689273
479,5,10,150,58,0.07834096783470737
480,5,10,150,58,0.21398626473452756
481,5,10,150,58,0.13863671367752411
482,5,10,150,58,0.0
483,5,10,150,58,0.06912040963822193
484,5,10,150,58,0.09353062527112192
485,5,10,150,58,0.0
486,5,10,150,58,0.10311241692162332
487,5,10,150,58,0.19674990380650584
488,5,10,150,58,0.0
489,5,10,150,58,0.0
490,5,10,150,58,0.0
491,5,10,150,58,0.19092086617893467
492,5,10,150,58,0.12471554514794539
493,5,10,150,58,0.0332568859495131
494,5,10,150,58,0.038069204686089174
495,5,10,150,58,0.11868174655260626
496,5,10,150,58,0.05459112561892713
497,5,10,150,58,0.04285286422081118
498,5,10,150,58,0.03855307727568851
499,5,10,150,58,0.1912282106369008
500,5,10,150,58,0.05011951520627559
501,5,10,150,58,0.0
502,5,10,150,58,0.06364028872631156
503,5,10,150,58,0.2114707128475192
504,5,10,150,58,0.0
505,5,10,150,58,0.0
506,5,10,150,58,0.10589517949214913
507,5,10,150,58,0.0
508,5,10,150,58,0.0
509,5,10,150,58,0.06474271459046577
510,5,10,150,58,0.0
511,5,10,150,58,0.0
512,5,10,150,58,0.18316925091363362
513,5,10,150,58,0.0
514,5,10,150,58,0.10595566933616397
515,5,10,150,58,0.0
516,5,10,150,58,0.13768197790533618
517,5,10,150,58,0.042259191411409554
518,5,10,150,58,0.0
519,5,10,150,58,0.038800293177871176
520,5,10,150,58,0.0
521,5,10,150,58,0.0
522,5,10,150,58,0.0
523,5,10,150,58,0.0316088333445714
524,5,10,150,58,0.09006868309608587
525,5,10,150,58,0.0
526,5,10,150,58,0.06235626924550528
527,5,10,150,58,0.14943863047793596
528,5,10,150,58,0.14110144150616766
529,5,10,150,58,0.07064774175419336
530,5,10,150,58,0.0
531,5,10,150,58,0.0
532,5,10,150,58,0.04774713204658456
533,5,10,150,58,0.12731562344278502
534,5,10,150,58,0.07450923581469894
535,5,10,150,58,0.2871959083713276
536,5,10,150,58,0.23620378562439379
537,5,10,150,58,0.40003390941523936
538,5,10,150,58,0.0
539,5,10,150,58,0.1560067947598593
540,5,10,150,58,0.0
541,5,10,150,58,0.1448454408452497
542,5,10,150,58,0.12627825946936164
543,5,10,150,58,0.0
544,5,10,150,58,0.07631352592005593
545,5,10,150,58,0.052962244777770985
546,5,10,150,58,0.15314106296495628
547,5,10,150,58,0.0
548,5,10,150,58,0.05336341632593696
549,5,10,150,58,0.0
550,5,10,150,58,0.13436217909546777
551,5,10,150,58,0.26526328592893883
552,5,10,150,58,0.0
553,5,10,150,58,0.16102243342487008
554,5,10,150,58,0.16600564593053876
555,5,10,150,58,0.0
556,5,10,150,58,0.08876245163110816
557,5,10,150,58,0.053894577262255466
558,5,10,150,58,0.0
559,5,10,150,58,0.0734773909038217
560,5,10,150,58,0.2179777837196921
561,5,10,150,58,0.0
562,5,10,150,58,0.034743705427429224
563,5,10,150,58,0.0
564,5,10,150,58,0.0
565,5,10,150,58,0.18568675205192314
566,5,10,150,58,0.13665387068436016
567,5,10,150,58,0.13463074517970205
568,5,10,150,58,0.057107346298225524
569,5,10,150,58,0.0336639187988199
570,5,10,150,58,0.0
571,5,10,150,58,0.0
572,5,10,150,58,0.058995070558427745
573,5,10,150,58,0.0
574,5,10,150,58,0.04185567464896701
575,5,10,150,58,0.0
576,5,10,150,58,0.17342765698823945
577,5,10,150,58,0.20619661189599137
578,5,10,150,58,0.09818998961169394
579,5,10,150,58,0.0
580,5,10,150,58,0.16049923379569733
581,5,10,150,58,0.0
582,5,10,150,58,0.028361369701356044
583,5,10,150,58,0.04579340374561851
584,5,10,150,58,0.0
585,5,10,150,58,0.0
586,5,10,150,58,0.07482758161941112
587,5,10,150,58,0.0
588,5,10,150,58,0.19986322535792533
589,5,10,150,58,0.0
590,5,10,150,58,0.18511573258657482
591,5,10,150,58,0.15758427078022966
592,5,10,150,58,0.249578603639499
593,5,10,150,58,0.15257268888187236
594,5,10,150,58,0.0843142342558857
595,5,10,150,58,0.0
596,5,10,150,58,0.0
597,5,10,150,58,0.0
598,5,10,150,58,0.11752277470724268
599,5,10,150,58,0.16402353420682853
600,5,10,150,58,0.0
601,5,10,150,58,0.026557570376145638
602,5,10,150,58,0.0
603,5,10,150,58,0.06194403202282284
604,5,10,150,58,0.0
605,5,10,150,58,0.10589838376326657
606,5,10,150,58,0.2138150508755678
607,5,10,150,58,0.0
608,5,10,150,58,0.126140293880171
609,5,10,150,58,0.11838279295536291
610,5,10,150,58,0.029785542524894418
611,5,10,150,58,0.03927158715985786
612,5,10,150,58,0.0
613,5,10,150,58,0.2049174583553662
614,5,10,150,58,0.13886244387355454
615,5,10,150,58,0.08391725636078755
616,5,10,150,58,0.09781579202094404
617,5,10,150,58,0.03804989622115975
618,5,10,150,58,0.13693830900397266
619,5,10,150,58,0.1303945739341477
620,5,10,150,58,0.12742349901908787
621,5,10,150,58,0.13589759152345549
622,5,10,150,58,0.10260101608427634
623,5,10,150,58,0.050143326786652107
624,5,10,150,58,0.019160322430058573
625,5,10,150,58,0.0
626,5,10,150,58,0.04690797720830594
627,5,10,150,58,0.04289205981312439
628,5,10,150,58,0.0
629,5,10,150,58,0.1814524963780846
630,5,10,150,58,0.09942460513010813
631,5,10,150,58,0.09240791929215005
632,5,10,150,58,0.31631217683169366
633,5,10,150,58,0.0455520698635181
634,5,10,150,58,0.023756977677906275
635,5,10,150,58,0.039407921945699885
636,5,10,150,58,0.0
637,5,10,150,58,0.0
638,5,10,150,58,0.15473934503245962
639,5,10,150,58,0.0
640,5,10,150,58,0.0637867864178444
641,5,10,150,58,0.03570665676503816
642,5,10,150,58,0.1133528847670082
643,5,10,150,58,0.15031592367651372
644,5,10,150,58,0.0
645,5,10,150,58,0.1856947245529553
646,5,10,150,58,0.0
647,5,10,150,58,0.03673869545191085
648,5,10,150,58,0.06750374317341762
649,5,10,150,58,0.0
650,5,10,150,58,0.07516344975647556
651,5,10,150,58,0.0
652,5,10,150,58,0.0
653,5,10,150,58,0.052196975540396325
654,5,10,150,58,0.17020900230175445
655,5,10,150,58,0.28064402426658974
656,5,10,150,58,0.0
657,5,10,150,58,0.053845569940583225
658,5,10,150,58,0.0
659,5,10,150,58,0.07075240780563574
660,5,10,150,58,0.0
661,5,10,150,58,0.12705991527984942
662,5,10,150,58,0.0
663,5,10,150,58,0.07874514948204092
664,5,10,150,58,0.05391021349625259
665,5,10,150,58,0.0
666,5,10,150,58,0.07860744541237058
667,5,10,150,58,0.23495437216186538
668,5,10,150,58,0.0
669,5,10,150,58,0.25001448888650357
670,5,10,150,58,0.15539533467551025
671,5,10,150,58,0.17434206503696043
672,5,10,150,58,0.0
673,5,10,150,58,0.0
674,5,10,150,58,0.0
675,5,10,150,58,0.05010834716923557
676,5,10,150,58,0.0
677,5,10,150,58,0.03927489746221688
678,5,10,150,58,0.0
679,5,10,150,58,0.26970586372388394
680,5,10,150,58,0.2073612289146658
681,5,10,150,58,0.0
682,5,10,150,58,0.11301592411110302
683,5,10,150,58,0.06289349548893712
684,5,10,150,58,0.0
685,5,10,150,58,0.0
686,5,10,150,58,0.08962483220812449
687,5,10,150,58,0.0
688,5,10,150,58,0.0
689,5,10,150,58,0.32436268379537736
690,5,10,150,58,0.0
691,5,10,150,58,0.0
692,5,10,150,58,0.0
693,5,10,150,58,0.0
694,5,10,150,58,0.20269611984358588
695,5,10,150,58,0.031112565128707144
696,5,10,150,58,0.12935879342602336
697,5,10,150,58,0.06378035696304758
698,5,10,150,58,0.09499131598480672
699,5,10,150,58,0.0
700,5,10,150,58,0.16958010263680806
701,5,10,150,58,0.04129602134854855
702,5,10,150,58,0.0
703,5,10,150,58,0.03870447337439288
704,5,10,150,58,0.09986079379105446
705,5,10,150,58,0.18775788588526962
706,5,10,150,58,0.0
707,5,10,150,58,0.1094691825238894
708,5,10,150,58,0.06058075640309377
709,5,10,150,58,0.10371915894912967
710,5,10,150,58,0.05710411178654767
711,5,10,150,58,0.14431653919064127
712,5,10,150,58,0.12435918123916344
713,5,10,150,58,0.0
714,5,10,150,58,0.04195229264874745
715,5,10,150,58,0.07261309108674657
716,5,10,150,58,0.17113271501892868
717,5,10,150,58,0.18940567332300148
718,5,10,150,58,0.14061157344379913
719,5,10,150,58,0.13839707910804644
720,5,10,150,58,0.05261577455142312
721,5,10,150,58,0.13816096658946317
722,5,10,150,58,0.0
723,5,10,150,58,0.0
724,5,10,150,58,0.0
725,5,10,150,58,0.05750402108673013
726,5,10,150,58,0.2529427027676571
727,5,10,150,58,0.0946643560354438
728,5,10,150,58,0.0
729,5,10,150,58,0.0
730,5,10,150,58,0.0
731,5,10,150,58,0.04466441818602386
732,5,10,150,58,0.0
733,5,10,150,58,0.0
734,5,10,150,58,0.0655813061736612
735,5,10,150,58,0.0
736,5,10,150,58,0.0
737,5,10,150,58,0.16282663249631943
738,5,10,150,58,0.2632431729022225
739,5,10,150,58,0.0
740,5,10,150,58,0.0
741,5,10,150,58,0.10965210684801945
742,5,10,150,58,0.04553761034739079
743,5,10,150,58,0.0814476682319001
744,5,10,150,58,0.08878770367712427
745,5,10,150,58,0.3682049230943936
746,5,10,150,58,0.11450296808588954
747,5,10,150,58,0.382990755077624
748,5,10,150,58,0.1946257849561795
749,5,10,150,58,0.13869449572695428
750,5,10,150,58,0.07219614103266732
751,5,10,150,58,0.08387405199623103
752,5,10,150,58,0.020210299806331135
753,5,10,150,58,0.15406810205846871
754,5,10,150,58,0.0
755,5,10,150,58,0.03412020403969171
756,5,10,150,58,0.05421299273764631
757,5,10,150,58,0.04151675172190885
758,5,10,150,58,0.22188490773229713
759,5,10,150,58,0.038281751104512325
760,5,10,150,58,0.11447590313611888
761,5,10,150,58,0.03339755935325358
762,5,10,150,58,0.11568388634051256
763,5,10,150,58,0.20859185628046678
764,5,10,150,58,0.08207588022692468
765,5,10,150,58,0.0
766,5,10,150,58,0.050541549839211865
767,5,10,150,58,0.2073612289146658
768,5,10,150,58,0.07655078846581868
769,5,10,150,58,0.0
770,5,10,150,58,0.04692206785373726
771,5,10,150,58,0.19449231038235978
772,5,10,150,58,0.03353522641880846
773,5,10,150,58,0.08236155615232364
774,5,10,150,58,0.04365598948577446
775,5,10,150,58,0.0
776,5,10,150,58,0.0949413284627631
777,5,10,150,58,0.14445412169961394
778,5,10,150,58,0.0
779,5,10,150,58,0.05878132199396477
780,5,10,150,58,0.07751937086606239
781,5,10,150,58,0.21898681539091044
782,5,10,150,58,0.013443605663219324
783,5,10,150,58,0.0
784,5,10,150,58,0.0
785,5,10,150,58,0.048159222084064895
786,5,10,150,58,0.13370327844286975
787,5,10,150,58,0.0683037314796457
788,5,10,150,58,0.18787300477737673
789,5,10,150,58,0.059109628562248356
790,5,10,150,58,0.07038316814919122
791,5,10,150,58,0.0
792,5,10,150,58,0.0
793,5,10,150,58,0.0
794,5,10,150,58,0.22201254783236782
795,5,10,150,58,0.10337589502805121
796,5,10,150,58,0.38142486495874883
797,5,10,150,58,0.09030583455080088
798,5,10,150,58,0.10424927260313024
799,5,10,150,58,0.0
800,5,10,150,58,0.0
801,5,10,150,58,0.03096677356901516
802,5,10,150,58,0.030863419558816
803,5,10,150,58,0.0
804,5,10,150,58,0.18311957662857786
805,5,10,150,58,0.1281348286090134
806,5,10,150,58,0.15030758119363485
807,5,10,150,58,0.20934790997256875
808,5,10,150,58,0.040655755922716606
809,5,10,150,58,0.03773288468728257
810,5,10,150,58,0.0
811,5,10,150,58,0.0
812,5,10,150,58,0.0
813,5,10,150,58,0.17367331957930765
814,5,10,150,58,0.09144287629100999
815,5,10,150,58,0.2602403226463462
816,5,10,150,58,0.08005612702969578
817,5,10,150,58,0.0
818,5,10,150,58,0.0
819,5,10,150,58,0.15575997463127336
820,5,10,150,58,0.041641441310299704
821,5,10,150,58,0.1716292605492022
822,5,10,150,58,0.0
823,5,10,150,58,0.3344120062322403
824,5,10,150,58,0.0
825,5,10,150,58,0.09136957133565336
826,5,10,150,58,0.0956022175683246
827,5,10,150,58,0.0
828,5,10,150,58,0.07244745602732354
829,5,10,150,58,0.146125692125401
830,5,10,150,58,0.10053254151308513
831,5,10,150,58,0.18383471536304422
832,5,10,150,58,0.041355644490859725
833,5,10,150,58,0.1550275732151742
834,5,10,150,58,0.020919434760060668
835,5,10,150,58,0.082546902593288
836,5,10,150,58,0.10882945376944808
837,5,10,150,58,0.0
838,5,10,150,58,0.14570435926304814
839,5,10,150,58,0.05646784228340616
840,5,10,150,58,0.32449335272483965
841,5,10,150,58,0.0
842,5,10,150,58,0.03314153504336938
843,5,10,150,58,0.10978254486330395
844,5,10,150,58,0.14767302746812566
845,5,10,150,58,0.0
846,5,10,150,58,0.3063837447910897
847,5,10,150,58,0.0
848,5,10,150,58,0.09631229228193113
849,5,10,150,58,0.08280898853927336
850,5,10,150,58,0.20069031232476098
851,5,10,150,58,0.27035389711656455
852,5,10,150,58,0.0
853,5,10,150,58,0.0
854,5,10,150,58,0.1766278197621728
855,5,10,150,58,0.0
856,5,10,150,58,0.031742154565302834
857,5,10,150,58,0.0
858,5,10,150,58,0.0
859,5,10,150,58,0.0
860,5,10,150,58,0.0
861,5,10,150,58,0.12001290632387755
862,5,10,150,58,0.23279869312517446
863,5,10,150,58,0.0
864,5,10,150,58,0.3026138055215674
865,5,10,150,58,0.0
866,5,10,150,58,0.12374681498530773
867,5,10,150,58,0.27550905731686676
868,5,10,150,58,0.13289256455176512
869,5,10,150,58,0.09414478450656023
870,5,10,150,58,0.11964718463039437
871,5,10,150,58,0.22160652373114856
872,5,10,150,58,0.01624882666837855
873,5,10,150,58,0.0
874,5,10,150,58,0.06575393297476358
875,5,10,150,58,0.22155784660169645
876,5,10,150,58,0.0
877,5,10,150,58,0.03487978243545732
878,5,10,150,58,0.04768256196321123
879,5,10,150,58,0.07180913162424091
880,5,10,150,58,0.3527760624697641
881,5,10,150,58,0.3171669206565613
882,5,10,150,58,0.3012588155970702
883,5,10,150,58,0.35364701025785455
884,5,10,150,58,0.028767091820622218
885,5,10,150,58,0.10709607345972089
886,5,10,150,58,0.19393478515280718
887,5,10,150,58,0.1417970322261034
888,5,10,150,58,0.0
889,5,10,150,58,0.25500561010350764
890,5,10,150,58,0.3034903019392919
891,5,10,150,58,0.09013275514532934
892,5,10,150,58,0.39684859831516484
893,5,10,150,58,0.05014695371369417
894,5,10,150,58,0.23296788692805528
895,5,10,150,58,0.0
896,5,10,150,58,0.3974840591758239
897,5,10,150,58,0.23135996498094422
898,5,10,150,58,0.0
899,5,10,150,58,0.17930235953906665
900,5,10,150,58,0.07027548980333784
901,5,10,150,58,0.2580610511878102
902,5,10,150,58,0.025255271126572616
903,5,10,150,58,0.382706509887708
904,5,10,150,58,0.0
905,5,10,150,58,0.08773956418811966
906,5,10,150,58,0.0
907,5,10,150,58,0.19314640184445336
908,5,10,150,58,0.19230103681757216
909,5,10,150,58,0.0
910,5,10,150,58,0.14111581018360284
911,5,10,150,58,0.06036065409602351
912,5,10,150,58,0.09835918088209537
913,5,10,150,58,0.19249924772581015
914,5,10,150,58,0.0
915,5,10,150,58,0.0
916,5,10,150,58,0.22797051679024455
917,5,10,150,58,0.019845431127916993
918,5,10,150,58,0.026251500572877468
919,5,10,150,58,0.13840568659724492
920,5,10,150,58,0.26814570941777965
921,5,10,150,58,0.02709278635527912
922,5,10,150,58,0.14499072927666454
923,5,10,150,58,0.03997048965522762
924,5,10,150,58,0.10476875172292892
925,5,10,150,58,0.039791360812020615
926,5,10,150,58,0.18690891198435525
927,5,10,150,58,0.10969396962514283
928,5,10,150,58,0.2047606321191804
929,5,10,150,58,0.0753982504991096
930,5,10,150,58,0.12668740771092546
931,5,10,150,58,0.059539365700728666
932,5,10,150,58,0.38203783761779503
933,5,10,150,58,0.0570958561867199
934,5,10,150,58,0.20850947257219427
935,5,10,150,58,0.043888403129016776
936,5,10,150,58,0.12604525791877136
937,5,10,150,58,0.09560624946230661
938,5,10,150,58,0.09922386066222154
939,5,10,150,58,0.05231692143384187
940,5,10,150,58,0.10355470086456446
941,5,10,150,58,0.17060921827860473
942,5,10,150,58,0.09756486989026425
943,5,10,150,58,0.19145052719788586
1,5,10,150,59,0.4058715898896693
2,5,10,150,59,0.14433828292945616
3,5,10,150,59,0.08759200575528697
4,5,10,150,59,0.0
5,5,10,150,59,0.04470486007704452
6,5,10,150,59,0.04187254809446048
7,5,10,150,59,0.20711452932119445
8,5,10,150,59,0.0
9,5,10,150,59,0.0
10,5,10,150,59,0.3005733545514552
11,5,10,150,59,0.03947525607388688
12,5,10,150,59,0.14632177291384774
13,5,10,150,59,0.24256092752724764
14,5,10,150,59,0.18795160328752808
15,5,10,150,59,0.0
16,5,10,150,59,0.19107502160562695
17,5,10,150,59,0.0
18,5,10,150,59,0.17872418048185143
19,5,10,150,59,0.0
20,5,10,150,59,0.13743816645714543
21,5,10,150,59,0.15232559003472054
22,5,10,150,59,0.040815803121742565
23,5,10,150,59,0.10387012192613786
24,5,10,150,59,0.08835266840320231
25,5,10,150,59,0.23940867474021393
26,5,10,150,59,0.0
27,5,10,150,59,0.0
28,5,10,150,59,0.052106753859569234
30,5,10,150,59,0.08133484538841967
31,5,10,150,59,0.11164668500969883
32,5,10,150,59,0.19519002499605084
33,5,10,150,59,0.0
34,5,10,150,59,0.0
35,5,10,150,59,0.0
37,5,10,150,59,0.08177471774917201
38,5,10,150,59,0.0
39,5,10,150,59,0.0
40,5,10,150,59,0.0
41,5,10,150,59,0.06835476917178976
42,5,10,150,59,0.08850778826764391
43,5,10,150,59,0.0
44,5,10,150,59,0.29540493557662006
45,5,10,150,59,0.0
46,5,10,150,59,0.0
47,5,10,150,59,0.0
48,5,10,150,59,0.07028063830038406
49,5,10,150,59,0.05432573058142762
52,5,10,150,59,0.0
53,5,10,150,59,0.0
54,5,10,150,59,0.0
55,5,10,150,59,0.0
56,5,10,150,59,0.11781210270929884
57,5,10,150,59,0.1318392860374695
58,5,10,150,59,0.40256699612340546
59,5,10,150,59,0.19233148606048747
60,5,10,150,59,0.1076743759411119
61,5,10,150,59,0.0
62,5,10,150,59,0.09586820699422145
63,5,10,150,59,0.0
64,5,10,150,59,0.04759023790187059
65,5,10,150,59,0.2342550150352983
66,5,10,150,59,0.06636133566432367
67,5,10,150,59,0.0
68,5,10,150,59,0.0
69,5,10,150,59,0.0
70,5,10,150,59,0.0
71,5,10,150,59,0.20758456043036028
72,5,10,150,59,0.10990826949013655
73,5,10,150,59,0.10052888926242022
74,5,10,150,59,0.0
75,5,10,150,59,0.0
76,5,10,150,59,0.10633668103022985
77,5,10,150,59,0.14247142730086715
78,5,10,150,59,0.0
79,5,10,150,59,0.0
80,5,10,150,59,0.0
81,5,10,150,59,0.08878770367712427
82,5,10,150,59,0.03187578878809277
83,5,10,150,59,0.07414861528507455
84,5,10,150,59,0.07550980911390262
85,5,10,150,59,0.04734112273659951
86,5,10,150,59,0.0
87,5,10,150,59,0.16641625059082407
88,5,10,150,59,0.18920035951687003
89,5,10,150,59,0.0
90,5,10,150,59,0.1707098375184088
91,5,10,150,59,0.0
92,5,10,150,59,0.03369782041898502
93,5,10,150,59,0.0
94,5,10,150,59,0.12253429761719764
95,5,10,150,59,0.07849567312219397
96,5,10,150,59,0.0
97,5,10,150,59,0.0
98,5,10,150,59,0.0
99,5,10,150,59,0.09641171098317775
100,5,10,150,59,0.0
101,5,10,150,59,0.0
102,5,10,150,59,0.0
103,5,10,150,59,0.0
104,5,10,150,59,0.33958467175585033
105,5,10,150,59,0.0
106,5,10,150,59,0.06516188295518531
107,5,10,150,59,0.0
109,5,10,150,59,0.16563719724029594
110,5,10,150,59,0.0
111,5,10,150,59,0.0
112,5,10,150,59,0.07807600999842033
113,5,10,150,59,0.0
114,5,10,150,59,0.08274602130532002
115,5,10,150,59,0.04001677477281075
116,5,10,150,59,0.0
117,5,10,150,59,0.0
118,5,10,150,59,0.16958010263680806
119,5,10,150,59,0.05891155956989184
120,5,10,150,59,0.0
121,5,10,150,59,0.13032376591037062
122,5,10,150,59,0.0
123,5,10,150,59,0.13720340769293682
124,5,10,150,59,0.0
125,5,10,150,59,0.05446333035917803
126,5,10,150,59,0.0
128,5,10,150,59,0.0
129,5,10,150,59,0.0
130,5,10,150,59,0.15174952279352721
131,5,10,150,59,0.0
132,5,10,150,59,0.0
133,5,10,150,59,0.0
134,5,10,150,59,0.0
135,5,10,150,59,0.0
136,5,10,150,59,0.0
137,5,10,150,59,0.1137075481082292
138,5,10,150,59,0.0976168253917686
139,5,10,150,59,0.10466868931043802
140,5,10,150,59,0.0
141,5,10,150,59,0.04733244938590725
142,5,10,150,59,0.0
143,5,10,150,59,0.0
144,5,10,150,59,0.0
145,5,10,150,59,0.17597149971119974
146,5,10,150,59,0.0
147,5,10,150,59,0.0
148,5,10,150,59,0.06916902856231065
149,5,10,150,59,0.0
150,5,10,150,59,0.2640681225725909
151,5,10,150,59,0.1026571794225922
152,5,10,150,59,0.0
153,5,10,150,59,0.0
154,5,10,150,59,0.06416923277158361
155,5,10,150,59,0.0
156,5,10,150,59,0.0
157,5,10,150,59,0.0
158,5,10,150,59,0.11017700922818752
159,5,10,150,59,0.23138144801632507
160,5,10,150,59,0.1719271394881576
161,5,10,150,59,0.0
162,5,10,150,59,0.0
163,5,10,150,59,0.0
164,5,10,150,59,0.0
165,5,10,150,59,0.0
167,5,10,150,59,0.05319635904163211
168,5,10,150,59,0.0
169,5,10,150,59,0.0
170,5,10,150,59,0.0
171,5,10,150,59,0.0
173,5,10,150,59,0.0
174,5,10,150,59,0.06784586495432565
175,5,10,150,59,0.21517910082405575
176,5,10,150,59,0.06289692884934815
177,5,10,150,59,0.38113435412202
178,5,10,150,59,0.12597398707460816
179,5,10,150,59,0.09149012142095872
180,5,10,150,59,0.06228974831361337
181,5,10,150,59,0.09913210981157927
182,5,10,150,59,0.0
183,5,10,150,59,0.15101961822780524
184,5,10,150,59,0.0
185,5,10,150,59,0.0
186,5,10,150,59,0.04633132539002164
187,5,10,150,59,0.0
188,5,10,150,59,0.12925733948536566
189,5,10,150,59,0.18890011590178235
190,5,10,150,59,0.0
192,5,10,150,59,0.123151194370365
193,5,10,150,59,0.0
194,5,10,150,59,0.02924951745434817
195,5,10,150,59,0.11787667935667444
196,5,10,150,59,0.0
197,5,10,150,59,0.09546043308946733
198,5,10,150,59,0.0
199,5,10,150,59,0.0
200,5,10,150,59,0.09785159463516042
201,5,10,150,59,0.0
202,5,10,150,59,0.10466868931043802
203,5,10,150,59,0.0
204,5,10,150,59,0.19519002499605084
205,5,10,150,59,0.0
206,5,10,150,59,0.0
207,5,10,150,59,0.038069204686089174
208,5,10,150,59,0.0
209,5,10,150,59,0.0
210,5,10,150,59,0.2167516193508568
211,5,10,150,59,0.0
213,5,10,150,59,0.15669163589836543
214,5,10,150,59,0.0
216,5,10,150,59,0.23813231172447274
217,5,10,150,59,0.0
218,5,10,150,59,0.0
219,5,10,150,59,0.0
221,5,10,150,59,0.0
222,5,10,150,59,0.1050995674008573
223,5,10,150,59,0.0
224,5,10,150,59,0.0
225,5,10,150,59,0.09077089626867633
226,5,10,150,59,0.19092086617893467
227,5,10,150,59,0.0
228,5,10,150,59,0.0
229,5,10,150,59,0.0
230,5,10,150,59,0.12683081539850163
231,5,10,150,59,0.0
232,5,10,150,59,0.03962341267285813
233,5,10,150,59,0.2699700016563489
234,5,10,150,59,0.09887660119080527
235,5,10,150,59,0.06692738060277027
236,5,10,150,59,0.0
237,5,10,150,59,0.19342640361727081
238,5,10,150,59,0.0
239,5,10,150,59,0.06912040963822193
240,5,10,150,59,0.12495636102304827
241,5,10,150,59,0.0
242,5,10,150,59,0.0
243,5,10,150,59,0.0
244,5,10,150,59,0.049712302565054066
245,5,10,150,59,0.0
246,5,10,150,59,0.0561326498270945
247,5,10,150,59,0.09472348220010487
248,5,10,150,59,0.09472348220010487
249,5,10,150,59,0.056720838976548935
250,5,10,150,59,0.0
251,5,10,150,59,0.13032376591037062
252,5,10,150,59,0.20184908658209985
253,5,10,150,59,0.1084812001944431
254,5,10,150,59,0.08514311764162098
255,5,10,150,59,0.0
256,5,10,150,59,0.038925970325304815
257,5,10,150,59,0.07984133538066794
258,5,10,150,59,0.0
259,5,10,150,59,0.1239740444869306
260,5,10,150,59,0.0
261,5,10,150,59,0.0
262,5,10,150,59,0.0
263,5,10,150,59,0.0956366800683804
264,5,10,150,59,0.0
265,5,10,150,59,0.0
266,5,10,150,59,0.0
267,5,10,150,59,0.17168372277322866
268,5,10,150,59,0.049712302565054066
269,5,10,150,59,0.052962244777770985
270,5,10,150,59,0.041641441310299704
271,5,10,150,59,0.13010624216828925
272,5,10,150,59,0.1702293778633033
273,5,10,150,59,0.0
274,5,10,150,59,0.0
275,5,10,150,59,0.0
276,5,10,150,59,0.15875999922826586
277,5,10,150,59,0.0
278,5,10,150,59,0.0
279,5,10,150,59,0.14661584523264445
280,5,10,150,59,0.16417286747746287
281,5,10,150,59,0.0
282,5,10,150,59,0.0
283,5,10,150,59,0.07028063830038406
284,5,10,150,59,0.0
285,5,10,150,59,0.0
286,5,10,150,59,0.0781170595969038
287,5,10,150,59,0.0
288,5,10,150,59,0.0859574327152926
289,5,10,150,59,0.16903020543979225
290,5,10,150,59,0.07834851647149511
291,5,10,150,59,0.07828167840727236
292,5,10,150,59,0.04224853374256244
293,5,10,150,59,0.07916644227981202
294,5,10,150,59,0.0
295,5,10,150,59,0.2603201838311303
296,5,10,150,59,0.13713660166967986
297,5,10,150,59,0.0
298,5,10,150,59,0.16915623549474385
299,5,10,150,59,0.0
300,5,10,150,59,0.0
301,5,10,150,59,0.06460801587741544
302,5,10,150,59,0.09224219235917257
303,5,10,150,59,0.07354269615643778
304,5,10,150,59,0.0
305,5,10,150,59,0.11349000778741654
306,5,10,150,59,0.0
307,5,10,150,59,0.10778915452451093
308,5,10,150,59,0.13490077762666258
310,5,10,150,59,0.0
311,5,10,150,59,0.13301422444853
312,5,10,150,59,0.1819616199123543
313,5,10,150,59,0.11270402374049442
314,5,10,150,59,0.16600564593053876
315,5,10,150,59,0.0
316,5,10,150,59,0.0
317,5,10,150,59,0.0
318,5,10,150,59,0.1642688369468948
319,5,10,150,59,0.0
320,5,10,150,59,0.13927874459665815
321,5,10,150,59,0.0
322,5,10,150,59,0.0
323,5,10,150,59,0.1610425878239398
324,5,10,150,59,0.0
325,5,10,150,59,0.09092803061897883
326,5,10,150,59,0.027288805847552652
327,5,10,150,59,0.025410386140327024
328,5,10,150,59,0.09206364236149692
329,5,10,150,59,0.0
330,5,10,150,59,0.1313681680695099
331,5,10,150,59,0.0
332,5,10,150,59,0.09320485889859448
334,5,10,150,59,0.02249061179923914
335,5,10,150,59,0.0
336,5,10,150,59,0.0780824078938463
337,5,10,150,59,0.0
338,5,10,150,59,0.07132875491150918
339,5,10,150,59,0.1664336467304897
340,5,10,150,59,0.0
341,5,10,150,59,0.0
342,5,10,150,59,0.3608742720986609
343,5,10,150,59,0.09229649639444802
344,5,10,150,59,0.1202034973803211
345,5,10,150,59,0.18015355216717013
346,5,10,150,59,0.04366879852493834
347,5,10,150,59,0.22280620320442554
348,5,10,150,59,0.0
349,5,10,150,59,0.0
350,5,10,150,59,0.058087171966128066
351,5,10,150,59,0.07977344912567227
352,5,10,150,59,0.1903601622684853
353,5,10,150,59,0.14434031438272124
354,5,10,150,59,0.06335619058732639
355,5,10,150,59,0.0
356,5,10,150,59,0.0
357,5,10,150,59,0.0
358,5,10,150,59,0.06364028872631156
359,5,10,150,59,0.3010299956639812
360,5,10,150,59,0.12982031659526816
361,5,10,150,59,0.09478836436955078
362,5,10,150,59,0.0
363,5,10,150,59,0.24101654828754165
364,5,10,150,59,0.0
365,5,10,150,59,0.0
366,5,10,150,59,0.0
367,5,10,150,59,0.0
368,5,10,150,59,0.0
369,5,10,150,59,0.0
370,5,10,150,59,0.0
371,5,10,150,59,0.19950301641376814
372,5,10,150,59,0.15130120674940672
373,5,10,150,59,0.22842722979011518
374,5,10,150,59,0.07472550252128253
375,5,10,150,59,0.0
376,5,10,150,59,0.0
377,5,10,150,59,0.0
378,5,10,150,59,0.13635638482251203
379,5,10,150,59,0.08433239722469389
380,5,10,150,59,0.0
381,5,10,150,59,0.0
382,5,10,150,59,0.09952375175972906
383,5,10,150,59,0.07822955820619495
384,5,10,150,59,0.0
385,5,10,150,59,0.0
386,5,10,150,59,0.0
387,5,10,150,59,0.08586571489348302
388,5,10,150,59,0.05789711601244791
389,5,10,150,59,0.09284203700798714
390,5,10,150,59,0.0
391,5,10,150,59,0.11245246430543061
392,5,10,150,59,0.1484702586346916
393,5,10,150,59,0.14831626207850976
394,5,10,150,59,0.16570616085215287
395,5,10,150,59,0.0
396,5,10,150,59,0.0
397,5,10,150,59,0.11004588314904008
398,5,10,150,59,0.28368572779044043
399,5,10,150,59,0.026175882249243814
400,5,10,150,59,0.0
401,5,10,150,59,0.02839245759615368
402,5,10,150,59,0.0
403,5,10,150,59,0.2529427027676571
404,5,10,150,59,0.0
405,5,10,150,59,0.034805882750585035
406,5,10,150,59,0.06360190926466157
407,5,10,150,59,0.09046795885890169
408,5,10,150,59,0.09983719697789138
409,5,10,150,59,0.05800611307095368
410,5,10,150,59,0.0
411,5,10,150,59,0.17342765698823945
412,5,10,150,59,0.0
413,5,10,150,59,0.0
414,5,10,150,59,0.21398626473452756
415,5,10,150,59,0.0
416,5,10,150,59,0.14637519139526847
417,5,10,150,59,0.11088189053445036
419,5,10,150,59,0.30260241349881345
420,5,10,150,59,0.05478392673173268
421,5,10,150,59,0.0
422,5,10,150,59,0.0
423,5,10,150,59,0.08440880858250024
424,5,10,150,59,0.0401239863376113
425,5,10,150,59,0.2082843711703412
426,5,10,150,59,0.13571943816109763
427,5,10,150,59,0.0
428,5,10,150,59,0.0
429,5,10,150,59,0.14041959417088476
430,5,10,150,59,0.1261446714466394
431,5,10,150,59,0.0
432,5,10,150,59,0.0
433,5,10,150,59,0.0
434,5,10,150,59,0.3903800499921017
435,5,10,150,59,0.09964084501257568
436,5,10,150,59,0.08868088264964148
437,5,10,150,59,0.22972973128433707
438,5,10,150,59,0.0
439,5,10,150,59,0.0
440,5,10,150,59,0.06175696970122604
441,5,10,150,59,0.0
442,5,10,150,59,0.0
443,5,10,150,59,0.0
445,5,10,150,59,0.0
446,5,10,150,59,0.0
447,5,10,150,59,0.2726897692124621
448,5,10,150,59,0.0
449,5,10,150,59,0.07784399437297408
450,5,10,150,59,0.22640083277136241
451,5,10,150,59,0.0
452,5,10,150,59,0.07830573469972951
453,5,10,150,59,0.029956785715628154
454,5,10,150,59,0.060700497476813886
455,5,10,150,59,0.022804826018406204
456,5,10,150,59,0.07758828619721583
457,5,10,150,59,0.29418445531213994
458,5,10,150,59,0.04507276838148142
459,5,10,150,59,0.0
460,5,10,150,59,0.0
461,5,10,150,59,0.0
462,5,10,150,59,0.0
463,5,10,150,59,0.0
464,5,10,150,59,0.0
465,5,10,150,59,0.0
466,5,10,150,59,0.03947525607388688
467,5,10,150,59,0.1436337620239326
468,5,10,150,59,0.25116683884278784
469,5,10,150,59,0.057417722536754784
470,5,10,150,59,0.0
471,5,10,150,59,0.0
472,5,10,150,59,0.13139503164087882
473,5,10,150,59,0.08754031530847717
474,5,10,150,59,0.30076261759159395
475,5,10,150,59,0.06516188295518531
476,5,10,150,59,0.0
477,5,10,150,59,0.055100238151135045
478,5,10,150,59,0.23782833255689273
479,5,10,150,59,0.07834096783470737
480,5,10,150,59,0.21398626473452756
481,5,10,150,59,0.13863671367752411
482,5,10,150,59,0.0
483,5,10,150,59,0.06912040963822193
484,5,10,150,59,0.09353062527112192
485,5,10,150,59,0.0
486,5,10,150,59,0.10311241692162332
487,5,10,150,59,0.19674990380650584
488,5,10,150,59,0.0
489,5,10,150,59,0.0
490,5,10,150,59,0.0
491,5,10,150,59,0.19092086617893467
492,5,10,150,59,0.12471554514794539
493,5,10,150,59,0.0332568859495131
494,5,10,150,59,0.038069204686089174
495,5,10,150,59,0.11868174655260626
496,5,10,150,59,0.05459112561892713
497,5,10,150,59,0.04285286422081118
498,5,10,150,59,0.03855307727568851
499,5,10,150,59,0.1912282106369008
500,5,10,150,59,0.05011951520627559
501,5,10,150,59,0.0
502,5,10,150,59,0.06364028872631156
503,5,10,150,59,0.2114707128475192
504,5,10,150,59,0.0
505,5,10,150,59,0.0
506,5,10,150,59,0.10589517949214913
507,5,10,150,59,0.0
508,5,10,150,59,0.0
509,5,10,150,59,0.06474271459046577
510,5,10,150,59,0.0
511,5,10,150,59,0.0
512,5,10,150,59,0.18316925091363362
513,5,10,150,59,0.0
514,5,10,150,59,0.10595566933616397
515,5,10,150,59,0.0
516,5,10,150,59,0.13768197790533618
517,5,10,150,59,0.042259191411409554
518,5,10,150,59,0.0
519,5,10,150,59,0.038800293177871176
520,5,10,150,59,0.0
521,5,10,150,59,0.0
522,5,10,150,59,0.0
523,5,10,150,59,0.0316088333445714
524,5,10,150,59,0.09006868309608587
525,5,10,150,59,0.0
526,5,10,150,59,0.06235626924550528
527,5,10,150,59,0.14943863047793596
528,5,10,150,59,0.14110144150616766
529,5,10,150,59,0.07064774175419336
530,5,10,150,59,0.0
531,5,10,150,59,0.0
532,5,10,150,59,0.04774713204658456
533,5,10,150,59,0.12731562344278502
534,5,10,150,59,0.07450923581469894
535,5,10,150,59,0.2871959083713276
536,5,10,150,59,0.23620378562439379
537,5,10,150,59,0.407063934259958
538,5,10,150,59,0.0
539,5,10,150,59,0.1560067947598593
540,5,10,150,59,0.0
541,5,10,150,59,0.1448454408452497
542,5,10,150,59,0.12627825946936164
543,5,10,150,59,0.0
544,5,10,150,59,0.07631352592005593
545,5,10,150,59,0.052962244777770985
546,5,10,150,59,0.15314106296495628
547,5,10,150,59,0.0
548,5,10,150,59,0.05336341632593696
549,5,10,150,59,0.0
550,5,10,150,59,0.13436217909546777
551,5,10,150,59,0.26215509778341445
552,5,10,150,59,0.0
553,5,10,150,59,0.16102243342487008
554,5,10,150,59,0.16600564593053876
555,5,10,150,59,0.0
556,5,10,150,59,0.08876245163110816
557,5,10,150,59,0.053894577262255466
558,5,10,150,59,0.0
559,5,10,150,59,0.0734773909038217
560,5,10,150,59,0.2179777837196921
561,5,10,150,59,0.01171737028982221
562,5,10,150,59,0.034743705427429224
563,5,10,150,59,0.0
564,5,10,150,59,0.0
565,5,10,150,59,0.18568675205192314
566,5,10,150,59,0.13665387068436016
567,5,10,150,59,0.13463074517970205
568,5,10,150,59,0.057107346298225524
569,5,10,150,59,0.0336639187988199
570,5,10,150,59,0.0
571,5,10,150,59,0.0
572,5,10,150,59,0.058995070558427745
573,5,10,150,59,0.0
574,5,10,150,59,0.04185567464896701
575,5,10,150,59,0.0
576,5,10,150,59,0.17342765698823945
577,5,10,150,59,0.20619661189599137
578,5,10,150,59,0.09818998961169394
579,5,10,150,59,0.0
580,5,10,150,59,0.16049923379569733
581,5,10,150,59,0.0
582,5,10,150,59,0.028361369701356044
583,5,10,150,59,0.04579340374561851
584,5,10,150,59,0.0
585,5,10,150,59,0.0
586,5,10,150,59,0.07482758161941112
587,5,10,150,59,0.0
588,5,10,150,59,0.19986322535792533
589,5,10,150,59,0.0
590,5,10,150,59,0.18511573258657482
591,5,10,150,59,0.15758427078022966
592,5,10,150,59,0.2466541987242382
593,5,10,150,59,0.15257268888187236
594,5,10,150,59,0.0843142342558857
595,5,10,150,59,0.0
596,5,10,150,59,0.0
597,5,10,150,59,0.0
598,5,10,150,59,0.11752277470724268
599,5,10,150,59,0.16402353420682853
600,5,10,150,59,0.0
601,5,10,150,59,0.026557570376145638
602,5,10,150,59,0.0
603,5,10,150,59,0.06194403202282284
604,5,10,150,59,0.0
605,5,10,150,59,0.10589838376326657
606,5,10,150,59,0.2138150508755678
607,5,10,150,59,0.0
608,5,10,150,59,0.126140293880171
609,5,10,150,59,0.11838279295536291
610,5,10,150,59,0.029785542524894418
611,5,10,150,59,0.03927158715985786
612,5,10,150,59,0.0
613,5,10,150,59,0.2049174583553662
614,5,10,150,59,0.13886244387355454
615,5,10,150,59,0.08391725636078755
616,5,10,150,59,0.09781579202094404
617,5,10,150,59,0.03804989622115975
618,5,10,150,59,0.13693830900397266
619,5,10,150,59,0.1303945739341477
620,5,10,150,59,0.1451323880538222
621,5,10,150,59,0.13589759152345549
622,5,10,150,59,0.10139880198670487
623,5,10,150,59,0.050143326786652107
624,5,10,150,59,0.019160322430058573
625,5,10,150,59,0.0
626,5,10,150,59,0.04690797720830594
627,5,10,150,59,0.04289205981312439
628,5,10,150,59,0.0
629,5,10,150,59,0.1814524963780846
630,5,10,150,59,0.09942460513010813
631,5,10,150,59,0.09240791929215005
632,5,10,150,59,0.31631217683169366
633,5,10,150,59,0.0455520698635181
634,5,10,150,59,0.023756977677906275
635,5,10,150,59,0.039407921945699885
636,5,10,150,59,0.0
637,5,10,150,59,0.0
638,5,10,150,59,0.15473934503245962
639,5,10,150,59,0.0
640,5,10,150,59,0.0637867864178444
641,5,10,150,59,0.03570665676503816
642,5,10,150,59,0.12374205733259581
643,5,10,150,59,0.15031592367651372
644,5,10,150,59,0.0
645,5,10,150,59,0.1856947245529553
646,5,10,150,59,0.0
647,5,10,150,59,0.03673869545191085
648,5,10,150,59,0.06671277681870562
649,5,10,150,59,0.0
650,5,10,150,59,0.07428273178341847
651,5,10,150,59,0.0
652,5,10,150,59,0.0
653,5,10,150,59,0.051585364249980704
654,5,10,150,59,0.17020900230175445
655,5,10,150,59,0.2773556143146323
656,5,10,150,59,0.0
657,5,10,150,59,0.053845569940583225
658,5,10,150,59,0.0
659,5,10,150,59,0.07075240780563574
660,5,10,150,59,0.0
661,5,10,150,59,0.12705991527984942
662,5,10,150,59,0.0
663,5,10,150,59,0.07874514948204092
664,5,10,150,59,0.05391021349625259
665,5,10,150,59,0.0
666,5,10,150,59,0.07860744541237058
667,5,10,150,59,0.23495437216186538
668,5,10,150,59,0.0
669,5,10,150,59,0.25001448888650357
670,5,10,150,59,0.15539533467551025
671,5,10,150,59,0.17434206503696043
672,5,10,150,59,0.0
673,5,10,150,59,0.0
674,5,10,150,59,0.0
675,5,10,150,59,0.05010834716923557
676,5,10,150,59,0.0
677,5,10,150,59,0.03927489746221688
678,5,10,150,59,0.0
679,5,10,150,59,0.26970586372388394
680,5,10,150,59,0.2073612289146658
681,5,10,150,59,0.0
682,5,10,150,59,0.11169167467964677
683,5,10,150,59,0.06289349548893712
684,5,10,150,59,0.0
685,5,10,150,59,0.0
686,5,10,150,59,0.08962483220812449
687,5,10,150,59,0.0
688,5,10,150,59,0.0
689,5,10,150,59,0.32436268379537736
690,5,10,150,59,0.0
691,5,10,150,59,0.0
692,5,10,150,59,0.0
693,5,10,150,59,0.0
694,5,10,150,59,0.20269611984358588
695,5,10,150,59,0.031112565128707144
696,5,10,150,59,0.12935879342602336
697,5,10,150,59,0.06378035696304758
698,5,10,150,59,0.09499131598480672
699,5,10,150,59,0.0
700,5,10,150,59,0.16958010263680806
701,5,10,150,59,0.04129602134854855
702,5,10,150,59,0.0
703,5,10,150,59,0.03870447337439288
704,5,10,150,59,0.09986079379105446
705,5,10,150,59,0.18775788588526962
706,5,10,150,59,0.0
707,5,10,150,59,0.10818649157693286
708,5,10,150,59,0.06058075640309377
709,5,10,150,59,0.10371915894912967
710,5,10,150,59,0.05710411178654767
711,5,10,150,59,0.14431653919064127
712,5,10,150,59,0.12435918123916344
713,5,10,150,59,0.0
714,5,10,150,59,0.04195229264874745
715,5,10,150,59,0.07261309108674657
716,5,10,150,59,0.16912748962834928
717,5,10,150,59,0.18940567332300148
718,5,10,150,59,0.14061157344379913
719,5,10,150,59,0.13839707910804644
720,5,10,150,59,0.05261577455142312
721,5,10,150,59,0.13816096658946317
722,5,10,150,59,0.0
723,5,10,150,59,0.0
724,5,10,150,59,0.0
725,5,10,150,59,0.05750402108673013
726,5,10,150,59,0.2529427027676571
727,5,10,150,59,0.09355513872252895
728,5,10,150,59,0.0
729,5,10,150,59,0.0
730,5,10,150,59,0.0
731,5,10,150,59,0.04466441818602386
732,5,10,150,59,0.0
733,5,10,150,59,0.0
734,5,10,150,59,0.0655813061736612
735,5,10,150,59,0.0
736,5,10,150,59,0.0
737,5,10,150,59,0.16282663249631943
738,5,10,150,59,0.2632431729022225
739,5,10,150,59,0.0
740,5,10,150,59,0.0
741,5,10,150,59,0.10965210684801945
742,5,10,150,59,0.04553761034739079
743,5,10,150,59,0.0814476682319001
744,5,10,150,59,0.08878770367712427
745,5,10,150,59,0.3682049230943936
746,5,10,150,59,0.11450296808588954
747,5,10,150,59,0.390220480872623
748,5,10,150,59,0.1946257849561795
749,5,10,150,59,0.1487867312531836
750,5,10,150,59,0.07219614103266732
751,5,10,150,59,0.08387405199623103
752,5,10,150,59,0.020210299806331135
753,5,10,150,59,0.15406810205846871
754,5,10,150,59,0.0
755,5,10,150,59,0.03412020403969171
756,5,10,150,59,0.05421299273764631
757,5,10,150,59,0.04151675172190885
758,5,10,150,59,0.21928500010667476
759,5,10,150,59,0.038281751104512325
760,5,10,150,59,0.11447590313611888
761,5,10,150,59,0.03339755935325358
762,5,10,150,59,0.11568388634051256
763,5,10,150,59,0.20859185628046678
764,5,10,150,59,0.08207588022692468
765,5,10,150,59,0.0
766,5,10,150,59,0.050541549839211865
767,5,10,150,59,0.2073612289146658
768,5,10,150,59,0.07655078846581868
769,5,10,150,59,0.0
770,5,10,150,59,0.04692206785373726
771,5,10,150,59,0.19449231038235978
772,5,10,150,59,0.03353522641880846
773,5,10,150,59,0.08236155615232364
774,5,10,150,59,0.04314445609160106
775,5,10,150,59,0.0
776,5,10,150,59,0.0949413284627631
777,5,10,150,59,0.14445412169961394
778,5,10,150,59,0.024850109207689472
779,5,10,150,59,0.05878132199396477
780,5,10,150,59,0.07751937086606239
781,5,10,150,59,0.21898681539091044
782,5,10,150,59,0.013286081957633032
783,5,10,150,59,0.0
784,5,10,150,59,0.0
785,5,10,150,59,0.048159222084064895
786,5,10,150,59,0.13370327844286975
787,5,10,150,59,0.0683037314796457
788,5,10,150,59,0.18567162721293867
789,5,10,150,59,0.059109628562248356
790,5,10,150,59,0.06955846250581632
791,5,10,150,59,0.0
792,5,10,150,59,0.0
793,5,10,150,59,0.0
794,5,10,150,59,0.22201254783236782
795,5,10,150,59,0.10216460138696574
796,5,10,150,59,0.3769555685782817
797,5,10,150,59,0.09030583455080088
798,5,10,150,59,0.10302774527359475
799,5,10,150,59,0.0
800,5,10,150,59,0.0
801,5,10,150,59,0.03096677356901516
802,5,10,150,59,0.030863419558816
803,5,10,150,59,0.0
804,5,10,150,59,0.18097389674190534
805,5,10,150,59,0.1266334253751787
806,5,10,150,59,0.1485463716074215
807,5,10,150,59,0.218612273281842
808,5,10,150,59,0.040655755922716606
809,5,10,150,59,0.03773288468728257
810,5,10,150,59,0.0
811,5,10,150,59,0.0
812,5,10,150,59,0.0
813,5,10,150,59,0.17367331957930765
814,5,10,150,59,0.09144287629100999
815,5,10,150,59,0.25719099042155613
816,5,10,150,59,0.08005612702969578
817,5,10,150,59,0.0
818,5,10,150,59,0.0
819,5,10,150,59,0.15575997463127336
820,5,10,150,59,0.041641441310299704
821,5,10,150,59,0.1716292605492022
822,5,10,150,59,0.0
823,5,10,150,59,0.3304935769258548
824,5,10,150,59,0.0
825,5,10,150,59,0.09029896023509118
826,5,10,150,59,0.0956022175683246
827,5,10,150,59,0.0
828,5,10,150,59,0.07244745602732354
829,5,10,150,59,0.146125692125401
830,5,10,150,59,0.10053254151308513
831,5,10,150,59,0.18383471536304422
832,5,10,150,59,0.041355644490859725
833,5,10,150,59,0.1532110577346795
834,5,10,150,59,0.020919434760060668
835,5,10,150,59,0.082546902593288
836,5,10,150,59,0.10882945376944808
837,5,10,150,59,0.0
838,5,10,150,59,0.14570435926304814
839,5,10,150,59,0.05646784228340616
840,5,10,150,59,0.3206911439543768
841,5,10,150,59,0.0
842,5,10,150,59,0.03314153504336938
843,5,10,150,59,0.1084961821337816
844,5,10,150,59,0.14767302746812566
845,5,10,150,59,0.0
846,5,10,150,59,0.3027937330025901
847,5,10,150,59,0.0
848,5,10,150,59,0.09518376548980215
849,5,10,150,59,0.08280898853927336
850,5,10,150,59,0.20069031232476098
851,5,10,150,59,0.2789034306845755
852,5,10,150,59,0.0
853,5,10,150,59,0.0
854,5,10,150,59,0.17455820619453544
855,5,10,150,59,0.0
856,5,10,150,59,0.031742154565302834
857,5,10,150,59,0.0
858,5,10,150,59,0.0
859,5,10,150,59,0.0
860,5,10,150,59,0.0
861,5,10,150,59,0.12001290632387755
862,5,10,150,59,0.2300709046348401
863,5,10,150,59,0.0
864,5,10,150,59,0.29906796750745895
865,5,10,150,59,0.015797522321751672
866,5,10,150,59,0.12374681498530773
867,5,10,150,59,0.27550905731686676
868,5,10,150,59,0.13133541316414798
869,5,10,150,59,0.09414478450656023
870,5,10,150,59,0.1182452342639453
871,5,10,150,59,0.22160652373114856
872,5,10,150,59,0.01624882666837855
873,5,10,150,59,0.0
874,5,10,150,59,0.06575393297476358
875,5,10,150,59,0.22155784660169645
876,5,10,150,59,0.0
877,5,10,150,59,0.03487978243545732
878,5,10,150,59,0.0588412180181431
879,5,10,150,59,0.07180913162424091
880,5,10,150,59,0.3486424547164204
881,5,10,150,59,0.31345055840354574
882,5,10,150,59,0.3094462247914682
883,5,10,150,59,0.3495031972867747
884,5,10,150,59,0.028767091820622218
885,5,10,150,59,0.10709607345972089
886,5,10,150,59,0.1916623794630946
887,5,10,150,59,0.1401355438935123
888,5,10,150,59,0.0
889,5,10,150,59,0.2520176149439428
890,5,10,150,59,0.2999341936920992
891,5,10,150,59,0.09013275514532934
892,5,10,150,59,0.40391594662953134
893,5,10,150,59,0.05014695371369417
894,5,10,150,59,0.23023811593128182
895,5,10,150,59,0.0
896,5,10,150,59,0.3928265912701592
897,5,10,150,59,0.2403664048908444
898,5,10,150,59,0.0
899,5,10,150,59,0.17720140739850856
900,5,10,150,59,0.07027548980333784
901,5,10,150,59,0.26675462458348403
902,5,10,150,59,0.025255271126572616
903,5,10,150,59,0.3899395662888504
904,5,10,150,59,0.0
905,5,10,150,59,0.08773956418811966
906,5,10,150,59,0.0
907,5,10,150,59,0.1908832339338951
908,5,10,150,59,0.19230103681757216
909,5,10,150,59,0.0
910,5,10,150,59,0.14111581018360284
911,5,10,150,59,0.07221694898330532
912,5,10,150,59,0.09835918088209537
913,5,10,150,59,0.1902436627596946
914,5,10,150,59,0.0
915,5,10,150,59,0.0
916,5,10,150,59,0.2252993018298511
917,5,10,150,59,0.019845431127916993
918,5,10,150,59,0.02594390202000158
919,5,10,150,59,0.13678393591716792
920,5,10,150,59,0.26814570941777965
921,5,10,150,59,0.02677533014537127
922,5,10,150,59,0.1432918192131385
923,5,10,150,59,0.03997048965522762
924,5,10,150,59,0.10476875172292892
925,5,10,150,59,0.039791360812020615
926,5,10,150,59,0.18690891198435525
927,5,10,150,59,0.10840864476448452
928,5,10,150,59,0.2047606321191804
929,5,10,150,59,0.0753982504991096
930,5,10,150,59,0.12668740771092546
931,5,10,150,59,0.059539365700728666
932,5,10,150,59,0.3775613588097044
933,5,10,150,59,0.056426842897765665
934,5,10,150,59,0.20606628987313033
935,5,10,150,59,0.043888403129016776
936,5,10,150,59,0.12456833895846095
937,5,10,150,59,0.09560624946230661
938,5,10,150,59,0.09806121794525656
939,5,10,150,59,0.05231692143384187
940,5,10,150,59,0.10234131208928259
941,5,10,150,59,0.17060921827860473
942,5,10,150,59,0.11125496380308661
943,5,10,150,59,0.18920723047852656
1,5,10,150,60,0.4058715898896693
2,5,10,150,60,0.14433828292945616
3,5,10,150,60,0.08759200575528697
4,5,10,150,60,0.0
5,5,10,150,60,0.04470486007704452
6,5,10,150,60,0.04187254809446048
7,5,10,150,60,0.20711452932119445
8,5,10,150,60,0.0
9,5,10,150,60,0.0
10,5,10,150,60,0.3005733545514552
11,5,10,150,60,0.03947525607388688
12,5,10,150,60,0.14632177291384774
13,5,10,150,60,0.24256092752724764
14,5,10,150,60,0.18795160328752808
15,5,10,150,60,0.0
16,5,10,150,60,0.19107502160562695
17,5,10,150,60,0.0
18,5,10,150,60,0.17872418048185143
19,5,10,150,60,0.0
20,5,10,150,60,0.13743816645714543
21,5,10,150,60,0.15232559003472054
22,5,10,150,60,0.040815803121742565
23,5,10,150,60,0.10387012192613786
24,5,10,150,60,0.08835266840320231
25,5,10,150,60,0.23940867474021393
26,5,10,150,60,0.0
27,5,10,150,60,0.0
28,5,10,150,60,0.052106753859569234
30,5,10,150,60,0.08133484538841967
31,5,10,150,60,0.11164668500969883
32,5,10,150,60,0.19519002499605084
33,5,10,150,60,0.0
34,5,10,150,60,0.0
35,5,10,150,60,0.0
37,5,10,150,60,0.08177471774917201
38,5,10,150,60,0.0
39,5,10,150,60,0.0
40,5,10,150,60,0.0
41,5,10,150,60,0.06835476917178976
42,5,10,150,60,0.08850778826764391
43,5,10,150,60,0.0
44,5,10,150,60,0.29540493557662006
45,5,10,150,60,0.0
46,5,10,150,60,0.0
47,5,10,150,60,0.0
48,5,10,150,60,0.07028063830038406
49,5,10,150,60,0.05432573058142762
52,5,10,150,60,0.0
53,5,10,150,60,0.0
54,5,10,150,60,0.0
55,5,10,150,60,0.0
56,5,10,150,60,0.11781210270929884
57,5,10,150,60,0.1318392860374695
58,5,10,150,60,0.40256699612340546
59,5,10,150,60,0.19233148606048747
60,5,10,150,60,0.1076743759411119
61,5,10,150,60,0.0
62,5,10,150,60,0.09586820699422145
63,5,10,150,60,0.0
64,5,10,150,60,0.07635718686081962
65,5,10,150,60,0.2342550150352983
66,5,10,150,60,0.06636133566432367
67,5,10,150,60,0.0
68,5,10,150,60,0.0
69,5,10,150,60,0.0
70,5,10,150,60,0.0
71,5,10,150,60,0.20758456043036028
72,5,10,150,60,0.10990826949013655
73,5,10,150,60,0.10052888926242022
74,5,10,150,60,0.0
75,5,10,150,60,0.0
76,5,10,150,60,0.10633668103022985
77,5,10,150,60,0.14247142730086715
78,5,10,150,60,0.0
79,5,10,150,60,0.0
80,5,10,150,60,0.0
81,5,10,150,60,0.08878770367712427
82,5,10,150,60,0.03187578878809277
83,5,10,150,60,0.07414861528507455
84,5,10,150,60,0.07550980911390262
85,5,10,150,60,0.04734112273659951
86,5,10,150,60,0.0
87,5,10,150,60,0.16641625059082407
88,5,10,150,60,0.18920035951687003
89,5,10,150,60,0.0
90,5,10,150,60,0.1707098375184088
91,5,10,150,60,0.0
92,5,10,150,60,0.03369782041898502
93,5,10,150,60,0.0
94,5,10,150,60,0.12253429761719764
95,5,10,150,60,0.07849567312219397
96,5,10,150,60,0.0
97,5,10,150,60,0.0
98,5,10,150,60,0.0
99,5,10,150,60,0.09641171098317775
100,5,10,150,60,0.0
101,5,10,150,60,0.0
102,5,10,150,60,0.0
103,5,10,150,60,0.0
104,5,10,150,60,0.33958467175585033
105,5,10,150,60,0.0
106,5,10,150,60,0.06516188295518531
107,5,10,150,60,0.0
109,5,10,150,60,0.16563719724029594
110,5,10,150,60,0.0
111,5,10,150,60,0.0
112,5,10,150,60,0.07807600999842033
113,5,10,150,60,0.0
114,5,10,150,60,0.08274602130532002
115,5,10,150,60,0.04001677477281075
116,5,10,150,60,0.0
117,5,10,150,60,0.0
118,5,10,150,60,0.16958010263680806
119,5,10,150,60,0.05891155956989184
120,5,10,150,60,0.0
121,5,10,150,60,0.13032376591037062
122,5,10,150,60,0.0
123,5,10,150,60,0.13720340769293682
124,5,10,150,60,0.0
125,5,10,150,60,0.05446333035917803
126,5,10,150,60,0.0
128,5,10,150,60,0.0
129,5,10,150,60,0.0
130,5,10,150,60,0.15174952279352721
131,5,10,150,60,0.0
132,5,10,150,60,0.0
133,5,10,150,60,0.0
134,5,10,150,60,0.0
135,5,10,150,60,0.0
136,5,10,150,60,0.0
137,5,10,150,60,0.1137075481082292
138,5,10,150,60,0.0976168253917686
139,5,10,150,60,0.10466868931043802
140,5,10,150,60,0.0
141,5,10,150,60,0.04733244938590725
142,5,10,150,60,0.0
143,5,10,150,60,0.0
144,5,10,150,60,0.0
145,5,10,150,60,0.17597149971119974
146,5,10,150,60,0.0
147,5,10,150,60,0.1033846481249528
148,5,10,150,60,0.06916902856231065
149,5,10,150,60,0.0
150,5,10,150,60,0.2640681225725909
151,5,10,150,60,0.1026571794225922
152,5,10,150,60,0.0
153,5,10,150,60,0.0
154,5,10,150,60,0.06416923277158361
155,5,10,150,60,0.0
156,5,10,150,60,0.0
157,5,10,150,60,0.0
158,5,10,150,60,0.11017700922818752
159,5,10,150,60,0.23138144801632507
160,5,10,150,60,0.1719271394881576
161,5,10,150,60,0.0
162,5,10,150,60,0.0
163,5,10,150,60,0.0
164,5,10,150,60,0.0
165,5,10,150,60,0.0
167,5,10,150,60,0.05319635904163211
168,5,10,150,60,0.0
169,5,10,150,60,0.0
170,5,10,150,60,0.0
171,5,10,150,60,0.0
173,5,10,150,60,0.0
174,5,10,150,60,0.06784586495432565
175,5,10,150,60,0.21517910082405575
176,5,10,150,60,0.06289692884934815
177,5,10,150,60,0.38113435412202
178,5,10,150,60,0.12597398707460816
179,5,10,150,60,0.09149012142095872
180,5,10,150,60,0.06228974831361337
181,5,10,150,60,0.09913210981157927
182,5,10,150,60,0.0
183,5,10,150,60,0.15101961822780524
184,5,10,150,60,0.0
185,5,10,150,60,0.0
186,5,10,150,60,0.04633132539002164
187,5,10,150,60,0.0
188,5,10,150,60,0.12925733948536566
189,5,10,150,60,0.18890011590178235
190,5,10,150,60,0.0
192,5,10,150,60,0.123151194370365
193,5,10,150,60,0.0
194,5,10,150,60,0.02924951745434817
195,5,10,150,60,0.11787667935667444
196,5,10,150,60,0.0
197,5,10,150,60,0.09546043308946733
198,5,10,150,60,0.0
199,5,10,150,60,0.0
200,5,10,150,60,0.09785159463516042
201,5,10,150,60,0.0
202,5,10,150,60,0.10466868931043802
203,5,10,150,60,0.0
204,5,10,150,60,0.19519002499605084
205,5,10,150,60,0.0
206,5,10,150,60,0.0
207,5,10,150,60,0.07517955939765397
208,5,10,150,60,0.0
209,5,10,150,60,0.0
210,5,10,150,60,0.2167516193508568
211,5,10,150,60,0.0
213,5,10,150,60,0.15669163589836543
214,5,10,150,60,0.0
216,5,10,150,60,0.23813231172447274
217,5,10,150,60,0.0
218,5,10,150,60,0.0
219,5,10,150,60,0.0
221,5,10,150,60,0.0
222,5,10,150,60,0.1050995674008573
223,5,10,150,60,0.0
224,5,10,150,60,0.0
225,5,10,150,60,0.09077089626867633
226,5,10,150,60,0.19092086617893467
227,5,10,150,60,0.0
228,5,10,150,60,0.0
229,5,10,150,60,0.0
230,5,10,150,60,0.12683081539850163
231,5,10,150,60,0.0
232,5,10,150,60,0.03962341267285813
233,5,10,150,60,0.2699700016563489
234,5,10,150,60,0.09887660119080527
235,5,10,150,60,0.06692738060277027
236,5,10,150,60,0.0
237,5,10,150,60,0.19342640361727081
238,5,10,150,60,0.0
239,5,10,150,60,0.06912040963822193
240,5,10,150,60,0.12495636102304827
241,5,10,150,60,0.0
242,5,10,150,60,0.0
243,5,10,150,60,0.0
244,5,10,150,60,0.049712302565054066
245,5,10,150,60,0.0
246,5,10,150,60,0.0561326498270945
247,5,10,150,60,0.09472348220010487
248,5,10,150,60,0.09472348220010487
249,5,10,150,60,0.056720838976548935
250,5,10,150,60,0.0
251,5,10,150,60,0.13032376591037062
252,5,10,150,60,0.20184908658209985
253,5,10,150,60,0.1084812001944431
254,5,10,150,60,0.08514311764162098
255,5,10,150,60,0.0
256,5,10,150,60,0.038925970325304815
257,5,10,150,60,0.07984133538066794
258,5,10,150,60,0.0
259,5,10,150,60,0.1239740444869306
260,5,10,150,60,0.0
261,5,10,150,60,0.0
262,5,10,150,60,0.0
263,5,10,150,60,0.0956366800683804
264,5,10,150,60,0.0
265,5,10,150,60,0.0
266,5,10,150,60,0.0
267,5,10,150,60,0.17168372277322866
268,5,10,150,60,0.049712302565054066
269,5,10,150,60,0.052962244777770985
270,5,10,150,60,0.041641441310299704
271,5,10,150,60,0.13010624216828925
272,5,10,150,60,0.1702293778633033
273,5,10,150,60,0.0
274,5,10,150,60,0.0
275,5,10,150,60,0.0
276,5,10,150,60,0.15875999922826586
277,5,10,150,60,0.0
278,5,10,150,60,0.0
279,5,10,150,60,0.14661584523264445
280,5,10,150,60,0.16417286747746287
281,5,10,150,60,0.0
282,5,10,150,60,0.0
283,5,10,150,60,0.07028063830038406
284,5,10,150,60,0.0
285,5,10,150,60,0.0
286,5,10,150,60,0.0781170595969038
287,5,10,150,60,0.0
288,5,10,150,60,0.0859574327152926
289,5,10,150,60,0.16903020543979225
290,5,10,150,60,0.07834851647149511
291,5,10,150,60,0.07828167840727236
292,5,10,150,60,0.04224853374256244
293,5,10,150,60,0.07916644227981202
294,5,10,150,60,0.0
295,5,10,150,60,0.2603201838311303
296,5,10,150,60,0.13713660166967986
297,5,10,150,60,0.0
298,5,10,150,60,0.16915623549474385
299,5,10,150,60,0.0
300,5,10,150,60,0.0
301,5,10,150,60,0.06460801587741544
302,5,10,150,60,0.09224219235917257
303,5,10,150,60,0.07354269615643778
304,5,10,150,60,0.0
305,5,10,150,60,0.11349000778741654
306,5,10,150,60,0.0
307,5,10,150,60,0.10778915452451093
308,5,10,150,60,0.13490077762666258
310,5,10,150,60,0.0
311,5,10,150,60,0.13301422444853
312,5,10,150,60,0.1819616199123543
313,5,10,150,60,0.11270402374049442
314,5,10,150,60,0.16600564593053876
315,5,10,150,60,0.037110354711564805
316,5,10,150,60,0.0
317,5,10,150,60,0.0
318,5,10,150,60,0.1642688369468948
319,5,10,150,60,0.0
320,5,10,150,60,0.13927874459665815
321,5,10,150,60,0.0
322,5,10,150,60,0.0
323,5,10,150,60,0.1610425878239398
324,5,10,150,60,0.0
325,5,10,150,60,0.09092803061897883
326,5,10,150,60,0.027288805847552652
327,5,10,150,60,0.025410386140327024
328,5,10,150,60,0.09206364236149692
329,5,10,150,60,0.0
330,5,10,150,60,0.1313681680695099
331,5,10,150,60,0.0
332,5,10,150,60,0.09320485889859448
334,5,10,150,60,0.02249061179923914
335,5,10,150,60,0.0
336,5,10,150,60,0.0780824078938463
337,5,10,150,60,0.0
338,5,10,150,60,0.07132875491150918
339,5,10,150,60,0.1664336467304897
340,5,10,150,60,0.0
341,5,10,150,60,0.0
342,5,10,150,60,0.3608742720986609
343,5,10,150,60,0.09229649639444802
344,5,10,150,60,0.1202034973803211
345,5,10,150,60,0.18015355216717013
346,5,10,150,60,0.04366879852493834
347,5,10,150,60,0.22280620320442554
348,5,10,150,60,0.0
349,5,10,150,60,0.0
350,5,10,150,60,0.058087171966128066
351,5,10,150,60,0.07977344912567227
352,5,10,150,60,0.1903601622684853
353,5,10,150,60,0.14434031438272124
354,5,10,150,60,0.06335619058732639
355,5,10,150,60,0.0
356,5,10,150,60,0.0
357,5,10,150,60,0.0
358,5,10,150,60,0.06364028872631156
359,5,10,150,60,0.3010299956639812
360,5,10,150,60,0.12982031659526816
361,5,10,150,60,0.09478836436955078
362,5,10,150,60,0.0
363,5,10,150,60,0.24101654828754165
364,5,10,150,60,0.0
365,5,10,150,60,0.0
366,5,10,150,60,0.0
367,5,10,150,60,0.0
368,5,10,150,60,0.0
369,5,10,150,60,0.0
370,5,10,150,60,0.0
371,5,10,150,60,0.19950301641376814
372,5,10,150,60,0.15130120674940672
373,5,10,150,60,0.22842722979011518
374,5,10,150,60,0.07472550252128253
375,5,10,150,60,0.0
376,5,10,150,60,0.0
377,5,10,150,60,0.0
378,5,10,150,60,0.13635638482251203
379,5,10,150,60,0.08433239722469389
380,5,10,150,60,0.0
381,5,10,150,60,0.0
382,5,10,150,60,0.09952375175972906
383,5,10,150,60,0.07822955820619495
384,5,10,150,60,0.0
385,5,10,150,60,0.0
386,5,10,150,60,0.0
387,5,10,150,60,0.08586571489348302
388,5,10,150,60,0.05789711601244791
389,5,10,150,60,0.09284203700798714
390,5,10,150,60,0.0
391,5,10,150,60,0.11245246430543061
392,5,10,150,60,0.1484702586346916
393,5,10,150,60,0.14831626207850976
394,5,10,150,60,0.16570616085215287
395,5,10,150,60,0.0
396,5,10,150,60,0.0
397,5,10,150,60,0.11004588314904008
398,5,10,150,60,0.28368572779044043
399,5,10,150,60,0.026175882249243814
400,5,10,150,60,0.0
401,5,10,150,60,0.02839245759615368
402,5,10,150,60,0.0
403,5,10,150,60,0.2529427027676571
404,5,10,150,60,0.0
405,5,10,150,60,0.03440437488025295
406,5,10,150,60,0.06360190926466157
407,5,10,150,60,0.09046795885890169
408,5,10,150,60,0.09983719697789138
409,5,10,150,60,0.05800611307095368
410,5,10,150,60,0.0
411,5,10,150,60,0.17342765698823945
412,5,10,150,60,0.0
413,5,10,150,60,0.0
414,5,10,150,60,0.21398626473452756
415,5,10,150,60,0.0
416,5,10,150,60,0.14637519139526847
417,5,10,150,60,0.11088189053445036
419,5,10,150,60,0.3536251441097701
420,5,10,150,60,0.05478392673173268
421,5,10,150,60,0.04264945290455212
422,5,10,150,60,0.0
423,5,10,150,60,0.08440880858250024
424,5,10,150,60,0.0401239863376113
425,5,10,150,60,0.2082843711703412
426,5,10,150,60,0.13571943816109763
427,5,10,150,60,0.0
428,5,10,150,60,0.0
429,5,10,150,60,0.14041959417088476
430,5,10,150,60,0.1261446714466394
431,5,10,150,60,0.0
432,5,10,150,60,0.0
433,5,10,150,60,0.0
434,5,10,150,60,0.3903800499921017
435,5,10,150,60,0.09964084501257568
436,5,10,150,60,0.08868088264964148
437,5,10,150,60,0.22972973128433707
438,5,10,150,60,0.0
439,5,10,150,60,0.0
440,5,10,150,60,0.06175696970122604
441,5,10,150,60,0.0
442,5,10,150,60,0.0
443,5,10,150,60,0.0
445,5,10,150,60,0.0
446,5,10,150,60,0.0
447,5,10,150,60,0.2726897692124621
448,5,10,150,60,0.0
449,5,10,150,60,0.07784399437297408
450,5,10,150,60,0.22640083277136241
451,5,10,150,60,0.0
452,5,10,150,60,0.07830573469972951
453,5,10,150,60,0.029956785715628154
454,5,10,150,60,0.060700497476813886
455,5,10,150,60,0.04532988990328068
456,5,10,150,60,0.07758828619721583
457,5,10,150,60,0.29418445531213994
458,5,10,150,60,0.04507276838148142
459,5,10,150,60,0.0
460,5,10,150,60,0.0
461,5,10,150,60,0.0
462,5,10,150,60,0.0
463,5,10,150,60,0.0
464,5,10,150,60,0.0
465,5,10,150,60,0.0
466,5,10,150,60,0.03947525607388688
467,5,10,150,60,0.1436337620239326
468,5,10,150,60,0.25116683884278784
469,5,10,150,60,0.057417722536754784
470,5,10,150,60,0.0
471,5,10,150,60,0.0
472,5,10,150,60,0.14903271548086697
473,5,10,150,60,0.08754031530847717
474,5,10,150,60,0.3170746575501129
475,5,10,150,60,0.06516188295518531
476,5,10,150,60,0.0
477,5,10,150,60,0.055100238151135045
478,5,10,150,60,0.23782833255689273
479,5,10,150,60,0.07834096783470737
480,5,10,150,60,0.21398626473452756
481,5,10,150,60,0.13863671367752411
482,5,10,150,60,0.0
483,5,10,150,60,0.06912040963822193
484,5,10,150,60,0.09353062527112192
485,5,10,150,60,0.0
486,5,10,150,60,0.10311241692162332
487,5,10,150,60,0.2215000938796789
488,5,10,150,60,0.0
489,5,10,150,60,0.0
490,5,10,150,60,0.0
491,5,10,150,60,0.19092086617893467
492,5,10,150,60,0.12471554514794539
493,5,10,150,60,0.0332568859495131
494,5,10,150,60,0.038069204686089174
495,5,10,150,60,0.11868174655260626
496,5,10,150,60,0.05459112561892713
497,5,10,150,60,0.04285286422081118
498,5,10,150,60,0.03855307727568851
499,5,10,150,60,0.1912282106369008
500,5,10,150,60,0.05011951520627559
501,5,10,150,60,0.0
502,5,10,150,60,0.06364028872631156
503,5,10,150,60,0.2114707128475192
504,5,10,150,60,0.0
505,5,10,150,60,0.0
506,5,10,150,60,0.10589517949214913
507,5,10,150,60,0.0
508,5,10,150,60,0.0
509,5,10,150,60,0.06474271459046577
510,5,10,150,60,0.0
511,5,10,150,60,0.0
512,5,10,150,60,0.18316925091363362
513,5,10,150,60,0.0
514,5,10,150,60,0.10595566933616397
515,5,10,150,60,0.0
516,5,10,150,60,0.13768197790533618
517,5,10,150,60,0.042259191411409554
518,5,10,150,60,0.0
519,5,10,150,60,0.038800293177871176
520,5,10,150,60,0.0
521,5,10,150,60,0.0
522,5,10,150,60,0.0
523,5,10,150,60,0.0316088333445714
524,5,10,150,60,0.09006868309608587
525,5,10,150,60,0.0
526,5,10,150,60,0.06235626924550528
527,5,10,150,60,0.14943863047793596
528,5,10,150,60,0.14110144150616766
529,5,10,150,60,0.07064774175419336
530,5,10,150,60,0.0
531,5,10,150,60,0.0
532,5,10,150,60,0.04774713204658456
533,5,10,150,60,0.12731562344278502
534,5,10,150,60,0.07450923581469894
535,5,10,150,60,0.2871959083713276
536,5,10,150,60,0.23620378562439379
537,5,10,150,60,0.4139038267776781
538,5,10,150,60,0.0
539,5,10,150,60,0.1560067947598593
540,5,10,150,60,0.0
541,5,10,150,60,0.1448454408452497
542,5,10,150,60,0.12627825946936164
543,5,10,150,60,0.0
544,5,10,150,60,0.07631352592005593
545,5,10,150,60,0.052962244777770985
546,5,10,150,60,0.15314106296495628
547,5,10,150,60,0.0
548,5,10,150,60,0.05336341632593696
549,5,10,150,60,0.0
550,5,10,150,60,0.13436217909546777
551,5,10,150,60,0.2591309729318202
552,5,10,150,60,0.0
553,5,10,150,60,0.16102243342487008
554,5,10,150,60,0.16600564593053876
555,5,10,150,60,0.0
556,5,10,150,60,0.08876245163110816
557,5,10,150,60,0.053894577262255466
558,5,10,150,60,0.05718685316335169
559,5,10,150,60,0.0734773909038217
560,5,10,150,60,0.24050284760456656
561,5,10,150,60,0.011582203012937673
562,5,10,150,60,0.034743705427429224
563,5,10,150,60,0.0
564,5,10,150,60,0.0
565,5,10,150,60,0.18568675205192314
566,5,10,150,60,0.13665387068436016
567,5,10,150,60,0.13463074517970205
568,5,10,150,60,0.057107346298225524
569,5,10,150,60,0.0336639187988199
570,5,10,150,60,0.0
571,5,10,150,60,0.0
572,5,10,150,60,0.058995070558427745
573,5,10,150,60,0.0
574,5,10,150,60,0.04185567464896701
575,5,10,150,60,0.0
576,5,10,150,60,0.17342765698823945
577,5,10,150,60,0.20619661189599137
578,5,10,150,60,0.09818998961169394
579,5,10,150,60,0.0
580,5,10,150,60,0.16049923379569733
581,5,10,150,60,0.0
582,5,10,150,60,0.028361369701356044
583,5,10,150,60,0.04579340374561851
584,5,10,150,60,0.0
585,5,10,150,60,0.0
586,5,10,150,60,0.07482758161941112
587,5,10,150,60,0.0
588,5,10,150,60,0.19986322535792533
589,5,10,150,60,0.0
590,5,10,150,60,0.18511573258657482
591,5,10,150,60,0.15758427078022966
592,5,10,150,60,0.2553445189916869
593,5,10,150,60,0.15257268888187236
594,5,10,150,60,0.0843142342558857
595,5,10,150,60,0.0
596,5,10,150,60,0.0
597,5,10,150,60,0.0
598,5,10,150,60,0.11752277470724268
599,5,10,150,60,0.16402353420682853
600,5,10,150,60,0.0
601,5,10,150,60,0.026557570376145638
602,5,10,150,60,0.0
603,5,10,150,60,0.06194403202282284
604,5,10,150,60,0.0
605,5,10,150,60,0.10589838376326657
606,5,10,150,60,0.2138150508755678
607,5,10,150,60,0.0
608,5,10,150,60,0.126140293880171
609,5,10,150,60,0.11838279295536291
610,5,10,150,60,0.029785542524894418
611,5,10,150,60,0.03927158715985786
612,5,10,150,60,0.0
613,5,10,150,60,0.2049174583553662
614,5,10,150,60,0.13886244387355454
615,5,10,150,60,0.08391725636078755
616,5,10,150,60,0.09781579202094404
617,5,10,150,60,0.03804989622115975
618,5,10,150,60,0.13693830900397266
619,5,10,150,60,0.1303945739341477
620,5,10,150,60,0.1451323880538222
621,5,10,150,60,0.13589759152345549
622,5,10,150,60,0.10022910267662996
623,5,10,150,60,0.050143326786652107
624,5,10,150,60,0.019160322430058573
625,5,10,150,60,0.0
626,5,10,150,60,0.04690797720830594
627,5,10,150,60,0.04289205981312439
628,5,10,150,60,0.0
629,5,10,150,60,0.1814524963780846
630,5,10,150,60,0.09942460513010813
631,5,10,150,60,0.09240791929215005
632,5,10,150,60,0.31631217683169366
633,5,10,150,60,0.0455520698635181
634,5,10,150,60,0.023756977677906275
635,5,10,150,60,0.039407921945699885
636,5,10,150,60,0.0
637,5,10,150,60,0.0
638,5,10,150,60,0.15473934503245962
639,5,10,150,60,0.0
640,5,10,150,60,0.0637867864178444
641,5,10,150,60,0.03570665676503816
642,5,10,150,60,0.1223146144412275
643,5,10,150,60,0.15031592367651372
644,5,10,150,60,0.0
645,5,10,150,60,0.1856947245529553
646,5,10,150,60,0.0
647,5,10,150,60,0.03673869545191085
648,5,10,150,60,0.0774788351908747
649,5,10,150,60,0.0
650,5,10,150,60,0.07342583349255961
651,5,10,150,60,0.0
652,5,10,150,60,0.0
653,5,10,150,60,0.05099029444845508
654,5,10,150,60,0.17020900230175445
655,5,10,150,60,0.2741561418913608
656,5,10,150,60,0.0
657,5,10,150,60,0.053845569940583225
658,5,10,150,60,0.0
659,5,10,150,60,0.07075240780563574
660,5,10,150,60,0.0
661,5,10,150,60,0.12705991527984942
662,5,10,150,60,0.0
663,5,10,150,60,0.07874514948204092
664,5,10,150,60,0.05391021349625259
665,5,10,150,60,0.0
666,5,10,150,60,0.07860744541237058
667,5,10,150,60,0.23495437216186538
668,5,10,150,60,0.0
669,5,10,150,60,0.2672968266839232
670,5,10,150,60,0.15539533467551025
671,5,10,150,60,0.17434206503696043
672,5,10,150,60,0.0
673,5,10,150,60,0.0
674,5,10,150,60,0.0
675,5,10,150,60,0.05010834716923557
676,5,10,150,60,0.0
677,5,10,150,60,0.03927489746221688
678,5,10,150,60,0.0
679,5,10,150,60,0.26970586372388394
680,5,10,150,60,0.2073612289146658
681,5,10,150,60,0.0
682,5,10,150,60,0.11040324057338363
683,5,10,150,60,0.06289349548893712
684,5,10,150,60,0.0
685,5,10,150,60,0.0
686,5,10,150,60,0.08962483220812449
687,5,10,150,60,0.0
688,5,10,150,60,0.0
689,5,10,150,60,0.32436268379537736
690,5,10,150,60,0.0
691,5,10,150,60,0.0
692,5,10,150,60,0.0
693,5,10,150,60,0.0
694,5,10,150,60,0.20269611984358588
695,5,10,150,60,0.031112565128707144
696,5,10,150,60,0.12935879342602336
697,5,10,150,60,0.06378035696304758
698,5,10,150,60,0.09499131598480672
699,5,10,150,60,0.0
700,5,10,150,60,0.16958010263680806
701,5,10,150,60,0.04129602134854855
702,5,10,150,60,0.0
703,5,10,150,60,0.03870447337439288
704,5,10,150,60,0.09986079379105446
705,5,10,150,60,0.18775788588526962
706,5,10,150,60,0.0
707,5,10,150,60,0.1069384919745948
708,5,10,150,60,0.06058075640309377
709,5,10,150,60,0.10371915894912967
710,5,10,150,60,0.05710411178654767
711,5,10,150,60,0.14431653919064127
712,5,10,150,60,0.12435918123916344
713,5,10,150,60,0.0
714,5,10,150,60,0.04195229264874745
715,5,10,150,60,0.07261309108674657
716,5,10,150,60,0.16717649707166285
717,5,10,150,60,0.18940567332300148
718,5,10,150,60,0.14061157344379913
719,5,10,150,60,0.13839707910804644
720,5,10,150,60,0.05261577455142312
721,5,10,150,60,0.13816096658946317
722,5,10,150,60,0.0
723,5,10,150,60,0.0
724,5,10,150,60,0.0
725,5,10,150,60,0.05750402108673013
726,5,10,150,60,0.2529427027676571
727,5,10,150,60,0.09247592102889138
728,5,10,150,60,0.0
729,5,10,150,60,0.0
730,5,10,150,60,0.0
731,5,10,150,60,0.04466441818602386
732,5,10,150,60,0.0
733,5,10,150,60,0.0
734,5,10,150,60,0.0655813061736612
735,5,10,150,60,0.0
736,5,10,150,60,0.0
737,5,10,150,60,0.16282663249631943
738,5,10,150,60,0.2632431729022225
739,5,10,150,60,0.0
740,5,10,150,60,0.0
741,5,10,150,60,0.10965210684801945
742,5,10,150,60,0.04553761034739079
743,5,10,150,60,0.0814476682319001
744,5,10,150,60,0.08878770367712427
745,5,10,150,60,0.3682049230943936
746,5,10,150,60,0.11450296808588954
747,5,10,150,60,0.38571904083279246
748,5,10,150,60,0.1946257849561795
749,5,10,150,60,0.14707038220876423
750,5,10,150,60,0.07219614103266732
751,5,10,150,60,0.08387405199623103
752,5,10,150,60,0.020210299806331135
753,5,10,150,60,0.15406810205846871
754,5,10,150,60,0.0
755,5,10,150,60,0.067228724047084
756,5,10,150,60,0.05421299273764631
757,5,10,150,60,0.05458983228474977
758,5,10,150,60,0.21675540894475764
759,5,10,150,60,0.038281751104512325
760,5,10,150,60,0.11447590313611888
761,5,10,150,60,0.03339755935325358
762,5,10,150,60,0.11568388634051256
763,5,10,150,60,0.20859185628046678
764,5,10,150,60,0.08207588022692468
765,5,10,150,60,0.0
766,5,10,150,60,0.050541549839211865
767,5,10,150,60,0.2073612289146658
768,5,10,150,60,0.07655078846581868
769,5,10,150,60,0.0
770,5,10,150,60,0.04692206785373726
771,5,10,150,60,0.19449231038235978
772,5,10,150,60,0.03353522641880846
773,5,10,150,60,0.08236155615232364
774,5,10,150,60,0.04264675750409191
775,5,10,150,60,0.0
776,5,10,150,60,0.0949413284627631
777,5,10,150,60,0.14445412169961394
778,5,10,150,60,0.024850109207689472
779,5,10,150,60,0.05878132199396477
780,5,10,150,60,0.07751937086606239
781,5,10,150,60,0.21898681539091044
782,5,10,150,60,0.013132818599536557
783,5,10,150,60,0.0
784,5,10,150,60,0.0
785,5,10,150,60,0.048159222084064895
786,5,10,150,60,0.13370327844286975
787,5,10,150,60,0.0683037314796457
788,5,10,150,60,0.18352978756595809
789,5,10,150,60,0.059109628562248356
790,5,10,150,60,0.06875606164891475
791,5,10,150,60,0.0
792,5,10,150,60,0.0
793,5,10,150,60,0.0
794,5,10,150,60,0.22201254783236782
795,5,10,150,60,0.10098606809648289
796,5,10,150,60,0.37260714769109293
797,5,10,150,60,0.09030583455080088
798,5,10,150,60,0.10183925507248864
799,5,10,150,60,0.0
800,5,10,150,60,0.0
801,5,10,150,60,0.03096677356901516
802,5,10,150,60,0.030863419558816
803,5,10,150,60,0.0
804,5,10,150,60,0.17888624838696393
805,5,10,150,60,0.1251726287248081
806,5,10,150,60,0.14683279526353024
807,5,10,150,60,0.216090442449312
808,5,10,150,60,0.040655755922716606
809,5,10,150,60,0.07484323939884738
810,5,10,150,60,0.0
811,5,10,150,60,0.0
812,5,10,150,60,0.0
813,5,10,150,60,0.17367331957930765
814,5,10,150,60,0.09144287629100999
815,5,10,150,60,0.2542241296879055
816,5,10,150,60,0.08005612702969578
817,5,10,150,60,0.0
818,5,10,150,60,0.0
819,5,10,150,60,0.15575997463127336
820,5,10,150,60,0.041641441310299704
821,5,10,150,60,0.1716292605492022
822,5,10,150,60,0.0
823,5,10,150,60,0.32668112449702785
824,5,10,150,60,0.0
825,5,10,150,60,0.08925730461965979
826,5,10,150,60,0.0956022175683246
827,5,10,150,60,0.0
828,5,10,150,60,0.07244745602732354
829,5,10,150,60,0.146125692125401
830,5,10,150,60,0.10053254151308513
831,5,10,150,60,0.18383471536304422
832,5,10,150,60,0.041355644490859725
833,5,10,150,60,0.15144367128615321
834,5,10,150,60,0.020919434760060668
835,5,10,150,60,0.082546902593288
836,5,10,150,60,0.10882945376944808
837,5,10,150,60,0.0
838,5,10,150,60,0.14570435926304814
839,5,10,150,60,0.05646784228340616
840,5,10,150,60,0.31699176878937485
841,5,10,150,60,0.0
842,5,10,150,60,0.03314153504336938
843,5,10,150,60,0.10724461005500807
844,5,10,150,60,0.14767302746812566
845,5,10,150,60,0.0
846,5,10,150,60,0.2993008157920438
847,5,10,150,60,0.0
848,5,10,150,60,0.09408576055638734
849,5,10,150,60,0.08280898853927336
850,5,10,150,60,0.20069031232476098
851,5,10,150,60,0.2872217356654984
852,5,10,150,60,0.0
853,5,10,150,60,0.0
854,5,10,150,60,0.1725445668876289
855,5,10,150,60,0.0
856,5,10,150,60,0.031742154565302834
857,5,10,150,60,0.0
858,5,10,150,60,0.0
859,5,10,150,60,0.0
860,5,10,150,60,0.0
861,5,10,150,60,0.12001290632387755
862,5,10,150,60,0.22741689124269995
863,5,10,150,60,0.0
864,5,10,150,60,0.29561802935824055
865,5,10,150,60,0.015797522321751672
866,5,10,150,60,0.12374681498530773
867,5,10,150,60,0.27550905731686676
868,5,10,150,60,0.1298203761108833
869,5,10,150,60,0.09414478450656023
870,5,10,150,60,0.11688120070311174
871,5,10,150,60,0.22160652373114856
872,5,10,150,60,0.01624882666837855
873,5,10,150,60,0.0
874,5,10,150,60,0.06575393297476358
875,5,10,150,60,0.22155784660169645
876,5,10,150,60,0.0
877,5,10,150,60,0.03487978243545732
878,5,10,150,60,0.05816244735447379
879,5,10,150,60,0.07180913162424091
880,5,10,150,60,0.34462064350411353
881,5,10,150,60,0.30983470797214424
882,5,10,150,60,0.30587656688080256
883,5,10,150,60,0.3570070893094768
884,5,10,150,60,0.028767091820622218
885,5,10,150,60,0.10709607345972089
886,5,10,150,60,0.1894514327000876
887,5,10,150,60,0.13851899176668633
888,5,10,150,60,0.0
889,5,10,150,60,0.2491104323683015
890,5,10,150,60,0.2964742630760006
891,5,10,150,60,0.09013275514532934
892,5,10,150,60,0.4107921531754972
893,5,10,150,60,0.05014695371369417
894,5,10,150,60,0.2275821736510853
895,5,10,150,60,0.0
896,5,10,150,60,0.3882950880986717
897,5,10,150,60,0.2375936263919143
898,5,10,150,60,0.0
899,5,10,150,60,0.175157277094035
900,5,10,150,60,0.07027548980333784
901,5,10,150,60,0.2636774412813036
902,5,10,150,60,0.025255271126572616
903,5,10,150,60,0.38544136677640667
904,5,10,150,60,0.0
905,5,10,150,60,0.08773956418811966
906,5,10,150,60,0.0
907,5,10,150,60,0.20021690755226437
908,5,10,150,60,0.19230103681757216
909,5,10,150,60,0.0
910,5,10,150,60,0.14111581018360284
911,5,10,150,60,0.07221694898330532
912,5,10,150,60,0.11717817005849993
913,5,10,150,60,0.18804908179112148
914,5,10,150,60,0.0
915,5,10,150,60,0.0
916,5,10,150,60,0.22270033189384253
917,5,10,150,60,0.019845431127916993
918,5,10,150,60,0.02564462270211156
919,5,10,150,60,0.13520604670805655
920,5,10,150,60,0.26814570941777965
921,5,10,150,60,0.026466459778222602
922,5,10,150,60,0.1416388574543303
923,5,10,150,60,0.053605537438321305
924,5,10,150,60,0.10476875172292892
925,5,10,150,60,0.039791360812020615
926,5,10,150,60,0.18690891198435525
927,5,10,150,60,0.1071580824846284
928,5,10,150,60,0.2047606321191804
929,5,10,150,60,0.0753982504991096
930,5,10,150,60,0.12668740771092546
931,5,10,150,60,0.059539365700728666
932,5,10,150,60,0.3732059497490671
933,5,10,150,60,0.05577592357806921
934,5,10,150,60,0.20368918489386342
935,5,10,150,60,0.043888403129016776
936,5,10,150,60,0.12313136438596065
937,5,10,150,60,0.09560624946230661
938,5,10,150,60,0.09693001977793787
939,5,10,150,60,0.05231692143384187
940,5,10,150,60,0.10116074032908871
941,5,10,150,60,0.19937616723755375
942,5,10,150,60,0.1248900115861803
943,5,10,150,60,0.18702460541180305
1,5,10,150,61,0.4058715898896693
2,5,10,150,61,0.14433828292945616
3,5,10,150,61,0.08759200575528697
4,5,10,150,61,0.0
5,5,10,150,61,0.04470486007704452
6,5,10,150,61,0.04187254809446048
7,5,10,150,61,0.20711452932119445
8,5,10,150,61,0.0
9,5,10,150,61,0.0
10,5,10,150,61,0.3005733545514552
11,5,10,150,61,0.03947525607388688
12,5,10,150,61,0.14632177291384774
13,5,10,150,61,0.24256092752724764
14,5,10,150,61,0.18795160328752808
15,5,10,150,61,0.0
16,5,10,150,61,0.19107502160562695
17,5,10,150,61,0.0
18,5,10,150,61,0.17872418048185143
19,5,10,150,61,0.0
20,5,10,150,61,0.13743816645714543
21,5,10,150,61,0.15232559003472054
22,5,10,150,61,0.040815803121742565
23,5,10,150,61,0.10387012192613786
24,5,10,150,61,0.08835266840320231
25,5,10,150,61,0.23940867474021393
26,5,10,150,61,0.0
27,5,10,150,61,0.0
28,5,10,150,61,0.052106753859569234
30,5,10,150,61,0.08133484538841967
31,5,10,150,61,0.11164668500969883
32,5,10,150,61,0.19519002499605084
33,5,10,150,61,0.0
34,5,10,150,61,0.0
35,5,10,150,61,0.0
37,5,10,150,61,0.08177471774917201
38,5,10,150,61,0.0
39,5,10,150,61,0.0
40,5,10,150,61,0.0
41,5,10,150,61,0.06835476917178976
42,5,10,150,61,0.08850778826764391
43,5,10,150,61,0.0
44,5,10,150,61,0.29540493557662006
45,5,10,150,61,0.0
46,5,10,150,61,0.0
47,5,10,150,61,0.0
48,5,10,150,61,0.07028063830038406
49,5,10,150,61,0.05432573058142762
52,5,10,150,61,0.0
53,5,10,150,61,0.0
54,5,10,150,61,0.0
55,5,10,150,61,0.0
56,5,10,150,61,0.11781210270929884
57,5,10,150,61,0.1318392860374695
58,5,10,150,61,0.40256699612340546
59,5,10,150,61,0.19233148606048747
60,5,10,150,61,0.1076743759411119
61,5,10,150,61,0.0
62,5,10,150,61,0.09586820699422145
63,5,10,150,61,0.0
64,5,10,150,61,0.07635718686081962
65,5,10,150,61,0.2342550150352983
66,5,10,150,61,0.06636133566432367
67,5,10,150,61,0.0
68,5,10,150,61,0.0
69,5,10,150,61,0.0
70,5,10,150,61,0.0
71,5,10,150,61,0.20758456043036028
72,5,10,150,61,0.10990826949013655
73,5,10,150,61,0.10052888926242022
74,5,10,150,61,0.0
75,5,10,150,61,0.0
76,5,10,150,61,0.10633668103022985
77,5,10,150,61,0.14247142730086715
78,5,10,150,61,0.0
79,5,10,150,61,0.0
80,5,10,150,61,0.0
81,5,10,150,61,0.08878770367712427
82,5,10,150,61,0.03187578878809277
83,5,10,150,61,0.07414861528507455
84,5,10,150,61,0.07550980911390262
85,5,10,150,61,0.04734112273659951
86,5,10,150,61,0.0
87,5,10,150,61,0.16641625059082407
88,5,10,150,61,0.18920035951687003
89,5,10,150,61,0.0
90,5,10,150,61,0.1707098375184088
91,5,10,150,61,0.0
92,5,10,150,61,0.03369782041898502
93,5,10,150,61,0.0
94,5,10,150,61,0.12253429761719764
95,5,10,150,61,0.07849567312219397
96,5,10,150,61,0.0
97,5,10,150,61,0.0
98,5,10,150,61,0.0
99,5,10,150,61,0.13337585439143895
100,5,10,150,61,0.0
101,5,10,150,61,0.0
102,5,10,150,61,0.0
103,5,10,150,61,0.0
104,5,10,150,61,0.33958467175585033
105,5,10,150,61,0.0
106,5,10,150,61,0.06516188295518531
107,5,10,150,61,0.0
109,5,10,150,61,0.16563719724029594
110,5,10,150,61,0.0
111,5,10,150,61,0.0
112,5,10,150,61,0.07807600999842033
113,5,10,150,61,0.0
114,5,10,150,61,0.08274602130532002
115,5,10,150,61,0.04001677477281075
116,5,10,150,61,0.0
117,5,10,150,61,0.0
118,5,10,150,61,0.2265416449833316
119,5,10,150,61,0.05891155956989184
120,5,10,150,61,0.0
121,5,10,150,61,0.13032376591037062
122,5,10,150,61,0.0
123,5,10,150,61,0.13720340769293682
124,5,10,150,61,0.0
125,5,10,150,61,0.05446333035917803
126,5,10,150,61,0.0
128,5,10,150,61,0.0
129,5,10,150,61,0.0
130,5,10,150,61,0.15174952279352721
131,5,10,150,61,0.0
132,5,10,150,61,0.0
133,5,10,150,61,0.0
134,5,10,150,61,0.0
135,5,10,150,61,0.0
136,5,10,150,61,0.0
137,5,10,150,61,0.1137075481082292
138,5,10,150,61,0.0976168253917686
139,5,10,150,61,0.10466868931043802
140,5,10,150,61,0.0
141,5,10,150,61,0.04733244938590725
142,5,10,150,61,0.0
143,5,10,150,61,0.0
144,5,10,150,61,0.0
145,5,10,150,61,0.17597149971119974
146,5,10,150,61,0.0
147,5,10,150,61,0.1033846481249528
148,5,10,150,61,0.06916902856231065
149,5,10,150,61,0.0
150,5,10,150,61,0.2640681225725909
151,5,10,150,61,0.1026571794225922
152,5,10,150,61,0.0
153,5,10,150,61,0.0
154,5,10,150,61,0.06416923277158361
155,5,10,150,61,0.0
156,5,10,150,61,0.0
157,5,10,150,61,0.0
158,5,10,150,61,0.11017700922818752
159,5,10,150,61,0.23138144801632507
160,5,10,150,61,0.1719271394881576
161,5,10,150,61,0.0
162,5,10,150,61,0.0
163,5,10,150,61,0.0
164,5,10,150,61,0.0
165,5,10,150,61,0.0
167,5,10,150,61,0.05319635904163211
168,5,10,150,61,0.0
169,5,10,150,61,0.0
170,5,10,150,61,0.0
171,5,10,150,61,0.0
173,5,10,150,61,0.0
174,5,10,150,61,0.06784586495432565
175,5,10,150,61,0.21517910082405575
176,5,10,150,61,0.06289692884934815
177,5,10,150,61,0.38113435412202
178,5,10,150,61,0.12597398707460816
179,5,10,150,61,0.09149012142095872
180,5,10,150,61,0.06228974831361337
181,5,10,150,61,0.09913210981157927
182,5,10,150,61,0.0
183,5,10,150,61,0.15101961822780524
184,5,10,150,61,0.0
185,5,10,150,61,0.0
186,5,10,150,61,0.04633132539002164
187,5,10,150,61,0.0
188,5,10,150,61,0.12925733948536566
189,5,10,150,61,0.18890011590178235
190,5,10,150,61,0.0
192,5,10,150,61,0.123151194370365
193,5,10,150,61,0.0
194,5,10,150,61,0.02924951745434817
195,5,10,150,61,0.11787667935667444
196,5,10,150,61,0.0
197,5,10,150,61,0.09546043308946733
198,5,10,150,61,0.0
199,5,10,150,61,0.0
200,5,10,150,61,0.09785159463516042
201,5,10,150,61,0.0
202,5,10,150,61,0.10466868931043802
203,5,10,150,61,0.0
204,5,10,150,61,0.19519002499605084
205,5,10,150,61,0.0
206,5,10,150,61,0.0
207,5,10,150,61,0.07517955939765397
208,5,10,150,61,0.0
209,5,10,150,61,0.0
210,5,10,150,61,0.2167516193508568
211,5,10,150,61,0.0
213,5,10,150,61,0.15669163589836543
214,5,10,150,61,0.0
216,5,10,150,61,0.23813231172447274
217,5,10,150,61,0.0
218,5,10,150,61,0.0
219,5,10,150,61,0.0
221,5,10,150,61,0.0
222,5,10,150,61,0.1050995674008573
223,5,10,150,61,0.0
224,5,10,150,61,0.0
225,5,10,150,61,0.09077089626867633
226,5,10,150,61,0.19092086617893467
227,5,10,150,61,0.0
228,5,10,150,61,0.0
229,5,10,150,61,0.0
230,5,10,150,61,0.12683081539850163
231,5,10,150,61,0.0
232,5,10,150,61,0.03962341267285813
233,5,10,150,61,0.2699700016563489
234,5,10,150,61,0.09887660119080527
235,5,10,150,61,0.06692738060277027
236,5,10,150,61,0.0
237,5,10,150,61,0.19342640361727081
238,5,10,150,61,0.0
239,5,10,150,61,0.06912040963822193
240,5,10,150,61,0.12495636102304827
241,5,10,150,61,0.0
242,5,10,150,61,0.0
243,5,10,150,61,0.0
244,5,10,150,61,0.049712302565054066
245,5,10,150,61,0.0
246,5,10,150,61,0.0561326498270945
247,5,10,150,61,0.09472348220010487
248,5,10,150,61,0.09472348220010487
249,5,10,150,61,0.056720838976548935
250,5,10,150,61,0.0
251,5,10,150,61,0.13032376591037062
252,5,10,150,61,0.20184908658209985
253,5,10,150,61,0.1084812001944431
254,5,10,150,61,0.08514311764162098
255,5,10,150,61,0.0
256,5,10,150,61,0.038925970325304815
257,5,10,150,61,0.07984133538066794
258,5,10,150,61,0.0
259,5,10,150,61,0.1239740444869306
260,5,10,150,61,0.0
261,5,10,150,61,0.0
262,5,10,150,61,0.0
263,5,10,150,61,0.0956366800683804
264,5,10,150,61,0.0
265,5,10,150,61,0.0
266,5,10,150,61,0.0
267,5,10,150,61,0.17168372277322866
268,5,10,150,61,0.049712302565054066
269,5,10,150,61,0.052962244777770985
270,5,10,150,61,0.041641441310299704
271,5,10,150,61,0.13010624216828925
272,5,10,150,61,0.1702293778633033
273,5,10,150,61,0.0
274,5,10,150,61,0.0
275,5,10,150,61,0.0
276,5,10,150,61,0.15875999922826586
277,5,10,150,61,0.0
278,5,10,150,61,0.0
279,5,10,150,61,0.14661584523264445
280,5,10,150,61,0.16417286747746287
281,5,10,150,61,0.0
282,5,10,150,61,0.0
283,5,10,150,61,0.07028063830038406
284,5,10,150,61,0.0
285,5,10,150,61,0.0
286,5,10,150,61,0.0781170595969038
287,5,10,150,61,0.0
288,5,10,150,61,0.0859574327152926
289,5,10,150,61,0.16903020543979225
290,5,10,150,61,0.07834851647149511
291,5,10,150,61,0.07828167840727236
292,5,10,150,61,0.04224853374256244
293,5,10,150,61,0.07916644227981202
294,5,10,150,61,0.0
295,5,10,150,61,0.2603201838311303
296,5,10,150,61,0.13713660166967986
297,5,10,150,61,0.0
298,5,10,150,61,0.16915623549474385
299,5,10,150,61,0.0
300,5,10,150,61,0.0
301,5,10,150,61,0.06460801587741544
302,5,10,150,61,0.09224219235917257
303,5,10,150,61,0.07354269615643778
304,5,10,150,61,0.0
305,5,10,150,61,0.11349000778741654
306,5,10,150,61,0.0
307,5,10,150,61,0.10778915452451093
308,5,10,150,61,0.13490077762666258
310,5,10,150,61,0.0
311,5,10,150,61,0.13301422444853
312,5,10,150,61,0.1819616199123543
313,5,10,150,61,0.11270402374049442
314,5,10,150,61,0.16600564593053876
315,5,10,150,61,0.037110354711564805
316,5,10,150,61,0.0
317,5,10,150,61,0.0
318,5,10,150,61,0.1642688369468948
319,5,10,150,61,0.0
320,5,10,150,61,0.13927874459665815
321,5,10,150,61,0.0
322,5,10,150,61,0.0
323,5,10,150,61,0.1610425878239398
324,5,10,150,61,0.0
325,5,10,150,61,0.09092803061897883
326,5,10,150,61,0.027288805847552652
327,5,10,150,61,0.025410386140327024
328,5,10,150,61,0.09206364236149692
329,5,10,150,61,0.0
330,5,10,150,61,0.1313681680695099
331,5,10,150,61,0.0
332,5,10,150,61,0.09320485889859448
334,5,10,150,61,0.02249061179923914
335,5,10,150,61,0.0
336,5,10,150,61,0.0780824078938463
337,5,10,150,61,0.0
338,5,10,150,61,0.07132875491150918
339,5,10,150,61,0.1664336467304897
340,5,10,150,61,0.0
341,5,10,150,61,0.0
342,5,10,150,61,0.3608742720986609
343,5,10,150,61,0.09229649639444802
344,5,10,150,61,0.1202034973803211
345,5,10,150,61,0.18015355216717013
346,5,10,150,61,0.04366879852493834
347,5,10,150,61,0.22280620320442554
348,5,10,150,61,0.0
349,5,10,150,61,0.0
350,5,10,150,61,0.058087171966128066
351,5,10,150,61,0.07977344912567227
352,5,10,150,61,0.1903601622684853
353,5,10,150,61,0.14434031438272124
354,5,10,150,61,0.06335619058732639
355,5,10,150,61,0.0
356,5,10,150,61,0.0
357,5,10,150,61,0.0
358,5,10,150,61,0.06364028872631156
359,5,10,150,61,0.3010299956639812
360,5,10,150,61,0.12982031659526816
361,5,10,150,61,0.09478836436955078
362,5,10,150,61,0.0
363,5,10,150,61,0.24101654828754165
364,5,10,150,61,0.0
365,5,10,150,61,0.0
366,5,10,150,61,0.0
367,5,10,150,61,0.0
368,5,10,150,61,0.0
369,5,10,150,61,0.0
370,5,10,150,61,0.0
371,5,10,150,61,0.19950301641376814
372,5,10,150,61,0.15130120674940672
373,5,10,150,61,0.22842722979011518
374,5,10,150,61,0.07472550252128253
375,5,10,150,61,0.0
376,5,10,150,61,0.0
377,5,10,150,61,0.0
378,5,10,150,61,0.13635638482251203
379,5,10,150,61,0.08433239722469389
380,5,10,150,61,0.0
381,5,10,150,61,0.0
382,5,10,150,61,0.09952375175972906
383,5,10,150,61,0.07822955820619495
384,5,10,150,61,0.0
385,5,10,150,61,0.0
386,5,10,150,61,0.0
387,5,10,150,61,0.08586571489348302
388,5,10,150,61,0.05789711601244791
389,5,10,150,61,0.09284203700798714
390,5,10,150,61,0.0
391,5,10,150,61,0.11245246430543061
392,5,10,150,61,0.1484702586346916
393,5,10,150,61,0.14831626207850976
394,5,10,150,61,0.16570616085215287
395,5,10,150,61,0.0
396,5,10,150,61,0.0
397,5,10,150,61,0.11004588314904008
398,5,10,150,61,0.28368572779044043
399,5,10,150,61,0.026175882249243814
400,5,10,150,61,0.0
401,5,10,150,61,0.02839245759615368
402,5,10,150,61,0.0
403,5,10,150,61,0.2529427027676571
404,5,10,150,61,0.0
405,5,10,150,61,0.034013552927893966
406,5,10,150,61,0.06360190926466157
407,5,10,150,61,0.09046795885890169
408,5,10,150,61,0.09983719697789138
409,5,10,150,61,0.05800611307095368
410,5,10,150,61,0.0
411,5,10,150,61,0.17342765698823945
412,5,10,150,61,0.0
413,5,10,150,61,0.0
414,5,10,150,61,0.21398626473452756
415,5,10,150,61,0.0
416,5,10,150,61,0.14637519139526847
417,5,10,150,61,0.11088189053445036
419,5,10,150,61,0.3536251441097701
420,5,10,150,61,0.05478392673173268
421,5,10,150,61,0.04264945290455212
422,5,10,150,61,0.0
423,5,10,150,61,0.13523051443907988
424,5,10,150,61,0.0401239863376113
425,5,10,150,61,0.2082843711703412
426,5,10,150,61,0.13571943816109763
427,5,10,150,61,0.0
428,5,10,150,61,0.0
429,5,10,150,61,0.14041959417088476
430,5,10,150,61,0.1261446714466394
431,5,10,150,61,0.0
432,5,10,150,61,0.0
433,5,10,150,61,0.0
434,5,10,150,61,0.3903800499921017
435,5,10,150,61,0.09964084501257568
436,5,10,150,61,0.08868088264964148
437,5,10,150,61,0.22972973128433707
438,5,10,150,61,0.0
439,5,10,150,61,0.0
440,5,10,150,61,0.06175696970122604
441,5,10,150,61,0.0
442,5,10,150,61,0.0
443,5,10,150,61,0.0
445,5,10,150,61,0.0
446,5,10,150,61,0.0
447,5,10,150,61,0.2726897692124621
448,5,10,150,61,0.0
449,5,10,150,61,0.07784399437297408
450,5,10,150,61,0.22640083277136241
451,5,10,150,61,0.0
452,5,10,150,61,0.07830573469972951
453,5,10,150,61,0.029956785715628154
454,5,10,150,61,0.060700497476813886
455,5,10,150,61,0.04532988990328068
456,5,10,150,61,0.07758828619721583
457,5,10,150,61,0.29418445531213994
458,5,10,150,61,0.04507276838148142
459,5,10,150,61,0.0
460,5,10,150,61,0.0
461,5,10,150,61,0.0
462,5,10,150,61,0.0
463,5,10,150,61,0.0
464,5,10,150,61,0.0
465,5,10,150,61,0.0
466,5,10,150,61,0.03947525607388688
467,5,10,150,61,0.1436337620239326
468,5,10,150,61,0.25116683884278784
469,5,10,150,61,0.057417722536754784
470,5,10,150,61,0.0
471,5,10,150,61,0.0
472,5,10,150,61,0.14903271548086697
473,5,10,150,61,0.08754031530847717
474,5,10,150,61,0.3170746575501129
475,5,10,150,61,0.06516188295518531
476,5,10,150,61,0.0
477,5,10,150,61,0.055100238151135045
478,5,10,150,61,0.23782833255689273
479,5,10,150,61,0.07834096783470737
480,5,10,150,61,0.21398626473452756
481,5,10,150,61,0.13863671367752411
482,5,10,150,61,0.0
483,5,10,150,61,0.06912040963822193
484,5,10,150,61,0.09353062527112192
485,5,10,150,61,0.0
486,5,10,150,61,0.10311241692162332
487,5,10,150,61,0.2215000938796789
488,5,10,150,61,0.0
489,5,10,150,61,0.0
490,5,10,150,61,0.0
491,5,10,150,61,0.19092086617893467
492,5,10,150,61,0.12471554514794539
493,5,10,150,61,0.0332568859495131
494,5,10,150,61,0.038069204686089174
495,5,10,150,61,0.11868174655260626
496,5,10,150,61,0.05459112561892713
497,5,10,150,61,0.04285286422081118
498,5,10,150,61,0.03855307727568851
499,5,10,150,61,0.1912282106369008
500,5,10,150,61,0.05011951520627559
501,5,10,150,61,0.0
502,5,10,150,61,0.06364028872631156
503,5,10,150,61,0.2114707128475192
504,5,10,150,61,0.0
505,5,10,150,61,0.0
506,5,10,150,61,0.10589517949214913
507,5,10,150,61,0.0
508,5,10,150,61,0.0
509,5,10,150,61,0.06474271459046577
510,5,10,150,61,0.0
511,5,10,150,61,0.0
512,5,10,150,61,0.18316925091363362
513,5,10,150,61,0.0461651444771445
514,5,10,150,61,0.10595566933616397
515,5,10,150,61,0.0
516,5,10,150,61,0.13768197790533618
517,5,10,150,61,0.042259191411409554
518,5,10,150,61,0.0
519,5,10,150,61,0.038800293177871176
520,5,10,150,61,0.0
521,5,10,150,61,0.0
522,5,10,150,61,0.0
523,5,10,150,61,0.0316088333445714
524,5,10,150,61,0.10258209047527363
525,5,10,150,61,0.0
526,5,10,150,61,0.06235626924550528
527,5,10,150,61,0.14943863047793596
528,5,10,150,61,0.14110144150616766
529,5,10,150,61,0.07064774175419336
530,5,10,150,61,0.0
531,5,10,150,61,0.0
532,5,10,150,61,0.04774713204658456
533,5,10,150,61,0.12731562344278502
534,5,10,150,61,0.07450923581469894
535,5,10,150,61,0.2871959083713276
536,5,10,150,61,0.23620378562439379
537,5,10,150,61,0.40920202061979466
538,5,10,150,61,0.0
539,5,10,150,61,0.1560067947598593
540,5,10,150,61,0.0
541,5,10,150,61,0.1448454408452497
542,5,10,150,61,0.12627825946936164
543,5,10,150,61,0.0
544,5,10,150,61,0.07631352592005593
545,5,10,150,61,0.052962244777770985
546,5,10,150,61,0.15314106296495628
547,5,10,150,61,0.0
548,5,10,150,61,0.05336341632593696
549,5,10,150,61,0.0
550,5,10,150,61,0.13436217909546777
551,5,10,150,61,0.2561873335513522
552,5,10,150,61,0.0
553,5,10,150,61,0.16102243342487008
554,5,10,150,61,0.16600564593053876
555,5,10,150,61,0.0
556,5,10,150,61,0.08876245163110816
557,5,10,150,61,0.053894577262255466
558,5,10,150,61,0.05718685316335169
559,5,10,150,61,0.0734773909038217
560,5,10,150,61,0.24050284760456656
561,5,10,150,61,0.0228102917228583
562,5,10,150,61,0.034743705427429224
563,5,10,150,61,0.0
564,5,10,150,61,0.0
565,5,10,150,61,0.18568675205192314
566,5,10,150,61,0.13665387068436016
567,5,10,150,61,0.13463074517970205
568,5,10,150,61,0.057107346298225524
569,5,10,150,61,0.0336639187988199
570,5,10,150,61,0.0
571,5,10,150,61,0.0
572,5,10,150,61,0.058995070558427745
573,5,10,150,61,0.0
574,5,10,150,61,0.04185567464896701
575,5,10,150,61,0.0
576,5,10,150,61,0.17342765698823945
577,5,10,150,61,0.22186862389759224
578,5,10,150,61,0.09818998961169394
579,5,10,150,61,0.0
580,5,10,150,61,0.16049923379569733
581,5,10,150,61,0.0
582,5,10,150,61,0.028361369701356044
583,5,10,150,61,0.04579340374561851
584,5,10,150,61,0.0
585,5,10,150,61,0.0
586,5,10,150,61,0.07482758161941112
587,5,10,150,61,0.0
588,5,10,150,61,0.19986322535792533
589,5,10,150,61,0.0
590,5,10,150,61,0.18511573258657482
591,5,10,150,61,0.15758427078022966
592,5,10,150,61,0.2638035510169868
593,5,10,150,61,0.168820460938874
594,5,10,150,61,0.0843142342558857
595,5,10,150,61,0.0
596,5,10,150,61,0.0
597,5,10,150,61,0.0
598,5,10,150,61,0.11752277470724268
599,5,10,150,61,0.16402353420682853
600,5,10,150,61,0.0
601,5,10,150,61,0.026557570376145638
602,5,10,150,61,0.0
603,5,10,150,61,0.06194403202282284
604,5,10,150,61,0.0
605,5,10,150,61,0.10589838376326657
606,5,10,150,61,0.2138150508755678
607,5,10,150,61,0.0
608,5,10,150,61,0.126140293880171
609,5,10,150,61,0.11838279295536291
610,5,10,150,61,0.029785542524894418
611,5,10,150,61,0.03927158715985786
612,5,10,150,61,0.0
613,5,10,150,61,0.2049174583553662
614,5,10,150,61,0.13886244387355454
615,5,10,150,61,0.08391725636078755
616,5,10,150,61,0.09781579202094404
617,5,10,150,61,0.03804989622115975
618,5,10,150,61,0.13693830900397266
619,5,10,150,61,0.1303945739341477
620,5,10,150,61,0.1451323880538222
621,5,10,150,61,0.13589759152345549
622,5,10,150,61,0.10022910267662996
623,5,10,150,61,0.050143326786652107
624,5,10,150,61,0.019160322430058573
625,5,10,150,61,0.0
626,5,10,150,61,0.04690797720830594
627,5,10,150,61,0.04289205981312439
628,5,10,150,61,0.0
629,5,10,150,61,0.1814524963780846
630,5,10,150,61,0.09942460513010813
631,5,10,150,61,0.09240791929215005
632,5,10,150,61,0.31631217683169366
633,5,10,150,61,0.0455520698635181
634,5,10,150,61,0.023756977677906275
635,5,10,150,61,0.039407921945699885
636,5,10,150,61,0.0
637,5,10,150,61,0.0
638,5,10,150,61,0.15473934503245962
639,5,10,150,61,0.0
640,5,10,150,61,0.0637867864178444
641,5,10,150,61,0.03570665676503816
642,5,10,150,61,0.12092516218161403
643,5,10,150,61,0.15031592367651372
644,5,10,150,61,0.0
645,5,10,150,61,0.1856947245529553
646,5,10,150,61,0.0
647,5,10,150,61,0.03673869545191085
648,5,10,150,61,0.07659870207579295
649,5,10,150,61,0.0
650,5,10,150,61,0.08395139967477445
651,5,10,150,61,0.0
652,5,10,150,61,0.0
653,5,10,150,61,0.050411062112536584
654,5,10,150,61,0.17020900230175445
655,5,10,150,61,0.2824014803031514
656,5,10,150,61,0.0
657,5,10,150,61,0.053845569940583225
658,5,10,150,61,0.0
659,5,10,150,61,0.07075240780563574
660,5,10,150,61,0.0
661,5,10,150,61,0.12705991527984942
662,5,10,150,61,0.0
663,5,10,150,61,0.07874514948204092
664,5,10,150,61,0.05391021349625259
665,5,10,150,61,0.0
666,5,10,150,61,0.07860744541237058
667,5,10,150,61,0.23495437216186538
668,5,10,150,61,0.0
669,5,10,150,61,0.2672968266839232
670,5,10,150,61,0.15539533467551025
671,5,10,150,61,0.17434206503696043
672,5,10,150,61,0.0
673,5,10,150,61,0.0
674,5,10,150,61,0.0
675,5,10,150,61,0.05010834716923557
676,5,10,150,61,0.0
677,5,10,150,61,0.03927489746221688
678,5,10,150,61,0.0
679,5,10,150,61,0.26970586372388394
680,5,10,150,61,0.2073612289146658
681,5,10,150,61,0.0
682,5,10,150,61,0.10914909745414872
683,5,10,150,61,0.06289349548893712
684,5,10,150,61,0.0
685,5,10,150,61,0.0
686,5,10,150,61,0.08962483220812449
687,5,10,150,61,0.0
688,5,10,150,61,0.0
689,5,10,150,61,0.32436268379537736
690,5,10,150,61,0.0
691,5,10,150,61,0.0
692,5,10,150,61,0.0
693,5,10,150,61,0.0
694,5,10,150,61,0.20269611984358588
695,5,10,150,61,0.031112565128707144
696,5,10,150,61,0.12935879342602336
697,5,10,150,61,0.06378035696304758
698,5,10,150,61,0.09499131598480672
699,5,10,150,61,0.0
700,5,10,150,61,0.16958010263680806
701,5,10,150,61,0.04129602134854855
702,5,10,150,61,0.0
703,5,10,150,61,0.03870447337439288
704,5,10,150,61,0.09986079379105446
705,5,10,150,61,0.18775788588526962
706,5,10,150,61,0.0
707,5,10,150,61,0.11708336579828618
708,5,10,150,61,0.06058075640309377
709,5,10,150,61,0.10371915894912967
710,5,10,150,61,0.05710411178654767
711,5,10,150,61,0.14431653919064127
712,5,10,150,61,0.12435918123916344
713,5,10,150,61,0.0
714,5,10,150,61,0.04195229264874745
715,5,10,150,61,0.07261309108674657
716,5,10,150,61,0.16527742914203208
717,5,10,150,61,0.18940567332300148
718,5,10,150,61,0.14061157344379913
719,5,10,150,61,0.13839707910804644
720,5,10,150,61,0.05261577455142312
721,5,10,150,61,0.13816096658946317
722,5,10,150,61,0.0
723,5,10,150,61,0.0
724,5,10,150,61,0.0
725,5,10,150,61,0.05750402108673013
726,5,10,150,61,0.2529427027676571
727,5,10,150,61,0.09142542613896823
728,5,10,150,61,0.0
729,5,10,150,61,0.0
730,5,10,150,61,0.0
731,5,10,150,61,0.04466441818602386
732,5,10,150,61,0.0
733,5,10,150,61,0.0
734,5,10,150,61,0.0655813061736612
735,5,10,150,61,0.0
736,5,10,150,61,0.0
737,5,10,150,61,0.16282663249631943
738,5,10,150,61,0.2632431729022225
739,5,10,150,61,0.0
740,5,10,150,61,0.0
741,5,10,150,61,0.10965210684801945
742,5,10,150,61,0.04553761034739079
743,5,10,150,61,0.0814476682319001
744,5,10,150,61,0.08878770367712427
745,5,10,150,61,0.3682049230943936
746,5,10,150,61,0.11450296808588954
747,5,10,150,61,0.3813374042204432
748,5,10,150,61,0.1946257849561795
749,5,10,150,61,0.1453997128793819
750,5,10,150,61,0.07219614103266732
751,5,10,150,61,0.08387405199623103
752,5,10,150,61,0.020210299806331135
753,5,10,150,61,0.15406810205846871
754,5,10,150,61,0.0
755,5,10,150,61,0.067228724047084
756,5,10,150,61,0.05421299273764631
757,5,10,150,61,0.05458983228474977
758,5,10,150,61,0.21429314150339274
759,5,10,150,61,0.038281751104512325
760,5,10,150,61,0.11447590313611888
761,5,10,150,61,0.03339755935325358
762,5,10,150,61,0.11568388634051256
763,5,10,150,61,0.20859185628046678
764,5,10,150,61,0.08207588022692468
765,5,10,150,61,0.0
766,5,10,150,61,0.050541549839211865
767,5,10,150,61,0.2073612289146658
768,5,10,150,61,0.07655078846581868
769,5,10,150,61,0.0
770,5,10,150,61,0.04692206785373726
771,5,10,150,61,0.19449231038235978
772,5,10,150,61,0.03353522641880846
773,5,10,150,61,0.08236155615232364
774,5,10,150,61,0.04216230489922578
775,5,10,150,61,0.0
776,5,10,150,61,0.0949413284627631
777,5,10,150,61,0.14445412169961394
778,5,10,150,61,0.024850109207689472
779,5,10,150,61,0.05878132199396477
780,5,10,150,61,0.07751937086606239
781,5,10,150,61,0.21898681539091044
782,5,10,150,61,0.012983634264029471
783,5,10,150,61,0.0
784,5,10,150,61,0.0
785,5,10,150,61,0.048159222084064895
786,5,10,150,61,0.13370327844286975
787,5,10,150,61,0.0683037314796457
788,5,10,150,61,0.18144495183962359
789,5,10,150,61,0.059109628562248356
790,5,10,150,61,0.06797501626315579
791,5,10,150,61,0.0
792,5,10,150,61,0.0
793,5,10,150,61,0.0
794,5,10,150,61,0.22201254783236782
795,5,10,150,61,0.09983890084139123
796,5,10,150,61,0.3683744577081941
797,5,10,150,61,0.09030583455080088
798,5,10,150,61,0.10068239590464315
799,5,10,150,61,0.0
800,5,10,150,61,0.0
801,5,10,150,61,0.03096677356901516
802,5,10,150,61,0.030863419558816
803,5,10,150,61,0.0
804,5,10,150,61,0.1768541616803139
805,5,10,150,61,0.12375071039871133
806,5,10,150,61,0.14516482484072926
807,5,10,150,61,0.22499538738207606
808,5,10,150,61,0.040655755922716606
809,5,10,150,61,0.07484323939884738
810,5,10,150,61,0.0
811,5,10,150,61,0.0
812,5,10,150,61,0.0
813,5,10,150,61,0.17367331957930765
814,5,10,150,61,0.09144287629100999
815,5,10,150,61,0.2513362303714026
816,5,10,150,61,0.08005612702969578
817,5,10,150,61,0.0
818,5,10,150,61,0.0
819,5,10,150,61,0.15575997463127336
820,5,10,150,61,0.041641441310299704
821,5,10,150,61,0.1716292605492022
822,5,10,150,61,0.0
823,5,10,150,61,0.3229701384576321
824,5,10,150,61,0.0
825,5,10,150,61,0.0882433721132512
826,5,10,150,61,0.0956022175683246
827,5,10,150,61,0.0
828,5,10,150,61,0.07244745602732354
829,5,10,150,61,0.1633399391391799
830,5,10,150,61,0.10053254151308513
831,5,10,150,61,0.18383471536304422
832,5,10,150,61,0.041355644490859725
833,5,10,150,61,0.14972332288597237
834,5,10,150,61,0.020919434760060668
835,5,10,150,61,0.082546902593288
836,5,10,150,61,0.10882945376944808
837,5,10,150,61,0.0
838,5,10,150,61,0.14570435926304814
839,5,10,150,61,0.05646784228340616
840,5,10,150,61,0.31339085052269544
841,5,10,150,61,0.0
842,5,10,150,61,0.03314153504336938
843,5,10,150,61,0.10602634790004786
844,5,10,150,61,0.14767302746812566
845,5,10,150,61,0.0
846,5,10,150,61,0.3072605192931726
847,5,10,150,61,0.0
848,5,10,150,61,0.0930169784390604
849,5,10,150,61,0.08280898853927336
850,5,10,150,61,0.20069031232476098
851,5,10,150,61,0.2953186533928467
852,5,10,150,61,0.0
853,5,10,150,61,0.0
854,5,10,150,61,0.17058451951764564
855,5,10,150,61,0.0
856,5,10,150,61,0.031742154565302834
857,5,10,150,61,0.0
858,5,10,150,61,0.0
859,5,10,150,61,0.0
860,5,10,150,61,0.01655521147192675
861,5,10,150,61,0.12001290632387755
862,5,10,150,61,0.22483351300245483
863,5,10,150,61,0.0
864,5,10,150,61,0.29225990947411457
865,5,10,150,61,0.015797522321751672
866,5,10,150,61,0.12374681498530773
867,5,10,150,61,0.27550905731686676
868,5,10,150,61,0.1283456609613064
869,5,10,150,61,0.09414478450656023
870,5,10,150,61,0.11555347016849678
871,5,10,150,61,0.22160652373114856
872,5,10,150,61,0.01624882666837855
873,5,10,150,61,0.0
874,5,10,150,61,0.06575393297476358
875,5,10,150,61,0.22155784660169645
876,5,10,150,61,0.0
877,5,10,150,61,0.03487978243545732
878,5,10,150,61,0.05750174181024666
879,5,10,150,61,0.07180913162424091
880,5,10,150,61,0.3407058706536761
881,5,10,150,61,0.30631509147279756
882,5,10,150,61,0.30240191351287193
883,5,10,150,61,0.3643112692454212
884,5,10,150,61,0.028767091820622218
885,5,10,150,61,0.10709607345972089
886,5,10,150,61,0.18729932910678695
887,5,10,150,61,0.1483051218948978
888,5,10,150,61,0.0
889,5,10,150,61,0.25764028148921225
890,5,10,150,61,0.2931064166691747
891,5,10,150,61,0.09013275514532934
892,5,10,150,61,0.4174853531491248
893,5,10,150,61,0.05014695371369417
894,5,10,150,61,0.22499691785911133
895,5,10,150,61,0.0
896,5,10,150,61,0.3838841884688916
897,5,10,150,61,0.23489464391489698
898,5,10,150,61,0.0
899,5,10,150,61,0.17316755022813385
900,5,10,150,61,0.07027548980333784
901,5,10,150,61,0.26068215557263263
902,5,10,150,61,0.025255271126572616
903,5,10,150,61,0.38106288444653497
904,5,10,150,61,0.0
905,5,10,150,61,0.08773956418811966
906,5,10,150,61,0.0
907,5,10,150,61,0.20930217042194474
908,5,10,150,61,0.19230103681757216
909,5,10,150,61,0.0
910,5,10,150,61,0.14111581018360284
911,5,10,150,61,0.07221694898330532
912,5,10,150,61,0.13592301418951958
913,5,10,150,61,0.18591290842535854
914,5,10,150,61,0.0
915,5,10,150,61,0.0
916,5,10,150,61,0.22017053215748109
917,5,10,150,61,0.019845431127916993
918,5,10,150,61,0.0253533085437572
919,5,10,150,61,0.13367015217926187
920,5,10,150,61,0.26814570941777965
921,5,10,150,61,0.02616580983127378
922,5,10,150,61,0.1400298883917368
923,5,10,150,61,0.053605537438321305
924,5,10,150,61,0.10476875172292892
925,5,10,150,61,0.039791360812020615
926,5,10,150,61,0.18690891198435525
927,5,10,150,61,0.10594080325332561
928,5,10,150,61,0.2047606321191804
929,5,10,150,61,0.0753982504991096
930,5,10,150,61,0.12668740771092546
931,5,10,150,61,0.059539365700728666
932,5,10,150,61,0.38032611616100404
933,5,10,150,61,0.06650198671091169
934,5,10,150,61,0.21273500387844202
935,5,10,150,61,0.043888403129016776
936,5,10,150,61,0.12173263412582833
937,5,10,150,61,0.09560624946230661
938,5,10,150,61,0.09582892784693606
939,5,10,150,61,0.05231692143384187
940,5,10,150,61,0.10001158885707093
941,5,10,150,61,0.19937616723755375
942,5,10,150,61,0.13847133856486593
943,5,10,150,61,0.18490006974793424
1,5,10,150,62,0.4058715898896693
2,5,10,150,62,0.14433828292945616
3,5,10,150,62,0.08759200575528697
4,5,10,150,62,0.0
5,5,10,150,62,0.04470486007704452
6,5,10,150,62,0.04187254809446048
7,5,10,150,62,0.20711452932119445
8,5,10,150,62,0.0
9,5,10,150,62,0.0
10,5,10,150,62,0.3005733545514552
11,5,10,150,62,0.03947525607388688
12,5,10,150,62,0.14632177291384774
13,5,10,150,62,0.24256092752724764
14,5,10,150,62,0.18795160328752808
15,5,10,150,62,0.0
16,5,10,150,62,0.19107502160562695
17,5,10,150,62,0.0
18,5,10,150,62,0.17872418048185143
19,5,10,150,62,0.0
20,5,10,150,62,0.13743816645714543
21,5,10,150,62,0.15232559003472054
22,5,10,150,62,0.040815803121742565
23,5,10,150,62,0.10387012192613786
24,5,10,150,62,0.08835266840320231
25,5,10,150,62,0.23940867474021393
26,5,10,150,62,0.0
27,5,10,150,62,0.0
28,5,10,150,62,0.052106753859569234
30,5,10,150,62,0.08133484538841967
31,5,10,150,62,0.11164668500969883
32,5,10,150,62,0.19519002499605084
33,5,10,150,62,0.0
34,5,10,150,62,0.0
35,5,10,150,62,0.0
37,5,10,150,62,0.08177471774917201
38,5,10,150,62,0.0
39,5,10,150,62,0.0
40,5,10,150,62,0.0
41,5,10,150,62,0.06835476917178976
42,5,10,150,62,0.08850778826764391
43,5,10,150,62,0.0
44,5,10,150,62,0.29540493557662006
45,5,10,150,62,0.0
46,5,10,150,62,0.0
47,5,10,150,62,0.0
48,5,10,150,62,0.07028063830038406
49,5,10,150,62,0.05432573058142762
52,5,10,150,62,0.0
53,5,10,150,62,0.0
54,5,10,150,62,0.0
55,5,10,150,62,0.0
56,5,10,150,62,0.11781210270929884
57,5,10,150,62,0.1318392860374695
58,5,10,150,62,0.40256699612340546
59,5,10,150,62,0.19233148606048747
60,5,10,150,62,0.1076743759411119
61,5,10,150,62,0.0
62,5,10,150,62,0.09586820699422145
63,5,10,150,62,0.0
64,5,10,150,62,0.07635718686081962
65,5,10,150,62,0.2342550150352983
66,5,10,150,62,0.06636133566432367
67,5,10,150,62,0.0
68,5,10,150,62,0.0
69,5,10,150,62,0.0
70,5,10,150,62,0.0
71,5,10,150,62,0.20758456043036028
72,5,10,150,62,0.10990826949013655
73,5,10,150,62,0.10052888926242022
74,5,10,150,62,0.0
75,5,10,150,62,0.0
76,5,10,150,62,0.10633668103022985
77,5,10,150,62,0.14247142730086715
78,5,10,150,62,0.0
79,5,10,150,62,0.0
80,5,10,150,62,0.0
81,5,10,150,62,0.08878770367712427
82,5,10,150,62,0.03187578878809277
83,5,10,150,62,0.07414861528507455
84,5,10,150,62,0.07550980911390262
85,5,10,150,62,0.04734112273659951
86,5,10,150,62,0.0
87,5,10,150,62,0.16641625059082407
88,5,10,150,62,0.18920035951687003
89,5,10,150,62,0.0
90,5,10,150,62,0.1707098375184088
91,5,10,150,62,0.0
92,5,10,150,62,0.03369782041898502
93,5,10,150,62,0.0
94,5,10,150,62,0.12253429761719764
95,5,10,150,62,0.07849567312219397
96,5,10,150,62,0.0
97,5,10,150,62,0.0
98,5,10,150,62,0.0
99,5,10,150,62,0.13337585439143895
100,5,10,150,62,0.0
101,5,10,150,62,0.0
102,5,10,150,62,0.0
103,5,10,150,62,0.0
104,5,10,150,62,0.33958467175585033
105,5,10,150,62,0.0
106,5,10,150,62,0.06516188295518531
107,5,10,150,62,0.0
109,5,10,150,62,0.16563719724029594
110,5,10,150,62,0.0
111,5,10,150,62,0.0
112,5,10,150,62,0.07807600999842033
113,5,10,150,62,0.0
114,5,10,150,62,0.08274602130532002
115,5,10,150,62,0.04001677477281075
116,5,10,150,62,0.0
117,5,10,150,62,0.0
118,5,10,150,62,0.2265416449833316
119,5,10,150,62,0.05891155956989184
120,5,10,150,62,0.0
121,5,10,150,62,0.13032376591037062
122,5,10,150,62,0.0
123,5,10,150,62,0.13720340769293682
124,5,10,150,62,0.0
125,5,10,150,62,0.05446333035917803
126,5,10,150,62,0.0
128,5,10,150,62,0.0
129,5,10,150,62,0.0
130,5,10,150,62,0.15174952279352721
131,5,10,150,62,0.0
132,5,10,150,62,0.0
133,5,10,150,62,0.0
134,5,10,150,62,0.0
135,5,10,150,62,0.0
136,5,10,150,62,0.0
137,5,10,150,62,0.1137075481082292
138,5,10,150,62,0.0976168253917686
139,5,10,150,62,0.10466868931043802
140,5,10,150,62,0.0
141,5,10,150,62,0.04733244938590725
142,5,10,150,62,0.0
143,5,10,150,62,0.0
144,5,10,150,62,0.0
145,5,10,150,62,0.17597149971119974
146,5,10,150,62,0.0
147,5,10,150,62,0.1033846481249528
148,5,10,150,62,0.13447968072991395
149,5,10,150,62,0.0
150,5,10,150,62,0.2640681225725909
151,5,10,150,62,0.1026571794225922
152,5,10,150,62,0.0
153,5,10,150,62,0.0
154,5,10,150,62,0.06416923277158361
155,5,10,150,62,0.0
156,5,10,150,62,0.0
157,5,10,150,62,0.0
158,5,10,150,62,0.11017700922818752
159,5,10,150,62,0.23138144801632507
160,5,10,150,62,0.1719271394881576
161,5,10,150,62,0.0
162,5,10,150,62,0.0
163,5,10,150,62,0.0
164,5,10,150,62,0.0
165,5,10,150,62,0.0
167,5,10,150,62,0.05319635904163211
168,5,10,150,62,0.0
169,5,10,150,62,0.0
170,5,10,150,62,0.0
171,5,10,150,62,0.0
173,5,10,150,62,0.0
174,5,10,150,62,0.06784586495432565
175,5,10,150,62,0.21517910082405575
176,5,10,150,62,0.06289692884934815
177,5,10,150,62,0.38113435412202
178,5,10,150,62,0.12597398707460816
179,5,10,150,62,0.09149012142095872
180,5,10,150,62,0.06228974831361337
181,5,10,150,62,0.09913210981157927
182,5,10,150,62,0.0
183,5,10,150,62,0.15101961822780524
184,5,10,150,62,0.0
185,5,10,150,62,0.0
186,5,10,150,62,0.04633132539002164
187,5,10,150,62,0.0
188,5,10,150,62,0.12925733948536566
189,5,10,150,62,0.18890011590178235
190,5,10,150,62,0.0
192,5,10,150,62,0.123151194370365
193,5,10,150,62,0.0
194,5,10,150,62,0.02924951745434817
195,5,10,150,62,0.11787667935667444
196,5,10,150,62,0.0
197,5,10,150,62,0.09546043308946733
198,5,10,150,62,0.0
199,5,10,150,62,0.0
200,5,10,150,62,0.09785159463516042
201,5,10,150,62,0.0
202,5,10,150,62,0.10466868931043802
203,5,10,150,62,0.0
204,5,10,150,62,0.19519002499605084
205,5,10,150,62,0.0
206,5,10,150,62,0.0
207,5,10,150,62,0.07517955939765397
208,5,10,150,62,0.0
209,5,10,150,62,0.0
210,5,10,150,62,0.2167516193508568
211,5,10,150,62,0.0
213,5,10,150,62,0.15669163589836543
214,5,10,150,62,0.0
216,5,10,150,62,0.23813231172447274
217,5,10,150,62,0.0
218,5,10,150,62,0.0
219,5,10,150,62,0.0
221,5,10,150,62,0.0
222,5,10,150,62,0.1050995674008573
223,5,10,150,62,0.0
224,5,10,150,62,0.0
225,5,10,150,62,0.09077089626867633
226,5,10,150,62,0.19092086617893467
227,5,10,150,62,0.0
228,5,10,150,62,0.0
229,5,10,150,62,0.0
230,5,10,150,62,0.12683081539850163
231,5,10,150,62,0.0
232,5,10,150,62,0.03962341267285813
233,5,10,150,62,0.2699700016563489
234,5,10,150,62,0.09887660119080527
235,5,10,150,62,0.06692738060277027
236,5,10,150,62,0.0
237,5,10,150,62,0.19342640361727081
238,5,10,150,62,0.0
239,5,10,150,62,0.06912040963822193
240,5,10,150,62,0.12495636102304827
241,5,10,150,62,0.0
242,5,10,150,62,0.0
243,5,10,150,62,0.0
244,5,10,150,62,0.049712302565054066
245,5,10,150,62,0.0
246,5,10,150,62,0.0561326498270945
247,5,10,150,62,0.09472348220010487
248,5,10,150,62,0.09472348220010487
249,5,10,150,62,0.056720838976548935
250,5,10,150,62,0.0
251,5,10,150,62,0.13032376591037062
252,5,10,150,62,0.20184908658209985
253,5,10,150,62,0.1084812001944431
254,5,10,150,62,0.08514311764162098
255,5,10,150,62,0.0
256,5,10,150,62,0.038925970325304815
257,5,10,150,62,0.07984133538066794
258,5,10,150,62,0.0
259,5,10,150,62,0.1239740444869306
260,5,10,150,62,0.0
261,5,10,150,62,0.0
262,5,10,150,62,0.0
263,5,10,150,62,0.0956366800683804
264,5,10,150,62,0.0
265,5,10,150,62,0.0
266,5,10,150,62,0.0
267,5,10,150,62,0.17168372277322866
268,5,10,150,62,0.049712302565054066
269,5,10,150,62,0.052962244777770985
270,5,10,150,62,0.041641441310299704
271,5,10,150,62,0.13010624216828925
272,5,10,150,62,0.1702293778633033
273,5,10,150,62,0.0
274,5,10,150,62,0.0
275,5,10,150,62,0.0
276,5,10,150,62,0.15875999922826586
277,5,10,150,62,0.0
278,5,10,150,62,0.0
279,5,10,150,62,0.14661584523264445
280,5,10,150,62,0.16417286747746287
281,5,10,150,62,0.0
282,5,10,150,62,0.0
283,5,10,150,62,0.07028063830038406
284,5,10,150,62,0.0
285,5,10,150,62,0.0
286,5,10,150,62,0.0781170595969038
287,5,10,150,62,0.0
288,5,10,150,62,0.0859574327152926
289,5,10,150,62,0.16903020543979225
290,5,10,150,62,0.07834851647149511
291,5,10,150,62,0.07828167840727236
292,5,10,150,62,0.04224853374256244
293,5,10,150,62,0.09565771930304079
294,5,10,150,62,0.0
295,5,10,150,62,0.2603201838311303
296,5,10,150,62,0.13713660166967986
297,5,10,150,62,0.0
298,5,10,150,62,0.16915623549474385
299,5,10,150,62,0.0
300,5,10,150,62,0.0
301,5,10,150,62,0.06460801587741544
302,5,10,150,62,0.09224219235917257
303,5,10,150,62,0.07354269615643778
304,5,10,150,62,0.0
305,5,10,150,62,0.11349000778741654
306,5,10,150,62,0.0
307,5,10,150,62,0.10778915452451093
308,5,10,150,62,0.13490077762666258
310,5,10,150,62,0.0
311,5,10,150,62,0.13301422444853
312,5,10,150,62,0.1819616199123543
313,5,10,150,62,0.11270402374049442
314,5,10,150,62,0.16600564593053876
315,5,10,150,62,0.037110354711564805
316,5,10,150,62,0.0
317,5,10,150,62,0.0
318,5,10,150,62,0.1642688369468948
319,5,10,150,62,0.0
320,5,10,150,62,0.13927874459665815
321,5,10,150,62,0.0
322,5,10,150,62,0.0
323,5,10,150,62,0.1610425878239398
324,5,10,150,62,0.0
325,5,10,150,62,0.09092803061897883
326,5,10,150,62,0.027288805847552652
327,5,10,150,62,0.025410386140327024
328,5,10,150,62,0.09206364236149692
329,5,10,150,62,0.0
330,5,10,150,62,0.1313681680695099
331,5,10,150,62,0.0
332,5,10,150,62,0.09320485889859448
334,5,10,150,62,0.02249061179923914
335,5,10,150,62,0.0
336,5,10,150,62,0.0780824078938463
337,5,10,150,62,0.0
338,5,10,150,62,0.07132875491150918
339,5,10,150,62,0.1664336467304897
340,5,10,150,62,0.0
341,5,10,150,62,0.0
342,5,10,150,62,0.3608742720986609
343,5,10,150,62,0.09229649639444802
344,5,10,150,62,0.1202034973803211
345,5,10,150,62,0.18015355216717013
346,5,10,150,62,0.04366879852493834
347,5,10,150,62,0.22280620320442554
348,5,10,150,62,0.0
349,5,10,150,62,0.0
350,5,10,150,62,0.058087171966128066
351,5,10,150,62,0.07977344912567227
352,5,10,150,62,0.1903601622684853
353,5,10,150,62,0.14434031438272124
354,5,10,150,62,0.06335619058732639
355,5,10,150,62,0.0
356,5,10,150,62,0.0
357,5,10,150,62,0.0
358,5,10,150,62,0.06364028872631156
359,5,10,150,62,0.3010299956639812
360,5,10,150,62,0.12982031659526816
361,5,10,150,62,0.09478836436955078
362,5,10,150,62,0.0
363,5,10,150,62,0.24101654828754165
364,5,10,150,62,0.0
365,5,10,150,62,0.0
366,5,10,150,62,0.0
367,5,10,150,62,0.0
368,5,10,150,62,0.0
369,5,10,150,62,0.0
370,5,10,150,62,0.0
371,5,10,150,62,0.19950301641376814
372,5,10,150,62,0.15130120674940672
373,5,10,150,62,0.22842722979011518
374,5,10,150,62,0.07472550252128253
375,5,10,150,62,0.0
376,5,10,150,62,0.0
377,5,10,150,62,0.0
378,5,10,150,62,0.13635638482251203
379,5,10,150,62,0.08433239722469389
380,5,10,150,62,0.0
381,5,10,150,62,0.0
382,5,10,150,62,0.09952375175972906
383,5,10,150,62,0.07822955820619495
384,5,10,150,62,0.0
385,5,10,150,62,0.0
386,5,10,150,62,0.0
387,5,10,150,62,0.08586571489348302
388,5,10,150,62,0.05789711601244791
389,5,10,150,62,0.09284203700798714
390,5,10,150,62,0.0
391,5,10,150,62,0.11245246430543061
392,5,10,150,62,0.1484702586346916
393,5,10,150,62,0.14831626207850976
394,5,10,150,62,0.16570616085215287
395,5,10,150,62,0.0
396,5,10,150,62,0.0
397,5,10,150,62,0.11004588314904008
398,5,10,150,62,0.28368572779044043
399,5,10,150,62,0.026175882249243814
400,5,10,150,62,0.0
401,5,10,150,62,0.02839245759615368
402,5,10,150,62,0.0
403,5,10,150,62,0.2529427027676571
404,5,10,150,62,0.0
405,5,10,150,62,0.03363296935000101
406,5,10,150,62,0.06360190926466157
407,5,10,150,62,0.09046795885890169
408,5,10,150,62,0.09983719697789138
409,5,10,150,62,0.05800611307095368
410,5,10,150,62,0.0
411,5,10,150,62,0.17342765698823945
412,5,10,150,62,0.0
413,5,10,150,62,0.0
414,5,10,150,62,0.21398626473452756
415,5,10,150,62,0.0
416,5,10,150,62,0.14637519139526847
417,5,10,150,62,0.11088189053445036
419,5,10,150,62,0.3536251441097701
420,5,10,150,62,0.05478392673173268
421,5,10,150,62,0.04264945290455212
422,5,10,150,62,0.0
423,5,10,150,62,0.13523051443907988
424,5,10,150,62,0.0401239863376113
425,5,10,150,62,0.2082843711703412
426,5,10,150,62,0.13571943816109763
427,5,10,150,62,0.0
428,5,10,150,62,0.0
429,5,10,150,62,0.14041959417088476
430,5,10,150,62,0.1261446714466394
431,5,10,150,62,0.0
432,5,10,150,62,0.0
433,5,10,150,62,0.0
434,5,10,150,62,0.3903800499921017
435,5,10,150,62,0.09964084501257568
436,5,10,150,62,0.08868088264964148
437,5,10,150,62,0.22972973128433707
438,5,10,150,62,0.0
439,5,10,150,62,0.0
440,5,10,150,62,0.06175696970122604
441,5,10,150,62,0.0
442,5,10,150,62,0.0
443,5,10,150,62,0.0
445,5,10,150,62,0.0
446,5,10,150,62,0.0
447,5,10,150,62,0.2726897692124621
448,5,10,150,62,0.0
449,5,10,150,62,0.07784399437297408
450,5,10,150,62,0.22640083277136241
451,5,10,150,62,0.0
452,5,10,150,62,0.07830573469972951
453,5,10,150,62,0.029956785715628154
454,5,10,150,62,0.060700497476813886
455,5,10,150,62,0.04532988990328068
456,5,10,150,62,0.07758828619721583
457,5,10,150,62,0.29418445531213994
458,5,10,150,62,0.04507276838148142
459,5,10,150,62,0.0
460,5,10,150,62,0.0
461,5,10,150,62,0.0
462,5,10,150,62,0.0
463,5,10,150,62,0.0
464,5,10,150,62,0.0
465,5,10,150,62,0.0
466,5,10,150,62,0.03947525607388688
467,5,10,150,62,0.1436337620239326
468,5,10,150,62,0.25116683884278784
469,5,10,150,62,0.057417722536754784
470,5,10,150,62,0.0
471,5,10,150,62,0.0
472,5,10,150,62,0.14903271548086697
473,5,10,150,62,0.08754031530847717
474,5,10,150,62,0.3170746575501129
475,5,10,150,62,0.06516188295518531
476,5,10,150,62,0.0
477,5,10,150,62,0.055100238151135045
478,5,10,150,62,0.23782833255689273
479,5,10,150,62,0.07834096783470737
480,5,10,150,62,0.21398626473452756
481,5,10,150,62,0.13863671367752411
482,5,10,150,62,0.0
483,5,10,150,62,0.06912040963822193
484,5,10,150,62,0.09353062527112192
485,5,10,150,62,0.0
486,5,10,150,62,0.10311241692162332
487,5,10,150,62,0.2215000938796789
488,5,10,150,62,0.0
489,5,10,150,62,0.0
490,5,10,150,62,0.0
491,5,10,150,62,0.19092086617893467
492,5,10,150,62,0.12471554514794539
493,5,10,150,62,0.0332568859495131
494,5,10,150,62,0.038069204686089174
495,5,10,150,62,0.11868174655260626
496,5,10,150,62,0.05459112561892713
497,5,10,150,62,0.04285286422081118
498,5,10,150,62,0.03855307727568851
499,5,10,150,62,0.1912282106369008
500,5,10,150,62,0.05011951520627559
501,5,10,150,62,0.0
502,5,10,150,62,0.06364028872631156
503,5,10,150,62,0.2114707128475192
504,5,10,150,62,0.0
505,5,10,150,62,0.0
506,5,10,150,62,0.12270700107579749
507,5,10,150,62,0.0
508,5,10,150,62,0.0
509,5,10,150,62,0.06474271459046577
510,5,10,150,62,0.0
511,5,10,150,62,0.0
512,5,10,150,62,0.18316925091363362
513,5,10,150,62,0.0461651444771445
514,5,10,150,62,0.10595566933616397
515,5,10,150,62,0.0
516,5,10,150,62,0.13768197790533618
517,5,10,150,62,0.042259191411409554
518,5,10,150,62,0.0
519,5,10,150,62,0.038800293177871176
520,5,10,150,62,0.0
521,5,10,150,62,0.0
522,5,10,150,62,0.0
523,5,10,150,62,0.0316088333445714
524,5,10,150,62,0.10258209047527363
525,5,10,150,62,0.0
526,5,10,150,62,0.06235626924550528
527,5,10,150,62,0.14943863047793596
528,5,10,150,62,0.14110144150616766
529,5,10,150,62,0.07064774175419336
530,5,10,150,62,0.0
531,5,10,150,62,0.0
532,5,10,150,62,0.04774713204658456
533,5,10,150,62,0.12731562344278502
534,5,10,150,62,0.07450923581469894
535,5,10,150,62,0.2871959083713276
536,5,10,150,62,0.2548762391805495
537,5,10,150,62,0.4158125622847923
538,5,10,150,62,0.0
539,5,10,150,62,0.1560067947598593
540,5,10,150,62,0.0
541,5,10,150,62,0.1448454408452497
542,5,10,150,62,0.12627825946936164
543,5,10,150,62,0.0
544,5,10,150,62,0.07631352592005593
545,5,10,150,62,0.052962244777770985
546,5,10,150,62,0.15314106296495628
547,5,10,150,62,0.0
548,5,10,150,62,0.05336341632593696
549,5,10,150,62,0.0
550,5,10,150,62,0.13436217909546777
551,5,10,150,62,0.2533208087804609
552,5,10,150,62,0.0
553,5,10,150,62,0.16102243342487008
554,5,10,150,62,0.16600564593053876
555,5,10,150,62,0.0
556,5,10,150,62,0.08876245163110816
557,5,10,150,62,0.053894577262255466
558,5,10,150,62,0.05718685316335169
559,5,10,150,62,0.0734773909038217
560,5,10,150,62,0.24050284760456656
561,5,10,150,62,0.02255506338916817
562,5,10,150,62,0.034743705427429224
563,5,10,150,62,0.0
564,5,10,150,62,0.0
565,5,10,150,62,0.18568675205192314
566,5,10,150,62,0.13665387068436016
567,5,10,150,62,0.13463074517970205
568,5,10,150,62,0.057107346298225524
569,5,10,150,62,0.0336639187988199
570,5,10,150,62,0.0
571,5,10,150,62,0.0
572,5,10,150,62,0.058995070558427745
573,5,10,150,62,0.0
574,5,10,150,62,0.04185567464896701
575,5,10,150,62,0.0
576,5,10,150,62,0.17342765698823945
577,5,10,150,62,0.22186862389759224
578,5,10,150,62,0.09818998961169394
579,5,10,150,62,0.0
580,5,10,150,62,0.16049923379569733
581,5,10,150,62,0.0
582,5,10,150,62,0.028361369701356044
583,5,10,150,62,0.08811076314737627
584,5,10,150,62,0.0
585,5,10,150,62,0.0
586,5,10,150,62,0.07482758161941112
587,5,10,150,62,0.0
588,5,10,150,62,0.19986322535792533
589,5,10,150,62,0.0
590,5,10,150,62,0.18511573258657482
591,5,10,150,62,0.15758427078022966
592,5,10,150,62,0.26085180706010735
593,5,10,150,62,0.168820460938874
594,5,10,150,62,0.0843142342558857
595,5,10,150,62,0.0
596,5,10,150,62,0.0
597,5,10,150,62,0.0
598,5,10,150,62,0.11752277470724268
599,5,10,150,62,0.16402353420682853
600,5,10,150,62,0.0
601,5,10,150,62,0.026557570376145638
602,5,10,150,62,0.0
603,5,10,150,62,0.06194403202282284
604,5,10,150,62,0.0
605,5,10,150,62,0.10589838376326657
606,5,10,150,62,0.2138150508755678
607,5,10,150,62,0.0
608,5,10,150,62,0.126140293880171
609,5,10,150,62,0.11838279295536291
610,5,10,150,62,0.029785542524894418
611,5,10,150,62,0.03927158715985786
612,5,10,150,62,0.0
613,5,10,150,62,0.2049174583553662
614,5,10,150,62,0.13886244387355454
615,5,10,150,62,0.08391725636078755
616,5,10,150,62,0.09781579202094404
617,5,10,150,62,0.03804989622115975
618,5,10,150,62,0.13693830900397266
619,5,10,150,62,0.1303945739341477
620,5,10,150,62,0.1451323880538222
621,5,10,150,62,0.13589759152345549
622,5,10,150,62,0.10022910267662996
623,5,10,150,62,0.050143326786652107
624,5,10,150,62,0.019160322430058573
625,5,10,150,62,0.0
626,5,10,150,62,0.04690797720830594
627,5,10,150,62,0.04289205981312439
628,5,10,150,62,0.0
629,5,10,150,62,0.1814524963780846
630,5,10,150,62,0.09942460513010813
631,5,10,150,62,0.09240791929215005
632,5,10,150,62,0.31631217683169366
633,5,10,150,62,0.0455520698635181
634,5,10,150,62,0.023756977677906275
635,5,10,150,62,0.039407921945699885
636,5,10,150,62,0.0
637,5,10,150,62,0.0
638,5,10,150,62,0.15473934503245962
639,5,10,150,62,0.0
640,5,10,150,62,0.0637867864178444
641,5,10,150,62,0.03570665676503816
642,5,10,150,62,0.11957210944472624
643,5,10,150,62,0.15031592367651372
644,5,10,150,62,0.0
645,5,10,150,62,0.1856947245529553
646,5,10,150,62,0.0
647,5,10,150,62,0.03673869545191085
648,5,10,150,62,0.07574162583445579
649,5,10,150,62,0.0
650,5,10,150,62,0.09420122728245431
651,5,10,150,62,0.0
652,5,10,150,62,0.0
653,5,10,150,62,0.04984700394358125
654,5,10,150,62,0.17020900230175445
655,5,10,150,62,0.2792416408707968
656,5,10,150,62,0.0
657,5,10,150,62,0.053845569940583225
658,5,10,150,62,0.0
659,5,10,150,62,0.07075240780563574
660,5,10,150,62,0.0
661,5,10,150,62,0.12705991527984942
662,5,10,150,62,0.0
663,5,10,150,62,0.07874514948204092
664,5,10,150,62,0.05391021349625259
665,5,10,150,62,0.0
666,5,10,150,62,0.07860744541237058
667,5,10,150,62,0.23495437216186538
668,5,10,150,62,0.0
669,5,10,150,62,0.2672968266839232
670,5,10,150,62,0.15539533467551025
671,5,10,150,62,0.17434206503696043
672,5,10,150,62,0.0
673,5,10,150,62,0.0
674,5,10,150,62,0.0
675,5,10,150,62,0.05010834716923557
676,5,10,150,62,0.0
677,5,10,150,62,0.03927489746221688
678,5,10,150,62,0.0
679,5,10,150,62,0.26970586372388394
680,5,10,150,62,0.2073612289146658
681,5,10,150,62,0.0
682,5,10,150,62,0.10792780916001052
683,5,10,150,62,0.06289349548893712
684,5,10,150,62,0.0
685,5,10,150,62,0.0
686,5,10,150,62,0.08962483220812449
687,5,10,150,62,0.0
688,5,10,150,62,0.0
689,5,10,150,62,0.32436268379537736
690,5,10,150,62,0.0
691,5,10,150,62,0.0
692,5,10,150,62,0.0
693,5,10,150,62,0.0
694,5,10,150,62,0.20269611984358588
695,5,10,150,62,0.031112565128707144
696,5,10,150,62,0.12935879342602336
697,5,10,150,62,0.06378035696304758
698,5,10,150,62,0.09499131598480672
699,5,10,150,62,0.0
700,5,10,150,62,0.16958010263680806
701,5,10,150,62,0.04129602134854855
702,5,10,150,62,0.0
703,5,10,150,62,0.03870447337439288
704,5,10,150,62,0.09986079379105446
705,5,10,150,62,0.18775788588526962
706,5,10,150,62,0.0
707,5,10,150,62,0.11577329959139138
708,5,10,150,62,0.06058075640309377
709,5,10,150,62,0.10371915894912967
710,5,10,150,62,0.05710411178654767
711,5,10,150,62,0.14431653919064127
712,5,10,150,62,0.12435918123916344
713,5,10,150,62,0.0
714,5,10,150,62,0.04195229264874745
715,5,10,150,62,0.07261309108674657
716,5,10,150,62,0.1634281111521952
717,5,10,150,62,0.18940567332300148
718,5,10,150,62,0.14061157344379913
719,5,10,150,62,0.16011399260274453
720,5,10,150,62,0.05261577455142312
721,5,10,150,62,0.15031351754080033
722,5,10,150,62,0.0
723,5,10,150,62,0.0
724,5,10,150,62,0.0
725,5,10,150,62,0.05750402108673013
726,5,10,150,62,0.2529427027676571
727,5,10,150,62,0.0904024510953402
728,5,10,150,62,0.0
729,5,10,150,62,0.0
730,5,10,150,62,0.0
731,5,10,150,62,0.04466441818602386
732,5,10,150,62,0.0
733,5,10,150,62,0.0
734,5,10,150,62,0.0655813061736612
735,5,10,150,62,0.0
736,5,10,150,62,0.0
737,5,10,150,62,0.16282663249631943
738,5,10,150,62,0.2632431729022225
739,5,10,150,62,0.0
740,5,10,150,62,0.0
741,5,10,150,62,0.10965210684801945
742,5,10,150,62,0.04553761034739079
743,5,10,150,62,0.0814476682319001
744,5,10,150,62,0.08878770367712427
745,5,10,150,62,0.3682049230943936
746,5,10,150,62,0.11450296808588954
747,5,10,150,62,0.38825972793974023
748,5,10,150,62,0.1946257849561795
749,5,10,150,62,0.14377281012477836
750,5,10,150,62,0.07219614103266732
751,5,10,150,62,0.08387405199623103
752,5,10,150,62,0.020210299806331135
753,5,10,150,62,0.15406810205846871
754,5,10,150,62,0.0
755,5,10,150,62,0.067228724047084
756,5,10,150,62,0.05421299273764631
757,5,10,150,62,0.06756111822138194
758,5,10,150,62,0.21189537815640644
759,5,10,150,62,0.038281751104512325
760,5,10,150,62,0.11447590313611888
761,5,10,150,62,0.03339755935325358
762,5,10,150,62,0.11568388634051256
763,5,10,150,62,0.20859185628046678
764,5,10,150,62,0.08207588022692468
765,5,10,150,62,0.0
766,5,10,150,62,0.050541549839211865
767,5,10,150,62,0.2073612289146658
768,5,10,150,62,0.07655078846581868
769,5,10,150,62,0.0
770,5,10,150,62,0.04692206785373726
771,5,10,150,62,0.19449231038235978
772,5,10,150,62,0.03353522641880846
773,5,10,150,62,0.08236155615232364
774,5,10,150,62,0.04169054351385161
775,5,10,150,62,0.0
776,5,10,150,62,0.0949413284627631
777,5,10,150,62,0.14445412169961394
778,5,10,150,62,0.024850109207689472
779,5,10,150,62,0.05878132199396477
780,5,10,150,62,0.07751937086606239
781,5,10,150,62,0.21898681539091044
782,5,10,150,62,0.012838358115056347
783,5,10,150,62,0.0
784,5,10,150,62,0.0
785,5,10,150,62,0.048159222084064895
786,5,10,150,62,0.13370327844286975
787,5,10,150,62,0.0683037314796457
788,5,10,150,62,0.17941473261765256
789,5,10,150,62,0.059109628562248356
790,5,10,150,62,0.06721443194690967
791,5,10,150,62,0.0
792,5,10,150,62,0.0
793,5,10,150,62,0.0
794,5,10,150,62,0.22201254783236782
795,5,10,150,62,0.09872178596145888
796,5,10,150,62,0.3642526516323581
797,5,10,150,62,0.09030583455080088
798,5,10,150,62,0.0995558430112875
799,5,10,150,62,0.0
800,5,10,150,62,0.0
801,5,10,150,62,0.03096677356901516
802,5,10,150,62,0.030863419558816
803,5,10,150,62,0.0
804,5,10,150,62,0.1748753096103687
805,5,10,150,62,0.12236604210986249
806,5,10,150,62,0.14354055028937002
807,5,10,150,62,0.22247787473878325
808,5,10,150,62,0.040655755922716606
809,5,10,150,62,0.07484323939884738
810,5,10,150,62,0.0
811,5,10,150,62,0.05062543788674174
812,5,10,150,62,0.0
813,5,10,150,62,0.17367331957930765
814,5,10,150,62,0.09144287629100999
815,5,10,150,62,0.2485239854403407
816,5,10,150,62,0.08005612702969578
817,5,10,150,62,0.0
818,5,10,150,62,0.0
819,5,10,150,62,0.15575997463127336
820,5,10,150,62,0.041641441310299704
821,5,10,150,62,0.19220292042320755
822,5,10,150,62,0.0
823,5,10,150,62,0.31935636923136623
824,5,10,150,62,0.0
825,5,10,150,62,0.08725600162727475
826,5,10,150,62,0.0956022175683246
827,5,10,150,62,0.0
828,5,10,150,62,0.07244745602732354
829,5,10,150,62,0.1633399391391799
830,5,10,150,62,0.10053254151308513
831,5,10,150,62,0.20388969799305698
832,5,10,150,62,0.041355644490859725
833,5,10,150,62,0.14804804250468542
834,5,10,150,62,0.020919434760060668
835,5,10,150,62,0.082546902593288
836,5,10,150,62,0.10882945376944808
837,5,10,150,62,0.0
838,5,10,150,62,0.14570435926304814
839,5,10,150,62,0.05646784228340616
840,5,10,150,62,0.30988426562038635
841,5,10,150,62,0.0
842,5,10,150,62,0.03314153504336938
843,5,10,150,62,0.10484000059548176
844,5,10,150,62,0.14767302746812566
845,5,10,150,62,0.0
846,5,10,150,62,0.3038225277365204
847,5,10,150,62,0.0
848,5,10,150,62,0.09197619523907608
849,5,10,150,62,0.11963038039558924
850,5,10,150,62,0.22524778298991205
851,5,10,150,62,0.2920142814571937
852,5,10,150,62,0.0
853,5,10,150,62,0.0
854,5,10,150,62,0.1686758195676932
855,5,10,150,62,0.0
856,5,10,150,62,0.031742154565302834
857,5,10,150,62,0.0
858,5,10,150,62,0.0
859,5,10,150,62,0.0
860,5,10,150,62,0.01655521147192675
861,5,10,150,62,0.12001290632387755
862,5,10,150,62,0.22231781159983705
863,5,10,150,62,0.0
864,5,10,150,62,0.30017893682305496
865,5,10,150,62,0.015797522321751672
866,5,10,150,62,0.12374681498530773
867,5,10,150,62,0.27550905731686676
868,5,10,150,62,0.1269095789689535
869,5,10,150,62,0.09414478450656023
870,5,10,150,62,0.11426052223071731
871,5,10,150,62,0.22160652373114856
872,5,10,150,62,0.01624882666837855
873,5,10,150,62,0.0
874,5,10,150,62,0.06575393297476358
875,5,10,150,62,0.23549131868893233
876,5,10,150,62,0.0
877,5,10,150,62,0.03487978243545732
878,5,10,150,62,0.05685834478907649
879,5,10,150,62,0.07180913162424091
880,5,10,150,62,0.33689365322559983
881,5,10,150,62,0.30288767847297177
882,5,10,150,62,0.3102074602091955
883,5,10,150,62,0.3602349268941803
884,5,10,150,62,0.028767091820622218
885,5,10,150,62,0.10709607345972089
886,5,10,150,62,0.1852036042361883
887,5,10,150,62,0.1466457100119268
888,5,10,150,62,0.0
889,5,10,150,62,0.25475749943035536
890,5,10,150,62,0.2898267978361813
891,5,10,150,62,0.09013275514532934
892,5,10,150,62,0.4240032111612982
893,5,10,150,62,0.05014695371369417
894,5,10,150,62,0.22247938809104395
895,5,10,150,62,0.0
896,5,10,150,62,0.37958884130966525
897,5,10,150,62,0.24345554122842444
898,5,10,150,62,0.0
899,5,10,150,62,0.17122994829691268
900,5,10,150,62,0.07027548980333784
901,5,10,150,62,0.257765337453955
902,5,10,150,62,0.025255271126572616
903,5,10,150,62,0.37679910535023425
904,5,10,150,62,0.0
905,5,10,150,62,0.08773956418811966
906,5,10,150,62,0.021126375389061768
907,5,10,150,62,0.20696025192113973
908,5,10,150,62,0.19230103681757216
909,5,10,150,62,0.0
910,5,10,150,62,0.14111581018360284
911,5,10,150,62,0.07221694898330532
912,5,10,150,62,0.13592301418951958
913,5,10,150,62,0.1838326964576466
914,5,10,150,62,0.0
915,5,10,150,62,0.0
916,5,10,150,62,0.2177070056610658
917,5,10,150,62,0.019845431127916993
918,5,10,150,62,0.0253533085437572
919,5,10,150,62,0.13217449352573263
920,5,10,150,62,0.26814570941777965
921,5,10,150,62,0.02587303602004731
922,5,10,150,62,0.13846306954017326
923,5,10,150,62,0.053605537438321305
924,5,10,150,62,0.10476875172292892
925,5,10,150,62,0.06282114919461101
926,5,10,150,62,0.18690891198435525
927,5,10,150,62,0.10475541312273626
928,5,10,150,62,0.2047606321191804
929,5,10,150,62,0.09326918256308882
930,5,10,150,62,0.12668740771092546
931,5,10,150,62,0.059539365700728666
932,5,10,150,62,0.3760705808935906
933,5,10,150,62,0.06575788437931808
934,5,10,150,62,0.22154384927042434
935,5,10,150,62,0.043888403129016776
936,5,10,150,62,0.12037054644448093
937,5,10,150,62,0.09560624946230661
938,5,10,150,62,0.09475668125443958
939,5,10,150,62,0.05231692143384187
940,5,10,150,62,0.09889254174080309
941,5,10,150,62,0.19937616723755375
942,5,10,150,62,0.13847133856486593
943,5,10,150,62,0.18283119060888917
1,5,10,150,63,0.4058715898896693
2,5,10,150,63,0.14433828292945616
3,5,10,150,63,0.08759200575528697
4,5,10,150,63,0.0
5,5,10,150,63,0.04470486007704452
6,5,10,150,63,0.04187254809446048
7,5,10,150,63,0.20711452932119445
8,5,10,150,63,0.0
9,5,10,150,63,0.0
10,5,10,150,63,0.3005733545514552
11,5,10,150,63,0.03947525607388688
12,5,10,150,63,0.14632177291384774
13,5,10,150,63,0.24256092752724764
14,5,10,150,63,0.18795160328752808
15,5,10,150,63,0.0
16,5,10,150,63,0.19107502160562695
17,5,10,150,63,0.0
18,5,10,150,63,0.17872418048185143
19,5,10,150,63,0.0
20,5,10,150,63,0.13743816645714543
21,5,10,150,63,0.15232559003472054
22,5,10,150,63,0.040815803121742565
23,5,10,150,63,0.10387012192613786
24,5,10,150,63,0.08835266840320231
25,5,10,150,63,0.23940867474021393
26,5,10,150,63,0.0
27,5,10,150,63,0.0
28,5,10,150,63,0.052106753859569234
30,5,10,150,63,0.08133484538841967
31,5,10,150,63,0.11164668500969883
32,5,10,150,63,0.19519002499605084
33,5,10,150,63,0.0
34,5,10,150,63,0.0
35,5,10,150,63,0.0
37,5,10,150,63,0.08177471774917201
38,5,10,150,63,0.0
39,5,10,150,63,0.0
40,5,10,150,63,0.0
41,5,10,150,63,0.06835476917178976
42,5,10,150,63,0.08850778826764391
43,5,10,150,63,0.0
44,5,10,150,63,0.29540493557662006
45,5,10,150,63,0.0
46,5,10,150,63,0.0
47,5,10,150,63,0.0
48,5,10,150,63,0.07028063830038406
49,5,10,150,63,0.05432573058142762
52,5,10,150,63,0.0
53,5,10,150,63,0.0
54,5,10,150,63,0.0
55,5,10,150,63,0.0
56,5,10,150,63,0.11781210270929884
57,5,10,150,63,0.1318392860374695
58,5,10,150,63,0.40256699612340546
59,5,10,150,63,0.19233148606048747
60,5,10,150,63,0.1076743759411119
61,5,10,150,63,0.0
62,5,10,150,63,0.09586820699422145
63,5,10,150,63,0.0
64,5,10,150,63,0.07635718686081962
65,5,10,150,63,0.2342550150352983
66,5,10,150,63,0.06636133566432367
67,5,10,150,63,0.0
68,5,10,150,63,0.0
69,5,10,150,63,0.0
70,5,10,150,63,0.0
71,5,10,150,63,0.20758456043036028
72,5,10,150,63,0.10990826949013655
73,5,10,150,63,0.10052888926242022
74,5,10,150,63,0.0
75,5,10,150,63,0.0
76,5,10,150,63,0.10633668103022985
77,5,10,150,63,0.14247142730086715
78,5,10,150,63,0.0
79,5,10,150,63,0.07821312100379274
80,5,10,150,63,0.0
81,5,10,150,63,0.08878770367712427
82,5,10,150,63,0.03187578878809277
83,5,10,150,63,0.07414861528507455
84,5,10,150,63,0.07550980911390262
85,5,10,150,63,0.04734112273659951
86,5,10,150,63,0.0
87,5,10,150,63,0.16641625059082407
88,5,10,150,63,0.18920035951687003
89,5,10,150,63,0.0
90,5,10,150,63,0.1707098375184088
91,5,10,150,63,0.0
92,5,10,150,63,0.03369782041898502
93,5,10,150,63,0.0
94,5,10,150,63,0.12253429761719764
95,5,10,150,63,0.07849567312219397
96,5,10,150,63,0.0
97,5,10,150,63,0.0
98,5,10,150,63,0.0
99,5,10,150,63,0.13337585439143895
100,5,10,150,63,0.0
101,5,10,150,63,0.0
102,5,10,150,63,0.0
103,5,10,150,63,0.0
104,5,10,150,63,0.33958467175585033
105,5,10,150,63,0.0
106,5,10,150,63,0.06516188295518531
107,5,10,150,63,0.0
109,5,10,150,63,0.16563719724029594
110,5,10,150,63,0.0
111,5,10,150,63,0.0
112,5,10,150,63,0.07807600999842033
113,5,10,150,63,0.0
114,5,10,150,63,0.08274602130532002
115,5,10,150,63,0.04001677477281075
116,5,10,150,63,0.0
117,5,10,150,63,0.0
118,5,10,150,63,0.2265416449833316
119,5,10,150,63,0.05891155956989184
120,5,10,150,63,0.0
121,5,10,150,63,0.13032376591037062
122,5,10,150,63,0.0
123,5,10,150,63,0.13720340769293682
124,5,10,150,63,0.0
125,5,10,150,63,0.05446333035917803
126,5,10,150,63,0.0
128,5,10,150,63,0.0
129,5,10,150,63,0.0
130,5,10,150,63,0.15174952279352721
131,5,10,150,63,0.0
132,5,10,150,63,0.0
133,5,10,150,63,0.0
134,5,10,150,63,0.0
135,5,10,150,63,0.0
136,5,10,150,63,0.0
137,5,10,150,63,0.1137075481082292
138,5,10,150,63,0.0976168253917686
139,5,10,150,63,0.10466868931043802
140,5,10,150,63,0.0
141,5,10,150,63,0.04733244938590725
142,5,10,150,63,0.0
143,5,10,150,63,0.0
144,5,10,150,63,0.0
145,5,10,150,63,0.17597149971119974
146,5,10,150,63,0.0
147,5,10,150,63,0.1033846481249528
148,5,10,150,63,0.13447968072991395
149,5,10,150,63,0.0
150,5,10,150,63,0.2640681225725909
151,5,10,150,63,0.1026571794225922
152,5,10,150,63,0.0
153,5,10,150,63,0.0
154,5,10,150,63,0.06416923277158361
155,5,10,150,63,0.0
156,5,10,150,63,0.0
157,5,10,150,63,0.0
158,5,10,150,63,0.11017700922818752
159,5,10,150,63,0.23138144801632507
160,5,10,150,63,0.1719271394881576
161,5,10,150,63,0.0
162,5,10,150,63,0.0
163,5,10,150,63,0.0
164,5,10,150,63,0.0
165,5,10,150,63,0.0
167,5,10,150,63,0.05319635904163211
168,5,10,150,63,0.0
169,5,10,150,63,0.0
170,5,10,150,63,0.0
171,5,10,150,63,0.0
173,5,10,150,63,0.0
174,5,10,150,63,0.06784586495432565
175,5,10,150,63,0.21517910082405575
176,5,10,150,63,0.06289692884934815
177,5,10,150,63,0.38113435412202
178,5,10,150,63,0.12597398707460816
179,5,10,150,63,0.09149012142095872
180,5,10,150,63,0.06228974831361337
181,5,10,150,63,0.09913210981157927
182,5,10,150,63,0.0
183,5,10,150,63,0.15101961822780524
184,5,10,150,63,0.0
185,5,10,150,63,0.0
186,5,10,150,63,0.04633132539002164
187,5,10,150,63,0.0
188,5,10,150,63,0.12925733948536566
189,5,10,150,63,0.18890011590178235
190,5,10,150,63,0.0
192,5,10,150,63,0.123151194370365
193,5,10,150,63,0.0
194,5,10,150,63,0.02924951745434817
195,5,10,150,63,0.11787667935667444
196,5,10,150,63,0.0
197,5,10,150,63,0.09546043308946733
198,5,10,150,63,0.0
199,5,10,150,63,0.0
200,5,10,150,63,0.09785159463516042
201,5,10,150,63,0.0
202,5,10,150,63,0.10466868931043802
203,5,10,150,63,0.0
204,5,10,150,63,0.19519002499605084
205,5,10,150,63,0.0
206,5,10,150,63,0.0
207,5,10,150,63,0.07517955939765397
208,5,10,150,63,0.0
209,5,10,150,63,0.0
210,5,10,150,63,0.2167516193508568
211,5,10,150,63,0.0
213,5,10,150,63,0.15669163589836543
214,5,10,150,63,0.0
216,5,10,150,63,0.23813231172447274
217,5,10,150,63,0.0
218,5,10,150,63,0.0
219,5,10,150,63,0.0
221,5,10,150,63,0.0
222,5,10,150,63,0.1050995674008573
223,5,10,150,63,0.0
224,5,10,150,63,0.0
225,5,10,150,63,0.09077089626867633
226,5,10,150,63,0.19092086617893467
227,5,10,150,63,0.0
228,5,10,150,63,0.0
229,5,10,150,63,0.0
230,5,10,150,63,0.12683081539850163
231,5,10,150,63,0.0
232,5,10,150,63,0.03962341267285813
233,5,10,150,63,0.2699700016563489
234,5,10,150,63,0.09887660119080527
235,5,10,150,63,0.06692738060277027
236,5,10,150,63,0.0
237,5,10,150,63,0.19342640361727081
238,5,10,150,63,0.0
239,5,10,150,63,0.06912040963822193
240,5,10,150,63,0.12495636102304827
241,5,10,150,63,0.0
242,5,10,150,63,0.0
243,5,10,150,63,0.0
244,5,10,150,63,0.049712302565054066
245,5,10,150,63,0.0
246,5,10,150,63,0.0561326498270945
247,5,10,150,63,0.09472348220010487
248,5,10,150,63,0.09472348220010487
249,5,10,150,63,0.056720838976548935
250,5,10,150,63,0.0
251,5,10,150,63,0.13032376591037062
252,5,10,150,63,0.20184908658209985
253,5,10,150,63,0.1084812001944431
254,5,10,150,63,0.08514311764162098
255,5,10,150,63,0.0
256,5,10,150,63,0.038925970325304815
257,5,10,150,63,0.07984133538066794
258,5,10,150,63,0.0
259,5,10,150,63,0.1239740444869306
260,5,10,150,63,0.0
261,5,10,150,63,0.0
262,5,10,150,63,0.0
263,5,10,150,63,0.0956366800683804
264,5,10,150,63,0.050433735583135575
265,5,10,150,63,0.0
266,5,10,150,63,0.0
267,5,10,150,63,0.17168372277322866
268,5,10,150,63,0.049712302565054066
269,5,10,150,63,0.052962244777770985
270,5,10,150,63,0.041641441310299704
271,5,10,150,63,0.13010624216828925
272,5,10,150,63,0.1702293778633033
273,5,10,150,63,0.0
274,5,10,150,63,0.0
275,5,10,150,63,0.0
276,5,10,150,63,0.15875999922826586
277,5,10,150,63,0.0
278,5,10,150,63,0.0
279,5,10,150,63,0.14661584523264445
280,5,10,150,63,0.16417286747746287
281,5,10,150,63,0.0
282,5,10,150,63,0.0
283,5,10,150,63,0.07028063830038406
284,5,10,150,63,0.0
285,5,10,150,63,0.0
286,5,10,150,63,0.0781170595969038
287,5,10,150,63,0.0
288,5,10,150,63,0.0859574327152926
289,5,10,150,63,0.16903020543979225
290,5,10,150,63,0.07834851647149511
291,5,10,150,63,0.07828167840727236
292,5,10,150,63,0.04224853374256244
293,5,10,150,63,0.09565771930304079
294,5,10,150,63,0.0
295,5,10,150,63,0.2603201838311303
296,5,10,150,63,0.13713660166967986
297,5,10,150,63,0.0
298,5,10,150,63,0.16915623549474385
299,5,10,150,63,0.0
300,5,10,150,63,0.0
301,5,10,150,63,0.06460801587741544
302,5,10,150,63,0.09224219235917257
303,5,10,150,63,0.07354269615643778
304,5,10,150,63,0.0
305,5,10,150,63,0.11349000778741654
306,5,10,150,63,0.0
307,5,10,150,63,0.10778915452451093
308,5,10,150,63,0.13490077762666258
310,5,10,150,63,0.0
311,5,10,150,63,0.13301422444853
312,5,10,150,63,0.1819616199123543
313,5,10,150,63,0.11270402374049442
314,5,10,150,63,0.16600564593053876
315,5,10,150,63,0.037110354711564805
316,5,10,150,63,0.0
317,5,10,150,63,0.0
318,5,10,150,63,0.1642688369468948
319,5,10,150,63,0.0
320,5,10,150,63,0.13927874459665815
321,5,10,150,63,0.0
322,5,10,150,63,0.0
323,5,10,150,63,0.1610425878239398
324,5,10,150,63,0.0
325,5,10,150,63,0.09092803061897883
326,5,10,150,63,0.027288805847552652
327,5,10,150,63,0.025410386140327024
328,5,10,150,63,0.09206364236149692
329,5,10,150,63,0.0
330,5,10,150,63,0.1313681680695099
331,5,10,150,63,0.0
332,5,10,150,63,0.09320485889859448
334,5,10,150,63,0.02249061179923914
335,5,10,150,63,0.0
336,5,10,150,63,0.0780824078938463
337,5,10,150,63,0.0
338,5,10,150,63,0.07132875491150918
339,5,10,150,63,0.1664336467304897
340,5,10,150,63,0.0
341,5,10,150,63,0.0
342,5,10,150,63,0.3608742720986609
343,5,10,150,63,0.09229649639444802
344,5,10,150,63,0.1202034973803211
345,5,10,150,63,0.18015355216717013
346,5,10,150,63,0.04366879852493834
347,5,10,150,63,0.22280620320442554
348,5,10,150,63,0.0
349,5,10,150,63,0.0
350,5,10,150,63,0.058087171966128066
351,5,10,150,63,0.07977344912567227
352,5,10,150,63,0.1903601622684853
353,5,10,150,63,0.14434031438272124
354,5,10,150,63,0.06335619058732639
355,5,10,150,63,0.0
356,5,10,150,63,0.0
357,5,10,150,63,0.0
358,5,10,150,63,0.06364028872631156
359,5,10,150,63,0.3010299956639812
360,5,10,150,63,0.12982031659526816
361,5,10,150,63,0.09478836436955078
362,5,10,150,63,0.0
363,5,10,150,63,0.24101654828754165
364,5,10,150,63,0.0
365,5,10,150,63,0.0
366,5,10,150,63,0.0
367,5,10,150,63,0.0
368,5,10,150,63,0.0
369,5,10,150,63,0.0
370,5,10,150,63,0.0
371,5,10,150,63,0.19950301641376814
372,5,10,150,63,0.15130120674940672
373,5,10,150,63,0.22842722979011518
374,5,10,150,63,0.07472550252128253
375,5,10,150,63,0.0
376,5,10,150,63,0.0
377,5,10,150,63,0.0
378,5,10,150,63,0.13635638482251203
379,5,10,150,63,0.08433239722469389
380,5,10,150,63,0.0
381,5,10,150,63,0.0
382,5,10,150,63,0.09952375175972906
383,5,10,150,63,0.07822955820619495
384,5,10,150,63,0.0
385,5,10,150,63,0.0
386,5,10,150,63,0.0
387,5,10,150,63,0.08586571489348302
388,5,10,150,63,0.05789711601244791
389,5,10,150,63,0.09284203700798714
390,5,10,150,63,0.0
391,5,10,150,63,0.11245246430543061
392,5,10,150,63,0.1484702586346916
393,5,10,150,63,0.14831626207850976
394,5,10,150,63,0.16570616085215287
395,5,10,150,63,0.0
396,5,10,150,63,0.0
397,5,10,150,63,0.11004588314904008
398,5,10,150,63,0.28368572779044043
399,5,10,150,63,0.026175882249243814
400,5,10,150,63,0.0
401,5,10,150,63,0.02839245759615368
402,5,10,150,63,0.0
403,5,10,150,63,0.2529427027676571
404,5,10,150,63,0.0
405,5,10,150,63,0.03326220208121924
406,5,10,150,63,0.06360190926466157
407,5,10,150,63,0.09046795885890169
408,5,10,150,63,0.09983719697789138
409,5,10,150,63,0.05800611307095368
410,5,10,150,63,0.0
411,5,10,150,63,0.17342765698823945
412,5,10,150,63,0.0
413,5,10,150,63,0.0
414,5,10,150,63,0.21398626473452756
415,5,10,150,63,0.0
416,5,10,150,63,0.14637519139526847
417,5,10,150,63,0.11088189053445036
419,5,10,150,63,0.3536251441097701
420,5,10,150,63,0.05478392673173268
421,5,10,150,63,0.04264945290455212
422,5,10,150,63,0.0
423,5,10,150,63,0.13523051443907988
424,5,10,150,63,0.0401239863376113
425,5,10,150,63,0.2082843711703412
426,5,10,150,63,0.13571943816109763
427,5,10,150,63,0.0
428,5,10,150,63,0.0
429,5,10,150,63,0.14041959417088476
430,5,10,150,63,0.1261446714466394
431,5,10,150,63,0.0
432,5,10,150,63,0.0
433,5,10,150,63,0.0
434,5,10,150,63,0.3903800499921017
435,5,10,150,63,0.09964084501257568
436,5,10,150,63,0.08868088264964148
437,5,10,150,63,0.22972973128433707
438,5,10,150,63,0.0
439,5,10,150,63,0.0
440,5,10,150,63,0.06175696970122604
441,5,10,150,63,0.0
442,5,10,150,63,0.0
443,5,10,150,63,0.0
445,5,10,150,63,0.0
446,5,10,150,63,0.0
447,5,10,150,63,0.2726897692124621
448,5,10,150,63,0.0
449,5,10,150,63,0.07784399437297408
450,5,10,150,63,0.22640083277136241
451,5,10,150,63,0.0
452,5,10,150,63,0.07830573469972951
453,5,10,150,63,0.029956785715628154
454,5,10,150,63,0.060700497476813886
455,5,10,150,63,0.04532988990328068
456,5,10,150,63,0.07758828619721583
457,5,10,150,63,0.29418445531213994
458,5,10,150,63,0.04507276838148142
459,5,10,150,63,0.0
460,5,10,150,63,0.0
461,5,10,150,63,0.0
462,5,10,150,63,0.0
463,5,10,150,63,0.0
464,5,10,150,63,0.0
465,5,10,150,63,0.0
466,5,10,150,63,0.03947525607388688
467,5,10,150,63,0.1436337620239326
468,5,10,150,63,0.25116683884278784
469,5,10,150,63,0.057417722536754784
470,5,10,150,63,0.0
471,5,10,150,63,0.0
472,5,10,150,63,0.14903271548086697
473,5,10,150,63,0.08754031530847717
474,5,10,150,63,0.3170746575501129
475,5,10,150,63,0.06516188295518531
476,5,10,150,63,0.0
477,5,10,150,63,0.055100238151135045
478,5,10,150,63,0.23782833255689273
479,5,10,150,63,0.07834096783470737
480,5,10,150,63,0.21398626473452756
481,5,10,150,63,0.13863671367752411
482,5,10,150,63,0.0
483,5,10,150,63,0.06912040963822193
484,5,10,150,63,0.09353062527112192
485,5,10,150,63,0.0
486,5,10,150,63,0.10311241692162332
487,5,10,150,63,0.2215000938796789
488,5,10,150,63,0.0
489,5,10,150,63,0.0
490,5,10,150,63,0.0
491,5,10,150,63,0.19092086617893467
492,5,10,150,63,0.12471554514794539
493,5,10,150,63,0.0332568859495131
494,5,10,150,63,0.038069204686089174
495,5,10,150,63,0.11868174655260626
496,5,10,150,63,0.05459112561892713
497,5,10,150,63,0.04285286422081118
498,5,10,150,63,0.03855307727568851
499,5,10,150,63,0.1912282106369008
500,5,10,150,63,0.05011951520627559
501,5,10,150,63,0.0
502,5,10,150,63,0.06364028872631156
503,5,10,150,63,0.2114707128475192
504,5,10,150,63,0.0
505,5,10,150,63,0.0
506,5,10,150,63,0.12270700107579749
507,5,10,150,63,0.0
508,5,10,150,63,0.0
509,5,10,150,63,0.06474271459046577
510,5,10,150,63,0.0
511,5,10,150,63,0.0
512,5,10,150,63,0.18316925091363362
513,5,10,150,63,0.0461651444771445
514,5,10,150,63,0.10595566933616397
515,5,10,150,63,0.0
516,5,10,150,63,0.13768197790533618
517,5,10,150,63,0.042259191411409554
518,5,10,150,63,0.0
519,5,10,150,63,0.038800293177871176
520,5,10,150,63,0.0
521,5,10,150,63,0.0
522,5,10,150,63,0.0
523,5,10,150,63,0.0316088333445714
524,5,10,150,63,0.10258209047527363
525,5,10,150,63,0.0
526,5,10,150,63,0.06235626924550528
527,5,10,150,63,0.14943863047793596
528,5,10,150,63,0.14110144150616766
529,5,10,150,63,0.07064774175419336
530,5,10,150,63,0.0
531,5,10,150,63,0.0
532,5,10,150,63,0.04774713204658456
533,5,10,150,63,0.12731562344278502
534,5,10,150,63,0.07450923581469894
535,5,10,150,63,0.2871959083713276
536,5,10,150,63,0.2548762391805495
537,5,10,150,63,0.4222525996922621
538,5,10,150,63,0.0
539,5,10,150,63,0.1560067947598593
540,5,10,150,63,0.0
541,5,10,150,63,0.1448454408452497
542,5,10,150,63,0.12627825946936164
543,5,10,150,63,0.0
544,5,10,150,63,0.07631352592005593
545,5,10,150,63,0.052962244777770985
546,5,10,150,63,0.15314106296495628
547,5,10,150,63,0.0
548,5,10,150,63,0.05336341632593696
549,5,10,150,63,0.0
550,5,10,150,63,0.13436217909546777
551,5,10,150,63,0.2533208087804609
552,5,10,150,63,0.0
553,5,10,150,63,0.16102243342487008
554,5,10,150,63,0.16600564593053876
555,5,10,150,63,0.0
556,5,10,150,63,0.08876245163110816
557,5,10,150,63,0.053894577262255466
558,5,10,150,63,0.05718685316335169
559,5,10,150,63,0.0734773909038217
560,5,10,150,63,0.24050284760456656
561,5,10,150,63,0.022306418104151092
562,5,10,150,63,0.034743705427429224
563,5,10,150,63,0.0
564,5,10,150,63,0.0
565,5,10,150,63,0.18568675205192314
566,5,10,150,63,0.13665387068436016
567,5,10,150,63,0.13463074517970205
568,5,10,150,63,0.057107346298225524
569,5,10,150,63,0.0336639187988199
570,5,10,150,63,0.0
571,5,10,150,63,0.0
572,5,10,150,63,0.058995070558427745
573,5,10,150,63,0.0
574,5,10,150,63,0.04185567464896701
575,5,10,150,63,0.0
576,5,10,150,63,0.17342765698823945
577,5,10,150,63,0.22186862389759224
578,5,10,150,63,0.09818998961169394
579,5,10,150,63,0.0
580,5,10,150,63,0.16049923379569733
581,5,10,150,63,0.0
582,5,10,150,63,0.028361369701356044
583,5,10,150,63,0.08811076314737627
584,5,10,150,63,0.0
585,5,10,150,63,0.03272632263321488
586,5,10,150,63,0.07482758161941112
587,5,10,150,63,0.0
588,5,10,150,63,0.19986322535792533
589,5,10,150,63,0.0
590,5,10,150,63,0.18511573258657482
591,5,10,150,63,0.15758427078022966
592,5,10,150,63,0.2579761967904936
593,5,10,150,63,0.168820460938874
594,5,10,150,63,0.0843142342558857
595,5,10,150,63,0.0
596,5,10,150,63,0.0
597,5,10,150,63,0.0
598,5,10,150,63,0.11752277470724268
599,5,10,150,63,0.16402353420682853
600,5,10,150,63,0.0
601,5,10,150,63,0.026557570376145638
602,5,10,150,63,0.0
603,5,10,150,63,0.06194403202282284
604,5,10,150,63,0.0
605,5,10,150,63,0.10589838376326657
606,5,10,150,63,0.2138150508755678
607,5,10,150,63,0.0
608,5,10,150,63,0.126140293880171
609,5,10,150,63,0.11838279295536291
610,5,10,150,63,0.029785542524894418
611,5,10,150,63,0.03927158715985786
612,5,10,150,63,0.0
613,5,10,150,63,0.2049174583553662
614,5,10,150,63,0.13886244387355454
615,5,10,150,63,0.10251900332140326
616,5,10,150,63,0.09781579202094404
617,5,10,150,63,0.03804989622115975
618,5,10,150,63,0.13693830900397266
619,5,10,150,63,0.15406791387309057
620,5,10,150,63,0.1451323880538222
621,5,10,150,63,0.13589759152345549
622,5,10,150,63,0.10022910267662996
623,5,10,150,63,0.050143326786652107
624,5,10,150,63,0.019160322430058573
625,5,10,150,63,0.0
626,5,10,150,63,0.04690797720830594
627,5,10,150,63,0.04289205981312439
628,5,10,150,63,0.0
629,5,10,150,63,0.1814524963780846
630,5,10,150,63,0.09942460513010813
631,5,10,150,63,0.09240791929215005
632,5,10,150,63,0.31631217683169366
633,5,10,150,63,0.0455520698635181
634,5,10,150,63,0.023756977677906275
635,5,10,150,63,0.039407921945699885
636,5,10,150,63,0.0
637,5,10,150,63,0.0
638,5,10,150,63,0.15473934503245962
639,5,10,150,63,0.0
640,5,10,150,63,0.0637867864178444
641,5,10,150,63,0.03570665676503816
642,5,10,150,63,0.11825395570159576
643,5,10,150,63,0.15031592367651372
644,5,10,150,63,0.0
645,5,10,150,63,0.1856947245529553
646,5,10,150,63,0.0
647,5,10,150,63,0.03673869545191085
648,5,10,150,63,0.07574162583445579
649,5,10,150,63,0.0
650,5,10,150,63,0.09316276019404644
651,5,10,150,63,0.0
652,5,10,150,63,0.0
653,5,10,150,63,0.04929749440379644
654,5,10,150,63,0.17020900230175445
655,5,10,150,63,0.2761633024868621
656,5,10,150,63,0.0
657,5,10,150,63,0.053845569940583225
658,5,10,150,63,0.0
659,5,10,150,63,0.07075240780563574
660,5,10,150,63,0.0
661,5,10,150,63,0.12705991527984942
662,5,10,150,63,0.0
663,5,10,150,63,0.07874514948204092
664,5,10,150,63,0.05391021349625259
665,5,10,150,63,0.0
666,5,10,150,63,0.07860744541237058
667,5,10,150,63,0.2676806947950803
668,5,10,150,63,0.0
669,5,10,150,63,0.2672968266839232
670,5,10,150,63,0.15539533467551025
671,5,10,150,63,0.17434206503696043
672,5,10,150,63,0.0
673,5,10,150,63,0.0
674,5,10,150,63,0.0
675,5,10,150,63,0.05010834716923557
676,5,10,150,63,0.0
677,5,10,150,63,0.03927489746221688
678,5,10,150,63,0.0
679,5,10,150,63,0.26970586372388394
680,5,10,150,63,0.2073612289146658
681,5,10,150,63,0.0
682,5,10,150,63,0.10673802128813306
683,5,10,150,63,0.06289349548893712
684,5,10,150,63,0.0
685,5,10,150,63,0.0
686,5,10,150,63,0.08962483220812449
687,5,10,150,63,0.0
688,5,10,150,63,0.0
689,5,10,150,63,0.32436268379537736
690,5,10,150,63,0.0
691,5,10,150,63,0.0
692,5,10,150,63,0.0
693,5,10,150,63,0.0
694,5,10,150,63,0.20269611984358588
695,5,10,150,63,0.031112565128707144
696,5,10,150,63,0.12935879342602336
697,5,10,150,63,0.06378035696304758
698,5,10,150,63,0.09499131598480672
699,5,10,150,63,0.0
700,5,10,150,63,0.16958010263680806
701,5,10,150,63,0.04129602134854855
702,5,10,150,63,0.0
703,5,10,150,63,0.03870447337439288
704,5,10,150,63,0.09986079379105446
705,5,10,150,63,0.18775788588526962
706,5,10,150,63,0.0
707,5,10,150,63,0.11449702363607336
708,5,10,150,63,0.06058075640309377
709,5,10,150,63,0.10371915894912967
710,5,10,150,63,0.05710411178654767
711,5,10,150,63,0.14431653919064127
712,5,10,150,63,0.12435918123916344
713,5,10,150,63,0.0
714,5,10,150,63,0.04195229264874745
715,5,10,150,63,0.07261309108674657
716,5,10,150,63,0.16162649221740846
717,5,10,150,63,0.18940567332300148
718,5,10,150,63,0.14061157344379913
719,5,10,150,63,0.16011399260274453
720,5,10,150,63,0.05261577455142312
721,5,10,150,63,0.15031351754080033
722,5,10,150,63,0.0
723,5,10,150,63,0.0
724,5,10,150,63,0.0
725,5,10,150,63,0.05750402108673013
726,5,10,150,63,0.2529427027676571
727,5,10,150,63,0.08940586142361096
728,5,10,150,63,0.0
729,5,10,150,63,0.0
730,5,10,150,63,0.0
731,5,10,150,63,0.04466441818602386
732,5,10,150,63,0.0
733,5,10,150,63,0.0
734,5,10,150,63,0.0655813061736612
735,5,10,150,63,0.0
736,5,10,150,63,0.0
737,5,10,150,63,0.16282663249631943
738,5,10,150,63,0.2632431729022225
739,5,10,150,63,0.0
740,5,10,150,63,0.0
741,5,10,150,63,0.10965210684801945
742,5,10,150,63,0.04553761034739079
743,5,10,150,63,0.0814476682319001
744,5,10,150,63,0.08878770367712427
745,5,10,150,63,0.3682049230943936
746,5,10,150,63,0.11450296808588954
747,5,10,150,63,0.3839795825440686
748,5,10,150,63,0.1946257849561795
749,5,10,150,63,0.14218786971763459
750,5,10,150,63,0.07219614103266732
751,5,10,150,63,0.08387405199623103
752,5,10,150,63,0.020210299806331135
753,5,10,150,63,0.15406810205846871
754,5,10,150,63,0.0
755,5,10,150,63,0.067228724047084
756,5,10,150,63,0.05421299273764631
757,5,10,150,63,0.06756111822138194
758,5,10,150,63,0.20955945979579552
759,5,10,150,63,0.038281751104512325
760,5,10,150,63,0.11447590313611888
761,5,10,150,63,0.03339755935325358
762,5,10,150,63,0.11568388634051256
763,5,10,150,63,0.20859185628046678
764,5,10,150,63,0.08207588022692468
765,5,10,150,63,0.0
766,5,10,150,63,0.050541549839211865
767,5,10,150,63,0.2073612289146658
768,5,10,150,63,0.07655078846581868
769,5,10,150,63,0.0
770,5,10,150,63,0.04692206785373726
771,5,10,150,63,0.19449231038235978
772,5,10,150,63,0.03353522641880846
773,5,10,150,63,0.08236155615232364
774,5,10,150,63,0.0412309501668652
775,5,10,150,63,0.0
776,5,10,150,63,0.0949413284627631
777,5,10,150,63,0.14445412169961394
778,5,10,150,63,0.024850109207689472
779,5,10,150,63,0.05878132199396477
780,5,10,150,63,0.07751937086606239
781,5,10,150,63,0.21898681539091044
782,5,10,150,63,0.012696829042067686
783,5,10,150,63,0.0
784,5,10,150,63,0.0
785,5,10,150,63,0.048159222084064895
786,5,10,150,63,0.13370327844286975
787,5,10,150,63,0.0683037314796457
788,5,10,150,63,0.1774368783967062
789,5,10,150,63,0.059109628562248356
790,5,10,150,63,0.06647346521583293
791,5,10,150,63,0.0
792,5,10,150,63,0.0
793,5,10,150,63,0.0
794,5,10,150,63,0.22201254783236782
795,5,10,150,63,0.09763348458166447
796,5,10,150,63,0.3602371584004992
797,5,10,150,63,0.09030583455080088
798,5,10,150,63,0.09845834705068893
799,5,10,150,63,0.0
800,5,10,150,63,0.0
801,5,10,150,63,0.03096677356901516
802,5,10,150,63,0.030863419558816
803,5,10,150,63,0.0
804,5,10,150,63,0.17294749763971376
805,5,10,150,63,0.12101708826779836
806,5,10,150,63,0.14195817029679822
807,5,10,150,63,0.2200252957493141
808,5,10,150,63,0.040655755922716606
809,5,10,150,63,0.07484323939884738
810,5,10,150,63,0.0
811,5,10,150,63,0.05062543788674174
812,5,10,150,63,0.0
813,5,10,150,63,0.17367331957930765
814,5,10,150,63,0.09144287629100999
815,5,10,150,63,0.24578427612863601
816,5,10,150,63,0.08005612702969578
817,5,10,150,63,0.0
818,5,10,150,63,0.0
819,5,10,150,63,0.15575997463127336
820,5,10,150,63,0.041641441310299704
821,5,10,150,63,0.19220292042320755
822,5,10,150,63,0.0
823,5,10,150,63,0.31583580916556364
824,5,10,150,63,0.0
825,5,10,150,63,0.08629409817261703
826,5,10,150,63,0.0956022175683246
827,5,10,150,63,0.0
828,5,10,150,63,0.07244745602732354
829,5,10,150,63,0.1633399391391799
830,5,10,150,63,0.10053254151308513
831,5,10,150,63,0.22386873883314284
832,5,10,150,63,0.041355644490859725
833,5,10,150,63,0.14641597226441838
834,5,10,150,63,0.020919434760060668
835,5,10,150,63,0.082546902593288
836,5,10,150,63,0.10882945376944808
837,5,10,150,63,0.0
838,5,10,150,63,0.14570435926304814
839,5,10,150,63,0.05646784228340616
840,5,10,150,63,0.30646812529668005
841,5,10,150,63,0.0
842,5,10,150,63,0.03314153504336938
843,5,10,150,63,0.10368425248786292
844,5,10,150,63,0.14767302746812566
845,5,10,150,63,0.0
846,5,10,150,63,0.30047321154528617
847,5,10,150,63,0.0
848,5,10,150,63,0.09096225673287843
849,5,10,150,63,0.11963038039558924
850,5,10,150,63,0.22524778298991205
851,5,10,150,63,0.2887951384652547
852,5,10,150,63,0.0
853,5,10,150,63,0.0
854,5,10,150,63,0.1668163502987201
855,5,10,150,63,0.0
856,5,10,150,63,0.0628634487195275
857,5,10,150,63,0.0
858,5,10,150,63,0.0
859,5,10,150,63,0.0
860,5,10,150,63,0.01655521147192675
861,5,10,150,63,0.12001290632387755
862,5,10,150,63,0.21986699713410776
863,5,10,150,63,0.0
864,5,10,150,63,0.2968697872979716
865,5,10,150,63,0.015797522321751672
866,5,10,150,63,0.12374681498530773
867,5,10,150,63,0.27550905731686676
868,5,10,150,63,0.13653446065681435
869,5,10,150,63,0.09414478450656023
870,5,10,150,63,0.11300092301673768
871,5,10,150,63,0.22160652373114856
872,5,10,150,63,0.01624882666837855
873,5,10,150,63,0.0
874,5,10,150,63,0.06575393297476358
875,5,10,150,63,0.23549131868893233
876,5,10,150,63,0.0
877,5,10,150,63,0.03487978243545732
878,5,10,150,63,0.05623154276676568
879,5,10,150,63,0.07180913162424091
880,5,10,150,63,0.33317976348911826
881,5,10,150,63,0.29954866798815794
882,5,10,150,63,0.30678775701318584
883,5,10,150,63,0.3562637247509966
884,5,10,150,63,0.028767091820622218
885,5,10,150,63,0.10709607345972089
886,5,10,150,63,0.18316193393950397
887,5,10,150,63,0.15605302210826652
888,5,10,150,63,0.0
889,5,10,150,63,0.25194907233958874
890,5,10,150,63,0.2976556926265332
891,5,10,150,63,0.09013275514532934
892,5,10,150,63,0.4193290323541578
893,5,10,150,63,0.05014695371369417
894,5,10,150,63,0.22002679241849582
895,5,10,150,63,0.0
896,5,10,150,63,0.37540428310168117
897,5,10,150,63,0.24077170605610568
898,5,10,150,63,0.0
899,5,10,150,63,0.16934232250916198
900,5,10,150,63,0.07027548980333784
901,5,10,150,63,0.25492375218802577
902,5,10,150,63,0.025255271126572616
903,5,10,150,63,0.37264530097702275
904,5,10,150,63,0.0
905,5,10,150,63,0.08773956418811966
906,5,10,150,63,0.021126375389061768
907,5,10,150,63,0.2046787380127882
908,5,10,150,63,0.19230103681757216
909,5,10,150,63,0.0
910,5,10,150,63,0.14111581018360284
911,5,10,150,63,0.07221694898330532
912,5,10,150,63,0.1545247611501353
913,5,10,150,63,0.18180613894293263
914,5,10,150,63,0.0
915,5,10,150,63,0.0
916,5,10,150,63,0.2153070203655775
917,5,10,150,63,0.019845431127916993
918,5,10,150,63,0.0253533085437572
919,5,10,150,63,0.13071741206922577
920,5,10,150,63,0.26814570941777965
921,5,10,150,63,0.025587813659796652
922,5,10,150,63,0.13693666330507975
923,5,10,150,63,0.053605537438321305
924,5,10,150,63,0.10476875172292892
925,5,10,150,63,0.08576373115156254
926,5,10,150,63,0.18690891198435525
927,5,10,150,63,0.1036005975009148
928,5,10,150,63,0.2047606321191804
929,5,10,150,63,0.11107244313646446
930,5,10,150,63,0.12668740771092546
931,5,10,150,63,0.059539365700728666
932,5,10,150,63,0.3719248077179882
933,5,10,150,63,0.06503297451666314
934,5,10,150,63,0.21910156690592078
935,5,10,150,63,0.043888403129016776
936,5,10,150,63,0.11904359079324021
937,5,10,150,63,0.09560624946230661
938,5,10,150,63,0.09371209088414174
939,5,10,150,63,0.05231692143384187
940,5,10,150,63,0.09780235796242302
941,5,10,150,63,0.19937616723755375
942,5,10,150,63,0.13847133856486593
943,5,10,150,63,0.18081567361766712
1,5,10,150,64,0.4058715898896693
2,5,10,150,64,0.14433828292945616
3,5,10,150,64,0.08759200575528697
4,5,10,150,64,0.0
5,5,10,150,64,0.04470486007704452
6,5,10,150,64,0.04187254809446048
7,5,10,150,64,0.20711452932119445
8,5,10,150,64,0.0
9,5,10,150,64,0.0
10,5,10,150,64,0.3005733545514552
11,5,10,150,64,0.03947525607388688
12,5,10,150,64,0.14632177291384774
13,5,10,150,64,0.24256092752724764
14,5,10,150,64,0.18795160328752808
15,5,10,150,64,0.0
16,5,10,150,64,0.19107502160562695
17,5,10,150,64,0.0
18,5,10,150,64,0.17872418048185143
19,5,10,150,64,0.0
20,5,10,150,64,0.13743816645714543
21,5,10,150,64,0.15232559003472054
22,5,10,150,64,0.040815803121742565
23,5,10,150,64,0.10387012192613786
24,5,10,150,64,0.08835266840320231
25,5,10,150,64,0.23940867474021393
26,5,10,150,64,0.0
27,5,10,150,64,0.0
28,5,10,150,64,0.052106753859569234
30,5,10,150,64,0.08133484538841967
31,5,10,150,64,0.11164668500969883
32,5,10,150,64,0.19519002499605084
33,5,10,150,64,0.0
34,5,10,150,64,0.0
35,5,10,150,64,0.0
37,5,10,150,64,0.08177471774917201
38,5,10,150,64,0.0
39,5,10,150,64,0.0
40,5,10,150,64,0.0
41,5,10,150,64,0.06835476917178976
42,5,10,150,64,0.08850778826764391
43,5,10,150,64,0.0
44,5,10,150,64,0.29540493557662006
45,5,10,150,64,0.0
46,5,10,150,64,0.0
47,5,10,150,64,0.0
48,5,10,150,64,0.07028063830038406
49,5,10,150,64,0.05432573058142762
52,5,10,150,64,0.0
53,5,10,150,64,0.0
54,5,10,150,64,0.0
55,5,10,150,64,0.0
56,5,10,150,64,0.11781210270929884
57,5,10,150,64,0.1318392860374695
58,5,10,150,64,0.40256699612340546
59,5,10,150,64,0.19233148606048747
60,5,10,150,64,0.1076743759411119
61,5,10,150,64,0.0
62,5,10,150,64,0.09586820699422145
63,5,10,150,64,0.0
64,5,10,150,64,0.07635718686081962
65,5,10,150,64,0.2342550150352983
66,5,10,150,64,0.06636133566432367
67,5,10,150,64,0.0
68,5,10,150,64,0.0
69,5,10,150,64,0.0
70,5,10,150,64,0.0
71,5,10,150,64,0.20758456043036028
72,5,10,150,64,0.10990826949013655
73,5,10,150,64,0.10052888926242022
74,5,10,150,64,0.0
75,5,10,150,64,0.0
76,5,10,150,64,0.10633668103022985
77,5,10,150,64,0.14247142730086715
78,5,10,150,64,0.0
79,5,10,150,64,0.07821312100379274
80,5,10,150,64,0.0
81,5,10,150,64,0.08878770367712427
82,5,10,150,64,0.03187578878809277
83,5,10,150,64,0.07414861528507455
84,5,10,150,64,0.07550980911390262
85,5,10,150,64,0.04734112273659951
86,5,10,150,64,0.0
87,5,10,150,64,0.16641625059082407
88,5,10,150,64,0.18920035951687003
89,5,10,150,64,0.0
90,5,10,150,64,0.1707098375184088
91,5,10,150,64,0.0
92,5,10,150,64,0.03369782041898502
93,5,10,150,64,0.0
94,5,10,150,64,0.12253429761719764
95,5,10,150,64,0.07849567312219397
96,5,10,150,64,0.06482168843084862
97,5,10,150,64,0.0
98,5,10,150,64,0.0
99,5,10,150,64,0.13337585439143895
100,5,10,150,64,0.0
101,5,10,150,64,0.0
102,5,10,150,64,0.0
103,5,10,150,64,0.0
104,5,10,150,64,0.33958467175585033
105,5,10,150,64,0.0
106,5,10,150,64,0.06516188295518531
107,5,10,150,64,0.0
109,5,10,150,64,0.16563719724029594
110,5,10,150,64,0.0
111,5,10,150,64,0.0
112,5,10,150,64,0.07807600999842033
113,5,10,150,64,0.0
114,5,10,150,64,0.08274602130532002
115,5,10,150,64,0.04001677477281075
116,5,10,150,64,0.0
117,5,10,150,64,0.0
118,5,10,150,64,0.2265416449833316
119,5,10,150,64,0.05891155956989184
120,5,10,150,64,0.0
121,5,10,150,64,0.13032376591037062
122,5,10,150,64,0.0
123,5,10,150,64,0.13720340769293682
124,5,10,150,64,0.0
125,5,10,150,64,0.05446333035917803
126,5,10,150,64,0.0
128,5,10,150,64,0.0
129,5,10,150,64,0.0
130,5,10,150,64,0.15174952279352721
131,5,10,150,64,0.0
132,5,10,150,64,0.0
133,5,10,150,64,0.0
134,5,10,150,64,0.0
135,5,10,150,64,0.0
136,5,10,150,64,0.0
137,5,10,150,64,0.1137075481082292
138,5,10,150,64,0.0976168253917686
139,5,10,150,64,0.10466868931043802
140,5,10,150,64,0.0
141,5,10,150,64,0.04733244938590725
142,5,10,150,64,0.0
143,5,10,150,64,0.0
144,5,10,150,64,0.0
145,5,10,150,64,0.17597149971119974
146,5,10,150,64,0.0
147,5,10,150,64,0.1033846481249528
148,5,10,150,64,0.13447968072991395
149,5,10,150,64,0.0
150,5,10,150,64,0.2640681225725909
151,5,10,150,64,0.1026571794225922
152,5,10,150,64,0.0
153,5,10,150,64,0.0
154,5,10,150,64,0.06416923277158361
155,5,10,150,64,0.0
156,5,10,150,64,0.0
157,5,10,150,64,0.0
158,5,10,150,64,0.11017700922818752
159,5,10,150,64,0.23138144801632507
160,5,10,150,64,0.1719271394881576
161,5,10,150,64,0.0
162,5,10,150,64,0.0
163,5,10,150,64,0.0
164,5,10,150,64,0.0
165,5,10,150,64,0.0
167,5,10,150,64,0.05319635904163211
168,5,10,150,64,0.0
169,5,10,150,64,0.0
170,5,10,150,64,0.0
171,5,10,150,64,0.0
173,5,10,150,64,0.0
174,5,10,150,64,0.06784586495432565
175,5,10,150,64,0.21517910082405575
176,5,10,150,64,0.06289692884934815
177,5,10,150,64,0.38113435412202
178,5,10,150,64,0.12597398707460816
179,5,10,150,64,0.09149012142095872
180,5,10,150,64,0.06228974831361337
181,5,10,150,64,0.09913210981157927
182,5,10,150,64,0.0
183,5,10,150,64,0.15101961822780524
184,5,10,150,64,0.0
185,5,10,150,64,0.0
186,5,10,150,64,0.04633132539002164
187,5,10,150,64,0.0
188,5,10,150,64,0.12925733948536566
189,5,10,150,64,0.18890011590178235
190,5,10,150,64,0.0
192,5,10,150,64,0.123151194370365
193,5,10,150,64,0.0
194,5,10,150,64,0.02924951745434817
195,5,10,150,64,0.11787667935667444
196,5,10,150,64,0.0
197,5,10,150,64,0.09546043308946733
198,5,10,150,64,0.0
199,5,10,150,64,0.0
200,5,10,150,64,0.09785159463516042
201,5,10,150,64,0.0
202,5,10,150,64,0.10466868931043802
203,5,10,150,64,0.0
204,5,10,150,64,0.19519002499605084
205,5,10,150,64,0.0
206,5,10,150,64,0.0
207,5,10,150,64,0.07517955939765397
208,5,10,150,64,0.0
209,5,10,150,64,0.0
210,5,10,150,64,0.2167516193508568
211,5,10,150,64,0.0
213,5,10,150,64,0.15669163589836543
214,5,10,150,64,0.0
216,5,10,150,64,0.23813231172447274
217,5,10,150,64,0.0
218,5,10,150,64,0.0
219,5,10,150,64,0.0
221,5,10,150,64,0.0
222,5,10,150,64,0.1050995674008573
223,5,10,150,64,0.0
224,5,10,150,64,0.0
225,5,10,150,64,0.09077089626867633
226,5,10,150,64,0.19092086617893467
227,5,10,150,64,0.0
228,5,10,150,64,0.0
229,5,10,150,64,0.0
230,5,10,150,64,0.12683081539850163
231,5,10,150,64,0.0
232,5,10,150,64,0.03962341267285813
233,5,10,150,64,0.2699700016563489
234,5,10,150,64,0.09887660119080527
235,5,10,150,64,0.06692738060277027
236,5,10,150,64,0.0
237,5,10,150,64,0.19342640361727081
238,5,10,150,64,0.0
239,5,10,150,64,0.06912040963822193
240,5,10,150,64,0.12495636102304827
241,5,10,150,64,0.0
242,5,10,150,64,0.0
243,5,10,150,64,0.0
244,5,10,150,64,0.049712302565054066
245,5,10,150,64,0.0
246,5,10,150,64,0.0561326498270945
247,5,10,150,64,0.09472348220010487
248,5,10,150,64,0.09472348220010487
249,5,10,150,64,0.056720838976548935
250,5,10,150,64,0.0
251,5,10,150,64,0.13032376591037062
252,5,10,150,64,0.20184908658209985
253,5,10,150,64,0.1084812001944431
254,5,10,150,64,0.08514311764162098
255,5,10,150,64,0.0
256,5,10,150,64,0.038925970325304815
257,5,10,150,64,0.07984133538066794
258,5,10,150,64,0.0
259,5,10,150,64,0.1239740444869306
260,5,10,150,64,0.0
261,5,10,150,64,0.0
262,5,10,150,64,0.0
263,5,10,150,64,0.0956366800683804
264,5,10,150,64,0.050433735583135575
265,5,10,150,64,0.0
266,5,10,150,64,0.0
267,5,10,150,64,0.17168372277322866
268,5,10,150,64,0.049712302565054066
269,5,10,150,64,0.052962244777770985
270,5,10,150,64,0.041641441310299704
271,5,10,150,64,0.13010624216828925
272,5,10,150,64,0.1702293778633033
273,5,10,150,64,0.0
274,5,10,150,64,0.0
275,5,10,150,64,0.0
276,5,10,150,64,0.15875999922826586
277,5,10,150,64,0.0
278,5,10,150,64,0.0
279,5,10,150,64,0.14661584523264445
280,5,10,150,64,0.16417286747746287
281,5,10,150,64,0.0
282,5,10,150,64,0.0
283,5,10,150,64,0.07028063830038406
284,5,10,150,64,0.0
285,5,10,150,64,0.0
286,5,10,150,64,0.0781170595969038
287,5,10,150,64,0.0
288,5,10,150,64,0.0859574327152926
289,5,10,150,64,0.16903020543979225
290,5,10,150,64,0.07834851647149511
291,5,10,150,64,0.07828167840727236
292,5,10,150,64,0.04224853374256244
293,5,10,150,64,0.09565771930304079
294,5,10,150,64,0.0
295,5,10,150,64,0.2603201838311303
296,5,10,150,64,0.13713660166967986
297,5,10,150,64,0.0
298,5,10,150,64,0.16915623549474385
299,5,10,150,64,0.0
300,5,10,150,64,0.0
301,5,10,150,64,0.06460801587741544
302,5,10,150,64,0.09224219235917257
303,5,10,150,64,0.07354269615643778
304,5,10,150,64,0.0
305,5,10,150,64,0.11349000778741654
306,5,10,150,64,0.0
307,5,10,150,64,0.10778915452451093
308,5,10,150,64,0.13490077762666258
310,5,10,150,64,0.0
311,5,10,150,64,0.13301422444853
312,5,10,150,64,0.1819616199123543
313,5,10,150,64,0.11270402374049442
314,5,10,150,64,0.16600564593053876
315,5,10,150,64,0.037110354711564805
316,5,10,150,64,0.0
317,5,10,150,64,0.0
318,5,10,150,64,0.1642688369468948
319,5,10,150,64,0.0
320,5,10,150,64,0.13927874459665815
321,5,10,150,64,0.0
322,5,10,150,64,0.0
323,5,10,150,64,0.1610425878239398
324,5,10,150,64,0.0
325,5,10,150,64,0.09092803061897883
326,5,10,150,64,0.027288805847552652
327,5,10,150,64,0.025410386140327024
328,5,10,150,64,0.09206364236149692
329,5,10,150,64,0.0
330,5,10,150,64,0.1313681680695099
331,5,10,150,64,0.0
332,5,10,150,64,0.09320485889859448
334,5,10,150,64,0.02249061179923914
335,5,10,150,64,0.0
336,5,10,150,64,0.0780824078938463
337,5,10,150,64,0.0
338,5,10,150,64,0.07132875491150918
339,5,10,150,64,0.1664336467304897
340,5,10,150,64,0.0
341,5,10,150,64,0.0
342,5,10,150,64,0.3608742720986609
343,5,10,150,64,0.09229649639444802
344,5,10,150,64,0.1202034973803211
345,5,10,150,64,0.18015355216717013
346,5,10,150,64,0.04366879852493834
347,5,10,150,64,0.22280620320442554
348,5,10,150,64,0.0
349,5,10,150,64,0.0
350,5,10,150,64,0.058087171966128066
351,5,10,150,64,0.07977344912567227
352,5,10,150,64,0.1903601622684853
353,5,10,150,64,0.14434031438272124
354,5,10,150,64,0.06335619058732639
355,5,10,150,64,0.0
356,5,10,150,64,0.0
357,5,10,150,64,0.0
358,5,10,150,64,0.06364028872631156
359,5,10,150,64,0.3010299956639812
360,5,10,150,64,0.12982031659526816
361,5,10,150,64,0.09478836436955078
362,5,10,150,64,0.0
363,5,10,150,64,0.24101654828754165
364,5,10,150,64,0.0
365,5,10,150,64,0.0
366,5,10,150,64,0.0
367,5,10,150,64,0.0
368,5,10,150,64,0.0
369,5,10,150,64,0.0
370,5,10,150,64,0.0
371,5,10,150,64,0.19950301641376814
372,5,10,150,64,0.15130120674940672
373,5,10,150,64,0.22842722979011518
374,5,10,150,64,0.07472550252128253
375,5,10,150,64,0.0
376,5,10,150,64,0.0
377,5,10,150,64,0.0
378,5,10,150,64,0.13635638482251203
379,5,10,150,64,0.08433239722469389
380,5,10,150,64,0.0
381,5,10,150,64,0.0
382,5,10,150,64,0.09952375175972906
383,5,10,150,64,0.07822955820619495
384,5,10,150,64,0.0
385,5,10,150,64,0.0
386,5,10,150,64,0.0
387,5,10,150,64,0.08586571489348302
388,5,10,150,64,0.05789711601244791
389,5,10,150,64,0.09284203700798714
390,5,10,150,64,0.0
391,5,10,150,64,0.11245246430543061
392,5,10,150,64,0.1484702586346916
393,5,10,150,64,0.16022947035000218
394,5,10,150,64,0.16570616085215287
395,5,10,150,64,0.0
396,5,10,150,64,0.0
397,5,10,150,64,0.11004588314904008
398,5,10,150,64,0.28368572779044043
399,5,10,150,64,0.026175882249243814
400,5,10,150,64,0.0
401,5,10,150,64,0.02839245759615368
402,5,10,150,64,0.0
403,5,10,150,64,0.2529427027676571
404,5,10,150,64,0.0
405,5,10,150,64,0.03290085270920702
406,5,10,150,64,0.06360190926466157
407,5,10,150,64,0.09046795885890169
408,5,10,150,64,0.09983719697789138
409,5,10,150,64,0.05800611307095368
410,5,10,150,64,0.0
411,5,10,150,64,0.17342765698823945
412,5,10,150,64,0.0
413,5,10,150,64,0.0
414,5,10,150,64,0.21398626473452756
415,5,10,150,64,0.0
416,5,10,150,64,0.14637519139526847
417,5,10,150,64,0.11088189053445036
419,5,10,150,64,0.3536251441097701
420,5,10,150,64,0.05478392673173268
421,5,10,150,64,0.04264945290455212
422,5,10,150,64,0.0
423,5,10,150,64,0.13523051443907988
424,5,10,150,64,0.0401239863376113
425,5,10,150,64,0.2082843711703412
426,5,10,150,64,0.13571943816109763
427,5,10,150,64,0.0
428,5,10,150,64,0.0
429,5,10,150,64,0.14041959417088476
430,5,10,150,64,0.1261446714466394
431,5,10,150,64,0.0
432,5,10,150,64,0.0
433,5,10,150,64,0.0
434,5,10,150,64,0.3903800499921017
435,5,10,150,64,0.11347000084585261
436,5,10,150,64,0.08868088264964148
437,5,10,150,64,0.22972973128433707
438,5,10,150,64,0.0
439,5,10,150,64,0.0
440,5,10,150,64,0.06175696970122604
441,5,10,150,64,0.0
442,5,10,150,64,0.0
443,5,10,150,64,0.0
445,5,10,150,64,0.0
446,5,10,150,64,0.0
447,5,10,150,64,0.2726897692124621
448,5,10,150,64,0.0
449,5,10,150,64,0.07784399437297408
450,5,10,150,64,0.22640083277136241
451,5,10,150,64,0.0
452,5,10,150,64,0.07830573469972951
453,5,10,150,64,0.029956785715628154
454,5,10,150,64,0.060700497476813886
455,5,10,150,64,0.04532988990328068
456,5,10,150,64,0.07758828619721583
457,5,10,150,64,0.29418445531213994
458,5,10,150,64,0.04507276838148142
459,5,10,150,64,0.0
460,5,10,150,64,0.0
461,5,10,150,64,0.0
462,5,10,150,64,0.0
463,5,10,150,64,0.0
464,5,10,150,64,0.0
465,5,10,150,64,0.0
466,5,10,150,64,0.03947525607388688
467,5,10,150,64,0.1436337620239326
468,5,10,150,64,0.25116683884278784
469,5,10,150,64,0.057417722536754784
470,5,10,150,64,0.0
471,5,10,150,64,0.0
472,5,10,150,64,0.14903271548086697
473,5,10,150,64,0.08754031530847717
474,5,10,150,64,0.3170746575501129
475,5,10,150,64,0.06516188295518531
476,5,10,150,64,0.0
477,5,10,150,64,0.055100238151135045
478,5,10,150,64,0.23782833255689273
479,5,10,150,64,0.07834096783470737
480,5,10,150,64,0.21398626473452756
481,5,10,150,64,0.13863671367752411
482,5,10,150,64,0.0
483,5,10,150,64,0.06912040963822193
484,5,10,150,64,0.09353062527112192
485,5,10,150,64,0.0
486,5,10,150,64,0.10311241692162332
487,5,10,150,64,0.2215000938796789
488,5,10,150,64,0.0
489,5,10,150,64,0.0
490,5,10,150,64,0.0
491,5,10,150,64,0.19092086617893467
492,5,10,150,64,0.12471554514794539
493,5,10,150,64,0.0332568859495131
494,5,10,150,64,0.07461492443139366
495,5,10,150,64,0.11868174655260626
496,5,10,150,64,0.05459112561892713
497,5,10,150,64,0.04285286422081118
498,5,10,150,64,0.03855307727568851
499,5,10,150,64,0.1912282106369008
500,5,10,150,64,0.05011951520627559
501,5,10,150,64,0.0
502,5,10,150,64,0.06364028872631156
503,5,10,150,64,0.23302503750225448
504,5,10,150,64,0.0
505,5,10,150,64,0.0
506,5,10,150,64,0.13939295695713902
507,5,10,150,64,0.0
508,5,10,150,64,0.0
509,5,10,150,64,0.06474271459046577
510,5,10,150,64,0.0
511,5,10,150,64,0.0
512,5,10,150,64,0.18316925091363362
513,5,10,150,64,0.0461651444771445
514,5,10,150,64,0.10595566933616397
515,5,10,150,64,0.0
516,5,10,150,64,0.13768197790533618
517,5,10,150,64,0.042259191411409554
518,5,10,150,64,0.0
519,5,10,150,64,0.038800293177871176
520,5,10,150,64,0.0
521,5,10,150,64,0.0
522,5,10,150,64,0.0
523,5,10,150,64,0.0316088333445714
524,5,10,150,64,0.10258209047527363
525,5,10,150,64,0.0
526,5,10,150,64,0.06235626924550528
527,5,10,150,64,0.14943863047793596
528,5,10,150,64,0.14110144150616766
529,5,10,150,64,0.07064774175419336
530,5,10,150,64,0.0
531,5,10,150,64,0.0
532,5,10,150,64,0.04774713204658456
533,5,10,150,64,0.12731562344278502
534,5,10,150,64,0.07450923581469894
535,5,10,150,64,0.2871959083713276
536,5,10,150,64,0.2548762391805495
537,5,10,150,64,0.41766538952028504
538,5,10,150,64,0.0
539,5,10,150,64,0.1560067947598593
540,5,10,150,64,0.0
541,5,10,150,64,0.1448454408452497
542,5,10,150,64,0.12627825946936164
543,5,10,150,64,0.0
544,5,10,150,64,0.07631352592005593
545,5,10,150,64,0.052962244777770985
546,5,10,150,64,0.15314106296495628
547,5,10,150,64,0.0
548,5,10,150,64,0.06942726819239371
549,5,10,150,64,0.0
550,5,10,150,64,0.13436217909546777
551,5,10,150,64,0.2533208087804609
552,5,10,150,64,0.0
553,5,10,150,64,0.1853960487429506
554,5,10,150,64,0.16600564593053876
555,5,10,150,64,0.0
556,5,10,150,64,0.08876245163110816
557,5,10,150,64,0.053894577262255466
558,5,10,150,64,0.05718685316335169
559,5,10,150,64,0.0734773909038217
560,5,10,150,64,0.24050284760456656
561,5,10,150,64,0.022306418104151092
562,5,10,150,64,0.034743705427429224
563,5,10,150,64,0.0
564,5,10,150,64,0.0
565,5,10,150,64,0.18568675205192314
566,5,10,150,64,0.13665387068436016
567,5,10,150,64,0.13463074517970205
568,5,10,150,64,0.057107346298225524
569,5,10,150,64,0.0336639187988199
570,5,10,150,64,0.0
571,5,10,150,64,0.0
572,5,10,150,64,0.058995070558427745
573,5,10,150,64,0.0
574,5,10,150,64,0.04185567464896701
575,5,10,150,64,0.056316753775798256
576,5,10,150,64,0.17342765698823945
577,5,10,150,64,0.22186862389759224
578,5,10,150,64,0.09818998961169394
579,5,10,150,64,0.0
580,5,10,150,64,0.16049923379569733
581,5,10,150,64,0.0
582,5,10,150,64,0.028361369701356044
583,5,10,150,64,0.08811076314737627
584,5,10,150,64,0.0
585,5,10,150,64,0.03272632263321488
586,5,10,150,64,0.07482758161941112
587,5,10,150,64,0.0
588,5,10,150,64,0.19986322535792533
589,5,10,150,64,0.0
590,5,10,150,64,0.18511573258657482
591,5,10,150,64,0.15758427078022966
592,5,10,150,64,0.25517363018721456
593,5,10,150,64,0.168820460938874
594,5,10,150,64,0.0843142342558857
595,5,10,150,64,0.0
596,5,10,150,64,0.0
597,5,10,150,64,0.0
598,5,10,150,64,0.11752277470724268
599,5,10,150,64,0.16402353420682853
600,5,10,150,64,0.0
601,5,10,150,64,0.026557570376145638
602,5,10,150,64,0.0
603,5,10,150,64,0.06194403202282284
604,5,10,150,64,0.0
605,5,10,150,64,0.10589838376326657
606,5,10,150,64,0.2138150508755678
607,5,10,150,64,0.0
608,5,10,150,64,0.126140293880171
609,5,10,150,64,0.11838279295536291
610,5,10,150,64,0.029785542524894418
611,5,10,150,64,0.03927158715985786
612,5,10,150,64,0.0
613,5,10,150,64,0.2049174583553662
614,5,10,150,64,0.13886244387355454
615,5,10,150,64,0.10251900332140326
616,5,10,150,64,0.09781579202094404
617,5,10,150,64,0.03804989622115975
618,5,10,150,64,0.13693830900397266
619,5,10,150,64,0.15406791387309057
620,5,10,150,64,0.1451323880538222
621,5,10,150,64,0.13589759152345549
622,5,10,150,64,0.10022910267662996
623,5,10,150,64,0.09214386720871916
624,5,10,150,64,0.019160322430058573
625,5,10,150,64,0.0
626,5,10,150,64,0.04690797720830594
627,5,10,150,64,0.04289205981312439
628,5,10,150,64,0.0
629,5,10,150,64,0.2013573326089747
630,5,10,150,64,0.09942460513010813
631,5,10,150,64,0.09240791929215005
632,5,10,150,64,0.31631217683169366
633,5,10,150,64,0.0455520698635181
634,5,10,150,64,0.023756977677906275
635,5,10,150,64,0.039407921945699885
636,5,10,150,64,0.0
637,5,10,150,64,0.0
638,5,10,150,64,0.15473934503245962
639,5,10,150,64,0.0
640,5,10,150,64,0.0637867864178444
641,5,10,150,64,0.03570665676503816
642,5,10,150,64,0.12783294805464213
643,5,10,150,64,0.15031592367651372
644,5,10,150,64,0.0
645,5,10,150,64,0.1856947245529553
646,5,10,150,64,0.0
647,5,10,150,64,0.03673869545191085
648,5,10,150,64,0.07574162583445579
649,5,10,150,64,0.0
650,5,10,150,64,0.09215067131283401
651,5,10,150,64,0.03443184397772452
652,5,10,150,64,0.0
653,5,10,150,64,0.04876194301122506
654,5,10,150,64,0.17020900230175445
655,5,10,150,64,0.27316315728653
656,5,10,150,64,0.0
657,5,10,150,64,0.053845569940583225
658,5,10,150,64,0.0
659,5,10,150,64,0.07075240780563574
660,5,10,150,64,0.0
661,5,10,150,64,0.12705991527984942
662,5,10,150,64,0.0
663,5,10,150,64,0.07874514948204092
664,5,10,150,64,0.05391021349625259
665,5,10,150,64,0.0
666,5,10,150,64,0.07860744541237058
667,5,10,150,64,0.2676806947950803
668,5,10,150,64,0.0
669,5,10,150,64,0.2672968266839232
670,5,10,150,64,0.15539533467551025
671,5,10,150,64,0.17434206503696043
672,5,10,150,64,0.0
673,5,10,150,64,0.0
674,5,10,150,64,0.0
675,5,10,150,64,0.05010834716923557
676,5,10,150,64,0.0
677,5,10,150,64,0.03927489746221688
678,5,10,150,64,0.0
679,5,10,150,64,0.26970586372388394
680,5,10,150,64,0.2073612289146658
681,5,10,150,64,0.0
682,5,10,150,64,0.10557845533792586
683,5,10,150,64,0.06289349548893712
684,5,10,150,64,0.0
685,5,10,150,64,0.0
686,5,10,150,64,0.08962483220812449
687,5,10,150,64,0.0
688,5,10,150,64,0.0
689,5,10,150,64,0.32436268379537736
690,5,10,150,64,0.0
691,5,10,150,64,0.0
692,5,10,150,64,0.0
693,5,10,150,64,0.0
694,5,10,150,64,0.20269611984358588
695,5,10,150,64,0.0607039656753694
696,5,10,150,64,0.12935879342602336
697,5,10,150,64,0.06378035696304758
698,5,10,150,64,0.09499131598480672
699,5,10,150,64,0.0
700,5,10,150,64,0.16958010263680806
701,5,10,150,64,0.04129602134854855
702,5,10,150,64,0.0
703,5,10,150,64,0.03870447337439288
704,5,10,150,64,0.09986079379105446
705,5,10,150,64,0.18775788588526962
706,5,10,150,64,0.0
707,5,10,150,64,0.11325316649495151
708,5,10,150,64,0.06058075640309377
709,5,10,150,64,0.10371915894912967
710,5,10,150,64,0.05710411178654767
711,5,10,150,64,0.14431653919064127
712,5,10,150,64,0.12435918123916344
713,5,10,150,64,0.0
714,5,10,150,64,0.04195229264874745
715,5,10,150,64,0.07261309108674657
716,5,10,150,64,0.1707342999268676
717,5,10,150,64,0.18940567332300148
718,5,10,150,64,0.14061157344379913
719,5,10,150,64,0.16011399260274453
720,5,10,150,64,0.05261577455142312
721,5,10,150,64,0.15031351754080033
722,5,10,150,64,0.0
723,5,10,150,64,0.0
724,5,10,150,64,0.0
725,5,10,150,64,0.05750402108673013
726,5,10,150,64,0.2529427027676571
727,5,10,150,64,0.08843458622659464
728,5,10,150,64,0.0
729,5,10,150,64,0.0
730,5,10,150,64,0.0
731,5,10,150,64,0.04466441818602386
732,5,10,150,64,0.0
733,5,10,150,64,0.0
734,5,10,150,64,0.0655813061736612
735,5,10,150,64,0.0
736,5,10,150,64,0.0
737,5,10,150,64,0.16282663249631943
738,5,10,150,64,0.2632431729022225
739,5,10,150,64,0.0
740,5,10,150,64,0.0
741,5,10,150,64,0.10965210684801945
742,5,10,150,64,0.04553761034739079
743,5,10,150,64,0.0814476682319001
744,5,10,150,64,0.08878770367712427
745,5,10,150,64,0.3682049230943936
746,5,10,150,64,0.11450296808588954
747,5,10,150,64,0.37980815755305297
748,5,10,150,64,0.1946257849561795
749,5,10,150,64,0.14064318854154276
750,5,10,150,64,0.07219614103266732
751,5,10,150,64,0.08387405199623103
752,5,10,150,64,0.020210299806331135
753,5,10,150,64,0.15406810205846871
754,5,10,150,64,0.0
755,5,10,150,64,0.067228724047084
756,5,10,150,64,0.06970760198990748
757,5,10,150,64,0.06756111822138194
758,5,10,150,64,0.20728287633293496
759,5,10,150,64,0.038281751104512325
760,5,10,150,64,0.11447590313611888
761,5,10,150,64,0.03339755935325358
762,5,10,150,64,0.11568388634051256
763,5,10,150,64,0.20859185628046678
764,5,10,150,64,0.08207588022692468
765,5,10,150,64,0.0
766,5,10,150,64,0.050541549839211865
767,5,10,150,64,0.2073612289146658
768,5,10,150,64,0.07655078846581868
769,5,10,150,64,0.0
770,5,10,150,64,0.04692206785373726
771,5,10,150,64,0.19449231038235978
772,5,10,150,64,0.03353522641880846
773,5,10,150,64,0.08236155615232364
774,5,10,150,64,0.04078303099681494
775,5,10,150,64,0.0
776,5,10,150,64,0.0949413284627631
777,5,10,150,64,0.14445412169961394
778,5,10,150,64,0.024850109207689472
779,5,10,150,64,0.05878132199396477
780,5,10,150,64,0.07751937086606239
781,5,10,150,64,0.21898681539091044
782,5,10,150,64,0.01255889496332886
783,5,10,150,64,0.0
784,5,10,150,64,0.0
785,5,10,150,64,0.048159222084064895
786,5,10,150,64,0.13370327844286975
787,5,10,150,64,0.0683037314796457
788,5,10,150,64,0.1755092638502039
789,5,10,150,64,0.059109628562248356
790,5,10,150,64,0.06575131985538551
791,5,10,150,64,0.0
792,5,10,150,64,0.0
793,5,10,150,64,0.0
794,5,10,150,64,0.22201254783236782
795,5,10,150,64,0.09657282725492457
796,5,10,150,64,0.3563236631170049
797,5,10,150,64,0.09030583455080088
798,5,10,150,64,0.0973887286956187
799,5,10,150,64,0.0
800,5,10,150,64,0.0
801,5,10,150,64,0.03096677356901516
802,5,10,150,64,0.030863419558816
803,5,10,150,64,0.0
804,5,10,150,64,0.1710686542152587
805,5,10,150,64,0.11970239933825792
806,5,10,150,64,0.1404159844979297
807,5,10,150,64,0.21763501496598894
808,5,10,150,64,0.040655755922716606
809,5,10,150,64,0.07484323939884738
810,5,10,150,64,0.0
811,5,10,150,64,0.05062543788674174
812,5,10,150,64,0.0
813,5,10,150,64,0.17367331957930765
814,5,10,150,64,0.09144287629100999
815,5,10,150,64,0.24311415844933462
816,5,10,150,64,0.08005612702969578
817,5,10,150,64,0.0
818,5,10,150,64,0.0
819,5,10,150,64,0.15575997463127336
820,5,10,150,64,0.041641441310299704
821,5,10,150,64,0.19220292042320755
822,5,10,150,64,0.03902876023380719
823,5,10,150,64,0.3124046752008829
824,5,10,150,64,0.0
825,5,10,150,64,0.09622029166464681
826,5,10,150,64,0.0956022175683246
827,5,10,150,64,0.0
828,5,10,150,64,0.07244745602732354
829,5,10,150,64,0.1633399391391799
830,5,10,150,64,0.10053254151308513
831,5,10,150,64,0.22386873883314284
832,5,10,150,64,0.041355644490859725
833,5,10,150,64,0.1448253584048454
834,5,10,150,64,0.020919434760060668
835,5,10,150,64,0.0959744927865849
836,5,10,150,64,0.10882945376944808
837,5,10,150,64,0.0
838,5,10,150,64,0.14570435926304814
839,5,10,150,64,0.05646784228340616
840,5,10,150,64,0.3031387586977006
841,5,10,150,64,0.0
842,5,10,150,64,0.03314153504336938
843,5,10,150,64,0.10255786165443101
844,5,10,150,64,0.14767302746812566
845,5,10,150,64,0.0
846,5,10,150,64,0.2972089716722536
847,5,10,150,64,0.0
848,5,10,150,64,0.10083773692095782
849,5,10,150,64,0.11963038039558924
850,5,10,150,64,0.22524778298991205
851,5,10,150,64,0.28565776524895997
852,5,10,150,64,0.0
853,5,10,150,64,0.0
854,5,10,150,64,0.16500411359609218
855,5,10,150,64,0.0
856,5,10,150,64,0.0628634487195275
857,5,10,150,64,0.0
858,5,10,150,64,0.0
859,5,10,150,64,0.0
860,5,10,150,64,0.01655521147192675
861,5,10,150,64,0.12001290632387755
862,5,10,150,64,0.21747843605367706
863,5,10,150,64,0.0
864,5,10,150,64,0.29364469381355396
865,5,10,150,64,0.015797522321751672
866,5,10,150,64,0.12374681498530773
867,5,10,150,64,0.27550905731686676
868,5,10,150,64,0.13505119621461364
869,5,10,150,64,0.09414478450656023
870,5,10,150,64,0.11177331900936638
871,5,10,150,64,0.22160652373114856
872,5,10,150,64,0.03050926163237471
873,5,10,150,64,0.0
874,5,10,150,64,0.06575393297476358
875,5,10,150,64,0.23549131868893233
876,5,10,150,64,0.0
877,5,10,150,64,0.03487978243545732
878,5,10,150,64,0.05562066220580843
879,5,10,150,64,0.07180913162424091
880,5,10,150,64,0.32956021064021207
881,5,10,150,64,0.29629447204525816
882,5,10,150,64,0.3034549180427815
883,5,10,150,64,0.3632570590538402
884,5,10,150,64,0.028767091820622218
885,5,10,150,64,0.10709607345972089
886,5,10,150,64,0.18117212431583649
887,5,10,150,64,0.165221378121742
888,5,10,150,64,0.0
889,5,10,150,64,0.24921198238845843
890,5,10,150,64,0.2944220613310517
891,5,10,150,64,0.09013275514532934
892,5,10,150,64,0.4147735828340787
893,5,10,150,64,0.05014695371369417
894,5,10,150,64,0.21763649537586024
895,5,10,150,64,0.0
896,5,10,150,64,0.37132601727856296
897,5,10,150,64,0.24901970679161423
898,5,10,150,64,0.0
899,5,10,150,64,0.16750264449432825
900,5,10,150,64,0.09313286019574611
901,5,10,150,64,0.25215434631588257
902,5,10,150,64,0.025255271126572616
903,5,10,150,64,0.36859700780741994
904,5,10,150,64,0.0
905,5,10,150,64,0.08773956418811966
906,5,10,150,64,0.021126375389061768
907,5,10,150,64,0.20245517706921093
908,5,10,150,64,0.19230103681757216
909,5,10,150,64,0.0
910,5,10,150,64,0.14111581018360284
911,5,10,150,64,0.07221694898330532
912,5,10,150,64,0.1545247611501353
913,5,10,150,64,0.1798310582199372
914,5,10,150,64,0.0
915,5,10,150,64,0.0
916,5,10,150,64,0.21296799733851066
917,5,10,150,64,0.019845431127916993
918,5,10,150,64,0.0253533085437572
919,5,10,150,64,0.1292973420856769
920,5,10,150,64,0.26814570941777965
921,5,10,150,64,0.025309836261470587
922,5,10,150,64,0.13544902946863338
923,5,10,150,64,0.053605537438321305
924,5,10,150,64,0.11819634191622581
925,5,10,150,64,0.08576373115156254
926,5,10,150,64,0.18690891198435525
927,5,10,150,64,0.10247511546711455
928,5,10,150,64,0.2047606321191804
929,5,10,150,64,0.11107244313646446
930,5,10,150,64,0.12668740771092546
931,5,10,150,64,0.059539365700728666
932,5,10,150,64,0.3787480052848053
933,5,10,150,64,0.06432647816250409
934,5,10,150,64,0.22758498474202346
935,5,10,150,64,0.043888403129016776
936,5,10,150,64,0.11775034127626056
937,5,10,150,64,0.09560624946230661
938,5,10,150,64,0.09269403425913987
939,5,10,150,64,0.05231692143384187
940,5,10,150,64,0.09673986605209367
941,5,10,150,64,0.19937616723755375
942,5,10,150,64,0.15189892875816283
943,5,10,150,64,0.17885135297671348
1,5,10,150,65,0.4058715898896693
2,5,10,150,65,0.14433828292945616
3,5,10,150,65,0.08759200575528697
4,5,10,150,65,0.0
5,5,10,150,65,0.04470486007704452
6,5,10,150,65,0.04187254809446048
7,5,10,150,65,0.20711452932119445
8,5,10,150,65,0.0
9,5,10,150,65,0.0
10,5,10,150,65,0.3005733545514552
11,5,10,150,65,0.03947525607388688
12,5,10,150,65,0.14632177291384774
13,5,10,150,65,0.24256092752724764
14,5,10,150,65,0.18795160328752808
15,5,10,150,65,0.0
16,5,10,150,65,0.19107502160562695
17,5,10,150,65,0.0
18,5,10,150,65,0.17872418048185143
19,5,10,150,65,0.0
20,5,10,150,65,0.13743816645714543
21,5,10,150,65,0.15232559003472054
22,5,10,150,65,0.040815803121742565
23,5,10,150,65,0.10387012192613786
24,5,10,150,65,0.08835266840320231
25,5,10,150,65,0.23940867474021393
26,5,10,150,65,0.0
27,5,10,150,65,0.0
28,5,10,150,65,0.052106753859569234
30,5,10,150,65,0.08133484538841967
31,5,10,150,65,0.11164668500969883
32,5,10,150,65,0.19519002499605084
33,5,10,150,65,0.0
34,5,10,150,65,0.0
35,5,10,150,65,0.0
37,5,10,150,65,0.08177471774917201
38,5,10,150,65,0.0
39,5,10,150,65,0.0
40,5,10,150,65,0.0
41,5,10,150,65,0.06835476917178976
42,5,10,150,65,0.08850778826764391
43,5,10,150,65,0.0
44,5,10,150,65,0.29540493557662006
45,5,10,150,65,0.0
46,5,10,150,65,0.0
47,5,10,150,65,0.0
48,5,10,150,65,0.07028063830038406
49,5,10,150,65,0.05432573058142762
52,5,10,150,65,0.0
53,5,10,150,65,0.0
54,5,10,150,65,0.0
55,5,10,150,65,0.0
56,5,10,150,65,0.11781210270929884
57,5,10,150,65,0.1318392860374695
58,5,10,150,65,0.40256699612340546
59,5,10,150,65,0.19233148606048747
60,5,10,150,65,0.1076743759411119
61,5,10,150,65,0.0
62,5,10,150,65,0.09586820699422145
63,5,10,150,65,0.0
64,5,10,150,65,0.07635718686081962
65,5,10,150,65,0.2342550150352983
66,5,10,150,65,0.06636133566432367
67,5,10,150,65,0.0
68,5,10,150,65,0.0
69,5,10,150,65,0.0
70,5,10,150,65,0.0
71,5,10,150,65,0.20758456043036028
72,5,10,150,65,0.10990826949013655
73,5,10,150,65,0.10052888926242022
74,5,10,150,65,0.0
75,5,10,150,65,0.0
76,5,10,150,65,0.10633668103022985
77,5,10,150,65,0.14247142730086715
78,5,10,150,65,0.0
79,5,10,150,65,0.07821312100379274
80,5,10,150,65,0.0
81,5,10,150,65,0.08878770367712427
82,5,10,150,65,0.03187578878809277
83,5,10,150,65,0.07414861528507455
84,5,10,150,65,0.07550980911390262
85,5,10,150,65,0.04734112273659951
86,5,10,150,65,0.0
87,5,10,150,65,0.16641625059082407
88,5,10,150,65,0.18920035951687003
89,5,10,150,65,0.0
90,5,10,150,65,0.1707098375184088
91,5,10,150,65,0.0
92,5,10,150,65,0.03369782041898502
93,5,10,150,65,0.0
94,5,10,150,65,0.12253429761719764
95,5,10,150,65,0.07849567312219397
96,5,10,150,65,0.06482168843084862
97,5,10,150,65,0.0
98,5,10,150,65,0.0
99,5,10,150,65,0.13337585439143895
100,5,10,150,65,0.0
101,5,10,150,65,0.0
102,5,10,150,65,0.0
103,5,10,150,65,0.0
104,5,10,150,65,0.33958467175585033
105,5,10,150,65,0.0
106,5,10,150,65,0.06516188295518531
107,5,10,150,65,0.0
109,5,10,150,65,0.16563719724029594
110,5,10,150,65,0.0
111,5,10,150,65,0.0
112,5,10,150,65,0.07807600999842033
113,5,10,150,65,0.0
114,5,10,150,65,0.08274602130532002
115,5,10,150,65,0.04001677477281075
116,5,10,150,65,0.0
117,5,10,150,65,0.0
118,5,10,150,65,0.2265416449833316
119,5,10,150,65,0.05891155956989184
120,5,10,150,65,0.0
121,5,10,150,65,0.13032376591037062
122,5,10,150,65,0.0
123,5,10,150,65,0.13720340769293682
124,5,10,150,65,0.0
125,5,10,150,65,0.05446333035917803
126,5,10,150,65,0.0
128,5,10,150,65,0.0
129,5,10,150,65,0.0
130,5,10,150,65,0.15174952279352721
131,5,10,150,65,0.0
132,5,10,150,65,0.0
133,5,10,150,65,0.0
134,5,10,150,65,0.0
135,5,10,150,65,0.0
136,5,10,150,65,0.0
137,5,10,150,65,0.1137075481082292
138,5,10,150,65,0.0976168253917686
139,5,10,150,65,0.10466868931043802
140,5,10,150,65,0.0
141,5,10,150,65,0.04733244938590725
142,5,10,150,65,0.0
143,5,10,150,65,0.0
144,5,10,150,65,0.0
145,5,10,150,65,0.17597149971119974
146,5,10,150,65,0.0
147,5,10,150,65,0.1033846481249528
148,5,10,150,65,0.13447968072991395
149,5,10,150,65,0.0
150,5,10,150,65,0.2640681225725909
151,5,10,150,65,0.1026571794225922
152,5,10,150,65,0.0
153,5,10,150,65,0.0
154,5,10,150,65,0.06416923277158361
155,5,10,150,65,0.0
156,5,10,150,65,0.0
157,5,10,150,65,0.0
158,5,10,150,65,0.11017700922818752
159,5,10,150,65,0.23138144801632507
160,5,10,150,65,0.20441309786906653
161,5,10,150,65,0.0
162,5,10,150,65,0.0
163,5,10,150,65,0.0
164,5,10,150,65,0.0
165,5,10,150,65,0.0
167,5,10,150,65,0.05319635904163211
168,5,10,150,65,0.0
169,5,10,150,65,0.0
170,5,10,150,65,0.0
171,5,10,150,65,0.0
173,5,10,150,65,0.0
174,5,10,150,65,0.06784586495432565
175,5,10,150,65,0.21517910082405575
176,5,10,150,65,0.06289692884934815
177,5,10,150,65,0.38113435412202
178,5,10,150,65,0.12597398707460816
179,5,10,150,65,0.09149012142095872
180,5,10,150,65,0.06228974831361337
181,5,10,150,65,0.11680461119565375
182,5,10,150,65,0.0
183,5,10,150,65,0.15101961822780524
184,5,10,150,65,0.0
185,5,10,150,65,0.0
186,5,10,150,65,0.04633132539002164
187,5,10,150,65,0.0
188,5,10,150,65,0.12925733948536566
189,5,10,150,65,0.18890011590178235
190,5,10,150,65,0.0
192,5,10,150,65,0.123151194370365
193,5,10,150,65,0.0
194,5,10,150,65,0.057475542248494625
195,5,10,150,65,0.11787667935667444
196,5,10,150,65,0.0
197,5,10,150,65,0.09546043308946733
198,5,10,150,65,0.0
199,5,10,150,65,0.0
200,5,10,150,65,0.09785159463516042
201,5,10,150,65,0.0
202,5,10,150,65,0.10466868931043802
203,5,10,150,65,0.0
204,5,10,150,65,0.19519002499605084
205,5,10,150,65,0.0
206,5,10,150,65,0.0
207,5,10,150,65,0.07517955939765397
208,5,10,150,65,0.0
209,5,10,150,65,0.0
210,5,10,150,65,0.2167516193508568
211,5,10,150,65,0.0
213,5,10,150,65,0.15669163589836543
214,5,10,150,65,0.0
216,5,10,150,65,0.23813231172447274
217,5,10,150,65,0.0
218,5,10,150,65,0.0
219,5,10,150,65,0.0
221,5,10,150,65,0.0
222,5,10,150,65,0.1050995674008573
223,5,10,150,65,0.0
224,5,10,150,65,0.0
225,5,10,150,65,0.09077089626867633
226,5,10,150,65,0.19092086617893467
227,5,10,150,65,0.0
228,5,10,150,65,0.0
229,5,10,150,65,0.0
230,5,10,150,65,0.12683081539850163
231,5,10,150,65,0.0
232,5,10,150,65,0.03962341267285813
233,5,10,150,65,0.2699700016563489
234,5,10,150,65,0.09887660119080527
235,5,10,150,65,0.06692738060277027
236,5,10,150,65,0.0
237,5,10,150,65,0.19342640361727081
238,5,10,150,65,0.0
239,5,10,150,65,0.06912040963822193
240,5,10,150,65,0.12495636102304827
241,5,10,150,65,0.0
242,5,10,150,65,0.0
243,5,10,150,65,0.0
244,5,10,150,65,0.049712302565054066
245,5,10,150,65,0.0
246,5,10,150,65,0.0561326498270945
247,5,10,150,65,0.09472348220010487
248,5,10,150,65,0.09472348220010487
249,5,10,150,65,0.056720838976548935
250,5,10,150,65,0.0
251,5,10,150,65,0.13032376591037062
252,5,10,150,65,0.20184908658209985
253,5,10,150,65,0.1084812001944431
254,5,10,150,65,0.08514311764162098
255,5,10,150,65,0.0
256,5,10,150,65,0.038925970325304815
257,5,10,150,65,0.07984133538066794
258,5,10,150,65,0.10144063749941859
259,5,10,150,65,0.1239740444869306
260,5,10,150,65,0.0
261,5,10,150,65,0.0
262,5,10,150,65,0.0
263,5,10,150,65,0.0956366800683804
264,5,10,150,65,0.050433735583135575
265,5,10,150,65,0.0
266,5,10,150,65,0.0
267,5,10,150,65,0.17168372277322866
268,5,10,150,65,0.049712302565054066
269,5,10,150,65,0.052962244777770985
270,5,10,150,65,0.041641441310299704
271,5,10,150,65,0.13010624216828925
272,5,10,150,65,0.1702293778633033
273,5,10,150,65,0.0
274,5,10,150,65,0.0
275,5,10,150,65,0.0
276,5,10,150,65,0.15875999922826586
277,5,10,150,65,0.0
278,5,10,150,65,0.0
279,5,10,150,65,0.14661584523264445
280,5,10,150,65,0.16417286747746287
281,5,10,150,65,0.0
282,5,10,150,65,0.0
283,5,10,150,65,0.07028063830038406
284,5,10,150,65,0.0
285,5,10,150,65,0.0
286,5,10,150,65,0.0781170595969038
287,5,10,150,65,0.0
288,5,10,150,65,0.0859574327152926
289,5,10,150,65,0.16903020543979225
290,5,10,150,65,0.07834851647149511
291,5,10,150,65,0.07828167840727236
292,5,10,150,65,0.04224853374256244
293,5,10,150,65,0.09565771930304079
294,5,10,150,65,0.0
295,5,10,150,65,0.2603201838311303
296,5,10,150,65,0.13713660166967986
297,5,10,150,65,0.0
298,5,10,150,65,0.16915623549474385
299,5,10,150,65,0.0
300,5,10,150,65,0.0
301,5,10,150,65,0.06460801587741544
302,5,10,150,65,0.09224219235917257
303,5,10,150,65,0.07354269615643778
304,5,10,150,65,0.0
305,5,10,150,65,0.11349000778741654
306,5,10,150,65,0.0
307,5,10,150,65,0.10778915452451093
308,5,10,150,65,0.13490077762666258
310,5,10,150,65,0.0
311,5,10,150,65,0.13301422444853
312,5,10,150,65,0.1819616199123543
313,5,10,150,65,0.11270402374049442
314,5,10,150,65,0.16600564593053876
315,5,10,150,65,0.037110354711564805
316,5,10,150,65,0.0
317,5,10,150,65,0.0
318,5,10,150,65,0.1642688369468948
319,5,10,150,65,0.0
320,5,10,150,65,0.13927874459665815
321,5,10,150,65,0.0
322,5,10,150,65,0.0
323,5,10,150,65,0.1610425878239398
324,5,10,150,65,0.0
325,5,10,150,65,0.09092803061897883
326,5,10,150,65,0.027288805847552652
327,5,10,150,65,0.025410386140327024
328,5,10,150,65,0.09206364236149692
329,5,10,150,65,0.0
330,5,10,150,65,0.1313681680695099
331,5,10,150,65,0.0
332,5,10,150,65,0.09320485889859448
334,5,10,150,65,0.02249061179923914
335,5,10,150,65,0.0
336,5,10,150,65,0.0780824078938463
337,5,10,150,65,0.0
338,5,10,150,65,0.07132875491150918
339,5,10,150,65,0.18790942552137055
340,5,10,150,65,0.0
341,5,10,150,65,0.0
342,5,10,150,65,0.3608742720986609
343,5,10,150,65,0.09229649639444802
344,5,10,150,65,0.1202034973803211
345,5,10,150,65,0.18015355216717013
346,5,10,150,65,0.04366879852493834
347,5,10,150,65,0.22280620320442554
348,5,10,150,65,0.0
349,5,10,150,65,0.0
350,5,10,150,65,0.058087171966128066
351,5,10,150,65,0.07977344912567227
352,5,10,150,65,0.1903601622684853
353,5,10,150,65,0.14434031438272124
354,5,10,150,65,0.06335619058732639
355,5,10,150,65,0.0
356,5,10,150,65,0.0
357,5,10,150,65,0.0
358,5,10,150,65,0.06364028872631156
359,5,10,150,65,0.3010299956639812
360,5,10,150,65,0.12982031659526816
361,5,10,150,65,0.09478836436955078
362,5,10,150,65,0.0
363,5,10,150,65,0.24101654828754165
364,5,10,150,65,0.0
365,5,10,150,65,0.0
366,5,10,150,65,0.0
367,5,10,150,65,0.0
368,5,10,150,65,0.0
369,5,10,150,65,0.0
370,5,10,150,65,0.0
371,5,10,150,65,0.19950301641376814
372,5,10,150,65,0.15130120674940672
373,5,10,150,65,0.22842722979011518
374,5,10,150,65,0.07472550252128253
375,5,10,150,65,0.0
376,5,10,150,65,0.0
377,5,10,150,65,0.0
378,5,10,150,65,0.13635638482251203
379,5,10,150,65,0.08433239722469389
380,5,10,150,65,0.0
381,5,10,150,65,0.0
382,5,10,150,65,0.09952375175972906
383,5,10,150,65,0.07822955820619495
384,5,10,150,65,0.0
385,5,10,150,65,0.0
386,5,10,150,65,0.0
387,5,10,150,65,0.08586571489348302
388,5,10,150,65,0.05789711601244791
389,5,10,150,65,0.09284203700798714
390,5,10,150,65,0.0
391,5,10,150,65,0.11245246430543061
392,5,10,150,65,0.1484702586346916
393,5,10,150,65,0.16022947035000218
394,5,10,150,65,0.16570616085215287
395,5,10,150,65,0.0
396,5,10,150,65,0.0
397,5,10,150,65,0.11004588314904008
398,5,10,150,65,0.28368572779044043
399,5,10,150,65,0.026175882249243814
400,5,10,150,65,0.0
401,5,10,150,65,0.02839245759615368
402,5,10,150,65,0.0
403,5,10,150,65,0.2529427027676571
404,5,10,150,65,0.0
405,5,10,150,65,0.032548544806385304
406,5,10,150,65,0.06360190926466157
407,5,10,150,65,0.09046795885890169
408,5,10,150,65,0.09983719697789138
409,5,10,150,65,0.05800611307095368
410,5,10,150,65,0.0
411,5,10,150,65,0.17342765698823945
412,5,10,150,65,0.0
413,5,10,150,65,0.0
414,5,10,150,65,0.21398626473452756
415,5,10,150,65,0.0
416,5,10,150,65,0.14637519139526847
417,5,10,150,65,0.11088189053445036
419,5,10,150,65,0.3536251441097701
420,5,10,150,65,0.05478392673173268
421,5,10,150,65,0.04264945290455212
422,5,10,150,65,0.0
423,5,10,150,65,0.13523051443907988
424,5,10,150,65,0.0401239863376113
425,5,10,150,65,0.2082843711703412
426,5,10,150,65,0.13571943816109763
427,5,10,150,65,0.0
428,5,10,150,65,0.0
429,5,10,150,65,0.14041959417088476
430,5,10,150,65,0.1261446714466394
431,5,10,150,65,0.0
432,5,10,150,65,0.0
433,5,10,150,65,0.0
434,5,10,150,65,0.3903800499921017
435,5,10,150,65,0.11347000084585261
436,5,10,150,65,0.08868088264964148
437,5,10,150,65,0.22972973128433707
438,5,10,150,65,0.0
439,5,10,150,65,0.0
440,5,10,150,65,0.06175696970122604
441,5,10,150,65,0.0
442,5,10,150,65,0.0
443,5,10,150,65,0.0
445,5,10,150,65,0.0
446,5,10,150,65,0.0
447,5,10,150,65,0.2726897692124621
448,5,10,150,65,0.0
449,5,10,150,65,0.07784399437297408
450,5,10,150,65,0.22640083277136241
451,5,10,150,65,0.0
452,5,10,150,65,0.07830573469972951
453,5,10,150,65,0.029956785715628154
454,5,10,150,65,0.060700497476813886
455,5,10,150,65,0.04532988990328068
456,5,10,150,65,0.07758828619721583
457,5,10,150,65,0.29418445531213994
458,5,10,150,65,0.04507276838148142
459,5,10,150,65,0.0
460,5,10,150,65,0.0
461,5,10,150,65,0.0
462,5,10,150,65,0.0
463,5,10,150,65,0.0
464,5,10,150,65,0.0
465,5,10,150,65,0.0
466,5,10,150,65,0.03947525607388688
467,5,10,150,65,0.1436337620239326
468,5,10,150,65,0.25116683884278784
469,5,10,150,65,0.057417722536754784
470,5,10,150,65,0.0
471,5,10,150,65,0.0
472,5,10,150,65,0.14903271548086697
473,5,10,150,65,0.08754031530847717
474,5,10,150,65,0.33307997132076334
475,5,10,150,65,0.06516188295518531
476,5,10,150,65,0.0
477,5,10,150,65,0.055100238151135045
478,5,10,150,65,0.23782833255689273
479,5,10,150,65,0.07834096783470737
480,5,10,150,65,0.21398626473452756
481,5,10,150,65,0.13863671367752411
482,5,10,150,65,0.0
483,5,10,150,65,0.06912040963822193
484,5,10,150,65,0.09353062527112192
485,5,10,150,65,0.0
486,5,10,150,65,0.10311241692162332
487,5,10,150,65,0.2215000938796789
488,5,10,150,65,0.0
489,5,10,150,65,0.0
490,5,10,150,65,0.0
491,5,10,150,65,0.19092086617893467
492,5,10,150,65,0.12471554514794539
493,5,10,150,65,0.0332568859495131
494,5,10,150,65,0.07461492443139366
495,5,10,150,65,0.11868174655260626
496,5,10,150,65,0.05459112561892713
497,5,10,150,65,0.04285286422081118
498,5,10,150,65,0.03855307727568851
499,5,10,150,65,0.1912282106369008
500,5,10,150,65,0.05011951520627559
501,5,10,150,65,0.0
502,5,10,150,65,0.06364028872631156
503,5,10,150,65,0.25450081629313537
504,5,10,150,65,0.0
505,5,10,150,65,0.0
506,5,10,150,65,0.13939295695713902
507,5,10,150,65,0.0
508,5,10,150,65,0.0
509,5,10,150,65,0.06474271459046577
510,5,10,150,65,0.0
511,5,10,150,65,0.0
512,5,10,150,65,0.18316925091363362
513,5,10,150,65,0.0461651444771445
514,5,10,150,65,0.10595566933616397
515,5,10,150,65,0.0
516,5,10,150,65,0.13768197790533618
517,5,10,150,65,0.042259191411409554
518,5,10,150,65,0.0
519,5,10,150,65,0.038800293177871176
520,5,10,150,65,0.0
521,5,10,150,65,0.0
522,5,10,150,65,0.0
523,5,10,150,65,0.0316088333445714
524,5,10,150,65,0.10258209047527363
525,5,10,150,65,0.0
526,5,10,150,65,0.06235626924550528
527,5,10,150,65,0.14943863047793596
528,5,10,150,65,0.14110144150616766
529,5,10,150,65,0.07064774175419336
530,5,10,150,65,0.0
531,5,10,150,65,0.0
532,5,10,150,65,0.04774713204658456
533,5,10,150,65,0.12731562344278502
534,5,10,150,65,0.07450923581469894
535,5,10,150,65,0.2871959083713276
536,5,10,150,65,0.2548762391805495
537,5,10,150,65,0.4239011271521307
538,5,10,150,65,0.0
539,5,10,150,65,0.1560067947598593
540,5,10,150,65,0.0
541,5,10,150,65,0.1448454408452497
542,5,10,150,65,0.12627825946936164
543,5,10,150,65,0.0
544,5,10,150,65,0.07631352592005593
545,5,10,150,65,0.052962244777770985
546,5,10,150,65,0.15314106296495628
547,5,10,150,65,0.0
548,5,10,150,65,0.06942726819239371
549,5,10,150,65,0.0
550,5,10,150,65,0.13436217909546777
551,5,10,150,65,0.2533208087804609
552,5,10,150,65,0.0
553,5,10,150,65,0.20968084445285137
554,5,10,150,65,0.16600564593053876
555,5,10,150,65,0.0
556,5,10,150,65,0.08876245163110816
557,5,10,150,65,0.053894577262255466
558,5,10,150,65,0.05718685316335169
559,5,10,150,65,0.0734773909038217
560,5,10,150,65,0.24050284760456656
561,5,10,150,65,0.022306418104151092
562,5,10,150,65,0.034743705427429224
563,5,10,150,65,0.0
564,5,10,150,65,0.0
565,5,10,150,65,0.18568675205192314
566,5,10,150,65,0.13665387068436016
567,5,10,150,65,0.13463074517970205
568,5,10,150,65,0.057107346298225524
569,5,10,150,65,0.0336639187988199
570,5,10,150,65,0.0
571,5,10,150,65,0.0
572,5,10,150,65,0.058995070558427745
573,5,10,150,65,0.0
574,5,10,150,65,0.07616204594440379
575,5,10,150,65,0.056316753775798256
576,5,10,150,65,0.17342765698823945
577,5,10,150,65,0.22186862389759224
578,5,10,150,65,0.09818998961169394
579,5,10,150,65,0.0
580,5,10,150,65,0.21661076434387644
581,5,10,150,65,0.0
582,5,10,150,65,0.028361369701356044
583,5,10,150,65,0.08811076314737627
584,5,10,150,65,0.0
585,5,10,150,65,0.03272632263321488
586,5,10,150,65,0.07482758161941112
587,5,10,150,65,0.0
588,5,10,150,65,0.19986322535792533
589,5,10,150,65,0.0
590,5,10,150,65,0.18511573258657482
591,5,10,150,65,0.15758427078022966
592,5,10,150,65,0.25244118773956015
593,5,10,150,65,0.168820460938874
594,5,10,150,65,0.0843142342558857
595,5,10,150,65,0.0
596,5,10,150,65,0.0
597,5,10,150,65,0.0
598,5,10,150,65,0.11752277470724268
599,5,10,150,65,0.16402353420682853
600,5,10,150,65,0.0
601,5,10,150,65,0.026557570376145638
602,5,10,150,65,0.0
603,5,10,150,65,0.06194403202282284
604,5,10,150,65,0.0
605,5,10,150,65,0.10589838376326657
606,5,10,150,65,0.2138150508755678
607,5,10,150,65,0.0
608,5,10,150,65,0.126140293880171
609,5,10,150,65,0.11838279295536291
610,5,10,150,65,0.029785542524894418
611,5,10,150,65,0.03927158715985786
612,5,10,150,65,0.0
613,5,10,150,65,0.2049174583553662
614,5,10,150,65,0.13886244387355454
615,5,10,150,65,0.10251900332140326
616,5,10,150,65,0.09781579202094404
617,5,10,150,65,0.03804989622115975
618,5,10,150,65,0.13693830900397266
619,5,10,150,65,0.15406791387309057
620,5,10,150,65,0.1451323880538222
621,5,10,150,65,0.13589759152345549
622,5,10,150,65,0.10022910267662996
623,5,10,150,65,0.09214386720871916
624,5,10,150,65,0.019160322430058573
625,5,10,150,65,0.0
626,5,10,150,65,0.04690797720830594
627,5,10,150,65,0.04289205981312439
628,5,10,150,65,0.0
629,5,10,150,65,0.2013573326089747
630,5,10,150,65,0.09942460513010813
631,5,10,150,65,0.09240791929215005
632,5,10,150,65,0.31631217683169366
633,5,10,150,65,0.0455520698635181
634,5,10,150,65,0.023756977677906275
635,5,10,150,65,0.039407921945699885
636,5,10,150,65,0.0
637,5,10,150,65,0.0
638,5,10,150,65,0.15473934503245962
639,5,10,150,65,0.0
640,5,10,150,65,0.0637867864178444
641,5,10,150,65,0.03570665676503816
642,5,10,150,65,0.12646409119738364
643,5,10,150,65,0.15031592367651372
644,5,10,150,65,0.0
645,5,10,150,65,0.1856947245529553
646,5,10,150,65,0.0
647,5,10,150,65,0.03673869545191085
648,5,10,150,65,0.07574162583445579
649,5,10,150,65,0.0
650,5,10,150,65,0.09116390631799381
651,5,10,150,65,0.03443184397772452
652,5,10,150,65,0.0
653,5,10,150,65,0.048239791867252135
654,5,10,150,65,0.17020900230175445
655,5,10,150,65,0.2702380799360318
656,5,10,150,65,0.0
657,5,10,150,65,0.053845569940583225
658,5,10,150,65,0.0
659,5,10,150,65,0.07075240780563574
660,5,10,150,65,0.0
661,5,10,150,65,0.12705991527984942
662,5,10,150,65,0.0
663,5,10,150,65,0.07874514948204092
664,5,10,150,65,0.05391021349625259
665,5,10,150,65,0.0
666,5,10,150,65,0.07860744541237058
667,5,10,150,65,0.2676806947950803
668,5,10,150,65,0.0
669,5,10,150,65,0.2672968266839232
670,5,10,150,65,0.15539533467551025
671,5,10,150,65,0.17434206503696043
672,5,10,150,65,0.0
673,5,10,150,65,0.0
674,5,10,150,65,0.0
675,5,10,150,65,0.05010834716923557
676,5,10,150,65,0.0
677,5,10,150,65,0.03927489746221688
678,5,10,150,65,0.0
679,5,10,150,65,0.26970586372388394
680,5,10,150,65,0.2073612289146658
681,5,10,150,65,0.0
682,5,10,150,65,0.11515607271531007
683,5,10,150,65,0.06289349548893712
684,5,10,150,65,0.0
685,5,10,150,65,0.0
686,5,10,150,65,0.08962483220812449
687,5,10,150,65,0.0
688,5,10,150,65,0.0
689,5,10,150,65,0.32436268379537736
690,5,10,150,65,0.0
691,5,10,150,65,0.0
692,5,10,150,65,0.0
693,5,10,150,65,0.0
694,5,10,150,65,0.20269611984358588
695,5,10,150,65,0.0607039656753694
696,5,10,150,65,0.12935879342602336
697,5,10,150,65,0.06378035696304758
698,5,10,150,65,0.09499131598480672
699,5,10,150,65,0.0
700,5,10,150,65,0.16958010263680806
701,5,10,150,65,0.04129602134854855
702,5,10,150,65,0.0
703,5,10,150,65,0.03870447337439288
704,5,10,150,65,0.09986079379105446
705,5,10,150,65,0.18775788588526962
706,5,10,150,65,0.0
707,5,10,150,65,0.11204043240783193
708,5,10,150,65,0.06058075640309377
709,5,10,150,65,0.10371915894912967
710,5,10,150,65,0.05710411178654767
711,5,10,150,65,0.14431653919064127
712,5,10,150,65,0.12435918123916344
713,5,10,150,65,0.0
714,5,10,150,65,0.04195229264874745
715,5,10,150,65,0.07261309108674657
716,5,10,150,65,0.16890604812808863
717,5,10,150,65,0.18940567332300148
718,5,10,150,65,0.14061157344379913
719,5,10,150,65,0.16011399260274453
720,5,10,150,65,0.05261577455142312
721,5,10,150,65,0.16233113210833738
722,5,10,150,65,0.0
723,5,10,150,65,0.0
724,5,10,150,65,0.0
725,5,10,150,65,0.05750402108673013
726,5,10,150,65,0.2529427027676571
727,5,10,150,65,0.08748761370020539
728,5,10,150,65,0.0
729,5,10,150,65,0.0
730,5,10,150,65,0.0
731,5,10,150,65,0.04466441818602386
732,5,10,150,65,0.0
733,5,10,150,65,0.0
734,5,10,150,65,0.0655813061736612
735,5,10,150,65,0.0
736,5,10,150,65,0.0
737,5,10,150,65,0.16282663249631943
738,5,10,150,65,0.2632431729022225
739,5,10,150,65,0.0
740,5,10,150,65,0.0
741,5,10,150,65,0.10965210684801945
742,5,10,150,65,0.04553761034739079
743,5,10,150,65,0.0814476682319001
744,5,10,150,65,0.08878770367712427
745,5,10,150,65,0.3682049230943936
746,5,10,150,65,0.11450296808588954
747,5,10,150,65,0.3757411074785528
748,5,10,150,65,0.1946257849561795
749,5,10,150,65,0.13913715745963817
750,5,10,150,65,0.07219614103266732
751,5,10,150,65,0.08387405199623103
752,5,10,150,65,0.020210299806331135
753,5,10,150,65,0.15406810205846871
754,5,10,150,65,0.0
755,5,10,150,65,0.067228724047084
756,5,10,150,65,0.06970760198990748
757,5,10,150,65,0.06756111822138194
758,5,10,150,65,0.20506325618821833
759,5,10,150,65,0.038281751104512325
760,5,10,150,65,0.11447590313611888
761,5,10,150,65,0.03339755935325358
762,5,10,150,65,0.11568388634051256
763,5,10,150,65,0.20859185628046678
764,5,10,150,65,0.08207588022692468
765,5,10,150,65,0.0
766,5,10,150,65,0.050541549839211865
767,5,10,150,65,0.2073612289146658
768,5,10,150,65,0.07655078846581868
769,5,10,150,65,0.0
770,5,10,150,65,0.04692206785373726
771,5,10,150,65,0.19449231038235978
772,5,10,150,65,0.03353522641880846
773,5,10,150,65,0.08236155615232364
774,5,10,150,65,0.04034631939398222
775,5,10,150,65,0.0
776,5,10,150,65,0.0949413284627631
777,5,10,150,65,0.14445412169961394
778,5,10,150,65,0.024850109207689472
779,5,10,150,65,0.05878132199396477
780,5,10,150,65,0.07751937086606239
781,5,10,150,65,0.21898681539091044
782,5,10,150,65,0.012424412189116432
783,5,10,150,65,0.0
784,5,10,150,65,0.0
785,5,10,150,65,0.048159222084064895
786,5,10,150,65,0.13370327844286975
787,5,10,150,65,0.0683037314796457
788,5,10,150,65,0.1736298809290571
789,5,10,150,65,0.059109628562248356
790,5,10,150,65,0.06504724358688416
791,5,10,150,65,0.0
792,5,10,150,65,0.0
793,5,10,150,65,0.0
794,5,10,150,65,0.22201254783236782
795,5,10,150,65,0.09553870906533048
796,5,10,150,65,0.36321625834386834
797,5,10,150,65,0.09030583455080088
798,5,10,150,65,0.09634587369521849
799,5,10,150,65,0.0
800,5,10,150,65,0.0
801,5,10,150,65,0.03096677356901516
802,5,10,150,65,0.030863419558816
803,5,10,150,65,0.0
804,5,10,150,65,0.16923682209413415
805,5,10,150,65,0.11842060577362522
806,5,10,150,65,0.13891238635540284
807,5,10,150,65,0.21530454236757557
808,5,10,150,65,0.040655755922716606
809,5,10,150,65,0.07484323939884738
810,5,10,150,65,0.0
811,5,10,150,65,0.05062543788674174
812,5,10,150,65,0.0
813,5,10,150,65,0.17367331957930765
814,5,10,150,65,0.09144287629100999
815,5,10,150,65,0.24051085086741336
816,5,10,150,65,0.08005612702969578
817,5,10,150,65,0.0
818,5,10,150,65,0.0
819,5,10,150,65,0.15575997463127336
820,5,10,150,65,0.041641441310299704
821,5,10,150,65,0.19220292042320755
822,5,10,150,65,0.03902876023380719
823,5,10,150,65,0.30905939303070606
824,5,10,150,65,0.0
825,5,10,150,65,0.09518994848585802
826,5,10,150,65,0.0956022175683246
827,5,10,150,65,0.0
828,5,10,150,65,0.07244745602732354
829,5,10,150,65,0.1633399391391799
830,5,10,150,65,0.10053254151308513
831,5,10,150,65,0.22386873883314284
832,5,10,150,65,0.041355644490859725
833,5,10,150,65,0.14327454393976202
834,5,10,150,65,0.020919434760060668
835,5,10,150,65,0.0959744927865849
836,5,10,150,65,0.10882945376944808
837,5,10,150,65,0.0
838,5,10,150,65,0.14570435926304814
839,5,10,150,65,0.05646784228340616
840,5,10,150,65,0.2998926975306938
841,5,10,150,65,0.0
842,5,10,150,65,0.03314153504336938
843,5,10,150,65,0.10145965470287556
844,5,10,150,65,0.14767302746812566
845,5,10,150,65,0.0
846,5,10,150,65,0.29402640766897015
847,5,10,150,65,0.0
848,5,10,150,65,0.11046611871402794
849,5,10,150,65,0.15604292430850014
850,5,10,150,65,0.22524778298991205
851,5,10,150,65,0.28259889352034245
852,5,10,150,65,0.0
853,5,10,150,65,0.0
854,5,10,150,65,0.16323722160299414
855,5,10,150,65,0.0
856,5,10,150,65,0.0628634487195275
857,5,10,150,65,0.0
858,5,10,150,65,0.0
859,5,10,150,65,0.0
860,5,10,150,65,0.01655521147192675
861,5,10,150,65,0.12001290632387755
862,5,10,150,65,0.21514964012877455
863,5,10,150,65,0.0
864,5,10,150,65,0.29050029670121924
865,5,10,150,65,0.015797522321751672
866,5,10,150,65,0.12374681498530773
867,5,10,150,65,0.2892878184841682
868,5,10,150,65,0.13360504513359256
869,5,10,150,65,0.09414478450656023
870,5,10,150,65,0.11057643137974596
871,5,10,150,65,0.22160652373114856
872,5,10,150,65,0.03050926163237471
873,5,10,150,65,0.0
874,5,10,150,65,0.06575393297476358
875,5,10,150,65,0.23549131868893233
876,5,10,150,65,0.0
877,5,10,150,65,0.03487978243545732
878,5,10,150,65,0.05502506673512325
879,5,10,150,65,0.07180913162424091
880,5,10,150,65,0.3260312240911295
881,5,10,150,65,0.2931217006588581
882,5,10,150,65,0.3002054713879636
883,5,10,150,65,0.3700754103027883
884,5,10,150,65,0.028767091820622218
885,5,10,150,65,0.10709607345972089
886,5,10,150,65,0.1792321025257749
887,5,10,150,65,0.16345215962330786
888,5,10,150,65,0.0
889,5,10,150,65,0.24654337827508382
890,5,10,150,65,0.2912693400356865
891,5,10,150,65,0.09013275514532934
892,5,10,150,65,0.41033211706400663
893,5,10,150,65,0.05014695371369417
894,5,10,150,65,0.21530600692496724
895,5,10,150,65,0.0
896,5,10,150,65,0.36734979539863755
897,5,10,150,65,0.24635316159789397
898,5,10,150,65,0.0
899,5,10,150,65,0.16570899780922654
900,5,10,150,65,0.09313286019574611
901,5,10,150,65,0.24945423487126125
902,5,10,150,65,0.025255271126572616
903,5,10,150,65,0.36465000862309016
904,5,10,150,65,0.0
905,5,10,150,65,0.08773956418811966
906,5,10,150,65,0.021126375389061768
907,5,10,150,65,0.21099542210348132
908,5,10,150,65,0.19230103681757216
909,5,10,150,65,0.0
910,5,10,150,65,0.14111581018360284
911,5,10,150,65,0.07221694898330532
912,5,10,150,65,0.1545247611501353
913,5,10,150,65,0.18861356615041353
914,5,10,150,65,0.0
915,5,10,150,65,0.0
916,5,10,150,65,0.2106874999552475
917,5,10,150,65,0.019845431127916993
918,5,10,150,65,0.0253533085437572
919,5,10,150,65,0.12791280424912774
920,5,10,150,65,0.26814570941777965
921,5,10,150,65,0.025038814248368034
922,5,10,150,65,0.13399861832175214
923,5,10,150,65,0.053605537438321305
924,5,10,150,65,0.11819634191622581
925,5,10,150,65,0.08576373115156254
926,5,10,150,65,0.18690891198435525
927,5,10,150,65,0.10137779457574658
928,5,10,150,65,0.2047606321191804
929,5,10,150,65,0.11107244313646446
930,5,10,150,65,0.12668740771092546
931,5,10,150,65,0.059539365700728666
932,5,10,150,65,0.37469230750033844
933,5,10,150,65,0.06363765934015797
934,5,10,150,65,0.22514796618214467
935,5,10,150,65,0.043888403129016776
936,5,10,150,65,0.11648945067995173
937,5,10,150,65,0.09560624946230661
938,5,10,150,65,0.09170145084184796
939,5,10,150,65,0.05231692143384187
940,5,10,150,65,0.0957039591827702
941,5,10,150,65,0.19937616723755375
942,5,10,150,65,0.15189892875816283
943,5,10,150,65,0.17693618239919162
1,5,10,150,66,0.4058715898896693
2,5,10,150,66,0.14433828292945616
3,5,10,150,66,0.08759200575528697
4,5,10,150,66,0.0
5,5,10,150,66,0.04470486007704452
6,5,10,150,66,0.04187254809446048
7,5,10,150,66,0.20711452932119445
8,5,10,150,66,0.0
9,5,10,150,66,0.0
10,5,10,150,66,0.3005733545514552
11,5,10,150,66,0.03947525607388688
12,5,10,150,66,0.14632177291384774
13,5,10,150,66,0.24256092752724764
14,5,10,150,66,0.18795160328752808
15,5,10,150,66,0.0
16,5,10,150,66,0.19107502160562695
17,5,10,150,66,0.0
18,5,10,150,66,0.17872418048185143
19,5,10,150,66,0.0
20,5,10,150,66,0.13743816645714543
21,5,10,150,66,0.15232559003472054
22,5,10,150,66,0.040815803121742565
23,5,10,150,66,0.10387012192613786
24,5,10,150,66,0.08835266840320231
25,5,10,150,66,0.23940867474021393
26,5,10,150,66,0.0
27,5,10,150,66,0.0
28,5,10,150,66,0.052106753859569234
30,5,10,150,66,0.08133484538841967
31,5,10,150,66,0.11164668500969883
32,5,10,150,66,0.19519002499605084
33,5,10,150,66,0.0
34,5,10,150,66,0.0
35,5,10,150,66,0.0
37,5,10,150,66,0.08177471774917201
38,5,10,150,66,0.0
39,5,10,150,66,0.0
40,5,10,150,66,0.0
41,5,10,150,66,0.06835476917178976
42,5,10,150,66,0.08850778826764391
43,5,10,150,66,0.0
44,5,10,150,66,0.29540493557662006
45,5,10,150,66,0.0
46,5,10,150,66,0.0
47,5,10,150,66,0.0
48,5,10,150,66,0.07028063830038406
49,5,10,150,66,0.05432573058142762
52,5,10,150,66,0.0
53,5,10,150,66,0.0
54,5,10,150,66,0.0
55,5,10,150,66,0.0
56,5,10,150,66,0.11781210270929884
57,5,10,150,66,0.1318392860374695
58,5,10,150,66,0.40256699612340546
59,5,10,150,66,0.19233148606048747
60,5,10,150,66,0.1076743759411119
61,5,10,150,66,0.0
62,5,10,150,66,0.09586820699422145
63,5,10,150,66,0.0
64,5,10,150,66,0.07635718686081962
65,5,10,150,66,0.2342550150352983
66,5,10,150,66,0.06636133566432367
67,5,10,150,66,0.0
68,5,10,150,66,0.0
69,5,10,150,66,0.0
70,5,10,150,66,0.0
71,5,10,150,66,0.20758456043036028
72,5,10,150,66,0.10990826949013655
73,5,10,150,66,0.10052888926242022
74,5,10,150,66,0.0
75,5,10,150,66,0.0
76,5,10,150,66,0.10633668103022985
77,5,10,150,66,0.14247142730086715
78,5,10,150,66,0.0
79,5,10,150,66,0.07821312100379274
80,5,10,150,66,0.0
81,5,10,150,66,0.08878770367712427
82,5,10,150,66,0.03187578878809277
83,5,10,150,66,0.07414861528507455
84,5,10,150,66,0.07550980911390262
85,5,10,150,66,0.04734112273659951
86,5,10,150,66,0.0
87,5,10,150,66,0.16641625059082407
88,5,10,150,66,0.18920035951687003
89,5,10,150,66,0.0
90,5,10,150,66,0.1707098375184088
91,5,10,150,66,0.0
92,5,10,150,66,0.03369782041898502
93,5,10,150,66,0.0
94,5,10,150,66,0.12253429761719764
95,5,10,150,66,0.07849567312219397
96,5,10,150,66,0.06482168843084862
97,5,10,150,66,0.0
98,5,10,150,66,0.0
99,5,10,150,66,0.13337585439143895
100,5,10,150,66,0.0
101,5,10,150,66,0.0
102,5,10,150,66,0.0
103,5,10,150,66,0.0
104,5,10,150,66,0.33958467175585033
105,5,10,150,66,0.0
106,5,10,150,66,0.06516188295518531
107,5,10,150,66,0.0
109,5,10,150,66,0.16563719724029594
110,5,10,150,66,0.0
111,5,10,150,66,0.0
112,5,10,150,66,0.07807600999842033
113,5,10,150,66,0.0
114,5,10,150,66,0.08274602130532002
115,5,10,150,66,0.04001677477281075
116,5,10,150,66,0.0
117,5,10,150,66,0.0
118,5,10,150,66,0.2265416449833316
119,5,10,150,66,0.05891155956989184
120,5,10,150,66,0.0
121,5,10,150,66,0.13032376591037062
122,5,10,150,66,0.0
123,5,10,150,66,0.13720340769293682
124,5,10,150,66,0.0
125,5,10,150,66,0.05446333035917803
126,5,10,150,66,0.0
128,5,10,150,66,0.0
129,5,10,150,66,0.0
130,5,10,150,66,0.15174952279352721
131,5,10,150,66,0.0
132,5,10,150,66,0.0
133,5,10,150,66,0.0
134,5,10,150,66,0.0
135,5,10,150,66,0.0
136,5,10,150,66,0.0
137,5,10,150,66,0.1137075481082292
138,5,10,150,66,0.0976168253917686
139,5,10,150,66,0.10466868931043802
140,5,10,150,66,0.0
141,5,10,150,66,0.04733244938590725
142,5,10,150,66,0.0
143,5,10,150,66,0.0
144,5,10,150,66,0.0
145,5,10,150,66,0.17597149971119974
146,5,10,150,66,0.0
147,5,10,150,66,0.1033846481249528
148,5,10,150,66,0.13447968072991395
149,5,10,150,66,0.0
150,5,10,150,66,0.2640681225725909
151,5,10,150,66,0.1026571794225922
152,5,10,150,66,0.0
153,5,10,150,66,0.0
154,5,10,150,66,0.06416923277158361
155,5,10,150,66,0.0
156,5,10,150,66,0.0
157,5,10,150,66,0.0
158,5,10,150,66,0.13830208502611357
159,5,10,150,66,0.23138144801632507
160,5,10,150,66,0.20441309786906653
161,5,10,150,66,0.0
162,5,10,150,66,0.0
163,5,10,150,66,0.0
164,5,10,150,66,0.0
165,5,10,150,66,0.0
167,5,10,150,66,0.05319635904163211
168,5,10,150,66,0.0
169,5,10,150,66,0.0
170,5,10,150,66,0.0
171,5,10,150,66,0.0
173,5,10,150,66,0.0
174,5,10,150,66,0.06784586495432565
175,5,10,150,66,0.21517910082405575
176,5,10,150,66,0.06289692884934815
177,5,10,150,66,0.38113435412202
178,5,10,150,66,0.12597398707460816
179,5,10,150,66,0.09149012142095872
180,5,10,150,66,0.06228974831361337
181,5,10,150,66,0.11680461119565375
182,5,10,150,66,0.0
183,5,10,150,66,0.15101961822780524
184,5,10,150,66,0.0
185,5,10,150,66,0.0
186,5,10,150,66,0.04633132539002164
187,5,10,150,66,0.0
188,5,10,150,66,0.12925733948536566
189,5,10,150,66,0.18890011590178235
190,5,10,150,66,0.0
192,5,10,150,66,0.123151194370365
193,5,10,150,66,0.0
194,5,10,150,66,0.057475542248494625
195,5,10,150,66,0.11787667935667444
196,5,10,150,66,0.0
197,5,10,150,66,0.09546043308946733
198,5,10,150,66,0.0
199,5,10,150,66,0.0
200,5,10,150,66,0.09785159463516042
201,5,10,150,66,0.0
202,5,10,150,66,0.10466868931043802
203,5,10,150,66,0.0
204,5,10,150,66,0.19519002499605084
205,5,10,150,66,0.0
206,5,10,150,66,0.0
207,5,10,150,66,0.07517955939765397
208,5,10,150,66,0.0
209,5,10,150,66,0.0
210,5,10,150,66,0.2167516193508568
211,5,10,150,66,0.0
213,5,10,150,66,0.15669163589836543
214,5,10,150,66,0.0
216,5,10,150,66,0.23813231172447274
217,5,10,150,66,0.0
218,5,10,150,66,0.0
219,5,10,150,66,0.0
221,5,10,150,66,0.0
222,5,10,150,66,0.1050995674008573
223,5,10,150,66,0.0
224,5,10,150,66,0.0
225,5,10,150,66,0.09077089626867633
226,5,10,150,66,0.19092086617893467
227,5,10,150,66,0.0
228,5,10,150,66,0.0
229,5,10,150,66,0.0
230,5,10,150,66,0.12683081539850163
231,5,10,150,66,0.0
232,5,10,150,66,0.03962341267285813
233,5,10,150,66,0.3062523178880809
234,5,10,150,66,0.09887660119080527
235,5,10,150,66,0.06692738060277027
236,5,10,150,66,0.0
237,5,10,150,66,0.19342640361727081
238,5,10,150,66,0.0
239,5,10,150,66,0.06912040963822193
240,5,10,150,66,0.12495636102304827
241,5,10,150,66,0.0
242,5,10,150,66,0.0
243,5,10,150,66,0.0
244,5,10,150,66,0.049712302565054066
245,5,10,150,66,0.0
246,5,10,150,66,0.0561326498270945
247,5,10,150,66,0.09472348220010487
248,5,10,150,66,0.09472348220010487
249,5,10,150,66,0.056720838976548935
250,5,10,150,66,0.0
251,5,10,150,66,0.13032376591037062
252,5,10,150,66,0.20184908658209985
253,5,10,150,66,0.1084812001944431
254,5,10,150,66,0.08514311764162098
255,5,10,150,66,0.0
256,5,10,150,66,0.038925970325304815
257,5,10,150,66,0.07984133538066794
258,5,10,150,66,0.10144063749941859
259,5,10,150,66,0.1239740444869306
260,5,10,150,66,0.0
261,5,10,150,66,0.0
262,5,10,150,66,0.0
263,5,10,150,66,0.0956366800683804
264,5,10,150,66,0.050433735583135575
265,5,10,150,66,0.0
266,5,10,150,66,0.0
267,5,10,150,66,0.17168372277322866
268,5,10,150,66,0.049712302565054066
269,5,10,150,66,0.052962244777770985
270,5,10,150,66,0.041641441310299704
271,5,10,150,66,0.13010624216828925
272,5,10,150,66,0.1702293778633033
273,5,10,150,66,0.0
274,5,10,150,66,0.0
275,5,10,150,66,0.0
276,5,10,150,66,0.15875999922826586
277,5,10,150,66,0.0
278,5,10,150,66,0.0
279,5,10,150,66,0.14661584523264445
280,5,10,150,66,0.16417286747746287
281,5,10,150,66,0.0
282,5,10,150,66,0.0
283,5,10,150,66,0.07028063830038406
284,5,10,150,66,0.0
285,5,10,150,66,0.0
286,5,10,150,66,0.0781170595969038
287,5,10,150,66,0.0
288,5,10,150,66,0.0859574327152926
289,5,10,150,66,0.16903020543979225
290,5,10,150,66,0.07834851647149511
291,5,10,150,66,0.07828167840727236
292,5,10,150,66,0.04224853374256244
293,5,10,150,66,0.09565771930304079
294,5,10,150,66,0.0
295,5,10,150,66,0.2603201838311303
296,5,10,150,66,0.16311450371373762
297,5,10,150,66,0.0
298,5,10,150,66,0.16915623549474385
299,5,10,150,66,0.0
300,5,10,150,66,0.0
301,5,10,150,66,0.06460801587741544
302,5,10,150,66,0.09224219235917257
303,5,10,150,66,0.07354269615643778
304,5,10,150,66,0.0
305,5,10,150,66,0.11349000778741654
306,5,10,150,66,0.0
307,5,10,150,66,0.10778915452451093
308,5,10,150,66,0.13490077762666258
310,5,10,150,66,0.0
311,5,10,150,66,0.13301422444853
312,5,10,150,66,0.1819616199123543
313,5,10,150,66,0.11270402374049442
314,5,10,150,66,0.16600564593053876
315,5,10,150,66,0.037110354711564805
316,5,10,150,66,0.0
317,5,10,150,66,0.0
318,5,10,150,66,0.1642688369468948
319,5,10,150,66,0.0
320,5,10,150,66,0.13927874459665815
321,5,10,150,66,0.0
322,5,10,150,66,0.0
323,5,10,150,66,0.1610425878239398
324,5,10,150,66,0.0
325,5,10,150,66,0.09092803061897883
326,5,10,150,66,0.027288805847552652
327,5,10,150,66,0.025410386140327024
328,5,10,150,66,0.09206364236149692
329,5,10,150,66,0.0
330,5,10,150,66,0.1313681680695099
331,5,10,150,66,0.0
332,5,10,150,66,0.09320485889859448
334,5,10,150,66,0.02249061179923914
335,5,10,150,66,0.0
336,5,10,150,66,0.0780824078938463
337,5,10,150,66,0.0
338,5,10,150,66,0.07132875491150918
339,5,10,150,66,0.18790942552137055
340,5,10,150,66,0.0
341,5,10,150,66,0.0
342,5,10,150,66,0.3608742720986609
343,5,10,150,66,0.09229649639444802
344,5,10,150,66,0.1202034973803211
345,5,10,150,66,0.18015355216717013
346,5,10,150,66,0.04366879852493834
347,5,10,150,66,0.22280620320442554
348,5,10,150,66,0.0
349,5,10,150,66,0.0
350,5,10,150,66,0.058087171966128066
351,5,10,150,66,0.07977344912567227
352,5,10,150,66,0.1903601622684853
353,5,10,150,66,0.14434031438272124
354,5,10,150,66,0.06335619058732639
355,5,10,150,66,0.0
356,5,10,150,66,0.0
357,5,10,150,66,0.0
358,5,10,150,66,0.06364028872631156
359,5,10,150,66,0.3010299956639812
360,5,10,150,66,0.12982031659526816
361,5,10,150,66,0.09478836436955078
362,5,10,150,66,0.0
363,5,10,150,66,0.24101654828754165
364,5,10,150,66,0.0
365,5,10,150,66,0.0
366,5,10,150,66,0.0
367,5,10,150,66,0.0
368,5,10,150,66,0.0
369,5,10,150,66,0.0
370,5,10,150,66,0.0
371,5,10,150,66,0.19950301641376814
372,5,10,150,66,0.15130120674940672
373,5,10,150,66,0.22842722979011518
374,5,10,150,66,0.07472550252128253
375,5,10,150,66,0.0
376,5,10,150,66,0.0
377,5,10,150,66,0.0
378,5,10,150,66,0.13635638482251203
379,5,10,150,66,0.08433239722469389
380,5,10,150,66,0.0
381,5,10,150,66,0.0
382,5,10,150,66,0.09952375175972906
383,5,10,150,66,0.11451187443792697
384,5,10,150,66,0.0
385,5,10,150,66,0.0
386,5,10,150,66,0.0
387,5,10,150,66,0.08586571489348302
388,5,10,150,66,0.05789711601244791
389,5,10,150,66,0.09284203700798714
390,5,10,150,66,0.0
391,5,10,150,66,0.11245246430543061
392,5,10,150,66,0.1484702586346916
393,5,10,150,66,0.16022947035000218
394,5,10,150,66,0.16570616085215287
395,5,10,150,66,0.0
396,5,10,150,66,0.0
397,5,10,150,66,0.11004588314904008
398,5,10,150,66,0.28368572779044043
399,5,10,150,66,0.026175882249243814
400,5,10,150,66,0.0
401,5,10,150,66,0.02839245759615368
402,5,10,150,66,0.0
403,5,10,150,66,0.2529427027676571
404,5,10,150,66,0.0
405,5,10,150,66,0.032204922402903687
406,5,10,150,66,0.06360190926466157
407,5,10,150,66,0.09046795885890169
408,5,10,150,66,0.09983719697789138
409,5,10,150,66,0.05800611307095368
410,5,10,150,66,0.0
411,5,10,150,66,0.17342765698823945
412,5,10,150,66,0.0
413,5,10,150,66,0.0
414,5,10,150,66,0.21398626473452756
415,5,10,150,66,0.0
416,5,10,150,66,0.15805943220204186
417,5,10,150,66,0.11088189053445036
419,5,10,150,66,0.3536251441097701
420,5,10,150,66,0.05478392673173268
421,5,10,150,66,0.04264945290455212
422,5,10,150,66,0.0
423,5,10,150,66,0.13523051443907988
424,5,10,150,66,0.0401239863376113
425,5,10,150,66,0.2082843711703412
426,5,10,150,66,0.13571943816109763
427,5,10,150,66,0.0
428,5,10,150,66,0.0
429,5,10,150,66,0.14041959417088476
430,5,10,150,66,0.1261446714466394
431,5,10,150,66,0.0
432,5,10,150,66,0.0
433,5,10,150,66,0.0
434,5,10,150,66,0.3903800499921017
435,5,10,150,66,0.11347000084585261
436,5,10,150,66,0.08868088264964148
437,5,10,150,66,0.22972973128433707
438,5,10,150,66,0.0
439,5,10,150,66,0.0
440,5,10,150,66,0.06175696970122604
441,5,10,150,66,0.0
442,5,10,150,66,0.0
443,5,10,150,66,0.0
445,5,10,150,66,0.0
446,5,10,150,66,0.0
447,5,10,150,66,0.2726897692124621
448,5,10,150,66,0.0
449,5,10,150,66,0.07784399437297408
450,5,10,150,66,0.22640083277136241
451,5,10,150,66,0.0
452,5,10,150,66,0.07830573469972951
453,5,10,150,66,0.029956785715628154
454,5,10,150,66,0.07998109630822593
455,5,10,150,66,0.04532988990328068
456,5,10,150,66,0.07758828619721583
457,5,10,150,66,0.29418445531213994
458,5,10,150,66,0.04507276838148142
459,5,10,150,66,0.0
460,5,10,150,66,0.0
461,5,10,150,66,0.0
462,5,10,150,66,0.0
463,5,10,150,66,0.0
464,5,10,150,66,0.0
465,5,10,150,66,0.0
466,5,10,150,66,0.03947525607388688
467,5,10,150,66,0.1436337620239326
468,5,10,150,66,0.25116683884278784
469,5,10,150,66,0.057417722536754784
470,5,10,150,66,0.0
471,5,10,150,66,0.0
472,5,10,150,66,0.14903271548086697
473,5,10,150,66,0.08754031530847717
474,5,10,150,66,0.33307997132076334
475,5,10,150,66,0.06516188295518531
476,5,10,150,66,0.0
477,5,10,150,66,0.055100238151135045
478,5,10,150,66,0.23782833255689273
479,5,10,150,66,0.07834096783470737
480,5,10,150,66,0.21398626473452756
481,5,10,150,66,0.13863671367752411
482,5,10,150,66,0.0
483,5,10,150,66,0.06912040963822193
484,5,10,150,66,0.09353062527112192
485,5,10,150,66,0.0
486,5,10,150,66,0.10311241692162332
487,5,10,150,66,0.2215000938796789
488,5,10,150,66,0.0
489,5,10,150,66,0.0
490,5,10,150,66,0.0
491,5,10,150,66,0.19092086617893467
492,5,10,150,66,0.12471554514794539
493,5,10,150,66,0.0332568859495131
494,5,10,150,66,0.07461492443139366
495,5,10,150,66,0.11868174655260626
496,5,10,150,66,0.05459112561892713
497,5,10,150,66,0.04285286422081118
498,5,10,150,66,0.03855307727568851
499,5,10,150,66,0.1912282106369008
500,5,10,150,66,0.05011951520627559
501,5,10,150,66,0.0
502,5,10,150,66,0.06364028872631156
503,5,10,150,66,0.25450081629313537
504,5,10,150,66,0.0
505,5,10,150,66,0.0
506,5,10,150,66,0.13939295695713902
507,5,10,150,66,0.0
508,5,10,150,66,0.0
509,5,10,150,66,0.06474271459046577
510,5,10,150,66,0.0
511,5,10,150,66,0.0
512,5,10,150,66,0.18316925091363362
513,5,10,150,66,0.0461651444771445
514,5,10,150,66,0.10595566933616397
515,5,10,150,66,0.0
516,5,10,150,66,0.13768197790533618
517,5,10,150,66,0.042259191411409554
518,5,10,150,66,0.0
519,5,10,150,66,0.038800293177871176
520,5,10,150,66,0.0
521,5,10,150,66,0.0
522,5,10,150,66,0.0
523,5,10,150,66,0.0316088333445714
524,5,10,150,66,0.10258209047527363
525,5,10,150,66,0.0
526,5,10,150,66,0.09048134504343133
527,5,10,150,66,0.14943863047793596
528,5,10,150,66,0.14110144150616766
529,5,10,150,66,0.07064774175419336
530,5,10,150,66,0.0
531,5,10,150,66,0.0
532,5,10,150,66,0.04774713204658456
533,5,10,150,66,0.140097006072795
534,5,10,150,66,0.07450923581469894
535,5,10,150,66,0.2871959083713276
536,5,10,150,66,0.2548762391805495
537,5,10,150,66,0.4299831342129255
538,5,10,150,66,0.0
539,5,10,150,66,0.1560067947598593
540,5,10,150,66,0.0
541,5,10,150,66,0.1448454408452497
542,5,10,150,66,0.12627825946936164
543,5,10,150,66,0.017609296547813007
544,5,10,150,66,0.07631352592005593
545,5,10,150,66,0.052962244777770985
546,5,10,150,66,0.15314106296495628
547,5,10,150,66,0.0
548,5,10,150,66,0.06942726819239371
549,5,10,150,66,0.0
550,5,10,150,66,0.13436217909546777
551,5,10,150,66,0.2643461705566835
552,5,10,150,66,0.0
553,5,10,150,66,0.20968084445285137
554,5,10,150,66,0.16600564593053876
555,5,10,150,66,0.0
556,5,10,150,66,0.08876245163110816
557,5,10,150,66,0.053894577262255466
558,5,10,150,66,0.05718685316335169
559,5,10,150,66,0.0734773909038217
560,5,10,150,66,0.24050284760456656
561,5,10,150,66,0.022306418104151092
562,5,10,150,66,0.034743705427429224
563,5,10,150,66,0.0
564,5,10,150,66,0.0
565,5,10,150,66,0.18568675205192314
566,5,10,150,66,0.13665387068436016
567,5,10,150,66,0.13463074517970205
568,5,10,150,66,0.057107346298225524
569,5,10,150,66,0.0336639187988199
570,5,10,150,66,0.0
571,5,10,150,66,0.0
572,5,10,150,66,0.058995070558427745
573,5,10,150,66,0.0
574,5,10,150,66,0.07616204594440379
575,5,10,150,66,0.056316753775798256
576,5,10,150,66,0.17342765698823945
577,5,10,150,66,0.22186862389759224
578,5,10,150,66,0.09818998961169394
579,5,10,150,66,0.0
580,5,10,150,66,0.21661076434387644
581,5,10,150,66,0.0
582,5,10,150,66,0.028361369701356044
583,5,10,150,66,0.08811076314737627
584,5,10,150,66,0.0
585,5,10,150,66,0.03272632263321488
586,5,10,150,66,0.07482758161941112
587,5,10,150,66,0.0
588,5,10,150,66,0.19986322535792533
589,5,10,150,66,0.0
590,5,10,150,66,0.18511573258657482
591,5,10,150,66,0.15758427078022966
592,5,10,150,66,0.2497761086036166
593,5,10,150,66,0.168820460938874
594,5,10,150,66,0.0843142342558857
595,5,10,150,66,0.0
596,5,10,150,66,0.0
597,5,10,150,66,0.0
598,5,10,150,66,0.11752277470724268
599,5,10,150,66,0.16402353420682853
600,5,10,150,66,0.0
601,5,10,150,66,0.026557570376145638
602,5,10,150,66,0.0
603,5,10,150,66,0.06194403202282284
604,5,10,150,66,0.0
605,5,10,150,66,0.10589838376326657
606,5,10,150,66,0.2138150508755678
607,5,10,150,66,0.0
608,5,10,150,66,0.126140293880171
609,5,10,150,66,0.11838279295536291
610,5,10,150,66,0.029785542524894418
611,5,10,150,66,0.03927158715985786
612,5,10,150,66,0.0
613,5,10,150,66,0.2049174583553662
614,5,10,150,66,0.13886244387355454
615,5,10,150,66,0.10251900332140326
616,5,10,150,66,0.09781579202094404
617,5,10,150,66,0.055659192768972764
618,5,10,150,66,0.13693830900397266
619,5,10,150,66,0.15406791387309057
620,5,10,150,66,0.1451323880538222
621,5,10,150,66,0.13589759152345549
622,5,10,150,66,0.10022910267662996
623,5,10,150,66,0.09214386720871916
624,5,10,150,66,0.019160322430058573
625,5,10,150,66,0.0
626,5,10,150,66,0.04690797720830594
627,5,10,150,66,0.04289205981312439
628,5,10,150,66,0.0
629,5,10,150,66,0.2013573326089747
630,5,10,150,66,0.09942460513010813
631,5,10,150,66,0.09240791929215005
632,5,10,150,66,0.31631217683169366
633,5,10,150,66,0.0455520698635181
634,5,10,150,66,0.023756977677906275
635,5,10,150,66,0.039407921945699885
636,5,10,150,66,0.0
637,5,10,150,66,0.0
638,5,10,150,66,0.15473934503245962
639,5,10,150,66,0.0
640,5,10,150,66,0.0637867864178444
641,5,10,150,66,0.03570665676503816
642,5,10,150,66,0.1251289809726452
643,5,10,150,66,0.15031592367651372
644,5,10,150,66,0.0
645,5,10,150,66,0.1856947245529553
646,5,10,150,66,0.0
647,5,10,150,66,0.03673869545191085
648,5,10,150,66,0.08676698761067836
649,5,10,150,66,0.0
650,5,10,150,66,0.10075869603100689
651,5,10,150,66,0.03443184397772452
652,5,10,150,66,0.0
653,5,10,150,66,0.047730513393406934
654,5,10,150,66,0.17020900230175445
655,5,10,150,66,0.2673851149542714
656,5,10,150,66,0.0
657,5,10,150,66,0.053845569940583225
658,5,10,150,66,0.0
659,5,10,150,66,0.07075240780563574
660,5,10,150,66,0.0
661,5,10,150,66,0.12705991527984942
662,5,10,150,66,0.0
663,5,10,150,66,0.07874514948204092
664,5,10,150,66,0.05391021349625259
665,5,10,150,66,0.0
666,5,10,150,66,0.07860744541237058
667,5,10,150,66,0.2676806947950803
668,5,10,150,66,0.0
669,5,10,150,66,0.2672968266839232
670,5,10,150,66,0.15539533467551025
671,5,10,150,66,0.17434206503696043
672,5,10,150,66,0.0
673,5,10,150,66,0.0
674,5,10,150,66,0.0
675,5,10,150,66,0.05010834716923557
676,5,10,150,66,0.0
677,5,10,150,66,0.03927489746221688
678,5,10,150,66,0.0
679,5,10,150,66,0.26970586372388394
680,5,10,150,66,0.2073612289146658
681,5,10,150,66,0.0
682,5,10,150,66,0.11394034381814058
683,5,10,150,66,0.06289349548893712
684,5,10,150,66,0.0
685,5,10,150,66,0.0
686,5,10,150,66,0.08962483220812449
687,5,10,150,66,0.0
688,5,10,150,66,0.0
689,5,10,150,66,0.32436268379537736
690,5,10,150,66,0.0
691,5,10,150,66,0.0
692,5,10,150,66,0.0
693,5,10,150,66,0.0
694,5,10,150,66,0.20269611984358588
695,5,10,150,66,0.0607039656753694
696,5,10,150,66,0.12935879342602336
697,5,10,150,66,0.06378035696304758
698,5,10,150,66,0.09499131598480672
699,5,10,150,66,0.0
700,5,10,150,66,0.16958010263680806
701,5,10,150,66,0.04129602134854855
702,5,10,150,66,0.0
703,5,10,150,66,0.03870447337439288
704,5,10,150,66,0.09986079379105446
705,5,10,150,66,0.18775788588526962
706,5,10,150,66,0.0
707,5,10,150,66,0.11204043240783193
708,5,10,150,66,0.06058075640309377
709,5,10,150,66,0.10371915894912967
710,5,10,150,66,0.05710411178654767
711,5,10,150,66,0.14431653919064127
712,5,10,150,66,0.12435918123916344
713,5,10,150,66,0.0
714,5,10,150,66,0.04195229264874745
715,5,10,150,66,0.07261309108674657
716,5,10,150,66,0.16712286849392663
717,5,10,150,66,0.18940567332300148
718,5,10,150,66,0.14061157344379913
719,5,10,150,66,0.16011399260274453
720,5,10,150,66,0.05261577455142312
721,5,10,150,66,0.16233113210833738
722,5,10,150,66,0.0
723,5,10,150,66,0.0
724,5,10,150,66,0.0
725,5,10,150,66,0.05750402108673013
726,5,10,150,66,0.2529427027676571
727,5,10,150,66,0.0865639870289252
728,5,10,150,66,0.0
729,5,10,150,66,0.0
730,5,10,150,66,0.0
731,5,10,150,66,0.04466441818602386
732,5,10,150,66,0.0
733,5,10,150,66,0.0
734,5,10,150,66,0.0655813061736612
735,5,10,150,66,0.0
736,5,10,150,66,0.0
737,5,10,150,66,0.16282663249631943
738,5,10,150,66,0.2632431729022225
739,5,10,150,66,0.0
740,5,10,150,66,0.0
741,5,10,150,66,0.10965210684801945
742,5,10,150,66,0.04553761034739079
743,5,10,150,66,0.0814476682319001
744,5,10,150,66,0.08878770367712427
745,5,10,150,66,0.3682049230943936
746,5,10,150,66,0.11450296808588954
747,5,10,150,66,0.3717743229968916
748,5,10,150,66,0.1946257849561795
749,5,10,150,66,0.13766825478689868
750,5,10,150,66,0.07219614103266732
751,5,10,150,66,0.08387405199623103
752,5,10,150,66,0.020210299806331135
753,5,10,150,66,0.15406810205846871
754,5,10,150,66,0.0
755,5,10,150,66,0.067228724047084
756,5,10,150,66,0.06970760198990748
757,5,10,150,66,0.06756111822138194
758,5,10,150,66,0.20289835667039602
759,5,10,150,66,0.038281751104512325
760,5,10,150,66,0.11447590313611888
761,5,10,150,66,0.03339755935325358
762,5,10,150,66,0.11568388634051256
763,5,10,150,66,0.20859185628046678
764,5,10,150,66,0.08207588022692468
765,5,10,150,66,0.0
766,5,10,150,66,0.050541549839211865
767,5,10,150,66,0.2073612289146658
768,5,10,150,66,0.07655078846581868
769,5,10,150,66,0.0
770,5,10,150,66,0.04692206785373726
771,5,10,150,66,0.19449231038235978
772,5,10,150,66,0.03353522641880846
773,5,10,150,66,0.08236155615232364
774,5,10,150,66,0.039920374107510384
775,5,10,150,66,0.0
776,5,10,150,66,0.10827213921210938
777,5,10,150,66,0.14445412169961394
778,5,10,150,66,0.024850109207689472
779,5,10,150,66,0.05878132199396477
780,5,10,150,66,0.07751937086606239
781,5,10,150,66,0.21898681539091044
782,5,10,150,66,0.012293244838819625
783,5,10,150,66,0.0
784,5,10,150,66,0.0
785,5,10,150,66,0.048159222084064895
786,5,10,150,66,0.13370327844286975
787,5,10,150,66,0.0683037314796457
788,5,10,150,66,0.17179683071572271
789,5,10,150,66,0.059109628562248356
790,5,10,150,66,0.06436052501577329
791,5,10,150,66,0.0
792,5,10,150,66,0.0
793,5,10,150,66,0.0
794,5,10,150,66,0.22201254783236782
795,5,10,150,66,0.09453008514589432
796,5,10,150,66,0.35938170154822213
797,5,10,150,66,0.09030583455080088
798,5,10,150,66,0.10588595619795481
799,5,10,150,66,0.0
800,5,10,150,66,0.0
801,5,10,150,66,0.03096677356901516
802,5,10,150,66,0.030863419558816
803,5,10,150,66,0.0
804,5,10,150,66,0.16745015040384809
805,5,10,150,66,0.11717041245715784
806,5,10,150,66,0.13891238635540284
807,5,10,150,66,0.2130315232581516
808,5,10,150,66,0.040655755922716606
809,5,10,150,66,0.07484323939884738
810,5,10,150,66,0.0
811,5,10,150,66,0.05062543788674174
812,5,10,150,66,0.0
813,5,10,150,66,0.17367331957930765
814,5,10,150,66,0.09144287629100999
815,5,10,150,66,0.23797172301607375
816,5,10,150,66,0.08005612702969578
817,5,10,150,66,0.0
818,5,10,150,66,0.0
819,5,10,150,66,0.15575997463127336
820,5,10,150,66,0.041641441310299704
821,5,10,150,66,0.19220292042320755
822,5,10,150,66,0.03902876023380719
823,5,10,150,66,0.30579658260143777
824,5,10,150,66,0.0
825,5,10,150,66,0.09418500651132204
826,5,10,150,66,0.0956022175683246
827,5,10,150,66,0.0
828,5,10,150,66,0.07244745602732354
829,5,10,150,66,0.1633399391391799
830,5,10,150,66,0.10053254151308513
831,5,10,150,66,0.22386873883314284
832,5,10,150,66,0.041355644490859725
833,5,10,150,66,0.141761961935277
834,5,10,150,66,0.020919434760060668
835,5,10,150,66,0.0959744927865849
836,5,10,150,66,0.10882945376944808
837,5,10,150,66,0.0
838,5,10,150,66,0.14570435926304814
839,5,10,150,66,0.05646784228340616
840,5,10,150,66,0.2967266619943873
841,5,10,150,66,0.0
842,5,10,150,66,0.03314153504336938
843,5,10,150,66,0.10038852201129737
844,5,10,150,66,0.14767302746812566
845,5,10,150,66,0.0
846,5,10,150,66,0.29092230389132734
847,5,10,150,66,0.0
848,5,10,150,66,0.10929990272982354
849,5,10,150,66,0.15604292430850014
850,5,10,150,66,0.22524778298991205
851,5,10,150,66,0.27961543261324673
852,5,10,150,66,0.0
853,5,10,150,66,0.0
854,5,10,150,66,0.16151388906206046
855,5,10,150,66,0.0
856,5,10,150,66,0.0628634487195275
857,5,10,150,66,0.0
858,5,10,150,66,0.0
859,5,10,150,66,0.0
860,5,10,150,66,0.01655521147192675
861,5,10,150,66,0.12001290632387755
862,5,10,150,66,0.21287825635757904
863,5,10,150,66,0.013526666293161965
864,5,10,150,66,0.287433418880463
865,5,10,150,66,0.015797522321751672
866,5,10,150,66,0.12374681498530773
867,5,10,150,66,0.2892878184841682
868,5,10,150,66,0.13219454623113264
869,5,10,150,66,0.09414478450656023
870,5,10,150,66,0.1094090507995956
871,5,10,150,66,0.22160652373114856
872,5,10,150,66,0.03050926163237471
873,5,10,150,66,0.0
874,5,10,150,66,0.06575393297476358
875,5,10,150,66,0.23549131868893233
876,5,10,150,66,0.0
877,5,10,150,66,0.03487978243545732
878,5,10,150,66,0.05444415456852003
879,5,10,150,66,0.07180913162424091
880,5,10,150,66,0.3225892381744421
881,5,10,150,66,0.29002714807925234
882,5,10,150,66,0.2970361338267825
883,5,10,150,66,0.36616843987710146
884,5,10,150,66,0.028767091820622218
885,5,10,150,66,0.10709607345972089
886,5,10,150,66,0.17733990838261654
887,5,10,150,66,0.1617265579327216
888,5,10,150,66,0.0
889,5,10,150,66,0.24394056365743183
890,5,10,150,66,0.2987515710923041
891,5,10,150,66,0.09013275514532934
892,5,10,150,66,0.4165573752559068
893,5,10,150,66,0.05014695371369417
894,5,10,150,66,0.21303297235387722
895,5,10,150,66,0.0
896,5,10,150,66,0.36347159991050637
897,5,10,150,66,0.24375235514104263
898,5,10,150,66,0.0
899,5,10,150,66,0.16395957016370657
900,5,10,150,66,0.09313286019574611
901,5,10,150,66,0.2468206896773049
902,5,10,150,66,0.025255271126572616
903,5,10,150,66,0.36080031539907614
904,5,10,150,66,0.0
905,5,10,150,66,0.08773956418811966
906,5,10,150,66,0.021126375389061768
907,5,10,150,66,0.20876789535848864
908,5,10,150,66,0.19230103681757216
909,5,10,150,66,0.0
910,5,10,150,66,0.14111581018360284
911,5,10,150,66,0.07221694898330532
912,5,10,150,66,0.17292384468805336
913,5,10,150,66,0.1866223297582683
914,5,10,150,66,0.0
915,5,10,150,66,0.0
916,5,10,150,66,0.20846322401453166
917,5,10,150,66,0.019845431127916993
918,5,10,150,66,0.0253533085437572
919,5,10,150,66,0.12656239963062277
920,5,10,150,66,0.26814570941777965
921,5,10,150,66,0.02477447378142753
922,5,10,150,66,0.13258396437747186
923,5,10,150,66,0.053605537438321305
924,5,10,150,66,0.11819634191622581
925,5,10,150,66,0.08576373115156254
926,5,10,150,66,0.18690891198435525
927,5,10,150,66,0.10030752610018176
928,5,10,150,66,0.2047606321191804
929,5,10,150,66,0.11107244313646446
930,5,10,150,66,0.12668740771092546
931,5,10,150,66,0.059539365700728666
932,5,10,150,66,0.37073659543900905
933,5,10,150,66,0.0629658220711038
934,5,10,150,66,0.22277102780475436
935,5,10,150,66,0.043888403129016776
936,5,10,150,66,0.11525964500780858
937,5,10,150,66,0.09560624946230661
938,5,10,150,66,0.09073333773176984
939,5,10,150,66,0.05231692143384187
940,5,10,150,66,0.09469359068019315
941,5,10,150,66,0.19937616723755375
942,5,10,150,66,0.15189892875816283
943,5,10,150,66,0.17506822680791911
1,5,10,150,67,0.4058715898896693
2,5,10,150,67,0.14433828292945616
3,5,10,150,67,0.08759200575528697
4,5,10,150,67,0.0
5,5,10,150,67,0.04470486007704452
6,5,10,150,67,0.04187254809446048
7,5,10,150,67,0.20711452932119445
8,5,10,150,67,0.0
9,5,10,150,67,0.0
10,5,10,150,67,0.3005733545514552
11,5,10,150,67,0.03947525607388688
12,5,10,150,67,0.14632177291384774
13,5,10,150,67,0.24256092752724764
14,5,10,150,67,0.18795160328752808
15,5,10,150,67,0.0
16,5,10,150,67,0.19107502160562695
17,5,10,150,67,0.0
18,5,10,150,67,0.17872418048185143
19,5,10,150,67,0.0
20,5,10,150,67,0.13743816645714543
21,5,10,150,67,0.17643857112498312
22,5,10,150,67,0.040815803121742565
23,5,10,150,67,0.10387012192613786
24,5,10,150,67,0.08835266840320231
25,5,10,150,67,0.23940867474021393
26,5,10,150,67,0.0
27,5,10,150,67,0.0
28,5,10,150,67,0.052106753859569234
30,5,10,150,67,0.08133484538841967
31,5,10,150,67,0.11164668500969883
32,5,10,150,67,0.19519002499605084
33,5,10,150,67,0.0
34,5,10,150,67,0.0
35,5,10,150,67,0.0
37,5,10,150,67,0.08177471774917201
38,5,10,150,67,0.0
39,5,10,150,67,0.0
40,5,10,150,67,0.0
41,5,10,150,67,0.06835476917178976
42,5,10,150,67,0.08850778826764391
43,5,10,150,67,0.0
44,5,10,150,67,0.29540493557662006
45,5,10,150,67,0.0
46,5,10,150,67,0.0
47,5,10,150,67,0.0
48,5,10,150,67,0.07028063830038406
49,5,10,150,67,0.05432573058142762
52,5,10,150,67,0.0
53,5,10,150,67,0.0
54,5,10,150,67,0.0
55,5,10,150,67,0.0
56,5,10,150,67,0.11781210270929884
57,5,10,150,67,0.1318392860374695
58,5,10,150,67,0.40256699612340546
59,5,10,150,67,0.19233148606048747
60,5,10,150,67,0.1076743759411119
61,5,10,150,67,0.0
62,5,10,150,67,0.09586820699422145
63,5,10,150,67,0.0
64,5,10,150,67,0.07635718686081962
65,5,10,150,67,0.2342550150352983
66,5,10,150,67,0.06636133566432367
67,5,10,150,67,0.0
68,5,10,150,67,0.0
69,5,10,150,67,0.0
70,5,10,150,67,0.0
71,5,10,150,67,0.20758456043036028
72,5,10,150,67,0.10990826949013655
73,5,10,150,67,0.10052888926242022
74,5,10,150,67,0.0
75,5,10,150,67,0.0
76,5,10,150,67,0.10633668103022985
77,5,10,150,67,0.14247142730086715
78,5,10,150,67,0.0
79,5,10,150,67,0.07821312100379274
80,5,10,150,67,0.0
81,5,10,150,67,0.08878770367712427
82,5,10,150,67,0.03187578878809277
83,5,10,150,67,0.07414861528507455
84,5,10,150,67,0.07550980911390262
85,5,10,150,67,0.04734112273659951
86,5,10,150,67,0.0
87,5,10,150,67,0.16641625059082407
88,5,10,150,67,0.18920035951687003
89,5,10,150,67,0.0
90,5,10,150,67,0.19659652872125194
91,5,10,150,67,0.0
92,5,10,150,67,0.03369782041898502
93,5,10,150,67,0.0
94,5,10,150,67,0.12253429761719764
95,5,10,150,67,0.07849567312219397
96,5,10,150,67,0.06482168843084862
97,5,10,150,67,0.0
98,5,10,150,67,0.0
99,5,10,150,67,0.13337585439143895
100,5,10,150,67,0.0
101,5,10,150,67,0.0
102,5,10,150,67,0.0
103,5,10,150,67,0.0
104,5,10,150,67,0.33958467175585033
105,5,10,150,67,0.0
106,5,10,150,67,0.06516188295518531
107,5,10,150,67,0.0
109,5,10,150,67,0.16563719724029594
110,5,10,150,67,0.0
111,5,10,150,67,0.0
112,5,10,150,67,0.07807600999842033
113,5,10,150,67,0.0
114,5,10,150,67,0.08274602130532002
115,5,10,150,67,0.04001677477281075
116,5,10,150,67,0.0
117,5,10,150,67,0.0
118,5,10,150,67,0.2265416449833316
119,5,10,150,67,0.05891155956989184
120,5,10,150,67,0.0
121,5,10,150,67,0.13032376591037062
122,5,10,150,67,0.0
123,5,10,150,67,0.13720340769293682
124,5,10,150,67,0.0
125,5,10,150,67,0.05446333035917803
126,5,10,150,67,0.0
128,5,10,150,67,0.0
129,5,10,150,67,0.0
130,5,10,150,67,0.17195079996346713
131,5,10,150,67,0.0
132,5,10,150,67,0.0
133,5,10,150,67,0.0
134,5,10,150,67,0.0
135,5,10,150,67,0.0
136,5,10,150,67,0.0
137,5,10,150,67,0.1137075481082292
138,5,10,150,67,0.0976168253917686
139,5,10,150,67,0.10466868931043802
140,5,10,150,67,0.0
141,5,10,150,67,0.04733244938590725
142,5,10,150,67,0.0
143,5,10,150,67,0.0
144,5,10,150,67,0.0
145,5,10,150,67,0.17597149971119974
146,5,10,150,67,0.0
147,5,10,150,67,0.1033846481249528
148,5,10,150,67,0.19860821180640417
149,5,10,150,67,0.0
150,5,10,150,67,0.2640681225725909
151,5,10,150,67,0.1026571794225922
152,5,10,150,67,0.0
153,5,10,150,67,0.0
154,5,10,150,67,0.06416923277158361
155,5,10,150,67,0.0
156,5,10,150,67,0.0
157,5,10,150,67,0.0
158,5,10,150,67,0.13830208502611357
159,5,10,150,67,0.23138144801632507
160,5,10,150,67,0.20441309786906653
161,5,10,150,67,0.0
162,5,10,150,67,0.0
163,5,10,150,67,0.0
164,5,10,150,67,0.0
165,5,10,150,67,0.0
167,5,10,150,67,0.05319635904163211
168,5,10,150,67,0.0
169,5,10,150,67,0.0
170,5,10,150,67,0.0
171,5,10,150,67,0.0
173,5,10,150,67,0.0
174,5,10,150,67,0.06784586495432565
175,5,10,150,67,0.21517910082405575
176,5,10,150,67,0.06289692884934815
177,5,10,150,67,0.38113435412202
178,5,10,150,67,0.12597398707460816
179,5,10,150,67,0.09149012142095872
180,5,10,150,67,0.06228974831361337
181,5,10,150,67,0.11680461119565375
182,5,10,150,67,0.0
183,5,10,150,67,0.15101961822780524
184,5,10,150,67,0.0
185,5,10,150,67,0.0
186,5,10,150,67,0.04633132539002164
187,5,10,150,67,0.0
188,5,10,150,67,0.12925733948536566
189,5,10,150,67,0.18890011590178235
190,5,10,150,67,0.0
192,5,10,150,67,0.123151194370365
193,5,10,150,67,0.0
194,5,10,150,67,0.08550186827754393
195,5,10,150,67,0.11787667935667444
196,5,10,150,67,0.0
197,5,10,150,67,0.09546043308946733
198,5,10,150,67,0.0
199,5,10,150,67,0.0
200,5,10,150,67,0.09785159463516042
201,5,10,150,67,0.0
202,5,10,150,67,0.10466868931043802
203,5,10,150,67,0.0
204,5,10,150,67,0.19519002499605084
205,5,10,150,67,0.0
206,5,10,150,67,0.0
207,5,10,150,67,0.07517955939765397
208,5,10,150,67,0.0
209,5,10,150,67,0.0
210,5,10,150,67,0.2167516193508568
211,5,10,150,67,0.0
213,5,10,150,67,0.15669163589836543
214,5,10,150,67,0.0
216,5,10,150,67,0.23813231172447274
217,5,10,150,67,0.0
218,5,10,150,67,0.0
219,5,10,150,67,0.0
221,5,10,150,67,0.0
222,5,10,150,67,0.1050995674008573
223,5,10,150,67,0.0
224,5,10,150,67,0.0
225,5,10,150,67,0.09077089626867633
226,5,10,150,67,0.19092086617893467
227,5,10,150,67,0.0
228,5,10,150,67,0.0
229,5,10,150,67,0.0
230,5,10,150,67,0.12683081539850163
231,5,10,150,67,0.0
232,5,10,150,67,0.03962341267285813
233,5,10,150,67,0.3062523178880809
234,5,10,150,67,0.09887660119080527
235,5,10,150,67,0.06692738060277027
236,5,10,150,67,0.0
237,5,10,150,67,0.19342640361727081
238,5,10,150,67,0.0
239,5,10,150,67,0.06912040963822193
240,5,10,150,67,0.12495636102304827
241,5,10,150,67,0.0
242,5,10,150,67,0.0
243,5,10,150,67,0.0
244,5,10,150,67,0.049712302565054066
245,5,10,150,67,0.0
246,5,10,150,67,0.0561326498270945
247,5,10,150,67,0.09472348220010487
248,5,10,150,67,0.09472348220010487
249,5,10,150,67,0.056720838976548935
250,5,10,150,67,0.0
251,5,10,150,67,0.13032376591037062
252,5,10,150,67,0.20184908658209985
253,5,10,150,67,0.1084812001944431
254,5,10,150,67,0.08514311764162098
255,5,10,150,67,0.0
256,5,10,150,67,0.038925970325304815
257,5,10,150,67,0.07984133538066794
258,5,10,150,67,0.10144063749941859
259,5,10,150,67,0.1239740444869306
260,5,10,150,67,0.0
261,5,10,150,67,0.0
262,5,10,150,67,0.0
263,5,10,150,67,0.0956366800683804
264,5,10,150,67,0.050433735583135575
265,5,10,150,67,0.0
266,5,10,150,67,0.0
267,5,10,150,67,0.17168372277322866
268,5,10,150,67,0.049712302565054066
269,5,10,150,67,0.052962244777770985
270,5,10,150,67,0.041641441310299704
271,5,10,150,67,0.13010624216828925
272,5,10,150,67,0.1702293778633033
273,5,10,150,67,0.0
274,5,10,150,67,0.0
275,5,10,150,67,0.0
276,5,10,150,67,0.15875999922826586
277,5,10,150,67,0.0
278,5,10,150,67,0.0
279,5,10,150,67,0.14661584523264445
280,5,10,150,67,0.16417286747746287
281,5,10,150,67,0.0
282,5,10,150,67,0.0
283,5,10,150,67,0.07028063830038406
284,5,10,150,67,0.0
285,5,10,150,67,0.0
286,5,10,150,67,0.0781170595969038
287,5,10,150,67,0.0
288,5,10,150,67,0.0859574327152926
289,5,10,150,67,0.16903020543979225
290,5,10,150,67,0.07834851647149511
291,5,10,150,67,0.07828167840727236
292,5,10,150,67,0.04224853374256244
293,5,10,150,67,0.09565771930304079
294,5,10,150,67,0.0
295,5,10,150,67,0.2603201838311303
296,5,10,150,67,0.16311450371373762
297,5,10,150,67,0.0
298,5,10,150,67,0.16915623549474385
299,5,10,150,67,0.0
300,5,10,150,67,0.0
301,5,10,150,67,0.06460801587741544
302,5,10,150,67,0.09224219235917257
303,5,10,150,67,0.07354269615643778
304,5,10,150,67,0.0
305,5,10,150,67,0.11349000778741654
306,5,10,150,67,0.0
307,5,10,150,67,0.10778915452451093
308,5,10,150,67,0.13490077762666258
310,5,10,150,67,0.0
311,5,10,150,67,0.13301422444853
312,5,10,150,67,0.1819616199123543
313,5,10,150,67,0.11270402374049442
314,5,10,150,67,0.16600564593053876
315,5,10,150,67,0.037110354711564805
316,5,10,150,67,0.0
317,5,10,150,67,0.0
318,5,10,150,67,0.1642688369468948
319,5,10,150,67,0.0
320,5,10,150,67,0.13927874459665815
321,5,10,150,67,0.0
322,5,10,150,67,0.0
323,5,10,150,67,0.1610425878239398
324,5,10,150,67,0.0
325,5,10,150,67,0.09092803061897883
326,5,10,150,67,0.027288805847552652
327,5,10,150,67,0.025410386140327024
328,5,10,150,67,0.09206364236149692
329,5,10,150,67,0.0
330,5,10,150,67,0.1313681680695099
331,5,10,150,67,0.0
332,5,10,150,67,0.09320485889859448
334,5,10,150,67,0.02249061179923914
335,5,10,150,67,0.0
336,5,10,150,67,0.0780824078938463
337,5,10,150,67,0.0
338,5,10,150,67,0.07132875491150918
339,5,10,150,67,0.18790942552137055
340,5,10,150,67,0.0
341,5,10,150,67,0.0
342,5,10,150,67,0.3608742720986609
343,5,10,150,67,0.09229649639444802
344,5,10,150,67,0.1202034973803211
345,5,10,150,67,0.18015355216717013
346,5,10,150,67,0.04366879852493834
347,5,10,150,67,0.22280620320442554
348,5,10,150,67,0.0
349,5,10,150,67,0.0
350,5,10,150,67,0.058087171966128066
351,5,10,150,67,0.07977344912567227
352,5,10,150,67,0.1903601622684853
353,5,10,150,67,0.14434031438272124
354,5,10,150,67,0.06335619058732639
355,5,10,150,67,0.0
356,5,10,150,67,0.0
357,5,10,150,67,0.0
358,5,10,150,67,0.06364028872631156
359,5,10,150,67,0.3010299956639812
360,5,10,150,67,0.12982031659526816
361,5,10,150,67,0.09478836436955078
362,5,10,150,67,0.0
363,5,10,150,67,0.24101654828754165
364,5,10,150,67,0.0
365,5,10,150,67,0.0
366,5,10,150,67,0.0
367,5,10,150,67,0.0
368,5,10,150,67,0.0
369,5,10,150,67,0.0
370,5,10,150,67,0.0
371,5,10,150,67,0.19950301641376814
372,5,10,150,67,0.15130120674940672
373,5,10,150,67,0.22842722979011518
374,5,10,150,67,0.07472550252128253
375,5,10,150,67,0.0
376,5,10,150,67,0.0
377,5,10,150,67,0.0
378,5,10,150,67,0.13635638482251203
379,5,10,150,67,0.08433239722469389
380,5,10,150,67,0.0
381,5,10,150,67,0.0
382,5,10,150,67,0.09952375175972906
383,5,10,150,67,0.11451187443792697
384,5,10,150,67,0.0
385,5,10,150,67,0.0
386,5,10,150,67,0.0
387,5,10,150,67,0.08586571489348302
388,5,10,150,67,0.05789711601244791
389,5,10,150,67,0.09284203700798714
390,5,10,150,67,0.0
391,5,10,150,67,0.11245246430543061
392,5,10,150,67,0.1484702586346916
393,5,10,150,67,0.17201528718620057
394,5,10,150,67,0.16570616085215287
395,5,10,150,67,0.0
396,5,10,150,67,0.0
397,5,10,150,67,0.11004588314904008
398,5,10,150,67,0.28368572779044043
399,5,10,150,67,0.026175882249243814
400,5,10,150,67,0.0
401,5,10,150,67,0.02839245759615368
402,5,10,150,67,0.0
403,5,10,150,67,0.2529427027676571
404,5,10,150,67,0.0
405,5,10,150,67,0.031869648586929464
406,5,10,150,67,0.06360190926466157
407,5,10,150,67,0.09046795885890169
408,5,10,150,67,0.09983719697789138
409,5,10,150,67,0.05800611307095368
410,5,10,150,67,0.0
411,5,10,150,67,0.17342765698823945
412,5,10,150,67,0.0
413,5,10,150,67,0.0
414,5,10,150,67,0.21398626473452756
415,5,10,150,67,0.0
416,5,10,150,67,0.15805943220204186
417,5,10,150,67,0.11088189053445036
419,5,10,150,67,0.3536251441097701
420,5,10,150,67,0.05478392673173268
421,5,10,150,67,0.04264945290455212
422,5,10,150,67,0.0
423,5,10,150,67,0.13523051443907988
424,5,10,150,67,0.07873540057438519
425,5,10,150,67,0.2082843711703412
426,5,10,150,67,0.13571943816109763
427,5,10,150,67,0.0
428,5,10,150,67,0.0
429,5,10,150,67,0.14041959417088476
430,5,10,150,67,0.1261446714466394
431,5,10,150,67,0.0
432,5,10,150,67,0.0
433,5,10,150,67,0.0
434,5,10,150,67,0.3903800499921017
435,5,10,150,67,0.11347000084585261
436,5,10,150,67,0.08868088264964148
437,5,10,150,67,0.22972973128433707
438,5,10,150,67,0.0
439,5,10,150,67,0.0
440,5,10,150,67,0.06175696970122604
441,5,10,150,67,0.0
442,5,10,150,67,0.0
443,5,10,150,67,0.0
445,5,10,150,67,0.0
446,5,10,150,67,0.0
447,5,10,150,67,0.2726897692124621
448,5,10,150,67,0.0
449,5,10,150,67,0.07784399437297408
450,5,10,150,67,0.22640083277136241
451,5,10,150,67,0.0
452,5,10,150,67,0.07830573469972951
453,5,10,150,67,0.029956785715628154
454,5,10,150,67,0.07998109630822593
455,5,10,150,67,0.06727503205803352
456,5,10,150,67,0.07758828619721583
457,5,10,150,67,0.29418445531213994
458,5,10,150,67,0.04507276838148142
459,5,10,150,67,0.0
460,5,10,150,67,0.0
461,5,10,150,67,0.0
462,5,10,150,67,0.0
463,5,10,150,67,0.026903388345470878
464,5,10,150,67,0.0
465,5,10,150,67,0.0
466,5,10,150,67,0.03947525607388688
467,5,10,150,67,0.1436337620239326
468,5,10,150,67,0.25116683884278784
469,5,10,150,67,0.057417722536754784
470,5,10,150,67,0.0
471,5,10,150,67,0.0
472,5,10,150,67,0.14903271548086697
473,5,10,150,67,0.08754031530847717
474,5,10,150,67,0.34897204770080337
475,5,10,150,67,0.06516188295518531
476,5,10,150,67,0.0
477,5,10,150,67,0.055100238151135045
478,5,10,150,67,0.23782833255689273
479,5,10,150,67,0.07834096783470737
480,5,10,150,67,0.21398626473452756
481,5,10,150,67,0.13863671367752411
482,5,10,150,67,0.0
483,5,10,150,67,0.06912040963822193
484,5,10,150,67,0.09353062527112192
485,5,10,150,67,0.0
486,5,10,150,67,0.10311241692162332
487,5,10,150,67,0.2215000938796789
488,5,10,150,67,0.0
489,5,10,150,67,0.0
490,5,10,150,67,0.0
491,5,10,150,67,0.19092086617893467
492,5,10,150,67,0.12471554514794539
493,5,10,150,67,0.0332568859495131
494,5,10,150,67,0.07461492443139366
495,5,10,150,67,0.11868174655260626
496,5,10,150,67,0.05459112561892713
497,5,10,150,67,0.04285286422081118
498,5,10,150,67,0.03855307727568851
499,5,10,150,67,0.1912282106369008
500,5,10,150,67,0.05011951520627559
501,5,10,150,67,0.0
502,5,10,150,67,0.06364028872631156
503,5,10,150,67,0.25450081629313537
504,5,10,150,67,0.0
505,5,10,150,67,0.0
506,5,10,150,67,0.13939295695713902
507,5,10,150,67,0.0
508,5,10,150,67,0.0
509,5,10,150,67,0.06474271459046577
510,5,10,150,67,0.0
511,5,10,150,67,0.0
512,5,10,150,67,0.18316925091363362
513,5,10,150,67,0.0461651444771445
514,5,10,150,67,0.10595566933616397
515,5,10,150,67,0.0
516,5,10,150,67,0.13768197790533618
517,5,10,150,67,0.042259191411409554
518,5,10,150,67,0.0
519,5,10,150,67,0.038800293177871176
520,5,10,150,67,0.0
521,5,10,150,67,0.0
522,5,10,150,67,0.0
523,5,10,150,67,0.0316088333445714
524,5,10,150,67,0.10258209047527363
525,5,10,150,67,0.0
526,5,10,150,67,0.09048134504343133
527,5,10,150,67,0.14943863047793596
528,5,10,150,67,0.14110144150616766
529,5,10,150,67,0.10471139591065548
530,5,10,150,67,0.0
531,5,10,150,67,0.0
532,5,10,150,67,0.04774713204658456
533,5,10,150,67,0.140097006072795
534,5,10,150,67,0.07450923581469894
535,5,10,150,67,0.2871959083713276
536,5,10,150,67,0.2548762391805495
537,5,10,150,67,0.4359173739347659
538,5,10,150,67,0.0
539,5,10,150,67,0.1560067947598593
540,5,10,150,67,0.0
541,5,10,150,67,0.1448454408452497
542,5,10,150,67,0.12627825946936164
543,5,10,150,67,0.017609296547813007
544,5,10,150,67,0.07631352592005593
545,5,10,150,67,0.052962244777770985
546,5,10,150,67,0.15314106296495628
547,5,10,150,67,0.0
548,5,10,150,67,0.06942726819239371
549,5,10,150,67,0.0
550,5,10,150,67,0.13436217909546777
551,5,10,150,67,0.2643461705566835
552,5,10,150,67,0.0
553,5,10,150,67,0.20968084445285137
554,5,10,150,67,0.16600564593053876
555,5,10,150,67,0.0
556,5,10,150,67,0.08876245163110816
557,5,10,150,67,0.053894577262255466
558,5,10,150,67,0.05718685316335169
559,5,10,150,67,0.0734773909038217
560,5,10,150,67,0.24050284760456656
561,5,10,150,67,0.022306418104151092
562,5,10,150,67,0.034743705427429224
563,5,10,150,67,0.0
564,5,10,150,67,0.0
565,5,10,150,67,0.18568675205192314
566,5,10,150,67,0.13665387068436016
567,5,10,150,67,0.13463074517970205
568,5,10,150,67,0.057107346298225524
569,5,10,150,67,0.0336639187988199
570,5,10,150,67,0.0
571,5,10,150,67,0.0
572,5,10,150,67,0.058995070558427745
573,5,10,150,67,0.0
574,5,10,150,67,0.07616204594440379
575,5,10,150,67,0.056316753775798256
576,5,10,150,67,0.17342765698823945
577,5,10,150,67,0.22186862389759224
578,5,10,150,67,0.09818998961169394
579,5,10,150,67,0.0
580,5,10,150,67,0.21661076434387644
581,5,10,150,67,0.0
582,5,10,150,67,0.028361369701356044
583,5,10,150,67,0.08811076314737627
584,5,10,150,67,0.0
585,5,10,150,67,0.03272632263321488
586,5,10,150,67,0.07482758161941112
587,5,10,150,67,0.0
588,5,10,150,67,0.19986322535792533
589,5,10,150,67,0.0
590,5,10,150,67,0.18511573258657482
591,5,10,150,67,0.15758427078022966
592,5,10,150,67,0.2471757797463368
593,5,10,150,67,0.1847125373189141
594,5,10,150,67,0.0843142342558857
595,5,10,150,67,0.0
596,5,10,150,67,0.0
597,5,10,150,67,0.0
598,5,10,150,67,0.11752277470724268
599,5,10,150,67,0.16402353420682853
600,5,10,150,67,0.0
601,5,10,150,67,0.026557570376145638
602,5,10,150,67,0.0
603,5,10,150,67,0.06194403202282284
604,5,10,150,67,0.0
605,5,10,150,67,0.10589838376326657
606,5,10,150,67,0.2138150508755678
607,5,10,150,67,0.0
608,5,10,150,67,0.14688428242884272
609,5,10,150,67,0.11838279295536291
610,5,10,150,67,0.05781186855394371
611,5,10,150,67,0.03927158715985786
612,5,10,150,67,0.0
613,5,10,150,67,0.2049174583553662
614,5,10,150,67,0.13886244387355454
615,5,10,150,67,0.10251900332140326
616,5,10,150,67,0.09781579202094404
617,5,10,150,67,0.055659192768972764
618,5,10,150,67,0.13693830900397266
619,5,10,150,67,0.15406791387309057
620,5,10,150,67,0.1451323880538222
621,5,10,150,67,0.13589759152345549
622,5,10,150,67,0.10022910267662996
623,5,10,150,67,0.13369528351530374
624,5,10,150,67,0.019160322430058573
625,5,10,150,67,0.0
626,5,10,150,67,0.04690797720830594
627,5,10,150,67,0.04289205981312439
628,5,10,150,67,0.0
629,5,10,150,67,0.2013573326089747
630,5,10,150,67,0.09942460513010813
631,5,10,150,67,0.09240791929215005
632,5,10,150,67,0.3331495701314084
633,5,10,150,67,0.0455520698635181
634,5,10,150,67,0.023756977677906275
635,5,10,150,67,0.039407921945699885
636,5,10,150,67,0.0
637,5,10,150,67,0.0
638,5,10,150,67,0.15473934503245962
639,5,10,150,67,0.0
640,5,10,150,67,0.0637867864178444
641,5,10,150,67,0.03570665676503816
642,5,10,150,67,0.12382630834344852
643,5,10,150,67,0.15031592367651372
644,5,10,150,67,0.0
645,5,10,150,67,0.1856947245529553
646,5,10,150,67,0.0
647,5,10,150,67,0.03673869545191085
648,5,10,150,67,0.08676698761067836
649,5,10,150,67,0.0
650,5,10,150,67,0.09970973363674082
651,5,10,150,67,0.03443184397772452
652,5,10,150,67,0.0
653,5,10,150,67,0.04723360825686876
654,5,10,150,67,0.17020900230175445
655,5,10,150,67,0.26460146509156157
656,5,10,150,67,0.0
657,5,10,150,67,0.053845569940583225
658,5,10,150,67,0.0
659,5,10,150,67,0.07075240780563574
660,5,10,150,67,0.0
661,5,10,150,67,0.12705991527984942
662,5,10,150,67,0.0
663,5,10,150,67,0.07874514948204092
664,5,10,150,67,0.05391021349625259
665,5,10,150,67,0.0
666,5,10,150,67,0.07860744541237058
667,5,10,150,67,0.2676806947950803
668,5,10,150,67,0.0
669,5,10,150,67,0.2672968266839232
670,5,10,150,67,0.15539533467551025
671,5,10,150,67,0.17434206503696043
672,5,10,150,67,0.0
673,5,10,150,67,0.0
674,5,10,150,67,0.0
675,5,10,150,67,0.05010834716923557
676,5,10,150,67,0.0
677,5,10,150,67,0.03927489746221688
678,5,10,150,67,0.0
679,5,10,150,67,0.26970586372388394
680,5,10,150,67,0.2073612289146658
681,5,10,150,67,0.0
682,5,10,150,67,0.11275415204945995
683,5,10,150,67,0.06289349548893712
684,5,10,150,67,0.0
685,5,10,150,67,0.0
686,5,10,150,67,0.08962483220812449
687,5,10,150,67,0.0
688,5,10,150,67,0.0
689,5,10,150,67,0.32436268379537736
690,5,10,150,67,0.0
691,5,10,150,67,0.0
692,5,10,150,67,0.0
693,5,10,150,67,0.0
694,5,10,150,67,0.20269611984358588
695,5,10,150,67,0.0607039656753694
696,5,10,150,67,0.12935879342602336
697,5,10,150,67,0.06378035696304758
698,5,10,150,67,0.09499131598480672
699,5,10,150,67,0.0
700,5,10,150,67,0.16958010263680806
701,5,10,150,67,0.04129602134854855
702,5,10,150,67,0.0
703,5,10,150,67,0.03870447337439288
704,5,10,150,67,0.09986079379105446
705,5,10,150,67,0.18775788588526962
706,5,10,150,67,0.0
707,5,10,150,67,0.11204043240783193
708,5,10,150,67,0.06058075640309377
709,5,10,150,67,0.10371915894912967
710,5,10,150,67,0.05710411178654767
711,5,10,150,67,0.14431653919064127
712,5,10,150,67,0.12435918123916344
713,5,10,150,67,0.0
714,5,10,150,67,0.04195229264874745
715,5,10,150,67,0.07261309108674657
716,5,10,150,67,0.16538301266830088
717,5,10,150,67,0.18940567332300148
718,5,10,150,67,0.14061157344379913
719,5,10,150,67,0.16011399260274453
720,5,10,150,67,0.05261577455142312
721,5,10,150,67,0.16233113210833738
722,5,10,150,67,0.0
723,5,10,150,67,0.0
724,5,10,150,67,0.0
725,5,10,150,67,0.05750402108673013
726,5,10,150,67,0.2529427027676571
727,5,10,150,67,0.09607343946249107
728,5,10,150,67,0.0
729,5,10,150,67,0.0
730,5,10,150,67,0.0
731,5,10,150,67,0.04466441818602386
732,5,10,150,67,0.0
733,5,10,150,67,0.0
734,5,10,150,67,0.0655813061736612
735,5,10,150,67,0.0
736,5,10,150,67,0.0
737,5,10,150,67,0.16282663249631943
738,5,10,150,67,0.2632431729022225
739,5,10,150,67,0.0
740,5,10,150,67,0.0
741,5,10,150,67,0.10965210684801945
742,5,10,150,67,0.04553761034739079
743,5,10,150,67,0.0814476682319001
744,5,10,150,67,0.08878770367712427
745,5,10,150,67,0.3682049230943936
746,5,10,150,67,0.11450296808588954
747,5,10,150,67,0.36790391479056217
748,5,10,150,67,0.1946257849561795
749,5,10,150,67,0.13623504030671865
750,5,10,150,67,0.07219614103266732
751,5,10,150,67,0.08387405199623103
752,5,10,150,67,0.020210299806331135
753,5,10,150,67,0.15406810205846871
754,5,10,150,67,0.0
755,5,10,150,67,0.067228724047084
756,5,10,150,67,0.06970760198990748
757,5,10,150,67,0.06756111822138194
758,5,10,150,67,0.2007860551580766
759,5,10,150,67,0.038281751104512325
760,5,10,150,67,0.11447590313611888
761,5,10,150,67,0.03339755935325358
762,5,10,150,67,0.11568388634051256
763,5,10,150,67,0.20859185628046678
764,5,10,150,67,0.08207588022692468
765,5,10,150,67,0.0
766,5,10,150,67,0.050541549839211865
767,5,10,150,67,0.2073612289146658
768,5,10,150,67,0.07655078846581868
769,5,10,150,67,0.0
770,5,10,150,67,0.04692206785373726
771,5,10,150,67,0.19449231038235978
772,5,10,150,67,0.03353522641880846
773,5,10,150,67,0.08236155615232364
774,5,10,150,67,0.039504777510359856
775,5,10,150,67,0.0
776,5,10,150,67,0.12155614423940549
777,5,10,150,67,0.14445412169961394
778,5,10,150,67,0.024850109207689472
779,5,10,150,67,0.05878132199396477
780,5,10,150,67,0.07751937086606239
781,5,10,150,67,0.21898681539091044
782,5,10,150,67,0.012165264306643435
783,5,10,150,67,0.0
784,5,10,150,67,0.0
785,5,10,150,67,0.048159222084064895
786,5,10,150,67,0.13370327844286975
787,5,10,150,67,0.0683037314796457
788,5,10,150,67,0.17000831595745877
789,5,10,150,67,0.059109628562248356
790,5,10,150,67,0.0636904908343465
791,5,10,150,67,0.0
792,5,10,150,67,0.0
793,5,10,150,67,0.0
794,5,10,150,67,0.22201254783236782
795,5,10,150,67,0.09354596657002175
796,5,10,150,67,0.35564030844806305
797,5,10,150,67,0.09030583455080088
798,5,10,150,67,0.10478361574985712
799,5,10,150,67,0.0
800,5,10,150,67,0.0
801,5,10,150,67,0.03096677356901516
802,5,10,150,67,0.030863419558816
803,5,10,150,67,0.0
804,5,10,150,67,0.1657068873644596
805,5,10,150,67,0.11595059361045126
806,5,10,150,67,0.13891238635540284
807,5,10,150,67,0.21081372900819179
808,5,10,150,67,0.040655755922716606
809,5,10,150,67,0.07484323939884738
810,5,10,150,67,0.0
811,5,10,150,67,0.05062543788674174
812,5,10,150,67,0.0
813,5,10,150,67,0.17367331957930765
814,5,10,150,67,0.09144287629100999
815,5,10,150,67,0.235494285353862
816,5,10,150,67,0.08005612702969578
817,5,10,150,67,0.0
818,5,10,150,67,0.0
819,5,10,150,67,0.15575997463127336
820,5,10,150,67,0.041641441310299704
821,5,10,150,67,0.19220292042320755
822,5,10,150,67,0.03902876023380719
823,5,10,150,67,0.3026130448217778
824,5,10,150,67,0.0
825,5,10,150,67,0.09320448042448505
826,5,10,150,67,0.0956022175683246
827,5,10,150,67,0.0
828,5,10,150,67,0.07244745602732354
829,5,10,150,67,0.1633399391391799
830,5,10,150,67,0.10053254151308513
831,5,10,150,67,0.22386873883314284
832,5,10,150,67,0.041355644490859725
833,5,10,150,67,0.14028612934846263
834,5,10,150,67,0.020919434760060668
835,5,10,150,67,0.0959744927865849
836,5,10,150,67,0.10882945376944808
837,5,10,150,67,0.0
838,5,10,150,67,0.14570435926304814
839,5,10,150,67,0.05646784228340616
840,5,10,150,67,0.2936375478824656
841,5,10,150,67,0.0
842,5,10,150,67,0.03314153504336938
843,5,10,150,67,0.09934341336505809
844,5,10,150,67,0.14767302746812566
845,5,10,150,67,0.0
846,5,10,150,67,0.29830425569429553
847,5,10,150,67,0.0
848,5,10,150,67,0.10816202091736696
849,5,10,150,67,0.15604292430850014
850,5,10,150,67,0.22524778298991205
851,5,10,150,67,0.2767044573305032
852,5,10,150,67,0.0
853,5,10,150,67,0.0
854,5,10,150,67,0.15983242629555516
855,5,10,150,67,0.0
856,5,10,150,67,0.0628634487195275
857,5,10,150,67,0.0
858,5,10,150,67,0.0
859,5,10,150,67,0.0
860,5,10,150,67,0.01655521147192675
861,5,10,150,67,0.12001290632387755
862,5,10,150,67,0.21066205771396704
863,5,10,150,67,0.013526666293161965
864,5,10,150,67,0.28444105336624326
865,5,10,150,67,0.015797522321751672
866,5,10,150,67,0.12374681498530773
867,5,10,150,67,0.2892878184841682
868,5,10,150,67,0.13081831655383655
869,5,10,150,67,0.09414478450656023
870,5,10,150,67,0.10827003268600466
871,5,10,150,67,0.22160652373114856
872,5,10,150,67,0.03050926163237471
873,5,10,150,67,0.0
874,5,10,150,67,0.06575393297476358
875,5,10,150,67,0.23549131868893233
876,5,10,150,67,0.0
877,5,10,150,67,0.03487978243545732
878,5,10,150,67,0.05387735613841319
879,5,10,150,67,0.07180913162424091
880,5,10,150,67,0.3192308781224641
881,5,10,150,67,0.2870077801870979
882,5,10,150,67,0.29394379791538294
883,5,10,150,67,0.37276703133429245
884,5,10,150,67,0.028767091820622218
885,5,10,150,67,0.10709607345972089
886,5,10,150,67,0.1754936866447061
887,5,10,150,67,0.17045351998639832
888,5,10,150,67,0.0
889,5,10,150,67,0.24140098655101544
890,5,10,150,67,0.2987515710923041
891,5,10,150,67,0.09013275514532934
892,5,10,150,67,0.41222074686640126
893,5,10,150,67,0.05014695371369417
894,5,10,150,67,0.21081516301790515
895,5,10,150,67,0.0
896,5,10,150,67,0.35968762835560936
897,5,10,150,67,0.25162537624450354
898,5,10,150,67,0.0
899,5,10,150,67,0.1622526462945367
900,5,10,150,67,0.09313286019574611
901,5,10,150,67,0.24425112861908482
902,5,10,150,67,0.025255271126572616
903,5,10,150,67,0.35704415362246383
904,5,10,150,67,0.0
905,5,10,150,67,0.08773956418811966
906,5,10,150,67,0.021126375389061768
907,5,10,150,67,0.2170051270377228
908,5,10,150,67,0.20640898076180436
909,5,10,150,67,0.0
910,5,10,150,67,0.14111581018360284
911,5,10,150,67,0.07221694898330532
912,5,10,150,67,0.17292384468805336
913,5,10,150,67,0.18467947208386468
914,5,10,150,67,0.0
915,5,10,150,67,0.0
916,5,10,150,67,0.20629298867810558
917,5,10,150,67,0.019845431127916993
918,5,10,150,67,0.0253533085437572
919,5,10,150,67,0.12524480419747286
920,5,10,150,67,0.26814570941777965
921,5,10,150,67,0.02477447378142753
922,5,10,150,67,0.1312036806084969
923,5,10,150,67,0.053605537438321305
924,5,10,150,67,0.11819634191622581
925,5,10,150,67,0.08576373115156254
926,5,10,150,67,0.18690891198435525
927,5,10,150,67,0.10967389951210728
928,5,10,150,67,0.2047606321191804
929,5,10,150,67,0.11107244313646446
930,5,10,150,67,0.12668740771092546
931,5,10,150,67,0.059539365700728666
932,5,10,150,67,0.36687699063949797
933,5,10,150,67,0.062310307638321634
934,5,10,150,67,0.23086247792947592
935,5,10,150,67,0.043888403129016776
936,5,10,150,67,0.11405971847092246
937,5,10,150,67,0.09560624946230661
938,5,10,150,67,0.08978874572198857
939,5,10,150,67,0.05231692143384187
940,5,10,150,67,0.09469359068019315
941,5,10,150,67,0.19937616723755375
942,5,10,150,67,0.15189892875816283
943,5,10,150,67,0.17324565472644005
1,5,10,150,68,0.4058715898896693
2,5,10,150,68,0.14433828292945616
3,5,10,150,68,0.08759200575528697
4,5,10,150,68,0.0
5,5,10,150,68,0.04470486007704452
6,5,10,150,68,0.04187254809446048
7,5,10,150,68,0.22836484467160698
8,5,10,150,68,0.0
9,5,10,150,68,0.0
10,5,10,150,68,0.3005733545514552
11,5,10,150,68,0.03947525607388688
12,5,10,150,68,0.14632177291384774
13,5,10,150,68,0.24256092752724764
14,5,10,150,68,0.18795160328752808
15,5,10,150,68,0.0
16,5,10,150,68,0.19107502160562695
17,5,10,150,68,0.0
18,5,10,150,68,0.17872418048185143
19,5,10,150,68,0.0
20,5,10,150,68,0.13743816645714543
21,5,10,150,68,0.17643857112498312
22,5,10,150,68,0.040815803121742565
23,5,10,150,68,0.10387012192613786
24,5,10,150,68,0.08835266840320231
25,5,10,150,68,0.23940867474021393
26,5,10,150,68,0.0
27,5,10,150,68,0.0
28,5,10,150,68,0.052106753859569234
30,5,10,150,68,0.08133484538841967
31,5,10,150,68,0.11164668500969883
32,5,10,150,68,0.19519002499605084
33,5,10,150,68,0.0
34,5,10,150,68,0.0
35,5,10,150,68,0.0
37,5,10,150,68,0.08177471774917201
38,5,10,150,68,0.0
39,5,10,150,68,0.0
40,5,10,150,68,0.0
41,5,10,150,68,0.06835476917178976
42,5,10,150,68,0.08850778826764391
43,5,10,150,68,0.0
44,5,10,150,68,0.29540493557662006
45,5,10,150,68,0.0
46,5,10,150,68,0.0
47,5,10,150,68,0.0
48,5,10,150,68,0.07028063830038406
49,5,10,150,68,0.05432573058142762
52,5,10,150,68,0.0
53,5,10,150,68,0.0
54,5,10,150,68,0.0
55,5,10,150,68,0.0
56,5,10,150,68,0.11781210270929884
57,5,10,150,68,0.1318392860374695
58,5,10,150,68,0.40256699612340546
59,5,10,150,68,0.19233148606048747
60,5,10,150,68,0.1076743759411119
61,5,10,150,68,0.0
62,5,10,150,68,0.09586820699422145
63,5,10,150,68,0.0
64,5,10,150,68,0.07635718686081962
65,5,10,150,68,0.2342550150352983
66,5,10,150,68,0.06636133566432367
67,5,10,150,68,0.0
68,5,10,150,68,0.0
69,5,10,150,68,0.0
70,5,10,150,68,0.0
71,5,10,150,68,0.20758456043036028
72,5,10,150,68,0.10990826949013655
73,5,10,150,68,0.10052888926242022
74,5,10,150,68,0.0
75,5,10,150,68,0.0
76,5,10,150,68,0.10633668103022985
77,5,10,150,68,0.14247142730086715
78,5,10,150,68,0.0
79,5,10,150,68,0.07821312100379274
80,5,10,150,68,0.0
81,5,10,150,68,0.08878770367712427
82,5,10,150,68,0.03187578878809277
83,5,10,150,68,0.07414861528507455
84,5,10,150,68,0.07550980911390262
85,5,10,150,68,0.04734112273659951
86,5,10,150,68,0.0
87,5,10,150,68,0.16641625059082407
88,5,10,150,68,0.18920035951687003
89,5,10,150,68,0.0
90,5,10,150,68,0.19659652872125194
91,5,10,150,68,0.0
92,5,10,150,68,0.03369782041898502
93,5,10,150,68,0.0
94,5,10,150,68,0.12253429761719764
95,5,10,150,68,0.07849567312219397
96,5,10,150,68,0.06482168843084862
97,5,10,150,68,0.0
98,5,10,150,68,0.0
99,5,10,150,68,0.13337585439143895
100,5,10,150,68,0.0
101,5,10,150,68,0.0
102,5,10,150,68,0.0
103,5,10,150,68,0.0
104,5,10,150,68,0.33958467175585033
105,5,10,150,68,0.0
106,5,10,150,68,0.06516188295518531
107,5,10,150,68,0.0
109,5,10,150,68,0.16563719724029594
110,5,10,150,68,0.0
111,5,10,150,68,0.0
112,5,10,150,68,0.07807600999842033
113,5,10,150,68,0.0
114,5,10,150,68,0.08274602130532002
115,5,10,150,68,0.04001677477281075
116,5,10,150,68,0.0
117,5,10,150,68,0.0
118,5,10,150,68,0.2265416449833316
119,5,10,150,68,0.05891155956989184
120,5,10,150,68,0.0
121,5,10,150,68,0.13032376591037062
122,5,10,150,68,0.0
123,5,10,150,68,0.13720340769293682
124,5,10,150,68,0.0
125,5,10,150,68,0.05446333035917803
126,5,10,150,68,0.0
128,5,10,150,68,0.0
129,5,10,150,68,0.0
130,5,10,150,68,0.17195079996346713
131,5,10,150,68,0.0
132,5,10,150,68,0.0
133,5,10,150,68,0.0
134,5,10,150,68,0.0
135,5,10,150,68,0.0
136,5,10,150,68,0.0
137,5,10,150,68,0.1137075481082292
138,5,10,150,68,0.0976168253917686
139,5,10,150,68,0.10466868931043802
140,5,10,150,68,0.0
141,5,10,150,68,0.04733244938590725
142,5,10,150,68,0.0
143,5,10,150,68,0.0
144,5,10,150,68,0.0
145,5,10,150,68,0.17597149971119974
146,5,10,150,68,0.0
147,5,10,150,68,0.1033846481249528
148,5,10,150,68,0.19860821180640417
149,5,10,150,68,0.0
150,5,10,150,68,0.2640681225725909
151,5,10,150,68,0.1026571794225922
152,5,10,150,68,0.0
153,5,10,150,68,0.0
154,5,10,150,68,0.06416923277158361
155,5,10,150,68,0.0
156,5,10,150,68,0.0
157,5,10,150,68,0.0
158,5,10,150,68,0.13830208502611357
159,5,10,150,68,0.23138144801632507
160,5,10,150,68,0.20441309786906653
161,5,10,150,68,0.0
162,5,10,150,68,0.0
163,5,10,150,68,0.0
164,5,10,150,68,0.0
165,5,10,150,68,0.0
167,5,10,150,68,0.05319635904163211
168,5,10,150,68,0.0
169,5,10,150,68,0.0
170,5,10,150,68,0.0
171,5,10,150,68,0.0
173,5,10,150,68,0.0
174,5,10,150,68,0.09841425610124989
175,5,10,150,68,0.21517910082405575
176,5,10,150,68,0.06289692884934815
177,5,10,150,68,0.38113435412202
178,5,10,150,68,0.12597398707460816
179,5,10,150,68,0.09149012142095872
180,5,10,150,68,0.06228974831361337
181,5,10,150,68,0.11680461119565375
182,5,10,150,68,0.0
183,5,10,150,68,0.15101961822780524
184,5,10,150,68,0.0
185,5,10,150,68,0.0
186,5,10,150,68,0.04633132539002164
187,5,10,150,68,0.0
188,5,10,150,68,0.12925733948536566
189,5,10,150,68,0.18890011590178235
190,5,10,150,68,0.0
192,5,10,150,68,0.123151194370365
193,5,10,150,68,0.0
194,5,10,150,68,0.11343156218083877
195,5,10,150,68,0.11787667935667444
196,5,10,150,68,0.0
197,5,10,150,68,0.09546043308946733
198,5,10,150,68,0.0
199,5,10,150,68,0.0
200,5,10,150,68,0.09785159463516042
201,5,10,150,68,0.0
202,5,10,150,68,0.10466868931043802
203,5,10,150,68,0.0
204,5,10,150,68,0.19519002499605084
205,5,10,150,68,0.0
206,5,10,150,68,0.0
207,5,10,150,68,0.07517955939765397
208,5,10,150,68,0.0
209,5,10,150,68,0.0
210,5,10,150,68,0.2167516193508568
211,5,10,150,68,0.0
213,5,10,150,68,0.15669163589836543
214,5,10,150,68,0.0
216,5,10,150,68,0.23813231172447274
217,5,10,150,68,0.0
218,5,10,150,68,0.0
219,5,10,150,68,0.0
221,5,10,150,68,0.0
222,5,10,150,68,0.1050995674008573
223,5,10,150,68,0.0
224,5,10,150,68,0.0
225,5,10,150,68,0.09077089626867633
226,5,10,150,68,0.19092086617893467
227,5,10,150,68,0.0
228,5,10,150,68,0.0
229,5,10,150,68,0.0
230,5,10,150,68,0.12683081539850163
231,5,10,150,68,0.0
232,5,10,150,68,0.03962341267285813
233,5,10,150,68,0.3062523178880809
234,5,10,150,68,0.09887660119080527
235,5,10,150,68,0.06692738060277027
236,5,10,150,68,0.0
237,5,10,150,68,0.19342640361727081
238,5,10,150,68,0.0
239,5,10,150,68,0.06912040963822193
240,5,10,150,68,0.12495636102304827
241,5,10,150,68,0.0
242,5,10,150,68,0.0
243,5,10,150,68,0.0
244,5,10,150,68,0.049712302565054066
245,5,10,150,68,0.0
246,5,10,150,68,0.0561326498270945
247,5,10,150,68,0.09472348220010487
248,5,10,150,68,0.09472348220010487
249,5,10,150,68,0.056720838976548935
250,5,10,150,68,0.0
251,5,10,150,68,0.13032376591037062
252,5,10,150,68,0.20184908658209985
253,5,10,150,68,0.1084812001944431
254,5,10,150,68,0.08514311764162098
255,5,10,150,68,0.0
256,5,10,150,68,0.07107087490719705
257,5,10,150,68,0.07984133538066794
258,5,10,150,68,0.10144063749941859
259,5,10,150,68,0.1239740444869306
260,5,10,150,68,0.0
261,5,10,150,68,0.0
262,5,10,150,68,0.0
263,5,10,150,68,0.0956366800683804
264,5,10,150,68,0.050433735583135575
265,5,10,150,68,0.0
266,5,10,150,68,0.0
267,5,10,150,68,0.17168372277322866
268,5,10,150,68,0.049712302565054066
269,5,10,150,68,0.052962244777770985
270,5,10,150,68,0.041641441310299704
271,5,10,150,68,0.13010624216828925
272,5,10,150,68,0.1702293778633033
273,5,10,150,68,0.0
274,5,10,150,68,0.0
275,5,10,150,68,0.0
276,5,10,150,68,0.15875999922826586
277,5,10,150,68,0.0
278,5,10,150,68,0.0
279,5,10,150,68,0.14661584523264445
280,5,10,150,68,0.16417286747746287
281,5,10,150,68,0.0
282,5,10,150,68,0.0
283,5,10,150,68,0.07028063830038406
284,5,10,150,68,0.0
285,5,10,150,68,0.0
286,5,10,150,68,0.0781170595969038
287,5,10,150,68,0.0
288,5,10,150,68,0.0859574327152926
289,5,10,150,68,0.16903020543979225
290,5,10,150,68,0.07834851647149511
291,5,10,150,68,0.07828167840727236
292,5,10,150,68,0.04224853374256244
293,5,10,150,68,0.09565771930304079
294,5,10,150,68,0.0
295,5,10,150,68,0.2603201838311303
296,5,10,150,68,0.16311450371373762
297,5,10,150,68,0.0
298,5,10,150,68,0.16915623549474385
299,5,10,150,68,0.0
300,5,10,150,68,0.0
301,5,10,150,68,0.06460801587741544
302,5,10,150,68,0.09224219235917257
303,5,10,150,68,0.07354269615643778
304,5,10,150,68,0.0
305,5,10,150,68,0.11349000778741654
306,5,10,150,68,0.0
307,5,10,150,68,0.10778915452451093
308,5,10,150,68,0.13490077762666258
310,5,10,150,68,0.0
311,5,10,150,68,0.13301422444853
312,5,10,150,68,0.1819616199123543
313,5,10,150,68,0.11270402374049442
314,5,10,150,68,0.16600564593053876
315,5,10,150,68,0.037110354711564805
316,5,10,150,68,0.0
317,5,10,150,68,0.0
318,5,10,150,68,0.1642688369468948
319,5,10,150,68,0.0
320,5,10,150,68,0.13927874459665815
321,5,10,150,68,0.0
322,5,10,150,68,0.0
323,5,10,150,68,0.1610425878239398
324,5,10,150,68,0.0
325,5,10,150,68,0.09092803061897883
326,5,10,150,68,0.027288805847552652
327,5,10,150,68,0.025410386140327024
328,5,10,150,68,0.09206364236149692
329,5,10,150,68,0.0
330,5,10,150,68,0.1313681680695099
331,5,10,150,68,0.0
332,5,10,150,68,0.09320485889859448
334,5,10,150,68,0.02249061179923914
335,5,10,150,68,0.0
336,5,10,150,68,0.0780824078938463
337,5,10,150,68,0.0
338,5,10,150,68,0.07132875491150918
339,5,10,150,68,0.18790942552137055
340,5,10,150,68,0.0
341,5,10,150,68,0.0
342,5,10,150,68,0.3608742720986609
343,5,10,150,68,0.09229649639444802
344,5,10,150,68,0.1202034973803211
345,5,10,150,68,0.18015355216717013
346,5,10,150,68,0.04366879852493834
347,5,10,150,68,0.22280620320442554
348,5,10,150,68,0.0
349,5,10,150,68,0.0
350,5,10,150,68,0.058087171966128066
351,5,10,150,68,0.07977344912567227
352,5,10,150,68,0.1903601622684853
353,5,10,150,68,0.14434031438272124
354,5,10,150,68,0.06335619058732639
355,5,10,150,68,0.0
356,5,10,150,68,0.0
357,5,10,150,68,0.0
358,5,10,150,68,0.06364028872631156
359,5,10,150,68,0.3010299956639812
360,5,10,150,68,0.12982031659526816
361,5,10,150,68,0.09478836436955078
362,5,10,150,68,0.0
363,5,10,150,68,0.24101654828754165
364,5,10,150,68,0.0
365,5,10,150,68,0.0
366,5,10,150,68,0.0
367,5,10,150,68,0.0
368,5,10,150,68,0.0
369,5,10,150,68,0.0
370,5,10,150,68,0.0
371,5,10,150,68,0.19950301641376814
372,5,10,150,68,0.15130120674940672
373,5,10,150,68,0.22842722979011518
374,5,10,150,68,0.07472550252128253
375,5,10,150,68,0.0
376,5,10,150,68,0.0
377,5,10,150,68,0.0
378,5,10,150,68,0.13635638482251203
379,5,10,150,68,0.08433239722469389
380,5,10,150,68,0.0
381,5,10,150,68,0.0
382,5,10,150,68,0.09952375175972906
383,5,10,150,68,0.11451187443792697
384,5,10,150,68,0.0
385,5,10,150,68,0.0
386,5,10,150,68,0.0
387,5,10,150,68,0.08586571489348302
388,5,10,150,68,0.05789711601244791
389,5,10,150,68,0.09284203700798714
390,5,10,150,68,0.0
391,5,10,150,68,0.11245246430543061
392,5,10,150,68,0.1484702586346916
393,5,10,150,68,0.17201528718620057
394,5,10,150,68,0.16570616085215287
395,5,10,150,68,0.0
396,5,10,150,68,0.0
397,5,10,150,68,0.11004588314904008
398,5,10,150,68,0.28368572779044043
399,5,10,150,68,0.026175882249243814
400,5,10,150,68,0.0
401,5,10,150,68,0.02839245759615368
402,5,10,150,68,0.0
403,5,10,150,68,0.2529427027676571
404,5,10,150,68,0.0
405,5,10,150,68,0.031542404219918
406,5,10,150,68,0.06360190926466157
407,5,10,150,68,0.09046795885890169
408,5,10,150,68,0.09983719697789138
409,5,10,150,68,0.05800611307095368
410,5,10,150,68,0.0
411,5,10,150,68,0.17342765698823945
412,5,10,150,68,0.0
413,5,10,150,68,0.0
414,5,10,150,68,0.21398626473452756
415,5,10,150,68,0.0
416,5,10,150,68,0.15805943220204186
417,5,10,150,68,0.11088189053445036
419,5,10,150,68,0.3536251441097701
420,5,10,150,68,0.05478392673173268
421,5,10,150,68,0.04264945290455212
422,5,10,150,68,0.0
423,5,10,150,68,0.13523051443907988
424,5,10,150,68,0.07873540057438519
425,5,10,150,68,0.22790846302569912
426,5,10,150,68,0.13571943816109763
427,5,10,150,68,0.0
428,5,10,150,68,0.0
429,5,10,150,68,0.14041959417088476
430,5,10,150,68,0.1261446714466394
431,5,10,150,68,0.0
432,5,10,150,68,0.0
433,5,10,150,68,0.0
434,5,10,150,68,0.3903800499921017
435,5,10,150,68,0.11347000084585261
436,5,10,150,68,0.08868088264964148
437,5,10,150,68,0.22972973128433707
438,5,10,150,68,0.0
439,5,10,150,68,0.0
440,5,10,150,68,0.06175696970122604
441,5,10,150,68,0.0
442,5,10,150,68,0.0
443,5,10,150,68,0.0
445,5,10,150,68,0.0
446,5,10,150,68,0.0
447,5,10,150,68,0.2726897692124621
448,5,10,150,68,0.0
449,5,10,150,68,0.07784399437297408
450,5,10,150,68,0.22640083277136241
451,5,10,150,68,0.0
452,5,10,150,68,0.09745239327240693
453,5,10,150,68,0.029956785715628154
454,5,10,150,68,0.07998109630822593
455,5,10,150,68,0.06727503205803352
456,5,10,150,68,0.07758828619721583
457,5,10,150,68,0.29418445531213994
458,5,10,150,68,0.04507276838148142
459,5,10,150,68,0.0
460,5,10,150,68,0.0
461,5,10,150,68,0.0
462,5,10,150,68,0.0
463,5,10,150,68,0.026903388345470878
464,5,10,150,68,0.0
465,5,10,150,68,0.0
466,5,10,150,68,0.03947525607388688
467,5,10,150,68,0.1436337620239326
468,5,10,150,68,0.25116683884278784
469,5,10,150,68,0.057417722536754784
470,5,10,150,68,0.0
471,5,10,150,68,0.0
472,5,10,150,68,0.14903271548086697
473,5,10,150,68,0.08754031530847717
474,5,10,150,68,0.34897204770080337
475,5,10,150,68,0.06516188295518531
476,5,10,150,68,0.0
477,5,10,150,68,0.055100238151135045
478,5,10,150,68,0.23782833255689273
479,5,10,150,68,0.07834096783470737
480,5,10,150,68,0.21398626473452756
481,5,10,150,68,0.13863671367752411
482,5,10,150,68,0.0
483,5,10,150,68,0.06912040963822193
484,5,10,150,68,0.09353062527112192
485,5,10,150,68,0.0
486,5,10,150,68,0.10311241692162332
487,5,10,150,68,0.2215000938796789
488,5,10,150,68,0.0
489,5,10,150,68,0.0
490,5,10,150,68,0.0
491,5,10,150,68,0.19092086617893467
492,5,10,150,68,0.12471554514794539
493,5,10,150,68,0.0332568859495131
494,5,10,150,68,0.07461492443139366
495,5,10,150,68,0.11868174655260626
496,5,10,150,68,0.05459112561892713
497,5,10,150,68,0.04285286422081118
498,5,10,150,68,0.03855307727568851
499,5,10,150,68,0.1912282106369008
500,5,10,150,68,0.05011951520627559
501,5,10,150,68,0.0
502,5,10,150,68,0.06364028872631156
503,5,10,150,68,0.25450081629313537
504,5,10,150,68,0.0
505,5,10,150,68,0.0
506,5,10,150,68,0.13939295695713902
507,5,10,150,68,0.0
508,5,10,150,68,0.0
509,5,10,150,68,0.06474271459046577
510,5,10,150,68,0.0
511,5,10,150,68,0.0
512,5,10,150,68,0.18316925091363362
513,5,10,150,68,0.0461651444771445
514,5,10,150,68,0.10595566933616397
515,5,10,150,68,0.0
516,5,10,150,68,0.13768197790533618
517,5,10,150,68,0.042259191411409554
518,5,10,150,68,0.0
519,5,10,150,68,0.038800293177871176
520,5,10,150,68,0.0
521,5,10,150,68,0.0
522,5,10,150,68,0.0
523,5,10,150,68,0.0316088333445714
524,5,10,150,68,0.10258209047527363
525,5,10,150,68,0.0
526,5,10,150,68,0.09048134504343133
527,5,10,150,68,0.14943863047793596
528,5,10,150,68,0.14110144150616766
529,5,10,150,68,0.10471139591065548
530,5,10,150,68,0.0
531,5,10,150,68,0.0
532,5,10,150,68,0.04774713204658456
533,5,10,150,68,0.140097006072795
534,5,10,150,68,0.07450923581469894
535,5,10,150,68,0.2871959083713276
536,5,10,150,68,0.27314750625223144
537,5,10,150,68,0.43144128111832086
538,5,10,150,68,0.0
539,5,10,150,68,0.1560067947598593
540,5,10,150,68,0.0
541,5,10,150,68,0.1448454408452497
542,5,10,150,68,0.12627825946936164
543,5,10,150,68,0.03509626319517156
544,5,10,150,68,0.07631352592005593
545,5,10,150,68,0.052962244777770985
546,5,10,150,68,0.15314106296495628
547,5,10,150,68,0.0
548,5,10,150,68,0.06942726819239371
549,5,10,150,68,0.0
550,5,10,150,68,0.13436217909546777
551,5,10,150,68,0.2643461705566835
552,5,10,150,68,0.0
553,5,10,150,68,0.20968084445285137
554,5,10,150,68,0.16600564593053876
555,5,10,150,68,0.0
556,5,10,150,68,0.12479271849103059
557,5,10,150,68,0.053894577262255466
558,5,10,150,68,0.05718685316335169
559,5,10,150,68,0.0734773909038217
560,5,10,150,68,0.24050284760456656
561,5,10,150,68,0.022306418104151092
562,5,10,150,68,0.034743705427429224
563,5,10,150,68,0.0
564,5,10,150,68,0.0
565,5,10,150,68,0.18568675205192314
566,5,10,150,68,0.13665387068436016
567,5,10,150,68,0.13463074517970205
568,5,10,150,68,0.057107346298225524
569,5,10,150,68,0.0336639187988199
570,5,10,150,68,0.0
571,5,10,150,68,0.0
572,5,10,150,68,0.058995070558427745
573,5,10,150,68,0.0
574,5,10,150,68,0.07616204594440379
575,5,10,150,68,0.056316753775798256
576,5,10,150,68,0.17342765698823945
577,5,10,150,68,0.22186862389759224
578,5,10,150,68,0.09818998961169394
579,5,10,150,68,0.0
580,5,10,150,68,0.21661076434387644
581,5,10,150,68,0.0
582,5,10,150,68,0.028361369701356044
583,5,10,150,68,0.08811076314737627
584,5,10,150,68,0.0
585,5,10,150,68,0.03272632263321488
586,5,10,150,68,0.09195192495929504
587,5,10,150,68,0.0
588,5,10,150,68,0.19986322535792533
589,5,10,150,68,0.0
590,5,10,150,68,0.18511573258657482
591,5,10,150,68,0.15758427078022966
592,5,10,150,68,0.25490593983127874
593,5,10,150,68,0.1847125373189141
594,5,10,150,68,0.0843142342558857
595,5,10,150,68,0.0
596,5,10,150,68,0.0
597,5,10,150,68,0.0
598,5,10,150,68,0.11752277470724268
599,5,10,150,68,0.16402353420682853
600,5,10,150,68,0.0
601,5,10,150,68,0.026557570376145638
602,5,10,150,68,0.0
603,5,10,150,68,0.06194403202282284
604,5,10,150,68,0.0
605,5,10,150,68,0.10589838376326657
606,5,10,150,68,0.2138150508755678
607,5,10,150,68,0.0
608,5,10,150,68,0.14688428242884272
609,5,10,150,68,0.11838279295536291
610,5,10,150,68,0.05781186855394371
611,5,10,150,68,0.03927158715985786
612,5,10,150,68,0.0
613,5,10,150,68,0.2049174583553662
614,5,10,150,68,0.13886244387355454
615,5,10,150,68,0.10251900332140326
616,5,10,150,68,0.09781579202094404
617,5,10,150,68,0.055659192768972764
618,5,10,150,68,0.13693830900397266
619,5,10,150,68,0.15406791387309057
620,5,10,150,68,0.1451323880538222
621,5,10,150,68,0.13589759152345549
622,5,10,150,68,0.10022910267662996
623,5,10,150,68,0.13369528351530374
624,5,10,150,68,0.019160322430058573
625,5,10,150,68,0.0
626,5,10,150,68,0.04690797720830594
627,5,10,150,68,0.04289205981312439
628,5,10,150,68,0.0
629,5,10,150,68,0.2013573326089747
630,5,10,150,68,0.12522204146604196
631,5,10,150,68,0.09240791929215005
632,5,10,150,68,0.3331495701314084
633,5,10,150,68,0.0455520698635181
634,5,10,150,68,0.023756977677906275
635,5,10,150,68,0.039407921945699885
636,5,10,150,68,0.0
637,5,10,150,68,0.0
638,5,10,150,68,0.15473934503245962
639,5,10,150,68,0.0
640,5,10,150,68,0.0637867864178444
641,5,10,150,68,0.03570665676503816
642,5,10,150,68,0.12255483332913546
643,5,10,150,68,0.15031592367651372
644,5,10,150,68,0.0
645,5,10,150,68,0.1856947245529553
646,5,10,150,68,0.0
647,5,10,150,68,0.03673869545191085
648,5,10,150,68,0.09771575737739631
649,5,10,150,68,0.0
650,5,10,150,68,0.10895410661873396
651,5,10,150,68,0.03443184397772452
652,5,10,150,68,0.0
653,5,10,150,68,0.046748603466385256
654,5,10,150,68,0.17020900230175445
655,5,10,150,68,0.26188448066300696
656,5,10,150,68,0.0
657,5,10,150,68,0.053845569940583225
658,5,10,150,68,0.0
659,5,10,150,68,0.07075240780563574
660,5,10,150,68,0.0
661,5,10,150,68,0.12705991527984942
662,5,10,150,68,0.0
663,5,10,150,68,0.07874514948204092
664,5,10,150,68,0.05391021349625259
665,5,10,150,68,0.0
666,5,10,150,68,0.07860744541237058
667,5,10,150,68,0.2676806947950803
668,5,10,150,68,0.0
669,5,10,150,68,0.2672968266839232
670,5,10,150,68,0.15539533467551025
671,5,10,150,68,0.17434206503696043
672,5,10,150,68,0.0
673,5,10,150,68,0.0
674,5,10,150,68,0.0
675,5,10,150,68,0.05010834716923557
676,5,10,150,68,0.0
677,5,10,150,68,0.03927489746221688
678,5,10,150,68,0.0
679,5,10,150,68,0.26970586372388394
680,5,10,150,68,0.2073612289146658
681,5,10,150,68,0.0
682,5,10,150,68,0.11159636830375297
683,5,10,150,68,0.06289349548893712
684,5,10,150,68,0.0
685,5,10,150,68,0.0
686,5,10,150,68,0.08962483220812449
687,5,10,150,68,0.0
688,5,10,150,68,0.0
689,5,10,150,68,0.32436268379537736
690,5,10,150,68,0.0
691,5,10,150,68,0.0
692,5,10,150,68,0.0
693,5,10,150,68,0.0
694,5,10,150,68,0.20269611984358588
695,5,10,150,68,0.0607039656753694
696,5,10,150,68,0.12935879342602336
697,5,10,150,68,0.06378035696304758
698,5,10,150,68,0.09499131598480672
699,5,10,150,68,0.0
700,5,10,150,68,0.16958010263680806
701,5,10,150,68,0.04129602134854855
702,5,10,150,68,0.0
703,5,10,150,68,0.03870447337439288
704,5,10,150,68,0.09986079379105446
705,5,10,150,68,0.18775788588526962
706,5,10,150,68,0.0
707,5,10,150,68,0.11204043240783193
708,5,10,150,68,0.06058075640309377
709,5,10,150,68,0.10371915894912967
710,5,10,150,68,0.05710411178654767
711,5,10,150,68,0.14431653919064127
712,5,10,150,68,0.12435918123916344
713,5,10,150,68,0.0
714,5,10,150,68,0.04195229264874745
715,5,10,150,68,0.07261309108674657
716,5,10,150,68,0.16368482452708355
717,5,10,150,68,0.18940567332300148
718,5,10,150,68,0.14061157344379913
719,5,10,150,68,0.16011399260274453
720,5,10,150,68,0.05261577455142312
721,5,10,150,68,0.16233113210833738
722,5,10,150,68,0.0
723,5,10,150,68,0.0
724,5,10,150,68,0.0
725,5,10,150,68,0.05750402108673013
726,5,10,150,68,0.2529427027676571
727,5,10,150,68,0.09508693684079567
728,5,10,150,68,0.0
729,5,10,150,68,0.0
730,5,10,150,68,0.0
731,5,10,150,68,0.04466441818602386
732,5,10,150,68,0.0
733,5,10,150,68,0.0
734,5,10,150,68,0.0655813061736612
735,5,10,150,68,0.0
736,5,10,150,68,0.0
737,5,10,150,68,0.16282663249631943
738,5,10,150,68,0.2632431729022225
739,5,10,150,68,0.0
740,5,10,150,68,0.0
741,5,10,150,68,0.10965210684801945
742,5,10,150,68,0.04553761034739079
743,5,10,150,68,0.0814476682319001
744,5,10,150,68,0.08878770367712427
745,5,10,150,68,0.3682049230943936
746,5,10,150,68,0.11450296808588954
747,5,10,150,68,0.36412619871728064
748,5,10,150,68,0.1946257849561795
749,5,10,150,68,0.13483614977900077
750,5,10,150,68,0.07219614103266732
751,5,10,150,68,0.08387405199623103
752,5,10,150,68,0.020210299806331135
753,5,10,150,68,0.15406810205846871
754,5,10,150,68,0.0
755,5,10,150,68,0.067228724047084
756,5,10,150,68,0.06970760198990748
757,5,10,150,68,0.06756111822138194
758,5,10,150,68,0.20899255485552834
759,5,10,150,68,0.038281751104512325
760,5,10,150,68,0.11447590313611888
761,5,10,150,68,0.03339755935325358
762,5,10,150,68,0.11568388634051256
763,5,10,150,68,0.20859185628046678
764,5,10,150,68,0.08207588022692468
765,5,10,150,68,0.0
766,5,10,150,68,0.050541549839211865
767,5,10,150,68,0.2073612289146658
768,5,10,150,68,0.07655078846581868
769,5,10,150,68,0.0
770,5,10,150,68,0.04692206785373726
771,5,10,150,68,0.19449231038235978
772,5,10,150,68,0.03353522641880846
773,5,10,150,68,0.08236155615232364
774,5,10,150,68,0.03909913400679112
775,5,10,150,68,0.0
776,5,10,150,68,0.12155614423940549
777,5,10,150,68,0.14445412169961394
778,5,10,150,68,0.024850109207689472
779,5,10,150,68,0.05878132199396477
780,5,10,150,68,0.07751937086606239
781,5,10,150,68,0.21898681539091044
782,5,10,150,68,0.012040348771202376
783,5,10,150,68,0.0
784,5,10,150,68,0.0
785,5,10,150,68,0.048159222084064895
786,5,10,150,68,0.13370327844286975
787,5,10,150,68,0.0683037314796457
788,5,10,150,68,0.16826263421294776
789,5,10,150,68,0.059109628562248356
790,5,10,150,68,0.06303650325425492
791,5,10,150,68,0.0
792,5,10,150,68,0.0
793,5,10,150,68,0.0
794,5,10,150,68,0.22201254783236782
795,5,10,150,68,0.09354596657002175
796,5,10,150,68,0.3519885177072772
797,5,10,150,68,0.09030583455080088
798,5,10,150,68,0.1037076751753728
799,5,10,150,68,0.0
800,5,10,150,68,0.0
801,5,10,150,68,0.03096677356901516
802,5,10,150,68,0.030863419558816
803,5,10,150,68,0.0
804,5,10,150,68,0.16400537360860154
805,5,10,150,68,0.11475998811923735
806,5,10,150,68,0.13891238635540284
807,5,10,150,68,0.20864904855624272
808,5,10,150,68,0.040655755922716606
809,5,10,150,68,0.07484323939884738
810,5,10,150,68,0.0
811,5,10,150,68,0.05062543788674174
812,5,10,150,68,0.0
813,5,10,150,68,0.17367331957930765
814,5,10,150,68,0.09144287629100999
815,5,10,150,68,0.2330761796714213
816,5,10,150,68,0.08005612702969578
817,5,10,150,68,0.0
818,5,10,150,68,0.0
819,5,10,150,68,0.15575997463127336
820,5,10,150,68,0.041641441310299704
821,5,10,150,68,0.19220292042320755
822,5,10,150,68,0.03902876023380719
823,5,10,150,68,0.29950574936378116
824,5,10,150,68,0.0
825,5,10,150,68,0.09224743688771847
826,5,10,150,68,0.0956022175683246
827,5,10,150,68,0.0
828,5,10,150,68,0.07244745602732354
829,5,10,150,68,0.1633399391391799
830,5,10,150,68,0.10053254151308513
831,5,10,150,68,0.22386873883314284
832,5,10,150,68,0.041355644490859725
833,5,10,150,68,0.13884564137213914
834,5,10,150,68,0.020919434760060668
835,5,10,150,68,0.0959744927865849
836,5,10,150,68,0.10882945376944808
837,5,10,150,68,0.0
838,5,10,150,68,0.14570435926304814
839,5,10,150,68,0.05646784228340616
840,5,10,150,68,0.29062241474645084
841,5,10,150,68,0.0
842,5,10,150,68,0.03314153504336938
843,5,10,150,68,0.09832333395204756
844,5,10,150,68,0.14767302746812566
845,5,10,150,68,0.0
846,5,10,150,68,0.295241203804494
847,5,10,150,68,0.0
848,5,10,150,68,0.10705139015615106
849,5,10,150,68,0.15604292430850014
850,5,10,150,68,0.22524778298991205
851,5,10,150,68,0.27386319678941556
852,5,10,150,68,0.0
853,5,10,150,68,0.0
854,5,10,150,68,0.15819123276220548
855,5,10,150,68,0.0
856,5,10,150,68,0.0628634487195275
857,5,10,150,68,0.0
858,5,10,150,68,0.0
859,5,10,150,68,0.0
860,5,10,150,68,0.01655521147192675
861,5,10,150,68,0.12001290632387755
862,5,10,150,68,0.20849893465530195
863,5,10,150,68,0.026959364281762176
864,5,10,150,68,0.28152035180259044
865,5,10,150,68,0.015797522321751672
866,5,10,150,68,0.12374681498530773
867,5,10,150,68,0.2892878184841682
868,5,10,150,68,0.12947504610397903
869,5,10,150,68,0.09414478450656023
870,5,10,150,68,0.10715829283685008
871,5,10,150,68,0.23335170418377482
872,5,10,150,68,0.03050926163237471
873,5,10,150,68,0.0
874,5,10,150,68,0.06575393297476358
875,5,10,150,68,0.23549131868893233
876,5,10,150,68,0.0
877,5,10,150,68,0.03487978243545732
878,5,10,150,68,0.05332413192391724
879,5,10,150,68,0.07180913162424091
880,5,10,150,68,0.326221161048305
881,5,10,150,68,0.2943289367734451
882,5,10,150,68,0.2909255201385387
883,5,10,150,68,0.36893937974036295
884,5,10,150,68,0.028767091820622218
885,5,10,150,68,0.10709607345972089
886,5,10,150,68,0.17369167994093251
887,5,10,150,68,0.16870326679171133
888,5,10,150,68,0.0
889,5,10,150,68,0.23892222959753495
890,5,10,150,68,0.3092354590022605
891,5,10,150,68,0.09013275514532934
892,5,10,150,68,0.4182561899341061
893,5,10,150,68,0.05014695371369417
894,5,10,150,68,0.2086504678412377
895,5,10,150,68,0.0
896,5,10,150,68,0.3559942788684939
897,5,10,150,68,0.24904163307116572
898,5,10,150,68,0.0
899,5,10,150,68,0.16058660142467368
900,5,10,150,68,0.09313286019574611
901,5,10,150,68,0.24174310579734684
902,5,10,150,68,0.025255271126572616
903,5,10,150,68,0.35337794789921506
904,5,10,150,68,0.0
905,5,10,150,68,0.08773956418811966
906,5,10,150,68,0.021126375389061768
907,5,10,150,68,0.22504508583666757
908,5,10,150,68,0.20640898076180436
909,5,10,150,68,0.0
910,5,10,150,68,0.14111581018360284
911,5,10,150,68,0.07221694898330532
912,5,10,150,68,0.17292384468805336
913,5,10,150,68,0.1827831437708226
914,5,10,150,68,0.0
915,5,10,150,68,0.0
916,5,10,150,68,0.20417472815462565
917,5,10,150,68,0.019845431127916993
918,5,10,150,68,0.0253533085437572
919,5,10,150,68,0.12395876376438549
920,5,10,150,68,0.26814570941777965
921,5,10,150,68,0.02477447378142753
922,5,10,150,68,0.1298564531581161
923,5,10,150,68,0.053605537438321305
924,5,10,150,68,0.11819634191622581
925,5,10,150,68,0.08576373115156254
926,5,10,150,68,0.18690891198435525
927,5,10,150,68,0.11881595830805637
928,5,10,150,68,0.2047606321191804
929,5,10,150,68,0.11107244313646446
930,5,10,150,68,0.12668740771092546
931,5,10,150,68,0.059539365700728666
932,5,10,150,68,0.3631098192430072
933,5,10,150,68,0.06167049207443886
934,5,10,150,68,0.2387601464860712
935,5,10,150,68,0.043888403129016776
936,5,10,150,68,0.11288852889000467
937,5,10,150,68,0.09560624946230661
938,5,10,150,68,0.08886677567960172
939,5,10,150,68,0.05231692143384187
940,5,10,150,68,0.09469359068019315
941,5,10,150,68,0.19937616723755375
942,5,10,150,68,0.15189892875816283
943,5,10,150,68,0.1714667312951446
1,5,10,150,69,0.4058715898896693
2,5,10,150,69,0.14433828292945616
3,5,10,150,69,0.08759200575528697
4,5,10,150,69,0.0
5,5,10,150,69,0.04470486007704452
6,5,10,150,69,0.04187254809446048
7,5,10,150,69,0.22836484467160698
8,5,10,150,69,0.0
9,5,10,150,69,0.0
10,5,10,150,69,0.3005733545514552
11,5,10,150,69,0.03947525607388688
12,5,10,150,69,0.14632177291384774
13,5,10,150,69,0.24256092752724764
14,5,10,150,69,0.18795160328752808
15,5,10,150,69,0.0
16,5,10,150,69,0.19107502160562695
17,5,10,150,69,0.0
18,5,10,150,69,0.17872418048185143
19,5,10,150,69,0.0
20,5,10,150,69,0.13743816645714543
21,5,10,150,69,0.17643857112498312
22,5,10,150,69,0.040815803121742565
23,5,10,150,69,0.10387012192613786
24,5,10,150,69,0.08835266840320231
25,5,10,150,69,0.23940867474021393
26,5,10,150,69,0.0
27,5,10,150,69,0.0
28,5,10,150,69,0.052106753859569234
30,5,10,150,69,0.08133484538841967
31,5,10,150,69,0.11164668500969883
32,5,10,150,69,0.19519002499605084
33,5,10,150,69,0.0
34,5,10,150,69,0.0
35,5,10,150,69,0.0
37,5,10,150,69,0.08177471774917201
38,5,10,150,69,0.0
39,5,10,150,69,0.0
40,5,10,150,69,0.0
41,5,10,150,69,0.06835476917178976
42,5,10,150,69,0.08850778826764391
43,5,10,150,69,0.0
44,5,10,150,69,0.29540493557662006
45,5,10,150,69,0.0
46,5,10,150,69,0.0
47,5,10,150,69,0.0
48,5,10,150,69,0.07028063830038406
49,5,10,150,69,0.05432573058142762
52,5,10,150,69,0.06369098129632131
53,5,10,150,69,0.0
54,5,10,150,69,0.0
55,5,10,150,69,0.0
56,5,10,150,69,0.11781210270929884
57,5,10,150,69,0.1318392860374695
58,5,10,150,69,0.40256699612340546
59,5,10,150,69,0.19233148606048747
60,5,10,150,69,0.1076743759411119
61,5,10,150,69,0.0
62,5,10,150,69,0.09586820699422145
63,5,10,150,69,0.0
64,5,10,150,69,0.07635718686081962
65,5,10,150,69,0.2342550150352983
66,5,10,150,69,0.06636133566432367
67,5,10,150,69,0.0
68,5,10,150,69,0.0
69,5,10,150,69,0.0
70,5,10,150,69,0.0
71,5,10,150,69,0.20758456043036028
72,5,10,150,69,0.10990826949013655
73,5,10,150,69,0.10052888926242022
74,5,10,150,69,0.0
75,5,10,150,69,0.0
76,5,10,150,69,0.10633668103022985
77,5,10,150,69,0.14247142730086715
78,5,10,150,69,0.0
79,5,10,150,69,0.07821312100379274
80,5,10,150,69,0.0
81,5,10,150,69,0.08878770367712427
82,5,10,150,69,0.03187578878809277
83,5,10,150,69,0.07414861528507455
84,5,10,150,69,0.07550980911390262
85,5,10,150,69,0.04734112273659951
86,5,10,150,69,0.0
87,5,10,150,69,0.16641625059082407
88,5,10,150,69,0.18920035951687003
89,5,10,150,69,0.0
90,5,10,150,69,0.19659652872125194
91,5,10,150,69,0.0
92,5,10,150,69,0.03369782041898502
93,5,10,150,69,0.0
94,5,10,150,69,0.12253429761719764
95,5,10,150,69,0.07849567312219397
96,5,10,150,69,0.06482168843084862
97,5,10,150,69,0.0
98,5,10,150,69,0.0
99,5,10,150,69,0.13337585439143895
100,5,10,150,69,0.0
101,5,10,150,69,0.0
102,5,10,150,69,0.0
103,5,10,150,69,0.0
104,5,10,150,69,0.33958467175585033
105,5,10,150,69,0.0
106,5,10,150,69,0.06516188295518531
107,5,10,150,69,0.0
109,5,10,150,69,0.16563719724029594
110,5,10,150,69,0.03203603672019056
111,5,10,150,69,0.0
112,5,10,150,69,0.07807600999842033
113,5,10,150,69,0.0
114,5,10,150,69,0.08274602130532002
115,5,10,150,69,0.04001677477281075
116,5,10,150,69,0.0
117,5,10,150,69,0.0
118,5,10,150,69,0.2265416449833316
119,5,10,150,69,0.05891155956989184
120,5,10,150,69,0.0
121,5,10,150,69,0.13032376591037062
122,5,10,150,69,0.0
123,5,10,150,69,0.13720340769293682
124,5,10,150,69,0.0
125,5,10,150,69,0.05446333035917803
126,5,10,150,69,0.0
128,5,10,150,69,0.0
129,5,10,150,69,0.0
130,5,10,150,69,0.17195079996346713
131,5,10,150,69,0.0
132,5,10,150,69,0.0
133,5,10,150,69,0.0
134,5,10,150,69,0.0
135,5,10,150,69,0.0
136,5,10,150,69,0.0
137,5,10,150,69,0.1137075481082292
138,5,10,150,69,0.0976168253917686
139,5,10,150,69,0.10466868931043802
140,5,10,150,69,0.0
141,5,10,150,69,0.04733244938590725
142,5,10,150,69,0.0
143,5,10,150,69,0.0
144,5,10,150,69,0.0
145,5,10,150,69,0.17597149971119974
146,5,10,150,69,0.0
147,5,10,150,69,0.1033846481249528
148,5,10,150,69,0.19860821180640417
149,5,10,150,69,0.0
150,5,10,150,69,0.2640681225725909
151,5,10,150,69,0.1026571794225922
152,5,10,150,69,0.0
153,5,10,150,69,0.0
154,5,10,150,69,0.06416923277158361
155,5,10,150,69,0.0
156,5,10,150,69,0.0
157,5,10,150,69,0.0
158,5,10,150,69,0.13830208502611357
159,5,10,150,69,0.23138144801632507
160,5,10,150,69,0.20441309786906653
161,5,10,150,69,0.0
162,5,10,150,69,0.0
163,5,10,150,69,0.0
164,5,10,150,69,0.0
165,5,10,150,69,0.0
167,5,10,150,69,0.05319635904163211
168,5,10,150,69,0.0
169,5,10,150,69,0.0
170,5,10,150,69,0.0
171,5,10,150,69,0.0
173,5,10,150,69,0.0
174,5,10,150,69,0.09841425610124989
175,5,10,150,69,0.21517910082405575
176,5,10,150,69,0.06289692884934815
177,5,10,150,69,0.38113435412202
178,5,10,150,69,0.12597398707460816
179,5,10,150,69,0.09149012142095872
180,5,10,150,69,0.06228974831361337
181,5,10,150,69,0.11680461119565375
182,5,10,150,69,0.0
183,5,10,150,69,0.15101961822780524
184,5,10,150,69,0.0
185,5,10,150,69,0.0
186,5,10,150,69,0.04633132539002164
187,5,10,150,69,0.0
188,5,10,150,69,0.12925733948536566
189,5,10,150,69,0.18890011590178235
190,5,10,150,69,0.0
192,5,10,150,69,0.123151194370365
193,5,10,150,69,0.0
194,5,10,150,69,0.11343156218083877
195,5,10,150,69,0.11787667935667444
196,5,10,150,69,0.0
197,5,10,150,69,0.09546043308946733
198,5,10,150,69,0.0
199,5,10,150,69,0.0
200,5,10,150,69,0.09785159463516042
201,5,10,150,69,0.0
202,5,10,150,69,0.10466868931043802
203,5,10,150,69,0.0
204,5,10,150,69,0.19519002499605084
205,5,10,150,69,0.0
206,5,10,150,69,0.0
207,5,10,150,69,0.07517955939765397
208,5,10,150,69,0.0
209,5,10,150,69,0.0
210,5,10,150,69,0.2167516193508568
211,5,10,150,69,0.0
213,5,10,150,69,0.15669163589836543
214,5,10,150,69,0.0
216,5,10,150,69,0.23813231172447274
217,5,10,150,69,0.0
218,5,10,150,69,0.0
219,5,10,150,69,0.0
221,5,10,150,69,0.0
222,5,10,150,69,0.1050995674008573
223,5,10,150,69,0.0
224,5,10,150,69,0.0
225,5,10,150,69,0.09077089626867633
226,5,10,150,69,0.19092086617893467
227,5,10,150,69,0.0
228,5,10,150,69,0.0
229,5,10,150,69,0.0
230,5,10,150,69,0.12683081539850163
231,5,10,150,69,0.0
232,5,10,150,69,0.03962341267285813
233,5,10,150,69,0.3062523178880809
234,5,10,150,69,0.09887660119080527
235,5,10,150,69,0.06692738060277027
236,5,10,150,69,0.0
237,5,10,150,69,0.19342640361727081
238,5,10,150,69,0.0
239,5,10,150,69,0.06912040963822193
240,5,10,150,69,0.12495636102304827
241,5,10,150,69,0.0
242,5,10,150,69,0.0
243,5,10,150,69,0.0
244,5,10,150,69,0.049712302565054066
245,5,10,150,69,0.0
246,5,10,150,69,0.0561326498270945
247,5,10,150,69,0.09472348220010487
248,5,10,150,69,0.09472348220010487
249,5,10,150,69,0.09798874944313594
250,5,10,150,69,0.0
251,5,10,150,69,0.13032376591037062
252,5,10,150,69,0.20184908658209985
253,5,10,150,69,0.1084812001944431
254,5,10,150,69,0.08514311764162098
255,5,10,150,69,0.0
256,5,10,150,69,0.07107087490719705
257,5,10,150,69,0.07984133538066794
258,5,10,150,69,0.10144063749941859
259,5,10,150,69,0.1239740444869306
260,5,10,150,69,0.0
261,5,10,150,69,0.0
262,5,10,150,69,0.0
263,5,10,150,69,0.0956366800683804
264,5,10,150,69,0.050433735583135575
265,5,10,150,69,0.0
266,5,10,150,69,0.0
267,5,10,150,69,0.17168372277322866
268,5,10,150,69,0.049712302565054066
269,5,10,150,69,0.052962244777770985
270,5,10,150,69,0.041641441310299704
271,5,10,150,69,0.13010624216828925
272,5,10,150,69,0.1702293778633033
273,5,10,150,69,0.0
274,5,10,150,69,0.0
275,5,10,150,69,0.0
276,5,10,150,69,0.15875999922826586
277,5,10,150,69,0.0
278,5,10,150,69,0.1631512196835108
279,5,10,150,69,0.16020377431691654
280,5,10,150,69,0.16417286747746287
281,5,10,150,69,0.0
282,5,10,150,69,0.0
283,5,10,150,69,0.07028063830038406
284,5,10,150,69,0.0
285,5,10,150,69,0.0
286,5,10,150,69,0.09991246976864687
287,5,10,150,69,0.0
288,5,10,150,69,0.0859574327152926
289,5,10,150,69,0.16903020543979225
290,5,10,150,69,0.07834851647149511
291,5,10,150,69,0.07828167840727236
292,5,10,150,69,0.04224853374256244
293,5,10,150,69,0.09565771930304079
294,5,10,150,69,0.0
295,5,10,150,69,0.2603201838311303
296,5,10,150,69,0.16311450371373762
297,5,10,150,69,0.0
298,5,10,150,69,0.16915623549474385
299,5,10,150,69,0.0
300,5,10,150,69,0.0
301,5,10,150,69,0.06460801587741544
302,5,10,150,69,0.09224219235917257
303,5,10,150,69,0.07354269615643778
304,5,10,150,69,0.0
305,5,10,150,69,0.11349000778741654
306,5,10,150,69,0.0
307,5,10,150,69,0.10778915452451093
308,5,10,150,69,0.13490077762666258
310,5,10,150,69,0.0
311,5,10,150,69,0.13301422444853
312,5,10,150,69,0.1819616199123543
313,5,10,150,69,0.11270402374049442
314,5,10,150,69,0.16600564593053876
315,5,10,150,69,0.037110354711564805
316,5,10,150,69,0.0
317,5,10,150,69,0.0
318,5,10,150,69,0.1642688369468948
319,5,10,150,69,0.0
320,5,10,150,69,0.13927874459665815
321,5,10,150,69,0.0
322,5,10,150,69,0.0
323,5,10,150,69,0.1610425878239398
324,5,10,150,69,0.0
325,5,10,150,69,0.09092803061897883
326,5,10,150,69,0.027288805847552652
327,5,10,150,69,0.025410386140327024
328,5,10,150,69,0.09206364236149692
329,5,10,150,69,0.0
330,5,10,150,69,0.1313681680695099
331,5,10,150,69,0.0
332,5,10,150,69,0.09320485889859448
334,5,10,150,69,0.02249061179923914
335,5,10,150,69,0.0
336,5,10,150,69,0.0780824078938463
337,5,10,150,69,0.0
338,5,10,150,69,0.07132875491150918
339,5,10,150,69,0.20908777063504488
340,5,10,150,69,0.0
341,5,10,150,69,0.0
342,5,10,150,69,0.3608742720986609
343,5,10,150,69,0.09229649639444802
344,5,10,150,69,0.1202034973803211
345,5,10,150,69,0.18015355216717013
346,5,10,150,69,0.04366879852493834
347,5,10,150,69,0.22280620320442554
348,5,10,150,69,0.0
349,5,10,150,69,0.0
350,5,10,150,69,0.058087171966128066
351,5,10,150,69,0.07977344912567227
352,5,10,150,69,0.1903601622684853
353,5,10,150,69,0.14434031438272124
354,5,10,150,69,0.06335619058732639
355,5,10,150,69,0.0
356,5,10,150,69,0.0
357,5,10,150,69,0.0
358,5,10,150,69,0.06364028872631156
359,5,10,150,69,0.3010299956639812
360,5,10,150,69,0.12982031659526816
361,5,10,150,69,0.09478836436955078
362,5,10,150,69,0.0
363,5,10,150,69,0.24101654828754165
364,5,10,150,69,0.0
365,5,10,150,69,0.0
366,5,10,150,69,0.0
367,5,10,150,69,0.06369098129632131
368,5,10,150,69,0.0
369,5,10,150,69,0.0
370,5,10,150,69,0.0
371,5,10,150,69,0.19950301641376814
372,5,10,150,69,0.15130120674940672
373,5,10,150,69,0.22842722979011518
374,5,10,150,69,0.07472550252128253
375,5,10,150,69,0.0
376,5,10,150,69,0.0
377,5,10,150,69,0.0
378,5,10,150,69,0.13635638482251203
379,5,10,150,69,0.08433239722469389
380,5,10,150,69,0.0
381,5,10,150,69,0.0
382,5,10,150,69,0.09952375175972906
383,5,10,150,69,0.15042011455175697
384,5,10,150,69,0.0
385,5,10,150,69,0.0
386,5,10,150,69,0.0
387,5,10,150,69,0.08586571489348302
388,5,10,150,69,0.05789711601244791
389,5,10,150,69,0.09284203700798714
390,5,10,150,69,0.0
391,5,10,150,69,0.11245246430543061
392,5,10,150,69,0.1484702586346916
393,5,10,150,69,0.17201528718620057
394,5,10,150,69,0.16570616085215287
395,5,10,150,69,0.0
396,5,10,150,69,0.0
397,5,10,150,69,0.11004588314904008
398,5,10,150,69,0.28368572779044043
399,5,10,150,69,0.026175882249243814
400,5,10,150,69,0.0
401,5,10,150,69,0.02839245759615368
402,5,10,150,69,0.0
403,5,10,150,69,0.2529427027676571
404,5,10,150,69,0.0
405,5,10,150,69,0.031222886755882175
406,5,10,150,69,0.06360190926466157
407,5,10,150,69,0.09046795885890169
408,5,10,150,69,0.09983719697789138
409,5,10,150,69,0.05800611307095368
410,5,10,150,69,0.0
411,5,10,150,69,0.17342765698823945
412,5,10,150,69,0.0
413,5,10,150,69,0.0
414,5,10,150,69,0.21398626473452756
415,5,10,150,69,0.0
416,5,10,150,69,0.15805943220204186
417,5,10,150,69,0.11088189053445036
419,5,10,150,69,0.3536251441097701
420,5,10,150,69,0.05478392673173268
421,5,10,150,69,0.04264945290455212
422,5,10,150,69,0.0
423,5,10,150,69,0.13523051443907988
424,5,10,150,69,0.07873540057438519
425,5,10,150,69,0.22790846302569912
426,5,10,150,69,0.13571943816109763
427,5,10,150,69,0.0
428,5,10,150,69,0.0
429,5,10,150,69,0.14041959417088476
430,5,10,150,69,0.1261446714466394
431,5,10,150,69,0.0
432,5,10,150,69,0.049369952841505485
433,5,10,150,69,0.0
434,5,10,150,69,0.3903800499921017
435,5,10,150,69,0.11347000084585261
436,5,10,150,69,0.08868088264964148
437,5,10,150,69,0.22972973128433707
438,5,10,150,69,0.0
439,5,10,150,69,0.0
440,5,10,150,69,0.06175696970122604
441,5,10,150,69,0.0
442,5,10,150,69,0.0
443,5,10,150,69,0.0
445,5,10,150,69,0.0
446,5,10,150,69,0.0
447,5,10,150,69,0.2726897692124621
448,5,10,150,69,0.0
449,5,10,150,69,0.07784399437297408
450,5,10,150,69,0.22640083277136241
451,5,10,150,69,0.0
452,5,10,150,69,0.09745239327240693
453,5,10,150,69,0.029956785715628154
454,5,10,150,69,0.07998109630822593
455,5,10,150,69,0.06727503205803352
456,5,10,150,69,0.07758828619721583
457,5,10,150,69,0.29418445531213994
458,5,10,150,69,0.04507276838148142
459,5,10,150,69,0.0
460,5,10,150,69,0.0
461,5,10,150,69,0.0
462,5,10,150,69,0.0
463,5,10,150,69,0.026903388345470878
464,5,10,150,69,0.0
465,5,10,150,69,0.0
466,5,10,150,69,0.03947525607388688
467,5,10,150,69,0.1436337620239326
468,5,10,150,69,0.25116683884278784
469,5,10,150,69,0.057417722536754784
470,5,10,150,69,0.0
471,5,10,150,69,0.0
472,5,10,150,69,0.14903271548086697
473,5,10,150,69,0.08754031530847717
474,5,10,150,69,0.34897204770080337
475,5,10,150,69,0.06516188295518531
476,5,10,150,69,0.0
477,5,10,150,69,0.055100238151135045
478,5,10,150,69,0.23782833255689273
479,5,10,150,69,0.07834096783470737
480,5,10,150,69,0.21398626473452756
481,5,10,150,69,0.13863671367752411
482,5,10,150,69,0.0
483,5,10,150,69,0.06912040963822193
484,5,10,150,69,0.09353062527112192
485,5,10,150,69,0.0
486,5,10,150,69,0.10311241692162332
487,5,10,150,69,0.2215000938796789
488,5,10,150,69,0.0
489,5,10,150,69,0.0
490,5,10,150,69,0.0
491,5,10,150,69,0.19092086617893467
492,5,10,150,69,0.12471554514794539
493,5,10,150,69,0.0332568859495131
494,5,10,150,69,0.07461492443139366
495,5,10,150,69,0.11868174655260626
496,5,10,150,69,0.05459112561892713
497,5,10,150,69,0.04285286422081118
498,5,10,150,69,0.03855307727568851
499,5,10,150,69,0.1912282106369008
500,5,10,150,69,0.05011951520627559
501,5,10,150,69,0.0
502,5,10,150,69,0.06364028872631156
503,5,10,150,69,0.25450081629313537
504,5,10,150,69,0.0
505,5,10,150,69,0.0
506,5,10,150,69,0.13939295695713902
507,5,10,150,69,0.0
508,5,10,150,69,0.0
509,5,10,150,69,0.06474271459046577
510,5,10,150,69,0.0
511,5,10,150,69,0.0
512,5,10,150,69,0.18316925091363362
513,5,10,150,69,0.0461651444771445
514,5,10,150,69,0.10595566933616397
515,5,10,150,69,0.0
516,5,10,150,69,0.13768197790533618
517,5,10,150,69,0.042259191411409554
518,5,10,150,69,0.0
519,5,10,150,69,0.038800293177871176
520,5,10,150,69,0.0
521,5,10,150,69,0.0
522,5,10,150,69,0.0
523,5,10,150,69,0.0316088333445714
524,5,10,150,69,0.10258209047527363
525,5,10,150,69,0.0
526,5,10,150,69,0.09048134504343133
527,5,10,150,69,0.14943863047793596
528,5,10,150,69,0.14110144150616766
529,5,10,150,69,0.10471139591065548
530,5,10,150,69,0.0
531,5,10,150,69,0.0
532,5,10,150,69,0.04774713204658456
533,5,10,150,69,0.140097006072795
534,5,10,150,69,0.07450923581469894
535,5,10,150,69,0.2871959083713276
536,5,10,150,69,0.27314750625223144
537,5,10,150,69,0.4372006531289622
538,5,10,150,69,0.0
539,5,10,150,69,0.1560067947598593
540,5,10,150,69,0.0
541,5,10,150,69,0.1448454408452497
542,5,10,150,69,0.12627825946936164
543,5,10,150,69,0.03509626319517156
544,5,10,150,69,0.07631352592005593
545,5,10,150,69,0.052962244777770985
546,5,10,150,69,0.15314106296495628
547,5,10,150,69,0.0
548,5,10,150,69,0.06942726819239371
549,5,10,150,69,0.0
550,5,10,150,69,0.13436217909546777
551,5,10,150,69,0.2643461705566835
552,5,10,150,69,0.0
553,5,10,150,69,0.20968084445285137
554,5,10,150,69,0.16600564593053876
555,5,10,150,69,0.0
556,5,10,150,69,0.12479271849103059
557,5,10,150,69,0.053894577262255466
558,5,10,150,69,0.05718685316335169
559,5,10,150,69,0.0734773909038217
560,5,10,150,69,0.24050284760456656
561,5,10,150,69,0.022306418104151092
562,5,10,150,69,0.034743705427429224
563,5,10,150,69,0.0
564,5,10,150,69,0.0
565,5,10,150,69,0.18568675205192314
566,5,10,150,69,0.13665387068436016
567,5,10,150,69,0.15284013140891303
568,5,10,150,69,0.057107346298225524
569,5,10,150,69,0.0336639187988199
570,5,10,150,69,0.0
571,5,10,150,69,0.0
572,5,10,150,69,0.058995070558427745
573,5,10,150,69,0.035908240113829995
574,5,10,150,69,0.07616204594440379
575,5,10,150,69,0.056316753775798256
576,5,10,150,69,0.17342765698823945
577,5,10,150,69,0.22186862389759224
578,5,10,150,69,0.09818998961169394
579,5,10,150,69,0.0
580,5,10,150,69,0.21661076434387644
581,5,10,150,69,0.0
582,5,10,150,69,0.028361369701356044
583,5,10,150,69,0.08811076314737627
584,5,10,150,69,0.0
585,5,10,150,69,0.03272632263321488
586,5,10,150,69,0.09195192495929504
587,5,10,150,69,0.0
588,5,10,150,69,0.19986322535792533
589,5,10,150,69,0.0
590,5,10,150,69,0.18511573258657482
591,5,10,150,69,0.15758427078022966
592,5,10,150,69,0.2523237999634773
593,5,10,150,69,0.1847125373189141
594,5,10,150,69,0.0843142342558857
595,5,10,150,69,0.0
596,5,10,150,69,0.0
597,5,10,150,69,0.0
598,5,10,150,69,0.11752277470724268
599,5,10,150,69,0.16402353420682853
600,5,10,150,69,0.0
601,5,10,150,69,0.026557570376145638
602,5,10,150,69,0.0
603,5,10,150,69,0.06194403202282284
604,5,10,150,69,0.0
605,5,10,150,69,0.10589838376326657
606,5,10,150,69,0.2138150508755678
607,5,10,150,69,0.0
608,5,10,150,69,0.14688428242884272
609,5,10,150,69,0.11838279295536291
610,5,10,150,69,0.05781186855394371
611,5,10,150,69,0.03927158715985786
612,5,10,150,69,0.0
613,5,10,150,69,0.2049174583553662
614,5,10,150,69,0.13886244387355454
615,5,10,150,69,0.10251900332140326
616,5,10,150,69,0.09781579202094404
617,5,10,150,69,0.055659192768972764
618,5,10,150,69,0.13693830900397266
619,5,10,150,69,0.15406791387309057
620,5,10,150,69,0.1451323880538222
621,5,10,150,69,0.13589759152345549
622,5,10,150,69,0.10022910267662996
623,5,10,150,69,0.13369528351530374
624,5,10,150,69,0.019160322430058573
625,5,10,150,69,0.0
626,5,10,150,69,0.04690797720830594
627,5,10,150,69,0.04289205981312439
628,5,10,150,69,0.0
629,5,10,150,69,0.2013573326089747
630,5,10,150,69,0.12522204146604196
631,5,10,150,69,0.09240791929215005
632,5,10,150,69,0.3331495701314084
633,5,10,150,69,0.0455520698635181
634,5,10,150,69,0.023756977677906275
635,5,10,150,69,0.039407921945699885
636,5,10,150,69,0.0
637,5,10,150,69,0.0
638,5,10,150,69,0.15473934503245962
639,5,10,150,69,0.0
640,5,10,150,69,0.0637867864178444
641,5,10,150,69,0.03570665676503816
642,5,10,150,69,0.12131338041775812
643,5,10,150,69,0.15031592367651372
644,5,10,150,69,0.0
645,5,10,150,69,0.1856947245529553
646,5,10,150,69,0.0
647,5,10,150,69,0.03673869545191085
648,5,10,150,69,0.09771575737739631
649,5,10,150,69,0.0
650,5,10,150,69,0.10785042601149847
651,5,10,150,69,0.03443184397772452
652,5,10,150,69,0.0
653,5,10,150,69,0.04627505062232642
654,5,10,150,69,0.17020900230175445
655,5,10,150,69,0.25923164974535157
656,5,10,150,69,0.0
657,5,10,150,69,0.053845569940583225
658,5,10,150,69,0.0
659,5,10,150,69,0.07075240780563574
660,5,10,150,69,0.01156377453296346
661,5,10,150,69,0.12705991527984942
662,5,10,150,69,0.0
663,5,10,150,69,0.07874514948204092
664,5,10,150,69,0.05391021349625259
665,5,10,150,69,0.0
666,5,10,150,69,0.07860744541237058
667,5,10,150,69,0.2676806947950803
668,5,10,150,69,0.0
669,5,10,150,69,0.2672968266839232
670,5,10,150,69,0.15539533467551025
671,5,10,150,69,0.17434206503696043
672,5,10,150,69,0.0
673,5,10,150,69,0.0
674,5,10,150,69,0.0
675,5,10,150,69,0.05010834716923557
676,5,10,150,69,0.0
677,5,10,150,69,0.03927489746221688
678,5,10,150,69,0.0
679,5,10,150,69,0.26970586372388394
680,5,10,150,69,0.2073612289146658
681,5,10,150,69,0.0
682,5,10,150,69,0.11046592217962695
683,5,10,150,69,0.06289349548893712
684,5,10,150,69,0.0
685,5,10,150,69,0.0
686,5,10,150,69,0.08962483220812449
687,5,10,150,69,0.0
688,5,10,150,69,0.0
689,5,10,150,69,0.32436268379537736
690,5,10,150,69,0.0
691,5,10,150,69,0.0
692,5,10,150,69,0.0
693,5,10,150,69,0.0
694,5,10,150,69,0.20269611984358588
695,5,10,150,69,0.0607039656753694
696,5,10,150,69,0.12935879342602336
697,5,10,150,69,0.06378035696304758
698,5,10,150,69,0.09499131598480672
699,5,10,150,69,0.0
700,5,10,150,69,0.16958010263680806
701,5,10,150,69,0.04129602134854855
702,5,10,150,69,0.0
703,5,10,150,69,0.03870447337439288
704,5,10,150,69,0.09986079379105446
705,5,10,150,69,0.18775788588526962
706,5,10,150,69,0.0
707,5,10,150,69,0.11204043240783193
708,5,10,150,69,0.06058075640309377
709,5,10,150,69,0.10371915894912967
710,5,10,150,69,0.05710411178654767
711,5,10,150,69,0.14431653919064127
712,5,10,150,69,0.12435918123916344
713,5,10,150,69,0.0
714,5,10,150,69,0.04195229264874745
715,5,10,150,69,0.07261309108674657
716,5,10,150,69,0.16202673405086626
717,5,10,150,69,0.18940567332300148
718,5,10,150,69,0.14061157344379913
719,5,10,150,69,0.16011399260274453
720,5,10,150,69,0.05261577455142312
721,5,10,150,69,0.16233113210833738
722,5,10,150,69,0.0
723,5,10,150,69,0.0
724,5,10,150,69,0.0
725,5,10,150,69,0.05750402108673013
726,5,10,150,69,0.2529427027676571
727,5,10,150,69,0.09412372754607995
728,5,10,150,69,0.0
729,5,10,150,69,0.0
730,5,10,150,69,0.0
731,5,10,150,69,0.04466441818602386
732,5,10,150,69,0.0
733,5,10,150,69,0.0
734,5,10,150,69,0.0655813061736612
735,5,10,150,69,0.0
736,5,10,150,69,0.0
737,5,10,150,69,0.16282663249631943
738,5,10,150,69,0.2632431729022225
739,5,10,150,69,0.0
740,5,10,150,69,0.0
741,5,10,150,69,0.10965210684801945
742,5,10,150,69,0.04553761034739079
743,5,10,150,69,0.0814476682319001
744,5,10,150,69,0.08878770367712427
745,5,10,150,69,0.3682049230943936
746,5,10,150,69,0.11450296808588954
747,5,10,150,69,0.36043768217960714
748,5,10,150,69,0.1946257849561795
749,5,10,150,69,0.13347028989281823
750,5,10,150,69,0.07219614103266732
751,5,10,150,69,0.08387405199623103
752,5,10,150,69,0.020210299806331135
753,5,10,150,69,0.15406810205846871
754,5,10,150,69,0.0
755,5,10,150,69,0.067228724047084
756,5,10,150,69,0.08493193341306005
757,5,10,150,69,0.06756111822138194
758,5,10,150,69,0.21700528245688286
759,5,10,150,69,0.038281751104512325
760,5,10,150,69,0.11447590313611888
761,5,10,150,69,0.03339755935325358
762,5,10,150,69,0.11568388634051256
763,5,10,150,69,0.20859185628046678
764,5,10,150,69,0.08207588022692468
765,5,10,150,69,0.0
766,5,10,150,69,0.050541549839211865
767,5,10,150,69,0.2073612289146658
768,5,10,150,69,0.07655078846581868
769,5,10,150,69,0.0
770,5,10,150,69,0.04692206785373726
771,5,10,150,69,0.19449231038235978
772,5,10,150,69,0.03353522641880846
773,5,10,150,69,0.08236155615232364
774,5,10,150,69,0.03870306856876221
775,5,10,150,69,0.0
776,5,10,150,69,0.12155614423940549
777,5,10,150,69,0.14445412169961394
778,5,10,150,69,0.024850109207689472
779,5,10,150,69,0.05878132199396477
780,5,10,150,69,0.07751937086606239
781,5,10,150,69,0.21898681539091044
782,5,10,150,69,0.011918382744812666
783,5,10,150,69,0.0
784,5,10,150,69,0.0
785,5,10,150,69,0.048159222084064895
786,5,10,150,69,0.13370327844286975
787,5,10,150,69,0.0683037314796457
788,5,10,150,69,0.16655817155370128
789,5,10,150,69,0.059109628562248356
790,5,10,150,69,0.06239795764685423
791,5,10,150,69,0.0
792,5,10,150,69,0.0
793,5,10,150,69,0.0
794,5,10,150,69,0.22201254783236782
795,5,10,150,69,0.09354596657002175
796,5,10,150,69,0.34842295314969224
797,5,10,150,69,0.09030583455080088
798,5,10,150,69,0.10265713973926417
799,5,10,150,69,0.0
800,5,10,150,69,0.0
801,5,10,150,69,0.03096677356901516
802,5,10,150,69,0.030863419558816
803,5,10,150,69,0.0
804,5,10,150,69,0.1623440360422477
805,5,10,150,69,0.11359749523756014
806,5,10,150,69,0.13891238635540284
807,5,10,150,69,0.20653548059853835
808,5,10,150,69,0.040655755922716606
809,5,10,150,69,0.07484323939884738
810,5,10,150,69,0.0
811,5,10,150,69,0.05062543788674174
812,5,10,150,69,0.0
813,5,10,150,69,0.17367331957930765
814,5,10,150,69,0.09144287629100999
815,5,10,150,69,0.24084494556737404
816,5,10,150,69,0.08005612702969578
817,5,10,150,69,0.0
818,5,10,150,69,0.0
819,5,10,150,69,0.15575997463127336
820,5,10,150,69,0.041641441310299704
821,5,10,150,69,0.19220292042320755
822,5,10,150,69,0.03902876023380719
823,5,10,150,69,0.29647182345142364
824,5,10,150,69,0.0
825,5,10,150,69,0.09224743688771847
826,5,10,150,69,0.0956022175683246
827,5,10,150,69,0.0
828,5,10,150,69,0.07244745602732354
829,5,10,150,69,0.1633399391391799
830,5,10,150,69,0.10053254151308513
831,5,10,150,69,0.22386873883314284
832,5,10,150,69,0.041355644490859725
833,5,10,150,69,0.13743916623744923
834,5,10,150,69,0.039552645733898266
835,5,10,150,69,0.10916786087924542
836,5,10,150,69,0.10882945376944808
837,5,10,150,69,0.0
838,5,10,150,69,0.14570435926304814
839,5,10,150,69,0.05646784228340616
840,5,10,150,69,0.28767847501679905
841,5,10,150,69,0.0
842,5,10,150,69,0.03314153504336938
843,5,10,150,69,0.09732734068213482
844,5,10,150,69,0.14767302746812566
845,5,10,150,69,0.0
846,5,10,150,69,0.29225047677998495
847,5,10,150,69,0.0
848,5,10,150,69,0.10596698363895211
849,5,10,150,69,0.15604292430850014
850,5,10,150,69,0.22524778298991205
851,5,10,150,69,0.27108902417020725
852,5,10,150,69,0.0
853,5,10,150,69,0.0
854,5,10,150,69,0.15658879113561056
855,5,10,150,69,0.0
856,5,10,150,69,0.0628634487195275
857,5,10,150,69,0.0
858,5,10,150,69,0.0
859,5,10,150,69,0.0
860,5,10,150,69,0.01655521147192675
861,5,10,150,69,0.12001290632387755
862,5,10,150,69,0.2063868873176686
863,5,10,150,69,0.04034656861822919
864,5,10,150,69,0.27866861392442216
865,5,10,150,69,0.015797522321751672
866,5,10,150,69,0.12374681498530773
867,5,10,150,69,0.2892878184841682
868,5,10,150,69,0.12816349299285187
869,5,10,150,69,0.09414478450656023
870,5,10,150,69,0.10607280341952731
871,5,10,150,69,0.23335170418377482
872,5,10,150,69,0.03050926163237471
873,5,10,150,69,0.0
874,5,10,150,69,0.06575393297476358
875,5,10,150,69,0.23549131868893233
876,5,10,150,69,0.0
877,5,10,150,69,0.03487978243545732
878,5,10,150,69,0.05278397045475812
879,5,10,150,69,0.07180913162424091
880,5,10,150,69,0.3229166140211905
881,5,10,150,69,0.29134745080888363
882,5,10,150,69,0.28797851001940294
883,5,10,150,69,0.3652021067609256
884,5,10,150,69,0.028767091820622218
885,5,10,150,69,0.10709607345972089
886,5,10,150,69,0.17193222226890753
887,5,10,150,69,0.17712411582414658
888,5,10,150,69,0.0
889,5,10,150,69,0.2365020011212737
890,5,10,150,69,0.3092354590022605
891,5,10,150,69,0.09013275514532934
892,5,10,150,69,0.42414912395444365
893,5,10,150,69,0.05014695371369417
894,5,10,150,69,0.20653688550649538
895,5,10,150,69,0.0
896,5,10,150,69,0.3523881368508383
897,5,10,150,69,0.25664867251320256
898,5,10,150,69,0.0
899,5,10,150,69,0.15895989525200527
900,5,10,150,69,0.09313286019574611
901,5,10,150,69,0.23929430247931263
902,5,10,150,69,0.025255271126572616
903,5,10,150,69,0.3497983087261288
904,5,10,150,69,0.0
905,5,10,150,69,0.08773956418811966
906,5,10,150,69,0.021126375389061768
907,5,10,150,69,0.222765429707131
908,5,10,150,69,0.20640898076180436
909,5,10,150,69,0.0
910,5,10,150,69,0.14111581018360284
911,5,10,150,69,0.07221694898330532
912,5,10,150,69,0.17292384468805336
913,5,10,150,69,0.19106136681460664
914,5,10,150,69,0.0
915,5,10,150,69,0.0
916,5,10,150,69,0.20210648405676535
917,5,10,150,69,0.019845431127916993
918,5,10,150,69,0.0253533085437572
919,5,10,150,69,0.12270308935330171
920,5,10,150,69,0.26814570941777965
921,5,10,150,69,0.02477447378142753
922,5,10,150,69,0.12854103647927057
923,5,10,150,69,0.053605537438321305
924,5,10,150,69,0.11819634191622581
925,5,10,150,69,0.08576373115156254
926,5,10,150,69,0.18690891198435525
927,5,10,150,69,0.12774215456079654
928,5,10,150,69,0.2047606321191804
929,5,10,150,69,0.11107244313646446
930,5,10,150,69,0.12668740771092546
931,5,10,150,69,0.059539365700728666
932,5,10,150,69,0.35943159840092664
933,5,10,150,69,0.06104578385321129
934,5,10,150,69,0.2363415598752929
935,5,10,150,69,0.043888403129016776
936,5,10,150,69,0.11174499346961678
937,5,10,150,69,0.09560624946230661
938,5,10,150,69,0.08796657521916071
939,5,10,150,69,0.05231692143384187
940,5,10,150,69,0.09469359068019315
941,5,10,150,69,0.19937616723755375
942,5,10,150,69,0.15189892875816283
943,5,10,150,69,0.16972981185273442
1,5,10,150,70,0.4058715898896693
2,5,10,150,70,0.14433828292945616
3,5,10,150,70,0.08759200575528697
4,5,10,150,70,0.0
5,5,10,150,70,0.04470486007704452
6,5,10,150,70,0.04187254809446048
7,5,10,150,70,0.22836484467160698
8,5,10,150,70,0.0
9,5,10,150,70,0.0
10,5,10,150,70,0.3005733545514552
11,5,10,150,70,0.03947525607388688
12,5,10,150,70,0.14632177291384774
13,5,10,150,70,0.24256092752724764
14,5,10,150,70,0.18795160328752808
15,5,10,150,70,0.0
16,5,10,150,70,0.19107502160562695
17,5,10,150,70,0.0
18,5,10,150,70,0.17872418048185143
19,5,10,150,70,0.0
20,5,10,150,70,0.13743816645714543
21,5,10,150,70,0.17643857112498312
22,5,10,150,70,0.040815803121742565
23,5,10,150,70,0.10387012192613786
24,5,10,150,70,0.08835266840320231
25,5,10,150,70,0.23940867474021393
26,5,10,150,70,0.0
27,5,10,150,70,0.0
28,5,10,150,70,0.10131242160793445
30,5,10,150,70,0.08133484538841967
31,5,10,150,70,0.11164668500969883
32,5,10,150,70,0.19519002499605084
33,5,10,150,70,0.0
34,5,10,150,70,0.0
35,5,10,150,70,0.0
37,5,10,150,70,0.08177471774917201
38,5,10,150,70,0.0
39,5,10,150,70,0.0
40,5,10,150,70,0.0
41,5,10,150,70,0.06835476917178976
42,5,10,150,70,0.08850778826764391
43,5,10,150,70,0.0
44,5,10,150,70,0.29540493557662006
45,5,10,150,70,0.0
46,5,10,150,70,0.0
47,5,10,150,70,0.0
48,5,10,150,70,0.07028063830038406
49,5,10,150,70,0.05432573058142762
52,5,10,150,70,0.06369098129632131
53,5,10,150,70,0.0
54,5,10,150,70,0.0
55,5,10,150,70,0.0
56,5,10,150,70,0.11781210270929884
57,5,10,150,70,0.1318392860374695
58,5,10,150,70,0.40256699612340546
59,5,10,150,70,0.19233148606048747
60,5,10,150,70,0.1076743759411119
61,5,10,150,70,0.0
62,5,10,150,70,0.09586820699422145
63,5,10,150,70,0.0
64,5,10,150,70,0.07635718686081962
65,5,10,150,70,0.2342550150352983
66,5,10,150,70,0.06636133566432367
67,5,10,150,70,0.0
68,5,10,150,70,0.0
69,5,10,150,70,0.0
70,5,10,150,70,0.0
71,5,10,150,70,0.20758456043036028
72,5,10,150,70,0.10990826949013655
73,5,10,150,70,0.10052888926242022
74,5,10,150,70,0.0
75,5,10,150,70,0.05515026856924372
76,5,10,150,70,0.10633668103022985
77,5,10,150,70,0.14247142730086715
78,5,10,150,70,0.0
79,5,10,150,70,0.07821312100379274
80,5,10,150,70,0.0
81,5,10,150,70,0.08878770367712427
82,5,10,150,70,0.03187578878809277
83,5,10,150,70,0.07414861528507455
84,5,10,150,70,0.07550980911390262
85,5,10,150,70,0.04734112273659951
86,5,10,150,70,0.0
87,5,10,150,70,0.16641625059082407
88,5,10,150,70,0.18920035951687003
89,5,10,150,70,0.0
90,5,10,150,70,0.19659652872125194
91,5,10,150,70,0.0
92,5,10,150,70,0.03369782041898502
93,5,10,150,70,0.0
94,5,10,150,70,0.12253429761719764
95,5,10,150,70,0.07849567312219397
96,5,10,150,70,0.06482168843084862
97,5,10,150,70,0.0
98,5,10,150,70,0.0
99,5,10,150,70,0.13337585439143895
100,5,10,150,70,0.0
101,5,10,150,70,0.0
102,5,10,150,70,0.0
103,5,10,150,70,0.0
104,5,10,150,70,0.33958467175585033
105,5,10,150,70,0.0
106,5,10,150,70,0.06516188295518531
107,5,10,150,70,0.0
109,5,10,150,70,0.16563719724029594
110,5,10,150,70,0.03203603672019056
111,5,10,150,70,0.0
112,5,10,150,70,0.14155505107215216
113,5,10,150,70,0.0
114,5,10,150,70,0.08274602130532002
115,5,10,150,70,0.04001677477281075
116,5,10,150,70,0.0
117,5,10,150,70,0.0
118,5,10,150,70,0.2265416449833316
119,5,10,150,70,0.05891155956989184
120,5,10,150,70,0.0
121,5,10,150,70,0.13032376591037062
122,5,10,150,70,0.0
123,5,10,150,70,0.13720340769293682
124,5,10,150,70,0.0
125,5,10,150,70,0.05446333035917803
126,5,10,150,70,0.0
128,5,10,150,70,0.0
129,5,10,150,70,0.0
130,5,10,150,70,0.17195079996346713
131,5,10,150,70,0.0
132,5,10,150,70,0.0
133,5,10,150,70,0.0
134,5,10,150,70,0.0
135,5,10,150,70,0.0
136,5,10,150,70,0.0
137,5,10,150,70,0.1137075481082292
138,5,10,150,70,0.0976168253917686
139,5,10,150,70,0.10466868931043802
140,5,10,150,70,0.0
141,5,10,150,70,0.04733244938590725
142,5,10,150,70,0.0
143,5,10,150,70,0.0
144,5,10,150,70,0.0
145,5,10,150,70,0.17597149971119974
146,5,10,150,70,0.0
147,5,10,150,70,0.1033846481249528
148,5,10,150,70,0.19860821180640417
149,5,10,150,70,0.0
150,5,10,150,70,0.2640681225725909
151,5,10,150,70,0.1026571794225922
152,5,10,150,70,0.0
153,5,10,150,70,0.0
154,5,10,150,70,0.06416923277158361
155,5,10,150,70,0.0
156,5,10,150,70,0.0
157,5,10,150,70,0.0
158,5,10,150,70,0.13830208502611357
159,5,10,150,70,0.23138144801632507
160,5,10,150,70,0.20441309786906653
161,5,10,150,70,0.0
162,5,10,150,70,0.0
163,5,10,150,70,0.0
164,5,10,150,70,0.0
165,5,10,150,70,0.0
167,5,10,150,70,0.05319635904163211
168,5,10,150,70,0.0
169,5,10,150,70,0.0
170,5,10,150,70,0.0
171,5,10,150,70,0.0
173,5,10,150,70,0.0
174,5,10,150,70,0.09841425610124989
175,5,10,150,70,0.21517910082405575
176,5,10,150,70,0.06289692884934815
177,5,10,150,70,0.38113435412202
178,5,10,150,70,0.12597398707460816
179,5,10,150,70,0.09149012142095872
180,5,10,150,70,0.06228974831361337
181,5,10,150,70,0.11680461119565375
182,5,10,150,70,0.0
183,5,10,150,70,0.15101961822780524
184,5,10,150,70,0.0
185,5,10,150,70,0.0
186,5,10,150,70,0.04633132539002164
187,5,10,150,70,0.0
188,5,10,150,70,0.12925733948536566
189,5,10,150,70,0.18890011590178235
190,5,10,150,70,0.0
192,5,10,150,70,0.123151194370365
193,5,10,150,70,0.0
194,5,10,150,70,0.11343156218083877
195,5,10,150,70,0.11787667935667444
196,5,10,150,70,0.0
197,5,10,150,70,0.09546043308946733
198,5,10,150,70,0.0
199,5,10,150,70,0.0
200,5,10,150,70,0.09785159463516042
201,5,10,150,70,0.0
202,5,10,150,70,0.10466868931043802
203,5,10,150,70,0.0
204,5,10,150,70,0.19519002499605084
205,5,10,150,70,0.0
206,5,10,150,70,0.0
207,5,10,150,70,0.07517955939765397
208,5,10,150,70,0.0
209,5,10,150,70,0.0
210,5,10,150,70,0.2167516193508568
211,5,10,150,70,0.0
213,5,10,150,70,0.15669163589836543
214,5,10,150,70,0.0
216,5,10,150,70,0.23813231172447274
217,5,10,150,70,0.0
218,5,10,150,70,0.0
219,5,10,150,70,0.0
221,5,10,150,70,0.0
222,5,10,150,70,0.1050995674008573
223,5,10,150,70,0.0
224,5,10,150,70,0.0
225,5,10,150,70,0.09077089626867633
226,5,10,150,70,0.19092086617893467
227,5,10,150,70,0.0
228,5,10,150,70,0.0
229,5,10,150,70,0.0
230,5,10,150,70,0.12683081539850163
231,5,10,150,70,0.0
232,5,10,150,70,0.03962341267285813
233,5,10,150,70,0.3062523178880809
234,5,10,150,70,0.09887660119080527
235,5,10,150,70,0.06692738060277027
236,5,10,150,70,0.0
237,5,10,150,70,0.19342640361727081
238,5,10,150,70,0.0
239,5,10,150,70,0.06912040963822193
240,5,10,150,70,0.12495636102304827
241,5,10,150,70,0.0
242,5,10,150,70,0.0
243,5,10,150,70,0.0
244,5,10,150,70,0.049712302565054066
245,5,10,150,70,0.0
246,5,10,150,70,0.0561326498270945
247,5,10,150,70,0.09472348220010487
248,5,10,150,70,0.09472348220010487
249,5,10,150,70,0.09798874944313594
250,5,10,150,70,0.0
251,5,10,150,70,0.13032376591037062
252,5,10,150,70,0.20184908658209985
253,5,10,150,70,0.1084812001944431
254,5,10,150,70,0.08514311764162098
255,5,10,150,70,0.0
256,5,10,150,70,0.07107087490719705
257,5,10,150,70,0.07984133538066794
258,5,10,150,70,0.10144063749941859
259,5,10,150,70,0.1239740444869306
260,5,10,150,70,0.0
261,5,10,150,70,0.0
262,5,10,150,70,0.0
263,5,10,150,70,0.0956366800683804
264,5,10,150,70,0.050433735583135575
265,5,10,150,70,0.0
266,5,10,150,70,0.0
267,5,10,150,70,0.17168372277322866
268,5,10,150,70,0.049712302565054066
269,5,10,150,70,0.052962244777770985
270,5,10,150,70,0.041641441310299704
271,5,10,150,70,0.13010624216828925
272,5,10,150,70,0.1702293778633033
273,5,10,150,70,0.0
274,5,10,150,70,0.0
275,5,10,150,70,0.0
276,5,10,150,70,0.15875999922826586
277,5,10,150,70,0.0
278,5,10,150,70,0.1631512196835108
279,5,10,150,70,0.16020377431691654
280,5,10,150,70,0.16417286747746287
281,5,10,150,70,0.0
282,5,10,150,70,0.0
283,5,10,150,70,0.07028063830038406
284,5,10,150,70,0.0
285,5,10,150,70,0.0
286,5,10,150,70,0.09991246976864687
287,5,10,150,70,0.0
288,5,10,150,70,0.0859574327152926
289,5,10,150,70,0.16903020543979225
290,5,10,150,70,0.07834851647149511
291,5,10,150,70,0.07828167840727236
292,5,10,150,70,0.04224853374256244
293,5,10,150,70,0.11168650506419579
294,5,10,150,70,0.0
295,5,10,150,70,0.2603201838311303
296,5,10,150,70,0.18873901602586696
297,5,10,150,70,0.0
298,5,10,150,70,0.16915623549474385
299,5,10,150,70,0.0
300,5,10,150,70,0.0
301,5,10,150,70,0.06460801587741544
302,5,10,150,70,0.09224219235917257
303,5,10,150,70,0.07354269615643778
304,5,10,150,70,0.0
305,5,10,150,70,0.11349000778741654
306,5,10,150,70,0.0
307,5,10,150,70,0.10778915452451093
308,5,10,150,70,0.13490077762666258
310,5,10,150,70,0.0
311,5,10,150,70,0.13301422444853
312,5,10,150,70,0.1819616199123543
313,5,10,150,70,0.11270402374049442
314,5,10,150,70,0.16600564593053876
315,5,10,150,70,0.037110354711564805
316,5,10,150,70,0.0
317,5,10,150,70,0.0
318,5,10,150,70,0.1642688369468948
319,5,10,150,70,0.0
320,5,10,150,70,0.13927874459665815
321,5,10,150,70,0.0
322,5,10,150,70,0.0
323,5,10,150,70,0.1610425878239398
324,5,10,150,70,0.0
325,5,10,150,70,0.09092803061897883
326,5,10,150,70,0.027288805847552652
327,5,10,150,70,0.025410386140327024
328,5,10,150,70,0.09206364236149692
329,5,10,150,70,0.0
330,5,10,150,70,0.1313681680695099
331,5,10,150,70,0.0
332,5,10,150,70,0.09320485889859448
334,5,10,150,70,0.02249061179923914
335,5,10,150,70,0.0
336,5,10,150,70,0.0780824078938463
337,5,10,150,70,0.0
338,5,10,150,70,0.07132875491150918
339,5,10,150,70,0.20908777063504488
340,5,10,150,70,0.0
341,5,10,150,70,0.0
342,5,10,150,70,0.3608742720986609
343,5,10,150,70,0.09229649639444802
344,5,10,150,70,0.1202034973803211
345,5,10,150,70,0.18015355216717013
346,5,10,150,70,0.04366879852493834
347,5,10,150,70,0.22280620320442554
348,5,10,150,70,0.0
349,5,10,150,70,0.0
350,5,10,150,70,0.058087171966128066
351,5,10,150,70,0.07977344912567227
352,5,10,150,70,0.1903601622684853
353,5,10,150,70,0.14434031438272124
354,5,10,150,70,0.06335619058732639
355,5,10,150,70,0.0
356,5,10,150,70,0.0
357,5,10,150,70,0.0
358,5,10,150,70,0.06364028872631156
359,5,10,150,70,0.3010299956639812
360,5,10,150,70,0.12982031659526816
361,5,10,150,70,0.09478836436955078
362,5,10,150,70,0.0
363,5,10,150,70,0.24101654828754165
364,5,10,150,70,0.0
365,5,10,150,70,0.0
366,5,10,150,70,0.0
367,5,10,150,70,0.06369098129632131
368,5,10,150,70,0.0
369,5,10,150,70,0.0
370,5,10,150,70,0.0
371,5,10,150,70,0.19950301641376814
372,5,10,150,70,0.15130120674940672
373,5,10,150,70,0.22842722979011518
374,5,10,150,70,0.07472550252128253
375,5,10,150,70,0.0
376,5,10,150,70,0.0
377,5,10,150,70,0.0
378,5,10,150,70,0.13635638482251203
379,5,10,150,70,0.08433239722469389
380,5,10,150,70,0.0
381,5,10,150,70,0.0
382,5,10,150,70,0.09952375175972906
383,5,10,150,70,0.15042011455175697
384,5,10,150,70,0.0
385,5,10,150,70,0.0
386,5,10,150,70,0.0
387,5,10,150,70,0.08586571489348302
388,5,10,150,70,0.05789711601244791
389,5,10,150,70,0.09284203700798714
390,5,10,150,70,0.0
391,5,10,150,70,0.11245246430543061
392,5,10,150,70,0.1484702586346916
393,5,10,150,70,0.17201528718620057
394,5,10,150,70,0.16570616085215287
395,5,10,150,70,0.0
396,5,10,150,70,0.0
397,5,10,150,70,0.11004588314904008
398,5,10,150,70,0.28368572779044043
399,5,10,150,70,0.026175882249243814
400,5,10,150,70,0.0
401,5,10,150,70,0.02839245759615368
402,5,10,150,70,0.0
403,5,10,150,70,0.2529427027676571
404,5,10,150,70,0.0
405,5,10,150,70,0.030910809154870197
406,5,10,150,70,0.06360190926466157
407,5,10,150,70,0.09046795885890169
408,5,10,150,70,0.09983719697789138
409,5,10,150,70,0.05800611307095368
410,5,10,150,70,0.0
411,5,10,150,70,0.17342765698823945
412,5,10,150,70,0.0
413,5,10,150,70,0.0
414,5,10,150,70,0.21398626473452756
415,5,10,150,70,0.0
416,5,10,150,70,0.15805943220204186
417,5,10,150,70,0.11088189053445036
419,5,10,150,70,0.3536251441097701
420,5,10,150,70,0.05478392673173268
421,5,10,150,70,0.04264945290455212
422,5,10,150,70,0.0
423,5,10,150,70,0.13523051443907988
424,5,10,150,70,0.07873540057438519
425,5,10,150,70,0.22790846302569912
426,5,10,150,70,0.13571943816109763
427,5,10,150,70,0.06347904107373183
428,5,10,150,70,0.0
429,5,10,150,70,0.14041959417088476
430,5,10,150,70,0.1261446714466394
431,5,10,150,70,0.0
432,5,10,150,70,0.049369952841505485
433,5,10,150,70,0.0
434,5,10,150,70,0.3903800499921017
435,5,10,150,70,0.11347000084585261
436,5,10,150,70,0.08868088264964148
437,5,10,150,70,0.22972973128433707
438,5,10,150,70,0.0
439,5,10,150,70,0.0
440,5,10,150,70,0.06175696970122604
441,5,10,150,70,0.0
442,5,10,150,70,0.0
443,5,10,150,70,0.0
445,5,10,150,70,0.0
446,5,10,150,70,0.0
447,5,10,150,70,0.2726897692124621
448,5,10,150,70,0.0
449,5,10,150,70,0.07784399437297408
450,5,10,150,70,0.22640083277136241
451,5,10,150,70,0.0
452,5,10,150,70,0.1164707089663702
453,5,10,150,70,0.029956785715628154
454,5,10,150,70,0.07998109630822593
455,5,10,150,70,0.06727503205803352
456,5,10,150,70,0.07758828619721583
457,5,10,150,70,0.29418445531213994
458,5,10,150,70,0.04507276838148142
459,5,10,150,70,0.0
460,5,10,150,70,0.0
461,5,10,150,70,0.0
462,5,10,150,70,0.0
463,5,10,150,70,0.026903388345470878
464,5,10,150,70,0.0
465,5,10,150,70,0.0
466,5,10,150,70,0.03947525607388688
467,5,10,150,70,0.1436337620239326
468,5,10,150,70,0.25116683884278784
469,5,10,150,70,0.057417722536754784
470,5,10,150,70,0.0
471,5,10,150,70,0.0
472,5,10,150,70,0.14903271548086697
473,5,10,150,70,0.08754031530847717
474,5,10,150,70,0.34897204770080337
475,5,10,150,70,0.06516188295518531
476,5,10,150,70,0.0
477,5,10,150,70,0.055100238151135045
478,5,10,150,70,0.23782833255689273
479,5,10,150,70,0.07834096783470737
480,5,10,150,70,0.21398626473452756
481,5,10,150,70,0.13863671367752411
482,5,10,150,70,0.0
483,5,10,150,70,0.06912040963822193
484,5,10,150,70,0.09353062527112192
485,5,10,150,70,0.0
486,5,10,150,70,0.10311241692162332
487,5,10,150,70,0.2215000938796789
488,5,10,150,70,0.0
489,5,10,150,70,0.0
490,5,10,150,70,0.0
491,5,10,150,70,0.19092086617893467
492,5,10,150,70,0.12471554514794539
493,5,10,150,70,0.0332568859495131
494,5,10,150,70,0.07461492443139366
495,5,10,150,70,0.11868174655260626
496,5,10,150,70,0.05459112561892713
497,5,10,150,70,0.04285286422081118
498,5,10,150,70,0.03855307727568851
499,5,10,150,70,0.1912282106369008
500,5,10,150,70,0.05011951520627559
501,5,10,150,70,0.0
502,5,10,150,70,0.06364028872631156
503,5,10,150,70,0.25450081629313537
504,5,10,150,70,0.0
505,5,10,150,70,0.0
506,5,10,150,70,0.13939295695713902
507,5,10,150,70,0.03371865946438579
508,5,10,150,70,0.0
509,5,10,150,70,0.06474271459046577
510,5,10,150,70,0.0
511,5,10,150,70,0.0
512,5,10,150,70,0.18316925091363362
513,5,10,150,70,0.0461651444771445
514,5,10,150,70,0.10595566933616397
515,5,10,150,70,0.0
516,5,10,150,70,0.13768197790533618
517,5,10,150,70,0.042259191411409554
518,5,10,150,70,0.0
519,5,10,150,70,0.038800293177871176
520,5,10,150,70,0.0
521,5,10,150,70,0.0
522,5,10,150,70,0.0
523,5,10,150,70,0.055477599576144225
524,5,10,150,70,0.10258209047527363
525,5,10,150,70,0.0
526,5,10,150,70,0.1182238220856981
527,5,10,150,70,0.14943863047793596
528,5,10,150,70,0.14110144150616766
529,5,10,150,70,0.10471139591065548
530,5,10,150,70,0.0
531,5,10,150,70,0.0
532,5,10,150,70,0.04774713204658456
533,5,10,150,70,0.140097006072795
534,5,10,150,70,0.07450923581469894
535,5,10,150,70,0.2871959083713276
536,5,10,150,70,0.27314750625223144
537,5,10,150,70,0.44282591998515813
538,5,10,150,70,0.0
539,5,10,150,70,0.1560067947598593
540,5,10,150,70,0.0
541,5,10,150,70,0.1448454408452497
542,5,10,150,70,0.12627825946936164
543,5,10,150,70,0.03509626319517156
544,5,10,150,70,0.07631352592005593
545,5,10,150,70,0.052962244777770985
546,5,10,150,70,0.15314106296495628
547,5,10,150,70,0.0
548,5,10,150,70,0.06942726819239371
549,5,10,150,70,0.0
550,5,10,150,70,0.13436217909546777
551,5,10,150,70,0.2752215491034711
552,5,10,150,70,0.0
553,5,10,150,70,0.20968084445285137
554,5,10,150,70,0.16600564593053876
555,5,10,150,70,0.0
556,5,10,150,70,0.12479271849103059
557,5,10,150,70,0.053894577262255466
558,5,10,150,70,0.05718685316335169
559,5,10,150,70,0.0734773909038217
560,5,10,150,70,0.24050284760456656
561,5,10,150,70,0.033061907313818355
562,5,10,150,70,0.034743705427429224
563,5,10,150,70,0.0
564,5,10,150,70,0.0
565,5,10,150,70,0.18568675205192314
566,5,10,150,70,0.13665387068436016
567,5,10,150,70,0.15284013140891303
568,5,10,150,70,0.057107346298225524
569,5,10,150,70,0.0336639187988199
570,5,10,150,70,0.0
571,5,10,150,70,0.0
572,5,10,150,70,0.058995070558427745
573,5,10,150,70,0.035908240113829995
574,5,10,150,70,0.07616204594440379
575,5,10,150,70,0.056316753775798256
576,5,10,150,70,0.17342765698823945
577,5,10,150,70,0.22186862389759224
578,5,10,150,70,0.09818998961169394
579,5,10,150,70,0.0
580,5,10,150,70,0.21661076434387644
581,5,10,150,70,0.0
582,5,10,150,70,0.028361369701356044
583,5,10,150,70,0.08811076314737627
584,5,10,150,70,0.0
585,5,10,150,70,0.03272632263321488
586,5,10,150,70,0.09195192495929504
587,5,10,150,70,0.0
588,5,10,150,70,0.19986322535792533
589,5,10,150,70,0.0
590,5,10,150,70,0.18511573258657482
591,5,10,150,70,0.15758427078022966
592,5,10,150,70,0.24980178440525885
593,5,10,150,70,0.1847125373189141
594,5,10,150,70,0.0843142342558857
595,5,10,150,70,0.0
596,5,10,150,70,0.0
597,5,10,150,70,0.0
598,5,10,150,70,0.11752277470724268
599,5,10,150,70,0.16402353420682853
600,5,10,150,70,0.0
601,5,10,150,70,0.026557570376145638
602,5,10,150,70,0.0
603,5,10,150,70,0.06194403202282284
604,5,10,150,70,0.0
605,5,10,150,70,0.10589838376326657
606,5,10,150,70,0.2138150508755678
607,5,10,150,70,0.0
608,5,10,150,70,0.14688428242884272
609,5,10,150,70,0.11838279295536291
610,5,10,150,70,0.05781186855394371
611,5,10,150,70,0.03927158715985786
612,5,10,150,70,0.0
613,5,10,150,70,0.2049174583553662
614,5,10,150,70,0.13886244387355454
615,5,10,150,70,0.10251900332140326
616,5,10,150,70,0.09781579202094404
617,5,10,150,70,0.055659192768972764
618,5,10,150,70,0.13693830900397266
619,5,10,150,70,0.15406791387309057
620,5,10,150,70,0.1451323880538222
621,5,10,150,70,0.13589759152345549
622,5,10,150,70,0.10022910267662996
623,5,10,150,70,0.13369528351530374
624,5,10,150,70,0.019160322430058573
625,5,10,150,70,0.0
626,5,10,150,70,0.04690797720830594
627,5,10,150,70,0.04289205981312439
628,5,10,150,70,0.0
629,5,10,150,70,0.2013573326089747
630,5,10,150,70,0.12522204146604196
631,5,10,150,70,0.09240791929215005
632,5,10,150,70,0.3331495701314084
633,5,10,150,70,0.0455520698635181
634,5,10,150,70,0.023756977677906275
635,5,10,150,70,0.039407921945699885
636,5,10,150,70,0.0
637,5,10,150,70,0.0
638,5,10,150,70,0.15473934503245962
639,5,10,150,70,0.0
640,5,10,150,70,0.0637867864178444
641,5,10,150,70,0.03570665676503816
642,5,10,150,70,0.13009598961160182
643,5,10,150,70,0.15031592367651372
644,5,10,150,70,0.0
645,5,10,150,70,0.1856947245529553
646,5,10,150,70,0.0
647,5,10,150,70,0.03673869545191085
648,5,10,150,70,0.09771575737739631
649,5,10,150,70,0.0
650,5,10,150,70,0.11676759952498657
651,5,10,150,70,0.03443184397772452
652,5,10,150,70,0.0
653,5,10,150,70,0.04581252430636357
654,5,10,150,70,0.17020900230175445
655,5,10,150,70,0.2566405891560015
656,5,10,150,70,0.0
657,5,10,150,70,0.053845569940583225
658,5,10,150,70,0.0
659,5,10,150,70,0.07075240780563574
660,5,10,150,70,0.01156377453296346
661,5,10,150,70,0.12705991527984942
662,5,10,150,70,0.0
663,5,10,150,70,0.07874514948204092
664,5,10,150,70,0.05391021349625259
665,5,10,150,70,0.0
666,5,10,150,70,0.07860744541237058
667,5,10,150,70,0.2676806947950803
668,5,10,150,70,0.0
669,5,10,150,70,0.2672968266839232
670,5,10,150,70,0.15539533467551025
671,5,10,150,70,0.17434206503696043
672,5,10,150,70,0.0
673,5,10,150,70,0.0
674,5,10,150,70,0.0
675,5,10,150,70,0.05010834716923557
676,5,10,150,70,0.0
677,5,10,150,70,0.03927489746221688
678,5,10,150,70,0.0
679,5,10,150,70,0.26970586372388394
680,5,10,150,70,0.2073612289146658
681,5,10,150,70,0.0
682,5,10,150,70,0.10936179813571871
683,5,10,150,70,0.06289349548893712
684,5,10,150,70,0.0
685,5,10,150,70,0.0
686,5,10,150,70,0.11524934452025383
687,5,10,150,70,0.0
688,5,10,150,70,0.0
689,5,10,150,70,0.32436268379537736
690,5,10,150,70,0.0
691,5,10,150,70,0.0
692,5,10,150,70,0.0
693,5,10,150,70,0.0
694,5,10,150,70,0.20269611984358588
695,5,10,150,70,0.0607039656753694
696,5,10,150,70,0.12935879342602336
697,5,10,150,70,0.06378035696304758
698,5,10,150,70,0.09499131598480672
699,5,10,150,70,0.0
700,5,10,150,70,0.16958010263680806
701,5,10,150,70,0.04129602134854855
702,5,10,150,70,0.0
703,5,10,150,70,0.03870447337439288
704,5,10,150,70,0.09986079379105446
705,5,10,150,70,0.18775788588526962
706,5,10,150,70,0.0
707,5,10,150,70,0.11204043240783193
708,5,10,150,70,0.0775903127417896
709,5,10,150,70,0.10371915894912967
710,5,10,150,70,0.05710411178654767
711,5,10,150,70,0.14431653919064127
712,5,10,150,70,0.12435918123916344
713,5,10,150,70,0.0
714,5,10,150,70,0.04195229264874745
715,5,10,150,70,0.07261309108674657
716,5,10,150,70,0.1604072516866075
717,5,10,150,70,0.18940567332300148
718,5,10,150,70,0.14061157344379913
719,5,10,150,70,0.16011399260274453
720,5,10,150,70,0.05261577455142312
721,5,10,150,70,0.16233113210833738
722,5,10,150,70,0.0
723,5,10,150,70,0.0
724,5,10,150,70,0.0
725,5,10,150,70,0.05750402108673013
726,5,10,150,70,0.2529427027676571
727,5,10,150,70,0.0931829462749391
728,5,10,150,70,0.0
729,5,10,150,70,0.0
730,5,10,150,70,0.0
731,5,10,150,70,0.04466441818602386
732,5,10,150,70,0.0
733,5,10,150,70,0.0
734,5,10,150,70,0.0655813061736612
735,5,10,150,70,0.0
736,5,10,150,70,0.0
737,5,10,150,70,0.16282663249631943
738,5,10,150,70,0.2632431729022225
739,5,10,150,70,0.0
740,5,10,150,70,0.0
741,5,10,150,70,0.10965210684801945
742,5,10,150,70,0.04553761034739079
743,5,10,150,70,0.0814476682319001
744,5,10,150,70,0.08878770367712427
745,5,10,150,70,0.3682049230943936
746,5,10,150,70,0.11450296808588954
747,5,10,150,70,0.35683505158211
748,5,10,150,70,0.1946257849561795
749,5,10,150,70,0.13213623362179527
750,5,10,150,70,0.07219614103266732
751,5,10,150,70,0.08387405199623103
752,5,10,150,70,0.020210299806331135
753,5,10,150,70,0.15406810205846871
754,5,10,150,70,0.0
755,5,10,150,70,0.067228724047084
756,5,10,150,70,0.08493193341306005
757,5,10,150,70,0.06756111822138194
758,5,10,150,70,0.22483143623204183
759,5,10,150,70,0.038281751104512325
760,5,10,150,70,0.11447590313611888
761,5,10,150,70,0.03339755935325358
762,5,10,150,70,0.11568388634051256
763,5,10,150,70,0.20859185628046678
764,5,10,150,70,0.08207588022692468
765,5,10,150,70,0.0
766,5,10,150,70,0.050541549839211865
767,5,10,150,70,0.2073612289146658
768,5,10,150,70,0.07655078846581868
769,5,10,150,70,0.0
770,5,10,150,70,0.04692206785373726
771,5,10,150,70,0.19449231038235978
772,5,10,150,70,0.03353522641880846
773,5,10,150,70,0.08236155615232364
774,5,10,150,70,0.0383162253891044
775,5,10,150,70,0.0
776,5,10,150,70,0.12155614423940549
777,5,10,150,70,0.14445412169961394
778,5,10,150,70,0.024850109207689472
779,5,10,150,70,0.05878132199396477
780,5,10,150,70,0.07751937086606239
781,5,10,150,70,0.21898681539091044
782,5,10,150,70,0.011799256658745594
783,5,10,150,70,0.0
784,5,10,150,70,0.0
785,5,10,150,70,0.048159222084064895
786,5,10,150,70,0.13370327844286975
787,5,10,150,70,0.0683037314796457
788,5,10,150,70,0.16489339676801854
789,5,10,150,70,0.059109628562248356
790,5,10,150,70,0.06177428037182428
791,5,10,150,70,0.0
792,5,10,150,70,0.0
793,5,10,150,70,0.0
794,5,10,150,70,0.22201254783236782
795,5,10,150,70,0.09354596657002175
796,5,10,150,70,0.3449404116343412
797,5,10,150,70,0.09030583455080088
798,5,10,150,70,0.10163106568829433
799,5,10,150,70,0.0
800,5,10,150,70,0.0
801,5,10,150,70,0.03096677356901516
802,5,10,150,70,0.030863419558816
803,5,10,150,70,0.0
804,5,10,150,70,0.1607213821953185
805,5,10,150,70,0.1124620706347076
806,5,10,150,70,0.13891238635540284
807,5,10,150,70,0.2044711264017918
808,5,10,150,70,0.040655755922716606
809,5,10,150,70,0.07484323939884738
810,5,10,150,70,0.0
811,5,10,150,70,0.05062543788674174
812,5,10,150,70,0.0
813,5,10,150,70,0.17367331957930765
814,5,10,150,70,0.11706738860313934
815,5,10,150,70,0.238437662941133
816,5,10,150,70,0.08005612702969578
817,5,10,150,70,0.0
818,5,10,150,70,0.0
819,5,10,150,70,0.15575997463127336
820,5,10,150,70,0.041641441310299704
821,5,10,150,70,0.19220292042320755
822,5,10,150,70,0.03902876023380719
823,5,10,150,70,0.2935085415437078
824,5,10,150,70,0.0
825,5,10,150,70,0.09224743688771847
826,5,10,150,70,0.0956022175683246
827,5,10,150,70,0.0
828,5,10,150,70,0.07244745602732354
829,5,10,150,70,0.1633399391391799
830,5,10,150,70,0.10053254151308513
831,5,10,150,70,0.22386873883314284
832,5,10,150,70,0.041355644490859725
833,5,10,150,70,0.1360654404311258
834,5,10,150,70,0.05812385221666077
835,5,10,150,70,0.12231732628249292
836,5,10,150,70,0.10882945376944808
837,5,10,150,70,0.022383927187041207
838,5,10,150,70,0.14570435926304814
839,5,10,150,70,0.05646784228340616
840,5,10,150,70,0.28480308399200494
841,5,10,150,70,0.0
842,5,10,150,70,0.03314153504336938
843,5,10,150,70,0.0963545388002834
844,5,10,150,70,0.14767302746812566
845,5,10,150,70,0.0
846,5,10,150,70,0.28932938788768636
847,5,10,150,70,0.0
848,5,10,150,70,0.11490298245139044
849,5,10,150,70,0.15604292430850014
850,5,10,150,70,0.22524778298991205
851,5,10,150,70,0.26837944728242064
852,5,10,150,70,0.0
853,5,10,150,70,0.0
854,5,10,150,70,0.15502366185512334
855,5,10,150,70,0.0
856,5,10,150,70,0.0628634487195275
857,5,10,150,70,0.0
858,5,10,150,70,0.0
859,5,10,150,70,0.0
860,5,10,150,70,0.01655521147192675
861,5,10,150,70,0.12001290632387755
862,5,10,150,70,0.2143191736009314
863,5,10,150,70,0.04034656861822919
864,5,10,150,70,0.2758832778601813
865,5,10,150,70,0.015797522321751672
866,5,10,150,70,0.12374681498530773
867,5,10,150,70,0.30283053192478027
868,5,10,150,70,0.12688247898081503
869,5,10,150,70,0.09414478450656023
870,5,10,150,70,0.10501258927973305
871,5,10,150,70,0.23335170418377482
872,5,10,150,70,0.03050926163237471
873,5,10,150,70,0.0
874,5,10,150,70,0.06575393297476358
875,5,10,150,70,0.23549131868893233
876,5,10,150,70,0.0
877,5,10,150,70,0.03487978243545732
878,5,10,150,70,0.05225638647444904
879,5,10,150,70,0.07180913162424091
880,5,10,150,70,0.31968901232572394
881,5,10,150,70,0.2884353878013764
882,5,10,150,70,0.2851001200981722
883,5,10,150,70,0.3615518549999798
884,5,10,150,70,0.028767091820622218
885,5,10,150,70,0.10709607345972089
886,5,10,150,70,0.17021373301191303
887,5,10,150,70,0.18534888805203265
888,5,10,150,70,0.0
889,5,10,150,70,0.23413812689908783
890,5,10,150,70,0.3092354590022605
891,5,10,150,70,0.09013275514532934
892,5,10,150,70,0.42990484287121195
893,5,10,150,70,0.05014695371369417
894,5,10,150,70,0.20447251726747567
895,5,10,150,70,0.0
896,5,10,150,70,0.34886596270873177
897,5,10,150,70,0.26407858444943455
898,5,10,150,70,0.0
899,5,10,150,70,0.15737106641772025
900,5,10,150,70,0.09313286019574611
901,5,10,150,70,0.23690251877150062
902,5,10,150,70,0.025255271126572616
903,5,10,150,70,0.3463020203182438
904,5,10,150,70,0.0
905,5,10,150,70,0.08773956418811966
906,5,10,150,70,0.04166027003797417
907,5,10,150,70,0.22053885464906703
908,5,10,150,70,0.20640898076180436
909,5,10,150,70,0.0
910,5,10,150,70,0.14111581018360284
911,5,10,150,70,0.07221694898330532
912,5,10,150,70,0.17292384468805336
913,5,10,150,70,0.1991468340548466
914,5,10,150,70,0.0
915,5,10,150,70,0.0
916,5,10,150,70,0.20008639836813125
917,5,10,150,70,0.019845431127916993
918,5,10,150,70,0.0253533085437572
919,5,10,150,70,0.12147665292346319
920,5,10,150,70,0.26814570941777965
921,5,10,150,70,0.02477447378142753
922,5,10,150,70,0.1272562488614669
923,5,10,150,70,0.053605537438321305
924,5,10,150,70,0.11819634191622581
925,5,10,150,70,0.08576373115156254
926,5,10,150,70,0.18690891198435525
927,5,10,150,70,0.13646050715890348
928,5,10,150,70,0.2047606321191804
929,5,10,150,70,0.11107244313646446
930,5,10,150,70,0.12668740771092546
931,5,10,150,70,0.059539365700728666
932,5,10,150,70,0.35583902376700915
933,5,10,150,70,0.0604356217651969
934,5,10,150,70,0.24397444455536724
935,5,10,150,70,0.043888403129016776
936,5,10,150,70,0.1106280849095674
937,5,10,150,70,0.09560624946230661
938,5,10,150,70,0.08708733564153057
939,5,10,150,70,0.05231692143384187
940,5,10,150,70,0.09469359068019315
941,5,10,150,70,0.2271186442798205
942,5,10,150,70,0.15189892875816283
943,5,10,150,70,0.16803333602981146
1,5,10,150,71,0.4058715898896693
2,5,10,150,71,0.14433828292945616
3,5,10,150,71,0.08759200575528697
4,5,10,150,71,0.0
5,5,10,150,71,0.04470486007704452
6,5,10,150,71,0.04187254809446048
7,5,10,150,71,0.22836484467160698
8,5,10,150,71,0.0
9,5,10,150,71,0.0
10,5,10,150,71,0.3005733545514552
11,5,10,150,71,0.03947525607388688
12,5,10,150,71,0.14632177291384774
13,5,10,150,71,0.24256092752724764
14,5,10,150,71,0.18795160328752808
15,5,10,150,71,0.0
16,5,10,150,71,0.19107502160562695
17,5,10,150,71,0.0
18,5,10,150,71,0.17872418048185143
19,5,10,150,71,0.0
20,5,10,150,71,0.13743816645714543
21,5,10,150,71,0.17643857112498312
22,5,10,150,71,0.040815803121742565
23,5,10,150,71,0.10387012192613786
24,5,10,150,71,0.08835266840320231
25,5,10,150,71,0.23940867474021393
26,5,10,150,71,0.0
27,5,10,150,71,0.0
28,5,10,150,71,0.10131242160793445
30,5,10,150,71,0.08133484538841967
31,5,10,150,71,0.11164668500969883
32,5,10,150,71,0.19519002499605084
33,5,10,150,71,0.0
34,5,10,150,71,0.0
35,5,10,150,71,0.0
37,5,10,150,71,0.08177471774917201
38,5,10,150,71,0.0
39,5,10,150,71,0.0
40,5,10,150,71,0.0
41,5,10,150,71,0.06835476917178976
42,5,10,150,71,0.08850778826764391
43,5,10,150,71,0.0
44,5,10,150,71,0.29540493557662006
45,5,10,150,71,0.0
46,5,10,150,71,0.0
47,5,10,150,71,0.0
48,5,10,150,71,0.07028063830038406
49,5,10,150,71,0.05432573058142762
52,5,10,150,71,0.06369098129632131
53,5,10,150,71,0.0
54,5,10,150,71,0.0
55,5,10,150,71,0.0
56,5,10,150,71,0.11781210270929884
57,5,10,150,71,0.1318392860374695
58,5,10,150,71,0.40256699612340546
59,5,10,150,71,0.19233148606048747
60,5,10,150,71,0.1076743759411119
61,5,10,150,71,0.0
62,5,10,150,71,0.09586820699422145
63,5,10,150,71,0.0
64,5,10,150,71,0.07635718686081962
65,5,10,150,71,0.2342550150352983
66,5,10,150,71,0.06636133566432367
67,5,10,150,71,0.0
68,5,10,150,71,0.0
69,5,10,150,71,0.0
70,5,10,150,71,0.0
71,5,10,150,71,0.20758456043036028
72,5,10,150,71,0.10990826949013655
73,5,10,150,71,0.10052888926242022
74,5,10,150,71,0.0
75,5,10,150,71,0.05515026856924372
76,5,10,150,71,0.10633668103022985
77,5,10,150,71,0.14247142730086715
78,5,10,150,71,0.0
79,5,10,150,71,0.07821312100379274
80,5,10,150,71,0.0
81,5,10,150,71,0.08878770367712427
82,5,10,150,71,0.03187578878809277
83,5,10,150,71,0.07414861528507455
84,5,10,150,71,0.07550980911390262
85,5,10,150,71,0.04734112273659951
86,5,10,150,71,0.0
87,5,10,150,71,0.16641625059082407
88,5,10,150,71,0.18920035951687003
89,5,10,150,71,0.0
90,5,10,150,71,0.19659652872125194
91,5,10,150,71,0.0
92,5,10,150,71,0.03369782041898502
93,5,10,150,71,0.0
94,5,10,150,71,0.12253429761719764
95,5,10,150,71,0.07849567312219397
96,5,10,150,71,0.06482168843084862
97,5,10,150,71,0.0
98,5,10,150,71,0.0
99,5,10,150,71,0.13337585439143895
100,5,10,150,71,0.0
101,5,10,150,71,0.0
102,5,10,150,71,0.0
103,5,10,150,71,0.0
104,5,10,150,71,0.33958467175585033
105,5,10,150,71,0.0
106,5,10,150,71,0.06516188295518531
107,5,10,150,71,0.0
109,5,10,150,71,0.16563719724029594
110,5,10,150,71,0.03203603672019056
111,5,10,150,71,0.0
112,5,10,150,71,0.14155505107215216
113,5,10,150,71,0.0
114,5,10,150,71,0.08274602130532002
115,5,10,150,71,0.0718417865441674
116,5,10,150,71,0.0
117,5,10,150,71,0.0
118,5,10,150,71,0.2265416449833316
119,5,10,150,71,0.05891155956989184
120,5,10,150,71,0.0
121,5,10,150,71,0.13032376591037062
122,5,10,150,71,0.0
123,5,10,150,71,0.13720340769293682
124,5,10,150,71,0.0
125,5,10,150,71,0.05446333035917803
126,5,10,150,71,0.0
128,5,10,150,71,0.0
129,5,10,150,71,0.0
130,5,10,150,71,0.17195079996346713
131,5,10,150,71,0.0
132,5,10,150,71,0.0
133,5,10,150,71,0.0
134,5,10,150,71,0.0
135,5,10,150,71,0.0
136,5,10,150,71,0.0
137,5,10,150,71,0.1137075481082292
138,5,10,150,71,0.0976168253917686
139,5,10,150,71,0.10466868931043802
140,5,10,150,71,0.0
141,5,10,150,71,0.04733244938590725
142,5,10,150,71,0.0
143,5,10,150,71,0.0
144,5,10,150,71,0.0
145,5,10,150,71,0.19366238992468146
146,5,10,150,71,0.0
147,5,10,150,71,0.1033846481249528
148,5,10,150,71,0.19860821180640417
149,5,10,150,71,0.0
150,5,10,150,71,0.2640681225725909
151,5,10,150,71,0.1026571794225922
152,5,10,150,71,0.0
153,5,10,150,71,0.0
154,5,10,150,71,0.06416923277158361
155,5,10,150,71,0.0
156,5,10,150,71,0.0
157,5,10,150,71,0.0
158,5,10,150,71,0.13830208502611357
159,5,10,150,71,0.23138144801632507
160,5,10,150,71,0.20441309786906653
161,5,10,150,71,0.0
162,5,10,150,71,0.0
163,5,10,150,71,0.0
164,5,10,150,71,0.0
165,5,10,150,71,0.0
167,5,10,150,71,0.05319635904163211
168,5,10,150,71,0.0
169,5,10,150,71,0.0
170,5,10,150,71,0.0
171,5,10,150,71,0.0
173,5,10,150,71,0.0
174,5,10,150,71,0.09841425610124989
175,5,10,150,71,0.21517910082405575
176,5,10,150,71,0.06289692884934815
177,5,10,150,71,0.38113435412202
178,5,10,150,71,0.12597398707460816
179,5,10,150,71,0.09149012142095872
180,5,10,150,71,0.06228974831361337
181,5,10,150,71,0.11680461119565375
182,5,10,150,71,0.0
183,5,10,150,71,0.15101961822780524
184,5,10,150,71,0.0
185,5,10,150,71,0.0
186,5,10,150,71,0.04633132539002164
187,5,10,150,71,0.0
188,5,10,150,71,0.12925733948536566
189,5,10,150,71,0.18890011590178235
190,5,10,150,71,0.0
192,5,10,150,71,0.123151194370365
193,5,10,150,71,0.0
194,5,10,150,71,0.11343156218083877
195,5,10,150,71,0.11787667935667444
196,5,10,150,71,0.0
197,5,10,150,71,0.09546043308946733
198,5,10,150,71,0.0
199,5,10,150,71,0.0
200,5,10,150,71,0.09785159463516042
201,5,10,150,71,0.0
202,5,10,150,71,0.10466868931043802
203,5,10,150,71,0.0
204,5,10,150,71,0.19519002499605084
205,5,10,150,71,0.0
206,5,10,150,71,0.0
207,5,10,150,71,0.07517955939765397
208,5,10,150,71,0.0
209,5,10,150,71,0.0
210,5,10,150,71,0.2167516193508568
211,5,10,150,71,0.0
213,5,10,150,71,0.15669163589836543
214,5,10,150,71,0.0
216,5,10,150,71,0.23813231172447274
217,5,10,150,71,0.0
218,5,10,150,71,0.0
219,5,10,150,71,0.0
221,5,10,150,71,0.0
222,5,10,150,71,0.1050995674008573
223,5,10,150,71,0.0
224,5,10,150,71,0.0
225,5,10,150,71,0.09077089626867633
226,5,10,150,71,0.19092086617893467
227,5,10,150,71,0.0
228,5,10,150,71,0.0
229,5,10,150,71,0.0
230,5,10,150,71,0.12683081539850163
231,5,10,150,71,0.0
232,5,10,150,71,0.03962341267285813
233,5,10,150,71,0.3062523178880809
234,5,10,150,71,0.09887660119080527
235,5,10,150,71,0.06692738060277027
236,5,10,150,71,0.0
237,5,10,150,71,0.19342640361727081
238,5,10,150,71,0.0
239,5,10,150,71,0.06912040963822193
240,5,10,150,71,0.12495636102304827
241,5,10,150,71,0.0
242,5,10,150,71,0.0
243,5,10,150,71,0.0
244,5,10,150,71,0.049712302565054066
245,5,10,150,71,0.0
246,5,10,150,71,0.0561326498270945
247,5,10,150,71,0.09472348220010487
248,5,10,150,71,0.09472348220010487
249,5,10,150,71,0.09798874944313594
250,5,10,150,71,0.0
251,5,10,150,71,0.13032376591037062
252,5,10,150,71,0.20184908658209985
253,5,10,150,71,0.1084812001944431
254,5,10,150,71,0.08514311764162098
255,5,10,150,71,0.0
256,5,10,150,71,0.07107087490719705
257,5,10,150,71,0.07984133538066794
258,5,10,150,71,0.10144063749941859
259,5,10,150,71,0.1239740444869306
260,5,10,150,71,0.0
261,5,10,150,71,0.0
262,5,10,150,71,0.0
263,5,10,150,71,0.0956366800683804
264,5,10,150,71,0.050433735583135575
265,5,10,150,71,0.0
266,5,10,150,71,0.0
267,5,10,150,71,0.17168372277322866
268,5,10,150,71,0.049712302565054066
269,5,10,150,71,0.052962244777770985
270,5,10,150,71,0.041641441310299704
271,5,10,150,71,0.13010624216828925
272,5,10,150,71,0.1702293778633033
273,5,10,150,71,0.0
274,5,10,150,71,0.0
275,5,10,150,71,0.0
276,5,10,150,71,0.15875999922826586
277,5,10,150,71,0.0
278,5,10,150,71,0.1631512196835108
279,5,10,150,71,0.16020377431691654
280,5,10,150,71,0.16417286747746287
281,5,10,150,71,0.0
282,5,10,150,71,0.0
283,5,10,150,71,0.07028063830038406
284,5,10,150,71,0.0
285,5,10,150,71,0.0
286,5,10,150,71,0.09991246976864687
287,5,10,150,71,0.0
288,5,10,150,71,0.0859574327152926
289,5,10,150,71,0.16903020543979225
290,5,10,150,71,0.07834851647149511
291,5,10,150,71,0.07828167840727236
292,5,10,150,71,0.04224853374256244
293,5,10,150,71,0.11168650506419579
294,5,10,150,71,0.0
295,5,10,150,71,0.2603201838311303
296,5,10,150,71,0.18873901602586696
297,5,10,150,71,0.0
298,5,10,150,71,0.16915623549474385
299,5,10,150,71,0.0
300,5,10,150,71,0.0
301,5,10,150,71,0.06460801587741544
302,5,10,150,71,0.09224219235917257
303,5,10,150,71,0.07354269615643778
304,5,10,150,71,0.0
305,5,10,150,71,0.11349000778741654
306,5,10,150,71,0.0
307,5,10,150,71,0.10778915452451093
308,5,10,150,71,0.13490077762666258
310,5,10,150,71,0.0
311,5,10,150,71,0.13301422444853
312,5,10,150,71,0.1819616199123543
313,5,10,150,71,0.11270402374049442
314,5,10,150,71,0.16600564593053876
315,5,10,150,71,0.037110354711564805
316,5,10,150,71,0.0
317,5,10,150,71,0.0
318,5,10,150,71,0.1642688369468948
319,5,10,150,71,0.0
320,5,10,150,71,0.13927874459665815
321,5,10,150,71,0.0
322,5,10,150,71,0.0
323,5,10,150,71,0.1610425878239398
324,5,10,150,71,0.0
325,5,10,150,71,0.09092803061897883
326,5,10,150,71,0.027288805847552652
327,5,10,150,71,0.025410386140327024
328,5,10,150,71,0.09206364236149692
329,5,10,150,71,0.0
330,5,10,150,71,0.1313681680695099
331,5,10,150,71,0.0
332,5,10,150,71,0.09320485889859448
334,5,10,150,71,0.02249061179923914
335,5,10,150,71,0.0
336,5,10,150,71,0.0780824078938463
337,5,10,150,71,0.0
338,5,10,150,71,0.07132875491150918
339,5,10,150,71,0.20908777063504488
340,5,10,150,71,0.0
341,5,10,150,71,0.0
342,5,10,150,71,0.3608742720986609
343,5,10,150,71,0.09229649639444802
344,5,10,150,71,0.1202034973803211
345,5,10,150,71,0.18015355216717013
346,5,10,150,71,0.04366879852493834
347,5,10,150,71,0.22280620320442554
348,5,10,150,71,0.0
349,5,10,150,71,0.0
350,5,10,150,71,0.058087171966128066
351,5,10,150,71,0.07977344912567227
352,5,10,150,71,0.1903601622684853
353,5,10,150,71,0.14434031438272124
354,5,10,150,71,0.06335619058732639
355,5,10,150,71,0.0
356,5,10,150,71,0.0
357,5,10,150,71,0.0
358,5,10,150,71,0.06364028872631156
359,5,10,150,71,0.3010299956639812
360,5,10,150,71,0.12982031659526816
361,5,10,150,71,0.09478836436955078
362,5,10,150,71,0.0
363,5,10,150,71,0.24101654828754165
364,5,10,150,71,0.0
365,5,10,150,71,0.0
366,5,10,150,71,0.0
367,5,10,150,71,0.06369098129632131
368,5,10,150,71,0.0
369,5,10,150,71,0.0
370,5,10,150,71,0.0
371,5,10,150,71,0.19950301641376814
372,5,10,150,71,0.15130120674940672
373,5,10,150,71,0.22842722979011518
374,5,10,150,71,0.07472550252128253
375,5,10,150,71,0.0
376,5,10,150,71,0.0
377,5,10,150,71,0.0
378,5,10,150,71,0.13635638482251203
379,5,10,150,71,0.08433239722469389
380,5,10,150,71,0.0
381,5,10,150,71,0.0
382,5,10,150,71,0.09952375175972906
383,5,10,150,71,0.15042011455175697
384,5,10,150,71,0.0
385,5,10,150,71,0.0
386,5,10,150,71,0.0
387,5,10,150,71,0.08586571489348302
388,5,10,150,71,0.05789711601244791
389,5,10,150,71,0.09284203700798714
390,5,10,150,71,0.0
391,5,10,150,71,0.11245246430543061
392,5,10,150,71,0.1484702586346916
393,5,10,150,71,0.17201528718620057
394,5,10,150,71,0.16570616085215287
395,5,10,150,71,0.0
396,5,10,150,71,0.0
397,5,10,150,71,0.11004588314904008
398,5,10,150,71,0.28368572779044043
399,5,10,150,71,0.026175882249243814
400,5,10,150,71,0.0
401,5,10,150,71,0.02839245759615368
402,5,10,150,71,0.0
403,5,10,150,71,0.2529427027676571
404,5,10,150,71,0.0
405,5,10,150,71,0.030605898881908657
406,5,10,150,71,0.06360190926466157
407,5,10,150,71,0.09046795885890169
408,5,10,150,71,0.09983719697789138
409,5,10,150,71,0.05800611307095368
410,5,10,150,71,0.0
411,5,10,150,71,0.17342765698823945
412,5,10,150,71,0.0
413,5,10,150,71,0.0
414,5,10,150,71,0.21398626473452756
415,5,10,150,71,0.0
416,5,10,150,71,0.15805943220204186
417,5,10,150,71,0.11088189053445036
419,5,10,150,71,0.3536251441097701
420,5,10,150,71,0.05478392673173268
421,5,10,150,71,0.04264945290455212
422,5,10,150,71,0.0
423,5,10,150,71,0.13523051443907988
424,5,10,150,71,0.11683076629755684
425,5,10,150,71,0.22790846302569912
426,5,10,150,71,0.13571943816109763
427,5,10,150,71,0.06347904107373183
428,5,10,150,71,0.0
429,5,10,150,71,0.14041959417088476
430,5,10,150,71,0.1261446714466394
431,5,10,150,71,0.0
432,5,10,150,71,0.049369952841505485
433,5,10,150,71,0.0
434,5,10,150,71,0.3903800499921017
435,5,10,150,71,0.11347000084585261
436,5,10,150,71,0.08868088264964148
437,5,10,150,71,0.22972973128433707
438,5,10,150,71,0.0
439,5,10,150,71,0.0
440,5,10,150,71,0.06175696970122604
441,5,10,150,71,0.0
442,5,10,150,71,0.0
443,5,10,150,71,0.0
445,5,10,150,71,0.0
446,5,10,150,71,0.0
447,5,10,150,71,0.2726897692124621
448,5,10,150,71,0.0
449,5,10,150,71,0.07784399437297408
450,5,10,150,71,0.22640083277136241
451,5,10,150,71,0.0
452,5,10,150,71,0.1164707089663702
453,5,10,150,71,0.029956785715628154
454,5,10,150,71,0.07998109630822593
455,5,10,150,71,0.06727503205803352
456,5,10,150,71,0.07758828619721583
457,5,10,150,71,0.29418445531213994
458,5,10,150,71,0.04507276838148142
459,5,10,150,71,0.0
460,5,10,150,71,0.0
461,5,10,150,71,0.0
462,5,10,150,71,0.0
463,5,10,150,71,0.026903388345470878
464,5,10,150,71,0.0
465,5,10,150,71,0.0
466,5,10,150,71,0.03947525607388688
467,5,10,150,71,0.1436337620239326
468,5,10,150,71,0.25116683884278784
469,5,10,150,71,0.057417722536754784
470,5,10,150,71,0.0
471,5,10,150,71,0.0
472,5,10,150,71,0.14903271548086697
473,5,10,150,71,0.08754031530847717
474,5,10,150,71,0.34897204770080337
475,5,10,150,71,0.06516188295518531
476,5,10,150,71,0.0
477,5,10,150,71,0.055100238151135045
478,5,10,150,71,0.23782833255689273
479,5,10,150,71,0.07834096783470737
480,5,10,150,71,0.21398626473452756
481,5,10,150,71,0.13863671367752411
482,5,10,150,71,0.0
483,5,10,150,71,0.06912040963822193
484,5,10,150,71,0.09353062527112192
485,5,10,150,71,0.0
486,5,10,150,71,0.10311241692162332
487,5,10,150,71,0.2215000938796789
488,5,10,150,71,0.0
489,5,10,150,71,0.0
490,5,10,150,71,0.0
491,5,10,150,71,0.19092086617893467
492,5,10,150,71,0.12471554514794539
493,5,10,150,71,0.0332568859495131
494,5,10,150,71,0.07461492443139366
495,5,10,150,71,0.13496864851752693
496,5,10,150,71,0.05459112561892713
497,5,10,150,71,0.04285286422081118
498,5,10,150,71,0.03855307727568851
499,5,10,150,71,0.1912282106369008
500,5,10,150,71,0.05011951520627559
501,5,10,150,71,0.0
502,5,10,150,71,0.06364028872631156
503,5,10,150,71,0.25450081629313537
504,5,10,150,71,0.0
505,5,10,150,71,0.0
506,5,10,150,71,0.13939295695713902
507,5,10,150,71,0.03371865946438579
508,5,10,150,71,0.0
509,5,10,150,71,0.06474271459046577
510,5,10,150,71,0.0
511,5,10,150,71,0.0
512,5,10,150,71,0.18316925091363362
513,5,10,150,71,0.0461651444771445
514,5,10,150,71,0.10595566933616397
515,5,10,150,71,0.0
516,5,10,150,71,0.13768197790533618
517,5,10,150,71,0.042259191411409554
518,5,10,150,71,0.0
519,5,10,150,71,0.038800293177871176
520,5,10,150,71,0.0
521,5,10,150,71,0.0
522,5,10,150,71,0.0
523,5,10,150,71,0.07926830632613421
524,5,10,150,71,0.10258209047527363
525,5,10,150,71,0.0
526,5,10,150,71,0.1182238220856981
527,5,10,150,71,0.14943863047793596
528,5,10,150,71,0.14110144150616766
529,5,10,150,71,0.10471139591065548
530,5,10,150,71,0.0
531,5,10,150,71,0.0
532,5,10,150,71,0.04774713204658456
533,5,10,150,71,0.140097006072795
534,5,10,150,71,0.07450923581469894
535,5,10,150,71,0.2871959083713276
536,5,10,150,71,0.27314750625223144
537,5,10,150,71,0.44832199418927376
538,5,10,150,71,0.0
539,5,10,150,71,0.1560067947598593
540,5,10,150,71,0.0
541,5,10,150,71,0.1448454408452497
542,5,10,150,71,0.12627825946936164
543,5,10,150,71,0.03509626319517156
544,5,10,150,71,0.07631352592005593
545,5,10,150,71,0.052962244777770985
546,5,10,150,71,0.15314106296495628
547,5,10,150,71,0.0
548,5,10,150,71,0.06942726819239371
549,5,10,150,71,0.0
550,5,10,150,71,0.13436217909546777
551,5,10,150,71,0.2752215491034711
552,5,10,150,71,0.0
553,5,10,150,71,0.20968084445285137
554,5,10,150,71,0.16600564593053876
555,5,10,150,71,0.0
556,5,10,150,71,0.12479271849103059
557,5,10,150,71,0.053894577262255466
558,5,10,150,71,0.05718685316335169
559,5,10,150,71,0.0734773909038217
560,5,10,150,71,0.24050284760456656
561,5,10,150,71,0.033061907313818355
562,5,10,150,71,0.034743705427429224
563,5,10,150,71,0.0
564,5,10,150,71,0.0
565,5,10,150,71,0.18568675205192314
566,5,10,150,71,0.13665387068436016
567,5,10,150,71,0.15284013140891303
568,5,10,150,71,0.057107346298225524
569,5,10,150,71,0.0336639187988199
570,5,10,150,71,0.0
571,5,10,150,71,0.0
572,5,10,150,71,0.058995070558427745
573,5,10,150,71,0.035908240113829995
574,5,10,150,71,0.07616204594440379
575,5,10,150,71,0.056316753775798256
576,5,10,150,71,0.17342765698823945
577,5,10,150,71,0.22186862389759224
578,5,10,150,71,0.09818998961169394
579,5,10,150,71,0.0
580,5,10,150,71,0.21661076434387644
581,5,10,150,71,0.0
582,5,10,150,71,0.028361369701356044
583,5,10,150,71,0.08811076314737627
584,5,10,150,71,0.0
585,5,10,150,71,0.03272632263321488
586,5,10,150,71,0.09195192495929504
587,5,10,150,71,0.0
588,5,10,150,71,0.19986322535792533
589,5,10,150,71,0.0
590,5,10,150,71,0.18511573258657482
591,5,10,150,71,0.15758427078022966
592,5,10,150,71,0.24733769069979572
593,5,10,150,71,0.1847125373189141
594,5,10,150,71,0.0843142342558857
595,5,10,150,71,0.0
596,5,10,150,71,0.0
597,5,10,150,71,0.0
598,5,10,150,71,0.11752277470724268
599,5,10,150,71,0.16402353420682853
600,5,10,150,71,0.0
601,5,10,150,71,0.026557570376145638
602,5,10,150,71,0.0
603,5,10,150,71,0.06194403202282284
604,5,10,150,71,0.0
605,5,10,150,71,0.10589838376326657
606,5,10,150,71,0.2138150508755678
607,5,10,150,71,0.0
608,5,10,150,71,0.14688428242884272
609,5,10,150,71,0.11838279295536291
610,5,10,150,71,0.05781186855394371
611,5,10,150,71,0.03927158715985786
612,5,10,150,71,0.0
613,5,10,150,71,0.2049174583553662
614,5,10,150,71,0.13886244387355454
615,5,10,150,71,0.10251900332140326
616,5,10,150,71,0.09781579202094404
617,5,10,150,71,0.055659192768972764
618,5,10,150,71,0.13693830900397266
619,5,10,150,71,0.15406791387309057
620,5,10,150,71,0.1451323880538222
621,5,10,150,71,0.13589759152345549
622,5,10,150,71,0.10022910267662996
623,5,10,150,71,0.13369528351530374
624,5,10,150,71,0.019160322430058573
625,5,10,150,71,0.0
626,5,10,150,71,0.04690797720830594
627,5,10,150,71,0.04289205981312439
628,5,10,150,71,0.0
629,5,10,150,71,0.2013573326089747
630,5,10,150,71,0.12522204146604196
631,5,10,150,71,0.09240791929215005
632,5,10,150,71,0.3331495701314084
633,5,10,150,71,0.0455520698635181
634,5,10,150,71,0.023756977677906275
635,5,10,150,71,0.039407921945699885
636,5,10,150,71,0.0
637,5,10,150,71,0.0
638,5,10,150,71,0.15473934503245962
639,5,10,150,71,0.0
640,5,10,150,71,0.08757749316783438
641,5,10,150,71,0.03570665676503816
642,5,10,150,71,0.12881269730097572
643,5,10,150,71,0.15031592367651372
644,5,10,150,71,0.0
645,5,10,150,71,0.1856947245529553
646,5,10,150,71,0.0
647,5,10,150,71,0.03673869545191085
648,5,10,150,71,0.1085555695106063
649,5,10,150,71,0.0
650,5,10,150,71,0.1254799768350734
651,5,10,150,71,0.03443184397772452
652,5,10,150,71,0.0
653,5,10,150,71,0.0453606205978154
654,5,10,150,71,0.17020900230175445
655,5,10,150,71,0.25410903614163344
656,5,10,150,71,0.0
657,5,10,150,71,0.053845569940583225
658,5,10,150,71,0.0
659,5,10,150,71,0.07075240780563574
660,5,10,150,71,0.01156377453296346
661,5,10,150,71,0.12705991527984942
662,5,10,150,71,0.0
663,5,10,150,71,0.07874514948204092
664,5,10,150,71,0.05391021349625259
665,5,10,150,71,0.0
666,5,10,150,71,0.07860744541237058
667,5,10,150,71,0.2676806947950803
668,5,10,150,71,0.0
669,5,10,150,71,0.2672968266839232
670,5,10,150,71,0.15539533467551025
671,5,10,150,71,0.17434206503696043
672,5,10,150,71,0.0
673,5,10,150,71,0.0
674,5,10,150,71,0.0
675,5,10,150,71,0.05010834716923557
676,5,10,150,71,0.0
677,5,10,150,71,0.03927489746221688
678,5,10,150,71,0.0
679,5,10,150,71,0.26970586372388394
680,5,10,150,71,0.2073612289146658
681,5,10,150,71,0.0
682,5,10,150,71,0.10828303194897612
683,5,10,150,71,0.06289349548893712
684,5,10,150,71,0.0
685,5,10,150,71,0.0
686,5,10,150,71,0.11524934452025383
687,5,10,150,71,0.0
688,5,10,150,71,0.0
689,5,10,150,71,0.32436268379537736
690,5,10,150,71,0.0
691,5,10,150,71,0.0
692,5,10,150,71,0.0
693,5,10,150,71,0.0
694,5,10,150,71,0.20269611984358588
695,5,10,150,71,0.0607039656753694
696,5,10,150,71,0.12935879342602336
697,5,10,150,71,0.06378035696304758
698,5,10,150,71,0.09499131598480672
699,5,10,150,71,0.0
700,5,10,150,71,0.16958010263680806
701,5,10,150,71,0.04129602134854855
702,5,10,150,71,0.0
703,5,10,150,71,0.03870447337439288
704,5,10,150,71,0.09986079379105446
705,5,10,150,71,0.18775788588526962
706,5,10,150,71,0.0
707,5,10,150,71,0.11204043240783193
708,5,10,150,71,0.0775903127417896
709,5,10,150,71,0.10371915894912967
710,5,10,150,71,0.05710411178654767
711,5,10,150,71,0.14431653919064127
712,5,10,150,71,0.12435918123916344
713,5,10,150,71,0.0
714,5,10,150,71,0.04195229264874745
715,5,10,150,71,0.07261309108674657
716,5,10,150,71,0.15882496315278993
717,5,10,150,71,0.18940567332300148
718,5,10,150,71,0.14061157344379913
719,5,10,150,71,0.1811528335938261
720,5,10,150,71,0.05261577455142312
721,5,10,150,71,0.16233113210833738
722,5,10,150,71,0.0
723,5,10,150,71,0.0
724,5,10,150,71,0.0
725,5,10,150,71,0.05750402108673013
726,5,10,150,71,0.2529427027676571
727,5,10,150,71,0.09226377145031062
728,5,10,150,71,0.0
729,5,10,150,71,0.0
730,5,10,150,71,0.0
731,5,10,150,71,0.04466441818602386
732,5,10,150,71,0.0
733,5,10,150,71,0.0
734,5,10,150,71,0.0655813061736612
735,5,10,150,71,0.0
736,5,10,150,71,0.0
737,5,10,150,71,0.16282663249631943
738,5,10,150,71,0.2632431729022225
739,5,10,150,71,0.0
740,5,10,150,71,0.0
741,5,10,150,71,0.10965210684801945
742,5,10,150,71,0.04553761034739079
743,5,10,150,71,0.0814476682319001
744,5,10,150,71,0.08878770367712427
745,5,10,150,71,0.3682049230943936
746,5,10,150,71,0.11450296808588954
747,5,10,150,71,0.36317935654672134
748,5,10,150,71,0.1946257849561795
749,5,10,150,71,0.13083281594483087
750,5,10,150,71,0.07219614103266732
751,5,10,150,71,0.09679442811841048
752,5,10,150,71,0.020210299806331135
753,5,10,150,71,0.15406810205846871
754,5,10,150,71,0.0
755,5,10,150,71,0.067228724047084
756,5,10,150,71,0.08493193341306005
757,5,10,150,71,0.06756111822138194
758,5,10,150,71,0.2226136549294438
759,5,10,150,71,0.038281751104512325
760,5,10,150,71,0.11447590313611888
761,5,10,150,71,0.03339755935325358
762,5,10,150,71,0.11568388634051256
763,5,10,150,71,0.20859185628046678
764,5,10,150,71,0.08207588022692468
765,5,10,150,71,0.0
766,5,10,150,71,0.050541549839211865
767,5,10,150,71,0.2073612289146658
768,5,10,150,71,0.07655078846581868
769,5,10,150,71,0.0
770,5,10,150,71,0.04692206785373726
771,5,10,150,71,0.2149590517835668
772,5,10,150,71,0.03353522641880846
773,5,10,150,71,0.08236155615232364
774,5,10,150,71,0.037938266640638346
775,5,10,150,71,0.0
776,5,10,150,71,0.12155614423940549
777,5,10,150,71,0.14445412169961394
778,5,10,150,71,0.024850109207689472
779,5,10,150,71,0.05878132199396477
780,5,10,150,71,0.10517111999408618
781,5,10,150,71,0.21898681539091044
782,5,10,150,71,0.011682866481104625
783,5,10,150,71,0.0
784,5,10,150,71,0.0
785,5,10,150,71,0.048159222084064895
786,5,10,150,71,0.13370327844286975
787,5,10,150,71,0.0683037314796457
788,5,10,150,71,0.16326685602085825
789,5,10,150,71,0.059109628562248356
790,5,10,150,71,0.061164926776588226
791,5,10,150,71,0.0
792,5,10,150,71,0.0
793,5,10,150,71,0.0
794,5,10,150,71,0.22201254783236782
795,5,10,150,71,0.09354596657002175
796,5,10,150,71,0.3415378518844512
797,5,10,150,71,0.09030583455080088
798,5,10,150,71,0.10062855695987083
799,5,10,150,71,0.0
800,5,10,150,71,0.0
801,5,10,150,71,0.03096677356901516
802,5,10,150,71,0.030863419558816
803,5,10,150,71,0.0
804,5,10,150,71,0.1591359950166652
805,5,10,150,71,0.11135272275308976
806,5,10,150,71,0.13891238635540284
807,5,10,150,71,0.20245418318132935
808,5,10,150,71,0.040655755922716606
809,5,10,150,71,0.07484323939884738
810,5,10,150,71,0.0
811,5,10,150,71,0.05062543788674174
812,5,10,150,71,0.0
813,5,10,150,71,0.17367331957930765
814,5,10,150,71,0.1426080995102236
815,5,10,150,71,0.236085667154564
816,5,10,150,71,0.08005612702969578
817,5,10,150,71,0.0
818,5,10,150,71,0.0
819,5,10,150,71,0.15575997463127336
820,5,10,150,71,0.041641441310299704
821,5,10,150,71,0.19220292042320755
822,5,10,150,71,0.03902876023380719
823,5,10,150,71,0.2906133158292902
824,5,10,150,71,0.0
825,5,10,150,71,0.09224743688771847
826,5,10,150,71,0.0956022175683246
827,5,10,150,71,0.0
828,5,10,150,71,0.07244745602732354
829,5,10,150,71,0.1633399391391799
830,5,10,150,71,0.10053254151308513
831,5,10,150,71,0.22386873883314284
832,5,10,150,71,0.041355644490859725
833,5,10,150,71,0.1347232642889671
834,5,10,150,71,0.05812385221666077
835,5,10,150,71,0.1354237881872558
836,5,10,150,71,0.10882945376944808
837,5,10,150,71,0.022383927187041207
838,5,10,150,71,0.14570435926304814
839,5,10,150,71,0.05646784228340616
840,5,10,150,71,0.2819937306151585
841,5,10,150,71,0.0
842,5,10,150,71,0.03314153504336938
843,5,10,150,71,0.09540407876607725
844,5,10,150,71,0.14767302746812566
845,5,10,150,71,0.0
846,5,10,150,71,0.28647538616309126
847,5,10,150,71,0.0
848,5,10,150,71,0.11376955693775168
849,5,10,150,71,0.1917146328376363
850,5,10,150,71,0.22524778298991205
851,5,10,150,71,0.26573209987335883
852,5,10,150,71,0.0
853,5,10,150,71,0.0
854,5,10,150,71,0.15349447810535743
855,5,10,150,71,0.0
856,5,10,150,71,0.0628634487195275
857,5,10,150,71,0.0
858,5,10,150,71,0.0
859,5,10,150,71,0.0
860,5,10,150,71,0.01655521147192675
861,5,10,150,71,0.12001290632387755
862,5,10,150,71,0.22206928308650745
863,5,10,150,71,0.04034656861822919
864,5,10,150,71,0.2731619111972637
865,5,10,150,71,0.015797522321751672
866,5,10,150,71,0.12374681498530773
867,5,10,150,71,0.3163289558038732
868,5,10,150,71,0.12563088536816508
869,5,10,150,71,0.09414478450656023
870,5,10,150,71,0.10397672454059739
871,5,10,150,71,0.23335170418377482
872,5,10,150,71,0.03050926163237471
873,5,10,150,71,0.0
874,5,10,150,71,0.06575393297476358
875,5,10,150,71,0.23549131868893233
876,5,10,150,71,0.0
877,5,10,150,71,0.03487978243545732
878,5,10,150,71,0.0517409192479498
879,5,10,150,71,0.07180913162424091
880,5,10,150,71,0.326399733093699
881,5,10,150,71,0.2954544004402311
882,5,10,150,71,0.2822878366990233
883,5,10,150,71,0.35798543672068267
884,5,10,150,71,0.028767091820622218
885,5,10,150,71,0.10709607345972089
886,5,10,150,71,0.16853471142647233
887,5,10,150,71,0.183520570334243
888,5,10,150,71,0.0
889,5,10,150,71,0.23182854257776453
890,5,10,150,71,0.3092354590022605
891,5,10,150,71,0.09013275514532934
892,5,10,150,71,0.4256641773379806
893,5,10,150,71,0.05014695371369417
894,5,10,150,71,0.20245556032724182
895,5,10,150,71,0.0
896,5,10,150,71,0.3454246805545326
897,5,10,150,71,0.261473661593344
898,5,10,150,71,0.0
899,5,10,150,71,0.15581872740979377
900,5,10,150,71,0.09313286019574611
901,5,10,150,71,0.23456566594755848
902,5,10,150,71,0.025255271126572616
903,5,10,150,71,0.3428860293937315
904,5,10,150,71,0.0
905,5,10,150,71,0.08773956418811966
906,5,10,150,71,0.06212701143918119
907,5,10,150,71,0.21836341621156893
908,5,10,150,71,0.20640898076180436
909,5,10,150,71,0.0
910,5,10,150,71,0.14111581018360284
911,5,10,150,71,0.07221694898330532
912,5,10,150,71,0.17292384468805336
913,5,10,150,71,0.19718241069643952
914,5,10,150,71,0.0
915,5,10,150,71,0.0
916,5,10,150,71,0.19811270696339797
917,5,10,150,71,0.019845431127916993
918,5,10,150,71,0.0253533085437572
919,5,10,150,71,0.12027838343735005
920,5,10,150,71,0.26814570941777965
921,5,10,150,71,0.02477447378142753
922,5,10,150,71,0.12600096830954066
923,5,10,150,71,0.053605537438321305
924,5,10,150,71,0.11819634191622581
925,5,10,150,71,0.08576373115156254
926,5,10,150,71,0.18690891198435525
927,5,10,150,71,0.14497862977277773
928,5,10,150,71,0.2047606321191804
929,5,10,150,71,0.11107244313646446
930,5,10,150,71,0.12668740771092546
931,5,10,150,71,0.059539365700728666
932,5,10,150,71,0.35232895797340397
933,5,10,150,71,0.059839472960527926
934,5,10,150,71,0.24156783287101094
935,5,10,150,71,0.043888403129016776
936,5,10,150,71,0.10953682782218462
937,5,10,150,71,0.09560624946230661
938,5,10,150,71,0.08622828911353735
939,5,10,150,71,0.05231692143384187
940,5,10,150,71,0.09469359068019315
941,5,10,150,71,0.2271186442798205
942,5,10,150,71,0.15189892875816283
943,5,10,150,71,0.16637582230706197
1,5,10,150,72,0.4058715898896693
2,5,10,150,72,0.14433828292945616
3,5,10,150,72,0.08759200575528697
4,5,10,150,72,0.0
5,5,10,150,72,0.04470486007704452
6,5,10,150,72,0.04187254809446048
7,5,10,150,72,0.22836484467160698
8,5,10,150,72,0.0
9,5,10,150,72,0.0
10,5,10,150,72,0.3005733545514552
11,5,10,150,72,0.03947525607388688
12,5,10,150,72,0.14632177291384774
13,5,10,150,72,0.24256092752724764
14,5,10,150,72,0.18795160328752808
15,5,10,150,72,0.0
16,5,10,150,72,0.19107502160562695
17,5,10,150,72,0.0
18,5,10,150,72,0.17872418048185143
19,5,10,150,72,0.0
20,5,10,150,72,0.13743816645714543
21,5,10,150,72,0.17643857112498312
22,5,10,150,72,0.040815803121742565
23,5,10,150,72,0.10387012192613786
24,5,10,150,72,0.08835266840320231
25,5,10,150,72,0.23940867474021393
26,5,10,150,72,0.0
27,5,10,150,72,0.0
28,5,10,150,72,0.10131242160793445
30,5,10,150,72,0.08133484538841967
31,5,10,150,72,0.11164668500969883
32,5,10,150,72,0.19519002499605084
33,5,10,150,72,0.0
34,5,10,150,72,0.0
35,5,10,150,72,0.0
37,5,10,150,72,0.08177471774917201
38,5,10,150,72,0.0
39,5,10,150,72,0.0
40,5,10,150,72,0.0
41,5,10,150,72,0.06835476917178976
42,5,10,150,72,0.08850778826764391
43,5,10,150,72,0.0
44,5,10,150,72,0.29540493557662006
45,5,10,150,72,0.0
46,5,10,150,72,0.0
47,5,10,150,72,0.0
48,5,10,150,72,0.07028063830038406
49,5,10,150,72,0.05432573058142762
52,5,10,150,72,0.06369098129632131
53,5,10,150,72,0.0
54,5,10,150,72,0.0
55,5,10,150,72,0.0
56,5,10,150,72,0.11781210270929884
57,5,10,150,72,0.1318392860374695
58,5,10,150,72,0.40256699612340546
59,5,10,150,72,0.19233148606048747
60,5,10,150,72,0.1076743759411119
61,5,10,150,72,0.0
62,5,10,150,72,0.09586820699422145
63,5,10,150,72,0.0
64,5,10,150,72,0.07635718686081962
65,5,10,150,72,0.2342550150352983
66,5,10,150,72,0.06636133566432367
67,5,10,150,72,0.0
68,5,10,150,72,0.0
69,5,10,150,72,0.0
70,5,10,150,72,0.0
71,5,10,150,72,0.20758456043036028
72,5,10,150,72,0.10990826949013655
73,5,10,150,72,0.10052888926242022
74,5,10,150,72,0.0
75,5,10,150,72,0.05515026856924372
76,5,10,150,72,0.10633668103022985
77,5,10,150,72,0.14247142730086715
78,5,10,150,72,0.0
79,5,10,150,72,0.07821312100379274
80,5,10,150,72,0.0
81,5,10,150,72,0.08878770367712427
82,5,10,150,72,0.03187578878809277
83,5,10,150,72,0.07414861528507455
84,5,10,150,72,0.07550980911390262
85,5,10,150,72,0.04734112273659951
86,5,10,150,72,0.0
87,5,10,150,72,0.16641625059082407
88,5,10,150,72,0.18920035951687003
89,5,10,150,72,0.0
90,5,10,150,72,0.19659652872125194
91,5,10,150,72,0.0
92,5,10,150,72,0.03369782041898502
93,5,10,150,72,0.0
94,5,10,150,72,0.12253429761719764
95,5,10,150,72,0.07849567312219397
96,5,10,150,72,0.06482168843084862
97,5,10,150,72,0.0
98,5,10,150,72,0.0
99,5,10,150,72,0.13337585439143895
100,5,10,150,72,0.0
101,5,10,150,72,0.0
102,5,10,150,72,0.0
103,5,10,150,72,0.0
104,5,10,150,72,0.33958467175585033
105,5,10,150,72,0.0
106,5,10,150,72,0.06516188295518531
107,5,10,150,72,0.0
109,5,10,150,72,0.16563719724029594
110,5,10,150,72,0.03203603672019056
111,5,10,150,72,0.0
112,5,10,150,72,0.14155505107215216
113,5,10,150,72,0.0
114,5,10,150,72,0.08274602130532002
115,5,10,150,72,0.0718417865441674
116,5,10,150,72,0.0
117,5,10,150,72,0.0
118,5,10,150,72,0.2265416449833316
119,5,10,150,72,0.05891155956989184
120,5,10,150,72,0.0
121,5,10,150,72,0.13032376591037062
122,5,10,150,72,0.0
123,5,10,150,72,0.13720340769293682
124,5,10,150,72,0.0
125,5,10,150,72,0.05446333035917803
126,5,10,150,72,0.0
128,5,10,150,72,0.0
129,5,10,150,72,0.0
130,5,10,150,72,0.17195079996346713
131,5,10,150,72,0.0
132,5,10,150,72,0.0
133,5,10,150,72,0.0
134,5,10,150,72,0.0
135,5,10,150,72,0.0
136,5,10,150,72,0.0
137,5,10,150,72,0.1137075481082292
138,5,10,150,72,0.0976168253917686
139,5,10,150,72,0.10466868931043802
140,5,10,150,72,0.0
141,5,10,150,72,0.04733244938590725
142,5,10,150,72,0.0
143,5,10,150,72,0.0
144,5,10,150,72,0.0
145,5,10,150,72,0.19366238992468146
146,5,10,150,72,0.0
147,5,10,150,72,0.1033846481249528
148,5,10,150,72,0.19860821180640417
149,5,10,150,72,0.0
150,5,10,150,72,0.2640681225725909
151,5,10,150,72,0.1026571794225922
152,5,10,150,72,0.0
153,5,10,150,72,0.0
154,5,10,150,72,0.06416923277158361
155,5,10,150,72,0.0
156,5,10,150,72,0.0
157,5,10,150,72,0.0
158,5,10,150,72,0.13830208502611357
159,5,10,150,72,0.23138144801632507
160,5,10,150,72,0.20441309786906653
161,5,10,150,72,0.0
162,5,10,150,72,0.0
163,5,10,150,72,0.0
164,5,10,150,72,0.0
165,5,10,150,72,0.0
167,5,10,150,72,0.05319635904163211
168,5,10,150,72,0.0
169,5,10,150,72,0.0
170,5,10,150,72,0.0
171,5,10,150,72,0.0
173,5,10,150,72,0.0
174,5,10,150,72,0.09841425610124989
175,5,10,150,72,0.21517910082405575
176,5,10,150,72,0.06289692884934815
177,5,10,150,72,0.38113435412202
178,5,10,150,72,0.12597398707460816
179,5,10,150,72,0.09149012142095872
180,5,10,150,72,0.06228974831361337
181,5,10,150,72,0.11680461119565375
182,5,10,150,72,0.0
183,5,10,150,72,0.15101961822780524
184,5,10,150,72,0.0
185,5,10,150,72,0.0
186,5,10,150,72,0.04633132539002164
187,5,10,150,72,0.0
188,5,10,150,72,0.12925733948536566
189,5,10,150,72,0.18890011590178235
190,5,10,150,72,0.0
192,5,10,150,72,0.123151194370365
193,5,10,150,72,0.0
194,5,10,150,72,0.11343156218083877
195,5,10,150,72,0.11787667935667444
196,5,10,150,72,0.0
197,5,10,150,72,0.09546043308946733
198,5,10,150,72,0.0
199,5,10,150,72,0.0
200,5,10,150,72,0.09785159463516042
201,5,10,150,72,0.0
202,5,10,150,72,0.10466868931043802
203,5,10,150,72,0.0
204,5,10,150,72,0.19519002499605084
205,5,10,150,72,0.0
206,5,10,150,72,0.0
207,5,10,150,72,0.11073658758229504
208,5,10,150,72,0.0
209,5,10,150,72,0.0
210,5,10,150,72,0.2167516193508568
211,5,10,150,72,0.0
213,5,10,150,72,0.15669163589836543
214,5,10,150,72,0.0
216,5,10,150,72,0.23813231172447274
217,5,10,150,72,0.0
218,5,10,150,72,0.0
219,5,10,150,72,0.0
221,5,10,150,72,0.0
222,5,10,150,72,0.1050995674008573
223,5,10,150,72,0.0
224,5,10,150,72,0.0
225,5,10,150,72,0.09077089626867633
226,5,10,150,72,0.19092086617893467
227,5,10,150,72,0.0
228,5,10,150,72,0.0
229,5,10,150,72,0.0
230,5,10,150,72,0.12683081539850163
231,5,10,150,72,0.0
232,5,10,150,72,0.03962341267285813
233,5,10,150,72,0.3062523178880809
234,5,10,150,72,0.09887660119080527
235,5,10,150,72,0.06692738060277027
236,5,10,150,72,0.0
237,5,10,150,72,0.19342640361727081
238,5,10,150,72,0.0
239,5,10,150,72,0.06912040963822193
240,5,10,150,72,0.12495636102304827
241,5,10,150,72,0.0
242,5,10,150,72,0.0
243,5,10,150,72,0.0
244,5,10,150,72,0.049712302565054066
245,5,10,150,72,0.0
246,5,10,150,72,0.0561326498270945
247,5,10,150,72,0.09472348220010487
248,5,10,150,72,0.09472348220010487
249,5,10,150,72,0.09798874944313594
250,5,10,150,72,0.0
251,5,10,150,72,0.13032376591037062
252,5,10,150,72,0.20184908658209985
253,5,10,150,72,0.1084812001944431
254,5,10,150,72,0.08514311764162098
255,5,10,150,72,0.0
256,5,10,150,72,0.07107087490719705
257,5,10,150,72,0.07984133538066794
258,5,10,150,72,0.10144063749941859
259,5,10,150,72,0.1239740444869306
260,5,10,150,72,0.0
261,5,10,150,72,0.0
262,5,10,150,72,0.0
263,5,10,150,72,0.0956366800683804
264,5,10,150,72,0.050433735583135575
265,5,10,150,72,0.0
266,5,10,150,72,0.0
267,5,10,150,72,0.17168372277322866
268,5,10,150,72,0.07517090309261779
269,5,10,150,72,0.052962244777770985
270,5,10,150,72,0.041641441310299704
271,5,10,150,72,0.13010624216828925
272,5,10,150,72,0.1702293778633033
273,5,10,150,72,0.0
274,5,10,150,72,0.0
275,5,10,150,72,0.0
276,5,10,150,72,0.15875999922826586
277,5,10,150,72,0.0
278,5,10,150,72,0.1631512196835108
279,5,10,150,72,0.16020377431691654
280,5,10,150,72,0.16417286747746287
281,5,10,150,72,0.0
282,5,10,150,72,0.0
283,5,10,150,72,0.07028063830038406
284,5,10,150,72,0.0
285,5,10,150,72,0.0
286,5,10,150,72,0.09991246976864687
287,5,10,150,72,0.0
288,5,10,150,72,0.0859574327152926
289,5,10,150,72,0.16903020543979225
290,5,10,150,72,0.07834851647149511
291,5,10,150,72,0.07828167840727236
292,5,10,150,72,0.04224853374256244
293,5,10,150,72,0.11168650506419579
294,5,10,150,72,0.0
295,5,10,150,72,0.2603201838311303
296,5,10,150,72,0.18873901602586696
297,5,10,150,72,0.0
298,5,10,150,72,0.16915623549474385
299,5,10,150,72,0.0
300,5,10,150,72,0.0
301,5,10,150,72,0.06460801587741544
302,5,10,150,72,0.09224219235917257
303,5,10,150,72,0.07354269615643778
304,5,10,150,72,0.0
305,5,10,150,72,0.11349000778741654
306,5,10,150,72,0.0
307,5,10,150,72,0.10778915452451093
308,5,10,150,72,0.13490077762666258
310,5,10,150,72,0.0
311,5,10,150,72,0.13301422444853
312,5,10,150,72,0.1819616199123543
313,5,10,150,72,0.11270402374049442
314,5,10,150,72,0.16600564593053876
315,5,10,150,72,0.037110354711564805
316,5,10,150,72,0.0
317,5,10,150,72,0.0
318,5,10,150,72,0.1642688369468948
319,5,10,150,72,0.0
320,5,10,150,72,0.13927874459665815
321,5,10,150,72,0.0
322,5,10,150,72,0.0
323,5,10,150,72,0.1610425878239398
324,5,10,150,72,0.0
325,5,10,150,72,0.09092803061897883
326,5,10,150,72,0.027288805847552652
327,5,10,150,72,0.025410386140327024
328,5,10,150,72,0.09206364236149692
329,5,10,150,72,0.0
330,5,10,150,72,0.1313681680695099
331,5,10,150,72,0.0
332,5,10,150,72,0.09320485889859448
334,5,10,150,72,0.02249061179923914
335,5,10,150,72,0.16155546744299637
336,5,10,150,72,0.0780824078938463
337,5,10,150,72,0.0
338,5,10,150,72,0.07132875491150918
339,5,10,150,72,0.20908777063504488
340,5,10,150,72,0.0
341,5,10,150,72,0.0
342,5,10,150,72,0.3608742720986609
343,5,10,150,72,0.09229649639444802
344,5,10,150,72,0.1202034973803211
345,5,10,150,72,0.18015355216717013
346,5,10,150,72,0.04366879852493834
347,5,10,150,72,0.22280620320442554
348,5,10,150,72,0.0
349,5,10,150,72,0.0
350,5,10,150,72,0.058087171966128066
351,5,10,150,72,0.07977344912567227
352,5,10,150,72,0.1903601622684853
353,5,10,150,72,0.14434031438272124
354,5,10,150,72,0.06335619058732639
355,5,10,150,72,0.0
356,5,10,150,72,0.0
357,5,10,150,72,0.0
358,5,10,150,72,0.06364028872631156
359,5,10,150,72,0.3010299956639812
360,5,10,150,72,0.12982031659526816
361,5,10,150,72,0.09478836436955078
362,5,10,150,72,0.054793185501041654
363,5,10,150,72,0.24101654828754165
364,5,10,150,72,0.0
365,5,10,150,72,0.0
366,5,10,150,72,0.0
367,5,10,150,72,0.06369098129632131
368,5,10,150,72,0.0
369,5,10,150,72,0.0
370,5,10,150,72,0.0
371,5,10,150,72,0.19950301641376814
372,5,10,150,72,0.15130120674940672
373,5,10,150,72,0.22842722979011518
374,5,10,150,72,0.07472550252128253
375,5,10,150,72,0.0
376,5,10,150,72,0.0
377,5,10,150,72,0.0
378,5,10,150,72,0.13635638482251203
379,5,10,150,72,0.08433239722469389
380,5,10,150,72,0.0
381,5,10,150,72,0.0
382,5,10,150,72,0.09952375175972906
383,5,10,150,72,0.15042011455175697
384,5,10,150,72,0.0
385,5,10,150,72,0.0
386,5,10,150,72,0.0
387,5,10,150,72,0.08586571489348302
388,5,10,150,72,0.05789711601244791
389,5,10,150,72,0.09284203700798714
390,5,10,150,72,0.0
391,5,10,150,72,0.11245246430543061
392,5,10,150,72,0.1484702586346916
393,5,10,150,72,0.17201528718620057
394,5,10,150,72,0.16570616085215287
395,5,10,150,72,0.0
396,5,10,150,72,0.0
397,5,10,150,72,0.11004588314904008
398,5,10,150,72,0.28368572779044043
399,5,10,150,72,0.026175882249243814
400,5,10,150,72,0.0
401,5,10,150,72,0.02839245759615368
402,5,10,150,72,0.0
403,5,10,150,72,0.2529427027676571
404,5,10,150,72,0.0
405,5,10,150,72,0.030307896983589967
406,5,10,150,72,0.06360190926466157
407,5,10,150,72,0.09046795885890169
408,5,10,150,72,0.09983719697789138
409,5,10,150,72,0.05800611307095368
410,5,10,150,72,0.0
411,5,10,150,72,0.17342765698823945
412,5,10,150,72,0.0
413,5,10,150,72,0.0
414,5,10,150,72,0.21398626473452756
415,5,10,150,72,0.0
416,5,10,150,72,0.15805943220204186
417,5,10,150,72,0.11088189053445036
419,5,10,150,72,0.3536251441097701
420,5,10,150,72,0.05478392673173268
421,5,10,150,72,0.04264945290455212
422,5,10,150,72,0.0
423,5,10,150,72,0.13523051443907988
424,5,10,150,72,0.11683076629755684
425,5,10,150,72,0.22790846302569912
426,5,10,150,72,0.13571943816109763
427,5,10,150,72,0.06347904107373183
428,5,10,150,72,0.0
429,5,10,150,72,0.14041959417088476
430,5,10,150,72,0.1261446714466394
431,5,10,150,72,0.0
432,5,10,150,72,0.049369952841505485
433,5,10,150,72,0.0
434,5,10,150,72,0.3903800499921017
435,5,10,150,72,0.11347000084585261
436,5,10,150,72,0.08868088264964148
437,5,10,150,72,0.22972973128433707
438,5,10,150,72,0.0
439,5,10,150,72,0.0
440,5,10,150,72,0.06175696970122604
441,5,10,150,72,0.0
442,5,10,150,72,0.0
443,5,10,150,72,0.0
445,5,10,150,72,0.0
446,5,10,150,72,0.0
447,5,10,150,72,0.2726897692124621
448,5,10,150,72,0.0
449,5,10,150,72,0.07784399437297408
450,5,10,150,72,0.22640083277136241
451,5,10,150,72,0.0
452,5,10,150,72,0.1164707089663702
453,5,10,150,72,0.029956785715628154
454,5,10,150,72,0.07998109630822593
455,5,10,150,72,0.06727503205803352
456,5,10,150,72,0.07758828619721583
457,5,10,150,72,0.29418445531213994
458,5,10,150,72,0.04507276838148142
459,5,10,150,72,0.0
460,5,10,150,72,0.0
461,5,10,150,72,0.0
462,5,10,150,72,0.0
463,5,10,150,72,0.026903388345470878
464,5,10,150,72,0.0
465,5,10,150,72,0.0
466,5,10,150,72,0.03947525607388688
467,5,10,150,72,0.1436337620239326
468,5,10,150,72,0.25116683884278784
469,5,10,150,72,0.057417722536754784
470,5,10,150,72,0.0
471,5,10,150,72,0.0
472,5,10,150,72,0.14903271548086697
473,5,10,150,72,0.08754031530847717
474,5,10,150,72,0.34897204770080337
475,5,10,150,72,0.06516188295518531
476,5,10,150,72,0.0
477,5,10,150,72,0.055100238151135045
478,5,10,150,72,0.23782833255689273
479,5,10,150,72,0.07834096783470737
480,5,10,150,72,0.21398626473452756
481,5,10,150,72,0.13863671367752411
482,5,10,150,72,0.0
483,5,10,150,72,0.06912040963822193
484,5,10,150,72,0.09353062527112192
485,5,10,150,72,0.0
486,5,10,150,72,0.10311241692162332
487,5,10,150,72,0.2215000938796789
488,5,10,150,72,0.0
489,5,10,150,72,0.0
490,5,10,150,72,0.0
491,5,10,150,72,0.19092086617893467
492,5,10,150,72,0.12471554514794539
493,5,10,150,72,0.0332568859495131
494,5,10,150,72,0.07461492443139366
495,5,10,150,72,0.13496864851752693
496,5,10,150,72,0.05459112561892713
497,5,10,150,72,0.04285286422081118
498,5,10,150,72,0.03855307727568851
499,5,10,150,72,0.1912282106369008
500,5,10,150,72,0.05011951520627559
501,5,10,150,72,0.0
502,5,10,150,72,0.06364028872631156
503,5,10,150,72,0.25450081629313537
504,5,10,150,72,0.0
505,5,10,150,72,0.0
506,5,10,150,72,0.13939295695713902
507,5,10,150,72,0.03371865946438579
508,5,10,150,72,0.0
509,5,10,150,72,0.06474271459046577
510,5,10,150,72,0.0
511,5,10,150,72,0.0
512,5,10,150,72,0.18316925091363362
513,5,10,150,72,0.0461651444771445
514,5,10,150,72,0.10595566933616397
515,5,10,150,72,0.0
516,5,10,150,72,0.13768197790533618
517,5,10,150,72,0.042259191411409554
518,5,10,150,72,0.0
519,5,10,150,72,0.07435732136251223
520,5,10,150,72,0.0
521,5,10,150,72,0.0
522,5,10,150,72,0.0
523,5,10,150,72,0.07926830632613421
524,5,10,150,72,0.10258209047527363
525,5,10,150,72,0.0
526,5,10,150,72,0.1182238220856981
527,5,10,150,72,0.14943863047793596
528,5,10,150,72,0.14110144150616766
529,5,10,150,72,0.10471139591065548
530,5,10,150,72,0.0
531,5,10,150,72,0.0
532,5,10,150,72,0.04774713204658456
533,5,10,150,72,0.140097006072795
534,5,10,150,72,0.07450923581469894
535,5,10,150,72,0.2871959083713276
536,5,10,150,72,0.27314750625223144
537,5,10,150,72,0.44395679629582463
538,5,10,150,72,0.0
539,5,10,150,72,0.1560067947598593
540,5,10,150,72,0.0
541,5,10,150,72,0.1448454408452497
542,5,10,150,72,0.12627825946936164
543,5,10,150,72,0.03509626319517156
544,5,10,150,72,0.07631352592005593
545,5,10,150,72,0.052962244777770985
546,5,10,150,72,0.15314106296495628
547,5,10,150,72,0.0
548,5,10,150,72,0.06942726819239371
549,5,10,150,72,0.0
550,5,10,150,72,0.13436217909546777
551,5,10,150,72,0.2752215491034711
552,5,10,150,72,0.0
553,5,10,150,72,0.20968084445285137
554,5,10,150,72,0.16600564593053876
555,5,10,150,72,0.0
556,5,10,150,72,0.12479271849103059
557,5,10,150,72,0.053894577262255466
558,5,10,150,72,0.05718685316335169
559,5,10,150,72,0.0734773909038217
560,5,10,150,72,0.24050284760456656
561,5,10,150,72,0.033061907313818355
562,5,10,150,72,0.034743705427429224
563,5,10,150,72,0.0
564,5,10,150,72,0.0
565,5,10,150,72,0.18568675205192314
566,5,10,150,72,0.13665387068436016
567,5,10,150,72,0.15284013140891303
568,5,10,150,72,0.057107346298225524
569,5,10,150,72,0.0336639187988199
570,5,10,150,72,0.0
571,5,10,150,72,0.0
572,5,10,150,72,0.058995070558427745
573,5,10,150,72,0.035908240113829995
574,5,10,150,72,0.07616204594440379
575,5,10,150,72,0.056316753775798256
576,5,10,150,72,0.17342765698823945
577,5,10,150,72,0.22186862389759224
578,5,10,150,72,0.09818998961169394
579,5,10,150,72,0.0
580,5,10,150,72,0.21661076434387644
581,5,10,150,72,0.0
582,5,10,150,72,0.028361369701356044
583,5,10,150,72,0.08811076314737627
584,5,10,150,72,0.0
585,5,10,150,72,0.03272632263321488
586,5,10,150,72,0.09195192495929504
587,5,10,150,72,0.0
588,5,10,150,72,0.21190028446013173
589,5,10,150,72,0.0
590,5,10,150,72,0.18511573258657482
591,5,10,150,72,0.15758427078022966
592,5,10,150,72,0.24492942614796226
593,5,10,150,72,0.1847125373189141
594,5,10,150,72,0.0843142342558857
595,5,10,150,72,0.0
596,5,10,150,72,0.0
597,5,10,150,72,0.0
598,5,10,150,72,0.11752277470724268
599,5,10,150,72,0.16402353420682853
600,5,10,150,72,0.0
601,5,10,150,72,0.026557570376145638
602,5,10,150,72,0.0
603,5,10,150,72,0.06194403202282284
604,5,10,150,72,0.0
605,5,10,150,72,0.10589838376326657
606,5,10,150,72,0.2138150508755678
607,5,10,150,72,0.0
608,5,10,150,72,0.14688428242884272
609,5,10,150,72,0.11838279295536291
610,5,10,150,72,0.05781186855394371
611,5,10,150,72,0.03927158715985786
612,5,10,150,72,0.0
613,5,10,150,72,0.2049174583553662
614,5,10,150,72,0.13886244387355454
615,5,10,150,72,0.10251900332140326
616,5,10,150,72,0.09781579202094404
617,5,10,150,72,0.055659192768972764
618,5,10,150,72,0.13693830900397266
619,5,10,150,72,0.15406791387309057
620,5,10,150,72,0.1451323880538222
621,5,10,150,72,0.13589759152345549
622,5,10,150,72,0.10022910267662996
623,5,10,150,72,0.13369528351530374
624,5,10,150,72,0.019160322430058573
625,5,10,150,72,0.0
626,5,10,150,72,0.04690797720830594
627,5,10,150,72,0.04289205981312439
628,5,10,150,72,0.0
629,5,10,150,72,0.2013573326089747
630,5,10,150,72,0.12522204146604196
631,5,10,150,72,0.09240791929215005
632,5,10,150,72,0.3331495701314084
633,5,10,150,72,0.0455520698635181
634,5,10,150,72,0.023756977677906275
635,5,10,150,72,0.039407921945699885
636,5,10,150,72,0.0
637,5,10,150,72,0.0
638,5,10,150,72,0.15473934503245962
639,5,10,150,72,0.0
640,5,10,150,72,0.08757749316783438
641,5,10,150,72,0.03570665676503816
642,5,10,150,72,0.12755848063930036
643,5,10,150,72,0.15031592367651372
644,5,10,150,72,0.0
645,5,10,150,72,0.1856947245529553
646,5,10,150,72,0.0
647,5,10,150,72,0.03673869545191085
648,5,10,150,72,0.11936053292361319
649,5,10,150,72,0.0
650,5,10,150,72,0.12425821002985336
651,5,10,150,72,0.03443184397772452
652,5,10,150,72,0.0
653,5,10,150,72,0.044918955705069735
654,5,10,150,72,0.17020900230175445
655,5,10,150,72,0.2516348407114545
656,5,10,150,72,0.0
657,5,10,150,72,0.053845569940583225
658,5,10,150,72,0.0
659,5,10,150,72,0.07075240780563574
660,5,10,150,72,0.01156377453296346
661,5,10,150,72,0.12705991527984942
662,5,10,150,72,0.0
663,5,10,150,72,0.07874514948204092
664,5,10,150,72,0.05391021349625259
665,5,10,150,72,0.0
666,5,10,150,72,0.07860744541237058
667,5,10,150,72,0.2676806947950803
668,5,10,150,72,0.0
669,5,10,150,72,0.2672968266839232
670,5,10,150,72,0.15539533467551025
671,5,10,150,72,0.17434206503696043
672,5,10,150,72,0.0
673,5,10,150,72,0.0
674,5,10,150,72,0.0
675,5,10,150,72,0.05010834716923557
676,5,10,150,72,0.0
677,5,10,150,72,0.03927489746221688
678,5,10,150,72,0.0
679,5,10,150,72,0.26970586372388394
680,5,10,150,72,0.2073612289146658
681,5,10,150,72,0.0
682,5,10,150,72,0.10722870744764372
683,5,10,150,72,0.06289349548893712
684,5,10,150,72,0.0
685,5,10,150,72,0.0
686,5,10,150,72,0.11524934452025383
687,5,10,150,72,0.0
688,5,10,150,72,0.0
689,5,10,150,72,0.32436268379537736
690,5,10,150,72,0.0
691,5,10,150,72,0.0
692,5,10,150,72,0.0
693,5,10,150,72,0.0
694,5,10,150,72,0.20269611984358588
695,5,10,150,72,0.0607039656753694
696,5,10,150,72,0.12935879342602336
697,5,10,150,72,0.06378035696304758
698,5,10,150,72,0.09499131598480672
699,5,10,150,72,0.0
700,5,10,150,72,0.16958010263680806
701,5,10,150,72,0.04129602134854855
702,5,10,150,72,0.0
703,5,10,150,72,0.03870447337439288
704,5,10,150,72,0.09986079379105446
705,5,10,150,72,0.18775788588526962
706,5,10,150,72,0.0
707,5,10,150,72,0.11204043240783193
708,5,10,150,72,0.0775903127417896
709,5,10,150,72,0.10371915894912967
710,5,10,150,72,0.05710411178654767
711,5,10,150,72,0.14431653919064127
712,5,10,150,72,0.12435918123916344
713,5,10,150,72,0.0
714,5,10,150,72,0.04195229264874745
715,5,10,150,72,0.07261309108674657
716,5,10,150,72,0.15727852464750217
717,5,10,150,72,0.18940567332300148
718,5,10,150,72,0.14061157344379913
719,5,10,150,72,0.1811528335938261
720,5,10,150,72,0.05261577455142312
721,5,10,150,72,0.1740663918285064
722,5,10,150,72,0.0
723,5,10,150,72,0.0
724,5,10,150,72,0.0
725,5,10,150,72,0.05750402108673013
726,5,10,150,72,0.2529427027676571
727,5,10,150,72,0.09136542243777805
728,5,10,150,72,0.0
729,5,10,150,72,0.0
730,5,10,150,72,0.0
731,5,10,150,72,0.04466441818602386
732,5,10,150,72,0.0
733,5,10,150,72,0.0
734,5,10,150,72,0.0655813061736612
735,5,10,150,72,0.0
736,5,10,150,72,0.0
737,5,10,150,72,0.16282663249631943
738,5,10,150,72,0.2632431729022225
739,5,10,150,72,0.0
740,5,10,150,72,0.0
741,5,10,150,72,0.10965210684801945
742,5,10,150,72,0.04553761034739079
743,5,10,150,72,0.0814476682319001
744,5,10,150,72,0.08878770367712427
745,5,10,150,72,0.3682049230943936
746,5,10,150,72,0.11450296808588954
747,5,10,150,72,0.35964317098658877
748,5,10,150,72,0.2097012099781053
749,5,10,150,72,0.12955892989873322
750,5,10,150,72,0.07219614103266732
751,5,10,150,72,0.09679442811841048
752,5,10,150,72,0.020210299806331135
753,5,10,150,72,0.15406810205846871
754,5,10,150,72,0.0
755,5,10,150,72,0.067228724047084
756,5,10,150,72,0.08493193341306005
757,5,10,150,72,0.06756111822138194
758,5,10,150,72,0.22044612206211642
759,5,10,150,72,0.038281751104512325
760,5,10,150,72,0.11447590313611888
761,5,10,150,72,0.03339755935325358
762,5,10,150,72,0.11568388634051256
763,5,10,150,72,0.20859185628046678
764,5,10,150,72,0.08207588022692468
765,5,10,150,72,0.0
766,5,10,150,72,0.050541549839211865
767,5,10,150,72,0.2073612289146658
768,5,10,150,72,0.07655078846581868
769,5,10,150,72,0.0
770,5,10,150,72,0.04692206785373726
771,5,10,150,72,0.2149590517835668
772,5,10,150,72,0.03353522641880846
773,5,10,150,72,0.08236155615232364
774,5,10,150,72,0.037568871331536226
775,5,10,150,72,0.0
776,5,10,150,72,0.12155614423940549
777,5,10,150,72,0.14445412169961394
778,5,10,150,72,0.024850109207689472
779,5,10,150,72,0.05878132199396477
780,5,10,150,72,0.13273397200317036
781,5,10,150,72,0.21898681539091044
782,5,10,150,72,0.011569113364340886
783,5,10,150,72,0.0
784,5,10,150,72,0.0
785,5,10,150,72,0.048159222084064895
786,5,10,150,72,0.13370327844286975
787,5,10,150,72,0.0683037314796457
788,5,10,150,72,0.16167716792790374
789,5,10,150,72,0.059109628562248356
790,5,10,150,72,0.060569379350901564
791,5,10,150,72,0.0
792,5,10,150,72,0.0
793,5,10,150,72,0.0
794,5,10,150,72,0.22201254783236782
795,5,10,150,72,0.09354596657002175
796,5,10,150,72,0.3382123841828828
797,5,10,150,72,0.09030583455080088
798,5,10,150,72,0.09964876214597508
799,5,10,150,72,0.0
800,5,10,150,72,0.0
801,5,10,150,72,0.03096677356901516
802,5,10,150,72,0.030863419558816
803,5,10,150,72,0.0
804,5,10,150,72,0.15758652807276727
805,5,10,150,72,0.11026850944860843
806,5,10,150,72,0.13891238635540284
807,5,10,150,72,0.2004829379928321
808,5,10,150,72,0.040655755922716606
809,5,10,150,72,0.07484323939884738
810,5,10,150,72,0.0
811,5,10,150,72,0.05062543788674174
812,5,10,150,72,0.0
813,5,10,150,72,0.17367331957930765
814,5,10,150,72,0.1426080995102236
815,5,10,150,72,0.23378696071077187
816,5,10,150,72,0.08005612702969578
817,5,10,150,72,0.0
818,5,10,150,72,0.0
819,5,10,150,72,0.15575997463127336
820,5,10,150,72,0.041641441310299704
821,5,10,150,72,0.19220292042320755
822,5,10,150,72,0.03902876023380719
823,5,10,150,72,0.28778368745836824
824,5,10,150,72,0.0
825,5,10,150,72,0.09224743688771847
826,5,10,150,72,0.0956022175683246
827,5,10,150,72,0.0
828,5,10,150,72,0.07244745602732354
829,5,10,150,72,0.1633399391391799
830,5,10,150,72,0.10053254151308513
831,5,10,150,72,0.22386873883314284
832,5,10,150,72,0.041355644490859725
833,5,10,150,72,0.13341149793109242
834,5,10,150,72,0.05812385221666077
835,5,10,150,72,0.1354237881872558
836,5,10,150,72,0.10882945376944808
837,5,10,150,72,0.022383927187041207
838,5,10,150,72,0.14570435926304814
839,5,10,150,72,0.05646784228340616
840,5,10,150,72,0.2792480289658938
841,5,10,150,72,0.0
842,5,10,150,72,0.03314153504336938
843,5,10,150,72,0.09447515337527808
844,5,10,150,72,0.14767302746812566
845,5,10,150,72,0.0
846,5,10,150,72,0.28368604776700046
847,5,10,150,72,0.0
848,5,10,150,72,0.11266181152994185
849,5,10,150,72,0.1917146328376363
850,5,10,150,72,0.22524778298991205
851,5,10,150,72,0.26314473361066487
852,5,10,150,72,0.0
853,5,10,150,72,0.0
854,5,10,150,72,0.15199994118509494
855,5,10,150,72,0.0
856,5,10,150,72,0.0628634487195275
857,5,10,150,72,0.0
858,5,10,150,72,0.0
859,5,10,150,72,0.0
860,5,10,150,72,0.01655521147192675
861,5,10,150,72,0.12001290632387755
862,5,10,150,72,0.22964379776732505
863,5,10,150,72,0.04034656861822919
864,5,10,150,72,0.2705022027404321
865,5,10,150,72,0.015797522321751672
866,5,10,150,72,0.12374681498530773
867,5,10,150,72,0.3163289558038732
868,5,10,150,72,0.12440764920471747
869,5,10,150,72,0.09414478450656023
870,5,10,150,72,0.10296432946559526
871,5,10,150,72,0.23335170418377482
872,5,10,150,72,0.03050926163237471
873,5,10,150,72,0.0
874,5,10,150,72,0.06575393297476358
875,5,10,150,72,0.23549131868893233
876,5,10,150,72,0.0
877,5,10,150,72,0.03487978243545732
878,5,10,150,72,0.05123713100058821
879,5,10,150,72,0.07180913162424091
880,5,10,150,72,0.32322166142692854
881,5,10,150,72,0.29257763565258277
882,5,10,150,72,0.27953927141318846
883,5,10,150,72,0.3544998230445469
884,5,10,150,72,0.028767091820622218
885,5,10,150,72,0.10709607345972089
886,5,10,150,72,0.16689373155747822
887,5,10,150,72,0.18173367694643075
888,5,10,150,72,0.0
889,5,10,150,72,0.22957128667950807
890,5,10,150,72,0.3092354590022605
891,5,10,150,72,0.09013275514532934
892,5,10,150,72,0.42151959287789265
893,5,10,150,72,0.05014695371369417
894,5,10,150,72,0.20048430172982304
895,5,10,150,72,0.0
896,5,10,150,72,0.3420613677850382
897,5,10,150,72,0.2589277586673818
898,5,10,150,72,0.0
899,5,10,150,72,0.15430155986177027
900,5,10,150,72,0.09313286019574611
901,5,10,150,72,0.23228175937116713
902,5,10,150,72,0.025255271126572616
903,5,10,150,72,0.3395474348286593
904,5,10,150,72,0.0
905,5,10,150,72,0.08773956418811966
906,5,10,150,72,0.06212701143918119
907,5,10,150,72,0.21623726684391004
908,5,10,150,72,0.20640898076180436
909,5,10,150,72,0.0
910,5,10,150,72,0.14111581018360284
911,5,10,150,72,0.07221694898330532
912,5,10,150,72,0.17292384468805336
913,5,10,150,72,0.19526249542359228
914,5,10,150,72,0.0
915,5,10,150,72,0.0
916,5,10,150,72,0.19618373363103672
917,5,10,150,72,0.019845431127916993
918,5,10,150,72,0.0253533085437572
919,5,10,150,72,0.11910726323175397
920,5,10,150,72,0.26814570941777965
921,5,10,150,72,0.02477447378142753
922,5,10,150,72,0.12477412874207311
923,5,10,150,72,0.053605537438321305
924,5,10,150,72,0.11819634191622581
925,5,10,150,72,0.08576373115156254
926,5,10,150,72,0.18690891198435525
927,5,10,150,72,0.143567009514388
928,5,10,150,72,0.2047606321191804
929,5,10,150,72,0.11107244313646446
930,5,10,150,72,0.12668740771092546
931,5,10,150,72,0.059539365700728666
932,5,10,150,72,0.34889842000051724
933,5,10,150,72,0.05925683114349023
934,5,10,150,72,0.2489524951030355
935,5,10,150,72,0.043888403129016776
936,5,10,150,72,0.10847029542747316
937,5,10,150,72,0.09560624946230661
938,5,10,150,72,0.08538870606636875
939,5,10,150,72,0.05231692143384187
940,5,10,150,72,0.09469359068019315
941,5,10,150,72,0.2546814962889047
942,5,10,150,72,0.16496325493048322
943,5,10,150,72,0.16475586299552072
1,5,10,150,73,0.4058715898896693
2,5,10,150,73,0.14433828292945616
3,5,10,150,73,0.08759200575528697
4,5,10,150,73,0.0
5,5,10,150,73,0.04470486007704452
6,5,10,150,73,0.04187254809446048
7,5,10,150,73,0.22836484467160698
8,5,10,150,73,0.0
9,5,10,150,73,0.0
10,5,10,150,73,0.3005733545514552
11,5,10,150,73,0.03947525607388688
12,5,10,150,73,0.14632177291384774
13,5,10,150,73,0.24256092752724764
14,5,10,150,73,0.18795160328752808
15,5,10,150,73,0.0
16,5,10,150,73,0.19107502160562695
17,5,10,150,73,0.0
18,5,10,150,73,0.17872418048185143
19,5,10,150,73,0.0
20,5,10,150,73,0.13743816645714543
21,5,10,150,73,0.17643857112498312
22,5,10,150,73,0.040815803121742565
23,5,10,150,73,0.10387012192613786
24,5,10,150,73,0.08835266840320231
25,5,10,150,73,0.23940867474021393
26,5,10,150,73,0.0
27,5,10,150,73,0.0
28,5,10,150,73,0.10131242160793445
30,5,10,150,73,0.08133484538841967
31,5,10,150,73,0.11164668500969883
32,5,10,150,73,0.19519002499605084
33,5,10,150,73,0.0
34,5,10,150,73,0.0
35,5,10,150,73,0.0
37,5,10,150,73,0.08177471774917201
38,5,10,150,73,0.0
39,5,10,150,73,0.0
40,5,10,150,73,0.0
41,5,10,150,73,0.06835476917178976
42,5,10,150,73,0.08850778826764391
43,5,10,150,73,0.0
44,5,10,150,73,0.29540493557662006
45,5,10,150,73,0.0
46,5,10,150,73,0.0
47,5,10,150,73,0.0
48,5,10,150,73,0.07028063830038406
49,5,10,150,73,0.05432573058142762
52,5,10,150,73,0.06369098129632131
53,5,10,150,73,0.0
54,5,10,150,73,0.0
55,5,10,150,73,0.0
56,5,10,150,73,0.11781210270929884
57,5,10,150,73,0.1318392860374695
58,5,10,150,73,0.43418941507676856
59,5,10,150,73,0.19233148606048747
60,5,10,150,73,0.1076743759411119
61,5,10,150,73,0.0
62,5,10,150,73,0.09586820699422145
63,5,10,150,73,0.0
64,5,10,150,73,0.07635718686081962
65,5,10,150,73,0.2342550150352983
66,5,10,150,73,0.06636133566432367
67,5,10,150,73,0.0
68,5,10,150,73,0.0
69,5,10,150,73,0.0
70,5,10,150,73,0.0
71,5,10,150,73,0.20758456043036028
72,5,10,150,73,0.10990826949013655
73,5,10,150,73,0.10052888926242022
74,5,10,150,73,0.0
75,5,10,150,73,0.05515026856924372
76,5,10,150,73,0.10633668103022985
77,5,10,150,73,0.14247142730086715
78,5,10,150,73,0.0
79,5,10,150,73,0.07821312100379274
80,5,10,150,73,0.0
81,5,10,150,73,0.08878770367712427
82,5,10,150,73,0.03187578878809277
83,5,10,150,73,0.07414861528507455
84,5,10,150,73,0.07550980911390262
85,5,10,150,73,0.04734112273659951
86,5,10,150,73,0.0
87,5,10,150,73,0.16641625059082407
88,5,10,150,73,0.18920035951687003
89,5,10,150,73,0.0
90,5,10,150,73,0.19659652872125194
91,5,10,150,73,0.0
92,5,10,150,73,0.03369782041898502
93,5,10,150,73,0.0
94,5,10,150,73,0.12253429761719764
95,5,10,150,73,0.07849567312219397
96,5,10,150,73,0.06482168843084862
97,5,10,150,73,0.0
98,5,10,150,73,0.0
99,5,10,150,73,0.13337585439143895
100,5,10,150,73,0.0
101,5,10,150,73,0.0
102,5,10,150,73,0.0
103,5,10,150,73,0.0
104,5,10,150,73,0.33958467175585033
105,5,10,150,73,0.0
106,5,10,150,73,0.06516188295518531
107,5,10,150,73,0.0
109,5,10,150,73,0.16563719724029594
110,5,10,150,73,0.03203603672019056
111,5,10,150,73,0.0
112,5,10,150,73,0.14155505107215216
113,5,10,150,73,0.0
114,5,10,150,73,0.08274602130532002
115,5,10,150,73,0.0718417865441674
116,5,10,150,73,0.0
117,5,10,150,73,0.0
118,5,10,150,73,0.2265416449833316
119,5,10,150,73,0.05891155956989184
120,5,10,150,73,0.0
121,5,10,150,73,0.13032376591037062
122,5,10,150,73,0.0
123,5,10,150,73,0.13720340769293682
124,5,10,150,73,0.0
125,5,10,150,73,0.05446333035917803
126,5,10,150,73,0.0
128,5,10,150,73,0.0
129,5,10,150,73,0.0
130,5,10,150,73,0.17195079996346713
131,5,10,150,73,0.0
132,5,10,150,73,0.0
133,5,10,150,73,0.0
134,5,10,150,73,0.0
135,5,10,150,73,0.0
136,5,10,150,73,0.0
137,5,10,150,73,0.1137075481082292
138,5,10,150,73,0.0976168253917686
139,5,10,150,73,0.10466868931043802
140,5,10,150,73,0.0
141,5,10,150,73,0.04733244938590725
142,5,10,150,73,0.0
143,5,10,150,73,0.0
144,5,10,150,73,0.0
145,5,10,150,73,0.19366238992468146
146,5,10,150,73,0.0
147,5,10,150,73,0.1033846481249528
148,5,10,150,73,0.19860821180640417
149,5,10,150,73,0.0
150,5,10,150,73,0.2640681225725909
151,5,10,150,73,0.1026571794225922
152,5,10,150,73,0.0
153,5,10,150,73,0.0
154,5,10,150,73,0.06416923277158361
155,5,10,150,73,0.0
156,5,10,150,73,0.0
157,5,10,150,73,0.0
158,5,10,150,73,0.13830208502611357
159,5,10,150,73,0.23138144801632507
160,5,10,150,73,0.20441309786906653
161,5,10,150,73,0.0
162,5,10,150,73,0.0
163,5,10,150,73,0.0
164,5,10,150,73,0.0
165,5,10,150,73,0.0
167,5,10,150,73,0.05319635904163211
168,5,10,150,73,0.05461997784715835
169,5,10,150,73,0.0
170,5,10,150,73,0.0
171,5,10,150,73,0.0
173,5,10,150,73,0.0
174,5,10,150,73,0.09841425610124989
175,5,10,150,73,0.21517910082405575
176,5,10,150,73,0.06289692884934815
177,5,10,150,73,0.38113435412202
178,5,10,150,73,0.12597398707460816
179,5,10,150,73,0.09149012142095872
180,5,10,150,73,0.06228974831361337
181,5,10,150,73,0.11680461119565375
182,5,10,150,73,0.0
183,5,10,150,73,0.15101961822780524
184,5,10,150,73,0.0
185,5,10,150,73,0.0
186,5,10,150,73,0.04633132539002164
187,5,10,150,73,0.0
188,5,10,150,73,0.12925733948536566
189,5,10,150,73,0.18890011590178235
190,5,10,150,73,0.0
192,5,10,150,73,0.123151194370365
193,5,10,150,73,0.0
194,5,10,150,73,0.11343156218083877
195,5,10,150,73,0.11787667935667444
196,5,10,150,73,0.0
197,5,10,150,73,0.09546043308946733
198,5,10,150,73,0.0
199,5,10,150,73,0.0
200,5,10,150,73,0.09785159463516042
201,5,10,150,73,0.0
202,5,10,150,73,0.10466868931043802
203,5,10,150,73,0.0
204,5,10,150,73,0.19519002499605084
205,5,10,150,73,0.0
206,5,10,150,73,0.0
207,5,10,150,73,0.11073658758229504
208,5,10,150,73,0.0
209,5,10,150,73,0.0
210,5,10,150,73,0.2167516193508568
211,5,10,150,73,0.0
213,5,10,150,73,0.15669163589836543
214,5,10,150,73,0.0
216,5,10,150,73,0.23813231172447274
217,5,10,150,73,0.0
218,5,10,150,73,0.0
219,5,10,150,73,0.0
221,5,10,150,73,0.0
222,5,10,150,73,0.1050995674008573
223,5,10,150,73,0.0
224,5,10,150,73,0.0
225,5,10,150,73,0.09077089626867633
226,5,10,150,73,0.19092086617893467
227,5,10,150,73,0.0
228,5,10,150,73,0.0
229,5,10,150,73,0.0
230,5,10,150,73,0.12683081539850163
231,5,10,150,73,0.0
232,5,10,150,73,0.03962341267285813
233,5,10,150,73,0.3062523178880809
234,5,10,150,73,0.09887660119080527
235,5,10,150,73,0.06692738060277027
236,5,10,150,73,0.0
237,5,10,150,73,0.19342640361727081
238,5,10,150,73,0.0
239,5,10,150,73,0.06912040963822193
240,5,10,150,73,0.12495636102304827
241,5,10,150,73,0.0
242,5,10,150,73,0.0
243,5,10,150,73,0.0
244,5,10,150,73,0.049712302565054066
245,5,10,150,73,0.0
246,5,10,150,73,0.0561326498270945
247,5,10,150,73,0.09472348220010487
248,5,10,150,73,0.09472348220010487
249,5,10,150,73,0.09798874944313594
250,5,10,150,73,0.0
251,5,10,150,73,0.13032376591037062
252,5,10,150,73,0.20184908658209985
253,5,10,150,73,0.1084812001944431
254,5,10,150,73,0.08514311764162098
255,5,10,150,73,0.0
256,5,10,150,73,0.07107087490719705
257,5,10,150,73,0.07984133538066794
258,5,10,150,73,0.10144063749941859
259,5,10,150,73,0.1239740444869306
260,5,10,150,73,0.0
261,5,10,150,73,0.0
262,5,10,150,73,0.0
263,5,10,150,73,0.0956366800683804
264,5,10,150,73,0.050433735583135575
265,5,10,150,73,0.0
266,5,10,150,73,0.0
267,5,10,150,73,0.17168372277322866
268,5,10,150,73,0.07517090309261779
269,5,10,150,73,0.052962244777770985
270,5,10,150,73,0.041641441310299704
271,5,10,150,73,0.13010624216828925
272,5,10,150,73,0.1702293778633033
273,5,10,150,73,0.0
274,5,10,150,73,0.0
275,5,10,150,73,0.0
276,5,10,150,73,0.15875999922826586
277,5,10,150,73,0.0
278,5,10,150,73,0.1631512196835108
279,5,10,150,73,0.16020377431691654
280,5,10,150,73,0.16417286747746287
281,5,10,150,73,0.0
282,5,10,150,73,0.0
283,5,10,150,73,0.07028063830038406
284,5,10,150,73,0.0
285,5,10,150,73,0.0
286,5,10,150,73,0.09991246976864687
287,5,10,150,73,0.0
288,5,10,150,73,0.0859574327152926
289,5,10,150,73,0.16903020543979225
290,5,10,150,73,0.07834851647149511
291,5,10,150,73,0.07828167840727236
292,5,10,150,73,0.04224853374256244
293,5,10,150,73,0.11168650506419579
294,5,10,150,73,0.0
295,5,10,150,73,0.2603201838311303
296,5,10,150,73,0.18873901602586696
297,5,10,150,73,0.0
298,5,10,150,73,0.16915623549474385
299,5,10,150,73,0.0
300,5,10,150,73,0.0
301,5,10,150,73,0.06460801587741544
302,5,10,150,73,0.09224219235917257
303,5,10,150,73,0.07354269615643778
304,5,10,150,73,0.0
305,5,10,150,73,0.11349000778741654
306,5,10,150,73,0.0
307,5,10,150,73,0.10778915452451093
308,5,10,150,73,0.13490077762666258
310,5,10,150,73,0.0
311,5,10,150,73,0.13301422444853
312,5,10,150,73,0.1819616199123543
313,5,10,150,73,0.11270402374049442
314,5,10,150,73,0.16600564593053876
315,5,10,150,73,0.037110354711564805
316,5,10,150,73,0.0
317,5,10,150,73,0.0
318,5,10,150,73,0.1642688369468948
319,5,10,150,73,0.0
320,5,10,150,73,0.13927874459665815
321,5,10,150,73,0.0
322,5,10,150,73,0.0
323,5,10,150,73,0.1610425878239398
324,5,10,150,73,0.0
325,5,10,150,73,0.09092803061897883
326,5,10,150,73,0.027288805847552652
327,5,10,150,73,0.025410386140327024
328,5,10,150,73,0.09206364236149692
329,5,10,150,73,0.0
330,5,10,150,73,0.1313681680695099
331,5,10,150,73,0.0
332,5,10,150,73,0.09320485889859448
334,5,10,150,73,0.02249061179923914
335,5,10,150,73,0.16155546744299637
336,5,10,150,73,0.0780824078938463
337,5,10,150,73,0.0
338,5,10,150,73,0.12594873275866755
339,5,10,150,73,0.20908777063504488
340,5,10,150,73,0.0
341,5,10,150,73,0.0
342,5,10,150,73,0.3608742720986609
343,5,10,150,73,0.09229649639444802
344,5,10,150,73,0.1202034973803211
345,5,10,150,73,0.18015355216717013
346,5,10,150,73,0.04366879852493834
347,5,10,150,73,0.22280620320442554
348,5,10,150,73,0.0
349,5,10,150,73,0.0
350,5,10,150,73,0.058087171966128066
351,5,10,150,73,0.07977344912567227
352,5,10,150,73,0.1903601622684853
353,5,10,150,73,0.14434031438272124
354,5,10,150,73,0.06335619058732639
355,5,10,150,73,0.0
356,5,10,150,73,0.0
357,5,10,150,73,0.0
358,5,10,150,73,0.06364028872631156
359,5,10,150,73,0.3010299956639812
360,5,10,150,73,0.12982031659526816
361,5,10,150,73,0.09478836436955078
362,5,10,150,73,0.054793185501041654
363,5,10,150,73,0.24101654828754165
364,5,10,150,73,0.0
365,5,10,150,73,0.0
366,5,10,150,73,0.0
367,5,10,150,73,0.06369098129632131
368,5,10,150,73,0.0
369,5,10,150,73,0.0
370,5,10,150,73,0.0
371,5,10,150,73,0.19950301641376814
372,5,10,150,73,0.15130120674940672
373,5,10,150,73,0.22842722979011518
374,5,10,150,73,0.07472550252128253
375,5,10,150,73,0.0
376,5,10,150,73,0.0
377,5,10,150,73,0.0
378,5,10,150,73,0.13635638482251203
379,5,10,150,73,0.08433239722469389
380,5,10,150,73,0.0
381,5,10,150,73,0.0
382,5,10,150,73,0.09952375175972906
383,5,10,150,73,0.15042011455175697
384,5,10,150,73,0.0
385,5,10,150,73,0.0
386,5,10,150,73,0.0
387,5,10,150,73,0.08586571489348302
388,5,10,150,73,0.05789711601244791
389,5,10,150,73,0.09284203700798714
390,5,10,150,73,0.0
391,5,10,150,73,0.11245246430543061
392,5,10,150,73,0.1484702586346916
393,5,10,150,73,0.17201528718620057
394,5,10,150,73,0.16570616085215287
395,5,10,150,73,0.0
396,5,10,150,73,0.0
397,5,10,150,73,0.11004588314904008
398,5,10,150,73,0.28368572779044043
399,5,10,150,73,0.026175882249243814
400,5,10,150,73,0.0
401,5,10,150,73,0.02839245759615368
402,5,10,150,73,0.0
403,5,10,150,73,0.2529427027676571
404,5,10,150,73,0.0
405,5,10,150,73,0.03001655723529695
406,5,10,150,73,0.06360190926466157
407,5,10,150,73,0.10804623175972022
408,5,10,150,73,0.09983719697789138
409,5,10,150,73,0.05800611307095368
410,5,10,150,73,0.0
411,5,10,150,73,0.17342765698823945
412,5,10,150,73,0.0
413,5,10,150,73,0.0
414,5,10,150,73,0.21398626473452756
415,5,10,150,73,0.0
416,5,10,150,73,0.15805943220204186
417,5,10,150,73,0.11088189053445036
419,5,10,150,73,0.3536251441097701
420,5,10,150,73,0.10351646334659831
421,5,10,150,73,0.04264945290455212
422,5,10,150,73,0.0
423,5,10,150,73,0.13523051443907988
424,5,10,150,73,0.11683076629755684
425,5,10,150,73,0.22790846302569912
426,5,10,150,73,0.13571943816109763
427,5,10,150,73,0.06347904107373183
428,5,10,150,73,0.0
429,5,10,150,73,0.14041959417088476
430,5,10,150,73,0.1261446714466394
431,5,10,150,73,0.0
432,5,10,150,73,0.049369952841505485
433,5,10,150,73,0.0
434,5,10,150,73,0.3903800499921017
435,5,10,150,73,0.11347000084585261
436,5,10,150,73,0.10958579382117346
437,5,10,150,73,0.22972973128433707
438,5,10,150,73,0.0
439,5,10,150,73,0.0
440,5,10,150,73,0.06175696970122604
441,5,10,150,73,0.0
442,5,10,150,73,0.0
443,5,10,150,73,0.0
445,5,10,150,73,0.0
446,5,10,150,73,0.0
447,5,10,150,73,0.2726897692124621
448,5,10,150,73,0.0
449,5,10,150,73,0.07784399437297408
450,5,10,150,73,0.22640083277136241
451,5,10,150,73,0.0
452,5,10,150,73,0.1353061563511876
453,5,10,150,73,0.029956785715628154
454,5,10,150,73,0.07998109630822593
455,5,10,150,73,0.08878904135110165
456,5,10,150,73,0.07758828619721583
457,5,10,150,73,0.29418445531213994
458,5,10,150,73,0.04507276838148142
459,5,10,150,73,0.0
460,5,10,150,73,0.0
461,5,10,150,73,0.0
462,5,10,150,73,0.0
463,5,10,150,73,0.026903388345470878
464,5,10,150,73,0.0
465,5,10,150,73,0.0
466,5,10,150,73,0.03947525607388688
467,5,10,150,73,0.1436337620239326
468,5,10,150,73,0.25116683884278784
469,5,10,150,73,0.057417722536754784
470,5,10,150,73,0.0
471,5,10,150,73,0.0
472,5,10,150,73,0.14903271548086697
473,5,10,150,73,0.08754031530847717
474,5,10,150,73,0.34897204770080337
475,5,10,150,73,0.06516188295518531
476,5,10,150,73,0.0
477,5,10,150,73,0.055100238151135045
478,5,10,150,73,0.23782833255689273
479,5,10,150,73,0.07834096783470737
480,5,10,150,73,0.21398626473452756
481,5,10,150,73,0.13863671367752411
482,5,10,150,73,0.0
483,5,10,150,73,0.06912040963822193
484,5,10,150,73,0.09353062527112192
485,5,10,150,73,0.0
486,5,10,150,73,0.10311241692162332
487,5,10,150,73,0.2215000938796789
488,5,10,150,73,0.0
489,5,10,150,73,0.0
490,5,10,150,73,0.0
491,5,10,150,73,0.19092086617893467
492,5,10,150,73,0.12471554514794539
493,5,10,150,73,0.0332568859495131
494,5,10,150,73,0.07461492443139366
495,5,10,150,73,0.15115187072926595
496,5,10,150,73,0.05459112561892713
497,5,10,150,73,0.04285286422081118
498,5,10,150,73,0.03855307727568851
499,5,10,150,73,0.1912282106369008
500,5,10,150,73,0.05011951520627559
501,5,10,150,73,0.0
502,5,10,150,73,0.06364028872631156
503,5,10,150,73,0.25450081629313537
504,5,10,150,73,0.0
505,5,10,150,73,0.0
506,5,10,150,73,0.13939295695713902
507,5,10,150,73,0.03371865946438579
508,5,10,150,73,0.0
509,5,10,150,73,0.06474271459046577
510,5,10,150,73,0.0
511,5,10,150,73,0.0
512,5,10,150,73,0.18316925091363362
513,5,10,150,73,0.0461651444771445
514,5,10,150,73,0.10595566933616397
515,5,10,150,73,0.0
516,5,10,150,73,0.13768197790533618
517,5,10,150,73,0.042259191411409554
518,5,10,150,73,0.0
519,5,10,150,73,0.10980194963145926
520,5,10,150,73,0.0
521,5,10,150,73,0.0
522,5,10,150,73,0.0
523,5,10,150,73,0.07926830632613421
524,5,10,150,73,0.10258209047527363
525,5,10,150,73,0.0
526,5,10,150,73,0.1456995447029214
527,5,10,150,73,0.14943863047793596
528,5,10,150,73,0.14110144150616766
529,5,10,150,73,0.10471139591065548
530,5,10,150,73,0.0
531,5,10,150,73,0.0
532,5,10,150,73,0.04774713204658456
533,5,10,150,73,0.140097006072795
534,5,10,150,73,0.07450923581469894
535,5,10,150,73,0.2871959083713276
536,5,10,150,73,0.27314750625223144
537,5,10,150,73,0.4493018549481927
538,5,10,150,73,0.0
539,5,10,150,73,0.1560067947598593
540,5,10,150,73,0.0
541,5,10,150,73,0.1448454408452497
542,5,10,150,73,0.12627825946936164
543,5,10,150,73,0.03509626319517156
544,5,10,150,73,0.07631352592005593
545,5,10,150,73,0.052962244777770985
546,5,10,150,73,0.15314106296495628
547,5,10,150,73,0.0
548,5,10,150,73,0.06942726819239371
549,5,10,150,73,0.0
550,5,10,150,73,0.13436217909546777
551,5,10,150,73,0.2752215491034711
552,5,10,150,73,0.0
553,5,10,150,73,0.20968084445285137
554,5,10,150,73,0.16600564593053876
555,5,10,150,73,0.0
556,5,10,150,73,0.12479271849103059
557,5,10,150,73,0.053894577262255466
558,5,10,150,73,0.05718685316335169
559,5,10,150,73,0.0734773909038217
560,5,10,150,73,0.24050284760456656
561,5,10,150,73,0.033061907313818355
562,5,10,150,73,0.034743705427429224
563,5,10,150,73,0.0
564,5,10,150,73,0.0
565,5,10,150,73,0.18568675205192314
566,5,10,150,73,0.13665387068436016
567,5,10,150,73,0.15284013140891303
568,5,10,150,73,0.057107346298225524
569,5,10,150,73,0.0336639187988199
570,5,10,150,73,0.0
571,5,10,150,73,0.0
572,5,10,150,73,0.058995070558427745
573,5,10,150,73,0.035908240113829995
574,5,10,150,73,0.07616204594440379
575,5,10,150,73,0.056316753775798256
576,5,10,150,73,0.17342765698823945
577,5,10,150,73,0.22186862389759224
578,5,10,150,73,0.09818998961169394
579,5,10,150,73,0.0
580,5,10,150,73,0.21661076434387644
581,5,10,150,73,0.0
582,5,10,150,73,0.028361369701356044
583,5,10,150,73,0.08811076314737627
584,5,10,150,73,0.0
585,5,10,150,73,0.03272632263321488
586,5,10,150,73,0.09195192495929504
587,5,10,150,73,0.0
588,5,10,150,73,0.21190028446013173
589,5,10,150,73,0.0
590,5,10,150,73,0.18511573258657482
591,5,10,150,73,0.15758427078022966
592,5,10,150,73,0.2425750009167383
593,5,10,150,73,0.1847125373189141
594,5,10,150,73,0.0843142342558857
595,5,10,150,73,0.0
596,5,10,150,73,0.0
597,5,10,150,73,0.0
598,5,10,150,73,0.11752277470724268
599,5,10,150,73,0.16402353420682853
600,5,10,150,73,0.0
601,5,10,150,73,0.026557570376145638
602,5,10,150,73,0.0
603,5,10,150,73,0.06194403202282284
604,5,10,150,73,0.0
605,5,10,150,73,0.10589838376326657
606,5,10,150,73,0.2138150508755678
607,5,10,150,73,0.0
608,5,10,150,73,0.14688428242884272
609,5,10,150,73,0.11838279295536291
610,5,10,150,73,0.05781186855394371
611,5,10,150,73,0.03927158715985786
612,5,10,150,73,0.0
613,5,10,150,73,0.2049174583553662
614,5,10,150,73,0.13886244387355454
615,5,10,150,73,0.10251900332140326
616,5,10,150,73,0.09781579202094404
617,5,10,150,73,0.07286192498233149
618,5,10,150,73,0.13693830900397266
619,5,10,150,73,0.15406791387309057
620,5,10,150,73,0.1451323880538222
621,5,10,150,73,0.13589759152345549
622,5,10,150,73,0.10022910267662996
623,5,10,150,73,0.13369528351530374
624,5,10,150,73,0.019160322430058573
625,5,10,150,73,0.0
626,5,10,150,73,0.04690797720830594
627,5,10,150,73,0.04289205981312439
628,5,10,150,73,0.0
629,5,10,150,73,0.2013573326089747
630,5,10,150,73,0.12522204146604196
631,5,10,150,73,0.09240791929215005
632,5,10,150,73,0.3331495701314084
633,5,10,150,73,0.0455520698635181
634,5,10,150,73,0.023756977677906275
635,5,10,150,73,0.039407921945699885
636,5,10,150,73,0.0
637,5,10,150,73,0.0
638,5,10,150,73,0.15473934503245962
639,5,10,150,73,0.0
640,5,10,150,73,0.08757749316783438
641,5,10,150,73,0.03570665676503816
642,5,10,150,73,0.12633230332774967
643,5,10,150,73,0.15031592367651372
644,5,10,150,73,0.0
645,5,10,150,73,0.1856947245529553
646,5,10,150,73,0.0
647,5,10,150,73,0.03673869545191085
648,5,10,150,73,0.11936053292361319
649,5,10,150,73,0.0
650,5,10,150,73,0.12306375712363425
651,5,10,150,73,0.03443184397772452
652,5,10,150,73,0.0
653,5,10,150,73,0.04448716470169573
654,5,10,150,73,0.17020900230175445
655,5,10,150,73,0.2492159585569347
656,5,10,150,73,0.0
657,5,10,150,73,0.053845569940583225
658,5,10,150,73,0.0
659,5,10,150,73,0.07075240780563574
660,5,10,150,73,0.01156377453296346
661,5,10,150,73,0.12705991527984942
662,5,10,150,73,0.0
663,5,10,150,73,0.07874514948204092
664,5,10,150,73,0.05391021349625259
665,5,10,150,73,0.0
666,5,10,150,73,0.07860744541237058
667,5,10,150,73,0.2676806947950803
668,5,10,150,73,0.0
669,5,10,150,73,0.2672968266839232
670,5,10,150,73,0.15539533467551025
671,5,10,150,73,0.17434206503696043
672,5,10,150,73,0.0
673,5,10,150,73,0.0
674,5,10,150,73,0.0
675,5,10,150,73,0.05010834716923557
676,5,10,150,73,0.0
677,5,10,150,73,0.03927489746221688
678,5,10,150,73,0.0
679,5,10,150,73,0.26970586372388394
680,5,10,150,73,0.2073612289146658
681,5,10,150,73,0.0
682,5,10,150,73,0.10619795349416102
683,5,10,150,73,0.06289349548893712
684,5,10,150,73,0.0
685,5,10,150,73,0.0
686,5,10,150,73,0.11524934452025383
687,5,10,150,73,0.0
688,5,10,150,73,0.0
689,5,10,150,73,0.32436268379537736
690,5,10,150,73,0.0
691,5,10,150,73,0.0
692,5,10,150,73,0.0
693,5,10,150,73,0.0
694,5,10,150,73,0.20269611984358588
695,5,10,150,73,0.0607039656753694
696,5,10,150,73,0.12935879342602336
697,5,10,150,73,0.06378035696304758
698,5,10,150,73,0.09499131598480672
699,5,10,150,73,0.0
700,5,10,150,73,0.16958010263680806
701,5,10,150,73,0.04129602134854855
702,5,10,150,73,0.0
703,5,10,150,73,0.03870447337439288
704,5,10,150,73,0.09986079379105446
705,5,10,150,73,0.18775788588526962
706,5,10,150,73,0.0
707,5,10,150,73,0.11204043240783193
708,5,10,150,73,0.0775903127417896
709,5,10,150,73,0.10371915894912967
710,5,10,150,73,0.05710411178654767
711,5,10,150,73,0.14431653919064127
712,5,10,150,73,0.12435918123916344
713,5,10,150,73,0.0
714,5,10,150,73,0.04195229264874745
715,5,10,150,73,0.07261309108674657
716,5,10,150,73,0.16537932631788038
717,5,10,150,73,0.18940567332300148
718,5,10,150,73,0.14061157344379913
719,5,10,150,73,0.1811528335938261
720,5,10,150,73,0.05261577455142312
721,5,10,150,73,0.1740663918285064
722,5,10,150,73,0.0
723,5,10,150,73,0.0
724,5,10,150,73,0.0
725,5,10,150,73,0.05750402108673013
726,5,10,150,73,0.2529427027676571
727,5,10,150,73,0.09048715697481571
728,5,10,150,73,0.0
729,5,10,150,73,0.0
730,5,10,150,73,0.0
731,5,10,150,73,0.06446882235443362
732,5,10,150,73,0.0
733,5,10,150,73,0.0
734,5,10,150,73,0.0655813061736612
735,5,10,150,73,0.0
736,5,10,150,73,0.0
737,5,10,150,73,0.16282663249631943
738,5,10,150,73,0.2632431729022225
739,5,10,150,73,0.0
740,5,10,150,73,0.0
741,5,10,150,73,0.10965210684801945
742,5,10,150,73,0.04553761034739079
743,5,10,150,73,0.0814476682319001
744,5,10,150,73,0.08878770367712427
745,5,10,150,73,0.3682049230943936
746,5,10,150,73,0.11450296808588954
747,5,10,150,73,0.3561860406232625
748,5,10,150,73,0.2097012099781053
749,5,10,150,73,0.1283135229328112
750,5,10,150,73,0.07219614103266732
751,5,10,150,73,0.09679442811841048
752,5,10,150,73,0.020210299806331135
753,5,10,150,73,0.15406810205846871
754,5,10,150,73,0.0
755,5,10,150,73,0.067228724047084
756,5,10,150,73,0.09995970325714823
757,5,10,150,73,0.06756111822138194
758,5,10,150,73,0.21832704670203706
759,5,10,150,73,0.038281751104512325
760,5,10,150,73,0.11447590313611888
761,5,10,150,73,0.03339755935325358
762,5,10,150,73,0.11568388634051256
763,5,10,150,73,0.20859185628046678
764,5,10,150,73,0.08207588022692468
765,5,10,150,73,0.0
766,5,10,150,73,0.050541549839211865
767,5,10,150,73,0.2073612289146658
768,5,10,150,73,0.07655078846581868
769,5,10,150,73,0.0
770,5,10,150,73,0.04692206785373726
771,5,10,150,73,0.2149590517835668
772,5,10,150,73,0.03353522641880846
773,5,10,150,73,0.08236155615232364
774,5,10,150,73,0.03720773424824375
775,5,10,150,73,0.0
776,5,10,150,73,0.12155614423940549
777,5,10,150,73,0.14445412169961394
778,5,10,150,73,0.024850109207689472
779,5,10,150,73,0.05878132199396477
780,5,10,150,73,0.13273397200317036
781,5,10,150,73,0.21898681539091044
782,5,10,150,73,0.011457903319732201
783,5,10,150,73,0.0
784,5,10,150,73,0.0
785,5,10,150,73,0.07685905888147043
786,5,10,150,73,0.13370327844286975
787,5,10,150,73,0.0683037314796457
788,5,10,150,73,0.16012301900644121
789,5,10,150,73,0.059109628562248356
790,5,10,150,73,0.05998714602260728
791,5,10,150,73,0.0
792,5,10,150,73,0.0
793,5,10,150,73,0.0
794,5,10,150,73,0.22201254783236782
795,5,10,150,73,0.09354596657002175
796,5,10,150,73,0.3349612608558248
797,5,10,150,73,0.09030583455080088
798,5,10,150,73,0.09869087168933806
799,5,10,150,73,0.0
800,5,10,150,73,0.0
801,5,10,150,73,0.03096677356901516
802,5,10,150,73,0.030863419558816
803,5,10,150,73,0.0
804,5,10,150,73,0.15607170111370944
805,5,10,150,73,0.10920853488802451
806,5,10,150,73,0.13891238635540284
807,5,10,150,73,0.19855576209133352
808,5,10,150,73,0.040655755922716606
809,5,10,150,73,0.07484323939884738
810,5,10,150,73,0.0
811,5,10,150,73,0.05062543788674174
812,5,10,150,73,0.0
813,5,10,150,73,0.17367331957930765
814,5,10,150,73,0.1426080995102236
815,5,10,150,73,0.23153964429932491
816,5,10,150,73,0.08005612702969578
817,5,10,150,73,0.0
818,5,10,150,73,0.0
819,5,10,150,73,0.15575997463127336
820,5,10,150,73,0.041641441310299704
821,5,10,150,73,0.19220292042320755
822,5,10,150,73,0.03902876023380719
823,5,10,150,73,0.28501731844529044
824,5,10,150,73,0.0
825,5,10,150,73,0.09224743688771847
826,5,10,150,73,0.0956022175683246
827,5,10,150,73,0.0
828,5,10,150,73,0.07244745602732354
829,5,10,150,73,0.1633399391391799
830,5,10,150,73,0.10053254151308513
831,5,10,150,73,0.22386873883314284
832,5,10,150,73,0.041355644490859725
833,5,10,150,73,0.13212905750813322
834,5,10,150,73,0.05812385221666077
835,5,10,150,73,0.1354237881872558
836,5,10,150,73,0.10882945376944808
837,5,10,150,73,0.022383927187041207
838,5,10,150,73,0.14570435926304814
839,5,10,150,73,0.05646784228340616
840,5,10,150,73,0.2765637104031676
841,5,10,150,73,0.0
842,5,10,150,73,0.03314153504336938
843,5,10,150,73,0.09356699510157138
844,5,10,150,73,0.14767302746812566
845,5,10,150,73,0.0
846,5,10,150,73,0.2905717358982268
847,5,10,150,73,0.0
848,5,10,150,73,0.12119149884607665
849,5,10,150,73,0.1917146328376363
850,5,10,150,73,0.22524778298991205
851,5,10,150,73,0.26061521067820037
852,5,10,150,73,0.0
853,5,10,150,73,0.0
854,5,10,150,73,0.1505388162304537
855,5,10,150,73,0.0
856,5,10,150,73,0.0628634487195275
857,5,10,150,73,0.0
858,5,10,150,73,0.0
859,5,10,150,73,0.0
860,5,10,150,73,0.03242987438661254
861,5,10,150,73,0.12001290632387755
862,5,10,150,73,0.22743630820528749
863,5,10,150,73,0.04034656861822919
864,5,10,150,73,0.26790195490067686
865,5,10,150,73,0.030825292165839853
866,5,10,150,73,0.12374681498530773
867,5,10,150,73,0.3163289558038732
868,5,10,150,73,0.13282442768413846
869,5,10,150,73,0.09414478450656023
870,5,10,150,73,0.10197456756143188
871,5,10,150,73,0.23335170418377482
872,5,10,150,73,0.03050926163237471
873,5,10,150,73,0.0
874,5,10,150,73,0.06575393297476358
875,5,10,150,73,0.23549131868893233
876,5,10,150,73,0.0
877,5,10,150,73,0.03487978243545732
878,5,10,150,73,0.05074460547639727
879,5,10,150,73,0.07180913162424091
880,5,10,150,73,0.3201146389392265
881,5,10,150,73,0.28976518400760914
882,5,10,150,73,0.27685215323353957
883,5,10,150,73,0.35109213397685485
884,5,10,150,73,0.028767091820622218
885,5,10,150,73,0.10709607345972089
886,5,10,150,73,0.16528943754229256
887,5,10,150,73,0.18959939935944264
888,5,10,150,73,0.0
889,5,10,150,73,0.2273644941424764
890,5,10,150,73,0.3092354590022605
891,5,10,150,73,0.09013275514532934
892,5,10,150,73,0.41746766502040683
893,5,10,150,73,0.05014695371369417
894,5,10,150,73,0.19855711271917367
895,5,10,150,73,0.0
896,5,10,150,73,0.33877324545688015
897,5,10,150,73,0.2564387721145677
898,5,10,150,73,0.0
899,5,10,150,73,0.1528183102111697
900,5,10,150,73,0.09313286019574611
901,5,10,150,73,0.2300489119603126
902,5,10,150,73,0.025255271126572616
903,5,10,150,73,0.33628347810312065
904,5,10,150,73,0.0
905,5,10,150,73,0.08773956418811966
906,5,10,150,73,0.06212701143918119
907,5,10,150,73,0.21415864981126062
908,5,10,150,73,0.20640898076180436
909,5,10,150,73,0.0
910,5,10,150,73,0.14111581018360284
911,5,10,150,73,0.07221694898330532
912,5,10,150,73,0.17292384468805336
913,5,10,150,73,0.19338550190277567
914,5,10,150,73,0.0
915,5,10,150,73,0.0
916,5,10,150,73,0.19429788455327995
917,5,10,150,73,0.019845431127916993
918,5,10,150,73,0.0253533085437572
919,5,10,150,73,0.1275749925612473
920,5,10,150,73,0.26814570941777965
921,5,10,150,73,0.02477447378142753
922,5,10,150,73,0.12357471648061273
923,5,10,150,73,0.053605537438321305
924,5,10,150,73,0.11819634191622581
925,5,10,150,73,0.08576373115156254
926,5,10,150,73,0.18690891198435525
927,5,10,150,73,0.1421869475312768
928,5,10,150,73,0.2047606321191804
929,5,10,150,73,0.11107244313646446
930,5,10,150,73,0.12668740771092546
931,5,10,150,73,0.059539365700728666
932,5,10,150,73,0.34554457536003236
933,5,10,150,73,0.05868721490520971
934,5,10,150,73,0.24655939744602856
935,5,10,150,73,0.043888403129016776
936,5,10,150,73,0.10742760650107819
937,5,10,150,73,0.09560624946230661
938,5,10,150,73,0.08456789279298618
939,5,10,150,73,0.05231692143384187
940,5,10,150,73,0.09469359068019315
941,5,10,150,73,0.2546814962889047
942,5,10,150,73,0.17798628324313034
943,5,10,150,73,0.16317211960082387
1,5,10,150,74,0.4058715898896693
2,5,10,150,74,0.14433828292945616
3,5,10,150,74,0.08759200575528697
4,5,10,150,74,0.0
5,5,10,150,74,0.04470486007704452
6,5,10,150,74,0.04187254809446048
7,5,10,150,74,0.22836484467160698
8,5,10,150,74,0.0
9,5,10,150,74,0.0
10,5,10,150,74,0.3005733545514552
11,5,10,150,74,0.03947525607388688
12,5,10,150,74,0.14632177291384774
13,5,10,150,74,0.24256092752724764
14,5,10,150,74,0.18795160328752808
15,5,10,150,74,0.0
16,5,10,150,74,0.19107502160562695
17,5,10,150,74,0.0
18,5,10,150,74,0.17872418048185143
19,5,10,150,74,0.0
20,5,10,150,74,0.13743816645714543
21,5,10,150,74,0.17643857112498312
22,5,10,150,74,0.040815803121742565
23,5,10,150,74,0.10387012192613786
24,5,10,150,74,0.08835266840320231
25,5,10,150,74,0.23940867474021393
26,5,10,150,74,0.0
27,5,10,150,74,0.0
28,5,10,150,74,0.10131242160793445
30,5,10,150,74,0.08133484538841967
31,5,10,150,74,0.11164668500969883
32,5,10,150,74,0.19519002499605084
33,5,10,150,74,0.0
34,5,10,150,74,0.0
35,5,10,150,74,0.0
37,5,10,150,74,0.08177471774917201
38,5,10,150,74,0.0
39,5,10,150,74,0.0
40,5,10,150,74,0.0
41,5,10,150,74,0.06835476917178976
42,5,10,150,74,0.08850778826764391
43,5,10,150,74,0.0
44,5,10,150,74,0.29540493557662006
45,5,10,150,74,0.0
46,5,10,150,74,0.0
47,5,10,150,74,0.0
48,5,10,150,74,0.07028063830038406
49,5,10,150,74,0.05432573058142762
52,5,10,150,74,0.06369098129632131
53,5,10,150,74,0.0
54,5,10,150,74,0.0
55,5,10,150,74,0.0
56,5,10,150,74,0.11781210270929884
57,5,10,150,74,0.1318392860374695
58,5,10,150,74,0.43418941507676856
59,5,10,150,74,0.19233148606048747
60,5,10,150,74,0.1076743759411119
61,5,10,150,74,0.0
62,5,10,150,74,0.09586820699422145
63,5,10,150,74,0.0
64,5,10,150,74,0.07635718686081962
65,5,10,150,74,0.2342550150352983
66,5,10,150,74,0.06636133566432367
67,5,10,150,74,0.0
68,5,10,150,74,0.0
69,5,10,150,74,0.0
70,5,10,150,74,0.0
71,5,10,150,74,0.20758456043036028
72,5,10,150,74,0.10990826949013655
73,5,10,150,74,0.10052888926242022
74,5,10,150,74,0.0
75,5,10,150,74,0.05515026856924372
76,5,10,150,74,0.10633668103022985
77,5,10,150,74,0.14247142730086715
78,5,10,150,74,0.0
79,5,10,150,74,0.07821312100379274
80,5,10,150,74,0.0
81,5,10,150,74,0.08878770367712427
82,5,10,150,74,0.03187578878809277
83,5,10,150,74,0.07414861528507455
84,5,10,150,74,0.07550980911390262
85,5,10,150,74,0.04734112273659951
86,5,10,150,74,0.0
87,5,10,150,74,0.16641625059082407
88,5,10,150,74,0.18920035951687003
89,5,10,150,74,0.0
90,5,10,150,74,0.19659652872125194
91,5,10,150,74,0.0
92,5,10,150,74,0.03369782041898502
93,5,10,150,74,0.0
94,5,10,150,74,0.12253429761719764
95,5,10,150,74,0.07849567312219397
96,5,10,150,74,0.06482168843084862
97,5,10,150,74,0.0
98,5,10,150,74,0.0
99,5,10,150,74,0.13337585439143895
100,5,10,150,74,0.0
101,5,10,150,74,0.0
102,5,10,150,74,0.0
103,5,10,150,74,0.0
104,5,10,150,74,0.33958467175585033
105,5,10,150,74,0.0
106,5,10,150,74,0.06516188295518531
107,5,10,150,74,0.0
109,5,10,150,74,0.16563719724029594
110,5,10,150,74,0.03203603672019056
111,5,10,150,74,0.0
112,5,10,150,74,0.14155505107215216
113,5,10,150,74,0.0
114,5,10,150,74,0.08274602130532002
115,5,10,150,74,0.0718417865441674
116,5,10,150,74,0.0
117,5,10,150,74,0.0
118,5,10,150,74,0.2265416449833316
119,5,10,150,74,0.05891155956989184
120,5,10,150,74,0.0
121,5,10,150,74,0.13032376591037062
122,5,10,150,74,0.0
123,5,10,150,74,0.13720340769293682
124,5,10,150,74,0.0
125,5,10,150,74,0.05446333035917803
126,5,10,150,74,0.0
128,5,10,150,74,0.0
129,5,10,150,74,0.0
130,5,10,150,74,0.17195079996346713
131,5,10,150,74,0.0
132,5,10,150,74,0.0
133,5,10,150,74,0.0
134,5,10,150,74,0.0
135,5,10,150,74,0.0
136,5,10,150,74,0.0
137,5,10,150,74,0.1137075481082292
138,5,10,150,74,0.0976168253917686
139,5,10,150,74,0.10466868931043802
140,5,10,150,74,0.0
141,5,10,150,74,0.04733244938590725
142,5,10,150,74,0.0
143,5,10,150,74,0.0
144,5,10,150,74,0.0
145,5,10,150,74,0.2111860121794885
146,5,10,150,74,0.0
147,5,10,150,74,0.1033846481249528
148,5,10,150,74,0.19860821180640417
149,5,10,150,74,0.0
150,5,10,150,74,0.2640681225725909
151,5,10,150,74,0.1026571794225922
152,5,10,150,74,0.0
153,5,10,150,74,0.0
154,5,10,150,74,0.06416923277158361
155,5,10,150,74,0.0
156,5,10,150,74,0.0
157,5,10,150,74,0.0
158,5,10,150,74,0.13830208502611357
159,5,10,150,74,0.23138144801632507
160,5,10,150,74,0.20441309786906653
161,5,10,150,74,0.0
162,5,10,150,74,0.0
163,5,10,150,74,0.0
164,5,10,150,74,0.0
165,5,10,150,74,0.0
167,5,10,150,74,0.05319635904163211
168,5,10,150,74,0.05461997784715835
169,5,10,150,74,0.0
170,5,10,150,74,0.0
171,5,10,150,74,0.0
173,5,10,150,74,0.0
174,5,10,150,74,0.09841425610124989
175,5,10,150,74,0.21517910082405575
176,5,10,150,74,0.06289692884934815
177,5,10,150,74,0.38113435412202
178,5,10,150,74,0.12597398707460816
179,5,10,150,74,0.09149012142095872
180,5,10,150,74,0.06228974831361337
181,5,10,150,74,0.11680461119565375
182,5,10,150,74,0.0
183,5,10,150,74,0.15101961822780524
184,5,10,150,74,0.0
185,5,10,150,74,0.0
186,5,10,150,74,0.04633132539002164
187,5,10,150,74,0.0
188,5,10,150,74,0.12925733948536566
189,5,10,150,74,0.18890011590178235
190,5,10,150,74,0.0
192,5,10,150,74,0.123151194370365
193,5,10,150,74,0.0
194,5,10,150,74,0.11343156218083877
195,5,10,150,74,0.11787667935667444
196,5,10,150,74,0.0
197,5,10,150,74,0.09546043308946733
198,5,10,150,74,0.0
199,5,10,150,74,0.0
200,5,10,150,74,0.09785159463516042
201,5,10,150,74,0.0
202,5,10,150,74,0.10466868931043802
203,5,10,150,74,0.0
204,5,10,150,74,0.19519002499605084
205,5,10,150,74,0.0
206,5,10,150,74,0.0
207,5,10,150,74,0.11073658758229504
208,5,10,150,74,0.0
209,5,10,150,74,0.0
210,5,10,150,74,0.2167516193508568
211,5,10,150,74,0.0
213,5,10,150,74,0.15669163589836543
214,5,10,150,74,0.0
216,5,10,150,74,0.23813231172447274
217,5,10,150,74,0.0
218,5,10,150,74,0.0
219,5,10,150,74,0.0
221,5,10,150,74,0.0
222,5,10,150,74,0.1050995674008573
223,5,10,150,74,0.0
224,5,10,150,74,0.0
225,5,10,150,74,0.09077089626867633
226,5,10,150,74,0.19092086617893467
227,5,10,150,74,0.0
228,5,10,150,74,0.0
229,5,10,150,74,0.0
230,5,10,150,74,0.12683081539850163
231,5,10,150,74,0.0
232,5,10,150,74,0.03962341267285813
233,5,10,150,74,0.3062523178880809
234,5,10,150,74,0.09887660119080527
235,5,10,150,74,0.06692738060277027
236,5,10,150,74,0.0
237,5,10,150,74,0.19342640361727081
238,5,10,150,74,0.0
239,5,10,150,74,0.06912040963822193
240,5,10,150,74,0.12495636102304827
241,5,10,150,74,0.0
242,5,10,150,74,0.0
243,5,10,150,74,0.0
244,5,10,150,74,0.049712302565054066
245,5,10,150,74,0.0
246,5,10,150,74,0.0561326498270945
247,5,10,150,74,0.09472348220010487
248,5,10,150,74,0.09472348220010487
249,5,10,150,74,0.09798874944313594
250,5,10,150,74,0.0
251,5,10,150,74,0.13032376591037062
252,5,10,150,74,0.20184908658209985
253,5,10,150,74,0.1084812001944431
254,5,10,150,74,0.08514311764162098
255,5,10,150,74,0.0
256,5,10,150,74,0.07107087490719705
257,5,10,150,74,0.07984133538066794
258,5,10,150,74,0.10144063749941859
259,5,10,150,74,0.1239740444869306
260,5,10,150,74,0.0
261,5,10,150,74,0.0
262,5,10,150,74,0.0
263,5,10,150,74,0.0956366800683804
264,5,10,150,74,0.050433735583135575
265,5,10,150,74,0.0
266,5,10,150,74,0.0
267,5,10,150,74,0.17168372277322866
268,5,10,150,74,0.07517090309261779
269,5,10,150,74,0.052962244777770985
270,5,10,150,74,0.041641441310299704
271,5,10,150,74,0.13010624216828925
272,5,10,150,74,0.1702293778633033
273,5,10,150,74,0.0
274,5,10,150,74,0.0
275,5,10,150,74,0.0
276,5,10,150,74,0.15875999922826586
277,5,10,150,74,0.0
278,5,10,150,74,0.1631512196835108
279,5,10,150,74,0.16020377431691654
280,5,10,150,74,0.18341796851458614
281,5,10,150,74,0.0
282,5,10,150,74,0.0
283,5,10,150,74,0.07028063830038406
284,5,10,150,74,0.0
285,5,10,150,74,0.0
286,5,10,150,74,0.09991246976864687
287,5,10,150,74,0.0
288,5,10,150,74,0.0859574327152926
289,5,10,150,74,0.16903020543979225
290,5,10,150,74,0.07834851647149511
291,5,10,150,74,0.07828167840727236
292,5,10,150,74,0.04224853374256244
293,5,10,150,74,0.11168650506419579
294,5,10,150,74,0.0
295,5,10,150,74,0.2603201838311303
296,5,10,150,74,0.18873901602586696
297,5,10,150,74,0.0
298,5,10,150,74,0.16915623549474385
299,5,10,150,74,0.0
300,5,10,150,74,0.0
301,5,10,150,74,0.06460801587741544
302,5,10,150,74,0.09224219235917257
303,5,10,150,74,0.07354269615643778
304,5,10,150,74,0.0
305,5,10,150,74,0.11349000778741654
306,5,10,150,74,0.0
307,5,10,150,74,0.10778915452451093
308,5,10,150,74,0.13490077762666258
310,5,10,150,74,0.0
311,5,10,150,74,0.13301422444853
312,5,10,150,74,0.1819616199123543
313,5,10,150,74,0.11270402374049442
314,5,10,150,74,0.16600564593053876
315,5,10,150,74,0.037110354711564805
316,5,10,150,74,0.0
317,5,10,150,74,0.0
318,5,10,150,74,0.1642688369468948
319,5,10,150,74,0.0
320,5,10,150,74,0.13927874459665815
321,5,10,150,74,0.0
322,5,10,150,74,0.0
323,5,10,150,74,0.1610425878239398
324,5,10,150,74,0.0
325,5,10,150,74,0.09092803061897883
326,5,10,150,74,0.027288805847552652
327,5,10,150,74,0.025410386140327024
328,5,10,150,74,0.09206364236149692
329,5,10,150,74,0.0
330,5,10,150,74,0.1313681680695099
331,5,10,150,74,0.0
332,5,10,150,74,0.09320485889859448
334,5,10,150,74,0.02249061179923914
335,5,10,150,74,0.16155546744299637
336,5,10,150,74,0.0780824078938463
337,5,10,150,74,0.0
338,5,10,150,74,0.18039889772993523
339,5,10,150,74,0.20908777063504488
340,5,10,150,74,0.06267320809766952
341,5,10,150,74,0.0
342,5,10,150,74,0.3608742720986609
343,5,10,150,74,0.09229649639444802
344,5,10,150,74,0.1202034973803211
345,5,10,150,74,0.18015355216717013
346,5,10,150,74,0.04366879852493834
347,5,10,150,74,0.22280620320442554
348,5,10,150,74,0.0
349,5,10,150,74,0.0
350,5,10,150,74,0.058087171966128066
351,5,10,150,74,0.07977344912567227
352,5,10,150,74,0.1903601622684853
353,5,10,150,74,0.14434031438272124
354,5,10,150,74,0.06335619058732639
355,5,10,150,74,0.0
356,5,10,150,74,0.0
357,5,10,150,74,0.0
358,5,10,150,74,0.06364028872631156
359,5,10,150,74,0.3010299956639812
360,5,10,150,74,0.12982031659526816
361,5,10,150,74,0.09478836436955078
362,5,10,150,74,0.054793185501041654
363,5,10,150,74,0.24101654828754165
364,5,10,150,74,0.0
365,5,10,150,74,0.0
366,5,10,150,74,0.0
367,5,10,150,74,0.06369098129632131
368,5,10,150,74,0.0
369,5,10,150,74,0.0
370,5,10,150,74,0.0
371,5,10,150,74,0.19950301641376814
372,5,10,150,74,0.15130120674940672
373,5,10,150,74,0.22842722979011518
374,5,10,150,74,0.07472550252128253
375,5,10,150,74,0.0
376,5,10,150,74,0.0
377,5,10,150,74,0.0
378,5,10,150,74,0.13635638482251203
379,5,10,150,74,0.08433239722469389
380,5,10,150,74,0.0
381,5,10,150,74,0.0
382,5,10,150,74,0.09952375175972906
383,5,10,150,74,0.15042011455175697
384,5,10,150,74,0.0
385,5,10,150,74,0.0
386,5,10,150,74,0.0
387,5,10,150,74,0.08586571489348302
388,5,10,150,74,0.05789711601244791
389,5,10,150,74,0.09284203700798714
390,5,10,150,74,0.0
391,5,10,150,74,0.11245246430543061
392,5,10,150,74,0.1484702586346916
393,5,10,150,74,0.17201528718620057
394,5,10,150,74,0.16570616085215287
395,5,10,150,74,0.0
396,5,10,150,74,0.0
397,5,10,150,74,0.11004588314904008
398,5,10,150,74,0.28368572779044043
399,5,10,150,74,0.026175882249243814
400,5,10,150,74,0.0
401,5,10,150,74,0.02839245759615368
402,5,10,150,74,0.0
403,5,10,150,74,0.2529427027676571
404,5,10,150,74,0.0
405,5,10,150,74,0.03922346949127642
406,5,10,150,74,0.06360190926466157
407,5,10,150,74,0.10804623175972022
408,5,10,150,74,0.09983719697789138
409,5,10,150,74,0.05800611307095368
410,5,10,150,74,0.0
411,5,10,150,74,0.17342765698823945
412,5,10,150,74,0.0
413,5,10,150,74,0.0
414,5,10,150,74,0.21398626473452756
415,5,10,150,74,0.0
416,5,10,150,74,0.15805943220204186
417,5,10,150,74,0.11088189053445036
419,5,10,150,74,0.3536251441097701
420,5,10,150,74,0.15209749107189288
421,5,10,150,74,0.04264945290455212
422,5,10,150,74,0.0
423,5,10,150,74,0.13523051443907988
424,5,10,150,74,0.1545659390636425
425,5,10,150,74,0.22790846302569912
426,5,10,150,74,0.13571943816109763
427,5,10,150,74,0.12615224917140136
428,5,10,150,74,0.0
429,5,10,150,74,0.14041959417088476
430,5,10,150,74,0.1261446714466394
431,5,10,150,74,0.0
432,5,10,150,74,0.049369952841505485
433,5,10,150,74,0.0
434,5,10,150,74,0.3903800499921017
435,5,10,150,74,0.11347000084585261
436,5,10,150,74,0.10958579382117346
437,5,10,150,74,0.22972973128433707
438,5,10,150,74,0.0
439,5,10,150,74,0.0
440,5,10,150,74,0.06175696970122604
441,5,10,150,74,0.0
442,5,10,150,74,0.0
443,5,10,150,74,0.0
445,5,10,150,74,0.0
446,5,10,150,74,0.0
447,5,10,150,74,0.2726897692124621
448,5,10,150,74,0.0
449,5,10,150,74,0.07784399437297408
450,5,10,150,74,0.22640083277136241
451,5,10,150,74,0.0
452,5,10,150,74,0.1353061563511876
453,5,10,150,74,0.029956785715628154
454,5,10,150,74,0.07998109630822593
455,5,10,150,74,0.08878904135110165
456,5,10,150,74,0.07758828619721583
457,5,10,150,74,0.29418445531213994
458,5,10,150,74,0.04507276838148142
459,5,10,150,74,0.0
460,5,10,150,74,0.0
461,5,10,150,74,0.0
462,5,10,150,74,0.0
463,5,10,150,74,0.026903388345470878
464,5,10,150,74,0.0
465,5,10,150,74,0.0
466,5,10,150,74,0.03947525607388688
467,5,10,150,74,0.1436337620239326
468,5,10,150,74,0.25116683884278784
469,5,10,150,74,0.057417722536754784
470,5,10,150,74,0.0
471,5,10,150,74,0.0
472,5,10,150,74,0.14903271548086697
473,5,10,150,74,0.08754031530847717
474,5,10,150,74,0.34897204770080337
475,5,10,150,74,0.06516188295518531
476,5,10,150,74,0.0
477,5,10,150,74,0.055100238151135045
478,5,10,150,74,0.23782833255689273
479,5,10,150,74,0.07834096783470737
480,5,10,150,74,0.21398626473452756
481,5,10,150,74,0.13863671367752411
482,5,10,150,74,0.0
483,5,10,150,74,0.06912040963822193
484,5,10,150,74,0.09353062527112192
485,5,10,150,74,0.0
486,5,10,150,74,0.10311241692162332
487,5,10,150,74,0.2215000938796789
488,5,10,150,74,0.0
489,5,10,150,74,0.0
490,5,10,150,74,0.0
491,5,10,150,74,0.19092086617893467
492,5,10,150,74,0.12471554514794539
493,5,10,150,74,0.0332568859495131
494,5,10,150,74,0.07461492443139366
495,5,10,150,74,0.15115187072926595
496,5,10,150,74,0.05459112561892713
497,5,10,150,74,0.05602614285694803
498,5,10,150,74,0.03855307727568851
499,5,10,150,74,0.1912282106369008
500,5,10,150,74,0.05011951520627559
501,5,10,150,74,0.0
502,5,10,150,74,0.06364028872631156
503,5,10,150,74,0.27534073433896133
504,5,10,150,74,0.0
505,5,10,150,74,0.0
506,5,10,150,74,0.13939295695713902
507,5,10,150,74,0.03371865946438579
508,5,10,150,74,0.0
509,5,10,150,74,0.06474271459046577
510,5,10,150,74,0.0
511,5,10,150,74,0.0
512,5,10,150,74,0.18316925091363362
513,5,10,150,74,0.0461651444771445
514,5,10,150,74,0.10595566933616397
515,5,10,150,74,0.0
516,5,10,150,74,0.13768197790533618
517,5,10,150,74,0.042259191411409554
518,5,10,150,74,0.0
519,5,10,150,74,0.10980194963145926
520,5,10,150,74,0.0
521,5,10,150,74,0.0
522,5,10,150,74,0.0
523,5,10,150,74,0.07926830632613421
524,5,10,150,74,0.10258209047527363
525,5,10,150,74,0.0
526,5,10,150,74,0.1456995447029214
527,5,10,150,74,0.14943863047793596
528,5,10,150,74,0.14110144150616766
529,5,10,150,74,0.10471139591065548
530,5,10,150,74,0.0
531,5,10,150,74,0.0
532,5,10,150,74,0.04774713204658456
533,5,10,150,74,0.140097006072795
534,5,10,150,74,0.07450923581469894
535,5,10,150,74,0.2871959083713276
536,5,10,150,74,0.27314750625223144
537,5,10,150,74,0.44503716075592253
538,5,10,150,74,0.0
539,5,10,150,74,0.1560067947598593
540,5,10,150,74,0.0
541,5,10,150,74,0.1448454408452497
542,5,10,150,74,0.14655148714607036
543,5,10,150,74,0.03509626319517156
544,5,10,150,74,0.07631352592005593
545,5,10,150,74,0.052962244777770985
546,5,10,150,74,0.15314106296495628
547,5,10,150,74,0.0
548,5,10,150,74,0.06942726819239371
549,5,10,150,74,0.0
550,5,10,150,74,0.13436217909546777
551,5,10,150,74,0.285958870450403
552,5,10,150,74,0.0
553,5,10,150,74,0.20968084445285137
554,5,10,150,74,0.16600564593053876
555,5,10,150,74,0.0
556,5,10,150,74,0.12479271849103059
557,5,10,150,74,0.053894577262255466
558,5,10,150,74,0.05718685316335169
559,5,10,150,74,0.0734773909038217
560,5,10,150,74,0.24050284760456656
561,5,10,150,74,0.043680861255588836
562,5,10,150,74,0.034743705427429224
563,5,10,150,74,0.0
564,5,10,150,74,0.0
565,5,10,150,74,0.18568675205192314
566,5,10,150,74,0.13665387068436016
567,5,10,150,74,0.15284013140891303
568,5,10,150,74,0.057107346298225524
569,5,10,150,74,0.0336639187988199
570,5,10,150,74,0.0
571,5,10,150,74,0.0
572,5,10,150,74,0.058995070558427745
573,5,10,150,74,0.035908240113829995
574,5,10,150,74,0.07616204594440379
575,5,10,150,74,0.056316753775798256
576,5,10,150,74,0.17342765698823945
577,5,10,150,74,0.22186862389759224
578,5,10,150,74,0.09818998961169394
579,5,10,150,74,0.0
580,5,10,150,74,0.21661076434387644
581,5,10,150,74,0.0
582,5,10,150,74,0.028361369701356044
583,5,10,150,74,0.08811076314737627
584,5,10,150,74,0.0
585,5,10,150,74,0.03272632263321488
586,5,10,150,74,0.09195192495929504
587,5,10,150,74,0.0
588,5,10,150,74,0.21190028446013173
589,5,10,150,74,0.0
590,5,10,150,74,0.18511573258657482
591,5,10,150,74,0.15758427078022966
592,5,10,150,74,0.24976434580614024
593,5,10,150,74,0.1847125373189141
594,5,10,150,74,0.0843142342558857
595,5,10,150,74,0.0
596,5,10,150,74,0.0
597,5,10,150,74,0.0
598,5,10,150,74,0.11752277470724268
599,5,10,150,74,0.16402353420682853
600,5,10,150,74,0.0
601,5,10,150,74,0.026557570376145638
602,5,10,150,74,0.0
603,5,10,150,74,0.06194403202282284
604,5,10,150,74,0.0
605,5,10,150,74,0.10589838376326657
606,5,10,150,74,0.2138150508755678
607,5,10,150,74,0.0
608,5,10,150,74,0.14688428242884272
609,5,10,150,74,0.11838279295536291
610,5,10,150,74,0.05781186855394371
611,5,10,150,74,0.03927158715985786
612,5,10,150,74,0.0
613,5,10,150,74,0.2049174583553662
614,5,10,150,74,0.13886244387355454
615,5,10,150,74,0.10251900332140326
616,5,10,150,74,0.09781579202094404
617,5,10,150,74,0.07286192498233149
618,5,10,150,74,0.13693830900397266
619,5,10,150,74,0.15406791387309057
620,5,10,150,74,0.1451323880538222
621,5,10,150,74,0.13589759152345549
622,5,10,150,74,0.10022910267662996
623,5,10,150,74,0.13369528351530374
624,5,10,150,74,0.019160322430058573
625,5,10,150,74,0.0
626,5,10,150,74,0.04690797720830594
627,5,10,150,74,0.04289205981312439
628,5,10,150,74,0.0
629,5,10,150,74,0.2013573326089747
630,5,10,150,74,0.12522204146604196
631,5,10,150,74,0.09240791929215005
632,5,10,150,74,0.3331495701314084
633,5,10,150,74,0.0455520698635181
634,5,10,150,74,0.023756977677906275
635,5,10,150,74,0.039407921945699885
636,5,10,150,74,0.0
637,5,10,150,74,0.0
638,5,10,150,74,0.15473934503245962
639,5,10,150,74,0.0
640,5,10,150,74,0.08757749316783438
641,5,10,150,74,0.03570665676503816
642,5,10,150,74,0.12513317932155102
643,5,10,150,74,0.15031592367651372
644,5,10,150,74,0.0
645,5,10,150,74,0.1856947245529553
646,5,10,150,74,0.0
647,5,10,150,74,0.03673869545191085
648,5,10,150,74,0.11936053292361319
649,5,10,150,74,0.0
650,5,10,150,74,0.12306375712363425
651,5,10,150,74,0.03443184397772452
652,5,10,150,74,0.0
653,5,10,150,74,0.04406490035792675
654,5,10,150,74,0.17020900230175445
655,5,10,150,74,0.24685044450580454
656,5,10,150,74,0.0
657,5,10,150,74,0.053845569940583225
658,5,10,150,74,0.0
659,5,10,150,74,0.07075240780563574
660,5,10,150,74,0.01156377453296346
661,5,10,150,74,0.12705991527984942
662,5,10,150,74,0.0
663,5,10,150,74,0.09211594531187607
664,5,10,150,74,0.05391021349625259
665,5,10,150,74,0.0
666,5,10,150,74,0.07860744541237058
667,5,10,150,74,0.2676806947950803
668,5,10,150,74,0.0
669,5,10,150,74,0.2672968266839232
670,5,10,150,74,0.15539533467551025
671,5,10,150,74,0.17434206503696043
672,5,10,150,74,0.0
673,5,10,150,74,0.0
674,5,10,150,74,0.0
675,5,10,150,74,0.05010834716923557
676,5,10,150,74,0.0
677,5,10,150,74,0.03927489746221688
678,5,10,150,74,0.0
679,5,10,150,74,0.26970586372388394
680,5,10,150,74,0.2073612289146658
681,5,10,150,74,0.0
682,5,10,150,74,0.10518994119572582
683,5,10,150,74,0.06289349548893712
684,5,10,150,74,0.0
685,5,10,150,74,0.0
686,5,10,150,74,0.11524934452025383
687,5,10,150,74,0.0
688,5,10,150,74,0.0
689,5,10,150,74,0.32436268379537736
690,5,10,150,74,0.0
691,5,10,150,74,0.0
692,5,10,150,74,0.0
693,5,10,150,74,0.0
694,5,10,150,74,0.20269611984358588
695,5,10,150,74,0.0607039656753694
696,5,10,150,74,0.12935879342602336
697,5,10,150,74,0.06378035696304758
698,5,10,150,74,0.09499131598480672
699,5,10,150,74,0.0
700,5,10,150,74,0.16958010263680806
701,5,10,150,74,0.04129602134854855
702,5,10,150,74,0.0
703,5,10,150,74,0.03870447337439288
704,5,10,150,74,0.09986079379105446
705,5,10,150,74,0.20609334068785645
706,5,10,150,74,0.0
707,5,10,150,74,0.11204043240783193
708,5,10,150,74,0.0775903127417896
709,5,10,150,74,0.10371915894912967
710,5,10,150,74,0.05710411178654767
711,5,10,150,74,0.14431653919064127
712,5,10,150,74,0.12435918123916344
713,5,10,150,74,0.0
714,5,10,150,74,0.04195229264874745
715,5,10,150,74,0.07261309108674657
716,5,10,150,74,0.1638095748363274
717,5,10,150,74,0.18940567332300148
718,5,10,150,74,0.14061157344379913
719,5,10,150,74,0.1811528335938261
720,5,10,150,74,0.05261577455142312
721,5,10,150,74,0.1740663918285064
722,5,10,150,74,0.0
723,5,10,150,74,0.0
724,5,10,150,74,0.0
725,5,10,150,74,0.05750402108673013
726,5,10,150,74,0.2529427027676571
727,5,10,150,74,0.0896282687940179
728,5,10,150,74,0.0
729,5,10,150,74,0.0
730,5,10,150,74,0.0
731,5,10,150,74,0.06446882235443362
732,5,10,150,74,0.0
733,5,10,150,74,0.0
734,5,10,150,74,0.0655813061736612
735,5,10,150,74,0.0
736,5,10,150,74,0.0
737,5,10,150,74,0.16282663249631943
738,5,10,150,74,0.2632431729022225
739,5,10,150,74,0.0
740,5,10,150,74,0.0
741,5,10,150,74,0.10965210684801945
742,5,10,150,74,0.04553761034739079
743,5,10,150,74,0.0814476682319001
744,5,10,150,74,0.08878770367712427
745,5,10,150,74,0.3682049230943936
746,5,10,150,74,0.11450296808588954
747,5,10,150,74,0.35280518536507777
748,5,10,150,74,0.22468225866052274
749,5,10,150,74,0.12709559353854155
750,5,10,150,74,0.07219614103266732
751,5,10,150,74,0.09679442811841048
752,5,10,150,74,0.020210299806331135
753,5,10,150,74,0.15406810205846871
754,5,10,150,74,0.0
755,5,10,150,74,0.067228724047084
756,5,10,150,74,0.09995970325714823
757,5,10,150,74,0.06756111822138194
758,5,10,150,74,0.22574654890856335
759,5,10,150,74,0.038281751104512325
760,5,10,150,74,0.11447590313611888
761,5,10,150,74,0.03339755935325358
762,5,10,150,74,0.11568388634051256
763,5,10,150,74,0.20859185628046678
764,5,10,150,74,0.08207588022692468
765,5,10,150,74,0.0
766,5,10,150,74,0.050541549839211865
767,5,10,150,74,0.2073612289146658
768,5,10,150,74,0.07655078846581868
769,5,10,150,74,0.0
770,5,10,150,74,0.04692206785373726
771,5,10,150,74,0.2149590517835668
772,5,10,150,74,0.03353522641880846
773,5,10,150,74,0.08236155615232364
774,5,10,150,74,0.03685456497816737
775,5,10,150,74,0.0
776,5,10,150,74,0.12155614423940549
777,5,10,150,74,0.14445412169961394
778,5,10,150,74,0.024850109207689472
779,5,10,150,74,0.05878132199396477
780,5,10,150,74,0.13273397200317036
781,5,10,150,74,0.21898681539091044
782,5,10,150,74,0.011349146916425365
783,5,10,150,74,0.0
784,5,10,150,74,0.0
785,5,10,150,74,0.07685905888147043
786,5,10,150,74,0.13370327844286975
787,5,10,150,74,0.0683037314796457
788,5,10,150,74,0.15860315946950637
789,5,10,150,74,0.059109628562248356
790,5,10,150,74,0.059417758581990165
791,5,10,150,74,0.0
792,5,10,150,74,0.0
793,5,10,150,74,0.0
794,5,10,150,74,0.22201254783236782
795,5,10,150,74,0.09354596657002175
796,5,10,150,74,0.331781867474571
797,5,10,150,74,0.09030583455080088
798,5,10,150,74,0.09775411529118758
799,5,10,150,74,0.0
800,5,10,150,74,0.0
801,5,10,150,74,0.03096677356901516
802,5,10,150,74,0.030863419558816
803,5,10,150,74,0.0
804,5,10,150,74,0.15459029597374152
805,5,10,150,74,0.10817194668044412
806,5,10,150,74,0.13891238635540284
807,5,10,150,74,0.1966711057158767
808,5,10,150,74,0.040655755922716606
809,5,10,150,74,0.07484323939884738
810,5,10,150,74,0.0
811,5,10,150,74,0.05062543788674174
812,5,10,150,74,0.0
813,5,10,150,74,0.17367331957930765
814,5,10,150,74,0.1426080995102236
815,5,10,150,74,0.23883373485304496
816,5,10,150,74,0.08005612702969578
817,5,10,150,74,0.0
818,5,10,150,74,0.0
819,5,10,150,74,0.15575997463127336
820,5,10,150,74,0.041641441310299704
821,5,10,150,74,0.19220292042320755
822,5,10,150,74,0.03902876023380719
823,5,10,150,74,0.28231198418218084
824,5,10,150,74,0.0
825,5,10,150,74,0.09224743688771847
826,5,10,150,74,0.0956022175683246
827,5,10,150,74,0.0
828,5,10,150,74,0.07244745602732354
829,5,10,150,74,0.1633399391391799
830,5,10,150,74,0.10053254151308513
831,5,10,150,74,0.22386873883314284
832,5,10,150,74,0.041355644490859725
833,5,10,150,74,0.1403667358691804
834,5,10,150,74,0.07645930701924761
835,5,10,150,74,0.1484063280563381
836,5,10,150,74,0.10882945376944808
837,5,10,150,74,0.022383927187041207
838,5,10,150,74,0.14570435926304814
839,5,10,150,74,0.05646784228340616
840,5,10,150,74,0.2739386163009296
841,5,10,150,74,0.0
842,5,10,150,74,0.03314153504336938
843,5,10,150,74,0.09267887363889936
844,5,10,150,74,0.14767302746812566
845,5,10,150,74,0.0
846,5,10,150,74,0.28781368008146213
847,5,10,150,74,0.0
848,5,10,150,74,0.12004117045194844
849,5,10,150,74,0.1917146328376363
850,5,10,150,74,0.22524778298991205
851,5,10,150,74,0.2581414969306247
852,5,10,150,74,0.0
853,5,10,150,74,0.0
854,5,10,150,74,0.14910992826077624
855,5,10,150,74,0.0
856,5,10,150,74,0.0628634487195275
857,5,10,150,74,0.0
858,5,10,150,74,0.0
859,5,10,150,74,0.0
860,5,10,150,74,0.03242987438661254
861,5,10,150,74,0.12001290632387755
862,5,10,150,74,0.2347693469035933
863,5,10,150,74,0.04034656861822919
864,5,10,150,74,0.2653590766583992
865,5,10,150,74,0.030825292165839853
866,5,10,150,74,0.12374681498530773
867,5,10,150,74,0.3163289558038732
868,5,10,150,74,0.13156368157526369
869,5,10,150,74,0.09414478450656023
870,5,10,150,74,0.10100664289953916
871,5,10,150,74,0.23335170418377482
872,5,10,150,74,0.03050926163237471
873,5,10,150,74,0.0
874,5,10,150,74,0.06575393297476358
875,5,10,150,74,0.23549131868893233
876,5,10,150,74,0.0
877,5,10,150,74,0.03487978243545732
878,5,10,150,74,0.05026294660523773
879,5,10,150,74,0.07180913162424091
880,5,10,150,74,0.3170761670822559
881,5,10,150,74,0.28701478383954876
882,5,10,150,74,0.2837161454211818
883,5,10,150,74,0.3477596291847358
884,5,10,150,74,0.028767091820622218
885,5,10,150,74,0.10709607345972089
886,5,10,150,74,0.1637205392691895
887,5,10,150,74,0.18779975520395756
888,5,10,150,74,0.0
889,5,10,150,74,0.22520639034873693
890,5,10,150,74,0.3092354590022605
891,5,10,150,74,0.09013275514532934
892,5,10,150,74,0.4135051353605228
893,5,10,150,74,0.05014695371369417
894,5,10,150,74,0.19667244352379493
895,5,10,150,74,0.0
896,5,10,150,74,0.33555766938817444
897,5,10,150,74,0.25400470038736334
898,5,10,150,74,0.0
899,5,10,150,74,0.1528183102111697
900,5,10,150,74,0.09313286019574611
901,5,10,150,74,0.227865328144732
902,5,10,150,74,0.025255271126572616
903,5,10,150,74,0.33309153446828266
904,5,10,150,74,0.0
905,5,10,150,74,0.08773956418811966
906,5,10,150,74,0.06212701143918119
907,5,10,150,74,0.21212589356951347
908,5,10,150,74,0.20640898076180436
909,5,10,150,74,0.0
910,5,10,150,74,0.14111581018360284
911,5,10,150,74,0.07221694898330532
912,5,10,150,74,0.17292384468805336
913,5,10,150,74,0.20104174486627907
914,5,10,150,74,0.0
915,5,10,150,74,0.0
916,5,10,150,74,0.1924536432026176
917,5,10,150,74,0.019845431127916993
918,5,10,150,74,0.0253533085437572
919,5,10,150,74,0.12636407316738546
920,5,10,150,74,0.26814570941777965
921,5,10,150,74,0.02477447378142753
922,5,10,150,74,0.12240176700381374
923,5,10,150,74,0.053605537438321305
924,5,10,150,74,0.11819634191622581
925,5,10,150,74,0.08576373115156254
926,5,10,150,74,0.18690891198435525
927,5,10,150,74,0.14083733403051976
928,5,10,150,74,0.2047606321191804
929,5,10,150,74,0.11107244313646446
930,5,10,150,74,0.12668740771092546
931,5,10,150,74,0.059539365700728666
932,5,10,150,74,0.3422647270187022
933,5,10,150,74,0.05813016618215109
934,5,10,150,74,0.2442190990057763
935,5,10,150,74,0.043888403129016776
936,5,10,150,74,0.10640792255254995
937,5,10,150,74,0.09560624946230661
938,5,10,150,74,0.08376518922683161
939,5,10,150,74,0.05231692143384187
940,5,10,150,74,0.09469359068019315
941,5,10,150,74,0.2546814962889047
942,5,10,150,74,0.19096882311221264
943,5,10,150,74,0.16162331853726652
1,5,10,150,75,0.4058715898896693
2,5,10,150,75,0.14433828292945616
3,5,10,150,75,0.08759200575528697
4,5,10,150,75,0.0
5,5,10,150,75,0.04470486007704452
6,5,10,150,75,0.04187254809446048
7,5,10,150,75,0.22836484467160698
8,5,10,150,75,0.0
9,5,10,150,75,0.0
10,5,10,150,75,0.3005733545514552
11,5,10,150,75,0.03947525607388688
12,5,10,150,75,0.14632177291384774
13,5,10,150,75,0.24256092752724764
14,5,10,150,75,0.18795160328752808
15,5,10,150,75,0.0
16,5,10,150,75,0.19107502160562695
17,5,10,150,75,0.0
18,5,10,150,75,0.17872418048185143
19,5,10,150,75,0.0
20,5,10,150,75,0.13743816645714543
21,5,10,150,75,0.17643857112498312
22,5,10,150,75,0.040815803121742565
23,5,10,150,75,0.10387012192613786
24,5,10,150,75,0.08835266840320231
25,5,10,150,75,0.23940867474021393
26,5,10,150,75,0.0
27,5,10,150,75,0.0
28,5,10,150,75,0.10131242160793445
30,5,10,150,75,0.08133484538841967
31,5,10,150,75,0.11164668500969883
32,5,10,150,75,0.19519002499605084
33,5,10,150,75,0.0
34,5,10,150,75,0.0
35,5,10,150,75,0.0
37,5,10,150,75,0.08177471774917201
38,5,10,150,75,0.0
39,5,10,150,75,0.0
40,5,10,150,75,0.0
41,5,10,150,75,0.06835476917178976
42,5,10,150,75,0.08850778826764391
43,5,10,150,75,0.0
44,5,10,150,75,0.29540493557662006
45,5,10,150,75,0.0
46,5,10,150,75,0.0
47,5,10,150,75,0.0
48,5,10,150,75,0.07028063830038406
49,5,10,150,75,0.05432573058142762
52,5,10,150,75,0.06369098129632131
53,5,10,150,75,0.0
54,5,10,150,75,0.0
55,5,10,150,75,0.0
56,5,10,150,75,0.11781210270929884
57,5,10,150,75,0.1318392860374695
58,5,10,150,75,0.43418941507676856
59,5,10,150,75,0.19233148606048747
60,5,10,150,75,0.1076743759411119
61,5,10,150,75,0.0
62,5,10,150,75,0.09586820699422145
63,5,10,150,75,0.0
64,5,10,150,75,0.07635718686081962
65,5,10,150,75,0.2342550150352983
66,5,10,150,75,0.06636133566432367
67,5,10,150,75,0.0
68,5,10,150,75,0.0
69,5,10,150,75,0.0
70,5,10,150,75,0.0
71,5,10,150,75,0.20758456043036028
72,5,10,150,75,0.10990826949013655
73,5,10,150,75,0.10052888926242022
74,5,10,150,75,0.0
75,5,10,150,75,0.05515026856924372
76,5,10,150,75,0.10633668103022985
77,5,10,150,75,0.14247142730086715
78,5,10,150,75,0.0
79,5,10,150,75,0.07821312100379274
80,5,10,150,75,0.0
81,5,10,150,75,0.08878770367712427
82,5,10,150,75,0.03187578878809277
83,5,10,150,75,0.07414861528507455
84,5,10,150,75,0.07550980911390262
85,5,10,150,75,0.04734112273659951
86,5,10,150,75,0.0
87,5,10,150,75,0.16641625059082407
88,5,10,150,75,0.18920035951687003
89,5,10,150,75,0.0
90,5,10,150,75,0.19659652872125194
91,5,10,150,75,0.0
92,5,10,150,75,0.03369782041898502
93,5,10,150,75,0.0
94,5,10,150,75,0.12253429761719764
95,5,10,150,75,0.07849567312219397
96,5,10,150,75,0.06482168843084862
97,5,10,150,75,0.0
98,5,10,150,75,0.0
99,5,10,150,75,0.13337585439143895
100,5,10,150,75,0.0
101,5,10,150,75,0.0
102,5,10,150,75,0.0
103,5,10,150,75,0.0
104,5,10,150,75,0.33958467175585033
105,5,10,150,75,0.0
106,5,10,150,75,0.06516188295518531
107,5,10,150,75,0.0
109,5,10,150,75,0.16563719724029594
110,5,10,150,75,0.03203603672019056
111,5,10,150,75,0.0
112,5,10,150,75,0.14155505107215216
113,5,10,150,75,0.0
114,5,10,150,75,0.08274602130532002
115,5,10,150,75,0.0718417865441674
116,5,10,150,75,0.0
117,5,10,150,75,0.0
118,5,10,150,75,0.2265416449833316
119,5,10,150,75,0.08512399185313972
120,5,10,150,75,0.0
121,5,10,150,75,0.13032376591037062
122,5,10,150,75,0.0
123,5,10,150,75,0.13720340769293682
124,5,10,150,75,0.0
125,5,10,150,75,0.05446333035917803
126,5,10,150,75,0.0
128,5,10,150,75,0.0
129,5,10,150,75,0.0
130,5,10,150,75,0.17195079996346713
131,5,10,150,75,0.0
132,5,10,150,75,0.0
133,5,10,150,75,0.0
134,5,10,150,75,0.0
135,5,10,150,75,0.0
136,5,10,150,75,0.0
137,5,10,150,75,0.1137075481082292
138,5,10,150,75,0.0976168253917686
139,5,10,150,75,0.10466868931043802
140,5,10,150,75,0.0
141,5,10,150,75,0.04733244938590725
142,5,10,150,75,0.0
143,5,10,150,75,0.0
144,5,10,150,75,0.0
145,5,10,150,75,0.2111860121794885
146,5,10,150,75,0.0
147,5,10,150,75,0.1033846481249528
148,5,10,150,75,0.19860821180640417
149,5,10,150,75,0.0
150,5,10,150,75,0.2640681225725909
151,5,10,150,75,0.1026571794225922
152,5,10,150,75,0.0
153,5,10,150,75,0.0
154,5,10,150,75,0.06416923277158361
155,5,10,150,75,0.0
156,5,10,150,75,0.0
157,5,10,150,75,0.0
158,5,10,150,75,0.13830208502611357
159,5,10,150,75,0.23138144801632507
160,5,10,150,75,0.20441309786906653
161,5,10,150,75,0.0
162,5,10,150,75,0.0
163,5,10,150,75,0.0
164,5,10,150,75,0.0
165,5,10,150,75,0.0
167,5,10,150,75,0.05319635904163211
168,5,10,150,75,0.05461997784715835
169,5,10,150,75,0.0
170,5,10,150,75,0.0
171,5,10,150,75,0.0
173,5,10,150,75,0.0
174,5,10,150,75,0.09841425610124989
175,5,10,150,75,0.21517910082405575
176,5,10,150,75,0.06289692884934815
177,5,10,150,75,0.38113435412202
178,5,10,150,75,0.12597398707460816
179,5,10,150,75,0.09149012142095872
180,5,10,150,75,0.06228974831361337
181,5,10,150,75,0.11680461119565375
182,5,10,150,75,0.0
183,5,10,150,75,0.15101961822780524
184,5,10,150,75,0.0
185,5,10,150,75,0.0
186,5,10,150,75,0.04633132539002164
187,5,10,150,75,0.0
188,5,10,150,75,0.12925733948536566
189,5,10,150,75,0.18890011590178235
190,5,10,150,75,0.0
192,5,10,150,75,0.123151194370365
193,5,10,150,75,0.0
194,5,10,150,75,0.11343156218083877
195,5,10,150,75,0.11787667935667444
196,5,10,150,75,0.0
197,5,10,150,75,0.09546043308946733
198,5,10,150,75,0.0
199,5,10,150,75,0.0
200,5,10,150,75,0.09785159463516042
201,5,10,150,75,0.0
202,5,10,150,75,0.10466868931043802
203,5,10,150,75,0.0
204,5,10,150,75,0.19519002499605084
205,5,10,150,75,0.0
206,5,10,150,75,0.0
207,5,10,150,75,0.11073658758229504
208,5,10,150,75,0.0
209,5,10,150,75,0.0
210,5,10,150,75,0.2167516193508568
211,5,10,150,75,0.0
213,5,10,150,75,0.15669163589836543
214,5,10,150,75,0.0
216,5,10,150,75,0.23813231172447274
217,5,10,150,75,0.0
218,5,10,150,75,0.0
219,5,10,150,75,0.0
221,5,10,150,75,0.0
222,5,10,150,75,0.1050995674008573
223,5,10,150,75,0.0
224,5,10,150,75,0.0
225,5,10,150,75,0.09077089626867633
226,5,10,150,75,0.19092086617893467
227,5,10,150,75,0.0
228,5,10,150,75,0.0
229,5,10,150,75,0.0
230,5,10,150,75,0.12683081539850163
231,5,10,150,75,0.0
232,5,10,150,75,0.03962341267285813
233,5,10,150,75,0.3062523178880809
234,5,10,150,75,0.09887660119080527
235,5,10,150,75,0.06692738060277027
236,5,10,150,75,0.0
237,5,10,150,75,0.19342640361727081
238,5,10,150,75,0.0
239,5,10,150,75,0.06912040963822193
240,5,10,150,75,0.12495636102304827
241,5,10,150,75,0.0
242,5,10,150,75,0.0
243,5,10,150,75,0.0
244,5,10,150,75,0.049712302565054066
245,5,10,150,75,0.0
246,5,10,150,75,0.0561326498270945
247,5,10,150,75,0.09472348220010487
248,5,10,150,75,0.09472348220010487
249,5,10,150,75,0.09798874944313594
250,5,10,150,75,0.0
251,5,10,150,75,0.13032376591037062
252,5,10,150,75,0.20184908658209985
253,5,10,150,75,0.1084812001944431
254,5,10,150,75,0.08514311764162098
255,5,10,150,75,0.0
256,5,10,150,75,0.07107087490719705
257,5,10,150,75,0.07984133538066794
258,5,10,150,75,0.10144063749941859
259,5,10,150,75,0.1239740444869306
260,5,10,150,75,0.0
261,5,10,150,75,0.0
262,5,10,150,75,0.0
263,5,10,150,75,0.0956366800683804
264,5,10,150,75,0.050433735583135575
265,5,10,150,75,0.0
266,5,10,150,75,0.0
267,5,10,150,75,0.17168372277322866
268,5,10,150,75,0.07517090309261779
269,5,10,150,75,0.052962244777770985
270,5,10,150,75,0.041641441310299704
271,5,10,150,75,0.13010624216828925
272,5,10,150,75,0.1702293778633033
273,5,10,150,75,0.0
274,5,10,150,75,0.0
275,5,10,150,75,0.0
276,5,10,150,75,0.15875999922826586
277,5,10,150,75,0.0
278,5,10,150,75,0.1631512196835108
279,5,10,150,75,0.16020377431691654
280,5,10,150,75,0.18341796851458614
281,5,10,150,75,0.0
282,5,10,150,75,0.0
283,5,10,150,75,0.07028063830038406
284,5,10,150,75,0.0
285,5,10,150,75,0.0
286,5,10,150,75,0.09991246976864687
287,5,10,150,75,0.0
288,5,10,150,75,0.0859574327152926
289,5,10,150,75,0.16903020543979225
290,5,10,150,75,0.07834851647149511
291,5,10,150,75,0.07828167840727236
292,5,10,150,75,0.04224853374256244
293,5,10,150,75,0.11168650506419579
294,5,10,150,75,0.0
295,5,10,150,75,0.2603201838311303
296,5,10,150,75,0.18873901602586696
297,5,10,150,75,0.0
298,5,10,150,75,0.16915623549474385
299,5,10,150,75,0.0
300,5,10,150,75,0.0
301,5,10,150,75,0.06460801587741544
302,5,10,150,75,0.09224219235917257
303,5,10,150,75,0.07354269615643778
304,5,10,150,75,0.0
305,5,10,150,75,0.11349000778741654
306,5,10,150,75,0.0
307,5,10,150,75,0.10778915452451093
308,5,10,150,75,0.13490077762666258
310,5,10,150,75,0.0
311,5,10,150,75,0.13301422444853
312,5,10,150,75,0.1819616199123543
313,5,10,150,75,0.11270402374049442
314,5,10,150,75,0.16600564593053876
315,5,10,150,75,0.037110354711564805
316,5,10,150,75,0.0
317,5,10,150,75,0.0
318,5,10,150,75,0.1642688369468948
319,5,10,150,75,0.0
320,5,10,150,75,0.13927874459665815
321,5,10,150,75,0.0
322,5,10,150,75,0.0
323,5,10,150,75,0.1610425878239398
324,5,10,150,75,0.0
325,5,10,150,75,0.09092803061897883
326,5,10,150,75,0.027288805847552652
327,5,10,150,75,0.025410386140327024
328,5,10,150,75,0.09206364236149692
329,5,10,150,75,0.0
330,5,10,150,75,0.1313681680695099
331,5,10,150,75,0.0
332,5,10,150,75,0.09320485889859448
334,5,10,150,75,0.02249061179923914
335,5,10,150,75,0.16155546744299637
336,5,10,150,75,0.0780824078938463
337,5,10,150,75,0.0
338,5,10,150,75,0.18039889772993523
339,5,10,150,75,0.20908777063504488
340,5,10,150,75,0.06267320809766952
341,5,10,150,75,0.0
342,5,10,150,75,0.3608742720986609
343,5,10,150,75,0.09229649639444802
344,5,10,150,75,0.1202034973803211
345,5,10,150,75,0.18015355216717013
346,5,10,150,75,0.04366879852493834
347,5,10,150,75,0.22280620320442554
348,5,10,150,75,0.0
349,5,10,150,75,0.0
350,5,10,150,75,0.058087171966128066
351,5,10,150,75,0.07977344912567227
352,5,10,150,75,0.1903601622684853
353,5,10,150,75,0.14434031438272124
354,5,10,150,75,0.06335619058732639
355,5,10,150,75,0.0
356,5,10,150,75,0.0
357,5,10,150,75,0.0
358,5,10,150,75,0.06364028872631156
359,5,10,150,75,0.3010299956639812
360,5,10,150,75,0.12982031659526816
361,5,10,150,75,0.09478836436955078
362,5,10,150,75,0.054793185501041654
363,5,10,150,75,0.24101654828754165
364,5,10,150,75,0.0
365,5,10,150,75,0.0
366,5,10,150,75,0.0
367,5,10,150,75,0.06369098129632131
368,5,10,150,75,0.0
369,5,10,150,75,0.0
370,5,10,150,75,0.0
371,5,10,150,75,0.19950301641376814
372,5,10,150,75,0.15130120674940672
373,5,10,150,75,0.22842722979011518
374,5,10,150,75,0.07472550252128253
375,5,10,150,75,0.0
376,5,10,150,75,0.0
377,5,10,150,75,0.0
378,5,10,150,75,0.13635638482251203
379,5,10,150,75,0.08433239722469389
380,5,10,150,75,0.0
381,5,10,150,75,0.0
382,5,10,150,75,0.09952375175972906
383,5,10,150,75,0.15042011455175697
384,5,10,150,75,0.0
385,5,10,150,75,0.0
386,5,10,150,75,0.0
387,5,10,150,75,0.08586571489348302
388,5,10,150,75,0.05789711601244791
389,5,10,150,75,0.09284203700798714
390,5,10,150,75,0.0
391,5,10,150,75,0.11245246430543061
392,5,10,150,75,0.1484702586346916
393,5,10,150,75,0.17201528718620057
394,5,10,150,75,0.16570616085215287
395,5,10,150,75,0.0
396,5,10,150,75,0.0
397,5,10,150,75,0.11004588314904008
398,5,10,150,75,0.28368572779044043
399,5,10,150,75,0.026175882249243814
400,5,10,150,75,0.0
401,5,10,150,75,0.02839245759615368
402,5,10,150,75,0.0
403,5,10,150,75,0.2529427027676571
404,5,10,150,75,0.0
405,5,10,150,75,0.03885578519643497
406,5,10,150,75,0.06360190926466157
407,5,10,150,75,0.10804623175972022
408,5,10,150,75,0.09983719697789138
409,5,10,150,75,0.05800611307095368
410,5,10,150,75,0.0
411,5,10,150,75,0.17342765698823945
412,5,10,150,75,0.0
413,5,10,150,75,0.0
414,5,10,150,75,0.21398626473452756
415,5,10,150,75,0.0
416,5,10,150,75,0.15805943220204186
417,5,10,150,75,0.11088189053445036
419,5,10,150,75,0.3536251441097701
420,5,10,150,75,0.15209749107189288
421,5,10,150,75,0.04264945290455212
422,5,10,150,75,0.0
423,5,10,150,75,0.13523051443907988
424,5,10,150,75,0.1545659390636425
425,5,10,150,75,0.22790846302569912
426,5,10,150,75,0.13571943816109763
427,5,10,150,75,0.12615224917140136
428,5,10,150,75,0.0
429,5,10,150,75,0.14041959417088476
430,5,10,150,75,0.1261446714466394
431,5,10,150,75,0.0
432,5,10,150,75,0.049369952841505485
433,5,10,150,75,0.0
434,5,10,150,75,0.3903800499921017
435,5,10,150,75,0.11347000084585261
436,5,10,150,75,0.10958579382117346
437,5,10,150,75,0.22972973128433707
438,5,10,150,75,0.0
439,5,10,150,75,0.0
440,5,10,150,75,0.06175696970122604
441,5,10,150,75,0.0
442,5,10,150,75,0.0
443,5,10,150,75,0.0
445,5,10,150,75,0.0
446,5,10,150,75,0.0
447,5,10,150,75,0.2726897692124621
448,5,10,150,75,0.0
449,5,10,150,75,0.07784399437297408
450,5,10,150,75,0.22640083277136241
451,5,10,150,75,0.0
452,5,10,150,75,0.1353061563511876
453,5,10,150,75,0.029956785715628154
454,5,10,150,75,0.07998109630822593
455,5,10,150,75,0.08878904135110165
456,5,10,150,75,0.07758828619721583
457,5,10,150,75,0.29418445531213994
458,5,10,150,75,0.04507276838148142
459,5,10,150,75,0.0
460,5,10,150,75,0.0
461,5,10,150,75,0.0
462,5,10,150,75,0.0
463,5,10,150,75,0.026903388345470878
464,5,10,150,75,0.0
465,5,10,150,75,0.0
466,5,10,150,75,0.03947525607388688
467,5,10,150,75,0.1436337620239326
468,5,10,150,75,0.25116683884278784
469,5,10,150,75,0.057417722536754784
470,5,10,150,75,0.0
471,5,10,150,75,0.0
472,5,10,150,75,0.14903271548086697
473,5,10,150,75,0.08754031530847717
474,5,10,150,75,0.34897204770080337
475,5,10,150,75,0.06516188295518531
476,5,10,150,75,0.0
477,5,10,150,75,0.055100238151135045
478,5,10,150,75,0.23782833255689273
479,5,10,150,75,0.07834096783470737
480,5,10,150,75,0.21398626473452756
481,5,10,150,75,0.13863671367752411
482,5,10,150,75,0.0
483,5,10,150,75,0.06912040963822193
484,5,10,150,75,0.09353062527112192
485,5,10,150,75,0.0
486,5,10,150,75,0.10311241692162332
487,5,10,150,75,0.2215000938796789
488,5,10,150,75,0.0
489,5,10,150,75,0.0
490,5,10,150,75,0.0
491,5,10,150,75,0.19092086617893467
492,5,10,150,75,0.12471554514794539
493,5,10,150,75,0.0332568859495131
494,5,10,150,75,0.07461492443139366
495,5,10,150,75,0.15115187072926595
496,5,10,150,75,0.05459112561892713
497,5,10,150,75,0.05602614285694803
498,5,10,150,75,0.03855307727568851
499,5,10,150,75,0.1912282106369008
500,5,10,150,75,0.05011951520627559
501,5,10,150,75,0.0
502,5,10,150,75,0.06364028872631156
503,5,10,150,75,0.27534073433896133
504,5,10,150,75,0.0
505,5,10,150,75,0.0
506,5,10,150,75,0.13939295695713902
507,5,10,150,75,0.03371865946438579
508,5,10,150,75,0.0
509,5,10,150,75,0.06474271459046577
510,5,10,150,75,0.0
511,5,10,150,75,0.0
512,5,10,150,75,0.18316925091363362
513,5,10,150,75,0.0461651444771445
514,5,10,150,75,0.10595566933616397
515,5,10,150,75,0.0
516,5,10,150,75,0.13768197790533618
517,5,10,150,75,0.042259191411409554
518,5,10,150,75,0.0
519,5,10,150,75,0.10980194963145926
520,5,10,150,75,0.0
521,5,10,150,75,0.0
522,5,10,150,75,0.0
523,5,10,150,75,0.07926830632613421
524,5,10,150,75,0.10258209047527363
525,5,10,150,75,0.0
526,5,10,150,75,0.1456995447029214
527,5,10,150,75,0.14943863047793596
528,5,10,150,75,0.14110144150616766
529,5,10,150,75,0.10471139591065548
530,5,10,150,75,0.0
531,5,10,150,75,0.0
532,5,10,150,75,0.04774713204658456
533,5,10,150,75,0.140097006072795
534,5,10,150,75,0.07450923581469894
535,5,10,150,75,0.2871959083713276
536,5,10,150,75,0.27314750625223144
537,5,10,150,75,0.45023943181600934
538,5,10,150,75,0.0
539,5,10,150,75,0.1560067947598593
540,5,10,150,75,0.0
541,5,10,150,75,0.1448454408452497
542,5,10,150,75,0.14655148714607036
543,5,10,150,75,0.03509626319517156
544,5,10,150,75,0.07631352592005593
545,5,10,150,75,0.052962244777770985
546,5,10,150,75,0.15314106296495628
547,5,10,150,75,0.0
548,5,10,150,75,0.06942726819239371
549,5,10,150,75,0.0
550,5,10,150,75,0.13436217909546777
551,5,10,150,75,0.285958870450403
552,5,10,150,75,0.0
553,5,10,150,75,0.20968084445285137
554,5,10,150,75,0.16600564593053876
555,5,10,150,75,0.0
556,5,10,150,75,0.12479271849103059
557,5,10,150,75,0.053894577262255466
558,5,10,150,75,0.05718685316335169
559,5,10,150,75,0.0734773909038217
560,5,10,150,75,0.24050284760456656
561,5,10,150,75,0.043680861255588836
562,5,10,150,75,0.034743705427429224
563,5,10,150,75,0.0
564,5,10,150,75,0.0
565,5,10,150,75,0.18568675205192314
566,5,10,150,75,0.13665387068436016
567,5,10,150,75,0.15284013140891303
568,5,10,150,75,0.057107346298225524
569,5,10,150,75,0.0336639187988199
570,5,10,150,75,0.0
571,5,10,150,75,0.0
572,5,10,150,75,0.058995070558427745
573,5,10,150,75,0.035908240113829995
574,5,10,150,75,0.07616204594440379
575,5,10,150,75,0.056316753775798256
576,5,10,150,75,0.17342765698823945
577,5,10,150,75,0.22186862389759224
578,5,10,150,75,0.09818998961169394
579,5,10,150,75,0.0
580,5,10,150,75,0.21661076434387644
581,5,10,150,75,0.0
582,5,10,150,75,0.028361369701356044
583,5,10,150,75,0.08811076314737627
584,5,10,150,75,0.0
585,5,10,150,75,0.03272632263321488
586,5,10,150,75,0.09195192495929504
587,5,10,150,75,0.0
588,5,10,150,75,0.21190028446013173
589,5,10,150,75,0.0
590,5,10,150,75,0.18511573258657482
591,5,10,150,75,0.15758427078022966
592,5,10,150,75,0.25679712161753376
593,5,10,150,75,0.1847125373189141
594,5,10,150,75,0.0843142342558857
595,5,10,150,75,0.0
596,5,10,150,75,0.0
597,5,10,150,75,0.0
598,5,10,150,75,0.11752277470724268
599,5,10,150,75,0.16402353420682853
600,5,10,150,75,0.0
601,5,10,150,75,0.026557570376145638
602,5,10,150,75,0.0
603,5,10,150,75,0.06194403202282284
604,5,10,150,75,0.0
605,5,10,150,75,0.10589838376326657
606,5,10,150,75,0.2138150508755678
607,5,10,150,75,0.0
608,5,10,150,75,0.14688428242884272
609,5,10,150,75,0.11838279295536291
610,5,10,150,75,0.05781186855394371
611,5,10,150,75,0.03927158715985786
612,5,10,150,75,0.0
613,5,10,150,75,0.2049174583553662
614,5,10,150,75,0.13886244387355454
615,5,10,150,75,0.10251900332140326
616,5,10,150,75,0.09781579202094404
617,5,10,150,75,0.07286192498233149
618,5,10,150,75,0.13693830900397266
619,5,10,150,75,0.15406791387309057
620,5,10,150,75,0.1451323880538222
621,5,10,150,75,0.13589759152345549
622,5,10,150,75,0.10022910267662996
623,5,10,150,75,0.13369528351530374
624,5,10,150,75,0.019160322430058573
625,5,10,150,75,0.0
626,5,10,150,75,0.04690797720830594
627,5,10,150,75,0.04289205981312439
628,5,10,150,75,0.0
629,5,10,150,75,0.2013573326089747
630,5,10,150,75,0.12522204146604196
631,5,10,150,75,0.09240791929215005
632,5,10,150,75,0.3331495701314084
633,5,10,150,75,0.0455520698635181
634,5,10,150,75,0.023756977677906275
635,5,10,150,75,0.039407921945699885
636,5,10,150,75,0.0
637,5,10,150,75,0.0
638,5,10,150,75,0.15473934503245962
639,5,10,150,75,0.0
640,5,10,150,75,0.08757749316783438
641,5,10,150,75,0.03570665676503816
642,5,10,150,75,0.1239601697587344
643,5,10,150,75,0.15031592367651372
644,5,10,150,75,0.0
645,5,10,150,75,0.1856947245529553
646,5,10,150,75,0.0
647,5,10,150,75,0.03673869545191085
648,5,10,150,75,0.11936053292361319
649,5,10,150,75,0.0
650,5,10,150,75,0.12306375712363425
651,5,10,150,75,0.03443184397772452
652,5,10,150,75,0.0
653,5,10,150,75,0.043651832059137766
654,5,10,150,75,0.17020900230175445
655,5,10,150,75,0.24453644646339268
656,5,10,150,75,0.0
657,5,10,150,75,0.053845569940583225
658,5,10,150,75,0.0
659,5,10,150,75,0.07075240780563574
660,5,10,150,75,0.01156377453296346
661,5,10,150,75,0.12705991527984942
662,5,10,150,75,0.0
663,5,10,150,75,0.09211594531187607
664,5,10,150,75,0.05391021349625259
665,5,10,150,75,0.0
666,5,10,150,75,0.07860744541237058
667,5,10,150,75,0.2676806947950803
668,5,10,150,75,0.0
669,5,10,150,75,0.2672968266839232
670,5,10,150,75,0.15539533467551025
671,5,10,150,75,0.17434206503696043
672,5,10,150,75,0.0
673,5,10,150,75,0.0
674,5,10,150,75,0.0
675,5,10,150,75,0.05010834716923557
676,5,10,150,75,0.0
677,5,10,150,75,0.03927489746221688
678,5,10,150,75,0.0
679,5,10,150,75,0.26970586372388394
680,5,10,150,75,0.2073612289146658
681,5,10,150,75,0.0
682,5,10,150,75,0.10420388132252756
683,5,10,150,75,0.06289349548893712
684,5,10,150,75,0.0
685,5,10,150,75,0.0
686,5,10,150,75,0.11524934452025383
687,5,10,150,75,0.0
688,5,10,150,75,0.0
689,5,10,150,75,0.32436268379537736
690,5,10,150,75,0.0
691,5,10,150,75,0.0
692,5,10,150,75,0.0
693,5,10,150,75,0.015483922344753005
694,5,10,150,75,0.20269611984358588
695,5,10,150,75,0.0607039656753694
696,5,10,150,75,0.12935879342602336
697,5,10,150,75,0.06378035696304758
698,5,10,150,75,0.09499131598480672
699,5,10,150,75,0.0
700,5,10,150,75,0.16958010263680806
701,5,10,150,75,0.04129602134854855
702,5,10,150,75,0.0
703,5,10,150,75,0.03870447337439288
704,5,10,150,75,0.09986079379105446
705,5,10,150,75,0.20609334068785645
706,5,10,150,75,0.0
707,5,10,150,75,0.11204043240783193
708,5,10,150,75,0.0943325796571581
709,5,10,150,75,0.10371915894912967
710,5,10,150,75,0.05710411178654767
711,5,10,150,75,0.15552566999725762
712,5,10,150,75,0.12435918123916344
713,5,10,150,75,0.0
714,5,10,150,75,0.04195229264874745
715,5,10,150,75,0.07261309108674657
716,5,10,150,75,0.17164809832282965
717,5,10,150,75,0.18940567332300148
718,5,10,150,75,0.14061157344379913
719,5,10,150,75,0.1811528335938261
720,5,10,150,75,0.05261577455142312
721,5,10,150,75,0.1740663918285064
722,5,10,150,75,0.0
723,5,10,150,75,0.0
724,5,10,150,75,0.0
725,5,10,150,75,0.05750402108673013
726,5,10,150,75,0.2529427027676571
727,5,10,150,75,0.08878808542327561
728,5,10,150,75,0.0
729,5,10,150,75,0.0
730,5,10,150,75,0.0
731,5,10,150,75,0.06446882235443362
732,5,10,150,75,0.0
733,5,10,150,75,0.0
734,5,10,150,75,0.0655813061736612
735,5,10,150,75,0.0
736,5,10,150,75,0.0
737,5,10,150,75,0.16282663249631943
738,5,10,150,75,0.2632431729022225
739,5,10,150,75,0.0
740,5,10,150,75,0.0
741,5,10,150,75,0.10965210684801945
742,5,10,150,75,0.04553761034739079
743,5,10,150,75,0.0814476682319001
744,5,10,150,75,0.08878770367712427
745,5,10,150,75,0.3682049230943936
746,5,10,150,75,0.11450296808588954
747,5,10,150,75,0.34949795814933604
748,5,10,150,75,0.22468225866052274
749,5,10,150,75,0.1259041881301529
750,5,10,150,75,0.07219614103266732
751,5,10,150,75,0.09679442811841048
752,5,10,150,75,0.020210299806331135
753,5,10,150,75,0.15406810205846871
754,5,10,150,75,0.0
755,5,10,150,75,0.067228724047084
756,5,10,150,75,0.09995970325714823
757,5,10,150,75,0.06756111822138194
758,5,10,150,75,0.22363038066223326
759,5,10,150,75,0.038281751104512325
760,5,10,150,75,0.11447590313611888
761,5,10,150,75,0.03339755935325358
762,5,10,150,75,0.11568388634051256
763,5,10,150,75,0.20859185628046678
764,5,10,150,75,0.08207588022692468
765,5,10,150,75,0.0
766,5,10,150,75,0.050541549839211865
767,5,10,150,75,0.2073612289146658
768,5,10,150,75,0.07655078846581868
769,5,10,150,75,0.0
770,5,10,150,75,0.04692206785373726
771,5,10,150,75,0.2149590517835668
772,5,10,150,75,0.03353522641880846
773,5,10,150,75,0.08236155615232364
774,5,10,150,75,0.03650908700512117
775,5,10,150,75,0.0
776,5,10,150,75,0.12155614423940549
777,5,10,150,75,0.14445412169961394
778,5,10,150,75,0.024850109207689472
779,5,10,150,75,0.05878132199396477
780,5,10,150,75,0.13273397200317036
781,5,10,150,75,0.21898681539091044
782,5,10,150,75,0.011242759002884318
783,5,10,150,75,0.0
784,5,10,150,75,0.0
785,5,10,150,75,0.07685905888147043
786,5,10,150,75,0.13370327844286975
787,5,10,150,75,0.0683037314796457
788,5,10,150,75,0.15711639933315125
789,5,10,150,75,0.059109628562248356
790,5,10,150,75,0.058860771223435936
791,5,10,150,75,0.0
792,5,10,150,75,0.0
793,5,10,150,75,0.0
794,5,10,150,75,0.22201254783236782
795,5,10,150,75,0.09354596657002175
796,5,10,150,75,0.32867171471231477
797,5,10,150,75,0.09030583455080088
798,5,10,150,75,0.09683775951198544
799,5,10,150,75,0.0
800,5,10,150,75,0.0
801,5,10,150,75,0.03096677356901516
802,5,10,150,75,0.030863419558816
803,5,10,150,75,0.0
804,5,10,150,75,0.15314115277703688
805,5,10,150,75,0.10715793322236204
806,5,10,150,75,0.13891238635540284
807,5,10,150,75,0.1948274932624472
808,5,10,150,75,0.040655755922716606
809,5,10,150,75,0.07484323939884738
810,5,10,150,75,0.0
811,5,10,150,75,0.05062543788674174
812,5,10,150,75,0.0
813,5,10,150,75,0.17367331957930765
814,5,10,150,75,0.1426080995102236
815,5,10,150,75,0.23659488616059765
816,5,10,150,75,0.08005612702969578
817,5,10,150,75,0.0
818,5,10,150,75,0.0
819,5,10,150,75,0.15575997463127336
820,5,10,150,75,0.041641441310299704
821,5,10,150,75,0.19220292042320755
822,5,10,150,75,0.03902876023380719
823,5,10,150,75,0.2796655665099145
824,5,10,150,75,0.0
825,5,10,150,75,0.09224743688771847
826,5,10,150,75,0.0956022175683246
827,5,10,150,75,0.0
828,5,10,150,75,0.07244745602732354
829,5,10,150,75,0.1633399391391799
830,5,10,150,75,0.10053254151308513
831,5,10,150,75,0.22386873883314284
832,5,10,150,75,0.041355644490859725
833,5,10,150,75,0.13905092559113413
834,5,10,150,75,0.07645930701924761
835,5,10,150,75,0.1484063280563381
836,5,10,150,75,0.10882945376944808
837,5,10,150,75,0.022383927187041207
838,5,10,150,75,0.14570435926304814
839,5,10,150,75,0.05646784228340616
840,5,10,150,75,0.2713706913246128
841,5,10,150,75,0.0
842,5,10,150,75,0.03314153504336938
843,5,10,150,75,0.09181009362676408
844,5,10,150,75,0.14767302746812566
845,5,10,150,75,0.0
846,5,10,150,75,0.2851156890220529
847,5,10,150,75,0.0
848,5,10,150,75,0.11891589383358649
849,5,10,150,75,0.1917146328376363
850,5,10,150,75,0.22524778298991205
851,5,10,150,75,0.2557216555576079
852,5,10,150,75,0.0
853,5,10,150,75,0.0
854,5,10,150,75,0.14771215851889719
855,5,10,150,75,0.0
856,5,10,150,75,0.0628634487195275
857,5,10,150,75,0.0
858,5,10,150,75,0.0
859,5,10,150,75,0.0
860,5,10,150,75,0.03242987438661254
861,5,10,150,75,0.12001290632387755
862,5,10,150,75,0.2419426871696141
863,5,10,150,75,0.05347955775860011
864,5,10,150,75,0.2628715770504764
865,5,10,150,75,0.030825292165839853
866,5,10,150,75,0.15517450606795688
867,5,10,150,75,0.3296588580462536
868,5,10,150,75,0.13033039191185172
869,5,10,150,75,0.09414478450656023
870,5,10,150,75,0.10005979763698332
871,5,10,150,75,0.23335170418377482
872,5,10,150,75,0.03050926163237471
873,5,10,150,75,0.0
874,5,10,150,75,0.06575393297476358
875,5,10,150,75,0.23549131868893233
876,5,10,150,75,0.0
877,5,10,150,75,0.03487978243545732
878,5,10,150,75,0.04979177726915158
879,5,10,150,75,0.07180913162424091
880,5,10,150,75,0.3141038668646375
881,5,10,150,75,0.28432428170463214
882,5,10,150,75,0.29043065404045887
883,5,10,150,75,0.3444996994618042
884,5,10,150,75,0.028767091820622218
885,5,10,150,75,0.10709607345972089
886,5,10,150,75,0.1621858083590225
887,5,10,150,75,0.18603930357998988
888,5,10,150,75,0.0
889,5,10,150,75,0.22309528559683375
890,5,10,150,75,0.31948543158313525
891,5,10,150,75,0.09013275514532934
892,5,10,150,75,0.4096289014097713
893,5,10,150,75,0.06655191453229989
894,5,10,150,75,0.19482881852963488
895,5,10,150,75,0.0
896,5,10,150,75,0.33241212192264313
897,5,10,150,75,0.2516236377134172
898,5,10,150,75,0.0
899,5,10,150,75,0.1528183102111697
900,5,10,150,75,0.09313286019574611
901,5,10,150,75,0.22572929827321989
902,5,10,150,75,0.025255271126572616
903,5,10,150,75,0.3299691047710355
904,5,10,150,75,0.0
905,5,10,150,75,0.08773956418811966
906,5,10,150,75,0.06212701143918119
907,5,10,150,75,0.2101374065588969
908,5,10,150,75,0.20640898076180436
909,5,10,150,75,0.0
910,5,10,150,75,0.14111581018360284
911,5,10,150,75,0.07221694898330532
912,5,10,150,75,0.17292384468805336
913,5,10,150,75,0.19915716165236189
914,5,10,150,75,0.0
915,5,10,150,75,0.0
916,5,10,150,75,0.19064956561824276
917,5,10,150,75,0.019845431127916993
918,5,10,150,75,0.0253533085437572
919,5,10,150,75,0.1251795250960789
920,5,10,150,75,0.26814570941777965
921,5,10,150,75,0.02477447378142753
922,5,10,150,75,0.12125436194322484
923,5,10,150,75,0.06654837117201134
924,5,10,150,75,0.11819634191622581
925,5,10,150,75,0.08576373115156254
926,5,10,150,75,0.18690891198435525
927,5,10,150,75,0.13951711232341457
928,5,10,150,75,0.2047606321191804
929,5,10,150,75,0.11107244313646446
930,5,10,150,75,0.13909680376172495
931,5,10,150,75,0.059539365700728666
932,5,10,150,75,0.33905630699785316
933,5,10,150,75,0.05758524882937958
934,5,10,150,75,0.2419297674303346
935,5,10,150,75,0.043888403129016776
936,5,10,150,75,0.10541044521368324
937,5,10,150,75,0.09560624946230661
938,5,10,150,75,0.08297996688590693
939,5,10,150,75,0.05231692143384187
940,5,10,150,75,0.09469359068019315
941,5,10,150,75,0.2546814962889047
942,5,10,150,75,0.19096882311221264
943,5,10,150,75,0.16010824716094357
1,5,10,150,76,0.4058715898896693
2,5,10,150,76,0.14433828292945616
3,5,10,150,76,0.08759200575528697
4,5,10,150,76,0.0
5,5,10,150,76,0.04470486007704452
6,5,10,150,76,0.04187254809446048
7,5,10,150,76,0.22836484467160698
8,5,10,150,76,0.0
9,5,10,150,76,0.0
10,5,10,150,76,0.3005733545514552
11,5,10,150,76,0.03947525607388688
12,5,10,150,76,0.14632177291384774
13,5,10,150,76,0.24256092752724764
14,5,10,150,76,0.18795160328752808
15,5,10,150,76,0.0
16,5,10,150,76,0.19107502160562695
17,5,10,150,76,0.0
18,5,10,150,76,0.17872418048185143
19,5,10,150,76,0.0
20,5,10,150,76,0.13743816645714543
21,5,10,150,76,0.17643857112498312
22,5,10,150,76,0.040815803121742565
23,5,10,150,76,0.10387012192613786
24,5,10,150,76,0.08835266840320231
25,5,10,150,76,0.23940867474021393
26,5,10,150,76,0.0
27,5,10,150,76,0.0
28,5,10,150,76,0.10131242160793445
30,5,10,150,76,0.08133484538841967
31,5,10,150,76,0.11164668500969883
32,5,10,150,76,0.19519002499605084
33,5,10,150,76,0.0
34,5,10,150,76,0.0
35,5,10,150,76,0.0
37,5,10,150,76,0.08177471774917201
38,5,10,150,76,0.0
39,5,10,150,76,0.0
40,5,10,150,76,0.0
41,5,10,150,76,0.06835476917178976
42,5,10,150,76,0.08850778826764391
43,5,10,150,76,0.0
44,5,10,150,76,0.29540493557662006
45,5,10,150,76,0.0
46,5,10,150,76,0.0
47,5,10,150,76,0.0
48,5,10,150,76,0.07028063830038406
49,5,10,150,76,0.05432573058142762
52,5,10,150,76,0.06369098129632131
53,5,10,150,76,0.0
54,5,10,150,76,0.0
55,5,10,150,76,0.0
56,5,10,150,76,0.11781210270929884
57,5,10,150,76,0.1318392860374695
58,5,10,150,76,0.43418941507676856
59,5,10,150,76,0.19233148606048747
60,5,10,150,76,0.1076743759411119
61,5,10,150,76,0.0
62,5,10,150,76,0.09586820699422145
63,5,10,150,76,0.0
64,5,10,150,76,0.07635718686081962
65,5,10,150,76,0.2342550150352983
66,5,10,150,76,0.06636133566432367
67,5,10,150,76,0.0
68,5,10,150,76,0.0
69,5,10,150,76,0.0
70,5,10,150,76,0.0
71,5,10,150,76,0.20758456043036028
72,5,10,150,76,0.10990826949013655
73,5,10,150,76,0.10052888926242022
74,5,10,150,76,0.0
75,5,10,150,76,0.05515026856924372
76,5,10,150,76,0.10633668103022985
77,5,10,150,76,0.14247142730086715
78,5,10,150,76,0.0
79,5,10,150,76,0.07821312100379274
80,5,10,150,76,0.0
81,5,10,150,76,0.08878770367712427
82,5,10,150,76,0.03187578878809277
83,5,10,150,76,0.07414861528507455
84,5,10,150,76,0.07550980911390262
85,5,10,150,76,0.04734112273659951
86,5,10,150,76,0.0
87,5,10,150,76,0.16641625059082407
88,5,10,150,76,0.18920035951687003
89,5,10,150,76,0.0
90,5,10,150,76,0.19659652872125194
91,5,10,150,76,0.0
92,5,10,150,76,0.03369782041898502
93,5,10,150,76,0.0
94,5,10,150,76,0.12253429761719764
95,5,10,150,76,0.07849567312219397
96,5,10,150,76,0.06482168843084862
97,5,10,150,76,0.0
98,5,10,150,76,0.0
99,5,10,150,76,0.13337585439143895
100,5,10,150,76,0.0
101,5,10,150,76,0.0
102,5,10,150,76,0.0
103,5,10,150,76,0.0
104,5,10,150,76,0.33958467175585033
105,5,10,150,76,0.0
106,5,10,150,76,0.06516188295518531
107,5,10,150,76,0.0
109,5,10,150,76,0.16563719724029594
110,5,10,150,76,0.03203603672019056
111,5,10,150,76,0.0
112,5,10,150,76,0.14155505107215216
113,5,10,150,76,0.0
114,5,10,150,76,0.08274602130532002
115,5,10,150,76,0.0718417865441674
116,5,10,150,76,0.0
117,5,10,150,76,0.0
118,5,10,150,76,0.2265416449833316
119,5,10,150,76,0.08512399185313972
120,5,10,150,76,0.0
121,5,10,150,76,0.13032376591037062
122,5,10,150,76,0.0
123,5,10,150,76,0.13720340769293682
124,5,10,150,76,0.0
125,5,10,150,76,0.05446333035917803
126,5,10,150,76,0.0
128,5,10,150,76,0.0
129,5,10,150,76,0.0
130,5,10,150,76,0.17195079996346713
131,5,10,150,76,0.0
132,5,10,150,76,0.0
133,5,10,150,76,0.0
134,5,10,150,76,0.0
135,5,10,150,76,0.0
136,5,10,150,76,0.0
137,5,10,150,76,0.1137075481082292
138,5,10,150,76,0.0976168253917686
139,5,10,150,76,0.10466868931043802
140,5,10,150,76,0.0
141,5,10,150,76,0.04733244938590725
142,5,10,150,76,0.0
143,5,10,150,76,0.0
144,5,10,150,76,0.0
145,5,10,150,76,0.2111860121794885
146,5,10,150,76,0.0
147,5,10,150,76,0.1033846481249528
148,5,10,150,76,0.19860821180640417
149,5,10,150,76,0.0
150,5,10,150,76,0.2640681225725909
151,5,10,150,76,0.1026571794225922
152,5,10,150,76,0.0
153,5,10,150,76,0.0
154,5,10,150,76,0.06416923277158361
155,5,10,150,76,0.0
156,5,10,150,76,0.0
157,5,10,150,76,0.0
158,5,10,150,76,0.13830208502611357
159,5,10,150,76,0.23138144801632507
160,5,10,150,76,0.20441309786906653
161,5,10,150,76,0.0
162,5,10,150,76,0.09784076556363268
163,5,10,150,76,0.0
164,5,10,150,76,0.0
165,5,10,150,76,0.0
167,5,10,150,76,0.05319635904163211
168,5,10,150,76,0.05461997784715835
169,5,10,150,76,0.0
170,5,10,150,76,0.0
171,5,10,150,76,0.0
173,5,10,150,76,0.0
174,5,10,150,76,0.09841425610124989
175,5,10,150,76,0.21517910082405575
176,5,10,150,76,0.06289692884934815
177,5,10,150,76,0.38113435412202
178,5,10,150,76,0.12597398707460816
179,5,10,150,76,0.09149012142095872
180,5,10,150,76,0.06228974831361337
181,5,10,150,76,0.11680461119565375
182,5,10,150,76,0.0
183,5,10,150,76,0.15101961822780524
184,5,10,150,76,0.0
185,5,10,150,76,0.0
186,5,10,150,76,0.04633132539002164
187,5,10,150,76,0.0
188,5,10,150,76,0.12925733948536566
189,5,10,150,76,0.18890011590178235
190,5,10,150,76,0.0
192,5,10,150,76,0.123151194370365
193,5,10,150,76,0.0
194,5,10,150,76,0.11343156218083877
195,5,10,150,76,0.11787667935667444
196,5,10,150,76,0.0
197,5,10,150,76,0.09546043308946733
198,5,10,150,76,0.0
199,5,10,150,76,0.0
200,5,10,150,76,0.09785159463516042
201,5,10,150,76,0.0
202,5,10,150,76,0.10466868931043802
203,5,10,150,76,0.0
204,5,10,150,76,0.19519002499605084
205,5,10,150,76,0.0
206,5,10,150,76,0.0
207,5,10,150,76,0.11073658758229504
208,5,10,150,76,0.0
209,5,10,150,76,0.0
210,5,10,150,76,0.2167516193508568
211,5,10,150,76,0.0
213,5,10,150,76,0.15669163589836543
214,5,10,150,76,0.0
216,5,10,150,76,0.23813231172447274
217,5,10,150,76,0.0
218,5,10,150,76,0.0
219,5,10,150,76,0.0
221,5,10,150,76,0.0
222,5,10,150,76,0.1050995674008573
223,5,10,150,76,0.0
224,5,10,150,76,0.0
225,5,10,150,76,0.09077089626867633
226,5,10,150,76,0.19092086617893467
227,5,10,150,76,0.0
228,5,10,150,76,0.0
229,5,10,150,76,0.0
230,5,10,150,76,0.12683081539850163
231,5,10,150,76,0.0
232,5,10,150,76,0.03962341267285813
233,5,10,150,76,0.3062523178880809
234,5,10,150,76,0.09887660119080527
235,5,10,150,76,0.06692738060277027
236,5,10,150,76,0.0
237,5,10,150,76,0.19342640361727081
238,5,10,150,76,0.0
239,5,10,150,76,0.06912040963822193
240,5,10,150,76,0.12495636102304827
241,5,10,150,76,0.0
242,5,10,150,76,0.0
243,5,10,150,76,0.0
244,5,10,150,76,0.049712302565054066
245,5,10,150,76,0.0
246,5,10,150,76,0.0561326498270945
247,5,10,150,76,0.09472348220010487
248,5,10,150,76,0.09472348220010487
249,5,10,150,76,0.09798874944313594
250,5,10,150,76,0.0
251,5,10,150,76,0.13032376591037062
252,5,10,150,76,0.20184908658209985
253,5,10,150,76,0.1084812001944431
254,5,10,150,76,0.08514311764162098
255,5,10,150,76,0.0
256,5,10,150,76,0.07107087490719705
257,5,10,150,76,0.1339616094750857
258,5,10,150,76,0.10144063749941859
259,5,10,150,76,0.1239740444869306
260,5,10,150,76,0.0
261,5,10,150,76,0.0
262,5,10,150,76,0.0
263,5,10,150,76,0.0956366800683804
264,5,10,150,76,0.050433735583135575
265,5,10,150,76,0.0
266,5,10,150,76,0.0
267,5,10,150,76,0.17168372277322866
268,5,10,150,76,0.07517090309261779
269,5,10,150,76,0.052962244777770985
270,5,10,150,76,0.041641441310299704
271,5,10,150,76,0.13010624216828925
272,5,10,150,76,0.1702293778633033
273,5,10,150,76,0.0
274,5,10,150,76,0.0
275,5,10,150,76,0.0
276,5,10,150,76,0.15875999922826586
277,5,10,150,76,0.0
278,5,10,150,76,0.1631512196835108
279,5,10,150,76,0.16020377431691654
280,5,10,150,76,0.18341796851458614
281,5,10,150,76,0.0
282,5,10,150,76,0.0
283,5,10,150,76,0.07028063830038406
284,5,10,150,76,0.0
285,5,10,150,76,0.0
286,5,10,150,76,0.09991246976864687
287,5,10,150,76,0.0
288,5,10,150,76,0.0859574327152926
289,5,10,150,76,0.16903020543979225
290,5,10,150,76,0.07834851647149511
291,5,10,150,76,0.07828167840727236
292,5,10,150,76,0.04224853374256244
293,5,10,150,76,0.12741593488021286
294,5,10,150,76,0.0
295,5,10,150,76,0.2603201838311303
296,5,10,150,76,0.18873901602586696
297,5,10,150,76,0.0
298,5,10,150,76,0.16915623549474385
299,5,10,150,76,0.0
300,5,10,150,76,0.0
301,5,10,150,76,0.06460801587741544
302,5,10,150,76,0.09224219235917257
303,5,10,150,76,0.07354269615643778
304,5,10,150,76,0.0
305,5,10,150,76,0.11349000778741654
306,5,10,150,76,0.0
307,5,10,150,76,0.10778915452451093
308,5,10,150,76,0.13490077762666258
310,5,10,150,76,0.0
311,5,10,150,76,0.13301422444853
312,5,10,150,76,0.1819616199123543
313,5,10,150,76,0.11270402374049442
314,5,10,150,76,0.16600564593053876
315,5,10,150,76,0.037110354711564805
316,5,10,150,76,0.0
317,5,10,150,76,0.0
318,5,10,150,76,0.1642688369468948
319,5,10,150,76,0.0
320,5,10,150,76,0.13927874459665815
321,5,10,150,76,0.0
322,5,10,150,76,0.0
323,5,10,150,76,0.1610425878239398
324,5,10,150,76,0.0
325,5,10,150,76,0.09092803061897883
326,5,10,150,76,0.027288805847552652
327,5,10,150,76,0.025410386140327024
328,5,10,150,76,0.09206364236149692
329,5,10,150,76,0.0
330,5,10,150,76,0.1313681680695099
331,5,10,150,76,0.0
332,5,10,150,76,0.09320485889859448
334,5,10,150,76,0.02249061179923914
335,5,10,150,76,0.16155546744299637
336,5,10,150,76,0.0780824078938463
337,5,10,150,76,0.0
338,5,10,150,76,0.18039889772993523
339,5,10,150,76,0.20908777063504488
340,5,10,150,76,0.06267320809766952
341,5,10,150,76,0.0
342,5,10,150,76,0.3608742720986609
343,5,10,150,76,0.09229649639444802
344,5,10,150,76,0.1202034973803211
345,5,10,150,76,0.18015355216717013
346,5,10,150,76,0.04366879852493834
347,5,10,150,76,0.22280620320442554
348,5,10,150,76,0.0
349,5,10,150,76,0.0
350,5,10,150,76,0.058087171966128066
351,5,10,150,76,0.07977344912567227
352,5,10,150,76,0.1903601622684853
353,5,10,150,76,0.14434031438272124
354,5,10,150,76,0.06335619058732639
355,5,10,150,76,0.0
356,5,10,150,76,0.0
357,5,10,150,76,0.0
358,5,10,150,76,0.06364028872631156
359,5,10,150,76,0.3010299956639812
360,5,10,150,76,0.12982031659526816
361,5,10,150,76,0.09478836436955078
362,5,10,150,76,0.054793185501041654
363,5,10,150,76,0.24101654828754165
364,5,10,150,76,0.0
365,5,10,150,76,0.0
366,5,10,150,76,0.0
367,5,10,150,76,0.06369098129632131
368,5,10,150,76,0.0
369,5,10,150,76,0.0
370,5,10,150,76,0.0
371,5,10,150,76,0.19950301641376814
372,5,10,150,76,0.15130120674940672
373,5,10,150,76,0.22842722979011518
374,5,10,150,76,0.07472550252128253
375,5,10,150,76,0.0
376,5,10,150,76,0.0
377,5,10,150,76,0.0
378,5,10,150,76,0.13635638482251203
379,5,10,150,76,0.08433239722469389
380,5,10,150,76,0.0
381,5,10,150,76,0.0
382,5,10,150,76,0.09952375175972906
383,5,10,150,76,0.15042011455175697
384,5,10,150,76,0.0
385,5,10,150,76,0.0
386,5,10,150,76,0.0
387,5,10,150,76,0.08586571489348302
388,5,10,150,76,0.05789711601244791
389,5,10,150,76,0.09284203700798714
390,5,10,150,76,0.0
391,5,10,150,76,0.11245246430543061
392,5,10,150,76,0.1484702586346916
393,5,10,150,76,0.17201528718620057
394,5,10,150,76,0.16570616085215287
395,5,10,150,76,0.0
396,5,10,150,76,0.0
397,5,10,150,76,0.11004588314904008
398,5,10,150,76,0.28368572779044043
399,5,10,150,76,0.026175882249243814
400,5,10,150,76,0.0
401,5,10,150,76,0.02839245759615368
402,5,10,150,76,0.0
403,5,10,150,76,0.2529427027676571
404,5,10,150,76,0.0
405,5,10,150,76,0.03849600618069695
406,5,10,150,76,0.06360190926466157
407,5,10,150,76,0.10804623175972022
408,5,10,150,76,0.09983719697789138
409,5,10,150,76,0.05800611307095368
410,5,10,150,76,0.0
411,5,10,150,76,0.17342765698823945
412,5,10,150,76,0.0
413,5,10,150,76,0.0
414,5,10,150,76,0.21398626473452756
415,5,10,150,76,0.0
416,5,10,150,76,0.15805943220204186
417,5,10,150,76,0.11088189053445036
419,5,10,150,76,0.3536251441097701
420,5,10,150,76,0.15209749107189288
421,5,10,150,76,0.04264945290455212
422,5,10,150,76,0.0
423,5,10,150,76,0.13523051443907988
424,5,10,150,76,0.1545659390636425
425,5,10,150,76,0.22790846302569912
426,5,10,150,76,0.13571943816109763
427,5,10,150,76,0.12615224917140136
428,5,10,150,76,0.0
429,5,10,150,76,0.14041959417088476
430,5,10,150,76,0.1261446714466394
431,5,10,150,76,0.0
432,5,10,150,76,0.049369952841505485
433,5,10,150,76,0.0
434,5,10,150,76,0.3903800499921017
435,5,10,150,76,0.11347000084585261
436,5,10,150,76,0.10958579382117346
437,5,10,150,76,0.22972973128433707
438,5,10,150,76,0.0
439,5,10,150,76,0.0
440,5,10,150,76,0.06175696970122604
441,5,10,150,76,0.0
442,5,10,150,76,0.0
443,5,10,150,76,0.0
445,5,10,150,76,0.0
446,5,10,150,76,0.0
447,5,10,150,76,0.2726897692124621
448,5,10,150,76,0.0
449,5,10,150,76,0.07784399437297408
450,5,10,150,76,0.22640083277136241
451,5,10,150,76,0.0
452,5,10,150,76,0.1353061563511876
453,5,10,150,76,0.029956785715628154
454,5,10,150,76,0.07998109630822593
455,5,10,150,76,0.08878904135110165
456,5,10,150,76,0.07758828619721583
457,5,10,150,76,0.29418445531213994
458,5,10,150,76,0.04507276838148142
459,5,10,150,76,0.0
460,5,10,150,76,0.0
461,5,10,150,76,0.0
462,5,10,150,76,0.0
463,5,10,150,76,0.026903388345470878
464,5,10,150,76,0.0
465,5,10,150,76,0.0
466,5,10,150,76,0.03947525607388688
467,5,10,150,76,0.1436337620239326
468,5,10,150,76,0.25116683884278784
469,5,10,150,76,0.057417722536754784
470,5,10,150,76,0.0
471,5,10,150,76,0.0
472,5,10,150,76,0.14903271548086697
473,5,10,150,76,0.08754031530847717
474,5,10,150,76,0.34897204770080337
475,5,10,150,76,0.06516188295518531
476,5,10,150,76,0.0
477,5,10,150,76,0.055100238151135045
478,5,10,150,76,0.23782833255689273
479,5,10,150,76,0.07834096783470737
480,5,10,150,76,0.21398626473452756
481,5,10,150,76,0.13863671367752411
482,5,10,150,76,0.0
483,5,10,150,76,0.06912040963822193
484,5,10,150,76,0.09353062527112192
485,5,10,150,76,0.0
486,5,10,150,76,0.10311241692162332
487,5,10,150,76,0.2215000938796789
488,5,10,150,76,0.0
489,5,10,150,76,0.0
490,5,10,150,76,0.0
491,5,10,150,76,0.19092086617893467
492,5,10,150,76,0.12471554514794539
493,5,10,150,76,0.0332568859495131
494,5,10,150,76,0.07461492443139366
495,5,10,150,76,0.15115187072926595
496,5,10,150,76,0.05459112561892713
497,5,10,150,76,0.05602614285694803
498,5,10,150,76,0.03855307727568851
499,5,10,150,76,0.1912282106369008
500,5,10,150,76,0.05011951520627559
501,5,10,150,76,0.0
502,5,10,150,76,0.06364028872631156
503,5,10,150,76,0.27534073433896133
504,5,10,150,76,0.0
505,5,10,150,76,0.0
506,5,10,150,76,0.13939295695713902
507,5,10,150,76,0.03371865946438579
508,5,10,150,76,0.0
509,5,10,150,76,0.06474271459046577
510,5,10,150,76,0.0
511,5,10,150,76,0.0
512,5,10,150,76,0.18316925091363362
513,5,10,150,76,0.0461651444771445
514,5,10,150,76,0.10595566933616397
515,5,10,150,76,0.0
516,5,10,150,76,0.13768197790533618
517,5,10,150,76,0.042259191411409554
518,5,10,150,76,0.0
519,5,10,150,76,0.10980194963145926
520,5,10,150,76,0.0
521,5,10,150,76,0.0
522,5,10,150,76,0.0
523,5,10,150,76,0.07926830632613421
524,5,10,150,76,0.10258209047527363
525,5,10,150,76,0.0
526,5,10,150,76,0.17292389918997986
527,5,10,150,76,0.14943863047793596
528,5,10,150,76,0.14110144150616766
529,5,10,150,76,0.10471139591065548
530,5,10,150,76,0.0
531,5,10,150,76,0.0
532,5,10,150,76,0.04774713204658456
533,5,10,150,76,0.140097006072795
534,5,10,150,76,0.07450923581469894
535,5,10,150,76,0.2871959083713276
536,5,10,150,76,0.27314750625223144
537,5,10,150,76,0.4553298531036728
538,5,10,150,76,0.0
539,5,10,150,76,0.1560067947598593
540,5,10,150,76,0.0
541,5,10,150,76,0.1630698087619573
542,5,10,150,76,0.14655148714607036
543,5,10,150,76,0.05214161215457763
544,5,10,150,76,0.07631352592005593
545,5,10,150,76,0.052962244777770985
546,5,10,150,76,0.15314106296495628
547,5,10,150,76,0.0
548,5,10,150,76,0.06942726819239371
549,5,10,150,76,0.0
550,5,10,150,76,0.13436217909546777
551,5,10,150,76,0.29663113883824793
552,5,10,150,76,0.0
553,5,10,150,76,0.20968084445285137
554,5,10,150,76,0.16600564593053876
555,5,10,150,76,0.0
556,5,10,150,76,0.12479271849103059
557,5,10,150,76,0.053894577262255466
558,5,10,150,76,0.05718685316335169
559,5,10,150,76,0.0734773909038217
560,5,10,150,76,0.24050284760456656
561,5,10,150,76,0.043680861255588836
562,5,10,150,76,0.034743705427429224
563,5,10,150,76,0.0
564,5,10,150,76,0.0
565,5,10,150,76,0.18568675205192314
566,5,10,150,76,0.13665387068436016
567,5,10,150,76,0.15284013140891303
568,5,10,150,76,0.057107346298225524
569,5,10,150,76,0.0336639187988199
570,5,10,150,76,0.0
571,5,10,150,76,0.0
572,5,10,150,76,0.058995070558427745
573,5,10,150,76,0.035908240113829995
574,5,10,150,76,0.07616204594440379
575,5,10,150,76,0.056316753775798256
576,5,10,150,76,0.17342765698823945
577,5,10,150,76,0.22186862389759224
578,5,10,150,76,0.09818998961169394
579,5,10,150,76,0.0
580,5,10,150,76,0.21661076434387644
581,5,10,150,76,0.0
582,5,10,150,76,0.028361369701356044
583,5,10,150,76,0.08811076314737627
584,5,10,150,76,0.0
585,5,10,150,76,0.03272632263321488
586,5,10,150,76,0.09195192495929504
587,5,10,150,76,0.0
588,5,10,150,76,0.21190028446013173
589,5,10,150,76,0.0
590,5,10,150,76,0.18511573258657482
591,5,10,150,76,0.15758427078022966
592,5,10,150,76,0.2544193491650448
593,5,10,150,76,0.1847125373189141
594,5,10,150,76,0.0843142342558857
595,5,10,150,76,0.0
596,5,10,150,76,0.0
597,5,10,150,76,0.0
598,5,10,150,76,0.11752277470724268
599,5,10,150,76,0.16402353420682853
600,5,10,150,76,0.0
601,5,10,150,76,0.026557570376145638
602,5,10,150,76,0.0
603,5,10,150,76,0.06194403202282284
604,5,10,150,76,0.0
605,5,10,150,76,0.10589838376326657
606,5,10,150,76,0.2138150508755678
607,5,10,150,76,0.0
608,5,10,150,76,0.14688428242884272
609,5,10,150,76,0.11838279295536291
610,5,10,150,76,0.05781186855394371
611,5,10,150,76,0.03927158715985786
612,5,10,150,76,0.0
613,5,10,150,76,0.2049174583553662
614,5,10,150,76,0.13886244387355454
615,5,10,150,76,0.10251900332140326
616,5,10,150,76,0.09781579202094404
617,5,10,150,76,0.07286192498233149
618,5,10,150,76,0.13693830900397266
619,5,10,150,76,0.15406791387309057
620,5,10,150,76,0.1451323880538222
621,5,10,150,76,0.13589759152345549
622,5,10,150,76,0.10022910267662996
623,5,10,150,76,0.13369528351530374
624,5,10,150,76,0.019160322430058573
625,5,10,150,76,0.0
626,5,10,150,76,0.04690797720830594
627,5,10,150,76,0.04289205981312439
628,5,10,150,76,0.0
629,5,10,150,76,0.2013573326089747
630,5,10,150,76,0.12522204146604196
631,5,10,150,76,0.09240791929215005
632,5,10,150,76,0.3331495701314084
633,5,10,150,76,0.0455520698635181
634,5,10,150,76,0.023756977677906275
635,5,10,150,76,0.039407921945699885
636,5,10,150,76,0.0
637,5,10,150,76,0.0
638,5,10,150,76,0.15473934503245962
639,5,10,150,76,0.0
640,5,10,150,76,0.08757749316783438
641,5,10,150,76,0.03570665676503816
642,5,10,150,76,0.13207172242143603
643,5,10,150,76,0.15031592367651372
644,5,10,150,76,0.0
645,5,10,150,76,0.1856947245529553
646,5,10,150,76,0.0
647,5,10,150,76,0.03673869545191085
648,5,10,150,76,0.11936053292361319
649,5,10,150,76,0.0
650,5,10,150,76,0.13258848125847153
651,5,10,150,76,0.03443184397772452
652,5,10,150,76,0.0
653,5,10,150,76,0.04324764480377794
654,5,10,150,76,0.17020900230175445
655,5,10,150,76,0.24227219979906986
656,5,10,150,76,0.0
657,5,10,150,76,0.053845569940583225
658,5,10,150,76,0.0
659,5,10,150,76,0.07075240780563574
660,5,10,150,76,0.01156377453296346
661,5,10,150,76,0.12705991527984942
662,5,10,150,76,0.0
663,5,10,150,76,0.09211594531187607
664,5,10,150,76,0.05391021349625259
665,5,10,150,76,0.0
666,5,10,150,76,0.07860744541237058
667,5,10,150,76,0.2676806947950803
668,5,10,150,76,0.0
669,5,10,150,76,0.2672968266839232
670,5,10,150,76,0.15539533467551025
671,5,10,150,76,0.17434206503696043
672,5,10,150,76,0.0
673,5,10,150,76,0.0
674,5,10,150,76,0.0
675,5,10,150,76,0.05010834716923557
676,5,10,150,76,0.0
677,5,10,150,76,0.03927489746221688
678,5,10,150,76,0.0
679,5,10,150,76,0.26970586372388394
680,5,10,150,76,0.2073612289146658
681,5,10,150,76,0.0
682,5,10,150,76,0.10323902191565242
683,5,10,150,76,0.06289349548893712
684,5,10,150,76,0.0
685,5,10,150,76,0.0
686,5,10,150,76,0.11524934452025383
687,5,10,150,76,0.0
688,5,10,150,76,0.0
689,5,10,150,76,0.32436268379537736
690,5,10,150,76,0.0
691,5,10,150,76,0.0
692,5,10,150,76,0.0
693,5,10,150,76,0.015483922344753005
694,5,10,150,76,0.20269611984358588
695,5,10,150,76,0.0607039656753694
696,5,10,150,76,0.12935879342602336
697,5,10,150,76,0.06378035696304758
698,5,10,150,76,0.09499131598480672
699,5,10,150,76,0.0
700,5,10,150,76,0.16958010263680806
701,5,10,150,76,0.04129602134854855
702,5,10,150,76,0.0
703,5,10,150,76,0.03870447337439288
704,5,10,150,76,0.09986079379105446
705,5,10,150,76,0.20609334068785645
706,5,10,150,76,0.0
707,5,10,150,76,0.11204043240783193
708,5,10,150,76,0.0943325796571581
709,5,10,150,76,0.10371915894912967
710,5,10,150,76,0.05710411178654767
711,5,10,150,76,0.15552566999725762
712,5,10,150,76,0.12435918123916344
713,5,10,150,76,0.0
714,5,10,150,76,0.04195229264874745
715,5,10,150,76,0.07261309108674657
716,5,10,150,76,0.17931809213104827
717,5,10,150,76,0.18940567332300148
718,5,10,150,76,0.14061157344379913
719,5,10,150,76,0.1811528335938261
720,5,10,150,76,0.05261577455142312
721,5,10,150,76,0.1740663918285064
722,5,10,150,76,0.0
723,5,10,150,76,0.0
724,5,10,150,76,0.0
725,5,10,150,76,0.05750402108673013
726,5,10,150,76,0.2529427027676571
727,5,10,150,76,0.08796596614756529
728,5,10,150,76,0.0
729,5,10,150,76,0.0
730,5,10,150,76,0.0
731,5,10,150,76,0.08409204125924918
732,5,10,150,76,0.0
733,5,10,150,76,0.0
734,5,10,150,76,0.0655813061736612
735,5,10,150,76,0.0
736,5,10,150,76,0.0
737,5,10,150,76,0.16282663249631943
738,5,10,150,76,0.2632431729022225
739,5,10,150,76,0.0
740,5,10,150,76,0.0
741,5,10,150,76,0.10965210684801945
742,5,10,150,76,0.04553761034739079
743,5,10,150,76,0.0814476682319001
744,5,10,150,76,0.08878770367712427
745,5,10,150,76,0.3682049230943936
746,5,10,150,76,0.11450296808588954
747,5,10,150,76,0.3462618369192611
748,5,10,150,76,0.22468225866052274
749,5,10,150,76,0.1339977404613026
750,5,10,150,76,0.07219614103266732
751,5,10,150,76,0.09679442811841048
752,5,10,150,76,0.020210299806331135
753,5,10,150,76,0.15406810205846871
754,5,10,150,76,0.0
755,5,10,150,76,0.067228724047084
756,5,10,150,76,0.09995970325714823
757,5,10,150,76,0.06756111822138194
758,5,10,150,76,0.2308190527243763
759,5,10,150,76,0.038281751104512325
760,5,10,150,76,0.11447590313611888
761,5,10,150,76,0.03339755935325358
762,5,10,150,76,0.11568388634051256
763,5,10,150,76,0.20859185628046678
764,5,10,150,76,0.08207588022692468
765,5,10,150,76,0.0
766,5,10,150,76,0.050541549839211865
767,5,10,150,76,0.2073612289146658
768,5,10,150,76,0.07655078846581868
769,5,10,150,76,0.0
770,5,10,150,76,0.04692206785373726
771,5,10,150,76,0.2149590517835668
772,5,10,150,76,0.03353522641880846
773,5,10,150,76,0.08236155615232364
774,5,10,150,76,0.03617103687122756
775,5,10,150,76,0.0
776,5,10,150,76,0.12155614423940549
777,5,10,150,76,0.14445412169961394
778,5,10,150,76,0.024850109207689472
779,5,10,150,76,0.05878132199396477
780,5,10,150,76,0.13273397200317036
781,5,10,150,76,0.21898681539091044
782,5,10,150,76,0.020398000755724267
783,5,10,150,76,0.0
784,5,10,150,76,0.0
785,5,10,150,76,0.07685905888147043
786,5,10,150,76,0.13370327844286975
787,5,10,150,76,0.0683037314796457
788,5,10,150,76,0.15566160480969457
789,5,10,150,76,0.059109628562248356
790,5,10,150,76,0.058315759194228725
791,5,10,150,76,0.0
792,5,10,150,76,0.0
793,5,10,150,76,0.0
794,5,10,150,76,0.22201254783236782
795,5,10,150,76,0.09354596657002175
796,5,10,150,76,0.32562843079919046
797,5,10,150,76,0.09030583455080088
798,5,10,150,76,0.09594110554842858
799,5,10,150,76,0.0
800,5,10,150,76,0.0
801,5,10,150,76,0.03096677356901516
802,5,10,150,76,0.030863419558816
803,5,10,150,76,0.0
804,5,10,150,76,0.15172316642219769
805,5,10,150,76,0.10616572123775393
806,5,10,150,76,0.13891238635540284
807,5,10,150,76,0.20228286111845256
808,5,10,150,76,0.040655755922716606
809,5,10,150,76,0.07484323939884738
810,5,10,150,76,0.0
811,5,10,150,76,0.05062543788674174
812,5,10,150,76,0.0
813,5,10,150,76,0.17367331957930765
814,5,10,150,76,0.1426080995102236
815,5,10,150,76,0.23440417312156947
816,5,10,150,76,0.08005612702969578
817,5,10,150,76,0.0
818,5,10,150,76,0.0
819,5,10,150,76,0.15575997463127336
820,5,10,150,76,0.041641441310299704
821,5,10,150,76,0.19220292042320755
822,5,10,150,76,0.03902876023380719
823,5,10,150,76,0.2796655665099145
824,5,10,150,76,0.0
825,5,10,150,76,0.09224743688771847
826,5,10,150,76,0.0956022175683246
827,5,10,150,76,0.0
828,5,10,150,76,0.07244745602732354
829,5,10,150,76,0.1633399391391799
830,5,10,150,76,0.10053254151308513
831,5,10,150,76,0.2429972418166229
832,5,10,150,76,0.041355644490859725
833,5,10,150,76,0.13776340547299148
834,5,10,150,76,0.07645930701924761
835,5,10,150,76,0.16131021212220273
836,5,10,150,76,0.10882945376944808
837,5,10,150,76,0.022383927187041207
838,5,10,150,76,0.14570435926304814
839,5,10,150,76,0.05646784228340616
840,5,10,150,76,0.2688579772015722
841,5,10,150,76,0.0
842,5,10,150,76,0.03314153504336938
843,5,10,150,76,0.09095999254264334
844,5,10,150,76,0.14767302746812566
845,5,10,150,76,0.0
846,5,10,150,76,0.28247570526032384
847,5,10,150,76,0.0
848,5,10,150,76,0.1270741531737696
849,5,10,150,76,0.1917146328376363
850,5,10,150,76,0.22524778298991205
851,5,10,150,76,0.25335384121350724
852,5,10,150,76,0.0
853,5,10,150,76,0.0
854,5,10,150,76,0.14634444108027642
855,5,10,150,76,0.0
856,5,10,150,76,0.0628634487195275
857,5,10,150,76,0.0
858,5,10,150,76,0.0
859,5,10,150,76,0.0
860,5,10,150,76,0.03242987438661254
861,5,10,150,76,0.12001290632387755
862,5,10,150,76,0.24896179931737603
863,5,10,150,76,0.05347955775860011
864,5,10,150,76,0.2604375591358057
865,5,10,150,76,0.030825292165839853
866,5,10,150,76,0.15517450606795688
867,5,10,150,76,0.3296588580462536
868,5,10,150,76,0.12912361820014462
869,5,10,150,76,0.09414478450656023
870,5,10,150,76,0.09913330971950116
871,5,10,150,76,0.23335170418377482
872,5,10,150,76,0.03050926163237471
873,5,10,150,76,0.0
874,5,10,150,76,0.06575393297476358
875,5,10,150,76,0.24878110643435097
876,5,10,150,76,0.0
877,5,10,150,76,0.03487978243545732
878,5,10,150,76,0.04933073815934649
879,5,10,150,76,0.07180913162424091
880,5,10,150,76,0.31119547164141004
881,5,10,150,76,0.2816916258541593
882,5,10,150,76,0.2970007995051969
883,5,10,150,76,0.35056920112677753
884,5,10,150,76,0.028767091820622218
885,5,10,150,76,0.10709607345972089
886,5,10,150,76,0.1606840744421015
887,5,10,150,76,0.1843167019856014
888,5,10,150,76,0.0
889,5,10,150,76,0.2210295699804322
890,5,10,150,76,0.32970455828933837
891,5,10,150,76,0.09013275514532934
892,5,10,150,76,0.41509534949973176
893,5,10,150,76,0.06655191453229989
894,5,10,150,76,0.19302483180761584
895,5,10,150,76,0.0
896,5,10,150,76,0.3293342042987911
897,5,10,150,76,0.24929376831931582
898,5,10,150,76,0.0
899,5,10,150,76,0.1528183102111697
900,5,10,150,76,0.09313286019574611
901,5,10,150,76,0.22572929827321989
902,5,10,150,76,0.025255271126572616
903,5,10,150,76,0.326913807879252
904,5,10,150,76,0.0
905,5,10,150,76,0.08773956418811966
906,5,10,150,76,0.06212701143918119
907,5,10,150,76,0.20819167238007927
908,5,10,150,76,0.20640898076180436
909,5,10,150,76,0.0
910,5,10,150,76,0.14111581018360284
911,5,10,150,76,0.07221694898330532
912,5,10,150,76,0.17292384468805336
913,5,10,150,76,0.1973130973197477
914,5,10,150,76,0.0
915,5,10,150,76,0.0
916,5,10,150,76,0.1888842760295175
917,5,10,150,76,0.019845431127916993
918,5,10,150,76,0.0253533085437572
919,5,10,150,76,0.12402044502339639
920,5,10,150,76,0.26814570941777965
921,5,10,150,76,0.02477447378142753
922,5,10,150,76,0.12013162629978513
923,5,10,150,76,0.06654837117201134
924,5,10,150,76,0.11819634191622581
925,5,10,150,76,0.08576373115156254
926,5,10,150,76,0.18690891198435525
927,5,10,150,76,0.1382252756227388
928,5,10,150,76,0.2047606321191804
929,5,10,150,76,0.11107244313646446
930,5,10,150,76,0.13909680376172495
931,5,10,150,76,0.059539365700728666
932,5,10,150,76,0.3359168685900393
933,5,10,150,76,0.05705204729863909
934,5,10,150,76,0.23968965689946314
935,5,10,150,76,0.043888403129016776
936,5,10,150,76,0.10443441381872473
937,5,10,150,76,0.09560624946230661
938,5,10,150,76,0.08221162696789328
939,5,10,150,76,0.05231692143384187
940,5,10,150,76,0.09469359068019315
941,5,10,150,76,0.2546814962889047
942,5,10,150,76,0.19096882311221264
943,5,10,150,76,0.15862575009431915
1,5,10,150,77,0.4058715898896693
2,5,10,150,77,0.14433828292945616
3,5,10,150,77,0.08759200575528697
4,5,10,150,77,0.0
5,5,10,150,77,0.04470486007704452
6,5,10,150,77,0.04187254809446048
7,5,10,150,77,0.22836484467160698
8,5,10,150,77,0.0
9,5,10,150,77,0.0
10,5,10,150,77,0.3005733545514552
11,5,10,150,77,0.03947525607388688
12,5,10,150,77,0.14632177291384774
13,5,10,150,77,0.24256092752724764
14,5,10,150,77,0.18795160328752808
15,5,10,150,77,0.0
16,5,10,150,77,0.19107502160562695
17,5,10,150,77,0.0
18,5,10,150,77,0.17872418048185143
19,5,10,150,77,0.0
20,5,10,150,77,0.13743816645714543
21,5,10,150,77,0.17643857112498312
22,5,10,150,77,0.040815803121742565
23,5,10,150,77,0.10387012192613786
24,5,10,150,77,0.08835266840320231
25,5,10,150,77,0.23940867474021393
26,5,10,150,77,0.0
27,5,10,150,77,0.0
28,5,10,150,77,0.10131242160793445
30,5,10,150,77,0.08133484538841967
31,5,10,150,77,0.11164668500969883
32,5,10,150,77,0.19519002499605084
33,5,10,150,77,0.0
34,5,10,150,77,0.0
35,5,10,150,77,0.0
37,5,10,150,77,0.08177471774917201
38,5,10,150,77,0.0
39,5,10,150,77,0.0
40,5,10,150,77,0.0
41,5,10,150,77,0.06835476917178976
42,5,10,150,77,0.08850778826764391
43,5,10,150,77,0.0
44,5,10,150,77,0.29540493557662006
45,5,10,150,77,0.0
46,5,10,150,77,0.0
47,5,10,150,77,0.0
48,5,10,150,77,0.07028063830038406
49,5,10,150,77,0.05432573058142762
52,5,10,150,77,0.06369098129632131
53,5,10,150,77,0.0
54,5,10,150,77,0.0
55,5,10,150,77,0.0
56,5,10,150,77,0.11781210270929884
57,5,10,150,77,0.1318392860374695
58,5,10,150,77,0.43418941507676856
59,5,10,150,77,0.19233148606048747
60,5,10,150,77,0.1076743759411119
61,5,10,150,77,0.0
62,5,10,150,77,0.09586820699422145
63,5,10,150,77,0.0
64,5,10,150,77,0.07635718686081962
65,5,10,150,77,0.2342550150352983
66,5,10,150,77,0.06636133566432367
67,5,10,150,77,0.0
68,5,10,150,77,0.0
69,5,10,150,77,0.0
70,5,10,150,77,0.0
71,5,10,150,77,0.20758456043036028
72,5,10,150,77,0.10990826949013655
73,5,10,150,77,0.10052888926242022
74,5,10,150,77,0.0
75,5,10,150,77,0.05515026856924372
76,5,10,150,77,0.10633668103022985
77,5,10,150,77,0.14247142730086715
78,5,10,150,77,0.0
79,5,10,150,77,0.07821312100379274
80,5,10,150,77,0.0
81,5,10,150,77,0.08878770367712427
82,5,10,150,77,0.03187578878809277
83,5,10,150,77,0.07414861528507455
84,5,10,150,77,0.07550980911390262
85,5,10,150,77,0.04734112273659951
86,5,10,150,77,0.0
87,5,10,150,77,0.16641625059082407
88,5,10,150,77,0.18920035951687003
89,5,10,150,77,0.0
90,5,10,150,77,0.19659652872125194
91,5,10,150,77,0.0
92,5,10,150,77,0.03369782041898502
93,5,10,150,77,0.0
94,5,10,150,77,0.12253429761719764
95,5,10,150,77,0.07849567312219397
96,5,10,150,77,0.06482168843084862
97,5,10,150,77,0.0
98,5,10,150,77,0.0
99,5,10,150,77,0.13337585439143895
100,5,10,150,77,0.0
101,5,10,150,77,0.0
102,5,10,150,77,0.0
103,5,10,150,77,0.0
104,5,10,150,77,0.33958467175585033
105,5,10,150,77,0.0
106,5,10,150,77,0.06516188295518531
107,5,10,150,77,0.0
109,5,10,150,77,0.16563719724029594
110,5,10,150,77,0.03203603672019056
111,5,10,150,77,0.0
112,5,10,150,77,0.14155505107215216
113,5,10,150,77,0.0
114,5,10,150,77,0.08274602130532002
115,5,10,150,77,0.0718417865441674
116,5,10,150,77,0.0
117,5,10,150,77,0.0
118,5,10,150,77,0.2265416449833316
119,5,10,150,77,0.08512399185313972
120,5,10,150,77,0.0
121,5,10,150,77,0.13032376591037062
122,5,10,150,77,0.0
123,5,10,150,77,0.13720340769293682
124,5,10,150,77,0.0
125,5,10,150,77,0.05446333035917803
126,5,10,150,77,0.0
128,5,10,150,77,0.0
129,5,10,150,77,0.0
130,5,10,150,77,0.17195079996346713
131,5,10,150,77,0.0
132,5,10,150,77,0.0
133,5,10,150,77,0.0
134,5,10,150,77,0.0
135,5,10,150,77,0.0
136,5,10,150,77,0.0
137,5,10,150,77,0.1137075481082292
138,5,10,150,77,0.0976168253917686
139,5,10,150,77,0.10466868931043802
140,5,10,150,77,0.0
141,5,10,150,77,0.04733244938590725
142,5,10,150,77,0.0
143,5,10,150,77,0.0
144,5,10,150,77,0.0
145,5,10,150,77,0.2111860121794885
146,5,10,150,77,0.0
147,5,10,150,77,0.1033846481249528
148,5,10,150,77,0.26071721237610296
149,5,10,150,77,0.0
150,5,10,150,77,0.2640681225725909
151,5,10,150,77,0.1026571794225922
152,5,10,150,77,0.0
153,5,10,150,77,0.0
154,5,10,150,77,0.06416923277158361
155,5,10,150,77,0.0
156,5,10,150,77,0.0
157,5,10,150,77,0.0
158,5,10,150,77,0.13830208502611357
159,5,10,150,77,0.23138144801632507
160,5,10,150,77,0.20441309786906653
161,5,10,150,77,0.0
162,5,10,150,77,0.09784076556363268
163,5,10,150,77,0.0
164,5,10,150,77,0.0
165,5,10,150,77,0.0
167,5,10,150,77,0.05319635904163211
168,5,10,150,77,0.05461997784715835
169,5,10,150,77,0.0
170,5,10,150,77,0.0
171,5,10,150,77,0.0
173,5,10,150,77,0.0
174,5,10,150,77,0.09841425610124989
175,5,10,150,77,0.21517910082405575
176,5,10,150,77,0.06289692884934815
177,5,10,150,77,0.38113435412202
178,5,10,150,77,0.12597398707460816
179,5,10,150,77,0.09149012142095872
180,5,10,150,77,0.06228974831361337
181,5,10,150,77,0.11680461119565375
182,5,10,150,77,0.0
183,5,10,150,77,0.15101961822780524
184,5,10,150,77,0.0
185,5,10,150,77,0.0
186,5,10,150,77,0.04633132539002164
187,5,10,150,77,0.0
188,5,10,150,77,0.12925733948536566
189,5,10,150,77,0.18890011590178235
190,5,10,150,77,0.0
192,5,10,150,77,0.123151194370365
193,5,10,150,77,0.0
194,5,10,150,77,0.11343156218083877
195,5,10,150,77,0.11787667935667444
196,5,10,150,77,0.0
197,5,10,150,77,0.09546043308946733
198,5,10,150,77,0.0
199,5,10,150,77,0.0
200,5,10,150,77,0.09785159463516042
201,5,10,150,77,0.0
202,5,10,150,77,0.10466868931043802
203,5,10,150,77,0.0
204,5,10,150,77,0.19519002499605084
205,5,10,150,77,0.0
206,5,10,150,77,0.0
207,5,10,150,77,0.11073658758229504
208,5,10,150,77,0.0
209,5,10,150,77,0.0
210,5,10,150,77,0.2167516193508568
211,5,10,150,77,0.0
213,5,10,150,77,0.15669163589836543
214,5,10,150,77,0.0
216,5,10,150,77,0.23813231172447274
217,5,10,150,77,0.0
218,5,10,150,77,0.0
219,5,10,150,77,0.0
221,5,10,150,77,0.0
222,5,10,150,77,0.1050995674008573
223,5,10,150,77,0.0
224,5,10,150,77,0.0
225,5,10,150,77,0.09077089626867633
226,5,10,150,77,0.19092086617893467
227,5,10,150,77,0.0
228,5,10,150,77,0.0
229,5,10,150,77,0.0
230,5,10,150,77,0.12683081539850163
231,5,10,150,77,0.0
232,5,10,150,77,0.03962341267285813
233,5,10,150,77,0.3062523178880809
234,5,10,150,77,0.09887660119080527
235,5,10,150,77,0.06692738060277027
236,5,10,150,77,0.0
237,5,10,150,77,0.19342640361727081
238,5,10,150,77,0.0
239,5,10,150,77,0.06912040963822193
240,5,10,150,77,0.12495636102304827
241,5,10,150,77,0.0
242,5,10,150,77,0.0
243,5,10,150,77,0.0
244,5,10,150,77,0.049712302565054066
245,5,10,150,77,0.0
246,5,10,150,77,0.0561326498270945
247,5,10,150,77,0.09472348220010487
248,5,10,150,77,0.09472348220010487
249,5,10,150,77,0.09798874944313594
250,5,10,150,77,0.0
251,5,10,150,77,0.13032376591037062
252,5,10,150,77,0.20184908658209985
253,5,10,150,77,0.1084812001944431
254,5,10,150,77,0.08514311764162098
255,5,10,150,77,0.0
256,5,10,150,77,0.07107087490719705
257,5,10,150,77,0.1339616094750857
258,5,10,150,77,0.10144063749941859
259,5,10,150,77,0.1239740444869306
260,5,10,150,77,0.0
261,5,10,150,77,0.0
262,5,10,150,77,0.0
263,5,10,150,77,0.0956366800683804
264,5,10,150,77,0.050433735583135575
265,5,10,150,77,0.0
266,5,10,150,77,0.0
267,5,10,150,77,0.17168372277322866
268,5,10,150,77,0.07517090309261779
269,5,10,150,77,0.052962244777770985
270,5,10,150,77,0.041641441310299704
271,5,10,150,77,0.13010624216828925
272,5,10,150,77,0.1702293778633033
273,5,10,150,77,0.0
274,5,10,150,77,0.0
275,5,10,150,77,0.0
276,5,10,150,77,0.15875999922826586
277,5,10,150,77,0.0
278,5,10,150,77,0.1631512196835108
279,5,10,150,77,0.1734542012699839
280,5,10,150,77,0.18341796851458614
281,5,10,150,77,0.0
282,5,10,150,77,0.0
283,5,10,150,77,0.07028063830038406
284,5,10,150,77,0.0
285,5,10,150,77,0.0
286,5,10,150,77,0.09991246976864687
287,5,10,150,77,0.0
288,5,10,150,77,0.0859574327152926
289,5,10,150,77,0.16903020543979225
290,5,10,150,77,0.07834851647149511
291,5,10,150,77,0.07828167840727236
292,5,10,150,77,0.04224853374256244
293,5,10,150,77,0.12741593488021286
294,5,10,150,77,0.0
295,5,10,150,77,0.2603201838311303
296,5,10,150,77,0.18873901602586696
297,5,10,150,77,0.0
298,5,10,150,77,0.16915623549474385
299,5,10,150,77,0.0
300,5,10,150,77,0.0
301,5,10,150,77,0.06460801587741544
302,5,10,150,77,0.09224219235917257
303,5,10,150,77,0.07354269615643778
304,5,10,150,77,0.0
305,5,10,150,77,0.11349000778741654
306,5,10,150,77,0.0
307,5,10,150,77,0.10778915452451093
308,5,10,150,77,0.13490077762666258
310,5,10,150,77,0.0
311,5,10,150,77,0.13301422444853
312,5,10,150,77,0.1819616199123543
313,5,10,150,77,0.11270402374049442
314,5,10,150,77,0.16600564593053876
315,5,10,150,77,0.037110354711564805
316,5,10,150,77,0.0
317,5,10,150,77,0.0
318,5,10,150,77,0.1642688369468948
319,5,10,150,77,0.0
320,5,10,150,77,0.13927874459665815
321,5,10,150,77,0.0
322,5,10,150,77,0.0
323,5,10,150,77,0.1610425878239398
324,5,10,150,77,0.0
325,5,10,150,77,0.09092803061897883
326,5,10,150,77,0.027288805847552652
327,5,10,150,77,0.025410386140327024
328,5,10,150,77,0.09206364236149692
329,5,10,150,77,0.0
330,5,10,150,77,0.1313681680695099
331,5,10,150,77,0.0
332,5,10,150,77,0.09320485889859448
334,5,10,150,77,0.02249061179923914
335,5,10,150,77,0.16155546744299637
336,5,10,150,77,0.0780824078938463
337,5,10,150,77,0.0
338,5,10,150,77,0.18039889772993523
339,5,10,150,77,0.20908777063504488
340,5,10,150,77,0.06267320809766952
341,5,10,150,77,0.0
342,5,10,150,77,0.3608742720986609
343,5,10,150,77,0.09229649639444802
344,5,10,150,77,0.1202034973803211
345,5,10,150,77,0.18015355216717013
346,5,10,150,77,0.04366879852493834
347,5,10,150,77,0.22280620320442554
348,5,10,150,77,0.0
349,5,10,150,77,0.0
350,5,10,150,77,0.058087171966128066
351,5,10,150,77,0.07977344912567227
352,5,10,150,77,0.1903601622684853
353,5,10,150,77,0.14434031438272124
354,5,10,150,77,0.06335619058732639
355,5,10,150,77,0.0
356,5,10,150,77,0.0
357,5,10,150,77,0.0
358,5,10,150,77,0.06364028872631156
359,5,10,150,77,0.3010299956639812
360,5,10,150,77,0.12982031659526816
361,5,10,150,77,0.09478836436955078
362,5,10,150,77,0.054793185501041654
363,5,10,150,77,0.24101654828754165
364,5,10,150,77,0.0
365,5,10,150,77,0.0
366,5,10,150,77,0.0
367,5,10,150,77,0.06369098129632131
368,5,10,150,77,0.0
369,5,10,150,77,0.0
370,5,10,150,77,0.0
371,5,10,150,77,0.19950301641376814
372,5,10,150,77,0.15130120674940672
373,5,10,150,77,0.22842722979011518
374,5,10,150,77,0.07472550252128253
375,5,10,150,77,0.0
376,5,10,150,77,0.0
377,5,10,150,77,0.0
378,5,10,150,77,0.13635638482251203
379,5,10,150,77,0.08433239722469389
380,5,10,150,77,0.0
381,5,10,150,77,0.0
382,5,10,150,77,0.09952375175972906
383,5,10,150,77,0.18543645219162883
384,5,10,150,77,0.0
385,5,10,150,77,0.0
386,5,10,150,77,0.0
387,5,10,150,77,0.08586571489348302
388,5,10,150,77,0.05789711601244791
389,5,10,150,77,0.09284203700798714
390,5,10,150,77,0.0
391,5,10,150,77,0.11245246430543061
392,5,10,150,77,0.1484702586346916
393,5,10,150,77,0.17201528718620057
394,5,10,150,77,0.16570616085215287
395,5,10,150,77,0.0
396,5,10,150,77,0.0
397,5,10,150,77,0.11004588314904008
398,5,10,150,77,0.28368572779044043
399,5,10,150,77,0.026175882249243814
400,5,10,150,77,0.0
401,5,10,150,77,0.02839245759615368
402,5,10,150,77,0.0
403,5,10,150,77,0.2529427027676571
404,5,10,150,77,0.0
405,5,10,150,77,0.04729133503906213
406,5,10,150,77,0.06360190926466157
407,5,10,150,77,0.12541209984981197
408,5,10,150,77,0.09983719697789138
409,5,10,150,77,0.05800611307095368
410,5,10,150,77,0.0
411,5,10,150,77,0.17342765698823945
412,5,10,150,77,0.0
413,5,10,150,77,0.0
414,5,10,150,77,0.21398626473452756
415,5,10,150,77,0.0
416,5,10,150,77,0.15805943220204186
417,5,10,150,77,0.11088189053445036
419,5,10,150,77,0.3536251441097701
420,5,10,150,77,0.15209749107189288
421,5,10,150,77,0.04264945290455212
422,5,10,150,77,0.0
423,5,10,150,77,0.13523051443907988
424,5,10,150,77,0.1545659390636425
425,5,10,150,77,0.22790846302569912
426,5,10,150,77,0.13571943816109763
427,5,10,150,77,0.12615224917140136
428,5,10,150,77,0.0
429,5,10,150,77,0.14041959417088476
430,5,10,150,77,0.1261446714466394
431,5,10,150,77,0.0
432,5,10,150,77,0.049369952841505485
433,5,10,150,77,0.0
434,5,10,150,77,0.3903800499921017
435,5,10,150,77,0.11347000084585261
436,5,10,150,77,0.10958579382117346
437,5,10,150,77,0.22972973128433707
438,5,10,150,77,0.0
439,5,10,150,77,0.0
440,5,10,150,77,0.06175696970122604
441,5,10,150,77,0.0
442,5,10,150,77,0.0
443,5,10,150,77,0.0
445,5,10,150,77,0.0
446,5,10,150,77,0.0
447,5,10,150,77,0.2726897692124621
448,5,10,150,77,0.0
449,5,10,150,77,0.07784399437297408
450,5,10,150,77,0.22640083277136241
451,5,10,150,77,0.0
452,5,10,150,77,0.1353061563511876
453,5,10,150,77,0.029956785715628154
454,5,10,150,77,0.07998109630822593
455,5,10,150,77,0.08878904135110165
456,5,10,150,77,0.07758828619721583
457,5,10,150,77,0.29418445531213994
458,5,10,150,77,0.04507276838148142
459,5,10,150,77,0.0
460,5,10,150,77,0.0
461,5,10,150,77,0.0
462,5,10,150,77,0.0
463,5,10,150,77,0.026903388345470878
464,5,10,150,77,0.0
465,5,10,150,77,0.035016337639871845
466,5,10,150,77,0.03947525607388688
467,5,10,150,77,0.1436337620239326
468,5,10,150,77,0.27023868832296544
469,5,10,150,77,0.057417722536754784
470,5,10,150,77,0.0
471,5,10,150,77,0.0
472,5,10,150,77,0.14903271548086697
473,5,10,150,77,0.08754031530847717
474,5,10,150,77,0.34897204770080337
475,5,10,150,77,0.06516188295518531
476,5,10,150,77,0.0
477,5,10,150,77,0.055100238151135045
478,5,10,150,77,0.23782833255689273
479,5,10,150,77,0.07834096783470737
480,5,10,150,77,0.21398626473452756
481,5,10,150,77,0.13863671367752411
482,5,10,150,77,0.0
483,5,10,150,77,0.06912040963822193
484,5,10,150,77,0.09353062527112192
485,5,10,150,77,0.0
486,5,10,150,77,0.10311241692162332
487,5,10,150,77,0.2215000938796789
488,5,10,150,77,0.0
489,5,10,150,77,0.0
490,5,10,150,77,0.0
491,5,10,150,77,0.19092086617893467
492,5,10,150,77,0.12471554514794539
493,5,10,150,77,0.0332568859495131
494,5,10,150,77,0.1096312620712655
495,5,10,150,77,0.15115187072926595
496,5,10,150,77,0.05459112561892713
497,5,10,150,77,0.05602614285694803
498,5,10,150,77,0.03855307727568851
499,5,10,150,77,0.1912282106369008
500,5,10,150,77,0.05011951520627559
501,5,10,150,77,0.0
502,5,10,150,77,0.06364028872631156
503,5,10,150,77,0.27534073433896133
504,5,10,150,77,0.0
505,5,10,150,77,0.0
506,5,10,150,77,0.13939295695713902
507,5,10,150,77,0.03371865946438579
508,5,10,150,77,0.0
509,5,10,150,77,0.06474271459046577
510,5,10,150,77,0.0
511,5,10,150,77,0.0
512,5,10,150,77,0.18316925091363362
513,5,10,150,77,0.0461651444771445
514,5,10,150,77,0.10595566933616397
515,5,10,150,77,0.0
516,5,10,150,77,0.13768197790533618
517,5,10,150,77,0.042259191411409554
518,5,10,150,77,0.0
519,5,10,150,77,0.10980194963145926
520,5,10,150,77,0.0
521,5,10,150,77,0.0
522,5,10,150,77,0.0
523,5,10,150,77,0.07926830632613421
524,5,10,150,77,0.10258209047527363
525,5,10,150,77,0.0
526,5,10,150,77,0.17292389918997986
527,5,10,150,77,0.14943863047793596
528,5,10,150,77,0.14110144150616766
529,5,10,150,77,0.10471139591065548
530,5,10,150,77,0.0
531,5,10,150,77,0.0
532,5,10,150,77,0.04774713204658456
533,5,10,150,77,0.140097006072795
534,5,10,150,77,0.07450923581469894
535,5,10,150,77,0.2871959083713276
536,5,10,150,77,0.27314750625223144
537,5,10,150,77,0.45116473697017645
538,5,10,150,77,0.0
539,5,10,150,77,0.1560067947598593
540,5,10,150,77,0.0
541,5,10,150,77,0.1630698087619573
542,5,10,150,77,0.14655148714607036
543,5,10,150,77,0.05214161215457763
544,5,10,150,77,0.07631352592005593
545,5,10,150,77,0.052962244777770985
546,5,10,150,77,0.15314106296495628
547,5,10,150,77,0.0
548,5,10,150,77,0.06942726819239371
549,5,10,150,77,0.0
550,5,10,150,77,0.13436217909546777
551,5,10,150,77,0.3072717988251177
552,5,10,150,77,0.0
553,5,10,150,77,0.20968084445285137
554,5,10,150,77,0.16600564593053876
555,5,10,150,77,0.0
556,5,10,150,77,0.12479271849103059
557,5,10,150,77,0.053894577262255466
558,5,10,150,77,0.05718685316335169
559,5,10,150,77,0.0734773909038217
560,5,10,150,77,0.24050284760456656
561,5,10,150,77,0.05420421942470023
562,5,10,150,77,0.034743705427429224
563,5,10,150,77,0.0
564,5,10,150,77,0.0
565,5,10,150,77,0.18568675205192314
566,5,10,150,77,0.13665387068436016
567,5,10,150,77,0.15284013140891303
568,5,10,150,77,0.057107346298225524
569,5,10,150,77,0.0336639187988199
570,5,10,150,77,0.0
571,5,10,150,77,0.0
572,5,10,150,77,0.058995070558427745
573,5,10,150,77,0.035908240113829995
574,5,10,150,77,0.07616204594440379
575,5,10,150,77,0.056316753775798256
576,5,10,150,77,0.17342765698823945
577,5,10,150,77,0.22186862389759224
578,5,10,150,77,0.09818998961169394
579,5,10,150,77,0.0
580,5,10,150,77,0.21661076434387644
581,5,10,150,77,0.0
582,5,10,150,77,0.028361369701356044
583,5,10,150,77,0.08811076314737627
584,5,10,150,77,0.0
585,5,10,150,77,0.03272632263321488
586,5,10,150,77,0.09195192495929504
587,5,10,150,77,0.0
588,5,10,150,77,0.21190028446013173
589,5,10,150,77,0.0
590,5,10,150,77,0.18511573258657482
591,5,10,150,77,0.15758427078022966
592,5,10,150,77,0.2520920558223004
593,5,10,150,77,0.1847125373189141
594,5,10,150,77,0.0843142342558857
595,5,10,150,77,0.0
596,5,10,150,77,0.0
597,5,10,150,77,0.0
598,5,10,150,77,0.11752277470724268
599,5,10,150,77,0.16402353420682853
600,5,10,150,77,0.0
601,5,10,150,77,0.026557570376145638
602,5,10,150,77,0.0
603,5,10,150,77,0.06194403202282284
604,5,10,150,77,0.0
605,5,10,150,77,0.10589838376326657
606,5,10,150,77,0.2138150508755678
607,5,10,150,77,0.0
608,5,10,150,77,0.14688428242884272
609,5,10,150,77,0.11838279295536291
610,5,10,150,77,0.05781186855394371
611,5,10,150,77,0.03927158715985786
612,5,10,150,77,0.0
613,5,10,150,77,0.2049174583553662
614,5,10,150,77,0.13886244387355454
615,5,10,150,77,0.10251900332140326
616,5,10,150,77,0.09781579202094404
617,5,10,150,77,0.07286192498233149
618,5,10,150,77,0.13693830900397266
619,5,10,150,77,0.15406791387309057
620,5,10,150,77,0.1451323880538222
621,5,10,150,77,0.13589759152345549
622,5,10,150,77,0.10022910267662996
623,5,10,150,77,0.13369528351530374
624,5,10,150,77,0.019160322430058573
625,5,10,150,77,0.0
626,5,10,150,77,0.04690797720830594
627,5,10,150,77,0.04289205981312439
628,5,10,150,77,0.0
629,5,10,150,77,0.2013573326089747
630,5,10,150,77,0.12522204146604196
631,5,10,150,77,0.09240791929215005
632,5,10,150,77,0.3331495701314084
633,5,10,150,77,0.0455520698635181
634,5,10,150,77,0.023756977677906275
635,5,10,150,77,0.039407921945699885
636,5,10,150,77,0.0
637,5,10,150,77,0.0
638,5,10,150,77,0.15473934503245962
639,5,10,150,77,0.0
640,5,10,150,77,0.08757749316783438
641,5,10,150,77,0.03570665676503816
642,5,10,150,77,0.13207172242143603
643,5,10,150,77,0.15031592367651372
644,5,10,150,77,0.0
645,5,10,150,77,0.1856947245529553
646,5,10,150,77,0.0
647,5,10,150,77,0.03673869545191085
648,5,10,150,77,0.13000119291048295
649,5,10,150,77,0.0
650,5,10,150,77,0.14208499571110345
651,5,10,150,77,0.03443184397772452
652,5,10,150,77,0.0
653,5,10,150,77,0.04285203827396203
654,5,10,150,77,0.17020900230175445
655,5,10,150,77,0.24005602213972585
656,5,10,150,77,0.0
657,5,10,150,77,0.053845569940583225
658,5,10,150,77,0.0
659,5,10,150,77,0.07075240780563574
660,5,10,150,77,0.01156377453296346
661,5,10,150,77,0.12705991527984942
662,5,10,150,77,0.0
663,5,10,150,77,0.09211594531187607
664,5,10,150,77,0.05391021349625259
665,5,10,150,77,0.0
666,5,10,150,77,0.07860744541237058
667,5,10,150,77,0.2676806947950803
668,5,10,150,77,0.0
669,5,10,150,77,0.2672968266839232
670,5,10,150,77,0.15539533467551025
671,5,10,150,77,0.17434206503696043
672,5,10,150,77,0.0
673,5,10,150,77,0.0
674,5,10,150,77,0.0
675,5,10,150,77,0.05010834716923557
676,5,10,150,77,0.0
677,5,10,150,77,0.03927489746221688
678,5,10,150,77,0.0
679,5,10,150,77,0.26970586372388394
680,5,10,150,77,0.2073612289146658
681,5,10,150,77,0.0
682,5,10,150,77,0.10229464606843698
683,5,10,150,77,0.06289349548893712
684,5,10,150,77,0.0
685,5,10,150,77,0.0
686,5,10,150,77,0.11524934452025383
687,5,10,150,77,0.0
688,5,10,150,77,0.0
689,5,10,150,77,0.32436268379537736
690,5,10,150,77,0.0
691,5,10,150,77,0.0
692,5,10,150,77,0.0
693,5,10,150,77,0.015483922344753005
694,5,10,150,77,0.20269611984358588
695,5,10,150,77,0.0607039656753694
696,5,10,150,77,0.12935879342602336
697,5,10,150,77,0.06378035696304758
698,5,10,150,77,0.09499131598480672
699,5,10,150,77,0.0
700,5,10,150,77,0.16958010263680806
701,5,10,150,77,0.04129602134854855
702,5,10,150,77,0.0
703,5,10,150,77,0.03870447337439288
704,5,10,150,77,0.09986079379105446
705,5,10,150,77,0.20609334068785645
706,5,10,150,77,0.0
707,5,10,150,77,0.11204043240783193
708,5,10,150,77,0.0943325796571581
709,5,10,150,77,0.10371915894912967
710,5,10,150,77,0.05710411178654767
711,5,10,150,77,0.15552566999725762
712,5,10,150,77,0.12435918123916344
713,5,10,150,77,0.0
714,5,10,150,77,0.04195229264874745
715,5,10,150,77,0.07261309108674657
716,5,10,150,77,0.17767778527773778
717,5,10,150,77,0.18940567332300148
718,5,10,150,77,0.14061157344379913
719,5,10,150,77,0.1811528335938261
720,5,10,150,77,0.05261577455142312
721,5,10,150,77,0.1740663918285064
722,5,10,150,77,0.0
723,5,10,150,77,0.0
724,5,10,150,77,0.0
725,5,10,150,77,0.05750402108673013
726,5,10,150,77,0.2529427027676571
727,5,10,150,77,0.08716130011852634
728,5,10,150,77,0.0
729,5,10,150,77,0.0
730,5,10,150,77,0.0
731,5,10,150,77,0.08409204125924918
732,5,10,150,77,0.0
733,5,10,150,77,0.0
734,5,10,150,77,0.0655813061736612
735,5,10,150,77,0.0
736,5,10,150,77,0.0
737,5,10,150,77,0.16282663249631943
738,5,10,150,77,0.2632431729022225
739,5,10,150,77,0.0
740,5,10,150,77,0.0
741,5,10,150,77,0.10965210684801945
742,5,10,150,77,0.04553761034739079
743,5,10,150,77,0.0814476682319001
744,5,10,150,77,0.08878770367712427
745,5,10,150,77,0.3682049230943936
746,5,10,150,77,0.11450296808588954
747,5,10,150,77,0.343094417182699
748,5,10,150,77,0.22468225866052274
749,5,10,150,77,0.13277200016151086
750,5,10,150,77,0.07219614103266732
751,5,10,150,77,0.09679442811841048
752,5,10,150,77,0.020210299806331135
753,5,10,150,77,0.15406810205846871
754,5,10,150,77,0.0
755,5,10,150,77,0.067228724047084
756,5,10,150,77,0.09995970325714823
757,5,10,150,77,0.06756111822138194
758,5,10,150,77,0.22870764238335095
759,5,10,150,77,0.038281751104512325
760,5,10,150,77,0.11447590313611888
761,5,10,150,77,0.03339755935325358
762,5,10,150,77,0.11568388634051256
763,5,10,150,77,0.20859185628046678
764,5,10,150,77,0.08207588022692468
765,5,10,150,77,0.0
766,5,10,150,77,0.050541549839211865
767,5,10,150,77,0.2073612289146658
768,5,10,150,77,0.07655078846581868
769,5,10,150,77,0.0
770,5,10,150,77,0.04692206785373726
771,5,10,150,77,0.2149590517835668
772,5,10,150,77,0.03353522641880846
773,5,10,150,77,0.08236155615232364
774,5,10,150,77,0.03584016339958779
775,5,10,150,77,0.0437324968781469
776,5,10,150,77,0.12155614423940549
777,5,10,150,77,0.14445412169961394
778,5,10,150,77,0.024850109207689472
779,5,10,150,77,0.05878132199396477
780,5,10,150,77,0.13273397200317036
781,5,10,150,77,0.21898681539091044
782,5,10,150,77,0.020211410657447988
783,5,10,150,77,0.0
784,5,10,150,77,0.0
785,5,10,150,77,0.07685905888147043
786,5,10,150,77,0.13370327844286975
787,5,10,150,77,0.0683037314796457
788,5,10,150,77,0.15423769496249382
789,5,10,150,77,0.059109628562248356
790,5,10,150,77,0.057782317541322945
791,5,10,150,77,0.0
792,5,10,150,77,0.0
793,5,10,150,77,0.0
794,5,10,150,77,0.22201254783236782
795,5,10,150,77,0.09354596657002175
796,5,10,150,77,0.32264975452439326
797,5,10,150,77,0.09030583455080088
798,5,10,150,77,0.09506348717163779
799,5,10,150,77,0.0
800,5,10,150,77,0.0
801,5,10,150,77,0.03096677356901516
802,5,10,150,77,0.030863419558816
803,5,10,150,77,0.0
804,5,10,150,77,0.15033528332166582
805,5,10,150,77,0.10519457349653398
806,5,10,150,77,0.13891238635540284
807,5,10,150,77,0.20043248473168307
808,5,10,150,77,0.040655755922716606
809,5,10,150,77,0.07484323939884738
810,5,10,150,77,0.0
811,5,10,150,77,0.05062543788674174
812,5,10,150,77,0.0
813,5,10,150,77,0.17367331957930765
814,5,10,150,77,0.1426080995102236
815,5,10,150,77,0.23225996799956264
816,5,10,150,77,0.08005612702969578
817,5,10,150,77,0.0
818,5,10,150,77,0.0
819,5,10,150,77,0.15575997463127336
820,5,10,150,77,0.041641441310299704
821,5,10,150,77,0.19220292042320755
822,5,10,150,77,0.03902876023380719
823,5,10,150,77,0.2796655665099145
824,5,10,150,77,0.0
825,5,10,150,77,0.09224743688771847
826,5,10,150,77,0.0956022175683246
827,5,10,150,77,0.0
828,5,10,150,77,0.07244745602732354
829,5,10,150,77,0.1633399391391799
830,5,10,150,77,0.10053254151308513
831,5,10,150,77,0.2429972418166229
832,5,10,150,77,0.041355644490859725
833,5,10,150,77,0.1365032188657885
834,5,10,150,77,0.07645930701924761
835,5,10,150,77,0.16131021212220273
836,5,10,150,77,0.10882945376944808
837,5,10,150,77,0.022383927187041207
838,5,10,150,77,0.14570435926304814
839,5,10,150,77,0.05646784228340616
840,5,10,150,77,0.2663986069432235
841,5,10,150,77,0.0
842,5,10,150,77,0.03314153504336938
843,5,10,150,77,0.09012793874722524
844,5,10,150,77,0.14767302746812566
845,5,10,150,77,0.0
846,5,10,150,77,0.2890392371610431
847,5,10,150,77,0.0
848,5,10,150,77,0.13505921609722793
849,5,10,150,77,0.1917146328376363
850,5,10,150,77,0.22524778298991205
851,5,10,150,77,0.25103629457269566
852,5,10,150,77,0.0
853,5,10,150,77,0.0
854,5,10,150,77,0.14500575970800061
855,5,10,150,77,0.0
856,5,10,150,77,0.0628634487195275
857,5,10,150,77,0.0
858,5,10,150,77,0.0
859,5,10,150,77,0.0
860,5,10,150,77,0.04811271784379131
861,5,10,150,77,0.12001290632387755
862,5,10,150,77,0.25583189866450357
863,5,10,150,77,0.05347955775860011
864,5,10,150,77,0.2580552143984006
865,5,10,150,77,0.030825292165839853
866,5,10,150,77,0.1864148195692992
867,5,10,150,77,0.3296588580462536
868,5,10,150,77,0.13708993370392858
869,5,10,150,77,0.09414478450656023
870,5,10,150,77,0.09822649075108712
871,5,10,150,77,0.23335170418377482
872,5,10,150,77,0.03050926163237471
873,5,10,150,77,0.0
874,5,10,150,77,0.06575393297476358
875,5,10,150,77,0.24878110643435097
876,5,10,150,77,0.0
877,5,10,150,77,0.03487978243545732
878,5,10,150,77,0.0488794867160593
879,5,10,150,77,0.07180913162424091
880,5,10,150,77,0.30834882042631934
881,5,10,150,77,0.279114860180838
882,5,10,150,77,0.2942839936264514
883,5,10,150,77,0.3473623799057064
884,5,10,150,77,0.028767091820622218
885,5,10,150,77,0.10709607345972089
886,5,10,150,77,0.15921422170503016
887,5,10,150,77,0.18263067049902046
888,5,10,150,77,0.0
889,5,10,150,77,0.21900770863830832
890,5,10,150,77,0.32970455828933837
891,5,10,150,77,0.09013275514532934
892,5,10,150,77,0.41129827727757073
893,5,10,150,77,0.06655191453229989
894,5,10,150,77,0.19125914296545626
895,5,10,150,77,0.0
896,5,10,150,77,0.3263216295723878
897,5,10,150,77,0.24701336107316396
898,5,10,150,77,0.0
899,5,10,150,77,0.1528183102111697
900,5,10,150,77,0.09313286019574611
901,5,10,150,77,0.22572929827321989
902,5,10,150,77,0.025255271126572616
903,5,10,150,77,0.32392337365628315
904,5,10,150,77,0.0
905,5,10,150,77,0.08773956418811966
906,5,10,150,77,0.06212701143918119
907,5,10,150,77,0.20628724532004988
908,5,10,150,77,0.20640898076180436
909,5,10,150,77,0.0
910,5,10,150,77,0.14111581018360284
911,5,10,150,77,0.07221694898330532
912,5,10,150,77,0.17292384468805336
913,5,10,150,77,0.19550818169782055
914,5,10,150,77,0.0
915,5,10,150,77,0.028353045992800453
916,5,10,150,77,0.18715646279677697
917,5,10,150,77,0.019845431127916993
918,5,10,150,77,0.0253533085437572
919,5,10,150,77,0.12288597173347413
920,5,10,150,77,0.26814570941777965
921,5,10,150,77,0.02477447378142753
922,5,10,150,77,0.11903272586214907
923,5,10,150,77,0.06654837117201134
924,5,10,150,77,0.11819634191622581
925,5,10,150,77,0.08576373115156254
926,5,10,150,77,0.18690891198435525
927,5,10,150,77,0.13696086407223554
928,5,10,150,77,0.225412941472223
929,5,10,150,77,0.11107244313646446
930,5,10,150,77,0.13909680376172495
931,5,10,150,77,0.059539365700728666
932,5,10,150,77,0.3328440791400592
933,5,10,150,77,0.05653016541228174
934,5,10,150,77,0.23749710297360216
935,5,10,150,77,0.043888403129016776
936,5,10,150,77,0.10347910316003711
937,5,10,150,77,0.09560624946230661
938,5,10,150,77,0.09060706850021243
939,5,10,150,77,0.05231692143384187
940,5,10,150,77,0.09469359068019315
941,5,10,150,77,0.2546814962889047
942,5,10,150,77,0.19096882311221264
943,5,10,150,77,0.15717472581729822
1,5,10,150,78,0.4058715898896693
2,5,10,150,78,0.14433828292945616
3,5,10,150,78,0.08759200575528697
4,5,10,150,78,0.0
5,5,10,150,78,0.04470486007704452
6,5,10,150,78,0.04187254809446048
7,5,10,150,78,0.22836484467160698
8,5,10,150,78,0.0
9,5,10,150,78,0.0
10,5,10,150,78,0.3005733545514552
11,5,10,150,78,0.03947525607388688
12,5,10,150,78,0.14632177291384774
13,5,10,150,78,0.24256092752724764
14,5,10,150,78,0.18795160328752808
15,5,10,150,78,0.0
16,5,10,150,78,0.19107502160562695
17,5,10,150,78,0.0
18,5,10,150,78,0.17872418048185143
19,5,10,150,78,0.0
20,5,10,150,78,0.13743816645714543
21,5,10,150,78,0.17643857112498312
22,5,10,150,78,0.040815803121742565
23,5,10,150,78,0.10387012192613786
24,5,10,150,78,0.08835266840320231
25,5,10,150,78,0.23940867474021393
26,5,10,150,78,0.0
27,5,10,150,78,0.0
28,5,10,150,78,0.10131242160793445
30,5,10,150,78,0.08133484538841967
31,5,10,150,78,0.11164668500969883
32,5,10,150,78,0.19519002499605084
33,5,10,150,78,0.0
34,5,10,150,78,0.0
35,5,10,150,78,0.0
37,5,10,150,78,0.08177471774917201
38,5,10,150,78,0.0
39,5,10,150,78,0.0
40,5,10,150,78,0.0
41,5,10,150,78,0.06835476917178976
42,5,10,150,78,0.08850778826764391
43,5,10,150,78,0.0
44,5,10,150,78,0.29540493557662006
45,5,10,150,78,0.0
46,5,10,150,78,0.0
47,5,10,150,78,0.0
48,5,10,150,78,0.07028063830038406
49,5,10,150,78,0.05432573058142762
52,5,10,150,78,0.06369098129632131
53,5,10,150,78,0.0
54,5,10,150,78,0.0
55,5,10,150,78,0.0
56,5,10,150,78,0.11781210270929884
57,5,10,150,78,0.1318392860374695
58,5,10,150,78,0.43418941507676856
59,5,10,150,78,0.19233148606048747
60,5,10,150,78,0.1076743759411119
61,5,10,150,78,0.0
62,5,10,150,78,0.09586820699422145
63,5,10,150,78,0.0
64,5,10,150,78,0.07635718686081962
65,5,10,150,78,0.2342550150352983
66,5,10,150,78,0.06636133566432367
67,5,10,150,78,0.0
68,5,10,150,78,0.0
69,5,10,150,78,0.0
70,5,10,150,78,0.0
71,5,10,150,78,0.20758456043036028
72,5,10,150,78,0.10990826949013655
73,5,10,150,78,0.10052888926242022
74,5,10,150,78,0.0
75,5,10,150,78,0.05515026856924372
76,5,10,150,78,0.10633668103022985
77,5,10,150,78,0.14247142730086715
78,5,10,150,78,0.0
79,5,10,150,78,0.07821312100379274
80,5,10,150,78,0.0
81,5,10,150,78,0.08878770367712427
82,5,10,150,78,0.03187578878809277
83,5,10,150,78,0.07414861528507455
84,5,10,150,78,0.07550980911390262
85,5,10,150,78,0.04734112273659951
86,5,10,150,78,0.0
87,5,10,150,78,0.16641625059082407
88,5,10,150,78,0.18920035951687003
89,5,10,150,78,0.0
90,5,10,150,78,0.19659652872125194
91,5,10,150,78,0.0
92,5,10,150,78,0.03369782041898502
93,5,10,150,78,0.0
94,5,10,150,78,0.12253429761719764
95,5,10,150,78,0.07849567312219397
96,5,10,150,78,0.06482168843084862
97,5,10,150,78,0.0
98,5,10,150,78,0.0
99,5,10,150,78,0.13337585439143895
100,5,10,150,78,0.0
101,5,10,150,78,0.0
102,5,10,150,78,0.0
103,5,10,150,78,0.0
104,5,10,150,78,0.33958467175585033
105,5,10,150,78,0.0
106,5,10,150,78,0.06516188295518531
107,5,10,150,78,0.0
109,5,10,150,78,0.16563719724029594
110,5,10,150,78,0.03203603672019056
111,5,10,150,78,0.0
112,5,10,150,78,0.14155505107215216
113,5,10,150,78,0.0
114,5,10,150,78,0.08274602130532002
115,5,10,150,78,0.0718417865441674
116,5,10,150,78,0.0
117,5,10,150,78,0.0
118,5,10,150,78,0.2265416449833316
119,5,10,150,78,0.08512399185313972
120,5,10,150,78,0.0
121,5,10,150,78,0.13032376591037062
122,5,10,150,78,0.0
123,5,10,150,78,0.13720340769293682
124,5,10,150,78,0.0
125,5,10,150,78,0.05446333035917803
126,5,10,150,78,0.0
128,5,10,150,78,0.0
129,5,10,150,78,0.0
130,5,10,150,78,0.19145885854456055
131,5,10,150,78,0.0
132,5,10,150,78,0.0
133,5,10,150,78,0.0
134,5,10,150,78,0.0
135,5,10,150,78,0.0
136,5,10,150,78,0.0
137,5,10,150,78,0.1137075481082292
138,5,10,150,78,0.0976168253917686
139,5,10,150,78,0.10466868931043802
140,5,10,150,78,0.0
141,5,10,150,78,0.04733244938590725
142,5,10,150,78,0.0
143,5,10,150,78,0.0
144,5,10,150,78,0.0
145,5,10,150,78,0.2111860121794885
146,5,10,150,78,0.0
147,5,10,150,78,0.1033846481249528
148,5,10,150,78,0.26071721237610296
149,5,10,150,78,0.0
150,5,10,150,78,0.2640681225725909
151,5,10,150,78,0.1026571794225922
152,5,10,150,78,0.0
153,5,10,150,78,0.0
154,5,10,150,78,0.06416923277158361
155,5,10,150,78,0.0
156,5,10,150,78,0.0
157,5,10,150,78,0.0
158,5,10,150,78,0.13830208502611357
159,5,10,150,78,0.23138144801632507
160,5,10,150,78,0.20441309786906653
161,5,10,150,78,0.0
162,5,10,150,78,0.09784076556363268
163,5,10,150,78,0.0
164,5,10,150,78,0.0
165,5,10,150,78,0.0
167,5,10,150,78,0.05319635904163211
168,5,10,150,78,0.05461997784715835
169,5,10,150,78,0.0
170,5,10,150,78,0.0
171,5,10,150,78,0.0
173,5,10,150,78,0.07444401142258321
174,5,10,150,78,0.09841425610124989
175,5,10,150,78,0.21517910082405575
176,5,10,150,78,0.06289692884934815
177,5,10,150,78,0.38113435412202
178,5,10,150,78,0.12597398707460816
179,5,10,150,78,0.09149012142095872
180,5,10,150,78,0.06228974831361337
181,5,10,150,78,0.11680461119565375
182,5,10,150,78,0.0
183,5,10,150,78,0.15101961822780524
184,5,10,150,78,0.0
185,5,10,150,78,0.0
186,5,10,150,78,0.04633132539002164
187,5,10,150,78,0.0
188,5,10,150,78,0.12925733948536566
189,5,10,150,78,0.18890011590178235
190,5,10,150,78,0.0
192,5,10,150,78,0.123151194370365
193,5,10,150,78,0.0
194,5,10,150,78,0.11343156218083877
195,5,10,150,78,0.11787667935667444
196,5,10,150,78,0.0
197,5,10,150,78,0.09546043308946733
198,5,10,150,78,0.0
199,5,10,150,78,0.0
200,5,10,150,78,0.09785159463516042
201,5,10,150,78,0.0
202,5,10,150,78,0.10466868931043802
203,5,10,150,78,0.0
204,5,10,150,78,0.19519002499605084
205,5,10,150,78,0.0
206,5,10,150,78,0.0
207,5,10,150,78,0.11073658758229504
208,5,10,150,78,0.0
209,5,10,150,78,0.0
210,5,10,150,78,0.2167516193508568
211,5,10,150,78,0.0
213,5,10,150,78,0.15669163589836543
214,5,10,150,78,0.0
216,5,10,150,78,0.23813231172447274
217,5,10,150,78,0.0
218,5,10,150,78,0.0
219,5,10,150,78,0.0
221,5,10,150,78,0.0
222,5,10,150,78,0.1050995674008573
223,5,10,150,78,0.0
224,5,10,150,78,0.0
225,5,10,150,78,0.09077089626867633
226,5,10,150,78,0.19092086617893467
227,5,10,150,78,0.0
228,5,10,150,78,0.0
229,5,10,150,78,0.0
230,5,10,150,78,0.12683081539850163
231,5,10,150,78,0.0
232,5,10,150,78,0.03962341267285813
233,5,10,150,78,0.3062523178880809
234,5,10,150,78,0.11342442095228848
235,5,10,150,78,0.06692738060277027
236,5,10,150,78,0.0
237,5,10,150,78,0.19342640361727081
238,5,10,150,78,0.0
239,5,10,150,78,0.06912040963822193
240,5,10,150,78,0.12495636102304827
241,5,10,150,78,0.0
242,5,10,150,78,0.0
243,5,10,150,78,0.0
244,5,10,150,78,0.049712302565054066
245,5,10,150,78,0.0
246,5,10,150,78,0.0561326498270945
247,5,10,150,78,0.09472348220010487
248,5,10,150,78,0.09472348220010487
249,5,10,150,78,0.09798874944313594
250,5,10,150,78,0.0
251,5,10,150,78,0.13032376591037062
252,5,10,150,78,0.20184908658209985
253,5,10,150,78,0.1084812001944431
254,5,10,150,78,0.08514311764162098
255,5,10,150,78,0.0
256,5,10,150,78,0.07107087490719705
257,5,10,150,78,0.1339616094750857
258,5,10,150,78,0.10144063749941859
259,5,10,150,78,0.1239740444869306
260,5,10,150,78,0.0
261,5,10,150,78,0.0
262,5,10,150,78,0.0
263,5,10,150,78,0.0956366800683804
264,5,10,150,78,0.050433735583135575
265,5,10,150,78,0.0
266,5,10,150,78,0.0
267,5,10,150,78,0.17168372277322866
268,5,10,150,78,0.07517090309261779
269,5,10,150,78,0.052962244777770985
270,5,10,150,78,0.07655568961465661
271,5,10,150,78,0.13010624216828925
272,5,10,150,78,0.1702293778633033
273,5,10,150,78,0.0
274,5,10,150,78,0.0
275,5,10,150,78,0.0
276,5,10,150,78,0.15875999922826586
277,5,10,150,78,0.0
278,5,10,150,78,0.1631512196835108
279,5,10,150,78,0.1734542012699839
280,5,10,150,78,0.18341796851458614
281,5,10,150,78,0.0
282,5,10,150,78,0.0
283,5,10,150,78,0.07028063830038406
284,5,10,150,78,0.0
285,5,10,150,78,0.0
286,5,10,150,78,0.09991246976864687
287,5,10,150,78,0.0
288,5,10,150,78,0.0859574327152926
289,5,10,150,78,0.16903020543979225
290,5,10,150,78,0.07834851647149511
291,5,10,150,78,0.07828167840727236
292,5,10,150,78,0.04224853374256244
293,5,10,150,78,0.14305305536418997
294,5,10,150,78,0.0
295,5,10,150,78,0.2603201838311303
296,5,10,150,78,0.18873901602586696
297,5,10,150,78,0.0
298,5,10,150,78,0.16915623549474385
299,5,10,150,78,0.0
300,5,10,150,78,0.0
301,5,10,150,78,0.06460801587741544
302,5,10,150,78,0.09224219235917257
303,5,10,150,78,0.07354269615643778
304,5,10,150,78,0.0
305,5,10,150,78,0.11349000778741654
306,5,10,150,78,0.0
307,5,10,150,78,0.10778915452451093
308,5,10,150,78,0.13490077762666258
310,5,10,150,78,0.0
311,5,10,150,78,0.13301422444853
312,5,10,150,78,0.1819616199123543
313,5,10,150,78,0.11270402374049442
314,5,10,150,78,0.16600564593053876
315,5,10,150,78,0.037110354711564805
316,5,10,150,78,0.0
317,5,10,150,78,0.0
318,5,10,150,78,0.1642688369468948
319,5,10,150,78,0.0
320,5,10,150,78,0.13927874459665815
321,5,10,150,78,0.0
322,5,10,150,78,0.0
323,5,10,150,78,0.1610425878239398
324,5,10,150,78,0.0
325,5,10,150,78,0.09092803061897883
326,5,10,150,78,0.027288805847552652
327,5,10,150,78,0.025410386140327024
328,5,10,150,78,0.09206364236149692
329,5,10,150,78,0.0
330,5,10,150,78,0.1313681680695099
331,5,10,150,78,0.0
332,5,10,150,78,0.09320485889859448
334,5,10,150,78,0.02249061179923914
335,5,10,150,78,0.16155546744299637
336,5,10,150,78,0.0780824078938463
337,5,10,150,78,0.0
338,5,10,150,78,0.18039889772993523
339,5,10,150,78,0.20908777063504488
340,5,10,150,78,0.06267320809766952
341,5,10,150,78,0.0
342,5,10,150,78,0.3608742720986609
343,5,10,150,78,0.09229649639444802
344,5,10,150,78,0.1202034973803211
345,5,10,150,78,0.18015355216717013
346,5,10,150,78,0.04366879852493834
347,5,10,150,78,0.22280620320442554
348,5,10,150,78,0.0
349,5,10,150,78,0.0
350,5,10,150,78,0.058087171966128066
351,5,10,150,78,0.07977344912567227
352,5,10,150,78,0.1903601622684853
353,5,10,150,78,0.14434031438272124
354,5,10,150,78,0.06335619058732639
355,5,10,150,78,0.0
356,5,10,150,78,0.0
357,5,10,150,78,0.0
358,5,10,150,78,0.06364028872631156
359,5,10,150,78,0.3010299956639812
360,5,10,150,78,0.12982031659526816
361,5,10,150,78,0.09478836436955078
362,5,10,150,78,0.054793185501041654
363,5,10,150,78,0.24101654828754165
364,5,10,150,78,0.0
365,5,10,150,78,0.0
366,5,10,150,78,0.0
367,5,10,150,78,0.06369098129632131
368,5,10,150,78,0.0
369,5,10,150,78,0.0
370,5,10,150,78,0.0
371,5,10,150,78,0.19950301641376814
372,5,10,150,78,0.15130120674940672
373,5,10,150,78,0.22842722979011518
374,5,10,150,78,0.07472550252128253
375,5,10,150,78,0.0
376,5,10,150,78,0.0
377,5,10,150,78,0.0
378,5,10,150,78,0.13635638482251203
379,5,10,150,78,0.08433239722469389
380,5,10,150,78,0.0
381,5,10,150,78,0.0
382,5,10,150,78,0.09952375175972906
383,5,10,150,78,0.18543645219162883
384,5,10,150,78,0.0
385,5,10,150,78,0.0
386,5,10,150,78,0.0
387,5,10,150,78,0.08586571489348302
388,5,10,150,78,0.05789711601244791
389,5,10,150,78,0.09284203700798714
390,5,10,150,78,0.0
391,5,10,150,78,0.11245246430543061
392,5,10,150,78,0.1484702586346916
393,5,10,150,78,0.17201528718620057
394,5,10,150,78,0.18425976175120107
395,5,10,150,78,0.0
396,5,10,150,78,0.0
397,5,10,150,78,0.11004588314904008
398,5,10,150,78,0.28368572779044043
399,5,10,150,78,0.026175882249243814
400,5,10,150,78,0.0
401,5,10,150,78,0.02839245759615368
402,5,10,150,78,0.0
403,5,10,150,78,0.2529427027676571
404,5,10,150,78,0.0
405,5,10,150,78,0.046863898759554934
406,5,10,150,78,0.06360190926466157
407,5,10,150,78,0.12541209984981197
408,5,10,150,78,0.09983719697789138
409,5,10,150,78,0.05800611307095368
410,5,10,150,78,0.0
411,5,10,150,78,0.17342765698823945
412,5,10,150,78,0.0
413,5,10,150,78,0.0
414,5,10,150,78,0.21398626473452756
415,5,10,150,78,0.0
416,5,10,150,78,0.15805943220204186
417,5,10,150,78,0.11088189053445036
419,5,10,150,78,0.3536251441097701
420,5,10,150,78,0.15209749107189288
421,5,10,150,78,0.04264945290455212
422,5,10,150,78,0.0
423,5,10,150,78,0.13523051443907988
424,5,10,150,78,0.1545659390636425
425,5,10,150,78,0.24692470896273933
426,5,10,150,78,0.13571943816109763
427,5,10,150,78,0.12615224917140136
428,5,10,150,78,0.0
429,5,10,150,78,0.14041959417088476
430,5,10,150,78,0.1261446714466394
431,5,10,150,78,0.0
432,5,10,150,78,0.049369952841505485
433,5,10,150,78,0.0
434,5,10,150,78,0.3903800499921017
435,5,10,150,78,0.11347000084585261
436,5,10,150,78,0.10958579382117346
437,5,10,150,78,0.22972973128433707
438,5,10,150,78,0.0
439,5,10,150,78,0.0
440,5,10,150,78,0.06175696970122604
441,5,10,150,78,0.0
442,5,10,150,78,0.0
443,5,10,150,78,0.0
445,5,10,150,78,0.0
446,5,10,150,78,0.0
447,5,10,150,78,0.2726897692124621
448,5,10,150,78,0.0
449,5,10,150,78,0.07784399437297408
450,5,10,150,78,0.22640083277136241
451,5,10,150,78,0.0
452,5,10,150,78,0.1353061563511876
453,5,10,150,78,0.029956785715628154
454,5,10,150,78,0.07998109630822593
455,5,10,150,78,0.08878904135110165
456,5,10,150,78,0.07758828619721583
457,5,10,150,78,0.29418445531213994
458,5,10,150,78,0.04507276838148142
459,5,10,150,78,0.0
460,5,10,150,78,0.0
461,5,10,150,78,0.0
462,5,10,150,78,0.0
463,5,10,150,78,0.026903388345470878
464,5,10,150,78,0.0
465,5,10,150,78,0.035016337639871845
466,5,10,150,78,0.03947525607388688
467,5,10,150,78,0.1436337620239326
468,5,10,150,78,0.27023868832296544
469,5,10,150,78,0.057417722536754784
470,5,10,150,78,0.0
471,5,10,150,78,0.0
472,5,10,150,78,0.14903271548086697
473,5,10,150,78,0.08754031530847717
474,5,10,150,78,0.34897204770080337
475,5,10,150,78,0.06516188295518531
476,5,10,150,78,0.0
477,5,10,150,78,0.055100238151135045
478,5,10,150,78,0.23782833255689273
479,5,10,150,78,0.07834096783470737
480,5,10,150,78,0.21398626473452756
481,5,10,150,78,0.13863671367752411
482,5,10,150,78,0.0
483,5,10,150,78,0.06912040963822193
484,5,10,150,78,0.09353062527112192
485,5,10,150,78,0.0
486,5,10,150,78,0.10311241692162332
487,5,10,150,78,0.2215000938796789
488,5,10,150,78,0.0
489,5,10,150,78,0.0
490,5,10,150,78,0.0
491,5,10,150,78,0.19092086617893467
492,5,10,150,78,0.12471554514794539
493,5,10,150,78,0.0332568859495131
494,5,10,150,78,0.1096312620712655
495,5,10,150,78,0.15115187072926595
496,5,10,150,78,0.05459112561892713
497,5,10,150,78,0.05602614285694803
498,5,10,150,78,0.03855307727568851
499,5,10,150,78,0.1912282106369008
500,5,10,150,78,0.05011951520627559
501,5,10,150,78,0.0
502,5,10,150,78,0.06364028872631156
503,5,10,150,78,0.27534073433896133
504,5,10,150,78,0.0
505,5,10,150,78,0.0
506,5,10,150,78,0.13939295695713902
507,5,10,150,78,0.03371865946438579
508,5,10,150,78,0.0
509,5,10,150,78,0.06474271459046577
510,5,10,150,78,0.0
511,5,10,150,78,0.0
512,5,10,150,78,0.18316925091363362
513,5,10,150,78,0.0461651444771445
514,5,10,150,78,0.10595566933616397
515,5,10,150,78,0.0
516,5,10,150,78,0.13768197790533618
517,5,10,150,78,0.042259191411409554
518,5,10,150,78,0.0
519,5,10,150,78,0.10980194963145926
520,5,10,150,78,0.0
521,5,10,150,78,0.0
522,5,10,150,78,0.0
523,5,10,150,78,0.07926830632613421
524,5,10,150,78,0.10258209047527363
525,5,10,150,78,0.0
526,5,10,150,78,0.17292389918997986
527,5,10,150,78,0.14943863047793596
528,5,10,150,78,0.14110144150616766
529,5,10,150,78,0.10471139591065548
530,5,10,150,78,0.0
531,5,10,150,78,0.0
532,5,10,150,78,0.061814902734110014
533,5,10,150,78,0.140097006072795
534,5,10,150,78,0.07450923581469894
535,5,10,150,78,0.2871959083713276
536,5,10,150,78,0.27314750625223144
537,5,10,150,78,0.4561253096141513
538,5,10,150,78,0.0
539,5,10,150,78,0.1560067947598593
540,5,10,150,78,0.0
541,5,10,150,78,0.1630698087619573
542,5,10,150,78,0.14655148714607036
543,5,10,150,78,0.05214161215457763
544,5,10,150,78,0.07631352592005593
545,5,10,150,78,0.052962244777770985
546,5,10,150,78,0.15314106296495628
547,5,10,150,78,0.0
548,5,10,150,78,0.06942726819239371
549,5,10,150,78,0.0
550,5,10,150,78,0.13436217909546777
551,5,10,150,78,0.3072717988251177
552,5,10,150,78,0.0
553,5,10,150,78,0.23296637455654234
554,5,10,150,78,0.16600564593053876
555,5,10,150,78,0.0
556,5,10,150,78,0.12479271849103059
557,5,10,150,78,0.053894577262255466
558,5,10,150,78,0.05718685316335169
559,5,10,150,78,0.0734773909038217
560,5,10,150,78,0.24050284760456656
561,5,10,150,78,0.06469689698255184
562,5,10,150,78,0.034743705427429224
563,5,10,150,78,0.0
564,5,10,150,78,0.0
565,5,10,150,78,0.18568675205192314
566,5,10,150,78,0.13665387068436016
567,5,10,150,78,0.15284013140891303
568,5,10,150,78,0.057107346298225524
569,5,10,150,78,0.0336639187988199
570,5,10,150,78,0.0
571,5,10,150,78,0.0
572,5,10,150,78,0.058995070558427745
573,5,10,150,78,0.035908240113829995
574,5,10,150,78,0.07616204594440379
575,5,10,150,78,0.056316753775798256
576,5,10,150,78,0.17342765698823945
577,5,10,150,78,0.22186862389759224
578,5,10,150,78,0.09818998961169394
579,5,10,150,78,0.0
580,5,10,150,78,0.21661076434387644
581,5,10,150,78,0.0
582,5,10,150,78,0.028361369701356044
583,5,10,150,78,0.08811076314737627
584,5,10,150,78,0.0
585,5,10,150,78,0.03272632263321488
586,5,10,150,78,0.09195192495929504
587,5,10,150,78,0.0
588,5,10,150,78,0.21190028446013173
589,5,10,150,78,0.032894740029565515
590,5,10,150,78,0.18511573258657482
591,5,10,150,78,0.15758427078022966
592,5,10,150,78,0.24981355617019707
593,5,10,150,78,0.1847125373189141
594,5,10,150,78,0.0843142342558857
595,5,10,150,78,0.0
596,5,10,150,78,0.0
597,5,10,150,78,0.0
598,5,10,150,78,0.11752277470724268
599,5,10,150,78,0.16402353420682853
600,5,10,150,78,0.0
601,5,10,150,78,0.026557570376145638
602,5,10,150,78,0.0
603,5,10,150,78,0.06194403202282284
604,5,10,150,78,0.0
605,5,10,150,78,0.10589838376326657
606,5,10,150,78,0.2138150508755678
607,5,10,150,78,0.0
608,5,10,150,78,0.14688428242884272
609,5,10,150,78,0.11838279295536291
610,5,10,150,78,0.05781186855394371
611,5,10,150,78,0.03927158715985786
612,5,10,150,78,0.0
613,5,10,150,78,0.2049174583553662
614,5,10,150,78,0.13886244387355454
615,5,10,150,78,0.10251900332140326
616,5,10,150,78,0.09781579202094404
617,5,10,150,78,0.07286192498233149
618,5,10,150,78,0.13693830900397266
619,5,10,150,78,0.15406791387309057
620,5,10,150,78,0.1451323880538222
621,5,10,150,78,0.13589759152345549
622,5,10,150,78,0.10022910267662996
623,5,10,150,78,0.13369528351530374
624,5,10,150,78,0.019160322430058573
625,5,10,150,78,0.0
626,5,10,150,78,0.04690797720830594
627,5,10,150,78,0.04289205981312439
628,5,10,150,78,0.0
629,5,10,150,78,0.2013573326089747
630,5,10,150,78,0.12522204146604196
631,5,10,150,78,0.09240791929215005
632,5,10,150,78,0.3331495701314084
633,5,10,150,78,0.0455520698635181
634,5,10,150,78,0.023756977677906275
635,5,10,150,78,0.039407921945699885
636,5,10,150,78,0.0
637,5,10,150,78,0.0
638,5,10,150,78,0.15473934503245962
639,5,10,150,78,0.0
640,5,10,150,78,0.08757749316783438
641,5,10,150,78,0.03570665676503816
642,5,10,150,78,0.13207172242143603
643,5,10,150,78,0.15031592367651372
644,5,10,150,78,0.0
645,5,10,150,78,0.1856947245529553
646,5,10,150,78,0.0
647,5,10,150,78,0.03673869545191085
648,5,10,150,78,0.13000119291048295
649,5,10,150,78,0.0
650,5,10,150,78,0.14208499571110345
651,5,10,150,78,0.03443184397772452
652,5,10,150,78,0.0
653,5,10,150,78,0.042464725972586034
654,5,10,150,78,0.17020900230175445
655,5,10,150,78,0.2378863085359135
656,5,10,150,78,0.0
657,5,10,150,78,0.053845569940583225
658,5,10,150,78,0.0
659,5,10,150,78,0.07075240780563574
660,5,10,150,78,0.01156377453296346
661,5,10,150,78,0.12705991527984942
662,5,10,150,78,0.0
663,5,10,150,78,0.09211594531187607
664,5,10,150,78,0.05391021349625259
665,5,10,150,78,0.0
666,5,10,150,78,0.07860744541237058
667,5,10,150,78,0.2676806947950803
668,5,10,150,78,0.0
669,5,10,150,78,0.2672968266839232
670,5,10,150,78,0.15539533467551025
671,5,10,150,78,0.17434206503696043
672,5,10,150,78,0.0
673,5,10,150,78,0.0
674,5,10,150,78,0.0
675,5,10,150,78,0.05010834716923557
676,5,10,150,78,0.0
677,5,10,150,78,0.03927489746221688
678,5,10,150,78,0.0
679,5,10,150,78,0.26970586372388394
680,5,10,150,78,0.2073612289146658
681,5,10,150,78,0.0
682,5,10,150,78,0.10137006986662575
683,5,10,150,78,0.06289349548893712
684,5,10,150,78,0.0
685,5,10,150,78,0.0
686,5,10,150,78,0.11524934452025383
687,5,10,150,78,0.0
688,5,10,150,78,0.0
689,5,10,150,78,0.32436268379537736
690,5,10,150,78,0.0
691,5,10,150,78,0.0
692,5,10,150,78,0.0
693,5,10,150,78,0.015483922344753005
694,5,10,150,78,0.20269611984358588
695,5,10,150,78,0.0607039656753694
696,5,10,150,78,0.12935879342602336
697,5,10,150,78,0.06378035696304758
698,5,10,150,78,0.09499131598480672
699,5,10,150,78,0.0
700,5,10,150,78,0.16958010263680806
701,5,10,150,78,0.04129602134854855
702,5,10,150,78,0.0
703,5,10,150,78,0.03870447337439288
704,5,10,150,78,0.09986079379105446
705,5,10,150,78,0.20609334068785645
706,5,10,150,78,0.0
707,5,10,150,78,0.11204043240783193
708,5,10,150,78,0.0943325796571581
709,5,10,150,78,0.11778692963665513
710,5,10,150,78,0.05710411178654767
711,5,10,150,78,0.15552566999725762
712,5,10,150,78,0.12435918123916344
713,5,10,150,78,0.0
714,5,10,150,78,0.04195229264874745
715,5,10,150,78,0.07261309108674657
716,5,10,150,78,0.17607186885716172
717,5,10,150,78,0.18940567332300148
718,5,10,150,78,0.14061157344379913
719,5,10,150,78,0.1811528335938261
720,5,10,150,78,0.05261577455142312
721,5,10,150,78,0.1740663918285064
722,5,10,150,78,0.0
723,5,10,150,78,0.0
724,5,10,150,78,0.0
725,5,10,150,78,0.05750402108673013
726,5,10,150,78,0.2529427027676571
727,5,10,150,78,0.08637350459934931
728,5,10,150,78,0.0
729,5,10,150,78,0.0
730,5,10,150,78,0.0
731,5,10,150,78,0.08409204125924918
732,5,10,150,78,0.0
733,5,10,150,78,0.0
734,5,10,150,78,0.0655813061736612
735,5,10,150,78,0.0
736,5,10,150,78,0.0
737,5,10,150,78,0.16282663249631943
738,5,10,150,78,0.2632431729022225
739,5,10,150,78,0.0
740,5,10,150,78,0.0
741,5,10,150,78,0.10965210684801945
742,5,10,150,78,0.04553761034739079
743,5,10,150,78,0.0814476682319001
744,5,10,150,78,0.08878770367712427
745,5,10,150,78,0.3682049230943936
746,5,10,150,78,0.11450296808588954
747,5,10,150,78,0.3399934051034432
748,5,10,150,78,0.22468225866052274
749,5,10,150,78,0.13157195855293946
750,5,10,150,78,0.07219614103266732
751,5,10,150,78,0.09679442811841048
752,5,10,150,78,0.020210299806331135
753,5,10,150,78,0.15406810205846871
754,5,10,150,78,0.0
755,5,10,150,78,0.067228724047084
756,5,10,150,78,0.11476260325700224
757,5,10,150,78,0.06756111822138194
758,5,10,150,78,0.2266404995616384
759,5,10,150,78,0.038281751104512325
760,5,10,150,78,0.11447590313611888
761,5,10,150,78,0.03339755935325358
762,5,10,150,78,0.11568388634051256
763,5,10,150,78,0.20859185628046678
764,5,10,150,78,0.08207588022692468
765,5,10,150,78,0.0
766,5,10,150,78,0.050541549839211865
767,5,10,150,78,0.2073612289146658
768,5,10,150,78,0.07655078846581868
769,5,10,150,78,0.0
770,5,10,150,78,0.04692206785373726
771,5,10,150,78,0.2149590517835668
772,5,10,150,78,0.03353522641880846
773,5,10,150,78,0.08236155615232364
774,5,10,150,78,0.03551622697259125
775,5,10,150,78,0.0437324968781469
776,5,10,150,78,0.12155614423940549
777,5,10,150,78,0.14445412169961394
778,5,10,150,78,0.024850109207689472
779,5,10,150,78,0.05878132199396477
780,5,10,150,78,0.13273397200317036
781,5,10,150,78,0.21898681539091044
782,5,10,150,78,0.02002873257978586
783,5,10,150,78,0.0
784,5,10,150,78,0.0
785,5,10,150,78,0.07685905888147043
786,5,10,150,78,0.13370327844286975
787,5,10,150,78,0.0683037314796457
788,5,10,150,78,0.15284363860015854
789,5,10,150,78,0.059109628562248356
790,5,10,150,78,0.057260059947817375
791,5,10,150,78,0.0
792,5,10,150,78,0.0
793,5,10,150,78,0.0
794,5,10,150,78,0.22201254783236782
795,5,10,150,78,0.09354596657002175
796,5,10,150,78,0.3197335287391854
797,5,10,150,78,0.09030583455080088
798,5,10,150,78,0.09420426881292447
799,5,10,150,78,0.0
800,5,10,150,78,0.0
801,5,10,150,78,0.03096677356901516
802,5,10,150,78,0.030863419558816
803,5,10,150,78,0.0
804,5,10,150,78,0.1489764983745165
805,5,10,150,78,0.10424378669631856
806,5,10,150,78,0.13891238635540284
807,5,10,150,78,0.19862090306465402
808,5,10,150,78,0.040655755922716606
809,5,10,150,78,0.07484323939884738
810,5,10,150,78,0.0
811,5,10,150,78,0.05062543788674174
812,5,10,150,78,0.0
813,5,10,150,78,0.17367331957930765
814,5,10,150,78,0.1426080995102236
815,5,10,150,78,0.23016071796743323
816,5,10,150,78,0.08005612702969578
817,5,10,150,78,0.0
818,5,10,150,78,0.0
819,5,10,150,78,0.15575997463127336
820,5,10,150,78,0.041641441310299704
821,5,10,150,78,0.19220292042320755
822,5,10,150,78,0.03902876023380719
823,5,10,150,78,0.2889565985216905
824,5,10,150,78,0.0
825,5,10,150,78,0.09224743688771847
826,5,10,150,78,0.0956022175683246
827,5,10,150,78,0.0
828,5,10,150,78,0.07244745602732354
829,5,10,150,78,0.1633399391391799
830,5,10,150,78,0.10053254151308513
831,5,10,150,78,0.2429972418166229
832,5,10,150,78,0.041355644490859725
833,5,10,150,78,0.13526945314603125
834,5,10,150,78,0.07645930701924761
835,5,10,150,78,0.16131021212220273
836,5,10,150,78,0.10882945376944808
837,5,10,150,78,0.022383927187041207
838,5,10,150,78,0.14570435926304814
839,5,10,150,78,0.05646784228340616
840,5,10,150,78,0.2639907994807431
841,5,10,150,78,0.0
842,5,10,150,78,0.03314153504336938
843,5,10,150,78,0.08931332966955921
844,5,10,150,78,0.14767302746812566
845,5,10,150,78,0.0
846,5,10,150,78,0.28642679545133737
847,5,10,150,78,0.0
848,5,10,150,78,0.1338385017994803
849,5,10,150,78,0.1917146328376363
850,5,10,150,78,0.22524778298991205
851,5,10,150,78,0.248767337274603
852,5,10,150,78,0.0
853,5,10,150,78,0.0
854,5,10,150,78,0.1436951449328942
855,5,10,150,78,0.0
856,5,10,150,78,0.0628634487195275
857,5,10,150,78,0.0
858,5,10,150,78,0.0
859,5,10,150,78,0.0
860,5,10,150,78,0.04811271784379131
861,5,10,150,78,0.12001290632387755
862,5,10,150,78,0.25351959695312043
863,5,10,150,78,0.06649618499577159
864,5,10,150,78,0.2557228175510971
865,5,10,150,78,0.030825292165839853
866,5,10,150,78,0.1864148195692992
867,5,10,150,78,0.342870653681082
868,5,10,150,78,0.13585086504215588
869,5,10,150,78,0.09414478450656023
870,5,10,150,78,0.0973386840160687
871,5,10,150,78,0.23335170418377482
872,5,10,150,78,0.03050926163237471
873,5,10,150,78,0.0
874,5,10,150,78,0.06575393297476358
875,5,10,150,78,0.24878110643435097
876,5,10,150,78,0.0
877,5,10,150,78,0.03487978243545732
878,5,10,150,78,0.048437696144300726
879,5,10,150,78,0.07180913162424091
880,5,10,150,78,0.3055618516827938
881,5,10,150,78,0.276592118598425
882,5,10,150,78,0.3006625114649482
883,5,10,150,78,0.3442227924276828
884,5,10,150,78,0.028767091820622218
885,5,10,150,78,0.10709607345972089
886,5,10,150,78,0.15777518568471016
887,5,10,150,78,0.18097998810112398
888,5,10,150,78,0.0
889,5,10,150,78,0.21702823734432958
890,5,10,150,78,0.33986371328828224
891,5,10,150,78,0.09013275514532934
892,5,10,150,78,0.40758081391431333
893,5,10,150,78,0.06655191453229989
894,5,10,150,78,0.18953047329640665
895,5,10,150,78,0.0
896,5,10,150,78,0.3233722160455348
897,5,10,150,78,0.24478076451063363
898,5,10,150,78,0.0
899,5,10,150,78,0.1528183102111697
900,5,10,150,78,0.09313286019574611
901,5,10,150,78,0.22572929827321989
902,5,10,150,78,0.025255271126572616
903,5,10,150,78,0.3209956364383193
904,5,10,150,78,0.0
905,5,10,150,78,0.08773956418811966
906,5,10,150,78,0.06212701143918119
907,5,10,150,78,0.20442274619824333
908,5,10,150,78,0.20640898076180436
909,5,10,150,78,0.0
910,5,10,150,78,0.14111581018360284
911,5,10,150,78,0.07221694898330532
912,5,10,150,78,0.17292384468805336
913,5,10,150,78,0.19374110767191058
914,5,10,150,78,0.0
915,5,10,150,78,0.05662342932524509
916,5,10,150,78,0.18546487464267847
917,5,10,150,78,0.019845431127916993
918,5,10,150,78,0.0253533085437572
919,5,10,150,78,0.12177528364403879
920,5,10,150,78,0.26814570941777965
921,5,10,150,78,0.02477447378142753
922,5,10,150,78,0.11795686480980001
923,5,10,150,78,0.06654837117201134
924,5,10,150,78,0.11819634191622581
925,5,10,150,78,0.08576373115156254
926,5,10,150,78,0.18690891198435525
927,5,10,150,78,0.13572296198871914
928,5,10,150,78,0.225412941472223
929,5,10,150,78,0.11107244313646446
930,5,10,150,78,0.13909680376172495
931,5,10,150,78,0.059539365700728666
932,5,10,150,78,0.32983571334268613
933,5,10,150,78,0.0560192252249558
934,5,10,150,78,0.23535051781154398
935,5,10,150,78,0.043888403129016776
936,5,10,150,78,0.10254382140440613
937,5,10,150,78,0.09560624946230661
938,5,10,150,78,0.08978812887364458
939,5,10,150,78,0.05231692143384187
940,5,10,150,78,0.09469359068019315
941,5,10,150,78,0.2546814962889047
942,5,10,150,78,0.19096882311221264
943,5,10,150,78,0.1557541235022987
1,5,10,150,79,0.4058715898896693
2,5,10,150,79,0.14433828292945616
3,5,10,150,79,0.08759200575528697
4,5,10,150,79,0.0
5,5,10,150,79,0.04470486007704452
6,5,10,150,79,0.04187254809446048
7,5,10,150,79,0.22836484467160698
8,5,10,150,79,0.0
9,5,10,150,79,0.0
10,5,10,150,79,0.3005733545514552
11,5,10,150,79,0.03947525607388688
12,5,10,150,79,0.14632177291384774
13,5,10,150,79,0.24256092752724764
14,5,10,150,79,0.18795160328752808
15,5,10,150,79,0.0
16,5,10,150,79,0.19107502160562695
17,5,10,150,79,0.0
18,5,10,150,79,0.17872418048185143
19,5,10,150,79,0.0
20,5,10,150,79,0.13743816645714543
21,5,10,150,79,0.17643857112498312
22,5,10,150,79,0.040815803121742565
23,5,10,150,79,0.10387012192613786
24,5,10,150,79,0.08835266840320231
25,5,10,150,79,0.23940867474021393
26,5,10,150,79,0.0
27,5,10,150,79,0.0
28,5,10,150,79,0.10131242160793445
30,5,10,150,79,0.08133484538841967
31,5,10,150,79,0.11164668500969883
32,5,10,150,79,0.19519002499605084
33,5,10,150,79,0.0
34,5,10,150,79,0.0
35,5,10,150,79,0.0
37,5,10,150,79,0.08177471774917201
38,5,10,150,79,0.0
39,5,10,150,79,0.0
40,5,10,150,79,0.0
41,5,10,150,79,0.06835476917178976
42,5,10,150,79,0.08850778826764391
43,5,10,150,79,0.0
44,5,10,150,79,0.29540493557662006
45,5,10,150,79,0.0
46,5,10,150,79,0.0
47,5,10,150,79,0.0
48,5,10,150,79,0.13203079491918646
49,5,10,150,79,0.05432573058142762
52,5,10,150,79,0.06369098129632131
53,5,10,150,79,0.0
54,5,10,150,79,0.0
55,5,10,150,79,0.0
56,5,10,150,79,0.11781210270929884
57,5,10,150,79,0.1318392860374695
58,5,10,150,79,0.43418941507676856
59,5,10,150,79,0.19233148606048747
60,5,10,150,79,0.1076743759411119
61,5,10,150,79,0.0
62,5,10,150,79,0.09586820699422145
63,5,10,150,79,0.0
64,5,10,150,79,0.07635718686081962
65,5,10,150,79,0.2342550150352983
66,5,10,150,79,0.06636133566432367
67,5,10,150,79,0.0
68,5,10,150,79,0.0
69,5,10,150,79,0.0
70,5,10,150,79,0.0
71,5,10,150,79,0.20758456043036028
72,5,10,150,79,0.10990826949013655
73,5,10,150,79,0.10052888926242022
74,5,10,150,79,0.0
75,5,10,150,79,0.05515026856924372
76,5,10,150,79,0.10633668103022985
77,5,10,150,79,0.14247142730086715
78,5,10,150,79,0.0
79,5,10,150,79,0.07821312100379274
80,5,10,150,79,0.0
81,5,10,150,79,0.08878770367712427
82,5,10,150,79,0.03187578878809277
83,5,10,150,79,0.07414861528507455
84,5,10,150,79,0.07550980911390262
85,5,10,150,79,0.04734112273659951
86,5,10,150,79,0.0
87,5,10,150,79,0.16641625059082407
88,5,10,150,79,0.18920035951687003
89,5,10,150,79,0.0
90,5,10,150,79,0.19659652872125194
91,5,10,150,79,0.0
92,5,10,150,79,0.05059449526833049
93,5,10,150,79,0.0
94,5,10,150,79,0.12253429761719764
95,5,10,150,79,0.07849567312219397
96,5,10,150,79,0.06482168843084862
97,5,10,150,79,0.0
98,5,10,150,79,0.0
99,5,10,150,79,0.13337585439143895
100,5,10,150,79,0.0
101,5,10,150,79,0.0
102,5,10,150,79,0.0
103,5,10,150,79,0.0
104,5,10,150,79,0.33958467175585033
105,5,10,150,79,0.0
106,5,10,150,79,0.06516188295518531
107,5,10,150,79,0.0
109,5,10,150,79,0.16563719724029594
110,5,10,150,79,0.03203603672019056
111,5,10,150,79,0.0
112,5,10,150,79,0.14155505107215216
113,5,10,150,79,0.0
114,5,10,150,79,0.08274602130532002
115,5,10,150,79,0.0718417865441674
116,5,10,150,79,0.0
117,5,10,150,79,0.0
118,5,10,150,79,0.2265416449833316
119,5,10,150,79,0.08512399185313972
120,5,10,150,79,0.0
121,5,10,150,79,0.13032376591037062
122,5,10,150,79,0.0
123,5,10,150,79,0.13720340769293682
124,5,10,150,79,0.0
125,5,10,150,79,0.05446333035917803
126,5,10,150,79,0.0
128,5,10,150,79,0.0
129,5,10,150,79,0.0
130,5,10,150,79,0.19145885854456055
131,5,10,150,79,0.0
132,5,10,150,79,0.0
133,5,10,150,79,0.0
134,5,10,150,79,0.0
135,5,10,150,79,0.0
136,5,10,150,79,0.0
137,5,10,150,79,0.1137075481082292
138,5,10,150,79,0.0976168253917686
139,5,10,150,79,0.10466868931043802
140,5,10,150,79,0.0
141,5,10,150,79,0.04733244938590725
142,5,10,150,79,0.0
143,5,10,150,79,0.0
144,5,10,150,79,0.0
145,5,10,150,79,0.2111860121794885
146,5,10,150,79,0.0
147,5,10,150,79,0.1033846481249528
148,5,10,150,79,0.26071721237610296
149,5,10,150,79,0.0
150,5,10,150,79,0.2640681225725909
151,5,10,150,79,0.1026571794225922
152,5,10,150,79,0.0
153,5,10,150,79,0.0
154,5,10,150,79,0.06416923277158361
155,5,10,150,79,0.0
156,5,10,150,79,0.0
157,5,10,150,79,0.0
158,5,10,150,79,0.13830208502611357
159,5,10,150,79,0.23138144801632507
160,5,10,150,79,0.20441309786906653
161,5,10,150,79,0.0
162,5,10,150,79,0.09784076556363268
163,5,10,150,79,0.0
164,5,10,150,79,0.0
165,5,10,150,79,0.0
167,5,10,150,79,0.05319635904163211
168,5,10,150,79,0.05461997784715835
169,5,10,150,79,0.0
170,5,10,150,79,0.0
171,5,10,150,79,0.0
173,5,10,150,79,0.07444401142258321
174,5,10,150,79,0.12795077757424125
175,5,10,150,79,0.21517910082405575
176,5,10,150,79,0.06289692884934815
177,5,10,150,79,0.38113435412202
178,5,10,150,79,0.12597398707460816
179,5,10,150,79,0.09149012142095872
180,5,10,150,79,0.06228974831361337
181,5,10,150,79,0.11680461119565375
182,5,10,150,79,0.0
183,5,10,150,79,0.15101961822780524
184,5,10,150,79,0.0
185,5,10,150,79,0.0
186,5,10,150,79,0.04633132539002164
187,5,10,150,79,0.0
188,5,10,150,79,0.12925733948536566
189,5,10,150,79,0.18890011590178235
190,5,10,150,79,0.0
192,5,10,150,79,0.123151194370365
193,5,10,150,79,0.0
194,5,10,150,79,0.11343156218083877
195,5,10,150,79,0.11787667935667444
196,5,10,150,79,0.0
197,5,10,150,79,0.09546043308946733
198,5,10,150,79,0.0
199,5,10,150,79,0.0
200,5,10,150,79,0.09785159463516042
201,5,10,150,79,0.0
202,5,10,150,79,0.10466868931043802
203,5,10,150,79,0.0
204,5,10,150,79,0.19519002499605084
205,5,10,150,79,0.0
206,5,10,150,79,0.0
207,5,10,150,79,0.11073658758229504
208,5,10,150,79,0.0
209,5,10,150,79,0.0
210,5,10,150,79,0.2167516193508568
211,5,10,150,79,0.0
213,5,10,150,79,0.15669163589836543
214,5,10,150,79,0.0
216,5,10,150,79,0.23813231172447274
217,5,10,150,79,0.0
218,5,10,150,79,0.0
219,5,10,150,79,0.0
221,5,10,150,79,0.0
222,5,10,150,79,0.1050995674008573
223,5,10,150,79,0.0
224,5,10,150,79,0.0
225,5,10,150,79,0.09077089626867633
226,5,10,150,79,0.19092086617893467
227,5,10,150,79,0.0
228,5,10,150,79,0.0
229,5,10,150,79,0.0
230,5,10,150,79,0.12683081539850163
231,5,10,150,79,0.0
232,5,10,150,79,0.03962341267285813
233,5,10,150,79,0.3062523178880809
234,5,10,150,79,0.11342442095228848
235,5,10,150,79,0.06692738060277027
236,5,10,150,79,0.0
237,5,10,150,79,0.19342640361727081
238,5,10,150,79,0.0
239,5,10,150,79,0.06912040963822193
240,5,10,150,79,0.12495636102304827
241,5,10,150,79,0.0
242,5,10,150,79,0.0
243,5,10,150,79,0.0
244,5,10,150,79,0.049712302565054066
245,5,10,150,79,0.0
246,5,10,150,79,0.0561326498270945
247,5,10,150,79,0.09472348220010487
248,5,10,150,79,0.09472348220010487
249,5,10,150,79,0.09798874944313594
250,5,10,150,79,0.0
251,5,10,150,79,0.13032376591037062
252,5,10,150,79,0.20184908658209985
253,5,10,150,79,0.1084812001944431
254,5,10,150,79,0.08514311764162098
255,5,10,150,79,0.0
256,5,10,150,79,0.07107087490719705
257,5,10,150,79,0.1339616094750857
258,5,10,150,79,0.10144063749941859
259,5,10,150,79,0.1239740444869306
260,5,10,150,79,0.0
261,5,10,150,79,0.0
262,5,10,150,79,0.0
263,5,10,150,79,0.0956366800683804
264,5,10,150,79,0.050433735583135575
265,5,10,150,79,0.0
266,5,10,150,79,0.0
267,5,10,150,79,0.17168372277322866
268,5,10,150,79,0.07517090309261779
269,5,10,150,79,0.052962244777770985
270,5,10,150,79,0.07655568961465661
271,5,10,150,79,0.13010624216828925
272,5,10,150,79,0.1702293778633033
273,5,10,150,79,0.0
274,5,10,150,79,0.0
275,5,10,150,79,0.0
276,5,10,150,79,0.15875999922826586
277,5,10,150,79,0.0
278,5,10,150,79,0.1631512196835108
279,5,10,150,79,0.1734542012699839
280,5,10,150,79,0.18341796851458614
281,5,10,150,79,0.0
282,5,10,150,79,0.0
283,5,10,150,79,0.07028063830038406
284,5,10,150,79,0.0
285,5,10,150,79,0.0
286,5,10,150,79,0.09991246976864687
287,5,10,150,79,0.0
288,5,10,150,79,0.0859574327152926
289,5,10,150,79,0.16903020543979225
290,5,10,150,79,0.07834851647149511
291,5,10,150,79,0.07828167840727236
292,5,10,150,79,0.04224853374256244
293,5,10,150,79,0.14305305536418997
294,5,10,150,79,0.0
295,5,10,150,79,0.2603201838311303
296,5,10,150,79,0.18873901602586696
297,5,10,150,79,0.0
298,5,10,150,79,0.16915623549474385
299,5,10,150,79,0.0
300,5,10,150,79,0.0
301,5,10,150,79,0.06460801587741544
302,5,10,150,79,0.09224219235917257
303,5,10,150,79,0.07354269615643778
304,5,10,150,79,0.0
305,5,10,150,79,0.11349000778741654
306,5,10,150,79,0.0
307,5,10,150,79,0.10778915452451093
308,5,10,150,79,0.13490077762666258
310,5,10,150,79,0.0
311,5,10,150,79,0.13301422444853
312,5,10,150,79,0.1819616199123543
313,5,10,150,79,0.11270402374049442
314,5,10,150,79,0.16600564593053876
315,5,10,150,79,0.037110354711564805
316,5,10,150,79,0.0
317,5,10,150,79,0.0
318,5,10,150,79,0.1642688369468948
319,5,10,150,79,0.0
320,5,10,150,79,0.13927874459665815
321,5,10,150,79,0.0
322,5,10,150,79,0.0
323,5,10,150,79,0.1610425878239398
324,5,10,150,79,0.0
325,5,10,150,79,0.09092803061897883
326,5,10,150,79,0.027288805847552652
327,5,10,150,79,0.025410386140327024
328,5,10,150,79,0.09206364236149692
329,5,10,150,79,0.0
330,5,10,150,79,0.1313681680695099
331,5,10,150,79,0.0
332,5,10,150,79,0.09320485889859448
334,5,10,150,79,0.02249061179923914
335,5,10,150,79,0.16155546744299637
336,5,10,150,79,0.0780824078938463
337,5,10,150,79,0.0
338,5,10,150,79,0.18039889772993523
339,5,10,150,79,0.20908777063504488
340,5,10,150,79,0.06267320809766952
341,5,10,150,79,0.0
342,5,10,150,79,0.3820055212061999
343,5,10,150,79,0.09229649639444802
344,5,10,150,79,0.1202034973803211
345,5,10,150,79,0.18015355216717013
346,5,10,150,79,0.04366879852493834
347,5,10,150,79,0.22280620320442554
348,5,10,150,79,0.0
349,5,10,150,79,0.0
350,5,10,150,79,0.058087171966128066
351,5,10,150,79,0.07977344912567227
352,5,10,150,79,0.1903601622684853
353,5,10,150,79,0.14434031438272124
354,5,10,150,79,0.06335619058732639
355,5,10,150,79,0.0
356,5,10,150,79,0.0
357,5,10,150,79,0.0
358,5,10,150,79,0.06364028872631156
359,5,10,150,79,0.3010299956639812
360,5,10,150,79,0.12982031659526816
361,5,10,150,79,0.09478836436955078
362,5,10,150,79,0.054793185501041654
363,5,10,150,79,0.24101654828754165
364,5,10,150,79,0.0
365,5,10,150,79,0.0
366,5,10,150,79,0.0
367,5,10,150,79,0.06369098129632131
368,5,10,150,79,0.0
369,5,10,150,79,0.0
370,5,10,150,79,0.0
371,5,10,150,79,0.19950301641376814
372,5,10,150,79,0.15130120674940672
373,5,10,150,79,0.22842722979011518
374,5,10,150,79,0.07472550252128253
375,5,10,150,79,0.0
376,5,10,150,79,0.0
377,5,10,150,79,0.0
378,5,10,150,79,0.13635638482251203
379,5,10,150,79,0.08433239722469389
380,5,10,150,79,0.0
381,5,10,150,79,0.0
382,5,10,150,79,0.09952375175972906
383,5,10,150,79,0.18543645219162883
384,5,10,150,79,0.0
385,5,10,150,79,0.0
386,5,10,150,79,0.0
387,5,10,150,79,0.08586571489348302
388,5,10,150,79,0.05789711601244791
389,5,10,150,79,0.09284203700798714
390,5,10,150,79,0.0
391,5,10,150,79,0.11245246430543061
392,5,10,150,79,0.1484702586346916
393,5,10,150,79,0.17201528718620057
394,5,10,150,79,0.18425976175120107
395,5,10,150,79,0.0
396,5,10,150,79,0.0
397,5,10,150,79,0.11004588314904008
398,5,10,150,79,0.28368572779044043
399,5,10,150,79,0.026175882249243814
400,5,10,150,79,0.0
401,5,10,150,79,0.02839245759615368
402,5,10,150,79,0.0
403,5,10,150,79,0.2529427027676571
404,5,10,150,79,0.0
405,5,10,150,79,0.0464453141473383
406,5,10,150,79,0.06360190926466157
407,5,10,150,79,0.12541209984981197
408,5,10,150,79,0.09983719697789138
409,5,10,150,79,0.05800611307095368
410,5,10,150,79,0.0
411,5,10,150,79,0.17342765698823945
412,5,10,150,79,0.0
413,5,10,150,79,0.0
414,5,10,150,79,0.21398626473452756
415,5,10,150,79,0.0
416,5,10,150,79,0.15805943220204186
417,5,10,150,79,0.11088189053445036
419,5,10,150,79,0.3536251441097701
420,5,10,150,79,0.15209749107189288
421,5,10,150,79,0.04264945290455212
422,5,10,150,79,0.0
423,5,10,150,79,0.13523051443907988
424,5,10,150,79,0.1545659390636425
425,5,10,150,79,0.24692470896273933
426,5,10,150,79,0.13571943816109763
427,5,10,150,79,0.12615224917140136
428,5,10,150,79,0.0
429,5,10,150,79,0.14041959417088476
430,5,10,150,79,0.1261446714466394
431,5,10,150,79,0.0
432,5,10,150,79,0.049369952841505485
433,5,10,150,79,0.0
434,5,10,150,79,0.3903800499921017
435,5,10,150,79,0.11347000084585261
436,5,10,150,79,0.10958579382117346
437,5,10,150,79,0.22972973128433707
438,5,10,150,79,0.0
439,5,10,150,79,0.0
440,5,10,150,79,0.06175696970122604
441,5,10,150,79,0.0
442,5,10,150,79,0.0
443,5,10,150,79,0.0
445,5,10,150,79,0.0
446,5,10,150,79,0.0
447,5,10,150,79,0.2726897692124621
448,5,10,150,79,0.0
449,5,10,150,79,0.07784399437297408
450,5,10,150,79,0.22640083277136241
451,5,10,150,79,0.0
452,5,10,150,79,0.1353061563511876
453,5,10,150,79,0.029956785715628154
454,5,10,150,79,0.07998109630822593
455,5,10,150,79,0.08878904135110165
456,5,10,150,79,0.07758828619721583
457,5,10,150,79,0.29418445531213994
458,5,10,150,79,0.04507276838148142
459,5,10,150,79,0.0
460,5,10,150,79,0.0
461,5,10,150,79,0.0
462,5,10,150,79,0.0
463,5,10,150,79,0.026903388345470878
464,5,10,150,79,0.0
465,5,10,150,79,0.035016337639871845
466,5,10,150,79,0.03947525607388688
467,5,10,150,79,0.1436337620239326
468,5,10,150,79,0.27023868832296544
469,5,10,150,79,0.057417722536754784
470,5,10,150,79,0.0
471,5,10,150,79,0.0
472,5,10,150,79,0.14903271548086697
473,5,10,150,79,0.08754031530847717
474,5,10,150,79,0.34897204770080337
475,5,10,150,79,0.06516188295518531
476,5,10,150,79,0.0
477,5,10,150,79,0.055100238151135045
478,5,10,150,79,0.23782833255689273
479,5,10,150,79,0.07834096783470737
480,5,10,150,79,0.21398626473452756
481,5,10,150,79,0.13863671367752411
482,5,10,150,79,0.0
483,5,10,150,79,0.06912040963822193
484,5,10,150,79,0.09353062527112192
485,5,10,150,79,0.0
486,5,10,150,79,0.10311241692162332
487,5,10,150,79,0.2215000938796789
488,5,10,150,79,0.0
489,5,10,150,79,0.0
490,5,10,150,79,0.0
491,5,10,150,79,0.19092086617893467
492,5,10,150,79,0.12471554514794539
493,5,10,150,79,0.0332568859495131
494,5,10,150,79,0.1096312620712655
495,5,10,150,79,0.15115187072926595
496,5,10,150,79,0.05459112561892713
497,5,10,150,79,0.05602614285694803
498,5,10,150,79,0.03855307727568851
499,5,10,150,79,0.1912282106369008
500,5,10,150,79,0.05011951520627559
501,5,10,150,79,0.0
502,5,10,150,79,0.06364028872631156
503,5,10,150,79,0.27534073433896133
504,5,10,150,79,0.0
505,5,10,150,79,0.0
506,5,10,150,79,0.13939295695713902
507,5,10,150,79,0.03371865946438579
508,5,10,150,79,0.0
509,5,10,150,79,0.06474271459046577
510,5,10,150,79,0.0
511,5,10,150,79,0.0
512,5,10,150,79,0.18316925091363362
513,5,10,150,79,0.0461651444771445
514,5,10,150,79,0.10595566933616397
515,5,10,150,79,0.0
516,5,10,150,79,0.13768197790533618
517,5,10,150,79,0.042259191411409554
518,5,10,150,79,0.0
519,5,10,150,79,0.10980194963145926
520,5,10,150,79,0.0
521,5,10,150,79,0.0
522,5,10,150,79,0.0
523,5,10,150,79,0.07926830632613421
524,5,10,150,79,0.10258209047527363
525,5,10,150,79,0.0
526,5,10,150,79,0.17292389918997986
527,5,10,150,79,0.14943863047793596
528,5,10,150,79,0.14110144150616766
529,5,10,150,79,0.10471139591065548
530,5,10,150,79,0.0
531,5,10,150,79,0.0
532,5,10,150,79,0.061814902734110014
533,5,10,150,79,0.140097006072795
534,5,10,150,79,0.07450923581469894
535,5,10,150,79,0.2871959083713276
536,5,10,150,79,0.27314750625223144
537,5,10,150,79,0.4609831550430528
538,5,10,150,79,0.0
539,5,10,150,79,0.1560067947598593
540,5,10,150,79,0.0
541,5,10,150,79,0.1630698087619573
542,5,10,150,79,0.14655148714607036
543,5,10,150,79,0.05214161215457763
544,5,10,150,79,0.07631352592005593
545,5,10,150,79,0.052962244777770985
546,5,10,150,79,0.15314106296495628
547,5,10,150,79,0.0
548,5,10,150,79,0.06942726819239371
549,5,10,150,79,0.0
550,5,10,150,79,0.13436217909546777
551,5,10,150,79,0.3072717988251177
552,5,10,150,79,0.0
553,5,10,150,79,0.23296637455654234
554,5,10,150,79,0.16600564593053876
555,5,10,150,79,0.0
556,5,10,150,79,0.12479271849103059
557,5,10,150,79,0.053894577262255466
558,5,10,150,79,0.05718685316335169
559,5,10,150,79,0.0734773909038217
560,5,10,150,79,0.24050284760456656
561,5,10,150,79,0.06469689698255184
562,5,10,150,79,0.034743705427429224
563,5,10,150,79,0.0
564,5,10,150,79,0.0
565,5,10,150,79,0.18568675205192314
566,5,10,150,79,0.13665387068436016
567,5,10,150,79,0.15284013140891303
568,5,10,150,79,0.057107346298225524
569,5,10,150,79,0.0336639187988199
570,5,10,150,79,0.0
571,5,10,150,79,0.0
572,5,10,150,79,0.058995070558427745
573,5,10,150,79,0.035908240113829995
574,5,10,150,79,0.07616204594440379
575,5,10,150,79,0.056316753775798256
576,5,10,150,79,0.17342765698823945
577,5,10,150,79,0.22186862389759224
578,5,10,150,79,0.09818998961169394
579,5,10,150,79,0.0
580,5,10,150,79,0.21661076434387644
581,5,10,150,79,0.0
582,5,10,150,79,0.028361369701356044
583,5,10,150,79,0.08811076314737627
584,5,10,150,79,0.0
585,5,10,150,79,0.03272632263321488
586,5,10,150,79,0.09195192495929504
587,5,10,150,79,0.0
588,5,10,150,79,0.21190028446013173
589,5,10,150,79,0.032894740029565515
590,5,10,150,79,0.18511573258657482
591,5,10,150,79,0.15758427078022966
592,5,10,150,79,0.24758224137770685
593,5,10,150,79,0.1847125373189141
594,5,10,150,79,0.0843142342558857
595,5,10,150,79,0.0
596,5,10,150,79,0.0
597,5,10,150,79,0.0
598,5,10,150,79,0.11752277470724268
599,5,10,150,79,0.16402353420682853
600,5,10,150,79,0.0
601,5,10,150,79,0.026557570376145638
602,5,10,150,79,0.0
603,5,10,150,79,0.06194403202282284
604,5,10,150,79,0.0
605,5,10,150,79,0.10589838376326657
606,5,10,150,79,0.2138150508755678
607,5,10,150,79,0.0
608,5,10,150,79,0.14688428242884272
609,5,10,150,79,0.11838279295536291
610,5,10,150,79,0.05781186855394371
611,5,10,150,79,0.03927158715985786
612,5,10,150,79,0.0
613,5,10,150,79,0.2049174583553662
614,5,10,150,79,0.13886244387355454
615,5,10,150,79,0.10251900332140326
616,5,10,150,79,0.09781579202094404
617,5,10,150,79,0.07286192498233149
618,5,10,150,79,0.13693830900397266
619,5,10,150,79,0.15406791387309057
620,5,10,150,79,0.1451323880538222
621,5,10,150,79,0.13589759152345549
622,5,10,150,79,0.10022910267662996
623,5,10,150,79,0.13369528351530374
624,5,10,150,79,0.019160322430058573
625,5,10,150,79,0.0
626,5,10,150,79,0.04690797720830594
627,5,10,150,79,0.04289205981312439
628,5,10,150,79,0.0
629,5,10,150,79,0.2013573326089747
630,5,10,150,79,0.12522204146604196
631,5,10,150,79,0.09240791929215005
632,5,10,150,79,0.3331495701314084
633,5,10,150,79,0.0455520698635181
634,5,10,150,79,0.023756977677906275
635,5,10,150,79,0.039407921945699885
636,5,10,150,79,0.0
637,5,10,150,79,0.0
638,5,10,150,79,0.15473934503245962
639,5,10,150,79,0.0
640,5,10,150,79,0.08757749316783438
641,5,10,150,79,0.03570665676503816
642,5,10,150,79,0.13207172242143603
643,5,10,150,79,0.15031592367651372
644,5,10,150,79,0.0
645,5,10,150,79,0.1856947245529553
646,5,10,150,79,0.0
647,5,10,150,79,0.03673869545191085
648,5,10,150,79,0.13000119291048295
649,5,10,150,79,0.0
650,5,10,150,79,0.14208499571110345
651,5,10,150,79,0.03443184397772452
652,5,10,150,79,0.0
653,5,10,150,79,0.042464725972586034
654,5,10,150,79,0.17020900230175445
655,5,10,150,79,0.2357615269695943
656,5,10,150,79,0.0
657,5,10,150,79,0.053845569940583225
658,5,10,150,79,0.0
659,5,10,150,79,0.07075240780563574
660,5,10,150,79,0.022775171719526442
661,5,10,150,79,0.12705991527984942
662,5,10,150,79,0.0
663,5,10,150,79,0.09211594531187607
664,5,10,150,79,0.05391021349625259
665,5,10,150,79,0.0
666,5,10,150,79,0.07860744541237058
667,5,10,150,79,0.2676806947950803
668,5,10,150,79,0.0
669,5,10,150,79,0.2672968266839232
670,5,10,150,79,0.15539533467551025
671,5,10,150,79,0.17434206503696043
672,5,10,150,79,0.0
673,5,10,150,79,0.0
674,5,10,150,79,0.0
675,5,10,150,79,0.05010834716923557
676,5,10,150,79,0.0
677,5,10,150,79,0.03927489746221688
678,5,10,150,79,0.0
679,5,10,150,79,0.26970586372388394
680,5,10,150,79,0.2073612289146658
681,5,10,150,79,0.0
682,5,10,150,79,0.10046464047409484
683,5,10,150,79,0.06289349548893712
684,5,10,150,79,0.0
685,5,10,150,79,0.0
686,5,10,150,79,0.11524934452025383
687,5,10,150,79,0.0
688,5,10,150,79,0.0
689,5,10,150,79,0.32436268379537736
690,5,10,150,79,0.0
691,5,10,150,79,0.0
692,5,10,150,79,0.0
693,5,10,150,79,0.015483922344753005
694,5,10,150,79,0.20269611984358588
695,5,10,150,79,0.0607039656753694
696,5,10,150,79,0.12935879342602336
697,5,10,150,79,0.06378035696304758
698,5,10,150,79,0.09499131598480672
699,5,10,150,79,0.0
700,5,10,150,79,0.16958010263680806
701,5,10,150,79,0.04129602134854855
702,5,10,150,79,0.0
703,5,10,150,79,0.03870447337439288
704,5,10,150,79,0.09986079379105446
705,5,10,150,79,0.20609334068785645
706,5,10,150,79,0.0
707,5,10,150,79,0.11204043240783193
708,5,10,150,79,0.0943325796571581
709,5,10,150,79,0.11778692963665513
710,5,10,150,79,0.05710411178654767
711,5,10,150,79,0.15552566999725762
712,5,10,150,79,0.12435918123916344
713,5,10,150,79,0.0
714,5,10,150,79,0.04195229264874745
715,5,10,150,79,0.07261309108674657
716,5,10,150,79,0.17449920894412352
717,5,10,150,79,0.18940567332300148
718,5,10,150,79,0.14061157344379913
719,5,10,150,79,0.1811528335938261
720,5,10,150,79,0.05261577455142312
721,5,10,150,79,0.1740663918285064
722,5,10,150,79,0.0
723,5,10,150,79,0.0
724,5,10,150,79,0.0
725,5,10,150,79,0.05750402108673013
726,5,10,150,79,0.2529427027676571
727,5,10,150,79,0.08560202333369514
728,5,10,150,79,0.0
729,5,10,150,79,0.0
730,5,10,150,79,0.0
731,5,10,150,79,0.08409204125924918
732,5,10,150,79,0.0
733,5,10,150,79,0.0
734,5,10,150,79,0.0655813061736612
735,5,10,150,79,0.0
736,5,10,150,79,0.0
737,5,10,150,79,0.16282663249631943
738,5,10,150,79,0.2632431729022225
739,5,10,150,79,0.0
740,5,10,150,79,0.0
741,5,10,150,79,0.10965210684801945
742,5,10,150,79,0.04553761034739079
743,5,10,150,79,0.0814476682319001
744,5,10,150,79,0.08878770367712427
745,5,10,150,79,0.3682049230943936
746,5,10,150,79,0.11450296808588954
747,5,10,150,79,0.3369566110807859
748,5,10,150,79,0.22468225866052274
749,5,10,150,79,0.13039676829546573
750,5,10,150,79,0.07219614103266732
751,5,10,150,79,0.09679442811841048
752,5,10,150,79,0.020210299806331135
753,5,10,150,79,0.15406810205846871
754,5,10,150,79,0.0
755,5,10,150,79,0.067228724047084
756,5,10,150,79,0.11476260325700224
757,5,10,150,79,0.06756111822138194
758,5,10,150,79,0.2246161646656381
759,5,10,150,79,0.038281751104512325
760,5,10,150,79,0.11447590313611888
761,5,10,150,79,0.03339755935325358
762,5,10,150,79,0.11568388634051256
763,5,10,150,79,0.20859185628046678
764,5,10,150,79,0.08207588022692468
765,5,10,150,79,0.0
766,5,10,150,79,0.050541549839211865
767,5,10,150,79,0.2073612289146658
768,5,10,150,79,0.07655078846581868
769,5,10,150,79,0.0
770,5,10,150,79,0.04692206785373726
771,5,10,150,79,0.2149590517835668
772,5,10,150,79,0.03353522641880846
773,5,10,150,79,0.08236155615232364
774,5,10,150,79,0.03551622697259125
775,5,10,150,79,0.0437324968781469
776,5,10,150,79,0.12155614423940549
777,5,10,150,79,0.14445412169961394
778,5,10,150,79,0.024850109207689472
779,5,10,150,79,0.05878132199396477
780,5,10,150,79,0.13273397200317036
781,5,10,150,79,0.21898681539091044
782,5,10,150,79,0.019849837535156414
783,5,10,150,79,0.0
784,5,10,150,79,0.0
785,5,10,150,79,0.07685905888147043
786,5,10,150,79,0.13370327844286975
787,5,10,150,79,0.0683037314796457
788,5,10,150,79,0.15147845139024502
789,5,10,150,79,0.059109628562248356
790,5,10,150,79,0.056748617651653926
791,5,10,150,79,0.0
792,5,10,150,79,0.0
793,5,10,150,79,0.0
794,5,10,150,79,0.22201254783236782
795,5,10,150,79,0.09354596657002175
796,5,10,150,79,0.31687769431903573
797,5,10,150,79,0.09030583455080088
798,5,10,150,79,0.09336284378483353
799,5,10,150,79,0.0
800,5,10,150,79,0.0
801,5,10,150,79,0.03096677356901516
802,5,10,150,79,0.030863419558816
803,5,10,150,79,0.0
804,5,10,150,79,0.14764585215318018
805,5,10,150,79,0.10331268949388243
806,5,10,150,79,0.13891238635540284
807,5,10,150,79,0.19684683697352487
808,5,10,150,79,0.040655755922716606
809,5,10,150,79,0.07484323939884738
810,5,10,150,79,0.0
811,5,10,150,79,0.05062543788674174
812,5,10,150,79,0.0
813,5,10,150,79,0.17367331957930765
814,5,10,150,79,0.1426080995102236
815,5,10,150,79,0.2281049407609272
816,5,10,150,79,0.08005612702969578
817,5,10,150,79,0.0
818,5,10,150,79,0.0
819,5,10,150,79,0.15575997463127336
820,5,10,150,79,0.041641441310299704
821,5,10,150,79,0.19220292042320755
822,5,10,150,79,0.03902876023380719
823,5,10,150,79,0.2982209602555571
824,5,10,150,79,0.0
825,5,10,150,79,0.09224743688771847
826,5,10,150,79,0.0956022175683246
827,5,10,150,79,0.0
828,5,10,150,79,0.07244745602732354
829,5,10,150,79,0.1633399391391799
830,5,10,150,79,0.10053254151308513
831,5,10,150,79,0.2429972418166229
832,5,10,150,79,0.041355644490859725
833,5,10,150,79,0.13406123716126234
834,5,10,150,79,0.09452471710599904
835,5,10,150,79,0.16131021212220273
836,5,10,150,79,0.10882945376944808
837,5,10,150,79,0.022383927187041207
838,5,10,150,79,0.14570435926304814
839,5,10,150,79,0.05646784228340616
840,5,10,150,79,0.26163285467985575
841,5,10,150,79,0.0
842,5,10,150,79,0.03314153504336938
843,5,10,150,79,0.08851559012045936
844,5,10,150,79,0.14767302746812566
845,5,10,150,79,0.0
846,5,10,150,79,0.29280037449662083
847,5,10,150,79,0.0
848,5,10,150,79,0.1338385017994803
849,5,10,150,79,0.1917146328376363
850,5,10,150,79,0.24846647105083042
851,5,10,150,79,0.2465453672259838
852,5,10,150,79,0.0
853,5,10,150,79,0.0
854,5,10,150,79,0.14241167133997457
855,5,10,150,79,0.0
856,5,10,150,79,0.0628634487195275
857,5,10,150,79,0.0
858,5,10,150,79,0.0
859,5,10,150,79,0.0
860,5,10,150,79,0.04811271784379131
861,5,10,150,79,0.12001290632387755
862,5,10,150,79,0.2512551800994479
863,5,10,150,79,0.07947544748536517
864,5,10,150,79,0.2534387217064733
865,5,10,150,79,0.030825292165839853
866,5,10,150,79,0.1864148195692992
867,5,10,150,79,0.342870653681082
868,5,10,150,79,0.13463745593262524
869,5,10,150,79,0.09414478450656023
870,5,10,150,79,0.0964692626409588
871,5,10,150,79,0.23335170418377482
872,5,10,150,79,0.03050926163237471
873,5,10,150,79,0.0
874,5,10,150,79,0.06575393297476358
875,5,10,150,79,0.24878110643435097
876,5,10,150,79,0.0
877,5,10,150,79,0.03487978243545732
878,5,10,150,79,0.048005054499156014
879,5,10,150,79,0.07180913162424091
880,5,10,150,79,0.3028325975537024
881,5,10,150,79,0.27412161981854927
882,5,10,150,79,0.2979770178525762
883,5,10,150,79,0.3411482218542072
884,5,10,150,79,0.028767091820622218
885,5,10,150,79,0.10709607345972089
886,5,10,150,79,0.15636595028890826
887,5,10,150,79,0.18829540963353447
888,5,10,150,79,0.0
889,5,10,150,79,0.21508975840908492
890,5,10,150,79,0.33986371328828224
891,5,10,150,79,0.09013275514532934
892,5,10,150,79,0.41287225491348567
893,5,10,150,79,0.06655191453229989
894,5,10,150,79,0.18783760220014867
895,5,10,150,79,0.0
896,5,10,150,79,0.32048388116009263
897,5,10,150,79,0.24259440221251424
898,5,10,150,79,0.0
899,5,10,150,79,0.1528183102111697
900,5,10,150,79,0.09313286019574611
901,5,10,150,79,0.22572929827321989
902,5,10,150,79,0.025255271126572616
903,5,10,150,79,0.31812852897269533
904,5,10,150,79,0.0
905,5,10,150,79,0.08773956418811966
906,5,10,150,79,0.06212701143918119
907,5,10,150,79,0.2025968585062125
908,5,10,150,79,0.20640898076180436
909,5,10,150,79,0.0
910,5,10,150,79,0.14111581018360284
911,5,10,150,79,0.07221694898330532
912,5,10,150,79,0.17292384468805336
913,5,10,150,79,0.19374110767191058
914,5,10,150,79,0.0
915,5,10,150,79,0.05662342932524509
916,5,10,150,79,0.18380831714987528
917,5,10,150,79,0.019845431127916993
918,5,10,150,79,0.0253533085437572
919,5,10,150,79,0.12068759650679826
920,5,10,150,79,0.26814570941777965
921,5,10,150,79,0.02477447378142753
922,5,10,150,79,0.1169032834855481
923,5,10,150,79,0.06654837117201134
924,5,10,150,79,0.11819634191622581
925,5,10,150,79,0.08576373115156254
926,5,10,150,79,0.18690891198435525
927,5,10,150,79,0.13451069529907764
928,5,10,150,79,0.225412941472223
929,5,10,150,79,0.11107244313646446
930,5,10,150,79,0.13909680376172495
931,5,10,150,79,0.059539365700728666
932,5,10,150,79,0.32688964701403705
933,5,10,150,79,0.055518865965736394
934,5,10,150,79,0.24218030610179472
935,5,10,150,79,0.043888403129016776
936,5,10,150,79,0.10162790815659886
937,5,10,150,79,0.09560624946230661
938,5,10,150,79,0.08978812887364458
939,5,10,150,79,0.05231692143384187
940,5,10,150,79,0.09469359068019315
941,5,10,150,79,0.2546814962889047
942,5,10,150,79,0.19096882311221264
943,5,10,150,79,0.15436294007298448
1,5,10,150,80,0.4058715898896693
2,5,10,150,80,0.14433828292945616
3,5,10,150,80,0.08759200575528697
4,5,10,150,80,0.0
5,5,10,150,80,0.04470486007704452
6,5,10,150,80,0.04187254809446048
7,5,10,150,80,0.22836484467160698
8,5,10,150,80,0.0
9,5,10,150,80,0.0
10,5,10,150,80,0.3005733545514552
11,5,10,150,80,0.03947525607388688
12,5,10,150,80,0.14632177291384774
13,5,10,150,80,0.24256092752724764
14,5,10,150,80,0.18795160328752808
15,5,10,150,80,0.0
16,5,10,150,80,0.19107502160562695
17,5,10,150,80,0.0
18,5,10,150,80,0.17872418048185143
19,5,10,150,80,0.0
20,5,10,150,80,0.13743816645714543
21,5,10,150,80,0.17643857112498312
22,5,10,150,80,0.040815803121742565
23,5,10,150,80,0.10387012192613786
24,5,10,150,80,0.08835266840320231
25,5,10,150,80,0.23940867474021393
26,5,10,150,80,0.0
27,5,10,150,80,0.0
28,5,10,150,80,0.10131242160793445
30,5,10,150,80,0.08133484538841967
31,5,10,150,80,0.11164668500969883
32,5,10,150,80,0.19519002499605084
33,5,10,150,80,0.0
34,5,10,150,80,0.0
35,5,10,150,80,0.0
37,5,10,150,80,0.08177471774917201
38,5,10,150,80,0.0
39,5,10,150,80,0.0
40,5,10,150,80,0.0
41,5,10,150,80,0.06835476917178976
42,5,10,150,80,0.08850778826764391
43,5,10,150,80,0.0
44,5,10,150,80,0.29540493557662006
45,5,10,150,80,0.0
46,5,10,150,80,0.0
47,5,10,150,80,0.0
48,5,10,150,80,0.13203079491918646
49,5,10,150,80,0.05432573058142762
52,5,10,150,80,0.06369098129632131
53,5,10,150,80,0.0
54,5,10,150,80,0.0
55,5,10,150,80,0.0
56,5,10,150,80,0.11781210270929884
57,5,10,150,80,0.1318392860374695
58,5,10,150,80,0.43418941507676856
59,5,10,150,80,0.19233148606048747
60,5,10,150,80,0.1076743759411119
61,5,10,150,80,0.0
62,5,10,150,80,0.09586820699422145
63,5,10,150,80,0.0
64,5,10,150,80,0.07635718686081962
65,5,10,150,80,0.2342550150352983
66,5,10,150,80,0.06636133566432367
67,5,10,150,80,0.0
68,5,10,150,80,0.0
69,5,10,150,80,0.0
70,5,10,150,80,0.0
71,5,10,150,80,0.20758456043036028
72,5,10,150,80,0.10990826949013655
73,5,10,150,80,0.10052888926242022
74,5,10,150,80,0.0
75,5,10,150,80,0.05515026856924372
76,5,10,150,80,0.10633668103022985
77,5,10,150,80,0.14247142730086715
78,5,10,150,80,0.0
79,5,10,150,80,0.07821312100379274
80,5,10,150,80,0.0
81,5,10,150,80,0.08878770367712427
82,5,10,150,80,0.03187578878809277
83,5,10,150,80,0.07414861528507455
84,5,10,150,80,0.07550980911390262
85,5,10,150,80,0.04734112273659951
86,5,10,150,80,0.0
87,5,10,150,80,0.16641625059082407
88,5,10,150,80,0.18920035951687003
89,5,10,150,80,0.0
90,5,10,150,80,0.19659652872125194
91,5,10,150,80,0.0
92,5,10,150,80,0.067443405477823
93,5,10,150,80,0.0
94,5,10,150,80,0.12253429761719764
95,5,10,150,80,0.07849567312219397
96,5,10,150,80,0.06482168843084862
97,5,10,150,80,0.0
98,5,10,150,80,0.0
99,5,10,150,80,0.13337585439143895
100,5,10,150,80,0.0
101,5,10,150,80,0.0
102,5,10,150,80,0.0
103,5,10,150,80,0.0
104,5,10,150,80,0.33958467175585033
105,5,10,150,80,0.0
106,5,10,150,80,0.06516188295518531
107,5,10,150,80,0.0
109,5,10,150,80,0.16563719724029594
110,5,10,150,80,0.03203603672019056
111,5,10,150,80,0.0
112,5,10,150,80,0.14155505107215216
113,5,10,150,80,0.0
114,5,10,150,80,0.08274602130532002
115,5,10,150,80,0.0718417865441674
116,5,10,150,80,0.0
117,5,10,150,80,0.0
118,5,10,150,80,0.2265416449833316
119,5,10,150,80,0.08512399185313972
120,5,10,150,80,0.0
121,5,10,150,80,0.13032376591037062
122,5,10,150,80,0.0
123,5,10,150,80,0.13720340769293682
124,5,10,150,80,0.0
125,5,10,150,80,0.05446333035917803
126,5,10,150,80,0.0
128,5,10,150,80,0.0
129,5,10,150,80,0.0
130,5,10,150,80,0.19145885854456055
131,5,10,150,80,0.0
132,5,10,150,80,0.0
133,5,10,150,80,0.0
134,5,10,150,80,0.0
135,5,10,150,80,0.0
136,5,10,150,80,0.0
137,5,10,150,80,0.1137075481082292
138,5,10,150,80,0.0976168253917686
139,5,10,150,80,0.10466868931043802
140,5,10,150,80,0.0
141,5,10,150,80,0.04733244938590725
142,5,10,150,80,0.0
143,5,10,150,80,0.0
144,5,10,150,80,0.0
145,5,10,150,80,0.2111860121794885
146,5,10,150,80,0.0
147,5,10,150,80,0.1033846481249528
148,5,10,150,80,0.26071721237610296
149,5,10,150,80,0.0
150,5,10,150,80,0.2640681225725909
151,5,10,150,80,0.1026571794225922
152,5,10,150,80,0.0
153,5,10,150,80,0.0
154,5,10,150,80,0.06416923277158361
155,5,10,150,80,0.0
156,5,10,150,80,0.0
157,5,10,150,80,0.0
158,5,10,150,80,0.13830208502611357
159,5,10,150,80,0.23138144801632507
160,5,10,150,80,0.23538511388047798
161,5,10,150,80,0.0
162,5,10,150,80,0.09784076556363268
163,5,10,150,80,0.0
164,5,10,150,80,0.0
165,5,10,150,80,0.0
167,5,10,150,80,0.05319635904163211
168,5,10,150,80,0.05461997784715835
169,5,10,150,80,0.0
170,5,10,150,80,0.0
171,5,10,150,80,0.0
173,5,10,150,80,0.07444401142258321
174,5,10,150,80,0.12795077757424125
175,5,10,150,80,0.21517910082405575
176,5,10,150,80,0.06289692884934815
177,5,10,150,80,0.38113435412202
178,5,10,150,80,0.12597398707460816
179,5,10,150,80,0.09149012142095872
180,5,10,150,80,0.06228974831361337
181,5,10,150,80,0.11680461119565375
182,5,10,150,80,0.0
183,5,10,150,80,0.15101961822780524
184,5,10,150,80,0.0
185,5,10,150,80,0.0
186,5,10,150,80,0.04633132539002164
187,5,10,150,80,0.0
188,5,10,150,80,0.12925733948536566
189,5,10,150,80,0.18890011590178235
190,5,10,150,80,0.0
192,5,10,150,80,0.123151194370365
193,5,10,150,80,0.0
194,5,10,150,80,0.11343156218083877
195,5,10,150,80,0.11787667935667444
196,5,10,150,80,0.0
197,5,10,150,80,0.09546043308946733
198,5,10,150,80,0.0
199,5,10,150,80,0.0
200,5,10,150,80,0.09785159463516042
201,5,10,150,80,0.0
202,5,10,150,80,0.10466868931043802
203,5,10,150,80,0.0
204,5,10,150,80,0.19519002499605084
205,5,10,150,80,0.0
206,5,10,150,80,0.0
207,5,10,150,80,0.11073658758229504
208,5,10,150,80,0.0
209,5,10,150,80,0.0
210,5,10,150,80,0.2167516193508568
211,5,10,150,80,0.0
213,5,10,150,80,0.15669163589836543
214,5,10,150,80,0.0
216,5,10,150,80,0.23813231172447274
217,5,10,150,80,0.0
218,5,10,150,80,0.0
219,5,10,150,80,0.0
221,5,10,150,80,0.0
222,5,10,150,80,0.1050995674008573
223,5,10,150,80,0.0
224,5,10,150,80,0.0
225,5,10,150,80,0.09077089626867633
226,5,10,150,80,0.19092086617893467
227,5,10,150,80,0.0
228,5,10,150,80,0.0
229,5,10,150,80,0.0
230,5,10,150,80,0.12683081539850163
231,5,10,150,80,0.0
232,5,10,150,80,0.03962341267285813
233,5,10,150,80,0.3062523178880809
234,5,10,150,80,0.11342442095228848
235,5,10,150,80,0.06692738060277027
236,5,10,150,80,0.0
237,5,10,150,80,0.19342640361727081
238,5,10,150,80,0.0
239,5,10,150,80,0.06912040963822193
240,5,10,150,80,0.12495636102304827
241,5,10,150,80,0.0
242,5,10,150,80,0.0
243,5,10,150,80,0.0
244,5,10,150,80,0.049712302565054066
245,5,10,150,80,0.0
246,5,10,150,80,0.0561326498270945
247,5,10,150,80,0.09472348220010487
248,5,10,150,80,0.09472348220010487
249,5,10,150,80,0.09798874944313594
250,5,10,150,80,0.0
251,5,10,150,80,0.13032376591037062
252,5,10,150,80,0.20184908658209985
253,5,10,150,80,0.1084812001944431
254,5,10,150,80,0.08514311764162098
255,5,10,150,80,0.0
256,5,10,150,80,0.07107087490719705
257,5,10,150,80,0.1339616094750857
258,5,10,150,80,0.10144063749941859
259,5,10,150,80,0.1239740444869306
260,5,10,150,80,0.0
261,5,10,150,80,0.0
262,5,10,150,80,0.0
263,5,10,150,80,0.0956366800683804
264,5,10,150,80,0.050433735583135575
265,5,10,150,80,0.0
266,5,10,150,80,0.0
267,5,10,150,80,0.17168372277322866
268,5,10,150,80,0.07517090309261779
269,5,10,150,80,0.052962244777770985
270,5,10,150,80,0.07655568961465661
271,5,10,150,80,0.13010624216828925
272,5,10,150,80,0.1702293778633033
273,5,10,150,80,0.0
274,5,10,150,80,0.0
275,5,10,150,80,0.0
276,5,10,150,80,0.15875999922826586
277,5,10,150,80,0.0
278,5,10,150,80,0.1631512196835108
279,5,10,150,80,0.1734542012699839
280,5,10,150,80,0.18341796851458614
281,5,10,150,80,0.0
282,5,10,150,80,0.0
283,5,10,150,80,0.07028063830038406
284,5,10,150,80,0.0
285,5,10,150,80,0.0
286,5,10,150,80,0.09991246976864687
287,5,10,150,80,0.0
288,5,10,150,80,0.0859574327152926
289,5,10,150,80,0.16903020543979225
290,5,10,150,80,0.07834851647149511
291,5,10,150,80,0.07828167840727236
292,5,10,150,80,0.04224853374256244
293,5,10,150,80,0.14305305536418997
294,5,10,150,80,0.0
295,5,10,150,80,0.2603201838311303
296,5,10,150,80,0.213595167308394
297,5,10,150,80,0.0
298,5,10,150,80,0.16915623549474385
299,5,10,150,80,0.0
300,5,10,150,80,0.0
301,5,10,150,80,0.06460801587741544
302,5,10,150,80,0.09224219235917257
303,5,10,150,80,0.07354269615643778
304,5,10,150,80,0.0
305,5,10,150,80,0.11349000778741654
306,5,10,150,80,0.0
307,5,10,150,80,0.10778915452451093
308,5,10,150,80,0.13490077762666258
310,5,10,150,80,0.0
311,5,10,150,80,0.13301422444853
312,5,10,150,80,0.1819616199123543
313,5,10,150,80,0.11270402374049442
314,5,10,150,80,0.16600564593053876
315,5,10,150,80,0.037110354711564805
316,5,10,150,80,0.0
317,5,10,150,80,0.0
318,5,10,150,80,0.1642688369468948
319,5,10,150,80,0.0
320,5,10,150,80,0.13927874459665815
321,5,10,150,80,0.0
322,5,10,150,80,0.0
323,5,10,150,80,0.1610425878239398
324,5,10,150,80,0.0
325,5,10,150,80,0.09092803061897883
326,5,10,150,80,0.027288805847552652
327,5,10,150,80,0.025410386140327024
328,5,10,150,80,0.09206364236149692
329,5,10,150,80,0.0
330,5,10,150,80,0.1313681680695099
331,5,10,150,80,0.0
332,5,10,150,80,0.09320485889859448
334,5,10,150,80,0.02249061179923914
335,5,10,150,80,0.16155546744299637
336,5,10,150,80,0.0780824078938463
337,5,10,150,80,0.0
338,5,10,150,80,0.18039889772993523
339,5,10,150,80,0.22956271420203478
340,5,10,150,80,0.12424880528285201
341,5,10,150,80,0.0
342,5,10,150,80,0.3820055212061999
343,5,10,150,80,0.09229649639444802
344,5,10,150,80,0.1202034973803211
345,5,10,150,80,0.18015355216717013
346,5,10,150,80,0.04366879852493834
347,5,10,150,80,0.22280620320442554
348,5,10,150,80,0.0
349,5,10,150,80,0.0
350,5,10,150,80,0.058087171966128066
351,5,10,150,80,0.07977344912567227
352,5,10,150,80,0.1903601622684853
353,5,10,150,80,0.14434031438272124
354,5,10,150,80,0.06335619058732639
355,5,10,150,80,0.0
356,5,10,150,80,0.0
357,5,10,150,80,0.0
358,5,10,150,80,0.06364028872631156
359,5,10,150,80,0.3010299956639812
360,5,10,150,80,0.12982031659526816
361,5,10,150,80,0.09478836436955078
362,5,10,150,80,0.054793185501041654
363,5,10,150,80,0.24101654828754165
364,5,10,150,80,0.0
365,5,10,150,80,0.0
366,5,10,150,80,0.0
367,5,10,150,80,0.06369098129632131
368,5,10,150,80,0.0
369,5,10,150,80,0.0
370,5,10,150,80,0.0
371,5,10,150,80,0.19950301641376814
372,5,10,150,80,0.15130120674940672
373,5,10,150,80,0.22842722979011518
374,5,10,150,80,0.07472550252128253
375,5,10,150,80,0.0
376,5,10,150,80,0.0
377,5,10,150,80,0.0
378,5,10,150,80,0.13635638482251203
379,5,10,150,80,0.08433239722469389
380,5,10,150,80,0.0
381,5,10,150,80,0.0
382,5,10,150,80,0.09952375175972906
383,5,10,150,80,0.18543645219162883
384,5,10,150,80,0.0
385,5,10,150,80,0.0
386,5,10,150,80,0.0
387,5,10,150,80,0.08586571489348302
388,5,10,150,80,0.05789711601244791
389,5,10,150,80,0.09284203700798714
390,5,10,150,80,0.0
391,5,10,150,80,0.11245246430543061
392,5,10,150,80,0.1484702586346916
393,5,10,150,80,0.17201528718620057
394,5,10,150,80,0.18425976175120107
395,5,10,150,80,0.0
396,5,10,150,80,0.0
397,5,10,150,80,0.11004588314904008
398,5,10,150,80,0.28368572779044043
399,5,10,150,80,0.026175882249243814
400,5,10,150,80,0.0
401,5,10,150,80,0.02839245759615368
402,5,10,150,80,0.0
403,5,10,150,80,0.2529427027676571
404,5,10,150,80,0.0
405,5,10,150,80,0.054863335497850114
406,5,10,150,80,0.06360190926466157
407,5,10,150,80,0.12541209984981197
408,5,10,150,80,0.09983719697789138
409,5,10,150,80,0.05800611307095368
410,5,10,150,80,0.0
411,5,10,150,80,0.17342765698823945
412,5,10,150,80,0.0
413,5,10,150,80,0.0
414,5,10,150,80,0.21398626473452756
415,5,10,150,80,0.0
416,5,10,150,80,0.15805943220204186
417,5,10,150,80,0.11088189053445036
419,5,10,150,80,0.3536251441097701
420,5,10,150,80,0.15209749107189288
421,5,10,150,80,0.04264945290455212
422,5,10,150,80,0.0
423,5,10,150,80,0.13523051443907988
424,5,10,150,80,0.1545659390636425
425,5,10,150,80,0.24692470896273933
426,5,10,150,80,0.13571943816109763
427,5,10,150,80,0.12615224917140136
428,5,10,150,80,0.0
429,5,10,150,80,0.14041959417088476
430,5,10,150,80,0.1261446714466394
431,5,10,150,80,0.0
432,5,10,150,80,0.049369952841505485
433,5,10,150,80,0.0
434,5,10,150,80,0.3903800499921017
435,5,10,150,80,0.11347000084585261
436,5,10,150,80,0.10958579382117346
437,5,10,150,80,0.22972973128433707
438,5,10,150,80,0.0
439,5,10,150,80,0.0
440,5,10,150,80,0.06175696970122604
441,5,10,150,80,0.0
442,5,10,150,80,0.0
443,5,10,150,80,0.0
445,5,10,150,80,0.0
446,5,10,150,80,0.0
447,5,10,150,80,0.2726897692124621
448,5,10,150,80,0.0
449,5,10,150,80,0.07784399437297408
450,5,10,150,80,0.22640083277136241
451,5,10,150,80,0.0
452,5,10,150,80,0.1353061563511876
453,5,10,150,80,0.029956785715628154
454,5,10,150,80,0.07998109630822593
455,5,10,150,80,0.08878904135110165
456,5,10,150,80,0.07758828619721583
457,5,10,150,80,0.29418445531213994
458,5,10,150,80,0.04507276838148142
459,5,10,150,80,0.0
460,5,10,150,80,0.0
461,5,10,150,80,0.0
462,5,10,150,80,0.0
463,5,10,150,80,0.026903388345470878
464,5,10,150,80,0.0
465,5,10,150,80,0.035016337639871845
466,5,10,150,80,0.03947525607388688
467,5,10,150,80,0.1436337620239326
468,5,10,150,80,0.27023868832296544
469,5,10,150,80,0.057417722536754784
470,5,10,150,80,0.0
471,5,10,150,80,0.0
472,5,10,150,80,0.14903271548086697
473,5,10,150,80,0.08754031530847717
474,5,10,150,80,0.34897204770080337
475,5,10,150,80,0.06516188295518531
476,5,10,150,80,0.0
477,5,10,150,80,0.055100238151135045
478,5,10,150,80,0.23782833255689273
479,5,10,150,80,0.07834096783470737
480,5,10,150,80,0.21398626473452756
481,5,10,150,80,0.13863671367752411
482,5,10,150,80,0.0
483,5,10,150,80,0.06912040963822193
484,5,10,150,80,0.09353062527112192
485,5,10,150,80,0.0
486,5,10,150,80,0.10311241692162332
487,5,10,150,80,0.2215000938796789
488,5,10,150,80,0.0
489,5,10,150,80,0.0
490,5,10,150,80,0.0
491,5,10,150,80,0.19092086617893467
492,5,10,150,80,0.12471554514794539
493,5,10,150,80,0.06270991162683781
494,5,10,150,80,0.1096312620712655
495,5,10,150,80,0.15115187072926595
496,5,10,150,80,0.05459112561892713
497,5,10,150,80,0.05602614285694803
498,5,10,150,80,0.03855307727568851
499,5,10,150,80,0.1912282106369008
500,5,10,150,80,0.05011951520627559
501,5,10,150,80,0.0
502,5,10,150,80,0.06364028872631156
503,5,10,150,80,0.27534073433896133
504,5,10,150,80,0.0
505,5,10,150,80,0.0
506,5,10,150,80,0.13939295695713902
507,5,10,150,80,0.03371865946438579
508,5,10,150,80,0.0
509,5,10,150,80,0.06474271459046577
510,5,10,150,80,0.0
511,5,10,150,80,0.0
512,5,10,150,80,0.18316925091363362
513,5,10,150,80,0.0461651444771445
514,5,10,150,80,0.10595566933616397
515,5,10,150,80,0.0
516,5,10,150,80,0.13768197790533618
517,5,10,150,80,0.042259191411409554
518,5,10,150,80,0.0
519,5,10,150,80,0.10980194963145926
520,5,10,150,80,0.0
521,5,10,150,80,0.0
522,5,10,150,80,0.0
523,5,10,150,80,0.07926830632613421
524,5,10,150,80,0.10258209047527363
525,5,10,150,80,0.0
526,5,10,150,80,0.17292389918997986
527,5,10,150,80,0.14943863047793596
528,5,10,150,80,0.14110144150616766
529,5,10,150,80,0.10471139591065548
530,5,10,150,80,0.0
531,5,10,150,80,0.0
532,5,10,150,80,0.061814902734110014
533,5,10,150,80,0.140097006072795
534,5,10,150,80,0.07450923581469894
535,5,10,150,80,0.2871959083713276
536,5,10,150,80,0.27314750625223144
537,5,10,150,80,0.45691357613063976
538,5,10,150,80,0.0
539,5,10,150,80,0.1560067947598593
540,5,10,150,80,0.0
541,5,10,150,80,0.1630698087619573
542,5,10,150,80,0.1664696649281796
543,5,10,150,80,0.05214161215457763
544,5,10,150,80,0.07631352592005593
545,5,10,150,80,0.052962244777770985
546,5,10,150,80,0.15314106296495628
547,5,10,150,80,0.0
548,5,10,150,80,0.06942726819239371
549,5,10,150,80,0.0
550,5,10,150,80,0.13436217909546777
551,5,10,150,80,0.317821074890198
552,5,10,150,80,0.0
553,5,10,150,80,0.23296637455654234
554,5,10,150,80,0.16600564593053876
555,5,10,150,80,0.0
556,5,10,150,80,0.15950832945941923
557,5,10,150,80,0.053894577262255466
558,5,10,150,80,0.05718685316335169
559,5,10,150,80,0.0734773909038217
560,5,10,150,80,0.24050284760456656
561,5,10,150,80,0.06469689698255184
562,5,10,150,80,0.034743705427429224
563,5,10,150,80,0.0
564,5,10,150,80,0.0
565,5,10,150,80,0.18568675205192314
566,5,10,150,80,0.13665387068436016
567,5,10,150,80,0.17044472484770287
568,5,10,150,80,0.057107346298225524
569,5,10,150,80,0.0336639187988199
570,5,10,150,80,0.0
571,5,10,150,80,0.0
572,5,10,150,80,0.058995070558427745
573,5,10,150,80,0.035908240113829995
574,5,10,150,80,0.07616204594440379
575,5,10,150,80,0.056316753775798256
576,5,10,150,80,0.17342765698823945
577,5,10,150,80,0.22186862389759224
578,5,10,150,80,0.09818998961169394
579,5,10,150,80,0.0
580,5,10,150,80,0.21661076434387644
581,5,10,150,80,0.0
582,5,10,150,80,0.028361369701356044
583,5,10,150,80,0.08811076314737627
584,5,10,150,80,0.0
585,5,10,150,80,0.03272632263321488
586,5,10,150,80,0.09195192495929504
587,5,10,150,80,0.0
588,5,10,150,80,0.21190028446013173
589,5,10,150,80,0.032894740029565515
590,5,10,150,80,0.18511573258657482
591,5,10,150,80,0.15758427078022966
592,5,10,150,80,0.24539657481359
593,5,10,150,80,0.1847125373189141
594,5,10,150,80,0.0843142342558857
595,5,10,150,80,0.0
596,5,10,150,80,0.0
597,5,10,150,80,0.0
598,5,10,150,80,0.11752277470724268
599,5,10,150,80,0.16402353420682853
600,5,10,150,80,0.0
601,5,10,150,80,0.026557570376145638
602,5,10,150,80,0.0
603,5,10,150,80,0.06194403202282284
604,5,10,150,80,0.0
605,5,10,150,80,0.10589838376326657
606,5,10,150,80,0.2138150508755678
607,5,10,150,80,0.0
608,5,10,150,80,0.14688428242884272
609,5,10,150,80,0.11838279295536291
610,5,10,150,80,0.05781186855394371
611,5,10,150,80,0.03927158715985786
612,5,10,150,80,0.0
613,5,10,150,80,0.2049174583553662
614,5,10,150,80,0.13886244387355454
615,5,10,150,80,0.10251900332140326
616,5,10,150,80,0.09781579202094404
617,5,10,150,80,0.07286192498233149
618,5,10,150,80,0.13693830900397266
619,5,10,150,80,0.15406791387309057
620,5,10,150,80,0.1451323880538222
621,5,10,150,80,0.13589759152345549
622,5,10,150,80,0.10022910267662996
623,5,10,150,80,0.13369528351530374
624,5,10,150,80,0.019160322430058573
625,5,10,150,80,0.0
626,5,10,150,80,0.04690797720830594
627,5,10,150,80,0.04289205981312439
628,5,10,150,80,0.0
629,5,10,150,80,0.2013573326089747
630,5,10,150,80,0.12522204146604196
631,5,10,150,80,0.09240791929215005
632,5,10,150,80,0.3331495701314084
633,5,10,150,80,0.0455520698635181
634,5,10,150,80,0.023756977677906275
635,5,10,150,80,0.039407921945699885
636,5,10,150,80,0.0
637,5,10,150,80,0.0
638,5,10,150,80,0.15473934503245962
639,5,10,150,80,0.0
640,5,10,150,80,0.08757749316783438
641,5,10,150,80,0.03570665676503816
642,5,10,150,80,0.13207172242143603
643,5,10,150,80,0.15031592367651372
644,5,10,150,80,0.0
645,5,10,150,80,0.1856947245529553
646,5,10,150,80,0.0
647,5,10,150,80,0.03673869545191085
648,5,10,150,80,0.13000119291048295
649,5,10,150,80,0.0
650,5,10,150,80,0.14208499571110345
651,5,10,150,80,0.03443184397772452
652,5,10,150,80,0.0
653,5,10,150,80,0.042464725972586034
654,5,10,150,80,0.17020900230175445
655,5,10,150,80,0.2336802141753683
656,5,10,150,80,0.0
657,5,10,150,80,0.053845569940583225
658,5,10,150,80,0.0
659,5,10,150,80,0.07075240780563574
660,5,10,150,80,0.022775171719526442
661,5,10,150,80,0.12705991527984942
662,5,10,150,80,0.0
663,5,10,150,80,0.09211594531187607
664,5,10,150,80,0.05391021349625259
665,5,10,150,80,0.0
666,5,10,150,80,0.07860744541237058
667,5,10,150,80,0.2676806947950803
668,5,10,150,80,0.0
669,5,10,150,80,0.2672968266839232
670,5,10,150,80,0.18230594268689504
671,5,10,150,80,0.17434206503696043
672,5,10,150,80,0.0
673,5,10,150,80,0.0
674,5,10,150,80,0.0
675,5,10,150,80,0.05010834716923557
676,5,10,150,80,0.026910608011384774
677,5,10,150,80,0.03927489746221688
678,5,10,150,80,0.0
679,5,10,150,80,0.26970586372388394
680,5,10,150,80,0.2073612289146658
681,5,10,150,80,0.0
682,5,10,150,80,0.09957773435215996
683,5,10,150,80,0.06289349548893712
684,5,10,150,80,0.0
685,5,10,150,80,0.0
686,5,10,150,80,0.11524934452025383
687,5,10,150,80,0.0
688,5,10,150,80,0.0
689,5,10,150,80,0.32436268379537736
690,5,10,150,80,0.0
691,5,10,150,80,0.0
692,5,10,150,80,0.0
693,5,10,150,80,0.015483922344753005
694,5,10,150,80,0.20269611984358588
695,5,10,150,80,0.0607039656753694
696,5,10,150,80,0.12935879342602336
697,5,10,150,80,0.06378035696304758
698,5,10,150,80,0.09499131598480672
699,5,10,150,80,0.0
700,5,10,150,80,0.16958010263680806
701,5,10,150,80,0.04129602134854855
702,5,10,150,80,0.0
703,5,10,150,80,0.03870447337439288
704,5,10,150,80,0.09986079379105446
705,5,10,150,80,0.20609334068785645
706,5,10,150,80,0.0
707,5,10,150,80,0.11204043240783193
708,5,10,150,80,0.0943325796571581
709,5,10,150,80,0.11778692963665513
710,5,10,150,80,0.05710411178654767
711,5,10,150,80,0.15552566999725762
712,5,10,150,80,0.12435918123916344
713,5,10,150,80,0.0
714,5,10,150,80,0.04195229264874745
715,5,10,150,80,0.07261309108674657
716,5,10,150,80,0.17295872250078387
717,5,10,150,80,0.18940567332300148
718,5,10,150,80,0.14061157344379913
719,5,10,150,80,0.1811528335938261
720,5,10,150,80,0.05261577455142312
721,5,10,150,80,0.1740663918285064
722,5,10,150,80,0.0
723,5,10,150,80,0.0
724,5,10,150,80,0.0
725,5,10,150,80,0.05750402108673013
726,5,10,150,80,0.2529427027676571
727,5,10,150,80,0.08484632502843677
728,5,10,150,80,0.0
729,5,10,150,80,0.0
730,5,10,150,80,0.0
731,5,10,150,80,0.08409204125924918
732,5,10,150,80,0.0
733,5,10,150,80,0.0
734,5,10,150,80,0.0655813061736612
735,5,10,150,80,0.0
736,5,10,150,80,0.0
737,5,10,150,80,0.16282663249631943
738,5,10,150,80,0.2632431729022225
739,5,10,150,80,0.0
740,5,10,150,80,0.0
741,5,10,150,80,0.10965210684801945
742,5,10,150,80,0.04553761034739079
743,5,10,150,80,0.0814476682319001
744,5,10,150,80,0.08878770367712427
745,5,10,150,80,0.3682049230943936
746,5,10,150,80,0.11450296808588954
747,5,10,150,80,0.33398194377710866
748,5,10,150,80,0.22468225866052274
749,5,10,150,80,0.1292456200751962
750,5,10,150,80,0.07219614103266732
751,5,10,150,80,0.09679442811841048
752,5,10,150,80,0.020210299806331135
753,5,10,150,80,0.15406810205846871
754,5,10,150,80,0.0
755,5,10,150,80,0.067228724047084
756,5,10,150,80,0.11476260325700224
757,5,10,150,80,0.06756111822138194
758,5,10,150,80,0.2226332436041841
759,5,10,150,80,0.038281751104512325
760,5,10,150,80,0.11447590313611888
761,5,10,150,80,0.03339755935325358
762,5,10,150,80,0.11568388634051256
763,5,10,150,80,0.20859185628046678
764,5,10,150,80,0.08207588022692468
765,5,10,150,80,0.0
766,5,10,150,80,0.050541549839211865
767,5,10,150,80,0.2073612289146658
768,5,10,150,80,0.07655078846581868
769,5,10,150,80,0.0
770,5,10,150,80,0.04692206785373726
771,5,10,150,80,0.2149590517835668
772,5,10,150,80,0.03353522641880846
773,5,10,150,80,0.08236155615232364
774,5,10,150,80,0.03551622697259125
775,5,10,150,80,0.0437324968781469
776,5,10,150,80,0.12155614423940549
777,5,10,150,80,0.14445412169961394
778,5,10,150,80,0.024850109207689472
779,5,10,150,80,0.05878132199396477
780,5,10,150,80,0.13273397200317036
781,5,10,150,80,0.21898681539091044
782,5,10,150,80,0.019674602324576206
783,5,10,150,80,0.0
784,5,10,150,80,0.0
785,5,10,150,80,0.07685905888147043
786,5,10,150,80,0.13370327844286975
787,5,10,150,80,0.0683037314796457
788,5,10,150,80,0.15014119317436692
789,5,10,150,80,0.059109628562248356
790,5,10,150,80,0.05624763843977319
791,5,10,150,80,0.0
792,5,10,150,80,0.0
793,5,10,150,80,0.0
794,5,10,150,80,0.22201254783236782
795,5,10,150,80,0.09354596657002175
796,5,10,150,80,0.31408028454710085
797,5,10,150,80,0.09030583455080088
798,5,10,150,80,0.09253863262632778
799,5,10,150,80,0.0
800,5,10,150,80,0.0
801,5,10,150,80,0.03096677356901516
802,5,10,150,80,0.030863419558816
803,5,10,150,80,0.0
804,5,10,150,80,0.1463424282864844
805,5,10,150,80,0.10240064067398637
806,5,10,150,80,0.13891238635540284
807,5,10,150,80,0.19510906471881448
808,5,10,150,80,0.040655755922716606
809,5,10,150,80,0.07484323939884738
810,5,10,150,80,0.0
811,5,10,150,80,0.05062543788674174
812,5,10,150,80,0.0
813,5,10,150,80,0.17367331957930765
814,5,10,150,80,0.1426080995102236
815,5,10,150,80,0.2260912206356198
816,5,10,150,80,0.08005612702969578
817,5,10,150,80,0.0
818,5,10,150,80,0.0
819,5,10,150,80,0.15575997463127336
820,5,10,150,80,0.041641441310299704
821,5,10,150,80,0.19220292042320755
822,5,10,150,80,0.03902876023380719
823,5,10,150,80,0.2982209602555571
824,5,10,150,80,0.0
825,5,10,150,80,0.09224743688771847
826,5,10,150,80,0.0956022175683246
827,5,10,150,80,0.0
828,5,10,150,80,0.07244745602732354
829,5,10,150,80,0.1633399391391799
830,5,10,150,80,0.10053254151308513
831,5,10,150,80,0.2429972418166229
832,5,10,150,80,0.041355644490859725
833,5,10,150,80,0.13287773885388376
834,5,10,150,80,0.09452471710599904
835,5,10,150,80,0.16131021212220273
836,5,10,150,80,0.10882945376944808
837,5,10,150,80,0.022383927187041207
838,5,10,150,80,0.14570435926304814
839,5,10,150,80,0.05646784228340616
840,5,10,150,80,0.25932314870350587
841,5,10,150,80,0.0
842,5,10,150,80,0.03314153504336938
843,5,10,150,80,0.08773417072360443
844,5,10,150,80,0.14767302746812566
845,5,10,150,80,0.0
846,5,10,150,80,0.290215520328822
847,5,10,150,80,0.009893551961157982
848,5,10,150,80,0.14282544347845919
849,5,10,150,80,0.1917146328376363
850,5,10,150,80,0.24846647105083042
851,5,10,150,80,0.24436885423100832
852,5,10,150,80,0.0
853,5,10,150,80,0.0
854,5,10,150,80,0.14115445504426735
855,5,10,150,80,0.0
856,5,10,150,80,0.0628634487195275
857,5,10,150,80,0.0
858,5,10,150,80,0.0
859,5,10,150,80,0.0
860,5,10,150,80,0.04811271784379131
861,5,10,150,80,0.12001290632387755
862,5,10,150,80,0.2490370886759733
863,5,10,150,80,0.07947544748536517
864,5,10,150,80,0.2512013538847591
865,5,10,150,80,0.030825292165839853
866,5,10,150,80,0.21738683558071065
867,5,10,150,80,0.342870653681082
868,5,10,150,80,0.13344887074140893
869,5,10,150,80,0.09414478450656023
870,5,10,150,80,0.0956176278845803
871,5,10,150,80,0.23335170418377482
872,5,10,150,80,0.03050926163237471
873,5,10,150,80,0.0
874,5,10,150,80,0.06575393297476358
875,5,10,150,80,0.24878110643435097
876,5,10,150,80,0.0
877,5,10,150,80,0.03487978243545732
878,5,10,150,80,0.048005054499156014
879,5,10,150,80,0.07180913162424091
880,5,10,150,80,0.30015917849377877
881,5,10,150,80,0.2717016624920264
882,5,10,150,80,0.3041745066174525
883,5,10,150,80,0.33813655083222494
884,5,10,150,80,0.028767091820622218
885,5,10,150,80,0.10709607345972089
886,5,10,150,80,0.15498554502473816
887,5,10,150,80,0.19546117230387716
888,5,10,150,80,0.0
889,5,10,150,80,0.21319093686751278
890,5,10,150,80,0.33986371328828224
891,5,10,150,80,0.09013275514532934
892,5,10,150,80,0.4092274010750424
893,5,10,150,80,0.06655191453229989
894,5,10,150,80,0.18617936385345557
895,5,10,150,80,0.0
896,5,10,150,80,0.31765463581724357
897,5,10,150,80,0.24045276850483288
898,5,10,150,80,0.0
899,5,10,150,80,0.1528183102111697
900,5,10,150,80,0.09313286019574611
901,5,10,150,80,0.22572929827321989
902,5,10,150,80,0.025255271126572616
903,5,10,150,80,0.3153200767792017
904,5,10,150,80,0.0
905,5,10,150,80,0.08773956418811966
906,5,10,150,80,0.06212701143918119
907,5,10,150,80,0.2008083248166875
908,5,10,150,80,0.20640898076180436
909,5,10,150,80,0.0
910,5,10,150,80,0.14111581018360284
911,5,10,150,80,0.07221694898330532
912,5,10,150,80,0.17292384468805336
913,5,10,150,80,0.19374110767191058
914,5,10,150,80,0.0
915,5,10,150,80,0.08473297420620693
916,5,10,150,80,0.18218564950309454
917,5,10,150,80,0.019845431127916993
918,5,10,150,80,0.0253533085437572
919,5,10,150,80,0.1196221612683067
920,5,10,150,80,0.26814570941777965
921,5,10,150,80,0.02477447378142753
922,5,10,150,80,0.1169032834855481
923,5,10,150,80,0.06654837117201134
924,5,10,150,80,0.11819634191622581
925,5,10,150,80,0.08576373115156254
926,5,10,150,80,0.18690891198435525
927,5,10,150,80,0.13332322915612926
928,5,10,150,80,0.225412941472223
929,5,10,150,80,0.11107244313646446
930,5,10,150,80,0.13909680376172495
931,5,10,150,80,0.059539365700728666
932,5,10,150,80,0.3240038512975965
933,5,10,150,80,0.05502874305407784
934,5,10,150,80,0.24004232805220296
935,5,10,150,80,0.043888403129016776
936,5,10,150,80,0.10073073265805353
937,5,10,150,80,0.09560624946230661
938,5,10,150,80,0.08978812887364458
939,5,10,150,80,0.05231692143384187
940,5,10,150,80,0.09469359068019315
941,5,10,150,80,0.2546814962889047
942,5,10,150,80,0.19096882311221264
943,5,10,150,80,0.15300021746824977
1,5,10,150,81,0.4058715898896693
2,5,10,150,81,0.14433828292945616
3,5,10,150,81,0.08759200575528697
4,5,10,150,81,0.0
5,5,10,150,81,0.04470486007704452
6,5,10,150,81,0.04187254809446048
7,5,10,150,81,0.22836484467160698
8,5,10,150,81,0.0
9,5,10,150,81,0.0
10,5,10,150,81,0.3005733545514552
11,5,10,150,81,0.03947525607388688
12,5,10,150,81,0.14632177291384774
13,5,10,150,81,0.24256092752724764
14,5,10,150,81,0.18795160328752808
15,5,10,150,81,0.0
16,5,10,150,81,0.19107502160562695
17,5,10,150,81,0.0
18,5,10,150,81,0.17872418048185143
19,5,10,150,81,0.0
20,5,10,150,81,0.13743816645714543
21,5,10,150,81,0.17643857112498312
22,5,10,150,81,0.040815803121742565
23,5,10,150,81,0.10387012192613786
24,5,10,150,81,0.08835266840320231
25,5,10,150,81,0.23940867474021393
26,5,10,150,81,0.0
27,5,10,150,81,0.0
28,5,10,150,81,0.10131242160793445
30,5,10,150,81,0.08133484538841967
31,5,10,150,81,0.11164668500969883
32,5,10,150,81,0.19519002499605084
33,5,10,150,81,0.0
34,5,10,150,81,0.0
35,5,10,150,81,0.0
37,5,10,150,81,0.08177471774917201
38,5,10,150,81,0.0
39,5,10,150,81,0.0
40,5,10,150,81,0.0
41,5,10,150,81,0.06835476917178976
42,5,10,150,81,0.08850778826764391
43,5,10,150,81,0.0
44,5,10,150,81,0.29540493557662006
45,5,10,150,81,0.0
46,5,10,150,81,0.0
47,5,10,150,81,0.0
48,5,10,150,81,0.13203079491918646
49,5,10,150,81,0.05432573058142762
52,5,10,150,81,0.06369098129632131
53,5,10,150,81,0.0
54,5,10,150,81,0.0
55,5,10,150,81,0.0
56,5,10,150,81,0.11781210270929884
57,5,10,150,81,0.1318392860374695
58,5,10,150,81,0.43418941507676856
59,5,10,150,81,0.19233148606048747
60,5,10,150,81,0.1076743759411119
61,5,10,150,81,0.0
62,5,10,150,81,0.09586820699422145
63,5,10,150,81,0.0
64,5,10,150,81,0.07635718686081962
65,5,10,150,81,0.2342550150352983
66,5,10,150,81,0.06636133566432367
67,5,10,150,81,0.0
68,5,10,150,81,0.0
69,5,10,150,81,0.0
70,5,10,150,81,0.0
71,5,10,150,81,0.20758456043036028
72,5,10,150,81,0.10990826949013655
73,5,10,150,81,0.10052888926242022
74,5,10,150,81,0.0
75,5,10,150,81,0.05515026856924372
76,5,10,150,81,0.10633668103022985
77,5,10,150,81,0.14247142730086715
78,5,10,150,81,0.0
79,5,10,150,81,0.07821312100379274
80,5,10,150,81,0.0
81,5,10,150,81,0.08878770367712427
82,5,10,150,81,0.03187578878809277
83,5,10,150,81,0.07414861528507455
84,5,10,150,81,0.07550980911390262
85,5,10,150,81,0.04734112273659951
86,5,10,150,81,0.0
87,5,10,150,81,0.16641625059082407
88,5,10,150,81,0.18920035951687003
89,5,10,150,81,0.0
90,5,10,150,81,0.19659652872125194
91,5,10,150,81,0.0
92,5,10,150,81,0.067443405477823
93,5,10,150,81,0.0
94,5,10,150,81,0.12253429761719764
95,5,10,150,81,0.07849567312219397
96,5,10,150,81,0.12622583419458475
97,5,10,150,81,0.0
98,5,10,150,81,0.0
99,5,10,150,81,0.13337585439143895
100,5,10,150,81,0.0
101,5,10,150,81,0.0
102,5,10,150,81,0.0
103,5,10,150,81,0.0
104,5,10,150,81,0.33958467175585033
105,5,10,150,81,0.0
106,5,10,150,81,0.06516188295518531
107,5,10,150,81,0.0
109,5,10,150,81,0.16563719724029594
110,5,10,150,81,0.03203603672019056
111,5,10,150,81,0.0
112,5,10,150,81,0.14155505107215216
113,5,10,150,81,0.0
114,5,10,150,81,0.08274602130532002
115,5,10,150,81,0.0718417865441674
116,5,10,150,81,0.0
117,5,10,150,81,0.0
118,5,10,150,81,0.2265416449833316
119,5,10,150,81,0.08512399185313972
120,5,10,150,81,0.0
121,5,10,150,81,0.13032376591037062
122,5,10,150,81,0.0
123,5,10,150,81,0.13720340769293682
124,5,10,150,81,0.0
125,5,10,150,81,0.05446333035917803
126,5,10,150,81,0.0
128,5,10,150,81,0.0
129,5,10,150,81,0.0
130,5,10,150,81,0.21080192078431575
131,5,10,150,81,0.0
132,5,10,150,81,0.0
133,5,10,150,81,0.0
134,5,10,150,81,0.0
135,5,10,150,81,0.0
136,5,10,150,81,0.0
137,5,10,150,81,0.1137075481082292
138,5,10,150,81,0.0976168253917686
139,5,10,150,81,0.10466868931043802
140,5,10,150,81,0.0
141,5,10,150,81,0.04733244938590725
142,5,10,150,81,0.0
143,5,10,150,81,0.0
144,5,10,150,81,0.0
145,5,10,150,81,0.22835480069221242
146,5,10,150,81,0.0
147,5,10,150,81,0.1033846481249528
148,5,10,150,81,0.26071721237610296
149,5,10,150,81,0.0
150,5,10,150,81,0.2640681225725909
151,5,10,150,81,0.1026571794225922
152,5,10,150,81,0.0
153,5,10,150,81,0.0
154,5,10,150,81,0.06416923277158361
155,5,10,150,81,0.0
156,5,10,150,81,0.0
157,5,10,150,81,0.0
158,5,10,150,81,0.13830208502611357
159,5,10,150,81,0.23138144801632507
160,5,10,150,81,0.23538511388047798
161,5,10,150,81,0.0
162,5,10,150,81,0.09784076556363268
163,5,10,150,81,0.0
164,5,10,150,81,0.0
165,5,10,150,81,0.0
167,5,10,150,81,0.05319635904163211
168,5,10,150,81,0.05461997784715835
169,5,10,150,81,0.0
170,5,10,150,81,0.0
171,5,10,150,81,0.0
173,5,10,150,81,0.07444401142258321
174,5,10,150,81,0.12795077757424125
175,5,10,150,81,0.21517910082405575
176,5,10,150,81,0.06289692884934815
177,5,10,150,81,0.38113435412202
178,5,10,150,81,0.12597398707460816
179,5,10,150,81,0.09149012142095872
180,5,10,150,81,0.06228974831361337
181,5,10,150,81,0.11680461119565375
182,5,10,150,81,0.0
183,5,10,150,81,0.15101961822780524
184,5,10,150,81,0.0
185,5,10,150,81,0.0
186,5,10,150,81,0.04633132539002164
187,5,10,150,81,0.0
188,5,10,150,81,0.12925733948536566
189,5,10,150,81,0.18890011590178235
190,5,10,150,81,0.0
192,5,10,150,81,0.123151194370365
193,5,10,150,81,0.0
194,5,10,150,81,0.11343156218083877
195,5,10,150,81,0.11787667935667444
196,5,10,150,81,0.0
197,5,10,150,81,0.09546043308946733
198,5,10,150,81,0.0
199,5,10,150,81,0.0
200,5,10,150,81,0.09785159463516042
201,5,10,150,81,0.0
202,5,10,150,81,0.10466868931043802
203,5,10,150,81,0.0
204,5,10,150,81,0.19519002499605084
205,5,10,150,81,0.0
206,5,10,150,81,0.0
207,5,10,150,81,0.11073658758229504
208,5,10,150,81,0.0
209,5,10,150,81,0.0
210,5,10,150,81,0.2167516193508568
211,5,10,150,81,0.0
213,5,10,150,81,0.15669163589836543
214,5,10,150,81,0.0
216,5,10,150,81,0.23813231172447274
217,5,10,150,81,0.0
218,5,10,150,81,0.0
219,5,10,150,81,0.0
221,5,10,150,81,0.0
222,5,10,150,81,0.1050995674008573
223,5,10,150,81,0.0
224,5,10,150,81,0.0
225,5,10,150,81,0.09077089626867633
226,5,10,150,81,0.19092086617893467
227,5,10,150,81,0.0
228,5,10,150,81,0.0
229,5,10,150,81,0.0
230,5,10,150,81,0.12683081539850163
231,5,10,150,81,0.0
232,5,10,150,81,0.03962341267285813
233,5,10,150,81,0.3062523178880809
234,5,10,150,81,0.11342442095228848
235,5,10,150,81,0.06692738060277027
236,5,10,150,81,0.0
237,5,10,150,81,0.19342640361727081
238,5,10,150,81,0.0
239,5,10,150,81,0.06912040963822193
240,5,10,150,81,0.12495636102304827
241,5,10,150,81,0.0
242,5,10,150,81,0.0
243,5,10,150,81,0.0
244,5,10,150,81,0.049712302565054066
245,5,10,150,81,0.0
246,5,10,150,81,0.0561326498270945
247,5,10,150,81,0.09472348220010487
248,5,10,150,81,0.09472348220010487
249,5,10,150,81,0.09798874944313594
250,5,10,150,81,0.0
251,5,10,150,81,0.13032376591037062
252,5,10,150,81,0.20184908658209985
253,5,10,150,81,0.1084812001944431
254,5,10,150,81,0.08514311764162098
255,5,10,150,81,0.0
256,5,10,150,81,0.07107087490719705
257,5,10,150,81,0.1339616094750857
258,5,10,150,81,0.10144063749941859
259,5,10,150,81,0.1239740444869306
260,5,10,150,81,0.0
261,5,10,150,81,0.0
262,5,10,150,81,0.0
263,5,10,150,81,0.0956366800683804
264,5,10,150,81,0.0980310518581743
265,5,10,150,81,0.0
266,5,10,150,81,0.0
267,5,10,150,81,0.17168372277322866
268,5,10,150,81,0.07517090309261779
269,5,10,150,81,0.052962244777770985
270,5,10,150,81,0.07655568961465661
271,5,10,150,81,0.13010624216828925
272,5,10,150,81,0.1702293778633033
273,5,10,150,81,0.0
274,5,10,150,81,0.0
275,5,10,150,81,0.0
276,5,10,150,81,0.15875999922826586
277,5,10,150,81,0.0
278,5,10,150,81,0.1631512196835108
279,5,10,150,81,0.1734542012699839
280,5,10,150,81,0.18341796851458614
281,5,10,150,81,0.0
282,5,10,150,81,0.0
283,5,10,150,81,0.07028063830038406
284,5,10,150,81,0.0
285,5,10,150,81,0.0
286,5,10,150,81,0.09991246976864687
287,5,10,150,81,0.0
288,5,10,150,81,0.0859574327152926
289,5,10,150,81,0.16903020543979225
290,5,10,150,81,0.07834851647149511
291,5,10,150,81,0.07828167840727236
292,5,10,150,81,0.04224853374256244
293,5,10,150,81,0.14305305536418997
294,5,10,150,81,0.0239003177617487
295,5,10,150,81,0.2603201838311303
296,5,10,150,81,0.213595167308394
297,5,10,150,81,0.0
298,5,10,150,81,0.16915623549474385
299,5,10,150,81,0.0
300,5,10,150,81,0.0
301,5,10,150,81,0.06460801587741544
302,5,10,150,81,0.09224219235917257
303,5,10,150,81,0.07354269615643778
304,5,10,150,81,0.0
305,5,10,150,81,0.11349000778741654
306,5,10,150,81,0.0
307,5,10,150,81,0.10778915452451093
308,5,10,150,81,0.13490077762666258
310,5,10,150,81,0.0
311,5,10,150,81,0.13301422444853
312,5,10,150,81,0.1819616199123543
313,5,10,150,81,0.11270402374049442
314,5,10,150,81,0.16600564593053876
315,5,10,150,81,0.037110354711564805
316,5,10,150,81,0.0
317,5,10,150,81,0.0
318,5,10,150,81,0.1642688369468948
319,5,10,150,81,0.0
320,5,10,150,81,0.13927874459665815
321,5,10,150,81,0.0
322,5,10,150,81,0.0
323,5,10,150,81,0.1610425878239398
324,5,10,150,81,0.0
325,5,10,150,81,0.09092803061897883
326,5,10,150,81,0.027288805847552652
327,5,10,150,81,0.025410386140327024
328,5,10,150,81,0.09206364236149692
329,5,10,150,81,0.0
330,5,10,150,81,0.1313681680695099
331,5,10,150,81,0.0
332,5,10,150,81,0.09320485889859448
334,5,10,150,81,0.02249061179923914
335,5,10,150,81,0.16155546744299637
336,5,10,150,81,0.0780824078938463
337,5,10,150,81,0.0
338,5,10,150,81,0.18039889772993523
339,5,10,150,81,0.22956271420203478
340,5,10,150,81,0.12424880528285201
341,5,10,150,81,0.0
342,5,10,150,81,0.3820055212061999
343,5,10,150,81,0.09229649639444802
344,5,10,150,81,0.1202034973803211
345,5,10,150,81,0.18015355216717013
346,5,10,150,81,0.04366879852493834
347,5,10,150,81,0.22280620320442554
348,5,10,150,81,0.0
349,5,10,150,81,0.0
350,5,10,150,81,0.058087171966128066
351,5,10,150,81,0.07977344912567227
352,5,10,150,81,0.1903601622684853
353,5,10,150,81,0.14434031438272124
354,5,10,150,81,0.06335619058732639
355,5,10,150,81,0.0
356,5,10,150,81,0.0
357,5,10,150,81,0.0
358,5,10,150,81,0.06364028872631156
359,5,10,150,81,0.3010299956639812
360,5,10,150,81,0.12982031659526816
361,5,10,150,81,0.09478836436955078
362,5,10,150,81,0.054793185501041654
363,5,10,150,81,0.24101654828754165
364,5,10,150,81,0.0
365,5,10,150,81,0.0
366,5,10,150,81,0.0
367,5,10,150,81,0.06369098129632131
368,5,10,150,81,0.0
369,5,10,150,81,0.0
370,5,10,150,81,0.0
371,5,10,150,81,0.19950301641376814
372,5,10,150,81,0.15130120674940672
373,5,10,150,81,0.22842722979011518
374,5,10,150,81,0.07472550252128253
375,5,10,150,81,0.0
376,5,10,150,81,0.0
377,5,10,150,81,0.0
378,5,10,150,81,0.13635638482251203
379,5,10,150,81,0.08433239722469389
380,5,10,150,81,0.0
381,5,10,150,81,0.0
382,5,10,150,81,0.09952375175972906
383,5,10,150,81,0.18543645219162883
384,5,10,150,81,0.0
385,5,10,150,81,0.0
386,5,10,150,81,0.0
387,5,10,150,81,0.08586571489348302
388,5,10,150,81,0.05789711601244791
389,5,10,150,81,0.09284203700798714
390,5,10,150,81,0.0
391,5,10,150,81,0.11245246430543061
392,5,10,150,81,0.1484702586346916
393,5,10,150,81,0.17201528718620057
394,5,10,150,81,0.18425976175120107
395,5,10,150,81,0.0
396,5,10,150,81,0.0
397,5,10,150,81,0.11004588314904008
398,5,10,150,81,0.28368572779044043
399,5,10,150,81,0.026175882249243814
400,5,10,150,81,0.0
401,5,10,150,81,0.02839245759615368
402,5,10,150,81,0.0
403,5,10,150,81,0.2529427027676571
404,5,10,150,81,0.0
405,5,10,150,81,0.054384563079074896
406,5,10,150,81,0.06360190926466157
407,5,10,150,81,0.12541209984981197
408,5,10,150,81,0.09983719697789138
409,5,10,150,81,0.05800611307095368
410,5,10,150,81,0.0
411,5,10,150,81,0.17342765698823945
412,5,10,150,81,0.0
413,5,10,150,81,0.0
414,5,10,150,81,0.21398626473452756
415,5,10,150,81,0.0
416,5,10,150,81,0.15805943220204186
417,5,10,150,81,0.11088189053445036
419,5,10,150,81,0.3536251441097701
420,5,10,150,81,0.15209749107189288
421,5,10,150,81,0.04264945290455212
422,5,10,150,81,0.0
423,5,10,150,81,0.13523051443907988
424,5,10,150,81,0.1545659390636425
425,5,10,150,81,0.24692470896273933
426,5,10,150,81,0.13571943816109763
427,5,10,150,81,0.12615224917140136
428,5,10,150,81,0.0
429,5,10,150,81,0.14041959417088476
430,5,10,150,81,0.1261446714466394
431,5,10,150,81,0.0
432,5,10,150,81,0.049369952841505485
433,5,10,150,81,0.0
434,5,10,150,81,0.3903800499921017
435,5,10,150,81,0.11347000084585261
436,5,10,150,81,0.10958579382117346
437,5,10,150,81,0.22972973128433707
438,5,10,150,81,0.0
439,5,10,150,81,0.0
440,5,10,150,81,0.06175696970122604
441,5,10,150,81,0.0
442,5,10,150,81,0.0
443,5,10,150,81,0.0
445,5,10,150,81,0.0
446,5,10,150,81,0.0
447,5,10,150,81,0.2726897692124621
448,5,10,150,81,0.0
449,5,10,150,81,0.07784399437297408
450,5,10,150,81,0.22640083277136241
451,5,10,150,81,0.0
452,5,10,150,81,0.1353061563511876
453,5,10,150,81,0.029956785715628154
454,5,10,150,81,0.07998109630822593
455,5,10,150,81,0.08878904135110165
456,5,10,150,81,0.07758828619721583
457,5,10,150,81,0.29418445531213994
458,5,10,150,81,0.04507276838148142
459,5,10,150,81,0.0
460,5,10,150,81,0.0
461,5,10,150,81,0.0
462,5,10,150,81,0.0
463,5,10,150,81,0.026903388345470878
464,5,10,150,81,0.0
465,5,10,150,81,0.035016337639871845
466,5,10,150,81,0.03947525607388688
467,5,10,150,81,0.1436337620239326
468,5,10,150,81,0.27023868832296544
469,5,10,150,81,0.057417722536754784
470,5,10,150,81,0.0
471,5,10,150,81,0.0
472,5,10,150,81,0.14903271548086697
473,5,10,150,81,0.08754031530847717
474,5,10,150,81,0.34897204770080337
475,5,10,150,81,0.06516188295518531
476,5,10,150,81,0.0
477,5,10,150,81,0.055100238151135045
478,5,10,150,81,0.23782833255689273
479,5,10,150,81,0.07834096783470737
480,5,10,150,81,0.21398626473452756
481,5,10,150,81,0.13863671367752411
482,5,10,150,81,0.0
483,5,10,150,81,0.06912040963822193
484,5,10,150,81,0.09353062527112192
485,5,10,150,81,0.0
486,5,10,150,81,0.10311241692162332
487,5,10,150,81,0.2215000938796789
488,5,10,150,81,0.0
489,5,10,150,81,0.0
490,5,10,150,81,0.0
491,5,10,150,81,0.19092086617893467
492,5,10,150,81,0.12471554514794539
493,5,10,150,81,0.06270991162683781
494,5,10,150,81,0.1096312620712655
495,5,10,150,81,0.15115187072926595
496,5,10,150,81,0.05459112561892713
497,5,10,150,81,0.05602614285694803
498,5,10,150,81,0.03855307727568851
499,5,10,150,81,0.1912282106369008
500,5,10,150,81,0.05011951520627559
501,5,10,150,81,0.0
502,5,10,150,81,0.06364028872631156
503,5,10,150,81,0.27534073433896133
504,5,10,150,81,0.0
505,5,10,150,81,0.0
506,5,10,150,81,0.13939295695713902
507,5,10,150,81,0.03371865946438579
508,5,10,150,81,0.0
509,5,10,150,81,0.06474271459046577
510,5,10,150,81,0.0
511,5,10,150,81,0.0
512,5,10,150,81,0.18316925091363362
513,5,10,150,81,0.0461651444771445
514,5,10,150,81,0.10595566933616397
515,5,10,150,81,0.0
516,5,10,150,81,0.13768197790533618
517,5,10,150,81,0.042259191411409554
518,5,10,150,81,0.0
519,5,10,150,81,0.10980194963145926
520,5,10,150,81,0.0
521,5,10,150,81,0.0
522,5,10,150,81,0.0
523,5,10,150,81,0.07926830632613421
524,5,10,150,81,0.10258209047527363
525,5,10,150,81,0.0
526,5,10,150,81,0.17292389918997986
527,5,10,150,81,0.14943863047793596
528,5,10,150,81,0.14110144150616766
529,5,10,150,81,0.10471139591065548
530,5,10,150,81,0.0
531,5,10,150,81,0.0
532,5,10,150,81,0.061814902734110014
533,5,10,150,81,0.140097006072795
534,5,10,150,81,0.07450923581469894
535,5,10,150,81,0.2871959083713276
536,5,10,150,81,0.27314750625223144
537,5,10,150,81,0.45292625716743395
538,5,10,150,81,0.0
539,5,10,150,81,0.1560067947598593
540,5,10,150,81,0.0
541,5,10,150,81,0.1630698087619573
542,5,10,150,81,0.1863323824297642
543,5,10,150,81,0.05214161215457763
544,5,10,150,81,0.07631352592005593
545,5,10,150,81,0.052962244777770985
546,5,10,150,81,0.15314106296495628
547,5,10,150,81,0.0
548,5,10,150,81,0.06942726819239371
549,5,10,150,81,0.0
550,5,10,150,81,0.13436217909546777
551,5,10,150,81,0.32834097749469865
552,5,10,150,81,0.0
553,5,10,150,81,0.23296637455654234
554,5,10,150,81,0.16600564593053876
555,5,10,150,81,0.0
556,5,10,150,81,0.15950832945941923
557,5,10,150,81,0.053894577262255466
558,5,10,150,81,0.05718685316335169
559,5,10,150,81,0.0734773909038217
560,5,10,150,81,0.24050284760456656
561,5,10,150,81,0.06469689698255184
562,5,10,150,81,0.034743705427429224
563,5,10,150,81,0.0
564,5,10,150,81,0.0
565,5,10,150,81,0.18568675205192314
566,5,10,150,81,0.13665387068436016
567,5,10,150,81,0.17044472484770287
568,5,10,150,81,0.057107346298225524
569,5,10,150,81,0.0336639187988199
570,5,10,150,81,0.0
571,5,10,150,81,0.0
572,5,10,150,81,0.058995070558427745
573,5,10,150,81,0.035908240113829995
574,5,10,150,81,0.07616204594440379
575,5,10,150,81,0.056316753775798256
576,5,10,150,81,0.17342765698823945
577,5,10,150,81,0.22186862389759224
578,5,10,150,81,0.09818998961169394
579,5,10,150,81,0.0
580,5,10,150,81,0.21661076434387644
581,5,10,150,81,0.0
582,5,10,150,81,0.028361369701356044
583,5,10,150,81,0.08811076314737627
584,5,10,150,81,0.0
585,5,10,150,81,0.03272632263321488
586,5,10,150,81,0.09195192495929504
587,5,10,150,81,0.0
588,5,10,150,81,0.21190028446013173
589,5,10,150,81,0.032894740029565515
590,5,10,150,81,0.18511573258657482
591,5,10,150,81,0.15758427078022966
592,5,10,150,81,0.24539657481359
593,5,10,150,81,0.1847125373189141
594,5,10,150,81,0.0843142342558857
595,5,10,150,81,0.0
596,5,10,150,81,0.0
597,5,10,150,81,0.0
598,5,10,150,81,0.11752277470724268
599,5,10,150,81,0.16402353420682853
600,5,10,150,81,0.0
601,5,10,150,81,0.026557570376145638
602,5,10,150,81,0.0
603,5,10,150,81,0.06194403202282284
604,5,10,150,81,0.0
605,5,10,150,81,0.10589838376326657
606,5,10,150,81,0.2138150508755678
607,5,10,150,81,0.0
608,5,10,150,81,0.14688428242884272
609,5,10,150,81,0.11838279295536291
610,5,10,150,81,0.05781186855394371
611,5,10,150,81,0.03927158715985786
612,5,10,150,81,0.0
613,5,10,150,81,0.2049174583553662
614,5,10,150,81,0.13886244387355454
615,5,10,150,81,0.10251900332140326
616,5,10,150,81,0.09781579202094404
617,5,10,150,81,0.07286192498233149
618,5,10,150,81,0.13693830900397266
619,5,10,150,81,0.15406791387309057
620,5,10,150,81,0.1451323880538222
621,5,10,150,81,0.13589759152345549
622,5,10,150,81,0.10022910267662996
623,5,10,150,81,0.13369528351530374
624,5,10,150,81,0.019160322430058573
625,5,10,150,81,0.0
626,5,10,150,81,0.04690797720830594
627,5,10,150,81,0.04289205981312439
628,5,10,150,81,0.0
629,5,10,150,81,0.2013573326089747
630,5,10,150,81,0.12522204146604196
631,5,10,150,81,0.09240791929215005
632,5,10,150,81,0.3331495701314084
633,5,10,150,81,0.0455520698635181
634,5,10,150,81,0.023756977677906275
635,5,10,150,81,0.039407921945699885
636,5,10,150,81,0.0
637,5,10,150,81,0.0
638,5,10,150,81,0.15473934503245962
639,5,10,150,81,0.0
640,5,10,150,81,0.08757749316783438
641,5,10,150,81,0.03570665676503816
642,5,10,150,81,0.13207172242143603
643,5,10,150,81,0.15031592367651372
644,5,10,150,81,0.0
645,5,10,150,81,0.1856947245529553
646,5,10,150,81,0.0
647,5,10,150,81,0.03673869545191085
648,5,10,150,81,0.1405210955149836
649,5,10,150,81,0.0
650,5,10,150,81,0.14208499571110345
651,5,10,150,81,0.03443184397772452
652,5,10,150,81,0.0
653,5,10,150,81,0.042464725972586034
654,5,10,150,81,0.17020900230175445
655,5,10,150,81,0.23164097174970436
656,5,10,150,81,0.0
657,5,10,150,81,0.053845569940583225
658,5,10,150,81,0.0
659,5,10,150,81,0.07075240780563574
660,5,10,150,81,0.022775171719526442
661,5,10,150,81,0.12705991527984942
662,5,10,150,81,0.0
663,5,10,150,81,0.09211594531187607
664,5,10,150,81,0.05391021349625259
665,5,10,150,81,0.0
666,5,10,150,81,0.07860744541237058
667,5,10,150,81,0.2676806947950803
668,5,10,150,81,0.0
669,5,10,150,81,0.2672968266839232
670,5,10,150,81,0.18230594268689504
671,5,10,150,81,0.17434206503696043
672,5,10,150,81,0.0
673,5,10,150,81,0.0
674,5,10,150,81,0.0
675,5,10,150,81,0.05010834716923557
676,5,10,150,81,0.026910608011384774
677,5,10,150,81,0.03927489746221688
678,5,10,150,81,0.0
679,5,10,150,81,0.26970586372388394
680,5,10,150,81,0.2073612289146658
681,5,10,150,81,0.0
682,5,10,150,81,0.09870875560160973
683,5,10,150,81,0.06289349548893712
684,5,10,150,81,0.0
685,5,10,150,81,0.0
686,5,10,150,81,0.11524934452025383
687,5,10,150,81,0.0
688,5,10,150,81,0.0
689,5,10,150,81,0.32436268379537736
690,5,10,150,81,0.0
691,5,10,150,81,0.0
692,5,10,150,81,0.0
693,5,10,150,81,0.015483922344753005
694,5,10,150,81,0.20269611984358588
695,5,10,150,81,0.0607039656753694
696,5,10,150,81,0.12935879342602336
697,5,10,150,81,0.06378035696304758
698,5,10,150,81,0.09499131598480672
699,5,10,150,81,0.0
700,5,10,150,81,0.16958010263680806
701,5,10,150,81,0.04129602134854855
702,5,10,150,81,0.0
703,5,10,150,81,0.03870447337439288
704,5,10,150,81,0.09986079379105446
705,5,10,150,81,0.20609334068785645
706,5,10,150,81,0.0
707,5,10,150,81,0.11204043240783193
708,5,10,150,81,0.0943325796571581
709,5,10,150,81,0.11778692963665513
710,5,10,150,81,0.05710411178654767
711,5,10,150,81,0.15552566999725762
712,5,10,150,81,0.12435918123916344
713,5,10,150,81,0.0
714,5,10,150,81,0.04195229264874745
715,5,10,150,81,0.07261309108674657
716,5,10,150,81,0.17144937449690217
717,5,10,150,81,0.18940567332300148
718,5,10,150,81,0.14061157344379913
719,5,10,150,81,0.1811528335938261
720,5,10,150,81,0.05261577455142312
721,5,10,150,81,0.1740663918285064
722,5,10,150,81,0.0
723,5,10,150,81,0.0
724,5,10,150,81,0.0
725,5,10,150,81,0.05750402108673013
726,5,10,150,81,0.2529427027676571
727,5,10,150,81,0.08410590194096983
728,5,10,150,81,0.0
729,5,10,150,81,0.0
730,5,10,150,81,0.0
731,5,10,150,81,0.10343510349900437
732,5,10,150,81,0.0
733,5,10,150,81,0.0
734,5,10,150,81,0.0655813061736612
735,5,10,150,81,0.0
736,5,10,150,81,0.0
737,5,10,150,81,0.16282663249631943
738,5,10,150,81,0.2632431729022225
739,5,10,150,81,0.0
740,5,10,150,81,0.0
741,5,10,150,81,0.10965210684801945
742,5,10,150,81,0.04553761034739079
743,5,10,150,81,0.0814476682319001
744,5,10,150,81,0.08878770367712427
745,5,10,150,81,0.3682049230943936
746,5,10,150,81,0.11450296808588954
747,5,10,150,81,0.331067404557092
748,5,10,150,81,0.22468225866052274
749,5,10,150,81,0.12811774045253035
750,5,10,150,81,0.07219614103266732
751,5,10,150,81,0.09679442811841048
752,5,10,150,81,0.020210299806331135
753,5,10,150,81,0.15406810205846871
754,5,10,150,81,0.0
755,5,10,150,81,0.067228724047084
756,5,10,150,81,0.12944030246708935
757,5,10,150,81,0.06756111822138194
758,5,10,150,81,0.22069040408170693
759,5,10,150,81,0.038281751104512325
760,5,10,150,81,0.11447590313611888
761,5,10,150,81,0.03339755935325358
762,5,10,150,81,0.11568388634051256
763,5,10,150,81,0.20859185628046678
764,5,10,150,81,0.08207588022692468
765,5,10,150,81,0.0
766,5,10,150,81,0.050541549839211865
767,5,10,150,81,0.2073612289146658
768,5,10,150,81,0.07655078846581868
769,5,10,150,81,0.0
770,5,10,150,81,0.04692206785373726
771,5,10,150,81,0.2149590517835668
772,5,10,150,81,0.03353522641880846
773,5,10,150,81,0.08236155615232364
774,5,10,150,81,0.03551622697259125
775,5,10,150,81,0.0437324968781469
776,5,10,150,81,0.12155614423940549
777,5,10,150,81,0.14445412169961394
778,5,10,150,81,0.024850109207689472
779,5,10,150,81,0.05878132199396477
780,5,10,150,81,0.13273397200317036
781,5,10,150,81,0.21898681539091044
782,5,10,150,81,0.019502909210078148
783,5,10,150,81,0.0
784,5,10,150,81,0.0
785,5,10,150,81,0.07685905888147043
786,5,10,150,81,0.13370327844286975
787,5,10,150,81,0.0683037314796457
788,5,10,150,81,0.14883096546834812
789,5,10,150,81,0.059109628562248356
790,5,10,150,81,0.05575678571159265
791,5,10,150,81,0.0
792,5,10,150,81,0.0
793,5,10,150,81,0.0
794,5,10,150,81,0.22201254783236782
795,5,10,150,81,0.09354596657002175
796,5,10,150,81,0.32006605698096724
797,5,10,150,81,0.09030583455080088
798,5,10,150,81,0.09173108156202192
799,5,10,150,81,0.0
800,5,10,150,81,0.0
801,5,10,150,81,0.03096677356901516
802,5,10,150,81,0.030863419558816
803,5,10,150,81,0.0
804,5,10,150,81,0.14506535102305582
805,5,10,150,81,0.10150702744440908
806,5,10,150,81,0.13891238635540284
807,5,10,150,81,0.19510906471881448
808,5,10,150,81,0.040655755922716606
809,5,10,150,81,0.07484323939884738
810,5,10,150,81,0.0
811,5,10,150,81,0.05062543788674174
812,5,10,150,81,0.0
813,5,10,150,81,0.17367331957930765
814,5,10,150,81,0.1426080995102236
815,5,10,150,81,0.2241182046025024
816,5,10,150,81,0.08005612702969578
817,5,10,150,81,0.0
818,5,10,150,81,0.0
819,5,10,150,81,0.15575997463127336
820,5,10,150,81,0.041641441310299704
821,5,10,150,81,0.19220292042320755
822,5,10,150,81,0.03902876023380719
823,5,10,150,81,0.2982209602555571
824,5,10,150,81,0.0
825,5,10,150,81,0.09224743688771847
826,5,10,150,81,0.10850875205271039
827,5,10,150,81,0.0
828,5,10,150,81,0.07244745602732354
829,5,10,150,81,0.1633399391391799
830,5,10,150,81,0.10053254151308513
831,5,10,150,81,0.2429972418166229
832,5,10,150,81,0.041355644490859725
833,5,10,150,81,0.13171816304874615
834,5,10,150,81,0.09452471710599904
835,5,10,150,81,0.16131021212220273
836,5,10,150,81,0.10882945376944808
837,5,10,150,81,0.022383927187041207
838,5,10,150,81,0.14570435926304814
839,5,10,150,81,0.05646784228340616
840,5,10,150,81,0.25706012969413394
841,5,10,150,81,0.0
842,5,10,150,81,0.03314153504336938
843,5,10,150,81,0.08696854645476602
844,5,10,150,81,0.14767302746812566
845,5,10,150,81,0.0
846,5,10,150,81,0.2876829148032359
847,5,10,150,81,0.009893551961157982
848,5,10,150,81,0.14282544347845919
849,5,10,150,81,0.1917146328376363
850,5,10,150,81,0.24846647105083042
851,5,10,150,81,0.2509629730186983
852,5,10,150,81,0.0
853,5,10,150,81,0.0
854,5,10,150,81,0.13992265134058823
855,5,10,150,81,0.0
856,5,10,150,81,0.0628634487195275
857,5,10,150,81,0.0
858,5,10,150,81,0.0
859,5,10,150,81,0.0
860,5,10,150,81,0.04811271784379131
861,5,10,150,81,0.12001290632387755
862,5,10,150,81,0.25559046947578223
863,5,10,150,81,0.09238198196975096
864,5,10,150,81,0.24900921083134
865,5,10,150,81,0.030825292165839853
866,5,10,150,81,0.2482726129454347
867,5,10,150,81,0.35597070585701146
868,5,10,150,81,0.1322843108755548
869,5,10,150,81,0.09414478450656023
870,5,10,150,81,0.09478320754603484
871,5,10,150,81,0.23335170418377482
872,5,10,150,81,0.03050926163237471
873,5,10,150,81,0.0
874,5,10,150,81,0.06575393297476358
875,5,10,150,81,0.24878110643435097
876,5,10,150,81,0.0
877,5,10,150,81,0.03487978243545732
878,5,10,150,81,0.048005054499156014
879,5,10,150,81,0.07180913162424091
880,5,10,150,81,0.29753979827197874
881,5,10,150,81,0.2693306206850321
882,5,10,150,81,0.3041745066174525
883,5,10,150,81,0.3351857558641611
884,5,10,150,81,0.028767091820622218
885,5,10,150,81,0.10709607345972089
886,5,10,150,81,0.15363304241815498
887,5,10,150,81,0.19375545358678908
888,5,10,150,81,0.0
889,5,10,150,81,0.2113304969292773
890,5,10,150,81,0.33986371328828224
891,5,10,150,81,0.09013275514532934
892,5,10,150,81,0.4143828591522224
893,5,10,150,81,0.06655191453229989
894,5,10,150,81,0.18455464411031047
895,5,10,150,81,0.0
896,5,10,150,81,0.3148825790885501
897,5,10,150,81,0.2383544244553216
898,5,10,150,81,0.0
899,5,10,150,81,0.1528183102111697
900,5,10,150,81,0.09313286019574611
901,5,10,150,81,0.23494174807842588
902,5,10,150,81,0.025255271126572616
903,5,10,150,81,0.3125683929000128
904,5,10,150,81,0.0
905,5,10,150,81,0.08773956418811966
906,5,10,150,81,0.06212701143918119
907,5,10,150,81,0.2077825805362933
908,5,10,150,81,0.20640898076180436
909,5,10,150,81,0.0
910,5,10,150,81,0.14111581018360284
911,5,10,150,81,0.07221694898330532
912,5,10,150,81,0.17292384468805336
913,5,10,150,81,0.19374110767191058
914,5,10,150,81,0.0
915,5,10,150,81,0.08473297420620693
916,5,10,150,81,0.1805957814557508
917,5,10,150,81,0.019845431127916993
918,5,10,150,81,0.0253533085437572
919,5,10,150,81,0.1273048991744296
920,5,10,150,81,0.26814570941777965
921,5,10,150,81,0.02477447378142753
922,5,10,150,81,0.1169032834855481
923,5,10,150,81,0.07926802913594262
924,5,10,150,81,0.11819634191622581
925,5,10,150,81,0.08576373115156254
926,5,10,150,81,0.18690891198435525
927,5,10,150,81,0.14088640281496512
928,5,10,150,81,0.225412941472223
929,5,10,150,81,0.11107244313646446
930,5,10,150,81,0.13909680376172495
931,5,10,150,81,0.059539365700728666
932,5,10,150,81,0.3211763872695606
933,5,10,150,81,0.05454852718358646
934,5,10,150,81,0.23794756576757134
935,5,10,150,81,0.043888403129016776
936,5,10,150,81,0.09985169210971527
937,5,10,150,81,0.09560624946230661
938,5,10,150,81,0.08978812887364458
939,5,10,150,81,0.05231692143384187
940,5,10,150,81,0.09469359068019315
941,5,10,150,81,0.2546814962889047
942,5,10,150,81,0.19096882311221264
943,5,10,150,81,0.1516650400947691
1,5,10,150,82,0.4058715898896693
2,5,10,150,82,0.14433828292945616
3,5,10,150,82,0.08759200575528697
4,5,10,150,82,0.0
5,5,10,150,82,0.04470486007704452
6,5,10,150,82,0.04187254809446048
7,5,10,150,82,0.22836484467160698
8,5,10,150,82,0.0
9,5,10,150,82,0.0
10,5,10,150,82,0.3005733545514552
11,5,10,150,82,0.03947525607388688
12,5,10,150,82,0.14632177291384774
13,5,10,150,82,0.24256092752724764
14,5,10,150,82,0.18795160328752808
15,5,10,150,82,0.0
16,5,10,150,82,0.19107502160562695
17,5,10,150,82,0.0
18,5,10,150,82,0.17872418048185143
19,5,10,150,82,0.0
20,5,10,150,82,0.13743816645714543
21,5,10,150,82,0.17643857112498312
22,5,10,150,82,0.040815803121742565
23,5,10,150,82,0.10387012192613786
24,5,10,150,82,0.08835266840320231
25,5,10,150,82,0.23940867474021393
26,5,10,150,82,0.0
27,5,10,150,82,0.0
28,5,10,150,82,0.10131242160793445
30,5,10,150,82,0.08133484538841967
31,5,10,150,82,0.11164668500969883
32,5,10,150,82,0.19519002499605084
33,5,10,150,82,0.0
34,5,10,150,82,0.0
35,5,10,150,82,0.0
37,5,10,150,82,0.08177471774917201
38,5,10,150,82,0.0
39,5,10,150,82,0.0
40,5,10,150,82,0.0
41,5,10,150,82,0.06835476917178976
42,5,10,150,82,0.08850778826764391
43,5,10,150,82,0.0
44,5,10,150,82,0.29540493557662006
45,5,10,150,82,0.0
46,5,10,150,82,0.0
47,5,10,150,82,0.0
48,5,10,150,82,0.13203079491918646
49,5,10,150,82,0.05432573058142762
52,5,10,150,82,0.06369098129632131
53,5,10,150,82,0.0
54,5,10,150,82,0.0
55,5,10,150,82,0.0
56,5,10,150,82,0.11781210270929884
57,5,10,150,82,0.1318392860374695
58,5,10,150,82,0.43418941507676856
59,5,10,150,82,0.19233148606048747
60,5,10,150,82,0.1076743759411119
61,5,10,150,82,0.0
62,5,10,150,82,0.09586820699422145
63,5,10,150,82,0.0
64,5,10,150,82,0.07635718686081962
65,5,10,150,82,0.2342550150352983
66,5,10,150,82,0.06636133566432367
67,5,10,150,82,0.0
68,5,10,150,82,0.0
69,5,10,150,82,0.0
70,5,10,150,82,0.0
71,5,10,150,82,0.20758456043036028
72,5,10,150,82,0.10990826949013655
73,5,10,150,82,0.10052888926242022
74,5,10,150,82,0.0
75,5,10,150,82,0.05515026856924372
76,5,10,150,82,0.10633668103022985
77,5,10,150,82,0.14247142730086715
78,5,10,150,82,0.0
79,5,10,150,82,0.07821312100379274
80,5,10,150,82,0.0
81,5,10,150,82,0.08878770367712427
82,5,10,150,82,0.03187578878809277
83,5,10,150,82,0.07414861528507455
84,5,10,150,82,0.07550980911390262
85,5,10,150,82,0.04734112273659951
86,5,10,150,82,0.0
87,5,10,150,82,0.16641625059082407
88,5,10,150,82,0.18920035951687003
89,5,10,150,82,0.0
90,5,10,150,82,0.19659652872125194
91,5,10,150,82,0.0
92,5,10,150,82,0.067443405477823
93,5,10,150,82,0.0
94,5,10,150,82,0.12253429761719764
95,5,10,150,82,0.07849567312219397
96,5,10,150,82,0.12622583419458475
97,5,10,150,82,0.0
98,5,10,150,82,0.0
99,5,10,150,82,0.13337585439143895
100,5,10,150,82,0.0
101,5,10,150,82,0.0
102,5,10,150,82,0.0
103,5,10,150,82,0.0
104,5,10,150,82,0.33958467175585033
105,5,10,150,82,0.0
106,5,10,150,82,0.06516188295518531
107,5,10,150,82,0.0
109,5,10,150,82,0.16563719724029594
110,5,10,150,82,0.03203603672019056
111,5,10,150,82,0.0
112,5,10,150,82,0.14155505107215216
113,5,10,150,82,0.0
114,5,10,150,82,0.08274602130532002
115,5,10,150,82,0.0718417865441674
116,5,10,150,82,0.0
117,5,10,150,82,0.0
118,5,10,150,82,0.2265416449833316
119,5,10,150,82,0.08512399185313972
120,5,10,150,82,0.0
121,5,10,150,82,0.13032376591037062
122,5,10,150,82,0.0
123,5,10,150,82,0.13720340769293682
124,5,10,150,82,0.0
125,5,10,150,82,0.05446333035917803
126,5,10,150,82,0.0
128,5,10,150,82,0.0
129,5,10,150,82,0.0
130,5,10,150,82,0.21080192078431575
131,5,10,150,82,0.0
132,5,10,150,82,0.0
133,5,10,150,82,0.0
134,5,10,150,82,0.0
135,5,10,150,82,0.0
136,5,10,150,82,0.0
137,5,10,150,82,0.1137075481082292
138,5,10,150,82,0.0976168253917686
139,5,10,150,82,0.10466868931043802
140,5,10,150,82,0.0
141,5,10,150,82,0.04733244938590725
142,5,10,150,82,0.0
143,5,10,150,82,0.0
144,5,10,150,82,0.0
145,5,10,150,82,0.22835480069221242
146,5,10,150,82,0.0
147,5,10,150,82,0.1033846481249528
148,5,10,150,82,0.26071721237610296
149,5,10,150,82,0.0
150,5,10,150,82,0.2640681225725909
151,5,10,150,82,0.1026571794225922
152,5,10,150,82,0.0
153,5,10,150,82,0.0
154,5,10,150,82,0.06416923277158361
155,5,10,150,82,0.0
156,5,10,150,82,0.0
157,5,10,150,82,0.0
158,5,10,150,82,0.13830208502611357
159,5,10,150,82,0.23138144801632507
160,5,10,150,82,0.23538511388047798
161,5,10,150,82,0.0
162,5,10,150,82,0.09784076556363268
163,5,10,150,82,0.0
164,5,10,150,82,0.0
165,5,10,150,82,0.0
167,5,10,150,82,0.05319635904163211
168,5,10,150,82,0.05461997784715835
169,5,10,150,82,0.0
170,5,10,150,82,0.0
171,5,10,150,82,0.0
173,5,10,150,82,0.07444401142258321
174,5,10,150,82,0.12795077757424125
175,5,10,150,82,0.21517910082405575
176,5,10,150,82,0.06289692884934815
177,5,10,150,82,0.38113435412202
178,5,10,150,82,0.12597398707460816
179,5,10,150,82,0.09149012142095872
180,5,10,150,82,0.06228974831361337
181,5,10,150,82,0.11680461119565375
182,5,10,150,82,0.0
183,5,10,150,82,0.15101961822780524
184,5,10,150,82,0.0
185,5,10,150,82,0.0
186,5,10,150,82,0.04633132539002164
187,5,10,150,82,0.0
188,5,10,150,82,0.12925733948536566
189,5,10,150,82,0.18890011590178235
190,5,10,150,82,0.0
192,5,10,150,82,0.123151194370365
193,5,10,150,82,0.0
194,5,10,150,82,0.11343156218083877
195,5,10,150,82,0.11787667935667444
196,5,10,150,82,0.0
197,5,10,150,82,0.09546043308946733
198,5,10,150,82,0.0
199,5,10,150,82,0.0
200,5,10,150,82,0.09785159463516042
201,5,10,150,82,0.0
202,5,10,150,82,0.10466868931043802
203,5,10,150,82,0.0
204,5,10,150,82,0.19519002499605084
205,5,10,150,82,0.0
206,5,10,150,82,0.0
207,5,10,150,82,0.11073658758229504
208,5,10,150,82,0.0
209,5,10,150,82,0.0
210,5,10,150,82,0.2167516193508568
211,5,10,150,82,0.0
213,5,10,150,82,0.15669163589836543
214,5,10,150,82,0.0
216,5,10,150,82,0.23813231172447274
217,5,10,150,82,0.0
218,5,10,150,82,0.0
219,5,10,150,82,0.0
221,5,10,150,82,0.0
222,5,10,150,82,0.1050995674008573
223,5,10,150,82,0.0
224,5,10,150,82,0.0
225,5,10,150,82,0.09077089626867633
226,5,10,150,82,0.19092086617893467
227,5,10,150,82,0.0
228,5,10,150,82,0.0
229,5,10,150,82,0.0
230,5,10,150,82,0.12683081539850163
231,5,10,150,82,0.0
232,5,10,150,82,0.03962341267285813
233,5,10,150,82,0.3062523178880809
234,5,10,150,82,0.11342442095228848
235,5,10,150,82,0.06692738060277027
236,5,10,150,82,0.0
237,5,10,150,82,0.19342640361727081
238,5,10,150,82,0.0
239,5,10,150,82,0.06912040963822193
240,5,10,150,82,0.12495636102304827
241,5,10,150,82,0.0
242,5,10,150,82,0.0
243,5,10,150,82,0.0
244,5,10,150,82,0.049712302565054066
245,5,10,150,82,0.0
246,5,10,150,82,0.0561326498270945
247,5,10,150,82,0.09472348220010487
248,5,10,150,82,0.09472348220010487
249,5,10,150,82,0.09798874944313594
250,5,10,150,82,0.0
251,5,10,150,82,0.13032376591037062
252,5,10,150,82,0.20184908658209985
253,5,10,150,82,0.1084812001944431
254,5,10,150,82,0.08514311764162098
255,5,10,150,82,0.0
256,5,10,150,82,0.07107087490719705
257,5,10,150,82,0.1339616094750857
258,5,10,150,82,0.10144063749941859
259,5,10,150,82,0.1239740444869306
260,5,10,150,82,0.0
261,5,10,150,82,0.0
262,5,10,150,82,0.0
263,5,10,150,82,0.0956366800683804
264,5,10,150,82,0.0980310518581743
265,5,10,150,82,0.0
266,5,10,150,82,0.0
267,5,10,150,82,0.17168372277322866
268,5,10,150,82,0.07517090309261779
269,5,10,150,82,0.052962244777770985
270,5,10,150,82,0.07655568961465661
271,5,10,150,82,0.13010624216828925
272,5,10,150,82,0.1702293778633033
273,5,10,150,82,0.0
274,5,10,150,82,0.0
275,5,10,150,82,0.0
276,5,10,150,82,0.15875999922826586
277,5,10,150,82,0.0
278,5,10,150,82,0.1631512196835108
279,5,10,150,82,0.1734542012699839
280,5,10,150,82,0.20222165535157688
281,5,10,150,82,0.0
282,5,10,150,82,0.0
283,5,10,150,82,0.07028063830038406
284,5,10,150,82,0.0
285,5,10,150,82,0.0
286,5,10,150,82,0.09991246976864687
287,5,10,150,82,0.0
288,5,10,150,82,0.0859574327152926
289,5,10,150,82,0.16903020543979225
290,5,10,150,82,0.07834851647149511
291,5,10,150,82,0.07828167840727236
292,5,10,150,82,0.04224853374256244
293,5,10,150,82,0.14305305536418997
294,5,10,150,82,0.0239003177617487
295,5,10,150,82,0.2603201838311303
296,5,10,150,82,0.213595167308394
297,5,10,150,82,0.0
298,5,10,150,82,0.16915623549474385
299,5,10,150,82,0.0
300,5,10,150,82,0.0
301,5,10,150,82,0.06460801587741544
302,5,10,150,82,0.09224219235917257
303,5,10,150,82,0.07354269615643778
304,5,10,150,82,0.0
305,5,10,150,82,0.11349000778741654
306,5,10,150,82,0.0
307,5,10,150,82,0.10778915452451093
308,5,10,150,82,0.13490077762666258
310,5,10,150,82,0.0
311,5,10,150,82,0.13301422444853
312,5,10,150,82,0.1819616199123543
313,5,10,150,82,0.11270402374049442
314,5,10,150,82,0.16600564593053876
315,5,10,150,82,0.037110354711564805
316,5,10,150,82,0.0
317,5,10,150,82,0.0
318,5,10,150,82,0.1642688369468948
319,5,10,150,82,0.0
320,5,10,150,82,0.13927874459665815
321,5,10,150,82,0.0
322,5,10,150,82,0.0
323,5,10,150,82,0.1610425878239398
324,5,10,150,82,0.0
325,5,10,150,82,0.09092803061897883
326,5,10,150,82,0.027288805847552652
327,5,10,150,82,0.025410386140327024
328,5,10,150,82,0.09206364236149692
329,5,10,150,82,0.0
330,5,10,150,82,0.1313681680695099
331,5,10,150,82,0.0
332,5,10,150,82,0.09320485889859448
334,5,10,150,82,0.04229884370576422
335,5,10,150,82,0.16155546744299637
336,5,10,150,82,0.0780824078938463
337,5,10,150,82,0.0
338,5,10,150,82,0.18039889772993523
339,5,10,150,82,0.22956271420203478
340,5,10,150,82,0.12424880528285201
341,5,10,150,82,0.0
342,5,10,150,82,0.3820055212061999
343,5,10,150,82,0.09229649639444802
344,5,10,150,82,0.1202034973803211
345,5,10,150,82,0.18015355216717013
346,5,10,150,82,0.04366879852493834
347,5,10,150,82,0.22280620320442554
348,5,10,150,82,0.0
349,5,10,150,82,0.0
350,5,10,150,82,0.058087171966128066
351,5,10,150,82,0.07977344912567227
352,5,10,150,82,0.1903601622684853
353,5,10,150,82,0.14434031438272124
354,5,10,150,82,0.06335619058732639
355,5,10,150,82,0.0
356,5,10,150,82,0.0
357,5,10,150,82,0.0
358,5,10,150,82,0.06364028872631156
359,5,10,150,82,0.3010299956639812
360,5,10,150,82,0.12982031659526816
361,5,10,150,82,0.09478836436955078
362,5,10,150,82,0.054793185501041654
363,5,10,150,82,0.24101654828754165
364,5,10,150,82,0.0
365,5,10,150,82,0.0
366,5,10,150,82,0.0
367,5,10,150,82,0.06369098129632131
368,5,10,150,82,0.0
369,5,10,150,82,0.0
370,5,10,150,82,0.0
371,5,10,150,82,0.19950301641376814
372,5,10,150,82,0.15130120674940672
373,5,10,150,82,0.22842722979011518
374,5,10,150,82,0.07472550252128253
375,5,10,150,82,0.0
376,5,10,150,82,0.0
377,5,10,150,82,0.0
378,5,10,150,82,0.13635638482251203
379,5,10,150,82,0.08433239722469389
380,5,10,150,82,0.0
381,5,10,150,82,0.0
382,5,10,150,82,0.09952375175972906
383,5,10,150,82,0.18543645219162883
384,5,10,150,82,0.0
385,5,10,150,82,0.0
386,5,10,150,82,0.0
387,5,10,150,82,0.08586571489348302
388,5,10,150,82,0.05789711601244791
389,5,10,150,82,0.09284203700798714
390,5,10,150,82,0.0
391,5,10,150,82,0.11245246430543061
392,5,10,150,82,0.1484702586346916
393,5,10,150,82,0.17201528718620057
394,5,10,150,82,0.18425976175120107
395,5,10,150,82,0.0
396,5,10,150,82,0.0
397,5,10,150,82,0.11004588314904008
398,5,10,150,82,0.28368572779044043
399,5,10,150,82,0.026175882249243814
400,5,10,150,82,0.0
401,5,10,150,82,0.02839245759615368
402,5,10,150,82,0.0
403,5,10,150,82,0.2529427027676571
404,5,10,150,82,0.0
405,5,10,150,82,0.06254296942399398
406,5,10,150,82,0.07610657727852362
407,5,10,150,82,0.12541209984981197
408,5,10,150,82,0.09983719697789138
409,5,10,150,82,0.05800611307095368
410,5,10,150,82,0.0
411,5,10,150,82,0.17342765698823945
412,5,10,150,82,0.0
413,5,10,150,82,0.0
414,5,10,150,82,0.21398626473452756
415,5,10,150,82,0.0
416,5,10,150,82,0.15805943220204186
417,5,10,150,82,0.11088189053445036
419,5,10,150,82,0.3536251441097701
420,5,10,150,82,0.15209749107189288
421,5,10,150,82,0.04264945290455212
422,5,10,150,82,0.0
423,5,10,150,82,0.13523051443907988
424,5,10,150,82,0.1545659390636425
425,5,10,150,82,0.24692470896273933
426,5,10,150,82,0.13571943816109763
427,5,10,150,82,0.12615224917140136
428,5,10,150,82,0.03967704129387874
429,5,10,150,82,0.14041959417088476
430,5,10,150,82,0.1261446714466394
431,5,10,150,82,0.0
432,5,10,150,82,0.049369952841505485
433,5,10,150,82,0.0
434,5,10,150,82,0.3903800499921017
435,5,10,150,82,0.11347000084585261
436,5,10,150,82,0.10958579382117346
437,5,10,150,82,0.22972973128433707
438,5,10,150,82,0.0
439,5,10,150,82,0.0
440,5,10,150,82,0.06175696970122604
441,5,10,150,82,0.0
442,5,10,150,82,0.0
443,5,10,150,82,0.0
445,5,10,150,82,0.0
446,5,10,150,82,0.0
447,5,10,150,82,0.2726897692124621
448,5,10,150,82,0.0
449,5,10,150,82,0.07784399437297408
450,5,10,150,82,0.22640083277136241
451,5,10,150,82,0.0
452,5,10,150,82,0.1353061563511876
453,5,10,150,82,0.029956785715628154
454,5,10,150,82,0.07998109630822593
455,5,10,150,82,0.08878904135110165
456,5,10,150,82,0.07758828619721583
457,5,10,150,82,0.29418445531213994
458,5,10,150,82,0.04507276838148142
459,5,10,150,82,0.0
460,5,10,150,82,0.0
461,5,10,150,82,0.0
462,5,10,150,82,0.0
463,5,10,150,82,0.026903388345470878
464,5,10,150,82,0.0
465,5,10,150,82,0.035016337639871845
466,5,10,150,82,0.03947525607388688
467,5,10,150,82,0.1436337620239326
468,5,10,150,82,0.27023868832296544
469,5,10,150,82,0.057417722536754784
470,5,10,150,82,0.0
471,5,10,150,82,0.0
472,5,10,150,82,0.14903271548086697
473,5,10,150,82,0.08754031530847717
474,5,10,150,82,0.34897204770080337
475,5,10,150,82,0.06516188295518531
476,5,10,150,82,0.0
477,5,10,150,82,0.055100238151135045
478,5,10,150,82,0.23782833255689273
479,5,10,150,82,0.07834096783470737
480,5,10,150,82,0.21398626473452756
481,5,10,150,82,0.13863671367752411
482,5,10,150,82,0.0
483,5,10,150,82,0.06912040963822193
484,5,10,150,82,0.09353062527112192
485,5,10,150,82,0.0
486,5,10,150,82,0.10311241692162332
487,5,10,150,82,0.2215000938796789
488,5,10,150,82,0.0
489,5,10,150,82,0.0
490,5,10,150,82,0.0
491,5,10,150,82,0.19092086617893467
492,5,10,150,82,0.12471554514794539
493,5,10,150,82,0.06270991162683781
494,5,10,150,82,0.1096312620712655
495,5,10,150,82,0.15115187072926595
496,5,10,150,82,0.05459112561892713
497,5,10,150,82,0.05602614285694803
498,5,10,150,82,0.03855307727568851
499,5,10,150,82,0.1912282106369008
500,5,10,150,82,0.05011951520627559
501,5,10,150,82,0.0
502,5,10,150,82,0.06364028872631156
503,5,10,150,82,0.27534073433896133
504,5,10,150,82,0.0
505,5,10,150,82,0.0
506,5,10,150,82,0.13939295695713902
507,5,10,150,82,0.03371865946438579
508,5,10,150,82,0.0
509,5,10,150,82,0.06474271459046577
510,5,10,150,82,0.0
511,5,10,150,82,0.0
512,5,10,150,82,0.18316925091363362
513,5,10,150,82,0.0461651444771445
514,5,10,150,82,0.10595566933616397
515,5,10,150,82,0.0
516,5,10,150,82,0.13768197790533618
517,5,10,150,82,0.042259191411409554
518,5,10,150,82,0.0
519,5,10,150,82,0.10980194963145926
520,5,10,150,82,0.0
521,5,10,150,82,0.0
522,5,10,150,82,0.0
523,5,10,150,82,0.07926830632613421
524,5,10,150,82,0.10258209047527363
525,5,10,150,82,0.0
526,5,10,150,82,0.17292389918997986
527,5,10,150,82,0.14943863047793596
528,5,10,150,82,0.14110144150616766
529,5,10,150,82,0.10471139591065548
530,5,10,150,82,0.0
531,5,10,150,82,0.0
532,5,10,150,82,0.061814902734110014
533,5,10,150,82,0.140097006072795
534,5,10,150,82,0.07450923581469894
535,5,10,150,82,0.2871959083713276
536,5,10,150,82,0.27314750625223144
537,5,10,150,82,0.44901858359741775
538,5,10,150,82,0.0
539,5,10,150,82,0.1560067947598593
540,5,10,150,82,0.0
541,5,10,150,82,0.1630698087619573
542,5,10,150,82,0.1863323824297642
543,5,10,150,82,0.06889751846552651
544,5,10,150,82,0.07631352592005593
545,5,10,150,82,0.052962244777770985
546,5,10,150,82,0.15314106296495628
547,5,10,150,82,0.0
548,5,10,150,82,0.06942726819239371
549,5,10,150,82,0.0
550,5,10,150,82,0.13436217909546777
551,5,10,150,82,0.33883202286184855
552,5,10,150,82,0.0
553,5,10,150,82,0.23296637455654234
554,5,10,150,82,0.16600564593053876
555,5,10,150,82,0.0
556,5,10,150,82,0.15950832945941923
557,5,10,150,82,0.053894577262255466
558,5,10,150,82,0.05718685316335169
559,5,10,150,82,0.0734773909038217
560,5,10,150,82,0.24050284760456656
561,5,10,150,82,0.06469689698255184
562,5,10,150,82,0.034743705427429224
563,5,10,150,82,0.0
564,5,10,150,82,0.0
565,5,10,150,82,0.18568675205192314
566,5,10,150,82,0.13665387068436016
567,5,10,150,82,0.17044472484770287
568,5,10,150,82,0.057107346298225524
569,5,10,150,82,0.0336639187988199
570,5,10,150,82,0.0
571,5,10,150,82,0.0
572,5,10,150,82,0.058995070558427745
573,5,10,150,82,0.035908240113829995
574,5,10,150,82,0.07616204594440379
575,5,10,150,82,0.056316753775798256
576,5,10,150,82,0.17342765698823945
577,5,10,150,82,0.22186862389759224
578,5,10,150,82,0.09818998961169394
579,5,10,150,82,0.0
580,5,10,150,82,0.21661076434387644
581,5,10,150,82,0.0
582,5,10,150,82,0.028361369701356044
583,5,10,150,82,0.08811076314737627
584,5,10,150,82,0.0
585,5,10,150,82,0.03272632263321488
586,5,10,150,82,0.09195192495929504
587,5,10,150,82,0.0
588,5,10,150,82,0.21190028446013173
589,5,10,150,82,0.032894740029565515
590,5,10,150,82,0.18511573258657482
591,5,10,150,82,0.15758427078022966
592,5,10,150,82,0.24539657481359
593,5,10,150,82,0.1847125373189141
594,5,10,150,82,0.0843142342558857
595,5,10,150,82,0.0
596,5,10,150,82,0.0
597,5,10,150,82,0.0
598,5,10,150,82,0.11752277470724268
599,5,10,150,82,0.16402353420682853
600,5,10,150,82,0.0
601,5,10,150,82,0.026557570376145638
602,5,10,150,82,0.0
603,5,10,150,82,0.06194403202282284
604,5,10,150,82,0.0
605,5,10,150,82,0.10589838376326657
606,5,10,150,82,0.2138150508755678
607,5,10,150,82,0.0
608,5,10,150,82,0.14688428242884272
609,5,10,150,82,0.11838279295536291
610,5,10,150,82,0.05781186855394371
611,5,10,150,82,0.03927158715985786
612,5,10,150,82,0.0
613,5,10,150,82,0.2049174583553662
614,5,10,150,82,0.13886244387355454
615,5,10,150,82,0.10251900332140326
616,5,10,150,82,0.09781579202094404
617,5,10,150,82,0.07286192498233149
618,5,10,150,82,0.13693830900397266
619,5,10,150,82,0.15406791387309057
620,5,10,150,82,0.1451323880538222
621,5,10,150,82,0.13589759152345549
622,5,10,150,82,0.10022910267662996
623,5,10,150,82,0.13369528351530374
624,5,10,150,82,0.019160322430058573
625,5,10,150,82,0.0
626,5,10,150,82,0.04690797720830594
627,5,10,150,82,0.04289205981312439
628,5,10,150,82,0.0
629,5,10,150,82,0.2013573326089747
630,5,10,150,82,0.12522204146604196
631,5,10,150,82,0.09240791929215005
632,5,10,150,82,0.3331495701314084
633,5,10,150,82,0.0455520698635181
634,5,10,150,82,0.023756977677906275
635,5,10,150,82,0.07393190703916604
636,5,10,150,82,0.0
637,5,10,150,82,0.0
638,5,10,150,82,0.15473934503245962
639,5,10,150,82,0.0
640,5,10,150,82,0.08757749316783438
641,5,10,150,82,0.03570665676503816
642,5,10,150,82,0.13207172242143603
643,5,10,150,82,0.15031592367651372
644,5,10,150,82,0.0
645,5,10,150,82,0.1856947245529553
646,5,10,150,82,0.0
647,5,10,150,82,0.03673869545191085
648,5,10,150,82,0.1510121408821335
649,5,10,150,82,0.0
650,5,10,150,82,0.14208499571110345
651,5,10,150,82,0.03443184397772452
652,5,10,150,82,0.0
653,5,10,150,82,0.042464725972586034
654,5,10,150,82,0.17020900230175445
655,5,10,150,82,0.2296424625250458
656,5,10,150,82,0.0
657,5,10,150,82,0.053845569940583225
658,5,10,150,82,0.0
659,5,10,150,82,0.07075240780563574
660,5,10,150,82,0.022775171719526442
661,5,10,150,82,0.12705991527984942
662,5,10,150,82,0.0
663,5,10,150,82,0.09211594531187607
664,5,10,150,82,0.05391021349625259
665,5,10,150,82,0.0
666,5,10,150,82,0.07860744541237058
667,5,10,150,82,0.2676806947950803
668,5,10,150,82,0.0
669,5,10,150,82,0.2672968266839232
670,5,10,150,82,0.18230594268689504
671,5,10,150,82,0.17434206503696043
672,5,10,150,82,0.0
673,5,10,150,82,0.0
674,5,10,150,82,0.0
675,5,10,150,82,0.05010834716923557
676,5,10,150,82,0.0536726727979485
677,5,10,150,82,0.03927489746221688
678,5,10,150,82,0.0
679,5,10,150,82,0.26970586372388394
680,5,10,150,82,0.2073612289146658
681,5,10,150,82,0.0
682,5,10,150,82,0.09785713441760978
683,5,10,150,82,0.06289349548893712
684,5,10,150,82,0.0
685,5,10,150,82,0.0
686,5,10,150,82,0.11524934452025383
687,5,10,150,82,0.0
688,5,10,150,82,0.0
689,5,10,150,82,0.32436268379537736
690,5,10,150,82,0.0
691,5,10,150,82,0.0
692,5,10,150,82,0.0
693,5,10,150,82,0.015483922344753005
694,5,10,150,82,0.20269611984358588
695,5,10,150,82,0.0607039656753694
696,5,10,150,82,0.12935879342602336
697,5,10,150,82,0.06378035696304758
698,5,10,150,82,0.09499131598480672
699,5,10,150,82,0.0
700,5,10,150,82,0.16958010263680806
701,5,10,150,82,0.04129602134854855
702,5,10,150,82,0.0
703,5,10,150,82,0.03870447337439288
704,5,10,150,82,0.09986079379105446
705,5,10,150,82,0.20609334068785645
706,5,10,150,82,0.0
707,5,10,150,82,0.11204043240783193
708,5,10,150,82,0.0943325796571581
709,5,10,150,82,0.11778692963665513
710,5,10,150,82,0.05710411178654767
711,5,10,150,82,0.15552566999725762
712,5,10,150,82,0.12435918123916344
713,5,10,150,82,0.0
714,5,10,150,82,0.04195229264874745
715,5,10,150,82,0.07261309108674657
716,5,10,150,82,0.1699701752261262
717,5,10,150,82,0.18940567332300148
718,5,10,150,82,0.14061157344379913
719,5,10,150,82,0.1811528335938261
720,5,10,150,82,0.05261577455142312
721,5,10,150,82,0.1740663918285064
722,5,10,150,82,0.0
723,5,10,150,82,0.0
724,5,10,150,82,0.0
725,5,10,150,82,0.05750402108673013
726,5,10,150,82,0.2529427027676571
727,5,10,150,82,0.08338026856269648
728,5,10,150,82,0.0
729,5,10,150,82,0.0
730,5,10,150,82,0.0
731,5,10,150,82,0.10343510349900437
732,5,10,150,82,0.0
733,5,10,150,82,0.0
734,5,10,150,82,0.0655813061736612
735,5,10,150,82,0.0
736,5,10,150,82,0.0
737,5,10,150,82,0.16282663249631943
738,5,10,150,82,0.2632431729022225
739,5,10,150,82,0.0
740,5,10,150,82,0.0
741,5,10,150,82,0.10965210684801945
742,5,10,150,82,0.04553761034739079
743,5,10,150,82,0.0814476682319001
744,5,10,150,82,0.08878770367712427
745,5,10,150,82,0.3682049230943936
746,5,10,150,82,0.11450296808588954
747,5,10,150,82,0.33683869774658864
748,5,10,150,82,0.22468225866052274
749,5,10,150,82,0.1270123898567236
750,5,10,150,82,0.07219614103266732
751,5,10,150,82,0.09679442811841048
752,5,10,150,82,0.020210299806331135
753,5,10,150,82,0.15406810205846871
754,5,10,150,82,0.0
755,5,10,150,82,0.067228724047084
756,5,10,150,82,0.12944030246708935
757,5,10,150,82,0.06756111822138194
758,5,10,150,82,0.22741398758484704
759,5,10,150,82,0.038281751104512325
760,5,10,150,82,0.11447590313611888
761,5,10,150,82,0.03339755935325358
762,5,10,150,82,0.11568388634051256
763,5,10,150,82,0.20859185628046678
764,5,10,150,82,0.08207588022692468
765,5,10,150,82,0.0
766,5,10,150,82,0.050541549839211865
767,5,10,150,82,0.2073612289146658
768,5,10,150,82,0.07655078846581868
769,5,10,150,82,0.0
770,5,10,150,82,0.04692206785373726
771,5,10,150,82,0.2149590517835668
772,5,10,150,82,0.03353522641880846
773,5,10,150,82,0.08236155615232364
774,5,10,150,82,0.03551622697259125
775,5,10,150,82,0.0437324968781469
776,5,10,150,82,0.12155614423940549
777,5,10,150,82,0.14445412169961394
778,5,10,150,82,0.024850109207689472
779,5,10,150,82,0.05878132199396477
780,5,10,150,82,0.13273397200317036
781,5,10,150,82,0.21898681539091044
782,5,10,150,82,0.019334645609430958
783,5,10,150,82,0.0
784,5,10,150,82,0.0
785,5,10,150,82,0.07685905888147043
786,5,10,150,82,0.13370327844286975
787,5,10,150,82,0.0683037314796457
788,5,10,150,82,0.14754690913255997
789,5,10,150,82,0.059109628562248356
790,5,10,150,82,0.05575678571159265
791,5,10,150,82,0.0
792,5,10,150,82,0.0
793,5,10,150,82,0.0
794,5,10,150,82,0.22201254783236782
795,5,10,150,82,0.09354596657002175
796,5,10,150,82,0.32593226556668453
797,5,10,150,82,0.09030583455080088
798,5,10,150,82,0.09093966106630885
799,5,10,150,82,0.0
800,5,10,150,82,0.0
801,5,10,150,82,0.03096677356901516
802,5,10,150,82,0.030863419558816
803,5,10,150,82,0.0
804,5,10,150,82,0.1438137829606011
805,5,10,150,82,0.10063126384704979
806,5,10,150,82,0.13891238635540284
807,5,10,150,82,0.19510906471881448
808,5,10,150,82,0.040655755922716606
809,5,10,150,82,0.07484323939884738
810,5,10,150,82,0.0
811,5,10,150,82,0.05062543788674174
812,5,10,150,82,0.0
813,5,10,150,82,0.17367331957930765
814,5,10,150,82,0.1426080995102236
815,5,10,150,82,0.22218459891984282
816,5,10,150,82,0.08005612702969578
817,5,10,150,82,0.0
818,5,10,150,82,0.0
819,5,10,150,82,0.15575997463127336
820,5,10,150,82,0.041641441310299704
821,5,10,150,82,0.19220292042320755
822,5,10,150,82,0.03902876023380719
823,5,10,150,82,0.2982209602555571
824,5,10,150,82,0.0
825,5,10,150,82,0.10208637766682424
826,5,10,150,82,0.10850875205271039
827,5,10,150,82,0.0
828,5,10,150,82,0.07244745602732354
829,5,10,150,82,0.1633399391391799
830,5,10,150,82,0.10053254151308513
831,5,10,150,82,0.2429972418166229
832,5,10,150,82,0.041355644490859725
833,5,10,150,82,0.1305817493913538
834,5,10,150,82,0.09452471710599904
835,5,10,150,82,0.16131021212220273
836,5,10,150,82,0.10882945376944808
837,5,10,150,82,0.022383927187041207
838,5,10,150,82,0.14570435926304814
839,5,10,150,82,0.05646784228340616
840,5,10,150,82,0.26346992919099177
841,5,10,150,82,0.0
842,5,10,150,82,0.03314153504336938
843,5,10,150,82,0.08621821528048308
844,5,10,150,82,0.14767302746812566
845,5,10,150,82,0.0
846,5,10,150,82,0.293828512686437
847,5,10,150,82,0.019732492740263768
848,5,10,150,82,0.14282544347845919
849,5,10,150,82,0.1917146328376363
850,5,10,150,82,0.24846647105083042
851,5,10,150,82,0.24879776099753845
852,5,10,150,82,0.0
853,5,10,150,82,0.0
854,5,10,150,82,0.13871545251332287
855,5,10,150,82,0.0
856,5,10,150,82,0.0628634487195275
857,5,10,150,82,0.0
858,5,10,150,82,0.0
859,5,10,150,82,0.0
860,5,10,150,82,0.06357505029292475
861,5,10,150,82,0.12001290632387755
862,5,10,150,82,0.2620129486358331
863,5,10,150,82,0.09238198196975096
864,5,10,150,82,0.24686085511899608
865,5,10,150,82,0.030825292165839853
866,5,10,150,82,0.2482726129454347
867,5,10,150,82,0.36903482316460984
868,5,10,150,82,0.13114301271242995
869,5,10,150,82,0.11249099764238556
870,5,10,150,82,0.09396545448105392
871,5,10,150,82,0.23335170418377482
872,5,10,150,82,0.03050926163237471
873,5,10,150,82,0.0
874,5,10,150,82,0.06575393297476358
875,5,10,150,82,0.24878110643435097
876,5,10,150,82,0.0
877,5,10,150,82,0.03487978243545732
878,5,10,150,82,0.048005054499156014
879,5,10,150,82,0.07180913162424091
880,5,10,150,82,0.2949727393140664
881,5,10,150,82,0.26700693966324957
882,5,10,150,82,0.3041745066174525
883,5,10,150,82,0.3322939020612316
884,5,10,150,82,0.028767091820622218
885,5,10,150,82,0.10709607345972089
886,5,10,150,82,0.15230755560912534
887,5,10,150,82,0.19208380604362688
888,5,10,150,82,0.0
889,5,10,150,82,0.20950721867079547
890,5,10,150,82,0.33986371328828224
891,5,10,150,82,0.09013275514532934
892,5,10,150,82,0.41080772319807457
893,5,10,150,82,0.06655191453229989
894,5,10,150,82,0.1829623776130581
895,5,10,150,82,0.0
896,5,10,150,82,0.32079350872817064
897,5,10,150,82,0.236297994142437
898,5,10,150,82,0.0
899,5,10,150,82,0.1528183102111697
900,5,10,150,82,0.09313286019574611
901,5,10,150,82,0.23494174807842588
902,5,10,150,82,0.025255271126572616
903,5,10,150,82,0.30987167300702967
904,5,10,150,82,0.0
905,5,10,150,82,0.08773956418811966
906,5,10,150,82,0.06212701143918119
907,5,10,150,82,0.21461752777716478
908,5,10,150,82,0.20640898076180436
909,5,10,150,82,0.0
910,5,10,150,82,0.14111581018360284
911,5,10,150,82,0.07221694898330532
912,5,10,150,82,0.17292384468805336
913,5,10,150,82,0.19374110767191058
914,5,10,150,82,0.0
915,5,10,150,82,0.08473297420620693
916,5,10,150,82,0.17903767050306613
917,5,10,150,82,0.019845431127916993
918,5,10,150,82,0.0253533085437572
919,5,10,150,82,0.12620656146058495
920,5,10,150,82,0.26814570941777965
921,5,10,150,82,0.02477447378142753
922,5,10,150,82,0.1169032834855481
923,5,10,150,82,0.07926802913594262
924,5,10,150,82,0.11819634191622581
925,5,10,150,82,0.08576373115156254
926,5,10,150,82,0.18690891198435525
927,5,10,150,82,0.13967088911059808
928,5,10,150,82,0.225412941472223
929,5,10,150,82,0.11107244313646446
930,5,10,150,82,0.13909680376172495
931,5,10,150,82,0.059539365700728666
932,5,10,150,82,0.3184054009114379
933,5,10,150,82,0.05407790346816823
934,5,10,150,82,0.2358946456749835
935,5,10,150,82,0.043888403129016776
936,5,10,150,82,0.09899021010904979
937,5,10,150,82,0.09560624946230661
938,5,10,150,82,0.08978812887364458
939,5,10,150,82,0.05231692143384187
940,5,10,150,82,0.09469359068019315
941,5,10,150,82,0.2546814962889047
942,5,10,150,82,0.19096882311221264
943,5,10,150,82,0.1503565324529728
1,5,10,150,83,0.4058715898896693
2,5,10,150,83,0.14433828292945616
3,5,10,150,83,0.08759200575528697
4,5,10,150,83,0.0
5,5,10,150,83,0.04470486007704452
6,5,10,150,83,0.04187254809446048
7,5,10,150,83,0.22836484467160698
8,5,10,150,83,0.0
9,5,10,150,83,0.0
10,5,10,150,83,0.3005733545514552
11,5,10,150,83,0.03947525607388688
12,5,10,150,83,0.14632177291384774
13,5,10,150,83,0.24256092752724764
14,5,10,150,83,0.18795160328752808
15,5,10,150,83,0.0
16,5,10,150,83,0.19107502160562695
17,5,10,150,83,0.0
18,5,10,150,83,0.17872418048185143
19,5,10,150,83,0.0
20,5,10,150,83,0.13743816645714543
21,5,10,150,83,0.17643857112498312
22,5,10,150,83,0.040815803121742565
23,5,10,150,83,0.10387012192613786
24,5,10,150,83,0.08835266840320231
25,5,10,150,83,0.23940867474021393
26,5,10,150,83,0.0
27,5,10,150,83,0.0
28,5,10,150,83,0.10131242160793445
30,5,10,150,83,0.08133484538841967
31,5,10,150,83,0.11164668500969883
32,5,10,150,83,0.19519002499605084
33,5,10,150,83,0.0
34,5,10,150,83,0.0
35,5,10,150,83,0.0
37,5,10,150,83,0.08177471774917201
38,5,10,150,83,0.0
39,5,10,150,83,0.0
40,5,10,150,83,0.0
41,5,10,150,83,0.06835476917178976
42,5,10,150,83,0.08850778826764391
43,5,10,150,83,0.0
44,5,10,150,83,0.29540493557662006
45,5,10,150,83,0.0
46,5,10,150,83,0.0
47,5,10,150,83,0.0
48,5,10,150,83,0.13203079491918646
49,5,10,150,83,0.05432573058142762
52,5,10,150,83,0.06369098129632131
53,5,10,150,83,0.0
54,5,10,150,83,0.0
55,5,10,150,83,0.0
56,5,10,150,83,0.11781210270929884
57,5,10,150,83,0.1318392860374695
58,5,10,150,83,0.43418941507676856
59,5,10,150,83,0.19233148606048747
60,5,10,150,83,0.1076743759411119
61,5,10,150,83,0.0
62,5,10,150,83,0.09586820699422145
63,5,10,150,83,0.0
64,5,10,150,83,0.07635718686081962
65,5,10,150,83,0.2342550150352983
66,5,10,150,83,0.06636133566432367
67,5,10,150,83,0.0
68,5,10,150,83,0.0
69,5,10,150,83,0.0
70,5,10,150,83,0.03243913203930433
71,5,10,150,83,0.20758456043036028
72,5,10,150,83,0.10990826949013655
73,5,10,150,83,0.10052888926242022
74,5,10,150,83,0.0
75,5,10,150,83,0.05515026856924372
76,5,10,150,83,0.10633668103022985
77,5,10,150,83,0.14247142730086715
78,5,10,150,83,0.0
79,5,10,150,83,0.07821312100379274
80,5,10,150,83,0.0
81,5,10,150,83,0.08878770367712427
82,5,10,150,83,0.03187578878809277
83,5,10,150,83,0.07414861528507455
84,5,10,150,83,0.07550980911390262
85,5,10,150,83,0.04734112273659951
86,5,10,150,83,0.0
87,5,10,150,83,0.16641625059082407
88,5,10,150,83,0.18920035951687003
89,5,10,150,83,0.0
90,5,10,150,83,0.19659652872125194
91,5,10,150,83,0.0
92,5,10,150,83,0.067443405477823
93,5,10,150,83,0.0
94,5,10,150,83,0.12253429761719764
95,5,10,150,83,0.07849567312219397
96,5,10,150,83,0.12622583419458475
97,5,10,150,83,0.0
98,5,10,150,83,0.0
99,5,10,150,83,0.13337585439143895
100,5,10,150,83,0.0
101,5,10,150,83,0.0
102,5,10,150,83,0.0
103,5,10,150,83,0.0
104,5,10,150,83,0.33958467175585033
105,5,10,150,83,0.0
106,5,10,150,83,0.06516188295518531
107,5,10,150,83,0.0
109,5,10,150,83,0.16563719724029594
110,5,10,150,83,0.03203603672019056
111,5,10,150,83,0.0
112,5,10,150,83,0.14155505107215216
113,5,10,150,83,0.0
114,5,10,150,83,0.08274602130532002
115,5,10,150,83,0.0718417865441674
116,5,10,150,83,0.0
117,5,10,150,83,0.0
118,5,10,150,83,0.2265416449833316
119,5,10,150,83,0.08512399185313972
120,5,10,150,83,0.0
121,5,10,150,83,0.13032376591037062
122,5,10,150,83,0.0
123,5,10,150,83,0.13720340769293682
124,5,10,150,83,0.0
125,5,10,150,83,0.05446333035917803
126,5,10,150,83,0.0
128,5,10,150,83,0.0
129,5,10,150,83,0.0
130,5,10,150,83,0.21080192078431575
131,5,10,150,83,0.0
132,5,10,150,83,0.0
133,5,10,150,83,0.0
134,5,10,150,83,0.0
135,5,10,150,83,0.0
136,5,10,150,83,0.0
137,5,10,150,83,0.1137075481082292
138,5,10,150,83,0.0976168253917686
139,5,10,150,83,0.10466868931043802
140,5,10,150,83,0.0
141,5,10,150,83,0.04733244938590725
142,5,10,150,83,0.0
143,5,10,150,83,0.0
144,5,10,150,83,0.0
145,5,10,150,83,0.22835480069221242
146,5,10,150,83,0.0
147,5,10,150,83,0.1033846481249528
148,5,10,150,83,0.26071721237610296
149,5,10,150,83,0.0
150,5,10,150,83,0.2640681225725909
151,5,10,150,83,0.1026571794225922
152,5,10,150,83,0.0
153,5,10,150,83,0.0
154,5,10,150,83,0.06416923277158361
155,5,10,150,83,0.0
156,5,10,150,83,0.0
157,5,10,150,83,0.0
158,5,10,150,83,0.13830208502611357
159,5,10,150,83,0.23138144801632507
160,5,10,150,83,0.23538511388047798
161,5,10,150,83,0.0
162,5,10,150,83,0.09784076556363268
163,5,10,150,83,0.0
164,5,10,150,83,0.0
165,5,10,150,83,0.0
167,5,10,150,83,0.05319635904163211
168,5,10,150,83,0.05461997784715835
169,5,10,150,83,0.0
170,5,10,150,83,0.0
171,5,10,150,83,0.0
173,5,10,150,83,0.07444401142258321
174,5,10,150,83,0.12795077757424125
175,5,10,150,83,0.21517910082405575
176,5,10,150,83,0.06289692884934815
177,5,10,150,83,0.38113435412202
178,5,10,150,83,0.12597398707460816
179,5,10,150,83,0.09149012142095872
180,5,10,150,83,0.06228974831361337
181,5,10,150,83,0.11680461119565375
182,5,10,150,83,0.0
183,5,10,150,83,0.15101961822780524
184,5,10,150,83,0.0
185,5,10,150,83,0.0
186,5,10,150,83,0.04633132539002164
187,5,10,150,83,0.0
188,5,10,150,83,0.12925733948536566
189,5,10,150,83,0.18890011590178235
190,5,10,150,83,0.0
192,5,10,150,83,0.123151194370365
193,5,10,150,83,0.0
194,5,10,150,83,0.14012129095911344
195,5,10,150,83,0.11787667935667444
196,5,10,150,83,0.0
197,5,10,150,83,0.09546043308946733
198,5,10,150,83,0.0
199,5,10,150,83,0.0
200,5,10,150,83,0.09785159463516042
201,5,10,150,83,0.0
202,5,10,150,83,0.10466868931043802
203,5,10,150,83,0.0
204,5,10,150,83,0.19519002499605084
205,5,10,150,83,0.0
206,5,10,150,83,0.0
207,5,10,150,83,0.11073658758229504
208,5,10,150,83,0.0
209,5,10,150,83,0.0
210,5,10,150,83,0.2167516193508568
211,5,10,150,83,0.0
213,5,10,150,83,0.15669163589836543
214,5,10,150,83,0.0
216,5,10,150,83,0.23813231172447274
217,5,10,150,83,0.0
218,5,10,150,83,0.0
219,5,10,150,83,0.0
221,5,10,150,83,0.0
222,5,10,150,83,0.1050995674008573
223,5,10,150,83,0.0
224,5,10,150,83,0.0
225,5,10,150,83,0.09077089626867633
226,5,10,150,83,0.19092086617893467
227,5,10,150,83,0.0
228,5,10,150,83,0.0
229,5,10,150,83,0.0
230,5,10,150,83,0.12683081539850163
231,5,10,150,83,0.0
232,5,10,150,83,0.03962341267285813
233,5,10,150,83,0.3062523178880809
234,5,10,150,83,0.11342442095228848
235,5,10,150,83,0.06692738060277027
236,5,10,150,83,0.0
237,5,10,150,83,0.19342640361727081
238,5,10,150,83,0.0
239,5,10,150,83,0.06912040963822193
240,5,10,150,83,0.12495636102304827
241,5,10,150,83,0.0
242,5,10,150,83,0.0
243,5,10,150,83,0.0
244,5,10,150,83,0.049712302565054066
245,5,10,150,83,0.0
246,5,10,150,83,0.0561326498270945
247,5,10,150,83,0.09472348220010487
248,5,10,150,83,0.09472348220010487
249,5,10,150,83,0.09798874944313594
250,5,10,150,83,0.0
251,5,10,150,83,0.13032376591037062
252,5,10,150,83,0.20184908658209985
253,5,10,150,83,0.1084812001944431
254,5,10,150,83,0.08514311764162098
255,5,10,150,83,0.0
256,5,10,150,83,0.07107087490719705
257,5,10,150,83,0.1339616094750857
258,5,10,150,83,0.10144063749941859
259,5,10,150,83,0.1239740444869306
260,5,10,150,83,0.0
261,5,10,150,83,0.0
262,5,10,150,83,0.0
263,5,10,150,83,0.0956366800683804
264,5,10,150,83,0.0980310518581743
265,5,10,150,83,0.0
266,5,10,150,83,0.0
267,5,10,150,83,0.17168372277322866
268,5,10,150,83,0.07517090309261779
269,5,10,150,83,0.052962244777770985
270,5,10,150,83,0.07655568961465661
271,5,10,150,83,0.13010624216828925
272,5,10,150,83,0.1702293778633033
273,5,10,150,83,0.0
274,5,10,150,83,0.0
275,5,10,150,83,0.0
276,5,10,150,83,0.15875999922826586
277,5,10,150,83,0.0
278,5,10,150,83,0.1631512196835108
279,5,10,150,83,0.1734542012699839
280,5,10,150,83,0.20222165535157688
281,5,10,150,83,0.0
282,5,10,150,83,0.0
283,5,10,150,83,0.07028063830038406
284,5,10,150,83,0.0
285,5,10,150,83,0.0
286,5,10,150,83,0.09991246976864687
287,5,10,150,83,0.0
288,5,10,150,83,0.0859574327152926
289,5,10,150,83,0.16903020543979225
290,5,10,150,83,0.07834851647149511
291,5,10,150,83,0.07828167840727236
292,5,10,150,83,0.04224853374256244
293,5,10,150,83,0.14305305536418997
294,5,10,150,83,0.0239003177617487
295,5,10,150,83,0.2603201838311303
296,5,10,150,83,0.213595167308394
297,5,10,150,83,0.0
298,5,10,150,83,0.16915623549474385
299,5,10,150,83,0.0
300,5,10,150,83,0.0
301,5,10,150,83,0.06460801587741544
302,5,10,150,83,0.09224219235917257
303,5,10,150,83,0.07354269615643778
304,5,10,150,83,0.0
305,5,10,150,83,0.11349000778741654
306,5,10,150,83,0.0
307,5,10,150,83,0.10778915452451093
308,5,10,150,83,0.13490077762666258
310,5,10,150,83,0.0
311,5,10,150,83,0.13301422444853
312,5,10,150,83,0.1819616199123543
313,5,10,150,83,0.11270402374049442
314,5,10,150,83,0.16600564593053876
315,5,10,150,83,0.037110354711564805
316,5,10,150,83,0.0
317,5,10,150,83,0.0
318,5,10,150,83,0.1642688369468948
319,5,10,150,83,0.0
320,5,10,150,83,0.13927874459665815
321,5,10,150,83,0.0
322,5,10,150,83,0.0
323,5,10,150,83,0.1610425878239398
324,5,10,150,83,0.0
325,5,10,150,83,0.09092803061897883
326,5,10,150,83,0.027288805847552652
327,5,10,150,83,0.025410386140327024
328,5,10,150,83,0.09206364236149692
329,5,10,150,83,0.0
330,5,10,150,83,0.1313681680695099
331,5,10,150,83,0.0
332,5,10,150,83,0.09320485889859448
334,5,10,150,83,0.0620535353328374
335,5,10,150,83,0.16155546744299637
336,5,10,150,83,0.0780824078938463
337,5,10,150,83,0.0
338,5,10,150,83,0.18039889772993523
339,5,10,150,83,0.22956271420203478
340,5,10,150,83,0.12424880528285201
341,5,10,150,83,0.0
342,5,10,150,83,0.3820055212061999
343,5,10,150,83,0.09229649639444802
344,5,10,150,83,0.1202034973803211
345,5,10,150,83,0.18015355216717013
346,5,10,150,83,0.04366879852493834
347,5,10,150,83,0.24434072388563882
348,5,10,150,83,0.0
349,5,10,150,83,0.0
350,5,10,150,83,0.058087171966128066
351,5,10,150,83,0.07977344912567227
352,5,10,150,83,0.1903601622684853
353,5,10,150,83,0.14434031438272124
354,5,10,150,83,0.06335619058732639
355,5,10,150,83,0.0
356,5,10,150,83,0.0
357,5,10,150,83,0.0
358,5,10,150,83,0.06364028872631156
359,5,10,150,83,0.3010299956639812
360,5,10,150,83,0.12982031659526816
361,5,10,150,83,0.09478836436955078
362,5,10,150,83,0.054793185501041654
363,5,10,150,83,0.24101654828754165
364,5,10,150,83,0.0
365,5,10,150,83,0.0
366,5,10,150,83,0.0
367,5,10,150,83,0.06369098129632131
368,5,10,150,83,0.0
369,5,10,150,83,0.0
370,5,10,150,83,0.0
371,5,10,150,83,0.19950301641376814
372,5,10,150,83,0.15130120674940672
373,5,10,150,83,0.22842722979011518
374,5,10,150,83,0.07472550252128253
375,5,10,150,83,0.0
376,5,10,150,83,0.0
377,5,10,150,83,0.0
378,5,10,150,83,0.13635638482251203
379,5,10,150,83,0.08433239722469389
380,5,10,150,83,0.0
381,5,10,150,83,0.03243913203930433
382,5,10,150,83,0.1390935487579673
383,5,10,150,83,0.18543645219162883
384,5,10,150,83,0.0
385,5,10,150,83,0.0
386,5,10,150,83,0.0
387,5,10,150,83,0.08586571489348302
388,5,10,150,83,0.05789711601244791
389,5,10,150,83,0.09284203700798714
390,5,10,150,83,0.0
391,5,10,150,83,0.11245246430543061
392,5,10,150,83,0.1484702586346916
393,5,10,150,83,0.17201528718620057
394,5,10,150,83,0.18425976175120107
395,5,10,150,83,0.0
396,5,10,150,83,0.0
397,5,10,150,83,0.11004588314904008
398,5,10,150,83,0.28368572779044043
399,5,10,150,83,0.026175882249243814
400,5,10,150,83,0.0
401,5,10,150,83,0.02839245759615368
402,5,10,150,83,0.0
403,5,10,150,83,0.2529427027676571
404,5,10,150,83,0.0
405,5,10,150,83,0.062009422027265775
406,5,10,150,83,0.07610657727852362
407,5,10,150,83,0.12541209984981197
408,5,10,150,83,0.09983719697789138
409,5,10,150,83,0.05800611307095368
410,5,10,150,83,0.0
411,5,10,150,83,0.17342765698823945
412,5,10,150,83,0.0
413,5,10,150,83,0.0
414,5,10,150,83,0.21398626473452756
415,5,10,150,83,0.0
416,5,10,150,83,0.15805943220204186
417,5,10,150,83,0.11088189053445036
419,5,10,150,83,0.3536251441097701
420,5,10,150,83,0.15209749107189288
421,5,10,150,83,0.04264945290455212
422,5,10,150,83,0.0
423,5,10,150,83,0.13523051443907988
424,5,10,150,83,0.1545659390636425
425,5,10,150,83,0.24692470896273933
426,5,10,150,83,0.13571943816109763
427,5,10,150,83,0.12615224917140136
428,5,10,150,83,0.03967704129387874
429,5,10,150,83,0.14041959417088476
430,5,10,150,83,0.1261446714466394
431,5,10,150,83,0.0
432,5,10,150,83,0.049369952841505485
433,5,10,150,83,0.0
434,5,10,150,83,0.3903800499921017
435,5,10,150,83,0.11347000084585261
436,5,10,150,83,0.10958579382117346
437,5,10,150,83,0.22972973128433707
438,5,10,150,83,0.0
439,5,10,150,83,0.0
440,5,10,150,83,0.06175696970122604
441,5,10,150,83,0.0
442,5,10,150,83,0.0
443,5,10,150,83,0.0
445,5,10,150,83,0.0
446,5,10,150,83,0.0
447,5,10,150,83,0.2726897692124621
448,5,10,150,83,0.0
449,5,10,150,83,0.07784399437297408
450,5,10,150,83,0.22640083277136241
451,5,10,150,83,0.0
452,5,10,150,83,0.1353061563511876
453,5,10,150,83,0.029956785715628154
454,5,10,150,83,0.07998109630822593
455,5,10,150,83,0.08878904135110165
456,5,10,150,83,0.07758828619721583
457,5,10,150,83,0.29418445531213994
458,5,10,150,83,0.04507276838148142
459,5,10,150,83,0.0
460,5,10,150,83,0.0
461,5,10,150,83,0.0
462,5,10,150,83,0.0
463,5,10,150,83,0.026903388345470878
464,5,10,150,83,0.043001045588690626
465,5,10,150,83,0.035016337639871845
466,5,10,150,83,0.03947525607388688
467,5,10,150,83,0.1436337620239326
468,5,10,150,83,0.27023868832296544
469,5,10,150,83,0.057417722536754784
470,5,10,150,83,0.0
471,5,10,150,83,0.0
472,5,10,150,83,0.14903271548086697
473,5,10,150,83,0.08754031530847717
474,5,10,150,83,0.34897204770080337
475,5,10,150,83,0.06516188295518531
476,5,10,150,83,0.0
477,5,10,150,83,0.055100238151135045
478,5,10,150,83,0.23782833255689273
479,5,10,150,83,0.07834096783470737
480,5,10,150,83,0.21398626473452756
481,5,10,150,83,0.13863671367752411
482,5,10,150,83,0.0
483,5,10,150,83,0.06912040963822193
484,5,10,150,83,0.09353062527112192
485,5,10,150,83,0.0
486,5,10,150,83,0.10311241692162332
487,5,10,150,83,0.2215000938796789
488,5,10,150,83,0.0
489,5,10,150,83,0.0
490,5,10,150,83,0.0
491,5,10,150,83,0.19092086617893467
492,5,10,150,83,0.12471554514794539
493,5,10,150,83,0.06270991162683781
494,5,10,150,83,0.1096312620712655
495,5,10,150,83,0.15115187072926595
496,5,10,150,83,0.05459112561892713
497,5,10,150,83,0.05602614285694803
498,5,10,150,83,0.03855307727568851
499,5,10,150,83,0.1912282106369008
500,5,10,150,83,0.05011951520627559
501,5,10,150,83,0.0
502,5,10,150,83,0.06364028872631156
503,5,10,150,83,0.27534073433896133
504,5,10,150,83,0.0
505,5,10,150,83,0.0
506,5,10,150,83,0.13939295695713902
507,5,10,150,83,0.03371865946438579
508,5,10,150,83,0.0
509,5,10,150,83,0.06474271459046577
510,5,10,150,83,0.0
511,5,10,150,83,0.0
512,5,10,150,83,0.18316925091363362
513,5,10,150,83,0.0461651444771445
514,5,10,150,83,0.10595566933616397
515,5,10,150,83,0.0
516,5,10,150,83,0.13768197790533618
517,5,10,150,83,0.042259191411409554
518,5,10,150,83,0.0
519,5,10,150,83,0.10980194963145926
520,5,10,150,83,0.0
521,5,10,150,83,0.0
522,5,10,150,83,0.0
523,5,10,150,83,0.07926830632613421
524,5,10,150,83,0.10258209047527363
525,5,10,150,83,0.0
526,5,10,150,83,0.17292389918997986
527,5,10,150,83,0.14943863047793596
528,5,10,150,83,0.14110144150616766
529,5,10,150,83,0.10471139591065548
530,5,10,150,83,0.0
531,5,10,150,83,0.0
532,5,10,150,83,0.061814902734110014
533,5,10,150,83,0.140097006072795
534,5,10,150,83,0.07450923581469894
535,5,10,150,83,0.2871959083713276
536,5,10,150,83,0.27314750625223144
537,5,10,150,83,0.44518805398605776
538,5,10,150,83,0.0
539,5,10,150,83,0.1560067947598593
540,5,10,150,83,0.0
541,5,10,150,83,0.1630698087619573
542,5,10,150,83,0.1863323824297642
543,5,10,150,83,0.06889751846552651
544,5,10,150,83,0.07631352592005593
545,5,10,150,83,0.052962244777770985
546,5,10,150,83,0.15314106296495628
547,5,10,150,83,0.0
548,5,10,150,83,0.06942726819239371
549,5,10,150,83,0.0
550,5,10,150,83,0.13436217909546777
551,5,10,150,83,0.33883202286184855
552,5,10,150,83,0.0
553,5,10,150,83,0.23296637455654234
554,5,10,150,83,0.16600564593053876
555,5,10,150,83,0.0
556,5,10,150,83,0.15950832945941923
557,5,10,150,83,0.053894577262255466
558,5,10,150,83,0.05718685316335169
559,5,10,150,83,0.0734773909038217
560,5,10,150,83,0.24050284760456656
561,5,10,150,83,0.07504424590335404
562,5,10,150,83,0.034743705427429224
563,5,10,150,83,0.0
564,5,10,150,83,0.0
565,5,10,150,83,0.18568675205192314
566,5,10,150,83,0.13665387068436016
567,5,10,150,83,0.17044472484770287
568,5,10,150,83,0.057107346298225524
569,5,10,150,83,0.0336639187988199
570,5,10,150,83,0.0
571,5,10,150,83,0.0
572,5,10,150,83,0.058995070558427745
573,5,10,150,83,0.035908240113829995
574,5,10,150,83,0.07616204594440379
575,5,10,150,83,0.056316753775798256
576,5,10,150,83,0.17342765698823945
577,5,10,150,83,0.22186862389759224
578,5,10,150,83,0.09818998961169394
579,5,10,150,83,0.0
580,5,10,150,83,0.21661076434387644
581,5,10,150,83,0.0
582,5,10,150,83,0.028361369701356044
583,5,10,150,83,0.08811076314737627
584,5,10,150,83,0.0
585,5,10,150,83,0.03272632263321488
586,5,10,150,83,0.09195192495929504
587,5,10,150,83,0.0
588,5,10,150,83,0.21190028446013173
589,5,10,150,83,0.032894740029565515
590,5,10,150,83,0.18511573258657482
591,5,10,150,83,0.15758427078022966
592,5,10,150,83,0.24539657481359
593,5,10,150,83,0.1847125373189141
594,5,10,150,83,0.0843142342558857
595,5,10,150,83,0.0
596,5,10,150,83,0.0
597,5,10,150,83,0.0
598,5,10,150,83,0.11752277470724268
599,5,10,150,83,0.16402353420682853
600,5,10,150,83,0.0
601,5,10,150,83,0.026557570376145638
602,5,10,150,83,0.0
603,5,10,150,83,0.06194403202282284
604,5,10,150,83,0.0
605,5,10,150,83,0.10589838376326657
606,5,10,150,83,0.2138150508755678
607,5,10,150,83,0.0
608,5,10,150,83,0.14688428242884272
609,5,10,150,83,0.11838279295536291
610,5,10,150,83,0.05781186855394371
611,5,10,150,83,0.03927158715985786
612,5,10,150,83,0.0
613,5,10,150,83,0.2049174583553662
614,5,10,150,83,0.13886244387355454
615,5,10,150,83,0.10251900332140326
616,5,10,150,83,0.09781579202094404
617,5,10,150,83,0.07286192498233149
618,5,10,150,83,0.13693830900397266
619,5,10,150,83,0.15406791387309057
620,5,10,150,83,0.1451323880538222
621,5,10,150,83,0.13589759152345549
622,5,10,150,83,0.10022910267662996
623,5,10,150,83,0.13369528351530374
624,5,10,150,83,0.019160322430058573
625,5,10,150,83,0.0
626,5,10,150,83,0.04690797720830594
627,5,10,150,83,0.04289205981312439
628,5,10,150,83,0.0
629,5,10,150,83,0.2013573326089747
630,5,10,150,83,0.12522204146604196
631,5,10,150,83,0.09240791929215005
632,5,10,150,83,0.3331495701314084
633,5,10,150,83,0.0455520698635181
634,5,10,150,83,0.023756977677906275
635,5,10,150,83,0.07393190703916604
636,5,10,150,83,0.0
637,5,10,150,83,0.0
638,5,10,150,83,0.15473934503245962
639,5,10,150,83,0.0
640,5,10,150,83,0.08757749316783438
641,5,10,150,83,0.03570665676503816
642,5,10,150,83,0.13207172242143603
643,5,10,150,83,0.15031592367651372
644,5,10,150,83,0.0
645,5,10,150,83,0.1856947245529553
646,5,10,150,83,0.0
647,5,10,150,83,0.03673869545191085
648,5,10,150,83,0.1510121408821335
649,5,10,150,83,0.0
650,5,10,150,83,0.14208499571110345
651,5,10,150,83,0.03443184397772452
652,5,10,150,83,0.0
653,5,10,150,83,0.042464725972586034
654,5,10,150,83,0.17020900230175445
655,5,10,150,83,0.22768340718778052
656,5,10,150,83,0.0
657,5,10,150,83,0.053845569940583225
658,5,10,150,83,0.0
659,5,10,150,83,0.07075240780563574
660,5,10,150,83,0.022775171719526442
661,5,10,150,83,0.12705991527984942
662,5,10,150,83,0.0
663,5,10,150,83,0.09211594531187607
664,5,10,150,83,0.05391021349625259
665,5,10,150,83,0.0
666,5,10,150,83,0.07860744541237058
667,5,10,150,83,0.2676806947950803
668,5,10,150,83,0.0
669,5,10,150,83,0.2672968266839232
670,5,10,150,83,0.18230594268689504
671,5,10,150,83,0.17434206503696043
672,5,10,150,83,0.0
673,5,10,150,83,0.0
674,5,10,150,83,0.0
675,5,10,150,83,0.05010834716923557
676,5,10,150,83,0.0536726727979485
677,5,10,150,83,0.03927489746221688
678,5,10,150,83,0.0
679,5,10,150,83,0.26970586372388394
680,5,10,150,83,0.2073612289146658
681,5,10,150,83,0.0
682,5,10,150,83,0.10555321891505856
683,5,10,150,83,0.06289349548893712
684,5,10,150,83,0.0
685,5,10,150,83,0.0
686,5,10,150,83,0.11524934452025383
687,5,10,150,83,0.0
688,5,10,150,83,0.0
689,5,10,150,83,0.32436268379537736
690,5,10,150,83,0.0
691,5,10,150,83,0.0
692,5,10,150,83,0.0
693,5,10,150,83,0.015483922344753005
694,5,10,150,83,0.20269611984358588
695,5,10,150,83,0.0607039656753694
696,5,10,150,83,0.12935879342602336
697,5,10,150,83,0.06378035696304758
698,5,10,150,83,0.09499131598480672
699,5,10,150,83,0.01572027122297082
700,5,10,150,83,0.16958010263680806
701,5,10,150,83,0.04129602134854855
702,5,10,150,83,0.0
703,5,10,150,83,0.03870447337439288
704,5,10,150,83,0.09986079379105446
705,5,10,150,83,0.20609334068785645
706,5,10,150,83,0.0
707,5,10,150,83,0.11204043240783193
708,5,10,150,83,0.0943325796571581
709,5,10,150,83,0.11778692963665513
710,5,10,150,83,0.05710411178654767
711,5,10,150,83,0.15552566999725762
712,5,10,150,83,0.12435918123916344
713,5,10,150,83,0.0
714,5,10,150,83,0.04195229264874745
715,5,10,150,83,0.07261309108674657
716,5,10,150,83,0.168520177802778
717,5,10,150,83,0.18940567332300148
718,5,10,150,83,0.14061157344379913
719,5,10,150,83,0.1811528335938261
720,5,10,150,83,0.05261577455142312
721,5,10,150,83,0.1740663918285064
722,5,10,150,83,0.0
723,5,10,150,83,0.0
724,5,10,150,83,0.0
725,5,10,150,83,0.05750402108673013
726,5,10,150,83,0.2529427027676571
727,5,10,150,83,0.08266896039105316
728,5,10,150,83,0.0
729,5,10,150,83,0.0
730,5,10,150,83,0.0
731,5,10,150,83,0.10343510349900437
732,5,10,150,83,0.0
733,5,10,150,83,0.0
734,5,10,150,83,0.0655813061736612
735,5,10,150,83,0.0
736,5,10,150,83,0.0
737,5,10,150,83,0.16282663249631943
738,5,10,150,83,0.2632431729022225
739,5,10,150,83,0.0
740,5,10,150,83,0.0
741,5,10,150,83,0.10965210684801945
742,5,10,150,83,0.04553761034739079
743,5,10,150,83,0.0814476682319001
744,5,10,150,83,0.08878770367712427
745,5,10,150,83,0.3682049230943936
746,5,10,150,83,0.11450296808588954
747,5,10,150,83,0.3339651627680741
748,5,10,150,83,0.22468225866052274
749,5,10,150,83,0.12592886071532847
750,5,10,150,83,0.07219614103266732
751,5,10,150,83,0.10926529688037187
752,5,10,150,83,0.020210299806331135
753,5,10,150,83,0.15406810205846871
754,5,10,150,83,0.0
755,5,10,150,83,0.067228724047084
756,5,10,150,83,0.12944030246708935
757,5,10,150,83,0.06756111822138194
758,5,10,150,83,0.23400483639597805
759,5,10,150,83,0.038281751104512325
760,5,10,150,83,0.11447590313611888
761,5,10,150,83,0.03339755935325358
762,5,10,150,83,0.11568388634051256
763,5,10,150,83,0.20859185628046678
764,5,10,150,83,0.08207588022692468
765,5,10,150,83,0.0
766,5,10,150,83,0.050541549839211865
767,5,10,150,83,0.2073612289146658
768,5,10,150,83,0.07655078846581868
769,5,10,150,83,0.0
770,5,10,150,83,0.04692206785373726
771,5,10,150,83,0.2149590517835668
772,5,10,150,83,0.03353522641880846
773,5,10,150,83,0.08236155615232364
774,5,10,150,83,0.03551622697259125
775,5,10,150,83,0.0437324968781469
776,5,10,150,83,0.12155614423940549
777,5,10,150,83,0.14445412169961394
778,5,10,150,83,0.024850109207689472
779,5,10,150,83,0.05878132199396477
780,5,10,150,83,0.13273397200317036
781,5,10,150,83,0.21898681539091044
782,5,10,150,83,0.019169703811390635
783,5,10,150,83,0.0
784,5,10,150,83,0.0
785,5,10,150,83,0.07685905888147043
786,5,10,150,83,0.13370327844286975
787,5,10,150,83,0.0683037314796457
788,5,10,150,83,0.14628820219894306
789,5,10,150,83,0.059109628562248356
790,5,10,150,83,0.05575678571159265
791,5,10,150,83,0.0
792,5,10,150,83,0.0
793,5,10,150,83,0.0
794,5,10,150,83,0.22201254783236782
795,5,10,150,83,0.09354596657002175
796,5,10,150,83,0.3231517721970154
797,5,10,150,83,0.09030583455080088
798,5,10,150,83,0.09016386452405738
799,5,10,150,83,0.0
800,5,10,150,83,0.0
801,5,10,150,83,0.03096677356901516
802,5,10,150,83,0.030863419558816
803,5,10,150,83,0.0
804,5,10,150,83,0.14258692292790767
805,5,10,150,83,0.09977278927589417
806,5,10,150,83,0.13891238635540284
807,5,10,150,83,0.19510906471881448
808,5,10,150,83,0.040655755922716606
809,5,10,150,83,0.07484323939884738
810,5,10,150,83,0.0
811,5,10,150,83,0.05062543788674174
812,5,10,150,83,0.0
813,5,10,150,83,0.17367331957930765
814,5,10,150,83,0.1426080995102236
815,5,10,150,83,0.22028916582098992
816,5,10,150,83,0.08005612702969578
817,5,10,150,83,0.0
818,5,10,150,83,0.0
819,5,10,150,83,0.15575997463127336
820,5,10,150,83,0.041641441310299704
821,5,10,150,83,0.19220292042320755
822,5,10,150,83,0.03902876023380719
823,5,10,150,83,0.2982209602555571
824,5,10,150,83,0.0
825,5,10,150,83,0.11189872447018753
826,5,10,150,83,0.10850875205271039
827,5,10,150,83,0.0
828,5,10,150,83,0.07244745602732354
829,5,10,150,83,0.1633399391391799
830,5,10,150,83,0.10053254151308513
831,5,10,150,83,0.2429972418166229
832,5,10,150,83,0.041355644490859725
833,5,10,150,83,0.12946777042473884
834,5,10,150,83,0.09452471710599904
835,5,10,150,83,0.16131021212220273
836,5,10,150,83,0.10882945376944808
837,5,10,150,83,0.022383927187041207
838,5,10,150,83,0.14570435926304814
839,5,10,150,83,0.05646784228340616
840,5,10,150,83,0.26122229534612207
841,5,10,150,83,0.0
842,5,10,150,83,0.03314153504336938
843,5,10,150,83,0.08548269688829421
844,5,10,150,83,0.14767302746812566
845,5,10,150,83,0.0
846,5,10,150,83,0.2998527862725788
847,5,10,150,83,0.019732492740263768
848,5,10,150,83,0.14282544347845919
849,5,10,150,83,0.1917146328376363
850,5,10,150,83,0.24846647105083042
851,5,10,150,83,0.24667529385351575
852,5,10,150,83,0.0
853,5,10,150,83,0.0
854,5,10,150,83,0.13753208579351273
855,5,10,150,83,0.0
856,5,10,150,83,0.0628634487195275
857,5,10,150,83,0.0
858,5,10,150,83,0.0
859,5,10,150,83,0.0
860,5,10,150,83,0.06357505029292475
861,5,10,150,83,0.12001290632387755
862,5,10,150,83,0.2683086374031051
863,5,10,150,83,0.1052183226513766
864,5,10,150,83,0.24475491151229053
865,5,10,150,83,0.030825292165839853
866,5,10,150,83,0.2482726129454347
867,5,10,150,83,0.36903482316460984
868,5,10,150,83,0.13002424566832846
869,5,10,150,83,0.11249099764238556
870,5,10,150,83,0.09316384521813467
871,5,10,150,83,0.23335170418377482
872,5,10,150,83,0.03050926163237471
873,5,10,150,83,0.0
874,5,10,150,83,0.06575393297476358
875,5,10,150,83,0.24878110643435097
876,5,10,150,83,0.0
877,5,10,150,83,0.03487978243545732
878,5,10,150,83,0.048005054499156014
879,5,10,150,83,0.07180913162424091
880,5,10,150,83,0.29245635835844086
881,5,10,150,83,0.26472913195955844
882,5,10,150,83,0.3041745066174525
883,5,10,150,83,0.329459138249627
884,5,10,150,83,0.028767091820622218
885,5,10,150,83,0.10709607345972089
886,5,10,150,83,0.15100823610853717
887,5,10,150,83,0.19044515959603903
888,5,10,150,83,0.0
889,5,10,150,83,0.20771993494974647
890,5,10,150,83,0.33986371328828224
891,5,10,150,83,0.09013275514532934
892,5,10,150,83,0.41583405962493813
893,5,10,150,83,0.06655191453229989
894,5,10,150,83,0.18140154509784978
895,5,10,150,83,0.0
896,5,10,150,83,0.31805685354461355
897,5,10,150,83,0.2342821611753117
898,5,10,150,83,0.0
899,5,10,150,83,0.1528183102111697
900,5,10,150,83,0.09313286019574611
901,5,10,150,83,0.23494174807842588
902,5,10,150,83,0.025255271126572616
903,5,10,150,83,0.3072281908382843
904,5,10,150,83,0.0
905,5,10,150,83,0.08773956418811966
906,5,10,150,83,0.06212701143918119
907,5,10,150,83,0.21278664855457033
908,5,10,150,83,0.20640898076180436
909,5,10,150,83,0.0
910,5,10,150,83,0.14111581018360284
911,5,10,150,83,0.08317288751647071
912,5,10,150,83,0.17292384468805336
913,5,10,150,83,0.19374110767191058
914,5,10,150,83,0.0
915,5,10,150,83,0.11261179911555924
916,5,10,150,83,0.17751031924531555
917,5,10,150,83,0.019845431127916993
918,5,10,150,83,0.0253533085437572
919,5,10,150,83,0.1251299067552284
920,5,10,150,83,0.26814570941777965
921,5,10,150,83,0.02477447378142753
922,5,10,150,83,0.1169032834855481
923,5,10,150,83,0.07926802913594262
924,5,10,150,83,0.11819634191622581
925,5,10,150,83,0.08576373115156254
926,5,10,150,83,0.18690891198435525
927,5,10,150,83,0.1384793716631536
928,5,10,150,83,0.225412941472223
929,5,10,150,83,0.11107244313646446
930,5,10,150,83,0.13909680376172495
931,5,10,150,83,0.059539365700728666
932,5,10,150,83,0.31568911842077435
933,5,10,150,83,0.05361657064560334
934,5,10,150,83,0.24241314689711757
935,5,10,150,83,0.043888403129016776
936,5,10,150,83,0.09814573519217769
937,5,10,150,83,0.09560624946230661
938,5,10,150,83,0.08978812887364458
939,5,10,150,83,0.05231692143384187
940,5,10,150,83,0.09469359068019315
941,5,10,150,83,0.2546814962889047
942,5,10,150,83,0.20361930362472372
943,5,10,150,83,0.14907385692269032
1,5,10,150,84,0.4058715898896693
2,5,10,150,84,0.14433828292945616
3,5,10,150,84,0.08759200575528697
4,5,10,150,84,0.0
5,5,10,150,84,0.04470486007704452
6,5,10,150,84,0.04187254809446048
7,5,10,150,84,0.22836484467160698
8,5,10,150,84,0.0
9,5,10,150,84,0.0
10,5,10,150,84,0.3005733545514552
11,5,10,150,84,0.03947525607388688
12,5,10,150,84,0.14632177291384774
13,5,10,150,84,0.24256092752724764
14,5,10,150,84,0.18795160328752808
15,5,10,150,84,0.0
16,5,10,150,84,0.19107502160562695
17,5,10,150,84,0.0
18,5,10,150,84,0.17872418048185143
19,5,10,150,84,0.15602106502222501
20,5,10,150,84,0.13743816645714543
21,5,10,150,84,0.17643857112498312
22,5,10,150,84,0.040815803121742565
23,5,10,150,84,0.10387012192613786
24,5,10,150,84,0.08835266840320231
25,5,10,150,84,0.23940867474021393
26,5,10,150,84,0.0
27,5,10,150,84,0.0
28,5,10,150,84,0.10131242160793445
30,5,10,150,84,0.08133484538841967
31,5,10,150,84,0.11164668500969883
32,5,10,150,84,0.19519002499605084
33,5,10,150,84,0.0
34,5,10,150,84,0.0
35,5,10,150,84,0.0
37,5,10,150,84,0.08177471774917201
38,5,10,150,84,0.0
39,5,10,150,84,0.0
40,5,10,150,84,0.0
41,5,10,150,84,0.06835476917178976
42,5,10,150,84,0.08850778826764391
43,5,10,150,84,0.0
44,5,10,150,84,0.29540493557662006
45,5,10,150,84,0.0
46,5,10,150,84,0.0
47,5,10,150,84,0.0
48,5,10,150,84,0.13203079491918646
49,5,10,150,84,0.05432573058142762
52,5,10,150,84,0.06369098129632131
53,5,10,150,84,0.0
54,5,10,150,84,0.0
55,5,10,150,84,0.0
56,5,10,150,84,0.11781210270929884
57,5,10,150,84,0.1318392860374695
58,5,10,150,84,0.43418941507676856
59,5,10,150,84,0.19233148606048747
60,5,10,150,84,0.1076743759411119
61,5,10,150,84,0.0
62,5,10,150,84,0.09586820699422145
63,5,10,150,84,0.0
64,5,10,150,84,0.07635718686081962
65,5,10,150,84,0.2342550150352983
66,5,10,150,84,0.06636133566432367
67,5,10,150,84,0.0
68,5,10,150,84,0.0
69,5,10,150,84,0.0
70,5,10,150,84,0.03243913203930433
71,5,10,150,84,0.20758456043036028
72,5,10,150,84,0.10990826949013655
73,5,10,150,84,0.10052888926242022
74,5,10,150,84,0.0
75,5,10,150,84,0.05515026856924372
76,5,10,150,84,0.10633668103022985
77,5,10,150,84,0.14247142730086715
78,5,10,150,84,0.0
79,5,10,150,84,0.07821312100379274
80,5,10,150,84,0.0
81,5,10,150,84,0.08878770367712427
82,5,10,150,84,0.03187578878809277
83,5,10,150,84,0.07414861528507455
84,5,10,150,84,0.07550980911390262
85,5,10,150,84,0.04734112273659951
86,5,10,150,84,0.0
87,5,10,150,84,0.16641625059082407
88,5,10,150,84,0.18920035951687003
89,5,10,150,84,0.0
90,5,10,150,84,0.19659652872125194
91,5,10,150,84,0.0
92,5,10,150,84,0.067443405477823
93,5,10,150,84,0.0
94,5,10,150,84,0.12253429761719764
95,5,10,150,84,0.07849567312219397
96,5,10,150,84,0.12622583419458475
97,5,10,150,84,0.0
98,5,10,150,84,0.0
99,5,10,150,84,0.13337585439143895
100,5,10,150,84,0.0
101,5,10,150,84,0.0
102,5,10,150,84,0.0
103,5,10,150,84,0.0
104,5,10,150,84,0.33958467175585033
105,5,10,150,84,0.0
106,5,10,150,84,0.06516188295518531
107,5,10,150,84,0.0
109,5,10,150,84,0.16563719724029594
110,5,10,150,84,0.03203603672019056
111,5,10,150,84,0.0
112,5,10,150,84,0.14155505107215216
113,5,10,150,84,0.0
114,5,10,150,84,0.08274602130532002
115,5,10,150,84,0.0718417865441674
116,5,10,150,84,0.0
117,5,10,150,84,0.0
118,5,10,150,84,0.2265416449833316
119,5,10,150,84,0.08512399185313972
120,5,10,150,84,0.0
121,5,10,150,84,0.13032376591037062
122,5,10,150,84,0.0
123,5,10,150,84,0.13720340769293682
124,5,10,150,84,0.0
125,5,10,150,84,0.05446333035917803
126,5,10,150,84,0.0
128,5,10,150,84,0.0
129,5,10,150,84,0.0
130,5,10,150,84,0.21080192078431575
131,5,10,150,84,0.0
132,5,10,150,84,0.0
133,5,10,150,84,0.0
134,5,10,150,84,0.0
135,5,10,150,84,0.0
136,5,10,150,84,0.0
137,5,10,150,84,0.1137075481082292
138,5,10,150,84,0.0976168253917686
139,5,10,150,84,0.10466868931043802
140,5,10,150,84,0.0
141,5,10,150,84,0.04733244938590725
142,5,10,150,84,0.0
143,5,10,150,84,0.0
144,5,10,150,84,0.0
145,5,10,150,84,0.22835480069221242
146,5,10,150,84,0.0
147,5,10,150,84,0.1033846481249528
148,5,10,150,84,0.26071721237610296
149,5,10,150,84,0.0
150,5,10,150,84,0.2640681225725909
151,5,10,150,84,0.1026571794225922
152,5,10,150,84,0.0
153,5,10,150,84,0.0
154,5,10,150,84,0.06416923277158361
155,5,10,150,84,0.0
156,5,10,150,84,0.0
157,5,10,150,84,0.0
158,5,10,150,84,0.13830208502611357
159,5,10,150,84,0.23138144801632507
160,5,10,150,84,0.23538511388047798
161,5,10,150,84,0.0
162,5,10,150,84,0.09784076556363268
163,5,10,150,84,0.0
164,5,10,150,84,0.0
165,5,10,150,84,0.0
167,5,10,150,84,0.05319635904163211
168,5,10,150,84,0.05461997784715835
169,5,10,150,84,0.0
170,5,10,150,84,0.0
171,5,10,150,84,0.0
173,5,10,150,84,0.07444401142258321
174,5,10,150,84,0.12795077757424125
175,5,10,150,84,0.21517910082405575
176,5,10,150,84,0.06289692884934815
177,5,10,150,84,0.38113435412202
178,5,10,150,84,0.12597398707460816
179,5,10,150,84,0.09149012142095872
180,5,10,150,84,0.06228974831361337
181,5,10,150,84,0.11680461119565375
182,5,10,150,84,0.0
183,5,10,150,84,0.15101961822780524
184,5,10,150,84,0.0
185,5,10,150,84,0.0
186,5,10,150,84,0.04633132539002164
187,5,10,150,84,0.0
188,5,10,150,84,0.12925733948536566
189,5,10,150,84,0.18890011590178235
190,5,10,150,84,0.0
192,5,10,150,84,0.123151194370365
193,5,10,150,84,0.0
194,5,10,150,84,0.14012129095911344
195,5,10,150,84,0.11787667935667444
196,5,10,150,84,0.0
197,5,10,150,84,0.09546043308946733
198,5,10,150,84,0.0
199,5,10,150,84,0.0
200,5,10,150,84,0.09785159463516042
201,5,10,150,84,0.018702907379956335
202,5,10,150,84,0.10466868931043802
203,5,10,150,84,0.0
204,5,10,150,84,0.19519002499605084
205,5,10,150,84,0.0
206,5,10,150,84,0.0
207,5,10,150,84,0.11073658758229504
208,5,10,150,84,0.0
209,5,10,150,84,0.0
210,5,10,150,84,0.2167516193508568
211,5,10,150,84,0.0
213,5,10,150,84,0.15669163589836543
214,5,10,150,84,0.0
216,5,10,150,84,0.23813231172447274
217,5,10,150,84,0.0
218,5,10,150,84,0.0
219,5,10,150,84,0.0
221,5,10,150,84,0.0
222,5,10,150,84,0.1050995674008573
223,5,10,150,84,0.0
224,5,10,150,84,0.0
225,5,10,150,84,0.09077089626867633
226,5,10,150,84,0.19092086617893467
227,5,10,150,84,0.0
228,5,10,150,84,0.0
229,5,10,150,84,0.0
230,5,10,150,84,0.12683081539850163
231,5,10,150,84,0.0
232,5,10,150,84,0.03962341267285813
233,5,10,150,84,0.3062523178880809
234,5,10,150,84,0.11342442095228848
235,5,10,150,84,0.06692738060277027
236,5,10,150,84,0.0
237,5,10,150,84,0.19342640361727081
238,5,10,150,84,0.0
239,5,10,150,84,0.06912040963822193
240,5,10,150,84,0.12495636102304827
241,5,10,150,84,0.0
242,5,10,150,84,0.0
243,5,10,150,84,0.0
244,5,10,150,84,0.049712302565054066
245,5,10,150,84,0.0
246,5,10,150,84,0.0561326498270945
247,5,10,150,84,0.09472348220010487
248,5,10,150,84,0.09472348220010487
249,5,10,150,84,0.09798874944313594
250,5,10,150,84,0.0
251,5,10,150,84,0.13032376591037062
252,5,10,150,84,0.20184908658209985
253,5,10,150,84,0.1084812001944431
254,5,10,150,84,0.08514311764162098
255,5,10,150,84,0.0
256,5,10,150,84,0.07107087490719705
257,5,10,150,84,0.1339616094750857
258,5,10,150,84,0.10144063749941859
259,5,10,150,84,0.1239740444869306
260,5,10,150,84,0.0
261,5,10,150,84,0.0
262,5,10,150,84,0.0
263,5,10,150,84,0.0956366800683804
264,5,10,150,84,0.0980310518581743
265,5,10,150,84,0.0
266,5,10,150,84,0.0
267,5,10,150,84,0.17168372277322866
268,5,10,150,84,0.07517090309261779
269,5,10,150,84,0.052962244777770985
270,5,10,150,84,0.07655568961465661
271,5,10,150,84,0.13010624216828925
272,5,10,150,84,0.1702293778633033
273,5,10,150,84,0.0
274,5,10,150,84,0.0
275,5,10,150,84,0.0
276,5,10,150,84,0.15875999922826586
277,5,10,150,84,0.0
278,5,10,150,84,0.1631512196835108
279,5,10,150,84,0.1734542012699839
280,5,10,150,84,0.20222165535157688
281,5,10,150,84,0.0
282,5,10,150,84,0.0
283,5,10,150,84,0.07028063830038406
284,5,10,150,84,0.0
285,5,10,150,84,0.0
286,5,10,150,84,0.09991246976864687
287,5,10,150,84,0.0
288,5,10,150,84,0.0859574327152926
289,5,10,150,84,0.16903020543979225
290,5,10,150,84,0.07834851647149511
291,5,10,150,84,0.07828167840727236
292,5,10,150,84,0.04224853374256244
293,5,10,150,84,0.15843251654014073
294,5,10,150,84,0.0239003177617487
295,5,10,150,84,0.2603201838311303
296,5,10,150,84,0.213595167308394
297,5,10,150,84,0.0
298,5,10,150,84,0.16915623549474385
299,5,10,150,84,0.0
300,5,10,150,84,0.0
301,5,10,150,84,0.06460801587741544
302,5,10,150,84,0.09224219235917257
303,5,10,150,84,0.07354269615643778
304,5,10,150,84,0.0
305,5,10,150,84,0.11349000778741654
306,5,10,150,84,0.0
307,5,10,150,84,0.10778915452451093
308,5,10,150,84,0.13490077762666258
310,5,10,150,84,0.0
311,5,10,150,84,0.13301422444853
312,5,10,150,84,0.1819616199123543
313,5,10,150,84,0.11270402374049442
314,5,10,150,84,0.16600564593053876
315,5,10,150,84,0.037110354711564805
316,5,10,150,84,0.0
317,5,10,150,84,0.0
318,5,10,150,84,0.1642688369468948
319,5,10,150,84,0.0
320,5,10,150,84,0.13927874459665815
321,5,10,150,84,0.0
322,5,10,150,84,0.0
323,5,10,150,84,0.1610425878239398
324,5,10,150,84,0.0
325,5,10,150,84,0.09092803061897883
326,5,10,150,84,0.027288805847552652
327,5,10,150,84,0.025410386140327024
328,5,10,150,84,0.09206364236149692
329,5,10,150,84,0.0
330,5,10,150,84,0.1313681680695099
331,5,10,150,84,0.0
332,5,10,150,84,0.09320485889859448
334,5,10,150,84,0.0620535353328374
335,5,10,150,84,0.16155546744299637
336,5,10,150,84,0.0780824078938463
337,5,10,150,84,0.0
338,5,10,150,84,0.18039889772993523
339,5,10,150,84,0.22956271420203478
340,5,10,150,84,0.12424880528285201
341,5,10,150,84,0.0
342,5,10,150,84,0.3820055212061999
343,5,10,150,84,0.09229649639444802
344,5,10,150,84,0.1202034973803211
345,5,10,150,84,0.18015355216717013
346,5,10,150,84,0.04366879852493834
347,5,10,150,84,0.24434072388563882
348,5,10,150,84,0.0
349,5,10,150,84,0.0
350,5,10,150,84,0.058087171966128066
351,5,10,150,84,0.07977344912567227
352,5,10,150,84,0.1903601622684853
353,5,10,150,84,0.14434031438272124
354,5,10,150,84,0.06335619058732639
355,5,10,150,84,0.0
356,5,10,150,84,0.0
357,5,10,150,84,0.0
358,5,10,150,84,0.06364028872631156
359,5,10,150,84,0.3010299956639812
360,5,10,150,84,0.12982031659526816
361,5,10,150,84,0.09478836436955078
362,5,10,150,84,0.054793185501041654
363,5,10,150,84,0.24101654828754165
364,5,10,150,84,0.0
365,5,10,150,84,0.0
366,5,10,150,84,0.0
367,5,10,150,84,0.06369098129632131
368,5,10,150,84,0.0
369,5,10,150,84,0.0
370,5,10,150,84,0.0
371,5,10,150,84,0.19950301641376814
372,5,10,150,84,0.15130120674940672
373,5,10,150,84,0.22842722979011518
374,5,10,150,84,0.07472550252128253
375,5,10,150,84,0.0
376,5,10,150,84,0.0
377,5,10,150,84,0.0
378,5,10,150,84,0.13635638482251203
379,5,10,150,84,0.08433239722469389
380,5,10,150,84,0.0
381,5,10,150,84,0.03243913203930433
382,5,10,150,84,0.1390935487579673
383,5,10,150,84,0.18543645219162883
384,5,10,150,84,0.0
385,5,10,150,84,0.0
386,5,10,150,84,0.0
387,5,10,150,84,0.08586571489348302
388,5,10,150,84,0.05789711601244791
389,5,10,150,84,0.09284203700798714
390,5,10,150,84,0.0
391,5,10,150,84,0.11245246430543061
392,5,10,150,84,0.1484702586346916
393,5,10,150,84,0.17201528718620057
394,5,10,150,84,0.18425976175120107
395,5,10,150,84,0.0
396,5,10,150,84,0.0
397,5,10,150,84,0.11004588314904008
398,5,10,150,84,0.28368572779044043
399,5,10,150,84,0.026175882249243814
400,5,10,150,84,0.0
401,5,10,150,84,0.02839245759615368
402,5,10,150,84,0.0
403,5,10,150,84,0.2529427027676571
404,5,10,150,84,0.0
405,5,10,150,84,0.061486286346499705
406,5,10,150,84,0.07610657727852362
407,5,10,150,84,0.12541209984981197
408,5,10,150,84,0.09983719697789138
409,5,10,150,84,0.05800611307095368
410,5,10,150,84,0.0
411,5,10,150,84,0.17342765698823945
412,5,10,150,84,0.0
413,5,10,150,84,0.0
414,5,10,150,84,0.21398626473452756
415,5,10,150,84,0.0
416,5,10,150,84,0.1691178381508892
417,5,10,150,84,0.11088189053445036
419,5,10,150,84,0.3536251441097701
420,5,10,150,84,0.15209749107189288
421,5,10,150,84,0.04264945290455212
422,5,10,150,84,0.0
423,5,10,150,84,0.13523051443907988
424,5,10,150,84,0.1545659390636425
425,5,10,150,84,0.24692470896273933
426,5,10,150,84,0.13571943816109763
427,5,10,150,84,0.12615224917140136
428,5,10,150,84,0.03967704129387874
429,5,10,150,84,0.14041959417088476
430,5,10,150,84,0.1261446714466394
431,5,10,150,84,0.0
432,5,10,150,84,0.049369952841505485
433,5,10,150,84,0.0
434,5,10,150,84,0.3903800499921017
435,5,10,150,84,0.11347000084585261
436,5,10,150,84,0.10958579382117346
437,5,10,150,84,0.22972973128433707
438,5,10,150,84,0.0
439,5,10,150,84,0.0
440,5,10,150,84,0.06175696970122604
441,5,10,150,84,0.0
442,5,10,150,84,0.0
443,5,10,150,84,0.0
445,5,10,150,84,0.0
446,5,10,150,84,0.0
447,5,10,150,84,0.2726897692124621
448,5,10,150,84,0.0
449,5,10,150,84,0.07784399437297408
450,5,10,150,84,0.22640083277136241
451,5,10,150,84,0.0
452,5,10,150,84,0.1353061563511876
453,5,10,150,84,0.029956785715628154
454,5,10,150,84,0.07998109630822593
455,5,10,150,84,0.08878904135110165
456,5,10,150,84,0.07758828619721583
457,5,10,150,84,0.29418445531213994
458,5,10,150,84,0.04507276838148142
459,5,10,150,84,0.0
460,5,10,150,84,0.0
461,5,10,150,84,0.0
462,5,10,150,84,0.0
463,5,10,150,84,0.026903388345470878
464,5,10,150,84,0.043001045588690626
465,5,10,150,84,0.035016337639871845
466,5,10,150,84,0.03947525607388688
467,5,10,150,84,0.1436337620239326
468,5,10,150,84,0.27023868832296544
469,5,10,150,84,0.057417722536754784
470,5,10,150,84,0.0
471,5,10,150,84,0.0
472,5,10,150,84,0.14903271548086697
473,5,10,150,84,0.08754031530847717
474,5,10,150,84,0.34897204770080337
475,5,10,150,84,0.06516188295518531
476,5,10,150,84,0.0
477,5,10,150,84,0.055100238151135045
478,5,10,150,84,0.23782833255689273
479,5,10,150,84,0.07834096783470737
480,5,10,150,84,0.21398626473452756
481,5,10,150,84,0.13863671367752411
482,5,10,150,84,0.0
483,5,10,150,84,0.06912040963822193
484,5,10,150,84,0.09353062527112192
485,5,10,150,84,0.0
486,5,10,150,84,0.10311241692162332
487,5,10,150,84,0.2215000938796789
488,5,10,150,84,0.0
489,5,10,150,84,0.0
490,5,10,150,84,0.0
491,5,10,150,84,0.19092086617893467
492,5,10,150,84,0.12471554514794539
493,5,10,150,84,0.06270991162683781
494,5,10,150,84,0.1096312620712655
495,5,10,150,84,0.15115187072926595
496,5,10,150,84,0.05459112561892713
497,5,10,150,84,0.05602614285694803
498,5,10,150,84,0.03855307727568851
499,5,10,150,84,0.1912282106369008
500,5,10,150,84,0.05011951520627559
501,5,10,150,84,0.0
502,5,10,150,84,0.06364028872631156
503,5,10,150,84,0.27534073433896133
504,5,10,150,84,0.0
505,5,10,150,84,0.0
506,5,10,150,84,0.13939295695713902
507,5,10,150,84,0.03371865946438579
508,5,10,150,84,0.0
509,5,10,150,84,0.06474271459046577
510,5,10,150,84,0.0
511,5,10,150,84,0.0
512,5,10,150,84,0.18316925091363362
513,5,10,150,84,0.0461651444771445
514,5,10,150,84,0.10595566933616397
515,5,10,150,84,0.0
516,5,10,150,84,0.13768197790533618
517,5,10,150,84,0.042259191411409554
518,5,10,150,84,0.0
519,5,10,150,84,0.10980194963145926
520,5,10,150,84,0.0
521,5,10,150,84,0.0
522,5,10,150,84,0.0
523,5,10,150,84,0.07926830632613421
524,5,10,150,84,0.10258209047527363
525,5,10,150,84,0.0
526,5,10,150,84,0.17292389918997986
527,5,10,150,84,0.14943863047793596
528,5,10,150,84,0.14110144150616766
529,5,10,150,84,0.10471139591065548
530,5,10,150,84,0.0
531,5,10,150,84,0.0
532,5,10,150,84,0.061814902734110014
533,5,10,150,84,0.140097006072795
534,5,10,150,84,0.07450923581469894
535,5,10,150,84,0.2871959083713276
536,5,10,150,84,0.27314750625223144
537,5,10,150,84,0.44143227384689576
538,5,10,150,84,0.0
539,5,10,150,84,0.1560067947598593
540,5,10,150,84,0.0
541,5,10,150,84,0.1630698087619573
542,5,10,150,84,0.1863323824297642
543,5,10,150,84,0.08556362051868405
544,5,10,150,84,0.07631352592005593
545,5,10,150,84,0.052962244777770985
546,5,10,150,84,0.15314106296495628
547,5,10,150,84,0.0
548,5,10,150,84,0.06942726819239371
549,5,10,150,84,0.0
550,5,10,150,84,0.13436217909546777
551,5,10,150,84,0.33883202286184855
552,5,10,150,84,0.0
553,5,10,150,84,0.2558682193404399
554,5,10,150,84,0.16600564593053876
555,5,10,150,84,0.0
556,5,10,150,84,0.15950832945941923
557,5,10,150,84,0.053894577262255466
558,5,10,150,84,0.05718685316335169
559,5,10,150,84,0.0734773909038217
560,5,10,150,84,0.24050284760456656
561,5,10,150,84,0.08536403126908694
562,5,10,150,84,0.034743705427429224
563,5,10,150,84,0.0
564,5,10,150,84,0.0
565,5,10,150,84,0.18568675205192314
566,5,10,150,84,0.13665387068436016
567,5,10,150,84,0.17044472484770287
568,5,10,150,84,0.057107346298225524
569,5,10,150,84,0.0336639187988199
570,5,10,150,84,0.0
571,5,10,150,84,0.0
572,5,10,150,84,0.058995070558427745
573,5,10,150,84,0.035908240113829995
574,5,10,150,84,0.07616204594440379
575,5,10,150,84,0.056316753775798256
576,5,10,150,84,0.17342765698823945
577,5,10,150,84,0.22186862389759224
578,5,10,150,84,0.09818998961169394
579,5,10,150,84,0.0
580,5,10,150,84,0.21661076434387644
581,5,10,150,84,0.0
582,5,10,150,84,0.028361369701356044
583,5,10,150,84,0.08811076314737627
584,5,10,150,84,0.0
585,5,10,150,84,0.03272632263321488
586,5,10,150,84,0.09195192495929504
587,5,10,150,84,0.0
588,5,10,150,84,0.21190028446013173
589,5,10,150,84,0.06524745980914907
590,5,10,150,84,0.18511573258657482
591,5,10,150,84,0.15758427078022966
592,5,10,150,84,0.24539657481359
593,5,10,150,84,0.1847125373189141
594,5,10,150,84,0.0843142342558857
595,5,10,150,84,0.0
596,5,10,150,84,0.0
597,5,10,150,84,0.0
598,5,10,150,84,0.11752277470724268
599,5,10,150,84,0.16402353420682853
600,5,10,150,84,0.0
601,5,10,150,84,0.026557570376145638
602,5,10,150,84,0.0
603,5,10,150,84,0.06194403202282284
604,5,10,150,84,0.0
605,5,10,150,84,0.10589838376326657
606,5,10,150,84,0.2138150508755678
607,5,10,150,84,0.0
608,5,10,150,84,0.14688428242884272
609,5,10,150,84,0.11838279295536291
610,5,10,150,84,0.05781186855394371
611,5,10,150,84,0.03927158715985786
612,5,10,150,84,0.0
613,5,10,150,84,0.2049174583553662
614,5,10,150,84,0.13886244387355454
615,5,10,150,84,0.10251900332140326
616,5,10,150,84,0.09781579202094404
617,5,10,150,84,0.07286192498233149
618,5,10,150,84,0.13693830900397266
619,5,10,150,84,0.17622915213253285
620,5,10,150,84,0.1451323880538222
621,5,10,150,84,0.13589759152345549
622,5,10,150,84,0.10022910267662996
623,5,10,150,84,0.13369528351530374
624,5,10,150,84,0.019160322430058573
625,5,10,150,84,0.0
626,5,10,150,84,0.04690797720830594
627,5,10,150,84,0.04289205981312439
628,5,10,150,84,0.0
629,5,10,150,84,0.2013573326089747
630,5,10,150,84,0.12522204146604196
631,5,10,150,84,0.09240791929215005
632,5,10,150,84,0.3331495701314084
633,5,10,150,84,0.0455520698635181
634,5,10,150,84,0.023756977677906275
635,5,10,150,84,0.07393190703916604
636,5,10,150,84,0.0
637,5,10,150,84,0.0
638,5,10,150,84,0.15473934503245962
639,5,10,150,84,0.0
640,5,10,150,84,0.08757749316783438
641,5,10,150,84,0.03570665676503816
642,5,10,150,84,0.13207172242143603
643,5,10,150,84,0.15031592367651372
644,5,10,150,84,0.0
645,5,10,150,84,0.1856947245529553
646,5,10,150,84,0.0
647,5,10,150,84,0.03673869545191085
648,5,10,150,84,0.1510121408821335
649,5,10,150,84,0.0
650,5,10,150,84,0.14208499571110345
651,5,10,150,84,0.03443184397772452
652,5,10,150,84,0.0
653,5,10,150,84,0.042464725972586034
654,5,10,150,84,0.17020900230175445
655,5,10,150,84,0.2341989713285025
656,5,10,150,84,0.0
657,5,10,150,84,0.053845569940583225
658,5,10,150,84,0.0
659,5,10,150,84,0.07075240780563574
660,5,10,150,84,0.033833577668373825
661,5,10,150,84,0.12705991527984942
662,5,10,150,84,0.0
663,5,10,150,84,0.09211594531187607
664,5,10,150,84,0.05391021349625259
665,5,10,150,84,0.0
666,5,10,150,84,0.07860744541237058
667,5,10,150,84,0.2676806947950803
668,5,10,150,84,0.0
669,5,10,150,84,0.2672968266839232
670,5,10,150,84,0.18230594268689504
671,5,10,150,84,0.17434206503696043
672,5,10,150,84,0.0
673,5,10,150,84,0.0
674,5,10,150,84,0.0
675,5,10,150,84,0.05010834716923557
676,5,10,150,84,0.0536726727979485
677,5,10,150,84,0.03927489746221688
678,5,10,150,84,0.0
679,5,10,150,84,0.26970586372388394
680,5,10,150,84,0.2073612289146658
681,5,10,150,84,0.0
682,5,10,150,84,0.11309912098016961
683,5,10,150,84,0.06289349548893712
684,5,10,150,84,0.0
685,5,10,150,84,0.0
686,5,10,150,84,0.11524934452025383
687,5,10,150,84,0.0
688,5,10,150,84,0.0
689,5,10,150,84,0.32436268379537736
690,5,10,150,84,0.0
691,5,10,150,84,0.0
692,5,10,150,84,0.0
693,5,10,150,84,0.015483922344753005
694,5,10,150,84,0.20269611984358588
695,5,10,150,84,0.0607039656753694
696,5,10,150,84,0.12935879342602336
697,5,10,150,84,0.06378035696304758
698,5,10,150,84,0.09499131598480672
699,5,10,150,84,0.03139866635141006
700,5,10,150,84,0.16958010263680806
701,5,10,150,84,0.04129602134854855
702,5,10,150,84,0.0
703,5,10,150,84,0.03870447337439288
704,5,10,150,84,0.09986079379105446
705,5,10,150,84,0.20609334068785645
706,5,10,150,84,0.0
707,5,10,150,84,0.11204043240783193
708,5,10,150,84,0.0943325796571581
709,5,10,150,84,0.11778692963665513
710,5,10,150,84,0.05710411178654767
711,5,10,150,84,0.15552566999725762
712,5,10,150,84,0.12435918123916344
713,5,10,150,84,0.0
714,5,10,150,84,0.04195229264874745
715,5,10,150,84,0.07261309108674657
716,5,10,150,84,0.168520177802778
717,5,10,150,84,0.18940567332300148
718,5,10,150,84,0.14061157344379913
719,5,10,150,84,0.1811528335938261
720,5,10,150,84,0.05261577455142312
721,5,10,150,84,0.185399636990879
722,5,10,150,84,0.0
723,5,10,150,84,0.0
724,5,10,150,84,0.0
725,5,10,150,84,0.05750402108673013
726,5,10,150,84,0.2529427027676571
727,5,10,150,84,0.08197153278314252
728,5,10,150,84,0.0
729,5,10,150,84,0.0
730,5,10,150,84,0.0
731,5,10,150,84,0.10343510349900437
732,5,10,150,84,0.0
733,5,10,150,84,0.0
734,5,10,150,84,0.0655813061736612
735,5,10,150,84,0.0
736,5,10,150,84,0.0
737,5,10,150,84,0.16282663249631943
738,5,10,150,84,0.2632431729022225
739,5,10,150,84,0.0
740,5,10,150,84,0.0
741,5,10,150,84,0.10965210684801945
742,5,10,150,84,0.04553761034739079
743,5,10,150,84,0.0814476682319001
744,5,10,150,84,0.08878770367712427
745,5,10,150,84,0.3682049230943936
746,5,10,150,84,0.11450296808588954
747,5,10,150,84,0.33114770233923785
748,5,10,150,84,0.22468225866052274
749,5,10,150,84,0.12486647570794292
750,5,10,150,84,0.07219614103266732
751,5,10,150,84,0.10926529688037187
752,5,10,150,84,0.020210299806331135
753,5,10,150,84,0.15406810205846871
754,5,10,150,84,0.0
755,5,10,150,84,0.067228724047084
756,5,10,150,84,0.12944030246708935
757,5,10,150,84,0.06756111822138194
758,5,10,150,84,0.23203068028568988
759,5,10,150,84,0.038281751104512325
760,5,10,150,84,0.11447590313611888
761,5,10,150,84,0.03339755935325358
762,5,10,150,84,0.11568388634051256
763,5,10,150,84,0.20859185628046678
764,5,10,150,84,0.08207588022692468
765,5,10,150,84,0.0
766,5,10,150,84,0.050541549839211865
767,5,10,150,84,0.2073612289146658
768,5,10,150,84,0.07655078846581868
769,5,10,150,84,0.0
770,5,10,150,84,0.04692206785373726
771,5,10,150,84,0.2149590517835668
772,5,10,150,84,0.03353522641880846
773,5,10,150,84,0.08236155615232364
774,5,10,150,84,0.03551622697259125
775,5,10,150,84,0.0437324968781469
776,5,10,150,84,0.12155614423940549
777,5,10,150,84,0.14445412169961394
778,5,10,150,84,0.024850109207689472
779,5,10,150,84,0.05878132199396477
780,5,10,150,84,0.13273397200317036
781,5,10,150,84,0.21898681539091044
782,5,10,150,84,0.019007980709874767
783,5,10,150,84,0.0
784,5,10,150,84,0.0
785,5,10,150,84,0.07685905888147043
786,5,10,150,84,0.13370327844286975
787,5,10,150,84,0.0683037314796457
788,5,10,150,84,0.1450540578424332
789,5,10,150,84,0.059109628562248356
790,5,10,150,84,0.05575678571159265
791,5,10,150,84,0.0
792,5,10,150,84,0.0
793,5,10,150,84,0.0
794,5,10,150,84,0.22201254783236782
795,5,10,150,84,0.09354596657002175
796,5,10,150,84,0.32042553775050314
797,5,10,150,84,0.09030583455080088
798,5,10,150,84,0.08940320698031261
799,5,10,150,84,0.0
800,5,10,150,84,0.0
801,5,10,150,84,0.03096677356901516
802,5,10,150,84,0.030863419558816
803,5,10,150,84,0.0
804,5,10,150,84,0.14138400400759535
805,5,10,150,84,0.09893106709346801
806,5,10,150,84,0.13891238635540284
807,5,10,150,84,0.19510906471881448
808,5,10,150,84,0.040655755922716606
809,5,10,150,84,0.07484323939884738
810,5,10,150,84,0.0
811,5,10,150,84,0.05062543788674174
812,5,10,150,84,0.0
813,5,10,150,84,0.17367331957930765
814,5,10,150,84,0.1426080995102236
815,5,10,150,84,0.22028916582098992
816,5,10,150,84,0.08005612702969578
817,5,10,150,84,0.0
818,5,10,150,84,0.0
819,5,10,150,84,0.15575997463127336
820,5,10,150,84,0.041641441310299704
821,5,10,150,84,0.19220292042320755
822,5,10,150,84,0.03902876023380719
823,5,10,150,84,0.2982209602555571
824,5,10,150,84,0.0
825,5,10,150,84,0.11189872447018753
826,5,10,150,84,0.10850875205271039
827,5,10,150,84,0.0
828,5,10,150,84,0.07244745602732354
829,5,10,150,84,0.1633399391391799
830,5,10,150,84,0.10053254151308513
831,5,10,150,84,0.2429972418166229
832,5,10,150,84,0.041355644490859725
833,5,10,150,84,0.12837552979413547
834,5,10,150,84,0.09452471710599904
835,5,10,150,84,0.16131021212220273
836,5,10,150,84,0.10882945376944808
837,5,10,150,84,0.022383927187041207
838,5,10,150,84,0.14570435926304814
839,5,10,150,84,0.05646784228340616
840,5,10,150,84,0.2590185221316728
841,5,10,150,84,0.0
842,5,10,150,84,0.03314153504336938
843,5,10,150,84,0.08476153150135166
844,5,10,150,84,0.14767302746812566
845,5,10,150,84,0.0
846,5,10,150,84,0.3057595013703055
847,5,10,150,84,0.019732492740263768
848,5,10,150,84,0.14282544347845919
849,5,10,150,84,0.1917146328376363
850,5,10,150,84,0.24846647105083042
851,5,10,150,84,0.24459424482000774
852,5,10,150,84,0.0
853,5,10,150,84,0.0
854,5,10,150,84,0.14480820165924213
855,5,10,150,84,0.0
856,5,10,150,84,0.0628634487195275
857,5,10,150,84,0.0
858,5,10,150,84,0.0
859,5,10,150,84,0.0
860,5,10,150,84,0.07895451146887555
861,5,10,150,84,0.12001290632387755
862,5,10,150,84,0.27448147124945943
863,5,10,150,84,0.1052183226513766
864,5,10,150,84,0.2426900635735608
865,5,10,150,84,0.030825292165839853
866,5,10,150,84,0.2482726129454347
867,5,10,150,84,0.36903482316460984
868,5,10,150,84,0.12892731039542932
869,5,10,150,84,0.13073888317817722
870,5,10,150,84,0.09237787866663957
871,5,10,150,84,0.23335170418377482
872,5,10,150,84,0.03050926163237471
873,5,10,150,84,0.0
874,5,10,150,84,0.06575393297476358
875,5,10,150,84,0.24878110643435097
876,5,10,150,84,0.0
877,5,10,150,84,0.03487978243545732
878,5,10,150,84,0.048005054499156014
879,5,10,150,84,0.07180913162424091
880,5,10,150,84,0.28998908240065274
881,5,10,150,84,0.2624957737030441
882,5,10,150,84,0.3129067662362808
883,5,10,150,84,0.32667969240191314
884,5,10,150,84,0.028767091820622218
885,5,10,150,84,0.10709607345972089
886,5,10,150,84,0.14973427170417314
887,5,10,150,84,0.1888384899165495
888,5,10,150,84,0.0
889,5,10,150,84,0.20596752852462547
890,5,10,150,84,0.33986371328828224
891,5,10,150,84,0.09013275514532934
892,5,10,150,84,0.4123259212363565
893,5,10,150,84,0.06655191453229989
894,5,10,150,84,0.17987117087915358
895,5,10,150,84,0.0
896,5,10,150,84,0.31537360181992863
897,5,10,150,84,0.2323056654449709
898,5,10,150,84,0.0
899,5,10,150,84,0.1528183102111697
900,5,10,150,84,0.09313286019574611
901,5,10,150,84,0.24407968790923049
902,5,10,150,84,0.025255271126572616
903,5,10,150,84,0.3046362939376158
904,5,10,150,84,0.0
905,5,10,150,84,0.08773956418811966
906,5,10,150,84,0.06212701143918119
907,5,10,150,84,0.21099149735640918
908,5,10,150,84,0.20640898076180436
909,5,10,150,84,0.0
910,5,10,150,84,0.14111581018360284
911,5,10,150,84,0.08317288751647071
912,5,10,150,84,0.17292384468805336
913,5,10,150,84,0.19374110767191058
914,5,10,150,84,0.0
915,5,10,150,84,0.11261179911555924
916,5,10,150,84,0.17601277292629697
917,5,10,150,84,0.019845431127916993
918,5,10,150,84,0.0253533085437572
919,5,10,150,84,0.12407426203520813
920,5,10,150,84,0.26814570941777965
921,5,10,150,84,0.02477447378142753
922,5,10,150,84,0.1169032834855481
923,5,10,150,84,0.07926802913594262
924,5,10,150,84,0.11819634191622581
925,5,10,150,84,0.08576373115156254
926,5,10,150,84,0.18690891198435525
927,5,10,150,84,0.14574749585564864
928,5,10,150,84,0.225412941472223
929,5,10,150,84,0.11107244313646446
930,5,10,150,84,0.13909680376172495
931,5,10,150,84,0.059539365700728666
932,5,10,150,84,0.31302584183350224
933,5,10,150,84,0.05316424033404687
934,5,10,150,84,0.2488044452059961
935,5,10,150,84,0.043888403129016776
936,5,10,150,84,0.09731773947289053
937,5,10,150,84,0.09560624946230661
938,5,10,150,84,0.08978812887364458
939,5,10,150,84,0.05231692143384187
940,5,10,150,84,0.09469359068019315
941,5,10,150,84,0.2546814962889047
942,5,10,150,84,0.20361930362472372
943,5,10,150,84,0.14781621169594744
1,5,10,150,85,0.4058715898896693
2,5,10,150,85,0.14433828292945616
3,5,10,150,85,0.08759200575528697
4,5,10,150,85,0.0
5,5,10,150,85,0.04470486007704452
6,5,10,150,85,0.04187254809446048
7,5,10,150,85,0.22836484467160698
8,5,10,150,85,0.0
9,5,10,150,85,0.0
10,5,10,150,85,0.3005733545514552
11,5,10,150,85,0.03947525607388688
12,5,10,150,85,0.14632177291384774
13,5,10,150,85,0.24256092752724764
14,5,10,150,85,0.18795160328752808
15,5,10,150,85,0.0
16,5,10,150,85,0.19107502160562695
17,5,10,150,85,0.0
18,5,10,150,85,0.17872418048185143
19,5,10,150,85,0.15602106502222501
20,5,10,150,85,0.13743816645714543
21,5,10,150,85,0.17643857112498312
22,5,10,150,85,0.040815803121742565
23,5,10,150,85,0.10387012192613786
24,5,10,150,85,0.08835266840320231
25,5,10,150,85,0.23940867474021393
26,5,10,150,85,0.0
27,5,10,150,85,0.0
28,5,10,150,85,0.10131242160793445
30,5,10,150,85,0.08133484538841967
31,5,10,150,85,0.11164668500969883
32,5,10,150,85,0.19519002499605084
33,5,10,150,85,0.0
34,5,10,150,85,0.0
35,5,10,150,85,0.0
37,5,10,150,85,0.08177471774917201
38,5,10,150,85,0.0
39,5,10,150,85,0.0
40,5,10,150,85,0.0
41,5,10,150,85,0.06835476917178976
42,5,10,150,85,0.08850778826764391
43,5,10,150,85,0.0
44,5,10,150,85,0.29540493557662006
45,5,10,150,85,0.0
46,5,10,150,85,0.0
47,5,10,150,85,0.0
48,5,10,150,85,0.13203079491918646
49,5,10,150,85,0.05432573058142762
52,5,10,150,85,0.06369098129632131
53,5,10,150,85,0.0
54,5,10,150,85,0.0
55,5,10,150,85,0.0
56,5,10,150,85,0.11781210270929884
57,5,10,150,85,0.1318392860374695
58,5,10,150,85,0.43418941507676856
59,5,10,150,85,0.19233148606048747
60,5,10,150,85,0.1076743759411119
61,5,10,150,85,0.0
62,5,10,150,85,0.09586820699422145
63,5,10,150,85,0.0
64,5,10,150,85,0.07635718686081962
65,5,10,150,85,0.2342550150352983
66,5,10,150,85,0.06636133566432367
67,5,10,150,85,0.0
68,5,10,150,85,0.0
69,5,10,150,85,0.0
70,5,10,150,85,0.03243913203930433
71,5,10,150,85,0.20758456043036028
72,5,10,150,85,0.10990826949013655
73,5,10,150,85,0.10052888926242022
74,5,10,150,85,0.0
75,5,10,150,85,0.05515026856924372
76,5,10,150,85,0.10633668103022985
77,5,10,150,85,0.14247142730086715
78,5,10,150,85,0.0
79,5,10,150,85,0.07821312100379274
80,5,10,150,85,0.0
81,5,10,150,85,0.08878770367712427
82,5,10,150,85,0.03187578878809277
83,5,10,150,85,0.07414861528507455
84,5,10,150,85,0.07550980911390262
85,5,10,150,85,0.04734112273659951
86,5,10,150,85,0.0
87,5,10,150,85,0.16641625059082407
88,5,10,150,85,0.18920035951687003
89,5,10,150,85,0.0
90,5,10,150,85,0.19659652872125194
91,5,10,150,85,0.0
92,5,10,150,85,0.067443405477823
93,5,10,150,85,0.0
94,5,10,150,85,0.12253429761719764
95,5,10,150,85,0.07849567312219397
96,5,10,150,85,0.12622583419458475
97,5,10,150,85,0.0
98,5,10,150,85,0.0
99,5,10,150,85,0.13337585439143895
100,5,10,150,85,0.0
101,5,10,150,85,0.0
102,5,10,150,85,0.0
103,5,10,150,85,0.0
104,5,10,150,85,0.33958467175585033
105,5,10,150,85,0.0
106,5,10,150,85,0.06516188295518531
107,5,10,150,85,0.0
109,5,10,150,85,0.16563719724029594
110,5,10,150,85,0.03203603672019056
111,5,10,150,85,0.0
112,5,10,150,85,0.14155505107215216
113,5,10,150,85,0.0
114,5,10,150,85,0.08274602130532002
115,5,10,150,85,0.0718417865441674
116,5,10,150,85,0.0
117,5,10,150,85,0.04277388862840795
118,5,10,150,85,0.2265416449833316
119,5,10,150,85,0.08512399185313972
120,5,10,150,85,0.0
121,5,10,150,85,0.13032376591037062
122,5,10,150,85,0.0
123,5,10,150,85,0.13720340769293682
124,5,10,150,85,0.0
125,5,10,150,85,0.05446333035917803
126,5,10,150,85,0.0
128,5,10,150,85,0.0
129,5,10,150,85,0.0
130,5,10,150,85,0.21080192078431575
131,5,10,150,85,0.0
132,5,10,150,85,0.0
133,5,10,150,85,0.0
134,5,10,150,85,0.0
135,5,10,150,85,0.0
136,5,10,150,85,0.0
137,5,10,150,85,0.1137075481082292
138,5,10,150,85,0.0976168253917686
139,5,10,150,85,0.10466868931043802
140,5,10,150,85,0.0
141,5,10,150,85,0.04733244938590725
142,5,10,150,85,0.0
143,5,10,150,85,0.0
144,5,10,150,85,0.0
145,5,10,150,85,0.22835480069221242
146,5,10,150,85,0.0
147,5,10,150,85,0.1033846481249528
148,5,10,150,85,0.26071721237610296
149,5,10,150,85,0.0
150,5,10,150,85,0.2640681225725909
151,5,10,150,85,0.1026571794225922
152,5,10,150,85,0.0
153,5,10,150,85,0.0
154,5,10,150,85,0.06416923277158361
155,5,10,150,85,0.0
156,5,10,150,85,0.0
157,5,10,150,85,0.0
158,5,10,150,85,0.13830208502611357
159,5,10,150,85,0.23138144801632507
160,5,10,150,85,0.23538511388047798
161,5,10,150,85,0.0
162,5,10,150,85,0.09784076556363268
163,5,10,150,85,0.0
164,5,10,150,85,0.0
165,5,10,150,85,0.0
167,5,10,150,85,0.05319635904163211
168,5,10,150,85,0.05461997784715835
169,5,10,150,85,0.0
170,5,10,150,85,0.0
171,5,10,150,85,0.0
173,5,10,150,85,0.07444401142258321
174,5,10,150,85,0.12795077757424125
175,5,10,150,85,0.21517910082405575
176,5,10,150,85,0.06289692884934815
177,5,10,150,85,0.38113435412202
178,5,10,150,85,0.12597398707460816
179,5,10,150,85,0.09149012142095872
180,5,10,150,85,0.06228974831361337
181,5,10,150,85,0.11680461119565375
182,5,10,150,85,0.0
183,5,10,150,85,0.15101961822780524
184,5,10,150,85,0.0
185,5,10,150,85,0.0
186,5,10,150,85,0.04633132539002164
187,5,10,150,85,0.0
188,5,10,150,85,0.12925733948536566
189,5,10,150,85,0.18890011590178235
190,5,10,150,85,0.0
192,5,10,150,85,0.123151194370365
193,5,10,150,85,0.0
194,5,10,150,85,0.14012129095911344
195,5,10,150,85,0.11787667935667444
196,5,10,150,85,0.0
197,5,10,150,85,0.09546043308946733
198,5,10,150,85,0.0
199,5,10,150,85,0.0
200,5,10,150,85,0.09785159463516042
201,5,10,150,85,0.018702907379956335
202,5,10,150,85,0.10466868931043802
203,5,10,150,85,0.0
204,5,10,150,85,0.19519002499605084
205,5,10,150,85,0.0
206,5,10,150,85,0.0
207,5,10,150,85,0.11073658758229504
208,5,10,150,85,0.0
209,5,10,150,85,0.0
210,5,10,150,85,0.2167516193508568
211,5,10,150,85,0.0
213,5,10,150,85,0.15669163589836543
214,5,10,150,85,0.0
216,5,10,150,85,0.23813231172447274
217,5,10,150,85,0.0
218,5,10,150,85,0.0
219,5,10,150,85,0.0
221,5,10,150,85,0.0
222,5,10,150,85,0.1050995674008573
223,5,10,150,85,0.0
224,5,10,150,85,0.0
225,5,10,150,85,0.09077089626867633
226,5,10,150,85,0.19092086617893467
227,5,10,150,85,0.0
228,5,10,150,85,0.0
229,5,10,150,85,0.0
230,5,10,150,85,0.12683081539850163
231,5,10,150,85,0.0
232,5,10,150,85,0.03962341267285813
233,5,10,150,85,0.3062523178880809
234,5,10,150,85,0.11342442095228848
235,5,10,150,85,0.06692738060277027
236,5,10,150,85,0.0
237,5,10,150,85,0.19342640361727081
238,5,10,150,85,0.0
239,5,10,150,85,0.06912040963822193
240,5,10,150,85,0.12495636102304827
241,5,10,150,85,0.0
242,5,10,150,85,0.0
243,5,10,150,85,0.0
244,5,10,150,85,0.049712302565054066
245,5,10,150,85,0.0
246,5,10,150,85,0.0561326498270945
247,5,10,150,85,0.09472348220010487
248,5,10,150,85,0.09472348220010487
249,5,10,150,85,0.09798874944313594
250,5,10,150,85,0.0
251,5,10,150,85,0.13032376591037062
252,5,10,150,85,0.20184908658209985
253,5,10,150,85,0.1084812001944431
254,5,10,150,85,0.08514311764162098
255,5,10,150,85,0.0
256,5,10,150,85,0.07107087490719705
257,5,10,150,85,0.1339616094750857
258,5,10,150,85,0.10144063749941859
259,5,10,150,85,0.1239740444869306
260,5,10,150,85,0.0
261,5,10,150,85,0.0
262,5,10,150,85,0.0
263,5,10,150,85,0.0956366800683804
264,5,10,150,85,0.0980310518581743
265,5,10,150,85,0.0
266,5,10,150,85,0.0
267,5,10,150,85,0.17168372277322866
268,5,10,150,85,0.07517090309261779
269,5,10,150,85,0.052962244777770985
270,5,10,150,85,0.07655568961465661
271,5,10,150,85,0.13010624216828925
272,5,10,150,85,0.1702293778633033
273,5,10,150,85,0.0
274,5,10,150,85,0.0
275,5,10,150,85,0.0
276,5,10,150,85,0.15875999922826586
277,5,10,150,85,0.0
278,5,10,150,85,0.1631512196835108
279,5,10,150,85,0.1734542012699839
280,5,10,150,85,0.20222165535157688
281,5,10,150,85,0.0
282,5,10,150,85,0.0
283,5,10,150,85,0.07028063830038406
284,5,10,150,85,0.0
285,5,10,150,85,0.0
286,5,10,150,85,0.09991246976864687
287,5,10,150,85,0.0
288,5,10,150,85,0.0859574327152926
289,5,10,150,85,0.16903020543979225
290,5,10,150,85,0.07834851647149511
291,5,10,150,85,0.07828167840727236
292,5,10,150,85,0.04224853374256244
293,5,10,150,85,0.15843251654014073
294,5,10,150,85,0.0239003177617487
295,5,10,150,85,0.2603201838311303
296,5,10,150,85,0.213595167308394
297,5,10,150,85,0.0
298,5,10,150,85,0.16915623549474385
299,5,10,150,85,0.0
300,5,10,150,85,0.0
301,5,10,150,85,0.06460801587741544
302,5,10,150,85,0.09224219235917257
303,5,10,150,85,0.07354269615643778
304,5,10,150,85,0.0
305,5,10,150,85,0.11349000778741654
306,5,10,150,85,0.0
307,5,10,150,85,0.10778915452451093
308,5,10,150,85,0.13490077762666258
310,5,10,150,85,0.0
311,5,10,150,85,0.13301422444853
312,5,10,150,85,0.1819616199123543
313,5,10,150,85,0.11270402374049442
314,5,10,150,85,0.16600564593053876
315,5,10,150,85,0.037110354711564805
316,5,10,150,85,0.0
317,5,10,150,85,0.0
318,5,10,150,85,0.1642688369468948
319,5,10,150,85,0.0
320,5,10,150,85,0.13927874459665815
321,5,10,150,85,0.0
322,5,10,150,85,0.0
323,5,10,150,85,0.1610425878239398
324,5,10,150,85,0.0
325,5,10,150,85,0.09092803061897883
326,5,10,150,85,0.027288805847552652
327,5,10,150,85,0.025410386140327024
328,5,10,150,85,0.09206364236149692
329,5,10,150,85,0.0
330,5,10,150,85,0.1313681680695099
331,5,10,150,85,0.0
332,5,10,150,85,0.09320485889859448
334,5,10,150,85,0.0620535353328374
335,5,10,150,85,0.16155546744299637
336,5,10,150,85,0.0780824078938463
337,5,10,150,85,0.0
338,5,10,150,85,0.18039889772993523
339,5,10,150,85,0.22956271420203478
340,5,10,150,85,0.12424880528285201
341,5,10,150,85,0.0
342,5,10,150,85,0.3820055212061999
343,5,10,150,85,0.09229649639444802
344,5,10,150,85,0.1202034973803211
345,5,10,150,85,0.18015355216717013
346,5,10,150,85,0.04366879852493834
347,5,10,150,85,0.24434072388563882
348,5,10,150,85,0.0
349,5,10,150,85,0.0
350,5,10,150,85,0.058087171966128066
351,5,10,150,85,0.07977344912567227
352,5,10,150,85,0.1903601622684853
353,5,10,150,85,0.14434031438272124
354,5,10,150,85,0.06335619058732639
355,5,10,150,85,0.0
356,5,10,150,85,0.0
357,5,10,150,85,0.0
358,5,10,150,85,0.06364028872631156
359,5,10,150,85,0.3010299956639812
360,5,10,150,85,0.12982031659526816
361,5,10,150,85,0.09478836436955078
362,5,10,150,85,0.054793185501041654
363,5,10,150,85,0.24101654828754165
364,5,10,150,85,0.0
365,5,10,150,85,0.0
366,5,10,150,85,0.0
367,5,10,150,85,0.06369098129632131
368,5,10,150,85,0.0
369,5,10,150,85,0.0
370,5,10,150,85,0.0
371,5,10,150,85,0.19950301641376814
372,5,10,150,85,0.15130120674940672
373,5,10,150,85,0.22842722979011518
374,5,10,150,85,0.07472550252128253
375,5,10,150,85,0.0
376,5,10,150,85,0.0
377,5,10,150,85,0.0
378,5,10,150,85,0.13635638482251203
379,5,10,150,85,0.08433239722469389
380,5,10,150,85,0.0
381,5,10,150,85,0.03243913203930433
382,5,10,150,85,0.1390935487579673
383,5,10,150,85,0.18543645219162883
384,5,10,150,85,0.0
385,5,10,150,85,0.0
386,5,10,150,85,0.0
387,5,10,150,85,0.08586571489348302
388,5,10,150,85,0.05789711601244791
389,5,10,150,85,0.09284203700798714
390,5,10,150,85,0.0
391,5,10,150,85,0.11245246430543061
392,5,10,150,85,0.1484702586346916
393,5,10,150,85,0.17201528718620057
394,5,10,150,85,0.18425976175120107
395,5,10,150,85,0.0
396,5,10,150,85,0.0
397,5,10,150,85,0.11004588314904008
398,5,10,150,85,0.28368572779044043
399,5,10,150,85,0.026175882249243814
400,5,10,150,85,0.0
401,5,10,150,85,0.02839245759615368
402,5,10,150,85,0.0
403,5,10,150,85,0.2529427027676571
404,5,10,150,85,0.0
405,5,10,150,85,0.06097324295128539
406,5,10,150,85,0.07610657727852362
407,5,10,150,85,0.12541209984981197
408,5,10,150,85,0.09983719697789138
409,5,10,150,85,0.05800611307095368
410,5,10,150,85,0.0
411,5,10,150,85,0.17342765698823945
412,5,10,150,85,0.0
413,5,10,150,85,0.0
414,5,10,150,85,0.21398626473452756
415,5,10,150,85,0.0
416,5,10,150,85,0.1691178381508892
417,5,10,150,85,0.11088189053445036
419,5,10,150,85,0.3536251441097701
420,5,10,150,85,0.15209749107189288
421,5,10,150,85,0.04264945290455212
422,5,10,150,85,0.0
423,5,10,150,85,0.13523051443907988
424,5,10,150,85,0.1545659390636425
425,5,10,150,85,0.2655785070268174
426,5,10,150,85,0.13571943816109763
427,5,10,150,85,0.12615224917140136
428,5,10,150,85,0.03967704129387874
429,5,10,150,85,0.14041959417088476
430,5,10,150,85,0.1261446714466394
431,5,10,150,85,0.0
432,5,10,150,85,0.049369952841505485
433,5,10,150,85,0.0
434,5,10,150,85,0.3903800499921017
435,5,10,150,85,0.11347000084585261
436,5,10,150,85,0.10958579382117346
437,5,10,150,85,0.22972973128433707
438,5,10,150,85,0.0
439,5,10,150,85,0.0
440,5,10,150,85,0.06175696970122604
441,5,10,150,85,0.0
442,5,10,150,85,0.0
443,5,10,150,85,0.0
445,5,10,150,85,0.0
446,5,10,150,85,0.0
447,5,10,150,85,0.2726897692124621
448,5,10,150,85,0.0
449,5,10,150,85,0.07784399437297408
450,5,10,150,85,0.22640083277136241
451,5,10,150,85,0.0
452,5,10,150,85,0.1353061563511876
453,5,10,150,85,0.029956785715628154
454,5,10,150,85,0.07998109630822593
455,5,10,150,85,0.08878904135110165
456,5,10,150,85,0.07758828619721583
457,5,10,150,85,0.29418445531213994
458,5,10,150,85,0.04507276838148142
459,5,10,150,85,0.0
460,5,10,150,85,0.0
461,5,10,150,85,0.0
462,5,10,150,85,0.0
463,5,10,150,85,0.026903388345470878
464,5,10,150,85,0.043001045588690626
465,5,10,150,85,0.035016337639871845
466,5,10,150,85,0.03947525607388688
467,5,10,150,85,0.1436337620239326
468,5,10,150,85,0.27023868832296544
469,5,10,150,85,0.057417722536754784
470,5,10,150,85,0.0
471,5,10,150,85,0.0
472,5,10,150,85,0.14903271548086697
473,5,10,150,85,0.08754031530847717
474,5,10,150,85,0.34897204770080337
475,5,10,150,85,0.06516188295518531
476,5,10,150,85,0.0
477,5,10,150,85,0.055100238151135045
478,5,10,150,85,0.23782833255689273
479,5,10,150,85,0.07834096783470737
480,5,10,150,85,0.21398626473452756
481,5,10,150,85,0.13863671367752411
482,5,10,150,85,0.0
483,5,10,150,85,0.06912040963822193
484,5,10,150,85,0.09353062527112192
485,5,10,150,85,0.0
486,5,10,150,85,0.10311241692162332
487,5,10,150,85,0.2215000938796789
488,5,10,150,85,0.0
489,5,10,150,85,0.02654873784242549
490,5,10,150,85,0.0
491,5,10,150,85,0.19092086617893467
492,5,10,150,85,0.12471554514794539
493,5,10,150,85,0.06270991162683781
494,5,10,150,85,0.1096312620712655
495,5,10,150,85,0.15115187072926595
496,5,10,150,85,0.05459112561892713
497,5,10,150,85,0.05602614285694803
498,5,10,150,85,0.03855307727568851
499,5,10,150,85,0.1912282106369008
500,5,10,150,85,0.05011951520627559
501,5,10,150,85,0.0
502,5,10,150,85,0.06364028872631156
503,5,10,150,85,0.27534073433896133
504,5,10,150,85,0.0
505,5,10,150,85,0.0
506,5,10,150,85,0.13939295695713902
507,5,10,150,85,0.03371865946438579
508,5,10,150,85,0.0
509,5,10,150,85,0.06474271459046577
510,5,10,150,85,0.0
511,5,10,150,85,0.0
512,5,10,150,85,0.18316925091363362
513,5,10,150,85,0.0461651444771445
514,5,10,150,85,0.10595566933616397
515,5,10,150,85,0.0
516,5,10,150,85,0.13768197790533618
517,5,10,150,85,0.042259191411409554
518,5,10,150,85,0.0
519,5,10,150,85,0.10980194963145926
520,5,10,150,85,0.0
521,5,10,150,85,0.0
522,5,10,150,85,0.0
523,5,10,150,85,0.07926830632613421
524,5,10,150,85,0.10258209047527363
525,5,10,150,85,0.0
526,5,10,150,85,0.17292389918997986
527,5,10,150,85,0.14943863047793596
528,5,10,150,85,0.14110144150616766
529,5,10,150,85,0.10471139591065548
530,5,10,150,85,0.0
531,5,10,150,85,0.0
532,5,10,150,85,0.061814902734110014
533,5,10,150,85,0.140097006072795
534,5,10,150,85,0.07450923581469894
535,5,10,150,85,0.2871959083713276
536,5,10,150,85,0.27314750625223144
537,5,10,150,85,0.44609297950519156
538,5,10,150,85,0.0
539,5,10,150,85,0.1560067947598593
540,5,10,150,85,0.0
541,5,10,150,85,0.1630698087619573
542,5,10,150,85,0.1863323824297642
543,5,10,150,85,0.08556362051868405
544,5,10,150,85,0.07631352592005593
545,5,10,150,85,0.052962244777770985
546,5,10,150,85,0.15314106296495628
547,5,10,150,85,0.0
548,5,10,150,85,0.06942726819239371
549,5,10,150,85,0.0
550,5,10,150,85,0.13436217909546777
551,5,10,150,85,0.33883202286184855
552,5,10,150,85,0.0
553,5,10,150,85,0.2558682193404399
554,5,10,150,85,0.16600564593053876
555,5,10,150,85,0.0
556,5,10,150,85,0.15950832945941923
557,5,10,150,85,0.053894577262255466
558,5,10,150,85,0.05718685316335169
559,5,10,150,85,0.0734773909038217
560,5,10,150,85,0.24050284760456656
561,5,10,150,85,0.09565671937186354
562,5,10,150,85,0.034743705427429224
563,5,10,150,85,0.0
564,5,10,150,85,0.0
565,5,10,150,85,0.18568675205192314
566,5,10,150,85,0.13665387068436016
567,5,10,150,85,0.17044472484770287
568,5,10,150,85,0.057107346298225524
569,5,10,150,85,0.0336639187988199
570,5,10,150,85,0.0
571,5,10,150,85,0.0
572,5,10,150,85,0.058995070558427745
573,5,10,150,85,0.035908240113829995
574,5,10,150,85,0.07616204594440379
575,5,10,150,85,0.056316753775798256
576,5,10,150,85,0.17342765698823945
577,5,10,150,85,0.22186862389759224
578,5,10,150,85,0.09818998961169394
579,5,10,150,85,0.0
580,5,10,150,85,0.21661076434387644
581,5,10,150,85,0.0
582,5,10,150,85,0.028361369701356044
583,5,10,150,85,0.08811076314737627
584,5,10,150,85,0.0
585,5,10,150,85,0.03272632263321488
586,5,10,150,85,0.09195192495929504
587,5,10,150,85,0.0
588,5,10,150,85,0.21190028446013173
589,5,10,150,85,0.09751522916349128
590,5,10,150,85,0.18511573258657482
591,5,10,150,85,0.15758427078022966
592,5,10,150,85,0.24539657481359
593,5,10,150,85,0.1847125373189141
594,5,10,150,85,0.0843142342558857
595,5,10,150,85,0.0
596,5,10,150,85,0.0
597,5,10,150,85,0.0
598,5,10,150,85,0.11752277470724268
599,5,10,150,85,0.16402353420682853
600,5,10,150,85,0.0
601,5,10,150,85,0.026557570376145638
602,5,10,150,85,0.0
603,5,10,150,85,0.06194403202282284
604,5,10,150,85,0.0
605,5,10,150,85,0.10589838376326657
606,5,10,150,85,0.2138150508755678
607,5,10,150,85,0.0
608,5,10,150,85,0.14688428242884272
609,5,10,150,85,0.11838279295536291
610,5,10,150,85,0.05781186855394371
611,5,10,150,85,0.03927158715985786
612,5,10,150,85,0.0
613,5,10,150,85,0.2049174583553662
614,5,10,150,85,0.13886244387355454
615,5,10,150,85,0.10251900332140326
616,5,10,150,85,0.09781579202094404
617,5,10,150,85,0.07286192498233149
618,5,10,150,85,0.13693830900397266
619,5,10,150,85,0.17622915213253285
620,5,10,150,85,0.1451323880538222
621,5,10,150,85,0.13589759152345549
622,5,10,150,85,0.10022910267662996
623,5,10,150,85,0.13369528351530374
624,5,10,150,85,0.019160322430058573
625,5,10,150,85,0.0
626,5,10,150,85,0.04690797720830594
627,5,10,150,85,0.04289205981312439
628,5,10,150,85,0.0
629,5,10,150,85,0.2013573326089747
630,5,10,150,85,0.12522204146604196
631,5,10,150,85,0.09240791929215005
632,5,10,150,85,0.3331495701314084
633,5,10,150,85,0.0455520698635181
634,5,10,150,85,0.023756977677906275
635,5,10,150,85,0.07393190703916604
636,5,10,150,85,0.0
637,5,10,150,85,0.0
638,5,10,150,85,0.15473934503245962
639,5,10,150,85,0.0
640,5,10,150,85,0.08757749316783438
641,5,10,150,85,0.03570665676503816
642,5,10,150,85,0.13207172242143603
643,5,10,150,85,0.15031592367651372
644,5,10,150,85,0.0
645,5,10,150,85,0.1856947245529553
646,5,10,150,85,0.0
647,5,10,150,85,0.03673869545191085
648,5,10,150,85,0.1510121408821335
649,5,10,150,85,0.0
650,5,10,150,85,0.14208499571110345
651,5,10,150,85,0.03443184397772452
652,5,10,150,85,0.0
653,5,10,150,85,0.042464725972586034
654,5,10,150,85,0.17020900230175445
655,5,10,150,85,0.24058883780367307
656,5,10,150,85,0.0
657,5,10,150,85,0.053845569940583225
658,5,10,150,85,0.0
659,5,10,150,85,0.07075240780563574
660,5,10,150,85,0.033833577668373825
661,5,10,150,85,0.12705991527984942
662,5,10,150,85,0.0
663,5,10,150,85,0.09211594531187607
664,5,10,150,85,0.05391021349625259
665,5,10,150,85,0.0
666,5,10,150,85,0.07860744541237058
667,5,10,150,85,0.2676806947950803
668,5,10,150,85,0.0
669,5,10,150,85,0.2672968266839232
670,5,10,150,85,0.18230594268689504
671,5,10,150,85,0.17434206503696043
672,5,10,150,85,0.0
673,5,10,150,85,0.0
674,5,10,150,85,0.0
675,5,10,150,85,0.05010834716923557
676,5,10,150,85,0.0536726727979485
677,5,10,150,85,0.03927489746221688
678,5,10,150,85,0.0
679,5,10,150,85,0.26970586372388394
680,5,10,150,85,0.2073612289146658
681,5,10,150,85,0.0
682,5,10,150,85,0.11215541856339935
683,5,10,150,85,0.06289349548893712
684,5,10,150,85,0.0
685,5,10,150,85,0.0
686,5,10,150,85,0.11524934452025383
687,5,10,150,85,0.0
688,5,10,150,85,0.0
689,5,10,150,85,0.32436268379537736
690,5,10,150,85,0.0
691,5,10,150,85,0.0
692,5,10,150,85,0.0
693,5,10,150,85,0.015483922344753005
694,5,10,150,85,0.20269611984358588
695,5,10,150,85,0.0607039656753694
696,5,10,150,85,0.12935879342602336
697,5,10,150,85,0.06378035696304758
698,5,10,150,85,0.09499131598480672
699,5,10,150,85,0.03139866635141006
700,5,10,150,85,0.16958010263680806
701,5,10,150,85,0.04129602134854855
702,5,10,150,85,0.0
703,5,10,150,85,0.03870447337439288
704,5,10,150,85,0.09986079379105446
705,5,10,150,85,0.20609334068785645
706,5,10,150,85,0.0
707,5,10,150,85,0.11204043240783193
708,5,10,150,85,0.0943325796571581
709,5,10,150,85,0.11778692963665513
710,5,10,150,85,0.05710411178654767
711,5,10,150,85,0.15552566999725762
712,5,10,150,85,0.12435918123916344
713,5,10,150,85,0.0
714,5,10,150,85,0.04195229264874745
715,5,10,150,85,0.07261309108674657
716,5,10,150,85,0.168520177802778
717,5,10,150,85,0.18940567332300148
718,5,10,150,85,0.14061157344379913
719,5,10,150,85,0.1811528335938261
720,5,10,150,85,0.05261577455142312
721,5,10,150,85,0.185399636990879
722,5,10,150,85,0.0
723,5,10,150,85,0.0
724,5,10,150,85,0.0
725,5,10,150,85,0.05750402108673013
726,5,10,150,85,0.2529427027676571
727,5,10,150,85,0.08128755988464954
728,5,10,150,85,0.0
729,5,10,150,85,0.0
730,5,10,150,85,0.0
731,5,10,150,85,0.10343510349900437
732,5,10,150,85,0.0
733,5,10,150,85,0.0
734,5,10,150,85,0.0655813061736612
735,5,10,150,85,0.0
736,5,10,150,85,0.0
737,5,10,150,85,0.16282663249631943
738,5,10,150,85,0.2632431729022225
739,5,10,150,85,0.0
740,5,10,150,85,0.0
741,5,10,150,85,0.10965210684801945
742,5,10,150,85,0.04553761034739079
743,5,10,150,85,0.0814476682319001
744,5,10,150,85,0.08878770367712427
745,5,10,150,85,0.3682049230943936
746,5,10,150,85,0.11450296808588954
747,5,10,150,85,0.3283845960984718
748,5,10,150,85,0.22468225866052274
749,5,10,150,85,0.12382458613463816
750,5,10,150,85,0.07219614103266732
751,5,10,150,85,0.10926529688037187
752,5,10,150,85,0.020210299806331135
753,5,10,150,85,0.15406810205846871
754,5,10,150,85,0.0
755,5,10,150,85,0.067228724047084
756,5,10,150,85,0.12944030246708935
757,5,10,150,85,0.06756111822138194
758,5,10,150,85,0.2384386390455717
759,5,10,150,85,0.038281751104512325
760,5,10,150,85,0.11447590313611888
761,5,10,150,85,0.03339755935325358
762,5,10,150,85,0.11568388634051256
763,5,10,150,85,0.20859185628046678
764,5,10,150,85,0.08207588022692468
765,5,10,150,85,0.0
766,5,10,150,85,0.050541549839211865
767,5,10,150,85,0.2073612289146658
768,5,10,150,85,0.07655078846581868
769,5,10,150,85,0.0
770,5,10,150,85,0.04692206785373726
771,5,10,150,85,0.2149590517835668
772,5,10,150,85,0.03353522641880846
773,5,10,150,85,0.08236155615232364
774,5,10,150,85,0.03551622697259125
775,5,10,150,85,0.0437324968781469
776,5,10,150,85,0.12155614423940549
777,5,10,150,85,0.14445412169961394
778,5,10,150,85,0.024850109207689472
779,5,10,150,85,0.05878132199396477
780,5,10,150,85,0.13273397200317036
781,5,10,150,85,0.24553555323333592
782,5,10,150,85,0.01884937755559405
783,5,10,150,85,0.0
784,5,10,150,85,0.0
785,5,10,150,85,0.07685905888147043
786,5,10,150,85,0.13370327844286975
787,5,10,150,85,0.0683037314796457
788,5,10,150,85,0.1438437224856072
789,5,10,150,85,0.059109628562248356
790,5,10,150,85,0.05575678571159265
791,5,10,150,85,0.0
792,5,10,150,85,0.0
793,5,10,150,85,0.0
794,5,10,150,85,0.22201254783236782
795,5,10,150,85,0.09354596657002175
796,5,10,150,85,0.31775189756878075
797,5,10,150,85,0.09030583455080088
798,5,10,150,85,0.08865722397210579
799,5,10,150,85,0.0
800,5,10,150,85,0.0
801,5,10,150,85,0.03096677356901516
802,5,10,150,85,0.030863419558816
803,5,10,150,85,0.0
804,5,10,150,85,0.14020429168871693
805,5,10,150,85,0.09810558333815096
806,5,10,150,85,0.13891238635540284
807,5,10,150,85,0.19510906471881448
808,5,10,150,85,0.040655755922716606
809,5,10,150,85,0.07484323939884738
810,5,10,150,85,0.0
811,5,10,150,85,0.05062543788674174
812,5,10,150,85,0.0
813,5,10,150,85,0.17367331957930765
814,5,10,150,85,0.1426080995102236
815,5,10,150,85,0.22877499386279787
816,5,10,150,85,0.08005612702969578
817,5,10,150,85,0.0
818,5,10,150,85,0.0
819,5,10,150,85,0.15575997463127336
820,5,10,150,85,0.041641441310299704
821,5,10,150,85,0.19220292042320755
822,5,10,150,85,0.03902876023380719
823,5,10,150,85,0.2982209602555571
824,5,10,150,85,0.0
825,5,10,150,85,0.11189872447018753
826,5,10,150,85,0.12127728358945425
827,5,10,150,85,0.0
828,5,10,150,85,0.07244745602732354
829,5,10,150,85,0.1633399391391799
830,5,10,150,85,0.11558676478688033
831,5,10,150,85,0.2429972418166229
832,5,10,150,85,0.041355644490859725
833,5,10,150,85,0.12730436056955652
834,5,10,150,85,0.09452471710599904
835,5,10,150,85,0.16131021212220273
836,5,10,150,85,0.10882945376944808
837,5,10,150,85,0.022383927187041207
838,5,10,150,85,0.14570435926304814
839,5,10,150,85,0.05646784228340616
840,5,10,150,85,0.2652012935394979
841,5,10,150,85,0.0
842,5,10,150,85,0.03314153504336938
843,5,10,150,85,0.08405427877088172
844,5,10,150,85,0.14767302746812566
845,5,10,150,85,0.0
846,5,10,150,85,0.3032082350307181
847,5,10,150,85,0.019732492740263768
848,5,10,150,85,0.14282544347845919
849,5,10,150,85,0.1917146328376363
850,5,10,150,85,0.24846647105083042
851,5,10,150,85,0.24255334319350252
852,5,10,150,85,0.0
853,5,10,150,85,0.0
854,5,10,150,85,0.15194394736532754
855,5,10,150,85,0.0
856,5,10,150,85,0.0628634487195275
857,5,10,150,85,0.0
858,5,10,150,85,0.0
859,5,10,150,85,0.0
860,5,10,150,85,0.07895451146887555
861,5,10,150,85,0.12001290632387755
862,5,10,150,85,0.27448147124945943
863,5,10,150,85,0.11798685418812045
864,5,10,150,85,0.24066505049179993
865,5,10,150,85,0.030825292165839853
866,5,10,150,85,0.2482726129454347
867,5,10,150,85,0.36903482316460984
868,5,10,150,85,0.12785153709716301
869,5,10,150,85,0.13073888317817722
870,5,10,150,85,0.09160707490973767
871,5,10,150,85,0.23335170418377482
872,5,10,150,85,0.03050926163237471
873,5,10,150,85,0.0
874,5,10,150,85,0.06575393297476358
875,5,10,150,85,0.24878110643435097
876,5,10,150,85,0.0
877,5,10,150,85,0.03487978243545732
878,5,10,150,85,0.048005054499156014
879,5,10,150,85,0.07180913162424091
880,5,10,150,85,0.29591343453588514
881,5,10,150,85,0.2603055011890873
882,5,10,150,85,0.32161609705119426
883,5,10,150,85,0.32395386736845855
884,5,10,150,85,0.028767091820622218
885,5,10,150,85,0.10709607345972089
886,5,10,150,85,0.1484848845042024
887,5,10,150,85,0.18726281596109284
888,5,10,150,85,0.0
889,5,10,150,85,0.20424892936346162
890,5,10,150,85,0.34982923574099956
891,5,10,150,85,0.09013275514532934
892,5,10,150,85,0.4088854615316696
893,5,10,150,85,0.06655191453229989
894,5,10,150,85,0.17837032049946125
895,5,10,150,85,0.0
896,5,10,150,85,0.31274211514130806
897,5,10,150,85,0.23036730008890163
898,5,10,150,85,0.0
899,5,10,150,85,0.1528183102111697
900,5,10,150,85,0.09313286019574611
901,5,10,150,85,0.24407968790923049
902,5,10,150,85,0.025255271126572616
903,5,10,150,85,0.30209439967412927
904,5,10,150,85,0.0
905,5,10,150,85,0.08773956418811966
906,5,10,150,85,0.06212701143918119
907,5,10,150,85,0.20923097805044452
908,5,10,150,85,0.20640898076180436
909,5,10,150,85,0.0
910,5,10,150,85,0.14111581018360284
911,5,10,150,85,0.08317288751647071
912,5,10,150,85,0.19029170705040452
913,5,10,150,85,0.19374110767191058
914,5,10,150,85,0.0
915,5,10,150,85,0.11261179911555924
916,5,10,150,85,0.1745441171334539
917,5,10,150,85,0.019845431127916993
918,5,10,150,85,0.0253533085437572
919,5,10,150,85,0.12303898271626326
920,5,10,150,85,0.26814570941777965
921,5,10,150,85,0.02477447378142753
922,5,10,150,85,0.1169032834855481
923,5,10,150,85,0.07926802913594262
924,5,10,150,85,0.11819634191622581
925,5,10,150,85,0.08576373115156254
926,5,10,150,85,0.18690891198435525
927,5,10,150,85,0.1445313744314927
928,5,10,150,85,0.225412941472223
929,5,10,150,85,0.11107244313646446
930,5,10,150,85,0.13909680376172495
931,5,10,150,85,0.07406012380799347
932,5,10,150,85,0.3104139449337764
933,5,10,150,85,0.05272063633735628
934,5,10,150,85,0.24672841354271505
935,5,10,150,85,0.043888403129016776
936,5,10,150,85,0.09650571737104512
937,5,10,150,85,0.09560624946230661
938,5,10,150,85,0.08978812887364458
939,5,10,150,85,0.05231692143384187
940,5,10,150,85,0.09469359068019315
941,5,10,150,85,0.2546814962889047
942,5,10,150,85,0.20361930362472372
943,5,10,150,85,0.1465828288455206
1,5,10,150,86,0.4058715898896693
2,5,10,150,86,0.14433828292945616
3,5,10,150,86,0.08759200575528697
4,5,10,150,86,0.0
5,5,10,150,86,0.04470486007704452
6,5,10,150,86,0.04187254809446048
7,5,10,150,86,0.22836484467160698
8,5,10,150,86,0.0
9,5,10,150,86,0.0
10,5,10,150,86,0.3005733545514552
11,5,10,150,86,0.03947525607388688
12,5,10,150,86,0.14632177291384774
13,5,10,150,86,0.24256092752724764
14,5,10,150,86,0.18795160328752808
15,5,10,150,86,0.0
16,5,10,150,86,0.19107502160562695
17,5,10,150,86,0.0
18,5,10,150,86,0.17872418048185143
19,5,10,150,86,0.15602106502222501
20,5,10,150,86,0.13743816645714543
21,5,10,150,86,0.17643857112498312
22,5,10,150,86,0.040815803121742565
23,5,10,150,86,0.10387012192613786
24,5,10,150,86,0.08835266840320231
25,5,10,150,86,0.23940867474021393
26,5,10,150,86,0.0
27,5,10,150,86,0.0
28,5,10,150,86,0.10131242160793445
30,5,10,150,86,0.08133484538841967
31,5,10,150,86,0.11164668500969883
32,5,10,150,86,0.19519002499605084
33,5,10,150,86,0.0
34,5,10,150,86,0.0
35,5,10,150,86,0.0
37,5,10,150,86,0.08177471774917201
38,5,10,150,86,0.0
39,5,10,150,86,0.0
40,5,10,150,86,0.0
41,5,10,150,86,0.06835476917178976
42,5,10,150,86,0.08850778826764391
43,5,10,150,86,0.0
44,5,10,150,86,0.29540493557662006
45,5,10,150,86,0.0
46,5,10,150,86,0.0
47,5,10,150,86,0.0
48,5,10,150,86,0.13203079491918646
49,5,10,150,86,0.05432573058142762
52,5,10,150,86,0.06369098129632131
53,5,10,150,86,0.0
54,5,10,150,86,0.0
55,5,10,150,86,0.0
56,5,10,150,86,0.11781210270929884
57,5,10,150,86,0.1318392860374695
58,5,10,150,86,0.43418941507676856
59,5,10,150,86,0.19233148606048747
60,5,10,150,86,0.1076743759411119
61,5,10,150,86,0.0
62,5,10,150,86,0.09586820699422145
63,5,10,150,86,0.0
64,5,10,150,86,0.07635718686081962
65,5,10,150,86,0.2342550150352983
66,5,10,150,86,0.06636133566432367
67,5,10,150,86,0.0
68,5,10,150,86,0.0
69,5,10,150,86,0.0
70,5,10,150,86,0.03243913203930433
71,5,10,150,86,0.20758456043036028
72,5,10,150,86,0.10990826949013655
73,5,10,150,86,0.10052888926242022
74,5,10,150,86,0.0
75,5,10,150,86,0.05515026856924372
76,5,10,150,86,0.10633668103022985
77,5,10,150,86,0.14247142730086715
78,5,10,150,86,0.0
79,5,10,150,86,0.07821312100379274
80,5,10,150,86,0.0
81,5,10,150,86,0.08878770367712427
82,5,10,150,86,0.03187578878809277
83,5,10,150,86,0.07414861528507455
84,5,10,150,86,0.07550980911390262
85,5,10,150,86,0.04734112273659951
86,5,10,150,86,0.0
87,5,10,150,86,0.16641625059082407
88,5,10,150,86,0.18920035951687003
89,5,10,150,86,0.046966485689931024
90,5,10,150,86,0.19659652872125194
91,5,10,150,86,0.0
92,5,10,150,86,0.067443405477823
93,5,10,150,86,0.0
94,5,10,150,86,0.12253429761719764
95,5,10,150,86,0.07849567312219397
96,5,10,150,86,0.12622583419458475
97,5,10,150,86,0.0
98,5,10,150,86,0.0
99,5,10,150,86,0.13337585439143895
100,5,10,150,86,0.0
101,5,10,150,86,0.0
102,5,10,150,86,0.0
103,5,10,150,86,0.0
104,5,10,150,86,0.33958467175585033
105,5,10,150,86,0.0
106,5,10,150,86,0.06516188295518531
107,5,10,150,86,0.0
109,5,10,150,86,0.16563719724029594
110,5,10,150,86,0.03203603672019056
111,5,10,150,86,0.0
112,5,10,150,86,0.14155505107215216
113,5,10,150,86,0.0
114,5,10,150,86,0.08274602130532002
115,5,10,150,86,0.0718417865441674
116,5,10,150,86,0.0
117,5,10,150,86,0.04277388862840795
118,5,10,150,86,0.2265416449833316
119,5,10,150,86,0.08512399185313972
120,5,10,150,86,0.0
121,5,10,150,86,0.13032376591037062
122,5,10,150,86,0.0
123,5,10,150,86,0.13720340769293682
124,5,10,150,86,0.0
125,5,10,150,86,0.05446333035917803
126,5,10,150,86,0.0
128,5,10,150,86,0.0
129,5,10,150,86,0.0
130,5,10,150,86,0.21080192078431575
131,5,10,150,86,0.0
132,5,10,150,86,0.0
133,5,10,150,86,0.0
134,5,10,150,86,0.0
135,5,10,150,86,0.0
136,5,10,150,86,0.0
137,5,10,150,86,0.1137075481082292
138,5,10,150,86,0.0976168253917686
139,5,10,150,86,0.10466868931043802
140,5,10,150,86,0.0
141,5,10,150,86,0.04733244938590725
142,5,10,150,86,0.0
143,5,10,150,86,0.0
144,5,10,150,86,0.0
145,5,10,150,86,0.22835480069221242
146,5,10,150,86,0.0
147,5,10,150,86,0.1033846481249528
148,5,10,150,86,0.26071721237610296
149,5,10,150,86,0.0
150,5,10,150,86,0.2640681225725909
151,5,10,150,86,0.1026571794225922
152,5,10,150,86,0.0
153,5,10,150,86,0.0
154,5,10,150,86,0.06416923277158361
155,5,10,150,86,0.0
156,5,10,150,86,0.0
157,5,10,150,86,0.0
158,5,10,150,86,0.13830208502611357
159,5,10,150,86,0.23138144801632507
160,5,10,150,86,0.23538511388047798
161,5,10,150,86,0.0
162,5,10,150,86,0.09784076556363268
163,5,10,150,86,0.0
164,5,10,150,86,0.0
165,5,10,150,86,0.0
167,5,10,150,86,0.05319635904163211
168,5,10,150,86,0.05461997784715835
169,5,10,150,86,0.0
170,5,10,150,86,0.0
171,5,10,150,86,0.0
173,5,10,150,86,0.07444401142258321
174,5,10,150,86,0.12795077757424125
175,5,10,150,86,0.21517910082405575
176,5,10,150,86,0.06289692884934815
177,5,10,150,86,0.38113435412202
178,5,10,150,86,0.12597398707460816
179,5,10,150,86,0.09149012142095872
180,5,10,150,86,0.06228974831361337
181,5,10,150,86,0.11680461119565375
182,5,10,150,86,0.0
183,5,10,150,86,0.15101961822780524
184,5,10,150,86,0.0
185,5,10,150,86,0.0
186,5,10,150,86,0.04633132539002164
187,5,10,150,86,0.0
188,5,10,150,86,0.12925733948536566
189,5,10,150,86,0.18890011590178235
190,5,10,150,86,0.0
192,5,10,150,86,0.123151194370365
193,5,10,150,86,0.0
194,5,10,150,86,0.14012129095911344
195,5,10,150,86,0.11787667935667444
196,5,10,150,86,0.0
197,5,10,150,86,0.09546043308946733
198,5,10,150,86,0.0
199,5,10,150,86,0.0
200,5,10,150,86,0.09785159463516042
201,5,10,150,86,0.018702907379956335
202,5,10,150,86,0.10466868931043802
203,5,10,150,86,0.0
204,5,10,150,86,0.19519002499605084
205,5,10,150,86,0.0
206,5,10,150,86,0.0
207,5,10,150,86,0.11073658758229504
208,5,10,150,86,0.0
209,5,10,150,86,0.0
210,5,10,150,86,0.2167516193508568
211,5,10,150,86,0.0
213,5,10,150,86,0.15669163589836543
214,5,10,150,86,0.0
216,5,10,150,86,0.23813231172447274
217,5,10,150,86,0.0
218,5,10,150,86,0.0
219,5,10,150,86,0.0
221,5,10,150,86,0.0
222,5,10,150,86,0.1050995674008573
223,5,10,150,86,0.0
224,5,10,150,86,0.0
225,5,10,150,86,0.09077089626867633
226,5,10,150,86,0.19092086617893467
227,5,10,150,86,0.0
228,5,10,150,86,0.0
229,5,10,150,86,0.0
230,5,10,150,86,0.12683081539850163
231,5,10,150,86,0.0
232,5,10,150,86,0.03962341267285813
233,5,10,150,86,0.3062523178880809
234,5,10,150,86,0.12765801871695548
235,5,10,150,86,0.06692738060277027
236,5,10,150,86,0.0
237,5,10,150,86,0.19342640361727081
238,5,10,150,86,0.0
239,5,10,150,86,0.06912040963822193
240,5,10,150,86,0.12495636102304827
241,5,10,150,86,0.0
242,5,10,150,86,0.0
243,5,10,150,86,0.0
244,5,10,150,86,0.049712302565054066
245,5,10,150,86,0.0
246,5,10,150,86,0.0561326498270945
247,5,10,150,86,0.09472348220010487
248,5,10,150,86,0.09472348220010487
249,5,10,150,86,0.09798874944313594
250,5,10,150,86,0.0
251,5,10,150,86,0.13032376591037062
252,5,10,150,86,0.20184908658209985
253,5,10,150,86,0.1084812001944431
254,5,10,150,86,0.08514311764162098
255,5,10,150,86,0.0
256,5,10,150,86,0.07107087490719705
257,5,10,150,86,0.1339616094750857
258,5,10,150,86,0.10144063749941859
259,5,10,150,86,0.1239740444869306
260,5,10,150,86,0.0
261,5,10,150,86,0.0
262,5,10,150,86,0.0
263,5,10,150,86,0.0956366800683804
264,5,10,150,86,0.0980310518581743
265,5,10,150,86,0.0
266,5,10,150,86,0.0
267,5,10,150,86,0.17168372277322866
268,5,10,150,86,0.07517090309261779
269,5,10,150,86,0.052962244777770985
270,5,10,150,86,0.07655568961465661
271,5,10,150,86,0.13010624216828925
272,5,10,150,86,0.1702293778633033
273,5,10,150,86,0.0
274,5,10,150,86,0.0
275,5,10,150,86,0.0
276,5,10,150,86,0.15875999922826586
277,5,10,150,86,0.0
278,5,10,150,86,0.1631512196835108
279,5,10,150,86,0.1734542012699839
280,5,10,150,86,0.20222165535157688
281,5,10,150,86,0.0
282,5,10,150,86,0.0
283,5,10,150,86,0.07028063830038406
284,5,10,150,86,0.0
285,5,10,150,86,0.0
286,5,10,150,86,0.09991246976864687
287,5,10,150,86,0.0
288,5,10,150,86,0.0859574327152926
289,5,10,150,86,0.16903020543979225
290,5,10,150,86,0.07834851647149511
291,5,10,150,86,0.07828167840727236
292,5,10,150,86,0.04224853374256244
293,5,10,150,86,0.17373188694860897
294,5,10,150,86,0.0239003177617487
295,5,10,150,86,0.2603201838311303
296,5,10,150,86,0.213595167308394
297,5,10,150,86,0.0
298,5,10,150,86,0.16915623549474385
299,5,10,150,86,0.0
300,5,10,150,86,0.0
301,5,10,150,86,0.06460801587741544
302,5,10,150,86,0.09224219235917257
303,5,10,150,86,0.07354269615643778
304,5,10,150,86,0.0
305,5,10,150,86,0.11349000778741654
306,5,10,150,86,0.0
307,5,10,150,86,0.10778915452451093
308,5,10,150,86,0.13490077762666258
310,5,10,150,86,0.0
311,5,10,150,86,0.13301422444853
312,5,10,150,86,0.1819616199123543
313,5,10,150,86,0.11270402374049442
314,5,10,150,86,0.16600564593053876
315,5,10,150,86,0.037110354711564805
316,5,10,150,86,0.0
317,5,10,150,86,0.0
318,5,10,150,86,0.1642688369468948
319,5,10,150,86,0.0
320,5,10,150,86,0.13927874459665815
321,5,10,150,86,0.0
322,5,10,150,86,0.0
323,5,10,150,86,0.1610425878239398
324,5,10,150,86,0.0
325,5,10,150,86,0.09092803061897883
326,5,10,150,86,0.027288805847552652
327,5,10,150,86,0.025410386140327024
328,5,10,150,86,0.09206364236149692
329,5,10,150,86,0.0
330,5,10,150,86,0.1313681680695099
331,5,10,150,86,0.0
332,5,10,150,86,0.09320485889859448
334,5,10,150,86,0.0620535353328374
335,5,10,150,86,0.16155546744299637
336,5,10,150,86,0.0780824078938463
337,5,10,150,86,0.0
338,5,10,150,86,0.18039889772993523
339,5,10,150,86,0.22956271420203478
340,5,10,150,86,0.12424880528285201
341,5,10,150,86,0.0
342,5,10,150,86,0.3820055212061999
343,5,10,150,86,0.09229649639444802
344,5,10,150,86,0.1202034973803211
345,5,10,150,86,0.18015355216717013
346,5,10,150,86,0.04366879852493834
347,5,10,150,86,0.24434072388563882
348,5,10,150,86,0.0
349,5,10,150,86,0.0
350,5,10,150,86,0.058087171966128066
351,5,10,150,86,0.07977344912567227
352,5,10,150,86,0.1903601622684853
353,5,10,150,86,0.14434031438272124
354,5,10,150,86,0.06335619058732639
355,5,10,150,86,0.0
356,5,10,150,86,0.0
357,5,10,150,86,0.0
358,5,10,150,86,0.06364028872631156
359,5,10,150,86,0.3010299956639812
360,5,10,150,86,0.12982031659526816
361,5,10,150,86,0.09478836436955078
362,5,10,150,86,0.054793185501041654
363,5,10,150,86,0.24101654828754165
364,5,10,150,86,0.0
365,5,10,150,86,0.0
366,5,10,150,86,0.0
367,5,10,150,86,0.06369098129632131
368,5,10,150,86,0.0
369,5,10,150,86,0.0
370,5,10,150,86,0.0
371,5,10,150,86,0.19950301641376814
372,5,10,150,86,0.15130120674940672
373,5,10,150,86,0.22842722979011518
374,5,10,150,86,0.07472550252128253
375,5,10,150,86,0.0
376,5,10,150,86,0.0
377,5,10,150,86,0.0
378,5,10,150,86,0.13635638482251203
379,5,10,150,86,0.08433239722469389
380,5,10,150,86,0.0
381,5,10,150,86,0.03243913203930433
382,5,10,150,86,0.1390935487579673
383,5,10,150,86,0.18543645219162883
384,5,10,150,86,0.0
385,5,10,150,86,0.0
386,5,10,150,86,0.0
387,5,10,150,86,0.08586571489348302
388,5,10,150,86,0.05789711601244791
389,5,10,150,86,0.09284203700798714
390,5,10,150,86,0.0
391,5,10,150,86,0.11245246430543061
392,5,10,150,86,0.1484702586346916
393,5,10,150,86,0.17201528718620057
394,5,10,150,86,0.18425976175120107
395,5,10,150,86,0.0
396,5,10,150,86,0.0
397,5,10,150,86,0.11004588314904008
398,5,10,150,86,0.28368572779044043
399,5,10,150,86,0.026175882249243814
400,5,10,150,86,0.0
401,5,10,150,86,0.02839245759615368
402,5,10,150,86,0.0
403,5,10,150,86,0.2529427027676571
404,5,10,150,86,0.0
405,5,10,150,86,0.06046998575313408
406,5,10,150,86,0.07610657727852362
407,5,10,150,86,0.12541209984981197
408,5,10,150,86,0.09983719697789138
409,5,10,150,86,0.05800611307095368
410,5,10,150,86,0.0
411,5,10,150,86,0.17342765698823945
412,5,10,150,86,0.0
413,5,10,150,86,0.0
414,5,10,150,86,0.21398626473452756
415,5,10,150,86,0.0
416,5,10,150,86,0.1691178381508892
417,5,10,150,86,0.11088189053445036
419,5,10,150,86,0.3536251441097701
420,5,10,150,86,0.15209749107189288
421,5,10,150,86,0.04264945290455212
422,5,10,150,86,0.0
423,5,10,150,86,0.13523051443907988
424,5,10,150,86,0.1545659390636425
425,5,10,150,86,0.2655785070268174
426,5,10,150,86,0.13571943816109763
427,5,10,150,86,0.12615224917140136
428,5,10,150,86,0.03967704129387874
429,5,10,150,86,0.14041959417088476
430,5,10,150,86,0.1261446714466394
431,5,10,150,86,0.0
432,5,10,150,86,0.049369952841505485
433,5,10,150,86,0.0
434,5,10,150,86,0.3903800499921017
435,5,10,150,86,0.11347000084585261
436,5,10,150,86,0.12973311796205417
437,5,10,150,86,0.22972973128433707
438,5,10,150,86,0.0
439,5,10,150,86,0.0
440,5,10,150,86,0.06175696970122604
441,5,10,150,86,0.0
442,5,10,150,86,0.0
443,5,10,150,86,0.0
445,5,10,150,86,0.0
446,5,10,150,86,0.0
447,5,10,150,86,0.2726897692124621
448,5,10,150,86,0.0
449,5,10,150,86,0.07784399437297408
450,5,10,150,86,0.22640083277136241
451,5,10,150,86,0.0
452,5,10,150,86,0.1353061563511876
453,5,10,150,86,0.029956785715628154
454,5,10,150,86,0.07998109630822593
455,5,10,150,86,0.08878904135110165
456,5,10,150,86,0.07758828619721583
457,5,10,150,86,0.29418445531213994
458,5,10,150,86,0.04507276838148142
459,5,10,150,86,0.0
460,5,10,150,86,0.0
461,5,10,150,86,0.0
462,5,10,150,86,0.0
463,5,10,150,86,0.026903388345470878
464,5,10,150,86,0.043001045588690626
465,5,10,150,86,0.035016337639871845
466,5,10,150,86,0.03947525607388688
467,5,10,150,86,0.1436337620239326
468,5,10,150,86,0.27023868832296544
469,5,10,150,86,0.057417722536754784
470,5,10,150,86,0.0
471,5,10,150,86,0.0
472,5,10,150,86,0.14903271548086697
473,5,10,150,86,0.08754031530847717
474,5,10,150,86,0.34897204770080337
475,5,10,150,86,0.06516188295518531
476,5,10,150,86,0.0
477,5,10,150,86,0.055100238151135045
478,5,10,150,86,0.23782833255689273
479,5,10,150,86,0.07834096783470737
480,5,10,150,86,0.21398626473452756
481,5,10,150,86,0.13863671367752411
482,5,10,150,86,0.0
483,5,10,150,86,0.06912040963822193
484,5,10,150,86,0.09353062527112192
485,5,10,150,86,0.0
486,5,10,150,86,0.10311241692162332
487,5,10,150,86,0.2215000938796789
488,5,10,150,86,0.0
489,5,10,150,86,0.02654873784242549
490,5,10,150,86,0.0
491,5,10,150,86,0.19092086617893467
492,5,10,150,86,0.12471554514794539
493,5,10,150,86,0.06270991162683781
494,5,10,150,86,0.1096312620712655
495,5,10,150,86,0.15115187072926595
496,5,10,150,86,0.05459112561892713
497,5,10,150,86,0.05602614285694803
498,5,10,150,86,0.03855307727568851
499,5,10,150,86,0.1912282106369008
500,5,10,150,86,0.05011951520627559
501,5,10,150,86,0.0
502,5,10,150,86,0.06364028872631156
503,5,10,150,86,0.27534073433896133
504,5,10,150,86,0.0
505,5,10,150,86,0.0
506,5,10,150,86,0.13939295695713902
507,5,10,150,86,0.03371865946438579
508,5,10,150,86,0.0
509,5,10,150,86,0.06474271459046577
510,5,10,150,86,0.0
511,5,10,150,86,0.0
512,5,10,150,86,0.18316925091363362
513,5,10,150,86,0.0461651444771445
514,5,10,150,86,0.10595566933616397
515,5,10,150,86,0.0
516,5,10,150,86,0.13768197790533618
517,5,10,150,86,0.042259191411409554
518,5,10,150,86,0.0
519,5,10,150,86,0.10980194963145926
520,5,10,150,86,0.0
521,5,10,150,86,0.017322902464627605
522,5,10,150,86,0.0
523,5,10,150,86,0.07926830632613421
524,5,10,150,86,0.10258209047527363
525,5,10,150,86,0.0
526,5,10,150,86,0.17292389918997986
527,5,10,150,86,0.14943863047793596
528,5,10,150,86,0.14110144150616766
529,5,10,150,86,0.10471139591065548
530,5,10,150,86,0.0
531,5,10,150,86,0.0
532,5,10,150,86,0.061814902734110014
533,5,10,150,86,0.140097006072795
534,5,10,150,86,0.07450923581469894
535,5,10,150,86,0.2871959083713276
536,5,10,150,86,0.27314750625223144
537,5,10,150,86,0.4424110447398041
538,5,10,150,86,0.0
539,5,10,150,86,0.1560067947598593
540,5,10,150,86,0.0
541,5,10,150,86,0.1630698087619573
542,5,10,150,86,0.1863323824297642
543,5,10,150,86,0.10214293143598126
544,5,10,150,86,0.07631352592005593
545,5,10,150,86,0.052962244777770985
546,5,10,150,86,0.15314106296495628
547,5,10,150,86,0.0
548,5,10,150,86,0.06942726819239371
549,5,10,150,86,0.0
550,5,10,150,86,0.13436217909546777
551,5,10,150,86,0.33883202286184855
552,5,10,150,86,0.0
553,5,10,150,86,0.2558682193404399
554,5,10,150,86,0.16600564593053876
555,5,10,150,86,0.0
556,5,10,150,86,0.15950832945941923
557,5,10,150,86,0.053894577262255466
558,5,10,150,86,0.05718685316335169
559,5,10,150,86,0.0734773909038217
560,5,10,150,86,0.24050284760456656
561,5,10,150,86,0.10592276296337293
562,5,10,150,86,0.06240346968106183
563,5,10,150,86,0.0
564,5,10,150,86,0.0
565,5,10,150,86,0.18568675205192314
566,5,10,150,86,0.13665387068436016
567,5,10,150,86,0.17044472484770287
568,5,10,150,86,0.057107346298225524
569,5,10,150,86,0.0336639187988199
570,5,10,150,86,0.0
571,5,10,150,86,0.0
572,5,10,150,86,0.058995070558427745
573,5,10,150,86,0.035908240113829995
574,5,10,150,86,0.07616204594440379
575,5,10,150,86,0.056316753775798256
576,5,10,150,86,0.17342765698823945
577,5,10,150,86,0.22186862389759224
578,5,10,150,86,0.09818998961169394
579,5,10,150,86,0.0
580,5,10,150,86,0.21661076434387644
581,5,10,150,86,0.0
582,5,10,150,86,0.028361369701356044
583,5,10,150,86,0.08811076314737627
584,5,10,150,86,0.0
585,5,10,150,86,0.06320275563713697
586,5,10,150,86,0.09195192495929504
587,5,10,150,86,0.0
588,5,10,150,86,0.2234644529330562
589,5,10,150,86,0.09751522916349128
590,5,10,150,86,0.18511573258657482
591,5,10,150,86,0.15758427078022966
592,5,10,150,86,0.24539657481359
593,5,10,150,86,0.1847125373189141
594,5,10,150,86,0.0843142342558857
595,5,10,150,86,0.0
596,5,10,150,86,0.0
597,5,10,150,86,0.0
598,5,10,150,86,0.11752277470724268
599,5,10,150,86,0.16402353420682853
600,5,10,150,86,0.0
601,5,10,150,86,0.026557570376145638
602,5,10,150,86,0.0
603,5,10,150,86,0.06194403202282284
604,5,10,150,86,0.0
605,5,10,150,86,0.10589838376326657
606,5,10,150,86,0.2138150508755678
607,5,10,150,86,0.0
608,5,10,150,86,0.14688428242884272
609,5,10,150,86,0.11838279295536291
610,5,10,150,86,0.05781186855394371
611,5,10,150,86,0.03927158715985786
612,5,10,150,86,0.0
613,5,10,150,86,0.2049174583553662
614,5,10,150,86,0.13886244387355454
615,5,10,150,86,0.10251900332140326
616,5,10,150,86,0.09781579202094404
617,5,10,150,86,0.07286192498233149
618,5,10,150,86,0.13693830900397266
619,5,10,150,86,0.17622915213253285
620,5,10,150,86,0.1451323880538222
621,5,10,150,86,0.13589759152345549
622,5,10,150,86,0.10022910267662996
623,5,10,150,86,0.13369528351530374
624,5,10,150,86,0.019160322430058573
625,5,10,150,86,0.0
626,5,10,150,86,0.04690797720830594
627,5,10,150,86,0.04289205981312439
628,5,10,150,86,0.0
629,5,10,150,86,0.2013573326089747
630,5,10,150,86,0.12522204146604196
631,5,10,150,86,0.09240791929215005
632,5,10,150,86,0.3331495701314084
633,5,10,150,86,0.0455520698635181
634,5,10,150,86,0.023756977677906275
635,5,10,150,86,0.07393190703916604
636,5,10,150,86,0.0
637,5,10,150,86,0.0
638,5,10,150,86,0.15473934503245962
639,5,10,150,86,0.0
640,5,10,150,86,0.08757749316783438
641,5,10,150,86,0.03570665676503816
642,5,10,150,86,0.13207172242143603
643,5,10,150,86,0.15031592367651372
644,5,10,150,86,0.0
645,5,10,150,86,0.1856947245529553
646,5,10,150,86,0.0
647,5,10,150,86,0.03673869545191085
648,5,10,150,86,0.1510121408821335
649,5,10,150,86,0.0
650,5,10,150,86,0.14208499571110345
651,5,10,150,86,0.03443184397772452
652,5,10,150,86,0.0
653,5,10,150,86,0.042464725972586034
654,5,10,150,86,0.17020900230175445
655,5,10,150,86,0.24685681889231378
656,5,10,150,86,0.0
657,5,10,150,86,0.053845569940583225
658,5,10,150,86,0.0
659,5,10,150,86,0.07075240780563574
660,5,10,150,86,0.033833577668373825
661,5,10,150,86,0.12705991527984942
662,5,10,150,86,0.0
663,5,10,150,86,0.09211594531187607
664,5,10,150,86,0.05391021349625259
665,5,10,150,86,0.0
666,5,10,150,86,0.07860744541237058
667,5,10,150,86,0.2676806947950803
668,5,10,150,86,0.0
669,5,10,150,86,0.2672968266839232
670,5,10,150,86,0.18230594268689504
671,5,10,150,86,0.17434206503696043
672,5,10,150,86,0.0
673,5,10,150,86,0.0
674,5,10,150,86,0.0
675,5,10,150,86,0.05010834716923557
676,5,10,150,86,0.0536726727979485
677,5,10,150,86,0.03927489746221688
678,5,10,150,86,0.0
679,5,10,150,86,0.26970586372388394
680,5,10,150,86,0.2073612289146658
681,5,10,150,86,0.0
682,5,10,150,86,0.11122971707580094
683,5,10,150,86,0.06289349548893712
684,5,10,150,86,0.0
685,5,10,150,86,0.0
686,5,10,150,86,0.11524934452025383
687,5,10,150,86,0.0
688,5,10,150,86,0.0
689,5,10,150,86,0.32436268379537736
690,5,10,150,86,0.0
691,5,10,150,86,0.0
692,5,10,150,86,0.0
693,5,10,150,86,0.015483922344753005
694,5,10,150,86,0.20269611984358588
695,5,10,150,86,0.0607039656753694
696,5,10,150,86,0.12935879342602336
697,5,10,150,86,0.06378035696304758
698,5,10,150,86,0.09499131598480672
699,5,10,150,86,0.03139866635141006
700,5,10,150,86,0.16958010263680806
701,5,10,150,86,0.04129602134854855
702,5,10,150,86,0.0
703,5,10,150,86,0.03870447337439288
704,5,10,150,86,0.09986079379105446
705,5,10,150,86,0.20609334068785645
706,5,10,150,86,0.0
707,5,10,150,86,0.11204043240783193
708,5,10,150,86,0.0943325796571581
709,5,10,150,86,0.11778692963665513
710,5,10,150,86,0.05710411178654767
711,5,10,150,86,0.15552566999725762
712,5,10,150,86,0.12435918123916344
713,5,10,150,86,0.0
714,5,10,150,86,0.04195229264874745
715,5,10,150,86,0.07261309108674657
716,5,10,150,86,0.168520177802778
717,5,10,150,86,0.18940567332300148
718,5,10,150,86,0.14061157344379913
719,5,10,150,86,0.1811528335938261
720,5,10,150,86,0.05261577455142312
721,5,10,150,86,0.185399636990879
722,5,10,150,86,0.0
723,5,10,150,86,0.0
724,5,10,150,86,0.0
725,5,10,150,86,0.05750402108673013
726,5,10,150,86,0.2529427027676571
727,5,10,150,86,0.08061663362827853
728,5,10,150,86,0.0
729,5,10,150,86,0.0
730,5,10,150,86,0.0
731,5,10,150,86,0.10343510349900437
732,5,10,150,86,0.0
733,5,10,150,86,0.0
734,5,10,150,86,0.0655813061736612
735,5,10,150,86,0.0
736,5,10,150,86,0.0
737,5,10,150,86,0.16282663249631943
738,5,10,150,86,0.2632431729022225
739,5,10,150,86,0.0
740,5,10,150,86,0.0
741,5,10,150,86,0.10965210684801945
742,5,10,150,86,0.04553761034739079
743,5,10,150,86,0.0814476682319001
744,5,10,150,86,0.08878770367712427
745,5,10,150,86,0.3682049230943936
746,5,10,150,86,0.11450296808588954
747,5,10,150,86,0.3256741955399743
748,5,10,150,86,0.22468225866052274
749,5,10,150,86,0.13105630881376867
750,5,10,150,86,0.07219614103266732
751,5,10,150,86,0.10926529688037187
752,5,10,150,86,0.020210299806331135
753,5,10,150,86,0.15406810205846871
754,5,10,150,86,0.0
755,5,10,150,86,0.067228724047084
756,5,10,150,86,0.12944030246708935
757,5,10,150,86,0.06756111822138194
758,5,10,150,86,0.23647062888883855
759,5,10,150,86,0.038281751104512325
760,5,10,150,86,0.11447590313611888
761,5,10,150,86,0.03339755935325358
762,5,10,150,86,0.11568388634051256
763,5,10,150,86,0.20859185628046678
764,5,10,150,86,0.08207588022692468
765,5,10,150,86,0.0
766,5,10,150,86,0.050541549839211865
767,5,10,150,86,0.2073612289146658
768,5,10,150,86,0.07655078846581868
769,5,10,150,86,0.0
770,5,10,150,86,0.04692206785373726
771,5,10,150,86,0.2149590517835668
772,5,10,150,86,0.03353522641880846
773,5,10,150,86,0.08236155615232364
774,5,10,150,86,0.03551622697259125
775,5,10,150,86,0.0437324968781469
776,5,10,150,86,0.12155614423940549
777,5,10,150,86,0.14445412169961394
778,5,10,150,86,0.024850109207689472
779,5,10,150,86,0.05878132199396477
780,5,10,150,86,0.13273397200317036
781,5,10,150,86,0.24553555323333592
782,5,10,150,86,0.01869379972380473
783,5,10,150,86,0.0
784,5,10,150,86,0.0
785,5,10,150,86,0.07685905888147043
786,5,10,150,86,0.13370327844286975
787,5,10,150,86,0.0683037314796457
788,5,10,150,86,0.1509102124498328
789,5,10,150,86,0.059109628562248356
790,5,10,150,86,0.05575678571159265
791,5,10,150,86,0.0
792,5,10,150,86,0.0
793,5,10,150,86,0.0
794,5,10,150,86,0.22201254783236782
795,5,10,150,86,0.09354596657002175
796,5,10,150,86,0.3151292565226831
797,5,10,150,86,0.09030583455080088
798,5,10,150,86,0.08792547043608799
799,5,10,150,86,0.0
800,5,10,150,86,0.0
801,5,10,150,86,0.03096677356901516
802,5,10,150,86,0.030863419558816
803,5,10,150,86,0.0
804,5,10,150,86,0.13904708213926872
805,5,10,150,86,0.09729584551539477
806,5,10,150,86,0.13891238635540284
807,5,10,150,86,0.19510906471881448
808,5,10,150,86,0.040655755922716606
809,5,10,150,86,0.07484323939884738
810,5,10,150,86,0.0
811,5,10,150,86,0.05062543788674174
812,5,10,150,86,0.0
813,5,10,150,86,0.17367331957930765
814,5,10,150,86,0.1426080995102236
815,5,10,150,86,0.23723885478206078
816,5,10,150,86,0.08005612702969578
817,5,10,150,86,0.0
818,5,10,150,86,0.0
819,5,10,150,86,0.15575997463127336
820,5,10,150,86,0.041641441310299704
821,5,10,150,86,0.19220292042320755
822,5,10,150,86,0.03902876023380719
823,5,10,150,86,0.2982209602555571
824,5,10,150,86,0.0
825,5,10,150,86,0.11189872447018753
826,5,10,150,86,0.12127728358945425
827,5,10,150,86,0.0
828,5,10,150,86,0.07244745602732354
829,5,10,150,86,0.1633399391391799
830,5,10,150,86,0.11558676478688033
831,5,10,150,86,0.2429972418166229
832,5,10,150,86,0.041355644490859725
833,5,10,150,86,0.1262536236772468
834,5,10,150,86,0.09452471710599904
835,5,10,150,86,0.16131021212220273
836,5,10,150,86,0.10882945376944808
837,5,10,150,86,0.022383927187041207
838,5,10,150,86,0.14570435926304814
839,5,10,150,86,0.05646784228340616
840,5,10,150,86,0.27126612985653553
841,5,10,150,86,0.0
842,5,10,150,86,0.03314153504336938
843,5,10,150,86,0.08336051674053244
844,5,10,150,86,0.14767302746812566
845,5,10,150,86,0.0
846,5,10,150,86,0.30070563357092894
847,5,10,150,86,0.019732492740263768
848,5,10,150,86,0.14282544347845919
849,5,10,150,86,0.1917146328376363
850,5,10,150,86,0.24846647105083042
851,5,10,150,86,0.24055137134504237
852,5,10,150,86,0.0
853,5,10,150,86,0.0
854,5,10,150,86,0.15894358019222457
855,5,10,150,86,0.0
856,5,10,150,86,0.0628634487195275
857,5,10,150,86,0.0
858,5,10,150,86,0.0
859,5,10,150,86,0.0
860,5,10,150,86,0.09425388187734376
861,5,10,150,86,0.12001290632387755
862,5,10,150,86,0.2828739277353451
863,5,10,150,86,0.11798685418812045
864,5,10,150,86,0.23867866411736657
865,5,10,150,86,0.030825292165839853
866,5,10,150,86,0.2482726129454347
867,5,10,150,86,0.3819612539218161
868,5,10,150,86,0.12679628395292297
869,5,10,150,86,0.1488917402119443
870,5,10,150,86,0.0908509740756924
871,5,10,150,86,0.23335170418377482
872,5,10,150,86,0.03050926163237471
873,5,10,150,86,0.0
874,5,10,150,86,0.06575393297476358
875,5,10,150,86,0.24878110643435097
876,5,10,150,86,0.0
877,5,10,150,86,0.03487978243545732
878,5,10,150,86,0.048005054499156014
879,5,10,150,86,0.07180913162424091
880,5,10,150,86,0.2934710424512319
881,5,10,150,86,0.2581570076720792
882,5,10,150,86,0.3303028821656347
883,5,10,150,86,0.321280036885924
884,5,10,150,86,0.028767091820622218
885,5,10,150,86,0.10709607345972089
886,5,10,150,86,0.14725932910766382
887,5,10,150,86,0.1939709360851871
888,5,10,150,86,0.0
889,5,10,150,86,0.20256311212721942
890,5,10,150,86,0.34982923574099956
891,5,10,150,86,0.09013275514532934
892,5,10,150,86,0.40551062788702263
893,5,10,150,86,0.06655191453229989
894,5,10,150,86,0.1768980985315461
895,5,10,150,86,0.0
896,5,10,150,86,0.3101608235289253
897,5,10,150,86,0.22846590865264413
898,5,10,150,86,0.02204583040735582
899,5,10,150,86,0.1528183102111697
900,5,10,150,86,0.09313286019574611
901,5,10,150,86,0.25317004059729414
902,5,10,150,86,0.025255271126572616
903,5,10,150,86,0.29960099152002023
904,5,10,150,86,0.0
905,5,10,150,86,0.10788688832900037
906,5,10,150,86,0.06212701143918119
907,5,10,150,86,0.2075040402875269
908,5,10,150,86,0.20640898076180436
909,5,10,150,86,0.0
910,5,10,150,86,0.14111581018360284
911,5,10,150,86,0.08317288751647071
912,5,10,150,86,0.19029170705040452
913,5,10,150,86,0.19374110767191058
914,5,10,150,86,0.0
915,5,10,150,86,0.11261179911555924
916,5,10,150,86,0.17310347564727682
917,5,10,150,86,0.019845431127916993
918,5,10,150,86,0.0253533085437572
919,5,10,150,86,0.12202345113703193
920,5,10,150,86,0.26814570941777965
921,5,10,150,86,0.02477447378142753
922,5,10,150,86,0.1169032834855481
923,5,10,150,86,0.07926802913594262
924,5,10,150,86,0.11819634191622581
925,5,10,150,86,0.08576373115156254
926,5,10,150,86,0.18690891198435525
927,5,10,150,86,0.1445313744314927
928,5,10,150,86,0.225412941472223
929,5,10,150,86,0.11107244313646446
930,5,10,150,86,0.13909680376172495
931,5,10,150,86,0.07406012380799347
932,5,10,150,86,0.30785186942929194
933,5,10,150,86,0.052285493995508234
934,5,10,150,86,0.24469198175569284
935,5,10,150,86,0.043888403129016776
936,5,10,150,86,0.09570918442349405
937,5,10,150,86,0.09560624946230661
938,5,10,150,86,0.08978812887364458
939,5,10,150,86,0.05231692143384187
940,5,10,150,86,0.09469359068019315
941,5,10,150,86,0.2546814962889047
942,5,10,150,86,0.20361930362472372
943,5,10,150,86,0.14537297251885567
1,5,10,150,87,0.4058715898896693
2,5,10,150,87,0.14433828292945616
3,5,10,150,87,0.08759200575528697
4,5,10,150,87,0.0
5,5,10,150,87,0.04470486007704452
6,5,10,150,87,0.04187254809446048
7,5,10,150,87,0.22836484467160698
8,5,10,150,87,0.0
9,5,10,150,87,0.0
10,5,10,150,87,0.3005733545514552
11,5,10,150,87,0.03947525607388688
12,5,10,150,87,0.14632177291384774
13,5,10,150,87,0.24256092752724764
14,5,10,150,87,0.18795160328752808
15,5,10,150,87,0.0
16,5,10,150,87,0.19107502160562695
17,5,10,150,87,0.0
18,5,10,150,87,0.17872418048185143
19,5,10,150,87,0.15602106502222501
20,5,10,150,87,0.13743816645714543
21,5,10,150,87,0.17643857112498312
22,5,10,150,87,0.040815803121742565
23,5,10,150,87,0.10387012192613786
24,5,10,150,87,0.08835266840320231
25,5,10,150,87,0.23940867474021393
26,5,10,150,87,0.0
27,5,10,150,87,0.0
28,5,10,150,87,0.10131242160793445
30,5,10,150,87,0.08133484538841967
31,5,10,150,87,0.11164668500969883
32,5,10,150,87,0.19519002499605084
33,5,10,150,87,0.0
34,5,10,150,87,0.0
35,5,10,150,87,0.0
37,5,10,150,87,0.08177471774917201
38,5,10,150,87,0.0
39,5,10,150,87,0.0
40,5,10,150,87,0.0
41,5,10,150,87,0.06835476917178976
42,5,10,150,87,0.08850778826764391
43,5,10,150,87,0.0
44,5,10,150,87,0.29540493557662006
45,5,10,150,87,0.0
46,5,10,150,87,0.0
47,5,10,150,87,0.0
48,5,10,150,87,0.13203079491918646
49,5,10,150,87,0.05432573058142762
52,5,10,150,87,0.06369098129632131
53,5,10,150,87,0.0
54,5,10,150,87,0.0
55,5,10,150,87,0.0
56,5,10,150,87,0.11781210270929884
57,5,10,150,87,0.1318392860374695
58,5,10,150,87,0.43418941507676856
59,5,10,150,87,0.19233148606048747
60,5,10,150,87,0.1076743759411119
61,5,10,150,87,0.0
62,5,10,150,87,0.09586820699422145
63,5,10,150,87,0.0
64,5,10,150,87,0.07635718686081962
65,5,10,150,87,0.2342550150352983
66,5,10,150,87,0.06636133566432367
67,5,10,150,87,0.0
68,5,10,150,87,0.0
69,5,10,150,87,0.0
70,5,10,150,87,0.03243913203930433
71,5,10,150,87,0.20758456043036028
72,5,10,150,87,0.10990826949013655
73,5,10,150,87,0.14308314931855187
74,5,10,150,87,0.0
75,5,10,150,87,0.05515026856924372
76,5,10,150,87,0.10633668103022985
77,5,10,150,87,0.14247142730086715
78,5,10,150,87,0.0
79,5,10,150,87,0.07821312100379274
80,5,10,150,87,0.0
81,5,10,150,87,0.08878770367712427
82,5,10,150,87,0.03187578878809277
83,5,10,150,87,0.07414861528507455
84,5,10,150,87,0.07550980911390262
85,5,10,150,87,0.04734112273659951
86,5,10,150,87,0.0
87,5,10,150,87,0.16641625059082407
88,5,10,150,87,0.18920035951687003
89,5,10,150,87,0.046966485689931024
90,5,10,150,87,0.19659652872125194
91,5,10,150,87,0.0
92,5,10,150,87,0.067443405477823
93,5,10,150,87,0.0
94,5,10,150,87,0.12253429761719764
95,5,10,150,87,0.07849567312219397
96,5,10,150,87,0.12622583419458475
97,5,10,150,87,0.0
98,5,10,150,87,0.0
99,5,10,150,87,0.13337585439143895
100,5,10,150,87,0.0
101,5,10,150,87,0.0
102,5,10,150,87,0.0
103,5,10,150,87,0.0
104,5,10,150,87,0.33958467175585033
105,5,10,150,87,0.0
106,5,10,150,87,0.06516188295518531
107,5,10,150,87,0.0
109,5,10,150,87,0.16563719724029594
110,5,10,150,87,0.03203603672019056
111,5,10,150,87,0.0
112,5,10,150,87,0.14155505107215216
113,5,10,150,87,0.0
114,5,10,150,87,0.08274602130532002
115,5,10,150,87,0.0718417865441674
116,5,10,150,87,0.0
117,5,10,150,87,0.04277388862840795
118,5,10,150,87,0.2265416449833316
119,5,10,150,87,0.08512399185313972
120,5,10,150,87,0.0
121,5,10,150,87,0.13032376591037062
122,5,10,150,87,0.0
123,5,10,150,87,0.13720340769293682
124,5,10,150,87,0.0
125,5,10,150,87,0.05446333035917803
126,5,10,150,87,0.0
128,5,10,150,87,0.0
129,5,10,150,87,0.0
130,5,10,150,87,0.21080192078431575
131,5,10,150,87,0.0
132,5,10,150,87,0.0
133,5,10,150,87,0.0
134,5,10,150,87,0.0
135,5,10,150,87,0.0
136,5,10,150,87,0.0
137,5,10,150,87,0.1137075481082292
138,5,10,150,87,0.0976168253917686
139,5,10,150,87,0.10466868931043802
140,5,10,150,87,0.0
141,5,10,150,87,0.04733244938590725
142,5,10,150,87,0.0
143,5,10,150,87,0.0
144,5,10,150,87,0.0
145,5,10,150,87,0.22835480069221242
146,5,10,150,87,0.0
147,5,10,150,87,0.1033846481249528
148,5,10,150,87,0.26071721237610296
149,5,10,150,87,0.0
150,5,10,150,87,0.2640681225725909
151,5,10,150,87,0.1026571794225922
152,5,10,150,87,0.0
153,5,10,150,87,0.0
154,5,10,150,87,0.06416923277158361
155,5,10,150,87,0.0
156,5,10,150,87,0.0
157,5,10,150,87,0.0
158,5,10,150,87,0.13830208502611357
159,5,10,150,87,0.23138144801632507
160,5,10,150,87,0.23538511388047798
161,5,10,150,87,0.0
162,5,10,150,87,0.09784076556363268
163,5,10,150,87,0.0
164,5,10,150,87,0.0
165,5,10,150,87,0.0
167,5,10,150,87,0.05319635904163211
168,5,10,150,87,0.05461997784715835
169,5,10,150,87,0.0
170,5,10,150,87,0.0
171,5,10,150,87,0.0
173,5,10,150,87,0.07444401142258321
174,5,10,150,87,0.12795077757424125
175,5,10,150,87,0.21517910082405575
176,5,10,150,87,0.06289692884934815
177,5,10,150,87,0.38113435412202
178,5,10,150,87,0.12597398707460816
179,5,10,150,87,0.09149012142095872
180,5,10,150,87,0.06228974831361337
181,5,10,150,87,0.11680461119565375
182,5,10,150,87,0.0
183,5,10,150,87,0.15101961822780524
184,5,10,150,87,0.0
185,5,10,150,87,0.0
186,5,10,150,87,0.04633132539002164
187,5,10,150,87,0.0
188,5,10,150,87,0.12925733948536566
189,5,10,150,87,0.18890011590178235
190,5,10,150,87,0.0
192,5,10,150,87,0.123151194370365
193,5,10,150,87,0.0
194,5,10,150,87,0.14012129095911344
195,5,10,150,87,0.11787667935667444
196,5,10,150,87,0.0
197,5,10,150,87,0.09546043308946733
198,5,10,150,87,0.0
199,5,10,150,87,0.0
200,5,10,150,87,0.09785159463516042
201,5,10,150,87,0.018702907379956335
202,5,10,150,87,0.10466868931043802
203,5,10,150,87,0.0
204,5,10,150,87,0.19519002499605084
205,5,10,150,87,0.0
206,5,10,150,87,0.0
207,5,10,150,87,0.11073658758229504
208,5,10,150,87,0.0
209,5,10,150,87,0.0
210,5,10,150,87,0.2167516193508568
211,5,10,150,87,0.0
213,5,10,150,87,0.15669163589836543
214,5,10,150,87,0.0
216,5,10,150,87,0.23813231172447274
217,5,10,150,87,0.0
218,5,10,150,87,0.0
219,5,10,150,87,0.0
221,5,10,150,87,0.0
222,5,10,150,87,0.1050995674008573
223,5,10,150,87,0.0
224,5,10,150,87,0.0
225,5,10,150,87,0.09077089626867633
226,5,10,150,87,0.19092086617893467
227,5,10,150,87,0.0
228,5,10,150,87,0.0
229,5,10,150,87,0.0
230,5,10,150,87,0.12683081539850163
231,5,10,150,87,0.0
232,5,10,150,87,0.03962341267285813
233,5,10,150,87,0.3062523178880809
234,5,10,150,87,0.12765801871695548
235,5,10,150,87,0.06692738060277027
236,5,10,150,87,0.0
237,5,10,150,87,0.19342640361727081
238,5,10,150,87,0.0
239,5,10,150,87,0.06912040963822193
240,5,10,150,87,0.12495636102304827
241,5,10,150,87,0.0
242,5,10,150,87,0.0
243,5,10,150,87,0.0
244,5,10,150,87,0.049712302565054066
245,5,10,150,87,0.0
246,5,10,150,87,0.0561326498270945
247,5,10,150,87,0.09472348220010487
248,5,10,150,87,0.09472348220010487
249,5,10,150,87,0.09798874944313594
250,5,10,150,87,0.0
251,5,10,150,87,0.13032376591037062
252,5,10,150,87,0.20184908658209985
253,5,10,150,87,0.1084812001944431
254,5,10,150,87,0.08514311764162098
255,5,10,150,87,0.0
256,5,10,150,87,0.07107087490719705
257,5,10,150,87,0.1339616094750857
258,5,10,150,87,0.10144063749941859
259,5,10,150,87,0.1239740444869306
260,5,10,150,87,0.0
261,5,10,150,87,0.0
262,5,10,150,87,0.0
263,5,10,150,87,0.0956366800683804
264,5,10,150,87,0.0980310518581743
265,5,10,150,87,0.0
266,5,10,150,87,0.0
267,5,10,150,87,0.17168372277322866
268,5,10,150,87,0.07517090309261779
269,5,10,150,87,0.07200022387224603
270,5,10,150,87,0.07655568961465661
271,5,10,150,87,0.13010624216828925
272,5,10,150,87,0.1702293778633033
273,5,10,150,87,0.0
274,5,10,150,87,0.0
275,5,10,150,87,0.0
276,5,10,150,87,0.15875999922826586
277,5,10,150,87,0.0
278,5,10,150,87,0.1631512196835108
279,5,10,150,87,0.1734542012699839
280,5,10,150,87,0.20222165535157688
281,5,10,150,87,0.0
282,5,10,150,87,0.0
283,5,10,150,87,0.07028063830038406
284,5,10,150,87,0.0
285,5,10,150,87,0.0
286,5,10,150,87,0.09991246976864687
287,5,10,150,87,0.0
288,5,10,150,87,0.0859574327152926
289,5,10,150,87,0.16903020543979225
290,5,10,150,87,0.07834851647149511
291,5,10,150,87,0.07828167840727236
292,5,10,150,87,0.04224853374256244
293,5,10,150,87,0.17373188694860897
294,5,10,150,87,0.0239003177617487
295,5,10,150,87,0.2603201838311303
296,5,10,150,87,0.213595167308394
297,5,10,150,87,0.0
298,5,10,150,87,0.16915623549474385
299,5,10,150,87,0.0
300,5,10,150,87,0.0
301,5,10,150,87,0.06460801587741544
302,5,10,150,87,0.09224219235917257
303,5,10,150,87,0.08773996172943178
304,5,10,150,87,0.0
305,5,10,150,87,0.11349000778741654
306,5,10,150,87,0.0
307,5,10,150,87,0.10778915452451093
308,5,10,150,87,0.13490077762666258
310,5,10,150,87,0.0
311,5,10,150,87,0.13301422444853
312,5,10,150,87,0.1819616199123543
313,5,10,150,87,0.11270402374049442
314,5,10,150,87,0.16600564593053876
315,5,10,150,87,0.037110354711564805
316,5,10,150,87,0.0
317,5,10,150,87,0.0
318,5,10,150,87,0.1642688369468948
319,5,10,150,87,0.0
320,5,10,150,87,0.13927874459665815
321,5,10,150,87,0.0
322,5,10,150,87,0.0
323,5,10,150,87,0.1610425878239398
324,5,10,150,87,0.0
325,5,10,150,87,0.09092803061897883
326,5,10,150,87,0.027288805847552652
327,5,10,150,87,0.025410386140327024
328,5,10,150,87,0.09206364236149692
329,5,10,150,87,0.0
330,5,10,150,87,0.1313681680695099
331,5,10,150,87,0.0
332,5,10,150,87,0.09320485889859448
334,5,10,150,87,0.0620535353328374
335,5,10,150,87,0.16155546744299637
336,5,10,150,87,0.0780824078938463
337,5,10,150,87,0.0
338,5,10,150,87,0.18039889772993523
339,5,10,150,87,0.22956271420203478
340,5,10,150,87,0.12424880528285201
341,5,10,150,87,0.0
342,5,10,150,87,0.3820055212061999
343,5,10,150,87,0.11360727106764587
344,5,10,150,87,0.1202034973803211
345,5,10,150,87,0.18015355216717013
346,5,10,150,87,0.04366879852493834
347,5,10,150,87,0.24434072388563882
348,5,10,150,87,0.0
349,5,10,150,87,0.0
350,5,10,150,87,0.058087171966128066
351,5,10,150,87,0.07977344912567227
352,5,10,150,87,0.1903601622684853
353,5,10,150,87,0.14434031438272124
354,5,10,150,87,0.06335619058732639
355,5,10,150,87,0.0
356,5,10,150,87,0.0
357,5,10,150,87,0.0
358,5,10,150,87,0.06364028872631156
359,5,10,150,87,0.3010299956639812
360,5,10,150,87,0.12982031659526816
361,5,10,150,87,0.09478836436955078
362,5,10,150,87,0.054793185501041654
363,5,10,150,87,0.24101654828754165
364,5,10,150,87,0.0
365,5,10,150,87,0.0
366,5,10,150,87,0.0
367,5,10,150,87,0.06369098129632131
368,5,10,150,87,0.0
369,5,10,150,87,0.0
370,5,10,150,87,0.0
371,5,10,150,87,0.19950301641376814
372,5,10,150,87,0.15130120674940672
373,5,10,150,87,0.22842722979011518
374,5,10,150,87,0.07472550252128253
375,5,10,150,87,0.0
376,5,10,150,87,0.0
377,5,10,150,87,0.0
378,5,10,150,87,0.13635638482251203
379,5,10,150,87,0.08433239722469389
380,5,10,150,87,0.0
381,5,10,150,87,0.03243913203930433
382,5,10,150,87,0.1390935487579673
383,5,10,150,87,0.18543645219162883
384,5,10,150,87,0.0
385,5,10,150,87,0.0
386,5,10,150,87,0.0
387,5,10,150,87,0.08586571489348302
388,5,10,150,87,0.05789711601244791
389,5,10,150,87,0.09284203700798714
390,5,10,150,87,0.0
391,5,10,150,87,0.11245246430543061
392,5,10,150,87,0.1484702586346916
393,5,10,150,87,0.17201528718620057
394,5,10,150,87,0.18425976175120107
395,5,10,150,87,0.0
396,5,10,150,87,0.0
397,5,10,150,87,0.11004588314904008
398,5,10,150,87,0.28368572779044043
399,5,10,150,87,0.026175882249243814
400,5,10,150,87,0.0
401,5,10,150,87,0.02839245759615368
402,5,10,150,87,0.0
403,5,10,150,87,0.2529427027676571
404,5,10,150,87,0.0
405,5,10,150,87,0.059976221302414784
406,5,10,150,87,0.07610657727852362
407,5,10,150,87,0.12541209984981197
408,5,10,150,87,0.09983719697789138
409,5,10,150,87,0.05800611307095368
410,5,10,150,87,0.0
411,5,10,150,87,0.17342765698823945
412,5,10,150,87,0.0
413,5,10,150,87,0.0
414,5,10,150,87,0.21398626473452756
415,5,10,150,87,0.0
416,5,10,150,87,0.1691178381508892
417,5,10,150,87,0.11088189053445036
419,5,10,150,87,0.3536251441097701
420,5,10,150,87,0.15209749107189288
421,5,10,150,87,0.04264945290455212
422,5,10,150,87,0.0
423,5,10,150,87,0.13523051443907988
424,5,10,150,87,0.1545659390636425
425,5,10,150,87,0.2655785070268174
426,5,10,150,87,0.13571943816109763
427,5,10,150,87,0.12615224917140136
428,5,10,150,87,0.03967704129387874
429,5,10,150,87,0.14041959417088476
430,5,10,150,87,0.1261446714466394
431,5,10,150,87,0.0
432,5,10,150,87,0.049369952841505485
433,5,10,150,87,0.0
434,5,10,150,87,0.3903800499921017
435,5,10,150,87,0.11347000084585261
436,5,10,150,87,0.12973311796205417
437,5,10,150,87,0.22972973128433707
438,5,10,150,87,0.0
439,5,10,150,87,0.0
440,5,10,150,87,0.06175696970122604
441,5,10,150,87,0.0
442,5,10,150,87,0.0
443,5,10,150,87,0.0
445,5,10,150,87,0.0
446,5,10,150,87,0.0
447,5,10,150,87,0.2726897692124621
448,5,10,150,87,0.0
449,5,10,150,87,0.07784399437297408
450,5,10,150,87,0.22640083277136241
451,5,10,150,87,0.0
452,5,10,150,87,0.1353061563511876
453,5,10,150,87,0.029956785715628154
454,5,10,150,87,0.07998109630822593
455,5,10,150,87,0.08878904135110165
456,5,10,150,87,0.07758828619721583
457,5,10,150,87,0.29418445531213994
458,5,10,150,87,0.04507276838148142
459,5,10,150,87,0.0
460,5,10,150,87,0.0
461,5,10,150,87,0.0
462,5,10,150,87,0.0
463,5,10,150,87,0.026903388345470878
464,5,10,150,87,0.043001045588690626
465,5,10,150,87,0.035016337639871845
466,5,10,150,87,0.03947525607388688
467,5,10,150,87,0.1436337620239326
468,5,10,150,87,0.27023868832296544
469,5,10,150,87,0.057417722536754784
470,5,10,150,87,0.0
471,5,10,150,87,0.0
472,5,10,150,87,0.14903271548086697
473,5,10,150,87,0.08754031530847717
474,5,10,150,87,0.34897204770080337
475,5,10,150,87,0.06516188295518531
476,5,10,150,87,0.0
477,5,10,150,87,0.055100238151135045
478,5,10,150,87,0.23782833255689273
479,5,10,150,87,0.07834096783470737
480,5,10,150,87,0.21398626473452756
481,5,10,150,87,0.13863671367752411
482,5,10,150,87,0.0
483,5,10,150,87,0.06912040963822193
484,5,10,150,87,0.09353062527112192
485,5,10,150,87,0.0
486,5,10,150,87,0.10311241692162332
487,5,10,150,87,0.2215000938796789
488,5,10,150,87,0.0
489,5,10,150,87,0.02654873784242549
490,5,10,150,87,0.0
491,5,10,150,87,0.19092086617893467
492,5,10,150,87,0.12471554514794539
493,5,10,150,87,0.06270991162683781
494,5,10,150,87,0.1096312620712655
495,5,10,150,87,0.15115187072926595
496,5,10,150,87,0.05459112561892713
497,5,10,150,87,0.05602614285694803
498,5,10,150,87,0.03855307727568851
499,5,10,150,87,0.1912282106369008
500,5,10,150,87,0.05011951520627559
501,5,10,150,87,0.0
502,5,10,150,87,0.06364028872631156
503,5,10,150,87,0.27534073433896133
504,5,10,150,87,0.0
505,5,10,150,87,0.0
506,5,10,150,87,0.13939295695713902
507,5,10,150,87,0.03371865946438579
508,5,10,150,87,0.0
509,5,10,150,87,0.06474271459046577
510,5,10,150,87,0.0
511,5,10,150,87,0.0
512,5,10,150,87,0.18316925091363362
513,5,10,150,87,0.0461651444771445
514,5,10,150,87,0.10595566933616397
515,5,10,150,87,0.0
516,5,10,150,87,0.13768197790533618
517,5,10,150,87,0.042259191411409554
518,5,10,150,87,0.0
519,5,10,150,87,0.10980194963145926
520,5,10,150,87,0.0
521,5,10,150,87,0.017322902464627605
522,5,10,150,87,0.0
523,5,10,150,87,0.07926830632613421
524,5,10,150,87,0.10258209047527363
525,5,10,150,87,0.0
526,5,10,150,87,0.17292389918997986
527,5,10,150,87,0.14943863047793596
528,5,10,150,87,0.14110144150616766
529,5,10,150,87,0.10471139591065548
530,5,10,150,87,0.0
531,5,10,150,87,0.0
532,5,10,150,87,0.061814902734110014
533,5,10,150,87,0.140097006072795
534,5,10,150,87,0.07450923581469894
535,5,10,150,87,0.2871959083713276
536,5,10,150,87,0.27314750625223144
537,5,10,150,87,0.4387985608971603
538,5,10,150,87,0.0
539,5,10,150,87,0.1560067947598593
540,5,10,150,87,0.0
541,5,10,150,87,0.1630698087619573
542,5,10,150,87,0.1863323824297642
543,5,10,150,87,0.10214293143598126
544,5,10,150,87,0.07631352592005593
545,5,10,150,87,0.052962244777770985
546,5,10,150,87,0.15314106296495628
547,5,10,150,87,0.0
548,5,10,150,87,0.06942726819239371
549,5,10,150,87,0.0
550,5,10,150,87,0.13436217909546777
551,5,10,150,87,0.33883202286184855
552,5,10,150,87,0.0
553,5,10,150,87,0.2558682193404399
554,5,10,150,87,0.16600564593053876
555,5,10,150,87,0.0
556,5,10,150,87,0.15950832945941923
557,5,10,150,87,0.053894577262255466
558,5,10,150,87,0.05718685316335169
559,5,10,150,87,0.0734773909038217
560,5,10,150,87,0.2611842705687123
561,5,10,150,87,0.10592276296337293
562,5,10,150,87,0.06240346968106183
563,5,10,150,87,0.0
564,5,10,150,87,0.0
565,5,10,150,87,0.18568675205192314
566,5,10,150,87,0.13665387068436016
567,5,10,150,87,0.17044472484770287
568,5,10,150,87,0.057107346298225524
569,5,10,150,87,0.0336639187988199
570,5,10,150,87,0.0
571,5,10,150,87,0.0
572,5,10,150,87,0.058995070558427745
573,5,10,150,87,0.035908240113829995
574,5,10,150,87,0.07616204594440379
575,5,10,150,87,0.056316753775798256
576,5,10,150,87,0.17342765698823945
577,5,10,150,87,0.22186862389759224
578,5,10,150,87,0.09818998961169394
579,5,10,150,87,0.0
580,5,10,150,87,0.21661076434387644
581,5,10,150,87,0.0
582,5,10,150,87,0.028361369701356044
583,5,10,150,87,0.08811076314737627
584,5,10,150,87,0.0
585,5,10,150,87,0.06320275563713697
586,5,10,150,87,0.09195192495929504
587,5,10,150,87,0.0
588,5,10,150,87,0.2234644529330562
589,5,10,150,87,0.09751522916349128
590,5,10,150,87,0.18511573258657482
591,5,10,150,87,0.15758427078022966
592,5,10,150,87,0.24539657481359
593,5,10,150,87,0.1847125373189141
594,5,10,150,87,0.0843142342558857
595,5,10,150,87,0.0
596,5,10,150,87,0.0
597,5,10,150,87,0.0
598,5,10,150,87,0.11752277470724268
599,5,10,150,87,0.16402353420682853
600,5,10,150,87,0.0
601,5,10,150,87,0.026557570376145638
602,5,10,150,87,0.0
603,5,10,150,87,0.06194403202282284
604,5,10,150,87,0.0
605,5,10,150,87,0.10589838376326657
606,5,10,150,87,0.2138150508755678
607,5,10,150,87,0.0
608,5,10,150,87,0.14688428242884272
609,5,10,150,87,0.11838279295536291
610,5,10,150,87,0.05781186855394371
611,5,10,150,87,0.06967022707002284
612,5,10,150,87,0.0
613,5,10,150,87,0.2049174583553662
614,5,10,150,87,0.13886244387355454
615,5,10,150,87,0.10251900332140326
616,5,10,150,87,0.09781579202094404
617,5,10,150,87,0.07286192498233149
618,5,10,150,87,0.149831744199011
619,5,10,150,87,0.17622915213253285
620,5,10,150,87,0.1451323880538222
621,5,10,150,87,0.13589759152345549
622,5,10,150,87,0.10022910267662996
623,5,10,150,87,0.13369528351530374
624,5,10,150,87,0.019160322430058573
625,5,10,150,87,0.0
626,5,10,150,87,0.04690797720830594
627,5,10,150,87,0.04289205981312439
628,5,10,150,87,0.0
629,5,10,150,87,0.2013573326089747
630,5,10,150,87,0.12522204146604196
631,5,10,150,87,0.09240791929215005
632,5,10,150,87,0.3331495701314084
633,5,10,150,87,0.0455520698635181
634,5,10,150,87,0.023756977677906275
635,5,10,150,87,0.07393190703916604
636,5,10,150,87,0.0
637,5,10,150,87,0.0
638,5,10,150,87,0.15473934503245962
639,5,10,150,87,0.0
640,5,10,150,87,0.08757749316783438
641,5,10,150,87,0.03570665676503816
642,5,10,150,87,0.13207172242143603
643,5,10,150,87,0.15031592367651372
644,5,10,150,87,0.0
645,5,10,150,87,0.1856947245529553
646,5,10,150,87,0.0
647,5,10,150,87,0.03673869545191085
648,5,10,150,87,0.1510121408821335
649,5,10,150,87,0.0
650,5,10,150,87,0.15132565596359518
651,5,10,150,87,0.03443184397772452
652,5,10,150,87,0.0
653,5,10,150,87,0.042464725972586034
654,5,10,150,87,0.17020900230175445
655,5,10,150,87,0.2530065694586654
656,5,10,150,87,0.0
657,5,10,150,87,0.053845569940583225
658,5,10,150,87,0.0
659,5,10,150,87,0.07075240780563574
660,5,10,150,87,0.033833577668373825
661,5,10,150,87,0.12705991527984942
662,5,10,150,87,0.0
663,5,10,150,87,0.09211594531187607
664,5,10,150,87,0.05391021349625259
665,5,10,150,87,0.0
666,5,10,150,87,0.07860744541237058
667,5,10,150,87,0.2676806947950803
668,5,10,150,87,0.0
669,5,10,150,87,0.2672968266839232
670,5,10,150,87,0.18230594268689504
671,5,10,150,87,0.17434206503696043
672,5,10,150,87,0.0
673,5,10,150,87,0.0
674,5,10,150,87,0.0
675,5,10,150,87,0.05010834716923557
676,5,10,150,87,0.08008509239634608
677,5,10,150,87,0.03927489746221688
678,5,10,150,87,0.0
679,5,10,150,87,0.26970586372388394
680,5,10,150,87,0.2073612289146658
681,5,10,150,87,0.0
682,5,10,150,87,0.1103214767401771
683,5,10,150,87,0.06289349548893712
684,5,10,150,87,0.0
685,5,10,150,87,0.0
686,5,10,150,87,0.11524934452025383
687,5,10,150,87,0.0
688,5,10,150,87,0.0
689,5,10,150,87,0.32436268379537736
690,5,10,150,87,0.0
691,5,10,150,87,0.0
692,5,10,150,87,0.0
693,5,10,150,87,0.015483922344753005
694,5,10,150,87,0.20269611984358588
695,5,10,150,87,0.0607039656753694
696,5,10,150,87,0.12935879342602336
697,5,10,150,87,0.06378035696304758
698,5,10,150,87,0.09499131598480672
699,5,10,150,87,0.03139866635141006
700,5,10,150,87,0.16958010263680806
701,5,10,150,87,0.04129602134854855
702,5,10,150,87,0.0
703,5,10,150,87,0.03870447337439288
704,5,10,150,87,0.09986079379105446
705,5,10,150,87,0.20609334068785645
706,5,10,150,87,0.0
707,5,10,150,87,0.11204043240783193
708,5,10,150,87,0.0943325796571581
709,5,10,150,87,0.11778692963665513
710,5,10,150,87,0.05710411178654767
711,5,10,150,87,0.15552566999725762
712,5,10,150,87,0.12435918123916344
713,5,10,150,87,0.0
714,5,10,150,87,0.04195229264874745
715,5,10,150,87,0.07261309108674657
716,5,10,150,87,0.168520177802778
717,5,10,150,87,0.18940567332300148
718,5,10,150,87,0.14061157344379913
719,5,10,150,87,0.1811528335938261
720,5,10,150,87,0.05261577455142312
721,5,10,150,87,0.185399636990879
722,5,10,150,87,0.0
723,5,10,150,87,0.0
724,5,10,150,87,0.0
725,5,10,150,87,0.05750402108673013
726,5,10,150,87,0.2529427027676571
727,5,10,150,87,0.07995836279645116
728,5,10,150,87,0.0
729,5,10,150,87,0.0
730,5,10,150,87,0.0
731,5,10,150,87,0.10343510349900437
732,5,10,150,87,0.0
733,5,10,150,87,0.0
734,5,10,150,87,0.0655813061736612
735,5,10,150,87,0.0
736,5,10,150,87,0.0
737,5,10,150,87,0.16282663249631943
738,5,10,150,87,0.2632431729022225
739,5,10,150,87,0.0
740,5,10,150,87,0.0
741,5,10,150,87,0.10965210684801945
742,5,10,150,87,0.04553761034739079
743,5,10,150,87,0.0814476682319001
744,5,10,150,87,0.08878770367712427
745,5,10,150,87,0.3682049230943936
746,5,10,150,87,0.11450296808588954
747,5,10,150,87,0.33118036701162523
748,5,10,150,87,0.22468225866052274
749,5,10,150,87,0.1299861754983929
750,5,10,150,87,0.07219614103266732
751,5,10,150,87,0.10926529688037187
752,5,10,150,87,0.020210299806331135
753,5,10,150,87,0.15406810205846871
754,5,10,150,87,0.0
755,5,10,150,87,0.067228724047084
756,5,10,150,87,0.12944030246708935
757,5,10,150,87,0.07956418777742516
758,5,10,150,87,0.23453974055257842
759,5,10,150,87,0.038281751104512325
760,5,10,150,87,0.11447590313611888
761,5,10,150,87,0.03339755935325358
762,5,10,150,87,0.11568388634051256
763,5,10,150,87,0.20859185628046678
764,5,10,150,87,0.08207588022692468
765,5,10,150,87,0.0
766,5,10,150,87,0.050541549839211865
767,5,10,150,87,0.2073612289146658
768,5,10,150,87,0.07655078846581868
769,5,10,150,87,0.0
770,5,10,150,87,0.04692206785373726
771,5,10,150,87,0.2149590517835668
772,5,10,150,87,0.03353522641880846
773,5,10,150,87,0.08236155615232364
774,5,10,150,87,0.03551622697259125
775,5,10,150,87,0.0437324968781469
776,5,10,150,87,0.12155614423940549
777,5,10,150,87,0.14445412169961394
778,5,10,150,87,0.024850109207689472
779,5,10,150,87,0.05878132199396477
780,5,10,150,87,0.13273397200317036
781,5,10,150,87,0.24553555323333592
782,5,10,150,87,0.018541156496962186
783,5,10,150,87,0.0
784,5,10,150,87,0.0
785,5,10,150,87,0.07685905888147043
786,5,10,150,87,0.13370327844286975
787,5,10,150,87,0.0683037314796457
788,5,10,150,87,0.14967796314085455
789,5,10,150,87,0.059109628562248356
790,5,10,150,87,0.05575678571159265
791,5,10,150,87,0.0
792,5,10,150,87,0.0
793,5,10,150,87,0.01903797909447504
794,5,10,150,87,0.22201254783236782
795,5,10,150,87,0.09354596657002175
796,5,10,150,87,0.3125560853483466
797,5,10,150,87,0.09030583455080088
798,5,10,150,87,0.08720751968625073
799,5,10,150,87,0.0
800,5,10,150,87,0.0
801,5,10,150,87,0.03096677356901516
802,5,10,150,87,0.030863419558816
803,5,10,150,87,0.0
804,5,10,150,87,0.13791170058953753
805,5,10,150,87,0.09650138146649778
806,5,10,150,87,0.13891238635540284
807,5,10,150,87,0.19510906471881448
808,5,10,150,87,0.040655755922716606
809,5,10,150,87,0.07484323939884738
810,5,10,150,87,0.0
811,5,10,150,87,0.05062543788674174
812,5,10,150,87,0.0
813,5,10,150,87,0.17367331957930765
814,5,10,150,87,0.1426080995102236
815,5,10,150,87,0.23723885478206078
816,5,10,150,87,0.08005612702969578
817,5,10,150,87,0.0
818,5,10,150,87,0.0
819,5,10,150,87,0.15575997463127336
820,5,10,150,87,0.041641441310299704
821,5,10,150,87,0.19220292042320755
822,5,10,150,87,0.03902876023380719
823,5,10,150,87,0.2982209602555571
824,5,10,150,87,0.0
825,5,10,150,87,0.11189872447018753
826,5,10,150,87,0.12127728358945425
827,5,10,150,87,0.0
828,5,10,150,87,0.07244745602732354
829,5,10,150,87,0.1633399391391799
830,5,10,150,87,0.11558676478688033
831,5,10,150,87,0.2429972418166229
832,5,10,150,87,0.041355644490859725
833,5,10,150,87,0.12522270643177538
834,5,10,150,87,0.09452471710599904
835,5,10,150,87,0.16131021212220273
836,5,10,150,87,0.10882945376944808
837,5,10,150,87,0.022383927187041207
838,5,10,150,87,0.14570435926304814
839,5,10,150,87,0.05646784228340616
840,5,10,150,87,0.27721656749316553
841,5,10,150,87,0.0
842,5,10,150,87,0.03314153504336938
843,5,10,150,87,0.0826798408771694
844,5,10,150,87,0.14767302746812566
845,5,10,150,87,0.0
846,5,10,150,87,0.29825023772224296
847,5,10,150,87,0.019732492740263768
848,5,10,150,87,0.1516460124686172
849,5,10,150,87,0.1917146328376363
850,5,10,150,87,0.24846647105083042
851,5,10,150,87,0.23858716192341534
852,5,10,150,87,0.0
853,5,10,150,87,0.0
854,5,10,150,87,0.15764573484644648
855,5,10,150,87,0.0
856,5,10,150,87,0.0628634487195275
857,5,10,150,87,0.0
858,5,10,150,87,0.0
859,5,10,150,87,0.0
860,5,10,150,87,0.09425388187734376
861,5,10,150,87,0.12001290632387755
862,5,10,150,87,0.2828739277353451
863,5,10,150,87,0.13068982389634218
864,5,10,150,87,0.23672974618694986
865,5,10,150,87,0.030825292165839853
866,5,10,150,87,0.2482726129454347
867,5,10,150,87,0.3819612539218161
868,5,10,150,87,0.13392638242822613
869,5,10,150,87,0.1488917402119443
870,5,10,150,87,0.09010913528156846
871,5,10,150,87,0.23335170418377482
872,5,10,150,87,0.03050926163237471
873,5,10,150,87,0.0
874,5,10,150,87,0.06575393297476358
875,5,10,150,87,0.24878110643435097
876,5,10,150,87,0.0
877,5,10,150,87,0.03487978243545732
878,5,10,150,87,0.048005054499156014
879,5,10,150,87,0.07180913162424091
880,5,10,150,87,0.2910747202713405
881,5,10,150,87,0.2560490403639187
882,5,10,150,87,0.3303028821656347
883,5,10,150,87,0.3268220886262267
884,5,10,150,87,0.028767091820622218
885,5,10,150,87,0.10709607345972089
886,5,10,150,87,0.14605689089233204
887,5,10,150,87,0.19238707672886757
888,5,10,150,87,0.0
889,5,10,150,87,0.20090909381466668
890,5,10,150,87,0.34982923574099956
891,5,10,150,87,0.09013275514532934
892,5,10,150,87,0.41036489921888913
893,5,10,150,87,0.06655191453229989
894,5,10,150,87,0.17545364652172915
895,5,10,150,87,0.0
896,5,10,150,87,0.3076282218298011
897,5,10,150,87,0.22660038243349645
898,5,10,150,87,0.02204583040735582
899,5,10,150,87,0.1528183102111697
900,5,10,150,87,0.09313286019574611
901,5,10,150,87,0.25317004059729414
902,5,10,150,87,0.025255271126572616
903,5,10,150,87,0.29715461556721673
904,5,10,150,87,0.0
905,5,10,150,87,0.10788688832900037
906,5,10,150,87,0.06212701143918119
907,5,10,150,87,0.20580967708901574
908,5,10,150,87,0.20640898076180436
909,5,10,150,87,0.0
910,5,10,150,87,0.14111581018360284
911,5,10,150,87,0.08317288751647071
912,5,10,150,87,0.19029170705040452
913,5,10,150,87,0.19374110767191058
914,5,10,150,87,0.0
915,5,10,150,87,0.11261179911555924
916,5,10,150,87,0.17169000842868817
917,5,10,150,87,0.019845431127916993
918,5,10,150,87,0.0253533085437572
919,5,10,150,87,0.12102707514032639
920,5,10,150,87,0.26814570941777965
921,5,10,150,87,0.02477447378142753
922,5,10,150,87,0.1169032834855481
923,5,10,150,87,0.07926802913594262
924,5,10,150,87,0.11819634191622581
925,5,10,150,87,0.08576373115156254
926,5,10,150,87,0.18690891198435525
927,5,10,150,87,0.1445313744314927
928,5,10,150,87,0.225412941472223
929,5,10,150,87,0.11107244313646446
930,5,10,150,87,0.13909680376172495
931,5,10,150,87,0.07406012380799347
932,5,10,150,87,0.30533812137199584
933,5,10,150,87,0.05185855957669301
934,5,10,150,87,0.24269396240010283
935,5,10,150,87,0.043888403129016776
936,5,10,150,87,0.09492767617130782
937,5,10,150,87,0.09560624946230661
938,5,10,150,87,0.08978812887364458
939,5,10,150,87,0.05231692143384187
940,5,10,150,87,0.09469359068019315
941,5,10,150,87,0.2546814962889047
942,5,10,150,87,0.20361930362472372
943,5,10,150,87,0.14418593724786616
1,5,10,150,88,0.4058715898896693
2,5,10,150,88,0.14433828292945616
3,5,10,150,88,0.08759200575528697
4,5,10,150,88,0.0
5,5,10,150,88,0.04470486007704452
6,5,10,150,88,0.04187254809446048
7,5,10,150,88,0.22836484467160698
8,5,10,150,88,0.0
9,5,10,150,88,0.0
10,5,10,150,88,0.3005733545514552
11,5,10,150,88,0.03947525607388688
12,5,10,150,88,0.14632177291384774
13,5,10,150,88,0.24256092752724764
14,5,10,150,88,0.18795160328752808
15,5,10,150,88,0.0
16,5,10,150,88,0.19107502160562695
17,5,10,150,88,0.0
18,5,10,150,88,0.17872418048185143
19,5,10,150,88,0.15602106502222501
20,5,10,150,88,0.13743816645714543
21,5,10,150,88,0.17643857112498312
22,5,10,150,88,0.040815803121742565
23,5,10,150,88,0.10387012192613786
24,5,10,150,88,0.08835266840320231
25,5,10,150,88,0.23940867474021393
26,5,10,150,88,0.027519708785797934
27,5,10,150,88,0.0
28,5,10,150,88,0.10131242160793445
30,5,10,150,88,0.08133484538841967
31,5,10,150,88,0.11164668500969883
32,5,10,150,88,0.19519002499605084
33,5,10,150,88,0.0
34,5,10,150,88,0.0
35,5,10,150,88,0.0
37,5,10,150,88,0.08177471774917201
38,5,10,150,88,0.0
39,5,10,150,88,0.0
40,5,10,150,88,0.0
41,5,10,150,88,0.06835476917178976
42,5,10,150,88,0.08850778826764391
43,5,10,150,88,0.0
44,5,10,150,88,0.29540493557662006
45,5,10,150,88,0.0
46,5,10,150,88,0.0
47,5,10,150,88,0.0
48,5,10,150,88,0.13203079491918646
49,5,10,150,88,0.05432573058142762
52,5,10,150,88,0.06369098129632131
53,5,10,150,88,0.0
54,5,10,150,88,0.0
55,5,10,150,88,0.0
56,5,10,150,88,0.11781210270929884
57,5,10,150,88,0.1318392860374695
58,5,10,150,88,0.43418941507676856
59,5,10,150,88,0.19233148606048747
60,5,10,150,88,0.1076743759411119
61,5,10,150,88,0.0
62,5,10,150,88,0.09586820699422145
63,5,10,150,88,0.0
64,5,10,150,88,0.07635718686081962
65,5,10,150,88,0.2342550150352983
66,5,10,150,88,0.06636133566432367
67,5,10,150,88,0.0
68,5,10,150,88,0.0
69,5,10,150,88,0.0
70,5,10,150,88,0.03243913203930433
71,5,10,150,88,0.20758456043036028
72,5,10,150,88,0.10990826949013655
73,5,10,150,88,0.14308314931855187
74,5,10,150,88,0.0
75,5,10,150,88,0.05515026856924372
76,5,10,150,88,0.10633668103022985
77,5,10,150,88,0.14247142730086715
78,5,10,150,88,0.0
79,5,10,150,88,0.07821312100379274
80,5,10,150,88,0.0
81,5,10,150,88,0.08878770367712427
82,5,10,150,88,0.03187578878809277
83,5,10,150,88,0.07414861528507455
84,5,10,150,88,0.07550980911390262
85,5,10,150,88,0.04734112273659951
86,5,10,150,88,0.0
87,5,10,150,88,0.16641625059082407
88,5,10,150,88,0.18920035951687003
89,5,10,150,88,0.046966485689931024
90,5,10,150,88,0.19659652872125194
91,5,10,150,88,0.0
92,5,10,150,88,0.067443405477823
93,5,10,150,88,0.0
94,5,10,150,88,0.12253429761719764
95,5,10,150,88,0.07849567312219397
96,5,10,150,88,0.12622583419458475
97,5,10,150,88,0.0
98,5,10,150,88,0.0
99,5,10,150,88,0.13337585439143895
100,5,10,150,88,0.0
101,5,10,150,88,0.0
102,5,10,150,88,0.0
103,5,10,150,88,0.0
104,5,10,150,88,0.33958467175585033
105,5,10,150,88,0.0
106,5,10,150,88,0.06516188295518531
107,5,10,150,88,0.0
109,5,10,150,88,0.16563719724029594
110,5,10,150,88,0.03203603672019056
111,5,10,150,88,0.0
112,5,10,150,88,0.14155505107215216
113,5,10,150,88,0.0
114,5,10,150,88,0.08274602130532002
115,5,10,150,88,0.0718417865441674
116,5,10,150,88,0.0
117,5,10,150,88,0.04277388862840795
118,5,10,150,88,0.2265416449833316
119,5,10,150,88,0.08512399185313972
120,5,10,150,88,0.0
121,5,10,150,88,0.13032376591037062
122,5,10,150,88,0.0
123,5,10,150,88,0.13720340769293682
124,5,10,150,88,0.0
125,5,10,150,88,0.05446333035917803
126,5,10,150,88,0.0
128,5,10,150,88,0.0
129,5,10,150,88,0.0
130,5,10,150,88,0.21080192078431575
131,5,10,150,88,0.0
132,5,10,150,88,0.0
133,5,10,150,88,0.0
134,5,10,150,88,0.0
135,5,10,150,88,0.0
136,5,10,150,88,0.0
137,5,10,150,88,0.1137075481082292
138,5,10,150,88,0.0976168253917686
139,5,10,150,88,0.10466868931043802
140,5,10,150,88,0.0
141,5,10,150,88,0.04733244938590725
142,5,10,150,88,0.0
143,5,10,150,88,0.0
144,5,10,150,88,0.0
145,5,10,150,88,0.22835480069221242
146,5,10,150,88,0.0
147,5,10,150,88,0.1033846481249528
148,5,10,150,88,0.26071721237610296
149,5,10,150,88,0.0
150,5,10,150,88,0.2640681225725909
151,5,10,150,88,0.1026571794225922
152,5,10,150,88,0.0
153,5,10,150,88,0.0
154,5,10,150,88,0.06416923277158361
155,5,10,150,88,0.0
156,5,10,150,88,0.0
157,5,10,150,88,0.0
158,5,10,150,88,0.13830208502611357
159,5,10,150,88,0.23138144801632507
160,5,10,150,88,0.23538511388047798
161,5,10,150,88,0.0
162,5,10,150,88,0.09784076556363268
163,5,10,150,88,0.0
164,5,10,150,88,0.0
165,5,10,150,88,0.0
167,5,10,150,88,0.05319635904163211
168,5,10,150,88,0.05461997784715835
169,5,10,150,88,0.0
170,5,10,150,88,0.0
171,5,10,150,88,0.0
173,5,10,150,88,0.07444401142258321
174,5,10,150,88,0.12795077757424125
175,5,10,150,88,0.21517910082405575
176,5,10,150,88,0.06289692884934815
177,5,10,150,88,0.38113435412202
178,5,10,150,88,0.12597398707460816
179,5,10,150,88,0.09149012142095872
180,5,10,150,88,0.06228974831361337
181,5,10,150,88,0.11680461119565375
182,5,10,150,88,0.0
183,5,10,150,88,0.15101961822780524
184,5,10,150,88,0.0
185,5,10,150,88,0.0
186,5,10,150,88,0.04633132539002164
187,5,10,150,88,0.0
188,5,10,150,88,0.12925733948536566
189,5,10,150,88,0.18890011590178235
190,5,10,150,88,0.0
192,5,10,150,88,0.123151194370365
193,5,10,150,88,0.0
194,5,10,150,88,0.14012129095911344
195,5,10,150,88,0.11787667935667444
196,5,10,150,88,0.0
197,5,10,150,88,0.09546043308946733
198,5,10,150,88,0.0
199,5,10,150,88,0.0
200,5,10,150,88,0.09785159463516042
201,5,10,150,88,0.018702907379956335
202,5,10,150,88,0.10466868931043802
203,5,10,150,88,0.0
204,5,10,150,88,0.19519002499605084
205,5,10,150,88,0.0
206,5,10,150,88,0.0
207,5,10,150,88,0.11073658758229504
208,5,10,150,88,0.0
209,5,10,150,88,0.0
210,5,10,150,88,0.2167516193508568
211,5,10,150,88,0.0
213,5,10,150,88,0.15669163589836543
214,5,10,150,88,0.0
216,5,10,150,88,0.23813231172447274
217,5,10,150,88,0.0
218,5,10,150,88,0.0
219,5,10,150,88,0.0
221,5,10,150,88,0.0
222,5,10,150,88,0.1050995674008573
223,5,10,150,88,0.0
224,5,10,150,88,0.0
225,5,10,150,88,0.09077089626867633
226,5,10,150,88,0.19092086617893467
227,5,10,150,88,0.0
228,5,10,150,88,0.0
229,5,10,150,88,0.0
230,5,10,150,88,0.12683081539850163
231,5,10,150,88,0.0
232,5,10,150,88,0.03962341267285813
233,5,10,150,88,0.3062523178880809
234,5,10,150,88,0.14181954452990153
235,5,10,150,88,0.06692738060277027
236,5,10,150,88,0.0
237,5,10,150,88,0.19342640361727081
238,5,10,150,88,0.0
239,5,10,150,88,0.06912040963822193
240,5,10,150,88,0.12495636102304827
241,5,10,150,88,0.0
242,5,10,150,88,0.0
243,5,10,150,88,0.0
244,5,10,150,88,0.049712302565054066
245,5,10,150,88,0.0
246,5,10,150,88,0.0561326498270945
247,5,10,150,88,0.09472348220010487
248,5,10,150,88,0.09472348220010487
249,5,10,150,88,0.09798874944313594
250,5,10,150,88,0.0
251,5,10,150,88,0.13032376591037062
252,5,10,150,88,0.20184908658209985
253,5,10,150,88,0.1084812001944431
254,5,10,150,88,0.08514311764162098
255,5,10,150,88,0.0
256,5,10,150,88,0.07107087490719705
257,5,10,150,88,0.1339616094750857
258,5,10,150,88,0.10144063749941859
259,5,10,150,88,0.1239740444869306
260,5,10,150,88,0.0
261,5,10,150,88,0.0
262,5,10,150,88,0.0
263,5,10,150,88,0.0956366800683804
264,5,10,150,88,0.0980310518581743
265,5,10,150,88,0.0
266,5,10,150,88,0.0
267,5,10,150,88,0.17168372277322866
268,5,10,150,88,0.09950548580207201
269,5,10,150,88,0.07200022387224603
270,5,10,150,88,0.07655568961465661
271,5,10,150,88,0.13010624216828925
272,5,10,150,88,0.1702293778633033
273,5,10,150,88,0.0
274,5,10,150,88,0.0
275,5,10,150,88,0.0
276,5,10,150,88,0.15875999922826586
277,5,10,150,88,0.0
278,5,10,150,88,0.1631512196835108
279,5,10,150,88,0.1734542012699839
280,5,10,150,88,0.20222165535157688
281,5,10,150,88,0.0
282,5,10,150,88,0.0
283,5,10,150,88,0.07028063830038406
284,5,10,150,88,0.0
285,5,10,150,88,0.0
286,5,10,150,88,0.09991246976864687
287,5,10,150,88,0.0
288,5,10,150,88,0.0859574327152926
289,5,10,150,88,0.16903020543979225
290,5,10,150,88,0.07834851647149511
291,5,10,150,88,0.07828167840727236
292,5,10,150,88,0.04224853374256244
293,5,10,150,88,0.17373188694860897
294,5,10,150,88,0.0239003177617487
295,5,10,150,88,0.2603201838311303
296,5,10,150,88,0.213595167308394
297,5,10,150,88,0.0
298,5,10,150,88,0.16915623549474385
299,5,10,150,88,0.0
300,5,10,150,88,0.0
301,5,10,150,88,0.06460801587741544
302,5,10,150,88,0.09224219235917257
303,5,10,150,88,0.08773996172943178
304,5,10,150,88,0.0
305,5,10,150,88,0.11349000778741654
306,5,10,150,88,0.0
307,5,10,150,88,0.10778915452451093
308,5,10,150,88,0.13490077762666258
310,5,10,150,88,0.0
311,5,10,150,88,0.13301422444853
312,5,10,150,88,0.1819616199123543
313,5,10,150,88,0.11270402374049442
314,5,10,150,88,0.16600564593053876
315,5,10,150,88,0.037110354711564805
316,5,10,150,88,0.0
317,5,10,150,88,0.0
318,5,10,150,88,0.1642688369468948
319,5,10,150,88,0.0
320,5,10,150,88,0.13927874459665815
321,5,10,150,88,0.0
322,5,10,150,88,0.0
323,5,10,150,88,0.1610425878239398
324,5,10,150,88,0.0
325,5,10,150,88,0.09092803061897883
326,5,10,150,88,0.027288805847552652
327,5,10,150,88,0.025410386140327024
328,5,10,150,88,0.09206364236149692
329,5,10,150,88,0.0
330,5,10,150,88,0.1313681680695099
331,5,10,150,88,0.0
332,5,10,150,88,0.09320485889859448
334,5,10,150,88,0.0620535353328374
335,5,10,150,88,0.16155546744299637
336,5,10,150,88,0.0780824078938463
337,5,10,150,88,0.0
338,5,10,150,88,0.18039889772993523
339,5,10,150,88,0.22956271420203478
340,5,10,150,88,0.12424880528285201
341,5,10,150,88,0.0
342,5,10,150,88,0.3820055212061999
343,5,10,150,88,0.11360727106764587
344,5,10,150,88,0.1202034973803211
345,5,10,150,88,0.18015355216717013
346,5,10,150,88,0.04366879852493834
347,5,10,150,88,0.24434072388563882
348,5,10,150,88,0.0
349,5,10,150,88,0.0
350,5,10,150,88,0.058087171966128066
351,5,10,150,88,0.07977344912567227
352,5,10,150,88,0.1903601622684853
353,5,10,150,88,0.14434031438272124
354,5,10,150,88,0.06335619058732639
355,5,10,150,88,0.0
356,5,10,150,88,0.0
357,5,10,150,88,0.0
358,5,10,150,88,0.06364028872631156
359,5,10,150,88,0.3010299956639812
360,5,10,150,88,0.12982031659526816
361,5,10,150,88,0.09478836436955078
362,5,10,150,88,0.054793185501041654
363,5,10,150,88,0.24101654828754165
364,5,10,150,88,0.0
365,5,10,150,88,0.0
366,5,10,150,88,0.0
367,5,10,150,88,0.06369098129632131
368,5,10,150,88,0.0
369,5,10,150,88,0.0
370,5,10,150,88,0.0
371,5,10,150,88,0.19950301641376814
372,5,10,150,88,0.15130120674940672
373,5,10,150,88,0.22842722979011518
374,5,10,150,88,0.07472550252128253
375,5,10,150,88,0.0
376,5,10,150,88,0.0
377,5,10,150,88,0.0
378,5,10,150,88,0.13635638482251203
379,5,10,150,88,0.08433239722469389
380,5,10,150,88,0.0
381,5,10,150,88,0.03243913203930433
382,5,10,150,88,0.1390935487579673
383,5,10,150,88,0.18543645219162883
384,5,10,150,88,0.0
385,5,10,150,88,0.0
386,5,10,150,88,0.0
387,5,10,150,88,0.08586571489348302
388,5,10,150,88,0.05789711601244791
389,5,10,150,88,0.09284203700798714
390,5,10,150,88,0.0
391,5,10,150,88,0.11245246430543061
392,5,10,150,88,0.1824574152470408
393,5,10,150,88,0.17201528718620057
394,5,10,150,88,0.18425976175120107
395,5,10,150,88,0.0
396,5,10,150,88,0.0
397,5,10,150,88,0.11004588314904008
398,5,10,150,88,0.28368572779044043
399,5,10,150,88,0.026175882249243814
400,5,10,150,88,0.0
401,5,10,150,88,0.02839245759615368
402,5,10,150,88,0.0
403,5,10,150,88,0.2529427027676571
404,5,10,150,88,0.0
405,5,10,150,88,0.05949166812988648
406,5,10,150,88,0.07610657727852362
407,5,10,150,88,0.12541209984981197
408,5,10,150,88,0.09983719697789138
409,5,10,150,88,0.05800611307095368
410,5,10,150,88,0.0
411,5,10,150,88,0.17342765698823945
412,5,10,150,88,0.0
413,5,10,150,88,0.0
414,5,10,150,88,0.21398626473452756
415,5,10,150,88,0.0
416,5,10,150,88,0.1691178381508892
417,5,10,150,88,0.11088189053445036
419,5,10,150,88,0.3536251441097701
420,5,10,150,88,0.15209749107189288
421,5,10,150,88,0.04264945290455212
422,5,10,150,88,0.0
423,5,10,150,88,0.13523051443907988
424,5,10,150,88,0.1545659390636425
425,5,10,150,88,0.2840898071472465
426,5,10,150,88,0.13571943816109763
427,5,10,150,88,0.12615224917140136
428,5,10,150,88,0.03967704129387874
429,5,10,150,88,0.14041959417088476
430,5,10,150,88,0.1261446714466394
431,5,10,150,88,0.0
432,5,10,150,88,0.049369952841505485
433,5,10,150,88,0.0
434,5,10,150,88,0.3903800499921017
435,5,10,150,88,0.11347000084585261
436,5,10,150,88,0.12973311796205417
437,5,10,150,88,0.22972973128433707
438,5,10,150,88,0.0
439,5,10,150,88,0.0
440,5,10,150,88,0.06175696970122604
441,5,10,150,88,0.0
442,5,10,150,88,0.022667220314663273
443,5,10,150,88,0.0
445,5,10,150,88,0.0
446,5,10,150,88,0.0
447,5,10,150,88,0.2726897692124621
448,5,10,150,88,0.0
449,5,10,150,88,0.07784399437297408
450,5,10,150,88,0.22640083277136241
451,5,10,150,88,0.0
452,5,10,150,88,0.1353061563511876
453,5,10,150,88,0.029956785715628154
454,5,10,150,88,0.07998109630822593
455,5,10,150,88,0.08878904135110165
456,5,10,150,88,0.07758828619721583
457,5,10,150,88,0.29418445531213994
458,5,10,150,88,0.04507276838148142
459,5,10,150,88,0.0
460,5,10,150,88,0.0
461,5,10,150,88,0.0
462,5,10,150,88,0.0
463,5,10,150,88,0.026903388345470878
464,5,10,150,88,0.043001045588690626
465,5,10,150,88,0.035016337639871845
466,5,10,150,88,0.03947525607388688
467,5,10,150,88,0.1436337620239326
468,5,10,150,88,0.27023868832296544
469,5,10,150,88,0.057417722536754784
470,5,10,150,88,0.0
471,5,10,150,88,0.0
472,5,10,150,88,0.14903271548086697
473,5,10,150,88,0.08754031530847717
474,5,10,150,88,0.34897204770080337
475,5,10,150,88,0.06516188295518531
476,5,10,150,88,0.0
477,5,10,150,88,0.055100238151135045
478,5,10,150,88,0.23782833255689273
479,5,10,150,88,0.07834096783470737
480,5,10,150,88,0.21398626473452756
481,5,10,150,88,0.13863671367752411
482,5,10,150,88,0.0
483,5,10,150,88,0.06912040963822193
484,5,10,150,88,0.09353062527112192
485,5,10,150,88,0.0
486,5,10,150,88,0.10311241692162332
487,5,10,150,88,0.2215000938796789
488,5,10,150,88,0.0
489,5,10,150,88,0.05289466762742346
490,5,10,150,88,0.0
491,5,10,150,88,0.19092086617893467
492,5,10,150,88,0.12471554514794539
493,5,10,150,88,0.06270991162683781
494,5,10,150,88,0.1096312620712655
495,5,10,150,88,0.15115187072926595
496,5,10,150,88,0.05459112561892713
497,5,10,150,88,0.0686971344996096
498,5,10,150,88,0.03855307727568851
499,5,10,150,88,0.1912282106369008
500,5,10,150,88,0.05011951520627559
501,5,10,150,88,0.0
502,5,10,150,88,0.06364028872631156
503,5,10,150,88,0.27534073433896133
504,5,10,150,88,0.0
505,5,10,150,88,0.0
506,5,10,150,88,0.13939295695713902
507,5,10,150,88,0.03371865946438579
508,5,10,150,88,0.0
509,5,10,150,88,0.06474271459046577
510,5,10,150,88,0.0
511,5,10,150,88,0.0
512,5,10,150,88,0.18316925091363362
513,5,10,150,88,0.0461651444771445
514,5,10,150,88,0.10595566933616397
515,5,10,150,88,0.0
516,5,10,150,88,0.13768197790533618
517,5,10,150,88,0.042259191411409554
518,5,10,150,88,0.0
519,5,10,150,88,0.10980194963145926
520,5,10,150,88,0.0
521,5,10,150,88,0.017322902464627605
522,5,10,150,88,0.0
523,5,10,150,88,0.07926830632613421
524,5,10,150,88,0.10258209047527363
525,5,10,150,88,0.0
526,5,10,150,88,0.17292389918997986
527,5,10,150,88,0.14943863047793596
528,5,10,150,88,0.14110144150616766
529,5,10,150,88,0.10471139591065548
530,5,10,150,88,0.0
531,5,10,150,88,0.0
532,5,10,150,88,0.061814902734110014
533,5,10,150,88,0.140097006072795
534,5,10,150,88,0.07450923581469894
535,5,10,150,88,0.2871959083713276
536,5,10,150,88,0.27314750625223144
537,5,10,150,88,0.4352534686895088
538,5,10,150,88,0.0
539,5,10,150,88,0.1560067947598593
540,5,10,150,88,0.027519708785797934
541,5,10,150,88,0.1630698087619573
542,5,10,150,88,0.2058326075109125
543,5,10,150,88,0.10214293143598126
544,5,10,150,88,0.07631352592005593
545,5,10,150,88,0.052962244777770985
546,5,10,150,88,0.15314106296495628
547,5,10,150,88,0.0
548,5,10,150,88,0.06942726819239371
549,5,10,150,88,0.0
550,5,10,150,88,0.13436217909546777
551,5,10,150,88,0.33883202286184855
552,5,10,150,88,0.0
553,5,10,150,88,0.2558682193404399
554,5,10,150,88,0.16600564593053876
555,5,10,150,88,0.0
556,5,10,150,88,0.15950832945941923
557,5,10,150,88,0.053894577262255466
558,5,10,150,88,0.05718685316335169
559,5,10,150,88,0.0734773909038217
560,5,10,150,88,0.2611842705687123
561,5,10,150,88,0.10592276296337293
562,5,10,150,88,0.06240346968106183
563,5,10,150,88,0.0
564,5,10,150,88,0.0
565,5,10,150,88,0.18568675205192314
566,5,10,150,88,0.13665387068436016
567,5,10,150,88,0.17044472484770287
568,5,10,150,88,0.057107346298225524
569,5,10,150,88,0.0336639187988199
570,5,10,150,88,0.0
571,5,10,150,88,0.0
572,5,10,150,88,0.058995070558427745
573,5,10,150,88,0.035908240113829995
574,5,10,150,88,0.07616204594440379
575,5,10,150,88,0.056316753775798256
576,5,10,150,88,0.17342765698823945
577,5,10,150,88,0.22186862389759224
578,5,10,150,88,0.09818998961169394
579,5,10,150,88,0.0
580,5,10,150,88,0.21661076434387644
581,5,10,150,88,0.0
582,5,10,150,88,0.028361369701356044
583,5,10,150,88,0.08811076314737627
584,5,10,150,88,0.0
585,5,10,150,88,0.06320275563713697
586,5,10,150,88,0.09195192495929504
587,5,10,150,88,0.0
588,5,10,150,88,0.2234644529330562
589,5,10,150,88,0.09751522916349128
590,5,10,150,88,0.18511573258657482
591,5,10,150,88,0.15758427078022966
592,5,10,150,88,0.24539657481359
593,5,10,150,88,0.1847125373189141
594,5,10,150,88,0.0843142342558857
595,5,10,150,88,0.0
596,5,10,150,88,0.0
597,5,10,150,88,0.0
598,5,10,150,88,0.11752277470724268
599,5,10,150,88,0.16402353420682853
600,5,10,150,88,0.0
601,5,10,150,88,0.026557570376145638
602,5,10,150,88,0.0
603,5,10,150,88,0.06194403202282284
604,5,10,150,88,0.0
605,5,10,150,88,0.10589838376326657
606,5,10,150,88,0.2138150508755678
607,5,10,150,88,0.0
608,5,10,150,88,0.14688428242884272
609,5,10,150,88,0.11838279295536291
610,5,10,150,88,0.05781186855394371
611,5,10,150,88,0.06967022707002284
612,5,10,150,88,0.0
613,5,10,150,88,0.2049174583553662
614,5,10,150,88,0.13886244387355454
615,5,10,150,88,0.10251900332140326
616,5,10,150,88,0.09781579202094404
617,5,10,150,88,0.07286192498233149
618,5,10,150,88,0.149831744199011
619,5,10,150,88,0.17622915213253285
620,5,10,150,88,0.1451323880538222
621,5,10,150,88,0.13589759152345549
622,5,10,150,88,0.10022910267662996
623,5,10,150,88,0.13369528351530374
624,5,10,150,88,0.019160322430058573
625,5,10,150,88,0.0
626,5,10,150,88,0.04690797720830594
627,5,10,150,88,0.04289205981312439
628,5,10,150,88,0.0
629,5,10,150,88,0.2013573326089747
630,5,10,150,88,0.12522204146604196
631,5,10,150,88,0.09240791929215005
632,5,10,150,88,0.3331495701314084
633,5,10,150,88,0.0455520698635181
634,5,10,150,88,0.023756977677906275
635,5,10,150,88,0.07393190703916604
636,5,10,150,88,0.0
637,5,10,150,88,0.0
638,5,10,150,88,0.15473934503245962
639,5,10,150,88,0.0
640,5,10,150,88,0.08757749316783438
641,5,10,150,88,0.03570665676503816
642,5,10,150,88,0.13207172242143603
643,5,10,150,88,0.15031592367651372
644,5,10,150,88,0.0
645,5,10,150,88,0.1856947245529553
646,5,10,150,88,0.0
647,5,10,150,88,0.03673869545191085
648,5,10,150,88,0.1510121408821335
649,5,10,150,88,0.0
650,5,10,150,88,0.15132565596359518
651,5,10,150,88,0.03443184397772452
652,5,10,150,88,0.0
653,5,10,150,88,0.042464725972586034
654,5,10,150,88,0.17020900230175445
655,5,10,150,88,0.2509625071079624
656,5,10,150,88,0.0
657,5,10,150,88,0.053845569940583225
658,5,10,150,88,0.0
659,5,10,150,88,0.07075240780563574
660,5,10,150,88,0.033833577668373825
661,5,10,150,88,0.12705991527984942
662,5,10,150,88,0.0
663,5,10,150,88,0.09211594531187607
664,5,10,150,88,0.05391021349625259
665,5,10,150,88,0.0
666,5,10,150,88,0.07860744541237058
667,5,10,150,88,0.2676806947950803
668,5,10,150,88,0.0
669,5,10,150,88,0.2672968266839232
670,5,10,150,88,0.18230594268689504
671,5,10,150,88,0.17434206503696043
672,5,10,150,88,0.0
673,5,10,150,88,0.0
674,5,10,150,88,0.0
675,5,10,150,88,0.05010834716923557
676,5,10,150,88,0.08008509239634608
677,5,10,150,88,0.03927489746221688
678,5,10,150,88,0.0
679,5,10,150,88,0.26970586372388394
680,5,10,150,88,0.2073612289146658
681,5,10,150,88,0.0
682,5,10,150,88,0.1175092678616308
683,5,10,150,88,0.06289349548893712
684,5,10,150,88,0.0
685,5,10,150,88,0.0
686,5,10,150,88,0.11524934452025383
687,5,10,150,88,0.0
688,5,10,150,88,0.0
689,5,10,150,88,0.32436268379537736
690,5,10,150,88,0.0
691,5,10,150,88,0.0
692,5,10,150,88,0.0
693,5,10,150,88,0.03042314513165654
694,5,10,150,88,0.20269611984358588
695,5,10,150,88,0.0607039656753694
696,5,10,150,88,0.12935879342602336
697,5,10,150,88,0.06378035696304758
698,5,10,150,88,0.09499131598480672
699,5,10,150,88,0.03139866635141006
700,5,10,150,88,0.16958010263680806
701,5,10,150,88,0.04129602134854855
702,5,10,150,88,0.0
703,5,10,150,88,0.03870447337439288
704,5,10,150,88,0.09986079379105446
705,5,10,150,88,0.20609334068785645
706,5,10,150,88,0.0
707,5,10,150,88,0.11204043240783193
708,5,10,150,88,0.0943325796571581
709,5,10,150,88,0.11778692963665513
710,5,10,150,88,0.05710411178654767
711,5,10,150,88,0.15552566999725762
712,5,10,150,88,0.12435918123916344
713,5,10,150,88,0.0
714,5,10,150,88,0.04195229264874745
715,5,10,150,88,0.07261309108674657
716,5,10,150,88,0.168520177802778
717,5,10,150,88,0.18940567332300148
718,5,10,150,88,0.14061157344379913
719,5,10,150,88,0.1811528335938261
720,5,10,150,88,0.05261577455142312
721,5,10,150,88,0.185399636990879
722,5,10,150,88,0.0
723,5,10,150,88,0.0
724,5,10,150,88,0.0
725,5,10,150,88,0.05750402108673013
726,5,10,150,88,0.2529427027676571
727,5,10,150,88,0.07931237214345833
728,5,10,150,88,0.0
729,5,10,150,88,0.0
730,5,10,150,88,0.0
731,5,10,150,88,0.10343510349900437
732,5,10,150,88,0.0
733,5,10,150,88,0.0
734,5,10,150,88,0.0655813061736612
735,5,10,150,88,0.0
736,5,10,150,88,0.0
737,5,10,150,88,0.16282663249631943
738,5,10,150,88,0.2632431729022225
739,5,10,150,88,0.0
740,5,10,150,88,0.0
741,5,10,150,88,0.10965210684801945
742,5,10,150,88,0.04553761034739079
743,5,10,150,88,0.0814476682319001
744,5,10,150,88,0.08878770367712427
745,5,10,150,88,0.3682049230943936
746,5,10,150,88,0.11450296808588954
747,5,10,150,88,0.3285047316676542
748,5,10,150,88,0.22468225866052274
749,5,10,150,88,0.1289360057418659
750,5,10,150,88,0.07219614103266732
751,5,10,150,88,0.10926529688037187
752,5,10,150,88,0.020210299806331135
753,5,10,150,88,0.15406810205846871
754,5,10,150,88,0.0
755,5,10,150,88,0.067228724047084
756,5,10,150,88,0.12944030246708935
757,5,10,150,88,0.0915370411750422
758,5,10,150,88,0.2326448733385257
759,5,10,150,88,0.038281751104512325
760,5,10,150,88,0.11447590313611888
761,5,10,150,88,0.03339755935325358
762,5,10,150,88,0.11568388634051256
763,5,10,150,88,0.20859185628046678
764,5,10,150,88,0.08207588022692468
765,5,10,150,88,0.0
766,5,10,150,88,0.050541549839211865
767,5,10,150,88,0.2073612289146658
768,5,10,150,88,0.09605101354696702
769,5,10,150,88,0.0
770,5,10,150,88,0.04692206785373726
771,5,10,150,88,0.2149590517835668
772,5,10,150,88,0.03353522641880846
773,5,10,150,88,0.08236155615232364
774,5,10,150,88,0.03551622697259125
775,5,10,150,88,0.0437324968781469
776,5,10,150,88,0.12155614423940549
777,5,10,150,88,0.14445412169961394
778,5,10,150,88,0.024850109207689472
779,5,10,150,88,0.05878132199396477
780,5,10,150,88,0.13273397200317036
781,5,10,150,88,0.24553555323333592
782,5,10,150,88,0.018541156496962186
783,5,10,150,88,0.042447135269629226
784,5,10,150,88,0.0
785,5,10,150,88,0.07685905888147043
786,5,10,150,88,0.13370327844286975
787,5,10,150,88,0.0683037314796457
788,5,10,150,88,0.1484687016981942
789,5,10,150,88,0.059109628562248356
790,5,10,150,88,0.05575678571159265
791,5,10,150,88,0.0
792,5,10,150,88,0.0
793,5,10,150,88,0.01903797909447504
794,5,10,150,88,0.22201254783236782
795,5,10,150,88,0.09354596657002175
796,5,10,150,88,0.3100309172157142
797,5,10,150,88,0.09030583455080088
798,5,10,150,88,0.09458205050181903
799,5,10,150,88,0.0
800,5,10,150,88,0.0
801,5,10,150,88,0.03096677356901516
802,5,10,150,88,0.030863419558816
803,5,10,150,88,0.0
804,5,10,150,88,0.13679749981799372
805,5,10,150,88,0.09572173830913414
806,5,10,150,88,0.13891238635540284
807,5,10,150,88,0.19510906471881448
808,5,10,150,88,0.040655755922716606
809,5,10,150,88,0.07484323939884738
810,5,10,150,88,0.0
811,5,10,150,88,0.05062543788674174
812,5,10,150,88,0.0
813,5,10,150,88,0.17367331957930765
814,5,10,150,88,0.1426080995102236
815,5,10,150,88,0.24565985886458913
816,5,10,150,88,0.08005612702969578
817,5,10,150,88,0.0
818,5,10,150,88,0.0
819,5,10,150,88,0.15575997463127336
820,5,10,150,88,0.041641441310299704
821,5,10,150,88,0.19220292042320755
822,5,10,150,88,0.03902876023380719
823,5,10,150,88,0.2982209602555571
824,5,10,150,88,0.0
825,5,10,150,88,0.11189872447018753
826,5,10,150,88,0.12127728358945425
827,5,10,150,88,0.0
828,5,10,150,88,0.07244745602732354
829,5,10,150,88,0.1633399391391799
830,5,10,150,88,0.11558676478688033
831,5,10,150,88,0.2429972418166229
832,5,10,150,88,0.041355644490859725
833,5,10,150,88,0.12421102116123878
834,5,10,150,88,0.09452471710599904
835,5,10,150,88,0.16131021212220273
836,5,10,150,88,0.10882945376944808
837,5,10,150,88,0.022383927187041207
838,5,10,150,88,0.14570435926304814
839,5,10,150,88,0.05646784228340616
840,5,10,150,88,0.2830559984820928
841,5,10,150,88,0.0
842,5,10,150,88,0.03314153504336938
843,5,10,150,88,0.08201186316314901
844,5,10,150,88,0.14767302746812566
845,5,10,150,88,0.0
846,5,10,150,88,0.29584064779214486
847,5,10,150,88,0.019732492740263768
848,5,10,150,88,0.1516460124686172
849,5,10,150,88,0.1917146328376363
850,5,10,150,88,0.24846647105083042
851,5,10,150,88,0.23665959523575109
852,5,10,150,88,0.0
853,5,10,150,88,0.0
854,5,10,150,88,0.15637210107465158
855,5,10,150,88,0.0
856,5,10,150,88,0.0628634487195275
857,5,10,150,88,0.0
858,5,10,150,88,0.0
859,5,10,150,88,0.0
860,5,10,150,88,0.09425388187734376
861,5,10,150,88,0.12001290632387755
862,5,10,150,88,0.2912238889414939
863,5,10,150,88,0.14336081553900373
864,5,10,150,88,0.2348171857245573
865,5,10,150,88,0.030825292165839853
866,5,10,150,88,0.2482726129454347
867,5,10,150,88,0.3819612539218161
868,5,10,150,88,0.13284437939299618
869,5,10,150,88,0.1488917402119443
870,5,10,150,88,0.08938113564394026
871,5,10,150,88,0.23335170418377482
872,5,10,150,88,0.03050926163237471
873,5,10,150,88,0.0
874,5,10,150,88,0.06575393297476358
875,5,10,150,88,0.24878110643435097
876,5,10,150,88,0.0
877,5,10,150,88,0.03487978243545732
878,5,10,150,88,0.048005054499156014
879,5,10,150,88,0.07180913162424091
880,5,10,150,88,0.28872310197849904
881,5,10,150,88,0.2539803976228968
882,5,10,150,88,0.3303028821656347
883,5,10,150,88,0.32418166419705735
884,5,10,150,88,0.028767091820622218
885,5,10,150,88,0.10709607345972089
886,5,10,150,88,0.14487688441118599
887,5,10,150,88,0.19083276459719173
888,5,10,150,88,0.0
889,5,10,150,88,0.19928593155663085
890,5,10,150,88,0.3597186307234815
891,5,10,150,88,0.09013275514532934
892,5,10,150,88,0.4070495250673875
893,5,10,150,88,0.06655191453229989
894,5,10,150,88,0.1740361410636062
895,5,10,150,88,0.0
896,5,10,150,88,0.3051428663404104
897,5,10,150,88,0.2247696579927112
898,5,10,150,88,0.02204583040735582
899,5,10,150,88,0.1528183102111697
900,5,10,150,88,0.09313286019574611
901,5,10,150,88,0.25317004059729414
902,5,10,150,88,0.025255271126572616
903,5,10,150,88,0.29715461556721673
904,5,10,150,88,0.0
905,5,10,150,88,0.10788688832900037
906,5,10,150,88,0.06212701143918119
907,5,10,150,88,0.20414692258723302
908,5,10,150,88,0.20640898076180436
909,5,10,150,88,0.0
910,5,10,150,88,0.14111581018360284
911,5,10,150,88,0.08317288751647071
912,5,10,150,88,0.19029170705040452
913,5,10,150,88,0.19374110767191058
914,5,10,150,88,0.0
915,5,10,150,88,0.11261179911555924
916,5,10,150,88,0.17030290973408965
917,5,10,150,88,0.019845431127916993
918,5,10,150,88,0.0253533085437572
919,5,10,150,88,0.12004928674439913
920,5,10,150,88,0.26814570941777965
921,5,10,150,88,0.02477447378142753
922,5,10,150,88,0.1169032834855481
923,5,10,150,88,0.07926802913594262
924,5,10,150,88,0.11819634191622581
925,5,10,150,88,0.08576373115156254
926,5,10,150,88,0.18690891198435525
927,5,10,150,88,0.1445313744314927
928,5,10,150,88,0.225412941472223
929,5,10,150,88,0.11107244313646446
930,5,10,150,88,0.13909680376172495
931,5,10,150,88,0.07406012380799347
932,5,10,150,88,0.3028712678058364
933,5,10,150,88,0.05143958970796901
934,5,10,150,88,0.2407332165098028
935,5,10,150,88,0.043888403129016776
936,5,10,150,88,0.09416074711758142
937,5,10,150,88,0.09560624946230661
938,5,10,150,88,0.08978812887364458
939,5,10,150,88,0.05231692143384187
940,5,10,150,88,0.09469359068019315
941,5,10,150,88,0.2546814962889047
942,5,10,150,88,0.20361930362472372
943,5,10,150,88,0.14302104636594248
1,5,10,150,89,0.4058715898896693
2,5,10,150,89,0.14433828292945616
3,5,10,150,89,0.08759200575528697
4,5,10,150,89,0.0
5,5,10,150,89,0.04470486007704452
6,5,10,150,89,0.04187254809446048
7,5,10,150,89,0.22836484467160698
8,5,10,150,89,0.0
9,5,10,150,89,0.0
10,5,10,150,89,0.3005733545514552
11,5,10,150,89,0.03947525607388688
12,5,10,150,89,0.14632177291384774
13,5,10,150,89,0.24256092752724764
14,5,10,150,89,0.18795160328752808
15,5,10,150,89,0.0
16,5,10,150,89,0.19107502160562695
17,5,10,150,89,0.0
18,5,10,150,89,0.17872418048185143
19,5,10,150,89,0.15602106502222501
20,5,10,150,89,0.13743816645714543
21,5,10,150,89,0.17643857112498312
22,5,10,150,89,0.040815803121742565
23,5,10,150,89,0.10387012192613786
24,5,10,150,89,0.08835266840320231
25,5,10,150,89,0.23940867474021393
26,5,10,150,89,0.027519708785797934
27,5,10,150,89,0.0
28,5,10,150,89,0.10131242160793445
30,5,10,150,89,0.08133484538841967
31,5,10,150,89,0.11164668500969883
32,5,10,150,89,0.19519002499605084
33,5,10,150,89,0.0
34,5,10,150,89,0.0
35,5,10,150,89,0.0
37,5,10,150,89,0.08177471774917201
38,5,10,150,89,0.0
39,5,10,150,89,0.0
40,5,10,150,89,0.0
41,5,10,150,89,0.06835476917178976
42,5,10,150,89,0.08850778826764391
43,5,10,150,89,0.0
44,5,10,150,89,0.29540493557662006
45,5,10,150,89,0.0
46,5,10,150,89,0.0
47,5,10,150,89,0.0
48,5,10,150,89,0.13203079491918646
49,5,10,150,89,0.05432573058142762
52,5,10,150,89,0.06369098129632131
53,5,10,150,89,0.0
54,5,10,150,89,0.0
55,5,10,150,89,0.0
56,5,10,150,89,0.11781210270929884
57,5,10,150,89,0.1318392860374695
58,5,10,150,89,0.43418941507676856
59,5,10,150,89,0.19233148606048747
60,5,10,150,89,0.1076743759411119
61,5,10,150,89,0.0
62,5,10,150,89,0.09586820699422145
63,5,10,150,89,0.0
64,5,10,150,89,0.07635718686081962
65,5,10,150,89,0.2342550150352983
66,5,10,150,89,0.06636133566432367
67,5,10,150,89,0.0
68,5,10,150,89,0.0
69,5,10,150,89,0.0
70,5,10,150,89,0.03243913203930433
71,5,10,150,89,0.20758456043036028
72,5,10,150,89,0.10990826949013655
73,5,10,150,89,0.14308314931855187
74,5,10,150,89,0.0
75,5,10,150,89,0.05515026856924372
76,5,10,150,89,0.10633668103022985
77,5,10,150,89,0.14247142730086715
78,5,10,150,89,0.0
79,5,10,150,89,0.07821312100379274
80,5,10,150,89,0.0
81,5,10,150,89,0.08878770367712427
82,5,10,150,89,0.03187578878809277
83,5,10,150,89,0.07414861528507455
84,5,10,150,89,0.07550980911390262
85,5,10,150,89,0.04734112273659951
86,5,10,150,89,0.0
87,5,10,150,89,0.16641625059082407
88,5,10,150,89,0.18920035951687003
89,5,10,150,89,0.046966485689931024
90,5,10,150,89,0.19659652872125194
91,5,10,150,89,0.0
92,5,10,150,89,0.067443405477823
93,5,10,150,89,0.0
94,5,10,150,89,0.12253429761719764
95,5,10,150,89,0.07849567312219397
96,5,10,150,89,0.12622583419458475
97,5,10,150,89,0.0
98,5,10,150,89,0.0
99,5,10,150,89,0.13337585439143895
100,5,10,150,89,0.0
101,5,10,150,89,0.0
102,5,10,150,89,0.0
103,5,10,150,89,0.0
104,5,10,150,89,0.33958467175585033
105,5,10,150,89,0.0
106,5,10,150,89,0.06516188295518531
107,5,10,150,89,0.0
109,5,10,150,89,0.16563719724029594
110,5,10,150,89,0.03203603672019056
111,5,10,150,89,0.0
112,5,10,150,89,0.14155505107215216
113,5,10,150,89,0.0
114,5,10,150,89,0.08274602130532002
115,5,10,150,89,0.0718417865441674
116,5,10,150,89,0.0
117,5,10,150,89,0.04277388862840795
118,5,10,150,89,0.2265416449833316
119,5,10,150,89,0.08512399185313972
120,5,10,150,89,0.0
121,5,10,150,89,0.13032376591037062
122,5,10,150,89,0.0
123,5,10,150,89,0.13720340769293682
124,5,10,150,89,0.0
125,5,10,150,89,0.05446333035917803
126,5,10,150,89,0.0
128,5,10,150,89,0.0
129,5,10,150,89,0.0
130,5,10,150,89,0.21080192078431575
131,5,10,150,89,0.0
132,5,10,150,89,0.0
133,5,10,150,89,0.0
134,5,10,150,89,0.0
135,5,10,150,89,0.0
136,5,10,150,89,0.0
137,5,10,150,89,0.1137075481082292
138,5,10,150,89,0.0976168253917686
139,5,10,150,89,0.10466868931043802
140,5,10,150,89,0.0
141,5,10,150,89,0.04733244938590725
142,5,10,150,89,0.0
143,5,10,150,89,0.0
144,5,10,150,89,0.0
145,5,10,150,89,0.22835480069221242
146,5,10,150,89,0.0
147,5,10,150,89,0.1033846481249528
148,5,10,150,89,0.26071721237610296
149,5,10,150,89,0.0
150,5,10,150,89,0.2640681225725909
151,5,10,150,89,0.1026571794225922
152,5,10,150,89,0.0
153,5,10,150,89,0.0
154,5,10,150,89,0.06416923277158361
155,5,10,150,89,0.0
156,5,10,150,89,0.0
157,5,10,150,89,0.0
158,5,10,150,89,0.13830208502611357
159,5,10,150,89,0.23138144801632507
160,5,10,150,89,0.23538511388047798
161,5,10,150,89,0.0
162,5,10,150,89,0.09784076556363268
163,5,10,150,89,0.0
164,5,10,150,89,0.0
165,5,10,150,89,0.0
167,5,10,150,89,0.05319635904163211
168,5,10,150,89,0.05461997784715835
169,5,10,150,89,0.0
170,5,10,150,89,0.0
171,5,10,150,89,0.0
173,5,10,150,89,0.07444401142258321
174,5,10,150,89,0.12795077757424125
175,5,10,150,89,0.21517910082405575
176,5,10,150,89,0.06289692884934815
177,5,10,150,89,0.38113435412202
178,5,10,150,89,0.12597398707460816
179,5,10,150,89,0.09149012142095872
180,5,10,150,89,0.06228974831361337
181,5,10,150,89,0.11680461119565375
182,5,10,150,89,0.0
183,5,10,150,89,0.15101961822780524
184,5,10,150,89,0.0
185,5,10,150,89,0.0
186,5,10,150,89,0.04633132539002164
187,5,10,150,89,0.0
188,5,10,150,89,0.12925733948536566
189,5,10,150,89,0.18890011590178235
190,5,10,150,89,0.0
192,5,10,150,89,0.123151194370365
193,5,10,150,89,0.0
194,5,10,150,89,0.14012129095911344
195,5,10,150,89,0.11787667935667444
196,5,10,150,89,0.0
197,5,10,150,89,0.09546043308946733
198,5,10,150,89,0.0
199,5,10,150,89,0.0
200,5,10,150,89,0.09785159463516042
201,5,10,150,89,0.018702907379956335
202,5,10,150,89,0.10466868931043802
203,5,10,150,89,0.0
204,5,10,150,89,0.19519002499605084
205,5,10,150,89,0.0
206,5,10,150,89,0.0
207,5,10,150,89,0.11073658758229504
208,5,10,150,89,0.0
209,5,10,150,89,0.0
210,5,10,150,89,0.2167516193508568
211,5,10,150,89,0.0
213,5,10,150,89,0.15669163589836543
214,5,10,150,89,0.0
216,5,10,150,89,0.23813231172447274
217,5,10,150,89,0.0
218,5,10,150,89,0.0
219,5,10,150,89,0.0
221,5,10,150,89,0.0
222,5,10,150,89,0.1050995674008573
223,5,10,150,89,0.0
224,5,10,150,89,0.0
225,5,10,150,89,0.09077089626867633
226,5,10,150,89,0.19092086617893467
227,5,10,150,89,0.0
228,5,10,150,89,0.0
229,5,10,150,89,0.0
230,5,10,150,89,0.12683081539850163
231,5,10,150,89,0.0
232,5,10,150,89,0.03962341267285813
233,5,10,150,89,0.3062523178880809
234,5,10,150,89,0.14181954452990153
235,5,10,150,89,0.06692738060277027
236,5,10,150,89,0.0
237,5,10,150,89,0.19342640361727081
238,5,10,150,89,0.0
239,5,10,150,89,0.06912040963822193
240,5,10,150,89,0.12495636102304827
241,5,10,150,89,0.0
242,5,10,150,89,0.0
243,5,10,150,89,0.0
244,5,10,150,89,0.049712302565054066
245,5,10,150,89,0.0
246,5,10,150,89,0.0561326498270945
247,5,10,150,89,0.09472348220010487
248,5,10,150,89,0.09472348220010487
249,5,10,150,89,0.09798874944313594
250,5,10,150,89,0.0
251,5,10,150,89,0.13032376591037062
252,5,10,150,89,0.20184908658209985
253,5,10,150,89,0.1084812001944431
254,5,10,150,89,0.08514311764162098
255,5,10,150,89,0.0
256,5,10,150,89,0.1013176985622648
257,5,10,150,89,0.1339616094750857
258,5,10,150,89,0.10144063749941859
259,5,10,150,89,0.1239740444869306
260,5,10,150,89,0.0
261,5,10,150,89,0.0
262,5,10,150,89,0.0
263,5,10,150,89,0.0956366800683804
264,5,10,150,89,0.14464369219501386
265,5,10,150,89,0.0
266,5,10,150,89,0.0
267,5,10,150,89,0.17168372277322866
268,5,10,150,89,0.09950548580207201
269,5,10,150,89,0.07200022387224603
270,5,10,150,89,0.07655568961465661
271,5,10,150,89,0.13010624216828925
272,5,10,150,89,0.1702293778633033
273,5,10,150,89,0.0
274,5,10,150,89,0.0
275,5,10,150,89,0.0
276,5,10,150,89,0.15875999922826586
277,5,10,150,89,0.0
278,5,10,150,89,0.1631512196835108
279,5,10,150,89,0.1734542012699839
280,5,10,150,89,0.20222165535157688
281,5,10,150,89,0.0
282,5,10,150,89,0.0
283,5,10,150,89,0.07028063830038406
284,5,10,150,89,0.0
285,5,10,150,89,0.0
286,5,10,150,89,0.09991246976864687
287,5,10,150,89,0.0
288,5,10,150,89,0.0859574327152926
289,5,10,150,89,0.16903020543979225
290,5,10,150,89,0.07834851647149511
291,5,10,150,89,0.07828167840727236
292,5,10,150,89,0.0761512981816583
293,5,10,150,89,0.17373188694860897
294,5,10,150,89,0.0239003177617487
295,5,10,150,89,0.2603201838311303
296,5,10,150,89,0.213595167308394
297,5,10,150,89,0.0
298,5,10,150,89,0.16915623549474385
299,5,10,150,89,0.0
300,5,10,150,89,0.0
301,5,10,150,89,0.06460801587741544
302,5,10,150,89,0.09224219235917257
303,5,10,150,89,0.08773996172943178
304,5,10,150,89,0.0
305,5,10,150,89,0.11349000778741654
306,5,10,150,89,0.0
307,5,10,150,89,0.10778915452451093
308,5,10,150,89,0.13490077762666258
310,5,10,150,89,0.0
311,5,10,150,89,0.13301422444853
312,5,10,150,89,0.1819616199123543
313,5,10,150,89,0.11270402374049442
314,5,10,150,89,0.16600564593053876
315,5,10,150,89,0.037110354711564805
316,5,10,150,89,0.0
317,5,10,150,89,0.0
318,5,10,150,89,0.1642688369468948
319,5,10,150,89,0.0
320,5,10,150,89,0.13927874459665815
321,5,10,150,89,0.0
322,5,10,150,89,0.0
323,5,10,150,89,0.1610425878239398
324,5,10,150,89,0.0
325,5,10,150,89,0.09092803061897883
326,5,10,150,89,0.027288805847552652
327,5,10,150,89,0.025410386140327024
328,5,10,150,89,0.09206364236149692
329,5,10,150,89,0.0
330,5,10,150,89,0.1313681680695099
331,5,10,150,89,0.0
332,5,10,150,89,0.09320485889859448
334,5,10,150,89,0.0620535353328374
335,5,10,150,89,0.16155546744299637
336,5,10,150,89,0.0780824078938463
337,5,10,150,89,0.0
338,5,10,150,89,0.18039889772993523
339,5,10,150,89,0.22956271420203478
340,5,10,150,89,0.12424880528285201
341,5,10,150,89,0.0
342,5,10,150,89,0.3820055212061999
343,5,10,150,89,0.11360727106764587
344,5,10,150,89,0.1202034973803211
345,5,10,150,89,0.18015355216717013
346,5,10,150,89,0.04366879852493834
347,5,10,150,89,0.24434072388563882
348,5,10,150,89,0.0
349,5,10,150,89,0.0
350,5,10,150,89,0.058087171966128066
351,5,10,150,89,0.07977344912567227
352,5,10,150,89,0.1903601622684853
353,5,10,150,89,0.14434031438272124
354,5,10,150,89,0.06335619058732639
355,5,10,150,89,0.0
356,5,10,150,89,0.0
357,5,10,150,89,0.0
358,5,10,150,89,0.06364028872631156
359,5,10,150,89,0.3010299956639812
360,5,10,150,89,0.12982031659526816
361,5,10,150,89,0.09478836436955078
362,5,10,150,89,0.054793185501041654
363,5,10,150,89,0.24101654828754165
364,5,10,150,89,0.0
365,5,10,150,89,0.0
366,5,10,150,89,0.0
367,5,10,150,89,0.06369098129632131
368,5,10,150,89,0.0
369,5,10,150,89,0.0
370,5,10,150,89,0.0
371,5,10,150,89,0.19950301641376814
372,5,10,150,89,0.15130120674940672
373,5,10,150,89,0.22842722979011518
374,5,10,150,89,0.09083869370810833
375,5,10,150,89,0.0
376,5,10,150,89,0.0
377,5,10,150,89,0.0
378,5,10,150,89,0.13635638482251203
379,5,10,150,89,0.08433239722469389
380,5,10,150,89,0.0
381,5,10,150,89,0.03243913203930433
382,5,10,150,89,0.1390935487579673
383,5,10,150,89,0.18543645219162883
384,5,10,150,89,0.0
385,5,10,150,89,0.0
386,5,10,150,89,0.0
387,5,10,150,89,0.08586571489348302
388,5,10,150,89,0.05789711601244791
389,5,10,150,89,0.09284203700798714
390,5,10,150,89,0.0
391,5,10,150,89,0.11245246430543061
392,5,10,150,89,0.1824574152470408
393,5,10,150,89,0.17201528718620057
394,5,10,150,89,0.18425976175120107
395,5,10,150,89,0.0
396,5,10,150,89,0.0
397,5,10,150,89,0.11004588314904008
398,5,10,150,89,0.28368572779044043
399,5,10,150,89,0.026175882249243814
400,5,10,150,89,0.0
401,5,10,150,89,0.02839245759615368
402,5,10,150,89,0.0
403,5,10,150,89,0.2529427027676571
404,5,10,150,89,0.0
405,5,10,150,89,0.05901605612952798
406,5,10,150,89,0.07610657727852362
407,5,10,150,89,0.12541209984981197
408,5,10,150,89,0.09983719697789138
409,5,10,150,89,0.05800611307095368
410,5,10,150,89,0.0
411,5,10,150,89,0.17342765698823945
412,5,10,150,89,0.0
413,5,10,150,89,0.0
414,5,10,150,89,0.21398626473452756
415,5,10,150,89,0.0
416,5,10,150,89,0.1691178381508892
417,5,10,150,89,0.11088189053445036
419,5,10,150,89,0.3536251441097701
420,5,10,150,89,0.15209749107189288
421,5,10,150,89,0.04264945290455212
422,5,10,150,89,0.0
423,5,10,150,89,0.13523051443907988
424,5,10,150,89,0.1545659390636425
425,5,10,150,89,0.2840898071472465
426,5,10,150,89,0.13571943816109763
427,5,10,150,89,0.12615224917140136
428,5,10,150,89,0.03967704129387874
429,5,10,150,89,0.14041959417088476
430,5,10,150,89,0.1261446714466394
431,5,10,150,89,0.0
432,5,10,150,89,0.049369952841505485
433,5,10,150,89,0.0
434,5,10,150,89,0.3903800499921017
435,5,10,150,89,0.11347000084585261
436,5,10,150,89,0.12973311796205417
437,5,10,150,89,0.22972973128433707
438,5,10,150,89,0.0
439,5,10,150,89,0.0
440,5,10,150,89,0.06175696970122604
441,5,10,150,89,0.0
442,5,10,150,89,0.022667220314663273
443,5,10,150,89,0.0
445,5,10,150,89,0.0
446,5,10,150,89,0.0
447,5,10,150,89,0.2726897692124621
448,5,10,150,89,0.0
449,5,10,150,89,0.07784399437297408
450,5,10,150,89,0.22640083277136241
451,5,10,150,89,0.0
452,5,10,150,89,0.1353061563511876
453,5,10,150,89,0.029956785715628154
454,5,10,150,89,0.07998109630822593
455,5,10,150,89,0.10936717758288772
456,5,10,150,89,0.07758828619721583
457,5,10,150,89,0.29418445531213994
458,5,10,150,89,0.04507276838148142
459,5,10,150,89,0.0
460,5,10,150,89,0.0
461,5,10,150,89,0.0
462,5,10,150,89,0.0
463,5,10,150,89,0.026903388345470878
464,5,10,150,89,0.043001045588690626
465,5,10,150,89,0.035016337639871845
466,5,10,150,89,0.03947525607388688
467,5,10,150,89,0.1436337620239326
468,5,10,150,89,0.27023868832296544
469,5,10,150,89,0.057417722536754784
470,5,10,150,89,0.0
471,5,10,150,89,0.0
472,5,10,150,89,0.14903271548086697
473,5,10,150,89,0.08754031530847717
474,5,10,150,89,0.34897204770080337
475,5,10,150,89,0.06516188295518531
476,5,10,150,89,0.0
477,5,10,150,89,0.055100238151135045
478,5,10,150,89,0.23782833255689273
479,5,10,150,89,0.07834096783470737
480,5,10,150,89,0.21398626473452756
481,5,10,150,89,0.13863671367752411
482,5,10,150,89,0.0
483,5,10,150,89,0.06912040963822193
484,5,10,150,89,0.09353062527112192
485,5,10,150,89,0.0
486,5,10,150,89,0.10311241692162332
487,5,10,150,89,0.2215000938796789
488,5,10,150,89,0.0
489,5,10,150,89,0.05289466762742346
490,5,10,150,89,0.0
491,5,10,150,89,0.19092086617893467
492,5,10,150,89,0.12471554514794539
493,5,10,150,89,0.06270991162683781
494,5,10,150,89,0.1096312620712655
495,5,10,150,89,0.15115187072926595
496,5,10,150,89,0.05459112561892713
497,5,10,150,89,0.0686971344996096
498,5,10,150,89,0.03855307727568851
499,5,10,150,89,0.1912282106369008
500,5,10,150,89,0.05011951520627559
501,5,10,150,89,0.0
502,5,10,150,89,0.06364028872631156
503,5,10,150,89,0.27534073433896133
504,5,10,150,89,0.0
505,5,10,150,89,0.0
506,5,10,150,89,0.13939295695713902
507,5,10,150,89,0.03371865946438579
508,5,10,150,89,0.0
509,5,10,150,89,0.06474271459046577
510,5,10,150,89,0.0
511,5,10,150,89,0.0
512,5,10,150,89,0.18316925091363362
513,5,10,150,89,0.0461651444771445
514,5,10,150,89,0.10595566933616397
515,5,10,150,89,0.0
516,5,10,150,89,0.13768197790533618
517,5,10,150,89,0.042259191411409554
518,5,10,150,89,0.0
519,5,10,150,89,0.10980194963145926
520,5,10,150,89,0.0
521,5,10,150,89,0.017322902464627605
522,5,10,150,89,0.0
523,5,10,150,89,0.07926830632613421
524,5,10,150,89,0.10258209047527363
525,5,10,150,89,0.0
526,5,10,150,89,0.17292389918997986
527,5,10,150,89,0.14943863047793596
528,5,10,150,89,0.14110144150616766
529,5,10,150,89,0.10471139591065548
530,5,10,150,89,0.0
531,5,10,150,89,0.0
532,5,10,150,89,0.061814902734110014
533,5,10,150,89,0.140097006072795
534,5,10,150,89,0.07450923581469894
535,5,10,150,89,0.2871959083713276
536,5,10,150,89,0.27314750625223144
537,5,10,150,89,0.4317737919647878
538,5,10,150,89,0.0
539,5,10,150,89,0.1560067947598593
540,5,10,150,89,0.027519708785797934
541,5,10,150,89,0.1630698087619573
542,5,10,150,89,0.2058326075109125
543,5,10,150,89,0.10214293143598126
544,5,10,150,89,0.07631352592005593
545,5,10,150,89,0.052962244777770985
546,5,10,150,89,0.15314106296495628
547,5,10,150,89,0.0
548,5,10,150,89,0.06942726819239371
549,5,10,150,89,0.0
550,5,10,150,89,0.13436217909546777
551,5,10,150,89,0.33883202286184855
552,5,10,150,89,0.0
553,5,10,150,89,0.2558682193404399
554,5,10,150,89,0.16600564593053876
555,5,10,150,89,0.0
556,5,10,150,89,0.15950832945941923
557,5,10,150,89,0.053894577262255466
558,5,10,150,89,0.05718685316335169
559,5,10,150,89,0.0734773909038217
560,5,10,150,89,0.2611842705687123
561,5,10,150,89,0.10592276296337293
562,5,10,150,89,0.06240346968106183
563,5,10,150,89,0.0
564,5,10,150,89,0.0
565,5,10,150,89,0.18568675205192314
566,5,10,150,89,0.13665387068436016
567,5,10,150,89,0.17044472484770287
568,5,10,150,89,0.057107346298225524
569,5,10,150,89,0.0336639187988199
570,5,10,150,89,0.0
571,5,10,150,89,0.0
572,5,10,150,89,0.058995070558427745
573,5,10,150,89,0.035908240113829995
574,5,10,150,89,0.07616204594440379
575,5,10,150,89,0.056316753775798256
576,5,10,150,89,0.17342765698823945
577,5,10,150,89,0.22186862389759224
578,5,10,150,89,0.09818998961169394
579,5,10,150,89,0.0
580,5,10,150,89,0.21661076434387644
581,5,10,150,89,0.0
582,5,10,150,89,0.028361369701356044
583,5,10,150,89,0.08811076314737627
584,5,10,150,89,0.0
585,5,10,150,89,0.06320275563713697
586,5,10,150,89,0.09195192495929504
587,5,10,150,89,0.0
588,5,10,150,89,0.2234644529330562
589,5,10,150,89,0.09751522916349128
590,5,10,150,89,0.18511573258657482
591,5,10,150,89,0.15758427078022966
592,5,10,150,89,0.24539657481359
593,5,10,150,89,0.1847125373189141
594,5,10,150,89,0.0843142342558857
595,5,10,150,89,0.0
596,5,10,150,89,0.0
597,5,10,150,89,0.0
598,5,10,150,89,0.11752277470724268
599,5,10,150,89,0.16402353420682853
600,5,10,150,89,0.0
601,5,10,150,89,0.026557570376145638
602,5,10,150,89,0.0
603,5,10,150,89,0.06194403202282284
604,5,10,150,89,0.0
605,5,10,150,89,0.10589838376326657
606,5,10,150,89,0.2138150508755678
607,5,10,150,89,0.0
608,5,10,150,89,0.14688428242884272
609,5,10,150,89,0.11838279295536291
610,5,10,150,89,0.05781186855394371
611,5,10,150,89,0.06967022707002284
612,5,10,150,89,0.0
613,5,10,150,89,0.2049174583553662
614,5,10,150,89,0.13886244387355454
615,5,10,150,89,0.10251900332140326
616,5,10,150,89,0.09781579202094404
617,5,10,150,89,0.07286192498233149
618,5,10,150,89,0.149831744199011
619,5,10,150,89,0.17622915213253285
620,5,10,150,89,0.1451323880538222
621,5,10,150,89,0.13589759152345549
622,5,10,150,89,0.10022910267662996
623,5,10,150,89,0.13369528351530374
624,5,10,150,89,0.019160322430058573
625,5,10,150,89,0.0
626,5,10,150,89,0.04690797720830594
627,5,10,150,89,0.04289205981312439
628,5,10,150,89,0.0
629,5,10,150,89,0.2013573326089747
630,5,10,150,89,0.12522204146604196
631,5,10,150,89,0.09240791929215005
632,5,10,150,89,0.3331495701314084
633,5,10,150,89,0.0455520698635181
634,5,10,150,89,0.023756977677906275
635,5,10,150,89,0.07393190703916604
636,5,10,150,89,0.0
637,5,10,150,89,0.0
638,5,10,150,89,0.15473934503245962
639,5,10,150,89,0.0
640,5,10,150,89,0.08757749316783438
641,5,10,150,89,0.03570665676503816
642,5,10,150,89,0.13207172242143603
643,5,10,150,89,0.15031592367651372
644,5,10,150,89,0.0
645,5,10,150,89,0.1856947245529553
646,5,10,150,89,0.0
647,5,10,150,89,0.03673869545191085
648,5,10,150,89,0.1510121408821335
649,5,10,150,89,0.0
650,5,10,150,89,0.15132565596359518
651,5,10,150,89,0.03443184397772452
652,5,10,150,89,0.0
653,5,10,150,89,0.042464725972586034
654,5,10,150,89,0.17020900230175445
655,5,10,150,89,0.24895616262691667
656,5,10,150,89,0.0
657,5,10,150,89,0.053845569940583225
658,5,10,150,89,0.0
659,5,10,150,89,0.07075240780563574
660,5,10,150,89,0.033833577668373825
661,5,10,150,89,0.12705991527984942
662,5,10,150,89,0.0
663,5,10,150,89,0.09211594531187607
664,5,10,150,89,0.05391021349625259
665,5,10,150,89,0.0
666,5,10,150,89,0.07860744541237058
667,5,10,150,89,0.2676806947950803
668,5,10,150,89,0.0
669,5,10,150,89,0.2672968266839232
670,5,10,150,89,0.18230594268689504
671,5,10,150,89,0.17434206503696043
672,5,10,150,89,0.0
673,5,10,150,89,0.0
674,5,10,150,89,0.0
675,5,10,150,89,0.05010834716923557
676,5,10,150,89,0.08008509239634608
677,5,10,150,89,0.03927489746221688
678,5,10,150,89,0.0
679,5,10,150,89,0.26970586372388394
680,5,10,150,89,0.2073612289146658
681,5,10,150,89,0.0
682,5,10,150,89,0.12456442693859256
683,5,10,150,89,0.06289349548893712
684,5,10,150,89,0.0
685,5,10,150,89,0.0
686,5,10,150,89,0.11524934452025383
687,5,10,150,89,0.0
688,5,10,150,89,0.0
689,5,10,150,89,0.32436268379537736
690,5,10,150,89,0.0
691,5,10,150,89,0.0
692,5,10,150,89,0.0
693,5,10,150,89,0.03042314513165654
694,5,10,150,89,0.20269611984358588
695,5,10,150,89,0.0607039656753694
696,5,10,150,89,0.12935879342602336
697,5,10,150,89,0.06378035696304758
698,5,10,150,89,0.09499131598480672
699,5,10,150,89,0.03139866635141006
700,5,10,150,89,0.16958010263680806
701,5,10,150,89,0.04129602134854855
702,5,10,150,89,0.0
703,5,10,150,89,0.03870447337439288
704,5,10,150,89,0.09986079379105446
705,5,10,150,89,0.20609334068785645
706,5,10,150,89,0.0
707,5,10,150,89,0.11204043240783193
708,5,10,150,89,0.0943325796571581
709,5,10,150,89,0.11778692963665513
710,5,10,150,89,0.05710411178654767
711,5,10,150,89,0.15552566999725762
712,5,10,150,89,0.12435918123916344
713,5,10,150,89,0.0
714,5,10,150,89,0.04195229264874745
715,5,10,150,89,0.07261309108674657
716,5,10,150,89,0.168520177802778
717,5,10,150,89,0.18940567332300148
718,5,10,150,89,0.14061157344379913
719,5,10,150,89,0.1811528335938261
720,5,10,150,89,0.05261577455142312
721,5,10,150,89,0.185399636990879
722,5,10,150,89,0.0
723,5,10,150,89,0.0
724,5,10,150,89,0.0
725,5,10,150,89,0.05750402108673013
726,5,10,150,89,0.2529427027676571
727,5,10,150,89,0.07867830157266897
728,5,10,150,89,0.0
729,5,10,150,89,0.0
730,5,10,150,89,0.0
731,5,10,150,89,0.10343510349900437
732,5,10,150,89,0.0
733,5,10,150,89,0.0
734,5,10,150,89,0.0655813061736612
735,5,10,150,89,0.0
736,5,10,150,89,0.0
737,5,10,150,89,0.16282663249631943
738,5,10,150,89,0.2632431729022225
739,5,10,150,89,0.0
740,5,10,150,89,0.0
741,5,10,150,89,0.10965210684801945
742,5,10,150,89,0.04553761034739079
743,5,10,150,89,0.0814476682319001
744,5,10,150,89,0.08878770367712427
745,5,10,150,89,0.3682049230943936
746,5,10,150,89,0.11450296808588954
747,5,10,150,89,0.3258784682350241
748,5,10,150,89,0.22468225866052274
749,5,10,150,89,0.12790521414470915
750,5,10,150,89,0.07219614103266732
751,5,10,150,89,0.10926529688037187
752,5,10,150,89,0.020210299806331135
753,5,10,150,89,0.15406810205846871
754,5,10,150,89,0.0
755,5,10,150,89,0.067228724047084
756,5,10,150,89,0.12944030246708935
757,5,10,150,89,0.0915370411750422
758,5,10,150,89,0.23078497098480266
759,5,10,150,89,0.038281751104512325
760,5,10,150,89,0.11447590313611888
761,5,10,150,89,0.03339755935325358
762,5,10,150,89,0.11568388634051256
763,5,10,150,89,0.20859185628046678
764,5,10,150,89,0.08207588022692468
765,5,10,150,89,0.0
766,5,10,150,89,0.050541549839211865
767,5,10,150,89,0.2073612289146658
768,5,10,150,89,0.09605101354696702
769,5,10,150,89,0.0
770,5,10,150,89,0.04692206785373726
771,5,10,150,89,0.2149590517835668
772,5,10,150,89,0.03353522641880846
773,5,10,150,89,0.08236155615232364
774,5,10,150,89,0.03551622697259125
775,5,10,150,89,0.0437324968781469
776,5,10,150,89,0.12155614423940549
777,5,10,150,89,0.14445412169961394
778,5,10,150,89,0.024850109207689472
779,5,10,150,89,0.05878132199396477
780,5,10,150,89,0.13273397200317036
781,5,10,150,89,0.24553555323333592
782,5,10,150,89,0.018541156496962186
783,5,10,150,89,0.042447135269629226
784,5,10,150,89,0.0
785,5,10,150,89,0.07685905888147043
786,5,10,150,89,0.13370327844286975
787,5,10,150,89,0.0683037314796457
788,5,10,150,89,0.14728175403938695
789,5,10,150,89,0.059109628562248356
790,5,10,150,89,0.05575678571159265
791,5,10,150,89,0.0
792,5,10,150,89,0.0
793,5,10,150,89,0.037980879109777994
794,5,10,150,89,0.22201254783236782
795,5,10,150,89,0.09354596657002175
796,5,10,150,89,0.3075523445122557
797,5,10,150,89,0.09030583455080088
798,5,10,150,89,0.09382590498344215
799,5,10,150,89,0.0
800,5,10,150,89,0.0
801,5,10,150,89,0.03096677356901516
802,5,10,150,89,0.030863419558816
803,5,10,150,89,0.0
804,5,10,150,89,0.13570385873214572
805,5,10,150,89,0.09495648144433076
806,5,10,150,89,0.13891238635540284
807,5,10,150,89,0.19510906471881448
808,5,10,150,89,0.040655755922716606
809,5,10,150,89,0.07484323939884738
810,5,10,150,89,0.0
811,5,10,150,89,0.05062543788674174
812,5,10,150,89,0.0
813,5,10,150,89,0.17367331957930765
814,5,10,150,89,0.16688225797344017
815,5,10,150,89,0.24565985886458913
816,5,10,150,89,0.08005612702969578
817,5,10,150,89,0.0
818,5,10,150,89,0.0
819,5,10,150,89,0.15575997463127336
820,5,10,150,89,0.041641441310299704
821,5,10,150,89,0.19220292042320755
822,5,10,150,89,0.03902876023380719
823,5,10,150,89,0.2982209602555571
824,5,10,150,89,0.0
825,5,10,150,89,0.12156062446988854
826,5,10,150,89,0.12127728358945425
827,5,10,150,89,0.0
828,5,10,150,89,0.07244745602732354
829,5,10,150,89,0.1633399391391799
830,5,10,150,89,0.11558676478688033
831,5,10,150,89,0.2429972418166229
832,5,10,150,89,0.041355644490859725
833,5,10,150,89,0.12321800391868828
834,5,10,150,89,0.09452471710599904
835,5,10,150,89,0.16131021212220273
836,5,10,150,89,0.10882945376944808
837,5,10,150,89,0.022383927187041207
838,5,10,150,89,0.14570435926304814
839,5,10,150,89,0.05646784228340616
840,5,10,150,89,0.2807930794232824
841,5,10,150,89,0.0
842,5,10,150,89,0.03314153504336938
843,5,10,150,89,0.08135621124552263
844,5,10,150,89,0.14767302746812566
845,5,10,150,89,0.0
846,5,10,150,89,0.2934755205952309
847,5,10,150,89,0.019732492740263768
848,5,10,150,89,0.1516460124686172
849,5,10,150,89,0.1917146328376363
850,5,10,150,89,0.24846647105083042
851,5,10,150,89,0.23476759679239995
852,5,10,150,89,0.0
853,5,10,150,89,0.0
854,5,10,150,89,0.16311656740378705
855,5,10,150,89,0.0
856,5,10,150,89,0.0628634487195275
857,5,10,150,89,0.0
858,5,10,150,89,0.0
859,5,10,150,89,0.0
860,5,10,150,89,0.09425388187734376
861,5,10,150,89,0.12001290632387755
862,5,10,150,89,0.2912238889414939
863,5,10,150,89,0.14336081553900373
864,5,10,150,89,0.23293991660550722
865,5,10,150,89,0.030825292165839853
866,5,10,150,89,0.2482726129454347
867,5,10,150,89,0.3819612539218161
868,5,10,150,89,0.13178234191773927
869,5,10,150,89,0.1488917402119443
870,5,10,150,89,0.08866656935164677
871,5,10,150,89,0.23335170418377482
872,5,10,150,89,0.03050926163237471
873,5,10,150,89,0.0
874,5,10,150,89,0.06575393297476358
875,5,10,150,89,0.24878110643435097
876,5,10,150,89,0.0
877,5,10,150,89,0.03487978243545732
878,5,10,150,89,0.048005054499156014
879,5,10,150,89,0.07180913162424091
880,5,10,150,89,0.28641487670261845
881,5,10,150,89,0.2519499263188893
882,5,10,150,89,0.33892422106878434
883,5,10,150,89,0.32158996195311146
884,5,10,150,89,0.028767091820622218
885,5,10,150,89,0.10709607345972089
886,5,10,150,89,0.14371865188944744
887,5,10,150,89,0.18930713326498813
888,5,10,150,89,0.0
889,5,10,150,89,0.19769272054859494
890,5,10,150,89,0.3597186307234815
891,5,10,150,89,0.09013275514532934
892,5,10,150,89,0.40379532754783565
893,5,10,150,89,0.06655191453229989
894,5,10,150,89,0.1726447919925864
895,5,10,150,89,0.0
896,5,10,150,89,0.3027033716411118
897,5,10,150,89,0.22297271482372136
898,5,10,150,89,0.02204583040735582
899,5,10,150,89,0.1528183102111697
900,5,10,150,89,0.09313286019574611
901,5,10,150,89,0.25317004059729414
902,5,10,150,89,0.025255271126572616
903,5,10,150,89,0.29715461556721673
904,5,10,150,89,0.0
905,5,10,150,89,0.10788688832900037
906,5,10,150,89,0.06212701143918119
907,5,10,150,89,0.20251484990763086
908,5,10,150,89,0.20640898076180436
909,5,10,150,89,0.0
910,5,10,150,89,0.14111581018360284
911,5,10,150,89,0.08317288751647071
912,5,10,150,89,0.19029170705040452
913,5,10,150,89,0.19374110767191058
914,5,10,150,89,0.0
915,5,10,150,89,0.14006317479370065
916,5,10,150,89,0.16894140634862967
917,5,10,150,89,0.019845431127916993
918,5,10,150,89,0.0253533085437572
919,5,10,150,89,0.11908954089754446
920,5,10,150,89,0.26814570941777965
921,5,10,150,89,0.02477447378142753
922,5,10,150,89,0.1169032834855481
923,5,10,150,89,0.07926802913594262
924,5,10,150,89,0.11819634191622581
925,5,10,150,89,0.08576373115156254
926,5,10,150,89,0.18690891198435525
927,5,10,150,89,0.1445313744314927
928,5,10,150,89,0.225412941472223
929,5,10,150,89,0.11107244313646446
930,5,10,150,89,0.13909680376172495
931,5,10,150,89,0.07406012380799347
932,5,10,150,89,0.3004499336247583
933,5,10,150,89,0.05102835084162535
934,5,10,150,89,0.23880865109995436
935,5,10,150,89,0.043888403129016776
936,5,10,150,89,0.09340796975060513
937,5,10,150,89,0.09560624946230661
938,5,10,150,89,0.08978812887364458
939,5,10,150,89,0.05231692143384187
940,5,10,150,89,0.09469359068019315
941,5,10,150,89,0.2546814962889047
942,5,10,150,89,0.20361930362472372
943,5,10,150,89,0.1418776505242431
1,5,10,150,90,0.4058715898896693
2,5,10,150,90,0.14433828292945616
3,5,10,150,90,0.08759200575528697
4,5,10,150,90,0.0
5,5,10,150,90,0.04470486007704452
6,5,10,150,90,0.04187254809446048
7,5,10,150,90,0.22836484467160698
8,5,10,150,90,0.0
9,5,10,150,90,0.0
10,5,10,150,90,0.3005733545514552
11,5,10,150,90,0.03947525607388688
12,5,10,150,90,0.14632177291384774
13,5,10,150,90,0.24256092752724764
14,5,10,150,90,0.18795160328752808
15,5,10,150,90,0.0
16,5,10,150,90,0.19107502160562695
17,5,10,150,90,0.0
18,5,10,150,90,0.17872418048185143
19,5,10,150,90,0.15602106502222501
20,5,10,150,90,0.13743816645714543
21,5,10,150,90,0.17643857112498312
22,5,10,150,90,0.040815803121742565
23,5,10,150,90,0.10387012192613786
24,5,10,150,90,0.08835266840320231
25,5,10,150,90,0.23940867474021393
26,5,10,150,90,0.027519708785797934
27,5,10,150,90,0.0
28,5,10,150,90,0.10131242160793445
30,5,10,150,90,0.08133484538841967
31,5,10,150,90,0.11164668500969883
32,5,10,150,90,0.19519002499605084
33,5,10,150,90,0.0
34,5,10,150,90,0.0
35,5,10,150,90,0.0
37,5,10,150,90,0.08177471774917201
38,5,10,150,90,0.0
39,5,10,150,90,0.0
40,5,10,150,90,0.0
41,5,10,150,90,0.06835476917178976
42,5,10,150,90,0.08850778826764391
43,5,10,150,90,0.0
44,5,10,150,90,0.29540493557662006
45,5,10,150,90,0.0
46,5,10,150,90,0.0
47,5,10,150,90,0.0
48,5,10,150,90,0.13203079491918646
49,5,10,150,90,0.05432573058142762
52,5,10,150,90,0.06369098129632131
53,5,10,150,90,0.0
54,5,10,150,90,0.0
55,5,10,150,90,0.0
56,5,10,150,90,0.11781210270929884
57,5,10,150,90,0.1318392860374695
58,5,10,150,90,0.43418941507676856
59,5,10,150,90,0.19233148606048747
60,5,10,150,90,0.1076743759411119
61,5,10,150,90,0.0
62,5,10,150,90,0.09586820699422145
63,5,10,150,90,0.0
64,5,10,150,90,0.07635718686081962
65,5,10,150,90,0.2342550150352983
66,5,10,150,90,0.06636133566432367
67,5,10,150,90,0.0
68,5,10,150,90,0.0
69,5,10,150,90,0.0
70,5,10,150,90,0.03243913203930433
71,5,10,150,90,0.20758456043036028
72,5,10,150,90,0.10990826949013655
73,5,10,150,90,0.14308314931855187
74,5,10,150,90,0.0
75,5,10,150,90,0.05515026856924372
76,5,10,150,90,0.10633668103022985
77,5,10,150,90,0.14247142730086715
78,5,10,150,90,0.0
79,5,10,150,90,0.07821312100379274
80,5,10,150,90,0.0
81,5,10,150,90,0.08878770367712427
82,5,10,150,90,0.03187578878809277
83,5,10,150,90,0.07414861528507455
84,5,10,150,90,0.07550980911390262
85,5,10,150,90,0.04734112273659951
86,5,10,150,90,0.0
87,5,10,150,90,0.16641625059082407
88,5,10,150,90,0.18920035951687003
89,5,10,150,90,0.046966485689931024
90,5,10,150,90,0.19659652872125194
91,5,10,150,90,0.0
92,5,10,150,90,0.067443405477823
93,5,10,150,90,0.0
94,5,10,150,90,0.12253429761719764
95,5,10,150,90,0.07849567312219397
96,5,10,150,90,0.12622583419458475
97,5,10,150,90,0.0
98,5,10,150,90,0.0
99,5,10,150,90,0.13337585439143895
100,5,10,150,90,0.0
101,5,10,150,90,0.0
102,5,10,150,90,0.0
103,5,10,150,90,0.0
104,5,10,150,90,0.33958467175585033
105,5,10,150,90,0.0
106,5,10,150,90,0.06516188295518531
107,5,10,150,90,0.0
109,5,10,150,90,0.16563719724029594
110,5,10,150,90,0.03203603672019056
111,5,10,150,90,0.0
112,5,10,150,90,0.14155505107215216
113,5,10,150,90,0.0
114,5,10,150,90,0.08274602130532002
115,5,10,150,90,0.0718417865441674
116,5,10,150,90,0.0
117,5,10,150,90,0.04277388862840795
118,5,10,150,90,0.2265416449833316
119,5,10,150,90,0.08512399185313972
120,5,10,150,90,0.0
121,5,10,150,90,0.13032376591037062
122,5,10,150,90,0.0
123,5,10,150,90,0.13720340769293682
124,5,10,150,90,0.0
125,5,10,150,90,0.05446333035917803
126,5,10,150,90,0.0
128,5,10,150,90,0.0
129,5,10,150,90,0.0
130,5,10,150,90,0.21080192078431575
131,5,10,150,90,0.0
132,5,10,150,90,0.0
133,5,10,150,90,0.0
134,5,10,150,90,0.0
135,5,10,150,90,0.0
136,5,10,150,90,0.0
137,5,10,150,90,0.1137075481082292
138,5,10,150,90,0.0976168253917686
139,5,10,150,90,0.10466868931043802
140,5,10,150,90,0.0
141,5,10,150,90,0.04733244938590725
142,5,10,150,90,0.0
143,5,10,150,90,0.0
144,5,10,150,90,0.0
145,5,10,150,90,0.22835480069221242
146,5,10,150,90,0.0
147,5,10,150,90,0.1033846481249528
148,5,10,150,90,0.26071721237610296
149,5,10,150,90,0.0
150,5,10,150,90,0.2640681225725909
151,5,10,150,90,0.1026571794225922
152,5,10,150,90,0.0
153,5,10,150,90,0.0
154,5,10,150,90,0.06416923277158361
155,5,10,150,90,0.0
156,5,10,150,90,0.0
157,5,10,150,90,0.0
158,5,10,150,90,0.13830208502611357
159,5,10,150,90,0.23138144801632507
160,5,10,150,90,0.23538511388047798
161,5,10,150,90,0.0
162,5,10,150,90,0.09784076556363268
163,5,10,150,90,0.0
164,5,10,150,90,0.0
165,5,10,150,90,0.0
167,5,10,150,90,0.05319635904163211
168,5,10,150,90,0.05461997784715835
169,5,10,150,90,0.0
170,5,10,150,90,0.0
171,5,10,150,90,0.0
173,5,10,150,90,0.07444401142258321
174,5,10,150,90,0.12795077757424125
175,5,10,150,90,0.21517910082405575
176,5,10,150,90,0.06289692884934815
177,5,10,150,90,0.38113435412202
178,5,10,150,90,0.12597398707460816
179,5,10,150,90,0.09149012142095872
180,5,10,150,90,0.06228974831361337
181,5,10,150,90,0.11680461119565375
182,5,10,150,90,0.0
183,5,10,150,90,0.15101961822780524
184,5,10,150,90,0.0
185,5,10,150,90,0.0
186,5,10,150,90,0.04633132539002164
187,5,10,150,90,0.0
188,5,10,150,90,0.12925733948536566
189,5,10,150,90,0.18890011590178235
190,5,10,150,90,0.0
192,5,10,150,90,0.123151194370365
193,5,10,150,90,0.0
194,5,10,150,90,0.14012129095911344
195,5,10,150,90,0.11787667935667444
196,5,10,150,90,0.0
197,5,10,150,90,0.09546043308946733
198,5,10,150,90,0.0
199,5,10,150,90,0.0
200,5,10,150,90,0.09785159463516042
201,5,10,150,90,0.018702907379956335
202,5,10,150,90,0.10466868931043802
203,5,10,150,90,0.0
204,5,10,150,90,0.19519002499605084
205,5,10,150,90,0.0
206,5,10,150,90,0.0
207,5,10,150,90,0.11073658758229504
208,5,10,150,90,0.0
209,5,10,150,90,0.0
210,5,10,150,90,0.2167516193508568
211,5,10,150,90,0.0
213,5,10,150,90,0.15669163589836543
214,5,10,150,90,0.0
216,5,10,150,90,0.23813231172447274
217,5,10,150,90,0.0
218,5,10,150,90,0.0
219,5,10,150,90,0.0
221,5,10,150,90,0.0
222,5,10,150,90,0.1050995674008573
223,5,10,150,90,0.0
224,5,10,150,90,0.0
225,5,10,150,90,0.09077089626867633
226,5,10,150,90,0.19092086617893467
227,5,10,150,90,0.0
228,5,10,150,90,0.0
229,5,10,150,90,0.0
230,5,10,150,90,0.12683081539850163
231,5,10,150,90,0.0
232,5,10,150,90,0.03962341267285813
233,5,10,150,90,0.3062523178880809
234,5,10,150,90,0.15591130236963388
235,5,10,150,90,0.06692738060277027
236,5,10,150,90,0.0
237,5,10,150,90,0.19342640361727081
238,5,10,150,90,0.0
239,5,10,150,90,0.06912040963822193
240,5,10,150,90,0.12495636102304827
241,5,10,150,90,0.0
242,5,10,150,90,0.0
243,5,10,150,90,0.0
244,5,10,150,90,0.049712302565054066
245,5,10,150,90,0.0
246,5,10,150,90,0.0561326498270945
247,5,10,150,90,0.09472348220010487
248,5,10,150,90,0.09472348220010487
249,5,10,150,90,0.09798874944313594
250,5,10,150,90,0.0
251,5,10,150,90,0.13032376591037062
252,5,10,150,90,0.20184908658209985
253,5,10,150,90,0.1084812001944431
254,5,10,150,90,0.08514311764162098
255,5,10,150,90,0.0
256,5,10,150,90,0.1013176985622648
257,5,10,150,90,0.1339616094750857
258,5,10,150,90,0.10144063749941859
259,5,10,150,90,0.1239740444869306
260,5,10,150,90,0.0
261,5,10,150,90,0.0
262,5,10,150,90,0.0
263,5,10,150,90,0.0956366800683804
264,5,10,150,90,0.14464369219501386
265,5,10,150,90,0.0
266,5,10,150,90,0.0
267,5,10,150,90,0.17168372277322866
268,5,10,150,90,0.09950548580207201
269,5,10,150,90,0.07200022387224603
270,5,10,150,90,0.07655568961465661
271,5,10,150,90,0.13010624216828925
272,5,10,150,90,0.1702293778633033
273,5,10,150,90,0.0
274,5,10,150,90,0.0
275,5,10,150,90,0.0
276,5,10,150,90,0.15875999922826586
277,5,10,150,90,0.0
278,5,10,150,90,0.1631512196835108
279,5,10,150,90,0.18625181821647357
280,5,10,150,90,0.20222165535157688
281,5,10,150,90,0.0
282,5,10,150,90,0.0
283,5,10,150,90,0.07028063830038406
284,5,10,150,90,0.0
285,5,10,150,90,0.0
286,5,10,150,90,0.09991246976864687
287,5,10,150,90,0.0
288,5,10,150,90,0.0859574327152926
289,5,10,150,90,0.16903020543979225
290,5,10,150,90,0.07834851647149511
291,5,10,150,90,0.07828167840727236
292,5,10,150,90,0.0761512981816583
293,5,10,150,90,0.17373188694860897
294,5,10,150,90,0.0239003177617487
295,5,10,150,90,0.2603201838311303
296,5,10,150,90,0.213595167308394
297,5,10,150,90,0.0
298,5,10,150,90,0.16915623549474385
299,5,10,150,90,0.0
300,5,10,150,90,0.0
301,5,10,150,90,0.06460801587741544
302,5,10,150,90,0.09224219235917257
303,5,10,150,90,0.08773996172943178
304,5,10,150,90,0.0
305,5,10,150,90,0.11349000778741654
306,5,10,150,90,0.0
307,5,10,150,90,0.10778915452451093
308,5,10,150,90,0.13490077762666258
310,5,10,150,90,0.0
311,5,10,150,90,0.13301422444853
312,5,10,150,90,0.1819616199123543
313,5,10,150,90,0.11270402374049442
314,5,10,150,90,0.16600564593053876
315,5,10,150,90,0.037110354711564805
316,5,10,150,90,0.0
317,5,10,150,90,0.0
318,5,10,150,90,0.1642688369468948
319,5,10,150,90,0.0
320,5,10,150,90,0.13927874459665815
321,5,10,150,90,0.0
322,5,10,150,90,0.0
323,5,10,150,90,0.1610425878239398
324,5,10,150,90,0.0
325,5,10,150,90,0.09092803061897883
326,5,10,150,90,0.027288805847552652
327,5,10,150,90,0.025410386140327024
328,5,10,150,90,0.09206364236149692
329,5,10,150,90,0.0
330,5,10,150,90,0.1575843023686395
331,5,10,150,90,0.0
332,5,10,150,90,0.09320485889859448
334,5,10,150,90,0.0620535353328374
335,5,10,150,90,0.16155546744299637
336,5,10,150,90,0.0780824078938463
337,5,10,150,90,0.0
338,5,10,150,90,0.18039889772993523
339,5,10,150,90,0.22956271420203478
340,5,10,150,90,0.12424880528285201
341,5,10,150,90,0.0
342,5,10,150,90,0.40253324907699445
343,5,10,150,90,0.11360727106764587
344,5,10,150,90,0.1202034973803211
345,5,10,150,90,0.18015355216717013
346,5,10,150,90,0.04366879852493834
347,5,10,150,90,0.24434072388563882
348,5,10,150,90,0.0
349,5,10,150,90,0.0
350,5,10,150,90,0.058087171966128066
351,5,10,150,90,0.07977344912567227
352,5,10,150,90,0.1903601622684853
353,5,10,150,90,0.14434031438272124
354,5,10,150,90,0.06335619058732639
355,5,10,150,90,0.0
356,5,10,150,90,0.0
357,5,10,150,90,0.0
358,5,10,150,90,0.06364028872631156
359,5,10,150,90,0.3010299956639812
360,5,10,150,90,0.12982031659526816
361,5,10,150,90,0.09478836436955078
362,5,10,150,90,0.054793185501041654
363,5,10,150,90,0.24101654828754165
364,5,10,150,90,0.0
365,5,10,150,90,0.0
366,5,10,150,90,0.0
367,5,10,150,90,0.06369098129632131
368,5,10,150,90,0.0
369,5,10,150,90,0.0
370,5,10,150,90,0.0
371,5,10,150,90,0.19950301641376814
372,5,10,150,90,0.15130120674940672
373,5,10,150,90,0.22842722979011518
374,5,10,150,90,0.09083869370810833
375,5,10,150,90,0.0
376,5,10,150,90,0.0
377,5,10,150,90,0.0
378,5,10,150,90,0.13635638482251203
379,5,10,150,90,0.08433239722469389
380,5,10,150,90,0.0
381,5,10,150,90,0.03243913203930433
382,5,10,150,90,0.1390935487579673
383,5,10,150,90,0.18543645219162883
384,5,10,150,90,0.0
385,5,10,150,90,0.0
386,5,10,150,90,0.0
387,5,10,150,90,0.08586571489348302
388,5,10,150,90,0.05789711601244791
389,5,10,150,90,0.09284203700798714
390,5,10,150,90,0.0
391,5,10,150,90,0.11245246430543061
392,5,10,150,90,0.1824574152470408
393,5,10,150,90,0.17201528718620057
394,5,10,150,90,0.18425976175120107
395,5,10,150,90,0.0
396,5,10,150,90,0.0
397,5,10,150,90,0.11004588314904008
398,5,10,150,90,0.28368572779044043
399,5,10,150,90,0.026175882249243814
400,5,10,150,90,0.0
401,5,10,150,90,0.02839245759615368
402,5,10,150,90,0.0
403,5,10,150,90,0.2529427027676571
404,5,10,150,90,0.0
405,5,10,150,90,0.05854912597964523
406,5,10,150,90,0.07610657727852362
407,5,10,150,90,0.12541209984981197
408,5,10,150,90,0.09983719697789138
409,5,10,150,90,0.05800611307095368
410,5,10,150,90,0.0
411,5,10,150,90,0.17342765698823945
412,5,10,150,90,0.0
413,5,10,150,90,0.0
414,5,10,150,90,0.21398626473452756
415,5,10,150,90,0.0
416,5,10,150,90,0.1691178381508892
417,5,10,150,90,0.11088189053445036
419,5,10,150,90,0.3536251441097701
420,5,10,150,90,0.15209749107189288
421,5,10,150,90,0.08151710573508678
422,5,10,150,90,0.0
423,5,10,150,90,0.13523051443907988
424,5,10,150,90,0.1545659390636425
425,5,10,150,90,0.2840898071472465
426,5,10,150,90,0.13571943816109763
427,5,10,150,90,0.12615224917140136
428,5,10,150,90,0.03967704129387874
429,5,10,150,90,0.14041959417088476
430,5,10,150,90,0.1261446714466394
431,5,10,150,90,0.0
432,5,10,150,90,0.049369952841505485
433,5,10,150,90,0.0
434,5,10,150,90,0.3903800499921017
435,5,10,150,90,0.11347000084585261
436,5,10,150,90,0.12973311796205417
437,5,10,150,90,0.22972973128433707
438,5,10,150,90,0.0
439,5,10,150,90,0.0
440,5,10,150,90,0.06175696970122604
441,5,10,150,90,0.0
442,5,10,150,90,0.022667220314663273
443,5,10,150,90,0.0
445,5,10,150,90,0.0
446,5,10,150,90,0.0
447,5,10,150,90,0.2726897692124621
448,5,10,150,90,0.0
449,5,10,150,90,0.07784399437297408
450,5,10,150,90,0.22640083277136241
451,5,10,150,90,0.0
452,5,10,150,90,0.1353061563511876
453,5,10,150,90,0.029956785715628154
454,5,10,150,90,0.07998109630822593
455,5,10,150,90,0.10936717758288772
456,5,10,150,90,0.07758828619721583
457,5,10,150,90,0.29418445531213994
458,5,10,150,90,0.04507276838148142
459,5,10,150,90,0.0
460,5,10,150,90,0.0
461,5,10,150,90,0.0
462,5,10,150,90,0.0
463,5,10,150,90,0.026903388345470878
464,5,10,150,90,0.043001045588690626
465,5,10,150,90,0.035016337639871845
466,5,10,150,90,0.03947525607388688
467,5,10,150,90,0.1436337620239326
468,5,10,150,90,0.27023868832296544
469,5,10,150,90,0.057417722536754784
470,5,10,150,90,0.0
471,5,10,150,90,0.0
472,5,10,150,90,0.14903271548086697
473,5,10,150,90,0.08754031530847717
474,5,10,150,90,0.34897204770080337
475,5,10,150,90,0.06516188295518531
476,5,10,150,90,0.0
477,5,10,150,90,0.055100238151135045
478,5,10,150,90,0.23782833255689273
479,5,10,150,90,0.07834096783470737
480,5,10,150,90,0.21398626473452756
481,5,10,150,90,0.13863671367752411
482,5,10,150,90,0.0
483,5,10,150,90,0.06912040963822193
484,5,10,150,90,0.09353062527112192
485,5,10,150,90,0.0
486,5,10,150,90,0.10311241692162332
487,5,10,150,90,0.2215000938796789
488,5,10,150,90,0.0
489,5,10,150,90,0.05289466762742346
490,5,10,150,90,0.0
491,5,10,150,90,0.19092086617893467
492,5,10,150,90,0.12471554514794539
493,5,10,150,90,0.06270991162683781
494,5,10,150,90,0.1096312620712655
495,5,10,150,90,0.15115187072926595
496,5,10,150,90,0.05459112561892713
497,5,10,150,90,0.0686971344996096
498,5,10,150,90,0.03855307727568851
499,5,10,150,90,0.1912282106369008
500,5,10,150,90,0.05011951520627559
501,5,10,150,90,0.0
502,5,10,150,90,0.06364028872631156
503,5,10,150,90,0.27534073433896133
504,5,10,150,90,0.0
505,5,10,150,90,0.0
506,5,10,150,90,0.13939295695713902
507,5,10,150,90,0.03371865946438579
508,5,10,150,90,0.0
509,5,10,150,90,0.06474271459046577
510,5,10,150,90,0.0
511,5,10,150,90,0.0
512,5,10,150,90,0.18316925091363362
513,5,10,150,90,0.0461651444771445
514,5,10,150,90,0.10595566933616397
515,5,10,150,90,0.0
516,5,10,150,90,0.13768197790533618
517,5,10,150,90,0.042259191411409554
518,5,10,150,90,0.0
519,5,10,150,90,0.10980194963145926
520,5,10,150,90,0.0
521,5,10,150,90,0.017322902464627605
522,5,10,150,90,0.0
523,5,10,150,90,0.07926830632613421
524,5,10,150,90,0.10258209047527363
525,5,10,150,90,0.0
526,5,10,150,90,0.17292389918997986
527,5,10,150,90,0.14943863047793596
528,5,10,150,90,0.14110144150616766
529,5,10,150,90,0.10471139591065548
530,5,10,150,90,0.0
531,5,10,150,90,0.0
532,5,10,150,90,0.061814902734110014
533,5,10,150,90,0.140097006072795
534,5,10,150,90,0.07450923581469894
535,5,10,150,90,0.2871959083713276
536,5,10,150,90,0.27314750625223144
537,5,10,150,90,0.42835763347132505
538,5,10,150,90,0.0
539,5,10,150,90,0.1560067947598593
540,5,10,150,90,0.027519708785797934
541,5,10,150,90,0.1630698087619573
542,5,10,150,90,0.2058326075109125
543,5,10,150,90,0.10214293143598126
544,5,10,150,90,0.07631352592005593
545,5,10,150,90,0.052962244777770985
546,5,10,150,90,0.15314106296495628
547,5,10,150,90,0.0
548,5,10,150,90,0.06942726819239371
549,5,10,150,90,0.0
550,5,10,150,90,0.13436217909546777
551,5,10,150,90,0.33883202286184855
552,5,10,150,90,0.0
553,5,10,150,90,0.2558682193404399
554,5,10,150,90,0.16600564593053876
555,5,10,150,90,0.0
556,5,10,150,90,0.15950832945941923
557,5,10,150,90,0.053894577262255466
558,5,10,150,90,0.05718685316335169
559,5,10,150,90,0.0734773909038217
560,5,10,150,90,0.2611842705687123
561,5,10,150,90,0.10592276296337293
562,5,10,150,90,0.06240346968106183
563,5,10,150,90,0.0
564,5,10,150,90,0.0
565,5,10,150,90,0.18568675205192314
566,5,10,150,90,0.13665387068436016
567,5,10,150,90,0.17044472484770287
568,5,10,150,90,0.057107346298225524
569,5,10,150,90,0.0336639187988199
570,5,10,150,90,0.0
571,5,10,150,90,0.0
572,5,10,150,90,0.058995070558427745
573,5,10,150,90,0.035908240113829995
574,5,10,150,90,0.07616204594440379
575,5,10,150,90,0.056316753775798256
576,5,10,150,90,0.17342765698823945
577,5,10,150,90,0.22186862389759224
578,5,10,150,90,0.09818998961169394
579,5,10,150,90,0.0
580,5,10,150,90,0.21661076434387644
581,5,10,150,90,0.0
582,5,10,150,90,0.028361369701356044
583,5,10,150,90,0.08811076314737627
584,5,10,150,90,0.0
585,5,10,150,90,0.06320275563713697
586,5,10,150,90,0.09195192495929504
587,5,10,150,90,0.0
588,5,10,150,90,0.2234644529330562
589,5,10,150,90,0.09751522916349128
590,5,10,150,90,0.18511573258657482
591,5,10,150,90,0.15758427078022966
592,5,10,150,90,0.24539657481359
593,5,10,150,90,0.1847125373189141
594,5,10,150,90,0.0843142342558857
595,5,10,150,90,0.0
596,5,10,150,90,0.0
597,5,10,150,90,0.0
598,5,10,150,90,0.11752277470724268
599,5,10,150,90,0.16402353420682853
600,5,10,150,90,0.0
601,5,10,150,90,0.026557570376145638
602,5,10,150,90,0.0
603,5,10,150,90,0.06194403202282284
604,5,10,150,90,0.0
605,5,10,150,90,0.10589838376326657
606,5,10,150,90,0.2138150508755678
607,5,10,150,90,0.0
608,5,10,150,90,0.14688428242884272
609,5,10,150,90,0.11838279295536291
610,5,10,150,90,0.05781186855394371
611,5,10,150,90,0.06967022707002284
612,5,10,150,90,0.0
613,5,10,150,90,0.2049174583553662
614,5,10,150,90,0.13886244387355454
615,5,10,150,90,0.10251900332140326
616,5,10,150,90,0.09781579202094404
617,5,10,150,90,0.07286192498233149
618,5,10,150,90,0.149831744199011
619,5,10,150,90,0.17622915213253285
620,5,10,150,90,0.1451323880538222
621,5,10,150,90,0.13589759152345549
622,5,10,150,90,0.10022910267662996
623,5,10,150,90,0.13369528351530374
624,5,10,150,90,0.019160322430058573
625,5,10,150,90,0.0
626,5,10,150,90,0.04690797720830594
627,5,10,150,90,0.04289205981312439
628,5,10,150,90,0.0
629,5,10,150,90,0.2013573326089747
630,5,10,150,90,0.12522204146604196
631,5,10,150,90,0.09240791929215005
632,5,10,150,90,0.3331495701314084
633,5,10,150,90,0.0455520698635181
634,5,10,150,90,0.023756977677906275
635,5,10,150,90,0.07393190703916604
636,5,10,150,90,0.0
637,5,10,150,90,0.0
638,5,10,150,90,0.15473934503245962
639,5,10,150,90,0.0
640,5,10,150,90,0.08757749316783438
641,5,10,150,90,0.03570665676503816
642,5,10,150,90,0.13207172242143603
643,5,10,150,90,0.15031592367651372
644,5,10,150,90,0.0
645,5,10,150,90,0.1856947245529553
646,5,10,150,90,0.0
647,5,10,150,90,0.03673869545191085
648,5,10,150,90,0.1510121408821335
649,5,10,150,90,0.0
650,5,10,150,90,0.15132565596359518
651,5,10,150,90,0.03443184397772452
652,5,10,150,90,0.0
653,5,10,150,90,0.042464725972586034
654,5,10,150,90,0.17020900230175445
655,5,10,150,90,0.2469864420804524
656,5,10,150,90,0.0
657,5,10,150,90,0.053845569940583225
658,5,10,150,90,0.0
659,5,10,150,90,0.07075240780563574
660,5,10,150,90,0.033833577668373825
661,5,10,150,90,0.12705991527984942
662,5,10,150,90,0.0
663,5,10,150,90,0.09211594531187607
664,5,10,150,90,0.05391021349625259
665,5,10,150,90,0.0
666,5,10,150,90,0.07860744541237058
667,5,10,150,90,0.2676806947950803
668,5,10,150,90,0.0
669,5,10,150,90,0.2672968266839232
670,5,10,150,90,0.18230594268689504
671,5,10,150,90,0.17434206503696043
672,5,10,150,90,0.0
673,5,10,150,90,0.0
674,5,10,150,90,0.0
675,5,10,150,90,0.05010834716923557
676,5,10,150,90,0.08008509239634608
677,5,10,150,90,0.03927489746221688
678,5,10,150,90,0.0
679,5,10,150,90,0.26970586372388394
680,5,10,150,90,0.2073612289146658
681,5,10,150,90,0.0
682,5,10,150,90,0.1235788835059233
683,5,10,150,90,0.06289349548893712
684,5,10,150,90,0.0
685,5,10,150,90,0.0
686,5,10,150,90,0.11524934452025383
687,5,10,150,90,0.0
688,5,10,150,90,0.0
689,5,10,150,90,0.32436268379537736
690,5,10,150,90,0.0
691,5,10,150,90,0.0
692,5,10,150,90,0.0
693,5,10,150,90,0.03042314513165654
694,5,10,150,90,0.20269611984358588
695,5,10,150,90,0.0607039656753694
696,5,10,150,90,0.12935879342602336
697,5,10,150,90,0.06378035696304758
698,5,10,150,90,0.09499131598480672
699,5,10,150,90,0.03139866635141006
700,5,10,150,90,0.16958010263680806
701,5,10,150,90,0.04129602134854855
702,5,10,150,90,0.0
703,5,10,150,90,0.03870447337439288
704,5,10,150,90,0.09986079379105446
705,5,10,150,90,0.20609334068785645
706,5,10,150,90,0.0
707,5,10,150,90,0.11204043240783193
708,5,10,150,90,0.0943325796571581
709,5,10,150,90,0.11778692963665513
710,5,10,150,90,0.05710411178654767
711,5,10,150,90,0.15552566999725762
712,5,10,150,90,0.12435918123916344
713,5,10,150,90,0.0
714,5,10,150,90,0.04195229264874745
715,5,10,150,90,0.07261309108674657
716,5,10,150,90,0.168520177802778
717,5,10,150,90,0.18940567332300148
718,5,10,150,90,0.14061157344379913
719,5,10,150,90,0.1811528335938261
720,5,10,150,90,0.05261577455142312
721,5,10,150,90,0.185399636990879
722,5,10,150,90,0.0
723,5,10,150,90,0.0
724,5,10,150,90,0.0
725,5,10,150,90,0.05750402108673013
726,5,10,150,90,0.2529427027676571
727,5,10,150,90,0.07805580536476894
728,5,10,150,90,0.0
729,5,10,150,90,0.0
730,5,10,150,90,0.0
731,5,10,150,90,0.10343510349900437
732,5,10,150,90,0.0
733,5,10,150,90,0.0
734,5,10,150,90,0.0655813061736612
735,5,10,150,90,0.0
736,5,10,150,90,0.0
737,5,10,150,90,0.16282663249631943
738,5,10,150,90,0.2632431729022225
739,5,10,150,90,0.0
740,5,10,150,90,0.0
741,5,10,150,90,0.10965210684801945
742,5,10,150,90,0.04553761034739079
743,5,10,150,90,0.0814476682319001
744,5,10,150,90,0.08878770367712427
745,5,10,150,90,0.3682049230943936
746,5,10,150,90,0.11450296808588954
747,5,10,150,90,0.32330014477534436
748,5,10,150,90,0.22468225866052274
749,5,10,150,90,0.12689323868026445
750,5,10,150,90,0.07219614103266732
751,5,10,150,90,0.10926529688037187
752,5,10,150,90,0.020210299806331135
753,5,10,150,90,0.15406810205846871
754,5,10,150,90,0.0
755,5,10,150,90,0.067228724047084
756,5,10,150,90,0.12944030246708935
757,5,10,150,90,0.0915370411750422
758,5,10,150,90,0.22895901940213323
759,5,10,150,90,0.038281751104512325
760,5,10,150,90,0.11447590313611888
761,5,10,150,90,0.03339755935325358
762,5,10,150,90,0.11568388634051256
763,5,10,150,90,0.20859185628046678
764,5,10,150,90,0.08207588022692468
765,5,10,150,90,0.0
766,5,10,150,90,0.050541549839211865
767,5,10,150,90,0.2073612289146658
768,5,10,150,90,0.09605101354696702
769,5,10,150,90,0.0
770,5,10,150,90,0.04692206785373726
771,5,10,150,90,0.2149590517835668
772,5,10,150,90,0.03353522641880846
773,5,10,150,90,0.08236155615232364
774,5,10,150,90,0.03551622697259125
775,5,10,150,90,0.0437324968781469
776,5,10,150,90,0.12155614423940549
777,5,10,150,90,0.14445412169961394
778,5,10,150,90,0.024850109207689472
779,5,10,150,90,0.05878132199396477
780,5,10,150,90,0.13273397200317036
781,5,10,150,90,0.24553555323333592
782,5,10,150,90,0.018541156496962186
783,5,10,150,90,0.042447135269629226
784,5,10,150,90,0.0
785,5,10,150,90,0.07685905888147043
786,5,10,150,90,0.13370327844286975
787,5,10,150,90,0.0683037314796457
788,5,10,150,90,0.14611647299556949
789,5,10,150,90,0.059109628562248356
790,5,10,150,90,0.05575678571159265
791,5,10,150,90,0.0
792,5,10,150,90,0.0
793,5,10,150,90,0.037980879109777994
794,5,10,150,90,0.22201254783236782
795,5,10,150,90,0.09354596657002175
796,5,10,150,90,0.3051190158261654
797,5,10,150,90,0.09030583455080088
798,5,10,150,90,0.10099547939684052
799,5,10,150,90,0.0
800,5,10,150,90,0.0
801,5,10,150,90,0.03096677356901516
802,5,10,150,90,0.030863419558816
803,5,10,150,90,0.0
804,5,10,150,90,0.1346301810374113
805,5,10,150,90,0.09420519362503245
806,5,10,150,90,0.13891238635540284
807,5,10,150,90,0.19510906471881448
808,5,10,150,90,0.040655755922716606
809,5,10,150,90,0.07484323939884738
810,5,10,150,90,0.0
811,5,10,150,90,0.05062543788674174
812,5,10,150,90,0.0
813,5,10,150,90,0.17367331957930765
814,5,10,150,90,0.16688225797344017
815,5,10,150,90,0.24565985886458913
816,5,10,150,90,0.08005612702969578
817,5,10,150,90,0.0
818,5,10,150,90,0.0
819,5,10,150,90,0.15575997463127336
820,5,10,150,90,0.041641441310299704
821,5,10,150,90,0.19220292042320755
822,5,10,150,90,0.03902876023380719
823,5,10,150,90,0.2982209602555571
824,5,10,150,90,0.0
825,5,10,150,90,0.1311988566049412
826,5,10,150,90,0.12127728358945425
827,5,10,150,90,0.0
828,5,10,150,90,0.07244745602732354
829,5,10,150,90,0.1633399391391799
830,5,10,150,90,0.11558676478688033
831,5,10,150,90,0.2429972418166229
832,5,10,150,90,0.041355644490859725
833,5,10,150,90,0.1222431132734759
834,5,10,150,90,0.09452471710599904
835,5,10,150,90,0.16131021212220273
836,5,10,150,90,0.10882945376944808
837,5,10,150,90,0.022383927187041207
838,5,10,150,90,0.14570435926304814
839,5,10,150,90,0.05646784228340616
840,5,10,150,90,0.2785714678270519
841,5,10,150,90,0.0
842,5,10,150,90,0.03314153504336938
843,5,10,150,90,0.08071252763800758
844,5,10,150,90,0.14767302746812566
845,5,10,150,90,0.0
846,5,10,150,90,0.29906548377983005
847,5,10,150,90,0.019732492740263768
848,5,10,150,90,0.1516460124686172
849,5,10,150,90,0.1917146328376363
850,5,10,150,90,0.24846647105083042
851,5,10,150,90,0.23291013500408092
852,5,10,150,90,0.0
853,5,10,150,90,0.0
854,5,10,150,90,0.16973791983301223
855,5,10,150,90,0.0
856,5,10,150,90,0.0628634487195275
857,5,10,150,90,0.0
858,5,10,150,90,0.0
859,5,10,150,90,0.0
860,5,10,150,90,0.09425388187734376
861,5,10,150,90,0.12001290632387755
862,5,10,150,90,0.2995327133466045
863,5,10,150,90,0.14336081553900373
864,5,10,150,90,0.23109691527150478
865,5,10,150,90,0.030825292165839853
866,5,10,150,90,0.2482726129454347
867,5,10,150,90,0.3819612539218161
868,5,10,150,90,0.13865160814470365
869,5,10,150,90,0.1488917402119443
870,5,10,150,90,0.08796504679605466
871,5,10,150,90,0.23335170418377482
872,5,10,150,90,0.03050926163237471
873,5,10,150,90,0.0
874,5,10,150,90,0.06575393297476358
875,5,10,150,90,0.24878110643435097
876,5,10,150,90,0.0
877,5,10,150,90,0.03487978243545732
878,5,10,150,90,0.048005054499156014
879,5,10,150,90,0.07180913162424091
880,5,10,150,90,0.28414878591176856
881,5,10,150,90,0.24995651936196175
882,5,10,150,90,0.3475244410737614
883,5,10,150,90,0.3190455688000688
884,5,10,150,90,0.028767091820622218
885,5,10,150,90,0.10709607345972089
886,5,10,150,90,0.15049347902017832
887,5,10,150,90,0.18780935090021456
888,5,10,150,90,0.0
889,5,10,150,90,0.19612859211151526
890,5,10,150,90,0.3597186307234815
891,5,10,150,90,0.09013275514532934
892,5,10,150,90,0.40851244955371635
893,5,10,150,90,0.06655191453229989
894,5,10,150,90,0.17127884069240726
895,5,10,150,90,0.0
896,5,10,150,90,0.3003084076269089
897,5,10,150,90,0.22120857316498535
898,5,10,150,90,0.02204583040735582
899,5,10,150,90,0.1528183102111697
900,5,10,150,90,0.09313286019574611
901,5,10,150,90,0.25317004059729414
902,5,10,150,90,0.025255271126572616
903,5,10,150,90,0.29715461556721673
904,5,10,150,90,0.0
905,5,10,150,90,0.1278334413794636
906,5,10,150,90,0.06212701143918119
907,5,10,150,90,0.20091256918230904
908,5,10,150,90,0.20640898076180436
909,5,10,150,90,0.0
910,5,10,150,90,0.14111581018360284
911,5,10,150,90,0.08317288751647071
912,5,10,150,90,0.19029170705040452
913,5,10,150,90,0.19374110767191058
914,5,10,150,90,0.0
915,5,10,150,90,0.16744730537056995
916,5,10,150,90,0.16760475592904495
917,5,10,150,90,0.019845431127916993
918,5,10,150,90,0.0253533085437572
919,5,10,150,90,0.11814731430994069
920,5,10,150,90,0.26814570941777965
921,5,10,150,90,0.02477447378142753
922,5,10,150,90,0.1169032834855481
923,5,10,150,90,0.07926802913594262
924,5,10,150,90,0.1306223466470971
925,5,10,150,90,0.08576373115156254
926,5,10,150,90,0.18690891198435525
927,5,10,150,90,0.1445313744314927
928,5,10,150,90,0.225412941472223
929,5,10,150,90,0.11107244313646446
930,5,10,150,90,0.13909680376172495
931,5,10,150,90,0.07406012380799347
932,5,10,150,90,0.30598471583091197
933,5,10,150,90,0.05062461875464118
934,5,10,150,90,0.23691921682453168
935,5,10,150,90,0.043888403129016776
936,5,10,150,90,0.09266893362761908
937,5,10,150,90,0.09560624946230661
938,5,10,150,90,0.08978812887364458
939,5,10,150,90,0.05231692143384187
940,5,10,150,90,0.09469359068019315
941,5,10,150,90,0.2546814962889047
942,5,10,150,90,0.20361930362472372
943,5,10,150,90,0.14075512630000658
1,5,10,150,91,0.4058715898896693
2,5,10,150,91,0.14433828292945616
3,5,10,150,91,0.08759200575528697
4,5,10,150,91,0.0
5,5,10,150,91,0.04470486007704452
6,5,10,150,91,0.04187254809446048
7,5,10,150,91,0.22836484467160698
8,5,10,150,91,0.0
9,5,10,150,91,0.0
10,5,10,150,91,0.3005733545514552
11,5,10,150,91,0.03947525607388688
12,5,10,150,91,0.14632177291384774
13,5,10,150,91,0.24256092752724764
14,5,10,150,91,0.18795160328752808
15,5,10,150,91,0.0
16,5,10,150,91,0.19107502160562695
17,5,10,150,91,0.0
18,5,10,150,91,0.17872418048185143
19,5,10,150,91,0.15602106502222501
20,5,10,150,91,0.13743816645714543
21,5,10,150,91,0.17643857112498312
22,5,10,150,91,0.040815803121742565
23,5,10,150,91,0.10387012192613786
24,5,10,150,91,0.08835266840320231
25,5,10,150,91,0.23940867474021393
26,5,10,150,91,0.027519708785797934
27,5,10,150,91,0.0
28,5,10,150,91,0.10131242160793445
30,5,10,150,91,0.08133484538841967
31,5,10,150,91,0.11164668500969883
32,5,10,150,91,0.19519002499605084
33,5,10,150,91,0.0
34,5,10,150,91,0.0
35,5,10,150,91,0.0
37,5,10,150,91,0.08177471774917201
38,5,10,150,91,0.0
39,5,10,150,91,0.0
40,5,10,150,91,0.0
41,5,10,150,91,0.06835476917178976
42,5,10,150,91,0.08850778826764391
43,5,10,150,91,0.0
44,5,10,150,91,0.29540493557662006
45,5,10,150,91,0.0
46,5,10,150,91,0.0
47,5,10,150,91,0.0
48,5,10,150,91,0.13203079491918646
49,5,10,150,91,0.05432573058142762
52,5,10,150,91,0.06369098129632131
53,5,10,150,91,0.0
54,5,10,150,91,0.0
55,5,10,150,91,0.0
56,5,10,150,91,0.11781210270929884
57,5,10,150,91,0.1318392860374695
58,5,10,150,91,0.43418941507676856
59,5,10,150,91,0.19233148606048747
60,5,10,150,91,0.1076743759411119
61,5,10,150,91,0.0
62,5,10,150,91,0.09586820699422145
63,5,10,150,91,0.0
64,5,10,150,91,0.07635718686081962
65,5,10,150,91,0.2342550150352983
66,5,10,150,91,0.06636133566432367
67,5,10,150,91,0.0
68,5,10,150,91,0.0
69,5,10,150,91,0.0
70,5,10,150,91,0.03243913203930433
71,5,10,150,91,0.20758456043036028
72,5,10,150,91,0.10990826949013655
73,5,10,150,91,0.14308314931855187
74,5,10,150,91,0.0
75,5,10,150,91,0.05515026856924372
76,5,10,150,91,0.10633668103022985
77,5,10,150,91,0.14247142730086715
78,5,10,150,91,0.0
79,5,10,150,91,0.07821312100379274
80,5,10,150,91,0.0
81,5,10,150,91,0.08878770367712427
82,5,10,150,91,0.03187578878809277
83,5,10,150,91,0.07414861528507455
84,5,10,150,91,0.07550980911390262
85,5,10,150,91,0.04734112273659951
86,5,10,150,91,0.0
87,5,10,150,91,0.16641625059082407
88,5,10,150,91,0.18920035951687003
89,5,10,150,91,0.046966485689931024
90,5,10,150,91,0.19659652872125194
91,5,10,150,91,0.0
92,5,10,150,91,0.067443405477823
93,5,10,150,91,0.0
94,5,10,150,91,0.12253429761719764
95,5,10,150,91,0.07849567312219397
96,5,10,150,91,0.12622583419458475
97,5,10,150,91,0.0
98,5,10,150,91,0.0
99,5,10,150,91,0.13337585439143895
100,5,10,150,91,0.0
101,5,10,150,91,0.0
102,5,10,150,91,0.0
103,5,10,150,91,0.0
104,5,10,150,91,0.33958467175585033
105,5,10,150,91,0.0
106,5,10,150,91,0.06516188295518531
107,5,10,150,91,0.0
109,5,10,150,91,0.16563719724029594
110,5,10,150,91,0.03203603672019056
111,5,10,150,91,0.0
112,5,10,150,91,0.14155505107215216
113,5,10,150,91,0.0
114,5,10,150,91,0.08274602130532002
115,5,10,150,91,0.0718417865441674
116,5,10,150,91,0.0
117,5,10,150,91,0.08490981601989582
118,5,10,150,91,0.2265416449833316
119,5,10,150,91,0.08512399185313972
120,5,10,150,91,0.0
121,5,10,150,91,0.13032376591037062
122,5,10,150,91,0.0
123,5,10,150,91,0.13720340769293682
124,5,10,150,91,0.0
125,5,10,150,91,0.05446333035917803
126,5,10,150,91,0.0
128,5,10,150,91,0.0
129,5,10,150,91,0.0
130,5,10,150,91,0.21080192078431575
131,5,10,150,91,0.0
132,5,10,150,91,0.0
133,5,10,150,91,0.0
134,5,10,150,91,0.0
135,5,10,150,91,0.0
136,5,10,150,91,0.0
137,5,10,150,91,0.1137075481082292
138,5,10,150,91,0.0976168253917686
139,5,10,150,91,0.10466868931043802
140,5,10,150,91,0.0
141,5,10,150,91,0.04733244938590725
142,5,10,150,91,0.0
143,5,10,150,91,0.0
144,5,10,150,91,0.0
145,5,10,150,91,0.22835480069221242
146,5,10,150,91,0.0
147,5,10,150,91,0.1033846481249528
148,5,10,150,91,0.26071721237610296
149,5,10,150,91,0.0
150,5,10,150,91,0.2640681225725909
151,5,10,150,91,0.1026571794225922
152,5,10,150,91,0.0
153,5,10,150,91,0.0
154,5,10,150,91,0.06416923277158361
155,5,10,150,91,0.0
156,5,10,150,91,0.0
157,5,10,150,91,0.05199003359793522
158,5,10,150,91,0.13830208502611357
159,5,10,150,91,0.23138144801632507
160,5,10,150,91,0.23538511388047798
161,5,10,150,91,0.0
162,5,10,150,91,0.09784076556363268
163,5,10,150,91,0.0
164,5,10,150,91,0.0
165,5,10,150,91,0.0
167,5,10,150,91,0.05319635904163211
168,5,10,150,91,0.05461997784715835
169,5,10,150,91,0.0
170,5,10,150,91,0.0
171,5,10,150,91,0.0
173,5,10,150,91,0.07444401142258321
174,5,10,150,91,0.12795077757424125
175,5,10,150,91,0.21517910082405575
176,5,10,150,91,0.06289692884934815
177,5,10,150,91,0.38113435412202
178,5,10,150,91,0.12597398707460816
179,5,10,150,91,0.09149012142095872
180,5,10,150,91,0.06228974831361337
181,5,10,150,91,0.11680461119565375
182,5,10,150,91,0.0
183,5,10,150,91,0.15101961822780524
184,5,10,150,91,0.0
185,5,10,150,91,0.0
186,5,10,150,91,0.04633132539002164
187,5,10,150,91,0.0
188,5,10,150,91,0.12925733948536566
189,5,10,150,91,0.18890011590178235
190,5,10,150,91,0.0
192,5,10,150,91,0.123151194370365
193,5,10,150,91,0.0
194,5,10,150,91,0.14012129095911344
195,5,10,150,91,0.11787667935667444
196,5,10,150,91,0.0
197,5,10,150,91,0.09546043308946733
198,5,10,150,91,0.0
199,5,10,150,91,0.0
200,5,10,150,91,0.09785159463516042
201,5,10,150,91,0.018702907379956335
202,5,10,150,91,0.10466868931043802
203,5,10,150,91,0.0
204,5,10,150,91,0.19519002499605084
205,5,10,150,91,0.0
206,5,10,150,91,0.0
207,5,10,150,91,0.11073658758229504
208,5,10,150,91,0.0
209,5,10,150,91,0.0
210,5,10,150,91,0.2167516193508568
211,5,10,150,91,0.0
213,5,10,150,91,0.15669163589836543
214,5,10,150,91,0.0
216,5,10,150,91,0.23813231172447274
217,5,10,150,91,0.0
218,5,10,150,91,0.0
219,5,10,150,91,0.0
221,5,10,150,91,0.0
222,5,10,150,91,0.1050995674008573
223,5,10,150,91,0.0
224,5,10,150,91,0.0
225,5,10,150,91,0.09077089626867633
226,5,10,150,91,0.19092086617893467
227,5,10,150,91,0.0
228,5,10,150,91,0.0
229,5,10,150,91,0.0
230,5,10,150,91,0.12683081539850163
231,5,10,150,91,0.0
232,5,10,150,91,0.03962341267285813
233,5,10,150,91,0.3062523178880809
234,5,10,150,91,0.16996900071880655
235,5,10,150,91,0.06692738060277027
236,5,10,150,91,0.0
237,5,10,150,91,0.19342640361727081
238,5,10,150,91,0.0
239,5,10,150,91,0.06912040963822193
240,5,10,150,91,0.12495636102304827
241,5,10,150,91,0.0
242,5,10,150,91,0.0
243,5,10,150,91,0.0
244,5,10,150,91,0.049712302565054066
245,5,10,150,91,0.0
246,5,10,150,91,0.0561326498270945
247,5,10,150,91,0.09472348220010487
248,5,10,150,91,0.09472348220010487
249,5,10,150,91,0.09798874944313594
250,5,10,150,91,0.0
251,5,10,150,91,0.13032376591037062
252,5,10,150,91,0.20184908658209985
253,5,10,150,91,0.1084812001944431
254,5,10,150,91,0.08514311764162098
255,5,10,150,91,0.0
256,5,10,150,91,0.1013176985622648
257,5,10,150,91,0.1339616094750857
258,5,10,150,91,0.10144063749941859
259,5,10,150,91,0.1239740444869306
260,5,10,150,91,0.0
261,5,10,150,91,0.0
262,5,10,150,91,0.0
263,5,10,150,91,0.0956366800683804
264,5,10,150,91,0.14464369219501386
265,5,10,150,91,0.0
266,5,10,150,91,0.0
267,5,10,150,91,0.17168372277322866
268,5,10,150,91,0.09950548580207201
269,5,10,150,91,0.07200022387224603
270,5,10,150,91,0.07655568961465661
271,5,10,150,91,0.13010624216828925
272,5,10,150,91,0.1702293778633033
273,5,10,150,91,0.0
274,5,10,150,91,0.0
275,5,10,150,91,0.0
276,5,10,150,91,0.15875999922826586
277,5,10,150,91,0.0
278,5,10,150,91,0.1631512196835108
279,5,10,150,91,0.18625181821647357
280,5,10,150,91,0.20222165535157688
281,5,10,150,91,0.0
282,5,10,150,91,0.0
283,5,10,150,91,0.07028063830038406
284,5,10,150,91,0.0
285,5,10,150,91,0.0
286,5,10,150,91,0.09991246976864687
287,5,10,150,91,0.0
288,5,10,150,91,0.0859574327152926
289,5,10,150,91,0.16903020543979225
290,5,10,150,91,0.07834851647149511
291,5,10,150,91,0.07828167840727236
292,5,10,150,91,0.0761512981816583
293,5,10,150,91,0.18884218707725223
294,5,10,150,91,0.0239003177617487
295,5,10,150,91,0.2603201838311303
296,5,10,150,91,0.213595167308394
297,5,10,150,91,0.0
298,5,10,150,91,0.16915623549474385
299,5,10,150,91,0.021101277594811292
300,5,10,150,91,0.0
301,5,10,150,91,0.06460801587741544
302,5,10,150,91,0.09224219235917257
303,5,10,150,91,0.08773996172943178
304,5,10,150,91,0.0
305,5,10,150,91,0.11349000778741654
306,5,10,150,91,0.0
307,5,10,150,91,0.10778915452451093
308,5,10,150,91,0.13490077762666258
310,5,10,150,91,0.0
311,5,10,150,91,0.13301422444853
312,5,10,150,91,0.1819616199123543
313,5,10,150,91,0.11270402374049442
314,5,10,150,91,0.16600564593053876
315,5,10,150,91,0.037110354711564805
316,5,10,150,91,0.0
317,5,10,150,91,0.0
318,5,10,150,91,0.1642688369468948
319,5,10,150,91,0.0
320,5,10,150,91,0.13927874459665815
321,5,10,150,91,0.0
322,5,10,150,91,0.0
323,5,10,150,91,0.1610425878239398
324,5,10,150,91,0.0
325,5,10,150,91,0.09092803061897883
326,5,10,150,91,0.027288805847552652
327,5,10,150,91,0.025410386140327024
328,5,10,150,91,0.09206364236149692
329,5,10,150,91,0.0
330,5,10,150,91,0.1575843023686395
331,5,10,150,91,0.0
332,5,10,150,91,0.09320485889859448
334,5,10,150,91,0.08141079143310553
335,5,10,150,91,0.16155546744299637
336,5,10,150,91,0.0780824078938463
337,5,10,150,91,0.0
338,5,10,150,91,0.18039889772993523
339,5,10,150,91,0.22956271420203478
340,5,10,150,91,0.12424880528285201
341,5,10,150,91,0.0
342,5,10,150,91,0.40253324907699445
343,5,10,150,91,0.11360727106764587
344,5,10,150,91,0.1202034973803211
345,5,10,150,91,0.18015355216717013
346,5,10,150,91,0.04366879852493834
347,5,10,150,91,0.24434072388563882
348,5,10,150,91,0.0
349,5,10,150,91,0.0
350,5,10,150,91,0.058087171966128066
351,5,10,150,91,0.07977344912567227
352,5,10,150,91,0.1903601622684853
353,5,10,150,91,0.14434031438272124
354,5,10,150,91,0.06335619058732639
355,5,10,150,91,0.0
356,5,10,150,91,0.0
357,5,10,150,91,0.0
358,5,10,150,91,0.06364028872631156
359,5,10,150,91,0.3010299956639812
360,5,10,150,91,0.12982031659526816
361,5,10,150,91,0.09478836436955078
362,5,10,150,91,0.054793185501041654
363,5,10,150,91,0.24101654828754165
364,5,10,150,91,0.0
365,5,10,150,91,0.0
366,5,10,150,91,0.0
367,5,10,150,91,0.06369098129632131
368,5,10,150,91,0.0
369,5,10,150,91,0.0
370,5,10,150,91,0.0
371,5,10,150,91,0.19950301641376814
372,5,10,150,91,0.15130120674940672
373,5,10,150,91,0.22842722979011518
374,5,10,150,91,0.09083869370810833
375,5,10,150,91,0.0
376,5,10,150,91,0.0
377,5,10,150,91,0.0
378,5,10,150,91,0.13635638482251203
379,5,10,150,91,0.08433239722469389
380,5,10,150,91,0.0
381,5,10,150,91,0.03243913203930433
382,5,10,150,91,0.1390935487579673
383,5,10,150,91,0.18543645219162883
384,5,10,150,91,0.0
385,5,10,150,91,0.0
386,5,10,150,91,0.0
387,5,10,150,91,0.08586571489348302
388,5,10,150,91,0.05789711601244791
389,5,10,150,91,0.09284203700798714
390,5,10,150,91,0.0
391,5,10,150,91,0.11245246430543061
392,5,10,150,91,0.1824574152470408
393,5,10,150,91,0.17201528718620057
394,5,10,150,91,0.18425976175120107
395,5,10,150,91,0.0
396,5,10,150,91,0.0
397,5,10,150,91,0.11004588314904008
398,5,10,150,91,0.28368572779044043
399,5,10,150,91,0.026175882249243814
400,5,10,150,91,0.0
401,5,10,150,91,0.02839245759615368
402,5,10,150,91,0.0
403,5,10,150,91,0.2529427027676571
404,5,10,150,91,0.0
405,5,10,150,91,0.058090628599487416
406,5,10,150,91,0.07610657727852362
407,5,10,150,91,0.12541209984981197
408,5,10,150,91,0.09983719697789138
409,5,10,150,91,0.05800611307095368
410,5,10,150,91,0.0
411,5,10,150,91,0.17342765698823945
412,5,10,150,91,0.0
413,5,10,150,91,0.0
414,5,10,150,91,0.21398626473452756
415,5,10,150,91,0.0
416,5,10,150,91,0.1691178381508892
417,5,10,150,91,0.11088189053445036
419,5,10,150,91,0.3536251441097701
420,5,10,150,91,0.15209749107189288
421,5,10,150,91,0.08151710573508678
422,5,10,150,91,0.0
423,5,10,150,91,0.13523051443907988
424,5,10,150,91,0.1545659390636425
425,5,10,150,91,0.2840898071472465
426,5,10,150,91,0.13571943816109763
427,5,10,150,91,0.12615224917140136
428,5,10,150,91,0.03967704129387874
429,5,10,150,91,0.15128446329209622
430,5,10,150,91,0.1261446714466394
431,5,10,150,91,0.0
432,5,10,150,91,0.049369952841505485
433,5,10,150,91,0.0
434,5,10,150,91,0.3903800499921017
435,5,10,150,91,0.11347000084585261
436,5,10,150,91,0.12973311796205417
437,5,10,150,91,0.22972973128433707
438,5,10,150,91,0.0
439,5,10,150,91,0.0
440,5,10,150,91,0.06175696970122604
441,5,10,150,91,0.0
442,5,10,150,91,0.022667220314663273
443,5,10,150,91,0.0
445,5,10,150,91,0.0
446,5,10,150,91,0.0
447,5,10,150,91,0.2726897692124621
448,5,10,150,91,0.0
449,5,10,150,91,0.07784399437297408
450,5,10,150,91,0.22640083277136241
451,5,10,150,91,0.0
452,5,10,150,91,0.1353061563511876
453,5,10,150,91,0.029956785715628154
454,5,10,150,91,0.09790961955129684
455,5,10,150,91,0.10936717758288772
456,5,10,150,91,0.07758828619721583
457,5,10,150,91,0.29418445531213994
458,5,10,150,91,0.04507276838148142
459,5,10,150,91,0.0
460,5,10,150,91,0.0
461,5,10,150,91,0.0
462,5,10,150,91,0.0
463,5,10,150,91,0.026903388345470878
464,5,10,150,91,0.043001045588690626
465,5,10,150,91,0.035016337639871845
466,5,10,150,91,0.03947525607388688
467,5,10,150,91,0.1436337620239326
468,5,10,150,91,0.27023868832296544
469,5,10,150,91,0.057417722536754784
470,5,10,150,91,0.0
471,5,10,150,91,0.0
472,5,10,150,91,0.14903271548086697
473,5,10,150,91,0.08754031530847717
474,5,10,150,91,0.34897204770080337
475,5,10,150,91,0.06516188295518531
476,5,10,150,91,0.0
477,5,10,150,91,0.055100238151135045
478,5,10,150,91,0.23782833255689273
479,5,10,150,91,0.07834096783470737
480,5,10,150,91,0.21398626473452756
481,5,10,150,91,0.13863671367752411
482,5,10,150,91,0.0
483,5,10,150,91,0.06912040963822193
484,5,10,150,91,0.09353062527112192
485,5,10,150,91,0.0
486,5,10,150,91,0.10311241692162332
487,5,10,150,91,0.2215000938796789
488,5,10,150,91,0.0
489,5,10,150,91,0.05289466762742346
490,5,10,150,91,0.0
491,5,10,150,91,0.19092086617893467
492,5,10,150,91,0.12471554514794539
493,5,10,150,91,0.06270991162683781
494,5,10,150,91,0.1096312620712655
495,5,10,150,91,0.15115187072926595
496,5,10,150,91,0.05459112561892713
497,5,10,150,91,0.0686971344996096
498,5,10,150,91,0.03855307727568851
499,5,10,150,91,0.1912282106369008
500,5,10,150,91,0.05011951520627559
501,5,10,150,91,0.0
502,5,10,150,91,0.06364028872631156
503,5,10,150,91,0.27534073433896133
504,5,10,150,91,0.0
505,5,10,150,91,0.0
506,5,10,150,91,0.13939295695713902
507,5,10,150,91,0.03371865946438579
508,5,10,150,91,0.0
509,5,10,150,91,0.06474271459046577
510,5,10,150,91,0.0
511,5,10,150,91,0.0
512,5,10,150,91,0.18316925091363362
513,5,10,150,91,0.0461651444771445
514,5,10,150,91,0.10595566933616397
515,5,10,150,91,0.0
516,5,10,150,91,0.13768197790533618
517,5,10,150,91,0.042259191411409554
518,5,10,150,91,0.0
519,5,10,150,91,0.10980194963145926
520,5,10,150,91,0.0
521,5,10,150,91,0.017322902464627605
522,5,10,150,91,0.0
523,5,10,150,91,0.10176933833403237
524,5,10,150,91,0.10258209047527363
525,5,10,150,91,0.0
526,5,10,150,91,0.17292389918997986
527,5,10,150,91,0.14943863047793596
528,5,10,150,91,0.14110144150616766
529,5,10,150,91,0.10471139591065548
530,5,10,150,91,0.0
531,5,10,150,91,0.0
532,5,10,150,91,0.061814902734110014
533,5,10,150,91,0.140097006072795
534,5,10,150,91,0.07450923581469894
535,5,10,150,91,0.2871959083713276
536,5,10,150,91,0.27314750625223144
537,5,10,150,91,0.4250031708823278
538,5,10,150,91,0.0
539,5,10,150,91,0.1560067947598593
540,5,10,150,91,0.027519708785797934
541,5,10,150,91,0.1630698087619573
542,5,10,150,91,0.2058326075109125
543,5,10,150,91,0.10214293143598126
544,5,10,150,91,0.07631352592005593
545,5,10,150,91,0.052962244777770985
546,5,10,150,91,0.15314106296495628
547,5,10,150,91,0.0
548,5,10,150,91,0.06942726819239371
549,5,10,150,91,0.0
550,5,10,150,91,0.13436217909546777
551,5,10,150,91,0.33883202286184855
552,5,10,150,91,0.0
553,5,10,150,91,0.2558682193404399
554,5,10,150,91,0.16600564593053876
555,5,10,150,91,0.0
556,5,10,150,91,0.15950832945941923
557,5,10,150,91,0.053894577262255466
558,5,10,150,91,0.05718685316335169
559,5,10,150,91,0.0734773909038217
560,5,10,150,91,0.2611842705687123
561,5,10,150,91,0.10592276296337293
562,5,10,150,91,0.06240346968106183
563,5,10,150,91,0.0
564,5,10,150,91,0.0
565,5,10,150,91,0.18568675205192314
566,5,10,150,91,0.13665387068436016
567,5,10,150,91,0.17044472484770287
568,5,10,150,91,0.057107346298225524
569,5,10,150,91,0.0336639187988199
570,5,10,150,91,0.0
571,5,10,150,91,0.0
572,5,10,150,91,0.058995070558427745
573,5,10,150,91,0.035908240113829995
574,5,10,150,91,0.07616204594440379
575,5,10,150,91,0.056316753775798256
576,5,10,150,91,0.17342765698823945
577,5,10,150,91,0.22186862389759224
578,5,10,150,91,0.09818998961169394
579,5,10,150,91,0.0
580,5,10,150,91,0.21661076434387644
581,5,10,150,91,0.0
582,5,10,150,91,0.028361369701356044
583,5,10,150,91,0.08811076314737627
584,5,10,150,91,0.0
585,5,10,150,91,0.06320275563713697
586,5,10,150,91,0.09195192495929504
587,5,10,150,91,0.0
588,5,10,150,91,0.2234644529330562
589,5,10,150,91,0.09751522916349128
590,5,10,150,91,0.18511573258657482
591,5,10,150,91,0.15758427078022966
592,5,10,150,91,0.24539657481359
593,5,10,150,91,0.1847125373189141
594,5,10,150,91,0.0843142342558857
595,5,10,150,91,0.0
596,5,10,150,91,0.0
597,5,10,150,91,0.0
598,5,10,150,91,0.11752277470724268
599,5,10,150,91,0.16402353420682853
600,5,10,150,91,0.0
601,5,10,150,91,0.026557570376145638
602,5,10,150,91,0.0
603,5,10,150,91,0.06194403202282284
604,5,10,150,91,0.0
605,5,10,150,91,0.10589838376326657
606,5,10,150,91,0.2138150508755678
607,5,10,150,91,0.0
608,5,10,150,91,0.14688428242884272
609,5,10,150,91,0.11838279295536291
610,5,10,150,91,0.05781186855394371
611,5,10,150,91,0.06967022707002284
612,5,10,150,91,0.0
613,5,10,150,91,0.2513035301880791
614,5,10,150,91,0.13886244387355454
615,5,10,150,91,0.10251900332140326
616,5,10,150,91,0.09781579202094404
617,5,10,150,91,0.07286192498233149
618,5,10,150,91,0.149831744199011
619,5,10,150,91,0.17622915213253285
620,5,10,150,91,0.1451323880538222
621,5,10,150,91,0.13589759152345549
622,5,10,150,91,0.10022910267662996
623,5,10,150,91,0.13369528351530374
624,5,10,150,91,0.019160322430058573
625,5,10,150,91,0.0
626,5,10,150,91,0.04690797720830594
627,5,10,150,91,0.04289205981312439
628,5,10,150,91,0.0
629,5,10,150,91,0.21973291420810612
630,5,10,150,91,0.12522204146604196
631,5,10,150,91,0.09240791929215005
632,5,10,150,91,0.3331495701314084
633,5,10,150,91,0.0455520698635181
634,5,10,150,91,0.023756977677906275
635,5,10,150,91,0.07393190703916604
636,5,10,150,91,0.0
637,5,10,150,91,0.0
638,5,10,150,91,0.15473934503245962
639,5,10,150,91,0.0
640,5,10,150,91,0.08757749316783438
641,5,10,150,91,0.03570665676503816
642,5,10,150,91,0.13207172242143603
643,5,10,150,91,0.15031592367651372
644,5,10,150,91,0.0
645,5,10,150,91,0.1856947245529553
646,5,10,150,91,0.0
647,5,10,150,91,0.03673869545191085
648,5,10,150,91,0.1510121408821335
649,5,10,150,91,0.0
650,5,10,150,91,0.15132565596359518
651,5,10,150,91,0.03443184397772452
652,5,10,150,91,0.0
653,5,10,150,91,0.042464725972586034
654,5,10,150,91,0.17020900230175445
655,5,10,150,91,0.24505229473438
656,5,10,150,91,0.0
657,5,10,150,91,0.053845569940583225
658,5,10,150,91,0.0
659,5,10,150,91,0.07075240780563574
660,5,10,150,91,0.033833577668373825
661,5,10,150,91,0.12705991527984942
662,5,10,150,91,0.0
663,5,10,150,91,0.09211594531187607
664,5,10,150,91,0.05391021349625259
665,5,10,150,91,0.0
666,5,10,150,91,0.07860744541237058
667,5,10,150,91,0.2676806947950803
668,5,10,150,91,0.0
669,5,10,150,91,0.2672968266839232
670,5,10,150,91,0.18230594268689504
671,5,10,150,91,0.17434206503696043
672,5,10,150,91,0.0
673,5,10,150,91,0.0
674,5,10,150,91,0.0
675,5,10,150,91,0.05010834716923557
676,5,10,150,91,0.08008509239634608
677,5,10,150,91,0.03927489746221688
678,5,10,150,91,0.0
679,5,10,150,91,0.26970586372388394
680,5,10,150,91,0.2073612289146658
681,5,10,150,91,0.0
682,5,10,150,91,0.13044212491395427
683,5,10,150,91,0.06289349548893712
684,5,10,150,91,0.0
685,5,10,150,91,0.0
686,5,10,150,91,0.11524934452025383
687,5,10,150,91,0.0
688,5,10,150,91,0.0
689,5,10,150,91,0.32436268379537736
690,5,10,150,91,0.0
691,5,10,150,91,0.0
692,5,10,150,91,0.0
693,5,10,150,91,0.03042314513165654
694,5,10,150,91,0.20269611984358588
695,5,10,150,91,0.0607039656753694
696,5,10,150,91,0.12935879342602336
697,5,10,150,91,0.06378035696304758
698,5,10,150,91,0.09499131598480672
699,5,10,150,91,0.03139866635141006
700,5,10,150,91,0.16958010263680806
701,5,10,150,91,0.04129602134854855
702,5,10,150,91,0.0
703,5,10,150,91,0.03870447337439288
704,5,10,150,91,0.09986079379105446
705,5,10,150,91,0.20609334068785645
706,5,10,150,91,0.0
707,5,10,150,91,0.11204043240783193
708,5,10,150,91,0.0943325796571581
709,5,10,150,91,0.11778692963665513
710,5,10,150,91,0.05710411178654767
711,5,10,150,91,0.15552566999725762
712,5,10,150,91,0.12435918123916344
713,5,10,150,91,0.0
714,5,10,150,91,0.04195229264874745
715,5,10,150,91,0.07261309108674657
716,5,10,150,91,0.168520177802778
717,5,10,150,91,0.18940567332300148
718,5,10,150,91,0.14061157344379913
719,5,10,150,91,0.1811528335938261
720,5,10,150,91,0.05261577455142312
721,5,10,150,91,0.185399636990879
722,5,10,150,91,0.0
723,5,10,150,91,0.0
724,5,10,150,91,0.0
725,5,10,150,91,0.05750402108673013
726,5,10,150,91,0.2529427027676571
727,5,10,150,91,0.07744455145333913
728,5,10,150,91,0.0
729,5,10,150,91,0.0
730,5,10,150,91,0.0
731,5,10,150,91,0.10343510349900437
732,5,10,150,91,0.0
733,5,10,150,91,0.0
734,5,10,150,91,0.0655813061736612
735,5,10,150,91,0.0
736,5,10,150,91,0.0
737,5,10,150,91,0.16282663249631943
738,5,10,150,91,0.2632431729022225
739,5,10,150,91,0.0
740,5,10,150,91,0.0
741,5,10,150,91,0.10965210684801945
742,5,10,150,91,0.04553761034739079
743,5,10,150,91,0.0814476682319001
744,5,10,150,91,0.08878770367712427
745,5,10,150,91,0.3682049230943936
746,5,10,150,91,0.11450296808588954
747,5,10,150,91,0.32330014477534436
748,5,10,150,91,0.22468225866052274
749,5,10,150,91,0.12589953951702043
750,5,10,150,91,0.07219614103266732
751,5,10,150,91,0.10926529688037187
752,5,10,150,91,0.020210299806331135
753,5,10,150,91,0.15406810205846871
754,5,10,150,91,0.0
755,5,10,150,91,0.067228724047084
756,5,10,150,91,0.12944030246708935
757,5,10,150,91,0.0915370411750422
758,5,10,150,91,0.22716604454891548
759,5,10,150,91,0.038281751104512325
760,5,10,150,91,0.11447590313611888
761,5,10,150,91,0.03339755935325358
762,5,10,150,91,0.11568388634051256
763,5,10,150,91,0.20859185628046678
764,5,10,150,91,0.08207588022692468
765,5,10,150,91,0.0
766,5,10,150,91,0.050541549839211865
767,5,10,150,91,0.2073612289146658
768,5,10,150,91,0.09605101354696702
769,5,10,150,91,0.0
770,5,10,150,91,0.04692206785373726
771,5,10,150,91,0.2149590517835668
772,5,10,150,91,0.03353522641880846
773,5,10,150,91,0.08236155615232364
774,5,10,150,91,0.03551622697259125
775,5,10,150,91,0.0437324968781469
776,5,10,150,91,0.12155614423940549
777,5,10,150,91,0.14445412169961394
778,5,10,150,91,0.024850109207689472
779,5,10,150,91,0.05878132199396477
780,5,10,150,91,0.15888674244174908
781,5,10,150,91,0.24553555323333592
782,5,10,150,91,0.018541156496962186
783,5,10,150,91,0.042447135269629226
784,5,10,150,91,0.0
785,5,10,150,91,0.07685905888147043
786,5,10,150,91,0.13370327844286975
787,5,10,150,91,0.0683037314796457
788,5,10,150,91,0.1449722369553994
789,5,10,150,91,0.059109628562248356
790,5,10,150,91,0.05575678571159265
791,5,10,150,91,0.0
792,5,10,150,91,0.0
793,5,10,150,91,0.037980879109777994
794,5,10,150,91,0.24530465636459906
795,5,10,150,91,0.09354596657002175
796,5,10,150,91,0.3027296331146068
797,5,10,150,91,0.09030583455080088
798,5,10,150,91,0.10020458522145466
799,5,10,150,91,0.0
800,5,10,150,91,0.0
801,5,10,150,91,0.03096677356901516
802,5,10,150,91,0.030863419558816
803,5,10,150,91,0.0
804,5,10,150,91,0.13357589398763903
805,5,10,150,91,0.09346747408180044
806,5,10,150,91,0.13891238635540284
807,5,10,150,91,0.19510906471881448
808,5,10,150,91,0.040655755922716606
809,5,10,150,91,0.07484323939884738
810,5,10,150,91,0.0
811,5,10,150,91,0.05062543788674174
812,5,10,150,91,0.0
813,5,10,150,91,0.17367331957930765
814,5,10,150,91,0.16688225797344017
815,5,10,150,91,0.24565985886458913
816,5,10,150,91,0.08005612702969578
817,5,10,150,91,0.0
818,5,10,150,91,0.0
819,5,10,150,91,0.15575997463127336
820,5,10,150,91,0.041641441310299704
821,5,10,150,91,0.19220292042320755
822,5,10,150,91,0.03902876023380719
823,5,10,150,91,0.2982209602555571
824,5,10,150,91,0.0
825,5,10,150,91,0.14081379332999963
826,5,10,150,91,0.12127728358945425
827,5,10,150,91,0.0
828,5,10,150,91,0.08582269009392761
829,5,10,150,91,0.1633399391391799
830,5,10,150,91,0.11558676478688033
831,5,10,150,91,0.2429972418166229
832,5,10,150,91,0.041355644490859725
833,5,10,150,91,0.1291168150793663
834,5,10,150,91,0.09452471710599904
835,5,10,150,91,0.16131021212220273
836,5,10,150,91,0.10882945376944808
837,5,10,150,91,0.022383927187041207
838,5,10,150,91,0.14570435926304814
839,5,10,150,91,0.05646784228340616
840,5,10,150,91,0.2763899785896237
841,5,10,150,91,0.0
842,5,10,150,91,0.03314153504336938
843,5,10,150,91,0.08071252763800758
844,5,10,150,91,0.14767302746812566
845,5,10,150,91,0.0
846,5,10,150,91,0.29672350619238747
847,5,10,150,91,0.019732492740263768
848,5,10,150,91,0.1516460124686172
849,5,10,150,91,0.1917146328376363
850,5,10,150,91,0.24846647105083042
851,5,10,150,91,0.23108621902028467
852,5,10,150,91,0.0
853,5,10,150,91,0.0
854,5,10,150,91,0.16840870457565843
855,5,10,150,91,0.0
856,5,10,150,91,0.0628634487195275
857,5,10,150,91,0.0
858,5,10,150,91,0.0
859,5,10,150,91,0.0
860,5,10,150,91,0.10936418200598706
861,5,10,150,91,0.12001290632387755
862,5,10,150,91,0.2995327133466045
863,5,10,150,91,0.15593890780463993
864,5,10,150,91,0.2371181844885011
865,5,10,150,91,0.030825292165839853
866,5,10,150,91,0.2482726129454347
867,5,10,150,91,0.3819612539218161
868,5,10,150,91,0.1375658293559457
869,5,10,150,91,0.1488917402119443
870,5,10,150,91,0.0872761937546707
871,5,10,150,91,0.23335170418377482
872,5,10,150,91,0.03050926163237471
873,5,10,150,91,0.0
874,5,10,150,91,0.06575393297476358
875,5,10,150,91,0.2615477918023582
876,5,10,150,91,0.0
877,5,10,150,91,0.03487978243545732
878,5,10,150,91,0.048005054499156014
879,5,10,150,91,0.07180913162424091
880,5,10,150,91,0.2819236207750445
881,5,10,150,91,0.24799911338256816
882,5,10,150,91,0.3561038745228381
883,5,10,150,91,0.3165471274484994
884,5,10,150,91,0.028767091820622218
885,5,10,150,91,0.10709607345972089
886,5,10,150,91,0.15714595261016218
887,5,10,150,91,0.18633861852093317
888,5,10,150,91,0.0
889,5,10,150,91,0.1945927118715876
890,5,10,150,91,0.3597186307234815
891,5,10,150,91,0.09013275514532934
892,5,10,150,91,0.40531339432021296
893,5,10,150,91,0.06655191453229989
894,5,10,150,91,0.16993755850552647
895,5,10,150,91,0.0
896,5,10,150,91,0.29795669672034175
897,5,10,150,91,0.2273072778496182
898,5,10,150,91,0.02204583040735582
899,5,10,150,91,0.1528183102111697
900,5,10,150,91,0.11423413779055742
901,5,10,150,91,0.25317004059729414
902,5,10,150,91,0.025255271126572616
903,5,10,150,91,0.29715461556721673
904,5,10,150,91,0.016034870336568776
905,5,10,150,91,0.1278334413794636
906,5,10,150,91,0.06212701143918119
907,5,10,150,91,0.19933922568538154
908,5,10,150,91,0.20640898076180436
909,5,10,150,91,0.0
910,5,10,150,91,0.14111581018360284
911,5,10,150,91,0.08317288751647071
912,5,10,150,91,0.19029170705040452
913,5,10,150,91,0.19374110767191058
914,5,10,150,91,0.0
915,5,10,150,91,0.16744730537056995
916,5,10,150,91,0.1662922454481511
917,5,10,150,91,0.019845431127916993
918,5,10,150,91,0.0253533085437572
919,5,10,150,91,0.11722210435714613
920,5,10,150,91,0.26814570941777965
921,5,10,150,91,0.02477447378142753
922,5,10,150,91,0.1169032834855481
923,5,10,150,91,0.07926802913594262
924,5,10,150,91,0.1306223466470971
925,5,10,150,91,0.08576373115156254
926,5,10,150,91,0.18690891198435525
927,5,10,150,91,0.1445313744314927
928,5,10,150,91,0.225412941472223
929,5,10,150,91,0.11107244313646446
930,5,10,150,91,0.13909680376172495
931,5,10,150,91,0.07406012380799347
932,5,10,150,91,0.3035885538348203
933,5,10,150,91,0.05022817807884764
934,5,10,150,91,0.23506390577751698
935,5,10,150,91,0.043888403129016776
936,5,10,150,91,0.09194324451476958
937,5,10,150,91,0.09560624946230661
938,5,10,150,91,0.08978812887364458
939,5,10,150,91,0.05231692143384187
940,5,10,150,91,0.09469359068019315
941,5,10,150,91,0.2546814962889047
942,5,10,150,91,0.20361930362472372
943,5,10,150,91,0.13965287489022854
1,5,10,150,92,0.4058715898896693
2,5,10,150,92,0.14433828292945616
3,5,10,150,92,0.08759200575528697
4,5,10,150,92,0.0
5,5,10,150,92,0.04470486007704452
6,5,10,150,92,0.04187254809446048
7,5,10,150,92,0.22836484467160698
8,5,10,150,92,0.0
9,5,10,150,92,0.0
10,5,10,150,92,0.3005733545514552
11,5,10,150,92,0.03947525607388688
12,5,10,150,92,0.14632177291384774
13,5,10,150,92,0.24256092752724764
14,5,10,150,92,0.18795160328752808
15,5,10,150,92,0.0
16,5,10,150,92,0.19107502160562695
17,5,10,150,92,0.0
18,5,10,150,92,0.17872418048185143
19,5,10,150,92,0.15602106502222501
20,5,10,150,92,0.13743816645714543
21,5,10,150,92,0.17643857112498312
22,5,10,150,92,0.040815803121742565
23,5,10,150,92,0.10387012192613786
24,5,10,150,92,0.08835266840320231
25,5,10,150,92,0.23940867474021393
26,5,10,150,92,0.027519708785797934
27,5,10,150,92,0.0
28,5,10,150,92,0.10131242160793445
30,5,10,150,92,0.08133484538841967
31,5,10,150,92,0.11164668500969883
32,5,10,150,92,0.19519002499605084
33,5,10,150,92,0.0
34,5,10,150,92,0.0
35,5,10,150,92,0.0
37,5,10,150,92,0.08177471774917201
38,5,10,150,92,0.0
39,5,10,150,92,0.0
40,5,10,150,92,0.0
41,5,10,150,92,0.06835476917178976
42,5,10,150,92,0.08850778826764391
43,5,10,150,92,0.0
44,5,10,150,92,0.29540493557662006
45,5,10,150,92,0.0
46,5,10,150,92,0.0
47,5,10,150,92,0.0
48,5,10,150,92,0.13203079491918646
49,5,10,150,92,0.05432573058142762
52,5,10,150,92,0.06369098129632131
53,5,10,150,92,0.0
54,5,10,150,92,0.0
55,5,10,150,92,0.0
56,5,10,150,92,0.11781210270929884
57,5,10,150,92,0.1318392860374695
58,5,10,150,92,0.43418941507676856
59,5,10,150,92,0.2097967636095035
60,5,10,150,92,0.1076743759411119
61,5,10,150,92,0.0
62,5,10,150,92,0.09586820699422145
63,5,10,150,92,0.0
64,5,10,150,92,0.07635718686081962
65,5,10,150,92,0.2342550150352983
66,5,10,150,92,0.06636133566432367
67,5,10,150,92,0.0
68,5,10,150,92,0.0
69,5,10,150,92,0.0
70,5,10,150,92,0.03243913203930433
71,5,10,150,92,0.20758456043036028
72,5,10,150,92,0.10990826949013655
73,5,10,150,92,0.14308314931855187
74,5,10,150,92,0.0
75,5,10,150,92,0.05515026856924372
76,5,10,150,92,0.10633668103022985
77,5,10,150,92,0.14247142730086715
78,5,10,150,92,0.0
79,5,10,150,92,0.07821312100379274
80,5,10,150,92,0.0
81,5,10,150,92,0.08878770367712427
82,5,10,150,92,0.03187578878809277
83,5,10,150,92,0.07414861528507455
84,5,10,150,92,0.07550980911390262
85,5,10,150,92,0.04734112273659951
86,5,10,150,92,0.0
87,5,10,150,92,0.16641625059082407
88,5,10,150,92,0.18920035951687003
89,5,10,150,92,0.046966485689931024
90,5,10,150,92,0.19659652872125194
91,5,10,150,92,0.0
92,5,10,150,92,0.067443405477823
93,5,10,150,92,0.0
94,5,10,150,92,0.12253429761719764
95,5,10,150,92,0.07849567312219397
96,5,10,150,92,0.12622583419458475
97,5,10,150,92,0.09376545370390896
98,5,10,150,92,0.0
99,5,10,150,92,0.13337585439143895
100,5,10,150,92,0.0
101,5,10,150,92,0.0
102,5,10,150,92,0.0
103,5,10,150,92,0.0
104,5,10,150,92,0.33958467175585033
105,5,10,150,92,0.0
106,5,10,150,92,0.06516188295518531
107,5,10,150,92,0.0
109,5,10,150,92,0.16563719724029594
110,5,10,150,92,0.03203603672019056
111,5,10,150,92,0.0
112,5,10,150,92,0.14155505107215216
113,5,10,150,92,0.0
114,5,10,150,92,0.08274602130532002
115,5,10,150,92,0.0718417865441674
116,5,10,150,92,0.0
117,5,10,150,92,0.08490981601989582
118,5,10,150,92,0.2265416449833316
119,5,10,150,92,0.11016901394047311
120,5,10,150,92,0.0
121,5,10,150,92,0.13032376591037062
122,5,10,150,92,0.0
123,5,10,150,92,0.13720340769293682
124,5,10,150,92,0.0
125,5,10,150,92,0.05446333035917803
126,5,10,150,92,0.0
128,5,10,150,92,0.0
129,5,10,150,92,0.0
130,5,10,150,92,0.21080192078431575
131,5,10,150,92,0.0
132,5,10,150,92,0.0
133,5,10,150,92,0.0
134,5,10,150,92,0.0
135,5,10,150,92,0.0
136,5,10,150,92,0.0
137,5,10,150,92,0.1137075481082292
138,5,10,150,92,0.0976168253917686
139,5,10,150,92,0.10466868931043802
140,5,10,150,92,0.0
141,5,10,150,92,0.04733244938590725
142,5,10,150,92,0.0
143,5,10,150,92,0.0
144,5,10,150,92,0.0
145,5,10,150,92,0.22835480069221242
146,5,10,150,92,0.0
147,5,10,150,92,0.1033846481249528
148,5,10,150,92,0.26071721237610296
149,5,10,150,92,0.0
150,5,10,150,92,0.2640681225725909
151,5,10,150,92,0.1026571794225922
152,5,10,150,92,0.0
153,5,10,150,92,0.0
154,5,10,150,92,0.06416923277158361
155,5,10,150,92,0.0
156,5,10,150,92,0.0
157,5,10,150,92,0.05199003359793522
158,5,10,150,92,0.13830208502611357
159,5,10,150,92,0.23138144801632507
160,5,10,150,92,0.23538511388047798
161,5,10,150,92,0.0
162,5,10,150,92,0.09784076556363268
163,5,10,150,92,0.0
164,5,10,150,92,0.0
165,5,10,150,92,0.0
167,5,10,150,92,0.05319635904163211
168,5,10,150,92,0.05461997784715835
169,5,10,150,92,0.0
170,5,10,150,92,0.0
171,5,10,150,92,0.0
173,5,10,150,92,0.07444401142258321
174,5,10,150,92,0.12795077757424125
175,5,10,150,92,0.21517910082405575
176,5,10,150,92,0.06289692884934815
177,5,10,150,92,0.38113435412202
178,5,10,150,92,0.12597398707460816
179,5,10,150,92,0.09149012142095872
180,5,10,150,92,0.06228974831361337
181,5,10,150,92,0.11680461119565375
182,5,10,150,92,0.0
183,5,10,150,92,0.15101961822780524
184,5,10,150,92,0.0
185,5,10,150,92,0.0
186,5,10,150,92,0.04633132539002164
187,5,10,150,92,0.0
188,5,10,150,92,0.12925733948536566
189,5,10,150,92,0.18890011590178235
190,5,10,150,92,0.0
192,5,10,150,92,0.123151194370365
193,5,10,150,92,0.0
194,5,10,150,92,0.14012129095911344
195,5,10,150,92,0.11787667935667444
196,5,10,150,92,0.0
197,5,10,150,92,0.09546043308946733
198,5,10,150,92,0.0
199,5,10,150,92,0.0
200,5,10,150,92,0.09785159463516042
201,5,10,150,92,0.018702907379956335
202,5,10,150,92,0.10466868931043802
203,5,10,150,92,0.0
204,5,10,150,92,0.19519002499605084
205,5,10,150,92,0.0
206,5,10,150,92,0.0
207,5,10,150,92,0.11073658758229504
208,5,10,150,92,0.0
209,5,10,150,92,0.0
210,5,10,150,92,0.2167516193508568
211,5,10,150,92,0.0
213,5,10,150,92,0.15669163589836543
214,5,10,150,92,0.0
216,5,10,150,92,0.23813231172447274
217,5,10,150,92,0.0
218,5,10,150,92,0.0
219,5,10,150,92,0.0
221,5,10,150,92,0.0
222,5,10,150,92,0.1050995674008573
223,5,10,150,92,0.0
224,5,10,150,92,0.0
225,5,10,150,92,0.09077089626867633
226,5,10,150,92,0.19092086617893467
227,5,10,150,92,0.0
228,5,10,150,92,0.0
229,5,10,150,92,0.0
230,5,10,150,92,0.12683081539850163
231,5,10,150,92,0.0
232,5,10,150,92,0.03962341267285813
233,5,10,150,92,0.3062523178880809
234,5,10,150,92,0.18399316939086993
235,5,10,150,92,0.06692738060277027
236,5,10,150,92,0.0
237,5,10,150,92,0.19342640361727081
238,5,10,150,92,0.0
239,5,10,150,92,0.06912040963822193
240,5,10,150,92,0.12495636102304827
241,5,10,150,92,0.0
242,5,10,150,92,0.0
243,5,10,150,92,0.0
244,5,10,150,92,0.049712302565054066
245,5,10,150,92,0.0
246,5,10,150,92,0.0561326498270945
247,5,10,150,92,0.09472348220010487
248,5,10,150,92,0.09472348220010487
249,5,10,150,92,0.09798874944313594
250,5,10,150,92,0.0
251,5,10,150,92,0.13032376591037062
252,5,10,150,92,0.20184908658209985
253,5,10,150,92,0.1084812001944431
254,5,10,150,92,0.08514311764162098
255,5,10,150,92,0.0
256,5,10,150,92,0.1013176985622648
257,5,10,150,92,0.1339616094750857
258,5,10,150,92,0.10144063749941859
259,5,10,150,92,0.1239740444869306
260,5,10,150,92,0.0
261,5,10,150,92,0.0
262,5,10,150,92,0.03365750437567162
263,5,10,150,92,0.0956366800683804
264,5,10,150,92,0.14464369219501386
265,5,10,150,92,0.0
266,5,10,150,92,0.0
267,5,10,150,92,0.17168372277322866
268,5,10,150,92,0.09950548580207201
269,5,10,150,92,0.07200022387224603
270,5,10,150,92,0.07655568961465661
271,5,10,150,92,0.13010624216828925
272,5,10,150,92,0.1702293778633033
273,5,10,150,92,0.0
274,5,10,150,92,0.0
275,5,10,150,92,0.0
276,5,10,150,92,0.15875999922826586
277,5,10,150,92,0.0
278,5,10,150,92,0.1631512196835108
279,5,10,150,92,0.18625181821647357
280,5,10,150,92,0.20222165535157688
281,5,10,150,92,0.0
282,5,10,150,92,0.0
283,5,10,150,92,0.07028063830038406
284,5,10,150,92,0.0
285,5,10,150,92,0.0
286,5,10,150,92,0.09991246976864687
287,5,10,150,92,0.0
288,5,10,150,92,0.0859574327152926
289,5,10,150,92,0.16903020543979225
290,5,10,150,92,0.07834851647149511
291,5,10,150,92,0.07828167840727236
292,5,10,150,92,0.0761512981816583
293,5,10,150,92,0.18884218707725223
294,5,10,150,92,0.0239003177617487
295,5,10,150,92,0.2603201838311303
296,5,10,150,92,0.23769372116405846
297,5,10,150,92,0.0
298,5,10,150,92,0.16915623549474385
299,5,10,150,92,0.021101277594811292
300,5,10,150,92,0.0
301,5,10,150,92,0.06460801587741544
302,5,10,150,92,0.09224219235917257
303,5,10,150,92,0.08773996172943178
304,5,10,150,92,0.0
305,5,10,150,92,0.11349000778741654
306,5,10,150,92,0.0
307,5,10,150,92,0.10778915452451093
308,5,10,150,92,0.13490077762666258
310,5,10,150,92,0.0
311,5,10,150,92,0.13301422444853
312,5,10,150,92,0.1819616199123543
313,5,10,150,92,0.11270402374049442
314,5,10,150,92,0.16600564593053876
315,5,10,150,92,0.037110354711564805
316,5,10,150,92,0.0
317,5,10,150,92,0.0
318,5,10,150,92,0.1642688369468948
319,5,10,150,92,0.0
320,5,10,150,92,0.13927874459665815
321,5,10,150,92,0.0
322,5,10,150,92,0.0
323,5,10,150,92,0.1610425878239398
324,5,10,150,92,0.0
325,5,10,150,92,0.09092803061897883
326,5,10,150,92,0.027288805847552652
327,5,10,150,92,0.025410386140327024
328,5,10,150,92,0.09206364236149692
329,5,10,150,92,0.0
330,5,10,150,92,0.1575843023686395
331,5,10,150,92,0.0
332,5,10,150,92,0.09320485889859448
334,5,10,150,92,0.08141079143310553
335,5,10,150,92,0.16155546744299637
336,5,10,150,92,0.0780824078938463
337,5,10,150,92,0.0
338,5,10,150,92,0.18039889772993523
339,5,10,150,92,0.22956271420203478
340,5,10,150,92,0.12424880528285201
341,5,10,150,92,0.0
342,5,10,150,92,0.40253324907699445
343,5,10,150,92,0.11360727106764587
344,5,10,150,92,0.1202034973803211
345,5,10,150,92,0.18015355216717013
346,5,10,150,92,0.04366879852493834
347,5,10,150,92,0.24434072388563882
348,5,10,150,92,0.0
349,5,10,150,92,0.0
350,5,10,150,92,0.058087171966128066
351,5,10,150,92,0.07977344912567227
352,5,10,150,92,0.1903601622684853
353,5,10,150,92,0.14434031438272124
354,5,10,150,92,0.06335619058732639
355,5,10,150,92,0.0
356,5,10,150,92,0.0
357,5,10,150,92,0.0
358,5,10,150,92,0.06364028872631156
359,5,10,150,92,0.3010299956639812
360,5,10,150,92,0.12982031659526816
361,5,10,150,92,0.09478836436955078
362,5,10,150,92,0.054793185501041654
363,5,10,150,92,0.24101654828754165
364,5,10,150,92,0.0
365,5,10,150,92,0.0
366,5,10,150,92,0.0
367,5,10,150,92,0.06369098129632131
368,5,10,150,92,0.0
369,5,10,150,92,0.0
370,5,10,150,92,0.0
371,5,10,150,92,0.19950301641376814
372,5,10,150,92,0.15130120674940672
373,5,10,150,92,0.22842722979011518
374,5,10,150,92,0.09083869370810833
375,5,10,150,92,0.0
376,5,10,150,92,0.0
377,5,10,150,92,0.0
378,5,10,150,92,0.13635638482251203
379,5,10,150,92,0.08433239722469389
380,5,10,150,92,0.0
381,5,10,150,92,0.03243913203930433
382,5,10,150,92,0.1390935487579673
383,5,10,150,92,0.18543645219162883
384,5,10,150,92,0.0
385,5,10,150,92,0.0
386,5,10,150,92,0.0
387,5,10,150,92,0.08586571489348302
388,5,10,150,92,0.05789711601244791
389,5,10,150,92,0.09284203700798714
390,5,10,150,92,0.0
391,5,10,150,92,0.11245246430543061
392,5,10,150,92,0.1824574152470408
393,5,10,150,92,0.17201528718620057
394,5,10,150,92,0.18425976175120107
395,5,10,150,92,0.0
396,5,10,150,92,0.0
397,5,10,150,92,0.1437033875247117
398,5,10,150,92,0.28368572779044043
399,5,10,150,92,0.026175882249243814
400,5,10,150,92,0.0
401,5,10,150,92,0.02839245759615368
402,5,10,150,92,0.0
403,5,10,150,92,0.2529427027676571
404,5,10,150,92,0.0
405,5,10,150,92,0.05764032463883149
406,5,10,150,92,0.07610657727852362
407,5,10,150,92,0.12541209984981197
408,5,10,150,92,0.09983719697789138
409,5,10,150,92,0.05800611307095368
410,5,10,150,92,0.0
411,5,10,150,92,0.17342765698823945
412,5,10,150,92,0.0
413,5,10,150,92,0.0
414,5,10,150,92,0.21398626473452756
415,5,10,150,92,0.0
416,5,10,150,92,0.1691178381508892
417,5,10,150,92,0.11088189053445036
419,5,10,150,92,0.3536251441097701
420,5,10,150,92,0.15209749107189288
421,5,10,150,92,0.08151710573508678
422,5,10,150,92,0.0
423,5,10,150,92,0.13523051443907988
424,5,10,150,92,0.1545659390636425
425,5,10,150,92,0.2840898071472465
426,5,10,150,92,0.13571943816109763
427,5,10,150,92,0.12615224917140136
428,5,10,150,92,0.03967704129387874
429,5,10,150,92,0.15128446329209622
430,5,10,150,92,0.1261446714466394
431,5,10,150,92,0.0
432,5,10,150,92,0.049369952841505485
433,5,10,150,92,0.0
434,5,10,150,92,0.3903800499921017
435,5,10,150,92,0.11347000084585261
436,5,10,150,92,0.12973311796205417
437,5,10,150,92,0.22972973128433707
438,5,10,150,92,0.0
439,5,10,150,92,0.0
440,5,10,150,92,0.06175696970122604
441,5,10,150,92,0.0
442,5,10,150,92,0.022667220314663273
443,5,10,150,92,0.0
445,5,10,150,92,0.0
446,5,10,150,92,0.0
447,5,10,150,92,0.2726897692124621
448,5,10,150,92,0.0
449,5,10,150,92,0.07784399437297408
450,5,10,150,92,0.22640083277136241
451,5,10,150,92,0.0
452,5,10,150,92,0.1353061563511876
453,5,10,150,92,0.029956785715628154
454,5,10,150,92,0.09790961955129684
455,5,10,150,92,0.10936717758288772
456,5,10,150,92,0.07758828619721583
457,5,10,150,92,0.29418445531213994
458,5,10,150,92,0.04507276838148142
459,5,10,150,92,0.0
460,5,10,150,92,0.0
461,5,10,150,92,0.0
462,5,10,150,92,0.0
463,5,10,150,92,0.026903388345470878
464,5,10,150,92,0.043001045588690626
465,5,10,150,92,0.035016337639871845
466,5,10,150,92,0.03947525607388688
467,5,10,150,92,0.1436337620239326
468,5,10,150,92,0.27023868832296544
469,5,10,150,92,0.057417722536754784
470,5,10,150,92,0.0
471,5,10,150,92,0.0
472,5,10,150,92,0.14903271548086697
473,5,10,150,92,0.08754031530847717
474,5,10,150,92,0.34897204770080337
475,5,10,150,92,0.06516188295518531
476,5,10,150,92,0.0
477,5,10,150,92,0.055100238151135045
478,5,10,150,92,0.23782833255689273
479,5,10,150,92,0.07834096783470737
480,5,10,150,92,0.21398626473452756
481,5,10,150,92,0.13863671367752411
482,5,10,150,92,0.0
483,5,10,150,92,0.06912040963822193
484,5,10,150,92,0.09353062527112192
485,5,10,150,92,0.0
486,5,10,150,92,0.10311241692162332
487,5,10,150,92,0.2215000938796789
488,5,10,150,92,0.0
489,5,10,150,92,0.05289466762742346
490,5,10,150,92,0.0
491,5,10,150,92,0.19092086617893467
492,5,10,150,92,0.12471554514794539
493,5,10,150,92,0.06270991162683781
494,5,10,150,92,0.1096312620712655
495,5,10,150,92,0.15115187072926595
496,5,10,150,92,0.05459112561892713
497,5,10,150,92,0.08124522616615464
498,5,10,150,92,0.03855307727568851
499,5,10,150,92,0.1912282106369008
500,5,10,150,92,0.05011951520627559
501,5,10,150,92,0.0
502,5,10,150,92,0.06364028872631156
503,5,10,150,92,0.27534073433896133
504,5,10,150,92,0.0
505,5,10,150,92,0.0
506,5,10,150,92,0.13939295695713902
507,5,10,150,92,0.03371865946438579
508,5,10,150,92,0.0
509,5,10,150,92,0.06474271459046577
510,5,10,150,92,0.0
511,5,10,150,92,0.0
512,5,10,150,92,0.18316925091363362
513,5,10,150,92,0.0461651444771445
514,5,10,150,92,0.10595566933616397
515,5,10,150,92,0.0
516,5,10,150,92,0.13768197790533618
517,5,10,150,92,0.042259191411409554
518,5,10,150,92,0.0
519,5,10,150,92,0.10980194963145926
520,5,10,150,92,0.0
521,5,10,150,92,0.017322902464627605
522,5,10,150,92,0.0
523,5,10,150,92,0.10176933833403237
524,5,10,150,92,0.10258209047527363
525,5,10,150,92,0.0
526,5,10,150,92,0.17292389918997986
527,5,10,150,92,0.14943863047793596
528,5,10,150,92,0.14110144150616766
529,5,10,150,92,0.10471139591065548
530,5,10,150,92,0.0
531,5,10,150,92,0.0
532,5,10,150,92,0.061814902734110014
533,5,10,150,92,0.140097006072795
534,5,10,150,92,0.07450923581469894
535,5,10,150,92,0.2871959083713276
536,5,10,150,92,0.27314750625223144
537,5,10,150,92,0.4217086530615768
538,5,10,150,92,0.0
539,5,10,150,92,0.1560067947598593
540,5,10,150,92,0.027519708785797934
541,5,10,150,92,0.1630698087619573
542,5,10,150,92,0.2251436937097755
543,5,10,150,92,0.10214293143598126
544,5,10,150,92,0.07631352592005593
545,5,10,150,92,0.052962244777770985
546,5,10,150,92,0.15314106296495628
547,5,10,150,92,0.0
548,5,10,150,92,0.06942726819239371
549,5,10,150,92,0.0
550,5,10,150,92,0.13436217909546777
551,5,10,150,92,0.33883202286184855
552,5,10,150,92,0.0
553,5,10,150,92,0.2558682193404399
554,5,10,150,92,0.16600564593053876
555,5,10,150,92,0.0
556,5,10,150,92,0.15950832945941923
557,5,10,150,92,0.053894577262255466
558,5,10,150,92,0.05718685316335169
559,5,10,150,92,0.0734773909038217
560,5,10,150,92,0.2611842705687123
561,5,10,150,92,0.10592276296337293
562,5,10,150,92,0.06240346968106183
563,5,10,150,92,0.0
564,5,10,150,92,0.0
565,5,10,150,92,0.18568675205192314
566,5,10,150,92,0.13665387068436016
567,5,10,150,92,0.17044472484770287
568,5,10,150,92,0.057107346298225524
569,5,10,150,92,0.0336639187988199
570,5,10,150,92,0.0
571,5,10,150,92,0.0
572,5,10,150,92,0.058995070558427745
573,5,10,150,92,0.035908240113829995
574,5,10,150,92,0.07616204594440379
575,5,10,150,92,0.056316753775798256
576,5,10,150,92,0.17342765698823945
577,5,10,150,92,0.22186862389759224
578,5,10,150,92,0.09818998961169394
579,5,10,150,92,0.0
580,5,10,150,92,0.21661076434387644
581,5,10,150,92,0.0
582,5,10,150,92,0.028361369701356044
583,5,10,150,92,0.08811076314737627
584,5,10,150,92,0.0
585,5,10,150,92,0.06320275563713697
586,5,10,150,92,0.09195192495929504
587,5,10,150,92,0.0
588,5,10,150,92,0.2234644529330562
589,5,10,150,92,0.09751522916349128
590,5,10,150,92,0.18511573258657482
591,5,10,150,92,0.15758427078022966
592,5,10,150,92,0.24539657481359
593,5,10,150,92,0.1847125373189141
594,5,10,150,92,0.0843142342558857
595,5,10,150,92,0.0
596,5,10,150,92,0.0
597,5,10,150,92,0.0
598,5,10,150,92,0.11752277470724268
599,5,10,150,92,0.16402353420682853
600,5,10,150,92,0.0
601,5,10,150,92,0.026557570376145638
602,5,10,150,92,0.0
603,5,10,150,92,0.06194403202282284
604,5,10,150,92,0.0
605,5,10,150,92,0.10589838376326657
606,5,10,150,92,0.2261814559931926
607,5,10,150,92,0.0
608,5,10,150,92,0.14688428242884272
609,5,10,150,92,0.11838279295536291
610,5,10,150,92,0.05781186855394371
611,5,10,150,92,0.06967022707002284
612,5,10,150,92,0.0
613,5,10,150,92,0.2513035301880791
614,5,10,150,92,0.13886244387355454
615,5,10,150,92,0.10251900332140326
616,5,10,150,92,0.09781579202094404
617,5,10,150,92,0.07286192498233149
618,5,10,150,92,0.16256797914565382
619,5,10,150,92,0.17622915213253285
620,5,10,150,92,0.1451323880538222
621,5,10,150,92,0.13589759152345549
622,5,10,150,92,0.10022910267662996
623,5,10,150,92,0.13369528351530374
624,5,10,150,92,0.019160322430058573
625,5,10,150,92,0.0
626,5,10,150,92,0.04690797720830594
627,5,10,150,92,0.04289205981312439
628,5,10,150,92,0.0
629,5,10,150,92,0.21973291420810612
630,5,10,150,92,0.12522204146604196
631,5,10,150,92,0.09240791929215005
632,5,10,150,92,0.3331495701314084
633,5,10,150,92,0.06965062371918256
634,5,10,150,92,0.023756977677906275
635,5,10,150,92,0.07393190703916604
636,5,10,150,92,0.0
637,5,10,150,92,0.0
638,5,10,150,92,0.15473934503245962
639,5,10,150,92,0.0
640,5,10,150,92,0.08757749316783438
641,5,10,150,92,0.03570665676503816
642,5,10,150,92,0.13207172242143603
643,5,10,150,92,0.15031592367651372
644,5,10,150,92,0.0
645,5,10,150,92,0.1856947245529553
646,5,10,150,92,0.0
647,5,10,150,92,0.03673869545191085
648,5,10,150,92,0.1510121408821335
649,5,10,150,92,0.0
650,5,10,150,92,0.15132565596359518
651,5,10,150,92,0.03443184397772452
652,5,10,150,92,0.0
653,5,10,150,92,0.042464725972586034
654,5,10,150,92,0.17020900230175445
655,5,10,150,92,0.2509044597042769
656,5,10,150,92,0.0
657,5,10,150,92,0.053845569940583225
658,5,10,150,92,0.0
659,5,10,150,92,0.07075240780563574
660,5,10,150,92,0.033833577668373825
661,5,10,150,92,0.12705991527984942
662,5,10,150,92,0.0
663,5,10,150,92,0.09211594531187607
664,5,10,150,92,0.05391021349625259
665,5,10,150,92,0.0
666,5,10,150,92,0.07860744541237058
667,5,10,150,92,0.2676806947950803
668,5,10,150,92,0.0
669,5,10,150,92,0.2672968266839232
670,5,10,150,92,0.2083963349233998
671,5,10,150,92,0.17434206503696043
672,5,10,150,92,0.0
673,5,10,150,92,0.0
674,5,10,150,92,0.0
675,5,10,150,92,0.05010834716923557
676,5,10,150,92,0.08008509239634608
677,5,10,150,92,0.03927489746221688
678,5,10,150,92,0.0
679,5,10,150,92,0.26970586372388394
680,5,10,150,92,0.2073612289146658
681,5,10,150,92,0.0
682,5,10,150,92,0.12943097032841674
683,5,10,150,92,0.06289349548893712
684,5,10,150,92,0.0
685,5,10,150,92,0.0
686,5,10,150,92,0.11524934452025383
687,5,10,150,92,0.0
688,5,10,150,92,0.0
689,5,10,150,92,0.32436268379537736
690,5,10,150,92,0.0
691,5,10,150,92,0.0
692,5,10,150,92,0.0
693,5,10,150,92,0.03042314513165654
694,5,10,150,92,0.20269611984358588
695,5,10,150,92,0.0607039656753694
696,5,10,150,92,0.12935879342602336
697,5,10,150,92,0.06378035696304758
698,5,10,150,92,0.09499131598480672
699,5,10,150,92,0.03139866635141006
700,5,10,150,92,0.16958010263680806
701,5,10,150,92,0.04129602134854855
702,5,10,150,92,0.0
703,5,10,150,92,0.03870447337439288
704,5,10,150,92,0.09986079379105446
705,5,10,150,92,0.20609334068785645
706,5,10,150,92,0.0
707,5,10,150,92,0.11204043240783193
708,5,10,150,92,0.0943325796571581
709,5,10,150,92,0.11778692963665513
710,5,10,150,92,0.05710411178654767
711,5,10,150,92,0.15552566999725762
712,5,10,150,92,0.12435918123916344
713,5,10,150,92,0.0
714,5,10,150,92,0.04195229264874745
715,5,10,150,92,0.07261309108674657
716,5,10,150,92,0.17685950388962876
717,5,10,150,92,0.18940567332300148
718,5,10,150,92,0.14061157344379913
719,5,10,150,92,0.1811528335938261
720,5,10,150,92,0.05261577455142312
721,5,10,150,92,0.185399636990879
722,5,10,150,92,0.0
723,5,10,150,92,0.0
724,5,10,150,92,0.0
725,5,10,150,92,0.05750402108673013
726,5,10,150,92,0.2529427027676571
727,5,10,150,92,0.07744455145333913
728,5,10,150,92,0.0
729,5,10,150,92,0.0
730,5,10,150,92,0.0
731,5,10,150,92,0.10343510349900437
732,5,10,150,92,0.0
733,5,10,150,92,0.0
734,5,10,150,92,0.0655813061736612
735,5,10,150,92,0.0
736,5,10,150,92,0.0
737,5,10,150,92,0.16282663249631943
738,5,10,150,92,0.2632431729022225
739,5,10,150,92,0.0
740,5,10,150,92,0.0
741,5,10,150,92,0.10965210684801945
742,5,10,150,92,0.04553761034739079
743,5,10,150,92,0.0814476682319001
744,5,10,150,92,0.08878770367712427
745,5,10,150,92,0.3682049230943936
746,5,10,150,92,0.11450296808588954
747,5,10,150,92,0.32330014477534436
748,5,10,150,92,0.22468225866052274
749,5,10,150,92,0.12492359791239176
750,5,10,150,92,0.07219614103266732
751,5,10,150,92,0.10926529688037187
752,5,10,150,92,0.020210299806331135
753,5,10,150,92,0.15406810205846871
754,5,10,150,92,0.0
755,5,10,150,92,0.067228724047084
756,5,10,150,92,0.12944030246708935
757,5,10,150,92,0.0915370411750422
758,5,10,150,92,0.22540511043521888
759,5,10,150,92,0.038281751104512325
760,5,10,150,92,0.11447590313611888
761,5,10,150,92,0.03339755935325358
762,5,10,150,92,0.11568388634051256
763,5,10,150,92,0.20859185628046678
764,5,10,150,92,0.08207588022692468
765,5,10,150,92,0.0
766,5,10,150,92,0.050541549839211865
767,5,10,150,92,0.2073612289146658
768,5,10,150,92,0.09605101354696702
769,5,10,150,92,0.0
770,5,10,150,92,0.04692206785373726
771,5,10,150,92,0.2149590517835668
772,5,10,150,92,0.03353522641880846
773,5,10,150,92,0.08236155615232364
774,5,10,150,92,0.03551622697259125
775,5,10,150,92,0.0437324968781469
776,5,10,150,92,0.12155614423940549
777,5,10,150,92,0.14445412169961394
778,5,10,150,92,0.024850109207689472
779,5,10,150,92,0.05878132199396477
780,5,10,150,92,0.15888674244174908
781,5,10,150,92,0.24553555323333592
782,5,10,150,92,0.018541156496962186
783,5,10,150,92,0.042447135269629226
784,5,10,150,92,0.0
785,5,10,150,92,0.07685905888147043
786,5,10,150,92,0.13370327844286975
787,5,10,150,92,0.0683037314796457
788,5,10,150,92,0.1449722369553994
789,5,10,150,92,0.059109628562248356
790,5,10,150,92,0.05575678571159265
791,5,10,150,92,0.0
792,5,10,150,92,0.0
793,5,10,150,92,0.037980879109777994
794,5,10,150,92,0.24530465636459906
795,5,10,150,92,0.09354596657002175
796,5,10,150,92,0.3003829490437681
797,5,10,150,92,0.09030583455080088
798,5,10,150,92,0.09942782444800516
799,5,10,150,92,0.0
800,5,10,150,92,0.0
801,5,10,150,92,0.03096677356901516
802,5,10,150,92,0.030863419558816
803,5,10,150,92,0.0
804,5,10,150,92,0.1325404472114387
805,5,10,150,92,0.09274293770155698
806,5,10,150,92,0.13891238635540284
807,5,10,150,92,0.19510906471881448
808,5,10,150,92,0.040655755922716606
809,5,10,150,92,0.07484323939884738
810,5,10,150,92,0.0
811,5,10,150,92,0.05062543788674174
812,5,10,150,92,0.0
813,5,10,150,92,0.17367331957930765
814,5,10,150,92,0.16688225797344017
815,5,10,150,92,0.24565985886458913
816,5,10,150,92,0.08005612702969578
817,5,10,150,92,0.0
818,5,10,150,92,0.0
819,5,10,150,92,0.15575997463127336
820,5,10,150,92,0.041641441310299704
821,5,10,150,92,0.19220292042320755
822,5,10,150,92,0.03902876023380719
823,5,10,150,92,0.2982209602555571
824,5,10,150,92,0.0
825,5,10,150,92,0.15040579701752874
826,5,10,150,92,0.12127728358945425
827,5,10,150,92,0.0
828,5,10,150,92,0.08582269009392761
829,5,10,150,92,0.1633399391391799
830,5,10,150,92,0.11558676478688033
831,5,10,150,92,0.2429972418166229
832,5,10,150,92,0.041355644490859725
833,5,10,150,92,0.12811593396275137
834,5,10,150,92,0.09452471710599904
835,5,10,150,92,0.16131021212220273
836,5,10,150,92,0.10882945376944808
837,5,10,150,92,0.04343487513280368
838,5,10,150,92,0.14570435926304814
839,5,10,150,92,0.05646784228340616
840,5,10,150,92,0.27424747290419527
841,5,10,150,92,0.0
842,5,10,150,92,0.03314153504336938
843,5,10,150,92,0.08071252763800758
844,5,10,150,92,0.14767302746812566
845,5,10,150,92,0.0
846,5,10,150,92,0.30217512891076465
847,5,10,150,92,0.019732492740263768
848,5,10,150,92,0.1603590386964882
849,5,10,150,92,0.1917146328376363
850,5,10,150,92,0.24846647105083042
851,5,10,150,92,0.22929489669882583
852,5,10,150,92,0.0
853,5,10,150,92,0.0
854,5,10,150,92,0.16710324260171067
855,5,10,150,92,0.0
856,5,10,150,92,0.0628634487195275
857,5,10,150,92,0.0
858,5,10,150,92,0.0
859,5,10,150,92,0.0
860,5,10,150,92,0.10936418200598706
861,5,10,150,92,0.12001290632387755
862,5,10,150,92,0.2995327133466045
863,5,10,150,92,0.16848699947118498
864,5,10,150,92,0.23528010388595005
865,5,10,150,92,0.030825292165839853
866,5,10,150,92,0.2482726129454347
867,5,10,150,92,0.39469748886845896
868,5,10,150,92,0.13649945360303387
869,5,10,150,92,0.1488917402119443
870,5,10,150,92,0.08659965062428616
871,5,10,150,92,0.23335170418377482
872,5,10,150,92,0.03050926163237471
873,5,10,150,92,0.0
874,5,10,150,92,0.06575393297476358
875,5,10,150,92,0.2615477918023582
876,5,10,150,92,0.0
877,5,10,150,92,0.03487978243545732
878,5,10,150,92,0.048005054499156014
879,5,10,150,92,0.07180913162424091
880,5,10,150,92,0.2797382196854343
881,5,10,150,92,0.24607668655249743
882,5,10,150,92,0.3561038745228381
883,5,10,150,92,0.3140933336325107
884,5,10,150,92,0.028767091820622218
885,5,10,150,92,0.10709607345972089
886,5,10,150,92,0.15592779666027065
887,5,10,150,92,0.1848941683580394
888,5,10,150,92,0.0
889,5,10,150,92,0.193084278050451
890,5,10,150,92,0.3597186307234815
891,5,10,150,92,0.09013275514532934
892,5,10,150,92,0.4021715067013398
893,5,10,150,92,0.06655191453229989
894,5,10,150,92,0.16862024523995936
895,5,10,150,92,0.0
896,5,10,150,92,0.30339876005552124
897,5,10,150,92,0.22554524893085207
898,5,10,150,92,0.02204583040735582
899,5,10,150,92,0.1528183102111697
900,5,10,150,92,0.11423413779055742
901,5,10,150,92,0.25317004059729414
902,5,10,150,92,0.025255271126572616
903,5,10,150,92,0.29715461556721673
904,5,10,150,92,0.016034870336568776
905,5,10,150,92,0.1476843235467141
906,5,10,150,92,0.06212701143918119
907,5,10,150,92,0.19779399808147494
908,5,10,150,92,0.20640898076180436
909,5,10,150,92,0.0
910,5,10,150,92,0.14111581018360284
911,5,10,150,92,0.08317288751647071
912,5,10,150,92,0.19029170705040452
913,5,10,150,92,0.19374110767191058
914,5,10,150,92,0.0
915,5,10,150,92,0.16744730537056995
916,5,10,150,92,0.1650031897337096
917,5,10,150,92,0.019845431127916993
918,5,10,150,92,0.0253533085437572
919,5,10,150,92,0.11631342805012282
920,5,10,150,92,0.26814570941777965
921,5,10,150,92,0.02477447378142753
922,5,10,150,92,0.1169032834855481
923,5,10,150,92,0.07926802913594262
924,5,10,150,92,0.1306223466470971
925,5,10,150,92,0.08576373115156254
926,5,10,150,92,0.18690891198435525
927,5,10,150,92,0.1445313744314927
928,5,10,150,92,0.225412941472223
929,5,10,150,92,0.11107244313646446
930,5,10,150,92,0.13909680376172495
931,5,10,150,92,0.07406012380799347
932,5,10,150,92,0.30123521162631767
933,5,10,150,92,0.0498388218595962
934,5,10,150,92,0.2332417494275029
935,5,10,150,92,0.043888403129016776
936,5,10,150,92,0.09123052357924638
937,5,10,150,92,0.09560624946230661
938,5,10,150,92,0.08978812887364458
939,5,10,150,92,0.05231692143384187
940,5,10,150,92,0.09469359068019315
941,5,10,150,92,0.2546814962889047
942,5,10,150,92,0.21598570874234851
943,5,10,150,92,0.13857032088459653
1,5,10,150,93,0.4058715898896693
2,5,10,150,93,0.14433828292945616
3,5,10,150,93,0.08759200575528697
4,5,10,150,93,0.0
5,5,10,150,93,0.04470486007704452
6,5,10,150,93,0.04187254809446048
7,5,10,150,93,0.22836484467160698
8,5,10,150,93,0.0
9,5,10,150,93,0.0
10,5,10,150,93,0.3005733545514552
11,5,10,150,93,0.03947525607388688
12,5,10,150,93,0.14632177291384774
13,5,10,150,93,0.24256092752724764
14,5,10,150,93,0.18795160328752808
15,5,10,150,93,0.0
16,5,10,150,93,0.19107502160562695
17,5,10,150,93,0.0
18,5,10,150,93,0.17872418048185143
19,5,10,150,93,0.15602106502222501
20,5,10,150,93,0.13743816645714543
21,5,10,150,93,0.17643857112498312
22,5,10,150,93,0.040815803121742565
23,5,10,150,93,0.10387012192613786
24,5,10,150,93,0.08835266840320231
25,5,10,150,93,0.23940867474021393
26,5,10,150,93,0.027519708785797934
27,5,10,150,93,0.0
28,5,10,150,93,0.10131242160793445
30,5,10,150,93,0.08133484538841967
31,5,10,150,93,0.11164668500969883
32,5,10,150,93,0.19519002499605084
33,5,10,150,93,0.0
34,5,10,150,93,0.0
35,5,10,150,93,0.0
37,5,10,150,93,0.08177471774917201
38,5,10,150,93,0.0
39,5,10,150,93,0.0
40,5,10,150,93,0.0
41,5,10,150,93,0.06835476917178976
42,5,10,150,93,0.08850778826764391
43,5,10,150,93,0.0
44,5,10,150,93,0.29540493557662006
45,5,10,150,93,0.0
46,5,10,150,93,0.0
47,5,10,150,93,0.0
48,5,10,150,93,0.13203079491918646
49,5,10,150,93,0.05432573058142762
52,5,10,150,93,0.06369098129632131
53,5,10,150,93,0.0
54,5,10,150,93,0.0
55,5,10,150,93,0.0
56,5,10,150,93,0.11781210270929884
57,5,10,150,93,0.1318392860374695
58,5,10,150,93,0.43418941507676856
59,5,10,150,93,0.2097967636095035
60,5,10,150,93,0.1076743759411119
61,5,10,150,93,0.0
62,5,10,150,93,0.09586820699422145
63,5,10,150,93,0.0
64,5,10,150,93,0.07635718686081962
65,5,10,150,93,0.2342550150352983
66,5,10,150,93,0.06636133566432367
67,5,10,150,93,0.0
68,5,10,150,93,0.0
69,5,10,150,93,0.0
70,5,10,150,93,0.03243913203930433
71,5,10,150,93,0.20758456043036028
72,5,10,150,93,0.10990826949013655
73,5,10,150,93,0.14308314931855187
74,5,10,150,93,0.0
75,5,10,150,93,0.05515026856924372
76,5,10,150,93,0.10633668103022985
77,5,10,150,93,0.14247142730086715
78,5,10,150,93,0.0
79,5,10,150,93,0.07821312100379274
80,5,10,150,93,0.0
81,5,10,150,93,0.08878770367712427
82,5,10,150,93,0.03187578878809277
83,5,10,150,93,0.07414861528507455
84,5,10,150,93,0.07550980911390262
85,5,10,150,93,0.04734112273659951
86,5,10,150,93,0.0
87,5,10,150,93,0.16641625059082407
88,5,10,150,93,0.18920035951687003
89,5,10,150,93,0.046966485689931024
90,5,10,150,93,0.19659652872125194
91,5,10,150,93,0.0
92,5,10,150,93,0.08374031835175766
93,5,10,150,93,0.0
94,5,10,150,93,0.12253429761719764
95,5,10,150,93,0.07849567312219397
96,5,10,150,93,0.12622583419458475
97,5,10,150,93,0.09376545370390896
98,5,10,150,93,0.0
99,5,10,150,93,0.13337585439143895
100,5,10,150,93,0.0
101,5,10,150,93,0.0
102,5,10,150,93,0.027188631083860992
103,5,10,150,93,0.0
104,5,10,150,93,0.33958467175585033
105,5,10,150,93,0.0
106,5,10,150,93,0.06516188295518531
107,5,10,150,93,0.0
109,5,10,150,93,0.16563719724029594
110,5,10,150,93,0.03203603672019056
111,5,10,150,93,0.0
112,5,10,150,93,0.14155505107215216
113,5,10,150,93,0.0
114,5,10,150,93,0.08274602130532002
115,5,10,150,93,0.0718417865441674
116,5,10,150,93,0.0
117,5,10,150,93,0.08490981601989582
118,5,10,150,93,0.2265416449833316
119,5,10,150,93,0.11016901394047311
120,5,10,150,93,0.0
121,5,10,150,93,0.13032376591037062
122,5,10,150,93,0.0
123,5,10,150,93,0.13720340769293682
124,5,10,150,93,0.0
125,5,10,150,93,0.05446333035917803
126,5,10,150,93,0.0
128,5,10,150,93,0.0
129,5,10,150,93,0.0
130,5,10,150,93,0.21080192078431575
131,5,10,150,93,0.0
132,5,10,150,93,0.0
133,5,10,150,93,0.0
134,5,10,150,93,0.0
135,5,10,150,93,0.0
136,5,10,150,93,0.0
137,5,10,150,93,0.1137075481082292
138,5,10,150,93,0.0976168253917686
139,5,10,150,93,0.10466868931043802
140,5,10,150,93,0.0
141,5,10,150,93,0.04733244938590725
142,5,10,150,93,0.0
143,5,10,150,93,0.0
144,5,10,150,93,0.0
145,5,10,150,93,0.22835480069221242
146,5,10,150,93,0.0
147,5,10,150,93,0.1033846481249528
148,5,10,150,93,0.26071721237610296
149,5,10,150,93,0.0
150,5,10,150,93,0.2640681225725909
151,5,10,150,93,0.1026571794225922
152,5,10,150,93,0.0
153,5,10,150,93,0.0
154,5,10,150,93,0.06416923277158361
155,5,10,150,93,0.0
156,5,10,150,93,0.0
157,5,10,150,93,0.05199003359793522
158,5,10,150,93,0.13830208502611357
159,5,10,150,93,0.23138144801632507
160,5,10,150,93,0.23538511388047798
161,5,10,150,93,0.0
162,5,10,150,93,0.09784076556363268
163,5,10,150,93,0.0
164,5,10,150,93,0.0
165,5,10,150,93,0.0
167,5,10,150,93,0.05319635904163211
168,5,10,150,93,0.05461997784715835
169,5,10,150,93,0.0
170,5,10,150,93,0.0
171,5,10,150,93,0.0
173,5,10,150,93,0.07444401142258321
174,5,10,150,93,0.12795077757424125
175,5,10,150,93,0.21517910082405575
176,5,10,150,93,0.06289692884934815
177,5,10,150,93,0.38113435412202
178,5,10,150,93,0.12597398707460816
179,5,10,150,93,0.09149012142095872
180,5,10,150,93,0.06228974831361337
181,5,10,150,93,0.11680461119565375
182,5,10,150,93,0.0
183,5,10,150,93,0.15101961822780524
184,5,10,150,93,0.0
185,5,10,150,93,0.0
186,5,10,150,93,0.04633132539002164
187,5,10,150,93,0.0
188,5,10,150,93,0.12925733948536566
189,5,10,150,93,0.18890011590178235
190,5,10,150,93,0.0
192,5,10,150,93,0.123151194370365
193,5,10,150,93,0.0
194,5,10,150,93,0.14012129095911344
195,5,10,150,93,0.11787667935667444
196,5,10,150,93,0.0
197,5,10,150,93,0.09546043308946733
198,5,10,150,93,0.0
199,5,10,150,93,0.0
200,5,10,150,93,0.09785159463516042
201,5,10,150,93,0.018702907379956335
202,5,10,150,93,0.10466868931043802
203,5,10,150,93,0.0
204,5,10,150,93,0.19519002499605084
205,5,10,150,93,0.0
206,5,10,150,93,0.0
207,5,10,150,93,0.11073658758229504
208,5,10,150,93,0.0
209,5,10,150,93,0.0
210,5,10,150,93,0.2167516193508568
211,5,10,150,93,0.0
213,5,10,150,93,0.15669163589836543
214,5,10,150,93,0.0
216,5,10,150,93,0.23813231172447274
217,5,10,150,93,0.0
218,5,10,150,93,0.0
219,5,10,150,93,0.0
221,5,10,150,93,0.0
222,5,10,150,93,0.1050995674008573
223,5,10,150,93,0.0
224,5,10,150,93,0.0
225,5,10,150,93,0.09077089626867633
226,5,10,150,93,0.19092086617893467
227,5,10,150,93,0.0
228,5,10,150,93,0.0
229,5,10,150,93,0.0
230,5,10,150,93,0.12683081539850163
231,5,10,150,93,0.0
232,5,10,150,93,0.03962341267285813
233,5,10,150,93,0.3062523178880809
234,5,10,150,93,0.18399316939086993
235,5,10,150,93,0.06692738060277027
236,5,10,150,93,0.0
237,5,10,150,93,0.19342640361727081
238,5,10,150,93,0.0
239,5,10,150,93,0.06912040963822193
240,5,10,150,93,0.12495636102304827
241,5,10,150,93,0.0
242,5,10,150,93,0.0
243,5,10,150,93,0.0
244,5,10,150,93,0.049712302565054066
245,5,10,150,93,0.0
246,5,10,150,93,0.0561326498270945
247,5,10,150,93,0.09472348220010487
248,5,10,150,93,0.09472348220010487
249,5,10,150,93,0.09798874944313594
250,5,10,150,93,0.0
251,5,10,150,93,0.13032376591037062
252,5,10,150,93,0.20184908658209985
253,5,10,150,93,0.1084812001944431
254,5,10,150,93,0.08514311764162098
255,5,10,150,93,0.0
256,5,10,150,93,0.1013176985622648
257,5,10,150,93,0.1339616094750857
258,5,10,150,93,0.10144063749941859
259,5,10,150,93,0.1239740444869306
260,5,10,150,93,0.0
261,5,10,150,93,0.0
262,5,10,150,93,0.03365750437567162
263,5,10,150,93,0.0956366800683804
264,5,10,150,93,0.14464369219501386
265,5,10,150,93,0.0
266,5,10,150,93,0.0
267,5,10,150,93,0.17168372277322866
268,5,10,150,93,0.09950548580207201
269,5,10,150,93,0.07200022387224603
270,5,10,150,93,0.07655568961465661
271,5,10,150,93,0.13010624216828925
272,5,10,150,93,0.1702293778633033
273,5,10,150,93,0.0
274,5,10,150,93,0.0
275,5,10,150,93,0.0
276,5,10,150,93,0.15875999922826586
277,5,10,150,93,0.0
278,5,10,150,93,0.1631512196835108
279,5,10,150,93,0.18625181821647357
280,5,10,150,93,0.20222165535157688
281,5,10,150,93,0.0
282,5,10,150,93,0.0
283,5,10,150,93,0.07028063830038406
284,5,10,150,93,0.0
285,5,10,150,93,0.0
286,5,10,150,93,0.09991246976864687
287,5,10,150,93,0.0
288,5,10,150,93,0.0859574327152926
289,5,10,150,93,0.16903020543979225
290,5,10,150,93,0.07834851647149511
291,5,10,150,93,0.07828167840727236
292,5,10,150,93,0.0761512981816583
293,5,10,150,93,0.18884218707725223
294,5,10,150,93,0.0239003177617487
295,5,10,150,93,0.2603201838311303
296,5,10,150,93,0.23769372116405846
297,5,10,150,93,0.0
298,5,10,150,93,0.16915623549474385
299,5,10,150,93,0.021101277594811292
300,5,10,150,93,0.0
301,5,10,150,93,0.06460801587741544
302,5,10,150,93,0.09224219235917257
303,5,10,150,93,0.08773996172943178
304,5,10,150,93,0.0
305,5,10,150,93,0.11349000778741654
306,5,10,150,93,0.0
307,5,10,150,93,0.10778915452451093
308,5,10,150,93,0.13490077762666258
310,5,10,150,93,0.0
311,5,10,150,93,0.13301422444853
312,5,10,150,93,0.1819616199123543
313,5,10,150,93,0.11270402374049442
314,5,10,150,93,0.16600564593053876
315,5,10,150,93,0.037110354711564805
316,5,10,150,93,0.0
317,5,10,150,93,0.0
318,5,10,150,93,0.1642688369468948
319,5,10,150,93,0.0
320,5,10,150,93,0.13927874459665815
321,5,10,150,93,0.0
322,5,10,150,93,0.0
323,5,10,150,93,0.1610425878239398
324,5,10,150,93,0.0
325,5,10,150,93,0.09092803061897883
326,5,10,150,93,0.027288805847552652
327,5,10,150,93,0.025410386140327024
328,5,10,150,93,0.09206364236149692
329,5,10,150,93,0.0
330,5,10,150,93,0.1575843023686395
331,5,10,150,93,0.0
332,5,10,150,93,0.09320485889859448
334,5,10,150,93,0.08141079143310553
335,5,10,150,93,0.16155546744299637
336,5,10,150,93,0.0780824078938463
337,5,10,150,93,0.0
338,5,10,150,93,0.18039889772993523
339,5,10,150,93,0.22956271420203478
340,5,10,150,93,0.12424880528285201
341,5,10,150,93,0.0
342,5,10,150,93,0.40253324907699445
343,5,10,150,93,0.11360727106764587
344,5,10,150,93,0.1202034973803211
345,5,10,150,93,0.18015355216717013
346,5,10,150,93,0.04366879852493834
347,5,10,150,93,0.24434072388563882
348,5,10,150,93,0.0
349,5,10,150,93,0.0
350,5,10,150,93,0.058087171966128066
351,5,10,150,93,0.07977344912567227
352,5,10,150,93,0.1903601622684853
353,5,10,150,93,0.14434031438272124
354,5,10,150,93,0.06335619058732639
355,5,10,150,93,0.0
356,5,10,150,93,0.0
357,5,10,150,93,0.0
358,5,10,150,93,0.06364028872631156
359,5,10,150,93,0.3010299956639812
360,5,10,150,93,0.12982031659526816
361,5,10,150,93,0.09478836436955078
362,5,10,150,93,0.054793185501041654
363,5,10,150,93,0.24101654828754165
364,5,10,150,93,0.0
365,5,10,150,93,0.0
366,5,10,150,93,0.0
367,5,10,150,93,0.06369098129632131
368,5,10,150,93,0.0
369,5,10,150,93,0.0
370,5,10,150,93,0.0
371,5,10,150,93,0.19950301641376814
372,5,10,150,93,0.15130120674940672
373,5,10,150,93,0.22842722979011518
374,5,10,150,93,0.09083869370810833
375,5,10,150,93,0.0
376,5,10,150,93,0.0
377,5,10,150,93,0.0
378,5,10,150,93,0.13635638482251203
379,5,10,150,93,0.08433239722469389
380,5,10,150,93,0.0
381,5,10,150,93,0.03243913203930433
382,5,10,150,93,0.1390935487579673
383,5,10,150,93,0.18543645219162883
384,5,10,150,93,0.0
385,5,10,150,93,0.0
386,5,10,150,93,0.0
387,5,10,150,93,0.08586571489348302
388,5,10,150,93,0.05789711601244791
389,5,10,150,93,0.09284203700798714
390,5,10,150,93,0.0
391,5,10,150,93,0.11245246430543061
392,5,10,150,93,0.1824574152470408
393,5,10,150,93,0.17201528718620057
394,5,10,150,93,0.18425976175120107
395,5,10,150,93,0.0
396,5,10,150,93,0.0
397,5,10,150,93,0.1437033875247117
398,5,10,150,93,0.28368572779044043
399,5,10,150,93,0.026175882249243814
400,5,10,150,93,0.0
401,5,10,150,93,0.02839245759615368
402,5,10,150,93,0.0
403,5,10,150,93,0.2529427027676571
404,5,10,150,93,0.0
405,5,10,150,93,0.06487213648435096
406,5,10,150,93,0.07610657727852362
407,5,10,150,93,0.12541209984981197
408,5,10,150,93,0.09983719697789138
409,5,10,150,93,0.05800611307095368
410,5,10,150,93,0.0
411,5,10,150,93,0.17342765698823945
412,5,10,150,93,0.0
413,5,10,150,93,0.0
414,5,10,150,93,0.21398626473452756
415,5,10,150,93,0.0
416,5,10,150,93,0.1691178381508892
417,5,10,150,93,0.11088189053445036
419,5,10,150,93,0.3536251441097701
420,5,10,150,93,0.15209749107189288
421,5,10,150,93,0.08151710573508678
422,5,10,150,93,0.0
423,5,10,150,93,0.13523051443907988
424,5,10,150,93,0.1545659390636425
425,5,10,150,93,0.2840898071472465
426,5,10,150,93,0.13571943816109763
427,5,10,150,93,0.12615224917140136
428,5,10,150,93,0.03967704129387874
429,5,10,150,93,0.15128446329209622
430,5,10,150,93,0.1261446714466394
431,5,10,150,93,0.0
432,5,10,150,93,0.049369952841505485
433,5,10,150,93,0.0
434,5,10,150,93,0.3903800499921017
435,5,10,150,93,0.11347000084585261
436,5,10,150,93,0.12973311796205417
437,5,10,150,93,0.22972973128433707
438,5,10,150,93,0.0
439,5,10,150,93,0.0
440,5,10,150,93,0.06175696970122604
441,5,10,150,93,0.0
442,5,10,150,93,0.022667220314663273
443,5,10,150,93,0.0
445,5,10,150,93,0.0
446,5,10,150,93,0.0
447,5,10,150,93,0.2726897692124621
448,5,10,150,93,0.0
449,5,10,150,93,0.07784399437297408
450,5,10,150,93,0.22640083277136241
451,5,10,150,93,0.0
452,5,10,150,93,0.1353061563511876
453,5,10,150,93,0.029956785715628154
454,5,10,150,93,0.09790961955129684
455,5,10,150,93,0.10936717758288772
456,5,10,150,93,0.07758828619721583
457,5,10,150,93,0.29418445531213994
458,5,10,150,93,0.04507276838148142
459,5,10,150,93,0.0
460,5,10,150,93,0.0
461,5,10,150,93,0.0
462,5,10,150,93,0.0
463,5,10,150,93,0.026903388345470878
464,5,10,150,93,0.043001045588690626
465,5,10,150,93,0.035016337639871845
466,5,10,150,93,0.03947525607388688
467,5,10,150,93,0.1436337620239326
468,5,10,150,93,0.27023868832296544
469,5,10,150,93,0.057417722536754784
470,5,10,150,93,0.0
471,5,10,150,93,0.0
472,5,10,150,93,0.1649916829256631
473,5,10,150,93,0.08754031530847717
474,5,10,150,93,0.34897204770080337
475,5,10,150,93,0.06516188295518531
476,5,10,150,93,0.0
477,5,10,150,93,0.055100238151135045
478,5,10,150,93,0.23782833255689273
479,5,10,150,93,0.07834096783470737
480,5,10,150,93,0.21398626473452756
481,5,10,150,93,0.13863671367752411
482,5,10,150,93,0.0
483,5,10,150,93,0.06912040963822193
484,5,10,150,93,0.09353062527112192
485,5,10,150,93,0.0
486,5,10,150,93,0.10311241692162332
487,5,10,150,93,0.2215000938796789
488,5,10,150,93,0.0
489,5,10,150,93,0.07892364093746373
490,5,10,150,93,0.0
491,5,10,150,93,0.19092086617893467
492,5,10,150,93,0.12471554514794539
493,5,10,150,93,0.06270991162683781
494,5,10,150,93,0.1096312620712655
495,5,10,150,93,0.15115187072926595
496,5,10,150,93,0.05459112561892713
497,5,10,150,93,0.09376377859418034
498,5,10,150,93,0.03855307727568851
499,5,10,150,93,0.1912282106369008
500,5,10,150,93,0.05011951520627559
501,5,10,150,93,0.0
502,5,10,150,93,0.06364028872631156
503,5,10,150,93,0.27534073433896133
504,5,10,150,93,0.0
505,5,10,150,93,0.0
506,5,10,150,93,0.13939295695713902
507,5,10,150,93,0.03371865946438579
508,5,10,150,93,0.0
509,5,10,150,93,0.06474271459046577
510,5,10,150,93,0.0
511,5,10,150,93,0.0
512,5,10,150,93,0.18316925091363362
513,5,10,150,93,0.0461651444771445
514,5,10,150,93,0.10595566933616397
515,5,10,150,93,0.0
516,5,10,150,93,0.13768197790533618
517,5,10,150,93,0.042259191411409554
518,5,10,150,93,0.0
519,5,10,150,93,0.10980194963145926
520,5,10,150,93,0.0
521,5,10,150,93,0.017322902464627605
522,5,10,150,93,0.0
523,5,10,150,93,0.10176933833403237
524,5,10,150,93,0.10258209047527363
525,5,10,150,93,0.0
526,5,10,150,93,0.17292389918997986
527,5,10,150,93,0.14943863047793596
528,5,10,150,93,0.14110144150616766
529,5,10,150,93,0.10471139591065548
530,5,10,150,93,0.0
531,5,10,150,93,0.0
532,5,10,150,93,0.061814902734110014
533,5,10,150,93,0.140097006072795
534,5,10,150,93,0.07450923581469894
535,5,10,150,93,0.2871959083713276
536,5,10,150,93,0.27314750625223144
537,5,10,150,93,0.41847239655325374
538,5,10,150,93,0.0
539,5,10,150,93,0.1560067947598593
540,5,10,150,93,0.027519708785797934
541,5,10,150,93,0.1630698087619573
542,5,10,150,93,0.2251436937097755
543,5,10,150,93,0.10214293143598126
544,5,10,150,93,0.07631352592005593
545,5,10,150,93,0.052962244777770985
546,5,10,150,93,0.15314106296495628
547,5,10,150,93,0.0
548,5,10,150,93,0.08418676365777979
549,5,10,150,93,0.0
550,5,10,150,93,0.13436217909546777
551,5,10,150,93,0.33883202286184855
552,5,10,150,93,0.0
553,5,10,150,93,0.2558682193404399
554,5,10,150,93,0.16600564593053876
555,5,10,150,93,0.0
556,5,10,150,93,0.15950832945941923
557,5,10,150,93,0.053894577262255466
558,5,10,150,93,0.05718685316335169
559,5,10,150,93,0.0734773909038217
560,5,10,150,93,0.2611842705687123
561,5,10,150,93,0.10592276296337293
562,5,10,150,93,0.06240346968106183
563,5,10,150,93,0.0
564,5,10,150,93,0.0
565,5,10,150,93,0.18568675205192314
566,5,10,150,93,0.13665387068436016
567,5,10,150,93,0.17044472484770287
568,5,10,150,93,0.057107346298225524
569,5,10,150,93,0.0336639187988199
570,5,10,150,93,0.0
571,5,10,150,93,0.0
572,5,10,150,93,0.058995070558427745
573,5,10,150,93,0.035908240113829995
574,5,10,150,93,0.07616204594440379
575,5,10,150,93,0.056316753775798256
576,5,10,150,93,0.17342765698823945
577,5,10,150,93,0.22186862389759224
578,5,10,150,93,0.09818998961169394
579,5,10,150,93,0.0
580,5,10,150,93,0.21661076434387644
581,5,10,150,93,0.04616649805904497
582,5,10,150,93,0.028361369701356044
583,5,10,150,93,0.08811076314737627
584,5,10,150,93,0.0
585,5,10,150,93,0.06320275563713697
586,5,10,150,93,0.09195192495929504
587,5,10,150,93,0.0
588,5,10,150,93,0.2234644529330562
589,5,10,150,93,0.09751522916349128
590,5,10,150,93,0.18511573258657482
591,5,10,150,93,0.15758427078022966
592,5,10,150,93,0.24539657481359
593,5,10,150,93,0.1847125373189141
594,5,10,150,93,0.0843142342558857
595,5,10,150,93,0.0
596,5,10,150,93,0.0
597,5,10,150,93,0.0
598,5,10,150,93,0.11752277470724268
599,5,10,150,93,0.16402353420682853
600,5,10,150,93,0.0
601,5,10,150,93,0.026557570376145638
602,5,10,150,93,0.0
603,5,10,150,93,0.06194403202282284
604,5,10,150,93,0.0
605,5,10,150,93,0.10589838376326657
606,5,10,150,93,0.2261814559931926
607,5,10,150,93,0.0
608,5,10,150,93,0.14688428242884272
609,5,10,150,93,0.11838279295536291
610,5,10,150,93,0.05781186855394371
611,5,10,150,93,0.06967022707002284
612,5,10,150,93,0.0
613,5,10,150,93,0.2513035301880791
614,5,10,150,93,0.13886244387355454
615,5,10,150,93,0.10251900332140326
616,5,10,150,93,0.09781579202094404
617,5,10,150,93,0.07286192498233149
618,5,10,150,93,0.16256797914565382
619,5,10,150,93,0.17622915213253285
620,5,10,150,93,0.1451323880538222
621,5,10,150,93,0.13589759152345549
622,5,10,150,93,0.10022910267662996
623,5,10,150,93,0.13369528351530374
624,5,10,150,93,0.019160322430058573
625,5,10,150,93,0.0
626,5,10,150,93,0.04690797720830594
627,5,10,150,93,0.04289205981312439
628,5,10,150,93,0.0
629,5,10,150,93,0.21973291420810612
630,5,10,150,93,0.12522204146604196
631,5,10,150,93,0.09240791929215005
632,5,10,150,93,0.3331495701314084
633,5,10,150,93,0.06965062371918256
634,5,10,150,93,0.023756977677906275
635,5,10,150,93,0.07393190703916604
636,5,10,150,93,0.0
637,5,10,150,93,0.0
638,5,10,150,93,0.15473934503245962
639,5,10,150,93,0.0
640,5,10,150,93,0.08757749316783438
641,5,10,150,93,0.03570665676503816
642,5,10,150,93,0.13207172242143603
643,5,10,150,93,0.15031592367651372
644,5,10,150,93,0.0
645,5,10,150,93,0.1856947245529553
646,5,10,150,93,0.0
647,5,10,150,93,0.03673869545191085
648,5,10,150,93,0.1510121408821335
649,5,10,150,93,0.0
650,5,10,150,93,0.16043216353603468
651,5,10,150,93,0.03443184397772452
652,5,10,150,93,0.0
653,5,10,150,93,0.042464725972586034
654,5,10,150,93,0.17020900230175445
655,5,10,150,93,0.2566531331072004
656,5,10,150,93,0.0
657,5,10,150,93,0.053845569940583225
658,5,10,150,93,0.0
659,5,10,150,93,0.07075240780563574
660,5,10,150,93,0.0446470166895769
661,5,10,150,93,0.12705991527984942
662,5,10,150,93,0.0
663,5,10,150,93,0.09211594531187607
664,5,10,150,93,0.05391021349625259
665,5,10,150,93,0.0
666,5,10,150,93,0.07860744541237058
667,5,10,150,93,0.2676806947950803
668,5,10,150,93,0.0
669,5,10,150,93,0.2672968266839232
670,5,10,150,93,0.23442530823344007
671,5,10,150,93,0.17434206503696043
672,5,10,150,93,0.0
673,5,10,150,93,0.0
674,5,10,150,93,0.0
675,5,10,150,93,0.05010834716923557
676,5,10,150,93,0.08008509239634608
677,5,10,150,93,0.03927489746221688
678,5,10,150,93,0.0
679,5,10,150,93,0.26970586372388394
680,5,10,150,93,0.2073612289146658
681,5,10,150,93,0.0
682,5,10,150,93,0.12843769732568622
683,5,10,150,93,0.06289349548893712
684,5,10,150,93,0.0
685,5,10,150,93,0.0
686,5,10,150,93,0.11524934452025383
687,5,10,150,93,0.0
688,5,10,150,93,0.0
689,5,10,150,93,0.32436268379537736
690,5,10,150,93,0.0
691,5,10,150,93,0.0
692,5,10,150,93,0.0
693,5,10,150,93,0.03042314513165654
694,5,10,150,93,0.20269611984358588
695,5,10,150,93,0.0607039656753694
696,5,10,150,93,0.12935879342602336
697,5,10,150,93,0.06378035696304758
698,5,10,150,93,0.09499131598480672
699,5,10,150,93,0.03139866635141006
700,5,10,150,93,0.16958010263680806
701,5,10,150,93,0.04129602134854855
702,5,10,150,93,0.0
703,5,10,150,93,0.03870447337439288
704,5,10,150,93,0.09986079379105446
705,5,10,150,93,0.20609334068785645
706,5,10,150,93,0.0
707,5,10,150,93,0.11204043240783193
708,5,10,150,93,0.0943325796571581
709,5,10,150,93,0.11778692963665513
710,5,10,150,93,0.05710411178654767
711,5,10,150,93,0.15552566999725762
712,5,10,150,93,0.12435918123916344
713,5,10,150,93,0.0
714,5,10,150,93,0.04195229264874745
715,5,10,150,93,0.07261309108674657
716,5,10,150,93,0.17685950388962876
717,5,10,150,93,0.18940567332300148
718,5,10,150,93,0.14061157344379913
719,5,10,150,93,0.1811528335938261
720,5,10,150,93,0.05261577455142312
721,5,10,150,93,0.185399636990879
722,5,10,150,93,0.0
723,5,10,150,93,0.0
724,5,10,150,93,0.0
725,5,10,150,93,0.05750402108673013
726,5,10,150,93,0.2529427027676571
727,5,10,150,93,0.07744455145333913
728,5,10,150,93,0.0
729,5,10,150,93,0.0
730,5,10,150,93,0.0
731,5,10,150,93,0.10343510349900437
732,5,10,150,93,0.0
733,5,10,150,93,0.0
734,5,10,150,93,0.0655813061736612
735,5,10,150,93,0.0
736,5,10,150,93,0.0
737,5,10,150,93,0.16282663249631943
738,5,10,150,93,0.2632431729022225
739,5,10,150,93,0.0
740,5,10,150,93,0.0
741,5,10,150,93,0.10965210684801945
742,5,10,150,93,0.04553761034739079
743,5,10,150,93,0.0814476682319001
744,5,10,150,93,0.08878770367712427
745,5,10,150,93,0.3682049230943936
746,5,10,150,93,0.11450296808588954
747,5,10,150,93,0.32330014477534436
748,5,10,150,93,0.22468225866052274
749,5,10,150,93,0.1239649151728937
750,5,10,150,93,0.07219614103266732
751,5,10,150,93,0.10926529688037187
752,5,10,150,93,0.020210299806331135
753,5,10,150,93,0.15406810205846871
754,5,10,150,93,0.0
755,5,10,150,93,0.067228724047084
756,5,10,150,93,0.12944030246708935
757,5,10,150,93,0.0915370411750422
758,5,10,150,93,0.2236753172465817
759,5,10,150,93,0.038281751104512325
760,5,10,150,93,0.11447590313611888
761,5,10,150,93,0.03339755935325358
762,5,10,150,93,0.11568388634051256
763,5,10,150,93,0.20859185628046678
764,5,10,150,93,0.08207588022692468
765,5,10,150,93,0.0
766,5,10,150,93,0.050541549839211865
767,5,10,150,93,0.2073612289146658
768,5,10,150,93,0.09605101354696702
769,5,10,150,93,0.0
770,5,10,150,93,0.04692206785373726
771,5,10,150,93,0.2149590517835668
772,5,10,150,93,0.03353522641880846
773,5,10,150,93,0.08236155615232364
774,5,10,150,93,0.03551622697259125
775,5,10,150,93,0.0437324968781469
776,5,10,150,93,0.12155614423940549
777,5,10,150,93,0.14445412169961394
778,5,10,150,93,0.024850109207689472
779,5,10,150,93,0.05878132199396477
780,5,10,150,93,0.15888674244174908
781,5,10,150,93,0.24553555323333592
782,5,10,150,93,0.018541156496962186
783,5,10,150,93,0.042447135269629226
784,5,10,150,93,0.0
785,5,10,150,93,0.07685905888147043
786,5,10,150,93,0.13370327844286975
787,5,10,150,93,0.0683037314796457
788,5,10,150,93,0.1449722369553994
789,5,10,150,93,0.059109628562248356
790,5,10,150,93,0.05575678571159265
791,5,10,150,93,0.0
792,5,10,150,93,0.0
793,5,10,150,93,0.037980879109777994
794,5,10,150,93,0.24530465636459906
795,5,10,150,93,0.09354596657002175
796,5,10,150,93,0.2980777644885671
797,5,10,150,93,0.09030583455080088
798,5,10,150,93,0.0986648001618251
799,5,10,150,93,0.0
800,5,10,150,93,0.0
801,5,10,150,93,0.03096677356901516
802,5,10,150,93,0.030863419558816
803,5,10,150,93,0.0
804,5,10,150,93,0.13152331160895572
805,5,10,150,93,0.0920312142556218
806,5,10,150,93,0.13891238635540284
807,5,10,150,93,0.19510906471881448
808,5,10,150,93,0.07651544975451595
809,5,10,150,93,0.07484323939884738
810,5,10,150,93,0.0
811,5,10,150,93,0.05062543788674174
812,5,10,150,93,0.0
813,5,10,150,93,0.17367331957930765
814,5,10,150,93,0.16688225797344017
815,5,10,150,93,0.24565985886458913
816,5,10,150,93,0.08005612702969578
817,5,10,150,93,0.0
818,5,10,150,93,0.0
819,5,10,150,93,0.15575997463127336
820,5,10,150,93,0.041641441310299704
821,5,10,150,93,0.19220292042320755
822,5,10,150,93,0.03902876023380719
823,5,10,150,93,0.2982209602555571
824,5,10,150,93,0.0
825,5,10,150,93,0.15040579701752874
826,5,10,150,93,0.12127728358945425
827,5,10,150,93,0.0
828,5,10,150,93,0.08582269009392761
829,5,10,150,93,0.1633399391391799
830,5,10,150,93,0.11558676478688033
831,5,10,150,93,0.2429972418166229
832,5,10,150,93,0.041355644490859725
833,5,10,150,93,0.1271327527496158
834,5,10,150,93,0.09452471710599904
835,5,10,150,93,0.16131021212220273
836,5,10,150,93,0.10882945376944808
837,5,10,150,93,0.04343487513280368
838,5,10,150,93,0.14570435926304814
839,5,10,150,93,0.05646784228340616
840,5,10,150,93,0.27214285597818744
841,5,10,150,93,0.0
842,5,10,150,93,0.03314153504336938
843,5,10,150,93,0.08071252763800758
844,5,10,150,93,0.14767302746812566
845,5,10,150,93,0.0
846,5,10,150,93,0.3075303433801307
847,5,10,150,93,0.019732492740263768
848,5,10,150,93,0.1603590386964882
849,5,10,150,93,0.1917146328376363
850,5,10,150,93,0.24846647105083042
851,5,10,150,93,0.23520940518341224
852,5,10,150,93,0.0
853,5,10,150,93,0.0
854,5,10,150,93,0.1658208668370552
855,5,10,150,93,0.0
856,5,10,150,93,0.0628634487195275
857,5,10,150,93,0.0
858,5,10,150,93,0.0
859,5,10,150,93,0.0
860,5,10,150,93,0.10936418200598706
861,5,10,150,93,0.12001290632387755
862,5,10,150,93,0.2995327133466045
863,5,10,150,93,0.16848699947118498
864,5,10,150,93,0.23347452849177228
865,5,10,150,93,0.030825292165839853
866,5,10,150,93,0.2482726129454347
867,5,10,150,93,0.39469748886845896
868,5,10,150,93,0.13545193598180816
869,5,10,150,93,0.1488917402119443
870,5,10,150,93,0.09360922418629716
871,5,10,150,93,0.23335170418377482
872,5,10,150,93,0.03050926163237471
873,5,10,150,93,0.0
874,5,10,150,93,0.06575393297476358
875,5,10,150,93,0.2615477918023582
876,5,10,150,93,0.0
877,5,10,150,93,0.03487978243545732
878,5,10,150,93,0.048005054499156014
879,5,10,150,93,0.07180913162424091
880,5,10,150,93,0.2775914659313644
881,5,10,150,93,0.24418825653660725
882,5,10,150,93,0.3561038745228381
883,5,10,150,93,0.31168293349533194
884,5,10,150,93,0.028767091820622218
885,5,10,150,93,0.10709607345972089
886,5,10,150,93,0.1624053354580195
887,5,10,150,93,0.1834752623162601
888,5,10,150,93,0.0
889,5,10,150,93,0.19160251985801383
890,5,10,150,93,0.3597186307234815
891,5,10,150,93,0.09013275514532934
892,5,10,150,93,0.39908518123332937
893,5,10,150,93,0.06655191453229989
894,5,10,150,93,0.16732622776573605
895,5,10,150,93,0.0
896,5,10,150,93,0.3010704317067466
897,5,10,150,93,0.22381438029803025
898,5,10,150,93,0.02204583040735582
899,5,10,150,93,0.1528183102111697
900,5,10,150,93,0.11423413779055742
901,5,10,150,93,0.25317004059729414
902,5,10,150,93,0.025255271126572616
903,5,10,150,93,0.30520151924536415
904,5,10,150,93,0.016034870336568776
905,5,10,150,93,0.1476843235467141
906,5,10,150,93,0.06212701143918119
907,5,10,150,93,0.19627609677935262
908,5,10,150,93,0.20640898076180436
909,5,10,150,93,0.0
910,5,10,150,93,0.14111581018360284
911,5,10,150,93,0.08317288751647071
912,5,10,150,93,0.19029170705040452
913,5,10,150,93,0.19374110767191058
914,5,10,150,93,0.0
915,5,10,150,93,0.16744730537056995
916,5,10,150,93,0.1714110825811411
917,5,10,150,93,0.019845431127916993
918,5,10,150,93,0.0253533085437572
919,5,10,150,93,0.11542082106707945
920,5,10,150,93,0.26814570941777965
921,5,10,150,93,0.02477447378142753
922,5,10,150,93,0.1169032834855481
923,5,10,150,93,0.07926802913594262
924,5,10,150,93,0.1306223466470971
925,5,10,150,93,0.08576373115156254
926,5,10,150,93,0.18690891198435525
927,5,10,150,93,0.15271204674326302
928,5,10,150,93,0.225412941472223
929,5,10,150,93,0.11107244313646446
930,5,10,150,93,0.13909680376172495
931,5,10,150,93,0.07406012380799347
932,5,10,150,93,0.2989234866780999
933,5,10,150,93,0.05713050362706464
934,5,10,150,93,0.23145181667626005
935,5,10,150,93,0.043888403129016776
936,5,10,150,93,0.09053040662990802
937,5,10,150,93,0.09560624946230661
938,5,10,150,93,0.08978812887364458
939,5,10,150,93,0.05231692143384187
940,5,10,150,93,0.09469359068019315
941,5,10,150,93,0.2546814962889047
942,5,10,150,93,0.21598570874234851
943,5,10,150,93,0.13750691111207353
1,5,10,150,94,0.4058715898896693
2,5,10,150,94,0.14433828292945616
3,5,10,150,94,0.08759200575528697
4,5,10,150,94,0.0
5,5,10,150,94,0.04470486007704452
6,5,10,150,94,0.04187254809446048
7,5,10,150,94,0.22836484467160698
8,5,10,150,94,0.0
9,5,10,150,94,0.0
10,5,10,150,94,0.3005733545514552
11,5,10,150,94,0.03947525607388688
12,5,10,150,94,0.14632177291384774
13,5,10,150,94,0.24256092752724764
14,5,10,150,94,0.22645209977437805
15,5,10,150,94,0.0
16,5,10,150,94,0.19107502160562695
17,5,10,150,94,0.0
18,5,10,150,94,0.17872418048185143
19,5,10,150,94,0.15602106502222501
20,5,10,150,94,0.13743816645714543
21,5,10,150,94,0.17643857112498312
22,5,10,150,94,0.040815803121742565
23,5,10,150,94,0.10387012192613786
24,5,10,150,94,0.08835266840320231
25,5,10,150,94,0.23940867474021393
26,5,10,150,94,0.027519708785797934
27,5,10,150,94,0.0
28,5,10,150,94,0.10131242160793445
30,5,10,150,94,0.08133484538841967
31,5,10,150,94,0.11164668500969883
32,5,10,150,94,0.19519002499605084
33,5,10,150,94,0.0
34,5,10,150,94,0.0
35,5,10,150,94,0.0
37,5,10,150,94,0.08177471774917201
38,5,10,150,94,0.0
39,5,10,150,94,0.0
40,5,10,150,94,0.0
41,5,10,150,94,0.06835476917178976
42,5,10,150,94,0.08850778826764391
43,5,10,150,94,0.0
44,5,10,150,94,0.29540493557662006
45,5,10,150,94,0.0
46,5,10,150,94,0.0
47,5,10,150,94,0.0
48,5,10,150,94,0.13203079491918646
49,5,10,150,94,0.05432573058142762
52,5,10,150,94,0.06369098129632131
53,5,10,150,94,0.0
54,5,10,150,94,0.0
55,5,10,150,94,0.0
56,5,10,150,94,0.11781210270929884
57,5,10,150,94,0.1318392860374695
58,5,10,150,94,0.43418941507676856
59,5,10,150,94,0.2097967636095035
60,5,10,150,94,0.1076743759411119
61,5,10,150,94,0.0
62,5,10,150,94,0.09586820699422145
63,5,10,150,94,0.0
64,5,10,150,94,0.07635718686081962
65,5,10,150,94,0.2342550150352983
66,5,10,150,94,0.06636133566432367
67,5,10,150,94,0.0
68,5,10,150,94,0.0
69,5,10,150,94,0.0
70,5,10,150,94,0.03243913203930433
71,5,10,150,94,0.20758456043036028
72,5,10,150,94,0.10990826949013655
73,5,10,150,94,0.14308314931855187
74,5,10,150,94,0.0
75,5,10,150,94,0.05515026856924372
76,5,10,150,94,0.10633668103022985
77,5,10,150,94,0.14247142730086715
78,5,10,150,94,0.0
79,5,10,150,94,0.07821312100379274
80,5,10,150,94,0.0
81,5,10,150,94,0.08878770367712427
82,5,10,150,94,0.03187578878809277
83,5,10,150,94,0.07414861528507455
84,5,10,150,94,0.07550980911390262
85,5,10,150,94,0.04734112273659951
86,5,10,150,94,0.0
87,5,10,150,94,0.16641625059082407
88,5,10,150,94,0.18920035951687003
89,5,10,150,94,0.046966485689931024
90,5,10,150,94,0.19659652872125194
91,5,10,150,94,0.0
92,5,10,150,94,0.08374031835175766
93,5,10,150,94,0.0
94,5,10,150,94,0.12253429761719764
95,5,10,150,94,0.07849567312219397
96,5,10,150,94,0.12622583419458475
97,5,10,150,94,0.09376545370390896
98,5,10,150,94,0.0
99,5,10,150,94,0.13337585439143895
100,5,10,150,94,0.0
101,5,10,150,94,0.0
102,5,10,150,94,0.027188631083860992
103,5,10,150,94,0.0
104,5,10,150,94,0.33958467175585033
105,5,10,150,94,0.0
106,5,10,150,94,0.06516188295518531
107,5,10,150,94,0.0
109,5,10,150,94,0.16563719724029594
110,5,10,150,94,0.03203603672019056
111,5,10,150,94,0.0
112,5,10,150,94,0.14155505107215216
113,5,10,150,94,0.0
114,5,10,150,94,0.08274602130532002
115,5,10,150,94,0.0718417865441674
116,5,10,150,94,0.0
117,5,10,150,94,0.08490981601989582
118,5,10,150,94,0.2265416449833316
119,5,10,150,94,0.11016901394047311
120,5,10,150,94,0.0
121,5,10,150,94,0.13032376591037062
122,5,10,150,94,0.0
123,5,10,150,94,0.13720340769293682
124,5,10,150,94,0.0
125,5,10,150,94,0.05446333035917803
126,5,10,150,94,0.0
128,5,10,150,94,0.0
129,5,10,150,94,0.0
130,5,10,150,94,0.21080192078431575
131,5,10,150,94,0.0
132,5,10,150,94,0.0
133,5,10,150,94,0.0
134,5,10,150,94,0.0
135,5,10,150,94,0.0
136,5,10,150,94,0.0
137,5,10,150,94,0.1137075481082292
138,5,10,150,94,0.0976168253917686
139,5,10,150,94,0.10466868931043802
140,5,10,150,94,0.0
141,5,10,150,94,0.04733244938590725
142,5,10,150,94,0.0
143,5,10,150,94,0.0
144,5,10,150,94,0.0
145,5,10,150,94,0.22835480069221242
146,5,10,150,94,0.0
147,5,10,150,94,0.1033846481249528
148,5,10,150,94,0.26071721237610296
149,5,10,150,94,0.0
150,5,10,150,94,0.2640681225725909
151,5,10,150,94,0.1026571794225922
152,5,10,150,94,0.0
153,5,10,150,94,0.0
154,5,10,150,94,0.06416923277158361
155,5,10,150,94,0.0
156,5,10,150,94,0.0
157,5,10,150,94,0.05199003359793522
158,5,10,150,94,0.13830208502611357
159,5,10,150,94,0.23138144801632507
160,5,10,150,94,0.23538511388047798
161,5,10,150,94,0.0
162,5,10,150,94,0.09784076556363268
163,5,10,150,94,0.0
164,5,10,150,94,0.0
165,5,10,150,94,0.0
167,5,10,150,94,0.05319635904163211
168,5,10,150,94,0.05461997784715835
169,5,10,150,94,0.0
170,5,10,150,94,0.0
171,5,10,150,94,0.0
173,5,10,150,94,0.07444401142258321
174,5,10,150,94,0.12795077757424125
175,5,10,150,94,0.21517910082405575
176,5,10,150,94,0.06289692884934815
177,5,10,150,94,0.38113435412202
178,5,10,150,94,0.12597398707460816
179,5,10,150,94,0.09149012142095872
180,5,10,150,94,0.06228974831361337
181,5,10,150,94,0.11680461119565375
182,5,10,150,94,0.0
183,5,10,150,94,0.15101961822780524
184,5,10,150,94,0.0
185,5,10,150,94,0.0
186,5,10,150,94,0.04633132539002164
187,5,10,150,94,0.0
188,5,10,150,94,0.12925733948536566
189,5,10,150,94,0.18890011590178235
190,5,10,150,94,0.0
192,5,10,150,94,0.123151194370365
193,5,10,150,94,0.0
194,5,10,150,94,0.14012129095911344
195,5,10,150,94,0.11787667935667444
196,5,10,150,94,0.0
197,5,10,150,94,0.09546043308946733
198,5,10,150,94,0.0
199,5,10,150,94,0.0
200,5,10,150,94,0.09785159463516042
201,5,10,150,94,0.018702907379956335
202,5,10,150,94,0.10466868931043802
203,5,10,150,94,0.0
204,5,10,150,94,0.19519002499605084
205,5,10,150,94,0.0
206,5,10,150,94,0.0
207,5,10,150,94,0.11073658758229504
208,5,10,150,94,0.0
209,5,10,150,94,0.0
210,5,10,150,94,0.2167516193508568
211,5,10,150,94,0.0
213,5,10,150,94,0.15669163589836543
214,5,10,150,94,0.0
216,5,10,150,94,0.23813231172447274
217,5,10,150,94,0.0
218,5,10,150,94,0.0
219,5,10,150,94,0.0
221,5,10,150,94,0.0
222,5,10,150,94,0.1050995674008573
223,5,10,150,94,0.0
224,5,10,150,94,0.0
225,5,10,150,94,0.09077089626867633
226,5,10,150,94,0.19092086617893467
227,5,10,150,94,0.0
228,5,10,150,94,0.0
229,5,10,150,94,0.0
230,5,10,150,94,0.12683081539850163
231,5,10,150,94,0.0
232,5,10,150,94,0.03962341267285813
233,5,10,150,94,0.3062523178880809
234,5,10,150,94,0.18399316939086993
235,5,10,150,94,0.06692738060277027
236,5,10,150,94,0.0
237,5,10,150,94,0.19342640361727081
238,5,10,150,94,0.0
239,5,10,150,94,0.06912040963822193
240,5,10,150,94,0.12495636102304827
241,5,10,150,94,0.0
242,5,10,150,94,0.0
243,5,10,150,94,0.0
244,5,10,150,94,0.049712302565054066
245,5,10,150,94,0.0
246,5,10,150,94,0.0561326498270945
247,5,10,150,94,0.09472348220010487
248,5,10,150,94,0.09472348220010487
249,5,10,150,94,0.09798874944313594
250,5,10,150,94,0.0
251,5,10,150,94,0.13032376591037062
252,5,10,150,94,0.20184908658209985
253,5,10,150,94,0.1084812001944431
254,5,10,150,94,0.08514311764162098
255,5,10,150,94,0.0
256,5,10,150,94,0.1013176985622648
257,5,10,150,94,0.1339616094750857
258,5,10,150,94,0.10144063749941859
259,5,10,150,94,0.1239740444869306
260,5,10,150,94,0.0
261,5,10,150,94,0.0
262,5,10,150,94,0.03365750437567162
263,5,10,150,94,0.0956366800683804
264,5,10,150,94,0.14464369219501386
265,5,10,150,94,0.0
266,5,10,150,94,0.0
267,5,10,150,94,0.17168372277322866
268,5,10,150,94,0.09950548580207201
269,5,10,150,94,0.07200022387224603
270,5,10,150,94,0.07655568961465661
271,5,10,150,94,0.13010624216828925
272,5,10,150,94,0.1702293778633033
273,5,10,150,94,0.0
274,5,10,150,94,0.0
275,5,10,150,94,0.0
276,5,10,150,94,0.15875999922826586
277,5,10,150,94,0.0
278,5,10,150,94,0.1631512196835108
279,5,10,150,94,0.18625181821647357
280,5,10,150,94,0.20222165535157688
281,5,10,150,94,0.0
282,5,10,150,94,0.0
283,5,10,150,94,0.07028063830038406
284,5,10,150,94,0.0
285,5,10,150,94,0.0
286,5,10,150,94,0.09991246976864687
287,5,10,150,94,0.0
288,5,10,150,94,0.0859574327152926
289,5,10,150,94,0.16903020543979225
290,5,10,150,94,0.07834851647149511
291,5,10,150,94,0.07828167840727236
292,5,10,150,94,0.0761512981816583
293,5,10,150,94,0.18884218707725223
294,5,10,150,94,0.0239003177617487
295,5,10,150,94,0.2603201838311303
296,5,10,150,94,0.23769372116405846
297,5,10,150,94,0.0
298,5,10,150,94,0.16915623549474385
299,5,10,150,94,0.021101277594811292
300,5,10,150,94,0.0
301,5,10,150,94,0.06460801587741544
302,5,10,150,94,0.09224219235917257
303,5,10,150,94,0.08773996172943178
304,5,10,150,94,0.0
305,5,10,150,94,0.11349000778741654
306,5,10,150,94,0.0
307,5,10,150,94,0.10778915452451093
308,5,10,150,94,0.13490077762666258
310,5,10,150,94,0.0
311,5,10,150,94,0.13301422444853
312,5,10,150,94,0.1819616199123543
313,5,10,150,94,0.11270402374049442
314,5,10,150,94,0.16600564593053876
315,5,10,150,94,0.037110354711564805
316,5,10,150,94,0.0
317,5,10,150,94,0.0
318,5,10,150,94,0.1642688369468948
319,5,10,150,94,0.0
320,5,10,150,94,0.13927874459665815
321,5,10,150,94,0.0
322,5,10,150,94,0.0
323,5,10,150,94,0.1610425878239398
324,5,10,150,94,0.0
325,5,10,150,94,0.09092803061897883
326,5,10,150,94,0.027288805847552652
327,5,10,150,94,0.025410386140327024
328,5,10,150,94,0.09206364236149692
329,5,10,150,94,0.0
330,5,10,150,94,0.1575843023686395
331,5,10,150,94,0.0
332,5,10,150,94,0.09320485889859448
334,5,10,150,94,0.08141079143310553
335,5,10,150,94,0.16155546744299637
336,5,10,150,94,0.0780824078938463
337,5,10,150,94,0.0
338,5,10,150,94,0.18039889772993523
339,5,10,150,94,0.22956271420203478
340,5,10,150,94,0.12424880528285201
341,5,10,150,94,0.0
342,5,10,150,94,0.40253324907699445
343,5,10,150,94,0.11360727106764587
344,5,10,150,94,0.1202034973803211
345,5,10,150,94,0.18015355216717013
346,5,10,150,94,0.04366879852493834
347,5,10,150,94,0.24434072388563882
348,5,10,150,94,0.0
349,5,10,150,94,0.0
350,5,10,150,94,0.058087171966128066
351,5,10,150,94,0.07977344912567227
352,5,10,150,94,0.1903601622684853
353,5,10,150,94,0.14434031438272124
354,5,10,150,94,0.06335619058732639
355,5,10,150,94,0.0
356,5,10,150,94,0.0
357,5,10,150,94,0.0
358,5,10,150,94,0.06364028872631156
359,5,10,150,94,0.3010299956639812
360,5,10,150,94,0.12982031659526816
361,5,10,150,94,0.09478836436955078
362,5,10,150,94,0.054793185501041654
363,5,10,150,94,0.24101654828754165
364,5,10,150,94,0.0
365,5,10,150,94,0.0
366,5,10,150,94,0.0
367,5,10,150,94,0.06369098129632131
368,5,10,150,94,0.0
369,5,10,150,94,0.0
370,5,10,150,94,0.0
371,5,10,150,94,0.19950301641376814
372,5,10,150,94,0.15130120674940672
373,5,10,150,94,0.22842722979011518
374,5,10,150,94,0.09083869370810833
375,5,10,150,94,0.0
376,5,10,150,94,0.0
377,5,10,150,94,0.0
378,5,10,150,94,0.13635638482251203
379,5,10,150,94,0.08433239722469389
380,5,10,150,94,0.0
381,5,10,150,94,0.03243913203930433
382,5,10,150,94,0.1390935487579673
383,5,10,150,94,0.18543645219162883
384,5,10,150,94,0.0
385,5,10,150,94,0.0
386,5,10,150,94,0.0
387,5,10,150,94,0.08586571489348302
388,5,10,150,94,0.05789711601244791
389,5,10,150,94,0.09284203700798714
390,5,10,150,94,0.0
391,5,10,150,94,0.11245246430543061
392,5,10,150,94,0.2159576593040017
393,5,10,150,94,0.17201528718620057
394,5,10,150,94,0.18425976175120107
395,5,10,150,94,0.033500244056960914
396,5,10,150,94,0.0
397,5,10,150,94,0.1437033875247117
398,5,10,150,94,0.28368572779044043
399,5,10,150,94,0.026175882249243814
400,5,10,150,94,0.0
401,5,10,150,94,0.02839245759615368
402,5,10,150,94,0.0
403,5,10,150,94,0.29144319925450707
404,5,10,150,94,0.0
405,5,10,150,94,0.06437922853441826
406,5,10,150,94,0.07610657727852362
407,5,10,150,94,0.1420260823074358
408,5,10,150,94,0.09983719697789138
409,5,10,150,94,0.05800611307095368
410,5,10,150,94,0.0
411,5,10,150,94,0.17342765698823945
412,5,10,150,94,0.0
413,5,10,150,94,0.0
414,5,10,150,94,0.21398626473452756
415,5,10,150,94,0.0
416,5,10,150,94,0.1691178381508892
417,5,10,150,94,0.11088189053445036
419,5,10,150,94,0.39968436238468874
420,5,10,150,94,0.15209749107189288
421,5,10,150,94,0.08151710573508678
422,5,10,150,94,0.0
423,5,10,150,94,0.13523051443907988
424,5,10,150,94,0.1545659390636425
425,5,10,150,94,0.2840898071472465
426,5,10,150,94,0.13571943816109763
427,5,10,150,94,0.12615224917140136
428,5,10,150,94,0.03967704129387874
429,5,10,150,94,0.15128446329209622
430,5,10,150,94,0.1261446714466394
431,5,10,150,94,0.0
432,5,10,150,94,0.049369952841505485
433,5,10,150,94,0.0
434,5,10,150,94,0.3903800499921017
435,5,10,150,94,0.11347000084585261
436,5,10,150,94,0.12973311796205417
437,5,10,150,94,0.22972973128433707
438,5,10,150,94,0.0
439,5,10,150,94,0.0
440,5,10,150,94,0.06175696970122604
441,5,10,150,94,0.0
442,5,10,150,94,0.045009701661226136
443,5,10,150,94,0.0
445,5,10,150,94,0.0
446,5,10,150,94,0.0
447,5,10,150,94,0.2726897692124621
448,5,10,150,94,0.0
449,5,10,150,94,0.07784399437297408
450,5,10,150,94,0.22640083277136241
451,5,10,150,94,0.0
452,5,10,150,94,0.1353061563511876
453,5,10,150,94,0.029956785715628154
454,5,10,150,94,0.09790961955129684
455,5,10,150,94,0.10936717758288772
456,5,10,150,94,0.07758828619721583
457,5,10,150,94,0.29418445531213994
458,5,10,150,94,0.04507276838148142
459,5,10,150,94,0.0
460,5,10,150,94,0.0
461,5,10,150,94,0.0
462,5,10,150,94,0.0
463,5,10,150,94,0.026903388345470878
464,5,10,150,94,0.043001045588690626
465,5,10,150,94,0.035016337639871845
466,5,10,150,94,0.03947525607388688
467,5,10,150,94,0.1436337620239326
468,5,10,150,94,0.27023868832296544
469,5,10,150,94,0.057417722536754784
470,5,10,150,94,0.0
471,5,10,150,94,0.0
472,5,10,150,94,0.1649916829256631
473,5,10,150,94,0.08754031530847717
474,5,10,150,94,0.34897204770080337
475,5,10,150,94,0.06516188295518531
476,5,10,150,94,0.0
477,5,10,150,94,0.055100238151135045
478,5,10,150,94,0.23782833255689273
479,5,10,150,94,0.07834096783470737
480,5,10,150,94,0.21398626473452756
481,5,10,150,94,0.13863671367752411
482,5,10,150,94,0.0
483,5,10,150,94,0.06912040963822193
484,5,10,150,94,0.09353062527112192
485,5,10,150,94,0.0
486,5,10,150,94,0.10311241692162332
487,5,10,150,94,0.2215000938796789
488,5,10,150,94,0.0
489,5,10,150,94,0.07892364093746373
490,5,10,150,94,0.0
491,5,10,150,94,0.19092086617893467
492,5,10,150,94,0.12471554514794539
493,5,10,150,94,0.06270991162683781
494,5,10,150,94,0.1096312620712655
495,5,10,150,94,0.15115187072926595
496,5,10,150,94,0.05459112561892713
497,5,10,150,94,0.09376377859418034
498,5,10,150,94,0.03855307727568851
499,5,10,150,94,0.1912282106369008
500,5,10,150,94,0.05011951520627559
501,5,10,150,94,0.0
502,5,10,150,94,0.06364028872631156
503,5,10,150,94,0.27534073433896133
504,5,10,150,94,0.0
505,5,10,150,94,0.0
506,5,10,150,94,0.13939295695713902
507,5,10,150,94,0.03371865946438579
508,5,10,150,94,0.0
509,5,10,150,94,0.06474271459046577
510,5,10,150,94,0.0
511,5,10,150,94,0.0
512,5,10,150,94,0.18316925091363362
513,5,10,150,94,0.0461651444771445
514,5,10,150,94,0.10595566933616397
515,5,10,150,94,0.0
516,5,10,150,94,0.13768197790533618
517,5,10,150,94,0.042259191411409554
518,5,10,150,94,0.0
519,5,10,150,94,0.10980194963145926
520,5,10,150,94,0.0
521,5,10,150,94,0.017322902464627605
522,5,10,150,94,0.0
523,5,10,150,94,0.10176933833403237
524,5,10,150,94,0.10258209047527363
525,5,10,150,94,0.0
526,5,10,150,94,0.17292389918997986
527,5,10,150,94,0.14943863047793596
528,5,10,150,94,0.14110144150616766
529,5,10,150,94,0.10471139591065548
530,5,10,150,94,0.0
531,5,10,150,94,0.0
532,5,10,150,94,0.0753129378990445
533,5,10,150,94,0.140097006072795
534,5,10,150,94,0.07450923581469894
535,5,10,150,94,0.2871959083713276
536,5,10,150,94,0.27314750625223144
537,5,10,150,94,0.41529278228020994
538,5,10,150,94,0.0
539,5,10,150,94,0.1560067947598593
540,5,10,150,94,0.027519708785797934
541,5,10,150,94,0.1630698087619573
542,5,10,150,94,0.2251436937097755
543,5,10,150,94,0.10214293143598126
544,5,10,150,94,0.07631352592005593
545,5,10,150,94,0.052962244777770985
546,5,10,150,94,0.15314106296495628
547,5,10,150,94,0.0
548,5,10,150,94,0.08418676365777979
549,5,10,150,94,0.0
550,5,10,150,94,0.13436217909546777
551,5,10,150,94,0.33883202286184855
552,5,10,150,94,0.0
553,5,10,150,94,0.2558682193404399
554,5,10,150,94,0.16600564593053876
555,5,10,150,94,0.0
556,5,10,150,94,0.15950832945941923
557,5,10,150,94,0.053894577262255466
558,5,10,150,94,0.05718685316335169
559,5,10,150,94,0.0734773909038217
560,5,10,150,94,0.2611842705687123
561,5,10,150,94,0.10592276296337293
562,5,10,150,94,0.06240346968106183
563,5,10,150,94,0.0
564,5,10,150,94,0.0
565,5,10,150,94,0.18568675205192314
566,5,10,150,94,0.13665387068436016
567,5,10,150,94,0.17044472484770287
568,5,10,150,94,0.057107346298225524
569,5,10,150,94,0.0336639187988199
570,5,10,150,94,0.0
571,5,10,150,94,0.0
572,5,10,150,94,0.058995070558427745
573,5,10,150,94,0.035908240113829995
574,5,10,150,94,0.07616204594440379
575,5,10,150,94,0.056316753775798256
576,5,10,150,94,0.17342765698823945
577,5,10,150,94,0.22186862389759224
578,5,10,150,94,0.09818998961169394
579,5,10,150,94,0.0
580,5,10,150,94,0.21661076434387644
581,5,10,150,94,0.04616649805904497
582,5,10,150,94,0.028361369701356044
583,5,10,150,94,0.08811076314737627
584,5,10,150,94,0.0
585,5,10,150,94,0.06320275563713697
586,5,10,150,94,0.09195192495929504
587,5,10,150,94,0.0
588,5,10,150,94,0.2234644529330562
589,5,10,150,94,0.09751522916349128
590,5,10,150,94,0.18511573258657482
591,5,10,150,94,0.15758427078022966
592,5,10,150,94,0.24539657481359
593,5,10,150,94,0.1847125373189141
594,5,10,150,94,0.0843142342558857
595,5,10,150,94,0.0
596,5,10,150,94,0.0
597,5,10,150,94,0.0
598,5,10,150,94,0.11752277470724268
599,5,10,150,94,0.16402353420682853
600,5,10,150,94,0.0
601,5,10,150,94,0.026557570376145638
602,5,10,150,94,0.0
603,5,10,150,94,0.06194403202282284
604,5,10,150,94,0.0
605,5,10,150,94,0.10589838376326657
606,5,10,150,94,0.2261814559931926
607,5,10,150,94,0.0
608,5,10,150,94,0.14688428242884272
609,5,10,150,94,0.11838279295536291
610,5,10,150,94,0.05781186855394371
611,5,10,150,94,0.06967022707002284
612,5,10,150,94,0.0
613,5,10,150,94,0.2513035301880791
614,5,10,150,94,0.13886244387355454
615,5,10,150,94,0.10251900332140326
616,5,10,150,94,0.09781579202094404
617,5,10,150,94,0.07286192498233149
618,5,10,150,94,0.16256797914565382
619,5,10,150,94,0.17622915213253285
620,5,10,150,94,0.1451323880538222
621,5,10,150,94,0.13589759152345549
622,5,10,150,94,0.10022910267662996
623,5,10,150,94,0.13369528351530374
624,5,10,150,94,0.019160322430058573
625,5,10,150,94,0.0
626,5,10,150,94,0.04690797720830594
627,5,10,150,94,0.04289205981312439
628,5,10,150,94,0.0
629,5,10,150,94,0.21973291420810612
630,5,10,150,94,0.12522204146604196
631,5,10,150,94,0.09240791929215005
632,5,10,150,94,0.3331495701314084
633,5,10,150,94,0.06965062371918256
634,5,10,150,94,0.023756977677906275
635,5,10,150,94,0.07393190703916604
636,5,10,150,94,0.0
637,5,10,150,94,0.0
638,5,10,150,94,0.15473934503245962
639,5,10,150,94,0.0
640,5,10,150,94,0.08757749316783438
641,5,10,150,94,0.03570665676503816
642,5,10,150,94,0.13207172242143603
643,5,10,150,94,0.15031592367651372
644,5,10,150,94,0.0
645,5,10,150,94,0.1856947245529553
646,5,10,150,94,0.0
647,5,10,150,94,0.03673869545191085
648,5,10,150,94,0.1510121408821335
649,5,10,150,94,0.0
650,5,10,150,94,0.16043216353603468
651,5,10,150,94,0.03443184397772452
652,5,10,150,94,0.0
653,5,10,150,94,0.042464725972586034
654,5,10,150,94,0.17020900230175445
655,5,10,150,94,0.25470304518749404
656,5,10,150,94,0.0
657,5,10,150,94,0.053845569940583225
658,5,10,150,94,0.0
659,5,10,150,94,0.07075240780563574
660,5,10,150,94,0.0446470166895769
661,5,10,150,94,0.12705991527984942
662,5,10,150,94,0.0
663,5,10,150,94,0.09211594531187607
664,5,10,150,94,0.05391021349625259
665,5,10,150,94,0.0
666,5,10,150,94,0.07860744541237058
667,5,10,150,94,0.2676806947950803
668,5,10,150,94,0.0
669,5,10,150,94,0.2672968266839232
670,5,10,150,94,0.23442530823344007
671,5,10,150,94,0.17434206503696043
672,5,10,150,94,0.0
673,5,10,150,94,0.0
674,5,10,150,94,0.0
675,5,10,150,94,0.05010834716923557
676,5,10,150,94,0.08008509239634608
677,5,10,150,94,0.03927489746221688
678,5,10,150,94,0.0
679,5,10,150,94,0.26970586372388394
680,5,10,150,94,0.2073612289146658
681,5,10,150,94,0.0
682,5,10,150,94,0.12746180897802634
683,5,10,150,94,0.06289349548893712
684,5,10,150,94,0.0
685,5,10,150,94,0.0
686,5,10,150,94,0.11524934452025383
687,5,10,150,94,0.0
688,5,10,150,94,0.0
689,5,10,150,94,0.32436268379537736
690,5,10,150,94,0.0
691,5,10,150,94,0.0
692,5,10,150,94,0.0
693,5,10,150,94,0.03042314513165654
694,5,10,150,94,0.20269611984358588
695,5,10,150,94,0.0607039656753694
696,5,10,150,94,0.12935879342602336
697,5,10,150,94,0.06378035696304758
698,5,10,150,94,0.09499131598480672
699,5,10,150,94,0.03139866635141006
700,5,10,150,94,0.16958010263680806
701,5,10,150,94,0.04129602134854855
702,5,10,150,94,0.0
703,5,10,150,94,0.03870447337439288
704,5,10,150,94,0.09986079379105446
705,5,10,150,94,0.20609334068785645
706,5,10,150,94,0.0
707,5,10,150,94,0.11204043240783193
708,5,10,150,94,0.0943325796571581
709,5,10,150,94,0.11778692963665513
710,5,10,150,94,0.05710411178654767
711,5,10,150,94,0.15552566999725762
712,5,10,150,94,0.12435918123916344
713,5,10,150,94,0.0
714,5,10,150,94,0.04195229264874745
715,5,10,150,94,0.07261309108674657
716,5,10,150,94,0.17685950388962876
717,5,10,150,94,0.18940567332300148
718,5,10,150,94,0.14061157344379913
719,5,10,150,94,0.1811528335938261
720,5,10,150,94,0.05261577455142312
721,5,10,150,94,0.185399636990879
722,5,10,150,94,0.0
723,5,10,150,94,0.0
724,5,10,150,94,0.0
725,5,10,150,94,0.05750402108673013
726,5,10,150,94,0.2529427027676571
727,5,10,150,94,0.07744455145333913
728,5,10,150,94,0.0
729,5,10,150,94,0.0
730,5,10,150,94,0.0
731,5,10,150,94,0.10343510349900437
732,5,10,150,94,0.0
733,5,10,150,94,0.0
734,5,10,150,94,0.0655813061736612
735,5,10,150,94,0.0
736,5,10,150,94,0.0
737,5,10,150,94,0.16282663249631943
738,5,10,150,94,0.2632431729022225
739,5,10,150,94,0.0
740,5,10,150,94,0.0
741,5,10,150,94,0.10965210684801945
742,5,10,150,94,0.04553761034739079
743,5,10,150,94,0.0814476682319001
744,5,10,150,94,0.08878770367712427
745,5,10,150,94,0.3682049230943936
746,5,10,150,94,0.11450296808588954
747,5,10,150,94,0.32330014477534436
748,5,10,150,94,0.2388856508808849
749,5,10,150,94,0.12302301167606354
750,5,10,150,94,0.07219614103266732
751,5,10,150,94,0.10926529688037187
752,5,10,150,94,0.020210299806331135
753,5,10,150,94,0.15406810205846871
754,5,10,150,94,0.0
755,5,10,150,94,0.067228724047084
756,5,10,150,94,0.12944030246708935
757,5,10,150,94,0.0915370411750422
758,5,10,150,94,0.22197579957922148
759,5,10,150,94,0.038281751104512325
760,5,10,150,94,0.14160135441219726
761,5,10,150,94,0.03339755935325358
762,5,10,150,94,0.11568388634051256
763,5,10,150,94,0.20859185628046678
764,5,10,150,94,0.08207588022692468
765,5,10,150,94,0.0
766,5,10,150,94,0.050541549839211865
767,5,10,150,94,0.2073612289146658
768,5,10,150,94,0.09605101354696702
769,5,10,150,94,0.0
770,5,10,150,94,0.04692206785373726
771,5,10,150,94,0.23417990943974326
772,5,10,150,94,0.03353522641880846
773,5,10,150,94,0.08236155615232364
774,5,10,150,94,0.03551622697259125
775,5,10,150,94,0.0437324968781469
776,5,10,150,94,0.12155614423940549
777,5,10,150,94,0.14445412169961394
778,5,10,150,94,0.024850109207689472
779,5,10,150,94,0.05878132199396477
780,5,10,150,94,0.15888674244174908
781,5,10,150,94,0.24553555323333592
782,5,10,150,94,0.018541156496962186
783,5,10,150,94,0.042447135269629226
784,5,10,150,94,0.0
785,5,10,150,94,0.07685905888147043
786,5,10,150,94,0.13370327844286975
787,5,10,150,94,0.0683037314796457
788,5,10,150,94,0.1449722369553994
789,5,10,150,94,0.059109628562248356
790,5,10,150,94,0.05575678571159265
791,5,10,150,94,0.0
792,5,10,150,94,0.0
793,5,10,150,94,0.037980879109777994
794,5,10,150,94,0.24530465636459906
795,5,10,150,94,0.09354596657002175
796,5,10,150,94,0.2958129261808289
797,5,10,150,94,0.09030583455080088
798,5,10,150,94,0.097915130627047
799,5,10,150,94,0.0
800,5,10,150,94,0.0
801,5,10,150,94,0.03096677356901516
802,5,10,150,94,0.030863419558816
803,5,10,150,94,0.0
804,5,10,150,94,0.13052397831415713
805,5,10,150,94,0.09133194767358933
806,5,10,150,94,0.13891238635540284
807,5,10,150,94,0.19510906471881448
808,5,10,150,94,0.07651544975451595
809,5,10,150,94,0.07484323939884738
810,5,10,150,94,0.0
811,5,10,150,94,0.05062543788674174
812,5,10,150,94,0.0
813,5,10,150,94,0.17367331957930765
814,5,10,150,94,0.16688225797344017
815,5,10,150,94,0.24565985886458913
816,5,10,150,94,0.08005612702969578
817,5,10,150,94,0.0
818,5,10,150,94,0.0
819,5,10,150,94,0.15575997463127336
820,5,10,150,94,0.041641441310299704
821,5,10,150,94,0.19220292042320755
822,5,10,150,94,0.03902876023380719
823,5,10,150,94,0.2982209602555571
824,5,10,150,94,0.0
825,5,10,150,94,0.15040579701752874
826,5,10,150,94,0.12127728358945425
827,5,10,150,94,0.0
828,5,10,150,94,0.08582269009392761
829,5,10,150,94,0.1633399391391799
830,5,10,150,94,0.11558676478688033
831,5,10,150,94,0.2429972418166229
832,5,10,150,94,0.041355644490859725
833,5,10,150,94,0.126166779561077
834,5,10,150,94,0.09452471710599904
835,5,10,150,94,0.16131021212220273
836,5,10,150,94,0.10882945376944808
837,5,10,150,94,0.04343487513280368
838,5,10,150,94,0.14570435926304814
839,5,10,150,94,0.05646784228340616
840,5,10,150,94,0.27214285597818744
841,5,10,150,94,0.0
842,5,10,150,94,0.03314153504336938
843,5,10,150,94,0.08071252763800758
844,5,10,150,94,0.14767302746812566
845,5,10,150,94,0.0
846,5,10,150,94,0.3127918287779091
847,5,10,150,94,0.019732492740263768
848,5,10,150,94,0.1603590386964882
849,5,10,150,94,0.1917146328376363
850,5,10,150,94,0.24846647105083042
851,5,10,150,94,0.2334222498344927
852,5,10,150,94,0.0
853,5,10,150,94,0.0
854,5,10,150,94,0.1645609357178075
855,5,10,150,94,0.0
856,5,10,150,94,0.0628634487195275
857,5,10,150,94,0.0
858,5,10,150,94,0.0
859,5,10,150,94,0.0
860,5,10,150,94,0.10936418200598706
861,5,10,150,94,0.12001290632387755
862,5,10,150,94,0.3077630499252903
863,5,10,150,94,0.16848699947118498
864,5,10,150,94,0.23170055498886252
865,5,10,150,94,0.030825292165839853
866,5,10,150,94,0.2482726129454347
867,5,10,150,94,0.39469748886845896
868,5,10,150,94,0.134422752426318
869,5,10,150,94,0.1488917402119443
870,5,10,150,94,0.09289796765477243
871,5,10,150,94,0.23335170418377482
872,5,10,150,94,0.03050926163237471
873,5,10,150,94,0.0
874,5,10,150,94,0.06575393297476358
875,5,10,150,94,0.2615477918023582
876,5,10,150,94,0.0
877,5,10,150,94,0.03487978243545732
878,5,10,150,94,0.048005054499156014
879,5,10,150,94,0.07180913162424091
880,5,10,150,94,0.2754822855065136
881,5,10,150,94,0.24233287856618793
882,5,10,150,94,0.3561038745228381
883,5,10,150,94,0.30931472113014713
884,5,10,150,94,0.028767091820622218
885,5,10,150,94,0.10709607345972089
886,5,10,150,94,0.16117135604409877
887,5,10,150,94,0.1896793363044525
888,5,10,150,94,0.0
889,5,10,150,94,0.19014669598071735
890,5,10,150,94,0.3597186307234815
891,5,10,150,94,0.09013275514532934
892,5,10,150,94,0.3960528738485141
893,5,10,150,94,0.06655191453229989
894,5,10,150,94,0.16605485869470388
895,5,10,150,94,0.0
896,5,10,150,94,0.2987828546772198
897,5,10,150,94,0.22211380600933278
898,5,10,150,94,0.02204583040735582
899,5,10,150,94,0.1528183102111697
900,5,10,150,94,0.11423413779055742
901,5,10,150,94,0.25317004059729414
902,5,10,150,94,0.025255271126572616
903,5,10,150,94,0.30520151924536415
904,5,10,150,94,0.016034870336568776
905,5,10,150,94,0.1476843235467141
906,5,10,150,94,0.06212701143918119
907,5,10,150,94,0.19478476238330356
908,5,10,150,94,0.20640898076180436
909,5,10,150,94,0.0
910,5,10,150,94,0.14111581018360284
911,5,10,150,94,0.08317288751647071
912,5,10,150,94,0.19029170705040452
913,5,10,150,94,0.19374110767191058
914,5,10,150,94,0.0
915,5,10,150,94,0.16744730537056995
916,5,10,150,94,0.1701086761877399
917,5,10,150,94,0.019845431127916993
918,5,10,150,94,0.035648456755093136
919,5,10,150,94,0.11454383684280547
920,5,10,150,94,0.26814570941777965
921,5,10,150,94,0.02477447378142753
922,5,10,150,94,0.1169032834855481
923,5,10,150,94,0.07926802913594262
924,5,10,150,94,0.1306223466470971
925,5,10,150,94,0.08576373115156254
926,5,10,150,94,0.18690891198435525
927,5,10,150,94,0.15271204674326302
928,5,10,150,94,0.225412941472223
929,5,10,150,94,0.11107244313646446
930,5,10,150,94,0.13909680376172495
931,5,10,150,94,0.07406012380799347
932,5,10,150,94,0.30425036822779
933,5,10,150,94,0.06429456351005268
934,5,10,150,94,0.23729135781050326
935,5,10,150,94,0.043888403129016776
936,5,10,150,94,0.08984254340300034
937,5,10,150,94,0.09560624946230661
938,5,10,150,94,0.08978812887364458
939,5,10,150,94,0.05231692143384187
940,5,10,150,94,0.09469359068019315
941,5,10,150,94,0.2546814962889047
942,5,10,150,94,0.21598570874234851
943,5,10,150,94,0.1364621135559736
1,5,10,150,95,0.4058715898896693
2,5,10,150,95,0.14433828292945616
3,5,10,150,95,0.08759200575528697
4,5,10,150,95,0.0
5,5,10,150,95,0.04470486007704452
6,5,10,150,95,0.04187254809446048
7,5,10,150,95,0.22836484467160698
8,5,10,150,95,0.0
9,5,10,150,95,0.0
10,5,10,150,95,0.3005733545514552
11,5,10,150,95,0.03947525607388688
12,5,10,150,95,0.14632177291384774
13,5,10,150,95,0.24256092752724764
14,5,10,150,95,0.22645209977437805
15,5,10,150,95,0.0
16,5,10,150,95,0.19107502160562695
17,5,10,150,95,0.0
18,5,10,150,95,0.17872418048185143
19,5,10,150,95,0.15602106502222501
20,5,10,150,95,0.13743816645714543
21,5,10,150,95,0.17643857112498312
22,5,10,150,95,0.040815803121742565
23,5,10,150,95,0.10387012192613786
24,5,10,150,95,0.08835266840320231
25,5,10,150,95,0.23940867474021393
26,5,10,150,95,0.027519708785797934
27,5,10,150,95,0.0
28,5,10,150,95,0.10131242160793445
30,5,10,150,95,0.08133484538841967
31,5,10,150,95,0.11164668500969883
32,5,10,150,95,0.19519002499605084
33,5,10,150,95,0.0
34,5,10,150,95,0.0
35,5,10,150,95,0.0
37,5,10,150,95,0.08177471774917201
38,5,10,150,95,0.0
39,5,10,150,95,0.0
40,5,10,150,95,0.0
41,5,10,150,95,0.06835476917178976
42,5,10,150,95,0.08850778826764391
43,5,10,150,95,0.0
44,5,10,150,95,0.29540493557662006
45,5,10,150,95,0.0
46,5,10,150,95,0.0
47,5,10,150,95,0.0
48,5,10,150,95,0.13203079491918646
49,5,10,150,95,0.05432573058142762
52,5,10,150,95,0.06369098129632131
53,5,10,150,95,0.0
54,5,10,150,95,0.0
55,5,10,150,95,0.0
56,5,10,150,95,0.11781210270929884
57,5,10,150,95,0.1318392860374695
58,5,10,150,95,0.43418941507676856
59,5,10,150,95,0.2097967636095035
60,5,10,150,95,0.1076743759411119
61,5,10,150,95,0.0
62,5,10,150,95,0.09586820699422145
63,5,10,150,95,0.0
64,5,10,150,95,0.07635718686081962
65,5,10,150,95,0.2342550150352983
66,5,10,150,95,0.06636133566432367
67,5,10,150,95,0.0
68,5,10,150,95,0.0
69,5,10,150,95,0.0
70,5,10,150,95,0.03243913203930433
71,5,10,150,95,0.20758456043036028
72,5,10,150,95,0.10990826949013655
73,5,10,150,95,0.14308314931855187
74,5,10,150,95,0.0
75,5,10,150,95,0.05515026856924372
76,5,10,150,95,0.10633668103022985
77,5,10,150,95,0.14247142730086715
78,5,10,150,95,0.0
79,5,10,150,95,0.07821312100379274
80,5,10,150,95,0.0
81,5,10,150,95,0.08878770367712427
82,5,10,150,95,0.03187578878809277
83,5,10,150,95,0.07414861528507455
84,5,10,150,95,0.07550980911390262
85,5,10,150,95,0.04734112273659951
86,5,10,150,95,0.0
87,5,10,150,95,0.16641625059082407
88,5,10,150,95,0.18920035951687003
89,5,10,150,95,0.046966485689931024
90,5,10,150,95,0.19659652872125194
91,5,10,150,95,0.0
92,5,10,150,95,0.08374031835175766
93,5,10,150,95,0.0
94,5,10,150,95,0.12253429761719764
95,5,10,150,95,0.07849567312219397
96,5,10,150,95,0.12622583419458475
97,5,10,150,95,0.09376545370390896
98,5,10,150,95,0.0
99,5,10,150,95,0.13337585439143895
100,5,10,150,95,0.0
101,5,10,150,95,0.0
102,5,10,150,95,0.027188631083860992
103,5,10,150,95,0.0
104,5,10,150,95,0.33958467175585033
105,5,10,150,95,0.0
106,5,10,150,95,0.06516188295518531
107,5,10,150,95,0.0
109,5,10,150,95,0.16563719724029594
110,5,10,150,95,0.03203603672019056
111,5,10,150,95,0.0
112,5,10,150,95,0.14155505107215216
113,5,10,150,95,0.0
114,5,10,150,95,0.08274602130532002
115,5,10,150,95,0.0718417865441674
116,5,10,150,95,0.0
117,5,10,150,95,0.08490981601989582
118,5,10,150,95,0.2265416449833316
119,5,10,150,95,0.11016901394047311
120,5,10,150,95,0.0
121,5,10,150,95,0.13032376591037062
122,5,10,150,95,0.0
123,5,10,150,95,0.13720340769293682
124,5,10,150,95,0.0
125,5,10,150,95,0.05446333035917803
126,5,10,150,95,0.0
128,5,10,150,95,0.0
129,5,10,150,95,0.0
130,5,10,150,95,0.21080192078431575
131,5,10,150,95,0.0
132,5,10,150,95,0.0
133,5,10,150,95,0.0
134,5,10,150,95,0.0
135,5,10,150,95,0.0
136,5,10,150,95,0.0
137,5,10,150,95,0.1137075481082292
138,5,10,150,95,0.0976168253917686
139,5,10,150,95,0.10466868931043802
140,5,10,150,95,0.0
141,5,10,150,95,0.04733244938590725
142,5,10,150,95,0.0
143,5,10,150,95,0.0
144,5,10,150,95,0.0
145,5,10,150,95,0.22835480069221242
146,5,10,150,95,0.0
147,5,10,150,95,0.1033846481249528
148,5,10,150,95,0.26071721237610296
149,5,10,150,95,0.0
150,5,10,150,95,0.2640681225725909
151,5,10,150,95,0.1026571794225922
152,5,10,150,95,0.0
153,5,10,150,95,0.0
154,5,10,150,95,0.06416923277158361
155,5,10,150,95,0.0
156,5,10,150,95,0.0
157,5,10,150,95,0.10349529353471887
158,5,10,150,95,0.13830208502611357
159,5,10,150,95,0.23138144801632507
160,5,10,150,95,0.23538511388047798
161,5,10,150,95,0.0
162,5,10,150,95,0.09784076556363268
163,5,10,150,95,0.0
164,5,10,150,95,0.0
165,5,10,150,95,0.0
167,5,10,150,95,0.05319635904163211
168,5,10,150,95,0.05461997784715835
169,5,10,150,95,0.0
170,5,10,150,95,0.0
171,5,10,150,95,0.0
173,5,10,150,95,0.07444401142258321
174,5,10,150,95,0.12795077757424125
175,5,10,150,95,0.21517910082405575
176,5,10,150,95,0.06289692884934815
177,5,10,150,95,0.38113435412202
178,5,10,150,95,0.12597398707460816
179,5,10,150,95,0.09149012142095872
180,5,10,150,95,0.06228974831361337
181,5,10,150,95,0.11680461119565375
182,5,10,150,95,0.0
183,5,10,150,95,0.15101961822780524
184,5,10,150,95,0.0
185,5,10,150,95,0.0
186,5,10,150,95,0.04633132539002164
187,5,10,150,95,0.0
188,5,10,150,95,0.12925733948536566
189,5,10,150,95,0.18890011590178235
190,5,10,150,95,0.0
192,5,10,150,95,0.123151194370365
193,5,10,150,95,0.0
194,5,10,150,95,0.14012129095911344
195,5,10,150,95,0.11787667935667444
196,5,10,150,95,0.0
197,5,10,150,95,0.09546043308946733
198,5,10,150,95,0.0
199,5,10,150,95,0.0
200,5,10,150,95,0.09785159463516042
201,5,10,150,95,0.018702907379956335
202,5,10,150,95,0.10466868931043802
203,5,10,150,95,0.0
204,5,10,150,95,0.19519002499605084
205,5,10,150,95,0.0
206,5,10,150,95,0.0
207,5,10,150,95,0.11073658758229504
208,5,10,150,95,0.0
209,5,10,150,95,0.0
210,5,10,150,95,0.2167516193508568
211,5,10,150,95,0.0
213,5,10,150,95,0.15669163589836543
214,5,10,150,95,0.03841217056892214
216,5,10,150,95,0.23813231172447274
217,5,10,150,95,0.0
218,5,10,150,95,0.0
219,5,10,150,95,0.0
221,5,10,150,95,0.0
222,5,10,150,95,0.1050995674008573
223,5,10,150,95,0.0
224,5,10,150,95,0.0
225,5,10,150,95,0.09077089626867633
226,5,10,150,95,0.19092086617893467
227,5,10,150,95,0.0
228,5,10,150,95,0.0
229,5,10,150,95,0.0
230,5,10,150,95,0.12683081539850163
231,5,10,150,95,0.0
232,5,10,150,95,0.03962341267285813
233,5,10,150,95,0.3062523178880809
234,5,10,150,95,0.18399316939086993
235,5,10,150,95,0.06692738060277027
236,5,10,150,95,0.0
237,5,10,150,95,0.19342640361727081
238,5,10,150,95,0.0
239,5,10,150,95,0.10061052501730822
240,5,10,150,95,0.12495636102304827
241,5,10,150,95,0.0
242,5,10,150,95,0.0
243,5,10,150,95,0.0
244,5,10,150,95,0.049712302565054066
245,5,10,150,95,0.0
246,5,10,150,95,0.0561326498270945
247,5,10,150,95,0.09472348220010487
248,5,10,150,95,0.09472348220010487
249,5,10,150,95,0.09798874944313594
250,5,10,150,95,0.0
251,5,10,150,95,0.13032376591037062
252,5,10,150,95,0.20184908658209985
253,5,10,150,95,0.1084812001944431
254,5,10,150,95,0.08514311764162098
255,5,10,150,95,0.0
256,5,10,150,95,0.1013176985622648
257,5,10,150,95,0.1339616094750857
258,5,10,150,95,0.10144063749941859
259,5,10,150,95,0.1239740444869306
260,5,10,150,95,0.0
261,5,10,150,95,0.0
262,5,10,150,95,0.03365750437567162
263,5,10,150,95,0.0956366800683804
264,5,10,150,95,0.14464369219501386
265,5,10,150,95,0.0
266,5,10,150,95,0.0
267,5,10,150,95,0.17168372277322866
268,5,10,150,95,0.09950548580207201
269,5,10,150,95,0.07200022387224603
270,5,10,150,95,0.07655568961465661
271,5,10,150,95,0.13010624216828925
272,5,10,150,95,0.1702293778633033
273,5,10,150,95,0.0
274,5,10,150,95,0.0
275,5,10,150,95,0.0
276,5,10,150,95,0.15875999922826586
277,5,10,150,95,0.0
278,5,10,150,95,0.1631512196835108
279,5,10,150,95,0.18625181821647357
280,5,10,150,95,0.20222165535157688
281,5,10,150,95,0.0
282,5,10,150,95,0.0
283,5,10,150,95,0.07028063830038406
284,5,10,150,95,0.0
285,5,10,150,95,0.0
286,5,10,150,95,0.09991246976864687
287,5,10,150,95,0.0
288,5,10,150,95,0.0859574327152926
289,5,10,150,95,0.16903020543979225
290,5,10,150,95,0.07834851647149511
291,5,10,150,95,0.07828167840727236
292,5,10,150,95,0.0761512981816583
293,5,10,150,95,0.18884218707725223
294,5,10,150,95,0.0239003177617487
295,5,10,150,95,0.2603201838311303
296,5,10,150,95,0.23769372116405846
297,5,10,150,95,0.0
298,5,10,150,95,0.16915623549474385
299,5,10,150,95,0.021101277594811292
300,5,10,150,95,0.0
301,5,10,150,95,0.06460801587741544
302,5,10,150,95,0.09224219235917257
303,5,10,150,95,0.08773996172943178
304,5,10,150,95,0.0
305,5,10,150,95,0.11349000778741654
306,5,10,150,95,0.0
307,5,10,150,95,0.10778915452451093
308,5,10,150,95,0.13490077762666258
310,5,10,150,95,0.0
311,5,10,150,95,0.13301422444853
312,5,10,150,95,0.1819616199123543
313,5,10,150,95,0.11270402374049442
314,5,10,150,95,0.16600564593053876
315,5,10,150,95,0.037110354711564805
316,5,10,150,95,0.0
317,5,10,150,95,0.0
318,5,10,150,95,0.1642688369468948
319,5,10,150,95,0.0
320,5,10,150,95,0.13927874459665815
321,5,10,150,95,0.0
322,5,10,150,95,0.0
323,5,10,150,95,0.1610425878239398
324,5,10,150,95,0.0
325,5,10,150,95,0.09092803061897883
326,5,10,150,95,0.027288805847552652
327,5,10,150,95,0.04235968262477492
328,5,10,150,95,0.09206364236149692
329,5,10,150,95,0.0
330,5,10,150,95,0.1575843023686395
331,5,10,150,95,0.0
332,5,10,150,95,0.09320485889859448
334,5,10,150,95,0.08141079143310553
335,5,10,150,95,0.16155546744299637
336,5,10,150,95,0.0780824078938463
337,5,10,150,95,0.0
338,5,10,150,95,0.18039889772993523
339,5,10,150,95,0.22956271420203478
340,5,10,150,95,0.12424880528285201
341,5,10,150,95,0.0
342,5,10,150,95,0.40253324907699445
343,5,10,150,95,0.11360727106764587
344,5,10,150,95,0.1202034973803211
345,5,10,150,95,0.18015355216717013
346,5,10,150,95,0.04366879852493834
347,5,10,150,95,0.24434072388563882
348,5,10,150,95,0.0
349,5,10,150,95,0.0
350,5,10,150,95,0.058087171966128066
351,5,10,150,95,0.07977344912567227
352,5,10,150,95,0.1903601622684853
353,5,10,150,95,0.14434031438272124
354,5,10,150,95,0.06335619058732639
355,5,10,150,95,0.0
356,5,10,150,95,0.0
357,5,10,150,95,0.0
358,5,10,150,95,0.06364028872631156
359,5,10,150,95,0.3010299956639812
360,5,10,150,95,0.12982031659526816
361,5,10,150,95,0.09478836436955078
362,5,10,150,95,0.054793185501041654
363,5,10,150,95,0.24101654828754165
364,5,10,150,95,0.0
365,5,10,150,95,0.0
366,5,10,150,95,0.0
367,5,10,150,95,0.06369098129632131
368,5,10,150,95,0.0
369,5,10,150,95,0.0
370,5,10,150,95,0.0
371,5,10,150,95,0.19950301641376814
372,5,10,150,95,0.15130120674940672
373,5,10,150,95,0.22842722979011518
374,5,10,150,95,0.09083869370810833
375,5,10,150,95,0.0
376,5,10,150,95,0.0
377,5,10,150,95,0.0
378,5,10,150,95,0.13635638482251203
379,5,10,150,95,0.08433239722469389
380,5,10,150,95,0.0
381,5,10,150,95,0.03243913203930433
382,5,10,150,95,0.1390935487579673
383,5,10,150,95,0.18543645219162883
384,5,10,150,95,0.0
385,5,10,150,95,0.0
386,5,10,150,95,0.0
387,5,10,150,95,0.08586571489348302
388,5,10,150,95,0.05789711601244791
389,5,10,150,95,0.09284203700798714
390,5,10,150,95,0.0
391,5,10,150,95,0.11245246430543061
392,5,10,150,95,0.2159576593040017
393,5,10,150,95,0.17201528718620057
394,5,10,150,95,0.18425976175120107
395,5,10,150,95,0.033500244056960914
396,5,10,150,95,0.0
397,5,10,150,95,0.17712677699336496
398,5,10,150,95,0.28368572779044043
399,5,10,150,95,0.026175882249243814
400,5,10,150,95,0.0
401,5,10,150,95,0.02839245759615368
402,5,10,150,95,0.0
403,5,10,150,95,0.29144319925450707
404,5,10,150,95,0.0
405,5,10,150,95,0.06437922853441826
406,5,10,150,95,0.07610657727852362
407,5,10,150,95,0.1420260823074358
408,5,10,150,95,0.09983719697789138
409,5,10,150,95,0.05800611307095368
410,5,10,150,95,0.0
411,5,10,150,95,0.17342765698823945
412,5,10,150,95,0.0
413,5,10,150,95,0.0
414,5,10,150,95,0.21398626473452756
415,5,10,150,95,0.0
416,5,10,150,95,0.1691178381508892
417,5,10,150,95,0.11088189053445036
419,5,10,150,95,0.39968436238468874
420,5,10,150,95,0.15209749107189288
421,5,10,150,95,0.08151710573508678
422,5,10,150,95,0.0
423,5,10,150,95,0.13523051443907988
424,5,10,150,95,0.1545659390636425
425,5,10,150,95,0.2840898071472465
426,5,10,150,95,0.13571943816109763
427,5,10,150,95,0.12615224917140136
428,5,10,150,95,0.03967704129387874
429,5,10,150,95,0.16204802448912833
430,5,10,150,95,0.1261446714466394
431,5,10,150,95,0.0
432,5,10,150,95,0.049369952841505485
433,5,10,150,95,0.0
434,5,10,150,95,0.3903800499921017
435,5,10,150,95,0.11347000084585261
436,5,10,150,95,0.12973311796205417
437,5,10,150,95,0.22972973128433707
438,5,10,150,95,0.0
439,5,10,150,95,0.0
440,5,10,150,95,0.06175696970122604
441,5,10,150,95,0.0
442,5,10,150,95,0.045009701661226136
443,5,10,150,95,0.0
445,5,10,150,95,0.0
446,5,10,150,95,0.0
447,5,10,150,95,0.2726897692124621
448,5,10,150,95,0.0
449,5,10,150,95,0.07784399437297408
450,5,10,150,95,0.22640083277136241
451,5,10,150,95,0.0
452,5,10,150,95,0.1353061563511876
453,5,10,150,95,0.029956785715628154
454,5,10,150,95,0.11567097083370319
455,5,10,150,95,0.10936717758288772
456,5,10,150,95,0.07758828619721583
457,5,10,150,95,0.29418445531213994
458,5,10,150,95,0.04507276838148142
459,5,10,150,95,0.0
460,5,10,150,95,0.0
461,5,10,150,95,0.0
462,5,10,150,95,0.0
463,5,10,150,95,0.026903388345470878
464,5,10,150,95,0.043001045588690626
465,5,10,150,95,0.035016337639871845
466,5,10,150,95,0.03947525607388688
467,5,10,150,95,0.1436337620239326
468,5,10,150,95,0.27023868832296544
469,5,10,150,95,0.057417722536754784
470,5,10,150,95,0.0
471,5,10,150,95,0.0
472,5,10,150,95,0.18087703839830116
473,5,10,150,95,0.08754031530847717
474,5,10,150,95,0.34897204770080337
475,5,10,150,95,0.06516188295518531
476,5,10,150,95,0.0
477,5,10,150,95,0.055100238151135045
478,5,10,150,95,0.23782833255689273
479,5,10,150,95,0.07834096783470737
480,5,10,150,95,0.21398626473452756
481,5,10,150,95,0.13863671367752411
482,5,10,150,95,0.0
483,5,10,150,95,0.06912040963822193
484,5,10,150,95,0.09353062527112192
485,5,10,150,95,0.0
486,5,10,150,95,0.10311241692162332
487,5,10,150,95,0.2215000938796789
488,5,10,150,95,0.0
489,5,10,150,95,0.07892364093746373
490,5,10,150,95,0.0
491,5,10,150,95,0.19092086617893467
492,5,10,150,95,0.12471554514794539
493,5,10,150,95,0.06270991162683781
494,5,10,150,95,0.1096312620712655
495,5,10,150,95,0.15115187072926595
496,5,10,150,95,0.05459112561892713
497,5,10,150,95,0.09376377859418034
498,5,10,150,95,0.03855307727568851
499,5,10,150,95,0.1912282106369008
500,5,10,150,95,0.05011951520627559
501,5,10,150,95,0.0
502,5,10,150,95,0.06364028872631156
503,5,10,150,95,0.27534073433896133
504,5,10,150,95,0.0
505,5,10,150,95,0.0
506,5,10,150,95,0.13939295695713902
507,5,10,150,95,0.03371865946438579
508,5,10,150,95,0.0
509,5,10,150,95,0.06474271459046577
510,5,10,150,95,0.0
511,5,10,150,95,0.0
512,5,10,150,95,0.18316925091363362
513,5,10,150,95,0.0461651444771445
514,5,10,150,95,0.10595566933616397
515,5,10,150,95,0.0
516,5,10,150,95,0.13768197790533618
517,5,10,150,95,0.042259191411409554
518,5,10,150,95,0.0
519,5,10,150,95,0.10980194963145926
520,5,10,150,95,0.0
521,5,10,150,95,0.017322902464627605
522,5,10,150,95,0.0
523,5,10,150,95,0.10176933833403237
524,5,10,150,95,0.10258209047527363
525,5,10,150,95,0.0
526,5,10,150,95,0.17292389918997986
527,5,10,150,95,0.14943863047793596
528,5,10,150,95,0.14110144150616766
529,5,10,150,95,0.10471139591065548
530,5,10,150,95,0.0
531,5,10,150,95,0.0
532,5,10,150,95,0.0753129378990445
533,5,10,150,95,0.140097006072795
534,5,10,150,95,0.07450923581469894
535,5,10,150,95,0.2871959083713276
536,5,10,150,95,0.27314750625223144
537,5,10,150,95,0.41529278228020994
538,5,10,150,95,0.0
539,5,10,150,95,0.1560067947598593
540,5,10,150,95,0.027519708785797934
541,5,10,150,95,0.1630698087619573
542,5,10,150,95,0.2251436937097755
543,5,10,150,95,0.10214293143598126
544,5,10,150,95,0.07631352592005593
545,5,10,150,95,0.052962244777770985
546,5,10,150,95,0.15314106296495628
547,5,10,150,95,0.0
548,5,10,150,95,0.09887817980832149
549,5,10,150,95,0.0
550,5,10,150,95,0.13436217909546777
551,5,10,150,95,0.3489886225211944
552,5,10,150,95,0.0
553,5,10,150,95,0.2558682193404399
554,5,10,150,95,0.16600564593053876
555,5,10,150,95,0.0
556,5,10,150,95,0.15950832945941923
557,5,10,150,95,0.053894577262255466
558,5,10,150,95,0.05718685316335169
559,5,10,150,95,0.0734773909038217
560,5,10,150,95,0.2611842705687123
561,5,10,150,95,0.10592276296337293
562,5,10,150,95,0.06240346968106183
563,5,10,150,95,0.0
564,5,10,150,95,0.0
565,5,10,150,95,0.18568675205192314
566,5,10,150,95,0.13665387068436016
567,5,10,150,95,0.17044472484770287
568,5,10,150,95,0.057107346298225524
569,5,10,150,95,0.0336639187988199
570,5,10,150,95,0.0
571,5,10,150,95,0.0
572,5,10,150,95,0.058995070558427745
573,5,10,150,95,0.035908240113829995
574,5,10,150,95,0.07616204594440379
575,5,10,150,95,0.056316753775798256
576,5,10,150,95,0.17342765698823945
577,5,10,150,95,0.22186862389759224
578,5,10,150,95,0.09818998961169394
579,5,10,150,95,0.0
580,5,10,150,95,0.21661076434387644
581,5,10,150,95,0.09212004957367755
582,5,10,150,95,0.028361369701356044
583,5,10,150,95,0.08811076314737627
584,5,10,150,95,0.0
585,5,10,150,95,0.06320275563713697
586,5,10,150,95,0.09195192495929504
587,5,10,150,95,0.0
588,5,10,150,95,0.2234644529330562
589,5,10,150,95,0.09751522916349128
590,5,10,150,95,0.18511573258657482
591,5,10,150,95,0.18151519988771836
592,5,10,150,95,0.24539657481359
593,5,10,150,95,0.1847125373189141
594,5,10,150,95,0.0843142342558857
595,5,10,150,95,0.0
596,5,10,150,95,0.0
597,5,10,150,95,0.0
598,5,10,150,95,0.11752277470724268
599,5,10,150,95,0.16402353420682853
600,5,10,150,95,0.0
601,5,10,150,95,0.026557570376145638
602,5,10,150,95,0.0
603,5,10,150,95,0.06194403202282284
604,5,10,150,95,0.0
605,5,10,150,95,0.10589838376326657
606,5,10,150,95,0.2261814559931926
607,5,10,150,95,0.0
608,5,10,150,95,0.14688428242884272
609,5,10,150,95,0.11838279295536291
610,5,10,150,95,0.05781186855394371
611,5,10,150,95,0.06967022707002284
612,5,10,150,95,0.0
613,5,10,150,95,0.2513035301880791
614,5,10,150,95,0.13886244387355454
615,5,10,150,95,0.11946829980585116
616,5,10,150,95,0.09781579202094404
617,5,10,150,95,0.07286192498233149
618,5,10,150,95,0.16256797914565382
619,5,10,150,95,0.17622915213253285
620,5,10,150,95,0.1451323880538222
621,5,10,150,95,0.13589759152345549
622,5,10,150,95,0.10022910267662996
623,5,10,150,95,0.13369528351530374
624,5,10,150,95,0.019160322430058573
625,5,10,150,95,0.0
626,5,10,150,95,0.04690797720830594
627,5,10,150,95,0.04289205981312439
628,5,10,150,95,0.0
629,5,10,150,95,0.21973291420810612
630,5,10,150,95,0.12522204146604196
631,5,10,150,95,0.09240791929215005
632,5,10,150,95,0.3331495701314084
633,5,10,150,95,0.06965062371918256
634,5,10,150,95,0.023756977677906275
635,5,10,150,95,0.07393190703916604
636,5,10,150,95,0.0
637,5,10,150,95,0.0
638,5,10,150,95,0.15473934503245962
639,5,10,150,95,0.0
640,5,10,150,95,0.08757749316783438
641,5,10,150,95,0.03570665676503816
642,5,10,150,95,0.13207172242143603
643,5,10,150,95,0.15031592367651372
644,5,10,150,95,0.0
645,5,10,150,95,0.1856947245529553
646,5,10,150,95,0.0
647,5,10,150,95,0.03673869545191085
648,5,10,150,95,0.1510121408821335
649,5,10,150,95,0.0
650,5,10,150,95,0.16043216353603468
651,5,10,150,95,0.03443184397772452
652,5,10,150,95,0.0
653,5,10,150,95,0.042464725972586034
654,5,10,150,95,0.17020900230175445
655,5,10,150,95,0.2527867410762835
656,5,10,150,95,0.0
657,5,10,150,95,0.053845569940583225
658,5,10,150,95,0.0
659,5,10,150,95,0.07075240780563574
660,5,10,150,95,0.055410577886609
661,5,10,150,95,0.12705991527984942
662,5,10,150,95,0.0
663,5,10,150,95,0.09211594531187607
664,5,10,150,95,0.05391021349625259
665,5,10,150,95,0.0
666,5,10,150,95,0.07860744541237058
667,5,10,150,95,0.2676806947950803
668,5,10,150,95,0.0
669,5,10,150,95,0.2672968266839232
670,5,10,150,95,0.23442530823344007
671,5,10,150,95,0.17434206503696043
672,5,10,150,95,0.0
673,5,10,150,95,0.0
674,5,10,150,95,0.0
675,5,10,150,95,0.05010834716923557
676,5,10,150,95,0.08008509239634608
677,5,10,150,95,0.03927489746221688
678,5,10,150,95,0.0
679,5,10,150,95,0.26970586372388394
680,5,10,150,95,0.2073612289146658
681,5,10,150,95,0.0
682,5,10,150,95,0.13402650678685213
683,5,10,150,95,0.06289349548893712
684,5,10,150,95,0.0
685,5,10,150,95,0.0
686,5,10,150,95,0.11524934452025383
687,5,10,150,95,0.0
688,5,10,150,95,0.0
689,5,10,150,95,0.32436268379537736
690,5,10,150,95,0.0
691,5,10,150,95,0.0
692,5,10,150,95,0.0
693,5,10,150,95,0.03042314513165654
694,5,10,150,95,0.20269611984358588
695,5,10,150,95,0.0607039656753694
696,5,10,150,95,0.12935879342602336
697,5,10,150,95,0.06378035696304758
698,5,10,150,95,0.09499131598480672
699,5,10,150,95,0.03139866635141006
700,5,10,150,95,0.16958010263680806
701,5,10,150,95,0.04129602134854855
702,5,10,150,95,0.0
703,5,10,150,95,0.03870447337439288
704,5,10,150,95,0.09986079379105446
705,5,10,150,95,0.20609334068785645
706,5,10,150,95,0.0
707,5,10,150,95,0.11204043240783193
708,5,10,150,95,0.0943325796571581
709,5,10,150,95,0.11778692963665513
710,5,10,150,95,0.05710411178654767
711,5,10,150,95,0.15552566999725762
712,5,10,150,95,0.12435918123916344
713,5,10,150,95,0.0
714,5,10,150,95,0.04195229264874745
715,5,10,150,95,0.07261309108674657
716,5,10,150,95,0.17685950388962876
717,5,10,150,95,0.18940567332300148
718,5,10,150,95,0.14061157344379913
719,5,10,150,95,0.1811528335938261
720,5,10,150,95,0.05261577455142312
721,5,10,150,95,0.185399636990879
722,5,10,150,95,0.0
723,5,10,150,95,0.0
724,5,10,150,95,0.0
725,5,10,150,95,0.05750402108673013
726,5,10,150,95,0.2529427027676571
727,5,10,150,95,0.07744455145333913
728,5,10,150,95,0.0
729,5,10,150,95,0.0
730,5,10,150,95,0.0
731,5,10,150,95,0.10343510349900437
732,5,10,150,95,0.0
733,5,10,150,95,0.0
734,5,10,150,95,0.0655813061736612
735,5,10,150,95,0.0
736,5,10,150,95,0.0
737,5,10,150,95,0.16282663249631943
738,5,10,150,95,0.2632431729022225
739,5,10,150,95,0.0
740,5,10,150,95,0.0
741,5,10,150,95,0.10965210684801945
742,5,10,150,95,0.04553761034739079
743,5,10,150,95,0.0814476682319001
744,5,10,150,95,0.08878770367712427
745,5,10,150,95,0.3682049230943936
746,5,10,150,95,0.11450296808588954
747,5,10,150,95,0.32330014477534436
748,5,10,150,95,0.2388856508808849
749,5,10,150,95,0.12209742594985129
750,5,10,150,95,0.07219614103266732
751,5,10,150,95,0.10926529688037187
752,5,10,150,95,0.020210299806331135
753,5,10,150,95,0.15406810205846871
754,5,10,150,95,0.0
755,5,10,150,95,0.067228724047084
756,5,10,150,95,0.12944030246708935
757,5,10,150,95,0.0915370411750422
758,5,10,150,95,0.22030572477893876
759,5,10,150,95,0.038281751104512325
760,5,10,150,95,0.14160135441219726
761,5,10,150,95,0.03339755935325358
762,5,10,150,95,0.11568388634051256
763,5,10,150,95,0.20859185628046678
764,5,10,150,95,0.08207588022692468
765,5,10,150,95,0.0
766,5,10,150,95,0.050541549839211865
767,5,10,150,95,0.2073612289146658
768,5,10,150,95,0.09605101354696702
769,5,10,150,95,0.0
770,5,10,150,95,0.04692206785373726
771,5,10,150,95,0.23417990943974326
772,5,10,150,95,0.03353522641880846
773,5,10,150,95,0.08236155615232364
774,5,10,150,95,0.03551622697259125
775,5,10,150,95,0.0437324968781469
776,5,10,150,95,0.12155614423940549
777,5,10,150,95,0.14445412169961394
778,5,10,150,95,0.024850109207689472
779,5,10,150,95,0.05878132199396477
780,5,10,150,95,0.15888674244174908
781,5,10,150,95,0.24553555323333592
782,5,10,150,95,0.018541156496962186
783,5,10,150,95,0.042447135269629226
784,5,10,150,95,0.0
785,5,10,150,95,0.07685905888147043
786,5,10,150,95,0.13370327844286975
787,5,10,150,95,0.0683037314796457
788,5,10,150,95,0.1527302039456762
789,5,10,150,95,0.059109628562248356
790,5,10,150,95,0.05575678571159265
791,5,10,150,95,0.0
792,5,10,150,95,0.0
793,5,10,150,95,0.037980879109777994
794,5,10,150,95,0.24530465636459906
795,5,10,150,95,0.09354596657002175
796,5,10,150,95,0.2935873244956497
797,5,10,150,95,0.09030583455080088
798,5,10,150,95,0.097915130627047
799,5,10,150,95,0.0
800,5,10,150,95,0.0
801,5,10,150,95,0.03096677356901516
802,5,10,150,95,0.030863419558816
803,5,10,150,95,0.0
804,5,10,150,95,0.12954195771809066
805,5,10,150,95,0.09816847498372397
806,5,10,150,95,0.13891238635540284
807,5,10,150,95,0.19510906471881448
808,5,10,150,95,0.07651544975451595
809,5,10,150,95,0.07484323939884738
810,5,10,150,95,0.0
811,5,10,150,95,0.05062543788674174
812,5,10,150,95,0.0
813,5,10,150,95,0.17367331957930765
814,5,10,150,95,0.16688225797344017
815,5,10,150,95,0.24565985886458913
816,5,10,150,95,0.08005612702969578
817,5,10,150,95,0.0
818,5,10,150,95,0.0
819,5,10,150,95,0.15575997463127336
820,5,10,150,95,0.041641441310299704
821,5,10,150,95,0.19220292042320755
822,5,10,150,95,0.03902876023380719
823,5,10,150,95,0.2982209602555571
824,5,10,150,95,0.0
825,5,10,150,95,0.15040579701752874
826,5,10,150,95,0.12127728358945425
827,5,10,150,95,0.0
828,5,10,150,95,0.08582269009392761
829,5,10,150,95,0.1633399391391799
830,5,10,150,95,0.11558676478688033
831,5,10,150,95,0.26120148292314205
832,5,10,150,95,0.041355644490859725
833,5,10,150,95,0.12521754113248612
834,5,10,150,95,0.09452471710599904
835,5,10,150,95,0.16131021212220273
836,5,10,150,95,0.10882945376944808
837,5,10,150,95,0.04343487513280368
838,5,10,150,95,0.14570435926304814
839,5,10,150,95,0.05646784228340616
840,5,10,150,95,0.27214285597818744
841,5,10,150,95,0.0
842,5,10,150,95,0.03314153504336938
843,5,10,150,95,0.08071252763800758
844,5,10,150,95,0.14767302746812566
845,5,10,150,95,0.0
846,5,10,150,95,0.3179621628930782
847,5,10,150,95,0.019732492740263768
848,5,10,150,95,0.1603590386964882
849,5,10,150,95,0.1917146328376363
850,5,10,150,95,0.24846647105083042
851,5,10,150,95,0.23166605560965894
852,5,10,150,95,0.0
853,5,10,150,95,0.0
854,5,10,150,95,0.1633228319588652
855,5,10,150,95,0.0
856,5,10,150,95,0.0628634487195275
857,5,10,150,95,0.0
858,5,10,150,95,0.0
859,5,10,150,95,0.0
860,5,10,150,95,0.10936418200598706
861,5,10,150,95,0.12001290632387755
862,5,10,150,95,0.3077630499252903
863,5,10,150,95,0.16848699947118498
864,5,10,150,95,0.2374809938683106
865,5,10,150,95,0.030825292165839853
866,5,10,150,95,0.2482726129454347
867,5,10,150,95,0.39469748886845896
868,5,10,150,95,0.13341139870290583
869,5,10,150,95,0.1488917402119443
870,5,10,150,95,0.0997227127322841
871,5,10,150,95,0.23335170418377482
872,5,10,150,95,0.03050926163237471
873,5,10,150,95,0.0
874,5,10,150,95,0.06575393297476358
875,5,10,150,95,0.2615477918023582
876,5,10,150,95,0.0
877,5,10,150,95,0.03487978243545732
878,5,10,150,95,0.048005054499156014
879,5,10,150,95,0.07180913162424091
880,5,10,150,95,0.2734096450483157
881,5,10,150,95,0.2405096436255298
882,5,10,150,95,0.36460331026704923
883,5,10,150,95,0.3069875362654224
884,5,10,150,95,0.028767091820622218
885,5,10,150,95,0.10709607345972089
886,5,10,150,95,0.16748243402053423
887,5,10,150,95,0.1882522497468327
888,5,10,150,95,0.0
889,5,10,150,95,0.18871609315862423
890,5,10,150,95,0.3597186307234815
891,5,10,150,95,0.09013275514532934
892,5,10,150,95,0.3930730989115715
893,5,10,150,95,0.06655191453229989
894,5,10,150,95,0.1648055151379007
895,5,10,150,95,0.0
896,5,10,150,95,0.2965349082015281
897,5,10,150,95,0.22044269289288387
898,5,10,150,95,0.02204583040735582
899,5,10,150,95,0.1528183102111697
900,5,10,150,95,0.11423413779055742
901,5,10,150,95,0.25317004059729414
902,5,10,150,95,0.025255271126572616
903,5,10,150,95,0.30520151924536415
904,5,10,150,95,0.016034870336568776
905,5,10,150,95,0.1476843235467141
906,5,10,150,95,0.06212701143918119
907,5,10,150,95,0.20084294385937643
908,5,10,150,95,0.20640898076180436
909,5,10,150,95,0.0
910,5,10,150,95,0.14111581018360284
911,5,10,150,95,0.08317288751647071
912,5,10,150,95,0.19029170705040452
913,5,10,150,95,0.19374110767191058
914,5,10,150,95,0.0
915,5,10,150,95,0.16744730537056995
916,5,10,150,95,0.16882883300686555
917,5,10,150,95,0.019845431127916993
918,5,10,150,95,0.035648456755093136
919,5,10,150,95,0.11368204571151329
920,5,10,150,95,0.26814570941777965
921,5,10,150,95,0.02477447378142753
922,5,10,150,95,0.1169032834855481
923,5,10,150,95,0.0915484159988582
924,5,10,150,95,0.1306223466470971
925,5,10,150,95,0.08576373115156254
926,5,10,150,95,0.18690891198435525
927,5,10,150,95,0.15271204674326302
928,5,10,150,95,0.225412941472223
929,5,10,150,95,0.11107244313646446
930,5,10,150,95,0.13909680376172495
931,5,10,150,95,0.07406012380799347
932,5,10,150,95,0.30948496555565796
933,5,10,150,95,0.07133451143650081
934,5,10,150,95,0.23550605365682792
935,5,10,150,95,0.043888403129016776
936,5,10,150,95,0.08916659688984403
937,5,10,150,95,0.09560624946230661
938,5,10,150,95,0.08978812887364458
939,5,10,150,95,0.05231692143384187
940,5,10,150,95,0.09469359068019315
941,5,10,150,95,0.2546814962889047
942,5,10,150,95,0.21598570874234851
943,5,10,150,95,0.13543541633278458
1,5,10,150,96,0.4058715898896693
2,5,10,150,96,0.14433828292945616
3,5,10,150,96,0.08759200575528697
4,5,10,150,96,0.0
5,5,10,150,96,0.04470486007704452
6,5,10,150,96,0.04187254809446048
7,5,10,150,96,0.22836484467160698
8,5,10,150,96,0.0
9,5,10,150,96,0.0
10,5,10,150,96,0.3005733545514552
11,5,10,150,96,0.03947525607388688
12,5,10,150,96,0.14632177291384774
13,5,10,150,96,0.24256092752724764
14,5,10,150,96,0.22645209977437805
15,5,10,150,96,0.0
16,5,10,150,96,0.19107502160562695
17,5,10,150,96,0.0
18,5,10,150,96,0.17872418048185143
19,5,10,150,96,0.15602106502222501
20,5,10,150,96,0.13743816645714543
21,5,10,150,96,0.17643857112498312
22,5,10,150,96,0.040815803121742565
23,5,10,150,96,0.10387012192613786
24,5,10,150,96,0.08835266840320231
25,5,10,150,96,0.23940867474021393
26,5,10,150,96,0.027519708785797934
27,5,10,150,96,0.0
28,5,10,150,96,0.10131242160793445
30,5,10,150,96,0.08133484538841967
31,5,10,150,96,0.11164668500969883
32,5,10,150,96,0.19519002499605084
33,5,10,150,96,0.0
34,5,10,150,96,0.0
35,5,10,150,96,0.0
37,5,10,150,96,0.08177471774917201
38,5,10,150,96,0.0
39,5,10,150,96,0.0
40,5,10,150,96,0.0
41,5,10,150,96,0.06835476917178976
42,5,10,150,96,0.08850778826764391
43,5,10,150,96,0.0
44,5,10,150,96,0.29540493557662006
45,5,10,150,96,0.0
46,5,10,150,96,0.0
47,5,10,150,96,0.0
48,5,10,150,96,0.13203079491918646
49,5,10,150,96,0.05432573058142762
52,5,10,150,96,0.06369098129632131
53,5,10,150,96,0.0
54,5,10,150,96,0.0
55,5,10,150,96,0.0
56,5,10,150,96,0.11781210270929884
57,5,10,150,96,0.1318392860374695
58,5,10,150,96,0.43418941507676856
59,5,10,150,96,0.2097967636095035
60,5,10,150,96,0.1076743759411119
61,5,10,150,96,0.0
62,5,10,150,96,0.09586820699422145
63,5,10,150,96,0.0
64,5,10,150,96,0.07635718686081962
65,5,10,150,96,0.2342550150352983
66,5,10,150,96,0.06636133566432367
67,5,10,150,96,0.0
68,5,10,150,96,0.0
69,5,10,150,96,0.0
70,5,10,150,96,0.03243913203930433
71,5,10,150,96,0.20758456043036028
72,5,10,150,96,0.10990826949013655
73,5,10,150,96,0.14308314931855187
74,5,10,150,96,0.0
75,5,10,150,96,0.05515026856924372
76,5,10,150,96,0.10633668103022985
77,5,10,150,96,0.14247142730086715
78,5,10,150,96,0.0
79,5,10,150,96,0.07821312100379274
80,5,10,150,96,0.0
81,5,10,150,96,0.08878770367712427
82,5,10,150,96,0.06016824800539794
83,5,10,150,96,0.07414861528507455
84,5,10,150,96,0.07550980911390262
85,5,10,150,96,0.04734112273659951
86,5,10,150,96,0.0
87,5,10,150,96,0.16641625059082407
88,5,10,150,96,0.18920035951687003
89,5,10,150,96,0.046966485689931024
90,5,10,150,96,0.19659652872125194
91,5,10,150,96,0.0
92,5,10,150,96,0.08374031835175766
93,5,10,150,96,0.0
94,5,10,150,96,0.12253429761719764
95,5,10,150,96,0.07849567312219397
96,5,10,150,96,0.12622583419458475
97,5,10,150,96,0.09376545370390896
98,5,10,150,96,0.0
99,5,10,150,96,0.13337585439143895
100,5,10,150,96,0.0
101,5,10,150,96,0.0
102,5,10,150,96,0.027188631083860992
103,5,10,150,96,0.0
104,5,10,150,96,0.33958467175585033
105,5,10,150,96,0.0
106,5,10,150,96,0.06516188295518531
107,5,10,150,96,0.0
109,5,10,150,96,0.16563719724029594
110,5,10,150,96,0.03203603672019056
111,5,10,150,96,0.0
112,5,10,150,96,0.14155505107215216
113,5,10,150,96,0.0
114,5,10,150,96,0.08274602130532002
115,5,10,150,96,0.0718417865441674
116,5,10,150,96,0.0
117,5,10,150,96,0.08490981601989582
118,5,10,150,96,0.2265416449833316
119,5,10,150,96,0.11016901394047311
120,5,10,150,96,0.0
121,5,10,150,96,0.13032376591037062
122,5,10,150,96,0.0
123,5,10,150,96,0.13720340769293682
124,5,10,150,96,0.0
125,5,10,150,96,0.05446333035917803
126,5,10,150,96,0.0
128,5,10,150,96,0.0
129,5,10,150,96,0.0
130,5,10,150,96,0.21080192078431575
131,5,10,150,96,0.0
132,5,10,150,96,0.0
133,5,10,150,96,0.0
134,5,10,150,96,0.0
135,5,10,150,96,0.0
136,5,10,150,96,0.0
137,5,10,150,96,0.1137075481082292
138,5,10,150,96,0.0976168253917686
139,5,10,150,96,0.10466868931043802
140,5,10,150,96,0.0
141,5,10,150,96,0.04733244938590725
142,5,10,150,96,0.0
143,5,10,150,96,0.0
144,5,10,150,96,0.0
145,5,10,150,96,0.22835480069221242
146,5,10,150,96,0.0
147,5,10,150,96,0.1033846481249528
148,5,10,150,96,0.26071721237610296
149,5,10,150,96,0.0
150,5,10,150,96,0.2640681225725909
151,5,10,150,96,0.1026571794225922
152,5,10,150,96,0.0
153,5,10,150,96,0.0
154,5,10,150,96,0.06416923277158361
155,5,10,150,96,0.0
156,5,10,150,96,0.0
157,5,10,150,96,0.10349529353471887
158,5,10,150,96,0.13830208502611357
159,5,10,150,96,0.23138144801632507
160,5,10,150,96,0.23538511388047798
161,5,10,150,96,0.0
162,5,10,150,96,0.09784076556363268
163,5,10,150,96,0.0
164,5,10,150,96,0.0
165,5,10,150,96,0.0
167,5,10,150,96,0.05319635904163211
168,5,10,150,96,0.05461997784715835
169,5,10,150,96,0.0
170,5,10,150,96,0.0
171,5,10,150,96,0.0
173,5,10,150,96,0.07444401142258321
174,5,10,150,96,0.12795077757424125
175,5,10,150,96,0.21517910082405575
176,5,10,150,96,0.06289692884934815
177,5,10,150,96,0.38113435412202
178,5,10,150,96,0.12597398707460816
179,5,10,150,96,0.09149012142095872
180,5,10,150,96,0.06228974831361337
181,5,10,150,96,0.11680461119565375
182,5,10,150,96,0.0
183,5,10,150,96,0.15101961822780524
184,5,10,150,96,0.0
185,5,10,150,96,0.0
186,5,10,150,96,0.04633132539002164
187,5,10,150,96,0.0
188,5,10,150,96,0.12925733948536566
189,5,10,150,96,0.18890011590178235
190,5,10,150,96,0.0
192,5,10,150,96,0.123151194370365
193,5,10,150,96,0.0
194,5,10,150,96,0.14012129095911344
195,5,10,150,96,0.11787667935667444
196,5,10,150,96,0.0
197,5,10,150,96,0.09546043308946733
198,5,10,150,96,0.0
199,5,10,150,96,0.0
200,5,10,150,96,0.09785159463516042
201,5,10,150,96,0.018702907379956335
202,5,10,150,96,0.10466868931043802
203,5,10,150,96,0.0
204,5,10,150,96,0.19519002499605084
205,5,10,150,96,0.0
206,5,10,150,96,0.0
207,5,10,150,96,0.11073658758229504
208,5,10,150,96,0.0
209,5,10,150,96,0.0
210,5,10,150,96,0.2167516193508568
211,5,10,150,96,0.0
213,5,10,150,96,0.15669163589836543
214,5,10,150,96,0.03841217056892214
216,5,10,150,96,0.23813231172447274
217,5,10,150,96,0.0
218,5,10,150,96,0.0
219,5,10,150,96,0.0
221,5,10,150,96,0.0
222,5,10,150,96,0.1050995674008573
223,5,10,150,96,0.0
224,5,10,150,96,0.0
225,5,10,150,96,0.09077089626867633
226,5,10,150,96,0.19092086617893467
227,5,10,150,96,0.0
228,5,10,150,96,0.0
229,5,10,150,96,0.0
230,5,10,150,96,0.15658241068384463
231,5,10,150,96,0.0
232,5,10,150,96,0.03962341267285813
233,5,10,150,96,0.3062523178880809
234,5,10,150,96,0.18399316939086993
235,5,10,150,96,0.06692738060277027
236,5,10,150,96,0.0
237,5,10,150,96,0.19342640361727081
238,5,10,150,96,0.0
239,5,10,150,96,0.10061052501730822
240,5,10,150,96,0.12495636102304827
241,5,10,150,96,0.0
242,5,10,150,96,0.0
243,5,10,150,96,0.0
244,5,10,150,96,0.049712302565054066
245,5,10,150,96,0.0
246,5,10,150,96,0.0561326498270945
247,5,10,150,96,0.09472348220010487
248,5,10,150,96,0.09472348220010487
249,5,10,150,96,0.09798874944313594
250,5,10,150,96,0.0
251,5,10,150,96,0.13032376591037062
252,5,10,150,96,0.20184908658209985
253,5,10,150,96,0.1084812001944431
254,5,10,150,96,0.08514311764162098
255,5,10,150,96,0.0
256,5,10,150,96,0.1013176985622648
257,5,10,150,96,0.1339616094750857
258,5,10,150,96,0.10144063749941859
259,5,10,150,96,0.1239740444869306
260,5,10,150,96,0.0
261,5,10,150,96,0.0
262,5,10,150,96,0.03365750437567162
263,5,10,150,96,0.0956366800683804
264,5,10,150,96,0.14464369219501386
265,5,10,150,96,0.0
266,5,10,150,96,0.0
267,5,10,150,96,0.17168372277322866
268,5,10,150,96,0.09950548580207201
269,5,10,150,96,0.07200022387224603
270,5,10,150,96,0.07655568961465661
271,5,10,150,96,0.13010624216828925
272,5,10,150,96,0.1702293778633033
273,5,10,150,96,0.0
274,5,10,150,96,0.0
275,5,10,150,96,0.0
276,5,10,150,96,0.15875999922826586
277,5,10,150,96,0.0
278,5,10,150,96,0.1631512196835108
279,5,10,150,96,0.18625181821647357
280,5,10,150,96,0.20222165535157688
281,5,10,150,96,0.0
282,5,10,150,96,0.0
283,5,10,150,96,0.07028063830038406
284,5,10,150,96,0.0
285,5,10,150,96,0.0
286,5,10,150,96,0.09991246976864687
287,5,10,150,96,0.0
288,5,10,150,96,0.0859574327152926
289,5,10,150,96,0.16903020543979225
290,5,10,150,96,0.07834851647149511
291,5,10,150,96,0.07828167840727236
292,5,10,150,96,0.0761512981816583
293,5,10,150,96,0.18884218707725223
294,5,10,150,96,0.0239003177617487
295,5,10,150,96,0.2603201838311303
296,5,10,150,96,0.23769372116405846
297,5,10,150,96,0.0
298,5,10,150,96,0.16915623549474385
299,5,10,150,96,0.04195844571706363
300,5,10,150,96,0.0
301,5,10,150,96,0.06460801587741544
302,5,10,150,96,0.09224219235917257
303,5,10,150,96,0.08773996172943178
304,5,10,150,96,0.0
305,5,10,150,96,0.11349000778741654
306,5,10,150,96,0.0
307,5,10,150,96,0.10778915452451093
308,5,10,150,96,0.13490077762666258
310,5,10,150,96,0.0
311,5,10,150,96,0.13301422444853
312,5,10,150,96,0.1819616199123543
313,5,10,150,96,0.11270402374049442
314,5,10,150,96,0.16600564593053876
315,5,10,150,96,0.037110354711564805
316,5,10,150,96,0.0
317,5,10,150,96,0.0
318,5,10,150,96,0.1642688369468948
319,5,10,150,96,0.0
320,5,10,150,96,0.13927874459665815
321,5,10,150,96,0.0
322,5,10,150,96,0.0
323,5,10,150,96,0.1610425878239398
324,5,10,150,96,0.0
325,5,10,150,96,0.09092803061897883
326,5,10,150,96,0.027288805847552652
327,5,10,150,96,0.04235968262477492
328,5,10,150,96,0.09206364236149692
329,5,10,150,96,0.0
330,5,10,150,96,0.1575843023686395
331,5,10,150,96,0.0
332,5,10,150,96,0.09320485889859448
334,5,10,150,96,0.08141079143310553
335,5,10,150,96,0.16155546744299637
336,5,10,150,96,0.0780824078938463
337,5,10,150,96,0.0
338,5,10,150,96,0.18039889772993523
339,5,10,150,96,0.22956271420203478
340,5,10,150,96,0.12424880528285201
341,5,10,150,96,0.0
342,5,10,150,96,0.40253324907699445
343,5,10,150,96,0.11360727106764587
344,5,10,150,96,0.1202034973803211
345,5,10,150,96,0.18015355216717013
346,5,10,150,96,0.04366879852493834
347,5,10,150,96,0.24434072388563882
348,5,10,150,96,0.0
349,5,10,150,96,0.0
350,5,10,150,96,0.058087171966128066
351,5,10,150,96,0.07977344912567227
352,5,10,150,96,0.1903601622684853
353,5,10,150,96,0.14434031438272124
354,5,10,150,96,0.06335619058732639
355,5,10,150,96,0.0
356,5,10,150,96,0.0
357,5,10,150,96,0.0
358,5,10,150,96,0.06364028872631156
359,5,10,150,96,0.3010299956639812
360,5,10,150,96,0.12982031659526816
361,5,10,150,96,0.09478836436955078
362,5,10,150,96,0.054793185501041654
363,5,10,150,96,0.24101654828754165
364,5,10,150,96,0.0
365,5,10,150,96,0.0
366,5,10,150,96,0.0
367,5,10,150,96,0.06369098129632131
368,5,10,150,96,0.0
369,5,10,150,96,0.0
370,5,10,150,96,0.0
371,5,10,150,96,0.19950301641376814
372,5,10,150,96,0.15130120674940672
373,5,10,150,96,0.22842722979011518
374,5,10,150,96,0.09083869370810833
375,5,10,150,96,0.0
376,5,10,150,96,0.0
377,5,10,150,96,0.0
378,5,10,150,96,0.13635638482251203
379,5,10,150,96,0.08433239722469389
380,5,10,150,96,0.0
381,5,10,150,96,0.03243913203930433
382,5,10,150,96,0.1390935487579673
383,5,10,150,96,0.18543645219162883
384,5,10,150,96,0.0
385,5,10,150,96,0.0
386,5,10,150,96,0.0
387,5,10,150,96,0.08586571489348302
388,5,10,150,96,0.05789711601244791
389,5,10,150,96,0.09284203700798714
390,5,10,150,96,0.0
391,5,10,150,96,0.11245246430543061
392,5,10,150,96,0.2159576593040017
393,5,10,150,96,0.17201528718620057
394,5,10,150,96,0.18425976175120107
395,5,10,150,96,0.033500244056960914
396,5,10,150,96,0.0
397,5,10,150,96,0.17712677699336496
398,5,10,150,96,0.28368572779044043
399,5,10,150,96,0.026175882249243814
400,5,10,150,96,0.0
401,5,10,150,96,0.02839245759615368
402,5,10,150,96,0.0
403,5,10,150,96,0.29144319925450707
404,5,10,150,96,0.0
405,5,10,150,96,0.06437922853441826
406,5,10,150,96,0.07610657727852362
407,5,10,150,96,0.1420260823074358
408,5,10,150,96,0.09983719697789138
409,5,10,150,96,0.05800611307095368
410,5,10,150,96,0.0
411,5,10,150,96,0.17342765698823945
412,5,10,150,96,0.0
413,5,10,150,96,0.0
414,5,10,150,96,0.21398626473452756
415,5,10,150,96,0.0
416,5,10,150,96,0.1691178381508892
417,5,10,150,96,0.11088189053445036
419,5,10,150,96,0.39968436238468874
420,5,10,150,96,0.15209749107189288
421,5,10,150,96,0.08151710573508678
422,5,10,150,96,0.0
423,5,10,150,96,0.13523051443907988
424,5,10,150,96,0.1545659390636425
425,5,10,150,96,0.2840898071472465
426,5,10,150,96,0.13571943816109763
427,5,10,150,96,0.12615224917140136
428,5,10,150,96,0.03967704129387874
429,5,10,150,96,0.16204802448912833
430,5,10,150,96,0.1261446714466394
431,5,10,150,96,0.0
432,5,10,150,96,0.049369952841505485
433,5,10,150,96,0.0
434,5,10,150,96,0.3903800499921017
435,5,10,150,96,0.11347000084585261
436,5,10,150,96,0.12973311796205417
437,5,10,150,96,0.22972973128433707
438,5,10,150,96,0.0
439,5,10,150,96,0.0
440,5,10,150,96,0.06175696970122604
441,5,10,150,96,0.0
442,5,10,150,96,0.06725043118123936
443,5,10,150,96,0.0
445,5,10,150,96,0.0
446,5,10,150,96,0.0
447,5,10,150,96,0.2726897692124621
448,5,10,150,96,0.0
449,5,10,150,96,0.07784399437297408
450,5,10,150,96,0.22640083277136241
451,5,10,150,96,0.0
452,5,10,150,96,0.1353061563511876
453,5,10,150,96,0.029956785715628154
454,5,10,150,96,0.11567097083370319
455,5,10,150,96,0.10936717758288772
456,5,10,150,96,0.07758828619721583
457,5,10,150,96,0.31072277459542313
458,5,10,150,96,0.04507276838148142
459,5,10,150,96,0.0
460,5,10,150,96,0.0
461,5,10,150,96,0.0
462,5,10,150,96,0.0
463,5,10,150,96,0.026903388345470878
464,5,10,150,96,0.08464952481666788
465,5,10,150,96,0.035016337639871845
466,5,10,150,96,0.03947525607388688
467,5,10,150,96,0.1436337620239326
468,5,10,150,96,0.27023868832296544
469,5,10,150,96,0.057417722536754784
470,5,10,150,96,0.0
471,5,10,150,96,0.0
472,5,10,150,96,0.18087703839830116
473,5,10,150,96,0.08754031530847717
474,5,10,150,96,0.34897204770080337
475,5,10,150,96,0.06516188295518531
476,5,10,150,96,0.0
477,5,10,150,96,0.055100238151135045
478,5,10,150,96,0.23782833255689273
479,5,10,150,96,0.07834096783470737
480,5,10,150,96,0.21398626473452756
481,5,10,150,96,0.13863671367752411
482,5,10,150,96,0.0
483,5,10,150,96,0.06912040963822193
484,5,10,150,96,0.09353062527112192
485,5,10,150,96,0.0
486,5,10,150,96,0.10311241692162332
487,5,10,150,96,0.2215000938796789
488,5,10,150,96,0.0
489,5,10,150,96,0.10477386386587244
490,5,10,150,96,0.0
491,5,10,150,96,0.19092086617893467
492,5,10,150,96,0.12471554514794539
493,5,10,150,96,0.06270991162683781
494,5,10,150,96,0.1096312620712655
495,5,10,150,96,0.15115187072926595
496,5,10,150,96,0.05459112561892713
497,5,10,150,96,0.09376377859418034
498,5,10,150,96,0.03855307727568851
499,5,10,150,96,0.1912282106369008
500,5,10,150,96,0.05011951520627559
501,5,10,150,96,0.0
502,5,10,150,96,0.06364028872631156
503,5,10,150,96,0.27534073433896133
504,5,10,150,96,0.0
505,5,10,150,96,0.0
506,5,10,150,96,0.13939295695713902
507,5,10,150,96,0.03371865946438579
508,5,10,150,96,0.0
509,5,10,150,96,0.06474271459046577
510,5,10,150,96,0.0
511,5,10,150,96,0.0
512,5,10,150,96,0.18316925091363362
513,5,10,150,96,0.0461651444771445
514,5,10,150,96,0.10595566933616397
515,5,10,150,96,0.0
516,5,10,150,96,0.13768197790533618
517,5,10,150,96,0.042259191411409554
518,5,10,150,96,0.0
519,5,10,150,96,0.10980194963145926
520,5,10,150,96,0.0
521,5,10,150,96,0.017322902464627605
522,5,10,150,96,0.0
523,5,10,150,96,0.10176933833403237
524,5,10,150,96,0.10258209047527363
525,5,10,150,96,0.0
526,5,10,150,96,0.17292389918997986
527,5,10,150,96,0.14943863047793596
528,5,10,150,96,0.14110144150616766
529,5,10,150,96,0.10471139591065548
530,5,10,150,96,0.0
531,5,10,150,96,0.0
532,5,10,150,96,0.0753129378990445
533,5,10,150,96,0.140097006072795
534,5,10,150,96,0.07450923581469894
535,5,10,150,96,0.2871959083713276
536,5,10,150,96,0.27314750625223144
537,5,10,150,96,0.41529278228020994
538,5,10,150,96,0.0
539,5,10,150,96,0.1560067947598593
540,5,10,150,96,0.027519708785797934
541,5,10,150,96,0.1630698087619573
542,5,10,150,96,0.2251436937097755
543,5,10,150,96,0.10214293143598126
544,5,10,150,96,0.07631352592005593
545,5,10,150,96,0.052962244777770985
546,5,10,150,96,0.15314106296495628
547,5,10,150,96,0.0
548,5,10,150,96,0.11353631647573646
549,5,10,150,96,0.0
550,5,10,150,96,0.13436217909546777
551,5,10,150,96,0.35912221511413334
552,5,10,150,96,0.0
553,5,10,150,96,0.2558682193404399
554,5,10,150,96,0.16600564593053876
555,5,10,150,96,0.0
556,5,10,150,96,0.15950832945941923
557,5,10,150,96,0.053894577262255466
558,5,10,150,96,0.05718685316335169
559,5,10,150,96,0.0734773909038217
560,5,10,150,96,0.2611842705687123
561,5,10,150,96,0.10592276296337293
562,5,10,150,96,0.06240346968106183
563,5,10,150,96,0.0
564,5,10,150,96,0.0
565,5,10,150,96,0.18568675205192314
566,5,10,150,96,0.13665387068436016
567,5,10,150,96,0.17044472484770287
568,5,10,150,96,0.057107346298225524
569,5,10,150,96,0.0336639187988199
570,5,10,150,96,0.0
571,5,10,150,96,0.0
572,5,10,150,96,0.058995070558427745
573,5,10,150,96,0.035908240113829995
574,5,10,150,96,0.07616204594440379
575,5,10,150,96,0.056316753775798256
576,5,10,150,96,0.17342765698823945
577,5,10,150,96,0.22186862389759224
578,5,10,150,96,0.09818998961169394
579,5,10,150,96,0.0
580,5,10,150,96,0.21661076434387644
581,5,10,150,96,0.09212004957367755
582,5,10,150,96,0.028361369701356044
583,5,10,150,96,0.12643592119352937
584,5,10,150,96,0.0
585,5,10,150,96,0.06320275563713697
586,5,10,150,96,0.09195192495929504
587,5,10,150,96,0.0
588,5,10,150,96,0.2234644529330562
589,5,10,150,96,0.09751522916349128
590,5,10,150,96,0.18511573258657482
591,5,10,150,96,0.18151519988771836
592,5,10,150,96,0.24539657481359
593,5,10,150,96,0.1847125373189141
594,5,10,150,96,0.0843142342558857
595,5,10,150,96,0.0
596,5,10,150,96,0.0
597,5,10,150,96,0.0
598,5,10,150,96,0.11752277470724268
599,5,10,150,96,0.16402353420682853
600,5,10,150,96,0.0
601,5,10,150,96,0.026557570376145638
602,5,10,150,96,0.0
603,5,10,150,96,0.06194403202282284
604,5,10,150,96,0.0
605,5,10,150,96,0.10589838376326657
606,5,10,150,96,0.2261814559931926
607,5,10,150,96,0.0
608,5,10,150,96,0.14688428242884272
609,5,10,150,96,0.11838279295536291
610,5,10,150,96,0.05781186855394371
611,5,10,150,96,0.06967022707002284
612,5,10,150,96,0.0
613,5,10,150,96,0.2513035301880791
614,5,10,150,96,0.13886244387355454
615,5,10,150,96,0.11946829980585116
616,5,10,150,96,0.09781579202094404
617,5,10,150,96,0.07286192498233149
618,5,10,150,96,0.16256797914565382
619,5,10,150,96,0.17622915213253285
620,5,10,150,96,0.1451323880538222
621,5,10,150,96,0.13589759152345549
622,5,10,150,96,0.10022910267662996
623,5,10,150,96,0.13369528351530374
624,5,10,150,96,0.019160322430058573
625,5,10,150,96,0.0
626,5,10,150,96,0.04690797720830594
627,5,10,150,96,0.04289205981312439
628,5,10,150,96,0.0
629,5,10,150,96,0.21973291420810612
630,5,10,150,96,0.12522204146604196
631,5,10,150,96,0.09240791929215005
632,5,10,150,96,0.3331495701314084
633,5,10,150,96,0.06965062371918256
634,5,10,150,96,0.023756977677906275
635,5,10,150,96,0.07393190703916604
636,5,10,150,96,0.0
637,5,10,150,96,0.0
638,5,10,150,96,0.15473934503245962
639,5,10,150,96,0.0
640,5,10,150,96,0.08757749316783438
641,5,10,150,96,0.03570665676503816
642,5,10,150,96,0.13207172242143603
643,5,10,150,96,0.15031592367651372
644,5,10,150,96,0.0
645,5,10,150,96,0.1856947245529553
646,5,10,150,96,0.0
647,5,10,150,96,0.03673869545191085
648,5,10,150,96,0.1510121408821335
649,5,10,150,96,0.0
650,5,10,150,96,0.16043216353603468
651,5,10,150,96,0.03443184397772452
652,5,10,150,96,0.0
653,5,10,150,96,0.042464725972586034
654,5,10,150,96,0.17020900230175445
655,5,10,150,96,0.250903301138962
656,5,10,150,96,0.0
657,5,10,150,96,0.053845569940583225
658,5,10,150,96,0.0
659,5,10,150,96,0.07075240780563574
660,5,10,150,96,0.055410577886609
661,5,10,150,96,0.12705991527984942
662,5,10,150,96,0.0
663,5,10,150,96,0.09211594531187607
664,5,10,150,96,0.05391021349625259
665,5,10,150,96,0.0
666,5,10,150,96,0.07860744541237058
667,5,10,150,96,0.2676806947950803
668,5,10,150,96,0.0
669,5,10,150,96,0.2672968266839232
670,5,10,150,96,0.23442530823344007
671,5,10,150,96,0.17434206503696043
672,5,10,150,96,0.0
673,5,10,150,96,0.0
674,5,10,150,96,0.0
675,5,10,150,96,0.05010834716923557
676,5,10,150,96,0.08008509239634608
677,5,10,150,96,0.03927489746221688
678,5,10,150,96,0.0
679,5,10,150,96,0.26970586372388394
680,5,10,150,96,0.2073612289146658
681,5,10,150,96,0.0
682,5,10,150,96,0.1330279145566296
683,5,10,150,96,0.06289349548893712
684,5,10,150,96,0.0
685,5,10,150,96,0.0
686,5,10,150,96,0.11524934452025383
687,5,10,150,96,0.0
688,5,10,150,96,0.0
689,5,10,150,96,0.32436268379537736
690,5,10,150,96,0.0
691,5,10,150,96,0.0
692,5,10,150,96,0.0
693,5,10,150,96,0.03042314513165654
694,5,10,150,96,0.20269611984358588
695,5,10,150,96,0.0607039656753694
696,5,10,150,96,0.12935879342602336
697,5,10,150,96,0.06378035696304758
698,5,10,150,96,0.09499131598480672
699,5,10,150,96,0.03139866635141006
700,5,10,150,96,0.16958010263680806
701,5,10,150,96,0.04129602134854855
702,5,10,150,96,0.0
703,5,10,150,96,0.03870447337439288
704,5,10,150,96,0.09986079379105446
705,5,10,150,96,0.20609334068785645
706,5,10,150,96,0.0
707,5,10,150,96,0.11204043240783193
708,5,10,150,96,0.0943325796571581
709,5,10,150,96,0.11778692963665513
710,5,10,150,96,0.05710411178654767
711,5,10,150,96,0.15552566999725762
712,5,10,150,96,0.12435918123916344
713,5,10,150,96,0.0
714,5,10,150,96,0.04195229264874745
715,5,10,150,96,0.07261309108674657
716,5,10,150,96,0.17685950388962876
717,5,10,150,96,0.18940567332300148
718,5,10,150,96,0.14061157344379913
719,5,10,150,96,0.1811528335938261
720,5,10,150,96,0.05261577455142312
721,5,10,150,96,0.185399636990879
722,5,10,150,96,0.0
723,5,10,150,96,0.0
724,5,10,150,96,0.0
725,5,10,150,96,0.05750402108673013
726,5,10,150,96,0.2529427027676571
727,5,10,150,96,0.07744455145333913
728,5,10,150,96,0.0
729,5,10,150,96,0.0
730,5,10,150,96,0.0
731,5,10,150,96,0.10343510349900437
732,5,10,150,96,0.0
733,5,10,150,96,0.0
734,5,10,150,96,0.0655813061736612
735,5,10,150,96,0.0
736,5,10,150,96,0.0
737,5,10,150,96,0.16282663249631943
738,5,10,150,96,0.2632431729022225
739,5,10,150,96,0.0
740,5,10,150,96,0.0
741,5,10,150,96,0.10965210684801945
742,5,10,150,96,0.04553761034739079
743,5,10,150,96,0.0814476682319001
744,5,10,150,96,0.08878770367712427
745,5,10,150,96,0.3682049230943936
746,5,10,150,96,0.11450296808588954
747,5,10,150,96,0.32330014477534436
748,5,10,150,96,0.2388856508808849
749,5,10,150,96,0.12118771380553943
750,5,10,150,96,0.07219614103266732
751,5,10,150,96,0.10926529688037187
752,5,10,150,96,0.020210299806331135
753,5,10,150,96,0.15406810205846871
754,5,10,150,96,0.0
755,5,10,150,96,0.067228724047084
756,5,10,150,96,0.12944030246708935
757,5,10,150,96,0.10328462161510674
758,5,10,150,96,0.2261149983610891
759,5,10,150,96,0.038281751104512325
760,5,10,150,96,0.14160135441219726
761,5,10,150,96,0.03339755935325358
762,5,10,150,96,0.11568388634051256
763,5,10,150,96,0.20859185628046678
764,5,10,150,96,0.08207588022692468
765,5,10,150,96,0.0
766,5,10,150,96,0.050541549839211865
767,5,10,150,96,0.2073612289146658
768,5,10,150,96,0.09605101354696702
769,5,10,150,96,0.0
770,5,10,150,96,0.04692206785373726
771,5,10,150,96,0.23417990943974326
772,5,10,150,96,0.03353522641880846
773,5,10,150,96,0.08236155615232364
774,5,10,150,96,0.03551622697259125
775,5,10,150,96,0.0437324968781469
776,5,10,150,96,0.12155614423940549
777,5,10,150,96,0.14445412169961394
778,5,10,150,96,0.024850109207689472
779,5,10,150,96,0.05878132199396477
780,5,10,150,96,0.15888674244174908
781,5,10,150,96,0.24553555323333592
782,5,10,150,96,0.018541156496962186
783,5,10,150,96,0.042447135269629226
784,5,10,150,96,0.0
785,5,10,150,96,0.07685905888147043
786,5,10,150,96,0.13370327844286975
787,5,10,150,96,0.0683037314796457
788,5,10,150,96,0.1527302039456762
789,5,10,150,96,0.059109628562248356
790,5,10,150,96,0.05575678571159265
791,5,10,150,96,0.0
792,5,10,150,96,0.0
793,5,10,150,96,0.037980879109777994
794,5,10,150,96,0.24530465636459906
795,5,10,150,96,0.09354596657002175
796,5,10,150,96,0.29885059835095673
797,5,10,150,96,0.09030583455080088
798,5,10,150,96,0.097915130627047
799,5,10,150,96,0.0
800,5,10,150,96,0.0
801,5,10,150,96,0.03096677356901516
802,5,10,150,96,0.030863419558816
803,5,10,150,96,0.0
804,5,10,150,96,0.12857677854893698
805,5,10,150,96,0.09743705044150677
806,5,10,150,96,0.13891238635540284
807,5,10,150,96,0.19510906471881448
808,5,10,150,96,0.07651544975451595
809,5,10,150,96,0.07484323939884738
810,5,10,150,96,0.0
811,5,10,150,96,0.05062543788674174
812,5,10,150,96,0.0
813,5,10,150,96,0.17367331957930765
814,5,10,150,96,0.16688225797344017
815,5,10,150,96,0.24565985886458913
816,5,10,150,96,0.08005612702969578
817,5,10,150,96,0.0
818,5,10,150,96,0.0
819,5,10,150,96,0.15575997463127336
820,5,10,150,96,0.041641441310299704
821,5,10,150,96,0.19220292042320755
822,5,10,150,96,0.03902876023380719
823,5,10,150,96,0.2982209602555571
824,5,10,150,96,0.0
825,5,10,150,96,0.15040579701752874
826,5,10,150,96,0.12127728358945425
827,5,10,150,96,0.0
828,5,10,150,96,0.08582269009392761
829,5,10,150,96,0.1633399391391799
830,5,10,150,96,0.11558676478688033
831,5,10,150,96,0.26120148292314205
832,5,10,150,96,0.041355644490859725
833,5,10,150,96,0.12428458192419063
834,5,10,150,96,0.09452471710599904
835,5,10,150,96,0.16131021212220273
836,5,10,150,96,0.10882945376944808
837,5,10,150,96,0.04343487513280368
838,5,10,150,96,0.14570435926304814
839,5,10,150,96,0.05646784228340616
840,5,10,150,96,0.27214285597818744
841,5,10,150,96,0.0
842,5,10,150,96,0.03314153504336938
843,5,10,150,96,0.08071252763800758
844,5,10,150,96,0.14767302746812566
845,5,10,150,96,0.0
846,5,10,150,96,0.3155931199852097
847,5,10,150,96,0.019732492740263768
848,5,10,150,96,0.16899185909757053
849,5,10,150,96,0.1917146328376363
850,5,10,150,96,0.24846647105083042
851,5,10,150,96,0.22993997971106062
852,5,10,150,96,0.0
853,5,10,150,96,0.0
854,5,10,150,96,0.16210596139406389
855,5,10,150,96,0.0
856,5,10,150,96,0.0628634487195275
857,5,10,150,96,0.0
858,5,10,150,96,0.0
859,5,10,150,96,0.0
860,5,10,150,96,0.10936418200598706
861,5,10,150,96,0.12001290632387755
862,5,10,150,96,0.3077630499252903
863,5,10,150,96,0.16848699947118498
864,5,10,150,96,0.23571159256861418
865,5,10,150,96,0.030825292165839853
866,5,10,150,96,0.2482726129454347
867,5,10,150,96,0.39469748886845896
868,5,10,150,96,0.13241738946278053
869,5,10,150,96,0.16661285789234428
870,5,10,150,96,0.10643041500450033
871,5,10,150,96,0.23335170418377482
872,5,10,150,96,0.04352179476432679
873,5,10,150,96,0.0
874,5,10,150,96,0.06575393297476358
875,5,10,150,96,0.2615477918023582
876,5,10,150,96,0.0
877,5,10,150,96,0.03487978243545732
878,5,10,150,96,0.048005054499156014
879,5,10,150,96,0.07180913162424091
880,5,10,150,96,0.2713725498963295
881,5,10,150,96,0.23871767674393374
882,5,10,150,96,0.37308349280751624
883,5,10,150,96,0.30470026208482065
884,5,10,150,96,0.028767091820622218
885,5,10,150,96,0.10709607345972089
886,5,10,150,96,0.17368527846408155
887,5,10,150,96,0.18684963739479948
888,5,10,150,96,0.0
889,5,10,150,96,0.18731002484524306
890,5,10,150,96,0.3597186307234815
891,5,10,150,96,0.09013275514532934
892,5,10,150,96,0.39014442642809904
893,5,10,150,96,0.06655191453229989
894,5,10,150,96,0.16357759753518158
895,5,10,150,96,0.0
896,5,10,150,96,0.2943255134898482
897,5,10,150,96,0.2188002389812688
898,5,10,150,96,0.02204583040735582
899,5,10,150,96,0.1528183102111697
900,5,10,150,96,0.11423413779055742
901,5,10,150,96,0.25317004059729414
902,5,10,150,96,0.025255271126572616
903,5,10,150,96,0.30520151924536415
904,5,10,150,96,0.016034870336568776
905,5,10,150,96,0.1476843235467141
906,5,10,150,96,0.06212701143918119
907,5,10,150,96,0.20679722891926158
908,5,10,150,96,0.20640898076180436
909,5,10,150,96,0.0
910,5,10,150,96,0.14111581018360284
911,5,10,150,96,0.08317288751647071
912,5,10,150,96,0.19029170705040452
913,5,10,150,96,0.19374110767191058
914,5,10,150,96,0.0
915,5,10,150,96,0.16744730537056995
916,5,10,150,96,0.1675709388415993
917,5,10,150,96,0.019845431127916993
918,5,10,150,96,0.035648456755093136
919,5,10,150,96,0.1128350340995203
920,5,10,150,96,0.26814570941777965
921,5,10,150,96,0.02477447378142753
922,5,10,150,96,0.1169032834855481
923,5,10,150,96,0.0915484159988582
924,5,10,150,96,0.1306223466470971
925,5,10,150,96,0.08576373115156254
926,5,10,150,96,0.18690891198435525
927,5,10,150,96,0.15271204674326302
928,5,10,150,96,0.225412941472223
929,5,10,150,96,0.11107244313646446
930,5,10,150,96,0.13909680376172495
931,5,10,150,96,0.07406012380799347
932,5,10,150,96,0.31462979074568237
933,5,10,150,96,0.07080301889390625
934,5,10,150,96,0.23375136705795915
935,5,10,150,96,0.043888403129016776
936,5,10,150,96,0.08850224270361437
937,5,10,150,96,0.09560624946230661
938,5,10,150,96,0.08978812887364458
939,5,10,150,96,0.05231692143384187
940,5,10,150,96,0.09469359068019315
941,5,10,150,96,0.2546814962889047
942,5,10,150,96,0.22823827766564506
943,5,10,150,96,0.13442632673036764
1,5,10,150,97,0.4058715898896693
2,5,10,150,97,0.14433828292945616
3,5,10,150,97,0.08759200575528697
4,5,10,150,97,0.0
5,5,10,150,97,0.04470486007704452
6,5,10,150,97,0.04187254809446048
7,5,10,150,97,0.22836484467160698
8,5,10,150,97,0.0
9,5,10,150,97,0.0
10,5,10,150,97,0.3005733545514552
11,5,10,150,97,0.03947525607388688
12,5,10,150,97,0.14632177291384774
13,5,10,150,97,0.24256092752724764
14,5,10,150,97,0.22645209977437805
15,5,10,150,97,0.0
16,5,10,150,97,0.19107502160562695
17,5,10,150,97,0.0
18,5,10,150,97,0.17872418048185143
19,5,10,150,97,0.15602106502222501
20,5,10,150,97,0.13743816645714543
21,5,10,150,97,0.17643857112498312
22,5,10,150,97,0.040815803121742565
23,5,10,150,97,0.10387012192613786
24,5,10,150,97,0.08835266840320231
25,5,10,150,97,0.23940867474021393
26,5,10,150,97,0.027519708785797934
27,5,10,150,97,0.0
28,5,10,150,97,0.10131242160793445
30,5,10,150,97,0.08133484538841967
31,5,10,150,97,0.11164668500969883
32,5,10,150,97,0.19519002499605084
33,5,10,150,97,0.0
34,5,10,150,97,0.0
35,5,10,150,97,0.0
37,5,10,150,97,0.08177471774917201
38,5,10,150,97,0.0
39,5,10,150,97,0.0
40,5,10,150,97,0.0
41,5,10,150,97,0.06835476917178976
42,5,10,150,97,0.08850778826764391
43,5,10,150,97,0.0
44,5,10,150,97,0.29540493557662006
45,5,10,150,97,0.0
46,5,10,150,97,0.0
47,5,10,150,97,0.0
48,5,10,150,97,0.13203079491918646
49,5,10,150,97,0.05432573058142762
52,5,10,150,97,0.06369098129632131
53,5,10,150,97,0.0
54,5,10,150,97,0.0
55,5,10,150,97,0.0
56,5,10,150,97,0.11781210270929884
57,5,10,150,97,0.1318392860374695
58,5,10,150,97,0.43418941507676856
59,5,10,150,97,0.2097967636095035
60,5,10,150,97,0.1076743759411119
61,5,10,150,97,0.0
62,5,10,150,97,0.09586820699422145
63,5,10,150,97,0.0
64,5,10,150,97,0.07635718686081962
65,5,10,150,97,0.2342550150352983
66,5,10,150,97,0.06636133566432367
67,5,10,150,97,0.0
68,5,10,150,97,0.0
69,5,10,150,97,0.0
70,5,10,150,97,0.03243913203930433
71,5,10,150,97,0.20758456043036028
72,5,10,150,97,0.10990826949013655
73,5,10,150,97,0.14308314931855187
74,5,10,150,97,0.0
75,5,10,150,97,0.05515026856924372
76,5,10,150,97,0.10633668103022985
77,5,10,150,97,0.14247142730086715
78,5,10,150,97,0.0
79,5,10,150,97,0.07821312100379274
80,5,10,150,97,0.0
81,5,10,150,97,0.08878770367712427
82,5,10,150,97,0.06016824800539794
83,5,10,150,97,0.07414861528507455
84,5,10,150,97,0.07550980911390262
85,5,10,150,97,0.04734112273659951
86,5,10,150,97,0.0
87,5,10,150,97,0.16641625059082407
88,5,10,150,97,0.18920035951687003
89,5,10,150,97,0.046966485689931024
90,5,10,150,97,0.19659652872125194
91,5,10,150,97,0.0
92,5,10,150,97,0.08374031835175766
93,5,10,150,97,0.0
94,5,10,150,97,0.12253429761719764
95,5,10,150,97,0.07849567312219397
96,5,10,150,97,0.12622583419458475
97,5,10,150,97,0.09376545370390896
98,5,10,150,97,0.0
99,5,10,150,97,0.13337585439143895
100,5,10,150,97,0.0
101,5,10,150,97,0.0
102,5,10,150,97,0.027188631083860992
103,5,10,150,97,0.0
104,5,10,150,97,0.33958467175585033
105,5,10,150,97,0.0
106,5,10,150,97,0.06516188295518531
107,5,10,150,97,0.0
109,5,10,150,97,0.16563719724029594
110,5,10,150,97,0.03203603672019056
111,5,10,150,97,0.0
112,5,10,150,97,0.14155505107215216
113,5,10,150,97,0.0
114,5,10,150,97,0.08274602130532002
115,5,10,150,97,0.0718417865441674
116,5,10,150,97,0.0
117,5,10,150,97,0.08490981601989582
118,5,10,150,97,0.2265416449833316
119,5,10,150,97,0.11016901394047311
120,5,10,150,97,0.0
121,5,10,150,97,0.13032376591037062
122,5,10,150,97,0.0
123,5,10,150,97,0.13720340769293682
124,5,10,150,97,0.0
125,5,10,150,97,0.05446333035917803
126,5,10,150,97,0.0
128,5,10,150,97,0.0
129,5,10,150,97,0.0
130,5,10,150,97,0.21080192078431575
131,5,10,150,97,0.0
132,5,10,150,97,0.0
133,5,10,150,97,0.0
134,5,10,150,97,0.0
135,5,10,150,97,0.0
136,5,10,150,97,0.0
137,5,10,150,97,0.1137075481082292
138,5,10,150,97,0.0976168253917686
139,5,10,150,97,0.10466868931043802
140,5,10,150,97,0.0
141,5,10,150,97,0.04733244938590725
142,5,10,150,97,0.0
143,5,10,150,97,0.0
144,5,10,150,97,0.0
145,5,10,150,97,0.22835480069221242
146,5,10,150,97,0.0
147,5,10,150,97,0.1033846481249528
148,5,10,150,97,0.26071721237610296
149,5,10,150,97,0.0
150,5,10,150,97,0.2640681225725909
151,5,10,150,97,0.1026571794225922
152,5,10,150,97,0.0
153,5,10,150,97,0.0
154,5,10,150,97,0.06416923277158361
155,5,10,150,97,0.0
156,5,10,150,97,0.0
157,5,10,150,97,0.10349529353471887
158,5,10,150,97,0.13830208502611357
159,5,10,150,97,0.23138144801632507
160,5,10,150,97,0.23538511388047798
161,5,10,150,97,0.0
162,5,10,150,97,0.09784076556363268
163,5,10,150,97,0.0
164,5,10,150,97,0.0
165,5,10,150,97,0.0
167,5,10,150,97,0.05319635904163211
168,5,10,150,97,0.05461997784715835
169,5,10,150,97,0.0
170,5,10,150,97,0.0
171,5,10,150,97,0.0
173,5,10,150,97,0.07444401142258321
174,5,10,150,97,0.12795077757424125
175,5,10,150,97,0.21517910082405575
176,5,10,150,97,0.06289692884934815
177,5,10,150,97,0.38113435412202
178,5,10,150,97,0.12597398707460816
179,5,10,150,97,0.09149012142095872
180,5,10,150,97,0.06228974831361337
181,5,10,150,97,0.11680461119565375
182,5,10,150,97,0.0
183,5,10,150,97,0.15101961822780524
184,5,10,150,97,0.0
185,5,10,150,97,0.0
186,5,10,150,97,0.04633132539002164
187,5,10,150,97,0.0
188,5,10,150,97,0.12925733948536566
189,5,10,150,97,0.18890011590178235
190,5,10,150,97,0.04574689149336223
192,5,10,150,97,0.123151194370365
193,5,10,150,97,0.0
194,5,10,150,97,0.14012129095911344
195,5,10,150,97,0.11787667935667444
196,5,10,150,97,0.0
197,5,10,150,97,0.09546043308946733
198,5,10,150,97,0.0
199,5,10,150,97,0.0
200,5,10,150,97,0.09785159463516042
201,5,10,150,97,0.018702907379956335
202,5,10,150,97,0.10466868931043802
203,5,10,150,97,0.0
204,5,10,150,97,0.19519002499605084
205,5,10,150,97,0.0
206,5,10,150,97,0.0
207,5,10,150,97,0.11073658758229504
208,5,10,150,97,0.0
209,5,10,150,97,0.0
210,5,10,150,97,0.2167516193508568
211,5,10,150,97,0.0
213,5,10,150,97,0.15669163589836543
214,5,10,150,97,0.03841217056892214
216,5,10,150,97,0.23813231172447274
217,5,10,150,97,0.0
218,5,10,150,97,0.0
219,5,10,150,97,0.0
221,5,10,150,97,0.0
222,5,10,150,97,0.1050995674008573
223,5,10,150,97,0.0
224,5,10,150,97,0.029685041434429592
225,5,10,150,97,0.09077089626867633
226,5,10,150,97,0.19092086617893467
227,5,10,150,97,0.0
228,5,10,150,97,0.0
229,5,10,150,97,0.0
230,5,10,150,97,0.18626745211827422
231,5,10,150,97,0.0
232,5,10,150,97,0.03962341267285813
233,5,10,150,97,0.3062523178880809
234,5,10,150,97,0.18399316939086993
235,5,10,150,97,0.06692738060277027
236,5,10,150,97,0.0
237,5,10,150,97,0.19342640361727081
238,5,10,150,97,0.0
239,5,10,150,97,0.10061052501730822
240,5,10,150,97,0.12495636102304827
241,5,10,150,97,0.0
242,5,10,150,97,0.0
243,5,10,150,97,0.0
244,5,10,150,97,0.049712302565054066
245,5,10,150,97,0.0
246,5,10,150,97,0.0561326498270945
247,5,10,150,97,0.09472348220010487
248,5,10,150,97,0.09472348220010487
249,5,10,150,97,0.09798874944313594
250,5,10,150,97,0.0
251,5,10,150,97,0.13032376591037062
252,5,10,150,97,0.20184908658209985
253,5,10,150,97,0.1084812001944431
254,5,10,150,97,0.08514311764162098
255,5,10,150,97,0.0
256,5,10,150,97,0.1013176985622648
257,5,10,150,97,0.1339616094750857
258,5,10,150,97,0.10144063749941859
259,5,10,150,97,0.1239740444869306
260,5,10,150,97,0.0
261,5,10,150,97,0.0
262,5,10,150,97,0.03365750437567162
263,5,10,150,97,0.0956366800683804
264,5,10,150,97,0.14464369219501386
265,5,10,150,97,0.0
266,5,10,150,97,0.0
267,5,10,150,97,0.17168372277322866
268,5,10,150,97,0.09950548580207201
269,5,10,150,97,0.07200022387224603
270,5,10,150,97,0.07655568961465661
271,5,10,150,97,0.13010624216828925
272,5,10,150,97,0.1702293778633033
273,5,10,150,97,0.0
274,5,10,150,97,0.0
275,5,10,150,97,0.0
276,5,10,150,97,0.15875999922826586
277,5,10,150,97,0.0
278,5,10,150,97,0.1631512196835108
279,5,10,150,97,0.18625181821647357
280,5,10,150,97,0.20222165535157688
281,5,10,150,97,0.0
282,5,10,150,97,0.0
283,5,10,150,97,0.07028063830038406
284,5,10,150,97,0.0
285,5,10,150,97,0.0
286,5,10,150,97,0.09991246976864687
287,5,10,150,97,0.0
288,5,10,150,97,0.0859574327152926
289,5,10,150,97,0.16903020543979225
290,5,10,150,97,0.07834851647149511
291,5,10,150,97,0.07828167840727236
292,5,10,150,97,0.0761512981816583
293,5,10,150,97,0.18884218707725223
294,5,10,150,97,0.0239003177617487
295,5,10,150,97,0.2603201838311303
296,5,10,150,97,0.23769372116405846
297,5,10,150,97,0.0
298,5,10,150,97,0.16915623549474385
299,5,10,150,97,0.04195844571706363
300,5,10,150,97,0.0
301,5,10,150,97,0.06460801587741544
302,5,10,150,97,0.09224219235917257
303,5,10,150,97,0.08773996172943178
304,5,10,150,97,0.0
305,5,10,150,97,0.11349000778741654
306,5,10,150,97,0.0
307,5,10,150,97,0.10778915452451093
308,5,10,150,97,0.13490077762666258
310,5,10,150,97,0.0
311,5,10,150,97,0.13301422444853
312,5,10,150,97,0.1819616199123543
313,5,10,150,97,0.11270402374049442
314,5,10,150,97,0.16600564593053876
315,5,10,150,97,0.037110354711564805
316,5,10,150,97,0.0
317,5,10,150,97,0.0
318,5,10,150,97,0.1642688369468948
319,5,10,150,97,0.0
320,5,10,150,97,0.13927874459665815
321,5,10,150,97,0.0
322,5,10,150,97,0.0
323,5,10,150,97,0.1610425878239398
324,5,10,150,97,0.0
325,5,10,150,97,0.09092803061897883
326,5,10,150,97,0.027288805847552652
327,5,10,150,97,0.04235968262477492
328,5,10,150,97,0.09206364236149692
329,5,10,150,97,0.0
330,5,10,150,97,0.1575843023686395
331,5,10,150,97,0.0
332,5,10,150,97,0.09320485889859448
334,5,10,150,97,0.08141079143310553
335,5,10,150,97,0.16155546744299637
336,5,10,150,97,0.0780824078938463
337,5,10,150,97,0.0
338,5,10,150,97,0.18039889772993523
339,5,10,150,97,0.22956271420203478
340,5,10,150,97,0.12424880528285201
341,5,10,150,97,0.0
342,5,10,150,97,0.40253324907699445
343,5,10,150,97,0.11360727106764587
344,5,10,150,97,0.1202034973803211
345,5,10,150,97,0.18015355216717013
346,5,10,150,97,0.04366879852493834
347,5,10,150,97,0.24434072388563882
348,5,10,150,97,0.0
349,5,10,150,97,0.0
350,5,10,150,97,0.058087171966128066
351,5,10,150,97,0.07977344912567227
352,5,10,150,97,0.1903601622684853
353,5,10,150,97,0.14434031438272124
354,5,10,150,97,0.06335619058732639
355,5,10,150,97,0.0
356,5,10,150,97,0.0
357,5,10,150,97,0.0
358,5,10,150,97,0.06364028872631156
359,5,10,150,97,0.3010299956639812
360,5,10,150,97,0.12982031659526816
361,5,10,150,97,0.09478836436955078
362,5,10,150,97,0.054793185501041654
363,5,10,150,97,0.24101654828754165
364,5,10,150,97,0.0
365,5,10,150,97,0.0
366,5,10,150,97,0.0
367,5,10,150,97,0.06369098129632131
368,5,10,150,97,0.0
369,5,10,150,97,0.0
370,5,10,150,97,0.0
371,5,10,150,97,0.19950301641376814
372,5,10,150,97,0.15130120674940672
373,5,10,150,97,0.22842722979011518
374,5,10,150,97,0.09083869370810833
375,5,10,150,97,0.0
376,5,10,150,97,0.0
377,5,10,150,97,0.0
378,5,10,150,97,0.13635638482251203
379,5,10,150,97,0.08433239722469389
380,5,10,150,97,0.0
381,5,10,150,97,0.03243913203930433
382,5,10,150,97,0.1390935487579673
383,5,10,150,97,0.18543645219162883
384,5,10,150,97,0.0
385,5,10,150,97,0.0
386,5,10,150,97,0.0
387,5,10,150,97,0.08586571489348302
388,5,10,150,97,0.05789711601244791
389,5,10,150,97,0.09284203700798714
390,5,10,150,97,0.0
391,5,10,150,97,0.11245246430543061
392,5,10,150,97,0.24923073877155918
393,5,10,150,97,0.18286167708612477
394,5,10,150,97,0.18425976175120107
395,5,10,150,97,0.033500244056960914
396,5,10,150,97,0.0
397,5,10,150,97,0.17712677699336496
398,5,10,150,97,0.28368572779044043
399,5,10,150,97,0.026175882249243814
400,5,10,150,97,0.0
401,5,10,150,97,0.02839245759615368
402,5,10,150,97,0.0
403,5,10,150,97,0.29144319925450707
404,5,10,150,97,0.0
405,5,10,150,97,0.06437922853441826
406,5,10,150,97,0.07610657727852362
407,5,10,150,97,0.1420260823074358
408,5,10,150,97,0.09983719697789138
409,5,10,150,97,0.05800611307095368
410,5,10,150,97,0.0
411,5,10,150,97,0.17342765698823945
412,5,10,150,97,0.0
413,5,10,150,97,0.0
414,5,10,150,97,0.21398626473452756
415,5,10,150,97,0.0
416,5,10,150,97,0.1691178381508892
417,5,10,150,97,0.11088189053445036
419,5,10,150,97,0.39968436238468874
420,5,10,150,97,0.15209749107189288
421,5,10,150,97,0.08151710573508678
422,5,10,150,97,0.0
423,5,10,150,97,0.13523051443907988
424,5,10,150,97,0.1545659390636425
425,5,10,150,97,0.2840898071472465
426,5,10,150,97,0.13571943816109763
427,5,10,150,97,0.12615224917140136
428,5,10,150,97,0.03967704129387874
429,5,10,150,97,0.16204802448912833
430,5,10,150,97,0.1261446714466394
431,5,10,150,97,0.0
432,5,10,150,97,0.049369952841505485
433,5,10,150,97,0.0
434,5,10,150,97,0.3903800499921017
435,5,10,150,97,0.11347000084585261
436,5,10,150,97,0.12973311796205417
437,5,10,150,97,0.22972973128433707
438,5,10,150,97,0.0
439,5,10,150,97,0.0
440,5,10,150,97,0.06175696970122604
441,5,10,150,97,0.0
442,5,10,150,97,0.06725043118123936
443,5,10,150,97,0.0
445,5,10,150,97,0.0
446,5,10,150,97,0.0
447,5,10,150,97,0.2726897692124621
448,5,10,150,97,0.0
449,5,10,150,97,0.10752903580740367
450,5,10,150,97,0.22640083277136241
451,5,10,150,97,0.0
452,5,10,150,97,0.1353061563511876
453,5,10,150,97,0.029956785715628154
454,5,10,150,97,0.11567097083370319
455,5,10,150,97,0.10936717758288772
456,5,10,150,97,0.07758828619721583
457,5,10,150,97,0.31072277459542313
458,5,10,150,97,0.04507276838148142
459,5,10,150,97,0.0
460,5,10,150,97,0.0
461,5,10,150,97,0.0
462,5,10,150,97,0.0
463,5,10,150,97,0.026903388345470878
464,5,10,150,97,0.08464952481666788
465,5,10,150,97,0.035016337639871845
466,5,10,150,97,0.03947525607388688
467,5,10,150,97,0.1436337620239326
468,5,10,150,97,0.27023868832296544
469,5,10,150,97,0.057417722536754784
470,5,10,150,97,0.0
471,5,10,150,97,0.0
472,5,10,150,97,0.18087703839830116
473,5,10,150,97,0.08754031530847717
474,5,10,150,97,0.34897204770080337
475,5,10,150,97,0.06516188295518531
476,5,10,150,97,0.0
477,5,10,150,97,0.055100238151135045
478,5,10,150,97,0.23782833255689273
479,5,10,150,97,0.07834096783470737
480,5,10,150,97,0.21398626473452756
481,5,10,150,97,0.13863671367752411
482,5,10,150,97,0.0
483,5,10,150,97,0.06912040963822193
484,5,10,150,97,0.09353062527112192
485,5,10,150,97,0.0
486,5,10,150,97,0.10311241692162332
487,5,10,150,97,0.2215000938796789
488,5,10,150,97,0.0
489,5,10,150,97,0.10477386386587244
490,5,10,150,97,0.0
491,5,10,150,97,0.19092086617893467
492,5,10,150,97,0.12471554514794539
493,5,10,150,97,0.06270991162683781
494,5,10,150,97,0.1096312620712655
495,5,10,150,97,0.15115187072926595
496,5,10,150,97,0.05459112561892713
497,5,10,150,97,0.10616855009853873
498,5,10,150,97,0.03855307727568851
499,5,10,150,97,0.1912282106369008
500,5,10,150,97,0.05011951520627559
501,5,10,150,97,0.0
502,5,10,150,97,0.06364028872631156
503,5,10,150,97,0.27534073433896133
504,5,10,150,97,0.0
505,5,10,150,97,0.0
506,5,10,150,97,0.13939295695713902
507,5,10,150,97,0.03371865946438579
508,5,10,150,97,0.0
509,5,10,150,97,0.06474271459046577
510,5,10,150,97,0.0
511,5,10,150,97,0.0
512,5,10,150,97,0.18316925091363362
513,5,10,150,97,0.0461651444771445
514,5,10,150,97,0.10595566933616397
515,5,10,150,97,0.0
516,5,10,150,97,0.13768197790533618
517,5,10,150,97,0.042259191411409554
518,5,10,150,97,0.0
519,5,10,150,97,0.10980194963145926
520,5,10,150,97,0.0
521,5,10,150,97,0.017322902464627605
522,5,10,150,97,0.0
523,5,10,150,97,0.12396031569176709
524,5,10,150,97,0.10258209047527363
525,5,10,150,97,0.0
526,5,10,150,97,0.17292389918997986
527,5,10,150,97,0.14943863047793596
528,5,10,150,97,0.14110144150616766
529,5,10,150,97,0.10471139591065548
530,5,10,150,97,0.0
531,5,10,150,97,0.0
532,5,10,150,97,0.0753129378990445
533,5,10,150,97,0.140097006072795
534,5,10,150,97,0.07450923581469894
535,5,10,150,97,0.2871959083713276
536,5,10,150,97,0.27314750625223144
537,5,10,150,97,0.41529278228020994
538,5,10,150,97,0.0
539,5,10,150,97,0.1560067947598593
540,5,10,150,97,0.027519708785797934
541,5,10,150,97,0.1630698087619573
542,5,10,150,97,0.2251436937097755
543,5,10,150,97,0.10214293143598126
544,5,10,150,97,0.07631352592005593
545,5,10,150,97,0.052962244777770985
546,5,10,150,97,0.15314106296495628
547,5,10,150,97,0.0
548,5,10,150,97,0.11353631647573646
549,5,10,150,97,0.0
550,5,10,150,97,0.13436217909546777
551,5,10,150,97,0.35912221511413334
552,5,10,150,97,0.0
553,5,10,150,97,0.2558682193404399
554,5,10,150,97,0.16600564593053876
555,5,10,150,97,0.0
556,5,10,150,97,0.15950832945941923
557,5,10,150,97,0.053894577262255466
558,5,10,150,97,0.05718685316335169
559,5,10,150,97,0.0734773909038217
560,5,10,150,97,0.2611842705687123
561,5,10,150,97,0.10592276296337293
562,5,10,150,97,0.06240346968106183
563,5,10,150,97,0.0
564,5,10,150,97,0.0
565,5,10,150,97,0.18568675205192314
566,5,10,150,97,0.13665387068436016
567,5,10,150,97,0.17044472484770287
568,5,10,150,97,0.057107346298225524
569,5,10,150,97,0.0336639187988199
570,5,10,150,97,0.0
571,5,10,150,97,0.0
572,5,10,150,97,0.058995070558427745
573,5,10,150,97,0.035908240113829995
574,5,10,150,97,0.07616204594440379
575,5,10,150,97,0.056316753775798256
576,5,10,150,97,0.17342765698823945
577,5,10,150,97,0.22186862389759224
578,5,10,150,97,0.09818998961169394
579,5,10,150,97,0.0
580,5,10,150,97,0.21661076434387644
581,5,10,150,97,0.09212004957367755
582,5,10,150,97,0.028361369701356044
583,5,10,150,97,0.12643592119352937
584,5,10,150,97,0.0
585,5,10,150,97,0.06320275563713697
586,5,10,150,97,0.09195192495929504
587,5,10,150,97,0.0
588,5,10,150,97,0.2234644529330562
589,5,10,150,97,0.09751522916349128
590,5,10,150,97,0.18511573258657482
591,5,10,150,97,0.18151519988771836
592,5,10,150,97,0.24539657481359
593,5,10,150,97,0.1847125373189141
594,5,10,150,97,0.0843142342558857
595,5,10,150,97,0.0
596,5,10,150,97,0.0
597,5,10,150,97,0.0
598,5,10,150,97,0.11752277470724268
599,5,10,150,97,0.197296613674386
600,5,10,150,97,0.0
601,5,10,150,97,0.026557570376145638
602,5,10,150,97,0.0
603,5,10,150,97,0.06194403202282284
604,5,10,150,97,0.0
605,5,10,150,97,0.10589838376326657
606,5,10,150,97,0.2261814559931926
607,5,10,150,97,0.0
608,5,10,150,97,0.14688428242884272
609,5,10,150,97,0.11838279295536291
610,5,10,150,97,0.05781186855394371
611,5,10,150,97,0.06967022707002284
612,5,10,150,97,0.0
613,5,10,150,97,0.2513035301880791
614,5,10,150,97,0.13886244387355454
615,5,10,150,97,0.11946829980585116
616,5,10,150,97,0.09781579202094404
617,5,10,150,97,0.07286192498233149
618,5,10,150,97,0.16256797914565382
619,5,10,150,97,0.17622915213253285
620,5,10,150,97,0.1451323880538222
621,5,10,150,97,0.13589759152345549
622,5,10,150,97,0.10022910267662996
623,5,10,150,97,0.13369528351530374
624,5,10,150,97,0.019160322430058573
625,5,10,150,97,0.0
626,5,10,150,97,0.04690797720830594
627,5,10,150,97,0.04289205981312439
628,5,10,150,97,0.0
629,5,10,150,97,0.21973291420810612
630,5,10,150,97,0.12522204146604196
631,5,10,150,97,0.09240791929215005
632,5,10,150,97,0.3331495701314084
633,5,10,150,97,0.06965062371918256
634,5,10,150,97,0.023756977677906275
635,5,10,150,97,0.07393190703916604
636,5,10,150,97,0.0
637,5,10,150,97,0.0
638,5,10,150,97,0.15473934503245962
639,5,10,150,97,0.0
640,5,10,150,97,0.08757749316783438
641,5,10,150,97,0.03570665676503816
642,5,10,150,97,0.13207172242143603
643,5,10,150,97,0.15031592367651372
644,5,10,150,97,0.0
645,5,10,150,97,0.1856947245529553
646,5,10,150,97,0.0
647,5,10,150,97,0.03673869545191085
648,5,10,150,97,0.1510121408821335
649,5,10,150,97,0.0
650,5,10,150,97,0.16043216353603468
651,5,10,150,97,0.03443184397772452
652,5,10,150,97,0.0
653,5,10,150,97,0.042464725972586034
654,5,10,150,97,0.17020900230175445
655,5,10,150,97,0.2564310225633909
656,5,10,150,97,0.0
657,5,10,150,97,0.053845569940583225
658,5,10,150,97,0.0
659,5,10,150,97,0.07075240780563574
660,5,10,150,97,0.055410577886609
661,5,10,150,97,0.12705991527984942
662,5,10,150,97,0.0
663,5,10,150,97,0.09211594531187607
664,5,10,150,97,0.05391021349625259
665,5,10,150,97,0.0
666,5,10,150,97,0.07860744541237058
667,5,10,150,97,0.2676806947950803
668,5,10,150,97,0.0
669,5,10,150,97,0.2672968266839232
670,5,10,150,97,0.23442530823344007
671,5,10,150,97,0.17434206503696043
672,5,10,150,97,0.0
673,5,10,150,97,0.0
674,5,10,150,97,0.0
675,5,10,150,97,0.05010834716923557
676,5,10,150,97,0.08008509239634608
677,5,10,150,97,0.03927489746221688
678,5,10,150,97,0.0
679,5,10,150,97,0.26970586372388394
680,5,10,150,97,0.2073612289146658
681,5,10,150,97,0.0
682,5,10,150,97,0.13204627726673118
683,5,10,150,97,0.06289349548893712
684,5,10,150,97,0.0
685,5,10,150,97,0.0
686,5,10,150,97,0.11524934452025383
687,5,10,150,97,0.0
688,5,10,150,97,0.0
689,5,10,150,97,0.32436268379537736
690,5,10,150,97,0.0
691,5,10,150,97,0.0
692,5,10,150,97,0.0
693,5,10,150,97,0.03042314513165654
694,5,10,150,97,0.20269611984358588
695,5,10,150,97,0.0607039656753694
696,5,10,150,97,0.12935879342602336
697,5,10,150,97,0.06378035696304758
698,5,10,150,97,0.09499131598480672
699,5,10,150,97,0.03139866635141006
700,5,10,150,97,0.16958010263680806
701,5,10,150,97,0.04129602134854855
702,5,10,150,97,0.0
703,5,10,150,97,0.03870447337439288
704,5,10,150,97,0.09986079379105446
705,5,10,150,97,0.20609334068785645
706,5,10,150,97,0.0
707,5,10,150,97,0.11204043240783193
708,5,10,150,97,0.0943325796571581
709,5,10,150,97,0.11778692963665513
710,5,10,150,97,0.05710411178654767
711,5,10,150,97,0.15552566999725762
712,5,10,150,97,0.12435918123916344
713,5,10,150,97,0.0
714,5,10,150,97,0.04195229264874745
715,5,10,150,97,0.07261309108674657
716,5,10,150,97,0.17685950388962876
717,5,10,150,97,0.18940567332300148
718,5,10,150,97,0.14061157344379913
719,5,10,150,97,0.1811528335938261
720,5,10,150,97,0.05261577455142312
721,5,10,150,97,0.185399636990879
722,5,10,150,97,0.0
723,5,10,150,97,0.0
724,5,10,150,97,0.0
725,5,10,150,97,0.05750402108673013
726,5,10,150,97,0.2529427027676571
727,5,10,150,97,0.07744455145333913
728,5,10,150,97,0.0
729,5,10,150,97,0.0
730,5,10,150,97,0.0
731,5,10,150,97,0.10343510349900437
732,5,10,150,97,0.0
733,5,10,150,97,0.0
734,5,10,150,97,0.0655813061736612
735,5,10,150,97,0.0
736,5,10,150,97,0.0
737,5,10,150,97,0.16282663249631943
738,5,10,150,97,0.2632431729022225
739,5,10,150,97,0.0
740,5,10,150,97,0.0
741,5,10,150,97,0.10965210684801945
742,5,10,150,97,0.04553761034739079
743,5,10,150,97,0.0814476682319001
744,5,10,150,97,0.08878770367712427
745,5,10,150,97,0.3682049230943936
746,5,10,150,97,0.11450296808588954
747,5,10,150,97,0.32330014477534436
748,5,10,150,97,0.2388856508808849
749,5,10,150,97,0.1202934475205605
750,5,10,150,97,0.07219614103266732
751,5,10,150,97,0.10926529688037187
752,5,10,150,97,0.020210299806331135
753,5,10,150,97,0.15406810205846871
754,5,10,150,97,0.0
755,5,10,150,97,0.067228724047084
756,5,10,150,97,0.12944030246708935
757,5,10,150,97,0.10328462161510674
758,5,10,150,97,0.2318256372013187
759,5,10,150,97,0.038281751104512325
760,5,10,150,97,0.14160135441219726
761,5,10,150,97,0.03339755935325358
762,5,10,150,97,0.11568388634051256
763,5,10,150,97,0.20859185628046678
764,5,10,150,97,0.08207588022692468
765,5,10,150,97,0.0
766,5,10,150,97,0.050541549839211865
767,5,10,150,97,0.2073612289146658
768,5,10,150,97,0.09605101354696702
769,5,10,150,97,0.0
770,5,10,150,97,0.04692206785373726
771,5,10,150,97,0.23417990943974326
772,5,10,150,97,0.03353522641880846
773,5,10,150,97,0.08236155615232364
774,5,10,150,97,0.03551622697259125
775,5,10,150,97,0.0437324968781469
776,5,10,150,97,0.12155614423940549
777,5,10,150,97,0.14445412169961394
778,5,10,150,97,0.024850109207689472
779,5,10,150,97,0.05878132199396477
780,5,10,150,97,0.15888674244174908
781,5,10,150,97,0.24553555323333592
782,5,10,150,97,0.018541156496962186
783,5,10,150,97,0.042447135269629226
784,5,10,150,97,0.0
785,5,10,150,97,0.07685905888147043
786,5,10,150,97,0.13370327844286975
787,5,10,150,97,0.0683037314796457
788,5,10,150,97,0.1527302039456762
789,5,10,150,97,0.059109628562248356
790,5,10,150,97,0.06414416028610931
791,5,10,150,97,0.0
792,5,10,150,97,0.0
793,5,10,150,97,0.037980879109777994
794,5,10,150,97,0.24530465636459906
795,5,10,150,97,0.09354596657002175
796,5,10,150,97,0.3040245079077788
797,5,10,150,97,0.09030583455080088
798,5,10,150,97,0.097915130627047
799,5,10,150,97,0.0
800,5,10,150,97,0.0
801,5,10,150,97,0.03096677356901516
802,5,10,150,97,0.030863419558816
803,5,10,150,97,0.0
804,5,10,150,97,0.1276279870050019
805,5,10,150,97,0.09671804464148442
806,5,10,150,97,0.13891238635540284
807,5,10,150,97,0.19510906471881448
808,5,10,150,97,0.07651544975451595
809,5,10,150,97,0.07484323939884738
810,5,10,150,97,0.0
811,5,10,150,97,0.05062543788674174
812,5,10,150,97,0.0
813,5,10,150,97,0.17367331957930765
814,5,10,150,97,0.16688225797344017
815,5,10,150,97,0.24565985886458913
816,5,10,150,97,0.08005612702969578
817,5,10,150,97,0.0
818,5,10,150,97,0.0
819,5,10,150,97,0.15575997463127336
820,5,10,150,97,0.041641441310299704
821,5,10,150,97,0.19220292042320755
822,5,10,150,97,0.03902876023380719
823,5,10,150,97,0.2982209602555571
824,5,10,150,97,0.0
825,5,10,150,97,0.15040579701752874
826,5,10,150,97,0.12127728358945425
827,5,10,150,97,0.0
828,5,10,150,97,0.08582269009392761
829,5,10,150,97,0.1633399391391799
830,5,10,150,97,0.11558676478688033
831,5,10,150,97,0.26120148292314205
832,5,10,150,97,0.041355644490859725
833,5,10,150,97,0.12336746328346893
834,5,10,150,97,0.09452471710599904
835,5,10,150,97,0.16131021212220273
836,5,10,150,97,0.10882945376944808
837,5,10,150,97,0.04343487513280368
838,5,10,150,97,0.14570435926304814
839,5,10,150,97,0.05646784228340616
840,5,10,150,97,0.27214285597818744
841,5,10,150,97,0.0
842,5,10,150,97,0.03314153504336938
843,5,10,150,97,0.08071252763800758
844,5,10,150,97,0.14767302746812566
845,5,10,150,97,0.0
846,5,10,150,97,0.3132643006840473
847,5,10,150,97,0.029214939727003304
848,5,10,150,97,0.17760536801513657
849,5,10,150,97,0.1917146328376363
850,5,10,150,97,0.24846647105083042
851,5,10,150,97,0.22824321058350452
852,5,10,150,97,0.0
853,5,10,150,97,0.0
854,5,10,150,97,0.16828893461453795
855,5,10,150,97,0.0
856,5,10,150,97,0.0628634487195275
857,5,10,150,97,0.0
858,5,10,150,97,0.0
859,5,10,150,97,0.0
860,5,10,150,97,0.12426626862608521
861,5,10,150,97,0.12001290632387755
862,5,10,150,97,0.3077630499252903
863,5,10,150,97,0.16848699947118498
864,5,10,150,97,0.23397223365512695
865,5,10,150,97,0.030825292165839853
866,5,10,150,97,0.2482726129454347
867,5,10,150,97,0.39469748886845896
868,5,10,150,97,0.1314402573491118
869,5,10,150,97,0.16661285789234428
870,5,10,150,97,0.10564504552399702
871,5,10,150,97,0.23335170418377482
872,5,10,150,97,0.05650521906423933
873,5,10,150,97,0.0
874,5,10,150,97,0.06575393297476358
875,5,10,150,97,0.2615477918023582
876,5,10,150,97,0.0
877,5,10,150,97,0.03487978243545732
878,5,10,150,97,0.048005054499156014
879,5,10,150,97,0.07180913162424091
880,5,10,150,97,0.26937004226234224
881,5,10,150,97,0.23695613538601068
882,5,10,150,97,0.37308349280751624
883,5,10,150,97,0.3098310059040329
884,5,10,150,97,0.028767091820622218
885,5,10,150,97,0.10709607345972089
886,5,10,150,97,0.17978280578799044
887,5,10,150,97,0.18547083977715623
888,5,10,150,97,0.0
889,5,10,150,97,0.18592782994447574
890,5,10,150,97,0.3597186307234815
891,5,10,150,97,0.09013275514532934
892,5,10,150,97,0.38726547941382544
893,5,10,150,97,0.06655191453229989
894,5,10,150,97,0.16237052855219627
895,5,10,150,97,0.0
896,5,10,150,97,0.29215363174327585
897,5,10,150,97,0.21718567203613892
898,5,10,150,97,0.02204583040735582
899,5,10,150,97,0.1528183102111697
900,5,10,150,97,0.11423413779055742
901,5,10,150,97,0.25317004059729414
902,5,10,150,97,0.025255271126572616
903,5,10,150,97,0.30520151924536415
904,5,10,150,97,0.016034870336568776
905,5,10,150,97,0.1476843235467141
906,5,10,150,97,0.06212701143918119
907,5,10,150,97,0.2052712343787068
908,5,10,150,97,0.20640898076180436
909,5,10,150,97,0.0
910,5,10,150,97,0.14111581018360284
911,5,10,150,97,0.08317288751647071
912,5,10,150,97,0.19029170705040452
913,5,10,150,97,0.19374110767191058
914,5,10,150,97,0.0
915,5,10,150,97,0.16744730537056995
916,5,10,150,97,0.16633440226340485
917,5,10,150,97,0.019845431127916993
918,5,10,150,97,0.035648456755093136
919,5,10,150,97,0.11200240376438943
920,5,10,150,97,0.26814570941777965
921,5,10,150,97,0.02477447378142753
922,5,10,150,97,0.1169032834855481
923,5,10,150,97,0.0915484159988582
924,5,10,150,97,0.1306223466470971
925,5,10,150,97,0.08576373115156254
926,5,10,150,97,0.18690891198435525
927,5,10,150,97,0.15271204674326302
928,5,10,150,97,0.225412941472223
929,5,10,150,97,0.11107244313646446
930,5,10,150,97,0.13909680376172495
931,5,10,150,97,0.08816720306548922
932,5,10,150,97,0.3196872627584688
933,5,10,150,97,0.07765973321100895
934,5,10,150,97,0.2320264730067099
935,5,10,150,97,0.043888403129016776
936,5,10,150,97,0.08784916848256039
937,5,10,150,97,0.09560624946230661
938,5,10,150,97,0.08978812887364458
939,5,10,150,97,0.05231692143384187
940,5,10,150,97,0.09469359068019315
941,5,10,150,97,0.2546814962889047
942,5,10,150,97,0.24046343778488902
943,5,10,150,97,0.13343437030150535
1,5,10,150,98,0.4058715898896693
2,5,10,150,98,0.14433828292945616
3,5,10,150,98,0.08759200575528697
4,5,10,150,98,0.0
5,5,10,150,98,0.04470486007704452
6,5,10,150,98,0.04187254809446048
7,5,10,150,98,0.22836484467160698
8,5,10,150,98,0.0
9,5,10,150,98,0.0
10,5,10,150,98,0.3005733545514552
11,5,10,150,98,0.03947525607388688
12,5,10,150,98,0.14632177291384774
13,5,10,150,98,0.24256092752724764
14,5,10,150,98,0.22645209977437805
15,5,10,150,98,0.0
16,5,10,150,98,0.19107502160562695
17,5,10,150,98,0.0
18,5,10,150,98,0.17872418048185143
19,5,10,150,98,0.15602106502222501
20,5,10,150,98,0.13743816645714543
21,5,10,150,98,0.17643857112498312
22,5,10,150,98,0.040815803121742565
23,5,10,150,98,0.10387012192613786
24,5,10,150,98,0.08835266840320231
25,5,10,150,98,0.23940867474021393
26,5,10,150,98,0.027519708785797934
27,5,10,150,98,0.0
28,5,10,150,98,0.10131242160793445
30,5,10,150,98,0.08133484538841967
31,5,10,150,98,0.11164668500969883
32,5,10,150,98,0.19519002499605084
33,5,10,150,98,0.0
34,5,10,150,98,0.0
35,5,10,150,98,0.0
37,5,10,150,98,0.08177471774917201
38,5,10,150,98,0.0
39,5,10,150,98,0.0
40,5,10,150,98,0.0
41,5,10,150,98,0.06835476917178976
42,5,10,150,98,0.08850778826764391
43,5,10,150,98,0.0
44,5,10,150,98,0.29540493557662006
45,5,10,150,98,0.0
46,5,10,150,98,0.0
47,5,10,150,98,0.0
48,5,10,150,98,0.13203079491918646
49,5,10,150,98,0.05432573058142762
52,5,10,150,98,0.06369098129632131
53,5,10,150,98,0.0
54,5,10,150,98,0.0
55,5,10,150,98,0.0
56,5,10,150,98,0.11781210270929884
57,5,10,150,98,0.1318392860374695
58,5,10,150,98,0.43418941507676856
59,5,10,150,98,0.2097967636095035
60,5,10,150,98,0.1076743759411119
61,5,10,150,98,0.0
62,5,10,150,98,0.09586820699422145
63,5,10,150,98,0.0
64,5,10,150,98,0.07635718686081962
65,5,10,150,98,0.2342550150352983
66,5,10,150,98,0.06636133566432367
67,5,10,150,98,0.0
68,5,10,150,98,0.0
69,5,10,150,98,0.0
70,5,10,150,98,0.03243913203930433
71,5,10,150,98,0.20758456043036028
72,5,10,150,98,0.10990826949013655
73,5,10,150,98,0.14308314931855187
74,5,10,150,98,0.0
75,5,10,150,98,0.05515026856924372
76,5,10,150,98,0.10633668103022985
77,5,10,150,98,0.14247142730086715
78,5,10,150,98,0.0
79,5,10,150,98,0.07821312100379274
80,5,10,150,98,0.0
81,5,10,150,98,0.08878770367712427
82,5,10,150,98,0.06016824800539794
83,5,10,150,98,0.07414861528507455
84,5,10,150,98,0.07550980911390262
85,5,10,150,98,0.04734112273659951
86,5,10,150,98,0.0
87,5,10,150,98,0.16641625059082407
88,5,10,150,98,0.18920035951687003
89,5,10,150,98,0.046966485689931024
90,5,10,150,98,0.19659652872125194
91,5,10,150,98,0.0
92,5,10,150,98,0.08374031835175766
93,5,10,150,98,0.0
94,5,10,150,98,0.12253429761719764
95,5,10,150,98,0.07849567312219397
96,5,10,150,98,0.12622583419458475
97,5,10,150,98,0.09376545370390896
98,5,10,150,98,0.0
99,5,10,150,98,0.13337585439143895
100,5,10,150,98,0.0
101,5,10,150,98,0.0
102,5,10,150,98,0.027188631083860992
103,5,10,150,98,0.0
104,5,10,150,98,0.33958467175585033
105,5,10,150,98,0.0
106,5,10,150,98,0.06516188295518531
107,5,10,150,98,0.0
109,5,10,150,98,0.16563719724029594
110,5,10,150,98,0.03203603672019056
111,5,10,150,98,0.0
112,5,10,150,98,0.14155505107215216
113,5,10,150,98,0.0
114,5,10,150,98,0.08274602130532002
115,5,10,150,98,0.0718417865441674
116,5,10,150,98,0.0
117,5,10,150,98,0.08490981601989582
118,5,10,150,98,0.2265416449833316
119,5,10,150,98,0.11016901394047311
120,5,10,150,98,0.0
121,5,10,150,98,0.13032376591037062
122,5,10,150,98,0.0
123,5,10,150,98,0.13720340769293682
124,5,10,150,98,0.0
125,5,10,150,98,0.05446333035917803
126,5,10,150,98,0.0
128,5,10,150,98,0.0
129,5,10,150,98,0.0
130,5,10,150,98,0.21080192078431575
131,5,10,150,98,0.0
132,5,10,150,98,0.0
133,5,10,150,98,0.0
134,5,10,150,98,0.0
135,5,10,150,98,0.0
136,5,10,150,98,0.0
137,5,10,150,98,0.1137075481082292
138,5,10,150,98,0.0976168253917686
139,5,10,150,98,0.10466868931043802
140,5,10,150,98,0.0
141,5,10,150,98,0.04733244938590725
142,5,10,150,98,0.0
143,5,10,150,98,0.0
144,5,10,150,98,0.0
145,5,10,150,98,0.22835480069221242
146,5,10,150,98,0.0
147,5,10,150,98,0.1033846481249528
148,5,10,150,98,0.26071721237610296
149,5,10,150,98,0.0
150,5,10,150,98,0.2640681225725909
151,5,10,150,98,0.1026571794225922
152,5,10,150,98,0.0
153,5,10,150,98,0.0
154,5,10,150,98,0.06416923277158361
155,5,10,150,98,0.0
156,5,10,150,98,0.0
157,5,10,150,98,0.10349529353471887
158,5,10,150,98,0.13830208502611357
159,5,10,150,98,0.23138144801632507
160,5,10,150,98,0.23538511388047798
161,5,10,150,98,0.0
162,5,10,150,98,0.09784076556363268
163,5,10,150,98,0.0
164,5,10,150,98,0.0
165,5,10,150,98,0.0
167,5,10,150,98,0.05319635904163211
168,5,10,150,98,0.05461997784715835
169,5,10,150,98,0.0
170,5,10,150,98,0.0
171,5,10,150,98,0.0
173,5,10,150,98,0.07444401142258321
174,5,10,150,98,0.12795077757424125
175,5,10,150,98,0.21517910082405575
176,5,10,150,98,0.06289692884934815
177,5,10,150,98,0.38113435412202
178,5,10,150,98,0.12597398707460816
179,5,10,150,98,0.09149012142095872
180,5,10,150,98,0.06228974831361337
181,5,10,150,98,0.11680461119565375
182,5,10,150,98,0.0
183,5,10,150,98,0.15101961822780524
184,5,10,150,98,0.0
185,5,10,150,98,0.0
186,5,10,150,98,0.04633132539002164
187,5,10,150,98,0.0
188,5,10,150,98,0.12925733948536566
189,5,10,150,98,0.18890011590178235
190,5,10,150,98,0.04574689149336223
192,5,10,150,98,0.123151194370365
193,5,10,150,98,0.0
194,5,10,150,98,0.14012129095911344
195,5,10,150,98,0.11787667935667444
196,5,10,150,98,0.0
197,5,10,150,98,0.09546043308946733
198,5,10,150,98,0.0
199,5,10,150,98,0.0
200,5,10,150,98,0.09785159463516042
201,5,10,150,98,0.018702907379956335
202,5,10,150,98,0.10466868931043802
203,5,10,150,98,0.0
204,5,10,150,98,0.19519002499605084
205,5,10,150,98,0.0
206,5,10,150,98,0.0
207,5,10,150,98,0.11073658758229504
208,5,10,150,98,0.0
209,5,10,150,98,0.0
210,5,10,150,98,0.2167516193508568
211,5,10,150,98,0.0
213,5,10,150,98,0.15669163589836543
214,5,10,150,98,0.03841217056892214
216,5,10,150,98,0.23813231172447274
217,5,10,150,98,0.0
218,5,10,150,98,0.0
219,5,10,150,98,0.0
221,5,10,150,98,0.0
222,5,10,150,98,0.1050995674008573
223,5,10,150,98,0.0
224,5,10,150,98,0.029685041434429592
225,5,10,150,98,0.09077089626867633
226,5,10,150,98,0.19092086617893467
227,5,10,150,98,0.0
228,5,10,150,98,0.0
229,5,10,150,98,0.0
230,5,10,150,98,0.18626745211827422
231,5,10,150,98,0.0
232,5,10,150,98,0.03962341267285813
233,5,10,150,98,0.3062523178880809
234,5,10,150,98,0.19782652779892718
235,5,10,150,98,0.06692738060277027
236,5,10,150,98,0.0
237,5,10,150,98,0.19342640361727081
238,5,10,150,98,0.0
239,5,10,150,98,0.13188976383312195
240,5,10,150,98,0.12495636102304827
241,5,10,150,98,0.0
242,5,10,150,98,0.0
243,5,10,150,98,0.0
244,5,10,150,98,0.049712302565054066
245,5,10,150,98,0.0
246,5,10,150,98,0.0561326498270945
247,5,10,150,98,0.09472348220010487
248,5,10,150,98,0.09472348220010487
249,5,10,150,98,0.09798874944313594
250,5,10,150,98,0.0
251,5,10,150,98,0.13032376591037062
252,5,10,150,98,0.20184908658209985
253,5,10,150,98,0.1084812001944431
254,5,10,150,98,0.08514311764162098
255,5,10,150,98,0.0
256,5,10,150,98,0.1013176985622648
257,5,10,150,98,0.1339616094750857
258,5,10,150,98,0.10144063749941859
259,5,10,150,98,0.1239740444869306
260,5,10,150,98,0.0
261,5,10,150,98,0.0
262,5,10,150,98,0.03365750437567162
263,5,10,150,98,0.0956366800683804
264,5,10,150,98,0.14464369219501386
265,5,10,150,98,0.0
266,5,10,150,98,0.0
267,5,10,150,98,0.17168372277322866
268,5,10,150,98,0.09950548580207201
269,5,10,150,98,0.07200022387224603
270,5,10,150,98,0.07655568961465661
271,5,10,150,98,0.13010624216828925
272,5,10,150,98,0.1702293778633033
273,5,10,150,98,0.0
274,5,10,150,98,0.0
275,5,10,150,98,0.0
276,5,10,150,98,0.15875999922826586
277,5,10,150,98,0.0
278,5,10,150,98,0.1631512196835108
279,5,10,150,98,0.18625181821647357
280,5,10,150,98,0.20222165535157688
281,5,10,150,98,0.0
282,5,10,150,98,0.0
283,5,10,150,98,0.07028063830038406
284,5,10,150,98,0.0
285,5,10,150,98,0.0
286,5,10,150,98,0.12006378234223566
287,5,10,150,98,0.0
288,5,10,150,98,0.0859574327152926
289,5,10,150,98,0.16903020543979225
290,5,10,150,98,0.07834851647149511
291,5,10,150,98,0.07828167840727236
292,5,10,150,98,0.0761512981816583
293,5,10,150,98,0.18884218707725223
294,5,10,150,98,0.0239003177617487
295,5,10,150,98,0.2603201838311303
296,5,10,150,98,0.23769372116405846
297,5,10,150,98,0.0
298,5,10,150,98,0.16915623549474385
299,5,10,150,98,0.04195844571706363
300,5,10,150,98,0.0
301,5,10,150,98,0.06460801587741544
302,5,10,150,98,0.09224219235917257
303,5,10,150,98,0.08773996172943178
304,5,10,150,98,0.0
305,5,10,150,98,0.11349000778741654
306,5,10,150,98,0.0
307,5,10,150,98,0.10778915452451093
308,5,10,150,98,0.13490077762666258
310,5,10,150,98,0.0
311,5,10,150,98,0.13301422444853
312,5,10,150,98,0.1819616199123543
313,5,10,150,98,0.11270402374049442
314,5,10,150,98,0.16600564593053876
315,5,10,150,98,0.037110354711564805
316,5,10,150,98,0.0
317,5,10,150,98,0.0
318,5,10,150,98,0.1642688369468948
319,5,10,150,98,0.0
320,5,10,150,98,0.13927874459665815
321,5,10,150,98,0.0
322,5,10,150,98,0.0
323,5,10,150,98,0.1610425878239398
324,5,10,150,98,0.0
325,5,10,150,98,0.09092803061897883
326,5,10,150,98,0.027288805847552652
327,5,10,150,98,0.04235968262477492
328,5,10,150,98,0.09206364236149692
329,5,10,150,98,0.0
330,5,10,150,98,0.18331971351877246
331,5,10,150,98,0.0
332,5,10,150,98,0.09320485889859448
334,5,10,150,98,0.08141079143310553
335,5,10,150,98,0.16155546744299637
336,5,10,150,98,0.0780824078938463
337,5,10,150,98,0.0
338,5,10,150,98,0.18039889772993523
339,5,10,150,98,0.22956271420203478
340,5,10,150,98,0.12424880528285201
341,5,10,150,98,0.0
342,5,10,150,98,0.42268456165058327
343,5,10,150,98,0.11360727106764587
344,5,10,150,98,0.1202034973803211
345,5,10,150,98,0.18015355216717013
346,5,10,150,98,0.04366879852493834
347,5,10,150,98,0.24434072388563882
348,5,10,150,98,0.0
349,5,10,150,98,0.0
350,5,10,150,98,0.058087171966128066
351,5,10,150,98,0.07977344912567227
352,5,10,150,98,0.1903601622684853
353,5,10,150,98,0.14434031438272124
354,5,10,150,98,0.06335619058732639
355,5,10,150,98,0.0
356,5,10,150,98,0.0
357,5,10,150,98,0.0
358,5,10,150,98,0.06364028872631156
359,5,10,150,98,0.3010299956639812
360,5,10,150,98,0.12982031659526816
361,5,10,150,98,0.09478836436955078
362,5,10,150,98,0.054793185501041654
363,5,10,150,98,0.24101654828754165
364,5,10,150,98,0.0
365,5,10,150,98,0.0
366,5,10,150,98,0.0
367,5,10,150,98,0.06369098129632131
368,5,10,150,98,0.0
369,5,10,150,98,0.0
370,5,10,150,98,0.0
371,5,10,150,98,0.19950301641376814
372,5,10,150,98,0.15130120674940672
373,5,10,150,98,0.22842722979011518
374,5,10,150,98,0.09083869370810833
375,5,10,150,98,0.0
376,5,10,150,98,0.0
377,5,10,150,98,0.0
378,5,10,150,98,0.13635638482251203
379,5,10,150,98,0.08433239722469389
380,5,10,150,98,0.0
381,5,10,150,98,0.03243913203930433
382,5,10,150,98,0.1390935487579673
383,5,10,150,98,0.18543645219162883
384,5,10,150,98,0.0
385,5,10,150,98,0.0
386,5,10,150,98,0.0
387,5,10,150,98,0.08586571489348302
388,5,10,150,98,0.10905746606004323
389,5,10,150,98,0.09284203700798714
390,5,10,150,98,0.0
391,5,10,150,98,0.11245246430543061
392,5,10,150,98,0.24923073877155918
393,5,10,150,98,0.18286167708612477
394,5,10,150,98,0.18425976175120107
395,5,10,150,98,0.033500244056960914
396,5,10,150,98,0.0
397,5,10,150,98,0.17712677699336496
398,5,10,150,98,0.28368572779044043
399,5,10,150,98,0.026175882249243814
400,5,10,150,98,0.0
401,5,10,150,98,0.02839245759615368
402,5,10,150,98,0.0
403,5,10,150,98,0.29144319925450707
404,5,10,150,98,0.0
405,5,10,150,98,0.06437922853441826
406,5,10,150,98,0.07610657727852362
407,5,10,150,98,0.1420260823074358
408,5,10,150,98,0.09983719697789138
409,5,10,150,98,0.05800611307095368
410,5,10,150,98,0.0
411,5,10,150,98,0.17342765698823945
412,5,10,150,98,0.0
413,5,10,150,98,0.0
414,5,10,150,98,0.21398626473452756
415,5,10,150,98,0.0
416,5,10,150,98,0.1691178381508892
417,5,10,150,98,0.11088189053445036
419,5,10,150,98,0.39968436238468874
420,5,10,150,98,0.15209749107189288
421,5,10,150,98,0.08151710573508678
422,5,10,150,98,0.0
423,5,10,150,98,0.13523051443907988
424,5,10,150,98,0.1545659390636425
425,5,10,150,98,0.2840898071472465
426,5,10,150,98,0.13571943816109763
427,5,10,150,98,0.12615224917140136
428,5,10,150,98,0.03967704129387874
429,5,10,150,98,0.17273950647125505
430,5,10,150,98,0.1261446714466394
431,5,10,150,98,0.0
432,5,10,150,98,0.049369952841505485
433,5,10,150,98,0.0
434,5,10,150,98,0.3903800499921017
435,5,10,150,98,0.11347000084585261
436,5,10,150,98,0.12973311796205417
437,5,10,150,98,0.22972973128433707
438,5,10,150,98,0.0
439,5,10,150,98,0.0
440,5,10,150,98,0.06175696970122604
441,5,10,150,98,0.0
442,5,10,150,98,0.06725043118123936
443,5,10,150,98,0.0
445,5,10,150,98,0.0
446,5,10,150,98,0.0
447,5,10,150,98,0.2726897692124621
448,5,10,150,98,0.0
449,5,10,150,98,0.10752903580740367
450,5,10,150,98,0.22640083277136241
451,5,10,150,98,0.0
452,5,10,150,98,0.1353061563511876
453,5,10,150,98,0.029956785715628154
454,5,10,150,98,0.11567097083370319
455,5,10,150,98,0.10936717758288772
456,5,10,150,98,0.09613827998474739
457,5,10,150,98,0.31072277459542313
458,5,10,150,98,0.04507276838148142
459,5,10,150,98,0.0
460,5,10,150,98,0.0
461,5,10,150,98,0.0
462,5,10,150,98,0.0
463,5,10,150,98,0.026903388345470878
464,5,10,150,98,0.08464952481666788
465,5,10,150,98,0.035016337639871845
466,5,10,150,98,0.03947525607388688
467,5,10,150,98,0.1436337620239326
468,5,10,150,98,0.27023868832296544
469,5,10,150,98,0.057417722536754784
470,5,10,150,98,0.0
471,5,10,150,98,0.0
472,5,10,150,98,0.18087703839830116
473,5,10,150,98,0.08754031530847717
474,5,10,150,98,0.34897204770080337
475,5,10,150,98,0.06516188295518531
476,5,10,150,98,0.0
477,5,10,150,98,0.055100238151135045
478,5,10,150,98,0.23782833255689273
479,5,10,150,98,0.07834096783470737
480,5,10,150,98,0.21398626473452756
481,5,10,150,98,0.13863671367752411
482,5,10,150,98,0.0
483,5,10,150,98,0.06912040963822193
484,5,10,150,98,0.09353062527112192
485,5,10,150,98,0.0
486,5,10,150,98,0.10311241692162332
487,5,10,150,98,0.2215000938796789
488,5,10,150,98,0.0
489,5,10,150,98,0.10477386386587244
490,5,10,150,98,0.0
491,5,10,150,98,0.19092086617893467
492,5,10,150,98,0.12471554514794539
493,5,10,150,98,0.06270991162683781
494,5,10,150,98,0.1096312620712655
495,5,10,150,98,0.15115187072926595
496,5,10,150,98,0.05459112561892713
497,5,10,150,98,0.1185459147337956
498,5,10,150,98,0.03855307727568851
499,5,10,150,98,0.1912282106369008
500,5,10,150,98,0.05011951520627559
501,5,10,150,98,0.0
502,5,10,150,98,0.06364028872631156
503,5,10,150,98,0.27534073433896133
504,5,10,150,98,0.0
505,5,10,150,98,0.0
506,5,10,150,98,0.13939295695713902
507,5,10,150,98,0.03371865946438579
508,5,10,150,98,0.0
509,5,10,150,98,0.06474271459046577
510,5,10,150,98,0.0
511,5,10,150,98,0.0
512,5,10,150,98,0.18316925091363362
513,5,10,150,98,0.0461651444771445
514,5,10,150,98,0.10595566933616397
515,5,10,150,98,0.0
516,5,10,150,98,0.13768197790533618
517,5,10,150,98,0.042259191411409554
518,5,10,150,98,0.0
519,5,10,150,98,0.10980194963145926
520,5,10,150,98,0.0
521,5,10,150,98,0.017322902464627605
522,5,10,150,98,0.0
523,5,10,150,98,0.12396031569176709
524,5,10,150,98,0.10258209047527363
525,5,10,150,98,0.0
526,5,10,150,98,0.17292389918997986
527,5,10,150,98,0.14943863047793596
528,5,10,150,98,0.14110144150616766
529,5,10,150,98,0.10471139591065548
530,5,10,150,98,0.0
531,5,10,150,98,0.0
532,5,10,150,98,0.0753129378990445
533,5,10,150,98,0.140097006072795
534,5,10,150,98,0.07450923581469894
535,5,10,150,98,0.2871959083713276
536,5,10,150,98,0.27314750625223144
537,5,10,150,98,0.41529278228020994
538,5,10,150,98,0.0
539,5,10,150,98,0.1560067947598593
540,5,10,150,98,0.027519708785797934
541,5,10,150,98,0.1630698087619573
542,5,10,150,98,0.2251436937097755
543,5,10,150,98,0.10214293143598126
544,5,10,150,98,0.07631352592005593
545,5,10,150,98,0.052962244777770985
546,5,10,150,98,0.15314106296495628
547,5,10,150,98,0.0
548,5,10,150,98,0.1281293501557747
549,5,10,150,98,0.0
550,5,10,150,98,0.13436217909546777
551,5,10,150,98,0.35912221511413334
552,5,10,150,98,0.0
553,5,10,150,98,0.2558682193404399
554,5,10,150,98,0.16600564593053876
555,5,10,150,98,0.0
556,5,10,150,98,0.15950832945941923
557,5,10,150,98,0.053894577262255466
558,5,10,150,98,0.05718685316335169
559,5,10,150,98,0.0734773909038217
560,5,10,150,98,0.2611842705687123
561,5,10,150,98,0.10592276296337293
562,5,10,150,98,0.06240346968106183
563,5,10,150,98,0.0
564,5,10,150,98,0.0
565,5,10,150,98,0.18568675205192314
566,5,10,150,98,0.13665387068436016
567,5,10,150,98,0.18728051875048343
568,5,10,150,98,0.057107346298225524
569,5,10,150,98,0.0336639187988199
570,5,10,150,98,0.0
571,5,10,150,98,0.0
572,5,10,150,98,0.058995070558427745
573,5,10,150,98,0.035908240113829995
574,5,10,150,98,0.07616204594440379
575,5,10,150,98,0.056316753775798256
576,5,10,150,98,0.17342765698823945
577,5,10,150,98,0.22186862389759224
578,5,10,150,98,0.09818998961169394
579,5,10,150,98,0.0
580,5,10,150,98,0.21661076434387644
581,5,10,150,98,0.09212004957367755
582,5,10,150,98,0.028361369701356044
583,5,10,150,98,0.12643592119352937
584,5,10,150,98,0.0
585,5,10,150,98,0.06320275563713697
586,5,10,150,98,0.09195192495929504
587,5,10,150,98,0.0
588,5,10,150,98,0.2234644529330562
589,5,10,150,98,0.09751522916349128
590,5,10,150,98,0.18511573258657482
591,5,10,150,98,0.18151519988771836
592,5,10,150,98,0.24539657481359
593,5,10,150,98,0.1847125373189141
594,5,10,150,98,0.0843142342558857
595,5,10,150,98,0.0
596,5,10,150,98,0.0
597,5,10,150,98,0.0
598,5,10,150,98,0.11752277470724268
599,5,10,150,98,0.197296613674386
600,5,10,150,98,0.0
601,5,10,150,98,0.026557570376145638
602,5,10,150,98,0.0
603,5,10,150,98,0.06194403202282284
604,5,10,150,98,0.0
605,5,10,150,98,0.10589838376326657
606,5,10,150,98,0.2261814559931926
607,5,10,150,98,0.0
608,5,10,150,98,0.14688428242884272
609,5,10,150,98,0.11838279295536291
610,5,10,150,98,0.05781186855394371
611,5,10,150,98,0.06967022707002284
612,5,10,150,98,0.0
613,5,10,150,98,0.2513035301880791
614,5,10,150,98,0.13886244387355454
615,5,10,150,98,0.11946829980585116
616,5,10,150,98,0.09781579202094404
617,5,10,150,98,0.07286192498233149
618,5,10,150,98,0.16256797914565382
619,5,10,150,98,0.17622915213253285
620,5,10,150,98,0.1451323880538222
621,5,10,150,98,0.13589759152345549
622,5,10,150,98,0.10022910267662996
623,5,10,150,98,0.13369528351530374
624,5,10,150,98,0.019160322430058573
625,5,10,150,98,0.0
626,5,10,150,98,0.04690797720830594
627,5,10,150,98,0.04289205981312439
628,5,10,150,98,0.0
629,5,10,150,98,0.21973291420810612
630,5,10,150,98,0.12522204146604196
631,5,10,150,98,0.09240791929215005
632,5,10,150,98,0.3331495701314084
633,5,10,150,98,0.06965062371918256
634,5,10,150,98,0.023756977677906275
635,5,10,150,98,0.07393190703916604
636,5,10,150,98,0.0
637,5,10,150,98,0.0
638,5,10,150,98,0.15473934503245962
639,5,10,150,98,0.0
640,5,10,150,98,0.08757749316783438
641,5,10,150,98,0.03570665676503816
642,5,10,150,98,0.13207172242143603
643,5,10,150,98,0.15031592367651372
644,5,10,150,98,0.0
645,5,10,150,98,0.1856947245529553
646,5,10,150,98,0.0
647,5,10,150,98,0.03673869545191085
648,5,10,150,98,0.1611007259024438
649,5,10,150,98,0.0
650,5,10,150,98,0.16043216353603468
651,5,10,150,98,0.03443184397772452
652,5,10,150,98,0.0
653,5,10,150,98,0.042464725972586034
654,5,10,150,98,0.17020900230175445
655,5,10,150,98,0.2545567519230213
656,5,10,150,98,0.0
657,5,10,150,98,0.053845569940583225
658,5,10,150,98,0.0
659,5,10,150,98,0.07075240780563574
660,5,10,150,98,0.055410577886609
661,5,10,150,98,0.12705991527984942
662,5,10,150,98,0.0
663,5,10,150,98,0.09211594531187607
664,5,10,150,98,0.05391021349625259
665,5,10,150,98,0.0
666,5,10,150,98,0.07860744541237058
667,5,10,150,98,0.2676806947950803
668,5,10,150,98,0.0
669,5,10,150,98,0.2672968266839232
670,5,10,150,98,0.23442530823344007
671,5,10,150,98,0.17434206503696043
672,5,10,150,98,0.0
673,5,10,150,98,0.0
674,5,10,150,98,0.0
675,5,10,150,98,0.05010834716923557
676,5,10,150,98,0.08008509239634608
677,5,10,150,98,0.03927489746221688
678,5,10,150,98,0.0
679,5,10,150,98,0.26970586372388394
680,5,10,150,98,0.2073612289146658
681,5,10,150,98,0.0
682,5,10,150,98,0.13204627726673118
683,5,10,150,98,0.06289349548893712
684,5,10,150,98,0.0
685,5,10,150,98,0.0
686,5,10,150,98,0.11524934452025383
687,5,10,150,98,0.0
688,5,10,150,98,0.0
689,5,10,150,98,0.32436268379537736
690,5,10,150,98,0.0
691,5,10,150,98,0.0
692,5,10,150,98,0.0
693,5,10,150,98,0.03042314513165654
694,5,10,150,98,0.20269611984358588
695,5,10,150,98,0.0607039656753694
696,5,10,150,98,0.12935879342602336
697,5,10,150,98,0.06378035696304758
698,5,10,150,98,0.09499131598480672
699,5,10,150,98,0.03139866635141006
700,5,10,150,98,0.16958010263680806
701,5,10,150,98,0.04129602134854855
702,5,10,150,98,0.0
703,5,10,150,98,0.03870447337439288
704,5,10,150,98,0.09986079379105446
705,5,10,150,98,0.20609334068785645
706,5,10,150,98,0.0
707,5,10,150,98,0.11204043240783193
708,5,10,150,98,0.0943325796571581
709,5,10,150,98,0.11778692963665513
710,5,10,150,98,0.05710411178654767
711,5,10,150,98,0.15552566999725762
712,5,10,150,98,0.12435918123916344
713,5,10,150,98,0.0
714,5,10,150,98,0.04195229264874745
715,5,10,150,98,0.07261309108674657
716,5,10,150,98,0.17685950388962876
717,5,10,150,98,0.18940567332300148
718,5,10,150,98,0.14061157344379913
719,5,10,150,98,0.1811528335938261
720,5,10,150,98,0.05261577455142312
721,5,10,150,98,0.185399636990879
722,5,10,150,98,0.0
723,5,10,150,98,0.0
724,5,10,150,98,0.0
725,5,10,150,98,0.05750402108673013
726,5,10,150,98,0.2529427027676571
727,5,10,150,98,0.07744455145333913
728,5,10,150,98,0.0
729,5,10,150,98,0.0
730,5,10,150,98,0.0
731,5,10,150,98,0.10343510349900437
732,5,10,150,98,0.0
733,5,10,150,98,0.0
734,5,10,150,98,0.0655813061736612
735,5,10,150,98,0.0
736,5,10,150,98,0.0
737,5,10,150,98,0.16282663249631943
738,5,10,150,98,0.2632431729022225
739,5,10,150,98,0.0
740,5,10,150,98,0.0
741,5,10,150,98,0.10965210684801945
742,5,10,150,98,0.04553761034739079
743,5,10,150,98,0.0814476682319001
744,5,10,150,98,0.08878770367712427
745,5,10,150,98,0.3682049230943936
746,5,10,150,98,0.11450296808588954
747,5,10,150,98,0.32330014477534436
748,5,10,150,98,0.2388856508808849
749,5,10,150,98,0.11941421506786108
750,5,10,150,98,0.07219614103266732
751,5,10,150,98,0.10926529688037187
752,5,10,150,98,0.020210299806331135
753,5,10,150,98,0.15406810205846871
754,5,10,150,98,0.0
755,5,10,150,98,0.067228724047084
756,5,10,150,98,0.12944030246708935
757,5,10,150,98,0.10328462161510674
758,5,10,150,98,0.2301312088862579
759,5,10,150,98,0.038281751104512325
760,5,10,150,98,0.14160135441219726
761,5,10,150,98,0.03339755935325358
762,5,10,150,98,0.11568388634051256
763,5,10,150,98,0.20859185628046678
764,5,10,150,98,0.08207588022692468
765,5,10,150,98,0.0
766,5,10,150,98,0.050541549839211865
767,5,10,150,98,0.2073612289146658
768,5,10,150,98,0.09605101354696702
769,5,10,150,98,0.0
770,5,10,150,98,0.04692206785373726
771,5,10,150,98,0.23417990943974326
772,5,10,150,98,0.03353522641880846
773,5,10,150,98,0.08236155615232364
774,5,10,150,98,0.03551622697259125
775,5,10,150,98,0.0437324968781469
776,5,10,150,98,0.12155614423940549
777,5,10,150,98,0.14445412169961394
778,5,10,150,98,0.024850109207689472
779,5,10,150,98,0.05878132199396477
780,5,10,150,98,0.15888674244174908
781,5,10,150,98,0.24553555323333592
782,5,10,150,98,0.018541156496962186
783,5,10,150,98,0.042447135269629226
784,5,10,150,98,0.0
785,5,10,150,98,0.07685905888147043
786,5,10,150,98,0.13370327844286975
787,5,10,150,98,0.0683037314796457
788,5,10,150,98,0.1527302039456762
789,5,10,150,98,0.059109628562248356
790,5,10,150,98,0.07251300395282256
791,5,10,150,98,0.0
792,5,10,150,98,0.0
793,5,10,150,98,0.037980879109777994
794,5,10,150,98,0.24530465636459906
795,5,10,150,98,0.09354596657002175
796,5,10,150,98,0.3018023734584123
797,5,10,150,98,0.09030583455080088
798,5,10,150,98,0.097915130627047
799,5,10,150,98,0.0
800,5,10,150,98,0.0
801,5,10,150,98,0.03096677356901516
802,5,10,150,98,0.030863419558816
803,5,10,150,98,0.0
804,5,10,150,98,0.12669514593709322
805,5,10,150,98,0.09601112630666914
806,5,10,150,98,0.13891238635540284
807,5,10,150,98,0.19510906471881448
808,5,10,150,98,0.07651544975451595
809,5,10,150,98,0.07484323939884738
810,5,10,150,98,0.0
811,5,10,150,98,0.05062543788674174
812,5,10,150,98,0.0
813,5,10,150,98,0.17367331957930765
814,5,10,150,98,0.16688225797344017
815,5,10,150,98,0.24565985886458913
816,5,10,150,98,0.08005612702969578
817,5,10,150,98,0.0
818,5,10,150,98,0.0
819,5,10,150,98,0.15575997463127336
820,5,10,150,98,0.041641441310299704
821,5,10,150,98,0.19220292042320755
822,5,10,150,98,0.03902876023380719
823,5,10,150,98,0.2982209602555571
824,5,10,150,98,0.0
825,5,10,150,98,0.15040579701752874
826,5,10,150,98,0.12127728358945425
827,5,10,150,98,0.0
828,5,10,150,98,0.08582269009392761
829,5,10,150,98,0.1633399391391799
830,5,10,150,98,0.11558676478688033
831,5,10,150,98,0.26120148292314205
832,5,10,150,98,0.041355644490859725
833,5,10,150,98,0.12246576265420156
834,5,10,150,98,0.09452471710599904
835,5,10,150,98,0.1735083622023649
836,5,10,150,98,0.10882945376944808
837,5,10,150,98,0.04343487513280368
838,5,10,150,98,0.14570435926304814
839,5,10,150,98,0.05646784228340616
840,5,10,150,98,0.27214285597818744
841,5,10,150,98,0.0
842,5,10,150,98,0.03314153504336938
843,5,10,150,98,0.08071252763800758
844,5,10,150,98,0.14767302746812566
845,5,10,150,98,0.0
846,5,10,150,98,0.3182836955531037
847,5,10,150,98,0.029214939727003304
848,5,10,150,98,0.1861998464079303
849,5,10,150,98,0.1917146328376363
850,5,10,150,98,0.24846647105083042
851,5,10,150,98,0.2265749664522602
852,5,10,150,98,0.0
853,5,10,150,98,0.0
854,5,10,150,98,0.16705890009650634
855,5,10,150,98,0.0
856,5,10,150,98,0.0628634487195275
857,5,10,150,98,0.0
858,5,10,150,98,0.0
859,5,10,150,98,0.0
860,5,10,150,98,0.12426626862608521
861,5,10,150,98,0.12001290632387755
862,5,10,150,98,0.3077630499252903
863,5,10,150,98,0.16848699947118498
864,5,10,150,98,0.23226211573016686
865,5,10,150,98,0.030825292165839853
866,5,10,150,98,0.2482726129454347
867,5,10,150,98,0.39469748886845896
868,5,10,150,98,0.13047955215498433
869,5,10,150,98,0.18425526859062058
870,5,10,150,98,0.11218194272343428
871,5,10,150,98,0.23335170418377482
872,5,10,150,98,0.05650521906423933
873,5,10,150,98,0.0
874,5,10,150,98,0.06575393297476358
875,5,10,150,98,0.2615477918023582
876,5,10,150,98,0.0
877,5,10,150,98,0.03487978243545732
878,5,10,150,98,0.048005054499156014
879,5,10,150,98,0.07180913162424091
880,5,10,150,98,0.26740119950470503
881,5,10,150,98,0.23522420793366955
882,5,10,150,98,0.37308349280751624
883,5,10,150,98,0.31487549494282585
884,5,10,150,98,0.028767091820622218
885,5,10,150,98,0.10709607345972089
886,5,10,150,98,0.1784687618351048
887,5,10,150,98,0.1928337190809289
888,5,10,150,98,0.0
889,5,10,150,98,0.18456887161950777
890,5,10,150,98,0.3693788571029338
891,5,10,150,98,0.09013275514532934
892,5,10,150,98,0.38443493141367246
893,5,10,150,98,0.06655191453229989
894,5,10,150,98,0.16118375204019508
895,5,10,150,98,0.0
896,5,10,150,98,0.2900182622822021
897,5,10,150,98,0.21559824815685516
898,5,10,150,98,0.02204583040735582
899,5,10,150,98,0.1528183102111697
900,5,10,150,98,0.11423413779055742
901,5,10,150,98,0.25317004059729414
902,5,10,150,98,0.025255271126572616
903,5,10,150,98,0.30520151924536415
904,5,10,150,98,0.016034870336568776
905,5,10,150,98,0.1476843235467141
906,5,10,150,98,0.06212701143918119
907,5,10,150,98,0.20377089388143593
908,5,10,150,98,0.20640898076180436
909,5,10,150,98,0.0
910,5,10,150,98,0.14111581018360284
911,5,10,150,98,0.08317288751647071
912,5,10,150,98,0.19029170705040452
913,5,10,150,98,0.19374110767191058
914,5,10,150,98,0.0
915,5,10,150,98,0.16744730537056995
916,5,10,150,98,0.1651186535465402
917,5,10,150,98,0.019845431127916993
918,5,10,150,98,0.035648456755093136
919,5,10,150,98,0.11118377107740818
920,5,10,150,98,0.26814570941777965
921,5,10,150,98,0.02477447378142753
922,5,10,150,98,0.1169032834855481
923,5,10,150,98,0.0915484159988582
924,5,10,150,98,0.1306223466470971
925,5,10,150,98,0.08576373115156254
926,5,10,150,98,0.18690891198435525
927,5,10,150,98,0.15271204674326302
928,5,10,150,98,0.225412941472223
929,5,10,150,98,0.11107244313646446
930,5,10,150,98,0.13909680376172495
931,5,10,150,98,0.08816720306548922
932,5,10,150,98,0.3246597117895375
933,5,10,150,98,0.08440117683663707
934,5,10,150,98,0.23033057676998417
935,5,10,150,98,0.043888403129016776
936,5,10,150,98,0.08720707332721682
937,5,10,150,98,0.09560624946230661
938,5,10,150,98,0.08978812887364458
939,5,10,150,98,0.05231692143384187
940,5,10,150,98,0.09469359068019315
941,5,10,150,98,0.2546814962889047
942,5,10,150,98,0.24046343778488902
943,5,10,150,98,0.1324590900090809
1,5,10,150,99,0.4058715898896693
2,5,10,150,99,0.14433828292945616
3,5,10,150,99,0.08759200575528697
4,5,10,150,99,0.0
5,5,10,150,99,0.04470486007704452
6,5,10,150,99,0.04187254809446048
7,5,10,150,99,0.22836484467160698
8,5,10,150,99,0.0
9,5,10,150,99,0.0
10,5,10,150,99,0.3005733545514552
11,5,10,150,99,0.03947525607388688
12,5,10,150,99,0.14632177291384774
13,5,10,150,99,0.24256092752724764
14,5,10,150,99,0.22645209977437805
15,5,10,150,99,0.0
16,5,10,150,99,0.19107502160562695
17,5,10,150,99,0.0
18,5,10,150,99,0.17872418048185143
19,5,10,150,99,0.15602106502222501
20,5,10,150,99,0.13743816645714543
21,5,10,150,99,0.17643857112498312
22,5,10,150,99,0.040815803121742565
23,5,10,150,99,0.10387012192613786
24,5,10,150,99,0.08835266840320231
25,5,10,150,99,0.23940867474021393
26,5,10,150,99,0.027519708785797934
27,5,10,150,99,0.0
28,5,10,150,99,0.10131242160793445
30,5,10,150,99,0.08133484538841967
31,5,10,150,99,0.11164668500969883
32,5,10,150,99,0.19519002499605084
33,5,10,150,99,0.0
34,5,10,150,99,0.0
35,5,10,150,99,0.0
37,5,10,150,99,0.08177471774917201
38,5,10,150,99,0.0
39,5,10,150,99,0.0
40,5,10,150,99,0.0
41,5,10,150,99,0.06835476917178976
42,5,10,150,99,0.08850778826764391
43,5,10,150,99,0.0
44,5,10,150,99,0.29540493557662006
45,5,10,150,99,0.0
46,5,10,150,99,0.0
47,5,10,150,99,0.0
48,5,10,150,99,0.13203079491918646
49,5,10,150,99,0.05432573058142762
52,5,10,150,99,0.06369098129632131
53,5,10,150,99,0.0
54,5,10,150,99,0.0
55,5,10,150,99,0.0
56,5,10,150,99,0.11781210270929884
57,5,10,150,99,0.1318392860374695
58,5,10,150,99,0.43418941507676856
59,5,10,150,99,0.2097967636095035
60,5,10,150,99,0.1076743759411119
61,5,10,150,99,0.0
62,5,10,150,99,0.09586820699422145
63,5,10,150,99,0.0
64,5,10,150,99,0.07635718686081962
65,5,10,150,99,0.2342550150352983
66,5,10,150,99,0.06636133566432367
67,5,10,150,99,0.0
68,5,10,150,99,0.0
69,5,10,150,99,0.0
70,5,10,150,99,0.03243913203930433
71,5,10,150,99,0.20758456043036028
72,5,10,150,99,0.10990826949013655
73,5,10,150,99,0.14308314931855187
74,5,10,150,99,0.0
75,5,10,150,99,0.05515026856924372
76,5,10,150,99,0.10633668103022985
77,5,10,150,99,0.14247142730086715
78,5,10,150,99,0.0
79,5,10,150,99,0.07821312100379274
80,5,10,150,99,0.0
81,5,10,150,99,0.08878770367712427
82,5,10,150,99,0.06016824800539794
83,5,10,150,99,0.07414861528507455
84,5,10,150,99,0.07550980911390262
85,5,10,150,99,0.04734112273659951
86,5,10,150,99,0.0
87,5,10,150,99,0.16641625059082407
88,5,10,150,99,0.18920035951687003
89,5,10,150,99,0.046966485689931024
90,5,10,150,99,0.19659652872125194
91,5,10,150,99,0.0
92,5,10,150,99,0.08374031835175766
93,5,10,150,99,0.0
94,5,10,150,99,0.12253429761719764
95,5,10,150,99,0.07849567312219397
96,5,10,150,99,0.12622583419458475
97,5,10,150,99,0.09376545370390896
98,5,10,150,99,0.0
99,5,10,150,99,0.13337585439143895
100,5,10,150,99,0.0
101,5,10,150,99,0.0
102,5,10,150,99,0.027188631083860992
103,5,10,150,99,0.0
104,5,10,150,99,0.33958467175585033
105,5,10,150,99,0.0
106,5,10,150,99,0.06516188295518531
107,5,10,150,99,0.0
109,5,10,150,99,0.16563719724029594
110,5,10,150,99,0.03203603672019056
111,5,10,150,99,0.0
112,5,10,150,99,0.14155505107215216
113,5,10,150,99,0.0
114,5,10,150,99,0.08274602130532002
115,5,10,150,99,0.0718417865441674
116,5,10,150,99,0.0
117,5,10,150,99,0.08490981601989582
118,5,10,150,99,0.2265416449833316
119,5,10,150,99,0.11016901394047311
120,5,10,150,99,0.0
121,5,10,150,99,0.13032376591037062
122,5,10,150,99,0.0
123,5,10,150,99,0.13720340769293682
124,5,10,150,99,0.0
125,5,10,150,99,0.05446333035917803
126,5,10,150,99,0.0
128,5,10,150,99,0.0
129,5,10,150,99,0.0
130,5,10,150,99,0.21080192078431575
131,5,10,150,99,0.0
132,5,10,150,99,0.0
133,5,10,150,99,0.0
134,5,10,150,99,0.0
135,5,10,150,99,0.0
136,5,10,150,99,0.0
137,5,10,150,99,0.1137075481082292
138,5,10,150,99,0.0976168253917686
139,5,10,150,99,0.10466868931043802
140,5,10,150,99,0.0
141,5,10,150,99,0.04733244938590725
142,5,10,150,99,0.0
143,5,10,150,99,0.0
144,5,10,150,99,0.0
145,5,10,150,99,0.22835480069221242
146,5,10,150,99,0.0
147,5,10,150,99,0.1033846481249528
148,5,10,150,99,0.26071721237610296
149,5,10,150,99,0.0
150,5,10,150,99,0.2640681225725909
151,5,10,150,99,0.12276451371718716
152,5,10,150,99,0.0
153,5,10,150,99,0.0
154,5,10,150,99,0.06416923277158361
155,5,10,150,99,0.0
156,5,10,150,99,0.0
157,5,10,150,99,0.10349529353471887
158,5,10,150,99,0.13830208502611357
159,5,10,150,99,0.23138144801632507
160,5,10,150,99,0.23538511388047798
161,5,10,150,99,0.0
162,5,10,150,99,0.09784076556363268
163,5,10,150,99,0.0
164,5,10,150,99,0.0
165,5,10,150,99,0.0
167,5,10,150,99,0.05319635904163211
168,5,10,150,99,0.05461997784715835
169,5,10,150,99,0.0
170,5,10,150,99,0.0
171,5,10,150,99,0.0
173,5,10,150,99,0.07444401142258321
174,5,10,150,99,0.12795077757424125
175,5,10,150,99,0.21517910082405575
176,5,10,150,99,0.06289692884934815
177,5,10,150,99,0.38113435412202
178,5,10,150,99,0.12597398707460816
179,5,10,150,99,0.09149012142095872
180,5,10,150,99,0.06228974831361337
181,5,10,150,99,0.11680461119565375
182,5,10,150,99,0.0
183,5,10,150,99,0.15101961822780524
184,5,10,150,99,0.0
185,5,10,150,99,0.0
186,5,10,150,99,0.04633132539002164
187,5,10,150,99,0.0
188,5,10,150,99,0.12925733948536566
189,5,10,150,99,0.18890011590178235
190,5,10,150,99,0.04574689149336223
192,5,10,150,99,0.123151194370365
193,5,10,150,99,0.0
194,5,10,150,99,0.14012129095911344
195,5,10,150,99,0.11787667935667444
196,5,10,150,99,0.0
197,5,10,150,99,0.09546043308946733
198,5,10,150,99,0.0
199,5,10,150,99,0.0
200,5,10,150,99,0.09785159463516042
201,5,10,150,99,0.018702907379956335
202,5,10,150,99,0.10466868931043802
203,5,10,150,99,0.0
204,5,10,150,99,0.19519002499605084
205,5,10,150,99,0.0
206,5,10,150,99,0.0
207,5,10,150,99,0.11073658758229504
208,5,10,150,99,0.0
209,5,10,150,99,0.0
210,5,10,150,99,0.2167516193508568
211,5,10,150,99,0.0
213,5,10,150,99,0.15669163589836543
214,5,10,150,99,0.03841217056892214
216,5,10,150,99,0.23813231172447274
217,5,10,150,99,0.0
218,5,10,150,99,0.0
219,5,10,150,99,0.0
221,5,10,150,99,0.0
222,5,10,150,99,0.1050995674008573
223,5,10,150,99,0.0
224,5,10,150,99,0.029685041434429592
225,5,10,150,99,0.09077089626867633
226,5,10,150,99,0.19092086617893467
227,5,10,150,99,0.0
228,5,10,150,99,0.0
229,5,10,150,99,0.0
230,5,10,150,99,0.18626745211827422
231,5,10,150,99,0.0
232,5,10,150,99,0.03962341267285813
233,5,10,150,99,0.3062523178880809
234,5,10,150,99,0.19782652779892718
235,5,10,150,99,0.06692738060277027
236,5,10,150,99,0.0
237,5,10,150,99,0.19342640361727081
238,5,10,150,99,0.0
239,5,10,150,99,0.13188976383312195
240,5,10,150,99,0.12495636102304827
241,5,10,150,99,0.0
242,5,10,150,99,0.0
243,5,10,150,99,0.0
244,5,10,150,99,0.049712302565054066
245,5,10,150,99,0.0
246,5,10,150,99,0.0561326498270945
247,5,10,150,99,0.09472348220010487
248,5,10,150,99,0.09472348220010487
249,5,10,150,99,0.09798874944313594
250,5,10,150,99,0.0
251,5,10,150,99,0.13032376591037062
252,5,10,150,99,0.20184908658209985
253,5,10,150,99,0.1084812001944431
254,5,10,150,99,0.08514311764162098
255,5,10,150,99,0.0
256,5,10,150,99,0.1013176985622648
257,5,10,150,99,0.1339616094750857
258,5,10,150,99,0.10144063749941859
259,5,10,150,99,0.1239740444869306
260,5,10,150,99,0.0
261,5,10,150,99,0.0
262,5,10,150,99,0.03365750437567162
263,5,10,150,99,0.0956366800683804
264,5,10,150,99,0.14464369219501386
265,5,10,150,99,0.0
266,5,10,150,99,0.0
267,5,10,150,99,0.17168372277322866
268,5,10,150,99,0.09950548580207201
269,5,10,150,99,0.07200022387224603
270,5,10,150,99,0.07655568961465661
271,5,10,150,99,0.13010624216828925
272,5,10,150,99,0.1702293778633033
273,5,10,150,99,0.0
274,5,10,150,99,0.0
275,5,10,150,99,0.0
276,5,10,150,99,0.15875999922826586
277,5,10,150,99,0.0
278,5,10,150,99,0.1631512196835108
279,5,10,150,99,0.18625181821647357
280,5,10,150,99,0.20222165535157688
281,5,10,150,99,0.0
282,5,10,150,99,0.0
283,5,10,150,99,0.07028063830038406
284,5,10,150,99,0.0
285,5,10,150,99,0.0
286,5,10,150,99,0.12006378234223566
287,5,10,150,99,0.0
288,5,10,150,99,0.0859574327152926
289,5,10,150,99,0.16903020543979225
290,5,10,150,99,0.07834851647149511
291,5,10,150,99,0.07828167840727236
292,5,10,150,99,0.0761512981816583
293,5,10,150,99,0.18884218707725223
294,5,10,150,99,0.0239003177617487
295,5,10,150,99,0.2603201838311303
296,5,10,150,99,0.23769372116405846
297,5,10,150,99,0.0
298,5,10,150,99,0.16915623549474385
299,5,10,150,99,0.06267766175812858
300,5,10,150,99,0.0
301,5,10,150,99,0.06460801587741544
302,5,10,150,99,0.09224219235917257
303,5,10,150,99,0.08773996172943178
304,5,10,150,99,0.0
305,5,10,150,99,0.11349000778741654
306,5,10,150,99,0.0
307,5,10,150,99,0.10778915452451093
308,5,10,150,99,0.13490077762666258
310,5,10,150,99,0.0
311,5,10,150,99,0.13301422444853
312,5,10,150,99,0.1819616199123543
313,5,10,150,99,0.11270402374049442
314,5,10,150,99,0.16600564593053876
315,5,10,150,99,0.037110354711564805
316,5,10,150,99,0.0
317,5,10,150,99,0.0
318,5,10,150,99,0.1642688369468948
319,5,10,150,99,0.0
320,5,10,150,99,0.13927874459665815
321,5,10,150,99,0.0
322,5,10,150,99,0.0
323,5,10,150,99,0.1610425878239398
324,5,10,150,99,0.0
325,5,10,150,99,0.09092803061897883
326,5,10,150,99,0.027288805847552652
327,5,10,150,99,0.04235968262477492
328,5,10,150,99,0.09206364236149692
329,5,10,150,99,0.0
330,5,10,150,99,0.20899895963809426
331,5,10,150,99,0.0
332,5,10,150,99,0.09320485889859448
334,5,10,150,99,0.10041756338336405
335,5,10,150,99,0.16155546744299637
336,5,10,150,99,0.0780824078938463
337,5,10,150,99,0.0
338,5,10,150,99,0.18039889772993523
339,5,10,150,99,0.22956271420203478
340,5,10,150,99,0.12424880528285201
341,5,10,150,99,0.0
342,5,10,150,99,0.42268456165058327
343,5,10,150,99,0.11360727106764587
344,5,10,150,99,0.1202034973803211
345,5,10,150,99,0.18015355216717013
346,5,10,150,99,0.04366879852493834
347,5,10,150,99,0.24434072388563882
348,5,10,150,99,0.0
349,5,10,150,99,0.0
350,5,10,150,99,0.058087171966128066
351,5,10,150,99,0.07977344912567227
352,5,10,150,99,0.1903601622684853
353,5,10,150,99,0.14434031438272124
354,5,10,150,99,0.06335619058732639
355,5,10,150,99,0.0
356,5,10,150,99,0.0
357,5,10,150,99,0.0
358,5,10,150,99,0.06364028872631156
359,5,10,150,99,0.3010299956639812
360,5,10,150,99,0.12982031659526816
361,5,10,150,99,0.09478836436955078
362,5,10,150,99,0.054793185501041654
363,5,10,150,99,0.24101654828754165
364,5,10,150,99,0.0
365,5,10,150,99,0.0
366,5,10,150,99,0.0
367,5,10,150,99,0.06369098129632131
368,5,10,150,99,0.0
369,5,10,150,99,0.0
370,5,10,150,99,0.0
371,5,10,150,99,0.19950301641376814
372,5,10,150,99,0.15130120674940672
373,5,10,150,99,0.22842722979011518
374,5,10,150,99,0.09083869370810833
375,5,10,150,99,0.0
376,5,10,150,99,0.0
377,5,10,150,99,0.0
378,5,10,150,99,0.13635638482251203
379,5,10,150,99,0.08433239722469389
380,5,10,150,99,0.0
381,5,10,150,99,0.03243913203930433
382,5,10,150,99,0.1390935487579673
383,5,10,150,99,0.18543645219162883
384,5,10,150,99,0.0
385,5,10,150,99,0.0
386,5,10,150,99,0.0
387,5,10,150,99,0.08586571489348302
388,5,10,150,99,0.10905746606004323
389,5,10,150,99,0.09284203700798714
390,5,10,150,99,0.0
391,5,10,150,99,0.11245246430543061
392,5,10,150,99,0.24923073877155918
393,5,10,150,99,0.18286167708612477
394,5,10,150,99,0.18425976175120107
395,5,10,150,99,0.033500244056960914
396,5,10,150,99,0.0
397,5,10,150,99,0.17712677699336496
398,5,10,150,99,0.28368572779044043
399,5,10,150,99,0.026175882249243814
400,5,10,150,99,0.0
401,5,10,150,99,0.02839245759615368
402,5,10,150,99,0.0
403,5,10,150,99,0.29144319925450707
404,5,10,150,99,0.0
405,5,10,150,99,0.06437922853441826
406,5,10,150,99,0.07610657727852362
407,5,10,150,99,0.1420260823074358
408,5,10,150,99,0.09983719697789138
409,5,10,150,99,0.05800611307095368
410,5,10,150,99,0.0
411,5,10,150,99,0.17342765698823945
412,5,10,150,99,0.0
413,5,10,150,99,0.0
414,5,10,150,99,0.21398626473452756
415,5,10,150,99,0.0
416,5,10,150,99,0.1691178381508892
417,5,10,150,99,0.11088189053445036
419,5,10,150,99,0.39968436238468874
420,5,10,150,99,0.15209749107189288
421,5,10,150,99,0.08151710573508678
422,5,10,150,99,0.0
423,5,10,150,99,0.13523051443907988
424,5,10,150,99,0.1545659390636425
425,5,10,150,99,0.2840898071472465
426,5,10,150,99,0.13571943816109763
427,5,10,150,99,0.12615224917140136
428,5,10,150,99,0.03967704129387874
429,5,10,150,99,0.17273950647125505
430,5,10,150,99,0.1261446714466394
431,5,10,150,99,0.0
432,5,10,150,99,0.049369952841505485
433,5,10,150,99,0.0
434,5,10,150,99,0.3903800499921017
435,5,10,150,99,0.11347000084585261
436,5,10,150,99,0.12973311796205417
437,5,10,150,99,0.22972973128433707
438,5,10,150,99,0.0
439,5,10,150,99,0.0
440,5,10,150,99,0.06175696970122604
441,5,10,150,99,0.0
442,5,10,150,99,0.06725043118123936
443,5,10,150,99,0.0
445,5,10,150,99,0.0
446,5,10,150,99,0.0
447,5,10,150,99,0.2726897692124621
448,5,10,150,99,0.0
449,5,10,150,99,0.10752903580740367
450,5,10,150,99,0.22640083277136241
451,5,10,150,99,0.0
452,5,10,150,99,0.1353061563511876
453,5,10,150,99,0.029956785715628154
454,5,10,150,99,0.11567097083370319
455,5,10,150,99,0.10936717758288772
456,5,10,150,99,0.09613827998474739
457,5,10,150,99,0.31072277459542313
458,5,10,150,99,0.04507276838148142
459,5,10,150,99,0.0
460,5,10,150,99,0.0
461,5,10,150,99,0.0
462,5,10,150,99,0.0
463,5,10,150,99,0.026903388345470878
464,5,10,150,99,0.08464952481666788
465,5,10,150,99,0.035016337639871845
466,5,10,150,99,0.03947525607388688
467,5,10,150,99,0.1436337620239326
468,5,10,150,99,0.27023868832296544
469,5,10,150,99,0.057417722536754784
470,5,10,150,99,0.0
471,5,10,150,99,0.0
472,5,10,150,99,0.1966215799883102
473,5,10,150,99,0.08754031530847717
474,5,10,150,99,0.34897204770080337
475,5,10,150,99,0.06516188295518531
476,5,10,150,99,0.0
477,5,10,150,99,0.055100238151135045
478,5,10,150,99,0.23782833255689273
479,5,10,150,99,0.07834096783470737
480,5,10,150,99,0.21398626473452756
481,5,10,150,99,0.13863671367752411
482,5,10,150,99,0.0
483,5,10,150,99,0.06912040963822193
484,5,10,150,99,0.09353062527112192
485,5,10,150,99,0.0
486,5,10,150,99,0.1166832900792536
487,5,10,150,99,0.2215000938796789
488,5,10,150,99,0.0
489,5,10,150,99,0.10477386386587244
490,5,10,150,99,0.0
491,5,10,150,99,0.19092086617893467
492,5,10,150,99,0.12471554514794539
493,5,10,150,99,0.06270991162683781
494,5,10,150,99,0.1096312620712655
495,5,10,150,99,0.15115187072926595
496,5,10,150,99,0.05459112561892713
497,5,10,150,99,0.1185459147337956
498,5,10,150,99,0.03855307727568851
499,5,10,150,99,0.1912282106369008
500,5,10,150,99,0.05011951520627559
501,5,10,150,99,0.0
502,5,10,150,99,0.06364028872631156
503,5,10,150,99,0.27534073433896133
504,5,10,150,99,0.0
505,5,10,150,99,0.0
506,5,10,150,99,0.13939295695713902
507,5,10,150,99,0.03371865946438579
508,5,10,150,99,0.0
509,5,10,150,99,0.06474271459046577
510,5,10,150,99,0.0
511,5,10,150,99,0.0
512,5,10,150,99,0.18316925091363362
513,5,10,150,99,0.0461651444771445
514,5,10,150,99,0.10595566933616397
515,5,10,150,99,0.0
516,5,10,150,99,0.13768197790533618
517,5,10,150,99,0.042259191411409554
518,5,10,150,99,0.0
519,5,10,150,99,0.10980194963145926
520,5,10,150,99,0.0
521,5,10,150,99,0.03412195388531748
522,5,10,150,99,0.0
523,5,10,150,99,0.12396031569176709
524,5,10,150,99,0.10258209047527363
525,5,10,150,99,0.0
526,5,10,150,99,0.17292389918997986
527,5,10,150,99,0.14943863047793596
528,5,10,150,99,0.14110144150616766
529,5,10,150,99,0.10471139591065548
530,5,10,150,99,0.0
531,5,10,150,99,0.0
532,5,10,150,99,0.0753129378990445
533,5,10,150,99,0.140097006072795
534,5,10,150,99,0.07450923581469894
535,5,10,150,99,0.2871959083713276
536,5,10,150,99,0.27314750625223144
537,5,10,150,99,0.41529278228020994
538,5,10,150,99,0.0
539,5,10,150,99,0.1560067947598593
540,5,10,150,99,0.027519708785797934
541,5,10,150,99,0.1630698087619573
542,5,10,150,99,0.2251436937097755
543,5,10,150,99,0.10214293143598126
544,5,10,150,99,0.07631352592005593
545,5,10,150,99,0.052962244777770985
546,5,10,150,99,0.15314106296495628
547,5,10,150,99,0.0
548,5,10,150,99,0.1281293501557747
549,5,10,150,99,0.0
550,5,10,150,99,0.13436217909546777
551,5,10,150,99,0.3691887827792438
552,5,10,150,99,0.0
553,5,10,150,99,0.2558682193404399
554,5,10,150,99,0.16600564593053876
555,5,10,150,99,0.0
556,5,10,150,99,0.15950832945941923
557,5,10,150,99,0.053894577262255466
558,5,10,150,99,0.05718685316335169
559,5,10,150,99,0.0734773909038217
560,5,10,150,99,0.2611842705687123
561,5,10,150,99,0.10592276296337293
562,5,10,150,99,0.06240346968106183
563,5,10,150,99,0.0
564,5,10,150,99,0.0
565,5,10,150,99,0.18568675205192314
566,5,10,150,99,0.13665387068436016
567,5,10,150,99,0.18728051875048343
568,5,10,150,99,0.057107346298225524
569,5,10,150,99,0.0336639187988199
570,5,10,150,99,0.0
571,5,10,150,99,0.0
572,5,10,150,99,0.058995070558427745
573,5,10,150,99,0.035908240113829995
574,5,10,150,99,0.07616204594440379
575,5,10,150,99,0.056316753775798256
576,5,10,150,99,0.17342765698823945
577,5,10,150,99,0.22186862389759224
578,5,10,150,99,0.09818998961169394
579,5,10,150,99,0.0
580,5,10,150,99,0.21661076434387644
581,5,10,150,99,0.09212004957367755
582,5,10,150,99,0.028361369701356044
583,5,10,150,99,0.12643592119352937
584,5,10,150,99,0.0
585,5,10,150,99,0.06320275563713697
586,5,10,150,99,0.09195192495929504
587,5,10,150,99,0.0
588,5,10,150,99,0.2234644529330562
589,5,10,150,99,0.09751522916349128
590,5,10,150,99,0.18511573258657482
591,5,10,150,99,0.18151519988771836
592,5,10,150,99,0.24539657481359
593,5,10,150,99,0.1847125373189141
594,5,10,150,99,0.0843142342558857
595,5,10,150,99,0.0
596,5,10,150,99,0.0
597,5,10,150,99,0.0
598,5,10,150,99,0.11752277470724268
599,5,10,150,99,0.197296613674386
600,5,10,150,99,0.0
601,5,10,150,99,0.026557570376145638
602,5,10,150,99,0.0
603,5,10,150,99,0.06194403202282284
604,5,10,150,99,0.0
605,5,10,150,99,0.10589838376326657
606,5,10,150,99,0.2261814559931926
607,5,10,150,99,0.0
608,5,10,150,99,0.14688428242884272
609,5,10,150,99,0.11838279295536291
610,5,10,150,99,0.05781186855394371
611,5,10,150,99,0.06967022707002284
612,5,10,150,99,0.0
613,5,10,150,99,0.2513035301880791
614,5,10,150,99,0.13886244387355454
615,5,10,150,99,0.11946829980585116
616,5,10,150,99,0.09781579202094404
617,5,10,150,99,0.07286192498233149
618,5,10,150,99,0.16256797914565382
619,5,10,150,99,0.17622915213253285
620,5,10,150,99,0.1451323880538222
621,5,10,150,99,0.13589759152345549
622,5,10,150,99,0.10022910267662996
623,5,10,150,99,0.13369528351530374
624,5,10,150,99,0.019160322430058573
625,5,10,150,99,0.0
626,5,10,150,99,0.04690797720830594
627,5,10,150,99,0.04289205981312439
628,5,10,150,99,0.0
629,5,10,150,99,0.21973291420810612
630,5,10,150,99,0.14894083764088406
631,5,10,150,99,0.09240791929215005
632,5,10,150,99,0.3331495701314084
633,5,10,150,99,0.06965062371918256
634,5,10,150,99,0.023756977677906275
635,5,10,150,99,0.07393190703916604
636,5,10,150,99,0.0
637,5,10,150,99,0.0
638,5,10,150,99,0.15473934503245962
639,5,10,150,99,0.0
640,5,10,150,99,0.08757749316783438
641,5,10,150,99,0.03570665676503816
642,5,10,150,99,0.13207172242143603
643,5,10,150,99,0.15031592367651372
644,5,10,150,99,0.0
645,5,10,150,99,0.1856947245529553
646,5,10,150,99,0.0
647,5,10,150,99,0.03673869545191085
648,5,10,150,99,0.1611007259024438
649,5,10,150,99,0.0
650,5,10,150,99,0.16043216353603468
651,5,10,150,99,0.03443184397772452
652,5,10,150,99,0.0
653,5,10,150,99,0.042464725972586034
654,5,10,150,99,0.17020900230175445
655,5,10,150,99,0.25271368267298155
656,5,10,150,99,0.0
657,5,10,150,99,0.053845569940583225
658,5,10,150,99,0.0
659,5,10,150,99,0.07075240780563574
660,5,10,150,99,0.055410577886609
661,5,10,150,99,0.12705991527984942
662,5,10,150,99,0.0
663,5,10,150,99,0.09211594531187607
664,5,10,150,99,0.05391021349625259
665,5,10,150,99,0.0
666,5,10,150,99,0.07860744541237058
667,5,10,150,99,0.2676806947950803
668,5,10,150,99,0.0
669,5,10,150,99,0.2672968266839232
670,5,10,150,99,0.23442530823344007
671,5,10,150,99,0.17434206503696043
672,5,10,150,99,0.0
673,5,10,150,99,0.0
674,5,10,150,99,0.0
675,5,10,150,99,0.05010834716923557
676,5,10,150,99,0.08008509239634608
677,5,10,150,99,0.03927489746221688
678,5,10,150,99,0.0
679,5,10,150,99,0.26970586372388394
680,5,10,150,99,0.2073612289146658
681,5,10,150,99,0.0
682,5,10,150,99,0.1393930878028225
683,5,10,150,99,0.06289349548893712
684,5,10,150,99,0.0
685,5,10,150,99,0.0
686,5,10,150,99,0.11524934452025383
687,5,10,150,99,0.0
688,5,10,150,99,0.0
689,5,10,150,99,0.32436268379537736
690,5,10,150,99,0.0
691,5,10,150,99,0.0
692,5,10,150,99,0.0
693,5,10,150,99,0.03042314513165654
694,5,10,150,99,0.20269611984358588
695,5,10,150,99,0.0607039656753694
696,5,10,150,99,0.12935879342602336
697,5,10,150,99,0.06378035696304758
698,5,10,150,99,0.09499131598480672
699,5,10,150,99,0.03139866635141006
700,5,10,150,99,0.16958010263680806
701,5,10,150,99,0.04129602134854855
702,5,10,150,99,0.0
703,5,10,150,99,0.03870447337439288
704,5,10,150,99,0.09986079379105446
705,5,10,150,99,0.20609334068785645
706,5,10,150,99,0.0
707,5,10,150,99,0.11204043240783193
708,5,10,150,99,0.0943325796571581
709,5,10,150,99,0.11778692963665513
710,5,10,150,99,0.05710411178654767
711,5,10,150,99,0.15552566999725762
712,5,10,150,99,0.12435918123916344
713,5,10,150,99,0.0
714,5,10,150,99,0.04195229264874745
715,5,10,150,99,0.07261309108674657
716,5,10,150,99,0.17685950388962876
717,5,10,150,99,0.18940567332300148
718,5,10,150,99,0.14061157344379913
719,5,10,150,99,0.1811528335938261
720,5,10,150,99,0.05261577455142312
721,5,10,150,99,0.185399636990879
722,5,10,150,99,0.0
723,5,10,150,99,0.0
724,5,10,150,99,0.0
725,5,10,150,99,0.05750402108673013
726,5,10,150,99,0.2529427027676571
727,5,10,150,99,0.07744455145333913
728,5,10,150,99,0.0
729,5,10,150,99,0.0
730,5,10,150,99,0.0
731,5,10,150,99,0.10343510349900437
732,5,10,150,99,0.0
733,5,10,150,99,0.0
734,5,10,150,99,0.0655813061736612
735,5,10,150,99,0.0
736,5,10,150,99,0.0
737,5,10,150,99,0.16282663249631943
738,5,10,150,99,0.2632431729022225
739,5,10,150,99,0.0
740,5,10,150,99,0.0
741,5,10,150,99,0.10965210684801945
742,5,10,150,99,0.04553761034739079
743,5,10,150,99,0.0814476682319001
744,5,10,150,99,0.08878770367712427
745,5,10,150,99,0.3682049230943936
746,5,10,150,99,0.11450296808588954
747,5,10,150,99,0.32330014477534436
748,5,10,150,99,0.2388856508808849
749,5,10,150,99,0.11854961938871851
750,5,10,150,99,0.07219614103266732
751,5,10,150,99,0.10926529688037187
752,5,10,150,99,0.020210299806331135
753,5,10,150,99,0.15406810205846871
754,5,10,150,99,0.0
755,5,10,150,99,0.067228724047084
756,5,10,150,99,0.12944030246708935
757,5,10,150,99,0.10328462161510674
758,5,10,150,99,0.2284649880872865
759,5,10,150,99,0.038281751104512325
760,5,10,150,99,0.14160135441219726
761,5,10,150,99,0.03339755935325358
762,5,10,150,99,0.11568388634051256
763,5,10,150,99,0.20859185628046678
764,5,10,150,99,0.08207588022692468
765,5,10,150,99,0.0
766,5,10,150,99,0.050541549839211865
767,5,10,150,99,0.2073612289146658
768,5,10,150,99,0.09605101354696702
769,5,10,150,99,0.0
770,5,10,150,99,0.04692206785373726
771,5,10,150,99,0.23417990943974326
772,5,10,150,99,0.03353522641880846
773,5,10,150,99,0.08236155615232364
774,5,10,150,99,0.03551622697259125
775,5,10,150,99,0.0437324968781469
776,5,10,150,99,0.12155614423940549
777,5,10,150,99,0.14445412169961394
778,5,10,150,99,0.024850109207689472
779,5,10,150,99,0.05878132199396477
780,5,10,150,99,0.15888674244174908
781,5,10,150,99,0.24553555323333592
782,5,10,150,99,0.018541156496962186
783,5,10,150,99,0.042447135269629226
784,5,10,150,99,0.0
785,5,10,150,99,0.07685905888147043
786,5,10,150,99,0.13370327844286975
787,5,10,150,99,0.0683037314796457
788,5,10,150,99,0.1527302039456762
789,5,10,150,99,0.059109628562248356
790,5,10,150,99,0.07251300395282256
791,5,10,150,99,0.0
792,5,10,150,99,0.0
793,5,10,150,99,0.037980879109777994
794,5,10,150,99,0.24530465636459906
795,5,10,150,99,0.09354596657002175
796,5,10,150,99,0.2996172313637394
797,5,10,150,99,0.09030583455080088
798,5,10,150,99,0.097915130627047
799,5,10,150,99,0.0
800,5,10,150,99,0.0
801,5,10,150,99,0.057790096215421506
802,5,10,150,99,0.030863419558816
803,5,10,150,99,0.0
804,5,10,150,99,0.12577783407699938
805,5,10,150,99,0.09531597619487396
806,5,10,150,99,0.13891238635540284
807,5,10,150,99,0.19510906471881448
808,5,10,150,99,0.07651544975451595
809,5,10,150,99,0.07484323939884738
810,5,10,150,99,0.0
811,5,10,150,99,0.05062543788674174
812,5,10,150,99,0.0
813,5,10,150,99,0.17367331957930765
814,5,10,150,99,0.16688225797344017
815,5,10,150,99,0.24565985886458913
816,5,10,150,99,0.08005612702969578
817,5,10,150,99,0.0
818,5,10,150,99,0.0
819,5,10,150,99,0.15575997463127336
820,5,10,150,99,0.041641441310299704
821,5,10,150,99,0.19220292042320755
822,5,10,150,99,0.03902876023380719
823,5,10,150,99,0.2982209602555571
824,5,10,150,99,0.0
825,5,10,150,99,0.15040579701752874
826,5,10,150,99,0.12127728358945425
827,5,10,150,99,0.0
828,5,10,150,99,0.09895575101787493
829,5,10,150,99,0.1633399391391799
830,5,10,150,99,0.11558676478688033
831,5,10,150,99,0.26120148292314205
832,5,10,150,99,0.041355644490859725
833,5,10,150,99,0.12157907283110513
834,5,10,150,99,0.09452471710599904
835,5,10,150,99,0.1735083622023649
836,5,10,150,99,0.10882945376944808
837,5,10,150,99,0.04343487513280368
838,5,10,150,99,0.14570435926304814
839,5,10,150,99,0.05646784228340616
840,5,10,150,99,0.27214285597818744
841,5,10,150,99,0.0
842,5,10,150,99,0.03314153504336938
843,5,10,150,99,0.08071252763800758
844,5,10,150,99,0.14767302746812566
845,5,10,150,99,0.0
846,5,10,150,99,0.3232195314658623
847,5,10,150,99,0.029214939727003304
848,5,10,150,99,0.1861998464079303
849,5,10,150,99,0.1917146328376363
850,5,10,150,99,0.24846647105083042
851,5,10,150,99,0.22493449394331164
852,5,10,150,99,0.0
853,5,10,150,99,0.0
854,5,10,150,99,0.16584934223018644
855,5,10,150,99,0.0
856,5,10,150,99,0.0628634487195275
857,5,10,150,99,0.0
858,5,10,150,99,0.0
859,5,10,150,99,0.0
860,5,10,150,99,0.12426626862608521
861,5,10,150,99,0.12001290632387755
862,5,10,150,99,0.3077630499252903
863,5,10,150,99,0.16848699947118498
864,5,10,150,99,0.230580466509639
865,5,10,150,99,0.030825292165839853
866,5,10,150,99,0.2482726129454347
867,5,10,150,99,0.39469748886845896
868,5,10,150,99,0.12953484002883128
869,5,10,150,99,0.18425526859062058
870,5,10,150,99,0.11861001877576896
871,5,10,150,99,0.23335170418377482
872,5,10,150,99,0.05650521906423933
873,5,10,150,99,0.0
874,5,10,150,99,0.06575393297476358
875,5,10,150,99,0.2740833224629798
876,5,10,150,99,0.0
877,5,10,150,99,0.03487978243545732
878,5,10,150,99,0.048005054499156014
879,5,10,150,99,0.07180913162424091
880,5,10,150,99,0.2654651324999693
881,5,10,150,99,0.2335211122536987
882,5,10,150,99,0.37308349280751624
883,5,10,150,99,0.31983600727722833
884,5,10,150,99,0.028767091820622218
885,5,10,150,99,0.10709607345972089
886,5,10,150,99,0.18441690091045992
887,5,10,150,99,0.1928337190809289
888,5,10,150,99,0.0
889,5,10,150,99,0.18323253616886012
890,5,10,150,99,0.3790180009782411
891,5,10,150,99,0.09013275514532934
892,5,10,150,99,0.3816515041607039
893,5,10,150,99,0.06655191453229989
894,5,10,150,99,0.16001673205448613
895,5,10,150,99,0.0
896,5,10,150,99,0.28791844078022155
897,5,10,150,99,0.21403725046758348
898,5,10,150,99,0.02204583040735582
899,5,10,150,99,0.1528183102111697
900,5,10,150,99,0.11423413779055742
901,5,10,150,99,0.25317004059729414
902,5,10,150,99,0.025255271126572616
903,5,10,150,99,0.30520151924536415
904,5,10,150,99,0.016034870336568776
905,5,10,150,99,0.1476843235467141
906,5,10,150,99,0.06212701143918119
907,5,10,150,99,0.20229552987820743
908,5,10,150,99,0.20640898076180436
909,5,10,150,99,0.0
910,5,10,150,99,0.14111581018360284
911,5,10,150,99,0.08317288751647071
912,5,10,150,99,0.19029170705040452
913,5,10,150,99,0.19374110767191058
914,5,10,150,99,0.0
915,5,10,150,99,0.16744730537056995
916,5,10,150,99,0.17116345151577847
917,5,10,150,99,0.019845431127916993
918,5,10,150,99,0.035648456755093136
919,5,10,150,99,0.11037876634652521
920,5,10,150,99,0.26814570941777965
921,5,10,150,99,0.02477447378142753
922,5,10,150,99,0.1169032834855481
923,5,10,150,99,0.0915484159988582
924,5,10,150,99,0.1306223466470971
925,5,10,150,99,0.08576373115156254
926,5,10,150,99,0.18690891198435525
927,5,10,150,99,0.15271204674326302
928,5,10,150,99,0.225412941472223
929,5,10,150,99,0.11107244313646446
930,5,10,150,99,0.13909680376172495
931,5,10,150,99,0.08816720306548922
932,5,10,150,99,0.3223090755286419
933,5,10,150,99,0.08379008633316531
934,5,10,150,99,0.22866291248615855
935,5,10,150,99,0.043888403129016776
936,5,10,150,99,0.08657566726934898
937,5,10,150,99,0.09560624946230661
938,5,10,150,99,0.08978812887364458
939,5,10,150,99,0.05231692143384187
940,5,10,150,99,0.09469359068019315
941,5,10,150,99,0.2546814962889047
942,5,10,150,99,0.24046343778488902
943,5,10,150,99,0.1315000454194571
1,5,10,150,100,0.4058715898896693
2,5,10,150,100,0.14433828292945616
3,5,10,150,100,0.08759200575528697
4,5,10,150,100,0.0
5,5,10,150,100,0.04470486007704452
6,5,10,150,100,0.04187254809446048
7,5,10,150,100,0.24786078158627442
8,5,10,150,100,0.0
9,5,10,150,100,0.0
10,5,10,150,100,0.3005733545514552
11,5,10,150,100,0.03947525607388688
12,5,10,150,100,0.14632177291384774
13,5,10,150,100,0.24256092752724764
14,5,10,150,100,0.22645209977437805
15,5,10,150,100,0.0
16,5,10,150,100,0.19107502160562695
17,5,10,150,100,0.0
18,5,10,150,100,0.17872418048185143
19,5,10,150,100,0.15602106502222501
20,5,10,150,100,0.13743816645714543
21,5,10,150,100,0.17643857112498312
22,5,10,150,100,0.040815803121742565
23,5,10,150,100,0.10387012192613786
24,5,10,150,100,0.08835266840320231
25,5,10,150,100,0.23940867474021393
26,5,10,150,100,0.027519708785797934
27,5,10,150,100,0.0
28,5,10,150,100,0.10131242160793445
30,5,10,150,100,0.08133484538841967
31,5,10,150,100,0.11164668500969883
32,5,10,150,100,0.19519002499605084
33,5,10,150,100,0.0
34,5,10,150,100,0.0
35,5,10,150,100,0.0
37,5,10,150,100,0.08177471774917201
38,5,10,150,100,0.0
39,5,10,150,100,0.0
40,5,10,150,100,0.0
41,5,10,150,100,0.06835476917178976
42,5,10,150,100,0.11799888153014505
43,5,10,150,100,0.0
44,5,10,150,100,0.29540493557662006
45,5,10,150,100,0.0
46,5,10,150,100,0.0
47,5,10,150,100,0.0
48,5,10,150,100,0.13203079491918646
49,5,10,150,100,0.05432573058142762
52,5,10,150,100,0.06369098129632131
53,5,10,150,100,0.0
54,5,10,150,100,0.0
55,5,10,150,100,0.0
56,5,10,150,100,0.11781210270929884
57,5,10,150,100,0.1318392860374695
58,5,10,150,100,0.43418941507676856
59,5,10,150,100,0.2097967636095035
60,5,10,150,100,0.1076743759411119
61,5,10,150,100,0.0
62,5,10,150,100,0.09586820699422145
63,5,10,150,100,0.0
64,5,10,150,100,0.07635718686081962
65,5,10,150,100,0.2342550150352983
66,5,10,150,100,0.06636133566432367
67,5,10,150,100,0.0
68,5,10,150,100,0.0
69,5,10,150,100,0.0
70,5,10,150,100,0.03243913203930433
71,5,10,150,100,0.20758456043036028
72,5,10,150,100,0.10990826949013655
73,5,10,150,100,0.14308314931855187
74,5,10,150,100,0.0
75,5,10,150,100,0.05515026856924372
76,5,10,150,100,0.10633668103022985
77,5,10,150,100,0.14247142730086715
78,5,10,150,100,0.0
79,5,10,150,100,0.07821312100379274
80,5,10,150,100,0.0
81,5,10,150,100,0.08878770367712427
82,5,10,150,100,0.06016824800539794
83,5,10,150,100,0.07414861528507455
84,5,10,150,100,0.07550980911390262
85,5,10,150,100,0.04734112273659951
86,5,10,150,100,0.0
87,5,10,150,100,0.16641625059082407
88,5,10,150,100,0.18920035951687003
89,5,10,150,100,0.046966485689931024
90,5,10,150,100,0.19659652872125194
91,5,10,150,100,0.0
92,5,10,150,100,0.08374031835175766
93,5,10,150,100,0.0
94,5,10,150,100,0.12253429761719764
95,5,10,150,100,0.07849567312219397
96,5,10,150,100,0.12622583419458475
97,5,10,150,100,0.09376545370390896
98,5,10,150,100,0.0
99,5,10,150,100,0.13337585439143895
100,5,10,150,100,0.0
101,5,10,150,100,0.0
102,5,10,150,100,0.027188631083860992
103,5,10,150,100,0.0
104,5,10,150,100,0.33958467175585033
105,5,10,150,100,0.0
106,5,10,150,100,0.06516188295518531
107,5,10,150,100,0.0
109,5,10,150,100,0.16563719724029594
110,5,10,150,100,0.03203603672019056
111,5,10,150,100,0.0
112,5,10,150,100,0.14155505107215216
113,5,10,150,100,0.0
114,5,10,150,100,0.08274602130532002
115,5,10,150,100,0.0718417865441674
116,5,10,150,100,0.0
117,5,10,150,100,0.08490981601989582
118,5,10,150,100,0.2265416449833316
119,5,10,150,100,0.11016901394047311
120,5,10,150,100,0.0
121,5,10,150,100,0.13032376591037062
122,5,10,150,100,0.0
123,5,10,150,100,0.13720340769293682
124,5,10,150,100,0.0
125,5,10,150,100,0.05446333035917803
126,5,10,150,100,0.0
128,5,10,150,100,0.0
129,5,10,150,100,0.0
130,5,10,150,100,0.21080192078431575
131,5,10,150,100,0.0
132,5,10,150,100,0.0
133,5,10,150,100,0.0
134,5,10,150,100,0.0
135,5,10,150,100,0.0
136,5,10,150,100,0.0
137,5,10,150,100,0.1137075481082292
138,5,10,150,100,0.0976168253917686
139,5,10,150,100,0.10466868931043802
140,5,10,150,100,0.0
141,5,10,150,100,0.04733244938590725
142,5,10,150,100,0.0
143,5,10,150,100,0.0
144,5,10,150,100,0.0
145,5,10,150,100,0.22835480069221242
146,5,10,150,100,0.0
147,5,10,150,100,0.1033846481249528
148,5,10,150,100,0.26071721237610296
149,5,10,150,100,0.0
150,5,10,150,100,0.2640681225725909
151,5,10,150,100,0.12276451371718716
152,5,10,150,100,0.0
153,5,10,150,100,0.0
154,5,10,150,100,0.06416923277158361
155,5,10,150,100,0.0
156,5,10,150,100,0.0
157,5,10,150,100,0.10349529353471887
158,5,10,150,100,0.13830208502611357
159,5,10,150,100,0.23138144801632507
160,5,10,150,100,0.23538511388047798
161,5,10,150,100,0.0
162,5,10,150,100,0.09784076556363268
163,5,10,150,100,0.0
164,5,10,150,100,0.0
165,5,10,150,100,0.0
167,5,10,150,100,0.05319635904163211
168,5,10,150,100,0.05461997784715835
169,5,10,150,100,0.0
170,5,10,150,100,0.0
171,5,10,150,100,0.0
173,5,10,150,100,0.07444401142258321
174,5,10,150,100,0.12795077757424125
175,5,10,150,100,0.21517910082405575
176,5,10,150,100,0.06289692884934815
177,5,10,150,100,0.38113435412202
178,5,10,150,100,0.12597398707460816
179,5,10,150,100,0.09149012142095872
180,5,10,150,100,0.06228974831361337
181,5,10,150,100,0.11680461119565375
182,5,10,150,100,0.0
183,5,10,150,100,0.15101961822780524
184,5,10,150,100,0.0
185,5,10,150,100,0.0
186,5,10,150,100,0.04633132539002164
187,5,10,150,100,0.0
188,5,10,150,100,0.12925733948536566
189,5,10,150,100,0.18890011590178235
190,5,10,150,100,0.04574689149336223
192,5,10,150,100,0.123151194370365
193,5,10,150,100,0.0
194,5,10,150,100,0.14012129095911344
195,5,10,150,100,0.11787667935667444
196,5,10,150,100,0.0
197,5,10,150,100,0.09546043308946733
198,5,10,150,100,0.0
199,5,10,150,100,0.0
200,5,10,150,100,0.09785159463516042
201,5,10,150,100,0.018702907379956335
202,5,10,150,100,0.10466868931043802
203,5,10,150,100,0.0
204,5,10,150,100,0.19519002499605084
205,5,10,150,100,0.0
206,5,10,150,100,0.0
207,5,10,150,100,0.11073658758229504
208,5,10,150,100,0.0
209,5,10,150,100,0.0
210,5,10,150,100,0.2167516193508568
211,5,10,150,100,0.0
213,5,10,150,100,0.15669163589836543
214,5,10,150,100,0.03841217056892214
216,5,10,150,100,0.23813231172447274
217,5,10,150,100,0.0
218,5,10,150,100,0.0
219,5,10,150,100,0.0
221,5,10,150,100,0.0
222,5,10,150,100,0.1050995674008573
223,5,10,150,100,0.0
224,5,10,150,100,0.029685041434429592
225,5,10,150,100,0.09077089626867633
226,5,10,150,100,0.19092086617893467
227,5,10,150,100,0.0
228,5,10,150,100,0.0
229,5,10,150,100,0.0
230,5,10,150,100,0.18626745211827422
231,5,10,150,100,0.0
232,5,10,150,100,0.03962341267285813
233,5,10,150,100,0.3062523178880809
234,5,10,150,100,0.19782652779892718
235,5,10,150,100,0.06692738060277027
236,5,10,150,100,0.0
237,5,10,150,100,0.19342640361727081
238,5,10,150,100,0.0
239,5,10,150,100,0.13188976383312195
240,5,10,150,100,0.12495636102304827
241,5,10,150,100,0.0
242,5,10,150,100,0.0
243,5,10,150,100,0.0
244,5,10,150,100,0.049712302565054066
245,5,10,150,100,0.0
246,5,10,150,100,0.0561326498270945
247,5,10,150,100,0.09472348220010487
248,5,10,150,100,0.09472348220010487
249,5,10,150,100,0.09798874944313594
250,5,10,150,100,0.0
251,5,10,150,100,0.13032376591037062
252,5,10,150,100,0.20184908658209985
253,5,10,150,100,0.1084812001944431
254,5,10,150,100,0.08514311764162098
255,5,10,150,100,0.0
256,5,10,150,100,0.1013176985622648
257,5,10,150,100,0.1339616094750857
258,5,10,150,100,0.10144063749941859
259,5,10,150,100,0.1239740444869306
260,5,10,150,100,0.0
261,5,10,150,100,0.0
262,5,10,150,100,0.03365750437567162
263,5,10,150,100,0.0956366800683804
264,5,10,150,100,0.14464369219501386
265,5,10,150,100,0.0
266,5,10,150,100,0.0
267,5,10,150,100,0.17168372277322866
268,5,10,150,100,0.09950548580207201
269,5,10,150,100,0.07200022387224603
270,5,10,150,100,0.07655568961465661
271,5,10,150,100,0.13010624216828925
272,5,10,150,100,0.1702293778633033
273,5,10,150,100,0.0
274,5,10,150,100,0.0
275,5,10,150,100,0.0
276,5,10,150,100,0.15875999922826586
277,5,10,150,100,0.0
278,5,10,150,100,0.1631512196835108
279,5,10,150,100,0.18625181821647357
280,5,10,150,100,0.20222165535157688
281,5,10,150,100,0.0
282,5,10,150,100,0.0
283,5,10,150,100,0.07028063830038406
284,5,10,150,100,0.0
285,5,10,150,100,0.0
286,5,10,150,100,0.12006378234223566
287,5,10,150,100,0.0
288,5,10,150,100,0.0859574327152926
289,5,10,150,100,0.16903020543979225
290,5,10,150,100,0.07834851647149511
291,5,10,150,100,0.07828167840727236
292,5,10,150,100,0.0761512981816583
293,5,10,150,100,0.18884218707725223
294,5,10,150,100,0.0239003177617487
295,5,10,150,100,0.2603201838311303
296,5,10,150,100,0.23769372116405846
297,5,10,150,100,0.0
298,5,10,150,100,0.16915623549474385
299,5,10,150,100,0.06267766175812858
300,5,10,150,100,0.0
301,5,10,150,100,0.06460801587741544
302,5,10,150,100,0.09224219235917257
303,5,10,150,100,0.08773996172943178
304,5,10,150,100,0.0
305,5,10,150,100,0.11349000778741654
306,5,10,150,100,0.0
307,5,10,150,100,0.10778915452451093
308,5,10,150,100,0.13490077762666258
310,5,10,150,100,0.0
311,5,10,150,100,0.13301422444853
312,5,10,150,100,0.1819616199123543
313,5,10,150,100,0.11270402374049442
314,5,10,150,100,0.16600564593053876
315,5,10,150,100,0.037110354711564805
316,5,10,150,100,0.0
317,5,10,150,100,0.0
318,5,10,150,100,0.1642688369468948
319,5,10,150,100,0.0
320,5,10,150,100,0.13927874459665815
321,5,10,150,100,0.0
322,5,10,150,100,0.0
323,5,10,150,100,0.1610425878239398
324,5,10,150,100,0.0
325,5,10,150,100,0.09092803061897883
326,5,10,150,100,0.027288805847552652
327,5,10,150,100,0.04235968262477492
328,5,10,150,100,0.09206364236149692
329,5,10,150,100,0.0
330,5,10,150,100,0.20899895963809426
331,5,10,150,100,0.0
332,5,10,150,100,0.09320485889859448
334,5,10,150,100,0.10041756338336405
335,5,10,150,100,0.16155546744299637
336,5,10,150,100,0.0780824078938463
337,5,10,150,100,0.0
338,5,10,150,100,0.18039889772993523
339,5,10,150,100,0.22956271420203478
340,5,10,150,100,0.12424880528285201
341,5,10,150,100,0.0
342,5,10,150,100,0.42268456165058327
343,5,10,150,100,0.11360727106764587
344,5,10,150,100,0.1202034973803211
345,5,10,150,100,0.18015355216717013
346,5,10,150,100,0.04366879852493834
347,5,10,150,100,0.24434072388563882
348,5,10,150,100,0.0
349,5,10,150,100,0.0
350,5,10,150,100,0.058087171966128066
351,5,10,150,100,0.07977344912567227
352,5,10,150,100,0.1903601622684853
353,5,10,150,100,0.14434031438272124
354,5,10,150,100,0.06335619058732639
355,5,10,150,100,0.0
356,5,10,150,100,0.0
357,5,10,150,100,0.0
358,5,10,150,100,0.06364028872631156
359,5,10,150,100,0.3010299956639812
360,5,10,150,100,0.12982031659526816
361,5,10,150,100,0.09478836436955078
362,5,10,150,100,0.054793185501041654
363,5,10,150,100,0.24101654828754165
364,5,10,150,100,0.0
365,5,10,150,100,0.0
366,5,10,150,100,0.0
367,5,10,150,100,0.06369098129632131
368,5,10,150,100,0.0
369,5,10,150,100,0.0
370,5,10,150,100,0.0
371,5,10,150,100,0.19950301641376814
372,5,10,150,100,0.15130120674940672
373,5,10,150,100,0.22842722979011518
374,5,10,150,100,0.09083869370810833
375,5,10,150,100,0.0
376,5,10,150,100,0.0
377,5,10,150,100,0.0
378,5,10,150,100,0.13635638482251203
379,5,10,150,100,0.08433239722469389
380,5,10,150,100,0.0
381,5,10,150,100,0.06358281521185577
382,5,10,150,100,0.1390935487579673
383,5,10,150,100,0.18543645219162883
384,5,10,150,100,0.0
385,5,10,150,100,0.0
386,5,10,150,100,0.0
387,5,10,150,100,0.08586571489348302
388,5,10,150,100,0.10905746606004323
389,5,10,150,100,0.09284203700798714
390,5,10,150,100,0.0
391,5,10,150,100,0.11245246430543061
392,5,10,150,100,0.24923073877155918
393,5,10,150,100,0.18286167708612477
394,5,10,150,100,0.18425976175120107
395,5,10,150,100,0.033500244056960914
396,5,10,150,100,0.0
397,5,10,150,100,0.17712677699336496
398,5,10,150,100,0.28368572779044043
399,5,10,150,100,0.026175882249243814
400,5,10,150,100,0.0
401,5,10,150,100,0.02839245759615368
402,5,10,150,100,0.0
403,5,10,150,100,0.29144319925450707
404,5,10,150,100,0.0
405,5,10,150,100,0.06437922853441826
406,5,10,150,100,0.07610657727852362
407,5,10,150,100,0.15841959370440636
408,5,10,150,100,0.09983719697789138
409,5,10,150,100,0.05800611307095368
410,5,10,150,100,0.0
411,5,10,150,100,0.17342765698823945
412,5,10,150,100,0.0
413,5,10,150,100,0.0
414,5,10,150,100,0.21398626473452756
415,5,10,150,100,0.0
416,5,10,150,100,0.1691178381508892
417,5,10,150,100,0.11088189053445036
419,5,10,150,100,0.39968436238468874
420,5,10,150,100,0.15209749107189288
421,5,10,150,100,0.08151710573508678
422,5,10,150,100,0.0
423,5,10,150,100,0.13523051443907988
424,5,10,150,100,0.1545659390636425
425,5,10,150,100,0.2840898071472465
426,5,10,150,100,0.13571943816109763
427,5,10,150,100,0.12615224917140136
428,5,10,150,100,0.03967704129387874
429,5,10,150,100,0.17273950647125505
430,5,10,150,100,0.1261446714466394
431,5,10,150,100,0.0
432,5,10,150,100,0.049369952841505485
433,5,10,150,100,0.0
434,5,10,150,100,0.3903800499921017
435,5,10,150,100,0.11347000084585261
436,5,10,150,100,0.12973311796205417
437,5,10,150,100,0.22972973128433707
438,5,10,150,100,0.0
439,5,10,150,100,0.0
440,5,10,150,100,0.06175696970122604
441,5,10,150,100,0.0
442,5,10,150,100,0.06725043118123936
443,5,10,150,100,0.0
445,5,10,150,100,0.0
446,5,10,150,100,0.0
447,5,10,150,100,0.2726897692124621
448,5,10,150,100,0.0
449,5,10,150,100,0.10752903580740367
450,5,10,150,100,0.22640083277136241
451,5,10,150,100,0.0
452,5,10,150,100,0.1353061563511876
453,5,10,150,100,0.029956785715628154
454,5,10,150,100,0.11567097083370319
455,5,10,150,100,0.10936717758288772
456,5,10,150,100,0.09613827998474739
457,5,10,150,100,0.31072277459542313
458,5,10,150,100,0.04507276838148142
459,5,10,150,100,0.0
460,5,10,150,100,0.0
461,5,10,150,100,0.0
462,5,10,150,100,0.0
463,5,10,150,100,0.026903388345470878
464,5,10,150,100,0.08464952481666788
465,5,10,150,100,0.035016337639871845
466,5,10,150,100,0.03947525607388688
467,5,10,150,100,0.1436337620239326
468,5,10,150,100,0.27023868832296544
469,5,10,150,100,0.057417722536754784
470,5,10,150,100,0.0
471,5,10,150,100,0.0
472,5,10,150,100,0.1966215799883102
473,5,10,150,100,0.08754031530847717
474,5,10,150,100,0.34897204770080337
475,5,10,150,100,0.06516188295518531
476,5,10,150,100,0.0
477,5,10,150,100,0.055100238151135045
478,5,10,150,100,0.23782833255689273
479,5,10,150,100,0.07834096783470737
480,5,10,150,100,0.21398626473452756
481,5,10,150,100,0.13863671367752411
482,5,10,150,100,0.0
483,5,10,150,100,0.06912040963822193
484,5,10,150,100,0.09353062527112192
485,5,10,150,100,0.0
486,5,10,150,100,0.13022490404909193
487,5,10,150,100,0.2215000938796789
488,5,10,150,100,0.0
489,5,10,150,100,0.10477386386587244
490,5,10,150,100,0.0
491,5,10,150,100,0.19092086617893467
492,5,10,150,100,0.12471554514794539
493,5,10,150,100,0.06270991162683781
494,5,10,150,100,0.1096312620712655
495,5,10,150,100,0.15115187072926595
496,5,10,150,100,0.05459112561892713
497,5,10,150,100,0.1185459147337956
498,5,10,150,100,0.03855307727568851
499,5,10,150,100,0.1912282106369008
500,5,10,150,100,0.05011951520627559
501,5,10,150,100,0.0
502,5,10,150,100,0.06364028872631156
503,5,10,150,100,0.27534073433896133
504,5,10,150,100,0.0
505,5,10,150,100,0.0
506,5,10,150,100,0.13939295695713902
507,5,10,150,100,0.03371865946438579
508,5,10,150,100,0.0
509,5,10,150,100,0.06474271459046577
510,5,10,150,100,0.0
511,5,10,150,100,0.0
512,5,10,150,100,0.18316925091363362
513,5,10,150,100,0.0461651444771445
514,5,10,150,100,0.10595566933616397
515,5,10,150,100,0.0
516,5,10,150,100,0.13768197790533618
517,5,10,150,100,0.042259191411409554
518,5,10,150,100,0.0
519,5,10,150,100,0.10980194963145926
520,5,10,150,100,0.0
521,5,10,150,100,0.03412195388531748
522,5,10,150,100,0.0
523,5,10,150,100,0.12396031569176709
524,5,10,150,100,0.10258209047527363
525,5,10,150,100,0.0
526,5,10,150,100,0.17292389918997986
527,5,10,150,100,0.14943863047793596
528,5,10,150,100,0.14110144150616766
529,5,10,150,100,0.10471139591065548
530,5,10,150,100,0.0
531,5,10,150,100,0.0
532,5,10,150,100,0.0753129378990445
533,5,10,150,100,0.140097006072795
534,5,10,150,100,0.07450923581469894
535,5,10,150,100,0.2871959083713276
536,5,10,150,100,0.27314750625223144
537,5,10,150,100,0.41529278228020994
538,5,10,150,100,0.0
539,5,10,150,100,0.1560067947598593
540,5,10,150,100,0.027519708785797934
541,5,10,150,100,0.1630698087619573
542,5,10,150,100,0.2251436937097755
543,5,10,150,100,0.10214293143598126
544,5,10,150,100,0.07631352592005593
545,5,10,150,100,0.052962244777770985
546,5,10,150,100,0.15314106296495628
547,5,10,150,100,0.0
548,5,10,150,100,0.1281293501557747
549,5,10,150,100,0.0
550,5,10,150,100,0.13436217909546777
551,5,10,150,100,0.3691887827792438
552,5,10,150,100,0.0
553,5,10,150,100,0.2558682193404399
554,5,10,150,100,0.16600564593053876
555,5,10,150,100,0.0
556,5,10,150,100,0.15950832945941923
557,5,10,150,100,0.053894577262255466
558,5,10,150,100,0.05718685316335169
559,5,10,150,100,0.0734773909038217
560,5,10,150,100,0.2611842705687123
561,5,10,150,100,0.10592276296337293
562,5,10,150,100,0.06240346968106183
563,5,10,150,100,0.0
564,5,10,150,100,0.0
565,5,10,150,100,0.18568675205192314
566,5,10,150,100,0.13665387068436016
567,5,10,150,100,0.18728051875048343
568,5,10,150,100,0.057107346298225524
569,5,10,150,100,0.0336639187988199
570,5,10,150,100,0.0
571,5,10,150,100,0.0
572,5,10,150,100,0.058995070558427745
573,5,10,150,100,0.035908240113829995
574,5,10,150,100,0.07616204594440379
575,5,10,150,100,0.056316753775798256
576,5,10,150,100,0.17342765698823945
577,5,10,150,100,0.22186862389759224
578,5,10,150,100,0.09818998961169394
579,5,10,150,100,0.0
580,5,10,150,100,0.21661076434387644
581,5,10,150,100,0.09212004957367755
582,5,10,150,100,0.028361369701356044
583,5,10,150,100,0.12643592119352937
584,5,10,150,100,0.0
585,5,10,150,100,0.06320275563713697
586,5,10,150,100,0.09195192495929504
587,5,10,150,100,0.0
588,5,10,150,100,0.2234644529330562
589,5,10,150,100,0.09751522916349128
590,5,10,150,100,0.18511573258657482
591,5,10,150,100,0.18151519988771836
592,5,10,150,100,0.24539657481359
593,5,10,150,100,0.1847125373189141
594,5,10,150,100,0.1223038210124658
595,5,10,150,100,0.0
596,5,10,150,100,0.0
597,5,10,150,100,0.0
598,5,10,150,100,0.11752277470724268
599,5,10,150,100,0.197296613674386
600,5,10,150,100,0.0
601,5,10,150,100,0.026557570376145638
602,5,10,150,100,0.0
603,5,10,150,100,0.06194403202282284
604,5,10,150,100,0.0
605,5,10,150,100,0.10589838376326657
606,5,10,150,100,0.2261814559931926
607,5,10,150,100,0.0
608,5,10,150,100,0.14688428242884272
609,5,10,150,100,0.11838279295536291
610,5,10,150,100,0.05781186855394371
611,5,10,150,100,0.06967022707002284
612,5,10,150,100,0.0
613,5,10,150,100,0.2513035301880791
614,5,10,150,100,0.13886244387355454
615,5,10,150,100,0.11946829980585116
616,5,10,150,100,0.09781579202094404
617,5,10,150,100,0.07286192498233149
618,5,10,150,100,0.16256797914565382
619,5,10,150,100,0.17622915213253285
620,5,10,150,100,0.1451323880538222
621,5,10,150,100,0.13589759152345549
622,5,10,150,100,0.10022910267662996
623,5,10,150,100,0.13369528351530374
624,5,10,150,100,0.019160322430058573
625,5,10,150,100,0.0
626,5,10,150,100,0.04690797720830594
627,5,10,150,100,0.04289205981312439
628,5,10,150,100,0.0
629,5,10,150,100,0.21973291420810612
630,5,10,150,100,0.14894083764088406
631,5,10,150,100,0.09240791929215005
632,5,10,150,100,0.3331495701314084
633,5,10,150,100,0.06965062371918256
634,5,10,150,100,0.023756977677906275
635,5,10,150,100,0.07393190703916604
636,5,10,150,100,0.0
637,5,10,150,100,0.0
638,5,10,150,100,0.15473934503245962
639,5,10,150,100,0.0
640,5,10,150,100,0.08757749316783438
641,5,10,150,100,0.03570665676503816
642,5,10,150,100,0.13207172242143603
643,5,10,150,100,0.15031592367651372
644,5,10,150,100,0.0
645,5,10,150,100,0.1856947245529553
646,5,10,150,100,0.0
647,5,10,150,100,0.03673869545191085
648,5,10,150,100,0.1611007259024438
649,5,10,150,100,0.0
650,5,10,150,100,0.16939694531964977
651,5,10,150,100,0.03443184397772452
652,5,10,150,100,0.0
653,5,10,150,100,0.042464725972586034
654,5,10,150,100,0.17020900230175445
655,5,10,150,100,0.2509009988428673
656,5,10,150,100,0.0
657,5,10,150,100,0.053845569940583225
658,5,10,150,100,0.0
659,5,10,150,100,0.07075240780563574
660,5,10,150,100,0.055410577886609
661,5,10,150,100,0.12705991527984942
662,5,10,150,100,0.0
663,5,10,150,100,0.09211594531187607
664,5,10,150,100,0.05391021349625259
665,5,10,150,100,0.0
666,5,10,150,100,0.07860744541237058
667,5,10,150,100,0.2676806947950803
668,5,10,150,100,0.0
669,5,10,150,100,0.2672968266839232
670,5,10,150,100,0.23442530823344007
671,5,10,150,100,0.17434206503696043
672,5,10,150,100,0.0
673,5,10,150,100,0.0
674,5,10,150,100,0.0
675,5,10,150,100,0.05010834716923557
676,5,10,150,100,0.08008509239634608
677,5,10,150,100,0.03927489746221688
678,5,10,150,100,0.0
679,5,10,150,100,0.26970586372388394
680,5,10,150,100,0.2073612289146658
681,5,10,150,100,0.0
682,5,10,150,100,0.14672405840682906
683,5,10,150,100,0.06289349548893712
684,5,10,150,100,0.0
685,5,10,150,100,0.0
686,5,10,150,100,0.11524934452025383
687,5,10,150,100,0.0
688,5,10,150,100,0.0
689,5,10,150,100,0.32436268379537736
690,5,10,150,100,0.0
691,5,10,150,100,0.0
692,5,10,150,100,0.0
693,5,10,150,100,0.03042314513165654
694,5,10,150,100,0.20269611984358588
695,5,10,150,100,0.0607039656753694
696,5,10,150,100,0.12935879342602336
697,5,10,150,100,0.06378035696304758
698,5,10,150,100,0.09499131598480672
699,5,10,150,100,0.03139866635141006
700,5,10,150,100,0.16958010263680806
701,5,10,150,100,0.04129602134854855
702,5,10,150,100,0.0
703,5,10,150,100,0.03870447337439288
704,5,10,150,100,0.09986079379105446
705,5,10,150,100,0.20609334068785645
706,5,10,150,100,0.0
707,5,10,150,100,0.11204043240783193
708,5,10,150,100,0.0943325796571581
709,5,10,150,100,0.11778692963665513
710,5,10,150,100,0.05710411178654767
711,5,10,150,100,0.15552566999725762
712,5,10,150,100,0.12435918123916344
713,5,10,150,100,0.0
714,5,10,150,100,0.04195229264874745
715,5,10,150,100,0.07261309108674657
716,5,10,150,100,0.17685950388962876
717,5,10,150,100,0.18940567332300148
718,5,10,150,100,0.14061157344379913
719,5,10,150,100,0.1811528335938261
720,5,10,150,100,0.05261577455142312
721,5,10,150,100,0.185399636990879
722,5,10,150,100,0.0
723,5,10,150,100,0.0
724,5,10,150,100,0.0
725,5,10,150,100,0.05750402108673013
726,5,10,150,100,0.2529427027676571
727,5,10,150,100,0.07744455145333913
728,5,10,150,100,0.0
729,5,10,150,100,0.0
730,5,10,150,100,0.0
731,5,10,150,100,0.10343510349900437
732,5,10,150,100,0.0
733,5,10,150,100,0.0
734,5,10,150,100,0.0655813061736612
735,5,10,150,100,0.0
736,5,10,150,100,0.0
737,5,10,150,100,0.16282663249631943
738,5,10,150,100,0.2632431729022225
739,5,10,150,100,0.0
740,5,10,150,100,0.0
741,5,10,150,100,0.10965210684801945
742,5,10,150,100,0.04553761034739079
743,5,10,150,100,0.0814476682319001
744,5,10,150,100,0.08878770367712427
745,5,10,150,100,0.3682049230943936
746,5,10,150,100,0.11450296808588954
747,5,10,150,100,0.32330014477534436
748,5,10,150,100,0.2388856508808849
749,5,10,150,100,0.1176992777061504
750,5,10,150,100,0.07219614103266732
751,5,10,150,100,0.10926529688037187
752,5,10,150,100,0.020210299806331135
753,5,10,150,100,0.15406810205846871
754,5,10,150,100,0.0
755,5,10,150,100,0.067228724047084
756,5,10,150,100,0.12944030246708935
757,5,10,150,100,0.10328462161510674
758,5,10,150,100,0.2268262371289976
759,5,10,150,100,0.038281751104512325
760,5,10,150,100,0.14160135441219726
761,5,10,150,100,0.03339755935325358
762,5,10,150,100,0.11568388634051256
763,5,10,150,100,0.20859185628046678
764,5,10,150,100,0.08207588022692468
765,5,10,150,100,0.0
766,5,10,150,100,0.050541549839211865
767,5,10,150,100,0.2073612289146658
768,5,10,150,100,0.09605101354696702
769,5,10,150,100,0.0
770,5,10,150,100,0.04692206785373726
771,5,10,150,100,0.23417990943974326
772,5,10,150,100,0.03353522641880846
773,5,10,150,100,0.08236155615232364
774,5,10,150,100,0.03551622697259125
775,5,10,150,100,0.0437324968781469
776,5,10,150,100,0.12155614423940549
777,5,10,150,100,0.14445412169961394
778,5,10,150,100,0.024850109207689472
779,5,10,150,100,0.05878132199396477
780,5,10,150,100,0.15888674244174908
781,5,10,150,100,0.24553555323333592
782,5,10,150,100,0.018541156496962186
783,5,10,150,100,0.042447135269629226
784,5,10,150,100,0.0
785,5,10,150,100,0.07685905888147043
786,5,10,150,100,0.13370327844286975
787,5,10,150,100,0.0683037314796457
788,5,10,150,100,0.1527302039456762
789,5,10,150,100,0.059109628562248356
790,5,10,150,100,0.07251300395282256
791,5,10,150,100,0.0
792,5,10,150,100,0.0
793,5,10,150,100,0.05645048231123464
794,5,10,150,100,0.24530465636459906
795,5,10,150,100,0.09354596657002175
796,5,10,150,100,0.29746811420960634
797,5,10,150,100,0.09030583455080088
798,5,10,150,100,0.097915130627047
799,5,10,150,100,0.0
800,5,10,150,100,0.0
801,5,10,150,100,0.057790096215421506
802,5,10,150,100,0.030863419558816
803,5,10,150,100,0.0
804,5,10,150,100,0.12487564530903622
805,5,10,150,100,0.09463228654668193
806,5,10,150,100,0.13891238635540284
807,5,10,150,100,0.19510906471881448
808,5,10,150,100,0.07651544975451595
809,5,10,150,100,0.07484323939884738
810,5,10,150,100,0.0
811,5,10,150,100,0.05062543788674174
812,5,10,150,100,0.0
813,5,10,150,100,0.17367331957930765
814,5,10,150,100,0.16688225797344017
815,5,10,150,100,0.24565985886458913
816,5,10,150,100,0.08005612702969578
817,5,10,150,100,0.0
818,5,10,150,100,0.0
819,5,10,150,100,0.15575997463127336
820,5,10,150,100,0.041641441310299704
821,5,10,150,100,0.19220292042320755
822,5,10,150,100,0.03902876023380719
823,5,10,150,100,0.2982209602555571
824,5,10,150,100,0.0
825,5,10,150,100,0.15040579701752874
826,5,10,150,100,0.12127728358945425
827,5,10,150,100,0.0
828,5,10,150,100,0.09895575101787493
829,5,10,150,100,0.1633399391391799
830,5,10,150,100,0.11558676478688033
831,5,10,150,100,0.26120148292314205
832,5,10,150,100,0.041355644490859725
833,5,10,150,100,0.12070700125559645
834,5,10,150,100,0.09452471710599904
835,5,10,150,100,0.1735083622023649
836,5,10,150,100,0.10882945376944808
837,5,10,150,100,0.04343487513280368
838,5,10,150,100,0.14570435926304814
839,5,10,150,100,0.05646784228340616
840,5,10,150,100,0.27214285597818744
841,5,10,150,100,0.0
842,5,10,150,100,0.03314153504336938
843,5,10,150,100,0.08071252763800758
844,5,10,150,100,0.14767302746812566
845,5,10,150,100,0.0
846,5,10,150,100,0.320901117947179
847,5,10,150,100,0.029214939727003304
848,5,10,150,100,0.1861998464079303
849,5,10,150,100,0.1917146328376363
850,5,10,150,100,0.24846647105083042
851,5,10,150,100,0.2233210667806297
852,5,10,150,100,0.0
853,5,10,150,100,0.0
854,5,10,150,100,0.1646597255156662
855,5,10,150,100,0.0
856,5,10,150,100,0.0628634487195275
857,5,10,150,100,0.0
858,5,10,150,100,0.0
859,5,10,150,100,0.0
860,5,10,150,100,0.13907099198447892
861,5,10,150,100,0.12001290632387755
862,5,10,150,100,0.3077630499252903
863,5,10,150,100,0.16848699947118498
864,5,10,150,100,0.2289265414876089
865,5,10,150,100,0.030825292165839853
866,5,10,150,100,0.2482726129454347
867,5,10,150,100,0.39469748886845896
868,5,10,150,100,0.12860570272422184
869,5,10,150,100,0.20182122191904256
870,5,10,150,100,0.12493211954249829
871,5,10,150,100,0.23335170418377482
872,5,10,150,100,0.05650521906423933
873,5,10,150,100,0.0
874,5,10,150,100,0.06575393297476358
875,5,10,150,100,0.2740833224629798
876,5,10,150,100,0.0
877,5,10,150,100,0.03487978243545732
878,5,10,150,100,0.048005054499156014
879,5,10,150,100,0.07180913162424091
880,5,10,150,100,0.2635609841054222
881,5,10,150,100,0.23184609434530815
882,5,10,150,100,0.37308349280751624
883,5,10,150,100,0.32471473904352505
884,5,10,150,100,0.028767091820622218
885,5,10,150,100,0.10709607345972089
886,5,10,150,100,0.19026697709231488
887,5,10,150,100,0.20016468968493545
888,5,10,150,100,0.0
889,5,10,150,100,0.18191823196518186
890,5,10,150,100,0.38863636258570716
891,5,10,150,100,0.09013275514532934
892,5,10,150,100,0.3789139653657582
893,5,10,150,100,0.06655191453229989
894,5,10,150,100,0.15886895192768455
895,5,10,150,100,0.0
896,5,10,150,100,0.2858532375966275
897,5,10,150,100,0.2125019878776795
898,5,10,150,100,0.02204583040735582
899,5,10,150,100,0.1528183102111697
900,5,10,150,100,0.11423413779055742
901,5,10,150,100,0.25317004059729414
902,5,10,150,100,0.025255271126572616
903,5,10,150,100,0.30520151924536415
904,5,10,150,100,0.016034870336568776
905,5,10,150,100,0.1476843235467141
906,5,10,150,100,0.06212701143918119
907,5,10,150,100,0.20084448919043774
908,5,10,150,100,0.20640898076180436
909,5,10,150,100,0.0
910,5,10,150,100,0.14111581018360284
911,5,10,150,100,0.08317288751647071
912,5,10,150,100,0.19029170705040452
913,5,10,150,100,0.19374110767191058
914,5,10,150,100,0.0
915,5,10,150,100,0.16744730537056995
916,5,10,150,100,0.1699357173559677
917,5,10,150,100,0.019845431127916993
918,5,10,150,100,0.035648456755093136
919,5,10,150,100,0.10958703317708217
920,5,10,150,100,0.26814570941777965
921,5,10,150,100,0.02477447378142753
922,5,10,150,100,0.1169032834855481
923,5,10,150,100,0.0915484159988582
924,5,10,150,100,0.1306223466470971
925,5,10,150,100,0.08576373115156254
926,5,10,150,100,0.18690891198435525
927,5,10,150,100,0.15271204674326302
928,5,10,150,100,0.24490887838689046
929,5,10,150,100,0.11107244313646446
930,5,10,150,100,0.13909680376172495
931,5,10,150,100,0.08816720306548922
932,5,10,150,100,0.31999719259721443
933,5,10,150,100,0.08318907046012869
934,5,10,150,100,0.2341956175273535
935,5,10,150,100,0.043888403129016776
936,5,10,150,100,0.08595467077054217
937,5,10,150,100,0.09560624946230661
938,5,10,150,100,0.08978812887364458
939,5,10,150,100,0.05231692143384187
940,5,10,150,100,0.09469359068019315
941,5,10,150,100,0.2546814962889047
942,5,10,150,100,0.24046343778488902
943,5,10,150,100,0.13055681194088206
